Position,Value
0,0
1,0
2,29
3,0
4,0
5,0
6,0
7,0
8,0
9,0
10,0
11,0
12,0
13,0
14,24
15,0
16,0
17,24
18,0
19,0
20,26
21,34
22,29
23,0
24,0
25,0
26,0
27,0
28,0
29,31
30,0
31,0
32,0
33,0
34,47
35,0
36,0
37,0
38,0
39,0
40,0
41,21
42,0
43,21
44,41
45,0
46,0
47,0
48,0
49,0
50,0
51,21
52,38
53,0
54,0
55,0
56,0
57,0
58,0
59,28
60,0
61,0
62,0
63,0
64,0
65,0
66,0
67,35
68,0
69,0
70,0
71,0
72,35
73,0
74,0
75,29
76,0
77,0
78,0
79,0
80,0
81,0
82,0
83,44
84,0
85,0
86,0
87,0
88,0
89,0
90,0
91,0
92,0
93,0
94,0
95,0
96,0
97,53
98,0
99,0
100,0
101,0
102,0
103,0
104,0
105,43
106,0
107,0
108,0
109,0
110,0
111,0
112,24
113,0
114,0
115,0
116,0
117,45
118,0
119,0
120,0
121,0
122,0
123,0
124,0
125,0
126,0
127,0
128,47
129,0
130,0
131,0
132,23
133,0
134,0
135,0
136,0
137,0
138,0
139,0
140,0
141,0
142,0
143,0
144,0
145,0
146,0
147,0
148,0
149,0
150,0
151,33
152,0
153,0
154,0
155,0
156,0
157,0
158,0
159,0
160,0
161,0
162,0
163,26
164,0
165,0
166,0
167,0
168,39
169,0
170,0
171,0
172,25
173,0
174,0
175,0
176,0
177,0
178,0
179,0
180,0
181,0
182,0
183,0
184,0
185,0
186,0
187,34
188,48
189,38
190,40
191,0
192,0
193,35
194,0
195,0
196,0
197,31
198,0
199,0
200,0
201,0
202,0
203,0
204,0
205,0
206,22
207,0
208,0
209,0
210,0
211,0
212,0
213,32
214,0
215,0
216,0
217,0
218,0
219,0
220,22
221,31
222,0
223,0
224,0
225,0
226,0
227,0
228,0
229,0
230,0
231,0
232,0
233,0
234,0
235,0
236,0
237,28
238,0
239,0
240,0
241,0
242,0
243,0
244,0
245,0
246,0
247,16
248,0
249,31
250,0
251,0
252,0
253,0
254,0
255,0
256,28
257,0
258,0
259,0
260,0
261,0
262,0
263,0
264,0
265,0
266,29
267,0
268,38
269,0
270,0
271,0
272,0
273,0
274,0
275,0
276,0
277,0
278,0
279,0
280,0
281,0
282,0
283,0
284,0
285,0
286,0
287,0
288,0
289,0
290,0
291,33
292,19
293,0
294,0
295,0
296,0
297,0
298,0
299,0
300,0
301,0
302,0
303,0
304,0
305,0
306,19
307,0
308,24
309,0
310,27
311,0
312,0
313,53
314,0
315,38
316,0
317,0
318,0
319,41
320,0
321,0
322,0
323,0
324,0
325,0
326,0
327,0
328,0
329,0
330,0
331,21
332,0
333,0
334,0
335,0
336,29
337,27
338,0
339,0
340,30
341,43
342,39
343,0
344,0
345,26
346,0
347,0
348,0
349,26
350,0
351,0
352,0
353,0
354,0
355,0
356,0
357,0
358,0
359,0
360,0
361,0
362,0
363,35
364,0
365,39
366,17
367,0
368,0
369,0
370,0
371,28
372,29
373,0
374,0
375,0
376,31
377,0
378,0
379,0
380,0
381,0
382,0
383,0
384,0
385,0
386,0
387,0
388,0
389,0
390,0
391,0
392,0
393,0
394,0
395,29
396,0
397,0
398,32
399,0
400,0
401,0
402,0
403,0
404,0
405,0
406,0
407,0
408,24
409,0
410,0
411,0
412,0
413,30
414,0
415,0
416,0
417,27
418,22
419,0
420,0
421,0
422,0
423,0
424,0
425,0
426,0
427,0
428,19
429,24
430,0
431,0
432,0
433,0
434,0
435,0
436,0
437,0
438,0
439,30
440,23
441,0
442,0
443,0
444,13
445,0
446,0
447,36
448,0
449,0
450,0
451,0
452,0
453,0
454,47
455,0
456,35
457,0
458,0
459,40
460,0
461,0
462,0
463,0
464,0
465,0
466,0
467,31
468,0
469,0
470,0
471,0
472,30
473,0
474,33
475,0
476,52
477,0
478,20
479,0
480,24
481,0
482,0
483,0
484,0
485,26
486,0
487,0
488,0
489,0
490,0
491,41
492,38
493,0
494,0
495,0
496,0
497,0
498,0
499,0
500,0
501,0
502,0
503,0
504,0
505,0
506,0
507,25
508,0
509,0
510,0
511,0
512,0
513,0
514,0
515,0
516,0
517,0
518,0
519,0
520,0
521,19
522,0
523,28
524,0
525,0
526,0
527,0
528,35
529,0
530,0
531,0
532,0
533,27
534,0
535,26
536,0
537,17
538,0
539,0
540,0
541,0
542,0
543,0
544,0
545,0
546,0
547,0
548,0
549,33
550,0
551,0
552,23
553,0
554,0
555,0
556,0
557,29
558,0
559,0
560,0
561,0
562,27
563,0
564,0
565,31
566,0
567,0
568,0
569,34
570,0
571,0
572,0
573,0
574,0
575,0
576,39
577,0
578,30
579,0
580,0
581,0
582,0
583,29
584,0
585,0
586,0
587,0
588,30
589,0
590,0
591,0
592,0
593,0
594,0
595,0
596,0
597,0
598,0
599,0
600,0
601,0
602,0
603,0
604,16
605,0
606,0
607,0
608,0
609,34
610,0
611,0
612,0
613,0
614,0
615,0
616,0
617,0
618,0
619,0
620,0
621,0
622,0
623,0
624,0
625,0
626,0
627,0
628,0
629,0
630,0
631,0
632,0
633,38
634,0
635,21
636,0
637,0
638,0
639,0
640,0
641,0
642,32
643,0
644,0
645,0
646,0
647,0
648,0
649,0
650,0
651,0
652,0
653,0
654,0
655,0
656,0
657,0
658,43
659,0
660,0
661,34
662,0
663,0
664,0
665,0
666,0
667,0
668,0
669,0
670,0
671,0
672,0
673,0
674,0
675,0
676,0
677,38
678,41
679,41
680,38
681,0
682,0
683,0
684,0
685,0
686,0
687,24
688,0
689,0
690,0
691,0
692,0
693,0
694,0
695,26
696,24
697,0
698,0
699,0
700,0
701,0
702,0
703,0
704,0
705,0
706,0
707,34
708,0
709,8
710,0
711,12
712,0
713,0
714,0
715,0
716,0
717,0
718,0
719,11
720,0
721,4
722,0
723,0
724,0
725,0
726,0
727,13
728,0
729,0
730,0
731,0
732,0
733,0
734,0
735,13
736,0
737,0
738,0
739,0
740,0
741,0
742,8
743,8
744,0
745,0
746,0
747,0
748,0
749,0
750,0
751,0
752,0
753,0
754,0
755,0
756,0
757,0
758,0
759,4
760,0
761,0
762,0
763,0
764,0
765,0
766,0
767,0
768,0
769,0
770,0
771,0
772,0
773,0
774,0
775,0
776,0
777,0
778,0
779,0
780,0
781,0
782,0
783,0
784,0
785,0
786,0
787,0
788,0
789,0
790,0
791,0
792,24
793,11
794,0
795,22
796,0
797,0
798,0
799,0
800,0
801,0
802,0
803,0
804,16
805,0
806,0
807,11
808,0
809,16
810,0
811,0
812,0
813,24
814,0
815,0
816,0
817,20
818,0
819,19
820,0
821,0
822,0
823,0
824,0
825,0
826,0
827,0
828,16
829,0
830,0
831,0
832,0
833,0
834,10
835,0
836,0
837,0
838,0
839,0
840,14
841,0
842,0
843,0
844,0
845,0
846,0
847,0
848,0
849,0
850,0
851,23
852,0
853,0
854,16
855,0
856,0
857,0
858,0
859,11
860,0
861,19
862,0
863,0
864,0
865,0
866,0
867,0
868,0
869,0
870,0
871,0
872,13
873,0
874,0
875,0
876,0
877,0
878,0
879,0
880,0
881,0
882,26
883,0
884,0
885,0
886,0
887,13
888,3
889,0
890,0
891,13
892,18
893,0
894,0
895,22
896,0
897,0
898,0
899,0
900,23
901,0
902,0
903,0
904,0
905,0
906,28
907,0
908,0
909,0
910,0
911,0
912,0
913,0
914,0
915,0
916,0
917,0
918,0
919,33
920,0
921,0
922,0
923,12
924,0
925,0
926,0
927,0
928,0
929,0
930,0
931,0
932,0
933,0
934,0
935,0
936,0
937,0
938,0
939,0
940,0
941,0
942,0
943,33
944,0
945,0
946,16
947,0
948,0
949,22
950,0
951,0
952,0
953,0
954,0
955,0
956,0
957,0
958,0
959,0
960,0
961,0
962,0
963,0
964,0
965,0
966,0
967,0
968,18
969,18
970,0
971,0
972,0
973,21
974,0
975,0
976,15
977,0
978,0
979,0
980,0
981,0
982,0
983,0
984,0
985,24
986,0
987,0
988,0
989,14
990,0
991,0
992,13
993,0
994,0
995,0
996,16
997,17
998,0
999,0
1000,0
1001,0
1002,0
1003,0
1004,17
1005,0
1006,0
1007,0
1008,0
1009,25
1010,0
1011,0
1012,0
1013,22
1014,0
1015,0
1016,20
1017,0
1018,14
1019,0
1020,0
1021,0
1022,0
1023,0
1024,0
1025,0
1026,0
1027,18
1028,17
1029,0
1030,0
1031,0
1032,25
1033,0
1034,0
1035,0
1036,0
1037,0
1038,0
1039,0
1040,0
1041,0
1042,0
1043,0
1044,0
1045,0
1046,0
1047,0
1048,15
1049,21
1050,0
1051,0
1052,24
1053,0
1054,0
1055,21
1056,0
1057,21
1058,0
1059,20
1060,0
1061,32
1062,0
1063,0
1064,0
1065,0
1066,0
1067,0
1068,0
1069,0
1070,0
1071,0
1072,0
1073,0
1074,0
1075,0
1076,0
1077,0
1078,0
1079,0
1080,0
1081,0
1082,0
1083,0
1084,0
1085,0
1086,0
1087,0
1088,0
1089,0
1090,0
1091,0
1092,0
1093,0
1094,0
1095,0
1096,0
1097,0
1098,18
1099,20
1100,0
1101,17
1102,0
1103,0
1104,0
1105,0
1106,0
1107,0
1108,0
1109,0
1110,0
1111,0
1112,21
1113,0
1114,0
1115,0
1116,0
1117,0
1118,0
1119,0
1120,0
1121,0
1122,0
1123,0
1124,21
1125,14
1126,0
1127,0
1128,0
1129,0
1130,0
1131,0
1132,0
1133,0
1134,0
1135,0
1136,0
1137,0
1138,0
1139,0
1140,0
1141,18
1142,0
1143,0
1144,0
1145,0
1146,20
1147,0
1148,0
1149,0
1150,0
1151,0
1152,21
1153,0
1154,0
1155,17
1156,0
1157,0
1158,0
1159,0
1160,0
1161,0
1162,0
1163,0
1164,23
1165,25
1166,29
1167,0
1168,0
1169,0
1170,0
1171,0
1172,22
1173,0
1174,0
1175,0
1176,0
1177,0
1178,0
1179,0
1180,0
1181,0
1182,0
1183,0
1184,0
1185,0
1186,21
1187,0
1188,0
1189,0
1190,0
1191,0
1192,0
1193,0
1194,0
1195,0
1196,0
1197,0
1198,0
1199,0
1200,18
1201,0
1202,24
1203,0
1204,0
1205,0
1206,0
1207,0
1208,0
1209,0
1210,0
1211,0
1212,0
1213,0
1214,23
1215,0
1216,0
1217,0
1218,0
1219,0
1220,0
1221,0
1222,0
1223,0
1224,0
1225,0
1226,21
1227,0
1228,18
1229,13
1230,0
1231,0
1232,0
1233,0
1234,0
1235,0
1236,0
1237,0
1238,27
1239,0
1240,21
1241,0
1242,0
1243,0
1244,0
1245,0
1246,0
1247,0
1248,0
1249,0
1250,0
1251,0
1252,0
1253,0
1254,0
1255,0
1256,0
1257,24
1258,16
1259,0
1260,0
1261,14
1262,0
1263,18
1264,0
1265,0
1266,0
1267,0
1268,0
1269,18
1270,0
1271,0
1272,0
1273,0
1274,0
1275,0
1276,22
1277,0
1278,0
1279,0
1280,0
1281,0
1282,0
1283,24
1284,0
1285,14
1286,0
1287,0
1288,19
1289,15
1290,0
1291,0
1292,0
1293,0
1294,0
1295,0
1296,25
1297,0
1298,0
1299,0
1300,0
1301,0
1302,0
1303,0
1304,0
1305,0
1306,0
1307,0
1308,0
1309,18
1310,0
1311,0
1312,0
1313,0
1314,0
1315,0
1316,19
1317,0
1318,0
1319,0
1320,18
1321,0
1322,0
1323,16
1324,0
1325,0
1326,0
1327,12
1328,0
1329,0
1330,0
1331,0
1332,0
1333,0
1334,0
1335,0
1336,0
1337,19
1338,0
1339,0
1340,0
1341,0
1342,0
1343,0
1344,0
1345,0
1346,0
1347,16
1348,0
1349,0
1350,16
1351,0
1352,0
1353,19
1354,0
1355,0
1356,0
1357,0
1358,0
1359,0
1360,0
1361,0
1362,0
1363,0
1364,0
1365,0
1366,0
1367,0
1368,0
1369,0
1370,0
1371,0
1372,0
1373,0
1374,0
1375,0
1376,0
1377,0
1378,0
1379,0
1380,0
1381,0
1382,0
1383,0
1384,0
1385,0
1386,0
1387,0
1388,0
1389,0
1390,0
1391,0
1392,18
1393,0
1394,0
1395,0
1396,0
1397,0
1398,0
1399,0
1400,22
1401,0
1402,0
1403,0
1404,0
1405,0
1406,0
1407,0
1408,0
1409,0
1410,0
1411,0
1412,0
1413,0
1414,0
1415,0
1416,0
1417,0
1418,0
1419,0
1420,0
1421,0
1422,0
1423,0
1424,0
1425,0
1426,20
1427,0
1428,0
1429,0
1430,0
1431,0
1432,0
1433,0
1434,0
1435,0
1436,21
1437,19
1438,0
1439,0
1440,0
1441,0
1442,0
1443,25
1444,0
1445,0
1446,23
1447,0
1448,0
1449,0
1450,0
1451,0
1452,0
1453,0
1454,0
1455,0
1456,0
1457,0
1458,0
1459,0
1460,0
1461,0
1462,19
1463,0
1464,0
1465,27
1466,0
1467,15
1468,24
1469,0
1470,0
1471,0
1472,8
1473,0
1474,0
1475,0
1476,0
1477,0
1478,0
1479,0
1480,0
1481,0
1482,0
1483,0
1484,0
1485,0
1486,0
1487,0
1488,0
1489,0
1490,23
1491,0
1492,0
1493,12
1494,0
1495,0
1496,25
1497,0
1498,0
1499,13
1500,0
1501,0
1502,0
1503,0
1504,0
1505,0
1506,9
1507,0
1508,0
1509,0
1510,0
1511,18
1512,0
1513,0
1514,0
1515,0
1516,0
1517,0
1518,0
1519,0
1520,0
1521,0
1522,0
1523,0
1524,0
1525,0
1526,17
1527,0
1528,0
1529,19
1530,0
1531,0
1532,15
1533,0
1534,0
1535,0
1536,0
1537,0
1538,0
1539,0
1540,0
1541,0
1542,0
1543,0
1544,0
1545,0
1546,0
1547,0
1548,0
1549,24
1550,0
1551,0
1552,0
1553,0
1554,25
1555,20
1556,0
1557,0
1558,0
1559,0
1560,0
1561,0
1562,0
1563,0
1564,0
1565,0
1566,22
1567,0
1568,0
1569,0
1570,0
1571,0
1572,0
1573,0
1574,0
1575,0
1576,0
1577,0
1578,0
1579,0
1580,0
1581,0
1582,0
1583,0
1584,0
1585,30
1586,20
1587,0
1588,27
1589,0
1590,0
1591,0
1592,0
1593,0
1594,0
1595,0
1596,0
1597,0
1598,0
1599,0
1600,0
1601,0
1602,0
1603,0
1604,0
1605,0
1606,0
1607,14
1608,0
1609,0
1610,17
1611,0
1612,0
1613,0
1614,0
1615,0
1616,0
1617,15
1618,0
1619,0
1620,0
1621,0
1622,0
1623,26
1624,0
1625,0
1626,0
1627,0
1628,0
1629,0
1630,0
1631,0
1632,0
1633,28
1634,0
1635,0
1636,0
1637,0
1638,17
1639,0
1640,0
1641,0
1642,0
1643,10
1644,0
1645,0
1646,0
1647,0
1648,16
1649,16
1650,0
1651,0
1652,0
1653,0
1654,0
1655,0
1656,0
1657,0
1658,0
1659,26
1660,0
1661,0
1662,0
1663,0
1664,0
1665,0
1666,0
1667,0
1668,1
1669,0
1670,3
1671,2
1672,1
1673,0
1674,0
1675,0
1676,0
1677,0
1678,1
1679,0
1680,0
1681,0
1682,0
1683,3
1684,0
1685,0
1686,0
1687,0
1688,0
1689,1
1690,0
1691,1
1692,0
1693,0
1694,0
1695,1
1696,0
1697,0
1698,0
1699,0
1700,0
1701,1
1702,0
1703,0
1704,2
1705,0
1706,0
1707,0
1708,0
1709,0
1710,0
1711,2
1712,0
1713,0
1714,0
1715,6
1716,0
1717,0
1718,2
1719,0
1720,1
1721,2
1722,0
1723,0
1724,0
1725,0
1726,0
1727,0
1728,0
1729,0
1730,0
1731,0
1732,0
1733,1
1734,0
1735,3
1736,0
1737,0
1738,2
1739,0
1740,3
1741,0
1742,0
1743,0
1744,0
1745,0
1746,0
1747,1
1748,0
1749,0
1750,1
1751,0
1752,3
1753,0
1754,0
1755,2
1756,1
1757,0
1758,0
1759,0
1760,0
1761,0
1762,2
1763,0
1764,0
1765,2
1766,2
1767,0
1768,0
1769,0
1770,0
1771,0
1772,0
1773,5
1774,0
1775,0
1776,0
1777,0
1778,0
1779,0
1780,0
1781,3
1782,0
1783,0
1784,0
1785,0
1786,0
1787,0
1788,0
1789,1
1790,0
1791,2
1792,0
1793,0
1794,0
1795,0
1796,0
1797,0
1798,0
1799,0
1800,0
1801,0
1802,0
1803,0
1804,0
1805,0
1806,0
1807,0
1808,0
1809,0
1810,1
1811,0
1812,0
1813,0
1814,0
1815,0
1816,0
1817,3
1818,0
1819,0
1820,0
1821,0
1822,0
1823,2
1824,0
1825,0
1826,0
1827,3
1828,0
1829,0
1830,0
1831,0
1832,0
1833,1
1834,0
1835,0
1836,0
1837,0
1838,0
1839,0
1840,0
1841,0
1842,1
1843,0
1844,0
1845,0
1846,0
1847,0
1848,0
1849,0
1850,1
1851,3
1852,0
1853,0
1854,1
1855,0
1856,5
1857,1
1858,0
1859,2
1860,0
1861,0
1862,0
1863,0
1864,0
1865,0
1866,0
1867,0
1868,2
1869,0
1870,0
1871,0
1872,0
1873,1
1874,0
1875,0
1876,0
1877,0
1878,0
1879,4
1880,3
1881,0
1882,0
1883,2
1884,0
1885,0
1886,0
1887,0
1888,0
1889,0
1890,0
1891,2
1892,0
1893,0
1894,0
1895,3
1896,3
1897,0
1898,0
1899,0
1900,0
1901,3
1902,0
1903,0
1904,2
1905,0
1906,2
1907,3
1908,0
1909,0
1910,0
1911,0
1912,0
1913,2
1914,0
1915,0
1916,0
1917,0
1918,5
1919,0
1920,0
1921,0
1922,1
1923,0
1924,0
1925,2
1926,0
1927,4
1928,0
1929,0
1930,2
1931,0
1932,0
1933,0
1934,0
1935,2
1936,4
1937,0
1938,0
1939,0
1940,0
1941,0
1942,1
1943,0
1944,0
1945,0
1946,0
1947,0
1948,0
1949,0
1950,0
1951,2
1952,0
1953,0
1954,0
1955,0
1956,3
1957,0
1958,1
1959,0
1960,0
1961,0
1962,0
1963,0
1964,0
1965,0
1966,2
1967,2
1968,0
1969,0
1970,0
1971,0
1972,0
1973,0
1974,0
1975,0
1976,0
1977,0
1978,0
1979,1
1980,0
1981,1
1982,0
1983,2
1984,1
1985,0
1986,0
1987,0
1988,0
1989,0
1990,2
1991,0
1992,0
1993,0
1994,0
1995,1
1996,0
1997,2
1998,0
1999,0
2000,0
2001,0
2002,1
2003,0
2004,0
2005,0
2006,0
2007,0
2008,0
2009,1
2010,0
2011,0
2012,0
2013,0
2014,0
2015,0
2016,0
2017,0
2018,1
2019,0
2020,3
2021,0
2022,0
2023,0
2024,0
2025,0
2026,2
2027,0
2028,1
2029,0
2030,0
2031,0
2032,0
2033,1
2034,1
2035,0
2036,0
2037,0
2038,0
2039,3
2040,2
2041,1
2042,0
2043,0
2044,0
2045,0
2046,0
2047,3
2048,0
2049,0
2050,2
2051,0
2052,0
2053,0
2054,0
2055,1
2056,0
2057,0
2058,0
2059,0
2060,1
2061,0
2062,0
2063,1
2064,0
2065,2
2066,2
2067,0
2068,0
2069,0
2070,0
2071,2
2072,0
2073,0
2074,0
2075,6
2076,2
2077,0
2078,0
2079,0
2080,1
2081,0
2082,0
2083,0
2084,0
2085,0
2086,0
2087,0
2088,0
2089,1
2090,0
2091,0
2092,0
2093,0
2094,0
2095,0
2096,0
2097,0
2098,3
2099,0
2100,0
2101,0
2102,0
2103,0
2104,0
2105,0
2106,0
2107,0
2108,0
2109,0
2110,0
2111,0
2112,0
2113,0
2114,0
2115,0
2116,0
2117,0
2118,0
2119,0
2120,1
2121,6
2122,0
2123,1
2124,0
2125,1
2126,0
2127,0
2128,2
2129,0
2130,0
2131,2
2132,0
2133,0
2134,4
2135,2
2136,0
2137,0
2138,2
2139,0
2140,2
2141,0
2142,0
2143,1
2144,0
2145,0
2146,0
2147,0
2148,2
2149,0
2150,0
2151,0
2152,0
2153,0
2154,0
2155,0
2156,0
2157,0
2158,0
2159,0
2160,0
2161,1
2162,3
2163,0
2164,0
2165,0
2166,0
2167,0
2168,2
2169,0
2170,0
2171,0
2172,0
2173,0
2174,2
2175,0
2176,0
2177,1
2178,0
2179,0
2180,0
2181,0
2182,0
2183,0
2184,0
2185,0
2186,0
2187,0
2188,1
2189,0
2190,0
2191,0
2192,3
2193,0
2194,0
2195,0
2196,0
2197,0
2198,0
2199,0
2200,0
2201,0
2202,0
2203,0
2204,0
2205,0
2206,0
2207,0
2208,0
2209,0
2210,0
2211,0
2212,4
2213,1
2214,0
2215,0
2216,0
2217,1
2218,0
2219,0
2220,0
2221,0
2222,0
2223,0
2224,0
2225,0
2226,0
2227,0
2228,0
2229,4
2230,0
2231,0
2232,4
2233,0
2234,0
2235,0
2236,3
2237,2
2238,0
2239,0
2240,0
2241,0
2242,0
2243,0
2244,0
2245,0
2246,0
2247,0
2248,0
2249,0
2250,0
2251,0
2252,0
2253,0
2254,0
2255,0
2256,0
2257,1
2258,0
2259,0
2260,0
2261,0
2262,0
2263,0
2264,0
2265,0
2266,1
2267,0
2268,0
2269,0
2270,1
2271,0
2272,0
2273,2
2274,0
2275,2
2276,2
2277,3
2278,1
2279,0
2280,0
2281,0
2282,0
2283,0
2284,3
2285,3
2286,0
2287,0
2288,0
2289,0
2290,0
2291,0
2292,0
2293,0
2294,0
2295,0
2296,0
2297,0
2298,0
2299,0
2300,0
2301,0
2302,0
2303,0
2304,0
2305,0
2306,0
2307,0
2308,0
2309,0
2310,0
2311,2
2312,0
2313,0
2314,0
2315,0
2316,0
2317,0
2318,0
2319,0
2320,0
2321,0
2322,1
2323,0
2324,0
2325,0
2326,0
2327,0
2328,1
2329,0
2330,0
2331,0
2332,0
2333,0
2334,0
2335,0
2336,0
2337,1
2338,0
2339,2
2340,0
2341,0
2342,0
2343,0
2344,0
2345,0
2346,0
2347,0
2348,2
2349,0
2350,0
2351,0
2352,0
2353,0
2354,0
2355,0
2356,3
2357,0
2358,2
2359,4
2360,0
2361,0
2362,0
2363,0
2364,0
2365,1
2366,0
2367,0
2368,0
2369,0
2370,2
2371,0
2372,1
2373,0
2374,1
2375,0
2376,0
2377,3
2378,4
2379,0
2380,0
2381,1
2382,0
2383,0
2384,0
2385,0
2386,3
2387,2
2388,0
2389,0
2390,5
2391,0
2392,2
2393,3
2394,0
2395,0
2396,0
2397,0
2398,1
2399,0
2400,0
2401,0
2402,0
2403,3
2404,0
2405,0
2406,0
2407,2
2408,1
2409,0
2410,0
2411,0
2412,0
2413,3
2414,0
2415,0
2416,0
2417,0
2418,0
2419,0
2420,0
2421,1
2422,0
2423,2
2424,0
2425,0
2426,2
2427,0
2428,0
2429,1
2430,0
2431,0
2432,3
2433,1
2434,1
2435,0
2436,1
2437,0
2438,1
2439,0
2440,1
2441,0
2442,0
2443,0
2444,2
2445,0
2446,0
2447,0
2448,0
2449,0
2450,0
2451,4
2452,0
2453,0
2454,0
2455,0
2456,0
2457,0
2458,1
2459,0
2460,0
2461,1
2462,0
2463,0
2464,0
2465,0
2466,0
2467,0
2468,15
2469,0
2470,21
2471,0
2472,0
2473,0
2474,0
2475,0
2476,0
2477,12
2478,0
2479,0
2480,0
2481,0
2482,0
2483,0
2484,11
2485,14
2486,0
2487,0
2488,0
2489,4
2490,6
2491,9
2492,0
2493,13
2494,0
2495,0
2496,0
2497,0
2498,0
2499,0
2500,0
2501,0
2502,0
2503,14
2504,10
2505,0
2506,0
2507,0
2508,0
2509,0
2510,0
2511,11
2512,24
2513,0
2514,13
2515,13
2516,0
2517,7
2518,0
2519,0
2520,0
2521,15
2522,8
2523,0
2524,0
2525,16
2526,0
2527,6
2528,10
2529,0
2530,0
2531,0
2532,0
2533,14
2534,0
2535,0
2536,0
2537,0
2538,8
2539,0
2540,15
2541,9
2542,11
2543,0
2544,0
2545,0
2546,6
2547,0
2548,0
2549,0
2550,15
2551,0
2552,0
2553,0
2554,0
2555,0
2556,0
2557,18
2558,0
2559,0
2560,16
2561,0
2562,0
2563,0
2564,0
2565,0
2566,0
2567,2
2568,0
2569,0
2570,0
2571,0
2572,18
2573,0
2574,0
2575,0
2576,0
2577,0
2578,11
2579,0
2580,0
2581,12
2582,0
2583,0
2584,0
2585,0
2586,10
2587,0
2588,0
2589,0
2590,8
2591,6
2592,0
2593,0
2594,0
2595,0
2596,0
2597,0
2598,0
2599,0
2600,0
2601,0
2602,17
2603,0
2604,11
2605,0
2606,0
2607,11
2608,0
2609,0
2610,5
2611,0
2612,0
2613,0
2614,0
2615,0
2616,8
2617,0
2618,11
2619,0
2620,0
2621,0
2622,0
2623,0
2624,0
2625,12
2626,0
2627,0
2628,0
2629,9
2630,26
2631,5
2632,0
2633,12
2634,16
2635,0
2636,0
2637,11
2638,0
2639,10
2640,0
2641,0
2642,11
2643,0
2644,0
2645,0
2646,0
2647,11
2648,14
2649,0
2650,0
2651,0
2652,9
2653,0
2654,0
2655,0
2656,0
2657,0
2658,13
2659,0
2660,0
2661,0
2662,0
2663,0
2664,0
2665,17
2666,0
2667,0
2668,0
2669,0
2670,0
2671,0
2672,0
2673,0
2674,0
2675,0
2676,0
2677,26
2678,15
2679,14
2680,12
2681,0
2682,0
2683,0
2684,0
2685,0
2686,16
2687,12
2688,0
2689,0
2690,0
2691,12
2692,16
2693,0
2694,25
2695,0
2696,0
2697,0
2698,0
2699,0
2700,0
2701,0
2702,0
2703,0
2704,0
2705,0
2706,0
2707,0
2708,15
2709,4
2710,0
2711,0
2712,0
2713,0
2714,15
2715,0
2716,0
2717,0
2718,0
2719,0
2720,14
2721,15
2722,0
2723,8
2724,0
2725,0
2726,0
2727,0
2728,8
2729,0
2730,0
2731,0
2732,0
2733,0
2734,0
2735,10
2736,15
2737,0
2738,9
2739,0
2740,0
2741,0
2742,0
2743,0
2744,0
2745,0
2746,0
2747,0
2748,0
2749,0
2750,14
2751,0
2752,0
2753,0
2754,0
2755,6
2756,11
2757,0
2758,0
2759,0
2760,9
2761,0
2762,16
2763,0
2764,0
2765,0
2766,18
2767,15
2768,0
2769,0
2770,11
2771,0
2772,0
2773,0
2774,0
2775,13
2776,0
2777,13
2778,0
2779,0
2780,0
2781,0
2782,0
2783,0
2784,0
2785,0
2786,6
2787,12
2788,0
2789,0
2790,0
2791,0
2792,0
2793,0
2794,21
2795,0
2796,0
2797,0
2798,10
2799,0
2800,0
2801,0
2802,0
2803,0
2804,0
2805,0
2806,9
2807,9
2808,9
2809,0
2810,0
2811,0
2812,0
2813,0
2814,0
2815,0
2816,0
2817,0
2818,0
2819,0
2820,0
2821,0
2822,0
2823,0
2824,14
2825,0
2826,0
2827,0
2828,0
2829,16
2830,0
2831,0
2832,0
2833,0
2834,0
2835,0
2836,9
2837,0
2838,20
2839,0
2840,18
2841,0
2842,0
2843,0
2844,0
2845,0
2846,0
2847,3
2848,8
2849,0
2850,0
2851,0
2852,0
2853,0
2854,11
2855,0
2856,8
2857,22
2858,0
2859,0
2860,11
2861,0
2862,13
2863,0
2864,0
2865,0
2866,0
2867,9
2868,28
2869,0
2870,0
2871,12
2872,10
2873,0
2874,19
2875,10
2876,0
2877,4
2878,0
2879,0
2880,0
2881,0
2882,0
2883,8
2884,0
2885,0
2886,0
2887,5
2888,0
2889,0
2890,9
2891,0
2892,0
2893,14
2894,0
2895,0
2896,10
2897,0
2898,0
2899,0
2900,3
2901,7
2902,8
2903,0
2904,3
2905,0
2906,0
2907,0
2908,6
2909,0
2910,0
2911,2
2912,0
2913,0
2914,0
2915,0
2916,4
2917,0
2918,0
2919,0
2920,0
2921,0
2922,0
2923,8
2924,0
2925,0
2926,0
2927,0
2928,0
2929,0
2930,0
2931,0
2932,0
2933,0
2934,0
2935,0
2936,0
2937,0
2938,0
2939,0
2940,0
2941,0
2942,0
2943,5
2944,0
2945,0
2946,0
2947,0
2948,0
2949,0
2950,0
2951,5
2952,7
2953,0
2954,0
2955,0
2956,0
2957,11
2958,0
2959,5
2960,0
2961,0
2962,0
2963,0
2964,0
2965,0
2966,0
2967,0
2968,3
2969,8
2970,0
2971,0
2972,0
2973,0
2974,9
2975,0
2976,0
2977,0
2978,6
2979,0
2980,5
2981,5
2982,5
2983,2
2984,0
2985,0
2986,0
2987,12
2988,0
2989,0
2990,0
2991,3
2992,9
2993,0
2994,11
2995,0
2996,8
2997,0
2998,0
2999,0
3000,0
3001,0
3002,0
3003,7
3004,7
3005,0
3006,0
3007,0
3008,0
3009,0
3010,0
3011,0
3012,0
3013,0
3014,0
3015,0
3016,9
3017,0
3018,6
3019,0
3020,0
3021,0
3022,0
3023,10
3024,3
3025,0
3026,0
3027,0
3028,0
3029,9
3030,0
3031,0
3032,5
3033,4
3034,0
3035,0
3036,0
3037,0
3038,7
3039,0
3040,0
3041,0
3042,8
3043,12
3044,0
3045,0
3046,0
3047,3
3048,0
3049,0
3050,8
3051,0
3052,0
3053,0
3054,0
3055,0
3056,6
3057,0
3058,0
3059,0
3060,0
3061,0
3062,0
3063,0
3064,0
3065,7
3066,0
3067,0
3068,0
3069,0
3070,7
3071,0
3072,0
3073,9
3074,0
3075,0
3076,0
3077,0
3078,0
3079,0
3080,0
3081,0
3082,0
3083,0
3084,4
3085,4
3086,4
3087,0
3088,0
3089,0
3090,6
3091,0
3092,5
3093,0
3094,7
3095,0
3096,7
3097,7
3098,0
3099,6
3100,0
3101,0
3102,0
3103,0
3104,6
3105,4
3106,0
3107,0
3108,3
3109,0
3110,11
3111,0
3112,0
3113,0
3114,0
3115,11
3116,0
3117,1
3118,0
3119,0
3120,11
3121,0
3122,3
3123,0
3124,0
3125,0
3126,0
3127,4
3128,0
3129,0
3130,10
3131,5
3132,12
3133,0
3134,12
3135,0
3136,0
3137,0
3138,0
3139,0
3140,5
3141,0
3142,0
3143,0
3144,0
3145,2
3146,0
3147,0
3148,0
3149,4
3150,0
3151,0
3152,0
3153,0
3154,0
3155,0
3156,0
3157,0
3158,6
3159,0
3160,0
3161,0
3162,0
3163,4
3164,0
3165,7
3166,0
3167,11
3168,0
3169,5
3170,0
3171,0
3172,0
3173,5
3174,0
3175,0
3176,0
3177,7
3178,0
3179,6
3180,0
3181,4
3182,0
3183,0
3184,4
3185,10
3186,4
3187,0
3188,3
3189,0
3190,0
3191,0
3192,8
3193,0
3194,0
3195,0
3196,4
3197,0
3198,0
3199,0
3200,0
3201,0
3202,0
3203,0
3204,0
3205,0
3206,4
3207,0
3208,0
3209,0
3210,0
3211,0
3212,0
3213,7
3214,7
3215,0
3216,5
3217,0
3218,0
3219,0
3220,0
3221,36
3222,0
3223,0
3224,0
3225,0
3226,0
3227,0
3228,0
3229,0
3230,0
3231,0
3232,0
3233,0
3234,0
3235,0
3236,28
3237,0
3238,0
3239,0
3240,28
3241,0
3242,0
3243,0
3244,0
3245,0
3246,0
3247,0
3248,22
3249,0
3250,0
3251,0
3252,0
3253,33
3254,0
3255,0
3256,0
3257,0
3258,0
3259,0
3260,0
3261,0
3262,0
3263,0
3264,0
3265,0
3266,0
3267,0
3268,0
3269,0
3270,0
3271,0
3272,0
3273,0
3274,0
3275,0
3276,21
3277,0
3278,0
3279,0
3280,0
3281,0
3282,0
3283,0
3284,0
3285,0
3286,0
3287,0
3288,0
3289,0
3290,0
3291,0
3292,0
3293,0
3294,0
3295,0
3296,0
3297,0
3298,0
3299,0
3300,0
3301,0
3302,0
3303,0
3304,0
3305,0
3306,0
3307,0
3308,0
3309,0
3310,0
3311,0
3312,38
3313,0
3314,29
3315,31
3316,0
3317,0
3318,0
3319,0
3320,0
3321,27
3322,0
3323,34
3324,0
3325,0
3326,0
3327,0
3328,0
3329,0
3330,0
3331,0
3332,0
3333,0
3334,33
3335,0
3336,33
3337,0
3338,0
3339,0
3340,0
3341,0
3342,0
3343,0
3344,0
3345,0
3346,0
3347,0
3348,0
3349,0
3350,0
3351,0
3352,0
3353,33
3354,0
3355,0
3356,0
3357,0
3358,0
3359,0
3360,0
3361,0
3362,0
3363,0
3364,0
3365,0
3366,27
3367,0
3368,0
3369,0
3370,0
3371,0
3372,0
3373,0
3374,0
3375,0
3376,0
3377,23
3378,0
3379,28
3380,0
3381,0
3382,0
3383,0
3384,0
3385,39
3386,0
3387,0
3388,0
3389,0
3390,0
3391,0
3392,0
3393,0
3394,0
3395,0
3396,0
3397,0
3398,0
3399,0
3400,22
3401,0
3402,0
3403,0
3404,0
3405,0
3406,0
3407,0
3408,0
3409,0
3410,0
3411,0
3412,0
3413,0
3414,27
3415,0
3416,0
3417,0
3418,29
3419,0
3420,0
3421,0
3422,0
3423,0
3424,0
3425,17
3426,0
3427,0
3428,0
3429,0
3430,20
3431,0
3432,31
3433,0
3434,0
3435,0
3436,0
3437,0
3438,0
3439,0
3440,0
3441,0
3442,33
3443,0
3444,42
3445,0
3446,0
3447,0
3448,0
3449,0
3450,0
3451,0
3452,0
3453,0
3454,0
3455,0
3456,0
3457,0
3458,0
3459,0
3460,0
3461,0
3462,0
3463,0
3464,0
3465,0
3466,0
3467,0
3468,0
3469,0
3470,0
3471,0
3472,0
3473,0
3474,0
3475,0
3476,0
3477,0
3478,0
3479,0
3480,0
3481,0
3482,38
3483,0
3484,0
3485,33
3486,0
3487,0
3488,17
3489,0
3490,0
3491,0
3492,0
3493,0
3494,0
3495,0
3496,0
3497,0
3498,0
3499,0
3500,0
3501,0
3502,0
3503,0
3504,0
3505,0
3506,33
3507,0
3508,0
3509,0
3510,0
3511,0
3512,0
3513,0
3514,0
3515,0
3516,0
3517,0
3518,0
3519,0
3520,0
3521,0
3522,0
3523,0
3524,26
3525,0
3526,0
3527,0
3528,0
3529,0
3530,0
3531,0
3532,0
3533,0
3534,0
3535,0
3536,0
3537,0
3538,0
3539,0
3540,21
3541,0
3542,0
3543,0
3544,0
3545,0
3546,0
3547,0
3548,0
3549,0
3550,24
3551,0
3552,0
3553,0
3554,0
3555,0
3556,0
3557,0
3558,0
3559,0
3560,0
3561,0
3562,0
3563,0
3564,0
3565,0
3566,0
3567,0
3568,0
3569,0
3570,0
3571,0
3572,0
3573,0
3574,33
3575,0
3576,0
3577,0
3578,0
3579,0
3580,0
3581,0
3582,0
3583,0
3584,0
3585,0
3586,0
3587,7
3588,0
3589,0
3590,0
3591,0
3592,0
3593,0
3594,0
3595,0
3596,0
3597,13
3598,0
3599,0
3600,5
3601,0
3602,0
3603,0
3604,0
3605,0
3606,0
3607,0
3608,0
3609,0
3610,0
3611,10
3612,0
3613,0
3614,11
3615,0
3616,0
3617,0
3618,0
3619,0
3620,0
3621,0
3622,0
3623,0
3624,0
3625,0
3626,0
3627,7
3628,0
3629,0
3630,0
3631,0
3632,0
3633,0
3634,0
3635,0
3636,6
3637,0
3638,0
3639,0
3640,6
3641,0
3642,0
3643,0
3644,0
3645,0
3646,0
3647,0
3648,0
3649,0
3650,0
3651,0
3652,4
3653,8
3654,0
3655,0
3656,3
3657,0
3658,0
3659,4
3660,0
3661,0
3662,0
3663,11
3664,0
3665,0
3666,0
3667,0
3668,5
3669,0
3670,9
3671,0
3672,0
3673,0
3674,14
3675,8
3676,10
3677,0
3678,6
3679,4
3680,0
3681,0
3682,0
3683,5
3684,0
3685,0
3686,0
3687,0
3688,0
3689,0
3690,0
3691,0
3692,0
3693,0
3694,0
3695,0
3696,0
3697,0
3698,0
3699,0
3700,0
3701,0
3702,13
3703,0
3704,0
3705,10
3706,0
3707,0
3708,0
3709,0
3710,0
3711,9
3712,0
3713,0
3714,5
3715,0
3716,0
3717,0
3718,0
3719,0
3720,7
3721,0
3722,0
3723,0
3724,0
3725,0
3726,0
3727,0
3728,0
3729,0
3730,7
3731,5
3732,0
3733,0
3734,0
3735,0
3736,0
3737,0
3738,4
3739,0
3740,0
3741,0
3742,11
3743,0
3744,0
3745,0
3746,0
3747,0
3748,0
3749,0
3750,0
3751,9
3752,0
3753,0
3754,9
3755,0
3756,0
3757,0
3758,0
3759,0
3760,0
3761,0
3762,0
3763,0
3764,0
3765,0
3766,0
3767,0
3768,0
3769,0
3770,0
3771,0
3772,0
3773,0
3774,7
3775,0
3776,0
3777,0
3778,0
3779,3
3780,0
3781,6
3782,0
3783,0
3784,7
3785,0
3786,0
3787,0
3788,0
3789,0
3790,0
3791,0
3792,0
3793,0
3794,0
3795,0
3796,11
3797,0
3798,0
3799,0
3800,0
3801,8
3802,0
3803,0
3804,0
3805,0
3806,9
3807,10
3808,0
3809,0
3810,0
3811,0
3812,0
3813,0
3814,0
3815,0
3816,0
3817,8
3818,0
3819,11
3820,0
3821,0
3822,0
3823,0
3824,0
3825,0
3826,0
3827,0
3828,0
3829,0
3830,0
3831,5
3832,0
3833,0
3834,0
3835,0
3836,0
3837,0
3838,0
3839,7
3840,0
3841,0
3842,0
3843,10
3844,0
3845,0
3846,8
3847,0
3848,0
3849,9
3850,6
3851,0
3852,0
3853,0
3854,0
3855,0
3856,0
3857,0
3858,0
3859,0
3860,0
3861,0
3862,4
3863,0
3864,0
3865,0
3866,0
3867,0
3868,9
3869,0
3870,0
3871,0
3872,0
3873,0
3874,0
3875,0
3876,0
3877,0
3878,0
3879,5
3880,0
3881,0
3882,0
3883,0
3884,0
3885,0
3886,0
3887,0
3888,0
3889,0
3890,0
3891,0
3892,0
3893,6
3894,0
3895,0
3896,0
3897,0
3898,0
3899,0
3900,0
3901,0
3902,0
3903,0
3904,0
3905,0
3906,0
3907,0
3908,0
3909,0
3910,0
3911,0
3912,0
3913,0
3914,0
3915,0
3916,0
3917,0
3918,0
3919,0
3920,0
3921,0
3922,0
3923,0
3924,0
3925,0
3926,0
3927,0
3928,0
3929,0
3930,0
3931,0
3932,0
3933,0
3934,0
3935,0
3936,0
3937,0
3938,9
3939,0
3940,0
3941,0
3942,0
3943,0
3944,0
3945,0
3946,0
3947,0
3948,0
3949,0
3950,0
3951,2
3952,0
3953,0
3954,0
3955,0
3956,0
3957,0
3958,0
3959,0
3960,0
3961,0
3962,0
3963,0
3964,0
3965,0
3966,0
3967,0
3968,0
3969,0
3970,0
3971,0
3972,0
3973,0
3974,0
3975,0
3976,0
3977,0
3978,12
3979,0
3980,10
3981,0
3982,7
3983,0
3984,0
3985,0
3986,5
3987,0
3988,0
3989,0
3990,0
3991,0
3992,12
3993,0
3994,0
3995,0
3996,0
3997,6
3998,4
3999,0
4000,11
4001,5
4002,0
4003,0
4004,0
4005,11
4006,0
4007,0
4008,0
4009,0
4010,0
4011,10
4012,0
4013,0
4014,2
4015,0
4016,9
4017,0
4018,0
4019,0
4020,0
4021,0
4022,0
4023,0
4024,0
4025,0
4026,6
4027,0
4028,0
4029,0
4030,0
4031,0
4032,0
4033,0
4034,0
4035,7
4036,0
4037,0
4038,9
4039,0
4040,0
4041,0
4042,9
4043,0
4044,0
4045,0
4046,0
4047,0
4048,0
4049,18
4050,0
4051,0
4052,14
4053,0
4054,0
4055,0
4056,0
4057,0
4058,0
4059,20
4060,22
4061,0
4062,0
4063,0
4064,0
4065,0
4066,15
4067,0
4068,0
4069,0
4070,0
4071,0
4072,0
4073,0
4074,0
4075,0
4076,0
4077,22
4078,0
4079,0
4080,0
4081,19
4082,11
4083,0
4084,0
4085,0
4086,0
4087,0
4088,0
4089,0
4090,21
4091,0
4092,0
4093,0
4094,28
4095,8
4096,0
4097,0
4098,0
4099,0
4100,0
4101,17
4102,0
4103,0
4104,0
4105,0
4106,0
4107,0
4108,0
4109,0
4110,0
4111,0
4112,0
4113,0
4114,7
4115,0
4116,0
4117,0
4118,0
4119,24
4120,0
4121,14
4122,0
4123,0
4124,13
4125,0
4126,0
4127,0
4128,20
4129,0
4130,0
4131,0
4132,0
4133,0
4134,12
4135,0
4136,0
4137,0
4138,0
4139,0
4140,0
4141,0
4142,0
4143,0
4144,0
4145,13
4146,0
4147,0
4148,0
4149,0
4150,0
4151,15
4152,0
4153,0
4154,12
4155,0
4156,0
4157,0
4158,0
4159,0
4160,0
4161,0
4162,16
4163,0
4164,0
4165,13
4166,0
4167,0
4168,0
4169,0
4170,15
4171,0
4172,0
4173,0
4174,8
4175,0
4176,0
4177,0
4178,0
4179,0
4180,0
4181,10
4182,0
4183,0
4184,0
4185,0
4186,0
4187,0
4188,0
4189,0
4190,0
4191,14
4192,0
4193,0
4194,0
4195,0
4196,0
4197,0
4198,0
4199,0
4200,0
4201,0
4202,0
4203,0
4204,0
4205,0
4206,0
4207,14
4208,14
4209,0
4210,0
4211,0
4212,0
4213,0
4214,0
4215,0
4216,0
4217,0
4218,0
4219,0
4220,0
4221,15
4222,0
4223,0
4224,0
4225,0
4226,0
4227,0
4228,0
4229,0
4230,0
4231,0
4232,0
4233,0
4234,0
4235,0
4236,0
4237,0
4238,0
4239,0
4240,0
4241,15
4242,14
4243,0
4244,0
4245,0
4246,0
4247,0
4248,0
4249,0
4250,0
4251,0
4252,0
4253,0
4254,0
4255,21
4256,0
4257,0
4258,0
4259,0
4260,0
4261,16
4262,0
4263,0
4264,0
4265,12
4266,0
4267,0
4268,0
4269,0
4270,18
4271,19
4272,0
4273,0
4274,0
4275,9
4276,0
4277,0
4278,20
4279,0
4280,0
4281,0
4282,12
4283,0
4284,0
4285,0
4286,0
4287,0
4288,0
4289,0
4290,0
4291,16
4292,0
4293,0
4294,12
4295,0
4296,0
4297,12
4298,0
4299,0
4300,0
4301,0
4302,11
4303,0
4304,0
4305,18
4306,0
4307,0
4308,0
4309,0
4310,0
4311,15
4312,19
4313,20
4314,0
4315,0
4316,0
4317,0
4318,0
4319,0
4320,0
4321,0
4322,0
4323,0
4324,0
4325,0
4326,0
4327,0
4328,0
4329,0
4330,0
4331,0
4332,0
4333,0
4334,0
4335,0
4336,15
4337,0
4338,0
4339,10
4340,0
4341,0
4342,0
4343,0
4344,12
4345,0
4346,0
4347,0
4348,14
4349,0
4350,0
4351,0
4352,0
4353,0
4354,0
4355,0
4356,0
4357,0
4358,0
4359,0
4360,0
4361,0
4362,0
4363,0
4364,0
4365,0
4366,0
4367,0
4368,0
4369,0
4370,0
4371,0
4372,0
4373,0
4374,0
4375,0
4376,0
4377,0
4378,0
4379,20
4380,0
4381,0
4382,0
4383,0
4384,0
4385,0
4386,0
4387,0
4388,11
4389,0
4390,0
4391,10
4392,0
4393,0
4394,0
4395,0
4396,0
4397,0
4398,0
4399,0
4400,0
4401,0
4402,17
4403,0
4404,0
4405,0
4406,0
4407,0
4408,0
4409,0
4410,0
4411,0
4412,10
4413,0
4414,0
4415,0
4416,13
4417,0
4418,0
4419,11
4420,21
4421,0
4422,0
4423,16
4424,0
4425,0
4426,0
4427,0
4428,0
4429,0
4430,0
4431,0
4432,0
4433,13
4434,0
4435,0
4436,0
4437,0
4438,0
4439,0
4440,0
4441,0
4442,0
4443,0
4444,20
4445,0
4446,16
4447,18
4448,0
4449,13
4450,12
4451,0
4452,0
4453,0
4454,0
4455,0
4456,0
4457,20
4458,0
4459,0
4460,0
4461,12
4462,0
4463,0
4464,0
4465,0
4466,0
4467,0
4468,0
4469,0
4470,0
4471,0
4472,0
4473,0
4474,0
4475,13
4476,0
4477,16
4478,0
4479,0
4480,12
4481,14
4482,16
4483,0
4484,0
4485,0
4486,9
4487,0
4488,9
4489,13
4490,17
4491,0
4492,12
4493,15
4494,0
4495,0
4496,0
4497,0
4498,0
4499,0
4500,0
4501,26
4502,15
4503,0
4504,0
4505,0
4506,0
4507,0
4508,20
4509,0
4510,0
4511,11
4512,0
4513,25
4514,0
4515,21
4516,0
4517,0
4518,0
4519,0
4520,15
4521,0
4522,19
4523,0
4524,0
4525,0
4526,0
4527,17
4528,0
4529,0
4530,21
4531,0
4532,0
4533,12
4534,0
4535,0
4536,0
4537,0
4538,0
4539,0
4540,0
4541,0
4542,0
4543,0
4544,13
4545,0
4546,0
4547,0
4548,13
4549,13
4550,0
4551,0
4552,0
4553,0
4554,0
4555,0
4556,0
4557,0
4558,0
4559,0
4560,0
4561,10
4562,0
4563,0
4564,0
4565,0
4566,0
4567,0
4568,0
4569,0
4570,0
4571,0
4572,0
4573,0
4574,0
4575,0
4576,0
4577,0
4578,20
4579,0
4580,0
4581,0
4582,0
4583,0
4584,0
4585,0
4586,0
4587,0
4588,0
4589,0
4590,0
4591,0
4592,0
4593,0
4594,0
4595,0
4596,17
4597,0
4598,0
4599,0
4600,11
4601,24
4602,0
4603,0
4604,0
4605,0
4606,0
4607,0
4608,0
4609,0
4610,0
4611,0
4612,0
4613,0
4614,0
4615,0
4616,0
4617,0
4618,0
4619,0
4620,0
4621,25
4622,0
4623,20
4624,15
4625,0
4626,22
4627,0
4628,0
4629,0
4630,0
4631,0
4632,0
4633,0
4634,0
4635,0
4636,0
4637,21
4638,0
4639,0
4640,0
4641,17
4642,0
4643,0
4644,0
4645,0
4646,14
4647,0
4648,0
4649,0
4650,16
4651,0
4652,0
4653,0
4654,22
4655,0
4656,0
4657,0
4658,0
4659,0
4660,0
4661,0
4662,0
4663,0
4664,20
4665,0
4666,22
4667,0
4668,0
4669,19
4670,0
4671,0
4672,0
4673,0
4674,17
4675,0
4676,0
4677,0
4678,0
4679,0
4680,0
4681,0
4682,0
4683,0
4684,0
4685,0
4686,0
4687,18
4688,0
4689,0
4690,0
4691,7
4692,0
4693,0
4694,0
4695,0
4696,0
4697,0
4698,0
4699,2
4700,13
4701,12
4702,9
4703,0
4704,0
4705,0
4706,0
4707,0
4708,0
4709,0
4710,0
4711,0
4712,0
4713,0
4714,6
4715,0
4716,0
4717,0
4718,0
4719,10
4720,0
4721,0
4722,0
4723,0
4724,0
4725,0
4726,0
4727,0
4728,2
4729,0
4730,8
4731,0
4732,0
4733,0
4734,0
4735,0
4736,0
4737,0
4738,0
4739,0
4740,0
4741,0
4742,15
4743,0
4744,0
4745,0
4746,0
4747,0
4748,0
4749,0
4750,0
4751,0
4752,0
4753,0
4754,0
4755,0
4756,0
4757,0
4758,0
4759,0
4760,0
4761,0
4762,0
4763,0
4764,8
4765,0
4766,0
4767,13
4768,0
4769,0
4770,0
4771,0
4772,0
4773,0
4774,0
4775,0
4776,0
4777,14
4778,0
4779,8
4780,10
4781,7
4782,0
4783,0
4784,0
4785,10
4786,0
4787,0
4788,0
4789,0
4790,0
4791,0
4792,11
4793,0
4794,0
4795,0
4796,0
4797,0
4798,0
4799,0
4800,0
4801,0
4802,0
4803,0
4804,0
4805,16
4806,0
4807,0
4808,0
4809,0
4810,0
4811,12
4812,0
4813,0
4814,0
4815,0
4816,0
4817,0
4818,0
4819,0
4820,0
4821,0
4822,0
4823,0
4824,0
4825,11
4826,0
4827,0
4828,0
4829,0
4830,0
4831,0
4832,0
4833,0
4834,0
4835,0
4836,18
4837,8
4838,0
4839,0
4840,0
4841,6
4842,0
4843,0
4844,0
4845,0
4846,0
4847,0
4848,0
4849,0
4850,0
4851,0
4852,0
4853,0
4854,0
4855,0
4856,0
4857,0
4858,0
4859,0
4860,0
4861,0
4862,0
4863,0
4864,0
4865,0
4866,0
4867,14
4868,0
4869,0
4870,0
4871,0
4872,6
4873,0
4874,0
4875,15
4876,0
4877,0
4878,0
4879,0
4880,0
4881,0
4882,0
4883,0
4884,0
4885,0
4886,0
4887,12
4888,0
4889,0
4890,0
4891,0
4892,0
4893,14
4894,0
4895,0
4896,0
4897,0
4898,0
4899,0
4900,0
4901,0
4902,0
4903,0
4904,0
4905,0
4906,0
4907,0
4908,0
4909,0
4910,0
4911,0
4912,16
4913,5
4914,0
4915,0
4916,0
4917,0
4918,0
4919,0
4920,0
4921,0
4922,0
4923,0
4924,0
4925,0
4926,0
4927,0
4928,0
4929,3
4930,0
4931,0
4932,0
4933,0
4934,0
4935,0
4936,0
4937,5
4938,0
4939,0
4940,0
4941,0
4942,0
4943,0
4944,5
4945,0
4946,0
4947,0
4948,0
4949,0
4950,0
4951,0
4952,0
4953,32
4954,0
4955,0
4956,0
4957,0
4958,0
4959,0
4960,0
4961,0
4962,0
4963,0
4964,0
4965,0
4966,0
4967,0
4968,31
4969,0
4970,0
4971,0
4972,0
4973,0
4974,0
4975,38
4976,0
4977,0
4978,0
4979,31
4980,0
4981,0
4982,17
4983,0
4984,0
4985,0
4986,0
4987,0
4988,0
4989,0
4990,0
4991,0
4992,0
4993,41
4994,0
4995,0
4996,0
4997,34
4998,0
4999,36
5000,29
5001,0
5002,0
5003,0
5004,0
5005,0
5006,0
5007,0
5008,0
5009,0
5010,24
5011,0
5012,0
5013,0
5014,30
5015,0
5016,0
5017,23
5018,0
5019,24
5020,0
5021,0
5022,0
5023,0
5024,0
5025,0
5026,0
5027,19
5028,0
5029,0
5030,0
5031,0
5032,0
5033,0
5034,0
5035,0
5036,0
5037,0
5038,0
5039,0
5040,0
5041,0
5042,0
5043,0
5044,0
5045,0
5046,0
5047,0
5048,0
5049,0
5050,0
5051,0
5052,0
5053,0
5054,0
5055,0
5056,0
5057,0
5058,0
5059,30
5060,48
5061,0
5062,0
5063,40
5064,0
5065,0
5066,0
5067,0
5068,0
5069,0
5070,0
5071,0
5072,0
5073,19
5074,0
5075,0
5076,0
5077,0
5078,0
5079,0
5080,0
5081,0
5082,37
5083,0
5084,0
5085,0
5086,35
5087,0
5088,0
5089,0
5090,0
5091,0
5092,0
5093,0
5094,0
5095,0
5096,0
5097,0
5098,0
5099,0
5100,0
5101,0
5102,34
5103,0
5104,0
5105,0
5106,0
5107,0
5108,0
5109,0
5110,0
5111,0
5112,0
5113,0
5114,0
5115,0
5116,0
5117,0
5118,0
5119,0
5120,0
5121,0
5122,27
5123,0
5124,30
5125,0
5126,0
5127,0
5128,0
5129,0
5130,0
5131,0
5132,0
5133,41
5134,0
5135,0
5136,0
5137,0
5138,0
5139,0
5140,0
5141,0
5142,0
5143,20
5144,0
5145,0
5146,0
5147,0
5148,15
5149,27
5150,0
5151,0
5152,0
5153,0
5154,0
5155,0
5156,31
5157,0
5158,28
5159,0
5160,29
5161,0
5162,0
5163,0
5164,31
5165,0
5166,38
5167,0
5168,0
5169,0
5170,0
5171,0
5172,31
5173,0
5174,0
5175,0
5176,0
5177,0
5178,0
5179,36
5180,0
5181,0
5182,0
5183,0
5184,0
5185,0
5186,0
5187,0
5188,0
5189,33
5190,28
5191,0
5192,0
5193,0
5194,0
5195,0
5196,0
5197,0
5198,0
5199,0
5200,0
5201,0
5202,0
5203,0
5204,0
5205,0
5206,0
5207,0
5208,0
5209,0
5210,0
5211,0
5212,36
5213,0
5214,0
5215,0
5216,0
5217,0
5218,0
5219,0
5220,0
5221,0
5222,46
5223,0
5224,0
5225,25
5226,0
5227,0
5228,0
5229,0
5230,43
5231,0
5232,36
5233,0
5234,0
5235,0
5236,0
5237,0
5238,0
5239,0
5240,0
5241,0
5242,0
5243,0
5244,0
5245,0
5246,0
5247,0
5248,0
5249,42
5250,0
5251,24
5252,0
5253,0
5254,0
5255,0
5256,0
5257,0
5258,0
5259,0
5260,0
5261,0
5262,0
5263,0
5264,29
5265,0
5266,0
5267,0
5268,0
5269,0
5270,0
5271,0
5272,0
5273,0
5274,0
5275,0
5276,0
5277,0
5278,42
5279,0
5280,0
5281,0
5282,0
5283,0
5284,0
5285,0
5286,0
5287,0
5288,0
5289,36
5290,0
5291,36
5292,0
5293,0
5294,0
5295,0
5296,0
5297,0
5298,0
5299,0
5300,0
5301,0
5302,33
5303,0
5304,0
5305,0
5306,0
5307,0
5308,0
5309,0
5310,29
5311,0
5312,0
5313,0
5314,0
5315,0
5316,0
5317,0
5318,0
5319,0
5320,0
5321,0
5322,0
5323,0
5324,0
5325,0
5326,0
5327,20
5328,0
5329,0
5330,29
5331,0
5332,0
5333,0
5334,0
5335,0
5336,0
5337,0
5338,38
5339,0
5340,0
5341,0
5342,0
5343,0
5344,0
5345,38
5346,0
5347,24
5348,0
5349,0
5350,0
5351,0
5352,0
5353,0
5354,0
5355,0
5356,0
5357,0
5358,0
5359,0
5360,0
5361,0
5362,0
5363,0
5364,0
5365,0
5366,0
5367,0
5368,0
5369,0
5370,0
5371,0
5372,0
5373,0
5374,0
5375,0
5376,0
5377,0
5378,0
5379,0
5380,0
5381,0
5382,0
5383,0
5384,0
5385,0
5386,0
5387,0
5388,0
5389,0
5390,33
5391,0
5392,0
5393,0
5394,0
5395,0
5396,0
5397,0
5398,0
5399,0
5400,0
5401,0
5402,0
5403,41
5404,0
5405,0
5406,0
5407,0
5408,0
5409,31
5410,0
5411,0
5412,0
5413,0
5414,0
5415,0
5416,0
5417,0
5418,0
5419,23
5420,21
5421,0
5422,0
5423,0
5424,0
5425,0
5426,0
5427,0
5428,0
5429,0
5430,0
5431,0
5432,0
5433,0
5434,0
5435,0
5436,0
5437,0
5438,0
5439,40
5440,0
5441,0
5442,0
5443,0
5444,0
5445,0
5446,0
5447,0
5448,0
5449,0
5450,0
5451,0
5452,0
5453,0
5454,0
5455,0
5456,0
5457,0
5458,0
5459,46
5460,0
5461,0
5462,0
5463,0
5464,0
5465,0
5466,0
5467,0
5468,0
5469,0
5470,0
5471,0
5472,0
5473,0
5474,0
5475,0
5476,0
5477,0
5478,0
5479,0
5480,0
5481,0
5482,0
5483,0
5484,20
5485,0
5486,0
5487,0
5488,0
5489,0
5490,0
5491,0
5492,0
5493,0
5494,0
5495,0
5496,0
5497,0
5498,0
5499,31
5500,0
5501,0
5502,0
5503,29
5504,0
5505,0
5506,26
5507,0
5508,0
5509,0
5510,0
5511,0
5512,0
5513,0
5514,0
5515,0
5516,0
5517,0
5518,0
5519,0
5520,0
5521,0
5522,0
5523,0
5524,0
5525,37
5526,0
5527,0
5528,0
5529,0
5530,0
5531,0
5532,0
5533,0
5534,0
5535,0
5536,37
5537,0
5538,0
5539,0
5540,26
5541,0
5542,0
5543,47
5544,0
5545,0
5546,0
5547,0
5548,0
5549,44
5550,0
5551,40
5552,0
5553,0
5554,0
5555,0
5556,0
5557,0
5558,44
5559,0
5560,0
5561,0
5562,0
5563,0
5564,0
5565,0
5566,0
5567,0
5568,0
5569,0
5570,0
5571,0
5572,0
5573,0
5574,0
5575,21
5576,0
5577,0
5578,0
5579,0
5580,0
5581,27
5582,0
5583,26
5584,0
5585,0
5586,0
5587,0
5588,0
5589,0
5590,0
5591,42
5592,0
5593,0
5594,0
5595,0
5596,0
5597,0
5598,0
5599,0
5600,0
5601,0
5602,0
5603,0
5604,0
5605,0
5606,25
5607,0
5608,0
5609,0
5610,0
5611,0
5612,0
5613,0
5614,0
5615,0
5616,0
5617,0
5618,0
5619,0
5620,25
5621,0
5622,0
5623,0
5624,0
5625,29
5626,30
5627,0
5628,0
5629,0
5630,0
5631,0
5632,0
5633,0
5634,0
5635,43
5636,0
5637,0
5638,0
5639,0
5640,0
5641,0
5642,0
5643,0
5644,0
5645,0
5646,0
5647,34
5648,0
5649,0
5650,0
5651,0
5652,0
5653,0
5654,0
5655,0
5656,0
5657,0
5658,0
5659,0
5660,0
5661,0
5662,0
5663,0
5664,0
5665,0
5666,0
5667,0
5668,0
5669,0
5670,0
5671,0
5672,0
5673,0
5674,0
5675,0
5676,0
5677,0
5678,0
5679,41
5680,0
5681,0
5682,32
5683,0
5684,0
5685,0
5686,0
5687,40
5688,0
5689,0
5690,0
5691,0
5692,0
5693,0
5694,0
5695,0
5696,0
5697,0
5698,0
5699,0
5700,35
5701,41
5702,0
5703,0
5704,0
5705,0
5706,0
5707,0
5708,0
5709,0
5710,0
5711,0
5712,0
5713,0
5714,0
5715,0
5716,0
5717,0
5718,0
5719,0
5720,0
5721,0
5722,32
5723,0
5724,0
5725,0
5726,43
5727,0
5728,25
5729,0
5730,0
5731,0
5732,0
5733,0
5734,0
5735,0
5736,0
5737,0
5738,0
5739,0
5740,30
5741,0
5742,0
5743,0
5744,0
5745,0
5746,0
5747,28
5748,32
5749,0
5750,0
5751,25
5752,0
5753,0
5754,22
5755,0
5756,0
5757,0
5758,0
5759,0
5760,0
5761,0
5762,0
5763,0
5764,0
5765,0
5766,0
5767,0
5768,0
5769,0
5770,0
5771,0
5772,0
5773,0
5774,0
5775,0
5776,0
5777,0
5778,0
5779,36
5780,0
5781,0
5782,0
5783,0
5784,0
5785,32
5786,0
5787,0
5788,0
5789,0
5790,0
5791,0
5792,0
5793,0
5794,0
5795,0
5796,0
5797,0
5798,0
5799,0
5800,0
5801,0
5802,0
5803,0
5804,0
5805,0
5806,0
5807,0
5808,36
5809,23
5810,0
5811,0
5812,0
5813,0
5814,0
5815,0
5816,35
5817,0
5818,0
5819,0
5820,0
5821,0
5822,0
5823,0
5824,0
5825,0
5826,0
5827,0
5828,0
5829,0
5830,0
5831,29
5832,0
5833,0
5834,0
5835,0
5836,0
5837,0
5838,0
5839,0
5840,0
5841,0
5842,0
5843,0
5844,0
5845,0
5846,0
5847,0
5848,0
5849,0
5850,0
5851,0
5852,0
5853,0
5854,0
5855,0
5856,0
5857,0
5858,0
5859,0
5860,0
5861,0
5862,0
5863,0
5864,0
5865,0
5866,49
5867,0
5868,0
5869,45
5870,0
5871,0
5872,0
5873,0
5874,0
5875,0
5876,35
5877,0
5878,0
5879,0
5880,32
5881,0
5882,0
5883,0
5884,0
5885,0
5886,0
5887,0
5888,0
5889,0
5890,0
5891,0
5892,0
5893,0
5894,0
5895,0
5896,54
5897,0
5898,0
5899,0
5900,0
5901,0
5902,0
5903,0
5904,0
5905,0
5906,0
5907,30
5908,0
5909,0
5910,0
5911,0
5912,0
5913,0
5914,0
5915,0
5916,0
5917,0
5918,0
5919,0
5920,0
5921,0
5922,0
5923,0
5924,0
5925,0
5926,0
5927,0
5928,0
5929,0
5930,36
5931,0
5932,38
5933,0
5934,57
5935,0
5936,0
5937,0
5938,0
5939,48
5940,0
5941,0
5942,0
5943,0
5944,0
5945,0
5946,32
5947,0
5948,0
5949,0
5950,0
5951,0
5952,0
5953,0
5954,0
5955,0
5956,27
5957,0
5958,0
5959,0
5960,0
5961,44
5962,0
5963,0
5964,0
5965,0
5966,0
5967,0
5968,0
5969,8
5970,10
5971,0
5972,0
5973,0
5974,0
5975,0
5976,0
5977,0
5978,0
5979,9
5980,0
5981,0
5982,6
5983,0
5984,0
5985,0
5986,0
5987,0
5988,0
5989,0
5990,0
5991,0
5992,0
5993,5
5994,0
5995,0
5996,0
5997,0
5998,0
5999,0
6000,0
6001,0
6002,0
6003,0
6004,0
6005,0
6006,0
6007,12
6008,0
6009,0
6010,4
6011,0
6012,0
6013,0
6014,10
6015,0
6016,0
6017,0
6018,12
6019,0
6020,0
6021,6
6022,0
6023,0
6024,0
6025,0
6026,0
6027,0
6028,0
6029,0
6030,0
6031,0
6032,0
6033,0
6034,0
6035,0
6036,0
6037,0
6038,0
6039,0
6040,0
6041,0
6042,0
6043,0
6044,0
6045,14
6046,6
6047,0
6048,0
6049,0
6050,0
6051,0
6052,0
6053,0
6054,0
6055,0
6056,0
6057,0
6058,0
6059,0
6060,0
6061,0
6062,0
6063,0
6064,0
6065,0
6066,4
6067,8
6068,0
6069,0
6070,0
6071,0
6072,0
6073,0
6074,0
6075,0
6076,0
6077,0
6078,6
6079,0
6080,0
6081,0
6082,0
6083,0
6084,0
6085,0
6086,0
6087,0
6088,0
6089,0
6090,0
6091,10
6092,0
6093,0
6094,0
6095,0
6096,4
6097,0
6098,0
6099,0
6100,0
6101,5
6102,0
6103,0
6104,0
6105,0
6106,0
6107,3
6108,4
6109,0
6110,10
6111,0
6112,0
6113,0
6114,0
6115,7
6116,0
6117,0
6118,0
6119,0
6120,0
6121,0
6122,0
6123,0
6124,9
6125,0
6126,0
6127,0
6128,0
6129,0
6130,0
6131,0
6132,0
6133,0
6134,0
6135,6
6136,7
6137,0
6138,0
6139,0
6140,0
6141,0
6142,0
6143,0
6144,0
6145,13
6146,5
6147,0
6148,0
6149,0
6150,0
6151,0
6152,0
6153,0
6154,12
6155,7
6156,0
6157,0
6158,6
6159,0
6160,0
6161,8
6162,0
6163,0
6164,0
6165,10
6166,6
6167,0
6168,0
6169,1
6170,0
6171,0
6172,0
6173,0
6174,0
6175,0
6176,0
6177,0
6178,0
6179,0
6180,0
6181,0
6182,0
6183,0
6184,0
6185,0
6186,0
6187,0
6188,0
6189,8
6190,0
6191,9
6192,0
6193,0
6194,0
6195,7
6196,0
6197,7
6198,0
6199,0
6200,8
6201,0
6202,0
6203,0
6204,0
6205,0
6206,0
6207,8
6208,0
6209,5
6210,0
6211,0
6212,0
6213,0
6214,0
6215,0
6216,0
6217,9
6218,0
6219,6
6220,0
6221,0
6222,0
6223,0
6224,0
6225,0
6226,0
6227,0
6228,0
6229,6
6230,0
6231,0
6232,0
6233,0
6234,0
6235,0
6236,0
6237,0
6238,0
6239,10
6240,5
6241,0
6242,0
6243,0
6244,0
6245,0
6246,0
6247,0
6248,0
6249,0
6250,10
6251,0
6252,0
6253,0
6254,7
6255,11
6256,0
6257,0
6258,9
6259,0
6260,0
6261,0
6262,0
6263,0
6264,0
6265,0
6266,6
6267,4
6268,0
6269,5
6270,0
6271,0
6272,0
6273,0
6274,0
6275,0
6276,0
6277,6
6278,4
6279,4
6280,0
6281,0
6282,0
6283,0
6284,0
6285,0
6286,0
6287,0
6288,0
6289,0
6290,2
6291,0
6292,0
6293,0
6294,0
6295,0
6296,0
6297,0
6298,0
6299,0
6300,0
6301,0
6302,0
6303,0
6304,0
6305,0
6306,0
6307,0
6308,12
6309,9
6310,10
6311,0
6312,0
6313,0
6314,0
6315,0
6316,0
6317,0
6318,0
6319,0
6320,0
6321,0
6322,0
6323,0
6324,10
6325,0
6326,0
6327,0
6328,0
6329,9
6330,0
6331,0
6332,0
6333,3
6334,0
6335,0
6336,0
6337,0
6338,0
6339,0
6340,0
6341,2
6342,0
6343,0
6344,0
6345,6
6346,0
6347,0
6348,0
6349,0
6350,0
6351,0
6352,6
6353,0
6354,0
6355,0
6356,0
6357,0
6358,6
6359,0
6360,0
6361,0
6362,0
6363,0
6364,5
6365,0
6366,0
6367,0
6368,0
6369,0
6370,0
6371,7
6372,0
6373,0
6374,0
6375,0
6376,0
6377,0
6378,0
6379,0
6380,0
6381,0
6382,0
6383,0
6384,0
6385,0
6386,9
6387,0
6388,0
6389,0
6390,0
6391,0
6392,0
6393,0
6394,0
6395,0
6396,0
6397,0
6398,7
6399,0
6400,0
6401,0
6402,0
6403,0
6404,12
6405,0
6406,8
6407,47
6408,37
6409,0
6410,0
6411,37
6412,54
6413,0
6414,0
6415,18
6416,27
6417,0
6418,0
6419,0
6420,0
6421,0
6422,0
6423,0
6424,0
6425,25
6426,0
6427,0
6428,0
6429,0
6430,0
6431,0
6432,0
6433,0
6434,0
6435,0
6436,26
6437,0
6438,0
6439,0
6440,0
6441,0
6442,0
6443,0
6444,0
6445,0
6446,23
6447,0
6448,0
6449,0
6450,0
6451,0
6452,0
6453,32
6454,0
6455,29
6456,21
6457,0
6458,0
6459,40
6460,0
6461,0
6462,40
6463,0
6464,0
6465,19
6466,22
6467,0
6468,23
6469,35
6470,24
6471,0
6472,0
6473,0
6474,0
6475,0
6476,33
6477,34
6478,34
6479,40
6480,0
6481,0
6482,0
6483,0
6484,43
6485,0
6486,0
6487,23
6488,0
6489,0
6490,28
6491,0
6492,0
6493,17
6494,0
6495,26
6496,0
6497,0
6498,0
6499,0
6500,0
6501,38
6502,32
6503,0
6504,0
6505,47
6506,0
6507,23
6508,0
6509,0
6510,0
6511,30
6512,0
6513,0
6514,0
6515,0
6516,0
6517,37
6518,61
6519,0
6520,52
6521,0
6522,0
6523,0
6524,0
6525,0
6526,0
6527,27
6528,0
6529,0
6530,0
6531,0
6532,0
6533,0
6534,0
6535,0
6536,0
6537,0
6538,0
6539,0
6540,31
6541,0
6542,0
6543,0
6544,0
6545,0
6546,0
6547,0
6548,0
6549,0
6550,0
6551,31
6552,0
6553,0
6554,39
6555,30
6556,0
6557,0
6558,0
6559,28
6560,0
6561,0
6562,0
6563,26
6564,0
6565,0
6566,0
6567,0
6568,40
6569,0
6570,0
6571,0
6572,0
6573,0
6574,0
6575,0
6576,0
6577,46
6578,0
6579,0
6580,0
6581,0
6582,35
6583,0
6584,0
6585,0
6586,0
6587,0
6588,0
6589,0
6590,0
6591,0
6592,0
6593,0
6594,0
6595,0
6596,0
6597,0
6598,34
6599,0
6600,0
6601,0
6602,0
6603,28
6604,0
6605,0
6606,0
6607,0
6608,0
6609,0
6610,0
6611,0
6612,0
6613,36
6614,0
6615,0
6616,37
6617,0
6618,0
6619,31
6620,0
6621,0
6622,0
6623,0
6624,0
6625,0
6626,0
6627,0
6628,0
6629,28
6630,48
6631,0
6632,0
6633,35
6634,0
6635,0
6636,0
6637,0
6638,0
6639,0
6640,0
6641,0
6642,0
6643,0
6644,41
6645,0
6646,0
6647,0
6648,0
6649,0
6650,0
6651,0
6652,0
6653,0
6654,0
6655,0
6656,35
6657,33
6658,0
6659,0
6660,0
6661,0
6662,44
6663,0
6664,0
6665,0
6666,0
6667,0
6668,31
6669,0
6670,0
6671,0
6672,0
6673,0
6674,0
6675,18
6676,0
6677,0
6678,32
6679,31
6680,0
6681,0
6682,0
6683,50
6684,0
6685,0
6686,0
6687,44
6688,0
6689,0
6690,0
6691,0
6692,33
6693,0
6694,0
6695,0
6696,20
6697,0
6698,0
6699,45
6700,0
6701,0
6702,0
6703,30
6704,0
6705,0
6706,0
6707,0
6708,0
6709,0
6710,0
6711,0
6712,0
6713,0
6714,32
6715,0
6716,0
6717,0
6718,42
6719,0
6720,0
6721,0
6722,0
6723,29
6724,0
6725,0
6726,0
6727,0
6728,0
6729,34
6730,0
6731,40
6732,0
6733,24
6734,0
6735,0
6736,0
6737,24
6738,0
6739,0
6740,0
6741,38
6742,0
6743,0
6744,30
6745,27
6746,0
6747,0
6748,0
6749,20
6750,0
6751,0
6752,0
6753,42
6754,0
6755,0
6756,0
6757,0
6758,0
6759,43
6760,27
6761,0
6762,0
6763,0
6764,44
6765,0
6766,0
6767,0
6768,0
6769,0
6770,47
6771,0
6772,0
6773,0
6774,29
6775,0
6776,0
6777,0
6778,0
6779,0
6780,0
6781,0
6782,0
6783,33
6784,0
6785,0
6786,0
6787,33
6788,0
6789,0
6790,0
6791,0
6792,57
6793,0
6794,0
6795,0
6796,55
6797,0
6798,0
6799,0
6800,0
6801,41
6802,0
6803,57
6804,0
6805,0
6806,0
6807,0
6808,46
6809,0
6810,32
6811,0
6812,0
6813,0
6814,0
6815,0
6816,25
6817,0
6818,0
6819,18
6820,0
6821,25
6822,30
6823,0
6824,0
6825,0
6826,25
6827,0
6828,0
6829,30
6830,20
6831,0
6832,0
6833,0
6834,18
6835,0
6836,0
6837,37
6838,23
6839,0
6840,35
6841,21
6842,0
6843,0
6844,0
6845,29
6846,0
6847,0
6848,0
6849,0
6850,22
6851,0
6852,0
6853,30
6854,0
6855,0
6856,13
6857,0
6858,0
6859,0
6860,0
6861,0
6862,23
6863,25
6864,38
6865,0
6866,0
6867,0
6868,0
6869,0
6870,0
6871,0
6872,0
6873,36
6874,26
6875,0
6876,0
6877,0
6878,0
6879,0
6880,0
6881,0
6882,0
6883,0
6884,22
6885,25
6886,0
6887,0
6888,0
6889,0
6890,0
6891,0
6892,0
6893,32
6894,12
6895,21
6896,21
6897,0
6898,0
6899,0
6900,0
6901,0
6902,0
6903,0
6904,0
6905,0
6906,0
6907,27
6908,12
6909,0
6910,0
6911,0
6912,25
6913,0
6914,38
6915,0
6916,0
6917,0
6918,0
6919,0
6920,0
6921,20
6922,0
6923,20
6924,31
6925,0
6926,0
6927,25
6928,0
6929,0
6930,0
6931,24
6932,0
6933,0
6934,0
6935,45
6936,0
6937,26
6938,0
6939,0
6940,22
6941,0
6942,15
6943,0
6944,0
6945,0
6946,38
6947,0
6948,0
6949,0
6950,16
6951,32
6952,0
6953,34
6954,0
6955,0
6956,0
6957,0
6958,30
6959,0
6960,0
6961,33
6962,0
6963,0
6964,31
6965,0
6966,17
6967,0
6968,0
6969,0
6970,21
6971,0
6972,24
6973,35
6974,0
6975,0
6976,0
6977,0
6978,0
6979,0
6980,17
6981,0
6982,0
6983,0
6984,0
6985,0
6986,0
6987,34
6988,19
6989,22
6990,24
6991,26
6992,33
6993,0
6994,0
6995,33
6996,21
6997,21
6998,25
6999,37
7000,33
7001,0
7002,0
7003,0
7004,0
7005,16
7006,0
7007,0
7008,40
7009,19
7010,0
7011,0
7012,0
7013,23
7014,0
7015,0
7016,0
7017,0
7018,0
7019,0
7020,0
7021,0
7022,21
7023,0
7024,0
7025,0
7026,0
7027,0
7028,13
7029,28
7030,0
7031,0
7032,27
7033,27
7034,0
7035,31
7036,0
7037,0
7038,0
7039,0
7040,0
7041,26
7042,0
7043,0
7044,0
7045,46
7046,0
7047,0
7048,0
7049,0
7050,0
7051,11
7052,36
7053,0
7054,0
7055,34
7056,0
7057,0
7058,0
7059,0
7060,0
7061,27
7062,0
7063,0
7064,0
7065,0
7066,0
7067,0
7068,0
7069,0
7070,0
7071,0
7072,0
7073,0
7074,0
7075,0
7076,0
7077,26
7078,0
7079,0
7080,20
7081,0
7082,0
7083,0
7084,20
7085,29
7086,0
7087,0
7088,0
7089,22
7090,0
7091,0
7092,0
7093,0
7094,0
7095,0
7096,0
7097,0
7098,0
7099,0
7100,0
7101,0
7102,0
7103,29
7104,0
7105,0
7106,20
7107,0
7108,0
7109,0
7110,0
7111,0
7112,0
7113,0
7114,0
7115,0
7116,0
7117,0
7118,0
7119,0
7120,0
7121,0
7122,0
7123,0
7124,0
7125,0
7126,0
7127,0
7128,0
7129,35
7130,0
7131,0
7132,16
7133,0
7134,0
7135,0
7136,0
7137,34
7138,28
7139,22
7140,0
7141,0
7142,25
7143,0
7144,0
7145,34
7146,0
7147,22
7148,0
7149,0
7150,0
7151,0
7152,0
7153,0
7154,0
7155,0
7156,0
7157,0
7158,0
7159,38
7160,21
7161,0
7162,0
7163,0
7164,0
7165,0
7166,23
7167,0
7168,0
7169,0
7170,0
7171,0
7172,0
7173,0
7174,0
7175,0
7176,0
7177,0
7178,0
7179,0
7180,0
7181,0
7182,0
7183,0
7184,25
7185,0
7186,0
7187,23
7188,0
7189,0
7190,22
7191,0
7192,0
7193,0
7194,22
7195,0
7196,0
7197,0
7198,0
7199,0
7200,0
7201,0
7202,0
7203,0
7204,0
7205,0
7206,0
7207,25
7208,0
7209,17
7210,32
7211,0
7212,16
7213,0
7214,32
7215,34
7216,0
7217,21
7218,0
7219,0
7220,0
7221,0
7222,0
7223,0
7224,0
7225,0
7226,24
7227,0
7228,0
7229,27
7230,26
7231,0
7232,32
7233,0
7234,44
7235,0
7236,22
7237,0
7238,0
7239,19
7240,0
7241,0
7242,0
7243,0
7244,0
7245,11
7246,30
7247,22
7248,0
7249,0
7250,25
7251,0
7252,0
7253,0
7254,0
7255,30
7256,0
7257,0
7258,0
7259,0
7260,0
7261,21
7262,0
7263,0
7264,0
7265,0
7266,28
7267,17
7268,0
7269,0
7270,42
7271,0
7272,0
7273,23
7274,0
7275,0
7276,26
7277,26
7278,0
7279,0
7280,0
7281,21
7282,0
7283,0
7284,0
7285,0
7286,31
7287,0
7288,0
7289,0
7290,0
7291,0
7292,30
7293,0
7294,0
7295,0
7296,0
7297,24
7298,29
7299,0
7300,0
7301,0
7302,0
7303,0
7304,0
7305,0
7306,0
7307,0
7308,0
7309,39
7310,0
7311,0
7312,35
7313,0
7314,0
7315,0
7316,0
7317,46
7318,0
7319,0
7320,0
7321,0
7322,25
7323,0
7324,0
7325,13
7326,0
7327,0
7328,20
7329,0
7330,0
7331,29
7332,16
7333,28
7334,0
7335,16
7336,0
7337,0
7338,0
7339,31
7340,0
7341,0
7342,0
7343,0
7344,34
7345,0
7346,24
7347,15
7348,0
7349,0
7350,0
7351,39
7352,12
7353,0
7354,28
7355,0
7356,26
7357,29
7358,0
7359,17
7360,27
7361,0
7362,0
7363,0
7364,0
7365,0
7366,0
7367,0
7368,0
7369,0
7370,0
7371,27
7372,0
7373,0
7374,17
7375,26
7376,27
7377,0
7378,0
7379,0
7380,0
7381,0
7382,0
7383,0
7384,0
7385,0
7386,0
7387,0
7388,13
7389,0
7390,0
7391,0
7392,0
7393,0
7394,0
7395,0
7396,0
7397,0
7398,0
7399,0
7400,47
7401,0
7402,0
7403,0
7404,0
7405,23
7406,0
7407,29
7408,0
7409,0
7410,0
7411,0
7412,0
7413,22
7414,0
7415,0
7416,32
7417,0
7418,0
7419,0
7420,0
7421,0
7422,0
7423,0
7424,0
7425,0
7426,0
7427,0
7428,28
7429,36
7430,0
7431,0
7432,0
7433,0
7434,21
7435,0
7436,0
7437,0
7438,0
7439,0
7440,0
7441,0
7442,0
7443,38
7444,0
7445,0
7446,0
7447,0
7448,0
7449,0
7450,0
7451,34
7452,24
7453,0
7454,0
7455,0
7456,0
7457,0
7458,0
7459,0
7460,0
7461,0
7462,0
7463,41
7464,35
7465,34
7466,0
7467,17
7468,0
7469,0
7470,0
7471,0
7472,0
7473,0
7474,0
7475,0
7476,0
7477,30
7478,22
7479,0
7480,0
7481,0
7482,0
7483,0
7484,0
7485,45
7486,0
7487,0
7488,0
7489,0
7490,0
7491,0
7492,0
7493,0
7494,0
7495,0
7496,21
7497,0
7498,0
7499,0
7500,33
7501,30
7502,0
7503,0
7504,29
7505,0
7506,0
7507,0
7508,0
7509,14
7510,0
7511,0
7512,0
7513,0
7514,0
7515,0
7516,0
7517,0
7518,0
7519,0
7520,0
7521,29
7522,17
7523,0
7524,0
7525,0
7526,45
7527,0
7528,0
7529,0
7530,17
7531,0
7532,25
7533,46
7534,22
7535,40
7536,20
7537,0
7538,29
7539,0
7540,0
7541,0
7542,0
7543,0
7544,0
7545,0
7546,0
7547,22
7548,0
7549,0
7550,0
7551,0
7552,0
7553,0
7554,25
7555,0
7556,0
7557,0
7558,0
7559,0
7560,53
7561,0
7562,0
7563,0
7564,0
7565,0
7566,20
7567,0
7568,17
7569,0
7570,0
7571,0
7572,30
7573,45
7574,0
7575,21
7576,28
7577,0
7578,0
7579,0
7580,0
7581,0
7582,0
7583,19
7584,0
7585,28
7586,0
7587,0
7588,0
7589,0
7590,0
7591,30
7592,27
7593,0
7594,31
7595,0
7596,37
7597,0
7598,30
7599,0
7600,0
7601,24
7602,39
7603,15
7604,0
7605,0
7606,37
7607,0
7608,0
7609,0
7610,26
7611,0
7612,0
7613,0
7614,0
7615,0
7616,0
7617,0
7618,0
7619,16
7620,0
7621,20
7622,17
7623,0
7624,0
7625,0
7626,23
7627,0
7628,24
7629,0
7630,26
7631,0
7632,24
7633,17
7634,22
7635,0
7636,0
7637,0
7638,28
7639,0
7640,20
7641,16
7642,29
7643,0
7644,0
7645,28
7646,0
7647,0
7648,0
7649,0
7650,0
7651,37
7652,0
7653,0
7654,0
7655,0
7656,0
7657,0
7658,0
7659,0
7660,0
7661,0
7662,0
7663,0
7664,19
7665,22
7666,0
7667,0
7668,0
7669,0
7670,21
7671,0
7672,37
7673,0
7674,0
7675,0
7676,42
7677,0
7678,0
7679,23
7680,0
7681,0
7682,22
7683,33
7684,0
7685,0
7686,0
7687,0
7688,0
7689,0
7690,0
7691,20
7692,0
7693,0
7694,0
7695,35
7696,0
7697,0
7698,0
7699,0
7700,0
7701,24
7702,0
7703,0
7704,0
7705,0
7706,31
7707,0
7708,17
7709,28
7710,0
7711,40
7712,0
7713,0
7714,0
7715,0
7716,0
7717,0
7718,0
7719,0
7720,0
7721,26
7722,20
7723,0
7724,0
7725,22
7726,22
7727,0
7728,0
7729,0
7730,0
7731,0
7732,19
7733,0
7734,0
7735,0
7736,0
7737,0
7738,31
7739,0
7740,21
7741,0
7742,0
7743,0
7744,24
7745,0
7746,23
7747,33
7748,0
7749,19
7750,25
7751,0
7752,25
7753,28
7754,26
7755,39
7756,0
7757,0
7758,0
7759,0
7760,0
7761,33
7762,0
7763,0
7764,0
7765,0
7766,21
7767,0
7768,0
7769,0
7770,0
7771,0
7772,21
7773,0
7774,32
7775,0
7776,0
7777,31
7778,30
7779,24
7780,0
7781,0
7782,0
7783,0
7784,0
7785,0
7786,0
7787,0
7788,24
7789,18
7790,0
7791,37
7792,0
7793,0
7794,0
7795,24
7796,18
7797,0
7798,0
7799,0
7800,0
7801,0
7802,0
7803,0
7804,0
7805,0
7806,0
7807,0
7808,0
7809,0
7810,0
7811,0
7812,0
7813,0
7814,0
7815,0
7816,0
7817,0
7818,0
7819,0
7820,0
7821,0
7822,0
7823,0
7824,0
7825,0
7826,0
7827,0
7828,0
7829,0
7830,0
7831,0
7832,0
7833,0
7834,0
7835,0
7836,0
7837,0
7838,0
7839,0
7840,0
7841,0
7842,0
7843,0
7844,0
7845,0
7846,0
7847,0
7848,0
7849,0
7850,0
7851,0
7852,0
7853,0
7854,0
7855,0
7856,0
7857,0
7858,0
7859,0
7860,0
7861,0
7862,0
7863,0
7864,0
7865,0
7866,0
7867,0
7868,0
7869,0
7870,0
7871,0
7872,0
7873,0
7874,0
7875,0
7876,0
7877,0
7878,0
7879,0
7880,0
7881,1
7882,0
7883,0
7884,0
7885,0
7886,0
7887,0
7888,0
7889,0
7890,0
7891,0
7892,0
7893,0
7894,0
7895,0
7896,0
7897,0
7898,0
7899,0
7900,0
7901,0
7902,0
7903,0
7904,0
7905,0
7906,0
7907,0
7908,0
7909,0
7910,0
7911,0
7912,0
7913,0
7914,0
7915,0
7916,0
7917,0
7918,0
7919,0
7920,0
7921,0
7922,0
7923,0
7924,0
7925,0
7926,0
7927,0
7928,0
7929,0
7930,0
7931,0
7932,0
7933,0
7934,0
7935,0
7936,0
7937,0
7938,0
7939,0
7940,0
7941,0
7942,0
7943,0
7944,0
7945,0
7946,0
7947,0
7948,0
7949,0
7950,0
7951,0
7952,0
7953,0
7954,0
7955,0
7956,0
7957,0
7958,0
7959,0
7960,0
7961,0
7962,0
7963,0
7964,0
7965,0
7966,0
7967,0
7968,0
7969,0
7970,0
7971,0
7972,0
7973,0
7974,0
7975,0
7976,0
7977,0
7978,0
7979,0
7980,0
7981,0
7982,0
7983,0
7984,0
7985,0
7986,0
7987,0
7988,0
7989,0
7990,0
7991,0
7992,0
7993,0
7994,0
7995,0
7996,0
7997,0
7998,0
7999,0
8000,0
8001,0
8002,0
8003,0
8004,0
8005,0
8006,0
8007,0
8008,0
8009,0
8010,0
8011,0
8012,0
8013,0
8014,0
8015,0
8016,0
8017,0
8018,0
8019,0
8020,0
8021,0
8022,0
8023,0
8024,0
8025,0
8026,0
8027,0
8028,0
8029,0
8030,0
8031,0
8032,0
8033,0
8034,0
8035,0
8036,0
8037,0
8038,0
8039,0
8040,0
8041,0
8042,0
8043,0
8044,0
8045,0
8046,0
8047,0
8048,0
8049,0
8050,0
8051,0
8052,0
8053,0
8054,0
8055,0
8056,0
8057,0
8058,0
8059,0
8060,0
8061,0
8062,0
8063,0
8064,0
8065,0
8066,0
8067,0
8068,0
8069,0
8070,0
8071,0
8072,0
8073,0
8074,0
8075,0
8076,0
8077,0
8078,0
8079,0
8080,0
8081,0
8082,0
8083,0
8084,3
8085,0
8086,7
8087,0
8088,0
8089,0
8090,0
8091,0
8092,0
8093,1
8094,0
8095,0
8096,0
8097,0
8098,0
8099,0
8100,0
8101,0
8102,0
8103,8
8104,0
8105,4
8106,0
8107,0
8108,3
8109,0
8110,0
8111,0
8112,0
8113,0
8114,0
8115,0
8116,0
8117,0
8118,0
8119,8
8120,0
8121,0
8122,0
8123,0
8124,0
8125,0
8126,0
8127,0
8128,3
8129,0
8130,0
8131,0
8132,0
8133,0
8134,0
8135,0
8136,0
8137,0
8138,0
8139,0
8140,0
8141,0
8142,0
8143,0
8144,8
8145,0
8146,0
8147,0
8148,0
8149,7
8150,2
8151,0
8152,0
8153,0
8154,0
8155,0
8156,0
8157,0
8158,0
8159,0
8160,0
8161,4
8162,0
8163,0
8164,0
8165,0
8166,0
8167,0
8168,0
8169,0
8170,0
8171,0
8172,0
8173,0
8174,0
8175,1
8176,0
8177,0
8178,0
8179,0
8180,0
8181,0
8182,0
8183,0
8184,0
8185,0
8186,7
8187,0
8188,0
8189,0
8190,0
8191,0
8192,0
8193,0
8194,0
8195,0
8196,0
8197,4
8198,0
8199,0
8200,0
8201,0
8202,0
8203,0
8204,0
8205,0
8206,0
8207,0
8208,0
8209,0
8210,0
8211,0
8212,0
8213,0
8214,0
8215,0
8216,0
8217,0
8218,0
8219,0
8220,0
8221,0
8222,0
8223,0
8224,0
8225,0
8226,0
8227,0
8228,0
8229,0
8230,0
8231,0
8232,0
8233,0
8234,0
8235,0
8236,0
8237,0
8238,0
8239,0
8240,0
8241,0
8242,0
8243,0
8244,0
8245,0
8246,0
8247,1
8248,0
8249,0
8250,0
8251,0
8252,0
8253,0
8254,0
8255,0
8256,0
8257,0
8258,0
8259,2
8260,0
8261,0
8262,0
8263,0
8264,2
8265,0
8266,0
8267,0
8268,0
8269,0
8270,0
8271,0
8272,0
8273,0
8274,3
8275,6
8276,0
8277,0
8278,0
8279,0
8280,0
8281,0
8282,0
8283,0
8284,0
8285,0
8286,0
8287,3
8288,5
8289,0
8290,0
8291,0
8292,0
8293,0
8294,0
8295,0
8296,0
8297,0
8298,10
8299,0
8300,0
8301,0
8302,0
8303,0
8304,0
8305,0
8306,0
8307,0
8308,0
8309,0
8310,0
8311,0
8312,0
8313,0
8314,0
8315,0
8316,0
8317,5
8318,0
8319,0
8320,0
8321,0
8322,0
8323,0
8324,0
8325,0
8326,0
8327,0
8328,0
8329,0
8330,0
8331,0
8332,0
8333,0
8334,0
8335,0
8336,0
8337,0
8338,0
8339,0
8340,0
8341,0
8342,0
8343,4
8344,0
8345,5
8346,0
8347,0
8348,0
8349,0
8350,0
8351,0
8352,0
8353,0
8354,0
8355,0
8356,0
8357,0
8358,0
8359,0
8360,7
8361,0
8362,0
8363,4
8364,0
8365,0
8366,0
8367,3
8368,0
8369,0
8370,0
8371,0
8372,0
8373,0
8374,0
8375,0
8376,0
8377,8
8378,0
8379,0
8380,0
8381,0
8382,0
8383,3
8384,0
8385,0
8386,0
8387,2
8388,0
8389,0
8390,0
8391,0
8392,0
8393,0
8394,0
8395,0
8396,0
8397,0
8398,0
8399,0
8400,0
8401,0
8402,3
8403,0
8404,4
8405,0
8406,0
8407,0
8408,0
8409,0
8410,0
8411,0
8412,0
8413,0
8414,0
8415,0
8416,0
8417,0
8418,0
8419,0
8420,0
8421,0
8422,0
8423,0
8424,0
8425,0
8426,0
8427,5
8428,0
8429,8
8430,0
8431,0
8432,12
8433,0
8434,0
8435,0
8436,0
8437,6
8438,0
8439,0
8440,0
8441,0
8442,0
8443,0
8444,0
8445,0
8446,0
8447,0
8448,0
8449,3
8450,0
8451,0
8452,0
8453,0
8454,0
8455,0
8456,0
8457,0
8458,0
8459,2
8460,0
8461,0
8462,0
8463,0
8464,2
8465,0
8466,0
8467,0
8468,0
8469,0
8470,0
8471,0
8472,0
8473,0
8474,0
8475,1
8476,0
8477,0
8478,0
8479,0
8480,0
8481,0
8482,4
8483,0
8484,0
8485,0
8486,0
8487,0
8488,0
8489,0
8490,0
8491,0
8492,0
8493,0
8494,0
8495,0
8496,0
8497,0
8498,0
8499,0
8500,0
8501,0
8502,0
8503,0
8504,0
8505,0
8506,0
8507,10
8508,0
8509,6
8510,0
8511,0
8512,0
8513,0
8514,0
8515,0
8516,4
8517,0
8518,0
8519,0
8520,0
8521,1
8522,0
8523,1
8524,0
8525,0
8526,0
8527,0
8528,0
8529,0
8530,0
8531,1
8532,0
8533,0
8534,7
8535,0
8536,0
8537,0
8538,0
8539,0
8540,0
8541,0
8542,0
8543,0
8544,0
8545,0
8546,2
8547,0
8548,0
8549,5
8550,0
8551,0
8552,0
8553,4
8554,0
8555,0
8556,0
8557,0
8558,0
8559,0
8560,4
8561,0
8562,0
8563,0
8564,2
8565,0
8566,0
8567,0
8568,4
8569,0
8570,0
8571,0
8572,0
8573,0
8574,4
8575,0
8576,0
8577,0
8578,0
8579,0
8580,4
8581,0
8582,0
8583,0
8584,0
8585,0
8586,0
8587,0
8588,0
8589,0
8590,0
8591,0
8592,0
8593,0
8594,0
8595,0
8596,0
8597,7
8598,0
8599,0
8600,0
8601,6
8602,0
8603,2
8604,0
8605,0
8606,0
8607,0
8608,0
8609,0
8610,0
8611,0
8612,0
8613,0
8614,0
8615,0
8616,0
8617,0
8618,0
8619,0
8620,0
8621,0
8622,5
8623,0
8624,0
8625,0
8626,0
8627,0
8628,0
8629,0
8630,0
8631,0
8632,0
8633,0
8634,2
8635,0
8636,0
8637,0
8638,0
8639,5
8640,0
8641,3
8642,0
8643,0
8644,0
8645,0
8646,1
8647,0
8648,0
8649,0
8650,2
8651,0
8652,0
8653,0
8654,0
8655,0
8656,0
8657,0
8658,0
8659,0
8660,0
8661,0
8662,0
8663,0
8664,0
8665,0
8666,0
8667,0
8668,0
8669,0
8670,0
8671,0
8672,0
8673,0
8674,0
8675,0
8676,0
8677,0
8678,0
8679,0
8680,0
8681,0
8682,0
8683,2
8684,0
8685,0
8686,6
8687,0
8688,0
8689,0
8690,0
8691,0
8692,0
8693,0
8694,0
8695,0
8696,0
8697,0
8698,0
8699,0
8700,0
8701,0
8702,0
8703,0
8704,0
8705,0
8706,5
8707,0
8708,0
8709,0
8710,0
8711,6
8712,0
8713,0
8714,0
8715,0
8716,0
8717,2
8718,0
8719,0
8720,0
8721,0
8722,0
8723,0
8724,0
8725,0
8726,0
8727,0
8728,0
8729,2
8730,4
8731,5
8732,0
8733,4
8734,0
8735,3
8736,0
8737,0
8738,0
8739,0
8740,5
8741,0
8742,0
8743,0
8744,0
8745,0
8746,0
8747,0
8748,0
8749,0
8750,0
8751,0
8752,0
8753,0
8754,0
8755,0
8756,0
8757,0
8758,0
8759,0
8760,0
8761,0
8762,0
8763,0
8764,0
8765,5
8766,0
8767,0
8768,6
8769,0
8770,0
8771,5
8772,0
8773,0
8774,0
8775,0
8776,0
8777,4
8778,8
8779,0
8780,0
8781,0
8782,0
8783,0
8784,0
8785,0
8786,0
8787,0
8788,0
8789,0
8790,0
8791,0
8792,0
8793,0
8794,0
8795,0
8796,0
8797,0
8798,0
8799,0
8800,0
8801,0
8802,0
8803,0
8804,0
8805,0
8806,0
8807,0
8808,0
8809,0
8810,6
8811,0
8812,0
8813,3
8814,2
8815,0
8816,0
8817,0
8818,0
8819,0
8820,0
8821,0
8822,0
8823,0
8824,0
8825,0
8826,0
8827,0
8828,0
8829,0
8830,0
8831,0
8832,0
8833,4
8834,0
8835,0
8836,0
8837,4
8838,6
8839,0
8840,0
8841,0
8842,0
8843,2
8844,0
8845,0
8846,0
8847,6
8848,0
8849,4
8850,0
8851,3
8852,0
8853,0
8854,0
8855,0
8856,0
8857,0
8858,0
8859,0
8860,0
8861,2
8862,0
8863,0
8864,0
8865,0
8866,0
8867,0
8868,0
8869,0
8870,0
8871,0
8872,0
8873,0
8874,0
8875,0
8876,0
8877,0
8878,0
8879,0
8880,0
8881,0
8882,0
8883,0
8884,10
8885,4
8886,0
8887,0
8888,0
8889,0
8890,0
8891,0
8892,0
8893,4
8894,0
8895,0
8896,4
8897,0
8898,4
8899,0
8900,0
8901,0
8902,4
8903,0
8904,0
8905,2
8906,0
8907,0
8908,0
8909,0
8910,2
8911,0
8912,0
8913,0
8914,0
8915,0
8916,0
8917,0
8918,0
8919,0
8920,2
8921,0
8922,0
8923,4
8924,0
8925,0
8926,3
8927,0
8928,0
8929,0
8930,2
8931,0
8932,0
8933,0
8934,0
8935,0
8936,0
8937,0
8938,6
8939,0
8940,0
8941,0
8942,0
8943,0
8944,0
8945,0
8946,0
8947,0
8948,0
8949,0
8950,0
8951,1
8952,0
8953,0
8954,0
8955,0
8956,0
8957,28
8958,0
8959,0
8960,0
8961,0
8962,0
8963,32
8964,0
8965,0
8966,0
8967,0
8968,0
8969,0
8970,0
8971,0
8972,49
8973,0
8974,0
8975,0
8976,0
8977,0
8978,0
8979,0
8980,0
8981,0
8982,0
8983,0
8984,0
8985,0
8986,0
8987,0
8988,0
8989,0
8990,0
8991,32
8992,0
8993,29
8994,0
8995,0
8996,0
8997,0
8998,0
8999,0
9000,0
9001,0
9002,0
9003,0
9004,0
9005,0
9006,0
9007,0
9008,29
9009,0
9010,0
9011,0
9012,0
9013,0
9014,0
9015,0
9016,0
9017,0
9018,0
9019,0
9020,0
9021,0
9022,0
9023,0
9024,0
9025,0
9026,0
9027,0
9028,0
9029,24
9030,0
9031,0
9032,30
9033,0
9034,0
9035,24
9036,0
9037,0
9038,0
9039,0
9040,0
9041,0
9042,0
9043,0
9044,0
9045,0
9046,0
9047,0
9048,0
9049,0
9050,0
9051,0
9052,0
9053,0
9054,0
9055,0
9056,0
9057,0
9058,38
9059,0
9060,0
9061,0
9062,0
9063,0
9064,0
9065,0
9066,0
9067,25
9068,0
9069,0
9070,27
9071,24
9072,0
9073,0
9074,0
9075,0
9076,0
9077,0
9078,0
9079,0
9080,0
9081,0
9082,0
9083,26
9084,0
9085,0
9086,0
9087,0
9088,0
9089,0
9090,0
9091,0
9092,0
9093,0
9094,0
9095,15
9096,37
9097,37
9098,0
9099,0
9100,0
9101,0
9102,0
9103,0
9104,0
9105,0
9106,0
9107,0
9108,0
9109,0
9110,0
9111,0
9112,0
9113,20
9114,0
9115,0
9116,0
9117,0
9118,53
9119,0
9120,0
9121,0
9122,0
9123,38
9124,0
9125,0
9126,39
9127,0
9128,35
9129,0
9130,0
9131,0
9132,46
9133,0
9134,0
9135,0
9136,0
9137,0
9138,28
9139,0
9140,0
9141,0
9142,37
9143,0
9144,0
9145,0
9146,0
9147,0
9148,0
9149,0
9150,0
9151,28
9152,0
9153,0
9154,0
9155,0
9156,0
9157,0
9158,0
9159,0
9160,0
9161,0
9162,0
9163,0
9164,0
9165,0
9166,0
9167,0
9168,0
9169,0
9170,22
9171,20
9172,0
9173,0
9174,0
9175,0
9176,0
9177,0
9178,0
9179,0
9180,0
9181,0
9182,23
9183,0
9184,0
9185,0
9186,35
9187,0
9188,0
9189,21
9190,0
9191,0
9192,0
9193,0
9194,0
9195,0
9196,0
9197,0
9198,0
9199,0
9200,39
9201,0
9202,0
9203,0
9204,21
9205,0
9206,0
9207,0
9208,0
9209,31
9210,0
9211,42
9212,0
9213,0
9214,18
9215,0
9216,0
9217,0
9218,0
9219,0
9220,0
9221,0
9222,0
9223,0
9224,0
9225,26
9226,0
9227,22
9228,0
9229,0
9230,0
9231,0
9232,0
9233,0
9234,0
9235,0
9236,0
9237,0
9238,0
9239,0
9240,42
9241,0
9242,0
9243,0
9244,0
9245,0
9246,0
9247,0
9248,56
9249,0
9250,0
9251,0
9252,57
9253,0
9254,0
9255,0
9256,34
9257,0
9258,0
9259,0
9260,0
9261,0
9262,0
9263,0
9264,0
9265,0
9266,0
9267,52
9268,0
9269,0
9270,25
9271,35
9272,0
9273,38
9274,0
9275,38
9276,0
9277,29
9278,0
9279,0
9280,0
9281,0
9282,0
9283,0
9284,0
9285,0
9286,0
9287,0
9288,0
9289,0
9290,53
9291,0
9292,0
9293,0
9294,0
9295,0
9296,0
9297,0
9298,0
9299,0
9300,32
9301,0
9302,0
9303,0
9304,0
9305,0
9306,0
9307,18
9308,0
9309,0
9310,0
9311,0
9312,0
9313,0
9314,30
9315,0
9316,0
9317,0
9318,0
9319,0
9320,0
9321,25
9322,0
9323,0
9324,0
9325,0
9326,0
9327,28
9328,0
9329,35
9330,0
9331,42
9332,0
9333,0
9334,0
9335,0
9336,0
9337,0
9338,0
9339,40
9340,0
9341,0
9342,16
9343,0
9344,0
9345,0
9346,0
9347,0
9348,0
9349,0
9350,0
9351,0
9352,42
9353,0
9354,20
9355,34
9356,0
9357,0
9358,0
9359,0
9360,0
9361,0
9362,0
9363,0
9364,0
9365,0
9366,0
9367,0
9368,0
9369,0
9370,0
9371,0
9372,0
9373,0
9374,0
9375,0
9376,0
9377,0
9378,0
9379,0
9380,0
9381,0
9382,0
9383,0
9384,0
9385,0
9386,0
9387,0
9388,0
9389,0
9390,0
9391,0
9392,0
9393,0
9394,34
9395,0
9396,26
9397,0
9398,0
9399,0
9400,0
9401,0
9402,22
9403,0
9404,0
9405,0
9406,0
9407,0
9408,0
9409,0
9410,23
9411,0
9412,0
9413,0
9414,33
9415,0
9416,21
9417,0
9418,0
9419,0
9420,0
9421,25
9422,0
9423,0
9424,0
9425,0
9426,0
9427,41
9428,0
9429,0
9430,22
9431,34
9432,37
9433,0
9434,0
9435,0
9436,0
9437,0
9438,0
9439,0
9440,0
9441,0
9442,0
9443,0
9444,0
9445,0
9446,25
9447,0
9448,30
9449,0
9450,0
9451,0
9452,0
9453,41
9454,0
9455,0
9456,0
9457,41
9458,0
9459,0
9460,0
9461,31
9462,0
9463,0
9464,0
9465,0
9466,49
9467,29
9468,56
9469,34
9470,0
9471,51
9472,0
9473,0
9474,0
9475,0
9476,0
9477,0
9478,0
9479,0
9480,0
9481,0
9482,0
9483,34
9484,0
9485,0
9486,31
9487,0
9488,26
9489,0
9490,0
9491,34
9492,0
9493,0
9494,0
9495,0
9496,0
9497,0
9498,0
9499,0
9500,0
9501,0
9502,0
9503,40
9504,0
9505,0
9506,0
9507,0
9508,0
9509,0
9510,0
9511,0
9512,0
9513,34
9514,0
9515,0
9516,28
9517,0
9518,0
9519,0
9520,0
9521,0
9522,0
9523,0
9524,0
9525,36
9526,0
9527,0
9528,0
9529,0
9530,0
9531,0
9532,0
9533,0
9534,0
9535,0
9536,0
9537,0
9538,0
9539,0
9540,33
9541,48
9542,0
9543,0
9544,0
9545,22
9546,0
9547,0
9548,0
9549,0
9550,0
9551,0
9552,35
9553,0
9554,0
9555,0
9556,0
9557,38
9558,30
9559,0
9560,0
9561,0
9562,0
9563,0
9564,0
9565,0
9566,0
9567,0
9568,0
9569,0
9570,0
9571,0
9572,0
9573,0
9574,0
9575,0
9576,0
9577,0
9578,0
9579,0
9580,0
9581,0
9582,0
9583,0
9584,0
9585,0
9586,0
9587,0
9588,27
9589,0
9590,0
9591,0
9592,0
9593,0
9594,0
9595,0
9596,27
9597,0
9598,0
9599,0
9600,0
9601,28
9602,0
9603,0
9604,0
9605,0
9606,0
9607,0
9608,0
9609,0
9610,0
9611,0
9612,0
9613,0
9614,0
9615,0
9616,0
9617,0
9618,0
9619,0
9620,36
9621,0
9622,0
9623,0
9624,0
9625,0
9626,0
9627,0
9628,0
9629,0
9630,0
9631,0
9632,0
9633,16
9634,0
9635,0
9636,0
9637,0
9638,0
9639,0
9640,0
9641,0
9642,0
9643,0
9644,38
9645,0
9646,0
9647,51
9648,0
9649,0
9650,0
9651,0
9652,0
9653,0
9654,43
9655,0
9656,39
9657,0
9658,0
9659,0
9660,0
9661,0
9662,0
9663,0
9664,0
9665,0
9666,0
9667,21
9668,0
9669,0
9670,0
9671,0
9672,0
9673,0
9674,0
9675,0
9676,0
9677,0
9678,0
9679,0
9680,0
9681,0
9682,0
9683,0
9684,0
9685,0
9686,0
9687,18
9688,0
9689,0
9690,0
9691,0
9692,0
9693,0
9694,0
9695,0
9696,0
9697,0
9698,0
9699,0
9700,0
9701,0
9702,0
9703,68
9704,0
9705,0
9706,0
9707,0
9708,0
9709,0
9710,0
9711,0
9712,0
9713,0
9714,0
9715,0
9716,0
9717,0
9718,0
9719,0
9720,0
9721,29
9722,0
9723,0
9724,0
9725,0
9726,0
9727,0
9728,0
9729,53
9730,0
9731,0
9732,0
9733,0
9734,0
9735,0
9736,0
9737,0
9738,0
9739,0
9740,0
9741,36
9742,0
9743,0
9744,20
9745,0
9746,0
9747,0
9748,0
9749,0
9750,0
9751,0
9752,0
9753,0
9754,0
9755,33
9756,0
9757,0
9758,0
9759,0
9760,0
9761,0
9762,30
9763,0
9764,0
9765,0
9766,0
9767,0
9768,0
9769,26
9770,0
9771,0
9772,23
9773,0
9774,0
9775,0
9776,0
9777,0
9778,0
9779,0
9780,0
9781,0
9782,0
9783,0
9784,0
9785,41
9786,0
9787,0
9788,0
9789,23
9790,0
9791,0
9792,0
9793,0
9794,0
9795,0
9796,0
9797,0
9798,0
9799,0
9800,0
9801,0
9802,30
9803,0
9804,0
9805,0
9806,0
9807,0
9808,0
9809,0
9810,0
9811,0
9812,0
9813,0
9814,0
9815,41
9816,0
9817,0
9818,0
9819,0
9820,0
9821,0
9822,0
9823,0
9824,0
9825,48
9826,0
9827,0
9828,0
9829,0
9830,51
9831,0
9832,0
9833,0
9834,0
9835,0
9836,0
9837,48
9838,0
9839,0
9840,0
9841,0
9842,0
9843,0
9844,0
9845,0
9846,0
9847,30
9848,0
9849,0
9850,0
9851,0
9852,0
9853,30
9854,0
9855,0
9856,0
9857,0
9858,0
9859,0
9860,0
9861,44
9862,0
9863,0
9864,0
9865,0
9866,0
9867,30
9868,51
9869,0
9870,0
9871,52
9872,0
9873,0
9874,0
9875,24
9876,0
9877,0
9878,0
9879,49
9880,33
9881,0
9882,0
9883,38
9884,0
9885,56
9886,0
9887,0
9888,42
9889,0
9890,0
9891,34
9892,0
9893,0
9894,0
9895,48
9896,37
9897,0
9898,0
9899,0
9900,0
9901,51
9902,0
9903,50
9904,0
9905,0
9906,0
9907,0
9908,0
9909,0
9910,0
9911,0
9912,0
9913,0
9914,56
9915,45
9916,36
9917,0
9918,0
9919,0
9920,0
9921,0
9922,0
9923,0
9924,57
9925,0
9926,0
9927,0
9928,0
9929,0
9930,0
9931,32
9932,0
9933,0
9934,0
9935,0
9936,34
9937,41
9938,44
9939,46
9940,0
9941,0
9942,0
9943,0
9944,0
9945,0
9946,43
9947,0
9948,0
9949,0
9950,0
9951,37
9952,0
9953,0
9954,0
9955,0
9956,44
9957,0
9958,59
9959,0
9960,0
9961,0
9962,0
9963,0
9964,0
9965,40
9966,44
9967,0
9968,0
9969,0
9970,0
9971,0
9972,0
9973,0
9974,29
9975,0
9976,37
9977,47
9978,0
9979,46
9980,0
9981,0
9982,0
9983,0
9984,0
9985,46
9986,0
9987,0
9988,0
9989,31
9990,0
9991,0
9992,0
9993,0
9994,34
9995,49
9996,0
9997,44
9998,0
9999,0
10000,30
10001,41
10002,25
10003,0
10004,46
10005,0
10006,0
10007,0
10008,51
10009,0
10010,0
10011,0
10012,0
10013,0
10014,34
10015,0
10016,0
10017,0
10018,0
10019,0
10020,26
10021,0
10022,0
10023,0
10024,0
10025,51
10026,34
10027,0
10028,0
10029,0
10030,35
10031,0
10032,0
10033,41
10034,43
10035,0
10036,0
10037,0
10038,48
10039,57
10040,0
10041,0
10042,36
10043,43
10044,0
10045,0
10046,0
10047,0
10048,0
10049,0
10050,0
10051,0
10052,0
10053,0
10054,33
10055,0
10056,0
10057,0
10058,0
10059,0
10060,0
10061,0
10062,0
10063,34
10064,0
10065,0
10066,0
10067,61
10068,0
10069,22
10070,0
10071,50
10072,0
10073,0
10074,47
10075,0
10076,0
10077,41
10078,0
10079,58
10080,0
10081,0
10082,0
10083,0
10084,0
10085,0
10086,42
10087,0
10088,0
10089,0
10090,44
10091,33
10092,33
10093,40
10094,0
10095,0
10096,0
10097,0
10098,0
10099,0
10100,0
10101,0
10102,0
10103,0
10104,0
10105,43
10106,0
10107,36
10108,0
10109,27
10110,0
10111,37
10112,25
10113,0
10114,0
10115,0
10116,0
10117,0
10118,46
10119,0
10120,0
10121,0
10122,0
10123,0
10124,0
10125,0
10126,0
10127,0
10128,0
10129,0
10130,30
10131,0
10132,35
10133,0
10134,0
10135,0
10136,32
10137,0
10138,0
10139,39
10140,0
10141,33
10142,0
10143,44
10144,38
10145,0
10146,0
10147,38
10148,0
10149,0
10150,0
10151,0
10152,42
10153,0
10154,37
10155,0
10156,42
10157,0
10158,49
10159,0
10160,0
10161,0
10162,0
10163,0
10164,0
10165,0
10166,51
10167,45
10168,0
10169,0
10170,0
10171,0
10172,0
10173,0
10174,0
10175,0
10176,0
10177,0
10178,40
10179,32
10180,0
10181,0
10182,0
10183,0
10184,0
10185,49
10186,35
10187,30
10188,33
10189,0
10190,0
10191,0
10192,0
10193,0
10194,0
10195,0
10196,25
10197,0
10198,0
10199,0
10200,0
10201,0
10202,0
10203,0
10204,0
10205,26
10206,0
10207,0
10208,0
10209,22
10210,0
10211,0
10212,0
10213,0
10214,0
10215,0
10216,0
10217,0
10218,0
10219,0
10220,0
10221,0
10222,0
10223,0
10224,0
10225,0
10226,0
10227,0
10228,0
10229,0
10230,0
10231,0
10232,0
10233,0
10234,0
10235,0
10236,0
10237,0
10238,0
10239,0
10240,0
10241,0
10242,0
10243,0
10244,29
10245,0
10246,0
10247,27
10248,0
10249,0
10250,0
10251,0
10252,0
10253,0
10254,0
10255,0
10256,0
10257,23
10258,0
10259,0
10260,25
10261,0
10262,0
10263,0
10264,0
10265,27
10266,0
10267,0
10268,21
10269,0
10270,0
10271,25
10272,16
10273,11
10274,0
10275,0
10276,17
10277,0
10278,0
10279,0
10280,0
10281,0
10282,0
10283,25
10284,0
10285,34
10286,0
10287,0
10288,0
10289,0
10290,0
10291,0
10292,0
10293,0
10294,19
10295,0
10296,14
10297,0
10298,0
10299,0
10300,0
10301,31
10302,11
10303,0
10304,0
10305,0
10306,0
10307,19
10308,0
10309,0
10310,0
10311,0
10312,0
10313,0
10314,0
10315,0
10316,0
10317,0
10318,0
10319,0
10320,0
10321,0
10322,0
10323,0
10324,0
10325,0
10326,0
10327,0
10328,0
10329,15
10330,0
10331,0
10332,23
10333,0
10334,0
10335,0
10336,0
10337,0
10338,0
10339,0
10340,24
10341,0
10342,21
10343,0
10344,35
10345,0
10346,0
10347,0
10348,0
10349,0
10350,0
10351,0
10352,0
10353,0
10354,0
10355,0
10356,0
10357,0
10358,0
10359,0
10360,0
10361,0
10362,0
10363,22
10364,0
10365,0
10366,0
10367,0
10368,0
10369,0
10370,0
10371,0
10372,0
10373,0
10374,0
10375,0
10376,0
10377,0
10378,0
10379,27
10380,0
10381,0
10382,0
10383,18
10384,0
10385,0
10386,21
10387,0
10388,22
10389,19
10390,23
10391,18
10392,30
10393,0
10394,0
10395,0
10396,0
10397,0
10398,22
10399,16
10400,0
10401,0
10402,0
10403,26
10404,0
10405,0
10406,17
10407,0
10408,0
10409,0
10410,0
10411,0
10412,23
10413,0
10414,21
10415,0
10416,0
10417,27
10418,0
10419,0
10420,0
10421,18
10422,0
10423,23
10424,0
10425,0
10426,0
10427,0
10428,0
10429,0
10430,0
10431,0
10432,0
10433,0
10434,0
10435,30
10436,25
10437,0
10438,23
10439,0
10440,0
10441,0
10442,0
10443,21
10444,31
10445,28
10446,0
10447,0
10448,0
10449,0
10450,0
10451,0
10452,0
10453,0
10454,0
10455,0
10456,0
10457,0
10458,0
10459,0
10460,36
10461,0
10462,0
10463,0
10464,0
10465,0
10466,0
10467,0
10468,0
10469,0
10470,19
10471,0
10472,0
10473,0
10474,0
10475,0
10476,0
10477,21
10478,0
10479,0
10480,0
10481,0
10482,0
10483,0
10484,0
10485,0
10486,0
10487,0
10488,0
10489,0
10490,2
10491,0
10492,2
10493,0
10494,0
10495,0
10496,0
10497,0
10498,4
10499,0
10500,0
10501,0
10502,0
10503,0
10504,0
10505,0
10506,0
10507,0
10508,0
10509,0
10510,7
10511,0
10512,0
10513,0
10514,0
10515,0
10516,0
10517,0
10518,0
10519,0
10520,0
10521,0
10522,0
10523,0
10524,0
10525,0
10526,2
10527,2
10528,1
10529,3
10530,0
10531,0
10532,0
10533,0
10534,0
10535,0
10536,0
10537,0
10538,4
10539,0
10540,2
10541,0
10542,0
10543,0
10544,0
10545,0
10546,0
10547,0
10548,0
10549,0
10550,0
10551,0
10552,0
10553,0
10554,0
10555,0
10556,0
10557,5
10558,0
10559,0
10560,0
10561,0
10562,0
10563,5
10564,0
10565,2
10566,0
10567,2
10568,0
10569,0
10570,5
10571,0
10572,0
10573,0
10574,0
10575,1
10576,0
10577,0
10578,0
10579,0
10580,5
10581,0
10582,0
10583,0
10584,0
10585,0
10586,0
10587,3
10588,0
10589,0
10590,2
10591,0
10592,0
10593,0
10594,0
10595,0
10596,0
10597,3
10598,0
10599,0
10600,0
10601,0
10602,0
10603,0
10604,0
10605,0
10606,0
10607,0
10608,0
10609,0
10610,0
10611,0
10612,0
10613,0
10614,0
10615,0
10616,5
10617,0
10618,0
10619,0
10620,0
10621,0
10622,0
10623,0
10624,0
10625,0
10626,0
10627,0
10628,0
10629,0
10630,4
10631,0
10632,0
10633,0
10634,0
10635,6
10636,0
10637,0
10638,0
10639,2
10640,0
10641,0
10642,0
10643,0
10644,0
10645,0
10646,0
10647,0
10648,0
10649,0
10650,0
10651,3
10652,0
10653,0
10654,0
10655,0
10656,0
10657,0
10658,5
10659,0
10660,3
10661,0
10662,0
10663,0
10664,0
10665,0
10666,0
10667,0
10668,1
10669,5
10670,0
10671,3
10672,0
10673,0
10674,0
10675,0
10676,0
10677,0
10678,3
10679,3
10680,0
10681,0
10682,0
10683,0
10684,0
10685,0
10686,0
10687,0
10688,0
10689,0
10690,0
10691,0
10692,0
10693,0
10694,0
10695,0
10696,2
10697,0
10698,0
10699,1
10700,0
10701,0
10702,0
10703,0
10704,0
10705,0
10706,0
10707,0
10708,0
10709,0
10710,0
10711,0
10712,0
10713,0
10714,0
10715,0
10716,4
10717,0
10718,2
10719,0
10720,4
10721,0
10722,0
10723,0
10724,4
10725,0
10726,0
10727,0
10728,0
10729,0
10730,0
10731,0
10732,2
10733,0
10734,0
10735,0
10736,0
10737,1
10738,0
10739,0
10740,0
10741,4
10742,0
10743,0
10744,0
10745,0
10746,0
10747,0
10748,6
10749,0
10750,4
10751,0
10752,0
10753,0
10754,0
10755,0
10756,0
10757,0
10758,0
10759,3
10760,0
10761,0
10762,0
10763,0
10764,4
10765,0
10766,0
10767,0
10768,0
10769,0
10770,2
10771,1
10772,0
10773,0
10774,0
10775,2
10776,0
10777,0
10778,0
10779,0
10780,0
10781,0
10782,2
10783,0
10784,0
10785,3
10786,0
10787,0
10788,0
10789,5
10790,0
10791,0
10792,0
10793,0
10794,0
10795,0
10796,0
10797,3
10798,0
10799,0
10800,0
10801,0
10802,0
10803,0
10804,0
10805,0
10806,0
10807,4
10808,0
10809,0
10810,0
10811,0
10812,0
10813,0
10814,0
10815,0
10816,0
10817,0
10818,0
10819,0
10820,0
10821,2
10822,0
10823,0
10824,0
10825,1
10826,0
10827,0
10828,0
10829,0
10830,0
10831,0
10832,0
10833,4
10834,0
10835,0
10836,0
10837,0
10838,0
10839,0
10840,0
10841,0
10842,0
10843,0
10844,0
10845,0
10846,0
10847,0
10848,0
10849,0
10850,0
10851,0
10852,0
10853,0
10854,0
10855,0
10856,0
10857,0
10858,0
10859,3
10860,2
10861,0
10862,0
10863,0
10864,0
10865,0
10866,0
10867,0
10868,0
10869,5
10870,0
10871,0
10872,0
10873,0
10874,0
10875,0
10876,0
10877,0
10878,1
10879,0
10880,0
10881,0
10882,0
10883,0
10884,0
10885,0
10886,0
10887,0
10888,0
10889,0
10890,0
10891,0
10892,0
10893,0
10894,0
10895,0
10896,0
10897,0
10898,1
10899,0
10900,0
10901,0
10902,0
10903,0
10904,4
10905,0
10906,0
10907,0
10908,2
10909,0
10910,0
10911,0
10912,0
10913,0
10914,0
10915,0
10916,0
10917,0
10918,0
10919,5
10920,0
10921,0
10922,0
10923,3
10924,3
10925,0
10926,0
10927,0
10928,0
10929,0
10930,0
10931,0
10932,7
10933,0
10934,0
10935,0
10936,3
10937,0
10938,2
10939,0
10940,0
10941,0
10942,0
10943,0
10944,0
10945,0
10946,0
10947,0
10948,0
10949,0
10950,0
10951,0
10952,0
10953,0
10954,0
10955,0
10956,0
10957,0
10958,0
10959,0
10960,0
10961,0
10962,0
10963,0
10964,0
10965,0
10966,0
10967,0
10968,0
10969,0
10970,0
10971,0
10972,3
10973,0
10974,0
10975,1
10976,0
10977,0
10978,0
10979,0
10980,3
10981,2
10982,0
10983,0
10984,0
10985,0
10986,5
10987,0
10988,0
10989,0
10990,0
10991,0
10992,0
10993,0
10994,0
10995,0
10996,2
10997,0
10998,0
10999,0
11000,0
11001,0
11002,0
11003,0
11004,0
11005,0
11006,0
11007,0
11008,0
11009,0
11010,0
11011,0
11012,0
11013,4
11014,0
11015,7
11016,0
11017,0
11018,0
11019,2
11020,0
11021,5
11022,0
11023,0
11024,0
11025,0
11026,0
11027,0
11028,0
11029,0
11030,0
11031,0
11032,0
11033,0
11034,0
11035,0
11036,0
11037,0
11038,0
11039,0
11040,0
11041,0
11042,0
11043,4
11044,0
11045,0
11046,0
11047,0
11048,0
11049,0
11050,0
11051,0
11052,0
11053,1
11054,0
11055,1
11056,0
11057,3
11058,0
11059,0
11060,0
11061,0
11062,0
11063,0
11064,3
11065,0
11066,0
11067,0
11068,0
11069,0
11070,0
11071,0
11072,0
11073,0
11074,0
11075,0
11076,0
11077,0
11078,0
11079,0
11080,0
11081,0
11082,0
11083,0
11084,0
11085,0
11086,0
11087,3
11088,0
11089,0
11090,0
11091,0
11092,0
11093,0
11094,0
11095,0
11096,0
11097,0
11098,0
11099,0
11100,0
11101,0
11102,1
11103,0
11104,0
11105,0
11106,0
11107,0
11108,0
11109,0
11110,0
11111,0
11112,0
11113,0
11114,0
11115,0
11116,0
11117,0
11118,0
11119,0
11120,0
11121,0
11122,0
11123,0
11124,0
11125,0
11126,0
11127,4
11128,0
11129,0
11130,0
11131,0
11132,0
11133,0
11134,0
11135,0
11136,0
11137,0
11138,0
11139,0
11140,0
11141,0
11142,4
11143,0
11144,1
11145,0
11146,0
11147,0
11148,4
11149,3
11150,0
11151,0
11152,3
11153,0
11154,0
11155,0
11156,0
11157,0
11158,0
11159,0
11160,0
11161,0
11162,0
11163,0
11164,0
11165,0
11166,0
11167,0
11168,0
11169,0
11170,9
11171,0
11172,0
11173,0
11174,0
11175,0
11176,0
11177,0
11178,0
11179,0
11180,0
11181,0
11182,0
11183,0
11184,0
11185,0
11186,0
11187,0
11188,0
11189,0
11190,0
11191,0
11192,0
11193,0
11194,0
11195,0
11196,0
11197,0
11198,0
11199,0
11200,0
11201,0
11202,0
11203,0
11204,0
11205,0
11206,0
11207,0
11208,2
11209,0
11210,0
11211,0
11212,0
11213,3
11214,0
11215,0
11216,0
11217,0
11218,0
11219,2
11220,0
11221,0
11222,1
11223,0
11224,0
11225,1
11226,0
11227,0
11228,0
11229,0
11230,0
11231,0
11232,0
11233,0
11234,0
11235,0
11236,0
11237,0
11238,0
11239,0
11240,0
11241,0
11242,0
11243,0
11244,0
11245,4
11246,2
11247,0
11248,0
11249,0
11250,0
11251,3
11252,0
11253,3
11254,0
11255,0
11256,3
11257,0
11258,1
11259,0
11260,0
11261,0
11262,0
11263,0
11264,0
11265,0
11266,0
11267,0
11268,0
11269,0
11270,0
11271,11
11272,9
11273,0
11274,0
11275,7
11276,0
11277,0
11278,0
11279,0
11280,0
11281,0
11282,0
11283,0
11284,0
11285,0
11286,0
11287,0
11288,0
11289,0
11290,0
11291,0
11292,0
11293,0
11294,0
11295,0
11296,0
11297,0
11298,0
11299,0
11300,0
11301,0
11302,0
11303,0
11304,0
11305,0
11306,0
11307,0
11308,0
11309,0
11310,0
11311,0
11312,0
11313,0
11314,0
11315,2
11316,0
11317,0
11318,0
11319,0
11320,0
11321,0
11322,0
11323,0
11324,0
11325,0
11326,0
11327,0
11328,0
11329,0
11330,0
11331,0
11332,0
11333,0
11334,2
11335,0
11336,2
11337,0
11338,0
11339,2
11340,0
11341,0
11342,0
11343,1
11344,0
11345,0
11346,0
11347,0
11348,0
11349,0
11350,0
11351,0
11352,0
11353,0
11354,0
11355,0
11356,0
11357,0
11358,9
11359,0
11360,0
11361,0
11362,5
11363,0
11364,0
11365,0
11366,0
11367,0
11368,0
11369,0
11370,0
11371,0
11372,0
11373,0
11374,5
11375,0
11376,0
11377,0
11378,0
11379,0
11380,0
11381,0
11382,0
11383,0
11384,0
11385,0
11386,0
11387,0
11388,0
11389,0
11390,0
11391,0
11392,0
11393,0
11394,0
11395,0
11396,0
11397,0
11398,0
11399,0
11400,0
11401,0
11402,0
11403,0
11404,0
11405,3
11406,0
11407,0
11408,0
11409,8
11410,0
11411,0
11412,0
11413,0
11414,0
11415,7
11416,0
11417,0
11418,3
11419,0
11420,0
11421,0
11422,4
11423,0
11424,0
11425,0
11426,0
11427,0
11428,0
11429,11
11430,0
11431,0
11432,0
11433,0
11434,0
11435,0
11436,0
11437,0
11438,0
11439,0
11440,0
11441,0
11442,0
11443,0
11444,0
11445,0
11446,2
11447,0
11448,0
11449,0
11450,0
11451,0
11452,0
11453,0
11454,0
11455,0
11456,0
11457,0
11458,0
11459,10
11460,0
11461,0
11462,0
11463,0
11464,0
11465,0
11466,0
11467,0
11468,4
11469,1
11470,0
11471,0
11472,0
11473,0
11474,0
11475,5
11476,0
11477,0
11478,0
11479,0
11480,0
11481,0
11482,0
11483,0
11484,0
11485,0
11486,0
11487,0
11488,0
11489,4
11490,0
11491,0
11492,3
11493,0
11494,0
11495,0
11496,2
11497,0
11498,0
11499,0
11500,0
11501,0
11502,0
11503,0
11504,0
11505,0
11506,0
11507,6
11508,0
11509,5
11510,6
11511,0
11512,3
11513,0
11514,0
11515,0
11516,5
11517,0
11518,0
11519,0
11520,0
11521,0
11522,0
11523,0
11524,0
11525,0
11526,0
11527,0
11528,0
11529,0
11530,0
11531,0
11532,0
11533,0
11534,0
11535,0
11536,0
11537,0
11538,0
11539,0
11540,0
11541,0
11542,0
11543,0
11544,0
11545,0
11546,0
11547,12
11548,0
11549,0
11550,9
11551,0
11552,0
11553,0
11554,0
11555,0
11556,0
11557,0
11558,0
11559,0
11560,0
11561,0
11562,0
11563,0
11564,0
11565,0
11566,0
11567,0
11568,0
11569,0
11570,0
11571,0
11572,0
11573,0
11574,0
11575,0
11576,0
11577,0
11578,0
11579,0
11580,0
11581,0
11582,2
11583,0
11584,0
11585,0
11586,0
11587,0
11588,0
11589,0
11590,0
11591,8
11592,0
11593,0
11594,0
11595,0
11596,0
11597,0
11598,0
11599,0
11600,0
11601,0
11602,0
11603,0
11604,0
11605,0
11606,0
11607,7
11608,0
11609,0
11610,0
11611,0
11612,0
11613,8
11614,0
11615,0
11616,0
11617,0
11618,0
11619,0
11620,6
11621,0
11622,9
11623,0
11624,0
11625,0
11626,0
11627,0
11628,0
11629,0
11630,0
11631,0
11632,0
11633,0
11634,0
11635,0
11636,0
11637,0
11638,0
11639,0
11640,0
11641,0
11642,0
11643,0
11644,0
11645,0
11646,0
11647,0
11648,0
11649,0
11650,7
11651,3
11652,0
11653,0
11654,0
11655,15
11656,0
11657,0
11658,4
11659,0
11660,4
11661,0
11662,7
11663,0
11664,0
11665,0
11666,0
11667,0
11668,0
11669,0
11670,0
11671,0
11672,0
11673,0
11674,5
11675,0
11676,0
11677,5
11678,0
11679,0
11680,0
11681,5
11682,0
11683,0
11684,5
11685,0
11686,0
11687,0
11688,0
11689,8
11690,0
11691,0
11692,13
11693,0
11694,0
11695,3
11696,0
11697,0
11698,0
11699,0
11700,0
11701,0
11702,0
11703,0
11704,0
11705,0
11706,0
11707,0
11708,10
11709,0
11710,0
11711,12
11712,0
11713,1
11714,0
11715,0
11716,0
11717,9
11718,9
11719,0
11720,0
11721,0
11722,0
11723,0
11724,0
11725,0
11726,0
11727,0
11728,0
11729,0
11730,0
11731,0
11732,0
11733,0
11734,0
11735,0
11736,8
11737,0
11738,0
11739,0
11740,0
11741,0
11742,9
11743,0
11744,8
11745,8
11746,8
11747,0
11748,0
11749,5
11750,0
11751,0
11752,0
11753,0
11754,0
11755,0
11756,10
11757,0
11758,5
11759,0
11760,0
11761,0
11762,0
11763,0
11764,3
11765,0
11766,13
11767,0
11768,0
11769,0
11770,0
11771,0
11772,0
11773,0
11774,0
11775,0
11776,0
11777,0
11778,0
11779,2
11780,0
11781,0
11782,0
11783,0
11784,0
11785,3
11786,0
11787,0
11788,7
11789,0
11790,0
11791,0
11792,0
11793,0
11794,0
11795,5
11796,0
11797,0
11798,0
11799,0
11800,0
11801,0
11802,0
11803,9
11804,0
11805,0
11806,0
11807,9
11808,0
11809,0
11810,13
11811,0
11812,0
11813,11
11814,0
11815,0
11816,0
11817,0
11818,0
11819,0
11820,0
11821,0
11822,0
11823,0
11824,0
11825,0
11826,0
11827,25
11828,0
11829,0
11830,28
11831,0
11832,0
11833,19
11834,0
11835,17
11836,0
11837,0
11838,0
11839,0
11840,30
11841,0
11842,26
11843,0
11844,0
11845,40
11846,0
11847,0
11848,0
11849,0
11850,0
11851,0
11852,32
11853,0
11854,0
11855,0
11856,24
11857,31
11858,0
11859,0
11860,0
11861,0
11862,0
11863,0
11864,0
11865,0
11866,0
11867,0
11868,0
11869,0
11870,0
11871,0
11872,0
11873,0
11874,0
11875,0
11876,0
11877,0
11878,0
11879,0
11880,0
11881,30
11882,0
11883,0
11884,0
11885,0
11886,0
11887,0
11888,30
11889,0
11890,23
11891,30
11892,0
11893,0
11894,0
11895,19
11896,0
11897,0
11898,42
11899,0
11900,0
11901,0
11902,37
11903,0
11904,0
11905,0
11906,0
11907,0
11908,0
11909,0
11910,0
11911,0
11912,0
11913,0
11914,0
11915,27
11916,24
11917,20
11918,0
11919,0
11920,0
11921,0
11922,0
11923,0
11924,0
11925,0
11926,0
11927,0
11928,0
11929,0
11930,0
11931,36
11932,0
11933,0
11934,33
11935,0
11936,39
11937,0
11938,32
11939,0
11940,0
11941,0
11942,0
11943,0
11944,0
11945,0
11946,0
11947,0
11948,0
11949,0
11950,0
11951,0
11952,0
11953,0
11954,0
11955,0
11956,0
11957,0
11958,0
11959,0
11960,0
11961,27
11962,0
11963,0
11964,0
11965,0
11966,0
11967,0
11968,0
11969,0
11970,0
11971,0
11972,0
11973,0
11974,0
11975,0
11976,0
11977,0
11978,0
11979,34
11980,0
11981,0
11982,0
11983,0
11984,0
11985,0
11986,0
11987,0
11988,0
11989,0
11990,0
11991,27
11992,0
11993,0
11994,0
11995,0
11996,0
11997,0
11998,0
11999,23
12000,0
12001,19
12002,0
12003,0
12004,0
12005,0
12006,0
12007,0
12008,0
12009,0
12010,0
12011,0
12012,0
12013,0
12014,0
12015,0
12016,0
12017,0
12018,0
12019,0
12020,0
12021,0
12022,0
12023,0
12024,0
12025,0
12026,0
12027,0
12028,0
12029,0
12030,0
12031,0
12032,0
12033,0
12034,0
12035,0
12036,0
12037,0
12038,0
12039,0
12040,0
12041,0
12042,0
12043,0
12044,0
12045,0
12046,0
12047,37
12048,0
12049,0
12050,30
12051,20
12052,0
12053,0
12054,0
12055,0
12056,0
12057,0
12058,29
12059,0
12060,0
12061,0
12062,24
12063,0
12064,0
12065,0
12066,32
12067,0
12068,0
12069,29
12070,0
12071,30
12072,0
12073,0
12074,0
12075,0
12076,0
12077,0
12078,0
12079,26
12080,46
12081,0
12082,0
12083,0
12084,0
12085,29
12086,0
12087,0
12088,31
12089,41
12090,22
12091,0
12092,0
12093,25
12094,38
12095,0
12096,0
12097,0
12098,0
12099,0
12100,0
12101,34
12102,0
12103,0
12104,0
12105,0
12106,0
12107,0
12108,0
12109,0
12110,0
12111,0
12112,33
12113,0
12114,0
12115,0
12116,0
12117,0
12118,0
12119,0
12120,0
12121,0
12122,0
12123,0
12124,0
12125,0
12126,0
12127,0
12128,0
12129,0
12130,0
12131,0
12132,0
12133,0
12134,0
12135,21
12136,0
12137,0
12138,0
12139,0
12140,0
12141,43
12142,0
12143,0
12144,26
12145,31
12146,0
12147,0
12148,28
12149,0
12150,14
12151,0
12152,0
12153,0
12154,0
12155,0
12156,0
12157,0
12158,39
12159,0
12160,0
12161,21
12162,0
12163,0
12164,0
12165,0
12166,0
12167,29
12168,0
12169,0
12170,0
12171,0
12172,0
12173,0
12174,0
12175,0
12176,0
12177,25
12178,0
12179,0
12180,0
12181,0
12182,0
12183,0
12184,0
12185,0
12186,0
12187,0
12188,0
12189,0
12190,0
12191,0
12192,39
12193,0
12194,0
12195,0
12196,0
12197,0
12198,0
12199,34
12200,0
12201,30
12202,0
12203,0
12204,30
12205,0
12206,0
12207,0
12208,0
12209,21
12210,0
12211,0
12212,27
12213,0
12214,35
12215,0
12216,27
12217,0
12218,0
12219,0
12220,0
12221,0
12222,0
12223,0
12224,0
12225,0
12226,0
12227,0
12228,0
12229,0
12230,29
12231,0
12232,0
12233,0
12234,0
12235,0
12236,0
12237,28
12238,20
12239,0
12240,0
12241,31
12242,0
12243,0
12244,0
12245,0
12246,0
12247,0
12248,0
12249,0
12250,33
12251,0
12252,0
12253,0
12254,0
12255,0
12256,0
12257,0
12258,0
12259,0
12260,33
12261,0
12262,0
12263,0
12264,0
12265,0
12266,0
12267,0
12268,0
12269,0
12270,0
12271,0
12272,0
12273,0
12274,0
12275,0
12276,0
12277,0
12278,0
12279,0
12280,0
12281,0
12282,0
12283,0
12284,0
12285,0
12286,0
12287,0
12288,0
12289,0
12290,0
12291,0
12292,0
12293,0
12294,0
12295,0
12296,0
12297,0
12298,0
12299,0
12300,0
12301,0
12302,0
12303,0
12304,0
12305,0
12306,0
12307,0
12308,0
12309,0
12310,0
12311,0
12312,0
12313,0
12314,0
12315,0
12316,0
12317,0
12318,0
12319,0
12320,0
12321,0
12322,0
12323,0
12324,0
12325,0
12326,0
12327,0
12328,0
12329,0
12330,0
12331,0
12332,0
12333,0
12334,0
12335,0
12336,0
12337,0
12338,0
12339,0
12340,0
12341,0
12342,0
12343,0
12344,0
12345,0
12346,0
12347,0
12348,0
12349,0
12350,0
12351,0
12352,0
12353,0
12354,0
12355,0
12356,0
12357,0
12358,0
12359,0
12360,0
12361,0
12362,0
12363,0
12364,0
12365,0
12366,0
12367,0
12368,0
12369,0
12370,0
12371,0
12372,0
12373,0
12374,0
12375,0
12376,0
12377,0
12378,0
12379,0
12380,0
12381,0
12382,0
12383,0
12384,0
12385,0
12386,0
12387,0
12388,0
12389,0
12390,0
12391,0
12392,0
12393,0
12394,0
12395,0
12396,0
12397,0
12398,0
12399,0
12400,0
12401,0
12402,0
12403,0
12404,0
12405,0
12406,0
12407,0
12408,0
12409,0
12410,0
12411,0
12412,0
12413,0
12414,0
12415,0
12416,0
12417,0
12418,0
12419,0
12420,0
12421,0
12422,0
12423,0
12424,0
12425,0
12426,0
12427,0
12428,0
12429,0
12430,0
12431,0
12432,0
12433,0
12434,0
12435,0
12436,0
12437,0
12438,0
12439,0
12440,0
12441,0
12442,0
12443,0
12444,0
12445,0
12446,0
12447,0
12448,0
12449,0
12450,0
12451,0
12452,0
12453,0
12454,0
12455,0
12456,0
12457,0
12458,0
12459,0
12460,0
12461,0
12462,0
12463,0
12464,0
12465,0
12466,0
12467,0
12468,0
12469,0
12470,0
12471,0
12472,0
12473,0
12474,0
12475,0
12476,0
12477,0
12478,0
12479,0
12480,0
12481,0
12482,0
12483,0
12484,0
12485,0
12486,0
12487,0
12488,0
12489,0
12490,0
12491,0
12492,0
12493,0
12494,0
12495,0
12496,0
12497,0
12498,0
12499,0
12500,0
12501,0
12502,0
12503,0
12504,0
12505,0
12506,0
12507,0
12508,0
12509,0
12510,0
12511,0
12512,0
12513,0
12514,0
12515,0
12516,0
12517,0
12518,0
12519,0
12520,0
12521,0
12522,0
12523,0
12524,0
12525,0
12526,0
12527,0
12528,1
12529,0
12530,0
12531,0
12532,0
12533,0
12534,0
12535,0
12536,0
12537,0
12538,0
12539,0
12540,0
12541,0
12542,0
12543,0
12544,0
12545,0
12546,0
12547,0
12548,0
12549,0
12550,0
12551,0
12552,0
12553,0
12554,0
12555,0
12556,0
12557,0
12558,0
12559,0
12560,0
12561,0
12562,0
12563,0
12564,0
12565,0
12566,0
12567,0
12568,0
12569,0
12570,0
12571,0
12572,0
12573,0
12574,0
12575,0
12576,0
12577,0
12578,0
12579,0
12580,0
12581,0
12582,0
12583,0
12584,0
12585,0
12586,0
12587,0
12588,0
12589,0
12590,0
12591,0
12592,0
12593,0
12594,0
12595,0
12596,0
12597,0
12598,0
12599,0
12600,0
12601,0
12602,0
12603,0
12604,0
12605,0
12606,0
12607,0
12608,0
12609,0
12610,0
12611,0
12612,0
12613,0
12614,0
12615,0
12616,0
12617,0
12618,0
12619,0
12620,0
12621,0
12622,0
12623,0
12624,0
12625,0
12626,0
12627,0
12628,0
12629,0
12630,0
12631,0
12632,0
12633,0
12634,0
12635,0
12636,0
12637,0
12638,0
12639,0
12640,0
12641,0
12642,0
12643,0
12644,0
12645,0
12646,0
12647,0
12648,1
12649,0
12650,0
12651,0
12652,0
12653,0
12654,0
12655,0
12656,0
12657,0
12658,0
12659,0
12660,0
12661,0
12662,0
12663,0
12664,0
12665,0
12666,0
12667,0
12668,3
12669,0
12670,0
12671,0
12672,0
12673,0
12674,0
12675,0
12676,0
12677,0
12678,0
12679,0
12680,0
12681,0
12682,0
12683,0
12684,0
12685,0
12686,0
12687,0
12688,0
12689,0
12690,0
12691,0
12692,0
12693,0
12694,0
12695,0
12696,0
12697,0
12698,0
12699,0
12700,0
12701,0
12702,32
12703,0
12704,0
12705,30
12706,0
12707,0
12708,0
12709,0
12710,0
12711,0
12712,0
12713,0
12714,0
12715,0
12716,20
12717,0
12718,0
12719,0
12720,0
12721,26
12722,0
12723,0
12724,31
12725,0
12726,0
12727,23
12728,0
12729,0
12730,0
12731,0
12732,0
12733,0
12734,27
12735,0
12736,0
12737,0
12738,0
12739,0
12740,26
12741,0
12742,0
12743,0
12744,0
12745,0
12746,0
12747,24
12748,0
12749,0
12750,0
12751,0
12752,20
12753,0
12754,39
12755,0
12756,0
12757,0
12758,0
12759,0
12760,34
12761,0
12762,0
12763,0
12764,27
12765,23
12766,0
12767,0
12768,0
12769,0
12770,0
12771,0
12772,0
12773,0
12774,0
12775,0
12776,31
12777,0
12778,0
12779,0
12780,0
12781,0
12782,0
12783,0
12784,0
12785,0
12786,0
12787,0
12788,28
12789,0
12790,0
12791,0
12792,0
12793,0
12794,0
12795,0
12796,0
12797,0
12798,21
12799,29
12800,0
12801,0
12802,0
12803,0
12804,0
12805,0
12806,0
12807,0
12808,0
12809,0
12810,0
12811,0
12812,0
12813,0
12814,0
12815,22
12816,0
12817,0
12818,0
12819,23
12820,0
12821,0
12822,0
12823,31
12824,35
12825,34
12826,0
12827,0
12828,0
12829,0
12830,20
12831,0
12832,19
12833,0
12834,0
12835,0
12836,0
12837,28
12838,0
12839,0
12840,0
12841,0
12842,0
12843,19
12844,0
12845,0
12846,0
12847,0
12848,0
12849,0
12850,0
12851,0
12852,0
12853,21
12854,0
12855,0
12856,0
12857,33
12858,25
12859,0
12860,0
12861,17
12862,35
12863,0
12864,0
12865,35
12866,28
12867,35
12868,31
12869,0
12870,0
12871,0
12872,0
12873,0
12874,24
12875,0
12876,0
12877,0
12878,0
12879,20
12880,29
12881,0
12882,22
12883,0
12884,0
12885,0
12886,31
12887,0
12888,0
12889,26
12890,0
12891,0
12892,0
12893,27
12894,0
12895,0
12896,28
12897,0
12898,0
12899,0
12900,0
12901,0
12902,21
12903,0
12904,0
12905,0
12906,0
12907,0
12908,0
12909,30
12910,0
12911,0
12912,0
12913,0
12914,0
12915,0
12916,0
12917,0
12918,0
12919,0
12920,0
12921,0
12922,0
12923,0
12924,0
12925,25
12926,0
12927,0
12928,0
12929,0
12930,24
12931,0
12932,0
12933,24
12934,0
12935,24
12936,15
12937,0
12938,0
12939,0
12940,0
12941,0
12942,29
12943,0
12944,0
12945,0
12946,0
12947,21
12948,0
12949,30
12950,0
12951,0
12952,26
12953,0
12954,0
12955,0
12956,0
12957,0
12958,30
12959,0
12960,0
12961,0
12962,0
12963,0
12964,0
12965,0
12966,0
12967,0
12968,0
12969,0
12970,0
12971,0
12972,19
12973,0
12974,0
12975,0
12976,0
12977,0
12978,31
12979,35
12980,0
12981,0
12982,0
12983,0
12984,20
12985,0
12986,0
12987,0
12988,0
12989,32
12990,32
12991,0
12992,0
12993,0
12994,0
12995,0
12996,0
12997,0
12998,31
12999,0
13000,0
13001,0
13002,0
13003,0
13004,0
13005,0
13006,0
13007,0
13008,0
13009,0
13010,0
13011,0
13012,0
13013,0
13014,0
13015,0
13016,0
13017,58
13018,0
13019,0
13020,0
13021,0
13022,0
13023,16
13024,0
13025,0
13026,0
13027,0
13028,0
13029,0
13030,0
13031,0
13032,0
13033,0
13034,0
13035,0
13036,35
13037,0
13038,28
13039,0
13040,0
13041,0
13042,0
13043,0
13044,0
13045,0
13046,0
13047,0
13048,26
13049,0
13050,0
13051,0
13052,0
13053,0
13054,27
13055,0
13056,23
13057,0
13058,0
13059,0
13060,0
13061,0
13062,0
13063,24
13064,0
13065,37
13066,0
13067,15
13068,0
13069,23
13070,0
13071,0
13072,0
13073,0
13074,39
13075,0
13076,32
13077,26
13078,0
13079,37
13080,0
13081,0
13082,0
13083,0
13084,27
13085,0
13086,0
13087,0
13088,0
13089,0
13090,0
13091,0
13092,0
13093,0
13094,0
13095,0
13096,0
13097,0
13098,0
13099,0
13100,0
13101,0
13102,0
13103,29
13104,0
13105,0
13106,27
13107,0
13108,0
13109,0
13110,23
13111,20
13112,0
13113,40
13114,17
13115,19
13116,0
13117,0
13118,0
13119,0
13120,0
13121,0
13122,0
13123,0
13124,0
13125,0
13126,0
13127,0
13128,0
13129,0
13130,29
13131,0
13132,0
13133,0
13134,0
13135,0
13136,23
13137,0
13138,0
13139,0
13140,0
13141,0
13142,0
13143,0
13144,0
13145,0
13146,0
13147,0
13148,0
13149,0
13150,0
13151,0
13152,0
13153,0
13154,0
13155,0
13156,0
13157,0
13158,0
13159,0
13160,0
13161,0
13162,0
13163,0
13164,0
13165,0
13166,0
13167,0
13168,0
13169,0
13170,28
13171,0
13172,0
13173,29
13174,0
13175,0
13176,0
13177,24
13178,0
13179,0
13180,0
13181,0
13182,0
13183,0
13184,0
13185,0
13186,0
13187,0
13188,35
13189,0
13190,0
13191,0
13192,0
13193,0
13194,0
13195,32
13196,0
13197,32
13198,31
13199,0
13200,0
13201,0
13202,0
13203,36
13204,0
13205,0
13206,0
13207,0
13208,0
13209,0
13210,0
13211,0
13212,0
13213,0
13214,0
13215,23
13216,0
13217,0
13218,0
13219,0
13220,0
13221,0
13222,0
13223,0
13224,0
13225,0
13226,0
13227,0
13228,19
13229,24
13230,0
13231,0
13232,0
13233,0
13234,0
13235,0
13236,28
13237,0
13238,0
13239,0
13240,0
13241,0
13242,0
13243,0
13244,0
13245,0
13246,0
13247,0
13248,0
13249,0
13250,0
13251,30
13252,33
13253,0
13254,0
13255,0
13256,0
13257,0
13258,0
13259,0
13260,18
13261,0
13262,0
13263,0
13264,0
13265,0
13266,0
13267,0
13268,0
13269,0
13270,0
13271,0
13272,19
13273,30
13274,29
13275,0
13276,0
13277,0
13278,0
13279,27
13280,35
13281,0
13282,0
13283,0
13284,0
13285,0
13286,0
13287,0
13288,0
13289,0
13290,0
13291,0
13292,0
13293,0
13294,0
13295,0
13296,22
13297,0
13298,0
13299,0
13300,0
13301,0
13302,0
13303,0
13304,0
13305,0
13306,0
13307,0
13308,0
13309,0
13310,39
13311,0
13312,0
13313,0
13314,0
13315,0
13316,0
13317,0
13318,36
13319,0
13320,0
13321,27
13322,22
13323,0
13324,0
13325,0
13326,0
13327,0
13328,32
13329,0
13330,19
13331,22
13332,0
13333,0
13334,0
13335,26
13336,0
13337,0
13338,0
13339,0
13340,0
13341,0
13342,32
13343,0
13344,43
13345,0
13346,0
13347,0
13348,0
13349,0
13350,0
13351,0
13352,0
13353,0
13354,0
13355,22
13356,28
13357,0
13358,37
13359,0
13360,0
13361,28
13362,0
13363,0
13364,0
13365,31
13366,0
13367,30
13368,0
13369,0
13370,0
13371,0
13372,0
13373,0
13374,0
13375,0
13376,30
13377,0
13378,26
13379,0
13380,0
13381,0
13382,0
13383,0
13384,0
13385,0
13386,0
13387,0
13388,37
13389,0
13390,0
13391,0
13392,0
13393,31
13394,29
13395,0
13396,0
13397,0
13398,0
13399,0
13400,0
13401,0
13402,0
13403,0
13404,0
13405,0
13406,0
13407,0
13408,0
13409,0
13410,13
13411,0
13412,0
13413,0
13414,0
13415,35
13416,0
13417,0
13418,0
13419,28
13420,0
13421,0
13422,0
13423,0
13424,0
13425,24
13426,0
13427,0
13428,0
13429,0
13430,0
13431,0
13432,0
13433,0
13434,0
13435,0
13436,0
13437,0
13438,0
13439,34
13440,0
13441,0
13442,0
13443,0
13444,0
13445,0
13446,0
13447,0
13448,0
13449,27
13450,0
13451,0
13452,36
13453,46
13454,0
13455,41
13456,33
13457,0
13458,0
13459,0
13460,0
13461,20
13462,0
13463,32
13464,0
13465,52
13466,0
13467,0
13468,0
13469,0
13470,0
13471,0
13472,0
13473,0
13474,0
13475,0
13476,0
13477,0
13478,0
13479,0
13480,0
13481,0
13482,0
13483,0
13484,0
13485,0
13486,0
13487,0
13488,0
13489,26
13490,0
13491,46
13492,34
13493,0
13494,11
13495,0
13496,0
13497,0
13498,0
13499,47
13500,0
13501,0
13502,0
13503,0
13504,0
13505,32
13506,0
13507,0
13508,0
13509,41
13510,0
13511,0
13512,0
13513,0
13514,30
13515,0
13516,0
13517,0
13518,0
13519,0
13520,0
13521,33
13522,0
13523,44
13524,0
13525,0
13526,0
13527,0
13528,0
13529,0
13530,0
13531,0
13532,38
13533,0
13534,0
13535,37
13536,0
13537,41
13538,0
13539,0
13540,0
13541,0
13542,0
13543,24
13544,0
13545,0
13546,0
13547,0
13548,0
13549,0
13550,0
13551,0
13552,0
13553,56
13554,28
13555,0
13556,33
13557,34
13558,40
13559,0
13560,0
13561,24
13562,39
13563,0
13564,0
13565,0
13566,0
13567,40
13568,0
13569,0
13570,0
13571,37
13572,0
13573,39
13574,38
13575,0
13576,28
13577,26
13578,56
13579,0
13580,0
13581,0
13582,0
13583,0
13584,0
13585,23
13586,0
13587,0
13588,0
13589,25
13590,0
13591,0
13592,25
13593,0
13594,49
13595,0
13596,0
13597,0
13598,0
13599,0
13600,0
13601,0
13602,0
13603,0
13604,0
13605,45
13606,0
13607,0
13608,0
13609,0
13610,0
13611,0
13612,0
13613,0
13614,0
13615,0
13616,0
13617,0
13618,0
13619,33
13620,46
13621,0
13622,32
13623,0
13624,24
13625,0
13626,29
13627,0
13628,27
13629,0
13630,0
13631,0
13632,0
13633,0
13634,45
13635,40
13636,0
13637,0
13638,0
13639,0
13640,0
13641,0
13642,26
13643,0
13644,0
13645,24
13646,0
13647,35
13648,53
13649,0
13650,0
13651,0
13652,0
13653,0
13654,0
13655,0
13656,0
13657,0
13658,0
13659,0
13660,0
13661,0
13662,33
13663,43
13664,0
13665,0
13666,29
13667,0
13668,29
13669,24
13670,29
13671,0
13672,45
13673,0
13674,0
13675,0
13676,31
13677,0
13678,0
13679,32
13680,0
13681,0
13682,0
13683,0
13684,0
13685,0
13686,40
13687,0
13688,46
13689,22
13690,0
13691,0
13692,29
13693,22
13694,0
13695,0
13696,42
13697,39
13698,0
13699,0
13700,0
13701,0
13702,40
13703,25
13704,0
13705,0
13706,0
13707,48
13708,0
13709,0
13710,0
13711,0
13712,0
13713,0
13714,0
13715,0
13716,39
13717,41
13718,0
13719,0
13720,39
13721,20
13722,49
13723,0
13724,0
13725,0
13726,0
13727,0
13728,0
13729,0
13730,0
13731,38
13732,0
13733,0
13734,0
13735,0
13736,0
13737,0
13738,0
13739,23
13740,0
13741,0
13742,0
13743,0
13744,0
13745,0
13746,43
13747,0
13748,0
13749,0
13750,0
13751,0
13752,0
13753,0
13754,0
13755,0
13756,23
13757,0
13758,0
13759,0
13760,0
13761,0
13762,0
13763,0
13764,0
13765,0
13766,0
13767,0
13768,0
13769,0
13770,0
13771,0
13772,0
13773,0
13774,33
13775,36
13776,0
13777,0
13778,0
13779,0
13780,30
13781,0
13782,38
13783,0
13784,48
13785,0
13786,0
13787,24
13788,0
13789,0
13790,0
13791,0
13792,0
13793,0
13794,0
13795,29
13796,0
13797,0
13798,0
13799,0
13800,0
13801,0
13802,0
13803,31
13804,0
13805,0
13806,0
13807,40
13808,0
13809,0
13810,33
13811,0
13812,0
13813,23
13814,0
13815,0
13816,0
13817,0
13818,0
13819,0
13820,0
13821,0
13822,0
13823,0
13824,0
13825,36
13826,0
13827,0
13828,0
13829,47
13830,31
13831,0
13832,0
13833,0
13834,0
13835,24
13836,0
13837,0
13838,0
13839,0
13840,28
13841,0
13842,0
13843,0
13844,0
13845,0
13846,32
13847,0
13848,0
13849,0
13850,0
13851,0
13852,0
13853,0
13854,0
13855,30
13856,0
13857,0
13858,0
13859,0
13860,0
13861,0
13862,44
13863,0
13864,0
13865,0
13866,0
13867,29
13868,0
13869,0
13870,27
13871,0
13872,39
13873,0
13874,0
13875,0
13876,42
13877,0
13878,0
13879,0
13880,20
13881,0
13882,0
13883,0
13884,0
13885,0
13886,37
13887,0
13888,0
13889,40
13890,0
13891,0
13892,0
13893,0
13894,0
13895,17
13896,0
13897,0
13898,0
13899,0
13900,28
13901,0
13902,0
13903,0
13904,0
13905,34
13906,37
13907,30
13908,0
13909,0
13910,0
13911,0
13912,0
13913,0
13914,37
13915,36
13916,35
13917,24
13918,0
13919,0
13920,0
13921,0
13922,0
13923,0
13924,34
13925,22
13926,0
13927,0
13928,0
13929,43
13930,0
13931,0
13932,0
13933,27
13934,0
13935,0
13936,0
13937,0
13938,38
13939,40
13940,0
13941,0
13942,0
13943,0
13944,0
13945,37
13946,0
13947,35
13948,0
13949,0
13950,0
13951,8
13952,9
13953,0
13954,13
13955,0
13956,3
13957,0
13958,11
13959,0
13960,5
13961,0
13962,2
13963,0
13964,7
13965,0
13966,0
13967,0
13968,0
13969,0
13970,0
13971,0
13972,6
13973,0
13974,8
13975,0
13976,0
13977,10
13978,0
13979,4
13980,0
13981,6
13982,10
13983,0
13984,12
13985,0
13986,10
13987,12
13988,9
13989,0
13990,0
13991,15
13992,0
13993,0
13994,0
13995,0
13996,0
13997,0
13998,0
13999,10
14000,5
14001,6
14002,0
14003,0
14004,0
14005,0
14006,0
14007,0
14008,0
14009,3
14010,0
14011,0
14012,0
14013,0
14014,0
14015,4
14016,0
14017,0
14018,5
14019,0
14020,0
14021,0
14022,0
14023,0
14024,0
14025,0
14026,11
14027,3
14028,8
14029,0
14030,12
14031,0
14032,0
14033,0
14034,11
14035,0
14036,0
14037,13
14038,8
14039,0
14040,0
14041,0
14042,6
14043,0
14044,0
14045,0
14046,0
14047,0
14048,0
14049,0
14050,0
14051,0
14052,0
14053,7
14054,0
14055,0
14056,7
14057,0
14058,0
14059,0
14060,0
14061,0
14062,0
14063,2
14064,0
14065,10
14066,0
14067,0
14068,0
14069,3
14070,9
14071,7
14072,0
14073,0
14074,3
14075,0
14076,0
14077,0
14078,0
14079,6
14080,0
14081,0
14082,0
14083,0
14084,0
14085,0
14086,7
14087,0
14088,0
14089,0
14090,7
14091,0
14092,0
14093,0
14094,11
14095,0
14096,0
14097,0
14098,0
14099,0
14100,0
14101,0
14102,0
14103,0
14104,6
14105,0
14106,0
14107,2
14108,0
14109,0
14110,0
14111,0
14112,0
14113,0
14114,0
14115,0
14116,0
14117,5
14118,0
14119,3
14120,0
14121,10
14122,0
14123,13
14124,0
14125,10
14126,0
14127,0
14128,0
14129,0
14130,0
14131,0
14132,0
14133,5
14134,9
14135,0
14136,0
14137,9
14138,11
14139,0
14140,0
14141,0
14142,0
14143,0
14144,0
14145,0
14146,0
14147,0
14148,0
14149,0
14150,0
14151,4
14152,5
14153,0
14154,9
14155,0
14156,0
14157,0
14158,0
14159,0
14160,0
14161,9
14162,7
14163,0
14164,0
14165,8
14166,8
14167,0
14168,0
14169,8
14170,0
14171,0
14172,0
14173,70
14174,0
14175,0
14176,45
14177,0
14178,54
14179,0
14180,0
14181,0
14182,0
14183,0
14184,0
14185,0
14186,0
14187,0
14188,41
14189,0
14190,0
14191,0
14192,0
14193,0
14194,24
14195,0
14196,0
14197,53
14198,0
14199,0
14200,0
14201,0
14202,0
14203,0
14204,39
14205,0
14206,0
14207,45
14208,0
14209,0
14210,0
14211,0
14212,44
14213,0
14214,0
14215,0
14216,0
14217,0
14218,32
14219,0
14220,0
14221,0
14222,0
14223,0
14224,0
14225,0
14226,41
14227,49
14228,0
14229,44
14230,0
14231,0
14232,35
14233,0
14234,42
14235,53
14236,0
14237,43
14238,26
14239,0
14240,0
14241,32
14242,0
14243,0
14244,39
14245,0
14246,0
14247,0
14248,50
14249,0
14250,0
14251,0
14252,0
14253,0
14254,0
14255,0
14256,0
14257,0
14258,39
14259,39
14260,0
14261,0
14262,0
14263,49
14264,0
14265,0
14266,0
14267,0
14268,0
14269,36
14270,0
14271,0
14272,0
14273,46
14274,0
14275,0
14276,30
14277,0
14278,0
14279,0
14280,40
14281,0
14282,0
14283,0
14284,45
14285,21
14286,0
14287,49
14288,0
14289,0
14290,0
14291,33
14292,0
14293,0
14294,0
14295,40
14296,0
14297,28
14298,35
14299,29
14300,36
14301,38
14302,0
14303,29
14304,0
14305,0
14306,0
14307,0
14308,0
14309,0
14310,40
14311,37
14312,0
14313,0
14314,54
14315,0
14316,47
14317,0
14318,33
14319,0
14320,37
14321,37
14322,0
14323,0
14324,49
14325,0
14326,0
14327,0
14328,45
14329,0
14330,41
14331,0
14332,0
14333,0
14334,0
14335,53
14336,0
14337,0
14338,0
14339,0
14340,0
14341,21
14342,0
14343,0
14344,0
14345,0
14346,48
14347,0
14348,0
14349,0
14350,46
14351,0
14352,0
14353,41
14354,0
14355,0
14356,34
14357,0
14358,0
14359,35
14360,0
14361,26
14362,42
14363,0
14364,0
14365,47
14366,0
14367,0
14368,0
14369,0
14370,40
14371,0
14372,41
14373,0
14374,0
14375,36
14376,34
14377,49
14378,55
14379,0
14380,38
14381,0
14382,0
14383,0
14384,0
14385,0
14386,0
14387,0
14388,0
14389,48
14390,0
14391,0
14392,45
14393,0
14394,0
14395,0
14396,0
14397,0
14398,0
14399,27
14400,0
14401,0
14402,28
14403,0
14404,44
14405,38
14406,0
14407,0
14408,0
14409,0
14410,0
14411,32
14412,0
14413,0
14414,0
14415,0
14416,0
14417,0
14418,42
14419,0
14420,0
14421,28
14422,0
14423,0
14424,0
14425,0
14426,21
14427,40
14428,0
14429,0
14430,0
14431,0
14432,45
14433,0
14434,0
14435,0
14436,0
14437,45
14438,0
14439,0
14440,0
14441,37
14442,0
14443,33
14444,37
14445,0
14446,0
14447,0
14448,29
14449,29
14450,54
14451,0
14452,0
14453,0
14454,0
14455,19
14456,50
14457,0
14458,0
14459,49
14460,0
14461,43
14462,0
14463,46
14464,37
14465,0
14466,42
14467,0
14468,0
14469,0
14470,42
14471,0
14472,0
14473,0
14474,51
14475,0
14476,0
14477,0
14478,50
14479,0
14480,51
14481,0
14482,0
14483,0
14484,0
14485,0
14486,71
14487,0
14488,56
14489,33
14490,46
14491,0
14492,0
14493,0
14494,41
14495,0
14496,0
14497,0
14498,0
14499,0
14500,0
14501,46
14502,0
14503,0
14504,0
14505,0
14506,0
14507,0
14508,51
14509,0
14510,0
14511,0
14512,31
14513,0
14514,0
14515,0
14516,32
14517,0
14518,0
14519,36
14520,0
14521,0
14522,0
14523,0
14524,0
14525,54
14526,26
14527,0
14528,0
14529,45
14530,0
14531,0
14532,31
14533,45
14534,0
14535,0
14536,55
14537,0
14538,0
14539,0
14540,36
14541,0
14542,0
14543,0
14544,34
14545,0
14546,47
14547,0
14548,51
14549,0
14550,0
14551,0
14552,26
14553,0
14554,39
14555,0
14556,0
14557,0
14558,33
14559,0
14560,0
14561,0
14562,0
14563,0
14564,0
14565,0
14566,0
14567,0
14568,37
14569,0
14570,21
14571,54
14572,35
14573,0
14574,37
14575,0
14576,0
14577,0
14578,42
14579,0
14580,0
14581,0
14582,0
14583,0
14584,0
14585,0
14586,0
14587,0
14588,0
14589,0
14590,0
14591,34
14592,0
14593,30
14594,0
14595,0
14596,0
14597,0
14598,0
14599,0
14600,0
14601,0
14602,0
14603,0
14604,0
14605,0
14606,0
14607,0
14608,0
14609,0
14610,0
14611,30
14612,0
14613,0
14614,38
14615,0
14616,45
14617,47
14618,27
14619,0
14620,36
14621,33
14622,0
14623,0
14624,0
14625,0
14626,0
14627,0
14628,0
14629,0
14630,51
14631,0
14632,0
14633,0
14634,0
14635,28
14636,0
14637,33
14638,44
14639,25
14640,0
14641,0
14642,36
14643,38
14644,61
14645,0
14646,53
14647,0
14648,0
14649,47
14650,28
14651,0
14652,40
14653,0
14654,0
14655,35
14656,0
14657,0
14658,0
14659,0
14660,0
14661,35
14662,0
14663,0
14664,0
14665,0
14666,0
14667,0
14668,0
14669,0
14670,34
14671,0
14672,41
14673,0
14674,42
14675,0
14676,31
14677,0
14678,43
14679,0
14680,54
14681,45
14682,0
14683,0
14684,32
14685,0
14686,32
14687,0
14688,0
14689,0
14690,62
14691,25
14692,0
14693,0
14694,27
14695,0
14696,0
14697,0
14698,0
14699,40
14700,0
14701,24
14702,0
14703,0
14704,0
14705,0
14706,0
14707,0
14708,43
14709,0
14710,37
14711,0
14712,35
14713,0
14714,0
14715,35
14716,0
14717,0
14718,46
14719,0
14720,0
14721,0
14722,0
14723,0
14724,0
14725,40
14726,31
14727,0
14728,27
14729,0
14730,53
14731,0
14732,37
14733,29
14734,0
14735,30
14736,0
14737,0
14738,35
14739,50
14740,0
14741,0
14742,0
14743,0
14744,0
14745,0
14746,0
14747,0
14748,0
14749,48
14750,0
14751,0
14752,37
14753,0
14754,49
14755,39
14756,0
14757,24
14758,0
14759,0
14760,43
14761,0
14762,0
14763,0
14764,28
14765,0
14766,0
14767,0
14768,28
14769,0
14770,0
14771,56
14772,0
14773,0
14774,0
14775,0
14776,0
14777,23
14778,0
14779,33
14780,34
14781,0
14782,29
14783,0
14784,0
14785,0
14786,0
14787,0
14788,0
14789,44
14790,0
14791,27
14792,64
14793,0
14794,0
14795,33
14796,0
14797,0
14798,54
14799,0
14800,0
14801,36
14802,0
14803,63
14804,0
14805,40
14806,0
14807,0
14808,0
14809,0
14810,44
14811,0
14812,0
14813,38
14814,0
14815,0
14816,38
14817,0
14818,0
14819,0
14820,0
14821,0
14822,0
14823,0
14824,0
14825,28
14826,32
14827,0
14828,0
14829,33
14830,0
14831,0
14832,0
14833,26
14834,0
14835,0
14836,0
14837,25
14838,0
14839,0
14840,0
14841,0
14842,0
14843,37
14844,0
14845,57
14846,0
14847,0
14848,0
14849,43
14850,0
14851,45
14852,41
14853,0
14854,48
14855,0
14856,0
14857,0
14858,0
14859,0
14860,23
14861,0
14862,51
14863,0
14864,0
14865,0
14866,41
14867,0
14868,0
14869,0
14870,0
14871,34
14872,0
14873,0
14874,42
14875,24
14876,0
14877,0
14878,0
14879,43
14880,0
14881,0
14882,0
14883,65
14884,35
14885,36
14886,0
14887,36
14888,27
14889,36
14890,0
14891,48
14892,41
14893,0
14894,33
14895,0
14896,0
14897,50
14898,20
14899,0
14900,49
14901,0
14902,0
14903,35
14904,0
14905,36
14906,0
14907,0
14908,0
14909,45
14910,0
14911,0
14912,0
14913,0
14914,0
14915,0
14916,0
14917,45
14918,0
14919,0
14920,0
14921,0
14922,31
14923,41
14924,0
14925,0
14926,0
14927,0
14928,0
14929,62
14930,0
14931,31
14932,37
14933,0
14934,0
14935,0
14936,0
14937,0
14938,0
14939,0
14940,0
14941,0
14942,27
14943,0
14944,0
14945,0
14946,0
14947,0
14948,0
14949,36
14950,0
14951,0
14952,0
14953,0
14954,0
14955,42
14956,32
14957,33
14958,0
14959,0
14960,49
14961,44
14962,35
14963,37
14964,41
14965,0
14966,0
14967,0
14968,0
14969,48
14970,45
14971,0
14972,0
14973,37
14974,0
14975,43
14976,0
14977,38
14978,38
14979,32
14980,0
14981,0
14982,0
14983,0
14984,0
14985,0
14986,34
14987,58
14988,0
14989,0
14990,33
14991,41
14992,0
14993,0
14994,30
14995,0
14996,0
14997,34
14998,0
14999,0
15000,0
15001,0
15002,0
15003,0
15004,0
15005,0
15006,26
15007,41
15008,0
15009,25
15010,0
15011,0
15012,39
15013,0
15014,29
15015,48
15016,43
15017,0
15018,28
15019,0
15020,28
15021,0
15022,0
15023,0
15024,0
15025,0
15026,0
15027,0
15028,0
15029,38
15030,0
15031,0
15032,0
15033,0
15034,0
15035,59
15036,0
15037,0
15038,0
15039,0
15040,0
15041,0
15042,0
15043,0
15044,0
15045,25
15046,30
15047,0
15048,0
15049,36
15050,45
15051,25
15052,0
15053,31
15054,0
15055,0
15056,24
15057,0
15058,0
15059,0
15060,0
15061,0
15062,0
15063,0
15064,0
15065,0
15066,0
15067,0
15068,40
15069,0
15070,31
15071,44
15072,0
15073,0
15074,0
15075,0
15076,25
15077,58
15078,28
15079,0
15080,0
15081,0
15082,0
15083,0
15084,0
15085,33
15086,0
15087,45
15088,0
15089,0
15090,0
15091,42
15092,0
15093,0
15094,0
15095,0
15096,0
15097,0
15098,0
15099,23
15100,0
15101,37
15102,34
15103,0
15104,63
15105,0
15106,0
15107,0
15108,0
15109,0
15110,0
15111,0
15112,0
15113,0
15114,42
15115,0
15116,0
15117,0
15118,0
15119,0
15120,41
15121,0
15122,0
15123,0
15124,0
15125,37
15126,0
15127,0
15128,0
15129,24
15130,0
15131,35
15132,45
15133,0
15134,40
15135,0
15136,0
15137,0
15138,55
15139,37
15140,0
15141,35
15142,0
15143,0
15144,0
15145,0
15146,0
15147,0
15148,0
15149,0
15150,0
15151,29
15152,0
15153,0
15154,0
15155,39
15156,24
15157,36
15158,0
15159,29
15160,0
15161,0
15162,0
15163,0
15164,0
15165,0
15166,0
15167,0
15168,37
15169,0
15170,0
15171,0
15172,23
15173,25
15174,0
15175,38
15176,60
15177,55
15178,0
15179,44
15180,49
15181,0
15182,41
15183,0
15184,0
15185,0
15186,0
15187,0
15188,45
15189,0
15190,0
15191,62
15192,0
15193,0
15194,38
15195,0
15196,0
15197,0
15198,0
15199,41
15200,0
15201,0
15202,37
15203,0
15204,0
15205,0
15206,0
15207,0
15208,0
15209,0
15210,43
15211,0
15212,0
15213,41
15214,0
15215,0
15216,0
15217,0
15218,0
15219,0
15220,0
15221,43
15222,0
15223,0
15224,0
15225,0
15226,53
15227,0
15228,43
15229,0
15230,27
15231,0
15232,43
15233,0
15234,0
15235,0
15236,0
15237,23
15238,44
15239,0
15240,0
15241,0
15242,50
15243,0
15244,0
15245,0
15246,0
15247,40
15248,0
15249,44
15250,0
15251,42
15252,0
15253,0
15254,0
15255,0
15256,39
15257,0
15258,0
15259,0
15260,0
15261,33
15262,0
15263,34
15264,51
15265,0
15266,48
15267,0
15268,0
15269,0
15270,33
15271,0
15272,0
15273,0
15274,0
15275,0
15276,0
15277,29
15278,43
15279,0
15280,0
15281,38
15282,26
15283,0
15284,0
15285,0
15286,0
15287,0
15288,0
15289,0
15290,0
15291,0
15292,31
15293,0
15294,0
15295,41
15296,39
15297,0
15298,0
15299,0
15300,0
15301,44
15302,0
15303,0
15304,0
15305,0
15306,0
15307,0
15308,0
15309,0
15310,41
15311,0
15312,0
15313,0
15314,24
15315,28
15316,32
15317,0
15318,0
15319,0
15320,0
15321,0
15322,0
15323,40
15324,26
15325,41
15326,0
15327,0
15328,0
15329,0
15330,0
15331,0
15332,43
15333,0
15334,0
15335,0
15336,31
15337,0
15338,0
15339,0
15340,0
15341,0
15342,0
15343,0
15344,0
15345,0
15346,0
15347,0
15348,0
15349,0
15350,0
15351,31
15352,0
15353,0
15354,38
15355,0
15356,0
15357,0
15358,0
15359,48
15360,22
15361,0
15362,19
15363,56
15364,0
15365,38
15366,20
15367,0
15368,0
15369,0
15370,0
15371,0
15372,0
15373,0
15374,0
15375,0
15376,0
15377,0
15378,33
15379,0
15380,30
15381,0
15382,0
15383,0
15384,38
15385,35
15386,0
15387,0
15388,0
15389,0
15390,0
15391,0
15392,0
15393,0
15394,0
15395,0
15396,0
15397,0
15398,0
15399,0
15400,0
15401,0
15402,0
15403,0
15404,24
15405,0
15406,0
15407,0
15408,0
15409,0
15410,47
15411,41
15412,0
15413,0
15414,0
15415,0
15416,0
15417,0
15418,0
15419,33
15420,0
15421,0
15422,23
15423,0
15424,0
15425,0
15426,0
15427,0
15428,0
15429,0
15430,36
15431,38
15432,0
15433,0
15434,0
15435,0
15436,39
15437,0
15438,24
15439,25
15440,0
15441,0
15442,0
15443,0
15444,41
15445,24
15446,0
15447,28
15448,0
15449,0
15450,26
15451,0
15452,0
15453,0
15454,0
15455,44
15456,0
15457,0
15458,30
15459,0
15460,0
15461,0
15462,0
15463,0
15464,0
15465,0
15466,0
15467,53
15468,0
15469,0
15470,0
15471,0
15472,0
15473,0
15474,0
15475,0
15476,0
15477,0
15478,0
15479,45
15480,52
15481,0
15482,34
15483,0
15484,0
15485,0
15486,0
15487,0
15488,0
15489,0
15490,0
15491,0
15492,36
15493,0
15494,0
15495,0
15496,0
15497,0
15498,0
15499,0
15500,0
15501,0
15502,0
15503,0
15504,0
15505,0
15506,0
15507,0
15508,41
15509,0
15510,0
15511,0
15512,0
15513,0
15514,0
15515,0
15516,0
15517,40
15518,0
15519,0
15520,0
15521,0
15522,41
15523,0
15524,0
15525,0
15526,0
15527,0
15528,0
15529,0
15530,0
15531,0
15532,0
15533,0
15534,0
15535,39
15536,0
15537,0
15538,38
15539,31
15540,0
15541,30
15542,0
15543,42
15544,0
15545,31
15546,25
15547,0
15548,0
15549,38
15550,0
15551,0
15552,0
15553,0
15554,0
15555,0
15556,0
15557,0
15558,0
15559,0
15560,0
15561,0
15562,0
15563,0
15564,0
15565,36
15566,0
15567,0
15568,0
15569,0
15570,0
15571,0
15572,0
15573,0
15574,0
15575,0
15576,0
15577,0
15578,0
15579,0
15580,39
15581,30
15582,0
15583,0
15584,0
15585,0
15586,0
15587,0
15588,0
15589,42
15590,0
15591,0
15592,0
15593,0
15594,0
15595,0
15596,0
15597,0
15598,0
15599,31
15600,0
15601,0
15602,0
15603,0
15604,0
15605,0
15606,32
15607,0
15608,0
15609,0
15610,0
15611,0
15612,0
15613,0
15614,34
15615,30
15616,0
15617,0
15618,24
15619,0
15620,45
15621,32
15622,0
15623,0
15624,0
15625,0
15626,0
15627,0
15628,0
15629,32
15630,0
15631,38
15632,0
15633,0
15634,38
15635,33
15636,25
15637,0
15638,0
15639,0
15640,0
15641,0
15642,34
15643,0
15644,0
15645,0
15646,43
15647,0
15648,0
15649,0
15650,0
15651,0
15652,0
15653,0
15654,0
15655,0
15656,35
15657,0
15658,0
15659,0
15660,0
15661,0
15662,0
15663,0
15664,0
15665,0
15666,0
15667,0
15668,0
15669,0
15670,0
15671,0
15672,0
15673,40
15674,0
15675,0
15676,0
15677,26
15678,0
15679,0
15680,0
15681,0
15682,0
15683,0
15684,0
15685,0
15686,0
15687,0
15688,0
15689,0
15690,0
15691,0
15692,0
15693,0
15694,0
15695,0
15696,0
15697,0
15698,0
15699,0
15700,48
15701,0
15702,24
15703,33
15704,0
15705,0
15706,0
15707,0
15708,0
15709,0
15710,0
15711,0
15712,0
15713,0
15714,0
15715,41
15716,0
15717,0
15718,0
15719,0
15720,0
15721,0
15722,0
15723,0
15724,0
15725,0
15726,36
15727,0
15728,0
15729,0
15730,42
15731,0
15732,0
15733,34
15734,43
15735,0
15736,0
15737,0
15738,0
15739,0
15740,0
15741,0
15742,0
15743,0
15744,0
15745,0
15746,0
15747,41
15748,0
15749,0
15750,35
15751,0
15752,0
15753,0
15754,21
15755,34
15756,0
15757,0
15758,0
15759,28
15760,26
15761,0
15762,0
15763,0
15764,0
15765,44
15766,0
15767,0
15768,0
15769,0
15770,0
15771,29
15772,0
15773,32
15774,0
15775,0
15776,0
15777,0
15778,0
15779,0
15780,30
15781,0
15782,0
15783,0
15784,0
15785,0
15786,0
15787,0
15788,0
15789,0
15790,45
15791,0
15792,0
15793,0
15794,0
15795,0
15796,0
15797,0
15798,0
15799,0
15800,32
15801,30
15802,0
15803,0
15804,0
15805,0
15806,0
15807,0
15808,0
15809,0
15810,0
15811,55
15812,0
15813,0
15814,0
15815,0
15816,33
15817,0
15818,0
15819,0
15820,0
15821,0
15822,42
15823,0
15824,0
15825,0
15826,0
15827,0
15828,0
15829,0
15830,0
15831,40
15832,0
15833,0
15834,0
15835,0
15836,0
15837,0
15838,0
15839,33
15840,0
15841,0
15842,0
15843,0
15844,0
15845,0
15846,0
15847,0
15848,0
15849,0
15850,0
15851,0
15852,0
15853,19
15854,0
15855,0
15856,0
15857,0
15858,0
15859,0
15860,0
15861,0
15862,39
15863,32
15864,38
15865,0
15866,0
15867,0
15868,0
15869,0
15870,0
15871,0
15872,0
15873,0
15874,0
15875,0
15876,0
15877,32
15878,0
15879,0
15880,0
15881,37
15882,0
15883,0
15884,0
15885,0
15886,0
15887,37
15888,0
15889,0
15890,0
15891,39
15892,0
15893,25
15894,0
15895,0
15896,0
15897,0
15898,0
15899,0
15900,0
15901,0
15902,41
15903,0
15904,0
15905,0
15906,0
15907,38
15908,0
15909,0
15910,0
15911,0
15912,0
15913,0
15914,0
15915,37
15916,0
15917,0
15918,0
15919,0
15920,0
15921,0
15922,0
15923,0
15924,0
15925,45
15926,0
15927,0
15928,0
15929,38
15930,0
15931,0
15932,50
15933,0
15934,0
15935,0
15936,0
15937,0
15938,29
15939,0
15940,37
15941,0
15942,0
15943,0
15944,0
15945,0
15946,0
15947,43
15948,0
15949,0
15950,0
15951,31
15952,0
15953,0
15954,0
15955,0
15956,0
15957,0
15958,0
15959,0
15960,0
15961,0
15962,0
15963,29
15964,0
15965,0
15966,0
15967,0
15968,0
15969,0
15970,0
15971,0
15972,0
15973,0
15974,0
15975,34
15976,0
15977,0
15978,0
15979,0
15980,0
15981,0
15982,0
15983,0
15984,33
15985,0
15986,37
15987,0
15988,0
15989,0
15990,0
15991,0
15992,0
15993,0
15994,0
15995,0
15996,0
15997,0
15998,0
15999,0
16000,0
16001,0
16002,0
16003,0
16004,0
16005,0
16006,0
16007,0
16008,0
16009,0
16010,0
16011,0
16012,0
16013,34
16014,0
16015,0
16016,29
16017,0
16018,0
16019,0
16020,0
16021,0
16022,0
16023,0
16024,37
16025,0
16026,0
16027,0
16028,0
16029,0
16030,0
16031,31
16032,0
16033,40
16034,0
16035,0
16036,0
16037,0
16038,0
16039,0
16040,0
16041,0
16042,0
16043,0
16044,0
16045,37
16046,0
16047,0
16048,0
16049,0
16050,0
16051,0
16052,0
16053,41
16054,47
16055,33
16056,0
16057,0
16058,0
16059,0
16060,0
16061,0
16062,0
16063,37
16064,24
16065,0
16066,0
16067,0
16068,0
16069,0
16070,0
16071,0
16072,0
16073,0
16074,0
16075,0
16076,0
16077,0
16078,0
16079,20
16080,0
16081,41
16082,0
16083,0
16084,0
16085,0
16086,0
16087,0
16088,0
16089,0
16090,35
16091,0
16092,0
16093,0
16094,0
16095,0
16096,0
16097,0
16098,0
16099,0
16100,36
16101,0
16102,0
16103,0
16104,0
16105,0
16106,0
16107,0
16108,0
16109,0
16110,0
16111,0
16112,44
16113,0
16114,0
16115,0
16116,0
16117,0
16118,42
16119,45
16120,0
16121,28
16122,34
16123,0
16124,0
16125,0
16126,41
16127,29
16128,0
16129,0
16130,0
16131,0
16132,0
16133,0
16134,0
16135,0
16136,0
16137,0
16138,0
16139,0
16140,0
16141,0
16142,0
16143,0
16144,0
16145,0
16146,0
16147,0
16148,0
16149,0
16150,0
16151,0
16152,0
16153,0
16154,0
16155,44
16156,0
16157,0
16158,0
16159,0
16160,39
16161,0
16162,0
16163,0
16164,32
16165,0
16166,0
16167,0
16168,42
16169,0
16170,0
16171,33
16172,0
16173,0
16174,0
16175,0
16176,40
16177,0
16178,0
16179,0
16180,0
16181,0
16182,0
16183,0
16184,24
16185,0
16186,0
16187,0
16188,0
16189,0
16190,0
16191,0
16192,24
16193,0
16194,0
16195,0
16196,0
16197,0
16198,0
16199,0
16200,0
16201,0
16202,0
16203,0
16204,0
16205,0
16206,0
16207,34
16208,0
16209,0
16210,0
16211,29
16212,0
16213,0
16214,0
16215,0
16216,42
16217,0
16218,0
16219,0
16220,0
16221,0
16222,41
16223,34
16224,0
16225,0
16226,0
16227,0
16228,0
16229,0
16230,0
16231,36
16232,32
16233,0
16234,0
16235,0
16236,0
16237,0
16238,0
16239,0
16240,0
16241,31
16242,0
16243,0
16244,0
16245,0
16246,0
16247,0
16248,0
16249,0
16250,0
16251,47
16252,0
16253,0
16254,0
16255,0
16256,41
16257,0
16258,0
16259,45
16260,0
16261,0
16262,0
16263,0
16264,0
16265,0
16266,0
16267,14
16268,0
16269,0
16270,0
16271,26
16272,0
16273,0
16274,0
16275,36
16276,0
16277,0
16278,0
16279,0
16280,0
16281,0
16282,0
16283,0
16284,0
16285,0
16286,0
16287,0
16288,20
16289,0
16290,14
16291,22
16292,22
16293,0
16294,27
16295,0
16296,0
16297,14
16298,27
16299,0
16300,0
16301,0
16302,0
16303,21
16304,20
16305,14
16306,0
16307,0
16308,0
16309,0
16310,0
16311,0
16312,0
16313,0
16314,0
16315,0
16316,0
16317,24
16318,27
16319,0
16320,0
16321,0
16322,0
16323,0
16324,0
16325,0
16326,0
16327,0
16328,0
16329,0
16330,0
16331,0
16332,0
16333,0
16334,0
16335,0
16336,0
16337,0
16338,0
16339,0
16340,0
16341,0
16342,0
16343,0
16344,13
16345,0
16346,0
16347,0
16348,0
16349,0
16350,0
16351,0
16352,0
16353,0
16354,0
16355,0
16356,0
16357,0
16358,0
16359,0
16360,0
16361,16
16362,0
16363,26
16364,0
16365,0
16366,0
16367,0
16368,0
16369,0
16370,0
16371,0
16372,0
16373,0
16374,19
16375,0
16376,0
16377,0
16378,0
16379,0
16380,0
16381,0
16382,0
16383,0
16384,0
16385,0
16386,0
16387,0
16388,0
16389,0
16390,0
16391,0
16392,0
16393,0
16394,21
16395,0
16396,0
16397,0
16398,0
16399,0
16400,0
16401,0
16402,0
16403,0
16404,23
16405,0
16406,0
16407,0
16408,0
16409,0
16410,0
16411,31
16412,0
16413,0
16414,0
16415,0
16416,4
16417,0
16418,0
16419,0
16420,0
16421,25
16422,0
16423,0
16424,0
16425,0
16426,0
16427,0
16428,0
16429,0
16430,14
16431,0
16432,13
16433,0
16434,0
16435,0
16436,0
16437,0
16438,0
16439,0
16440,0
16441,16
16442,0
16443,0
16444,0
16445,0
16446,0
16447,0
16448,0
16449,21
16450,0
16451,0
16452,0
16453,0
16454,0
16455,0
16456,0
16457,0
16458,0
16459,0
16460,0
16461,0
16462,0
16463,0
16464,0
16465,0
16466,0
16467,0
16468,0
16469,0
16470,0
16471,0
16472,0
16473,0
16474,0
16475,29
16476,0
16477,0
16478,0
16479,0
16480,0
16481,0
16482,31
16483,0
16484,30
16485,0
16486,0
16487,0
16488,0
16489,0
16490,0
16491,26
16492,0
16493,0
16494,0
16495,29
16496,0
16497,0
16498,0
16499,0
16500,22
16501,0
16502,0
16503,0
16504,0
16505,28
16506,47
16507,0
16508,0
16509,0
16510,0
16511,0
16512,0
16513,0
16514,0
16515,0
16516,0
16517,0
16518,0
16519,32
16520,0
16521,0
16522,0
16523,0
16524,28
16525,0
16526,0
16527,0
16528,0
16529,0
16530,0
16531,0
16532,0
16533,25
16534,0
16535,0
16536,0
16537,0
16538,22
16539,0
16540,0
16541,0
16542,28
16543,0
16544,0
16545,0
16546,0
16547,0
16548,0
16549,0
16550,0
16551,0
16552,0
16553,0
16554,0
16555,0
16556,0
16557,0
16558,42
16559,0
16560,0
16561,0
16562,0
16563,0
16564,0
16565,0
16566,0
16567,0
16568,0
16569,0
16570,0
16571,0
16572,0
16573,0
16574,0
16575,0
16576,0
16577,0
16578,0
16579,0
16580,0
16581,0
16582,0
16583,0
16584,0
16585,0
16586,0
16587,0
16588,0
16589,0
16590,0
16591,0
16592,0
16593,0
16594,0
16595,0
16596,0
16597,0
16598,0
16599,0
16600,0
16601,0
16602,0
16603,0
16604,0
16605,0
16606,0
16607,0
16608,0
16609,0
16610,0
16611,0
16612,0
16613,0
16614,0
16615,0
16616,0
16617,0
16618,0
16619,0
16620,0
16621,0
16622,0
16623,0
16624,24
16625,0
16626,0
16627,0
16628,0
16629,30
16630,0
16631,0
16632,0
16633,0
16634,0
16635,0
16636,0
16637,0
16638,0
16639,0
16640,0
16641,0
16642,0
16643,0
16644,0
16645,0
16646,0
16647,0
16648,0
16649,0
16650,27
16651,0
16652,0
16653,0
16654,26
16655,0
16656,40
16657,0
16658,0
16659,0
16660,0
16661,0
16662,0
16663,0
16664,27
16665,0
16666,0
16667,0
16668,0
16669,0
16670,49
16671,0
16672,0
16673,0
16674,0
16675,31
16676,0
16677,32
16678,0
16679,0
16680,0
16681,0
16682,0
16683,36
16684,0
16685,0
16686,0
16687,0
16688,0
16689,0
16690,0
16691,0
16692,0
16693,0
16694,38
16695,0
16696,21
16697,0
16698,0
16699,0
16700,0
16701,0
16702,40
16703,0
16704,0
16705,23
16706,0
16707,0
16708,0
16709,0
16710,0
16711,21
16712,0
16713,0
16714,0
16715,43
16716,26
16717,0
16718,0
16719,0
16720,0
16721,0
16722,0
16723,0
16724,29
16725,0
16726,0
16727,39
16728,0
16729,35
16730,0
16731,0
16732,0
16733,0
16734,0
16735,0
16736,0
16737,0
16738,0
16739,0
16740,0
16741,0
16742,24
16743,38
16744,29
16745,0
16746,30
16747,0
16748,0
16749,31
16750,0
16751,0
16752,0
16753,0
16754,31
16755,0
16756,25
16757,0
16758,26
16759,0
16760,0
16761,0
16762,0
16763,37
16764,0
16765,0
16766,0
16767,0
16768,0
16769,0
16770,0
16771,0
16772,22
16773,0
16774,0
16775,0
16776,0
16777,0
16778,0
16779,34
16780,0
16781,30
16782,33
16783,31
16784,0
16785,0
16786,0
16787,0
16788,0
16789,13
16790,0
16791,16
16792,0
16793,0
16794,36
16795,0
16796,0
16797,0
16798,0
16799,0
16800,35
16801,0
16802,0
16803,28
16804,0
16805,0
16806,0
16807,0
16808,0
16809,22
16810,45
16811,0
16812,0
16813,54
16814,0
16815,0
16816,0
16817,0
16818,0
16819,0
16820,0
16821,0
16822,0
16823,0
16824,0
16825,0
16826,0
16827,0
16828,0
16829,50
16830,0
16831,0
16832,0
16833,0
16834,0
16835,0
16836,0
16837,34
16838,0
16839,0
16840,0
16841,27
16842,0
16843,0
16844,32
16845,18
16846,0
16847,0
16848,0
16849,48
16850,0
16851,0
16852,0
16853,0
16854,0
16855,0
16856,0
16857,0
16858,0
16859,0
16860,34
16861,0
16862,0
16863,0
16864,0
16865,0
16866,0
16867,0
16868,0
16869,0
16870,0
16871,0
16872,0
16873,0
16874,0
16875,0
16876,0
16877,0
16878,0
16879,28
16880,0
16881,34
16882,0
16883,26
16884,43
16885,33
16886,0
16887,0
16888,0
16889,23
16890,0
16891,0
16892,0
16893,0
16894,0
16895,28
16896,0
16897,0
16898,0
16899,0
16900,0
16901,0
16902,0
16903,30
16904,0
16905,0
16906,0
16907,0
16908,0
16909,0
16910,0
16911,25
16912,0
16913,25
16914,0
16915,0
16916,37
16917,0
16918,0
16919,0
16920,0
16921,0
16922,0
16923,0
16924,0
16925,0
16926,0
16927,0
16928,22
16929,0
16930,0
16931,0
16932,34
16933,0
16934,47
16935,0
16936,39
16937,0
16938,27
16939,0
16940,0
16941,0
16942,28
16943,0
16944,0
16945,0
16946,0
16947,0
16948,0
16949,0
16950,0
16951,0
16952,0
16953,0
16954,0
16955,0
16956,29
16957,17
16958,30
16959,0
16960,0
16961,0
16962,0
16963,0
16964,0
16965,28
16966,35
16967,26
16968,0
16969,0
16970,30
16971,0
16972,0
16973,27
16974,0
16975,32
16976,35
16977,0
16978,33
16979,0
16980,0
16981,0
16982,0
16983,0
16984,0
16985,0
16986,30
16987,0
16988,0
16989,0
16990,0
16991,0
16992,0
16993,0
16994,35
16995,0
16996,17
16997,44
16998,0
16999,29
17000,0
17001,0
17002,0
17003,0
17004,24
17005,0
17006,45
17007,0
17008,0
17009,0
17010,0
17011,0
17012,0
17013,30
17014,0
17015,0
17016,0
17017,0
17018,0
17019,0
17020,35
17021,0
17022,0
17023,0
17024,0
17025,0
17026,34
17027,0
17028,0
17029,0
17030,0
17031,0
17032,0
17033,0
17034,0
17035,0
17036,29
17037,22
17038,0
17039,0
17040,0
17041,0
17042,0
17043,0
17044,0
17045,0
17046,0
17047,0
17048,0
17049,30
17050,27
17051,0
17052,0
17053,0
17054,0
17055,0
17056,0
17057,0
17058,0
17059,0
17060,31
17061,35
17062,0
17063,28
17064,24
17065,0
17066,0
17067,0
17068,34
17069,18
17070,0
17071,0
17072,0
17073,0
17074,0
17075,39
17076,0
17077,0
17078,0
17079,0
17080,0
17081,0
17082,0
17083,0
17084,0
17085,0
17086,0
17087,0
17088,0
17089,31
17090,36
17091,0
17092,0
17093,0
17094,0
17095,26
17096,0
17097,0
17098,20
17099,0
17100,0
17101,34
17102,0
17103,0
17104,0
17105,0
17106,0
17107,0
17108,0
17109,0
17110,0
17111,0
17112,42
17113,29
17114,0
17115,34
17116,0
17117,38
17118,36
17119,0
17120,37
17121,0
17122,0
17123,0
17124,0
17125,0
17126,0
17127,24
17128,26
17129,0
17130,0
17131,0
17132,0
17133,19
17134,0
17135,0
17136,0
17137,0
17138,0
17139,0
17140,0
17141,0
17142,0
17143,32
17144,0
17145,0
17146,22
17147,0
17148,0
17149,0
17150,0
17151,30
17152,0
17153,0
17154,0
17155,0
17156,0
17157,46
17158,0
17159,0
17160,0
17161,0
17162,0
17163,39
17164,0
17165,0
17166,0
17167,0
17168,29
17169,29
17170,0
17171,0
17172,40
17173,0
17174,0
17175,0
17176,0
17177,0
17178,0
17179,0
17180,0
17181,0
17182,15
17183,0
17184,0
17185,0
17186,0
17187,0
17188,0
17189,0
17190,0
17191,0
17192,0
17193,0
17194,0
17195,0
17196,0
17197,0
17198,0
17199,0
17200,0
17201,0
17202,0
17203,27
17204,0
17205,0
17206,0
17207,0
17208,0
17209,0
17210,0
17211,0
17212,0
17213,24
17214,0
17215,0
17216,0
17217,0
17218,0
17219,0
17220,0
17221,0
17222,0
17223,0
17224,0
17225,0
17226,0
17227,0
17228,0
17229,0
17230,0
17231,30
17232,25
17233,0
17234,0
17235,0
17236,0
17237,0
17238,0
17239,0
17240,0
17241,0
17242,24
17243,0
17244,0
17245,41
17246,27
17247,0
17248,0
17249,0
17250,0
17251,0
17252,39
17253,0
17254,0
17255,0
17256,0
17257,40
17258,0
17259,0
17260,0
17261,44
17262,0
17263,0
17264,44
17265,0
17266,39
17267,20
17268,0
17269,0
17270,0
17271,0
17272,0
17273,0
17274,0
17275,0
17276,0
17277,0
17278,0
17279,0
17280,0
17281,0
17282,0
17283,34
17284,0
17285,0
17286,34
17287,33
17288,0
17289,0
17290,0
17291,0
17292,0
17293,0
17294,0
17295,0
17296,0
17297,0
17298,36
17299,29
17300,0
17301,0
17302,0
17303,32
17304,0
17305,0
17306,25
17307,0
17308,0
17309,0
17310,0
17311,0
17312,0
17313,0
17314,37
17315,0
17316,29
17317,27
17318,0
17319,0
17320,28
17321,0
17322,0
17323,0
17324,0
17325,40
17326,0
17327,0
17328,0
17329,0
17330,0
17331,0
17332,0
17333,36
17334,24
17335,0
17336,0
17337,0
17338,0
17339,0
17340,0
17341,0
17342,0
17343,0
17344,0
17345,0
17346,0
17347,0
17348,24
17349,0
17350,0
17351,0
17352,0
17353,0
17354,0
17355,0
17356,27
17357,0
17358,0
17359,24
17360,0
17361,0
17362,0
17363,0
17364,0
17365,0
17366,0
17367,43
17368,18
17369,0
17370,0
17371,0
17372,0
17373,0
17374,0
17375,0
17376,0
17377,0
17378,44
17379,0
17380,0
17381,0
17382,0
17383,0
17384,0
17385,0
17386,31
17387,0
17388,0
17389,0
17390,0
17391,0
17392,0
17393,51
17394,28
17395,0
17396,0
17397,0
17398,16
17399,0
17400,0
17401,0
17402,0
17403,0
17404,38
17405,0
17406,0
17407,0
17408,16
17409,0
17410,0
17411,0
17412,0
17413,0
17414,0
17415,0
17416,0
17417,0
17418,0
17419,0
17420,29
17421,0
17422,0
17423,0
17424,0
17425,0
17426,0
17427,0
17428,0
17429,0
17430,0
17431,0
17432,0
17433,0
17434,0
17435,0
17436,0
17437,0
17438,0
17439,0
17440,0
17441,0
17442,0
17443,0
17444,0
17445,0
17446,0
17447,0
17448,29
17449,25
17450,40
17451,0
17452,0
17453,0
17454,0
17455,0
17456,0
17457,0
17458,0
17459,0
17460,0
17461,0
17462,0
17463,0
17464,0
17465,0
17466,0
17467,0
17468,0
17469,0
17470,0
17471,0
17472,0
17473,0
17474,0
17475,0
17476,0
17477,0
17478,0
17479,0
17480,0
17481,0
17482,0
17483,0
17484,0
17485,0
17486,0
17487,0
17488,0
17489,0
17490,0
17491,0
17492,0
17493,0
17494,0
17495,0
17496,0
17497,0
17498,0
17499,0
17500,0
17501,0
17502,0
17503,0
17504,0
17505,0
17506,0
17507,0
17508,0
17509,0
17510,0
17511,0
17512,0
17513,0
17514,0
17515,0
17516,0
17517,0
17518,0
17519,0
17520,0
17521,0
17522,0
17523,0
17524,0
17525,0
17526,0
17527,0
17528,0
17529,0
17530,0
17531,0
17532,0
17533,0
17534,0
17535,0
17536,0
17537,0
17538,0
17539,0
17540,0
17541,0
17542,0
17543,0
17544,0
17545,0
17546,0
17547,0
17548,0
17549,0
17550,0
17551,0
17552,0
17553,0
17554,0
17555,0
17556,0
17557,0
17558,0
17559,0
17560,0
17561,0
17562,0
17563,0
17564,0
17565,0
17566,0
17567,0
17568,0
17569,0
17570,0
17571,0
17572,0
17573,0
17574,0
17575,0
17576,0
17577,0
17578,0
17579,0
17580,5
17581,5
17582,0
17583,0
17584,0
17585,3
17586,0
17587,0
17588,0
17589,0
17590,5
17591,0
17592,0
17593,0
17594,0
17595,0
17596,0
17597,0
17598,0
17599,0
17600,0
17601,0
17602,0
17603,0
17604,0
17605,0
17606,0
17607,0
17608,0
17609,0
17610,0
17611,4
17612,0
17613,7
17614,0
17615,0
17616,0
17617,0
17618,1
17619,0
17620,0
17621,0
17622,0
17623,0
17624,0
17625,0
17626,0
17627,2
17628,0
17629,0
17630,2
17631,0
17632,0
17633,0
17634,0
17635,0
17636,0
17637,10
17638,0
17639,0
17640,0
17641,26
17642,0
17643,26
17644,24
17645,24
17646,0
17647,9
17648,0
17649,0
17650,0
17651,0
17652,9
17653,0
17654,0
17655,0
17656,0
17657,0
17658,0
17659,0
17660,26
17661,0
17662,0
17663,0
17664,24
17665,0
17666,0
17667,0
17668,0
17669,0
17670,23
17671,0
17672,0
17673,0
17674,32
17675,21
17676,28
17677,25
17678,0
17679,0
17680,20
17681,0
17682,32
17683,0
17684,23
17685,0
17686,19
17687,0
17688,0
17689,0
17690,0
17691,20
17692,0
17693,17
17694,20
17695,0
17696,0
17697,21
17698,0
17699,24
17700,0
17701,9
17702,0
17703,0
17704,0
17705,30
17706,0
17707,0
17708,0
17709,0
17710,0
17711,0
17712,10
17713,20
17714,0
17715,0
17716,20
17717,0
17718,0
17719,0
17720,0
17721,28
17722,0
17723,0
17724,0
17725,0
17726,29
17727,0
17728,0
17729,15
17730,0
17731,23
17732,0
17733,0
17734,0
17735,0
17736,0
17737,0
17738,0
17739,0
17740,0
17741,0
17742,26
17743,0
17744,0
17745,0
17746,0
17747,0
17748,0
17749,0
17750,0
17751,0
17752,0
17753,22
17754,0
17755,0
17756,26
17757,0
17758,28
17759,0
17760,0
17761,0
17762,0
17763,0
17764,0
17765,0
17766,28
17767,0
17768,0
17769,32
17770,0
17771,17
17772,0
17773,0
17774,17
17775,0
17776,0
17777,21
17778,0
17779,0
17780,0
17781,0
17782,0
17783,13
17784,18
17785,24
17786,0
17787,0
17788,28
17789,16
17790,0
17791,0
17792,0
17793,0
17794,24
17795,0
17796,0
17797,0
17798,0
17799,0
17800,0
17801,0
17802,0
17803,0
17804,0
17805,0
17806,29
17807,0
17808,0
17809,0
17810,39
17811,0
17812,0
17813,0
17814,0
17815,0
17816,14
17817,0
17818,0
17819,0
17820,0
17821,0
17822,0
17823,0
17824,0
17825,19
17826,19
17827,0
17828,0
17829,0
17830,17
17831,0
17832,0
17833,0
17834,0
17835,0
17836,0
17837,0
17838,0
17839,0
17840,0
17841,0
17842,0
17843,0
17844,0
17845,0
17846,0
17847,0
17848,16
17849,0
17850,0
17851,0
17852,0
17853,0
17854,17
17855,0
17856,0
17857,0
17858,0
17859,0
17860,0
17861,0
17862,0
17863,0
17864,0
17865,39
17866,0
17867,0
17868,0
17869,0
17870,0
17871,0
17872,0
17873,0
17874,36
17875,41
17876,0
17877,0
17878,32
17879,29
17880,36
17881,49
17882,0
17883,0
17884,56
17885,0
17886,42
17887,0
17888,0
17889,0
17890,0
17891,0
17892,0
17893,0
17894,0
17895,27
17896,0
17897,16
17898,0
17899,20
17900,0
17901,0
17902,0
17903,0
17904,0
17905,30
17906,0
17907,0
17908,28
17909,0
17910,0
17911,0
17912,0
17913,32
17914,0
17915,0
17916,0
17917,16
17918,0
17919,0
17920,30
17921,0
17922,0
17923,0
17924,25
17925,0
17926,0
17927,0
17928,0
17929,0
17930,0
17931,21
17932,0
17933,0
17934,0
17935,18
17936,0
17937,0
17938,0
17939,0
17940,0
17941,31
17942,0
17943,0
17944,0
17945,0
17946,17
17947,0
17948,0
17949,0
17950,34
17951,0
17952,0
17953,0
17954,0
17955,0
17956,0
17957,37
17958,32
17959,0
17960,0
17961,0
17962,0
17963,0
17964,10
17965,26
17966,0
17967,0
17968,0
17969,0
17970,0
17971,33
17972,0
17973,0
17974,0
17975,0
17976,0
17977,0
17978,19
17979,0
17980,0
17981,0
17982,0
17983,13
17984,43
17985,38
17986,0
17987,19
17988,18
17989,0
17990,19
17991,0
17992,0
17993,39
17994,0
17995,0
17996,40
17997,19
17998,0
17999,0
18000,0
18001,0
18002,18
18003,27
18004,40
18005,36
18006,0
18007,30
18008,41
18009,0
18010,0
18011,0
18012,0
18013,0
18014,33
18015,0
18016,0
18017,26
18018,0
18019,14
18020,0
18021,0
18022,0
18023,0
18024,26
18025,0
18026,0
18027,0
18028,0
18029,32
18030,26
18031,0
18032,0
18033,0
18034,0
18035,14
18036,0
18037,33
18038,0
18039,27
18040,43
18041,20
18042,56
18043,0
18044,0
18045,22
18046,0
18047,19
18048,0
18049,0
18050,0
18051,0
18052,21
18053,0
18054,24
18055,0
18056,0
18057,0
18058,0
18059,0
18060,0
18061,17
18062,30
18063,18
18064,0
18065,14
18066,39
18067,0
18068,0
18069,0
18070,0
18071,0
18072,14
18073,26
18074,0
18075,0
18076,0
18077,31
18078,0
18079,35
18080,0
18081,0
18082,0
18083,21
18084,19
18085,0
18086,22
18087,52
18088,30
18089,0
18090,0
18091,0
18092,15
18093,0
18094,0
18095,0
18096,0
18097,13
18098,0
18099,7
18100,13
18101,18
18102,0
18103,30
18104,43
18105,0
18106,0
18107,0
18108,0
18109,0
18110,0
18111,0
18112,0
18113,0
18114,40
18115,34
18116,0
18117,40
18118,0
18119,0
18120,5
18121,52
18122,21
18123,0
18124,0
18125,0
18126,0
18127,0
18128,57
18129,23
18130,31
18131,0
18132,0
18133,42
18134,0
18135,0
18136,0
18137,0
18138,0
18139,0
18140,0
18141,46
18142,0
18143,0
18144,0
18145,14
18146,7
18147,0
18148,0
18149,0
18150,0
18151,0
18152,0
18153,0
18154,0
18155,24
18156,0
18157,0
18158,0
18159,0
18160,0
18161,0
18162,24
18163,25
18164,0
18165,0
18166,18
18167,32
18168,0
18169,0
18170,18
18171,0
18172,0
18173,0
18174,7
18175,0
18176,15
18177,14
18178,0
18179,0
18180,0
18181,38
18182,0
18183,0
18184,12
18185,0
18186,7
18187,0
18188,18
18189,0
18190,0
18191,11
18192,0
18193,0
18194,0
18195,0
18196,0
18197,0
18198,26
18199,0
18200,59
18201,0
18202,0
18203,0
18204,13
18205,33
18206,0
18207,17
18208,43
18209,0
18210,0
18211,0
18212,57
18213,0
18214,51
18215,0
18216,0
18217,31
18218,0
18219,44
18220,0
18221,0
18222,0
18223,31
18224,0
18225,0
18226,0
18227,0
18228,0
18229,0
18230,0
18231,0
18232,0
18233,0
18234,0
18235,20
18236,8
18237,15
18238,0
18239,38
18240,0
18241,53
18242,17
18243,0
18244,18
18245,0
18246,0
18247,0
18248,0
18249,0
18250,0
18251,0
18252,0
18253,0
18254,0
18255,0
18256,0
18257,0
18258,0
18259,0
18260,13
18261,0
18262,0
18263,0
18264,26
18265,47
18266,0
18267,0
18268,15
18269,23
18270,58
18271,0
18272,0
18273,0
18274,0
18275,0
18276,0
18277,0
18278,20
18279,0
18280,11
18281,0
18282,30
18283,0
18284,35
18285,0
18286,0
18287,0
18288,0
18289,0
18290,0
18291,0
18292,0
18293,0
18294,0
18295,31
18296,0
18297,0
18298,16
18299,0
18300,0
18301,0
18302,27
18303,24
18304,0
18305,0
18306,0
18307,0
18308,0
18309,0
18310,28
18311,0
18312,0
18313,0
18314,0
18315,23
18316,0
18317,26
18318,0
18319,0
18320,0
18321,0
18322,0
18323,0
18324,0
18325,0
18326,0
18327,29
18328,19
18329,0
18330,25
18331,0
18332,0
18333,0
18334,15
18335,0
18336,0
18337,0
18338,0
18339,18
18340,0
18341,0
18342,0
18343,18
18344,0
18345,0
18346,0
18347,0
18348,24
18349,0
18350,32
18351,0
18352,0
18353,0
18354,0
18355,21
18356,0
18357,0
18358,0
18359,0
18360,0
18361,0
18362,0
18363,38
18364,0
18365,0
18366,0
18367,0
18368,0
18369,0
18370,0
18371,0
18372,0
18373,11
18374,0
18375,21
18376,0
18377,0
18378,0
18379,0
18380,24
18381,0
18382,0
18383,0
18384,0
18385,40
18386,24
18387,0
18388,0
18389,0
18390,0
18391,0
18392,0
18393,0
18394,0
18395,0
18396,0
18397,0
18398,0
18399,0
18400,0
18401,0
18402,0
18403,35
18404,0
18405,0
18406,0
18407,0
18408,0
18409,0
18410,0
18411,0
18412,21
18413,0
18414,0
18415,22
18416,0
18417,0
18418,0
18419,33
18420,0
18421,0
18422,0
18423,0
18424,0
18425,0
18426,14
18427,0
18428,0
18429,0
18430,0
18431,0
18432,0
18433,0
18434,0
18435,37
18436,0
18437,12
18438,0
18439,0
18440,0
18441,0
18442,44
18443,0
18444,21
18445,0
18446,0
18447,0
18448,0
18449,0
18450,0
18451,0
18452,0
18453,25
18454,0
18455,0
18456,0
18457,0
18458,46
18459,25
18460,0
18461,0
18462,27
18463,0
18464,0
18465,0
18466,0
18467,21
18468,0
18469,0
18470,0
18471,0
18472,0
18473,0
18474,0
18475,15
18476,0
18477,31
18478,20
18479,0
18480,0
18481,0
18482,0
18483,0
18484,49
18485,0
18486,0
18487,0
18488,64
18489,0
18490,0
18491,0
18492,18
18493,0
18494,24
18495,0
18496,0
18497,24
18498,0
18499,0
18500,0
18501,23
18502,0
18503,16
18504,0
18505,22
18506,0
18507,0
18508,0
18509,0
18510,0
18511,15
18512,0
18513,0
18514,0
18515,22
18516,20
18517,0
18518,0
18519,0
18520,0
18521,0
18522,53
18523,42
18524,0
18525,20
18526,37
18527,0
18528,0
18529,0
18530,0
18531,0
18532,0
18533,15
18534,0
18535,0
18536,0
18537,0
18538,0
18539,22
18540,0
18541,41
18542,0
18543,0
18544,0
18545,0
18546,0
18547,0
18548,0
18549,32
18550,0
18551,0
18552,0
18553,0
18554,0
18555,0
18556,0
18557,0
18558,0
18559,0
18560,0
18561,0
18562,0
18563,0
18564,0
18565,0
18566,23
18567,0
18568,51
18569,0
18570,0
18571,0
18572,23
18573,23
18574,0
18575,0
18576,39
18577,0
18578,13
18579,28
18580,0
18581,0
18582,0
18583,0
18584,0
18585,5
18586,18
18587,0
18588,0
18589,0
18590,0
18591,0
18592,0
18593,0
18594,0
18595,35
18596,38
18597,0
18598,0
18599,81
18600,13
18601,0
18602,0
18603,0
18604,0
18605,0
18606,22
18607,0
18608,0
18609,28
18610,0
18611,0
18612,0
18613,0
18614,24
18615,0
18616,0
18617,0
18618,0
18619,0
18620,35
18621,0
18622,0
18623,0
18624,0
18625,30
18626,0
18627,32
18628,0
18629,0
18630,0
18631,0
18632,0
18633,17
18634,0
18635,0
18636,31
18637,0
18638,0
18639,0
18640,0
18641,0
18642,0
18643,0
18644,22
18645,0
18646,0
18647,0
18648,24
18649,9
18650,35
18651,0
18652,0
18653,0
18654,0
18655,31
18656,0
18657,0
18658,0
18659,12
18660,16
18661,0
18662,0
18663,11
18664,0
18665,0
18666,0
18667,0
18668,0
18669,0
18670,0
18671,0
18672,0
18673,6
18674,0
18675,0
18676,0
18677,49
18678,0
18679,0
18680,33
18681,20
18682,0
18683,0
18684,0
18685,0
18686,17
18687,0
18688,0
18689,25
18690,34
18691,0
18692,47
18693,22
18694,29
18695,0
18696,7
18697,15
18698,0
18699,0
18700,0
18701,0
18702,0
18703,0
18704,0
18705,0
18706,0
18707,0
18708,0
18709,0
18710,0
18711,0
18712,0
18713,0
18714,0
18715,0
18716,45
18717,0
18718,0
18719,0
18720,0
18721,0
18722,0
18723,0
18724,31
18725,0
18726,0
18727,41
18728,0
18729,0
18730,16
18731,0
18732,0
18733,11
18734,0
18735,0
18736,0
18737,0
18738,0
18739,0
18740,0
18741,0
18742,49
18743,0
18744,21
18745,29
18746,0
18747,0
18748,0
18749,0
18750,0
18751,37
18752,0
18753,45
18754,23
18755,0
18756,0
18757,0
18758,0
18759,0
18760,0
18761,40
18762,0
18763,21
18764,0
18765,0
18766,0
18767,0
18768,0
18769,16
18770,0
18771,21
18772,0
18773,20
18774,0
18775,0
18776,0
18777,25
18778,0
18779,26
18780,0
18781,0
18782,15
18783,0
18784,0
18785,0
18786,0
18787,0
18788,0
18789,0
18790,0
18791,0
18792,30
18793,0
18794,32
18795,0
18796,0
18797,0
18798,0
18799,19
18800,0
18801,0
18802,0
18803,0
18804,0
18805,0
18806,0
18807,0
18808,0
18809,0
18810,0
18811,0
18812,0
18813,34
18814,24
18815,23
18816,0
18817,0
18818,0
18819,0
18820,0
18821,24
18822,25
18823,0
18824,0
18825,0
18826,13
18827,0
18828,13
18829,0
18830,0
18831,0
18832,0
18833,0
18834,0
18835,0
18836,0
18837,0
18838,0
18839,0
18840,21
18841,0
18842,0
18843,16
18844,0
18845,0
18846,0
18847,0
18848,0
18849,23
18850,25
18851,0
18852,0
18853,30
18854,34
18855,0
18856,25
18857,20
18858,0
18859,0
18860,0
18861,0
18862,17
18863,0
18864,0
18865,0
18866,0
18867,14
18868,0
18869,0
18870,0
18871,0
18872,0
18873,2
18874,0
18875,0
18876,0
18877,0
18878,0
18879,1
18880,0
18881,0
18882,0
18883,1
18884,0
18885,0
18886,2
18887,0
18888,0
18889,0
18890,0
18891,0
18892,0
18893,0
18894,0
18895,0
18896,0
18897,0
18898,0
18899,0
18900,0
18901,0
18902,0
18903,0
18904,0
18905,0
18906,0
18907,0
18908,0
18909,0
18910,0
18911,0
18912,0
18913,0
18914,0
18915,0
18916,0
18917,0
18918,0
18919,0
18920,0
18921,0
18922,0
18923,3
18924,0
18925,0
18926,0
18927,0
18928,0
18929,0
18930,0
18931,0
18932,5
18933,0
18934,4
18935,0
18936,0
18937,0
18938,0
18939,0
18940,0
18941,0
18942,0
18943,0
18944,0
18945,0
18946,0
18947,1
18948,0
18949,0
18950,0
18951,0
18952,0
18953,2
18954,0
18955,0
18956,2
18957,0
18958,0
18959,0
18960,2
18961,0
18962,0
18963,0
18964,0
18965,0
18966,0
18967,0
18968,0
18969,1
18970,0
18971,0
18972,1
18973,0
18974,0
18975,0
18976,0
18977,0
18978,2
18979,3
18980,0
18981,0
18982,0
18983,0
18984,0
18985,0
18986,0
18987,0
18988,0
18989,0
18990,0
18991,0
18992,0
18993,2
18994,0
18995,0
18996,0
18997,0
18998,0
18999,0
19000,1
19001,3
19002,0
19003,2
19004,0
19005,3
19006,0
19007,4
19008,0
19009,0
19010,0
19011,0
19012,0
19013,0
19014,0
19015,0
19016,0
19017,0
19018,0
19019,2
19020,0
19021,0
19022,0
19023,0
19024,0
19025,0
19026,0
19027,0
19028,0
19029,0
19030,0
19031,0
19032,0
19033,2
19034,0
19035,0
19036,0
19037,0
19038,0
19039,0
19040,0
19041,0
19042,0
19043,0
19044,0
19045,0
19046,0
19047,0
19048,0
19049,0
19050,3
19051,0
19052,0
19053,0
19054,0
19055,0
19056,0
19057,0
19058,0
19059,0
19060,0
19061,0
19062,0
19063,0
19064,0
19065,0
19066,0
19067,0
19068,3
19069,0
19070,0
19071,0
19072,0
19073,0
19074,0
19075,0
19076,0
19077,0
19078,0
19079,0
19080,0
19081,0
19082,1
19083,0
19084,0
19085,4
19086,0
19087,0
19088,0
19089,0
19090,0
19091,1
19092,0
19093,0
19094,0
19095,0
19096,0
19097,0
19098,0
19099,0
19100,0
19101,0
19102,0
19103,0
19104,0
19105,1
19106,1
19107,0
19108,0
19109,0
19110,0
19111,1
19112,0
19113,0
19114,0
19115,3
19116,0
19117,0
19118,0
19119,0
19120,0
19121,0
19122,0
19123,2
19124,0
19125,0
19126,0
19127,0
19128,0
19129,0
19130,0
19131,0
19132,0
19133,0
19134,0
19135,0
19136,0
19137,0
19138,0
19139,0
19140,0
19141,0
19142,0
19143,0
19144,2
19145,0
19146,3
19147,0
19148,0
19149,0
19150,0
19151,0
19152,0
19153,0
19154,0
19155,1
19156,0
19157,0
19158,0
19159,0
19160,0
19161,0
19162,0
19163,0
19164,0
19165,0
19166,0
19167,0
19168,0
19169,0
19170,0
19171,0
19172,0
19173,0
19174,0
19175,0
19176,0
19177,0
19178,1
19179,0
19180,0
19181,0
19182,0
19183,0
19184,0
19185,1
19186,0
19187,0
19188,0
19189,0
19190,0
19191,0
19192,0
19193,0
19194,0
19195,0
19196,0
19197,0
19198,0
19199,0
19200,0
19201,0
19202,0
19203,4
19204,0
19205,0
19206,0
19207,0
19208,0
19209,0
19210,0
19211,0
19212,0
19213,0
19214,0
19215,0
19216,0
19217,0
19218,0
19219,0
19220,0
19221,0
19222,0
19223,0
19224,0
19225,0
19226,0
19227,0
19228,0
19229,0
19230,0
19231,0
19232,0
19233,0
19234,0
19235,1
19236,1
19237,0
19238,0
19239,0
19240,0
19241,0
19242,0
19243,3
19244,0
19245,0
19246,0
19247,0
19248,0
19249,0
19250,0
19251,0
19252,2
19253,0
19254,0
19255,0
19256,0
19257,0
19258,0
19259,0
19260,0
19261,0
19262,0
19263,0
19264,0
19265,0
19266,0
19267,4
19268,0
19269,0
19270,0
19271,0
19272,0
19273,0
19274,0
19275,0
19276,0
19277,0
19278,0
19279,0
19280,0
19281,0
19282,0
19283,0
19284,0
19285,0
19286,0
19287,0
19288,0
19289,1
19290,0
19291,0
19292,0
19293,0
19294,0
19295,0
19296,0
19297,0
19298,0
19299,0
19300,0
19301,1
19302,0
19303,0
19304,0
19305,0
19306,0
19307,0
19308,0
19309,3
19310,0
19311,0
19312,0
19313,0
19314,0
19315,0
19316,0
19317,0
19318,0
19319,1
19320,0
19321,0
19322,3
19323,0
19324,0
19325,0
19326,0
19327,0
19328,0
19329,0
19330,0
19331,0
19332,0
19333,0
19334,0
19335,0
19336,0
19337,0
19338,0
19339,0
19340,0
19341,0
19342,0
19343,0
19344,0
19345,2
19346,0
19347,0
19348,0
19349,0
19350,0
19351,1
19352,0
19353,0
19354,0
19355,0
19356,0
19357,0
19358,0
19359,0
19360,0
19361,0
19362,1
19363,0
19364,3
19365,2
19366,0
19367,0
19368,0
19369,0
19370,0
19371,0
19372,0
19373,0
19374,0
19375,0
19376,14
19377,0
19378,14
19379,0
19380,12
19381,0
19382,0
19383,0
19384,10
19385,0
19386,0
19387,18
19388,0
19389,0
19390,0
19391,0
19392,7
19393,0
19394,0
19395,0
19396,0
19397,0
19398,0
19399,0
19400,0
19401,12
19402,0
19403,19
19404,14
19405,0
19406,0
19407,0
19408,0
19409,11
19410,0
19411,0
19412,0
19413,0
19414,0
19415,0
19416,0
19417,0
19418,0
19419,19
19420,16
19421,0
19422,5
19423,0
19424,0
19425,0
19426,0
19427,0
19428,0
19429,11
19430,0
19431,10
19432,0
19433,0
19434,0
19435,0
19436,0
19437,0
19438,6
19439,0
19440,0
19441,0
19442,0
19443,0
19444,7
19445,0
19446,0
19447,0
19448,21
19449,0
19450,0
19451,0
19452,0
19453,10
19454,0
19455,0
19456,0
19457,0
19458,0
19459,0
19460,0
19461,0
19462,0
19463,0
19464,14
19465,0
19466,0
19467,0
19468,16
19469,17
19470,0
19471,0
19472,12
19473,0
19474,0
19475,0
19476,0
19477,0
19478,0
19479,0
19480,19
19481,0
19482,15
19483,0
19484,0
19485,0
19486,0
19487,0
19488,0
19489,0
19490,0
19491,13
19492,0
19493,0
19494,0
19495,0
19496,0
19497,0
19498,0
19499,0
19500,0
19501,0
19502,12
19503,0
19504,0
19505,9
19506,0
19507,0
19508,0
19509,12
19510,9
19511,0
19512,0
19513,0
19514,10
19515,0
19516,0
19517,0
19518,0
19519,0
19520,0
19521,0
19522,0
19523,0
19524,0
19525,6
19526,21
19527,9
19528,0
19529,0
19530,0
19531,7
19532,15
19533,0
19534,0
19535,0
19536,0
19537,0
19538,17
19539,0
19540,0
19541,9
19542,0
19543,0
19544,0
19545,0
19546,0
19547,0
19548,0
19549,0
19550,13
19551,0
19552,0
19553,0
19554,0
19555,16
19556,0
19557,0
19558,0
19559,0
19560,0
19561,11
19562,13
19563,9
19564,0
19565,0
19566,15
19567,9
19568,0
19569,0
19570,0
19571,0
19572,0
19573,10
19574,10
19575,0
19576,0
19577,0
19578,0
19579,0
19580,17
19581,0
19582,0
19583,0
19584,12
19585,0
19586,0
19587,18
19588,0
19589,0
19590,0
19591,20
19592,0
19593,0
19594,0
19595,0
19596,22
19597,0
19598,0
19599,0
19600,0
19601,0
19602,0
19603,8
19604,0
19605,0
19606,0
19607,0
19608,0
19609,0
19610,17
19611,0
19612,0
19613,0
19614,0
19615,0
19616,0
19617,0
19618,0
19619,0
19620,0
19621,16
19622,0
19623,0
19624,0
19625,0
19626,0
19627,0
19628,0
19629,0
19630,0
19631,15
19632,14
19633,12
19634,10
19635,10
19636,0
19637,23
19638,0
19639,0
19640,0
19641,0
19642,0
19643,16
19644,0
19645,0
19646,0
19647,0
19648,0
19649,0
19650,0
19651,17
19652,0
19653,0
19654,0
19655,0
19656,8
19657,0
19658,0
19659,0
19660,0
19661,0
19662,0
19663,0
19664,0
19665,0
19666,14
19667,0
19668,0
19669,15
19670,0
19671,0
19672,0
19673,0
19674,0
19675,0
19676,0
19677,0
19678,0
19679,0
19680,3
19681,3
19682,0
19683,0
19684,0
19685,0
19686,0
19687,0
19688,1
19689,0
19690,0
19691,1
19692,0
19693,4
19694,4
19695,0
19696,4
19697,0
19698,0
19699,0
19700,0
19701,0
19702,0
19703,0
19704,0
19705,0
19706,0
19707,0
19708,0
19709,4
19710,0
19711,0
19712,0
19713,0
19714,0
19715,0
19716,0
19717,0
19718,4
19719,0
19720,0
19721,0
19722,0
19723,0
19724,0
19725,0
19726,0
19727,0
19728,0
19729,0
19730,4
19731,2
19732,0
19733,0
19734,2
19735,3
19736,0
19737,0
19738,0
19739,5
19740,0
19741,0
19742,0
19743,0
19744,0
19745,0
19746,0
19747,0
19748,2
19749,3
19750,0
19751,0
19752,0
19753,0
19754,0
19755,0
19756,0
19757,0
19758,0
19759,0
19760,0
19761,0
19762,0
19763,0
19764,0
19765,0
19766,0
19767,0
19768,2
19769,0
19770,0
19771,0
19772,0
19773,4
19774,0
19775,0
19776,0
19777,0
19778,0
19779,0
19780,0
19781,0
19782,0
19783,0
19784,0
19785,0
19786,0
19787,0
19788,0
19789,0
19790,0
19791,3
19792,0
19793,0
19794,0
19795,0
19796,3
19797,0
19798,0
19799,0
19800,0
19801,1
19802,0
19803,0
19804,0
19805,0
19806,0
19807,0
19808,2
19809,0
19810,0
19811,4
19812,0
19813,0
19814,0
19815,0
19816,0
19817,0
19818,0
19819,0
19820,0
19821,0
19822,0
19823,1
19824,0
19825,0
19826,0
19827,0
19828,0
19829,0
19830,0
19831,0
19832,0
19833,0
19834,0
19835,0
19836,3
19837,2
19838,0
19839,0
19840,0
19841,0
19842,0
19843,0
19844,0
19845,0
19846,5
19847,0
19848,0
19849,0
19850,0
19851,0
19852,0
19853,0
19854,2
19855,0
19856,0
19857,0
19858,0
19859,0
19860,2
19861,0
19862,0
19863,5
19864,0
19865,1
19866,0
19867,0
19868,0
19869,0
19870,0
19871,0
19872,0
19873,0
19874,0
19875,0
19876,1
19877,0
19878,0
19879,0
19880,0
19881,0
19882,0
19883,0
19884,0
19885,3
19886,0
19887,0
19888,0
19889,0
19890,0
19891,0
19892,0
19893,0
19894,0
19895,0
19896,0
19897,0
19898,0
19899,0
19900,0
19901,0
19902,0
19903,0
19904,3
19905,0
19906,0
19907,0
19908,2
19909,3
19910,0
19911,0
19912,0
19913,0
19914,0
19915,0
19916,0
19917,3
19918,0
19919,0
19920,0
19921,0
19922,0
19923,0
19924,0
19925,0
19926,0
19927,5
19928,0
19929,0
19930,0
19931,0
19932,0
19933,0
19934,0
19935,5
19936,0
19937,0
19938,0
19939,0
19940,0
19941,5
19942,0
19943,0
19944,0
19945,0
19946,0
19947,0
19948,0
19949,0
19950,0
19951,0
19952,0
19953,1
19954,0
19955,1
19956,0
19957,0
19958,1
19959,0
19960,3
19961,2
19962,0
19963,0
19964,0
19965,3
19966,0
19967,0
19968,0
19969,0
19970,0
19971,0
19972,0
19973,0
19974,0
19975,0
19976,0
19977,0
19978,1
19979,0
19980,0
19981,0
19982,0
19983,0
19984,0
19985,0
19986,0
19987,0
19988,0
19989,0
19990,0
19991,0
19992,0
19993,1
19994,0
19995,0
19996,0
19997,0
19998,0
19999,7
20000,3
20001,0
20002,2
20003,0
20004,0
20005,0
20006,0
20007,0
20008,0
20009,1
20010,0
20011,0
20012,0
20013,0
20014,0
20015,0
20016,4
20017,4
20018,0
20019,0
20020,1
20021,0
20022,0
20023,0
20024,3
20025,0
20026,0
20027,0
20028,0
20029,0
20030,3
20031,0
20032,0
20033,3
20034,2
20035,0
20036,0
20037,0
20038,0
20039,0
20040,0
20041,0
20042,0
20043,0
20044,0
20045,0
20046,0
20047,0
20048,2
20049,0
20050,0
20051,0
20052,0
20053,0
20054,0
20055,0
20056,0
20057,0
20058,0
20059,0
20060,0
20061,0
20062,0
20063,0
20064,1
20065,3
20066,0
20067,0
20068,0
20069,0
20070,3
20071,0
20072,0
20073,0
20074,0
20075,0
20076,0
20077,2
20078,0
20079,0
20080,0
20081,2
20082,0
20083,0
20084,0
20085,0
20086,0
20087,0
20088,0
20089,0
20090,0
20091,0
20092,7
20093,0
20094,0
20095,0
20096,0
20097,4
20098,0
20099,3
20100,0
20101,0
20102,3
20103,4
20104,0
20105,0
20106,2
20107,0
20108,0
20109,0
20110,0
20111,0
20112,0
20113,0
20114,0
20115,3
20116,0
20117,0
20118,0
20119,0
20120,0
20121,1
20122,0
20123,0
20124,3
20125,1
20126,0
20127,5
20128,1
20129,0
20130,0
20131,0
20132,0
20133,0
20134,0
20135,0
20136,0
20137,0
20138,0
20139,0
20140,0
20141,0
20142,7
20143,0
20144,0
20145,0
20146,0
20147,0
20148,0
20149,0
20150,0
20151,3
20152,4
20153,0
20154,2
20155,0
20156,0
20157,0
20158,0
20159,0
20160,1
20161,0
20162,0
20163,0
20164,0
20165,2
20166,3
20167,0
20168,2
20169,0
20170,0
20171,3
20172,0
20173,0
20174,5
20175,0
20176,0
20177,3
20178,0
20179,0
20180,0
20181,2
20182,0
20183,6
20184,0
20185,0
20186,0
20187,0
20188,0
20189,0
20190,0
20191,0
20192,0
20193,0
20194,0
20195,5
20196,0
20197,0
20198,0
20199,0
20200,0
20201,0
20202,3
20203,0
20204,0
20205,0
20206,4
20207,0
20208,4
20209,0
20210,0
20211,0
20212,0
20213,0
20214,0
20215,0
20216,0
20217,0
20218,0
20219,0
20220,0
20221,0
20222,0
20223,0
20224,1
20225,0
20226,0
20227,0
20228,0
20229,0
20230,0
20231,0
20232,0
20233,0
20234,0
20235,0
20236,0
20237,0
20238,4
20239,0
20240,2
20241,0
20242,0
20243,3
20244,4
20245,0
20246,0
20247,0
20248,5
20249,2
20250,0
20251,1
20252,2
20253,0
20254,0
20255,0
20256,0
20257,0
20258,2
20259,0
20260,0
20261,0
20262,0
20263,2
20264,2
20265,0
20266,0
20267,2
20268,0
20269,0
20270,4
20271,0
20272,0
20273,0
20274,0
20275,0
20276,0
20277,0
20278,0
20279,0
20280,0
20281,0
20282,0
20283,0
20284,4
20285,0
20286,0
20287,3
20288,1
20289,0
20290,4
20291,0
20292,0
20293,0
20294,3
20295,0
20296,0
20297,2
20298,0
20299,0
20300,2
20301,0
20302,2
20303,0
20304,0
20305,0
20306,0
20307,4
20308,0
20309,0
20310,4
20311,0
20312,0
20313,0
20314,0
20315,0
20316,0
20317,8
20318,1
20319,0
20320,0
20321,5
20322,0
20323,0
20324,0
20325,0
20326,0
20327,0
20328,0
20329,0
20330,0
20331,0
20332,5
20333,0
20334,0
20335,1
20336,2
20337,0
20338,0
20339,0
20340,0
20341,0
20342,0
20343,2
20344,3
20345,3
20346,0
20347,0
20348,6
20349,0
20350,0
20351,0
20352,0
20353,0
20354,0
20355,0
20356,0
20357,1
20358,2
20359,0
20360,0
20361,3
20362,1
20363,0
20364,0
20365,3
20366,0
20367,1
20368,3
20369,0
20370,0
20371,0
20372,0
20373,0
20374,0
20375,0
20376,0
20377,0
20378,0
20379,0
20380,0
20381,0
20382,0
20383,0
20384,0
20385,0
20386,3
20387,0
20388,0
20389,0
20390,0
20391,0
20392,0
20393,0
20394,0
20395,0
20396,0
20397,0
20398,0
20399,0
20400,0
20401,0
20402,0
20403,0
20404,0
20405,0
20406,4
20407,0
20408,0
20409,0
20410,0
20411,0
20412,0
20413,0
20414,0
20415,0
20416,0
20417,0
20418,0
20419,0
20420,0
20421,0
20422,0
20423,0
20424,0
20425,3
20426,0
20427,0
20428,0
20429,2
20430,0
20431,0
20432,0
20433,0
20434,0
20435,0
20436,0
20437,0
20438,2
20439,0
20440,0
20441,0
20442,4
20443,0
20444,0
20445,0
20446,0
20447,0
20448,0
20449,0
20450,0
20451,0
20452,0
20453,0
20454,0
20455,0
20456,0
20457,0
20458,4
20459,0
20460,0
20461,0
20462,5
20463,0
20464,2
20465,0
20466,4
20467,0
20468,0
20469,0
20470,0
20471,4
20472,0
20473,0
20474,0
20475,5
20476,0
20477,0
20478,0
20479,0
20480,0
20481,0
20482,0
20483,5
20484,4
20485,0
20486,0
20487,0
20488,5
20489,0
20490,0
20491,0
20492,3
20493,0
20494,0
20495,0
20496,0
20497,0
20498,5
20499,6
20500,0
20501,0
20502,0
20503,0
20504,0
20505,0
20506,5
20507,5
20508,0
20509,4
20510,0
20511,0
20512,0
20513,0
20514,7
20515,4
20516,0
20517,0
20518,2
20519,0
20520,8
20521,2
20522,0
20523,0
20524,0
20525,6
20526,0
20527,0
20528,0
20529,4
20530,0
20531,0
20532,0
20533,7
20534,3
20535,6
20536,0
20537,0
20538,0
20539,8
20540,4
20541,0
20542,0
20543,0
20544,0
20545,0
20546,0
20547,0
20548,0
20549,0
20550,9
20551,0
20552,0
20553,0
20554,0
20555,4
20556,0
20557,3
20558,0
20559,0
20560,0
20561,0
20562,0
20563,0
20564,0
20565,5
20566,0
20567,0
20568,0
20569,6
20570,0
20571,4
20572,0
20573,0
20574,0
20575,0
20576,0
20577,0
20578,0
20579,2
20580,0
20581,3
20582,8
20583,0
20584,4
20585,0
20586,4
20587,0
20588,0
20589,0
20590,0
20591,0
20592,0
20593,11
20594,0
20595,0
20596,5
20597,5
20598,3
20599,0
20600,1
20601,0
20602,0
20603,0
20604,2
20605,0
20606,0
20607,11
20608,0
20609,3
20610,0
20611,4
20612,0
20613,0
20614,0
20615,0
20616,0
20617,6
20618,0
20619,0
20620,0
20621,0
20622,0
20623,0
20624,0
20625,0
20626,0
20627,0
20628,4
20629,4
20630,0
20631,2
20632,0
20633,0
20634,2
20635,0
20636,0
20637,5
20638,0
20639,0
20640,0
20641,0
20642,0
20643,0
20644,0
20645,0
20646,3
20647,0
20648,0
20649,0
20650,1
20651,0
20652,0
20653,4
20654,0
20655,0
20656,5
20657,0
20658,0
20659,0
20660,0
20661,5
20662,0
20663,0
20664,0
20665,0
20666,0
20667,0
20668,0
20669,0
20670,6
20671,0
20672,6
20673,8
20674,0
20675,0
20676,0
20677,0
20678,0
20679,4
20680,0
20681,0
20682,0
20683,5
20684,0
20685,3
20686,0
20687,0
20688,0
20689,0
20690,6
20691,0
20692,0
20693,0
20694,0
20695,0
20696,0
20697,4
20698,0
20699,0
20700,0
20701,6
20702,0
20703,0
20704,0
20705,0
20706,2
20707,0
20708,0
20709,0
20710,0
20711,0
20712,0
20713,0
20714,7
20715,0
20716,8
20717,0
20718,3
20719,0
20720,8
20721,0
20722,0
20723,0
20724,0
20725,0
20726,0
20727,0
20728,10
20729,0
20730,0
20731,0
20732,5
20733,0
20734,0
20735,9
20736,0
20737,0
20738,0
20739,0
20740,0
20741,0
20742,7
20743,0
20744,8
20745,0
20746,0
20747,0
20748,0
20749,0
20750,0
20751,0
20752,5
20753,0
20754,0
20755,0
20756,0
20757,7
20758,7
20759,0
20760,14
20761,0
20762,0
20763,2
20764,9
20765,0
20766,0
20767,0
20768,0
20769,0
20770,0
20771,6
20772,0
20773,0
20774,0
20775,0
20776,0
20777,0
20778,0
20779,0
20780,0
20781,0
20782,0
20783,3
20784,0
20785,0
20786,5
20787,0
20788,0
20789,0
20790,0
20791,0
20792,4
20793,0
20794,0
20795,0
20796,5
20797,0
20798,0
20799,0
20800,7
20801,0
20802,0
20803,0
20804,4
20805,0
20806,3
20807,0
20808,0
20809,2
20810,2
20811,0
20812,3
20813,3
20814,0
20815,0
20816,0
20817,0
20818,0
20819,0
20820,0
20821,0
20822,0
20823,0
20824,0
20825,2
20826,0
20827,5
20828,0
20829,0
20830,0
20831,0
20832,0
20833,0
20834,0
20835,0
20836,4
20837,0
20838,0
20839,0
20840,0
20841,3
20842,0
20843,0
20844,0
20845,0
20846,0
20847,6
20848,0
20849,0
20850,5
20851,0
20852,0
20853,0
20854,8
20855,0
20856,0
20857,0
20858,0
20859,0
20860,0
20861,0
20862,0
20863,0
20864,0
20865,0
20866,9
20867,6
20868,0
20869,0
20870,0
20871,5
20872,0
20873,2
20874,7
20875,12
20876,4
20877,0
20878,0
20879,0
20880,7
20881,0
20882,0
20883,0
20884,0
20885,0
20886,6
20887,0
20888,0
20889,0
20890,0
20891,0
20892,0
20893,0
20894,0
20895,0
20896,2
20897,0
20898,0
20899,3
20900,0
20901,0
20902,0
20903,0
20904,0
20905,0
20906,6
20907,0
20908,9
20909,0
20910,0
20911,5
20912,0
20913,0
20914,0
20915,0
20916,2
20917,0
20918,3
20919,0
20920,0
20921,0
20922,5
20923,0
20924,0
20925,0
20926,0
20927,0
20928,9
20929,2
20930,0
20931,4
20932,0
20933,0
20934,3
20935,0
20936,0
20937,0
20938,0
20939,2
20940,0
20941,0
20942,0
20943,9
20944,0
20945,0
20946,0
20947,5
20948,0
20949,0
20950,5
20951,0
20952,0
20953,0
20954,0
20955,0
20956,7
20957,0
20958,0
20959,3
20960,0
20961,4
20962,0
20963,3
20964,0
20965,4
20966,4
20967,0
20968,0
20969,0
20970,7
20971,0
20972,0
20973,5
20974,0
20975,0
20976,0
20977,3
20978,0
20979,0
20980,3
20981,0
20982,0
20983,0
20984,6
20985,0
20986,0
20987,5
20988,0
20989,5
20990,0
20991,0
20992,0
20993,0
20994,0
20995,6
20996,9
20997,0
20998,2
20999,5
21000,0
21001,5
21002,0
21003,5
21004,2
21005,4
21006,3
21007,0
21008,4
21009,0
21010,0
21011,0
21012,0
21013,0
21014,0
21015,0
21016,0
21017,0
21018,7
21019,4
21020,0
21021,0
21022,0
21023,0
21024,0
21025,0
21026,0
21027,0
21028,0
21029,0
21030,0
21031,5
21032,0
21033,0
21034,0
21035,0
21036,8
21037,1
21038,0
21039,4
21040,0
21041,0
21042,0
21043,0
21044,0
21045,0
21046,0
21047,2
21048,0
21049,0
21050,0
21051,8
21052,0
21053,0
21054,0
21055,0
21056,3
21057,0
21058,0
21059,0
21060,0
21061,3
21062,0
21063,0
21064,0
21065,0
21066,0
21067,0
21068,0
21069,0
21070,0
21071,0
21072,0
21073,0
21074,0
21075,0
21076,0
21077,0
21078,0
21079,0
21080,0
21081,4
21082,0
21083,0
21084,0
21085,0
21086,0
21087,0
21088,0
21089,0
21090,0
21091,31
21092,0
21093,0
21094,0
21095,0
21096,0
21097,0
21098,0
21099,0
21100,0
21101,0
21102,0
21103,0
21104,0
21105,0
21106,0
21107,0
21108,0
21109,0
21110,0
21111,0
21112,0
21113,0
21114,0
21115,0
21116,0
21117,0
21118,0
21119,26
21120,0
21121,0
21122,0
21123,0
21124,0
21125,25
21126,0
21127,0
21128,0
21129,0
21130,0
21131,27
21132,0
21133,0
21134,41
21135,0
21136,0
21137,33
21138,0
21139,0
21140,0
21141,0
21142,0
21143,0
21144,0
21145,31
21146,0
21147,0
21148,0
21149,0
21150,0
21151,0
21152,0
21153,0
21154,0
21155,36
21156,0
21157,43
21158,0
21159,37
21160,0
21161,0
21162,40
21163,0
21164,0
21165,0
21166,0
21167,0
21168,0
21169,0
21170,0
21171,0
21172,0
21173,0
21174,0
21175,0
21176,30
21177,54
21178,0
21179,0
21180,0
21181,42
21182,38
21183,0
21184,0
21185,0
21186,0
21187,23
21188,0
21189,0
21190,0
21191,0
21192,0
21193,0
21194,0
21195,0
21196,0
21197,0
21198,23
21199,0
21200,0
21201,0
21202,0
21203,0
21204,0
21205,0
21206,0
21207,0
21208,19
21209,0
21210,0
21211,0
21212,0
21213,0
21214,0
21215,0
21216,0
21217,0
21218,36
21219,34
21220,0
21221,0
21222,0
21223,38
21224,31
21225,16
21226,0
21227,0
21228,0
21229,0
21230,0
21231,0
21232,25
21233,57
21234,0
21235,0
21236,0
21237,23
21238,40
21239,0
21240,0
21241,0
21242,27
21243,0
21244,0
21245,0
21246,0
21247,0
21248,0
21249,0
21250,0
21251,0
21252,3
21253,0
21254,0
21255,3
21256,0
21257,0
21258,0
21259,0
21260,0
21261,0
21262,3
21263,0
21264,2
21265,0
21266,0
21267,0
21268,0
21269,0
21270,3
21271,0
21272,0
21273,0
21274,0
21275,0
21276,0
21277,0
21278,0
21279,0
21280,0
21281,0
21282,0
21283,0
21284,0
21285,0
21286,0
21287,0
21288,0
21289,0
21290,0
21291,0
21292,0
21293,0
21294,0
21295,0
21296,0
21297,0
21298,0
21299,0
21300,0
21301,0
21302,0
21303,0
21304,0
21305,0
21306,0
21307,0
21308,0
21309,0
21310,0
21311,0
21312,0
21313,4
21314,0
21315,1
21316,0
21317,3
21318,0
21319,0
21320,0
21321,0
21322,0
21323,0
21324,0
21325,0
21326,0
21327,0
21328,0
21329,3
21330,0
21331,0
21332,0
21333,0
21334,0
21335,0
21336,0
21337,0
21338,0
21339,0
21340,0
21341,0
21342,0
21343,0
21344,0
21345,0
21346,0
21347,0
21348,4
21349,0
21350,0
21351,2
21352,0
21353,0
21354,0
21355,0
21356,0
21357,0
21358,0
21359,0
21360,0
21361,0
21362,0
21363,0
21364,0
21365,0
21366,0
21367,0
21368,0
21369,0
21370,0
21371,0
21372,0
21373,1
21374,0
21375,0
21376,0
21377,0
21378,0
21379,1
21380,4
21381,0
21382,3
21383,0
21384,0
21385,0
21386,0
21387,0
21388,0
21389,0
21390,0
21391,0
21392,0
21393,0
21394,0
21395,0
21396,3
21397,0
21398,0
21399,0
21400,0
21401,0
21402,0
21403,0
21404,0
21405,0
21406,0
21407,0
21408,2
21409,0
21410,0
21411,0
21412,0
21413,0
21414,1
21415,0
21416,0
21417,0
21418,0
21419,0
21420,0
21421,0
21422,0
21423,0
21424,0
21425,0
21426,0
21427,0
21428,0
21429,0
21430,0
21431,0
21432,0
21433,0
21434,0
21435,5
21436,0
21437,0
21438,2
21439,0
21440,0
21441,0
21442,0
21443,0
21444,0
21445,0
21446,0
21447,0
21448,0
21449,0
21450,0
21451,5
21452,1
21453,0
21454,0
21455,0
21456,2
21457,0
21458,0
21459,3
21460,0
21461,0
21462,0
21463,0
21464,0
21465,0
21466,0
21467,2
21468,0
21469,2
21470,1
21471,0
21472,0
21473,0
21474,0
21475,0
21476,0
21477,0
21478,0
21479,0
21480,0
21481,0
21482,0
21483,2
21484,0
21485,0
21486,0
21487,0
21488,0
21489,0
21490,0
21491,0
21492,4
21493,0
21494,0
21495,0
21496,0
21497,0
21498,0
21499,0
21500,0
21501,0
21502,2
21503,0
21504,0
21505,0
21506,0
21507,0
21508,0
21509,0
21510,0
21511,1
21512,0
21513,0
21514,0
21515,0
21516,0
21517,3
21518,0
21519,0
21520,2
21521,2
21522,0
21523,0
21524,0
21525,0
21526,1
21527,0
21528,0
21529,0
21530,0
21531,0
21532,0
21533,0
21534,0
21535,0
21536,0
21537,0
21538,0
21539,0
21540,1
21541,0
21542,0
21543,0
21544,0
21545,0
21546,1
21547,0
21548,0
21549,0
21550,0
21551,0
21552,0
21553,0
21554,0
21555,0
21556,0
21557,0
21558,0
21559,0
21560,0
21561,0
21562,2
21563,0
21564,0
21565,0
21566,8
21567,0
21568,0
21569,0
21570,0
21571,0
21572,0
21573,0
21574,0
21575,0
21576,0
21577,0
21578,0
21579,0
21580,0
21581,0
21582,0
21583,1
21584,0
21585,0
21586,0
21587,0
21588,2
21589,0
21590,0
21591,0
21592,0
21593,0
21594,0
21595,0
21596,0
21597,0
21598,0
21599,0
21600,0
21601,0
21602,0
21603,0
21604,0
21605,0
21606,2
21607,2
21608,0
21609,0
21610,0
21611,0
21612,0
21613,0
21614,0
21615,0
21616,0
21617,0
21618,0
21619,0
21620,0
21621,0
21622,0
21623,0
21624,0
21625,0
21626,0
21627,0
21628,0
21629,0
21630,0
21631,0
21632,0
21633,0
21634,0
21635,0
21636,2
21637,0
21638,0
21639,0
21640,0
21641,0
21642,1
21643,0
21644,0
21645,0
21646,0
21647,1
21648,0
21649,0
21650,0
21651,3
21652,0
21653,0
21654,0
21655,0
21656,0
21657,0
21658,0
21659,0
21660,0
21661,0
21662,0
21663,0
21664,0
21665,0
21666,0
21667,0
21668,0
21669,1
21670,0
21671,0
21672,0
21673,0
21674,0
21675,0
21676,0
21677,0
21678,0
21679,0
21680,0
21681,0
21682,0
21683,0
21684,1
21685,0
21686,0
21687,0
21688,0
21689,2
21690,0
21691,3
21692,0
21693,0
21694,0
21695,0
21696,2
21697,0
21698,0
21699,0
21700,0
21701,0
21702,0
21703,0
21704,0
21705,0
21706,0
21707,0
21708,0
21709,1
21710,0
21711,0
21712,0
21713,0
21714,0
21715,0
21716,0
21717,0
21718,0
21719,0
21720,0
21721,0
21722,0
21723,0
21724,0
21725,0
21726,0
21727,0
21728,0
21729,0
21730,0
21731,4
21732,0
21733,0
21734,1
21735,0
21736,0
21737,0
21738,0
21739,0
21740,0
21741,0
21742,0
21743,2
21744,0
21745,0
21746,0
21747,0
21748,0
21749,0
21750,0
21751,0
21752,0
21753,0
21754,0
21755,0
21756,0
21757,0
21758,0
21759,0
21760,0
21761,0
21762,0
21763,0
21764,0
21765,0
21766,0
21767,0
21768,0
21769,0
21770,0
21771,0
21772,0
21773,0
21774,0
21775,0
21776,1
21777,0
21778,0
21779,3
21780,0
21781,0
21782,0
21783,0
21784,0
21785,0
21786,0
21787,0
21788,0
21789,0
21790,0
21791,0
21792,0
21793,0
21794,0
21795,0
21796,0
21797,0
21798,0
21799,0
21800,0
21801,0
21802,0
21803,0
21804,0
21805,0
21806,2
21807,0
21808,0
21809,3
21810,0
21811,0
21812,0
21813,0
21814,0
21815,0
21816,0
21817,0
21818,0
21819,0
21820,0
21821,0
21822,0
21823,0
21824,0
21825,0
21826,0
21827,0
21828,0
21829,0
21830,2
21831,7
21832,0
21833,0
21834,0
21835,0
21836,0
21837,0
21838,0
21839,0
21840,0
21841,0
21842,0
21843,0
21844,0
21845,3
21846,0
21847,0
21848,0
21849,0
21850,0
21851,0
21852,0
21853,0
21854,2
21855,0
21856,2
21857,0
21858,0
21859,0
21860,0
21861,0
21862,0
21863,0
21864,0
21865,0
21866,0
21867,3
21868,0
21869,0
21870,0
21871,0
21872,0
21873,0
21874,0
21875,0
21876,0
21877,0
21878,0
21879,0
21880,0
21881,0
21882,0
21883,0
21884,0
21885,0
21886,0
21887,3
21888,2
21889,0
21890,0
21891,0
21892,0
21893,0
21894,0
21895,0
21896,0
21897,0
21898,0
21899,0
21900,0
21901,0
21902,0
21903,0
21904,0
21905,0
21906,0
21907,0
21908,0
21909,0
21910,0
21911,0
21912,0
21913,0
21914,1
21915,0
21916,7
21917,0
21918,0
21919,0
21920,0
21921,3
21922,0
21923,0
21924,0
21925,0
21926,0
21927,0
21928,0
21929,0
21930,0
21931,0
21932,0
21933,0
21934,0
21935,0
21936,0
21937,0
21938,0
21939,4
21940,0
21941,0
21942,3
21943,0
21944,0
21945,0
21946,0
21947,0
21948,0
21949,0
21950,0
21951,0
21952,0
21953,0
21954,0
21955,0
21956,0
21957,0
21958,0
21959,0
21960,1
21961,0
21962,0
21963,1
21964,0
21965,0
21966,0
21967,4
21968,0
21969,3
21970,0
21971,0
21972,0
21973,0
21974,0
21975,0
21976,0
21977,3
21978,0
21979,0
21980,0
21981,0
21982,0
21983,0
21984,2
21985,0
21986,0
21987,0
21988,0
21989,0
21990,0
21991,1
21992,0
21993,0
21994,0
21995,0
21996,0
21997,0
21998,0
21999,0
22000,0
22001,0
22002,0
22003,0
22004,0
22005,0
22006,2
22007,0
22008,0
22009,0
22010,0
22011,0
22012,0
22013,0
22014,1
22015,0
22016,0
22017,1
22018,0
22019,0
22020,0
22021,0
22022,0
22023,0
22024,4
22025,0
22026,0
22027,0
22028,0
22029,0
22030,0
22031,0
22032,0
22033,0
22034,0
22035,0
22036,0
22037,0
22038,0
22039,1
22040,0
22041,0
22042,0
22043,0
22044,0
22045,0
22046,2
22047,0
22048,0
22049,0
22050,0
22051,0
22052,4
22053,1
22054,0
22055,0
22056,0
22057,0
22058,0
22059,0
22060,0
22061,2
22062,1
22063,6
22064,0
22065,5
22066,0
22067,0
22068,0
22069,0
22070,0
22071,0
22072,0
22073,0
22074,0
22075,0
22076,0
22077,0
22078,0
22079,0
22080,0
22081,0
22082,0
22083,0
22084,0
22085,6
22086,0
22087,0
22088,0
22089,4
22090,0
22091,0
22092,0
22093,4
22094,0
22095,0
22096,0
22097,0
22098,0
22099,0
22100,0
22101,0
22102,0
22103,0
22104,0
22105,0
22106,0
22107,0
22108,0
22109,0
22110,0
22111,0
22112,0
22113,0
22114,0
22115,0
22116,0
22117,0
22118,0
22119,0
22120,2
22121,3
22122,0
22123,0
22124,0
22125,1
22126,0
22127,0
22128,0
22129,0
22130,0
22131,0
22132,0
22133,0
22134,0
22135,0
22136,0
22137,0
22138,0
22139,0
22140,0
22141,1
22142,0
22143,0
22144,0
22145,0
22146,1
22147,0
22148,0
22149,0
22150,0
22151,1
22152,0
22153,0
22154,0
22155,0
22156,1
22157,0
22158,0
22159,0
22160,0
22161,0
22162,0
22163,0
22164,0
22165,0
22166,0
22167,0
22168,0
22169,0
22170,22
22171,0
22172,0
22173,0
22174,0
22175,0
22176,0
22177,0
22178,0
22179,0
22180,0
22181,0
22182,0
22183,0
22184,0
22185,0
22186,18
22187,0
22188,0
22189,0
22190,25
22191,0
22192,0
22193,39
22194,0
22195,25
22196,0
22197,0
22198,0
22199,0
22200,0
22201,21
22202,24
22203,25
22204,25
22205,0
22206,27
22207,0
22208,19
22209,19
22210,0
22211,0
22212,0
22213,0
22214,25
22215,0
22216,20
22217,21
22218,0
22219,0
22220,28
22221,0
22222,0
22223,0
22224,0
22225,0
22226,0
22227,0
22228,0
22229,0
22230,0
22231,0
22232,0
22233,0
22234,0
22235,24
22236,0
22237,0
22238,0
22239,0
22240,0
22241,0
22242,26
22243,32
22244,34
22245,0
22246,0
22247,0
22248,28
22249,0
22250,0
22251,23
22252,0
22253,0
22254,0
22255,24
22256,27
22257,25
22258,0
22259,0
22260,14
22261,0
22262,0
22263,0
22264,27
22265,0
22266,0
22267,0
22268,0
22269,0
22270,24
22271,23
22272,24
22273,0
22274,14
22275,26
22276,0
22277,0
22278,0
22279,0
22280,0
22281,0
22282,0
22283,26
22284,0
22285,22
22286,14
22287,22
22288,0
22289,0
22290,0
22291,0
22292,0
22293,0
22294,0
22295,19
22296,0
22297,0
22298,0
22299,24
22300,0
22301,37
22302,34
22303,0
22304,0
22305,0
22306,0
22307,0
22308,19
22309,0
22310,0
22311,0
22312,0
22313,0
22314,0
22315,30
22316,0
22317,0
22318,28
22319,0
22320,18
22321,0
22322,20
22323,0
22324,15
22325,22
22326,0
22327,0
22328,20
22329,23
22330,0
22331,20
22332,0
22333,0
22334,0
22335,0
22336,0
22337,0
22338,20
22339,0
22340,0
22341,14
22342,0
22343,20
22344,0
22345,0
22346,0
22347,0
22348,0
22349,0
22350,0
22351,0
22352,0
22353,0
22354,18
22355,0
22356,0
22357,17
22358,0
22359,33
22360,0
22361,0
22362,25
22363,0
22364,0
22365,0
22366,0
22367,0
22368,0
22369,17
22370,0
22371,0
22372,0
22373,32
22374,0
22375,0
22376,0
22377,0
22378,0
22379,32
22380,0
22381,0
22382,0
22383,0
22384,20
22385,0
22386,0
22387,0
22388,0
22389,0
22390,18
22391,0
22392,0
22393,0
22394,0
22395,0
22396,15
22397,0
22398,0
22399,0
22400,0
22401,20
22402,0
22403,0
22404,0
22405,21
22406,0
22407,0
22408,16
22409,0
22410,0
22411,0
22412,0
22413,28
22414,26
22415,0
22416,0
22417,0
22418,0
22419,38
22420,0
22421,0
22422,0
22423,0
22424,0
22425,0
22426,0
22427,0
22428,20
22429,0
22430,20
22431,20
22432,0
22433,25
22434,29
22435,0
22436,0
22437,0
22438,0
22439,0
22440,0
22441,0
22442,24
22443,0
22444,20
22445,34
22446,29
22447,16
22448,0
22449,0
22450,0
22451,0
22452,28
22453,0
22454,0
22455,27
22456,0
22457,0
22458,0
22459,0
22460,0
22461,0
22462,0
22463,23
22464,0
22465,0
22466,20
22467,0
22468,0
22469,30
22470,0
22471,0
22472,24
22473,20
22474,0
22475,0
22476,0
22477,0
22478,0
22479,0
22480,0
22481,29
22482,0
22483,25
22484,0
22485,0
22486,34
22487,0
22488,0
22489,0
22490,0
22491,0
22492,0
22493,0
22494,20
22495,22
22496,0
22497,0
22498,19
22499,20
22500,23
22501,0
22502,0
22503,0
22504,0
22505,0
22506,0
22507,0
22508,0
22509,0
22510,0
22511,0
22512,26
22513,31
22514,0
22515,0
22516,0
22517,0
22518,0
22519,0
22520,26
22521,0
22522,0
22523,0
22524,0
22525,0
22526,0
22527,0
22528,0
22529,24
22530,0
22531,20
22532,0
22533,21
22534,18
22535,0
22536,0
22537,21
22538,0
22539,18
22540,0
22541,0
22542,0
22543,22
22544,0
22545,0
22546,0
22547,28
22548,16
22549,0
22550,0
22551,0
22552,24
22553,0
22554,0
22555,0
22556,0
22557,0
22558,0
22559,0
22560,26
22561,26
22562,0
22563,0
22564,22
22565,24
22566,0
22567,0
22568,0
22569,0
22570,0
22571,0
22572,0
22573,21
22574,0
22575,19
22576,20
22577,0
22578,31
22579,21
22580,0
22581,0
22582,0
22583,0
22584,0
22585,0
22586,0
22587,0
22588,0
22589,0
22590,24
22591,0
22592,0
22593,32
22594,0
22595,0
22596,0
22597,0
22598,0
22599,23
22600,0
22601,0
22602,0
22603,0
22604,0
22605,0
22606,0
22607,0
22608,25
22609,0
22610,0
22611,17
22612,0
22613,0
22614,26
22615,0
22616,0
22617,15
22618,10
22619,25
22620,26
22621,0
22622,0
22623,0
22624,25
22625,21
22626,0
22627,0
22628,25
22629,28
22630,0
22631,0
22632,22
22633,0
22634,24
22635,0
22636,0
22637,24
22638,0
22639,22
22640,0
22641,0
22642,0
22643,0
22644,0
22645,0
22646,24
22647,19
22648,0
22649,0
22650,0
22651,0
22652,0
22653,0
22654,22
22655,0
22656,0
22657,0
22658,15
22659,0
22660,0
22661,0
22662,0
22663,23
22664,18
22665,0
22666,35
22667,0
22668,25
22669,0
22670,0
22671,27
22672,0
22673,0
22674,0
22675,0
22676,0
22677,0
22678,0
22679,25
22680,21
22681,0
22682,0
22683,22
22684,16
22685,13
22686,15
22687,0
22688,0
22689,0
22690,0
22691,0
22692,25
22693,0
22694,0
22695,0
22696,0
22697,0
22698,0
22699,24
22700,21
22701,0
22702,23
22703,0
22704,0
22705,0
22706,23
22707,0
22708,0
22709,0
22710,0
22711,0
22712,0
22713,0
22714,0
22715,0
22716,0
22717,0
22718,0
22719,0
22720,0
22721,0
22722,0
22723,0
22724,0
22725,0
22726,23
22727,12
22728,0
22729,0
22730,24
22731,0
22732,0
22733,0
22734,23
22735,15
22736,0
22737,0
22738,0
22739,0
22740,0
22741,0
22742,0
22743,0
22744,0
22745,14
22746,20
22747,19
22748,0
22749,24
22750,0
22751,27
22752,15
22753,0
22754,0
22755,23
22756,0
22757,0
22758,0
22759,0
22760,0
22761,0
22762,0
22763,17
22764,0
22765,0
22766,0
22767,0
22768,0
22769,0
22770,15
22771,0
22772,25
22773,0
22774,0
22775,0
22776,28
22777,0
22778,39
22779,0
22780,0
22781,0
22782,0
22783,0
22784,22
22785,28
22786,0
22787,0
22788,0
22789,0
22790,0
22791,22
22792,0
22793,0
22794,33
22795,0
22796,26
22797,0
22798,0
22799,9
22800,0
22801,0
22802,0
22803,14
22804,0
22805,0
22806,17
22807,0
22808,20
22809,0
22810,0
22811,0
22812,0
22813,25
22814,0
22815,0
22816,24
22817,0
22818,0
22819,0
22820,0
22821,0
22822,0
22823,0
22824,0
22825,0
22826,27
22827,17
22828,30
22829,0
22830,0
22831,0
22832,15
22833,25
22834,25
22835,0
22836,0
22837,26
22838,0
22839,0
22840,0
22841,22
22842,0
22843,0
22844,0
22845,21
22846,0
22847,16
22848,23
22849,0
22850,0
22851,0
22852,0
22853,24
22854,0
22855,14
22856,0
22857,21
22858,0
22859,0
22860,0
22861,0
22862,0
22863,0
22864,0
22865,13
22866,0
22867,0
22868,0
22869,0
22870,0
22871,0
22872,0
22873,0
22874,0
22875,28
22876,0
22877,0
22878,22
22879,0
22880,0
22881,26
22882,0
22883,0
22884,0
22885,27
22886,0
22887,0
22888,0
22889,28
22890,0
22891,0
22892,0
22893,23
22894,0
22895,21
22896,0
22897,0
22898,0
22899,0
22900,0
22901,0
22902,22
22903,20
22904,0
22905,0
22906,0
22907,24
22908,29
22909,0
22910,0
22911,0
22912,25
22913,0
22914,0
22915,24
22916,0
22917,0
22918,0
22919,0
22920,16
22921,27
22922,0
22923,0
22924,21
22925,22
22926,0
22927,14
22928,0
22929,31
22930,17
22931,0
22932,0
22933,0
22934,0
22935,0
22936,0
22937,15
22938,0
22939,0
22940,0
22941,27
22942,0
22943,0
22944,0
22945,0
22946,0
22947,0
22948,0
22949,0
22950,26
22951,19
22952,16
22953,16
22954,27
22955,0
22956,0
22957,0
22958,0
22959,0
22960,0
22961,0
22962,0
22963,0
22964,0
22965,0
22966,0
22967,0
22968,0
22969,25
22970,0
22971,0
22972,28
22973,0
22974,0
22975,0
22976,0
22977,22
22978,20
22979,0
22980,0
22981,0
22982,28
22983,0
22984,23
22985,23
22986,0
22987,0
22988,0
22989,0
22990,0
22991,0
22992,0
22993,27
22994,16
22995,0
22996,0
22997,0
22998,0
22999,18
23000,0
23001,0
23002,0
23003,0
23004,0
23005,0
23006,16
23007,0
23008,0
23009,0
23010,23
23011,0
23012,0
23013,0
23014,0
23015,37
23016,0
23017,0
23018,26
23019,0
23020,0
23021,0
23022,0
23023,0
23024,0
23025,0
23026,0
23027,0
23028,0
23029,18
23030,0
23031,18
23032,0
23033,0
23034,0
23035,0
23036,0
23037,0
23038,0
23039,27
23040,0
23041,0
23042,0
23043,0
23044,0
23045,0
23046,16
23047,0
23048,0
23049,0
23050,24
23051,23
23052,0
23053,0
23054,0
23055,0
23056,0
23057,0
23058,0
23059,17
23060,0
23061,0
23062,0
23063,0
23064,0
23065,0
23066,0
23067,0
23068,0
23069,0
23070,0
23071,0
23072,0
23073,0
23074,0
23075,0
23076,0
23077,0
23078,0
23079,0
23080,0
23081,25
23082,0
23083,21
23084,0
23085,0
23086,30
23087,23
23088,0
23089,0
23090,0
23091,0
23092,0
23093,0
23094,35
23095,0
23096,0
23097,0
23098,0
23099,0
23100,0
23101,0
23102,0
23103,0
23104,0
23105,0
23106,0
23107,0
23108,0
23109,0
23110,0
23111,0
23112,0
23113,0
23114,0
23115,0
23116,0
23117,23
23118,0
23119,0
23120,0
23121,0
23122,0
23123,0
23124,0
23125,0
23126,23
23127,0
23128,0
23129,0
23130,0
23131,0
23132,0
23133,0
23134,28
23135,13
23136,0
23137,0
23138,0
23139,45
23140,0
23141,0
23142,20
23143,0
23144,0
23145,0
23146,0
23147,0
23148,0
23149,0
23150,0
23151,34
23152,0
23153,0
23154,0
23155,0
23156,0
23157,0
23158,0
23159,0
23160,0
23161,0
23162,0
23163,0
23164,0
23165,28
23166,0
23167,0
23168,34
23169,0
23170,0
23171,28
23172,0
23173,0
23174,0
23175,23
23176,0
23177,0
23178,0
23179,0
23180,29
23181,0
23182,0
23183,0
23184,0
23185,0
23186,0
23187,0
23188,13
23189,0
23190,0
23191,0
23192,0
23193,0
23194,0
23195,0
23196,0
23197,0
23198,0
23199,0
23200,0
23201,0
23202,0
23203,0
23204,0
23205,0
23206,0
23207,0
23208,0
23209,0
23210,0
23211,0
23212,0
23213,0
23214,19
23215,0
23216,0
23217,30
23218,0
23219,0
23220,0
23221,0
23222,0
23223,0
23224,0
23225,0
23226,0
23227,0
23228,0
23229,0
23230,0
23231,0
23232,21
23233,0
23234,0
23235,0
23236,0
23237,0
23238,0
23239,0
23240,0
23241,0
23242,0
23243,0
23244,0
23245,0
23246,0
23247,0
23248,0
23249,0
23250,17
23251,0
23252,14
23253,0
23254,0
23255,0
23256,0
23257,21
23258,0
23259,0
23260,0
23261,0
23262,0
23263,0
23264,0
23265,0
23266,31
23267,0
23268,0
23269,0
23270,0
23271,0
23272,0
23273,0
23274,0
23275,0
23276,0
23277,0
23278,0
23279,0
23280,0
23281,0
23282,0
23283,0
23284,0
23285,0
23286,0
23287,0
23288,0
23289,0
23290,0
23291,0
23292,24
23293,0
23294,0
23295,0
23296,0
23297,29
23298,34
23299,0
23300,0
23301,0
23302,0
23303,0
23304,0
23305,0
23306,0
23307,0
23308,0
23309,0
23310,0
23311,21
23312,0
23313,22
23314,0
23315,0
23316,0
23317,0
23318,0
23319,0
23320,19
23321,0
23322,0
23323,0
23324,0
23325,0
23326,0
23327,0
23328,0
23329,0
23330,0
23331,0
23332,0
23333,0
23334,0
23335,0
23336,0
23337,25
23338,0
23339,0
23340,0
23341,0
23342,0
23343,0
23344,0
23345,0
23346,24
23347,0
23348,0
23349,0
23350,0
23351,22
23352,26
23353,0
23354,32
23355,0
23356,0
23357,0
23358,0
23359,0
23360,0
23361,0
23362,0
23363,0
23364,0
23365,0
23366,0
23367,0
23368,0
23369,0
23370,24
23371,0
23372,24
23373,0
23374,0
23375,0
23376,0
23377,0
23378,0
23379,0
23380,0
23381,0
23382,0
23383,0
23384,0
23385,0
23386,0
23387,0
23388,20
23389,24
23390,0
23391,0
23392,0
23393,0
23394,0
23395,0
23396,0
23397,0
23398,0
23399,33
23400,0
23401,0
23402,0
23403,31
23404,0
23405,0
23406,14
23407,0
23408,0
23409,0
23410,0
23411,0
23412,0
23413,0
23414,0
23415,0
23416,45
23417,0
23418,0
23419,0
23420,0
23421,0
23422,0
23423,44
23424,0
23425,0
23426,0
23427,15
23428,0
23429,0
23430,0
23431,0
23432,0
23433,0
23434,22
23435,22
23436,0
23437,19
23438,0
23439,0
23440,0
23441,0
23442,0
23443,0
23444,0
23445,0
23446,25
23447,0
23448,0
23449,21
23450,0
23451,0
23452,0
23453,0
23454,0
23455,27
23456,0
23457,0
23458,0
23459,0
23460,0
23461,0
23462,23
23463,0
23464,0
23465,0
23466,0
23467,0
23468,0
23469,0
23470,0
23471,0
23472,0
23473,0
23474,0
23475,25
23476,0
23477,0
23478,0
23479,0
23480,0
23481,0
23482,0
23483,0
23484,0
23485,0
23486,0
23487,0
23488,0
23489,0
23490,0
23491,0
23492,0
23493,0
23494,0
23495,0
23496,0
23497,41
23498,0
23499,0
23500,0
23501,0
23502,0
23503,0
23504,0
23505,0
23506,22
23507,0
23508,0
23509,0
23510,0
23511,12
23512,0
23513,0
23514,0
23515,0
23516,0
23517,0
23518,0
23519,0
23520,0
23521,0
23522,0
23523,0
23524,0
23525,0
23526,0
23527,0
23528,0
23529,0
23530,0
23531,0
23532,0
23533,0
23534,0
23535,0
23536,0
23537,0
23538,29
23539,0
23540,0
23541,38
23542,0
23543,0
23544,0
23545,0
23546,0
23547,0
23548,0
23549,0
23550,0
23551,0
23552,0
23553,26
23554,28
23555,0
23556,0
23557,0
23558,0
23559,0
23560,0
23561,0
23562,0
23563,0
23564,0
23565,0
23566,0
23567,0
23568,0
23569,0
23570,0
23571,0
23572,27
23573,35
23574,0
23575,0
23576,0
23577,0
23578,0
23579,0
23580,0
23581,0
23582,0
23583,0
23584,0
23585,0
23586,0
23587,0
23588,0
23589,17
23590,0
23591,0
23592,0
23593,30
23594,0
23595,0
23596,0
23597,0
23598,0
23599,0
23600,0
23601,0
23602,0
23603,0
23604,0
23605,0
23606,0
23607,0
23608,0
23609,0
23610,0
23611,0
23612,0
23613,0
23614,0
23615,0
23616,0
23617,0
23618,0
23619,33
23620,0
23621,36
23622,33
23623,0
23624,0
23625,0
23626,0
23627,0
23628,0
23629,0
23630,0
23631,0
23632,0
23633,0
23634,0
23635,42
23636,0
23637,0
23638,0
23639,48
23640,0
23641,0
23642,0
23643,0
23644,0
23645,0
23646,0
23647,0
23648,0
23649,0
23650,0
23651,41
23652,0
23653,0
23654,0
23655,26
23656,0
23657,0
23658,0
23659,0
23660,0
23661,0
23662,35
23663,0
23664,0
23665,24
23666,0
23667,0
23668,0
23669,0
23670,0
23671,0
23672,0
23673,0
23674,0
23675,31
23676,0
23677,0
23678,0
23679,0
23680,31
23681,0
23682,0
23683,0
23684,0
23685,0
23686,0
23687,0
23688,0
23689,0
23690,0
23691,0
23692,0
23693,30
23694,0
23695,0
23696,0
23697,0
23698,0
23699,0
23700,28
23701,0
23702,25
23703,0
23704,0
23705,29
23706,0
23707,0
23708,0
23709,0
23710,0
23711,0
23712,0
23713,0
23714,26
23715,11
23716,0
23717,0
23718,0
23719,0
23720,0
23721,14
23722,0
23723,24
23724,0
23725,0
23726,0
23727,0
23728,0
23729,0
23730,0
23731,5
23732,0
23733,0
23734,0
23735,0
23736,0
23737,0
23738,0
23739,0
23740,17
23741,14
23742,10
23743,5
23744,0
23745,0
23746,14
23747,0
23748,18
23749,6
23750,0
23751,10
23752,8
23753,0
23754,17
23755,0
23756,21
23757,0
23758,0
23759,0
23760,14
23761,0
23762,0
23763,16
23764,0
23765,0
23766,0
23767,15
23768,0
23769,0
23770,0
23771,0
23772,11
23773,0
23774,0
23775,0
23776,0
23777,0
23778,15
23779,18
23780,12
23781,0
23782,0
23783,12
23784,13
23785,25
23786,0
23787,17
23788,17
23789,21
23790,18
23791,35
23792,0
23793,0
23794,17
23795,0
23796,0
23797,0
23798,0
23799,0
23800,0
23801,24
23802,13
23803,0
23804,0
23805,0
23806,0
23807,0
23808,21
23809,0
23810,0
23811,0
23812,0
23813,0
23814,0
23815,0
23816,0
23817,0
23818,18
23819,0
23820,20
23821,0
23822,0
23823,0
23824,8
23825,0
23826,15
23827,0
23828,0
23829,0
23830,0
23831,0
23832,0
23833,0
23834,0
23835,0
23836,0
23837,0
23838,0
23839,0
23840,0
23841,12
23842,0
23843,0
23844,0
23845,0
23846,0
23847,0
23848,0
23849,11
23850,0
23851,0
23852,16
23853,0
23854,0
23855,11
23856,0
23857,0
23858,0
23859,0
23860,22
23861,0
23862,0
23863,0
23864,19
23865,0
23866,0
23867,0
23868,0
23869,0
23870,16
23871,0
23872,0
23873,9
23874,6
23875,0
23876,18
23877,0
23878,17
23879,0
23880,0
23881,0
23882,15
23883,0
23884,15
23885,9
23886,0
23887,19
23888,0
23889,0
23890,0
23891,0
23892,0
23893,12
23894,0
23895,20
23896,13
23897,0
23898,0
23899,0
23900,0
23901,0
23902,0
23903,0
23904,14
23905,0
23906,0
23907,0
23908,19
23909,10
23910,6
23911,0
23912,0
23913,0
23914,12
23915,0
23916,31
23917,18
23918,0
23919,0
23920,0
23921,0
23922,0
23923,22
23924,0
23925,0
23926,0
23927,16
23928,0
23929,0
23930,0
23931,9
23932,0
23933,17
23934,20
23935,17
23936,0
23937,0
23938,0
23939,0
23940,0
23941,0
23942,9
23943,13
23944,0
23945,0
23946,0
23947,0
23948,0
23949,0
23950,0
23951,18
23952,0
23953,0
23954,6
23955,0
23956,0
23957,10
23958,0
23959,9
23960,0
23961,0
23962,14
23963,0
23964,23
23965,0
23966,0
23967,0
23968,0
23969,11
23970,19
23971,13
23972,0
23973,0
23974,30
23975,14
23976,0
23977,0
23978,0
23979,0
23980,13
23981,0
23982,0
23983,8
23984,0
23985,0
23986,0
23987,0
23988,0
23989,21
23990,10
23991,0
23992,0
23993,18
23994,0
23995,0
23996,0
23997,0
23998,0
23999,0
24000,0
24001,0
24002,0
24003,0
24004,11
24005,0
24006,18
24007,0
24008,23
24009,0
24010,20
24011,0
24012,0
24013,0
24014,0
24015,0
24016,10
24017,0
24018,0
24019,14
24020,12
24021,0
24022,0
24023,10
24024,25
24025,0
24026,22
24027,0
24028,0
24029,0
24030,0
24031,0
24032,0
24033,0
24034,0
24035,0
24036,0
24037,0
24038,0
24039,0
24040,0
24041,0
24042,0
24043,0
24044,0
24045,0
24046,0
24047,0
24048,0
24049,0
24050,14
24051,0
24052,0
24053,13
24054,0
24055,0
24056,11
24057,0
24058,18
24059,7
24060,10
24061,11
24062,0
24063,0
24064,0
24065,13
24066,0
24067,20
24068,6
24069,0
24070,0
24071,0
24072,0
24073,0
24074,0
24075,0
24076,0
24077,0
24078,0
24079,0
24080,0
24081,0
24082,0
24083,0
24084,0
24085,0
24086,0
24087,0
24088,0
24089,0
24090,0
24091,0
24092,0
24093,5
24094,0
24095,0
24096,0
24097,0
24098,0
24099,0
24100,18
24101,0
24102,11
24103,0
24104,16
24105,0
24106,0
24107,0
24108,0
24109,0
24110,0
24111,0
24112,6
24113,12
24114,0
24115,23
24116,0
24117,0
24118,0
24119,0
24120,0
24121,0
24122,17
24123,19
24124,15
24125,0
24126,0
24127,0
24128,0
24129,7
24130,0
24131,12
24132,0
24133,0
24134,17
24135,0
24136,0
24137,0
24138,0
24139,8
24140,14
24141,7
24142,0
24143,0
24144,0
24145,0
24146,0
24147,13
24148,6
24149,0
24150,0
24151,0
24152,22
24153,0
24154,0
24155,0
24156,0
24157,0
24158,0
24159,6
24160,0
24161,0
24162,0
24163,15
24164,0
24165,0
24166,0
24167,0
24168,0
24169,0
24170,0
24171,0
24172,0
24173,0
24174,0
24175,0
24176,0
24177,12
24178,0
24179,0
24180,25
24181,0
24182,0
24183,0
24184,0
24185,0
24186,20
24187,0
24188,0
24189,0
24190,0
24191,0
24192,0
24193,0
24194,0
24195,24
24196,0
24197,15
24198,0
24199,0
24200,17
24201,12
24202,0
24203,0
24204,0
24205,0
24206,0
24207,0
24208,0
24209,0
24210,12
24211,0
24212,0
24213,0
24214,0
24215,0
24216,0
24217,0
24218,24
24219,13
24220,0
24221,0
24222,9
24223,6
24224,0
24225,9
24226,0
24227,0
24228,0
24229,0
24230,0
24231,0
24232,0
24233,0
24234,0
24235,0
24236,8
24237,0
24238,0
24239,0
24240,0
24241,7
24242,17
24243,0
24244,23
24245,0
24246,18
24247,20
24248,0
24249,0
24250,19
24251,0
24252,0
24253,0
24254,0
24255,0
24256,0
24257,0
24258,0
24259,0
24260,10
24261,0
24262,20
24263,0
24264,0
24265,0
24266,0
24267,0
24268,0
24269,0
24270,0
24271,0
24272,0
24273,0
24274,19
24275,0
24276,0
24277,0
24278,0
24279,26
24280,0
24281,0
24282,0
24283,0
24284,13
24285,0
24286,0
24287,0
24288,17
24289,0
24290,0
24291,0
24292,0
24293,0
24294,0
24295,14
24296,0
24297,0
24298,0
24299,0
24300,0
24301,0
24302,0
24303,0
24304,0
24305,0
24306,0
24307,0
24308,0
24309,0
24310,15
24311,14
24312,0
24313,12
24314,0
24315,0
24316,0
24317,0
24318,0
24319,23
24320,0
24321,0
24322,0
24323,15
24324,0
24325,0
24326,0
24327,0
24328,0
24329,13
24330,0
24331,0
24332,0
24333,0
24334,20
24335,0
24336,0
24337,0
24338,0
24339,0
24340,11
24341,11
24342,0
24343,0
24344,0
24345,0
24346,0
24347,0
24348,0
24349,0
24350,0
24351,0
24352,0
24353,0
24354,0
24355,0
24356,0
24357,0
24358,8
24359,0
24360,0
24361,0
24362,13
24363,0
24364,0
24365,14
24366,0
24367,14
24368,13
24369,0
24370,21
24371,0
24372,0
24373,0
24374,0
24375,0
24376,10
24377,9
24378,0
24379,0
24380,0
24381,8
24382,0
24383,0
24384,0
24385,0
24386,0
24387,27
24388,0
24389,0
24390,0
24391,0
24392,8
24393,0
24394,0
24395,0
24396,21
24397,0
24398,19
24399,0
24400,11
24401,0
24402,0
24403,15
24404,19
24405,0
24406,0
24407,0
24408,0
24409,0
24410,0
24411,13
24412,0
24413,0
24414,0
24415,0
24416,0
24417,0
24418,0
24419,0
24420,0
24421,17
24422,0
24423,21
24424,0
24425,0
24426,0
24427,0
24428,13
24429,0
24430,0
24431,0
24432,0
24433,0
24434,0
24435,0
24436,0
24437,0
24438,0
24439,0
24440,14
24441,0
24442,13
24443,11
24444,0
24445,10
24446,0
24447,0
24448,13
24449,11
24450,0
24451,0
24452,0
24453,0
24454,0
24455,0
24456,0
24457,11
24458,0
24459,0
24460,20
24461,0
24462,0
24463,16
24464,0
24465,0
24466,0
24467,18
24468,0
24469,0
24470,6
24471,17
24472,0
24473,17
24474,16
24475,22
24476,15
24477,0
24478,14
24479,0
24480,0
24481,0
24482,0
24483,0
24484,0
24485,0
24486,0
24487,0
24488,0
24489,0
24490,16
24491,0
24492,0
24493,0
24494,11
24495,16
24496,19
24497,10
24498,13
24499,11
24500,0
24501,21
24502,0
24503,0
24504,0
24505,0
24506,0
24507,0
24508,0
24509,21
24510,0
24511,0
24512,0
24513,0
24514,0
24515,0
24516,0
24517,0
24518,0
24519,0
24520,11
24521,0
24522,19
24523,0
24524,0
24525,0
24526,0
24527,0
24528,0
24529,18
24530,0
24531,0
24532,12
24533,11
24534,0
24535,16
24536,0
24537,0
24538,0
24539,0
24540,12
24541,0
24542,0
24543,9
24544,0
24545,0
24546,15
24547,10
24548,0
24549,0
24550,0
24551,0
24552,12
24553,22
24554,0
24555,15
24556,0
24557,16
24558,0
24559,0
24560,0
24561,0
24562,0
24563,0
24564,18
24565,14
24566,0
24567,9
24568,0
24569,14
24570,0
24571,15
24572,19
24573,9
24574,0
24575,0
24576,0
24577,0
24578,0
24579,0
24580,0
24581,12
24582,0
24583,0
24584,0
24585,18
24586,6
24587,0
24588,11
24589,0
24590,0
24591,0
24592,0
24593,13
24594,0
24595,0
24596,0
24597,0
24598,0
24599,0
24600,0
24601,0
24602,0
24603,0
24604,0
24605,0
24606,16
24607,0
24608,16
24609,0
24610,0
24611,13
24612,0
24613,13
24614,0
24615,0
24616,0
24617,0
24618,0
24619,15
24620,0
24621,9
24622,0
24623,0
24624,0
24625,0
24626,12
24627,20
24628,0
24629,0
24630,11
24631,0
24632,6
24633,0
24634,0
24635,0
24636,0
24637,0
24638,0
24639,0
24640,0
24641,13
24642,0
24643,18
24644,0
24645,12
24646,0
24647,8
24648,0
24649,19
24650,14
24651,14
24652,0
24653,0
24654,0
24655,0
24656,0
24657,11
24658,0
24659,0
24660,0
24661,0
24662,0
24663,0
24664,0
24665,0
24666,14
24667,0
24668,14
24669,0
24670,0
24671,10
24672,13
24673,0
24674,9
24675,6
24676,0
24677,0
24678,24
24679,0
24680,9
24681,0
24682,0
24683,0
24684,0
24685,15
24686,0
24687,12
24688,0
24689,24
24690,0
24691,16
24692,13
24693,0
24694,0
24695,0
24696,0
24697,0
24698,0
24699,0
24700,0
24701,0
24702,0
24703,0
24704,0
24705,0
24706,0
24707,0
24708,14
24709,0
24710,0
24711,11
24712,11
24713,0
24714,0
24715,0
24716,0
24717,0
24718,0
24719,0
24720,0
24721,0
24722,0
24723,52
24724,0
24725,22
24726,0
24727,0
24728,0
24729,0
24730,0
24731,0
24732,0
24733,0
24734,0
24735,0
24736,33
24737,0
24738,0
24739,0
24740,0
24741,0
24742,0
24743,0
24744,26
24745,0
24746,0
24747,0
24748,0
24749,0
24750,0
24751,0
24752,0
24753,0
24754,0
24755,0
24756,0
24757,0
24758,0
24759,0
24760,0
24761,0
24762,0
24763,0
24764,0
24765,0
24766,34
24767,0
24768,16
24769,0
24770,0
24771,0
24772,0
24773,0
24774,0
24775,0
24776,0
24777,0
24778,0
24779,45
24780,0
24781,0
24782,40
24783,0
24784,0
24785,0
24786,0
24787,26
24788,0
24789,0
24790,0
24791,0
24792,0
24793,0
24794,0
24795,30
24796,0
24797,0
24798,0
24799,0
24800,0
24801,0
24802,0
24803,47
24804,0
24805,0
24806,0
24807,0
24808,0
24809,0
24810,0
24811,0
24812,0
24813,13
24814,0
24815,0
24816,0
24817,0
24818,0
24819,0
24820,0
24821,0
24822,25
24823,0
24824,0
24825,0
24826,0
24827,22
24828,0
24829,0
24830,0
24831,0
24832,0
24833,0
24834,0
24835,0
24836,0
24837,30
24838,0
24839,0
24840,0
24841,0
24842,43
24843,0
24844,35
24845,0
24846,0
24847,0
24848,17
24849,0
24850,0
24851,0
24852,0
24853,27
24854,47
24855,0
24856,0
24857,0
24858,0
24859,0
24860,14
24861,0
24862,0
24863,0
24864,0
24865,0
24866,0
24867,16
24868,0
24869,0
24870,0
24871,0
24872,0
24873,0
24874,0
24875,0
24876,0
24877,0
24878,0
24879,0
24880,0
24881,0
24882,0
24883,36
24884,0
24885,36
24886,43
24887,0
24888,0
24889,0
24890,0
24891,0
24892,0
24893,0
24894,28
24895,0
24896,0
24897,0
24898,0
24899,0
24900,0
24901,0
24902,0
24903,0
24904,0
24905,0
24906,0
24907,0
24908,0
24909,0
24910,0
24911,0
24912,0
24913,0
24914,0
24915,0
24916,0
24917,0
24918,0
24919,0
24920,0
24921,40
24922,0
24923,0
24924,0
24925,0
24926,0
24927,0
24928,0
24929,0
24930,0
24931,0
24932,0
24933,0
24934,0
24935,50
24936,0
24937,0
24938,0
24939,0
24940,25
24941,0
24942,0
24943,0
24944,0
24945,0
24946,0
24947,32
24948,24
24949,0
24950,0
24951,0
24952,0
24953,0
24954,0
24955,0
24956,0
24957,0
24958,0
24959,0
24960,0
24961,0
24962,0
24963,40
24964,0
24965,0
24966,0
24967,10
24968,0
24969,0
24970,0
24971,0
24972,0
24973,0
24974,0
24975,0
24976,0
24977,0
24978,58
24979,0
24980,0
24981,32
24982,0
24983,0
24984,0
24985,0
24986,0
24987,27
24988,0
24989,0
24990,0
24991,0
24992,0
24993,0
24994,0
24995,0
24996,0
24997,0
24998,0
24999,0
25000,0
25001,0
25002,40
25003,0
25004,0
25005,0
25006,0
25007,0
25008,0
25009,0
25010,0
25011,15
25012,0
25013,43
25014,0
25015,0
25016,0
25017,0
25018,0
25019,0
25020,0
25021,0
25022,0
25023,0
25024,0
25025,0
25026,28
25027,0
25028,0
25029,0
25030,28
25031,0
25032,0
25033,0
25034,14
25035,0
25036,0
25037,0
25038,0
25039,0
25040,0
25041,35
25042,0
25043,21
25044,0
25045,0
25046,0
25047,0
25048,0
25049,0
25050,0
25051,0
25052,73
25053,0
25054,0
25055,0
25056,43
25057,0
25058,0
25059,0
25060,23
25061,0
25062,0
25063,22
25064,0
25065,0
25066,0
25067,33
25068,0
25069,0
25070,0
25071,0
25072,0
25073,0
25074,0
25075,58
25076,0
25077,0
25078,0
25079,59
25080,42
25081,0
25082,56
25083,0
25084,0
25085,0
25086,0
25087,0
25088,0
25089,0
25090,45
25091,48
25092,0
25093,0
25094,0
25095,0
25096,0
25097,0
25098,0
25099,0
25100,0
25101,0
25102,0
25103,0
25104,0
25105,0
25106,0
25107,0
25108,0
25109,0
25110,0
25111,0
25112,0
25113,74
25114,23
25115,0
25116,34
25117,46
25118,0
25119,0
25120,50
25121,0
25122,0
25123,11
25124,0
25125,0
25126,0
25127,0
25128,0
25129,0
25130,0
25131,0
25132,0
25133,0
25134,0
25135,0
25136,0
25137,0
25138,0
25139,0
25140,0
25141,0
25142,0
25143,0
25144,0
25145,0
25146,0
25147,43
25148,0
25149,0
25150,0
25151,0
25152,0
25153,0
25154,62
25155,0
25156,0
25157,34
25158,0
25159,0
25160,0
25161,0
25162,0
25163,0
25164,0
25165,0
25166,0
25167,0
25168,50
25169,0
25170,0
25171,0
25172,0
25173,0
25174,0
25175,0
25176,0
25177,0
25178,0
25179,0
25180,0
25181,0
25182,0
25183,0
25184,20
25185,0
25186,0
25187,0
25188,0
25189,0
25190,42
25191,52
25192,0
25193,17
25194,59
25195,0
25196,28
25197,0
25198,0
25199,0
25200,0
25201,0
25202,0
25203,0
25204,33
25205,0
25206,44
25207,70
25208,0
25209,63
25210,0
25211,0
25212,0
25213,0
25214,0
25215,0
25216,0
25217,0
25218,0
25219,0
25220,0
25221,0
25222,41
25223,0
25224,0
25225,0
25226,0
25227,0
25228,0
25229,0
25230,47
25231,71
25232,0
25233,0
25234,25
25235,0
25236,47
25237,0
25238,0
25239,0
25240,0
25241,27
25242,0
25243,0
25244,0
25245,0
25246,0
25247,40
25248,0
25249,0
25250,0
25251,48
25252,0
25253,0
25254,49
25255,0
25256,52
25257,0
25258,45
25259,0
25260,0
25261,0
25262,32
25263,0
25264,0
25265,0
25266,0
25267,0
25268,0
25269,0
25270,0
25271,0
25272,24
25273,0
25274,0
25275,0
25276,0
25277,0
25278,0
25279,0
25280,0
25281,0
25282,0
25283,0
25284,0
25285,0
25286,0
25287,0
25288,0
25289,0
25290,0
25291,0
25292,0
25293,0
25294,0
25295,5
25296,0
25297,0
25298,0
25299,0
25300,0
25301,0
25302,0
25303,0
25304,0
25305,0
25306,0
25307,0
25308,0
25309,0
25310,0
25311,0
25312,5
25313,0
25314,0
25315,0
25316,0
25317,0
25318,0
25319,0
25320,0
25321,0
25322,0
25323,0
25324,0
25325,0
25326,0
25327,0
25328,0
25329,0
25330,0
25331,0
25332,0
25333,0
25334,0
25335,0
25336,0
25337,0
25338,0
25339,0
25340,0
25341,0
25342,0
25343,0
25344,0
25345,0
25346,0
25347,0
25348,0
25349,0
25350,0
25351,0
25352,0
25353,0
25354,0
25355,0
25356,0
25357,0
25358,4
25359,0
25360,0
25361,0
25362,10
25363,6
25364,0
25365,12
25366,0
25367,0
25368,0
25369,0
25370,0
25371,0
25372,0
25373,0
25374,0
25375,0
25376,0
25377,0
25378,0
25379,0
25380,0
25381,0
25382,0
25383,0
25384,0
25385,8
25386,0
25387,0
25388,6
25389,0
25390,0
25391,0
25392,0
25393,0
25394,0
25395,0
25396,0
25397,0
25398,0
25399,0
25400,0
25401,0
25402,0
25403,0
25404,4
25405,0
25406,0
25407,0
25408,0
25409,0
25410,0
25411,0
25412,0
25413,0
25414,0
25415,0
25416,0
25417,4
25418,0
25419,0
25420,0
25421,0
25422,8
25423,0
25424,0
25425,0
25426,0
25427,0
25428,0
25429,0
25430,0
25431,0
25432,0
25433,0
25434,0
25435,0
25436,0
25437,0
25438,0
25439,0
25440,0
25441,0
25442,0
25443,0
25444,0
25445,0
25446,0
25447,0
25448,0
25449,0
25450,0
25451,0
25452,0
25453,0
25454,0
25455,0
25456,0
25457,0
25458,0
25459,0
25460,0
25461,0
25462,0
25463,0
25464,0
25465,6
25466,0
25467,0
25468,0
25469,4
25470,0
25471,0
25472,0
25473,0
25474,0
25475,0
25476,0
25477,0
25478,0
25479,0
25480,5
25481,0
25482,0
25483,0
25484,0
25485,0
25486,0
25487,10
25488,0
25489,0
25490,0
25491,0
25492,0
25493,0
25494,0
25495,0
25496,0
25497,0
25498,0
25499,5
25500,0
25501,0
25502,0
25503,0
25504,0
25505,0
25506,0
25507,0
25508,0
25509,0
25510,0
25511,0
25512,0
25513,0
25514,0
25515,0
25516,0
25517,0
25518,0
25519,0
25520,0
25521,11
25522,0
25523,0
25524,0
25525,11
25526,0
25527,4
25528,0
25529,0
25530,0
25531,0
25532,0
25533,0
25534,0
25535,0
25536,0
25537,0
25538,0
25539,0
25540,0
25541,0
25542,0
25543,0
25544,0
25545,0
25546,0
25547,0
25548,0
25549,0
25550,0
25551,0
25552,0
25553,0
25554,0
25555,0
25556,0
25557,0
25558,0
25559,8
25560,0
25561,0
25562,0
25563,0
25564,0
25565,0
25566,5
25567,0
25568,0
25569,11
25570,0
25571,5
25572,0
25573,0
25574,0
25575,0
25576,0
25577,0
25578,0
25579,0
25580,0
25581,0
25582,7
25583,0
25584,0
25585,0
25586,0
25587,0
25588,0
25589,0
25590,0
25591,5
25592,0
25593,0
25594,0
25595,0
25596,0
25597,0
25598,0
25599,0
25600,0
25601,0
25602,0
25603,0
25604,8
25605,0
25606,0
25607,0
25608,0
25609,0
25610,0
25611,0
25612,0
25613,0
25614,0
25615,5
25616,0
25617,0
25618,0
25619,0
25620,0
25621,0
25622,0
25623,0
25624,0
25625,0
25626,0
25627,0
25628,0
25629,0
25630,0
25631,8
25632,6
25633,0
25634,9
25635,0
25636,0
25637,0
25638,0
25639,0
25640,0
25641,0
25642,0
25643,0
25644,9
25645,0
25646,4
25647,0
25648,0
25649,0
25650,0
25651,0
25652,0
25653,0
25654,0
25655,0
25656,0
25657,0
25658,0
25659,0
25660,0
25661,0
25662,0
25663,0
25664,0
25665,0
25666,0
25667,0
25668,0
25669,0
25670,0
25671,6
25672,0
25673,0
25674,0
25675,0
25676,4
25677,0
25678,0
25679,0
25680,0
25681,0
25682,13
25683,0
25684,0
25685,0
25686,0
25687,0
25688,0
25689,0
25690,6
25691,0
25692,0
25693,0
25694,0
25695,0
25696,0
25697,0
25698,0
25699,0
25700,0
25701,8
25702,0
25703,0
25704,0
25705,0
25706,0
25707,0
25708,0
25709,0
25710,0
25711,0
25712,7
25713,14
25714,0
25715,0
25716,0
25717,0
25718,8
25719,0
25720,0
25721,6
25722,0
25723,0
25724,0
25725,0
25726,0
25727,0
25728,4
25729,0
25730,7
25731,0
25732,0
25733,0
25734,0
25735,8
25736,0
25737,0
25738,0
25739,0
25740,0
25741,0
25742,8
25743,0
25744,0
25745,0
25746,0
25747,0
25748,0
25749,14
25750,0
25751,0
25752,0
25753,0
25754,0
25755,0
25756,0
25757,0
25758,0
25759,0
25760,0
25761,0
25762,0
25763,4
25764,0
25765,0
25766,0
25767,0
25768,0
25769,0
25770,0
25771,0
25772,0
25773,0
25774,0
25775,0
25776,0
25777,0
25778,0
25779,0
25780,0
25781,0
25782,4
25783,0
25784,0
25785,0
25786,0
25787,4
25788,0
25789,0
25790,0
25791,0
25792,0
25793,0
25794,0
25795,0
25796,0
25797,0
25798,0
25799,0
25800,0
25801,0
25802,0
25803,0
25804,0
25805,0
25806,0
25807,0
25808,0
25809,0
25810,0
25811,6
25812,0
25813,0
25814,0
25815,0
25816,0
25817,0
25818,0
25819,0
25820,4
25821,0
25822,0
25823,0
25824,0
25825,0
25826,0
25827,4
25828,0
25829,0
25830,0
25831,0
25832,0
25833,0
25834,0
25835,0
25836,3
25837,0
25838,0
25839,0
25840,0
25841,0
25842,0
25843,0
25844,0
25845,0
25846,0
25847,0
25848,0
25849,0
25850,0
25851,0
25852,0
25853,0
25854,0
25855,0
25856,0
25857,0
25858,0
25859,0
25860,0
25861,0
25862,0
25863,0
25864,0
25865,0
25866,0
25867,0
25868,0
25869,0
25870,0
25871,0
25872,0
25873,0
25874,10
25875,0
25876,0
25877,3
25878,0
25879,12
25880,0
25881,0
25882,9
25883,0
25884,0
25885,0
25886,0
25887,0
25888,0
25889,0
25890,0
25891,0
25892,0
25893,0
25894,0
25895,0
25896,0
25897,0
25898,0
25899,0
25900,0
25901,0
25902,0
25903,0
25904,0
25905,0
25906,0
25907,0
25908,0
25909,0
25910,0
25911,0
25912,0
25913,0
25914,0
25915,0
25916,21
25917,0
25918,24
25919,0
25920,15
25921,0
25922,0
25923,0
25924,0
25925,0
25926,16
25927,0
25928,0
25929,30
25930,0
25931,0
25932,0
25933,0
25934,0
25935,0
25936,24
25937,0
25938,0
25939,0
25940,0
25941,0
25942,49
25943,31
25944,0
25945,0
25946,0
25947,0
25948,0
25949,0
25950,0
25951,37
25952,0
25953,0
25954,0
25955,0
25956,0
25957,0
25958,0
25959,28
25960,0
25961,0
25962,34
25963,0
25964,0
25965,0
25966,0
25967,0
25968,0
25969,28
25970,0
25971,0
25972,0
25973,0
25974,0
25975,0
25976,0
25977,0
25978,0
25979,0
25980,0
25981,0
25982,0
25983,51
25984,33
25985,0
25986,0
25987,32
25988,27
25989,0
25990,81
25991,0
25992,0
25993,24
25994,0
25995,0
25996,0
25997,0
25998,0
25999,0
26000,0
26001,0
26002,0
26003,0
26004,0
26005,0
26006,0
26007,0
26008,14
26009,0
26010,0
26011,37
26012,30
26013,0
26014,47
26015,22
26016,0
26017,0
26018,0
26019,0
26020,0
26021,0
26022,0
26023,0
26024,0
26025,0
26026,0
26027,0
26028,0
26029,17
26030,0
26031,0
26032,0
26033,0
26034,0
26035,22
26036,19
26037,39
26038,33
26039,32
26040,0
26041,0
26042,0
26043,0
26044,0
26045,17
26046,0
26047,0
26048,43
26049,0
26050,0
26051,0
26052,0
26053,0
26054,38
26055,0
26056,0
26057,0
26058,0
26059,28
26060,0
26061,0
26062,40
26063,0
26064,30
26065,0
26066,0
26067,0
26068,0
26069,0
26070,0
26071,0
26072,0
26073,20
26074,0
26075,0
26076,0
26077,0
26078,0
26079,0
26080,0
26081,0
26082,0
26083,0
26084,0
26085,0
26086,0
26087,0
26088,0
26089,0
26090,0
26091,0
26092,0
26093,0
26094,30
26095,64
26096,0
26097,0
26098,0
26099,0
26100,15
26101,0
26102,0
26103,0
26104,0
26105,0
26106,0
26107,0
26108,0
26109,0
26110,0
26111,0
26112,0
26113,0
26114,0
26115,0
26116,0
26117,0
26118,0
26119,0
26120,22
26121,0
26122,0
26123,0
26124,0
26125,0
26126,0
26127,0
26128,0
26129,0
26130,0
26131,0
26132,0
26133,0
26134,28
26135,0
26136,26
26137,0
26138,0
26139,0
26140,0
26141,0
26142,0
26143,0
26144,0
26145,0
26146,0
26147,0
26148,0
26149,0
26150,0
26151,0
26152,0
26153,0
26154,0
26155,17
26156,0
26157,0
26158,0
26159,0
26160,0
26161,0
26162,30
26163,0
26164,0
26165,0
26166,0
26167,0
26168,0
26169,22
26170,0
26171,8
26172,0
26173,0
26174,0
26175,0
26176,0
26177,0
26178,0
26179,0
26180,0
26181,0
26182,0
26183,0
26184,0
26185,0
26186,0
26187,0
26188,0
26189,0
26190,26
26191,0
26192,14
26193,26
26194,24
26195,18
26196,48
26197,0
26198,40
26199,0
26200,0
26201,0
26202,0
26203,0
26204,0
26205,0
26206,43
26207,0
26208,29
26209,14
26210,0
26211,0
26212,0
26213,0
26214,0
26215,0
26216,0
26217,0
26218,0
26219,0
26220,0
26221,0
26222,0
26223,45
26224,0
26225,0
26226,0
26227,49
26228,0
26229,30
26230,0
26231,0
26232,0
26233,0
26234,0
26235,0
26236,0
26237,0
26238,0
26239,0
26240,0
26241,0
26242,0
26243,0
26244,0
26245,0
26246,0
26247,0
26248,0
26249,0
26250,0
26251,0
26252,0
26253,0
26254,0
26255,0
26256,0
26257,0
26258,0
26259,0
26260,0
26261,0
26262,0
26263,14
26264,0
26265,0
26266,0
26267,0
26268,0
26269,43
26270,0
26271,0
26272,0
26273,0
26274,0
26275,37
26276,0
26277,30
26278,0
26279,0
26280,0
26281,0
26282,0
26283,0
26284,0
26285,23
26286,0
26287,0
26288,0
26289,0
26290,0
26291,0
26292,0
26293,0
26294,0
26295,0
26296,0
26297,55
26298,0
26299,0
26300,0
26301,0
26302,0
26303,31
26304,0
26305,0
26306,0
26307,0
26308,0
26309,0
26310,0
26311,0
26312,21
26313,0
26314,0
26315,0
26316,31
26317,0
26318,0
26319,0
26320,0
26321,0
26322,0
26323,0
26324,0
26325,0
26326,0
26327,0
26328,0
26329,0
26330,0
26331,0
26332,0
26333,33
26334,0
26335,0
26336,0
26337,0
26338,0
26339,0
26340,0
26341,0
26342,51
26343,0
26344,0
26345,0
26346,0
26347,0
26348,0
26349,0
26350,0
26351,0
26352,0
26353,0
26354,22
26355,0
26356,0
26357,0
26358,0
26359,43
26360,0
26361,10
26362,0
26363,0
26364,0
26365,0
26366,0
26367,0
26368,32
26369,0
26370,0
26371,0
26372,0
26373,0
26374,0
26375,37
26376,0
26377,0
26378,47
26379,0
26380,0
26381,0
26382,0
26383,0
26384,0
26385,0
26386,0
26387,0
26388,0
26389,0
26390,0
26391,30
26392,0
26393,0
26394,0
26395,0
26396,0
26397,0
26398,0
26399,0
26400,0
26401,0
26402,0
26403,0
26404,0
26405,0
26406,0
26407,0
26408,0
26409,0
26410,0
26411,0
26412,33
26413,22
26414,0
26415,0
26416,0
26417,0
26418,51
26419,0
26420,0
26421,0
26422,0
26423,0
26424,0
26425,0
26426,0
26427,13
26428,46
26429,0
26430,0
26431,0
26432,40
26433,72
26434,0
26435,58
26436,0
26437,0
26438,0
26439,0
26440,17
26441,41
26442,1
26443,0
26444,0
26445,0
26446,0
26447,0
26448,0
26449,35
26450,0
26451,0
26452,0
26453,0
26454,0
26455,24
26456,0
26457,0
26458,0
26459,0
26460,0
26461,25
26462,0
26463,0
26464,19
26465,0
26466,36
26467,24
26468,0
26469,18
26470,31
26471,0
26472,0
26473,0
26474,0
26475,0
26476,0
26477,0
26478,0
26479,0
26480,0
26481,44
26482,0
26483,0
26484,0
26485,0
26486,0
26487,0
26488,0
26489,0
26490,0
26491,0
26492,0
26493,0
26494,0
26495,0
26496,0
26497,0
26498,0
26499,43
26500,0
26501,33
26502,0
26503,0
26504,0
26505,0
26506,0
26507,0
26508,0
26509,0
26510,0
26511,0
26512,44
26513,36
26514,0
26515,0
26516,26
26517,0
26518,0
26519,0
26520,0
26521,43
26522,0
26523,0
26524,0
26525,31
26526,32
26527,0
26528,29
26529,0
26530,0
26531,0
26532,0
26533,0
26534,0
26535,0
26536,0
26537,0
26538,29
26539,0
26540,0
26541,0
26542,0
26543,0
26544,0
26545,0
26546,0
26547,0
26548,0
26549,0
26550,42
26551,0
26552,0
26553,0
26554,0
26555,0
26556,0
26557,0
26558,0
26559,0
26560,0
26561,0
26562,0
26563,0
26564,0
26565,0
26566,0
26567,0
26568,0
26569,0
26570,0
26571,0
26572,0
26573,0
26574,0
26575,0
26576,0
26577,38
26578,44
26579,0
26580,0
26581,33
26582,24
26583,0
26584,46
26585,0
26586,0
26587,0
26588,0
26589,0
26590,0
26591,0
26592,0
26593,16
26594,11
26595,0
26596,0
26597,0
26598,12
26599,0
26600,0
26601,0
26602,0
26603,0
26604,0
26605,0
26606,64
26607,0
26608,0
26609,0
26610,0
26611,31
26612,0
26613,0
26614,38
26615,0
26616,49
26617,0
26618,0
26619,0
26620,0
26621,0
26622,0
26623,0
26624,0
26625,0
26626,0
26627,37
26628,0
26629,0
26630,0
26631,0
26632,0
26633,0
26634,0
26635,0
26636,0
26637,0
26638,0
26639,38
26640,0
26641,0
26642,22
26643,0
26644,0
26645,0
26646,0
26647,0
26648,0
26649,0
26650,0
26651,61
26652,0
26653,0
26654,0
26655,38
26656,19
26657,0
26658,0
26659,20
26660,0
26661,51
26662,0
26663,0
26664,0
26665,0
26666,0
26667,37
26668,0
26669,45
26670,0
26671,0
26672,0
26673,0
26674,0
26675,0
26676,49
26677,0
26678,0
26679,0
26680,13
26681,0
26682,0
26683,53
26684,0
26685,0
26686,17
26687,0
26688,0
26689,0
26690,0
26691,0
26692,25
26693,0
26694,50
26695,9
26696,0
26697,0
26698,0
26699,0
26700,0
26701,0
26702,0
26703,0
26704,0
26705,0
26706,0
26707,0
26708,0
26709,0
26710,0
26711,0
26712,0
26713,0
26714,55
26715,0
26716,0
26717,0
26718,0
26719,17
26720,0
26721,0
26722,0
26723,0
26724,0
26725,0
26726,0
26727,0
26728,0
26729,57
26730,0
26731,43
26732,0
26733,0
26734,0
26735,38
26736,0
26737,0
26738,0
26739,0
26740,0
26741,0
26742,0
26743,0
26744,0
26745,0
26746,0
26747,0
26748,0
26749,0
26750,0
26751,0
26752,0
26753,0
26754,0
26755,0
26756,0
26757,0
26758,0
26759,0
26760,0
26761,0
26762,0
26763,0
26764,29
26765,41
26766,0
26767,0
26768,0
26769,0
26770,0
26771,49
26772,0
26773,0
26774,0
26775,0
26776,0
26777,0
26778,0
26779,0
26780,50
26781,36
26782,0
26783,0
26784,23
26785,0
26786,0
26787,0
26788,0
26789,15
26790,0
26791,0
26792,0
26793,0
26794,0
26795,0
26796,0
26797,41
26798,0
26799,0
26800,0
26801,0
26802,0
26803,45
26804,0
26805,0
26806,0
26807,0
26808,32
26809,0
26810,0
26811,52
26812,0
26813,0
26814,0
26815,0
26816,0
26817,29
26818,0
26819,43
26820,0
26821,0
26822,0
26823,0
26824,0
26825,26
26826,41
26827,34
26828,31
26829,0
26830,0
26831,29
26832,0
26833,46
26834,0
26835,47
26836,0
26837,0
26838,0
26839,0
26840,0
26841,65
26842,0
26843,0
26844,0
26845,0
26846,42
26847,0
26848,37
26849,28
26850,0
26851,0
26852,0
26853,0
26854,27
26855,0
26856,40
26857,0
26858,0
26859,64
26860,0
26861,0
26862,31
26863,0
26864,0
26865,0
26866,0
26867,0
26868,0
26869,0
26870,0
26871,0
26872,30
26873,0
26874,30
26875,25
26876,0
26877,0
26878,0
26879,0
26880,45
26881,0
26882,0
26883,0
26884,0
26885,0
26886,41
26887,0
26888,49
26889,0
26890,0
26891,0
26892,28
26893,0
26894,0
26895,0
26896,0
26897,0
26898,0
26899,48
26900,0
26901,21
26902,0
26903,0
26904,24
26905,0
26906,0
26907,27
26908,26
26909,0
26910,0
26911,0
26912,0
26913,0
26914,0
26915,0
26916,0
26917,0
26918,0
26919,0
26920,0
26921,0
26922,0
26923,0
26924,0
26925,0
26926,0
26927,0
26928,0
26929,48
26930,0
26931,0
26932,0
26933,0
26934,0
26935,46
26936,0
26937,0
26938,0
26939,0
26940,0
26941,66
26942,0
26943,34
26944,0
26945,0
26946,0
26947,23
26948,31
26949,51
26950,0
26951,0
26952,0
26953,0
26954,0
26955,0
26956,0
26957,0
26958,0
26959,0
26960,0
26961,0
26962,0
26963,26
26964,0
26965,0
26966,0
26967,0
26968,0
26969,0
26970,0
26971,0
26972,0
26973,56
26974,0
26975,0
26976,0
26977,0
26978,61
26979,0
26980,0
26981,0
26982,0
26983,0
26984,34
26985,0
26986,0
26987,0
26988,34
26989,0
26990,0
26991,0
26992,31
26993,0
26994,0
26995,0
26996,0
26997,0
26998,30
26999,0
27000,0
27001,0
27002,42
27003,0
27004,0
27005,0
27006,0
27007,0
27008,0
27009,0
27010,0
27011,0
27012,0
27013,0
27014,0
27015,0
27016,0
27017,0
27018,0
27019,0
27020,0
27021,0
27022,0
27023,36
27024,0
27025,0
27026,0
27027,0
27028,0
27029,0
27030,0
27031,0
27032,0
27033,0
27034,32
27035,0
27036,17
27037,0
27038,0
27039,0
27040,0
27041,0
27042,0
27043,0
27044,0
27045,56
27046,0
27047,0
27048,0
27049,0
27050,56
27051,45
27052,39
27053,0
27054,0
27055,0
27056,0
27057,0
27058,0
27059,0
27060,0
27061,41
27062,0
27063,0
27064,18
27065,0
27066,0
27067,0
27068,0
27069,48
27070,14
27071,0
27072,0
27073,0
27074,0
27075,0
27076,0
27077,0
27078,0
27079,75
27080,0
27081,0
27082,52
27083,0
27084,0
27085,0
27086,0
27087,0
27088,0
27089,0
27090,0
27091,0
27092,0
27093,0
27094,0
27095,0
27096,0
27097,0
27098,0
27099,0
27100,0
27101,30
27102,0
27103,0
27104,0
27105,0
27106,50
27107,0
27108,0
27109,0
27110,43
27111,0
27112,0
27113,0
27114,0
27115,0
27116,0
27117,0
27118,0
27119,0
27120,35
27121,0
27122,0
27123,0
27124,0
27125,52
27126,0
27127,0
27128,0
27129,0
27130,0
27131,0
27132,0
27133,0
27134,0
27135,0
27136,36
27137,0
27138,0
27139,0
27140,0
27141,0
27142,0
27143,0
27144,0
27145,32
27146,0
27147,0
27148,26
27149,50
27150,0
27151,0
27152,0
27153,0
27154,0
27155,0
27156,0
27157,0
27158,0
27159,0
27160,0
27161,40
27162,0
27163,0
27164,0
27165,0
27166,42
27167,43
27168,34
27169,0
27170,0
27171,0
27172,0
27173,0
27174,0
27175,0
27176,0
27177,0
27178,0
27179,0
27180,0
27181,0
27182,0
27183,0
27184,0
27185,14
27186,0
27187,0
27188,0
27189,0
27190,55
27191,39
27192,17
27193,0
27194,0
27195,0
27196,28
27197,0
27198,0
27199,24
27200,0
27201,0
27202,0
27203,0
27204,0
27205,0
27206,36
27207,0
27208,29
27209,0
27210,0
27211,0
27212,0
27213,0
27214,0
27215,0
27216,0
27217,0
27218,0
27219,0
27220,0
27221,0
27222,0
27223,0
27224,0
27225,25
27226,0
27227,56
27228,24
27229,0
27230,0
27231,0
27232,0
27233,0
27234,26
27235,0
27236,0
27237,0
27238,0
27239,0
27240,0
27241,61
27242,0
27243,15
27244,0
27245,0
27246,0
27247,0
27248,0
27249,40
27250,0
27251,0
27252,0
27253,25
27254,38
27255,0
27256,96
27257,0
27258,0
27259,0
27260,50
27261,20
27262,0
27263,21
27264,0
27265,0
27266,0
27267,37
27268,23
27269,0
27270,0
27271,0
27272,0
27273,0
27274,0
27275,45
27276,0
27277,0
27278,0
27279,0
27280,0
27281,0
27282,0
27283,0
27284,0
27285,46
27286,0
27287,37
27288,0
27289,0
27290,0
27291,0
27292,0
27293,0
27294,40
27295,0
27296,0
27297,0
27298,0
27299,38
27300,0
27301,0
27302,31
27303,0
27304,0
27305,31
27306,0
27307,34
27308,0
27309,0
27310,44
27311,0
27312,38
27313,0
27314,0
27315,0
27316,56
27317,0
27318,0
27319,0
27320,0
27321,0
27322,38
27323,0
27324,0
27325,0
27326,41
27327,32
27328,0
27329,55
27330,0
27331,0
27332,0
27333,0
27334,0
27335,0
27336,29
27337,23
27338,0
27339,0
27340,0
27341,0
27342,0
27343,0
27344,0
27345,0
27346,0
27347,32
27348,0
27349,0
27350,0
27351,0
27352,36
27353,0
27354,31
27355,0
27356,0
27357,0
27358,0
27359,0
27360,0
27361,0
27362,36
27363,0
27364,0
27365,33
27366,0
27367,41
27368,0
27369,0
27370,46
27371,49
27372,0
27373,0
27374,27
27375,0
27376,0
27377,0
27378,0
27379,0
27380,0
27381,34
27382,0
27383,61
27384,0
27385,35
27386,0
27387,0
27388,0
27389,0
27390,0
27391,0
27392,0
27393,0
27394,0
27395,0
27396,0
27397,0
27398,0
27399,0
27400,0
27401,42
27402,0
27403,0
27404,0
27405,0
27406,49
27407,0
27408,0
27409,0
27410,0
27411,38
27412,0
27413,0
27414,0
27415,42
27416,0
27417,0
27418,0
27419,54
27420,0
27421,0
27422,0
27423,0
27424,0
27425,43
27426,0
27427,0
27428,0
27429,0
27430,0
27431,45
27432,0
27433,24
27434,0
27435,0
27436,0
27437,27
27438,0
27439,0
27440,57
27441,0
27442,0
27443,48
27444,0
27445,31
27446,0
27447,0
27448,0
27449,0
27450,44
27451,40
27452,0
27453,0
27454,0
27455,0
27456,0
27457,34
27458,0
27459,34
27460,0
27461,0
27462,0
27463,32
27464,0
27465,0
27466,0
27467,0
27468,0
27469,0
27470,0
27471,0
27472,29
27473,0
27474,36
27475,37
27476,0
27477,42
27478,0
27479,27
27480,0
27481,36
27482,0
27483,0
27484,0
27485,0
27486,30
27487,0
27488,41
27489,0
27490,25
27491,0
27492,0
27493,0
27494,28
27495,43
27496,23
27497,0
27498,49
27499,41
27500,0
27501,0
27502,0
27503,0
27504,0
27505,0
27506,0
27507,0
27508,46
27509,34
27510,43
27511,0
27512,0
27513,27
27514,0
27515,39
27516,39
27517,46
27518,47
27519,31
27520,0
27521,0
27522,0
27523,36
27524,0
27525,0
27526,0
27527,0
27528,0
27529,0
27530,0
27531,0
27532,0
27533,0
27534,0
27535,0
27536,0
27537,0
27538,0
27539,0
27540,0
27541,0
27542,0
27543,0
27544,51
27545,56
27546,49
27547,0
27548,41
27549,0
27550,33
27551,0
27552,31
27553,0
27554,33
27555,0
27556,0
27557,38
27558,43
27559,0
27560,0
27561,0
27562,0
27563,0
27564,36
27565,27
27566,0
27567,33
27568,0
27569,33
27570,0
27571,0
27572,38
27573,0
27574,0
27575,0
27576,35
27577,0
27578,0
27579,36
27580,0
27581,0
27582,0
27583,0
27584,0
27585,0
27586,0
27587,50
27588,0
27589,0
27590,0
27591,31
27592,0
27593,0
27594,0
27595,0
27596,0
27597,0
27598,0
27599,0
27600,0
27601,0
27602,0
27603,39
27604,51
27605,0
27606,0
27607,38
27608,0
27609,0
27610,0
27611,0
27612,22
27613,0
27614,0
27615,0
27616,0
27617,0
27618,31
27619,0
27620,31
27621,0
27622,25
27623,42
27624,0
27625,0
27626,0
27627,0
27628,0
27629,0
27630,0
27631,33
27632,0
27633,0
27634,31
27635,32
27636,0
27637,44
27638,0
27639,42
27640,0
27641,0
27642,0
27643,50
27644,64
27645,0
27646,0
27647,0
27648,0
27649,0
27650,27
27651,0
27652,29
27653,0
27654,0
27655,0
27656,0
27657,0
27658,0
27659,0
27660,0
27661,0
27662,0
27663,35
27664,52
27665,0
27666,33
27667,0
27668,0
27669,36
27670,42
27671,0
27672,0
27673,0
27674,0
27675,0
27676,0
27677,42
27678,0
27679,0
27680,0
27681,0
27682,0
27683,0
27684,0
27685,0
27686,0
27687,0
27688,52
27689,0
27690,34
27691,0
27692,0
27693,0
27694,0
27695,0
27696,0
27697,0
27698,0
27699,0
27700,0
27701,0
27702,0
27703,47
27704,40
27705,0
27706,0
27707,0
27708,0
27709,38
27710,0
27711,0
27712,38
27713,47
27714,0
27715,0
27716,51
27717,0
27718,43
27719,32
27720,0
27721,0
27722,0
27723,0
27724,0
27725,0
27726,36
27727,0
27728,0
27729,0
27730,0
27731,0
27732,0
27733,0
27734,0
27735,0
27736,0
27737,0
27738,0
27739,0
27740,0
27741,0
27742,0
27743,0
27744,0
27745,29
27746,0
27747,0
27748,0
27749,0
27750,40
27751,0
27752,0
27753,38
27754,0
27755,0
27756,0
27757,0
27758,0
27759,0
27760,0
27761,0
27762,0
27763,33
27764,0
27765,0
27766,0
27767,0
27768,50
27769,0
27770,39
27771,0
27772,0
27773,0
27774,0
27775,0
27776,28
27777,0
27778,42
27779,0
27780,0
27781,0
27782,40
27783,0
27784,39
27785,0
27786,40
27787,0
27788,35
27789,0
27790,0
27791,54
27792,0
27793,0
27794,50
27795,0
27796,48
27797,0
27798,42
27799,0
27800,0
27801,0
27802,0
27803,0
27804,33
27805,38
27806,0
27807,0
27808,29
27809,0
27810,0
27811,36
27812,0
27813,37
27814,0
27815,0
27816,41
27817,0
27818,0
27819,0
27820,23
27821,0
27822,0
27823,0
27824,56
27825,0
27826,0
27827,0
27828,59
27829,0
27830,0
27831,0
27832,0
27833,0
27834,0
27835,0
27836,0
27837,36
27838,0
27839,0
27840,0
27841,0
27842,0
27843,0
27844,0
27845,0
27846,0
27847,47
27848,0
27849,0
27850,0
27851,39
27852,0
27853,0
27854,0
27855,0
27856,0
27857,0
27858,0
27859,49
27860,0
27861,0
27862,38
27863,0
27864,0
27865,0
27866,45
27867,0
27868,0
27869,0
27870,0
27871,0
27872,43
27873,0
27874,30
27875,33
27876,0
27877,0
27878,0
27879,44
27880,0
27881,33
27882,0
27883,50
27884,0
27885,0
27886,0
27887,0
27888,0
27889,22
27890,0
27891,0
27892,0
27893,0
27894,13
27895,0
27896,0
27897,0
27898,0
27899,13
27900,0
27901,0
27902,24
27903,21
27904,14
27905,0
27906,0
27907,0
27908,0
27909,0
27910,0
27911,0
27912,13
27913,0
27914,0
27915,0
27916,0
27917,0
27918,13
27919,0
27920,16
27921,0
27922,0
27923,0
27924,0
27925,0
27926,15
27927,0
27928,0
27929,0
27930,15
27931,20
27932,0
27933,18
27934,19
27935,0
27936,0
27937,0
27938,0
27939,26
27940,0
27941,0
27942,0
27943,0
27944,0
27945,23
27946,0
27947,0
27948,0
27949,0
27950,0
27951,27
27952,0
27953,16
27954,0
27955,0
27956,36
27957,18
27958,0
27959,18
27960,0
27961,17
27962,0
27963,0
27964,20
27965,0
27966,0
27967,0
27968,0
27969,0
27970,0
27971,0
27972,0
27973,22
27974,0
27975,0
27976,24
27977,33
27978,11
27979,21
27980,0
27981,22
27982,0
27983,0
27984,0
27985,22
27986,0
27987,0
27988,19
27989,16
27990,0
27991,0
27992,0
27993,0
27994,16
27995,0
27996,12
27997,0
27998,19
27999,0
28000,0
28001,0
28002,0
28003,20
28004,0
28005,0
28006,0
28007,0
28008,0
28009,17
28010,0
28011,0
28012,0
28013,0
28014,24
28015,0
28016,22
28017,0
28018,0
28019,13
28020,0
28021,0
28022,0
28023,0
28024,0
28025,0
28026,0
28027,0
28028,14
28029,0
28030,0
28031,0
28032,32
28033,20
28034,0
28035,22
28036,25
28037,0
28038,0
28039,0
28040,20
28041,25
28042,20
28043,0
28044,0
28045,0
28046,0
28047,0
28048,0
28049,0
28050,0
28051,0
28052,19
28053,0
28054,0
28055,0
28056,0
28057,0
28058,0
28059,0
28060,18
28061,0
28062,21
28063,0
28064,0
28065,14
28066,17
28067,0
28068,0
28069,0
28070,0
28071,0
28072,25
28073,19
28074,0
28075,0
28076,0
28077,0
28078,0
28079,0
28080,0
28081,0
28082,0
28083,24
28084,0
28085,0
28086,0
28087,0
28088,0
28089,0
28090,28
28091,0
28092,0
28093,16
28094,0
28095,0
28096,18
28097,0
28098,0
28099,0
28100,0
28101,0
28102,17
28103,0
28104,28
28105,0
28106,0
28107,0
28108,31
28109,0
28110,0
28111,16
28112,29
28113,18
28114,0
28115,0
28116,0
28117,0
28118,0
28119,0
28120,0
28121,0
28122,0
28123,21
28124,0
28125,0
28126,0
28127,0
28128,0
28129,0
28130,0
28131,0
28132,0
28133,0
28134,0
28135,35
28136,0
28137,28
28138,0
28139,0
28140,0
28141,18
28142,24
28143,0
28144,26
28145,0
28146,0
28147,0
28148,0
28149,0
28150,15
28151,21
28152,0
28153,0
28154,0
28155,0
28156,25
28157,0
28158,0
28159,0
28160,0
28161,0
28162,0
28163,0
28164,17
28165,0
28166,0
28167,0
28168,0
28169,0
28170,0
28171,0
28172,0
28173,0
28174,0
28175,28
28176,0
28177,0
28178,19
28179,0
28180,0
28181,34
28182,18
28183,25
28184,0
28185,0
28186,0
28187,0
28188,16
28189,0
28190,0
28191,0
28192,0
28193,0
28194,0
28195,0
28196,0
28197,26
28198,0
28199,0
28200,0
28201,0
28202,0
28203,0
28204,0
28205,0
28206,0
28207,20
28208,0
28209,0
28210,0
28211,0
28212,0
28213,0
28214,0
28215,0
28216,0
28217,0
28218,0
28219,0
28220,0
28221,0
28222,35
28223,37
28224,0
28225,0
28226,0
28227,0
28228,21
28229,35
28230,0
28231,0
28232,0
28233,0
28234,0
28235,35
28236,0
28237,0
28238,0
28239,0
28240,0
28241,0
28242,0
28243,0
28244,0
28245,0
28246,11
28247,0
28248,0
28249,20
28250,22
28251,0
28252,0
28253,0
28254,0
28255,0
28256,0
28257,0
28258,0
28259,0
28260,0
28261,0
28262,0
28263,0
28264,31
28265,22
28266,18
28267,17
28268,0
28269,0
28270,26
28271,0
28272,0
28273,0
28274,0
28275,0
28276,0
28277,24
28278,0
28279,0
28280,0
28281,27
28282,21
28283,0
28284,23
28285,0
28286,0
28287,0
28288,0
28289,0
28290,26
28291,0
28292,0
28293,0
28294,0
28295,0
28296,0
28297,0
28298,0
28299,0
28300,0
28301,0
28302,0
28303,0
28304,0
28305,0
28306,0
28307,0
28308,0
28309,0
28310,0
28311,0
28312,0
28313,20
28314,0
28315,0
28316,0
28317,0
28318,15
28319,0
28320,0
28321,0
28322,0
28323,22
28324,0
28325,0
28326,0
28327,23
28328,21
28329,0
28330,36
28331,0
28332,0
28333,0
28334,0
28335,0
28336,0
28337,0
28338,0
28339,20
28340,0
28341,0
28342,0
28343,0
28344,0
28345,0
28346,0
28347,0
28348,15
28349,22
28350,0
28351,0
28352,0
28353,0
28354,0
28355,22
28356,0
28357,0
28358,0
28359,0
28360,27
28361,0
28362,0
28363,5
28364,0
28365,0
28366,0
28367,0
28368,0
28369,0
28370,0
28371,0
28372,0
28373,0
28374,0
28375,0
28376,0
28377,2
28378,0
28379,0
28380,4
28381,0
28382,0
28383,0
28384,4
28385,0
28386,0
28387,0
28388,0
28389,3
28390,7
28391,1
28392,5
28393,0
28394,0
28395,0
28396,0
28397,0
28398,0
28399,0
28400,6
28401,0
28402,0
28403,0
28404,8
28405,0
28406,0
28407,0
28408,0
28409,1
28410,5
28411,0
28412,0
28413,0
28414,0
28415,12
28416,0
28417,3
28418,0
28419,0
28420,0
28421,0
28422,0
28423,0
28424,0
28425,0
28426,0
28427,9
28428,0
28429,0
28430,0
28431,5
28432,0
28433,0
28434,2
28435,0
28436,8
28437,0
28438,0
28439,0
28440,0
28441,10
28442,0
28443,0
28444,0
28445,9
28446,0
28447,0
28448,10
28449,5
28450,0
28451,4
28452,0
28453,0
28454,0
28455,6
28456,0
28457,0
28458,0
28459,0
28460,0
28461,0
28462,8
28463,0
28464,0
28465,0
28466,6
28467,13
28468,0
28469,0
28470,0
28471,4
28472,6
28473,0
28474,0
28475,0
28476,0
28477,0
28478,0
28479,0
28480,0
28481,0
28482,0
28483,0
28484,0
28485,0
28486,0
28487,4
28488,0
28489,0
28490,7
28491,6
28492,0
28493,0
28494,11
28495,0
28496,3
28497,3
28498,0
28499,0
28500,0
28501,7
28502,0
28503,5
28504,0
28505,0
28506,0
28507,8
28508,0
28509,0
28510,0
28511,0
28512,0
28513,0
28514,12
28515,0
28516,5
28517,0
28518,0
28519,0
28520,0
28521,0
28522,0
28523,0
28524,0
28525,0
28526,0
28527,0
28528,0
28529,0
28530,0
28531,0
28532,0
28533,0
28534,0
28535,0
28536,12
28537,0
28538,0
28539,0
28540,0
28541,0
28542,0
28543,6
28544,0
28545,0
28546,0
28547,0
28548,0
28549,0
28550,1
28551,8
28552,0
28553,0
28554,2
28555,0
28556,7
28557,0
28558,0
28559,0
28560,0
28561,0
28562,0
28563,4
28564,0
28565,0
28566,0
28567,9
28568,0
28569,0
28570,0
28571,0
28572,0
28573,0
28574,0
28575,0
28576,0
28577,0
28578,0
28579,0
28580,0
28581,0
28582,6
28583,0
28584,0
28585,0
28586,0
28587,0
28588,0
28589,0
28590,0
28591,0
28592,5
28593,13
28594,0
28595,3
28596,0
28597,5
28598,0
28599,6
28600,0
28601,10
28602,0
28603,0
28604,0
28605,0
28606,0
28607,0
28608,0
28609,0
28610,6
28611,0
28612,0
28613,0
28614,0
28615,1
28616,11
28617,2
28618,5
28619,0
28620,0
28621,0
28622,0
28623,2
28624,0
28625,0
28626,0
28627,0
28628,0
28629,0
28630,12
28631,0
28632,0
28633,0
28634,36
28635,0
28636,0
28637,0
28638,32
28639,0
28640,0
28641,0
28642,0
28643,0
28644,0
28645,0
28646,48
28647,0
28648,0
28649,46
28650,24
28651,39
28652,0
28653,0
28654,0
28655,0
28656,0
28657,25
28658,41
28659,0
28660,0
28661,0
28662,0
28663,0
28664,0
28665,25
28666,0
28667,0
28668,0
28669,0
28670,0
28671,0
28672,31
28673,0
28674,0
28675,0
28676,0
28677,0
28678,0
28679,0
28680,0
28681,0
28682,0
28683,26
28684,0
28685,0
28686,0
28687,0
28688,0
28689,0
28690,0
28691,0
28692,0
28693,31
28694,0
28695,0
28696,22
28697,0
28698,24
28699,0
28700,0
28701,0
28702,0
28703,0
28704,0
28705,0
28706,0
28707,0
28708,0
28709,0
28710,0
28711,0
28712,0
28713,0
28714,0
28715,0
28716,0
28717,0
28718,54
28719,0
28720,0
28721,0
28722,35
28723,0
28724,39
28725,0
28726,0
28727,0
28728,0
28729,0
28730,0
28731,0
28732,0
28733,0
28734,0
28735,0
28736,0
28737,0
28738,0
28739,0
28740,0
28741,0
28742,0
28743,0
28744,32
28745,0
28746,31
28747,0
28748,0
28749,28
28750,0
28751,0
28752,0
28753,0
28754,0
28755,0
28756,0
28757,27
28758,0
28759,0
28760,0
28761,0
28762,0
28763,0
28764,0
28765,33
28766,0
28767,0
28768,0
28769,0
28770,0
28771,0
28772,0
28773,0
28774,0
28775,26
28776,0
28777,0
28778,0
28779,0
28780,49
28781,0
28782,0
28783,0
28784,27
28785,0
28786,0
28787,0
28788,0
28789,0
28790,0
28791,0
28792,0
28793,0
28794,0
28795,36
28796,0
28797,0
28798,0
28799,0
28800,0
28801,0
28802,0
28803,30
28804,0
28805,0
28806,0
28807,39
28808,0
28809,0
28810,0
28811,0
28812,0
28813,0
28814,0
28815,0
28816,0
28817,0
28818,51
28819,0
28820,0
28821,46
28822,0
28823,38
28824,0
28825,0
28826,0
28827,0
28828,0
28829,53
28830,0
28831,0
28832,0
28833,0
28834,0
28835,51
28836,0
28837,0
28838,0
28839,21
28840,18
28841,0
28842,0
28843,0
28844,0
28845,0
28846,0
28847,0
28848,0
28849,0
28850,0
28851,27
28852,0
28853,0
28854,0
28855,49
28856,0
28857,41
28858,0
28859,0
28860,0
28861,0
28862,0
28863,0
28864,0
28865,0
28866,0
28867,0
28868,0
28869,0
28870,0
28871,0
28872,0
28873,35
28874,0
28875,0
28876,21
28877,54
28878,39
28879,0
28880,0
28881,0
28882,0
28883,0
28884,0
28885,0
28886,0
28887,0
28888,0
28889,0
28890,0
28891,0
28892,0
28893,0
28894,41
28895,0
28896,0
28897,0
28898,26
28899,0
28900,0
28901,0
28902,0
28903,0
28904,0
28905,0
28906,0
28907,36
28908,0
28909,0
28910,0
28911,0
28912,0
28913,0
28914,22
28915,0
28916,0
28917,0
28918,0
28919,0
28920,0
28921,0
28922,0
28923,0
28924,0
28925,0
28926,36
28927,0
28928,0
28929,0
28930,0
28931,0
28932,0
28933,0
28934,50
28935,0
28936,0
28937,0
28938,0
28939,0
28940,0
28941,0
28942,0
28943,0
28944,0
28945,0
28946,29
28947,0
28948,0
28949,0
28950,0
28951,0
28952,0
28953,0
28954,0
28955,0
28956,0
28957,0
28958,0
28959,0
28960,0
28961,0
28962,0
28963,0
28964,0
28965,31
28966,24
28967,0
28968,37
28969,0
28970,27
28971,0
28972,0
28973,0
28974,0
28975,0
28976,0
28977,0
28978,0
28979,0
28980,0
28981,0
28982,0
28983,0
28984,0
28985,0
28986,0
28987,0
28988,0
28989,0
28990,34
28991,0
28992,0
28993,0
28994,0
28995,0
28996,0
28997,0
28998,28
28999,54
29000,0
29001,0
29002,0
29003,0
29004,0
29005,0
29006,0
29007,33
29008,0
29009,0
29010,0
29011,0
29012,28
29013,0
29014,0
29015,0
29016,0
29017,0
29018,26
29019,0
29020,0
29021,0
29022,0
29023,30
29024,0
29025,0
29026,49
29027,0
29028,0
29029,0
29030,0
29031,0
29032,0
29033,0
29034,0
29035,0
29036,0
29037,0
29038,0
29039,0
29040,0
29041,0
29042,0
29043,0
29044,0
29045,0
29046,0
29047,0
29048,0
29049,0
29050,0
29051,0
29052,0
29053,0
29054,0
29055,0
29056,0
29057,0
29058,0
29059,0
29060,0
29061,0
29062,48
29063,42
29064,24
29065,29
29066,0
29067,0
29068,0
29069,0
29070,0
29071,0
29072,0
29073,42
29074,0
29075,0
29076,0
29077,29
29078,35
29079,33
29080,0
29081,0
29082,0
29083,0
29084,0
29085,0
29086,0
29087,0
29088,0
29089,0
29090,0
29091,0
29092,0
29093,39
29094,0
29095,0
29096,0
29097,0
29098,39
29099,0
29100,0
29101,0
29102,0
29103,36
29104,30
29105,0
29106,0
29107,0
29108,0
29109,0
29110,43
29111,0
29112,0
29113,47
29114,0
29115,0
29116,0
29117,0
29118,0
29119,0
29120,0
29121,16
29122,0
29123,0
29124,0
29125,41
29126,0
29127,0
29128,0
29129,0
29130,0
29131,34
29132,0
29133,0
29134,0
29135,0
29136,0
29137,0
29138,30
29139,0
29140,0
29141,0
29142,0
29143,0
29144,0
29145,0
29146,0
29147,0
29148,0
29149,0
29150,0
29151,0
29152,0
29153,0
29154,0
29155,0
29156,34
29157,52
29158,0
29159,27
29160,0
29161,0
29162,0
29163,0
29164,0
29165,0
29166,0
29167,0
29168,0
29169,0
29170,32
29171,0
29172,0
29173,38
29174,0
29175,0
29176,0
29177,0
29178,0
29179,30
29180,0
29181,0
29182,0
29183,0
29184,0
29185,0
29186,0
29187,36
29188,28
29189,0
29190,0
29191,52
29192,0
29193,0
29194,36
29195,0
29196,0
29197,0
29198,0
29199,0
29200,0
29201,0
29202,0
29203,0
29204,0
29205,0
29206,0
29207,38
29208,0
29209,30
29210,0
29211,0
29212,26
29213,0
29214,49
29215,0
29216,0
29217,0
29218,0
29219,0
29220,0
29221,0
29222,35
29223,0
29224,35
29225,0
29226,0
29227,32
29228,0
29229,0
29230,0
29231,0
29232,0
29233,0
29234,0
29235,0
29236,0
29237,31
29238,0
29239,0
29240,0
29241,0
29242,0
29243,0
29244,0
29245,0
29246,0
29247,0
29248,0
29249,49
29250,18
29251,36
29252,0
29253,0
29254,0
29255,0
29256,0
29257,0
29258,0
29259,0
29260,0
29261,44
29262,0
29263,0
29264,43
29265,0
29266,0
29267,0
29268,0
29269,0
29270,32
29271,0
29272,0
29273,0
29274,0
29275,0
29276,41
29277,0
29278,0
29279,0
29280,0
29281,34
29282,0
29283,0
29284,0
29285,0
29286,0
29287,0
29288,0
29289,0
29290,0
29291,0
29292,0
29293,0
29294,0
29295,0
29296,0
29297,19
29298,33
29299,0
29300,0
29301,0
29302,0
29303,0
29304,0
29305,0
29306,0
29307,0
29308,0
29309,0
29310,0
29311,36
29312,0
29313,0
29314,0
29315,0
29316,0
29317,0
29318,0
29319,0
29320,0
29321,0
29322,0
29323,0
29324,0
29325,0
29326,0
29327,29
29328,0
29329,0
29330,0
29331,0
29332,0
29333,0
29334,0
29335,0
29336,0
29337,0
29338,0
29339,0
29340,0
29341,0
29342,0
29343,0
29344,0
29345,0
29346,0
29347,0
29348,0
29349,53
29350,0
29351,0
29352,0
29353,0
29354,0
29355,0
29356,0
29357,39
29358,0
29359,0
29360,0
29361,0
29362,0
29363,37
29364,0
29365,20
29366,0
29367,0
29368,37
29369,0
29370,0
29371,0
29372,0
29373,0
29374,0
29375,0
29376,0
29377,30
29378,0
29379,21
29380,0
29381,0
29382,0
29383,27
29384,0
29385,0
29386,0
29387,0
29388,18
29389,0
29390,0
29391,0
29392,0
29393,0
29394,0
29395,0
29396,24
29397,0
29398,0
29399,24
29400,0
29401,18
29402,0
29403,0
29404,17
29405,0
29406,0
29407,0
29408,0
29409,0
29410,0
29411,0
29412,21
29413,13
29414,12
29415,25
29416,0
29417,22
29418,0
29419,17
29420,0
29421,0
29422,0
29423,0
29424,0
29425,0
29426,15
29427,0
29428,0
29429,0
29430,0
29431,0
29432,0
29433,0
29434,0
29435,24
29436,0
29437,0
29438,0
29439,0
29440,0
29441,0
29442,0
29443,0
29444,0
29445,0
29446,10
29447,0
29448,0
29449,0
29450,16
29451,16
29452,0
29453,16
29454,0
29455,0
29456,0
29457,0
29458,0
29459,0
29460,0
29461,0
29462,0
29463,13
29464,0
29465,0
29466,0
29467,0
29468,0
29469,0
29470,0
29471,0
29472,17
29473,0
29474,0
29475,0
29476,0
29477,0
29478,0
29479,18
29480,19
29481,0
29482,0
29483,0
29484,0
29485,0
29486,0
29487,0
29488,0
29489,0
29490,0
29491,0
29492,0
29493,14
29494,6
29495,21
29496,0
29497,0
29498,0
29499,0
29500,0
29501,0
29502,0
29503,0
29504,0
29505,16
29506,0
29507,11
29508,0
29509,0
29510,22
29511,0
29512,0
29513,0
29514,12
29515,0
29516,26
29517,15
29518,0
29519,22
29520,0
29521,20
29522,0
29523,0
29524,0
29525,0
29526,0
29527,0
29528,0
29529,0
29530,23
29531,0
29532,0
29533,10
29534,12
29535,17
29536,0
29537,0
29538,0
29539,0
29540,0
29541,40
29542,0
29543,0
29544,0
29545,0
29546,0
29547,0
29548,0
29549,0
29550,0
29551,37
29552,0
29553,19
29554,0
29555,0
29556,0
29557,0
29558,0
29559,0
29560,0
29561,0
29562,0
29563,0
29564,0
29565,0
29566,0
29567,0
29568,0
29569,0
29570,0
29571,0
29572,0
29573,0
29574,0
29575,0
29576,0
29577,0
29578,0
29579,37
29580,0
29581,37
29582,0
29583,0
29584,0
29585,0
29586,0
29587,0
29588,0
29589,0
29590,0
29591,0
29592,0
29593,0
29594,0
29595,0
29596,0
29597,0
29598,0
29599,27
29600,0
29601,0
29602,0
29603,0
29604,0
29605,0
29606,0
29607,0
29608,27
29609,0
29610,0
29611,0
29612,28
29613,0
29614,46
29615,0
29616,0
29617,0
29618,0
29619,0
29620,0
29621,0
29622,0
29623,0
29624,0
29625,0
29626,0
29627,0
29628,0
29629,31
29630,0
29631,0
29632,0
29633,0
29634,0
29635,0
29636,0
29637,0
29638,0
29639,0
29640,0
29641,0
29642,0
29643,0
29644,0
29645,0
29646,0
29647,0
29648,0
29649,0
29650,0
29651,0
29652,0
29653,0
29654,0
29655,0
29656,0
29657,0
29658,0
29659,0
29660,0
29661,0
29662,0
29663,0
29664,0
29665,0
29666,0
29667,0
29668,0
29669,38
29670,0
29671,0
29672,0
29673,0
29674,0
29675,29
29676,0
29677,0
29678,0
29679,0
29680,0
29681,0
29682,0
29683,0
29684,0
29685,0
29686,0
29687,0
29688,0
29689,0
29690,0
29691,0
29692,0
29693,0
29694,0
29695,0
29696,0
29697,0
29698,0
29699,0
29700,0
29701,0
29702,0
29703,0
29704,0
29705,0
29706,0
29707,0
29708,0
29709,0
29710,0
29711,0
29712,0
29713,0
29714,0
29715,0
29716,0
29717,0
29718,0
29719,0
29720,0
29721,0
29722,0
29723,0
29724,0
29725,0
29726,0
29727,0
29728,0
29729,0
29730,0
29731,0
29732,0
29733,0
29734,0
29735,0
29736,0
29737,0
29738,0
29739,0
29740,0
29741,0
29742,0
29743,0
29744,0
29745,0
29746,0
29747,0
29748,0
29749,0
29750,0
29751,0
29752,0
29753,0
29754,0
29755,0
29756,0
29757,0
29758,0
29759,0
29760,0
29761,0
29762,0
29763,0
29764,0
29765,0
29766,0
29767,0
29768,47
29769,0
29770,0
29771,37
29772,0
29773,0
29774,0
29775,0
29776,0
29777,0
29778,0
29779,0
29780,0
29781,0
29782,0
29783,0
29784,0
29785,0
29786,0
29787,0
29788,0
29789,0
29790,0
29791,0
29792,0
29793,0
29794,0
29795,0
29796,0
29797,0
29798,0
29799,0
29800,0
29801,0
29802,39
29803,0
29804,0
29805,0
29806,0
29807,0
29808,0
29809,0
29810,0
29811,0
29812,0
29813,0
29814,0
29815,0
29816,0
29817,0
29818,0
29819,0
29820,0
29821,0
29822,0
29823,0
29824,0
29825,0
29826,0
29827,0
29828,0
29829,0
29830,0
29831,0
29832,0
29833,0
29834,0
29835,0
29836,0
29837,0
29838,0
29839,0
29840,34
29841,0
29842,0
29843,0
29844,0
29845,0
29846,0
29847,33
29848,0
29849,27
29850,0
29851,31
29852,0
29853,0
29854,0
29855,0
29856,0
29857,0
29858,0
29859,0
29860,35
29861,0
29862,0
29863,0
29864,0
29865,0
29866,0
29867,0
29868,0
29869,0
29870,0
29871,37
29872,0
29873,0
29874,0
29875,0
29876,0
29877,0
29878,0
29879,0
29880,40
29881,0
29882,0
29883,0
29884,24
29885,0
29886,0
29887,0
29888,40
29889,0
29890,0
29891,0
29892,0
29893,0
29894,24
29895,0
29896,0
29897,0
29898,0
29899,0
29900,0
29901,0
29902,0
29903,0
29904,0
29905,0
29906,0
29907,0
29908,0
29909,0
29910,0
29911,0
29912,0
29913,0
29914,0
29915,0
29916,0
29917,0
29918,33
29919,0
29920,0
29921,28
29922,0
29923,0
29924,0
29925,0
29926,0
29927,0
29928,0
29929,0
29930,0
29931,0
29932,0
29933,0
29934,0
29935,0
29936,0
29937,0
29938,0
29939,0
29940,0
29941,0
29942,0
29943,40
29944,0
29945,0
29946,0
29947,0
29948,0
29949,0
29950,0
29951,0
29952,0
29953,0
29954,41
29955,0
29956,0
29957,0
29958,0
29959,0
29960,0
29961,0
29962,0
29963,0
29964,0
29965,0
29966,0
29967,0
29968,0
29969,0
29970,0
29971,0
29972,0
29973,0
29974,0
29975,0
29976,37
29977,0
29978,0
29979,0
29980,0
29981,0
29982,0
29983,0
29984,0
29985,0
29986,0
29987,0
29988,0
29989,0
29990,0
29991,0
29992,0
29993,0
29994,0
29995,0
29996,0
29997,0
29998,0
29999,0
30000,0
30001,0
30002,0
30003,0
30004,0
30005,0
30006,0
30007,0
30008,0
30009,0
30010,0
30011,0
30012,0
30013,0
30014,0
30015,0
30016,0
30017,0
30018,0
30019,0
30020,0
30021,0
30022,0
30023,0
30024,21
30025,0
30026,0
30027,49
30028,0
30029,0
30030,0
30031,0
30032,0
30033,31
30034,0
30035,0
30036,0
30037,0
30038,0
30039,0
30040,0
30041,0
30042,0
30043,0
30044,0
30045,0
30046,0
30047,0
30048,0
30049,0
30050,0
30051,0
30052,0
30053,0
30054,0
30055,0
30056,0
30057,0
30058,0
30059,0
30060,0
30061,0
30062,30
30063,0
30064,0
30065,0
30066,0
30067,0
30068,0
30069,0
30070,0
30071,0
30072,25
30073,0
30074,0
30075,0
30076,0
30077,33
30078,0
30079,0
30080,0
30081,0
30082,0
30083,0
30084,0
30085,0
30086,0
30087,0
30088,0
30089,0
30090,0
30091,0
30092,0
30093,0
30094,0
30095,0
30096,0
30097,0
30098,0
30099,0
30100,0
30101,0
30102,0
30103,33
30104,0
30105,0
30106,0
30107,34
30108,0
30109,0
30110,0
30111,0
30112,0
30113,0
30114,0
30115,0
30116,0
30117,0
30118,0
30119,0
30120,0
30121,0
30122,0
30123,0
30124,0
30125,0
30126,0
30127,0
30128,0
30129,0
30130,0
30131,0
30132,0
30133,0
30134,0
30135,0
30136,0
30137,0
30138,0
30139,0
30140,0
30141,0
30142,0
30143,0
30144,0
30145,0
30146,0
30147,0
30148,0
30149,0
30150,0
30151,0
30152,0
30153,0
30154,0
30155,0
30156,0
30157,0
30158,0
30159,0
30160,0
30161,0
30162,0
30163,0
30164,0
30165,0
30166,0
30167,0
30168,0
30169,0
30170,0
30171,0
30172,0
30173,0
30174,0
30175,0
30176,0
30177,0
30178,0
30179,0
30180,0
30181,0
30182,0
30183,0
30184,1
30185,0
30186,0
30187,0
30188,0
30189,0
30190,0
30191,0
30192,0
30193,0
30194,0
30195,0
30196,0
30197,0
30198,0
30199,0
30200,0
30201,0
30202,0
30203,0
30204,0
30205,0
30206,0
30207,0
30208,0
30209,0
30210,0
30211,0
30212,0
30213,0
30214,0
30215,0
30216,0
30217,0
30218,0
30219,0
30220,0
30221,0
30222,0
30223,0
30224,0
30225,0
30226,0
30227,0
30228,0
30229,0
30230,0
30231,0
30232,0
30233,0
30234,0
30235,0
30236,0
30237,0
30238,0
30239,0
30240,0
30241,0
30242,0
30243,0
30244,0
30245,0
30246,0
30247,0
30248,0
30249,0
30250,0
30251,0
30252,1
30253,0
30254,0
30255,0
30256,0
30257,0
30258,0
30259,0
30260,0
30261,0
30262,0
30263,0
30264,0
30265,0
30266,0
30267,0
30268,0
30269,0
30270,0
30271,0
30272,0
30273,0
30274,0
30275,0
30276,0
30277,0
30278,0
30279,0
30280,0
30281,0
30282,0
30283,0
30284,0
30285,0
30286,0
30287,0
30288,0
30289,0
30290,0
30291,0
30292,0
30293,0
30294,0
30295,0
30296,0
30297,0
30298,0
30299,0
30300,0
30301,0
30302,0
30303,0
30304,0
30305,0
30306,0
30307,0
30308,0
30309,0
30310,0
30311,0
30312,0
30313,0
30314,0
30315,0
30316,0
30317,0
30318,0
30319,0
30320,0
30321,0
30322,0
30323,0
30324,0
30325,0
30326,0
30327,0
30328,0
30329,0
30330,0
30331,0
30332,0
30333,0
30334,0
30335,0
30336,0
30337,0
30338,0
30339,0
30340,0
30341,0
30342,0
30343,0
30344,0
30345,0
30346,0
30347,0
30348,0
30349,0
30350,0
30351,0
30352,0
30353,0
30354,0
30355,0
30356,0
30357,0
30358,0
30359,0
30360,0
30361,0
30362,0
30363,0
30364,0
30365,0
30366,0
30367,0
30368,0
30369,0
30370,0
30371,0
30372,0
30373,0
30374,0
30375,0
30376,0
30377,0
30378,0
30379,0
30380,0
30381,0
30382,0
30383,0
30384,0
30385,0
30386,0
30387,0
30388,0
30389,0
30390,0
30391,0
30392,0
30393,0
30394,0
30395,0
30396,0
30397,0
30398,0
30399,0
30400,0
30401,0
30402,0
30403,0
30404,0
30405,0
30406,0
30407,0
30408,0
30409,0
30410,0
30411,0
30412,0
30413,0
30414,0
30415,0
30416,0
30417,0
30418,0
30419,0
30420,0
30421,0
30422,0
30423,0
30424,0
30425,0
30426,0
30427,0
30428,0
30429,0
30430,0
30431,0
30432,0
30433,0
30434,0
30435,0
30436,0
30437,0
30438,0
30439,0
30440,0
30441,0
30442,0
30443,0
30444,0
30445,0
30446,0
30447,0
30448,0
30449,0
30450,0
30451,0
30452,0
30453,0
30454,0
30455,0
30456,0
30457,0
30458,0
30459,0
30460,0
30461,15
30462,0
30463,0
30464,0
30465,0
30466,0
30467,0
30468,0
30469,21
30470,0
30471,0
30472,17
30473,0
30474,0
30475,0
30476,24
30477,0
30478,17
30479,14
30480,0
30481,0
30482,0
30483,0
30484,0
30485,0
30486,0
30487,0
30488,15
30489,0
30490,0
30491,0
30492,0
30493,0
30494,0
30495,16
30496,15
30497,0
30498,0
30499,0
30500,18
30501,0
30502,0
30503,22
30504,0
30505,0
30506,0
30507,0
30508,0
30509,10
30510,0
30511,0
30512,0
30513,0
30514,21
30515,0
30516,15
30517,22
30518,18
30519,16
30520,0
30521,19
30522,0
30523,0
30524,0
30525,0
30526,0
30527,15
30528,0
30529,0
30530,0
30531,0
30532,0
30533,11
30534,0
30535,0
30536,0
30537,0
30538,0
30539,21
30540,23
30541,0
30542,0
30543,20
30544,18
30545,0
30546,0
30547,0
30548,0
30549,0
30550,0
30551,0
30552,0
30553,0
30554,0
30555,0
30556,17
30557,26
30558,0
30559,13
30560,0
30561,0
30562,0
30563,0
30564,0
30565,0
30566,0
30567,19
30568,0
30569,0
30570,0
30571,0
30572,22
30573,0
30574,0
30575,0
30576,0
30577,15
30578,0
30579,0
30580,0
30581,0
30582,0
30583,0
30584,0
30585,0
30586,0
30587,0
30588,0
30589,0
30590,0
30591,0
30592,8
30593,0
30594,0
30595,0
30596,0
30597,0
30598,0
30599,0
30600,13
30601,0
30602,0
30603,0
30604,0
30605,10
30606,0
30607,9
30608,19
30609,0
30610,0
30611,19
30612,11
30613,0
30614,0
30615,0
30616,0
30617,0
30618,0
30619,0
30620,0
30621,0
30622,0
30623,0
30624,0
30625,0
30626,0
30627,0
30628,0
30629,0
30630,0
30631,0
30632,0
30633,0
30634,28
30635,0
30636,0
30637,0
30638,0
30639,0
30640,0
30641,0
30642,19
30643,0
30644,0
30645,0
30646,0
30647,0
30648,0
30649,0
30650,27
30651,0
30652,0
30653,0
30654,0
30655,26
30656,0
30657,0
30658,0
30659,0
30660,0
30661,0
30662,0
30663,39
30664,0
30665,0
30666,0
30667,41
30668,25
30669,30
30670,0
30671,0
30672,0
30673,55
30674,0
30675,0
30676,0
30677,0
30678,0
30679,0
30680,0
30681,0
30682,47
30683,0
30684,0
30685,0
30686,0
30687,0
30688,42
30689,0
30690,0
30691,0
30692,0
30693,0
30694,0
30695,0
30696,0
30697,0
30698,0
30699,0
30700,0
30701,36
30702,0
30703,0
30704,0
30705,0
30706,0
30707,0
30708,27
30709,0
30710,0
30711,25
30712,43
30713,0
30714,0
30715,34
30716,0
30717,0
30718,0
30719,0
30720,33
30721,0
30722,0
30723,24
30724,0
30725,0
30726,0
30727,0
30728,0
30729,0
30730,30
30731,0
30732,0
30733,0
30734,65
30735,0
30736,26
30737,0
30738,0
30739,0
30740,0
30741,0
30742,0
30743,36
30744,0
30745,0
30746,0
30747,0
30748,27
30749,0
30750,48
30751,40
30752,0
30753,0
30754,32
30755,0
30756,14
30757,23
30758,0
30759,15
30760,51
30761,47
30762,0
30763,0
30764,54
30765,0
30766,0
30767,0
30768,0
30769,43
30770,0
30771,0
30772,0
30773,0
30774,0
30775,0
30776,0
30777,0
30778,0
30779,0
30780,0
30781,0
30782,49
30783,40
30784,36
30785,0
30786,0
30787,0
30788,0
30789,0
30790,0
30791,0
30792,0
30793,0
30794,52
30795,0
30796,35
30797,0
30798,0
30799,0
30800,0
30801,0
30802,0
30803,0
30804,0
30805,0
30806,37
30807,0
30808,0
30809,23
30810,0
30811,0
30812,0
30813,0
30814,0
30815,0
30816,0
30817,0
30818,0
30819,61
30820,0
30821,0
30822,0
30823,14
30824,50
30825,0
30826,0
30827,22
30828,0
30829,0
30830,0
30831,0
30832,0
30833,49
30834,0
30835,0
30836,39
30837,0
30838,0
30839,0
30840,26
30841,0
30842,0
30843,0
30844,0
30845,0
30846,0
30847,0
30848,0
30849,21
30850,0
30851,0
30852,0
30853,0
30854,0
30855,0
30856,32
30857,0
30858,0
30859,0
30860,0
30861,0
30862,0
30863,0
30864,0
30865,0
30866,0
30867,0
30868,0
30869,0
30870,0
30871,0
30872,0
30873,0
30874,0
30875,0
30876,0
30877,0
30878,0
30879,24
30880,27
30881,15
30882,0
30883,0
30884,0
30885,0
30886,0
30887,0
30888,0
30889,0
30890,32
30891,0
30892,0
30893,0
30894,25
30895,0
30896,0
30897,0
30898,0
30899,0
30900,0
30901,0
30902,30
30903,29
30904,42
30905,0
30906,0
30907,47
30908,0
30909,26
30910,27
30911,0
30912,0
30913,0
30914,0
30915,0
30916,0
30917,0
30918,0
30919,0
30920,34
30921,0
30922,0
30923,0
30924,0
30925,0
30926,0
30927,0
30928,0
30929,0
30930,0
30931,27
30932,0
30933,0
30934,0
30935,66
30936,0
30937,0
30938,32
30939,34
30940,0
30941,0
30942,28
30943,0
30944,0
30945,0
30946,53
30947,0
30948,0
30949,39
30950,0
30951,12
30952,0
30953,0
30954,0
30955,0
30956,0
30957,0
30958,0
30959,0
30960,0
30961,30
30962,39
30963,0
30964,0
30965,0
30966,0
30967,0
30968,0
30969,0
30970,0
30971,0
30972,0
30973,0
30974,0
30975,0
30976,0
30977,0
30978,0
30979,0
30980,0
30981,0
30982,28
30983,0
30984,0
30985,0
30986,0
30987,0
30988,0
30989,41
30990,0
30991,29
30992,0
30993,24
30994,0
30995,41
30996,0
30997,0
30998,0
30999,0
31000,0
31001,0
31002,0
31003,0
31004,0
31005,0
31006,44
31007,32
31008,0
31009,0
31010,0
31011,40
31012,0
31013,0
31014,0
31015,0
31016,0
31017,40
31018,47
31019,0
31020,0
31021,0
31022,39
31023,0
31024,0
31025,0
31026,38
31027,27
31028,0
31029,0
31030,0
31031,0
31032,0
31033,30
31034,0
31035,18
31036,0
31037,0
31038,0
31039,31
31040,0
31041,0
31042,0
31043,0
31044,0
31045,0
31046,0
31047,0
31048,0
31049,0
31050,0
31051,0
31052,0
31053,0
31054,0
31055,31
31056,0
31057,0
31058,0
31059,0
31060,0
31061,32
31062,0
31063,0
31064,0
31065,0
31066,0
31067,51
31068,0
31069,0
31070,0
31071,0
31072,0
31073,0
31074,0
31075,0
31076,0
31077,0
31078,59
31079,0
31080,0
31081,33
31082,0
31083,0
31084,0
31085,0
31086,0
31087,0
31088,0
31089,0
31090,0
31091,0
31092,0
31093,0
31094,0
31095,0
31096,0
31097,0
31098,0
31099,0
31100,0
31101,40
31102,48
31103,38
31104,75
31105,0
31106,0
31107,0
31108,0
31109,0
31110,0
31111,0
31112,0
31113,0
31114,0
31115,49
31116,21
31117,25
31118,33
31119,0
31120,0
31121,0
31122,36
31123,0
31124,47
31125,0
31126,0
31127,0
31128,0
31129,0
31130,0
31131,35
31132,0
31133,0
31134,0
31135,0
31136,0
31137,40
31138,0
31139,0
31140,0
31141,0
31142,0
31143,0
31144,0
31145,0
31146,0
31147,0
31148,46
31149,0
31150,0
31151,0
31152,0
31153,27
31154,0
31155,0
31156,0
31157,0
31158,43
31159,49
31160,0
31161,0
31162,0
31163,0
31164,0
31165,0
31166,38
31167,0
31168,0
31169,33
31170,0
31171,29
31172,0
31173,0
31174,0
31175,0
31176,45
31177,0
31178,22
31179,0
31180,0
31181,0
31182,35
31183,0
31184,0
31185,0
31186,0
31187,0
31188,0
31189,0
31190,0
31191,0
31192,0
31193,0
31194,0
31195,0
31196,0
31197,0
31198,0
31199,0
31200,46
31201,44
31202,0
31203,40
31204,0
31205,0
31206,0
31207,0
31208,0
31209,0
31210,0
31211,0
31212,0
31213,45
31214,0
31215,28
31216,0
31217,28
31218,0
31219,0
31220,0
31221,0
31222,0
31223,0
31224,56
31225,0
31226,49
31227,0
31228,24
31229,0
31230,41
31231,0
31232,0
31233,0
31234,0
31235,0
31236,0
31237,0
31238,0
31239,0
31240,0
31241,48
31242,43
31243,0
31244,0
31245,0
31246,0
31247,0
31248,0
31249,0
31250,0
31251,0
31252,0
31253,0
31254,40
31255,53
31256,0
31257,36
31258,0
31259,0
31260,0
31261,0
31262,23
31263,0
31264,0
31265,0
31266,0
31267,0
31268,0
31269,0
31270,31
31271,0
31272,0
31273,0
31274,31
31275,0
31276,0
31277,0
31278,0
31279,0
31280,0
31281,0
31282,0
31283,0
31284,0
31285,0
31286,0
31287,0
31288,0
31289,46
31290,29
31291,0
31292,0
31293,0
31294,0
31295,38
31296,0
31297,0
31298,23
31299,32
31300,0
31301,0
31302,0
31303,0
31304,27
31305,0
31306,0
31307,0
31308,25
31309,36
31310,31
31311,0
31312,0
31313,0
31314,0
31315,0
31316,0
31317,0
31318,0
31319,46
31320,0
31321,40
31322,32
31323,0
31324,53
31325,0
31326,56
31327,0
31328,0
31329,0
31330,0
31331,0
31332,0
31333,0
31334,0
31335,0
31336,0
31337,41
31338,0
31339,0
31340,0
31341,0
31342,0
31343,32
31344,43
31345,0
31346,0
31347,0
31348,0
31349,63
31350,0
31351,0
31352,0
31353,0
31354,0
31355,0
31356,28
31357,46
31358,0
31359,0
31360,27
31361,0
31362,0
31363,0
31364,27
31365,0
31366,35
31367,0
31368,0
31369,32
31370,42
31371,46
31372,0
31373,0
31374,0
31375,0
31376,0
31377,0
31378,0
31379,0
31380,0
31381,30
31382,0
31383,0
31384,0
31385,0
31386,0
31387,0
31388,0
31389,33
31390,0
31391,0
31392,0
31393,0
31394,0
31395,0
31396,29
31397,0
31398,0
31399,0
31400,0
31401,0
31402,0
31403,0
31404,0
31405,0
31406,48
31407,0
31408,0
31409,0
31410,0
31411,0
31412,0
31413,0
31414,0
31415,30
31416,36
31417,0
31418,0
31419,0
31420,0
31421,0
31422,0
31423,0
31424,0
31425,0
31426,0
31427,25
31428,0
31429,0
31430,0
31431,0
31432,0
31433,0
31434,59
31435,0
31436,0
31437,0
31438,0
31439,0
31440,0
31441,0
31442,0
31443,0
31444,0
31445,0
31446,0
31447,0
31448,0
31449,0
31450,0
31451,0
31452,0
31453,0
31454,40
31455,25
31456,0
31457,0
31458,0
31459,71
31460,0
31461,0
31462,42
31463,0
31464,53
31465,0
31466,33
31467,0
31468,0
31469,0
31470,0
31471,63
31472,33
31473,0
31474,0
31475,0
31476,0
31477,0
31478,0
31479,0
31480,0
31481,0
31482,27
31483,0
31484,73
31485,0
31486,0
31487,0
31488,0
31489,36
31490,0
31491,30
31492,0
31493,0
31494,0
31495,0
31496,0
31497,0
31498,32
31499,0
31500,0
31501,0
31502,0
31503,0
31504,0
31505,0
31506,0
31507,0
31508,0
31509,0
31510,0
31511,0
31512,0
31513,0
31514,37
31515,0
31516,42
31517,0
31518,0
31519,0
31520,0
31521,0
31522,0
31523,0
31524,0
31525,0
31526,0
31527,0
31528,0
31529,0
31530,0
31531,57
31532,0
31533,0
31534,26
31535,0
31536,0
31537,0
31538,0
31539,0
31540,0
31541,0
31542,0
31543,0
31544,0
31545,33
31546,0
31547,0
31548,0
31549,28
31550,0
31551,20
31552,0
31553,0
31554,0
31555,27
31556,0
31557,0
31558,0
31559,0
31560,26
31561,27
31562,0
31563,49
31564,0
31565,0
31566,0
31567,0
31568,0
31569,38
31570,0
31571,0
31572,0
31573,0
31574,42
31575,0
31576,0
31577,0
31578,0
31579,0
31580,53
31581,0
31582,0
31583,0
31584,40
31585,0
31586,0
31587,0
31588,0
31589,0
31590,0
31591,0
31592,0
31593,0
31594,51
31595,36
31596,0
31597,0
31598,0
31599,0
31600,0
31601,34
31602,0
31603,0
31604,0
31605,0
31606,0
31607,0
31608,0
31609,0
31610,0
31611,0
31612,0
31613,0
31614,0
31615,0
31616,0
31617,0
31618,0
31619,0
31620,0
31621,0
31622,0
31623,0
31624,0
31625,0
31626,0
31627,0
31628,0
31629,0
31630,0
31631,0
31632,0
31633,0
31634,0
31635,0
31636,0
31637,0
31638,0
31639,0
31640,0
31641,0
31642,0
31643,0
31644,0
31645,0
31646,0
31647,0
31648,0
31649,0
31650,0
31651,0
31652,0
31653,0
31654,0
31655,0
31656,0
31657,0
31658,0
31659,0
31660,0
31661,0
31662,0
31663,0
31664,0
31665,0
31666,0
31667,0
31668,0
31669,0
31670,0
31671,0
31672,0
31673,0
31674,0
31675,0
31676,0
31677,0
31678,0
31679,0
31680,0
31681,0
31682,0
31683,0
31684,0
31685,0
31686,0
31687,0
31688,0
31689,0
31690,0
31691,0
31692,0
31693,0
31694,0
31695,0
31696,0
31697,0
31698,0
31699,0
31700,0
31701,0
31702,0
31703,0
31704,0
31705,0
31706,0
31707,0
31708,0
31709,0
31710,0
31711,0
31712,0
31713,0
31714,0
31715,0
31716,0
31717,0
31718,0
31719,0
31720,0
31721,0
31722,0
31723,0
31724,0
31725,0
31726,0
31727,0
31728,0
31729,0
31730,0
31731,0
31732,0
31733,0
31734,0
31735,0
31736,0
31737,0
31738,0
31739,0
31740,0
31741,0
31742,0
31743,0
31744,0
31745,0
31746,0
31747,0
31748,0
31749,0
31750,0
31751,0
31752,0
31753,0
31754,0
31755,0
31756,0
31757,0
31758,0
31759,0
31760,0
31761,0
31762,0
31763,0
31764,0
31765,0
31766,0
31767,0
31768,0
31769,0
31770,0
31771,0
31772,0
31773,0
31774,0
31775,0
31776,0
31777,0
31778,0
31779,0
31780,0
31781,0
31782,0
31783,0
31784,0
31785,0
31786,0
31787,0
31788,0
31789,0
31790,0
31791,0
31792,0
31793,0
31794,0
31795,0
31796,1
31797,0
31798,0
31799,0
31800,0
31801,0
31802,0
31803,0
31804,0
31805,0
31806,0
31807,0
31808,0
31809,0
31810,0
31811,0
31812,0
31813,0
31814,0
31815,0
31816,0
31817,0
31818,0
31819,0
31820,0
31821,0
31822,0
31823,0
31824,1
31825,0
31826,0
31827,0
31828,0
31829,0
31830,0
31831,0
31832,0
31833,0
31834,0
31835,0
31836,0
31837,0
31838,0
31839,0
31840,0
31841,0
31842,0
31843,0
31844,0
31845,0
31846,0
31847,0
31848,0
31849,0
31850,0
31851,0
31852,0
31853,0
31854,0
31855,0
31856,0
31857,0
31858,0
31859,0
31860,0
31861,0
31862,0
31863,0
31864,0
31865,0
31866,0
31867,1
31868,0
31869,0
31870,0
31871,0
31872,0
31873,0
31874,0
31875,0
31876,0
31877,0
31878,0
31879,0
31880,0
31881,0
31882,0
31883,0
31884,0
31885,0
31886,0
31887,0
31888,0
31889,0
31890,0
31891,0
31892,0
31893,0
31894,0
31895,0
31896,0
31897,0
31898,0
31899,0
31900,0
31901,0
31902,0
31903,25
31904,0
31905,0
31906,46
31907,0
31908,0
31909,0
31910,0
31911,0
31912,0
31913,0
31914,0
31915,0
31916,0
31917,0
31918,0
31919,0
31920,0
31921,0
31922,0
31923,0
31924,42
31925,0
31926,0
31927,47
31928,0
31929,0
31930,0
31931,0
31932,0
31933,0
31934,58
31935,46
31936,0
31937,0
31938,40
31939,0
31940,28
31941,0
31942,31
31943,0
31944,0
31945,44
31946,49
31947,0
31948,0
31949,0
31950,26
31951,0
31952,68
31953,36
31954,0
31955,0
31956,0
31957,43
31958,0
31959,0
31960,0
31961,42
31962,32
31963,24
31964,0
31965,0
31966,0
31967,0
31968,36
31969,0
31970,0
31971,0
31972,35
31973,46
31974,32
31975,0
31976,0
31977,0
31978,0
31979,46
31980,0
31981,0
31982,0
31983,0
31984,0
31985,46
31986,33
31987,0
31988,0
31989,39
31990,50
31991,51
31992,0
31993,36
31994,0
31995,0
31996,30
31997,0
31998,0
31999,0
32000,0
32001,34
32002,53
32003,0
32004,26
32005,0
32006,0
32007,0
32008,0
32009,0
32010,0
32011,43
32012,35
32013,49
32014,37
32015,0
32016,0
32017,0
32018,0
32019,0
32020,0
32021,0
32022,25
32023,0
32024,46
32025,0
32026,0
32027,0
32028,0
32029,0
32030,0
32031,0
32032,26
32033,0
32034,0
32035,0
32036,0
32037,0
32038,0
32039,0
32040,0
32041,0
32042,0
32043,0
32044,0
32045,0
32046,37
32047,42
32048,42
32049,0
32050,0
32051,0
32052,0
32053,0
32054,0
32055,0
32056,0
32057,0
32058,0
32059,0
32060,0
32061,39
32062,0
32063,0
32064,0
32065,0
32066,0
32067,0
32068,0
32069,0
32070,30
32071,29
32072,0
32073,77
32074,0
32075,0
32076,0
32077,55
32078,0
32079,0
32080,0
32081,30
32082,39
32083,27
32084,49
32085,0
32086,0
32087,0
32088,0
32089,56
32090,0
32091,37
32092,0
32093,0
32094,0
32095,0
32096,0
32097,0
32098,35
32099,0
32100,29
32101,0
32102,0
32103,0
32104,40
32105,32
32106,0
32107,0
32108,0
32109,0
32110,0
32111,0
32112,0
32113,0
32114,28
32115,0
32116,0
32117,0
32118,0
32119,49
32120,0
32121,0
32122,0
32123,0
32124,0
32125,0
32126,0
32127,0
32128,0
32129,0
32130,0
32131,0
32132,0
32133,0
32134,0
32135,0
32136,0
32137,0
32138,0
32139,0
32140,0
32141,57
32142,0
32143,0
32144,44
32145,0
32146,0
32147,40
32148,0
32149,0
32150,0
32151,0
32152,0
32153,0
32154,53
32155,0
32156,0
32157,0
32158,0
32159,0
32160,0
32161,61
32162,0
32163,0
32164,41
32165,0
32166,0
32167,47
32168,0
32169,0
32170,30
32171,0
32172,59
32173,0
32174,0
32175,0
32176,0
32177,0
32178,33
32179,39
32180,0
32181,0
32182,36
32183,0
32184,0
32185,0
32186,0
32187,0
32188,0
32189,0
32190,0
32191,28
32192,0
32193,0
32194,0
32195,21
32196,0
32197,0
32198,0
32199,0
32200,38
32201,0
32202,0
32203,0
32204,0
32205,76
32206,0
32207,0
32208,0
32209,0
32210,45
32211,0
32212,54
32213,0
32214,0
32215,45
32216,0
32217,0
32218,0
32219,0
32220,0
32221,37
32222,0
32223,0
32224,30
32225,0
32226,0
32227,0
32228,38
32229,49
32230,0
32231,0
32232,0
32233,0
32234,48
32235,0
32236,38
32237,0
32238,0
32239,0
32240,0
32241,0
32242,0
32243,0
32244,0
32245,0
32246,0
32247,0
32248,0
32249,0
32250,0
32251,0
32252,44
32253,24
32254,28
32255,0
32256,0
32257,0
32258,0
32259,0
32260,48
32261,0
32262,0
32263,0
32264,0
32265,0
32266,0
32267,0
32268,59
32269,0
32270,0
32271,0
32272,53
32273,32
32274,0
32275,37
32276,0
32277,0
32278,0
32279,0
32280,0
32281,0
32282,0
32283,0
32284,53
32285,0
32286,51
32287,0
32288,42
32289,0
32290,0
32291,0
32292,0
32293,0
32294,0
32295,0
32296,0
32297,0
32298,0
32299,0
32300,0
32301,0
32302,0
32303,0
32304,0
32305,41
32306,0
32307,19
32308,0
32309,0
32310,0
32311,51
32312,0
32313,49
32314,0
32315,0
32316,0
32317,0
32318,0
32319,0
32320,0
32321,0
32322,0
32323,0
32324,0
32325,0
32326,0
32327,0
32328,0
32329,0
32330,0
32331,0
32332,0
32333,0
32334,0
32335,0
32336,0
32337,0
32338,0
32339,0
32340,0
32341,0
32342,34
32343,0
32344,0
32345,26
32346,0
32347,35
32348,0
32349,43
32350,36
32351,0
32352,19
32353,0
32354,0
32355,0
32356,0
32357,0
32358,0
32359,0
32360,0
32361,0
32362,0
32363,0
32364,0
32365,0
32366,0
32367,0
32368,0
32369,0
32370,0
32371,29
32372,0
32373,0
32374,0
32375,0
32376,0
32377,0
32378,0
32379,23
32380,0
32381,0
32382,34
32383,0
32384,0
32385,47
32386,0
32387,0
32388,34
32389,0
32390,0
32391,0
32392,0
32393,0
32394,0
32395,0
32396,0
32397,0
32398,0
32399,27
32400,50
32401,0
32402,29
32403,0
32404,0
32405,0
32406,0
32407,0
32408,0
32409,32
32410,0
32411,0
32412,31
32413,0
32414,89
32415,0
32416,0
32417,0
32418,0
32419,0
32420,0
32421,53
32422,0
32423,48
32424,0
32425,0
32426,0
32427,0
32428,44
32429,0
32430,0
32431,0
32432,0
32433,37
32434,0
32435,0
32436,0
32437,54
32438,39
32439,55
32440,0
32441,0
32442,33
32443,0
32444,0
32445,0
32446,0
32447,33
32448,0
32449,0
32450,0
32451,0
32452,0
32453,0
32454,0
32455,20
32456,47
32457,0
32458,54
32459,0
32460,0
32461,0
32462,0
32463,37
32464,0
32465,0
32466,0
32467,0
32468,0
32469,0
32470,0
32471,39
32472,53
32473,0
32474,46
32475,0
32476,0
32477,37
32478,49
32479,0
32480,0
32481,0
32482,35
32483,0
32484,0
32485,51
32486,0
32487,0
32488,0
32489,0
32490,0
32491,0
32492,0
32493,47
32494,0
32495,0
32496,0
32497,0
32498,0
32499,52
32500,0
32501,0
32502,36
32503,0
32504,0
32505,0
32506,0
32507,0
32508,0
32509,0
32510,0
32511,37
32512,0
32513,41
32514,0
32515,0
32516,0
32517,20
32518,0
32519,0
32520,0
32521,0
32522,0
32523,0
32524,0
32525,0
32526,0
32527,0
32528,0
32529,0
32530,0
32531,0
32532,0
32533,0
32534,36
32535,0
32536,0
32537,0
32538,0
32539,0
32540,0
32541,0
32542,0
32543,0
32544,0
32545,0
32546,0
32547,0
32548,0
32549,0
32550,0
32551,21
32552,0
32553,0
32554,0
32555,0
32556,0
32557,0
32558,0
32559,0
32560,0
32561,0
32562,0
32563,0
32564,0
32565,26
32566,0
32567,0
32568,0
32569,0
32570,0
32571,0
32572,0
32573,0
32574,26
32575,0
32576,0
32577,0
32578,0
32579,0
32580,0
32581,0
32582,0
32583,0
32584,0
32585,0
32586,0
32587,0
32588,0
32589,0
32590,0
32591,0
32592,0
32593,0
32594,0
32595,0
32596,0
32597,0
32598,0
32599,32
32600,0
32601,0
32602,0
32603,16
32604,0
32605,0
32606,0
32607,0
32608,0
32609,17
32610,0
32611,0
32612,0
32613,16
32614,0
32615,26
32616,0
32617,0
32618,0
32619,0
32620,0
32621,28
32622,0
32623,0
32624,0
32625,0
32626,0
32627,0
32628,18
32629,0
32630,0
32631,0
32632,19
32633,0
32634,0
32635,0
32636,0
32637,0
32638,0
32639,0
32640,0
32641,25
32642,17
32643,0
32644,0
32645,0
32646,27
32647,23
32648,0
32649,0
32650,0
32651,0
32652,0
32653,27
32654,0
32655,0
32656,0
32657,29
32658,0
32659,0
32660,0
32661,0
32662,0
32663,28
32664,0
32665,0
32666,0
32667,0
32668,0
32669,0
32670,0
32671,0
32672,0
32673,0
32674,0
32675,0
32676,0
32677,0
32678,15
32679,0
32680,0
32681,0
32682,0
32683,0
32684,0
32685,0
32686,0
32687,0
32688,0
32689,0
32690,0
32691,0
32692,0
32693,0
32694,0
32695,0
32696,0
32697,0
32698,0
32699,0
32700,0
32701,0
32702,0
32703,0
32704,0
32705,10
32706,0
32707,0
32708,0
32709,0
32710,0
32711,22
32712,0
32713,0
32714,0
32715,0
32716,13
32717,0
32718,0
32719,0
32720,0
32721,0
32722,0
32723,0
32724,0
32725,0
32726,0
32727,0
32728,0
32729,0
32730,0
32731,0
32732,13
32733,0
32734,0
32735,0
32736,0
32737,0
32738,0
32739,20
32740,0
32741,0
32742,0
32743,0
32744,0
32745,0
32746,0
32747,7
32748,18
32749,0
32750,14
32751,0
32752,0
32753,0
32754,10
32755,11
32756,0
32757,0
32758,0
32759,12
32760,0
32761,0
32762,0
32763,0
32764,13
32765,0
32766,0
32767,0
32768,0
32769,0
32770,27
32771,18
32772,0
32773,0
32774,0
32775,0
32776,0
32777,0
32778,0
32779,0
32780,0
32781,0
32782,0
32783,11
32784,0
32785,0
32786,0
32787,0
32788,0
32789,0
32790,0
32791,0
32792,0
32793,0
32794,0
32795,0
32796,0
32797,22
32798,0
32799,0
32800,0
32801,0
32802,0
32803,0
32804,0
32805,0
32806,14
32807,0
32808,0
32809,14
32810,0
32811,0
32812,0
32813,0
32814,0
32815,0
32816,0
32817,0
32818,0
32819,0
32820,0
32821,0
32822,0
32823,18
32824,0
32825,0
32826,0
32827,0
32828,0
32829,0
32830,0
32831,0
32832,0
32833,10
32834,11
32835,0
32836,0
32837,0
32838,0
32839,0
32840,0
32841,0
32842,0
32843,0
32844,0
32845,0
32846,12
32847,0
32848,0
32849,0
32850,0
32851,0
32852,0
32853,13
32854,0
32855,0
32856,0
32857,0
32858,0
32859,0
32860,0
32861,0
32862,0
32863,0
32864,0
32865,0
32866,0
32867,0
32868,0
32869,0
32870,0
32871,0
32872,0
32873,0
32874,0
32875,0
32876,0
32877,0
32878,0
32879,0
32880,0
32881,0
32882,0
32883,0
32884,0
32885,0
32886,0
32887,0
32888,0
32889,0
32890,0
32891,0
32892,0
32893,0
32894,0
32895,0
32896,0
32897,0
32898,0
32899,0
32900,0
32901,0
32902,0
32903,0
32904,0
32905,0
32906,0
32907,0
32908,0
32909,0
32910,0
32911,0
32912,0
32913,0
32914,0
32915,0
32916,0
32917,0
32918,12
32919,0
32920,0
32921,0
32922,0
32923,14
32924,0
32925,0
32926,0
32927,0
32928,0
32929,0
32930,0
32931,0
32932,0
32933,19
32934,0
32935,0
32936,0
32937,0
32938,0
32939,0
32940,0
32941,0
32942,0
32943,0
32944,0
32945,0
32946,0
32947,0
32948,0
32949,11
32950,15
32951,0
32952,0
32953,0
32954,0
32955,0
32956,0
32957,0
32958,0
32959,0
32960,0
32961,0
32962,0
32963,0
32964,0
32965,0
32966,0
32967,0
32968,0
32969,0
32970,0
32971,0
32972,0
32973,0
32974,0
32975,0
32976,0
32977,0
32978,0
32979,0
32980,0
32981,0
32982,0
32983,0
32984,17
32985,0
32986,0
32987,0
32988,0
32989,0
32990,0
32991,0
32992,0
32993,0
32994,0
32995,15
32996,0
32997,0
32998,10
32999,12
33000,0
33001,0
33002,12
33003,0
33004,0
33005,0
33006,0
33007,0
33008,0
33009,0
33010,0
33011,0
33012,0
33013,0
33014,0
33015,0
33016,0
33017,0
33018,0
33019,0
33020,0
33021,0
33022,0
33023,0
33024,0
33025,0
33026,0
33027,0
33028,0
33029,0
33030,0
33031,0
33032,13
33033,0
33034,0
33035,0
33036,0
33037,0
33038,0
33039,0
33040,0
33041,13
33042,0
33043,0
33044,0
33045,0
33046,0
33047,0
33048,0
33049,0
33050,0
33051,0
33052,0
33053,0
33054,15
33055,0
33056,0
33057,0
33058,0
33059,0
33060,0
33061,0
33062,0
33063,0
33064,0
33065,0
33066,0
33067,12
33068,20
33069,0
33070,0
33071,0
33072,13
33073,0
33074,19
33075,8
33076,0
33077,0
33078,0
33079,0
33080,0
33081,0
33082,0
33083,0
33084,0
33085,0
33086,0
33087,0
33088,0
33089,10
33090,0
33091,0
33092,0
33093,0
33094,0
33095,0
33096,0
33097,0
33098,0
33099,0
33100,0
33101,0
33102,0
33103,0
33104,22
33105,0
33106,0
33107,0
33108,0
33109,0
33110,0
33111,0
33112,0
33113,0
33114,0
33115,13
33116,8
33117,0
33118,12
33119,0
33120,0
33121,0
33122,0
33123,0
33124,0
33125,0
33126,0
33127,0
33128,0
33129,0
33130,0
33131,0
33132,0
33133,0
33134,0
33135,0
33136,0
33137,0
33138,0
33139,13
33140,0
33141,11
33142,14
33143,0
33144,0
33145,0
33146,0
33147,0
33148,0
33149,0
33150,0
33151,0
33152,0
33153,0
33154,9
33155,0
33156,5
33157,0
33158,0
33159,10
33160,0
33161,0
33162,0
33163,0
33164,0
33165,0
33166,0
33167,0
33168,0
33169,0
33170,0
33171,11
33172,0
33173,14
33174,0
33175,0
33176,0
33177,0
33178,0
33179,0
33180,0
33181,0
33182,0
33183,0
33184,0
33185,0
33186,0
33187,30
33188,40
33189,54
33190,19
33191,52
33192,0
33193,0
33194,25
33195,0
33196,51
33197,0
33198,11
33199,0
33200,36
33201,0
33202,0
33203,0
33204,0
33205,45
33206,35
33207,0
33208,0
33209,0
33210,44
33211,0
33212,32
33213,0
33214,0
33215,0
33216,0
33217,0
33218,0
33219,0
33220,0
33221,37
33222,0
33223,0
33224,0
33225,0
33226,50
33227,36
33228,62
33229,0
33230,0
33231,0
33232,38
33233,0
33234,0
33235,32
33236,37
33237,24
33238,0
33239,0
33240,0
33241,0
33242,0
33243,0
33244,0
33245,0
33246,41
33247,0
33248,0
33249,0
33250,0
33251,0
33252,0
33253,0
33254,0
33255,0
33256,0
33257,0
33258,34
33259,51
33260,0
33261,27
33262,0
33263,0
33264,40
33265,0
33266,0
33267,0
33268,0
33269,0
33270,22
33271,0
33272,0
33273,0
33274,35
33275,0
33276,38
33277,60
33278,27
33279,0
33280,0
33281,0
33282,39
33283,0
33284,0
33285,0
33286,0
33287,0
33288,0
33289,30
33290,40
33291,0
33292,0
33293,0
33294,0
33295,0
33296,0
33297,0
33298,0
33299,0
33300,0
33301,0
33302,0
33303,0
33304,0
33305,0
33306,0
33307,45
33308,0
33309,34
33310,0
33311,48
33312,28
33313,58
33314,0
33315,0
33316,0
33317,0
33318,0
33319,0
33320,0
33321,0
33322,0
33323,32
33324,43
33325,0
33326,30
33327,0
33328,0
33329,33
33330,0
33331,0
33332,37
33333,0
33334,0
33335,16
33336,0
33337,0
33338,0
33339,0
33340,0
33341,0
33342,0
33343,28
33344,0
33345,0
33346,33
33347,0
33348,0
33349,41
33350,0
33351,0
33352,0
33353,35
33354,0
33355,0
33356,0
33357,0
33358,0
33359,0
33360,0
33361,46
33362,0
33363,37
33364,0
33365,0
33366,26
33367,0
33368,0
33369,0
33370,0
33371,0
33372,0
33373,24
33374,0
33375,0
33376,0
33377,0
33378,0
33379,0
33380,37
33381,39
33382,45
33383,0
33384,0
33385,0
33386,0
33387,39
33388,0
33389,0
33390,0
33391,0
33392,0
33393,35
33394,0
33395,0
33396,0
33397,41
33398,0
33399,0
33400,0
33401,0
33402,0
33403,34
33404,0
33405,0
33406,0
33407,0
33408,0
33409,0
33410,32
33411,0
33412,0
33413,0
33414,0
33415,38
33416,0
33417,36
33418,42
33419,0
33420,0
33421,64
33422,0
33423,0
33424,0
33425,0
33426,0
33427,51
33428,25
33429,0
33430,52
33431,23
33432,41
33433,0
33434,0
33435,0
33436,0
33437,34
33438,46
33439,0
33440,0
33441,0
33442,27
33443,0
33444,0
33445,0
33446,0
33447,36
33448,0
33449,0
33450,30
33451,0
33452,35
33453,42
33454,45
33455,0
33456,44
33457,50
33458,43
33459,0
33460,0
33461,0
33462,29
33463,0
33464,0
33465,0
33466,33
33467,51
33468,46
33469,0
33470,0
33471,0
33472,38
33473,0
33474,44
33475,0
33476,41
33477,0
33478,0
33479,0
33480,0
33481,29
33482,0
33483,37
33484,0
33485,0
33486,0
33487,0
33488,0
33489,0
33490,0
33491,0
33492,0
33493,0
33494,0
33495,0
33496,37
33497,39
33498,0
33499,0
33500,0
33501,0
33502,20
33503,0
33504,0
33505,0
33506,0
33507,0
33508,41
33509,0
33510,47
33511,0
33512,0
33513,0
33514,0
33515,0
33516,0
33517,0
33518,0
33519,0
33520,0
33521,39
33522,33
33523,46
33524,41
33525,0
33526,0
33527,0
33528,0
33529,40
33530,21
33531,0
33532,0
33533,0
33534,0
33535,51
33536,0
33537,0
33538,34
33539,39
33540,0
33541,0
33542,0
33543,0
33544,0
33545,0
33546,33
33547,0
33548,0
33549,0
33550,0
33551,39
33552,0
33553,39
33554,0
33555,0
33556,0
33557,0
33558,0
33559,0
33560,0
33561,0
33562,0
33563,32
33564,0
33565,0
33566,35
33567,0
33568,0
33569,0
33570,0
33571,35
33572,0
33573,0
33574,0
33575,0
33576,0
33577,0
33578,0
33579,0
33580,0
33581,37
33582,33
33583,33
33584,0
33585,0
33586,0
33587,0
33588,50
33589,44
33590,26
33591,0
33592,39
33593,0
33594,0
33595,0
33596,0
33597,37
33598,0
33599,0
33600,22
33601,0
33602,0
33603,0
33604,0
33605,0
33606,0
33607,0
33608,0
33609,33
33610,0
33611,41
33612,28
33613,0
33614,0
33615,0
33616,25
33617,0
33618,0
33619,26
33620,0
33621,0
33622,0
33623,0
33624,0
33625,39
33626,0
33627,0
33628,0
33629,0
33630,36
33631,0
33632,0
33633,0
33634,0
33635,58
33636,31
33637,0
33638,0
33639,0
33640,0
33641,0
33642,0
33643,0
33644,0
33645,39
33646,0
33647,0
33648,0
33649,30
33650,19
33651,0
33652,0
33653,40
33654,29
33655,0
33656,29
33657,0
33658,0
33659,0
33660,0
33661,0
33662,0
33663,40
33664,0
33665,0
33666,56
33667,37
33668,38
33669,0
33670,0
33671,0
33672,37
33673,0
33674,0
33675,0
33676,0
33677,0
33678,27
33679,0
33680,0
33681,0
33682,0
33683,0
33684,0
33685,0
33686,0
33687,25
33688,0
33689,0
33690,0
33691,0
33692,0
33693,0
33694,0
33695,0
33696,0
33697,43
33698,0
33699,33
33700,37
33701,0
33702,0
33703,0
33704,44
33705,0
33706,0
33707,41
33708,0
33709,0
33710,0
33711,0
33712,0
33713,41
33714,0
33715,0
33716,23
33717,0
33718,37
33719,0
33720,32
33721,0
33722,49
33723,0
33724,0
33725,0
33726,49
33727,40
33728,0
33729,34
33730,0
33731,41
33732,0
33733,0
33734,28
33735,0
33736,0
33737,0
33738,0
33739,26
33740,0
33741,0
33742,0
33743,0
33744,53
33745,0
33746,0
33747,0
33748,43
33749,0
33750,48
33751,0
33752,0
33753,27
33754,35
33755,0
33756,0
33757,40
33758,0
33759,27
33760,0
33761,0
33762,0
33763,0
33764,0
33765,24
33766,28
33767,46
33768,0
33769,0
33770,0
33771,0
33772,78
33773,43
33774,51
33775,31
33776,41
33777,0
33778,0
33779,0
33780,25
33781,0
33782,48
33783,0
33784,0
33785,0
33786,0
33787,38
33788,0
33789,0
33790,39
33791,0
33792,31
33793,0
33794,0
33795,0
33796,41
33797,37
33798,43
33799,60
33800,0
33801,0
33802,0
33803,0
33804,45
33805,0
33806,0
33807,0
33808,0
33809,38
33810,0
33811,31
33812,45
33813,0
33814,0
33815,36
33816,32
33817,24
33818,0
33819,0
33820,0
33821,0
33822,0
33823,0
33824,0
33825,0
33826,52
33827,32
33828,0
33829,0
33830,0
33831,0
33832,0
33833,0
33834,0
33835,55
33836,42
33837,0
33838,46
33839,23
33840,40
33841,0
33842,0
33843,36
33844,0
33845,26
33846,0
33847,0
33848,0
33849,0
33850,0
33851,0
33852,0
33853,27
33854,36
33855,0
33856,34
33857,22
33858,40
33859,33
33860,0
33861,0
33862,0
33863,0
33864,36
33865,51
33866,0
33867,0
33868,0
33869,0
33870,37
33871,0
33872,0
33873,0
33874,32
33875,0
33876,38
33877,0
33878,0
33879,34
33880,0
33881,0
33882,0
33883,45
33884,0
33885,0
33886,0
33887,0
33888,29
33889,0
33890,0
33891,0
33892,33
33893,0
33894,38
33895,35
33896,0
33897,45
33898,37
33899,31
33900,0
33901,0
33902,0
33903,0
33904,0
33905,0
33906,0
33907,0
33908,0
33909,0
33910,0
33911,0
33912,0
33913,38
33914,23
33915,0
33916,0
33917,0
33918,0
33919,37
33920,0
33921,47
33922,0
33923,0
33924,35
33925,0
33926,0
33927,0
33928,0
33929,0
33930,0
33931,0
33932,0
33933,30
33934,0
33935,0
33936,0
33937,0
33938,0
33939,0
33940,0
33941,30
33942,36
33943,32
33944,34
33945,0
33946,0
33947,40
33948,0
33949,49
33950,0
33951,0
33952,0
33953,0
33954,43
33955,44
33956,0
33957,0
33958,0
33959,0
33960,0
33961,0
33962,0
33963,58
33964,0
33965,0
33966,0
33967,0
33968,0
33969,0
33970,0
33971,0
33972,0
33973,0
33974,0
33975,0
33976,0
33977,39
33978,0
33979,0
33980,44
33981,0
33982,0
33983,0
33984,0
33985,0
33986,0
33987,0
33988,0
33989,28
33990,0
33991,0
33992,26
33993,32
33994,0
33995,0
33996,0
33997,0
33998,0
33999,56
34000,54
34001,0
34002,0
34003,0
34004,27
34005,0
34006,22
34007,0
34008,0
34009,0
34010,0
34011,0
34012,0
34013,0
34014,0
34015,0
34016,0
34017,0
34018,0
34019,29
34020,0
34021,0
34022,28
34023,0
34024,0
34025,0
34026,0
34027,15
34028,0
34029,0
34030,0
34031,0
34032,0
34033,18
34034,0
34035,0
34036,0
34037,0
34038,0
34039,22
34040,0
34041,0
34042,0
34043,0
34044,0
34045,0
34046,26
34047,27
34048,0
34049,0
34050,25
34051,0
34052,0
34053,0
34054,22
34055,0
34056,0
34057,0
34058,0
34059,0
34060,0
34061,0
34062,0
34063,0
34064,0
34065,0
34066,0
34067,0
34068,0
34069,0
34070,0
34071,23
34072,0
34073,0
34074,0
34075,0
34076,23
34077,0
34078,0
34079,0
34080,0
34081,0
34082,0
34083,0
34084,22
34085,0
34086,0
34087,0
34088,0
34089,0
34090,14
34091,0
34092,0
34093,0
34094,0
34095,0
34096,0
34097,0
34098,0
34099,33
34100,0
34101,0
34102,0
34103,0
34104,0
34105,25
34106,0
34107,0
34108,0
34109,18
34110,0
34111,26
34112,0
34113,0
34114,0
34115,21
34116,0
34117,0
34118,23
34119,0
34120,0
34121,0
34122,19
34123,14
34124,0
34125,0
34126,0
34127,0
34128,0
34129,0
34130,0
34131,0
34132,0
34133,0
34134,0
34135,18
34136,0
34137,0
34138,0
34139,0
34140,28
34141,0
34142,12
34143,0
34144,0
34145,19
34146,0
34147,0
34148,0
34149,0
34150,0
34151,0
34152,27
34153,34
34154,31
34155,0
34156,0
34157,0
34158,0
34159,20
34160,27
34161,0
34162,0
34163,0
34164,0
34165,0
34166,0
34167,0
34168,0
34169,0
34170,0
34171,0
34172,0
34173,23
34174,24
34175,0
34176,0
34177,28
34178,0
34179,0
34180,0
34181,0
34182,0
34183,35
34184,32
34185,0
34186,0
34187,31
34188,0
34189,0
34190,0
34191,0
34192,0
34193,0
34194,0
34195,0
34196,0
34197,0
34198,0
34199,0
34200,0
34201,0
34202,0
34203,0
34204,27
34205,0
34206,0
34207,23
34208,23
34209,0
34210,0
34211,0
34212,0
34213,22
34214,0
34215,33
34216,0
34217,0
34218,0
34219,0
34220,28
34221,0
34222,0
34223,16
34224,0
34225,0
34226,0
34227,17
34228,0
34229,0
34230,0
34231,0
34232,0
34233,19
34234,0
34235,0
34236,0
34237,0
34238,0
34239,22
34240,0
34241,0
34242,0
34243,0
34244,0
34245,28
34246,0
34247,0
34248,0
34249,0
34250,0
34251,21
34252,0
34253,0
34254,0
34255,0
34256,0
34257,0
34258,0
34259,0
34260,0
34261,0
34262,0
34263,0
34264,0
34265,0
34266,0
34267,35
34268,0
34269,0
34270,0
34271,20
34272,25
34273,0
34274,0
34275,0
34276,0
34277,0
34278,0
34279,0
34280,0
34281,0
34282,0
34283,0
34284,31
34285,28
34286,0
34287,0
34288,0
34289,29
34290,24
34291,0
34292,0
34293,0
34294,0
34295,0
34296,0
34297,0
34298,33
34299,0
34300,0
34301,0
34302,0
34303,30
34304,18
34305,0
34306,0
34307,0
34308,0
34309,0
34310,0
34311,37
34312,0
34313,0
34314,0
34315,0
34316,0
34317,0
34318,0
34319,0
34320,0
34321,0
34322,0
34323,0
34324,37
34325,0
34326,20
34327,26
34328,0
34329,27
34330,0
34331,0
34332,28
34333,27
34334,22
34335,31
34336,18
34337,0
34338,0
34339,12
34340,0
34341,0
34342,0
34343,0
34344,0
34345,0
34346,29
34347,0
34348,19
34349,0
34350,0
34351,0
34352,23
34353,0
34354,26
34355,34
34356,0
34357,0
34358,48
34359,0
34360,0
34361,0
34362,0
34363,0
34364,33
34365,0
34366,0
34367,19
34368,13
34369,0
34370,0
34371,0
34372,0
34373,38
34374,0
34375,34
34376,23
34377,0
34378,0
34379,0
34380,23
34381,0
34382,0
34383,0
34384,0
34385,24
34386,20
34387,34
34388,0
34389,30
34390,0
34391,18
34392,0
34393,0
34394,0
34395,0
34396,0
34397,14
34398,0
34399,16
34400,0
34401,20
34402,0
34403,0
34404,0
34405,0
34406,0
34407,26
34408,0
34409,0
34410,0
34411,0
34412,0
34413,0
34414,23
34415,23
34416,0
34417,0
34418,0
34419,0
34420,0
34421,36
34422,16
34423,0
34424,19
34425,0
34426,31
34427,26
34428,27
34429,0
34430,0
34431,0
34432,0
34433,0
34434,0
34435,0
34436,28
34437,0
34438,0
34439,0
34440,0
34441,0
34442,0
34443,0
34444,0
34445,0
34446,0
34447,0
34448,0
34449,0
34450,22
34451,0
34452,0
34453,30
34454,9
34455,0
34456,19
34457,0
34458,0
34459,0
34460,0
34461,0
34462,0
34463,15
34464,0
34465,0
34466,0
34467,0
34468,36
34469,0
34470,30
34471,0
34472,0
34473,0
34474,32
34475,12
34476,0
34477,0
34478,0
34479,37
34480,0
34481,0
34482,0
34483,0
34484,0
34485,29
34486,0
34487,0
34488,0
34489,0
34490,0
34491,0
34492,0
34493,22
34494,0
34495,36
34496,0
34497,16
34498,0
34499,0
34500,21
34501,19
34502,0
34503,0
34504,16
34505,0
34506,0
34507,39
34508,0
34509,0
34510,0
34511,0
34512,0
34513,0
34514,0
34515,34
34516,0
34517,0
34518,0
34519,0
34520,29
34521,0
34522,0
34523,0
34524,0
34525,0
34526,0
34527,0
34528,23
34529,0
34530,0
34531,0
34532,0
34533,0
34534,0
34535,34
34536,0
34537,33
34538,0
34539,0
34540,0
34541,22
34542,0
34543,35
34544,0
34545,0
34546,0
34547,0
34548,21
34549,0
34550,0
34551,16
34552,0
34553,0
34554,0
34555,0
34556,0
34557,0
34558,30
34559,31
34560,21
34561,0
34562,0
34563,0
34564,0
34565,0
34566,33
34567,28
34568,0
34569,0
34570,0
34571,0
34572,0
34573,0
34574,0
34575,31
34576,0
34577,14
34578,0
34579,0
34580,0
34581,33
34582,0
34583,0
34584,17
34585,0
34586,0
34587,0
34588,20
34589,0
34590,42
34591,21
34592,0
34593,0
34594,0
34595,0
34596,0
34597,0
34598,0
34599,0
34600,29
34601,0
34602,0
34603,0
34604,0
34605,0
34606,8
34607,0
34608,0
34609,0
34610,0
34611,29
34612,0
34613,0
34614,47
34615,0
34616,26
34617,0
34618,0
34619,0
34620,21
34621,18
34622,0
34623,0
34624,0
34625,0
34626,0
34627,0
34628,0
34629,0
34630,24
34631,0
34632,0
34633,0
34634,0
34635,0
34636,0
34637,42
34638,0
34639,0
34640,0
34641,0
34642,33
34643,0
34644,0
34645,0
34646,0
34647,0
34648,22
34649,0
34650,0
34651,0
34652,27
34653,0
34654,0
34655,0
34656,0
34657,0
34658,0
34659,16
34660,0
34661,0
34662,0
34663,0
34664,0
34665,0
34666,33
34667,0
34668,0
34669,23
34670,0
34671,21
34672,0
34673,0
34674,30
34675,0
34676,0
34677,0
34678,0
34679,17
34680,0
34681,0
34682,33
34683,0
34684,0
34685,0
34686,0
34687,0
34688,0
34689,38
34690,20
34691,0
34692,0
34693,0
34694,0
34695,0
34696,27
34697,0
34698,0
34699,24
34700,0
34701,0
34702,30
34703,0
34704,0
34705,0
34706,0
34707,29
34708,0
34709,38
34710,0
34711,0
34712,0
34713,0
34714,0
34715,0
34716,0
34717,0
34718,0
34719,0
34720,0
34721,0
34722,0
34723,0
34724,0
34725,17
34726,24
34727,0
34728,0
34729,0
34730,0
34731,0
34732,0
34733,0
34734,0
34735,0
34736,14
34737,0
34738,0
34739,0
34740,36
34741,0
34742,0
34743,0
34744,0
34745,0
34746,0
34747,0
34748,0
34749,0
34750,0
34751,0
34752,0
34753,0
34754,0
34755,20
34756,18
34757,0
34758,16
34759,0
34760,0
34761,0
34762,19
34763,42
34764,0
34765,0
34766,0
34767,0
34768,13
34769,33
34770,0
34771,27
34772,0
34773,21
34774,29
34775,0
34776,0
34777,0
34778,0
34779,0
34780,0
34781,21
34782,0
34783,0
34784,0
34785,37
34786,0
34787,22
34788,22
34789,0
34790,0
34791,23
34792,0
34793,0
34794,0
34795,0
34796,10
34797,0
34798,0
34799,0
34800,58
34801,0
34802,0
34803,0
34804,24
34805,0
34806,0
34807,0
34808,0
34809,0
34810,0
34811,0
34812,0
34813,10
34814,30
34815,0
34816,0
34817,0
34818,0
34819,0
34820,0
34821,0
34822,37
34823,0
34824,18
34825,0
34826,24
34827,33
34828,0
34829,0
34830,0
34831,0
34832,0
34833,0
34834,32
34835,0
34836,0
34837,20
34838,0
34839,0
34840,25
34841,0
34842,0
34843,0
34844,0
34845,0
34846,0
34847,0
34848,0
34849,0
34850,21
34851,0
34852,0
34853,34
34854,0
34855,30
34856,46
34857,0
34858,0
34859,0
34860,0
34861,0
34862,0
34863,29
34864,0
34865,0
34866,0
34867,27
34868,0
34869,34
34870,0
34871,0
34872,0
34873,0
34874,25
34875,0
34876,0
34877,0
34878,0
34879,0
34880,0
34881,18
34882,0
34883,0
34884,0
34885,0
34886,0
34887,0
34888,0
34889,0
34890,0
34891,29
34892,0
34893,35
34894,0
34895,0
34896,0
34897,0
34898,0
34899,35
34900,0
34901,0
34902,32
34903,0
34904,0
34905,0
34906,0
34907,0
34908,0
34909,0
34910,0
34911,0
34912,0
34913,0
34914,0
34915,0
34916,0
34917,27
34918,0
34919,0
34920,0
34921,0
34922,13
34923,0
34924,0
34925,0
34926,0
34927,0
34928,34
34929,29
34930,0
34931,0
34932,0
34933,0
34934,0
34935,28
34936,0
34937,0
34938,0
34939,0
34940,0
34941,0
34942,0
34943,0
34944,0
34945,0
34946,0
34947,34
34948,24
34949,0
34950,0
34951,0
34952,47
34953,36
34954,31
34955,0
34956,0
34957,0
34958,0
34959,31
34960,0
34961,0
34962,0
34963,0
34964,0
34965,0
34966,0
34967,20
34968,40
34969,0
34970,0
34971,32
34972,29
34973,0
34974,0
34975,0
34976,0
34977,0
34978,0
34979,0
34980,0
34981,31
34982,0
34983,0
34984,0
34985,33
34986,0
34987,0
34988,0
34989,0
34990,0
34991,0
34992,32
34993,0
34994,0
34995,0
34996,0
34997,26
34998,0
34999,0
35000,0
35001,19
35002,16
35003,0
35004,0
35005,0
35006,34
35007,0
35008,16
35009,0
35010,0
35011,0
35012,0
35013,0
35014,0
35015,35
35016,0
35017,0
35018,25
35019,0
35020,0
35021,0
35022,0
35023,0
35024,0
35025,33
35026,28
35027,34
35028,0
35029,0
35030,0
35031,0
35032,0
35033,0
35034,0
35035,16
35036,0
35037,21
35038,0
35039,0
35040,36
35041,0
35042,0
35043,0
35044,0
35045,0
35046,0
35047,0
35048,0
35049,0
35050,0
35051,0
35052,0
35053,0
35054,0
35055,0
35056,0
35057,0
35058,40
35059,36
35060,0
35061,43
35062,0
35063,0
35064,0
35065,0
35066,37
35067,0
35068,0
35069,0
35070,0
35071,0
35072,23
35073,0
35074,26
35075,0
35076,0
35077,0
35078,0
35079,0
35080,0
35081,0
35082,0
35083,0
35084,29
35085,0
35086,47
35087,27
35088,0
35089,0
35090,34
35091,28
35092,0
35093,23
35094,0
35095,0
35096,0
35097,0
35098,0
35099,0
35100,0
35101,0
35102,0
35103,0
35104,22
35105,0
35106,35
35107,18
35108,0
35109,0
35110,23
35111,31
35112,0
35113,0
35114,34
35115,0
35116,0
35117,0
35118,19
35119,0
35120,0
35121,0
35122,0
35123,28
35124,0
35125,0
35126,0
35127,0
35128,0
35129,0
35130,0
35131,0
35132,0
35133,0
35134,0
35135,31
35136,41
35137,0
35138,0
35139,0
35140,0
35141,0
35142,0
35143,0
35144,0
35145,31
35146,0
35147,0
35148,0
35149,0
35150,0
35151,0
35152,0
35153,0
35154,0
35155,0
35156,0
35157,26
35158,18
35159,0
35160,0
35161,0
35162,0
35163,0
35164,0
35165,0
35166,0
35167,0
35168,0
35169,0
35170,0
35171,0
35172,0
35173,0
35174,0
35175,28
35176,0
35177,0
35178,0
35179,0
35180,0
35181,0
35182,0
35183,0
35184,0
35185,0
35186,0
35187,26
35188,0
35189,0
35190,29
35191,0
35192,0
35193,0
35194,0
35195,0
35196,0
35197,0
35198,0
35199,0
35200,0
35201,0
35202,0
35203,0
35204,0
35205,0
35206,0
35207,0
35208,0
35209,39
35210,0
35211,0
35212,34
35213,0
35214,0
35215,0
35216,0
35217,0
35218,29
35219,0
35220,0
35221,0
35222,30
35223,0
35224,0
35225,0
35226,0
35227,0
35228,20
35229,0
35230,0
35231,27
35232,0
35233,0
35234,0
35235,25
35236,0
35237,0
35238,0
35239,0
35240,0
35241,0
35242,0
35243,0
35244,0
35245,0
35246,24
35247,0
35248,0
35249,0
35250,0
35251,0
35252,27
35253,0
35254,0
35255,0
35256,0
35257,0
35258,0
35259,0
35260,0
35261,0
35262,0
35263,0
35264,0
35265,0
35266,0
35267,39
35268,20
35269,0
35270,0
35271,0
35272,0
35273,0
35274,0
35275,0
35276,0
35277,0
35278,0
35279,23
35280,0
35281,0
35282,0
35283,44
35284,0
35285,0
35286,0
35287,22
35288,0
35289,0
35290,0
35291,0
35292,0
35293,0
35294,0
35295,0
35296,26
35297,0
35298,38
35299,0
35300,19
35301,0
35302,0
35303,0
35304,0
35305,0
35306,0
35307,36
35308,0
35309,0
35310,45
35311,0
35312,0
35313,0
35314,0
35315,0
35316,0
35317,0
35318,29
35319,0
35320,0
35321,0
35322,0
35323,0
35324,0
35325,28
35326,0
35327,0
35328,0
35329,0
35330,0
35331,0
35332,0
35333,37
35334,0
35335,31
35336,29
35337,0
35338,0
35339,26
35340,0
35341,0
35342,0
35343,0
35344,30
35345,0
35346,42
35347,0
35348,0
35349,0
35350,0
35351,0
35352,24
35353,0
35354,44
35355,0
35356,0
35357,0
35358,0
35359,0
35360,0
35361,0
35362,0
35363,21
35364,0
35365,0
35366,0
35367,0
35368,30
35369,0
35370,0
35371,0
35372,0
35373,0
35374,0
35375,0
35376,32
35377,0
35378,0
35379,0
35380,40
35381,0
35382,0
35383,0
35384,0
35385,0
35386,0
35387,35
35388,0
35389,0
35390,0
35391,0
35392,0
35393,0
35394,22
35395,0
35396,29
35397,0
35398,20
35399,0
35400,0
35401,0
35402,0
35403,0
35404,30
35405,0
35406,0
35407,0
35408,0
35409,0
35410,0
35411,0
35412,18
35413,0
35414,0
35415,26
35416,0
35417,0
35418,0
35419,0
35420,18
35421,0
35422,34
35423,0
35424,0
35425,0
35426,0
35427,31
35428,0
35429,0
35430,0
35431,0
35432,0
35433,23
35434,33
35435,0
35436,0
35437,0
35438,0
35439,0
35440,39
35441,0
35442,0
35443,0
35444,0
35445,0
35446,19
35447,13
35448,0
35449,0
35450,0
35451,0
35452,0
35453,12
35454,0
35455,16
35456,0
35457,0
35458,0
35459,0
35460,0
35461,0
35462,0
35463,0
35464,0
35465,0
35466,0
35467,0
35468,0
35469,23
35470,0
35471,0
35472,0
35473,7
35474,0
35475,24
35476,9
35477,10
35478,16
35479,0
35480,0
35481,0
35482,0
35483,0
35484,0
35485,0
35486,0
35487,0
35488,0
35489,0
35490,0
35491,0
35492,0
35493,0
35494,0
35495,0
35496,0
35497,0
35498,0
35499,0
35500,0
35501,0
35502,0
35503,9
35504,0
35505,0
35506,0
35507,0
35508,0
35509,26
35510,0
35511,14
35512,0
35513,0
35514,0
35515,0
35516,0
35517,0
35518,0
35519,0
35520,0
35521,0
35522,0
35523,0
35524,0
35525,0
35526,0
35527,0
35528,0
35529,17
35530,0
35531,0
35532,0
35533,0
35534,0
35535,0
35536,0
35537,0
35538,0
35539,0
35540,0
35541,0
35542,0
35543,0
35544,0
35545,0
35546,0
35547,0
35548,0
35549,0
35550,0
35551,0
35552,0
35553,0
35554,0
35555,0
35556,0
35557,0
35558,0
35559,11
35560,0
35561,18
35562,0
35563,0
35564,0
35565,0
35566,0
35567,0
35568,0
35569,0
35570,0
35571,0
35572,0
35573,0
35574,0
35575,0
35576,0
35577,0
35578,0
35579,0
35580,0
35581,0
35582,0
35583,0
35584,0
35585,0
35586,0
35587,0
35588,14
35589,0
35590,0
35591,0
35592,0
35593,14
35594,0
35595,0
35596,0
35597,18
35598,0
35599,0
35600,0
35601,0
35602,0
35603,0
35604,15
35605,0
35606,0
35607,0
35608,0
35609,0
35610,0
35611,0
35612,0
35613,0
35614,0
35615,0
35616,14
35617,15
35618,15
35619,13
35620,0
35621,0
35622,0
35623,0
35624,0
35625,0
35626,0
35627,0
35628,0
35629,0
35630,0
35631,34
35632,0
35633,12
35634,0
35635,0
35636,0
35637,0
35638,17
35639,0
35640,0
35641,13
35642,0
35643,0
35644,12
35645,0
35646,0
35647,0
35648,0
35649,0
35650,0
35651,0
35652,0
35653,0
35654,0
35655,22
35656,0
35657,0
35658,0
35659,0
35660,0
35661,5
35662,20
35663,0
35664,0
35665,21
35666,11
35667,0
35668,0
35669,14
35670,0
35671,0
35672,0
35673,0
35674,0
35675,0
35676,0
35677,0
35678,17
35679,17
35680,0
35681,0
35682,0
35683,0
35684,0
35685,0
35686,0
35687,0
35688,0
35689,0
35690,0
35691,0
35692,0
35693,0
35694,0
35695,0
35696,22
35697,0
35698,11
35699,0
35700,0
35701,0
35702,0
35703,0
35704,20
35705,28
35706,0
35707,0
35708,0
35709,0
35710,0
35711,0
35712,0
35713,0
35714,0
35715,0
35716,0
35717,0
35718,0
35719,21
35720,0
35721,0
35722,0
35723,0
35724,0
35725,0
35726,0
35727,17
35728,0
35729,0
35730,0
35731,0
35732,0
35733,0
35734,0
35735,0
35736,0
35737,0
35738,0
35739,0
35740,0
35741,0
35742,0
35743,0
35744,0
35745,11
35746,0
35747,0
35748,0
35749,0
35750,0
35751,0
35752,0
35753,25
35754,0
35755,0
35756,0
35757,0
35758,0
35759,0
35760,0
35761,14
35762,0
35763,0
35764,0
35765,13
35766,0
35767,0
35768,0
35769,16
35770,0
35771,0
35772,0
35773,0
35774,0
35775,0
35776,0
35777,0
35778,0
35779,0
35780,0
35781,16
35782,0
35783,0
35784,0
35785,0
35786,0
35787,0
35788,0
35789,0
35790,0
35791,0
35792,0
35793,0
35794,0
35795,0
35796,0
35797,0
35798,0
35799,0
35800,0
35801,10
35802,0
35803,0
35804,0
35805,0
35806,13
35807,0
35808,28
35809,0
35810,0
35811,0
35812,0
35813,0
35814,0
35815,0
35816,0
35817,0
35818,19
35819,0
35820,0
35821,0
35822,0
35823,0
35824,0
35825,0
35826,16
35827,4
35828,0
35829,0
35830,0
35831,0
35832,17
35833,0
35834,0
35835,0
35836,0
35837,0
35838,0
35839,0
35840,0
35841,0
35842,10
35843,0
35844,8
35845,0
35846,0
35847,0
35848,0
35849,0
35850,0
35851,0
35852,0
35853,0
35854,0
35855,0
35856,0
35857,0
35858,0
35859,0
35860,0
35861,0
35862,0
35863,0
35864,17
35865,0
35866,0
35867,0
35868,0
35869,0
35870,0
35871,0
35872,0
35873,0
35874,0
35875,0
35876,0
35877,0
35878,0
35879,0
35880,0
35881,0
35882,0
35883,0
35884,0
35885,15
35886,0
35887,0
35888,0
35889,0
35890,0
35891,0
35892,0
35893,0
35894,0
35895,0
35896,0
35897,0
35898,0
35899,0
35900,0
35901,0
35902,0
35903,0
35904,0
35905,0
35906,0
35907,0
35908,0
35909,0
35910,0
35911,0
35912,0
35913,0
35914,18
35915,0
35916,13
35917,0
35918,0
35919,0
35920,0
35921,0
35922,0
35923,0
35924,0
35925,0
35926,0
35927,0
35928,0
35929,18
35930,0
35931,0
35932,0
35933,10
35934,0
35935,0
35936,0
35937,0
35938,0
35939,0
35940,0
35941,0
35942,0
35943,0
35944,0
35945,0
35946,0
35947,12
35948,0
35949,19
35950,0
35951,8
35952,0
35953,0
35954,0
35955,0
35956,0
35957,0
35958,0
35959,0
35960,0
35961,0
35962,0
35963,0
35964,0
35965,17
35966,0
35967,0
35968,0
35969,0
35970,0
35971,0
35972,0
35973,0
35974,0
35975,0
35976,0
35977,0
35978,0
35979,0
35980,0
35981,0
35982,0
35983,0
35984,0
35985,0
35986,0
35987,0
35988,0
35989,0
35990,0
35991,0
35992,0
35993,0
35994,0
35995,0
35996,0
35997,18
35998,0
35999,0
36000,0
36001,0
36002,0
36003,15
36004,0
36005,0
36006,15
36007,30
36008,0
36009,0
36010,0
36011,0
36012,0
36013,0
36014,0
36015,17
36016,0
36017,0
36018,0
36019,0
36020,0
36021,15
36022,0
36023,0
36024,19
36025,0
36026,0
36027,0
36028,0
36029,0
36030,0
36031,0
36032,0
36033,0
36034,0
36035,0
36036,0
36037,0
36038,0
36039,0
36040,0
36041,0
36042,0
36043,0
36044,0
36045,0
36046,0
36047,0
36048,0
36049,0
36050,0
36051,0
36052,0
36053,0
36054,0
36055,0
36056,0
36057,0
36058,0
36059,0
36060,0
36061,0
36062,0
36063,0
36064,0
36065,0
36066,0
36067,13
36068,0
36069,0
36070,18
36071,0
36072,0
36073,0
36074,0
36075,14
36076,0
36077,0
36078,0
36079,7
36080,3
36081,0
36082,0
36083,0
36084,2
36085,1
36086,0
36087,0
36088,0
36089,0
36090,0
36091,0
36092,0
36093,1
36094,0
36095,0
36096,0
36097,0
36098,0
36099,0
36100,2
36101,0
36102,0
36103,0
36104,0
36105,1
36106,0
36107,0
36108,0
36109,0
36110,0
36111,0
36112,1
36113,0
36114,0
36115,0
36116,0
36117,0
36118,0
36119,0
36120,0
36121,0
36122,0
36123,0
36124,0
36125,0
36126,0
36127,0
36128,0
36129,0
36130,0
36131,0
36132,2
36133,0
36134,0
36135,0
36136,0
36137,0
36138,0
36139,0
36140,3
36141,0
36142,1
36143,0
36144,1
36145,1
36146,0
36147,0
36148,0
36149,0
36150,1
36151,0
36152,0
36153,0
36154,0
36155,0
36156,0
36157,5
36158,0
36159,0
36160,0
36161,3
36162,0
36163,0
36164,0
36165,0
36166,0
36167,1
36168,1
36169,0
36170,0
36171,0
36172,0
36173,0
36174,0
36175,0
36176,0
36177,0
36178,0
36179,0
36180,0
36181,2
36182,0
36183,0
36184,2
36185,0
36186,0
36187,0
36188,0
36189,1
36190,0
36191,0
36192,0
36193,0
36194,0
36195,0
36196,0
36197,0
36198,0
36199,1
36200,0
36201,0
36202,0
36203,3
36204,3
36205,0
36206,0
36207,1
36208,0
36209,0
36210,0
36211,0
36212,3
36213,0
36214,0
36215,0
36216,0
36217,1
36218,0
36219,2
36220,3
36221,0
36222,0
36223,2
36224,0
36225,0
36226,0
36227,0
36228,0
36229,2
36230,0
36231,0
36232,0
36233,0
36234,3
36235,0
36236,0
36237,0
36238,0
36239,0
36240,3
36241,0
36242,0
36243,0
36244,0
36245,1
36246,0
36247,0
36248,1
36249,2
36250,0
36251,0
36252,0
36253,0
36254,0
36255,0
36256,0
36257,0
36258,0
36259,0
36260,0
36261,0
36262,2
36263,0
36264,0
36265,0
36266,0
36267,1
36268,0
36269,0
36270,0
36271,2
36272,0
36273,0
36274,3
36275,0
36276,0
36277,0
36278,1
36279,0
36280,2
36281,0
36282,0
36283,0
36284,0
36285,1
36286,0
36287,0
36288,0
36289,0
36290,0
36291,0
36292,0
36293,0
36294,0
36295,0
36296,0
36297,0
36298,0
36299,0
36300,1
36301,0
36302,0
36303,0
36304,3
36305,0
36306,0
36307,0
36308,1
36309,0
36310,0
36311,0
36312,2
36313,0
36314,1
36315,1
36316,0
36317,0
36318,0
36319,2
36320,0
36321,0
36322,1
36323,0
36324,0
36325,0
36326,0
36327,0
36328,0
36329,4
36330,0
36331,0
36332,0
36333,0
36334,0
36335,3
36336,0
36337,2
36338,0
36339,0
36340,0
36341,0
36342,0
36343,0
36344,0
36345,0
36346,0
36347,0
36348,2
36349,0
36350,0
36351,0
36352,0
36353,0
36354,0
36355,0
36356,0
36357,0
36358,0
36359,0
36360,0
36361,0
36362,0
36363,0
36364,1
36365,0
36366,0
36367,0
36368,0
36369,0
36370,0
36371,0
36372,0
36373,0
36374,0
36375,1
36376,0
36377,0
36378,0
36379,0
36380,0
36381,0
36382,1
36383,2
36384,0
36385,0
36386,0
36387,2
36388,0
36389,3
36390,0
36391,0
36392,0
36393,0
36394,3
36395,0
36396,0
36397,0
36398,0
36399,0
36400,0
36401,1
36402,0
36403,2
36404,0
36405,0
36406,3
36407,0
36408,0
36409,0
36410,4
36411,0
36412,0
36413,0
36414,0
36415,0
36416,0
36417,0
36418,0
36419,0
36420,0
36421,0
36422,0
36423,3
36424,0
36425,0
36426,1
36427,0
36428,0
36429,0
36430,0
36431,0
36432,0
36433,3
36434,1
36435,2
36436,0
36437,0
36438,1
36439,0
36440,0
36441,0
36442,0
36443,0
36444,0
36445,0
36446,0
36447,0
36448,0
36449,0
36450,3
36451,0
36452,0
36453,0
36454,0
36455,2
36456,0
36457,0
36458,2
36459,0
36460,0
36461,0
36462,0
36463,2
36464,0
36465,0
36466,0
36467,0
36468,2
36469,0
36470,1
36471,0
36472,0
36473,0
36474,0
36475,5
36476,2
36477,0
36478,0
36479,0
36480,1
36481,0
36482,0
36483,1
36484,0
36485,0
36486,0
36487,0
36488,0
36489,0
36490,0
36491,0
36492,1
36493,0
36494,4
36495,0
36496,0
36497,0
36498,0
36499,0
36500,0
36501,0
36502,0
36503,2
36504,0
36505,0
36506,2
36507,0
36508,1
36509,1
36510,1
36511,0
36512,0
36513,0
36514,0
36515,0
36516,0
36517,0
36518,0
36519,0
36520,0
36521,0
36522,0
36523,0
36524,0
36525,0
36526,0
36527,0
36528,0
36529,2
36530,0
36531,0
36532,0
36533,3
36534,3
36535,0
36536,0
36537,0
36538,0
36539,0
36540,0
36541,0
36542,5
36543,2
36544,0
36545,2
36546,3
36547,0
36548,0
36549,0
36550,0
36551,0
36552,0
36553,0
36554,0
36555,0
36556,0
36557,1
36558,2
36559,0
36560,0
36561,0
36562,1
36563,0
36564,3
36565,0
36566,0
36567,1
36568,0
36569,1
36570,0
36571,0
36572,0
36573,0
36574,0
36575,1
36576,0
36577,0
36578,0
36579,0
36580,0
36581,0
36582,5
36583,0
36584,0
36585,0
36586,2
36587,0
36588,0
36589,0
36590,0
36591,0
36592,0
36593,0
36594,0
36595,0
36596,0
36597,0
36598,0
36599,5
36600,0
36601,0
36602,0
36603,0
36604,0
36605,2
36606,0
36607,0
36608,0
36609,0
36610,0
36611,0
36612,6
36613,0
36614,0
36615,5
36616,0
36617,0
36618,0
36619,0
36620,6
36621,0
36622,0
36623,3
36624,0
36625,0
36626,0
36627,0
36628,0
36629,0
36630,0
36631,0
36632,0
36633,0
36634,0
36635,0
36636,0
36637,0
36638,6
36639,0
36640,7
36641,0
36642,0
36643,0
36644,0
36645,0
36646,0
36647,0
36648,0
36649,2
36650,0
36651,0
36652,0
36653,0
36654,0
36655,0
36656,0
36657,6
36658,0
36659,0
36660,0
36661,0
36662,4
36663,0
36664,0
36665,0
36666,0
36667,2
36668,0
36669,0
36670,0
36671,0
36672,4
36673,4
36674,0
36675,0
36676,0
36677,0
36678,0
36679,0
36680,4
36681,0
36682,0
36683,3
36684,0
36685,0
36686,5
36687,0
36688,0
36689,2
36690,0
36691,0
36692,5
36693,0
36694,6
36695,0
36696,0
36697,0
36698,2
36699,0
36700,0
36701,0
36702,5
36703,0
36704,5
36705,0
36706,0
36707,0
36708,0
36709,0
36710,0
36711,0
36712,0
36713,0
36714,0
36715,0
36716,0
36717,0
36718,0
36719,6
36720,0
36721,0
36722,5
36723,0
36724,0
36725,3
36726,0
36727,0
36728,0
36729,0
36730,0
36731,0
36732,0
36733,0
36734,0
36735,0
36736,0
36737,0
36738,0
36739,10
36740,0
36741,0
36742,0
36743,0
36744,0
36745,0
36746,0
36747,0
36748,0
36749,0
36750,5
36751,4
36752,0
36753,0
36754,0
36755,0
36756,0
36757,0
36758,0
36759,0
36760,7
36761,0
36762,5
36763,0
36764,0
36765,0
36766,0
36767,0
36768,0
36769,0
36770,0
36771,0
36772,1
36773,0
36774,0
36775,0
36776,0
36777,0
36778,0
36779,0
36780,0
36781,0
36782,0
36783,0
36784,0
36785,0
36786,0
36787,0
36788,0
36789,0
36790,0
36791,0
36792,0
36793,0
36794,0
36795,0
36796,0
36797,0
36798,0
36799,0
36800,0
36801,5
36802,0
36803,10
36804,3
36805,3
36806,0
36807,0
36808,0
36809,7
36810,0
36811,0
36812,3
36813,0
36814,0
36815,0
36816,0
36817,0
36818,12
36819,0
36820,0
36821,0
36822,0
36823,0
36824,2
36825,9
36826,0
36827,0
36828,0
36829,0
36830,29
36831,0
36832,0
36833,41
36834,0
36835,0
36836,0
36837,0
36838,0
36839,0
36840,0
36841,0
36842,0
36843,0
36844,0
36845,0
36846,0
36847,0
36848,42
36849,52
36850,0
36851,0
36852,0
36853,19
36854,27
36855,52
36856,20
36857,0
36858,0
36859,0
36860,19
36861,26
36862,0
36863,0
36864,42
36865,0
36866,0
36867,0
36868,0
36869,0
36870,0
36871,0
36872,0
36873,0
36874,0
36875,42
36876,31
36877,39
36878,0
36879,0
36880,16
36881,24
36882,0
36883,39
36884,48
36885,0
36886,0
36887,0
36888,41
36889,0
36890,0
36891,0
36892,47
36893,0
36894,45
36895,0
36896,0
36897,0
36898,0
36899,0
36900,20
36901,0
36902,0
36903,0
36904,24
36905,40
36906,0
36907,0
36908,0
36909,39
36910,0
36911,34
36912,34
36913,0
36914,0
36915,0
36916,40
36917,42
36918,0
36919,29
36920,0
36921,0
36922,40
36923,23
36924,0
36925,0
36926,0
36927,0
36928,24
36929,35
36930,0
36931,46
36932,0
36933,0
36934,57
36935,32
36936,34
36937,0
36938,0
36939,0
36940,0
36941,0
36942,0
36943,0
36944,0
36945,0
36946,0
36947,37
36948,25
36949,0
36950,35
36951,0
36952,0
36953,0
36954,0
36955,0
36956,53
36957,0
36958,0
36959,0
36960,0
36961,0
36962,0
36963,36
36964,0
36965,0
36966,0
36967,0
36968,0
36969,0
36970,37
36971,0
36972,31
36973,0
36974,0
36975,0
36976,0
36977,0
36978,0
36979,61
36980,0
36981,0
36982,0
36983,0
36984,0
36985,0
36986,22
36987,0
36988,0
36989,0
36990,0
36991,0
36992,13
36993,13
36994,20
36995,11
36996,0
36997,0
36998,0
36999,0
37000,0
37001,0
37002,12
37003,17
37004,16
37005,10
37006,0
37007,0
37008,0
37009,0
37010,0
37011,0
37012,0
37013,0
37014,0
37015,0
37016,0
37017,0
37018,0
37019,0
37020,0
37021,0
37022,0
37023,13
37024,0
37025,0
37026,16
37027,15
37028,18
37029,0
37030,0
37031,0
37032,0
37033,0
37034,31
37035,0
37036,0
37037,0
37038,0
37039,0
37040,0
37041,0
37042,0
37043,0
37044,0
37045,0
37046,0
37047,0
37048,0
37049,0
37050,0
37051,0
37052,0
37053,0
37054,0
37055,0
37056,13
37057,0
37058,0
37059,0
37060,0
37061,0
37062,15
37063,0
37064,0
37065,0
37066,0
37067,0
37068,0
37069,0
37070,0
37071,0
37072,0
37073,0
37074,0
37075,0
37076,0
37077,22
37078,9
37079,17
37080,0
37081,0
37082,0
37083,0
37084,0
37085,18
37086,0
37087,0
37088,0
37089,0
37090,0
37091,0
37092,0
37093,0
37094,0
37095,0
37096,0
37097,0
37098,0
37099,0
37100,11
37101,0
37102,0
37103,0
37104,0
37105,0
37106,0
37107,9
37108,0
37109,13
37110,15
37111,0
37112,0
37113,0
37114,0
37115,14
37116,14
37117,0
37118,0
37119,0
37120,23
37121,21
37122,0
37123,0
37124,0
37125,13
37126,0
37127,18
37128,0
37129,0
37130,18
37131,0
37132,13
37133,19
37134,12
37135,0
37136,0
37137,13
37138,0
37139,0
37140,14
37141,18
37142,19
37143,0
37144,0
37145,0
37146,10
37147,0
37148,0
37149,17
37150,0
37151,0
37152,0
37153,0
37154,14
37155,25
37156,0
37157,0
37158,0
37159,0
37160,0
37161,0
37162,7
37163,0
37164,0
37165,0
37166,0
37167,16
37168,0
37169,0
37170,0
37171,12
37172,18
37173,0
37174,0
37175,0
37176,0
37177,0
37178,0
37179,0
37180,0
37181,0
37182,0
37183,12
37184,13
37185,0
37186,0
37187,0
37188,0
37189,0
37190,0
37191,0
37192,8
37193,0
37194,0
37195,0
37196,0
37197,0
37198,19
37199,0
37200,13
37201,0
37202,17
37203,0
37204,9
37205,0
37206,0
37207,0
37208,0
37209,0
37210,0
37211,0
37212,0
37213,0
37214,0
37215,13
37216,0
37217,0
37218,0
37219,0
37220,0
37221,0
37222,0
37223,21
37224,0
37225,17
37226,0
37227,0
37228,0
37229,0
37230,0
37231,0
37232,0
37233,0
37234,0
37235,0
37236,0
37237,0
37238,0
37239,13
37240,15
37241,0
37242,0
37243,0
37244,17
37245,0
37246,0
37247,11
37248,0
37249,0
37250,0
37251,0
37252,0
37253,12
37254,0
37255,0
37256,12
37257,0
37258,0
37259,0
37260,14
37261,0
37262,0
37263,0
37264,0
37265,0
37266,0
37267,0
37268,0
37269,15
37270,0
37271,0
37272,0
37273,0
37274,0
37275,14
37276,0
37277,0
37278,0
37279,16
37280,0
37281,0
37282,0
37283,15
37284,0
37285,0
37286,0
37287,0
37288,0
37289,17
37290,0
37291,0
37292,0
37293,0
37294,0
37295,0
37296,14
37297,0
37298,0
37299,0
37300,0
37301,13
37302,0
37303,0
37304,0
37305,0
37306,0
37307,0
37308,0
37309,0
37310,0
37311,0
37312,0
37313,18
37314,0
37315,0
37316,0
37317,0
37318,11
37319,20
37320,0
37321,0
37322,0
37323,0
37324,15
37325,0
37326,0
37327,0
37328,0
37329,0
37330,14
37331,0
37332,0
37333,19
37334,10
37335,0
37336,0
37337,0
37338,0
37339,0
37340,0
37341,19
37342,0
37343,0
37344,0
37345,9
37346,10
37347,0
37348,11
37349,16
37350,0
37351,0
37352,0
37353,0
37354,0
37355,0
37356,22
37357,0
37358,0
37359,0
37360,13
37361,0
37362,0
37363,7
37364,0
37365,14
37366,0
37367,24
37368,0
37369,0
37370,0
37371,0
37372,0
37373,11
37374,0
37375,0
37376,0
37377,0
37378,21
37379,20
37380,0
37381,0
37382,0
37383,0
37384,0
37385,0
37386,0
37387,0
37388,0
37389,0
37390,0
37391,0
37392,0
37393,0
37394,0
37395,0
37396,12
37397,0
37398,0
37399,0
37400,8
37401,0
37402,0
37403,0
37404,18
37405,0
37406,0
37407,12
37408,0
37409,0
37410,0
37411,9
37412,0
37413,0
37414,0
37415,0
37416,14
37417,0
37418,0
37419,0
37420,0
37421,0
37422,0
37423,14
37424,0
37425,10
37426,0
37427,0
37428,0
37429,0
37430,0
37431,0
37432,0
37433,0
37434,13
37435,0
37436,0
37437,0
37438,0
37439,0
37440,0
37441,0
37442,0
37443,0
37444,0
37445,0
37446,15
37447,21
37448,13
37449,0
37450,0
37451,0
37452,0
37453,0
37454,16
37455,0
37456,7
37457,0
37458,0
37459,0
37460,0
37461,19
37462,0
37463,0
37464,0
37465,18
37466,0
37467,19
37468,0
37469,0
37470,12
37471,25
37472,0
37473,0
37474,0
37475,0
37476,0
37477,0
37478,16
37479,10
37480,0
37481,0
37482,0
37483,0
37484,0
37485,0
37486,0
37487,0
37488,0
37489,5
37490,0
37491,0
37492,0
37493,13
37494,13
37495,0
37496,0
37497,0
37498,0
37499,0
37500,0
37501,0
37502,17
37503,0
37504,0
37505,0
37506,0
37507,0
37508,0
37509,0
37510,0
37511,23
37512,0
37513,16
37514,0
37515,0
37516,0
37517,0
37518,17
37519,0
37520,0
37521,0
37522,0
37523,0
37524,0
37525,0
37526,0
37527,0
37528,0
37529,11
37530,0
37531,0
37532,0
37533,0
37534,6
37535,0
37536,0
37537,0
37538,0
37539,0
37540,25
37541,0
37542,0
37543,0
37544,0
37545,0
37546,13
37547,0
37548,0
37549,0
37550,0
37551,22
37552,10
37553,0
37554,0
37555,0
37556,0
37557,0
37558,0
37559,0
37560,0
37561,18
37562,0
37563,16
37564,18
37565,0
37566,0
37567,20
37568,23
37569,0
37570,0
37571,0
37572,11
37573,0
37574,0
37575,0
37576,0
37577,19
37578,0
37579,0
37580,0
37581,0
37582,0
37583,0
37584,0
37585,0
37586,16
37587,0
37588,19
37589,0
37590,14
37591,0
37592,0
37593,0
37594,0
37595,19
37596,0
37597,0
37598,0
37599,0
37600,0
37601,13
37602,0
37603,17
37604,18
37605,0
37606,0
37607,0
37608,0
37609,17
37610,0
37611,0
37612,0
37613,0
37614,21
37615,9
37616,0
37617,16
37618,0
37619,0
37620,0
37621,0
37622,0
37623,18
37624,0
37625,0
37626,0
37627,0
37628,12
37629,0
37630,0
37631,0
37632,0
37633,0
37634,0
37635,0
37636,0
37637,0
37638,0
37639,0
37640,0
37641,0
37642,15
37643,0
37644,0
37645,0
37646,0
37647,0
37648,0
37649,14
37650,17
37651,23
37652,0
37653,0
37654,0
37655,0
37656,12
37657,0
37658,0
37659,0
37660,0
37661,18
37662,11
37663,16
37664,0
37665,0
37666,0
37667,11
37668,0
37669,12
37670,0
37671,0
37672,0
37673,0
37674,0
37675,0
37676,0
37677,0
37678,0
37679,0
37680,0
37681,0
37682,20
37683,0
37684,5
37685,19
37686,22
37687,0
37688,0
37689,0
37690,0
37691,0
37692,13
37693,0
37694,0
37695,0
37696,0
37697,0
37698,0
37699,0
37700,0
37701,9
37702,0
37703,0
37704,12
37705,0
37706,0
37707,16
37708,0
37709,24
37710,0
37711,0
37712,13
37713,15
37714,0
37715,0
37716,0
37717,0
37718,0
37719,13
37720,0
37721,0
37722,0
37723,25
37724,0
37725,0
37726,10
37727,0
37728,0
37729,20
37730,0
37731,0
37732,20
37733,0
37734,0
37735,0
37736,0
37737,0
37738,0
37739,0
37740,0
37741,22
37742,0
37743,0
37744,0
37745,0
37746,0
37747,0
37748,0
37749,0
37750,13
37751,15
37752,0
37753,0
37754,0
37755,0
37756,0
37757,32
37758,0
37759,0
37760,0
37761,0
37762,0
37763,11
37764,0
37765,0
37766,0
37767,15
37768,20
37769,0
37770,0
37771,0
37772,0
37773,18
37774,0
37775,0
37776,15
37777,18
37778,0
37779,0
37780,0
37781,0
37782,0
37783,0
37784,0
37785,16
37786,21
37787,0
37788,0
37789,0
37790,15
37791,0
37792,0
37793,0
37794,0
37795,0
37796,0
37797,0
37798,14
37799,0
37800,21
37801,0
37802,0
37803,0
37804,0
37805,0
37806,0
37807,0
37808,15
37809,0
37810,0
37811,0
37812,0
37813,0
37814,0
37815,0
37816,0
37817,9
37818,7
37819,0
37820,0
37821,0
37822,6
37823,0
37824,0
37825,0
37826,13
37827,0
37828,0
37829,0
37830,20
37831,0
37832,10
37833,0
37834,19
37835,0
37836,0
37837,0
37838,0
37839,0
37840,17
37841,0
37842,0
37843,0
37844,19
37845,20
37846,0
37847,0
37848,18
37849,0
37850,11
37851,12
37852,0
37853,0
37854,0
37855,0
37856,0
37857,19
37858,0
37859,0
37860,0
37861,0
37862,0
37863,0
37864,0
37865,19
37866,18
37867,0
37868,0
37869,0
37870,0
37871,0
37872,0
37873,12
37874,0
37875,0
37876,20
37877,0
37878,0
37879,0
37880,0
37881,0
37882,0
37883,0
37884,0
37885,0
37886,0
37887,0
37888,22
37889,0
37890,0
37891,0
37892,0
37893,0
37894,0
37895,0
37896,0
37897,17
37898,0
37899,13
37900,0
37901,21
37902,0
37903,13
37904,12
37905,0
37906,0
37907,0
37908,0
37909,18
37910,0
37911,19
37912,15
37913,21
37914,7
37915,0
37916,0
37917,0
37918,0
37919,0
37920,0
37921,0
37922,0
37923,18
37924,0
37925,0
37926,0
37927,0
37928,0
37929,0
37930,15
37931,0
37932,0
37933,0
37934,12
37935,12
37936,0
37937,9
37938,0
37939,0
37940,0
37941,0
37942,0
37943,4
37944,0
37945,0
37946,11
37947,0
37948,15
37949,0
37950,7
37951,0
37952,4
37953,0
37954,0
37955,0
37956,0
37957,8
37958,0
37959,0
37960,0
37961,7
37962,0
37963,0
37964,0
37965,7
37966,0
37967,0
37968,0
37969,0
37970,0
37971,0
37972,0
37973,0
37974,0
37975,0
37976,0
37977,0
37978,0
37979,4
37980,0
37981,0
37982,0
37983,0
37984,0
37985,9
37986,8
37987,0
37988,5
37989,3
37990,0
37991,0
37992,0
37993,0
37994,0
37995,13
37996,0
37997,0
37998,0
37999,0
38000,0
38001,0
38002,0
38003,0
38004,3
38005,0
38006,0
38007,0
38008,0
38009,5
38010,0
38011,0
38012,0
38013,0
38014,12
38015,0
38016,5
38017,0
38018,0
38019,0
38020,0
38021,0
38022,0
38023,0
38024,0
38025,0
38026,0
38027,0
38028,0
38029,0
38030,0
38031,0
38032,0
38033,0
38034,0
38035,0
38036,0
38037,0
38038,0
38039,0
38040,0
38041,0
38042,0
38043,0
38044,0
38045,0
38046,0
38047,11
38048,0
38049,0
38050,0
38051,0
38052,12
38053,0
38054,0
38055,0
38056,0
38057,8
38058,0
38059,0
38060,0
38061,0
38062,0
38063,0
38064,6
38065,0
38066,0
38067,8
38068,0
38069,0
38070,17
38071,0
38072,0
38073,0
38074,0
38075,0
38076,0
38077,0
38078,0
38079,0
38080,0
38081,0
38082,0
38083,0
38084,0
38085,0
38086,0
38087,0
38088,0
38089,0
38090,0
38091,9
38092,0
38093,0
38094,0
38095,0
38096,9
38097,8
38098,5
38099,7
38100,10
38101,0
38102,0
38103,5
38104,7
38105,0
38106,0
38107,0
38108,12
38109,9
38110,0
38111,0
38112,0
38113,0
38114,0
38115,0
38116,0
38117,0
38118,0
38119,0
38120,3
38121,9
38122,0
38123,0
38124,0
38125,0
38126,0
38127,0
38128,0
38129,11
38130,0
38131,13
38132,0
38133,0
38134,0
38135,0
38136,0
38137,9
38138,0
38139,11
38140,0
38141,0
38142,6
38143,9
38144,0
38145,0
38146,0
38147,12
38148,0
38149,0
38150,12
38151,9
38152,0
38153,0
38154,0
38155,0
38156,0
38157,0
38158,0
38159,0
38160,0
38161,0
38162,0
38163,0
38164,0
38165,8
38166,0
38167,0
38168,0
38169,0
38170,0
38171,0
38172,0
38173,0
38174,6
38175,0
38176,0
38177,0
38178,0
38179,0
38180,0
38181,0
38182,0
38183,0
38184,6
38185,0
38186,0
38187,0
38188,0
38189,0
38190,0
38191,5
38192,7
38193,0
38194,0
38195,8
38196,7
38197,0
38198,7
38199,0
38200,0
38201,0
38202,0
38203,0
38204,0
38205,0
38206,0
38207,0
38208,11
38209,8
38210,0
38211,0
38212,0
38213,0
38214,0
38215,0
38216,0
38217,0
38218,0
38219,0
38220,0
38221,0
38222,0
38223,0
38224,0
38225,0
38226,0
38227,0
38228,0
38229,6
38230,0
38231,0
38232,0
38233,0
38234,0
38235,0
38236,0
38237,0
38238,0
38239,0
38240,8
38241,0
38242,0
38243,10
38244,0
38245,10
38246,0
38247,0
38248,0
38249,0
38250,0
38251,0
38252,0
38253,10
38254,0
38255,0
38256,0
38257,0
38258,0
38259,0
38260,0
38261,4
38262,0
38263,8
38264,0
38265,0
38266,0
38267,0
38268,7
38269,0
38270,0
38271,0
38272,0
38273,0
38274,0
38275,0
38276,0
38277,0
38278,0
38279,0
38280,0
38281,0
38282,0
38283,0
38284,0
38285,0
38286,0
38287,0
38288,0
38289,0
38290,0
38291,0
38292,0
38293,0
38294,0
38295,0
38296,0
38297,0
38298,0
38299,0
38300,0
38301,0
38302,0
38303,3
38304,0
38305,0
38306,0
38307,0
38308,13
38309,0
38310,0
38311,0
38312,0
38313,13
38314,9
38315,0
38316,0
38317,11
38318,0
38319,0
38320,0
38321,13
38322,0
38323,0
38324,0
38325,0
38326,0
38327,0
38328,0
38329,0
38330,0
38331,0
38332,0
38333,8
38334,0
38335,0
38336,0
38337,0
38338,0
38339,0
38340,0
38341,3
38342,0
38343,12
38344,0
38345,0
38346,0
38347,0
38348,0
38349,6
38350,15
38351,0
38352,0
38353,0
38354,3
38355,0
38356,17
38357,0
38358,16
38359,0
38360,0
38361,0
38362,9
38363,0
38364,0
38365,0
38366,0
38367,0
38368,0
38369,0
38370,0
38371,0
38372,8
38373,0
38374,0
38375,0
38376,0
38377,9
38378,0
38379,0
38380,0
38381,0
38382,0
38383,0
38384,13
38385,0
38386,0
38387,0
38388,5
38389,0
38390,10
38391,0
38392,0
38393,0
38394,0
38395,0
38396,1
38397,8
38398,0
38399,10
38400,0
38401,0
38402,0
38403,0
38404,0
38405,4
38406,0
38407,5
38408,0
38409,0
38410,0
38411,0
38412,7
38413,0
38414,0
38415,0
38416,0
38417,0
38418,0
38419,0
38420,0
38421,0
38422,0
38423,7
38424,8
38425,10
38426,0
38427,5
38428,0
38429,0
38430,0
38431,0
38432,0
38433,0
38434,0
38435,0
38436,0
38437,0
38438,0
38439,7
38440,8
38441,0
38442,0
38443,0
38444,7
38445,8
38446,0
38447,0
38448,0
38449,0
38450,7
38451,0
38452,5
38453,0
38454,0
38455,0
38456,0
38457,10
38458,0
38459,0
38460,0
38461,0
38462,0
38463,0
38464,22
38465,0
38466,0
38467,0
38468,28
38469,0
38470,0
38471,0
38472,0
38473,0
38474,31
38475,0
38476,26
38477,31
38478,0
38479,0
38480,0
38481,0
38482,0
38483,0
38484,0
38485,0
38486,0
38487,0
38488,0
38489,0
38490,25
38491,0
38492,0
38493,24
38494,0
38495,0
38496,0
38497,0
38498,29
38499,0
38500,0
38501,29
38502,0
38503,25
38504,0
38505,0
38506,0
38507,19
38508,0
38509,0
38510,39
38511,0
38512,0
38513,0
38514,0
38515,0
38516,0
38517,0
38518,0
38519,0
38520,0
38521,0
38522,0
38523,0
38524,0
38525,25
38526,0
38527,0
38528,0
38529,0
38530,0
38531,0
38532,0
38533,0
38534,21
38535,26
38536,0
38537,0
38538,0
38539,23
38540,0
38541,33
38542,26
38543,0
38544,32
38545,0
38546,0
38547,0
38548,0
38549,0
38550,0
38551,0
38552,21
38553,0
38554,22
38555,0
38556,0
38557,0
38558,0
38559,32
38560,0
38561,0
38562,12
38563,27
38564,0
38565,0
38566,0
38567,25
38568,0
38569,33
38570,0
38571,0
38572,38
38573,0
38574,0
38575,0
38576,0
38577,0
38578,0
38579,0
38580,21
38581,21
38582,0
38583,0
38584,0
38585,0
38586,25
38587,30
38588,26
38589,0
38590,0
38591,24
38592,0
38593,0
38594,16
38595,12
38596,0
38597,21
38598,0
38599,0
38600,20
38601,0
38602,0
38603,0
38604,0
38605,0
38606,0
38607,0
38608,0
38609,0
38610,0
38611,0
38612,0
38613,0
38614,0
38615,0
38616,0
38617,0
38618,0
38619,0
38620,0
38621,0
38622,0
38623,0
38624,0
38625,0
38626,0
38627,0
38628,0
38629,34
38630,0
38631,0
38632,31
38633,0
38634,0
38635,0
38636,31
38637,13
38638,0
38639,42
38640,0
38641,0
38642,27
38643,32
38644,0
38645,28
38646,0
38647,0
38648,0
38649,0
38650,0
38651,0
38652,0
38653,0
38654,0
38655,0
38656,0
38657,0
38658,0
38659,0
38660,30
38661,34
38662,0
38663,0
38664,0
38665,0
38666,0
38667,0
38668,0
38669,0
38670,0
38671,26
38672,0
38673,0
38674,0
38675,0
38676,0
38677,29
38678,28
38679,0
38680,0
38681,0
38682,0
38683,0
38684,0
38685,22
38686,0
38687,0
38688,0
38689,0
38690,0
38691,0
38692,0
38693,0
38694,0
38695,34
38696,34
38697,0
38698,0
38699,0
38700,0
38701,0
38702,28
38703,0
38704,23
38705,25
38706,0
38707,0
38708,0
38709,31
38710,0
38711,0
38712,0
38713,0
38714,0
38715,0
38716,0
38717,0
38718,0
38719,0
38720,0
38721,0
38722,0
38723,0
38724,29
38725,0
38726,0
38727,0
38728,0
38729,0
38730,33
38731,0
38732,0
38733,24
38734,0
38735,0
38736,0
38737,0
38738,0
38739,0
38740,28
38741,26
38742,25
38743,0
38744,0
38745,0
38746,0
38747,0
38748,22
38749,0
38750,0
38751,0
38752,0
38753,31
38754,0
38755,0
38756,0
38757,0
38758,0
38759,38
38760,30
38761,0
38762,0
38763,0
38764,0
38765,14
38766,22
38767,0
38768,0
38769,0
38770,0
38771,30
38772,0
38773,45
38774,0
38775,0
38776,0
38777,0
38778,0
38779,0
38780,19
38781,25
38782,28
38783,0
38784,0
38785,0
38786,0
38787,26
38788,0
38789,18
38790,0
38791,0
38792,0
38793,0
38794,35
38795,26
38796,0
38797,0
38798,22
38799,0
38800,0
38801,0
38802,0
38803,28
38804,0
38805,0
38806,0
38807,0
38808,0
38809,29
38810,0
38811,0
38812,0
38813,0
38814,0
38815,16
38816,0
38817,0
38818,0
38819,0
38820,0
38821,0
38822,0
38823,22
38824,0
38825,0
38826,0
38827,0
38828,0
38829,0
38830,0
38831,0
38832,28
38833,0
38834,0
38835,20
38836,24
38837,0
38838,0
38839,0
38840,0
38841,0
38842,0
38843,0
38844,0
38845,0
38846,0
38847,0
38848,22
38849,0
38850,0
38851,0
38852,0
38853,0
38854,0
38855,0
38856,0
38857,0
38858,0
38859,0
38860,0
38861,0
38862,0
38863,0
38864,15
38865,0
38866,0
38867,0
38868,0
38869,23
38870,0
38871,0
38872,0
38873,0
38874,0
38875,0
38876,0
38877,0
38878,0
38879,0
38880,0
38881,0
38882,0
38883,24
38884,0
38885,0
38886,0
38887,0
38888,0
38889,27
38890,0
38891,27
38892,0
38893,0
38894,0
38895,0
38896,0
38897,25
38898,0
38899,16
38900,0
38901,0
38902,0
38903,0
38904,0
38905,0
38906,0
38907,0
38908,0
38909,0
38910,0
38911,0
38912,35
38913,0
38914,28
38915,0
38916,0
38917,27
38918,20
38919,0
38920,0
38921,0
38922,36
38923,0
38924,0
38925,0
38926,35
38927,0
38928,26
38929,0
38930,0
38931,0
38932,0
38933,0
38934,0
38935,0
38936,0
38937,0
38938,0
38939,0
38940,23
38941,0
38942,0
38943,0
38944,0
38945,0
38946,0
38947,0
38948,0
38949,0
38950,31
38951,0
38952,0
38953,31
38954,0
38955,0
38956,0
38957,0
38958,0
38959,0
38960,0
38961,0
38962,0
38963,0
38964,19
38965,0
38966,0
38967,22
38968,0
38969,0
38970,27
38971,30
38972,0
38973,0
38974,0
38975,18
38976,0
38977,0
38978,0
38979,0
38980,0
38981,0
38982,29
38983,0
38984,40
38985,0
38986,0
38987,0
38988,26
38989,26
38990,0
38991,0
38992,0
38993,0
38994,0
38995,0
38996,25
38997,0
38998,0
38999,0
39000,0
39001,0
39002,0
39003,0
39004,0
39005,0
39006,0
39007,0
39008,0
39009,0
39010,28
39011,0
39012,0
39013,0
39014,30
39015,13
39016,16
39017,0
39018,24
39019,0
39020,0
39021,31
39022,29
39023,0
39024,20
39025,0
39026,22
39027,0
39028,0
39029,0
39030,0
39031,0
39032,0
39033,34
39034,0
39035,0
39036,0
39037,23
39038,0
39039,0
39040,0
39041,0
39042,0
39043,0
39044,22
39045,0
39046,0
39047,0
39048,0
39049,0
39050,0
39051,0
39052,0
39053,0
39054,0
39055,35
39056,0
39057,0
39058,0
39059,0
39060,17
39061,0
39062,0
39063,0
39064,0
39065,15
39066,0
39067,0
39068,22
39069,0
39070,0
39071,0
39072,0
39073,0
39074,0
39075,24
39076,0
39077,0
39078,0
39079,0
39080,0
39081,34
39082,0
39083,19
39084,0
39085,0
39086,0
39087,0
39088,0
39089,0
39090,0
39091,0
39092,0
39093,0
39094,0
39095,0
39096,0
39097,29
39098,0
39099,0
39100,0
39101,0
39102,0
39103,0
39104,32
39105,0
39106,0
39107,0
39108,35
39109,26
39110,21
39111,0
39112,0
39113,0
39114,28
39115,0
39116,0
39117,0
39118,0
39119,30
39120,0
39121,0
39122,20
39123,0
39124,25
39125,0
39126,38
39127,0
39128,25
39129,25
39130,24
39131,0
39132,24
39133,0
39134,0
39135,24
39136,0
39137,0
39138,0
39139,0
39140,0
39141,0
39142,0
39143,0
39144,0
39145,0
39146,0
39147,0
39148,0
39149,26
39150,21
39151,0
39152,0
39153,30
39154,0
39155,0
39156,0
39157,0
39158,0
39159,30
39160,0
39161,0
39162,0
39163,0
39164,0
39165,0
39166,0
39167,0
39168,0
39169,0
39170,0
39171,0
39172,0
39173,1
39174,0
39175,0
39176,0
39177,0
39178,0
39179,0
39180,0
39181,0
39182,0
39183,0
39184,0
39185,0
39186,0
39187,0
39188,0
39189,0
39190,0
39191,0
39192,0
39193,0
39194,0
39195,0
39196,0
39197,0
39198,0
39199,0
39200,0
39201,0
39202,0
39203,0
39204,0
39205,0
39206,0
39207,0
39208,0
39209,0
39210,0
39211,0
39212,0
39213,0
39214,0
39215,0
39216,0
39217,0
39218,0
39219,0
39220,0
39221,0
39222,0
39223,0
39224,0
39225,0
39226,0
39227,0
39228,0
39229,0
39230,0
39231,0
39232,0
39233,0
39234,0
39235,0
39236,0
39237,0
39238,0
39239,0
39240,0
39241,0
39242,0
39243,0
39244,0
39245,0
39246,0
39247,0
39248,0
39249,0
39250,0
39251,0
39252,0
39253,0
39254,0
39255,0
39256,0
39257,0
39258,0
39259,0
39260,0
39261,0
39262,0
39263,0
39264,0
39265,0
39266,0
39267,0
39268,0
39269,0
39270,0
39271,0
39272,0
39273,0
39274,0
39275,0
39276,0
39277,0
39278,0
39279,0
39280,0
39281,0
39282,0
39283,0
39284,0
39285,0
39286,0
39287,0
39288,0
39289,0
39290,0
39291,0
39292,0
39293,0
39294,2
39295,0
39296,0
39297,0
39298,0
39299,0
39300,0
39301,0
39302,0
39303,0
39304,0
39305,0
39306,0
39307,0
39308,0
39309,0
39310,0
39311,0
39312,0
39313,0
39314,0
39315,0
39316,0
39317,0
39318,0
39319,0
39320,0
39321,0
39322,0
39323,0
39324,0
39325,0
39326,0
39327,0
39328,0
39329,0
39330,0
39331,0
39332,0
39333,0
39334,2
39335,0
39336,0
39337,0
39338,0
39339,0
39340,0
39341,0
39342,0
39343,0
39344,0
39345,0
39346,0
39347,0
39348,0
39349,0
39350,0
39351,0
39352,0
39353,0
39354,0
39355,0
39356,0
39357,0
39358,0
39359,0
39360,0
39361,0
39362,3
39363,0
39364,0
39365,0
39366,0
39367,0
39368,1
39369,0
39370,0
39371,0
39372,0
39373,0
39374,0
39375,0
39376,0
39377,0
39378,0
39379,0
39380,0
39381,0
39382,0
39383,0
39384,0
39385,0
39386,0
39387,0
39388,0
39389,0
39390,0
39391,0
39392,0
39393,0
39394,0
39395,0
39396,1
39397,0
39398,0
39399,0
39400,0
39401,0
39402,0
39403,0
39404,0
39405,0
39406,0
39407,0
39408,0
39409,0
39410,0
39411,0
39412,0
39413,0
39414,0
39415,0
39416,0
39417,0
39418,0
39419,0
39420,0
39421,0
39422,0
39423,0
39424,0
39425,0
39426,0
39427,0
39428,0
39429,0
39430,0
39431,0
39432,0
39433,0
39434,0
39435,0
39436,0
39437,0
39438,0
39439,0
39440,0
39441,0
39442,0
39443,0
39444,0
39445,0
39446,0
39447,0
39448,0
39449,0
39450,0
39451,0
39452,0
39453,0
39454,1
39455,0
39456,0
39457,0
39458,0
39459,0
39460,0
39461,0
39462,0
39463,0
39464,0
39465,0
39466,0
39467,0
39468,0
39469,0
39470,0
39471,0
39472,0
39473,0
39474,0
39475,0
39476,0
39477,0
39478,0
39479,0
39480,0
39481,0
39482,0
39483,0
39484,0
39485,0
39486,0
39487,0
39488,0
39489,0
39490,0
39491,0
39492,0
39493,0
39494,0
39495,0
39496,0
39497,0
39498,0
39499,0
39500,0
39501,0
39502,0
39503,0
39504,0
39505,0
39506,0
39507,0
39508,0
39509,0
39510,0
39511,0
39512,2
39513,0
39514,0
39515,0
39516,0
39517,0
39518,0
39519,0
39520,0
39521,0
39522,0
39523,0
39524,0
39525,0
39526,0
39527,0
39528,0
39529,0
39530,0
39531,0
39532,0
39533,0
39534,0
39535,0
39536,0
39537,0
39538,0
39539,0
39540,0
39541,0
39542,0
39543,0
39544,0
39545,0
39546,0
39547,0
39548,0
39549,0
39550,0
39551,0
39552,0
39553,0
39554,0
39555,0
39556,0
39557,0
39558,0
39559,0
39560,0
39561,0
39562,0
39563,0
39564,0
39565,15
39566,14
39567,0
39568,0
39569,0
39570,0
39571,0
39572,0
39573,0
39574,0
39575,0
39576,0
39577,0
39578,0
39579,0
39580,0
39581,0
39582,0
39583,9
39584,0
39585,0
39586,0
39587,0
39588,0
39589,0
39590,0
39591,0
39592,0
39593,0
39594,0
39595,0
39596,5
39597,0
39598,0
39599,0
39600,0
39601,0
39602,0
39603,0
39604,0
39605,0
39606,0
39607,0
39608,0
39609,0
39610,0
39611,0
39612,0
39613,0
39614,0
39615,0
39616,0
39617,0
39618,0
39619,0
39620,0
39621,0
39622,0
39623,0
39624,0
39625,0
39626,0
39627,0
39628,0
39629,0
39630,0
39631,0
39632,0
39633,0
39634,0
39635,0
39636,4
39637,0
39638,0
39639,0
39640,10
39641,0
39642,0
39643,0
39644,0
39645,0
39646,0
39647,2
39648,0
39649,0
39650,0
39651,0
39652,0
39653,0
39654,0
39655,0
39656,0
39657,0
39658,0
39659,0
39660,0
39661,0
39662,0
39663,0
39664,0
39665,0
39666,0
39667,0
39668,0
39669,0
39670,0
39671,0
39672,0
39673,0
39674,3
39675,0
39676,0
39677,0
39678,0
39679,0
39680,0
39681,0
39682,0
39683,0
39684,0
39685,0
39686,0
39687,0
39688,0
39689,0
39690,0
39691,0
39692,0
39693,0
39694,0
39695,0
39696,0
39697,0
39698,0
39699,0
39700,0
39701,0
39702,0
39703,0
39704,0
39705,0
39706,0
39707,8
39708,0
39709,0
39710,0
39711,0
39712,0
39713,0
39714,0
39715,0
39716,0
39717,0
39718,0
39719,10
39720,0
39721,0
39722,0
39723,0
39724,0
39725,0
39726,0
39727,0
39728,0
39729,0
39730,0
39731,0
39732,0
39733,0
39734,0
39735,8
39736,0
39737,0
39738,0
39739,0
39740,0
39741,0
39742,0
39743,0
39744,0
39745,0
39746,0
39747,16
39748,0
39749,0
39750,0
39751,0
39752,0
39753,0
39754,0
39755,0
39756,0
39757,0
39758,0
39759,0
39760,0
39761,0
39762,0
39763,0
39764,0
39765,0
39766,0
39767,0
39768,0
39769,0
39770,0
39771,0
39772,0
39773,0
39774,0
39775,0
39776,0
39777,0
39778,0
39779,0
39780,10
39781,0
39782,0
39783,0
39784,0
39785,0
39786,0
39787,9
39788,0
39789,0
39790,12
39791,0
39792,0
39793,0
39794,0
39795,0
39796,0
39797,0
39798,0
39799,0
39800,0
39801,0
39802,13
39803,0
39804,0
39805,0
39806,0
39807,0
39808,0
39809,11
39810,0
39811,0
39812,0
39813,0
39814,0
39815,0
39816,0
39817,0
39818,0
39819,0
39820,9
39821,0
39822,0
39823,0
39824,0
39825,0
39826,0
39827,0
39828,0
39829,11
39830,0
39831,0
39832,0
39833,0
39834,0
39835,0
39836,0
39837,0
39838,0
39839,0
39840,0
39841,0
39842,0
39843,0
39844,0
39845,0
39846,0
39847,0
39848,0
39849,0
39850,0
39851,7
39852,0
39853,0
39854,0
39855,0
39856,0
39857,0
39858,0
39859,0
39860,0
39861,0
39862,0
39863,0
39864,0
39865,0
39866,0
39867,0
39868,0
39869,0
39870,0
39871,0
39872,0
39873,0
39874,0
39875,0
39876,5
39877,0
39878,0
39879,0
39880,0
39881,0
39882,0
39883,0
39884,6
39885,0
39886,0
39887,0
39888,0
39889,0
39890,0
39891,6
39892,0
39893,0
39894,0
39895,0
39896,0
39897,0
39898,0
39899,0
39900,0
39901,0
39902,0
39903,0
39904,0
39905,0
39906,0
39907,0
39908,0
39909,0
39910,0
39911,0
39912,0
39913,0
39914,0
39915,0
39916,0
39917,0
39918,0
39919,0
39920,0
39921,0
39922,0
39923,0
39924,0
39925,0
39926,0
39927,0
39928,0
39929,0
39930,0
39931,0
39932,0
39933,0
39934,0
39935,10
39936,0
39937,0
39938,9
39939,0
39940,0
39941,0
39942,0
39943,0
39944,0
39945,0
39946,0
39947,0
39948,0
39949,0
39950,0
39951,0
39952,0
39953,0
39954,0
39955,0
39956,0
39957,0
39958,0
39959,0
39960,0
39961,0
39962,0
39963,0
39964,0
39965,0
39966,0
39967,0
39968,0
39969,3
39970,0
39971,0
39972,0
39973,0
39974,0
39975,0
39976,0
39977,0
39978,0
39979,0
39980,0
39981,0
39982,0
39983,0
39984,0
39985,0
39986,0
39987,0
39988,0
39989,0
39990,0
39991,0
39992,0
39993,0
39994,0
39995,0
39996,0
39997,0
39998,0
39999,0
40000,0
40001,0
40002,0
40003,0
40004,0
40005,0
40006,0
40007,0
40008,0
40009,0
40010,0
40011,0
40012,0
40013,0
40014,0
40015,0
40016,0
40017,0
40018,0
40019,0
40020,0
40021,0
40022,0
40023,0
40024,0
40025,0
40026,0
40027,0
40028,11
40029,0
40030,0
40031,0
40032,0
40033,0
40034,0
40035,0
40036,0
40037,0
40038,0
40039,0
40040,0
40041,0
40042,0
40043,0
40044,0
40045,0
40046,0
40047,0
40048,0
40049,0
40050,0
40051,0
40052,0
40053,0
40054,0
40055,0
40056,0
40057,0
40058,0
40059,0
40060,0
40061,0
40062,0
40063,0
40064,0
40065,0
40066,0
40067,0
40068,0
40069,0
40070,0
40071,0
40072,0
40073,0
40074,0
40075,0
40076,0
40077,0
40078,0
40079,0
40080,0
40081,0
40082,0
40083,0
40084,0
40085,0
40086,0
40087,0
40088,0
40089,0
40090,9
40091,0
40092,0
40093,0
40094,0
40095,0
40096,0
40097,0
40098,0
40099,0
40100,0
40101,0
40102,0
40103,0
40104,0
40105,0
40106,0
40107,0
40108,0
40109,0
40110,0
40111,0
40112,0
40113,0
40114,0
40115,0
40116,0
40117,0
40118,0
40119,0
40120,0
40121,0
40122,8
40123,0
40124,0
40125,0
40126,0
40127,0
40128,0
40129,0
40130,0
40131,0
40132,0
40133,0
40134,0
40135,0
40136,0
40137,0
40138,0
40139,0
40140,0
40141,0
40142,0
40143,0
40144,0
40145,0
40146,0
40147,0
40148,0
40149,0
40150,0
40151,0
40152,0
40153,0
40154,0
40155,0
40156,0
40157,0
40158,0
40159,0
40160,0
40161,0
40162,1
40163,0
40164,0
40165,0
40166,7
40167,16
40168,0
40169,0
40170,0
40171,0
40172,0
40173,0
40174,0
40175,0
40176,0
40177,0
40178,0
40179,0
40180,0
40181,0
40182,0
40183,0
40184,0
40185,0
40186,0
40187,0
40188,0
40189,0
40190,0
40191,0
40192,0
40193,0
40194,0
40195,0
40196,0
40197,0
40198,0
40199,0
40200,7
40201,0
40202,0
40203,0
40204,0
40205,0
40206,0
40207,0
40208,0
40209,0
40210,0
40211,5
40212,0
40213,0
40214,0
40215,0
40216,0
40217,0
40218,0
40219,0
40220,0
40221,0
40222,0
40223,0
40224,0
40225,0
40226,0
40227,16
40228,0
40229,0
40230,0
40231,0
40232,38
40233,30
40234,0
40235,0
40236,33
40237,0
40238,34
40239,14
40240,0
40241,0
40242,0
40243,0
40244,19
40245,22
40246,0
40247,0
40248,17
40249,0
40250,24
40251,0
40252,0
40253,29
40254,0
40255,0
40256,0
40257,0
40258,0
40259,26
40260,0
40261,0
40262,0
40263,0
40264,32
40265,33
40266,34
40267,0
40268,0
40269,0
40270,0
40271,0
40272,0
40273,0
40274,0
40275,34
40276,0
40277,0
40278,0
40279,0
40280,0
40281,0
40282,0
40283,0
40284,36
40285,19
40286,0
40287,0
40288,32
40289,0
40290,0
40291,0
40292,0
40293,0
40294,0
40295,25
40296,39
40297,0
40298,0
40299,0
40300,0
40301,0
40302,8
40303,27
40304,0
40305,0
40306,0
40307,25
40308,0
40309,0
40310,0
40311,0
40312,0
40313,38
40314,18
40315,0
40316,0
40317,0
40318,20
40319,20
40320,0
40321,0
40322,0
40323,20
40324,0
40325,13
40326,0
40327,0
40328,0
40329,0
40330,26
40331,0
40332,23
40333,0
40334,0
40335,0
40336,0
40337,0
40338,0
40339,29
40340,0
40341,0
40342,0
40343,13
40344,0
40345,0
40346,0
40347,0
40348,0
40349,0
40350,0
40351,29
40352,0
40353,21
40354,0
40355,0
40356,0
40357,0
40358,23
40359,28
40360,0
40361,0
40362,17
40363,0
40364,0
40365,27
40366,0
40367,31
40368,0
40369,0
40370,0
40371,0
40372,0
40373,0
40374,21
40375,0
40376,21
40377,0
40378,0
40379,15
40380,25
40381,0
40382,0
40383,0
40384,0
40385,0
40386,0
40387,0
40388,0
40389,0
40390,0
40391,22
40392,0
40393,0
40394,27
40395,0
40396,0
40397,0
40398,28
40399,0
40400,0
40401,0
40402,0
40403,0
40404,0
40405,0
40406,0
40407,0
40408,0
40409,15
40410,13
40411,26
40412,33
40413,0
40414,0
40415,0
40416,0
40417,0
40418,0
40419,24
40420,0
40421,0
40422,23
40423,12
40424,0
40425,0
40426,0
40427,0
40428,0
40429,0
40430,0
40431,0
40432,0
40433,0
40434,0
40435,0
40436,29
40437,42
40438,0
40439,45
40440,25
40441,22
40442,0
40443,0
40444,0
40445,0
40446,0
40447,0
40448,19
40449,18
40450,0
40451,0
40452,21
40453,0
40454,0
40455,0
40456,0
40457,0
40458,0
40459,0
40460,0
40461,36
40462,0
40463,0
40464,43
40465,34
40466,0
40467,28
40468,0
40469,0
40470,0
40471,0
40472,19
40473,0
40474,38
40475,0
40476,38
40477,0
40478,0
40479,0
40480,0
40481,0
40482,0
40483,0
40484,0
40485,0
40486,26
40487,0
40488,44
40489,37
40490,0
40491,36
40492,0
40493,0
40494,0
40495,0
40496,0
40497,32
40498,0
40499,0
40500,0
40501,0
40502,0
40503,0
40504,0
40505,27
40506,0
40507,0
40508,0
40509,0
40510,0
40511,0
40512,0
40513,0
40514,0
40515,0
40516,0
40517,0
40518,16
40519,0
40520,0
40521,18
40522,0
40523,0
40524,0
40525,0
40526,0
40527,0
40528,0
40529,0
40530,0
40531,0
40532,0
40533,0
40534,0
40535,20
40536,0
40537,0
40538,0
40539,0
40540,0
40541,24
40542,0
40543,0
40544,0
40545,0
40546,0
40547,0
40548,27
40549,34
40550,20
40551,0
40552,20
40553,24
40554,0
40555,27
40556,0
40557,0
40558,24
40559,0
40560,22
40561,0
40562,38
40563,18
40564,22
40565,32
40566,0
40567,0
40568,20
40569,0
40570,25
40571,0
40572,26
40573,0
40574,28
40575,0
40576,0
40577,0
40578,0
40579,24
40580,0
40581,0
40582,0
40583,29
40584,0
40585,0
40586,0
40587,0
40588,30
40589,0
40590,15
40591,0
40592,0
40593,0
40594,39
40595,0
40596,0
40597,34
40598,26
40599,0
40600,27
40601,31
40602,27
40603,0
40604,0
40605,0
40606,0
40607,0
40608,0
40609,0
40610,0
40611,30
40612,0
40613,17
40614,0
40615,0
40616,0
40617,0
40618,18
40619,0
40620,29
40621,0
40622,0
40623,0
40624,34
40625,0
40626,46
40627,0
40628,0
40629,0
40630,0
40631,0
40632,49
40633,0
40634,0
40635,0
40636,0
40637,34
40638,0
40639,0
40640,22
40641,0
40642,0
40643,0
40644,0
40645,58
40646,0
40647,0
40648,0
40649,0
40650,0
40651,0
40652,0
40653,0
40654,0
40655,0
40656,0
40657,0
40658,0
40659,0
40660,64
40661,39
40662,17
40663,0
40664,0
40665,0
40666,0
40667,0
40668,31
40669,0
40670,0
40671,19
40672,0
40673,27
40674,0
40675,0
40676,34
40677,0
40678,0
40679,0
40680,0
40681,20
40682,0
40683,16
40684,41
40685,36
40686,0
40687,0
40688,0
40689,0
40690,12
40691,20
40692,22
40693,0
40694,0
40695,34
40696,38
40697,0
40698,0
40699,0
40700,0
40701,27
40702,37
40703,0
40704,20
40705,50
40706,0
40707,0
40708,0
40709,0
40710,31
40711,0
40712,0
40713,17
40714,0
40715,0
40716,0
40717,0
40718,0
40719,0
40720,0
40721,0
40722,0
40723,0
40724,0
40725,0
40726,0
40727,0
40728,19
40729,0
40730,0
40731,0
40732,0
40733,0
40734,25
40735,0
40736,18
40737,0
40738,0
40739,0
40740,0
40741,0
40742,48
40743,0
40744,0
40745,0
40746,0
40747,0
40748,22
40749,0
40750,0
40751,0
40752,0
40753,0
40754,0
40755,0
40756,0
40757,18
40758,0
40759,15
40760,0
40761,0
40762,0
40763,0
40764,31
40765,0
40766,0
40767,0
40768,22
40769,0
40770,0
40771,0
40772,42
40773,27
40774,11
40775,0
40776,0
40777,41
40778,0
40779,0
40780,0
40781,20
40782,0
40783,0
40784,22
40785,38
40786,33
40787,0
40788,0
40789,28
40790,0
40791,0
40792,0
40793,27
40794,0
40795,0
40796,0
40797,0
40798,0
40799,0
40800,0
40801,0
40802,24
40803,0
40804,0
40805,0
40806,40
40807,0
40808,0
40809,13
40810,32
40811,0
40812,0
40813,0
40814,0
40815,0
40816,0
40817,0
40818,0
40819,0
40820,23
40821,25
40822,29
40823,0
40824,24
40825,0
40826,0
40827,25
40828,32
40829,0
40830,0
40831,0
40832,0
40833,0
40834,0
40835,0
40836,33
40837,0
40838,22
40839,0
40840,37
40841,0
40842,38
40843,21
40844,0
40845,0
40846,27
40847,0
40848,27
40849,17
40850,0
40851,0
40852,0
40853,0
40854,16
40855,0
40856,29
40857,0
40858,0
40859,29
40860,0
40861,0
40862,22
40863,0
40864,0
40865,33
40866,0
40867,22
40868,0
40869,0
40870,0
40871,0
40872,0
40873,45
40874,0
40875,0
40876,0
40877,0
40878,0
40879,0
40880,0
40881,0
40882,37
40883,0
40884,0
40885,0
40886,43
40887,0
40888,0
40889,0
40890,0
40891,32
40892,29
40893,21
40894,19
40895,26
40896,0
40897,0
40898,0
40899,29
40900,0
40901,15
40902,0
40903,0
40904,0
40905,16
40906,0
40907,0
40908,8
40909,0
40910,30
40911,0
40912,15
40913,33
40914,16
40915,29
40916,0
40917,0
40918,17
40919,0
40920,0
40921,0
40922,11
40923,40
40924,0
40925,0
40926,0
40927,0
40928,0
40929,28
40930,0
40931,0
40932,0
40933,53
40934,0
40935,36
40936,0
40937,0
40938,0
40939,0
40940,0
40941,0
40942,0
40943,45
40944,44
40945,0
40946,0
40947,32
40948,0
40949,0
40950,0
40951,0
40952,36
40953,0
40954,0
40955,0
40956,0
40957,34
40958,0
40959,0
40960,0
40961,0
40962,0
40963,0
40964,0
40965,0
40966,0
40967,0
40968,0
40969,0
40970,0
40971,0
40972,0
40973,0
40974,0
40975,0
40976,0
40977,0
40978,0
40979,0
40980,59
40981,0
40982,36
40983,0
40984,0
40985,0
40986,0
40987,31
40988,0
40989,0
40990,0
40991,43
40992,0
40993,42
40994,0
40995,0
40996,0
40997,47
40998,0
40999,0
41000,0
41001,40
41002,0
41003,0
41004,0
41005,0
41006,0
41007,0
41008,0
41009,0
41010,0
41011,0
41012,0
41013,0
41014,37
41015,0
41016,0
41017,0
41018,34
41019,0
41020,0
41021,0
41022,0
41023,0
41024,0
41025,0
41026,38
41027,0
41028,0
41029,41
41030,32
41031,0
41032,0
41033,54
41034,0
41035,0
41036,0
41037,0
41038,42
41039,0
41040,33
41041,42
41042,44
41043,44
41044,0
41045,34
41046,0
41047,44
41048,30
41049,0
41050,0
41051,0
41052,0
41053,0
41054,40
41055,0
41056,40
41057,39
41058,36
41059,0
41060,0
41061,0
41062,28
41063,0
41064,0
41065,0
41066,0
41067,0
41068,0
41069,43
41070,0
41071,0
41072,0
41073,0
41074,0
41075,0
41076,0
41077,0
41078,34
41079,29
41080,0
41081,39
41082,0
41083,50
41084,0
41085,0
41086,0
41087,0
41088,55
41089,44
41090,32
41091,0
41092,0
41093,0
41094,0
41095,0
41096,47
41097,0
41098,0
41099,33
41100,0
41101,33
41102,0
41103,0
41104,36
41105,0
41106,0
41107,0
41108,0
41109,0
41110,43
41111,0
41112,0
41113,0
41114,0
41115,0
41116,0
41117,36
41118,0
41119,0
41120,0
41121,0
41122,0
41123,0
41124,0
41125,0
41126,45
41127,0
41128,0
41129,0
41130,0
41131,0
41132,0
41133,0
41134,0
41135,0
41136,0
41137,0
41138,0
41139,19
41140,0
41141,43
41142,0
41143,45
41144,35
41145,0
41146,0
41147,0
41148,29
41149,0
41150,44
41151,0
41152,0
41153,0
41154,0
41155,0
41156,0
41157,0
41158,0
41159,30
41160,0
41161,0
41162,0
41163,31
41164,0
41165,0
41166,33
41167,38
41168,0
41169,0
41170,0
41171,32
41172,41
41173,0
41174,24
41175,36
41176,0
41177,0
41178,0
41179,0
41180,0
41181,0
41182,0
41183,37
41184,0
41185,0
41186,0
41187,0
41188,39
41189,0
41190,0
41191,0
41192,0
41193,34
41194,0
41195,0
41196,0
41197,35
41198,0
41199,0
41200,0
41201,0
41202,0
41203,0
41204,0
41205,0
41206,0
41207,0
41208,0
41209,0
41210,0
41211,0
41212,36
41213,29
41214,0
41215,0
41216,0
41217,50
41218,36
41219,0
41220,36
41221,0
41222,50
41223,0
41224,0
41225,0
41226,37
41227,0
41228,0
41229,40
41230,0
41231,0
41232,0
41233,0
41234,0
41235,0
41236,0
41237,0
41238,0
41239,0
41240,0
41241,0
41242,0
41243,52
41244,0
41245,0
41246,28
41247,0
41248,0
41249,50
41250,0
41251,0
41252,28
41253,34
41254,48
41255,0
41256,0
41257,0
41258,0
41259,43
41260,0
41261,39
41262,0
41263,0
41264,0
41265,0
41266,51
41267,0
41268,0
41269,0
41270,41
41271,45
41272,0
41273,0
41274,43
41275,39
41276,37
41277,34
41278,0
41279,0
41280,43
41281,0
41282,0
41283,0
41284,0
41285,0
41286,0
41287,0
41288,0
41289,0
41290,0
41291,0
41292,0
41293,0
41294,0
41295,0
41296,0
41297,0
41298,0
41299,0
41300,0
41301,39
41302,49
41303,23
41304,40
41305,0
41306,0
41307,0
41308,0
41309,0
41310,0
41311,0
41312,0
41313,0
41314,47
41315,0
41316,0
41317,0
41318,41
41319,0
41320,0
41321,39
41322,0
41323,0
41324,33
41325,0
41326,43
41327,0
41328,0
41329,0
41330,0
41331,0
41332,0
41333,45
41334,0
41335,45
41336,0
41337,0
41338,54
41339,0
41340,0
41341,0
41342,0
41343,0
41344,0
41345,0
41346,0
41347,0
41348,0
41349,0
41350,0
41351,0
41352,32
41353,0
41354,0
41355,41
41356,29
41357,0
41358,0
41359,0
41360,0
41361,0
41362,32
41363,0
41364,0
41365,0
41366,0
41367,0
41368,0
41369,0
41370,0
41371,0
41372,0
41373,33
41374,0
41375,0
41376,0
41377,0
41378,0
41379,0
41380,43
41381,0
41382,0
41383,0
41384,37
41385,0
41386,0
41387,0
41388,0
41389,0
41390,38
41391,0
41392,0
41393,0
41394,28
41395,27
41396,0
41397,0
41398,0
41399,0
41400,0
41401,52
41402,41
41403,0
41404,49
41405,0
41406,0
41407,0
41408,0
41409,0
41410,0
41411,32
41412,0
41413,0
41414,37
41415,26
41416,68
41417,0
41418,0
41419,0
41420,0
41421,41
41422,0
41423,45
41424,38
41425,33
41426,0
41427,26
41428,0
41429,35
41430,0
41431,0
41432,0
41433,0
41434,0
41435,0
41436,0
41437,0
41438,29
41439,0
41440,30
41441,0
41442,0
41443,34
41444,0
41445,0
41446,41
41447,0
41448,0
41449,0
41450,40
41451,0
41452,0
41453,0
41454,0
41455,0
41456,0
41457,43
41458,0
41459,40
41460,0
41461,31
41462,0
41463,29
41464,0
41465,0
41466,0
41467,34
41468,57
41469,0
41470,34
41471,0
41472,0
41473,0
41474,0
41475,0
41476,0
41477,0
41478,0
41479,0
41480,51
41481,0
41482,0
41483,0
41484,30
41485,0
41486,0
41487,38
41488,47
41489,33
41490,0
41491,39
41492,0
41493,0
41494,0
41495,0
41496,26
41497,0
41498,0
41499,0
41500,0
41501,0
41502,0
41503,0
41504,0
41505,0
41506,0
41507,34
41508,0
41509,0
41510,0
41511,0
41512,0
41513,28
41514,0
41515,0
41516,0
41517,0
41518,0
41519,45
41520,36
41521,0
41522,44
41523,0
41524,0
41525,0
41526,48
41527,0
41528,37
41529,0
41530,36
41531,0
41532,0
41533,0
41534,48
41535,0
41536,0
41537,34
41538,38
41539,0
41540,0
41541,0
41542,0
41543,0
41544,34
41545,0
41546,0
41547,0
41548,31
41549,0
41550,33
41551,0
41552,0
41553,0
41554,0
41555,0
41556,0
41557,0
41558,38
41559,0
41560,0
41561,29
41562,48
41563,40
41564,0
41565,0
41566,0
41567,0
41568,35
41569,0
41570,0
41571,0
41572,0
41573,0
41574,0
41575,0
41576,0
41577,0
41578,0
41579,0
41580,0
41581,44
41582,0
41583,0
41584,0
41585,0
41586,0
41587,0
41588,41
41589,0
41590,0
41591,0
41592,0
41593,0
41594,0
41595,0
41596,0
41597,34
41598,0
41599,0
41600,0
41601,0
41602,0
41603,0
41604,0
41605,41
41606,0
41607,0
41608,32
41609,0
41610,29
41611,0
41612,0
41613,52
41614,0
41615,0
41616,0
41617,0
41618,32
41619,0
41620,0
41621,0
41622,0
41623,0
41624,0
41625,36
41626,0
41627,0
41628,0
41629,0
41630,0
41631,0
41632,41
41633,38
41634,30
41635,0
41636,0
41637,0
41638,0
41639,0
41640,0
41641,0
41642,0
41643,0
41644,0
41645,0
41646,44
41647,0
41648,0
41649,0
41650,0
41651,0
41652,0
41653,0
41654,0
41655,0
41656,0
41657,0
41658,0
41659,0
41660,31
41661,0
41662,0
41663,32
41664,0
41665,0
41666,0
41667,0
41668,35
41669,0
41670,31
41671,0
41672,0
41673,0
41674,0
41675,0
41676,0
41677,0
41678,0
41679,51
41680,0
41681,0
41682,0
41683,0
41684,0
41685,0
41686,24
41687,26
41688,0
41689,0
41690,33
41691,33
41692,24
41693,0
41694,0
41695,30
41696,45
41697,0
41698,0
41699,50
41700,29
41701,0
41702,0
41703,0
41704,0
41705,0
41706,0
41707,0
41708,33
41709,46
41710,0
41711,0
41712,0
41713,0
41714,0
41715,40
41716,0
41717,0
41718,0
41719,0
41720,0
41721,0
41722,0
41723,0
41724,0
41725,0
41726,0
41727,31
41728,0
41729,0
41730,0
41731,0
41732,50
41733,46
41734,0
41735,0
41736,0
41737,0
41738,35
41739,0
41740,0
41741,0
41742,0
41743,0
41744,0
41745,0
41746,0
41747,0
41748,30
41749,0
41750,0
41751,51
41752,43
41753,32
41754,0
41755,0
41756,0
41757,32
41758,0
41759,0
41760,0
41761,0
41762,40
41763,0
41764,0
41765,0
41766,0
41767,0
41768,0
41769,0
41770,30
41771,20
41772,35
41773,0
41774,0
41775,0
41776,38
41777,32
41778,0
41779,0
41780,0
41781,0
41782,43
41783,0
41784,0
41785,0
41786,23
41787,0
41788,0
41789,0
41790,0
41791,0
41792,0
41793,25
41794,26
41795,0
41796,0
41797,0
41798,0
41799,0
41800,36
41801,44
41802,42
41803,32
41804,0
41805,0
41806,0
41807,0
41808,0
41809,0
41810,0
41811,0
41812,0
41813,0
41814,0
41815,28
41816,37
41817,0
41818,0
41819,0
41820,0
41821,0
41822,0
41823,0
41824,39
41825,0
41826,0
41827,0
41828,0
41829,0
41830,0
41831,0
41832,0
41833,0
41834,0
41835,0
41836,0
41837,0
41838,53
41839,37
41840,0
41841,0
41842,56
41843,32
41844,29
41845,30
41846,0
41847,0
41848,0
41849,0
41850,0
41851,0
41852,0
41853,0
41854,0
41855,0
41856,0
41857,33
41858,41
41859,0
41860,0
41861,41
41862,52
41863,0
41864,29
41865,48
41866,37
41867,0
41868,0
41869,0
41870,0
41871,0
41872,0
41873,0
41874,0
41875,0
41876,0
41877,0
41878,0
41879,37
41880,0
41881,0
41882,39
41883,0
41884,44
41885,0
41886,0
41887,42
41888,0
41889,0
41890,34
41891,0
41892,0
41893,0
41894,0
41895,37
41896,39
41897,0
41898,0
41899,0
41900,14
41901,0
41902,0
41903,0
41904,0
41905,0
41906,37
41907,0
41908,0
41909,0
41910,0
41911,0
41912,0
41913,0
41914,0
41915,0
41916,0
41917,0
41918,52
41919,0
41920,0
41921,0
41922,0
41923,42
41924,0
41925,0
41926,33
41927,0
41928,0
41929,0
41930,0
41931,0
41932,0
41933,0
41934,0
41935,36
41936,0
41937,31
41938,0
41939,0
41940,0
41941,0
41942,31
41943,0
41944,32
41945,0
41946,0
41947,0
41948,0
41949,0
41950,0
41951,0
41952,0
41953,0
41954,34
41955,35
41956,0
41957,0
41958,0
41959,34
41960,0
41961,0
41962,0
41963,47
41964,0
41965,0
41966,0
41967,0
41968,0
41969,38
41970,0
41971,0
41972,0
41973,0
41974,0
41975,36
41976,0
41977,24
41978,0
41979,0
41980,0
41981,0
41982,0
41983,0
41984,0
41985,0
41986,0
41987,0
41988,0
41989,0
41990,0
41991,31
41992,0
41993,0
41994,0
41995,0
41996,0
41997,0
41998,0
41999,27
42000,0
42001,0
42002,0
42003,0
42004,0
42005,35
42006,38
42007,0
42008,27
42009,0
42010,0
42011,0
42012,33
42013,45
42014,0
42015,0
42016,0
42017,0
42018,37
42019,0
42020,32
42021,0
42022,0
42023,0
42024,0
42025,0
42026,0
42027,0
42028,0
42029,0
42030,25
42031,0
42032,0
42033,0
42034,0
42035,0
42036,0
42037,0
42038,33
42039,42
42040,0
42041,0
42042,0
42043,0
42044,0
42045,36
42046,0
42047,0
42048,0
42049,0
42050,0
42051,47
42052,35
42053,0
42054,0
42055,0
42056,0
42057,0
42058,0
42059,0
42060,0
42061,0
42062,0
42063,0
42064,40
42065,41
42066,0
42067,0
42068,0
42069,39
42070,0
42071,0
42072,0
42073,0
42074,22
42075,0
42076,58
42077,0
42078,27
42079,43
42080,0
42081,0
42082,0
42083,40
42084,0
42085,0
42086,0
42087,34
42088,0
42089,0
42090,0
42091,0
42092,0
42093,35
42094,0
42095,0
42096,0
42097,0
42098,0
42099,0
42100,0
42101,0
42102,42
42103,0
42104,0
42105,35
42106,0
42107,0
42108,0
42109,38
42110,0
42111,0
42112,30
42113,0
42114,0
42115,0
42116,0
42117,0
42118,0
42119,0
42120,0
42121,29
42122,0
42123,43
42124,0
42125,0
42126,0
42127,0
42128,0
42129,0
42130,0
42131,41
42132,0
42133,35
42134,0
42135,23
42136,22
42137,0
42138,0
42139,0
42140,0
42141,0
42142,0
42143,0
42144,0
42145,0
42146,0
42147,29
42148,0
42149,30
42150,0
42151,36
42152,0
42153,33
42154,0
42155,23
42156,0
42157,0
42158,39
42159,31
42160,0
42161,0
42162,0
42163,0
42164,0
42165,0
42166,36
42167,0
42168,0
42169,34
42170,53
42171,45
42172,0
42173,40
42174,0
42175,39
42176,0
42177,0
42178,0
42179,0
42180,0
42181,39
42182,0
42183,38
42184,40
42185,0
42186,0
42187,44
42188,0
42189,0
42190,0
42191,47
42192,0
42193,0
42194,0
42195,0
42196,0
42197,0
42198,27
42199,0
42200,0
42201,0
42202,0
42203,0
42204,34
42205,0
42206,0
42207,0
42208,0
42209,0
42210,61
42211,53
42212,0
42213,0
42214,0
42215,35
42216,0
42217,39
42218,0
42219,0
42220,0
42221,0
42222,0
42223,0
42224,0
42225,26
42226,30
42227,0
42228,0
42229,0
42230,35
42231,0
42232,0
42233,0
42234,0
42235,0
42236,35
42237,0
42238,0
42239,0
42240,0
42241,0
42242,0
42243,0
42244,38
42245,38
42246,0
42247,0
42248,0
42249,0
42250,0
42251,0
42252,26
42253,0
42254,0
42255,0
42256,0
42257,40
42258,0
42259,0
42260,37
42261,0
42262,28
42263,37
42264,0
42265,0
42266,0
42267,0
42268,38
42269,0
42270,0
42271,44
42272,0
42273,0
42274,39
42275,0
42276,0
42277,40
42278,0
42279,0
42280,0
42281,0
42282,0
42283,0
42284,0
42285,39
42286,0
42287,0
42288,0
42289,35
42290,0
42291,28
42292,0
42293,0
42294,30
42295,0
42296,0
42297,0
42298,0
42299,27
42300,0
42301,0
42302,0
42303,0
42304,0
42305,0
42306,0
42307,0
42308,0
42309,0
42310,0
42311,0
42312,0
42313,0
42314,11
42315,0
42316,12
42317,0
42318,0
42319,0
42320,0
42321,0
42322,10
42323,0
42324,0
42325,8
42326,0
42327,0
42328,0
42329,0
42330,0
42331,0
42332,0
42333,0
42334,0
42335,0
42336,0
42337,16
42338,11
42339,10
42340,0
42341,0
42342,0
42343,0
42344,16
42345,0
42346,8
42347,12
42348,0
42349,0
42350,0
42351,0
42352,0
42353,0
42354,0
42355,0
42356,12
42357,0
42358,0
42359,0
42360,0
42361,0
42362,0
42363,0
42364,0
42365,19
42366,0
42367,10
42368,0
42369,0
42370,3
42371,0
42372,0
42373,14
42374,0
42375,0
42376,0
42377,0
42378,0
42379,0
42380,0
42381,0
42382,8
42383,8
42384,0
42385,13
42386,0
42387,0
42388,0
42389,0
42390,0
42391,8
42392,0
42393,0
42394,0
42395,0
42396,5
42397,0
42398,0
42399,8
42400,0
42401,12
42402,0
42403,0
42404,0
42405,15
42406,0
42407,0
42408,4
42409,0
42410,11
42411,0
42412,17
42413,0
42414,0
42415,0
42416,0
42417,0
42418,0
42419,10
42420,0
42421,0
42422,0
42423,0
42424,0
42425,0
42426,0
42427,13
42428,10
42429,0
42430,0
42431,0
42432,0
42433,7
42434,0
42435,13
42436,0
42437,15
42438,0
42439,0
42440,0
42441,0
42442,0
42443,0
42444,11
42445,0
42446,6
42447,0
42448,0
42449,0
42450,0
42451,10
42452,8
42453,11
42454,0
42455,0
42456,0
42457,0
42458,0
42459,7
42460,0
42461,5
42462,0
42463,0
42464,0
42465,0
42466,0
42467,0
42468,0
42469,6
42470,0
42471,0
42472,0
42473,0
42474,0
42475,0
42476,0
42477,0
42478,0
42479,0
42480,8
42481,0
42482,0
42483,0
42484,10
42485,0
42486,10
42487,0
42488,10
42489,0
42490,0
42491,0
42492,13
42493,0
42494,0
42495,0
42496,0
42497,0
42498,0
42499,0
42500,0
42501,0
42502,0
42503,0
42504,0
42505,0
42506,0
42507,0
42508,0
42509,0
42510,0
42511,11
42512,5
42513,0
42514,0
42515,0
42516,8
42517,8
42518,0
42519,6
42520,0
42521,8
42522,0
42523,0
42524,0
42525,0
42526,0
42527,0
42528,0
42529,0
42530,0
42531,0
42532,0
42533,0
42534,0
42535,9
42536,0
42537,0
42538,0
42539,0
42540,0
42541,0
42542,0
42543,0
42544,0
42545,0
42546,0
42547,0
42548,0
42549,0
42550,0
42551,0
42552,0
42553,6
42554,0
42555,0
42556,0
42557,0
42558,0
42559,0
42560,0
42561,0
42562,0
42563,0
42564,0
42565,0
42566,0
42567,0
42568,0
42569,0
42570,0
42571,0
42572,0
42573,11
42574,7
42575,11
42576,0
42577,0
42578,0
42579,0
42580,0
42581,12
42582,0
42583,9
42584,0
42585,0
42586,0
42587,0
42588,0
42589,15
42590,0
42591,5
42592,0
42593,0
42594,0
42595,9
42596,0
42597,15
42598,0
42599,6
42600,0
42601,0
42602,11
42603,0
42604,8
42605,0
42606,0
42607,12
42608,13
42609,0
42610,0
42611,14
42612,4
42613,7
42614,0
42615,0
42616,0
42617,0
42618,0
42619,0
42620,0
42621,13
42622,0
42623,0
42624,0
42625,0
42626,0
42627,0
42628,4
42629,0
42630,0
42631,0
42632,0
42633,0
42634,11
42635,8
42636,0
42637,0
42638,0
42639,0
42640,0
42641,12
42642,0
42643,0
42644,0
42645,0
42646,0
42647,0
42648,0
42649,0
42650,0
42651,6
42652,0
42653,0
42654,0
42655,0
42656,0
42657,0
42658,0
42659,0
42660,0
42661,11
42662,0
42663,0
42664,0
42665,0
42666,0
42667,0
42668,0
42669,0
42670,11
42671,0
42672,9
42673,0
42674,10
42675,11
42676,0
42677,0
42678,0
42679,0
42680,0
42681,0
42682,0
42683,0
42684,0
42685,10
42686,0
42687,0
42688,0
42689,0
42690,0
42691,0
42692,9
42693,6
42694,0
42695,8
42696,0
42697,7
42698,0
42699,0
42700,0
42701,13
42702,0
42703,0
42704,0
42705,12
42706,8
42707,0
42708,13
42709,5
42710,0
42711,6
42712,0
42713,0
42714,0
42715,0
42716,0
42717,14
42718,0
42719,0
42720,21
42721,0
42722,0
42723,0
42724,0
42725,0
42726,0
42727,14
42728,0
42729,12
42730,0
42731,0
42732,9
42733,0
42734,0
42735,4
42736,0
42737,0
42738,0
42739,0
42740,12
42741,0
42742,0
42743,0
42744,0
42745,0
42746,13
42747,0
42748,0
42749,0
42750,0
42751,10
42752,0
42753,0
42754,0
42755,13
42756,0
42757,0
42758,0
42759,0
42760,0
42761,0
42762,12
42763,8
42764,0
42765,0
42766,11
42767,0
42768,0
42769,0
42770,0
42771,10
42772,0
42773,0
42774,0
42775,0
42776,0
42777,15
42778,10
42779,17
42780,0
42781,8
42782,0
42783,0
42784,0
42785,0
42786,0
42787,0
42788,0
42789,0
42790,0
42791,0
42792,0
42793,0
42794,0
42795,0
42796,0
42797,0
42798,0
42799,7
42800,0
42801,0
42802,0
42803,0
42804,0
42805,0
42806,5
42807,4
42808,7
42809,3
42810,0
42811,0
42812,0
42813,5
42814,0
42815,0
42816,16
42817,7
42818,0
42819,0
42820,0
42821,0
42822,0
42823,0
42824,9
42825,0
42826,0
42827,7
42828,0
42829,0
42830,0
42831,6
42832,0
42833,0
42834,0
42835,7
42836,0
42837,8
42838,0
42839,6
42840,0
42841,0
42842,4
42843,0
42844,0
42845,0
42846,0
42847,0
42848,4
42849,0
42850,0
42851,0
42852,0
42853,0
42854,0
42855,0
42856,0
42857,0
42858,0
42859,0
42860,5
42861,0
42862,0
42863,0
42864,0
42865,0
42866,0
42867,0
42868,7
42869,0
42870,0
42871,0
42872,0
42873,7
42874,9
42875,0
42876,0
42877,0
42878,0
42879,8
42880,3
42881,7
42882,0
42883,7
42884,0
42885,0
42886,10
42887,0
42888,3
42889,0
42890,0
42891,0
42892,0
42893,0
42894,0
42895,0
42896,0
42897,0
42898,23
42899,0
42900,0
42901,0
42902,0
42903,0
42904,26
42905,0
42906,25
42907,47
42908,55
42909,0
42910,0
42911,0
42912,0
42913,49
42914,0
42915,0
42916,37
42917,0
42918,0
42919,0
42920,0
42921,21
42922,39
42923,28
42924,0
42925,48
42926,0
42927,0
42928,0
42929,41
42930,0
42931,38
42932,0
42933,0
42934,54
42935,37
42936,0
42937,0
42938,0
42939,31
42940,36
42941,0
42942,0
42943,29
42944,0
42945,0
42946,0
42947,51
42948,0
42949,0
42950,0
42951,0
42952,0
42953,0
42954,0
42955,47
42956,28
42957,0
42958,0
42959,0
42960,0
42961,0
42962,0
42963,0
42964,0
42965,0
42966,0
42967,42
42968,28
42969,0
42970,59
42971,37
42972,27
42973,0
42974,0
42975,0
42976,0
42977,0
42978,0
42979,0
42980,0
42981,0
42982,0
42983,0
42984,22
42985,0
42986,0
42987,39
42988,28
42989,27
42990,0
42991,0
42992,0
42993,0
42994,0
42995,0
42996,0
42997,0
42998,29
42999,0
43000,42
43001,36
43002,38
43003,0
43004,0
43005,0
43006,0
43007,0
43008,0
43009,0
43010,0
43011,34
43012,33
43013,22
43014,0
43015,0
43016,25
43017,0
43018,44
43019,0
43020,0
43021,0
43022,34
43023,0
43024,0
43025,0
43026,0
43027,0
43028,0
43029,41
43030,36
43031,0
43032,0
43033,0
43034,0
43035,0
43036,0
43037,0
43038,0
43039,0
43040,0
43041,0
43042,0
43043,37
43044,0
43045,0
43046,0
43047,0
43048,43
43049,0
43050,0
43051,0
43052,0
43053,0
43054,0
43055,0
43056,22
43057,0
43058,0
43059,43
43060,0
43061,0
43062,0
43063,0
43064,0
43065,0
43066,0
43067,0
43068,0
43069,34
43070,62
43071,0
43072,37
43073,31
43074,0
43075,0
43076,55
43077,0
43078,39
43079,0
43080,0
43081,28
43082,0
43083,0
43084,0
43085,0
43086,0
43087,0
43088,0
43089,0
43090,0
43091,0
43092,0
43093,44
43094,0
43095,44
43096,30
43097,26
43098,0
43099,0
43100,20
43101,0
43102,0
43103,0
43104,0
43105,0
43106,0
43107,0
43108,0
43109,0
43110,0
43111,0
43112,0
43113,0
43114,0
43115,0
43116,0
43117,0
43118,0
43119,0
43120,0
43121,0
43122,0
43123,0
43124,0
43125,0
43126,0
43127,0
43128,0
43129,0
43130,22
43131,31
43132,0
43133,35
43134,0
43135,32
43136,38
43137,30
43138,0
43139,0
43140,0
43141,0
43142,0
43143,0
43144,0
43145,0
43146,29
43147,37
43148,0
43149,0
43150,0
43151,0
43152,0
43153,0
43154,0
43155,0
43156,0
43157,0
43158,0
43159,0
43160,0
43161,34
43162,0
43163,0
43164,0
43165,0
43166,0
43167,57
43168,0
43169,0
43170,0
43171,0
43172,27
43173,36
43174,36
43175,0
43176,29
43177,0
43178,35
43179,0
43180,0
43181,0
43182,0
43183,0
43184,0
43185,0
43186,28
43187,0
43188,0
43189,34
43190,0
43191,38
43192,35
43193,0
43194,0
43195,0
43196,0
43197,0
43198,0
43199,0
43200,26
43201,0
43202,0
43203,0
43204,0
43205,26
43206,29
43207,0
43208,0
43209,0
43210,0
43211,0
43212,0
43213,0
43214,0
43215,30
43216,0
43217,0
43218,0
43219,53
43220,0
43221,0
43222,25
43223,40
43224,47
43225,0
43226,0
43227,0
43228,0
43229,0
43230,0
43231,0
43232,52
43233,33
43234,0
43235,0
43236,0
43237,0
43238,25
43239,0
43240,41
43241,0
43242,0
43243,0
43244,0
43245,64
43246,0
43247,0
43248,0
43249,0
43250,0
43251,43
43252,0
43253,0
43254,0
43255,0
43256,0
43257,24
43258,0
43259,60
43260,32
43261,0
43262,39
43263,39
43264,0
43265,0
43266,36
43267,0
43268,0
43269,43
43270,0
43271,0
43272,35
43273,0
43274,0
43275,0
43276,0
43277,0
43278,0
43279,21
43280,0
43281,37
43282,42
43283,0
43284,0
43285,36
43286,0
43287,0
43288,0
43289,0
43290,0
43291,42
43292,30
43293,0
43294,0
43295,0
43296,0
43297,44
43298,0
43299,22
43300,34
43301,46
43302,0
43303,0
43304,0
43305,0
43306,0
43307,0
43308,0
43309,0
43310,0
43311,0
43312,0
43313,49
43314,0
43315,0
43316,0
43317,0
43318,0
43319,0
43320,46
43321,32
43322,0
43323,41
43324,0
43325,0
43326,0
43327,60
43328,20
43329,20
43330,0
43331,0
43332,0
43333,0
43334,40
43335,0
43336,0
43337,0
43338,0
43339,0
43340,0
43341,0
43342,0
43343,0
43344,0
43345,0
43346,0
43347,0
43348,0
43349,0
43350,0
43351,0
43352,0
43353,0
43354,0
43355,0
43356,0
43357,0
43358,0
43359,0
43360,0
43361,0
43362,0
43363,0
43364,0
43365,0
43366,0
43367,0
43368,0
43369,0
43370,0
43371,0
43372,0
43373,0
43374,0
43375,0
43376,0
43377,0
43378,0
43379,0
43380,0
43381,0
43382,0
43383,0
43384,0
43385,0
43386,0
43387,0
43388,0
43389,0
43390,0
43391,0
43392,0
43393,0
43394,0
43395,0
43396,0
43397,0
43398,0
43399,0
43400,0
43401,0
43402,0
43403,0
43404,0
43405,0
43406,0
43407,0
43408,0
43409,0
43410,0
43411,0
43412,0
43413,0
43414,0
43415,0
43416,0
43417,0
43418,0
43419,0
43420,0
43421,0
43422,0
43423,0
43424,0
43425,0
43426,0
43427,0
43428,0
43429,0
43430,0
43431,0
43432,0
43433,0
43434,0
43435,0
43436,0
43437,0
43438,0
43439,0
43440,0
43441,0
43442,0
43443,0
43444,0
43445,0
43446,0
43447,0
43448,0
43449,0
43450,0
43451,0
43452,0
43453,0
43454,0
43455,0
43456,0
43457,0
43458,0
43459,0
43460,0
43461,0
43462,0
43463,0
43464,0
43465,0
43466,1
43467,0
43468,0
43469,0
43470,0
43471,0
43472,0
43473,0
43474,0
43475,0
43476,0
43477,0
43478,0
43479,0
43480,0
43481,0
43482,0
43483,0
43484,0
43485,0
43486,0
43487,0
43488,0
43489,0
43490,0
43491,0
43492,0
43493,0
43494,0
43495,0
43496,0
43497,0
43498,0
43499,0
43500,0
43501,0
43502,0
43503,0
43504,0
43505,0
43506,0
43507,0
43508,0
43509,0
43510,0
43511,0
43512,0
43513,0
43514,0
43515,0
43516,0
43517,0
43518,0
43519,0
43520,0
43521,0
43522,0
43523,0
43524,0
43525,0
43526,0
43527,0
43528,0
43529,0
43530,0
43531,0
43532,0
43533,0
43534,0
43535,0
43536,0
43537,0
43538,0
43539,0
43540,0
43541,0
43542,0
43543,0
43544,0
43545,0
43546,0
43547,0
43548,0
43549,0
43550,0
43551,0
43552,0
43553,0
43554,0
43555,0
43556,0
43557,0
43558,0
43559,0
43560,0
43561,0
43562,0
43563,0
43564,0
43565,0
43566,0
43567,0
43568,0
43569,0
43570,0
43571,0
43572,0
43573,0
43574,0
43575,0
43576,0
43577,0
43578,0
43579,0
43580,0
43581,0
43582,0
43583,0
43584,0
43585,0
43586,0
43587,0
43588,0
43589,0
43590,0
43591,0
43592,0
43593,0
43594,0
43595,0
43596,0
43597,0
43598,0
43599,0
43600,0
43601,0
43602,0
43603,0
43604,0
43605,0
43606,0
43607,0
43608,0
43609,0
43610,0
43611,0
43612,0
43613,0
43614,0
43615,0
43616,0
43617,0
43618,0
43619,0
43620,0
43621,0
43622,0
43623,0
43624,0
43625,0
43626,0
43627,1
43628,0
43629,0
43630,0
43631,0
43632,0
43633,0
43634,0
43635,0
43636,0
43637,0
43638,0
43639,0
43640,0
43641,0
43642,0
43643,0
43644,0
43645,0
43646,0
43647,0
43648,0
43649,0
43650,0
43651,0
43652,0
43653,0
43654,0
43655,0
43656,0
43657,0
43658,0
43659,0
43660,0
43661,0
43662,0
43663,0
43664,0
43665,0
43666,0
43667,0
43668,0
43669,0
43670,0
43671,0
43672,0
43673,0
43674,0
43675,0
43676,0
43677,0
43678,0
43679,0
43680,0
43681,0
43682,0
43683,0
43684,0
43685,0
43686,0
43687,0
43688,0
43689,0
43690,0
43691,0
43692,0
43693,0
43694,0
43695,0
43696,0
43697,0
43698,0
43699,0
43700,0
43701,0
43702,0
43703,0
43704,0
43705,0
43706,0
43707,0
43708,0
43709,0
43710,0
43711,0
43712,0
43713,0
43714,0
43715,0
43716,0
43717,0
43718,0
43719,0
43720,0
43721,0
43722,0
43723,0
43724,0
43725,0
43726,0
43727,0
43728,0
43729,0
43730,0
43731,0
43732,0
43733,0
43734,0
43735,0
43736,0
43737,0
43738,0
43739,0
43740,0
43741,0
43742,0
43743,0
43744,33
43745,27
43746,0
43747,0
43748,0
43749,0
43750,0
43751,0
43752,0
43753,0
43754,27
43755,0
43756,0
43757,0
43758,0
43759,0
43760,0
43761,0
43762,0
43763,0
43764,21
43765,0
43766,0
43767,0
43768,0
43769,0
43770,0
43771,0
43772,0
43773,0
43774,0
43775,0
43776,0
43777,19
43778,0
43779,33
43780,0
43781,0
43782,0
43783,0
43784,0
43785,23
43786,19
43787,22
43788,0
43789,19
43790,0
43791,31
43792,0
43793,0
43794,0
43795,0
43796,33
43797,25
43798,0
43799,0
43800,0
43801,0
43802,0
43803,0
43804,0
43805,0
43806,0
43807,0
43808,0
43809,0
43810,0
43811,0
43812,0
43813,0
43814,0
43815,0
43816,22
43817,30
43818,26
43819,37
43820,0
43821,0
43822,0
43823,28
43824,0
43825,0
43826,26
43827,0
43828,0
43829,0
43830,0
43831,0
43832,21
43833,17
43834,0
43835,0
43836,0
43837,0
43838,0
43839,0
43840,0
43841,28
43842,0
43843,0
43844,0
43845,0
43846,26
43847,0
43848,22
43849,0
43850,28
43851,23
43852,0
43853,27
43854,0
43855,0
43856,0
43857,0
43858,0
43859,29
43860,21
43861,30
43862,0
43863,0
43864,39
43865,0
43866,0
43867,16
43868,0
43869,0
43870,0
43871,33
43872,0
43873,39
43874,0
43875,0
43876,0
43877,0
43878,42
43879,0
43880,0
43881,30
43882,40
43883,28
43884,0
43885,0
43886,0
43887,0
43888,22
43889,0
43890,0
43891,0
43892,0
43893,0
43894,0
43895,0
43896,0
43897,0
43898,0
43899,0
43900,0
43901,26
43902,37
43903,0
43904,0
43905,29
43906,0
43907,0
43908,0
43909,0
43910,0
43911,0
43912,0
43913,0
43914,0
43915,0
43916,0
43917,36
43918,0
43919,39
43920,0
43921,0
43922,0
43923,0
43924,0
43925,0
43926,0
43927,0
43928,0
43929,0
43930,0
43931,0
43932,30
43933,0
43934,0
43935,43
43936,0
43937,0
43938,44
43939,0
43940,0
43941,0
43942,0
43943,23
43944,0
43945,41
43946,30
43947,0
43948,0
43949,0
43950,0
43951,50
43952,0
43953,36
43954,0
43955,0
43956,0
43957,0
43958,0
43959,0
43960,0
43961,0
43962,0
43963,0
43964,34
43965,0
43966,35
43967,0
43968,0
43969,29
43970,0
43971,0
43972,24
43973,0
43974,21
43975,0
43976,0
43977,0
43978,0
43979,0
43980,0
43981,26
43982,26
43983,0
43984,0
43985,0
43986,0
43987,0
43988,0
43989,0
43990,0
43991,0
43992,0
43993,0
43994,0
43995,0
43996,0
43997,17
43998,41
43999,47
44000,0
44001,38
44002,0
44003,0
44004,0
44005,24
44006,0
44007,0
44008,34
44009,0
44010,0
44011,0
44012,0
44013,0
44014,0
44015,16
44016,0
44017,0
44018,0
44019,0
44020,29
44021,0
44022,0
44023,0
44024,33
44025,0
44026,0
44027,36
44028,35
44029,0
44030,0
44031,0
44032,0
44033,58
44034,0
44035,0
44036,0
44037,0
44038,0
44039,23
44040,0
44041,0
44042,0
44043,0
44044,0
44045,13
44046,34
44047,0
44048,0
44049,35
44050,0
44051,0
44052,29
44053,0
44054,42
44055,0
44056,0
44057,0
44058,0
44059,0
44060,0
44061,0
44062,40
44063,0
44064,0
44065,0
44066,0
44067,0
44068,0
44069,32
44070,0
44071,0
44072,0
44073,0
44074,0
44075,0
44076,0
44077,0
44078,28
44079,0
44080,0
44081,0
44082,0
44083,0
44084,0
44085,0
44086,34
44087,0
44088,39
44089,0
44090,0
44091,0
44092,0
44093,0
44094,58
44095,24
44096,0
44097,0
44098,41
44099,29
44100,0
44101,46
44102,0
44103,0
44104,0
44105,44
44106,0
44107,0
44108,0
44109,33
44110,0
44111,26
44112,0
44113,0
44114,0
44115,0
44116,46
44117,31
44118,0
44119,0
44120,0
44121,0
44122,0
44123,0
44124,0
44125,32
44126,0
44127,0
44128,0
44129,29
44130,41
44131,42
44132,39
44133,0
44134,0
44135,21
44136,0
44137,0
44138,0
44139,0
44140,0
44141,0
44142,0
44143,0
44144,0
44145,0
44146,0
44147,31
44148,0
44149,39
44150,0
44151,0
44152,29
44153,0
44154,44
44155,0
44156,0
44157,46
44158,0
44159,29
44160,0
44161,39
44162,0
44163,17
44164,0
44165,0
44166,53
44167,0
44168,63
44169,0
44170,0
44171,0
44172,26
44173,0
44174,33
44175,0
44176,0
44177,0
44178,22
44179,0
44180,0
44181,0
44182,0
44183,0
44184,0
44185,25
44186,0
44187,0
44188,31
44189,0
44190,20
44191,0
44192,0
44193,0
44194,0
44195,0
44196,0
44197,43
44198,44
44199,41
44200,0
44201,0
44202,42
44203,0
44204,0
44205,0
44206,0
44207,28
44208,0
44209,36
44210,0
44211,42
44212,0
44213,0
44214,26
44215,0
44216,0
44217,38
44218,38
44219,0
44220,0
44221,22
44222,0
44223,0
44224,0
44225,0
44226,0
44227,0
44228,0
44229,0
44230,0
44231,0
44232,17
44233,0
44234,0
44235,0
44236,0
44237,34
44238,0
44239,34
44240,0
44241,50
44242,33
44243,0
44244,0
44245,0
44246,30
44247,0
44248,0
44249,0
44250,0
44251,0
44252,0
44253,0
44254,0
44255,0
44256,0
44257,0
44258,45
44259,0
44260,0
44261,0
44262,0
44263,0
44264,0
44265,0
44266,0
44267,0
44268,0
44269,0
44270,0
44271,0
44272,0
44273,47
44274,0
44275,0
44276,0
44277,0
44278,0
44279,0
44280,35
44281,27
44282,0
44283,27
44284,0
44285,0
44286,0
44287,0
44288,0
44289,28
44290,0
44291,36
44292,0
44293,0
44294,24
44295,0
44296,0
44297,0
44298,0
44299,0
44300,0
44301,26
44302,0
44303,0
44304,0
44305,0
44306,0
44307,0
44308,0
44309,0
44310,0
44311,0
44312,0
44313,0
44314,0
44315,0
44316,44
44317,0
44318,0
44319,0
44320,0
44321,0
44322,32
44323,40
44324,21
44325,0
44326,0
44327,0
44328,0
44329,45
44330,0
44331,49
44332,0
44333,0
44334,0
44335,0
44336,0
44337,0
44338,0
44339,0
44340,0
44341,0
44342,0
44343,0
44344,0
44345,0
44346,42
44347,26
44348,0
44349,0
44350,0
44351,0
44352,0
44353,0
44354,0
44355,0
44356,26
44357,0
44358,0
44359,0
44360,0
44361,0
44362,0
44363,29
44364,0
44365,0
44366,0
44367,26
44368,0
44369,0
44370,0
44371,0
44372,0
44373,0
44374,0
44375,23
44376,0
44377,0
44378,0
44379,0
44380,0
44381,0
44382,0
44383,0
44384,0
44385,17
44386,34
44387,0
44388,0
44389,0
44390,0
44391,0
44392,50
44393,44
44394,0
44395,0
44396,0
44397,13
44398,11
44399,27
44400,0
44401,24
44402,25
44403,0
44404,0
44405,11
44406,0
44407,28
44408,16
44409,0
44410,0
44411,0
44412,0
44413,0
44414,0
44415,0
44416,0
44417,0
44418,13
44419,10
44420,0
44421,0
44422,0
44423,28
44424,0
44425,0
44426,0
44427,21
44428,17
44429,0
44430,0
44431,0
44432,20
44433,10
44434,0
44435,13
44436,13
44437,0
44438,0
44439,0
44440,0
44441,20
44442,0
44443,0
44444,0
44445,0
44446,0
44447,0
44448,0
44449,0
44450,0
44451,0
44452,32
44453,17
44454,0
44455,0
44456,0
44457,0
44458,0
44459,26
44460,0
44461,0
44462,0
44463,0
44464,0
44465,0
44466,0
44467,0
44468,0
44469,0
44470,0
44471,0
44472,0
44473,0
44474,24
44475,0
44476,0
44477,0
44478,0
44479,16
44480,0
44481,10
44482,0
44483,0
44484,0
44485,0
44486,0
44487,0
44488,0
44489,0
44490,29
44491,0
44492,0
44493,0
44494,0
44495,0
44496,0
44497,10
44498,0
44499,0
44500,0
44501,0
44502,33
44503,29
44504,0
44505,0
44506,0
44507,0
44508,0
44509,0
44510,29
44511,0
44512,0
44513,0
44514,0
44515,0
44516,0
44517,0
44518,0
44519,0
44520,24
44521,18
44522,0
44523,0
44524,0
44525,0
44526,0
44527,39
44528,0
44529,23
44530,0
44531,0
44532,0
44533,0
44534,10
44535,0
44536,0
44537,0
44538,0
44539,0
44540,0
44541,0
44542,9
44543,0
44544,20
44545,0
44546,0
44547,0
44548,12
44549,0
44550,0
44551,25
44552,0
44553,26
44554,0
44555,0
44556,0
44557,0
44558,0
44559,0
44560,0
44561,0
44562,0
44563,0
44564,0
44565,0
44566,0
44567,0
44568,0
44569,0
44570,24
44571,0
44572,0
44573,16
44574,0
44575,31
44576,0
44577,0
44578,0
44579,8
44580,41
44581,0
44582,31
44583,0
44584,18
44585,0
44586,0
44587,12
44588,0
44589,22
44590,0
44591,0
44592,0
44593,0
44594,0
44595,0
44596,27
44597,33
44598,0
44599,29
44600,0
44601,0
44602,22
44603,0
44604,0
44605,0
44606,16
44607,0
44608,0
44609,0
44610,29
44611,0
44612,0
44613,25
44614,0
44615,0
44616,0
44617,0
44618,0
44619,0
44620,0
44621,18
44622,0
44623,0
44624,0
44625,0
44626,0
44627,0
44628,0
44629,0
44630,12
44631,0
44632,18
44633,0
44634,19
44635,0
44636,0
44637,16
44638,0
44639,0
44640,22
44641,19
44642,28
44643,0
44644,4
44645,12
44646,20
44647,0
44648,0
44649,0
44650,12
44651,12
44652,0
44653,33
44654,0
44655,0
44656,0
44657,0
44658,0
44659,0
44660,0
44661,0
44662,33
44663,0
44664,0
44665,0
44666,0
44667,0
44668,0
44669,0
44670,19
44671,0
44672,0
44673,0
44674,0
44675,9
44676,0
44677,0
44678,0
44679,15
44680,0
44681,50
44682,0
44683,28
44684,0
44685,28
44686,0
44687,0
44688,0
44689,0
44690,0
44691,0
44692,0
44693,0
44694,0
44695,0
44696,0
44697,36
44698,0
44699,0
44700,0
44701,12
44702,0
44703,0
44704,0
44705,0
44706,0
44707,28
44708,0
44709,0
44710,0
44711,0
44712,35
44713,0
44714,0
44715,0
44716,13
44717,12
44718,0
44719,0
44720,0
44721,0
44722,0
44723,0
44724,0
44725,0
44726,0
44727,0
44728,0
44729,25
44730,0
44731,19
44732,0
44733,0
44734,0
44735,24
44736,0
44737,13
44738,0
44739,0
44740,0
44741,0
44742,0
44743,0
44744,34
44745,0
44746,24
44747,0
44748,0
44749,0
44750,0
44751,0
44752,0
44753,0
44754,0
44755,0
44756,0
44757,0
44758,0
44759,0
44760,8
44761,0
44762,21
44763,0
44764,0
44765,0
44766,0
44767,0
44768,0
44769,0
44770,13
44771,22
44772,0
44773,0
44774,0
44775,0
44776,0
44777,0
44778,0
44779,0
44780,0
44781,0
44782,0
44783,0
44784,0
44785,15
44786,0
44787,17
44788,27
44789,0
44790,0
44791,0
44792,29
44793,0
44794,0
44795,16
44796,0
44797,0
44798,0
44799,25
44800,0
44801,0
44802,0
44803,0
44804,0
44805,0
44806,0
44807,0
44808,0
44809,0
44810,0
44811,0
44812,0
44813,0
44814,0
44815,0
44816,0
44817,35
44818,0
44819,0
44820,0
44821,26
44822,0
44823,35
44824,0
44825,0
44826,21
44827,15
44828,0
44829,19
44830,0
44831,0
44832,10
44833,0
44834,0
44835,0
44836,0
44837,0
44838,8
44839,0
44840,12
44841,0
44842,0
44843,0
44844,0
44845,21
44846,0
44847,0
44848,0
44849,0
44850,0
44851,0
44852,0
44853,0
44854,0
44855,0
44856,0
44857,0
44858,0
44859,0
44860,0
44861,0
44862,0
44863,7
44864,0
44865,0
44866,0
44867,0
44868,24
44869,22
44870,0
44871,35
44872,0
44873,0
44874,0
44875,0
44876,0
44877,25
44878,0
44879,0
44880,21
44881,0
44882,0
44883,0
44884,0
44885,0
44886,0
44887,34
44888,0
44889,19
44890,19
44891,0
44892,32
44893,0
44894,0
44895,30
44896,0
44897,29
44898,0
44899,0
44900,31
44901,0
44902,0
44903,0
44904,29
44905,31
44906,0
44907,15
44908,0
44909,0
44910,0
44911,0
44912,11
44913,0
44914,14
44915,0
44916,0
44917,21
44918,21
44919,0
44920,0
44921,27
44922,0
44923,0
44924,0
44925,30
44926,0
44927,0
44928,12
44929,0
44930,0
44931,0
44932,0
44933,0
44934,0
44935,33
44936,0
44937,0
44938,0
44939,0
44940,23
44941,0
44942,0
44943,0
44944,0
44945,22
44946,16
44947,0
44948,0
44949,32
44950,0
44951,0
44952,0
44953,0
44954,0
44955,0
44956,0
44957,18
44958,0
44959,0
44960,0
44961,19
44962,0
44963,0
44964,0
44965,23
44966,0
44967,0
44968,0
44969,0
44970,0
44971,16
44972,21
44973,0
44974,0
44975,0
44976,0
44977,0
44978,0
44979,0
44980,16
44981,29
44982,0
44983,0
44984,0
44985,0
44986,0
44987,17
44988,0
44989,0
44990,0
44991,0
44992,0
44993,0
44994,0
44995,0
44996,0
44997,0
44998,0
44999,0
45000,32
45001,0
45002,0
45003,0
45004,0
45005,0
45006,0
45007,0
45008,0
45009,0
45010,0
45011,0
45012,0
45013,0
45014,0
45015,0
45016,0
45017,0
45018,0
45019,0
45020,20
45021,28
45022,0
45023,15
45024,0
45025,0
45026,0
45027,0
45028,23
45029,0
45030,0
45031,0
45032,0
45033,0
45034,0
45035,40
45036,0
45037,0
45038,0
45039,0
45040,0
45041,16
45042,0
45043,0
45044,16
45045,0
45046,0
45047,37
45048,0
45049,0
45050,0
45051,0
45052,0
45053,0
45054,9
45055,0
45056,0
45057,0
45058,0
45059,0
45060,18
45061,0
45062,0
45063,0
45064,34
45065,0
45066,16
45067,20
45068,0
45069,0
45070,0
45071,0
45072,0
45073,0
45074,0
45075,28
45076,0
45077,0
45078,0
45079,0
45080,0
45081,0
45082,0
45083,0
45084,20
45085,0
45086,0
45087,0
45088,0
45089,28
45090,0
45091,0
45092,0
45093,14
45094,0
45095,0
45096,0
45097,0
45098,0
45099,0
45100,0
45101,0
45102,0
45103,0
45104,20
45105,0
45106,0
45107,0
45108,22
45109,0
45110,19
45111,0
45112,15
45113,0
45114,0
45115,0
45116,0
45117,31
45118,0
45119,0
45120,0
45121,6
45122,0
45123,0
45124,0
45125,0
45126,11
45127,0
45128,0
45129,4
45130,0
45131,0
45132,0
45133,0
45134,0
45135,0
45136,0
45137,0
45138,0
45139,0
45140,0
45141,7
45142,0
45143,0
45144,0
45145,0
45146,0
45147,0
45148,0
45149,6
45150,6
45151,0
45152,0
45153,1
45154,0
45155,0
45156,0
45157,0
45158,0
45159,0
45160,0
45161,10
45162,11
45163,0
45164,3
45165,0
45166,0
45167,0
45168,0
45169,0
45170,0
45171,0
45172,0
45173,0
45174,0
45175,0
45176,0
45177,0
45178,0
45179,0
45180,0
45181,0
45182,0
45183,0
45184,0
45185,0
45186,0
45187,0
45188,0
45189,0
45190,0
45191,0
45192,6
45193,0
45194,0
45195,0
45196,0
45197,0
45198,0
45199,0
45200,0
45201,0
45202,6
45203,0
45204,0
45205,0
45206,0
45207,0
45208,0
45209,0
45210,0
45211,8
45212,0
45213,0
45214,0
45215,0
45216,7
45217,0
45218,0
45219,0
45220,0
45221,0
45222,0
45223,0
45224,0
45225,0
45226,0
45227,0
45228,2
45229,0
45230,0
45231,0
45232,0
45233,0
45234,0
45235,0
45236,0
45237,0
45238,0
45239,6
45240,0
45241,0
45242,0
45243,0
45244,12
45245,0
45246,0
45247,0
45248,0
45249,0
45250,4
45251,0
45252,7
45253,0
45254,0
45255,0
45256,0
45257,0
45258,0
45259,0
45260,0
45261,0
45262,0
45263,0
45264,0
45265,0
45266,0
45267,11
45268,0
45269,0
45270,8
45271,0
45272,0
45273,0
45274,7
45275,0
45276,0
45277,0
45278,0
45279,0
45280,0
45281,0
45282,0
45283,0
45284,0
45285,0
45286,0
45287,0
45288,0
45289,0
45290,0
45291,0
45292,0
45293,0
45294,0
45295,0
45296,0
45297,11
45298,11
45299,0
45300,0
45301,0
45302,0
45303,0
45304,0
45305,0
45306,0
45307,10
45308,0
45309,0
45310,0
45311,0
45312,0
45313,0
45314,0
45315,0
45316,0
45317,0
45318,0
45319,0
45320,0
45321,0
45322,0
45323,0
45324,0
45325,0
45326,0
45327,0
45328,3
45329,0
45330,0
45331,0
45332,0
45333,2
45334,0
45335,5
45336,0
45337,0
45338,0
45339,0
45340,0
45341,0
45342,0
45343,0
45344,0
45345,12
45346,0
45347,0
45348,0
45349,0
45350,0
45351,0
45352,0
45353,0
45354,0
45355,6
45356,0
45357,6
45358,0
45359,0
45360,4
45361,0
45362,6
45363,0
45364,0
45365,0
45366,0
45367,2
45368,0
45369,0
45370,0
45371,0
45372,0
45373,11
45374,0
45375,0
45376,8
45377,0
45378,0
45379,0
45380,0
45381,0
45382,0
45383,0
45384,0
45385,6
45386,0
45387,0
45388,0
45389,0
45390,0
45391,0
45392,0
45393,0
45394,0
45395,0
45396,0
45397,7
45398,0
45399,0
45400,0
45401,0
45402,0
45403,8
45404,0
45405,0
45406,0
45407,0
45408,9
45409,0
45410,0
45411,0
45412,0
45413,0
45414,0
45415,0
45416,0
45417,0
45418,0
45419,0
45420,0
45421,0
45422,0
45423,0
45424,0
45425,0
45426,0
45427,3
45428,0
45429,0
45430,6
45431,0
45432,0
45433,0
45434,0
45435,14
45436,0
45437,0
45438,5
45439,0
45440,0
45441,7
45442,0
45443,0
45444,4
45445,12
45446,7
45447,0
45448,0
45449,0
45450,0
45451,0
45452,0
45453,9
45454,0
45455,4
45456,0
45457,0
45458,12
45459,0
45460,0
45461,0
45462,0
45463,0
45464,0
45465,0
45466,0
45467,0
45468,0
45469,6
45470,0
45471,0
45472,0
45473,0
45474,0
45475,0
45476,0
45477,0
45478,0
45479,0
45480,0
45481,0
45482,0
45483,6
45484,0
45485,0
45486,0
45487,0
45488,0
45489,0
45490,0
45491,0
45492,0
45493,0
45494,0
45495,0
45496,0
45497,0
45498,0
45499,0
45500,0
45501,0
45502,0
45503,0
45504,0
45505,0
45506,6
45507,0
45508,0
45509,0
45510,0
45511,2
45512,0
45513,0
45514,0
45515,0
45516,0
45517,0
45518,0
45519,5
45520,5
45521,0
45522,0
45523,0
45524,0
45525,0
45526,0
45527,0
45528,6
45529,0
45530,0
45531,0
45532,0
45533,0
45534,0
45535,0
45536,8
45537,0
45538,0
45539,0
45540,0
45541,0
45542,0
45543,0
45544,0
45545,0
45546,0
45547,0
45548,0
45549,0
45550,0
45551,0
45552,0
45553,2
45554,0
45555,0
45556,0
45557,0
45558,0
45559,0
45560,0
45561,0
45562,0
45563,0
45564,0
45565,0
45566,1
45567,0
45568,0
45569,0
45570,0
45571,0
45572,0
45573,0
45574,0
45575,1
45576,0
45577,0
45578,0
45579,0
45580,0
45581,0
45582,0
45583,0
45584,0
45585,0
45586,0
45587,0
45588,0
45589,0
45590,0
45591,0
45592,0
45593,0
45594,0
45595,0
45596,0
45597,0
45598,0
45599,0
45600,0
45601,0
45602,0
45603,0
45604,0
45605,0
45606,0
45607,0
45608,0
45609,0
45610,0
45611,0
45612,0
45613,0
45614,3
45615,0
45616,0
45617,0
45618,0
45619,0
45620,0
45621,0
45622,0
45623,0
45624,0
45625,0
45626,0
45627,2
45628,0
45629,4
45630,0
45631,0
45632,0
45633,0
45634,0
45635,0
45636,0
45637,0
45638,0
45639,1
45640,0
45641,0
45642,0
45643,0
45644,0
45645,0
45646,0
45647,0
45648,0
45649,0
45650,0
45651,0
45652,0
45653,0
45654,0
45655,0
45656,0
45657,0
45658,0
45659,0
45660,0
45661,0
45662,0
45663,0
45664,0
45665,0
45666,0
45667,0
45668,0
45669,0
45670,0
45671,0
45672,1
45673,0
45674,0
45675,0
45676,0
45677,0
45678,0
45679,0
45680,0
45681,0
45682,0
45683,1
45684,0
45685,0
45686,0
45687,0
45688,0
45689,1
45690,0
45691,0
45692,0
45693,0
45694,0
45695,0
45696,0
45697,1
45698,2
45699,1
45700,0
45701,0
45702,0
45703,2
45704,0
45705,1
45706,0
45707,2
45708,0
45709,0
45710,0
45711,0
45712,0
45713,0
45714,0
45715,0
45716,0
45717,0
45718,0
45719,0
45720,0
45721,0
45722,0
45723,0
45724,0
45725,0
45726,0
45727,0
45728,0
45729,0
45730,0
45731,0
45732,0
45733,0
45734,0
45735,0
45736,0
45737,0
45738,0
45739,0
45740,0
45741,0
45742,0
45743,0
45744,0
45745,0
45746,0
45747,0
45748,0
45749,0
45750,0
45751,0
45752,0
45753,0
45754,0
45755,0
45756,0
45757,0
45758,0
45759,0
45760,0
45761,0
45762,0
45763,0
45764,0
45765,0
45766,2
45767,0
45768,0
45769,1
45770,3
45771,1
45772,0
45773,0
45774,0
45775,0
45776,0
45777,0
45778,0
45779,0
45780,0
45781,0
45782,0
45783,0
45784,0
45785,0
45786,0
45787,0
45788,0
45789,2
45790,0
45791,0
45792,0
45793,0
45794,0
45795,0
45796,0
45797,0
45798,1
45799,0
45800,0
45801,0
45802,0
45803,2
45804,0
45805,0
45806,0
45807,0
45808,0
45809,0
45810,0
45811,0
45812,0
45813,0
45814,0
45815,0
45816,0
45817,0
45818,1
45819,1
45820,0
45821,0
45822,0
45823,2
45824,0
45825,0
45826,0
45827,0
45828,0
45829,0
45830,0
45831,0
45832,0
45833,0
45834,0
45835,0
45836,0
45837,2
45838,0
45839,0
45840,0
45841,0
45842,0
45843,0
45844,0
45845,0
45846,0
45847,0
45848,3
45849,2
45850,0
45851,0
45852,0
45853,0
45854,0
45855,0
45856,0
45857,0
45858,1
45859,0
45860,0
45861,0
45862,0
45863,0
45864,0
45865,1
45866,0
45867,2
45868,0
45869,0
45870,1
45871,0
45872,0
45873,0
45874,0
45875,0
45876,0
45877,0
45878,0
45879,0
45880,0
45881,2
45882,0
45883,0
45884,0
45885,0
45886,0
45887,0
45888,0
45889,0
45890,0
45891,0
45892,0
45893,0
45894,0
45895,0
45896,0
45897,0
45898,0
45899,0
45900,0
45901,0
45902,0
45903,0
45904,3
45905,0
45906,0
45907,0
45908,0
45909,0
45910,0
45911,0
45912,0
45913,0
45914,0
45915,0
45916,0
45917,0
45918,0
45919,0
45920,0
45921,0
45922,0
45923,0
45924,0
45925,0
45926,0
45927,0
45928,0
45929,0
45930,0
45931,0
45932,0
45933,0
45934,1
45935,0
45936,0
45937,0
45938,1
45939,0
45940,0
45941,0
45942,0
45943,0
45944,0
45945,5
45946,0
45947,2
45948,0
45949,0
45950,1
45951,0
45952,0
45953,0
45954,0
45955,0
45956,0
45957,0
45958,0
45959,0
45960,0
45961,0
45962,0
45963,0
45964,0
45965,0
45966,0
45967,0
45968,0
45969,0
45970,0
45971,0
45972,0
45973,0
45974,0
45975,0
45976,1
45977,0
45978,0
45979,0
45980,0
45981,0
45982,0
45983,0
45984,0
45985,0
45986,0
45987,0
45988,0
45989,0
45990,2
45991,0
45992,0
45993,0
45994,0
45995,0
45996,0
45997,0
45998,0
45999,0
46000,0
46001,0
46002,0
46003,0
46004,0
46005,1
46006,0
46007,0
46008,0
46009,0
46010,0
46011,0
46012,0
46013,0
46014,0
46015,0
46016,0
46017,0
46018,1
46019,0
46020,0
46021,0
46022,0
46023,0
46024,0
46025,0
46026,0
46027,0
46028,0
46029,0
46030,0
46031,0
46032,0
46033,0
46034,0
46035,0
46036,0
46037,0
46038,0
46039,0
46040,2
46041,0
46042,0
46043,0
46044,0
46045,0
46046,0
46047,0
46048,0
46049,0
46050,0
46051,0
46052,0
46053,1
46054,0
46055,0
46056,0
46057,0
46058,0
46059,1
46060,0
46061,0
46062,0
46063,0
46064,0
46065,0
46066,0
46067,0
46068,2
46069,0
46070,0
46071,0
46072,3
46073,0
46074,0
46075,0
46076,0
46077,0
46078,0
46079,0
46080,2
46081,0
46082,0
46083,0
46084,0
46085,0
46086,0
46087,0
46088,0
46089,0
46090,0
46091,0
46092,0
46093,0
46094,1
46095,0
46096,0
46097,0
46098,0
46099,0
46100,0
46101,0
46102,0
46103,0
46104,0
46105,1
46106,0
46107,2
46108,0
46109,0
46110,0
46111,0
46112,0
46113,0
46114,0
46115,0
46116,0
46117,0
46118,0
46119,0
46120,0
46121,3
46122,0
46123,1
46124,2
46125,0
46126,0
46127,0
46128,0
46129,0
46130,0
46131,0
46132,0
46133,0
46134,0
46135,0
46136,2
46137,0
46138,0
46139,0
46140,0
46141,0
46142,0
46143,0
46144,0
46145,0
46146,0
46147,0
46148,0
46149,0
46150,0
46151,0
46152,0
46153,0
46154,0
46155,0
46156,0
46157,0
46158,0
46159,0
46160,0
46161,0
46162,0
46163,0
46164,0
46165,0
46166,0
46167,0
46168,0
46169,0
46170,0
46171,0
46172,0
46173,0
46174,0
46175,0
46176,0
46177,0
46178,0
46179,0
46180,0
46181,0
46182,0
46183,0
46184,0
46185,0
46186,0
46187,3
46188,0
46189,0
46190,0
46191,0
46192,0
46193,0
46194,0
46195,0
46196,0
46197,0
46198,0
46199,0
46200,0
46201,0
46202,0
46203,0
46204,0
46205,0
46206,0
46207,0
46208,1
46209,0
46210,0
46211,0
46212,0
46213,0
46214,0
46215,0
46216,1
46217,0
46218,0
46219,0
46220,2
46221,0
46222,0
46223,0
46224,0
46225,0
46226,1
46227,0
46228,0
46229,0
46230,0
46231,0
46232,2
46233,0
46234,0
46235,0
46236,0
46237,0
46238,0
46239,0
46240,0
46241,0
46242,0
46243,0
46244,0
46245,0
46246,0
46247,0
46248,0
46249,0
46250,0
46251,0
46252,0
46253,0
46254,0
46255,0
46256,0
46257,1
46258,0
46259,0
46260,0
46261,1
46262,0
46263,0
46264,0
46265,6
46266,0
46267,0
46268,0
46269,0
46270,0
46271,0
46272,0
46273,0
46274,0
46275,0
46276,0
46277,0
46278,1
46279,0
46280,0
46281,0
46282,3
46283,0
46284,0
46285,0
46286,0
46287,0
46288,0
46289,0
46290,0
46291,0
46292,0
46293,2
46294,0
46295,0
46296,0
46297,0
46298,0
46299,0
46300,0
46301,0
46302,0
46303,0
46304,1
46305,0
46306,0
46307,0
46308,0
46309,0
46310,0
46311,0
46312,3
46313,0
46314,0
46315,0
46316,0
46317,0
46318,0
46319,0
46320,0
46321,0
46322,0
46323,0
46324,0
46325,0
46326,0
46327,0
46328,0
46329,0
46330,0
46331,0
46332,0
46333,0
46334,0
46335,0
46336,0
46337,0
46338,0
46339,0
46340,0
46341,0
46342,0
46343,0
46344,0
46345,0
46346,0
46347,0
46348,0
46349,0
46350,0
46351,0
46352,0
46353,1
46354,0
46355,0
46356,0
46357,0
46358,0
46359,0
46360,0
46361,0
46362,0
46363,2
46364,0
46365,0
46366,1
46367,2
46368,2
46369,0
46370,0
46371,0
46372,0
46373,0
46374,0
46375,0
46376,0
46377,0
46378,3
46379,0
46380,0
46381,0
46382,0
46383,0
46384,2
46385,0
46386,0
46387,0
46388,0
46389,4
46390,4
46391,0
46392,8
46393,0
46394,0
46395,0
46396,0
46397,0
46398,0
46399,0
46400,0
46401,0
46402,0
46403,3
46404,0
46405,0
46406,0
46407,0
46408,0
46409,0
46410,0
46411,0
46412,0
46413,0
46414,0
46415,0
46416,3
46417,0
46418,0
46419,3
46420,0
46421,0
46422,0
46423,1
46424,0
46425,0
46426,4
46427,0
46428,0
46429,7
46430,0
46431,0
46432,0
46433,0
46434,0
46435,0
46436,0
46437,0
46438,0
46439,0
46440,0
46441,4
46442,0
46443,0
46444,0
46445,0
46446,0
46447,5
46448,6
46449,0
46450,0
46451,0
46452,0
46453,2
46454,0
46455,0
46456,0
46457,0
46458,0
46459,0
46460,3
46461,2
46462,0
46463,4
46464,0
46465,0
46466,0
46467,3
46468,0
46469,5
46470,0
46471,0
46472,0
46473,0
46474,3
46475,4
46476,0
46477,0
46478,0
46479,0
46480,0
46481,0
46482,0
46483,0
46484,0
46485,0
46486,0
46487,5
46488,0
46489,0
46490,0
46491,0
46492,0
46493,5
46494,0
46495,0
46496,0
46497,0
46498,0
46499,0
46500,0
46501,0
46502,0
46503,0
46504,0
46505,3
46506,0
46507,8
46508,0
46509,0
46510,0
46511,0
46512,0
46513,0
46514,0
46515,0
46516,0
46517,0
46518,0
46519,0
46520,0
46521,0
46522,0
46523,4
46524,0
46525,0
46526,0
46527,0
46528,0
46529,4
46530,0
46531,0
46532,0
46533,0
46534,0
46535,0
46536,0
46537,0
46538,0
46539,2
46540,5
46541,0
46542,5
46543,0
46544,0
46545,4
46546,0
46547,3
46548,0
46549,0
46550,0
46551,2
46552,0
46553,0
46554,0
46555,0
46556,0
46557,0
46558,0
46559,0
46560,0
46561,0
46562,0
46563,0
46564,0
46565,0
46566,0
46567,0
46568,3
46569,0
46570,0
46571,3
46572,6
46573,0
46574,0
46575,0
46576,0
46577,0
46578,0
46579,7
46580,7
46581,6
46582,2
46583,0
46584,0
46585,0
46586,0
46587,2
46588,1
46589,0
46590,0
46591,0
46592,0
46593,0
46594,0
46595,0
46596,0
46597,2
46598,7
46599,0
46600,0
46601,0
46602,0
46603,6
46604,0
46605,0
46606,0
46607,0
46608,0
46609,0
46610,2
46611,0
46612,0
46613,0
46614,0
46615,0
46616,0
46617,0
46618,0
46619,1
46620,0
46621,0
46622,0
46623,0
46624,8
46625,0
46626,0
46627,0
46628,3
46629,6
46630,0
46631,0
46632,0
46633,3
46634,0
46635,0
46636,0
46637,4
46638,0
46639,0
46640,0
46641,0
46642,0
46643,0
46644,7
46645,4
46646,0
46647,0
46648,0
46649,5
46650,0
46651,0
46652,0
46653,0
46654,7
46655,5
46656,0
46657,0
46658,3
46659,0
46660,0
46661,3
46662,0
46663,0
46664,0
46665,0
46666,0
46667,6
46668,0
46669,0
46670,0
46671,0
46672,0
46673,0
46674,0
46675,0
46676,0
46677,0
46678,0
46679,0
46680,0
46681,0
46682,3
46683,0
46684,0
46685,0
46686,0
46687,3
46688,0
46689,0
46690,9
46691,0
46692,0
46693,4
46694,0
46695,0
46696,4
46697,0
46698,0
46699,0
46700,0
46701,0
46702,0
46703,8
46704,0
46705,0
46706,0
46707,0
46708,0
46709,6
46710,0
46711,0
46712,2
46713,0
46714,0
46715,4
46716,4
46717,0
46718,4
46719,0
46720,0
46721,0
46722,0
46723,0
46724,0
46725,0
46726,0
46727,0
46728,0
46729,0
46730,0
46731,0
46732,1
46733,6
46734,0
46735,0
46736,0
46737,0
46738,6
46739,6
46740,0
46741,0
46742,0
46743,0
46744,0
46745,0
46746,0
46747,0
46748,0
46749,0
46750,0
46751,0
46752,0
46753,3
46754,0
46755,0
46756,0
46757,0
46758,0
46759,0
46760,4
46761,0
46762,0
46763,2
46764,0
46765,0
46766,2
46767,0
46768,0
46769,0
46770,0
46771,0
46772,0
46773,0
46774,0
46775,5
46776,0
46777,0
46778,0
46779,0
46780,2
46781,0
46782,3
46783,0
46784,0
46785,0
46786,0
46787,0
46788,0
46789,0
46790,1
46791,0
46792,0
46793,0
46794,0
46795,6
46796,0
46797,0
46798,2
46799,0
46800,6
46801,4
46802,0
46803,4
46804,0
46805,0
46806,0
46807,0
46808,0
46809,0
46810,30
46811,0
46812,0
46813,0
46814,0
46815,0
46816,0
46817,0
46818,0
46819,36
46820,25
46821,0
46822,42
46823,0
46824,0
46825,0
46826,0
46827,0
46828,0
46829,0
46830,0
46831,0
46832,25
46833,0
46834,0
46835,0
46836,33
46837,0
46838,0
46839,0
46840,0
46841,0
46842,0
46843,25
46844,0
46845,18
46846,0
46847,0
46848,0
46849,0
46850,0
46851,0
46852,0
46853,0
46854,0
46855,0
46856,0
46857,0
46858,0
46859,36
46860,0
46861,0
46862,0
46863,0
46864,0
46865,0
46866,0
46867,0
46868,0
46869,0
46870,0
46871,0
46872,0
46873,0
46874,0
46875,0
46876,0
46877,0
46878,0
46879,0
46880,0
46881,0
46882,0
46883,0
46884,0
46885,0
46886,0
46887,0
46888,0
46889,0
46890,0
46891,0
46892,0
46893,0
46894,23
46895,0
46896,0
46897,0
46898,0
46899,0
46900,0
46901,0
46902,0
46903,0
46904,0
46905,0
46906,0
46907,0
46908,0
46909,0
46910,0
46911,0
46912,0
46913,31
46914,0
46915,0
46916,0
46917,0
46918,0
46919,0
46920,0
46921,0
46922,0
46923,0
46924,0
46925,0
46926,33
46927,0
46928,47
46929,0
46930,0
46931,0
46932,0
46933,0
46934,0
46935,0
46936,0
46937,0
46938,0
46939,0
46940,0
46941,0
46942,0
46943,0
46944,0
46945,0
46946,0
46947,0
46948,0
46949,0
46950,0
46951,0
46952,0
46953,0
46954,0
46955,0
46956,0
46957,0
46958,0
46959,0
46960,0
46961,0
46962,0
46963,0
46964,29
46965,0
46966,0
46967,0
46968,0
46969,0
46970,0
46971,30
46972,0
46973,0
46974,0
46975,0
46976,0
46977,0
46978,0
46979,0
46980,0
46981,0
46982,0
46983,0
46984,0
46985,0
46986,0
46987,0
46988,0
46989,0
46990,0
46991,0
46992,0
46993,0
46994,0
46995,0
46996,0
46997,0
46998,0
46999,0
47000,35
47001,0
47002,0
47003,0
47004,0
47005,0
47006,0
47007,0
47008,0
47009,0
47010,0
47011,0
47012,0
47013,0
47014,0
47015,0
47016,0
47017,0
47018,0
47019,0
47020,0
47021,0
47022,0
47023,0
47024,0
47025,0
47026,0
47027,0
47028,10
47029,0
47030,0
47031,33
47032,0
47033,0
47034,0
47035,0
47036,0
47037,0
47038,0
47039,0
47040,0
47041,0
47042,0
47043,0
47044,0
47045,0
47046,0
47047,0
47048,0
47049,0
47050,0
47051,0
47052,26
47053,0
47054,0
47055,0
47056,0
47057,0
47058,0
47059,0
47060,0
47061,0
47062,0
47063,0
47064,0
47065,0
47066,0
47067,0
47068,0
47069,0
47070,0
47071,0
47072,0
47073,0
47074,31
47075,0
47076,0
47077,0
47078,0
47079,0
47080,0
47081,0
47082,0
47083,0
47084,0
47085,0
47086,0
47087,0
47088,0
47089,0
47090,0
47091,0
47092,0
47093,0
47094,32
47095,0
47096,0
47097,14
47098,0
47099,0
47100,0
47101,35
47102,0
47103,0
47104,0
47105,0
47106,0
47107,0
47108,0
47109,0
47110,24
47111,0
47112,0
47113,0
47114,0
47115,0
47116,0
47117,0
47118,0
47119,0
47120,0
47121,0
47122,0
47123,0
47124,0
47125,0
47126,0
47127,0
47128,0
47129,0
47130,0
47131,0
47132,0
47133,0
47134,0
47135,0
47136,0
47137,31
47138,0
47139,0
47140,0
47141,0
47142,0
47143,0
47144,0
47145,22
47146,0
47147,0
47148,0
47149,0
47150,0
47151,0
47152,0
47153,0
47154,0
47155,0
47156,0
47157,0
47158,18
47159,0
47160,23
47161,0
47162,0
47163,21
47164,31
47165,0
47166,0
47167,0
47168,0
47169,0
47170,0
47171,0
47172,0
47173,0
47174,0
47175,3
47176,8
47177,0
47178,0
47179,0
47180,0
47181,0
47182,11
47183,0
47184,13
47185,0
47186,0
47187,0
47188,0
47189,0
47190,0
47191,0
47192,0
47193,0
47194,0
47195,0
47196,0
47197,0
47198,10
47199,9
47200,0
47201,0
47202,0
47203,0
47204,8
47205,0
47206,0
47207,9
47208,8
47209,0
47210,10
47211,0
47212,0
47213,0
47214,0
47215,0
47216,0
47217,0
47218,0
47219,0
47220,0
47221,7
47222,0
47223,5
47224,0
47225,0
47226,0
47227,0
47228,0
47229,0
47230,0
47231,0
47232,15
47233,0
47234,0
47235,0
47236,0
47237,0
47238,0
47239,0
47240,0
47241,0
47242,9
47243,0
47244,0
47245,10
47246,0
47247,0
47248,0
47249,11
47250,0
47251,0
47252,0
47253,0
47254,0
47255,0
47256,0
47257,0
47258,7
47259,0
47260,0
47261,0
47262,0
47263,0
47264,0
47265,0
47266,0
47267,0
47268,0
47269,0
47270,0
47271,0
47272,0
47273,0
47274,6
47275,0
47276,0
47277,0
47278,0
47279,0
47280,0
47281,0
47282,0
47283,0
47284,7
47285,0
47286,0
47287,0
47288,17
47289,0
47290,13
47291,0
47292,0
47293,16
47294,0
47295,0
47296,0
47297,0
47298,0
47299,0
47300,0
47301,0
47302,0
47303,19
47304,13
47305,0
47306,0
47307,0
47308,0
47309,0
47310,24
47311,0
47312,0
47313,0
47314,0
47315,0
47316,20
47317,0
47318,0
47319,0
47320,0
47321,0
47322,0
47323,0
47324,29
47325,0
47326,0
47327,19
47328,0
47329,0
47330,0
47331,0
47332,0
47333,0
47334,0
47335,0
47336,19
47337,13
47338,0
47339,0
47340,0
47341,0
47342,19
47343,0
47344,0
47345,0
47346,0
47347,0
47348,0
47349,0
47350,18
47351,0
47352,0
47353,15
47354,0
47355,0
47356,0
47357,0
47358,0
47359,0
47360,0
47361,0
47362,0
47363,0
47364,0
47365,0
47366,0
47367,0
47368,0
47369,0
47370,0
47371,0
47372,0
47373,17
47374,0
47375,19
47376,17
47377,0
47378,0
47379,0
47380,18
47381,0
47382,18
47383,0
47384,0
47385,0
47386,0
47387,21
47388,16
47389,0
47390,0
47391,0
47392,0
47393,0
47394,0
47395,0
47396,0
47397,0
47398,0
47399,0
47400,17
47401,0
47402,0
47403,0
47404,0
47405,0
47406,10
47407,0
47408,0
47409,0
47410,14
47411,0
47412,0
47413,0
47414,0
47415,0
47416,0
47417,0
47418,0
47419,17
47420,0
47421,0
47422,0
47423,0
47424,0
47425,0
47426,0
47427,0
47428,0
47429,0
47430,0
47431,11
47432,0
47433,0
47434,0
47435,0
47436,16
47437,0
47438,0
47439,0
47440,0
47441,0
47442,18
47443,0
47444,0
47445,0
47446,0
47447,0
47448,9
47449,11
47450,0
47451,0
47452,0
47453,27
47454,0
47455,0
47456,0
47457,0
47458,0
47459,0
47460,0
47461,0
47462,0
47463,0
47464,16
47465,16
47466,20
47467,28
47468,0
47469,0
47470,0
47471,0
47472,21
47473,0
47474,0
47475,0
47476,0
47477,0
47478,0
47479,0
47480,0
47481,0
47482,0
47483,0
47484,21
47485,0
47486,0
47487,0
47488,0
47489,0
47490,0
47491,0
47492,14
47493,0
47494,0
47495,0
47496,0
47497,0
47498,0
47499,0
47500,0
47501,32
47502,0
47503,0
47504,0
47505,0
47506,0
47507,0
47508,23
47509,23
47510,0
47511,0
47512,0
47513,14
47514,0
47515,0
47516,0
47517,0
47518,0
47519,15
47520,0
47521,0
47522,0
47523,0
47524,0
47525,0
47526,0
47527,0
47528,0
47529,0
47530,23
47531,0
47532,0
47533,12
47534,0
47535,0
47536,0
47537,15
47538,0
47539,0
47540,0
47541,16
47542,0
47543,0
47544,0
47545,25
47546,0
47547,0
47548,22
47549,0
47550,0
47551,0
47552,21
47553,0
47554,0
47555,0
47556,0
47557,0
47558,0
47559,28
47560,23
47561,24
47562,0
47563,0
47564,0
47565,0
47566,0
47567,0
47568,0
47569,0
47570,0
47571,0
47572,0
47573,12
47574,0
47575,0
47576,0
47577,0
47578,0
47579,0
47580,0
47581,0
47582,0
47583,0
47584,0
47585,0
47586,0
47587,0
47588,0
47589,0
47590,0
47591,21
47592,0
47593,0
47594,0
47595,0
47596,0
47597,14
47598,0
47599,0
47600,13
47601,0
47602,0
47603,0
47604,0
47605,0
47606,0
47607,0
47608,13
47609,0
47610,0
47611,0
47612,0
47613,0
47614,0
47615,0
47616,24
47617,21
47618,0
47619,9
47620,0
47621,15
47622,0
47623,0
47624,0
47625,14
47626,0
47627,0
47628,0
47629,0
47630,0
47631,13
47632,0
47633,0
47634,0
47635,0
47636,0
47637,0
47638,0
47639,0
47640,0
47641,0
47642,0
47643,0
47644,0
47645,0
47646,0
47647,0
47648,0
47649,0
47650,0
47651,0
47652,0
47653,22
47654,7
47655,0
47656,5
47657,18
47658,22
47659,0
47660,13
47661,0
47662,0
47663,0
47664,11
47665,15
47666,0
47667,19
47668,0
47669,0
47670,16
47671,0
47672,0
47673,0
47674,0
47675,17
47676,23
47677,0
47678,0
47679,20
47680,15
47681,0
47682,0
47683,0
47684,0
47685,0
47686,0
47687,0
47688,0
47689,15
47690,0
47691,0
47692,0
47693,20
47694,0
47695,0
47696,0
47697,23
47698,0
47699,0
47700,0
47701,26
47702,7
47703,0
47704,0
47705,0
47706,0
47707,0
47708,0
47709,0
47710,0
47711,0
47712,17
47713,0
47714,0
47715,0
47716,0
47717,0
47718,0
47719,0
47720,0
47721,0
47722,0
47723,16
47724,0
47725,0
47726,0
47727,23
47728,0
47729,0
47730,0
47731,0
47732,0
47733,0
47734,0
47735,26
47736,11
47737,0
47738,16
47739,0
47740,0
47741,0
47742,0
47743,26
47744,0
47745,0
47746,17
47747,0
47748,0
47749,0
47750,0
47751,10
47752,0
47753,0
47754,0
47755,0
47756,19
47757,0
47758,0
47759,14
47760,21
47761,0
47762,0
47763,0
47764,0
47765,0
47766,0
47767,0
47768,0
47769,0
47770,0
47771,0
47772,0
47773,0
47774,0
47775,19
47776,0
47777,0
47778,16
47779,0
47780,17
47781,0
47782,0
47783,0
47784,0
47785,12
47786,0
47787,0
47788,0
47789,0
47790,0
47791,0
47792,0
47793,14
47794,0
47795,0
47796,0
47797,0
47798,0
47799,0
47800,0
47801,0
47802,11
47803,0
47804,0
47805,0
47806,17
47807,0
47808,0
47809,0
47810,0
47811,0
47812,14
47813,0
47814,0
47815,0
47816,0
47817,0
47818,0
47819,0
47820,12
47821,0
47822,0
47823,0
47824,0
47825,0
47826,19
47827,0
47828,14
47829,0
47830,0
47831,0
47832,23
47833,12
47834,0
47835,0
47836,0
47837,0
47838,14
47839,0
47840,14
47841,0
47842,0
47843,15
47844,0
47845,0
47846,0
47847,11
47848,0
47849,0
47850,0
47851,19
47852,0
47853,0
47854,21
47855,0
47856,0
47857,0
47858,0
47859,0
47860,0
47861,0
47862,23
47863,0
47864,0
47865,0
47866,0
47867,0
47868,17
47869,11
47870,0
47871,0
47872,0
47873,23
47874,0
47875,20
47876,0
47877,20
47878,0
47879,0
47880,0
47881,23
47882,16
47883,0
47884,0
47885,0
47886,0
47887,0
47888,22
47889,17
47890,25
47891,0
47892,17
47893,0
47894,0
47895,0
47896,0
47897,0
47898,0
47899,0
47900,23
47901,0
47902,22
47903,0
47904,0
47905,0
47906,0
47907,0
47908,0
47909,16
47910,0
47911,0
47912,0
47913,0
47914,0
47915,21
47916,0
47917,26
47918,17
47919,0
47920,0
47921,0
47922,0
47923,24
47924,0
47925,0
47926,22
47927,23
47928,0
47929,0
47930,0
47931,0
47932,23
47933,19
47934,0
47935,0
47936,0
47937,21
47938,0
47939,0
47940,0
47941,0
47942,0
47943,0
47944,0
47945,14
47946,23
47947,0
47948,0
47949,0
47950,19
47951,0
47952,12
47953,0
47954,10
47955,0
47956,0
47957,0
47958,0
47959,29
47960,0
47961,0
47962,0
47963,0
47964,17
47965,21
47966,0
47967,0
47968,0
47969,0
47970,0
47971,13
47972,0
47973,18
47974,0
47975,24
47976,0
47977,0
47978,20
47979,13
47980,0
47981,0
47982,0
47983,0
47984,34
47985,0
47986,20
47987,0
47988,12
47989,28
47990,0
47991,0
47992,0
47993,0
47994,0
47995,18
47996,0
47997,0
47998,0
47999,0
48000,16
48001,0
48002,0
48003,13
48004,0
48005,30
48006,0
48007,22
48008,0
48009,0
48010,16
48011,0
48012,0
48013,0
48014,25
48015,0
48016,27
48017,0
48018,16
48019,0
48020,0
48021,0
48022,0
48023,0
48024,0
48025,0
48026,0
48027,0
48028,0
48029,0
48030,15
48031,0
48032,0
48033,16
48034,0
48035,6
48036,0
48037,0
48038,0
48039,0
48040,0
48041,0
48042,0
48043,0
48044,0
48045,0
48046,18
48047,15
48048,0
48049,0
48050,0
48051,0
48052,0
48053,0
48054,12
48055,0
48056,0
48057,0
48058,0
48059,0
48060,0
48061,13
48062,0
48063,0
48064,0
48065,0
48066,0
48067,9
48068,0
48069,0
48070,12
48071,0
48072,15
48073,0
48074,9
48075,0
48076,0
48077,13
48078,0
48079,0
48080,0
48081,0
48082,0
48083,11
48084,0
48085,11
48086,0
48087,0
48088,0
48089,8
48090,0
48091,0
48092,0
48093,8
48094,0
48095,0
48096,0
48097,0
48098,10
48099,0
48100,9
48101,0
48102,0
48103,0
48104,0
48105,0
48106,0
48107,0
48108,0
48109,11
48110,11
48111,0
48112,0
48113,0
48114,0
48115,14
48116,0
48117,0
48118,4
48119,0
48120,0
48121,6
48122,0
48123,0
48124,0
48125,0
48126,0
48127,0
48128,0
48129,0
48130,0
48131,0
48132,0
48133,0
48134,0
48135,0
48136,12
48137,0
48138,0
48139,0
48140,11
48141,16
48142,0
48143,0
48144,0
48145,0
48146,0
48147,0
48148,0
48149,0
48150,0
48151,0
48152,0
48153,0
48154,0
48155,0
48156,0
48157,0
48158,0
48159,0
48160,0
48161,14
48162,16
48163,6
48164,14
48165,0
48166,0
48167,0
48168,11
48169,10
48170,0
48171,0
48172,0
48173,0
48174,0
48175,17
48176,0
48177,15
48178,0
48179,0
48180,14
48181,0
48182,0
48183,0
48184,0
48185,0
48186,0
48187,0
48188,0
48189,19
48190,0
48191,0
48192,0
48193,0
48194,7
48195,0
48196,11
48197,11
48198,0
48199,5
48200,14
48201,0
48202,0
48203,0
48204,0
48205,0
48206,0
48207,0
48208,11
48209,0
48210,7
48211,0
48212,7
48213,0
48214,0
48215,0
48216,0
48217,0
48218,0
48219,0
48220,0
48221,0
48222,0
48223,14
48224,0
48225,0
48226,0
48227,13
48228,0
48229,0
48230,0
48231,16
48232,0
48233,0
48234,0
48235,0
48236,15
48237,12
48238,0
48239,0
48240,0
48241,0
48242,0
48243,0
48244,0
48245,9
48246,0
48247,0
48248,0
48249,8
48250,0
48251,0
48252,0
48253,13
48254,12
48255,0
48256,0
48257,0
48258,0
48259,0
48260,15
48261,7
48262,15
48263,8
48264,0
48265,7
48266,0
48267,0
48268,0
48269,10
48270,0
48271,0
48272,0
48273,0
48274,0
48275,14
48276,15
48277,0
48278,0
48279,0
48280,0
48281,0
48282,0
48283,0
48284,0
48285,14
48286,0
48287,7
48288,0
48289,0
48290,0
48291,0
48292,0
48293,0
48294,0
48295,10
48296,0
48297,0
48298,0
48299,0
48300,12
48301,12
48302,0
48303,0
48304,0
48305,0
48306,0
48307,0
48308,0
48309,0
48310,0
48311,0
48312,0
48313,0
48314,0
48315,0
48316,11
48317,0
48318,0
48319,0
48320,0
48321,0
48322,0
48323,0
48324,0
48325,0
48326,0
48327,0
48328,0
48329,8
48330,0
48331,0
48332,0
48333,0
48334,0
48335,0
48336,0
48337,0
48338,0
48339,0
48340,9
48341,0
48342,5
48343,0
48344,0
48345,0
48346,0
48347,0
48348,0
48349,0
48350,0
48351,19
48352,6
48353,0
48354,0
48355,0
48356,0
48357,0
48358,12
48359,7
48360,0
48361,0
48362,0
48363,0
48364,0
48365,13
48366,0
48367,0
48368,0
48369,0
48370,0
48371,0
48372,0
48373,0
48374,0
48375,0
48376,0
48377,0
48378,0
48379,0
48380,0
48381,5
48382,14
48383,0
48384,0
48385,0
48386,0
48387,0
48388,0
48389,0
48390,0
48391,0
48392,0
48393,0
48394,0
48395,0
48396,19
48397,0
48398,9
48399,0
48400,7
48401,0
48402,0
48403,0
48404,0
48405,8
48406,0
48407,0
48408,0
48409,0
48410,0
48411,0
48412,0
48413,0
48414,0
48415,0
48416,0
48417,0
48418,0
48419,0
48420,7
48421,11
48422,14
48423,0
48424,0
48425,0
48426,0
48427,0
48428,9
48429,0
48430,0
48431,0
48432,0
48433,0
48434,6
48435,13
48436,0
48437,0
48438,0
48439,9
48440,0
48441,0
48442,13
48443,0
48444,0
48445,0
48446,0
48447,15
48448,0
48449,0
48450,0
48451,0
48452,10
48453,0
48454,0
48455,0
48456,9
48457,8
48458,0
48459,0
48460,19
48461,0
48462,11
48463,0
48464,0
48465,0
48466,0
48467,14
48468,0
48469,0
48470,0
48471,0
48472,15
48473,11
48474,12
48475,0
48476,15
48477,0
48478,0
48479,0
48480,0
48481,0
48482,0
48483,0
48484,0
48485,0
48486,0
48487,0
48488,0
48489,0
48490,0
48491,0
48492,0
48493,10
48494,13
48495,0
48496,0
48497,0
48498,0
48499,0
48500,0
48501,0
48502,7
48503,0
48504,0
48505,14
48506,0
48507,11
48508,0
48509,0
48510,0
48511,0
48512,0
48513,0
48514,25
48515,0
48516,0
48517,0
48518,6
48519,0
48520,0
48521,0
48522,0
48523,0
48524,0
48525,0
48526,0
48527,0
48528,0
48529,0
48530,0
48531,0
48532,12
48533,0
48534,0
48535,0
48536,8
48537,0
48538,0
48539,0
48540,0
48541,0
48542,7
48543,0
48544,10
48545,0
48546,0
48547,0
48548,0
48549,0
48550,0
48551,0
48552,8
48553,0
48554,0
48555,0
48556,0
48557,0
48558,0
48559,0
48560,9
48561,0
48562,0
48563,0
48564,0
48565,0
48566,0
48567,10
48568,0
48569,0
48570,0
48571,0
48572,11
48573,0
48574,0
48575,0
48576,0
48577,0
48578,0
48579,0
48580,0
48581,0
48582,0
48583,41
48584,21
48585,0
48586,0
48587,0
48588,0
48589,0
48590,30
48591,0
48592,31
48593,0
48594,0
48595,0
48596,32
48597,0
48598,0
48599,15
48600,0
48601,0
48602,0
48603,22
48604,0
48605,0
48606,0
48607,0
48608,0
48609,0
48610,0
48611,0
48612,0
48613,0
48614,0
48615,0
48616,0
48617,0
48618,0
48619,0
48620,0
48621,34
48622,36
48623,0
48624,17
48625,0
48626,0
48627,0
48628,0
48629,0
48630,31
48631,0
48632,0
48633,0
48634,0
48635,0
48636,26
48637,0
48638,0
48639,0
48640,20
48641,0
48642,47
48643,0
48644,0
48645,0
48646,0
48647,0
48648,0
48649,0
48650,37
48651,0
48652,0
48653,0
48654,0
48655,0
48656,0
48657,0
48658,0
48659,0
48660,0
48661,28
48662,16
48663,0
48664,0
48665,40
48666,0
48667,0
48668,0
48669,0
48670,35
48671,0
48672,0
48673,0
48674,0
48675,0
48676,0
48677,0
48678,0
48679,0
48680,0
48681,0
48682,0
48683,0
48684,0
48685,0
48686,0
48687,0
48688,40
48689,29
48690,0
48691,0
48692,0
48693,0
48694,0
48695,0
48696,27
48697,0
48698,0
48699,29
48700,0
48701,0
48702,0
48703,0
48704,0
48705,45
48706,0
48707,0
48708,0
48709,43
48710,0
48711,0
48712,0
48713,0
48714,0
48715,0
48716,0
48717,0
48718,0
48719,0
48720,0
48721,0
48722,0
48723,0
48724,0
48725,0
48726,33
48727,27
48728,0
48729,0
48730,0
48731,0
48732,0
48733,24
48734,0
48735,34
48736,0
48737,0
48738,30
48739,0
48740,0
48741,0
48742,30
48743,0
48744,0
48745,0
48746,28
48747,0
48748,0
48749,0
48750,0
48751,0
48752,0
48753,0
48754,0
48755,0
48756,0
48757,0
48758,0
48759,0
48760,0
48761,0
48762,0
48763,0
48764,0
48765,0
48766,0
48767,0
48768,0
48769,0
48770,0
48771,0
48772,44
48773,0
48774,25
48775,0
48776,0
48777,0
48778,14
48779,0
48780,0
48781,0
48782,19
48783,0
48784,0
48785,0
48786,0
48787,0
48788,0
48789,0
48790,0
48791,0
48792,0
48793,0
48794,0
48795,0
48796,27
48797,38
48798,0
48799,0
48800,0
48801,0
48802,0
48803,0
48804,0
48805,0
48806,0
48807,0
48808,0
48809,45
48810,0
48811,25
48812,0
48813,0
48814,0
48815,0
48816,30
48817,0
48818,0
48819,0
48820,0
48821,26
48822,0
48823,41
48824,0
48825,0
48826,0
48827,0
48828,0
48829,29
48830,0
48831,0
48832,0
48833,0
48834,0
48835,35
48836,48
48837,0
48838,0
48839,32
48840,37
48841,0
48842,0
48843,0
48844,0
48845,39
48846,0
48847,0
48848,0
48849,0
48850,0
48851,0
48852,0
48853,40
48854,0
48855,0
48856,0
48857,0
48858,0
48859,31
48860,52
48861,0
48862,24
48863,0
48864,0
48865,0
48866,0
48867,0
48868,0
48869,0
48870,0
48871,0
48872,0
48873,28
48874,0
48875,0
48876,0
48877,0
48878,0
48879,0
48880,0
48881,0
48882,0
48883,0
48884,0
48885,0
48886,0
48887,0
48888,37
48889,0
48890,0
48891,0
48892,0
48893,0
48894,0
48895,0
48896,0
48897,0
48898,0
48899,0
48900,0
48901,0
48902,0
48903,0
48904,0
48905,0
48906,0
48907,0
48908,0
48909,35
48910,0
48911,0
48912,25
48913,0
48914,0
48915,0
48916,0
48917,0
48918,42
48919,0
48920,30
48921,0
48922,0
48923,0
48924,0
48925,0
48926,0
48927,0
48928,0
48929,30
48930,0
48931,56
48932,0
48933,0
48934,0
48935,0
48936,0
48937,0
48938,0
48939,0
48940,36
48941,0
48942,37
48943,0
48944,0
48945,0
48946,0
48947,0
48948,0
48949,0
48950,0
48951,28
48952,35
48953,0
48954,0
48955,0
48956,0
48957,0
48958,0
48959,0
48960,0
48961,40
48962,0
48963,0
48964,26
48965,0
48966,23
48967,0
48968,0
48969,0
48970,0
48971,0
48972,0
48973,0
48974,0
48975,0
48976,0
48977,26
48978,0
48979,0
48980,0
48981,0
48982,17
48983,0
48984,0
48985,0
48986,28
48987,0
48988,0
48989,33
48990,29
48991,31
48992,0
48993,0
48994,0
48995,37
48996,27
48997,0
48998,0
48999,0
49000,0
49001,0
49002,0
49003,28
49004,0
49005,33
49006,0
49007,0
49008,0
49009,0
49010,0
49011,0
49012,0
49013,0
49014,0
49015,0
49016,0
49017,0
49018,29
49019,51
49020,0
49021,0
49022,0
49023,0
49024,0
49025,0
49026,0
49027,0
49028,27
49029,0
49030,0
49031,0
49032,0
49033,0
49034,0
49035,0
49036,22
49037,0
49038,0
49039,0
49040,26
49041,0
49042,0
49043,0
49044,0
49045,0
49046,22
49047,0
49048,0
49049,0
49050,0
49051,0
49052,0
49053,0
49054,33
49055,0
49056,0
49057,37
49058,34
49059,0
49060,0
49061,0
49062,0
49063,0
49064,0
49065,0
49066,0
49067,0
49068,0
49069,0
49070,0
49071,11
49072,0
49073,10
49074,0
49075,0
49076,0
49077,8
49078,0
49079,0
49080,0
49081,0
49082,0
49083,0
49084,4
49085,8
49086,0
49087,0
49088,5
49089,9
49090,14
49091,0
49092,0
49093,0
49094,0
49095,0
49096,0
49097,0
49098,0
49099,0
49100,0
49101,0
49102,0
49103,0
49104,0
49105,0
49106,0
49107,0
49108,0
49109,0
49110,0
49111,0
49112,0
49113,0
49114,0
49115,0
49116,0
49117,0
49118,10
49119,0
49120,0
49121,0
49122,0
49123,0
49124,0
49125,0
49126,0
49127,7
49128,0
49129,0
49130,0
49131,0
49132,0
49133,0
49134,11
49135,0
49136,0
49137,0
49138,0
49139,0
49140,0
49141,0
49142,0
49143,0
49144,0
49145,0
49146,0
49147,11
49148,0
49149,0
49150,0
49151,0
49152,0
49153,0
49154,0
49155,0
49156,17
49157,0
49158,0
49159,0
49160,0
49161,0
49162,6
49163,0
49164,0
49165,13
49166,0
49167,0
49168,0
49169,0
49170,0
49171,0
49172,0
49173,0
49174,0
49175,0
49176,0
49177,0
49178,0
49179,0
49180,0
49181,0
49182,0
49183,0
49184,0
49185,0
49186,0
49187,0
49188,0
49189,0
49190,0
49191,0
49192,0
49193,0
49194,0
49195,0
49196,0
49197,0
49198,0
49199,0
49200,7
49201,4
49202,0
49203,0
49204,0
49205,0
49206,0
49207,0
49208,0
49209,0
49210,11
49211,0
49212,0
49213,0
49214,0
49215,0
49216,0
49217,0
49218,2
49219,0
49220,0
49221,0
49222,0
49223,11
49224,0
49225,0
49226,0
49227,0
49228,0
49229,0
49230,0
49231,0
49232,0
49233,0
49234,0
49235,0
49236,0
49237,0
49238,0
49239,0
49240,0
49241,0
49242,0
49243,0
49244,0
49245,9
49246,0
49247,0
49248,0
49249,0
49250,7
49251,0
49252,0
49253,0
49254,0
49255,0
49256,0
49257,0
49258,0
49259,0
49260,0
49261,0
49262,0
49263,0
49264,0
49265,0
49266,0
49267,0
49268,0
49269,0
49270,11
49271,0
49272,0
49273,0
49274,0
49275,9
49276,0
49277,0
49278,0
49279,0
49280,9
49281,0
49282,0
49283,0
49284,0
49285,0
49286,0
49287,0
49288,0
49289,0
49290,0
49291,0
49292,0
49293,0
49294,0
49295,0
49296,0
49297,0
49298,9
49299,0
49300,0
49301,0
49302,0
49303,0
49304,0
49305,0
49306,0
49307,0
49308,0
49309,0
49310,0
49311,0
49312,0
49313,0
49314,0
49315,9
49316,0
49317,0
49318,0
49319,0
49320,0
49321,0
49322,0
49323,0
49324,0
49325,0
49326,8
49327,0
49328,0
49329,0
49330,0
49331,0
49332,0
49333,0
49334,0
49335,0
49336,0
49337,0
49338,0
49339,0
49340,0
49341,11
49342,0
49343,0
49344,0
49345,0
49346,0
49347,0
49348,0
49349,0
49350,0
49351,0
49352,0
49353,0
49354,0
49355,0
49356,0
49357,0
49358,0
49359,0
49360,0
49361,0
49362,0
49363,0
49364,0
49365,0
49366,0
49367,0
49368,0
49369,0
49370,0
49371,8
49372,0
49373,0
49374,0
49375,9
49376,0
49377,0
49378,0
49379,0
49380,9
49381,0
49382,0
49383,0
49384,0
49385,0
49386,0
49387,3
49388,0
49389,0
49390,0
49391,0
49392,0
49393,0
49394,0
49395,0
49396,0
49397,0
49398,0
49399,4
49400,0
49401,0
49402,0
49403,0
49404,0
49405,0
49406,0
49407,4
49408,0
49409,0
49410,0
49411,0
49412,0
49413,0
49414,0
49415,0
49416,2
49417,0
49418,0
49419,0
49420,0
49421,0
49422,0
49423,0
49424,0
49425,0
49426,0
49427,0
49428,0
49429,4
49430,0
49431,0
49432,0
49433,0
49434,0
49435,0
49436,0
49437,0
49438,0
49439,0
49440,0
49441,0
49442,0
49443,0
49444,0
49445,0
49446,0
49447,9
49448,0
49449,0
49450,0
49451,0
49452,0
49453,0
49454,0
49455,0
49456,0
49457,0
49458,0
49459,0
49460,0
49461,0
49462,0
49463,0
49464,0
49465,0
49466,0
49467,0
49468,0
49469,0
49470,0
49471,0
49472,0
49473,0
49474,0
49475,6
49476,9
49477,0
49478,0
49479,0
49480,0
49481,0
49482,0
49483,0
49484,0
49485,0
49486,0
49487,0
49488,0
49489,0
49490,0
49491,0
49492,0
49493,0
49494,0
49495,0
49496,0
49497,0
49498,0
49499,0
49500,0
49501,0
49502,0
49503,0
49504,0
49505,0
49506,0
49507,0
49508,0
49509,0
49510,0
49511,0
49512,0
49513,0
49514,0
49515,0
49516,0
49517,0
49518,0
49519,0
49520,0
49521,0
49522,0
49523,0
49524,0
49525,0
49526,7
49527,0
49528,0
49529,0
49530,0
49531,0
49532,0
49533,10
49534,0
49535,0
49536,0
49537,0
49538,0
49539,0
49540,0
49541,0
49542,0
49543,0
49544,0
49545,0
49546,0
49547,0
49548,0
49549,0
49550,0
49551,5
49552,0
49553,0
49554,0
49555,0
49556,0
49557,0
49558,0
49559,0
49560,0
49561,0
49562,9
49563,0
49564,0
49565,0
49566,0
49567,0
49568,0
49569,0
49570,0
49571,0
49572,0
49573,0
49574,0
49575,0
49576,0
49577,0
49578,0
49579,0
49580,0
49581,7
49582,0
49583,0
49584,0
49585,0
49586,0
49587,0
49588,0
49589,0
49590,0
49591,0
49592,0
49593,0
49594,0
49595,0
49596,0
49597,0
49598,0
49599,0
49600,0
49601,0
49602,0
49603,0
49604,0
49605,0
49606,0
49607,0
49608,0
49609,0
49610,0
49611,0
49612,0
49613,7
49614,0
49615,0
49616,0
49617,0
49618,0
49619,0
49620,7
49621,0
49622,0
49623,6
49624,0
49625,0
49626,0
49627,0
49628,0
49629,0
49630,0
49631,0
49632,0
49633,0
49634,0
49635,0
49636,0
49637,0
49638,0
49639,0
49640,0
49641,0
49642,0
49643,0
49644,0
49645,0
49646,0
49647,0
49648,0
49649,0
49650,0
49651,0
49652,0
49653,0
49654,0
49655,0
49656,0
49657,0
49658,0
49659,0
49660,0
49661,0
49662,6
49663,0
49664,0
49665,0
49666,0
49667,0
49668,0
49669,0
49670,0
49671,0
49672,0
49673,0
49674,0
49675,0
49676,0
49677,0
49678,0
49679,0
49680,0
49681,0
49682,0
49683,0
49684,0
49685,0
49686,0
49687,0
49688,0
49689,0
49690,0
49691,0
49692,0
49693,0
49694,0
49695,0
49696,0
49697,0
49698,0
49699,0
49700,0
49701,0
49702,0
49703,0
49704,0
49705,0
49706,0
49707,7
49708,0
49709,0
49710,0
49711,0
49712,0
49713,0
49714,0
49715,9
49716,0
49717,0
49718,0
49719,0
49720,6
49721,0
49722,0
49723,0
49724,0
49725,0
49726,0
49727,0
49728,0
49729,0
49730,0
49731,6
49732,0
49733,0
49734,0
49735,0
49736,0
49737,0
49738,0
49739,0
49740,0
49741,0
49742,8
49743,0
49744,0
49745,0
49746,0
49747,0
49748,0
49749,0
49750,0
49751,0
49752,0
49753,0
49754,0
49755,0
49756,0
49757,0
49758,0
49759,0
49760,0
49761,0
49762,0
49763,0
49764,0
49765,0
49766,10
49767,0
49768,0
49769,0
49770,0
49771,0
49772,0
49773,0
49774,0
49775,0
49776,0
49777,0
49778,0
49779,0
49780,0
49781,0
49782,0
49783,0
49784,0
49785,0
49786,0
49787,0
49788,0
49789,0
49790,0
49791,0
49792,0
49793,0
49794,0
49795,0
49796,0
49797,0
49798,0
49799,0
49800,0
49801,0
49802,0
49803,0
49804,0
49805,0
49806,0
49807,0
49808,0
49809,0
49810,0
49811,0
49812,0
49813,0
49814,0
49815,0
49816,0
49817,0
49818,0
49819,0
49820,0
49821,0
49822,0
49823,0
49824,0
49825,0
49826,0
49827,0
49828,0
49829,0
49830,0
49831,0
49832,0
49833,0
49834,10
49835,0
49836,0
49837,0
49838,0
49839,0
49840,0
49841,0
49842,0
49843,0
49844,0
49845,0
49846,0
49847,0
49848,0
49849,0
49850,0
49851,0
49852,0
49853,0
49854,0
49855,0
49856,0
49857,0
49858,0
49859,0
49860,0
49861,0
49862,0
49863,0
49864,0
49865,0
49866,0
49867,0
49868,0
49869,0
49870,0
49871,0
49872,0
49873,0
49874,0
49875,0
49876,0
49877,0
49878,0
49879,0
49880,0
49881,0
49882,2
49883,0
49884,0
49885,0
49886,2
49887,0
49888,0
49889,0
49890,0
49891,0
49892,0
49893,0
49894,0
49895,0
49896,0
49897,5
49898,0
49899,0
49900,0
49901,0
49902,0
49903,0
49904,0
49905,0
49906,0
49907,0
49908,0
49909,0
49910,0
49911,0
49912,0
49913,0
49914,0
49915,0
49916,0
49917,0
49918,0
49919,0
49920,0
49921,0
49922,0
49923,0
49924,0
49925,7
49926,0
49927,0
49928,0
49929,0
49930,0
49931,0
49932,0
49933,0
49934,0
49935,0
49936,0
49937,0
49938,0
49939,0
49940,0
49941,0
49942,0
49943,0
49944,0
49945,0
49946,0
49947,0
49948,7
49949,0
49950,0
49951,0
49952,0
49953,0
49954,0
49955,0
49956,0
49957,0
49958,0
49959,0
49960,0
49961,0
49962,0
49963,0
49964,0
49965,0
49966,0
49967,0
49968,0
49969,0
49970,0
49971,0
49972,0
49973,0
49974,0
49975,0
49976,0
49977,0
49978,0
49979,11
49980,0
49981,0
49982,0
49983,7
49984,0
49985,0
49986,0
49987,0
49988,0
49989,0
49990,0
49991,0
49992,0
49993,0
49994,0
49995,0
49996,0
49997,11
49998,0
49999,0
50000,0
50001,0
50002,9
50003,0
50004,0
50005,10
50006,0
50007,0
50008,0
50009,0
50010,0
50011,0
50012,0
50013,5
50014,0
50015,0
50016,0
50017,0
50018,0
50019,0
50020,0
50021,0
50022,0
50023,0
50024,0
50025,0
50026,0
50027,0
50028,0
50029,0
50030,0
50031,0
50032,0
50033,0
50034,0
50035,0
50036,0
50037,0
50038,0
50039,0
50040,34
50041,0
50042,0
50043,0
50044,23
50045,0
50046,0
50047,0
50048,0
50049,46
50050,0
50051,0
50052,0
50053,0
50054,0
50055,0
50056,0
50057,0
50058,0
50059,0
50060,0
50061,0
50062,31
50063,24
50064,0
50065,0
50066,0
50067,0
50068,0
50069,0
50070,26
50071,0
50072,0
50073,0
50074,39
50075,0
50076,0
50077,30
50078,0
50079,42
50080,0
50081,31
50082,33
50083,0
50084,32
50085,0
50086,42
50087,0
50088,0
50089,0
50090,0
50091,0
50092,0
50093,0
50094,0
50095,0
50096,0
50097,0
50098,0
50099,39
50100,49
50101,32
50102,0
50103,29
50104,0
50105,0
50106,0
50107,0
50108,0
50109,0
50110,0
50111,0
50112,0
50113,0
50114,0
50115,0
50116,0
50117,0
50118,0
50119,0
50120,9
50121,0
50122,0
50123,0
50124,0
50125,0
50126,20
50127,0
50128,0
50129,0
50130,0
50131,0
50132,0
50133,0
50134,0
50135,0
50136,0
50137,0
50138,0
50139,0
50140,0
50141,26
50142,0
50143,0
50144,0
50145,0
50146,0
50147,0
50148,0
50149,0
50150,0
50151,16
50152,0
50153,0
50154,13
50155,0
50156,0
50157,0
50158,0
50159,0
50160,37
50161,0
50162,0
50163,0
50164,0
50165,28
50166,0
50167,0
50168,0
50169,0
50170,0
50171,0
50172,0
50173,0
50174,0
50175,0
50176,0
50177,0
50178,0
50179,0
50180,0
50181,0
50182,0
50183,0
50184,0
50185,0
50186,14
50187,0
50188,0
50189,0
50190,0
50191,0
50192,0
50193,0
50194,0
50195,0
50196,0
50197,0
50198,0
50199,0
50200,0
50201,0
50202,0
50203,23
50204,0
50205,0
50206,0
50207,0
50208,0
50209,0
50210,0
50211,0
50212,0
50213,0
50214,0
50215,0
50216,0
50217,0
50218,0
50219,0
50220,30
50221,0
50222,0
50223,13
50224,0
50225,0
50226,0
50227,0
50228,0
50229,0
50230,0
50231,0
50232,0
50233,0
50234,0
50235,0
50236,23
50237,0
50238,0
50239,23
50240,0
50241,0
50242,0
50243,0
50244,0
50245,0
50246,0
50247,0
50248,0
50249,0
50250,0
50251,0
50252,0
50253,0
50254,0
50255,0
50256,0
50257,0
50258,0
50259,0
50260,0
50261,21
50262,0
50263,0
50264,0
50265,0
50266,0
50267,0
50268,0
50269,0
50270,0
50271,0
50272,0
50273,0
50274,0
50275,0
50276,0
50277,0
50278,0
50279,0
50280,0
50281,0
50282,0
50283,0
50284,0
50285,0
50286,0
50287,0
50288,0
50289,0
50290,0
50291,0
50292,0
50293,0
50294,0
50295,18
50296,0
50297,0
50298,0
50299,0
50300,0
50301,0
50302,0
50303,0
50304,0
50305,0
50306,0
50307,0
50308,0
50309,0
50310,0
50311,0
50312,0
50313,0
50314,0
50315,0
50316,0
50317,0
50318,0
50319,0
50320,0
50321,0
50322,0
50323,0
50324,0
50325,0
50326,34
50327,0
50328,0
50329,0
50330,0
50331,0
50332,0
50333,17
50334,0
50335,0
50336,0
50337,0
50338,0
50339,0
50340,28
50341,0
50342,0
50343,0
50344,22
50345,0
50346,0
50347,0
50348,0
50349,36
50350,0
50351,0
50352,0
50353,0
50354,0
50355,0
50356,0
50357,0
50358,0
50359,0
50360,0
50361,0
50362,0
50363,0
50364,0
50365,0
50366,0
50367,0
50368,0
50369,0
50370,0
50371,0
50372,0
50373,0
50374,0
50375,0
50376,0
50377,0
50378,0
50379,0
50380,26
50381,0
50382,12
50383,0
50384,0
50385,0
50386,0
50387,0
50388,0
50389,0
50390,0
50391,0
50392,0
50393,0
50394,0
50395,0
50396,17
50397,0
50398,18
50399,0
50400,0
50401,0
50402,0
50403,0
50404,0
50405,0
50406,0
50407,24
50408,0
50409,0
50410,0
50411,20
50412,0
50413,18
50414,0
50415,0
50416,0
50417,0
50418,0
50419,0
50420,0
50421,0
50422,18
50423,0
50424,0
50425,0
50426,0
50427,0
50428,0
50429,0
50430,24
50431,0
50432,24
50433,0
50434,0
50435,0
50436,0
50437,0
50438,0
50439,0
50440,0
50441,0
50442,0
50443,0
50444,0
50445,0
50446,0
50447,0
50448,0
50449,0
50450,0
50451,0
50452,0
50453,0
50454,0
50455,23
50456,0
50457,0
50458,0
50459,0
50460,0
50461,0
50462,0
50463,0
50464,0
50465,0
50466,0
50467,0
50468,0
50469,0
50470,0
50471,0
50472,0
50473,0
50474,0
50475,23
50476,0
50477,0
50478,0
50479,0
50480,0
50481,24
50482,0
50483,0
50484,0
50485,0
50486,0
50487,0
50488,0
50489,0
50490,0
50491,0
50492,0
50493,0
50494,0
50495,0
50496,0
50497,0
50498,0
50499,0
50500,0
50501,0
50502,0
50503,0
50504,0
50505,24
50506,0
50507,0
50508,0
50509,0
50510,0
50511,0
50512,0
50513,0
50514,0
50515,0
50516,27
50517,0
50518,0
50519,0
50520,0
50521,0
50522,0
50523,0
50524,0
50525,0
50526,0
50527,0
50528,0
50529,12
50530,0
50531,0
50532,0
50533,26
50534,0
50535,0
50536,20
50537,0
50538,26
50539,0
50540,0
50541,0
50542,0
50543,0
50544,0
50545,0
50546,0
50547,0
50548,0
50549,0
50550,0
50551,0
50552,0
50553,0
50554,0
50555,0
50556,0
50557,0
50558,0
50559,0
50560,0
50561,0
50562,0
50563,0
50564,0
50565,0
50566,0
50567,0
50568,0
50569,0
50570,0
50571,0
50572,0
50573,0
50574,0
50575,0
50576,0
50577,0
50578,0
50579,22
50580,0
50581,0
50582,0
50583,0
50584,0
50585,0
50586,0
50587,0
50588,0
50589,33
50590,0
50591,0
50592,0
50593,0
50594,0
50595,0
50596,0
50597,0
50598,0
50599,0
50600,0
50601,0
50602,0
50603,0
50604,0
50605,0
50606,0
50607,0
50608,0
50609,0
50610,0
50611,0
50612,0
50613,0
50614,0
50615,0
50616,0
50617,0
50618,28
50619,0
50620,0
50621,0
50622,0
50623,0
50624,0
50625,0
50626,0
50627,0
50628,0
50629,0
50630,14
50631,0
50632,0
50633,0
50634,0
50635,0
50636,0
50637,0
50638,0
50639,0
50640,0
50641,0
50642,5
50643,0
50644,0
50645,9
50646,0
50647,0
50648,0
50649,0
50650,0
50651,0
50652,0
50653,0
50654,0
50655,0
50656,0
50657,0
50658,0
50659,0
50660,0
50661,0
50662,8
50663,0
50664,9
50665,11
50666,4
50667,8
50668,0
50669,0
50670,0
50671,0
50672,0
50673,0
50674,11
50675,0
50676,13
50677,0
50678,0
50679,9
50680,0
50681,0
50682,0
50683,0
50684,0
50685,0
50686,0
50687,0
50688,0
50689,0
50690,0
50691,8
50692,0
50693,0
50694,0
50695,0
50696,0
50697,10
50698,0
50699,0
50700,0
50701,0
50702,0
50703,0
50704,0
50705,0
50706,0
50707,0
50708,0
50709,7
50710,6
50711,0
50712,7
50713,0
50714,0
50715,12
50716,0
50717,0
50718,0
50719,0
50720,0
50721,0
50722,0
50723,0
50724,0
50725,0
50726,0
50727,0
50728,6
50729,0
50730,0
50731,2
50732,0
50733,6
50734,0
50735,12
50736,0
50737,0
50738,0
50739,0
50740,0
50741,0
50742,0
50743,0
50744,0
50745,0
50746,7
50747,0
50748,0
50749,0
50750,0
50751,5
50752,0
50753,11
50754,0
50755,4
50756,0
50757,8
50758,0
50759,0
50760,0
50761,0
50762,0
50763,12
50764,0
50765,0
50766,0
50767,0
50768,6
50769,0
50770,0
50771,0
50772,0
50773,0
50774,10
50775,0
50776,0
50777,0
50778,0
50779,0
50780,0
50781,0
50782,0
50783,0
50784,0
50785,0
50786,12
50787,0
50788,0
50789,7
50790,3
50791,0
50792,0
50793,0
50794,10
50795,0
50796,7
50797,14
50798,0
50799,0
50800,0
50801,0
50802,0
50803,0
50804,0
50805,0
50806,0
50807,0
50808,0
50809,0
50810,0
50811,0
50812,0
50813,0
50814,0
50815,0
50816,0
50817,0
50818,0
50819,0
50820,0
50821,0
50822,9
50823,0
50824,0
50825,0
50826,0
50827,0
50828,0
50829,0
50830,0
50831,0
50832,8
50833,0
50834,0
50835,0
50836,0
50837,14
50838,0
50839,0
50840,0
50841,0
50842,0
50843,10
50844,7
50845,0
50846,9
50847,0
50848,0
50849,0
50850,0
50851,0
50852,0
50853,0
50854,0
50855,0
50856,0
50857,0
50858,0
50859,0
50860,12
50861,6
50862,0
50863,0
50864,0
50865,0
50866,8
50867,0
50868,8
50869,10
50870,0
50871,0
50872,0
50873,0
50874,5
50875,0
50876,12
50877,0
50878,0
50879,4
50880,0
50881,0
50882,0
50883,0
50884,0
50885,0
50886,0
50887,0
50888,0
50889,0
50890,0
50891,0
50892,0
50893,10
50894,0
50895,0
50896,0
50897,11
50898,0
50899,8
50900,0
50901,0
50902,0
50903,0
50904,0
50905,0
50906,0
50907,0
50908,3
50909,0
50910,0
50911,0
50912,0
50913,0
50914,0
50915,0
50916,0
50917,0
50918,0
50919,0
50920,0
50921,0
50922,0
50923,0
50924,0
50925,0
50926,0
50927,0
50928,0
50929,0
50930,0
50931,0
50932,0
50933,0
50934,0
50935,0
50936,0
50937,0
50938,0
50939,0
50940,0
50941,0
50942,0
50943,0
50944,14
50945,0
50946,0
50947,5
50948,0
50949,0
50950,0
50951,0
50952,0
50953,5
50954,0
50955,0
50956,0
50957,0
50958,8
50959,0
50960,4
50961,0
50962,0
50963,0
50964,0
50965,0
50966,0
50967,0
50968,0
50969,8
50970,0
50971,0
50972,0
50973,0
50974,0
50975,0
50976,10
50977,0
50978,0
50979,0
50980,0
50981,0
50982,0
50983,0
50984,6
50985,0
50986,0
50987,0
50988,0
50989,0
50990,0
50991,0
50992,0
50993,0
50994,0
50995,0
50996,0
50997,0
50998,0
50999,0
51000,0
51001,0
51002,0
51003,0
51004,15
51005,7
51006,0
51007,0
51008,0
51009,9
51010,0
51011,0
51012,0
51013,0
51014,0
51015,0
51016,0
51017,0
51018,0
51019,0
51020,9
51021,0
51022,0
51023,0
51024,0
51025,0
51026,18
51027,0
51028,6
51029,0
51030,5
51031,0
51032,0
51033,7
51034,0
51035,0
51036,0
51037,0
51038,0
51039,0
51040,0
51041,0
51042,0
51043,0
51044,0
51045,0
51046,11
51047,0
51048,0
51049,0
51050,0
51051,0
51052,9
51053,0
51054,0
51055,9
51056,0
51057,0
51058,0
51059,13
51060,0
51061,0
51062,0
51063,9
51064,0
51065,0
51066,0
51067,0
51068,0
51069,0
51070,11
51071,0
51072,0
51073,0
51074,0
51075,10
51076,0
51077,0
51078,0
51079,0
51080,0
51081,0
51082,0
51083,0
51084,0
51085,0
51086,6
51087,10
51088,0
51089,0
51090,7
51091,13
51092,0
51093,0
51094,0
51095,0
51096,8
51097,8
51098,0
51099,0
51100,0
51101,0
51102,0
51103,0
51104,0
51105,17
51106,0
51107,0
51108,3
51109,0
51110,0
51111,0
51112,0
51113,0
51114,0
51115,0
51116,0
51117,0
51118,6
51119,6
51120,0
51121,0
51122,40
51123,0
51124,0
51125,24
51126,0
51127,0
51128,32
51129,0
51130,0
51131,0
51132,0
51133,22
51134,0
51135,0
51136,0
51137,0
51138,0
51139,0
51140,0
51141,0
51142,0
51143,29
51144,0
51145,0
51146,0
51147,0
51148,29
51149,0
51150,27
51151,0
51152,21
51153,0
51154,0
51155,0
51156,0
51157,0
51158,32
51159,0
51160,0
51161,0
51162,0
51163,0
51164,0
51165,0
51166,0
51167,0
51168,0
51169,0
51170,0
51171,24
51172,0
51173,0
51174,0
51175,0
51176,0
51177,0
51178,0
51179,0
51180,0
51181,36
51182,0
51183,0
51184,0
51185,0
51186,0
51187,0
51188,30
51189,0
51190,0
51191,0
51192,0
51193,0
51194,27
51195,0
51196,33
51197,0
51198,0
51199,42
51200,37
51201,39
51202,0
51203,0
51204,38
51205,0
51206,0
51207,19
51208,0
51209,0
51210,35
51211,0
51212,0
51213,21
51214,0
51215,29
51216,31
51217,0
51218,0
51219,0
51220,0
51221,0
51222,0
51223,0
51224,0
51225,0
51226,0
51227,0
51228,0
51229,31
51230,31
51231,0
51232,0
51233,0
51234,0
51235,0
51236,0
51237,0
51238,0
51239,0
51240,0
51241,27
51242,0
51243,23
51244,0
51245,34
51246,30
51247,0
51248,0
51249,0
51250,0
51251,0
51252,0
51253,35
51254,0
51255,22
51256,0
51257,0
51258,0
51259,0
51260,0
51261,22
51262,0
51263,0
51264,0
51265,0
51266,0
51267,0
51268,0
51269,32
51270,34
51271,40
51272,29
51273,0
51274,0
51275,31
51276,31
51277,0
51278,0
51279,25
51280,0
51281,26
51282,0
51283,0
51284,0
51285,0
51286,30
51287,0
51288,29
51289,0
51290,0
51291,0
51292,0
51293,0
51294,0
51295,0
51296,0
51297,0
51298,25
51299,28
51300,0
51301,0
51302,0
51303,0
51304,25
51305,33
51306,29
51307,29
51308,22
51309,27
51310,0
51311,0
51312,26
51313,0
51314,0
51315,0
51316,0
51317,0
51318,0
51319,31
51320,0
51321,0
51322,0
51323,23
51324,0
51325,17
51326,26
51327,0
51328,49
51329,36
51330,0
51331,0
51332,26
51333,0
51334,0
51335,0
51336,31
51337,42
51338,0
51339,0
51340,0
51341,0
51342,0
51343,0
51344,0
51345,31
51346,0
51347,36
51348,0
51349,30
51350,44
51351,0
51352,30
51353,28
51354,0
51355,0
51356,0
51357,0
51358,0
51359,0
51360,0
51361,0
51362,0
51363,0
51364,0
51365,0
51366,15
51367,0
51368,0
51369,0
51370,0
51371,0
51372,0
51373,0
51374,0
51375,0
51376,12
51377,0
51378,0
51379,20
51380,0
51381,16
51382,0
51383,0
51384,0
51385,0
51386,0
51387,0
51388,0
51389,0
51390,0
51391,0
51392,0
51393,0
51394,9
51395,0
51396,9
51397,0
51398,0
51399,0
51400,0
51401,0
51402,0
51403,11
51404,0
51405,0
51406,13
51407,0
51408,0
51409,0
51410,9
51411,0
51412,0
51413,0
51414,0
51415,0
51416,0
51417,7
51418,0
51419,0
51420,0
51421,14
51422,0
51423,13
51424,0
51425,17
51426,23
51427,0
51428,0
51429,0
51430,0
51431,0
51432,0
51433,0
51434,16
51435,0
51436,0
51437,0
51438,0
51439,6
51440,5
51441,0
51442,0
51443,0
51444,0
51445,0
51446,14
51447,0
51448,0
51449,0
51450,0
51451,6
51452,0
51453,0
51454,0
51455,0
51456,0
51457,0
51458,6
51459,0
51460,0
51461,0
51462,0
51463,0
51464,0
51465,0
51466,0
51467,0
51468,0
51469,0
51470,0
51471,18
51472,0
51473,0
51474,0
51475,14
51476,0
51477,0
51478,0
51479,0
51480,0
51481,0
51482,0
51483,20
51484,0
51485,0
51486,0
51487,0
51488,0
51489,0
51490,12
51491,0
51492,0
51493,20
51494,0
51495,0
51496,0
51497,0
51498,0
51499,0
51500,18
51501,0
51502,16
51503,0
51504,0
51505,0
51506,0
51507,13
51508,0
51509,0
51510,0
51511,0
51512,0
51513,0
51514,0
51515,0
51516,0
51517,0
51518,14
51519,12
51520,0
51521,0
51522,0
51523,0
51524,0
51525,0
51526,0
51527,9
51528,0
51529,9
51530,0
51531,0
51532,0
51533,0
51534,0
51535,0
51536,13
51537,17
51538,0
51539,0
51540,0
51541,0
51542,0
51543,0
51544,0
51545,0
51546,10
51547,0
51548,0
51549,0
51550,0
51551,0
51552,0
51553,10
51554,0
51555,0
51556,17
51557,0
51558,10
51559,11
51560,0
51561,18
51562,0
51563,0
51564,0
51565,0
51566,12
51567,0
51568,10
51569,6
51570,0
51571,0
51572,0
51573,17
51574,0
51575,0
51576,0
51577,0
51578,0
51579,0
51580,0
51581,0
51582,0
51583,0
51584,0
51585,0
51586,0
51587,0
51588,0
51589,0
51590,18
51591,0
51592,0
51593,0
51594,0
51595,8
51596,0
51597,0
51598,0
51599,23
51600,7
51601,0
51602,0
51603,0
51604,0
51605,11
51606,10
51607,0
51608,0
51609,0
51610,16
51611,19
51612,0
51613,0
51614,11
51615,0
51616,0
51617,15
51618,16
51619,0
51620,0
51621,0
51622,0
51623,0
51624,17
51625,0
51626,0
51627,0
51628,0
51629,0
51630,0
51631,7
51632,10
51633,0
51634,0
51635,15
51636,0
51637,0
51638,0
51639,16
51640,0
51641,0
51642,13
51643,0
51644,0
51645,10
51646,0
51647,0
51648,0
51649,0
51650,0
51651,0
51652,0
51653,0
51654,0
51655,0
51656,0
51657,0
51658,0
51659,0
51660,0
51661,0
51662,0
51663,0
51664,0
51665,0
51666,0
51667,0
51668,0
51669,0
51670,0
51671,0
51672,11
51673,0
51674,0
51675,0
51676,0
51677,0
51678,0
51679,0
51680,0
51681,0
51682,16
51683,0
51684,0
51685,0
51686,27
51687,0
51688,0
51689,11
51690,0
51691,0
51692,0
51693,0
51694,0
51695,0
51696,0
51697,12
51698,0
51699,0
51700,0
51701,13
51702,0
51703,11
51704,0
51705,0
51706,0
51707,10
51708,0
51709,0
51710,0
51711,0
51712,0
51713,0
51714,0
51715,0
51716,0
51717,21
51718,0
51719,24
51720,0
51721,0
51722,0
51723,0
51724,0
51725,0
51726,11
51727,0
51728,0
51729,0
51730,0
51731,0
51732,19
51733,0
51734,16
51735,0
51736,17
51737,9
51738,20
51739,0
51740,0
51741,0
51742,13
51743,12
51744,0
51745,0
51746,0
51747,6
51748,0
51749,0
51750,0
51751,14
51752,0
51753,0
51754,0
51755,0
51756,0
51757,0
51758,0
51759,0
51760,0
51761,0
51762,0
51763,0
51764,0
51765,0
51766,0
51767,0
51768,0
51769,27
51770,0
51771,5
51772,19
51773,13
51774,0
51775,11
51776,0
51777,0
51778,0
51779,0
51780,0
51781,18
51782,0
51783,0
51784,0
51785,0
51786,0
51787,0
51788,0
51789,18
51790,0
51791,17
51792,16
51793,0
51794,0
51795,0
51796,17
51797,14
51798,0
51799,0
51800,0
51801,0
51802,0
51803,0
51804,0
51805,13
51806,0
51807,25
51808,0
51809,0
51810,0
51811,0
51812,0
51813,0
51814,0
51815,0
51816,0
51817,14
51818,22
51819,0
51820,0
51821,0
51822,22
51823,0
51824,15
51825,0
51826,0
51827,0
51828,0
51829,0
51830,0
51831,0
51832,0
51833,0
51834,0
51835,0
51836,0
51837,0
51838,0
51839,0
51840,0
51841,0
51842,26
51843,0
51844,22
51845,20
51846,0
51847,0
51848,20
51849,11
51850,0
51851,0
51852,0
51853,0
51854,0
51855,0
51856,0
51857,0
51858,0
51859,0
51860,0
51861,0
51862,0
51863,0
51864,0
51865,13
51866,0
51867,0
51868,0
51869,0
51870,0
51871,0
51872,0
51873,12
51874,0
51875,0
51876,9
51877,0
51878,10
51879,0
51880,0
51881,0
51882,0
51883,27
51884,0
51885,0
51886,14
51887,0
51888,17
51889,0
51890,0
51891,14
51892,0
51893,12
51894,0
51895,0
51896,0
51897,0
51898,0
51899,0
51900,0
51901,0
51902,14
51903,0
51904,0
51905,0
51906,0
51907,11
51908,12
51909,0
51910,0
51911,0
51912,0
51913,0
51914,9
51915,13
51916,0
51917,0
51918,11
51919,0
51920,29
51921,0
51922,42
51923,26
51924,22
51925,39
51926,0
51927,0
51928,0
51929,0
51930,38
51931,0
51932,0
51933,0
51934,0
51935,0
51936,0
51937,0
51938,26
51939,0
51940,37
51941,0
51942,0
51943,27
51944,0
51945,27
51946,29
51947,27
51948,0
51949,0
51950,0
51951,22
51952,0
51953,0
51954,0
51955,23
51956,0
51957,0
51958,30
51959,0
51960,0
51961,47
51962,0
51963,0
51964,0
51965,0
51966,0
51967,0
51968,0
51969,28
51970,0
51971,0
51972,0
51973,0
51974,0
51975,32
51976,37
51977,36
51978,0
51979,0
51980,0
51981,0
51982,0
51983,0
51984,0
51985,27
51986,23
51987,0
51988,0
51989,0
51990,0
51991,22
51992,0
51993,0
51994,0
51995,0
51996,0
51997,0
51998,0
51999,0
52000,0
52001,0
52002,0
52003,17
52004,0
52005,19
52006,0
52007,0
52008,24
52009,0
52010,0
52011,0
52012,32
52013,0
52014,0
52015,0
52016,0
52017,34
52018,0
52019,0
52020,0
52021,27
52022,0
52023,0
52024,0
52025,28
52026,0
52027,0
52028,0
52029,0
52030,0
52031,34
52032,0
52033,0
52034,0
52035,0
52036,0
52037,0
52038,0
52039,0
52040,0
52041,0
52042,0
52043,0
52044,0
52045,0
52046,0
52047,0
52048,0
52049,0
52050,30
52051,26
52052,0
52053,30
52054,0
52055,0
52056,0
52057,0
52058,0
52059,0
52060,0
52061,0
52062,0
52063,35
52064,0
52065,0
52066,0
52067,0
52068,0
52069,0
52070,0
52071,0
52072,0
52073,32
52074,0
52075,35
52076,37
52077,0
52078,28
52079,0
52080,0
52081,0
52082,0
52083,0
52084,0
52085,0
52086,22
52087,0
52088,0
52089,0
52090,0
52091,32
52092,0
52093,0
52094,0
52095,30
52096,0
52097,0
52098,35
52099,0
52100,0
52101,0
52102,0
52103,22
52104,32
52105,41
52106,0
52107,0
52108,0
52109,0
52110,0
52111,0
52112,0
52113,0
52114,0
52115,0
52116,16
52117,0
52118,0
52119,0
52120,0
52121,0
52122,0
52123,23
52124,0
52125,29
52126,25
52127,40
52128,0
52129,0
52130,0
52131,0
52132,0
52133,31
52134,0
52135,0
52136,0
52137,0
52138,0
52139,0
52140,0
52141,0
52142,39
52143,0
52144,0
52145,0
52146,0
52147,0
52148,0
52149,0
52150,0
52151,0
52152,27
52153,0
52154,0
52155,0
52156,0
52157,0
52158,0
52159,34
52160,0
52161,0
52162,27
52163,0
52164,0
52165,0
52166,0
52167,0
52168,0
52169,0
52170,0
52171,0
52172,0
52173,0
52174,0
52175,0
52176,0
52177,0
52178,23
52179,0
52180,0
52181,46
52182,26
52183,0
52184,0
52185,0
52186,0
52187,0
52188,0
52189,0
52190,0
52191,31
52192,30
52193,0
52194,0
52195,0
52196,31
52197,0
52198,25
52199,0
52200,0
52201,0
52202,0
52203,39
52204,0
52205,0
52206,21
52207,0
52208,23
52209,0
52210,0
52211,0
52212,0
52213,0
52214,0
52215,0
52216,0
52217,0
52218,0
52219,0
52220,0
52221,0
52222,0
52223,0
52224,0
52225,0
52226,0
52227,45
52228,0
52229,0
52230,0
52231,0
52232,0
52233,0
52234,0
52235,0
52236,35
52237,0
52238,30
52239,23
52240,0
52241,24
52242,0
52243,0
52244,0
52245,28
52246,0
52247,0
52248,0
52249,0
52250,19
52251,0
52252,0
52253,24
52254,0
52255,0
52256,0
52257,0
52258,0
52259,0
52260,0
52261,0
52262,0
52263,0
52264,0
52265,0
52266,0
52267,0
52268,0
52269,0
52270,0
52271,0
52272,0
52273,0
52274,0
52275,0
52276,0
52277,39
52278,0
52279,25
52280,0
52281,26
52282,0
52283,0
52284,29
52285,0
52286,0
52287,0
52288,22
52289,0
52290,0
52291,27
52292,0
52293,0
52294,0
52295,30
52296,29
52297,0
52298,0
52299,0
52300,41
52301,0
52302,0
52303,0
52304,0
52305,0
52306,0
52307,0
52308,39
52309,0
52310,0
52311,16
52312,0
52313,0
52314,0
52315,26
52316,24
52317,0
52318,29
52319,40
52320,33
52321,0
52322,0
52323,0
52324,0
52325,0
52326,41
52327,0
52328,33
52329,0
52330,0
52331,0
52332,31
52333,0
52334,0
52335,0
52336,0
52337,23
52338,0
52339,0
52340,0
52341,0
52342,34
52343,0
52344,0
52345,36
52346,0
52347,38
52348,0
52349,0
52350,0
52351,0
52352,0
52353,0
52354,0
52355,0
52356,31
52357,0
52358,0
52359,0
52360,0
52361,0
52362,0
52363,20
52364,29
52365,38
52366,0
52367,29
52368,0
52369,0
52370,0
52371,38
52372,26
52373,0
52374,22
52375,0
52376,26
52377,0
52378,0
52379,36
52380,0
52381,0
52382,25
52383,0
52384,0
52385,0
52386,0
52387,0
52388,0
52389,0
52390,0
52391,32
52392,0
52393,0
52394,0
52395,0
52396,0
52397,24
52398,0
52399,0
52400,29
52401,0
52402,35
52403,0
52404,29
52405,0
52406,39
52407,0
52408,0
52409,0
52410,25
52411,24
52412,0
52413,22
52414,37
52415,0
52416,0
52417,0
52418,0
52419,37
52420,0
52421,29
52422,0
52423,0
52424,0
52425,44
52426,0
52427,0
52428,0
52429,0
52430,0
52431,42
52432,0
52433,30
52434,38
52435,0
52436,0
52437,0
52438,0
52439,30
52440,0
52441,25
52442,0
52443,0
52444,27
52445,0
52446,0
52447,0
52448,36
52449,24
52450,0
52451,29
52452,0
52453,0
52454,33
52455,0
52456,21
52457,0
52458,0
52459,31
52460,0
52461,36
52462,31
52463,25
52464,0
52465,0
52466,0
52467,0
52468,29
52469,0
52470,0
52471,0
52472,0
52473,32
52474,0
52475,0
52476,0
52477,0
52478,0
52479,0
52480,38
52481,0
52482,0
52483,0
52484,0
52485,0
52486,0
52487,0
52488,0
52489,0
52490,32
52491,0
52492,0
52493,0
52494,0
52495,29
52496,18
52497,22
52498,0
52499,0
52500,0
52501,24
52502,43
52503,36
52504,19
52505,0
52506,0
52507,20
52508,0
52509,24
52510,0
52511,0
52512,28
52513,0
52514,0
52515,0
52516,0
52517,0
52518,0
52519,0
52520,33
52521,36
52522,25
52523,27
52524,0
52525,0
52526,0
52527,0
52528,0
52529,0
52530,0
52531,0
52532,41
52533,0
52534,41
52535,0
52536,35
52537,0
52538,0
52539,0
52540,0
52541,0
52542,25
52543,0
52544,0
52545,28
52546,0
52547,0
52548,0
52549,0
52550,0
52551,0
52552,25
52553,0
52554,0
52555,25
52556,0
52557,0
52558,0
52559,0
52560,0
52561,0
52562,0
52563,0
52564,0
52565,0
52566,0
52567,19
52568,0
52569,23
52570,0
52571,0
52572,0
52573,0
52574,22
52575,0
52576,0
52577,26
52578,39
52579,0
52580,0
52581,0
52582,0
52583,26
52584,0
52585,26
52586,20
52587,0
52588,0
52589,0
52590,0
52591,0
52592,0
52593,0
52594,0
52595,0
52596,30
52597,19
52598,0
52599,33
52600,0
52601,0
52602,0
52603,0
52604,0
52605,25
52606,0
52607,0
52608,0
52609,0
52610,0
52611,0
52612,0
52613,19
52614,30
52615,0
52616,0
52617,39
52618,0
52619,0
52620,0
52621,0
52622,0
52623,0
52624,28
52625,0
52626,0
52627,0
52628,0
52629,0
52630,0
52631,0
52632,0
52633,0
52634,19
52635,0
52636,0
52637,0
52638,0
52639,0
52640,36
52641,0
52642,0
52643,26
52644,0
52645,12
52646,14
52647,0
52648,0
52649,0
52650,14
52651,0
52652,17
52653,0
52654,0
52655,0
52656,0
52657,0
52658,0
52659,0
52660,0
52661,0
52662,7
52663,25
52664,0
52665,21
52666,16
52667,0
52668,0
52669,9
52670,0
52671,0
52672,0
52673,0
52674,10
52675,0
52676,0
52677,17
52678,25
52679,10
52680,0
52681,0
52682,0
52683,14
52684,0
52685,0
52686,0
52687,0
52688,17
52689,0
52690,0
52691,0
52692,15
52693,0
52694,9
52695,0
52696,0
52697,11
52698,12
52699,14
52700,0
52701,0
52702,7
52703,17
52704,8
52705,0
52706,0
52707,0
52708,0
52709,0
52710,0
52711,0
52712,9
52713,0
52714,0
52715,0
52716,0
52717,0
52718,0
52719,0
52720,0
52721,9
52722,0
52723,0
52724,0
52725,9
52726,0
52727,0
52728,0
52729,11
52730,17
52731,0
52732,12
52733,0
52734,9
52735,16
52736,9
52737,10
52738,0
52739,0
52740,0
52741,0
52742,14
52743,14
52744,0
52745,19
52746,0
52747,18
52748,0
52749,0
52750,0
52751,0
52752,0
52753,0
52754,11
52755,0
52756,0
52757,13
52758,0
52759,0
52760,0
52761,0
52762,0
52763,0
52764,0
52765,6
52766,0
52767,0
52768,14
52769,0
52770,0
52771,0
52772,0
52773,0
52774,0
52775,13
52776,12
52777,0
52778,0
52779,10
52780,0
52781,19
52782,0
52783,0
52784,0
52785,0
52786,19
52787,0
52788,0
52789,0
52790,19
52791,0
52792,15
52793,0
52794,0
52795,0
52796,0
52797,0
52798,15
52799,0
52800,13
52801,16
52802,0
52803,0
52804,12
52805,15
52806,14
52807,10
52808,0
52809,0
52810,19
52811,0
52812,0
52813,0
52814,15
52815,0
52816,13
52817,0
52818,0
52819,28
52820,0
52821,20
52822,0
52823,0
52824,0
52825,0
52826,8
52827,0
52828,0
52829,0
52830,15
52831,0
52832,12
52833,0
52834,0
52835,0
52836,0
52837,13
52838,10
52839,0
52840,0
52841,0
52842,21
52843,0
52844,0
52845,0
52846,0
52847,0
52848,0
52849,0
52850,8
52851,11
52852,7
52853,0
52854,0
52855,0
52856,0
52857,0
52858,0
52859,0
52860,0
52861,0
52862,0
52863,0
52864,0
52865,0
52866,0
52867,0
52868,0
52869,0
52870,0
52871,0
52872,0
52873,12
52874,0
52875,12
52876,0
52877,13
52878,0
52879,0
52880,0
52881,12
52882,0
52883,0
52884,0
52885,0
52886,0
52887,0
52888,0
52889,0
52890,0
52891,17
52892,0
52893,0
52894,13
52895,0
52896,0
52897,11
52898,0
52899,0
52900,0
52901,0
52902,0
52903,0
52904,9
52905,0
52906,21
52907,0
52908,0
52909,15
52910,0
52911,0
52912,0
52913,0
52914,0
52915,0
52916,7
52917,21
52918,0
52919,17
52920,0
52921,0
52922,16
52923,0
52924,0
52925,0
52926,0
52927,0
52928,11
52929,0
52930,0
52931,0
52932,0
52933,0
52934,0
52935,0
52936,12
52937,0
52938,0
52939,0
52940,0
52941,0
52942,0
52943,14
52944,12
52945,14
52946,0
52947,0
52948,0
52949,0
52950,9
52951,13
52952,0
52953,20
52954,0
52955,0
52956,0
52957,0
52958,10
52959,0
52960,11
52961,0
52962,0
52963,0
52964,0
52965,0
52966,0
52967,0
52968,0
52969,0
52970,0
52971,0
52972,8
52973,0
52974,0
52975,0
52976,0
52977,12
52978,0
52979,0
52980,8
52981,0
52982,0
52983,12
52984,0
52985,0
52986,0
52987,0
52988,0
52989,0
52990,13
52991,15
52992,0
52993,0
52994,18
52995,7
52996,0
52997,0
52998,0
52999,13
53000,0
53001,0
53002,0
53003,0
53004,0
53005,0
53006,0
53007,7
53008,0
53009,0
53010,0
53011,0
53012,0
53013,0
53014,0
53015,10
53016,19
53017,7
53018,0
53019,17
53020,0
53021,15
53022,0
53023,22
53024,0
53025,0
53026,9
53027,0
53028,17
53029,12
53030,0
53031,0
53032,0
53033,0
53034,0
53035,0
53036,0
53037,0
53038,12
53039,0
53040,0
53041,0
53042,0
53043,0
53044,0
53045,0
53046,0
53047,17
53048,0
53049,17
53050,18
53051,0
53052,0
53053,0
53054,0
53055,18
53056,0
53057,0
53058,0
53059,0
53060,0
53061,0
53062,0
53063,0
53064,15
53065,0
53066,21
53067,12
53068,0
53069,0
53070,0
53071,10
53072,0
53073,8
53074,10
53075,10
53076,11
53077,0
53078,0
53079,0
53080,0
53081,12
53082,8
53083,0
53084,0
53085,0
53086,0
53087,0
53088,12
53089,0
53090,0
53091,0
53092,17
53093,0
53094,0
53095,5
53096,0
53097,12
53098,0
53099,0
53100,0
53101,0
53102,0
53103,0
53104,0
53105,0
53106,0
53107,0
53108,0
53109,0
53110,0
53111,20
53112,0
53113,0
53114,0
53115,16
53116,0
53117,8
53118,0
53119,0
53120,0
53121,13
53122,11
53123,0
53124,0
53125,0
53126,16
53127,0
53128,0
53129,0
53130,15
53131,0
53132,0
53133,0
53134,0
53135,0
53136,0
53137,17
53138,10
53139,0
53140,0
53141,7
53142,7
53143,0
53144,15
53145,12
53146,0
53147,0
53148,0
53149,0
53150,0
53151,0
53152,0
53153,10
53154,0
53155,0
53156,0
53157,0
53158,0
53159,0
53160,17
53161,8
53162,0
53163,0
53164,0
53165,0
53166,0
53167,13
53168,0
53169,10
53170,0
53171,0
53172,0
53173,0
53174,13
53175,7
53176,0
53177,0
53178,14
53179,0
53180,12
53181,21
53182,0
53183,0
53184,0
53185,0
53186,0
53187,0
53188,0
53189,0
53190,14
53191,0
53192,0
53193,0
53194,17
53195,0
53196,0
53197,19
53198,0
53199,0
53200,0
53201,0
53202,17
53203,0
53204,0
53205,0
53206,0
53207,0
53208,0
53209,12
53210,15
53211,0
53212,0
53213,13
53214,0
53215,0
53216,18
53217,0
53218,11
53219,21
53220,0
53221,0
53222,0
53223,0
53224,17
53225,0
53226,0
53227,0
53228,0
53229,0
53230,0
53231,0
53232,0
53233,12
53234,0
53235,0
53236,0
53237,0
53238,0
53239,0
53240,0
53241,0
53242,0
53243,0
53244,0
53245,0
53246,0
53247,0
53248,0
53249,11
53250,0
53251,10
53252,0
53253,0
53254,0
53255,0
53256,0
53257,0
53258,0
53259,16
53260,0
53261,0
53262,0
53263,0
53264,0
53265,0
53266,0
53267,0
53268,15
53269,11
53270,0
53271,0
53272,17
53273,0
53274,0
53275,0
53276,0
53277,15
53278,0
53279,0
53280,0
53281,0
53282,8
53283,0
53284,0
53285,16
53286,0
53287,0
53288,19
53289,0
53290,0
53291,0
53292,0
53293,0
53294,19
53295,0
53296,0
53297,0
53298,0
53299,0
53300,8
53301,0
53302,15
53303,11
53304,11
53305,11
53306,7
53307,0
53308,12
53309,0
53310,0
53311,0
53312,0
53313,0
53314,0
53315,0
53316,0
53317,18
53318,0
53319,0
53320,0
53321,11
53322,0
53323,12
53324,0
53325,10
53326,8
53327,0
53328,0
53329,0
53330,0
53331,0
53332,13
53333,0
53334,0
53335,9
53336,0
53337,0
53338,0
53339,0
53340,0
53341,0
53342,0
53343,9
53344,0
53345,0
53346,0
53347,0
53348,0
53349,0
53350,0
53351,0
53352,0
53353,9
53354,0
53355,0
53356,0
53357,0
53358,0
53359,0
53360,0
53361,0
53362,0
53363,0
53364,21
53365,0
53366,12
53367,0
53368,0
53369,0
53370,0
53371,0
53372,0
53373,0
53374,24
53375,19
53376,17
53377,0
53378,0
53379,0
53380,0
53381,0
53382,0
53383,0
53384,0
53385,0
53386,0
53387,0
53388,0
53389,0
53390,0
53391,10
53392,0
53393,26
53394,10
53395,0
53396,0
53397,15
53398,0
53399,0
53400,17
53401,0
53402,0
53403,0
53404,0
53405,9
53406,0
53407,11
53408,0
53409,0
53410,19
53411,0
53412,0
53413,0
53414,28
53415,0
53416,0
53417,0
53418,0
53419,13
53420,0
53421,15
53422,0
53423,0
53424,0
53425,0
53426,0
53427,11
53428,13
53429,0
53430,0
53431,0
53432,10
53433,0
53434,0
53435,0
53436,0
53437,7
53438,10
53439,14
53440,0
53441,0
53442,0
53443,0
53444,0
53445,0
53446,0
53447,0
53448,0
53449,7
53450,0
53451,0
53452,0
53453,0
53454,12
53455,0
53456,0
53457,0
53458,0
53459,0
53460,10
53461,0
53462,11
53463,19
53464,0
53465,0
53466,0
53467,15
53468,0
53469,17
53470,0
53471,0
53472,0
53473,0
53474,0
53475,0
53476,0
53477,13
53478,0
53479,13
53480,0
53481,0
53482,0
53483,0
53484,0
53485,0
53486,0
53487,13
53488,0
53489,0
53490,0
53491,0
53492,14
53493,0
53494,12
53495,0
53496,8
53497,0
53498,0
53499,0
53500,0
53501,19
53502,8
53503,0
53504,0
53505,7
53506,0
53507,15
53508,0
53509,17
53510,0
53511,18
53512,0
53513,0
53514,0
53515,0
53516,0
53517,0
53518,0
53519,0
53520,0
53521,16
53522,0
53523,0
53524,0
53525,0
53526,0
53527,0
53528,0
53529,0
53530,0
53531,0
53532,0
53533,0
53534,0
53535,0
53536,11
53537,0
53538,0
53539,12
53540,0
53541,0
53542,0
53543,0
53544,0
53545,8
53546,0
53547,0
53548,0
53549,0
53550,0
53551,0
53552,10
53553,0
53554,0
53555,19
53556,0
53557,0
53558,0
53559,0
53560,0
53561,0
53562,12
53563,0
53564,0
53565,0
53566,0
53567,0
53568,0
53569,0
53570,0
53571,8
53572,13
53573,0
53574,0
53575,8
53576,0
53577,0
53578,13
53579,0
53580,0
53581,0
53582,0
53583,0
53584,12
53585,12
53586,5
53587,0
53588,0
53589,10
53590,14
53591,0
53592,0
53593,12
53594,0
53595,0
53596,0
53597,0
53598,0
53599,0
53600,0
53601,0
53602,13
53603,0
53604,0
53605,0
53606,14
53607,0
53608,0
53609,0
53610,9
53611,15
53612,0
53613,0
53614,0
53615,0
53616,0
53617,0
53618,0
53619,0
53620,10
53621,10
53622,0
53623,0
53624,15
53625,0
53626,0
53627,0
53628,0
53629,0
53630,0
53631,0
53632,0
53633,0
53634,0
53635,0
53636,0
53637,0
53638,0
53639,0
53640,13
53641,0
53642,0
53643,0
53644,0
53645,0
53646,0
53647,0
53648,0
53649,0
53650,0
53651,0
53652,0
53653,0
53654,25
53655,0
53656,0
53657,24
53658,0
53659,0
53660,0
53661,0
53662,0
53663,0
53664,0
53665,0
53666,38
53667,0
53668,29
53669,0
53670,0
53671,0
53672,0
53673,0
53674,0
53675,0
53676,0
53677,0
53678,0
53679,0
53680,0
53681,0
53682,0
53683,0
53684,0
53685,0
53686,0
53687,24
53688,0
53689,0
53690,0
53691,0
53692,0
53693,0
53694,0
53695,0
53696,0
53697,0
53698,0
53699,0
53700,0
53701,0
53702,0
53703,0
53704,0
53705,0
53706,0
53707,15
53708,0
53709,0
53710,0
53711,28
53712,0
53713,0
53714,0
53715,0
53716,0
53717,0
53718,0
53719,0
53720,0
53721,0
53722,0
53723,0
53724,30
53725,0
53726,0
53727,0
53728,0
53729,0
53730,0
53731,0
53732,0
53733,0
53734,0
53735,0
53736,0
53737,0
53738,0
53739,0
53740,0
53741,0
53742,0
53743,0
53744,0
53745,0
53746,0
53747,0
53748,0
53749,0
53750,16
53751,0
53752,0
53753,0
53754,0
53755,0
53756,0
53757,0
53758,0
53759,19
53760,0
53761,0
53762,0
53763,0
53764,0
53765,0
53766,0
53767,14
53768,0
53769,0
53770,0
53771,0
53772,0
53773,0
53774,0
53775,0
53776,0
53777,0
53778,0
53779,0
53780,0
53781,0
53782,8
53783,0
53784,0
53785,0
53786,0
53787,0
53788,0
53789,0
53790,0
53791,24
53792,0
53793,0
53794,0
53795,35
53796,0
53797,0
53798,0
53799,0
53800,0
53801,0
53802,0
53803,0
53804,0
53805,0
53806,0
53807,0
53808,0
53809,0
53810,0
53811,0
53812,0
53813,0
53814,0
53815,0
53816,0
53817,0
53818,0
53819,0
53820,0
53821,22
53822,37
53823,0
53824,0
53825,0
53826,0
53827,0
53828,0
53829,0
53830,0
53831,0
53832,0
53833,0
53834,0
53835,0
53836,0
53837,0
53838,20
53839,0
53840,0
53841,0
53842,0
53843,0
53844,0
53845,0
53846,0
53847,0
53848,0
53849,0
53850,0
53851,0
53852,0
53853,0
53854,0
53855,0
53856,0
53857,0
53858,0
53859,0
53860,0
53861,19
53862,0
53863,8
53864,0
53865,0
53866,0
53867,0
53868,0
53869,0
53870,0
53871,0
53872,0
53873,0
53874,0
53875,0
53876,0
53877,18
53878,0
53879,0
53880,0
53881,0
53882,0
53883,0
53884,0
53885,0
53886,0
53887,12
53888,0
53889,0
53890,0
53891,0
53892,0
53893,0
53894,0
53895,0
53896,0
53897,0
53898,0
53899,21
53900,0
53901,0
53902,0
53903,34
53904,0
53905,0
53906,0
53907,28
53908,0
53909,0
53910,0
53911,0
53912,0
53913,0
53914,0
53915,0
53916,0
53917,0
53918,0
53919,0
53920,0
53921,37
53922,0
53923,0
53924,0
53925,0
53926,0
53927,0
53928,0
53929,0
53930,0
53931,30
53932,0
53933,0
53934,0
53935,0
53936,0
53937,0
53938,0
53939,0
53940,0
53941,0
53942,0
53943,0
53944,0
53945,0
53946,0
53947,0
53948,0
53949,0
53950,0
53951,0
53952,0
53953,0
53954,22
53955,0
53956,0
53957,0
53958,0
53959,0
53960,15
53961,0
53962,0
53963,0
53964,0
53965,0
53966,0
53967,0
53968,0
53969,0
53970,20
53971,0
53972,36
53973,0
53974,0
53975,0
53976,0
53977,0
53978,0
53979,0
53980,0
53981,0
53982,0
53983,0
53984,0
53985,0
53986,16
53987,0
53988,0
53989,0
53990,0
53991,0
53992,0
53993,0
53994,31
53995,0
53996,10
53997,0
53998,0
53999,0
54000,0
54001,0
54002,0
54003,0
54004,0
54005,0
54006,0
54007,0
54008,0
54009,0
54010,0
54011,0
54012,0
54013,0
54014,0
54015,0
54016,0
54017,21
54018,0
54019,0
54020,0
54021,29
54022,0
54023,0
54024,0
54025,0
54026,0
54027,0
54028,0
54029,0
54030,0
54031,0
54032,0
54033,0
54034,0
54035,0
54036,0
54037,0
54038,0
54039,0
54040,0
54041,0
54042,15
54043,0
54044,0
54045,0
54046,0
54047,0
54048,0
54049,0
54050,0
54051,0
54052,11
54053,0
54054,0
54055,0
54056,0
54057,0
54058,0
54059,0
54060,27
54061,0
54062,0
54063,0
54064,0
54065,0
54066,0
54067,0
54068,0
54069,30
54070,0
54071,17
54072,0
54073,0
54074,0
54075,0
54076,0
54077,12
54078,0
54079,0
54080,0
54081,23
54082,0
54083,0
54084,0
54085,0
54086,0
54087,0
54088,0
54089,0
54090,0
54091,0
54092,0
54093,0
54094,0
54095,0
54096,0
54097,0
54098,0
54099,20
54100,0
54101,21
54102,0
54103,0
54104,0
54105,0
54106,0
54107,0
54108,0
54109,0
54110,0
54111,0
54112,0
54113,41
54114,0
54115,0
54116,0
54117,0
54118,0
54119,0
54120,28
54121,0
54122,0
54123,0
54124,0
54125,0
54126,0
54127,0
54128,0
54129,0
54130,0
54131,0
54132,0
54133,0
54134,0
54135,0
54136,0
54137,0
54138,0
54139,0
54140,21
54141,0
54142,0
54143,0
54144,0
54145,0
54146,0
54147,15
54148,0
54149,0
54150,20
54151,0
54152,0
54153,24
54154,0
54155,0
54156,0
54157,0
54158,18
54159,0
54160,0
54161,26
54162,0
54163,0
54164,0
54165,20
54166,0
54167,0
54168,0
54169,0
54170,0
54171,0
54172,0
54173,0
54174,0
54175,0
54176,0
54177,15
54178,18
54179,0
54180,0
54181,0
54182,0
54183,0
54184,0
54185,0
54186,0
54187,0
54188,0
54189,0
54190,0
54191,0
54192,0
54193,0
54194,0
54195,0
54196,0
54197,0
54198,0
54199,0
54200,0
54201,0
54202,0
54203,0
54204,0
54205,0
54206,0
54207,0
54208,0
54209,0
54210,0
54211,41
54212,0
54213,0
54214,0
54215,0
54216,0
54217,0
54218,0
54219,0
54220,0
54221,0
54222,0
54223,0
54224,0
54225,13
54226,24
54227,0
54228,0
54229,0
54230,0
54231,0
54232,0
54233,0
54234,13
54235,0
54236,0
54237,0
54238,0
54239,0
54240,0
54241,0
54242,0
54243,0
54244,0
54245,0
54246,0
54247,0
54248,0
54249,0
54250,21
54251,0
54252,0
54253,0
54254,0
54255,0
54256,0
54257,0
54258,0
54259,0
54260,0
54261,0
54262,0
54263,0
54264,0
54265,0
54266,0
54267,0
54268,23
54269,0
54270,18
54271,0
54272,0
54273,0
54274,0
54275,0
54276,0
54277,0
54278,0
54279,0
54280,0
54281,0
54282,0
54283,0
54284,0
54285,0
54286,0
54287,0
54288,0
54289,0
54290,0
54291,0
54292,0
54293,0
54294,0
54295,0
54296,0
54297,0
54298,0
54299,21
54300,0
54301,0
54302,0
54303,0
54304,0
54305,0
54306,0
54307,0
54308,0
54309,0
54310,0
54311,0
54312,0
54313,0
54314,0
54315,0
54316,0
54317,0
54318,0
54319,0
54320,11
54321,25
54322,0
54323,0
54324,0
54325,0
54326,0
54327,0
54328,0
54329,0
54330,0
54331,0
54332,0
54333,0
54334,0
54335,0
54336,0
54337,0
54338,0
54339,0
54340,0
54341,15
54342,0
54343,19
54344,0
54345,0
54346,0
54347,0
54348,0
54349,0
54350,0
54351,0
54352,0
54353,0
54354,0
54355,0
54356,0
54357,0
54358,0
54359,0
54360,0
54361,18
54362,0
54363,21
54364,0
54365,0
54366,0
54367,0
54368,0
54369,0
54370,0
54371,0
54372,0
54373,0
54374,0
54375,0
54376,0
54377,0
54378,0
54379,0
54380,0
54381,0
54382,0
54383,0
54384,0
54385,0
54386,0
54387,0
54388,0
54389,25
54390,0
54391,0
54392,0
54393,0
54394,0
54395,0
54396,20
54397,0
54398,0
54399,0
54400,0
54401,0
54402,0
54403,0
54404,0
54405,0
54406,0
54407,0
54408,0
54409,0
54410,0
54411,0
54412,0
54413,0
54414,0
54415,0
54416,0
54417,0
54418,0
54419,0
54420,0
54421,14
54422,0
54423,0
54424,0
54425,0
54426,0
54427,0
54428,0
54429,0
54430,0
54431,25
54432,0
54433,0
54434,0
54435,0
54436,0
54437,0
54438,0
54439,0
54440,0
54441,0
54442,0
54443,0
54444,0
54445,0
54446,0
54447,29
54448,0
54449,0
54450,0
54451,0
54452,0
54453,0
54454,0
54455,0
54456,0
54457,0
54458,0
54459,0
54460,0
54461,0
54462,0
54463,0
54464,0
54465,0
54466,0
54467,0
54468,0
54469,0
54470,0
54471,32
54472,0
54473,0
54474,0
54475,0
54476,17
54477,0
54478,0
54479,0
54480,0
54481,0
54482,0
54483,0
54484,0
54485,0
54486,0
54487,36
54488,0
54489,0
54490,0
54491,0
54492,0
54493,0
54494,0
54495,0
54496,0
54497,0
54498,0
54499,0
54500,0
54501,0
54502,0
54503,0
54504,0
54505,0
54506,14
54507,0
54508,0
54509,0
54510,0
54511,0
54512,0
54513,0
54514,0
54515,0
54516,0
54517,0
54518,0
54519,0
54520,0
54521,23
54522,15
54523,0
54524,0
54525,0
54526,0
54527,0
54528,0
54529,0
54530,23
54531,0
54532,0
54533,0
54534,0
54535,0
54536,0
54537,0
54538,0
54539,0
54540,0
54541,22
54542,0
54543,0
54544,0
54545,0
54546,0
54547,0
54548,0
54549,0
54550,0
54551,0
54552,0
54553,0
54554,0
54555,0
54556,0
54557,0
54558,0
54559,0
54560,0
54561,0
54562,0
54563,0
54564,0
54565,0
54566,0
54567,0
54568,0
54569,0
54570,0
54571,0
54572,0
54573,0
54574,0
54575,0
54576,0
54577,0
54578,0
54579,0
54580,0
54581,0
54582,0
54583,0
54584,0
54585,0
54586,0
54587,0
54588,0
54589,0
54590,0
54591,0
54592,12
54593,0
54594,0
54595,0
54596,0
54597,0
54598,0
54599,0
54600,0
54601,0
54602,0
54603,0
54604,0
54605,0
54606,0
54607,0
54608,0
54609,5
54610,2
54611,0
54612,0
54613,0
54614,0
54615,0
54616,0
54617,0
54618,0
54619,0
54620,0
54621,0
54622,0
54623,0
54624,0
54625,0
54626,0
54627,0
54628,0
54629,0
54630,0
54631,0
54632,0
54633,0
54634,0
54635,0
54636,0
54637,0
54638,0
54639,6
54640,5
54641,0
54642,0
54643,0
54644,0
54645,0
54646,0
54647,0
54648,0
54649,0
54650,0
54651,0
54652,0
54653,6
54654,0
54655,0
54656,0
54657,0
54658,0
54659,0
54660,0
54661,0
54662,0
54663,0
54664,0
54665,0
54666,0
54667,0
54668,0
54669,0
54670,0
54671,0
54672,0
54673,0
54674,0
54675,0
54676,0
54677,0
54678,0
54679,0
54680,0
54681,0
54682,0
54683,0
54684,0
54685,0
54686,0
54687,0
54688,0
54689,0
54690,6
54691,0
54692,0
54693,0
54694,0
54695,6
54696,0
54697,0
54698,0
54699,0
54700,0
54701,0
54702,0
54703,0
54704,0
54705,0
54706,12
54707,0
54708,0
54709,0
54710,0
54711,0
54712,0
54713,0
54714,0
54715,0
54716,0
54717,0
54718,0
54719,0
54720,0
54721,7
54722,0
54723,0
54724,0
54725,0
54726,0
54727,0
54728,0
54729,0
54730,0
54731,9
54732,0
54733,0
54734,0
54735,0
54736,0
54737,0
54738,0
54739,0
54740,0
54741,0
54742,0
54743,0
54744,0
54745,0
54746,0
54747,0
54748,0
54749,0
54750,0
54751,0
54752,0
54753,0
54754,0
54755,0
54756,0
54757,0
54758,0
54759,0
54760,0
54761,0
54762,0
54763,0
54764,10
54765,0
54766,0
54767,0
54768,8
54769,0
54770,0
54771,0
54772,0
54773,0
54774,0
54775,11
54776,0
54777,0
54778,0
54779,0
54780,0
54781,0
54782,0
54783,0
54784,0
54785,0
54786,7
54787,0
54788,0
54789,0
54790,0
54791,0
54792,0
54793,0
54794,10
54795,0
54796,0
54797,0
54798,0
54799,7
54800,0
54801,0
54802,0
54803,11
54804,0
54805,0
54806,0
54807,12
54808,0
54809,0
54810,0
54811,0
54812,0
54813,0
54814,18
54815,0
54816,0
54817,0
54818,0
54819,0
54820,0
54821,5
54822,0
54823,3
54824,0
54825,0
54826,0
54827,0
54828,0
54829,0
54830,0
54831,7
54832,0
54833,16
54834,0
54835,0
54836,0
54837,0
54838,9
54839,0
54840,0
54841,0
54842,0
54843,0
54844,0
54845,0
54846,0
54847,0
54848,0
54849,0
54850,0
54851,0
54852,0
54853,0
54854,0
54855,0
54856,0
54857,0
54858,0
54859,13
54860,0
54861,0
54862,0
54863,0
54864,0
54865,0
54866,0
54867,0
54868,8
54869,0
54870,0
54871,0
54872,5
54873,0
54874,0
54875,0
54876,0
54877,0
54878,0
54879,0
54880,0
54881,0
54882,0
54883,0
54884,0
54885,0
54886,0
54887,0
54888,0
54889,0
54890,0
54891,0
54892,0
54893,0
54894,0
54895,0
54896,0
54897,0
54898,0
54899,1
54900,0
54901,0
54902,0
54903,0
54904,0
54905,0
54906,0
54907,0
54908,0
54909,0
54910,1
54911,0
54912,0
54913,0
54914,0
54915,0
54916,0
54917,0
54918,0
54919,0
54920,0
54921,0
54922,0
54923,0
54924,0
54925,0
54926,0
54927,0
54928,0
54929,0
54930,0
54931,0
54932,0
54933,0
54934,0
54935,0
54936,0
54937,0
54938,0
54939,0
54940,0
54941,0
54942,0
54943,0
54944,0
54945,0
54946,0
54947,0
54948,0
54949,0
54950,0
54951,0
54952,0
54953,0
54954,0
54955,0
54956,0
54957,0
54958,0
54959,0
54960,0
54961,0
54962,0
54963,0
54964,0
54965,0
54966,0
54967,0
54968,0
54969,0
54970,0
54971,0
54972,0
54973,1
54974,0
54975,0
54976,0
54977,0
54978,0
54979,0
54980,0
54981,0
54982,0
54983,0
54984,0
54985,0
54986,0
54987,0
54988,0
54989,0
54990,0
54991,0
54992,0
54993,0
54994,0
54995,0
54996,0
54997,0
54998,0
54999,0
55000,0
55001,0
55002,0
55003,0
55004,0
55005,0
55006,0
55007,0
55008,0
55009,0
55010,0
55011,0
55012,0
55013,0
55014,0
55015,0
55016,0
55017,0
55018,0
55019,0
55020,0
55021,0
55022,0
55023,0
55024,0
55025,0
55026,0
55027,0
55028,0
55029,0
55030,0
55031,0
55032,0
55033,0
55034,0
55035,0
55036,0
55037,0
55038,0
55039,0
55040,0
55041,0
55042,0
55043,0
55044,0
55045,0
55046,0
55047,0
55048,0
55049,0
55050,0
55051,0
55052,0
55053,0
55054,0
55055,0
55056,0
55057,0
55058,0
55059,0
55060,0
55061,0
55062,0
55063,0
55064,0
55065,0
55066,0
55067,0
55068,0
55069,0
55070,0
55071,0
55072,0
55073,0
55074,0
55075,0
55076,0
55077,0
55078,0
55079,0
55080,0
55081,0
55082,0
55083,0
55084,0
55085,0
55086,0
55087,0
55088,0
55089,0
55090,0
55091,0
55092,0
55093,0
55094,0
55095,0
55096,0
55097,0
55098,0
55099,0
55100,0
55101,0
55102,0
55103,0
55104,0
55105,0
55106,0
55107,0
55108,0
55109,0
55110,0
55111,0
55112,0
55113,0
55114,0
55115,0
55116,0
55117,0
55118,0
55119,0
55120,0
55121,0
55122,0
55123,0
55124,0
55125,0
55126,0
55127,0
55128,0
55129,0
55130,0
55131,0
55132,0
55133,0
55134,0
55135,0
55136,0
55137,0
55138,0
55139,0
55140,0
55141,0
55142,0
55143,0
55144,0
55145,0
55146,0
55147,0
55148,0
55149,0
55150,0
55151,0
55152,0
55153,0
55154,0
55155,0
55156,0
55157,0
55158,0
55159,0
55160,0
55161,0
55162,0
55163,0
55164,0
55165,0
55166,0
55167,0
55168,0
55169,0
55170,0
55171,0
55172,0
55173,0
55174,0
55175,0
55176,0
55177,0
55178,0
55179,0
55180,0
55181,0
55182,0
55183,0
55184,0
55185,0
55186,0
55187,0
55188,0
55189,0
55190,0
55191,0
55192,0
55193,0
55194,0
55195,0
55196,0
55197,0
55198,0
55199,0
55200,0
55201,0
55202,0
55203,0
55204,0
55205,0
55206,0
55207,0
55208,0
55209,0
55210,0
55211,0
55212,0
55213,0
55214,0
55215,0
55216,0
55217,0
55218,0
55219,0
55220,0
55221,0
55222,0
55223,0
55224,0
55225,0
55226,0
55227,0
55228,0
55229,0
55230,0
55231,0
55232,0
55233,0
55234,0
55235,0
55236,0
55237,2
55238,0
55239,0
55240,0
55241,0
55242,0
55243,0
55244,0
55245,0
55246,0
55247,0
55248,0
55249,0
55250,0
55251,0
55252,0
55253,0
55254,0
55255,0
55256,0
55257,0
55258,0
55259,0
55260,0
55261,0
55262,0
55263,0
55264,0
55265,0
55266,0
55267,0
55268,0
55269,0
55270,0
55271,0
55272,0
55273,0
55274,0
55275,0
55276,0
55277,0
55278,0
55279,0
55280,0
55281,0
55282,0
55283,0
55284,0
55285,0
55286,0
55287,0
55288,0
55289,0
55290,0
55291,0
55292,0
55293,0
55294,0
55295,0
55296,0
55297,0
55298,0
55299,0
55300,0
55301,0
55302,0
55303,0
55304,0
55305,0
55306,0
55307,0
55308,0
55309,0
55310,0
55311,0
55312,0
55313,0
55314,1
55315,0
55316,0
55317,0
55318,0
55319,0
55320,0
55321,0
55322,0
55323,0
55324,0
55325,0
55326,0
55327,0
55328,0
55329,0
55330,0
55331,0
55332,0
55333,0
55334,0
55335,0
55336,0
55337,0
55338,0
55339,0
55340,0
55341,0
55342,0
55343,0
55344,0
55345,0
55346,0
55347,0
55348,0
55349,0
55350,0
55351,0
55352,0
55353,0
55354,0
55355,0
55356,0
55357,0
55358,0
55359,0
55360,0
55361,0
55362,0
55363,0
55364,0
55365,0
55366,0
55367,0
55368,0
55369,0
55370,0
55371,0
55372,0
55373,0
55374,0
55375,0
55376,0
55377,0
55378,0
55379,0
55380,0
55381,0
55382,0
55383,0
55384,0
55385,0
55386,0
55387,0
55388,0
55389,0
55390,0
55391,0
55392,0
55393,0
55394,0
55395,0
55396,0
55397,0
55398,0
55399,0
55400,0
55401,0
55402,0
55403,0
55404,0
55405,0
55406,0
55407,0
55408,0
55409,0
55410,0
55411,0
55412,0
55413,0
55414,0
55415,0
55416,0
55417,0
55418,0
55419,0
55420,0
55421,0
55422,0
55423,0
55424,0
55425,0
55426,0
55427,0
55428,0
55429,0
55430,0
55431,0
55432,0
55433,0
55434,0
55435,0
55436,0
55437,0
55438,0
55439,0
55440,0
55441,0
55442,0
55443,0
55444,0
55445,0
55446,0
55447,0
55448,0
55449,0
55450,0
55451,0
55452,0
55453,0
55454,0
55455,0
55456,0
55457,0
55458,0
55459,0
55460,0
55461,0
55462,0
55463,0
55464,0
55465,0
55466,0
55467,0
55468,0
55469,0
55470,0
55471,0
55472,0
55473,0
55474,0
55475,0
55476,0
55477,0
55478,0
55479,0
55480,0
55481,0
55482,0
55483,0
55484,0
55485,0
55486,0
55487,0
55488,0
55489,0
55490,0
55491,0
55492,0
55493,0
55494,0
55495,0
55496,0
55497,0
55498,0
55499,0
55500,0
55501,0
55502,0
55503,0
55504,0
55505,0
55506,0
55507,0
55508,0
55509,0
55510,0
55511,0
55512,0
55513,0
55514,0
55515,0
55516,0
55517,0
55518,0
55519,0
55520,0
55521,0
55522,0
55523,0
55524,0
55525,0
55526,0
55527,0
55528,0
55529,0
55530,0
55531,0
55532,0
55533,0
55534,0
55535,0
55536,0
55537,0
55538,0
55539,0
55540,0
55541,0
55542,0
55543,0
55544,0
55545,0
55546,0
55547,0
55548,0
55549,0
55550,0
55551,0
55552,0
55553,0
55554,0
55555,0
55556,0
55557,0
55558,0
55559,0
55560,0
55561,0
55562,0
55563,0
55564,0
55565,0
55566,0
55567,0
55568,0
55569,0
55570,0
55571,0
55572,0
55573,0
55574,1
55575,0
55576,0
55577,1
55578,0
55579,0
55580,0
55581,0
55582,0
55583,0
55584,0
55585,0
55586,0
55587,0
55588,0
55589,0
55590,0
55591,0
55592,0
55593,0
55594,0
55595,0
55596,0
55597,0
55598,0
55599,0
55600,0
55601,0
55602,0
55603,0
55604,31
55605,0
55606,43
55607,38
55608,0
55609,0
55610,0
55611,0
55612,0
55613,34
55614,0
55615,0
55616,34
55617,32
55618,35
55619,0
55620,0
55621,0
55622,0
55623,0
55624,0
55625,0
55626,0
55627,0
55628,0
55629,0
55630,41
55631,0
55632,0
55633,0
55634,0
55635,0
55636,0
55637,50
55638,0
55639,0
55640,0
55641,38
55642,0
55643,0
55644,29
55645,0
55646,0
55647,31
55648,0
55649,0
55650,0
55651,0
55652,0
55653,0
55654,28
55655,34
55656,0
55657,0
55658,0
55659,0
55660,31
55661,0
55662,0
55663,0
55664,0
55665,0
55666,0
55667,42
55668,24
55669,32
55670,0
55671,0
55672,34
55673,39
55674,0
55675,0
55676,0
55677,0
55678,0
55679,0
55680,0
55681,0
55682,0
55683,0
55684,0
55685,38
55686,0
55687,0
55688,0
55689,0
55690,0
55691,0
55692,0
55693,0
55694,0
55695,0
55696,0
55697,40
55698,0
55699,24
55700,0
55701,0
55702,0
55703,0
55704,0
55705,0
55706,0
55707,0
55708,0
55709,0
55710,0
55711,0
55712,0
55713,0
55714,0
55715,0
55716,0
55717,0
55718,0
55719,0
55720,0
55721,0
55722,45
55723,0
55724,46
55725,48
55726,0
55727,41
55728,0
55729,0
55730,0
55731,34
55732,0
55733,0
55734,0
55735,0
55736,36
55737,43
55738,0
55739,41
55740,0
55741,0
55742,0
55743,0
55744,0
55745,0
55746,0
55747,0
55748,0
55749,0
55750,0
55751,0
55752,39
55753,33
55754,0
55755,0
55756,0
55757,0
55758,0
55759,0
55760,46
55761,43
55762,0
55763,53
55764,0
55765,0
55766,35
55767,0
55768,0
55769,0
55770,0
55771,0
55772,0
55773,0
55774,0
55775,37
55776,34
55777,0
55778,49
55779,0
55780,0
55781,0
55782,0
55783,0
55784,0
55785,0
55786,0
55787,0
55788,38
55789,0
55790,0
55791,0
55792,0
55793,0
55794,27
55795,0
55796,19
55797,44
55798,35
55799,0
55800,0
55801,0
55802,0
55803,0
55804,0
55805,0
55806,0
55807,0
55808,0
55809,0
55810,0
55811,0
55812,0
55813,30
55814,36
55815,0
55816,0
55817,0
55818,35
55819,0
55820,0
55821,0
55822,0
55823,0
55824,0
55825,35
55826,0
55827,0
55828,0
55829,0
55830,0
55831,0
55832,0
55833,0
55834,0
55835,0
55836,23
55837,44
55838,0
55839,40
55840,0
55841,0
55842,0
55843,0
55844,0
55845,0
55846,0
55847,0
55848,46
55849,0
55850,32
55851,0
55852,0
55853,0
55854,0
55855,0
55856,55
55857,0
55858,0
55859,0
55860,0
55861,0
55862,34
55863,0
55864,16
55865,0
55866,0
55867,0
55868,0
55869,41
55870,0
55871,0
55872,0
55873,0
55874,34
55875,0
55876,0
55877,0
55878,0
55879,0
55880,0
55881,0
55882,0
55883,0
55884,34
55885,23
55886,0
55887,0
55888,0
55889,0
55890,29
55891,0
55892,0
55893,0
55894,0
55895,0
55896,0
55897,0
55898,37
55899,0
55900,0
55901,0
55902,0
55903,34
55904,0
55905,0
55906,32
55907,0
55908,0
55909,0
55910,0
55911,28
55912,0
55913,41
55914,0
55915,0
55916,43
55917,0
55918,0
55919,0
55920,0
55921,0
55922,0
55923,0
55924,0
55925,0
55926,0
55927,0
55928,0
55929,0
55930,0
55931,45
55932,0
55933,0
55934,0
55935,45
55936,0
55937,0
55938,35
55939,0
55940,36
55941,0
55942,42
55943,0
55944,32
55945,0
55946,45
55947,0
55948,0
55949,36
55950,34
55951,39
55952,0
55953,0
55954,0
55955,0
55956,35
55957,0
55958,0
55959,0
55960,0
55961,0
55962,0
55963,0
55964,28
55965,0
55966,0
55967,47
55968,0
55969,0
55970,0
55971,0
55972,0
55973,0
55974,0
55975,38
55976,38
55977,0
55978,0
55979,36
55980,0
55981,0
55982,0
55983,35
55984,39
55985,0
55986,0
55987,0
55988,0
55989,0
55990,0
55991,22
55992,0
55993,0
55994,33
55995,0
55996,0
55997,43
55998,0
55999,45
56000,0
56001,0
56002,0
56003,0
56004,0
56005,0
56006,22
56007,0
56008,0
56009,0
56010,0
56011,0
56012,0
56013,35
56014,0
56015,0
56016,32
56017,36
56018,0
56019,0
56020,0
56021,0
56022,0
56023,0
56024,0
56025,0
56026,0
56027,22
56028,36
56029,0
56030,41
56031,0
56032,37
56033,0
56034,0
56035,0
56036,0
56037,0
56038,0
56039,0
56040,32
56041,0
56042,0
56043,0
56044,0
56045,0
56046,0
56047,0
56048,0
56049,35
56050,0
56051,0
56052,0
56053,0
56054,0
56055,0
56056,33
56057,0
56058,0
56059,0
56060,0
56061,0
56062,30
56063,0
56064,0
56065,0
56066,0
56067,0
56068,0
56069,0
56070,0
56071,0
56072,0
56073,0
56074,0
56075,0
56076,0
56077,0
56078,29
56079,0
56080,0
56081,0
56082,0
56083,0
56084,37
56085,0
56086,0
56087,37
56088,0
56089,0
56090,0
56091,43
56092,0
56093,0
56094,0
56095,0
56096,0
56097,0
56098,0
56099,0
56100,0
56101,0
56102,0
56103,0
56104,0
56105,0
56106,0
56107,0
56108,0
56109,0
56110,0
56111,0
56112,0
56113,35
56114,0
56115,44
56116,0
56117,0
56118,0
56119,0
56120,0
56121,0
56122,0
56123,0
56124,0
56125,0
56126,0
56127,0
56128,0
56129,0
56130,0
56131,29
56132,0
56133,22
56134,0
56135,34
56136,0
56137,17
56138,0
56139,0
56140,42
56141,0
56142,0
56143,0
56144,43
56145,0
56146,0
56147,0
56148,0
56149,0
56150,0
56151,0
56152,40
56153,35
56154,0
56155,0
56156,0
56157,30
56158,0
56159,0
56160,0
56161,0
56162,0
56163,0
56164,0
56165,0
56166,0
56167,0
56168,0
56169,0
56170,0
56171,0
56172,0
56173,0
56174,0
56175,0
56176,41
56177,0
56178,0
56179,42
56180,42
56181,31
56182,0
56183,0
56184,0
56185,0
56186,0
56187,0
56188,0
56189,0
56190,0
56191,40
56192,0
56193,0
56194,0
56195,0
56196,0
56197,0
56198,0
56199,0
56200,0
56201,0
56202,0
56203,0
56204,47
56205,0
56206,46
56207,0
56208,0
56209,0
56210,0
56211,0
56212,36
56213,42
56214,0
56215,0
56216,0
56217,0
56218,35
56219,26
56220,0
56221,0
56222,0
56223,0
56224,0
56225,0
56226,63
56227,0
56228,0
56229,0
56230,0
56231,0
56232,59
56233,49
56234,0
56235,38
56236,0
56237,0
56238,0
56239,35
56240,16
56241,0
56242,0
56243,0
56244,0
56245,0
56246,0
56247,31
56248,0
56249,0
56250,30
56251,0
56252,33
56253,0
56254,0
56255,0
56256,0
56257,0
56258,44
56259,0
56260,0
56261,27
56262,0
56263,38
56264,0
56265,0
56266,0
56267,46
56268,0
56269,0
56270,0
56271,0
56272,0
56273,0
56274,0
56275,0
56276,0
56277,0
56278,0
56279,0
56280,0
56281,0
56282,0
56283,39
56284,0
56285,0
56286,0
56287,0
56288,0
56289,0
56290,0
56291,0
56292,0
56293,0
56294,0
56295,0
56296,0
56297,32
56298,0
56299,0
56300,0
56301,47
56302,46
56303,0
56304,0
56305,0
56306,0
56307,0
56308,0
56309,0
56310,0
56311,0
56312,0
56313,0
56314,0
56315,0
56316,0
56317,0
56318,0
56319,0
56320,40
56321,0
56322,0
56323,0
56324,0
56325,0
56326,0
56327,0
56328,0
56329,38
56330,0
56331,0
56332,0
56333,0
56334,0
56335,0
56336,0
56337,0
56338,0
56339,0
56340,0
56341,0
56342,0
56343,0
56344,50
56345,0
56346,30
56347,0
56348,0
56349,0
56350,53
56351,0
56352,0
56353,0
56354,0
56355,0
56356,0
56357,0
56358,0
56359,0
56360,37
56361,0
56362,0
56363,0
56364,0
56365,0
56366,0
56367,0
56368,0
56369,0
56370,0
56371,0
56372,56
56373,31
56374,0
56375,0
56376,0
56377,0
56378,24
56379,0
56380,0
56381,0
56382,0
56383,51
56384,0
56385,47
56386,0
56387,0
56388,0
56389,48
56390,0
56391,0
56392,0
56393,0
56394,0
56395,44
56396,0
56397,0
56398,0
56399,0
56400,0
56401,28
56402,0
56403,0
56404,0
56405,38
56406,24
56407,0
56408,24
56409,0
56410,0
56411,0
56412,0
56413,44
56414,0
56415,0
56416,0
56417,37
56418,0
56419,0
56420,27
56421,41
56422,0
56423,33
56424,0
56425,0
56426,0
56427,33
56428,0
56429,33
56430,0
56431,0
56432,33
56433,0
56434,0
56435,50
56436,0
56437,0
56438,0
56439,0
56440,0
56441,0
56442,0
56443,0
56444,0
56445,64
56446,0
56447,52
56448,36
56449,0
56450,0
56451,0
56452,0
56453,0
56454,0
56455,0
56456,47
56457,0
56458,0
56459,34
56460,24
56461,0
56462,0
56463,0
56464,0
56465,0
56466,0
56467,28
56468,0
56469,51
56470,0
56471,23
56472,0
56473,0
56474,0
56475,43
56476,35
56477,0
56478,0
56479,0
56480,0
56481,40
56482,36
56483,0
56484,0
56485,0
56486,56
56487,0
56488,0
56489,0
56490,0
56491,0
56492,0
56493,0
56494,0
56495,0
56496,0
56497,29
56498,0
56499,0
56500,0
56501,0
56502,0
56503,0
56504,44
56505,43
56506,36
56507,0
56508,0
56509,0
56510,0
56511,0
56512,0
56513,0
56514,19
56515,0
56516,0
56517,0
56518,0
56519,35
56520,0
56521,45
56522,0
56523,0
56524,0
56525,0
56526,0
56527,0
56528,0
56529,0
56530,0
56531,0
56532,0
56533,0
56534,0
56535,29
56536,0
56537,0
56538,0
56539,0
56540,53
56541,0
56542,0
56543,33
56544,0
56545,0
56546,0
56547,0
56548,0
56549,0
56550,30
56551,0
56552,0
56553,0
56554,0
56555,0
56556,0
56557,53
56558,0
56559,0
56560,0
56561,0
56562,0
56563,0
56564,0
56565,47
56566,38
56567,0
56568,0
56569,37
56570,0
56571,0
56572,0
56573,0
56574,42
56575,0
56576,0
56577,0
56578,52
56579,0
56580,0
56581,0
56582,0
56583,45
56584,0
56585,0
56586,0
56587,0
56588,60
56589,0
56590,0
56591,0
56592,0
56593,46
56594,0
56595,0
56596,0
56597,0
56598,0
56599,0
56600,0
56601,40
56602,0
56603,60
56604,51
56605,0
56606,25
56607,0
56608,31
56609,0
56610,0
56611,0
56612,0
56613,23
56614,0
56615,33
56616,45
56617,0
56618,49
56619,0
56620,0
56621,0
56622,49
56623,0
56624,42
56625,0
56626,0
56627,0
56628,55
56629,39
56630,0
56631,0
56632,0
56633,0
56634,0
56635,0
56636,0
56637,0
56638,0
56639,35
56640,0
56641,0
56642,29
56643,0
56644,0
56645,0
56646,0
56647,0
56648,0
56649,0
56650,0
56651,0
56652,0
56653,0
56654,0
56655,0
56656,45
56657,0
56658,0
56659,33
56660,0
56661,0
56662,44
56663,0
56664,0
56665,0
56666,35
56667,0
56668,41
56669,38
56670,0
56671,40
56672,0
56673,0
56674,0
56675,0
56676,0
56677,0
56678,0
56679,0
56680,0
56681,51
56682,0
56683,0
56684,0
56685,0
56686,32
56687,0
56688,41
56689,0
56690,0
56691,0
56692,0
56693,0
56694,0
56695,45
56696,0
56697,42
56698,0
56699,50
56700,0
56701,0
56702,0
56703,34
56704,33
56705,0
56706,0
56707,0
56708,0
56709,0
56710,0
56711,26
56712,0
56713,0
56714,48
56715,21
56716,0
56717,29
56718,0
56719,0
56720,32
56721,25
56722,0
56723,0
56724,0
56725,0
56726,0
56727,56
56728,0
56729,0
56730,0
56731,0
56732,0
56733,0
56734,0
56735,0
56736,0
56737,0
56738,44
56739,0
56740,48
56741,0
56742,33
56743,0
56744,0
56745,0
56746,0
56747,0
56748,29
56749,0
56750,0
56751,40
56752,0
56753,54
56754,0
56755,0
56756,0
56757,16
56758,0
56759,33
56760,0
56761,38
56762,0
56763,0
56764,0
56765,0
56766,0
56767,0
56768,39
56769,0
56770,0
56771,0
56772,0
56773,32
56774,31
56775,0
56776,0
56777,44
56778,34
56779,0
56780,0
56781,0
56782,0
56783,48
56784,0
56785,0
56786,0
56787,0
56788,63
56789,0
56790,0
56791,49
56792,0
56793,0
56794,46
56795,0
56796,0
56797,22
56798,48
56799,0
56800,0
56801,0
56802,0
56803,0
56804,0
56805,0
56806,47
56807,0
56808,0
56809,0
56810,0
56811,0
56812,24
56813,0
56814,0
56815,0
56816,44
56817,0
56818,0
56819,0
56820,0
56821,0
56822,39
56823,0
56824,0
56825,43
56826,0
56827,0
56828,38
56829,0
56830,0
56831,0
56832,39
56833,0
56834,0
56835,0
56836,0
56837,52
56838,31
56839,45
56840,0
56841,32
56842,0
56843,30
56844,0
56845,31
56846,0
56847,47
56848,0
56849,0
56850,0
56851,0
56852,0
56853,0
56854,0
56855,0
56856,0
56857,0
56858,28
56859,0
56860,0
56861,0
56862,40
56863,0
56864,0
56865,0
56866,0
56867,0
56868,0
56869,44
56870,60
56871,0
56872,0
56873,0
56874,0
56875,0
56876,0
56877,0
56878,0
56879,40
56880,0
56881,0
56882,40
56883,65
56884,0
56885,0
56886,0
56887,0
56888,0
56889,0
56890,0
56891,0
56892,0
56893,0
56894,0
56895,0
56896,0
56897,0
56898,0
56899,32
56900,0
56901,0
56902,0
56903,0
56904,0
56905,0
56906,0
56907,0
56908,39
56909,17
56910,0
56911,33
56912,0
56913,0
56914,34
56915,0
56916,30
56917,0
56918,32
56919,0
56920,42
56921,54
56922,0
56923,0
56924,45
56925,0
56926,0
56927,0
56928,0
56929,34
56930,38
56931,0
56932,35
56933,0
56934,0
56935,0
56936,40
56937,0
56938,0
56939,0
56940,0
56941,0
56942,0
56943,12
56944,0
56945,0
56946,0
56947,0
56948,0
56949,0
56950,0
56951,0
56952,0
56953,0
56954,0
56955,0
56956,0
56957,0
56958,0
56959,0
56960,0
56961,0
56962,0
56963,0
56964,0
56965,0
56966,0
56967,18
56968,0
56969,0
56970,0
56971,0
56972,0
56973,29
56974,0
56975,0
56976,0
56977,0
56978,21
56979,0
56980,0
56981,0
56982,0
56983,0
56984,0
56985,0
56986,26
56987,0
56988,0
56989,0
56990,0
56991,0
56992,0
56993,0
56994,0
56995,0
56996,31
56997,0
56998,0
56999,0
57000,0
57001,0
57002,0
57003,0
57004,0
57005,0
57006,0
57007,0
57008,0
57009,0
57010,21
57011,18
57012,0
57013,0
57014,14
57015,0
57016,13
57017,0
57018,0
57019,0
57020,0
57021,21
57022,0
57023,0
57024,21
57025,21
57026,0
57027,6
57028,0
57029,0
57030,0
57031,0
57032,16
57033,0
57034,0
57035,0
57036,0
57037,0
57038,0
57039,0
57040,0
57041,0
57042,0
57043,0
57044,0
57045,0
57046,0
57047,0
57048,0
57049,35
57050,0
57051,0
57052,48
57053,0
57054,0
57055,0
57056,21
57057,0
57058,0
57059,0
57060,0
57061,0
57062,0
57063,0
57064,0
57065,18
57066,0
57067,0
57068,0
57069,0
57070,0
57071,0
57072,0
57073,0
57074,0
57075,0
57076,0
57077,0
57078,0
57079,0
57080,0
57081,0
57082,0
57083,0
57084,0
57085,0
57086,0
57087,0
57088,0
57089,0
57090,0
57091,0
57092,0
57093,0
57094,0
57095,0
57096,0
57097,0
57098,0
57099,0
57100,0
57101,0
57102,0
57103,0
57104,0
57105,0
57106,0
57107,0
57108,0
57109,0
57110,0
57111,0
57112,38
57113,0
57114,0
57115,0
57116,0
57117,15
57118,0
57119,0
57120,0
57121,42
57122,0
57123,0
57124,0
57125,0
57126,0
57127,0
57128,0
57129,0
57130,0
57131,0
57132,13
57133,0
57134,0
57135,0
57136,0
57137,0
57138,0
57139,15
57140,0
57141,0
57142,24
57143,0
57144,17
57145,0
57146,0
57147,0
57148,0
57149,0
57150,0
57151,0
57152,28
57153,0
57154,0
57155,0
57156,0
57157,0
57158,0
57159,0
57160,0
57161,0
57162,0
57163,0
57164,0
57165,0
57166,0
57167,0
57168,0
57169,0
57170,0
57171,0
57172,0
57173,0
57174,0
57175,0
57176,0
57177,0
57178,0
57179,28
57180,11
57181,0
57182,0
57183,0
57184,0
57185,0
57186,0
57187,0
57188,0
57189,0
57190,0
57191,0
57192,0
57193,0
57194,0
57195,0
57196,0
57197,0
57198,0
57199,0
57200,23
57201,0
57202,0
57203,17
57204,0
57205,0
57206,0
57207,0
57208,0
57209,0
57210,0
57211,0
57212,0
57213,0
57214,0
57215,0
57216,0
57217,0
57218,0
57219,0
57220,0
57221,0
57222,0
57223,0
57224,0
57225,0
57226,0
57227,0
57228,0
57229,0
57230,0
57231,0
57232,0
57233,0
57234,0
57235,0
57236,0
57237,0
57238,0
57239,0
57240,0
57241,0
57242,0
57243,0
57244,0
57245,0
57246,0
57247,0
57248,0
57249,0
57250,0
57251,0
57252,0
57253,0
57254,0
57255,31
57256,0
57257,0
57258,0
57259,0
57260,0
57261,0
57262,0
57263,0
57264,0
57265,0
57266,0
57267,0
57268,0
57269,0
57270,0
57271,0
57272,0
57273,0
57274,0
57275,38
57276,0
57277,0
57278,0
57279,0
57280,0
57281,0
57282,0
57283,0
57284,0
57285,0
57286,0
57287,0
57288,20
57289,0
57290,30
57291,0
57292,0
57293,0
57294,0
57295,0
57296,0
57297,0
57298,0
57299,0
57300,0
57301,0
57302,0
57303,0
57304,0
57305,0
57306,0
57307,0
57308,0
57309,0
57310,0
57311,0
57312,0
57313,0
57314,0
57315,0
57316,0
57317,0
57318,0
57319,0
57320,0
57321,0
57322,0
57323,0
57324,21
57325,0
57326,0
57327,45
57328,0
57329,0
57330,0
57331,0
57332,0
57333,27
57334,0
57335,0
57336,0
57337,0
57338,0
57339,0
57340,0
57341,0
57342,0
57343,0
57344,0
57345,0
57346,0
57347,20
57348,0
57349,0
57350,0
57351,14
57352,0
57353,0
57354,0
57355,0
57356,0
57357,0
57358,0
57359,15
57360,0
57361,0
57362,0
57363,0
57364,0
57365,0
57366,20
57367,0
57368,0
57369,0
57370,0
57371,0
57372,24
57373,0
57374,0
57375,0
57376,26
57377,0
57378,0
57379,0
57380,0
57381,0
57382,24
57383,37
57384,0
57385,0
57386,0
57387,0
57388,0
57389,0
57390,0
57391,0
57392,0
57393,0
57394,0
57395,25
57396,0
57397,0
57398,0
57399,0
57400,0
57401,0
57402,0
57403,0
57404,33
57405,0
57406,0
57407,0
57408,0
57409,0
57410,0
57411,0
57412,0
57413,0
57414,0
57415,0
57416,0
57417,0
57418,0
57419,0
57420,0
57421,0
57422,0
57423,0
57424,0
57425,0
57426,0
57427,0
57428,16
57429,14
57430,0
57431,0
57432,0
57433,0
57434,0
57435,0
57436,0
57437,0
57438,0
57439,0
57440,0
57441,0
57442,0
57443,0
57444,0
57445,22
57446,0
57447,0
57448,23
57449,0
57450,0
57451,0
57452,34
57453,0
57454,0
57455,0
57456,0
57457,0
57458,0
57459,0
57460,0
57461,0
57462,0
57463,0
57464,0
57465,0
57466,0
57467,0
57468,0
57469,0
57470,0
57471,0
57472,0
57473,0
57474,13
57475,0
57476,0
57477,0
57478,0
57479,0
57480,0
57481,0
57482,0
57483,0
57484,0
57485,34
57486,0
57487,0
57488,0
57489,0
57490,19
57491,0
57492,0
57493,0
57494,0
57495,0
57496,0
57497,0
57498,0
57499,0
57500,0
57501,0
57502,0
57503,0
57504,0
57505,0
57506,0
57507,0
57508,16
57509,0
57510,24
57511,0
57512,0
57513,0
57514,0
57515,0
57516,0
57517,0
57518,0
57519,0
57520,0
57521,0
57522,16
57523,0
57524,0
57525,0
57526,0
57527,0
57528,0
57529,0
57530,0
57531,0
57532,0
57533,0
57534,0
57535,0
57536,0
57537,0
57538,0
57539,0
57540,0
57541,0
57542,0
57543,0
57544,0
57545,0
57546,0
57547,0
57548,0
57549,0
57550,0
57551,0
57552,0
57553,0
57554,27
57555,0
57556,0
57557,0
57558,0
57559,0
57560,0
57561,0
57562,0
57563,0
57564,0
57565,0
57566,0
57567,0
57568,0
57569,0
57570,0
57571,0
57572,0
57573,0
57574,0
57575,32
57576,0
57577,29
57578,29
57579,0
57580,0
57581,0
57582,0
57583,0
57584,0
57585,21
57586,0
57587,0
57588,0
57589,0
57590,0
57591,0
57592,0
57593,0
57594,0
57595,0
57596,0
57597,0
57598,0
57599,0
57600,0
57601,29
57602,0
57603,0
57604,0
57605,0
57606,0
57607,1
57608,0
57609,0
57610,0
57611,0
57612,0
57613,0
57614,0
57615,0
57616,0
57617,0
57618,0
57619,0
57620,0
57621,0
57622,0
57623,0
57624,0
57625,0
57626,0
57627,0
57628,0
57629,0
57630,0
57631,0
57632,0
57633,0
57634,3
57635,0
57636,0
57637,1
57638,1
57639,0
57640,0
57641,0
57642,0
57643,0
57644,0
57645,0
57646,0
57647,0
57648,0
57649,0
57650,0
57651,0
57652,0
57653,0
57654,0
57655,0
57656,0
57657,0
57658,2
57659,0
57660,0
57661,0
57662,0
57663,0
57664,0
57665,0
57666,0
57667,0
57668,0
57669,0
57670,0
57671,0
57672,0
57673,0
57674,0
57675,0
57676,1
57677,0
57678,0
57679,0
57680,0
57681,0
57682,0
57683,0
57684,0
57685,0
57686,0
57687,0
57688,0
57689,0
57690,0
57691,0
57692,0
57693,0
57694,0
57695,0
57696,0
57697,1
57698,0
57699,0
57700,0
57701,0
57702,0
57703,0
57704,0
57705,0
57706,0
57707,0
57708,0
57709,0
57710,0
57711,0
57712,0
57713,0
57714,0
57715,0
57716,0
57717,1
57718,0
57719,0
57720,0
57721,0
57722,0
57723,0
57724,0
57725,0
57726,0
57727,2
57728,0
57729,0
57730,0
57731,0
57732,0
57733,0
57734,0
57735,0
57736,0
57737,0
57738,0
57739,0
57740,1
57741,0
57742,0
57743,0
57744,1
57745,0
57746,0
57747,0
57748,0
57749,0
57750,0
57751,0
57752,0
57753,0
57754,0
57755,0
57756,0
57757,0
57758,0
57759,2
57760,1
57761,0
57762,0
57763,0
57764,0
57765,0
57766,0
57767,0
57768,0
57769,3
57770,0
57771,0
57772,0
57773,0
57774,0
57775,0
57776,0
57777,0
57778,0
57779,0
57780,0
57781,0
57782,0
57783,0
57784,0
57785,0
57786,0
57787,0
57788,0
57789,0
57790,0
57791,0
57792,0
57793,0
57794,1
57795,0
57796,0
57797,0
57798,0
57799,0
57800,0
57801,0
57802,0
57803,0
57804,0
57805,0
57806,0
57807,0
57808,0
57809,0
57810,0
57811,0
57812,0
57813,0
57814,0
57815,1
57816,1
57817,0
57818,0
57819,0
57820,0
57821,0
57822,0
57823,0
57824,0
57825,0
57826,0
57827,0
57828,1
57829,0
57830,0
57831,0
57832,0
57833,0
57834,1
57835,0
57836,0
57837,0
57838,0
57839,0
57840,0
57841,0
57842,0
57843,0
57844,0
57845,0
57846,0
57847,0
57848,0
57849,0
57850,0
57851,0
57852,0
57853,0
57854,0
57855,0
57856,0
57857,0
57858,0
57859,0
57860,0
57861,0
57862,0
57863,0
57864,0
57865,0
57866,0
57867,0
57868,0
57869,0
57870,1
57871,0
57872,0
57873,0
57874,0
57875,0
57876,0
57877,0
57878,0
57879,0
57880,0
57881,0
57882,0
57883,0
57884,0
57885,0
57886,0
57887,0
57888,0
57889,0
57890,0
57891,0
57892,0
57893,0
57894,0
57895,2
57896,0
57897,0
57898,0
57899,0
57900,0
57901,0
57902,0
57903,0
57904,4
57905,0
57906,0
57907,0
57908,0
57909,0
57910,0
57911,0
57912,0
57913,0
57914,0
57915,1
57916,0
57917,0
57918,0
57919,0
57920,1
57921,0
57922,0
57923,0
57924,0
57925,0
57926,0
57927,0
57928,0
57929,0
57930,0
57931,0
57932,0
57933,0
57934,0
57935,0
57936,0
57937,0
57938,0
57939,0
57940,0
57941,0
57942,1
57943,1
57944,0
57945,0
57946,1
57947,0
57948,0
57949,0
57950,0
57951,0
57952,1
57953,0
57954,0
57955,3
57956,0
57957,0
57958,0
57959,2
57960,0
57961,0
57962,0
57963,0
57964,0
57965,0
57966,0
57967,0
57968,0
57969,0
57970,0
57971,0
57972,1
57973,0
57974,0
57975,0
57976,0
57977,0
57978,0
57979,0
57980,1
57981,0
57982,0
57983,0
57984,0
57985,0
57986,0
57987,0
57988,0
57989,0
57990,0
57991,2
57992,0
57993,0
57994,0
57995,0
57996,0
57997,0
57998,0
57999,0
58000,0
58001,0
58002,0
58003,0
58004,0
58005,0
58006,0
58007,0
58008,0
58009,0
58010,0
58011,0
58012,0
58013,0
58014,0
58015,0
58016,0
58017,0
58018,1
58019,0
58020,2
58021,0
58022,2
58023,0
58024,0
58025,0
58026,0
58027,0
58028,0
58029,0
58030,0
58031,0
58032,0
58033,0
58034,0
58035,0
58036,0
58037,0
58038,0
58039,0
58040,0
58041,0
58042,0
58043,0
58044,0
58045,0
58046,0
58047,0
58048,0
58049,0
58050,0
58051,0
58052,0
58053,0
58054,0
58055,0
58056,1
58057,0
58058,0
58059,0
58060,1
58061,0
58062,0
58063,0
58064,0
58065,0
58066,0
58067,0
58068,0
58069,0
58070,0
58071,0
58072,0
58073,0
58074,0
58075,0
58076,0
58077,0
58078,0
58079,1
58080,0
58081,0
58082,0
58083,0
58084,0
58085,0
58086,0
58087,0
58088,1
58089,0
58090,0
58091,0
58092,0
58093,0
58094,0
58095,0
58096,0
58097,0
58098,0
58099,0
58100,0
58101,2
58102,0
58103,0
58104,0
58105,0
58106,0
58107,0
58108,0
58109,0
58110,0
58111,0
58112,0
58113,0
58114,0
58115,2
58116,0
58117,0
58118,0
58119,0
58120,0
58121,0
58122,0
58123,0
58124,1
58125,0
58126,0
58127,0
58128,0
58129,0
58130,0
58131,0
58132,0
58133,0
58134,0
58135,0
58136,0
58137,0
58138,0
58139,0
58140,0
58141,0
58142,0
58143,0
58144,0
58145,0
58146,0
58147,0
58148,0
58149,0
58150,0
58151,0
58152,0
58153,0
58154,0
58155,0
58156,0
58157,0
58158,0
58159,0
58160,0
58161,0
58162,0
58163,0
58164,0
58165,0
58166,0
58167,0
58168,0
58169,0
58170,0
58171,0
58172,0
58173,0
58174,2
58175,0
58176,0
58177,0
58178,0
58179,0
58180,0
58181,0
58182,0
58183,0
58184,0
58185,0
58186,0
58187,0
58188,0
58189,0
58190,0
58191,0
58192,0
58193,0
58194,0
58195,0
58196,1
58197,0
58198,0
58199,0
58200,0
58201,0
58202,0
58203,0
58204,0
58205,0
58206,0
58207,0
58208,0
58209,0
58210,0
58211,0
58212,0
58213,0
58214,0
58215,0
58216,0
58217,0
58218,0
58219,0
58220,0
58221,0
58222,2
58223,0
58224,0
58225,0
58226,0
58227,0
58228,0
58229,0
58230,0
58231,0
58232,0
58233,0
58234,0
58235,0
58236,0
58237,0
58238,0
58239,0
58240,0
58241,0
58242,0
58243,0
58244,0
58245,0
58246,0
58247,0
58248,0
58249,0
58250,0
58251,0
58252,0
58253,0
58254,0
58255,0
58256,0
58257,2
58258,0
58259,0
58260,0
58261,0
58262,0
58263,0
58264,0
58265,0
58266,0
58267,0
58268,0
58269,0
58270,0
58271,0
58272,0
58273,0
58274,0
58275,0
58276,0
58277,0
58278,0
58279,0
58280,0
58281,0
58282,0
58283,0
58284,0
58285,0
58286,0
58287,0
58288,0
58289,0
58290,0
58291,0
58292,0
58293,0
58294,0
58295,0
58296,0
58297,0
58298,0
58299,0
58300,0
58301,0
58302,0
58303,0
58304,0
58305,0
58306,0
58307,0
58308,0
58309,0
58310,0
58311,0
58312,0
58313,0
58314,0
58315,0
58316,0
58317,0
58318,0
58319,0
58320,0
58321,0
58322,0
58323,2
58324,0
58325,0
58326,0
58327,0
58328,0
58329,0
58330,0
58331,0
58332,1
58333,0
58334,0
58335,0
58336,0
58337,0
58338,0
58339,3
58340,0
58341,0
58342,0
58343,1
58344,0
58345,0
58346,0
58347,0
58348,2
58349,0
58350,0
58351,0
58352,0
58353,0
58354,0
58355,0
58356,0
58357,0
58358,0
58359,0
58360,0
58361,1
58362,0
58363,1
58364,0
58365,0
58366,0
58367,0
58368,0
58369,0
58370,0
58371,0
58372,0
58373,0
58374,0
58375,0
58376,0
58377,0
58378,0
58379,0
58380,0
58381,0
58382,0
58383,0
58384,0
58385,2
58386,0
58387,0
58388,0
58389,0
58390,0
58391,0
58392,0
58393,1
58394,0
58395,0
58396,0
58397,0
58398,0
58399,0
58400,0
58401,1
58402,0
58403,0
58404,0
58405,2
58406,0
58407,0
58408,0
58409,0
58410,0
58411,0
58412,2
58413,1
58414,0
58415,0
58416,0
58417,0
58418,0
58419,0
58420,0
58421,0
58422,0
58423,0
58424,0
58425,0
58426,0
58427,0
58428,0
58429,0
58430,0
58431,0
58432,1
58433,0
58434,0
58435,0
58436,0
58437,0
58438,0
58439,0
58440,0
58441,0
58442,0
58443,0
58444,0
58445,0
58446,0
58447,0
58448,0
58449,0
58450,0
58451,0
58452,0
58453,0
58454,0
58455,0
58456,0
58457,0
58458,0
58459,0
58460,1
58461,0
58462,0
58463,0
58464,0
58465,0
58466,0
58467,0
58468,0
58469,0
58470,0
58471,0
58472,0
58473,0
58474,0
58475,0
58476,0
58477,0
58478,0
58479,0
58480,0
58481,0
58482,1
58483,0
58484,0
58485,0
58486,0
58487,1
58488,0
58489,0
58490,0
58491,1
58492,0
58493,0
58494,0
58495,0
58496,0
58497,0
58498,0
58499,0
58500,0
58501,0
58502,0
58503,0
58504,0
58505,2
58506,0
58507,0
58508,0
58509,0
58510,0
58511,2
58512,0
58513,0
58514,0
58515,0
58516,0
58517,0
58518,0
58519,0
58520,0
58521,2
58522,0
58523,0
58524,0
58525,0
58526,0
58527,0
58528,0
58529,0
58530,1
58531,0
58532,0
58533,0
58534,0
58535,1
58536,0
58537,0
58538,0
58539,0
58540,0
58541,0
58542,0
58543,0
58544,0
58545,0
58546,0
58547,0
58548,2
58549,0
58550,0
58551,0
58552,0
58553,0
58554,0
58555,0
58556,0
58557,0
58558,0
58559,0
58560,0
58561,0
58562,0
58563,0
58564,0
58565,0
58566,0
58567,0
58568,0
58569,0
58570,0
58571,0
58572,0
58573,0
58574,0
58575,0
58576,1
58577,1
58578,0
58579,0
58580,0
58581,0
58582,0
58583,0
58584,0
58585,0
58586,0
58587,0
58588,1
58589,0
58590,0
58591,0
58592,0
58593,4
58594,0
58595,0
58596,2
58597,0
58598,0
58599,1
58600,0
58601,1
58602,2
58603,0
58604,0
58605,0
58606,0
58607,0
58608,1
58609,0
58610,3
58611,0
58612,0
58613,0
58614,0
58615,0
58616,0
58617,0
58618,2
58619,0
58620,0
58621,0
58622,0
58623,0
58624,1
58625,0
58626,0
58627,0
58628,0
58629,0
58630,0
58631,0
58632,0
58633,0
58634,0
58635,0
58636,0
58637,0
58638,0
58639,0
58640,1
58641,0
58642,0
58643,0
58644,3
58645,0
58646,0
58647,0
58648,1
58649,0
58650,0
58651,0
58652,0
58653,0
58654,0
58655,0
58656,0
58657,0
58658,0
58659,0
58660,0
58661,0
58662,0
58663,0
58664,0
58665,0
58666,0
58667,0
58668,0
58669,0
58670,0
58671,0
58672,0
58673,0
58674,0
58675,0
58676,0
58677,0
58678,0
58679,0
58680,2
58681,0
58682,0
58683,0
58684,0
58685,0
58686,0
58687,0
58688,0
58689,0
58690,0
58691,0
58692,0
58693,0
58694,0
58695,0
58696,0
58697,0
58698,4
58699,0
58700,0
58701,0
58702,0
58703,0
58704,0
58705,0
58706,0
58707,0
58708,0
58709,0
58710,2
58711,0
58712,0
58713,0
58714,0
58715,0
58716,0
58717,0
58718,0
58719,0
58720,0
58721,0
58722,0
58723,0
58724,0
58725,0
58726,0
58727,0
58728,0
58729,0
58730,0
58731,0
58732,0
58733,0
58734,0
58735,1
58736,0
58737,0
58738,28
58739,0
58740,23
58741,0
58742,29
58743,40
58744,0
58745,0
58746,0
58747,0
58748,0
58749,0
58750,0
58751,0
58752,21
58753,0
58754,0
58755,0
58756,0
58757,40
58758,42
58759,0
58760,0
58761,0
58762,0
58763,0
58764,34
58765,0
58766,0
58767,33
58768,0
58769,30
58770,0
58771,0
58772,0
58773,0
58774,0
58775,0
58776,0
58777,0
58778,0
58779,0
58780,0
58781,0
58782,25
58783,0
58784,0
58785,0
58786,0
58787,28
58788,0
58789,0
58790,43
58791,0
58792,33
58793,0
58794,47
58795,0
58796,40
58797,0
58798,0
58799,0
58800,0
58801,0
58802,0
58803,0
58804,0
58805,0
58806,0
58807,0
58808,0
58809,0
58810,0
58811,0
58812,0
58813,0
58814,0
58815,0
58816,33
58817,0
58818,0
58819,0
58820,0
58821,0
58822,0
58823,0
58824,0
58825,38
58826,0
58827,0
58828,22
58829,0
58830,0
58831,0
58832,0
58833,38
58834,0
58835,0
58836,0
58837,0
58838,0
58839,0
58840,0
58841,0
58842,0
58843,22
58844,0
58845,0
58846,0
58847,0
58848,34
58849,36
58850,0
58851,0
58852,0
58853,0
58854,0
58855,0
58856,0
58857,32
58858,0
58859,0
58860,0
58861,0
58862,0
58863,0
58864,0
58865,29
58866,0
58867,35
58868,27
58869,0
58870,0
58871,0
58872,0
58873,0
58874,0
58875,29
58876,0
58877,0
58878,0
58879,30
58880,0
58881,0
58882,0
58883,0
58884,0
58885,0
58886,0
58887,0
58888,0
58889,0
58890,0
58891,0
58892,0
58893,0
58894,0
58895,0
58896,30
58897,30
58898,0
58899,0
58900,0
58901,0
58902,0
58903,0
58904,0
58905,0
58906,0
58907,0
58908,0
58909,0
58910,0
58911,0
58912,0
58913,0
58914,0
58915,0
58916,0
58917,0
58918,0
58919,0
58920,0
58921,0
58922,31
58923,0
58924,0
58925,0
58926,0
58927,0
58928,22
58929,0
58930,30
58931,0
58932,0
58933,32
58934,0
58935,0
58936,0
58937,0
58938,0
58939,0
58940,28
58941,0
58942,0
58943,0
58944,0
58945,0
58946,0
58947,39
58948,39
58949,0
58950,0
58951,0
58952,0
58953,0
58954,0
58955,0
58956,0
58957,0
58958,0
58959,0
58960,0
58961,25
58962,0
58963,0
58964,0
58965,0
58966,0
58967,0
58968,37
58969,0
58970,0
58971,0
58972,0
58973,0
58974,0
58975,0
58976,0
58977,0
58978,0
58979,28
58980,27
58981,0
58982,36
58983,0
58984,0
58985,0
58986,0
58987,0
58988,31
58989,0
58990,0
58991,0
58992,0
58993,43
58994,0
58995,0
58996,0
58997,0
58998,0
58999,0
59000,0
59001,42
59002,0
59003,36
59004,0
59005,0
59006,0
59007,0
59008,0
59009,0
59010,0
59011,0
59012,0
59013,0
59014,29
59015,0
59016,0
59017,0
59018,0
59019,0
59020,0
59021,0
59022,0
59023,0
59024,0
59025,0
59026,0
59027,0
59028,0
59029,0
59030,0
59031,0
59032,0
59033,0
59034,0
59035,0
59036,0
59037,0
59038,0
59039,0
59040,0
59041,22
59042,28
59043,0
59044,37
59045,0
59046,0
59047,0
59048,0
59049,0
59050,0
59051,0
59052,0
59053,29
59054,0
59055,0
59056,0
59057,44
59058,0
59059,0
59060,0
59061,0
59062,0
59063,0
59064,0
59065,0
59066,0
59067,0
59068,0
59069,0
59070,0
59071,0
59072,0
59073,0
59074,0
59075,0
59076,36
59077,0
59078,0
59079,0
59080,0
59081,0
59082,0
59083,33
59084,0
59085,31
59086,0
59087,33
59088,0
59089,0
59090,19
59091,0
59092,0
59093,0
59094,0
59095,0
59096,0
59097,0
59098,0
59099,0
59100,0
59101,25
59102,36
59103,0
59104,0
59105,0
59106,0
59107,0
59108,26
59109,0
59110,0
59111,31
59112,28
59113,0
59114,0
59115,0
59116,0
59117,0
59118,0
59119,0
59120,40
59121,0
59122,0
59123,0
59124,0
59125,0
59126,0
59127,0
59128,0
59129,0
59130,0
59131,0
59132,0
59133,0
59134,35
59135,0
59136,0
59137,0
59138,0
59139,34
59140,40
59141,0
59142,0
59143,34
59144,0
59145,0
59146,0
59147,25
59148,0
59149,0
59150,0
59151,0
59152,0
59153,0
59154,33
59155,34
59156,36
59157,0
59158,0
59159,0
59160,37
59161,0
59162,0
59163,45
59164,18
59165,26
59166,35
59167,0
59168,0
59169,0
59170,0
59171,0
59172,0
59173,0
59174,0
59175,0
59176,0
59177,0
59178,0
59179,0
59180,0
59181,0
59182,0
59183,0
59184,0
59185,41
59186,0
59187,0
59188,0
59189,0
59190,0
59191,20
59192,0
59193,0
59194,0
59195,0
59196,35
59197,17
59198,0
59199,44
59200,0
59201,0
59202,0
59203,25
59204,0
59205,0
59206,0
59207,0
59208,0
59209,0
59210,0
59211,0
59212,0
59213,0
59214,0
59215,0
59216,0
59217,33
59218,0
59219,0
59220,0
59221,0
59222,0
59223,0
59224,0
59225,0
59226,0
59227,0
59228,0
59229,0
59230,0
59231,42
59232,0
59233,0
59234,34
59235,32
59236,9
59237,0
59238,0
59239,0
59240,0
59241,3
59242,0
59243,1
59244,0
59245,0
59246,5
59247,4
59248,0
59249,0
59250,10
59251,0
59252,0
59253,0
59254,0
59255,0
59256,0
59257,0
59258,0
59259,0
59260,0
59261,0
59262,0
59263,0
59264,0
59265,3
59266,3
59267,0
59268,0
59269,0
59270,0
59271,7
59272,0
59273,0
59274,0
59275,7
59276,0
59277,5
59278,3
59279,0
59280,0
59281,8
59282,0
59283,0
59284,0
59285,2
59286,0
59287,7
59288,0
59289,0
59290,4
59291,0
59292,9
59293,0
59294,0
59295,0
59296,0
59297,6
59298,0
59299,0
59300,0
59301,0
59302,0
59303,0
59304,0
59305,2
59306,3
59307,0
59308,0
59309,2
59310,0
59311,5
59312,10
59313,0
59314,0
59315,11
59316,6
59317,0
59318,0
59319,0
59320,0
59321,0
59322,0
59323,0
59324,0
59325,0
59326,0
59327,0
59328,0
59329,0
59330,0
59331,0
59332,0
59333,0
59334,0
59335,0
59336,0
59337,7
59338,0
59339,0
59340,0
59341,2
59342,0
59343,0
59344,0
59345,0
59346,4
59347,0
59348,0
59349,0
59350,0
59351,0
59352,0
59353,0
59354,0
59355,0
59356,0
59357,0
59358,0
59359,0
59360,0
59361,0
59362,0
59363,0
59364,5
59365,0
59366,0
59367,0
59368,0
59369,5
59370,0
59371,0
59372,5
59373,0
59374,6
59375,0
59376,11
59377,0
59378,1
59379,0
59380,0
59381,5
59382,0
59383,0
59384,0
59385,0
59386,0
59387,0
59388,0
59389,6
59390,0
59391,4
59392,0
59393,0
59394,0
59395,0
59396,5
59397,0
59398,0
59399,0
59400,0
59401,0
59402,12
59403,5
59404,0
59405,3
59406,5
59407,7
59408,0
59409,0
59410,0
59411,0
59412,0
59413,0
59414,0
59415,0
59416,0
59417,0
59418,0
59419,3
59420,0
59421,0
59422,0
59423,0
59424,0
59425,0
59426,0
59427,0
59428,0
59429,0
59430,0
59431,0
59432,0
59433,6
59434,0
59435,0
59436,0
59437,0
59438,0
59439,0
59440,10
59441,0
59442,0
59443,9
59444,0
59445,0
59446,6
59447,0
59448,0
59449,4
59450,0
59451,0
59452,8
59453,0
59454,0
59455,0
59456,1
59457,0
59458,0
59459,0
59460,5
59461,0
59462,0
59463,4
59464,8
59465,0
59466,0
59467,0
59468,5
59469,0
59470,0
59471,0
59472,4
59473,0
59474,0
59475,0
59476,5
59477,0
59478,0
59479,3
59480,0
59481,0
59482,0
59483,0
59484,0
59485,0
59486,0
59487,4
59488,4
59489,0
59490,0
59491,0
59492,0
59493,0
59494,0
59495,0
59496,0
59497,0
59498,0
59499,0
59500,0
59501,0
59502,0
59503,0
59504,0
59505,2
59506,0
59507,0
59508,0
59509,0
59510,0
59511,0
59512,2
59513,0
59514,0
59515,0
59516,6
59517,0
59518,0
59519,0
59520,11
59521,8
59522,0
59523,0
59524,8
59525,0
59526,0
59527,0
59528,1
59529,0
59530,0
59531,0
59532,5
59533,2
59534,0
59535,0
59536,0
59537,0
59538,0
59539,0
59540,0
59541,0
59542,0
59543,9
59544,7
59545,0
59546,0
59547,1
59548,0
59549,0
59550,0
59551,0
59552,0
59553,0
59554,0
59555,0
59556,0
59557,0
59558,0
59559,0
59560,0
59561,0
59562,0
59563,0
59564,0
59565,0
59566,0
59567,4
59568,0
59569,0
59570,10
59571,0
59572,0
59573,0
59574,0
59575,0
59576,5
59577,0
59578,5
59579,0
59580,0
59581,0
59582,0
59583,0
59584,0
59585,0
59586,0
59587,0
59588,0
59589,4
59590,0
59591,0
59592,7
59593,0
59594,0
59595,0
59596,0
59597,5
59598,4
59599,0
59600,0
59601,0
59602,0
59603,0
59604,0
59605,0
59606,0
59607,0
59608,7
59609,0
59610,10
59611,6
59612,0
59613,0
59614,0
59615,5
59616,0
59617,0
59618,5
59619,0
59620,0
59621,0
59622,0
59623,0
59624,5
59625,0
59626,0
59627,4
59628,6
59629,4
59630,0
59631,0
59632,0
59633,0
59634,5
59635,7
59636,0
59637,0
59638,0
59639,0
59640,0
59641,0
59642,0
59643,0
59644,0
59645,0
59646,5
59647,0
59648,0
59649,6
59650,0
59651,0
59652,0
59653,0
59654,0
59655,0
59656,0
59657,0
59658,8
59659,0
59660,0
59661,2
59662,5
59663,0
59664,0
59665,0
59666,0
59667,0
59668,7
59669,11
59670,7
59671,0
59672,0
59673,0
59674,0
59675,0
59676,8
59677,4
59678,0
59679,0
59680,0
59681,5
59682,0
59683,0
59684,0
59685,0
59686,0
59687,0
59688,0
59689,0
59690,0
59691,0
59692,0
59693,0
59694,0
59695,0
59696,0
59697,0
59698,0
59699,0
59700,0
59701,0
59702,0
59703,0
59704,0
59705,0
59706,0
59707,0
59708,0
59709,3
59710,0
59711,0
59712,0
59713,11
59714,0
59715,0
59716,9
59717,0
59718,0
59719,0
59720,0
59721,0
59722,0
59723,0
59724,0
59725,0
59726,0
59727,0
59728,8
59729,5
59730,9
59731,4
59732,0
59733,0
59734,0
59735,0
59736,0
59737,0
59738,0
59739,12
59740,0
59741,0
59742,0
59743,0
59744,0
59745,0
59746,0
59747,0
59748,0
59749,0
59750,0
59751,0
59752,0
59753,2
59754,0
59755,0
59756,0
59757,10
59758,0
59759,0
59760,0
59761,9
59762,4
59763,0
59764,0
59765,0
59766,0
59767,0
59768,0
59769,8
59770,0
59771,0
59772,0
59773,0
59774,4
59775,4
59776,3
59777,4
59778,0
59779,3
59780,0
59781,0
59782,0
59783,6
59784,0
59785,7
59786,0
59787,0
59788,0
59789,7
59790,0
59791,0
59792,0
59793,0
59794,0
59795,0
59796,0
59797,5
59798,0
59799,4
59800,0
59801,0
59802,0
59803,0
59804,0
59805,0
59806,0
59807,0
59808,2
59809,4
59810,5
59811,0
59812,8
59813,3
59814,0
59815,4
59816,0
59817,0
59818,0
59819,0
59820,0
59821,0
59822,0
59823,8
59824,0
59825,5
59826,0
59827,0
59828,0
59829,0
59830,0
59831,4
59832,0
59833,3
59834,0
59835,2
59836,0
59837,0
59838,0
59839,0
59840,0
59841,0
59842,0
59843,0
59844,7
59845,0
59846,3
59847,0
59848,0
59849,0
59850,0
59851,0
59852,0
59853,0
59854,4
59855,5
59856,0
59857,0
59858,0
59859,7
59860,7
59861,0
59862,0
59863,4
59864,0
59865,1
59866,0
59867,0
59868,0
59869,0
59870,12
59871,0
59872,0
59873,0
59874,0
59875,0
59876,0
59877,0
59878,0
59879,0
59880,0
59881,0
59882,0
59883,0
59884,0
59885,0
59886,0
59887,0
59888,0
59889,5
59890,0
59891,0
59892,0
59893,0
59894,0
59895,9
59896,3
59897,5
59898,0
59899,0
59900,0
59901,0
59902,0
59903,2
59904,0
59905,0
59906,0
59907,0
59908,0
59909,0
59910,0
59911,0
59912,4
59913,7
59914,0
59915,0
59916,0
59917,7
59918,2
59919,0
59920,0
59921,0
59922,0
59923,0
59924,0
59925,0
59926,0
59927,0
59928,0
59929,0
59930,0
59931,0
59932,0
59933,0
59934,0
59935,0
59936,5
59937,6
59938,0
59939,0
59940,0
59941,0
59942,3
59943,4
59944,2
59945,0
59946,0
59947,2
59948,0
59949,0
59950,0
59951,3
59952,0
59953,0
59954,8
59955,0
59956,0
59957,1
59958,0
59959,0
59960,0
59961,0
59962,0
59963,5
59964,0
59965,0
59966,0
59967,3
59968,0
59969,0
59970,0
59971,7
59972,0
59973,0
59974,0
59975,0
59976,7
59977,0
59978,6
59979,0
59980,0
59981,0
59982,4
59983,0
59984,7
59985,0
59986,0
59987,0
59988,0
59989,0
59990,0
59991,0
59992,0
59993,5
59994,1
59995,0
59996,0
59997,0
59998,0
59999,0
60000,0
60001,0
60002,0
60003,8
60004,0
60005,0
60006,0
60007,0
60008,0
60009,0
60010,2
60011,0
60012,4
60013,4
60014,0
60015,6
60016,0
60017,0
60018,0
60019,0
60020,4
60021,0
60022,0
60023,6
60024,0
60025,0
60026,4
60027,0
60028,0
60029,0
60030,6
60031,6
60032,0
60033,0
60034,6
60035,0
60036,0
60037,0
60038,11
60039,8
60040,6
60041,0
60042,7
60043,0
60044,4
60045,0
60046,1
60047,0
60048,0
60049,0
60050,0
60051,0
60052,0
60053,0
60054,0
60055,4
60056,0
60057,0
60058,0
60059,0
60060,0
60061,0
60062,0
60063,0
60064,2
60065,0
60066,0
60067,6
60068,0
60069,10
60070,0
60071,5
60072,0
60073,0
60074,3
60075,0
60076,0
60077,0
60078,5
60079,7
60080,0
60081,0
60082,4
60083,0
60084,0
60085,0
60086,0
60087,3
60088,0
60089,0
60090,0
60091,8
60092,0
60093,0
60094,0
60095,0
60096,5
60097,0
60098,0
60099,5
60100,0
60101,0
60102,14
60103,0
60104,0
60105,0
60106,0
60107,0
60108,7
60109,0
60110,9
60111,0
60112,0
60113,0
60114,0
60115,0
60116,16
60117,0
60118,0
60119,8
60120,0
60121,0
60122,0
60123,0
60124,5
60125,0
60126,0
60127,9
60128,0
60129,0
60130,10
60131,0
60132,0
60133,0
60134,6
60135,0
60136,0
60137,0
60138,0
60139,0
60140,0
60141,0
60142,0
60143,0
60144,0
60145,0
60146,7
60147,0
60148,0
60149,0
60150,0
60151,0
60152,14
60153,0
60154,6
60155,0
60156,0
60157,7
60158,0
60159,0
60160,7
60161,0
60162,0
60163,0
60164,5
60165,0
60166,0
60167,8
60168,10
60169,9
60170,11
60171,0
60172,0
60173,0
60174,0
60175,0
60176,0
60177,0
60178,0
60179,0
60180,0
60181,0
60182,0
60183,11
60184,0
60185,0
60186,0
60187,12
60188,0
60189,0
60190,0
60191,0
60192,0
60193,0
60194,9
60195,0
60196,0
60197,0
60198,18
60199,16
60200,0
60201,0
60202,9
60203,10
60204,11
60205,11
60206,0
60207,0
60208,0
60209,7
60210,7
60211,0
60212,15
60213,0
60214,0
60215,0
60216,0
60217,0
60218,0
60219,11
60220,0
60221,19
60222,0
60223,13
60224,0
60225,14
60226,0
60227,0
60228,19
60229,0
60230,0
60231,0
60232,12
60233,0
60234,12
60235,7
60236,0
60237,0
60238,0
60239,7
60240,0
60241,0
60242,6
60243,0
60244,0
60245,0
60246,0
60247,0
60248,0
60249,0
60250,0
60251,0
60252,9
60253,20
60254,0
60255,0
60256,0
60257,0
60258,10
60259,0
60260,0
60261,0
60262,0
60263,19
60264,9
60265,0
60266,0
60267,0
60268,7
60269,0
60270,13
60271,7
60272,0
60273,0
60274,0
60275,0
60276,12
60277,0
60278,0
60279,0
60280,7
60281,0
60282,0
60283,0
60284,0
60285,0
60286,0
60287,0
60288,0
60289,0
60290,0
60291,9
60292,0
60293,0
60294,0
60295,0
60296,0
60297,0
60298,0
60299,0
60300,0
60301,0
60302,9
60303,0
60304,0
60305,0
60306,0
60307,0
60308,0
60309,0
60310,0
60311,13
60312,0
60313,0
60314,0
60315,14
60316,0
60317,0
60318,0
60319,0
60320,0
60321,0
60322,0
60323,0
60324,11
60325,8
60326,0
60327,13
60328,0
60329,0
60330,0
60331,0
60332,0
60333,0
60334,0
60335,0
60336,0
60337,0
60338,0
60339,11
60340,0
60341,0
60342,17
60343,0
60344,0
60345,0
60346,9
60347,0
60348,0
60349,0
60350,0
60351,13
60352,14
60353,0
60354,0
60355,0
60356,0
60357,0
60358,0
60359,0
60360,0
60361,0
60362,0
60363,0
60364,0
60365,0
60366,0
60367,0
60368,0
60369,0
60370,0
60371,0
60372,13
60373,0
60374,0
60375,0
60376,10
60377,0
60378,0
60379,0
60380,0
60381,0
60382,0
60383,0
60384,0
60385,0
60386,0
60387,0
60388,0
60389,12
60390,0
60391,0
60392,0
60393,0
60394,0
60395,0
60396,0
60397,0
60398,0
60399,0
60400,14
60401,7
60402,8
60403,0
60404,0
60405,0
60406,22
60407,0
60408,0
60409,0
60410,0
60411,0
60412,0
60413,0
60414,11
60415,0
60416,0
60417,13
60418,0
60419,0
60420,0
60421,0
60422,0
60423,11
60424,11
60425,10
60426,11
60427,4
60428,12
60429,8
60430,10
60431,0
60432,0
60433,0
60434,0
60435,12
60436,0
60437,0
60438,0
60439,9
60440,0
60441,16
60442,0
60443,0
60444,0
60445,17
60446,15
60447,0
60448,0
60449,0
60450,0
60451,0
60452,0
60453,0
60454,6
60455,11
60456,0
60457,13
60458,0
60459,9
60460,0
60461,0
60462,7
60463,0
60464,12
60465,0
60466,8
60467,12
60468,0
60469,0
60470,10
60471,11
60472,0
60473,9
60474,8
60475,0
60476,7
60477,0
60478,0
60479,0
60480,12
60481,0
60482,13
60483,0
60484,10
60485,9
60486,0
60487,16
60488,12
60489,0
60490,0
60491,12
60492,0
60493,0
60494,0
60495,8
60496,0
60497,0
60498,0
60499,0
60500,0
60501,0
60502,0
60503,16
60504,0
60505,0
60506,10
60507,0
60508,0
60509,0
60510,0
60511,0
60512,0
60513,0
60514,13
60515,0
60516,0
60517,0
60518,14
60519,0
60520,0
60521,0
60522,0
60523,0
60524,16
60525,0
60526,5
60527,0
60528,0
60529,6
60530,0
60531,0
60532,0
60533,8
60534,7
60535,14
60536,0
60537,6
60538,11
60539,0
60540,0
60541,0
60542,0
60543,10
60544,8
60545,0
60546,16
60547,0
60548,9
60549,0
60550,0
60551,0
60552,12
60553,0
60554,0
60555,0
60556,0
60557,0
60558,0
60559,0
60560,0
60561,0
60562,0
60563,0
60564,5
60565,0
60566,0
60567,0
60568,0
60569,0
60570,0
60571,6
60572,11
60573,11
60574,0
60575,8
60576,0
60577,0
60578,0
60579,9
60580,9
60581,0
60582,10
60583,13
60584,0
60585,0
60586,11
60587,17
60588,12
60589,8
60590,16
60591,0
60592,0
60593,0
60594,0
60595,9
60596,0
60597,11
60598,10
60599,7
60600,0
60601,0
60602,0
60603,0
60604,0
60605,0
60606,0
60607,0
60608,0
60609,0
60610,23
60611,0
60612,0
60613,12
60614,0
60615,15
60616,0
60617,0
60618,8
60619,0
60620,0
60621,14
60622,0
60623,0
60624,0
60625,0
60626,0
60627,0
60628,10
60629,0
60630,15
60631,0
60632,13
60633,0
60634,0
60635,14
60636,5
60637,0
60638,5
60639,0
60640,0
60641,13
60642,7
60643,0
60644,0
60645,0
60646,0
60647,10
60648,0
60649,0
60650,0
60651,9
60652,0
60653,0
60654,0
60655,0
60656,11
60657,0
60658,5
60659,0
60660,0
60661,0
60662,0
60663,0
60664,0
60665,14
60666,0
60667,0
60668,0
60669,0
60670,10
60671,0
60672,0
60673,0
60674,0
60675,0
60676,0
60677,0
60678,0
60679,6
60680,0
60681,0
60682,0
60683,12
60684,0
60685,0
60686,6
60687,7
60688,0
60689,14
60690,0
60691,0
60692,0
60693,0
60694,0
60695,0
60696,0
60697,18
60698,0
60699,0
60700,0
60701,12
60702,0
60703,0
60704,0
60705,0
60706,0
60707,0
60708,0
60709,0
60710,0
60711,0
60712,13
60713,0
60714,10
60715,12
60716,10
60717,0
60718,0
60719,9
60720,10
60721,0
60722,0
60723,0
60724,14
60725,0
60726,0
60727,0
60728,0
60729,0
60730,0
60731,9
60732,9
60733,0
60734,0
60735,0
60736,10
60737,0
60738,0
60739,0
60740,0
60741,3
60742,0
60743,12
60744,8
60745,0
60746,0
60747,0
60748,0
60749,0
60750,0
60751,16
60752,0
60753,0
60754,0
60755,0
60756,0
60757,0
60758,0
60759,0
60760,15
60761,0
60762,15
60763,15
60764,11
60765,0
60766,0
60767,0
60768,0
60769,0
60770,0
60771,0
60772,0
60773,0
60774,13
60775,0
60776,0
60777,10
60778,0
60779,0
60780,0
60781,0
60782,0
60783,0
60784,9
60785,0
60786,0
60787,0
60788,0
60789,0
60790,0
60791,0
60792,12
60793,0
60794,0
60795,0
60796,10
60797,0
60798,0
60799,0
60800,0
60801,10
60802,0
60803,0
60804,0
60805,0
60806,0
60807,10
60808,0
60809,0
60810,0
60811,0
60812,11
60813,11
60814,17
60815,0
60816,10
60817,0
60818,0
60819,0
60820,10
60821,0
60822,13
60823,0
60824,0
60825,10
60826,11
60827,6
60828,0
60829,15
60830,0
60831,0
60832,0
60833,0
60834,0
60835,0
60836,0
60837,0
60838,0
60839,0
60840,0
60841,0
60842,11
60843,0
60844,18
60845,0
60846,0
60847,7
60848,0
60849,0
60850,0
60851,10
60852,13
60853,0
60854,7
60855,0
60856,0
60857,15
60858,0
60859,0
60860,0
60861,0
60862,0
60863,0
60864,0
60865,7
60866,0
60867,0
60868,0
60869,0
60870,0
60871,0
60872,0
60873,0
60874,5
60875,11
60876,0
60877,0
60878,0
60879,0
60880,0
60881,16
60882,0
60883,0
60884,13
60885,0
60886,0
60887,0
60888,0
60889,0
60890,0
60891,0
60892,0
60893,0
60894,0
60895,0
60896,19
60897,16
60898,0
60899,11
60900,10
60901,0
60902,0
60903,10
60904,0
60905,0
60906,10
60907,0
60908,17
60909,0
60910,12
60911,0
60912,0
60913,7
60914,0
60915,0
60916,0
60917,0
60918,12
60919,0
60920,6
60921,0
60922,0
60923,0
60924,0
60925,7
60926,4
60927,0
60928,0
60929,5
60930,0
60931,0
60932,8
60933,0
60934,19
60935,0
60936,16
60937,0
60938,0
60939,0
60940,7
60941,0
60942,0
60943,0
60944,0
60945,0
60946,11
60947,6
60948,0
60949,0
60950,0
60951,0
60952,0
60953,5
60954,0
60955,12
60956,11
60957,0
60958,0
60959,0
60960,0
60961,0
60962,15
60963,0
60964,0
60965,0
60966,13
60967,0
60968,0
60969,0
60970,6
60971,0
60972,0
60973,6
60974,0
60975,0
60976,0
60977,13
60978,0
60979,0
60980,0
60981,5
60982,0
60983,0
60984,0
60985,0
60986,0
60987,0
60988,0
60989,0
60990,0
60991,15
60992,0
60993,0
60994,0
60995,13
60996,0
60997,0
60998,0
60999,0
61000,0
61001,0
61002,0
61003,6
61004,13
61005,14
61006,0
61007,0
61008,0
61009,0
61010,13
61011,0
61012,0
61013,0
61014,9
61015,0
61016,0
61017,0
61018,0
61019,0
61020,16
61021,0
61022,14
61023,0
61024,12
61025,0
61026,0
61027,0
61028,0
61029,0
61030,9
61031,0
61032,0
61033,0
61034,0
61035,0
61036,0
61037,0
61038,0
61039,0
61040,0
61041,13
61042,19
61043,0
61044,12
61045,12
61046,0
61047,9
61048,0
61049,0
61050,11
61051,0
61052,0
61053,0
61054,13
61055,9
61056,13
61057,12
61058,14
61059,8
61060,0
61061,0
61062,0
61063,0
61064,11
61065,0
61066,15
61067,0
61068,0
61069,8
61070,0
61071,8
61072,0
61073,0
61074,0
61075,0
61076,0
61077,0
61078,33
61079,0
61080,0
61081,0
61082,0
61083,0
61084,0
61085,0
61086,0
61087,0
61088,0
61089,0
61090,0
61091,0
61092,0
61093,0
61094,0
61095,0
61096,0
61097,0
61098,0
61099,31
61100,0
61101,0
61102,0
61103,0
61104,0
61105,0
61106,44
61107,0
61108,0
61109,0
61110,0
61111,0
61112,0
61113,0
61114,0
61115,36
61116,0
61117,0
61118,0
61119,0
61120,0
61121,0
61122,0
61123,0
61124,0
61125,0
61126,0
61127,0
61128,0
61129,0
61130,42
61131,33
61132,0
61133,0
61134,0
61135,0
61136,0
61137,0
61138,0
61139,0
61140,0
61141,0
61142,0
61143,0
61144,0
61145,0
61146,32
61147,0
61148,0
61149,0
61150,0
61151,40
61152,0
61153,0
61154,0
61155,0
61156,0
61157,0
61158,0
61159,0
61160,0
61161,0
61162,0
61163,0
61164,0
61165,0
61166,0
61167,0
61168,0
61169,0
61170,0
61171,0
61172,0
61173,0
61174,0
61175,0
61176,0
61177,0
61178,0
61179,0
61180,0
61181,0
61182,0
61183,0
61184,0
61185,0
61186,0
61187,0
61188,0
61189,0
61190,0
61191,0
61192,42
61193,0
61194,0
61195,0
61196,0
61197,0
61198,0
61199,40
61200,0
61201,0
61202,0
61203,0
61204,0
61205,0
61206,0
61207,0
61208,0
61209,0
61210,0
61211,0
61212,0
61213,41
61214,0
61215,0
61216,0
61217,0
61218,0
61219,0
61220,0
61221,0
61222,0
61223,0
61224,0
61225,0
61226,0
61227,0
61228,0
61229,0
61230,0
61231,0
61232,0
61233,0
61234,0
61235,0
61236,0
61237,0
61238,0
61239,0
61240,0
61241,0
61242,35
61243,0
61244,0
61245,0
61246,0
61247,0
61248,0
61249,0
61250,36
61251,0
61252,0
61253,0
61254,0
61255,0
61256,0
61257,0
61258,0
61259,0
61260,37
61261,0
61262,0
61263,0
61264,0
61265,0
61266,0
61267,0
61268,0
61269,0
61270,44
61271,0
61272,39
61273,0
61274,0
61275,0
61276,0
61277,0
61278,0
61279,0
61280,0
61281,0
61282,0
61283,0
61284,0
61285,0
61286,0
61287,0
61288,0
61289,0
61290,0
61291,0
61292,0
61293,0
61294,0
61295,0
61296,0
61297,0
61298,0
61299,0
61300,0
61301,0
61302,0
61303,0
61304,0
61305,0
61306,0
61307,0
61308,0
61309,0
61310,0
61311,0
61312,0
61313,0
61314,0
61315,0
61316,0
61317,0
61318,0
61319,0
61320,0
61321,0
61322,0
61323,0
61324,0
61325,0
61326,0
61327,0
61328,0
61329,0
61330,0
61331,0
61332,0
61333,0
61334,0
61335,0
61336,0
61337,0
61338,0
61339,0
61340,0
61341,0
61342,0
61343,0
61344,0
61345,0
61346,0
61347,0
61348,0
61349,0
61350,0
61351,0
61352,0
61353,0
61354,0
61355,0
61356,0
61357,0
61358,0
61359,0
61360,0
61361,0
61362,0
61363,0
61364,0
61365,0
61366,0
61367,0
61368,0
61369,0
61370,0
61371,0
61372,0
61373,0
61374,0
61375,0
61376,0
61377,0
61378,0
61379,0
61380,0
61381,0
61382,0
61383,0
61384,0
61385,0
61386,0
61387,0
61388,0
61389,0
61390,0
61391,0
61392,0
61393,0
61394,0
61395,0
61396,0
61397,0
61398,0
61399,0
61400,0
61401,0
61402,0
61403,0
61404,0
61405,0
61406,0
61407,0
61408,0
61409,0
61410,0
61411,0
61412,0
61413,0
61414,0
61415,0
61416,0
61417,26
61418,0
61419,0
61420,0
61421,35
61422,0
61423,0
61424,0
61425,0
61426,0
61427,0
61428,0
61429,27
61430,0
61431,0
61432,0
61433,0
61434,0
61435,0
61436,0
61437,0
61438,27
61439,0
61440,0
61441,0
61442,0
61443,0
61444,0
61445,0
61446,0
61447,0
61448,0
61449,0
61450,0
61451,0
61452,0
61453,0
61454,0
61455,0
61456,0
61457,0
61458,0
61459,0
61460,0
61461,0
61462,0
61463,0
61464,0
61465,0
61466,0
61467,0
61468,0
61469,0
61470,0
61471,0
61472,0
61473,0
61474,0
61475,0
61476,0
61477,0
61478,0
61479,0
61480,50
61481,0
61482,0
61483,0
61484,38
61485,0
61486,0
61487,0
61488,0
61489,0
61490,0
61491,0
61492,0
61493,0
61494,0
61495,0
61496,0
61497,0
61498,0
61499,0
61500,0
61501,0
61502,0
61503,0
61504,0
61505,0
61506,0
61507,0
61508,0
61509,0
61510,0
61511,0
61512,0
61513,0
61514,0
61515,31
61516,0
61517,0
61518,0
61519,0
61520,0
61521,0
61522,0
61523,0
61524,0
61525,0
61526,0
61527,0
61528,0
61529,0
61530,0
61531,46
61532,0
61533,0
61534,0
61535,0
61536,0
61537,0
61538,0
61539,45
61540,0
61541,0
61542,0
61543,0
61544,0
61545,0
61546,0
61547,0
61548,0
61549,0
61550,0
61551,0
61552,0
61553,0
61554,0
61555,0
61556,0
61557,0
61558,0
61559,0
61560,0
61561,0
61562,0
61563,0
61564,42
61565,0
61566,0
61567,0
61568,0
61569,0
61570,0
61571,27
61572,33
61573,42
61574,0
61575,0
61576,0
61577,0
61578,0
61579,0
61580,0
61581,0
61582,21
61583,0
61584,0
61585,0
61586,0
61587,0
61588,0
61589,0
61590,0
61591,0
61592,0
61593,0
61594,0
61595,0
61596,0
61597,0
61598,0
61599,0
61600,0
61601,0
61602,0
61603,0
61604,0
61605,39
61606,0
61607,0
61608,0
61609,0
61610,0
61611,0
61612,0
61613,0
61614,0
61615,0
61616,0
61617,0
61618,0
61619,0
61620,0
61621,0
61622,0
61623,0
61624,0
61625,46
61626,0
61627,0
61628,0
61629,0
61630,0
61631,0
61632,0
61633,0
61634,0
61635,0
61636,0
61637,0
61638,0
61639,0
61640,0
61641,0
61642,0
61643,0
61644,0
61645,33
61646,0
61647,0
61648,0
61649,0
61650,0
61651,0
61652,0
61653,0
61654,0
61655,0
61656,0
61657,0
61658,0
61659,42
61660,0
61661,0
61662,0
61663,0
61664,0
61665,0
61666,0
61667,0
61668,0
61669,0
61670,0
61671,0
61672,0
61673,0
61674,0
61675,0
61676,0
61677,0
61678,0
61679,0
61680,0
61681,0
61682,0
61683,0
61684,0
61685,0
61686,0
61687,0
61688,0
61689,0
61690,0
61691,27
61692,0
61693,0
61694,0
61695,0
61696,0
61697,0
61698,0
61699,0
61700,0
61701,0
61702,0
61703,0
61704,0
61705,0
61706,0
61707,0
61708,0
61709,41
61710,32
61711,0
61712,0
61713,0
61714,0
61715,0
61716,0
61717,0
61718,0
61719,0
61720,0
61721,0
61722,0
61723,0
61724,0
61725,0
61726,0
61727,0
61728,0
61729,0
61730,0
61731,28
61732,0
61733,0
61734,0
61735,0
61736,0
61737,0
61738,0
61739,0
61740,0
61741,0
61742,0
61743,0
61744,0
61745,0
61746,0
61747,0
61748,0
61749,0
61750,0
61751,0
61752,0
61753,0
61754,0
61755,0
61756,0
61757,0
61758,0
61759,0
61760,0
61761,0
61762,0
61763,0
61764,0
61765,0
61766,0
61767,0
61768,0
61769,0
61770,0
61771,0
61772,0
61773,0
61774,0
61775,0
61776,0
61777,0
61778,0
61779,0
61780,0
61781,0
61782,0
61783,0
61784,0
61785,0
61786,0
61787,0
61788,0
61789,0
61790,0
61791,0
61792,0
61793,0
61794,0
61795,0
61796,0
61797,0
61798,0
61799,0
61800,0
61801,47
61802,0
61803,0
61804,0
61805,27
61806,0
61807,0
61808,0
61809,0
61810,0
61811,0
61812,0
61813,0
61814,0
61815,0
61816,0
61817,0
61818,0
61819,51
61820,0
61821,0
61822,0
61823,0
61824,0
61825,0
61826,33
61827,0
61828,0
61829,0
61830,0
61831,0
61832,0
61833,0
61834,0
61835,0
61836,0
61837,0
61838,0
61839,0
61840,0
61841,0
61842,0
61843,0
61844,0
61845,0
61846,0
61847,0
61848,0
61849,0
61850,0
61851,0
61852,51
61853,42
61854,31
61855,0
61856,0
61857,0
61858,0
61859,0
61860,0
61861,0
61862,0
61863,0
61864,0
61865,32
61866,0
61867,0
61868,0
61869,0
61870,0
61871,44
61872,0
61873,0
61874,0
61875,0
61876,0
61877,0
61878,0
61879,0
61880,0
61881,48
61882,0
61883,0
61884,0
61885,0
61886,0
61887,0
61888,0
61889,0
61890,0
61891,0
61892,27
61893,0
61894,0
61895,0
61896,0
61897,0
61898,0
61899,0
61900,0
61901,0
61902,0
61903,0
61904,0
61905,27
61906,0
61907,0
61908,0
61909,0
61910,0
61911,0
61912,21
61913,0
61914,0
61915,0
61916,0
61917,0
61918,0
61919,0
61920,0
61921,0
61922,0
61923,0
61924,0
61925,0
61926,0
61927,0
61928,0
61929,0
61930,0
61931,0
61932,0
61933,0
61934,0
61935,0
61936,0
61937,0
61938,0
61939,0
61940,0
61941,0
61942,0
61943,0
61944,0
61945,0
61946,0
61947,48
61948,0
61949,0
61950,0
61951,0
61952,0
61953,0
61954,0
61955,0
61956,0
61957,0
61958,0
61959,0
61960,0
61961,0
61962,0
61963,0
61964,0
61965,0
61966,0
61967,0
61968,0
61969,0
61970,0
61971,0
61972,0
61973,0
61974,0
61975,0
61976,0
61977,0
61978,0
61979,0
61980,0
61981,0
61982,0
61983,24
61984,0
61985,0
61986,0
61987,0
61988,0
61989,0
61990,0
61991,0
61992,0
61993,0
61994,0
61995,0
61996,0
61997,0
61998,0
61999,0
62000,0
62001,0
62002,0
62003,0
62004,0
62005,0
62006,46
62007,0
62008,0
62009,0
62010,0
62011,0
62012,0
62013,0
62014,0
62015,0
62016,0
62017,0
62018,0
62019,0
62020,0
62021,0
62022,0
62023,0
62024,0
62025,0
62026,0
62027,0
62028,0
62029,0
62030,0
62031,0
62032,0
62033,0
62034,0
62035,0
62036,0
62037,0
62038,0
62039,0
62040,0
62041,0
62042,0
62043,0
62044,0
62045,0
62046,0
62047,0
62048,0
62049,0
62050,0
62051,0
62052,0
62053,0
62054,0
62055,0
62056,0
62057,0
62058,0
62059,0
62060,0
62061,0
62062,0
62063,28
62064,0
62065,0
62066,0
62067,0
62068,0
62069,0
62070,0
62071,40
62072,0
62073,0
62074,0
62075,0
62076,0
62077,0
62078,0
62079,0
62080,0
62081,0
62082,0
62083,0
62084,0
62085,0
62086,0
62087,0
62088,0
62089,16
62090,0
62091,0
62092,0
62093,0
62094,0
62095,0
62096,0
62097,0
62098,0
62099,0
62100,0
62101,0
62102,20
62103,0
62104,0
62105,0
62106,0
62107,0
62108,0
62109,0
62110,0
62111,0
62112,0
62113,37
62114,0
62115,0
62116,0
62117,36
62118,0
62119,26
62120,0
62121,0
62122,0
62123,0
62124,0
62125,22
62126,44
62127,39
62128,0
62129,0
62130,0
62131,0
62132,0
62133,36
62134,0
62135,0
62136,0
62137,0
62138,28
62139,0
62140,0
62141,0
62142,0
62143,0
62144,0
62145,0
62146,0
62147,0
62148,0
62149,0
62150,0
62151,0
62152,0
62153,0
62154,0
62155,0
62156,0
62157,0
62158,0
62159,0
62160,0
62161,0
62162,0
62163,0
62164,0
62165,0
62166,39
62167,37
62168,0
62169,23
62170,36
62171,0
62172,0
62173,27
62174,0
62175,23
62176,22
62177,0
62178,0
62179,30
62180,0
62181,36
62182,0
62183,0
62184,0
62185,41
62186,35
62187,25
62188,0
62189,34
62190,0
62191,0
62192,0
62193,0
62194,0
62195,0
62196,0
62197,0
62198,0
62199,0
62200,0
62201,0
62202,0
62203,0
62204,0
62205,0
62206,0
62207,0
62208,0
62209,0
62210,28
62211,0
62212,0
62213,0
62214,0
62215,0
62216,0
62217,0
62218,18
62219,0
62220,0
62221,8
62222,0
62223,0
62224,0
62225,0
62226,0
62227,0
62228,10
62229,0
62230,0
62231,0
62232,0
62233,0
62234,4
62235,0
62236,0
62237,0
62238,0
62239,0
62240,11
62241,5
62242,0
62243,0
62244,0
62245,0
62246,0
62247,0
62248,0
62249,8
62250,0
62251,10
62252,0
62253,0
62254,6
62255,0
62256,0
62257,0
62258,8
62259,11
62260,6
62261,0
62262,0
62263,0
62264,12
62265,0
62266,0
62267,0
62268,14
62269,0
62270,0
62271,0
62272,0
62273,9
62274,0
62275,0
62276,4
62277,0
62278,0
62279,0
62280,13
62281,0
62282,0
62283,0
62284,19
62285,2
62286,7
62287,0
62288,0
62289,0
62290,0
62291,0
62292,0
62293,10
62294,0
62295,7
62296,0
62297,10
62298,0
62299,0
62300,0
62301,0
62302,0
62303,0
62304,0
62305,0
62306,10
62307,13
62308,0
62309,5
62310,0
62311,0
62312,0
62313,13
62314,0
62315,0
62316,0
62317,12
62318,0
62319,17
62320,10
62321,0
62322,0
62323,10
62324,0
62325,0
62326,0
62327,0
62328,0
62329,0
62330,0
62331,8
62332,0
62333,0
62334,0
62335,0
62336,0
62337,0
62338,0
62339,0
62340,8
62341,0
62342,0
62343,0
62344,0
62345,13
62346,8
62347,0
62348,0
62349,0
62350,0
62351,0
62352,0
62353,0
62354,0
62355,14
62356,0
62357,0
62358,0
62359,0
62360,0
62361,0
62362,0
62363,0
62364,0
62365,0
62366,0
62367,0
62368,0
62369,0
62370,0
62371,0
62372,0
62373,0
62374,0
62375,0
62376,0
62377,0
62378,0
62379,11
62380,0
62381,0
62382,0
62383,0
62384,0
62385,0
62386,0
62387,0
62388,0
62389,7
62390,0
62391,0
62392,0
62393,0
62394,0
62395,0
62396,0
62397,5
62398,0
62399,0
62400,3
62401,0
62402,8
62403,0
62404,0
62405,0
62406,6
62407,15
62408,0
62409,11
62410,0
62411,12
62412,0
62413,0
62414,0
62415,0
62416,0
62417,0
62418,0
62419,0
62420,0
62421,0
62422,15
62423,0
62424,13
62425,14
62426,0
62427,8
62428,0
62429,0
62430,0
62431,0
62432,0
62433,6
62434,0
62435,0
62436,11
62437,0
62438,0
62439,0
62440,9
62441,19
62442,0
62443,8
62444,8
62445,5
62446,0
62447,0
62448,0
62449,12
62450,0
62451,0
62452,10
62453,0
62454,0
62455,0
62456,0
62457,0
62458,0
62459,0
62460,0
62461,0
62462,8
62463,0
62464,0
62465,0
62466,0
62467,0
62468,0
62469,5
62470,0
62471,6
62472,11
62473,0
62474,13
62475,0
62476,0
62477,0
62478,0
62479,0
62480,0
62481,0
62482,0
62483,0
62484,0
62485,0
62486,0
62487,0
62488,0
62489,0
62490,0
62491,0
62492,0
62493,13
62494,7
62495,0
62496,0
62497,0
62498,13
62499,0
62500,0
62501,0
62502,0
62503,0
62504,0
62505,0
62506,4
62507,0
62508,0
62509,0
62510,0
62511,0
62512,0
62513,0
62514,0
62515,0
62516,0
62517,0
62518,0
62519,0
62520,0
62521,0
62522,0
62523,0
62524,0
62525,0
62526,0
62527,0
62528,0
62529,0
62530,0
62531,0
62532,0
62533,0
62534,9
62535,0
62536,0
62537,0
62538,0
62539,0
62540,10
62541,0
62542,0
62543,11
62544,0
62545,0
62546,0
62547,0
62548,0
62549,6
62550,8
62551,0
62552,0
62553,0
62554,0
62555,0
62556,0
62557,0
62558,0
62559,0
62560,0
62561,0
62562,0
62563,0
62564,0
62565,0
62566,0
62567,0
62568,12
62569,0
62570,12
62571,7
62572,0
62573,0
62574,0
62575,0
62576,0
62577,0
62578,0
62579,0
62580,10
62581,0
62582,0
62583,0
62584,0
62585,0
62586,0
62587,9
62588,9
62589,0
62590,0
62591,13
62592,0
62593,0
62594,0
62595,0
62596,0
62597,0
62598,0
62599,0
62600,10
62601,17
62602,0
62603,0
62604,0
62605,0
62606,0
62607,0
62608,0
62609,0
62610,0
62611,6
62612,0
62613,0
62614,12
62615,0
62616,0
62617,0
62618,0
62619,0
62620,12
62621,0
62622,14
62623,0
62624,0
62625,0
62626,0
62627,0
62628,0
62629,0
62630,14
62631,0
62632,15
62633,0
62634,0
62635,0
62636,0
62637,0
62638,0
62639,3
62640,0
62641,0
62642,0
62643,0
62644,13
62645,0
62646,0
62647,0
62648,0
62649,0
62650,8
62651,0
62652,0
62653,11
62654,0
62655,0
62656,0
62657,0
62658,0
62659,0
62660,0
62661,0
62662,0
62663,11
62664,0
62665,8
62666,0
62667,0
62668,9
62669,0
62670,0
62671,0
62672,0
62673,0
62674,11
62675,0
62676,0
62677,0
62678,0
62679,0
62680,0
62681,7
62682,0
62683,0
62684,0
62685,0
62686,0
62687,0
62688,0
62689,0
62690,0
62691,11
62692,0
62693,0
62694,0
62695,8
62696,0
62697,0
62698,7
62699,0
62700,0
62701,0
62702,0
62703,17
62704,0
62705,7
62706,0
62707,10
62708,0
62709,0
62710,0
62711,0
62712,0
62713,0
62714,0
62715,0
62716,0
62717,0
62718,0
62719,0
62720,0
62721,0
62722,0
62723,0
62724,0
62725,0
62726,7
62727,0
62728,0
62729,0
62730,0
62731,0
62732,0
62733,0
62734,0
62735,0
62736,0
62737,6
62738,0
62739,0
62740,0
62741,0
62742,0
62743,0
62744,0
62745,0
62746,0
62747,0
62748,0
62749,0
62750,0
62751,13
62752,0
62753,0
62754,0
62755,0
62756,0
62757,0
62758,18
62759,0
62760,0
62761,0
62762,0
62763,0
62764,0
62765,8
62766,0
62767,0
62768,0
62769,11
62770,0
62771,0
62772,0
62773,0
62774,0
62775,0
62776,0
62777,0
62778,0
62779,0
62780,0
62781,0
62782,0
62783,0
62784,0
62785,13
62786,0
62787,0
62788,0
62789,0
62790,12
62791,0
62792,0
62793,13
62794,0
62795,0
62796,0
62797,0
62798,0
62799,0
62800,0
62801,15
62802,0
62803,0
62804,0
62805,8
62806,14
62807,0
62808,0
62809,0
62810,0
62811,0
62812,0
62813,0
62814,6
62815,0
62816,0
62817,12
62818,15
62819,15
62820,0
62821,5
62822,0
62823,0
62824,0
62825,0
62826,0
62827,13
62828,0
62829,14
62830,0
62831,7
62832,11
62833,0
62834,0
62835,0
62836,0
62837,0
62838,9
62839,12
62840,14
62841,0
62842,0
62843,0
62844,0
62845,8
62846,0
62847,0
62848,0
62849,10
62850,0
62851,0
62852,0
62853,0
62854,0
62855,11
62856,0
62857,0
62858,0
62859,0
62860,0
62861,0
62862,0
62863,0
62864,10
62865,0
62866,0
62867,0
62868,0
62869,0
62870,0
62871,0
62872,10
62873,0
62874,8
62875,0
62876,0
62877,0
62878,0
62879,5
62880,0
62881,0
62882,5
62883,0
62884,0
62885,0
62886,0
62887,0
62888,0
62889,0
62890,0
62891,7
62892,0
62893,0
62894,0
62895,0
62896,0
62897,0
62898,0
62899,0
62900,15
62901,0
62902,0
62903,0
62904,0
62905,0
62906,0
62907,0
62908,0
62909,0
62910,0
62911,0
62912,6
62913,0
62914,6
62915,0
62916,0
62917,0
62918,0
62919,0
62920,0
62921,0
62922,0
62923,0
62924,0
62925,0
62926,0
62927,0
62928,0
62929,0
62930,0
62931,0
62932,0
62933,0
62934,16
62935,0
62936,0
62937,0
62938,0
62939,0
62940,0
62941,0
62942,0
62943,0
62944,0
62945,0
62946,8
62947,0
62948,0
62949,0
62950,0
62951,0
62952,0
62953,0
62954,0
62955,0
62956,0
62957,0
62958,13
62959,0
62960,0
62961,0
62962,5
62963,0
62964,0
62965,0
62966,0
62967,10
62968,0
62969,0
62970,0
62971,0
62972,0
62973,0
62974,0
62975,0
62976,0
62977,0
62978,18
62979,10
62980,0
62981,11
62982,0
62983,6
62984,0
62985,6
62986,0
62987,0
62988,0
62989,0
62990,0
62991,2
62992,0
62993,0
62994,0
62995,0
62996,0
62997,0
62998,0
62999,16
63000,12
63001,0
63002,0
63003,0
63004,0
63005,0
63006,10
63007,0
63008,0
63009,8
63010,0
63011,0
63012,0
63013,0
63014,0
63015,0
63016,0
63017,0
63018,0
63019,0
63020,6
63021,0
63022,0
63023,0
63024,0
63025,0
63026,0
63027,0
63028,0
63029,0
63030,0
63031,0
63032,0
63033,0
63034,10
63035,10
63036,0
63037,0
63038,0
63039,0
63040,0
63041,0
63042,0
63043,0
63044,0
63045,0
63046,0
63047,0
63048,0
63049,10
63050,0
63051,0
63052,0
63053,0
63054,0
63055,0
63056,12
63057,0
63058,0
63059,11
63060,0
63061,0
63062,0
63063,0
63064,0
63065,0
63066,0
63067,0
63068,0
63069,0
63070,0
63071,0
63072,0
63073,0
63074,0
63075,0
63076,0
63077,0
63078,0
63079,0
63080,1
63081,0
63082,0
63083,0
63084,0
63085,0
63086,0
63087,0
63088,0
63089,0
63090,0
63091,0
63092,0
63093,0
63094,0
63095,0
63096,0
63097,0
63098,0
63099,0
63100,0
63101,0
63102,0
63103,0
63104,0
63105,0
63106,0
63107,0
63108,0
63109,0
63110,0
63111,0
63112,0
63113,0
63114,0
63115,0
63116,0
63117,0
63118,0
63119,0
63120,0
63121,0
63122,0
63123,0
63124,0
63125,0
63126,0
63127,0
63128,0
63129,0
63130,0
63131,0
63132,0
63133,0
63134,0
63135,0
63136,0
63137,0
63138,0
63139,0
63140,0
63141,0
63142,0
63143,0
63144,1
63145,0
63146,0
63147,0
63148,0
63149,0
63150,0
63151,0
63152,0
63153,0
63154,0
63155,0
63156,0
63157,0
63158,0
63159,0
63160,0
63161,0
63162,0
63163,0
63164,0
63165,0
63166,0
63167,0
63168,0
63169,0
63170,0
63171,0
63172,0
63173,0
63174,0
63175,0
63176,0
63177,0
63178,0
63179,0
63180,0
63181,0
63182,0
63183,0
63184,0
63185,0
63186,0
63187,0
63188,0
63189,0
63190,0
63191,0
63192,0
63193,0
63194,0
63195,0
63196,0
63197,0
63198,0
63199,0
63200,0
63201,0
63202,0
63203,0
63204,0
63205,0
63206,0
63207,0
63208,0
63209,0
63210,0
63211,0
63212,0
63213,0
63214,0
63215,0
63216,0
63217,0
63218,0
63219,0
63220,0
63221,0
63222,0
63223,0
63224,0
63225,1
63226,0
63227,0
63228,0
63229,0
63230,0
63231,0
63232,0
63233,0
63234,0
63235,0
63236,0
63237,0
63238,0
63239,0
63240,0
63241,0
63242,0
63243,0
63244,0
63245,0
63246,0
63247,0
63248,0
63249,0
63250,0
63251,0
63252,0
63253,0
63254,0
63255,0
63256,0
63257,0
63258,0
63259,0
63260,0
63261,0
63262,0
63263,0
63264,0
63265,1
63266,0
63267,0
63268,0
63269,0
63270,0
63271,0
63272,0
63273,0
63274,0
63275,0
63276,0
63277,0
63278,0
63279,0
63280,0
63281,0
63282,0
63283,0
63284,0
63285,0
63286,0
63287,0
63288,0
63289,0
63290,0
63291,0
63292,0
63293,0
63294,0
63295,0
63296,0
63297,0
63298,0
63299,0
63300,0
63301,0
63302,0
63303,0
63304,0
63305,0
63306,0
63307,0
63308,0
63309,0
63310,0
63311,0
63312,0
63313,0
63314,0
63315,0
63316,0
63317,0
63318,0
63319,0
63320,0
63321,0
63322,0
63323,0
63324,0
63325,0
63326,0
63327,0
63328,0
63329,0
63330,0
63331,1
63332,0
63333,0
63334,0
63335,0
63336,0
63337,0
63338,0
63339,0
63340,0
63341,0
63342,0
63343,0
63344,0
63345,0
63346,0
63347,0
63348,0
63349,0
63350,0
63351,0
63352,0
63353,0
63354,0
63355,0
63356,0
63357,0
63358,0
63359,0
63360,0
63361,0
63362,0
63363,0
63364,0
63365,0
63366,0
63367,0
63368,0
63369,0
63370,0
63371,0
63372,0
63373,0
63374,0
63375,0
63376,0
63377,0
63378,0
63379,0
63380,0
63381,0
63382,0
63383,0
63384,0
63385,0
63386,0
63387,0
63388,0
63389,0
63390,0
63391,0
63392,0
63393,0
63394,0
63395,0
63396,0
63397,1
63398,0
63399,0
63400,0
63401,0
63402,0
63403,0
63404,0
63405,0
63406,0
63407,0
63408,0
63409,0
63410,0
63411,0
63412,0
63413,0
63414,0
63415,0
63416,0
63417,0
63418,0
63419,0
63420,0
63421,0
63422,0
63423,0
63424,0
63425,0
63426,0
63427,0
63428,0
63429,0
63430,0
63431,0
63432,0
63433,0
63434,0
63435,0
63436,0
63437,0
63438,0
63439,0
63440,0
63441,0
63442,0
63443,0
63444,0
63445,0
63446,0
63447,0
63448,0
63449,0
63450,0
63451,0
63452,0
63453,0
63454,0
63455,0
63456,0
63457,0
63458,0
63459,0
63460,0
63461,1
63462,0
63463,0
63464,0
63465,0
63466,0
63467,0
63468,0
63469,0
63470,0
63471,0
63472,0
63473,0
63474,0
63475,0
63476,0
63477,0
63478,0
63479,0
63480,0
63481,0
63482,1
63483,0
63484,0
63485,0
63486,0
63487,0
63488,0
63489,0
63490,0
63491,0
63492,0
63493,0
63494,0
63495,0
63496,0
63497,0
63498,0
63499,0
63500,0
63501,0
63502,0
63503,0
63504,0
63505,0
63506,0
63507,0
63508,1
63509,0
63510,0
63511,0
63512,0
63513,0
63514,0
63515,0
63516,0
63517,0
63518,0
63519,0
63520,0
63521,0
63522,0
63523,0
63524,0
63525,0
63526,0
63527,0
63528,0
63529,0
63530,0
63531,0
63532,0
63533,0
63534,0
63535,0
63536,0
63537,0
63538,0
63539,0
63540,0
63541,0
63542,0
63543,0
63544,0
63545,0
63546,0
63547,0
63548,0
63549,0
63550,0
63551,0
63552,0
63553,0
63554,0
63555,0
63556,0
63557,0
63558,0
63559,0
63560,0
63561,0
63562,0
63563,0
63564,0
63565,0
63566,0
63567,0
63568,0
63569,0
63570,0
63571,0
63572,0
63573,0
63574,0
63575,0
63576,0
63577,0
63578,0
63579,0
63580,0
63581,0
63582,0
63583,0
63584,0
63585,0
63586,0
63587,0
63588,0
63589,0
63590,0
63591,0
63592,0
63593,0
63594,0
63595,0
63596,0
63597,0
63598,0
63599,0
63600,0
63601,0
63602,0
63603,0
63604,0
63605,0
63606,0
63607,0
63608,0
63609,1
63610,0
63611,0
63612,0
63613,0
63614,0
63615,0
63616,0
63617,0
63618,0
63619,0
63620,0
63621,0
63622,0
63623,0
63624,0
63625,0
63626,0
63627,0
63628,0
63629,0
63630,0
63631,0
63632,0
63633,0
63634,0
63635,0
63636,0
63637,0
63638,0
63639,0
63640,0
63641,0
63642,0
63643,0
63644,0
63645,0
63646,0
63647,0
63648,0
63649,0
63650,0
63651,0
63652,0
63653,0
63654,0
63655,0
63656,0
63657,1
63658,0
63659,0
63660,0
63661,0
63662,0
63663,0
63664,0
63665,0
63666,0
63667,0
63668,0
63669,0
63670,0
63671,0
63672,0
63673,0
63674,0
63675,0
63676,0
63677,0
63678,0
63679,0
63680,0
63681,0
63682,0
63683,0
63684,0
63685,0
63686,0
63687,0
63688,0
63689,0
63690,0
63691,0
63692,0
63693,0
63694,0
63695,1
63696,0
63697,0
63698,0
63699,0
63700,0
63701,0
63702,0
63703,0
63704,0
63705,0
63706,0
63707,0
63708,0
63709,0
63710,0
63711,0
63712,0
63713,0
63714,0
63715,0
63716,0
63717,0
63718,0
63719,0
63720,0
63721,0
63722,0
63723,0
63724,0
63725,0
63726,0
63727,0
63728,0
63729,0
63730,0
63731,0
63732,0
63733,0
63734,0
63735,0
63736,0
63737,0
63738,0
63739,0
63740,0
63741,0
63742,0
63743,0
63744,0
63745,0
63746,0
63747,0
63748,0
63749,0
63750,0
63751,0
63752,0
63753,0
63754,0
63755,0
63756,0
63757,0
63758,0
63759,0
63760,0
63761,0
63762,0
63763,0
63764,0
63765,0
63766,5
63767,0
63768,0
63769,0
63770,0
63771,0
63772,0
63773,0
63774,0
63775,1
63776,6
63777,0
63778,0
63779,0
63780,9
63781,0
63782,0
63783,0
63784,0
63785,0
63786,0
63787,0
63788,0
63789,0
63790,0
63791,0
63792,10
63793,0
63794,0
63795,0
63796,11
63797,0
63798,0
63799,0
63800,0
63801,0
63802,0
63803,0
63804,0
63805,8
63806,0
63807,0
63808,0
63809,0
63810,0
63811,8
63812,0
63813,10
63814,0
63815,0
63816,0
63817,0
63818,0
63819,4
63820,0
63821,0
63822,0
63823,6
63824,0
63825,0
63826,0
63827,0
63828,0
63829,0
63830,0
63831,0
63832,0
63833,0
63834,8
63835,0
63836,0
63837,0
63838,0
63839,0
63840,0
63841,0
63842,0
63843,6
63844,0
63845,2
63846,9
63847,8
63848,0
63849,0
63850,0
63851,0
63852,0
63853,0
63854,0
63855,0
63856,0
63857,0
63858,15
63859,0
63860,0
63861,0
63862,13
63863,0
63864,0
63865,6
63866,0
63867,7
63868,6
63869,12
63870,13
63871,10
63872,8
63873,7
63874,0
63875,0
63876,0
63877,0
63878,0
63879,0
63880,0
63881,0
63882,0
63883,0
63884,0
63885,0
63886,0
63887,0
63888,10
63889,0
63890,0
63891,0
63892,0
63893,0
63894,0
63895,0
63896,0
63897,0
63898,8
63899,0
63900,0
63901,0
63902,0
63903,0
63904,0
63905,0
63906,0
63907,0
63908,0
63909,4
63910,0
63911,0
63912,0
63913,0
63914,0
63915,0
63916,0
63917,0
63918,0
63919,0
63920,3
63921,0
63922,0
63923,0
63924,10
63925,0
63926,0
63927,7
63928,0
63929,0
63930,0
63931,9
63932,10
63933,0
63934,0
63935,7
63936,0
63937,0
63938,0
63939,0
63940,7
63941,0
63942,12
63943,10
63944,0
63945,0
63946,0
63947,8
63948,0
63949,0
63950,0
63951,0
63952,0
63953,0
63954,0
63955,0
63956,0
63957,0
63958,0
63959,8
63960,0
63961,0
63962,0
63963,0
63964,0
63965,0
63966,0
63967,0
63968,3
63969,7
63970,0
63971,0
63972,8
63973,0
63974,0
63975,0
63976,0
63977,0
63978,0
63979,0
63980,0
63981,0
63982,6
63983,0
63984,0
63985,0
63986,0
63987,0
63988,0
63989,0
63990,0
63991,0
63992,0
63993,0
63994,0
63995,0
63996,0
63997,0
63998,0
63999,0
64000,7
64001,0
64002,0
64003,0
64004,4
64005,0
64006,0
64007,0
64008,0
64009,10
64010,0
64011,0
64012,0
64013,0
64014,11
64015,0
64016,0
64017,10
64018,0
64019,0
64020,0
64021,0
64022,0
64023,0
64024,0
64025,15
64026,0
64027,0
64028,0
64029,0
64030,0
64031,0
64032,0
64033,0
64034,8
64035,0
64036,8
64037,9
64038,0
64039,0
64040,0
64041,0
64042,14
64043,0
64044,0
64045,0
64046,0
64047,0
64048,0
64049,6
64050,6
64051,0
64052,0
64053,0
64054,0
64055,0
64056,0
64057,0
64058,0
64059,0
64060,0
64061,0
64062,0
64063,0
64064,0
64065,0
64066,0
64067,6
64068,0
64069,0
64070,0
64071,0
64072,5
64073,7
64074,0
64075,8
64076,0
64077,10
64078,0
64079,0
64080,0
64081,0
64082,0
64083,0
64084,8
64085,0
64086,0
64087,0
64088,0
64089,0
64090,0
64091,0
64092,0
64093,13
64094,0
64095,0
64096,0
64097,0
64098,10
64099,0
64100,9
64101,0
64102,0
64103,0
64104,0
64105,0
64106,2
64107,0
64108,0
64109,0
64110,0
64111,0
64112,0
64113,0
64114,0
64115,4
64116,0
64117,0
64118,0
64119,0
64120,0
64121,0
64122,0
64123,0
64124,8
64125,0
64126,0
64127,0
64128,0
64129,0
64130,0
64131,0
64132,0
64133,15
64134,0
64135,0
64136,0
64137,0
64138,0
64139,0
64140,0
64141,11
64142,0
64143,0
64144,0
64145,0
64146,0
64147,0
64148,0
64149,0
64150,0
64151,0
64152,0
64153,35
64154,0
64155,0
64156,0
64157,0
64158,0
64159,0
64160,0
64161,0
64162,0
64163,0
64164,0
64165,0
64166,0
64167,85
64168,0
64169,0
64170,0
64171,0
64172,0
64173,0
64174,0
64175,0
64176,0
64177,0
64178,0
64179,0
64180,0
64181,55
64182,0
64183,17
64184,0
64185,0
64186,0
64187,0
64188,33
64189,0
64190,0
64191,0
64192,0
64193,0
64194,0
64195,0
64196,33
64197,0
64198,0
64199,38
64200,0
64201,0
64202,0
64203,0
64204,0
64205,0
64206,0
64207,0
64208,48
64209,0
64210,0
64211,0
64212,0
64213,0
64214,0
64215,0
64216,0
64217,0
64218,0
64219,0
64220,0
64221,0
64222,0
64223,0
64224,32
64225,0
64226,0
64227,0
64228,0
64229,49
64230,0
64231,40
64232,0
64233,0
64234,23
64235,0
64236,48
64237,0
64238,0
64239,0
64240,0
64241,0
64242,42
64243,0
64244,0
64245,0
64246,0
64247,0
64248,0
64249,0
64250,0
64251,0
64252,26
64253,0
64254,0
64255,0
64256,0
64257,0
64258,0
64259,0
64260,0
64261,0
64262,0
64263,0
64264,41
64265,0
64266,0
64267,0
64268,0
64269,0
64270,0
64271,0
64272,0
64273,0
64274,0
64275,0
64276,0
64277,40
64278,0
64279,0
64280,0
64281,0
64282,0
64283,0
64284,0
64285,0
64286,38
64287,0
64288,0
64289,0
64290,0
64291,37
64292,31
64293,0
64294,0
64295,0
64296,27
64297,19
64298,0
64299,24
64300,0
64301,0
64302,0
64303,0
64304,25
64305,0
64306,0
64307,0
64308,0
64309,0
64310,0
64311,0
64312,0
64313,0
64314,0
64315,0
64316,0
64317,0
64318,0
64319,0
64320,0
64321,0
64322,0
64323,0
64324,0
64325,0
64326,0
64327,0
64328,0
64329,0
64330,0
64331,0
64332,37
64333,0
64334,0
64335,0
64336,0
64337,0
64338,0
64339,0
64340,0
64341,0
64342,0
64343,0
64344,0
64345,0
64346,0
64347,31
64348,0
64349,0
64350,0
64351,0
64352,0
64353,0
64354,72
64355,0
64356,0
64357,0
64358,0
64359,0
64360,0
64361,0
64362,0
64363,0
64364,0
64365,0
64366,0
64367,0
64368,0
64369,0
64370,0
64371,28
64372,0
64373,0
64374,0
64375,44
64376,0
64377,0
64378,0
64379,0
64380,40
64381,0
64382,0
64383,0
64384,0
64385,0
64386,0
64387,0
64388,0
64389,0
64390,0
64391,0
64392,0
64393,0
64394,0
64395,0
64396,0
64397,0
64398,0
64399,0
64400,0
64401,0
64402,0
64403,0
64404,0
64405,0
64406,0
64407,0
64408,0
64409,0
64410,0
64411,0
64412,0
64413,0
64414,0
64415,0
64416,0
64417,0
64418,0
64419,0
64420,0
64421,0
64422,0
64423,0
64424,0
64425,0
64426,0
64427,0
64428,0
64429,0
64430,0
64431,0
64432,0
64433,0
64434,31
64435,0
64436,0
64437,0
64438,0
64439,0
64440,30
64441,0
64442,58
64443,0
64444,0
64445,0
64446,47
64447,0
64448,0
64449,0
64450,0
64451,25
64452,0
64453,0
64454,0
64455,0
64456,0
64457,0
64458,0
64459,44
64460,30
64461,0
64462,0
64463,0
64464,0
64465,0
64466,0
64467,0
64468,0
64469,0
64470,11
64471,0
64472,0
64473,0
64474,0
64475,34
64476,38
64477,0
64478,0
64479,36
64480,0
64481,0
64482,0
64483,50
64484,0
64485,0
64486,0
64487,0
64488,0
64489,0
64490,0
64491,40
64492,0
64493,0
64494,0
64495,0
64496,0
64497,0
64498,0
64499,0
64500,0
64501,0
64502,0
64503,50
64504,0
64505,49
64506,0
64507,0
64508,0
64509,45
64510,0
64511,0
64512,40
64513,41
64514,0
64515,37
64516,0
64517,0
64518,0
64519,0
64520,0
64521,0
64522,0
64523,41
64524,35
64525,0
64526,33
64527,0
64528,27
64529,0
64530,0
64531,0
64532,28
64533,0
64534,0
64535,44
64536,0
64537,0
64538,0
64539,41
64540,0
64541,0
64542,27
64543,31
64544,0
64545,0
64546,42
64547,41
64548,0
64549,0
64550,0
64551,36
64552,0
64553,0
64554,0
64555,0
64556,0
64557,0
64558,53
64559,0
64560,52
64561,31
64562,0
64563,0
64564,0
64565,0
64566,0
64567,0
64568,0
64569,0
64570,0
64571,0
64572,0
64573,0
64574,0
64575,45
64576,28
64577,0
64578,0
64579,0
64580,40
64581,0
64582,29
64583,0
64584,0
64585,46
64586,0
64587,0
64588,0
64589,40
64590,0
64591,0
64592,0
64593,45
64594,44
64595,0
64596,0
64597,0
64598,45
64599,0
64600,0
64601,0
64602,0
64603,29
64604,48
64605,35
64606,0
64607,0
64608,31
64609,0
64610,0
64611,38
64612,0
64613,0
64614,0
64615,0
64616,0
64617,36
64618,0
64619,0
64620,0
64621,0
64622,0
64623,0
64624,0
64625,44
64626,40
64627,46
64628,48
64629,0
64630,0
64631,0
64632,0
64633,0
64634,0
64635,0
64636,0
64637,0
64638,0
64639,0
64640,42
64641,43
64642,0
64643,0
64644,0
64645,0
64646,0
64647,0
64648,0
64649,0
64650,0
64651,46
64652,0
64653,0
64654,29
64655,0
64656,30
64657,0
64658,34
64659,0
64660,0
64661,0
64662,33
64663,0
64664,0
64665,28
64666,0
64667,0
64668,0
64669,42
64670,0
64671,49
64672,0
64673,0
64674,0
64675,0
64676,0
64677,37
64678,0
64679,35
64680,0
64681,47
64682,0
64683,46
64684,0
64685,39
64686,38
64687,0
64688,0
64689,0
64690,0
64691,40
64692,0
64693,29
64694,0
64695,0
64696,0
64697,51
64698,0
64699,0
64700,38
64701,36
64702,0
64703,0
64704,0
64705,0
64706,0
64707,40
64708,0
64709,0
64710,0
64711,0
64712,44
64713,31
64714,0
64715,0
64716,0
64717,0
64718,38
64719,40
64720,0
64721,45
64722,0
64723,0
64724,0
64725,0
64726,44
64727,37
64728,0
64729,0
64730,0
64731,0
64732,0
64733,33
64734,38
64735,0
64736,0
64737,38
64738,0
64739,0
64740,45
64741,33
64742,0
64743,0
64744,0
64745,0
64746,36
64747,0
64748,0
64749,0
64750,45
64751,0
64752,30
64753,0
64754,21
64755,0
64756,0
64757,0
64758,0
64759,0
64760,0
64761,0
64762,0
64763,0
64764,0
64765,0
64766,34
64767,0
64768,0
64769,0
64770,47
64771,0
64772,35
64773,0
64774,0
64775,0
64776,0
64777,0
64778,0
64779,0
64780,0
64781,0
64782,39
64783,46
64784,24
64785,0
64786,0
64787,0
64788,0
64789,0
64790,44
64791,0
64792,0
64793,0
64794,41
64795,0
64796,0
64797,0
64798,0
64799,0
64800,0
64801,0
64802,0
64803,0
64804,37
64805,0
64806,0
64807,0
64808,0
64809,0
64810,22
64811,0
64812,0
64813,0
64814,39
64815,30
64816,37
64817,0
64818,44
64819,0
64820,0
64821,0
64822,0
64823,0
64824,53
64825,0
64826,0
64827,0
64828,0
64829,43
64830,47
64831,0
64832,0
64833,0
64834,0
64835,53
64836,0
64837,32
64838,0
64839,0
64840,0
64841,0
64842,0
64843,36
64844,62
64845,0
64846,43
64847,0
64848,0
64849,0
64850,0
64851,0
64852,0
64853,0
64854,0
64855,0
64856,0
64857,0
64858,0
64859,0
64860,0
64861,0
64862,41
64863,35
64864,0
64865,0
64866,0
64867,0
64868,0
64869,36
64870,0
64871,0
64872,0
64873,0
64874,52
64875,0
64876,0
64877,39
64878,0
64879,0
64880,0
64881,30
64882,0
64883,0
64884,0
64885,39
64886,0
64887,0
64888,0
64889,0
64890,0
64891,0
64892,0
64893,0
64894,44
64895,0
64896,0
64897,0
64898,0
64899,0
64900,27
64901,0
64902,0
64903,0
64904,0
64905,0
64906,0
64907,0
64908,33
64909,37
64910,0
64911,0
64912,34
64913,47
64914,52
64915,0
64916,0
64917,0
64918,0
64919,0
64920,0
64921,40
64922,0
64923,0
64924,0
64925,38
64926,43
64927,0
64928,0
64929,22
64930,0
64931,34
64932,0
64933,0
64934,0
64935,0
64936,0
64937,25
64938,0
64939,0
64940,0
64941,0
64942,0
64943,0
64944,35
64945,39
64946,0
64947,0
64948,0
64949,0
64950,0
64951,48
64952,0
64953,0
64954,48
64955,0
64956,0
64957,0
64958,48
64959,0
64960,22
64961,0
64962,0
64963,54
64964,0
64965,0
64966,0
64967,35
64968,0
64969,0
64970,0
64971,0
64972,0
64973,53
64974,56
64975,0
64976,0
64977,0
64978,0
64979,0
64980,0
64981,0
64982,29
64983,0
64984,0
64985,41
64986,0
64987,0
64988,0
64989,0
64990,22
64991,0
64992,0
64993,0
64994,0
64995,0
64996,0
64997,0
64998,46
64999,36
65000,0
65001,0
65002,43
65003,25
65004,0
65005,0
65006,0
65007,0
65008,0
65009,0
65010,0
65011,0
65012,0
65013,0
65014,0
65015,0
65016,35
65017,0
65018,0
65019,0
65020,15
65021,0
65022,0
65023,0
65024,0
65025,0
65026,0
65027,0
65028,0
65029,0
65030,40
65031,0
65032,41
65033,49
65034,0
65035,0
65036,0
65037,0
65038,28
65039,0
65040,0
65041,0
65042,0
65043,0
65044,0
65045,0
65046,32
65047,0
65048,0
65049,0
65050,0
65051,0
65052,0
65053,44
65054,0
65055,37
65056,0
65057,0
65058,0
65059,0
65060,13
65061,16
65062,0
65063,0
65064,23
65065,0
65066,0
65067,0
65068,0
65069,5
65070,0
65071,9
65072,0
65073,0
65074,0
65075,0
65076,0
65077,0
65078,0
65079,0
65080,12
65081,0
65082,15
65083,0
65084,0
65085,17
65086,22
65087,0
65088,0
65089,20
65090,0
65091,0
65092,10
65093,8
65094,0
65095,10
65096,0
65097,0
65098,14
65099,18
65100,0
65101,0
65102,0
65103,13
65104,0
65105,0
65106,8
65107,0
65108,0
65109,0
65110,0
65111,0
65112,0
65113,0
65114,16
65115,24
65116,0
65117,0
65118,0
65119,12
65120,0
65121,0
65122,13
65123,0
65124,0
65125,13
65126,17
65127,0
65128,0
65129,0
65130,0
65131,12
65132,0
65133,0
65134,16
65135,24
65136,0
65137,0
65138,0
65139,10
65140,0
65141,0
65142,0
65143,0
65144,0
65145,0
65146,0
65147,0
65148,9
65149,0
65150,10
65151,0
65152,0
65153,0
65154,0
65155,0
65156,0
65157,0
65158,13
65159,0
65160,0
65161,0
65162,0
65163,0
65164,15
65165,0
65166,0
65167,0
65168,0
65169,0
65170,0
65171,23
65172,0
65173,0
65174,0
65175,0
65176,0
65177,0
65178,0
65179,0
65180,0
65181,0
65182,0
65183,0
65184,0
65185,7
65186,0
65187,0
65188,0
65189,0
65190,0
65191,0
65192,0
65193,21
65194,0
65195,13
65196,0
65197,0
65198,0
65199,13
65200,0
65201,0
65202,18
65203,0
65204,14
65205,14
65206,0
65207,0
65208,8
65209,0
65210,0
65211,0
65212,12
65213,0
65214,0
65215,0
65216,0
65217,11
65218,0
65219,0
65220,0
65221,0
65222,0
65223,0
65224,17
65225,0
65226,0
65227,0
65228,0
65229,12
65230,21
65231,0
65232,0
65233,0
65234,9
65235,0
65236,13
65237,0
65238,0
65239,0
65240,0
65241,21
65242,0
65243,0
65244,0
65245,10
65246,0
65247,0
65248,20
65249,0
65250,0
65251,11
65252,0
65253,0
65254,0
65255,0
65256,0
65257,0
65258,0
65259,0
65260,0
65261,0
65262,0
65263,19
65264,0
65265,0
65266,0
65267,0
65268,0
65269,10
65270,17
65271,0
65272,0
65273,15
65274,12
65275,17
65276,0
65277,0
65278,17
65279,0
65280,0
65281,12
65282,0
65283,0
65284,0
65285,10
65286,18
65287,0
65288,0
65289,17
65290,0
65291,0
65292,11
65293,0
65294,13
65295,0
65296,0
65297,0
65298,0
65299,0
65300,0
65301,0
65302,0
65303,0
65304,14
65305,0
65306,0
65307,0
65308,0
65309,0
65310,0
65311,0
65312,12
65313,0
65314,0
65315,0
65316,0
65317,0
65318,0
65319,0
65320,18
65321,14
65322,0
65323,0
65324,0
65325,0
65326,0
65327,8
65328,16
65329,0
65330,0
65331,0
65332,0
65333,0
65334,0
65335,0
65336,0
65337,17
65338,0
65339,15
65340,0
65341,0
65342,14
65343,0
65344,0
65345,0
65346,0
65347,0
65348,0
65349,0
65350,0
65351,0
65352,0
65353,13
65354,0
65355,8
65356,0
65357,10
65358,17
65359,0
65360,0
65361,8
65362,0
65363,0
65364,0
65365,0
65366,12
65367,0
65368,0
65369,0
65370,16
65371,0
65372,13
65373,0
65374,0
65375,24
65376,0
65377,0
65378,0
65379,0
65380,0
65381,0
65382,13
65383,0
65384,0
65385,0
65386,0
65387,12
65388,0
65389,0
65390,9
65391,0
65392,0
65393,0
65394,0
65395,0
65396,25
65397,0
65398,0
65399,0
65400,0
65401,0
65402,0
65403,0
65404,0
65405,24
65406,0
65407,0
65408,0
65409,0
65410,0
65411,0
65412,0
65413,0
65414,0
65415,0
65416,0
65417,0
65418,0
65419,0
65420,0
65421,0
65422,0
65423,22
65424,0
65425,0
65426,0
65427,0
65428,0
65429,0
65430,0
65431,0
65432,0
65433,0
65434,0
65435,6
65436,0
65437,0
65438,0
65439,0
65440,0
65441,0
65442,0
65443,0
65444,0
65445,0
65446,0
65447,0
65448,0
65449,0
65450,0
65451,0
65452,0
65453,17
65454,17
65455,0
65456,0
65457,0
65458,0
65459,0
65460,0
65461,17
65462,0
65463,0
65464,0
65465,0
65466,0
65467,0
65468,0
65469,0
65470,0
65471,18
65472,0
65473,0
65474,0
65475,0
65476,19
65477,0
65478,0
65479,0
65480,0
65481,0
65482,0
65483,24
65484,0
65485,0
65486,0
65487,0
65488,0
65489,26
65490,0
65491,0
65492,0
65493,0
65494,0
65495,0
65496,0
65497,0
65498,0
65499,0
65500,0
65501,0
65502,0
65503,0
65504,0
65505,0
65506,0
65507,0
65508,0
65509,0
65510,0
65511,0
65512,0
65513,0
65514,0
65515,23
65516,0
65517,0
65518,24
65519,0
65520,0
65521,0
65522,0
65523,0
65524,0
65525,0
65526,17
65527,0
65528,0
65529,0
65530,0
65531,0
65532,0
65533,15
65534,0
65535,28
65536,20
65537,0
65538,0
65539,0
65540,0
65541,0
65542,0
65543,0
65544,0
65545,0
65546,0
65547,0
65548,0
65549,0
65550,0
65551,29
65552,0
65553,0
65554,0
65555,0
65556,0
65557,0
65558,0
65559,11
65560,12
65561,0
65562,17
65563,0
65564,0
65565,0
65566,0
65567,0
65568,0
65569,0
65570,0
65571,0
65572,0
65573,0
65574,20
65575,33
65576,0
65577,0
65578,0
65579,0
65580,0
65581,0
65582,0
65583,0
65584,0
65585,33
65586,0
65587,0
65588,25
65589,0
65590,0
65591,13
65592,0
65593,0
65594,0
65595,0
65596,0
65597,0
65598,0
65599,0
65600,0
65601,0
65602,0
65603,42
65604,0
65605,0
65606,0
65607,0
65608,0
65609,48
65610,0
65611,0
65612,21
65613,0
65614,0
65615,0
65616,0
65617,0
65618,0
65619,14
65620,0
65621,0
65622,23
65623,0
65624,29
65625,0
65626,0
65627,0
65628,0
65629,0
65630,0
65631,0
65632,0
65633,0
65634,0
65635,28
65636,11
65637,51
65638,0
65639,0
65640,0
65641,0
65642,0
65643,0
65644,0
65645,21
65646,0
65647,0
65648,0
65649,0
65650,17
65651,0
65652,0
65653,16
65654,0
65655,0
65656,27
65657,0
65658,0
65659,0
65660,20
65661,0
65662,0
65663,0
65664,0
65665,0
65666,0
65667,0
65668,0
65669,0
65670,0
65671,0
65672,0
65673,0
65674,0
65675,38
65676,0
65677,0
65678,0
65679,0
65680,0
65681,0
65682,23
65683,0
65684,0
65685,0
65686,28
65687,0
65688,37
65689,0
65690,0
65691,0
65692,0
65693,0
65694,0
65695,0
65696,25
65697,0
65698,0
65699,40
65700,0
65701,0
65702,0
65703,0
65704,30
65705,0
65706,0
65707,0
65708,18
65709,0
65710,0
65711,39
65712,0
65713,0
65714,26
65715,0
65716,0
65717,0
65718,0
65719,0
65720,0
65721,10
65722,0
65723,0
65724,24
65725,0
65726,0
65727,0
65728,0
65729,0
65730,0
65731,0
65732,16
65733,0
65734,14
65735,0
65736,0
65737,0
65738,0
65739,0
65740,0
65741,0
65742,0
65743,0
65744,0
65745,0
65746,0
65747,0
65748,0
65749,0
65750,0
65751,0
65752,0
65753,0
65754,0
65755,26
65756,32
65757,0
65758,48
65759,0
65760,0
65761,0
65762,0
65763,0
65764,0
65765,0
65766,0
65767,3
65768,0
65769,0
65770,0
65771,0
65772,0
65773,0
65774,0
65775,0
65776,0
65777,0
65778,0
65779,23
65780,0
65781,0
65782,0
65783,0
65784,0
65785,0
65786,0
65787,27
65788,0
65789,0
65790,0
65791,0
65792,0
65793,0
65794,0
65795,0
65796,0
65797,0
65798,0
65799,32
65800,0
65801,24
65802,0
65803,26
65804,0
65805,0
65806,0
65807,0
65808,0
65809,0
65810,0
65811,0
65812,0
65813,0
65814,0
65815,0
65816,0
65817,0
65818,25
65819,0
65820,38
65821,0
65822,0
65823,0
65824,0
65825,0
65826,0
65827,0
65828,0
65829,0
65830,0
65831,0
65832,30
65833,25
65834,0
65835,0
65836,28
65837,0
65838,0
65839,0
65840,0
65841,0
65842,0
65843,0
65844,0
65845,0
65846,0
65847,0
65848,0
65849,0
65850,1
65851,0
65852,0
65853,0
65854,0
65855,0
65856,0
65857,0
65858,0
65859,0
65860,0
65861,0
65862,0
65863,0
65864,0
65865,0
65866,0
65867,0
65868,0
65869,0
65870,0
65871,0
65872,0
65873,0
65874,0
65875,0
65876,0
65877,0
65878,0
65879,0
65880,0
65881,0
65882,0
65883,0
65884,0
65885,0
65886,0
65887,0
65888,0
65889,0
65890,0
65891,0
65892,0
65893,0
65894,0
65895,0
65896,0
65897,0
65898,0
65899,0
65900,0
65901,0
65902,0
65903,0
65904,0
65905,0
65906,0
65907,0
65908,0
65909,0
65910,0
65911,0
65912,0
65913,0
65914,1
65915,0
65916,0
65917,0
65918,0
65919,0
65920,0
65921,0
65922,0
65923,0
65924,0
65925,0
65926,0
65927,0
65928,0
65929,0
65930,0
65931,0
65932,0
65933,0
65934,0
65935,0
65936,0
65937,0
65938,0
65939,0
65940,0
65941,0
65942,0
65943,0
65944,0
65945,0
65946,0
65947,0
65948,0
65949,0
65950,0
65951,0
65952,0
65953,0
65954,0
65955,0
65956,0
65957,0
65958,0
65959,0
65960,0
65961,0
65962,0
65963,0
65964,0
65965,0
65966,0
65967,0
65968,0
65969,0
65970,0
65971,0
65972,0
65973,0
65974,0
65975,0
65976,0
65977,0
65978,0
65979,0
65980,0
65981,0
65982,0
65983,0
65984,0
65985,0
65986,0
65987,0
65988,0
65989,0
65990,0
65991,0
65992,0
65993,0
65994,0
65995,0
65996,0
65997,0
65998,0
65999,0
66000,0
66001,0
66002,1
66003,0
66004,0
66005,0
66006,0
66007,0
66008,0
66009,0
66010,0
66011,0
66012,0
66013,0
66014,0
66015,0
66016,0
66017,0
66018,0
66019,0
66020,0
66021,0
66022,0
66023,0
66024,0
66025,0
66026,0
66027,0
66028,0
66029,0
66030,0
66031,0
66032,0
66033,0
66034,0
66035,0
66036,0
66037,0
66038,0
66039,0
66040,0
66041,0
66042,0
66043,0
66044,0
66045,0
66046,0
66047,0
66048,0
66049,0
66050,0
66051,0
66052,0
66053,0
66054,0
66055,0
66056,0
66057,0
66058,0
66059,0
66060,0
66061,0
66062,0
66063,0
66064,0
66065,0
66066,0
66067,0
66068,0
66069,0
66070,0
66071,0
66072,0
66073,0
66074,0
66075,0
66076,0
66077,0
66078,0
66079,0
66080,0
66081,0
66082,0
66083,0
66084,0
66085,0
66086,0
66087,0
66088,0
66089,0
66090,0
66091,0
66092,0
66093,0
66094,0
66095,0
66096,0
66097,0
66098,0
66099,0
66100,0
66101,0
66102,0
66103,0
66104,0
66105,0
66106,0
66107,0
66108,0
66109,0
66110,0
66111,0
66112,0
66113,0
66114,0
66115,0
66116,0
66117,1
66118,0
66119,0
66120,0
66121,0
66122,0
66123,0
66124,0
66125,0
66126,0
66127,0
66128,0
66129,0
66130,0
66131,0
66132,0
66133,0
66134,1
66135,0
66136,0
66137,0
66138,0
66139,0
66140,0
66141,0
66142,0
66143,0
66144,0
66145,0
66146,0
66147,0
66148,0
66149,0
66150,0
66151,0
66152,0
66153,0
66154,0
66155,0
66156,0
66157,0
66158,0
66159,0
66160,0
66161,0
66162,0
66163,0
66164,0
66165,0
66166,0
66167,0
66168,0
66169,0
66170,0
66171,0
66172,0
66173,0
66174,0
66175,0
66176,0
66177,0
66178,0
66179,0
66180,0
66181,0
66182,0
66183,0
66184,0
66185,0
66186,0
66187,0
66188,0
66189,0
66190,0
66191,0
66192,0
66193,0
66194,0
66195,0
66196,0
66197,0
66198,0
66199,0
66200,0
66201,0
66202,0
66203,0
66204,0
66205,0
66206,0
66207,0
66208,0
66209,0
66210,0
66211,0
66212,0
66213,0
66214,0
66215,0
66216,0
66217,0
66218,0
66219,0
66220,0
66221,0
66222,0
66223,0
66224,0
66225,0
66226,0
66227,0
66228,0
66229,0
66230,0
66231,0
66232,0
66233,0
66234,0
66235,0
66236,0
66237,0
66238,0
66239,0
66240,0
66241,0
66242,0
66243,0
66244,0
66245,0
66246,0
66247,0
66248,0
66249,0
66250,0
66251,0
66252,0
66253,0
66254,0
66255,0
66256,0
66257,0
66258,0
66259,0
66260,0
66261,0
66262,0
66263,0
66264,0
66265,0
66266,0
66267,0
66268,0
66269,0
66270,0
66271,0
66272,0
66273,0
66274,0
66275,0
66276,0
66277,0
66278,0
66279,0
66280,0
66281,0
66282,0
66283,0
66284,0
66285,0
66286,0
66287,0
66288,0
66289,0
66290,0
66291,0
66292,0
66293,0
66294,0
66295,0
66296,0
66297,0
66298,0
66299,0
66300,0
66301,0
66302,2
66303,0
66304,0
66305,0
66306,0
66307,0
66308,0
66309,0
66310,0
66311,0
66312,0
66313,0
66314,0
66315,0
66316,0
66317,0
66318,0
66319,0
66320,0
66321,0
66322,0
66323,0
66324,0
66325,0
66326,0
66327,0
66328,0
66329,0
66330,0
66331,0
66332,0
66333,0
66334,0
66335,0
66336,0
66337,0
66338,0
66339,0
66340,0
66341,0
66342,0
66343,0
66344,0
66345,0
66346,0
66347,0
66348,0
66349,0
66350,0
66351,0
66352,0
66353,0
66354,0
66355,0
66356,0
66357,0
66358,0
66359,0
66360,0
66361,0
66362,0
66363,0
66364,0
66365,0
66366,0
66367,0
66368,0
66369,0
66370,0
66371,0
66372,0
66373,0
66374,0
66375,0
66376,0
66377,0
66378,0
66379,0
66380,0
66381,0
66382,0
66383,0
66384,0
66385,0
66386,0
66387,0
66388,0
66389,0
66390,0
66391,0
66392,0
66393,0
66394,0
66395,0
66396,0
66397,0
66398,0
66399,0
66400,0
66401,0
66402,0
66403,0
66404,0
66405,0
66406,0
66407,0
66408,0
66409,0
66410,0
66411,0
66412,0
66413,0
66414,0
66415,0
66416,0
66417,0
66418,0
66419,0
66420,0
66421,0
66422,0
66423,0
66424,0
66425,0
66426,0
66427,0
66428,0
66429,0
66430,0
66431,0
66432,0
66433,0
66434,0
66435,0
66436,0
66437,0
66438,0
66439,0
66440,0
66441,0
66442,0
66443,0
66444,0
66445,0
66446,0
66447,0
66448,0
66449,0
66450,0
66451,0
66452,0
66453,0
66454,0
66455,0
66456,0
66457,0
66458,0
66459,0
66460,0
66461,0
66462,0
66463,0
66464,0
66465,0
66466,0
66467,0
66468,0
66469,0
66470,0
66471,0
66472,0
66473,0
66474,0
66475,0
66476,0
66477,0
66478,0
66479,0
66480,0
66481,0
66482,0
66483,0
66484,0
66485,0
66486,0
66487,0
66488,0
66489,0
66490,0
66491,0
66492,0
66493,0
66494,0
66495,0
66496,0
66497,0
66498,0
66499,0
66500,0
66501,0
66502,0
66503,0
66504,0
66505,0
66506,0
66507,0
66508,0
66509,0
66510,0
66511,0
66512,0
66513,0
66514,0
66515,0
66516,0
66517,0
66518,0
66519,0
66520,0
66521,0
66522,0
66523,0
66524,0
66525,0
66526,0
66527,0
66528,0
66529,0
66530,0
66531,0
66532,0
66533,0
66534,0
66535,0
66536,0
66537,0
66538,0
66539,0
66540,0
66541,0
66542,0
66543,0
66544,0
66545,0
66546,0
66547,0
66548,0
66549,0
66550,0
66551,0
66552,0
66553,0
66554,0
66555,0
66556,0
66557,0
66558,0
66559,0
66560,0
66561,0
66562,0
66563,0
66564,0
66565,0
66566,0
66567,0
66568,0
66569,0
66570,0
66571,0
66572,0
66573,0
66574,0
66575,0
66576,0
66577,0
66578,0
66579,0
66580,0
66581,0
66582,0
66583,0
66584,31
66585,0
66586,0
66587,33
66588,38
66589,0
66590,24
66591,0
66592,0
66593,0
66594,29
66595,0
66596,36
66597,0
66598,0
66599,0
66600,29
66601,0
66602,0
66603,30
66604,0
66605,24
66606,0
66607,23
66608,0
66609,0
66610,0
66611,0
66612,18
66613,29
66614,0
66615,38
66616,29
66617,29
66618,19
66619,0
66620,29
66621,0
66622,0
66623,36
66624,27
66625,0
66626,23
66627,0
66628,0
66629,0
66630,30
66631,18
66632,0
66633,0
66634,0
66635,0
66636,29
66637,28
66638,0
66639,0
66640,0
66641,31
66642,0
66643,0
66644,0
66645,0
66646,0
66647,30
66648,0
66649,34
66650,0
66651,0
66652,32
66653,0
66654,21
66655,17
66656,0
66657,0
66658,0
66659,0
66660,33
66661,42
66662,0
66663,0
66664,0
66665,0
66666,0
66667,0
66668,21
66669,0
66670,0
66671,0
66672,0
66673,24
66674,0
66675,0
66676,0
66677,0
66678,0
66679,0
66680,0
66681,0
66682,0
66683,0
66684,0
66685,0
66686,0
66687,0
66688,0
66689,0
66690,0
66691,0
66692,34
66693,0
66694,0
66695,0
66696,0
66697,0
66698,0
66699,0
66700,40
66701,0
66702,0
66703,0
66704,0
66705,0
66706,0
66707,0
66708,0
66709,0
66710,0
66711,0
66712,0
66713,0
66714,0
66715,0
66716,0
66717,0
66718,24
66719,0
66720,0
66721,0
66722,0
66723,32
66724,0
66725,0
66726,32
66727,0
66728,0
66729,0
66730,0
66731,0
66732,25
66733,0
66734,0
66735,0
66736,34
66737,0
66738,0
66739,0
66740,0
66741,26
66742,0
66743,0
66744,0
66745,0
66746,0
66747,33
66748,0
66749,29
66750,0
66751,0
66752,0
66753,0
66754,0
66755,0
66756,33
66757,21
66758,23
66759,17
66760,0
66761,0
66762,28
66763,27
66764,0
66765,0
66766,34
66767,0
66768,0
66769,0
66770,25
66771,0
66772,22
66773,0
66774,0
66775,0
66776,30
66777,23
66778,0
66779,18
66780,0
66781,0
66782,0
66783,0
66784,0
66785,0
66786,0
66787,35
66788,0
66789,0
66790,0
66791,0
66792,0
66793,0
66794,0
66795,21
66796,0
66797,30
66798,23
66799,0
66800,0
66801,25
66802,0
66803,30
66804,0
66805,28
66806,0
66807,21
66808,26
66809,20
66810,0
66811,0
66812,0
66813,0
66814,0
66815,0
66816,0
66817,0
66818,0
66819,29
66820,0
66821,0
66822,0
66823,0
66824,0
66825,0
66826,0
66827,0
66828,0
66829,32
66830,0
66831,25
66832,34
66833,0
66834,26
66835,0
66836,26
66837,0
66838,0
66839,22
66840,25
66841,0
66842,0
66843,27
66844,0
66845,27
66846,20
66847,0
66848,0
66849,0
66850,0
66851,0
66852,28
66853,0
66854,0
66855,0
66856,24
66857,0
66858,0
66859,28
66860,29
66861,0
66862,0
66863,0
66864,0
66865,0
66866,0
66867,29
66868,0
66869,0
66870,0
66871,0
66872,0
66873,32
66874,0
66875,0
66876,0
66877,19
66878,41
66879,0
66880,0
66881,0
66882,0
66883,27
66884,0
66885,0
66886,0
66887,0
66888,35
66889,0
66890,0
66891,25
66892,0
66893,0
66894,0
66895,0
66896,0
66897,34
66898,0
66899,0
66900,22
66901,0
66902,0
66903,0
66904,0
66905,0
66906,0
66907,0
66908,35
66909,0
66910,0
66911,0
66912,0
66913,0
66914,0
66915,40
66916,0
66917,0
66918,0
66919,24
66920,0
66921,0
66922,0
66923,22
66924,0
66925,0
66926,0
66927,0
66928,33
66929,0
66930,39
66931,0
66932,29
66933,0
66934,0
66935,35
66936,0
66937,0
66938,38
66939,0
66940,0
66941,0
66942,23
66943,0
66944,19
66945,0
66946,0
66947,0
66948,0
66949,0
66950,0
66951,42
66952,0
66953,0
66954,25
66955,17
66956,21
66957,0
66958,0
66959,0
66960,0
66961,0
66962,0
66963,0
66964,0
66965,0
66966,28
66967,0
66968,31
66969,0
66970,0
66971,0
66972,0
66973,29
66974,0
66975,29
66976,0
66977,0
66978,0
66979,0
66980,31
66981,0
66982,28
66983,0
66984,0
66985,0
66986,27
66987,29
66988,26
66989,0
66990,0
66991,0
66992,0
66993,27
66994,0
66995,0
66996,21
66997,0
66998,0
66999,0
67000,0
67001,0
67002,0
67003,0
67004,22
67005,0
67006,0
67007,0
67008,28
67009,24
67010,0
67011,30
67012,0
67013,0
67014,0
67015,0
67016,0
67017,0
67018,31
67019,26
67020,0
67021,0
67022,0
67023,0
67024,0
67025,0
67026,0
67027,0
67028,0
67029,0
67030,0
67031,30
67032,0
67033,0
67034,0
67035,0
67036,0
67037,24
67038,39
67039,0
67040,27
67041,0
67042,26
67043,38
67044,0
67045,32
67046,0
67047,0
67048,0
67049,20
67050,0
67051,0
67052,0
67053,0
67054,0
67055,0
67056,22
67057,13
67058,0
67059,0
67060,32
67061,0
67062,0
67063,0
67064,0
67065,22
67066,15
67067,0
67068,0
67069,31
67070,0
67071,0
67072,31
67073,0
67074,24
67075,0
67076,0
67077,0
67078,0
67079,0
67080,27
67081,0
67082,0
67083,0
67084,0
67085,0
67086,26
67087,0
67088,38
67089,29
67090,0
67091,24
67092,0
67093,0
67094,34
67095,33
67096,0
67097,0
67098,24
67099,0
67100,0
67101,0
67102,0
67103,25
67104,0
67105,21
67106,16
67107,0
67108,34
67109,0
67110,23
67111,0
67112,0
67113,0
67114,0
67115,0
67116,0
67117,0
67118,0
67119,0
67120,0
67121,0
67122,20
67123,0
67124,0
67125,0
67126,0
67127,0
67128,0
67129,0
67130,0
67131,0
67132,0
67133,0
67134,0
67135,0
67136,0
67137,30
67138,0
67139,0
67140,0
67141,0
67142,30
67143,0
67144,0
67145,0
67146,29
67147,0
67148,0
67149,0
67150,0
67151,0
67152,27
67153,0
67154,0
67155,0
67156,0
67157,33
67158,0
67159,0
67160,0
67161,0
67162,32
67163,0
67164,0
67165,0
67166,34
67167,0
67168,0
67169,0
67170,0
67171,0
67172,39
67173,32
67174,20
67175,0
67176,30
67177,0
67178,0
67179,0
67180,0
67181,0
67182,0
67183,34
67184,0
67185,0
67186,0
67187,0
67188,20
67189,0
67190,0
67191,26
67192,0
67193,28
67194,0
67195,0
67196,0
67197,23
67198,0
67199,36
67200,0
67201,0
67202,0
67203,0
67204,0
67205,0
67206,0
67207,0
67208,36
67209,0
67210,0
67211,0
67212,22
67213,0
67214,24
67215,31
67216,0
67217,0
67218,27
67219,24
67220,25
67221,0
67222,0
67223,27
67224,0
67225,0
67226,0
67227,0
67228,0
67229,0
67230,16
67231,0
67232,0
67233,28
67234,26
67235,0
67236,0
67237,0
67238,0
67239,0
67240,0
67241,32
67242,0
67243,36
67244,0
67245,0
67246,0
67247,0
67248,0
67249,16
67250,27
67251,0
67252,0
67253,0
67254,26
67255,0
67256,0
67257,0
67258,0
67259,22
67260,17
67261,25
67262,0
67263,0
67264,36
67265,0
67266,0
67267,0
67268,0
67269,0
67270,32
67271,30
67272,0
67273,0
67274,37
67275,35
67276,34
67277,0
67278,0
67279,0
67280,0
67281,0
67282,0
67283,0
67284,4
67285,0
67286,0
67287,0
67288,0
67289,0
67290,8
67291,0
67292,0
67293,0
67294,0
67295,0
67296,0
67297,0
67298,0
67299,0
67300,0
67301,0
67302,0
67303,0
67304,0
67305,0
67306,0
67307,5
67308,11
67309,0
67310,0
67311,0
67312,0
67313,0
67314,0
67315,0
67316,0
67317,8
67318,0
67319,0
67320,0
67321,0
67322,0
67323,0
67324,0
67325,0
67326,0
67327,0
67328,5
67329,0
67330,0
67331,0
67332,0
67333,0
67334,0
67335,0
67336,0
67337,0
67338,0
67339,0
67340,0
67341,6
67342,0
67343,5
67344,0
67345,0
67346,0
67347,0
67348,0
67349,6
67350,0
67351,0
67352,0
67353,9
67354,0
67355,0
67356,0
67357,0
67358,0
67359,0
67360,0
67361,0
67362,0
67363,0
67364,6
67365,7
67366,0
67367,7
67368,0
67369,0
67370,0
67371,0
67372,0
67373,0
67374,0
67375,0
67376,0
67377,0
67378,0
67379,0
67380,0
67381,0
67382,0
67383,0
67384,0
67385,0
67386,0
67387,0
67388,0
67389,0
67390,0
67391,0
67392,0
67393,8
67394,0
67395,0
67396,0
67397,0
67398,0
67399,0
67400,0
67401,0
67402,0
67403,0
67404,10
67405,0
67406,0
67407,0
67408,4
67409,3
67410,0
67411,0
67412,0
67413,9
67414,0
67415,0
67416,0
67417,2
67418,0
67419,0
67420,0
67421,0
67422,0
67423,0
67424,0
67425,0
67426,0
67427,5
67428,0
67429,0
67430,0
67431,0
67432,0
67433,0
67434,0
67435,0
67436,0
67437,0
67438,0
67439,0
67440,0
67441,0
67442,0
67443,6
67444,0
67445,0
67446,0
67447,0
67448,5
67449,12
67450,0
67451,0
67452,7
67453,0
67454,0
67455,0
67456,0
67457,0
67458,0
67459,0
67460,6
67461,0
67462,0
67463,0
67464,0
67465,0
67466,0
67467,0
67468,0
67469,0
67470,0
67471,0
67472,0
67473,0
67474,6
67475,0
67476,0
67477,0
67478,0
67479,0
67480,8
67481,0
67482,0
67483,8
67484,0
67485,0
67486,0
67487,0
67488,0
67489,0
67490,0
67491,0
67492,0
67493,0
67494,0
67495,0
67496,0
67497,0
67498,0
67499,8
67500,0
67501,0
67502,0
67503,0
67504,6
67505,0
67506,0
67507,0
67508,0
67509,0
67510,0
67511,0
67512,8
67513,0
67514,0
67515,0
67516,8
67517,0
67518,0
67519,8
67520,0
67521,5
67522,0
67523,0
67524,0
67525,0
67526,0
67527,0
67528,0
67529,0
67530,0
67531,5
67532,0
67533,0
67534,0
67535,0
67536,0
67537,6
67538,0
67539,0
67540,0
67541,4
67542,0
67543,0
67544,0
67545,0
67546,0
67547,0
67548,0
67549,0
67550,0
67551,0
67552,0
67553,0
67554,0
67555,0
67556,0
67557,0
67558,0
67559,0
67560,0
67561,0
67562,0
67563,0
67564,0
67565,0
67566,0
67567,0
67568,0
67569,0
67570,0
67571,0
67572,2
67573,10
67574,0
67575,0
67576,0
67577,0
67578,0
67579,0
67580,0
67581,0
67582,0
67583,0
67584,0
67585,0
67586,0
67587,0
67588,0
67589,0
67590,0
67591,0
67592,0
67593,0
67594,0
67595,9
67596,0
67597,6
67598,0
67599,0
67600,0
67601,0
67602,6
67603,0
67604,0
67605,3
67606,0
67607,0
67608,0
67609,0
67610,0
67611,0
67612,0
67613,5
67614,0
67615,10
67616,0
67617,0
67618,0
67619,0
67620,0
67621,0
67622,0
67623,0
67624,0
67625,0
67626,5
67627,0
67628,0
67629,0
67630,10
67631,0
67632,0
67633,0
67634,0
67635,0
67636,0
67637,0
67638,0
67639,0
67640,0
67641,7
67642,0
67643,0
67644,0
67645,0
67646,0
67647,0
67648,0
67649,0
67650,0
67651,0
67652,5
67653,0
67654,0
67655,7
67656,0
67657,0
67658,0
67659,0
67660,0
67661,0
67662,0
67663,0
67664,0
67665,0
67666,0
67667,0
67668,0
67669,0
67670,0
67671,0
67672,9
67673,0
67674,0
67675,0
67676,0
67677,0
67678,0
67679,0
67680,0
67681,0
67682,0
67683,0
67684,0
67685,0
67686,0
67687,3
67688,0
67689,0
67690,0
67691,0
67692,0
67693,0
67694,0
67695,0
67696,0
67697,0
67698,0
67699,0
67700,0
67701,0
67702,0
67703,2
67704,0
67705,0
67706,4
67707,6
67708,0
67709,0
67710,0
67711,0
67712,0
67713,0
67714,0
67715,0
67716,0
67717,0
67718,0
67719,0
67720,0
67721,0
67722,4
67723,0
67724,0
67725,0
67726,0
67727,0
67728,0
67729,8
67730,0
67731,0
67732,0
67733,0
67734,0
67735,0
67736,0
67737,0
67738,0
67739,0
67740,0
67741,0
67742,0
67743,0
67744,0
67745,0
67746,0
67747,0
67748,5
67749,3
67750,3
67751,0
67752,0
67753,0
67754,5
67755,0
67756,0
67757,0
67758,0
67759,0
67760,0
67761,0
67762,0
67763,4
67764,7
67765,0
67766,0
67767,6
67768,0
67769,0
67770,0
67771,3
67772,0
67773,0
67774,0
67775,0
67776,0
67777,0
67778,0
67779,0
67780,0
67781,0
67782,0
67783,0
67784,8
67785,0
67786,0
67787,0
67788,0
67789,0
67790,0
67791,0
67792,0
67793,0
67794,3
67795,0
67796,0
67797,0
67798,0
67799,0
67800,0
67801,0
67802,0
67803,0
67804,0
67805,0
67806,0
67807,0
67808,0
67809,0
67810,0
67811,0
67812,0
67813,0
67814,0
67815,0
67816,0
67817,3
67818,0
67819,0
67820,0
67821,0
67822,3
67823,0
67824,6
67825,0
67826,8
67827,0
67828,0
67829,0
67830,0
67831,7
67832,0
67833,0
67834,0
67835,0
67836,4
67837,0
67838,0
67839,6
67840,0
67841,0
67842,0
67843,0
67844,0
67845,0
67846,0
67847,0
67848,6
67849,0
67850,0
67851,5
67852,0
67853,0
67854,0
67855,0
67856,0
67857,0
67858,0
67859,0
67860,0
67861,0
67862,0
67863,0
67864,0
67865,0
67866,5
67867,0
67868,0
67869,0
67870,0
67871,0
67872,6
67873,0
67874,8
67875,0
67876,0
67877,0
67878,0
67879,0
67880,0
67881,0
67882,0
67883,0
67884,0
67885,6
67886,0
67887,0
67888,0
67889,0
67890,0
67891,0
67892,9
67893,0
67894,3
67895,0
67896,0
67897,0
67898,9
67899,0
67900,0
67901,0
67902,0
67903,0
67904,0
67905,0
67906,0
67907,1
67908,0
67909,0
67910,7
67911,0
67912,0
67913,4
67914,0
67915,0
67916,0
67917,0
67918,0
67919,0
67920,0
67921,0
67922,9
67923,0
67924,8
67925,0
67926,8
67927,5
67928,0
67929,4
67930,0
67931,6
67932,0
67933,0
67934,0
67935,3
67936,0
67937,0
67938,0
67939,0
67940,0
67941,0
67942,0
67943,0
67944,0
67945,0
67946,0
67947,0
67948,0
67949,0
67950,0
67951,0
67952,0
67953,0
67954,0
67955,0
67956,0
67957,0
67958,0
67959,0
67960,0
67961,8
67962,0
67963,7
67964,0
67965,0
67966,0
67967,0
67968,10
67969,0
67970,0
67971,0
67972,0
67973,0
67974,0
67975,0
67976,0
67977,0
67978,0
67979,0
67980,0
67981,0
67982,0
67983,8
67984,0
67985,0
67986,0
67987,0
67988,0
67989,6
67990,5
67991,0
67992,0
67993,0
67994,0
67995,0
67996,0
67997,0
67998,1
67999,0
68000,0
68001,0
68002,0
68003,0
68004,0
68005,0
68006,0
68007,0
68008,0
68009,0
68010,0
68011,0
68012,10
68013,0
68014,0
68015,0
68016,0
68017,0
68018,0
68019,0
68020,0
68021,0
68022,0
68023,0
68024,8
68025,0
68026,0
68027,0
68028,5
68029,0
68030,0
68031,0
68032,0
68033,0
68034,0
68035,0
68036,0
68037,0
68038,0
68039,0
68040,75
68041,0
68042,0
68043,0
68044,0
68045,0
68046,0
68047,0
68048,44
68049,46
68050,0
68051,0
68052,0
68053,0
68054,0
68055,0
68056,0
68057,0
68058,0
68059,30
68060,0
68061,0
68062,57
68063,0
68064,0
68065,52
68066,0
68067,45
68068,0
68069,0
68070,0
68071,30
68072,16
68073,0
68074,0
68075,0
68076,0
68077,24
68078,0
68079,0
68080,0
68081,0
68082,0
68083,0
68084,0
68085,0
68086,0
68087,0
68088,8
68089,25
68090,16
68091,0
68092,0
68093,0
68094,0
68095,0
68096,26
68097,0
68098,18
68099,0
68100,0
68101,0
68102,0
68103,0
68104,18
68105,0
68106,23
68107,0
68108,20
68109,0
68110,0
68111,0
68112,0
68113,0
68114,0
68115,14
68116,0
68117,0
68118,0
68119,40
68120,0
68121,0
68122,22
68123,0
68124,0
68125,0
68126,25
68127,0
68128,0
68129,0
68130,23
68131,0
68132,0
68133,0
68134,0
68135,0
68136,18
68137,0
68138,0
68139,0
68140,0
68141,0
68142,0
68143,0
68144,0
68145,19
68146,0
68147,28
68148,0
68149,0
68150,0
68151,0
68152,25
68153,0
68154,0
68155,0
68156,0
68157,0
68158,0
68159,0
68160,0
68161,23
68162,0
68163,0
68164,0
68165,14
68166,31
68167,0
68168,10
68169,30
68170,24
68171,0
68172,0
68173,0
68174,0
68175,0
68176,0
68177,0
68178,27
68179,0
68180,0
68181,0
68182,0
68183,23
68184,0
68185,0
68186,0
68187,0
68188,0
68189,0
68190,0
68191,0
68192,0
68193,0
68194,0
68195,0
68196,17
68197,0
68198,0
68199,0
68200,0
68201,0
68202,18
68203,0
68204,0
68205,0
68206,0
68207,26
68208,23
68209,12
68210,0
68211,0
68212,19
68213,0
68214,0
68215,23
68216,0
68217,0
68218,0
68219,0
68220,0
68221,0
68222,0
68223,0
68224,0
68225,16
68226,0
68227,0
68228,0
68229,0
68230,20
68231,0
68232,0
68233,0
68234,0
68235,31
68236,0
68237,0
68238,0
68239,0
68240,35
68241,0
68242,0
68243,23
68244,0
68245,0
68246,0
68247,39
68248,0
68249,0
68250,0
68251,0
68252,0
68253,0
68254,0
68255,0
68256,0
68257,0
68258,0
68259,0
68260,0
68261,0
68262,26
68263,0
68264,0
68265,0
68266,0
68267,0
68268,0
68269,0
68270,22
68271,21
68272,14
68273,12
68274,0
68275,0
68276,0
68277,0
68278,0
68279,0
68280,0
68281,0
68282,0
68283,24
68284,25
68285,0
68286,0
68287,0
68288,0
68289,17
68290,23
68291,0
68292,0
68293,0
68294,0
68295,0
68296,20
68297,0
68298,0
68299,0
68300,0
68301,0
68302,0
68303,0
68304,0
68305,28
68306,0
68307,0
68308,0
68309,30
68310,0
68311,0
68312,20
68313,29
68314,0
68315,20
68316,0
68317,0
68318,0
68319,0
68320,0
68321,0
68322,0
68323,0
68324,0
68325,0
68326,0
68327,0
68328,0
68329,0
68330,0
68331,0
68332,23
68333,14
68334,0
68335,0
68336,0
68337,0
68338,0
68339,0
68340,12
68341,0
68342,0
68343,31
68344,16
68345,0
68346,0
68347,0
68348,0
68349,0
68350,0
68351,0
68352,0
68353,0
68354,0
68355,0
68356,0
68357,19
68358,0
68359,0
68360,17
68361,0
68362,0
68363,0
68364,0
68365,0
68366,0
68367,0
68368,30
68369,0
68370,0
68371,0
68372,0
68373,32
68374,0
68375,0
68376,0
68377,21
68378,0
68379,0
68380,0
68381,0
68382,0
68383,0
68384,0
68385,0
68386,0
68387,31
68388,20
68389,0
68390,0
68391,0
68392,0
68393,20
68394,26
68395,23
68396,0
68397,0
68398,20
68399,0
68400,25
68401,0
68402,24
68403,25
68404,0
68405,0
68406,16
68407,0
68408,31
68409,0
68410,0
68411,0
68412,0
68413,0
68414,0
68415,0
68416,0
68417,0
68418,0
68419,0
68420,0
68421,0
68422,0
68423,0
68424,0
68425,0
68426,0
68427,0
68428,26
68429,0
68430,0
68431,0
68432,25
68433,0
68434,0
68435,0
68436,0
68437,0
68438,17
68439,0
68440,0
68441,0
68442,0
68443,0
68444,0
68445,0
68446,0
68447,0
68448,0
68449,34
68450,0
68451,0
68452,0
68453,0
68454,0
68455,0
68456,0
68457,0
68458,0
68459,0
68460,0
68461,0
68462,0
68463,15
68464,0
68465,0
68466,0
68467,0
68468,10
68469,0
68470,0
68471,0
68472,0
68473,0
68474,0
68475,0
68476,0
68477,0
68478,0
68479,0
68480,21
68481,21
68482,22
68483,0
68484,23
68485,0
68486,25
68487,0
68488,18
68489,20
68490,0
68491,0
68492,0
68493,0
68494,0
68495,0
68496,0
68497,0
68498,0
68499,0
68500,0
68501,0
68502,0
68503,0
68504,25
68505,0
68506,0
68507,0
68508,0
68509,0
68510,0
68511,0
68512,0
68513,19
68514,22
68515,24
68516,0
68517,14
68518,0
68519,0
68520,19
68521,24
68522,0
68523,0
68524,0
68525,0
68526,0
68527,0
68528,0
68529,23
68530,0
68531,0
68532,0
68533,0
68534,0
68535,13
68536,0
68537,0
68538,0
68539,17
68540,0
68541,0
68542,0
68543,0
68544,21
68545,0
68546,0
68547,21
68548,0
68549,0
68550,0
68551,0
68552,0
68553,0
68554,0
68555,0
68556,18
68557,27
68558,0
68559,0
68560,0
68561,0
68562,0
68563,0
68564,0
68565,0
68566,0
68567,21
68568,0
68569,29
68570,0
68571,0
68572,0
68573,0
68574,0
68575,0
68576,0
68577,0
68578,0
68579,32
68580,0
68581,0
68582,0
68583,26
68584,22
68585,29
68586,0
68587,0
68588,0
68589,0
68590,0
68591,0
68592,0
68593,0
68594,23
68595,0
68596,0
68597,22
68598,19
68599,0
68600,28
68601,0
68602,20
68603,0
68604,17
68605,28
68606,0
68607,0
68608,0
68609,20
68610,0
68611,0
68612,0
68613,0
68614,14
68615,0
68616,0
68617,23
68618,0
68619,0
68620,0
68621,0
68622,14
68623,0
68624,0
68625,0
68626,0
68627,0
68628,0
68629,0
68630,19
68631,0
68632,21
68633,0
68634,0
68635,0
68636,0
68637,0
68638,0
68639,0
68640,34
68641,0
68642,0
68643,20
68644,0
68645,0
68646,0
68647,0
68648,0
68649,0
68650,0
68651,26
68652,21
68653,0
68654,0
68655,32
68656,20
68657,21
68658,22
68659,0
68660,0
68661,0
68662,0
68663,0
68664,21
68665,0
68666,22
68667,18
68668,23
68669,0
68670,23
68671,0
68672,20
68673,0
68674,0
68675,0
68676,0
68677,0
68678,0
68679,0
68680,18
68681,19
68682,0
68683,0
68684,0
68685,0
68686,0
68687,31
68688,0
68689,0
68690,0
68691,0
68692,16
68693,0
68694,0
68695,23
68696,0
68697,0
68698,0
68699,0
68700,0
68701,20
68702,0
68703,0
68704,0
68705,0
68706,0
68707,0
68708,0
68709,0
68710,25
68711,0
68712,27
68713,0
68714,14
68715,0
68716,0
68717,0
68718,0
68719,0
68720,0
68721,0
68722,0
68723,0
68724,0
68725,0
68726,15
68727,0
68728,0
68729,0
68730,0
68731,0
68732,0
68733,0
68734,0
68735,18
68736,0
68737,0
68738,0
68739,0
68740,26
68741,0
68742,0
68743,0
68744,30
68745,0
68746,27
68747,0
68748,0
68749,0
68750,0
68751,0
68752,0
68753,0
68754,0
68755,0
68756,36
68757,34
68758,23
68759,0
68760,28
68761,0
68762,23
68763,0
68764,0
68765,0
68766,0
68767,0
68768,25
68769,0
68770,27
68771,16
68772,0
68773,0
68774,21
68775,0
68776,0
68777,0
68778,0
68779,0
68780,0
68781,0
68782,0
68783,0
68784,0
68785,0
68786,0
68787,0
68788,0
68789,32
68790,0
68791,0
68792,0
68793,0
68794,0
68795,0
68796,0
68797,0
68798,0
68799,0
68800,0
68801,0
68802,0
68803,0
68804,0
68805,0
68806,0
68807,29
68808,0
68809,0
68810,19
68811,0
68812,0
68813,0
68814,0
68815,0
68816,0
68817,0
68818,0
68819,0
68820,36
68821,0
68822,0
68823,0
68824,0
68825,0
68826,0
68827,0
68828,0
68829,0
68830,0
68831,0
68832,0
68833,0
68834,0
68835,0
68836,0
68837,0
68838,0
68839,0
68840,0
68841,0
68842,23
68843,0
68844,0
68845,23
68846,0
68847,0
68848,0
68849,0
68850,0
68851,0
68852,0
68853,0
68854,0
68855,0
68856,0
68857,0
68858,0
68859,0
68860,0
68861,0
68862,0
68863,0
68864,0
68865,18
68866,9
68867,0
68868,0
68869,0
68870,0
68871,0
68872,19
68873,0
68874,26
68875,0
68876,0
68877,21
68878,0
68879,0
68880,0
68881,0
68882,0
68883,32
68884,0
68885,0
68886,0
68887,0
68888,0
68889,15
68890,17
68891,26
68892,16
68893,0
68894,0
68895,0
68896,0
68897,0
68898,0
68899,0
68900,0
68901,0
68902,0
68903,25
68904,19
68905,25
68906,0
68907,0
68908,0
68909,0
68910,0
68911,0
68912,16
68913,22
68914,31
68915,0
68916,0
68917,0
68918,0
68919,0
68920,0
68921,0
68922,0
68923,16
68924,0
68925,0
68926,26
68927,0
68928,0
68929,23
68930,27
68931,0
68932,0
68933,18
68934,20
68935,0
68936,0
68937,0
68938,0
68939,0
68940,0
68941,0
68942,0
68943,24
68944,0
68945,0
68946,0
68947,0
68948,0
68949,0
68950,0
68951,15
68952,0
68953,0
68954,0
68955,0
68956,0
68957,24
68958,24
68959,0
68960,0
68961,0
68962,0
68963,0
68964,0
68965,22
68966,0
68967,0
68968,0
68969,0
68970,0
68971,21
68972,0
68973,0
68974,0
68975,0
68976,17
68977,0
68978,30
68979,0
68980,0
68981,0
68982,0
68983,0
68984,26
68985,0
68986,20
68987,0
68988,0
68989,0
68990,0
68991,0
68992,0
68993,0
68994,0
68995,0
68996,0
68997,0
68998,0
68999,0
69000,0
69001,0
69002,0
69003,0
69004,0
69005,0
69006,0
69007,30
69008,0
69009,0
69010,0
69011,0
69012,0
69013,0
69014,0
69015,0
69016,0
69017,0
69018,0
69019,0
69020,0
69021,0
69022,0
69023,0
69024,0
69025,0
69026,39
69027,0
69028,0
69029,0
69030,38
69031,0
69032,0
69033,0
69034,0
69035,0
69036,43
69037,0
69038,0
69039,33
69040,0
69041,0
69042,0
69043,0
69044,0
69045,0
69046,0
69047,0
69048,0
69049,0
69050,0
69051,0
69052,0
69053,0
69054,0
69055,0
69056,0
69057,44
69058,0
69059,0
69060,0
69061,0
69062,0
69063,0
69064,0
69065,0
69066,0
69067,0
69068,0
69069,0
69070,0
69071,0
69072,0
69073,0
69074,37
69075,0
69076,0
69077,0
69078,0
69079,0
69080,0
69081,0
69082,0
69083,0
69084,0
69085,0
69086,0
69087,33
69088,0
69089,32
69090,0
69091,0
69092,0
69093,0
69094,0
69095,41
69096,0
69097,0
69098,0
69099,0
69100,0
69101,0
69102,0
69103,0
69104,0
69105,0
69106,0
69107,0
69108,0
69109,0
69110,0
69111,0
69112,0
69113,36
69114,0
69115,0
69116,0
69117,0
69118,0
69119,0
69120,0
69121,0
69122,0
69123,0
69124,0
69125,0
69126,0
69127,0
69128,0
69129,0
69130,0
69131,0
69132,0
69133,0
69134,0
69135,0
69136,0
69137,0
69138,0
69139,0
69140,0
69141,0
69142,0
69143,0
69144,0
69145,0
69146,0
69147,0
69148,0
69149,0
69150,0
69151,0
69152,0
69153,0
69154,0
69155,0
69156,42
69157,0
69158,0
69159,0
69160,0
69161,0
69162,0
69163,0
69164,0
69165,25
69166,0
69167,0
69168,0
69169,0
69170,0
69171,0
69172,0
69173,0
69174,0
69175,0
69176,0
69177,0
69178,0
69179,0
69180,0
69181,0
69182,25
69183,0
69184,0
69185,0
69186,0
69187,0
69188,0
69189,0
69190,35
69191,0
69192,0
69193,27
69194,0
69195,0
69196,0
69197,0
69198,0
69199,0
69200,0
69201,0
69202,0
69203,29
69204,0
69205,0
69206,0
69207,0
69208,0
69209,0
69210,0
69211,0
69212,0
69213,0
69214,0
69215,0
69216,0
69217,0
69218,0
69219,40
69220,0
69221,0
69222,0
69223,0
69224,0
69225,0
69226,0
69227,0
69228,0
69229,0
69230,0
69231,0
69232,0
69233,0
69234,0
69235,46
69236,0
69237,0
69238,0
69239,0
69240,0
69241,0
69242,0
69243,0
69244,53
69245,0
69246,0
69247,0
69248,0
69249,0
69250,41
69251,0
69252,0
69253,29
69254,0
69255,0
69256,0
69257,0
69258,0
69259,0
69260,0
69261,0
69262,37
69263,0
69264,0
69265,0
69266,0
69267,29
69268,0
69269,0
69270,0
69271,0
69272,0
69273,0
69274,0
69275,28
69276,0
69277,0
69278,0
69279,0
69280,0
69281,0
69282,0
69283,0
69284,0
69285,0
69286,0
69287,0
69288,45
69289,60
69290,0
69291,0
69292,0
69293,0
69294,0
69295,0
69296,0
69297,0
69298,0
69299,0
69300,0
69301,0
69302,0
69303,0
69304,0
69305,0
69306,0
69307,0
69308,0
69309,0
69310,0
69311,0
69312,0
69313,0
69314,0
69315,0
69316,0
69317,0
69318,0
69319,0
69320,0
69321,0
69322,35
69323,0
69324,0
69325,0
69326,0
69327,35
69328,0
69329,0
69330,28
69331,0
69332,0
69333,0
69334,0
69335,0
69336,0
69337,0
69338,0
69339,0
69340,41
69341,0
69342,0
69343,0
69344,0
69345,0
69346,0
69347,0
69348,0
69349,0
69350,0
69351,0
69352,0
69353,0
69354,0
69355,0
69356,0
69357,0
69358,0
69359,0
69360,0
69361,0
69362,0
69363,0
69364,0
69365,0
69366,0
69367,29
69368,0
69369,0
69370,0
69371,0
69372,0
69373,0
69374,0
69375,0
69376,0
69377,0
69378,0
69379,0
69380,0
69381,0
69382,38
69383,0
69384,0
69385,0
69386,0
69387,0
69388,0
69389,0
69390,0
69391,0
69392,0
69393,0
69394,0
69395,0
69396,33
69397,0
69398,0
69399,0
69400,0
69401,0
69402,37
69403,0
69404,39
69405,0
69406,0
69407,0
69408,0
69409,0
69410,0
69411,0
69412,0
69413,0
69414,0
69415,0
69416,0
69417,0
69418,0
69419,0
69420,0
69421,0
69422,0
69423,0
69424,0
69425,0
69426,0
69427,0
69428,0
69429,0
69430,0
69431,39
69432,0
69433,0
69434,0
69435,0
69436,0
69437,0
69438,0
69439,0
69440,0
69441,0
69442,0
69443,0
69444,38
69445,0
69446,0
69447,0
69448,0
69449,0
69450,0
69451,0
69452,0
69453,0
69454,0
69455,0
69456,0
69457,43
69458,0
69459,0
69460,0
69461,0
69462,0
69463,0
69464,38
69465,0
69466,0
69467,0
69468,0
69469,38
69470,0
69471,0
69472,0
69473,43
69474,0
69475,0
69476,0
69477,42
69478,0
69479,0
69480,0
69481,0
69482,0
69483,48
69484,0
69485,0
69486,0
69487,0
69488,0
69489,0
69490,31
69491,30
69492,0
69493,0
69494,0
69495,0
69496,0
69497,0
69498,0
69499,0
69500,0
69501,0
69502,0
69503,0
69504,0
69505,0
69506,0
69507,0
69508,0
69509,0
69510,0
69511,0
69512,0
69513,0
69514,0
69515,0
69516,0
69517,0
69518,0
69519,0
69520,0
69521,0
69522,0
69523,0
69524,0
69525,0
69526,0
69527,0
69528,38
69529,0
69530,0
69531,43
69532,0
69533,0
69534,0
69535,0
69536,34
69537,35
69538,0
69539,0
69540,0
69541,0
69542,0
69543,0
69544,0
69545,0
69546,0
69547,0
69548,0
69549,0
69550,0
69551,0
69552,0
69553,0
69554,0
69555,0
69556,0
69557,0
69558,0
69559,0
69560,0
69561,0
69562,0
69563,0
69564,0
69565,0
69566,0
69567,0
69568,0
69569,0
69570,0
69571,0
69572,0
69573,0
69574,0
69575,0
69576,0
69577,0
69578,0
69579,0
69580,0
69581,0
69582,0
69583,0
69584,0
69585,0
69586,0
69587,0
69588,0
69589,0
69590,0
69591,0
69592,0
69593,0
69594,0
69595,0
69596,0
69597,0
69598,0
69599,0
69600,0
69601,0
69602,0
69603,0
69604,0
69605,0
69606,0
69607,0
69608,0
69609,0
69610,0
69611,0
69612,0
69613,0
69614,0
69615,0
69616,0
69617,0
69618,0
69619,0
69620,0
69621,0
69622,0
69623,0
69624,0
69625,0
69626,0
69627,0
69628,0
69629,0
69630,0
69631,0
69632,0
69633,0
69634,0
69635,0
69636,0
69637,0
69638,0
69639,0
69640,0
69641,0
69642,0
69643,0
69644,0
69645,0
69646,0
69647,0
69648,0
69649,0
69650,0
69651,0
69652,0
69653,0
69654,0
69655,0
69656,0
69657,0
69658,0
69659,0
69660,0
69661,0
69662,0
69663,0
69664,0
69665,0
69666,0
69667,0
69668,0
69669,0
69670,0
69671,0
69672,0
69673,0
69674,0
69675,0
69676,0
69677,0
69678,0
69679,0
69680,0
69681,0
69682,0
69683,0
69684,0
69685,0
69686,0
69687,0
69688,0
69689,0
69690,0
69691,0
69692,0
69693,0
69694,0
69695,0
69696,0
69697,0
69698,0
69699,0
69700,0
69701,0
69702,0
69703,0
69704,0
69705,0
69706,0
69707,0
69708,0
69709,0
69710,0
69711,0
69712,0
69713,0
69714,0
69715,0
69716,0
69717,0
69718,0
69719,0
69720,0
69721,0
69722,0
69723,0
69724,0
69725,0
69726,0
69727,0
69728,0
69729,0
69730,0
69731,0
69732,0
69733,0
69734,0
69735,0
69736,0
69737,0
69738,0
69739,0
69740,0
69741,0
69742,0
69743,0
69744,0
69745,0
69746,0
69747,0
69748,0
69749,0
69750,0
69751,0
69752,0
69753,0
69754,0
69755,0
69756,0
69757,0
69758,0
69759,0
69760,0
69761,0
69762,0
69763,0
69764,0
69765,0
69766,0
69767,0
69768,0
69769,0
69770,0
69771,0
69772,0
69773,0
69774,0
69775,0
69776,0
69777,0
69778,0
69779,0
69780,0
69781,0
69782,0
69783,0
69784,0
69785,0
69786,0
69787,0
69788,0
69789,0
69790,0
69791,0
69792,0
69793,0
69794,0
69795,0
69796,0
69797,0
69798,0
69799,0
69800,0
69801,0
69802,0
69803,0
69804,0
69805,0
69806,0
69807,0
69808,0
69809,0
69810,0
69811,0
69812,0
69813,0
69814,0
69815,0
69816,0
69817,0
69818,0
69819,0
69820,0
69821,0
69822,0
69823,0
69824,0
69825,0
69826,0
69827,0
69828,0
69829,0
69830,0
69831,0
69832,0
69833,0
69834,0
69835,0
69836,0
69837,0
69838,0
69839,0
69840,0
69841,0
69842,0
69843,0
69844,0
69845,0
69846,0
69847,0
69848,0
69849,0
69850,0
69851,0
69852,0
69853,0
69854,0
69855,0
69856,0
69857,0
69858,0
69859,0
69860,0
69861,0
69862,0
69863,0
69864,0
69865,0
69866,0
69867,0
69868,0
69869,0
69870,0
69871,0
69872,0
69873,0
69874,0
69875,0
69876,0
69877,0
69878,0
69879,0
69880,0
69881,0
69882,0
69883,0
69884,0
69885,0
69886,0
69887,0
69888,0
69889,0
69890,0
69891,0
69892,0
69893,0
69894,0
69895,0
69896,0
69897,0
69898,0
69899,0
69900,0
69901,0
69902,0
69903,0
69904,0
69905,0
69906,0
69907,0
69908,0
69909,0
69910,0
69911,0
69912,0
69913,0
69914,0
69915,0
69916,0
69917,0
69918,0
69919,0
69920,0
69921,0
69922,0
69923,0
69924,0
69925,0
69926,0
69927,0
69928,1
69929,0
69930,0
69931,0
69932,0
69933,0
69934,0
69935,0
69936,0
69937,0
69938,0
69939,0
69940,0
69941,0
69942,0
69943,0
69944,0
69945,0
69946,0
69947,0
69948,0
69949,0
69950,0
69951,0
69952,0
69953,0
69954,0
69955,0
69956,0
69957,0
69958,0
69959,0
69960,0
69961,0
69962,0
69963,0
69964,0
69965,0
69966,0
69967,0
69968,0
69969,0
69970,0
69971,0
69972,0
69973,0
69974,0
69975,0
69976,0
69977,0
69978,0
69979,0
69980,0
69981,0
69982,0
69983,0
69984,0
69985,0
69986,0
69987,0
69988,0
69989,0
69990,0
69991,0
69992,0
69993,0
69994,0
69995,0
69996,0
69997,0
69998,0
69999,0
70000,0
70001,0
70002,0
70003,0
70004,0
70005,0
70006,0
70007,0
70008,0
70009,0
70010,0
70011,0
70012,0
70013,0
70014,0
70015,0
70016,0
70017,0
70018,0
70019,0
70020,0
70021,0
70022,0
70023,0
70024,0
70025,0
70026,0
70027,0
70028,0
70029,0
70030,0
70031,0
70032,0
70033,0
70034,0
70035,0
70036,0
70037,0
70038,0
70039,0
70040,0
70041,0
70042,0
70043,0
70044,0
70045,0
70046,0
70047,0
70048,0
70049,0
70050,0
70051,0
70052,0
70053,0
70054,0
70055,0
70056,0
70057,0
70058,0
70059,0
70060,0
70061,0
70062,0
70063,0
70064,0
70065,0
70066,0
70067,0
70068,0
70069,0
70070,0
70071,0
70072,0
70073,0
70074,0
70075,0
70076,0
70077,0
70078,0
70079,0
70080,0
70081,0
70082,0
70083,0
70084,0
70085,0
70086,0
70087,0
70088,0
70089,0
70090,0
70091,0
70092,0
70093,0
70094,0
70095,0
70096,0
70097,0
70098,0
70099,0
70100,0
70101,0
70102,0
70103,0
70104,0
70105,0
70106,0
70107,0
70108,0
70109,0
70110,0
70111,0
70112,0
70113,0
70114,0
70115,0
70116,0
70117,0
70118,0
70119,0
70120,0
70121,0
70122,0
70123,0
70124,0
70125,0
70126,0
70127,0
70128,0
70129,0
70130,0
70131,0
70132,0
70133,0
70134,0
70135,0
70136,0
70137,0
70138,0
70139,0
70140,0
70141,0
70142,0
70143,0
70144,0
70145,0
70146,0
70147,0
70148,0
70149,0
70150,0
70151,0
70152,0
70153,0
70154,0
70155,0
70156,0
70157,0
70158,0
70159,0
70160,0
70161,0
70162,0
70163,0
70164,0
70165,0
70166,0
70167,0
70168,0
70169,0
70170,0
70171,0
70172,0
70173,0
70174,0
70175,0
70176,0
70177,0
70178,0
70179,0
70180,0
70181,0
70182,0
70183,0
70184,0
70185,0
70186,0
70187,0
70188,0
70189,0
70190,0
70191,0
70192,0
70193,0
70194,0
70195,0
70196,0
70197,0
70198,0
70199,0
70200,0
70201,0
70202,0
70203,0
70204,0
70205,0
70206,0
70207,0
70208,0
70209,0
70210,0
70211,0
70212,0
70213,0
70214,0
70215,0
70216,0
70217,0
70218,0
70219,0
70220,0
70221,0
70222,0
70223,0
70224,0
70225,0
70226,0
70227,0
70228,0
70229,0
70230,0
70231,0
70232,0
70233,0
70234,0
70235,0
70236,0
70237,0
70238,0
70239,0
70240,1
70241,0
70242,0
70243,0
70244,0
70245,0
70246,0
70247,0
70248,0
70249,0
70250,0
70251,0
70252,0
70253,0
70254,0
70255,0
70256,0
70257,0
70258,0
70259,0
70260,0
70261,0
70262,0
70263,0
70264,0
70265,0
70266,0
70267,0
70268,0
70269,0
70270,0
70271,0
70272,0
70273,0
70274,0
70275,0
70276,0
70277,0
70278,0
70279,0
70280,0
70281,0
70282,0
70283,0
70284,0
70285,0
70286,0
70287,0
70288,0
70289,0
70290,0
70291,0
70292,0
70293,0
70294,0
70295,0
70296,0
70297,0
70298,0
70299,0
70300,0
70301,0
70302,0
70303,0
70304,0
70305,0
70306,0
70307,0
70308,0
70309,0
70310,0
70311,0
70312,0
70313,0
70314,0
70315,0
70316,0
70317,0
70318,0
70319,0
70320,0
70321,0
70322,0
70323,0
70324,0
70325,0
70326,0
70327,0
70328,0
70329,0
70330,0
70331,0
70332,0
70333,0
70334,0
70335,0
70336,0
70337,0
70338,0
70339,0
70340,0
70341,0
70342,0
70343,0
70344,0
70345,0
70346,0
70347,0
70348,0
70349,0
70350,0
70351,0
70352,0
70353,0
70354,0
70355,0
70356,0
70357,0
70358,0
70359,0
70360,0
70361,0
70362,0
70363,0
70364,0
70365,0
70366,0
70367,0
70368,0
70369,0
70370,0
70371,0
70372,0
70373,0
70374,0
70375,0
70376,0
70377,0
70378,0
70379,0
70380,0
70381,0
70382,0
70383,0
70384,0
70385,0
70386,0
70387,0
70388,0
70389,0
70390,0
70391,0
70392,0
70393,0
70394,0
70395,0
70396,0
70397,0
70398,0
70399,0
70400,0
70401,0
70402,0
70403,0
70404,0
70405,0
70406,0
70407,0
70408,0
70409,0
70410,0
70411,0
70412,0
70413,0
70414,0
70415,0
70416,5
70417,0
70418,9
70419,0
70420,8
70421,0
70422,0
70423,0
70424,0
70425,0
70426,7
70427,8
70428,0
70429,0
70430,8
70431,0
70432,7
70433,0
70434,0
70435,2
70436,0
70437,3
70438,0
70439,0
70440,0
70441,0
70442,6
70443,0
70444,0
70445,0
70446,0
70447,0
70448,5
70449,0
70450,0
70451,0
70452,6
70453,0
70454,0
70455,0
70456,0
70457,0
70458,0
70459,0
70460,0
70461,0
70462,7
70463,8
70464,0
70465,9
70466,0
70467,0
70468,0
70469,11
70470,0
70471,0
70472,0
70473,0
70474,0
70475,6
70476,17
70477,0
70478,7
70479,0
70480,6
70481,0
70482,10
70483,0
70484,0
70485,5
70486,0
70487,4
70488,0
70489,0
70490,0
70491,0
70492,0
70493,10
70494,0
70495,6
70496,9
70497,0
70498,0
70499,0
70500,0
70501,10
70502,0
70503,0
70504,9
70505,0
70506,0
70507,0
70508,6
70509,0
70510,0
70511,0
70512,0
70513,0
70514,0
70515,0
70516,0
70517,0
70518,8
70519,0
70520,7
70521,0
70522,0
70523,0
70524,8
70525,0
70526,6
70527,0
70528,0
70529,0
70530,0
70531,5
70532,0
70533,0
70534,0
70535,7
70536,0
70537,0
70538,0
70539,8
70540,0
70541,0
70542,0
70543,6
70544,0
70545,10
70546,0
70547,0
70548,8
70549,0
70550,8
70551,0
70552,11
70553,0
70554,0
70555,0
70556,0
70557,0
70558,0
70559,7
70560,0
70561,0
70562,0
70563,3
70564,11
70565,0
70566,0
70567,0
70568,0
70569,0
70570,0
70571,3
70572,0
70573,4
70574,0
70575,8
70576,0
70577,4
70578,0
70579,0
70580,0
70581,0
70582,0
70583,0
70584,6
70585,0
70586,8
70587,0
70588,5
70589,0
70590,4
70591,0
70592,0
70593,7
70594,7
70595,0
70596,6
70597,0
70598,0
70599,0
70600,0
70601,0
70602,0
70603,0
70604,0
70605,0
70606,0
70607,0
70608,0
70609,0
70610,0
70611,4
70612,0
70613,0
70614,3
70615,9
70616,0
70617,0
70618,0
70619,0
70620,0
70621,6
70622,0
70623,7
70624,0
70625,0
70626,0
70627,0
70628,0
70629,0
70630,10
70631,5
70632,0
70633,2
70634,0
70635,0
70636,0
70637,11
70638,8
70639,0
70640,0
70641,0
70642,0
70643,0
70644,0
70645,0
70646,1
70647,0
70648,0
70649,0
70650,0
70651,0
70652,0
70653,0
70654,6
70655,0
70656,0
70657,0
70658,0
70659,11
70660,0
70661,7
70662,0
70663,0
70664,0
70665,0
70666,0
70667,0
70668,5
70669,0
70670,0
70671,0
70672,0
70673,6
70674,0
70675,0
70676,0
70677,8
70678,0
70679,5
70680,0
70681,0
70682,0
70683,0
70684,0
70685,0
70686,0
70687,0
70688,0
70689,0
70690,0
70691,0
70692,0
70693,6
70694,0
70695,0
70696,6
70697,0
70698,0
70699,0
70700,0
70701,0
70702,0
70703,6
70704,6
70705,0
70706,0
70707,0
70708,0
70709,8
70710,13
70711,0
70712,0
70713,4
70714,0
70715,0
70716,0
70717,2
70718,0
70719,0
70720,0
70721,3
70722,0
70723,0
70724,9
70725,5
70726,0
70727,0
70728,0
70729,0
70730,3
70731,0
70732,0
70733,0
70734,0
70735,0
70736,11
70737,5
70738,0
70739,0
70740,7
70741,0
70742,0
70743,0
70744,5
70745,0
70746,0
70747,6
70748,0
70749,12
70750,0
70751,0
70752,0
70753,0
70754,0
70755,7
70756,0
70757,0
70758,0
70759,0
70760,0
70761,9
70762,0
70763,8
70764,9
70765,4
70766,0
70767,0
70768,0
70769,0
70770,7
70771,11
70772,0
70773,4
70774,0
70775,0
70776,0
70777,13
70778,0
70779,0
70780,0
70781,4
70782,0
70783,0
70784,0
70785,14
70786,8
70787,0
70788,0
70789,0
70790,0
70791,0
70792,0
70793,0
70794,0
70795,0
70796,0
70797,0
70798,0
70799,0
70800,0
70801,8
70802,0
70803,3
70804,11
70805,0
70806,5
70807,0
70808,0
70809,8
70810,0
70811,0
70812,6
70813,0
70814,0
70815,0
70816,0
70817,0
70818,0
70819,0
70820,0
70821,0
70822,0
70823,0
70824,0
70825,0
70826,6
70827,0
70828,0
70829,0
70830,0
70831,0
70832,0
70833,0
70834,0
70835,0
70836,0
70837,0
70838,8
70839,0
70840,0
70841,0
70842,0
70843,0
70844,0
70845,0
70846,0
70847,0
70848,6
70849,0
70850,0
70851,13
70852,0
70853,0
70854,0
70855,0
70856,0
70857,0
70858,3
70859,0
70860,0
70861,0
70862,0
70863,0
70864,0
70865,0
70866,0
70867,0
70868,0
70869,0
70870,0
70871,0
70872,0
70873,0
70874,0
70875,0
70876,0
70877,0
70878,6
70879,9
70880,0
70881,6
70882,0
70883,0
70884,0
70885,0
70886,0
70887,0
70888,0
70889,0
70890,12
70891,6
70892,7
70893,0
70894,0
70895,0
70896,0
70897,4
70898,0
70899,0
70900,0
70901,0
70902,0
70903,0
70904,0
70905,0
70906,13
70907,9
70908,7
70909,0
70910,14
70911,4
70912,7
70913,6
70914,5
70915,0
70916,7
70917,0
70918,0
70919,0
70920,0
70921,0
70922,0
70923,0
70924,0
70925,0
70926,0
70927,0
70928,0
70929,0
70930,0
70931,0
70932,0
70933,0
70934,0
70935,0
70936,0
70937,0
70938,0
70939,0
70940,0
70941,0
70942,0
70943,11
70944,0
70945,0
70946,0
70947,6
70948,0
70949,0
70950,0
70951,0
70952,0
70953,0
70954,2
70955,8
70956,0
70957,0
70958,0
70959,0
70960,9
70961,0
70962,0
70963,0
70964,0
70965,0
70966,0
70967,0
70968,0
70969,0
70970,0
70971,0
70972,0
70973,0
70974,0
70975,0
70976,0
70977,0
70978,0
70979,0
70980,0
70981,0
70982,0
70983,0
70984,0
70985,0
70986,11
70987,0
70988,0
70989,10
70990,0
70991,11
70992,0
70993,0
70994,0
70995,3
70996,0
70997,6
70998,0
70999,0
71000,0
71001,0
71002,0
71003,0
71004,3
71005,0
71006,0
71007,6
71008,0
71009,8
71010,2
71011,0
71012,10
71013,0
71014,0
71015,0
71016,0
71017,0
71018,0
71019,0
71020,0
71021,0
71022,8
71023,0
71024,0
71025,0
71026,0
71027,9
71028,0
71029,0
71030,0
71031,0
71032,0
71033,0
71034,5
71035,0
71036,0
71037,0
71038,0
71039,9
71040,8
71041,8
71042,0
71043,0
71044,0
71045,0
71046,0
71047,0
71048,0
71049,7
71050,0
71051,13
71052,0
71053,3
71054,0
71055,0
71056,0
71057,8
71058,0
71059,0
71060,0
71061,0
71062,0
71063,12
71064,0
71065,8
71066,0
71067,9
71068,0
71069,0
71070,0
71071,0
71072,0
71073,0
71074,4
71075,0
71076,7
71077,12
71078,0
71079,0
71080,8
71081,0
71082,0
71083,0
71084,0
71085,0
71086,0
71087,0
71088,6
71089,0
71090,0
71091,0
71092,0
71093,0
71094,0
71095,0
71096,19
71097,33
71098,0
71099,0
71100,0
71101,0
71102,38
71103,0
71104,0
71105,0
71106,0
71107,0
71108,0
71109,0
71110,0
71111,0
71112,0
71113,0
71114,0
71115,41
71116,0
71117,0
71118,0
71119,0
71120,0
71121,0
71122,42
71123,0
71124,44
71125,0
71126,0
71127,0
71128,0
71129,0
71130,0
71131,0
71132,0
71133,0
71134,0
71135,0
71136,18
71137,0
71138,0
71139,0
71140,0
71141,0
71142,0
71143,0
71144,0
71145,0
71146,0
71147,0
71148,0
71149,0
71150,21
71151,0
71152,39
71153,0
71154,41
71155,0
71156,0
71157,0
71158,0
71159,33
71160,0
71161,0
71162,0
71163,0
71164,0
71165,0
71166,0
71167,0
71168,0
71169,0
71170,0
71171,19
71172,0
71173,0
71174,0
71175,0
71176,0
71177,0
71178,33
71179,0
71180,0
71181,0
71182,0
71183,0
71184,0
71185,17
71186,0
71187,0
71188,0
71189,0
71190,0
71191,26
71192,0
71193,0
71194,0
71195,0
71196,0
71197,0
71198,0
71199,17
71200,34
71201,0
71202,25
71203,0
71204,0
71205,0
71206,36
71207,0
71208,0
71209,25
71210,0
71211,0
71212,31
71213,0
71214,52
71215,0
71216,0
71217,0
71218,0
71219,0
71220,0
71221,18
71222,0
71223,0
71224,0
71225,39
71226,0
71227,58
71228,0
71229,0
71230,0
71231,0
71232,17
71233,0
71234,26
71235,0
71236,0
71237,29
71238,0
71239,0
71240,0
71241,0
71242,0
71243,0
71244,0
71245,0
71246,0
71247,33
71248,45
71249,0
71250,0
71251,0
71252,0
71253,0
71254,32
71255,0
71256,0
71257,0
71258,0
71259,0
71260,26
71261,0
71262,19
71263,0
71264,0
71265,0
71266,0
71267,23
71268,0
71269,0
71270,0
71271,0
71272,0
71273,0
71274,0
71275,26
71276,0
71277,0
71278,0
71279,0
71280,42
71281,0
71282,0
71283,0
71284,0
71285,0
71286,0
71287,0
71288,0
71289,0
71290,19
71291,0
71292,0
71293,16
71294,0
71295,0
71296,0
71297,30
71298,0
71299,0
71300,0
71301,0
71302,27
71303,0
71304,0
71305,0
71306,0
71307,0
71308,0
71309,0
71310,0
71311,0
71312,0
71313,0
71314,0
71315,0
71316,29
71317,0
71318,0
71319,0
71320,0
71321,19
71322,22
71323,0
71324,14
71325,0
71326,0
71327,0
71328,0
71329,25
71330,0
71331,0
71332,0
71333,0
71334,0
71335,0
71336,0
71337,0
71338,0
71339,0
71340,0
71341,0
71342,0
71343,0
71344,0
71345,0
71346,0
71347,0
71348,0
71349,0
71350,0
71351,0
71352,0
71353,0
71354,0
71355,0
71356,0
71357,0
71358,0
71359,0
71360,38
71361,0
71362,0
71363,0
71364,0
71365,0
71366,0
71367,0
71368,0
71369,0
71370,0
71371,0
71372,0
71373,33
71374,0
71375,0
71376,0
71377,0
71378,0
71379,44
71380,0
71381,0
71382,0
71383,0
71384,0
71385,0
71386,0
71387,0
71388,0
71389,0
71390,0
71391,0
71392,0
71393,0
71394,0
71395,0
71396,0
71397,0
71398,0
71399,0
71400,0
71401,0
71402,0
71403,0
71404,10
71405,65
71406,0
71407,0
71408,0
71409,0
71410,0
71411,0
71412,0
71413,0
71414,26
71415,17
71416,19
71417,15
71418,0
71419,0
71420,0
71421,0
71422,0
71423,0
71424,0
71425,0
71426,45
71427,0
71428,0
71429,28
71430,0
71431,0
71432,0
71433,0
71434,0
71435,0
71436,0
71437,0
71438,36
71439,0
71440,0
71441,27
71442,0
71443,0
71444,0
71445,0
71446,0
71447,0
71448,0
71449,0
71450,0
71451,0
71452,0
71453,0
71454,0
71455,0
71456,0
71457,0
71458,0
71459,0
71460,25
71461,0
71462,0
71463,24
71464,0
71465,0
71466,0
71467,0
71468,0
71469,0
71470,0
71471,0
71472,0
71473,0
71474,0
71475,27
71476,0
71477,0
71478,45
71479,0
71480,0
71481,0
71482,0
71483,0
71484,0
71485,18
71486,0
71487,34
71488,0
71489,0
71490,0
71491,0
71492,18
71493,0
71494,0
71495,0
71496,0
71497,0
71498,0
71499,6
71500,0
71501,14
71502,0
71503,0
71504,26
71505,0
71506,51
71507,0
71508,0
71509,0
71510,0
71511,0
71512,0
71513,0
71514,0
71515,0
71516,0
71517,0
71518,0
71519,0
71520,0
71521,0
71522,45
71523,0
71524,0
71525,0
71526,0
71527,61
71528,34
71529,0
71530,0
71531,46
71532,0
71533,0
71534,0
71535,39
71536,0
71537,0
71538,7
71539,0
71540,0
71541,0
71542,0
71543,0
71544,0
71545,0
71546,0
71547,11
71548,20
71549,0
71550,0
71551,0
71552,0
71553,0
71554,0
71555,0
71556,0
71557,0
71558,0
71559,5
71560,0
71561,0
71562,0
71563,16
71564,0
71565,0
71566,28
71567,0
71568,0
71569,13
71570,0
71571,0
71572,0
71573,0
71574,0
71575,0
71576,0
71577,0
71578,0
71579,0
71580,27
71581,0
71582,0
71583,0
71584,0
71585,0
71586,28
71587,51
71588,21
71589,0
71590,0
71591,0
71592,0
71593,0
71594,0
71595,0
71596,0
71597,0
71598,0
71599,0
71600,0
71601,0
71602,0
71603,0
71604,0
71605,0
71606,0
71607,0
71608,0
71609,0
71610,25
71611,0
71612,43
71613,26
71614,0
71615,31
71616,25
71617,24
71618,0
71619,42
71620,16
71621,0
71622,25
71623,0
71624,0
71625,39
71626,0
71627,0
71628,0
71629,0
71630,48
71631,0
71632,0
71633,0
71634,0
71635,0
71636,0
71637,0
71638,0
71639,0
71640,38
71641,0
71642,12
71643,0
71644,58
71645,0
71646,0
71647,0
71648,0
71649,0
71650,0
71651,0
71652,0
71653,0
71654,0
71655,0
71656,0
71657,0
71658,0
71659,12
71660,0
71661,0
71662,0
71663,0
71664,0
71665,0
71666,13
71667,0
71668,58
71669,0
71670,0
71671,22
71672,37
71673,0
71674,0
71675,0
71676,0
71677,0
71678,0
71679,32
71680,25
71681,0
71682,0
71683,30
71684,56
71685,0
71686,0
71687,0
71688,0
71689,0
71690,0
71691,0
71692,45
71693,19
71694,0
71695,0
71696,0
71697,0
71698,0
71699,0
71700,28
71701,0
71702,55
71703,0
71704,0
71705,0
71706,0
71707,0
71708,24
71709,0
71710,0
71711,0
71712,0
71713,0
71714,0
71715,0
71716,0
71717,0
71718,0
71719,0
71720,29
71721,0
71722,0
71723,0
71724,0
71725,24
71726,0
71727,0
71728,0
71729,0
71730,0
71731,0
71732,0
71733,0
71734,0
71735,18
71736,25
71737,0
71738,0
71739,0
71740,32
71741,0
71742,42
71743,0
71744,0
71745,0
71746,10
71747,0
71748,0
71749,0
71750,34
71751,0
71752,0
71753,0
71754,35
71755,44
71756,0
71757,0
71758,48
71759,0
71760,43
71761,0
71762,16
71763,0
71764,0
71765,22
71766,0
71767,0
71768,0
71769,0
71770,0
71771,0
71772,27
71773,0
71774,0
71775,0
71776,52
71777,0
71778,35
71779,39
71780,0
71781,33
71782,0
71783,0
71784,0
71785,0
71786,0
71787,0
71788,0
71789,0
71790,0
71791,0
71792,7
71793,0
71794,0
71795,29
71796,0
71797,25
71798,0
71799,31
71800,0
71801,19
71802,0
71803,0
71804,0
71805,23
71806,0
71807,0
71808,0
71809,0
71810,33
71811,0
71812,0
71813,0
71814,32
71815,0
71816,40
71817,0
71818,0
71819,21
71820,0
71821,0
71822,0
71823,0
71824,0
71825,0
71826,0
71827,0
71828,0
71829,37
71830,0
71831,13
71832,29
71833,0
71834,0
71835,0
71836,0
71837,0
71838,33
71839,0
71840,0
71841,0
71842,0
71843,0
71844,0
71845,19
71846,0
71847,0
71848,24
71849,0
71850,0
71851,0
71852,0
71853,0
71854,0
71855,0
71856,0
71857,0
71858,0
71859,0
71860,0
71861,0
71862,0
71863,30
71864,0
71865,0
71866,23
71867,0
71868,0
71869,0
71870,0
71871,0
71872,21
71873,0
71874,0
71875,0
71876,26
71877,0
71878,0
71879,0
71880,0
71881,0
71882,34
71883,0
71884,35
71885,0
71886,0
71887,0
71888,0
71889,0
71890,0
71891,0
71892,0
71893,0
71894,10
71895,0
71896,0
71897,0
71898,0
71899,0
71900,0
71901,0
71902,21
71903,0
71904,25
71905,42
71906,28
71907,0
71908,8
71909,0
71910,35
71911,0
71912,0
71913,0
71914,0
71915,19
71916,0
71917,0
71918,0
71919,0
71920,0
71921,0
71922,0
71923,0
71924,0
71925,0
71926,0
71927,0
71928,0
71929,0
71930,0
71931,0
71932,0
71933,0
71934,0
71935,31
71936,0
71937,0
71938,0
71939,0
71940,0
71941,0
71942,0
71943,0
71944,0
71945,0
71946,0
71947,0
71948,0
71949,0
71950,41
71951,49
71952,0
71953,0
71954,0
71955,37
71956,22
71957,30
71958,0
71959,0
71960,0
71961,0
71962,0
71963,46
71964,0
71965,0
71966,53
71967,0
71968,0
71969,0
71970,0
71971,0
71972,0
71973,0
71974,0
71975,28
71976,0
71977,0
71978,13
71979,0
71980,0
71981,0
71982,25
71983,0
71984,26
71985,0
71986,0
71987,15
71988,0
71989,0
71990,56
71991,0
71992,0
71993,0
71994,0
71995,0
71996,0
71997,0
71998,33
71999,0
72000,0
72001,0
72002,0
72003,27
72004,0
72005,0
72006,0
72007,20
72008,0
72009,0
72010,0
72011,0
72012,0
72013,0
72014,0
72015,0
72016,0
72017,0
72018,0
72019,0
72020,0
72021,0
72022,0
72023,0
72024,0
72025,0
72026,15
72027,0
72028,0
72029,7
72030,0
72031,0
72032,0
72033,19
72034,0
72035,0
72036,0
72037,28
72038,0
72039,14
72040,5
72041,0
72042,0
72043,0
72044,18
72045,0
72046,0
72047,0
72048,18
72049,0
72050,0
72051,0
72052,6
72053,0
72054,15
72055,6
72056,0
72057,0
72058,0
72059,16
72060,0
72061,0
72062,0
72063,12
72064,0
72065,0
72066,0
72067,0
72068,6
72069,14
72070,9
72071,0
72072,0
72073,0
72074,10
72075,0
72076,16
72077,8
72078,0
72079,0
72080,0
72081,0
72082,10
72083,4
72084,0
72085,6
72086,0
72087,0
72088,0
72089,0
72090,0
72091,0
72092,9
72093,0
72094,0
72095,0
72096,0
72097,0
72098,0
72099,11
72100,0
72101,12
72102,0
72103,0
72104,17
72105,10
72106,0
72107,0
72108,0
72109,0
72110,0
72111,0
72112,0
72113,0
72114,0
72115,16
72116,0
72117,16
72118,0
72119,20
72120,0
72121,0
72122,10
72123,0
72124,0
72125,0
72126,0
72127,0
72128,0
72129,8
72130,0
72131,0
72132,0
72133,0
72134,0
72135,13
72136,0
72137,16
72138,0
72139,0
72140,0
72141,0
72142,0
72143,0
72144,0
72145,0
72146,0
72147,5
72148,0
72149,0
72150,18
72151,16
72152,0
72153,0
72154,0
72155,10
72156,16
72157,0
72158,0
72159,15
72160,0
72161,9
72162,0
72163,0
72164,0
72165,0
72166,0
72167,0
72168,18
72169,12
72170,0
72171,0
72172,5
72173,13
72174,14
72175,0
72176,0
72177,0
72178,0
72179,0
72180,0
72181,12
72182,0
72183,0
72184,0
72185,11
72186,0
72187,0
72188,9
72189,7
72190,0
72191,0
72192,0
72193,0
72194,0
72195,0
72196,0
72197,16
72198,0
72199,8
72200,8
72201,0
72202,0
72203,10
72204,0
72205,0
72206,0
72207,6
72208,0
72209,0
72210,0
72211,0
72212,13
72213,9
72214,9
72215,0
72216,0
72217,0
72218,0
72219,0
72220,0
72221,0
72222,6
72223,12
72224,0
72225,0
72226,0
72227,0
72228,0
72229,12
72230,0
72231,0
72232,0
72233,8
72234,0
72235,11
72236,0
72237,0
72238,0
72239,7
72240,11
72241,0
72242,0
72243,0
72244,6
72245,0
72246,18
72247,0
72248,0
72249,0
72250,0
72251,12
72252,0
72253,0
72254,11
72255,0
72256,0
72257,0
72258,0
72259,5
72260,0
72261,0
72262,14
72263,17
72264,7
72265,0
72266,9
72267,0
72268,0
72269,0
72270,5
72271,0
72272,0
72273,6
72274,0
72275,4
72276,0
72277,0
72278,0
72279,0
72280,0
72281,0
72282,0
72283,9
72284,0
72285,0
72286,6
72287,0
72288,0
72289,4
72290,0
72291,10
72292,0
72293,0
72294,0
72295,0
72296,0
72297,10
72298,15
72299,0
72300,0
72301,0
72302,0
72303,0
72304,0
72305,15
72306,0
72307,13
72308,0
72309,0
72310,12
72311,0
72312,8
72313,0
72314,0
72315,0
72316,14
72317,11
72318,0
72319,0
72320,0
72321,0
72322,0
72323,10
72324,5
72325,15
72326,7
72327,10
72328,0
72329,0
72330,0
72331,0
72332,0
72333,8
72334,0
72335,0
72336,0
72337,0
72338,0
72339,0
72340,16
72341,11
72342,8
72343,8
72344,0
72345,0
72346,0
72347,0
72348,9
72349,0
72350,14
72351,8
72352,0
72353,15
72354,0
72355,0
72356,0
72357,6
72358,14
72359,0
72360,14
72361,0
72362,0
72363,0
72364,13
72365,0
72366,0
72367,0
72368,8
72369,7
72370,0
72371,0
72372,0
72373,12
72374,0
72375,16
72376,0
72377,0
72378,0
72379,0
72380,0
72381,0
72382,0
72383,0
72384,19
72385,13
72386,0
72387,0
72388,0
72389,10
72390,0
72391,7
72392,0
72393,0
72394,0
72395,0
72396,0
72397,0
72398,0
72399,0
72400,0
72401,3
72402,0
72403,0
72404,14
72405,0
72406,11
72407,0
72408,8
72409,0
72410,0
72411,5
72412,0
72413,0
72414,0
72415,0
72416,0
72417,0
72418,0
72419,0
72420,18
72421,0
72422,0
72423,0
72424,0
72425,0
72426,9
72427,0
72428,0
72429,0
72430,0
72431,0
72432,0
72433,0
72434,0
72435,10
72436,0
72437,12
72438,0
72439,0
72440,0
72441,0
72442,0
72443,8
72444,0
72445,0
72446,10
72447,0
72448,0
72449,0
72450,0
72451,0
72452,7
72453,16
72454,0
72455,0
72456,0
72457,14
72458,0
72459,11
72460,0
72461,7
72462,0
72463,8
72464,0
72465,0
72466,14
72467,18
72468,0
72469,0
72470,0
72471,9
72472,9
72473,0
72474,0
72475,0
72476,10
72477,0
72478,0
72479,0
72480,9
72481,0
72482,0
72483,10
72484,7
72485,0
72486,6
72487,0
72488,8
72489,0
72490,0
72491,0
72492,10
72493,0
72494,10
72495,7
72496,0
72497,0
72498,21
72499,10
72500,4
72501,0
72502,0
72503,0
72504,0
72505,0
72506,0
72507,8
72508,0
72509,10
72510,0
72511,0
72512,9
72513,13
72514,9
72515,0
72516,0
72517,0
72518,10
72519,0
72520,0
72521,0
72522,0
72523,0
72524,0
72525,0
72526,0
72527,8
72528,0
72529,7
72530,13
72531,0
72532,0
72533,16
72534,0
72535,0
72536,0
72537,0
72538,16
72539,0
72540,0
72541,8
72542,0
72543,0
72544,0
72545,10
72546,0
72547,5
72548,0
72549,0
72550,0
72551,0
72552,0
72553,0
72554,0
72555,0
72556,0
72557,0
72558,0
72559,14
72560,0
72561,15
72562,7
72563,0
72564,0
72565,0
72566,0
72567,0
72568,0
72569,0
72570,0
72571,0
72572,0
72573,10
72574,0
72575,0
72576,14
72577,0
72578,0
72579,0
72580,6
72581,0
72582,0
72583,0
72584,0
72585,0
72586,0
72587,0
72588,0
72589,0
72590,8
72591,5
72592,0
72593,16
72594,0
72595,2
72596,0
72597,7
72598,0
72599,0
72600,12
72601,0
72602,0
72603,0
72604,11
72605,0
72606,0
72607,7
72608,18
72609,9
72610,0
72611,0
72612,0
72613,0
72614,16
72615,0
72616,7
72617,0
72618,0
72619,0
72620,0
72621,0
72622,0
72623,0
72624,9
72625,0
72626,0
72627,0
72628,8
72629,0
72630,0
72631,17
72632,0
72633,0
72634,0
72635,7
72636,0
72637,0
72638,4
72639,0
72640,9
72641,12
72642,0
72643,0
72644,0
72645,0
72646,0
72647,0
72648,0
72649,0
72650,0
72651,9
72652,0
72653,0
72654,0
72655,11
72656,0
72657,5
72658,0
72659,0
72660,0
72661,15
72662,0
72663,0
72664,12
72665,0
72666,17
72667,0
72668,0
72669,0
72670,0
72671,0
72672,0
72673,0
72674,0
72675,0
72676,0
72677,0
72678,0
72679,0
72680,0
72681,0
72682,0
72683,0
72684,0
72685,0
72686,0
72687,0
72688,0
72689,0
72690,0
72691,0
72692,21
72693,0
72694,0
72695,0
72696,0
72697,0
72698,0
72699,0
72700,16
72701,0
72702,0
72703,0
72704,0
72705,0
72706,0
72707,0
72708,0
72709,0
72710,0
72711,0
72712,0
72713,0
72714,0
72715,17
72716,0
72717,0
72718,0
72719,0
72720,0
72721,0
72722,0
72723,0
72724,0
72725,0
72726,0
72727,0
72728,0
72729,0
72730,0
72731,0
72732,0
72733,0
72734,0
72735,0
72736,0
72737,0
72738,0
72739,0
72740,0
72741,0
72742,0
72743,0
72744,0
72745,0
72746,0
72747,0
72748,0
72749,0
72750,0
72751,0
72752,0
72753,12
72754,0
72755,0
72756,0
72757,0
72758,0
72759,0
72760,0
72761,0
72762,0
72763,0
72764,0
72765,0
72766,0
72767,0
72768,0
72769,0
72770,0
72771,0
72772,0
72773,0
72774,0
72775,0
72776,0
72777,0
72778,0
72779,12
72780,14
72781,0
72782,0
72783,0
72784,18
72785,23
72786,0
72787,0
72788,0
72789,0
72790,0
72791,0
72792,0
72793,0
72794,0
72795,0
72796,19
72797,0
72798,0
72799,0
72800,0
72801,0
72802,0
72803,0
72804,0
72805,0
72806,0
72807,0
72808,0
72809,0
72810,0
72811,0
72812,0
72813,0
72814,0
72815,18
72816,0
72817,0
72818,0
72819,0
72820,0
72821,0
72822,0
72823,0
72824,13
72825,0
72826,0
72827,0
72828,0
72829,0
72830,0
72831,0
72832,0
72833,0
72834,0
72835,0
72836,0
72837,0
72838,0
72839,0
72840,18
72841,0
72842,0
72843,0
72844,0
72845,0
72846,0
72847,0
72848,0
72849,0
72850,0
72851,0
72852,0
72853,0
72854,17
72855,0
72856,0
72857,0
72858,0
72859,0
72860,0
72861,0
72862,0
72863,0
72864,0
72865,0
72866,0
72867,0
72868,0
72869,0
72870,0
72871,0
72872,0
72873,0
72874,0
72875,0
72876,12
72877,0
72878,0
72879,0
72880,0
72881,0
72882,0
72883,0
72884,0
72885,0
72886,26
72887,0
72888,0
72889,0
72890,0
72891,0
72892,0
72893,15
72894,0
72895,0
72896,0
72897,0
72898,0
72899,0
72900,0
72901,0
72902,14
72903,0
72904,0
72905,0
72906,0
72907,0
72908,0
72909,0
72910,0
72911,0
72912,0
72913,0
72914,0
72915,0
72916,0
72917,0
72918,0
72919,0
72920,0
72921,0
72922,0
72923,0
72924,0
72925,0
72926,0
72927,0
72928,0
72929,0
72930,0
72931,0
72932,0
72933,0
72934,0
72935,0
72936,0
72937,0
72938,0
72939,0
72940,0
72941,0
72942,0
72943,0
72944,0
72945,0
72946,0
72947,0
72948,0
72949,0
72950,0
72951,0
72952,0
72953,13
72954,0
72955,0
72956,0
72957,0
72958,0
72959,0
72960,0
72961,0
72962,0
72963,0
72964,0
72965,0
72966,0
72967,0
72968,0
72969,0
72970,0
72971,0
72972,21
72973,0
72974,0
72975,0
72976,0
72977,0
72978,0
72979,0
72980,0
72981,0
72982,0
72983,0
72984,0
72985,0
72986,0
72987,0
72988,0
72989,0
72990,13
72991,0
72992,0
72993,0
72994,0
72995,0
72996,0
72997,0
72998,0
72999,0
73000,0
73001,0
73002,0
73003,0
73004,0
73005,0
73006,0
73007,0
73008,0
73009,0
73010,0
73011,0
73012,0
73013,0
73014,0
73015,0
73016,0
73017,0
73018,0
73019,0
73020,0
73021,0
73022,0
73023,0
73024,0
73025,0
73026,0
73027,0
73028,0
73029,0
73030,0
73031,0
73032,0
73033,0
73034,0
73035,0
73036,0
73037,0
73038,0
73039,0
73040,0
73041,0
73042,49
73043,0
73044,0
73045,0
73046,0
73047,32
73048,0
73049,0
73050,0
73051,0
73052,50
73053,0
73054,0
73055,0
73056,0
73057,0
73058,0
73059,0
73060,0
73061,0
73062,0
73063,0
73064,0
73065,0
73066,33
73067,0
73068,0
73069,0
73070,0
73071,0
73072,0
73073,0
73074,0
73075,0
73076,35
73077,0
73078,0
73079,53
73080,0
73081,0
73082,0
73083,0
73084,0
73085,0
73086,34
73087,39
73088,0
73089,0
73090,0
73091,0
73092,0
73093,0
73094,0
73095,0
73096,0
73097,0
73098,0
73099,56
73100,0
73101,57
73102,0
73103,0
73104,0
73105,0
73106,0
73107,57
73108,0
73109,0
73110,0
73111,0
73112,0
73113,0
73114,0
73115,0
73116,0
73117,0
73118,0
73119,0
73120,0
73121,30
73122,0
73123,0
73124,0
73125,0
73126,0
73127,0
73128,56
73129,0
73130,32
73131,0
73132,0
73133,40
73134,0
73135,0
73136,0
73137,0
73138,35
73139,44
73140,0
73141,0
73142,0
73143,0
73144,0
73145,0
73146,0
73147,0
73148,0
73149,0
73150,0
73151,0
73152,0
73153,0
73154,0
73155,0
73156,0
73157,0
73158,0
73159,0
73160,0
73161,43
73162,0
73163,0
73164,0
73165,0
73166,0
73167,0
73168,0
73169,0
73170,0
73171,0
73172,0
73173,0
73174,0
73175,0
73176,0
73177,0
73178,0
73179,0
73180,0
73181,0
73182,0
73183,0
73184,0
73185,0
73186,0
73187,0
73188,0
73189,0
73190,0
73191,0
73192,0
73193,0
73194,0
73195,0
73196,0
73197,0
73198,0
73199,0
73200,0
73201,0
73202,0
73203,0
73204,0
73205,0
73206,0
73207,0
73208,48
73209,56
73210,0
73211,24
73212,0
73213,0
73214,0
73215,0
73216,0
73217,0
73218,0
73219,0
73220,0
73221,49
73222,0
73223,0
73224,0
73225,0
73226,0
73227,47
73228,0
73229,0
73230,0
73231,0
73232,25
73233,0
73234,0
73235,45
73236,0
73237,0
73238,0
73239,0
73240,0
73241,0
73242,0
73243,0
73244,0
73245,0
73246,0
73247,34
73248,0
73249,37
73250,0
73251,0
73252,0
73253,0
73254,0
73255,0
73256,0
73257,0
73258,0
73259,0
73260,0
73261,0
73262,0
73263,37
73264,36
73265,44
73266,0
73267,0
73268,0
73269,0
73270,35
73271,0
73272,0
73273,0
73274,0
73275,0
73276,0
73277,0
73278,0
73279,0
73280,0
73281,67
73282,0
73283,0
73284,0
73285,0
73286,40
73287,36
73288,0
73289,0
73290,0
73291,0
73292,0
73293,0
73294,0
73295,0
73296,0
73297,0
73298,0
73299,68
73300,0
73301,0
73302,0
73303,0
73304,0
73305,45
73306,0
73307,0
73308,0
73309,0
73310,0
73311,0
73312,32
73313,0
73314,0
73315,0
73316,0
73317,0
73318,0
73319,0
73320,0
73321,0
73322,0
73323,0
73324,0
73325,30
73326,0
73327,0
73328,0
73329,0
73330,0
73331,26
73332,0
73333,0
73334,22
73335,0
73336,0
73337,0
73338,0
73339,0
73340,0
73341,0
73342,0
73343,0
73344,0
73345,0
73346,0
73347,0
73348,0
73349,0
73350,0
73351,0
73352,0
73353,0
73354,16
73355,0
73356,0
73357,0
73358,0
73359,28
73360,0
73361,0
73362,0
73363,0
73364,0
73365,0
73366,0
73367,0
73368,26
73369,0
73370,0
73371,0
73372,33
73373,0
73374,0
73375,0
73376,0
73377,0
73378,0
73379,0
73380,0
73381,0
73382,0
73383,19
73384,0
73385,34
73386,0
73387,0
73388,0
73389,0
73390,0
73391,0
73392,0
73393,0
73394,0
73395,14
73396,0
73397,0
73398,0
73399,0
73400,0
73401,0
73402,0
73403,0
73404,0
73405,0
73406,0
73407,18
73408,0
73409,0
73410,0
73411,0
73412,0
73413,0
73414,0
73415,17
73416,34
73417,0
73418,0
73419,0
73420,0
73421,26
73422,0
73423,0
73424,40
73425,40
73426,0
73427,0
73428,0
73429,0
73430,0
73431,0
73432,0
73433,0
73434,0
73435,0
73436,0
73437,0
73438,33
73439,0
73440,0
73441,0
73442,0
73443,0
73444,0
73445,0
73446,0
73447,0
73448,0
73449,0
73450,0
73451,0
73452,0
73453,0
73454,0
73455,0
73456,0
73457,0
73458,0
73459,0
73460,0
73461,0
73462,0
73463,0
73464,0
73465,0
73466,0
73467,0
73468,0
73469,0
73470,0
73471,0
73472,0
73473,0
73474,0
73475,0
73476,0
73477,0
73478,0
73479,0
73480,18
73481,0
73482,0
73483,0
73484,32
73485,0
73486,33
73487,0
73488,0
73489,0
73490,0
73491,0
73492,0
73493,0
73494,0
73495,0
73496,0
73497,0
73498,0
73499,0
73500,0
73501,0
73502,0
73503,0
73504,28
73505,0
73506,0
73507,0
73508,0
73509,0
73510,0
73511,0
73512,0
73513,0
73514,0
73515,0
73516,0
73517,0
73518,0
73519,0
73520,0
73521,0
73522,0
73523,0
73524,0
73525,0
73526,0
73527,0
73528,0
73529,0
73530,0
73531,0
73532,0
73533,0
73534,0
73535,0
73536,0
73537,0
73538,0
73539,26
73540,0
73541,20
73542,0
73543,0
73544,0
73545,0
73546,0
73547,0
73548,0
73549,0
73550,0
73551,0
73552,0
73553,0
73554,0
73555,0
73556,0
73557,0
73558,0
73559,0
73560,0
73561,20
73562,0
73563,0
73564,0
73565,27
73566,0
73567,0
73568,0
73569,0
73570,0
73571,0
73572,0
73573,27
73574,0
73575,0
73576,32
73577,22
73578,0
73579,0
73580,0
73581,0
73582,0
73583,0
73584,0
73585,22
73586,0
73587,0
73588,0
73589,0
73590,0
73591,0
73592,0
73593,0
73594,0
73595,0
73596,0
73597,0
73598,0
73599,0
73600,0
73601,30
73602,0
73603,0
73604,0
73605,0
73606,0
73607,0
73608,0
73609,0
73610,0
73611,0
73612,0
73613,0
73614,0
73615,0
73616,0
73617,0
73618,0
73619,0
73620,0
73621,0
73622,0
73623,0
73624,0
73625,0
73626,0
73627,0
73628,0
73629,0
73630,0
73631,34
73632,0
73633,0
73634,0
73635,0
73636,0
73637,0
73638,0
73639,0
73640,0
73641,0
73642,0
73643,0
73644,0
73645,0
73646,0
73647,0
73648,0
73649,0
73650,0
73651,0
73652,0
73653,0
73654,0
73655,0
73656,24
73657,36
73658,0
73659,0
73660,0
73661,0
73662,0
73663,26
73664,0
73665,0
73666,0
73667,0
73668,0
73669,0
73670,0
73671,24
73672,0
73673,0
73674,0
73675,0
73676,0
73677,0
73678,0
73679,0
73680,0
73681,0
73682,0
73683,0
73684,0
73685,0
73686,0
73687,0
73688,0
73689,0
73690,0
73691,31
73692,0
73693,0
73694,0
73695,16
73696,0
73697,0
73698,0
73699,0
73700,0
73701,0
73702,0
73703,0
73704,0
73705,0
73706,0
73707,0
73708,0
73709,0
73710,0
73711,0
73712,0
73713,0
73714,0
73715,29
73716,0
73717,0
73718,0
73719,0
73720,0
73721,0
73722,0
73723,0
73724,0
73725,0
73726,0
73727,0
73728,23
73729,0
73730,0
73731,25
73732,0
73733,0
73734,0
73735,0
73736,0
73737,0
73738,0
73739,0
73740,0
73741,32
73742,0
73743,0
73744,28
73745,0
73746,0
73747,0
73748,0
73749,0
73750,0
73751,0
73752,0
73753,0
73754,0
73755,0
73756,0
73757,0
73758,0
73759,0
73760,0
73761,0
73762,0
73763,0
73764,0
73765,21
73766,0
73767,0
73768,0
73769,0
73770,0
73771,0
73772,0
73773,0
73774,0
73775,0
73776,0
73777,0
73778,0
73779,0
73780,0
73781,0
73782,0
73783,0
73784,0
73785,0
73786,0
73787,0
73788,0
73789,0
73790,0
73791,0
73792,0
73793,0
73794,0
73795,0
73796,29
73797,0
73798,0
73799,0
73800,25
73801,0
73802,0
73803,0
73804,0
73805,0
73806,0
73807,0
73808,0
73809,0
73810,0
73811,0
73812,0
73813,0
73814,0
73815,0
73816,0
73817,0
73818,0
73819,0
73820,0
73821,0
73822,0
73823,0
73824,0
73825,0
73826,0
73827,0
73828,0
73829,0
73830,0
73831,0
73832,0
73833,0
73834,0
73835,0
73836,0
73837,0
73838,0
73839,0
73840,0
73841,0
73842,0
73843,0
73844,24
73845,0
73846,0
73847,0
73848,0
73849,0
73850,0
73851,0
73852,0
73853,0
73854,23
73855,0
73856,0
73857,0
73858,0
73859,0
73860,0
73861,0
73862,0
73863,0
73864,0
73865,0
73866,0
73867,0
73868,0
73869,0
73870,0
73871,0
73872,0
73873,0
73874,0
73875,0
73876,0
73877,0
73878,0
73879,0
73880,0
73881,0
73882,0
73883,0
73884,0
73885,0
73886,0
73887,0
73888,0
73889,0
73890,0
73891,0
73892,0
73893,0
73894,0
73895,0
73896,0
73897,0
73898,0
73899,0
73900,0
73901,0
73902,0
73903,0
73904,0
73905,0
73906,0
73907,39
73908,0
73909,0
73910,0
73911,0
73912,0
73913,0
73914,0
73915,0
73916,0
73917,0
73918,0
73919,0
73920,0
73921,0
73922,0
73923,0
73924,0
73925,0
73926,0
73927,0
73928,0
73929,0
73930,0
73931,0
73932,0
73933,19
73934,0
73935,19
73936,0
73937,0
73938,0
73939,0
73940,0
73941,0
73942,0
73943,0
73944,0
73945,0
73946,0
73947,0
73948,0
73949,0
73950,0
73951,0
73952,0
73953,0
73954,0
73955,0
73956,0
73957,0
73958,0
73959,0
73960,0
73961,0
73962,0
73963,0
73964,0
73965,0
73966,0
73967,0
73968,0
73969,0
73970,0
73971,0
73972,0
73973,0
73974,0
73975,0
73976,0
73977,0
73978,0
73979,0
73980,34
73981,0
73982,0
73983,0
73984,0
73985,0
73986,0
73987,0
73988,0
73989,0
73990,0
73991,0
73992,0
73993,0
73994,0
73995,0
73996,0
73997,0
73998,0
73999,0
74000,0
74001,0
74002,0
74003,0
74004,0
74005,0
74006,0
74007,0
74008,0
74009,0
74010,0
74011,0
74012,0
74013,0
74014,0
74015,0
74016,0
74017,0
74018,38
74019,0
74020,0
74021,0
74022,0
74023,20
74024,0
74025,0
74026,0
74027,0
74028,0
74029,0
74030,0
74031,0
74032,0
74033,0
74034,0
74035,0
74036,0
74037,0
74038,0
74039,0
74040,0
74041,0
74042,0
74043,0
74044,0
74045,0
74046,0
74047,0
74048,0
74049,0
74050,0
74051,0
74052,0
74053,0
74054,0
74055,0
74056,0
74057,0
74058,0
74059,0
74060,0
74061,0
74062,20
74063,0
74064,0
74065,0
74066,22
74067,10
74068,0
74069,0
74070,24
74071,0
74072,0
74073,0
74074,0
74075,0
74076,20
74077,0
74078,0
74079,0
74080,22
74081,0
74082,0
74083,19
74084,0
74085,0
74086,0
74087,0
74088,0
74089,0
74090,0
74091,0
74092,0
74093,0
74094,0
74095,0
74096,19
74097,0
74098,0
74099,0
74100,0
74101,0
74102,0
74103,0
74104,13
74105,15
74106,12
74107,0
74108,0
74109,19
74110,0
74111,0
74112,0
74113,0
74114,0
74115,0
74116,0
74117,0
74118,24
74119,13
74120,0
74121,16
74122,0
74123,0
74124,0
74125,0
74126,0
74127,0
74128,0
74129,15
74130,0
74131,13
74132,0
74133,0
74134,21
74135,0
74136,0
74137,0
74138,0
74139,0
74140,17
74141,0
74142,0
74143,0
74144,19
74145,0
74146,19
74147,0
74148,0
74149,0
74150,17
74151,18
74152,0
74153,0
74154,18
74155,15
74156,0
74157,0
74158,0
74159,0
74160,0
74161,0
74162,0
74163,0
74164,0
74165,0
74166,0
74167,0
74168,0
74169,0
74170,0
74171,0
74172,0
74173,20
74174,0
74175,0
74176,0
74177,15
74178,0
74179,0
74180,18
74181,30
74182,0
74183,0
74184,14
74185,0
74186,0
74187,0
74188,23
74189,0
74190,0
74191,0
74192,0
74193,0
74194,0
74195,8
74196,21
74197,0
74198,0
74199,0
74200,0
74201,0
74202,0
74203,0
74204,0
74205,0
74206,18
74207,0
74208,0
74209,0
74210,0
74211,0
74212,0
74213,0
74214,0
74215,0
74216,0
74217,0
74218,0
74219,12
74220,15
74221,27
74222,0
74223,0
74224,0
74225,0
74226,0
74227,13
74228,0
74229,0
74230,0
74231,9
74232,0
74233,0
74234,0
74235,9
74236,26
74237,24
74238,0
74239,22
74240,0
74241,0
74242,0
74243,0
74244,0
74245,0
74246,0
74247,0
74248,0
74249,0
74250,17
74251,10
74252,0
74253,0
74254,0
74255,0
74256,0
74257,16
74258,0
74259,13
74260,21
74261,0
74262,0
74263,0
74264,0
74265,23
74266,0
74267,0
74268,0
74269,19
74270,0
74271,0
74272,0
74273,0
74274,0
74275,0
74276,17
74277,0
74278,0
74279,0
74280,14
74281,0
74282,0
74283,16
74284,0
74285,16
74286,0
74287,19
74288,24
74289,0
74290,11
74291,0
74292,0
74293,0
74294,0
74295,15
74296,0
74297,0
74298,0
74299,14
74300,0
74301,0
74302,0
74303,17
74304,0
74305,15
74306,0
74307,0
74308,0
74309,10
74310,0
74311,0
74312,0
74313,0
74314,0
74315,18
74316,0
74317,11
74318,0
74319,0
74320,0
74321,0
74322,22
74323,0
74324,0
74325,0
74326,13
74327,0
74328,0
74329,0
74330,0
74331,0
74332,0
74333,9
74334,0
74335,0
74336,13
74337,24
74338,0
74339,13
74340,0
74341,0
74342,0
74343,0
74344,23
74345,0
74346,0
74347,25
74348,0
74349,15
74350,0
74351,0
74352,0
74353,0
74354,22
74355,0
74356,11
74357,0
74358,11
74359,27
74360,10
74361,0
74362,0
74363,0
74364,0
74365,0
74366,0
74367,0
74368,0
74369,16
74370,15
74371,0
74372,0
74373,0
74374,0
74375,0
74376,0
74377,0
74378,0
74379,0
74380,0
74381,0
74382,19
74383,0
74384,18
74385,0
74386,10
74387,0
74388,0
74389,16
74390,0
74391,0
74392,0
74393,0
74394,0
74395,0
74396,0
74397,23
74398,0
74399,0
74400,28
74401,0
74402,0
74403,0
74404,0
74405,0
74406,16
74407,13
74408,12
74409,0
74410,0
74411,24
74412,0
74413,0
74414,31
74415,0
74416,0
74417,10
74418,24
74419,23
74420,19
74421,0
74422,0
74423,0
74424,0
74425,12
74426,0
74427,0
74428,19
74429,17
74430,22
74431,0
74432,0
74433,0
74434,0
74435,14
74436,0
74437,0
74438,20
74439,23
74440,0
74441,0
74442,15
74443,0
74444,0
74445,0
74446,0
74447,0
74448,0
74449,26
74450,0
74451,0
74452,0
74453,0
74454,0
74455,0
74456,20
74457,0
74458,12
74459,0
74460,0
74461,20
74462,0
74463,8
74464,0
74465,0
74466,0
74467,24
74468,0
74469,0
74470,13
74471,0
74472,0
74473,20
74474,0
74475,0
74476,0
74477,17
74478,0
74479,0
74480,21
74481,0
74482,19
74483,0
74484,0
74485,21
74486,0
74487,0
74488,0
74489,13
74490,0
74491,12
74492,0
74493,0
74494,0
74495,0
74496,0
74497,20
74498,0
74499,10
74500,0
74501,0
74502,0
74503,9
74504,0
74505,0
74506,0
74507,0
74508,0
74509,18
74510,0
74511,15
74512,0
74513,11
74514,0
74515,0
74516,19
74517,21
74518,0
74519,0
74520,0
74521,21
74522,0
74523,0
74524,23
74525,0
74526,0
74527,0
74528,26
74529,31
74530,12
74531,0
74532,0
74533,0
74534,18
74535,0
74536,0
74537,0
74538,0
74539,0
74540,0
74541,0
74542,0
74543,0
74544,0
74545,0
74546,22
74547,18
74548,21
74549,0
74550,17
74551,0
74552,0
74553,0
74554,0
74555,0
74556,0
74557,0
74558,0
74559,0
74560,0
74561,0
74562,0
74563,0
74564,0
74565,0
74566,0
74567,22
74568,32
74569,0
74570,0
74571,19
74572,0
74573,17
74574,0
74575,0
74576,0
74577,11
74578,0
74579,0
74580,0
74581,0
74582,0
74583,0
74584,10
74585,0
74586,0
74587,0
74588,0
74589,0
74590,0
74591,0
74592,0
74593,0
74594,19
74595,0
74596,0
74597,0
74598,0
74599,23
74600,0
74601,20
74602,0
74603,0
74604,0
74605,0
74606,0
74607,0
74608,0
74609,0
74610,23
74611,21
74612,17
74613,0
74614,14
74615,24
74616,0
74617,0
74618,0
74619,0
74620,0
74621,11
74622,16
74623,21
74624,0
74625,0
74626,0
74627,0
74628,13
74629,20
74630,34
74631,21
74632,18
74633,0
74634,0
74635,0
74636,0
74637,21
74638,13
74639,26
74640,0
74641,0
74642,17
74643,0
74644,0
74645,0
74646,13
74647,0
74648,0
74649,0
74650,19
74651,0
74652,0
74653,0
74654,7
74655,0
74656,0
74657,11
74658,21
74659,22
74660,21
74661,0
74662,0
74663,0
74664,0
74665,11
74666,0
74667,12
74668,0
74669,17
74670,0
74671,0
74672,0
74673,0
74674,11
74675,0
74676,0
74677,26
74678,0
74679,0
74680,0
74681,0
74682,0
74683,0
74684,0
74685,0
74686,16
74687,0
74688,0
74689,0
74690,0
74691,0
74692,0
74693,0
74694,13
74695,0
74696,19
74697,0
74698,0
74699,15
74700,0
74701,0
74702,0
74703,16
74704,0
74705,0
74706,0
74707,0
74708,0
74709,22
74710,0
74711,0
74712,0
74713,0
74714,0
74715,0
74716,12
74717,0
74718,0
74719,0
74720,0
74721,17
74722,22
74723,17
74724,0
74725,17
74726,0
74727,27
74728,0
74729,20
74730,0
74731,24
74732,0
74733,0
74734,0
74735,0
74736,0
74737,13
74738,22
74739,0
74740,0
74741,22
74742,0
74743,10
74744,0
74745,0
74746,0
74747,29
74748,0
74749,23
74750,0
74751,0
74752,0
74753,19
74754,15
74755,0
74756,0
74757,0
74758,0
74759,24
74760,0
74761,0
74762,0
74763,0
74764,0
74765,12
74766,0
74767,12
74768,0
74769,0
74770,0
74771,0
74772,13
74773,0
74774,0
74775,14
74776,0
74777,26
74778,0
74779,0
74780,0
74781,0
74782,0
74783,0
74784,0
74785,0
74786,0
74787,0
74788,0
74789,12
74790,0
74791,0
74792,0
74793,0
74794,15
74795,0
74796,0
74797,0
74798,0
74799,0
74800,0
74801,0
74802,20
74803,0
74804,0
74805,0
74806,0
74807,0
74808,13
74809,15
74810,16
74811,0
74812,0
74813,0
74814,0
74815,0
74816,0
74817,0
74818,0
74819,0
74820,10
74821,0
74822,12
74823,0
74824,0
74825,0
74826,0
74827,14
74828,0
74829,0
74830,14
74831,0
74832,0
74833,0
74834,9
74835,0
74836,0
74837,12
74838,0
74839,5
74840,0
74841,0
74842,0
74843,8
74844,0
74845,0
74846,0
74847,0
74848,0
74849,0
74850,0
74851,0
74852,0
74853,8
74854,9
74855,0
74856,0
74857,0
74858,0
74859,10
74860,0
74861,0
74862,5
74863,0
74864,0
74865,0
74866,0
74867,0
74868,0
74869,0
74870,0
74871,0
74872,8
74873,0
74874,0
74875,0
74876,0
74877,0
74878,0
74879,0
74880,0
74881,0
74882,0
74883,0
74884,0
74885,0
74886,0
74887,0
74888,0
74889,0
74890,15
74891,0
74892,0
74893,0
74894,0
74895,0
74896,0
74897,0
74898,0
74899,0
74900,0
74901,0
74902,0
74903,0
74904,0
74905,7
74906,6
74907,0
74908,8
74909,0
74910,0
74911,6
74912,0
74913,0
74914,0
74915,0
74916,0
74917,0
74918,0
74919,0
74920,0
74921,5
74922,0
74923,8
74924,0
74925,0
74926,0
74927,14
74928,0
74929,0
74930,0
74931,0
74932,15
74933,0
74934,12
74935,0
74936,0
74937,7
74938,0
74939,12
74940,0
74941,0
74942,0
74943,0
74944,0
74945,0
74946,0
74947,0
74948,8
74949,3
74950,0
74951,0
74952,0
74953,0
74954,0
74955,15
74956,0
74957,0
74958,0
74959,0
74960,0
74961,0
74962,0
74963,0
74964,0
74965,0
74966,6
74967,0
74968,10
74969,8
74970,0
74971,0
74972,0
74973,0
74974,7
74975,0
74976,0
74977,0
74978,0
74979,0
74980,0
74981,0
74982,0
74983,14
74984,0
74985,0
74986,0
74987,0
74988,0
74989,0
74990,0
74991,0
74992,0
74993,0
74994,0
74995,7
74996,0
74997,0
74998,0
74999,0
75000,0
75001,12
75002,0
75003,12
75004,13
75005,0
75006,0
75007,0
75008,0
75009,12
75010,0
75011,0
75012,0
75013,0
75014,0
75015,0
75016,0
75017,0
75018,0
75019,0
75020,4
75021,0
75022,0
75023,0
75024,0
75025,0
75026,0
75027,4
75028,12
75029,0
75030,0
75031,7
75032,0
75033,0
75034,0
75035,0
75036,0
75037,0
75038,0
75039,0
75040,0
75041,0
75042,0
75043,0
75044,9
75045,0
75046,0
75047,12
75048,0
75049,0
75050,0
75051,0
75052,0
75053,0
75054,0
75055,7
75056,0
75057,0
75058,0
75059,0
75060,0
75061,0
75062,0
75063,8
75064,0
75065,0
75066,0
75067,8
75068,0
75069,0
75070,0
75071,0
75072,0
75073,0
75074,0
75075,0
75076,0
75077,0
75078,0
75079,0
75080,12
75081,0
75082,7
75083,0
75084,0
75085,0
75086,0
75087,16
75088,0
75089,0
75090,0
75091,14
75092,0
75093,12
75094,0
75095,0
75096,0
75097,0
75098,0
75099,0
75100,0
75101,0
75102,0
75103,0
75104,0
75105,0
75106,0
75107,0
75108,11
75109,0
75110,4
75111,0
75112,0
75113,0
75114,0
75115,0
75116,11
75117,15
75118,0
75119,10
75120,0
75121,0
75122,0
75123,9
75124,0
75125,0
75126,3
75127,0
75128,0
75129,0
75130,8
75131,0
75132,0
75133,0
75134,9
75135,0
75136,0
75137,0
75138,0
75139,0
75140,0
75141,0
75142,0
75143,0
75144,0
75145,0
75146,9
75147,0
75148,8
75149,0
75150,0
75151,12
75152,0
75153,0
75154,0
75155,0
75156,17
75157,9
75158,0
75159,6
75160,0
75161,0
75162,8
75163,0
75164,0
75165,0
75166,0
75167,0
75168,0
75169,0
75170,0
75171,13
75172,9
75173,0
75174,0
75175,0
75176,0
75177,0
75178,0
75179,0
75180,0
75181,0
75182,0
75183,11
75184,0
75185,0
75186,0
75187,0
75188,0
75189,4
75190,0
75191,7
75192,0
75193,0
75194,3
75195,0
75196,0
75197,8
75198,9
75199,0
75200,0
75201,0
75202,15
75203,7
75204,0
75205,0
75206,0
75207,0
75208,0
75209,0
75210,0
75211,0
75212,10
75213,0
75214,0
75215,0
75216,0
75217,0
75218,0
75219,0
75220,0
75221,14
75222,0
75223,12
75224,13
75225,0
75226,0
75227,0
75228,0
75229,0
75230,0
75231,9
75232,0
75233,7
75234,0
75235,0
75236,0
75237,0
75238,0
75239,0
75240,0
75241,0
75242,8
75243,0
75244,9
75245,0
75246,0
75247,8
75248,0
75249,0
75250,0
75251,0
75252,0
75253,0
75254,0
75255,0
75256,0
75257,0
75258,0
75259,0
75260,0
75261,9
75262,9
75263,11
75264,0
75265,0
75266,0
75267,0
75268,5
75269,0
75270,0
75271,12
75272,0
75273,14
75274,0
75275,0
75276,0
75277,10
75278,0
75279,0
75280,8
75281,0
75282,0
75283,0
75284,0
75285,0
75286,0
75287,0
75288,0
75289,0
75290,12
75291,0
75292,8
75293,0
75294,5
75295,0
75296,0
75297,0
75298,7
75299,0
75300,0
75301,0
75302,0
75303,0
75304,0
75305,0
75306,0
75307,0
75308,16
75309,12
75310,0
75311,0
75312,0
75313,0
75314,0
75315,0
75316,0
75317,0
75318,0
75319,0
75320,0
75321,6
75322,9
75323,0
75324,0
75325,0
75326,0
75327,0
75328,0
75329,0
75330,0
75331,8
75332,0
75333,7
75334,0
75335,0
75336,10
75337,0
75338,0
75339,0
75340,8
75341,0
75342,0
75343,0
75344,0
75345,0
75346,0
75347,0
75348,0
75349,0
75350,0
75351,8
75352,0
75353,0
75354,0
75355,0
75356,0
75357,0
75358,0
75359,0
75360,0
75361,0
75362,0
75363,9
75364,0
75365,12
75366,0
75367,0
75368,0
75369,0
75370,0
75371,0
75372,0
75373,0
75374,0
75375,0
75376,15
75377,0
75378,0
75379,0
75380,4
75381,20
75382,0
75383,0
75384,0
75385,12
75386,0
75387,0
75388,0
75389,0
75390,0
75391,10
75392,0
75393,3
75394,0
75395,0
75396,0
75397,0
75398,0
75399,0
75400,0
75401,0
75402,0
75403,0
75404,0
75405,0
75406,0
75407,0
75408,0
75409,0
75410,0
75411,0
75412,0
75413,0
75414,0
75415,0
75416,0
75417,0
75418,0
75419,0
75420,0
75421,0
75422,19
75423,0
75424,0
75425,0
75426,0
75427,0
75428,0
75429,0
75430,0
75431,0
75432,0
75433,0
75434,0
75435,0
75436,0
75437,0
75438,0
75439,0
75440,0
75441,0
75442,0
75443,0
75444,0
75445,0
75446,0
75447,0
75448,0
75449,0
75450,8
75451,0
75452,0
75453,7
75454,0
75455,0
75456,0
75457,0
75458,9
75459,0
75460,5
75461,7
75462,0
75463,0
75464,0
75465,7
75466,0
75467,0
75468,0
75469,14
75470,10
75471,0
75472,0
75473,0
75474,5
75475,0
75476,12
75477,10
75478,0
75479,0
75480,0
75481,0
75482,0
75483,0
75484,0
75485,0
75486,14
75487,0
75488,0
75489,0
75490,0
75491,0
75492,11
75493,0
75494,0
75495,0
75496,0
75497,11
75498,9
75499,0
75500,0
75501,0
75502,10
75503,0
75504,0
75505,0
75506,0
75507,0
75508,0
75509,0
75510,0
75511,0
75512,0
75513,0
75514,0
75515,0
75516,0
75517,12
75518,13
75519,0
75520,0
75521,0
75522,0
75523,0
75524,0
75525,0
75526,0
75527,9
75528,0
75529,8
75530,0
75531,16
75532,0
75533,4
75534,0
75535,0
75536,0
75537,0
75538,8
75539,0
75540,6
75541,0
75542,0
75543,0
75544,0
75545,10
75546,0
75547,6
75548,0
75549,8
75550,0
75551,0
75552,0
75553,0
75554,0
75555,14
75556,0
75557,0
75558,0
75559,0
75560,0
75561,13
75562,0
75563,0
75564,0
75565,15
75566,0
75567,11
75568,0
75569,10
75570,0
75571,0
75572,0
75573,0
75574,0
75575,0
75576,0
75577,0
75578,0
75579,0
75580,9
75581,0
75582,6
75583,0
75584,0
75585,0
75586,0
75587,5
75588,12
75589,0
75590,0
75591,6
75592,0
75593,0
75594,0
75595,0
75596,0
75597,10
75598,0
75599,0
75600,0
75601,0
75602,0
75603,0
75604,0
75605,0
75606,0
75607,8
75608,0
75609,0
75610,0
75611,0
75612,8
75613,0
75614,0
75615,0
75616,0
75617,0
75618,7
75619,0
75620,0
75621,10
75622,9
75623,15
75624,0
75625,0
75626,0
75627,0
75628,0
75629,10
75630,0
75631,0
75632,0
75633,9
75634,0
75635,0
75636,4
75637,6
75638,0
75639,0
75640,0
75641,0
75642,0
75643,12
75644,0
75645,0
75646,0
75647,0
75648,0
75649,0
75650,14
75651,0
75652,0
75653,0
75654,0
75655,4
75656,0
75657,0
75658,0
75659,6
75660,0
75661,0
75662,0
75663,0
75664,11
75665,8
75666,0
75667,0
75668,9
75669,0
75670,0
75671,0
75672,0
75673,0
75674,0
75675,0
75676,0
75677,0
75678,0
75679,9
75680,8
75681,12
75682,0
75683,0
75684,0
75685,0
75686,0
75687,0
75688,0
75689,18
75690,0
75691,0
75692,9
75693,0
75694,8
75695,10
75696,0
75697,0
75698,0
75699,0
75700,0
75701,0
75702,0
75703,0
75704,0
75705,0
75706,0
75707,8
75708,0
75709,18
75710,0
75711,0
75712,13
75713,0
75714,0
75715,0
75716,0
75717,0
75718,0
75719,4
75720,16
75721,0
75722,0
75723,7
75724,0
75725,0
75726,37
75727,14
75728,0
75729,0
75730,0
75731,0
75732,30
75733,0
75734,27
75735,0
75736,23
75737,0
75738,0
75739,0
75740,0
75741,0
75742,0
75743,0
75744,0
75745,0
75746,0
75747,0
75748,16
75749,24
75750,0
75751,0
75752,44
75753,0
75754,30
75755,0
75756,0
75757,0
75758,0
75759,0
75760,27
75761,0
75762,0
75763,33
75764,0
75765,0
75766,0
75767,40
75768,41
75769,23
75770,0
75771,0
75772,0
75773,0
75774,30
75775,45
75776,0
75777,27
75778,36
75779,0
75780,0
75781,20
75782,0
75783,0
75784,0
75785,0
75786,30
75787,30
75788,0
75789,0
75790,0
75791,0
75792,0
75793,0
75794,0
75795,0
75796,33
75797,0
75798,0
75799,0
75800,0
75801,0
75802,34
75803,33
75804,0
75805,0
75806,37
75807,0
75808,0
75809,0
75810,0
75811,0
75812,0
75813,39
75814,0
75815,0
75816,0
75817,0
75818,0
75819,0
75820,0
75821,0
75822,0
75823,19
75824,27
75825,0
75826,36
75827,0
75828,0
75829,0
75830,0
75831,0
75832,0
75833,0
75834,0
75835,0
75836,30
75837,0
75838,0
75839,0
75840,35
75841,0
75842,32
75843,0
75844,16
75845,0
75846,0
75847,33
75848,0
75849,0
75850,0
75851,0
75852,0
75853,0
75854,0
75855,31
75856,0
75857,0
75858,31
75859,32
75860,0
75861,0
75862,32
75863,0
75864,0
75865,0
75866,0
75867,0
75868,24
75869,0
75870,44
75871,25
75872,0
75873,0
75874,0
75875,32
75876,0
75877,0
75878,0
75879,0
75880,20
75881,32
75882,0
75883,0
75884,0
75885,28
75886,0
75887,0
75888,0
75889,0
75890,0
75891,0
75892,0
75893,0
75894,24
75895,0
75896,0
75897,0
75898,0
75899,0
75900,0
75901,0
75902,0
75903,0
75904,0
75905,39
75906,0
75907,27
75908,0
75909,31
75910,0
75911,0
75912,0
75913,0
75914,0
75915,17
75916,26
75917,22
75918,0
75919,0
75920,0
75921,0
75922,30
75923,0
75924,0
75925,0
75926,0
75927,0
75928,0
75929,16
75930,41
75931,25
75932,28
75933,0
75934,22
75935,28
75936,36
75937,0
75938,0
75939,0
75940,0
75941,0
75942,0
75943,0
75944,0
75945,0
75946,45
75947,27
75948,0
75949,0
75950,0
75951,0
75952,0
75953,0
75954,0
75955,0
75956,0
75957,0
75958,0
75959,0
75960,37
75961,0
75962,0
75963,38
75964,0
75965,0
75966,0
75967,29
75968,0
75969,0
75970,0
75971,0
75972,0
75973,29
75974,31
75975,0
75976,0
75977,0
75978,0
75979,0
75980,0
75981,0
75982,29
75983,30
75984,0
75985,0
75986,0
75987,0
75988,0
75989,0
75990,0
75991,0
75992,0
75993,0
75994,39
75995,24
75996,0
75997,0
75998,0
75999,0
76000,20
76001,40
76002,0
76003,0
76004,0
76005,39
76006,0
76007,0
76008,37
76009,0
76010,0
76011,0
76012,0
76013,0
76014,0
76015,29
76016,44
76017,0
76018,0
76019,0
76020,0
76021,0
76022,0
76023,0
76024,0
76025,0
76026,36
76027,0
76028,0
76029,31
76030,0
76031,0
76032,0
76033,0
76034,0
76035,0
76036,25
76037,0
76038,0
76039,33
76040,0
76041,0
76042,20
76043,0
76044,0
76045,0
76046,23
76047,0
76048,0
76049,0
76050,0
76051,0
76052,0
76053,0
76054,0
76055,0
76056,27
76057,27
76058,0
76059,0
76060,31
76061,0
76062,0
76063,0
76064,0
76065,0
76066,18
76067,0
76068,30
76069,27
76070,0
76071,0
76072,0
76073,0
76074,0
76075,0
76076,47
76077,0
76078,0
76079,41
76080,29
76081,21
76082,0
76083,0
76084,0
76085,0
76086,32
76087,0
76088,28
76089,0
76090,27
76091,0
76092,0
76093,29
76094,0
76095,29
76096,0
76097,0
76098,30
76099,0
76100,0
76101,0
76102,0
76103,0
76104,0
76105,0
76106,0
76107,0
76108,0
76109,0
76110,0
76111,39
76112,0
76113,0
76114,0
76115,0
76116,0
76117,0
76118,0
76119,36
76120,0
76121,0
76122,0
76123,0
76124,0
76125,0
76126,0
76127,0
76128,0
76129,0
76130,0
76131,0
76132,0
76133,0
76134,0
76135,0
76136,0
76137,0
76138,0
76139,0
76140,0
76141,0
76142,0
76143,0
76144,0
76145,0
76146,0
76147,0
76148,0
76149,0
76150,0
76151,0
76152,0
76153,0
76154,0
76155,0
76156,0
76157,0
76158,0
76159,0
76160,0
76161,0
76162,0
76163,0
76164,0
76165,0
76166,0
76167,0
76168,0
76169,0
76170,0
76171,0
76172,0
76173,0
76174,0
76175,0
76176,0
76177,0
76178,0
76179,0
76180,0
76181,0
76182,0
76183,0
76184,0
76185,0
76186,0
76187,0
76188,0
76189,0
76190,0
76191,0
76192,0
76193,0
76194,0
76195,0
76196,0
76197,0
76198,0
76199,0
76200,0
76201,0
76202,0
76203,0
76204,0
76205,0
76206,0
76207,0
76208,0
76209,0
76210,0
76211,0
76212,0
76213,0
76214,0
76215,0
76216,0
76217,0
76218,0
76219,0
76220,0
76221,0
76222,0
76223,0
76224,0
76225,0
76226,0
76227,0
76228,0
76229,0
76230,0
76231,0
76232,0
76233,2
76234,0
76235,0
76236,1
76237,0
76238,0
76239,0
76240,0
76241,0
76242,0
76243,0
76244,0
76245,0
76246,0
76247,0
76248,0
76249,0
76250,0
76251,0
76252,0
76253,0
76254,1
76255,0
76256,0
76257,0
76258,0
76259,0
76260,0
76261,0
76262,0
76263,0
76264,0
76265,0
76266,0
76267,0
76268,0
76269,0
76270,0
76271,0
76272,0
76273,0
76274,0
76275,0
76276,0
76277,0
76278,0
76279,0
76280,0
76281,0
76282,0
76283,0
76284,0
76285,0
76286,0
76287,0
76288,0
76289,1
76290,0
76291,0
76292,0
76293,0
76294,0
76295,0
76296,0
76297,0
76298,0
76299,0
76300,0
76301,0
76302,0
76303,0
76304,0
76305,0
76306,0
76307,0
76308,0
76309,0
76310,0
76311,0
76312,0
76313,0
76314,0
76315,0
76316,0
76317,0
76318,0
76319,0
76320,0
76321,0
76322,0
76323,0
76324,0
76325,0
76326,0
76327,0
76328,0
76329,0
76330,0
76331,0
76332,0
76333,0
76334,0
76335,0
76336,0
76337,0
76338,0
76339,0
76340,0
76341,0
76342,0
76343,0
76344,0
76345,0
76346,0
76347,0
76348,0
76349,0
76350,0
76351,0
76352,0
76353,0
76354,0
76355,0
76356,0
76357,0
76358,0
76359,0
76360,0
76361,0
76362,0
76363,0
76364,0
76365,0
76366,0
76367,0
76368,0
76369,0
76370,0
76371,0
76372,0
76373,0
76374,0
76375,0
76376,0
76377,0
76378,0
76379,5
76380,0
76381,0
76382,0
76383,0
76384,0
76385,0
76386,0
76387,0
76388,0
76389,0
76390,0
76391,0
76392,0
76393,0
76394,0
76395,0
76396,0
76397,0
76398,0
76399,0
76400,5
76401,0
76402,0
76403,0
76404,0
76405,1
76406,0
76407,0
76408,0
76409,0
76410,0
76411,2
76412,5
76413,0
76414,0
76415,0
76416,0
76417,3
76418,0
76419,0
76420,0
76421,0
76422,0
76423,4
76424,0
76425,0
76426,0
76427,0
76428,0
76429,0
76430,0
76431,5
76432,4
76433,0
76434,0
76435,3
76436,0
76437,0
76438,0
76439,0
76440,0
76441,0
76442,0
76443,0
76444,0
76445,0
76446,0
76447,0
76448,0
76449,0
76450,0
76451,0
76452,9
76453,0
76454,0
76455,3
76456,0
76457,0
76458,0
76459,0
76460,0
76461,0
76462,0
76463,0
76464,0
76465,0
76466,0
76467,3
76468,0
76469,0
76470,0
76471,0
76472,5
76473,0
76474,0
76475,0
76476,0
76477,0
76478,0
76479,0
76480,0
76481,0
76482,0
76483,0
76484,0
76485,0
76486,0
76487,0
76488,0
76489,0
76490,0
76491,0
76492,0
76493,0
76494,0
76495,0
76496,0
76497,5
76498,0
76499,0
76500,0
76501,0
76502,0
76503,0
76504,0
76505,0
76506,0
76507,0
76508,2
76509,0
76510,0
76511,0
76512,0
76513,3
76514,0
76515,0
76516,0
76517,0
76518,0
76519,0
76520,3
76521,0
76522,0
76523,0
76524,0
76525,0
76526,0
76527,0
76528,0
76529,0
76530,0
76531,0
76532,0
76533,0
76534,0
76535,0
76536,0
76537,0
76538,0
76539,0
76540,7
76541,0
76542,0
76543,0
76544,0
76545,0
76546,0
76547,0
76548,0
76549,0
76550,4
76551,0
76552,0
76553,0
76554,2
76555,1
76556,0
76557,0
76558,0
76559,0
76560,0
76561,0
76562,0
76563,0
76564,0
76565,0
76566,0
76567,0
76568,3
76569,0
76570,0
76571,0
76572,0
76573,0
76574,0
76575,0
76576,0
76577,1
76578,0
76579,4
76580,0
76581,0
76582,0
76583,0
76584,0
76585,0
76586,0
76587,0
76588,6
76589,0
76590,0
76591,0
76592,0
76593,8
76594,0
76595,0
76596,3
76597,0
76598,0
76599,0
76600,0
76601,0
76602,0
76603,0
76604,0
76605,0
76606,0
76607,0
76608,0
76609,0
76610,0
76611,0
76612,0
76613,0
76614,0
76615,0
76616,0
76617,0
76618,0
76619,0
76620,0
76621,0
76622,0
76623,0
76624,0
76625,0
76626,0
76627,3
76628,0
76629,0
76630,5
76631,0
76632,0
76633,0
76634,0
76635,0
76636,0
76637,0
76638,0
76639,0
76640,5
76641,0
76642,0
76643,0
76644,0
76645,0
76646,0
76647,3
76648,4
76649,0
76650,0
76651,0
76652,0
76653,0
76654,0
76655,0
76656,0
76657,0
76658,0
76659,0
76660,0
76661,0
76662,0
76663,0
76664,0
76665,0
76666,0
76667,0
76668,0
76669,0
76670,4
76671,0
76672,0
76673,0
76674,0
76675,0
76676,0
76677,0
76678,0
76679,0
76680,0
76681,0
76682,0
76683,0
76684,0
76685,0
76686,0
76687,0
76688,2
76689,4
76690,0
76691,0
76692,4
76693,0
76694,0
76695,0
76696,0
76697,0
76698,0
76699,0
76700,5
76701,3
76702,0
76703,0
76704,0
76705,0
76706,0
76707,0
76708,0
76709,2
76710,0
76711,0
76712,0
76713,0
76714,0
76715,0
76716,0
76717,0
76718,0
76719,0
76720,0
76721,0
76722,0
76723,0
76724,0
76725,0
76726,0
76727,0
76728,0
76729,0
76730,0
76731,4
76732,0
76733,0
76734,0
76735,4
76736,0
76737,0
76738,0
76739,0
76740,0
76741,0
76742,0
76743,0
76744,0
76745,4
76746,6
76747,2
76748,6
76749,0
76750,9
76751,0
76752,0
76753,0
76754,1
76755,0
76756,7
76757,0
76758,3
76759,2
76760,0
76761,6
76762,0
76763,0
76764,6
76765,0
76766,0
76767,0
76768,0
76769,0
76770,0
76771,0
76772,0
76773,0
76774,0
76775,0
76776,0
76777,0
76778,0
76779,3
76780,0
76781,0
76782,0
76783,0
76784,0
76785,0
76786,0
76787,0
76788,0
76789,3
76790,0
76791,0
76792,0
76793,0
76794,0
76795,9
76796,0
76797,0
76798,0
76799,0
76800,0
76801,0
76802,0
76803,0
76804,2
76805,0
76806,0
76807,0
76808,0
76809,0
76810,0
76811,0
76812,0
76813,0
76814,0
76815,0
76816,0
76817,0
76818,0
76819,0
76820,0
76821,4
76822,0
76823,0
76824,0
76825,0
76826,0
76827,0
76828,0
76829,0
76830,3
76831,0
76832,1
76833,0
76834,0
76835,0
76836,7
76837,7
76838,0
76839,0
76840,3
76841,0
76842,0
76843,0
76844,0
76845,8
76846,0
76847,0
76848,0
76849,0
76850,0
76851,0
76852,0
76853,0
76854,0
76855,0
76856,0
76857,2
76858,0
76859,0
76860,0
76861,0
76862,2
76863,0
76864,0
76865,0
76866,0
76867,0
76868,0
76869,0
76870,0
76871,0
76872,0
76873,0
76874,0
76875,3
76876,0
76877,0
76878,0
76879,0
76880,0
76881,4
76882,0
76883,0
76884,0
76885,2
76886,0
76887,0
76888,0
76889,4
76890,0
76891,0
76892,0
76893,0
76894,0
76895,0
76896,0
76897,0
76898,0
76899,0
76900,8
76901,0
76902,0
76903,0
76904,0
76905,0
76906,0
76907,0
76908,0
76909,0
76910,2
76911,0
76912,0
76913,0
76914,0
76915,0
76916,4
76917,0
76918,0
76919,8
76920,0
76921,0
76922,0
76923,0
76924,0
76925,0
76926,0
76927,0
76928,5
76929,3
76930,0
76931,0
76932,0
76933,3
76934,0
76935,5
76936,0
76937,0
76938,0
76939,0
76940,0
76941,0
76942,0
76943,0
76944,0
76945,10
76946,0
76947,0
76948,0
76949,0
76950,0
76951,0
76952,0
76953,0
76954,0
76955,0
76956,0
76957,0
76958,0
76959,0
76960,0
76961,0
76962,4
76963,0
76964,0
76965,0
76966,0
76967,0
76968,0
76969,0
76970,4
76971,0
76972,0
76973,0
76974,4
76975,0
76976,0
76977,2
76978,0
76979,0
76980,0
76981,0
76982,5
76983,0
76984,0
76985,0
76986,0
76987,0
76988,0
76989,0
76990,0
76991,0
76992,0
76993,0
76994,0
76995,0
76996,0
76997,0
76998,0
76999,2
77000,0
77001,0
77002,0
77003,0
77004,0
77005,0
77006,1
77007,0
77008,0
77009,0
77010,0
77011,0
77012,0
77013,4
77014,0
77015,5
77016,0
77017,0
77018,0
77019,0
77020,0
77021,0
77022,0
77023,0
77024,0
77025,0
77026,4
77027,0
77028,0
77029,0
77030,0
77031,5
77032,0
77033,0
77034,0
77035,0
77036,0
77037,0
77038,0
77039,0
77040,0
77041,0
77042,0
77043,0
77044,3
77045,0
77046,0
77047,0
77048,0
77049,0
77050,0
77051,0
77052,0
77053,0
77054,0
77055,0
77056,0
77057,0
77058,0
77059,0
77060,0
77061,0
77062,0
77063,4
77064,0
77065,0
77066,0
77067,0
77068,0
77069,0
77070,6
77071,0
77072,0
77073,0
77074,0
77075,0
77076,8
77077,0
77078,4
77079,0
77080,0
77081,0
77082,0
77083,0
77084,0
77085,0
77086,0
77087,0
77088,0
77089,0
77090,0
77091,0
77092,0
77093,0
77094,0
77095,0
77096,0
77097,0
77098,7
77099,0
77100,0
77101,0
77102,0
77103,0
77104,0
77105,0
77106,0
77107,5
77108,0
77109,0
77110,0
77111,0
77112,9
77113,0
77114,0
77115,0
77116,0
77117,0
77118,0
77119,4
77120,0
77121,7
77122,0
77123,0
77124,0
77125,0
77126,0
77127,0
77128,0
77129,9
77130,0
77131,1
77132,0
77133,0
77134,0
77135,0
77136,0
77137,0
77138,0
77139,0
77140,7
77141,0
77142,0
77143,0
77144,0
77145,0
77146,0
77147,0
77148,0
77149,0
77150,0
77151,0
77152,0
77153,0
77154,0
77155,0
77156,5
77157,0
77158,0
77159,0
77160,0
77161,0
77162,0
77163,0
77164,0
77165,0
77166,0
77167,4
77168,0
77169,2
77170,0
77171,0
77172,0
77173,0
77174,0
77175,0
77176,0
77177,0
77178,0
77179,0
77180,0
77181,5
77182,0
77183,0
77184,0
77185,0
77186,0
77187,0
77188,0
77189,0
77190,0
77191,6
77192,0
77193,7
77194,0
77195,5
77196,0
77197,0
77198,0
77199,0
77200,0
77201,0
77202,0
77203,0
77204,0
77205,0
77206,0
77207,0
77208,0
77209,0
77210,0
77211,0
77212,0
77213,0
77214,0
77215,0
77216,0
77217,0
77218,0
77219,0
77220,0
77221,0
77222,0
77223,7
77224,0
77225,0
77226,0
77227,0
77228,0
77229,0
77230,0
77231,0
77232,0
77233,0
77234,8
77235,0
77236,0
77237,0
77238,0
77239,0
77240,0
77241,0
77242,0
77243,0
77244,0
77245,0
77246,0
77247,0
77248,0
77249,0
77250,1
77251,0
77252,0
77253,0
77254,10
77255,0
77256,0
77257,0
77258,0
77259,0
77260,0
77261,0
77262,0
77263,7
77264,0
77265,0
77266,0
77267,0
77268,0
77269,4
77270,0
77271,0
77272,0
77273,0
77274,0
77275,0
77276,0
77277,0
77278,0
77279,0
77280,0
77281,0
77282,0
77283,0
77284,0
77285,0
77286,0
77287,0
77288,0
77289,0
77290,4
77291,0
77292,0
77293,0
77294,7
77295,0
77296,0
77297,0
77298,0
77299,0
77300,0
77301,0
77302,0
77303,4
77304,0
77305,0
77306,5
77307,0
77308,0
77309,0
77310,0
77311,0
77312,0
77313,0
77314,0
77315,0
77316,5
77317,9
77318,0
77319,0
77320,0
77321,0
77322,0
77323,0
77324,0
77325,0
77326,0
77327,0
77328,0
77329,0
77330,0
77331,0
77332,7
77333,0
77334,0
77335,0
77336,0
77337,0
77338,0
77339,0
77340,0
77341,0
77342,0
77343,0
77344,0
77345,0
77346,0
77347,0
77348,4
77349,8
77350,0
77351,0
77352,0
77353,0
77354,0
77355,4
77356,0
77357,0
77358,0
77359,0
77360,0
77361,0
77362,0
77363,3
77364,3
77365,0
77366,0
77367,0
77368,0
77369,0
77370,0
77371,0
77372,0
77373,0
77374,0
77375,0
77376,4
77377,0
77378,0
77379,0
77380,0
77381,0
77382,0
77383,0
77384,13
77385,0
77386,0
77387,0
77388,4
77389,0
77390,0
77391,0
77392,0
77393,0
77394,5
77395,0
77396,0
77397,0
77398,0
77399,0
77400,0
77401,0
77402,0
77403,0
77404,0
77405,0
77406,0
77407,0
77408,0
77409,0
77410,0
77411,5
77412,0
77413,0
77414,0
77415,0
77416,0
77417,0
77418,0
77419,0
77420,0
77421,0
77422,0
77423,0
77424,0
77425,8
77426,5
77427,0
77428,0
77429,0
77430,0
77431,0
77432,0
77433,4
77434,0
77435,0
77436,3
77437,0
77438,0
77439,0
77440,0
77441,4
77442,0
77443,3
77444,0
77445,0
77446,0
77447,0
77448,0
77449,0
77450,0
77451,0
77452,10
77453,0
77454,0
77455,0
77456,0
77457,0
77458,0
77459,0
77460,0
77461,4
77462,0
77463,0
77464,5
77465,0
77466,0
77467,0
77468,6
77469,0
77470,2
77471,4
77472,0
77473,0
77474,0
77475,3
77476,5
77477,0
77478,0
77479,5
77480,0
77481,0
77482,0
77483,0
77484,0
77485,0
77486,0
77487,0
77488,3
77489,0
77490,0
77491,0
77492,0
77493,0
77494,4
77495,0
77496,0
77497,0
77498,0
77499,0
77500,0
77501,0
77502,0
77503,0
77504,0
77505,0
77506,0
77507,0
77508,6
77509,0
77510,0
77511,0
77512,0
77513,0
77514,0
77515,0
77516,0
77517,0
77518,8
77519,8
77520,0
77521,0
77522,0
77523,0
77524,6
77525,0
77526,0
77527,0
77528,0
77529,3
77530,0
77531,0
77532,0
77533,0
77534,3
77535,0
77536,0
77537,0
77538,0
77539,0
77540,0
77541,0
77542,0
77543,0
77544,0
77545,0
77546,0
77547,6
77548,0
77549,0
77550,0
77551,0
77552,0
77553,0
77554,0
77555,6
77556,0
77557,0
77558,0
77559,0
77560,0
77561,0
77562,0
77563,0
77564,8
77565,0
77566,0
77567,0
77568,0
77569,6
77570,0
77571,0
77572,0
77573,0
77574,0
77575,0
77576,0
77577,0
77578,0
77579,0
77580,0
77581,0
77582,0
77583,0
77584,0
77585,0
77586,0
77587,0
77588,0
77589,0
77590,0
77591,0
77592,0
77593,0
77594,0
77595,0
77596,0
77597,0
77598,0
77599,0
77600,0
77601,0
77602,8
77603,0
77604,0
77605,0
77606,0
77607,0
77608,0
77609,0
77610,0
77611,0
77612,0
77613,0
77614,0
77615,0
77616,6
77617,0
77618,0
77619,1
77620,0
77621,0
77622,0
77623,0
77624,0
77625,0
77626,0
77627,0
77628,0
77629,0
77630,0
77631,0
77632,0
77633,0
77634,0
77635,0
77636,0
77637,0
77638,0
77639,7
77640,0
77641,12
77642,7
77643,0
77644,7
77645,0
77646,0
77647,0
77648,0
77649,0
77650,0
77651,0
77652,0
77653,0
77654,0
77655,0
77656,0
77657,0
77658,0
77659,0
77660,0
77661,0
77662,0
77663,0
77664,0
77665,0
77666,0
77667,0
77668,3
77669,0
77670,0
77671,0
77672,6
77673,0
77674,0
77675,0
77676,0
77677,9
77678,0
77679,0
77680,0
77681,0
77682,0
77683,0
77684,0
77685,34
77686,0
77687,43
77688,0
77689,0
77690,0
77691,0
77692,0
77693,54
77694,0
77695,46
77696,0
77697,0
77698,0
77699,0
77700,0
77701,0
77702,0
77703,0
77704,0
77705,0
77706,0
77707,0
77708,0
77709,0
77710,0
77711,0
77712,0
77713,0
77714,0
77715,0
77716,35
77717,38
77718,0
77719,36
77720,0
77721,40
77722,0
77723,26
77724,0
77725,0
77726,0
77727,0
77728,0
77729,0
77730,24
77731,23
77732,0
77733,0
77734,0
77735,0
77736,0
77737,0
77738,0
77739,0
77740,31
77741,0
77742,0
77743,0
77744,0
77745,0
77746,0
77747,0
77748,0
77749,0
77750,0
77751,0
77752,0
77753,0
77754,0
77755,41
77756,0
77757,0
77758,0
77759,0
77760,0
77761,0
77762,0
77763,0
77764,0
77765,0
77766,0
77767,0
77768,0
77769,0
77770,0
77771,0
77772,0
77773,0
77774,0
77775,0
77776,0
77777,0
77778,0
77779,0
77780,0
77781,0
77782,49
77783,0
77784,44
77785,0
77786,0
77787,0
77788,0
77789,0
77790,0
77791,0
77792,0
77793,0
77794,0
77795,0
77796,0
77797,0
77798,0
77799,0
77800,0
77801,35
77802,0
77803,27
77804,0
77805,0
77806,0
77807,0
77808,0
77809,0
77810,0
77811,0
77812,0
77813,0
77814,0
77815,0
77816,0
77817,0
77818,0
77819,0
77820,0
77821,0
77822,0
77823,0
77824,0
77825,0
77826,0
77827,0
77828,0
77829,26
77830,0
77831,0
77832,0
77833,0
77834,0
77835,0
77836,0
77837,0
77838,0
77839,0
77840,0
77841,0
77842,0
77843,0
77844,0
77845,0
77846,0
77847,0
77848,0
77849,0
77850,0
77851,0
77852,0
77853,0
77854,0
77855,0
77856,0
77857,41
77858,0
77859,0
77860,0
77861,0
77862,0
77863,0
77864,0
77865,0
77866,0
77867,27
77868,0
77869,0
77870,0
77871,0
77872,0
77873,0
77874,0
77875,0
77876,23
77877,0
77878,0
77879,0
77880,0
77881,0
77882,0
77883,31
77884,0
77885,0
77886,0
77887,0
77888,0
77889,30
77890,33
77891,0
77892,0
77893,0
77894,25
77895,0
77896,0
77897,0
77898,0
77899,0
77900,0
77901,0
77902,0
77903,0
77904,0
77905,37
77906,0
77907,0
77908,0
77909,0
77910,0
77911,0
77912,0
77913,35
77914,0
77915,0
77916,0
77917,0
77918,0
77919,0
77920,0
77921,0
77922,0
77923,0
77924,0
77925,34
77926,0
77927,0
77928,0
77929,0
77930,0
77931,0
77932,0
77933,0
77934,30
77935,0
77936,0
77937,0
77938,0
77939,0
77940,38
77941,0
77942,0
77943,0
77944,0
77945,0
77946,0
77947,0
77948,0
77949,0
77950,44
77951,0
77952,0
77953,18
77954,0
77955,0
77956,0
77957,0
77958,0
77959,0
77960,0
77961,0
77962,0
77963,0
77964,0
77965,0
77966,0
77967,0
77968,0
77969,0
77970,0
77971,0
77972,0
77973,0
77974,0
77975,0
77976,0
77977,0
77978,0
77979,0
77980,0
77981,0
77982,0
77983,0
77984,0
77985,0
77986,0
77987,0
77988,0
77989,0
77990,0
77991,0
77992,0
77993,0
77994,0
77995,0
77996,0
77997,0
77998,0
77999,31
78000,0
78001,0
78002,0
78003,0
78004,0
78005,34
78006,0
78007,0
78008,0
78009,0
78010,0
78011,0
78012,0
78013,27
78014,0
78015,0
78016,0
78017,0
78018,0
78019,0
78020,0
78021,0
78022,0
78023,35
78024,0
78025,0
78026,22
78027,0
78028,0
78029,34
78030,0
78031,0
78032,0
78033,0
78034,0
78035,20
78036,0
78037,0
78038,44
78039,0
78040,0
78041,0
78042,44
78043,0
78044,0
78045,0
78046,0
78047,0
78048,0
78049,0
78050,0
78051,0
78052,0
78053,0
78054,0
78055,0
78056,0
78057,0
78058,0
78059,0
78060,0
78061,0
78062,0
78063,0
78064,0
78065,0
78066,0
78067,45
78068,28
78069,0
78070,0
78071,0
78072,0
78073,0
78074,0
78075,0
78076,0
78077,0
78078,0
78079,0
78080,0
78081,0
78082,0
78083,0
78084,0
78085,0
78086,0
78087,0
78088,0
78089,0
78090,0
78091,0
78092,0
78093,22
78094,0
78095,0
78096,0
78097,0
78098,0
78099,0
78100,0
78101,0
78102,0
78103,0
78104,8
78105,0
78106,0
78107,0
78108,0
78109,0
78110,0
78111,0
78112,0
78113,0
78114,0
78115,0
78116,0
78117,10
78118,0
78119,0
78120,18
78121,0
78122,0
78123,0
78124,0
78125,0
78126,0
78127,9
78128,0
78129,0
78130,18
78131,0
78132,0
78133,0
78134,0
78135,0
78136,0
78137,0
78138,0
78139,0
78140,0
78141,13
78142,0
78143,0
78144,0
78145,0
78146,0
78147,0
78148,0
78149,0
78150,0
78151,0
78152,0
78153,0
78154,0
78155,0
78156,0
78157,0
78158,15
78159,0
78160,0
78161,0
78162,0
78163,0
78164,0
78165,0
78166,0
78167,0
78168,0
78169,0
78170,0
78171,14
78172,0
78173,0
78174,0
78175,0
78176,0
78177,0
78178,0
78179,0
78180,0
78181,0
78182,0
78183,0
78184,0
78185,0
78186,0
78187,0
78188,0
78189,0
78190,0
78191,0
78192,0
78193,0
78194,0
78195,0
78196,0
78197,0
78198,0
78199,0
78200,0
78201,0
78202,0
78203,0
78204,0
78205,0
78206,0
78207,0
78208,0
78209,0
78210,0
78211,0
78212,0
78213,0
78214,0
78215,0
78216,0
78217,0
78218,0
78219,0
78220,0
78221,0
78222,0
78223,0
78224,0
78225,0
78226,0
78227,0
78228,0
78229,0
78230,0
78231,0
78232,0
78233,0
78234,0
78235,0
78236,0
78237,0
78238,0
78239,0
78240,0
78241,0
78242,0
78243,0
78244,0
78245,0
78246,0
78247,0
78248,0
78249,0
78250,0
78251,0
78252,0
78253,0
78254,0
78255,0
78256,0
78257,0
78258,0
78259,0
78260,0
78261,0
78262,0
78263,0
78264,0
78265,0
78266,0
78267,0
78268,0
78269,0
78270,0
78271,0
78272,0
78273,0
78274,0
78275,0
78276,0
78277,0
78278,0
78279,0
78280,0
78281,0
78282,0
78283,0
78284,0
78285,0
78286,0
78287,0
78288,0
78289,0
78290,0
78291,0
78292,0
78293,0
78294,0
78295,0
78296,0
78297,0
78298,0
78299,0
78300,0
78301,0
78302,0
78303,0
78304,0
78305,0
78306,0
78307,0
78308,0
78309,0
78310,0
78311,0
78312,0
78313,0
78314,0
78315,0
78316,0
78317,0
78318,0
78319,0
78320,0
78321,0
78322,0
78323,0
78324,0
78325,0
78326,0
78327,0
78328,0
78329,0
78330,0
78331,0
78332,0
78333,0
78334,0
78335,0
78336,0
78337,0
78338,0
78339,0
78340,0
78341,0
78342,0
78343,0
78344,0
78345,0
78346,0
78347,0
78348,0
78349,0
78350,0
78351,0
78352,0
78353,0
78354,0
78355,0
78356,0
78357,0
78358,0
78359,0
78360,0
78361,0
78362,0
78363,0
78364,0
78365,0
78366,0
78367,0
78368,0
78369,0
78370,0
78371,0
78372,0
78373,0
78374,0
78375,0
78376,0
78377,0
78378,0
78379,0
78380,1
78381,0
78382,0
78383,0
78384,0
78385,0
78386,0
78387,0
78388,0
78389,1
78390,0
78391,0
78392,0
78393,0
78394,0
78395,0
78396,0
78397,0
78398,0
78399,0
78400,0
78401,0
78402,0
78403,0
78404,0
78405,0
78406,0
78407,0
78408,0
78409,0
78410,0
78411,0
78412,0
78413,0
78414,0
78415,0
78416,0
78417,0
78418,0
78419,0
78420,0
78421,0
78422,0
78423,0
78424,0
78425,0
78426,0
78427,0
78428,0
78429,0
78430,0
78431,0
78432,0
78433,0
78434,0
78435,0
78436,0
78437,0
78438,0
78439,1
78440,0
78441,0
78442,0
78443,0
78444,0
78445,0
78446,0
78447,0
78448,0
78449,0
78450,0
78451,0
78452,0
78453,0
78454,0
78455,0
78456,0
78457,0
78458,0
78459,0
78460,0
78461,0
78462,0
78463,0
78464,0
78465,0
78466,0
78467,0
78468,0
78469,0
78470,0
78471,0
78472,0
78473,0
78474,0
78475,0
78476,0
78477,0
78478,0
78479,0
78480,0
78481,0
78482,0
78483,0
78484,0
78485,0
78486,0
78487,0
78488,0
78489,0
78490,0
78491,0
78492,0
78493,0
78494,0
78495,0
78496,0
78497,0
78498,0
78499,0
78500,0
78501,0
78502,0
78503,0
78504,0
78505,0
78506,0
78507,0
78508,0
78509,0
78510,0
78511,0
78512,0
78513,0
78514,0
78515,0
78516,0
78517,0
78518,0
78519,0
78520,0
78521,0
78522,0
78523,0
78524,0
78525,0
78526,0
78527,0
78528,0
78529,0
78530,0
78531,0
78532,0
78533,0
78534,0
78535,0
78536,0
78537,0
78538,0
78539,0
78540,0
78541,0
78542,0
78543,0
78544,0
78545,0
78546,0
78547,0
78548,0
78549,0
78550,0
78551,0
78552,0
78553,0
78554,0
78555,0
78556,0
78557,0
78558,0
78559,0
78560,0
78561,0
78562,0
78563,0
78564,0
78565,0
78566,0
78567,0
78568,0
78569,0
78570,0
78571,0
78572,0
78573,0
78574,0
78575,0
78576,0
78577,0
78578,0
78579,0
78580,0
78581,0
78582,0
78583,0
78584,0
78585,0
78586,0
78587,0
78588,0
78589,0
78590,0
78591,0
78592,0
78593,0
78594,0
78595,0
78596,0
78597,0
78598,0
78599,0
78600,0
78601,0
78602,0
78603,0
78604,0
78605,0
78606,0
78607,0
78608,0
78609,0
78610,0
78611,0
78612,1
78613,0
78614,0
78615,0
78616,0
78617,0
78618,0
78619,0
78620,0
78621,0
78622,0
78623,0
78624,0
78625,0
78626,0
78627,0
78628,0
78629,0
78630,0
78631,0
78632,0
78633,0
78634,0
78635,0
78636,0
78637,0
78638,0
78639,0
78640,0
78641,0
78642,0
78643,0
78644,0
78645,0
78646,0
78647,0
78648,0
78649,0
78650,0
78651,0
78652,0
78653,0
78654,0
78655,0
78656,0
78657,0
78658,0
78659,0
78660,0
78661,0
78662,0
78663,0
78664,0
78665,0
78666,0
78667,0
78668,0
78669,0
78670,0
78671,0
78672,0
78673,0
78674,0
78675,0
78676,0
78677,0
78678,0
78679,0
78680,0
78681,0
78682,0
78683,0
78684,0
78685,0
78686,0
78687,0
78688,0
78689,0
78690,0
78691,0
78692,0
78693,0
78694,0
78695,0
78696,0
78697,0
78698,0
78699,0
78700,0
78701,0
78702,0
78703,0
78704,0
78705,0
78706,0
78707,0
78708,0
78709,0
78710,0
78711,0
78712,0
78713,0
78714,0
78715,0
78716,0
78717,0
78718,0
78719,0
78720,0
78721,0
78722,0
78723,0
78724,0
78725,0
78726,0
78727,0
78728,0
78729,0
78730,0
78731,0
78732,0
78733,0
78734,0
78735,0
78736,0
78737,0
78738,0
78739,1
78740,0
78741,0
78742,0
78743,0
78744,0
78745,0
78746,0
78747,0
78748,0
78749,0
78750,0
78751,0
78752,0
78753,0
78754,0
78755,0
78756,0
78757,0
78758,0
78759,0
78760,0
78761,0
78762,0
78763,0
78764,0
78765,0
78766,1
78767,0
78768,0
78769,0
78770,0
78771,0
78772,0
78773,0
78774,0
78775,0
78776,0
78777,0
78778,0
78779,0
78780,0
78781,0
78782,0
78783,0
78784,0
78785,0
78786,0
78787,0
78788,0
78789,0
78790,0
78791,0
78792,0
78793,0
78794,0
78795,0
78796,0
78797,0
78798,0
78799,0
78800,0
78801,0
78802,0
78803,0
78804,0
78805,0
78806,0
78807,0
78808,0
78809,0
78810,0
78811,0
78812,0
78813,0
78814,0
78815,0
78816,0
78817,0
78818,0
78819,0
78820,0
78821,0
78822,0
78823,0
78824,0
78825,0
78826,0
78827,0
78828,0
78829,0
78830,0
78831,0
78832,0
78833,0
78834,0
78835,0
78836,0
78837,0
78838,0
78839,0
78840,0
78841,0
78842,0
78843,0
78844,0
78845,0
78846,0
78847,0
78848,0
78849,0
78850,0
78851,0
78852,0
78853,0
78854,0
78855,0
78856,0
78857,0
78858,0
78859,0
78860,0
78861,0
78862,0
78863,0
78864,0
78865,0
78866,0
78867,0
78868,0
78869,0
78870,0
78871,0
78872,0
78873,0
78874,0
78875,0
78876,0
78877,0
78878,0
78879,0
78880,0
78881,0
78882,0
78883,0
78884,0
78885,0
78886,0
78887,0
78888,0
78889,0
78890,0
78891,0
78892,0
78893,0
78894,0
78895,0
78896,0
78897,0
78898,0
78899,0
78900,0
78901,0
78902,0
78903,0
78904,0
78905,0
78906,0
78907,0
78908,0
78909,0
78910,0
78911,0
78912,0
78913,0
78914,0
78915,0
78916,0
78917,0
78918,0
78919,0
78920,0
78921,0
78922,0
78923,0
78924,0
78925,0
78926,0
78927,0
78928,0
78929,0
78930,0
78931,0
78932,0
78933,0
78934,0
78935,0
78936,0
78937,0
78938,0
78939,0
78940,0
78941,0
78942,0
78943,0
78944,0
78945,0
78946,0
78947,0
78948,0
78949,0
78950,0
78951,0
78952,0
78953,0
78954,0
78955,0
78956,0
78957,0
78958,0
78959,1
78960,0
78961,0
78962,0
78963,0
78964,0
78965,0
78966,0
78967,0
78968,0
78969,0
78970,0
78971,0
78972,0
78973,0
78974,0
78975,0
78976,0
78977,0
78978,0
78979,0
78980,0
78981,0
78982,0
78983,0
78984,0
78985,0
78986,0
78987,0
78988,0
78989,0
78990,0
78991,0
78992,0
78993,0
78994,0
78995,0
78996,0
78997,0
78998,0
78999,0
79000,0
79001,0
79002,0
79003,0
79004,0
79005,0
79006,0
79007,0
79008,0
79009,0
79010,0
79011,0
79012,0
79013,1
79014,0
79015,0
79016,0
79017,0
79018,0
79019,0
79020,0
79021,0
79022,0
79023,0
79024,0
79025,0
79026,0
79027,0
79028,0
79029,0
79030,0
79031,0
79032,0
79033,0
79034,0
79035,0
79036,0
79037,0
79038,0
79039,0
79040,0
79041,0
79042,0
79043,0
79044,0
79045,0
79046,0
79047,0
79048,0
79049,0
79050,1
79051,0
79052,0
79053,0
79054,0
79055,0
79056,0
79057,0
79058,0
79059,0
79060,0
79061,0
79062,0
79063,0
79064,0
79065,0
79066,0
79067,0
79068,0
79069,0
79070,0
79071,0
79072,0
79073,0
79074,0
79075,0
79076,0
79077,0
79078,0
79079,0
79080,0
79081,0
79082,0
79083,0
79084,0
79085,0
79086,0
79087,0
79088,0
79089,0
79090,0
79091,0
79092,0
79093,0
79094,0
79095,0
79096,0
79097,0
79098,0
79099,0
79100,0
79101,0
79102,0
79103,0
79104,0
79105,0
79106,0
79107,0
79108,0
79109,0
79110,0
79111,0
79112,0
79113,0
79114,0
79115,0
79116,0
79117,0
79118,0
79119,0
79120,0
79121,0
79122,0
79123,0
79124,0
79125,0
79126,0
79127,0
79128,0
79129,0
79130,0
79131,0
79132,0
79133,0
79134,0
79135,0
79136,0
79137,0
79138,0
79139,0
79140,0
79141,0
79142,0
79143,0
79144,0
79145,0
79146,0
79147,0
79148,0
79149,0
79150,0
79151,0
79152,0
79153,0
79154,0
79155,0
79156,0
79157,1
79158,0
79159,0
79160,0
79161,0
79162,0
79163,0
79164,0
79165,0
79166,0
79167,0
79168,0
79169,0
79170,0
79171,0
79172,0
79173,0
79174,0
79175,0
79176,0
79177,0
79178,0
79179,0
79180,0
79181,0
79182,0
79183,0
79184,0
79185,0
79186,0
79187,0
79188,0
79189,0
79190,0
79191,0
79192,0
79193,0
79194,0
79195,0
79196,0
79197,0
79198,0
79199,0
79200,0
79201,0
79202,0
79203,0
79204,0
79205,0
79206,0
79207,0
79208,0
79209,0
79210,0
79211,0
79212,0
79213,0
79214,0
79215,0
79216,0
79217,0
79218,0
79219,0
79220,0
79221,0
79222,0
79223,0
79224,0
79225,0
79226,0
79227,0
79228,0
79229,0
79230,0
79231,0
79232,0
79233,0
79234,0
79235,0
79236,0
79237,0
79238,0
79239,0
79240,0
79241,0
79242,0
79243,0
79244,0
79245,0
79246,0
79247,0
79248,0
79249,0
79250,0
79251,0
79252,0
79253,0
79254,0
79255,0
79256,0
79257,0
79258,0
79259,0
79260,0
79261,0
79262,0
79263,0
79264,0
79265,0
79266,0
79267,0
79268,0
79269,0
79270,0
79271,0
79272,0
79273,0
79274,0
79275,0
79276,0
79277,0
79278,0
79279,0
79280,0
79281,0
79282,0
79283,0
79284,0
79285,0
79286,0
79287,0
79288,0
79289,0
79290,0
79291,0
79292,0
79293,0
79294,0
79295,0
79296,0
79297,0
79298,0
79299,0
79300,0
79301,0
79302,0
79303,0
79304,0
79305,0
79306,0
79307,0
79308,0
79309,0
79310,0
79311,0
79312,0
79313,0
79314,0
79315,0
79316,0
79317,0
79318,0
79319,0
79320,0
79321,0
79322,0
79323,0
79324,0
79325,0
79326,0
79327,0
79328,0
79329,0
79330,0
79331,0
79332,0
79333,0
79334,0
79335,0
79336,0
79337,0
79338,0
79339,0
79340,0
79341,0
79342,0
79343,0
79344,0
79345,0
79346,0
79347,0
79348,0
79349,0
79350,0
79351,0
79352,0
79353,0
79354,0
79355,0
79356,0
79357,0
79358,0
79359,0
79360,0
79361,0
79362,0
79363,0
79364,0
79365,0
79366,0
79367,0
79368,0
79369,0
79370,0
79371,0
79372,0
79373,0
79374,0
79375,0
79376,0
79377,0
79378,0
79379,0
79380,0
79381,0
79382,0
79383,0
79384,0
79385,0
79386,0
79387,0
79388,0
79389,0
79390,0
79391,0
79392,0
79393,0
79394,0
79395,0
79396,0
79397,0
79398,0
79399,0
79400,0
79401,0
79402,0
79403,0
79404,0
79405,0
79406,0
79407,0
79408,0
79409,0
79410,0
79411,0
79412,0
79413,0
79414,0
79415,0
79416,0
79417,0
79418,0
79419,0
79420,0
79421,0
79422,0
79423,0
79424,0
79425,0
79426,0
79427,0
79428,0
79429,0
79430,0
79431,0
79432,0
79433,0
79434,0
79435,0
79436,0
79437,0
79438,0
79439,0
79440,0
79441,0
79442,0
79443,0
79444,0
79445,0
79446,0
79447,0
79448,0
79449,0
79450,0
79451,0
79452,0
79453,0
79454,0
79455,0
79456,0
79457,0
79458,0
79459,0
79460,0
79461,0
79462,0
79463,0
79464,0
79465,1
79466,1
79467,0
79468,0
79469,0
79470,0
79471,0
79472,0
79473,0
79474,0
79475,0
79476,0
79477,0
79478,0
79479,0
79480,0
79481,0
79482,0
79483,0
79484,0
79485,0
79486,0
79487,0
79488,0
79489,0
79490,0
79491,0
79492,0
79493,0
79494,0
79495,0
79496,0
79497,0
79498,0
79499,0
79500,0
79501,0
79502,0
79503,0
79504,0
79505,0
79506,0
79507,0
79508,0
79509,0
79510,0
79511,0
79512,0
79513,0
79514,0
79515,0
79516,0
79517,0
79518,0
79519,0
79520,0
79521,0
79522,0
79523,0
79524,0
79525,0
79526,0
79527,0
79528,0
79529,0
79530,0
79531,0
79532,0
79533,0
79534,0
79535,0
79536,0
79537,0
79538,0
79539,0
79540,0
79541,0
79542,0
79543,0
79544,0
79545,0
79546,0
79547,0
79548,0
79549,0
79550,0
79551,0
79552,0
79553,0
79554,0
79555,0
79556,0
79557,0
79558,0
79559,0
79560,0
79561,0
79562,0
79563,0
79564,0
79565,0
79566,0
79567,0
79568,0
79569,0
79570,0
79571,0
79572,0
79573,0
79574,0
79575,0
79576,0
79577,0
79578,0
79579,0
79580,0
79581,0
79582,0
79583,0
79584,0
79585,0
79586,0
79587,0
79588,0
79589,0
79590,0
79591,0
79592,0
79593,0
79594,0
79595,0
79596,0
79597,0
79598,0
79599,0
79600,0
79601,0
79602,0
79603,0
79604,0
79605,0
79606,0
79607,0
79608,0
79609,0
79610,0
79611,0
79612,0
79613,1
79614,0
79615,0
79616,0
79617,0
79618,0
79619,0
79620,0
79621,0
79622,0
79623,0
79624,0
79625,0
79626,0
79627,0
79628,0
79629,0
79630,0
79631,0
79632,0
79633,0
79634,0
79635,0
79636,0
79637,0
79638,0
79639,0
79640,0
79641,0
79642,0
79643,0
79644,0
79645,0
79646,0
79647,0
79648,0
79649,0
79650,0
79651,0
79652,0
79653,0
79654,0
79655,0
79656,0
79657,0
79658,0
79659,0
79660,0
79661,0
79662,0
79663,0
79664,0
79665,0
79666,0
79667,0
79668,0
79669,0
79670,0
79671,0
79672,0
79673,0
79674,0
79675,0
79676,0
79677,0
79678,0
79679,0
79680,0
79681,0
79682,0
79683,0
79684,0
79685,0
79686,0
79687,0
79688,0
79689,0
79690,0
79691,0
79692,0
79693,0
79694,0
79695,0
79696,0
79697,0
79698,0
79699,0
79700,0
79701,0
79702,0
79703,0
79704,0
79705,0
79706,0
79707,0
79708,0
79709,0
79710,0
79711,0
79712,0
79713,0
79714,0
79715,0
79716,0
79717,0
79718,0
79719,0
79720,0
79721,0
79722,0
79723,0
79724,0
79725,0
79726,0
79727,0
79728,0
79729,0
79730,0
79731,0
79732,0
79733,0
79734,0
79735,0
79736,0
79737,0
79738,0
79739,0
79740,0
79741,0
79742,0
79743,0
79744,0
79745,0
79746,0
79747,0
79748,0
79749,0
79750,0
79751,0
79752,0
79753,0
79754,0
79755,0
79756,0
79757,0
79758,0
79759,0
79760,0
79761,0
79762,0
79763,0
79764,0
79765,0
79766,0
79767,0
79768,0
79769,0
79770,0
79771,0
79772,0
79773,0
79774,0
79775,0
79776,0
79777,0
79778,0
79779,0
79780,0
79781,0
79782,0
79783,0
79784,0
79785,0
79786,0
79787,0
79788,0
79789,0
79790,0
79791,0
79792,0
79793,0
79794,0
79795,0
79796,0
79797,0
79798,0
79799,0
79800,0
79801,0
79802,0
79803,0
79804,0
79805,0
79806,0
79807,0
79808,0
79809,0
79810,0
79811,0
79812,0
79813,0
79814,0
79815,0
79816,0
79817,0
79818,0
79819,0
79820,0
79821,0
79822,0
79823,0
79824,0
79825,0
79826,0
79827,0
79828,0
79829,0
79830,0
79831,0
79832,0
79833,0
79834,0
79835,0
79836,0
79837,0
79838,0
79839,0
79840,0
79841,0
79842,0
79843,0
79844,0
79845,0
79846,0
79847,0
79848,0
79849,0
79850,0
79851,0
79852,0
79853,0
79854,0
79855,0
79856,0
79857,0
79858,0
79859,0
79860,0
79861,0
79862,0
79863,0
79864,0
79865,0
79866,0
79867,0
79868,0
79869,0
79870,0
79871,0
79872,0
79873,0
79874,0
79875,0
79876,0
79877,0
79878,0
79879,0
79880,0
79881,0
79882,0
79883,0
79884,0
79885,0
79886,0
79887,0
79888,0
79889,0
79890,0
79891,0
79892,0
79893,0
79894,0
79895,0
79896,0
79897,0
79898,0
79899,0
79900,0
79901,0
79902,0
79903,0
79904,0
79905,0
79906,0
79907,0
79908,0
79909,0
79910,0
79911,0
79912,0
79913,0
79914,0
79915,0
79916,0
79917,0
79918,0
79919,0
79920,0
79921,0
79922,0
79923,0
79924,0
79925,0
79926,0
79927,0
79928,0
79929,0
79930,0
79931,0
79932,0
79933,0
79934,0
79935,0
79936,0
79937,0
79938,0
79939,0
79940,0
79941,0
79942,0
79943,0
79944,0
79945,0
79946,0
79947,0
79948,0
79949,0
79950,0
79951,0
79952,0
79953,0
79954,0
79955,0
79956,0
79957,0
79958,0
79959,0
79960,0
79961,0
79962,0
79963,0
79964,0
79965,0
79966,0
79967,0
79968,0
79969,0
79970,0
79971,0
79972,0
79973,0
79974,0
79975,0
79976,0
79977,0
79978,0
79979,0
79980,0
79981,0
79982,0
79983,0
79984,0
79985,0
79986,0
79987,0
79988,0
79989,0
79990,0
79991,0
79992,0
79993,0
79994,0
79995,0
79996,0
79997,0
79998,0
79999,0
80000,0
80001,0
80002,0
80003,0
80004,0
80005,0
80006,0
80007,0
80008,0
80009,0
80010,0
80011,0
80012,0
80013,0
80014,0
80015,0
80016,0
80017,0
80018,0
80019,0
80020,0
80021,0
80022,0
80023,0
80024,0
80025,0
80026,0
80027,0
80028,0
80029,0
80030,0
80031,0
80032,0
80033,0
80034,0
80035,0
80036,0
80037,0
80038,0
80039,0
80040,0
80041,0
80042,0
80043,0
80044,0
80045,0
80046,0
80047,0
80048,0
80049,0
80050,0
80051,0
80052,0
80053,0
80054,0
80055,0
80056,0
80057,0
80058,0
80059,0
80060,0
80061,0
80062,0
80063,0
80064,0
80065,0
80066,0
80067,0
80068,0
80069,0
80070,0
80071,0
80072,0
80073,0
80074,0
80075,0
80076,0
80077,0
80078,0
80079,0
80080,0
80081,0
80082,0
80083,0
80084,0
80085,0
80086,0
80087,0
80088,0
80089,0
80090,0
80091,0
80092,0
80093,0
80094,0
80095,0
80096,0
80097,0
80098,0
80099,0
80100,0
80101,0
80102,0
80103,0
80104,0
80105,0
80106,0
80107,0
80108,0
80109,0
80110,0
80111,0
80112,0
80113,0
80114,0
80115,0
80116,0
80117,0
80118,0
80119,0
80120,0
80121,0
80122,0
80123,0
80124,0
80125,0
80126,0
80127,0
80128,0
80129,0
80130,0
80131,0
80132,0
80133,0
80134,0
80135,0
80136,0
80137,0
80138,0
80139,0
80140,0
80141,0
80142,0
80143,0
80144,0
80145,0
80146,0
80147,0
80148,0
80149,0
80150,0
80151,0
80152,0
80153,0
80154,0
80155,0
80156,0
80157,0
80158,0
80159,0
80160,0
80161,0
80162,0
80163,0
80164,0
80165,0
80166,0
80167,0
80168,0
80169,0
80170,0
80171,0
80172,0
80173,0
80174,0
80175,0
80176,0
80177,0
80178,0
80179,0
80180,0
80181,0
80182,0
80183,0
80184,0
80185,0
80186,0
80187,0
80188,0
80189,0
80190,0
80191,0
80192,0
80193,0
80194,0
80195,0
80196,0
80197,0
80198,0
80199,0
80200,0
80201,0
80202,0
80203,0
80204,0
80205,0
80206,0
80207,0
80208,0
80209,0
80210,0
80211,0
80212,0
80213,0
80214,0
80215,0
80216,0
80217,0
80218,0
80219,0
80220,0
80221,0
80222,0
80223,0
80224,0
80225,0
80226,0
80227,0
80228,0
80229,0
80230,0
80231,0
80232,0
80233,0
80234,0
80235,0
80236,0
80237,0
80238,0
80239,0
80240,0
80241,0
80242,0
80243,0
80244,0
80245,0
80246,0
80247,0
80248,0
80249,0
80250,0
80251,0
80252,0
80253,0
80254,0
80255,0
80256,0
80257,0
80258,0
80259,0
80260,0
80261,0
80262,0
80263,0
80264,0
80265,0
80266,0
80267,0
80268,0
80269,0
80270,0
80271,0
80272,0
80273,0
80274,0
80275,0
80276,0
80277,0
80278,0
80279,0
80280,0
80281,0
80282,0
80283,0
80284,0
80285,0
80286,0
80287,0
80288,0
80289,0
80290,0
80291,0
80292,0
80293,0
80294,0
80295,0
80296,0
80297,0
80298,0
80299,0
80300,0
80301,0
80302,0
80303,0
80304,0
80305,0
80306,0
80307,0
80308,0
80309,0
80310,0
80311,0
80312,0
80313,0
80314,0
80315,0
80316,0
80317,0
80318,0
80319,0
80320,0
80321,0
80322,0
80323,0
80324,1
80325,0
80326,0
80327,0
80328,0
80329,0
80330,0
80331,0
80332,1
80333,0
80334,0
80335,0
80336,0
80337,0
80338,0
80339,0
80340,0
80341,0
80342,0
80343,0
80344,0
80345,0
80346,0
80347,0
80348,0
80349,0
80350,0
80351,0
80352,0
80353,0
80354,0
80355,0
80356,0
80357,0
80358,0
80359,0
80360,0
80361,0
80362,0
80363,0
80364,0
80365,0
80366,0
80367,0
80368,0
80369,0
80370,0
80371,0
80372,0
80373,0
80374,0
80375,0
80376,0
80377,0
80378,0
80379,0
80380,0
80381,0
80382,0
80383,0
80384,0
80385,0
80386,0
80387,0
80388,0
80389,0
80390,0
80391,0
80392,0
80393,0
80394,0
80395,0
80396,0
80397,0
80398,0
80399,0
80400,0
80401,0
80402,0
80403,0
80404,0
80405,0
80406,0
80407,0
80408,0
80409,0
80410,0
80411,0
80412,0
80413,0
80414,0
80415,0
80416,0
80417,0
80418,0
80419,0
80420,0
80421,0
80422,0
80423,0
80424,0
80425,0
80426,0
80427,0
80428,0
80429,0
80430,0
80431,0
80432,0
80433,0
80434,0
80435,0
80436,0
80437,0
80438,0
80439,0
80440,0
80441,0
80442,0
80443,0
80444,0
80445,0
80446,0
80447,0
80448,0
80449,0
80450,0
80451,0
80452,0
80453,0
80454,0
80455,0
80456,0
80457,0
80458,0
80459,0
80460,0
80461,0
80462,0
80463,0
80464,0
80465,0
80466,0
80467,0
80468,0
80469,0
80470,0
80471,0
80472,0
80473,0
80474,0
80475,0
80476,1
80477,0
80478,0
80479,0
80480,0
80481,0
80482,0
80483,0
80484,0
80485,0
80486,0
80487,0
80488,0
80489,0
80490,0
80491,0
80492,0
80493,0
80494,0
80495,0
80496,0
80497,0
80498,0
80499,0
80500,0
80501,0
80502,0
80503,0
80504,0
80505,0
80506,0
80507,0
80508,0
80509,0
80510,0
80511,0
80512,0
80513,0
80514,0
80515,0
80516,0
80517,0
80518,0
80519,0
80520,0
80521,0
80522,0
80523,0
80524,0
80525,0
80526,0
80527,0
80528,0
80529,0
80530,0
80531,0
80532,0
80533,0
80534,0
80535,0
80536,0
80537,0
80538,0
80539,0
80540,0
80541,0
80542,0
80543,0
80544,0
80545,0
80546,0
80547,0
80548,0
80549,0
80550,0
80551,0
80552,0
80553,0
80554,0
80555,0
80556,0
80557,0
80558,0
80559,0
80560,0
80561,0
80562,0
80563,0
80564,0
80565,0
80566,0
80567,0
80568,0
80569,0
80570,0
80571,0
80572,0
80573,0
80574,0
80575,0
80576,0
80577,0
80578,0
80579,0
80580,0
80581,0
80582,0
80583,0
80584,0
80585,0
80586,0
80587,0
80588,0
80589,0
80590,0
80591,0
80592,0
80593,0
80594,0
80595,0
80596,0
80597,0
80598,0
80599,0
80600,0
80601,0
80602,0
80603,0
80604,0
80605,0
80606,0
80607,0
80608,0
80609,0
80610,0
80611,0
80612,0
80613,0
80614,0
80615,0
80616,0
80617,0
80618,0
80619,0
80620,0
80621,0
80622,0
80623,0
80624,0
80625,0
80626,0
80627,0
80628,0
80629,0
80630,0
80631,0
80632,0
80633,0
80634,0
80635,0
80636,0
80637,0
80638,0
80639,0
80640,0
80641,0
80642,0
80643,0
80644,0
80645,0
80646,0
80647,0
80648,0
80649,0
80650,0
80651,0
80652,0
80653,0
80654,0
80655,0
80656,0
80657,0
80658,0
80659,0
80660,0
80661,0
80662,0
80663,0
80664,0
80665,0
80666,0
80667,0
80668,0
80669,0
80670,1
80671,0
80672,0
80673,0
80674,0
80675,0
80676,1
80677,0
80678,0
80679,0
80680,0
80681,0
80682,0
80683,0
80684,0
80685,0
80686,0
80687,0
80688,0
80689,0
80690,0
80691,0
80692,0
80693,0
80694,0
80695,0
80696,0
80697,0
80698,0
80699,0
80700,0
80701,0
80702,0
80703,0
80704,8
80705,0
80706,0
80707,13
80708,0
80709,0
80710,0
80711,0
80712,0
80713,0
80714,0
80715,11
80716,0
80717,0
80718,0
80719,0
80720,0
80721,0
80722,11
80723,8
80724,0
80725,0
80726,0
80727,0
80728,0
80729,0
80730,0
80731,0
80732,0
80733,0
80734,0
80735,0
80736,0
80737,0
80738,0
80739,5
80740,0
80741,0
80742,0
80743,0
80744,0
80745,0
80746,9
80747,0
80748,0
80749,0
80750,5
80751,0
80752,3
80753,0
80754,0
80755,0
80756,0
80757,0
80758,3
80759,0
80760,0
80761,6
80762,0
80763,0
80764,0
80765,6
80766,0
80767,0
80768,0
80769,0
80770,0
80771,0
80772,0
80773,0
80774,0
80775,0
80776,0
80777,0
80778,0
80779,0
80780,0
80781,0
80782,0
80783,42
80784,0
80785,22
80786,20
80787,25
80788,28
80789,0
80790,0
80791,0
80792,0
80793,0
80794,28
80795,0
80796,0
80797,0
80798,22
80799,0
80800,35
80801,0
80802,29
80803,26
80804,0
80805,0
80806,0
80807,29
80808,27
80809,24
80810,30
80811,0
80812,0
80813,0
80814,0
80815,0
80816,0
80817,21
80818,0
80819,0
80820,0
80821,24
80822,0
80823,0
80824,28
80825,30
80826,0
80827,32
80828,0
80829,0
80830,30
80831,29
80832,0
80833,0
80834,0
80835,0
80836,0
80837,0
80838,34
80839,38
80840,0
80841,0
80842,0
80843,24
80844,0
80845,0
80846,0
80847,0
80848,0
80849,0
80850,0
80851,32
80852,0
80853,0
80854,0
80855,0
80856,0
80857,0
80858,0
80859,0
80860,0
80861,0
80862,0
80863,0
80864,0
80865,0
80866,0
80867,0
80868,21
80869,0
80870,0
80871,0
80872,0
80873,0
80874,23
80875,37
80876,0
80877,27
80878,0
80879,25
80880,0
80881,0
80882,0
80883,0
80884,0
80885,0
80886,0
80887,0
80888,0
80889,0
80890,35
80891,0
80892,39
80893,0
80894,0
80895,22
80896,0
80897,0
80898,0
80899,0
80900,0
80901,0
80902,0
80903,0
80904,0
80905,0
80906,24
80907,0
80908,0
80909,0
80910,26
80911,0
80912,0
80913,0
80914,0
80915,0
80916,30
80917,0
80918,0
80919,0
80920,0
80921,0
80922,40
80923,0
80924,34
80925,0
80926,0
80927,26
80928,0
80929,0
80930,0
80931,21
80932,0
80933,14
80934,28
80935,0
80936,0
80937,0
80938,0
80939,0
80940,25
80941,0
80942,0
80943,0
80944,28
80945,22
80946,0
80947,0
80948,30
80949,0
80950,32
80951,0
80952,0
80953,0
80954,0
80955,0
80956,0
80957,0
80958,0
80959,0
80960,0
80961,0
80962,0
80963,30
80964,0
80965,43
80966,0
80967,46
80968,0
80969,0
80970,0
80971,0
80972,0
80973,0
80974,0
80975,26
80976,0
80977,0
80978,0
80979,22
80980,0
80981,0
80982,21
80983,0
80984,0
80985,0
80986,0
80987,0
80988,47
80989,0
80990,22
80991,0
80992,0
80993,0
80994,0
80995,0
80996,0
80997,0
80998,0
80999,0
81000,18
81001,0
81002,0
81003,0
81004,26
81005,0
81006,0
81007,0
81008,0
81009,34
81010,0
81011,0
81012,0
81013,0
81014,0
81015,0
81016,0
81017,0
81018,0
81019,0
81020,0
81021,0
81022,0
81023,0
81024,0
81025,0
81026,39
81027,0
81028,0
81029,33
81030,0
81031,0
81032,0
81033,0
81034,0
81035,0
81036,34
81037,0
81038,0
81039,0
81040,0
81041,19
81042,0
81043,0
81044,0
81045,31
81046,0
81047,0
81048,0
81049,43
81050,0
81051,9
81052,0
81053,0
81054,0
81055,0
81056,0
81057,0
81058,0
81059,0
81060,0
81061,0
81062,0
81063,0
81064,0
81065,0
81066,0
81067,0
81068,33
81069,0
81070,0
81071,0
81072,0
81073,0
81074,0
81075,0
81076,0
81077,0
81078,0
81079,0
81080,0
81081,0
81082,0
81083,0
81084,0
81085,0
81086,0
81087,0
81088,0
81089,30
81090,0
81091,29
81092,0
81093,0
81094,0
81095,0
81096,0
81097,32
81098,44
81099,17
81100,0
81101,0
81102,0
81103,0
81104,0
81105,39
81106,0
81107,0
81108,20
81109,0
81110,0
81111,19
81112,0
81113,0
81114,0
81115,0
81116,0
81117,0
81118,0
81119,45
81120,0
81121,0
81122,0
81123,0
81124,0
81125,0
81126,0
81127,0
81128,0
81129,0
81130,35
81131,0
81132,0
81133,0
81134,0
81135,0
81136,0
81137,0
81138,0
81139,0
81140,0
81141,0
81142,0
81143,28
81144,0
81145,0
81146,0
81147,0
81148,0
81149,0
81150,0
81151,0
81152,0
81153,0
81154,0
81155,22
81156,14
81157,0
81158,27
81159,0
81160,0
81161,0
81162,0
81163,0
81164,0
81165,0
81166,0
81167,0
81168,0
81169,0
81170,0
81171,0
81172,0
81173,0
81174,0
81175,0
81176,0
81177,0
81178,0
81179,0
81180,0
81181,0
81182,0
81183,0
81184,0
81185,0
81186,18
81187,0
81188,32
81189,0
81190,31
81191,0
81192,36
81193,0
81194,15
81195,0
81196,34
81197,0
81198,0
81199,0
81200,0
81201,0
81202,0
81203,0
81204,34
81205,0
81206,0
81207,0
81208,0
81209,0
81210,0
81211,0
81212,0
81213,0
81214,0
81215,0
81216,0
81217,0
81218,0
81219,0
81220,45
81221,0
81222,0
81223,0
81224,0
81225,29
81226,0
81227,0
81228,0
81229,0
81230,0
81231,0
81232,0
81233,0
81234,0
81235,0
81236,0
81237,0
81238,0
81239,0
81240,0
81241,0
81242,0
81243,25
81244,38
81245,0
81246,0
81247,29
81248,0
81249,0
81250,0
81251,0
81252,0
81253,0
81254,0
81255,0
81256,0
81257,0
81258,0
81259,0
81260,20
81261,0
81262,0
81263,0
81264,0
81265,0
81266,0
81267,23
81268,0
81269,0
81270,42
81271,0
81272,0
81273,20
81274,0
81275,0
81276,0
81277,0
81278,37
81279,0
81280,0
81281,31
81282,0
81283,20
81284,0
81285,0
81286,0
81287,0
81288,0
81289,24
81290,0
81291,0
81292,0
81293,0
81294,29
81295,0
81296,50
81297,36
81298,23
81299,0
81300,0
81301,1
81302,0
81303,10
81304,0
81305,4
81306,0
81307,0
81308,0
81309,0
81310,0
81311,10
81312,0
81313,0
81314,0
81315,0
81316,0
81317,5
81318,0
81319,0
81320,0
81321,4
81322,9
81323,0
81324,3
81325,0
81326,0
81327,0
81328,0
81329,2
81330,0
81331,7
81332,0
81333,0
81334,0
81335,0
81336,4
81337,8
81338,5
81339,3
81340,0
81341,0
81342,0
81343,0
81344,0
81345,0
81346,0
81347,0
81348,7
81349,0
81350,0
81351,0
81352,8
81353,0
81354,0
81355,0
81356,0
81357,0
81358,10
81359,0
81360,4
81361,4
81362,0
81363,0
81364,11
81365,0
81366,0
81367,2
81368,0
81369,2
81370,0
81371,7
81372,0
81373,0
81374,0
81375,0
81376,0
81377,0
81378,0
81379,1
81380,7
81381,0
81382,0
81383,5
81384,0
81385,0
81386,0
81387,0
81388,8
81389,0
81390,0
81391,7
81392,0
81393,0
81394,0
81395,0
81396,0
81397,5
81398,0
81399,0
81400,0
81401,0
81402,0
81403,0
81404,0
81405,0
81406,0
81407,5
81408,0
81409,0
81410,0
81411,0
81412,0
81413,0
81414,0
81415,5
81416,0
81417,5
81418,0
81419,0
81420,0
81421,2
81422,6
81423,0
81424,7
81425,0
81426,0
81427,0
81428,0
81429,0
81430,0
81431,6
81432,10
81433,6
81434,0
81435,0
81436,3
81437,0
81438,0
81439,0
81440,0
81441,0
81442,0
81443,0
81444,0
81445,13
81446,0
81447,0
81448,0
81449,6
81450,0
81451,0
81452,0
81453,0
81454,6
81455,4
81456,0
81457,0
81458,3
81459,10
81460,12
81461,0
81462,0
81463,0
81464,3
81465,9
81466,0
81467,6
81468,0
81469,0
81470,0
81471,0
81472,4
81473,0
81474,0
81475,0
81476,0
81477,0
81478,9
81479,0
81480,0
81481,0
81482,0
81483,7
81484,2
81485,0
81486,0
81487,5
81488,0
81489,0
81490,0
81491,0
81492,0
81493,0
81494,1
81495,0
81496,0
81497,0
81498,0
81499,0
81500,0
81501,0
81502,6
81503,0
81504,3
81505,2
81506,5
81507,5
81508,0
81509,0
81510,7
81511,0
81512,0
81513,0
81514,0
81515,0
81516,0
81517,0
81518,7
81519,0
81520,0
81521,6
81522,0
81523,5
81524,0
81525,0
81526,0
81527,0
81528,0
81529,0
81530,0
81531,5
81532,0
81533,0
81534,5
81535,3
81536,3
81537,0
81538,0
81539,0
81540,0
81541,0
81542,6
81543,0
81544,0
81545,0
81546,0
81547,6
81548,0
81549,0
81550,0
81551,7
81552,1
81553,0
81554,0
81555,0
81556,4
81557,0
81558,0
81559,4
81560,0
81561,0
81562,0
81563,0
81564,0
81565,0
81566,7
81567,0
81568,2
81569,0
81570,6
81571,0
81572,7
81573,0
81574,0
81575,0
81576,6
81577,0
81578,0
81579,0
81580,3
81581,0
81582,3
81583,0
81584,0
81585,0
81586,4
81587,5
81588,5
81589,0
81590,0
81591,0
81592,0
81593,0
81594,0
81595,0
81596,0
81597,0
81598,0
81599,0
81600,0
81601,0
81602,0
81603,0
81604,0
81605,0
81606,0
81607,0
81608,5
81609,0
81610,5
81611,0
81612,0
81613,6
81614,3
81615,7
81616,0
81617,5
81618,2
81619,0
81620,0
81621,3
81622,0
81623,0
81624,0
81625,0
81626,0
81627,0
81628,0
81629,0
81630,0
81631,0
81632,0
81633,0
81634,0
81635,0
81636,0
81637,0
81638,0
81639,5
81640,0
81641,5
81642,0
81643,0
81644,4
81645,0
81646,0
81647,0
81648,0
81649,0
81650,10
81651,0
81652,0
81653,3
81654,0
81655,13
81656,0
81657,0
81658,0
81659,0
81660,1
81661,0
81662,6
81663,0
81664,0
81665,7
81666,7
81667,2
81668,0
81669,0
81670,0
81671,0
81672,0
81673,0
81674,0
81675,5
81676,0
81677,0
81678,0
81679,0
81680,0
81681,0
81682,0
81683,0
81684,6
81685,0
81686,8
81687,6
81688,0
81689,0
81690,3
81691,0
81692,0
81693,0
81694,4
81695,0
81696,0
81697,0
81698,11
81699,0
81700,0
81701,0
81702,0
81703,0
81704,0
81705,0
81706,0
81707,0
81708,0
81709,0
81710,13
81711,0
81712,0
81713,0
81714,0
81715,0
81716,0
81717,0
81718,0
81719,5
81720,0
81721,7
81722,0
81723,0
81724,0
81725,0
81726,0
81727,0
81728,4
81729,0
81730,0
81731,5
81732,0
81733,4
81734,0
81735,0
81736,8
81737,4
81738,0
81739,0
81740,0
81741,0
81742,0
81743,0
81744,15
81745,0
81746,16
81747,12
81748,0
81749,0
81750,0
81751,0
81752,0
81753,0
81754,0
81755,0
81756,10
81757,15
81758,0
81759,0
81760,0
81761,0
81762,12
81763,0
81764,0
81765,0
81766,0
81767,0
81768,0
81769,0
81770,0
81771,0
81772,0
81773,0
81774,0
81775,16
81776,8
81777,0
81778,18
81779,0
81780,0
81781,0
81782,0
81783,16
81784,0
81785,0
81786,0
81787,0
81788,0
81789,0
81790,0
81791,0
81792,0
81793,0
81794,0
81795,0
81796,0
81797,0
81798,0
81799,7
81800,0
81801,0
81802,0
81803,0
81804,0
81805,0
81806,0
81807,0
81808,0
81809,0
81810,0
81811,0
81812,0
81813,0
81814,0
81815,0
81816,0
81817,12
81818,0
81819,0
81820,15
81821,0
81822,0
81823,0
81824,0
81825,0
81826,0
81827,0
81828,10
81829,0
81830,0
81831,0
81832,0
81833,0
81834,0
81835,0
81836,0
81837,0
81838,10
81839,0
81840,0
81841,0
81842,0
81843,0
81844,10
81845,18
81846,0
81847,0
81848,0
81849,0
81850,0
81851,0
81852,0
81853,0
81854,0
81855,0
81856,0
81857,0
81858,0
81859,0
81860,0
81861,0
81862,9
81863,6
81864,0
81865,0
81866,18
81867,0
81868,0
81869,0
81870,13
81871,0
81872,0
81873,0
81874,0
81875,0
81876,0
81877,0
81878,0
81879,12
81880,19
81881,0
81882,0
81883,0
81884,0
81885,0
81886,0
81887,0
81888,0
81889,0
81890,22
81891,0
81892,0
81893,0
81894,0
81895,0
81896,0
81897,0
81898,0
81899,0
81900,0
81901,0
81902,0
81903,0
81904,0
81905,0
81906,11
81907,0
81908,0
81909,0
81910,0
81911,0
81912,0
81913,0
81914,0
81915,0
81916,0
81917,0
81918,0
81919,0
81920,0
81921,11
81922,0
81923,0
81924,0
81925,0
81926,0
81927,0
81928,0
81929,0
81930,0
81931,0
81932,0
81933,0
81934,11
81935,12
81936,13
81937,0
81938,15
81939,0
81940,0
81941,18
81942,0
81943,0
81944,0
81945,0
81946,0
81947,0
81948,0
81949,0
81950,16
81951,0
81952,0
81953,0
81954,0
81955,0
81956,0
81957,0
81958,0
81959,0
81960,0
81961,0
81962,0
81963,16
81964,0
81965,0
81966,0
81967,0
81968,0
81969,0
81970,14
81971,0
81972,0
81973,0
81974,0
81975,0
81976,0
81977,0
81978,0
81979,0
81980,0
81981,11
81982,0
81983,0
81984,0
81985,16
81986,0
81987,0
81988,0
81989,0
81990,0
81991,0
81992,6
81993,0
81994,3
81995,0
81996,0
81997,0
81998,0
81999,11
82000,0
82001,0
82002,0
82003,16
82004,0
82005,0
82006,0
82007,0
82008,0
82009,0
82010,0
82011,0
82012,0
82013,11
82014,0
82015,0
82016,0
82017,15
82018,0
82019,0
82020,0
82021,0
82022,0
82023,0
82024,0
82025,0
82026,0
82027,0
82028,20
82029,0
82030,0
82031,0
82032,0
82033,0
82034,0
82035,0
82036,0
82037,0
82038,0
82039,0
82040,0
82041,0
82042,0
82043,0
82044,0
82045,0
82046,0
82047,0
82048,21
82049,0
82050,14
82051,0
82052,17
82053,9
82054,0
82055,18
82056,0
82057,27
82058,7
82059,0
82060,0
82061,0
82062,0
82063,20
82064,0
82065,0
82066,0
82067,0
82068,0
82069,0
82070,17
82071,0
82072,0
82073,0
82074,0
82075,0
82076,0
82077,0
82078,17
82079,0
82080,0
82081,0
82082,0
82083,4
82084,0
82085,0
82086,18
82087,0
82088,27
82089,0
82090,0
82091,0
82092,16
82093,0
82094,0
82095,0
82096,0
82097,0
82098,10
82099,0
82100,0
82101,0
82102,0
82103,0
82104,11
82105,0
82106,0
82107,16
82108,11
82109,0
82110,0
82111,0
82112,0
82113,0
82114,0
82115,0
82116,14
82117,0
82118,0
82119,21
82120,15
82121,0
82122,0
82123,0
82124,0
82125,12
82126,0
82127,0
82128,0
82129,0
82130,0
82131,0
82132,0
82133,0
82134,0
82135,18
82136,0
82137,0
82138,0
82139,19
82140,0
82141,0
82142,18
82143,0
82144,0
82145,0
82146,0
82147,0
82148,20
82149,0
82150,0
82151,0
82152,0
82153,0
82154,0
82155,0
82156,0
82157,0
82158,14
82159,9
82160,0
82161,0
82162,0
82163,0
82164,0
82165,0
82166,0
82167,18
82168,0
82169,11
82170,0
82171,33
82172,0
82173,0
82174,8
82175,0
82176,0
82177,0
82178,0
82179,0
82180,21
82181,0
82182,15
82183,0
82184,0
82185,0
82186,0
82187,0
82188,22
82189,0
82190,0
82191,0
82192,0
82193,0
82194,0
82195,0
82196,0
82197,10
82198,0
82199,0
82200,0
82201,20
82202,0
82203,0
82204,0
82205,0
82206,0
82207,0
82208,0
82209,0
82210,6
82211,0
82212,0
82213,0
82214,0
82215,0
82216,0
82217,0
82218,0
82219,0
82220,0
82221,0
82222,0
82223,13
82224,0
82225,0
82226,0
82227,0
82228,0
82229,11
82230,0
82231,8
82232,0
82233,0
82234,0
82235,0
82236,15
82237,18
82238,0
82239,0
82240,0
82241,0
82242,0
82243,0
82244,0
82245,0
82246,0
82247,0
82248,0
82249,0
82250,14
82251,0
82252,0
82253,0
82254,12
82255,0
82256,0
82257,0
82258,0
82259,12
82260,0
82261,0
82262,20
82263,0
82264,0
82265,0
82266,0
82267,14
82268,0
82269,0
82270,21
82271,0
82272,0
82273,10
82274,0
82275,15
82276,0
82277,22
82278,17
82279,0
82280,0
82281,11
82282,0
82283,0
82284,0
82285,0
82286,12
82287,20
82288,0
82289,0
82290,0
82291,0
82292,9
82293,0
82294,0
82295,26
82296,0
82297,0
82298,0
82299,13
82300,0
82301,18
82302,0
82303,0
82304,9
82305,0
82306,0
82307,0
82308,0
82309,0
82310,0
82311,11
82312,0
82313,0
82314,0
82315,0
82316,10
82317,0
82318,8
82319,0
82320,0
82321,0
82322,0
82323,11
82324,13
82325,14
82326,0
82327,7
82328,0
82329,0
82330,6
82331,0
82332,0
82333,0
82334,0
82335,0
82336,0
82337,0
82338,0
82339,19
82340,0
82341,0
82342,0
82343,0
82344,0
82345,0
82346,0
82347,0
82348,0
82349,0
82350,0
82351,0
82352,0
82353,0
82354,0
82355,0
82356,0
82357,0
82358,0
82359,8
82360,19
82361,20
82362,13
82363,0
82364,0
82365,0
82366,0
82367,0
82368,0
82369,10
82370,0
82371,0
82372,18
82373,0
82374,0
82375,0
82376,15
82377,0
82378,0
82379,0
82380,7
82381,8
82382,0
82383,0
82384,0
82385,0
82386,0
82387,0
82388,0
82389,10
82390,0
82391,13
82392,0
82393,0
82394,0
82395,12
82396,0
82397,0
82398,22
82399,11
82400,0
82401,0
82402,0
82403,0
82404,0
82405,0
82406,0
82407,0
82408,0
82409,19
82410,0
82411,0
82412,0
82413,0
82414,12
82415,0
82416,0
82417,0
82418,0
82419,8
82420,6
82421,21
82422,0
82423,0
82424,0
82425,0
82426,0
82427,0
82428,0
82429,0
82430,9
82431,7
82432,0
82433,0
82434,0
82435,0
82436,0
82437,0
82438,0
82439,9
82440,0
82441,0
82442,11
82443,0
82444,0
82445,13
82446,10
82447,0
82448,0
82449,0
82450,0
82451,0
82452,0
82453,0
82454,0
82455,0
82456,0
82457,0
82458,0
82459,0
82460,0
82461,0
82462,0
82463,0
82464,0
82465,0
82466,0
82467,0
82468,0
82469,0
82470,0
82471,0
82472,0
82473,0
82474,0
82475,0
82476,0
82477,0
82478,0
82479,0
82480,0
82481,0
82482,0
82483,0
82484,0
82485,0
82486,0
82487,0
82488,0
82489,0
82490,0
82491,0
82492,0
82493,0
82494,0
82495,0
82496,0
82497,0
82498,0
82499,0
82500,0
82501,0
82502,0
82503,1
82504,0
82505,0
82506,0
82507,0
82508,0
82509,0
82510,1
82511,0
82512,0
82513,0
82514,0
82515,0
82516,0
82517,0
82518,0
82519,0
82520,0
82521,0
82522,0
82523,0
82524,0
82525,0
82526,0
82527,0
82528,0
82529,0
82530,0
82531,0
82532,0
82533,0
82534,0
82535,0
82536,0
82537,0
82538,0
82539,0
82540,0
82541,0
82542,0
82543,0
82544,0
82545,0
82546,0
82547,0
82548,0
82549,0
82550,0
82551,0
82552,0
82553,0
82554,0
82555,0
82556,0
82557,0
82558,0
82559,0
82560,0
82561,0
82562,0
82563,0
82564,0
82565,0
82566,0
82567,0
82568,0
82569,0
82570,0
82571,1
82572,0
82573,0
82574,0
82575,0
82576,0
82577,0
82578,0
82579,4
82580,0
82581,0
82582,0
82583,0
82584,0
82585,0
82586,0
82587,0
82588,0
82589,0
82590,0
82591,0
82592,0
82593,0
82594,0
82595,0
82596,0
82597,0
82598,0
82599,0
82600,0
82601,0
82602,0
82603,0
82604,0
82605,0
82606,0
82607,0
82608,0
82609,0
82610,0
82611,0
82612,0
82613,0
82614,0
82615,0
82616,0
82617,0
82618,0
82619,0
82620,0
82621,0
82622,0
82623,0
82624,0
82625,0
82626,0
82627,0
82628,0
82629,0
82630,0
82631,2
82632,0
82633,0
82634,0
82635,0
82636,5
82637,0
82638,0
82639,0
82640,0
82641,0
82642,0
82643,0
82644,0
82645,0
82646,0
82647,0
82648,0
82649,0
82650,0
82651,0
82652,0
82653,1
82654,0
82655,0
82656,0
82657,0
82658,0
82659,0
82660,0
82661,0
82662,0
82663,0
82664,0
82665,0
82666,1
82667,0
82668,3
82669,0
82670,0
82671,0
82672,0
82673,0
82674,0
82675,0
82676,0
82677,0
82678,0
82679,0
82680,0
82681,0
82682,0
82683,0
82684,0
82685,0
82686,0
82687,0
82688,0
82689,0
82690,0
82691,0
82692,0
82693,0
82694,0
82695,0
82696,0
82697,0
82698,0
82699,0
82700,0
82701,0
82702,0
82703,0
82704,0
82705,0
82706,0
82707,0
82708,0
82709,0
82710,2
82711,0
82712,0
82713,0
82714,0
82715,0
82716,0
82717,0
82718,0
82719,0
82720,2
82721,0
82722,0
82723,0
82724,0
82725,0
82726,0
82727,0
82728,0
82729,0
82730,0
82731,0
82732,0
82733,0
82734,0
82735,0
82736,0
82737,0
82738,0
82739,0
82740,0
82741,0
82742,0
82743,0
82744,0
82745,0
82746,0
82747,0
82748,0
82749,0
82750,0
82751,0
82752,0
82753,0
82754,0
82755,1
82756,0
82757,0
82758,4
82759,0
82760,0
82761,0
82762,0
82763,3
82764,0
82765,0
82766,0
82767,0
82768,0
82769,0
82770,0
82771,0
82772,0
82773,0
82774,0
82775,0
82776,0
82777,0
82778,0
82779,0
82780,0
82781,0
82782,0
82783,0
82784,0
82785,0
82786,0
82787,0
82788,0
82789,0
82790,0
82791,0
82792,0
82793,0
82794,0
82795,0
82796,0
82797,0
82798,0
82799,0
82800,0
82801,0
82802,0
82803,0
82804,0
82805,0
82806,0
82807,0
82808,0
82809,0
82810,0
82811,0
82812,0
82813,0
82814,0
82815,0
82816,0
82817,0
82818,0
82819,0
82820,0
82821,0
82822,0
82823,0
82824,0
82825,0
82826,0
82827,0
82828,0
82829,0
82830,0
82831,0
82832,0
82833,0
82834,0
82835,0
82836,0
82837,0
82838,0
82839,0
82840,0
82841,0
82842,0
82843,0
82844,0
82845,0
82846,0
82847,0
82848,0
82849,0
82850,0
82851,0
82852,0
82853,0
82854,0
82855,0
82856,0
82857,0
82858,0
82859,0
82860,0
82861,0
82862,0
82863,0
82864,0
82865,0
82866,0
82867,0
82868,0
82869,0
82870,0
82871,0
82872,0
82873,0
82874,0
82875,0
82876,0
82877,0
82878,0
82879,0
82880,0
82881,0
82882,4
82883,3
82884,0
82885,0
82886,0
82887,0
82888,0
82889,0
82890,0
82891,0
82892,0
82893,0
82894,0
82895,0
82896,0
82897,0
82898,0
82899,0
82900,0
82901,0
82902,0
82903,0
82904,0
82905,0
82906,0
82907,0
82908,0
82909,0
82910,0
82911,0
82912,0
82913,0
82914,0
82915,0
82916,0
82917,0
82918,0
82919,0
82920,0
82921,0
82922,0
82923,0
82924,0
82925,0
82926,0
82927,0
82928,0
82929,0
82930,0
82931,0
82932,0
82933,0
82934,0
82935,0
82936,0
82937,0
82938,0
82939,0
82940,0
82941,0
82942,0
82943,0
82944,0
82945,0
82946,0
82947,0
82948,0
82949,0
82950,0
82951,0
82952,0
82953,0
82954,0
82955,0
82956,0
82957,0
82958,0
82959,0
82960,0
82961,0
82962,0
82963,0
82964,0
82965,0
82966,0
82967,0
82968,0
82969,0
82970,0
82971,0
82972,0
82973,0
82974,0
82975,0
82976,0
82977,3
82978,0
82979,0
82980,0
82981,0
82982,0
82983,0
82984,0
82985,0
82986,0
82987,0
82988,0
82989,0
82990,0
82991,0
82992,0
82993,0
82994,1
82995,0
82996,0
82997,0
82998,0
82999,3
83000,0
83001,0
83002,0
83003,0
83004,0
83005,0
83006,0
83007,0
83008,0
83009,0
83010,0
83011,0
83012,0
83013,0
83014,0
83015,0
83016,0
83017,0
83018,0
83019,0
83020,0
83021,0
83022,0
83023,0
83024,0
83025,0
83026,0
83027,0
83028,0
83029,0
83030,4
83031,0
83032,0
83033,0
83034,0
83035,0
83036,0
83037,1
83038,0
83039,0
83040,0
83041,0
83042,0
83043,2
83044,0
83045,0
83046,2
83047,0
83048,0
83049,0
83050,0
83051,0
83052,0
83053,0
83054,0
83055,0
83056,0
83057,4
83058,0
83059,0
83060,0
83061,0
83062,0
83063,0
83064,0
83065,0
83066,0
83067,0
83068,0
83069,0
83070,0
83071,0
83072,0
83073,0
83074,0
83075,0
83076,0
83077,3
83078,0
83079,0
83080,0
83081,0
83082,0
83083,0
83084,0
83085,0
83086,0
83087,0
83088,0
83089,0
83090,0
83091,0
83092,0
83093,0
83094,0
83095,0
83096,0
83097,0
83098,0
83099,0
83100,0
83101,0
83102,0
83103,0
83104,0
83105,0
83106,2
83107,0
83108,0
83109,0
83110,0
83111,0
83112,0
83113,0
83114,0
83115,0
83116,0
83117,0
83118,0
83119,0
83120,0
83121,0
83122,0
83123,0
83124,0
83125,0
83126,0
83127,0
83128,0
83129,0
83130,0
83131,0
83132,0
83133,0
83134,0
83135,7
83136,0
83137,0
83138,0
83139,0
83140,0
83141,0
83142,0
83143,0
83144,0
83145,0
83146,0
83147,0
83148,0
83149,0
83150,0
83151,0
83152,0
83153,0
83154,0
83155,0
83156,0
83157,0
83158,0
83159,0
83160,0
83161,0
83162,0
83163,0
83164,0
83165,0
83166,0
83167,0
83168,0
83169,0
83170,0
83171,0
83172,0
83173,0
83174,0
83175,0
83176,0
83177,0
83178,0
83179,0
83180,0
83181,0
83182,0
83183,0
83184,0
83185,0
83186,0
83187,3
83188,0
83189,0
83190,0
83191,0
83192,0
83193,0
83194,0
83195,0
83196,0
83197,0
83198,0
83199,0
83200,0
83201,0
83202,0
83203,0
83204,0
83205,0
83206,0
83207,0
83208,0
83209,0
83210,0
83211,0
83212,0
83213,0
83214,0
83215,0
83216,0
83217,1
83218,0
83219,0
83220,0
83221,0
83222,0
83223,1
83224,0
83225,0
83226,0
83227,0
83228,0
83229,0
83230,0
83231,0
83232,0
83233,0
83234,2
83235,0
83236,1
83237,0
83238,0
83239,0
83240,0
83241,0
83242,0
83243,0
83244,0
83245,0
83246,31
83247,0
83248,37
83249,0
83250,0
83251,32
83252,0
83253,37
83254,0
83255,40
83256,0
83257,22
83258,0
83259,0
83260,0
83261,0
83262,0
83263,0
83264,0
83265,28
83266,0
83267,0
83268,0
83269,0
83270,0
83271,31
83272,30
83273,32
83274,0
83275,0
83276,23
83277,0
83278,0
83279,0
83280,0
83281,0
83282,0
83283,21
83284,0
83285,28
83286,0
83287,0
83288,0
83289,0
83290,0
83291,0
83292,0
83293,0
83294,24
83295,37
83296,0
83297,0
83298,0
83299,0
83300,0
83301,0
83302,23
83303,24
83304,0
83305,38
83306,0
83307,27
83308,0
83309,0
83310,0
83311,0
83312,0
83313,33
83314,0
83315,0
83316,0
83317,0
83318,0
83319,0
83320,0
83321,0
83322,0
83323,0
83324,0
83325,0
83326,0
83327,0
83328,0
83329,31
83330,31
83331,0
83332,0
83333,35
83334,0
83335,0
83336,0
83337,22
83338,0
83339,36
83340,0
83341,40
83342,25
83343,0
83344,0
83345,0
83346,25
83347,0
83348,0
83349,39
83350,38
83351,0
83352,0
83353,0
83354,0
83355,0
83356,0
83357,0
83358,0
83359,0
83360,0
83361,0
83362,0
83363,0
83364,28
83365,0
83366,0
83367,35
83368,0
83369,30
83370,0
83371,0
83372,0
83373,0
83374,33
83375,0
83376,0
83377,29
83378,22
83379,0
83380,0
83381,0
83382,0
83383,0
83384,0
83385,35
83386,26
83387,0
83388,0
83389,0
83390,0
83391,0
83392,0
83393,0
83394,0
83395,0
83396,0
83397,0
83398,0
83399,0
83400,0
83401,0
83402,0
83403,0
83404,0
83405,0
83406,0
83407,28
83408,41
83409,0
83410,0
83411,33
83412,0
83413,0
83414,0
83415,0
83416,32
83417,23
83418,0
83419,0
83420,37
83421,0
83422,0
83423,0
83424,0
83425,0
83426,0
83427,0
83428,0
83429,0
83430,0
83431,34
83432,0
83433,48
83434,0
83435,0
83436,0
83437,0
83438,0
83439,0
83440,0
83441,0
83442,0
83443,0
83444,0
83445,0
83446,0
83447,0
83448,0
83449,0
83450,0
83451,0
83452,0
83453,0
83454,0
83455,0
83456,0
83457,29
83458,0
83459,0
83460,34
83461,0
83462,0
83463,0
83464,0
83465,19
83466,0
83467,0
83468,0
83469,0
83470,0
83471,0
83472,0
83473,0
83474,0
83475,0
83476,30
83477,0
83478,0
83479,0
83480,0
83481,17
83482,0
83483,0
83484,0
83485,42
83486,0
83487,0
83488,0
83489,0
83490,43
83491,0
83492,0
83493,0
83494,0
83495,28
83496,0
83497,0
83498,0
83499,23
83500,0
83501,0
83502,0
83503,0
83504,0
83505,0
83506,0
83507,18
83508,0
83509,0
83510,0
83511,0
83512,0
83513,0
83514,0
83515,0
83516,0
83517,0
83518,0
83519,0
83520,0
83521,0
83522,0
83523,0
83524,0
83525,0
83526,33
83527,0
83528,0
83529,27
83530,0
83531,0
83532,30
83533,0
83534,0
83535,0
83536,0
83537,33
83538,0
83539,0
83540,24
83541,0
83542,0
83543,0
83544,0
83545,22
83546,0
83547,0
83548,50
83549,0
83550,47
83551,0
83552,41
83553,0
83554,0
83555,0
83556,0
83557,0
83558,0
83559,0
83560,0
83561,0
83562,30
83563,33
83564,0
83565,0
83566,0
83567,0
83568,34
83569,0
83570,0
83571,32
83572,24
83573,0
83574,0
83575,0
83576,0
83577,0
83578,0
83579,0
83580,0
83581,0
83582,0
83583,23
83584,0
83585,31
83586,0
83587,0
83588,0
83589,0
83590,0
83591,0
83592,0
83593,0
83594,0
83595,41
83596,0
83597,0
83598,0
83599,34
83600,28
83601,0
83602,0
83603,0
83604,0
83605,0
83606,0
83607,36
83608,0
83609,0
83610,0
83611,0
83612,0
83613,0
83614,24
83615,0
83616,0
83617,0
83618,0
83619,0
83620,0
83621,0
83622,0
83623,0
83624,31
83625,36
83626,0
83627,0
83628,0
83629,0
83630,0
83631,0
83632,0
83633,0
83634,0
83635,0
83636,0
83637,0
83638,26
83639,46
83640,0
83641,0
83642,0
83643,30
83644,0
83645,0
83646,0
83647,0
83648,0
83649,46
83650,0
83651,32
83652,0
83653,0
83654,0
83655,26
83656,0
83657,0
83658,0
83659,0
83660,0
83661,0
83662,0
83663,30
83664,35
83665,0
83666,0
83667,0
83668,0
83669,0
83670,0
83671,0
83672,0
83673,0
83674,0
83675,0
83676,0
83677,0
83678,31
83679,26
83680,0
83681,0
83682,0
83683,36
83684,0
83685,0
83686,41
83687,0
83688,0
83689,38
83690,37
83691,36
83692,31
83693,23
83694,0
83695,0
83696,0
83697,0
83698,32
83699,27
83700,34
83701,0
83702,0
83703,31
83704,0
83705,25
83706,0
83707,0
83708,20
83709,0
83710,38
83711,0
83712,38
83713,0
83714,0
83715,0
83716,0
83717,0
83718,0
83719,25
83720,35
83721,0
83722,0
83723,0
83724,0
83725,36
83726,0
83727,0
83728,0
83729,31
83730,20
83731,0
83732,0
83733,0
83734,21
83735,0
83736,0
83737,0
83738,0
83739,0
83740,0
83741,0
83742,0
83743,0
83744,23
83745,30
83746,0
83747,27
83748,0
83749,0
83750,0
83751,0
83752,0
83753,17
83754,0
83755,34
83756,0
83757,33
83758,0
83759,0
83760,0
83761,0
83762,0
83763,0
83764,0
83765,0
83766,21
83767,0
83768,0
83769,23
83770,0
83771,0
83772,0
83773,0
83774,0
83775,0
83776,0
83777,0
83778,0
83779,0
83780,0
83781,0
83782,0
83783,0
83784,0
83785,0
83786,0
83787,41
83788,0
83789,0
83790,32
83791,0
83792,0
83793,0
83794,0
83795,0
83796,0
83797,0
83798,23
83799,0
83800,0
83801,29
83802,31
83803,35
83804,0
83805,0
83806,0
83807,0
83808,0
83809,0
83810,0
83811,0
83812,0
83813,0
83814,23
83815,25
83816,0
83817,24
83818,33
83819,25
83820,0
83821,0
83822,0
83823,0
83824,0
83825,0
83826,26
83827,38
83828,0
83829,0
83830,35
83831,0
83832,0
83833,0
83834,0
83835,0
83836,0
83837,0
83838,0
83839,0
83840,0
83841,0
83842,30
83843,33
83844,0
83845,0
83846,0
83847,24
83848,0
83849,0
83850,0
83851,0
83852,0
83853,0
83854,0
83855,0
83856,0
83857,0
83858,0
83859,0
83860,0
83861,0
83862,0
83863,0
83864,0
83865,0
83866,0
83867,0
83868,0
83869,0
83870,17
83871,0
83872,0
83873,41
83874,0
83875,0
83876,0
83877,0
83878,0
83879,0
83880,23
83881,0
83882,30
83883,0
83884,0
83885,0
83886,0
83887,0
83888,0
83889,31
83890,0
83891,0
83892,0
83893,42
83894,0
83895,0
83896,0
83897,36
83898,40
83899,0
83900,0
83901,0
83902,0
83903,0
83904,0
83905,0
83906,36
83907,30
83908,0
83909,21
83910,0
83911,0
83912,0
83913,0
83914,33
83915,0
83916,0
83917,0
83918,0
83919,0
83920,0
83921,0
83922,0
83923,0
83924,0
83925,0
83926,42
83927,0
83928,0
83929,0
83930,0
83931,0
83932,0
83933,0
83934,0
83935,29
83936,0
83937,0
83938,0
83939,0
83940,0
83941,0
83942,40
83943,0
83944,0
83945,0
83946,0
83947,0
83948,0
83949,0
83950,0
83951,36
83952,0
83953,0
83954,0
83955,0
83956,0
83957,0
83958,0
83959,0
83960,0
83961,0
83962,0
83963,0
83964,0
83965,41
83966,0
83967,0
83968,0
83969,0
83970,40
83971,0
83972,0
83973,0
83974,0
83975,0
83976,0
83977,34
83978,0
83979,34
83980,34
83981,0
83982,0
83983,32
83984,0
83985,0
83986,36
83987,0
83988,0
83989,41
83990,42
83991,50
83992,37
83993,0
83994,0
83995,42
83996,28
83997,0
83998,0
83999,0
84000,0
84001,0
84002,0
84003,0
84004,0
84005,0
84006,0
84007,0
84008,0
84009,0
84010,0
84011,0
84012,0
84013,0
84014,0
84015,0
84016,0
84017,0
84018,0
84019,0
84020,0
84021,41
84022,0
84023,0
84024,0
84025,0
84026,0
84027,0
84028,0
84029,0
84030,36
84031,0
84032,0
84033,0
84034,0
84035,0
84036,0
84037,0
84038,44
84039,0
84040,0
84041,0
84042,0
84043,0
84044,29
84045,0
84046,0
84047,0
84048,0
84049,0
84050,0
84051,0
84052,32
84053,0
84054,0
84055,0
84056,38
84057,0
84058,0
84059,0
84060,0
84061,0
84062,35
84063,0
84064,0
84065,0
84066,0
84067,0
84068,0
84069,0
84070,0
84071,0
84072,0
84073,0
84074,0
84075,0
84076,38
84077,0
84078,0
84079,0
84080,0
84081,36
84082,0
84083,0
84084,0
84085,0
84086,0
84087,0
84088,0
84089,0
84090,0
84091,0
84092,0
84093,0
84094,0
84095,0
84096,0
84097,0
84098,35
84099,0
84100,0
84101,0
84102,0
84103,0
84104,0
84105,34
84106,0
84107,0
84108,0
84109,0
84110,56
84111,0
84112,0
84113,34
84114,0
84115,33
84116,0
84117,0
84118,0
84119,0
84120,0
84121,0
84122,0
84123,0
84124,0
84125,0
84126,0
84127,0
84128,0
84129,0
84130,0
84131,31
84132,21
84133,0
84134,0
84135,0
84136,0
84137,0
84138,34
84139,0
84140,0
84141,0
84142,33
84143,0
84144,0
84145,0
84146,0
84147,0
84148,0
84149,0
84150,0
84151,72
84152,0
84153,0
84154,0
84155,0
84156,0
84157,0
84158,0
84159,0
84160,0
84161,0
84162,0
84163,36
84164,0
84165,0
84166,0
84167,0
84168,0
84169,0
84170,0
84171,38
84172,0
84173,0
84174,30
84175,31
84176,0
84177,0
84178,0
84179,0
84180,0
84181,0
84182,40
84183,0
84184,0
84185,0
84186,0
84187,0
84188,30
84189,0
84190,0
84191,0
84192,0
84193,0
84194,0
84195,0
84196,0
84197,0
84198,0
84199,0
84200,0
84201,43
84202,0
84203,0
84204,0
84205,0
84206,0
84207,0
84208,0
84209,0
84210,0
84211,0
84212,0
84213,0
84214,0
84215,0
84216,0
84217,0
84218,0
84219,0
84220,0
84221,0
84222,0
84223,0
84224,0
84225,0
84226,0
84227,31
84228,0
84229,0
84230,0
84231,33
84232,0
84233,39
84234,0
84235,0
84236,0
84237,24
84238,0
84239,0
84240,18
84241,0
84242,0
84243,0
84244,0
84245,0
84246,0
84247,0
84248,41
84249,0
84250,0
84251,0
84252,0
84253,0
84254,0
84255,0
84256,0
84257,28
84258,0
84259,0
84260,0
84261,33
84262,0
84263,0
84264,28
84265,27
84266,0
84267,0
84268,0
84269,0
84270,0
84271,0
84272,0
84273,0
84274,0
84275,0
84276,0
84277,0
84278,0
84279,0
84280,0
84281,0
84282,45
84283,0
84284,0
84285,0
84286,0
84287,0
84288,0
84289,20
84290,0
84291,37
84292,0
84293,32
84294,45
84295,0
84296,0
84297,62
84298,0
84299,0
84300,0
84301,0
84302,0
84303,0
84304,0
84305,0
84306,0
84307,0
84308,0
84309,0
84310,33
84311,0
84312,0
84313,0
84314,0
84315,0
84316,0
84317,0
84318,0
84319,0
84320,0
84321,0
84322,0
84323,37
84324,0
84325,0
84326,0
84327,0
84328,42
84329,0
84330,0
84331,0
84332,0
84333,0
84334,0
84335,0
84336,0
84337,0
84338,43
84339,0
84340,0
84341,0
84342,0
84343,0
84344,0
84345,0
84346,0
84347,0
84348,0
84349,0
84350,0
84351,0
84352,0
84353,0
84354,0
84355,0
84356,0
84357,0
84358,0
84359,38
84360,0
84361,0
84362,0
84363,0
84364,0
84365,0
84366,0
84367,31
84368,0
84369,0
84370,0
84371,0
84372,0
84373,0
84374,0
84375,0
84376,0
84377,0
84378,0
84379,0
84380,0
84381,34
84382,34
84383,0
84384,0
84385,0
84386,0
84387,0
84388,0
84389,0
84390,0
84391,0
84392,0
84393,0
84394,0
84395,0
84396,0
84397,0
84398,36
84399,0
84400,0
84401,30
84402,32
84403,32
84404,0
84405,0
84406,0
84407,38
84408,0
84409,30
84410,0
84411,0
84412,31
84413,0
84414,0
84415,0
84416,0
84417,0
84418,0
84419,0
84420,42
84421,0
84422,34
84423,0
84424,45
84425,0
84426,0
84427,39
84428,15
84429,0
84430,0
84431,0
84432,0
84433,0
84434,0
84435,0
84436,40
84437,0
84438,0
84439,0
84440,0
84441,0
84442,0
84443,34
84444,0
84445,0
84446,0
84447,0
84448,56
84449,0
84450,0
84451,0
84452,34
84453,48
84454,0
84455,44
84456,0
84457,0
84458,0
84459,0
84460,0
84461,0
84462,0
84463,25
84464,0
84465,0
84466,0
84467,29
84468,51
84469,0
84470,0
84471,34
84472,0
84473,0
84474,0
84475,0
84476,0
84477,0
84478,0
84479,0
84480,0
84481,0
84482,31
84483,0
84484,25
84485,0
84486,0
84487,0
84488,0
84489,0
84490,0
84491,0
84492,41
84493,28
84494,0
84495,0
84496,0
84497,25
84498,0
84499,0
84500,30
84501,30
84502,0
84503,0
84504,0
84505,0
84506,0
84507,0
84508,0
84509,0
84510,62
84511,0
84512,0
84513,0
84514,34
84515,0
84516,0
84517,0
84518,0
84519,35
84520,0
84521,0
84522,33
84523,0
84524,0
84525,50
84526,37
84527,18
84528,42
84529,0
84530,0
84531,0
84532,0
84533,0
84534,0
84535,0
84536,0
84537,33
84538,0
84539,38
84540,0
84541,0
84542,0
84543,0
84544,0
84545,0
84546,0
84547,0
84548,0
84549,0
84550,31
84551,0
84552,0
84553,0
84554,0
84555,0
84556,0
84557,0
84558,45
84559,26
84560,0
84561,0
84562,0
84563,0
84564,0
84565,0
84566,0
84567,0
84568,0
84569,0
84570,24
84571,0
84572,0
84573,0
84574,0
84575,0
84576,0
84577,0
84578,0
84579,0
84580,0
84581,0
84582,0
84583,0
84584,0
84585,0
84586,30
84587,0
84588,0
84589,0
84590,34
84591,0
84592,0
84593,0
84594,0
84595,0
84596,0
84597,0
84598,0
84599,0
84600,0
84601,0
84602,0
84603,0
84604,0
84605,30
84606,29
84607,0
84608,0
84609,0
84610,0
84611,0
84612,0
84613,0
84614,0
84615,0
84616,0
84617,0
84618,0
84619,0
84620,0
84621,33
84622,0
84623,0
84624,37
84625,26
84626,0
84627,0
84628,0
84629,0
84630,0
84631,23
84632,0
84633,25
84634,0
84635,0
84636,50
84637,0
84638,0
84639,0
84640,0
84641,0
84642,0
84643,0
84644,0
84645,0
84646,0
84647,0
84648,0
84649,0
84650,0
84651,0
84652,0
84653,0
84654,0
84655,36
84656,0
84657,0
84658,0
84659,0
84660,0
84661,0
84662,0
84663,0
84664,34
84665,0
84666,0
84667,29
84668,0
84669,36
84670,0
84671,0
84672,0
84673,0
84674,0
84675,0
84676,0
84677,0
84678,0
84679,0
84680,0
84681,0
84682,37
84683,0
84684,0
84685,40
84686,0
84687,0
84688,29
84689,0
84690,0
84691,0
84692,0
84693,0
84694,0
84695,0
84696,0
84697,0
84698,37
84699,37
84700,28
84701,0
84702,0
84703,0
84704,0
84705,0
84706,0
84707,0
84708,0
84709,0
84710,0
84711,0
84712,0
84713,0
84714,0
84715,0
84716,46
84717,0
84718,0
84719,0
84720,0
84721,0
84722,0
84723,0
84724,0
84725,0
84726,0
84727,0
84728,0
84729,0
84730,0
84731,0
84732,0
84733,0
84734,0
84735,0
84736,34
84737,0
84738,0
84739,0
84740,0
84741,28
84742,0
84743,0
84744,0
84745,0
84746,0
84747,0
84748,0
84749,0
84750,0
84751,0
84752,0
84753,0
84754,32
84755,0
84756,0
84757,0
84758,0
84759,0
84760,0
84761,0
84762,0
84763,0
84764,0
84765,0
84766,0
84767,43
84768,0
84769,0
84770,0
84771,0
84772,0
84773,0
84774,0
84775,0
84776,0
84777,0
84778,0
84779,0
84780,0
84781,0
84782,47
84783,0
84784,0
84785,30
84786,0
84787,0
84788,0
84789,0
84790,0
84791,0
84792,0
84793,0
84794,0
84795,0
84796,0
84797,0
84798,39
84799,0
84800,17
84801,33
84802,0
84803,0
84804,19
84805,0
84806,0
84807,24
84808,0
84809,0
84810,0
84811,0
84812,0
84813,21
84814,0
84815,0
84816,0
84817,0
84818,0
84819,30
84820,30
84821,0
84822,0
84823,32
84824,0
84825,0
84826,31
84827,0
84828,0
84829,0
84830,0
84831,0
84832,19
84833,0
84834,0
84835,0
84836,0
84837,0
84838,0
84839,0
84840,0
84841,0
84842,11
84843,22
84844,16
84845,25
84846,0
84847,0
84848,11
84849,0
84850,21
84851,0
84852,0
84853,20
84854,0
84855,0
84856,0
84857,0
84858,0
84859,0
84860,0
84861,27
84862,0
84863,14
84864,0
84865,0
84866,0
84867,24
84868,0
84869,0
84870,0
84871,0
84872,0
84873,30
84874,0
84875,0
84876,0
84877,17
84878,0
84879,0
84880,0
84881,0
84882,0
84883,0
84884,0
84885,0
84886,0
84887,0
84888,0
84889,0
84890,0
84891,0
84892,0
84893,0
84894,0
84895,18
84896,0
84897,0
84898,0
84899,0
84900,0
84901,0
84902,0
84903,0
84904,0
84905,0
84906,0
84907,0
84908,0
84909,0
84910,0
84911,0
84912,0
84913,0
84914,0
84915,0
84916,0
84917,22
84918,0
84919,0
84920,0
84921,0
84922,0
84923,0
84924,0
84925,0
84926,0
84927,0
84928,0
84929,0
84930,0
84931,0
84932,0
84933,0
84934,26
84935,0
84936,0
84937,0
84938,0
84939,0
84940,0
84941,0
84942,0
84943,0
84944,17
84945,0
84946,23
84947,33
84948,0
84949,21
84950,0
84951,0
84952,0
84953,0
84954,0
84955,0
84956,0
84957,0
84958,0
84959,0
84960,0
84961,0
84962,0
84963,23
84964,0
84965,0
84966,0
84967,0
84968,0
84969,0
84970,0
84971,0
84972,23
84973,0
84974,23
84975,0
84976,0
84977,0
84978,0
84979,0
84980,38
84981,0
84982,0
84983,0
84984,0
84985,32
84986,0
84987,0
84988,0
84989,0
84990,0
84991,38
84992,0
84993,0
84994,0
84995,0
84996,0
84997,28
84998,0
84999,0
85000,0
85001,0
85002,0
85003,0
85004,0
85005,0
85006,20
85007,0
85008,0
85009,0
85010,0
85011,0
85012,0
85013,0
85014,0
85015,0
85016,0
85017,0
85018,0
85019,0
85020,22
85021,19
85022,20
85023,0
85024,0
85025,14
85026,0
85027,0
85028,0
85029,0
85030,28
85031,0
85032,0
85033,0
85034,0
85035,0
85036,0
85037,0
85038,25
85039,0
85040,0
85041,0
85042,15
85043,0
85044,0
85045,0
85046,0
85047,0
85048,25
85049,0
85050,0
85051,0
85052,12
85053,0
85054,0
85055,0
85056,0
85057,16
85058,32
85059,0
85060,0
85061,23
85062,30
85063,0
85064,0
85065,0
85066,0
85067,0
85068,0
85069,0
85070,0
85071,23
85072,0
85073,0
85074,0
85075,0
85076,24
85077,0
85078,38
85079,0
85080,0
85081,0
85082,0
85083,0
85084,0
85085,0
85086,0
85087,0
85088,10
85089,31
85090,24
85091,0
85092,0
85093,15
85094,0
85095,0
85096,0
85097,0
85098,0
85099,0
85100,0
85101,0
85102,26
85103,17
85104,0
85105,30
85106,0
85107,0
85108,0
85109,0
85110,0
85111,29
85112,28
85113,0
85114,0
85115,0
85116,0
85117,0
85118,0
85119,0
85120,0
85121,0
85122,0
85123,0
85124,25
85125,0
85126,0
85127,0
85128,0
85129,0
85130,0
85131,13
85132,0
85133,0
85134,0
85135,37
85136,0
85137,20
85138,0
85139,0
85140,0
85141,0
85142,0
85143,20
85144,0
85145,0
85146,39
85147,0
85148,0
85149,0
85150,0
85151,0
85152,0
85153,0
85154,0
85155,0
85156,0
85157,0
85158,0
85159,0
85160,19
85161,0
85162,0
85163,0
85164,0
85165,0
85166,0
85167,0
85168,0
85169,0
85170,0
85171,16
85172,0
85173,0
85174,0
85175,0
85176,0
85177,0
85178,33
85179,0
85180,0
85181,0
85182,0
85183,17
85184,0
85185,0
85186,0
85187,0
85188,0
85189,0
85190,0
85191,0
85192,0
85193,0
85194,0
85195,0
85196,0
85197,0
85198,0
85199,32
85200,0
85201,0
85202,0
85203,0
85204,0
85205,0
85206,0
85207,0
85208,0
85209,0
85210,0
85211,0
85212,0
85213,0
85214,0
85215,0
85216,0
85217,0
85218,11
85219,0
85220,0
85221,0
85222,22
85223,0
85224,0
85225,0
85226,0
85227,35
85228,23
85229,34
85230,0
85231,27
85232,27
85233,0
85234,0
85235,0
85236,0
85237,0
85238,0
85239,0
85240,0
85241,0
85242,30
85243,0
85244,0
85245,0
85246,0
85247,0
85248,17
85249,0
85250,0
85251,0
85252,0
85253,0
85254,0
85255,0
85256,0
85257,32
85258,36
85259,18
85260,0
85261,0
85262,0
85263,0
85264,0
85265,0
85266,26
85267,0
85268,0
85269,0
85270,0
85271,0
85272,0
85273,0
85274,35
85275,0
85276,0
85277,0
85278,0
85279,40
85280,0
85281,0
85282,0
85283,0
85284,0
85285,0
85286,0
85287,0
85288,0
85289,0
85290,0
85291,0
85292,0
85293,15
85294,24
85295,0
85296,0
85297,0
85298,36
85299,0
85300,0
85301,0
85302,0
85303,0
85304,0
85305,0
85306,0
85307,0
85308,0
85309,0
85310,0
85311,0
85312,0
85313,27
85314,0
85315,0
85316,21
85317,0
85318,0
85319,0
85320,0
85321,0
85322,0
85323,0
85324,0
85325,31
85326,0
85327,0
85328,0
85329,0
85330,0
85331,0
85332,0
85333,19
85334,0
85335,38
85336,37
85337,0
85338,0
85339,0
85340,0
85341,24
85342,0
85343,0
85344,0
85345,0
85346,0
85347,11
85348,0
85349,0
85350,0
85351,16
85352,0
85353,25
85354,0
85355,21
85356,0
85357,48
85358,0
85359,0
85360,0
85361,0
85362,0
85363,21
85364,0
85365,0
85366,0
85367,0
85368,0
85369,24
85370,0
85371,0
85372,0
85373,29
85374,0
85375,0
85376,0
85377,0
85378,0
85379,0
85380,0
85381,0
85382,0
85383,0
85384,0
85385,0
85386,0
85387,0
85388,0
85389,0
85390,0
85391,0
85392,0
85393,0
85394,0
85395,23
85396,13
85397,0
85398,0
85399,0
85400,0
85401,0
85402,0
85403,0
85404,0
85405,0
85406,0
85407,0
85408,0
85409,18
85410,0
85411,0
85412,0
85413,0
85414,0
85415,0
85416,15
85417,0
85418,0
85419,0
85420,0
85421,0
85422,0
85423,0
85424,0
85425,13
85426,0
85427,0
85428,0
85429,0
85430,0
85431,0
85432,0
85433,0
85434,0
85435,0
85436,0
85437,0
85438,0
85439,22
85440,0
85441,0
85442,0
85443,0
85444,0
85445,0
85446,0
85447,0
85448,0
85449,0
85450,0
85451,0
85452,0
85453,0
85454,26
85455,0
85456,0
85457,0
85458,0
85459,0
85460,0
85461,0
85462,0
85463,0
85464,0
85465,0
85466,0
85467,25
85468,0
85469,33
85470,0
85471,0
85472,0
85473,0
85474,0
85475,11
85476,0
85477,0
85478,0
85479,0
85480,0
85481,0
85482,17
85483,22
85484,15
85485,0
85486,32
85487,14
85488,34
85489,0
85490,0
85491,14
85492,0
85493,0
85494,31
85495,26
85496,0
85497,0
85498,0
85499,0
85500,0
85501,0
85502,24
85503,31
85504,0
85505,0
85506,0
85507,0
85508,39
85509,28
85510,0
85511,0
85512,0
85513,0
85514,0
85515,0
85516,0
85517,20
85518,0
85519,0
85520,0
85521,0
85522,0
85523,0
85524,0
85525,25
85526,22
85527,0
85528,0
85529,0
85530,0
85531,0
85532,0
85533,0
85534,0
85535,0
85536,12
85537,0
85538,0
85539,0
85540,0
85541,20
85542,0
85543,23
85544,0
85545,0
85546,0
85547,0
85548,0
85549,0
85550,0
85551,0
85552,0
85553,0
85554,0
85555,0
85556,0
85557,0
85558,0
85559,0
85560,0
85561,0
85562,0
85563,0
85564,0
85565,0
85566,0
85567,0
85568,11
85569,0
85570,25
85571,0
85572,0
85573,0
85574,19
85575,0
85576,0
85577,0
85578,0
85579,0
85580,0
85581,0
85582,0
85583,0
85584,0
85585,0
85586,0
85587,0
85588,0
85589,0
85590,0
85591,27
85592,0
85593,0
85594,0
85595,0
85596,21
85597,0
85598,0
85599,0
85600,0
85601,0
85602,18
85603,0
85604,0
85605,0
85606,0
85607,0
85608,0
85609,0
85610,0
85611,0
85612,0
85613,0
85614,0
85615,13
85616,0
85617,0
85618,28
85619,0
85620,0
85621,0
85622,0
85623,0
85624,0
85625,0
85626,0
85627,32
85628,0
85629,0
85630,0
85631,0
85632,0
85633,0
85634,47
85635,0
85636,0
85637,0
85638,0
85639,18
85640,31
85641,0
85642,0
85643,0
85644,0
85645,14
85646,0
85647,0
85648,0
85649,0
85650,28
85651,0
85652,0
85653,0
85654,0
85655,0
85656,0
85657,0
85658,0
85659,0
85660,0
85661,0
85662,0
85663,0
85664,0
85665,0
85666,0
85667,0
85668,0
85669,0
85670,21
85671,25
85672,0
85673,0
85674,0
85675,0
85676,43
85677,0
85678,0
85679,39
85680,0
85681,0
85682,0
85683,0
85684,0
85685,0
85686,0
85687,0
85688,0
85689,0
85690,0
85691,0
85692,0
85693,0
85694,0
85695,0
85696,0
85697,0
85698,0
85699,42
85700,0
85701,0
85702,0
85703,0
85704,31
85705,0
85706,0
85707,0
85708,0
85709,0
85710,0
85711,0
85712,0
85713,0
85714,0
85715,0
85716,0
85717,0
85718,0
85719,0
85720,12
85721,0
85722,0
85723,0
85724,0
85725,0
85726,0
85727,0
85728,0
85729,0
85730,40
85731,0
85732,0
85733,9
85734,23
85735,40
85736,0
85737,0
85738,0
85739,23
85740,0
85741,39
85742,0
85743,0
85744,0
85745,0
85746,13
85747,0
85748,0
85749,0
85750,0
85751,0
85752,0
85753,34
85754,0
85755,0
85756,0
85757,34
85758,0
85759,25
85760,61
85761,0
85762,0
85763,0
85764,0
85765,0
85766,0
85767,0
85768,0
85769,46
85770,0
85771,0
85772,0
85773,0
85774,0
85775,36
85776,26
85777,0
85778,0
85779,0
85780,35
85781,0
85782,0
85783,0
85784,0
85785,0
85786,0
85787,0
85788,0
85789,0
85790,56
85791,0
85792,0
85793,0
85794,0
85795,0
85796,0
85797,0
85798,0
85799,0
85800,0
85801,0
85802,0
85803,0
85804,20
85805,0
85806,0
85807,0
85808,0
85809,0
85810,0
85811,0
85812,37
85813,0
85814,0
85815,0
85816,0
85817,0
85818,0
85819,0
85820,0
85821,0
85822,0
85823,0
85824,0
85825,0
85826,0
85827,0
85828,0
85829,0
85830,0
85831,0
85832,0
85833,0
85834,0
85835,0
85836,0
85837,0
85838,0
85839,0
85840,6
85841,16
85842,0
85843,0
85844,0
85845,0
85846,0
85847,0
85848,0
85849,0
85850,0
85851,7
85852,0
85853,0
85854,0
85855,0
85856,0
85857,17
85858,0
85859,0
85860,19
85861,0
85862,0
85863,23
85864,0
85865,0
85866,0
85867,0
85868,0
85869,0
85870,0
85871,0
85872,0
85873,0
85874,0
85875,0
85876,0
85877,0
85878,0
85879,15
85880,0
85881,0
85882,0
85883,0
85884,0
85885,0
85886,0
85887,0
85888,0
85889,0
85890,0
85891,0
85892,0
85893,18
85894,0
85895,0
85896,0
85897,17
85898,0
85899,21
85900,0
85901,0
85902,0
85903,0
85904,0
85905,0
85906,0
85907,0
85908,0
85909,0
85910,0
85911,0
85912,0
85913,0
85914,0
85915,0
85916,0
85917,0
85918,0
85919,0
85920,0
85921,0
85922,0
85923,0
85924,0
85925,0
85926,0
85927,0
85928,0
85929,0
85930,0
85931,0
85932,0
85933,13
85934,0
85935,0
85936,0
85937,0
85938,0
85939,0
85940,0
85941,7
85942,0
85943,0
85944,0
85945,4
85946,16
85947,0
85948,0
85949,0
85950,0
85951,21
85952,0
85953,0
85954,0
85955,0
85956,0
85957,0
85958,0
85959,0
85960,0
85961,0
85962,0
85963,13
85964,0
85965,0
85966,0
85967,0
85968,0
85969,0
85970,0
85971,0
85972,0
85973,0
85974,0
85975,21
85976,0
85977,0
85978,0
85979,10
85980,0
85981,0
85982,0
85983,0
85984,0
85985,0
85986,0
85987,0
85988,0
85989,0
85990,0
85991,18
85992,0
85993,0
85994,0
85995,0
85996,0
85997,28
85998,0
85999,0
86000,9
86001,0
86002,0
86003,0
86004,0
86005,0
86006,0
86007,0
86008,0
86009,19
86010,0
86011,0
86012,0
86013,0
86014,0
86015,0
86016,0
86017,0
86018,0
86019,0
86020,0
86021,14
86022,0
86023,14
86024,14
86025,0
86026,0
86027,0
86028,0
86029,0
86030,0
86031,0
86032,0
86033,0
86034,0
86035,0
86036,0
86037,0
86038,0
86039,11
86040,0
86041,0
86042,0
86043,0
86044,0
86045,0
86046,0
86047,0
86048,0
86049,0
86050,0
86051,0
86052,0
86053,0
86054,19
86055,15
86056,0
86057,0
86058,15
86059,0
86060,0
86061,0
86062,0
86063,0
86064,0
86065,0
86066,10
86067,0
86068,6
86069,0
86070,0
86071,0
86072,0
86073,0
86074,9
86075,0
86076,0
86077,0
86078,0
86079,0
86080,0
86081,0
86082,0
86083,0
86084,0
86085,0
86086,0
86087,0
86088,0
86089,0
86090,0
86091,0
86092,0
86093,0
86094,0
86095,12
86096,0
86097,21
86098,0
86099,9
86100,0
86101,0
86102,0
86103,0
86104,0
86105,18
86106,0
86107,0
86108,0
86109,20
86110,13
86111,0
86112,0
86113,0
86114,0
86115,0
86116,0
86117,0
86118,0
86119,0
86120,0
86121,0
86122,0
86123,0
86124,0
86125,0
86126,0
86127,0
86128,0
86129,0
86130,0
86131,0
86132,0
86133,0
86134,0
86135,0
86136,0
86137,0
86138,0
86139,0
86140,0
86141,0
86142,0
86143,0
86144,0
86145,0
86146,0
86147,12
86148,0
86149,0
86150,0
86151,0
86152,0
86153,0
86154,0
86155,0
86156,0
86157,6
86158,0
86159,0
86160,0
86161,0
86162,0
86163,0
86164,0
86165,0
86166,0
86167,0
86168,0
86169,0
86170,0
86171,0
86172,0
86173,0
86174,0
86175,0
86176,0
86177,0
86178,0
86179,0
86180,0
86181,21
86182,0
86183,0
86184,0
86185,0
86186,0
86187,0
86188,0
86189,0
86190,0
86191,0
86192,0
86193,0
86194,0
86195,0
86196,0
86197,0
86198,0
86199,0
86200,0
86201,12
86202,17
86203,0
86204,0
86205,13
86206,30
86207,0
86208,0
86209,0
86210,0
86211,0
86212,10
86213,0
86214,0
86215,0
86216,0
86217,0
86218,0
86219,0
86220,0
86221,0
86222,0
86223,0
86224,0
86225,0
86226,0
86227,0
86228,0
86229,0
86230,0
86231,0
86232,0
86233,0
86234,0
86235,0
86236,13
86237,0
86238,0
86239,0
86240,0
86241,0
86242,3
86243,0
86244,0
86245,0
86246,0
86247,21
86248,0
86249,0
86250,24
86251,0
86252,5
86253,0
86254,17
86255,0
86256,0
86257,0
86258,0
86259,0
86260,0
86261,24
86262,0
86263,0
86264,0
86265,0
86266,0
86267,21
86268,0
86269,0
86270,0
86271,0
86272,0
86273,9
86274,0
86275,0
86276,0
86277,0
86278,0
86279,0
86280,0
86281,0
86282,0
86283,0
86284,0
86285,0
86286,0
86287,0
86288,0
86289,0
86290,0
86291,0
86292,0
86293,0
86294,20
86295,0
86296,0
86297,0
86298,0
86299,0
86300,0
86301,0
86302,21
86303,0
86304,0
86305,0
86306,0
86307,19
86308,0
86309,0
86310,0
86311,0
86312,0
86313,0
86314,0
86315,0
86316,0
86317,0
86318,0
86319,0
86320,0
86321,0
86322,0
86323,0
86324,0
86325,10
86326,0
86327,0
86328,0
86329,0
86330,0
86331,0
86332,0
86333,14
86334,0
86335,0
86336,0
86337,0
86338,0
86339,0
86340,0
86341,0
86342,0
86343,0
86344,0
86345,0
86346,0
86347,0
86348,17
86349,0
86350,0
86351,0
86352,0
86353,0
86354,4
86355,0
86356,0
86357,0
86358,6
86359,0
86360,0
86361,0
86362,21
86363,6
86364,0
86365,0
86366,0
86367,0
86368,0
86369,0
86370,0
86371,11
86372,0
86373,0
86374,0
86375,0
86376,0
86377,0
86378,0
86379,0
86380,0
86381,11
86382,36
86383,0
86384,0
86385,23
86386,0
86387,0
86388,0
86389,0
86390,0
86391,16
86392,20
86393,0
86394,0
86395,0
86396,9
86397,0
86398,0
86399,0
86400,0
86401,0
86402,0
86403,0
86404,0
86405,0
86406,0
86407,0
86408,0
86409,12
86410,6
86411,0
86412,0
86413,0
86414,0
86415,0
86416,0
86417,14
86418,0
86419,0
86420,0
86421,18
86422,0
86423,0
86424,0
86425,0
86426,0
86427,0
86428,0
86429,0
86430,0
86431,0
86432,0
86433,0
86434,0
86435,0
86436,0
86437,0
86438,0
86439,0
86440,0
86441,0
86442,0
86443,23
86444,0
86445,0
86446,0
86447,0
86448,0
86449,0
86450,0
86451,10
86452,0
86453,0
86454,0
86455,0
86456,0
86457,0
86458,0
86459,0
86460,0
86461,36
86462,0
86463,0
86464,0
86465,15
86466,0
86467,0
86468,15
86469,0
86470,0
86471,0
86472,0
86473,0
86474,0
86475,0
86476,0
86477,0
86478,0
86479,0
86480,0
86481,0
86482,0
86483,0
86484,0
86485,0
86486,0
86487,0
86488,9
86489,0
86490,0
86491,0
86492,0
86493,0
86494,11
86495,0
86496,0
86497,0
86498,0
86499,0
86500,16
86501,0
86502,20
86503,0
86504,0
86505,0
86506,0
86507,0
86508,0
86509,0
86510,0
86511,0
86512,0
86513,9
86514,0
86515,0
86516,0
86517,0
86518,0
86519,0
86520,0
86521,0
86522,0
86523,0
86524,0
86525,0
86526,0
86527,15
86528,0
86529,15
86530,16
86531,0
86532,24
86533,0
86534,0
86535,0
86536,0
86537,0
86538,0
86539,0
86540,0
86541,13
86542,0
86543,0
86544,0
86545,0
86546,0
86547,0
86548,0
86549,0
86550,0
86551,0
86552,0
86553,0
86554,0
86555,0
86556,0
86557,0
86558,0
86559,0
86560,0
86561,0
86562,0
86563,0
86564,0
86565,0
86566,0
86567,0
86568,0
86569,0
86570,0
86571,0
86572,18
86573,0
86574,0
86575,0
86576,0
86577,0
86578,0
86579,0
86580,0
86581,0
86582,0
86583,0
86584,0
86585,0
86586,0
86587,0
86588,0
86589,0
86590,0
86591,0
86592,0
86593,0
86594,0
86595,0
86596,0
86597,0
86598,0
86599,13
86600,0
86601,0
86602,0
86603,27
86604,0
86605,0
86606,0
86607,0
86608,0
86609,0
86610,0
86611,0
86612,0
86613,0
86614,9
86615,0
86616,0
86617,0
86618,42
86619,0
86620,0
86621,0
86622,23
86623,0
86624,0
86625,0
86626,0
86627,20
86628,0
86629,0
86630,0
86631,0
86632,0
86633,0
86634,0
86635,0
86636,0
86637,0
86638,0
86639,0
86640,0
86641,15
86642,0
86643,0
86644,0
86645,0
86646,0
86647,0
86648,0
86649,0
86650,0
86651,0
86652,0
86653,0
86654,0
86655,19
86656,0
86657,0
86658,0
86659,20
86660,0
86661,0
86662,0
86663,0
86664,15
86665,0
86666,0
86667,0
86668,11
86669,7
86670,0
86671,0
86672,0
86673,0
86674,0
86675,0
86676,0
86677,0
86678,0
86679,0
86680,0
86681,0
86682,0
86683,0
86684,0
86685,0
86686,0
86687,0
86688,0
86689,0
86690,0
86691,0
86692,0
86693,0
86694,0
86695,0
86696,0
86697,0
86698,19
86699,7
86700,0
86701,0
86702,0
86703,0
86704,0
86705,0
86706,15
86707,0
86708,0
86709,0
86710,0
86711,0
86712,0
86713,0
86714,0
86715,0
86716,0
86717,0
86718,0
86719,0
86720,0
86721,0
86722,0
86723,0
86724,0
86725,5
86726,0
86727,9
86728,0
86729,0
86730,0
86731,0
86732,0
86733,0
86734,0
86735,0
86736,11
86737,0
86738,10
86739,0
86740,0
86741,0
86742,0
86743,0
86744,0
86745,0
86746,0
86747,0
86748,0
86749,0
86750,10
86751,0
86752,0
86753,0
86754,0
86755,0
86756,0
86757,0
86758,0
86759,0
86760,0
86761,0
86762,0
86763,0
86764,0
86765,0
86766,0
86767,0
86768,0
86769,0
86770,0
86771,0
86772,0
86773,0
86774,0
86775,0
86776,0
86777,0
86778,0
86779,8
86780,0
86781,11
86782,0
86783,0
86784,0
86785,0
86786,0
86787,0
86788,13
86789,0
86790,0
86791,15
86792,0
86793,18
86794,0
86795,0
86796,0
86797,0
86798,0
86799,0
86800,9
86801,0
86802,0
86803,14
86804,0
86805,0
86806,0
86807,0
86808,0
86809,0
86810,0
86811,0
86812,0
86813,0
86814,0
86815,0
86816,0
86817,0
86818,0
86819,0
86820,0
86821,0
86822,0
86823,0
86824,0
86825,0
86826,0
86827,12
86828,0
86829,0
86830,0
86831,0
86832,0
86833,0
86834,0
86835,0
86836,0
86837,0
86838,0
86839,0
86840,0
86841,0
86842,0
86843,0
86844,0
86845,0
86846,0
86847,0
86848,0
86849,0
86850,0
86851,0
86852,0
86853,0
86854,0
86855,0
86856,0
86857,0
86858,0
86859,5
86860,0
86861,0
86862,0
86863,0
86864,8
86865,0
86866,0
86867,0
86868,0
86869,0
86870,0
86871,0
86872,0
86873,0
86874,0
86875,0
86876,0
86877,0
86878,0
86879,0
86880,0
86881,0
86882,0
86883,0
86884,0
86885,0
86886,0
86887,0
86888,0
86889,0
86890,0
86891,0
86892,0
86893,0
86894,0
86895,0
86896,0
86897,0
86898,0
86899,0
86900,4
86901,0
86902,0
86903,0
86904,0
86905,0
86906,0
86907,0
86908,0
86909,0
86910,0
86911,16
86912,0
86913,0
86914,0
86915,0
86916,0
86917,0
86918,0
86919,0
86920,0
86921,0
86922,0
86923,0
86924,0
86925,0
86926,0
86927,0
86928,0
86929,0
86930,0
86931,0
86932,0
86933,0
86934,0
86935,0
86936,0
86937,0
86938,0
86939,0
86940,0
86941,0
86942,0
86943,0
86944,0
86945,0
86946,0
86947,0
86948,10
86949,0
86950,9
86951,0
86952,0
86953,0
86954,0
86955,0
86956,0
86957,0
86958,0
86959,0
86960,0
86961,0
86962,0
86963,0
86964,0
86965,0
86966,0
86967,0
86968,0
86969,0
86970,0
86971,0
86972,0
86973,0
86974,0
86975,0
86976,0
86977,0
86978,0
86979,0
86980,0
86981,0
86982,0
86983,0
86984,0
86985,0
86986,0
86987,0
86988,0
86989,0
86990,0
86991,0
86992,0
86993,0
86994,0
86995,0
86996,0
86997,0
86998,0
86999,0
87000,0
87001,0
87002,0
87003,0
87004,0
87005,0
87006,0
87007,0
87008,0
87009,0
87010,0
87011,0
87012,8
87013,0
87014,0
87015,0
87016,0
87017,0
87018,0
87019,0
87020,0
87021,0
87022,0
87023,0
87024,0
87025,0
87026,0
87027,0
87028,0
87029,0
87030,0
87031,0
87032,0
87033,0
87034,0
87035,0
87036,0
87037,22
87038,0
87039,0
87040,0
87041,0
87042,0
87043,0
87044,0
87045,0
87046,0
87047,0
87048,0
87049,0
87050,0
87051,0
87052,0
87053,0
87054,0
87055,19
87056,0
87057,0
87058,0
87059,0
87060,0
87061,0
87062,0
87063,0
87064,0
87065,0
87066,0
87067,0
87068,0
87069,0
87070,0
87071,0
87072,0
87073,0
87074,0
87075,0
87076,0
87077,0
87078,0
87079,0
87080,0
87081,0
87082,0
87083,0
87084,0
87085,0
87086,0
87087,0
87088,0
87089,0
87090,0
87091,0
87092,0
87093,0
87094,0
87095,0
87096,9
87097,0
87098,0
87099,0
87100,10
87101,9
87102,0
87103,0
87104,0
87105,0
87106,9
87107,0
87108,0
87109,0
87110,0
87111,0
87112,0
87113,0
87114,0
87115,0
87116,0
87117,0
87118,0
87119,0
87120,0
87121,0
87122,0
87123,0
87124,0
87125,0
87126,0
87127,0
87128,0
87129,0
87130,0
87131,0
87132,0
87133,0
87134,0
87135,0
87136,0
87137,13
87138,0
87139,0
87140,0
87141,0
87142,0
87143,0
87144,0
87145,0
87146,0
87147,10
87148,0
87149,0
87150,0
87151,0
87152,0
87153,0
87154,0
87155,0
87156,0
87157,18
87158,0
87159,0
87160,0
87161,0
87162,0
87163,0
87164,0
87165,5
87166,0
87167,14
87168,10
87169,0
87170,0
87171,7
87172,16
87173,0
87174,11
87175,0
87176,9
87177,34
87178,0
87179,0
87180,0
87181,0
87182,0
87183,0
87184,20
87185,0
87186,7
87187,0
87188,20
87189,19
87190,0
87191,9
87192,21
87193,0
87194,0
87195,0
87196,7
87197,0
87198,13
87199,18
87200,16
87201,18
87202,0
87203,0
87204,26
87205,0
87206,0
87207,0
87208,0
87209,0
87210,0
87211,0
87212,9
87213,0
87214,0
87215,0
87216,32
87217,0
87218,0
87219,0
87220,30
87221,0
87222,0
87223,0
87224,0
87225,0
87226,0
87227,0
87228,21
87229,0
87230,0
87231,12
87232,0
87233,9
87234,0
87235,0
87236,0
87237,11
87238,0
87239,0
87240,17
87241,0
87242,5
87243,12
87244,10
87245,0
87246,2
87247,0
87248,0
87249,0
87250,5
87251,10
87252,0
87253,10
87254,6
87255,0
87256,0
87257,0
87258,4
87259,0
87260,9
87261,0
87262,12
87263,11
87264,0
87265,14
87266,4
87267,9
87268,0
87269,10
87270,0
87271,0
87272,0
87273,0
87274,0
87275,0
87276,20
87277,0
87278,0
87279,25
87280,2
87281,11
87282,0
87283,17
87284,13
87285,0
87286,0
87287,0
87288,0
87289,0
87290,0
87291,14
87292,0
87293,0
87294,0
87295,0
87296,0
87297,22
87298,0
87299,0
87300,8
87301,10
87302,0
87303,0
87304,12
87305,0
87306,13
87307,0
87308,0
87309,0
87310,0
87311,0
87312,0
87313,8
87314,0
87315,0
87316,0
87317,0
87318,0
87319,0
87320,22
87321,0
87322,0
87323,0
87324,0
87325,0
87326,0
87327,23
87328,8
87329,0
87330,0
87331,0
87332,0
87333,0
87334,0
87335,0
87336,0
87337,0
87338,0
87339,0
87340,5
87341,0
87342,10
87343,0
87344,12
87345,0
87346,0
87347,0
87348,0
87349,3
87350,0
87351,0
87352,0
87353,0
87354,0
87355,20
87356,0
87357,5
87358,0
87359,12
87360,0
87361,0
87362,0
87363,0
87364,0
87365,0
87366,0
87367,0
87368,0
87369,0
87370,14
87371,0
87372,16
87373,0
87374,0
87375,0
87376,0
87377,0
87378,4
87379,0
87380,0
87381,0
87382,3
87383,0
87384,0
87385,8
87386,0
87387,0
87388,0
87389,0
87390,0
87391,3
87392,0
87393,0
87394,0
87395,10
87396,8
87397,0
87398,0
87399,0
87400,0
87401,12
87402,0
87403,0
87404,0
87405,0
87406,16
87407,0
87408,0
87409,0
87410,6
87411,0
87412,11
87413,0
87414,10
87415,8
87416,3
87417,1
87418,16
87419,0
87420,26
87421,0
87422,0
87423,0
87424,17
87425,0
87426,5
87427,11
87428,0
87429,0
87430,0
87431,0
87432,0
87433,0
87434,0
87435,0
87436,0
87437,0
87438,0
87439,11
87440,0
87441,0
87442,14
87443,0
87444,0
87445,0
87446,0
87447,0
87448,0
87449,0
87450,0
87451,9
87452,0
87453,14
87454,0
87455,12
87456,0
87457,14
87458,0
87459,0
87460,0
87461,12
87462,0
87463,0
87464,0
87465,8
87466,0
87467,0
87468,14
87469,19
87470,10
87471,0
87472,0
87473,0
87474,0
87475,29
87476,0
87477,5
87478,0
87479,0
87480,5
87481,0
87482,0
87483,4
87484,0
87485,0
87486,0
87487,0
87488,0
87489,0
87490,0
87491,20
87492,0
87493,38
87494,0
87495,0
87496,0
87497,0
87498,0
87499,0
87500,21
87501,19
87502,0
87503,7
87504,0
87505,0
87506,0
87507,7
87508,0
87509,15
87510,0
87511,0
87512,0
87513,0
87514,21
87515,0
87516,0
87517,0
87518,0
87519,19
87520,0
87521,18
87522,9
87523,7
87524,9
87525,0
87526,8
87527,0
87528,0
87529,0
87530,0
87531,0
87532,0
87533,0
87534,0
87535,13
87536,11
87537,0
87538,0
87539,0
87540,0
87541,16
87542,19
87543,0
87544,8
87545,0
87546,6
87547,0
87548,0
87549,9
87550,18
87551,0
87552,0
87553,0
87554,0
87555,0
87556,0
87557,0
87558,0
87559,10
87560,10
87561,18
87562,0
87563,0
87564,0
87565,10
87566,0
87567,0
87568,6
87569,0
87570,2
87571,16
87572,0
87573,32
87574,0
87575,0
87576,0
87577,0
87578,0
87579,0
87580,0
87581,0
87582,0
87583,0
87584,0
87585,12
87586,2
87587,0
87588,0
87589,5
87590,0
87591,0
87592,22
87593,0
87594,19
87595,0
87596,0
87597,0
87598,9
87599,0
87600,0
87601,0
87602,0
87603,0
87604,0
87605,0
87606,0
87607,9
87608,0
87609,0
87610,0
87611,0
87612,16
87613,5
87614,0
87615,0
87616,0
87617,0
87618,0
87619,0
87620,0
87621,0
87622,0
87623,0
87624,0
87625,0
87626,0
87627,0
87628,0
87629,0
87630,14
87631,0
87632,0
87633,0
87634,6
87635,0
87636,0
87637,0
87638,0
87639,0
87640,0
87641,0
87642,0
87643,0
87644,0
87645,0
87646,0
87647,18
87648,0
87649,0
87650,0
87651,0
87652,0
87653,0
87654,0
87655,0
87656,0
87657,0
87658,0
87659,0
87660,0
87661,0
87662,12
87663,0
87664,17
87665,0
87666,11
87667,0
87668,0
87669,0
87670,0
87671,0
87672,3
87673,11
87674,10
87675,0
87676,24
87677,0
87678,8
87679,25
87680,0
87681,9
87682,7
87683,0
87684,0
87685,0
87686,5
87687,0
87688,3
87689,0
87690,15
87691,3
87692,0
87693,11
87694,0
87695,0
87696,16
87697,0
87698,12
87699,12
87700,10
87701,0
87702,0
87703,6
87704,0
87705,0
87706,0
87707,0
87708,0
87709,0
87710,0
87711,0
87712,0
87713,0
87714,9
87715,0
87716,0
87717,0
87718,0
87719,0
87720,3
87721,0
87722,0
87723,0
87724,0
87725,0
87726,1
87727,0
87728,1
87729,0
87730,0
87731,0
87732,0
87733,0
87734,1
87735,0
87736,0
87737,0
87738,0
87739,1
87740,1
87741,0
87742,0
87743,1
87744,0
87745,1
87746,0
87747,1
87748,0
87749,0
87750,0
87751,0
87752,0
87753,0
87754,0
87755,0
87756,2
87757,0
87758,0
87759,0
87760,0
87761,0
87762,0
87763,0
87764,0
87765,0
87766,0
87767,0
87768,0
87769,0
87770,0
87771,2
87772,0
87773,0
87774,0
87775,1
87776,0
87777,0
87778,0
87779,0
87780,0
87781,0
87782,0
87783,0
87784,3
87785,0
87786,0
87787,0
87788,0
87789,0
87790,3
87791,0
87792,0
87793,0
87794,0
87795,1
87796,0
87797,0
87798,0
87799,0
87800,0
87801,4
87802,3
87803,0
87804,0
87805,0
87806,0
87807,4
87808,0
87809,0
87810,0
87811,2
87812,0
87813,0
87814,0
87815,0
87816,0
87817,0
87818,0
87819,0
87820,0
87821,0
87822,0
87823,0
87824,0
87825,0
87826,0
87827,0
87828,0
87829,0
87830,0
87831,4
87832,0
87833,0
87834,0
87835,6
87836,0
87837,0
87838,0
87839,0
87840,0
87841,3
87842,0
87843,0
87844,0
87845,0
87846,0
87847,0
87848,0
87849,0
87850,0
87851,0
87852,0
87853,0
87854,0
87855,5
87856,0
87857,0
87858,0
87859,0
87860,0
87861,5
87862,0
87863,0
87864,0
87865,0
87866,0
87867,0
87868,0
87869,0
87870,0
87871,0
87872,0
87873,0
87874,0
87875,0
87876,0
87877,0
87878,0
87879,0
87880,0
87881,0
87882,0
87883,0
87884,0
87885,0
87886,0
87887,0
87888,0
87889,0
87890,0
87891,0
87892,7
87893,0
87894,0
87895,4
87896,7
87897,0
87898,0
87899,0
87900,0
87901,0
87902,0
87903,0
87904,4
87905,0
87906,0
87907,0
87908,0
87909,0
87910,0
87911,2
87912,0
87913,0
87914,0
87915,0
87916,0
87917,1
87918,0
87919,0
87920,0
87921,0
87922,0
87923,0
87924,0
87925,0
87926,0
87927,0
87928,0
87929,0
87930,0
87931,0
87932,0
87933,0
87934,0
87935,0
87936,0
87937,0
87938,0
87939,0
87940,0
87941,0
87942,0
87943,0
87944,0
87945,0
87946,0
87947,0
87948,0
87949,0
87950,10
87951,0
87952,0
87953,0
87954,0
87955,0
87956,0
87957,0
87958,0
87959,0
87960,0
87961,0
87962,0
87963,0
87964,0
87965,0
87966,0
87967,0
87968,3
87969,0
87970,0
87971,7
87972,4
87973,0
87974,0
87975,0
87976,0
87977,0
87978,0
87979,0
87980,4
87981,0
87982,9
87983,0
87984,4
87985,0
87986,0
87987,0
87988,0
87989,0
87990,0
87991,0
87992,0
87993,0
87994,0
87995,0
87996,7
87997,11
87998,0
87999,0
88000,5
88001,0
88002,0
88003,0
88004,0
88005,0
88006,0
88007,0
88008,0
88009,0
88010,0
88011,0
88012,0
88013,3
88014,0
88015,0
88016,0
88017,0
88018,0
88019,5
88020,4
88021,0
88022,0
88023,0
88024,0
88025,0
88026,0
88027,0
88028,5
88029,0
88030,0
88031,0
88032,0
88033,4
88034,0
88035,0
88036,0
88037,0
88038,0
88039,0
88040,0
88041,0
88042,5
88043,0
88044,0
88045,0
88046,0
88047,0
88048,0
88049,0
88050,0
88051,4
88052,0
88053,0
88054,0
88055,0
88056,0
88057,0
88058,8
88059,0
88060,0
88061,0
88062,0
88063,0
88064,0
88065,0
88066,0
88067,0
88068,0
88069,0
88070,0
88071,0
88072,0
88073,0
88074,0
88075,0
88076,0
88077,0
88078,0
88079,0
88080,0
88081,0
88082,0
88083,5
88084,0
88085,0
88086,0
88087,0
88088,0
88089,0
88090,0
88091,0
88092,0
88093,1
88094,0
88095,0
88096,0
88097,0
88098,0
88099,0
88100,1
88101,0
88102,0
88103,0
88104,0
88105,0
88106,0
88107,0
88108,0
88109,0
88110,0
88111,0
88112,0
88113,3
88114,0
88115,0
88116,0
88117,0
88118,0
88119,5
88120,8
88121,0
88122,0
88123,0
88124,0
88125,0
88126,0
88127,1
88128,0
88129,0
88130,0
88131,0
88132,0
88133,0
88134,0
88135,4
88136,0
88137,8
88138,0
88139,0
88140,0
88141,0
88142,9
88143,0
88144,0
88145,3
88146,0
88147,0
88148,0
88149,0
88150,0
88151,1
88152,0
88153,0
88154,0
88155,0
88156,0
88157,0
88158,0
88159,0
88160,0
88161,0
88162,0
88163,0
88164,4
88165,0
88166,0
88167,0
88168,0
88169,0
88170,0
88171,0
88172,0
88173,0
88174,0
88175,0
88176,4
88177,0
88178,0
88179,0
88180,0
88181,0
88182,0
88183,0
88184,0
88185,0
88186,0
88187,0
88188,0
88189,8
88190,0
88191,0
88192,0
88193,0
88194,0
88195,0
88196,0
88197,0
88198,0
88199,0
88200,0
88201,0
88202,0
88203,0
88204,0
88205,0
88206,0
88207,0
88208,7
88209,0
88210,0
88211,0
88212,0
88213,0
88214,4
88215,0
88216,0
88217,0
88218,0
88219,0
88220,0
88221,0
88222,0
88223,0
88224,0
88225,0
88226,0
88227,0
88228,0
88229,0
88230,0
88231,4
88232,0
88233,0
88234,0
88235,6
88236,0
88237,0
88238,0
88239,0
88240,2
88241,0
88242,0
88243,0
88244,0
88245,0
88246,0
88247,4
88248,0
88249,0
88250,0
88251,0
88252,0
88253,0
88254,0
88255,0
88256,0
88257,0
88258,6
88259,0
88260,0
88261,6
88262,0
88263,0
88264,0
88265,0
88266,0
88267,0
88268,0
88269,0
88270,0
88271,0
88272,0
88273,0
88274,0
88275,0
88276,0
88277,0
88278,0
88279,0
88280,0
88281,8
88282,0
88283,0
88284,0
88285,0
88286,0
88287,0
88288,0
88289,0
88290,0
88291,4
88292,0
88293,0
88294,1
88295,6
88296,0
88297,0
88298,1
88299,0
88300,0
88301,0
88302,0
88303,0
88304,0
88305,0
88306,0
88307,0
88308,0
88309,0
88310,0
88311,0
88312,0
88313,0
88314,0
88315,0
88316,0
88317,0
88318,0
88319,2
88320,0
88321,0
88322,0
88323,0
88324,0
88325,0
88326,0
88327,0
88328,0
88329,0
88330,6
88331,0
88332,0
88333,0
88334,0
88335,2
88336,0
88337,0
88338,0
88339,0
88340,0
88341,0
88342,0
88343,0
88344,0
88345,6
88346,0
88347,0
88348,4
88349,0
88350,0
88351,0
88352,0
88353,0
88354,27
88355,0
88356,0
88357,32
88358,28
88359,0
88360,0
88361,0
88362,0
88363,0
88364,0
88365,0
88366,38
88367,25
88368,0
88369,0
88370,0
88371,0
88372,0
88373,0
88374,0
88375,0
88376,0
88377,34
88378,0
88379,0
88380,0
88381,26
88382,0
88383,0
88384,0
88385,0
88386,0
88387,0
88388,0
88389,0
88390,0
88391,0
88392,0
88393,0
88394,0
88395,0
88396,0
88397,0
88398,0
88399,0
88400,0
88401,0
88402,0
88403,0
88404,0
88405,32
88406,0
88407,0
88408,0
88409,0
88410,21
88411,0
88412,0
88413,0
88414,0
88415,0
88416,0
88417,0
88418,0
88419,0
88420,0
88421,0
88422,0
88423,0
88424,0
88425,0
88426,0
88427,0
88428,26
88429,0
88430,0
88431,0
88432,0
88433,0
88434,0
88435,0
88436,0
88437,0
88438,0
88439,0
88440,0
88441,0
88442,0
88443,0
88444,34
88445,0
88446,31
88447,0
88448,0
88449,0
88450,0
88451,0
88452,0
88453,0
88454,0
88455,0
88456,0
88457,0
88458,0
88459,0
88460,0
88461,0
88462,28
88463,0
88464,0
88465,0
88466,0
88467,0
88468,0
88469,0
88470,0
88471,0
88472,0
88473,0
88474,0
88475,0
88476,0
88477,0
88478,0
88479,0
88480,0
88481,0
88482,0
88483,0
88484,0
88485,0
88486,0
88487,0
88488,29
88489,0
88490,0
88491,0
88492,0
88493,24
88494,0
88495,0
88496,0
88497,0
88498,0
88499,0
88500,0
88501,0
88502,0
88503,0
88504,0
88505,0
88506,0
88507,0
88508,0
88509,0
88510,0
88511,0
88512,0
88513,0
88514,0
88515,25
88516,0
88517,0
88518,0
88519,0
88520,0
88521,0
88522,0
88523,0
88524,0
88525,0
88526,0
88527,0
88528,0
88529,0
88530,0
88531,26
88532,0
88533,0
88534,0
88535,23
88536,0
88537,0
88538,0
88539,40
88540,0
88541,32
88542,0
88543,0
88544,0
88545,0
88546,0
88547,0
88548,0
88549,0
88550,0
88551,0
88552,0
88553,0
88554,0
88555,0
88556,21
88557,36
88558,0
88559,0
88560,0
88561,0
88562,0
88563,38
88564,0
88565,0
88566,0
88567,0
88568,0
88569,0
88570,0
88571,0
88572,0
88573,0
88574,0
88575,0
88576,0
88577,29
88578,0
88579,0
88580,0
88581,0
88582,0
88583,0
88584,0
88585,0
88586,0
88587,0
88588,0
88589,42
88590,0
88591,47
88592,0
88593,0
88594,20
88595,0
88596,25
88597,0
88598,27
88599,0
88600,0
88601,33
88602,0
88603,0
88604,0
88605,0
88606,0
88607,0
88608,0
88609,0
88610,30
88611,0
88612,34
88613,0
88614,0
88615,0
88616,0
88617,0
88618,0
88619,0
88620,0
88621,0
88622,22
88623,0
88624,0
88625,0
88626,0
88627,0
88628,0
88629,0
88630,42
88631,0
88632,0
88633,0
88634,0
88635,0
88636,0
88637,0
88638,0
88639,33
88640,0
88641,0
88642,0
88643,0
88644,0
88645,0
88646,0
88647,0
88648,0
88649,0
88650,0
88651,0
88652,0
88653,0
88654,0
88655,0
88656,0
88657,0
88658,41
88659,45
88660,0
88661,0
88662,0
88663,0
88664,0
88665,27
88666,0
88667,0
88668,28
88669,0
88670,0
88671,26
88672,0
88673,0
88674,0
88675,0
88676,0
88677,0
88678,0
88679,0
88680,0
88681,0
88682,0
88683,0
88684,0
88685,0
88686,0
88687,0
88688,0
88689,0
88690,0
88691,0
88692,0
88693,0
88694,35
88695,0
88696,21
88697,0
88698,0
88699,25
88700,49
88701,0
88702,0
88703,0
88704,0
88705,0
88706,0
88707,0
88708,0
88709,35
88710,0
88711,0
88712,0
88713,0
88714,35
88715,0
88716,45
88717,33
88718,33
88719,0
88720,0
88721,45
88722,0
88723,31
88724,0
88725,0
88726,0
88727,0
88728,0
88729,0
88730,0
88731,0
88732,0
88733,30
88734,0
88735,0
88736,0
88737,0
88738,0
88739,0
88740,0
88741,0
88742,0
88743,0
88744,0
88745,0
88746,0
88747,0
88748,0
88749,0
88750,0
88751,0
88752,0
88753,0
88754,0
88755,0
88756,0
88757,0
88758,0
88759,0
88760,0
88761,0
88762,0
88763,0
88764,0
88765,0
88766,0
88767,0
88768,0
88769,0
88770,0
88771,0
88772,0
88773,24
88774,0
88775,0
88776,0
88777,40
88778,0
88779,26
88780,0
88781,0
88782,0
88783,0
88784,0
88785,0
88786,0
88787,0
88788,0
88789,34
88790,0
88791,0
88792,0
88793,0
88794,0
88795,0
88796,0
88797,0
88798,0
88799,23
88800,0
88801,0
88802,0
88803,0
88804,0
88805,0
88806,0
88807,0
88808,34
88809,0
88810,0
88811,0
88812,0
88813,0
88814,0
88815,0
88816,0
88817,39
88818,46
88819,0
88820,0
88821,0
88822,0
88823,0
88824,0
88825,0
88826,0
88827,28
88828,0
88829,0
88830,0
88831,0
88832,0
88833,0
88834,0
88835,30
88836,0
88837,0
88838,0
88839,0
88840,0
88841,0
88842,0
88843,0
88844,0
88845,0
88846,0
88847,0
88848,0
88849,29
88850,27
88851,0
88852,0
88853,0
88854,30
88855,0
88856,0
88857,32
88858,0
88859,0
88860,0
88861,25
88862,0
88863,0
88864,0
88865,0
88866,0
88867,0
88868,0
88869,43
88870,0
88871,0
88872,0
88873,44
88874,0
88875,0
88876,0
88877,0
88878,0
88879,0
88880,0
88881,20
88882,0
88883,0
88884,0
88885,0
88886,31
88887,0
88888,0
88889,0
88890,0
88891,0
88892,0
88893,0
88894,0
88895,0
88896,0
88897,44
88898,0
88899,13
88900,0
88901,0
88902,0
88903,0
88904,0
88905,0
88906,0
88907,0
88908,0
88909,0
88910,0
88911,0
88912,0
88913,0
88914,0
88915,0
88916,28
88917,23
88918,0
88919,0
88920,0
88921,0
88922,0
88923,0
88924,0
88925,21
88926,0
88927,0
88928,0
88929,0
88930,0
88931,0
88932,0
88933,28
88934,0
88935,0
88936,0
88937,0
88938,0
88939,0
88940,0
88941,0
88942,0
88943,0
88944,0
88945,0
88946,28
88947,0
88948,0
88949,0
88950,0
88951,0
88952,0
88953,0
88954,0
88955,0
88956,28
88957,0
88958,0
88959,0
88960,0
88961,38
88962,0
88963,0
88964,0
88965,0
88966,25
88967,0
88968,0
88969,0
88970,0
88971,0
88972,0
88973,0
88974,0
88975,0
88976,0
88977,0
88978,14
88979,0
88980,0
88981,38
88982,0
88983,0
88984,0
88985,35
88986,0
88987,0
88988,0
88989,52
88990,37
88991,0
88992,31
88993,0
88994,0
88995,24
88996,0
88997,0
88998,28
88999,0
89000,0
89001,34
89002,0
89003,0
89004,0
89005,0
89006,0
89007,0
89008,0
89009,0
89010,0
89011,0
89012,0
89013,0
89014,0
89015,0
89016,0
89017,0
89018,32
89019,0
89020,0
89021,0
89022,0
89023,0
89024,0
89025,19
89026,0
89027,0
89028,0
89029,0
89030,0
89031,0
89032,0
89033,0
89034,37
89035,0
89036,24
89037,0
89038,0
89039,0
89040,0
89041,20
89042,0
89043,0
89044,0
89045,0
89046,0
89047,0
89048,0
89049,0
89050,0
89051,0
89052,0
89053,0
89054,0
89055,0
89056,0
89057,0
89058,0
89059,0
89060,0
89061,0
89062,0
89063,0
89064,0
89065,0
89066,0
89067,0
89068,0
89069,0
89070,0
89071,0
89072,0
89073,0
89074,28
89075,0
89076,35
89077,0
89078,0
89079,0
89080,41
89081,0
89082,37
89083,0
89084,0
89085,0
89086,0
89087,0
89088,0
89089,26
89090,0
89091,0
89092,0
89093,0
89094,31
89095,0
89096,0
89097,0
89098,0
89099,0
89100,0
89101,0
89102,0
89103,35
89104,0
89105,0
89106,0
89107,0
89108,0
89109,0
89110,0
89111,0
89112,0
89113,0
89114,0
89115,0
89116,31
89117,0
89118,0
89119,0
89120,0
89121,0
89122,0
89123,0
89124,0
89125,0
89126,0
89127,0
89128,0
89129,0
89130,0
89131,0
89132,0
89133,0
89134,32
89135,38
89136,38
89137,0
89138,0
89139,0
89140,0
89141,0
89142,0
89143,0
89144,0
89145,0
89146,0
89147,0
89148,0
89149,32
89150,0
89151,0
89152,0
89153,0
89154,0
89155,0
89156,0
89157,0
89158,0
89159,0
89160,0
89161,0
89162,34
89163,0
89164,0
89165,0
89166,25
89167,0
89168,0
89169,0
89170,0
89171,0
89172,0
89173,0
89174,0
89175,0
89176,35
89177,29
89178,26
89179,0
89180,0
89181,0
89182,37
89183,32
89184,0
89185,22
89186,0
89187,0
89188,0
89189,0
89190,0
89191,0
89192,0
89193,0
89194,0
89195,0
89196,0
89197,31
89198,0
89199,0
89200,0
89201,0
89202,0
89203,0
89204,0
89205,0
89206,0
89207,0
89208,0
89209,0
89210,0
89211,0
89212,0
89213,0
89214,0
89215,0
89216,0
89217,0
89218,0
89219,0
89220,0
89221,0
89222,0
89223,0
89224,0
89225,0
89226,0
89227,0
89228,0
89229,0
89230,0
89231,0
89232,0
89233,0
89234,0
89235,0
89236,0
89237,0
89238,0
89239,0
89240,0
89241,0
89242,0
89243,0
89244,0
89245,0
89246,0
89247,0
89248,0
89249,0
89250,0
89251,0
89252,0
89253,0
89254,0
89255,0
89256,0
89257,0
89258,1
89259,0
89260,0
89261,0
89262,0
89263,0
89264,0
89265,0
89266,0
89267,0
89268,0
89269,0
89270,0
89271,0
89272,0
89273,0
89274,0
89275,0
89276,0
89277,0
89278,0
89279,0
89280,0
89281,0
89282,0
89283,0
89284,0
89285,0
89286,0
89287,0
89288,0
89289,0
89290,0
89291,0
89292,0
89293,0
89294,0
89295,0
89296,0
89297,0
89298,0
89299,0
89300,0
89301,0
89302,0
89303,0
89304,0
89305,0
89306,0
89307,0
89308,0
89309,0
89310,0
89311,0
89312,0
89313,0
89314,0
89315,0
89316,0
89317,0
89318,0
89319,0
89320,0
89321,0
89322,0
89323,0
89324,0
89325,0
89326,0
89327,0
89328,0
89329,0
89330,0
89331,0
89332,0
89333,0
89334,0
89335,0
89336,0
89337,0
89338,0
89339,0
89340,0
89341,0
89342,0
89343,0
89344,0
89345,0
89346,0
89347,0
89348,0
89349,0
89350,0
89351,0
89352,0
89353,0
89354,0
89355,0
89356,0
89357,0
89358,0
89359,0
89360,0
89361,0
89362,0
89363,0
89364,0
89365,0
89366,0
89367,0
89368,0
89369,0
89370,0
89371,0
89372,0
89373,0
89374,0
89375,0
89376,0
89377,0
89378,0
89379,0
89380,0
89381,0
89382,0
89383,0
89384,0
89385,0
89386,0
89387,0
89388,0
89389,0
89390,0
89391,0
89392,0
89393,0
89394,0
89395,0
89396,0
89397,0
89398,0
89399,0
89400,0
89401,0
89402,0
89403,0
89404,0
89405,0
89406,0
89407,0
89408,0
89409,0
89410,0
89411,0
89412,0
89413,0
89414,0
89415,0
89416,0
89417,0
89418,0
89419,0
89420,0
89421,0
89422,0
89423,0
89424,0
89425,0
89426,0
89427,0
89428,0
89429,0
89430,0
89431,0
89432,0
89433,0
89434,0
89435,0
89436,0
89437,0
89438,0
89439,0
89440,0
89441,0
89442,0
89443,0
89444,0
89445,0
89446,0
89447,1
89448,0
89449,0
89450,0
89451,0
89452,0
89453,1
89454,0
89455,0
89456,0
89457,0
89458,0
89459,0
89460,0
89461,0
89462,0
89463,0
89464,0
89465,0
89466,0
89467,0
89468,0
89469,0
89470,0
89471,0
89472,0
89473,0
89474,0
89475,0
89476,0
89477,0
89478,0
89479,0
89480,0
89481,0
89482,0
89483,0
89484,0
89485,0
89486,0
89487,0
89488,0
89489,0
89490,0
89491,0
89492,0
89493,0
89494,0
89495,0
89496,0
89497,0
89498,0
89499,28
89500,0
89501,0
89502,0
89503,0
89504,0
89505,0
89506,0
89507,0
89508,0
89509,0
89510,0
89511,9
89512,0
89513,17
89514,0
89515,0
89516,0
89517,0
89518,0
89519,0
89520,0
89521,0
89522,0
89523,0
89524,0
89525,0
89526,0
89527,0
89528,11
89529,0
89530,18
89531,0
89532,0
89533,0
89534,0
89535,0
89536,0
89537,0
89538,0
89539,0
89540,0
89541,0
89542,0
89543,0
89544,0
89545,0
89546,0
89547,0
89548,22
89549,23
89550,0
89551,0
89552,0
89553,0
89554,0
89555,0
89556,22
89557,0
89558,0
89559,0
89560,0
89561,33
89562,0
89563,0
89564,0
89565,16
89566,23
89567,0
89568,0
89569,0
89570,0
89571,0
89572,0
89573,0
89574,0
89575,25
89576,20
89577,0
89578,23
89579,35
89580,35
89581,0
89582,0
89583,27
89584,0
89585,0
89586,0
89587,22
89588,34
89589,0
89590,0
89591,30
89592,0
89593,0
89594,0
89595,0
89596,0
89597,0
89598,0
89599,0
89600,28
89601,0
89602,0
89603,0
89604,30
89605,0
89606,0
89607,0
89608,31
89609,0
89610,0
89611,0
89612,0
89613,25
89614,0
89615,0
89616,0
89617,21
89618,0
89619,17
89620,0
89621,0
89622,0
89623,0
89624,24
89625,0
89626,0
89627,0
89628,0
89629,0
89630,0
89631,0
89632,0
89633,30
89634,0
89635,30
89636,32
89637,0
89638,0
89639,0
89640,0
89641,28
89642,0
89643,0
89644,0
89645,44
89646,0
89647,0
89648,0
89649,0
89650,0
89651,40
89652,0
89653,30
89654,0
89655,28
89656,0
89657,0
89658,0
89659,0
89660,0
89661,0
89662,0
89663,0
89664,32
89665,31
89666,0
89667,0
89668,0
89669,0
89670,0
89671,0
89672,25
89673,0
89674,0
89675,22
89676,0
89677,17
89678,23
89679,0
89680,0
89681,0
89682,0
89683,0
89684,0
89685,0
89686,0
89687,0
89688,0
89689,0
89690,0
89691,0
89692,24
89693,0
89694,0
89695,0
89696,0
89697,0
89698,0
89699,0
89700,24
89701,0
89702,0
89703,23
89704,0
89705,0
89706,28
89707,0
89708,21
89709,0
89710,0
89711,0
89712,0
89713,0
89714,0
89715,0
89716,0
89717,0
89718,32
89719,28
89720,0
89721,0
89722,0
89723,0
89724,0
89725,0
89726,0
89727,27
89728,0
89729,29
89730,0
89731,25
89732,0
89733,40
89734,35
89735,0
89736,0
89737,0
89738,0
89739,0
89740,0
89741,0
89742,0
89743,0
89744,16
89745,12
89746,0
89747,0
89748,0
89749,0
89750,26
89751,20
89752,25
89753,0
89754,0
89755,25
89756,0
89757,0
89758,18
89759,17
89760,21
89761,0
89762,0
89763,0
89764,0
89765,0
89766,0
89767,0
89768,0
89769,0
89770,0
89771,0
89772,0
89773,0
89774,0
89775,32
89776,25
89777,25
89778,0
89779,35
89780,0
89781,0
89782,0
89783,24
89784,0
89785,0
89786,0
89787,19
89788,0
89789,0
89790,0
89791,0
89792,0
89793,0
89794,0
89795,0
89796,0
89797,0
89798,0
89799,0
89800,0
89801,0
89802,0
89803,0
89804,26
89805,21
89806,0
89807,18
89808,0
89809,26
89810,0
89811,0
89812,23
89813,0
89814,26
89815,0
89816,27
89817,0
89818,26
89819,19
89820,0
89821,0
89822,0
89823,0
89824,20
89825,0
89826,24
89827,0
89828,0
89829,15
89830,0
89831,0
89832,0
89833,21
89834,25
89835,34
89836,0
89837,37
89838,0
89839,0
89840,0
89841,0
89842,0
89843,0
89844,0
89845,23
89846,0
89847,30
89848,0
89849,0
89850,0
89851,0
89852,0
89853,0
89854,16
89855,0
89856,0
89857,16
89858,0
89859,28
89860,0
89861,0
89862,0
89863,21
89864,0
89865,0
89866,0
89867,0
89868,0
89869,0
89870,20
89871,0
89872,0
89873,0
89874,0
89875,17
89876,0
89877,15
89878,0
89879,0
89880,0
89881,0
89882,0
89883,0
89884,24
89885,27
89886,19
89887,24
89888,0
89889,0
89890,0
89891,0
89892,0
89893,0
89894,41
89895,0
89896,0
89897,25
89898,0
89899,0
89900,0
89901,0
89902,0
89903,0
89904,23
89905,0
89906,0
89907,0
89908,0
89909,0
89910,0
89911,0
89912,26
89913,0
89914,0
89915,0
89916,0
89917,0
89918,0
89919,0
89920,17
89921,0
89922,0
89923,0
89924,0
89925,0
89926,0
89927,22
89928,0
89929,0
89930,0
89931,0
89932,0
89933,28
89934,0
89935,33
89936,0
89937,36
89938,21
89939,0
89940,28
89941,0
89942,24
89943,0
89944,0
89945,0
89946,0
89947,0
89948,19
89949,0
89950,0
89951,24
89952,0
89953,0
89954,0
89955,0
89956,22
89957,0
89958,0
89959,0
89960,0
89961,0
89962,31
89963,0
89964,0
89965,0
89966,36
89967,0
89968,28
89969,27
89970,0
89971,0
89972,0
89973,0
89974,0
89975,0
89976,0
89977,0
89978,0
89979,0
89980,0
89981,0
89982,0
89983,0
89984,0
89985,0
89986,23
89987,0
89988,0
89989,0
89990,17
89991,0
89992,0
89993,19
89994,0
89995,0
89996,28
89997,0
89998,0
89999,0
90000,0
90001,27
90002,0
90003,31
90004,28
90005,0
90006,0
90007,0
90008,0
90009,0
90010,0
90011,0
90012,26
90013,36
90014,0
90015,0
90016,0
90017,0
90018,0
90019,0
90020,31
90021,0
90022,0
90023,32
90024,0
90025,0
90026,0
90027,31
90028,0
90029,26
90030,0
90031,0
90032,0
90033,23
90034,0
90035,0
90036,0
90037,0
90038,0
90039,22
90040,0
90041,0
90042,19
90043,0
90044,0
90045,0
90046,0
90047,0
90048,0
90049,0
90050,0
90051,0
90052,0
90053,0
90054,0
90055,0
90056,0
90057,0
90058,0
90059,0
90060,14
90061,0
90062,29
90063,0
90064,0
90065,0
90066,22
90067,0
90068,0
90069,0
90070,17
90071,0
90072,0
90073,0
90074,28
90075,0
90076,0
90077,0
90078,0
90079,0
90080,0
90081,0
90082,0
90083,0
90084,0
90085,0
90086,0
90087,0
90088,0
90089,0
90090,0
90091,0
90092,0
90093,0
90094,0
90095,28
90096,0
90097,22
90098,18
90099,24
90100,15
90101,0
90102,0
90103,0
90104,0
90105,0
90106,0
90107,0
90108,0
90109,0
90110,0
90111,0
90112,0
90113,24
90114,0
90115,0
90116,0
90117,0
90118,18
90119,0
90120,0
90121,0
90122,0
90123,0
90124,0
90125,0
90126,0
90127,0
90128,0
90129,0
90130,14
90131,0
90132,0
90133,0
90134,21
90135,0
90136,0
90137,0
90138,0
90139,0
90140,0
90141,42
90142,20
90143,17
90144,38
90145,0
90146,0
90147,32
90148,0
90149,27
90150,0
90151,31
90152,0
90153,0
90154,0
90155,0
90156,0
90157,0
90158,0
90159,20
90160,0
90161,0
90162,0
90163,19
90164,33
90165,0
90166,0
90167,0
90168,0
90169,0
90170,0
90171,0
90172,25
90173,0
90174,0
90175,0
90176,28
90177,29
90178,0
90179,0
90180,0
90181,0
90182,24
90183,0
90184,0
90185,29
90186,0
90187,0
90188,27
90189,0
90190,38
90191,0
90192,0
90193,0
90194,0
90195,0
90196,0
90197,0
90198,0
90199,0
90200,0
90201,0
90202,19
90203,34
90204,21
90205,17
90206,12
90207,26
90208,0
90209,0
90210,20
90211,0
90212,0
90213,21
90214,11
90215,0
90216,0
90217,24
90218,31
90219,0
90220,26
90221,0
90222,0
90223,0
90224,31
90225,0
90226,0
90227,0
90228,0
90229,0
90230,0
90231,0
90232,0
90233,0
90234,0
90235,0
90236,0
90237,0
90238,0
90239,0
90240,0
90241,0
90242,0
90243,0
90244,28
90245,0
90246,0
90247,0
90248,0
90249,0
90250,36
90251,0
90252,0
90253,19
90254,0
90255,23
90256,0
90257,22
90258,0
90259,0
90260,24
90261,0
90262,0
90263,0
90264,0
90265,0
90266,0
90267,0
90268,0
90269,0
90270,0
90271,0
90272,24
90273,0
90274,0
90275,0
90276,0
90277,0
90278,36
90279,32
90280,0
90281,29
90282,0
90283,0
90284,0
90285,0
90286,0
90287,0
90288,0
90289,23
90290,0
90291,0
90292,0
90293,0
90294,0
90295,0
90296,0
90297,29
90298,23
90299,0
90300,0
90301,0
90302,31
90303,0
90304,0
90305,22
90306,0
90307,0
90308,0
90309,0
90310,26
90311,27
90312,0
90313,27
90314,0
90315,0
90316,0
90317,0
90318,22
90319,24
90320,0
90321,0
90322,0
90323,0
90324,0
90325,0
90326,17
90327,19
90328,0
90329,0
90330,27
90331,0
90332,27
90333,29
90334,0
90335,22
90336,18
90337,0
90338,0
90339,0
90340,0
90341,0
90342,0
90343,12
90344,0
90345,0
90346,0
90347,29
90348,0
90349,0
90350,0
90351,0
90352,0
90353,0
90354,0
90355,0
90356,0
90357,0
90358,0
90359,0
90360,0
90361,17
90362,0
90363,0
90364,0
90365,0
90366,19
90367,21
90368,0
90369,0
90370,0
90371,0
90372,0
90373,0
90374,24
90375,15
90376,23
90377,15
90378,31
90379,0
90380,0
90381,24
90382,0
90383,0
90384,0
90385,22
90386,0
90387,27
90388,0
90389,26
90390,0
90391,0
90392,30
90393,0
90394,0
90395,0
90396,0
90397,0
90398,0
90399,0
90400,0
90401,23
90402,0
90403,0
90404,0
90405,0
90406,0
90407,0
90408,0
90409,0
90410,0
90411,0
90412,0
90413,0
90414,0
90415,17
90416,28
90417,0
90418,0
90419,0
90420,25
90421,0
90422,0
90423,29
90424,0
90425,20
90426,0
90427,0
90428,0
90429,15
90430,0
90431,0
90432,0
90433,0
90434,0
90435,0
90436,0
90437,20
90438,29
90439,0
90440,0
90441,0
90442,27
90443,0
90444,0
90445,0
90446,28
90447,24
90448,0
90449,0
90450,0
90451,20
90452,0
90453,19
90454,0
90455,20
90456,0
90457,0
90458,25
90459,0
90460,0
90461,0
90462,0
90463,0
90464,0
90465,0
90466,21
90467,0
90468,0
90469,0
90470,0
90471,0
90472,0
90473,19
90474,0
90475,0
90476,0
90477,0
90478,0
90479,0
90480,0
90481,0
90482,0
90483,0
90484,22
90485,0
90486,31
90487,0
90488,0
90489,16
90490,24
90491,0
90492,27
90493,0
90494,0
90495,0
90496,21
90497,0
90498,0
90499,0
90500,20
90501,0
90502,0
90503,0
90504,0
90505,0
90506,0
90507,0
90508,0
90509,0
90510,0
90511,0
90512,0
90513,0
90514,0
90515,14
90516,0
90517,0
90518,0
90519,0
90520,0
90521,0
90522,16
90523,0
90524,0
90525,0
90526,0
90527,0
90528,0
90529,0
90530,0
90531,0
90532,0
90533,0
90534,22
90535,0
90536,0
90537,0
90538,0
90539,0
90540,0
90541,0
90542,0
90543,0
90544,0
90545,62
90546,0
90547,0
90548,0
90549,0
90550,0
90551,0
90552,0
90553,0
90554,0
90555,0
90556,0
90557,0
90558,0
90559,21
90560,0
90561,0
90562,0
90563,0
90564,0
90565,0
90566,0
90567,9
90568,0
90569,0
90570,0
90571,0
90572,0
90573,0
90574,6
90575,0
90576,0
90577,0
90578,0
90579,0
90580,0
90581,0
90582,0
90583,0
90584,0
90585,0
90586,0
90587,0
90588,0
90589,0
90590,0
90591,0
90592,0
90593,0
90594,0
90595,0
90596,0
90597,7
90598,0
90599,8
90600,7
90601,0
90602,0
90603,0
90604,0
90605,0
90606,11
90607,0
90608,0
90609,0
90610,0
90611,0
90612,0
90613,0
90614,0
90615,0
90616,0
90617,0
90618,0
90619,0
90620,0
90621,0
90622,7
90623,0
90624,0
90625,0
90626,0
90627,0
90628,0
90629,0
90630,0
90631,0
90632,0
90633,0
90634,0
90635,0
90636,0
90637,0
90638,0
90639,0
90640,7
90641,0
90642,0
90643,0
90644,10
90645,0
90646,0
90647,0
90648,0
90649,0
90650,0
90651,0
90652,0
90653,0
90654,0
90655,0
90656,0
90657,0
90658,0
90659,0
90660,0
90661,0
90662,0
90663,0
90664,0
90665,0
90666,0
90667,0
90668,0
90669,0
90670,12
90671,0
90672,10
90673,0
90674,0
90675,0
90676,0
90677,0
90678,0
90679,0
90680,0
90681,0
90682,0
90683,0
90684,0
90685,0
90686,0
90687,0
90688,0
90689,0
90690,0
90691,0
90692,0
90693,0
90694,0
90695,0
90696,0
90697,0
90698,0
90699,0
90700,0
90701,0
90702,0
90703,0
90704,0
90705,0
90706,0
90707,0
90708,0
90709,0
90710,0
90711,0
90712,0
90713,0
90714,0
90715,0
90716,0
90717,0
90718,0
90719,0
90720,0
90721,0
90722,0
90723,0
90724,0
90725,0
90726,0
90727,0
90728,0
90729,0
90730,0
90731,3
90732,0
90733,0
90734,0
90735,0
90736,0
90737,0
90738,0
90739,0
90740,0
90741,0
90742,0
90743,0
90744,0
90745,0
90746,0
90747,0
90748,9
90749,0
90750,0
90751,0
90752,0
90753,0
90754,0
90755,0
90756,0
90757,0
90758,0
90759,0
90760,0
90761,0
90762,0
90763,0
90764,0
90765,0
90766,6
90767,0
90768,10
90769,0
90770,0
90771,0
90772,8
90773,0
90774,0
90775,0
90776,0
90777,0
90778,0
90779,0
90780,0
90781,0
90782,0
90783,0
90784,0
90785,0
90786,0
90787,0
90788,0
90789,0
90790,0
90791,0
90792,0
90793,0
90794,0
90795,0
90796,0
90797,0
90798,7
90799,0
90800,0
90801,0
90802,0
90803,0
90804,0
90805,0
90806,0
90807,0
90808,0
90809,0
90810,0
90811,0
90812,0
90813,0
90814,0
90815,0
90816,0
90817,0
90818,0
90819,0
90820,0
90821,0
90822,0
90823,0
90824,0
90825,0
90826,0
90827,0
90828,0
90829,0
90830,0
90831,0
90832,0
90833,0
90834,7
90835,0
90836,0
90837,0
90838,0
90839,0
90840,0
90841,0
90842,0
90843,0
90844,0
90845,0
90846,0
90847,0
90848,0
90849,7
90850,0
90851,7
90852,0
90853,0
90854,0
90855,0
90856,0
90857,0
90858,0
90859,0
90860,0
90861,0
90862,0
90863,0
90864,0
90865,0
90866,0
90867,0
90868,0
90869,0
90870,0
90871,0
90872,0
90873,0
90874,0
90875,0
90876,0
90877,8
90878,0
90879,0
90880,8
90881,0
90882,0
90883,0
90884,0
90885,0
90886,0
90887,0
90888,0
90889,4
90890,0
90891,0
90892,0
90893,0
90894,0
90895,8
90896,0
90897,0
90898,0
90899,0
90900,0
90901,0
90902,0
90903,0
90904,0
90905,0
90906,0
90907,0
90908,5
90909,0
90910,0
90911,0
90912,5
90913,0
90914,0
90915,0
90916,0
90917,0
90918,0
90919,0
90920,0
90921,0
90922,0
90923,0
90924,0
90925,0
90926,0
90927,0
90928,0
90929,2
90930,0
90931,9
90932,0
90933,0
90934,0
90935,0
90936,0
90937,0
90938,0
90939,0
90940,0
90941,0
90942,0
90943,0
90944,0
90945,0
90946,0
90947,0
90948,0
90949,0
90950,0
90951,0
90952,0
90953,0
90954,0
90955,6
90956,0
90957,0
90958,0
90959,0
90960,0
90961,0
90962,0
90963,0
90964,0
90965,0
90966,0
90967,0
90968,0
90969,0
90970,0
90971,0
90972,0
90973,0
90974,0
90975,10
90976,0
90977,0
90978,0
90979,9
90980,0
90981,0
90982,0
90983,0
90984,0
90985,0
90986,0
90987,0
90988,0
90989,0
90990,0
90991,10
90992,0
90993,0
90994,0
90995,0
90996,0
90997,0
90998,11
90999,0
91000,0
91001,0
91002,0
91003,10
91004,0
91005,0
91006,0
91007,0
91008,0
91009,0
91010,0
91011,0
91012,0
91013,4
91014,0
91015,0
91016,0
91017,0
91018,0
91019,0
91020,10
91021,0
91022,0
91023,0
91024,0
91025,0
91026,0
91027,12
91028,0
91029,0
91030,0
91031,0
91032,0
91033,0
91034,0
91035,0
91036,0
91037,0
91038,0
91039,0
91040,0
91041,0
91042,0
91043,0
91044,0
91045,7
91046,0
91047,0
91048,0
91049,0
91050,0
91051,0
91052,0
91053,0
91054,0
91055,0
91056,0
91057,0
91058,0
91059,0
91060,0
91061,0
91062,0
91063,0
91064,0
91065,0
91066,0
91067,0
91068,0
91069,0
91070,0
91071,0
91072,0
91073,0
91074,0
91075,0
91076,0
91077,0
91078,0
91079,0
91080,0
91081,0
91082,0
91083,0
91084,0
91085,0
91086,0
91087,0
91088,0
91089,0
91090,0
91091,0
91092,0
91093,0
91094,0
91095,0
91096,0
91097,0
91098,0
91099,0
91100,0
91101,0
91102,0
91103,0
91104,0
91105,0
91106,9
91107,0
91108,0
91109,0
91110,7
91111,0
91112,0
91113,0
91114,11
91115,0
91116,0
91117,0
91118,0
91119,0
91120,4
91121,0
91122,0
91123,0
91124,0
91125,0
91126,0
91127,0
91128,0
91129,0
91130,0
91131,0
91132,0
91133,0
91134,0
91135,0
91136,0
91137,0
91138,0
91139,0
91140,0
91141,0
91142,0
91143,0
91144,0
91145,0
91146,0
91147,0
91148,0
91149,0
91150,0
91151,0
91152,0
91153,0
91154,0
91155,5
91156,0
91157,0
91158,0
91159,0
91160,0
91161,0
91162,0
91163,0
91164,0
91165,0
91166,0
91167,4
91168,0
91169,0
91170,7
91171,5
91172,0
91173,0
91174,0
91175,0
91176,0
91177,0
91178,0
91179,0
91180,0
91181,0
91182,0
91183,0
91184,0
91185,0
91186,0
91187,0
91188,0
91189,0
91190,0
91191,0
91192,0
91193,0
91194,0
91195,0
91196,0
91197,0
91198,0
91199,0
91200,13
91201,0
91202,0
91203,11
91204,0
91205,0
91206,0
91207,0
91208,0
91209,0
91210,0
91211,0
91212,0
91213,0
91214,0
91215,11
91216,0
91217,0
91218,0
91219,0
91220,0
91221,0
91222,0
91223,0
91224,0
91225,0
91226,0
91227,0
91228,0
91229,0
91230,0
91231,0
91232,0
91233,0
91234,0
91235,0
91236,0
91237,0
91238,0
91239,0
91240,0
91241,0
91242,0
91243,0
91244,0
91245,0
91246,0
91247,0
91248,0
91249,0
91250,0
91251,0
91252,0
91253,0
91254,0
91255,4
91256,0
91257,0
91258,0
91259,0
91260,0
91261,0
91262,0
91263,0
91264,0
91265,0
91266,0
91267,0
91268,0
91269,11
91270,0
91271,0
91272,9
91273,0
91274,0
91275,0
91276,0
91277,0
91278,0
91279,0
91280,0
91281,0
91282,9
91283,0
91284,0
91285,0
91286,0
91287,0
91288,0
91289,0
91290,0
91291,5
91292,0
91293,0
91294,0
91295,0
91296,0
91297,0
91298,0
91299,0
91300,0
91301,0
91302,0
91303,0
91304,0
91305,0
91306,0
91307,0
91308,0
91309,0
91310,0
91311,0
91312,0
91313,0
91314,0
91315,0
91316,0
91317,0
91318,0
91319,0
91320,0
91321,0
91322,0
91323,0
91324,0
91325,0
91326,0
91327,0
91328,0
91329,0
91330,0
91331,0
91332,0
91333,0
91334,0
91335,0
91336,0
91337,14
91338,0
91339,0
91340,0
91341,0
91342,0
91343,0
91344,0
91345,0
91346,0
91347,0
91348,0
91349,0
91350,0
91351,0
91352,0
91353,0
91354,0
91355,0
91356,0
91357,0
91358,0
91359,0
91360,0
91361,0
91362,0
91363,0
91364,0
91365,0
91366,0
91367,0
91368,0
91369,0
91370,0
91371,0
91372,0
91373,0
91374,0
91375,0
91376,0
91377,0
91378,0
91379,0
91380,0
91381,0
91382,0
91383,0
91384,0
91385,0
91386,9
91387,0
91388,0
91389,0
91390,0
91391,0
91392,0
91393,0
91394,0
91395,0
91396,0
91397,0
91398,0
91399,0
91400,0
91401,0
91402,0
91403,0
91404,2
91405,0
91406,0
91407,0
91408,0
91409,0
91410,0
91411,0
91412,0
91413,0
91414,0
91415,0
91416,0
91417,0
91418,0
91419,0
91420,0
91421,0
91422,0
91423,0
91424,0
91425,0
91426,0
91427,0
91428,0
91429,0
91430,0
91431,0
91432,0
91433,0
91434,0
91435,0
91436,5
91437,0
91438,0
91439,0
91440,0
91441,0
91442,0
91443,0
91444,0
91445,4
91446,0
91447,0
91448,0
91449,0
91450,0
91451,0
91452,0
91453,0
91454,0
91455,0
91456,0
91457,0
91458,0
91459,0
91460,0
91461,0
91462,0
91463,0
91464,0
91465,0
91466,0
91467,0
91468,0
91469,0
91470,0
91471,0
91472,0
91473,0
91474,0
91475,0
91476,0
91477,0
91478,0
91479,0
91480,0
91481,0
91482,0
91483,0
91484,0
91485,0
91486,0
91487,0
91488,0
91489,0
91490,0
91491,9
91492,0
91493,0
91494,0
91495,0
91496,0
91497,0
91498,0
91499,0
91500,0
91501,0
91502,0
91503,0
91504,0
91505,0
91506,9
91507,0
91508,0
91509,0
91510,0
91511,0
91512,0
91513,0
91514,0
91515,26
91516,0
91517,28
91518,0
91519,0
91520,0
91521,0
91522,0
91523,0
91524,0
91525,0
91526,0
91527,0
91528,0
91529,0
91530,0
91531,0
91532,0
91533,0
91534,0
91535,0
91536,0
91537,0
91538,0
91539,0
91540,0
91541,0
91542,0
91543,0
91544,0
91545,0
91546,0
91547,0
91548,0
91549,0
91550,0
91551,0
91552,0
91553,0
91554,0
91555,0
91556,0
91557,0
91558,0
91559,0
91560,0
91561,0
91562,0
91563,0
91564,0
91565,0
91566,0
91567,0
91568,0
91569,0
91570,0
91571,17
91572,0
91573,0
91574,0
91575,0
91576,0
91577,0
91578,0
91579,0
91580,0
91581,21
91582,27
91583,0
91584,0
91585,0
91586,0
91587,29
91588,0
91589,0
91590,0
91591,0
91592,0
91593,0
91594,0
91595,0
91596,0
91597,0
91598,0
91599,0
91600,0
91601,0
91602,0
91603,28
91604,0
91605,0
91606,0
91607,0
91608,0
91609,0
91610,0
91611,0
91612,0
91613,0
91614,0
91615,0
91616,0
91617,0
91618,0
91619,0
91620,0
91621,0
91622,0
91623,0
91624,0
91625,0
91626,0
91627,0
91628,0
91629,0
91630,0
91631,0
91632,0
91633,0
91634,0
91635,0
91636,0
91637,0
91638,0
91639,0
91640,23
91641,24
91642,0
91643,0
91644,0
91645,0
91646,0
91647,0
91648,0
91649,0
91650,0
91651,0
91652,0
91653,0
91654,0
91655,0
91656,0
91657,29
91658,0
91659,0
91660,0
91661,0
91662,0
91663,15
91664,30
91665,0
91666,0
91667,0
91668,0
91669,0
91670,0
91671,22
91672,0
91673,0
91674,0
91675,0
91676,0
91677,0
91678,0
91679,0
91680,0
91681,0
91682,0
91683,0
91684,0
91685,0
91686,0
91687,0
91688,0
91689,0
91690,0
91691,24
91692,0
91693,0
91694,0
91695,0
91696,0
91697,0
91698,0
91699,0
91700,0
91701,0
91702,0
91703,0
91704,0
91705,0
91706,0
91707,0
91708,0
91709,0
91710,0
91711,0
91712,0
91713,0
91714,32
91715,0
91716,0
91717,0
91718,0
91719,0
91720,0
91721,0
91722,0
91723,0
91724,0
91725,0
91726,0
91727,0
91728,0
91729,0
91730,0
91731,0
91732,0
91733,0
91734,0
91735,0
91736,0
91737,0
91738,0
91739,0
91740,0
91741,0
91742,0
91743,0
91744,0
91745,0
91746,0
91747,0
91748,0
91749,0
91750,0
91751,0
91752,0
91753,0
91754,0
91755,0
91756,0
91757,0
91758,0
91759,0
91760,0
91761,0
91762,0
91763,0
91764,0
91765,0
91766,28
91767,0
91768,0
91769,0
91770,0
91771,0
91772,0
91773,0
91774,0
91775,0
91776,0
91777,0
91778,0
91779,0
91780,0
91781,0
91782,0
91783,0
91784,0
91785,0
91786,0
91787,0
91788,0
91789,0
91790,0
91791,0
91792,24
91793,0
91794,0
91795,0
91796,0
91797,0
91798,0
91799,0
91800,0
91801,0
91802,0
91803,0
91804,0
91805,0
91806,38
91807,0
91808,0
91809,0
91810,0
91811,0
91812,0
91813,0
91814,0
91815,0
91816,0
91817,0
91818,0
91819,0
91820,0
91821,18
91822,0
91823,0
91824,0
91825,0
91826,0
91827,0
91828,0
91829,0
91830,0
91831,0
91832,0
91833,0
91834,0
91835,0
91836,0
91837,0
91838,0
91839,0
91840,0
91841,0
91842,0
91843,22
91844,0
91845,0
91846,0
91847,0
91848,0
91849,0
91850,0
91851,0
91852,0
91853,0
91854,0
91855,0
91856,0
91857,0
91858,0
91859,0
91860,0
91861,0
91862,0
91863,0
91864,0
91865,0
91866,0
91867,0
91868,0
91869,0
91870,0
91871,0
91872,0
91873,0
91874,0
91875,0
91876,0
91877,0
91878,32
91879,0
91880,0
91881,0
91882,0
91883,0
91884,0
91885,0
91886,0
91887,0
91888,0
91889,24
91890,0
91891,0
91892,0
91893,0
91894,0
91895,0
91896,0
91897,0
91898,0
91899,0
91900,0
91901,0
91902,0
91903,0
91904,0
91905,0
91906,0
91907,0
91908,26
91909,0
91910,0
91911,0
91912,25
91913,0
91914,0
91915,0
91916,0
91917,0
91918,0
91919,0
91920,0
91921,0
91922,0
91923,0
91924,0
91925,0
91926,0
91927,0
91928,0
91929,0
91930,0
91931,0
91932,0
91933,0
91934,0
91935,0
91936,0
91937,0
91938,0
91939,15
91940,0
91941,0
91942,0
91943,0
91944,0
91945,7
91946,0
91947,0
91948,4
91949,0
91950,0
91951,0
91952,0
91953,0
91954,0
91955,3
91956,0
91957,0
91958,0
91959,0
91960,0
91961,0
91962,0
91963,0
91964,0
91965,0
91966,0
91967,0
91968,0
91969,0
91970,0
91971,11
91972,0
91973,0
91974,0
91975,0
91976,0
91977,0
91978,7
91979,0
91980,0
91981,0
91982,10
91983,0
91984,0
91985,0
91986,0
91987,0
91988,0
91989,0
91990,0
91991,7
91992,11
91993,0
91994,0
91995,0
91996,0
91997,0
91998,0
91999,0
92000,0
92001,0
92002,0
92003,0
92004,0
92005,0
92006,0
92007,0
92008,0
92009,0
92010,0
92011,0
92012,1
92013,0
92014,0
92015,0
92016,0
92017,0
92018,12
92019,0
92020,0
92021,0
92022,0
92023,0
92024,0
92025,0
92026,0
92027,0
92028,7
92029,0
92030,0
92031,0
92032,0
92033,0
92034,0
92035,0
92036,0
92037,0
92038,0
92039,0
92040,0
92041,0
92042,0
92043,0
92044,0
92045,0
92046,0
92047,0
92048,13
92049,0
92050,0
92051,0
92052,0
92053,0
92054,0
92055,0
92056,0
92057,0
92058,0
92059,0
92060,0
92061,0
92062,0
92063,0
92064,0
92065,0
92066,0
92067,0
92068,0
92069,0
92070,0
92071,0
92072,0
92073,0
92074,0
92075,0
92076,0
92077,0
92078,0
92079,0
92080,0
92081,0
92082,0
92083,0
92084,0
92085,0
92086,0
92087,0
92088,0
92089,0
92090,0
92091,0
92092,0
92093,12
92094,0
92095,0
92096,0
92097,0
92098,0
92099,0
92100,0
92101,0
92102,0
92103,0
92104,0
92105,0
92106,0
92107,0
92108,0
92109,0
92110,0
92111,10
92112,0
92113,0
92114,0
92115,0
92116,0
92117,0
92118,0
92119,0
92120,0
92121,0
92122,0
92123,12
92124,0
92125,0
92126,0
92127,0
92128,0
92129,0
92130,0
92131,0
92132,0
92133,5
92134,0
92135,0
92136,0
92137,0
92138,0
92139,0
92140,0
92141,0
92142,0
92143,0
92144,0
92145,14
92146,0
92147,11
92148,0
92149,9
92150,12
92151,0
92152,0
92153,0
92154,0
92155,0
92156,0
92157,0
92158,0
92159,0
92160,0
92161,0
92162,0
92163,0
92164,0
92165,0
92166,0
92167,0
92168,0
92169,0
92170,0
92171,0
92172,0
92173,12
92174,0
92175,0
92176,0
92177,0
92178,0
92179,15
92180,0
92181,12
92182,0
92183,8
92184,0
92185,0
92186,0
92187,0
92188,0
92189,0
92190,0
92191,0
92192,0
92193,6
92194,5
92195,0
92196,0
92197,0
92198,0
92199,0
92200,0
92201,0
92202,0
92203,0
92204,0
92205,0
92206,0
92207,11
92208,0
92209,13
92210,0
92211,0
92212,9
92213,0
92214,0
92215,12
92216,0
92217,0
92218,2
92219,0
92220,0
92221,0
92222,0
92223,0
92224,0
92225,0
92226,0
92227,0
92228,0
92229,17
92230,0
92231,0
92232,0
92233,0
92234,0
92235,0
92236,0
92237,0
92238,0
92239,0
92240,12
92241,0
92242,0
92243,0
92244,0
92245,11
92246,0
92247,0
92248,0
92249,0
92250,0
92251,0
92252,13
92253,0
92254,0
92255,0
92256,0
92257,0
92258,0
92259,0
92260,12
92261,0
92262,0
92263,0
92264,0
92265,0
92266,0
92267,0
92268,0
92269,0
92270,0
92271,0
92272,0
92273,0
92274,0
92275,0
92276,0
92277,0
92278,0
92279,0
92280,0
92281,0
92282,0
92283,0
92284,0
92285,0
92286,0
92287,0
92288,0
92289,0
92290,0
92291,0
92292,0
92293,0
92294,0
92295,0
92296,0
92297,9
92298,9
92299,0
92300,0
92301,0
92302,19
92303,0
92304,0
92305,0
92306,0
92307,0
92308,0
92309,0
92310,0
92311,0
92312,0
92313,0
92314,0
92315,0
92316,0
92317,0
92318,0
92319,0
92320,0
92321,0
92322,0
92323,0
92324,11
92325,14
92326,0
92327,0
92328,11
92329,0
92330,0
92331,0
92332,0
92333,0
92334,0
92335,0
92336,0
92337,0
92338,0
92339,0
92340,0
92341,0
92342,7
92343,0
92344,0
92345,0
92346,0
92347,0
92348,0
92349,0
92350,0
92351,12
92352,0
92353,0
92354,4
92355,0
92356,0
92357,0
92358,0
92359,10
92360,0
92361,0
92362,9
92363,0
92364,0
92365,0
92366,13
92367,0
92368,7
92369,0
92370,0
92371,0
92372,0
92373,0
92374,0
92375,0
92376,0
92377,0
92378,15
92379,0
92380,0
92381,0
92382,7
92383,0
92384,0
92385,0
92386,0
92387,0
92388,0
92389,0
92390,0
92391,0
92392,0
92393,0
92394,0
92395,0
92396,0
92397,0
92398,0
92399,0
92400,0
92401,0
92402,0
92403,0
92404,12
92405,12
92406,0
92407,0
92408,0
92409,12
92410,0
92411,0
92412,0
92413,0
92414,0
92415,0
92416,0
92417,0
92418,0
92419,0
92420,0
92421,0
92422,0
92423,0
92424,0
92425,0
92426,0
92427,0
92428,0
92429,0
92430,7
92431,0
92432,0
92433,0
92434,0
92435,0
92436,0
92437,0
92438,0
92439,0
92440,8
92441,0
92442,11
92443,0
92444,0
92445,0
92446,0
92447,0
92448,5
92449,0
92450,0
92451,0
92452,0
92453,0
92454,0
92455,0
92456,0
92457,0
92458,0
92459,0
92460,8
92461,0
92462,0
92463,0
92464,0
92465,0
92466,0
92467,0
92468,7
92469,0
92470,0
92471,0
92472,0
92473,0
92474,0
92475,0
92476,0
92477,12
92478,0
92479,0
92480,0
92481,0
92482,0
92483,8
92484,14
92485,0
92486,7
92487,0
92488,8
92489,0
92490,0
92491,0
92492,0
92493,0
92494,14
92495,0
92496,0
92497,0
92498,0
92499,0
92500,0
92501,0
92502,0
92503,0
92504,0
92505,8
92506,0
92507,0
92508,6
92509,0
92510,0
92511,0
92512,0
92513,0
92514,0
92515,13
92516,0
92517,0
92518,0
92519,0
92520,0
92521,15
92522,0
92523,0
92524,0
92525,0
92526,0
92527,0
92528,0
92529,0
92530,0
92531,0
92532,0
92533,0
92534,0
92535,0
92536,0
92537,0
92538,0
92539,0
92540,0
92541,0
92542,0
92543,0
92544,0
92545,0
92546,0
92547,0
92548,0
92549,0
92550,10
92551,0
92552,0
92553,0
92554,0
92555,0
92556,0
92557,0
92558,8
92559,0
92560,0
92561,0
92562,0
92563,0
92564,13
92565,0
92566,0
92567,0
92568,10
92569,11
92570,0
92571,0
92572,0
92573,0
92574,0
92575,0
92576,0
92577,0
92578,6
92579,14
92580,6
92581,0
92582,0
92583,0
92584,0
92585,0
92586,0
92587,0
92588,0
92589,0
92590,0
92591,0
92592,0
92593,0
92594,0
92595,0
92596,0
92597,0
92598,0
92599,0
92600,0
92601,0
92602,0
92603,0
92604,13
92605,0
92606,0
92607,0
92608,8
92609,0
92610,0
92611,0
92612,0
92613,5
92614,0
92615,13
92616,0
92617,0
92618,0
92619,0
92620,0
92621,0
92622,0
92623,8
92624,0
92625,12
92626,0
92627,0
92628,0
92629,0
92630,0
92631,0
92632,0
92633,0
92634,0
92635,0
92636,0
92637,0
92638,0
92639,0
92640,0
92641,0
92642,0
92643,6
92644,0
92645,10
92646,0
92647,0
92648,0
92649,9
92650,0
92651,0
92652,12
92653,0
92654,0
92655,0
92656,0
92657,0
92658,0
92659,0
92660,0
92661,0
92662,3
92663,0
92664,0
92665,0
92666,0
92667,0
92668,0
92669,0
92670,0
92671,0
92672,0
92673,0
92674,0
92675,10
92676,0
92677,0
92678,0
92679,0
92680,0
92681,0
92682,0
92683,0
92684,0
92685,28
92686,0
92687,0
92688,28
92689,0
92690,0
92691,0
92692,0
92693,0
92694,0
92695,12
92696,19
92697,0
92698,0
92699,0
92700,20
92701,0
92702,0
92703,16
92704,0
92705,0
92706,0
92707,0
92708,0
92709,18
92710,0
92711,0
92712,0
92713,0
92714,23
92715,0
92716,0
92717,0
92718,0
92719,21
92720,0
92721,0
92722,0
92723,0
92724,0
92725,28
92726,0
92727,0
92728,0
92729,0
92730,22
92731,0
92732,0
92733,0
92734,18
92735,0
92736,31
92737,0
92738,0
92739,18
92740,0
92741,0
92742,0
92743,17
92744,0
92745,21
92746,0
92747,0
92748,0
92749,0
92750,0
92751,19
92752,0
92753,0
92754,0
92755,22
92756,0
92757,33
92758,0
92759,0
92760,0
92761,0
92762,0
92763,0
92764,0
92765,0
92766,0
92767,0
92768,0
92769,0
92770,0
92771,0
92772,17
92773,0
92774,35
92775,0
92776,0
92777,0
92778,0
92779,0
92780,0
92781,0
92782,0
92783,19
92784,0
92785,0
92786,0
92787,0
92788,0
92789,0
92790,25
92791,0
92792,0
92793,0
92794,12
92795,0
92796,0
92797,0
92798,0
92799,0
92800,0
92801,12
92802,0
92803,0
92804,0
92805,0
92806,0
92807,0
92808,0
92809,0
92810,0
92811,19
92812,0
92813,0
92814,0
92815,0
92816,0
92817,0
92818,0
92819,27
92820,0
92821,0
92822,0
92823,0
92824,0
92825,0
92826,0
92827,0
92828,0
92829,24
92830,0
92831,0
92832,0
92833,0
92834,0
92835,27
92836,16
92837,0
92838,0
92839,0
92840,0
92841,0
92842,0
92843,0
92844,0
92845,18
92846,0
92847,0
92848,0
92849,15
92850,15
92851,0
92852,0
92853,0
92854,0
92855,0
92856,27
92857,29
92858,0
92859,0
92860,0
92861,0
92862,0
92863,0
92864,0
92865,31
92866,0
92867,0
92868,0
92869,0
92870,0
92871,0
92872,0
92873,0
92874,30
92875,0
92876,9
92877,0
92878,0
92879,0
92880,0
92881,0
92882,0
92883,0
92884,0
92885,0
92886,0
92887,0
92888,0
92889,0
92890,0
92891,0
92892,0
92893,0
92894,0
92895,0
92896,0
92897,0
92898,0
92899,0
92900,0
92901,0
92902,0
92903,0
92904,0
92905,19
92906,0
92907,24
92908,0
92909,36
92910,0
92911,28
92912,0
92913,35
92914,0
92915,0
92916,0
92917,0
92918,29
92919,0
92920,0
92921,0
92922,0
92923,0
92924,0
92925,0
92926,0
92927,0
92928,0
92929,0
92930,0
92931,0
92932,0
92933,0
92934,25
92935,0
92936,0
92937,0
92938,16
92939,0
92940,20
92941,0
92942,0
92943,0
92944,0
92945,0
92946,0
92947,0
92948,0
92949,0
92950,0
92951,0
92952,0
92953,0
92954,0
92955,0
92956,0
92957,0
92958,0
92959,0
92960,0
92961,0
92962,0
92963,0
92964,0
92965,0
92966,0
92967,0
92968,23
92969,0
92970,27
92971,0
92972,0
92973,0
92974,0
92975,0
92976,0
92977,0
92978,0
92979,7
92980,0
92981,0
92982,0
92983,0
92984,0
92985,0
92986,0
92987,0
92988,0
92989,0
92990,0
92991,0
92992,25
92993,18
92994,0
92995,0
92996,0
92997,0
92998,0
92999,0
93000,0
93001,23
93002,0
93003,0
93004,0
93005,0
93006,0
93007,0
93008,0
93009,0
93010,0
93011,0
93012,0
93013,0
93014,12
93015,0
93016,18
93017,0
93018,0
93019,18
93020,0
93021,0
93022,0
93023,0
93024,0
93025,28
93026,0
93027,0
93028,0
93029,0
93030,0
93031,0
93032,0
93033,0
93034,0
93035,0
93036,0
93037,14
93038,16
93039,20
93040,0
93041,0
93042,0
93043,0
93044,0
93045,31
93046,0
93047,0
93048,0
93049,12
93050,0
93051,0
93052,0
93053,18
93054,0
93055,0
93056,0
93057,0
93058,0
93059,11
93060,0
93061,23
93062,0
93063,0
93064,0
93065,13
93066,0
93067,0
93068,0
93069,0
93070,0
93071,0
93072,25
93073,0
93074,14
93075,0
93076,15
93077,0
93078,0
93079,0
93080,0
93081,0
93082,0
93083,0
93084,0
93085,0
93086,0
93087,0
93088,0
93089,0
93090,0
93091,0
93092,0
93093,27
93094,0
93095,0
93096,0
93097,0
93098,0
93099,0
93100,0
93101,0
93102,0
93103,22
93104,0
93105,0
93106,0
93107,0
93108,11
93109,25
93110,14
93111,0
93112,0
93113,22
93114,0
93115,0
93116,0
93117,0
93118,0
93119,14
93120,0
93121,28
93122,0
93123,0
93124,0
93125,14
93126,0
93127,0
93128,0
93129,0
93130,0
93131,0
93132,0
93133,0
93134,18
93135,0
93136,0
93137,10
93138,11
93139,0
93140,0
93141,0
93142,0
93143,0
93144,0
93145,0
93146,0
93147,0
93148,0
93149,0
93150,0
93151,0
93152,0
93153,14
93154,0
93155,14
93156,0
93157,9
93158,16
93159,15
93160,0
93161,0
93162,0
93163,0
93164,0
93165,0
93166,0
93167,0
93168,0
93169,0
93170,0
93171,21
93172,15
93173,0
93174,0
93175,0
93176,13
93177,0
93178,10
93179,0
93180,0
93181,0
93182,0
93183,17
93184,20
93185,0
93186,18
93187,0
93188,0
93189,0
93190,14
93191,0
93192,0
93193,0
93194,0
93195,0
93196,0
93197,15
93198,17
93199,0
93200,0
93201,0
93202,22
93203,0
93204,0
93205,0
93206,0
93207,16
93208,0
93209,0
93210,0
93211,0
93212,0
93213,0
93214,0
93215,0
93216,27
93217,0
93218,0
93219,0
93220,0
93221,0
93222,0
93223,0
93224,19
93225,0
93226,0
93227,14
93228,0
93229,10
93230,0
93231,0
93232,0
93233,9
93234,0
93235,0
93236,0
93237,0
93238,0
93239,0
93240,19
93241,18
93242,0
93243,0
93244,0
93245,0
93246,0
93247,0
93248,0
93249,0
93250,0
93251,0
93252,0
93253,12
93254,0
93255,0
93256,19
93257,21
93258,0
93259,0
93260,0
93261,17
93262,0
93263,0
93264,0
93265,0
93266,0
93267,0
93268,15
93269,0
93270,0
93271,0
93272,0
93273,0
93274,0
93275,0
93276,21
93277,0
93278,0
93279,0
93280,0
93281,0
93282,0
93283,0
93284,12
93285,15
93286,0
93287,0
93288,0
93289,0
93290,13
93291,14
93292,0
93293,0
93294,0
93295,0
93296,0
93297,16
93298,0
93299,9
93300,0
93301,0
93302,0
93303,0
93304,0
93305,0
93306,0
93307,0
93308,23
93309,0
93310,0
93311,0
93312,0
93313,0
93314,0
93315,0
93316,0
93317,0
93318,0
93319,0
93320,0
93321,0
93322,0
93323,0
93324,0
93325,16
93326,0
93327,0
93328,0
93329,0
93330,0
93331,0
93332,0
93333,0
93334,0
93335,21
93336,0
93337,0
93338,0
93339,0
93340,0
93341,0
93342,0
93343,0
93344,0
93345,0
93346,0
93347,0
93348,0
93349,0
93350,0
93351,0
93352,0
93353,0
93354,0
93355,13
93356,0
93357,0
93358,0
93359,0
93360,0
93361,0
93362,0
93363,0
93364,0
93365,13
93366,0
93367,0
93368,0
93369,21
93370,0
93371,0
93372,0
93373,9
93374,12
93375,0
93376,0
93377,0
93378,0
93379,24
93380,10
93381,0
93382,0
93383,0
93384,0
93385,0
93386,0
93387,0
93388,0
93389,0
93390,0
93391,12
93392,10
93393,13
93394,0
93395,0
93396,23
93397,0
93398,0
93399,10
93400,0
93401,0
93402,0
93403,0
93404,0
93405,0
93406,0
93407,0
93408,0
93409,0
93410,0
93411,0
93412,0
93413,20
93414,22
93415,18
93416,0
93417,9
93418,0
93419,0
93420,0
93421,0
93422,0
93423,0
93424,0
93425,0
93426,0
93427,0
93428,11
93429,0
93430,17
93431,10
93432,13
93433,0
93434,0
93435,0
93436,0
93437,0
93438,0
93439,0
93440,0
93441,0
93442,0
93443,0
93444,0
93445,0
93446,0
93447,10
93448,0
93449,0
93450,0
93451,0
93452,14
93453,0
93454,15
93455,0
93456,21
93457,15
93458,0
93459,0
93460,0
93461,0
93462,14
93463,12
93464,0
93465,17
93466,0
93467,0
93468,0
93469,0
93470,0
93471,0
93472,0
93473,0
93474,0
93475,23
93476,16
93477,0
93478,13
93479,11
93480,21
93481,0
93482,0
93483,0
93484,0
93485,19
93486,0
93487,0
93488,0
93489,0
93490,0
93491,0
93492,0
93493,0
93494,0
93495,18
93496,0
93497,0
93498,17
93499,0
93500,0
93501,23
93502,14
93503,0
93504,0
93505,0
93506,0
93507,13
93508,0
93509,14
93510,0
93511,0
93512,16
93513,0
93514,0
93515,0
93516,0
93517,0
93518,0
93519,0
93520,0
93521,0
93522,0
93523,0
93524,0
93525,13
93526,0
93527,0
93528,0
93529,0
93530,0
93531,0
93532,25
93533,0
93534,0
93535,19
93536,0
93537,0
93538,0
93539,0
93540,0
93541,0
93542,16
93543,15
93544,0
93545,0
93546,0
93547,0
93548,21
93549,0
93550,0
93551,0
93552,0
93553,0
93554,18
93555,0
93556,0
93557,0
93558,0
93559,0
93560,0
93561,0
93562,0
93563,8
93564,8
93565,0
93566,21
93567,22
93568,0
93569,0
93570,0
93571,0
93572,0
93573,0
93574,0
93575,0
93576,16
93577,10
93578,0
93579,0
93580,0
93581,0
93582,0
93583,0
93584,0
93585,0
93586,0
93587,0
93588,0
93589,26
93590,0
93591,0
93592,0
93593,0
93594,0
93595,0
93596,0
93597,0
93598,0
93599,0
93600,0
93601,0
93602,0
93603,0
93604,0
93605,0
93606,0
93607,8
93608,0
93609,11
93610,0
93611,0
93612,0
93613,0
93614,0
93615,0
93616,0
93617,0
93618,0
93619,0
93620,0
93621,0
93622,0
93623,0
93624,0
93625,0
93626,0
93627,0
93628,0
93629,0
93630,0
93631,0
93632,14
93633,9
93634,19
93635,17
93636,0
93637,0
93638,0
93639,18
93640,0
93641,0
93642,10
93643,12
93644,0
93645,14
93646,19
93647,0
93648,0
93649,0
93650,17
93651,0
93652,25
93653,0
93654,23
93655,0
93656,0
93657,0
93658,0
93659,12
93660,0
93661,0
93662,0
93663,17
93664,0
93665,0
93666,0
93667,0
93668,23
93669,0
93670,0
93671,0
93672,0
93673,8
93674,0
93675,0
93676,0
93677,0
93678,0
93679,0
93680,0
93681,13
93682,0
93683,0
93684,0
93685,0
93686,0
93687,0
93688,14
93689,0
93690,11
93691,0
93692,0
93693,0
93694,0
93695,0
93696,0
93697,0
93698,0
93699,0
93700,0
93701,12
93702,20
93703,0
93704,27
93705,0
93706,0
93707,0
93708,0
93709,0
93710,0
93711,0
93712,0
93713,0
93714,0
93715,0
93716,0
93717,0
93718,0
93719,21
93720,0
93721,0
93722,0
93723,0
93724,0
93725,9
93726,0
93727,0
93728,0
93729,0
93730,0
93731,15
93732,0
93733,0
93734,0
93735,0
93736,0
93737,0
93738,0
93739,0
93740,0
93741,0
93742,0
93743,14
93744,0
93745,22
93746,0
93747,0
93748,0
93749,0
93750,0
93751,20
93752,0
93753,0
93754,0
93755,15
93756,18
93757,0
93758,12
93759,0
93760,0
93761,0
93762,0
93763,0
93764,0
93765,0
93766,0
93767,0
93768,0
93769,16
93770,0
93771,0
93772,16
93773,0
93774,0
93775,0
93776,0
93777,0
93778,0
93779,0
93780,0
93781,0
93782,0
93783,0
93784,0
93785,16
93786,0
93787,0
93788,23
93789,14
93790,0
93791,0
93792,11
93793,13
93794,0
93795,0
93796,0
93797,0
93798,0
93799,0
93800,17
93801,0
93802,0
93803,0
93804,0
93805,0
93806,0
93807,21
93808,0
93809,0
93810,0
93811,0
93812,0
93813,0
93814,0
93815,11
93816,0
93817,29
93818,13
93819,0
93820,0
93821,0
93822,0
93823,0
93824,0
93825,0
93826,0
93827,0
93828,0
93829,0
93830,18
93831,0
93832,0
93833,0
93834,0
93835,0
93836,0
93837,0
93838,0
93839,20
93840,0
93841,0
93842,15
93843,0
93844,0
93845,0
93846,24
93847,8
93848,0
93849,0
93850,0
93851,10
93852,0
93853,0
93854,20
93855,19
93856,0
93857,0
93858,0
93859,0
93860,0
93861,0
93862,0
93863,0
93864,0
93865,0
93866,0
93867,0
93868,16
93869,0
93870,0
93871,0
93872,16
93873,0
93874,0
93875,0
93876,0
93877,0
93878,0
93879,0
93880,0
93881,0
93882,0
93883,0
93884,0
93885,0
93886,0
93887,0
93888,0
93889,0
93890,0
93891,0
93892,0
93893,0
93894,0
93895,0
93896,0
93897,15
93898,13
93899,0
93900,0
93901,18
93902,25
93903,14
93904,12
93905,15
93906,10
93907,0
93908,0
93909,25
93910,0
93911,0
93912,9
93913,0
93914,0
93915,18
93916,0
93917,0
93918,0
93919,0
93920,0
93921,0
93922,0
93923,0
93924,0
93925,0
93926,0
93927,0
93928,0
93929,23
93930,11
93931,0
93932,0
93933,0
93934,0
93935,16
93936,0
93937,0
93938,11
93939,0
93940,0
93941,0
93942,0
93943,0
93944,16
93945,9
93946,0
93947,0
93948,0
93949,0
93950,0
93951,0
93952,0
93953,0
93954,0
93955,19
93956,18
93957,20
93958,20
93959,0
93960,0
93961,0
93962,0
93963,14
93964,16
93965,0
93966,0
93967,15
93968,0
93969,0
93970,14
93971,0
93972,0
93973,0
93974,0
93975,0
93976,0
93977,16
93978,11
93979,0
93980,0
93981,0
93982,11
93983,11
93984,0
93985,14
93986,18
93987,15
93988,24
93989,0
93990,20
93991,0
93992,0
93993,0
93994,0
93995,0
93996,0
93997,0
93998,0
93999,0
94000,0
94001,0
94002,0
94003,0
94004,0
94005,0
94006,0
94007,0
94008,0
94009,0
94010,0
94011,0
94012,0
94013,0
94014,0
94015,0
94016,31
94017,0
94018,0
94019,0
94020,0
94021,0
94022,0
94023,0
94024,0
94025,0
94026,0
94027,0
94028,0
94029,0
94030,0
94031,0
94032,0
94033,0
94034,16
94035,0
94036,0
94037,0
94038,0
94039,0
94040,0
94041,0
94042,0
94043,0
94044,0
94045,0
94046,0
94047,0
94048,0
94049,0
94050,0
94051,0
94052,0
94053,0
94054,0
94055,0
94056,0
94057,0
94058,0
94059,0
94060,0
94061,0
94062,0
94063,6
94064,0
94065,0
94066,32
94067,23
94068,0
94069,0
94070,0
94071,0
94072,23
94073,0
94074,0
94075,0
94076,0
94077,0
94078,0
94079,0
94080,0
94081,0
94082,0
94083,0
94084,0
94085,0
94086,0
94087,0
94088,0
94089,0
94090,0
94091,0
94092,0
94093,0
94094,0
94095,0
94096,0
94097,0
94098,0
94099,0
94100,0
94101,0
94102,0
94103,22
94104,0
94105,0
94106,0
94107,0
94108,0
94109,22
94110,0
94111,0
94112,0
94113,5
94114,0
94115,0
94116,10
94117,0
94118,10
94119,0
94120,0
94121,0
94122,0
94123,0
94124,0
94125,17
94126,0
94127,0
94128,0
94129,0
94130,0
94131,0
94132,0
94133,0
94134,0
94135,0
94136,0
94137,22
94138,0
94139,0
94140,0
94141,0
94142,0
94143,0
94144,0
94145,0
94146,0
94147,0
94148,0
94149,0
94150,0
94151,0
94152,0
94153,0
94154,0
94155,0
94156,0
94157,0
94158,0
94159,0
94160,0
94161,0
94162,0
94163,0
94164,0
94165,0
94166,0
94167,20
94168,0
94169,0
94170,0
94171,0
94172,0
94173,0
94174,0
94175,0
94176,0
94177,0
94178,0
94179,0
94180,0
94181,0
94182,0
94183,0
94184,31
94185,0
94186,0
94187,0
94188,0
94189,0
94190,0
94191,0
94192,0
94193,0
94194,0
94195,0
94196,0
94197,0
94198,0
94199,0
94200,0
94201,0
94202,0
94203,0
94204,0
94205,0
94206,0
94207,0
94208,0
94209,0
94210,0
94211,0
94212,0
94213,0
94214,0
94215,0
94216,45
94217,0
94218,0
94219,0
94220,0
94221,0
94222,0
94223,0
94224,0
94225,0
94226,0
94227,0
94228,0
94229,0
94230,0
94231,0
94232,0
94233,0
94234,0
94235,0
94236,0
94237,0
94238,0
94239,0
94240,0
94241,0
94242,0
94243,0
94244,0
94245,0
94246,0
94247,18
94248,0
94249,0
94250,0
94251,0
94252,0
94253,0
94254,0
94255,0
94256,0
94257,0
94258,0
94259,0
94260,0
94261,0
94262,0
94263,0
94264,0
94265,0
94266,0
94267,0
94268,0
94269,0
94270,0
94271,0
94272,0
94273,25
94274,0
94275,0
94276,0
94277,0
94278,0
94279,0
94280,0
94281,31
94282,0
94283,0
94284,0
94285,0
94286,0
94287,0
94288,0
94289,0
94290,0
94291,0
94292,0
94293,0
94294,0
94295,0
94296,0
94297,0
94298,0
94299,0
94300,0
94301,0
94302,0
94303,0
94304,0
94305,0
94306,0
94307,30
94308,0
94309,0
94310,63
94311,0
94312,0
94313,0
94314,0
94315,0
94316,0
94317,39
94318,0
94319,0
94320,0
94321,17
94322,33
94323,0
94324,0
94325,23
94326,0
94327,0
94328,0
94329,0
94330,0
94331,0
94332,0
94333,0
94334,0
94335,0
94336,24
94337,0
94338,0
94339,0
94340,0
94341,0
94342,33
94343,0
94344,0
94345,0
94346,0
94347,0
94348,0
94349,0
94350,0
94351,0
94352,0
94353,0
94354,0
94355,0
94356,0
94357,0
94358,0
94359,0
94360,0
94361,0
94362,0
94363,0
94364,0
94365,0
94366,0
94367,0
94368,0
94369,0
94370,0
94371,0
94372,0
94373,0
94374,0
94375,0
94376,0
94377,0
94378,0
94379,0
94380,0
94381,0
94382,0
94383,0
94384,0
94385,0
94386,0
94387,0
94388,0
94389,0
94390,0
94391,24
94392,0
94393,0
94394,0
94395,0
94396,0
94397,0
94398,0
94399,0
94400,0
94401,0
94402,0
94403,0
94404,0
94405,0
94406,0
94407,0
94408,0
94409,0
94410,0
94411,0
94412,0
94413,0
94414,0
94415,0
94416,0
94417,0
94418,0
94419,0
94420,0
94421,0
94422,0
94423,0
94424,0
94425,0
94426,0
94427,0
94428,0
94429,37
94430,0
94431,0
94432,0
94433,0
94434,0
94435,0
94436,0
94437,0
94438,0
94439,0
94440,0
94441,24
94442,0
94443,0
94444,0
94445,0
94446,0
94447,0
94448,0
94449,0
94450,0
94451,0
94452,0
94453,0
94454,0
94455,0
94456,0
94457,0
94458,0
94459,0
94460,0
94461,0
94462,0
94463,0
94464,0
94465,9
94466,0
94467,0
94468,0
94469,0
94470,0
94471,0
94472,0
94473,25
94474,19
94475,0
94476,0
94477,0
94478,0
94479,0
94480,0
94481,0
94482,0
94483,0
94484,0
94485,0
94486,0
94487,0
94488,0
94489,0
94490,0
94491,0
94492,0
94493,0
94494,0
94495,0
94496,0
94497,0
94498,29
94499,0
94500,0
94501,0
94502,0
94503,0
94504,0
94505,0
94506,0
94507,0
94508,0
94509,0
94510,0
94511,0
94512,0
94513,0
94514,33
94515,0
94516,0
94517,0
94518,0
94519,0
94520,0
94521,0
94522,0
94523,26
94524,0
94525,0
94526,0
94527,0
94528,0
94529,0
94530,0
94531,0
94532,0
94533,0
94534,0
94535,15
94536,18
94537,0
94538,0
94539,0
94540,0
94541,0
94542,0
94543,0
94544,0
94545,0
94546,0
94547,0
94548,0
94549,0
94550,0
94551,0
94552,0
94553,10
94554,0
94555,0
94556,0
94557,0
94558,0
94559,36
94560,0
94561,0
94562,0
94563,0
94564,0
94565,0
94566,0
94567,0
94568,0
94569,0
94570,0
94571,0
94572,0
94573,0
94574,0
94575,0
94576,0
94577,0
94578,0
94579,0
94580,0
94581,0
94582,0
94583,0
94584,0
94585,0
94586,0
94587,0
94588,0
94589,0
94590,0
94591,0
94592,0
94593,0
94594,15
94595,0
94596,0
94597,0
94598,0
94599,0
94600,28
94601,0
94602,0
94603,0
94604,0
94605,0
94606,0
94607,30
94608,0
94609,0
94610,0
94611,0
94612,0
94613,0
94614,0
94615,0
94616,0
94617,0
94618,0
94619,0
94620,0
94621,0
94622,0
94623,0
94624,0
94625,0
94626,0
94627,0
94628,0
94629,0
94630,0
94631,29
94632,0
94633,0
94634,0
94635,0
94636,0
94637,0
94638,0
94639,0
94640,21
94641,0
94642,0
94643,0
94644,0
94645,16
94646,0
94647,0
94648,0
94649,0
94650,0
94651,0
94652,0
94653,0
94654,0
94655,17
94656,0
94657,0
94658,0
94659,0
94660,0
94661,0
94662,0
94663,0
94664,0
94665,0
94666,0
94667,0
94668,0
94669,27
94670,0
94671,0
94672,0
94673,0
94674,0
94675,0
94676,0
94677,0
94678,0
94679,0
94680,0
94681,18
94682,31
94683,0
94684,0
94685,0
94686,0
94687,12
94688,0
94689,28
94690,0
94691,0
94692,0
94693,0
94694,0
94695,0
94696,0
94697,0
94698,0
94699,0
94700,0
94701,0
94702,0
94703,0
94704,0
94705,0
94706,0
94707,0
94708,0
94709,0
94710,0
94711,0
94712,0
94713,0
94714,0
94715,0
94716,0
94717,0
94718,0
94719,0
94720,0
94721,0
94722,0
94723,0
94724,0
94725,0
94726,0
94727,0
94728,0
94729,0
94730,0
94731,0
94732,0
94733,0
94734,0
94735,0
94736,0
94737,0
94738,0
94739,0
94740,0
94741,0
94742,0
94743,0
94744,0
94745,0
94746,0
94747,0
94748,0
94749,0
94750,0
94751,0
94752,0
94753,0
94754,0
94755,54
94756,0
94757,0
94758,0
94759,0
94760,0
94761,0
94762,0
94763,0
94764,0
94765,0
94766,0
94767,0
94768,0
94769,0
94770,0
94771,0
94772,0
94773,0
94774,0
94775,0
94776,0
94777,0
94778,0
94779,0
94780,0
94781,0
94782,0
94783,0
94784,0
94785,0
94786,0
94787,0
94788,0
94789,0
94790,0
94791,0
94792,0
94793,0
94794,0
94795,0
94796,0
94797,0
94798,0
94799,0
94800,19
94801,0
94802,0
94803,0
94804,0
94805,0
94806,0
94807,0
94808,37
94809,0
94810,0
94811,0
94812,0
94813,0
94814,0
94815,0
94816,0
94817,0
94818,0
94819,0
94820,0
94821,0
94822,0
94823,0
94824,0
94825,0
94826,0
94827,0
94828,0
94829,0
94830,16
94831,0
94832,0
94833,0
94834,0
94835,0
94836,0
94837,0
94838,0
94839,0
94840,0
94841,0
94842,0
94843,0
94844,0
94845,0
94846,0
94847,0
94848,0
94849,0
94850,0
94851,0
94852,0
94853,21
94854,0
94855,0
94856,0
94857,0
94858,0
94859,0
94860,0
94861,0
94862,0
94863,0
94864,23
94865,0
94866,0
94867,0
94868,29
94869,0
94870,0
94871,0
94872,0
94873,0
94874,0
94875,0
94876,0
94877,0
94878,0
94879,0
94880,0
94881,0
94882,0
94883,0
94884,0
94885,0
94886,0
94887,0
94888,0
94889,0
94890,0
94891,0
94892,0
94893,0
94894,16
94895,0
94896,0
94897,0
94898,0
94899,0
94900,0
94901,0
94902,0
94903,0
94904,0
94905,0
94906,0
94907,0
94908,0
94909,0
94910,0
94911,0
94912,0
94913,0
94914,0
94915,0
94916,0
94917,20
94918,0
94919,0
94920,0
94921,0
94922,0
94923,0
94924,0
94925,0
94926,0
94927,0
94928,0
94929,0
94930,0
94931,15
94932,0
94933,0
94934,0
94935,0
94936,0
94937,0
94938,0
94939,0
94940,0
94941,0
94942,22
94943,0
94944,0
94945,0
94946,0
94947,21
94948,0
94949,0
94950,0
94951,0
94952,0
94953,0
94954,0
94955,0
94956,0
94957,0
94958,13
94959,0
94960,0
94961,0
94962,0
94963,0
94964,0
94965,0
94966,0
94967,0
94968,0
94969,0
94970,0
94971,0
94972,0
94973,0
94974,0
94975,32
94976,0
94977,0
94978,0
94979,0
94980,26
94981,0
94982,0
94983,0
94984,0
94985,0
94986,0
94987,0
94988,0
94989,0
94990,0
94991,0
94992,0
94993,0
94994,0
94995,0
94996,0
94997,0
94998,0
94999,13
95000,0
95001,0
95002,0
95003,0
95004,0
95005,0
95006,0
95007,10
95008,0
95009,0
95010,0
95011,0
95012,0
95013,0
95014,0
95015,0
95016,0
95017,0
95018,0
95019,0
95020,0
95021,0
95022,0
95023,0
95024,0
95025,0
95026,0
95027,0
95028,0
95029,0
95030,11
95031,0
95032,0
95033,0
95034,17
95035,0
95036,0
95037,0
95038,0
95039,0
95040,0
95041,0
95042,0
95043,0
95044,0
95045,0
95046,0
95047,0
95048,12
95049,0
95050,0
95051,0
95052,19
95053,11
95054,0
95055,0
95056,0
95057,0
95058,0
95059,0
95060,0
95061,0
95062,0
95063,0
95064,0
95065,0
95066,0
95067,0
95068,0
95069,0
95070,0
95071,0
95072,0
95073,0
95074,0
95075,0
95076,0
95077,12
95078,0
95079,0
95080,0
95081,0
95082,0
95083,0
95084,0
95085,0
95086,0
95087,0
95088,0
95089,0
95090,0
95091,0
95092,0
95093,11
95094,13
95095,21
95096,0
95097,0
95098,0
95099,0
95100,0
95101,0
95102,0
95103,0
95104,0
95105,0
95106,0
95107,0
95108,0
95109,0
95110,0
95111,0
95112,0
95113,0
95114,0
95115,0
95116,0
95117,0
95118,0
95119,0
95120,11
95121,0
95122,11
95123,0
95124,0
95125,9
95126,14
95127,0
95128,14
95129,14
95130,0
95131,0
95132,0
95133,0
95134,0
95135,0
95136,0
95137,20
95138,0
95139,12
95140,0
95141,0
95142,0
95143,0
95144,9
95145,0
95146,0
95147,0
95148,0
95149,0
95150,0
95151,0
95152,0
95153,0
95154,0
95155,0
95156,0
95157,0
95158,0
95159,0
95160,0
95161,0
95162,17
95163,0
95164,0
95165,0
95166,0
95167,0
95168,0
95169,0
95170,15
95171,0
95172,0
95173,0
95174,0
95175,0
95176,0
95177,0
95178,0
95179,0
95180,0
95181,0
95182,15
95183,0
95184,0
95185,14
95186,0
95187,0
95188,0
95189,0
95190,0
95191,0
95192,0
95193,0
95194,0
95195,0
95196,0
95197,0
95198,0
95199,0
95200,0
95201,0
95202,0
95203,0
95204,0
95205,0
95206,0
95207,0
95208,0
95209,0
95210,17
95211,0
95212,0
95213,0
95214,0
95215,0
95216,0
95217,0
95218,0
95219,0
95220,0
95221,0
95222,0
95223,11
95224,0
95225,0
95226,0
95227,16
95228,0
95229,0
95230,0
95231,0
95232,0
95233,0
95234,0
95235,0
95236,0
95237,0
95238,0
95239,0
95240,11
95241,0
95242,0
95243,26
95244,0
95245,0
95246,0
95247,0
95248,0
95249,0
95250,22
95251,24
95252,0
95253,0
95254,0
95255,0
95256,0
95257,0
95258,0
95259,0
95260,0
95261,0
95262,0
95263,0
95264,0
95265,0
95266,0
95267,0
95268,0
95269,0
95270,0
95271,0
95272,0
95273,0
95274,0
95275,0
95276,0
95277,0
95278,0
95279,0
95280,9
95281,0
95282,0
95283,0
95284,0
95285,0
95286,0
95287,0
95288,0
95289,0
95290,0
95291,0
95292,0
95293,0
95294,0
95295,0
95296,0
95297,0
95298,0
95299,0
95300,0
95301,0
95302,0
95303,0
95304,0
95305,19
95306,0
95307,0
95308,0
95309,0
95310,0
95311,0
95312,0
95313,0
95314,0
95315,0
95316,0
95317,0
95318,0
95319,0
95320,0
95321,0
95322,0
95323,0
95324,0
95325,13
95326,0
95327,0
95328,9
95329,0
95330,0
95331,14
95332,0
95333,0
95334,15
95335,0
95336,0
95337,0
95338,0
95339,0
95340,0
95341,0
95342,0
95343,0
95344,0
95345,0
95346,0
95347,0
95348,0
95349,0
95350,0
95351,0
95352,0
95353,0
95354,0
95355,0
95356,10
95357,0
95358,0
95359,7
95360,0
95361,0
95362,0
95363,0
95364,0
95365,0
95366,0
95367,0
95368,0
95369,0
95370,0
95371,0
95372,0
95373,0
95374,5
95375,0
95376,0
95377,10
95378,0
95379,0
95380,0
95381,0
95382,0
95383,0
95384,0
95385,0
95386,0
95387,0
95388,0
95389,0
95390,0
95391,0
95392,0
95393,0
95394,0
95395,0
95396,0
95397,11
95398,0
95399,0
95400,0
95401,10
95402,0
95403,0
95404,0
95405,0
95406,0
95407,0
95408,17
95409,0
95410,0
95411,0
95412,0
95413,13
95414,0
95415,0
95416,0
95417,0
95418,0
95419,0
95420,0
95421,0
95422,13
95423,0
95424,0
95425,0
95426,14
95427,0
95428,0
95429,0
95430,0
95431,0
95432,0
95433,0
95434,20
95435,0
95436,13
95437,0
95438,0
95439,7
95440,0
95441,0
95442,0
95443,0
95444,0
95445,12
95446,0
95447,0
95448,0
95449,0
95450,0
95451,0
95452,18
95453,0
95454,0
95455,0
95456,0
95457,0
95458,0
95459,0
95460,0
95461,0
95462,0
95463,0
95464,0
95465,0
95466,0
95467,0
95468,15
95469,0
95470,0
95471,20
95472,0
95473,0
95474,0
95475,0
95476,0
95477,0
95478,0
95479,0
95480,0
95481,0
95482,0
95483,0
95484,0
95485,0
95486,16
95487,0
95488,0
95489,0
95490,0
95491,0
95492,0
95493,0
95494,0
95495,13
95496,17
95497,0
95498,16
95499,0
95500,0
95501,0
95502,0
95503,0
95504,0
95505,0
95506,0
95507,0
95508,0
95509,0
95510,0
95511,0
95512,0
95513,0
95514,0
95515,0
95516,0
95517,0
95518,0
95519,0
95520,0
95521,10
95522,0
95523,0
95524,0
95525,0
95526,0
95527,0
95528,0
95529,0
95530,0
95531,0
95532,0
95533,0
95534,0
95535,0
95536,0
95537,20
95538,0
95539,14
95540,0
95541,0
95542,15
95543,0
95544,0
95545,0
95546,0
95547,15
95548,0
95549,0
95550,0
95551,0
95552,0
95553,0
95554,0
95555,0
95556,0
95557,0
95558,0
95559,0
95560,0
95561,0
95562,0
95563,0
95564,0
95565,0
95566,0
95567,0
95568,0
95569,0
95570,0
95571,0
95572,0
95573,0
95574,23
95575,0
95576,0
95577,0
95578,0
95579,0
95580,11
95581,0
95582,0
95583,0
95584,0
95585,0
95586,0
95587,0
95588,0
95589,0
95590,21
95591,0
95592,0
95593,12
95594,0
95595,0
95596,14
95597,0
95598,0
95599,0
95600,25
95601,0
95602,11
95603,0
95604,0
95605,0
95606,24
95607,0
95608,0
95609,0
95610,0
95611,0
95612,0
95613,0
95614,0
95615,0
95616,0
95617,0
95618,0
95619,0
95620,0
95621,12
95622,0
95623,0
95624,10
95625,0
95626,0
95627,0
95628,0
95629,0
95630,0
95631,0
95632,0
95633,0
95634,0
95635,0
95636,0
95637,0
95638,0
95639,0
95640,11
95641,0
95642,0
95643,0
95644,0
95645,16
95646,0
95647,0
95648,0
95649,0
95650,0
95651,0
95652,0
95653,0
95654,0
95655,0
95656,0
95657,0
95658,0
95659,0
95660,0
95661,0
95662,0
95663,0
95664,0
95665,0
95666,0
95667,0
95668,0
95669,0
95670,0
95671,0
95672,0
95673,0
95674,0
95675,0
95676,19
95677,0
95678,0
95679,0
95680,0
95681,0
95682,0
95683,0
95684,0
95685,0
95686,0
95687,0
95688,0
95689,0
95690,0
95691,0
95692,0
95693,0
95694,0
95695,0
95696,0
95697,0
95698,0
95699,0
95700,0
95701,0
95702,0
95703,11
95704,0
95705,0
95706,0
95707,0
95708,0
95709,0
95710,0
95711,27
95712,12
95713,18
95714,0
95715,0
95716,0
95717,0
95718,0
95719,0
95720,0
95721,0
95722,0
95723,0
95724,0
95725,0
95726,0
95727,0
95728,0
95729,0
95730,0
95731,0
95732,0
95733,0
95734,0
95735,0
95736,0
95737,0
95738,18
95739,0
95740,0
95741,0
95742,27
95743,0
95744,0
95745,16
95746,0
95747,0
95748,0
95749,0
95750,16
95751,0
95752,0
95753,0
95754,0
95755,0
95756,0
95757,0
95758,0
95759,0
95760,0
95761,19
95762,0
95763,0
95764,0
95765,0
95766,21
95767,0
95768,18
95769,0
95770,18
95771,0
95772,11
95773,0
95774,0
95775,0
95776,0
95777,0
95778,0
95779,0
95780,19
95781,17
95782,12
95783,0
95784,0
95785,0
95786,0
95787,13
95788,0
95789,0
95790,0
95791,16
95792,0
95793,31
95794,19
95795,0
95796,0
95797,0
95798,0
95799,0
95800,0
95801,0
95802,0
95803,13
95804,0
95805,0
95806,0
95807,16
95808,18
95809,0
95810,0
95811,0
95812,0
95813,0
95814,0
95815,32
95816,0
95817,0
95818,0
95819,22
95820,0
95821,25
95822,19
95823,0
95824,0
95825,0
95826,0
95827,15
95828,0
95829,33
95830,0
95831,0
95832,15
95833,16
95834,0
95835,0
95836,0
95837,18
95838,0
95839,0
95840,0
95841,16
95842,17
95843,0
95844,0
95845,26
95846,10
95847,0
95848,0
95849,0
95850,0
95851,0
95852,0
95853,17
95854,0
95855,11
95856,11
95857,17
95858,0
95859,0
95860,0
95861,17
95862,0
95863,0
95864,0
95865,13
95866,0
95867,0
95868,0
95869,0
95870,25
95871,0
95872,0
95873,0
95874,10
95875,0
95876,0
95877,0
95878,19
95879,0
95880,0
95881,0
95882,0
95883,0
95884,18
95885,22
95886,0
95887,11
95888,0
95889,0
95890,0
95891,18
95892,18
95893,0
95894,0
95895,0
95896,19
95897,0
95898,0
95899,0
95900,0
95901,0
95902,0
95903,0
95904,0
95905,0
95906,0
95907,0
95908,0
95909,0
95910,0
95911,0
95912,0
95913,0
95914,0
95915,0
95916,0
95917,0
95918,0
95919,0
95920,0
95921,0
95922,0
95923,0
95924,0
95925,3
95926,0
95927,0
95928,0
95929,0
95930,0
95931,16
95932,25
95933,0
95934,0
95935,0
95936,23
95937,0
95938,0
95939,14
95940,27
95941,0
95942,0
95943,0
95944,0
95945,0
95946,0
95947,0
95948,0
95949,0
95950,0
95951,14
95952,0
95953,9
95954,0
95955,0
95956,0
95957,0
95958,0
95959,0
95960,0
95961,0
95962,0
95963,0
95964,0
95965,0
95966,12
95967,0
95968,0
95969,0
95970,0
95971,0
95972,0
95973,0
95974,0
95975,0
95976,0
95977,0
95978,0
95979,23
95980,0
95981,0
95982,0
95983,0
95984,15
95985,0
95986,0
95987,13
95988,0
95989,0
95990,0
95991,0
95992,19
95993,0
95994,0
95995,5
95996,0
95997,0
95998,28
95999,0
96000,0
96001,0
96002,0
96003,0
96004,0
96005,0
96006,0
96007,0
96008,0
96009,0
96010,0
96011,0
96012,0
96013,11
96014,13
96015,11
96016,0
96017,0
96018,0
96019,17
96020,0
96021,0
96022,0
96023,0
96024,0
96025,0
96026,0
96027,15
96028,10
96029,0
96030,0
96031,0
96032,0
96033,0
96034,0
96035,0
96036,0
96037,0
96038,0
96039,0
96040,0
96041,7
96042,17
96043,17
96044,0
96045,0
96046,0
96047,0
96048,24
96049,0
96050,0
96051,0
96052,0
96053,15
96054,0
96055,0
96056,0
96057,0
96058,25
96059,0
96060,0
96061,0
96062,0
96063,0
96064,0
96065,0
96066,0
96067,0
96068,0
96069,0
96070,14
96071,19
96072,9
96073,0
96074,0
96075,0
96076,0
96077,8
96078,0
96079,0
96080,0
96081,0
96082,0
96083,23
96084,0
96085,0
96086,0
96087,0
96088,0
96089,0
96090,0
96091,14
96092,0
96093,0
96094,0
96095,0
96096,0
96097,0
96098,0
96099,0
96100,0
96101,0
96102,0
96103,11
96104,0
96105,0
96106,16
96107,0
96108,0
96109,0
96110,0
96111,0
96112,0
96113,0
96114,0
96115,0
96116,0
96117,0
96118,0
96119,26
96120,17
96121,0
96122,13
96123,0
96124,0
96125,0
96126,0
96127,0
96128,0
96129,0
96130,0
96131,10
96132,0
96133,0
96134,18
96135,0
96136,0
96137,21
96138,0
96139,0
96140,0
96141,0
96142,0
96143,0
96144,0
96145,0
96146,0
96147,0
96148,0
96149,0
96150,0
96151,0
96152,0
96153,0
96154,10
96155,20
96156,0
96157,0
96158,0
96159,0
96160,0
96161,0
96162,0
96163,0
96164,0
96165,0
96166,0
96167,10
96168,0
96169,0
96170,0
96171,0
96172,0
96173,0
96174,18
96175,0
96176,0
96177,0
96178,0
96179,0
96180,0
96181,0
96182,0
96183,0
96184,0
96185,0
96186,21
96187,0
96188,0
96189,0
96190,0
96191,23
96192,0
96193,0
96194,0
96195,0
96196,21
96197,0
96198,0
96199,8
96200,0
96201,0
96202,18
96203,0
96204,0
96205,0
96206,14
96207,0
96208,12
96209,0
96210,0
96211,0
96212,0
96213,0
96214,0
96215,0
96216,19
96217,0
96218,0
96219,0
96220,0
96221,0
96222,0
96223,0
96224,0
96225,0
96226,0
96227,0
96228,0
96229,0
96230,0
96231,0
96232,0
96233,0
96234,0
96235,0
96236,0
96237,0
96238,1
96239,0
96240,0
96241,0
96242,0
96243,0
96244,0
96245,0
96246,0
96247,0
96248,0
96249,0
96250,0
96251,0
96252,0
96253,0
96254,0
96255,0
96256,0
96257,0
96258,0
96259,0
96260,0
96261,0
96262,0
96263,0
96264,0
96265,0
96266,0
96267,0
96268,0
96269,0
96270,0
96271,0
96272,0
96273,0
96274,0
96275,0
96276,0
96277,0
96278,0
96279,0
96280,0
96281,0
96282,0
96283,0
96284,0
96285,0
96286,0
96287,0
96288,0
96289,0
96290,0
96291,0
96292,0
96293,0
96294,0
96295,0
96296,0
96297,0
96298,0
96299,0
96300,0
96301,0
96302,0
96303,0
96304,0
96305,0
96306,0
96307,0
96308,0
96309,0
96310,0
96311,0
96312,0
96313,0
96314,0
96315,0
96316,0
96317,0
96318,0
96319,0
96320,0
96321,0
96322,0
96323,0
96324,0
96325,0
96326,0
96327,0
96328,1
96329,0
96330,0
96331,0
96332,0
96333,0
96334,0
96335,0
96336,0
96337,0
96338,0
96339,0
96340,0
96341,0
96342,0
96343,0
96344,0
96345,0
96346,0
96347,0
96348,0
96349,0
96350,0
96351,0
96352,0
96353,0
96354,0
96355,0
96356,0
96357,0
96358,0
96359,0
96360,0
96361,0
96362,0
96363,0
96364,0
96365,0
96366,0
96367,0
96368,0
96369,0
96370,0
96371,0
96372,0
96373,0
96374,0
96375,0
96376,0
96377,0
96378,0
96379,0
96380,0
96381,0
96382,0
96383,0
96384,0
96385,0
96386,0
96387,0
96388,0
96389,0
96390,0
96391,0
96392,0
96393,0
96394,0
96395,0
96396,0
96397,0
96398,0
96399,0
96400,0
96401,0
96402,0
96403,0
96404,0
96405,0
96406,0
96407,0
96408,0
96409,0
96410,0
96411,0
96412,0
96413,1
96414,0
96415,0
96416,0
96417,0
96418,0
96419,0
96420,0
96421,0
96422,0
96423,0
96424,0
96425,0
96426,0
96427,0
96428,0
96429,0
96430,0
96431,0
96432,0
96433,0
96434,0
96435,0
96436,0
96437,0
96438,0
96439,0
96440,0
96441,0
96442,0
96443,0
96444,0
96445,0
96446,0
96447,0
96448,0
96449,0
96450,0
96451,0
96452,0
96453,0
96454,0
96455,0
96456,0
96457,0
96458,0
96459,0
96460,0
96461,0
96462,0
96463,0
96464,0
96465,0
96466,0
96467,0
96468,0
96469,0
96470,0
96471,0
96472,0
96473,0
96474,0
96475,0
96476,0
96477,0
96478,0
96479,0
96480,0
96481,0
96482,0
96483,0
96484,0
96485,0
96486,0
96487,0
96488,0
96489,0
96490,0
96491,0
96492,0
96493,0
96494,0
96495,0
96496,0
96497,0
96498,0
96499,0
96500,0
96501,0
96502,0
96503,0
96504,0
96505,0
96506,0
96507,0
96508,0
96509,0
96510,0
96511,0
96512,0
96513,0
96514,0
96515,0
96516,0
96517,0
96518,0
96519,0
96520,0
96521,0
96522,0
96523,0
96524,0
96525,0
96526,0
96527,0
96528,0
96529,0
96530,0
96531,0
96532,0
96533,0
96534,0
96535,0
96536,0
96537,0
96538,42
96539,0
96540,0
96541,29
96542,0
96543,0
96544,0
96545,29
96546,0
96547,26
96548,0
96549,0
96550,0
96551,0
96552,0
96553,35
96554,0
96555,0
96556,0
96557,0
96558,0
96559,0
96560,0
96561,0
96562,0
96563,0
96564,0
96565,31
96566,0
96567,0
96568,0
96569,0
96570,0
96571,0
96572,0
96573,0
96574,0
96575,0
96576,0
96577,0
96578,0
96579,0
96580,0
96581,27
96582,0
96583,0
96584,0
96585,0
96586,0
96587,0
96588,0
96589,0
96590,0
96591,0
96592,0
96593,0
96594,0
96595,0
96596,0
96597,0
96598,0
96599,0
96600,0
96601,0
96602,0
96603,18
96604,0
96605,0
96606,0
96607,0
96608,0
96609,0
96610,0
96611,0
96612,0
96613,0
96614,0
96615,18
96616,0
96617,0
96618,0
96619,0
96620,0
96621,26
96622,0
96623,0
96624,0
96625,0
96626,30
96627,0
96628,23
96629,0
96630,0
96631,34
96632,0
96633,23
96634,0
96635,0
96636,0
96637,0
96638,0
96639,54
96640,34
96641,0
96642,23
96643,0
96644,0
96645,0
96646,0
96647,0
96648,0
96649,0
96650,0
96651,0
96652,0
96653,0
96654,0
96655,29
96656,0
96657,0
96658,0
96659,0
96660,0
96661,0
96662,0
96663,0
96664,0
96665,0
96666,0
96667,0
96668,0
96669,0
96670,40
96671,0
96672,0
96673,25
96674,0
96675,0
96676,0
96677,0
96678,0
96679,0
96680,0
96681,0
96682,0
96683,0
96684,0
96685,0
96686,0
96687,40
96688,0
96689,0
96690,0
96691,0
96692,0
96693,0
96694,0
96695,0
96696,0
96697,0
96698,0
96699,0
96700,0
96701,0
96702,0
96703,0
96704,0
96705,0
96706,0
96707,0
96708,0
96709,0
96710,0
96711,0
96712,0
96713,0
96714,33
96715,0
96716,0
96717,41
96718,0
96719,0
96720,0
96721,0
96722,0
96723,0
96724,0
96725,0
96726,0
96727,0
96728,0
96729,0
96730,0
96731,0
96732,0
96733,0
96734,0
96735,0
96736,0
96737,0
96738,0
96739,0
96740,0
96741,0
96742,0
96743,0
96744,0
96745,0
96746,0
96747,0
96748,0
96749,36
96750,0
96751,0
96752,0
96753,0
96754,0
96755,0
96756,0
96757,0
96758,0
96759,0
96760,0
96761,0
96762,0
96763,0
96764,0
96765,0
96766,0
96767,0
96768,0
96769,35
96770,0
96771,0
96772,0
96773,0
96774,0
96775,0
96776,0
96777,0
96778,0
96779,0
96780,0
96781,42
96782,0
96783,0
96784,35
96785,0
96786,37
96787,0
96788,0
96789,0
96790,0
96791,0
96792,0
96793,0
96794,0
96795,0
96796,18
96797,0
96798,0
96799,0
96800,29
96801,0
96802,0
96803,0
96804,0
96805,31
96806,0
96807,0
96808,0
96809,0
96810,0
96811,0
96812,0
96813,0
96814,32
96815,0
96816,0
96817,0
96818,0
96819,0
96820,0
96821,0
96822,0
96823,0
96824,0
96825,0
96826,0
96827,0
96828,0
96829,40
96830,39
96831,0
96832,0
96833,0
96834,0
96835,0
96836,0
96837,0
96838,0
96839,0
96840,0
96841,0
96842,0
96843,0
96844,0
96845,0
96846,0
96847,0
96848,0
96849,0
96850,0
96851,0
96852,0
96853,1
96854,0
96855,0
96856,0
96857,0
96858,0
96859,0
96860,0
96861,0
96862,0
96863,0
96864,0
96865,0
96866,0
96867,0
96868,0
96869,0
96870,0
96871,0
96872,0
96873,0
96874,0
96875,0
96876,0
96877,0
96878,0
96879,0
96880,0
96881,0
96882,0
96883,0
96884,0
96885,0
96886,0
96887,0
96888,0
96889,0
96890,0
96891,0
96892,0
96893,0
96894,0
96895,0
96896,0
96897,0
96898,0
96899,0
96900,0
96901,0
96902,0
96903,0
96904,0
96905,0
96906,0
96907,0
96908,0
96909,0
96910,0
96911,0
96912,0
96913,0
96914,0
96915,0
96916,0
96917,0
96918,0
96919,0
96920,0
96921,0
96922,0
96923,0
96924,0
96925,0
96926,0
96927,0
96928,0
96929,0
96930,0
96931,0
96932,0
96933,0
96934,0
96935,0
96936,0
96937,0
96938,0
96939,0
96940,0
96941,0
96942,0
96943,0
96944,0
96945,0
96946,0
96947,0
96948,0
96949,0
96950,0
96951,0
96952,0
96953,0
96954,0
96955,0
96956,0
96957,0
96958,0
96959,0
96960,0
96961,0
96962,0
96963,0
96964,0
96965,0
96966,0
96967,0
96968,0
96969,0
96970,0
96971,0
96972,0
96973,0
96974,0
96975,0
96976,0
96977,0
96978,0
96979,0
96980,0
96981,0
96982,0
96983,0
96984,0
96985,0
96986,0
96987,0
96988,0
96989,0
96990,0
96991,0
96992,0
96993,0
96994,0
96995,0
96996,0
96997,0
96998,0
96999,0
97000,0
97001,0
97002,0
97003,0
97004,0
97005,0
97006,0
97007,0
97008,0
97009,0
97010,0
97011,0
97012,0
97013,0
97014,0
97015,0
97016,0
97017,0
97018,0
97019,0
97020,0
97021,0
97022,0
97023,0
97024,0
97025,0
97026,0
97027,0
97028,0
97029,0
97030,0
97031,0
97032,0
97033,0
97034,0
97035,0
97036,0
97037,0
97038,0
97039,0
97040,0
97041,0
97042,0
97043,0
97044,0
97045,0
97046,0
97047,0
97048,0
97049,0
97050,0
97051,0
97052,0
97053,0
97054,0
97055,0
97056,0
97057,0
97058,0
97059,0
97060,0
97061,0
97062,0
97063,0
97064,0
97065,0
97066,0
97067,0
97068,0
97069,0
97070,0
97071,0
97072,0
97073,0
97074,0
97075,0
97076,0
97077,0
97078,0
97079,0
97080,0
97081,0
97082,0
97083,0
97084,0
97085,0
97086,0
97087,0
97088,0
97089,0
97090,0
97091,0
97092,0
97093,0
97094,0
97095,0
97096,0
97097,0
97098,0
97099,0
97100,0
97101,0
97102,0
97103,0
97104,0
97105,0
97106,0
97107,0
97108,0
97109,0
97110,0
97111,0
97112,0
97113,0
97114,0
97115,0
97116,0
97117,0
97118,0
97119,0
97120,0
97121,0
97122,0
97123,0
97124,0
97125,0
97126,0
97127,0
97128,0
97129,0
97130,0
97131,0
97132,0
97133,0
97134,0
97135,0
97136,0
97137,0
97138,0
97139,0
97140,0
97141,0
97142,0
97143,0
97144,0
97145,0
97146,0
97147,0
97148,0
97149,0
97150,0
97151,0
97152,0
97153,0
97154,0
97155,0
97156,0
97157,0
97158,0
97159,0
97160,0
97161,0
97162,0
97163,0
97164,0
97165,0
97166,0
97167,1
97168,0
97169,0
97170,0
97171,0
97172,0
97173,0
97174,0
97175,0
97176,0
97177,0
97178,0
97179,0
97180,0
97181,0
97182,0
97183,0
97184,0
97185,0
97186,0
97187,0
97188,0
97189,0
97190,0
97191,0
97192,0
97193,0
97194,0
97195,0
97196,0
97197,0
97198,0
97199,0
97200,0
97201,0
97202,0
97203,0
97204,0
97205,0
97206,0
97207,0
97208,0
97209,0
97210,0
97211,0
97212,0
97213,0
97214,0
97215,0
97216,0
97217,0
97218,0
97219,0
97220,0
97221,0
97222,0
97223,0
97224,0
97225,0
97226,0
97227,0
97228,0
97229,0
97230,0
97231,0
97232,0
97233,0
97234,0
97235,0
97236,0
97237,0
97238,0
97239,0
97240,0
97241,0
97242,0
97243,0
97244,0
97245,0
97246,0
97247,0
97248,0
97249,0
97250,0
97251,0
97252,0
97253,0
97254,0
97255,0
97256,0
97257,0
97258,0
97259,0
97260,0
97261,0
97262,0
97263,0
97264,0
97265,0
97266,0
97267,0
97268,0
97269,0
97270,0
97271,0
97272,0
97273,0
97274,0
97275,0
97276,0
97277,0
97278,0
97279,0
97280,0
97281,0
97282,0
97283,0
97284,0
97285,0
97286,0
97287,0
97288,1
97289,0
97290,0
97291,0
97292,0
97293,0
97294,0
97295,0
97296,0
97297,0
97298,0
97299,0
97300,0
97301,0
97302,0
97303,0
97304,0
97305,0
97306,0
97307,0
97308,0
97309,0
97310,0
97311,0
97312,0
97313,0
97314,0
97315,0
97316,0
97317,0
97318,0
97319,0
97320,0
97321,0
97322,0
97323,0
97324,0
97325,0
97326,0
97327,0
97328,0
97329,0
97330,0
97331,0
97332,0
97333,0
97334,0
97335,0
97336,0
97337,0
97338,0
97339,0
97340,0
97341,0
97342,0
97343,0
97344,0
97345,0
97346,0
97347,0
97348,0
97349,0
97350,0
97351,0
97352,0
97353,0
97354,0
97355,1
97356,0
97357,0
97358,0
97359,0
97360,0
97361,0
97362,0
97363,0
97364,0
97365,0
97366,0
97367,0
97368,0
97369,0
97370,0
97371,0
97372,0
97373,0
97374,0
97375,0
97376,0
97377,0
97378,0
97379,0
97380,0
97381,0
97382,0
97383,0
97384,0
97385,0
97386,0
97387,0
97388,0
97389,0
97390,0
97391,0
97392,0
97393,0
97394,0
97395,0
97396,0
97397,0
97398,0
97399,0
97400,0
97401,0
97402,0
97403,0
97404,0
97405,0
97406,0
97407,0
97408,0
97409,0
97410,0
97411,0
97412,0
97413,0
97414,0
97415,0
97416,1
97417,0
97418,0
97419,0
97420,0
97421,0
97422,0
97423,0
97424,0
97425,0
97426,0
97427,0
97428,0
97429,0
97430,0
97431,0
97432,0
97433,0
97434,0
97435,0
97436,0
97437,0
97438,0
97439,0
97440,0
97441,0
97442,0
97443,0
97444,0
97445,0
97446,0
97447,0
97448,0
97449,0
97450,0
97451,0
97452,0
97453,0
97454,1
97455,0
97456,0
97457,0
97458,0
97459,0
97460,0
97461,0
97462,0
97463,0
97464,0
97465,0
97466,0
97467,0
97468,0
97469,0
97470,0
97471,0
97472,0
97473,0
97474,0
97475,0
97476,0
97477,0
97478,0
97479,0
97480,0
97481,0
97482,0
97483,0
97484,0
97485,0
97486,0
97487,0
97488,0
97489,0
97490,0
97491,0
97492,0
97493,0
97494,0
97495,0
97496,0
97497,0
97498,0
97499,0
97500,0
97501,0
97502,0
97503,0
97504,0
97505,0
97506,0
97507,0
97508,0
97509,0
97510,0
97511,0
97512,0
97513,0
97514,0
97515,0
97516,0
97517,0
97518,0
97519,0
97520,0
97521,0
97522,0
97523,0
97524,0
97525,0
97526,0
97527,0
97528,0
97529,0
97530,0
97531,0
97532,0
97533,0
97534,0
97535,0
97536,0
97537,0
97538,0
97539,0
97540,0
97541,0
97542,0
97543,0
97544,0
97545,0
97546,0
97547,0
97548,0
97549,0
97550,0
97551,0
97552,0
97553,0
97554,0
97555,0
97556,0
97557,0
97558,0
97559,0
97560,0
97561,0
97562,0
97563,0
97564,0
97565,0
97566,0
97567,0
97568,0
97569,0
97570,0
97571,0
97572,0
97573,0
97574,0
97575,0
97576,0
97577,0
97578,0
97579,0
97580,0
97581,0
97582,0
97583,0
97584,0
97585,0
97586,0
97587,0
97588,0
97589,0
97590,0
97591,0
97592,0
97593,0
97594,0
97595,0
97596,0
97597,0
97598,0
97599,0
97600,0
97601,0
97602,0
97603,0
97604,0
97605,0
97606,0
97607,0
97608,0
97609,0
97610,0
97611,0
97612,0
97613,0
97614,0
97615,0
97616,0
97617,0
97618,0
97619,0
97620,0
97621,0
97622,0
97623,0
97624,0
97625,0
97626,0
97627,0
97628,0
97629,0
97630,0
97631,0
97632,0
97633,0
97634,0
97635,0
97636,0
97637,0
97638,0
97639,0
97640,0
97641,0
97642,0
97643,0
97644,0
97645,0
97646,0
97647,0
97648,0
97649,0
97650,0
97651,0
97652,0
97653,0
97654,0
97655,0
97656,0
97657,0
97658,0
97659,0
97660,0
97661,0
97662,0
97663,0
97664,0
97665,0
97666,0
97667,0
97668,0
97669,0
97670,0
97671,0
97672,0
97673,0
97674,0
97675,0
97676,0
97677,0
97678,0
97679,0
97680,0
97681,0
97682,0
97683,0
97684,0
97685,0
97686,0
97687,0
97688,0
97689,0
97690,0
97691,0
97692,0
97693,0
97694,0
97695,0
97696,0
97697,0
97698,0
97699,0
97700,0
97701,0
97702,0
97703,0
97704,0
97705,0
97706,0
97707,0
97708,0
97709,0
97710,0
97711,0
97712,0
97713,0
97714,0
97715,0
97716,0
97717,0
97718,0
97719,0
97720,0
97721,0
97722,0
97723,0
97724,0
97725,0
97726,0
97727,0
97728,0
97729,0
97730,0
97731,0
97732,0
97733,0
97734,0
97735,0
97736,0
97737,0
97738,0
97739,0
97740,0
97741,25
97742,28
97743,0
97744,0
97745,0
97746,0
97747,0
97748,46
97749,0
97750,0
97751,0
97752,0
97753,0
97754,49
97755,0
97756,0
97757,0
97758,0
97759,0
97760,0
97761,0
97762,0
97763,32
97764,0
97765,0
97766,0
97767,0
97768,0
97769,0
97770,0
97771,38
97772,0
97773,34
97774,0
97775,0
97776,49
97777,0
97778,45
97779,0
97780,0
97781,0
97782,0
97783,0
97784,0
97785,0
97786,0
97787,43
97788,0
97789,45
97790,0
97791,0
97792,0
97793,0
97794,0
97795,0
97796,0
97797,0
97798,0
97799,0
97800,0
97801,0
97802,0
97803,0
97804,0
97805,0
97806,0
97807,0
97808,38
97809,0
97810,0
97811,22
97812,0
97813,0
97814,59
97815,0
97816,0
97817,0
97818,0
97819,0
97820,39
97821,0
97822,0
97823,0
97824,0
97825,0
97826,0
97827,0
97828,0
97829,0
97830,0
97831,35
97832,35
97833,0
97834,0
97835,0
97836,48
97837,0
97838,0
97839,0
97840,0
97841,0
97842,0
97843,38
97844,48
97845,0
97846,0
97847,0
97848,51
97849,0
97850,0
97851,0
97852,0
97853,0
97854,0
97855,0
97856,29
97857,0
97858,0
97859,0
97860,22
97861,0
97862,0
97863,0
97864,0
97865,0
97866,0
97867,57
97868,0
97869,0
97870,0
97871,37
97872,0
97873,39
97874,0
97875,0
97876,41
97877,0
97878,0
97879,0
97880,0
97881,0
97882,0
97883,42
97884,0
97885,0
97886,0
97887,42
97888,35
97889,0
97890,0
97891,0
97892,0
97893,0
97894,0
97895,0
97896,0
97897,37
97898,0
97899,0
97900,0
97901,0
97902,0
97903,0
97904,0
97905,0
97906,0
97907,0
97908,0
97909,38
97910,59
97911,0
97912,0
97913,0
97914,0
97915,0
97916,0
97917,0
97918,0
97919,0
97920,0
97921,0
97922,0
97923,0
97924,0
97925,0
97926,0
97927,19
97928,0
97929,11
97930,0
97931,0
97932,0
97933,0
97934,0
97935,12
97936,0
97937,0
97938,0
97939,0
97940,0
97941,0
97942,0
97943,0
97944,0
97945,0
97946,18
97947,0
97948,0
97949,0
97950,0
97951,0
97952,0
97953,0
97954,0
97955,0
97956,0
97957,0
97958,0
97959,0
97960,26
97961,0
97962,0
97963,0
97964,0
97965,0
97966,0
97967,20
97968,4
97969,0
97970,16
97971,0
97972,0
97973,0
97974,0
97975,0
97976,27
97977,0
97978,0
97979,0
97980,0
97981,20
97982,0
97983,0
97984,0
97985,0
97986,16
97987,0
97988,0
97989,0
97990,0
97991,14
97992,0
97993,0
97994,0
97995,8
97996,14
97997,0
97998,0
97999,0
98000,0
98001,0
98002,0
98003,0
98004,0
98005,17
98006,0
98007,0
98008,0
98009,0
98010,0
98011,0
98012,0
98013,13
98014,0
98015,0
98016,0
98017,0
98018,0
98019,0
98020,0
98021,14
98022,0
98023,0
98024,0
98025,0
98026,0
98027,0
98028,0
98029,0
98030,0
98031,0
98032,0
98033,10
98034,0
98035,0
98036,0
98037,0
98038,0
98039,0
98040,0
98041,6
98042,0
98043,0
98044,0
98045,0
98046,0
98047,0
98048,0
98049,0
98050,0
98051,14
98052,0
98053,0
98054,0
98055,0
98056,0
98057,0
98058,0
98059,0
98060,0
98061,10
98062,0
98063,0
98064,14
98065,0
98066,0
98067,22
98068,0
98069,0
98070,9
98071,0
98072,11
98073,0
98074,0
98075,0
98076,0
98077,0
98078,7
98079,0
98080,0
98081,0
98082,0
98083,0
98084,4
98085,0
98086,0
98087,0
98088,0
98089,0
98090,0
98091,0
98092,0
98093,0
98094,0
98095,0
98096,0
98097,0
98098,0
98099,0
98100,0
98101,0
98102,0
98103,0
98104,0
98105,24
98106,0
98107,0
98108,11
98109,0
98110,7
98111,0
98112,0
98113,0
98114,0
98115,0
98116,0
98117,0
98118,0
98119,0
98120,0
98121,0
98122,13
98123,0
98124,0
98125,0
98126,0
98127,0
98128,0
98129,0
98130,0
98131,0
98132,0
98133,0
98134,0
98135,0
98136,0
98137,0
98138,0
98139,15
98140,0
98141,0
98142,0
98143,0
98144,0
98145,0
98146,23
98147,0
98148,0
98149,15
98150,0
98151,0
98152,0
98153,0
98154,14
98155,0
98156,0
98157,0
98158,0
98159,0
98160,0
98161,0
98162,0
98163,0
98164,14
98165,0
98166,31
98167,0
98168,9
98169,0
98170,0
98171,0
98172,0
98173,0
98174,11
98175,0
98176,16
98177,0
98178,0
98179,0
98180,0
98181,0
98182,0
98183,0
98184,0
98185,0
98186,0
98187,0
98188,0
98189,0
98190,0
98191,0
98192,11
98193,0
98194,8
98195,0
98196,0
98197,15
98198,0
98199,14
98200,0
98201,0
98202,0
98203,0
98204,22
98205,0
98206,0
98207,0
98208,0
98209,0
98210,0
98211,0
98212,0
98213,0
98214,0
98215,0
98216,0
98217,0
98218,0
98219,0
98220,0
98221,0
98222,0
98223,0
98224,0
98225,13
98226,0
98227,0
98228,0
98229,7
98230,0
98231,0
98232,0
98233,0
98234,0
98235,0
98236,0
98237,16
98238,0
98239,0
98240,0
98241,0
98242,0
98243,0
98244,0
98245,0
98246,0
98247,7
98248,10
98249,0
98250,0
98251,0
98252,0
98253,0
98254,0
98255,0
98256,0
98257,0
98258,0
98259,0
98260,0
98261,0
98262,0
98263,0
98264,0
98265,14
98266,0
98267,0
98268,0
98269,0
98270,0
98271,0
98272,16
98273,0
98274,0
98275,0
98276,0
98277,0
98278,0
98279,0
98280,0
98281,0
98282,0
98283,0
98284,0
98285,0
98286,0
98287,0
98288,0
98289,0
98290,0
98291,0
98292,0
98293,0
98294,0
98295,0
98296,0
98297,0
98298,0
98299,9
98300,0
98301,0
98302,0
98303,11
98304,0
98305,0
98306,0
98307,19
98308,0
98309,0
98310,14
98311,5
98312,0
98313,0
98314,0
98315,0
98316,0
98317,13
98318,0
98319,0
98320,0
98321,21
98322,0
98323,0
98324,0
98325,0
98326,0
98327,0
98328,0
98329,0
98330,0
98331,0
98332,0
98333,12
98334,0
98335,0
98336,0
98337,0
98338,0
98339,0
98340,0
98341,0
98342,0
98343,0
98344,0
98345,0
98346,0
98347,0
98348,0
98349,0
98350,0
98351,0
98352,0
98353,0
98354,0
98355,0
98356,10
98357,0
98358,0
98359,0
98360,0
98361,0
98362,0
98363,0
98364,0
98365,0
98366,0
98367,0
98368,0
98369,0
98370,0
98371,20
98372,0
98373,0
98374,0
98375,0
98376,0
98377,0
98378,0
98379,0
98380,0
98381,0
98382,0
98383,22
98384,0
98385,19
98386,18
98387,0
98388,0
98389,0
98390,19
98391,0
98392,19
98393,11
98394,0
98395,0
98396,0
98397,0
98398,0
98399,0
98400,0
98401,0
98402,0
98403,10
98404,0
98405,0
98406,15
98407,0
98408,0
98409,0
98410,0
98411,17
98412,0
98413,6
98414,0
98415,14
98416,0
98417,0
98418,0
98419,0
98420,0
98421,0
98422,0
98423,0
98424,0
98425,15
98426,0
98427,0
98428,12
98429,0
98430,0
98431,0
98432,0
98433,0
98434,0
98435,0
98436,0
98437,0
98438,0
98439,0
98440,0
98441,0
98442,0
98443,15
98444,0
98445,19
98446,0
98447,0
98448,0
98449,0
98450,0
98451,0
98452,0
98453,0
98454,0
98455,0
98456,0
98457,0
98458,0
98459,0
98460,0
98461,0
98462,0
98463,0
98464,0
98465,0
98466,0
98467,0
98468,0
98469,0
98470,0
98471,0
98472,0
98473,0
98474,0
98475,0
98476,0
98477,0
98478,16
98479,0
98480,29
98481,0
98482,0
98483,0
98484,0
98485,0
98486,0
98487,0
98488,0
98489,0
98490,0
98491,0
98492,0
98493,0
98494,0
98495,11
98496,0
98497,0
98498,0
98499,0
98500,0
98501,0
98502,14
98503,0
98504,0
98505,0
98506,0
98507,0
98508,0
98509,0
98510,0
98511,0
98512,3
98513,0
98514,0
98515,0
98516,0
98517,0
98518,0
98519,0
98520,0
98521,0
98522,0
98523,0
98524,0
98525,0
98526,0
98527,0
98528,0
98529,0
98530,0
98531,0
98532,14
98533,0
98534,0
98535,0
98536,0
98537,0
98538,0
98539,0
98540,0
98541,18
98542,16
98543,14
98544,0
98545,10
98546,0
98547,0
98548,0
98549,0
98550,0
98551,0
98552,0
98553,0
98554,0
98555,0
98556,0
98557,0
98558,0
98559,0
98560,0
98561,0
98562,0
98563,0
98564,0
98565,0
98566,0
98567,0
98568,0
98569,0
98570,0
98571,0
98572,0
98573,0
98574,0
98575,0
98576,20
98577,0
98578,0
98579,0
98580,0
98581,0
98582,0
98583,0
98584,0
98585,13
98586,0
98587,0
98588,0
98589,0
98590,13
98591,0
98592,0
98593,0
98594,0
98595,0
98596,0
98597,17
98598,0
98599,0
98600,0
98601,0
98602,28
98603,0
98604,0
98605,0
98606,8
98607,0
98608,17
98609,7
98610,0
98611,0
98612,0
98613,0
98614,0
98615,0
98616,0
98617,0
98618,0
98619,0
98620,0
98621,25
98622,0
98623,0
98624,0
98625,0
98626,0
98627,0
98628,12
98629,0
98630,0
98631,0
98632,0
98633,0
98634,0
98635,0
98636,0
98637,0
98638,0
98639,0
98640,0
98641,0
98642,0
98643,0
98644,0
98645,0
98646,0
98647,0
98648,0
98649,0
98650,0
98651,0
98652,0
98653,0
98654,0
98655,0
98656,0
98657,0
98658,0
98659,0
98660,0
98661,0
98662,0
98663,0
98664,0
98665,0
98666,14
98667,26
98668,0
98669,0
98670,0
98671,21
98672,20
98673,0
98674,0
98675,0
98676,0
98677,0
98678,0
98679,0
98680,0
98681,0
98682,0
98683,0
98684,0
98685,0
98686,0
98687,0
98688,0
98689,0
98690,0
98691,0
98692,0
98693,0
98694,0
98695,10
98696,0
98697,0
98698,19
98699,16
98700,0
98701,0
98702,0
98703,0
98704,0
98705,0
98706,15
98707,0
98708,0
98709,0
98710,0
98711,0
98712,13
98713,0
98714,0
98715,0
98716,0
98717,0
98718,7
98719,0
98720,0
98721,0
98722,0
98723,0
98724,0
98725,0
98726,0
98727,0
98728,20
98729,1
98730,0
98731,0
98732,0
98733,0
98734,0
98735,0
98736,0
98737,0
98738,0
98739,0
98740,0
98741,0
98742,0
98743,0
98744,0
98745,0
98746,0
98747,0
98748,0
98749,0
98750,0
98751,0
98752,2
98753,1
98754,0
98755,0
98756,0
98757,0
98758,0
98759,0
98760,0
98761,0
98762,0
98763,0
98764,0
98765,0
98766,0
98767,0
98768,0
98769,0
98770,0
98771,0
98772,0
98773,1
98774,0
98775,0
98776,0
98777,0
98778,1
98779,0
98780,0
98781,0
98782,0
98783,0
98784,0
98785,0
98786,0
98787,0
98788,0
98789,0
98790,1
98791,0
98792,0
98793,0
98794,0
98795,0
98796,0
98797,0
98798,0
98799,0
98800,0
98801,0
98802,0
98803,0
98804,1
98805,0
98806,0
98807,0
98808,0
98809,0
98810,0
98811,0
98812,0
98813,0
98814,0
98815,0
98816,0
98817,0
98818,0
98819,0
98820,0
98821,0
98822,0
98823,0
98824,0
98825,0
98826,0
98827,0
98828,0
98829,0
98830,0
98831,0
98832,0
98833,0
98834,0
98835,0
98836,0
98837,0
98838,0
98839,1
98840,0
98841,1
98842,0
98843,0
98844,0
98845,0
98846,0
98847,0
98848,0
98849,0
98850,0
98851,0
98852,0
98853,0
98854,1
98855,0
98856,0
98857,0
98858,0
98859,0
98860,0
98861,0
98862,0
98863,0
98864,0
98865,1
98866,0
98867,0
98868,0
98869,0
98870,0
98871,0
98872,0
98873,1
98874,0
98875,35
98876,0
98877,46
98878,0
98879,0
98880,41
98881,0
98882,27
98883,0
98884,0
98885,34
98886,0
98887,32
98888,0
98889,34
98890,0
98891,0
98892,0
98893,0
98894,36
98895,36
98896,0
98897,28
98898,0
98899,0
98900,0
98901,41
98902,0
98903,0
98904,0
98905,24
98906,0
98907,0
98908,0
98909,0
98910,0
98911,0
98912,0
98913,0
98914,43
98915,0
98916,0
98917,0
98918,0
98919,0
98920,0
98921,0
98922,0
98923,0
98924,19
98925,27
98926,0
98927,0
98928,0
98929,0
98930,0
98931,0
98932,0
98933,21
98934,69
98935,0
98936,0
98937,28
98938,0
98939,0
98940,0
98941,0
98942,0
98943,0
98944,0
98945,0
98946,42
98947,0
98948,37
98949,37
98950,0
98951,0
98952,0
98953,0
98954,0
98955,37
98956,20
98957,0
98958,17
98959,0
98960,0
98961,0
98962,23
98963,0
98964,0
98965,0
98966,0
98967,0
98968,0
98969,0
98970,0
98971,36
98972,0
98973,0
98974,0
98975,0
98976,38
98977,33
98978,0
98979,0
98980,0
98981,0
98982,31
98983,32
98984,0
98985,0
98986,0
98987,0
98988,0
98989,0
98990,0
98991,0
98992,26
98993,0
98994,0
98995,0
98996,0
98997,0
98998,0
98999,33
99000,0
99001,0
99002,0
99003,41
99004,0
99005,0
99006,0
99007,0
99008,0
99009,0
99010,0
99011,35
99012,35
99013,0
99014,0
99015,0
99016,0
99017,0
99018,0
99019,0
99020,0
99021,0
99022,0
99023,0
99024,0
99025,25
99026,0
99027,31
99028,0
99029,0
99030,0
99031,0
99032,0
99033,0
99034,0
99035,0
99036,34
99037,27
99038,0
99039,0
99040,0
99041,0
99042,0
99043,0
99044,32
99045,0
99046,0
99047,0
99048,19
99049,0
99050,0
99051,36
99052,0
99053,0
99054,0
99055,0
99056,0
99057,0
99058,42
99059,0
99060,0
99061,0
99062,0
99063,0
99064,0
99065,0
99066,0
99067,27
99068,0
99069,0
99070,0
99071,0
99072,0
99073,0
99074,0
99075,0
99076,0
99077,0
99078,0
99079,0
99080,0
99081,0
99082,21
99083,17
99084,0
99085,0
99086,0
99087,0
99088,0
99089,0
99090,0
99091,0
99092,0
99093,27
99094,0
99095,0
99096,0
99097,0
99098,0
99099,0
99100,0
99101,0
99102,35
99103,51
99104,0
99105,0
99106,0
99107,17
99108,0
99109,0
99110,0
99111,0
99112,0
99113,0
99114,0
99115,0
99116,0
99117,0
99118,0
99119,0
99120,29
99121,0
99122,0
99123,0
99124,25
99125,0
99126,0
99127,0
99128,0
99129,0
99130,0
99131,0
99132,0
99133,43
99134,28
99135,31
99136,25
99137,0
99138,0
99139,0
99140,0
99141,0
99142,0
99143,0
99144,0
99145,0
99146,36
99147,0
99148,0
99149,0
99150,0
99151,35
99152,0
99153,0
99154,34
99155,0
99156,0
99157,0
99158,40
99159,0
99160,42
99161,0
99162,0
99163,0
99164,0
99165,0
99166,0
99167,0
99168,0
99169,0
99170,0
99171,0
99172,0
99173,0
99174,0
99175,0
99176,0
99177,0
99178,0
99179,0
99180,0
99181,0
99182,0
99183,0
99184,0
99185,0
99186,0
99187,0
99188,0
99189,34
99190,0
99191,0
99192,0
99193,0
99194,0
99195,0
99196,0
99197,0
99198,0
99199,0
99200,33
99201,0
99202,0
99203,0
99204,0
99205,0
99206,31
99207,0
99208,0
99209,0
99210,0
99211,0
99212,0
99213,0
99214,0
99215,0
99216,0
99217,0
99218,0
99219,0
99220,0
99221,0
99222,0
99223,0
99224,0
99225,0
99226,0
99227,0
99228,0
99229,0
99230,0
99231,0
99232,0
99233,0
99234,0
99235,0
99236,0
99237,0
99238,0
99239,0
99240,0
99241,0
99242,0
99243,0
99244,0
99245,51
99246,39
99247,35
99248,0
99249,0
99250,0
99251,0
99252,0
99253,0
99254,36
99255,27
99256,0
99257,0
99258,27
99259,0
99260,0
99261,0
99262,0
99263,39
99264,0
99265,0
99266,0
99267,0
99268,0
99269,0
99270,0
99271,0
99272,0
99273,0
99274,0
99275,0
99276,0
99277,0
99278,0
99279,37
99280,0
99281,0
99282,22
99283,37
99284,0
99285,0
99286,35
99287,0
99288,0
99289,0
99290,0
99291,33
99292,0
99293,0
99294,0
99295,0
99296,0
99297,0
99298,0
99299,24
99300,0
99301,0
99302,0
99303,0
99304,0
99305,0
99306,0
99307,0
99308,0
99309,0
99310,22
99311,0
99312,28
99313,23
99314,0
99315,0
99316,0
99317,0
99318,0
99319,0
99320,0
99321,0
99322,0
99323,0
99324,0
99325,32
99326,0
99327,0
99328,0
99329,0
99330,0
99331,26
99332,0
99333,0
99334,26
99335,0
99336,0
99337,0
99338,0
99339,0
99340,0
99341,0
99342,35
99343,33
99344,0
99345,0
99346,0
99347,0
99348,0
99349,21
99350,0
99351,0
99352,0
99353,32
99354,39
99355,0
99356,0
99357,0
99358,0
99359,0
99360,28
99361,33
99362,0
99363,0
99364,0
99365,0
99366,0
99367,0
99368,0
99369,35
99370,0
99371,0
99372,0
99373,0
99374,0
99375,0
99376,0
99377,0
99378,0
99379,0
99380,40
99381,0
99382,0
99383,0
99384,0
99385,0
99386,0
99387,0
99388,39
99389,0
99390,0
99391,25
99392,0
99393,0
99394,0
99395,0
99396,0
99397,15
99398,0
99399,0
99400,31
99401,0
99402,27
99403,0
99404,0
99405,29
99406,27
99407,22
99408,0
99409,0
99410,25
99411,0
99412,0
99413,0
99414,0
99415,0
99416,0
99417,0
99418,0
99419,0
99420,0
99421,0
99422,0
99423,0
99424,0
99425,15
99426,37
99427,0
99428,0
99429,0
99430,0
99431,0
99432,0
99433,0
99434,0
99435,0
99436,0
99437,0
99438,0
99439,0
99440,0
99441,0
99442,0
99443,54
99444,0
99445,0
99446,0
99447,22
99448,0
99449,0
99450,0
99451,0
99452,25
99453,0
99454,0
99455,0
99456,22
99457,0
99458,0
99459,0
99460,0
99461,0
99462,0
99463,0
99464,0
99465,0
99466,0
99467,0
99468,0
99469,0
99470,0
99471,0
99472,0
99473,0
99474,0
99475,0
99476,0
99477,0
99478,0
99479,0
99480,0
99481,0
99482,0
99483,0
99484,0
99485,0
99486,0
99487,0
99488,0
99489,0
99490,0
99491,0
99492,0
99493,0
99494,0
99495,0
99496,0
99497,0
99498,0
99499,0
99500,0
99501,0
99502,0
99503,0
99504,0
99505,0
99506,0
99507,0
99508,0
99509,37
99510,0
99511,0
99512,0
99513,0
99514,28
99515,0
99516,29
99517,0
99518,0
99519,0
99520,0
99521,0
99522,0
99523,0
99524,0
99525,33
99526,0
99527,0
99528,0
99529,0
99530,0
99531,0
99532,0
99533,0
99534,0
99535,0
99536,0
99537,0
99538,0
99539,0
99540,0
99541,0
99542,0
99543,0
99544,0
99545,0
99546,0
99547,0
99548,0
99549,0
99550,0
99551,0
99552,44
99553,0
99554,0
99555,0
99556,0
99557,0
99558,0
99559,0
99560,0
99561,0
99562,0
99563,0
99564,0
99565,0
99566,0
99567,0
99568,0
99569,26
99570,0
99571,0
99572,0
99573,0
99574,0
99575,0
99576,22
99577,0
99578,0
99579,0
99580,0
99581,0
99582,0
99583,0
99584,0
99585,0
99586,0
99587,31
99588,0
99589,21
99590,0
99591,0
99592,0
99593,0
99594,0
99595,0
99596,0
99597,0
99598,0
99599,0
99600,0
99601,0
99602,0
99603,0
99604,0
99605,0
99606,0
99607,0
99608,0
99609,32
99610,0
99611,0
99612,0
99613,0
99614,0
99615,0
99616,0
99617,0
99618,0
99619,0
99620,29
99621,0
99622,0
99623,0
99624,0
99625,0
99626,0
99627,0
99628,0
99629,0
99630,0
99631,0
99632,0
99633,0
99634,0
99635,0
99636,0
99637,0
99638,21
99639,0
99640,0
99641,22
99642,0
99643,0
99644,0
99645,0
99646,0
99647,0
99648,0
99649,0
99650,0
99651,0
99652,0
99653,0
99654,0
99655,0
99656,0
99657,0
99658,0
99659,0
99660,26
99661,0
99662,0
99663,0
99664,0
99665,0
99666,0
99667,0
99668,0
99669,12
99670,0
99671,0
99672,0
99673,0
99674,0
99675,0
99676,0
99677,0
99678,0
99679,0
99680,0
99681,0
99682,24
99683,0
99684,0
99685,0
99686,0
99687,0
99688,0
99689,0
99690,0
99691,0
99692,0
99693,0
99694,0
99695,0
99696,0
99697,0
99698,0
99699,0
99700,0
99701,0
99702,0
99703,0
99704,41
99705,0
99706,0
99707,0
99708,0
99709,30
99710,0
99711,0
99712,0
99713,0
99714,0
99715,0
99716,0
99717,0
99718,22
99719,0
99720,0
99721,0
99722,0
99723,0
99724,0
99725,0
99726,0
99727,0
99728,0
99729,0
99730,0
99731,0
99732,0
99733,0
99734,0
99735,0
99736,0
99737,0
99738,0
99739,0
99740,0
99741,0
99742,0
99743,0
99744,0
99745,0
99746,0
99747,0
99748,0
99749,0
99750,0
99751,0
99752,0
99753,0
99754,0
99755,0
99756,0
99757,0
99758,0
99759,0
99760,0
99761,0
99762,0
99763,0
99764,0
99765,0
99766,0
99767,0
99768,0
99769,0
99770,0
99771,0
99772,0
99773,0
99774,0
99775,0
99776,0
99777,30
99778,0
99779,0
99780,0
99781,0
99782,0
99783,0
99784,0
99785,0
99786,0
99787,0
99788,0
99789,0
99790,0
99791,0
99792,0
99793,0
99794,0
99795,0
99796,0
99797,0
99798,0
99799,0
99800,0
99801,0
99802,0
99803,0
99804,0
99805,0
99806,0
99807,0
99808,0
99809,0
99810,0
99811,0
99812,24
99813,16
99814,0
99815,0
99816,0
99817,0
99818,0
99819,0
99820,0
99821,0
99822,25
99823,0
99824,42
99825,0
99826,0
99827,24
99828,0
99829,0
99830,0
99831,0
99832,0
99833,0
99834,0
99835,0
99836,0
99837,0
99838,0
99839,0
99840,0
99841,0
99842,23
99843,0
99844,0
99845,0
99846,0
99847,0
99848,0
99849,0
99850,0
99851,0
99852,0
99853,0
99854,0
99855,0
99856,0
99857,0
99858,0
99859,0
99860,0
99861,0
99862,0
99863,0
99864,0
99865,0
99866,0
99867,0
99868,0
99869,0
99870,0
99871,0
99872,0
99873,0
99874,0
99875,0
99876,0
99877,0
99878,0
99879,0
99880,0
99881,26
99882,0
99883,0
99884,0
99885,0
99886,0
99887,0
99888,0
99889,0
99890,0
99891,0
99892,21
99893,0
99894,0
99895,0
99896,0
99897,0
99898,0
99899,0
99900,0
99901,0
99902,0
99903,0
99904,0
99905,0
99906,0
99907,0
99908,0
99909,0
99910,21
99911,0
99912,0
99913,0
99914,0
99915,0
99916,0
99917,0
99918,0
99919,0
99920,0
99921,0
99922,0
99923,0
99924,0
99925,0
99926,0
99927,0
99928,0
99929,0
99930,0
99931,0
99932,0
99933,0
99934,0
99935,0
99936,0
99937,0
99938,0
99939,0
99940,0
99941,0
99942,0
99943,0
99944,0
99945,0
99946,0
99947,0
99948,0
99949,0
99950,0
99951,0
99952,0
99953,0
99954,0
99955,0
99956,0
99957,0
99958,0
99959,0
99960,0
99961,0
99962,0
99963,0
99964,0
99965,0
99966,0
99967,0
99968,0
99969,0
99970,0
99971,0
99972,0
99973,0
99974,0
99975,0
99976,0
99977,0
99978,0
99979,0
99980,0
99981,0
99982,0
99983,0
99984,0
99985,0
99986,0
99987,20
99988,0
99989,0
99990,0
99991,0
99992,0
99993,0
99994,0
99995,0
99996,0
99997,0
99998,0
99999,0
100000,0
100001,0
100002,0
100003,0
100004,0
100005,0
100006,0
100007,0
100008,0
100009,37
100010,0
100011,0
100012,0
100013,0
100014,0
100015,0
100016,0
100017,0
100018,0
100019,0
100020,0
100021,13
100022,22
100023,0
100024,0
100025,0
100026,0
100027,0
100028,0
100029,0
100030,0
100031,0
100032,36
100033,0
100034,0
100035,0
100036,0
100037,18
100038,0
100039,0
100040,0
100041,0
100042,0
100043,0
100044,0
100045,0
100046,0
100047,0
100048,0
100049,0
100050,0
100051,0
100052,0
100053,0
100054,0
100055,0
100056,0
100057,0
100058,0
100059,0
100060,0
100061,0
100062,0
100063,26
100064,0
100065,0
100066,0
100067,0
100068,0
100069,0
100070,0
100071,0
100072,0
100073,0
100074,0
100075,0
100076,0
100077,0
100078,0
100079,0
100080,0
100081,0
100082,0
100083,0
100084,53
100085,0
100086,0
100087,0
100088,0
100089,0
100090,0
100091,0
100092,0
100093,0
100094,0
100095,0
100096,0
100097,0
100098,0
100099,0
100100,0
100101,0
100102,40
100103,0
100104,0
100105,0
100106,0
100107,32
100108,0
100109,0
100110,0
100111,0
100112,29
100113,0
100114,0
100115,0
100116,0
100117,0
100118,0
100119,0
100120,0
100121,0
100122,27
100123,0
100124,0
100125,0
100126,0
100127,0
100128,37
100129,0
100130,0
100131,0
100132,0
100133,0
100134,22
100135,19
100136,0
100137,0
100138,0
100139,0
100140,0
100141,0
100142,0
100143,0
100144,40
100145,0
100146,0
100147,0
100148,37
100149,0
100150,0
100151,0
100152,0
100153,0
100154,0
100155,0
100156,0
100157,0
100158,0
100159,0
100160,58
100161,0
100162,0
100163,37
100164,40
100165,0
100166,0
100167,0
100168,0
100169,42
100170,0
100171,0
100172,0
100173,0
100174,0
100175,0
100176,0
100177,0
100178,0
100179,0
100180,0
100181,0
100182,0
100183,0
100184,0
100185,0
100186,0
100187,0
100188,0
100189,15
100190,0
100191,0
100192,0
100193,0
100194,0
100195,0
100196,0
100197,27
100198,0
100199,0
100200,0
100201,0
100202,0
100203,0
100204,0
100205,0
100206,39
100207,0
100208,0
100209,0
100210,0
100211,0
100212,0
100213,0
100214,0
100215,0
100216,0
100217,0
100218,27
100219,0
100220,38
100221,0
100222,0
100223,0
100224,0
100225,0
100226,0
100227,0
100228,0
100229,0
100230,0
100231,0
100232,0
100233,0
100234,0
100235,0
100236,30
100237,43
100238,0
100239,0
100240,0
100241,0
100242,0
100243,0
100244,0
100245,0
100246,0
100247,0
100248,56
100249,0
100250,0
100251,0
100252,0
100253,0
100254,0
100255,0
100256,0
100257,0
100258,0
100259,0
100260,0
100261,0
100262,0
100263,22
100264,0
100265,0
100266,0
100267,0
100268,0
100269,0
100270,0
100271,0
100272,0
100273,0
100274,0
100275,0
100276,31
100277,0
100278,0
100279,0
100280,0
100281,0
100282,0
100283,0
100284,0
100285,46
100286,0
100287,0
100288,0
100289,0
100290,0
100291,0
100292,0
100293,0
100294,0
100295,22
100296,0
100297,0
100298,0
100299,0
100300,0
100301,0
100302,0
100303,44
100304,0
100305,0
100306,0
100307,26
100308,0
100309,0
100310,0
100311,0
100312,25
100313,0
100314,0
100315,0
100316,0
100317,36
100318,0
100319,0
100320,0
100321,0
100322,0
100323,0
100324,0
100325,0
100326,27
100327,0
100328,36
100329,0
100330,0
100331,0
100332,0
100333,0
100334,31
100335,0
100336,0
100337,0
100338,0
100339,0
100340,0
100341,0
100342,19
100343,0
100344,0
100345,44
100346,0
100347,0
100348,0
100349,0
100350,0
100351,0
100352,0
100353,0
100354,0
100355,0
100356,0
100357,31
100358,0
100359,0
100360,0
100361,0
100362,0
100363,0
100364,33
100365,0
100366,0
100367,0
100368,0
100369,0
100370,0
100371,0
100372,0
100373,0
100374,0
100375,0
100376,0
100377,0
100378,0
100379,0
100380,0
100381,0
100382,0
100383,0
100384,44
100385,23
100386,0
100387,0
100388,0
100389,0
100390,0
100391,0
100392,0
100393,0
100394,0
100395,0
100396,0
100397,0
100398,0
100399,0
100400,0
100401,0
100402,0
100403,0
100404,0
100405,0
100406,0
100407,0
100408,0
100409,0
100410,0
100411,0
100412,0
100413,0
100414,0
100415,0
100416,0
100417,0
100418,39
100419,25
100420,0
100421,0
100422,0
100423,0
100424,0
100425,0
100426,0
100427,0
100428,0
100429,0
100430,0
100431,0
100432,0
100433,28
100434,0
100435,0
100436,0
100437,0
100438,0
100439,0
100440,0
100441,0
100442,0
100443,0
100444,0
100445,0
100446,0
100447,0
100448,0
100449,0
100450,0
100451,0
100452,0
100453,0
100454,36
100455,0
100456,0
100457,0
100458,0
100459,20
100460,0
100461,0
100462,0
100463,0
100464,29
100465,0
100466,0
100467,0
100468,0
100469,0
100470,0
100471,0
100472,43
100473,0
100474,0
100475,0
100476,0
100477,0
100478,0
100479,0
100480,0
100481,0
100482,0
100483,0
100484,0
100485,0
100486,0
100487,0
100488,0
100489,0
100490,0
100491,0
100492,0
100493,0
100494,0
100495,0
100496,0
100497,0
100498,0
100499,0
100500,32
100501,0
100502,0
100503,0
100504,0
100505,0
100506,0
100507,0
100508,0
100509,0
100510,0
100511,47
100512,0
100513,0
100514,0
100515,0
100516,0
100517,0
100518,18
100519,0
100520,0
100521,0
100522,0
100523,0
100524,0
100525,0
100526,0
100527,0
100528,0
100529,0
100530,0
100531,0
100532,0
100533,0
100534,0
100535,0
100536,0
100537,0
100538,0
100539,22
100540,0
100541,0
100542,0
100543,0
100544,0
100545,0
100546,0
100547,0
100548,0
100549,0
100550,0
100551,40
100552,0
100553,0
100554,0
100555,0
100556,0
100557,42
100558,0
100559,0
100560,0
100561,0
100562,0
100563,0
100564,0
100565,0
100566,25
100567,0
100568,0
100569,0
100570,0
100571,0
100572,0
100573,0
100574,0
100575,0
100576,0
100577,0
100578,0
100579,0
100580,0
100581,0
100582,0
100583,0
100584,0
100585,0
100586,0
100587,0
100588,0
100589,0
100590,0
100591,0
100592,30
100593,0
100594,0
100595,0
100596,0
100597,0
100598,0
100599,0
100600,0
100601,38
100602,0
100603,0
100604,0
100605,0
100606,0
100607,0
100608,50
100609,0
100610,0
100611,0
100612,0
100613,0
100614,0
100615,0
100616,0
100617,0
100618,0
100619,0
100620,0
100621,0
100622,0
100623,0
100624,0
100625,0
100626,0
100627,0
100628,0
100629,0
100630,0
100631,0
100632,0
100633,0
100634,0
100635,34
100636,0
100637,25
100638,30
100639,0
100640,0
100641,0
100642,0
100643,40
100644,0
100645,0
100646,0
100647,0
100648,0
100649,0
100650,0
100651,0
100652,0
100653,0
100654,0
100655,46
100656,0
100657,40
100658,0
100659,0
100660,0
100661,40
100662,0
100663,0
100664,0
100665,0
100666,0
100667,0
100668,0
100669,0
100670,0
100671,0
100672,0
100673,0
100674,44
100675,0
100676,0
100677,34
100678,0
100679,34
100680,0
100681,0
100682,0
100683,0
100684,0
100685,33
100686,40
100687,0
100688,0
100689,0
100690,0
100691,0
100692,0
100693,0
100694,44
100695,0
100696,0
100697,0
100698,0
100699,0
100700,31
100701,0
100702,0
100703,0
100704,0
100705,0
100706,0
100707,0
100708,28
100709,0
100710,0
100711,0
100712,0
100713,0
100714,0
100715,0
100716,0
100717,0
100718,31
100719,0
100720,0
100721,0
100722,41
100723,0
100724,0
100725,0
100726,0
100727,0
100728,0
100729,0
100730,0
100731,0
100732,0
100733,41
100734,0
100735,0
100736,0
100737,0
100738,0
100739,0
100740,29
100741,0
100742,0
100743,0
100744,0
100745,0
100746,0
100747,0
100748,0
100749,0
100750,0
100751,0
100752,0
100753,0
100754,0
100755,0
100756,0
100757,0
100758,0
100759,0
100760,0
100761,0
100762,0
100763,0
100764,36
100765,0
100766,0
100767,0
100768,0
100769,0
100770,0
100771,0
100772,0
100773,0
100774,0
100775,0
100776,0
100777,53
100778,0
100779,0
100780,0
100781,0
100782,0
100783,0
100784,0
100785,0
100786,0
100787,0
100788,0
100789,0
100790,0
100791,0
100792,0
100793,20
100794,0
100795,0
100796,0
100797,0
100798,0
100799,0
100800,0
100801,0
100802,0
100803,0
100804,0
100805,0
100806,25
100807,15
100808,0
100809,0
100810,43
100811,0
100812,0
100813,0
100814,0
100815,0
100816,31
100817,0
100818,0
100819,0
100820,0
100821,0
100822,0
100823,24
100824,0
100825,0
100826,0
100827,0
100828,0
100829,0
100830,0
100831,0
100832,0
100833,33
100834,0
100835,0
100836,0
100837,0
100838,0
100839,0
100840,0
100841,0
100842,0
100843,0
100844,0
100845,29
100846,0
100847,0
100848,0
100849,31
100850,0
100851,17
100852,0
100853,0
100854,0
100855,37
100856,0
100857,0
100858,0
100859,0
100860,34
100861,0
100862,0
100863,0
100864,0
100865,0
100866,0
100867,0
100868,0
100869,0
100870,0
100871,0
100872,0
100873,0
100874,0
100875,0
100876,29
100877,0
100878,0
100879,0
100880,34
100881,33
100882,0
100883,0
100884,31
100885,0
100886,0
100887,0
100888,0
100889,0
100890,0
100891,36
100892,0
100893,0
100894,0
100895,0
100896,0
100897,0
100898,0
100899,0
100900,0
100901,0
100902,0
100903,0
100904,0
100905,43
100906,0
100907,33
100908,0
100909,0
100910,0
100911,0
100912,0
100913,0
100914,0
100915,0
100916,0
100917,0
100918,0
100919,0
100920,0
100921,43
100922,0
100923,0
100924,0
100925,0
100926,0
100927,0
100928,25
100929,0
100930,0
100931,0
100932,0
100933,0
100934,0
100935,0
100936,0
100937,0
100938,0
100939,0
100940,0
100941,0
100942,44
100943,0
100944,0
100945,0
100946,0
100947,0
100948,47
100949,0
100950,0
100951,0
100952,0
100953,0
100954,0
100955,0
100956,0
100957,0
100958,0
100959,49
100960,0
100961,27
100962,0
100963,0
100964,48
100965,0
100966,0
100967,0
100968,0
100969,0
100970,0
100971,0
100972,0
100973,0
100974,0
100975,0
100976,0
100977,0
100978,0
100979,0
100980,0
100981,36
100982,0
100983,24
100984,0
100985,0
100986,0
100987,0
100988,0
100989,0
100990,0
100991,0
100992,0
100993,0
100994,0
100995,0
100996,0
100997,22
100998,42
100999,0
101000,0
101001,0
101002,0
101003,0
101004,0
101005,0
101006,0
101007,0
101008,0
101009,0
101010,0
101011,0
101012,0
101013,0
101014,0
101015,0
101016,0
101017,0
101018,0
101019,0
101020,0
101021,0
101022,38
101023,0
101024,0
101025,0
101026,0
101027,48
101028,0
101029,0
101030,0
101031,0
101032,0
101033,0
101034,0
101035,0
101036,0
101037,0
101038,0
101039,0
101040,12
101041,23
101042,0
101043,0
101044,0
101045,0
101046,0
101047,0
101048,0
101049,0
101050,0
101051,0
101052,0
101053,0
101054,0
101055,0
101056,0
101057,0
101058,0
101059,0
101060,0
101061,0
101062,0
101063,0
101064,0
101065,0
101066,0
101067,0
101068,0
101069,0
101070,0
101071,0
101072,0
101073,0
101074,0
101075,0
101076,0
101077,0
101078,0
101079,0
101080,0
101081,0
101082,0
101083,0
101084,0
101085,0
101086,0
101087,0
101088,0
101089,0
101090,20
101091,16
101092,0
101093,0
101094,0
101095,0
101096,0
101097,16
101098,0
101099,0
101100,0
101101,0
101102,0
101103,0
101104,35
101105,0
101106,24
101107,0
101108,0
101109,0
101110,0
101111,25
101112,0
101113,0
101114,0
101115,0
101116,0
101117,0
101118,0
101119,0
101120,0
101121,0
101122,0
101123,12
101124,0
101125,0
101126,0
101127,0
101128,0
101129,0
101130,0
101131,0
101132,0
101133,0
101134,0
101135,0
101136,0
101137,0
101138,0
101139,0
101140,15
101141,0
101142,0
101143,0
101144,22
101145,0
101146,0
101147,0
101148,0
101149,0
101150,0
101151,0
101152,15
101153,0
101154,12
101155,0
101156,0
101157,0
101158,0
101159,0
101160,0
101161,0
101162,0
101163,0
101164,0
101165,0
101166,0
101167,0
101168,0
101169,0
101170,0
101171,0
101172,0
101173,0
101174,0
101175,11
101176,0
101177,0
101178,14
101179,0
101180,0
101181,0
101182,0
101183,26
101184,0
101185,0
101186,0
101187,0
101188,0
101189,0
101190,0
101191,13
101192,0
101193,0
101194,0
101195,0
101196,0
101197,0
101198,0
101199,0
101200,0
101201,0
101202,0
101203,0
101204,0
101205,0
101206,0
101207,0
101208,0
101209,0
101210,15
101211,0
101212,0
101213,0
101214,0
101215,0
101216,0
101217,0
101218,0
101219,0
101220,0
101221,0
101222,0
101223,0
101224,0
101225,0
101226,0
101227,19
101228,0
101229,0
101230,0
101231,0
101232,0
101233,0
101234,0
101235,0
101236,0
101237,0
101238,0
101239,0
101240,0
101241,0
101242,0
101243,0
101244,0
101245,21
101246,0
101247,0
101248,0
101249,13
101250,0
101251,0
101252,0
101253,0
101254,0
101255,0
101256,0
101257,0
101258,0
101259,0
101260,0
101261,0
101262,0
101263,0
101264,0
101265,0
101266,0
101267,0
101268,0
101269,18
101270,0
101271,0
101272,0
101273,0
101274,0
101275,0
101276,0
101277,0
101278,0
101279,0
101280,0
101281,0
101282,0
101283,0
101284,0
101285,0
101286,0
101287,0
101288,0
101289,0
101290,0
101291,0
101292,0
101293,0
101294,0
101295,0
101296,0
101297,0
101298,0
101299,25
101300,0
101301,0
101302,0
101303,0
101304,0
101305,0
101306,0
101307,0
101308,0
101309,0
101310,0
101311,0
101312,18
101313,0
101314,0
101315,0
101316,0
101317,0
101318,0
101319,0
101320,0
101321,0
101322,0
101323,0
101324,0
101325,0
101326,0
101327,0
101328,0
101329,0
101330,0
101331,14
101332,0
101333,0
101334,0
101335,0
101336,0
101337,0
101338,0
101339,19
101340,19
101341,0
101342,0
101343,0
101344,0
101345,0
101346,0
101347,0
101348,0
101349,0
101350,0
101351,0
101352,0
101353,0
101354,0
101355,0
101356,0
101357,0
101358,0
101359,0
101360,0
101361,0
101362,0
101363,0
101364,0
101365,0
101366,0
101367,0
101368,0
101369,0
101370,0
101371,0
101372,0
101373,0
101374,0
101375,0
101376,0
101377,0
101378,0
101379,23
101380,24
101381,0
101382,0
101383,0
101384,0
101385,0
101386,0
101387,0
101388,0
101389,0
101390,0
101391,0
101392,0
101393,0
101394,0
101395,0
101396,0
101397,0
101398,0
101399,18
101400,0
101401,0
101402,0
101403,0
101404,0
101405,0
101406,0
101407,0
101408,0
101409,0
101410,0
101411,23
101412,0
101413,0
101414,0
101415,0
101416,0
101417,0
101418,0
101419,0
101420,0
101421,0
101422,0
101423,0
101424,0
101425,0
101426,0
101427,0
101428,0
101429,0
101430,0
101431,0
101432,10
101433,0
101434,0
101435,0
101436,17
101437,0
101438,16
101439,20
101440,0
101441,21
101442,0
101443,14
101444,0
101445,0
101446,0
101447,9
101448,0
101449,0
101450,0
101451,0
101452,17
101453,0
101454,0
101455,0
101456,0
101457,0
101458,0
101459,0
101460,0
101461,0
101462,0
101463,0
101464,0
101465,0
101466,0
101467,0
101468,17
101469,12
101470,0
101471,0
101472,0
101473,0
101474,0
101475,0
101476,15
101477,0
101478,0
101479,0
101480,0
101481,0
101482,0
101483,0
101484,0
101485,0
101486,0
101487,0
101488,0
101489,0
101490,14
101491,0
101492,0
101493,19
101494,0
101495,0
101496,0
101497,0
101498,0
101499,0
101500,0
101501,0
101502,0
101503,0
101504,0
101505,0
101506,0
101507,0
101508,0
101509,0
101510,20
101511,0
101512,0
101513,0
101514,0
101515,0
101516,16
101517,11
101518,0
101519,0
101520,0
101521,17
101522,0
101523,21
101524,0
101525,0
101526,0
101527,0
101528,0
101529,0
101530,0
101531,0
101532,0
101533,0
101534,0
101535,0
101536,16
101537,0
101538,0
101539,0
101540,0
101541,0
101542,0
101543,0
101544,0
101545,0
101546,0
101547,0
101548,0
101549,0
101550,0
101551,0
101552,0
101553,0
101554,0
101555,11
101556,0
101557,13
101558,0
101559,23
101560,0
101561,0
101562,0
101563,0
101564,0
101565,23
101566,0
101567,0
101568,17
101569,0
101570,0
101571,0
101572,0
101573,0
101574,0
101575,0
101576,0
101577,0
101578,0
101579,0
101580,0
101581,0
101582,0
101583,0
101584,0
101585,0
101586,0
101587,0
101588,0
101589,0
101590,0
101591,0
101592,0
101593,19
101594,0
101595,0
101596,0
101597,25
101598,0
101599,0
101600,0
101601,47
101602,27
101603,0
101604,30
101605,0
101606,0
101607,47
101608,31
101609,0
101610,0
101611,0
101612,0
101613,0
101614,0
101615,0
101616,0
101617,0
101618,43
101619,22
101620,0
101621,0
101622,26
101623,21
101624,49
101625,0
101626,0
101627,29
101628,0
101629,0
101630,0
101631,0
101632,32
101633,46
101634,0
101635,17
101636,31
101637,0
101638,0
101639,0
101640,0
101641,0
101642,0
101643,0
101644,0
101645,0
101646,0
101647,64
101648,0
101649,0
101650,0
101651,0
101652,18
101653,30
101654,0
101655,23
101656,0
101657,27
101658,37
101659,25
101660,24
101661,21
101662,0
101663,0
101664,0
101665,0
101666,0
101667,0
101668,0
101669,0
101670,31
101671,0
101672,26
101673,37
101674,0
101675,30
101676,0
101677,0
101678,47
101679,0
101680,0
101681,0
101682,29
101683,0
101684,0
101685,32
101686,0
101687,29
101688,24
101689,0
101690,31
101691,0
101692,0
101693,0
101694,30
101695,35
101696,0
101697,0
101698,0
101699,0
101700,43
101701,39
101702,0
101703,0
101704,34
101705,0
101706,0
101707,46
101708,0
101709,19
101710,0
101711,0
101712,39
101713,0
101714,41
101715,0
101716,54
101717,0
101718,0
101719,0
101720,44
101721,0
101722,0
101723,0
101724,0
101725,0
101726,0
101727,0
101728,0
101729,0
101730,0
101731,0
101732,0
101733,26
101734,0
101735,14
101736,17
101737,39
101738,37
101739,31
101740,0
101741,0
101742,0
101743,0
101744,29
101745,58
101746,0
101747,0
101748,0
101749,0
101750,0
101751,0
101752,0
101753,37
101754,0
101755,0
101756,0
101757,0
101758,0
101759,0
101760,0
101761,0
101762,0
101763,0
101764,0
101765,0
101766,0
101767,0
101768,0
101769,0
101770,21
101771,0
101772,0
101773,0
101774,0
101775,0
101776,32
101777,0
101778,0
101779,46
101780,0
101781,26
101782,40
101783,21
101784,36
101785,36
101786,0
101787,0
101788,0
101789,46
101790,0
101791,0
101792,0
101793,0
101794,28
101795,0
101796,0
101797,0
101798,26
101799,0
101800,0
101801,0
101802,0
101803,0
101804,19
101805,0
101806,0
101807,0
101808,0
101809,0
101810,36
101811,0
101812,0
101813,41
101814,0
101815,0
101816,0
101817,0
101818,0
101819,0
101820,0
101821,0
101822,0
101823,0
101824,38
101825,0
101826,39
101827,0
101828,0
101829,38
101830,23
101831,25
101832,46
101833,0
101834,0
101835,0
101836,0
101837,0
101838,35
101839,0
101840,33
101841,0
101842,0
101843,0
101844,26
101845,0
101846,35
101847,0
101848,0
101849,39
101850,0
101851,42
101852,0
101853,28
101854,20
101855,32
101856,27
101857,17
101858,30
101859,0
101860,0
101861,0
101862,35
101863,0
101864,0
101865,22
101866,0
101867,0
101868,28
101869,0
101870,0
101871,36
101872,0
101873,0
101874,0
101875,35
101876,29
101877,0
101878,0
101879,0
101880,0
101881,16
101882,0
101883,0
101884,0
101885,0
101886,0
101887,0
101888,41
101889,0
101890,0
101891,0
101892,35
101893,0
101894,0
101895,33
101896,0
101897,0
101898,0
101899,0
101900,45
101901,0
101902,0
101903,0
101904,0
101905,0
101906,0
101907,34
101908,30
101909,0
101910,0
101911,41
101912,0
101913,0
101914,27
101915,0
101916,18
101917,47
101918,0
101919,0
101920,0
101921,0
101922,0
101923,28
101924,16
101925,0
101926,0
101927,0
101928,0
101929,0
101930,0
101931,0
101932,0
101933,74
101934,0
101935,28
101936,0
101937,0
101938,0
101939,45
101940,0
101941,47
101942,0
101943,42
101944,32
101945,0
101946,17
101947,0
101948,0
101949,0
101950,0
101951,39
101952,0
101953,0
101954,0
101955,0
101956,0
101957,0
101958,26
101959,0
101960,0
101961,15
101962,0
101963,0
101964,0
101965,0
101966,28
101967,39
101968,0
101969,0
101970,0
101971,0
101972,28
101973,0
101974,0
101975,0
101976,0
101977,0
101978,0
101979,41
101980,59
101981,31
101982,35
101983,47
101984,31
101985,0
101986,0
101987,0
101988,0
101989,0
101990,0
101991,0
101992,0
101993,0
101994,0
101995,32
101996,0
101997,0
101998,16
101999,0
102000,0
102001,0
102002,0
102003,0
102004,44
102005,0
102006,0
102007,30
102008,0
102009,0
102010,0
102011,0
102012,0
102013,0
102014,0
102015,0
102016,0
102017,0
102018,0
102019,26
102020,51
102021,0
102022,0
102023,0
102024,20
102025,0
102026,0
102027,0
102028,0
102029,0
102030,0
102031,0
102032,0
102033,40
102034,40
102035,0
102036,0
102037,0
102038,0
102039,0
102040,0
102041,0
102042,0
102043,37
102044,0
102045,0
102046,0
102047,0
102048,0
102049,42
102050,38
102051,0
102052,42
102053,31
102054,27
102055,33
102056,35
102057,17
102058,26
102059,0
102060,0
102061,0
102062,0
102063,0
102064,24
102065,0
102066,0
102067,0
102068,0
102069,26
102070,0
102071,0
102072,0
102073,0
102074,26
102075,0
102076,0
102077,0
102078,36
102079,0
102080,0
102081,0
102082,0
102083,28
102084,0
102085,14
102086,0
102087,0
102088,0
102089,38
102090,38
102091,0
102092,0
102093,0
102094,0
102095,0
102096,38
102097,0
102098,36
102099,0
102100,0
102101,0
102102,48
102103,0
102104,26
102105,0
102106,0
102107,0
102108,0
102109,0
102110,31
102111,0
102112,0
102113,40
102114,0
102115,0
102116,0
102117,0
102118,0
102119,60
102120,35
102121,0
102122,0
102123,23
102124,0
102125,0
102126,0
102127,0
102128,45
102129,0
102130,30
102131,0
102132,0
102133,0
102134,0
102135,51
102136,50
102137,0
102138,0
102139,46
102140,0
102141,0
102142,0
102143,30
102144,0
102145,0
102146,0
102147,44
102148,0
102149,0
102150,0
102151,14
102152,0
102153,0
102154,0
102155,0
102156,0
102157,0
102158,0
102159,31
102160,0
102161,0
102162,0
102163,0
102164,0
102165,0
102166,0
102167,0
102168,0
102169,0
102170,34
102171,39
102172,0
102173,0
102174,0
102175,0
102176,0
102177,41
102178,0
102179,0
102180,0
102181,29
102182,0
102183,0
102184,0
102185,0
102186,35
102187,0
102188,0
102189,0
102190,0
102191,0
102192,0
102193,0
102194,0
102195,0
102196,0
102197,32
102198,0
102199,0
102200,0
102201,34
102202,0
102203,22
102204,0
102205,0
102206,48
102207,0
102208,0
102209,0
102210,0
102211,26
102212,0
102213,0
102214,0
102215,0
102216,39
102217,0
102218,0
102219,0
102220,0
102221,0
102222,0
102223,0
102224,31
102225,21
102226,33
102227,40
102228,0
102229,39
102230,0
102231,0
102232,24
102233,27
102234,0
102235,0
102236,0
102237,15
102238,0
102239,0
102240,28
102241,0
102242,0
102243,0
102244,0
102245,0
102246,0
102247,0
102248,0
102249,0
102250,0
102251,0
102252,38
102253,0
102254,42
102255,17
102256,0
102257,0
102258,0
102259,33
102260,0
102261,0
102262,34
102263,0
102264,30
102265,0
102266,0
102267,0
102268,0
102269,25
102270,0
102271,0
102272,36
102273,0
102274,0
102275,0
102276,0
102277,23
102278,0
102279,0
102280,0
102281,0
102282,0
102283,0
102284,18
102285,0
102286,0
102287,26
102288,31
102289,0
102290,0
102291,0
102292,0
102293,0
102294,0
102295,0
102296,0
102297,0
102298,0
102299,25
102300,30
102301,37
102302,0
102303,0
102304,0
102305,0
102306,0
102307,0
102308,0
102309,28
102310,0
102311,0
102312,0
102313,0
102314,0
102315,0
102316,50
102317,0
102318,0
102319,0
102320,0
102321,0
102322,0
102323,0
102324,27
102325,0
102326,0
102327,0
102328,0
102329,0
102330,0
102331,20
102332,0
102333,0
102334,0
102335,14
102336,38
102337,0
102338,58
102339,0
102340,0
102341,0
102342,0
102343,0
102344,0
102345,0
102346,39
102347,37
102348,15
102349,0
102350,38
102351,27
102352,0
102353,0
102354,0
102355,0
102356,27
102357,35
102358,0
102359,0
102360,0
102361,31
102362,0
102363,0
102364,0
102365,37
102366,45
102367,0
102368,0
102369,24
102370,0
102371,0
102372,0
102373,0
102374,0
102375,25
102376,0
102377,0
102378,0
102379,0
102380,0
102381,0
102382,0
102383,0
102384,0
102385,0
102386,22
102387,0
102388,0
102389,0
102390,0
102391,0
102392,0
102393,0
102394,32
102395,0
102396,0
102397,0
102398,20
102399,0
102400,30
102401,0
102402,0
102403,0
102404,0
102405,0
102406,47
102407,0
102408,0
102409,19
102410,0
102411,0
102412,0
102413,0
102414,0
102415,0
102416,0
102417,0
102418,0
102419,0
102420,0
102421,33
102422,0
102423,0
102424,0
102425,0
102426,0
102427,0
102428,32
102429,0
102430,41
102431,0
102432,52
102433,0
102434,0
102435,0
102436,0
102437,0
102438,0
102439,37
102440,37
102441,0
102442,0
102443,33
102444,38
102445,0
102446,0
102447,41
102448,0
102449,0
102450,0
102451,54
102452,45
102453,0
102454,0
102455,0
102456,0
102457,64
102458,0
102459,0
102460,0
102461,25
102462,0
102463,27
102464,0
102465,0
102466,20
102467,0
102468,0
102469,0
102470,20
102471,0
102472,0
102473,22
102474,0
102475,0
102476,0
102477,0
102478,0
102479,0
102480,0
102481,0
102482,0
102483,0
102484,0
102485,0
102486,20
102487,0
102488,0
102489,0
102490,0
102491,0
102492,32
102493,0
102494,31
102495,0
102496,0
102497,46
102498,0
102499,0
102500,0
102501,0
102502,33
102503,0
102504,0
102505,33
102506,41
102507,0
102508,0
102509,0
102510,37
102511,48
102512,0
102513,0
102514,0
102515,0
102516,56
102517,0
102518,29
102519,0
102520,0
102521,45
102522,0
102523,0
102524,45
102525,0
102526,45
102527,0
102528,43
102529,21
102530,0
102531,28
102532,16
102533,0
102534,0
102535,0
102536,0
102537,0
102538,0
102539,0
102540,0
102541,30
102542,0
102543,28
102544,51
102545,0
102546,34
102547,0
102548,0
102549,0
102550,0
102551,14
102552,0
102553,44
102554,0
102555,0
102556,0
102557,0
102558,0
102559,0
102560,0
102561,0
102562,45
102563,52
102564,24
102565,0
102566,0
102567,0
102568,0
102569,0
102570,0
102571,0
102572,24
102573,27
102574,0
102575,0
102576,28
102577,0
102578,0
102579,0
102580,0
102581,0
102582,0
102583,30
102584,0
102585,0
102586,0
102587,0
102588,0
102589,0
102590,0
102591,0
102592,66
102593,0
102594,43
102595,0
102596,0
102597,42
102598,0
102599,0
102600,0
102601,0
102602,0
102603,0
102604,4
102605,0
102606,0
102607,0
102608,0
102609,0
102610,0
102611,4
102612,0
102613,0
102614,5
102615,0
102616,0
102617,0
102618,0
102619,0
102620,0
102621,0
102622,0
102623,6
102624,0
102625,0
102626,0
102627,0
102628,0
102629,0
102630,5
102631,0
102632,0
102633,3
102634,0
102635,0
102636,0
102637,0
102638,0
102639,0
102640,0
102641,3
102642,5
102643,0
102644,3
102645,0
102646,0
102647,0
102648,0
102649,0
102650,0
102651,0
102652,9
102653,0
102654,0
102655,0
102656,0
102657,0
102658,0
102659,0
102660,0
102661,0
102662,0
102663,0
102664,0
102665,0
102666,3
102667,0
102668,0
102669,0
102670,0
102671,0
102672,0
102673,0
102674,2
102675,0
102676,0
102677,0
102678,0
102679,0
102680,0
102681,0
102682,0
102683,0
102684,0
102685,0
102686,0
102687,0
102688,0
102689,0
102690,0
102691,0
102692,0
102693,0
102694,0
102695,0
102696,0
102697,0
102698,0
102699,0
102700,0
102701,0
102702,0
102703,0
102704,0
102705,0
102706,0
102707,0
102708,0
102709,0
102710,0
102711,0
102712,0
102713,0
102714,1
102715,0
102716,0
102717,0
102718,0
102719,0
102720,0
102721,0
102722,0
102723,0
102724,0
102725,0
102726,0
102727,0
102728,0
102729,0
102730,0
102731,0
102732,2
102733,0
102734,0
102735,0
102736,0
102737,0
102738,1
102739,1
102740,0
102741,0
102742,0
102743,0
102744,0
102745,0
102746,0
102747,0
102748,0
102749,0
102750,0
102751,0
102752,0
102753,0
102754,0
102755,0
102756,0
102757,0
102758,0
102759,0
102760,0
102761,0
102762,2
102763,0
102764,0
102765,0
102766,0
102767,0
102768,0
102769,0
102770,0
102771,0
102772,0
102773,0
102774,0
102775,0
102776,0
102777,0
102778,0
102779,0
102780,0
102781,0
102782,0
102783,4
102784,0
102785,0
102786,0
102787,0
102788,0
102789,0
102790,0
102791,0
102792,0
102793,0
102794,8
102795,0
102796,0
102797,2
102798,0
102799,0
102800,0
102801,0
102802,0
102803,0
102804,2
102805,0
102806,0
102807,0
102808,3
102809,0
102810,0
102811,0
102812,0
102813,0
102814,0
102815,0
102816,0
102817,0
102818,0
102819,0
102820,0
102821,0
102822,5
102823,0
102824,0
102825,0
102826,0
102827,3
102828,0
102829,0
102830,0
102831,0
102832,0
102833,0
102834,0
102835,0
102836,0
102837,0
102838,0
102839,0
102840,0
102841,0
102842,0
102843,0
102844,0
102845,0
102846,0
102847,0
102848,0
102849,4
102850,1
102851,0
102852,5
102853,3
102854,0
102855,0
102856,0
102857,4
102858,0
102859,0
102860,0
102861,0
102862,0
102863,0
102864,0
102865,0
102866,0
102867,0
102868,0
102869,0
102870,0
102871,0
102872,0
102873,0
102874,0
102875,0
102876,0
102877,0
102878,0
102879,0
102880,0
102881,0
102882,0
102883,0
102884,0
102885,0
102886,0
102887,0
102888,0
102889,0
102890,0
102891,0
102892,0
102893,0
102894,1
102895,0
102896,0
102897,0
102898,0
102899,5
102900,0
102901,0
102902,0
102903,0
102904,0
102905,0
102906,0
102907,0
102908,7
102909,0
102910,0
102911,0
102912,0
102913,0
102914,0
102915,0
102916,0
102917,0
102918,0
102919,0
102920,0
102921,0
102922,0
102923,0
102924,0
102925,0
102926,0
102927,0
102928,0
102929,0
102930,3
102931,0
102932,0
102933,1
102934,0
102935,0
102936,0
102937,0
102938,3
102939,0
102940,0
102941,0
102942,0
102943,0
102944,0
102945,0
102946,0
102947,0
102948,0
102949,0
102950,0
102951,0
102952,0
102953,0
102954,7
102955,0
102956,0
102957,0
102958,0
102959,0
102960,7
102961,0
102962,0
102963,0
102964,7
102965,4
102966,0
102967,0
102968,0
102969,0
102970,0
102971,0
102972,0
102973,0
102974,0
102975,4
102976,0
102977,0
102978,0
102979,1
102980,3
102981,0
102982,0
102983,5
102984,5
102985,0
102986,0
102987,0
102988,0
102989,4
102990,0
102991,0
102992,0
102993,0
102994,0
102995,3
102996,0
102997,0
102998,0
102999,0
103000,0
103001,0
103002,0
103003,0
103004,0
103005,0
103006,0
103007,4
103008,0
103009,0
103010,0
103011,0
103012,0
103013,0
103014,0
103015,0
103016,0
103017,0
103018,0
103019,0
103020,0
103021,0
103022,0
103023,0
103024,0
103025,0
103026,0
103027,0
103028,0
103029,5
103030,0
103031,0
103032,0
103033,0
103034,0
103035,0
103036,0
103037,0
103038,0
103039,0
103040,0
103041,0
103042,0
103043,0
103044,0
103045,0
103046,0
103047,0
103048,0
103049,0
103050,5
103051,0
103052,0
103053,0
103054,0
103055,0
103056,0
103057,2
103058,0
103059,0
103060,0
103061,0
103062,0
103063,0
103064,0
103065,3
103066,0
103067,0
103068,0
103069,0
103070,0
103071,0
103072,0
103073,0
103074,0
103075,0
103076,0
103077,0
103078,0
103079,0
103080,0
103081,0
103082,0
103083,0
103084,0
103085,0
103086,0
103087,6
103088,0
103089,0
103090,0
103091,0
103092,0
103093,0
103094,0
103095,0
103096,0
103097,0
103098,0
103099,0
103100,0
103101,0
103102,0
103103,0
103104,0
103105,0
103106,0
103107,0
103108,0
103109,0
103110,0
103111,0
103112,0
103113,0
103114,0
103115,0
103116,0
103117,0
103118,0
103119,0
103120,0
103121,1
103122,0
103123,0
103124,0
103125,0
103126,0
103127,0
103128,0
103129,0
103130,0
103131,0
103132,0
103133,0
103134,4
103135,6
103136,0
103137,0
103138,0
103139,0
103140,0
103141,0
103142,0
103143,0
103144,4
103145,0
103146,0
103147,0
103148,0
103149,1
103150,0
103151,0
103152,0
103153,0
103154,0
103155,0
103156,0
103157,0
103158,0
103159,0
103160,0
103161,0
103162,0
103163,0
103164,0
103165,0
103166,0
103167,0
103168,0
103169,0
103170,0
103171,0
103172,0
103173,5
103174,0
103175,5
103176,0
103177,0
103178,0
103179,0
103180,0
103181,0
103182,0
103183,0
103184,0
103185,0
103186,0
103187,0
103188,0
103189,0
103190,0
103191,0
103192,0
103193,0
103194,0
103195,0
103196,0
103197,0
103198,0
103199,0
103200,0
103201,0
103202,0
103203,0
103204,6
103205,0
103206,0
103207,0
103208,0
103209,0
103210,0
103211,0
103212,0
103213,0
103214,3
103215,0
103216,0
103217,0
103218,0
103219,0
103220,0
103221,4
103222,0
103223,0
103224,0
103225,0
103226,0
103227,0
103228,2
103229,0
103230,1
103231,5
103232,0
103233,0
103234,0
103235,0
103236,0
103237,5
103238,0
103239,4
103240,0
103241,0
103242,0
103243,0
103244,0
103245,0
103246,0
103247,0
103248,0
103249,0
103250,0
103251,4
103252,0
103253,7
103254,0
103255,0
103256,0
103257,0
103258,0
103259,0
103260,0
103261,0
103262,0
103263,0
103264,0
103265,0
103266,1
103267,3
103268,3
103269,0
103270,0
103271,0
103272,0
103273,0
103274,0
103275,0
103276,0
103277,0
103278,0
103279,4
103280,4
103281,0
103282,0
103283,0
103284,0
103285,0
103286,0
103287,0
103288,0
103289,0
103290,6
103291,0
103292,0
103293,0
103294,0
103295,0
103296,0
103297,0
103298,6
103299,4
103300,0
103301,6
103302,0
103303,0
103304,0
103305,0
103306,2
103307,0
103308,0
103309,0
103310,0
103311,0
103312,0
103313,0
103314,0
103315,0
103316,0
103317,0
103318,0
103319,6
103320,0
103321,0
103322,0
103323,0
103324,0
103325,0
103326,0
103327,0
103328,0
103329,0
103330,0
103331,0
103332,0
103333,0
103334,0
103335,0
103336,0
103337,8
103338,0
103339,0
103340,0
103341,0
103342,0
103343,0
103344,0
103345,0
103346,0
103347,0
103348,0
103349,0
103350,0
103351,0
103352,0
103353,0
103354,8
103355,0
103356,0
103357,0
103358,0
103359,0
103360,0
103361,0
103362,0
103363,0
103364,0
103365,0
103366,0
103367,0
103368,0
103369,0
103370,0
103371,0
103372,0
103373,0
103374,0
103375,0
103376,0
103377,0
103378,0
103379,0
103380,0
103381,0
103382,8
103383,0
103384,0
103385,0
103386,0
103387,0
103388,0
103389,0
103390,0
103391,5
103392,0
103393,8
103394,0
103395,0
103396,0
103397,0
103398,0
103399,0
103400,0
103401,6
103402,3
103403,0
103404,8
103405,0
103406,0
103407,0
103408,0
103409,0
103410,0
103411,0
103412,0
103413,0
103414,7
103415,0
103416,0
103417,0
103418,0
103419,0
103420,0
103421,0
103422,4
103423,0
103424,0
103425,11
103426,0
103427,0
103428,0
103429,0
103430,0
103431,0
103432,0
103433,0
103434,0
103435,0
103436,0
103437,0
103438,0
103439,0
103440,0
103441,0
103442,7
103443,4
103444,0
103445,0
103446,0
103447,0
103448,0
103449,0
103450,0
103451,0
103452,3
103453,0
103454,0
103455,0
103456,0
103457,0
103458,0
103459,0
103460,0
103461,0
103462,0
103463,0
103464,0
103465,0
103466,6
103467,6
103468,0
103469,0
103470,0
103471,0
103472,0
103473,0
103474,0
103475,0
103476,0
103477,0
103478,0
103479,0
103480,0
103481,0
103482,0
103483,0
103484,0
103485,0
103486,0
103487,0
103488,0
103489,1
103490,0
103491,0
103492,0
103493,0
103494,0
103495,0
103496,0
103497,0
103498,5
103499,0
103500,0
103501,0
103502,9
103503,0
103504,0
103505,0
103506,0
103507,0
103508,0
103509,0
103510,0
103511,0
103512,0
103513,0
103514,0
103515,0
103516,0
103517,0
103518,0
103519,0
103520,0
103521,0
103522,0
103523,0
103524,0
103525,7
103526,0
103527,0
103528,0
103529,0
103530,0
103531,0
103532,0
103533,0
103534,5
103535,3
103536,0
103537,0
103538,0
103539,0
103540,0
103541,0
103542,0
103543,0
103544,0
103545,0
103546,0
103547,0
103548,0
103549,5
103550,0
103551,0
103552,0
103553,0
103554,0
103555,0
103556,0
103557,0
103558,0
103559,0
103560,0
103561,0
103562,0
103563,0
103564,0
103565,0
103566,0
103567,0
103568,0
103569,0
103570,0
103571,0
103572,0
103573,0
103574,0
103575,0
103576,0
103577,0
103578,0
103579,0
103580,0
103581,0
103582,0
103583,0
103584,0
103585,0
103586,1
103587,0
103588,5
103589,0
103590,0
103591,0
103592,0
103593,0
103594,0
103595,0
103596,0
103597,0
103598,1
103599,0
103600,0
103601,0
103602,7
103603,0
103604,0
103605,0
103606,0
103607,9
103608,0
103609,0
103610,0
103611,0
103612,5
103613,0
103614,0
103615,0
103616,0
103617,0
103618,0
103619,0
103620,7
103621,0
103622,4
103623,0
103624,0
103625,0
103626,0
103627,0
103628,0
103629,0
103630,0
103631,0
103632,0
103633,0
103634,0
103635,0
103636,0
103637,0
103638,0
103639,12
103640,0
103641,4
103642,0
103643,0
103644,0
103645,0
103646,0
103647,0
103648,0
103649,4
103650,0
103651,0
103652,0
103653,0
103654,0
103655,0
103656,0
103657,0
103658,4
103659,0
103660,0
103661,0
103662,0
103663,0
103664,0
103665,10
103666,0
103667,0
103668,0
103669,0
103670,0
103671,0
103672,8
103673,0
103674,0
103675,0
103676,0
103677,0
103678,0
103679,0
103680,0
103681,0
103682,0
103683,0
103684,0
103685,0
103686,0
103687,0
103688,0
103689,0
103690,4
103691,0
103692,4
103693,0
103694,0
103695,0
103696,0
103697,0
103698,8
103699,0
103700,0
103701,0
103702,0
103703,0
103704,0
103705,0
103706,7
103707,0
103708,0
103709,0
103710,0
103711,0
103712,0
103713,0
103714,0
103715,0
103716,0
103717,0
103718,0
103719,0
103720,0
103721,0
103722,0
103723,0
103724,0
103725,0
103726,0
103727,0
103728,0
103729,0
103730,0
103731,0
103732,0
103733,0
103734,0
103735,0
103736,0
103737,0
103738,0
103739,0
103740,0
103741,0
103742,0
103743,0
103744,0
103745,0
103746,0
103747,0
103748,0
103749,0
103750,0
103751,0
103752,0
103753,0
103754,9
103755,0
103756,0
103757,0
103758,0
103759,0
103760,0
103761,9
103762,0
103763,0
103764,0
103765,3
103766,0
103767,0
103768,0
103769,0
103770,0
103771,4
103772,0
103773,0
103774,0
103775,5
103776,0
103777,0
103778,0
103779,0
103780,4
103781,7
103782,0
103783,0
103784,0
103785,0
103786,0
103787,0
103788,0
103789,0
103790,0
103791,4
103792,0
103793,0
103794,0
103795,0
103796,0
103797,0
103798,0
103799,0
103800,0
103801,7
103802,0
103803,0
103804,0
103805,0
103806,0
103807,0
103808,0
103809,0
103810,0
103811,0
103812,0
103813,0
103814,0
103815,0
103816,0
103817,0
103818,0
103819,0
103820,0
103821,0
103822,0
103823,0
103824,0
103825,4
103826,0
103827,0
103828,0
103829,0
103830,0
103831,0
103832,0
103833,0
103834,0
103835,0
103836,0
103837,0
103838,0
103839,1
103840,0
103841,0
103842,0
103843,0
103844,0
103845,0
103846,0
103847,0
103848,0
103849,0
103850,0
103851,0
103852,0
103853,0
103854,0
103855,0
103856,0
103857,0
103858,8
103859,0
103860,0
103861,0
103862,0
103863,0
103864,0
103865,0
103866,0
103867,0
103868,0
103869,0
103870,0
103871,5
103872,0
103873,0
103874,0
103875,0
103876,0
103877,0
103878,0
103879,0
103880,0
103881,0
103882,0
103883,0
103884,0
103885,0
103886,0
103887,0
103888,11
103889,0
103890,0
103891,0
103892,0
103893,0
103894,0
103895,4
103896,1
103897,0
103898,0
103899,0
103900,0
103901,0
103902,11
103903,0
103904,5
103905,0
103906,0
103907,0
103908,0
103909,0
103910,0
103911,0
103912,0
103913,0
103914,0
103915,0
103916,0
103917,0
103918,0
103919,0
103920,0
103921,0
103922,11
103923,0
103924,0
103925,0
103926,0
103927,0
103928,0
103929,0
103930,0
103931,0
103932,0
103933,0
103934,0
103935,0
103936,0
103937,0
103938,0
103939,0
103940,0
103941,0
103942,0
103943,0
103944,0
103945,0
103946,0
103947,0
103948,0
103949,7
103950,0
103951,2
103952,4
103953,0
103954,0
103955,0
103956,5
103957,0
103958,0
103959,6
103960,0
103961,0
103962,0
103963,0
103964,0
103965,0
103966,0
103967,0
103968,0
103969,0
103970,0
103971,0
103972,0
103973,0
103974,0
103975,0
103976,0
103977,0
103978,0
103979,0
103980,0
103981,3
103982,0
103983,0
103984,0
103985,0
103986,6
103987,0
103988,0
103989,2
103990,0
103991,0
103992,0
103993,0
103994,0
103995,0
103996,0
103997,0
103998,0
103999,0
104000,0
104001,0
104002,0
104003,0
104004,0
104005,0
104006,0
104007,0
104008,0
104009,6
104010,0
104011,0
104012,0
104013,0
104014,0
104015,0
104016,0
104017,0
104018,0
104019,0
104020,0
104021,0
104022,0
104023,0
104024,0
104025,0
104026,0
104027,0
104028,0
104029,0
104030,0
104031,0
104032,0
104033,0
104034,0
104035,0
104036,0
104037,0
104038,0
104039,0
104040,0
104041,0
104042,0
104043,0
104044,0
104045,0
104046,0
104047,0
104048,0
104049,0
104050,0
104051,0
104052,0
104053,0
104054,0
104055,0
104056,0
104057,0
104058,0
104059,0
104060,6
104061,0
104062,0
104063,0
104064,5
104065,0
104066,0
104067,0
104068,0
104069,0
104070,0
104071,0
104072,0
104073,7
104074,0
104075,0
104076,35
104077,0
104078,0
104079,0
104080,0
104081,0
104082,0
104083,0
104084,0
104085,0
104086,0
104087,0
104088,0
104089,0
104090,27
104091,0
104092,0
104093,0
104094,0
104095,0
104096,0
104097,0
104098,28
104099,0
104100,0
104101,0
104102,0
104103,0
104104,0
104105,0
104106,0
104107,0
104108,0
104109,0
104110,0
104111,0
104112,0
104113,0
104114,0
104115,0
104116,0
104117,0
104118,0
104119,18
104120,0
104121,0
104122,0
104123,0
104124,0
104125,0
104126,0
104127,0
104128,0
104129,0
104130,0
104131,0
104132,0
104133,0
104134,0
104135,0
104136,0
104137,0
104138,0
104139,0
104140,0
104141,26
104142,0
104143,0
104144,0
104145,0
104146,29
104147,0
104148,0
104149,0
104150,22
104151,0
104152,0
104153,0
104154,0
104155,0
104156,0
104157,0
104158,0
104159,0
104160,0
104161,0
104162,0
104163,0
104164,0
104165,0
104166,0
104167,0
104168,0
104169,0
104170,22
104171,0
104172,0
104173,0
104174,0
104175,0
104176,0
104177,0
104178,0
104179,0
104180,0
104181,0
104182,0
104183,0
104184,0
104185,0
104186,0
104187,0
104188,0
104189,0
104190,0
104191,0
104192,0
104193,0
104194,0
104195,0
104196,16
104197,0
104198,0
104199,0
104200,0
104201,0
104202,0
104203,0
104204,0
104205,0
104206,0
104207,0
104208,0
104209,0
104210,0
104211,0
104212,0
104213,0
104214,0
104215,0
104216,0
104217,0
104218,0
104219,0
104220,0
104221,0
104222,0
104223,0
104224,0
104225,0
104226,0
104227,0
104228,0
104229,0
104230,0
104231,0
104232,0
104233,0
104234,0
104235,0
104236,0
104237,0
104238,0
104239,0
104240,0
104241,0
104242,0
104243,0
104244,34
104245,0
104246,0
104247,0
104248,0
104249,0
104250,0
104251,0
104252,0
104253,0
104254,0
104255,0
104256,0
104257,0
104258,23
104259,0
104260,0
104261,0
104262,0
104263,0
104264,0
104265,0
104266,0
104267,0
104268,0
104269,0
104270,0
104271,0
104272,0
104273,0
104274,28
104275,0
104276,0
104277,0
104278,0
104279,0
104280,0
104281,0
104282,0
104283,0
104284,0
104285,31
104286,0
104287,0
104288,0
104289,0
104290,0
104291,0
104292,0
104293,0
104294,0
104295,0
104296,0
104297,0
104298,0
104299,0
104300,22
104301,0
104302,0
104303,34
104304,0
104305,0
104306,0
104307,0
104308,0
104309,0
104310,0
104311,0
104312,0
104313,0
104314,0
104315,0
104316,0
104317,0
104318,0
104319,0
104320,0
104321,0
104322,13
104323,22
104324,0
104325,0
104326,0
104327,0
104328,0
104329,0
104330,0
104331,0
104332,0
104333,0
104334,0
104335,0
104336,0
104337,20
104338,26
104339,0
104340,0
104341,0
104342,0
104343,0
104344,30
104345,0
104346,24
104347,0
104348,0
104349,0
104350,0
104351,0
104352,0
104353,0
104354,28
104355,0
104356,27
104357,0
104358,0
104359,0
104360,0
104361,21
104362,0
104363,26
104364,0
104365,0
104366,0
104367,0
104368,0
104369,0
104370,0
104371,0
104372,0
104373,0
104374,34
104375,24
104376,0
104377,0
104378,0
104379,0
104380,0
104381,0
104382,0
104383,0
104384,0
104385,31
104386,0
104387,15
104388,0
104389,0
104390,0
104391,0
104392,0
104393,24
104394,22
104395,0
104396,0
104397,0
104398,0
104399,0
104400,0
104401,0
104402,0
104403,0
104404,0
104405,0
104406,0
104407,0
104408,0
104409,0
104410,0
104411,0
104412,0
104413,0
104414,0
104415,0
104416,0
104417,0
104418,0
104419,0
104420,27
104421,0
104422,0
104423,26
104424,0
104425,0
104426,0
104427,0
104428,0
104429,0
104430,0
104431,32
104432,0
104433,26
104434,0
104435,0
104436,0
104437,0
104438,0
104439,0
104440,0
104441,0
104442,0
104443,0
104444,0
104445,0
104446,0
104447,31
104448,0
104449,0
104450,0
104451,25
104452,0
104453,0
104454,0
104455,0
104456,0
104457,0
104458,39
104459,0
104460,24
104461,0
104462,0
104463,0
104464,0
104465,0
104466,0
104467,22
104468,0
104469,0
104470,0
104471,0
104472,0
104473,0
104474,28
104475,0
104476,38
104477,26
104478,0
104479,0
104480,0
104481,0
104482,0
104483,0
104484,24
104485,0
104486,0
104487,0
104488,0
104489,0
104490,0
104491,0
104492,16
104493,0
104494,0
104495,0
104496,0
104497,0
104498,0
104499,0
104500,0
104501,0
104502,0
104503,0
104504,0
104505,0
104506,0
104507,0
104508,0
104509,25
104510,0
104511,0
104512,0
104513,0
104514,0
104515,0
104516,19
104517,0
104518,0
104519,0
104520,0
104521,0
104522,0
104523,0
104524,31
104525,0
104526,19
104527,0
104528,0
104529,0
104530,0
104531,0
104532,0
104533,0
104534,0
104535,0
104536,0
104537,21
104538,0
104539,0
104540,0
104541,0
104542,0
104543,0
104544,0
104545,0
104546,0
104547,27
104548,0
104549,0
104550,0
104551,0
104552,0
104553,0
104554,0
104555,27
104556,0
104557,0
104558,0
104559,0
104560,0
104561,0
104562,21
104563,0
104564,25
104565,0
104566,0
104567,0
104568,0
104569,0
104570,0
104571,0
104572,0
104573,0
104574,0
104575,0
104576,16
104577,0
104578,0
104579,0
104580,0
104581,0
104582,0
104583,0
104584,0
104585,0
104586,0
104587,0
104588,0
104589,0
104590,0
104591,0
104592,0
104593,0
104594,0
104595,0
104596,0
104597,0
104598,0
104599,0
104600,0
104601,0
104602,0
104603,0
104604,0
104605,0
104606,20
104607,0
104608,23
104609,0
104610,0
104611,0
104612,0
104613,0
104614,0
104615,0
104616,0
104617,0
104618,0
104619,0
104620,0
104621,0
104622,0
104623,0
104624,28
104625,0
104626,0
104627,0
104628,0
104629,0
104630,0
104631,0
104632,0
104633,0
104634,0
104635,0
104636,0
104637,0
104638,0
104639,0
104640,0
104641,0
104642,0
104643,19
104644,0
104645,0
104646,0
104647,0
104648,0
104649,0
104650,0
104651,24
104652,0
104653,0
104654,0
104655,0
104656,0
104657,0
104658,0
104659,0
104660,0
104661,0
104662,21
104663,0
104664,0
104665,26
104666,0
104667,0
104668,0
104669,0
104670,0
104671,0
104672,0
104673,0
104674,0
104675,0
104676,0
104677,0
104678,0
104679,0
104680,0
104681,0
104682,0
104683,0
104684,0
104685,0
104686,21
104687,0
104688,5
104689,0
104690,0
104691,5
104692,0
104693,0
104694,0
104695,0
104696,12
104697,0
104698,18
104699,0
104700,0
104701,9
104702,0
104703,10
104704,0
104705,0
104706,0
104707,0
104708,6
104709,0
104710,0
104711,0
104712,0
104713,0
104714,0
104715,0
104716,6
104717,0
104718,5
104719,0
104720,16
104721,0
104722,0
104723,0
104724,0
104725,0
104726,0
104727,0
104728,4
104729,7
104730,0
104731,0
104732,0
104733,0
104734,8
104735,0
104736,0
104737,9
104738,0
104739,0
104740,9
104741,0
104742,0
104743,0
104744,0
104745,0
104746,0
104747,0
104748,0
104749,0
104750,0
104751,0
104752,0
104753,0
104754,0
104755,0
104756,0
104757,0
104758,16
104759,11
104760,0
104761,0
104762,0
104763,0
104764,0
104765,0
104766,12
104767,5
104768,0
104769,0
104770,4
104771,11
104772,0
104773,0
104774,0
104775,0
104776,0
104777,0
104778,0
104779,5
104780,0
104781,5
104782,0
104783,0
104784,0
104785,0
104786,0
104787,0
104788,0
104789,0
104790,0
104791,0
104792,0
104793,10
104794,0
104795,0
104796,0
104797,0
104798,0
104799,0
104800,0
104801,0
104802,3
104803,0
104804,0
104805,0
104806,0
104807,0
104808,0
104809,8
104810,0
104811,0
104812,0
104813,0
104814,15
104815,0
104816,10
104817,0
104818,12
104819,18
104820,7
104821,0
104822,0
104823,0
104824,0
104825,0
104826,0
104827,0
104828,0
104829,0
104830,9
104831,0
104832,0
104833,9
104834,9
104835,0
104836,13
104837,0
104838,0
104839,0
104840,7
104841,12
104842,7
104843,5
104844,0
104845,0
104846,0
104847,0
104848,0
104849,9
104850,0
104851,0
104852,8
104853,0
104854,0
104855,16
104856,0
104857,0
104858,4
104859,10
104860,0
104861,6
104862,8
104863,0
104864,0
104865,0
104866,0
104867,6
104868,0
104869,0
104870,0
104871,0
104872,0
104873,0
104874,0
104875,0
104876,6
104877,0
104878,0
104879,0
104880,0
104881,0
104882,0
104883,0
104884,8
104885,4
104886,0
104887,0
104888,0
104889,0
104890,0
104891,0
104892,0
104893,0
104894,17
104895,8
104896,10
104897,12
104898,0
104899,0
104900,0
104901,0
104902,0
104903,0
104904,9
104905,0
104906,11
104907,0
104908,0
104909,0
104910,0
104911,0
104912,0
104913,0
104914,0
104915,11
104916,0
104917,12
104918,0
104919,0
104920,0
104921,0
104922,0
104923,7
104924,6
104925,5
104926,9
104927,12
104928,13
104929,0
104930,0
104931,0
104932,0
104933,9
104934,0
104935,0
104936,0
104937,0
104938,10
104939,7
104940,0
104941,0
104942,0
104943,0
104944,0
104945,0
104946,7
104947,0
104948,6
104949,0
104950,11
104951,0
104952,0
104953,0
104954,0
104955,7
104956,0
104957,10
104958,0
104959,0
104960,9
104961,0
104962,10
104963,16
104964,0
104965,0
104966,0
104967,0
104968,0
104969,8
104970,13
104971,0
104972,0
104973,0
104974,0
104975,8
104976,0
104977,0
104978,0
104979,0
104980,0
104981,13
104982,0
104983,8
104984,0
104985,0
104986,0
104987,0
104988,12
104989,0
104990,25
104991,0
104992,12
104993,0
104994,0
104995,0
104996,0
104997,10
104998,0
104999,0
105000,10
105001,0
105002,12
105003,0
105004,0
105005,0
105006,11
105007,0
105008,0
105009,0
105010,0
105011,0
105012,0
105013,0
105014,0
105015,14
105016,0
105017,0
105018,0
105019,12
105020,0
105021,0
105022,0
105023,0
105024,0
105025,0
105026,0
105027,0
105028,9
105029,0
105030,19
105031,0
105032,0
105033,0
105034,7
105035,12
105036,0
105037,0
105038,17
105039,0
105040,0
105041,8
105042,0
105043,7
105044,0
105045,0
105046,0
105047,0
105048,0
105049,0
105050,0
105051,12
105052,0
105053,3
105054,0
105055,0
105056,9
105057,0
105058,6
105059,0
105060,0
105061,8
105062,0
105063,0
105064,16
105065,9
105066,0
105067,0
105068,12
105069,10
105070,0
105071,0
105072,0
105073,3
105074,0
105075,10
105076,0
105077,0
105078,0
105079,7
105080,0
105081,0
105082,0
105083,0
105084,0
105085,4
105086,0
105087,0
105088,0
105089,0
105090,0
105091,0
105092,0
105093,8
105094,0
105095,0
105096,0
105097,10
105098,9
105099,11
105100,6
105101,0
105102,13
105103,0
105104,0
105105,8
105106,14
105107,0
105108,9
105109,11
105110,0
105111,0
105112,0
105113,0
105114,0
105115,0
105116,11
105117,0
105118,9
105119,0
105120,7
105121,0
105122,10
105123,0
105124,0
105125,0
105126,0
105127,0
105128,10
105129,0
105130,7
105131,0
105132,0
105133,0
105134,0
105135,0
105136,0
105137,8
105138,0
105139,0
105140,0
105141,0
105142,0
105143,0
105144,0
105145,0
105146,8
105147,0
105148,10
105149,0
105150,0
105151,0
105152,0
105153,0
105154,0
105155,11
105156,11
105157,0
105158,5
105159,0
105160,0
105161,6
105162,0
105163,0
105164,0
105165,0
105166,0
105167,0
105168,0
105169,0
105170,0
105171,0
105172,0
105173,0
105174,0
105175,0
105176,0
105177,0
105178,0
105179,0
105180,0
105181,0
105182,0
105183,0
105184,0
105185,0
105186,0
105187,0
105188,0
105189,0
105190,0
105191,0
105192,0
105193,0
105194,0
105195,0
105196,0
105197,0
105198,0
105199,0
105200,0
105201,0
105202,0
105203,0
105204,0
105205,0
105206,0
105207,0
105208,0
105209,0
105210,0
105211,0
105212,0
105213,0
105214,0
105215,0
105216,0
105217,0
105218,0
105219,0
105220,0
105221,0
105222,0
105223,0
105224,0
105225,0
105226,0
105227,0
105228,0
105229,0
105230,0
105231,0
105232,0
105233,0
105234,0
105235,0
105236,0
105237,0
105238,0
105239,0
105240,0
105241,0
105242,0
105243,0
105244,0
105245,0
105246,0
105247,0
105248,0
105249,0
105250,0
105251,0
105252,0
105253,0
105254,0
105255,0
105256,0
105257,0
105258,0
105259,0
105260,0
105261,0
105262,0
105263,0
105264,0
105265,0
105266,0
105267,0
105268,0
105269,0
105270,0
105271,0
105272,0
105273,0
105274,0
105275,0
105276,0
105277,0
105278,0
105279,0
105280,0
105281,0
105282,0
105283,0
105284,0
105285,0
105286,0
105287,0
105288,0
105289,0
105290,0
105291,0
105292,0
105293,0
105294,0
105295,0
105296,0
105297,0
105298,0
105299,0
105300,0
105301,0
105302,0
105303,0
105304,0
105305,0
105306,0
105307,0
105308,0
105309,0
105310,0
105311,0
105312,0
105313,0
105314,0
105315,0
105316,0
105317,0
105318,0
105319,1
105320,0
105321,0
105322,0
105323,0
105324,0
105325,0
105326,0
105327,0
105328,0
105329,0
105330,0
105331,0
105332,0
105333,0
105334,0
105335,0
105336,0
105337,0
105338,0
105339,0
105340,15
105341,0
105342,0
105343,0
105344,0
105345,0
105346,0
105347,0
105348,0
105349,0
105350,0
105351,0
105352,24
105353,0
105354,0
105355,0
105356,0
105357,0
105358,0
105359,0
105360,0
105361,0
105362,0
105363,0
105364,0
105365,0
105366,0
105367,0
105368,33
105369,34
105370,0
105371,0
105372,0
105373,34
105374,0
105375,0
105376,0
105377,41
105378,34
105379,24
105380,0
105381,0
105382,45
105383,0
105384,0
105385,45
105386,0
105387,0
105388,20
105389,0
105390,0
105391,0
105392,0
105393,0
105394,0
105395,0
105396,0
105397,0
105398,0
105399,0
105400,0
105401,0
105402,0
105403,0
105404,0
105405,0
105406,0
105407,0
105408,0
105409,0
105410,0
105411,0
105412,0
105413,0
105414,0
105415,0
105416,0
105417,0
105418,0
105419,0
105420,24
105421,0
105422,0
105423,0
105424,0
105425,41
105426,0
105427,0
105428,0
105429,20
105430,0
105431,0
105432,0
105433,0
105434,0
105435,0
105436,20
105437,0
105438,39
105439,0
105440,0
105441,0
105442,0
105443,0
105444,36
105445,0
105446,0
105447,0
105448,0
105449,0
105450,0
105451,0
105452,0
105453,43
105454,0
105455,40
105456,0
105457,0
105458,0
105459,0
105460,0
105461,0
105462,0
105463,0
105464,0
105465,0
105466,0
105467,0
105468,0
105469,0
105470,0
105471,0
105472,42
105473,0
105474,0
105475,0
105476,0
105477,0
105478,0
105479,0
105480,0
105481,0
105482,57
105483,0
105484,46
105485,0
105486,0
105487,15
105488,0
105489,0
105490,0
105491,0
105492,0
105493,0
105494,0
105495,0
105496,0
105497,0
105498,0
105499,0
105500,0
105501,0
105502,17
105503,0
105504,0
105505,0
105506,0
105507,40
105508,0
105509,0
105510,0
105511,0
105512,0
105513,0
105514,0
105515,0
105516,0
105517,0
105518,0
105519,0
105520,0
105521,0
105522,0
105523,0
105524,0
105525,20
105526,0
105527,0
105528,28
105529,0
105530,0
105531,0
105532,0
105533,0
105534,0
105535,0
105536,0
105537,0
105538,0
105539,0
105540,0
105541,0
105542,0
105543,0
105544,0
105545,0
105546,0
105547,0
105548,0
105549,0
105550,0
105551,0
105552,0
105553,0
105554,34
105555,27
105556,0
105557,0
105558,0
105559,0
105560,0
105561,44
105562,0
105563,0
105564,0
105565,0
105566,0
105567,0
105568,0
105569,0
105570,0
105571,0
105572,0
105573,0
105574,0
105575,0
105576,0
105577,0
105578,0
105579,0
105580,0
105581,0
105582,0
105583,0
105584,32
105585,27
105586,34
105587,0
105588,0
105589,0
105590,0
105591,0
105592,0
105593,0
105594,0
105595,0
105596,0
105597,0
105598,0
105599,0
105600,0
105601,0
105602,0
105603,0
105604,42
105605,0
105606,24
105607,0
105608,0
105609,0
105610,0
105611,0
105612,0
105613,0
105614,26
105615,40
105616,0
105617,0
105618,0
105619,22
105620,0
105621,0
105622,0
105623,0
105624,0
105625,0
105626,0
105627,0
105628,0
105629,0
105630,0
105631,0
105632,0
105633,0
105634,0
105635,24
105636,0
105637,0
105638,0
105639,0
105640,0
105641,0
105642,0
105643,0
105644,0
105645,0
105646,0
105647,0
105648,0
105649,0
105650,0
105651,0
105652,0
105653,0
105654,0
105655,0
105656,0
105657,0
105658,0
105659,0
105660,0
105661,0
105662,0
105663,0
105664,25
105665,0
105666,0
105667,0
105668,0
105669,0
105670,0
105671,0
105672,0
105673,0
105674,0
105675,0
105676,0
105677,0
105678,0
105679,30
105680,0
105681,0
105682,0
105683,0
105684,0
105685,0
105686,0
105687,0
105688,0
105689,39
105690,0
105691,0
105692,27
105693,0
105694,0
105695,0
105696,0
105697,0
105698,0
105699,0
105700,0
105701,0
105702,0
105703,0
105704,0
105705,25
105706,0
105707,18
105708,0
105709,0
105710,0
105711,0
105712,0
105713,0
105714,31
105715,0
105716,0
105717,0
105718,0
105719,0
105720,0
105721,0
105722,28
105723,38
105724,0
105725,0
105726,56
105727,18
105728,0
105729,0
105730,0
105731,0
105732,0
105733,0
105734,0
105735,0
105736,0
105737,0
105738,0
105739,0
105740,0
105741,0
105742,0
105743,0
105744,0
105745,34
105746,36
105747,0
105748,0
105749,0
105750,0
105751,0
105752,38
105753,0
105754,0
105755,0
105756,0
105757,0
105758,0
105759,0
105760,0
105761,0
105762,0
105763,0
105764,57
105765,0
105766,0
105767,0
105768,0
105769,0
105770,0
105771,0
105772,0
105773,0
105774,0
105775,0
105776,0
105777,0
105778,0
105779,0
105780,0
105781,0
105782,0
105783,0
105784,0
105785,0
105786,0
105787,0
105788,0
105789,0
105790,0
105791,0
105792,0
105793,0
105794,0
105795,0
105796,0
105797,29
105798,35
105799,0
105800,0
105801,0
105802,0
105803,0
105804,0
105805,36
105806,0
105807,0
105808,0
105809,23
105810,0
105811,0
105812,37
105813,0
105814,0
105815,0
105816,24
105817,0
105818,0
105819,0
105820,0
105821,0
105822,0
105823,0
105824,0
105825,0
105826,0
105827,0
105828,23
105829,0
105830,0
105831,0
105832,0
105833,0
105834,0
105835,0
105836,0
105837,29
105838,0
105839,0
105840,0
105841,0
105842,0
105843,0
105844,0
105845,0
105846,0
105847,0
105848,0
105849,27
105850,0
105851,0
105852,21
105853,0
105854,49
105855,0
105856,0
105857,0
105858,0
105859,0
105860,32
105861,0
105862,0
105863,27
105864,0
105865,36
105866,0
105867,32
105868,0
105869,0
105870,22
105871,0
105872,0
105873,0
105874,46
105875,0
105876,0
105877,0
105878,0
105879,0
105880,0
105881,0
105882,0
105883,0
105884,0
105885,0
105886,0
105887,0
105888,0
105889,0
105890,0
105891,0
105892,0
105893,0
105894,0
105895,0
105896,0
105897,0
105898,17
105899,0
105900,0
105901,0
105902,0
105903,29
105904,0
105905,0
105906,34
105907,0
105908,0
105909,0
105910,39
105911,0
105912,0
105913,0
105914,0
105915,0
105916,0
105917,0
105918,21
105919,0
105920,0
105921,0
105922,0
105923,0
105924,0
105925,0
105926,0
105927,0
105928,0
105929,0
105930,0
105931,0
105932,0
105933,0
105934,47
105935,0
105936,0
105937,17
105938,0
105939,0
105940,0
105941,51
105942,0
105943,0
105944,0
105945,0
105946,0
105947,31
105948,0
105949,0
105950,29
105951,0
105952,0
105953,0
105954,0
105955,0
105956,38
105957,55
105958,0
105959,0
105960,0
105961,0
105962,0
105963,0
105964,0
105965,21
105966,0
105967,0
105968,0
105969,0
105970,0
105971,0
105972,0
105973,0
105974,0
105975,0
105976,54
105977,0
105978,0
105979,0
105980,0
105981,0
105982,0
105983,0
105984,0
105985,0
105986,0
105987,0
105988,0
105989,32
105990,49
105991,0
105992,0
105993,0
105994,0
105995,0
105996,0
105997,0
105998,0
105999,35
106000,0
106001,0
106002,0
106003,0
106004,30
106005,47
106006,0
106007,0
106008,0
106009,0
106010,0
106011,0
106012,0
106013,0
106014,0
106015,0
106016,0
106017,0
106018,0
106019,0
106020,0
106021,0
106022,0
106023,0
106024,0
106025,0
106026,0
106027,0
106028,0
106029,0
106030,29
106031,0
106032,0
106033,0
106034,0
106035,0
106036,0
106037,0
106038,0
106039,0
106040,0
106041,0
106042,0
106043,0
106044,0
106045,0
106046,0
106047,35
106048,0
106049,34
106050,38
106051,34
106052,0
106053,0
106054,0
106055,0
106056,0
106057,0
106058,31
106059,0
106060,42
106061,52
106062,0
106063,39
106064,0
106065,0
106066,0
106067,18
106068,54
106069,0
106070,0
106071,0
106072,0
106073,0
106074,39
106075,0
106076,0
106077,33
106078,0
106079,0
106080,0
106081,0
106082,0
106083,0
106084,0
106085,0
106086,0
106087,0
106088,0
106089,48
106090,0
106091,0
106092,0
106093,39
106094,0
106095,0
106096,0
106097,0
106098,0
106099,0
106100,0
106101,53
106102,17
106103,0
106104,0
106105,0
106106,0
106107,0
106108,0
106109,28
106110,0
106111,0
106112,0
106113,0
106114,0
106115,0
106116,0
106117,0
106118,0
106119,0
106120,0
106121,0
106122,0
106123,11
106124,0
106125,0
106126,0
106127,0
106128,0
106129,0
106130,0
106131,0
106132,0
106133,0
106134,0
106135,0
106136,0
106137,0
106138,0
106139,0
106140,0
106141,0
106142,0
106143,0
106144,0
106145,0
106146,38
106147,36
106148,0
106149,0
106150,0
106151,0
106152,0
106153,0
106154,0
106155,0
106156,0
106157,0
106158,0
106159,0
106160,0
106161,0
106162,25
106163,0
106164,0
106165,34
106166,0
106167,30
106168,44
106169,0
106170,0
106171,0
106172,0
106173,0
106174,0
106175,0
106176,0
106177,0
106178,0
106179,0
106180,0
106181,0
106182,0
106183,0
106184,0
106185,0
106186,45
106187,0
106188,0
106189,0
106190,54
106191,0
106192,0
106193,0
106194,0
106195,55
106196,47
106197,0
106198,0
106199,0
106200,0
106201,0
106202,29
106203,17
106204,0
106205,0
106206,0
106207,0
106208,0
106209,0
106210,0
106211,20
106212,0
106213,29
106214,0
106215,0
106216,0
106217,0
106218,29
106219,0
106220,0
106221,0
106222,0
106223,0
106224,0
106225,0
106226,27
106227,0
106228,0
106229,0
106230,15
106231,0
106232,0
106233,0
106234,0
106235,0
106236,0
106237,0
106238,0
106239,0
106240,44
106241,0
106242,0
106243,0
106244,0
106245,0
106246,0
106247,0
106248,0
106249,0
106250,18
106251,0
106252,0
106253,0
106254,0
106255,0
106256,0
106257,0
106258,0
106259,0
106260,0
106261,0
106262,0
106263,35
106264,0
106265,0
106266,0
106267,0
106268,0
106269,0
106270,0
106271,0
106272,0
106273,0
106274,0
106275,0
106276,24
106277,0
106278,0
106279,0
106280,0
106281,0
106282,0
106283,0
106284,0
106285,0
106286,0
106287,0
106288,18
106289,0
106290,0
106291,0
106292,0
106293,0
106294,0
106295,0
106296,0
106297,0
106298,0
106299,0
106300,0
106301,0
106302,0
106303,0
106304,0
106305,0
106306,0
106307,0
106308,0
106309,0
106310,0
106311,0
106312,0
106313,0
106314,0
106315,0
106316,0
106317,0
106318,0
106319,0
106320,0
106321,0
106322,0
106323,0
106324,0
106325,0
106326,0
106327,0
106328,0
106329,0
106330,0
106331,0
106332,0
106333,0
106334,0
106335,0
106336,0
106337,0
106338,0
106339,0
106340,0
106341,0
106342,0
106343,0
106344,0
106345,0
106346,0
106347,0
106348,0
106349,0
106350,0
106351,0
106352,0
106353,0
106354,0
106355,0
106356,0
106357,0
106358,0
106359,0
106360,0
106361,0
106362,0
106363,0
106364,0
106365,0
106366,0
106367,0
106368,0
106369,0
106370,0
106371,0
106372,0
106373,0
106374,0
106375,0
106376,0
106377,0
106378,0
106379,0
106380,0
106381,0
106382,0
106383,0
106384,0
106385,0
106386,0
106387,0
106388,0
106389,0
106390,0
106391,0
106392,0
106393,0
106394,0
106395,0
106396,0
106397,0
106398,0
106399,0
106400,0
106401,0
106402,0
106403,0
106404,0
106405,0
106406,0
106407,0
106408,0
106409,0
106410,0
106411,0
106412,0
106413,0
106414,0
106415,0
106416,0
106417,0
106418,0
106419,0
106420,0
106421,0
106422,0
106423,0
106424,0
106425,0
106426,0
106427,0
106428,0
106429,0
106430,0
106431,0
106432,0
106433,0
106434,0
106435,0
106436,1
106437,0
106438,0
106439,0
106440,0
106441,0
106442,0
106443,0
106444,0
106445,0
106446,0
106447,0
106448,0
106449,0
106450,0
106451,0
106452,0
106453,0
106454,0
106455,0
106456,0
106457,0
106458,0
106459,0
106460,0
106461,0
106462,0
106463,0
106464,0
106465,0
106466,0
106467,0
106468,0
106469,0
106470,0
106471,0
106472,0
106473,0
106474,0
106475,0
106476,0
106477,0
106478,0
106479,0
106480,0
106481,0
106482,0
106483,0
106484,0
106485,0
106486,0
106487,0
106488,0
106489,0
106490,0
106491,0
106492,0
106493,0
106494,0
106495,0
106496,0
106497,0
106498,0
106499,0
106500,0
106501,0
106502,0
106503,0
106504,0
106505,0
106506,0
106507,0
106508,0
106509,0
106510,0
106511,0
106512,0
106513,1
106514,0
106515,0
106516,0
106517,0
106518,0
106519,0
106520,0
106521,0
106522,0
106523,0
106524,0
106525,0
106526,0
106527,0
106528,0
106529,0
106530,0
106531,0
106532,0
106533,0
106534,0
106535,0
106536,0
106537,0
106538,0
106539,0
106540,0
106541,0
106542,0
106543,0
106544,0
106545,0
106546,0
106547,0
106548,0
106549,0
106550,0
106551,0
106552,0
106553,0
106554,0
106555,0
106556,0
106557,0
106558,0
106559,0
106560,0
106561,0
106562,0
106563,0
106564,0
106565,0
106566,0
106567,0
106568,0
106569,0
106570,0
106571,0
106572,0
106573,0
106574,0
106575,0
106576,0
106577,0
106578,0
106579,0
106580,0
106581,0
106582,0
106583,0
106584,0
106585,0
106586,0
106587,0
106588,0
106589,0
106590,0
106591,0
106592,0
106593,0
106594,0
106595,0
106596,0
106597,0
106598,0
106599,0
106600,0
106601,0
106602,0
106603,0
106604,0
106605,0
106606,0
106607,0
106608,0
106609,0
106610,0
106611,0
106612,0
106613,0
106614,0
106615,0
106616,0
106617,0
106618,0
106619,0
106620,0
106621,0
106622,0
106623,0
106624,0
106625,0
106626,0
106627,0
106628,0
106629,0
106630,0
106631,0
106632,0
106633,0
106634,0
106635,0
106636,0
106637,0
106638,0
106639,0
106640,0
106641,0
106642,0
106643,0
106644,0
106645,0
106646,0
106647,0
106648,0
106649,0
106650,0
106651,0
106652,0
106653,0
106654,0
106655,0
106656,0
106657,0
106658,0
106659,0
106660,0
106661,0
106662,0
106663,0
106664,0
106665,0
106666,0
106667,0
106668,0
106669,0
106670,0
106671,0
106672,0
106673,0
106674,0
106675,0
106676,0
106677,0
106678,0
106679,0
106680,0
106681,0
106682,0
106683,0
106684,0
106685,0
106686,0
106687,0
106688,0
106689,0
106690,0
106691,0
106692,0
106693,0
106694,0
106695,0
106696,0
106697,0
106698,0
106699,0
106700,0
106701,0
106702,0
106703,0
106704,0
106705,0
106706,0
106707,0
106708,0
106709,0
106710,0
106711,0
106712,0
106713,0
106714,0
106715,0
106716,0
106717,0
106718,0
106719,0
106720,0
106721,0
106722,0
106723,0
106724,0
106725,0
106726,0
106727,0
106728,0
106729,0
106730,0
106731,0
106732,0
106733,0
106734,0
106735,0
106736,0
106737,0
106738,0
106739,0
106740,0
106741,0
106742,0
106743,1
106744,0
106745,0
106746,0
106747,0
106748,0
106749,0
106750,0
106751,2
106752,0
106753,0
106754,0
106755,1
106756,0
106757,0
106758,0
106759,0
106760,0
106761,0
106762,0
106763,0
106764,0
106765,0
106766,0
106767,0
106768,0
106769,0
106770,0
106771,0
106772,1
106773,0
106774,1
106775,0
106776,0
106777,0
106778,0
106779,0
106780,0
106781,0
106782,0
106783,0
106784,0
106785,0
106786,0
106787,0
106788,0
106789,0
106790,0
106791,0
106792,2
106793,0
106794,0
106795,0
106796,0
106797,1
106798,0
106799,0
106800,0
106801,0
106802,0
106803,0
106804,0
106805,0
106806,1
106807,0
106808,1
106809,0
106810,0
106811,0
106812,0
106813,0
106814,0
106815,0
106816,0
106817,2
106818,0
106819,0
106820,0
106821,0
106822,0
106823,0
106824,0
106825,0
106826,0
106827,0
106828,0
106829,0
106830,0
106831,0
106832,0
106833,0
106834,0
106835,0
106836,0
106837,0
106838,0
106839,0
106840,0
106841,0
106842,0
106843,0
106844,0
106845,0
106846,0
106847,0
106848,0
106849,0
106850,0
106851,0
106852,0
106853,0
106854,0
106855,0
106856,0
106857,0
106858,0
106859,0
106860,0
106861,0
106862,0
106863,0
106864,0
106865,1
106866,0
106867,1
106868,0
106869,0
106870,0
106871,3
106872,0
106873,0
106874,0
106875,0
106876,0
106877,0
106878,0
106879,0
106880,0
106881,0
106882,0
106883,0
106884,0
106885,0
106886,0
106887,0
106888,0
106889,0
106890,0
106891,0
106892,0
106893,0
106894,0
106895,0
106896,0
106897,0
106898,0
106899,0
106900,0
106901,0
106902,0
106903,0
106904,0
106905,0
106906,0
106907,0
106908,0
106909,0
106910,0
106911,0
106912,0
106913,0
106914,0
106915,0
106916,0
106917,0
106918,0
106919,0
106920,1
106921,0
106922,0
106923,0
106924,0
106925,0
106926,0
106927,0
106928,0
106929,0
106930,0
106931,0
106932,0
106933,4
106934,0
106935,0
106936,0
106937,1
106938,0
106939,0
106940,0
106941,0
106942,0
106943,0
106944,0
106945,0
106946,0
106947,0
106948,0
106949,0
106950,0
106951,2
106952,0
106953,0
106954,0
106955,0
106956,2
106957,0
106958,0
106959,0
106960,0
106961,0
106962,0
106963,0
106964,0
106965,0
106966,0
106967,0
106968,0
106969,0
106970,0
106971,1
106972,0
106973,0
106974,0
106975,0
106976,0
106977,1
106978,0
106979,0
106980,0
106981,0
106982,0
106983,0
106984,0
106985,0
106986,0
106987,0
106988,0
106989,0
106990,0
106991,0
106992,0
106993,0
106994,0
106995,0
106996,0
106997,0
106998,1
106999,0
107000,0
107001,3
107002,0
107003,4
107004,0
107005,0
107006,0
107007,0
107008,0
107009,0
107010,0
107011,0
107012,0
107013,0
107014,0
107015,0
107016,0
107017,1
107018,0
107019,0
107020,0
107021,0
107022,0
107023,0
107024,0
107025,1
107026,0
107027,0
107028,0
107029,0
107030,0
107031,0
107032,0
107033,0
107034,0
107035,0
107036,0
107037,0
107038,0
107039,0
107040,0
107041,0
107042,0
107043,0
107044,0
107045,0
107046,0
107047,0
107048,0
107049,0
107050,0
107051,0
107052,0
107053,0
107054,0
107055,0
107056,0
107057,0
107058,0
107059,0
107060,0
107061,0
107062,2
107063,0
107064,0
107065,0
107066,0
107067,0
107068,0
107069,3
107070,0
107071,0
107072,0
107073,0
107074,0
107075,0
107076,0
107077,0
107078,0
107079,0
107080,0
107081,0
107082,0
107083,0
107084,0
107085,0
107086,0
107087,0
107088,0
107089,0
107090,0
107091,0
107092,0
107093,0
107094,0
107095,0
107096,0
107097,0
107098,0
107099,0
107100,0
107101,0
107102,0
107103,0
107104,0
107105,0
107106,0
107107,0
107108,0
107109,0
107110,0
107111,0
107112,1
107113,0
107114,0
107115,0
107116,0
107117,1
107118,0
107119,0
107120,0
107121,0
107122,0
107123,0
107124,0
107125,0
107126,0
107127,0
107128,0
107129,0
107130,0
107131,0
107132,0
107133,0
107134,3
107135,0
107136,0
107137,0
107138,0
107139,0
107140,0
107141,0
107142,0
107143,1
107144,0
107145,0
107146,0
107147,0
107148,0
107149,0
107150,0
107151,0
107152,0
107153,0
107154,0
107155,0
107156,0
107157,1
107158,0
107159,0
107160,0
107161,2
107162,0
107163,0
107164,0
107165,0
107166,0
107167,0
107168,2
107169,0
107170,0
107171,0
107172,0
107173,0
107174,3
107175,0
107176,0
107177,0
107178,0
107179,0
107180,0
107181,0
107182,0
107183,0
107184,0
107185,0
107186,0
107187,0
107188,0
107189,2
107190,0
107191,0
107192,0
107193,0
107194,0
107195,0
107196,0
107197,0
107198,1
107199,0
107200,0
107201,0
107202,0
107203,0
107204,0
107205,0
107206,2
107207,0
107208,0
107209,0
107210,1
107211,0
107212,0
107213,0
107214,0
107215,0
107216,0
107217,0
107218,0
107219,0
107220,0
107221,2
107222,0
107223,1
107224,0
107225,1
107226,0
107227,0
107228,0
107229,0
107230,0
107231,0
107232,0
107233,0
107234,0
107235,0
107236,2
107237,0
107238,0
107239,0
107240,0
107241,0
107242,0
107243,0
107244,0
107245,0
107246,0
107247,0
107248,0
107249,0
107250,0
107251,0
107252,2
107253,0
107254,0
107255,0
107256,0
107257,0
107258,0
107259,0
107260,0
107261,0
107262,0
107263,0
107264,0
107265,0
107266,0
107267,0
107268,0
107269,0
107270,1
107271,0
107272,0
107273,0
107274,0
107275,1
107276,0
107277,0
107278,0
107279,0
107280,0
107281,0
107282,1
107283,0
107284,0
107285,0
107286,0
107287,0
107288,0
107289,0
107290,0
107291,0
107292,0
107293,3
107294,0
107295,0
107296,0
107297,0
107298,0
107299,0
107300,0
107301,0
107302,0
107303,0
107304,0
107305,0
107306,0
107307,0
107308,0
107309,0
107310,0
107311,0
107312,0
107313,0
107314,0
107315,0
107316,0
107317,0
107318,0
107319,0
107320,0
107321,0
107322,0
107323,0
107324,0
107325,0
107326,0
107327,0
107328,0
107329,0
107330,0
107331,0
107332,0
107333,0
107334,0
107335,0
107336,0
107337,0
107338,2
107339,0
107340,0
107341,0
107342,0
107343,0
107344,0
107345,0
107346,0
107347,0
107348,0
107349,0
107350,0
107351,1
107352,0
107353,0
107354,0
107355,0
107356,0
107357,0
107358,0
107359,0
107360,0
107361,0
107362,0
107363,0
107364,0
107365,0
107366,0
107367,0
107368,0
107369,0
107370,0
107371,0
107372,0
107373,3
107374,0
107375,0
107376,0
107377,0
107378,0
107379,0
107380,0
107381,0
107382,0
107383,0
107384,0
107385,0
107386,0
107387,0
107388,0
107389,1
107390,0
107391,0
107392,0
107393,0
107394,1
107395,0
107396,0
107397,0
107398,0
107399,0
107400,0
107401,0
107402,0
107403,0
107404,0
107405,0
107406,0
107407,0
107408,0
107409,0
107410,0
107411,0
107412,0
107413,0
107414,0
107415,0
107416,2
107417,0
107418,1
107419,1
107420,0
107421,0
107422,0
107423,0
107424,0
107425,0
107426,0
107427,0
107428,0
107429,0
107430,0
107431,0
107432,0
107433,0
107434,0
107435,0
107436,0
107437,0
107438,0
107439,1
107440,2
107441,0
107442,0
107443,0
107444,0
107445,0
107446,0
107447,0
107448,0
107449,0
107450,0
107451,1
107452,0
107453,0
107454,0
107455,0
107456,0
107457,0
107458,0
107459,0
107460,0
107461,0
107462,0
107463,0
107464,0
107465,0
107466,0
107467,3
107468,0
107469,0
107470,0
107471,0
107472,0
107473,0
107474,0
107475,0
107476,0
107477,0
107478,0
107479,0
107480,0
107481,0
107482,0
107483,0
107484,0
107485,0
107486,0
107487,0
107488,0
107489,0
107490,0
107491,0
107492,0
107493,0
107494,0
107495,0
107496,0
107497,0
107498,0
107499,0
107500,0
107501,0
107502,0
107503,0
107504,0
107505,0
107506,0
107507,0
107508,0
107509,0
107510,0
107511,0
107512,0
107513,0
107514,0
107515,0
107516,0
107517,0
107518,0
107519,0
107520,0
107521,0
107522,0
107523,0
107524,0
107525,2
107526,0
107527,0
107528,0
107529,1
107530,0
107531,0
107532,0
107533,0
107534,0
107535,0
107536,0
107537,0
107538,0
107539,0
107540,0
107541,0
107542,0
107543,0
107544,0
107545,0
107546,0
107547,0
107548,0
107549,0
107550,0
107551,0
107552,1
107553,0
107554,0
107555,0
107556,0
107557,0
107558,0
107559,0
107560,0
107561,2
107562,0
107563,0
107564,0
107565,0
107566,0
107567,0
107568,0
107569,0
107570,0
107571,0
107572,0
107573,2
107574,0
107575,0
107576,0
107577,0
107578,0
107579,0
107580,0
107581,0
107582,0
107583,0
107584,0
107585,0
107586,0
107587,0
107588,0
107589,0
107590,0
107591,0
107592,0
107593,0
107594,0
107595,0
107596,0
107597,0
107598,1
107599,0
107600,0
107601,0
107602,0
107603,0
107604,0
107605,0
107606,0
107607,0
107608,0
107609,0
107610,0
107611,0
107612,0
107613,0
107614,0
107615,0
107616,0
107617,0
107618,0
107619,0
107620,0
107621,0
107622,0
107623,0
107624,0
107625,0
107626,0
107627,0
107628,0
107629,2
107630,0
107631,0
107632,0
107633,0
107634,0
107635,0
107636,0
107637,3
107638,0
107639,0
107640,0
107641,0
107642,0
107643,0
107644,0
107645,0
107646,0
107647,5
107648,0
107649,0
107650,0
107651,0
107652,0
107653,0
107654,0
107655,0
107656,0
107657,0
107658,0
107659,0
107660,0
107661,0
107662,0
107663,0
107664,0
107665,0
107666,0
107667,0
107668,0
107669,0
107670,0
107671,0
107672,0
107673,0
107674,0
107675,0
107676,0
107677,0
107678,1
107679,0
107680,0
107681,0
107682,0
107683,1
107684,0
107685,0
107686,1
107687,0
107688,0
107689,0
107690,0
107691,0
107692,0
107693,0
107694,0
107695,0
107696,2
107697,0
107698,0
107699,0
107700,1
107701,0
107702,0
107703,0
107704,0
107705,0
107706,0
107707,2
107708,0
107709,0
107710,0
107711,0
107712,0
107713,0
107714,0
107715,0
107716,0
107717,0
107718,0
107719,0
107720,0
107721,0
107722,0
107723,0
107724,0
107725,0
107726,0
107727,0
107728,0
107729,0
107730,0
107731,0
107732,0
107733,0
107734,0
107735,0
107736,0
107737,0
107738,0
107739,0
107740,0
107741,0
107742,0
107743,0
107744,0
107745,0
107746,0
107747,0
107748,0
107749,0
107750,0
107751,0
107752,0
107753,0
107754,0
107755,0
107756,0
107757,0
107758,0
107759,0
107760,0
107761,0
107762,0
107763,0
107764,0
107765,0
107766,0
107767,0
107768,0
107769,0
107770,0
107771,0
107772,0
107773,0
107774,0
107775,0
107776,0
107777,0
107778,0
107779,0
107780,0
107781,0
107782,0
107783,0
107784,0
107785,0
107786,0
107787,0
107788,0
107789,0
107790,0
107791,0
107792,0
107793,0
107794,0
107795,0
107796,0
107797,0
107798,0
107799,0
107800,0
107801,0
107802,0
107803,0
107804,0
107805,0
107806,0
107807,0
107808,0
107809,0
107810,0
107811,0
107812,0
107813,0
107814,0
107815,0
107816,0
107817,0
107818,0
107819,0
107820,0
107821,0
107822,0
107823,0
107824,0
107825,0
107826,0
107827,0
107828,0
107829,0
107830,0
107831,0
107832,0
107833,0
107834,0
107835,0
107836,0
107837,0
107838,0
107839,0
107840,0
107841,0
107842,0
107843,0
107844,0
107845,0
107846,0
107847,0
107848,0
107849,0
107850,0
107851,0
107852,0
107853,0
107854,0
107855,0
107856,0
107857,0
107858,0
107859,0
107860,0
107861,0
107862,0
107863,0
107864,0
107865,0
107866,0
107867,0
107868,0
107869,0
107870,0
107871,0
107872,0
107873,0
107874,0
107875,0
107876,0
107877,0
107878,0
107879,0
107880,0
107881,0
107882,0
107883,0
107884,0
107885,0
107886,0
107887,0
107888,0
107889,0
107890,0
107891,0
107892,0
107893,0
107894,0
107895,0
107896,0
107897,0
107898,0
107899,0
107900,0
107901,0
107902,0
107903,0
107904,0
107905,0
107906,0
107907,0
107908,0
107909,0
107910,0
107911,0
107912,0
107913,0
107914,0
107915,0
107916,0
107917,0
107918,0
107919,0
107920,0
107921,0
107922,0
107923,0
107924,0
107925,0
107926,0
107927,0
107928,0
107929,0
107930,0
107931,0
107932,0
107933,0
107934,0
107935,0
107936,0
107937,0
107938,0
107939,0
107940,0
107941,0
107942,0
107943,0
107944,0
107945,0
107946,0
107947,0
107948,0
107949,0
107950,0
107951,0
107952,0
107953,0
107954,0
107955,0
107956,0
107957,0
107958,0
107959,0
107960,0
107961,0
107962,0
107963,0
107964,0
107965,0
107966,0
107967,0
107968,0
107969,0
107970,0
107971,0
107972,0
107973,0
107974,0
107975,0
107976,0
107977,0
107978,0
107979,0
107980,0
107981,0
107982,0
107983,0
107984,0
107985,0
107986,0
107987,0
107988,0
107989,0
107990,0
107991,0
107992,0
107993,0
107994,0
107995,0
107996,0
107997,0
107998,0
107999,0
108000,0
108001,0
108002,0
108003,0
108004,0
108005,0
108006,0
108007,0
108008,0
108009,0
108010,0
108011,0
108012,0
108013,0
108014,0
108015,0
108016,0
108017,0
108018,0
108019,0
108020,0
108021,0
108022,0
108023,0
108024,0
108025,1
108026,0
108027,0
108028,0
108029,0
108030,0
108031,0
108032,0
108033,0
108034,0
108035,0
108036,0
108037,0
108038,0
108039,0
108040,0
108041,0
108042,0
108043,0
108044,0
108045,0
108046,0
108047,0
108048,1
108049,0
108050,0
108051,0
108052,0
108053,0
108054,0
108055,0
108056,0
108057,0
108058,0
108059,0
108060,0
108061,0
108062,0
108063,0
108064,0
108065,0
108066,0
108067,0
108068,0
108069,0
108070,0
108071,0
108072,0
108073,0
108074,0
108075,0
108076,0
108077,0
108078,0
108079,0
108080,0
108081,0
108082,0
108083,0
108084,0
108085,0
108086,0
108087,0
108088,0
108089,0
108090,0
108091,0
108092,0
108093,0
108094,0
108095,0
108096,0
108097,0
108098,0
108099,0
108100,0
108101,0
108102,0
108103,0
108104,0
108105,0
108106,0
108107,0
108108,0
108109,0
108110,0
108111,0
108112,0
108113,0
108114,0
108115,0
108116,0
108117,0
108118,0
108119,0
108120,0
108121,0
108122,0
108123,0
108124,0
108125,0
108126,0
108127,0
108128,0
108129,0
108130,0
108131,0
108132,0
108133,0
108134,0
108135,0
108136,0
108137,0
108138,0
108139,0
108140,0
108141,0
108142,0
108143,0
108144,0
108145,0
108146,0
108147,0
108148,0
108149,0
108150,0
108151,0
108152,0
108153,0
108154,0
108155,0
108156,0
108157,0
108158,0
108159,0
108160,0
108161,0
108162,0
108163,0
108164,0
108165,0
108166,0
108167,0
108168,0
108169,0
108170,0
108171,0
108172,0
108173,0
108174,0
108175,0
108176,0
108177,0
108178,0
108179,0
108180,0
108181,0
108182,0
108183,0
108184,0
108185,0
108186,0
108187,0
108188,0
108189,0
108190,0
108191,0
108192,0
108193,0
108194,0
108195,0
108196,0
108197,0
108198,0
108199,0
108200,0
108201,0
108202,0
108203,0
108204,0
108205,0
108206,0
108207,1
108208,0
108209,0
108210,0
108211,0
108212,0
108213,0
108214,1
108215,0
108216,0
108217,0
108218,0
108219,0
108220,0
108221,0
108222,0
108223,0
108224,0
108225,0
108226,0
108227,0
108228,0
108229,0
108230,0
108231,0
108232,0
108233,0
108234,0
108235,0
108236,0
108237,0
108238,0
108239,0
108240,0
108241,0
108242,0
108243,0
108244,0
108245,0
108246,0
108247,0
108248,0
108249,0
108250,0
108251,0
108252,0
108253,0
108254,0
108255,0
108256,0
108257,0
108258,0
108259,0
108260,0
108261,0
108262,0
108263,0
108264,0
108265,0
108266,0
108267,0
108268,0
108269,0
108270,0
108271,0
108272,0
108273,0
108274,0
108275,0
108276,0
108277,0
108278,0
108279,0
108280,0
108281,0
108282,0
108283,0
108284,0
108285,0
108286,0
108287,0
108288,0
108289,0
108290,0
108291,0
108292,0
108293,0
108294,0
108295,0
108296,0
108297,0
108298,0
108299,0
108300,0
108301,0
108302,0
108303,0
108304,0
108305,0
108306,0
108307,0
108308,0
108309,0
108310,0
108311,0
108312,0
108313,0
108314,0
108315,0
108316,0
108317,0
108318,0
108319,0
108320,0
108321,1
108322,0
108323,0
108324,0
108325,0
108326,0
108327,0
108328,0
108329,0
108330,0
108331,0
108332,0
108333,0
108334,0
108335,0
108336,0
108337,0
108338,0
108339,0
108340,0
108341,0
108342,0
108343,0
108344,0
108345,0
108346,0
108347,0
108348,0
108349,0
108350,0
108351,0
108352,0
108353,0
108354,0
108355,0
108356,0
108357,0
108358,0
108359,0
108360,0
108361,0
108362,0
108363,0
108364,0
108365,0
108366,0
108367,0
108368,0
108369,0
108370,0
108371,0
108372,0
108373,0
108374,0
108375,0
108376,0
108377,0
108378,0
108379,0
108380,0
108381,0
108382,0
108383,0
108384,0
108385,0
108386,0
108387,0
108388,0
108389,0
108390,0
108391,0
108392,0
108393,0
108394,0
108395,0
108396,0
108397,0
108398,0
108399,0
108400,0
108401,0
108402,0
108403,0
108404,0
108405,0
108406,0
108407,0
108408,0
108409,0
108410,0
108411,0
108412,0
108413,0
108414,0
108415,0
108416,0
108417,0
108418,0
108419,0
108420,0
108421,0
108422,0
108423,0
108424,0
108425,0
108426,0
108427,0
108428,0
108429,0
108430,0
108431,0
108432,0
108433,0
108434,0
108435,0
108436,0
108437,0
108438,0
108439,0
108440,0
108441,0
108442,0
108443,0
108444,0
108445,0
108446,0
108447,0
108448,0
108449,0
108450,0
108451,0
108452,0
108453,0
108454,0
108455,0
108456,0
108457,0
108458,0
108459,0
108460,0
108461,0
108462,0
108463,0
108464,0
108465,0
108466,0
108467,0
108468,1
108469,0
108470,0
108471,0
108472,0
108473,0
108474,0
108475,0
108476,0
108477,0
108478,0
108479,0
108480,0
108481,0
108482,0
108483,0
108484,0
108485,0
108486,0
108487,0
108488,0
108489,0
108490,0
108491,0
108492,0
108493,0
108494,0
108495,0
108496,0
108497,0
108498,0
108499,0
108500,0
108501,0
108502,0
108503,0
108504,0
108505,0
108506,0
108507,0
108508,0
108509,0
108510,0
108511,0
108512,0
108513,0
108514,0
108515,0
108516,0
108517,0
108518,0
108519,0
108520,0
108521,0
108522,0
108523,0
108524,0
108525,0
108526,0
108527,0
108528,0
108529,0
108530,0
108531,0
108532,0
108533,0
108534,0
108535,0
108536,0
108537,0
108538,0
108539,0
108540,0
108541,0
108542,0
108543,0
108544,0
108545,0
108546,0
108547,0
108548,0
108549,0
108550,0
108551,0
108552,0
108553,0
108554,0
108555,0
108556,0
108557,0
108558,0
108559,0
108560,0
108561,0
108562,0
108563,0
108564,0
108565,0
108566,0
108567,0
108568,0
108569,0
108570,0
108571,0
108572,0
108573,0
108574,0
108575,0
108576,0
108577,0
108578,0
108579,0
108580,0
108581,0
108582,0
108583,0
108584,0
108585,0
108586,0
108587,0
108588,0
108589,0
108590,0
108591,0
108592,0
108593,0
108594,0
108595,0
108596,0
108597,0
108598,0
108599,0
108600,0
108601,0
108602,0
108603,0
108604,0
108605,0
108606,0
108607,0
108608,0
108609,0
108610,0
108611,0
108612,29
108613,28
108614,0
108615,22
108616,0
108617,0
108618,0
108619,0
108620,0
108621,0
108622,0
108623,0
108624,0
108625,36
108626,0
108627,0
108628,23
108629,0
108630,0
108631,0
108632,25
108633,0
108634,0
108635,0
108636,0
108637,24
108638,0
108639,0
108640,0
108641,0
108642,0
108643,0
108644,0
108645,43
108646,30
108647,35
108648,0
108649,0
108650,0
108651,29
108652,22
108653,0
108654,0
108655,27
108656,0
108657,0
108658,0
108659,0
108660,0
108661,0
108662,0
108663,0
108664,0
108665,0
108666,18
108667,0
108668,0
108669,0
108670,0
108671,0
108672,0
108673,0
108674,31
108675,9
108676,0
108677,20
108678,32
108679,23
108680,0
108681,0
108682,0
108683,0
108684,0
108685,23
108686,0
108687,0
108688,0
108689,25
108690,0
108691,0
108692,0
108693,0
108694,0
108695,12
108696,0
108697,0
108698,0
108699,21
108700,0
108701,0
108702,0
108703,22
108704,22
108705,31
108706,0
108707,0
108708,26
108709,0
108710,0
108711,21
108712,18
108713,11
108714,0
108715,0
108716,0
108717,0
108718,0
108719,0
108720,18
108721,0
108722,0
108723,0
108724,0
108725,18
108726,20
108727,0
108728,0
108729,15
108730,0
108731,0
108732,16
108733,0
108734,0
108735,0
108736,0
108737,0
108738,22
108739,17
108740,0
108741,0
108742,0
108743,19
108744,34
108745,16
108746,0
108747,0
108748,0
108749,0
108750,0
108751,0
108752,0
108753,0
108754,0
108755,0
108756,0
108757,0
108758,0
108759,0
108760,25
108761,0
108762,0
108763,0
108764,10
108765,0
108766,0
108767,0
108768,0
108769,0
108770,0
108771,0
108772,0
108773,0
108774,22
108775,21
108776,0
108777,0
108778,0
108779,0
108780,17
108781,0
108782,21
108783,0
108784,29
108785,0
108786,0
108787,29
108788,0
108789,0
108790,0
108791,0
108792,0
108793,0
108794,0
108795,0
108796,0
108797,0
108798,0
108799,0
108800,0
108801,0
108802,0
108803,0
108804,0
108805,0
108806,0
108807,7
108808,0
108809,0
108810,0
108811,0
108812,0
108813,0
108814,0
108815,23
108816,0
108817,0
108818,15
108819,22
108820,0
108821,0
108822,0
108823,27
108824,13
108825,0
108826,0
108827,0
108828,0
108829,0
108830,0
108831,0
108832,0
108833,49
108834,0
108835,0
108836,0
108837,10
108838,0
108839,0
108840,0
108841,0
108842,0
108843,0
108844,0
108845,20
108846,0
108847,0
108848,0
108849,0
108850,0
108851,0
108852,17
108853,16
108854,0
108855,0
108856,0
108857,0
108858,0
108859,0
108860,0
108861,0
108862,19
108863,0
108864,0
108865,0
108866,0
108867,0
108868,0
108869,21
108870,33
108871,0
108872,0
108873,0
108874,0
108875,12
108876,0
108877,0
108878,0
108879,0
108880,0
108881,0
108882,0
108883,0
108884,26
108885,0
108886,0
108887,0
108888,0
108889,0
108890,0
108891,0
108892,0
108893,26
108894,0
108895,25
108896,0
108897,0
108898,0
108899,0
108900,20
108901,0
108902,0
108903,0
108904,0
108905,0
108906,23
108907,0
108908,0
108909,28
108910,0
108911,0
108912,0
108913,0
108914,0
108915,0
108916,0
108917,0
108918,0
108919,0
108920,0
108921,17
108922,0
108923,21
108924,0
108925,0
108926,0
108927,19
108928,14
108929,0
108930,0
108931,0
108932,0
108933,0
108934,0
108935,0
108936,24
108937,0
108938,0
108939,0
108940,0
108941,0
108942,0
108943,0
108944,0
108945,15
108946,0
108947,23
108948,0
108949,0
108950,0
108951,0
108952,0
108953,0
108954,0
108955,0
108956,0
108957,0
108958,0
108959,26
108960,0
108961,0
108962,0
108963,0
108964,0
108965,20
108966,0
108967,41
108968,23
108969,0
108970,0
108971,0
108972,0
108973,23
108974,22
108975,0
108976,0
108977,0
108978,17
108979,0
108980,0
108981,0
108982,0
108983,0
108984,21
108985,0
108986,8
108987,0
108988,35
108989,0
108990,0
108991,0
108992,24
108993,22
108994,0
108995,0
108996,0
108997,12
108998,0
108999,0
109000,0
109001,0
109002,0
109003,0
109004,0
109005,0
109006,0
109007,0
109008,0
109009,0
109010,16
109011,0
109012,0
109013,0
109014,0
109015,0
109016,0
109017,0
109018,0
109019,0
109020,24
109021,0
109022,0
109023,0
109024,0
109025,18
109026,0
109027,0
109028,0
109029,23
109030,0
109031,0
109032,0
109033,24
109034,0
109035,18
109036,0
109037,0
109038,0
109039,0
109040,0
109041,0
109042,0
109043,0
109044,0
109045,25
109046,0
109047,0
109048,0
109049,0
109050,23
109051,0
109052,0
109053,0
109054,0
109055,0
109056,0
109057,11
109058,33
109059,0
109060,0
109061,0
109062,0
109063,0
109064,20
109065,0
109066,21
109067,0
109068,0
109069,0
109070,19
109071,30
109072,0
109073,0
109074,0
109075,0
109076,26
109077,0
109078,0
109079,0
109080,0
109081,0
109082,18
109083,0
109084,0
109085,0
109086,0
109087,0
109088,0
109089,19
109090,0
109091,24
109092,7
109093,0
109094,0
109095,0
109096,0
109097,0
109098,0
109099,0
109100,0
109101,20
109102,0
109103,0
109104,24
109105,0
109106,0
109107,0
109108,0
109109,0
109110,0
109111,0
109112,0
109113,0
109114,0
109115,0
109116,23
109117,20
109118,16
109119,15
109120,25
109121,0
109122,0
109123,0
109124,0
109125,33
109126,0
109127,0
109128,22
109129,0
109130,0
109131,0
109132,21
109133,26
109134,0
109135,0
109136,0
109137,19
109138,27
109139,0
109140,0
109141,0
109142,0
109143,0
109144,0
109145,14
109146,0
109147,0
109148,0
109149,0
109150,0
109151,0
109152,0
109153,0
109154,23
109155,0
109156,0
109157,0
109158,0
109159,0
109160,0
109161,0
109162,0
109163,0
109164,0
109165,35
109166,0
109167,16
109168,0
109169,0
109170,0
109171,0
109172,0
109173,0
109174,0
109175,0
109176,21
109177,0
109178,0
109179,0
109180,0
109181,0
109182,0
109183,21
109184,0
109185,0
109186,0
109187,0
109188,0
109189,20
109190,0
109191,0
109192,29
109193,0
109194,0
109195,0
109196,0
109197,0
109198,0
109199,13
109200,0
109201,37
109202,0
109203,0
109204,35
109205,0
109206,30
109207,22
109208,26
109209,14
109210,0
109211,0
109212,0
109213,23
109214,11
109215,0
109216,0
109217,0
109218,15
109219,0
109220,0
109221,0
109222,0
109223,0
109224,0
109225,0
109226,27
109227,0
109228,0
109229,36
109230,0
109231,22
109232,16
109233,0
109234,31
109235,0
109236,0
109237,19
109238,0
109239,0
109240,0
109241,0
109242,0
109243,15
109244,0
109245,0
109246,0
109247,0
109248,0
109249,27
109250,14
109251,0
109252,0
109253,0
109254,0
109255,11
109256,0
109257,0
109258,0
109259,0
109260,0
109261,0
109262,0
109263,0
109264,0
109265,0
109266,0
109267,0
109268,0
109269,0
109270,0
109271,19
109272,0
109273,33
109274,0
109275,0
109276,0
109277,0
109278,0
109279,0
109280,0
109281,0
109282,0
109283,0
109284,0
109285,0
109286,20
109287,0
109288,0
109289,0
109290,0
109291,0
109292,0
109293,24
109294,0
109295,0
109296,0
109297,0
109298,30
109299,0
109300,0
109301,0
109302,21
109303,0
109304,0
109305,22
109306,0
109307,20
109308,0
109309,0
109310,0
109311,0
109312,15
109313,17
109314,0
109315,0
109316,20
109317,0
109318,12
109319,0
109320,12
109321,0
109322,0
109323,0
109324,0
109325,0
109326,0
109327,0
109328,0
109329,0
109330,0
109331,0
109332,0
109333,0
109334,1
109335,0
109336,0
109337,0
109338,0
109339,0
109340,0
109341,0
109342,0
109343,0
109344,0
109345,0
109346,0
109347,2
109348,0
109349,0
109350,0
109351,0
109352,4
109353,0
109354,0
109355,0
109356,0
109357,4
109358,0
109359,3
109360,0
109361,0
109362,0
109363,0
109364,2
109365,0
109366,0
109367,2
109368,0
109369,7
109370,0
109371,0
109372,6
109373,5
109374,0
109375,0
109376,0
109377,0
109378,0
109379,0
109380,0
109381,0
109382,0
109383,0
109384,0
109385,0
109386,0
109387,0
109388,0
109389,0
109390,0
109391,0
109392,0
109393,0
109394,0
109395,0
109396,0
109397,0
109398,0
109399,0
109400,0
109401,0
109402,1
109403,0
109404,0
109405,0
109406,0
109407,0
109408,0
109409,0
109410,0
109411,0
109412,0
109413,0
109414,0
109415,0
109416,0
109417,0
109418,0
109419,0
109420,0
109421,0
109422,0
109423,0
109424,0
109425,0
109426,0
109427,0
109428,0
109429,0
109430,0
109431,0
109432,0
109433,0
109434,0
109435,0
109436,0
109437,0
109438,0
109439,0
109440,0
109441,0
109442,0
109443,1
109444,0
109445,0
109446,0
109447,0
109448,0
109449,0
109450,0
109451,0
109452,0
109453,0
109454,0
109455,0
109456,0
109457,0
109458,0
109459,0
109460,0
109461,0
109462,0
109463,0
109464,0
109465,0
109466,0
109467,0
109468,0
109469,0
109470,0
109471,0
109472,0
109473,0
109474,0
109475,0
109476,0
109477,0
109478,0
109479,0
109480,0
109481,0
109482,0
109483,0
109484,0
109485,0
109486,0
109487,0
109488,0
109489,0
109490,0
109491,0
109492,0
109493,0
109494,0
109495,0
109496,0
109497,0
109498,0
109499,0
109500,0
109501,0
109502,0
109503,0
109504,0
109505,0
109506,0
109507,0
109508,0
109509,0
109510,0
109511,0
109512,0
109513,0
109514,0
109515,0
109516,0
109517,0
109518,0
109519,0
109520,0
109521,0
109522,0
109523,0
109524,0
109525,0
109526,0
109527,0
109528,0
109529,0
109530,0
109531,0
109532,0
109533,0
109534,0
109535,0
109536,0
109537,0
109538,2
109539,0
109540,0
109541,0
109542,1
109543,0
109544,0
109545,0
109546,0
109547,0
109548,0
109549,0
109550,0
109551,0
109552,0
109553,1
109554,0
109555,0
109556,0
109557,0
109558,0
109559,0
109560,0
109561,0
109562,0
109563,0
109564,0
109565,0
109566,0
109567,0
109568,0
109569,0
109570,0
109571,0
109572,0
109573,0
109574,0
109575,0
109576,0
109577,0
109578,0
109579,0
109580,0
109581,0
109582,0
109583,0
109584,0
109585,0
109586,0
109587,0
109588,0
109589,0
109590,0
109591,0
109592,0
109593,0
109594,0
109595,0
109596,0
109597,0
109598,0
109599,0
109600,0
109601,0
109602,0
109603,0
109604,0
109605,0
109606,0
109607,0
109608,0
109609,0
109610,0
109611,0
109612,0
109613,0
109614,0
109615,1
109616,0
109617,0
109618,0
109619,0
109620,0
109621,0
109622,0
109623,0
109624,0
109625,0
109626,0
109627,0
109628,0
109629,0
109630,0
109631,0
109632,0
109633,0
109634,0
109635,0
109636,0
109637,0
109638,0
109639,0
109640,0
109641,0
109642,0
109643,0
109644,0
109645,0
109646,0
109647,0
109648,0
109649,0
109650,0
109651,0
109652,0
109653,0
109654,0
109655,0
109656,0
109657,0
109658,0
109659,0
109660,0
109661,0
109662,0
109663,0
109664,0
109665,0
109666,0
109667,0
109668,0
109669,0
109670,0
109671,0
109672,0
109673,0
109674,0
109675,0
109676,0
109677,0
109678,0
109679,0
109680,0
109681,0
109682,0
109683,0
109684,0
109685,0
109686,0
109687,0
109688,0
109689,0
109690,0
109691,0
109692,0
109693,0
109694,0
109695,0
109696,0
109697,0
109698,0
109699,0
109700,0
109701,0
109702,0
109703,0
109704,0
109705,0
109706,0
109707,0
109708,0
109709,0
109710,0
109711,0
109712,0
109713,0
109714,0
109715,0
109716,0
109717,0
109718,0
109719,0
109720,0
109721,0
109722,0
109723,0
109724,0
109725,0
109726,0
109727,0
109728,0
109729,0
109730,0
109731,0
109732,0
109733,0
109734,0
109735,0
109736,0
109737,0
109738,0
109739,0
109740,0
109741,0
109742,0
109743,0
109744,0
109745,0
109746,0
109747,0
109748,0
109749,0
109750,0
109751,0
109752,0
109753,0
109754,0
109755,0
109756,0
109757,0
109758,0
109759,0
109760,0
109761,0
109762,0
109763,0
109764,0
109765,0
109766,0
109767,0
109768,0
109769,0
109770,0
109771,0
109772,0
109773,0
109774,0
109775,0
109776,0
109777,0
109778,0
109779,0
109780,0
109781,0
109782,0
109783,0
109784,0
109785,0
109786,0
109787,0
109788,0
109789,0
109790,0
109791,0
109792,0
109793,0
109794,0
109795,0
109796,0
109797,0
109798,0
109799,0
109800,0
109801,0
109802,0
109803,0
109804,0
109805,0
109806,0
109807,0
109808,0
109809,0
109810,0
109811,0
109812,0
109813,0
109814,0
109815,0
109816,0
109817,0
109818,0
109819,0
109820,0
109821,0
109822,0
109823,0
109824,0
109825,0
109826,0
109827,0
109828,0
109829,0
109830,0
109831,0
109832,0
109833,0
109834,0
109835,0
109836,0
109837,0
109838,1
109839,0
109840,0
109841,0
109842,0
109843,0
109844,0
109845,0
109846,0
109847,0
109848,0
109849,0
109850,0
109851,0
109852,0
109853,0
109854,0
109855,0
109856,0
109857,0
109858,0
109859,0
109860,0
109861,0
109862,0
109863,0
109864,0
109865,0
109866,0
109867,0
109868,0
109869,0
109870,0
109871,0
109872,0
109873,0
109874,0
109875,0
109876,0
109877,0
109878,0
109879,0
109880,0
109881,0
109882,0
109883,0
109884,0
109885,0
109886,0
109887,0
109888,0
109889,0
109890,0
109891,0
109892,0
109893,0
109894,0
109895,0
109896,0
109897,0
109898,0
109899,0
109900,0
109901,0
109902,0
109903,0
109904,0
109905,0
109906,0
109907,0
109908,0
109909,0
109910,0
109911,0
109912,0
109913,0
109914,0
109915,0
109916,0
109917,0
109918,0
109919,0
109920,0
109921,0
109922,0
109923,0
109924,0
109925,0
109926,0
109927,0
109928,0
109929,0
109930,0
109931,0
109932,0
109933,0
109934,0
109935,0
109936,0
109937,0
109938,0
109939,0
109940,0
109941,0
109942,0
109943,0
109944,0
109945,0
109946,0
109947,0
109948,0
109949,0
109950,0
109951,0
109952,0
109953,0
109954,0
109955,0
109956,0
109957,0
109958,0
109959,0
109960,0
109961,0
109962,0
109963,0
109964,0
109965,0
109966,0
109967,0
109968,0
109969,0
109970,0
109971,0
109972,0
109973,0
109974,0
109975,0
109976,0
109977,0
109978,0
109979,0
109980,0
109981,0
109982,0
109983,0
109984,0
109985,0
109986,0
109987,0
109988,0
109989,0
109990,0
109991,0
109992,0
109993,0
109994,0
109995,0
109996,0
109997,0
109998,0
109999,0
110000,0
110001,0
110002,0
110003,0
110004,0
110005,0
110006,0
110007,0
110008,0
110009,0
110010,0
110011,0
110012,0
110013,0
110014,0
110015,0
110016,0
110017,0
110018,0
110019,0
110020,0
110021,0
110022,0
110023,0
110024,0
110025,0
110026,0
110027,0
110028,0
110029,0
110030,0
110031,0
110032,0
110033,0
110034,0
110035,0
110036,0
110037,0
110038,0
110039,0
110040,0
110041,0
110042,0
110043,0
110044,0
110045,0
110046,0
110047,0
110048,1
110049,0
110050,0
110051,0
110052,0
110053,0
110054,0
110055,0
110056,0
110057,0
110058,0
110059,0
110060,0
110061,0
110062,0
110063,0
110064,0
110065,0
110066,0
110067,0
110068,0
110069,0
110070,0
110071,0
110072,0
110073,0
110074,0
110075,0
110076,0
110077,0
110078,0
110079,0
110080,0
110081,0
110082,0
110083,0
110084,0
110085,0
110086,0
110087,0
110088,0
110089,0
110090,0
110091,0
110092,0
110093,0
110094,0
110095,0
110096,0
110097,0
110098,0
110099,0
110100,0
110101,0
110102,0
110103,0
110104,0
110105,0
110106,0
110107,0
110108,0
110109,0
110110,0
110111,0
110112,0
110113,0
110114,0
110115,0
110116,0
110117,0
110118,0
110119,0
110120,0
110121,0
110122,0
110123,0
110124,0
110125,0
110126,0
110127,0
110128,0
110129,0
110130,0
110131,0
110132,0
110133,0
110134,0
110135,0
110136,0
110137,0
110138,0
110139,0
110140,0
110141,0
110142,0
110143,0
110144,0
110145,0
110146,0
110147,0
110148,0
110149,0
110150,0
110151,0
110152,0
110153,0
110154,24
110155,0
110156,0
110157,0
110158,0
110159,0
110160,0
110161,0
110162,0
110163,38
110164,0
110165,0
110166,0
110167,0
110168,0
110169,0
110170,0
110171,0
110172,0
110173,0
110174,0
110175,0
110176,0
110177,0
110178,0
110179,0
110180,0
110181,0
110182,35
110183,0
110184,0
110185,0
110186,0
110187,0
110188,0
110189,0
110190,0
110191,0
110192,0
110193,0
110194,0
110195,0
110196,0
110197,0
110198,0
110199,0
110200,0
110201,0
110202,0
110203,0
110204,0
110205,0
110206,0
110207,0
110208,0
110209,0
110210,0
110211,0
110212,0
110213,0
110214,31
110215,0
110216,0
110217,0
110218,0
110219,0
110220,0
110221,0
110222,0
110223,0
110224,0
110225,0
110226,0
110227,0
110228,0
110229,0
110230,0
110231,43
110232,0
110233,0
110234,0
110235,0
110236,0
110237,0
110238,27
110239,0
110240,0
110241,0
110242,0
110243,0
110244,51
110245,0
110246,0
110247,30
110248,0
110249,0
110250,0
110251,0
110252,27
110253,0
110254,0
110255,0
110256,0
110257,0
110258,0
110259,0
110260,0
110261,0
110262,0
110263,0
110264,0
110265,0
110266,0
110267,50
110268,0
110269,0
110270,0
110271,0
110272,0
110273,0
110274,0
110275,0
110276,0
110277,0
110278,0
110279,0
110280,0
110281,0
110282,0
110283,0
110284,36
110285,0
110286,0
110287,0
110288,0
110289,0
110290,0
110291,0
110292,0
110293,0
110294,0
110295,0
110296,0
110297,0
110298,38
110299,0
110300,0
110301,0
110302,0
110303,0
110304,0
110305,27
110306,0
110307,0
110308,0
110309,39
110310,0
110311,0
110312,0
110313,0
110314,0
110315,0
110316,0
110317,0
110318,0
110319,0
110320,0
110321,0
110322,41
110323,0
110324,28
110325,0
110326,0
110327,0
110328,0
110329,0
110330,0
110331,0
110332,0
110333,0
110334,0
110335,0
110336,28
110337,0
110338,32
110339,0
110340,0
110341,0
110342,0
110343,0
110344,0
110345,0
110346,0
110347,0
110348,0
110349,48
110350,0
110351,0
110352,0
110353,0
110354,30
110355,45
110356,0
110357,0
110358,0
110359,0
110360,0
110361,0
110362,0
110363,0
110364,0
110365,0
110366,0
110367,0
110368,0
110369,0
110370,0
110371,0
110372,0
110373,0
110374,0
110375,0
110376,0
110377,0
110378,0
110379,0
110380,0
110381,0
110382,0
110383,0
110384,0
110385,0
110386,25
110387,39
110388,0
110389,0
110390,0
110391,0
110392,0
110393,0
110394,0
110395,0
110396,0
110397,0
110398,0
110399,0
110400,0
110401,0
110402,0
110403,0
110404,0
110405,0
110406,0
110407,0
110408,0
110409,0
110410,0
110411,0
110412,0
110413,0
110414,0
110415,0
110416,0
110417,0
110418,0
110419,0
110420,0
110421,0
110422,0
110423,0
110424,0
110425,0
110426,0
110427,0
110428,0
110429,0
110430,0
110431,0
110432,0
110433,0
110434,0
110435,0
110436,0
110437,0
110438,0
110439,0
110440,0
110441,0
110442,0
110443,0
110444,0
110445,0
110446,0
110447,0
110448,0
110449,0
110450,0
110451,0
110452,0
110453,0
110454,0
110455,45
110456,27
110457,0
110458,0
110459,0
110460,0
110461,0
110462,0
110463,0
110464,0
110465,35
110466,0
110467,0
110468,0
110469,0
110470,0
110471,0
110472,0
110473,0
110474,31
110475,0
110476,0
110477,0
110478,0
110479,0
110480,0
110481,0
110482,0
110483,0
110484,0
110485,0
110486,0
110487,0
110488,0
110489,0
110490,0
110491,0
110492,0
110493,0
110494,36
110495,0
110496,0
110497,0
110498,0
110499,0
110500,0
110501,0
110502,0
110503,0
110504,0
110505,0
110506,0
110507,0
110508,0
110509,0
110510,0
110511,0
110512,0
110513,0
110514,0
110515,0
110516,0
110517,0
110518,0
110519,0
110520,0
110521,0
110522,0
110523,0
110524,0
110525,0
110526,0
110527,0
110528,0
110529,0
110530,49
110531,0
110532,0
110533,0
110534,51
110535,0
110536,0
110537,0
110538,0
110539,0
110540,0
110541,0
110542,0
110543,0
110544,52
110545,50
110546,0
110547,0
110548,0
110549,0
110550,0
110551,0
110552,0
110553,0
110554,0
110555,0
110556,42
110557,0
110558,0
110559,0
110560,0
110561,0
110562,0
110563,49
110564,0
110565,0
110566,0
110567,0
110568,0
110569,0
110570,0
110571,0
110572,0
110573,0
110574,0
110575,0
110576,0
110577,0
110578,0
110579,0
110580,0
110581,0
110582,0
110583,0
110584,0
110585,0
110586,0
110587,0
110588,0
110589,0
110590,0
110591,0
110592,0
110593,0
110594,0
110595,0
110596,0
110597,57
110598,0
110599,0
110600,0
110601,0
110602,24
110603,0
110604,0
110605,0
110606,0
110607,0
110608,0
110609,0
110610,0
110611,0
110612,0
110613,0
110614,0
110615,0
110616,0
110617,0
110618,0
110619,0
110620,0
110621,0
110622,0
110623,0
110624,0
110625,0
110626,0
110627,0
110628,0
110629,33
110630,0
110631,0
110632,0
110633,0
110634,0
110635,0
110636,0
110637,0
110638,53
110639,38
110640,0
110641,30
110642,0
110643,0
110644,0
110645,26
110646,0
110647,0
110648,0
110649,0
110650,0
110651,0
110652,0
110653,0
110654,0
110655,0
110656,0
110657,0
110658,0
110659,0
110660,0
110661,0
110662,0
110663,0
110664,0
110665,0
110666,0
110667,0
110668,0
110669,0
110670,0
110671,0
110672,0
110673,0
110674,0
110675,0
110676,0
110677,0
110678,0
110679,0
110680,0
110681,0
110682,0
110683,0
110684,0
110685,0
110686,0
110687,0
110688,26
110689,0
110690,54
110691,0
110692,0
110693,30
110694,0
110695,0
110696,0
110697,0
110698,0
110699,0
110700,0
110701,0
110702,0
110703,0
110704,0
110705,0
110706,57
110707,0
110708,0
110709,0
110710,59
110711,0
110712,0
110713,0
110714,0
110715,0
110716,28
110717,0
110718,0
110719,0
110720,37
110721,0
110722,0
110723,0
110724,0
110725,0
110726,0
110727,41
110728,0
110729,0
110730,0
110731,0
110732,0
110733,0
110734,0
110735,0
110736,0
110737,0
110738,0
110739,0
110740,0
110741,0
110742,0
110743,50
110744,0
110745,0
110746,0
110747,0
110748,0
110749,0
110750,0
110751,0
110752,0
110753,0
110754,0
110755,0
110756,0
110757,0
110758,0
110759,0
110760,0
110761,0
110762,0
110763,0
110764,0
110765,0
110766,0
110767,0
110768,0
110769,0
110770,0
110771,0
110772,0
110773,0
110774,0
110775,0
110776,0
110777,0
110778,0
110779,0
110780,0
110781,0
110782,0
110783,0
110784,0
110785,0
110786,0
110787,50
110788,48
110789,0
110790,0
110791,0
110792,39
110793,0
110794,0
110795,0
110796,0
110797,0
110798,0
110799,0
110800,46
110801,16
110802,0
110803,0
110804,0
110805,0
110806,0
110807,0
110808,0
110809,0
110810,0
110811,0
110812,21
110813,0
110814,0
110815,23
110816,0
110817,21
110818,0
110819,0
110820,0
110821,16
110822,0
110823,0
110824,0
110825,35
110826,0
110827,0
110828,0
110829,0
110830,0
110831,0
110832,0
110833,27
110834,0
110835,0
110836,0
110837,0
110838,0
110839,33
110840,17
110841,15
110842,0
110843,13
110844,16
110845,0
110846,0
110847,0
110848,0
110849,16
110850,0
110851,0
110852,0
110853,0
110854,18
110855,0
110856,21
110857,0
110858,19
110859,0
110860,0
110861,23
110862,23
110863,0
110864,0
110865,0
110866,0
110867,14
110868,0
110869,17
110870,0
110871,0
110872,0
110873,0
110874,0
110875,0
110876,0
110877,0
110878,0
110879,0
110880,0
110881,0
110882,0
110883,0
110884,0
110885,0
110886,32
110887,0
110888,0
110889,15
110890,0
110891,21
110892,0
110893,0
110894,0
110895,0
110896,21
110897,0
110898,19
110899,0
110900,0
110901,0
110902,0
110903,30
110904,0
110905,26
110906,0
110907,13
110908,0
110909,0
110910,0
110911,0
110912,0
110913,0
110914,34
110915,0
110916,0
110917,20
110918,19
110919,12
110920,0
110921,0
110922,0
110923,0
110924,23
110925,0
110926,22
110927,0
110928,0
110929,31
110930,11
110931,29
110932,26
110933,26
110934,0
110935,0
110936,0
110937,0
110938,0
110939,0
110940,26
110941,0
110942,0
110943,0
110944,0
110945,0
110946,32
110947,0
110948,30
110949,0
110950,0
110951,0
110952,25
110953,0
110954,27
110955,17
110956,0
110957,11
110958,0
110959,0
110960,0
110961,0
110962,0
110963,0
110964,0
110965,0
110966,0
110967,0
110968,0
110969,0
110970,13
110971,0
110972,0
110973,13
110974,32
110975,27
110976,20
110977,0
110978,0
110979,25
110980,0
110981,45
110982,0
110983,0
110984,34
110985,0
110986,0
110987,0
110988,0
110989,26
110990,0
110991,0
110992,0
110993,0
110994,0
110995,0
110996,0
110997,32
110998,18
110999,0
111000,0
111001,25
111002,0
111003,0
111004,0
111005,0
111006,0
111007,0
111008,0
111009,29
111010,0
111011,33
111012,0
111013,0
111014,0
111015,20
111016,0
111017,26
111018,0
111019,0
111020,0
111021,0
111022,0
111023,0
111024,0
111025,0
111026,0
111027,0
111028,0
111029,19
111030,0
111031,0
111032,0
111033,0
111034,0
111035,0
111036,14
111037,0
111038,0
111039,0
111040,36
111041,0
111042,20
111043,25
111044,17
111045,23
111046,21
111047,0
111048,24
111049,29
111050,0
111051,27
111052,0
111053,20
111054,0
111055,21
111056,0
111057,0
111058,0
111059,0
111060,0
111061,25
111062,0
111063,0
111064,0
111065,0
111066,0
111067,0
111068,0
111069,0
111070,0
111071,0
111072,30
111073,0
111074,0
111075,0
111076,0
111077,0
111078,0
111079,0
111080,0
111081,0
111082,0
111083,0
111084,0
111085,0
111086,5
111087,0
111088,0
111089,0
111090,0
111091,0
111092,0
111093,0
111094,0
111095,0
111096,0
111097,0
111098,0
111099,0
111100,0
111101,0
111102,0
111103,0
111104,1
111105,0
111106,0
111107,3
111108,0
111109,0
111110,0
111111,0
111112,0
111113,0
111114,0
111115,0
111116,0
111117,3
111118,0
111119,0
111120,0
111121,0
111122,0
111123,0
111124,4
111125,0
111126,0
111127,0
111128,0
111129,1
111130,0
111131,0
111132,0
111133,0
111134,0
111135,0
111136,3
111137,0
111138,0
111139,0
111140,0
111141,0
111142,0
111143,0
111144,2
111145,0
111146,0
111147,0
111148,0
111149,0
111150,0
111151,0
111152,0
111153,1
111154,0
111155,0
111156,0
111157,0
111158,0
111159,0
111160,0
111161,0
111162,0
111163,0
111164,0
111165,0
111166,0
111167,0
111168,0
111169,0
111170,0
111171,0
111172,0
111173,0
111174,0
111175,0
111176,2
111177,0
111178,0
111179,0
111180,0
111181,0
111182,2
111183,1
111184,0
111185,0
111186,0
111187,0
111188,0
111189,4
111190,0
111191,0
111192,0
111193,2
111194,0
111195,0
111196,0
111197,0
111198,3
111199,0
111200,0
111201,0
111202,2
111203,4
111204,0
111205,0
111206,0
111207,0
111208,0
111209,0
111210,0
111211,0
111212,0
111213,0
111214,0
111215,0
111216,0
111217,0
111218,0
111219,0
111220,0
111221,0
111222,0
111223,1
111224,0
111225,0
111226,0
111227,0
111228,0
111229,2
111230,0
111231,0
111232,0
111233,0
111234,0
111235,2
111236,0
111237,0
111238,0
111239,0
111240,0
111241,0
111242,0
111243,0
111244,1
111245,0
111246,3
111247,0
111248,4
111249,4
111250,0
111251,0
111252,4
111253,0
111254,0
111255,0
111256,0
111257,0
111258,0
111259,0
111260,0
111261,1
111262,0
111263,0
111264,0
111265,0
111266,3
111267,2
111268,0
111269,4
111270,0
111271,0
111272,0
111273,0
111274,0
111275,4
111276,0
111277,0
111278,0
111279,1
111280,0
111281,0
111282,0
111283,0
111284,0
111285,0
111286,0
111287,0
111288,0
111289,0
111290,0
111291,0
111292,1
111293,0
111294,0
111295,0
111296,0
111297,2
111298,0
111299,0
111300,0
111301,0
111302,0
111303,0
111304,3
111305,0
111306,1
111307,0
111308,1
111309,0
111310,0
111311,0
111312,0
111313,0
111314,3
111315,0
111316,0
111317,0
111318,1
111319,0
111320,1
111321,0
111322,0
111323,0
111324,0
111325,0
111326,0
111327,0
111328,5
111329,0
111330,0
111331,2
111332,0
111333,0
111334,0
111335,4
111336,0
111337,0
111338,0
111339,0
111340,2
111341,0
111342,2
111343,0
111344,2
111345,0
111346,0
111347,0
111348,0
111349,0
111350,0
111351,0
111352,0
111353,0
111354,1
111355,1
111356,0
111357,3
111358,0
111359,5
111360,0
111361,0
111362,0
111363,0
111364,0
111365,0
111366,0
111367,0
111368,0
111369,0
111370,1
111371,0
111372,0
111373,0
111374,0
111375,0
111376,0
111377,0
111378,0
111379,0
111380,0
111381,0
111382,0
111383,0
111384,0
111385,0
111386,0
111387,0
111388,0
111389,0
111390,0
111391,0
111392,0
111393,0
111394,0
111395,0
111396,0
111397,0
111398,0
111399,0
111400,0
111401,0
111402,0
111403,0
111404,0
111405,0
111406,0
111407,0
111408,0
111409,0
111410,0
111411,3
111412,0
111413,0
111414,0
111415,0
111416,0
111417,0
111418,0
111419,0
111420,4
111421,0
111422,4
111423,0
111424,0
111425,0
111426,3
111427,0
111428,0
111429,0
111430,0
111431,0
111432,0
111433,0
111434,0
111435,0
111436,3
111437,0
111438,3
111439,0
111440,0
111441,0
111442,0
111443,0
111444,0
111445,0
111446,0
111447,4
111448,0
111449,0
111450,0
111451,0
111452,4
111453,0
111454,0
111455,0
111456,4
111457,0
111458,0
111459,0
111460,0
111461,0
111462,0
111463,0
111464,0
111465,0
111466,3
111467,0
111468,0
111469,0
111470,0
111471,0
111472,0
111473,0
111474,0
111475,0
111476,2
111477,2
111478,0
111479,0
111480,0
111481,0
111482,0
111483,6
111484,0
111485,0
111486,0
111487,4
111488,0
111489,3
111490,0
111491,3
111492,0
111493,0
111494,0
111495,0
111496,4
111497,5
111498,0
111499,0
111500,0
111501,0
111502,0
111503,0
111504,0
111505,0
111506,0
111507,0
111508,0
111509,0
111510,0
111511,2
111512,0
111513,9
111514,0
111515,0
111516,0
111517,0
111518,0
111519,0
111520,0
111521,0
111522,0
111523,0
111524,0
111525,0
111526,0
111527,0
111528,0
111529,0
111530,3
111531,0
111532,0
111533,4
111534,0
111535,0
111536,0
111537,0
111538,6
111539,0
111540,0
111541,0
111542,0
111543,0
111544,2
111545,0
111546,0
111547,0
111548,0
111549,0
111550,0
111551,0
111552,0
111553,0
111554,0
111555,0
111556,0
111557,0
111558,0
111559,0
111560,0
111561,0
111562,0
111563,0
111564,0
111565,0
111566,0
111567,1
111568,0
111569,2
111570,2
111571,0
111572,0
111573,0
111574,0
111575,0
111576,0
111577,0
111578,0
111579,0
111580,0
111581,0
111582,0
111583,3
111584,0
111585,0
111586,0
111587,0
111588,0
111589,0
111590,0
111591,0
111592,0
111593,0
111594,0
111595,0
111596,0
111597,0
111598,0
111599,0
111600,0
111601,0
111602,0
111603,0
111604,5
111605,0
111606,0
111607,0
111608,0
111609,0
111610,0
111611,0
111612,1
111613,0
111614,0
111615,0
111616,1
111617,0
111618,0
111619,0
111620,0
111621,0
111622,0
111623,0
111624,0
111625,0
111626,0
111627,0
111628,0
111629,0
111630,0
111631,0
111632,0
111633,0
111634,0
111635,0
111636,0
111637,3
111638,0
111639,0
111640,1
111641,0
111642,2
111643,0
111644,0
111645,0
111646,0
111647,0
111648,0
111649,0
111650,0
111651,0
111652,0
111653,0
111654,0
111655,0
111656,0
111657,0
111658,0
111659,0
111660,0
111661,3
111662,0
111663,0
111664,0
111665,0
111666,0
111667,0
111668,0
111669,0
111670,0
111671,0
111672,0
111673,0
111674,0
111675,2
111676,0
111677,0
111678,0
111679,13
111680,0
111681,0
111682,20
111683,0
111684,0
111685,16
111686,0
111687,0
111688,13
111689,0
111690,0
111691,0
111692,0
111693,0
111694,0
111695,0
111696,0
111697,0
111698,11
111699,0
111700,0
111701,9
111702,0
111703,0
111704,0
111705,21
111706,20
111707,13
111708,0
111709,0
111710,0
111711,0
111712,0
111713,12
111714,0
111715,16
111716,0
111717,0
111718,0
111719,0
111720,0
111721,0
111722,0
111723,0
111724,0
111725,5
111726,0
111727,0
111728,0
111729,0
111730,30
111731,0
111732,0
111733,0
111734,20
111735,0
111736,0
111737,14
111738,0
111739,0
111740,0
111741,0
111742,21
111743,0
111744,13
111745,0
111746,0
111747,24
111748,0
111749,0
111750,0
111751,0
111752,0
111753,0
111754,20
111755,0
111756,0
111757,0
111758,0
111759,31
111760,0
111761,0
111762,12
111763,0
111764,0
111765,0
111766,0
111767,0
111768,0
111769,0
111770,0
111771,0
111772,0
111773,0
111774,0
111775,0
111776,0
111777,0
111778,11
111779,0
111780,0
111781,0
111782,17
111783,0
111784,0
111785,0
111786,0
111787,0
111788,15
111789,13
111790,0
111791,0
111792,0
111793,0
111794,0
111795,0
111796,0
111797,18
111798,9
111799,0
111800,19
111801,0
111802,0
111803,0
111804,0
111805,0
111806,0
111807,0
111808,0
111809,0
111810,0
111811,0
111812,0
111813,0
111814,0
111815,0
111816,0
111817,0
111818,0
111819,21
111820,0
111821,0
111822,0
111823,0
111824,11
111825,14
111826,0
111827,0
111828,0
111829,17
111830,0
111831,0
111832,0
111833,0
111834,0
111835,0
111836,24
111837,0
111838,16
111839,22
111840,13
111841,11
111842,19
111843,0
111844,0
111845,0
111846,7
111847,0
111848,0
111849,0
111850,0
111851,0
111852,14
111853,0
111854,21
111855,0
111856,15
111857,0
111858,0
111859,0
111860,0
111861,0
111862,0
111863,0
111864,0
111865,0
111866,0
111867,0
111868,24
111869,0
111870,0
111871,0
111872,0
111873,0
111874,0
111875,0
111876,0
111877,24
111878,0
111879,0
111880,0
111881,8
111882,0
111883,0
111884,0
111885,0
111886,0
111887,0
111888,8
111889,0
111890,0
111891,0
111892,0
111893,0
111894,0
111895,0
111896,0
111897,0
111898,23
111899,0
111900,0
111901,0
111902,18
111903,0
111904,0
111905,25
111906,0
111907,0
111908,0
111909,0
111910,16
111911,0
111912,18
111913,0
111914,0
111915,0
111916,0
111917,0
111918,0
111919,0
111920,12
111921,0
111922,0
111923,0
111924,0
111925,0
111926,14
111927,0
111928,0
111929,0
111930,0
111931,15
111932,21
111933,0
111934,0
111935,0
111936,0
111937,6
111938,0
111939,0
111940,0
111941,0
111942,0
111943,0
111944,0
111945,0
111946,0
111947,12
111948,0
111949,0
111950,0
111951,0
111952,0
111953,6
111954,0
111955,0
111956,0
111957,0
111958,0
111959,0
111960,19
111961,0
111962,0
111963,0
111964,0
111965,16
111966,0
111967,0
111968,0
111969,0
111970,0
111971,0
111972,21
111973,0
111974,0
111975,0
111976,21
111977,0
111978,0
111979,0
111980,0
111981,0
111982,0
111983,0
111984,0
111985,0
111986,0
111987,0
111988,0
111989,0
111990,0
111991,0
111992,11
111993,0
111994,0
111995,0
111996,0
111997,21
111998,0
111999,0
112000,11
112001,0
112002,10
112003,20
112004,0
112005,14
112006,16
112007,0
112008,0
112009,0
112010,0
112011,0
112012,0
112013,0
112014,20
112015,0
112016,0
112017,0
112018,0
112019,0
112020,0
112021,0
112022,0
112023,0
112024,0
112025,0
112026,0
112027,14
112028,0
112029,10
112030,0
112031,0
112032,0
112033,0
112034,0
112035,0
112036,0
112037,0
112038,0
112039,0
112040,0
112041,0
112042,0
112043,0
112044,22
112045,0
112046,15
112047,0
112048,0
112049,0
112050,0
112051,0
112052,0
112053,0
112054,0
112055,18
112056,0
112057,0
112058,0
112059,0
112060,0
112061,0
112062,0
112063,0
112064,0
112065,0
112066,16
112067,0
112068,0
112069,0
112070,6
112071,19
112072,0
112073,0
112074,0
112075,0
112076,0
112077,0
112078,0
112079,0
112080,18
112081,0
112082,0
112083,0
112084,0
112085,0
112086,21
112087,0
112088,0
112089,17
112090,0
112091,0
112092,0
112093,0
112094,0
112095,0
112096,0
112097,0
112098,0
112099,0
112100,0
112101,0
112102,0
112103,0
112104,10
112105,0
112106,0
112107,0
112108,0
112109,0
112110,0
112111,20
112112,0
112113,0
112114,0
112115,0
112116,0
112117,0
112118,0
112119,19
112120,0
112121,0
112122,0
112123,0
112124,0
112125,0
112126,0
112127,13
112128,0
112129,0
112130,22
112131,0
112132,0
112133,0
112134,0
112135,13
112136,0
112137,0
112138,22
112139,0
112140,0
112141,0
112142,0
112143,0
112144,0
112145,0
112146,0
112147,15
112148,0
112149,0
112150,0
112151,7
112152,0
112153,0
112154,0
112155,0
112156,0
112157,0
112158,0
112159,0
112160,0
112161,0
112162,0
112163,0
112164,0
112165,0
112166,0
112167,17
112168,0
112169,0
112170,0
112171,0
112172,15
112173,0
112174,0
112175,0
112176,0
112177,0
112178,0
112179,0
112180,19
112181,0
112182,0
112183,0
112184,0
112185,0
112186,0
112187,0
112188,0
112189,8
112190,0
112191,0
112192,0
112193,0
112194,0
112195,0
112196,0
112197,0
112198,0
112199,0
112200,0
112201,0
112202,0
112203,0
112204,0
112205,0
112206,0
112207,0
112208,0
112209,0
112210,0
112211,10
112212,0
112213,0
112214,0
112215,13
112216,0
112217,10
112218,0
112219,0
112220,0
112221,0
112222,0
112223,0
112224,13
112225,0
112226,0
112227,0
112228,0
112229,13
112230,0
112231,0
112232,0
112233,28
112234,0
112235,31
112236,0
112237,14
112238,0
112239,0
112240,0
112241,0
112242,0
112243,0
112244,0
112245,0
112246,0
112247,0
112248,0
112249,0
112250,0
112251,0
112252,0
112253,0
112254,0
112255,0
112256,19
112257,0
112258,11
112259,20
112260,0
112261,11
112262,0
112263,0
112264,0
112265,0
112266,15
112267,0
112268,0
112269,0
112270,0
112271,0
112272,21
112273,0
112274,22
112275,0
112276,7
112277,12
112278,0
112279,13
112280,0
112281,13
112282,0
112283,11
112284,0
112285,18
112286,0
112287,0
112288,0
112289,21
112290,0
112291,0
112292,0
112293,0
112294,0
112295,0
112296,0
112297,0
112298,0
112299,0
112300,0
112301,0
112302,0
112303,27
112304,0
112305,0
112306,0
112307,0
112308,0
112309,0
112310,12
112311,0
112312,0
112313,0
112314,20
112315,0
112316,0
112317,0
112318,0
112319,0
112320,0
112321,0
112322,24
112323,0
112324,0
112325,0
112326,0
112327,0
112328,0
112329,17
112330,0
112331,0
112332,0
112333,0
112334,0
112335,0
112336,0
112337,0
112338,13
112339,0
112340,0
112341,0
112342,0
112343,0
112344,0
112345,0
112346,0
112347,0
112348,0
112349,0
112350,0
112351,19
112352,0
112353,0
112354,15
112355,0
112356,0
112357,22
112358,0
112359,0
112360,0
112361,0
112362,0
112363,0
112364,26
112365,0
112366,0
112367,0
112368,0
112369,0
112370,0
112371,0
112372,0
112373,0
112374,0
112375,0
112376,0
112377,0
112378,0
112379,0
112380,0
112381,0
112382,0
112383,0
112384,0
112385,0
112386,0
112387,0
112388,0
112389,16
112390,0
112391,0
112392,0
112393,0
112394,0
112395,17
112396,0
112397,0
112398,0
112399,0
112400,0
112401,17
112402,7
112403,0
112404,0
112405,0
112406,0
112407,0
112408,0
112409,0
112410,0
112411,0
112412,0
112413,0
112414,0
112415,20
112416,0
112417,0
112418,0
112419,0
112420,0
112421,0
112422,0
112423,20
112424,16
112425,0
112426,0
112427,0
112428,0
112429,17
112430,0
112431,0
112432,0
112433,0
112434,0
112435,0
112436,0
112437,0
112438,0
112439,0
112440,0
112441,0
112442,10
112443,0
112444,0
112445,0
112446,0
112447,0
112448,0
112449,31
112450,9
112451,19
112452,0
112453,11
112454,8
112455,0
112456,8
112457,0
112458,0
112459,0
112460,0
112461,0
112462,0
112463,0
112464,21
112465,0
112466,22
112467,0
112468,15
112469,0
112470,9
112471,0
112472,0
112473,0
112474,0
112475,0
112476,0
112477,0
112478,0
112479,0
112480,16
112481,0
112482,0
112483,20
112484,0
112485,0
112486,0
112487,16
112488,0
112489,0
112490,0
112491,0
112492,0
112493,0
112494,0
112495,0
112496,20
112497,0
112498,0
112499,0
112500,0
112501,0
112502,0
112503,0
112504,0
112505,0
112506,0
112507,0
112508,0
112509,0
112510,0
112511,0
112512,0
112513,0
112514,0
112515,20
112516,0
112517,0
112518,0
112519,13
112520,0
112521,0
112522,0
112523,0
112524,0
112525,0
112526,0
112527,0
112528,0
112529,16
112530,0
112531,0
112532,0
112533,0
112534,0
112535,0
112536,0
112537,5
112538,12
112539,0
112540,0
112541,0
112542,0
112543,0
112544,0
112545,0
112546,0
112547,0
112548,0
112549,0
112550,0
112551,0
112552,0
112553,13
112554,18
112555,0
112556,0
112557,12
112558,0
112559,0
112560,0
112561,0
112562,0
112563,0
112564,0
112565,0
112566,0
112567,0
112568,0
112569,0
112570,0
112571,0
112572,0
112573,15
112574,0
112575,0
112576,0
112577,14
112578,0
112579,0
112580,0
112581,14
112582,0
112583,13
112584,0
112585,15
112586,6
112587,0
112588,0
112589,0
112590,0
112591,0
112592,0
112593,0
112594,0
112595,0
112596,0
112597,0
112598,20
112599,16
112600,0
112601,0
112602,0
112603,0
112604,0
112605,0
112606,0
112607,17
112608,8
112609,0
112610,16
112611,0
112612,0
112613,0
112614,0
112615,0
112616,0
112617,0
112618,0
112619,0
112620,0
112621,0
112622,11
112623,0
112624,0
112625,0
112626,0
112627,0
112628,0
112629,0
112630,0
112631,0
112632,0
112633,0
112634,0
112635,0
112636,15
112637,0
112638,0
112639,18
112640,0
112641,0
112642,0
112643,0
112644,6
112645,0
112646,0
112647,0
112648,0
112649,0
112650,0
112651,0
112652,0
112653,0
112654,0
112655,0
112656,0
112657,0
112658,0
112659,15
112660,0
112661,0
112662,0
112663,0
112664,0
112665,0
112666,0
112667,0
112668,0
112669,0
112670,0
112671,0
112672,13
112673,0
112674,0
112675,0
112676,0
112677,14
112678,0
112679,0
112680,0
112681,0
112682,12
112683,0
112684,0
112685,0
112686,0
112687,0
112688,0
112689,0
112690,21
112691,27
112692,14
112693,0
112694,0
112695,0
112696,0
112697,0
112698,11
112699,0
112700,0
112701,7
112702,8
112703,0
112704,0
112705,0
112706,0
112707,0
112708,0
112709,0
112710,20
112711,0
112712,0
112713,0
112714,0
112715,0
112716,0
112717,0
112718,0
112719,0
112720,0
112721,0
112722,11
112723,0
112724,0
112725,0
112726,0
112727,0
112728,0
112729,0
112730,0
112731,0
112732,0
112733,9
112734,0
112735,17
112736,0
112737,0
112738,0
112739,0
112740,0
112741,0
112742,0
112743,0
112744,0
112745,0
112746,0
112747,17
112748,10
112749,0
112750,0
112751,0
112752,0
112753,0
112754,0
112755,0
112756,0
112757,0
112758,0
112759,18
112760,0
112761,0
112762,0
112763,0
112764,0
112765,0
112766,15
112767,0
112768,0
112769,0
112770,0
112771,0
112772,0
112773,0
112774,0
112775,15
112776,0
112777,0
112778,0
112779,12
112780,0
112781,11
112782,0
112783,0
112784,0
112785,0
112786,0
112787,0
112788,0
112789,0
112790,16
112791,0
112792,0
112793,0
112794,0
112795,0
112796,0
112797,0
112798,11
112799,0
112800,0
112801,8
112802,14
112803,0
112804,7
112805,0
112806,0
112807,20
112808,17
112809,21
112810,0
112811,0
112812,0
112813,0
112814,15
112815,0
112816,0
112817,0
112818,0
112819,0
112820,0
112821,0
112822,0
112823,0
112824,10
112825,0
112826,0
112827,0
112828,14
112829,0
112830,0
112831,0
112832,0
112833,0
112834,12
112835,0
112836,8
112837,0
112838,19
112839,17
112840,0
112841,0
112842,0
112843,0
112844,0
112845,0
112846,10
112847,0
112848,11
112849,0
112850,0
112851,24
112852,0
112853,0
112854,0
112855,22
112856,0
112857,0
112858,0
112859,0
112860,0
112861,0
112862,0
112863,0
112864,0
112865,0
112866,0
112867,0
112868,16
112869,0
112870,0
112871,0
112872,0
112873,0
112874,0
112875,0
112876,0
112877,0
112878,0
112879,0
112880,0
112881,0
112882,12
112883,0
112884,0
112885,0
112886,0
112887,0
112888,0
112889,12
112890,23
112891,21
112892,13
112893,0
112894,0
112895,0
112896,15
112897,0
112898,0
112899,0
112900,0
112901,0
112902,0
112903,0
112904,0
112905,14
112906,0
112907,0
112908,0
112909,0
112910,0
112911,0
112912,0
112913,0
112914,0
112915,0
112916,0
112917,0
112918,0
112919,0
112920,14
112921,0
112922,0
112923,0
112924,9
112925,0
112926,21
112927,0
112928,0
112929,0
112930,0
112931,0
112932,0
112933,0
112934,14
112935,17
112936,0
112937,0
112938,9
112939,0
112940,0
112941,0
112942,0
112943,0
112944,0
112945,0
112946,0
112947,17
112948,0
112949,0
112950,0
112951,0
112952,0
112953,0
112954,0
112955,0
112956,9
112957,0
112958,12
112959,0
112960,10
112961,0
112962,0
112963,0
112964,0
112965,0
112966,0
112967,15
112968,11
112969,0
112970,15
112971,12
112972,17
112973,11
112974,12
112975,0
112976,0
112977,0
112978,0
112979,13
112980,12
112981,0
112982,0
112983,0
112984,0
112985,0
112986,0
112987,0
112988,0
112989,0
112990,0
112991,0
112992,0
112993,0
112994,0
112995,0
112996,0
112997,0
112998,0
112999,4
113000,0
113001,0
113002,0
113003,0
113004,0
113005,0
113006,0
113007,0
113008,0
113009,0
113010,0
113011,0
113012,0
113013,0
113014,0
113015,16
113016,0
113017,0
113018,0
113019,0
113020,0
113021,0
113022,0
113023,0
113024,0
113025,7
113026,0
113027,0
113028,0
113029,0
113030,0
113031,18
113032,0
113033,0
113034,0
113035,0
113036,13
113037,0
113038,0
113039,0
113040,0
113041,24
113042,0
113043,7
113044,0
113045,0
113046,0
113047,0
113048,0
113049,0
113050,0
113051,0
113052,0
113053,0
113054,0
113055,0
113056,7
113057,0
113058,11
113059,0
113060,0
113061,0
113062,0
113063,16
113064,0
113065,0
113066,0
113067,0
113068,0
113069,0
113070,0
113071,0
113072,0
113073,0
113074,0
113075,0
113076,0
113077,0
113078,0
113079,15
113080,0
113081,0
113082,0
113083,0
113084,0
113085,0
113086,0
113087,0
113088,0
113089,0
113090,0
113091,0
113092,0
113093,0
113094,0
113095,10
113096,0
113097,13
113098,0
113099,0
113100,0
113101,14
113102,0
113103,0
113104,0
113105,0
113106,0
113107,0
113108,0
113109,0
113110,0
113111,0
113112,0
113113,15
113114,0
113115,0
113116,0
113117,0
113118,0
113119,0
113120,10
113121,21
113122,0
113123,0
113124,10
113125,0
113126,0
113127,0
113128,0
113129,0
113130,0
113131,0
113132,0
113133,18
113134,11
113135,0
113136,0
113137,0
113138,0
113139,0
113140,0
113141,0
113142,0
113143,0
113144,0
113145,0
113146,16
113147,0
113148,14
113149,0
113150,0
113151,0
113152,0
113153,0
113154,0
113155,0
113156,0
113157,0
113158,0
113159,0
113160,18
113161,0
113162,0
113163,0
113164,0
113165,0
113166,0
113167,12
113168,0
113169,0
113170,0
113171,0
113172,0
113173,0
113174,0
113175,0
113176,0
113177,0
113178,0
113179,0
113180,11
113181,0
113182,0
113183,0
113184,0
113185,0
113186,0
113187,0
113188,0
113189,0
113190,16
113191,0
113192,0
113193,0
113194,0
113195,0
113196,0
113197,0
113198,16
113199,0
113200,0
113201,6
113202,15
113203,0
113204,0
113205,0
113206,11
113207,0
113208,0
113209,0
113210,19
113211,14
113212,0
113213,10
113214,0
113215,15
113216,0
113217,0
113218,0
113219,0
113220,0
113221,0
113222,19
113223,0
113224,0
113225,0
113226,12
113227,0
113228,0
113229,0
113230,0
113231,0
113232,0
113233,0
113234,0
113235,0
113236,0
113237,0
113238,0
113239,0
113240,0
113241,0
113242,0
113243,0
113244,0
113245,0
113246,0
113247,6
113248,0
113249,0
113250,0
113251,9
113252,0
113253,0
113254,12
113255,0
113256,0
113257,0
113258,0
113259,16
113260,0
113261,7
113262,0
113263,0
113264,7
113265,0
113266,0
113267,21
113268,0
113269,0
113270,0
113271,6
113272,0
113273,0
113274,0
113275,0
113276,0
113277,0
113278,0
113279,9
113280,10
113281,0
113282,0
113283,0
113284,0
113285,13
113286,0
113287,0
113288,0
113289,9
113290,0
113291,0
113292,9
113293,0
113294,0
113295,16
113296,0
113297,0
113298,0
113299,15
113300,0
113301,0
113302,0
113303,0
113304,0
113305,0
113306,0
113307,0
113308,0
113309,0
113310,0
113311,0
113312,0
113313,0
113314,0
113315,0
113316,0
113317,0
113318,0
113319,0
113320,0
113321,0
113322,0
113323,0
113324,0
113325,0
113326,0
113327,8
113328,0
113329,0
113330,0
113331,0
113332,0
113333,0
113334,0
113335,0
113336,0
113337,0
113338,0
113339,0
113340,0
113341,0
113342,0
113343,0
113344,0
113345,0
113346,0
113347,0
113348,9
113349,0
113350,0
113351,0
113352,0
113353,0
113354,0
113355,0
113356,0
113357,0
113358,0
113359,0
113360,0
113361,0
113362,0
113363,0
113364,0
113365,0
113366,0
113367,0
113368,0
113369,0
113370,0
113371,0
113372,0
113373,0
113374,0
113375,0
113376,0
113377,0
113378,0
113379,3
113380,0
113381,0
113382,0
113383,0
113384,0
113385,8
113386,0
113387,0
113388,0
113389,0
113390,0
113391,0
113392,0
113393,0
113394,0
113395,0
113396,0
113397,0
113398,0
113399,0
113400,0
113401,3
113402,11
113403,0
113404,10
113405,8
113406,0
113407,0
113408,11
113409,11
113410,0
113411,0
113412,0
113413,0
113414,0
113415,0
113416,0
113417,0
113418,0
113419,0
113420,0
113421,0
113422,0
113423,0
113424,0
113425,0
113426,10
113427,0
113428,0
113429,0
113430,6
113431,0
113432,0
113433,0
113434,0
113435,0
113436,7
113437,0
113438,0
113439,0
113440,0
113441,0
113442,0
113443,0
113444,0
113445,0
113446,0
113447,0
113448,0
113449,0
113450,0
113451,0
113452,0
113453,0
113454,0
113455,0
113456,0
113457,0
113458,0
113459,0
113460,0
113461,0
113462,0
113463,0
113464,0
113465,0
113466,0
113467,0
113468,0
113469,0
113470,0
113471,0
113472,0
113473,0
113474,0
113475,0
113476,0
113477,0
113478,0
113479,0
113480,0
113481,7
113482,0
113483,0
113484,0
113485,0
113486,10
113487,0
113488,0
113489,0
113490,0
113491,0
113492,3
113493,0
113494,0
113495,0
113496,0
113497,0
113498,6
113499,0
113500,0
113501,0
113502,0
113503,0
113504,0
113505,0
113506,0
113507,5
113508,0
113509,0
113510,0
113511,0
113512,0
113513,0
113514,0
113515,0
113516,0
113517,0
113518,0
113519,0
113520,0
113521,0
113522,0
113523,0
113524,6
113525,0
113526,0
113527,0
113528,0
113529,0
113530,0
113531,0
113532,0
113533,11
113534,0
113535,0
113536,0
113537,0
113538,0
113539,0
113540,0
113541,0
113542,0
113543,0
113544,0
113545,0
113546,0
113547,0
113548,0
113549,0
113550,0
113551,0
113552,0
113553,0
113554,0
113555,0
113556,6
113557,0
113558,0
113559,0
113560,0
113561,0
113562,0
113563,0
113564,0
113565,0
113566,0
113567,0
113568,0
113569,4
113570,0
113571,0
113572,0
113573,0
113574,0
113575,0
113576,0
113577,0
113578,0
113579,0
113580,4
113581,0
113582,7
113583,0
113584,0
113585,0
113586,0
113587,12
113588,0
113589,0
113590,0
113591,0
113592,9
113593,0
113594,0
113595,0
113596,0
113597,0
113598,0
113599,0
113600,0
113601,0
113602,0
113603,0
113604,6
113605,0
113606,0
113607,0
113608,0
113609,0
113610,0
113611,0
113612,0
113613,0
113614,0
113615,0
113616,0
113617,0
113618,0
113619,0
113620,0
113621,0
113622,0
113623,0
113624,0
113625,7
113626,0
113627,5
113628,0
113629,0
113630,0
113631,0
113632,0
113633,0
113634,0
113635,0
113636,0
113637,0
113638,8
113639,0
113640,0
113641,0
113642,0
113643,0
113644,0
113645,0
113646,0
113647,0
113648,0
113649,0
113650,0
113651,0
113652,0
113653,0
113654,0
113655,0
113656,0
113657,0
113658,0
113659,0
113660,0
113661,0
113662,0
113663,0
113664,0
113665,0
113666,0
113667,0
113668,0
113669,0
113670,0
113671,0
113672,0
113673,0
113674,0
113675,0
113676,0
113677,0
113678,0
113679,0
113680,0
113681,0
113682,0
113683,0
113684,0
113685,0
113686,0
113687,0
113688,0
113689,0
113690,0
113691,0
113692,11
113693,0
113694,0
113695,0
113696,0
113697,0
113698,0
113699,0
113700,0
113701,0
113702,0
113703,0
113704,0
113705,0
113706,0
113707,0
113708,0
113709,15
113710,0
113711,0
113712,0
113713,0
113714,0
113715,0
113716,0
113717,0
113718,0
113719,0
113720,0
113721,4
113722,0
113723,0
113724,0
113725,0
113726,0
113727,0
113728,0
113729,0
113730,0
113731,0
113732,0
113733,0
113734,0
113735,0
113736,0
113737,0
113738,0
113739,0
113740,0
113741,0
113742,0
113743,0
113744,0
113745,0
113746,0
113747,6
113748,0
113749,0
113750,0
113751,0
113752,0
113753,7
113754,9
113755,0
113756,0
113757,0
113758,0
113759,0
113760,0
113761,0
113762,0
113763,0
113764,0
113765,0
113766,0
113767,0
113768,0
113769,0
113770,0
113771,0
113772,0
113773,0
113774,0
113775,0
113776,0
113777,0
113778,0
113779,6
113780,6
113781,0
113782,0
113783,0
113784,0
113785,0
113786,0
113787,0
113788,0
113789,0
113790,0
113791,0
113792,0
113793,0
113794,0
113795,0
113796,0
113797,0
113798,0
113799,0
113800,0
113801,0
113802,0
113803,0
113804,0
113805,0
113806,0
113807,0
113808,0
113809,0
113810,0
113811,0
113812,0
113813,0
113814,9
113815,0
113816,0
113817,0
113818,0
113819,0
113820,0
113821,0
113822,0
113823,0
113824,0
113825,0
113826,0
113827,0
113828,0
113829,0
113830,3
113831,0
113832,0
113833,0
113834,0
113835,0
113836,0
113837,0
113838,0
113839,0
113840,0
113841,0
113842,0
113843,0
113844,0
113845,0
113846,0
113847,0
113848,0
113849,0
113850,0
113851,0
113852,0
113853,0
113854,0
113855,0
113856,0
113857,0
113858,0
113859,0
113860,0
113861,0
113862,0
113863,0
113864,0
113865,0
113866,0
113867,0
113868,0
113869,0
113870,0
113871,0
113872,0
113873,0
113874,0
113875,0
113876,0
113877,9
113878,0
113879,0
113880,0
113881,0
113882,0
113883,0
113884,0
113885,0
113886,0
113887,0
113888,0
113889,0
113890,0
113891,0
113892,0
113893,7
113894,0
113895,0
113896,0
113897,0
113898,0
113899,0
113900,0
113901,0
113902,0
113903,0
113904,0
113905,0
113906,0
113907,0
113908,0
113909,0
113910,0
113911,0
113912,0
113913,0
113914,0
113915,0
113916,0
113917,0
113918,0
113919,0
113920,0
113921,0
113922,0
113923,0
113924,0
113925,0
113926,0
113927,0
113928,8
113929,13
113930,0
113931,0
113932,0
113933,0
113934,0
113935,0
113936,0
113937,0
113938,7
113939,0
113940,0
113941,0
113942,0
113943,0
113944,0
113945,0
113946,0
113947,0
113948,0
113949,0
113950,0
113951,0
113952,0
113953,0
113954,0
113955,0
113956,0
113957,0
113958,8
113959,0
113960,0
113961,0
113962,0
113963,0
113964,0
113965,0
113966,7
113967,0
113968,0
113969,0
113970,0
113971,0
113972,0
113973,0
113974,0
113975,0
113976,0
113977,0
113978,0
113979,5
113980,0
113981,0
113982,0
113983,0
113984,0
113985,9
113986,0
113987,0
113988,0
113989,0
113990,0
113991,0
113992,0
113993,0
113994,0
113995,5
113996,0
113997,0
113998,0
113999,0
114000,0
114001,0
114002,0
114003,0
114004,0
114005,0
114006,0
114007,0
114008,0
114009,0
114010,0
114011,0
114012,0
114013,0
114014,0
114015,0
114016,0
114017,0
114018,0
114019,0
114020,0
114021,0
114022,0
114023,0
114024,0
114025,0
114026,0
114027,0
114028,0
114029,0
114030,0
114031,0
114032,0
114033,0
114034,0
114035,0
114036,1
114037,0
114038,0
114039,0
114040,0
114041,0
114042,0
114043,0
114044,0
114045,0
114046,0
114047,0
114048,0
114049,0
114050,3
114051,12
114052,0
114053,0
114054,0
114055,0
114056,0
114057,0
114058,0
114059,0
114060,0
114061,0
114062,0
114063,0
114064,0
114065,0
114066,0
114067,0
114068,0
114069,0
114070,0
114071,0
114072,0
114073,0
114074,0
114075,0
114076,0
114077,0
114078,0
114079,7
114080,0
114081,0
114082,0
114083,0
114084,0
114085,0
114086,0
114087,8
114088,0
114089,0
114090,0
114091,0
114092,0
114093,0
114094,0
114095,0
114096,0
114097,10
114098,0
114099,0
114100,0
114101,12
114102,0
114103,4
114104,0
114105,0
114106,0
114107,0
114108,0
114109,0
114110,0
114111,0
114112,0
114113,0
114114,0
114115,0
114116,0
114117,0
114118,0
114119,0
114120,6
114121,0
114122,0
114123,0
114124,0
114125,0
114126,0
114127,0
114128,0
114129,11
114130,0
114131,0
114132,0
114133,0
114134,0
114135,0
114136,0
114137,0
114138,0
114139,12
114140,0
114141,0
114142,0
114143,0
114144,0
114145,0
114146,0
114147,0
114148,0
114149,0
114150,0
114151,0
114152,0
114153,0
114154,0
114155,0
114156,0
114157,4
114158,0
114159,9
114160,0
114161,0
114162,0
114163,0
114164,0
114165,4
114166,0
114167,0
114168,24
114169,0
114170,0
114171,18
114172,0
114173,0
114174,13
114175,16
114176,0
114177,0
114178,0
114179,0
114180,12
114181,0
114182,0
114183,0
114184,0
114185,0
114186,0
114187,0
114188,26
114189,0
114190,0
114191,0
114192,0
114193,0
114194,0
114195,0
114196,0
114197,0
114198,15
114199,0
114200,0
114201,15
114202,0
114203,0
114204,0
114205,0
114206,0
114207,0
114208,0
114209,8
114210,0
114211,0
114212,0
114213,0
114214,17
114215,0
114216,12
114217,0
114218,0
114219,18
114220,0
114221,0
114222,0
114223,0
114224,0
114225,28
114226,0
114227,0
114228,0
114229,0
114230,0
114231,0
114232,16
114233,0
114234,0
114235,0
114236,14
114237,0
114238,0
114239,0
114240,0
114241,0
114242,0
114243,0
114244,0
114245,9
114246,0
114247,0
114248,0
114249,0
114250,0
114251,0
114252,0
114253,0
114254,0
114255,0
114256,9
114257,0
114258,0
114259,0
114260,0
114261,0
114262,0
114263,0
114264,0
114265,0
114266,0
114267,20
114268,0
114269,0
114270,0
114271,0
114272,0
114273,0
114274,0
114275,0
114276,0
114277,0
114278,0
114279,0
114280,0
114281,0
114282,0
114283,0
114284,0
114285,0
114286,0
114287,0
114288,0
114289,0
114290,0
114291,0
114292,0
114293,18
114294,0
114295,0
114296,0
114297,0
114298,0
114299,0
114300,0
114301,0
114302,0
114303,0
114304,0
114305,0
114306,10
114307,0
114308,18
114309,0
114310,0
114311,0
114312,0
114313,0
114314,0
114315,0
114316,0
114317,0
114318,19
114319,0
114320,0
114321,0
114322,0
114323,0
114324,0
114325,11
114326,0
114327,0
114328,10
114329,0
114330,0
114331,0
114332,0
114333,24
114334,0
114335,0
114336,0
114337,22
114338,0
114339,0
114340,0
114341,0
114342,19
114343,0
114344,0
114345,0
114346,0
114347,0
114348,0
114349,0
114350,0
114351,0
114352,0
114353,0
114354,0
114355,0
114356,0
114357,0
114358,0
114359,0
114360,0
114361,0
114362,0
114363,0
114364,0
114365,0
114366,0
114367,17
114368,0
114369,0
114370,0
114371,14
114372,0
114373,0
114374,0
114375,0
114376,0
114377,0
114378,12
114379,0
114380,0
114381,20
114382,0
114383,19
114384,0
114385,0
114386,0
114387,17
114388,12
114389,0
114390,0
114391,0
114392,0
114393,0
114394,0
114395,9
114396,0
114397,0
114398,0
114399,0
114400,0
114401,0
114402,0
114403,0
114404,0
114405,0
114406,0
114407,0
114408,0
114409,0
114410,0
114411,0
114412,0
114413,0
114414,19
114415,0
114416,0
114417,0
114418,0
114419,0
114420,0
114421,0
114422,0
114423,0
114424,0
114425,0
114426,0
114427,0
114428,0
114429,23
114430,0
114431,0
114432,0
114433,22
114434,10
114435,0
114436,0
114437,0
114438,0
114439,22
114440,0
114441,0
114442,0
114443,9
114444,0
114445,0
114446,0
114447,0
114448,0
114449,0
114450,13
114451,0
114452,0
114453,0
114454,0
114455,0
114456,0
114457,0
114458,0
114459,23
114460,0
114461,0
114462,21
114463,0
114464,19
114465,0
114466,19
114467,26
114468,16
114469,0
114470,0
114471,0
114472,0
114473,0
114474,0
114475,0
114476,0
114477,0
114478,0
114479,0
114480,21
114481,0
114482,0
114483,0
114484,0
114485,0
114486,0
114487,0
114488,0
114489,0
114490,0
114491,0
114492,0
114493,18
114494,18
114495,12
114496,0
114497,0
114498,0
114499,0
114500,0
114501,0
114502,0
114503,0
114504,20
114505,0
114506,0
114507,0
114508,24
114509,0
114510,0
114511,0
114512,0
114513,20
114514,0
114515,19
114516,0
114517,0
114518,0
114519,0
114520,18
114521,0
114522,23
114523,0
114524,0
114525,0
114526,0
114527,0
114528,0
114529,0
114530,0
114531,0
114532,0
114533,0
114534,0
114535,0
114536,0
114537,0
114538,0
114539,0
114540,9
114541,0
114542,0
114543,0
114544,0
114545,0
114546,0
114547,0
114548,0
114549,0
114550,18
114551,0
114552,0
114553,0
114554,0
114555,0
114556,0
114557,0
114558,0
114559,0
114560,0
114561,0
114562,0
114563,0
114564,0
114565,0
114566,22
114567,12
114568,0
114569,0
114570,0
114571,0
114572,0
114573,0
114574,0
114575,22
114576,0
114577,0
114578,0
114579,0
114580,0
114581,0
114582,0
114583,17
114584,0
114585,0
114586,0
114587,22
114588,0
114589,0
114590,0
114591,0
114592,0
114593,0
114594,18
114595,0
114596,0
114597,0
114598,0
114599,0
114600,0
114601,0
114602,0
114603,0
114604,0
114605,0
114606,14
114607,0
114608,0
114609,0
114610,0
114611,0
114612,0
114613,0
114614,0
114615,16
114616,15
114617,0
114618,0
114619,0
114620,10
114621,0
114622,0
114623,0
114624,16
114625,0
114626,12
114627,0
114628,0
114629,0
114630,0
114631,0
114632,14
114633,0
114634,19
114635,0
114636,0
114637,0
114638,0
114639,0
114640,0
114641,0
114642,16
114643,0
114644,0
114645,0
114646,0
114647,0
114648,0
114649,0
114650,0
114651,0
114652,0
114653,0
114654,0
114655,0
114656,0
114657,0
114658,0
114659,0
114660,0
114661,10
114662,0
114663,0
114664,0
114665,0
114666,0
114667,0
114668,0
114669,0
114670,0
114671,0
114672,0
114673,0
114674,0
114675,0
114676,0
114677,7
114678,0
114679,11
114680,0
114681,0
114682,0
114683,0
114684,0
114685,6
114686,0
114687,0
114688,0
114689,0
114690,0
114691,0
114692,0
114693,0
114694,0
114695,0
114696,0
114697,0
114698,0
114699,0
114700,0
114701,0
114702,11
114703,0
114704,11
114705,0
114706,0
114707,0
114708,0
114709,0
114710,0
114711,0
114712,0
114713,5
114714,0
114715,0
114716,0
114717,0
114718,1
114719,0
114720,4
114721,9
114722,0
114723,0
114724,0
114725,0
114726,0
114727,0
114728,0
114729,0
114730,0
114731,0
114732,11
114733,3
114734,0
114735,0
114736,0
114737,0
114738,0
114739,0
114740,0
114741,0
114742,0
114743,0
114744,0
114745,0
114746,0
114747,0
114748,0
114749,0
114750,4
114751,0
114752,0
114753,0
114754,0
114755,9
114756,0
114757,0
114758,6
114759,0
114760,0
114761,0
114762,0
114763,0
114764,7
114765,0
114766,0
114767,0
114768,5
114769,0
114770,0
114771,5
114772,12
114773,0
114774,0
114775,0
114776,0
114777,6
114778,0
114779,8
114780,0
114781,0
114782,0
114783,0
114784,0
114785,0
114786,5
114787,9
114788,9
114789,0
114790,15
114791,0
114792,0
114793,0
114794,0
114795,0
114796,0
114797,0
114798,0
114799,8
114800,0
114801,0
114802,0
114803,0
114804,0
114805,4
114806,0
114807,0
114808,6
114809,0
114810,0
114811,0
114812,0
114813,0
114814,0
114815,0
114816,0
114817,0
114818,0
114819,0
114820,0
114821,0
114822,0
114823,0
114824,0
114825,0
114826,0
114827,6
114828,0
114829,0
114830,0
114831,0
114832,0
114833,8
114834,0
114835,0
114836,0
114837,0
114838,0
114839,7
114840,0
114841,0
114842,0
114843,0
114844,0
114845,9
114846,13
114847,0
114848,0
114849,0
114850,5
114851,0
114852,0
114853,0
114854,0
114855,0
114856,11
114857,0
114858,0
114859,0
114860,0
114861,0
114862,0
114863,0
114864,0
114865,0
114866,0
114867,0
114868,0
114869,0
114870,0
114871,8
114872,0
114873,0
114874,0
114875,0
114876,0
114877,0
114878,0
114879,0
114880,0
114881,0
114882,0
114883,0
114884,0
114885,0
114886,0
114887,0
114888,0
114889,0
114890,0
114891,0
114892,0
114893,0
114894,0
114895,0
114896,0
114897,10
114898,0
114899,0
114900,0
114901,0
114902,0
114903,0
114904,0
114905,0
114906,0
114907,0
114908,0
114909,0
114910,0
114911,0
114912,0
114913,0
114914,0
114915,0
114916,0
114917,0
114918,0
114919,0
114920,0
114921,0
114922,0
114923,0
114924,0
114925,0
114926,0
114927,0
114928,0
114929,0
114930,0
114931,0
114932,0
114933,0
114934,0
114935,0
114936,0
114937,0
114938,15
114939,2
114940,4
114941,0
114942,0
114943,0
114944,0
114945,6
114946,0
114947,0
114948,0
114949,0
114950,0
114951,0
114952,0
114953,0
114954,0
114955,0
114956,0
114957,0
114958,0
114959,0
114960,0
114961,0
114962,0
114963,0
114964,0
114965,0
114966,5
114967,0
114968,0
114969,0
114970,0
114971,0
114972,0
114973,0
114974,0
114975,0
114976,0
114977,0
114978,0
114979,0
114980,0
114981,0
114982,0
114983,0
114984,0
114985,0
114986,9
114987,0
114988,0
114989,5
114990,0
114991,0
114992,0
114993,0
114994,0
114995,0
114996,0
114997,0
114998,0
114999,0
115000,0
115001,0
115002,0
115003,0
115004,0
115005,0
115006,0
115007,0
115008,0
115009,0
115010,0
115011,0
115012,0
115013,0
115014,0
115015,0
115016,0
115017,0
115018,0
115019,0
115020,0
115021,0
115022,0
115023,0
115024,0
115025,0
115026,0
115027,0
115028,0
115029,0
115030,0
115031,0
115032,0
115033,0
115034,0
115035,18
115036,0
115037,0
115038,0
115039,34
115040,0
115041,0
115042,32
115043,0
115044,43
115045,0
115046,0
115047,0
115048,0
115049,0
115050,0
115051,0
115052,0
115053,0
115054,0
115055,0
115056,0
115057,41
115058,0
115059,0
115060,0
115061,0
115062,33
115063,0
115064,0
115065,0
115066,0
115067,0
115068,0
115069,0
115070,0
115071,0
115072,0
115073,0
115074,0
115075,0
115076,0
115077,0
115078,0
115079,32
115080,0
115081,0
115082,0
115083,0
115084,0
115085,0
115086,28
115087,0
115088,30
115089,0
115090,0
115091,0
115092,0
115093,0
115094,0
115095,0
115096,0
115097,0
115098,0
115099,0
115100,41
115101,0
115102,0
115103,0
115104,0
115105,0
115106,0
115107,0
115108,0
115109,0
115110,0
115111,0
115112,46
115113,0
115114,0
115115,0
115116,35
115117,0
115118,0
115119,0
115120,0
115121,0
115122,0
115123,0
115124,0
115125,0
115126,35
115127,0
115128,0
115129,0
115130,0
115131,0
115132,0
115133,0
115134,0
115135,0
115136,0
115137,0
115138,0
115139,0
115140,0
115141,0
115142,0
115143,0
115144,0
115145,0
115146,51
115147,0
115148,0
115149,0
115150,0
115151,0
115152,0
115153,0
115154,0
115155,34
115156,0
115157,0
115158,33
115159,46
115160,0
115161,0
115162,30
115163,0
115164,0
115165,0
115166,0
115167,0
115168,0
115169,0
115170,0
115171,0
115172,0
115173,28
115174,0
115175,0
115176,0
115177,37
115178,0
115179,0
115180,31
115181,33
115182,0
115183,0
115184,0
115185,28
115186,0
115187,0
115188,0
115189,0
115190,0
115191,0
115192,28
115193,0
115194,33
115195,0
115196,0
115197,0
115198,0
115199,0
115200,0
115201,0
115202,0
115203,0
115204,0
115205,0
115206,0
115207,0
115208,0
115209,0
115210,28
115211,0
115212,24
115213,0
115214,0
115215,0
115216,0
115217,0
115218,0
115219,0
115220,0
115221,0
115222,0
115223,0
115224,0
115225,0
115226,0
115227,0
115228,0
115229,0
115230,0
115231,0
115232,0
115233,0
115234,0
115235,0
115236,0
115237,0
115238,0
115239,0
115240,27
115241,0
115242,54
115243,0
115244,0
115245,28
115246,0
115247,0
115248,0
115249,33
115250,0
115251,0
115252,0
115253,37
115254,0
115255,0
115256,0
115257,27
115258,0
115259,0
115260,0
115261,0
115262,0
115263,32
115264,0
115265,0
115266,0
115267,0
115268,0
115269,0
115270,0
115271,0
115272,0
115273,0
115274,0
115275,0
115276,0
115277,0
115278,0
115279,0
115280,0
115281,0
115282,0
115283,39
115284,0
115285,0
115286,0
115287,0
115288,0
115289,0
115290,0
115291,0
115292,0
115293,0
115294,0
115295,0
115296,0
115297,0
115298,0
115299,0
115300,0
115301,0
115302,30
115303,0
115304,0
115305,0
115306,18
115307,30
115308,0
115309,0
115310,38
115311,0
115312,0
115313,0
115314,0
115315,0
115316,0
115317,0
115318,41
115319,0
115320,0
115321,0
115322,28
115323,0
115324,0
115325,0
115326,0
115327,0
115328,35
115329,0
115330,0
115331,0
115332,0
115333,0
115334,0
115335,0
115336,0
115337,0
115338,0
115339,0
115340,0
115341,0
115342,26
115343,0
115344,0
115345,0
115346,0
115347,0
115348,0
115349,0
115350,0
115351,0
115352,0
115353,0
115354,25
115355,0
115356,0
115357,0
115358,0
115359,0
115360,0
115361,0
115362,0
115363,0
115364,0
115365,0
115366,0
115367,0
115368,0
115369,0
115370,0
115371,0
115372,0
115373,0
115374,0
115375,0
115376,34
115377,0
115378,0
115379,0
115380,0
115381,0
115382,0
115383,0
115384,0
115385,0
115386,0
115387,0
115388,0
115389,0
115390,0
115391,0
115392,0
115393,0
115394,0
115395,0
115396,32
115397,0
115398,0
115399,0
115400,22
115401,0
115402,0
115403,0
115404,0
115405,0
115406,0
115407,0
115408,0
115409,0
115410,49
115411,0
115412,0
115413,0
115414,0
115415,29
115416,0
115417,0
115418,0
115419,0
115420,0
115421,0
115422,0
115423,0
115424,0
115425,0
115426,0
115427,0
115428,0
115429,0
115430,0
115431,0
115432,36
115433,0
115434,0
115435,0
115436,0
115437,0
115438,0
115439,0
115440,0
115441,0
115442,0
115443,0
115444,0
115445,0
115446,0
115447,0
115448,38
115449,20
115450,0
115451,30
115452,40
115453,0
115454,0
115455,0
115456,0
115457,33
115458,0
115459,45
115460,0
115461,0
115462,0
115463,40
115464,0
115465,0
115466,0
115467,30
115468,31
115469,0
115470,0
115471,0
115472,0
115473,0
115474,0
115475,0
115476,0
115477,0
115478,0
115479,29
115480,24
115481,0
115482,39
115483,0
115484,0
115485,0
115486,31
115487,0
115488,0
115489,0
115490,0
115491,0
115492,0
115493,0
115494,0
115495,0
115496,0
115497,0
115498,0
115499,0
115500,38
115501,0
115502,0
115503,42
115504,0
115505,0
115506,0
115507,37
115508,0
115509,33
115510,0
115511,0
115512,0
115513,0
115514,0
115515,0
115516,0
115517,0
115518,0
115519,0
115520,0
115521,0
115522,0
115523,0
115524,46
115525,0
115526,0
115527,0
115528,0
115529,62
115530,0
115531,0
115532,0
115533,0
115534,0
115535,0
115536,0
115537,0
115538,0
115539,0
115540,35
115541,0
115542,30
115543,0
115544,0
115545,0
115546,0
115547,0
115548,0
115549,0
115550,0
115551,0
115552,0
115553,0
115554,0
115555,0
115556,0
115557,39
115558,0
115559,0
115560,33
115561,0
115562,0
115563,0
115564,0
115565,0
115566,0
115567,0
115568,0
115569,0
115570,0
115571,0
115572,0
115573,27
115574,0
115575,0
115576,0
115577,0
115578,0
115579,0
115580,0
115581,0
115582,0
115583,0
115584,0
115585,0
115586,0
115587,0
115588,0
115589,36
115590,0
115591,38
115592,0
115593,0
115594,0
115595,0
115596,0
115597,0
115598,0
115599,0
115600,37
115601,42
115602,0
115603,0
115604,0
115605,0
115606,0
115607,0
115608,0
115609,0
115610,27
115611,0
115612,0
115613,0
115614,0
115615,0
115616,0
115617,0
115618,0
115619,0
115620,0
115621,0
115622,0
115623,0
115624,0
115625,0
115626,0
115627,0
115628,0
115629,0
115630,0
115631,0
115632,0
115633,0
115634,0
115635,0
115636,18
115637,0
115638,0
115639,0
115640,32
115641,0
115642,0
115643,0
115644,0
115645,0
115646,0
115647,0
115648,0
115649,52
115650,0
115651,0
115652,0
115653,0
115654,0
115655,0
115656,29
115657,0
115658,0
115659,0
115660,0
115661,41
115662,0
115663,0
115664,0
115665,48
115666,0
115667,0
115668,0
115669,25
115670,0
115671,0
115672,0
115673,0
115674,0
115675,0
115676,0
115677,0
115678,0
115679,0
115680,44
115681,0
115682,0
115683,0
115684,33
115685,0
115686,0
115687,34
115688,36
115689,0
115690,0
115691,0
115692,0
115693,0
115694,0
115695,0
115696,0
115697,0
115698,0
115699,0
115700,0
115701,0
115702,0
115703,0
115704,22
115705,0
115706,0
115707,0
115708,0
115709,0
115710,0
115711,0
115712,0
115713,0
115714,0
115715,0
115716,0
115717,0
115718,0
115719,0
115720,0
115721,0
115722,0
115723,0
115724,28
115725,0
115726,0
115727,50
115728,0
115729,0
115730,0
115731,0
115732,0
115733,0
115734,0
115735,0
115736,0
115737,0
115738,0
115739,36
115740,0
115741,0
115742,0
115743,0
115744,0
115745,0
115746,0
115747,0
115748,0
115749,0
115750,0
115751,0
115752,0
115753,0
115754,0
115755,34
115756,0
115757,0
115758,0
115759,0
115760,0
115761,0
115762,0
115763,0
115764,0
115765,0
115766,0
115767,0
115768,0
115769,0
115770,38
115771,0
115772,0
115773,0
115774,0
115775,0
115776,0
115777,0
115778,0
115779,0
115780,0
115781,0
115782,0
115783,34
115784,0
115785,0
115786,0
115787,0
115788,0
115789,0
115790,0
115791,0
115792,39
115793,56
115794,0
115795,0
115796,0
115797,0
115798,0
115799,0
115800,0
115801,0
115802,0
115803,43
115804,0
115805,0
115806,0
115807,0
115808,0
115809,0
115810,0
115811,0
115812,0
115813,0
115814,0
115815,27
115816,0
115817,0
115818,0
115819,0
115820,0
115821,0
115822,29
115823,0
115824,0
115825,0
115826,0
115827,0
115828,0
115829,0
115830,0
115831,0
115832,0
115833,0
115834,0
115835,0
115836,0
115837,0
115838,0
115839,0
115840,0
115841,0
115842,0
115843,0
115844,0
115845,0
115846,35
115847,0
115848,0
115849,0
115850,0
115851,0
115852,0
115853,0
115854,0
115855,0
115856,0
115857,0
115858,0
115859,0
115860,25
115861,0
115862,0
115863,0
115864,0
115865,0
115866,0
115867,43
115868,0
115869,0
115870,0
115871,0
115872,0
115873,0
115874,0
115875,0
115876,0
115877,21
115878,36
115879,0
115880,0
115881,0
115882,0
115883,0
115884,0
115885,0
115886,0
115887,0
115888,0
115889,0
115890,0
115891,0
115892,0
115893,32
115894,0
115895,0
115896,0
115897,0
115898,0
115899,0
115900,0
115901,22
115902,0
115903,0
115904,0
115905,0
115906,0
115907,0
115908,0
115909,0
115910,0
115911,52
115912,0
115913,48
115914,0
115915,0
115916,0
115917,0
115918,0
115919,0
115920,0
115921,0
115922,29
115923,0
115924,0
115925,0
115926,24
115927,0
115928,0
115929,32
115930,0
115931,0
115932,0
115933,0
115934,0
115935,0
115936,0
115937,0
115938,37
115939,0
115940,23
115941,0
115942,0
115943,0
115944,0
115945,0
115946,0
115947,0
115948,0
115949,0
115950,0
115951,0
115952,0
115953,0
115954,0
115955,38
115956,0
115957,0
115958,0
115959,0
115960,0
115961,0
115962,0
115963,37
115964,36
115965,0
115966,0
115967,0
115968,0
115969,29
115970,0
115971,0
115972,29
115973,30
115974,0
115975,0
115976,0
115977,0
115978,0
115979,0
115980,0
115981,0
115982,0
115983,18
115984,0
115985,0
115986,13
115987,0
115988,0
115989,0
115990,0
115991,15
115992,0
115993,9
115994,12
115995,0
115996,17
115997,0
115998,19
115999,0
116000,0
116001,8
116002,0
116003,0
116004,0
116005,15
116006,0
116007,0
116008,14
116009,13
116010,15
116011,0
116012,0
116013,0
116014,0
116015,0
116016,0
116017,0
116018,0
116019,0
116020,0
116021,0
116022,14
116023,0
116024,0
116025,0
116026,0
116027,13
116028,9
116029,0
116030,0
116031,10
116032,19
116033,0
116034,0
116035,0
116036,8
116037,0
116038,0
116039,0
116040,0
116041,0
116042,0
116043,0
116044,0
116045,0
116046,10
116047,0
116048,0
116049,0
116050,10
116051,9
116052,0
116053,0
116054,19
116055,0
116056,0
116057,0
116058,0
116059,0
116060,0
116061,10
116062,0
116063,0
116064,0
116065,0
116066,0
116067,0
116068,0
116069,23
116070,0
116071,22
116072,0
116073,0
116074,0
116075,0
116076,0
116077,0
116078,0
116079,0
116080,0
116081,0
116082,0
116083,0
116084,0
116085,16
116086,0
116087,0
116088,0
116089,0
116090,16
116091,0
116092,0
116093,0
116094,6
116095,0
116096,0
116097,0
116098,0
116099,0
116100,0
116101,0
116102,0
116103,0
116104,0
116105,0
116106,0
116107,0
116108,0
116109,0
116110,0
116111,0
116112,0
116113,0
116114,0
116115,0
116116,0
116117,0
116118,0
116119,0
116120,0
116121,7
116122,0
116123,16
116124,0
116125,11
116126,0
116127,0
116128,0
116129,0
116130,0
116131,0
116132,9
116133,0
116134,13
116135,0
116136,0
116137,0
116138,0
116139,0
116140,0
116141,0
116142,0
116143,0
116144,0
116145,0
116146,0
116147,0
116148,0
116149,0
116150,0
116151,0
116152,0
116153,0
116154,0
116155,0
116156,18
116157,0
116158,15
116159,0
116160,0
116161,0
116162,9
116163,13
116164,0
116165,0
116166,0
116167,0
116168,0
116169,0
116170,16
116171,0
116172,17
116173,0
116174,20
116175,0
116176,0
116177,18
116178,0
116179,0
116180,0
116181,0
116182,28
116183,18
116184,0
116185,0
116186,0
116187,0
116188,19
116189,12
116190,21
116191,0
116192,0
116193,0
116194,0
116195,0
116196,0
116197,12
116198,0
116199,0
116200,0
116201,0
116202,0
116203,0
116204,0
116205,0
116206,0
116207,0
116208,0
116209,0
116210,0
116211,0
116212,0
116213,0
116214,0
116215,0
116216,0
116217,0
116218,0
116219,0
116220,7
116221,0
116222,6
116223,0
116224,14
116225,0
116226,0
116227,0
116228,0
116229,0
116230,0
116231,0
116232,0
116233,0
116234,0
116235,0
116236,0
116237,0
116238,11
116239,0
116240,0
116241,0
116242,0
116243,17
116244,0
116245,0
116246,0
116247,0
116248,0
116249,0
116250,0
116251,0
116252,0
116253,0
116254,0
116255,0
116256,15
116257,0
116258,0
116259,0
116260,0
116261,0
116262,0
116263,0
116264,0
116265,0
116266,0
116267,0
116268,0
116269,13
116270,0
116271,10
116272,0
116273,0
116274,0
116275,0
116276,0
116277,0
116278,0
116279,0
116280,0
116281,0
116282,0
116283,0
116284,0
116285,0
116286,0
116287,0
116288,0
116289,0
116290,0
116291,0
116292,17
116293,10
116294,0
116295,18
116296,14
116297,0
116298,0
116299,0
116300,0
116301,0
116302,0
116303,0
116304,13
116305,0
116306,0
116307,16
116308,0
116309,0
116310,0
116311,0
116312,13
116313,23
116314,10
116315,0
116316,0
116317,12
116318,20
116319,0
116320,0
116321,0
116322,0
116323,0
116324,0
116325,19
116326,0
116327,0
116328,21
116329,11
116330,0
116331,0
116332,0
116333,0
116334,0
116335,0
116336,0
116337,0
116338,0
116339,11
116340,0
116341,0
116342,0
116343,0
116344,0
116345,11
116346,0
116347,0
116348,0
116349,0
116350,0
116351,0
116352,0
116353,0
116354,0
116355,0
116356,0
116357,0
116358,0
116359,0
116360,0
116361,0
116362,0
116363,18
116364,0
116365,0
116366,0
116367,0
116368,0
116369,12
116370,0
116371,0
116372,0
116373,0
116374,0
116375,0
116376,0
116377,0
116378,14
116379,16
116380,0
116381,0
116382,0
116383,0
116384,0
116385,0
116386,0
116387,15
116388,0
116389,0
116390,0
116391,0
116392,0
116393,0
116394,0
116395,19
116396,0
116397,0
116398,0
116399,7
116400,0
116401,0
116402,0
116403,0
116404,0
116405,0
116406,0
116407,0
116408,0
116409,0
116410,0
116411,24
116412,0
116413,0
116414,0
116415,14
116416,12
116417,0
116418,0
116419,0
116420,0
116421,0
116422,0
116423,0
116424,0
116425,0
116426,0
116427,0
116428,0
116429,0
116430,0
116431,0
116432,0
116433,0
116434,0
116435,0
116436,0
116437,0
116438,0
116439,0
116440,20
116441,0
116442,0
116443,10
116444,0
116445,0
116446,0
116447,0
116448,11
116449,0
116450,0
116451,0
116452,0
116453,0
116454,0
116455,0
116456,0
116457,0
116458,0
116459,0
116460,0
116461,0
116462,0
116463,0
116464,0
116465,0
116466,0
116467,0
116468,0
116469,0
116470,0
116471,0
116472,0
116473,12
116474,0
116475,0
116476,0
116477,0
116478,17
116479,0
116480,0
116481,0
116482,0
116483,20
116484,0
116485,0
116486,0
116487,0
116488,0
116489,0
116490,0
116491,0
116492,0
116493,0
116494,0
116495,0
116496,0
116497,14
116498,0
116499,0
116500,8
116501,0
116502,0
116503,10
116504,0
116505,0
116506,9
116507,0
116508,21
116509,12
116510,0
116511,11
116512,0
116513,0
116514,0
116515,0
116516,0
116517,0
116518,0
116519,0
116520,0
116521,0
116522,0
116523,0
116524,0
116525,0
116526,0
116527,11
116528,0
116529,0
116530,0
116531,0
116532,0
116533,0
116534,0
116535,0
116536,24
116537,0
116538,0
116539,0
116540,0
116541,0
116542,0
116543,0
116544,0
116545,0
116546,0
116547,0
116548,0
116549,12
116550,0
116551,0
116552,0
116553,0
116554,0
116555,11
116556,15
116557,0
116558,0
116559,0
116560,0
116561,0
116562,0
116563,0
116564,0
116565,0
116566,0
116567,0
116568,0
116569,0
116570,0
116571,0
116572,0
116573,0
116574,0
116575,0
116576,20
116577,12
116578,0
116579,0
116580,18
116581,0
116582,0
116583,0
116584,0
116585,0
116586,0
116587,0
116588,0
116589,0
116590,0
116591,0
116592,0
116593,0
116594,0
116595,0
116596,12
116597,0
116598,0
116599,0
116600,0
116601,0
116602,0
116603,0
116604,0
116605,0
116606,0
116607,0
116608,0
116609,8
116610,0
116611,0
116612,9
116613,0
116614,0
116615,0
116616,0
116617,0
116618,0
116619,0
116620,11
116621,0
116622,0
116623,0
116624,0
116625,0
116626,0
116627,0
116628,0
116629,25
116630,0
116631,0
116632,0
116633,0
116634,0
116635,0
116636,0
116637,0
116638,0
116639,0
116640,0
116641,0
116642,0
116643,0
116644,0
116645,0
116646,0
116647,0
116648,15
116649,0
116650,0
116651,0
116652,0
116653,0
116654,11
116655,0
116656,14
116657,10
116658,9
116659,0
116660,0
116661,12
116662,0
116663,0
116664,0
116665,0
116666,19
116667,0
116668,0
116669,0
116670,0
116671,0
116672,0
116673,0
116674,0
116675,12
116676,0
116677,0
116678,0
116679,0
116680,7
116681,0
116682,0
116683,0
116684,0
116685,0
116686,0
116687,0
116688,0
116689,13
116690,0
116691,0
116692,0
116693,14
116694,0
116695,12
116696,0
116697,0
116698,0
116699,0
116700,21
116701,0
116702,0
116703,0
116704,0
116705,0
116706,0
116707,0
116708,16
116709,0
116710,0
116711,0
116712,0
116713,0
116714,0
116715,0
116716,0
116717,0
116718,0
116719,0
116720,0
116721,19
116722,0
116723,0
116724,0
116725,0
116726,0
116727,0
116728,0
116729,14
116730,0
116731,0
116732,0
116733,0
116734,0
116735,16
116736,0
116737,0
116738,0
116739,0
116740,0
116741,0
116742,0
116743,0
116744,12
116745,0
116746,23
116747,0
116748,20
116749,0
116750,0
116751,0
116752,23
116753,0
116754,0
116755,0
116756,0
116757,0
116758,0
116759,0
116760,0
116761,0
116762,6
116763,0
116764,0
116765,0
116766,0
116767,0
116768,0
116769,0
116770,0
116771,0
116772,0
116773,0
116774,0
116775,24
116776,0
116777,0
116778,0
116779,0
116780,19
116781,0
116782,0
116783,0
116784,0
116785,0
116786,0
116787,0
116788,0
116789,9
116790,0
116791,0
116792,0
116793,0
116794,0
116795,14
116796,0
116797,16
116798,0
116799,0
116800,21
116801,0
116802,0
116803,17
116804,0
116805,0
116806,0
116807,0
116808,0
116809,0
116810,0
116811,0
116812,0
116813,15
116814,0
116815,0
116816,0
116817,0
116818,0
116819,0
116820,0
116821,0
116822,0
116823,0
116824,0
116825,0
116826,17
116827,0
116828,0
116829,0
116830,0
116831,0
116832,0
116833,0
116834,0
116835,18
116836,15
116837,0
116838,0
116839,0
116840,0
116841,0
116842,0
116843,0
116844,0
116845,0
116846,0
116847,0
116848,0
116849,0
116850,0
116851,0
116852,0
116853,0
116854,0
116855,19
116856,0
116857,0
116858,0
116859,0
116860,0
116861,13
116862,0
116863,0
116864,0
116865,7
116866,0
116867,15
116868,0
116869,0
116870,0
116871,0
116872,0
116873,0
116874,0
116875,0
116876,0
116877,0
116878,13
116879,0
116880,16
116881,0
116882,0
116883,0
116884,0
116885,0
116886,0
116887,0
116888,0
116889,0
116890,0
116891,0
116892,0
116893,14
116894,0
116895,7
116896,0
116897,0
116898,0
116899,0
116900,0
116901,0
116902,0
116903,0
116904,0
116905,0
116906,0
116907,0
116908,0
116909,19
116910,12
116911,0
116912,8
116913,0
116914,0
116915,5
116916,0
116917,0
116918,0
116919,20
116920,0
116921,0
116922,0
116923,0
116924,0
116925,0
116926,12
116927,0
116928,0
116929,0
116930,10
116931,0
116932,0
116933,0
116934,0
116935,0
116936,0
116937,0
116938,0
116939,0
116940,0
116941,15
116942,17
116943,0
116944,0
116945,0
116946,0
116947,0
116948,17
116949,0
116950,0
116951,7
116952,0
116953,0
116954,0
116955,0
116956,0
116957,25
116958,0
116959,22
116960,25
116961,11
116962,0
116963,0
116964,0
116965,0
116966,25
116967,0
116968,0
116969,0
116970,0
116971,0
116972,0
116973,0
116974,17
116975,0
116976,21
116977,0
116978,0
116979,0
116980,0
116981,0
116982,0
116983,0
116984,0
116985,0
116986,0
116987,0
116988,0
116989,0
116990,22
116991,0
116992,0
116993,0
116994,0
116995,0
116996,17
116997,13
116998,0
116999,0
117000,0
117001,16
117002,0
117003,0
117004,0
117005,0
117006,0
117007,0
117008,0
117009,0
117010,13
117011,0
117012,0
117013,0
117014,22
117015,0
117016,0
117017,0
117018,0
117019,0
117020,0
117021,20
117022,27
117023,0
117024,0
117025,0
117026,0
117027,0
117028,29
117029,0
117030,0
117031,0
117032,0
117033,0
117034,0
117035,0
117036,21
117037,0
117038,0
117039,0
117040,0
117041,0
117042,23
117043,0
117044,0
117045,0
117046,0
117047,0
117048,0
117049,0
117050,22
117051,0
117052,0
117053,0
117054,0
117055,0
117056,0
117057,0
117058,14
117059,0
117060,0
117061,0
117062,0
117063,0
117064,0
117065,0
117066,0
117067,13
117068,30
117069,20
117070,0
117071,0
117072,0
117073,0
117074,0
117075,36
117076,24
117077,17
117078,0
117079,24
117080,0
117081,0
117082,0
117083,0
117084,27
117085,0
117086,0
117087,0
117088,0
117089,0
117090,0
117091,0
117092,22
117093,0
117094,0
117095,22
117096,0
117097,18
117098,0
117099,14
117100,0
117101,0
117102,0
117103,22
117104,0
117105,0
117106,0
117107,0
117108,0
117109,0
117110,0
117111,0
117112,0
117113,0
117114,0
117115,29
117116,21
117117,0
117118,0
117119,0
117120,0
117121,0
117122,0
117123,0
117124,0
117125,0
117126,0
117127,0
117128,0
117129,0
117130,0
117131,19
117132,0
117133,0
117134,0
117135,0
117136,0
117137,0
117138,33
117139,0
117140,0
117141,0
117142,0
117143,14
117144,0
117145,0
117146,0
117147,0
117148,0
117149,0
117150,0
117151,0
117152,0
117153,0
117154,0
117155,0
117156,0
117157,0
117158,0
117159,17
117160,0
117161,0
117162,0
117163,0
117164,0
117165,0
117166,0
117167,0
117168,0
117169,0
117170,0
117171,17
117172,0
117173,0
117174,16
117175,0
117176,0
117177,0
117178,0
117179,22
117180,0
117181,21
117182,0
117183,0
117184,0
117185,0
117186,0
117187,0
117188,0
117189,0
117190,0
117191,0
117192,0
117193,21
117194,0
117195,0
117196,20
117197,0
117198,0
117199,0
117200,25
117201,0
117202,21
117203,0
117204,0
117205,0
117206,0
117207,0
117208,0
117209,0
117210,0
117211,17
117212,0
117213,0
117214,0
117215,0
117216,0
117217,28
117218,0
117219,26
117220,0
117221,0
117222,0
117223,0
117224,27
117225,0
117226,0
117227,0
117228,0
117229,0
117230,17
117231,0
117232,0
117233,0
117234,0
117235,0
117236,0
117237,0
117238,26
117239,0
117240,0
117241,0
117242,0
117243,0
117244,0
117245,0
117246,0
117247,0
117248,25
117249,32
117250,0
117251,0
117252,0
117253,0
117254,0
117255,0
117256,22
117257,0
117258,0
117259,0
117260,0
117261,26
117262,0
117263,0
117264,0
117265,0
117266,0
117267,0
117268,0
117269,0
117270,0
117271,0
117272,0
117273,0
117274,0
117275,0
117276,0
117277,12
117278,20
117279,0
117280,0
117281,0
117282,0
117283,18
117284,0
117285,0
117286,22
117287,0
117288,0
117289,0
117290,0
117291,0
117292,0
117293,0
117294,0
117295,0
117296,0
117297,0
117298,27
117299,0
117300,0
117301,0
117302,0
117303,0
117304,0
117305,19
117306,0
117307,0
117308,0
117309,15
117310,0
117311,0
117312,22
117313,0
117314,18
117315,0
117316,0
117317,12
117318,0
117319,0
117320,0
117321,17
117322,20
117323,0
117324,0
117325,0
117326,0
117327,0
117328,0
117329,0
117330,0
117331,0
117332,0
117333,0
117334,0
117335,0
117336,0
117337,0
117338,0
117339,0
117340,0
117341,0
117342,27
117343,0
117344,18
117345,0
117346,0
117347,0
117348,17
117349,0
117350,0
117351,0
117352,0
117353,0
117354,0
117355,0
117356,20
117357,0
117358,0
117359,0
117360,17
117361,17
117362,0
117363,0
117364,26
117365,0
117366,0
117367,0
117368,0
117369,0
117370,0
117371,0
117372,0
117373,17
117374,0
117375,0
117376,0
117377,0
117378,0
117379,0
117380,23
117381,0
117382,0
117383,0
117384,0
117385,0
117386,0
117387,27
117388,0
117389,0
117390,0
117391,0
117392,0
117393,0
117394,0
117395,0
117396,0
117397,0
117398,0
117399,13
117400,0
117401,0
117402,0
117403,0
117404,0
117405,0
117406,0
117407,0
117408,0
117409,0
117410,0
117411,20
117412,16
117413,0
117414,25
117415,0
117416,0
117417,0
117418,0
117419,0
117420,0
117421,0
117422,0
117423,0
117424,0
117425,0
117426,0
117427,19
117428,0
117429,0
117430,0
117431,0
117432,0
117433,0
117434,0
117435,18
117436,0
117437,0
117438,31
117439,0
117440,27
117441,0
117442,26
117443,0
117444,0
117445,0
117446,0
117447,0
117448,0
117449,0
117450,0
117451,0
117452,0
117453,18
117454,23
117455,0
117456,16
117457,0
117458,0
117459,0
117460,0
117461,0
117462,0
117463,13
117464,0
117465,17
117466,16
117467,0
117468,0
117469,31
117470,0
117471,0
117472,0
117473,0
117474,14
117475,0
117476,0
117477,0
117478,27
117479,0
117480,0
117481,0
117482,0
117483,26
117484,0
117485,20
117486,0
117487,0
117488,0
117489,0
117490,0
117491,0
117492,23
117493,0
117494,18
117495,0
117496,33
117497,0
117498,0
117499,0
117500,0
117501,0
117502,0
117503,0
117504,0
117505,0
117506,15
117507,0
117508,0
117509,0
117510,0
117511,0
117512,0
117513,0
117514,0
117515,23
117516,0
117517,0
117518,0
117519,0
117520,0
117521,0
117522,0
117523,0
117524,33
117525,0
117526,17
117527,0
117528,19
117529,0
117530,0
117531,0
117532,0
117533,0
117534,0
117535,0
117536,0
117537,0
117538,0
117539,0
117540,0
117541,22
117542,0
117543,24
117544,0
117545,22
117546,0
117547,0
117548,0
117549,0
117550,0
117551,0
117552,0
117553,0
117554,0
117555,0
117556,0
117557,0
117558,20
117559,19
117560,0
117561,19
117562,0
117563,0
117564,0
117565,0
117566,20
117567,0
117568,23
117569,0
117570,0
117571,0
117572,0
117573,0
117574,0
117575,0
117576,0
117577,0
117578,0
117579,0
117580,0
117581,0
117582,14
117583,31
117584,0
117585,0
117586,0
117587,0
117588,0
117589,0
117590,0
117591,0
117592,0
117593,0
117594,0
117595,0
117596,0
117597,0
117598,0
117599,0
117600,20
117601,0
117602,0
117603,0
117604,0
117605,0
117606,0
117607,32
117608,0
117609,0
117610,0
117611,0
117612,0
117613,0
117614,0
117615,0
117616,24
117617,0
117618,0
117619,0
117620,0
117621,0
117622,0
117623,0
117624,0
117625,0
117626,0
117627,0
117628,0
117629,0
117630,0
117631,0
117632,19
117633,20
117634,0
117635,0
117636,18
117637,0
117638,22
117639,0
117640,0
117641,0
117642,0
117643,0
117644,0
117645,0
117646,0
117647,0
117648,0
117649,0
117650,0
117651,0
117652,0
117653,24
117654,0
117655,0
117656,0
117657,0
117658,0
117659,0
117660,0
117661,0
117662,25
117663,15
117664,0
117665,0
117666,0
117667,0
117668,0
117669,30
117670,0
117671,0
117672,0
117673,0
117674,24
117675,0
117676,0
117677,15
117678,0
117679,0
117680,15
117681,0
117682,0
117683,0
117684,0
117685,0
117686,0
117687,12
117688,0
117689,0
117690,26
117691,0
117692,0
117693,0
117694,0
117695,0
117696,0
117697,0
117698,0
117699,0
117700,13
117701,0
117702,23
117703,20
117704,0
117705,0
117706,0
117707,0
117708,0
117709,37
117710,0
117711,0
117712,0
117713,0
117714,0
117715,0
117716,0
117717,0
117718,0
117719,0
117720,15
117721,0
117722,0
117723,0
117724,12
117725,0
117726,0
117727,0
117728,0
117729,0
117730,0
117731,0
117732,0
117733,0
117734,25
117735,0
117736,0
117737,0
117738,27
117739,0
117740,0
117741,0
117742,22
117743,0
117744,0
117745,0
117746,0
117747,0
117748,0
117749,0
117750,0
117751,0
117752,0
117753,0
117754,0
117755,0
117756,0
117757,0
117758,0
117759,0
117760,0
117761,0
117762,0
117763,0
117764,0
117765,0
117766,0
117767,18
117768,0
117769,0
117770,21
117771,0
117772,0
117773,0
117774,0
117775,13
117776,0
117777,0
117778,0
117779,20
117780,0
117781,0
117782,0
117783,0
117784,0
117785,0
117786,0
117787,0
117788,0
117789,0
117790,0
117791,0
117792,30
117793,18
117794,0
117795,0
117796,0
117797,0
117798,0
117799,0
117800,0
117801,0
117802,0
117803,0
117804,0
117805,0
117806,13
117807,14
117808,0
117809,0
117810,12
117811,11
117812,20
117813,0
117814,0
117815,0
117816,0
117817,0
117818,0
117819,0
117820,0
117821,0
117822,0
117823,0
117824,0
117825,0
117826,0
117827,0
117828,0
117829,0
117830,0
117831,0
117832,0
117833,0
117834,0
117835,21
117836,0
117837,0
117838,0
117839,0
117840,0
117841,34
117842,0
117843,0
117844,0
117845,24
117846,0
117847,0
117848,27
117849,0
117850,0
117851,0
117852,0
117853,0
117854,0
117855,0
117856,0
117857,0
117858,16
117859,0
117860,0
117861,0
117862,15
117863,0
117864,0
117865,17
117866,0
117867,0
117868,0
117869,0
117870,15
117871,0
117872,0
117873,0
117874,0
117875,0
117876,0
117877,0
117878,0
117879,0
117880,0
117881,0
117882,0
117883,0
117884,0
117885,0
117886,0
117887,0
117888,0
117889,20
117890,0
117891,0
117892,0
117893,0
117894,0
117895,0
117896,0
117897,0
117898,0
117899,0
117900,0
117901,0
117902,0
117903,0
117904,0
117905,23
117906,34
117907,0
117908,0
117909,0
117910,0
117911,38
117912,0
117913,0
117914,0
117915,0
117916,0
117917,18
117918,0
117919,0
117920,0
117921,0
117922,0
117923,0
117924,33
117925,14
117926,0
117927,0
117928,0
117929,34
117930,26
117931,0
117932,21
117933,0
117934,0
117935,35
117936,0
117937,0
117938,0
117939,16
117940,0
117941,0
117942,0
117943,0
117944,0
117945,0
117946,0
117947,0
117948,0
117949,0
117950,0
117951,24
117952,0
117953,0
117954,0
117955,0
117956,0
117957,18
117958,11
117959,0
117960,0
117961,0
117962,0
117963,0
117964,20
117965,0
117966,0
117967,0
117968,0
117969,0
117970,0
117971,0
117972,0
117973,0
117974,0
117975,0
117976,21
117977,0
117978,14
117979,0
117980,0
117981,28
117982,10
117983,0
117984,0
117985,0
117986,0
117987,0
117988,0
117989,0
117990,35
117991,27
117992,0
117993,0
117994,0
117995,34
117996,0
117997,33
117998,0
117999,19
118000,0
118001,0
118002,0
118003,16
118004,15
118005,0
118006,14
118007,0
118008,0
118009,0
118010,0
118011,30
118012,22
118013,0
118014,0
118015,0
118016,0
118017,0
118018,0
118019,26
118020,0
118021,0
118022,23
118023,0
118024,0
118025,0
118026,0
118027,0
118028,0
118029,17
118030,15
118031,0
118032,0
118033,0
118034,0
118035,0
118036,0
118037,0
118038,0
118039,0
118040,26
118041,0
118042,0
118043,0
118044,0
118045,0
118046,0
118047,34
118048,0
118049,18
118050,22
118051,21
118052,0
118053,0
118054,0
118055,0
118056,0
118057,13
118058,0
118059,0
118060,0
118061,12
118062,11
118063,25
118064,0
118065,0
118066,13
118067,0
118068,16
118069,0
118070,0
118071,0
118072,0
118073,0
118074,0
118075,0
118076,7
118077,0
118078,8
118079,0
118080,0
118081,0
118082,0
118083,0
118084,0
118085,0
118086,0
118087,0
118088,0
118089,0
118090,0
118091,10
118092,0
118093,0
118094,0
118095,0
118096,0
118097,0
118098,0
118099,0
118100,9
118101,0
118102,0
118103,0
118104,0
118105,0
118106,0
118107,0
118108,7
118109,0
118110,0
118111,0
118112,0
118113,0
118114,0
118115,0
118116,4
118117,0
118118,5
118119,0
118120,0
118121,0
118122,4
118123,0
118124,0
118125,0
118126,0
118127,8
118128,0
118129,5
118130,0
118131,0
118132,0
118133,0
118134,0
118135,0
118136,0
118137,7
118138,6
118139,0
118140,0
118141,6
118142,0
118143,10
118144,0
118145,8
118146,0
118147,0
118148,0
118149,0
118150,0
118151,0
118152,0
118153,0
118154,0
118155,0
118156,13
118157,7
118158,0
118159,7
118160,0
118161,0
118162,11
118163,0
118164,0
118165,0
118166,0
118167,0
118168,0
118169,0
118170,9
118171,0
118172,0
118173,2
118174,0
118175,0
118176,0
118177,14
118178,0
118179,0
118180,11
118181,0
118182,6
118183,0
118184,0
118185,0
118186,0
118187,0
118188,0
118189,0
118190,0
118191,0
118192,0
118193,13
118194,0
118195,0
118196,0
118197,0
118198,0
118199,0
118200,0
118201,0
118202,0
118203,8
118204,12
118205,0
118206,13
118207,0
118208,0
118209,0
118210,0
118211,0
118212,0
118213,10
118214,0
118215,0
118216,0
118217,0
118218,0
118219,0
118220,8
118221,0
118222,0
118223,0
118224,0
118225,0
118226,0
118227,0
118228,13
118229,0
118230,10
118231,15
118232,0
118233,0
118234,0
118235,0
118236,0
118237,0
118238,0
118239,0
118240,10
118241,0
118242,0
118243,0
118244,0
118245,0
118246,0
118247,0
118248,0
118249,0
118250,0
118251,0
118252,5
118253,0
118254,0
118255,0
118256,0
118257,0
118258,0
118259,9
118260,0
118261,0
118262,16
118263,0
118264,0
118265,0
118266,16
118267,0
118268,11
118269,0
118270,0
118271,0
118272,6
118273,0
118274,0
118275,4
118276,0
118277,0
118278,0
118279,0
118280,0
118281,0
118282,0
118283,10
118284,9
118285,11
118286,0
118287,12
118288,0
118289,0
118290,0
118291,0
118292,0
118293,0
118294,0
118295,4
118296,0
118297,0
118298,0
118299,0
118300,0
118301,18
118302,14
118303,6
118304,0
118305,0
118306,0
118307,0
118308,0
118309,0
118310,0
118311,0
118312,0
118313,9
118314,0
118315,8
118316,0
118317,15
118318,0
118319,0
118320,0
118321,0
118322,0
118323,0
118324,5
118325,0
118326,0
118327,0
118328,0
118329,0
118330,0
118331,0
118332,0
118333,0
118334,0
118335,6
118336,6
118337,0
118338,11
118339,0
118340,0
118341,0
118342,11
118343,11
118344,0
118345,0
118346,0
118347,10
118348,0
118349,0
118350,0
118351,0
118352,11
118353,12
118354,0
118355,0
118356,0
118357,0
118358,0
118359,0
118360,0
118361,0
118362,13
118363,0
118364,0
118365,0
118366,7
118367,0
118368,0
118369,4
118370,0
118371,9
118372,12
118373,0
118374,0
118375,0
118376,0
118377,0
118378,0
118379,0
118380,10
118381,0
118382,8
118383,0
118384,0
118385,0
118386,0
118387,0
118388,0
118389,0
118390,11
118391,0
118392,0
118393,10
118394,0
118395,0
118396,5
118397,9
118398,10
118399,0
118400,0
118401,0
118402,0
118403,19
118404,0
118405,0
118406,0
118407,0
118408,0
118409,12
118410,0
118411,0
118412,0
118413,0
118414,9
118415,15
118416,10
118417,0
118418,0
118419,0
118420,18
118421,0
118422,0
118423,0
118424,0
118425,0
118426,13
118427,0
118428,0
118429,6
118430,0
118431,0
118432,12
118433,0
118434,0
118435,0
118436,18
118437,0
118438,0
118439,0
118440,0
118441,0
118442,11
118443,0
118444,0
118445,0
118446,19
118447,16
118448,0
118449,8
118450,0
118451,0
118452,0
118453,9
118454,5
118455,0
118456,0
118457,0
118458,17
118459,0
118460,0
118461,10
118462,0
118463,0
118464,5
118465,4
118466,9
118467,0
118468,0
118469,9
118470,0
118471,0
118472,0
118473,16
118474,0
118475,0
118476,0
118477,0
118478,0
118479,0
118480,8
118481,0
118482,0
118483,11
118484,11
118485,0
118486,0
118487,0
118488,0
118489,0
118490,0
118491,0
118492,15
118493,0
118494,0
118495,0
118496,0
118497,19
118498,0
118499,0
118500,0
118501,8
118502,0
118503,2
118504,0
118505,0
118506,0
118507,13
118508,0
118509,0
118510,0
118511,10
118512,0
118513,0
118514,0
118515,0
118516,0
118517,0
118518,10
118519,0
118520,0
118521,0
118522,3
118523,0
118524,0
118525,0
118526,0
118527,11
118528,0
118529,0
118530,0
118531,0
118532,0
118533,0
118534,0
118535,11
118536,0
118537,0
118538,12
118539,14
118540,0
118541,0
118542,0
118543,0
118544,0
118545,0
118546,20
118547,32
118548,0
118549,0
118550,0
118551,0
118552,6
118553,0
118554,0
118555,12
118556,13
118557,0
118558,6
118559,14
118560,12
118561,0
118562,0
118563,10
118564,3
118565,0
118566,0
118567,12
118568,0
118569,0
118570,13
118571,0
118572,0
118573,0
118574,0
118575,0
118576,0
118577,0
118578,0
118579,0
118580,0
118581,0
118582,0
118583,0
118584,0
118585,13
118586,0
118587,0
118588,0
118589,17
118590,0
118591,11
118592,0
118593,7
118594,0
118595,16
118596,12
118597,0
118598,7
118599,0
118600,0
118601,14
118602,0
118603,0
118604,19
118605,0
118606,0
118607,4
118608,0
118609,0
118610,10
118611,0
118612,0
118613,0
118614,0
118615,0
118616,0
118617,0
118618,24
118619,0
118620,0
118621,0
118622,0
118623,0
118624,0
118625,6
118626,0
118627,10
118628,0
118629,10
118630,0
118631,0
118632,0
118633,0
118634,5
118635,6
118636,0
118637,0
118638,0
118639,0
118640,0
118641,0
118642,0
118643,0
118644,0
118645,0
118646,0
118647,0
118648,0
118649,0
118650,0
118651,0
118652,0
118653,0
118654,0
118655,0
118656,9
118657,0
118658,0
118659,0
118660,0
118661,0
118662,8
118663,4
118664,0
118665,11
118666,0
118667,0
118668,0
118669,8
118670,0
118671,0
118672,0
118673,0
118674,0
118675,8
118676,0
118677,0
118678,0
118679,0
118680,0
118681,0
118682,0
118683,0
118684,0
118685,0
118686,0
118687,0
118688,0
118689,0
118690,0
118691,7
118692,0
118693,0
118694,0
118695,6
118696,0
118697,6
118698,10
118699,0
118700,0
118701,9
118702,0
118703,0
118704,0
118705,0
118706,0
118707,11
118708,0
118709,15
118710,0
118711,9
118712,0
118713,0
118714,5
118715,0
118716,0
118717,0
118718,0
118719,0
118720,0
118721,0
118722,0
118723,12
118724,0
118725,0
118726,0
118727,0
118728,4
118729,0
118730,0
118731,0
118732,0
118733,0
118734,0
118735,0
118736,7
118737,0
118738,10
118739,0
118740,0
118741,0
118742,0
118743,0
118744,0
118745,0
118746,0
118747,0
118748,0
118749,0
118750,0
118751,0
118752,0
118753,0
118754,0
118755,0
118756,0
118757,0
118758,0
118759,0
118760,0
118761,0
118762,0
118763,0
118764,11
118765,0
118766,0
118767,0
118768,0
118769,10
118770,0
118771,0
118772,0
118773,0
118774,0
118775,0
118776,2
118777,0
118778,0
118779,0
118780,9
118781,0
118782,0
118783,9
118784,0
118785,0
118786,0
118787,0
118788,0
118789,0
118790,0
118791,0
118792,0
118793,0
118794,0
118795,0
118796,0
118797,0
118798,7
118799,0
118800,0
118801,0
118802,0
118803,0
118804,0
118805,0
118806,0
118807,0
118808,0
118809,0
118810,8
118811,0
118812,0
118813,0
118814,0
118815,3
118816,0
118817,0
118818,0
118819,0
118820,0
118821,0
118822,6
118823,0
118824,0
118825,0
118826,0
118827,0
118828,0
118829,0
118830,0
118831,10
118832,0
118833,0
118834,0
118835,0
118836,5
118837,0
118838,0
118839,8
118840,0
118841,12
118842,10
118843,0
118844,0
118845,8
118846,0
118847,12
118848,11
118849,0
118850,0
118851,0
118852,13
118853,10
118854,0
118855,0
118856,0
118857,0
118858,0
118859,0
118860,11
118861,0
118862,0
118863,0
118864,0
118865,0
118866,0
118867,0
118868,0
118869,0
118870,17
118871,0
118872,11
118873,12
118874,0
118875,0
118876,0
118877,14
118878,8
118879,0
118880,0
118881,0
118882,0
118883,0
118884,14
118885,5
118886,9
118887,0
118888,0
118889,0
118890,0
118891,0
118892,15
118893,0
118894,0
118895,13
118896,17
118897,0
118898,0
118899,0
118900,0
118901,8
118902,0
118903,13
118904,0
118905,10
118906,0
118907,0
118908,0
118909,0
118910,0
118911,0
118912,0
118913,0
118914,0
118915,0
118916,0
118917,0
118918,14
118919,0
118920,0
118921,0
118922,0
118923,0
118924,0
118925,0
118926,0
118927,0
118928,4
118929,0
118930,0
118931,0
118932,5
118933,0
118934,0
118935,0
118936,0
118937,0
118938,0
118939,0
118940,0
118941,0
118942,0
118943,13
118944,0
118945,0
118946,0
118947,0
118948,0
118949,16
118950,0
118951,0
118952,0
118953,0
118954,0
118955,0
118956,0
118957,0
118958,0
118959,0
118960,0
118961,0
118962,0
118963,7
118964,7
118965,0
118966,0
118967,0
118968,0
118969,0
118970,0
118971,0
118972,12
118973,0
118974,0
118975,0
118976,0
118977,6
118978,0
118979,0
118980,0
118981,0
118982,9
118983,0
118984,0
118985,0
118986,0
118987,0
118988,0
118989,9
118990,0
118991,0
118992,0
118993,0
118994,0
118995,0
118996,0
118997,8
118998,0
118999,0
119000,10
119001,9
119002,13
119003,0
119004,0
119005,0
119006,0
119007,0
119008,0
119009,0
119010,0
119011,14
119012,0
119013,0
119014,0
119015,0
119016,0
119017,0
119018,0
119019,0
119020,0
119021,0
119022,0
119023,0
119024,0
119025,0
119026,0
119027,13
119028,3
119029,0
119030,0
119031,0
119032,0
119033,0
119034,0
119035,0
119036,0
119037,0
119038,0
119039,0
119040,0
119041,0
119042,0
119043,0
119044,0
119045,0
119046,0
119047,0
119048,0
119049,0
119050,0
119051,0
119052,0
119053,4
119054,0
119055,0
119056,0
119057,0
119058,0
119059,0
119060,0
119061,15
119062,0
119063,0
119064,0
119065,0
119066,0
119067,0
119068,0
119069,0
119070,0
119071,0
119072,0
119073,0
119074,0
119075,0
119076,0
119077,0
119078,14
119079,0
119080,0
119081,0
119082,0
119083,9
119084,8
119085,0
119086,0
119087,9
119088,0
119089,0
119090,0
119091,0
119092,0
119093,13
119094,0
119095,0
119096,0
119097,0
119098,11
119099,0
119100,11
119101,12
119102,14
119103,0
119104,0
119105,8
119106,0
119107,9
119108,0
119109,0
119110,13
119111,15
119112,0
119113,9
119114,0
119115,0
119116,8
119117,0
119118,0
119119,0
119120,0
119121,0
119122,0
119123,0
119124,0
119125,0
119126,0
119127,0
119128,0
119129,0
119130,0
119131,10
119132,0
119133,0
119134,3
119135,10
119136,0
119137,0
119138,14
119139,0
119140,0
119141,0
119142,0
119143,0
119144,0
119145,0
119146,0
119147,10
119148,9
119149,0
119150,0
119151,15
119152,15
119153,0
119154,0
119155,0
119156,0
119157,0
119158,0
119159,0
119160,0
119161,0
119162,0
119163,0
119164,0
119165,0
119166,0
119167,8
119168,0
119169,11
119170,13
119171,4
119172,0
119173,0
119174,0
119175,0
119176,0
119177,0
119178,0
119179,11
119180,0
119181,0
119182,0
119183,0
119184,0
119185,0
119186,0
119187,14
119188,0
119189,0
119190,17
119191,0
119192,0
119193,0
119194,5
119195,0
119196,0
119197,0
119198,0
119199,0
119200,0
119201,0
119202,0
119203,0
119204,0
119205,0
119206,11
119207,6
119208,0
119209,0
119210,0
119211,10
119212,0
119213,0
119214,0
119215,0
119216,0
119217,0
119218,6
119219,0
119220,0
119221,0
119222,0
119223,0
119224,13
119225,0
119226,0
119227,0
119228,0
119229,0
119230,0
119231,0
119232,0
119233,0
119234,0
119235,0
119236,0
119237,0
119238,21
119239,0
119240,0
119241,0
119242,0
119243,0
119244,0
119245,0
119246,0
119247,0
119248,0
119249,0
119250,0
119251,0
119252,0
119253,0
119254,0
119255,0
119256,0
119257,0
119258,17
119259,12
119260,0
119261,0
119262,0
119263,20
119264,0
119265,0
119266,15
119267,0
119268,0
119269,11
119270,0
119271,0
119272,12
119273,0
119274,0
119275,0
119276,11
119277,0
119278,0
119279,0
119280,0
119281,0
119282,0
119283,0
119284,12
119285,0
119286,0
119287,0
119288,0
119289,0
119290,0
119291,0
119292,0
119293,0
119294,8
119295,0
119296,0
119297,22
119298,0
119299,9
119300,0
119301,0
119302,0
119303,0
119304,0
119305,0
119306,0
119307,0
119308,0
119309,15
119310,0
119311,12
119312,10
119313,0
119314,0
119315,0
119316,0
119317,0
119318,0
119319,22
119320,0
119321,0
119322,0
119323,16
119324,0
119325,0
119326,0
119327,0
119328,0
119329,0
119330,0
119331,0
119332,0
119333,0
119334,0
119335,0
119336,0
119337,0
119338,0
119339,0
119340,0
119341,0
119342,0
119343,0
119344,0
119345,0
119346,0
119347,0
119348,0
119349,0
119350,0
119351,0
119352,0
119353,0
119354,0
119355,0
119356,0
119357,0
119358,0
119359,0
119360,0
119361,0
119362,0
119363,0
119364,0
119365,0
119366,0
119367,0
119368,0
119369,0
119370,0
119371,0
119372,0
119373,0
119374,17
119375,0
119376,0
119377,0
119378,0
119379,0
119380,20
119381,0
119382,0
119383,0
119384,0
119385,0
119386,0
119387,0
119388,0
119389,0
119390,0
119391,0
119392,0
119393,0
119394,0
119395,0
119396,0
119397,15
119398,0
119399,0
119400,0
119401,0
119402,0
119403,0
119404,0
119405,0
119406,0
119407,0
119408,0
119409,0
119410,0
119411,0
119412,0
119413,0
119414,0
119415,0
119416,0
119417,0
119418,0
119419,0
119420,2
119421,0
119422,0
119423,0
119424,0
119425,0
119426,0
119427,0
119428,0
119429,0
119430,3
119431,2
119432,0
119433,0
119434,0
119435,3
119436,0
119437,0
119438,0
119439,5
119440,0
119441,4
119442,0
119443,8
119444,0
119445,0
119446,0
119447,0
119448,0
119449,0
119450,0
119451,0
119452,0
119453,0
119454,0
119455,0
119456,0
119457,4
119458,0
119459,0
119460,0
119461,0
119462,0
119463,0
119464,0
119465,0
119466,0
119467,0
119468,0
119469,0
119470,0
119471,7
119472,0
119473,0
119474,0
119475,0
119476,0
119477,0
119478,0
119479,0
119480,0
119481,0
119482,0
119483,0
119484,0
119485,0
119486,1
119487,0
119488,3
119489,6
119490,0
119491,0
119492,0
119493,0
119494,0
119495,0
119496,1
119497,0
119498,0
119499,0
119500,0
119501,0
119502,2
119503,0
119504,0
119505,0
119506,0
119507,0
119508,0
119509,4
119510,0
119511,0
119512,0
119513,0
119514,0
119515,0
119516,0
119517,0
119518,0
119519,0
119520,0
119521,0
119522,0
119523,0
119524,0
119525,1
119526,0
119527,0
119528,0
119529,0
119530,6
119531,3
119532,0
119533,5
119534,0
119535,0
119536,0
119537,0
119538,0
119539,0
119540,0
119541,0
119542,0
119543,0
119544,0
119545,0
119546,0
119547,0
119548,0
119549,0
119550,0
119551,0
119552,0
119553,1
119554,0
119555,0
119556,0
119557,0
119558,0
119559,2
119560,0
119561,0
119562,0
119563,0
119564,3
119565,0
119566,0
119567,0
119568,0
119569,0
119570,0
119571,0
119572,0
119573,0
119574,0
119575,0
119576,0
119577,0
119578,0
119579,0
119580,0
119581,0
119582,0
119583,0
119584,0
119585,1
119586,0
119587,0
119588,0
119589,0
119590,0
119591,0
119592,0
119593,0
119594,0
119595,6
119596,0
119597,0
119598,0
119599,0
119600,0
119601,0
119602,0
119603,0
119604,3
119605,0
119606,0
119607,0
119608,0
119609,0
119610,0
119611,0
119612,0
119613,0
119614,0
119615,0
119616,0
119617,0
119618,0
119619,0
119620,0
119621,0
119622,1
119623,0
119624,0
119625,0
119626,0
119627,0
119628,0
119629,0
119630,0
119631,0
119632,3
119633,0
119634,0
119635,4
119636,0
119637,0
119638,0
119639,0
119640,0
119641,0
119642,0
119643,0
119644,0
119645,0
119646,0
119647,0
119648,0
119649,0
119650,0
119651,0
119652,0
119653,4
119654,0
119655,0
119656,0
119657,0
119658,0
119659,0
119660,0
119661,0
119662,0
119663,0
119664,0
119665,0
119666,0
119667,0
119668,0
119669,0
119670,0
119671,0
119672,0
119673,0
119674,0
119675,1
119676,0
119677,0
119678,0
119679,0
119680,0
119681,0
119682,0
119683,0
119684,0
119685,0
119686,0
119687,0
119688,0
119689,0
119690,0
119691,0
119692,0
119693,0
119694,0
119695,0
119696,4
119697,4
119698,0
119699,4
119700,0
119701,0
119702,2
119703,0
119704,0
119705,0
119706,2
119707,0
119708,0
119709,0
119710,0
119711,0
119712,0
119713,0
119714,0
119715,0
119716,0
119717,5
119718,0
119719,0
119720,0
119721,0
119722,0
119723,0
119724,0
119725,0
119726,0
119727,0
119728,0
119729,0
119730,0
119731,3
119732,0
119733,0
119734,0
119735,0
119736,0
119737,0
119738,3
119739,0
119740,0
119741,0
119742,5
119743,0
119744,0
119745,0
119746,0
119747,0
119748,5
119749,0
119750,0
119751,0
119752,0
119753,0
119754,0
119755,3
119756,0
119757,0
119758,0
119759,0
119760,0
119761,0
119762,7
119763,0
119764,0
119765,0
119766,0
119767,3
119768,0
119769,0
119770,0
119771,0
119772,0
119773,0
119774,0
119775,0
119776,0
119777,0
119778,0
119779,0
119780,0
119781,0
119782,8
119783,0
119784,0
119785,0
119786,0
119787,0
119788,0
119789,0
119790,0
119791,0
119792,0
119793,4
119794,0
119795,0
119796,4
119797,0
119798,0
119799,0
119800,0
119801,0
119802,0
119803,0
119804,0
119805,0
119806,0
119807,0
119808,0
119809,0
119810,0
119811,0
119812,0
119813,0
119814,0
119815,0
119816,0
119817,4
119818,0
119819,0
119820,7
119821,0
119822,6
119823,0
119824,0
119825,0
119826,2
119827,0
119828,0
119829,0
119830,0
119831,0
119832,0
119833,0
119834,0
119835,0
119836,0
119837,0
119838,0
119839,0
119840,0
119841,0
119842,5
119843,0
119844,1
119845,0
119846,0
119847,0
119848,0
119849,0
119850,0
119851,0
119852,0
119853,0
119854,0
119855,0
119856,0
119857,0
119858,0
119859,0
119860,0
119861,0
119862,0
119863,0
119864,0
119865,0
119866,0
119867,0
119868,0
119869,0
119870,0
119871,0
119872,0
119873,4
119874,0
119875,0
119876,0
119877,0
119878,0
119879,0
119880,0
119881,0
119882,0
119883,0
119884,0
119885,0
119886,0
119887,0
119888,0
119889,0
119890,0
119891,0
119892,0
119893,0
119894,0
119895,0
119896,0
119897,0
119898,1
119899,2
119900,6
119901,2
119902,0
119903,0
119904,0
119905,9
119906,0
119907,0
119908,0
119909,0
119910,0
119911,0
119912,0
119913,0
119914,0
119915,0
119916,0
119917,0
119918,0
119919,0
119920,0
119921,0
119922,0
119923,0
119924,0
119925,0
119926,0
119927,0
119928,0
119929,0
119930,0
119931,0
119932,0
119933,0
119934,0
119935,0
119936,0
119937,0
119938,0
119939,0
119940,0
119941,0
119942,0
119943,0
119944,0
119945,0
119946,0
119947,0
119948,0
119949,0
119950,0
119951,0
119952,0
119953,0
119954,0
119955,0
119956,0
119957,0
119958,0
119959,0
119960,0
119961,0
119962,0
119963,0
119964,0
119965,0
119966,0
119967,0
119968,0
119969,0
119970,0
119971,0
119972,0
119973,0
119974,0
119975,0
119976,0
119977,0
119978,0
119979,0
119980,0
119981,0
119982,0
119983,0
119984,0
119985,0
119986,0
119987,0
119988,0
119989,0
119990,0
119991,0
119992,0
119993,0
119994,0
119995,0
119996,0
119997,0
119998,0
119999,0
120000,0
120001,0
120002,0
120003,0
120004,0
120005,0
120006,0
120007,0
120008,0
120009,0
120010,0
120011,0
120012,0
120013,0
120014,0
120015,0
120016,0
120017,0
120018,0
120019,0
120020,0
120021,0
120022,0
120023,0
120024,0
120025,0
120026,0
120027,0
120028,0
120029,0
120030,0
120031,0
120032,0
120033,0
120034,0
120035,0
120036,0
120037,0
120038,0
120039,0
120040,0
120041,0
120042,0
120043,0
120044,0
120045,0
120046,0
120047,0
120048,0
120049,0
120050,0
120051,0
120052,0
120053,0
120054,0
120055,0
120056,0
120057,0
120058,0
120059,0
120060,0
120061,0
120062,0
120063,0
120064,0
120065,0
120066,0
120067,0
120068,0
120069,0
120070,0
120071,0
120072,0
120073,0
120074,0
120075,0
120076,0
120077,0
120078,0
120079,0
120080,0
120081,0
120082,0
120083,0
120084,0
120085,0
120086,0
120087,0
120088,0
120089,0
120090,0
120091,0
120092,0
120093,0
120094,0
120095,0
120096,0
120097,0
120098,0
120099,0
120100,0
120101,0
120102,0
120103,0
120104,0
120105,0
120106,0
120107,0
120108,0
120109,0
120110,0
120111,0
120112,0
120113,0
120114,0
120115,17
120116,0
120117,0
120118,0
120119,0
120120,0
120121,0
120122,0
120123,0
120124,0
120125,18
120126,0
120127,0
120128,0
120129,0
120130,0
120131,0
120132,0
120133,0
120134,0
120135,0
120136,0
120137,0
120138,0
120139,0
120140,16
120141,0
120142,0
120143,0
120144,0
120145,0
120146,0
120147,0
120148,0
120149,0
120150,0
120151,0
120152,0
120153,0
120154,0
120155,0
120156,0
120157,26
120158,0
120159,0
120160,0
120161,0
120162,15
120163,0
120164,17
120165,0
120166,0
120167,0
120168,19
120169,0
120170,15
120171,0
120172,0
120173,0
120174,0
120175,0
120176,0
120177,0
120178,20
120179,22
120180,22
120181,0
120182,29
120183,0
120184,0
120185,0
120186,0
120187,0
120188,0
120189,0
120190,22
120191,0
120192,0
120193,25
120194,16
120195,0
120196,0
120197,0
120198,0
120199,0
120200,0
120201,0
120202,21
120203,0
120204,0
120205,0
120206,14
120207,0
120208,0
120209,0
120210,0
120211,0
120212,27
120213,0
120214,0
120215,0
120216,0
120217,26
120218,0
120219,18
120220,0
120221,18
120222,0
120223,18
120224,0
120225,0
120226,0
120227,8
120228,0
120229,0
120230,22
120231,0
120232,0
120233,21
120234,0
120235,0
120236,0
120237,0
120238,0
120239,0
120240,0
120241,0
120242,0
120243,0
120244,0
120245,25
120246,0
120247,0
120248,17
120249,0
120250,0
120251,0
120252,24
120253,0
120254,0
120255,0
120256,28
120257,0
120258,35
120259,0
120260,0
120261,0
120262,0
120263,0
120264,0
120265,0
120266,0
120267,0
120268,0
120269,0
120270,0
120271,0
120272,0
120273,21
120274,0
120275,0
120276,0
120277,0
120278,0
120279,0
120280,0
120281,0
120282,0
120283,26
120284,0
120285,21
120286,0
120287,0
120288,25
120289,19
120290,0
120291,0
120292,11
120293,0
120294,0
120295,0
120296,28
120297,0
120298,0
120299,0
120300,12
120301,0
120302,0
120303,0
120304,0
120305,0
120306,0
120307,0
120308,22
120309,0
120310,0
120311,0
120312,0
120313,0
120314,0
120315,0
120316,0
120317,20
120318,0
120319,0
120320,32
120321,15
120322,0
120323,0
120324,0
120325,0
120326,0
120327,28
120328,0
120329,17
120330,0
120331,0
120332,0
120333,0
120334,0
120335,0
120336,0
120337,0
120338,0
120339,19
120340,0
120341,0
120342,0
120343,0
120344,13
120345,0
120346,0
120347,0
120348,0
120349,0
120350,0
120351,27
120352,0
120353,0
120354,0
120355,0
120356,0
120357,0
120358,34
120359,0
120360,0
120361,0
120362,0
120363,31
120364,19
120365,0
120366,0
120367,0
120368,0
120369,0
120370,0
120371,20
120372,0
120373,0
120374,17
120375,0
120376,0
120377,0
120378,0
120379,18
120380,0
120381,0
120382,20
120383,0
120384,22
120385,20
120386,0
120387,0
120388,0
120389,0
120390,0
120391,0
120392,0
120393,24
120394,0
120395,0
120396,0
120397,18
120398,0
120399,0
120400,0
120401,0
120402,0
120403,18
120404,0
120405,0
120406,0
120407,0
120408,0
120409,0
120410,0
120411,31
120412,19
120413,0
120414,17
120415,0
120416,0
120417,20
120418,0
120419,26
120420,21
120421,0
120422,0
120423,0
120424,22
120425,0
120426,21
120427,0
120428,0
120429,0
120430,0
120431,25
120432,16
120433,33
120434,0
120435,0
120436,26
120437,37
120438,22
120439,0
120440,0
120441,14
120442,15
120443,0
120444,0
120445,0
120446,0
120447,19
120448,0
120449,0
120450,11
120451,0
120452,0
120453,8
120454,0
120455,0
120456,0
120457,22
120458,0
120459,0
120460,0
120461,0
120462,18
120463,0
120464,0
120465,19
120466,0
120467,0
120468,0
120469,0
120470,0
120471,0
120472,0
120473,22
120474,0
120475,0
120476,15
120477,0
120478,15
120479,20
120480,0
120481,0
120482,0
120483,0
120484,0
120485,0
120486,0
120487,0
120488,13
120489,0
120490,18
120491,24
120492,0
120493,0
120494,0
120495,0
120496,0
120497,27
120498,0
120499,18
120500,26
120501,25
120502,27
120503,0
120504,0
120505,18
120506,0
120507,0
120508,0
120509,0
120510,0
120511,0
120512,0
120513,19
120514,0
120515,25
120516,0
120517,0
120518,0
120519,23
120520,0
120521,15
120522,0
120523,26
120524,0
120525,0
120526,24
120527,0
120528,0
120529,22
120530,0
120531,0
120532,26
120533,0
120534,0
120535,16
120536,0
120537,0
120538,0
120539,0
120540,0
120541,0
120542,0
120543,0
120544,25
120545,11
120546,0
120547,0
120548,0
120549,20
120550,0
120551,0
120552,0
120553,0
120554,0
120555,22
120556,0
120557,0
120558,0
120559,0
120560,0
120561,0
120562,10
120563,0
120564,0
120565,0
120566,0
120567,0
120568,0
120569,0
120570,0
120571,22
120572,0
120573,0
120574,0
120575,0
120576,0
120577,0
120578,0
120579,0
120580,15
120581,0
120582,24
120583,0
120584,0
120585,0
120586,0
120587,31
120588,0
120589,0
120590,0
120591,0
120592,0
120593,0
120594,0
120595,0
120596,0
120597,0
120598,22
120599,0
120600,0
120601,0
120602,0
120603,14
120604,0
120605,0
120606,18
120607,0
120608,0
120609,0
120610,0
120611,0
120612,0
120613,0
120614,0
120615,26
120616,16
120617,0
120618,0
120619,0
120620,0
120621,0
120622,29
120623,0
120624,19
120625,21
120626,0
120627,32
120628,17
120629,0
120630,0
120631,0
120632,0
120633,0
120634,0
120635,0
120636,0
120637,0
120638,0
120639,14
120640,31
120641,10
120642,0
120643,0
120644,0
120645,0
120646,0
120647,0
120648,0
120649,0
120650,0
120651,14
120652,20
120653,24
120654,0
120655,0
120656,0
120657,0
120658,0
120659,0
120660,23
120661,23
120662,0
120663,0
120664,0
120665,0
120666,25
120667,0
120668,20
120669,12
120670,0
120671,0
120672,24
120673,0
120674,0
120675,0
120676,18
120677,0
120678,0
120679,0
120680,0
120681,22
120682,21
120683,0
120684,0
120685,19
120686,0
120687,0
120688,20
120689,0
120690,12
120691,19
120692,23
120693,0
120694,0
120695,0
120696,0
120697,0
120698,0
120699,0
120700,0
120701,22
120702,0
120703,15
120704,0
120705,21
120706,0
120707,0
120708,0
120709,0
120710,23
120711,0
120712,0
120713,0
120714,0
120715,0
120716,0
120717,0
120718,0
120719,0
120720,0
120721,0
120722,0
120723,0
120724,0
120725,10
120726,0
120727,0
120728,0
120729,29
120730,13
120731,15
120732,0
120733,0
120734,18
120735,0
120736,0
120737,0
120738,0
120739,0
120740,16
120741,0
120742,0
120743,0
120744,0
120745,0
120746,24
120747,0
120748,0
120749,0
120750,23
120751,0
120752,19
120753,33
120754,0
120755,0
120756,0
120757,0
120758,0
120759,0
120760,0
120761,0
120762,21
120763,0
120764,0
120765,0
120766,20
120767,0
120768,20
120769,0
120770,0
120771,0
120772,16
120773,18
120774,0
120775,0
120776,0
120777,0
120778,17
120779,0
120780,0
120781,0
120782,0
120783,0
120784,0
120785,0
120786,0
120787,0
120788,0
120789,0
120790,19
120791,0
120792,0
120793,23
120794,21
120795,22
120796,0
120797,0
120798,18
120799,0
120800,0
120801,22
120802,0
120803,0
120804,20
120805,0
120806,17
120807,0
120808,17
120809,0
120810,30
120811,0
120812,19
120813,32
120814,17
120815,0
120816,0
120817,0
120818,0
120819,0
120820,20
120821,0
120822,0
120823,0
120824,0
120825,0
120826,0
120827,0
120828,0
120829,0
120830,0
120831,0
120832,21
120833,0
120834,0
120835,0
120836,25
120837,0
120838,0
120839,0
120840,20
120841,0
120842,0
120843,0
120844,0
120845,0
120846,0
120847,0
120848,0
120849,0
120850,0
120851,0
120852,0
120853,0
120854,0
120855,18
120856,0
120857,0
120858,14
120859,0
120860,0
120861,0
120862,0
120863,0
120864,0
120865,0
120866,0
120867,0
120868,0
120869,0
120870,0
120871,19
120872,0
120873,0
120874,0
120875,0
120876,0
120877,0
120878,23
120879,0
120880,0
120881,0
120882,0
120883,0
120884,0
120885,15
120886,0
120887,9
120888,20
120889,0
120890,21
120891,30
120892,0
120893,0
120894,0
120895,0
120896,0
120897,0
120898,0
120899,0
120900,0
120901,19
120902,22
120903,0
120904,0
120905,0
120906,0
120907,0
120908,0
120909,0
120910,0
120911,0
120912,0
120913,0
120914,0
120915,0
120916,27
120917,15
120918,0
120919,0
120920,0
120921,0
120922,0
120923,0
120924,0
120925,0
120926,0
120927,29
120928,0
120929,0
120930,0
120931,0
120932,0
120933,0
120934,0
120935,0
120936,0
120937,0
120938,0
120939,21
120940,0
120941,0
120942,0
120943,0
120944,0
120945,28
120946,0
120947,0
120948,0
120949,0
120950,0
120951,16
120952,0
120953,0
120954,0
120955,0
120956,0
120957,13
120958,0
120959,0
120960,0
120961,0
120962,0
120963,0
120964,0
120965,0
120966,0
120967,0
120968,0
120969,0
120970,0
120971,18
120972,0
120973,0
120974,0
120975,18
120976,0
120977,0
120978,0
120979,29
120980,0
120981,50
120982,0
120983,0
120984,0
120985,0
120986,59
120987,0
120988,0
120989,0
120990,0
120991,0
120992,0
120993,21
120994,0
120995,0
120996,0
120997,0
120998,20
120999,34
121000,0
121001,0
121002,0
121003,32
121004,0
121005,0
121006,0
121007,0
121008,19
121009,0
121010,0
121011,0
121012,51
121013,0
121014,0
121015,0
121016,31
121017,0
121018,0
121019,0
121020,0
121021,0
121022,0
121023,0
121024,38
121025,0
121026,0
121027,0
121028,0
121029,0
121030,0
121031,0
121032,0
121033,0
121034,0
121035,0
121036,0
121037,0
121038,0
121039,0
121040,0
121041,0
121042,0
121043,0
121044,0
121045,0
121046,0
121047,56
121048,37
121049,0
121050,69
121051,0
121052,0
121053,0
121054,63
121055,0
121056,0
121057,0
121058,0
121059,0
121060,0
121061,0
121062,0
121063,58
121064,0
121065,36
121066,0
121067,0
121068,0
121069,0
121070,81
121071,0
121072,0
121073,0
121074,0
121075,0
121076,0
121077,0
121078,0
121079,0
121080,0
121081,0
121082,0
121083,38
121084,0
121085,0
121086,0
121087,0
121088,0
121089,0
121090,0
121091,0
121092,0
121093,20
121094,0
121095,0
121096,0
121097,0
121098,0
121099,0
121100,0
121101,57
121102,21
121103,0
121104,0
121105,58
121106,0
121107,0
121108,0
121109,0
121110,38
121111,0
121112,50
121113,0
121114,0
121115,0
121116,36
121117,0
121118,0
121119,0
121120,30
121121,0
121122,0
121123,60
121124,0
121125,27
121126,0
121127,0
121128,0
121129,0
121130,15
121131,0
121132,61
121133,0
121134,0
121135,0
121136,0
121137,34
121138,0
121139,0
121140,0
121141,0
121142,0
121143,0
121144,0
121145,42
121146,0
121147,0
121148,0
121149,32
121150,0
121151,68
121152,0
121153,0
121154,0
121155,51
121156,0
121157,0
121158,54
121159,0
121160,0
121161,0
121162,0
121163,0
121164,0
121165,0
121166,54
121167,0
121168,0
121169,0
121170,0
121171,0
121172,0
121173,66
121174,0
121175,0
121176,25
121177,0
121178,0
121179,0
121180,0
121181,37
121182,0
121183,28
121184,0
121185,0
121186,25
121187,0
121188,0
121189,0
121190,0
121191,0
121192,0
121193,0
121194,38
121195,0
121196,0
121197,0
121198,0
121199,33
121200,0
121201,0
121202,0
121203,0
121204,0
121205,0
121206,0
121207,0
121208,0
121209,0
121210,17
121211,0
121212,0
121213,38
121214,0
121215,0
121216,0
121217,0
121218,0
121219,25
121220,0
121221,32
121222,29
121223,0
121224,0
121225,0
121226,0
121227,0
121228,0
121229,0
121230,0
121231,0
121232,0
121233,21
121234,0
121235,0
121236,0
121237,0
121238,0
121239,0
121240,0
121241,0
121242,0
121243,0
121244,0
121245,0
121246,0
121247,0
121248,0
121249,0
121250,0
121251,0
121252,41
121253,0
121254,0
121255,42
121256,0
121257,0
121258,0
121259,0
121260,0
121261,0
121262,31
121263,0
121264,26
121265,0
121266,0
121267,0
121268,35
121269,32
121270,0
121271,0
121272,0
121273,0
121274,24
121275,0
121276,26
121277,0
121278,0
121279,0
121280,0
121281,0
121282,0
121283,29
121284,0
121285,27
121286,0
121287,29
121288,0
121289,0
121290,0
121291,0
121292,44
121293,24
121294,0
121295,0
121296,25
121297,0
121298,0
121299,0
121300,0
121301,0
121302,0
121303,0
121304,22
121305,0
121306,26
121307,0
121308,0
121309,0
121310,0
121311,0
121312,0
121313,0
121314,21
121315,0
121316,0
121317,0
121318,0
121319,0
121320,0
121321,0
121322,0
121323,0
121324,24
121325,0
121326,0
121327,0
121328,0
121329,0
121330,0
121331,0
121332,0
121333,0
121334,0
121335,0
121336,0
121337,0
121338,0
121339,0
121340,29
121341,0
121342,0
121343,0
121344,35
121345,0
121346,21
121347,0
121348,0
121349,0
121350,0
121351,0
121352,40
121353,0
121354,0
121355,0
121356,0
121357,0
121358,0
121359,0
121360,0
121361,0
121362,0
121363,0
121364,0
121365,0
121366,0
121367,0
121368,0
121369,0
121370,0
121371,0
121372,0
121373,0
121374,35
121375,0
121376,0
121377,0
121378,0
121379,0
121380,0
121381,0
121382,0
121383,0
121384,0
121385,0
121386,0
121387,29
121388,0
121389,24
121390,0
121391,0
121392,0
121393,0
121394,0
121395,0
121396,0
121397,0
121398,0
121399,0
121400,0
121401,0
121402,0
121403,0
121404,0
121405,0
121406,0
121407,0
121408,0
121409,0
121410,0
121411,0
121412,0
121413,0
121414,32
121415,0
121416,0
121417,0
121418,0
121419,42
121420,0
121421,0
121422,0
121423,0
121424,31
121425,0
121426,0
121427,0
121428,0
121429,24
121430,0
121431,0
121432,0
121433,0
121434,15
121435,0
121436,0
121437,37
121438,0
121439,0
121440,0
121441,0
121442,0
121443,0
121444,0
121445,0
121446,0
121447,0
121448,0
121449,0
121450,0
121451,20
121452,0
121453,23
121454,0
121455,0
121456,0
121457,0
121458,0
121459,0
121460,0
121461,0
121462,0
121463,20
121464,46
121465,0
121466,0
121467,25
121468,27
121469,0
121470,32
121471,0
121472,0
121473,0
121474,0
121475,0
121476,28
121477,0
121478,0
121479,0
121480,0
121481,0
121482,0
121483,0
121484,0
121485,0
121486,0
121487,0
121488,0
121489,26
121490,35
121491,0
121492,0
121493,0
121494,0
121495,0
121496,0
121497,0
121498,0
121499,0
121500,0
121501,27
121502,21
121503,0
121504,0
121505,42
121506,0
121507,17
121508,29
121509,0
121510,0
121511,0
121512,0
121513,23
121514,0
121515,0
121516,0
121517,0
121518,0
121519,0
121520,26
121521,0
121522,0
121523,0
121524,0
121525,0
121526,0
121527,0
121528,0
121529,0
121530,0
121531,19
121532,0
121533,0
121534,0
121535,0
121536,0
121537,0
121538,0
121539,0
121540,0
121541,0
121542,0
121543,0
121544,0
121545,38
121546,0
121547,0
121548,0
121549,0
121550,0
121551,0
121552,0
121553,0
121554,0
121555,0
121556,24
121557,21
121558,0
121559,30
121560,0
121561,0
121562,0
121563,0
121564,0
121565,0
121566,0
121567,0
121568,0
121569,0
121570,26
121571,0
121572,0
121573,30
121574,0
121575,0
121576,0
121577,37
121578,0
121579,0
121580,0
121581,28
121582,0
121583,0
121584,0
121585,0
121586,0
121587,0
121588,0
121589,0
121590,0
121591,0
121592,0
121593,0
121594,30
121595,0
121596,0
121597,0
121598,0
121599,0
121600,0
121601,0
121602,0
121603,0
121604,0
121605,0
121606,0
121607,0
121608,23
121609,0
121610,24
121611,0
121612,22
121613,0
121614,0
121615,0
121616,0
121617,0
121618,0
121619,0
121620,0
121621,0
121622,0
121623,0
121624,0
121625,0
121626,0
121627,0
121628,0
121629,0
121630,0
121631,20
121632,0
121633,0
121634,0
121635,0
121636,0
121637,0
121638,0
121639,0
121640,0
121641,0
121642,0
121643,0
121644,0
121645,0
121646,35
121647,44
121648,0
121649,23
121650,0
121651,0
121652,0
121653,0
121654,0
121655,0
121656,30
121657,0
121658,0
121659,0
121660,0
121661,0
121662,42
121663,0
121664,0
121665,0
121666,0
121667,0
121668,0
121669,0
121670,0
121671,0
121672,0
121673,25
121674,0
121675,0
121676,0
121677,0
121678,0
121679,0
121680,0
121681,0
121682,0
121683,0
121684,0
121685,0
121686,0
121687,0
121688,25
121689,26
121690,0
121691,0
121692,0
121693,0
121694,0
121695,0
121696,0
121697,0
121698,0
121699,0
121700,0
121701,0
121702,0
121703,0
121704,0
121705,0
121706,0
121707,0
121708,0
121709,0
121710,0
121711,0
121712,0
121713,0
121714,0
121715,0
121716,0
121717,0
121718,38
121719,0
121720,0
121721,0
121722,0
121723,0
121724,0
121725,20
121726,21
121727,0
121728,0
121729,0
121730,0
121731,0
121732,22
121733,0
121734,0
121735,30
121736,0
121737,23
121738,14
121739,0
121740,0
121741,0
121742,0
121743,0
121744,0
121745,0
121746,0
121747,0
121748,0
121749,0
121750,23
121751,0
121752,18
121753,13
121754,0
121755,0
121756,0
121757,16
121758,0
121759,0
121760,12
121761,0
121762,0
121763,0
121764,35
121765,0
121766,0
121767,0
121768,0
121769,31
121770,0
121771,0
121772,0
121773,0
121774,24
121775,17
121776,0
121777,0
121778,0
121779,0
121780,28
121781,0
121782,0
121783,0
121784,24
121785,35
121786,22
121787,0
121788,0
121789,0
121790,0
121791,20
121792,19
121793,0
121794,0
121795,0
121796,0
121797,0
121798,0
121799,0
121800,0
121801,0
121802,0
121803,25
121804,0
121805,0
121806,0
121807,0
121808,0
121809,19
121810,0
121811,0
121812,0
121813,0
121814,0
121815,33
121816,0
121817,0
121818,0
121819,18
121820,29
121821,12
121822,21
121823,28
121824,30
121825,0
121826,0
121827,0
121828,0
121829,0
121830,26
121831,14
121832,23
121833,0
121834,0
121835,0
121836,0
121837,0
121838,0
121839,0
121840,0
121841,0
121842,18
121843,0
121844,15
121845,27
121846,0
121847,24
121848,21
121849,0
121850,0
121851,14
121852,0
121853,0
121854,0
121855,0
121856,0
121857,0
121858,0
121859,29
121860,27
121861,0
121862,0
121863,0
121864,0
121865,0
121866,35
121867,0
121868,0
121869,26
121870,0
121871,0
121872,0
121873,0
121874,0
121875,22
121876,0
121877,0
121878,0
121879,0
121880,0
121881,0
121882,0
121883,0
121884,0
121885,0
121886,0
121887,0
121888,0
121889,0
121890,0
121891,0
121892,0
121893,0
121894,0
121895,0
121896,0
121897,0
121898,0
121899,0
121900,0
121901,0
121902,0
121903,0
121904,0
121905,0
121906,0
121907,0
121908,0
121909,0
121910,0
121911,0
121912,0
121913,0
121914,0
121915,0
121916,0
121917,0
121918,13
121919,0
121920,0
121921,0
121922,0
121923,27
121924,31
121925,0
121926,0
121927,0
121928,0
121929,0
121930,23
121931,0
121932,20
121933,0
121934,0
121935,0
121936,19
121937,0
121938,0
121939,0
121940,0
121941,0
121942,0
121943,0
121944,0
121945,0
121946,0
121947,0
121948,0
121949,0
121950,0
121951,0
121952,0
121953,0
121954,0
121955,0
121956,0
121957,0
121958,0
121959,0
121960,0
121961,0
121962,0
121963,0
121964,0
121965,0
121966,0
121967,0
121968,37
121969,25
121970,0
121971,0
121972,0
121973,0
121974,0
121975,0
121976,0
121977,0
121978,33
121979,0
121980,0
121981,0
121982,0
121983,16
121984,0
121985,0
121986,0
121987,0
121988,0
121989,0
121990,0
121991,0
121992,0
121993,0
121994,0
121995,0
121996,0
121997,0
121998,0
121999,0
122000,24
122001,0
122002,0
122003,0
122004,0
122005,0
122006,0
122007,0
122008,0
122009,0
122010,0
122011,0
122012,0
122013,0
122014,0
122015,0
122016,0
122017,0
122018,0
122019,0
122020,0
122021,0
122022,0
122023,0
122024,0
122025,0
122026,0
122027,0
122028,0
122029,0
122030,33
122031,0
122032,0
122033,0
122034,0
122035,0
122036,0
122037,0
122038,0
122039,29
122040,0
122041,27
122042,0
122043,0
122044,0
122045,0
122046,0
122047,0
122048,0
122049,0
122050,0
122051,7
122052,24
122053,0
122054,19
122055,0
122056,0
122057,0
122058,0
122059,0
122060,0
122061,0
122062,33
122063,0
122064,0
122065,0
122066,0
122067,0
122068,0
122069,0
122070,0
122071,0
122072,0
122073,0
122074,0
122075,0
122076,0
122077,0
122078,0
122079,0
122080,0
122081,0
122082,0
122083,0
122084,0
122085,0
122086,0
122087,0
122088,0
122089,0
122090,0
122091,0
122092,0
122093,0
122094,0
122095,0
122096,0
122097,0
122098,0
122099,0
122100,0
122101,0
122102,0
122103,0
122104,0
122105,17
122106,0
122107,0
122108,0
122109,0
122110,0
122111,0
122112,36
122113,26
122114,0
122115,0
122116,0
122117,0
122118,0
122119,0
122120,0
122121,0
122122,34
122123,0
122124,0
122125,0
122126,0
122127,0
122128,0
122129,0
122130,0
122131,0
122132,19
122133,0
122134,0
122135,0
122136,0
122137,0
122138,24
122139,0
122140,0
122141,0
122142,0
122143,0
122144,0
122145,0
122146,0
122147,0
122148,0
122149,0
122150,0
122151,0
122152,0
122153,17
122154,0
122155,0
122156,0
122157,0
122158,0
122159,0
122160,0
122161,0
122162,0
122163,0
122164,0
122165,0
122166,0
122167,0
122168,0
122169,0
122170,0
122171,0
122172,0
122173,0
122174,0
122175,0
122176,0
122177,0
122178,0
122179,0
122180,0
122181,0
122182,0
122183,27
122184,0
122185,0
122186,0
122187,0
122188,0
122189,0
122190,0
122191,0
122192,0
122193,0
122194,0
122195,0
122196,41
122197,0
122198,0
122199,0
122200,48
122201,0
122202,0
122203,0
122204,0
122205,0
122206,0
122207,0
122208,0
122209,0
122210,0
122211,0
122212,0
122213,0
122214,44
122215,31
122216,30
122217,0
122218,44
122219,0
122220,36
122221,0
122222,0
122223,0
122224,0
122225,0
122226,0
122227,0
122228,0
122229,41
122230,0
122231,0
122232,31
122233,0
122234,0
122235,50
122236,0
122237,0
122238,0
122239,0
122240,0
122241,38
122242,48
122243,0
122244,0
122245,0
122246,0
122247,31
122248,0
122249,33
122250,0
122251,38
122252,0
122253,0
122254,0
122255,0
122256,0
122257,0
122258,0
122259,0
122260,51
122261,0
122262,0
122263,0
122264,0
122265,0
122266,0
122267,48
122268,0
122269,0
122270,0
122271,0
122272,44
122273,0
122274,51
122275,29
122276,0
122277,0
122278,0
122279,0
122280,47
122281,38
122282,0
122283,0
122284,0
122285,24
122286,0
122287,0
122288,0
122289,37
122290,19
122291,0
122292,0
122293,45
122294,0
122295,47
122296,47
122297,0
122298,0
122299,0
122300,34
122301,0
122302,0
122303,0
122304,36
122305,37
122306,0
122307,0
122308,34
122309,0
122310,0
122311,44
122312,38
122313,0
122314,0
122315,0
122316,0
122317,33
122318,0
122319,32
122320,40
122321,0
122322,0
122323,0
122324,46
122325,44
122326,0
122327,37
122328,47
122329,0
122330,43
122331,0
122332,0
122333,0
122334,37
122335,0
122336,0
122337,0
122338,0
122339,45
122340,0
122341,0
122342,0
122343,0
122344,0
122345,0
122346,0
122347,0
122348,0
122349,0
122350,0
122351,0
122352,0
122353,0
122354,36
122355,47
122356,51
122357,0
122358,41
122359,0
122360,0
122361,0
122362,0
122363,0
122364,33
122365,0
122366,40
122367,0
122368,0
122369,44
122370,0
122371,0
122372,48
122373,0
122374,0
122375,0
122376,0
122377,0
122378,0
122379,0
122380,51
122381,0
122382,0
122383,0
122384,0
122385,0
122386,45
122387,0
122388,50
122389,0
122390,34
122391,0
122392,0
122393,0
122394,35
122395,0
122396,0
122397,0
122398,35
122399,0
122400,0
122401,0
122402,0
122403,0
122404,0
122405,0
122406,0
122407,0
122408,0
122409,35
122410,0
122411,0
122412,0
122413,40
122414,0
122415,0
122416,0
122417,0
122418,40
122419,0
122420,0
122421,0
122422,0
122423,28
122424,0
122425,0
122426,50
122427,49
122428,0
122429,0
122430,61
122431,0
122432,30
122433,0
122434,0
122435,32
122436,26
122437,0
122438,0
122439,0
122440,0
122441,0
122442,42
122443,23
122444,0
122445,36
122446,0
122447,0
122448,32
122449,0
122450,40
122451,0
122452,0
122453,0
122454,0
122455,0
122456,29
122457,0
122458,0
122459,0
122460,0
122461,0
122462,0
122463,0
122464,0
122465,44
122466,0
122467,0
122468,0
122469,0
122470,0
122471,0
122472,0
122473,30
122474,0
122475,31
122476,45
122477,35
122478,40
122479,0
122480,0
122481,0
122482,0
122483,0
122484,0
122485,0
122486,0
122487,0
122488,0
122489,0
122490,0
122491,0
122492,0
122493,37
122494,0
122495,0
122496,0
122497,0
122498,0
122499,0
122500,33
122501,0
122502,0
122503,36
122504,0
122505,54
122506,34
122507,0
122508,0
122509,35
122510,0
122511,0
122512,45
122513,0
122514,0
122515,0
122516,0
122517,0
122518,0
122519,0
122520,0
122521,57
122522,0
122523,41
122524,61
122525,0
122526,38
122527,0
122528,0
122529,38
122530,0
122531,43
122532,0
122533,0
122534,0
122535,0
122536,0
122537,56
122538,0
122539,0
122540,0
122541,35
122542,29
122543,45
122544,35
122545,41
122546,51
122547,46
122548,0
122549,0
122550,0
122551,0
122552,0
122553,0
122554,24
122555,49
122556,0
122557,0
122558,0
122559,0
122560,0
122561,0
122562,0
122563,44
122564,0
122565,0
122566,0
122567,31
122568,0
122569,0
122570,0
122571,0
122572,0
122573,0
122574,0
122575,0
122576,0
122577,0
122578,51
122579,39
122580,28
122581,0
122582,0
122583,33
122584,0
122585,33
122586,0
122587,0
122588,0
122589,0
122590,0
122591,0
122592,0
122593,0
122594,0
122595,30
122596,0
122597,0
122598,0
122599,0
122600,0
122601,0
122602,0
122603,0
122604,0
122605,0
122606,44
122607,51
122608,0
122609,0
122610,35
122611,0
122612,39
122613,0
122614,0
122615,36
122616,0
122617,46
122618,0
122619,42
122620,0
122621,0
122622,0
122623,39
122624,0
122625,0
122626,0
122627,0
122628,0
122629,0
122630,24
122631,0
122632,0
122633,31
122634,22
122635,0
122636,0
122637,33
122638,46
122639,0
122640,0
122641,27
122642,0
122643,32
122644,0
122645,0
122646,0
122647,44
122648,0
122649,0
122650,36
122651,0
122652,0
122653,0
122654,48
122655,0
122656,0
122657,39
122658,0
122659,0
122660,42
122661,0
122662,44
122663,0
122664,36
122665,0
122666,0
122667,0
122668,0
122669,0
122670,0
122671,0
122672,0
122673,29
122674,0
122675,0
122676,0
122677,43
122678,0
122679,0
122680,0
122681,0
122682,0
122683,0
122684,0
122685,0
122686,0
122687,29
122688,49
122689,21
122690,0
122691,0
122692,0
122693,0
122694,35
122695,29
122696,32
122697,0
122698,0
122699,0
122700,0
122701,0
122702,0
122703,37
122704,33
122705,0
122706,0
122707,34
122708,0
122709,47
122710,0
122711,36
122712,0
122713,0
122714,0
122715,0
122716,0
122717,0
122718,47
122719,0
122720,0
122721,52
122722,0
122723,0
122724,0
122725,51
122726,0
122727,0
122728,46
122729,0
122730,0
122731,0
122732,0
122733,0
122734,0
122735,42
122736,0
122737,0
122738,0
122739,0
122740,0
122741,33
122742,50
122743,48
122744,0
122745,45
122746,0
122747,51
122748,0
122749,0
122750,38
122751,30
122752,0
122753,0
122754,32
122755,0
122756,0
122757,0
122758,0
122759,0
122760,40
122761,0
122762,0
122763,0
122764,0
122765,46
122766,0
122767,0
122768,0
122769,0
122770,0
122771,38
122772,0
122773,0
122774,27
122775,41
122776,0
122777,0
122778,0
122779,0
122780,0
122781,43
122782,0
122783,35
122784,35
122785,0
122786,38
122787,0
122788,0
122789,0
122790,0
122791,0
122792,0
122793,34
122794,39
122795,35
122796,0
122797,0
122798,55
122799,0
122800,0
122801,0
122802,0
122803,38
122804,0
122805,0
122806,59
122807,0
122808,35
122809,0
122810,46
122811,0
122812,0
122813,0
122814,42
122815,0
122816,0
122817,31
122818,0
122819,0
122820,33
122821,0
122822,0
122823,0
122824,0
122825,0
122826,0
122827,0
122828,0
122829,0
122830,0
122831,0
122832,40
122833,0
122834,32
122835,31
122836,0
122837,0
122838,0
122839,45
122840,0
122841,36
122842,0
122843,0
122844,0
122845,0
122846,0
122847,0
122848,0
122849,0
122850,0
122851,0
122852,0
122853,0
122854,0
122855,0
122856,40
122857,0
122858,46
122859,0
122860,0
122861,0
122862,0
122863,0
122864,42
122865,51
122866,0
122867,0
122868,0
122869,0
122870,28
122871,0
122872,0
122873,27
122874,0
122875,0
122876,0
122877,0
122878,0
122879,49
122880,0
122881,0
122882,0
122883,0
122884,0
122885,0
122886,0
122887,0
122888,0
122889,0
122890,34
122891,0
122892,0
122893,47
122894,0
122895,0
122896,36
122897,0
122898,0
122899,37
122900,0
122901,0
122902,39
122903,37
122904,0
122905,35
122906,40
122907,33
122908,0
122909,45
122910,0
122911,0
122912,0
122913,0
122914,0
122915,37
122916,46
122917,0
122918,0
122919,51
122920,0
122921,44
122922,0
122923,0
122924,26
122925,0
122926,0
122927,0
122928,36
122929,26
122930,0
122931,31
122932,0
122933,0
122934,0
122935,0
122936,49
122937,51
122938,0
122939,0
122940,0
122941,0
122942,0
122943,0
122944,0
122945,0
122946,48
122947,29
122948,0
122949,36
122950,46
122951,0
122952,0
122953,0
122954,0
122955,0
122956,0
122957,0
122958,0
122959,0
122960,0
122961,0
122962,0
122963,0
122964,0
122965,0
122966,43
122967,0
122968,0
122969,45
122970,0
122971,0
122972,42
122973,0
122974,0
122975,47
122976,0
122977,0
122978,0
122979,51
122980,34
122981,0
122982,54
122983,0
122984,0
122985,0
122986,0
122987,0
122988,33
122989,0
122990,0
122991,0
122992,36
122993,0
122994,59
122995,37
122996,0
122997,0
122998,0
122999,0
123000,52
123001,0
123002,0
123003,0
123004,0
123005,0
123006,0
123007,0
123008,0
123009,0
123010,0
123011,0
123012,0
123013,0
123014,0
123015,0
123016,40
123017,0
123018,0
123019,0
123020,49
123021,0
123022,0
123023,0
123024,0
123025,0
123026,34
123027,0
123028,0
123029,49
123030,0
123031,50
123032,0
123033,46
123034,0
123035,44
123036,28
123037,0
123038,0
123039,0
123040,45
123041,0
123042,0
123043,0
123044,34
123045,0
123046,0
123047,44
123048,0
123049,0
123050,31
123051,0
123052,0
123053,54
123054,35
123055,0
123056,35
123057,0
123058,0
123059,0
123060,0
123061,46
123062,0
123063,0
123064,0
123065,0
123066,29
123067,45
123068,0
123069,0
123070,0
123071,46
123072,0
123073,32
123074,44
123075,30
123076,35
123077,0
123078,0
123079,0
123080,0
123081,0
123082,43
123083,34
123084,0
123085,0
123086,0
123087,0
123088,0
123089,0
123090,0
123091,0
123092,0
123093,0
123094,0
123095,36
123096,0
123097,32
123098,44
123099,40
123100,0
123101,0
123102,39
123103,0
123104,0
123105,4
123106,0
123107,0
123108,0
123109,4
123110,0
123111,0
123112,0
123113,0
123114,0
123115,2
123116,0
123117,3
123118,0
123119,4
123120,0
123121,0
123122,4
123123,4
123124,0
123125,0
123126,0
123127,0
123128,0
123129,0
123130,0
123131,0
123132,0
123133,0
123134,0
123135,5
123136,6
123137,8
123138,0
123139,0
123140,0
123141,2
123142,0
123143,0
123144,2
123145,2
123146,0
123147,2
123148,0
123149,2
123150,0
123151,0
123152,2
123153,0
123154,0
123155,1
123156,0
123157,0
123158,0
123159,0
123160,0
123161,3
123162,0
123163,0
123164,0
123165,0
123166,0
123167,0
123168,0
123169,4
123170,0
123171,0
123172,0
123173,0
123174,0
123175,0
123176,0
123177,0
123178,0
123179,0
123180,0
123181,0
123182,0
123183,0
123184,1
123185,0
123186,0
123187,0
123188,0
123189,2
123190,0
123191,0
123192,2
123193,0
123194,0
123195,0
123196,4
123197,0
123198,0
123199,0
123200,0
123201,0
123202,0
123203,0
123204,0
123205,6
123206,0
123207,1
123208,0
123209,0
123210,0
123211,0
123212,5
123213,3
123214,0
123215,0
123216,0
123217,0
123218,0
123219,0
123220,0
123221,2
123222,0
123223,0
123224,5
123225,0
123226,0
123227,0
123228,0
123229,0
123230,0
123231,0
123232,0
123233,0
123234,2
123235,0
123236,0
123237,0
123238,0
123239,5
123240,0
123241,0
123242,0
123243,0
123244,3
123245,0
123246,0
123247,1
123248,0
123249,0
123250,1
123251,0
123252,2
123253,0
123254,0
123255,0
123256,0
123257,4
123258,0
123259,0
123260,0
123261,2
123262,5
123263,0
123264,0
123265,0
123266,0
123267,3
123268,0
123269,0
123270,0
123271,2
123272,0
123273,0
123274,0
123275,0
123276,0
123277,0
123278,0
123279,0
123280,0
123281,0
123282,0
123283,0
123284,0
123285,0
123286,0
123287,2
123288,0
123289,5
123290,1
123291,3
123292,0
123293,0
123294,0
123295,0
123296,2
123297,3
123298,0
123299,0
123300,0
123301,0
123302,0
123303,0
123304,0
123305,0
123306,2
123307,0
123308,0
123309,3
123310,0
123311,0
123312,0
123313,0
123314,0
123315,1
123316,4
123317,0
123318,0
123319,0
123320,0
123321,2
123322,0
123323,5
123324,1
123325,2
123326,8
123327,0
123328,0
123329,0
123330,4
123331,0
123332,0
123333,0
123334,0
123335,0
123336,0
123337,6
123338,0
123339,3
123340,5
123341,0
123342,0
123343,0
123344,0
123345,0
123346,0
123347,0
123348,0
123349,6
123350,4
123351,2
123352,3
123353,2
123354,0
123355,1
123356,0
123357,0
123358,0
123359,0
123360,0
123361,0
123362,0
123363,1
123364,0
123365,3
123366,0
123367,1
123368,2
123369,3
123370,3
123371,0
123372,0
123373,0
123374,0
123375,0
123376,0
123377,0
123378,0
123379,0
123380,0
123381,0
123382,0
123383,0
123384,0
123385,1
123386,0
123387,1
123388,3
123389,1
123390,0
123391,0
123392,0
123393,0
123394,0
123395,0
123396,0
123397,0
123398,5
123399,0
123400,0
123401,5
123402,0
123403,0
123404,0
123405,0
123406,0
123407,0
123408,0
123409,0
123410,0
123411,5
123412,0
123413,6
123414,0
123415,4
123416,4
123417,0
123418,0
123419,2
123420,0
123421,1
123422,0
123423,0
123424,3
123425,0
123426,2
123427,0
123428,0
123429,2
123430,3
123431,0
123432,1
123433,0
123434,0
123435,0
123436,0
123437,0
123438,4
123439,0
123440,0
123441,0
123442,0
123443,3
123444,0
123445,3
123446,0
123447,0
123448,0
123449,2
123450,0
123451,0
123452,0
123453,0
123454,0
123455,2
123456,0
123457,0
123458,0
123459,3
123460,0
123461,0
123462,0
123463,0
123464,0
123465,0
123466,0
123467,0
123468,0
123469,0
123470,0
123471,0
123472,0
123473,0
123474,0
123475,0
123476,0
123477,0
123478,0
123479,0
123480,27
123481,0
123482,0
123483,0
123484,0
123485,0
123486,0
123487,0
123488,0
123489,0
123490,0
123491,0
123492,0
123493,0
123494,0
123495,0
123496,0
123497,0
123498,0
123499,0
123500,0
123501,0
123502,0
123503,0
123504,0
123505,0
123506,0
123507,0
123508,0
123509,0
123510,0
123511,0
123512,0
123513,0
123514,0
123515,0
123516,0
123517,0
123518,0
123519,0
123520,0
123521,0
123522,0
123523,0
123524,0
123525,0
123526,0
123527,0
123528,0
123529,0
123530,0
123531,30
123532,0
123533,0
123534,21
123535,0
123536,0
123537,0
123538,0
123539,21
123540,0
123541,0
123542,0
123543,0
123544,0
123545,0
123546,0
123547,0
123548,0
123549,0
123550,23
123551,0
123552,0
123553,0
123554,0
123555,0
123556,0
123557,0
123558,0
123559,0
123560,0
123561,25
123562,0
123563,0
123564,0
123565,0
123566,0
123567,0
123568,0
123569,0
123570,0
123571,0
123572,0
123573,0
123574,30
123575,0
123576,0
123577,0
123578,0
123579,0
123580,0
123581,0
123582,0
123583,0
123584,0
123585,0
123586,0
123587,0
123588,0
123589,0
123590,0
123591,23
123592,0
123593,49
123594,0
123595,0
123596,0
123597,0
123598,0
123599,0
123600,0
123601,0
123602,0
123603,0
123604,0
123605,21
123606,0
123607,0
123608,0
123609,0
123610,25
123611,0
123612,0
123613,0
123614,0
123615,0
123616,0
123617,0
123618,0
123619,0
123620,0
123621,0
123622,0
123623,0
123624,0
123625,0
123626,0
123627,0
123628,0
123629,0
123630,27
123631,0
123632,0
123633,0
123634,0
123635,0
123636,0
123637,31
123638,0
123639,0
123640,0
123641,0
123642,0
123643,0
123644,0
123645,0
123646,0
123647,0
123648,0
123649,0
123650,0
123651,0
123652,0
123653,0
123654,0
123655,0
123656,0
123657,0
123658,35
123659,0
123660,0
123661,18
123662,0
123663,0
123664,0
123665,0
123666,0
123667,0
123668,0
123669,0
123670,0
123671,0
123672,0
123673,0
123674,0
123675,47
123676,0
123677,0
123678,0
123679,0
123680,0
123681,0
123682,0
123683,0
123684,0
123685,0
123686,0
123687,0
123688,0
123689,0
123690,0
123691,0
123692,0
123693,0
123694,0
123695,0
123696,0
123697,0
123698,0
123699,0
123700,0
123701,27
123702,30
123703,0
123704,0
123705,0
123706,0
123707,0
123708,0
123709,0
123710,0
123711,0
123712,0
123713,0
123714,0
123715,44
123716,0
123717,26
123718,0
123719,0
123720,30
123721,0
123722,0
123723,0
123724,0
123725,0
123726,0
123727,0
123728,0
123729,0
123730,0
123731,0
123732,0
123733,0
123734,0
123735,26
123736,0
123737,0
123738,0
123739,0
123740,0
123741,0
123742,0
123743,0
123744,0
123745,0
123746,0
123747,0
123748,0
123749,0
123750,0
123751,0
123752,0
123753,0
123754,0
123755,0
123756,0
123757,0
123758,0
123759,0
123760,0
123761,0
123762,0
123763,0
123764,0
123765,0
123766,0
123767,32
123768,0
123769,0
123770,0
123771,0
123772,0
123773,0
123774,0
123775,0
123776,0
123777,0
123778,0
123779,0
123780,0
123781,0
123782,0
123783,28
123784,0
123785,0
123786,0
123787,0
123788,0
123789,27
123790,0
123791,0
123792,0
123793,0
123794,0
123795,0
123796,0
123797,0
123798,0
123799,0
123800,0
123801,0
123802,0
123803,0
123804,0
123805,0
123806,0
123807,0
123808,0
123809,0
123810,0
123811,0
123812,0
123813,0
123814,0
123815,0
123816,0
123817,0
123818,0
123819,37
123820,20
123821,0
123822,0
123823,0
123824,29
123825,0
123826,0
123827,0
123828,0
123829,0
123830,20
123831,0
123832,0
123833,0
123834,0
123835,0
123836,0
123837,22
123838,0
123839,0
123840,0
123841,0
123842,18
123843,0
123844,0
123845,0
123846,0
123847,0
123848,0
123849,0
123850,0
123851,0
123852,0
123853,0
123854,0
123855,0
123856,0
123857,0
123858,0
123859,0
123860,0
123861,0
123862,0
123863,0
123864,0
123865,0
123866,0
123867,0
123868,0
123869,0
123870,0
123871,0
123872,0
123873,0
123874,0
123875,0
123876,0
123877,0
123878,28
123879,0
123880,0
123881,0
123882,0
123883,0
123884,0
123885,0
123886,0
123887,0
123888,0
123889,0
123890,0
123891,0
123892,0
123893,0
123894,0
123895,0
123896,0
123897,0
123898,0
123899,0
123900,0
123901,0
123902,0
123903,0
123904,0
123905,0
123906,24
123907,0
123908,45
123909,0
123910,0
123911,0
123912,0
123913,0
123914,27
123915,0
123916,0
123917,22
123918,0
123919,0
123920,30
123921,0
123922,0
123923,0
123924,0
123925,0
123926,0
123927,0
123928,0
123929,0
123930,24
123931,0
123932,0
123933,0
123934,0
123935,0
123936,0
123937,0
123938,0
123939,0
123940,0
123941,0
123942,0
123943,0
123944,0
123945,0
123946,0
123947,0
123948,0
123949,0
123950,0
123951,0
123952,0
123953,0
123954,0
123955,0
123956,0
123957,0
123958,0
123959,0
123960,0
123961,0
123962,0
123963,25
123964,0
123965,25
123966,0
123967,0
123968,0
123969,0
123970,0
123971,0
123972,0
123973,25
123974,0
123975,27
123976,0
123977,0
123978,0
123979,0
123980,0
123981,0
123982,0
123983,0
123984,0
123985,0
123986,0
123987,0
123988,26
123989,0
123990,0
123991,0
123992,0
123993,0
123994,0
123995,0
123996,0
123997,0
123998,0
123999,0
124000,0
124001,0
124002,0
124003,0
124004,29
124005,33
124006,0
124007,0
124008,0
124009,0
124010,24
124011,0
124012,0
124013,0
124014,0
124015,0
124016,0
124017,21
124018,0
124019,0
124020,0
124021,0
124022,0
124023,0
124024,0
124025,0
124026,0
124027,0
124028,0
124029,0
124030,0
124031,0
124032,0
124033,0
124034,28
124035,0
124036,0
124037,0
124038,0
124039,0
124040,42
124041,0
124042,0
124043,0
124044,0
124045,0
124046,0
124047,0
124048,0
124049,0
124050,0
124051,0
124052,0
124053,0
124054,0
124055,20
124056,0
124057,0
124058,0
124059,0
124060,0
124061,0
124062,0
124063,0
124064,0
124065,0
124066,0
124067,0
124068,0
124069,0
124070,0
124071,0
124072,0
124073,0
124074,0
124075,0
124076,0
124077,0
124078,0
124079,0
124080,0
124081,0
124082,0
124083,0
124084,0
124085,24
124086,0
124087,0
124088,0
124089,0
124090,0
124091,24
124092,0
124093,18
124094,34
124095,0
124096,0
124097,0
124098,0
124099,0
124100,0
124101,0
124102,0
124103,0
124104,0
124105,30
124106,0
124107,0
124108,44
124109,0
124110,0
124111,0
124112,0
124113,0
124114,0
124115,0
124116,30
124117,0
124118,0
124119,0
124120,0
124121,0
124122,0
124123,0
124124,39
124125,0
124126,0
124127,0
124128,0
124129,0
124130,0
124131,0
124132,0
124133,0
124134,0
124135,0
124136,0
124137,0
124138,0
124139,28
124140,0
124141,0
124142,0
124143,0
124144,0
124145,0
124146,0
124147,0
124148,0
124149,0
124150,0
124151,0
124152,0
124153,0
124154,0
124155,0
124156,0
124157,0
124158,0
124159,0
124160,0
124161,0
124162,0
124163,0
124164,0
124165,0
124166,0
124167,0
124168,0
124169,0
124170,0
124171,27
124172,0
124173,0
124174,0
124175,0
124176,39
124177,0
124178,0
124179,0
124180,0
124181,0
124182,0
124183,0
124184,0
124185,0
124186,0
124187,0
124188,0
124189,0
124190,0
124191,0
124192,0
124193,0
124194,0
124195,35
124196,26
124197,0
124198,33
124199,0
124200,0
124201,0
124202,0
124203,0
124204,0
124205,0
124206,0
124207,0
124208,0
124209,0
124210,0
124211,37
124212,0
124213,0
124214,0
124215,0
124216,0
124217,0
124218,0
124219,0
124220,0
124221,0
124222,0
124223,0
124224,0
124225,0
124226,0
124227,0
124228,0
124229,0
124230,0
124231,0
124232,0
124233,0
124234,0
124235,0
124236,0
124237,0
124238,0
124239,0
124240,0
124241,0
124242,0
124243,0
124244,0
124245,0
124246,0
124247,0
124248,0
124249,0
124250,0
124251,0
124252,0
124253,0
124254,0
124255,0
124256,22
124257,0
124258,0
124259,0
124260,0
124261,0
124262,0
124263,0
124264,36
124265,33
124266,0
124267,23
124268,0
124269,0
124270,0
124271,0
124272,0
124273,16
124274,20
124275,0
124276,0
124277,0
124278,0
124279,21
124280,0
124281,0
124282,0
124283,0
124284,0
124285,0
124286,0
124287,0
124288,0
124289,0
124290,30
124291,0
124292,0
124293,0
124294,0
124295,0
124296,0
124297,0
124298,0
124299,0
124300,0
124301,0
124302,0
124303,0
124304,0
124305,0
124306,0
124307,0
124308,0
124309,0
124310,0
124311,27
124312,0
124313,0
124314,0
124315,0
124316,0
124317,0
124318,0
124319,0
124320,0
124321,0
124322,0
124323,0
124324,0
124325,0
124326,0
124327,0
124328,0
124329,0
124330,0
124331,24
124332,0
124333,0
124334,0
124335,0
124336,21
124337,0
124338,0
124339,0
124340,0
124341,29
124342,0
124343,0
124344,0
124345,0
124346,0
124347,0
124348,0
124349,0
124350,0
124351,0
124352,0
124353,0
124354,0
124355,0
124356,0
124357,0
124358,0
124359,0
124360,0
124361,0
124362,0
124363,0
124364,0
124365,0
124366,0
124367,0
124368,0
124369,0
124370,0
124371,0
124372,0
124373,0
124374,0
124375,0
124376,0
124377,0
124378,0
124379,0
124380,0
124381,0
124382,0
124383,0
124384,0
124385,0
124386,0
124387,0
124388,0
124389,0
124390,0
124391,0
124392,0
124393,0
124394,0
124395,0
124396,0
124397,0
124398,0
124399,0
124400,0
124401,0
124402,0
124403,0
124404,0
124405,0
124406,0
124407,0
124408,0
124409,0
124410,0
124411,0
124412,0
124413,0
124414,0
124415,0
124416,0
124417,0
124418,0
124419,0
124420,0
124421,0
124422,0
124423,0
124424,0
124425,0
124426,0
124427,0
124428,0
124429,0
124430,0
124431,0
124432,0
124433,0
124434,0
124435,0
124436,0
124437,0
124438,0
124439,0
124440,0
124441,0
124442,0
124443,0
124444,0
124445,0
124446,0
124447,0
124448,0
124449,0
124450,0
124451,0
124452,0
124453,0
124454,0
124455,0
124456,0
124457,0
124458,0
124459,0
124460,0
124461,0
124462,0
124463,0
124464,0
124465,0
124466,0
124467,0
124468,0
124469,0
124470,0
124471,0
124472,0
124473,0
124474,0
124475,0
124476,0
124477,0
124478,0
124479,0
124480,0
124481,0
124482,0
124483,0
124484,0
124485,0
124486,0
124487,0
124488,0
124489,0
124490,0
124491,0
124492,0
124493,0
124494,0
124495,0
124496,0
124497,0
124498,0
124499,0
124500,0
124501,0
124502,0
124503,0
124504,0
124505,0
124506,0
124507,0
124508,0
124509,0
124510,0
124511,0
124512,0
124513,0
124514,0
124515,0
124516,0
124517,0
124518,0
124519,0
124520,0
124521,0
124522,0
124523,0
124524,0
124525,0
124526,0
124527,0
124528,0
124529,0
124530,0
124531,0
124532,0
124533,0
124534,0
124535,0
124536,0
124537,0
124538,0
124539,0
124540,0
124541,0
124542,0
124543,0
124544,0
124545,0
124546,0
124547,0
124548,0
124549,0
124550,0
124551,0
124552,0
124553,0
124554,0
124555,0
124556,0
124557,0
124558,0
124559,0
124560,0
124561,0
124562,0
124563,0
124564,0
124565,0
124566,0
124567,0
124568,0
124569,0
124570,0
124571,0
124572,0
124573,0
124574,0
124575,0
124576,0
124577,0
124578,0
124579,0
124580,0
124581,0
124582,0
124583,0
124584,0
124585,0
124586,0
124587,0
124588,0
124589,0
124590,0
124591,0
124592,0
124593,0
124594,0
124595,0
124596,0
124597,0
124598,0
124599,0
124600,0
124601,0
124602,0
124603,0
124604,0
124605,0
124606,0
124607,0
124608,0
124609,0
124610,0
124611,0
124612,0
124613,0
124614,0
124615,0
124616,0
124617,0
124618,0
124619,0
124620,0
124621,0
124622,0
124623,0
124624,0
124625,0
124626,0
124627,0
124628,0
124629,0
124630,0
124631,0
124632,0
124633,0
124634,0
124635,0
124636,0
124637,0
124638,0
124639,0
124640,0
124641,0
124642,0
124643,0
124644,0
124645,0
124646,0
124647,0
124648,0
124649,0
124650,0
124651,0
124652,0
124653,0
124654,0
124655,0
124656,0
124657,0
124658,0
124659,0
124660,0
124661,0
124662,0
124663,0
124664,0
124665,0
124666,0
124667,0
124668,0
124669,0
124670,0
124671,0
124672,0
124673,0
124674,0
124675,0
124676,1
124677,0
124678,0
124679,0
124680,0
124681,0
124682,0
124683,0
124684,0
124685,0
124686,0
124687,0
124688,0
124689,0
124690,0
124691,0
124692,0
124693,0
124694,0
124695,0
124696,0
124697,0
124698,0
124699,0
124700,0
124701,0
124702,0
124703,0
124704,0
124705,0
124706,0
124707,0
124708,0
124709,0
124710,0
124711,0
124712,0
124713,0
124714,0
124715,0
124716,0
124717,0
124718,0
124719,0
124720,0
124721,0
124722,0
124723,0
124724,0
124725,0
124726,0
124727,0
124728,0
124729,0
124730,0
124731,0
124732,0
124733,0
124734,0
124735,0
124736,0
124737,0
124738,0
124739,0
124740,0
124741,0
124742,0
124743,0
124744,0
124745,0
124746,0
124747,0
124748,0
124749,0
124750,0
124751,0
124752,0
124753,0
124754,0
124755,0
124756,0
124757,0
124758,0
124759,0
124760,0
124761,0
124762,0
124763,0
124764,0
124765,0
124766,0
124767,0
124768,0
124769,0
124770,0
124771,0
124772,0
124773,0
124774,0
124775,0
124776,0
124777,0
124778,0
124779,0
124780,0
124781,0
124782,0
124783,0
124784,0
124785,0
124786,0
124787,0
124788,0
124789,0
124790,0
124791,0
124792,0
124793,0
124794,0
124795,0
124796,0
124797,0
124798,0
124799,0
124800,0
124801,0
124802,0
124803,0
124804,0
124805,0
124806,0
124807,0
124808,0
124809,0
124810,0
124811,0
124812,0
124813,0
124814,0
124815,0
124816,0
124817,0
124818,0
124819,0
124820,0
124821,0
124822,0
124823,0
124824,0
124825,0
124826,0
124827,0
124828,0
124829,0
124830,0
124831,0
124832,0
124833,0
124834,0
124835,0
124836,0
124837,0
124838,0
124839,0
124840,0
124841,0
124842,0
124843,0
124844,0
124845,0
124846,0
124847,0
124848,0
124849,0
124850,0
124851,0
124852,0
124853,0
124854,0
124855,0
124856,0
124857,0
124858,0
124859,0
124860,0
124861,0
124862,0
124863,0
124864,0
124865,0
124866,0
124867,0
124868,0
124869,0
124870,0
124871,0
124872,0
124873,0
124874,0
124875,0
124876,0
124877,0
124878,0
124879,0
124880,0
124881,0
124882,0
124883,0
124884,0
124885,0
124886,0
124887,0
124888,0
124889,0
124890,0
124891,0
124892,0
124893,0
124894,0
124895,0
124896,0
124897,0
124898,0
124899,0
124900,0
124901,0
124902,0
124903,0
124904,0
124905,0
124906,0
124907,0
124908,0
124909,0
124910,0
124911,0
124912,0
124913,0
124914,0
124915,0
124916,0
124917,0
124918,0
124919,0
124920,0
124921,0
124922,0
124923,0
124924,0
124925,0
124926,0
124927,0
124928,0
124929,0
124930,0
124931,0
124932,0
124933,0
124934,0
124935,0
124936,0
124937,0
124938,0
124939,0
124940,0
124941,0
124942,0
124943,0
124944,0
124945,0
124946,0
124947,0
124948,0
124949,0
124950,0
124951,0
124952,0
124953,0
124954,0
124955,0
124956,0
124957,0
124958,0
124959,0
124960,0
124961,0
124962,0
124963,0
124964,0
124965,0
124966,0
124967,0
124968,0
124969,0
124970,0
124971,0
124972,0
124973,0
124974,0
124975,0
124976,0
124977,0
124978,0
124979,0
124980,0
124981,0
124982,0
124983,0
124984,0
124985,0
124986,0
124987,0
124988,0
124989,0
124990,0
124991,0
124992,0
124993,0
124994,0
124995,0
124996,0
124997,0
124998,0
124999,0
125000,0
125001,0
125002,0
125003,0
125004,0
125005,0
125006,0
125007,0
125008,0
125009,0
125010,0
125011,0
125012,0
125013,0
125014,0
125015,0
125016,0
125017,0
125018,0
125019,0
125020,0
125021,0
125022,0
125023,0
125024,0
125025,0
125026,0
125027,0
125028,0
125029,0
125030,0
125031,0
125032,0
125033,0
125034,0
125035,0
125036,0
125037,0
125038,0
125039,0
125040,0
125041,0
125042,0
125043,0
125044,0
125045,0
125046,0
125047,0
125048,0
125049,0
125050,0
125051,0
125052,0
125053,0
125054,0
125055,0
125056,0
125057,0
125058,0
125059,0
125060,0
125061,0
125062,0
125063,0
125064,0
125065,1
125066,0
125067,0
125068,0
125069,0
125070,0
125071,0
125072,0
125073,0
125074,0
125075,0
125076,0
125077,0
125078,0
125079,0
125080,0
125081,0
125082,0
125083,0
125084,0
125085,0
125086,0
125087,0
125088,0
125089,0
125090,0
125091,0
125092,0
125093,0
125094,0
125095,0
125096,0
125097,0
125098,0
125099,0
125100,0
125101,0
125102,0
125103,0
125104,0
125105,0
125106,0
125107,0
125108,0
125109,0
125110,0
125111,0
125112,0
125113,0
125114,0
125115,0
125116,0
125117,0
125118,0
125119,0
125120,0
125121,0
125122,0
125123,0
125124,0
125125,0
125126,0
125127,0
125128,0
125129,0
125130,0
125131,0
125132,0
125133,0
125134,0
125135,0
125136,0
125137,0
125138,0
125139,0
125140,0
125141,0
125142,0
125143,0
125144,0
125145,0
125146,0
125147,0
125148,0
125149,1
125150,0
125151,0
125152,0
125153,0
125154,0
125155,0
125156,0
125157,0
125158,0
125159,0
125160,0
125161,0
125162,0
125163,0
125164,0
125165,0
125166,0
125167,0
125168,0
125169,0
125170,1
125171,0
125172,0
125173,0
125174,0
125175,0
125176,0
125177,0
125178,0
125179,0
125180,0
125181,0
125182,0
125183,0
125184,0
125185,0
125186,0
125187,0
125188,0
125189,0
125190,0
125191,0
125192,0
125193,0
125194,0
125195,0
125196,0
125197,0
125198,0
125199,1
125200,0
125201,0
125202,0
125203,0
125204,0
125205,0
125206,26
125207,25
125208,0
125209,0
125210,18
125211,0
125212,0
125213,0
125214,33
125215,0
125216,0
125217,0
125218,0
125219,27
125220,0
125221,0
125222,0
125223,0
125224,0
125225,0
125226,0
125227,0
125228,18
125229,0
125230,0
125231,0
125232,0
125233,0
125234,0
125235,32
125236,0
125237,22
125238,0
125239,0
125240,29
125241,27
125242,0
125243,0
125244,0
125245,0
125246,0
125247,18
125248,0
125249,0
125250,13
125251,0
125252,0
125253,0
125254,0
125255,0
125256,0
125257,0
125258,0
125259,0
125260,0
125261,0
125262,27
125263,0
125264,0
125265,0
125266,0
125267,0
125268,0
125269,0
125270,0
125271,34
125272,31
125273,0
125274,0
125275,0
125276,29
125277,0
125278,0
125279,0
125280,0
125281,0
125282,0
125283,0
125284,22
125285,15
125286,0
125287,0
125288,24
125289,0
125290,0
125291,0
125292,0
125293,0
125294,23
125295,0
125296,29
125297,20
125298,0
125299,0
125300,0
125301,0
125302,18
125303,0
125304,0
125305,0
125306,0
125307,24
125308,18
125309,0
125310,0
125311,0
125312,0
125313,0
125314,0
125315,0
125316,46
125317,0
125318,31
125319,0
125320,29
125321,25
125322,0
125323,0
125324,0
125325,0
125326,0
125327,0
125328,0
125329,0
125330,32
125331,0
125332,0
125333,0
125334,9
125335,29
125336,25
125337,0
125338,0
125339,31
125340,0
125341,24
125342,40
125343,29
125344,18
125345,0
125346,0
125347,0
125348,22
125349,0
125350,0
125351,0
125352,0
125353,0
125354,33
125355,0
125356,0
125357,0
125358,0
125359,0
125360,0
125361,22
125362,0
125363,0
125364,0
125365,0
125366,0
125367,0
125368,0
125369,0
125370,0
125371,0
125372,22
125373,0
125374,0
125375,27
125376,0
125377,0
125378,0
125379,0
125380,0
125381,0
125382,0
125383,0
125384,21
125385,0
125386,0
125387,0
125388,0
125389,32
125390,25
125391,0
125392,0
125393,0
125394,0
125395,12
125396,0
125397,0
125398,0
125399,37
125400,27
125401,25
125402,0
125403,15
125404,0
125405,24
125406,0
125407,0
125408,20
125409,39
125410,0
125411,0
125412,0
125413,17
125414,0
125415,0
125416,30
125417,22
125418,0
125419,0
125420,33
125421,19
125422,33
125423,0
125424,0
125425,0
125426,34
125427,0
125428,0
125429,0
125430,14
125431,0
125432,0
125433,0
125434,0
125435,23
125436,20
125437,0
125438,0
125439,32
125440,42
125441,0
125442,0
125443,0
125444,18
125445,32
125446,0
125447,34
125448,0
125449,0
125450,0
125451,0
125452,0
125453,23
125454,22
125455,0
125456,0
125457,0
125458,0
125459,26
125460,0
125461,0
125462,29
125463,0
125464,30
125465,43
125466,0
125467,0
125468,0
125469,28
125470,0
125471,13
125472,24
125473,0
125474,0
125475,28
125476,0
125477,0
125478,21
125479,45
125480,0
125481,52
125482,29
125483,31
125484,0
125485,43
125486,0
125487,0
125488,0
125489,24
125490,0
125491,0
125492,0
125493,0
125494,0
125495,14
125496,0
125497,22
125498,21
125499,0
125500,0
125501,34
125502,0
125503,0
125504,0
125505,0
125506,0
125507,0
125508,0
125509,26
125510,0
125511,0
125512,0
125513,0
125514,0
125515,13
125516,0
125517,0
125518,0
125519,27
125520,0
125521,0
125522,0
125523,29
125524,30
125525,0
125526,0
125527,25
125528,33
125529,0
125530,0
125531,12
125532,18
125533,37
125534,0
125535,0
125536,27
125537,0
125538,38
125539,0
125540,0
125541,17
125542,0
125543,0
125544,0
125545,38
125546,0
125547,0
125548,24
125549,0
125550,20
125551,0
125552,0
125553,0
125554,0
125555,15
125556,0
125557,0
125558,0
125559,0
125560,0
125561,0
125562,0
125563,19
125564,0
125565,19
125566,0
125567,0
125568,0
125569,0
125570,34
125571,0
125572,24
125573,0
125574,0
125575,0
125576,0
125577,0
125578,0
125579,0
125580,0
125581,0
125582,0
125583,0
125584,36
125585,0
125586,26
125587,0
125588,49
125589,23
125590,0
125591,43
125592,28
125593,0
125594,0
125595,0
125596,0
125597,0
125598,0
125599,0
125600,27
125601,0
125602,31
125603,0
125604,24
125605,0
125606,0
125607,0
125608,29
125609,22
125610,0
125611,0
125612,28
125613,32
125614,0
125615,0
125616,25
125617,0
125618,0
125619,30
125620,0
125621,0
125622,0
125623,34
125624,0
125625,24
125626,26
125627,13
125628,0
125629,0
125630,0
125631,40
125632,0
125633,0
125634,0
125635,18
125636,0
125637,0
125638,0
125639,0
125640,0
125641,0
125642,0
125643,0
125644,0
125645,0
125646,31
125647,0
125648,0
125649,0
125650,0
125651,0
125652,0
125653,0
125654,0
125655,19
125656,0
125657,20
125658,27
125659,0
125660,0
125661,0
125662,0
125663,0
125664,0
125665,20
125666,34
125667,0
125668,0
125669,0
125670,0
125671,0
125672,22
125673,0
125674,33
125675,0
125676,23
125677,0
125678,0
125679,41
125680,0
125681,33
125682,23
125683,0
125684,0
125685,0
125686,21
125687,0
125688,0
125689,0
125690,23
125691,0
125692,23
125693,0
125694,0
125695,0
125696,0
125697,0
125698,0
125699,0
125700,0
125701,0
125702,28
125703,0
125704,0
125705,0
125706,0
125707,0
125708,0
125709,0
125710,0
125711,0
125712,0
125713,24
125714,0
125715,39
125716,0
125717,0
125718,21
125719,0
125720,0
125721,19
125722,26
125723,0
125724,0
125725,0
125726,0
125727,0
125728,0
125729,0
125730,0
125731,32
125732,0
125733,0
125734,0
125735,0
125736,0
125737,0
125738,0
125739,42
125740,0
125741,0
125742,0
125743,21
125744,0
125745,0
125746,0
125747,0
125748,27
125749,0
125750,0
125751,0
125752,24
125753,0
125754,0
125755,0
125756,0
125757,28
125758,28
125759,0
125760,0
125761,32
125762,0
125763,0
125764,0
125765,34
125766,0
125767,0
125768,0
125769,26
125770,0
125771,35
125772,0
125773,40
125774,0
125775,0
125776,0
125777,29
125778,17
125779,0
125780,16
125781,0
125782,30
125783,19
125784,26
125785,0
125786,0
125787,38
125788,0
125789,0
125790,28
125791,0
125792,0
125793,0
125794,0
125795,0
125796,0
125797,0
125798,0
125799,0
125800,0
125801,19
125802,29
125803,0
125804,0
125805,32
125806,0
125807,0
125808,22
125809,0
125810,26
125811,39
125812,0
125813,0
125814,0
125815,0
125816,0
125817,0
125818,0
125819,36
125820,0
125821,0
125822,36
125823,0
125824,0
125825,0
125826,0
125827,0
125828,0
125829,0
125830,20
125831,29
125832,0
125833,24
125834,0
125835,0
125836,0
125837,0
125838,0
125839,0
125840,0
125841,0
125842,0
125843,0
125844,0
125845,0
125846,0
125847,0
125848,0
125849,0
125850,17
125851,19
125852,31
125853,0
125854,0
125855,0
125856,28
125857,0
125858,24
125859,0
125860,0
125861,12
125862,0
125863,0
125864,0
125865,0
125866,0
125867,0
125868,0
125869,0
125870,28
125871,0
125872,24
125873,0
125874,0
125875,32
125876,27
125877,0
125878,0
125879,0
125880,0
125881,36
125882,22
125883,25
125884,0
125885,0
125886,0
125887,22
125888,0
125889,25
125890,0
125891,0
125892,0
125893,0
125894,0
125895,0
125896,0
125897,0
125898,0
125899,0
125900,21
125901,33
125902,0
125903,0
125904,0
125905,0
125906,0
125907,25
125908,0
125909,0
125910,23
125911,34
125912,0
125913,23
125914,19
125915,0
125916,0
125917,0
125918,26
125919,0
125920,0
125921,0
125922,30
125923,0
125924,0
125925,0
125926,0
125927,0
125928,0
125929,21
125930,0
125931,0
125932,0
125933,0
125934,26
125935,0
125936,0
125937,0
125938,0
125939,0
125940,0
125941,0
125942,0
125943,23
125944,0
125945,0
125946,0
125947,0
125948,0
125949,0
125950,0
125951,0
125952,0
125953,0
125954,0
125955,9
125956,0
125957,0
125958,0
125959,0
125960,11
125961,0
125962,0
125963,0
125964,0
125965,0
125966,0
125967,0
125968,0
125969,0
125970,0
125971,0
125972,0
125973,0
125974,0
125975,0
125976,0
125977,0
125978,0
125979,0
125980,0
125981,0
125982,0
125983,0
125984,0
125985,0
125986,0
125987,0
125988,0
125989,0
125990,0
125991,0
125992,0
125993,0
125994,0
125995,0
125996,0
125997,0
125998,0
125999,0
126000,0
126001,9
126002,0
126003,0
126004,0
126005,0
126006,0
126007,0
126008,0
126009,0
126010,0
126011,0
126012,0
126013,0
126014,0
126015,0
126016,0
126017,0
126018,0
126019,0
126020,0
126021,0
126022,4
126023,0
126024,0
126025,0
126026,0
126027,0
126028,0
126029,0
126030,0
126031,0
126032,0
126033,0
126034,0
126035,0
126036,0
126037,0
126038,0
126039,0
126040,0
126041,0
126042,0
126043,11
126044,0
126045,0
126046,0
126047,0
126048,0
126049,0
126050,0
126051,0
126052,0
126053,0
126054,0
126055,0
126056,0
126057,0
126058,0
126059,0
126060,0
126061,0
126062,0
126063,0
126064,10
126065,0
126066,0
126067,0
126068,0
126069,0
126070,0
126071,0
126072,0
126073,0
126074,0
126075,0
126076,0
126077,0
126078,0
126079,0
126080,0
126081,0
126082,0
126083,0
126084,0
126085,0
126086,0
126087,0
126088,0
126089,14
126090,0
126091,0
126092,0
126093,0
126094,0
126095,0
126096,0
126097,0
126098,0
126099,0
126100,0
126101,14
126102,0
126103,0
126104,0
126105,0
126106,0
126107,0
126108,0
126109,0
126110,0
126111,0
126112,0
126113,0
126114,0
126115,8
126116,0
126117,0
126118,0
126119,0
126120,0
126121,0
126122,0
126123,0
126124,0
126125,0
126126,0
126127,0
126128,0
126129,0
126130,0
126131,13
126132,4
126133,0
126134,0
126135,0
126136,0
126137,3
126138,0
126139,0
126140,0
126141,0
126142,0
126143,0
126144,0
126145,10
126146,0
126147,0
126148,0
126149,0
126150,0
126151,0
126152,0
126153,0
126154,0
126155,0
126156,0
126157,0
126158,0
126159,0
126160,0
126161,0
126162,0
126163,0
126164,0
126165,0
126166,6
126167,0
126168,0
126169,0
126170,0
126171,0
126172,0
126173,0
126174,0
126175,0
126176,0
126177,0
126178,0
126179,0
126180,0
126181,0
126182,0
126183,0
126184,0
126185,0
126186,0
126187,0
126188,0
126189,0
126190,0
126191,0
126192,0
126193,0
126194,0
126195,0
126196,0
126197,0
126198,0
126199,0
126200,8
126201,0
126202,0
126203,0
126204,0
126205,0
126206,0
126207,0
126208,0
126209,0
126210,0
126211,0
126212,9
126213,0
126214,0
126215,0
126216,0
126217,0
126218,0
126219,0
126220,0
126221,0
126222,0
126223,0
126224,0
126225,0
126226,0
126227,0
126228,0
126229,0
126230,0
126231,0
126232,0
126233,0
126234,0
126235,0
126236,0
126237,0
126238,0
126239,0
126240,0
126241,0
126242,0
126243,0
126244,0
126245,0
126246,0
126247,0
126248,0
126249,0
126250,0
126251,6
126252,0
126253,0
126254,0
126255,0
126256,0
126257,0
126258,0
126259,0
126260,0
126261,0
126262,0
126263,0
126264,0
126265,0
126266,0
126267,0
126268,0
126269,0
126270,6
126271,0
126272,0
126273,0
126274,0
126275,0
126276,0
126277,0
126278,0
126279,0
126280,0
126281,0
126282,0
126283,0
126284,9
126285,0
126286,0
126287,9
126288,0
126289,0
126290,0
126291,0
126292,0
126293,0
126294,0
126295,0
126296,0
126297,0
126298,0
126299,0
126300,0
126301,0
126302,0
126303,0
126304,0
126305,0
126306,0
126307,0
126308,0
126309,0
126310,0
126311,4
126312,0
126313,0
126314,0
126315,0
126316,0
126317,0
126318,0
126319,0
126320,0
126321,0
126322,0
126323,0
126324,0
126325,0
126326,0
126327,0
126328,0
126329,0
126330,0
126331,0
126332,0
126333,0
126334,0
126335,0
126336,0
126337,0
126338,0
126339,0
126340,0
126341,0
126342,0
126343,0
126344,0
126345,0
126346,0
126347,0
126348,0
126349,0
126350,0
126351,0
126352,0
126353,0
126354,0
126355,0
126356,0
126357,0
126358,0
126359,0
126360,0
126361,0
126362,0
126363,0
126364,0
126365,0
126366,0
126367,0
126368,0
126369,0
126370,0
126371,0
126372,0
126373,0
126374,0
126375,0
126376,0
126377,0
126378,0
126379,11
126380,0
126381,0
126382,0
126383,0
126384,19
126385,0
126386,0
126387,0
126388,0
126389,0
126390,0
126391,0
126392,0
126393,0
126394,0
126395,0
126396,0
126397,0
126398,0
126399,10
126400,17
126401,0
126402,0
126403,0
126404,0
126405,0
126406,0
126407,0
126408,0
126409,0
126410,0
126411,0
126412,0
126413,0
126414,0
126415,0
126416,0
126417,0
126418,0
126419,0
126420,0
126421,0
126422,0
126423,0
126424,0
126425,0
126426,0
126427,0
126428,0
126429,0
126430,0
126431,0
126432,0
126433,0
126434,0
126435,0
126436,0
126437,6
126438,0
126439,0
126440,0
126441,0
126442,0
126443,9
126444,0
126445,0
126446,0
126447,0
126448,0
126449,0
126450,0
126451,0
126452,0
126453,0
126454,0
126455,0
126456,0
126457,0
126458,0
126459,0
126460,0
126461,0
126462,0
126463,0
126464,0
126465,0
126466,0
126467,0
126468,9
126469,0
126470,0
126471,0
126472,0
126473,13
126474,0
126475,6
126476,0
126477,0
126478,0
126479,0
126480,0
126481,0
126482,0
126483,0
126484,0
126485,0
126486,4
126487,0
126488,0
126489,0
126490,0
126491,0
126492,0
126493,0
126494,10
126495,0
126496,0
126497,0
126498,0
126499,0
126500,0
126501,0
126502,0
126503,0
126504,0
126505,0
126506,0
126507,7
126508,0
126509,0
126510,0
126511,0
126512,0
126513,0
126514,0
126515,0
126516,0
126517,0
126518,0
126519,0
126520,0
126521,0
126522,0
126523,0
126524,0
126525,0
126526,0
126527,0
126528,0
126529,0
126530,0
126531,0
126532,0
126533,0
126534,0
126535,0
126536,0
126537,0
126538,0
126539,0
126540,0
126541,0
126542,0
126543,0
126544,0
126545,0
126546,0
126547,0
126548,0
126549,0
126550,0
126551,0
126552,0
126553,0
126554,12
126555,0
126556,0
126557,0
126558,0
126559,0
126560,0
126561,0
126562,0
126563,0
126564,0
126565,0
126566,0
126567,0
126568,0
126569,0
126570,0
126571,0
126572,0
126573,0
126574,0
126575,0
126576,0
126577,0
126578,0
126579,0
126580,0
126581,0
126582,0
126583,0
126584,0
126585,0
126586,0
126587,0
126588,0
126589,4
126590,0
126591,0
126592,5
126593,0
126594,0
126595,0
126596,0
126597,0
126598,0
126599,0
126600,0
126601,0
126602,0
126603,0
126604,0
126605,0
126606,0
126607,0
126608,0
126609,0
126610,0
126611,0
126612,0
126613,0
126614,0
126615,0
126616,0
126617,0
126618,0
126619,0
126620,0
126621,0
126622,0
126623,0
126624,0
126625,0
126626,0
126627,0
126628,0
126629,0
126630,8
126631,0
126632,0
126633,0
126634,0
126635,3
126636,0
126637,0
126638,0
126639,0
126640,0
126641,0
126642,0
126643,0
126644,0
126645,0
126646,0
126647,0
126648,0
126649,0
126650,0
126651,0
126652,0
126653,0
126654,0
126655,0
126656,0
126657,0
126658,0
126659,5
126660,0
126661,0
126662,0
126663,8
126664,0
126665,0
126666,0
126667,0
126668,0
126669,0
126670,0
126671,0
126672,0
126673,0
126674,8
126675,0
126676,0
126677,0
126678,0
126679,0
126680,0
126681,0
126682,0
126683,0
126684,0
126685,0
126686,0
126687,0
126688,10
126689,0
126690,0
126691,0
126692,0
126693,0
126694,0
126695,0
126696,0
126697,0
126698,0
126699,0
126700,0
126701,0
126702,0
126703,0
126704,10
126705,0
126706,0
126707,12
126708,0
126709,0
126710,0
126711,0
126712,0
126713,6
126714,0
126715,0
126716,0
126717,0
126718,0
126719,0
126720,0
126721,0
126722,0
126723,8
126724,0
126725,0
126726,0
126727,0
126728,0
126729,0
126730,0
126731,0
126732,0
126733,0
126734,0
126735,0
126736,0
126737,0
126738,0
126739,0
126740,0
126741,0
126742,0
126743,0
126744,0
126745,0
126746,0
126747,0
126748,0
126749,0
126750,0
126751,0
126752,0
126753,0
126754,0
126755,0
126756,0
126757,14
126758,0
126759,0
126760,0
126761,0
126762,0
126763,0
126764,0
126765,0
126766,0
126767,0
126768,0
126769,0
126770,0
126771,0
126772,0
126773,0
126774,0
126775,0
126776,0
126777,0
126778,0
126779,0
126780,0
126781,0
126782,4
126783,0
126784,0
126785,0
126786,0
126787,8
126788,9
126789,0
126790,0
126791,0
126792,0
126793,0
126794,0
126795,0
126796,0
126797,0
126798,0
126799,0
126800,0
126801,8
126802,0
126803,9
126804,0
126805,0
126806,0
126807,0
126808,0
126809,0
126810,0
126811,0
126812,0
126813,0
126814,0
126815,0
126816,0
126817,0
126818,0
126819,0
126820,0
126821,0
126822,0
126823,0
126824,0
126825,0
126826,0
126827,0
126828,0
126829,0
126830,0
126831,0
126832,0
126833,0
126834,0
126835,0
126836,0
126837,0
126838,0
126839,3
126840,0
126841,0
126842,0
126843,0
126844,0
126845,0
126846,0
126847,0
126848,0
126849,0
126850,0
126851,0
126852,0
126853,0
126854,18
126855,0
126856,0
126857,0
126858,0
126859,0
126860,0
126861,0
126862,0
126863,0
126864,0
126865,0
126866,0
126867,0
126868,0
126869,0
126870,0
126871,0
126872,0
126873,0
126874,0
126875,0
126876,0
126877,0
126878,0
126879,0
126880,0
126881,0
126882,0
126883,0
126884,0
126885,0
126886,0
126887,0
126888,0
126889,0
126890,0
126891,0
126892,0
126893,0
126894,0
126895,0
126896,0
126897,0
126898,22
126899,14
126900,0
126901,0
126902,0
126903,0
126904,0
126905,0
126906,0
126907,0
126908,0
126909,0
126910,0
126911,0
126912,0
126913,0
126914,0
126915,0
126916,0
126917,0
126918,0
126919,0
126920,0
126921,0
126922,0
126923,0
126924,0
126925,0
126926,0
126927,0
126928,0
126929,0
126930,0
126931,0
126932,0
126933,0
126934,13
126935,0
126936,0
126937,0
126938,0
126939,0
126940,0
126941,0
126942,0
126943,8
126944,0
126945,0
126946,0
126947,0
126948,0
126949,0
126950,0
126951,0
126952,0
126953,0
126954,0
126955,0
126956,0
126957,0
126958,0
126959,0
126960,21
126961,0
126962,0
126963,0
126964,0
126965,0
126966,0
126967,0
126968,0
126969,0
126970,0
126971,0
126972,0
126973,0
126974,6
126975,0
126976,0
126977,0
126978,0
126979,0
126980,0
126981,0
126982,0
126983,0
126984,0
126985,0
126986,0
126987,0
126988,0
126989,0
126990,0
126991,0
126992,0
126993,0
126994,0
126995,5
126996,0
126997,0
126998,0
126999,0
127000,0
127001,22
127002,0
127003,0
127004,0
127005,0
127006,0
127007,0
127008,0
127009,0
127010,0
127011,0
127012,0
127013,0
127014,0
127015,0
127016,0
127017,0
127018,0
127019,0
127020,0
127021,0
127022,0
127023,0
127024,0
127025,0
127026,0
127027,0
127028,0
127029,0
127030,0
127031,0
127032,0
127033,0
127034,0
127035,0
127036,0
127037,0
127038,0
127039,0
127040,0
127041,0
127042,0
127043,0
127044,0
127045,0
127046,0
127047,0
127048,0
127049,0
127050,0
127051,0
127052,0
127053,0
127054,0
127055,0
127056,0
127057,0
127058,0
127059,0
127060,0
127061,0
127062,0
127063,0
127064,0
127065,0
127066,0
127067,0
127068,0
127069,0
127070,0
127071,0
127072,0
127073,0
127074,7
127075,0
127076,0
127077,0
127078,0
127079,0
127080,0
127081,0
127082,0
127083,0
127084,0
127085,0
127086,0
127087,0
127088,0
127089,15
127090,0
127091,0
127092,0
127093,0
127094,0
127095,0
127096,0
127097,0
127098,0
127099,0
127100,0
127101,28
127102,0
127103,0
127104,0
127105,0
127106,0
127107,0
127108,0
127109,0
127110,0
127111,0
127112,0
127113,0
127114,0
127115,0
127116,0
127117,0
127118,0
127119,0
127120,0
127121,0
127122,0
127123,18
127124,0
127125,0
127126,0
127127,0
127128,0
127129,0
127130,0
127131,0
127132,0
127133,0
127134,0
127135,0
127136,0
127137,0
127138,0
127139,0
127140,0
127141,0
127142,0
127143,0
127144,0
127145,0
127146,0
127147,0
127148,0
127149,0
127150,0
127151,0
127152,0
127153,0
127154,0
127155,0
127156,0
127157,0
127158,0
127159,0
127160,0
127161,0
127162,0
127163,0
127164,0
127165,0
127166,0
127167,0
127168,9
127169,7
127170,0
127171,6
127172,0
127173,0
127174,0
127175,0
127176,0
127177,0
127178,0
127179,18
127180,0
127181,0
127182,0
127183,10
127184,0
127185,6
127186,0
127187,0
127188,0
127189,0
127190,0
127191,0
127192,0
127193,0
127194,0
127195,0
127196,0
127197,0
127198,0
127199,0
127200,0
127201,0
127202,0
127203,0
127204,0
127205,0
127206,0
127207,0
127208,0
127209,5
127210,0
127211,0
127212,0
127213,0
127214,0
127215,0
127216,0
127217,0
127218,0
127219,0
127220,0
127221,0
127222,0
127223,0
127224,0
127225,0
127226,0
127227,0
127228,0
127229,0
127230,0
127231,0
127232,0
127233,13
127234,0
127235,0
127236,16
127237,0
127238,0
127239,0
127240,0
127241,0
127242,0
127243,0
127244,0
127245,0
127246,0
127247,0
127248,0
127249,0
127250,0
127251,0
127252,0
127253,0
127254,0
127255,11
127256,0
127257,0
127258,0
127259,0
127260,0
127261,0
127262,0
127263,0
127264,0
127265,0
127266,0
127267,0
127268,0
127269,0
127270,0
127271,0
127272,0
127273,0
127274,0
127275,0
127276,0
127277,0
127278,0
127279,0
127280,24
127281,0
127282,0
127283,0
127284,0
127285,0
127286,17
127287,0
127288,0
127289,0
127290,0
127291,0
127292,0
127293,0
127294,0
127295,0
127296,0
127297,0
127298,0
127299,0
127300,0
127301,0
127302,0
127303,0
127304,0
127305,0
127306,0
127307,0
127308,0
127309,0
127310,0
127311,0
127312,0
127313,0
127314,0
127315,0
127316,0
127317,0
127318,0
127319,0
127320,0
127321,0
127322,0
127323,0
127324,0
127325,0
127326,0
127327,0
127328,0
127329,21
127330,0
127331,0
127332,0
127333,0
127334,0
127335,0
127336,0
127337,0
127338,0
127339,0
127340,19
127341,0
127342,0
127343,0
127344,0
127345,0
127346,16
127347,0
127348,0
127349,0
127350,0
127351,0
127352,0
127353,0
127354,0
127355,0
127356,0
127357,0
127358,0
127359,0
127360,0
127361,0
127362,0
127363,0
127364,0
127365,0
127366,0
127367,0
127368,0
127369,0
127370,0
127371,0
127372,0
127373,0
127374,0
127375,7
127376,0
127377,0
127378,0
127379,0
127380,0
127381,0
127382,0
127383,0
127384,0
127385,0
127386,0
127387,0
127388,0
127389,0
127390,0
127391,0
127392,0
127393,0
127394,0
127395,0
127396,0
127397,10
127398,0
127399,0
127400,0
127401,0
127402,0
127403,0
127404,0
127405,0
127406,0
127407,0
127408,0
127409,0
127410,0
127411,0
127412,0
127413,0
127414,0
127415,0
127416,0
127417,0
127418,0
127419,0
127420,0
127421,0
127422,0
127423,0
127424,0
127425,0
127426,0
127427,0
127428,0
127429,0
127430,0
127431,0
127432,0
127433,0
127434,7
127435,0
127436,0
127437,0
127438,0
127439,0
127440,0
127441,0
127442,0
127443,0
127444,0
127445,0
127446,0
127447,0
127448,0
127449,0
127450,0
127451,0
127452,0
127453,0
127454,0
127455,0
127456,27
127457,8
127458,0
127459,0
127460,0
127461,0
127462,0
127463,0
127464,0
127465,0
127466,0
127467,0
127468,0
127469,0
127470,0
127471,0
127472,0
127473,7
127474,0
127475,0
127476,0
127477,0
127478,0
127479,0
127480,0
127481,0
127482,0
127483,0
127484,0
127485,0
127486,0
127487,9
127488,0
127489,0
127490,0
127491,0
127492,0
127493,0
127494,0
127495,0
127496,0
127497,0
127498,0
127499,0
127500,0
127501,0
127502,0
127503,0
127504,0
127505,0
127506,0
127507,0
127508,0
127509,0
127510,0
127511,0
127512,0
127513,0
127514,0
127515,0
127516,0
127517,0
127518,0
127519,0
127520,0
127521,0
127522,13
127523,0
127524,0
127525,0
127526,0
127527,0
127528,0
127529,0
127530,0
127531,0
127532,0
127533,0
127534,0
127535,0
127536,0
127537,0
127538,0
127539,13
127540,0
127541,0
127542,0
127543,0
127544,10
127545,0
127546,12
127547,0
127548,13
127549,0
127550,0
127551,0
127552,0
127553,0
127554,0
127555,0
127556,0
127557,0
127558,0
127559,0
127560,0
127561,0
127562,0
127563,0
127564,12
127565,0
127566,0
127567,0
127568,0
127569,11
127570,0
127571,0
127572,0
127573,0
127574,0
127575,0
127576,0
127577,0
127578,0
127579,0
127580,0
127581,0
127582,0
127583,0
127584,0
127585,0
127586,0
127587,0
127588,0
127589,0
127590,0
127591,0
127592,0
127593,0
127594,0
127595,0
127596,0
127597,0
127598,0
127599,0
127600,0
127601,0
127602,0
127603,0
127604,0
127605,0
127606,0
127607,0
127608,0
127609,0
127610,0
127611,16
127612,0
127613,0
127614,0
127615,0
127616,0
127617,0
127618,0
127619,0
127620,0
127621,0
127622,0
127623,0
127624,0
127625,0
127626,0
127627,0
127628,0
127629,0
127630,0
127631,0
127632,0
127633,0
127634,0
127635,0
127636,0
127637,0
127638,0
127639,0
127640,0
127641,0
127642,0
127643,0
127644,0
127645,0
127646,0
127647,0
127648,0
127649,0
127650,0
127651,0
127652,7
127653,0
127654,0
127655,9
127656,0
127657,0
127658,0
127659,0
127660,0
127661,0
127662,0
127663,0
127664,0
127665,0
127666,0
127667,0
127668,0
127669,0
127670,0
127671,0
127672,0
127673,0
127674,0
127675,0
127676,0
127677,53
127678,0
127679,0
127680,28
127681,30
127682,0
127683,41
127684,0
127685,0
127686,0
127687,0
127688,0
127689,0
127690,77
127691,30
127692,0
127693,0
127694,0
127695,0
127696,32
127697,19
127698,0
127699,0
127700,0
127701,32
127702,0
127703,0
127704,0
127705,25
127706,0
127707,0
127708,0
127709,0
127710,0
127711,54
127712,32
127713,0
127714,33
127715,0
127716,0
127717,43
127718,0
127719,56
127720,0
127721,0
127722,0
127723,0
127724,37
127725,0
127726,0
127727,0
127728,49
127729,30
127730,0
127731,0
127732,0
127733,0
127734,0
127735,0
127736,0
127737,39
127738,0
127739,0
127740,0
127741,0
127742,0
127743,0
127744,0
127745,43
127746,0
127747,55
127748,28
127749,0
127750,0
127751,0
127752,30
127753,0
127754,0
127755,0
127756,0
127757,0
127758,0
127759,0
127760,0
127761,0
127762,0
127763,0
127764,48
127765,23
127766,0
127767,0
127768,0
127769,0
127770,0
127771,0
127772,0
127773,0
127774,33
127775,31
127776,0
127777,0
127778,0
127779,0
127780,0
127781,0
127782,27
127783,32
127784,0
127785,0
127786,0
127787,0
127788,28
127789,0
127790,0
127791,0
127792,0
127793,60
127794,0
127795,0
127796,0
127797,0
127798,0
127799,0
127800,33
127801,0
127802,29
127803,0
127804,0
127805,0
127806,0
127807,0
127808,0
127809,0
127810,41
127811,24
127812,0
127813,54
127814,0
127815,0
127816,0
127817,0
127818,41
127819,0
127820,40
127821,0
127822,0
127823,29
127824,0
127825,0
127826,0
127827,43
127828,0
127829,0
127830,0
127831,0
127832,0
127833,0
127834,0
127835,35
127836,0
127837,0
127838,0
127839,0
127840,0
127841,34
127842,20
127843,24
127844,0
127845,0
127846,0
127847,0
127848,0
127849,46
127850,0
127851,0
127852,47
127853,38
127854,41
127855,0
127856,43
127857,0
127858,0
127859,0
127860,0
127861,0
127862,0
127863,0
127864,24
127865,0
127866,0
127867,0
127868,0
127869,34
127870,0
127871,0
127872,0
127873,0
127874,27
127875,14
127876,0
127877,0
127878,0
127879,0
127880,0
127881,0
127882,0
127883,45
127884,43
127885,38
127886,34
127887,0
127888,0
127889,0
127890,0
127891,22
127892,0
127893,37
127894,0
127895,0
127896,26
127897,0
127898,0
127899,0
127900,30
127901,39
127902,44
127903,56
127904,0
127905,0
127906,35
127907,0
127908,0
127909,0
127910,0
127911,0
127912,0
127913,43
127914,0
127915,0
127916,0
127917,0
127918,0
127919,49
127920,0
127921,0
127922,0
127923,0
127924,0
127925,0
127926,0
127927,0
127928,0
127929,0
127930,0
127931,30
127932,0
127933,0
127934,0
127935,0
127936,0
127937,0
127938,0
127939,50
127940,0
127941,39
127942,0
127943,0
127944,0
127945,0
127946,45
127947,29
127948,0
127949,0
127950,31
127951,0
127952,0
127953,0
127954,0
127955,0
127956,45
127957,45
127958,46
127959,42
127960,0
127961,0
127962,49
127963,0
127964,0
127965,50
127966,0
127967,38
127968,0
127969,30
127970,0
127971,38
127972,0
127973,0
127974,0
127975,0
127976,27
127977,0
127978,0
127979,27
127980,33
127981,34
127982,0
127983,0
127984,35
127985,0
127986,0
127987,0
127988,0
127989,49
127990,0
127991,27
127992,0
127993,0
127994,0
127995,0
127996,74
127997,0
127998,0
127999,0
128000,0
128001,0
128002,0
128003,0
128004,0
128005,0
128006,0
128007,0
128008,0
128009,50
128010,0
128011,0
128012,0
128013,0
128014,0
128015,46
128016,36
128017,42
128018,29
128019,0
128020,0
128021,36
128022,0
128023,0
128024,0
128025,0
128026,48
128027,26
128028,29
128029,0
128030,0
128031,0
128032,0
128033,0
128034,0
128035,0
128036,0
128037,0
128038,0
128039,0
128040,0
128041,0
128042,0
128043,42
128044,0
128045,18
128046,0
128047,36
128048,0
128049,0
128050,0
128051,0
128052,0
128053,0
128054,0
128055,0
128056,42
128057,0
128058,0
128059,0
128060,41
128061,65
128062,0
128063,0
128064,0
128065,0
128066,0
128067,0
128068,51
128069,0
128070,29
128071,0
128072,0
128073,0
128074,0
128075,0
128076,0
128077,0
128078,46
128079,0
128080,0
128081,0
128082,0
128083,0
128084,0
128085,31
128086,27
128087,17
128088,0
128089,22
128090,0
128091,0
128092,0
128093,0
128094,42
128095,0
128096,0
128097,0
128098,0
128099,0
128100,0
128101,0
128102,0
128103,0
128104,0
128105,0
128106,0
128107,0
128108,0
128109,0
128110,49
128111,49
128112,0
128113,0
128114,0
128115,31
128116,49
128117,0
128118,0
128119,0
128120,0
128121,0
128122,0
128123,50
128124,0
128125,46
128126,0
128127,0
128128,0
128129,0
128130,0
128131,0
128132,41
128133,0
128134,0
128135,0
128136,0
128137,0
128138,0
128139,0
128140,0
128141,76
128142,0
128143,0
128144,0
128145,0
128146,0
128147,0
128148,0
128149,0
128150,43
128151,0
128152,0
128153,0
128154,0
128155,0
128156,0
128157,0
128158,0
128159,0
128160,27
128161,38
128162,0
128163,0
128164,0
128165,0
128166,0
128167,22
128168,0
128169,0
128170,0
128171,0
128172,0
128173,0
128174,0
128175,0
128176,0
128177,0
128178,0
128179,0
128180,0
128181,0
128182,0
128183,36
128184,0
128185,34
128186,0
128187,39
128188,0
128189,78
128190,0
128191,29
128192,0
128193,0
128194,37
128195,41
128196,50
128197,35
128198,0
128199,39
128200,0
128201,0
128202,0
128203,0
128204,0
128205,0
128206,0
128207,0
128208,76
128209,0
128210,0
128211,0
128212,0
128213,0
128214,0
128215,0
128216,0
128217,0
128218,0
128219,0
128220,0
128221,43
128222,0
128223,41
128224,0
128225,46
128226,0
128227,0
128228,0
128229,0
128230,50
128231,0
128232,0
128233,0
128234,0
128235,0
128236,0
128237,0
128238,0
128239,0
128240,0
128241,0
128242,0
128243,0
128244,0
128245,0
128246,0
128247,32
128248,0
128249,0
128250,0
128251,72
128252,0
128253,0
128254,0
128255,0
128256,0
128257,0
128258,0
128259,0
128260,0
128261,0
128262,0
128263,0
128264,40
128265,39
128266,21
128267,28
128268,0
128269,0
128270,0
128271,0
128272,0
128273,28
128274,0
128275,0
128276,0
128277,40
128278,0
128279,0
128280,0
128281,0
128282,0
128283,0
128284,47
128285,0
128286,0
128287,0
128288,0
128289,0
128290,0
128291,23
128292,0
128293,30
128294,0
128295,0
128296,0
128297,0
128298,0
128299,0
128300,38
128301,0
128302,0
128303,0
128304,0
128305,0
128306,0
128307,0
128308,0
128309,0
128310,0
128311,0
128312,0
128313,0
128314,0
128315,0
128316,0
128317,0
128318,0
128319,37
128320,0
128321,0
128322,0
128323,0
128324,0
128325,0
128326,0
128327,0
128328,0
128329,42
128330,0
128331,36
128332,0
128333,0
128334,29
128335,0
128336,0
128337,0
128338,0
128339,0
128340,0
128341,0
128342,0
128343,0
128344,0
128345,39
128346,0
128347,0
128348,0
128349,0
128350,0
128351,0
128352,0
128353,0
128354,14
128355,11
128356,0
128357,0
128358,0
128359,0
128360,0
128361,0
128362,0
128363,10
128364,0
128365,11
128366,0
128367,0
128368,0
128369,8
128370,0
128371,0
128372,6
128373,0
128374,10
128375,6
128376,0
128377,0
128378,0
128379,0
128380,0
128381,0
128382,7
128383,0
128384,0
128385,1
128386,0
128387,0
128388,3
128389,0
128390,9
128391,0
128392,0
128393,9
128394,0
128395,6
128396,0
128397,8
128398,0
128399,0
128400,0
128401,0
128402,0
128403,7
128404,5
128405,0
128406,0
128407,0
128408,11
128409,11
128410,0
128411,0
128412,0
128413,0
128414,0
128415,0
128416,5
128417,9
128418,0
128419,0
128420,9
128421,0
128422,0
128423,0
128424,0
128425,0
128426,6
128427,0
128428,0
128429,0
128430,3
128431,0
128432,0
128433,0
128434,0
128435,0
128436,0
128437,0
128438,0
128439,0
128440,0
128441,0
128442,0
128443,6
128444,0
128445,0
128446,0
128447,0
128448,17
128449,0
128450,0
128451,0
128452,0
128453,0
128454,0
128455,7
128456,0
128457,0
128458,0
128459,0
128460,0
128461,0
128462,0
128463,2
128464,0
128465,0
128466,0
128467,0
128468,0
128469,0
128470,6
128471,0
128472,0
128473,0
128474,0
128475,0
128476,0
128477,0
128478,8
128479,13
128480,11
128481,0
128482,15
128483,0
128484,0
128485,13
128486,11
128487,0
128488,0
128489,0
128490,0
128491,0
128492,0
128493,0
128494,0
128495,10
128496,0
128497,0
128498,13
128499,0
128500,0
128501,0
128502,0
128503,0
128504,0
128505,4
128506,10
128507,0
128508,0
128509,0
128510,0
128511,0
128512,9
128513,0
128514,0
128515,0
128516,0
128517,0
128518,0
128519,0
128520,9
128521,0
128522,0
128523,0
128524,0
128525,0
128526,0
128527,0
128528,7
128529,3
128530,0
128531,0
128532,0
128533,0
128534,0
128535,0
128536,0
128537,0
128538,0
128539,6
128540,0
128541,0
128542,9
128543,0
128544,0
128545,6
128546,4
128547,14
128548,0
128549,0
128550,0
128551,0
128552,8
128553,0
128554,0
128555,0
128556,0
128557,0
128558,0
128559,0
128560,0
128561,0
128562,0
128563,3
128564,3
128565,0
128566,0
128567,0
128568,0
128569,0
128570,0
128571,0
128572,0
128573,0
128574,0
128575,0
128576,0
128577,0
128578,0
128579,0
128580,8
128581,7
128582,0
128583,0
128584,0
128585,8
128586,9
128587,0
128588,0
128589,6
128590,3
128591,0
128592,0
128593,0
128594,14
128595,0
128596,11
128597,0
128598,0
128599,0
128600,0
128601,0
128602,7
128603,0
128604,0
128605,0
128606,4
128607,19
128608,0
128609,0
128610,6
128611,0
128612,0
128613,0
128614,0
128615,0
128616,10
128617,0
128618,8
128619,0
128620,0
128621,0
128622,0
128623,6
128624,9
128625,0
128626,0
128627,0
128628,0
128629,0
128630,9
128631,10
128632,0
128633,0
128634,0
128635,0
128636,0
128637,4
128638,0
128639,0
128640,13
128641,13
128642,10
128643,0
128644,0
128645,0
128646,8
128647,0
128648,0
128649,0
128650,5
128651,0
128652,0
128653,0
128654,10
128655,0
128656,0
128657,0
128658,8
128659,0
128660,0
128661,8
128662,0
128663,0
128664,0
128665,0
128666,0
128667,10
128668,5
128669,0
128670,0
128671,7
128672,0
128673,0
128674,0
128675,7
128676,0
128677,0
128678,8
128679,0
128680,0
128681,0
128682,0
128683,0
128684,0
128685,12
128686,0
128687,0
128688,0
128689,0
128690,16
128691,0
128692,0
128693,7
128694,0
128695,0
128696,0
128697,0
128698,0
128699,0
128700,0
128701,0
128702,13
128703,0
128704,12
128705,9
128706,0
128707,0
128708,0
128709,0
128710,10
128711,0
128712,0
128713,0
128714,6
128715,0
128716,6
128717,0
128718,10
128719,0
128720,0
128721,10
128722,0
128723,8
128724,0
128725,0
128726,0
128727,10
128728,11
128729,0
128730,0
128731,5
128732,0
128733,0
128734,5
128735,0
128736,8
128737,7
128738,0
128739,6
128740,0
128741,0
128742,0
128743,0
128744,12
128745,11
128746,0
128747,0
128748,0
128749,0
128750,0
128751,9
128752,11
128753,9
128754,0
128755,0
128756,13
128757,0
128758,0
128759,10
128760,0
128761,0
128762,0
128763,0
128764,0
128765,0
128766,7
128767,0
128768,0
128769,4
128770,0
128771,0
128772,3
128773,0
128774,0
128775,6
128776,9
128777,0
128778,0
128779,0
128780,0
128781,0
128782,0
128783,0
128784,0
128785,10
128786,0
128787,0
128788,0
128789,8
128790,17
128791,3
128792,13
128793,0
128794,0
128795,0
128796,0
128797,1
128798,0
128799,0
128800,0
128801,0
128802,0
128803,0
128804,7
128805,0
128806,13
128807,0
128808,0
128809,0
128810,6
128811,0
128812,9
128813,9
128814,0
128815,0
128816,0
128817,0
128818,0
128819,0
128820,0
128821,0
128822,5
128823,7
128824,13
128825,0
128826,0
128827,0
128828,0
128829,0
128830,0
128831,0
128832,0
128833,6
128834,0
128835,0
128836,3
128837,6
128838,0
128839,0
128840,0
128841,0
128842,0
128843,0
128844,0
128845,0
128846,0
128847,8
128848,0
128849,0
128850,0
128851,0
128852,0
128853,0
128854,0
128855,0
128856,0
128857,4
128858,0
128859,0
128860,0
128861,0
128862,0
128863,0
128864,0
128865,0
128866,0
128867,0
128868,10
128869,5
128870,0
128871,0
128872,0
128873,0
128874,0
128875,9
128876,6
128877,8
128878,6
128879,0
128880,0
128881,0
128882,9
128883,0
128884,6
128885,10
128886,0
128887,13
128888,0
128889,0
128890,0
128891,0
128892,0
128893,0
128894,0
128895,0
128896,0
128897,0
128898,0
128899,0
128900,0
128901,0
128902,0
128903,0
128904,0
128905,6
128906,0
128907,0
128908,0
128909,4
128910,0
128911,0
128912,0
128913,0
128914,0
128915,0
128916,0
128917,0
128918,0
128919,0
128920,6
128921,13
128922,0
128923,7
128924,10
128925,0
128926,12
128927,14
128928,0
128929,0
128930,0
128931,5
128932,0
128933,0
128934,0
128935,12
128936,8
128937,0
128938,9
128939,9
128940,0
128941,0
128942,0
128943,0
128944,0
128945,0
128946,0
128947,8
128948,0
128949,0
128950,0
128951,10
128952,7
128953,0
128954,0
128955,3
128956,0
128957,9
128958,0
128959,7
128960,0
128961,0
128962,0
128963,0
128964,3
128965,0
128966,0
128967,0
128968,8
128969,5
128970,12
128971,0
128972,0
128973,0
128974,0
128975,8
128976,0
128977,7
128978,0
128979,0
128980,0
128981,0
128982,0
128983,0
128984,0
128985,7
128986,0
128987,0
128988,8
128989,0
128990,0
128991,0
128992,0
128993,5
128994,0
128995,0
128996,5
128997,0
128998,8
128999,0
129000,5
129001,0
129002,0
129003,0
129004,0
129005,0
129006,0
129007,0
129008,0
129009,7
129010,0
129011,0
129012,8
129013,0
129014,0
129015,0
129016,0
129017,0
129018,0
129019,0
129020,4
129021,8
129022,9
129023,0
129024,0
129025,0
129026,5
129027,11
129028,0
129029,0
129030,0
129031,0
129032,0
129033,0
129034,0
129035,0
129036,0
129037,0
129038,0
129039,0
129040,9
129041,0
129042,0
129043,8
129044,0
129045,0
129046,0
129047,0
129048,0
129049,0
129050,0
129051,5
129052,0
129053,13
129054,0
129055,0
129056,0
129057,3
129058,0
129059,0
129060,16
129061,5
129062,10
129063,0
129064,11
129065,0
129066,6
129067,0
129068,0
129069,13
129070,0
129071,0
129072,0
129073,16
129074,12
129075,0
129076,0
129077,0
129078,0
129079,0
129080,0
129081,11
129082,6
129083,13
129084,0
129085,0
129086,12
129087,0
129088,16
129089,0
129090,0
129091,13
129092,14
129093,15
129094,11
129095,0
129096,11
129097,0
129098,23
129099,9
129100,0
129101,0
129102,0
129103,7
129104,0
129105,0
129106,0
129107,0
129108,0
129109,0
129110,0
129111,7
129112,0
129113,0
129114,0
129115,0
129116,0
129117,0
129118,18
129119,0
129120,12
129121,0
129122,12
129123,0
129124,0
129125,0
129126,0
129127,6
129128,0
129129,16
129130,0
129131,0
129132,0
129133,0
129134,0
129135,0
129136,0
129137,0
129138,17
129139,0
129140,16
129141,9
129142,0
129143,0
129144,0
129145,0
129146,0
129147,18
129148,0
129149,12
129150,22
129151,0
129152,0
129153,12
129154,12
129155,0
129156,0
129157,0
129158,10
129159,0
129160,0
129161,0
129162,0
129163,13
129164,0
129165,0
129166,0
129167,8
129168,0
129169,0
129170,13
129171,0
129172,0
129173,0
129174,0
129175,0
129176,11
129177,0
129178,0
129179,0
129180,0
129181,0
129182,0
129183,0
129184,12
129185,0
129186,15
129187,0
129188,0
129189,24
129190,9
129191,10
129192,0
129193,0
129194,0
129195,0
129196,0
129197,24
129198,0
129199,0
129200,0
129201,13
129202,0
129203,11
129204,0
129205,0
129206,11
129207,0
129208,0
129209,0
129210,20
129211,0
129212,0
129213,0
129214,0
129215,0
129216,0
129217,0
129218,0
129219,0
129220,0
129221,0
129222,0
129223,14
129224,0
129225,0
129226,0
129227,0
129228,0
129229,20
129230,9
129231,0
129232,3
129233,0
129234,8
129235,0
129236,0
129237,0
129238,15
129239,0
129240,16
129241,0
129242,10
129243,0
129244,0
129245,0
129246,12
129247,0
129248,0
129249,0
129250,0
129251,0
129252,0
129253,20
129254,0
129255,0
129256,0
129257,0
129258,12
129259,0
129260,0
129261,15
129262,0
129263,0
129264,0
129265,0
129266,0
129267,0
129268,0
129269,0
129270,0
129271,0
129272,0
129273,0
129274,14
129275,0
129276,0
129277,0
129278,14
129279,0
129280,0
129281,15
129282,14
129283,0
129284,0
129285,0
129286,0
129287,0
129288,0
129289,0
129290,0
129291,0
129292,0
129293,16
129294,14
129295,0
129296,0
129297,0
129298,12
129299,0
129300,0
129301,0
129302,0
129303,0
129304,0
129305,0
129306,9
129307,0
129308,0
129309,0
129310,0
129311,17
129312,11
129313,17
129314,0
129315,18
129316,0
129317,16
129318,10
129319,0
129320,0
129321,0
129322,0
129323,0
129324,0
129325,0
129326,0
129327,0
129328,10
129329,0
129330,0
129331,0
129332,0
129333,0
129334,0
129335,0
129336,10
129337,0
129338,0
129339,0
129340,9
129341,0
129342,0
129343,0
129344,0
129345,0
129346,0
129347,0
129348,0
129349,0
129350,0
129351,0
129352,0
129353,0
129354,0
129355,26
129356,0
129357,0
129358,0
129359,10
129360,0
129361,0
129362,0
129363,0
129364,0
129365,0
129366,0
129367,0
129368,5
129369,0
129370,19
129371,0
129372,0
129373,16
129374,0
129375,17
129376,0
129377,0
129378,0
129379,0
129380,20
129381,3
129382,16
129383,0
129384,0
129385,0
129386,0
129387,0
129388,0
129389,0
129390,0
129391,0
129392,0
129393,0
129394,11
129395,27
129396,10
129397,0
129398,0
129399,0
129400,0
129401,0
129402,15
129403,0
129404,0
129405,15
129406,0
129407,0
129408,0
129409,0
129410,0
129411,0
129412,0
129413,0
129414,0
129415,0
129416,0
129417,16
129418,14
129419,0
129420,10
129421,13
129422,9
129423,0
129424,14
129425,0
129426,0
129427,0
129428,0
129429,0
129430,19
129431,0
129432,14
129433,0
129434,0
129435,0
129436,12
129437,0
129438,0
129439,0
129440,0
129441,0
129442,0
129443,0
129444,7
129445,0
129446,0
129447,14
129448,0
129449,0
129450,18
129451,0
129452,0
129453,0
129454,0
129455,12
129456,8
129457,0
129458,0
129459,15
129460,0
129461,0
129462,0
129463,0
129464,0
129465,0
129466,0
129467,17
129468,0
129469,0
129470,15
129471,0
129472,21
129473,10
129474,0
129475,0
129476,0
129477,0
129478,0
129479,0
129480,0
129481,0
129482,0
129483,0
129484,0
129485,0
129486,0
129487,12
129488,12
129489,0
129490,0
129491,0
129492,0
129493,0
129494,15
129495,0
129496,14
129497,0
129498,0
129499,0
129500,18
129501,0
129502,0
129503,0
129504,0
129505,0
129506,0
129507,0
129508,0
129509,0
129510,0
129511,11
129512,0
129513,10
129514,12
129515,0
129516,0
129517,12
129518,0
129519,12
129520,0
129521,11
129522,0
129523,0
129524,0
129525,0
129526,0
129527,0
129528,0
129529,0
129530,0
129531,0
129532,17
129533,0
129534,26
129535,0
129536,11
129537,14
129538,0
129539,0
129540,0
129541,0
129542,12
129543,0
129544,0
129545,0
129546,0
129547,0
129548,0
129549,0
129550,0
129551,16
129552,0
129553,0
129554,14
129555,7
129556,0
129557,12
129558,0
129559,13
129560,13
129561,16
129562,12
129563,0
129564,0
129565,0
129566,0
129567,0
129568,15
129569,0
129570,0
129571,7
129572,0
129573,0
129574,0
129575,0
129576,0
129577,0
129578,0
129579,0
129580,0
129581,0
129582,0
129583,0
129584,0
129585,14
129586,0
129587,0
129588,8
129589,0
129590,16
129591,16
129592,14
129593,0
129594,17
129595,0
129596,0
129597,0
129598,12
129599,17
129600,0
129601,0
129602,0
129603,8
129604,0
129605,11
129606,0
129607,0
129608,0
129609,0
129610,0
129611,17
129612,17
129613,0
129614,15
129615,0
129616,0
129617,0
129618,0
129619,0
129620,8
129621,0
129622,0
129623,17
129624,0
129625,0
129626,0
129627,13
129628,0
129629,0
129630,0
129631,0
129632,0
129633,0
129634,0
129635,11
129636,0
129637,9
129638,0
129639,0
129640,0
129641,0
129642,0
129643,0
129644,0
129645,0
129646,0
129647,15
129648,0
129649,0
129650,15
129651,0
129652,0
129653,0
129654,0
129655,0
129656,0
129657,0
129658,0
129659,0
129660,0
129661,0
129662,0
129663,0
129664,0
129665,0
129666,12
129667,0
129668,0
129669,0
129670,0
129671,0
129672,0
129673,0
129674,0
129675,14
129676,0
129677,11
129678,0
129679,0
129680,0
129681,0
129682,12
129683,0
129684,14
129685,11
129686,0
129687,0
129688,9
129689,17
129690,9
129691,12
129692,0
129693,0
129694,0
129695,0
129696,0
129697,0
129698,0
129699,9
129700,0
129701,12
129702,12
129703,0
129704,0
129705,0
129706,0
129707,0
129708,0
129709,8
129710,14
129711,0
129712,0
129713,0
129714,0
129715,0
129716,13
129717,0
129718,0
129719,0
129720,13
129721,14
129722,0
129723,0
129724,13
129725,0
129726,8
129727,0
129728,14
129729,12
129730,0
129731,0
129732,0
129733,13
129734,0
129735,17
129736,0
129737,17
129738,0
129739,0
129740,0
129741,0
129742,0
129743,0
129744,24
129745,13
129746,0
129747,12
129748,0
129749,0
129750,12
129751,14
129752,0
129753,11
129754,0
129755,22
129756,10
129757,0
129758,0
129759,0
129760,0
129761,7
129762,0
129763,9
129764,0
129765,0
129766,0
129767,18
129768,0
129769,0
129770,0
129771,0
129772,0
129773,0
129774,0
129775,0
129776,19
129777,15
129778,0
129779,14
129780,0
129781,9
129782,0
129783,0
129784,0
129785,0
129786,0
129787,0
129788,0
129789,0
129790,0
129791,0
129792,8
129793,0
129794,0
129795,9
129796,0
129797,0
129798,0
129799,0
129800,0
129801,16
129802,0
129803,0
129804,0
129805,0
129806,0
129807,0
129808,0
129809,0
129810,0
129811,0
129812,0
129813,0
129814,0
129815,0
129816,0
129817,0
129818,0
129819,12
129820,0
129821,0
129822,0
129823,0
129824,0
129825,0
129826,0
129827,0
129828,0
129829,10
129830,0
129831,0
129832,0
129833,10
129834,0
129835,7
129836,0
129837,15
129838,0
129839,0
129840,0
129841,7
129842,0
129843,0
129844,0
129845,0
129846,9
129847,22
129848,0
129849,17
129850,0
129851,0
129852,18
129853,0
129854,0
129855,0
129856,0
129857,0
129858,0
129859,0
129860,0
129861,0
129862,0
129863,0
129864,0
129865,9
129866,9
129867,0
129868,14
129869,8
129870,0
129871,0
129872,0
129873,0
129874,0
129875,0
129876,0
129877,0
129878,17
129879,0
129880,16
129881,0
129882,0
129883,17
129884,9
129885,0
129886,0
129887,13
129888,0
129889,0
129890,0
129891,8
129892,13
129893,0
129894,0
129895,0
129896,0
129897,8
129898,12
129899,0
129900,14
129901,13
129902,7
129903,11
129904,18
129905,0
129906,0
129907,0
129908,0
129909,0
129910,0
129911,0
129912,0
129913,0
129914,0
129915,0
129916,0
129917,0
129918,0
129919,0
129920,0
129921,0
129922,0
129923,0
129924,10
129925,0
129926,0
129927,0
129928,0
129929,0
129930,0
129931,0
129932,0
129933,11
129934,0
129935,0
129936,7
129937,0
129938,11
129939,0
129940,0
129941,0
129942,0
129943,0
129944,0
129945,0
129946,0
129947,0
129948,0
129949,0
129950,0
129951,0
129952,0
129953,11
129954,0
129955,0
129956,0
129957,13
129958,7
129959,10
129960,0
129961,0
129962,0
129963,0
129964,0
129965,0
129966,0
129967,11
129968,11
129969,15
129970,0
129971,0
129972,15
129973,16
129974,0
129975,0
129976,0
129977,0
129978,10
129979,0
129980,25
129981,9
129982,0
129983,0
129984,0
129985,0
129986,0
129987,13
129988,21
129989,0
129990,0
129991,0
129992,0
129993,0
129994,0
129995,0
129996,0
129997,0
129998,0
129999,0
130000,0
130001,0
130002,0
130003,0
130004,0
130005,0
130006,19
130007,0
130008,0
130009,0
130010,0
130011,25
130012,0
130013,0
130014,0
130015,0
130016,0
130017,25
130018,0
130019,0
130020,35
130021,0
130022,0
130023,0
130024,0
130025,27
130026,0
130027,0
130028,26
130029,0
130030,0
130031,23
130032,23
130033,28
130034,0
130035,0
130036,0
130037,0
130038,0
130039,23
130040,0
130041,24
130042,0
130043,36
130044,25
130045,0
130046,18
130047,20
130048,0
130049,0
130050,0
130051,0
130052,32
130053,0
130054,11
130055,0
130056,0
130057,23
130058,0
130059,0
130060,0
130061,0
130062,0
130063,17
130064,16
130065,0
130066,35
130067,0
130068,0
130069,0
130070,0
130071,0
130072,27
130073,0
130074,0
130075,0
130076,0
130077,0
130078,0
130079,36
130080,0
130081,0
130082,0
130083,0
130084,0
130085,0
130086,0
130087,0
130088,29
130089,0
130090,0
130091,0
130092,0
130093,0
130094,0
130095,0
130096,15
130097,0
130098,0
130099,0
130100,0
130101,25
130102,0
130103,0
130104,0
130105,0
130106,0
130107,0
130108,16
130109,0
130110,0
130111,0
130112,0
130113,31
130114,30
130115,25
130116,27
130117,28
130118,37
130119,0
130120,33
130121,0
130122,0
130123,0
130124,31
130125,0
130126,0
130127,0
130128,0
130129,0
130130,0
130131,0
130132,0
130133,8
130134,21
130135,0
130136,0
130137,0
130138,0
130139,0
130140,0
130141,25
130142,0
130143,0
130144,0
130145,34
130146,0
130147,0
130148,0
130149,0
130150,18
130151,34
130152,16
130153,21
130154,0
130155,0
130156,0
130157,0
130158,0
130159,0
130160,0
130161,0
130162,0
130163,29
130164,17
130165,33
130166,0
130167,0
130168,32
130169,0
130170,26
130171,0
130172,0
130173,38
130174,10
130175,0
130176,18
130177,0
130178,27
130179,19
130180,0
130181,0
130182,22
130183,0
130184,0
130185,28
130186,15
130187,0
130188,0
130189,0
130190,0
130191,0
130192,0
130193,0
130194,0
130195,0
130196,0
130197,23
130198,0
130199,0
130200,0
130201,0
130202,0
130203,19
130204,0
130205,0
130206,0
130207,0
130208,0
130209,0
130210,38
130211,48
130212,12
130213,0
130214,0
130215,12
130216,0
130217,28
130218,0
130219,0
130220,25
130221,0
130222,0
130223,0
130224,0
130225,0
130226,0
130227,0
130228,0
130229,0
130230,0
130231,0
130232,0
130233,34
130234,0
130235,0
130236,28
130237,0
130238,0
130239,0
130240,0
130241,24
130242,35
130243,0
130244,20
130245,0
130246,0
130247,13
130248,0
130249,0
130250,0
130251,0
130252,0
130253,0
130254,0
130255,36
130256,0
130257,0
130258,0
130259,25
130260,0
130261,38
130262,0
130263,0
130264,34
130265,0
130266,21
130267,0
130268,0
130269,29
130270,0
130271,0
130272,0
130273,0
130274,0
130275,0
130276,0
130277,0
130278,0
130279,0
130280,0
130281,0
130282,0
130283,6
130284,0
130285,0
130286,0
130287,24
130288,0
130289,0
130290,0
130291,0
130292,16
130293,0
130294,0
130295,0
130296,21
130297,0
130298,37
130299,0
130300,0
130301,20
130302,0
130303,40
130304,21
130305,0
130306,13
130307,27
130308,38
130309,0
130310,0
130311,0
130312,0
130313,0
130314,0
130315,0
130316,17
130317,0
130318,0
130319,0
130320,14
130321,0
130322,0
130323,31
130324,0
130325,0
130326,0
130327,35
130328,25
130329,0
130330,0
130331,20
130332,0
130333,0
130334,0
130335,0
130336,0
130337,0
130338,0
130339,0
130340,0
130341,18
130342,0
130343,24
130344,0
130345,0
130346,0
130347,0
130348,20
130349,0
130350,0
130351,0
130352,9
130353,0
130354,0
130355,0
130356,0
130357,0
130358,10
130359,0
130360,0
130361,3
130362,0
130363,0
130364,0
130365,0
130366,2
130367,0
130368,0
130369,9
130370,8
130371,0
130372,0
130373,2
130374,0
130375,5
130376,0
130377,0
130378,0
130379,0
130380,0
130381,0
130382,0
130383,0
130384,0
130385,0
130386,0
130387,0
130388,0
130389,9
130390,0
130391,0
130392,9
130393,0
130394,0
130395,7
130396,0
130397,0
130398,0
130399,0
130400,11
130401,0
130402,0
130403,0
130404,0
130405,0
130406,0
130407,0
130408,0
130409,0
130410,0
130411,0
130412,0
130413,0
130414,0
130415,0
130416,0
130417,8
130418,0
130419,0
130420,2
130421,6
130422,0
130423,0
130424,0
130425,0
130426,0
130427,0
130428,10
130429,0
130430,0
130431,0
130432,0
130433,0
130434,0
130435,0
130436,0
130437,0
130438,15
130439,0
130440,0
130441,5
130442,6
130443,4
130444,0
130445,6
130446,0
130447,0
130448,0
130449,0
130450,0
130451,0
130452,0
130453,14
130454,0
130455,0
130456,0
130457,9
130458,0
130459,0
130460,0
130461,0
130462,9
130463,0
130464,0
130465,0
130466,0
130467,10
130468,6
130469,0
130470,0
130471,0
130472,0
130473,0
130474,0
130475,0
130476,0
130477,0
130478,3
130479,5
130480,0
130481,0
130482,0
130483,0
130484,0
130485,0
130486,11
130487,0
130488,0
130489,0
130490,0
130491,0
130492,0
130493,0
130494,0
130495,0
130496,4
130497,0
130498,0
130499,0
130500,16
130501,0
130502,0
130503,0
130504,0
130505,0
130506,0
130507,0
130508,0
130509,0
130510,8
130511,0
130512,0
130513,0
130514,18
130515,11
130516,0
130517,0
130518,0
130519,18
130520,4
130521,0
130522,9
130523,0
130524,0
130525,0
130526,0
130527,0
130528,0
130529,0
130530,0
130531,0
130532,5
130533,0
130534,0
130535,0
130536,0
130537,0
130538,0
130539,0
130540,0
130541,0
130542,0
130543,0
130544,3
130545,0
130546,0
130547,0
130548,0
130549,0
130550,0
130551,0
130552,0
130553,4
130554,0
130555,4
130556,0
130557,0
130558,0
130559,0
130560,0
130561,5
130562,0
130563,14
130564,0
130565,0
130566,0
130567,10
130568,0
130569,0
130570,0
130571,0
130572,0
130573,11
130574,0
130575,0
130576,0
130577,0
130578,10
130579,0
130580,13
130581,0
130582,0
130583,0
130584,0
130585,0
130586,7
130587,0
130588,0
130589,7
130590,0
130591,0
130592,0
130593,0
130594,0
130595,6
130596,0
130597,0
130598,0
130599,0
130600,0
130601,0
130602,11
130603,0
130604,0
130605,9
130606,7
130607,0
130608,0
130609,0
130610,2
130611,0
130612,0
130613,0
130614,0
130615,0
130616,0
130617,0
130618,0
130619,0
130620,0
130621,11
130622,0
130623,0
130624,10
130625,8
130626,6
130627,0
130628,12
130629,0
130630,0
130631,0
130632,0
130633,0
130634,0
130635,0
130636,0
130637,0
130638,11
130639,0
130640,0
130641,3
130642,0
130643,0
130644,0
130645,0
130646,11
130647,9
130648,15
130649,7
130650,8
130651,0
130652,0
130653,11
130654,0
130655,0
130656,12
130657,0
130658,0
130659,0
130660,8
130661,0
130662,0
130663,0
130664,0
130665,0
130666,6
130667,7
130668,0
130669,0
130670,0
130671,0
130672,0
130673,0
130674,4
130675,12
130676,0
130677,0
130678,0
130679,0
130680,0
130681,0
130682,0
130683,0
130684,0
130685,0
130686,0
130687,0
130688,9
130689,0
130690,6
130691,0
130692,7
130693,0
130694,0
130695,10
130696,0
130697,0
130698,0
130699,0
130700,0
130701,18
130702,0
130703,0
130704,0
130705,6
130706,0
130707,0
130708,0
130709,0
130710,0
130711,0
130712,14
130713,0
130714,0
130715,0
130716,0
130717,5
130718,0
130719,0
130720,0
130721,0
130722,6
130723,4
130724,7
130725,0
130726,0
130727,0
130728,0
130729,0
130730,0
130731,0
130732,0
130733,0
130734,8
130735,0
130736,0
130737,4
130738,3
130739,0
130740,0
130741,0
130742,0
130743,0
130744,0
130745,6
130746,0
130747,0
130748,0
130749,7
130750,0
130751,6
130752,0
130753,0
130754,0
130755,0
130756,0
130757,0
130758,0
130759,8
130760,0
130761,1
130762,0
130763,0
130764,0
130765,0
130766,0
130767,0
130768,0
130769,0
130770,0
130771,0
130772,6
130773,0
130774,0
130775,0
130776,0
130777,0
130778,0
130779,0
130780,0
130781,0
130782,3
130783,9
130784,0
130785,0
130786,8
130787,8
130788,0
130789,0
130790,0
130791,0
130792,0
130793,0
130794,0
130795,0
130796,0
130797,0
130798,7
130799,0
130800,0
130801,0
130802,10
130803,0
130804,0
130805,0
130806,11
130807,0
130808,8
130809,0
130810,0
130811,0
130812,0
130813,0
130814,0
130815,1
130816,0
130817,0
130818,0
130819,0
130820,0
130821,0
130822,16
130823,0
130824,19
130825,0
130826,0
130827,0
130828,0
130829,0
130830,0
130831,0
130832,0
130833,0
130834,0
130835,0
130836,0
130837,0
130838,0
130839,0
130840,3
130841,0
130842,0
130843,0
130844,0
130845,13
130846,0
130847,0
130848,9
130849,17
130850,7
130851,17
130852,0
130853,0
130854,6
130855,0
130856,9
130857,0
130858,0
130859,3
130860,0
130861,5
130862,0
130863,0
130864,6
130865,0
130866,0
130867,0
130868,0
130869,0
130870,12
130871,11
130872,0
130873,6
130874,11
130875,0
130876,0
130877,0
130878,0
130879,0
130880,0
130881,0
130882,8
130883,0
130884,0
130885,0
130886,0
130887,1
130888,0
130889,0
130890,0
130891,0
130892,12
130893,0
130894,8
130895,0
130896,0
130897,0
130898,0
130899,0
130900,6
130901,0
130902,0
130903,6
130904,0
130905,0
130906,0
130907,0
130908,4
130909,0
130910,0
130911,0
130912,0
130913,0
130914,0
130915,5
130916,7
130917,0
130918,0
130919,0
130920,0
130921,0
130922,8
130923,0
130924,0
130925,0
130926,0
130927,4
130928,0
130929,0
130930,4
130931,0
130932,0
130933,0
130934,7
130935,0
130936,0
130937,6
130938,0
130939,0
130940,0
130941,11
130942,9
130943,0
130944,0
130945,0
130946,0
130947,0
130948,0
130949,6
130950,9
130951,0
130952,0
130953,0
130954,0
130955,11
130956,0
130957,0
130958,0
130959,0
130960,0
130961,0
130962,0
130963,8
130964,0
130965,0
130966,0
130967,0
130968,0
130969,0
130970,0
130971,14
130972,0
130973,4
130974,0
130975,5
130976,0
130977,10
130978,0
130979,0
130980,7
130981,0
130982,8
130983,0
130984,0
130985,0
130986,0
130987,9
130988,0
130989,15
130990,3
130991,0
130992,0
130993,0
130994,4
130995,5
130996,0
130997,0
130998,0
130999,0
131000,0
131001,17
131002,0
131003,0
131004,0
131005,0
131006,0
131007,8
131008,0
131009,0
131010,0
131011,0
131012,0
131013,5
131014,0
131015,6
131016,0
131017,0
131018,0
131019,7
131020,0
131021,0
131022,0
131023,0
131024,0
131025,0
131026,0
131027,0
131028,0
131029,0
131030,0
131031,0
131032,0
131033,0
131034,7
131035,0
131036,0
131037,0
131038,6
131039,6
131040,0
131041,4
131042,0
131043,0
131044,0
131045,0
131046,0
131047,0
131048,0
131049,0
131050,0
131051,0
131052,6
131053,0
131054,7
131055,0
131056,0
131057,5
131058,0
131059,0
131060,0
131061,0
131062,2
131063,0
131064,0
131065,0
131066,0
131067,0
131068,0
131069,0
131070,0
131071,0
131072,0
131073,7
131074,0
131075,0
131076,4
131077,5
131078,0
131079,0
131080,0
131081,0
131082,0
131083,0
131084,0
131085,0
131086,3
131087,0
131088,4
131089,0
131090,0
131091,0
131092,10
131093,0
131094,7
131095,0
131096,0
131097,7
131098,0
131099,0
131100,0
131101,0
131102,0
131103,0
131104,0
131105,0
131106,0
131107,8
131108,0
131109,0
131110,0
131111,0
131112,0
131113,5
131114,0
131115,0
131116,0
131117,0
131118,7
131119,0
131120,0
131121,0
131122,6
131123,7
131124,0
131125,0
131126,0
131127,0
131128,0
131129,0
131130,0
131131,6
131132,0
131133,0
131134,0
131135,7
131136,0
131137,6
131138,0
131139,0
131140,0
131141,0
131142,9
131143,6
131144,0
131145,0
131146,0
131147,0
131148,0
131149,0
131150,0
131151,0
131152,0
131153,0
131154,0
131155,0
131156,0
131157,0
131158,0
131159,0
131160,0
131161,0
131162,11
131163,0
131164,0
131165,0
131166,7
131167,0
131168,0
131169,3
131170,0
131171,0
131172,0
131173,0
131174,0
131175,0
131176,0
131177,2
131178,0
131179,0
131180,0
131181,0
131182,0
131183,0
131184,0
131185,5
131186,0
131187,0
131188,0
131189,0
131190,0
131191,0
131192,7
131193,0
131194,0
131195,0
131196,8
131197,10
131198,0
131199,4
131200,0
131201,0
131202,0
131203,0
131204,2
131205,0
131206,0
131207,6
131208,0
131209,0
131210,0
131211,0
131212,0
131213,0
131214,6
131215,0
131216,0
131217,0
131218,4
131219,3
131220,5
131221,11
131222,0
131223,0
131224,0
131225,0
131226,0
131227,0
131228,3
131229,0
131230,0
131231,0
131232,0
131233,6
131234,8
131235,0
131236,0
131237,8
131238,0
131239,7
131240,6
131241,3
131242,0
131243,4
131244,0
131245,0
131246,0
131247,0
131248,0
131249,0
131250,0
131251,0
131252,0
131253,0
131254,0
131255,0
131256,0
131257,0
131258,0
131259,0
131260,0
131261,0
131262,0
131263,0
131264,0
131265,0
131266,0
131267,0
131268,0
131269,8
131270,0
131271,0
131272,0
131273,0
131274,0
131275,0
131276,0
131277,0
131278,0
131279,0
131280,0
131281,0
131282,0
131283,0
131284,0
131285,0
131286,0
131287,0
131288,8
131289,0
131290,0
131291,0
131292,0
131293,0
131294,0
131295,0
131296,0
131297,0
131298,0
131299,0
131300,0
131301,0
131302,0
131303,5
131304,0
131305,0
131306,0
131307,0
131308,0
131309,0
131310,0
131311,0
131312,0
131313,0
131314,0
131315,0
131316,0
131317,0
131318,0
131319,0
131320,6
131321,0
131322,0
131323,0
131324,0
131325,0
131326,0
131327,0
131328,0
131329,5
131330,0
131331,0
131332,0
131333,0
131334,0
131335,0
131336,0
131337,0
131338,0
131339,2
131340,0
131341,0
131342,10
131343,0
131344,10
131345,0
131346,0
131347,0
131348,0
131349,0
131350,0
131351,0
131352,0
131353,0
131354,0
131355,0
131356,4
131357,0
131358,0
131359,0
131360,0
131361,7
131362,0
131363,0
131364,0
131365,0
131366,0
131367,5
131368,0
131369,0
131370,0
131371,4
131372,0
131373,0
131374,8
131375,6
131376,0
131377,0
131378,0
131379,0
131380,0
131381,0
131382,0
131383,0
131384,0
131385,0
131386,3
131387,0
131388,7
131389,0
131390,7
131391,0
131392,5
131393,0
131394,4
131395,0
131396,0
131397,0
131398,0
131399,4
131400,0
131401,0
131402,0
131403,0
131404,0
131405,0
131406,0
131407,0
131408,0
131409,6
131410,0
131411,0
131412,0
131413,0
131414,6
131415,0
131416,0
131417,5
131418,4
131419,0
131420,0
131421,0
131422,5
131423,0
131424,0
131425,0
131426,0
131427,4
131428,0
131429,0
131430,0
131431,0
131432,0
131433,10
131434,0
131435,0
131436,0
131437,0
131438,3
131439,0
131440,0
131441,0
131442,0
131443,0
131444,0
131445,0
131446,0
131447,0
131448,0
131449,3
131450,8
131451,0
131452,0
131453,0
131454,0
131455,0
131456,0
131457,0
131458,0
131459,5
131460,0
131461,0
131462,0
131463,0
131464,5
131465,0
131466,2
131467,7
131468,0
131469,3
131470,0
131471,0
131472,0
131473,0
131474,0
131475,0
131476,0
131477,0
131478,0
131479,0
131480,0
131481,0
131482,0
131483,0
131484,12
131485,0
131486,3
131487,0
131488,0
131489,0
131490,0
131491,0
131492,0
131493,0
131494,0
131495,5
131496,0
131497,0
131498,0
131499,0
131500,0
131501,0
131502,0
131503,0
131504,2
131505,0
131506,0
131507,0
131508,0
131509,0
131510,1
131511,0
131512,5
131513,0
131514,0
131515,0
131516,0
131517,0
131518,0
131519,0
131520,0
131521,2
131522,0
131523,2
131524,0
131525,0
131526,7
131527,6
131528,0
131529,0
131530,0
131531,10
131532,0
131533,0
131534,0
131535,0
131536,0
131537,0
131538,0
131539,0
131540,0
131541,0
131542,0
131543,0
131544,0
131545,0
131546,0
131547,0
131548,0
131549,9
131550,2
131551,13
131552,0
131553,0
131554,0
131555,0
131556,0
131557,0
131558,0
131559,0
131560,0
131561,0
131562,0
131563,0
131564,0
131565,0
131566,0
131567,0
131568,0
131569,0
131570,0
131571,0
131572,0
131573,0
131574,6
131575,0
131576,0
131577,0
131578,0
131579,0
131580,0
131581,8
131582,0
131583,0
131584,0
131585,0
131586,0
131587,0
131588,0
131589,0
131590,0
131591,0
131592,1
131593,0
131594,0
131595,0
131596,5
131597,0
131598,0
131599,0
131600,0
131601,2
131602,0
131603,0
131604,0
131605,0
131606,0
131607,0
131608,0
131609,6
131610,0
131611,0
131612,0
131613,0
131614,0
131615,0
131616,0
131617,0
131618,0
131619,0
131620,0
131621,0
131622,0
131623,0
131624,5
131625,0
131626,0
131627,0
131628,8
131629,0
131630,0
131631,0
131632,0
131633,0
131634,0
131635,0
131636,0
131637,0
131638,3
131639,0
131640,13
131641,0
131642,0
131643,0
131644,0
131645,0
131646,0
131647,0
131648,0
131649,0
131650,0
131651,3
131652,0
131653,7
131654,9
131655,7
131656,0
131657,0
131658,0
131659,0
131660,8
131661,0
131662,2
131663,0
131664,0
131665,0
131666,0
131667,0
131668,0
131669,0
131670,0
131671,0
131672,0
131673,6
131674,2
131675,0
131676,0
131677,3
131678,0
131679,0
131680,0
131681,0
131682,5
131683,0
131684,0
131685,0
131686,6
131687,0
131688,0
131689,0
131690,4
131691,0
131692,0
131693,0
131694,0
131695,7
131696,7
131697,0
131698,0
131699,0
131700,5
131701,0
131702,7
131703,0
131704,3
131705,0
131706,0
131707,8
131708,3
131709,0
131710,0
131711,0
131712,0
131713,0
131714,0
131715,7
131716,0
131717,0
131718,0
131719,0
131720,0
131721,0
131722,2
131723,0
131724,0
131725,3
131726,0
131727,3
131728,0
131729,0
131730,0
131731,0
131732,8
131733,0
131734,0
131735,0
131736,0
131737,0
131738,0
131739,0
131740,0
131741,5
131742,0
131743,11
131744,3
131745,0
131746,0
131747,0
131748,0
131749,0
131750,0
131751,5
131752,0
131753,0
131754,0
131755,0
131756,0
131757,0
131758,0
131759,0
131760,0
131761,0
131762,0
131763,0
131764,0
131765,0
131766,0
131767,0
131768,11
131769,0
131770,0
131771,0
131772,0
131773,0
131774,0
131775,0
131776,0
131777,4
131778,0
131779,0
131780,2
131781,0
131782,0
131783,0
131784,0
131785,0
131786,0
131787,0
131788,0
131789,3
131790,0
131791,0
131792,0
131793,0
131794,0
131795,0
131796,0
131797,0
131798,0
131799,6
131800,0
131801,3
131802,0
131803,0
131804,0
131805,0
131806,0
131807,0
131808,0
131809,0
131810,0
131811,0
131812,0
131813,0
131814,0
131815,0
131816,4
131817,0
131818,8
131819,0
131820,3
131821,0
131822,0
131823,0
131824,0
131825,0
131826,0
131827,0
131828,0
131829,0
131830,0
131831,0
131832,4
131833,0
131834,0
131835,0
131836,0
131837,0
131838,3
131839,9
131840,0
131841,3
131842,0
131843,0
131844,0
131845,0
131846,0
131847,0
131848,0
131849,0
131850,0
131851,0
131852,0
131853,0
131854,0
131855,0
131856,0
131857,0
131858,0
131859,0
131860,0
131861,4
131862,0
131863,0
131864,0
131865,2
131866,0
131867,0
131868,5
131869,5
131870,7
131871,6
131872,3
131873,0
131874,0
131875,0
131876,0
131877,0
131878,0
131879,0
131880,0
131881,0
131882,0
131883,0
131884,0
131885,2
131886,0
131887,0
131888,0
131889,0
131890,0
131891,5
131892,0
131893,11
131894,0
131895,0
131896,0
131897,0
131898,5
131899,7
131900,0
131901,0
131902,0
131903,0
131904,5
131905,0
131906,0
131907,4
131908,0
131909,0
131910,0
131911,0
131912,0
131913,4
131914,0
131915,0
131916,0
131917,0
131918,0
131919,0
131920,8
131921,0
131922,0
131923,1
131924,0
131925,0
131926,0
131927,0
131928,0
131929,0
131930,0
131931,2
131932,7
131933,0
131934,4
131935,0
131936,0
131937,0
131938,0
131939,0
131940,0
131941,0
131942,0
131943,0
131944,0
131945,0
131946,0
131947,0
131948,0
131949,5
131950,3
131951,4
131952,0
131953,0
131954,0
131955,0
131956,0
131957,0
131958,0
131959,3
131960,0
131961,0
131962,0
131963,0
131964,0
131965,0
131966,0
131967,0
131968,3
131969,0
131970,7
131971,2
131972,0
131973,0
131974,0
131975,0
131976,0
131977,7
131978,5
131979,0
131980,0
131981,0
131982,7
131983,0
131984,0
131985,0
131986,0
131987,7
131988,0
131989,0
131990,0
131991,0
131992,0
131993,0
131994,4
131995,0
131996,3
131997,0
131998,6
131999,0
132000,0
132001,0
132002,0
132003,0
132004,0
132005,0
132006,0
132007,0
132008,0
132009,0
132010,0
132011,6
132012,3
132013,4
132014,0
132015,5
132016,7
132017,0
132018,0
132019,0
132020,0
132021,0
132022,0
132023,5
132024,0
132025,3
132026,0
132027,0
132028,5
132029,6
132030,2
132031,0
132032,0
132033,0
132034,0
132035,3
132036,4
132037,0
132038,0
132039,1
132040,0
132041,0
132042,2
132043,0
132044,0
132045,0
132046,0
132047,0
132048,0
132049,5
132050,0
132051,0
132052,0
132053,2
132054,0
132055,0
132056,5
132057,5
132058,0
132059,6
132060,0
132061,0
132062,0
132063,0
132064,3
132065,4
132066,0
132067,7
132068,0
132069,5
132070,0
132071,0
132072,0
132073,0
132074,0
132075,0
132076,0
132077,0
132078,0
132079,0
132080,0
132081,0
132082,0
132083,0
132084,0
132085,0
132086,0
132087,0
132088,0
132089,7
132090,0
132091,0
132092,0
132093,0
132094,0
132095,0
132096,0
132097,0
132098,0
132099,0
132100,0
132101,0
132102,0
132103,0
132104,0
132105,0
132106,0
132107,0
132108,3
132109,0
132110,0
132111,7
132112,0
132113,0
132114,2
132115,0
132116,0
132117,4
132118,4
132119,0
132120,2
132121,0
132122,0
132123,6
132124,0
132125,0
132126,0
132127,6
132128,0
132129,0
132130,0
132131,0
132132,7
132133,0
132134,0
132135,0
132136,0
132137,0
132138,0
132139,0
132140,0
132141,0
132142,0
132143,6
132144,6
132145,0
132146,7
132147,4
132148,0
132149,0
132150,3
132151,0
132152,2
132153,6
132154,4
132155,14
132156,0
132157,3
132158,4
132159,0
132160,0
132161,0
132162,0
132163,0
132164,6
132165,0
132166,0
132167,0
132168,0
132169,0
132170,0
132171,0
132172,0
132173,6
132174,0
132175,0
132176,0
132177,0
132178,0
132179,0
132180,4
132181,0
132182,3
132183,4
132184,0
132185,4
132186,4
132187,0
132188,9
132189,0
132190,7
132191,0
132192,0
132193,0
132194,10
132195,0
132196,0
132197,0
132198,0
132199,0
132200,0
132201,0
132202,0
132203,0
132204,0
132205,0
132206,0
132207,0
132208,0
132209,2
132210,0
132211,3
132212,0
132213,5
132214,4
132215,0
132216,0
132217,0
132218,0
132219,0
132220,0
132221,0
132222,0
132223,0
132224,0
132225,0
132226,0
132227,6
132228,0
132229,0
132230,5
132231,0
132232,0
132233,0
132234,4
132235,0
132236,8
132237,3
132238,0
132239,0
132240,0
132241,10
132242,8
132243,0
132244,0
132245,0
132246,0
132247,0
132248,5
132249,0
132250,0
132251,0
132252,4
132253,0
132254,0
132255,0
132256,0
132257,0
132258,0
132259,2
132260,5
132261,1
132262,0
132263,0
132264,0
132265,0
132266,7
132267,4
132268,0
132269,5
132270,0
132271,0
132272,0
132273,0
132274,0
132275,0
132276,0
132277,0
132278,6
132279,0
132280,2
132281,10
132282,4
132283,0
132284,0
132285,0
132286,0
132287,0
132288,0
132289,4
132290,0
132291,0
132292,6
132293,0
132294,6
132295,0
132296,0
132297,0
132298,5
132299,0
132300,0
132301,0
132302,5
132303,4
132304,5
132305,0
132306,8
132307,0
132308,0
132309,0
132310,0
132311,2
132312,0
132313,2
132314,0
132315,0
132316,0
132317,0
132318,0
132319,0
132320,0
132321,0
132322,0
132323,0
132324,0
132325,0
132326,0
132327,0
132328,0
132329,0
132330,0
132331,1
132332,0
132333,0
132334,3
132335,0
132336,0
132337,0
132338,5
132339,0
132340,9
132341,0
132342,0
132343,0
132344,4
132345,0
132346,0
132347,0
132348,6
132349,0
132350,0
132351,0
132352,4
132353,1
132354,0
132355,0
132356,5
132357,0
132358,5
132359,6
132360,2
132361,0
132362,0
132363,0
132364,0
132365,4
132366,0
132367,3
132368,0
132369,4
132370,0
132371,0
132372,0
132373,0
132374,3
132375,4
132376,0
132377,2
132378,0
132379,4
132380,0
132381,0
132382,0
132383,0
132384,8
132385,0
132386,0
132387,0
132388,0
132389,0
132390,0
132391,0
132392,0
132393,0
132394,3
132395,0
132396,0
132397,0
132398,0
132399,7
132400,0
132401,0
132402,0
132403,0
132404,6
132405,3
132406,2
132407,0
132408,0
132409,13
132410,0
132411,0
132412,8
132413,5
132414,7
132415,0
132416,0
132417,0
132418,0
132419,5
132420,5
132421,0
132422,9
132423,0
132424,0
132425,0
132426,0
132427,4
132428,0
132429,0
132430,0
132431,2
132432,0
132433,0
132434,0
132435,0
132436,0
132437,0
132438,0
132439,3
132440,5
132441,0
132442,0
132443,4
132444,8
132445,6
132446,5
132447,0
132448,4
132449,0
132450,5
132451,0
132452,8
132453,6
132454,0
132455,5
132456,0
132457,0
132458,0
132459,0
132460,3
132461,0
132462,0
132463,3
132464,0
132465,0
132466,0
132467,0
132468,0
132469,0
132470,0
132471,3
132472,0
132473,6
132474,0
132475,0
132476,9
132477,0
132478,0
132479,2
132480,0
132481,2
132482,4
132483,0
132484,5
132485,0
132486,0
132487,0
132488,1
132489,0
132490,0
132491,0
132492,0
132493,4
132494,0
132495,0
132496,2
132497,0
132498,0
132499,0
132500,0
132501,0
132502,0
132503,0
132504,0
132505,0
132506,0
132507,0
132508,0
132509,0
132510,0
132511,10
132512,5
132513,0
132514,0
132515,0
132516,43
132517,0
132518,0
132519,0
132520,0
132521,15
132522,0
132523,0
132524,0
132525,23
132526,0
132527,0
132528,0
132529,0
132530,0
132531,0
132532,0
132533,0
132534,0
132535,0
132536,0
132537,0
132538,0
132539,0
132540,0
132541,0
132542,0
132543,0
132544,0
132545,0
132546,0
132547,0
132548,38
132549,0
132550,0
132551,0
132552,0
132553,0
132554,0
132555,0
132556,0
132557,0
132558,0
132559,0
132560,0
132561,0
132562,44
132563,0
132564,0
132565,0
132566,31
132567,0
132568,48
132569,0
132570,0
132571,0
132572,0
132573,0
132574,47
132575,0
132576,0
132577,0
132578,0
132579,0
132580,0
132581,0
132582,0
132583,0
132584,0
132585,0
132586,0
132587,45
132588,0
132589,0
132590,0
132591,0
132592,37
132593,31
132594,0
132595,0
132596,0
132597,0
132598,0
132599,0
132600,0
132601,0
132602,0
132603,0
132604,0
132605,34
132606,0
132607,0
132608,0
132609,0
132610,0
132611,0
132612,0
132613,0
132614,0
132615,0
132616,0
132617,47
132618,0
132619,0
132620,34
132621,0
132622,0
132623,0
132624,37
132625,0
132626,0
132627,0
132628,0
132629,0
132630,0
132631,0
132632,0
132633,0
132634,0
132635,0
132636,0
132637,0
132638,43
132639,0
132640,0
132641,0
132642,0
132643,0
132644,0
132645,0
132646,0
132647,41
132648,0
132649,0
132650,0
132651,0
132652,0
132653,0
132654,35
132655,26
132656,0
132657,27
132658,0
132659,0
132660,0
132661,23
132662,50
132663,0
132664,0
132665,0
132666,0
132667,0
132668,0
132669,0
132670,0
132671,0
132672,0
132673,0
132674,0
132675,0
132676,0
132677,0
132678,0
132679,0
132680,0
132681,0
132682,0
132683,0
132684,46
132685,0
132686,0
132687,0
132688,0
132689,0
132690,0
132691,0
132692,0
132693,0
132694,0
132695,0
132696,0
132697,0
132698,57
132699,0
132700,44
132701,0
132702,0
132703,0
132704,0
132705,0
132706,0
132707,0
132708,0
132709,0
132710,0
132711,0
132712,0
132713,0
132714,0
132715,0
132716,0
132717,0
132718,0
132719,0
132720,0
132721,0
132722,0
132723,0
132724,0
132725,0
132726,0
132727,0
132728,0
132729,0
132730,0
132731,0
132732,36
132733,0
132734,0
132735,0
132736,31
132737,0
132738,0
132739,0
132740,0
132741,0
132742,0
132743,0
132744,0
132745,0
132746,0
132747,0
132748,0
132749,0
132750,0
132751,0
132752,0
132753,0
132754,0
132755,33
132756,38
132757,0
132758,0
132759,31
132760,46
132761,0
132762,0
132763,0
132764,31
132765,0
132766,0
132767,0
132768,0
132769,0
132770,0
132771,0
132772,0
132773,46
132774,0
132775,27
132776,0
132777,0
132778,0
132779,56
132780,0
132781,0
132782,0
132783,0
132784,0
132785,0
132786,0
132787,0
132788,0
132789,0
132790,0
132791,0
132792,0
132793,0
132794,0
132795,0
132796,0
132797,0
132798,0
132799,0
132800,0
132801,0
132802,42
132803,0
132804,0
132805,0
132806,0
132807,25
132808,0
132809,49
132810,0
132811,0
132812,0
132813,0
132814,0
132815,0
132816,45
132817,42
132818,0
132819,32
132820,0
132821,0
132822,0
132823,33
132824,0
132825,0
132826,0
132827,48
132828,0
132829,0
132830,0
132831,40
132832,0
132833,0
132834,0
132835,0
132836,0
132837,0
132838,0
132839,0
132840,40
132841,0
132842,0
132843,43
132844,0
132845,0
132846,0
132847,0
132848,0
132849,0
132850,0
132851,0
132852,0
132853,0
132854,0
132855,0
132856,0
132857,0
132858,0
132859,0
132860,0
132861,0
132862,0
132863,0
132864,0
132865,0
132866,0
132867,0
132868,0
132869,0
132870,30
132871,63
132872,0
132873,36
132874,0
132875,0
132876,0
132877,0
132878,0
132879,32
132880,0
132881,0
132882,0
132883,0
132884,38
132885,0
132886,0
132887,0
132888,0
132889,22
132890,0
132891,0
132892,0
132893,0
132894,0
132895,0
132896,37
132897,0
132898,0
132899,0
132900,0
132901,0
132902,0
132903,0
132904,0
132905,0
132906,0
132907,0
132908,0
132909,0
132910,0
132911,0
132912,0
132913,0
132914,0
132915,0
132916,0
132917,0
132918,0
132919,0
132920,0
132921,0
132922,0
132923,0
132924,0
132925,0
132926,56
132927,0
132928,48
132929,0
132930,0
132931,0
132932,0
132933,0
132934,0
132935,0
132936,0
132937,0
132938,0
132939,0
132940,0
132941,0
132942,30
132943,32
132944,31
132945,0
132946,0
132947,0
132948,0
132949,0
132950,40
132951,0
132952,0
132953,0
132954,0
132955,0
132956,0
132957,0
132958,0
132959,0
132960,0
132961,0
132962,0
132963,0
132964,0
132965,0
132966,0
132967,0
132968,0
132969,0
132970,0
132971,41
132972,0
132973,0
132974,0
132975,0
132976,0
132977,0
132978,0
132979,0
132980,0
132981,0
132982,0
132983,0
132984,0
132985,0
132986,41
132987,0
132988,46
132989,0
132990,0
132991,0
132992,0
132993,53
132994,27
132995,0
132996,0
132997,38
132998,0
132999,0
133000,0
133001,0
133002,0
133003,0
133004,0
133005,0
133006,0
133007,0
133008,0
133009,0
133010,0
133011,0
133012,0
133013,0
133014,0
133015,0
133016,0
133017,46
133018,0
133019,0
133020,0
133021,0
133022,0
133023,0
133024,0
133025,0
133026,34
133027,44
133028,0
133029,0
133030,0
133031,0
133032,35
133033,0
133034,0
133035,0
133036,0
133037,0
133038,30
133039,0
133040,0
133041,0
133042,0
133043,0
133044,0
133045,0
133046,0
133047,0
133048,0
133049,0
133050,0
133051,0
133052,0
133053,34
133054,31
133055,18
133056,0
133057,0
133058,0
133059,0
133060,0
133061,0
133062,0
133063,0
133064,0
133065,0
133066,0
133067,47
133068,0
133069,0
133070,39
133071,0
133072,29
133073,0
133074,0
133075,0
133076,0
133077,0
133078,0
133079,0
133080,0
133081,0
133082,0
133083,0
133084,0
133085,0
133086,0
133087,0
133088,29
133089,0
133090,0
133091,0
133092,40
133093,0
133094,0
133095,0
133096,0
133097,0
133098,18
133099,0
133100,0
133101,0
133102,0
133103,0
133104,0
133105,0
133106,0
133107,0
133108,36
133109,0
133110,0
133111,0
133112,0
133113,0
133114,0
133115,0
133116,0
133117,0
133118,0
133119,0
133120,0
133121,0
133122,28
133123,0
133124,0
133125,0
133126,0
133127,0
133128,0
133129,41
133130,0
133131,0
133132,0
133133,0
133134,0
133135,0
133136,0
133137,0
133138,0
133139,0
133140,0
133141,0
133142,0
133143,0
133144,0
133145,0
133146,0
133147,0
133148,0
133149,0
133150,0
133151,0
133152,0
133153,0
133154,0
133155,28
133156,0
133157,43
133158,0
133159,0
133160,0
133161,0
133162,0
133163,0
133164,0
133165,0
133166,0
133167,0
133168,0
133169,0
133170,42
133171,0
133172,0
133173,0
133174,0
133175,0
133176,0
133177,0
133178,0
133179,0
133180,0
133181,0
133182,0
133183,0
133184,0
133185,31
133186,37
133187,0
133188,0
133189,0
133190,45
133191,29
133192,23
133193,0
133194,0
133195,0
133196,0
133197,0
133198,0
133199,0
133200,0
133201,0
133202,0
133203,0
133204,0
133205,0
133206,0
133207,0
133208,0
133209,0
133210,0
133211,0
133212,0
133213,0
133214,0
133215,0
133216,0
133217,0
133218,0
133219,0
133220,0
133221,0
133222,0
133223,0
133224,53
133225,0
133226,0
133227,0
133228,0
133229,38
133230,0
133231,0
133232,0
133233,0
133234,0
133235,0
133236,0
133237,37
133238,0
133239,0
133240,0
133241,0
133242,0
133243,0
133244,0
133245,0
133246,21
133247,0
133248,37
133249,0
133250,0
133251,0
133252,0
133253,52
133254,0
133255,0
133256,0
133257,22
133258,33
133259,37
133260,37
133261,0
133262,0
133263,0
133264,0
133265,0
133266,0
133267,0
133268,0
133269,0
133270,0
133271,0
133272,0
133273,0
133274,0
133275,0
133276,0
133277,0
133278,0
133279,0
133280,0
133281,0
133282,0
133283,0
133284,0
133285,0
133286,0
133287,0
133288,0
133289,0
133290,0
133291,0
133292,0
133293,0
133294,0
133295,0
133296,0
133297,0
133298,0
133299,0
133300,0
133301,0
133302,0
133303,0
133304,0
133305,0
133306,42
133307,0
133308,0
133309,0
133310,0
133311,28
133312,0
133313,0
133314,0
133315,0
133316,0
133317,0
133318,0
133319,0
133320,0
133321,0
133322,0
133323,0
133324,0
133325,0
133326,0
133327,0
133328,0
133329,0
133330,0
133331,0
133332,0
133333,0
133334,0
133335,0
133336,0
133337,0
133338,0
133339,0
133340,0
133341,0
133342,0
133343,0
133344,0
133345,0
133346,0
133347,0
133348,0
133349,0
133350,0
133351,0
133352,0
133353,0
133354,0
133355,0
133356,0
133357,0
133358,0
133359,0
133360,0
133361,1
133362,0
133363,0
133364,0
133365,0
133366,0
133367,0
133368,0
133369,0
133370,0
133371,0
133372,0
133373,0
133374,0
133375,0
133376,0
133377,0
133378,0
133379,0
133380,0
133381,0
133382,0
133383,0
133384,0
133385,0
133386,0
133387,0
133388,0
133389,0
133390,0
133391,0
133392,0
133393,0
133394,0
133395,0
133396,0
133397,0
133398,0
133399,0
133400,0
133401,0
133402,0
133403,0
133404,0
133405,0
133406,0
133407,0
133408,0
133409,0
133410,0
133411,0
133412,0
133413,0
133414,0
133415,0
133416,0
133417,0
133418,0
133419,0
133420,0
133421,0
133422,0
133423,4
133424,0
133425,0
133426,0
133427,0
133428,0
133429,0
133430,0
133431,0
133432,0
133433,0
133434,0
133435,0
133436,0
133437,0
133438,0
133439,0
133440,0
133441,0
133442,0
133443,0
133444,0
133445,0
133446,0
133447,0
133448,0
133449,0
133450,0
133451,0
133452,0
133453,0
133454,0
133455,0
133456,0
133457,0
133458,0
133459,0
133460,0
133461,0
133462,0
133463,0
133464,0
133465,0
133466,0
133467,0
133468,0
133469,0
133470,0
133471,0
133472,0
133473,0
133474,0
133475,0
133476,0
133477,0
133478,0
133479,0
133480,0
133481,0
133482,0
133483,0
133484,0
133485,0
133486,0
133487,0
133488,0
133489,0
133490,0
133491,0
133492,0
133493,0
133494,0
133495,0
133496,0
133497,0
133498,0
133499,0
133500,0
133501,0
133502,0
133503,0
133504,0
133505,0
133506,0
133507,0
133508,0
133509,0
133510,0
133511,0
133512,0
133513,0
133514,0
133515,0
133516,0
133517,0
133518,0
133519,0
133520,0
133521,0
133522,0
133523,0
133524,0
133525,1
133526,0
133527,0
133528,0
133529,0
133530,0
133531,0
133532,0
133533,0
133534,0
133535,0
133536,0
133537,0
133538,0
133539,0
133540,0
133541,0
133542,0
133543,0
133544,0
133545,0
133546,0
133547,0
133548,0
133549,0
133550,0
133551,0
133552,0
133553,0
133554,0
133555,0
133556,0
133557,0
133558,0
133559,0
133560,0
133561,0
133562,0
133563,0
133564,0
133565,2
133566,0
133567,1
133568,0
133569,0
133570,0
133571,0
133572,0
133573,0
133574,0
133575,1
133576,0
133577,0
133578,0
133579,0
133580,0
133581,0
133582,0
133583,0
133584,0
133585,0
133586,0
133587,0
133588,0
133589,0
133590,0
133591,0
133592,0
133593,0
133594,0
133595,0
133596,0
133597,0
133598,0
133599,0
133600,0
133601,0
133602,0
133603,0
133604,0
133605,0
133606,0
133607,1
133608,0
133609,0
133610,0
133611,2
133612,0
133613,0
133614,0
133615,0
133616,0
133617,0
133618,0
133619,36
133620,0
133621,0
133622,17
133623,0
133624,0
133625,0
133626,40
133627,0
133628,24
133629,0
133630,0
133631,0
133632,0
133633,0
133634,0
133635,0
133636,0
133637,0
133638,21
133639,0
133640,0
133641,22
133642,0
133643,0
133644,0
133645,0
133646,0
133647,0
133648,40
133649,0
133650,0
133651,34
133652,0
133653,0
133654,0
133655,0
133656,31
133657,0
133658,0
133659,0
133660,0
133661,32
133662,24
133663,0
133664,0
133665,22
133666,0
133667,0
133668,0
133669,0
133670,0
133671,0
133672,0
133673,0
133674,36
133675,0
133676,0
133677,0
133678,0
133679,0
133680,0
133681,0
133682,0
133683,0
133684,0
133685,0
133686,0
133687,0
133688,0
133689,22
133690,0
133691,22
133692,0
133693,29
133694,0
133695,0
133696,27
133697,26
133698,0
133699,0
133700,23
133701,0
133702,0
133703,0
133704,0
133705,40
133706,0
133707,0
133708,26
133709,0
133710,0
133711,29
133712,0
133713,0
133714,0
133715,22
133716,0
133717,0
133718,0
133719,0
133720,0
133721,0
133722,0
133723,15
133724,0
133725,34
133726,0
133727,0
133728,0
133729,0
133730,21
133731,0
133732,0
133733,0
133734,0
133735,0
133736,23
133737,32
133738,0
133739,42
133740,0
133741,0
133742,0
133743,0
133744,0
133745,22
133746,0
133747,27
133748,0
133749,32
133750,0
133751,0
133752,0
133753,0
133754,0
133755,0
133756,0
133757,24
133758,0
133759,0
133760,20
133761,0
133762,0
133763,29
133764,23
133765,0
133766,0
133767,0
133768,0
133769,0
133770,0
133771,27
133772,31
133773,43
133774,0
133775,0
133776,0
133777,0
133778,0
133779,33
133780,0
133781,25
133782,33
133783,0
133784,0
133785,0
133786,0
133787,30
133788,0
133789,32
133790,0
133791,0
133792,0
133793,24
133794,0
133795,36
133796,0
133797,0
133798,0
133799,0
133800,23
133801,0
133802,54
133803,33
133804,0
133805,0
133806,0
133807,0
133808,0
133809,0
133810,0
133811,34
133812,0
133813,43
133814,0
133815,0
133816,0
133817,0
133818,26
133819,0
133820,0
133821,0
133822,26
133823,0
133824,0
133825,0
133826,0
133827,0
133828,0
133829,0
133830,0
133831,0
133832,0
133833,29
133834,0
133835,0
133836,0
133837,0
133838,0
133839,0
133840,0
133841,34
133842,0
133843,0
133844,0
133845,0
133846,0
133847,0
133848,0
133849,0
133850,0
133851,0
133852,28
133853,0
133854,0
133855,0
133856,0
133857,0
133858,27
133859,0
133860,0
133861,25
133862,25
133863,0
133864,0
133865,0
133866,0
133867,31
133868,0
133869,0
133870,0
133871,27
133872,0
133873,35
133874,0
133875,23
133876,31
133877,0
133878,0
133879,0
133880,22
133881,0
133882,0
133883,0
133884,0
133885,0
133886,0
133887,0
133888,0
133889,0
133890,0
133891,0
133892,32
133893,0
133894,0
133895,0
133896,0
133897,28
133898,0
133899,0
133900,23
133901,0
133902,0
133903,0
133904,0
133905,0
133906,0
133907,0
133908,0
133909,0
133910,0
133911,24
133912,0
133913,41
133914,0
133915,0
133916,0
133917,0
133918,0
133919,0
133920,0
133921,0
133922,29
133923,0
133924,0
133925,31
133926,0
133927,0
133928,0
133929,0
133930,0
133931,0
133932,0
133933,0
133934,31
133935,0
133936,0
133937,0
133938,22
133939,0
133940,23
133941,0
133942,28
133943,0
133944,0
133945,0
133946,0
133947,20
133948,0
133949,26
133950,21
133951,19
133952,0
133953,0
133954,0
133955,0
133956,0
133957,42
133958,0
133959,21
133960,0
133961,0
133962,0
133963,0
133964,0
133965,0
133966,0
133967,0
133968,0
133969,0
133970,0
133971,0
133972,0
133973,0
133974,0
133975,30
133976,0
133977,26
133978,0
133979,0
133980,0
133981,0
133982,0
133983,0
133984,0
133985,0
133986,0
133987,0
133988,0
133989,0
133990,0
133991,0
133992,0
133993,25
133994,0
133995,0
133996,0
133997,0
133998,0
133999,0
134000,0
134001,37
134002,48
134003,0
134004,0
134005,0
134006,0
134007,0
134008,0
134009,0
134010,0
134011,0
134012,28
134013,0
134014,0
134015,27
134016,26
134017,20
134018,0
134019,0
134020,0
134021,25
134022,0
134023,0
134024,0
134025,30
134026,0
134027,0
134028,0
134029,0
134030,0
134031,0
134032,0
134033,0
134034,0
134035,0
134036,0
134037,31
134038,0
134039,0
134040,0
134041,25
134042,0
134043,0
134044,0
134045,0
134046,0
134047,0
134048,0
134049,0
134050,0
134051,0
134052,0
134053,0
134054,0
134055,0
134056,0
134057,34
134058,15
134059,0
134060,0
134061,0
134062,0
134063,0
134064,29
134065,0
134066,28
134067,0
134068,0
134069,0
134070,32
134071,0
134072,30
134073,0
134074,0
134075,0
134076,0
134077,0
134078,18
134079,15
134080,0
134081,0
134082,0
134083,0
134084,0
134085,0
134086,0
134087,0
134088,0
134089,0
134090,0
134091,0
134092,0
134093,36
134094,0
134095,0
134096,0
134097,0
134098,0
134099,0
134100,0
134101,0
134102,0
134103,33
134104,0
134105,0
134106,0
134107,0
134108,0
134109,0
134110,39
134111,0
134112,0
134113,0
134114,0
134115,19
134116,0
134117,0
134118,25
134119,0
134120,0
134121,0
134122,28
134123,0
134124,0
134125,23
134126,0
134127,0
134128,22
134129,0
134130,29
134131,0
134132,0
134133,0
134134,0
134135,0
134136,38
134137,0
134138,21
134139,0
134140,0
134141,0
134142,0
134143,0
134144,33
134145,0
134146,0
134147,0
134148,0
134149,0
134150,0
134151,23
134152,0
134153,0
134154,0
134155,0
134156,21
134157,25
134158,22
134159,0
134160,0
134161,0
134162,28
134163,0
134164,17
134165,0
134166,23
134167,0
134168,0
134169,18
134170,0
134171,0
134172,28
134173,0
134174,0
134175,0
134176,0
134177,0
134178,0
134179,0
134180,0
134181,0
134182,0
134183,0
134184,0
134185,25
134186,0
134187,0
134188,0
134189,23
134190,0
134191,0
134192,0
134193,0
134194,0
134195,0
134196,0
134197,0
134198,0
134199,0
134200,0
134201,0
134202,0
134203,0
134204,0
134205,0
134206,0
134207,15
134208,0
134209,0
134210,0
134211,0
134212,0
134213,22
134214,0
134215,0
134216,0
134217,0
134218,0
134219,0
134220,25
134221,0
134222,0
134223,0
134224,0
134225,0
134226,0
134227,0
134228,21
134229,16
134230,0
134231,0
134232,0
134233,22
134234,0
134235,0
134236,0
134237,0
134238,0
134239,0
134240,0
134241,18
134242,0
134243,0
134244,0
134245,0
134246,21
134247,0
134248,0
134249,0
134250,0
134251,0
134252,0
134253,0
134254,0
134255,0
134256,0
134257,0
134258,0
134259,0
134260,0
134261,22
134262,0
134263,0
134264,0
134265,0
134266,14
134267,0
134268,0
134269,0
134270,0
134271,0
134272,0
134273,0
134274,0
134275,0
134276,0
134277,0
134278,0
134279,0
134280,0
134281,0
134282,0
134283,0
134284,0
134285,0
134286,0
134287,0
134288,0
134289,0
134290,0
134291,21
134292,22
134293,0
134294,0
134295,0
134296,0
134297,0
134298,0
134299,0
134300,0
134301,0
134302,0
134303,0
134304,0
134305,0
134306,0
134307,0
134308,0
134309,0
134310,0
134311,0
134312,0
134313,16
134314,0
134315,0
134316,0
134317,0
134318,0
134319,0
134320,0
134321,27
134322,23
134323,0
134324,0
134325,0
134326,0
134327,0
134328,0
134329,0
134330,0
134331,0
134332,0
134333,0
134334,0
134335,0
134336,0
134337,0
134338,0
134339,0
134340,0
134341,0
134342,0
134343,0
134344,0
134345,0
134346,17
134347,0
134348,0
134349,0
134350,0
134351,0
134352,0
134353,0
134354,0
134355,15
134356,0
134357,0
134358,15
134359,0
134360,0
134361,14
134362,0
134363,0
134364,0
134365,0
134366,0
134367,0
134368,0
134369,15
134370,0
134371,0
134372,0
134373,0
134374,0
134375,0
134376,0
134377,0
134378,0
134379,0
134380,0
134381,0
134382,0
134383,11
134384,0
134385,0
134386,27
134387,0
134388,16
134389,0
134390,20
134391,0
134392,0
134393,0
134394,0
134395,0
134396,0
134397,0
134398,0
134399,0
134400,0
134401,0
134402,0
134403,0
134404,0
134405,0
134406,0
134407,0
134408,0
134409,0
134410,0
134411,0
134412,0
134413,0
134414,0
134415,0
134416,0
134417,0
134418,27
134419,0
134420,0
134421,0
134422,0
134423,0
134424,0
134425,0
134426,0
134427,0
134428,24
134429,0
134430,0
134431,0
134432,0
134433,0
134434,0
134435,0
134436,0
134437,0
134438,0
134439,0
134440,19
134441,0
134442,0
134443,0
134444,0
134445,0
134446,0
134447,23
134448,12
134449,0
134450,0
134451,0
134452,0
134453,0
134454,0
134455,0
134456,0
134457,0
134458,0
134459,0
134460,19
134461,0
134462,0
134463,0
134464,17
134465,0
134466,0
134467,0
134468,0
134469,0
134470,0
134471,24
134472,0
134473,16
134474,20
134475,0
134476,0
134477,0
134478,0
134479,0
134480,0
134481,0
134482,0
134483,21
134484,24
134485,0
134486,0
134487,0
134488,0
134489,0
134490,0
134491,0
134492,0
134493,0
134494,0
134495,0
134496,15
134497,0
134498,10
134499,0
134500,17
134501,0
134502,0
134503,24
134504,0
134505,0
134506,0
134507,0
134508,0
134509,0
134510,0
134511,0
134512,0
134513,13
134514,0
134515,0
134516,12
134517,0
134518,0
134519,0
134520,0
134521,0
134522,0
134523,17
134524,0
134525,11
134526,0
134527,8
134528,0
134529,0
134530,0
134531,16
134532,0
134533,0
134534,0
134535,0
134536,0
134537,0
134538,0
134539,20
134540,0
134541,0
134542,0
134543,0
134544,0
134545,0
134546,0
134547,0
134548,0
134549,0
134550,0
134551,0
134552,0
134553,0
134554,0
134555,0
134556,0
134557,22
134558,24
134559,0
134560,0
134561,0
134562,0
134563,0
134564,0
134565,0
134566,0
134567,0
134568,0
134569,0
134570,0
134571,0
134572,0
134573,0
134574,0
134575,0
134576,0
134577,0
134578,0
134579,0
134580,0
134581,0
134582,0
134583,0
134584,0
134585,0
134586,0
134587,0
134588,0
134589,0
134590,0
134591,11
134592,0
134593,0
134594,0
134595,0
134596,0
134597,0
134598,0
134599,20
134600,0
134601,0
134602,0
134603,0
134604,0
134605,0
134606,0
134607,0
134608,0
134609,0
134610,20
134611,0
134612,0
134613,0
134614,21
134615,0
134616,0
134617,0
134618,11
134619,0
134620,0
134621,0
134622,0
134623,0
134624,0
134625,0
134626,23
134627,0
134628,0
134629,0
134630,0
134631,13
134632,0
134633,0
134634,0
134635,0
134636,0
134637,0
134638,0
134639,0
134640,0
134641,0
134642,0
134643,0
134644,0
134645,21
134646,0
134647,0
134648,27
134649,0
134650,0
134651,0
134652,0
134653,0
134654,0
134655,0
134656,0
134657,0
134658,0
134659,0
134660,0
134661,0
134662,0
134663,0
134664,18
134665,0
134666,0
134667,0
134668,0
134669,0
134670,0
134671,0
134672,0
134673,4
134674,0
134675,3
134676,0
134677,0
134678,5
134679,0
134680,0
134681,0
134682,0
134683,0
134684,0
134685,0
134686,0
134687,0
134688,7
134689,5
134690,5
134691,0
134692,0
134693,0
134694,0
134695,0
134696,0
134697,0
134698,0
134699,0
134700,0
134701,0
134702,11
134703,0
134704,0
134705,0
134706,0
134707,1
134708,0
134709,4
134710,0
134711,5
134712,4
134713,7
134714,5
134715,0
134716,0
134717,0
134718,0
134719,7
134720,0
134721,0
134722,0
134723,0
134724,10
134725,0
134726,0
134727,0
134728,0
134729,0
134730,0
134731,0
134732,0
134733,0
134734,2
134735,0
134736,0
134737,0
134738,0
134739,0
134740,0
134741,0
134742,0
134743,0
134744,4
134745,6
134746,0
134747,0
134748,0
134749,0
134750,4
134751,0
134752,0
134753,0
134754,3
134755,0
134756,0
134757,0
134758,0
134759,0
134760,0
134761,11
134762,0
134763,0
134764,0
134765,0
134766,0
134767,0
134768,0
134769,0
134770,0
134771,0
134772,6
134773,7
134774,3
134775,0
134776,0
134777,0
134778,0
134779,2
134780,0
134781,0
134782,6
134783,0
134784,0
134785,0
134786,12
134787,0
134788,0
134789,0
134790,0
134791,0
134792,5
134793,0
134794,0
134795,0
134796,4
134797,0
134798,0
134799,0
134800,0
134801,0
134802,0
134803,0
134804,3
134805,0
134806,0
134807,0
134808,0
134809,0
134810,5
134811,0
134812,6
134813,0
134814,0
134815,0
134816,1
134817,6
134818,5
134819,0
134820,0
134821,5
134822,8
134823,0
134824,8
134825,2
134826,6
134827,0
134828,0
134829,0
134830,0
134831,0
134832,5
134833,0
134834,0
134835,0
134836,0
134837,0
134838,0
134839,0
134840,0
134841,0
134842,0
134843,0
134844,0
134845,0
134846,3
134847,0
134848,3
134849,4
134850,2
134851,0
134852,0
134853,0
134854,0
134855,0
134856,2
134857,0
134858,0
134859,0
134860,0
134861,0
134862,0
134863,0
134864,2
134865,0
134866,7
134867,0
134868,0
134869,0
134870,0
134871,0
134872,0
134873,0
134874,8
134875,0
134876,0
134877,0
134878,0
134879,9
134880,0
134881,0
134882,0
134883,7
134884,0
134885,7
134886,0
134887,0
134888,10
134889,4
134890,0
134891,0
134892,0
134893,0
134894,3
134895,0
134896,0
134897,0
134898,0
134899,0
134900,0
134901,0
134902,0
134903,3
134904,0
134905,0
134906,0
134907,0
134908,0
134909,0
134910,0
134911,2
134912,0
134913,0
134914,0
134915,0
134916,0
134917,0
134918,0
134919,4
134920,5
134921,0
134922,6
134923,0
134924,0
134925,4
134926,5
134927,4
134928,2
134929,0
134930,0
134931,4
134932,6
134933,0
134934,0
134935,0
134936,0
134937,0
134938,0
134939,0
134940,5
134941,0
134942,5
134943,2
134944,0
134945,0
134946,0
134947,0
134948,4
134949,0
134950,0
134951,0
134952,0
134953,0
134954,4
134955,0
134956,0
134957,0
134958,0
134959,0
134960,0
134961,0
134962,0
134963,8
134964,0
134965,0
134966,6
134967,0
134968,0
134969,0
134970,0
134971,7
134972,0
134973,0
134974,0
134975,0
134976,6
134977,0
134978,0
134979,0
134980,0
134981,0
134982,0
134983,0
134984,9
134985,0
134986,0
134987,0
134988,0
134989,5
134990,0
134991,0
134992,0
134993,0
134994,1
134995,0
134996,0
134997,0
134998,0
134999,0
135000,0
135001,8
135002,0
135003,0
135004,0
135005,6
135006,0
135007,0
135008,0
135009,0
135010,0
135011,6
135012,0
135013,5
135014,4
135015,0
135016,0
135017,0
135018,0
135019,0
135020,0
135021,0
135022,0
135023,0
135024,0
135025,8
135026,7
135027,0
135028,0
135029,0
135030,0
135031,4
135032,0
135033,0
135034,5
135035,0
135036,0
135037,0
135038,0
135039,0
135040,0
135041,0
135042,0
135043,0
135044,7
135045,0
135046,0
135047,0
135048,0
135049,0
135050,0
135051,0
135052,0
135053,0
135054,0
135055,0
135056,0
135057,0
135058,0
135059,0
135060,6
135061,9
135062,0
135063,0
135064,7
135065,0
135066,3
135067,0
135068,0
135069,0
135070,0
135071,0
135072,0
135073,0
135074,0
135075,0
135076,0
135077,0
135078,0
135079,0
135080,4
135081,0
135082,0
135083,0
135084,0
135085,5
135086,9
135087,8
135088,0
135089,0
135090,0
135091,0
135092,0
135093,0
135094,3
135095,0
135096,0
135097,0
135098,0
135099,0
135100,4
135101,0
135102,0
135103,0
135104,0
135105,0
135106,5
135107,0
135108,0
135109,0
135110,0
135111,0
135112,0
135113,3
135114,0
135115,0
135116,0
135117,0
135118,0
135119,0
135120,0
135121,0
135122,0
135123,0
135124,0
135125,0
135126,0
135127,0
135128,0
135129,0
135130,11
135131,0
135132,0
135133,1
135134,3
135135,0
135136,0
135137,0
135138,0
135139,0
135140,0
135141,2
135142,0
135143,12
135144,9
135145,0
135146,0
135147,0
135148,0
135149,0
135150,0
135151,8
135152,0
135153,5
135154,0
135155,0
135156,0
135157,0
135158,0
135159,0
135160,0
135161,5
135162,0
135163,0
135164,0
135165,8
135166,0
135167,0
135168,0
135169,0
135170,0
135171,0
135172,0
135173,3
135174,0
135175,0
135176,0
135177,0
135178,0
135179,0
135180,0
135181,0
135182,0
135183,0
135184,2
135185,6
135186,0
135187,4
135188,0
135189,0
135190,0
135191,0
135192,0
135193,5
135194,0
135195,0
135196,0
135197,4
135198,0
135199,0
135200,0
135201,7
135202,2
135203,0
135204,2
135205,0
135206,0
135207,5
135208,1
135209,0
135210,6
135211,0
135212,3
135213,0
135214,3
135215,0
135216,0
135217,0
135218,3
135219,0
135220,4
135221,4
135222,0
135223,0
135224,4
135225,0
135226,0
135227,0
135228,0
135229,0
135230,1
135231,0
135232,5
135233,0
135234,5
135235,0
135236,0
135237,0
135238,0
135239,0
135240,0
135241,6
135242,8
135243,0
135244,0
135245,0
135246,0
135247,3
135248,6
135249,0
135250,0
135251,0
135252,3
135253,5
135254,0
135255,0
135256,0
135257,3
135258,7
135259,0
135260,0
135261,0
135262,7
135263,0
135264,0
135265,6
135266,4
135267,0
135268,4
135269,0
135270,0
135271,5
135272,0
135273,0
135274,0
135275,0
135276,0
135277,2
135278,2
135279,0
135280,0
135281,0
135282,0
135283,0
135284,5
135285,5
135286,0
135287,0
135288,0
135289,0
135290,0
135291,0
135292,0
135293,0
135294,0
135295,0
135296,6
135297,0
135298,0
135299,0
135300,7
135301,7
135302,0
135303,0
135304,0
135305,0
135306,1
135307,0
135308,0
135309,4
135310,0
135311,0
135312,0
135313,0
135314,0
135315,0
135316,0
135317,0
135318,0
135319,0
135320,0
135321,6
135322,0
135323,2
135324,0
135325,0
135326,5
135327,0
135328,2
135329,0
135330,0
135331,0
135332,0
135333,4
135334,0
135335,0
135336,0
135337,0
135338,0
135339,5
135340,3
135341,4
135342,0
135343,0
135344,0
135345,0
135346,0
135347,0
135348,0
135349,0
135350,0
135351,11
135352,0
135353,0
135354,0
135355,0
135356,0
135357,0
135358,0
135359,0
135360,4
135361,0
135362,4
135363,6
135364,4
135365,0
135366,0
135367,0
135368,5
135369,0
135370,0
135371,0
135372,5
135373,0
135374,0
135375,0
135376,0
135377,0
135378,5
135379,0
135380,0
135381,6
135382,0
135383,5
135384,0
135385,0
135386,0
135387,0
135388,5
135389,0
135390,11
135391,0
135392,0
135393,8
135394,0
135395,0
135396,0
135397,0
135398,0
135399,3
135400,0
135401,0
135402,0
135403,0
135404,10
135405,2
135406,1
135407,0
135408,0
135409,0
135410,0
135411,0
135412,4
135413,0
135414,0
135415,0
135416,7
135417,0
135418,0
135419,0
135420,0
135421,0
135422,0
135423,0
135424,0
135425,0
135426,6
135427,0
135428,6
135429,0
135430,0
135431,5
135432,0
135433,3
135434,4
135435,0
135436,0
135437,0
135438,0
135439,0
135440,0
135441,3
135442,0
135443,0
135444,7
135445,7
135446,0
135447,0
135448,0
135449,0
135450,0
135451,7
135452,0
135453,0
135454,0
135455,0
135456,0
135457,0
135458,0
135459,3
135460,0
135461,5
135462,0
135463,0
135464,0
135465,0
135466,0
135467,0
135468,0
135469,0
135470,0
135471,0
135472,0
135473,0
135474,0
135475,0
135476,0
135477,0
135478,0
135479,0
135480,0
135481,0
135482,0
135483,0
135484,0
135485,0
135486,0
135487,0
135488,0
135489,0
135490,0
135491,0
135492,0
135493,0
135494,7
135495,0
135496,0
135497,6
135498,0
135499,0
135500,0
135501,0
135502,0
135503,0
135504,0
135505,0
135506,0
135507,0
135508,0
135509,0
135510,0
135511,0
135512,0
135513,0
135514,0
135515,0
135516,0
135517,0
135518,0
135519,0
135520,0
135521,0
135522,0
135523,0
135524,0
135525,26
135526,34
135527,0
135528,0
135529,39
135530,42
135531,0
135532,41
135533,0
135534,0
135535,0
135536,0
135537,0
135538,0
135539,0
135540,0
135541,0
135542,0
135543,0
135544,35
135545,26
135546,0
135547,0
135548,0
135549,33
135550,0
135551,0
135552,0
135553,0
135554,0
135555,0
135556,0
135557,0
135558,0
135559,51
135560,0
135561,0
135562,0
135563,0
135564,0
135565,0
135566,0
135567,0
135568,0
135569,0
135570,0
135571,43
135572,0
135573,0
135574,0
135575,0
135576,0
135577,0
135578,0
135579,0
135580,0
135581,0
135582,0
135583,0
135584,43
135585,0
135586,0
135587,0
135588,0
135589,0
135590,0
135591,0
135592,0
135593,0
135594,0
135595,39
135596,0
135597,31
135598,0
135599,0
135600,0
135601,0
135602,32
135603,0
135604,0
135605,0
135606,0
135607,0
135608,0
135609,0
135610,0
135611,25
135612,0
135613,0
135614,35
135615,0
135616,0
135617,0
135618,0
135619,0
135620,0
135621,0
135622,0
135623,0
135624,0
135625,0
135626,0
135627,0
135628,0
135629,0
135630,0
135631,0
135632,0
135633,36
135634,0
135635,0
135636,0
135637,32
135638,0
135639,0
135640,0
135641,0
135642,0
135643,0
135644,0
135645,0
135646,0
135647,0
135648,28
135649,0
135650,0
135651,0
135652,0
135653,0
135654,33
135655,0
135656,0
135657,0
135658,39
135659,0
135660,0
135661,0
135662,0
135663,0
135664,0
135665,0
135666,0
135667,29
135668,0
135669,0
135670,28
135671,0
135672,0
135673,0
135674,0
135675,0
135676,0
135677,22
135678,0
135679,0
135680,0
135681,0
135682,0
135683,0
135684,23
135685,0
135686,0
135687,0
135688,0
135689,0
135690,30
135691,0
135692,0
135693,0
135694,0
135695,0
135696,0
135697,0
135698,0
135699,0
135700,0
135701,0
135702,0
135703,0
135704,0
135705,0
135706,0
135707,0
135708,0
135709,0
135710,0
135711,0
135712,0
135713,0
135714,39
135715,0
135716,0
135717,0
135718,29
135719,0
135720,37
135721,0
135722,0
135723,26
135724,0
135725,0
135726,0
135727,0
135728,0
135729,0
135730,0
135731,25
135732,0
135733,0
135734,0
135735,48
135736,0
135737,0
135738,0
135739,0
135740,0
135741,0
135742,0
135743,0
135744,0
135745,0
135746,0
135747,0
135748,0
135749,0
135750,0
135751,0
135752,15
135753,0
135754,0
135755,0
135756,0
135757,0
135758,0
135759,0
135760,0
135761,0
135762,0
135763,32
135764,0
135765,0
135766,0
135767,28
135768,0
135769,39
135770,0
135771,0
135772,0
135773,0
135774,0
135775,0
135776,0
135777,0
135778,32
135779,0
135780,0
135781,0
135782,0
135783,0
135784,0
135785,0
135786,0
135787,0
135788,0
135789,0
135790,0
135791,0
135792,0
135793,0
135794,0
135795,0
135796,0
135797,0
135798,0
135799,0
135800,0
135801,0
135802,0
135803,0
135804,0
135805,0
135806,0
135807,0
135808,0
135809,21
135810,0
135811,23
135812,25
135813,0
135814,0
135815,0
135816,0
135817,0
135818,0
135819,0
135820,25
135821,0
135822,0
135823,0
135824,0
135825,38
135826,0
135827,0
135828,0
135829,0
135830,0
135831,0
135832,0
135833,0
135834,0
135835,0
135836,0
135837,0
135838,0
135839,0
135840,0
135841,0
135842,24
135843,0
135844,0
135845,0
135846,0
135847,0
135848,0
135849,0
135850,0
135851,0
135852,0
135853,0
135854,0
135855,0
135856,31
135857,0
135858,35
135859,27
135860,0
135861,0
135862,0
135863,0
135864,33
135865,0
135866,0
135867,0
135868,0
135869,0
135870,0
135871,0
135872,0
135873,0
135874,0
135875,0
135876,0
135877,0
135878,0
135879,0
135880,0
135881,0
135882,0
135883,0
135884,0
135885,0
135886,33
135887,0
135888,0
135889,0
135890,0
135891,22
135892,0
135893,0
135894,0
135895,0
135896,0
135897,43
135898,0
135899,0
135900,36
135901,0
135902,0
135903,0
135904,0
135905,0
135906,0
135907,0
135908,0
135909,0
135910,0
135911,0
135912,26
135913,0
135914,0
135915,0
135916,0
135917,0
135918,0
135919,0
135920,31
135921,0
135922,0
135923,27
135924,0
135925,0
135926,0
135927,0
135928,0
135929,0
135930,0
135931,0
135932,0
135933,0
135934,0
135935,0
135936,0
135937,0
135938,0
135939,0
135940,0
135941,0
135942,0
135943,0
135944,0
135945,0
135946,0
135947,0
135948,0
135949,0
135950,29
135951,33
135952,0
135953,0
135954,0
135955,0
135956,0
135957,0
135958,0
135959,0
135960,0
135961,0
135962,0
135963,0
135964,0
135965,0
135966,0
135967,0
135968,0
135969,0
135970,26
135971,0
135972,0
135973,0
135974,0
135975,23
135976,0
135977,0
135978,0
135979,0
135980,0
135981,0
135982,0
135983,0
135984,0
135985,0
135986,33
135987,0
135988,0
135989,0
135990,0
135991,0
135992,0
135993,35
135994,0
135995,30
135996,0
135997,0
135998,0
135999,0
136000,0
136001,41
136002,0
136003,0
136004,0
136005,31
136006,0
136007,0
136008,0
136009,0
136010,0
136011,0
136012,0
136013,0
136014,0
136015,0
136016,0
136017,0
136018,0
136019,0
136020,0
136021,0
136022,0
136023,32
136024,0
136025,0
136026,0
136027,0
136028,0
136029,0
136030,0
136031,0
136032,0
136033,0
136034,0
136035,0
136036,0
136037,0
136038,0
136039,0
136040,0
136041,0
136042,0
136043,0
136044,0
136045,44
136046,0
136047,0
136048,33
136049,0
136050,0
136051,0
136052,0
136053,0
136054,0
136055,0
136056,41
136057,0
136058,22
136059,0
136060,0
136061,0
136062,0
136063,0
136064,0
136065,0
136066,0
136067,0
136068,0
136069,0
136070,0
136071,0
136072,0
136073,0
136074,0
136075,0
136076,0
136077,0
136078,0
136079,0
136080,0
136081,0
136082,0
136083,0
136084,0
136085,0
136086,0
136087,0
136088,0
136089,0
136090,0
136091,0
136092,46
136093,0
136094,29
136095,0
136096,0
136097,0
136098,0
136099,0
136100,0
136101,0
136102,0
136103,0
136104,0
136105,30
136106,0
136107,0
136108,0
136109,0
136110,0
136111,0
136112,35
136113,0
136114,0
136115,33
136116,0
136117,0
136118,0
136119,0
136120,0
136121,46
136122,23
136123,0
136124,0
136125,0
136126,0
136127,0
136128,0
136129,0
136130,0
136131,0
136132,0
136133,0
136134,0
136135,25
136136,0
136137,0
136138,0
136139,0
136140,0
136141,0
136142,0
136143,26
136144,0
136145,0
136146,0
136147,0
136148,0
136149,26
136150,0
136151,0
136152,0
136153,0
136154,0
136155,0
136156,0
136157,43
136158,27
136159,0
136160,0
136161,0
136162,0
136163,0
136164,0
136165,40
136166,0
136167,0
136168,0
136169,0
136170,0
136171,0
136172,0
136173,0
136174,0
136175,0
136176,0
136177,0
136178,48
136179,0
136180,0
136181,45
136182,0
136183,0
136184,0
136185,0
136186,0
136187,0
136188,0
136189,0
136190,0
136191,22
136192,0
136193,25
136194,26
136195,0
136196,0
136197,0
136198,0
136199,0
136200,0
136201,0
136202,0
136203,0
136204,0
136205,0
136206,0
136207,0
136208,0
136209,0
136210,0
136211,0
136212,0
136213,36
136214,0
136215,0
136216,0
136217,37
136218,0
136219,0
136220,0
136221,41
136222,0
136223,0
136224,0
136225,0
136226,0
136227,0
136228,0
136229,0
136230,0
136231,0
136232,0
136233,0
136234,0
136235,0
136236,0
136237,0
136238,0
136239,0
136240,0
136241,0
136242,0
136243,0
136244,0
136245,0
136246,0
136247,0
136248,0
136249,33
136250,0
136251,0
136252,0
136253,0
136254,0
136255,0
136256,0
136257,0
136258,26
136259,0
136260,0
136261,0
136262,0
136263,26
136264,0
136265,0
136266,0
136267,0
136268,0
136269,0
136270,0
136271,0
136272,0
136273,0
136274,0
136275,0
136276,0
136277,0
136278,0
136279,0
136280,0
136281,0
136282,0
136283,0
136284,0
136285,0
136286,0
136287,0
136288,0
136289,0
136290,0
136291,0
136292,0
136293,0
136294,0
136295,0
136296,0
136297,0
136298,0
136299,26
136300,0
136301,0
136302,0
136303,0
136304,0
136305,0
136306,0
136307,0
136308,0
136309,0
136310,0
136311,0
136312,0
136313,0
136314,0
136315,0
136316,0
136317,0
136318,29
136319,0
136320,0
136321,0
136322,0
136323,0
136324,0
136325,0
136326,36
136327,0
136328,0
136329,0
136330,0
136331,0
136332,0
136333,29
136334,0
136335,0
136336,0
136337,25
136338,0
136339,0
136340,0
136341,0
136342,0
136343,41
136344,0
136345,0
136346,0
136347,0
136348,0
136349,0
136350,28
136351,0
136352,36
136353,0
136354,0
136355,0
136356,0
136357,0
136358,0
136359,0
136360,0
136361,0
136362,0
136363,0
136364,0
136365,0
136366,0
136367,0
136368,0
136369,0
136370,0
136371,0
136372,0
136373,31
136374,0
136375,0
136376,0
136377,0
136378,0
136379,0
136380,0
136381,0
136382,0
136383,0
136384,0
136385,0
136386,0
136387,0
136388,0
136389,0
136390,0
136391,0
136392,0
136393,0
136394,0
136395,0
136396,0
136397,0
136398,0
136399,0
136400,0
136401,0
136402,0
136403,0
136404,0
136405,0
136406,0
136407,0
136408,0
136409,0
136410,0
136411,22
136412,0
136413,15
136414,0
136415,0
136416,0
136417,0
136418,0
136419,0
136420,0
136421,0
136422,0
136423,0
136424,42
136425,0
136426,0
136427,0
136428,0
136429,0
136430,0
136431,0
136432,0
136433,0
136434,0
136435,29
136436,0
136437,0
136438,0
136439,0
136440,0
136441,0
136442,0
136443,0
136444,0
136445,53
136446,29
136447,0
136448,0
136449,0
136450,0
136451,0
136452,0
136453,0
136454,0
136455,45
136456,26
136457,0
136458,0
136459,0
136460,28
136461,0
136462,0
136463,37
136464,0
136465,0
136466,0
136467,0
136468,0
136469,0
136470,0
136471,0
136472,0
136473,0
136474,0
136475,0
136476,0
136477,0
136478,0
136479,0
136480,0
136481,0
136482,35
136483,0
136484,14
136485,22
136486,20
136487,0
136488,0
136489,0
136490,0
136491,0
136492,0
136493,0
136494,0
136495,0
136496,0
136497,17
136498,0
136499,0
136500,0
136501,0
136502,0
136503,0
136504,0
136505,0
136506,0
136507,0
136508,0
136509,0
136510,0
136511,0
136512,0
136513,0
136514,0
136515,0
136516,25
136517,0
136518,0
136519,0
136520,0
136521,0
136522,0
136523,0
136524,0
136525,0
136526,32
136527,14
136528,0
136529,0
136530,0
136531,0
136532,0
136533,21
136534,0
136535,0
136536,0
136537,0
136538,0
136539,28
136540,0
136541,0
136542,0
136543,0
136544,0
136545,0
136546,23
136547,0
136548,0
136549,0
136550,0
136551,0
136552,0
136553,0
136554,0
136555,0
136556,0
136557,0
136558,0
136559,22
136560,0
136561,0
136562,0
136563,18
136564,0
136565,38
136566,0
136567,28
136568,0
136569,0
136570,0
136571,24
136572,0
136573,0
136574,0
136575,14
136576,27
136577,0
136578,0
136579,0
136580,0
136581,0
136582,23
136583,0
136584,0
136585,0
136586,0
136587,0
136588,25
136589,0
136590,0
136591,29
136592,0
136593,0
136594,22
136595,0
136596,0
136597,27
136598,0
136599,30
136600,0
136601,0
136602,0
136603,0
136604,33
136605,0
136606,0
136607,0
136608,16
136609,0
136610,13
136611,0
136612,0
136613,0
136614,0
136615,16
136616,0
136617,0
136618,0
136619,0
136620,17
136621,23
136622,0
136623,0
136624,0
136625,0
136626,0
136627,22
136628,22
136629,21
136630,0
136631,0
136632,0
136633,0
136634,0
136635,0
136636,0
136637,0
136638,0
136639,0
136640,0
136641,24
136642,0
136643,0
136644,25
136645,0
136646,0
136647,0
136648,27
136649,28
136650,0
136651,0
136652,0
136653,55
136654,0
136655,0
136656,27
136657,0
136658,0
136659,0
136660,0
136661,0
136662,28
136663,0
136664,0
136665,27
136666,29
136667,20
136668,0
136669,19
136670,0
136671,0
136672,30
136673,0
136674,0
136675,0
136676,0
136677,0
136678,0
136679,0
136680,0
136681,0
136682,0
136683,0
136684,0
136685,0
136686,0
136687,0
136688,0
136689,0
136690,0
136691,0
136692,0
136693,0
136694,0
136695,28
136696,0
136697,0
136698,0
136699,0
136700,0
136701,30
136702,0
136703,28
136704,0
136705,0
136706,0
136707,0
136708,38
136709,0
136710,0
136711,20
136712,0
136713,0
136714,21
136715,0
136716,0
136717,0
136718,0
136719,0
136720,0
136721,0
136722,0
136723,0
136724,0
136725,0
136726,0
136727,0
136728,0
136729,0
136730,16
136731,0
136732,0
136733,0
136734,0
136735,27
136736,0
136737,0
136738,0
136739,0
136740,0
136741,0
136742,0
136743,0
136744,0
136745,0
136746,18
136747,0
136748,0
136749,0
136750,0
136751,0
136752,18
136753,0
136754,0
136755,25
136756,0
136757,0
136758,0
136759,0
136760,0
136761,0
136762,0
136763,0
136764,0
136765,0
136766,0
136767,0
136768,38
136769,28
136770,0
136771,28
136772,28
136773,0
136774,36
136775,30
136776,0
136777,0
136778,27
136779,0
136780,0
136781,0
136782,0
136783,0
136784,0
136785,0
136786,0
136787,0
136788,28
136789,0
136790,0
136791,0
136792,0
136793,0
136794,34
136795,0
136796,0
136797,33
136798,35
136799,0
136800,0
136801,22
136802,0
136803,0
136804,0
136805,0
136806,0
136807,32
136808,0
136809,0
136810,29
136811,0
136812,28
136813,0
136814,0
136815,0
136816,0
136817,30
136818,0
136819,0
136820,0
136821,0
136822,22
136823,0
136824,0
136825,0
136826,28
136827,0
136828,0
136829,0
136830,0
136831,33
136832,0
136833,0
136834,0
136835,22
136836,0
136837,0
136838,0
136839,0
136840,0
136841,0
136842,0
136843,19
136844,0
136845,37
136846,0
136847,0
136848,26
136849,0
136850,0
136851,0
136852,0
136853,0
136854,0
136855,0
136856,0
136857,0
136858,0
136859,21
136860,19
136861,28
136862,0
136863,0
136864,0
136865,0
136866,24
136867,0
136868,0
136869,0
136870,0
136871,0
136872,21
136873,0
136874,0
136875,0
136876,0
136877,0
136878,0
136879,0
136880,0
136881,0
136882,23
136883,0
136884,0
136885,0
136886,0
136887,0
136888,0
136889,0
136890,24
136891,24
136892,27
136893,0
136894,0
136895,0
136896,0
136897,0
136898,0
136899,0
136900,0
136901,0
136902,24
136903,0
136904,0
136905,0
136906,0
136907,0
136908,0
136909,0
136910,0
136911,0
136912,0
136913,0
136914,0
136915,0
136916,0
136917,0
136918,0
136919,0
136920,0
136921,0
136922,0
136923,0
136924,0
136925,0
136926,0
136927,0
136928,0
136929,0
136930,0
136931,20
136932,0
136933,23
136934,0
136935,0
136936,0
136937,0
136938,0
136939,0
136940,26
136941,0
136942,0
136943,0
136944,0
136945,0
136946,0
136947,0
136948,0
136949,25
136950,0
136951,0
136952,0
136953,0
136954,0
136955,0
136956,0
136957,0
136958,0
136959,0
136960,0
136961,0
136962,0
136963,0
136964,0
136965,24
136966,0
136967,0
136968,0
136969,0
136970,22
136971,0
136972,0
136973,33
136974,0
136975,25
136976,0
136977,0
136978,0
136979,0
136980,0
136981,19
136982,0
136983,0
136984,0
136985,0
136986,0
136987,0
136988,0
136989,21
136990,0
136991,0
136992,0
136993,0
136994,0
136995,0
136996,0
136997,0
136998,0
136999,0
137000,0
137001,0
137002,0
137003,30
137004,0
137005,0
137006,0
137007,0
137008,27
137009,0
137010,0
137011,0
137012,0
137013,0
137014,0
137015,30
137016,0
137017,17
137018,0
137019,28
137020,0
137021,28
137022,0
137023,0
137024,0
137025,0
137026,21
137027,0
137028,0
137029,26
137030,25
137031,0
137032,0
137033,0
137034,0
137035,0
137036,0
137037,0
137038,0
137039,0
137040,0
137041,0
137042,0
137043,0
137044,0
137045,0
137046,0
137047,0
137048,0
137049,0
137050,0
137051,0
137052,21
137053,26
137054,0
137055,0
137056,0
137057,0
137058,0
137059,0
137060,0
137061,19
137062,0
137063,20
137064,0
137065,0
137066,0
137067,0
137068,0
137069,0
137070,0
137071,0
137072,0
137073,0
137074,0
137075,0
137076,0
137077,0
137078,0
137079,0
137080,20
137081,0
137082,20
137083,0
137084,0
137085,0
137086,0
137087,0
137088,32
137089,14
137090,0
137091,0
137092,0
137093,0
137094,0
137095,0
137096,27
137097,0
137098,22
137099,0
137100,0
137101,28
137102,0
137103,0
137104,0
137105,0
137106,0
137107,0
137108,0
137109,0
137110,0
137111,0
137112,0
137113,0
137114,14
137115,0
137116,0
137117,0
137118,0
137119,0
137120,0
137121,0
137122,0
137123,0
137124,0
137125,0
137126,0
137127,31
137128,0
137129,29
137130,0
137131,0
137132,0
137133,0
137134,23
137135,0
137136,0
137137,0
137138,0
137139,22
137140,0
137141,27
137142,0
137143,0
137144,37
137145,19
137146,0
137147,0
137148,0
137149,0
137150,0
137151,31
137152,0
137153,11
137154,0
137155,0
137156,0
137157,0
137158,0
137159,0
137160,0
137161,0
137162,0
137163,0
137164,20
137165,26
137166,26
137167,0
137168,0
137169,33
137170,26
137171,0
137172,0
137173,0
137174,27
137175,0
137176,0
137177,0
137178,0
137179,0
137180,0
137181,0
137182,0
137183,31
137184,32
137185,0
137186,0
137187,0
137188,0
137189,0
137190,24
137191,0
137192,0
137193,0
137194,0
137195,0
137196,0
137197,0
137198,0
137199,0
137200,0
137201,0
137202,0
137203,0
137204,0
137205,0
137206,0
137207,0
137208,0
137209,0
137210,0
137211,0
137212,0
137213,0
137214,0
137215,0
137216,0
137217,0
137218,0
137219,0
137220,0
137221,0
137222,0
137223,0
137224,0
137225,0
137226,0
137227,0
137228,0
137229,0
137230,0
137231,0
137232,0
137233,0
137234,0
137235,0
137236,0
137237,0
137238,0
137239,0
137240,0
137241,0
137242,0
137243,0
137244,0
137245,3
137246,0
137247,0
137248,0
137249,0
137250,0
137251,0
137252,0
137253,0
137254,0
137255,0
137256,0
137257,0
137258,0
137259,0
137260,0
137261,0
137262,0
137263,0
137264,5
137265,0
137266,0
137267,0
137268,0
137269,0
137270,0
137271,0
137272,0
137273,0
137274,0
137275,0
137276,0
137277,4
137278,0
137279,0
137280,0
137281,0
137282,0
137283,0
137284,0
137285,0
137286,8
137287,0
137288,0
137289,0
137290,0
137291,0
137292,0
137293,0
137294,0
137295,0
137296,4
137297,0
137298,0
137299,0
137300,0
137301,0
137302,0
137303,8
137304,0
137305,0
137306,0
137307,0
137308,0
137309,0
137310,3
137311,0
137312,0
137313,0
137314,0
137315,0
137316,0
137317,0
137318,0
137319,0
137320,0
137321,0
137322,0
137323,0
137324,0
137325,0
137326,0
137327,0
137328,0
137329,0
137330,0
137331,0
137332,0
137333,0
137334,0
137335,0
137336,0
137337,0
137338,0
137339,0
137340,0
137341,0
137342,0
137343,0
137344,0
137345,0
137346,5
137347,0
137348,0
137349,0
137350,0
137351,0
137352,3
137353,0
137354,0
137355,0
137356,0
137357,0
137358,0
137359,0
137360,0
137361,0
137362,0
137363,0
137364,0
137365,0
137366,0
137367,0
137368,6
137369,0
137370,0
137371,0
137372,0
137373,0
137374,0
137375,4
137376,0
137377,0
137378,0
137379,0
137380,4
137381,0
137382,0
137383,0
137384,0
137385,0
137386,0
137387,0
137388,0
137389,0
137390,0
137391,0
137392,0
137393,0
137394,0
137395,0
137396,0
137397,3
137398,0
137399,0
137400,0
137401,0
137402,0
137403,0
137404,0
137405,0
137406,0
137407,0
137408,0
137409,0
137410,0
137411,0
137412,6
137413,0
137414,0
137415,0
137416,4
137417,0
137418,0
137419,0
137420,0
137421,0
137422,0
137423,0
137424,0
137425,0
137426,0
137427,3
137428,0
137429,0
137430,0
137431,0
137432,0
137433,0
137434,0
137435,0
137436,0
137437,0
137438,0
137439,0
137440,0
137441,0
137442,0
137443,0
137444,0
137445,0
137446,0
137447,3
137448,0
137449,0
137450,0
137451,0
137452,0
137453,0
137454,0
137455,0
137456,0
137457,0
137458,0
137459,0
137460,0
137461,0
137462,0
137463,0
137464,0
137465,0
137466,0
137467,0
137468,6
137469,0
137470,0
137471,0
137472,0
137473,0
137474,0
137475,0
137476,0
137477,0
137478,0
137479,0
137480,0
137481,0
137482,0
137483,0
137484,4
137485,0
137486,6
137487,0
137488,15
137489,0
137490,0
137491,0
137492,0
137493,0
137494,0
137495,0
137496,0
137497,0
137498,0
137499,0
137500,0
137501,0
137502,10
137503,0
137504,0
137505,0
137506,0
137507,0
137508,0
137509,0
137510,0
137511,0
137512,0
137513,0
137514,0
137515,0
137516,7
137517,0
137518,0
137519,0
137520,0
137521,0
137522,0
137523,0
137524,0
137525,0
137526,0
137527,0
137528,0
137529,0
137530,0
137531,0
137532,0
137533,0
137534,0
137535,0
137536,0
137537,0
137538,0
137539,0
137540,0
137541,0
137542,0
137543,0
137544,0
137545,0
137546,0
137547,4
137548,0
137549,0
137550,0
137551,0
137552,0
137553,0
137554,0
137555,0
137556,4
137557,8
137558,0
137559,0
137560,0
137561,0
137562,0
137563,2
137564,0
137565,0
137566,0
137567,0
137568,0
137569,0
137570,0
137571,0
137572,0
137573,0
137574,0
137575,0
137576,0
137577,0
137578,3
137579,0
137580,0
137581,0
137582,0
137583,0
137584,0
137585,0
137586,0
137587,0
137588,0
137589,0
137590,0
137591,0
137592,0
137593,0
137594,0
137595,0
137596,0
137597,0
137598,0
137599,0
137600,0
137601,0
137602,0
137603,0
137604,6
137605,0
137606,0
137607,0
137608,0
137609,0
137610,0
137611,0
137612,0
137613,0
137614,0
137615,0
137616,0
137617,0
137618,0
137619,0
137620,0
137621,0
137622,0
137623,0
137624,0
137625,0
137626,0
137627,0
137628,0
137629,0
137630,0
137631,0
137632,0
137633,0
137634,0
137635,0
137636,0
137637,0
137638,0
137639,0
137640,0
137641,0
137642,7
137643,0
137644,0
137645,0
137646,0
137647,0
137648,0
137649,0
137650,0
137651,0
137652,0
137653,8
137654,0
137655,0
137656,0
137657,0
137658,0
137659,0
137660,0
137661,2
137662,0
137663,0
137664,0
137665,0
137666,0
137667,0
137668,7
137669,0
137670,0
137671,0
137672,0
137673,0
137674,0
137675,0
137676,0
137677,0
137678,0
137679,0
137680,0
137681,0
137682,0
137683,0
137684,0
137685,0
137686,0
137687,0
137688,0
137689,0
137690,0
137691,0
137692,0
137693,0
137694,0
137695,0
137696,0
137697,0
137698,0
137699,0
137700,0
137701,0
137702,0
137703,0
137704,0
137705,0
137706,9
137707,0
137708,0
137709,2
137710,0
137711,0
137712,0
137713,0
137714,0
137715,0
137716,0
137717,0
137718,0
137719,0
137720,0
137721,0
137722,0
137723,0
137724,0
137725,0
137726,0
137727,0
137728,0
137729,0
137730,0
137731,0
137732,0
137733,0
137734,0
137735,0
137736,0
137737,0
137738,0
137739,0
137740,11
137741,0
137742,0
137743,0
137744,0
137745,0
137746,0
137747,0
137748,0
137749,0
137750,0
137751,0
137752,0
137753,0
137754,7
137755,6
137756,0
137757,0
137758,0
137759,0
137760,0
137761,0
137762,0
137763,0
137764,0
137765,0
137766,0
137767,0
137768,0
137769,0
137770,0
137771,0
137772,0
137773,0
137774,9
137775,0
137776,0
137777,0
137778,0
137779,0
137780,9
137781,0
137782,0
137783,0
137784,0
137785,0
137786,0
137787,0
137788,0
137789,0
137790,0
137791,0
137792,0
137793,0
137794,0
137795,0
137796,0
137797,0
137798,0
137799,0
137800,0
137801,0
137802,0
137803,6
137804,0
137805,0
137806,0
137807,0
137808,0
137809,0
137810,0
137811,1
137812,0
137813,0
137814,0
137815,0
137816,0
137817,0
137818,0
137819,0
137820,0
137821,0
137822,0
137823,0
137824,0
137825,0
137826,0
137827,0
137828,0
137829,0
137830,0
137831,0
137832,0
137833,0
137834,0
137835,0
137836,0
137837,0
137838,0
137839,8
137840,0
137841,0
137842,0
137843,0
137844,0
137845,9
137846,0
137847,0
137848,0
137849,0
137850,0
137851,0
137852,0
137853,0
137854,0
137855,0
137856,0
137857,0
137858,0
137859,0
137860,0
137861,0
137862,0
137863,0
137864,0
137865,0
137866,0
137867,0
137868,0
137869,0
137870,0
137871,0
137872,0
137873,11
137874,0
137875,0
137876,0
137877,0
137878,0
137879,0
137880,0
137881,0
137882,0
137883,0
137884,0
137885,0
137886,0
137887,11
137888,0
137889,0
137890,0
137891,0
137892,0
137893,0
137894,0
137895,0
137896,0
137897,0
137898,0
137899,0
137900,0
137901,0
137902,0
137903,0
137904,0
137905,0
137906,0
137907,0
137908,0
137909,0
137910,0
137911,0
137912,0
137913,0
137914,0
137915,0
137916,0
137917,0
137918,0
137919,0
137920,0
137921,0
137922,0
137923,4
137924,0
137925,0
137926,0
137927,0
137928,0
137929,0
137930,0
137931,0
137932,0
137933,0
137934,0
137935,0
137936,0
137937,0
137938,0
137939,0
137940,0
137941,13
137942,9
137943,0
137944,0
137945,0
137946,0
137947,0
137948,0
137949,0
137950,0
137951,0
137952,0
137953,0
137954,0
137955,0
137956,4
137957,0
137958,0
137959,0
137960,0
137961,12
137962,0
137963,0
137964,0
137965,0
137966,0
137967,5
137968,0
137969,0
137970,0
137971,0
137972,0
137973,8
137974,0
137975,0
137976,0
137977,6
137978,0
137979,0
137980,0
137981,0
137982,0
137983,0
137984,0
137985,0
137986,0
137987,0
137988,0
137989,2
137990,0
137991,0
137992,0
137993,0
137994,0
137995,0
137996,0
137997,0
137998,0
137999,0
138000,0
138001,0
138002,0
138003,0
138004,11
138005,0
138006,0
138007,0
138008,0
138009,0
138010,0
138011,0
138012,0
138013,0
138014,0
138015,0
138016,0
138017,0
138018,0
138019,12
138020,0
138021,0
138022,0
138023,0
138024,8
138025,0
138026,0
138027,0
138028,0
138029,0
138030,0
138031,0
138032,0
138033,0
138034,0
138035,0
138036,0
138037,0
138038,0
138039,0
138040,0
138041,0
138042,0
138043,0
138044,0
138045,0
138046,0
138047,0
138048,0
138049,0
138050,0
138051,6
138052,0
138053,0
138054,0
138055,0
138056,0
138057,5
138058,0
138059,0
138060,0
138061,0
138062,0
138063,0
138064,0
138065,0
138066,0
138067,0
138068,0
138069,0
138070,0
138071,0
138072,0
138073,13
138074,0
138075,0
138076,0
138077,0
138078,0
138079,8
138080,0
138081,0
138082,0
138083,0
138084,0
138085,0
138086,0
138087,8
138088,0
138089,0
138090,0
138091,0
138092,0
138093,0
138094,0
138095,0
138096,0
138097,0
138098,0
138099,0
138100,0
138101,0
138102,0
138103,0
138104,0
138105,0
138106,0
138107,12
138108,0
138109,0
138110,0
138111,0
138112,0
138113,0
138114,0
138115,0
138116,0
138117,0
138118,0
138119,0
138120,0
138121,0
138122,0
138123,0
138124,0
138125,0
138126,0
138127,0
138128,0
138129,0
138130,0
138131,0
138132,7
138133,0
138134,0
138135,0
138136,0
138137,0
138138,0
138139,0
138140,0
138141,0
138142,0
138143,0
138144,0
138145,0
138146,0
138147,6
138148,0
138149,0
138150,14
138151,0
138152,0
138153,5
138154,0
138155,0
138156,0
138157,0
138158,0
138159,8
138160,14
138161,0
138162,0
138163,11
138164,0
138165,0
138166,5
138167,0
138168,0
138169,0
138170,0
138171,0
138172,0
138173,0
138174,0
138175,0
138176,0
138177,11
138178,0
138179,14
138180,0
138181,0
138182,8
138183,0
138184,0
138185,8
138186,3
138187,0
138188,10
138189,0
138190,0
138191,0
138192,0
138193,0
138194,0
138195,3
138196,0
138197,0
138198,14
138199,0
138200,0
138201,7
138202,8
138203,0
138204,0
138205,0
138206,0
138207,6
138208,4
138209,0
138210,9
138211,8
138212,0
138213,0
138214,0
138215,0
138216,6
138217,12
138218,0
138219,0
138220,0
138221,0
138222,0
138223,0
138224,0
138225,0
138226,0
138227,0
138228,0
138229,0
138230,0
138231,0
138232,0
138233,0
138234,8
138235,7
138236,0
138237,0
138238,0
138239,0
138240,0
138241,8
138242,0
138243,0
138244,0
138245,13
138246,0
138247,0
138248,0
138249,0
138250,0
138251,8
138252,0
138253,0
138254,0
138255,10
138256,0
138257,7
138258,0
138259,0
138260,12
138261,9
138262,5
138263,14
138264,0
138265,0
138266,9
138267,0
138268,0
138269,0
138270,2
138271,9
138272,8
138273,0
138274,8
138275,0
138276,0
138277,13
138278,14
138279,0
138280,0
138281,10
138282,0
138283,0
138284,0
138285,0
138286,4
138287,7
138288,4
138289,5
138290,0
138291,0
138292,0
138293,11
138294,0
138295,0
138296,0
138297,11
138298,0
138299,0
138300,0
138301,0
138302,0
138303,0
138304,13
138305,8
138306,0
138307,0
138308,0
138309,0
138310,0
138311,0
138312,0
138313,0
138314,0
138315,0
138316,0
138317,0
138318,0
138319,0
138320,0
138321,0
138322,0
138323,0
138324,0
138325,11
138326,0
138327,0
138328,0
138329,0
138330,5
138331,14
138332,0
138333,9
138334,0
138335,6
138336,0
138337,9
138338,7
138339,0
138340,0
138341,0
138342,0
138343,0
138344,5
138345,8
138346,0
138347,7
138348,0
138349,0
138350,0
138351,0
138352,0
138353,0
138354,14
138355,0
138356,0
138357,0
138358,0
138359,0
138360,0
138361,0
138362,0
138363,0
138364,8
138365,5
138366,0
138367,13
138368,0
138369,9
138370,9
138371,0
138372,0
138373,0
138374,0
138375,0
138376,0
138377,0
138378,0
138379,0
138380,14
138381,0
138382,6
138383,0
138384,0
138385,0
138386,0
138387,0
138388,0
138389,0
138390,0
138391,10
138392,15
138393,0
138394,0
138395,11
138396,0
138397,5
138398,0
138399,0
138400,0
138401,12
138402,0
138403,0
138404,0
138405,0
138406,0
138407,0
138408,0
138409,0
138410,0
138411,0
138412,0
138413,0
138414,0
138415,0
138416,13
138417,0
138418,13
138419,0
138420,14
138421,0
138422,0
138423,9
138424,0
138425,4
138426,0
138427,0
138428,0
138429,0
138430,11
138431,0
138432,0
138433,10
138434,0
138435,0
138436,8
138437,13
138438,0
138439,0
138440,0
138441,0
138442,6
138443,0
138444,0
138445,0
138446,0
138447,0
138448,0
138449,10
138450,0
138451,0
138452,0
138453,0
138454,9
138455,0
138456,8
138457,0
138458,0
138459,0
138460,0
138461,0
138462,0
138463,9
138464,0
138465,0
138466,0
138467,0
138468,0
138469,0
138470,0
138471,0
138472,0
138473,0
138474,5
138475,0
138476,0
138477,0
138478,0
138479,0
138480,0
138481,0
138482,0
138483,14
138484,0
138485,13
138486,9
138487,11
138488,5
138489,0
138490,0
138491,0
138492,0
138493,0
138494,0
138495,12
138496,0
138497,0
138498,0
138499,0
138500,0
138501,0
138502,0
138503,10
138504,0
138505,15
138506,0
138507,5
138508,0
138509,0
138510,5
138511,5
138512,0
138513,0
138514,16
138515,0
138516,9
138517,14
138518,6
138519,0
138520,0
138521,0
138522,0
138523,0
138524,0
138525,0
138526,10
138527,7
138528,0
138529,0
138530,0
138531,0
138532,0
138533,0
138534,10
138535,0
138536,0
138537,0
138538,0
138539,0
138540,0
138541,0
138542,0
138543,10
138544,0
138545,8
138546,12
138547,0
138548,14
138549,0
138550,0
138551,0
138552,0
138553,0
138554,12
138555,0
138556,5
138557,0
138558,0
138559,12
138560,0
138561,8
138562,9
138563,0
138564,0
138565,7
138566,0
138567,8
138568,7
138569,0
138570,0
138571,5
138572,0
138573,0
138574,0
138575,22
138576,14
138577,0
138578,8
138579,15
138580,0
138581,9
138582,0
138583,0
138584,0
138585,0
138586,0
138587,0
138588,0
138589,3
138590,8
138591,11
138592,0
138593,7
138594,11
138595,10
138596,0
138597,0
138598,0
138599,0
138600,0
138601,8
138602,0
138603,0
138604,9
138605,0
138606,7
138607,0
138608,0
138609,0
138610,6
138611,0
138612,11
138613,13
138614,4
138615,0
138616,0
138617,0
138618,0
138619,0
138620,0
138621,0
138622,0
138623,0
138624,0
138625,0
138626,6
138627,0
138628,0
138629,8
138630,0
138631,0
138632,0
138633,0
138634,0
138635,0
138636,0
138637,0
138638,0
138639,15
138640,0
138641,0
138642,0
138643,0
138644,0
138645,0
138646,0
138647,7
138648,0
138649,0
138650,0
138651,0
138652,0
138653,0
138654,3
138655,0
138656,0
138657,0
138658,10
138659,0
138660,0
138661,0
138662,6
138663,8
138664,0
138665,0
138666,9
138667,0
138668,0
138669,0
138670,0
138671,12
138672,0
138673,0
138674,10
138675,0
138676,8
138677,0
138678,0
138679,10
138680,0
138681,0
138682,0
138683,0
138684,0
138685,8
138686,6
138687,0
138688,0
138689,0
138690,0
138691,0
138692,0
138693,4
138694,0
138695,0
138696,0
138697,6
138698,7
138699,0
138700,5
138701,0
138702,0
138703,0
138704,0
138705,0
138706,7
138707,9
138708,0
138709,7
138710,12
138711,6
138712,16
138713,8
138714,0
138715,0
138716,0
138717,0
138718,0
138719,0
138720,0
138721,5
138722,0
138723,0
138724,15
138725,0
138726,9
138727,0
138728,0
138729,0
138730,0
138731,0
138732,8
138733,0
138734,0
138735,0
138736,0
138737,0
138738,0
138739,6
138740,0
138741,0
138742,10
138743,0
138744,0
138745,0
138746,7
138747,7
138748,0
138749,0
138750,0
138751,0
138752,0
138753,0
138754,0
138755,0
138756,0
138757,9
138758,8
138759,8
138760,0
138761,0
138762,0
138763,9
138764,0
138765,0
138766,0
138767,0
138768,0
138769,0
138770,0
138771,0
138772,0
138773,0
138774,9
138775,0
138776,0
138777,5
138778,0
138779,0
138780,0
138781,9
138782,6
138783,0
138784,8
138785,0
138786,13
138787,0
138788,0
138789,0
138790,11
138791,9
138792,11
138793,6
138794,1
138795,0
138796,0
138797,0
138798,0
138799,0
138800,0
138801,0
138802,0
138803,0
138804,0
138805,0
138806,0
138807,0
138808,0
138809,0
138810,0
138811,0
138812,0
138813,0
138814,0
138815,0
138816,0
138817,0
138818,0
138819,0
138820,0
138821,0
138822,0
138823,0
138824,0
138825,0
138826,0
138827,0
138828,0
138829,0
138830,0
138831,0
138832,0
138833,0
138834,0
138835,0
138836,0
138837,0
138838,0
138839,0
138840,0
138841,0
138842,0
138843,0
138844,0
138845,0
138846,0
138847,0
138848,0
138849,0
138850,0
138851,0
138852,0
138853,0
138854,0
138855,0
138856,0
138857,0
138858,0
138859,0
138860,0
138861,0
138862,0
138863,0
138864,0
138865,0
138866,0
138867,0
138868,0
138869,0
138870,0
138871,0
138872,0
138873,0
138874,0
138875,0
138876,0
138877,0
138878,0
138879,0
138880,0
138881,0
138882,0
138883,0
138884,0
138885,0
138886,0
138887,0
138888,0
138889,0
138890,0
138891,0
138892,0
138893,0
138894,0
138895,0
138896,0
138897,0
138898,0
138899,0
138900,0
138901,0
138902,0
138903,0
138904,0
138905,0
138906,0
138907,0
138908,0
138909,0
138910,0
138911,0
138912,0
138913,0
138914,0
138915,0
138916,0
138917,0
138918,0
138919,0
138920,0
138921,0
138922,0
138923,0
138924,0
138925,0
138926,0
138927,0
138928,0
138929,0
138930,0
138931,0
138932,0
138933,0
138934,0
138935,0
138936,0
138937,0
138938,0
138939,0
138940,0
138941,0
138942,0
138943,0
138944,0
138945,0
138946,0
138947,0
138948,1
138949,0
138950,0
138951,0
138952,0
138953,0
138954,0
138955,0
138956,0
138957,0
138958,0
138959,0
138960,0
138961,0
138962,0
138963,0
138964,0
138965,0
138966,0
138967,0
138968,0
138969,0
138970,0
138971,0
138972,0
138973,0
138974,0
138975,0
138976,0
138977,0
138978,0
138979,0
138980,0
138981,0
138982,0
138983,0
138984,0
138985,0
138986,0
138987,0
138988,0
138989,0
138990,0
138991,0
138992,0
138993,0
138994,0
138995,0
138996,0
138997,0
138998,0
138999,0
139000,0
139001,1
139002,0
139003,0
139004,1
139005,0
139006,0
139007,0
139008,0
139009,0
139010,0
139011,1
139012,0
139013,0
139014,0
139015,0
139016,0
139017,0
139018,0
139019,0
139020,0
139021,0
139022,0
139023,0
139024,0
139025,0
139026,0
139027,0
139028,0
139029,0
139030,0
139031,0
139032,0
139033,0
139034,0
139035,0
139036,0
139037,0
139038,0
139039,0
139040,0
139041,0
139042,0
139043,0
139044,0
139045,0
139046,0
139047,0
139048,0
139049,0
139050,0
139051,0
139052,0
139053,0
139054,0
139055,0
139056,0
139057,0
139058,0
139059,0
139060,0
139061,0
139062,0
139063,0
139064,1
139065,0
139066,0
139067,0
139068,0
139069,0
139070,0
139071,0
139072,0
139073,0
139074,0
139075,0
139076,0
139077,0
139078,0
139079,0
139080,0
139081,0
139082,0
139083,0
139084,0
139085,0
139086,0
139087,0
139088,0
139089,0
139090,0
139091,0
139092,0
139093,0
139094,0
139095,0
139096,0
139097,0
139098,0
139099,0
139100,0
139101,0
139102,0
139103,0
139104,0
139105,0
139106,0
139107,0
139108,0
139109,0
139110,0
139111,0
139112,0
139113,0
139114,0
139115,0
139116,0
139117,0
139118,0
139119,0
139120,0
139121,0
139122,0
139123,0
139124,0
139125,0
139126,0
139127,0
139128,0
139129,0
139130,0
139131,0
139132,0
139133,0
139134,0
139135,0
139136,0
139137,0
139138,0
139139,0
139140,0
139141,0
139142,0
139143,0
139144,0
139145,0
139146,0
139147,0
139148,0
139149,0
139150,0
139151,0
139152,0
139153,0
139154,0
139155,0
139156,0
139157,0
139158,0
139159,0
139160,0
139161,0
139162,0
139163,0
139164,0
139165,0
139166,0
139167,0
139168,0
139169,0
139170,0
139171,0
139172,0
139173,0
139174,0
139175,0
139176,0
139177,0
139178,0
139179,0
139180,0
139181,0
139182,0
139183,0
139184,0
139185,0
139186,0
139187,0
139188,0
139189,0
139190,0
139191,0
139192,0
139193,0
139194,0
139195,0
139196,0
139197,0
139198,0
139199,0
139200,0
139201,0
139202,0
139203,0
139204,0
139205,0
139206,0
139207,0
139208,0
139209,0
139210,0
139211,0
139212,0
139213,0
139214,0
139215,0
139216,0
139217,0
139218,0
139219,0
139220,0
139221,0
139222,0
139223,0
139224,0
139225,0
139226,0
139227,0
139228,0
139229,0
139230,0
139231,0
139232,0
139233,0
139234,0
139235,0
139236,0
139237,0
139238,0
139239,0
139240,0
139241,0
139242,0
139243,0
139244,0
139245,0
139246,0
139247,0
139248,0
139249,0
139250,0
139251,0
139252,0
139253,0
139254,0
139255,0
139256,0
139257,0
139258,0
139259,0
139260,0
139261,0
139262,0
139263,0
139264,0
139265,0
139266,0
139267,0
139268,0
139269,0
139270,0
139271,0
139272,0
139273,0
139274,0
139275,0
139276,0
139277,0
139278,0
139279,0
139280,0
139281,0
139282,0
139283,0
139284,0
139285,0
139286,0
139287,0
139288,0
139289,0
139290,0
139291,0
139292,0
139293,0
139294,0
139295,0
139296,0
139297,0
139298,0
139299,0
139300,0
139301,0
139302,0
139303,0
139304,0
139305,0
139306,0
139307,0
139308,0
139309,0
139310,0
139311,0
139312,0
139313,0
139314,0
139315,0
139316,0
139317,0
139318,0
139319,0
139320,0
139321,0
139322,0
139323,0
139324,0
139325,0
139326,0
139327,0
139328,0
139329,0
139330,0
139331,0
139332,0
139333,0
139334,0
139335,0
139336,0
139337,0
139338,0
139339,0
139340,0
139341,0
139342,0
139343,0
139344,0
139345,0
139346,0
139347,0
139348,0
139349,0
139350,0
139351,0
139352,0
139353,0
139354,0
139355,0
139356,0
139357,0
139358,0
139359,0
139360,0
139361,0
139362,0
139363,0
139364,0
139365,0
139366,0
139367,0
139368,0
139369,0
139370,0
139371,0
139372,0
139373,0
139374,0
139375,0
139376,0
139377,0
139378,0
139379,0
139380,0
139381,0
139382,0
139383,0
139384,0
139385,0
139386,1
139387,0
139388,0
139389,0
139390,0
139391,0
139392,0
139393,0
139394,0
139395,0
139396,0
139397,0
139398,0
139399,0
139400,0
139401,0
139402,0
139403,0
139404,0
139405,0
139406,0
139407,0
139408,0
139409,0
139410,0
139411,0
139412,0
139413,0
139414,0
139415,0
139416,0
139417,0
139418,0
139419,0
139420,0
139421,0
139422,0
139423,0
139424,0
139425,0
139426,0
139427,0
139428,0
139429,0
139430,0
139431,0
139432,0
139433,0
139434,0
139435,0
139436,0
139437,0
139438,0
139439,0
139440,0
139441,0
139442,0
139443,0
139444,0
139445,0
139446,0
139447,0
139448,0
139449,0
139450,0
139451,1
139452,0
139453,1
139454,0
139455,0
139456,0
139457,0
139458,0
139459,0
139460,0
139461,0
139462,0
139463,0
139464,0
139465,0
139466,0
139467,0
139468,0
139469,0
139470,0
139471,0
139472,0
139473,0
139474,0
139475,0
139476,0
139477,0
139478,0
139479,0
139480,0
139481,0
139482,1
139483,0
139484,0
139485,0
139486,0
139487,0
139488,0
139489,0
139490,0
139491,0
139492,0
139493,0
139494,0
139495,0
139496,0
139497,0
139498,0
139499,0
139500,0
139501,0
139502,0
139503,0
139504,0
139505,0
139506,0
139507,0
139508,0
139509,0
139510,0
139511,0
139512,0
139513,0
139514,0
139515,0
139516,0
139517,0
139518,0
139519,0
139520,0
139521,0
139522,0
139523,0
139524,0
139525,0
139526,0
139527,0
139528,0
139529,0
139530,0
139531,0
139532,0
139533,0
139534,0
139535,0
139536,0
139537,0
139538,0
139539,0
139540,0
139541,0
139542,0
139543,0
139544,0
139545,0
139546,0
139547,0
139548,0
139549,0
139550,0
139551,0
139552,0
139553,0
139554,0
139555,0
139556,0
139557,0
139558,0
139559,0
139560,0
139561,0
139562,0
139563,0
139564,0
139565,0
139566,0
139567,0
139568,0
139569,0
139570,0
139571,0
139572,0
139573,0
139574,0
139575,0
139576,0
139577,0
139578,0
139579,0
139580,1
139581,0
139582,0
139583,0
139584,0
139585,0
139586,0
139587,0
139588,0
139589,0
139590,0
139591,0
139592,0
139593,0
139594,0
139595,0
139596,0
139597,0
139598,0
139599,0
139600,1
139601,0
139602,0
139603,0
139604,0
139605,0
139606,0
139607,0
139608,0
139609,0
139610,0
139611,0
139612,0
139613,0
139614,0
139615,0
139616,0
139617,0
139618,0
139619,0
139620,0
139621,0
139622,0
139623,0
139624,0
139625,0
139626,0
139627,0
139628,0
139629,0
139630,0
139631,0
139632,0
139633,0
139634,0
139635,0
139636,0
139637,0
139638,0
139639,0
139640,0
139641,0
139642,0
139643,0
139644,0
139645,0
139646,0
139647,0
139648,0
139649,0
139650,0
139651,0
139652,0
139653,0
139654,0
139655,0
139656,0
139657,0
139658,0
139659,0
139660,0
139661,0
139662,0
139663,0
139664,0
139665,0
139666,0
139667,0
139668,0
139669,0
139670,35
139671,0
139672,38
139673,0
139674,0
139675,0
139676,22
139677,32
139678,0
139679,0
139680,0
139681,0
139682,0
139683,25
139684,53
139685,34
139686,23
139687,0
139688,0
139689,0
139690,0
139691,0
139692,0
139693,0
139694,0
139695,0
139696,26
139697,30
139698,0
139699,0
139700,0
139701,27
139702,41
139703,24
139704,0
139705,0
139706,0
139707,0
139708,0
139709,0
139710,0
139711,46
139712,0
139713,0
139714,53
139715,0
139716,0
139717,0
139718,0
139719,48
139720,35
139721,0
139722,0
139723,33
139724,45
139725,0
139726,53
139727,0
139728,0
139729,46
139730,0
139731,34
139732,0
139733,0
139734,33
139735,0
139736,40
139737,44
139738,0
139739,0
139740,0
139741,44
139742,0
139743,0
139744,50
139745,0
139746,0
139747,34
139748,0
139749,0
139750,0
139751,0
139752,35
139753,38
139754,40
139755,0
139756,0
139757,0
139758,0
139759,0
139760,0
139761,0
139762,0
139763,0
139764,0
139765,0
139766,0
139767,0
139768,0
139769,0
139770,0
139771,0
139772,0
139773,0
139774,35
139775,40
139776,0
139777,0
139778,0
139779,0
139780,0
139781,0
139782,39
139783,0
139784,0
139785,55
139786,0
139787,31
139788,0
139789,0
139790,0
139791,0
139792,0
139793,50
139794,47
139795,0
139796,36
139797,0
139798,0
139799,0
139800,0
139801,0
139802,46
139803,39
139804,43
139805,0
139806,0
139807,0
139808,34
139809,0
139810,45
139811,54
139812,0
139813,0
139814,0
139815,0
139816,0
139817,0
139818,0
139819,34
139820,0
139821,39
139822,0
139823,0
139824,0
139825,0
139826,0
139827,0
139828,0
139829,0
139830,0
139831,0
139832,0
139833,46
139834,0
139835,0
139836,29
139837,0
139838,0
139839,0
139840,0
139841,0
139842,0
139843,0
139844,42
139845,0
139846,0
139847,0
139848,0
139849,0
139850,34
139851,0
139852,35
139853,0
139854,0
139855,0
139856,0
139857,0
139858,0
139859,0
139860,0
139861,0
139862,23
139863,0
139864,0
139865,0
139866,0
139867,0
139868,0
139869,0
139870,0
139871,0
139872,0
139873,0
139874,0
139875,0
139876,36
139877,0
139878,0
139879,0
139880,0
139881,0
139882,0
139883,0
139884,35
139885,0
139886,0
139887,0
139888,0
139889,0
139890,0
139891,0
139892,0
139893,0
139894,0
139895,0
139896,0
139897,0
139898,0
139899,0
139900,43
139901,43
139902,0
139903,0
139904,0
139905,0
139906,0
139907,0
139908,0
139909,34
139910,0
139911,0
139912,50
139913,0
139914,0
139915,0
139916,0
139917,0
139918,0
139919,0
139920,0
139921,0
139922,0
139923,36
139924,0
139925,0
139926,22
139927,0
139928,0
139929,0
139930,44
139931,0
139932,0
139933,0
139934,34
139935,0
139936,27
139937,0
139938,34
139939,0
139940,0
139941,0
139942,0
139943,0
139944,0
139945,32
139946,0
139947,0
139948,0
139949,0
139950,0
139951,0
139952,0
139953,0
139954,0
139955,52
139956,0
139957,28
139958,0
139959,0
139960,0
139961,0
139962,0
139963,0
139964,34
139965,0
139966,0
139967,0
139968,40
139969,0
139970,0
139971,0
139972,0
139973,30
139974,0
139975,33
139976,0
139977,43
139978,0
139979,0
139980,0
139981,0
139982,0
139983,45
139984,0
139985,0
139986,0
139987,0
139988,0
139989,0
139990,0
139991,0
139992,0
139993,0
139994,0
139995,57
139996,0
139997,0
139998,0
139999,0
140000,0
140001,0
140002,44
140003,0
140004,0
140005,30
140006,35
140007,0
140008,0
140009,0
140010,0
140011,0
140012,0
140013,0
140014,0
140015,52
140016,29
140017,0
140018,0
140019,0
140020,35
140021,0
140022,0
140023,22
140024,0
140025,0
140026,0
140027,0
140028,0
140029,0
140030,0
140031,22
140032,0
140033,0
140034,0
140035,0
140036,0
140037,0
140038,0
140039,0
140040,0
140041,0
140042,32
140043,0
140044,47
140045,0
140046,17
140047,0
140048,0
140049,33
140050,0
140051,0
140052,0
140053,0
140054,0
140055,0
140056,0
140057,35
140058,0
140059,0
140060,0
140061,0
140062,34
140063,0
140064,36
140065,0
140066,0
140067,0
140068,28
140069,0
140070,0
140071,0
140072,0
140073,28
140074,0
140075,45
140076,0
140077,0
140078,0
140079,0
140080,36
140081,0
140082,0
140083,0
140084,43
140085,0
140086,0
140087,55
140088,38
140089,0
140090,0
140091,0
140092,51
140093,0
140094,0
140095,0
140096,0
140097,0
140098,0
140099,17
140100,0
140101,0
140102,0
140103,0
140104,0
140105,0
140106,0
140107,0
140108,0
140109,0
140110,45
140111,38
140112,0
140113,0
140114,0
140115,0
140116,0
140117,0
140118,27
140119,0
140120,0
140121,0
140122,0
140123,33
140124,0
140125,0
140126,42
140127,0
140128,0
140129,0
140130,47
140131,0
140132,19
140133,51
140134,0
140135,0
140136,0
140137,49
140138,0
140139,0
140140,0
140141,0
140142,0
140143,29
140144,0
140145,0
140146,0
140147,0
140148,0
140149,0
140150,29
140151,0
140152,0
140153,0
140154,49
140155,0
140156,48
140157,34
140158,0
140159,0
140160,0
140161,0
140162,0
140163,20
140164,37
140165,0
140166,0
140167,24
140168,0
140169,0
140170,0
140171,25
140172,38
140173,0
140174,0
140175,0
140176,0
140177,0
140178,0
140179,0
140180,0
140181,0
140182,0
140183,0
140184,0
140185,0
140186,0
140187,0
140188,0
140189,0
140190,0
140191,32
140192,0
140193,44
140194,0
140195,0
140196,0
140197,0
140198,0
140199,0
140200,0
140201,0
140202,34
140203,25
140204,0
140205,0
140206,0
140207,56
140208,0
140209,34
140210,0
140211,0
140212,0
140213,0
140214,0
140215,0
140216,16
140217,0
140218,52
140219,0
140220,0
140221,0
140222,0
140223,0
140224,0
140225,0
140226,0
140227,28
140228,40
140229,0
140230,0
140231,41
140232,0
140233,0
140234,40
140235,0
140236,0
140237,0
140238,0
140239,34
140240,0
140241,0
140242,0
140243,0
140244,0
140245,0
140246,0
140247,0
140248,0
140249,0
140250,0
140251,0
140252,0
140253,0
140254,16
140255,0
140256,0
140257,26
140258,40
140259,33
140260,0
140261,0
140262,30
140263,0
140264,0
140265,34
140266,31
140267,0
140268,42
140269,49
140270,0
140271,0
140272,0
140273,0
140274,0
140275,0
140276,0
140277,0
140278,0
140279,0
140280,0
140281,34
140282,0
140283,47
140284,44
140285,40
140286,0
140287,0
140288,0
140289,0
140290,0
140291,0
140292,0
140293,40
140294,0
140295,29
140296,0
140297,0
140298,0
140299,0
140300,32
140301,0
140302,0
140303,23
140304,36
140305,0
140306,0
140307,0
140308,0
140309,0
140310,36
140311,0
140312,0
140313,0
140314,0
140315,0
140316,0
140317,49
140318,38
140319,0
140320,0
140321,0
140322,0
140323,0
140324,0
140325,0
140326,32
140327,38
140328,0
140329,0
140330,0
140331,0
140332,0
140333,0
140334,0
140335,0
140336,0
140337,0
140338,0
140339,0
140340,0
140341,34
140342,0
140343,0
140344,0
140345,0
140346,0
140347,0
140348,0
140349,0
140350,0
140351,0
140352,19
140353,0
140354,0
140355,0
140356,34
140357,0
140358,0
140359,0
140360,0
140361,0
140362,0
140363,0
140364,0
140365,0
140366,0
140367,0
140368,37
140369,0
140370,0
140371,0
140372,29
140373,0
140374,0
140375,0
140376,0
140377,22
140378,0
140379,0
140380,28
140381,32
140382,33
140383,0
140384,0
140385,0
140386,0
140387,0
140388,0
140389,0
140390,19
140391,26
140392,0
140393,0
140394,0
140395,0
140396,24
140397,0
140398,0
140399,0
140400,0
140401,0
140402,0
140403,0
140404,0
140405,0
140406,0
140407,0
140408,0
140409,0
140410,0
140411,54
140412,28
140413,0
140414,29
140415,0
140416,0
140417,0
140418,0
140419,0
140420,0
140421,0
140422,0
140423,36
140424,44
140425,0
140426,0
140427,0
140428,0
140429,0
140430,35
140431,33
140432,0
140433,0
140434,0
140435,0
140436,0
140437,0
140438,0
140439,0
140440,0
140441,0
140442,26
140443,28
140444,0
140445,0
140446,0
140447,0
140448,0
140449,49
140450,0
140451,0
140452,0
140453,0
140454,0
140455,0
140456,0
140457,0
140458,0
140459,0
140460,0
140461,0
140462,0
140463,0
140464,0
140465,0
140466,0
140467,0
140468,0
140469,0
140470,0
140471,0
140472,0
140473,0
140474,0
140475,0
140476,0
140477,0
140478,0
140479,0
140480,13
140481,9
140482,0
140483,0
140484,0
140485,0
140486,0
140487,0
140488,0
140489,0
140490,11
140491,0
140492,0
140493,0
140494,0
140495,0
140496,0
140497,0
140498,0
140499,0
140500,0
140501,23
140502,0
140503,17
140504,0
140505,10
140506,0
140507,0
140508,0
140509,10
140510,0
140511,0
140512,0
140513,12
140514,0
140515,0
140516,0
140517,0
140518,0
140519,0
140520,0
140521,0
140522,0
140523,0
140524,0
140525,0
140526,0
140527,0
140528,0
140529,0
140530,23
140531,0
140532,0
140533,0
140534,0
140535,0
140536,0
140537,0
140538,0
140539,0
140540,0
140541,0
140542,0
140543,0
140544,0
140545,24
140546,0
140547,0
140548,0
140549,18
140550,0
140551,0
140552,0
140553,21
140554,16
140555,0
140556,0
140557,0
140558,0
140559,24
140560,0
140561,0
140562,0
140563,13
140564,0
140565,0
140566,0
140567,14
140568,0
140569,0
140570,0
140571,0
140572,0
140573,0
140574,0
140575,17
140576,0
140577,0
140578,0
140579,0
140580,0
140581,0
140582,0
140583,0
140584,0
140585,0
140586,0
140587,0
140588,0
140589,0
140590,0
140591,0
140592,0
140593,13
140594,0
140595,0
140596,0
140597,21
140598,0
140599,0
140600,0
140601,0
140602,25
140603,0
140604,0
140605,0
140606,0
140607,19
140608,0
140609,0
140610,0
140611,0
140612,0
140613,0
140614,12
140615,0
140616,0
140617,24
140618,0
140619,0
140620,15
140621,0
140622,0
140623,0
140624,0
140625,22
140626,0
140627,0
140628,0
140629,0
140630,0
140631,0
140632,0
140633,0
140634,0
140635,0
140636,0
140637,0
140638,0
140639,0
140640,16
140641,0
140642,0
140643,0
140644,0
140645,0
140646,21
140647,0
140648,0
140649,0
140650,0
140651,0
140652,0
140653,0
140654,0
140655,0
140656,15
140657,0
140658,0
140659,0
140660,0
140661,0
140662,0
140663,0
140664,31
140665,15
140666,0
140667,0
140668,19
140669,0
140670,23
140671,0
140672,0
140673,0
140674,0
140675,0
140676,0
140677,0
140678,25
140679,14
140680,0
140681,0
140682,0
140683,17
140684,0
140685,0
140686,0
140687,0
140688,0
140689,0
140690,0
140691,0
140692,0
140693,0
140694,0
140695,0
140696,0
140697,0
140698,0
140699,0
140700,0
140701,0
140702,0
140703,0
140704,0
140705,0
140706,0
140707,0
140708,0
140709,24
140710,0
140711,0
140712,21
140713,0
140714,0
140715,0
140716,0
140717,0
140718,0
140719,0
140720,0
140721,0
140722,0
140723,0
140724,0
140725,0
140726,0
140727,23
140728,0
140729,0
140730,0
140731,0
140732,0
140733,14
140734,0
140735,0
140736,29
140737,0
140738,0
140739,0
140740,5
140741,0
140742,0
140743,0
140744,0
140745,0
140746,0
140747,0
140748,18
140749,0
140750,14
140751,15
140752,17
140753,0
140754,0
140755,0
140756,0
140757,0
140758,0
140759,0
140760,0
140761,28
140762,0
140763,0
140764,0
140765,0
140766,0
140767,0
140768,0
140769,0
140770,25
140771,0
140772,0
140773,12
140774,0
140775,0
140776,0
140777,0
140778,0
140779,0
140780,24
140781,0
140782,0
140783,0
140784,0
140785,18
140786,0
140787,0
140788,0
140789,0
140790,0
140791,0
140792,0
140793,0
140794,17
140795,0
140796,0
140797,41
140798,0
140799,0
140800,0
140801,0
140802,0
140803,0
140804,0
140805,0
140806,0
140807,11
140808,35
140809,17
140810,0
140811,0
140812,0
140813,0
140814,25
140815,0
140816,0
140817,0
140818,0
140819,0
140820,0
140821,17
140822,0
140823,0
140824,0
140825,0
140826,0
140827,0
140828,0
140829,0
140830,0
140831,0
140832,0
140833,0
140834,0
140835,26
140836,26
140837,0
140838,0
140839,0
140840,0
140841,0
140842,0
140843,21
140844,26
140845,20
140846,0
140847,26
140848,0
140849,0
140850,22
140851,0
140852,0
140853,18
140854,0
140855,0
140856,0
140857,0
140858,0
140859,18
140860,0
140861,0
140862,0
140863,0
140864,0
140865,0
140866,10
140867,0
140868,0
140869,0
140870,24
140871,0
140872,19
140873,0
140874,0
140875,0
140876,0
140877,0
140878,26
140879,23
140880,0
140881,0
140882,0
140883,0
140884,0
140885,0
140886,0
140887,0
140888,0
140889,0
140890,0
140891,0
140892,19
140893,0
140894,23
140895,23
140896,0
140897,0
140898,0
140899,0
140900,0
140901,0
140902,22
140903,0
140904,0
140905,0
140906,0
140907,0
140908,0
140909,0
140910,0
140911,0
140912,0
140913,0
140914,0
140915,15
140916,0
140917,0
140918,0
140919,0
140920,0
140921,25
140922,0
140923,0
140924,0
140925,0
140926,0
140927,0
140928,19
140929,0
140930,0
140931,0
140932,0
140933,0
140934,34
140935,0
140936,0
140937,0
140938,0
140939,0
140940,0
140941,0
140942,13
140943,0
140944,0
140945,27
140946,0
140947,0
140948,0
140949,0
140950,0
140951,0
140952,0
140953,0
140954,0
140955,0
140956,0
140957,0
140958,0
140959,0
140960,0
140961,0
140962,0
140963,0
140964,0
140965,0
140966,0
140967,0
140968,0
140969,0
140970,0
140971,0
140972,0
140973,0
140974,0
140975,11
140976,0
140977,0
140978,0
140979,0
140980,0
140981,0
140982,14
140983,0
140984,0
140985,0
140986,0
140987,0
140988,0
140989,0
140990,0
140991,0
140992,0
140993,0
140994,0
140995,0
140996,0
140997,0
140998,17
140999,0
141000,0
141001,0
141002,0
141003,0
141004,16
141005,0
141006,0
141007,0
141008,0
141009,0
141010,0
141011,0
141012,0
141013,18
141014,0
141015,0
141016,0
141017,10
141018,0
141019,0
141020,20
141021,0
141022,0
141023,0
141024,0
141025,15
141026,0
141027,14
141028,10
141029,24
141030,0
141031,0
141032,0
141033,0
141034,18
141035,0
141036,0
141037,0
141038,0
141039,20
141040,0
141041,0
141042,0
141043,0
141044,0
141045,0
141046,0
141047,0
141048,19
141049,27
141050,0
141051,0
141052,0
141053,18
141054,25
141055,0
141056,24
141057,9
141058,0
141059,0
141060,0
141061,0
141062,0
141063,0
141064,0
141065,0
141066,0
141067,0
141068,0
141069,0
141070,0
141071,0
141072,0
141073,0
141074,0
141075,0
141076,0
141077,0
141078,0
141079,0
141080,0
141081,0
141082,0
141083,0
141084,0
141085,0
141086,0
141087,12
141088,0
141089,0
141090,22
141091,0
141092,0
141093,0
141094,0
141095,0
141096,0
141097,0
141098,20
141099,0
141100,11
141101,0
141102,0
141103,0
141104,24
141105,0
141106,0
141107,0
141108,0
141109,0
141110,0
141111,0
141112,0
141113,0
141114,0
141115,0
141116,0
141117,48
141118,0
141119,20
141120,27
141121,0
141122,0
141123,0
141124,0
141125,33
141126,29
141127,0
141128,49
141129,37
141130,0
141131,0
141132,20
141133,0
141134,0
141135,0
141136,21
141137,0
141138,35
141139,0
141140,28
141141,0
141142,0
141143,0
141144,0
141145,0
141146,0
141147,0
141148,0
141149,0
141150,0
141151,32
141152,0
141153,25
141154,0
141155,0
141156,0
141157,0
141158,0
141159,0
141160,0
141161,23
141162,0
141163,0
141164,0
141165,0
141166,0
141167,0
141168,0
141169,0
141170,38
141171,31
141172,28
141173,21
141174,0
141175,0
141176,0
141177,0
141178,0
141179,0
141180,29
141181,0
141182,0
141183,0
141184,28
141185,0
141186,26
141187,34
141188,0
141189,0
141190,28
141191,0
141192,24
141193,0
141194,31
141195,0
141196,37
141197,0
141198,22
141199,32
141200,0
141201,30
141202,0
141203,31
141204,0
141205,0
141206,0
141207,23
141208,0
141209,0
141210,23
141211,0
141212,0
141213,0
141214,30
141215,0
141216,49
141217,0
141218,25
141219,39
141220,0
141221,36
141222,0
141223,22
141224,25
141225,40
141226,35
141227,0
141228,0
141229,0
141230,34
141231,0
141232,0
141233,0
141234,0
141235,0
141236,0
141237,0
141238,0
141239,0
141240,35
141241,32
141242,44
141243,0
141244,0
141245,0
141246,0
141247,0
141248,0
141249,0
141250,0
141251,0
141252,0
141253,0
141254,40
141255,0
141256,0
141257,34
141258,0
141259,0
141260,0
141261,0
141262,34
141263,0
141264,17
141265,0
141266,34
141267,0
141268,0
141269,0
141270,0
141271,50
141272,0
141273,0
141274,0
141275,0
141276,0
141277,0
141278,0
141279,0
141280,0
141281,30
141282,0
141283,40
141284,0
141285,26
141286,0
141287,0
141288,0
141289,0
141290,0
141291,0
141292,0
141293,18
141294,0
141295,0
141296,0
141297,38
141298,0
141299,0
141300,0
141301,0
141302,0
141303,28
141304,22
141305,0
141306,0
141307,0
141308,22
141309,0
141310,0
141311,0
141312,0
141313,0
141314,0
141315,46
141316,0
141317,0
141318,0
141319,0
141320,0
141321,0
141322,0
141323,0
141324,0
141325,0
141326,0
141327,0
141328,0
141329,0
141330,0
141331,0
141332,0
141333,13
141334,40
141335,0
141336,0
141337,0
141338,0
141339,0
141340,0
141341,32
141342,0
141343,0
141344,19
141345,0
141346,0
141347,0
141348,24
141349,0
141350,37
141351,35
141352,0
141353,0
141354,0
141355,0
141356,0
141357,0
141358,22
141359,32
141360,26
141361,32
141362,0
141363,0
141364,35
141365,0
141366,0
141367,0
141368,0
141369,0
141370,0
141371,0
141372,0
141373,32
141374,19
141375,0
141376,0
141377,0
141378,0
141379,45
141380,0
141381,0
141382,0
141383,0
141384,0
141385,29
141386,0
141387,0
141388,0
141389,0
141390,0
141391,0
141392,0
141393,0
141394,35
141395,0
141396,0
141397,0
141398,35
141399,0
141400,0
141401,0
141402,0
141403,0
141404,20
141405,0
141406,30
141407,33
141408,0
141409,32
141410,0
141411,31
141412,0
141413,0
141414,0
141415,18
141416,0
141417,0
141418,30
141419,33
141420,0
141421,0
141422,0
141423,0
141424,0
141425,0
141426,0
141427,0
141428,0
141429,0
141430,0
141431,0
141432,0
141433,35
141434,0
141435,20
141436,0
141437,0
141438,0
141439,27
141440,40
141441,0
141442,0
141443,0
141444,0
141445,0
141446,0
141447,0
141448,0
141449,27
141450,0
141451,0
141452,0
141453,34
141454,0
141455,0
141456,0
141457,0
141458,0
141459,0
141460,0
141461,23
141462,21
141463,0
141464,0
141465,26
141466,31
141467,0
141468,0
141469,0
141470,0
141471,0
141472,0
141473,0
141474,0
141475,27
141476,40
141477,0
141478,0
141479,0
141480,0
141481,0
141482,0
141483,0
141484,0
141485,21
141486,0
141487,0
141488,38
141489,0
141490,0
141491,21
141492,0
141493,0
141494,27
141495,0
141496,30
141497,0
141498,0
141499,13
141500,0
141501,24
141502,43
141503,0
141504,0
141505,0
141506,0
141507,0
141508,0
141509,0
141510,0
141511,0
141512,0
141513,0
141514,0
141515,0
141516,0
141517,0
141518,0
141519,39
141520,21
141521,0
141522,34
141523,0
141524,26
141525,0
141526,0
141527,26
141528,0
141529,0
141530,29
141531,32
141532,0
141533,0
141534,0
141535,27
141536,0
141537,0
141538,0
141539,18
141540,38
141541,0
141542,0
141543,0
141544,22
141545,0
141546,0
141547,0
141548,0
141549,23
141550,27
141551,38
141552,41
141553,26
141554,26
141555,0
141556,37
141557,0
141558,0
141559,26
141560,0
141561,26
141562,30
141563,0
141564,39
141565,0
141566,0
141567,35
141568,0
141569,0
141570,0
141571,0
141572,29
141573,0
141574,0
141575,31
141576,30
141577,18
141578,0
141579,0
141580,34
141581,0
141582,0
141583,0
141584,25
141585,0
141586,0
141587,31
141588,28
141589,0
141590,0
141591,0
141592,0
141593,0
141594,0
141595,23
141596,0
141597,0
141598,0
141599,0
141600,31
141601,0
141602,37
141603,0
141604,0
141605,0
141606,0
141607,0
141608,51
141609,42
141610,0
141611,0
141612,0
141613,0
141614,0
141615,0
141616,21
141617,29
141618,24
141619,33
141620,0
141621,20
141622,28
141623,0
141624,0
141625,0
141626,0
141627,0
141628,0
141629,0
141630,0
141631,0
141632,0
141633,0
141634,0
141635,23
141636,0
141637,0
141638,0
141639,0
141640,0
141641,24
141642,0
141643,25
141644,32
141645,0
141646,25
141647,0
141648,0
141649,30
141650,0
141651,0
141652,0
141653,0
141654,0
141655,30
141656,18
141657,0
141658,0
141659,0
141660,31
141661,0
141662,0
141663,0
141664,15
141665,29
141666,0
141667,31
141668,0
141669,30
141670,30
141671,0
141672,32
141673,0
141674,28
141675,0
141676,0
141677,0
141678,27
141679,0
141680,0
141681,0
141682,0
141683,0
141684,31
141685,0
141686,0
141687,0
141688,0
141689,32
141690,0
141691,25
141692,41
141693,0
141694,0
141695,0
141696,0
141697,0
141698,0
141699,0
141700,28
141701,29
141702,0
141703,0
141704,0
141705,27
141706,0
141707,0
141708,0
141709,20
141710,37
141711,0
141712,0
141713,0
141714,0
141715,0
141716,0
141717,38
141718,33
141719,0
141720,18
141721,0
141722,0
141723,22
141724,0
141725,28
141726,0
141727,37
141728,15
141729,0
141730,0
141731,0
141732,0
141733,0
141734,41
141735,0
141736,30
141737,0
141738,0
141739,0
141740,29
141741,0
141742,0
141743,30
141744,0
141745,0
141746,0
141747,0
141748,0
141749,0
141750,0
141751,0
141752,0
141753,0
141754,28
141755,0
141756,0
141757,0
141758,0
141759,0
141760,0
141761,0
141762,21
141763,22
141764,0
141765,0
141766,0
141767,0
141768,44
141769,0
141770,0
141771,0
141772,0
141773,0
141774,0
141775,0
141776,0
141777,0
141778,0
141779,0
141780,0
141781,0
141782,0
141783,0
141784,45
141785,0
141786,0
141787,27
141788,38
141789,0
141790,40
141791,0
141792,0
141793,0
141794,0
141795,17
141796,28
141797,0
141798,0
141799,0
141800,0
141801,0
141802,33
141803,0
141804,42
141805,0
141806,0
141807,44
141808,0
141809,0
141810,0
141811,0
141812,0
141813,0
141814,0
141815,0
141816,0
141817,0
141818,27
141819,0
141820,0
141821,0
141822,0
141823,0
141824,35
141825,0
141826,28
141827,42
141828,30
141829,0
141830,0
141831,0
141832,0
141833,0
141834,31
141835,22
141836,0
141837,0
141838,0
141839,0
141840,0
141841,0
141842,0
141843,36
141844,31
141845,24
141846,0
141847,0
141848,27
141849,0
141850,0
141851,0
141852,0
141853,20
141854,0
141855,0
141856,0
141857,0
141858,0
141859,0
141860,0
141861,0
141862,0
141863,48
141864,0
141865,25
141866,0
141867,0
141868,0
141869,0
141870,0
141871,0
141872,0
141873,0
141874,0
141875,30
141876,24
141877,0
141878,0
141879,0
141880,0
141881,0
141882,0
141883,41
141884,38
141885,0
141886,18
141887,0
141888,24
141889,34
141890,32
141891,0
141892,0
141893,0
141894,31
141895,25
141896,33
141897,0
141898,0
141899,0
141900,0
141901,45
141902,0
141903,0
141904,0
141905,0
141906,35
141907,0
141908,38
141909,39
141910,0
141911,0
141912,0
141913,0
141914,0
141915,0
141916,0
141917,0
141918,0
141919,0
141920,0
141921,0
141922,0
141923,0
141924,0
141925,0
141926,0
141927,35
141928,0
141929,0
141930,0
141931,0
141932,46
141933,0
141934,0
141935,0
141936,42
141937,0
141938,0
141939,39
141940,0
141941,28
141942,0
141943,26
141944,0
141945,0
141946,0
141947,0
141948,0
141949,0
141950,0
141951,0
141952,24
141953,0
141954,0
141955,0
141956,24
141957,26
141958,0
141959,0
141960,0
141961,0
141962,0
141963,23
141964,0
141965,0
141966,0
141967,0
141968,34
141969,0
141970,0
141971,30
141972,0
141973,34
141974,0
141975,0
141976,37
141977,36
141978,20
141979,34
141980,0
141981,17
141982,0
141983,0
141984,0
141985,0
141986,0
141987,0
141988,0
141989,35
141990,0
141991,0
141992,0
141993,0
141994,0
141995,25
141996,0
141997,0
141998,0
141999,40
142000,37
142001,41
142002,32
142003,0
142004,0
142005,16
142006,0
142007,37
142008,28
142009,0
142010,0
142011,0
142012,47
142013,22
142014,0
142015,0
142016,27
142017,24
142018,0
142019,36
142020,0
142021,0
142022,51
142023,0
142024,27
142025,0
142026,0
142027,31
142028,0
142029,19
142030,45
142031,0
142032,0
142033,0
142034,0
142035,23
142036,0
142037,0
142038,22
142039,28
142040,0
142041,44
142042,34
142043,34
142044,38
142045,0
142046,0
142047,0
142048,0
142049,31
142050,21
142051,21
142052,0
142053,24
142054,0
142055,0
142056,0
142057,0
142058,27
142059,0
142060,36
142061,0
142062,0
142063,0
142064,0
142065,0
142066,27
142067,0
142068,32
142069,0
142070,0
142071,0
142072,33
142073,0
142074,38
142075,47
142076,0
142077,0
142078,0
142079,29
142080,0
142081,0
142082,0
142083,30
142084,27
142085,0
142086,0
142087,31
142088,0
142089,29
142090,0
142091,0
142092,0
142093,0
142094,0
142095,0
142096,0
142097,0
142098,0
142099,0
142100,0
142101,0
142102,0
142103,0
142104,0
142105,0
142106,0
142107,0
142108,0
142109,0
142110,32
142111,31
142112,0
142113,0
142114,0
142115,39
142116,0
142117,0
142118,0
142119,0
142120,0
142121,36
142122,0
142123,0
142124,0
142125,0
142126,0
142127,20
142128,0
142129,0
142130,0
142131,0
142132,0
142133,0
142134,0
142135,0
142136,0
142137,0
142138,0
142139,0
142140,0
142141,0
142142,0
142143,0
142144,0
142145,0
142146,0
142147,34
142148,0
142149,0
142150,0
142151,0
142152,0
142153,0
142154,0
142155,0
142156,0
142157,0
142158,0
142159,0
142160,0
142161,0
142162,0
142163,0
142164,0
142165,0
142166,0
142167,0
142168,0
142169,0
142170,0
142171,0
142172,0
142173,0
142174,0
142175,28
142176,0
142177,0
142178,30
142179,0
142180,0
142181,0
142182,20
142183,0
142184,28
142185,0
142186,0
142187,0
142188,0
142189,0
142190,0
142191,31
142192,0
142193,0
142194,0
142195,0
142196,0
142197,0
142198,0
142199,0
142200,0
142201,0
142202,0
142203,0
142204,0
142205,0
142206,0
142207,0
142208,0
142209,0
142210,0
142211,0
142212,0
142213,0
142214,0
142215,0
142216,0
142217,0
142218,0
142219,0
142220,0
142221,0
142222,0
142223,0
142224,0
142225,0
142226,0
142227,0
142228,0
142229,0
142230,0
142231,0
142232,0
142233,0
142234,25
142235,0
142236,0
142237,0
142238,0
142239,0
142240,0
142241,0
142242,0
142243,0
142244,0
142245,0
142246,0
142247,0
142248,0
142249,0
142250,0
142251,0
142252,0
142253,0
142254,0
142255,0
142256,0
142257,0
142258,0
142259,0
142260,0
142261,0
142262,0
142263,0
142264,0
142265,0
142266,0
142267,33
142268,29
142269,34
142270,0
142271,0
142272,0
142273,0
142274,0
142275,0
142276,0
142277,0
142278,0
142279,0
142280,0
142281,0
142282,0
142283,0
142284,0
142285,0
142286,36
142287,0
142288,0
142289,0
142290,0
142291,0
142292,34
142293,19
142294,0
142295,0
142296,0
142297,0
142298,0
142299,0
142300,0
142301,0
142302,0
142303,0
142304,0
142305,0
142306,0
142307,0
142308,0
142309,0
142310,0
142311,0
142312,0
142313,0
142314,0
142315,0
142316,0
142317,0
142318,0
142319,0
142320,0
142321,0
142322,34
142323,0
142324,0
142325,0
142326,0
142327,0
142328,0
142329,0
142330,0
142331,0
142332,0
142333,0
142334,0
142335,37
142336,0
142337,0
142338,0
142339,0
142340,0
142341,0
142342,0
142343,0
142344,0
142345,0
142346,0
142347,0
142348,0
142349,0
142350,0
142351,0
142352,0
142353,0
142354,0
142355,0
142356,0
142357,0
142358,0
142359,0
142360,44
142361,0
142362,0
142363,30
142364,0
142365,0
142366,0
142367,0
142368,0
142369,0
142370,0
142371,0
142372,0
142373,0
142374,0
142375,0
142376,0
142377,0
142378,0
142379,0
142380,43
142381,0
142382,0
142383,0
142384,0
142385,0
142386,0
142387,0
142388,0
142389,0
142390,0
142391,0
142392,0
142393,0
142394,0
142395,0
142396,0
142397,0
142398,0
142399,23
142400,29
142401,0
142402,0
142403,35
142404,0
142405,0
142406,0
142407,0
142408,0
142409,0
142410,0
142411,0
142412,0
142413,0
142414,0
142415,0
142416,0
142417,0
142418,0
142419,41
142420,0
142421,0
142422,33
142423,35
142424,0
142425,0
142426,0
142427,30
142428,0
142429,0
142430,0
142431,0
142432,0
142433,0
142434,0
142435,0
142436,0
142437,24
142438,0
142439,0
142440,0
142441,0
142442,0
142443,0
142444,0
142445,0
142446,0
142447,0
142448,0
142449,0
142450,0
142451,0
142452,0
142453,0
142454,0
142455,0
142456,0
142457,0
142458,0
142459,27
142460,0
142461,0
142462,0
142463,0
142464,0
142465,0
142466,0
142467,0
142468,0
142469,0
142470,0
142471,0
142472,0
142473,57
142474,0
142475,0
142476,0
142477,0
142478,0
142479,0
142480,0
142481,0
142482,0
142483,0
142484,0
142485,0
142486,16
142487,0
142488,0
142489,0
142490,0
142491,24
142492,0
142493,0
142494,0
142495,0
142496,32
142497,0
142498,0
142499,0
142500,0
142501,0
142502,0
142503,0
142504,0
142505,0
142506,36
142507,0
142508,0
142509,0
142510,0
142511,0
142512,0
142513,0
142514,0
142515,27
142516,0
142517,0
142518,29
142519,0
142520,0
142521,0
142522,0
142523,0
142524,0
142525,0
142526,35
142527,0
142528,0
142529,0
142530,0
142531,0
142532,0
142533,0
142534,0
142535,0
142536,0
142537,0
142538,0
142539,0
142540,0
142541,0
142542,0
142543,0
142544,0
142545,0
142546,0
142547,0
142548,0
142549,0
142550,0
142551,0
142552,0
142553,0
142554,35
142555,0
142556,39
142557,0
142558,0
142559,0
142560,0
142561,0
142562,27
142563,0
142564,0
142565,43
142566,0
142567,0
142568,0
142569,0
142570,0
142571,0
142572,34
142573,0
142574,48
142575,0
142576,0
142577,0
142578,33
142579,0
142580,0
142581,0
142582,0
142583,0
142584,0
142585,0
142586,0
142587,0
142588,0
142589,0
142590,0
142591,0
142592,0
142593,0
142594,0
142595,27
142596,32
142597,0
142598,0
142599,0
142600,28
142601,0
142602,0
142603,30
142604,0
142605,0
142606,0
142607,0
142608,0
142609,0
142610,27
142611,0
142612,37
142613,0
142614,0
142615,0
142616,0
142617,0
142618,0
142619,45
142620,0
142621,30
142622,0
142623,0
142624,0
142625,0
142626,0
142627,0
142628,0
142629,0
142630,0
142631,20
142632,0
142633,0
142634,0
142635,0
142636,0
142637,37
142638,0
142639,0
142640,37
142641,0
142642,0
142643,0
142644,0
142645,0
142646,0
142647,0
142648,23
142649,0
142650,0
142651,0
142652,0
142653,0
142654,0
142655,0
142656,0
142657,0
142658,0
142659,0
142660,0
142661,0
142662,0
142663,0
142664,0
142665,0
142666,0
142667,0
142668,0
142669,0
142670,0
142671,28
142672,0
142673,0
142674,0
142675,0
142676,0
142677,0
142678,0
142679,0
142680,0
142681,0
142682,0
142683,20
142684,0
142685,12
142686,0
142687,0
142688,0
142689,0
142690,0
142691,0
142692,0
142693,0
142694,0
142695,0
142696,0
142697,0
142698,31
142699,0
142700,0
142701,0
142702,36
142703,0
142704,0
142705,0
142706,0
142707,0
142708,0
142709,0
142710,0
142711,0
142712,0
142713,0
142714,0
142715,0
142716,21
142717,0
142718,0
142719,0
142720,0
142721,0
142722,0
142723,0
142724,0
142725,0
142726,0
142727,0
142728,0
142729,0
142730,0
142731,0
142732,0
142733,19
142734,17
142735,0
142736,0
142737,19
142738,13
142739,17
142740,13
142741,36
142742,15
142743,21
142744,0
142745,0
142746,0
142747,0
142748,0
142749,0
142750,0
142751,0
142752,0
142753,0
142754,0
142755,0
142756,0
142757,0
142758,25
142759,0
142760,0
142761,21
142762,0
142763,0
142764,0
142765,0
142766,0
142767,0
142768,23
142769,0
142770,0
142771,0
142772,0
142773,0
142774,0
142775,22
142776,0
142777,0
142778,0
142779,0
142780,0
142781,0
142782,0
142783,0
142784,12
142785,0
142786,0
142787,22
142788,0
142789,0
142790,0
142791,32
142792,28
142793,0
142794,0
142795,0
142796,0
142797,0
142798,0
142799,0
142800,0
142801,0
142802,0
142803,0
142804,15
142805,0
142806,0
142807,0
142808,0
142809,27
142810,0
142811,0
142812,0
142813,0
142814,0
142815,0
142816,0
142817,0
142818,18
142819,0
142820,0
142821,0
142822,0
142823,0
142824,21
142825,0
142826,0
142827,0
142828,22
142829,0
142830,0
142831,28
142832,0
142833,13
142834,0
142835,21
142836,0
142837,0
142838,0
142839,29
142840,11
142841,35
142842,0
142843,7
142844,0
142845,0
142846,0
142847,0
142848,0
142849,17
142850,0
142851,0
142852,12
142853,0
142854,24
142855,0
142856,0
142857,0
142858,0
142859,0
142860,0
142861,0
142862,11
142863,20
142864,0
142865,0
142866,0
142867,0
142868,0
142869,20
142870,15
142871,0
142872,0
142873,0
142874,0
142875,30
142876,0
142877,0
142878,0
142879,30
142880,20
142881,0
142882,0
142883,17
142884,0
142885,16
142886,0
142887,17
142888,0
142889,0
142890,0
142891,0
142892,0
142893,0
142894,0
142895,16
142896,0
142897,0
142898,0
142899,0
142900,0
142901,0
142902,32
142903,26
142904,0
142905,0
142906,23
142907,0
142908,0
142909,0
142910,13
142911,0
142912,0
142913,0
142914,30
142915,0
142916,0
142917,0
142918,15
142919,0
142920,0
142921,0
142922,0
142923,0
142924,0
142925,33
142926,0
142927,0
142928,0
142929,0
142930,0
142931,27
142932,0
142933,0
142934,0
142935,0
142936,0
142937,0
142938,0
142939,0
142940,0
142941,0
142942,0
142943,0
142944,0
142945,0
142946,0
142947,0
142948,0
142949,0
142950,19
142951,0
142952,0
142953,0
142954,10
142955,18
142956,0
142957,0
142958,0
142959,0
142960,0
142961,0
142962,0
142963,0
142964,18
142965,0
142966,0
142967,0
142968,0
142969,19
142970,0
142971,0
142972,0
142973,0
142974,36
142975,0
142976,0
142977,0
142978,0
142979,0
142980,0
142981,0
142982,0
142983,0
142984,0
142985,37
142986,0
142987,0
142988,0
142989,37
142990,0
142991,21
142992,0
142993,0
142994,47
142995,0
142996,19
142997,0
142998,12
142999,14
143000,15
143001,0
143002,16
143003,0
143004,0
143005,19
143006,0
143007,0
143008,0
143009,0
143010,19
143011,0
143012,0
143013,0
143014,0
143015,0
143016,36
143017,0
143018,0
143019,0
143020,0
143021,0
143022,20
143023,10
143024,0
143025,0
143026,18
143027,0
143028,0
143029,0
143030,0
143031,21
143032,0
143033,0
143034,26
143035,0
143036,0
143037,0
143038,0
143039,0
143040,0
143041,0
143042,0
143043,25
143044,28
143045,16
143046,0
143047,17
143048,0
143049,19
143050,0
143051,0
143052,0
143053,0
143054,0
143055,0
143056,8
143057,0
143058,0
143059,0
143060,0
143061,0
143062,0
143063,0
143064,0
143065,0
143066,0
143067,0
143068,0
143069,32
143070,14
143071,0
143072,0
143073,19
143074,0
143075,28
143076,0
143077,0
143078,0
143079,0
143080,0
143081,0
143082,0
143083,10
143084,0
143085,11
143086,0
143087,0
143088,0
143089,0
143090,15
143091,0
143092,0
143093,9
143094,0
143095,18
143096,0
143097,20
143098,0
143099,0
143100,0
143101,0
143102,0
143103,0
143104,0
143105,0
143106,0
143107,0
143108,0
143109,0
143110,4
143111,10
143112,16
143113,0
143114,0
143115,0
143116,0
143117,0
143118,0
143119,0
143120,0
143121,0
143122,0
143123,0
143124,18
143125,0
143126,18
143127,0
143128,21
143129,0
143130,17
143131,0
143132,0
143133,0
143134,0
143135,0
143136,0
143137,0
143138,0
143139,26
143140,0
143141,19
143142,27
143143,0
143144,0
143145,0
143146,10
143147,0
143148,0
143149,0
143150,0
143151,20
143152,0
143153,0
143154,27
143155,0
143156,0
143157,0
143158,0
143159,29
143160,0
143161,18
143162,0
143163,0
143164,0
143165,30
143166,15
143167,0
143168,0
143169,8
143170,7
143171,0
143172,0
143173,6
143174,0
143175,0
143176,0
143177,0
143178,9
143179,4
143180,0
143181,3
143182,0
143183,0
143184,0
143185,0
143186,7
143187,0
143188,4
143189,4
143190,0
143191,0
143192,0
143193,0
143194,0
143195,0
143196,6
143197,0
143198,0
143199,0
143200,11
143201,3
143202,0
143203,10
143204,0
143205,0
143206,0
143207,0
143208,5
143209,0
143210,0
143211,6
143212,0
143213,0
143214,0
143215,7
143216,0
143217,4
143218,8
143219,0
143220,0
143221,5
143222,0
143223,0
143224,0
143225,0
143226,0
143227,0
143228,3
143229,0
143230,0
143231,0
143232,0
143233,10
143234,1
143235,0
143236,0
143237,3
143238,0
143239,2
143240,0
143241,3
143242,0
143243,1
143244,5
143245,0
143246,0
143247,0
143248,0
143249,0
143250,0
143251,6
143252,2
143253,0
143254,0
143255,13
143256,0
143257,6
143258,4
143259,0
143260,3
143261,0
143262,0
143263,0
143264,0
143265,3
143266,0
143267,0
143268,0
143269,0
143270,0
143271,0
143272,0
143273,0
143274,0
143275,0
143276,0
143277,0
143278,0
143279,0
143280,0
143281,0
143282,7
143283,8
143284,0
143285,0
143286,0
143287,0
143288,6
143289,0
143290,0
143291,0
143292,5
143293,0
143294,0
143295,0
143296,0
143297,0
143298,0
143299,0
143300,0
143301,0
143302,0
143303,0
143304,4
143305,0
143306,0
143307,0
143308,3
143309,0
143310,6
143311,0
143312,0
143313,3
143314,0
143315,7
143316,0
143317,0
143318,5
143319,5
143320,0
143321,6
143322,0
143323,0
143324,3
143325,0
143326,0
143327,0
143328,7
143329,0
143330,0
143331,0
143332,6
143333,0
143334,0
143335,2
143336,0
143337,0
143338,0
143339,0
143340,0
143341,2
143342,0
143343,0
143344,0
143345,0
143346,0
143347,0
143348,0
143349,0
143350,10
143351,0
143352,9
143353,0
143354,0
143355,3
143356,0
143357,0
143358,2
143359,0
143360,0
143361,3
143362,0
143363,0
143364,0
143365,0
143366,4
143367,0
143368,5
143369,0
143370,0
143371,0
143372,7
143373,0
143374,0
143375,0
143376,0
143377,9
143378,5
143379,0
143380,0
143381,4
143382,0
143383,3
143384,0
143385,0
143386,0
143387,0
143388,0
143389,7
143390,0
143391,0
143392,2
143393,0
143394,6
143395,0
143396,0
143397,2
143398,0
143399,0
143400,0
143401,0
143402,0
143403,0
143404,5
143405,0
143406,0
143407,6
143408,0
143409,0
143410,0
143411,0
143412,0
143413,0
143414,11
143415,0
143416,0
143417,4
143418,0
143419,0
143420,0
143421,0
143422,0
143423,0
143424,0
143425,3
143426,0
143427,0
143428,0
143429,8
143430,4
143431,0
143432,0
143433,0
143434,0
143435,0
143436,0
143437,0
143438,0
143439,0
143440,0
143441,0
143442,5
143443,0
143444,0
143445,0
143446,0
143447,0
143448,8
143449,0
143450,0
143451,0
143452,0
143453,0
143454,0
143455,0
143456,0
143457,7
143458,0
143459,0
143460,0
143461,8
143462,7
143463,0
143464,0
143465,0
143466,7
143467,0
143468,0
143469,25
143470,0
143471,0
143472,0
143473,0
143474,0
143475,9
143476,0
143477,0
143478,0
143479,0
143480,0
143481,0
143482,0
143483,0
143484,22
143485,12
143486,0
143487,0
143488,23
143489,0
143490,0
143491,0
143492,0
143493,13
143494,0
143495,0
143496,0
143497,0
143498,25
143499,19
143500,0
143501,19
143502,0
143503,0
143504,0
143505,0
143506,0
143507,0
143508,0
143509,0
143510,0
143511,0
143512,0
143513,0
143514,10
143515,15
143516,0
143517,0
143518,0
143519,0
143520,0
143521,0
143522,0
143523,17
143524,21
143525,0
143526,0
143527,0
143528,0
143529,0
143530,0
143531,0
143532,0
143533,0
143534,0
143535,0
143536,0
143537,0
143538,0
143539,0
143540,0
143541,0
143542,28
143543,0
143544,17
143545,0
143546,14
143547,0
143548,0
143549,0
143550,0
143551,0
143552,0
143553,0
143554,15
143555,0
143556,0
143557,0
143558,0
143559,0
143560,0
143561,0
143562,0
143563,0
143564,0
143565,0
143566,22
143567,0
143568,0
143569,0
143570,28
143571,21
143572,0
143573,22
143574,10
143575,0
143576,0
143577,19
143578,0
143579,0
143580,0
143581,0
143582,0
143583,0
143584,0
143585,0
143586,9
143587,0
143588,0
143589,0
143590,0
143591,0
143592,0
143593,0
143594,0
143595,0
143596,0
143597,0
143598,0
143599,10
143600,0
143601,0
143602,0
143603,14
143604,0
143605,0
143606,14
143607,8
143608,16
143609,18
143610,25
143611,18
143612,10
143613,0
143614,0
143615,14
143616,0
143617,0
143618,0
143619,0
143620,0
143621,0
143622,0
143623,24
143624,21
143625,0
143626,20
143627,24
143628,0
143629,0
143630,0
143631,0
143632,0
143633,14
143634,0
143635,0
143636,0
143637,0
143638,0
143639,0
143640,0
143641,20
143642,0
143643,0
143644,0
143645,0
143646,0
143647,0
143648,0
143649,0
143650,7
143651,39
143652,0
143653,0
143654,0
143655,0
143656,0
143657,0
143658,0
143659,17
143660,29
143661,0
143662,16
143663,0
143664,0
143665,0
143666,0
143667,0
143668,0
143669,24
143670,0
143671,0
143672,0
143673,0
143674,0
143675,0
143676,27
143677,0
143678,0
143679,0
143680,18
143681,0
143682,0
143683,11
143684,0
143685,0
143686,0
143687,0
143688,35
143689,0
143690,0
143691,19
143692,0
143693,0
143694,0
143695,0
143696,0
143697,0
143698,0
143699,0
143700,0
143701,0
143702,0
143703,0
143704,0
143705,0
143706,0
143707,0
143708,11
143709,0
143710,0
143711,0
143712,16
143713,14
143714,0
143715,0
143716,0
143717,0
143718,14
143719,0
143720,0
143721,0
143722,19
143723,0
143724,22
143725,0
143726,0
143727,0
143728,20
143729,0
143730,25
143731,0
143732,0
143733,0
143734,0
143735,0
143736,0
143737,0
143738,0
143739,19
143740,0
143741,0
143742,0
143743,0
143744,18
143745,0
143746,0
143747,0
143748,0
143749,24
143750,0
143751,0
143752,0
143753,0
143754,0
143755,0
143756,0
143757,0
143758,0
143759,0
143760,0
143761,0
143762,15
143763,0
143764,0
143765,27
143766,8
143767,21
143768,0
143769,29
143770,0
143771,0
143772,0
143773,0
143774,25
143775,0
143776,18
143777,0
143778,0
143779,0
143780,0
143781,0
143782,0
143783,0
143784,0
143785,0
143786,0
143787,0
143788,0
143789,0
143790,0
143791,0
143792,0
143793,0
143794,12
143795,21
143796,0
143797,0
143798,15
143799,0
143800,0
143801,0
143802,0
143803,0
143804,14
143805,14
143806,25
143807,0
143808,0
143809,0
143810,0
143811,0
143812,21
143813,0
143814,15
143815,0
143816,0
143817,18
143818,0
143819,0
143820,0
143821,0
143822,0
143823,0
143824,13
143825,0
143826,0
143827,0
143828,0
143829,0
143830,0
143831,0
143832,0
143833,0
143834,0
143835,23
143836,0
143837,11
143838,18
143839,19
143840,0
143841,0
143842,0
143843,0
143844,0
143845,0
143846,0
143847,0
143848,0
143849,0
143850,0
143851,0
143852,0
143853,0
143854,0
143855,0
143856,0
143857,0
143858,0
143859,0
143860,0
143861,0
143862,20
143863,0
143864,0
143865,0
143866,0
143867,0
143868,0
143869,0
143870,0
143871,0
143872,0
143873,16
143874,26
143875,18
143876,0
143877,0
143878,0
143879,23
143880,0
143881,0
143882,0
143883,19
143884,13
143885,0
143886,0
143887,16
143888,0
143889,0
143890,0
143891,0
143892,0
143893,0
143894,0
143895,0
143896,0
143897,18
143898,33
143899,0
143900,0
143901,0
143902,0
143903,0
143904,18
143905,23
143906,18
143907,0
143908,11
143909,25
143910,0
143911,0
143912,0
143913,0
143914,0
143915,0
143916,0
143917,0
143918,19
143919,0
143920,19
143921,0
143922,0
143923,0
143924,0
143925,13
143926,0
143927,22
143928,0
143929,0
143930,0
143931,0
143932,0
143933,0
143934,26
143935,0
143936,0
143937,0
143938,28
143939,0
143940,12
143941,0
143942,0
143943,0
143944,0
143945,14
143946,0
143947,0
143948,0
143949,0
143950,0
143951,0
143952,13
143953,0
143954,0
143955,0
143956,23
143957,0
143958,0
143959,0
143960,30
143961,14
143962,0
143963,0
143964,0
143965,0
143966,0
143967,0
143968,0
143969,15
143970,0
143971,0
143972,0
143973,0
143974,0
143975,0
143976,0
143977,0
143978,7
143979,0
143980,0
143981,0
143982,21
143983,0
143984,12
143985,0
143986,19
143987,22
143988,18
143989,33
143990,0
143991,0
143992,0
143993,0
143994,0
143995,10
143996,16
143997,20
143998,0
143999,0
144000,0
144001,0
144002,0
144003,20
144004,20
144005,0
144006,0
144007,0
144008,0
144009,0
144010,0
144011,0
144012,0
144013,0
144014,0
144015,0
144016,0
144017,0
144018,0
144019,0
144020,26
144021,0
144022,0
144023,0
144024,0
144025,0
144026,11
144027,0
144028,0
144029,0
144030,0
144031,0
144032,0
144033,20
144034,0
144035,0
144036,0
144037,0
144038,20
144039,0
144040,0
144041,0
144042,16
144043,0
144044,25
144045,0
144046,0
144047,0
144048,0
144049,0
144050,0
144051,0
144052,16
144053,0
144054,12
144055,0
144056,0
144057,0
144058,0
144059,0
144060,0
144061,13
144062,0
144063,16
144064,16
144065,0
144066,18
144067,0
144068,0
144069,0
144070,0
144071,0
144072,0
144073,25
144074,0
144075,0
144076,20
144077,0
144078,0
144079,0
144080,0
144081,0
144082,0
144083,0
144084,0
144085,0
144086,0
144087,0
144088,7
144089,0
144090,0
144091,0
144092,0
144093,29
144094,40
144095,0
144096,0
144097,23
144098,23
144099,0
144100,0
144101,0
144102,0
144103,0
144104,34
144105,31
144106,24
144107,0
144108,0
144109,39
144110,0
144111,26
144112,0
144113,0
144114,0
144115,0
144116,0
144117,0
144118,0
144119,0
144120,0
144121,25
144122,0
144123,0
144124,33
144125,0
144126,0
144127,0
144128,25
144129,0
144130,0
144131,0
144132,0
144133,0
144134,0
144135,0
144136,21
144137,0
144138,34
144139,0
144140,0
144141,0
144142,0
144143,23
144144,29
144145,0
144146,0
144147,0
144148,35
144149,32
144150,0
144151,0
144152,0
144153,29
144154,0
144155,0
144156,0
144157,0
144158,0
144159,0
144160,0
144161,31
144162,0
144163,0
144164,0
144165,0
144166,0
144167,41
144168,13
144169,23
144170,0
144171,0
144172,0
144173,30
144174,30
144175,0
144176,0
144177,30
144178,0
144179,0
144180,33
144181,0
144182,0
144183,39
144184,24
144185,0
144186,0
144187,0
144188,0
144189,0
144190,0
144191,35
144192,0
144193,0
144194,36
144195,0
144196,36
144197,0
144198,36
144199,0
144200,22
144201,32
144202,0
144203,0
144204,25
144205,0
144206,0
144207,0
144208,0
144209,0
144210,25
144211,47
144212,0
144213,25
144214,26
144215,0
144216,0
144217,0
144218,0
144219,23
144220,0
144221,0
144222,24
144223,0
144224,24
144225,0
144226,0
144227,0
144228,17
144229,30
144230,0
144231,37
144232,0
144233,26
144234,0
144235,39
144236,32
144237,0
144238,0
144239,34
144240,0
144241,0
144242,0
144243,0
144244,0
144245,0
144246,0
144247,0
144248,0
144249,0
144250,0
144251,21
144252,0
144253,26
144254,0
144255,0
144256,25
144257,31
144258,22
144259,0
144260,21
144261,0
144262,0
144263,0
144264,0
144265,0
144266,0
144267,0
144268,0
144269,0
144270,0
144271,24
144272,0
144273,0
144274,0
144275,0
144276,0
144277,0
144278,32
144279,0
144280,0
144281,0
144282,0
144283,0
144284,29
144285,0
144286,0
144287,0
144288,0
144289,0
144290,0
144291,0
144292,0
144293,0
144294,0
144295,0
144296,0
144297,0
144298,0
144299,28
144300,0
144301,0
144302,0
144303,0
144304,0
144305,0
144306,0
144307,0
144308,0
144309,0
144310,43
144311,0
144312,0
144313,0
144314,0
144315,0
144316,0
144317,0
144318,0
144319,19
144320,0
144321,0
144322,0
144323,0
144324,0
144325,0
144326,32
144327,17
144328,21
144329,0
144330,0
144331,22
144332,0
144333,0
144334,0
144335,40
144336,34
144337,0
144338,0
144339,0
144340,0
144341,0
144342,0
144343,0
144344,37
144345,0
144346,0
144347,33
144348,0
144349,44
144350,0
144351,0
144352,0
144353,26
144354,0
144355,0
144356,0
144357,0
144358,26
144359,0
144360,39
144361,22
144362,0
144363,0
144364,36
144365,0
144366,0
144367,0
144368,35
144369,0
144370,0
144371,0
144372,0
144373,0
144374,0
144375,0
144376,0
144377,0
144378,0
144379,0
144380,0
144381,42
144382,0
144383,0
144384,0
144385,0
144386,0
144387,0
144388,0
144389,0
144390,0
144391,0
144392,0
144393,0
144394,0
144395,0
144396,0
144397,0
144398,0
144399,8
144400,0
144401,0
144402,0
144403,8
144404,4
144405,0
144406,0
144407,4
144408,0
144409,0
144410,0
144411,0
144412,0
144413,2
144414,0
144415,0
144416,0
144417,5
144418,0
144419,0
144420,0
144421,0
144422,0
144423,4
144424,0
144425,0
144426,0
144427,0
144428,8
144429,3
144430,2
144431,0
144432,7
144433,0
144434,9
144435,0
144436,0
144437,0
144438,0
144439,0
144440,2
144441,12
144442,0
144443,0
144444,5
144445,0
144446,0
144447,0
144448,0
144449,6
144450,0
144451,0
144452,0
144453,0
144454,0
144455,0
144456,6
144457,8
144458,0
144459,0
144460,0
144461,7
144462,0
144463,0
144464,0
144465,0
144466,0
144467,0
144468,5
144469,0
144470,2
144471,0
144472,6
144473,0
144474,0
144475,0
144476,12
144477,0
144478,0
144479,0
144480,0
144481,10
144482,0
144483,0
144484,0
144485,6
144486,0
144487,0
144488,0
144489,0
144490,6
144491,8
144492,0
144493,2
144494,0
144495,0
144496,0
144497,0
144498,0
144499,0
144500,3
144501,0
144502,0
144503,7
144504,6
144505,0
144506,0
144507,5
144508,0
144509,0
144510,0
144511,0
144512,0
144513,0
144514,0
144515,8
144516,5
144517,0
144518,0
144519,0
144520,0
144521,8
144522,0
144523,0
144524,0
144525,0
144526,0
144527,0
144528,8
144529,0
144530,0
144531,4
144532,5
144533,0
144534,0
144535,7
144536,0
144537,6
144538,7
144539,0
144540,0
144541,0
144542,0
144543,0
144544,7
144545,0
144546,0
144547,0
144548,4
144549,16
144550,0
144551,0
144552,0
144553,0
144554,13
144555,5
144556,0
144557,7
144558,0
144559,0
144560,0
144561,0
144562,0
144563,7
144564,0
144565,0
144566,5
144567,0
144568,0
144569,8
144570,0
144571,0
144572,0
144573,0
144574,0
144575,8
144576,11
144577,19
144578,0
144579,7
144580,8
144581,0
144582,0
144583,5
144584,0
144585,0
144586,0
144587,3
144588,0
144589,0
144590,8
144591,0
144592,4
144593,0
144594,2
144595,0
144596,4
144597,6
144598,0
144599,9
144600,0
144601,0
144602,6
144603,0
144604,3
144605,10
144606,0
144607,0
144608,4
144609,0
144610,0
144611,0
144612,12
144613,0
144614,7
144615,3
144616,0
144617,0
144618,0
144619,0
144620,0
144621,0
144622,0
144623,4
144624,0
144625,0
144626,0
144627,0
144628,0
144629,7
144630,7
144631,0
144632,0
144633,0
144634,7
144635,0
144636,0
144637,0
144638,11
144639,0
144640,0
144641,0
144642,0
144643,0
144644,0
144645,0
144646,0
144647,9
144648,0
144649,7
144650,6
144651,0
144652,0
144653,0
144654,0
144655,9
144656,0
144657,0
144658,0
144659,0
144660,0
144661,5
144662,9
144663,0
144664,8
144665,0
144666,0
144667,0
144668,0
144669,0
144670,0
144671,0
144672,0
144673,0
144674,0
144675,0
144676,0
144677,0
144678,0
144679,4
144680,0
144681,6
144682,0
144683,9
144684,0
144685,0
144686,9
144687,0
144688,0
144689,9
144690,0
144691,8
144692,0
144693,0
144694,0
144695,8
144696,0
144697,9
144698,0
144699,0
144700,0
144701,0
144702,7
144703,0
144704,0
144705,0
144706,0
144707,1
144708,12
144709,6
144710,0
144711,5
144712,3
144713,0
144714,0
144715,0
144716,0
144717,0
144718,0
144719,0
144720,0
144721,8
144722,5
144723,0
144724,0
144725,0
144726,0
144727,0
144728,0
144729,0
144730,0
144731,0
144732,0
144733,0
144734,0
144735,0
144736,0
144737,0
144738,0
144739,0
144740,0
144741,11
144742,4
144743,0
144744,0
144745,0
144746,0
144747,0
144748,0
144749,0
144750,0
144751,0
144752,7
144753,0
144754,8
144755,5
144756,4
144757,0
144758,7
144759,9
144760,5
144761,0
144762,2
144763,6
144764,0
144765,0
144766,4
144767,0
144768,0
144769,0
144770,0
144771,0
144772,0
144773,0
144774,0
144775,0
144776,0
144777,6
144778,0
144779,0
144780,0
144781,0
144782,3
144783,0
144784,0
144785,0
144786,0
144787,0
144788,0
144789,0
144790,0
144791,0
144792,0
144793,0
144794,9
144795,0
144796,0
144797,8
144798,0
144799,0
144800,6
144801,0
144802,0
144803,0
144804,5
144805,0
144806,0
144807,0
144808,0
144809,0
144810,11
144811,0
144812,0
144813,0
144814,1
144815,0
144816,0
144817,0
144818,7
144819,0
144820,0
144821,0
144822,4
144823,0
144824,5
144825,6
144826,6
144827,0
144828,9
144829,0
144830,0
144831,0
144832,0
144833,0
144834,5
144835,0
144836,1
144837,0
144838,7
144839,0
144840,0
144841,0
144842,0
144843,8
144844,0
144845,0
144846,0
144847,5
144848,0
144849,0
144850,0
144851,0
144852,0
144853,0
144854,0
144855,0
144856,0
144857,0
144858,0
144859,6
144860,0
144861,0
144862,0
144863,0
144864,3
144865,6
144866,7
144867,0
144868,24
144869,0
144870,0
144871,35
144872,34
144873,0
144874,0
144875,0
144876,0
144877,0
144878,0
144879,32
144880,0
144881,0
144882,0
144883,0
144884,0
144885,0
144886,0
144887,31
144888,0
144889,0
144890,0
144891,37
144892,0
144893,0
144894,0
144895,0
144896,0
144897,0
144898,0
144899,0
144900,0
144901,0
144902,0
144903,0
144904,0
144905,0
144906,35
144907,31
144908,0
144909,0
144910,0
144911,27
144912,46
144913,0
144914,31
144915,0
144916,0
144917,33
144918,17
144919,0
144920,0
144921,0
144922,0
144923,0
144924,0
144925,0
144926,0
144927,0
144928,0
144929,0
144930,0
144931,0
144932,0
144933,0
144934,0
144935,32
144936,0
144937,34
144938,0
144939,0
144940,0
144941,0
144942,42
144943,0
144944,41
144945,0
144946,0
144947,0
144948,39
144949,0
144950,0
144951,23
144952,0
144953,0
144954,0
144955,0
144956,31
144957,0
144958,21
144959,26
144960,0
144961,31
144962,0
144963,0
144964,32
144965,0
144966,0
144967,34
144968,0
144969,39
144970,23
144971,0
144972,0
144973,0
144974,0
144975,0
144976,0
144977,0
144978,0
144979,0
144980,0
144981,25
144982,0
144983,0
144984,38
144985,30
144986,0
144987,0
144988,0
144989,0
144990,0
144991,33
144992,26
144993,0
144994,0
144995,0
144996,27
144997,0
144998,33
144999,0
145000,30
145001,0
145002,0
145003,0
145004,0
145005,0
145006,0
145007,25
145008,0
145009,0
145010,0
145011,0
145012,0
145013,0
145014,0
145015,0
145016,0
145017,0
145018,0
145019,0
145020,0
145021,0
145022,0
145023,0
145024,0
145025,44
145026,39
145027,0
145028,25
145029,0
145030,0
145031,28
145032,0
145033,26
145034,27
145035,0
145036,27
145037,0
145038,0
145039,0
145040,39
145041,0
145042,34
145043,37
145044,0
145045,0
145046,0
145047,40
145048,0
145049,48
145050,0
145051,0
145052,0
145053,0
145054,0
145055,0
145056,0
145057,24
145058,0
145059,0
145060,0
145061,0
145062,0
145063,0
145064,0
145065,0
145066,0
145067,0
145068,0
145069,24
145070,40
145071,29
145072,0
145073,0
145074,0
145075,34
145076,36
145077,0
145078,26
145079,0
145080,0
145081,25
145082,0
145083,28
145084,0
145085,0
145086,0
145087,0
145088,0
145089,0
145090,0
145091,0
145092,0
145093,0
145094,0
145095,0
145096,0
145097,0
145098,0
145099,0
145100,0
145101,0
145102,29
145103,0
145104,0
145105,0
145106,0
145107,0
145108,36
145109,0
145110,0
145111,0
145112,0
145113,26
145114,0
145115,0
145116,0
145117,29
145118,0
145119,0
145120,0
145121,0
145122,32
145123,0
145124,0
145125,0
145126,0
145127,0
145128,33
145129,0
145130,0
145131,0
145132,32
145133,26
145134,29
145135,0
145136,0
145137,30
145138,0
145139,0
145140,0
145141,0
145142,0
145143,0
145144,35
145145,0
145146,44
145147,0
145148,35
145149,0
145150,0
145151,0
145152,0
145153,0
145154,0
145155,30
145156,0
145157,0
145158,0
145159,0
145160,0
145161,0
145162,0
145163,0
145164,0
145165,35
145166,0
145167,34
145168,0
145169,0
145170,0
145171,24
145172,0
145173,0
145174,0
145175,29
145176,0
145177,0
145178,33
145179,45
145180,32
145181,35
145182,0
145183,0
145184,0
145185,25
145186,35
145187,0
145188,0
145189,0
145190,0
145191,0
145192,0
145193,0
145194,26
145195,0
145196,0
145197,23
145198,0
145199,0
145200,0
145201,40
145202,0
145203,0
145204,24
145205,0
145206,0
145207,0
145208,0
145209,0
145210,15
145211,0
145212,0
145213,0
145214,0
145215,0
145216,0
145217,0
145218,31
145219,29
145220,0
145221,27
145222,0
145223,0
145224,0
145225,0
145226,0
145227,20
145228,0
145229,0
145230,0
145231,0
145232,0
145233,0
145234,0
145235,26
145236,18
145237,31
145238,0
145239,0
145240,0
145241,0
145242,0
145243,0
145244,22
145245,0
145246,0
145247,0
145248,0
145249,22
145250,0
145251,30
145252,23
145253,0
145254,0
145255,0
145256,0
145257,26
145258,0
145259,23
145260,0
145261,0
145262,0
145263,0
145264,0
145265,0
145266,0
145267,0
145268,0
145269,0
145270,43
145271,25
145272,0
145273,0
145274,0
145275,0
145276,0
145277,0
145278,0
145279,35
145280,0
145281,0
145282,33
145283,26
145284,0
145285,0
145286,31
145287,31
145288,0
145289,0
145290,0
145291,0
145292,0
145293,31
145294,0
145295,42
145296,0
145297,24
145298,0
145299,0
145300,0
145301,0
145302,0
145303,0
145304,0
145305,34
145306,0
145307,0
145308,0
145309,43
145310,0
145311,0
145312,0
145313,41
145314,0
145315,0
145316,0
145317,22
145318,0
145319,0
145320,0
145321,0
145322,0
145323,0
145324,34
145325,0
145326,0
145327,0
145328,26
145329,0
145330,0
145331,0
145332,0
145333,0
145334,0
145335,38
145336,0
145337,0
145338,0
145339,0
145340,30
145341,0
145342,28
145343,0
145344,0
145345,0
145346,0
145347,0
145348,23
145349,18
145350,0
145351,0
145352,32
145353,0
145354,0
145355,28
145356,30
145357,0
145358,20
145359,0
145360,0
145361,0
145362,0
145363,27
145364,0
145365,31
145366,30
145367,0
145368,0
145369,0
145370,28
145371,0
145372,0
145373,31
145374,0
145375,30
145376,22
145377,0
145378,0
145379,0
145380,0
145381,28
145382,0
145383,0
145384,0
145385,0
145386,0
145387,31
145388,0
145389,0
145390,0
145391,0
145392,0
145393,36
145394,0
145395,0
145396,0
145397,0
145398,0
145399,0
145400,34
145401,0
145402,17
145403,30
145404,0
145405,0
145406,0
145407,23
145408,0
145409,0
145410,0
145411,0
145412,0
145413,0
145414,0
145415,0
145416,0
145417,0
145418,0
145419,39
145420,36
145421,0
145422,0
145423,24
145424,0
145425,40
145426,0
145427,24
145428,24
145429,0
145430,0
145431,26
145432,38
145433,0
145434,0
145435,40
145436,35
145437,36
145438,20
145439,0
145440,0
145441,50
145442,0
145443,27
145444,0
145445,0
145446,26
145447,0
145448,0
145449,0
145450,0
145451,28
145452,0
145453,0
145454,0
145455,0
145456,27
145457,0
145458,28
145459,0
145460,0
145461,30
145462,0
145463,33
145464,25
145465,0
145466,30
145467,0
145468,0
145469,0
145470,33
145471,0
145472,31
145473,36
145474,29
145475,0
145476,0
145477,0
145478,23
145479,28
145480,0
145481,0
145482,0
145483,0
145484,0
145485,0
145486,0
145487,0
145488,0
145489,0
145490,0
145491,0
145492,0
145493,39
145494,0
145495,0
145496,0
145497,34
145498,26
145499,0
145500,0
145501,0
145502,0
145503,0
145504,0
145505,32
145506,0
145507,0
145508,0
145509,0
145510,0
145511,0
145512,0
145513,22
145514,0
145515,0
145516,0
145517,0
145518,0
145519,0
145520,0
145521,0
145522,0
145523,0
145524,0
145525,0
145526,0
145527,31
145528,0
145529,0
145530,0
145531,0
145532,0
145533,0
145534,30
145535,37
145536,0
145537,25
145538,0
145539,0
145540,0
145541,28
145542,0
145543,0
145544,0
145545,35
145546,0
145547,0
145548,0
145549,0
145550,31
145551,0
145552,0
145553,0
145554,0
145555,0
145556,31
145557,0
145558,0
145559,36
145560,0
145561,0
145562,0
145563,0
145564,0
145565,0
145566,33
145567,0
145568,34
145569,0
145570,0
145571,0
145572,0
145573,34
145574,41
145575,0
145576,39
145577,31
145578,0
145579,0
145580,0
145581,41
145582,0
145583,0
145584,0
145585,26
145586,0
145587,0
145588,0
145589,0
145590,23
145591,0
145592,28
145593,0
145594,31
145595,32
145596,32
145597,0
145598,26
145599,0
145600,0
145601,0
145602,0
145603,0
145604,0
145605,0
145606,0
145607,0
145608,0
145609,0
145610,22
145611,0
145612,0
145613,40
145614,0
145615,0
145616,0
145617,24
145618,33
145619,44
145620,27
145621,33
145622,0
145623,0
145624,0
145625,0
145626,34
145627,0
145628,0
145629,0
145630,0
145631,0
145632,36
145633,37
145634,0
145635,0
145636,0
145637,24
145638,0
145639,0
145640,0
145641,0
145642,0
145643,0
145644,34
145645,0
145646,0
145647,0
145648,0
145649,0
145650,0
145651,0
145652,0
145653,0
145654,0
145655,0
145656,33
145657,32
145658,0
145659,0
145660,0
145661,0
145662,0
145663,0
145664,0
145665,37
145666,0
145667,0
145668,0
145669,16
145670,0
145671,45
145672,0
145673,30
145674,30
145675,28
145676,0
145677,0
145678,0
145679,0
145680,0
145681,0
145682,0
145683,0
145684,0
145685,0
145686,0
145687,0
145688,0
145689,28
145690,0
145691,26
145692,27
145693,0
145694,38
145695,19
145696,0
145697,38
145698,26
145699,27
145700,0
145701,39
145702,0
145703,0
145704,41
145705,0
145706,29
145707,33
145708,0
145709,0
145710,30
145711,28
145712,0
145713,0
145714,0
145715,33
145716,45
145717,0
145718,25
145719,0
145720,0
145721,0
145722,0
145723,35
145724,0
145725,47
145726,0
145727,0
145728,0
145729,0
145730,0
145731,0
145732,0
145733,0
145734,0
145735,0
145736,27
145737,0
145738,19
145739,0
145740,0
145741,0
145742,0
145743,22
145744,0
145745,28
145746,0
145747,0
145748,0
145749,0
145750,0
145751,0
145752,22
145753,15
145754,0
145755,29
145756,0
145757,0
145758,0
145759,0
145760,0
145761,0
145762,0
145763,0
145764,0
145765,0
145766,16
145767,0
145768,0
145769,0
145770,0
145771,0
145772,0
145773,16
145774,0
145775,24
145776,26
145777,0
145778,0
145779,0
145780,25
145781,13
145782,0
145783,20
145784,0
145785,0
145786,0
145787,25
145788,23
145789,0
145790,0
145791,0
145792,0
145793,0
145794,12
145795,0
145796,0
145797,0
145798,0
145799,0
145800,0
145801,0
145802,0
145803,0
145804,21
145805,0
145806,28
145807,16
145808,0
145809,19
145810,0
145811,0
145812,28
145813,0
145814,22
145815,0
145816,20
145817,0
145818,0
145819,0
145820,23
145821,0
145822,0
145823,0
145824,0
145825,17
145826,0
145827,0
145828,26
145829,0
145830,21
145831,0
145832,0
145833,0
145834,29
145835,39
145836,20
145837,0
145838,0
145839,18
145840,0
145841,0
145842,0
145843,0
145844,0
145845,0
145846,23
145847,0
145848,18
145849,0
145850,0
145851,0
145852,0
145853,0
145854,0
145855,0
145856,0
145857,25
145858,0
145859,0
145860,0
145861,0
145862,28
145863,0
145864,0
145865,0
145866,27
145867,0
145868,0
145869,0
145870,0
145871,0
145872,23
145873,31
145874,0
145875,0
145876,0
145877,0
145878,16
145879,0
145880,0
145881,0
145882,0
145883,0
145884,0
145885,0
145886,0
145887,0
145888,0
145889,0
145890,0
145891,0
145892,0
145893,0
145894,0
145895,0
145896,0
145897,19
145898,0
145899,0
145900,0
145901,0
145902,0
145903,0
145904,13
145905,12
145906,0
145907,0
145908,0
145909,0
145910,18
145911,0
145912,12
145913,0
145914,0
145915,0
145916,13
145917,0
145918,20
145919,0
145920,0
145921,0
145922,0
145923,0
145924,0
145925,0
145926,0
145927,0
145928,21
145929,20
145930,0
145931,23
145932,0
145933,0
145934,0
145935,0
145936,0
145937,0
145938,0
145939,0
145940,0
145941,0
145942,28
145943,0
145944,0
145945,15
145946,0
145947,16
145948,13
145949,0
145950,0
145951,0
145952,0
145953,0
145954,0
145955,0
145956,0
145957,0
145958,0
145959,0
145960,14
145961,0
145962,0
145963,0
145964,0
145965,0
145966,23
145967,19
145968,0
145969,0
145970,0
145971,0
145972,0
145973,0
145974,0
145975,0
145976,16
145977,28
145978,0
145979,0
145980,0
145981,0
145982,0
145983,0
145984,0
145985,0
145986,27
145987,0
145988,0
145989,0
145990,0
145991,0
145992,0
145993,25
145994,20
145995,0
145996,0
145997,0
145998,0
145999,0
146000,0
146001,0
146002,16
146003,0
146004,24
146005,0
146006,0
146007,0
146008,21
146009,0
146010,0
146011,0
146012,0
146013,0
146014,0
146015,0
146016,16
146017,0
146018,0
146019,0
146020,18
146021,0
146022,22
146023,0
146024,18
146025,0
146026,0
146027,0
146028,0
146029,0
146030,0
146031,27
146032,0
146033,0
146034,0
146035,0
146036,0
146037,0
146038,0
146039,0
146040,0
146041,0
146042,0
146043,0
146044,18
146045,0
146046,0
146047,0
146048,21
146049,20
146050,0
146051,0
146052,0
146053,0
146054,0
146055,0
146056,0
146057,23
146058,0
146059,0
146060,0
146061,0
146062,0
146063,0
146064,0
146065,0
146066,0
146067,0
146068,0
146069,0
146070,0
146071,0
146072,23
146073,23
146074,24
146075,0
146076,0
146077,0
146078,0
146079,0
146080,0
146081,0
146082,0
146083,0
146084,0
146085,0
146086,0
146087,0
146088,16
146089,0
146090,0
146091,0
146092,0
146093,0
146094,0
146095,0
146096,0
146097,0
146098,0
146099,0
146100,0
146101,0
146102,0
146103,0
146104,0
146105,0
146106,0
146107,0
146108,0
146109,0
146110,0
146111,0
146112,0
146113,0
146114,0
146115,0
146116,0
146117,0
146118,0
146119,31
146120,0
146121,0
146122,0
146123,0
146124,0
146125,0
146126,0
146127,0
146128,0
146129,0
146130,0
146131,0
146132,9
146133,20
146134,0
146135,0
146136,0
146137,0
146138,0
146139,0
146140,0
146141,0
146142,0
146143,0
146144,0
146145,0
146146,23
146147,0
146148,0
146149,25
146150,16
146151,0
146152,0
146153,0
146154,0
146155,24
146156,28
146157,0
146158,0
146159,16
146160,0
146161,0
146162,0
146163,0
146164,0
146165,0
146166,0
146167,0
146168,0
146169,0
146170,0
146171,0
146172,0
146173,0
146174,17
146175,0
146176,0
146177,0
146178,0
146179,0
146180,0
146181,0
146182,16
146183,0
146184,0
146185,0
146186,0
146187,0
146188,0
146189,0
146190,0
146191,26
146192,16
146193,25
146194,0
146195,0
146196,0
146197,0
146198,0
146199,0
146200,0
146201,0
146202,0
146203,0
146204,28
146205,0
146206,16
146207,0
146208,15
146209,14
146210,0
146211,19
146212,0
146213,19
146214,0
146215,0
146216,0
146217,0
146218,0
146219,15
146220,0
146221,0
146222,0
146223,0
146224,0
146225,0
146226,0
146227,0
146228,0
146229,9
146230,0
146231,0
146232,0
146233,0
146234,0
146235,0
146236,0
146237,0
146238,0
146239,0
146240,0
146241,0
146242,18
146243,0
146244,0
146245,0
146246,0
146247,0
146248,0
146249,20
146250,0
146251,0
146252,23
146253,0
146254,0
146255,0
146256,0
146257,12
146258,0
146259,14
146260,0
146261,0
146262,0
146263,0
146264,0
146265,14
146266,0
146267,23
146268,0
146269,0
146270,0
146271,24
146272,0
146273,0
146274,13
146275,0
146276,0
146277,0
146278,0
146279,0
146280,0
146281,0
146282,0
146283,0
146284,0
146285,0
146286,0
146287,0
146288,0
146289,0
146290,0
146291,18
146292,0
146293,0
146294,0
146295,0
146296,0
146297,0
146298,0
146299,14
146300,0
146301,19
146302,0
146303,30
146304,0
146305,0
146306,0
146307,0
146308,24
146309,0
146310,0
146311,0
146312,0
146313,0
146314,0
146315,0
146316,0
146317,14
146318,0
146319,24
146320,37
146321,0
146322,15
146323,0
146324,0
146325,13
146326,0
146327,0
146328,22
146329,0
146330,17
146331,25
146332,0
146333,0
146334,18
146335,0
146336,0
146337,23
146338,0
146339,0
146340,0
146341,0
146342,29
146343,23
146344,0
146345,0
146346,13
146347,0
146348,0
146349,29
146350,27
146351,24
146352,0
146353,26
146354,0
146355,11
146356,0
146357,0
146358,0
146359,0
146360,0
146361,0
146362,0
146363,0
146364,0
146365,0
146366,32
146367,0
146368,0
146369,28
146370,0
146371,0
146372,0
146373,0
146374,0
146375,0
146376,0
146377,0
146378,0
146379,0
146380,0
146381,0
146382,23
146383,0
146384,0
146385,27
146386,0
146387,0
146388,0
146389,0
146390,0
146391,0
146392,39
146393,0
146394,0
146395,0
146396,0
146397,39
146398,0
146399,0
146400,0
146401,0
146402,18
146403,0
146404,0
146405,0
146406,0
146407,0
146408,0
146409,0
146410,43
146411,0
146412,0
146413,0
146414,0
146415,0
146416,45
146417,0
146418,0
146419,0
146420,0
146421,0
146422,40
146423,0
146424,0
146425,0
146426,0
146427,0
146428,40
146429,0
146430,0
146431,0
146432,0
146433,0
146434,0
146435,0
146436,0
146437,0
146438,0
146439,0
146440,0
146441,0
146442,0
146443,0
146444,0
146445,0
146446,0
146447,39
146448,0
146449,0
146450,0
146451,0
146452,0
146453,0
146454,0
146455,41
146456,0
146457,0
146458,0
146459,0
146460,0
146461,0
146462,0
146463,0
146464,0
146465,0
146466,0
146467,0
146468,0
146469,0
146470,0
146471,0
146472,0
146473,12
146474,0
146475,0
146476,8
146477,0
146478,0
146479,0
146480,0
146481,0
146482,0
146483,0
146484,0
146485,0
146486,0
146487,0
146488,0
146489,14
146490,0
146491,12
146492,0
146493,0
146494,0
146495,7
146496,0
146497,0
146498,10
146499,0
146500,0
146501,0
146502,0
146503,0
146504,0
146505,0
146506,0
146507,0
146508,7
146509,0
146510,15
146511,0
146512,0
146513,0
146514,0
146515,0
146516,0
146517,0
146518,0
146519,0
146520,0
146521,0
146522,0
146523,0
146524,0
146525,0
146526,0
146527,0
146528,0
146529,0
146530,0
146531,0
146532,0
146533,0
146534,0
146535,0
146536,27
146537,0
146538,0
146539,0
146540,0
146541,0
146542,0
146543,0
146544,6
146545,0
146546,0
146547,0
146548,0
146549,0
146550,0
146551,0
146552,0
146553,0
146554,0
146555,0
146556,0
146557,0
146558,0
146559,0
146560,0
146561,0
146562,13
146563,9
146564,0
146565,0
146566,0
146567,0
146568,0
146569,0
146570,0
146571,0
146572,0
146573,0
146574,17
146575,18
146576,0
146577,0
146578,16
146579,0
146580,0
146581,0
146582,0
146583,0
146584,0
146585,0
146586,0
146587,0
146588,0
146589,0
146590,0
146591,0
146592,0
146593,0
146594,0
146595,0
146596,16
146597,0
146598,0
146599,0
146600,0
146601,0
146602,0
146603,0
146604,0
146605,0
146606,0
146607,7
146608,0
146609,0
146610,0
146611,0
146612,0
146613,0
146614,0
146615,0
146616,0
146617,0
146618,0
146619,0
146620,0
146621,0
146622,0
146623,0
146624,0
146625,0
146626,0
146627,0
146628,0
146629,0
146630,0
146631,0
146632,0
146633,12
146634,0
146635,0
146636,0
146637,16
146638,12
146639,0
146640,18
146641,14
146642,0
146643,0
146644,0
146645,9
146646,0
146647,0
146648,0
146649,0
146650,0
146651,0
146652,0
146653,15
146654,0
146655,0
146656,0
146657,0
146658,0
146659,0
146660,0
146661,0
146662,0
146663,0
146664,0
146665,0
146666,0
146667,0
146668,0
146669,0
146670,0
146671,0
146672,0
146673,0
146674,0
146675,0
146676,0
146677,0
146678,0
146679,0
146680,0
146681,20
146682,0
146683,15
146684,0
146685,0
146686,0
146687,0
146688,0
146689,0
146690,0
146691,0
146692,0
146693,0
146694,0
146695,9
146696,0
146697,0
146698,0
146699,0
146700,0
146701,0
146702,0
146703,0
146704,0
146705,0
146706,0
146707,0
146708,0
146709,0
146710,0
146711,14
146712,0
146713,0
146714,22
146715,0
146716,0
146717,20
146718,0
146719,0
146720,0
146721,0
146722,0
146723,0
146724,0
146725,0
146726,18
146727,0
146728,0
146729,0
146730,0
146731,0
146732,0
146733,0
146734,0
146735,0
146736,0
146737,0
146738,0
146739,9
146740,0
146741,0
146742,0
146743,0
146744,0
146745,0
146746,0
146747,0
146748,0
146749,0
146750,12
146751,0
146752,0
146753,0
146754,0
146755,0
146756,0
146757,0
146758,16
146759,0
146760,12
146761,0
146762,0
146763,0
146764,0
146765,0
146766,0
146767,0
146768,0
146769,0
146770,0
146771,0
146772,0
146773,14
146774,0
146775,0
146776,0
146777,15
146778,0
146779,0
146780,0
146781,0
146782,0
146783,16
146784,0
146785,0
146786,0
146787,0
146788,0
146789,13
146790,17
146791,0
146792,0
146793,0
146794,0
146795,0
146796,7
146797,12
146798,0
146799,0
146800,5
146801,0
146802,0
146803,0
146804,0
146805,0
146806,26
146807,0
146808,0
146809,0
146810,0
146811,0
146812,0
146813,0
146814,0
146815,0
146816,0
146817,0
146818,0
146819,0
146820,14
146821,0
146822,0
146823,0
146824,0
146825,0
146826,0
146827,0
146828,0
146829,0
146830,0
146831,0
146832,0
146833,0
146834,0
146835,0
146836,0
146837,0
146838,0
146839,0
146840,12
146841,0
146842,0
146843,0
146844,0
146845,0
146846,0
146847,0
146848,0
146849,0
146850,0
146851,0
146852,0
146853,0
146854,0
146855,0
146856,0
146857,0
146858,0
146859,0
146860,0
146861,0
146862,12
146863,0
146864,0
146865,0
146866,0
146867,10
146868,0
146869,0
146870,0
146871,0
146872,0
146873,0
146874,10
146875,0
146876,0
146877,0
146878,0
146879,0
146880,0
146881,0
146882,0
146883,0
146884,0
146885,0
146886,0
146887,0
146888,0
146889,0
146890,0
146891,0
146892,0
146893,0
146894,0
146895,0
146896,0
146897,0
146898,0
146899,0
146900,0
146901,0
146902,0
146903,0
146904,0
146905,0
146906,0
146907,0
146908,0
146909,0
146910,0
146911,0
146912,0
146913,0
146914,0
146915,0
146916,0
146917,0
146918,22
146919,0
146920,0
146921,0
146922,0
146923,0
146924,19
146925,0
146926,0
146927,0
146928,0
146929,0
146930,0
146931,0
146932,0
146933,0
146934,0
146935,0
146936,0
146937,12
146938,12
146939,0
146940,0
146941,0
146942,0
146943,16
146944,0
146945,0
146946,0
146947,0
146948,0
146949,0
146950,0
146951,0
146952,0
146953,0
146954,0
146955,0
146956,0
146957,0
146958,0
146959,0
146960,0
146961,0
146962,0
146963,0
146964,20
146965,14
146966,0
146967,0
146968,0
146969,0
146970,0
146971,0
146972,0
146973,7
146974,0
146975,18
146976,0
146977,0
146978,0
146979,0
146980,0
146981,0
146982,9
146983,0
146984,0
146985,0
146986,6
146987,11
146988,0
146989,0
146990,0
146991,0
146992,0
146993,0
146994,0
146995,0
146996,0
146997,9
146998,0
146999,0
147000,0
147001,0
147002,0
147003,17
147004,26
147005,0
147006,0
147007,0
147008,0
147009,0
147010,0
147011,18
147012,0
147013,0
147014,0
147015,0
147016,0
147017,0
147018,0
147019,0
147020,0
147021,0
147022,0
147023,0
147024,0
147025,0
147026,0
147027,0
147028,10
147029,0
147030,0
147031,23
147032,0
147033,0
147034,0
147035,0
147036,0
147037,0
147038,0
147039,0
147040,0
147041,0
147042,11
147043,0
147044,0
147045,0
147046,16
147047,0
147048,18
147049,0
147050,0
147051,0
147052,0
147053,0
147054,0
147055,0
147056,0
147057,0
147058,14
147059,0
147060,0
147061,0
147062,0
147063,0
147064,0
147065,0
147066,0
147067,0
147068,0
147069,21
147070,60
147071,0
147072,30
147073,26
147074,0
147075,0
147076,35
147077,0
147078,0
147079,0
147080,0
147081,0
147082,30
147083,0
147084,0
147085,0
147086,0
147087,0
147088,0
147089,48
147090,0
147091,0
147092,0
147093,0
147094,0
147095,0
147096,27
147097,0
147098,0
147099,0
147100,0
147101,0
147102,0
147103,0
147104,0
147105,0
147106,0
147107,29
147108,0
147109,0
147110,0
147111,0
147112,0
147113,0
147114,0
147115,0
147116,0
147117,0
147118,0
147119,0
147120,0
147121,0
147122,0
147123,0
147124,0
147125,0
147126,49
147127,0
147128,26
147129,0
147130,0
147131,0
147132,0
147133,19
147134,0
147135,0
147136,0
147137,0
147138,0
147139,0
147140,0
147141,0
147142,0
147143,28
147144,0
147145,0
147146,28
147147,0
147148,0
147149,0
147150,0
147151,0
147152,0
147153,0
147154,0
147155,0
147156,0
147157,0
147158,0
147159,0
147160,0
147161,27
147162,0
147163,0
147164,0
147165,0
147166,40
147167,0
147168,0
147169,26
147170,0
147171,0
147172,0
147173,0
147174,25
147175,0
147176,0
147177,23
147178,58
147179,22
147180,0
147181,0
147182,0
147183,0
147184,37
147185,0
147186,46
147187,0
147188,0
147189,0
147190,0
147191,0
147192,0
147193,0
147194,28
147195,27
147196,36
147197,0
147198,0
147199,0
147200,0
147201,0
147202,0
147203,0
147204,0
147205,0
147206,0
147207,0
147208,28
147209,0
147210,0
147211,0
147212,0
147213,31
147214,0
147215,0
147216,33
147217,53
147218,0
147219,0
147220,0
147221,0
147222,0
147223,0
147224,0
147225,34
147226,0
147227,29
147228,0
147229,0
147230,0
147231,0
147232,24
147233,0
147234,40
147235,0
147236,0
147237,0
147238,0
147239,0
147240,0
147241,45
147242,0
147243,36
147244,24
147245,0
147246,0
147247,0
147248,0
147249,0
147250,0
147251,0
147252,0
147253,0
147254,24
147255,0
147256,0
147257,0
147258,0
147259,0
147260,0
147261,0
147262,0
147263,39
147264,39
147265,0
147266,0
147267,0
147268,0
147269,0
147270,34
147271,27
147272,0
147273,0
147274,0
147275,0
147276,38
147277,0
147278,0
147279,0
147280,0
147281,0
147282,0
147283,0
147284,0
147285,0
147286,0
147287,47
147288,0
147289,33
147290,43
147291,63
147292,0
147293,0
147294,34
147295,25
147296,0
147297,0
147298,0
147299,0
147300,0
147301,49
147302,0
147303,0
147304,59
147305,42
147306,0
147307,0
147308,0
147309,0
147310,0
147311,38
147312,0
147313,36
147314,0
147315,31
147316,42
147317,0
147318,31
147319,0
147320,0
147321,24
147322,0
147323,0
147324,0
147325,0
147326,0
147327,45
147328,38
147329,31
147330,0
147331,0
147332,0
147333,0
147334,0
147335,0
147336,0
147337,34
147338,0
147339,52
147340,33
147341,0
147342,48
147343,31
147344,0
147345,41
147346,0
147347,0
147348,36
147349,0
147350,0
147351,41
147352,33
147353,40
147354,18
147355,0
147356,0
147357,0
147358,0
147359,0
147360,0
147361,0
147362,51
147363,22
147364,0
147365,0
147366,0
147367,35
147368,38
147369,28
147370,0
147371,39
147372,50
147373,26
147374,0
147375,0
147376,0
147377,0
147378,34
147379,0
147380,35
147381,34
147382,27
147383,0
147384,36
147385,0
147386,37
147387,0
147388,24
147389,0
147390,34
147391,0
147392,0
147393,0
147394,0
147395,0
147396,36
147397,0
147398,0
147399,0
147400,0
147401,0
147402,0
147403,35
147404,0
147405,0
147406,0
147407,44
147408,0
147409,0
147410,0
147411,42
147412,32
147413,0
147414,0
147415,0
147416,36
147417,0
147418,0
147419,0
147420,0
147421,30
147422,0
147423,0
147424,0
147425,0
147426,0
147427,0
147428,0
147429,0
147430,40
147431,31
147432,0
147433,43
147434,0
147435,0
147436,0
147437,27
147438,23
147439,0
147440,0
147441,0
147442,0
147443,0
147444,28
147445,0
147446,0
147447,0
147448,0
147449,36
147450,0
147451,0
147452,39
147453,0
147454,0
147455,27
147456,0
147457,0
147458,0
147459,44
147460,0
147461,26
147462,0
147463,0
147464,0
147465,0
147466,0
147467,0
147468,0
147469,0
147470,0
147471,41
147472,0
147473,0
147474,0
147475,0
147476,0
147477,31
147478,0
147479,0
147480,0
147481,0
147482,0
147483,0
147484,0
147485,0
147486,35
147487,36
147488,0
147489,0
147490,0
147491,0
147492,0
147493,0
147494,0
147495,38
147496,0
147497,0
147498,0
147499,41
147500,0
147501,0
147502,0
147503,0
147504,0
147505,0
147506,0
147507,45
147508,0
147509,0
147510,0
147511,0
147512,41
147513,0
147514,35
147515,0
147516,0
147517,0
147518,38
147519,0
147520,0
147521,25
147522,0
147523,0
147524,0
147525,0
147526,31
147527,40
147528,0
147529,38
147530,0
147531,0
147532,38
147533,38
147534,32
147535,39
147536,0
147537,30
147538,0
147539,0
147540,34
147541,0
147542,39
147543,0
147544,0
147545,38
147546,42
147547,48
147548,0
147549,27
147550,0
147551,0
147552,0
147553,34
147554,0
147555,0
147556,0
147557,31
147558,0
147559,0
147560,0
147561,0
147562,0
147563,0
147564,0
147565,0
147566,0
147567,30
147568,48
147569,39
147570,42
147571,0
147572,0
147573,0
147574,0
147575,0
147576,0
147577,9
147578,0
147579,0
147580,0
147581,0
147582,0
147583,0
147584,0
147585,0
147586,7
147587,0
147588,13
147589,0
147590,0
147591,0
147592,0
147593,0
147594,0
147595,0
147596,13
147597,0
147598,0
147599,0
147600,12
147601,0
147602,0
147603,0
147604,0
147605,0
147606,0
147607,11
147608,5
147609,13
147610,0
147611,0
147612,9
147613,0
147614,0
147615,0
147616,0
147617,0
147618,0
147619,0
147620,0
147621,0
147622,0
147623,0
147624,0
147625,10
147626,0
147627,14
147628,0
147629,0
147630,0
147631,4
147632,0
147633,0
147634,0
147635,0
147636,0
147637,0
147638,0
147639,0
147640,20
147641,13
147642,0
147643,0
147644,0
147645,0
147646,0
147647,0
147648,0
147649,16
147650,0
147651,0
147652,0
147653,13
147654,11
147655,0
147656,7
147657,0
147658,0
147659,10
147660,0
147661,9
147662,12
147663,0
147664,11
147665,0
147666,0
147667,0
147668,15
147669,8
147670,0
147671,17
147672,13
147673,0
147674,5
147675,0
147676,0
147677,0
147678,0
147679,0
147680,0
147681,0
147682,0
147683,13
147684,0
147685,0
147686,0
147687,0
147688,0
147689,17
147690,7
147691,0
147692,0
147693,0
147694,0
147695,0
147696,8
147697,5
147698,0
147699,0
147700,0
147701,0
147702,0
147703,0
147704,0
147705,0
147706,7
147707,10
147708,0
147709,0
147710,0
147711,0
147712,8
147713,12
147714,0
147715,9
147716,0
147717,0
147718,0
147719,6
147720,9
147721,14
147722,8
147723,0
147724,0
147725,0
147726,0
147727,0
147728,0
147729,0
147730,0
147731,0
147732,13
147733,0
147734,0
147735,0
147736,0
147737,15
147738,0
147739,0
147740,0
147741,13
147742,0
147743,17
147744,0
147745,0
147746,0
147747,11
147748,6
147749,0
147750,0
147751,10
147752,0
147753,0
147754,0
147755,0
147756,12
147757,15
147758,0
147759,0
147760,0
147761,0
147762,10
147763,0
147764,0
147765,0
147766,0
147767,6
147768,6
147769,0
147770,0
147771,14
147772,0
147773,4
147774,11
147775,0
147776,0
147777,0
147778,0
147779,0
147780,0
147781,0
147782,16
147783,0
147784,14
147785,0
147786,6
147787,0
147788,0
147789,0
147790,0
147791,0
147792,0
147793,3
147794,0
147795,0
147796,0
147797,0
147798,0
147799,0
147800,0
147801,0
147802,0
147803,0
147804,0
147805,0
147806,0
147807,0
147808,0
147809,0
147810,0
147811,0
147812,4
147813,0
147814,0
147815,0
147816,3
147817,0
147818,0
147819,0
147820,0
147821,0
147822,0
147823,0
147824,0
147825,0
147826,0
147827,0
147828,0
147829,0
147830,0
147831,3
147832,2
147833,4
147834,3
147835,0
147836,0
147837,0
147838,0
147839,0
147840,0
147841,1
147842,0
147843,0
147844,0
147845,0
147846,0
147847,0
147848,0
147849,0
147850,5
147851,5
147852,0
147853,0
147854,0
147855,0
147856,0
147857,0
147858,0
147859,0
147860,0
147861,0
147862,4
147863,0
147864,0
147865,0
147866,0
147867,0
147868,0
147869,0
147870,0
147871,0
147872,0
147873,4
147874,5
147875,0
147876,5
147877,0
147878,0
147879,0
147880,0
147881,0
147882,0
147883,0
147884,3
147885,3
147886,0
147887,0
147888,0
147889,0
147890,0
147891,0
147892,0
147893,0
147894,0
147895,1
147896,0
147897,0
147898,0
147899,0
147900,3
147901,0
147902,0
147903,0
147904,0
147905,2
147906,8
147907,4
147908,0
147909,3
147910,0
147911,0
147912,0
147913,0
147914,0
147915,0
147916,0
147917,0
147918,0
147919,0
147920,0
147921,0
147922,0
147923,0
147924,0
147925,0
147926,0
147927,0
147928,0
147929,0
147930,0
147931,0
147932,0
147933,0
147934,0
147935,0
147936,0
147937,0
147938,0
147939,0
147940,0
147941,0
147942,0
147943,0
147944,0
147945,0
147946,0
147947,0
147948,0
147949,0
147950,0
147951,0
147952,0
147953,0
147954,0
147955,0
147956,0
147957,0
147958,0
147959,0
147960,0
147961,0
147962,0
147963,0
147964,0
147965,0
147966,18
147967,0
147968,0
147969,0
147970,0
147971,16
147972,0
147973,0
147974,0
147975,0
147976,0
147977,0
147978,0
147979,20
147980,0
147981,0
147982,0
147983,0
147984,0
147985,0
147986,0
147987,0
147988,0
147989,0
147990,0
147991,0
147992,0
147993,0
147994,0
147995,0
147996,0
147997,0
147998,0
147999,0
148000,0
148001,7
148002,0
148003,0
148004,0
148005,0
148006,0
148007,0
148008,0
148009,0
148010,0
148011,0
148012,0
148013,0
148014,0
148015,0
148016,0
148017,0
148018,0
148019,0
148020,0
148021,0
148022,0
148023,0
148024,0
148025,0
148026,0
148027,0
148028,0
148029,0
148030,16
148031,0
148032,0
148033,16
148034,0
148035,0
148036,0
148037,0
148038,0
148039,0
148040,0
148041,0
148042,0
148043,0
148044,0
148045,0
148046,0
148047,0
148048,0
148049,0
148050,0
148051,0
148052,0
148053,0
148054,0
148055,0
148056,0
148057,0
148058,0
148059,0
148060,0
148061,0
148062,0
148063,0
148064,0
148065,0
148066,0
148067,0
148068,0
148069,0
148070,0
148071,0
148072,22
148073,0
148074,0
148075,0
148076,0
148077,0
148078,0
148079,0
148080,0
148081,0
148082,0
148083,0
148084,0
148085,0
148086,0
148087,0
148088,0
148089,0
148090,0
148091,0
148092,0
148093,0
148094,0
148095,0
148096,0
148097,0
148098,0
148099,0
148100,16
148101,0
148102,0
148103,0
148104,0
148105,0
148106,0
148107,0
148108,0
148109,0
148110,0
148111,7
148112,0
148113,0
148114,0
148115,0
148116,0
148117,0
148118,0
148119,0
148120,0
148121,0
148122,0
148123,0
148124,0
148125,0
148126,0
148127,0
148128,0
148129,0
148130,0
148131,8
148132,0
148133,22
148134,0
148135,0
148136,0
148137,0
148138,14
148139,0
148140,0
148141,0
148142,10
148143,22
148144,0
148145,0
148146,0
148147,0
148148,0
148149,0
148150,0
148151,0
148152,0
148153,0
148154,0
148155,0
148156,0
148157,0
148158,0
148159,0
148160,0
148161,0
148162,0
148163,0
148164,0
148165,0
148166,0
148167,0
148168,0
148169,0
148170,0
148171,0
148172,26
148173,0
148174,0
148175,0
148176,0
148177,0
148178,0
148179,0
148180,0
148181,0
148182,0
148183,0
148184,0
148185,0
148186,0
148187,0
148188,0
148189,0
148190,0
148191,0
148192,0
148193,0
148194,0
148195,0
148196,10
148197,0
148198,0
148199,0
148200,0
148201,0
148202,0
148203,0
148204,0
148205,0
148206,0
148207,0
148208,0
148209,0
148210,0
148211,19
148212,0
148213,0
148214,0
148215,0
148216,12
148217,0
148218,0
148219,21
148220,0
148221,0
148222,0
148223,0
148224,0
148225,0
148226,0
148227,0
148228,0
148229,0
148230,0
148231,0
148232,0
148233,0
148234,0
148235,0
148236,0
148237,0
148238,0
148239,0
148240,0
148241,17
148242,0
148243,0
148244,0
148245,0
148246,0
148247,0
148248,0
148249,0
148250,20
148251,0
148252,0
148253,0
148254,0
148255,0
148256,0
148257,0
148258,0
148259,0
148260,0
148261,0
148262,0
148263,0
148264,0
148265,15
148266,0
148267,0
148268,0
148269,0
148270,0
148271,0
148272,0
148273,0
148274,0
148275,0
148276,0
148277,0
148278,0
148279,0
148280,0
148281,0
148282,0
148283,0
148284,0
148285,0
148286,0
148287,0
148288,0
148289,15
148290,0
148291,10
148292,0
148293,0
148294,0
148295,0
148296,0
148297,0
148298,0
148299,0
148300,0
148301,0
148302,0
148303,15
148304,0
148305,0
148306,0
148307,0
148308,0
148309,0
148310,0
148311,0
148312,0
148313,0
148314,0
148315,0
148316,0
148317,0
148318,0
148319,0
148320,0
148321,0
148322,0
148323,0
148324,0
148325,0
148326,0
148327,0
148328,0
148329,0
148330,0
148331,0
148332,0
148333,0
148334,0
148335,0
148336,0
148337,0
148338,0
148339,0
148340,0
148341,0
148342,0
148343,0
148344,0
148345,0
148346,0
148347,0
148348,0
148349,0
148350,0
148351,0
148352,0
148353,0
148354,0
148355,0
148356,13
148357,0
148358,0
148359,0
148360,0
148361,0
148362,0
148363,0
148364,22
148365,0
148366,0
148367,0
148368,0
148369,0
148370,0
148371,0
148372,0
148373,0
148374,0
148375,0
148376,0
148377,0
148378,0
148379,0
148380,0
148381,0
148382,0
148383,0
148384,0
148385,0
148386,0
148387,0
148388,0
148389,0
148390,0
148391,0
148392,0
148393,11
148394,0
148395,13
148396,0
148397,0
148398,0
148399,0
148400,0
148401,0
148402,0
148403,0
148404,13
148405,0
148406,17
148407,17
148408,0
148409,0
148410,0
148411,0
148412,0
148413,0
148414,0
148415,0
148416,0
148417,0
148418,0
148419,0
148420,0
148421,0
148422,0
148423,0
148424,0
148425,0
148426,0
148427,0
148428,0
148429,0
148430,0
148431,0
148432,0
148433,0
148434,0
148435,0
148436,0
148437,0
148438,17
148439,13
148440,19
148441,13
148442,0
148443,0
148444,0
148445,0
148446,0
148447,0
148448,0
148449,0
148450,0
148451,0
148452,0
148453,0
148454,0
148455,0
148456,0
148457,0
148458,22
148459,0
148460,0
148461,0
148462,0
148463,0
148464,0
148465,0
148466,0
148467,0
148468,0
148469,0
148470,0
148471,0
148472,0
148473,11
148474,0
148475,0
148476,0
148477,0
148478,0
148479,0
148480,0
148481,0
148482,0
148483,0
148484,0
148485,10
148486,0
148487,0
148488,0
148489,0
148490,0
148491,0
148492,0
148493,0
148494,0
148495,0
148496,0
148497,0
148498,0
148499,0
148500,0
148501,0
148502,0
148503,11
148504,0
148505,0
148506,0
148507,0
148508,0
148509,0
148510,0
148511,0
148512,0
148513,0
148514,0
148515,29
148516,16
148517,0
148518,0
148519,0
148520,0
148521,0
148522,0
148523,0
148524,0
148525,0
148526,0
148527,0
148528,0
148529,0
148530,0
148531,0
148532,0
148533,0
148534,0
148535,0
148536,0
148537,0
148538,0
148539,0
148540,0
148541,0
148542,0
148543,0
148544,0
148545,0
148546,0
148547,0
148548,0
148549,0
148550,14
148551,10
148552,0
148553,0
148554,0
148555,0
148556,22
148557,0
148558,0
148559,0
148560,0
148561,0
148562,19
148563,0
148564,0
148565,0
148566,14
148567,0
148568,0
148569,0
148570,0
148571,0
148572,0
148573,10
148574,0
148575,0
148576,0
148577,0
148578,0
148579,0
148580,0
148581,0
148582,0
148583,0
148584,0
148585,0
148586,0
148587,0
148588,0
148589,0
148590,0
148591,0
148592,0
148593,0
148594,0
148595,0
148596,0
148597,0
148598,0
148599,0
148600,0
148601,0
148602,0
148603,0
148604,0
148605,0
148606,0
148607,0
148608,0
148609,0
148610,0
148611,0
148612,0
148613,0
148614,0
148615,0
148616,0
148617,0
148618,0
148619,0
148620,0
148621,0
148622,0
148623,0
148624,0
148625,18
148626,0
148627,0
148628,0
148629,21
148630,0
148631,0
148632,0
148633,25
148634,0
148635,0
148636,0
148637,0
148638,0
148639,0
148640,0
148641,0
148642,0
148643,0
148644,26
148645,0
148646,0
148647,0
148648,0
148649,0
148650,0
148651,0
148652,0
148653,17
148654,0
148655,0
148656,0
148657,0
148658,15
148659,33
148660,37
148661,0
148662,0
148663,0
148664,0
148665,0
148666,0
148667,0
148668,0
148669,0
148670,0
148671,31
148672,0
148673,0
148674,0
148675,0
148676,0
148677,0
148678,23
148679,34
148680,0
148681,0
148682,0
148683,0
148684,27
148685,0
148686,0
148687,0
148688,0
148689,0
148690,0
148691,0
148692,0
148693,14
148694,0
148695,0
148696,0
148697,0
148698,0
148699,0
148700,0
148701,0
148702,0
148703,26
148704,25
148705,18
148706,0
148707,0
148708,0
148709,0
148710,26
148711,0
148712,0
148713,26
148714,0
148715,27
148716,0
148717,31
148718,0
148719,0
148720,26
148721,0
148722,0
148723,0
148724,0
148725,0
148726,0
148727,0
148728,0
148729,0
148730,18
148731,0
148732,27
148733,35
148734,0
148735,42
148736,0
148737,0
148738,0
148739,0
148740,0
148741,0
148742,30
148743,28
148744,18
148745,0
148746,8
148747,20
148748,0
148749,16
148750,0
148751,18
148752,0
148753,0
148754,21
148755,18
148756,0
148757,0
148758,0
148759,0
148760,13
148761,24
148762,0
148763,0
148764,21
148765,27
148766,0
148767,0
148768,0
148769,0
148770,0
148771,0
148772,0
148773,0
148774,23
148775,0
148776,0
148777,0
148778,0
148779,16
148780,0
148781,0
148782,0
148783,0
148784,0
148785,0
148786,0
148787,25
148788,19
148789,0
148790,0
148791,0
148792,0
148793,16
148794,0
148795,0
148796,0
148797,24
148798,0
148799,0
148800,45
148801,0
148802,0
148803,0
148804,0
148805,17
148806,0
148807,0
148808,0
148809,17
148810,0
148811,0
148812,0
148813,0
148814,0
148815,0
148816,22
148817,0
148818,0
148819,18
148820,0
148821,0
148822,24
148823,0
148824,0
148825,0
148826,0
148827,22
148828,22
148829,0
148830,0
148831,17
148832,0
148833,0
148834,20
148835,0
148836,0
148837,19
148838,0
148839,0
148840,0
148841,0
148842,0
148843,0
148844,16
148845,14
148846,0
148847,0
148848,21
148849,0
148850,0
148851,21
148852,0
148853,32
148854,8
148855,25
148856,0
148857,0
148858,0
148859,0
148860,21
148861,0
148862,0
148863,23
148864,0
148865,0
148866,19
148867,0
148868,0
148869,0
148870,0
148871,14
148872,0
148873,25
148874,0
148875,0
148876,0
148877,20
148878,32
148879,0
148880,25
148881,27
148882,0
148883,0
148884,0
148885,0
148886,0
148887,23
148888,15
148889,24
148890,27
148891,0
148892,0
148893,0
148894,0
148895,0
148896,0
148897,20
148898,0
148899,21
148900,0
148901,12
148902,0
148903,0
148904,0
148905,0
148906,0
148907,0
148908,0
148909,0
148910,0
148911,0
148912,0
148913,20
148914,0
148915,0
148916,8
148917,0
148918,21
148919,0
148920,0
148921,0
148922,22
148923,0
148924,18
148925,0
148926,11
148927,0
148928,0
148929,18
148930,0
148931,0
148932,18
148933,20
148934,0
148935,15
148936,0
148937,0
148938,17
148939,0
148940,0
148941,0
148942,0
148943,0
148944,0
148945,22
148946,0
148947,26
148948,0
148949,0
148950,34
148951,0
148952,0
148953,0
148954,30
148955,0
148956,0
148957,0
148958,0
148959,0
148960,0
148961,0
148962,0
148963,0
148964,21
148965,0
148966,0
148967,0
148968,0
148969,0
148970,0
148971,0
148972,0
148973,0
148974,0
148975,0
148976,0
148977,0
148978,0
148979,0
148980,0
148981,0
148982,0
148983,32
148984,0
148985,0
148986,0
148987,0
148988,0
148989,0
148990,0
148991,0
148992,21
148993,0
148994,0
148995,21
148996,0
148997,0
148998,0
148999,21
149000,0
149001,0
149002,0
149003,0
149004,0
149005,0
149006,0
149007,15
149008,0
149009,11
149010,0
149011,0
149012,0
149013,0
149014,0
149015,0
149016,0
149017,0
149018,16
149019,25
149020,0
149021,0
149022,0
149023,0
149024,0
149025,22
149026,0
149027,0
149028,26
149029,0
149030,18
149031,0
149032,0
149033,0
149034,0
149035,0
149036,0
149037,0
149038,0
149039,21
149040,0
149041,0
149042,0
149043,0
149044,0
149045,0
149046,0
149047,0
149048,0
149049,25
149050,0
149051,26
149052,25
149053,0
149054,35
149055,31
149056,19
149057,12
149058,0
149059,23
149060,0
149061,41
149062,20
149063,0
149064,0
149065,0
149066,0
149067,20
149068,0
149069,0
149070,0
149071,0
149072,0
149073,32
149074,0
149075,0
149076,0
149077,0
149078,0
149079,17
149080,0
149081,0
149082,0
149083,0
149084,0
149085,0
149086,0
149087,0
149088,26
149089,0
149090,0
149091,18
149092,24
149093,0
149094,15
149095,14
149096,29
149097,0
149098,24
149099,0
149100,14
149101,26
149102,0
149103,0
149104,0
149105,0
149106,32
149107,0
149108,0
149109,0
149110,0
149111,0
149112,0
149113,0
149114,0
149115,0
149116,0
149117,19
149118,0
149119,0
149120,0
149121,0
149122,0
149123,0
149124,0
149125,0
149126,0
149127,0
149128,0
149129,0
149130,0
149131,0
149132,23
149133,0
149134,17
149135,35
149136,0
149137,32
149138,0
149139,0
149140,0
149141,0
149142,0
149143,0
149144,0
149145,15
149146,0
149147,0
149148,0
149149,0
149150,0
149151,19
149152,20
149153,23
149154,0
149155,33
149156,0
149157,0
149158,0
149159,0
149160,0
149161,0
149162,0
149163,0
149164,0
149165,0
149166,0
149167,23
149168,31
149169,0
149170,0
149171,24
149172,0
149173,0
149174,16
149175,23
149176,0
149177,7
149178,21
149179,0
149180,22
149181,0
149182,0
149183,32
149184,45
149185,19
149186,0
149187,13
149188,9
149189,9
149190,0
149191,0
149192,0
149193,0
149194,0
149195,0
149196,0
149197,0
149198,0
149199,20
149200,0
149201,0
149202,38
149203,0
149204,0
149205,22
149206,17
149207,0
149208,0
149209,21
149210,19
149211,0
149212,0
149213,0
149214,0
149215,0
149216,0
149217,0
149218,0
149219,0
149220,42
149221,0
149222,0
149223,0
149224,0
149225,0
149226,0
149227,0
149228,0
149229,15
149230,0
149231,0
149232,0
149233,16
149234,0
149235,0
149236,0
149237,9
149238,16
149239,24
149240,0
149241,0
149242,0
149243,0
149244,0
149245,0
149246,0
149247,0
149248,0
149249,42
149250,24
149251,0
149252,0
149253,14
149254,0
149255,0
149256,14
149257,0
149258,26
149259,0
149260,0
149261,0
149262,0
149263,0
149264,0
149265,16
149266,26
149267,0
149268,0
149269,0
149270,0
149271,0
149272,0
149273,18
149274,0
149275,0
149276,0
149277,0
149278,25
149279,0
149280,0
149281,0
149282,0
149283,0
149284,0
149285,0
149286,0
149287,0
149288,0
149289,0
149290,0
149291,0
149292,0
149293,0
149294,0
149295,0
149296,0
149297,0
149298,18
149299,0
149300,0
149301,15
149302,0
149303,0
149304,0
149305,0
149306,9
149307,0
149308,0
149309,11
149310,0
149311,0
149312,0
149313,0
149314,0
149315,0
149316,0
149317,0
149318,0
149319,0
149320,0
149321,0
149322,0
149323,0
149324,0
149325,0
149326,41
149327,32
149328,0
149329,0
149330,38
149331,0
149332,19
149333,0
149334,0
149335,21
149336,0
149337,0
149338,0
149339,0
149340,0
149341,40
149342,26
149343,9
149344,0
149345,0
149346,0
149347,24
149348,0
149349,0
149350,0
149351,9
149352,15
149353,0
149354,0
149355,0
149356,0
149357,33
149358,27
149359,0
149360,0
149361,0
149362,17
149363,19
149364,40
149365,0
149366,0
149367,0
149368,0
149369,0
149370,0
149371,0
149372,0
149373,0
149374,0
149375,33
149376,23
149377,28
149378,0
149379,0
149380,24
149381,0
149382,0
149383,0
149384,0
149385,0
149386,0
149387,22
149388,0
149389,0
149390,0
149391,0
149392,0
149393,30
149394,0
149395,24
149396,0
149397,23
149398,0
149399,23
149400,0
149401,20
149402,0
149403,22
149404,22
149405,0
149406,0
149407,21
149408,0
149409,0
149410,0
149411,0
149412,0
149413,0
149414,0
149415,21
149416,0
149417,0
149418,0
149419,0
149420,0
149421,0
149422,16
149423,0
149424,0
149425,10
149426,0
149427,0
149428,0
149429,0
149430,0
149431,17
149432,0
149433,0
149434,0
149435,0
149436,0
149437,0
149438,17
149439,0
149440,0
149441,0
149442,0
149443,0
149444,0
149445,0
149446,0
149447,0
149448,19
149449,0
149450,0
149451,27
149452,19
149453,0
149454,0
149455,0
149456,0
149457,0
149458,0
149459,0
149460,0
149461,41
149462,0
149463,18
149464,0
149465,0
149466,0
149467,0
149468,0
149469,33
149470,0
149471,0
149472,0
149473,0
149474,17
149475,0
149476,0
149477,0
149478,15
149479,16
149480,14
149481,0
149482,24
149483,0
149484,0
149485,0
149486,0
149487,0
149488,0
149489,0
149490,0
149491,0
149492,22
149493,0
149494,0
149495,0
149496,24
149497,0
149498,0
149499,0
149500,22
149501,0
149502,0
149503,0
149504,0
149505,0
149506,0
149507,0
149508,19
149509,22
149510,0
149511,0
149512,0
149513,0
149514,0
149515,0
149516,0
149517,20
149518,0
149519,0
149520,0
149521,0
149522,0
149523,6
149524,0
149525,0
149526,0
149527,1
149528,0
149529,0
149530,7
149531,1
149532,0
149533,0
149534,3
149535,1
149536,0
149537,0
149538,0
149539,5
149540,1
149541,0
149542,0
149543,5
149544,3
149545,0
149546,0
149547,0
149548,0
149549,2
149550,0
149551,0
149552,0
149553,0
149554,0
149555,0
149556,0
149557,0
149558,0
149559,0
149560,0
149561,0
149562,0
149563,0
149564,0
149565,0
149566,1
149567,0
149568,0
149569,0
149570,0
149571,0
149572,13
149573,0
149574,0
149575,0
149576,2
149577,0
149578,0
149579,0
149580,0
149581,0
149582,0
149583,5
149584,7
149585,0
149586,0
149587,2
149588,1
149589,0
149590,0
149591,0
149592,0
149593,0
149594,0
149595,0
149596,0
149597,0
149598,0
149599,3
149600,2
149601,0
149602,0
149603,0
149604,0
149605,0
149606,0
149607,0
149608,3
149609,1
149610,0
149611,0
149612,7
149613,0
149614,0
149615,0
149616,0
149617,0
149618,0
149619,0
149620,0
149621,0
149622,0
149623,0
149624,0
149625,0
149626,0
149627,0
149628,0
149629,0
149630,0
149631,0
149632,2
149633,0
149634,0
149635,0
149636,3
149637,8
149638,0
149639,0
149640,0
149641,0
149642,0
149643,0
149644,0
149645,0
149646,0
149647,0
149648,2
149649,0
149650,0
149651,0
149652,3
149653,0
149654,0
149655,0
149656,0
149657,5
149658,0
149659,0
149660,3
149661,0
149662,3
149663,0
149664,0
149665,0
149666,0
149667,2
149668,0
149669,0
149670,0
149671,1
149672,0
149673,0
149674,6
149675,0
149676,5
149677,5
149678,0
149679,4
149680,0
149681,0
149682,0
149683,4
149684,2
149685,0
149686,0
149687,0
149688,0
149689,0
149690,0
149691,0
149692,0
149693,0
149694,2
149695,1
149696,0
149697,0
149698,0
149699,0
149700,0
149701,0
149702,0
149703,0
149704,0
149705,0
149706,0
149707,0
149708,0
149709,0
149710,0
149711,0
149712,0
149713,0
149714,0
149715,0
149716,0
149717,0
149718,0
149719,5
149720,0
149721,0
149722,0
149723,0
149724,0
149725,0
149726,0
149727,0
149728,0
149729,1
149730,0
149731,5
149732,0
149733,0
149734,0
149735,0
149736,0
149737,0
149738,0
149739,0
149740,0
149741,0
149742,6
149743,4
149744,0
149745,0
149746,0
149747,0
149748,0
149749,0
149750,0
149751,1
149752,4
149753,0
149754,0
149755,0
149756,0
149757,0
149758,0
149759,0
149760,4
149761,0
149762,0
149763,0
149764,0
149765,1
149766,0
149767,0
149768,0
149769,2
149770,0
149771,0
149772,0
149773,0
149774,0
149775,5
149776,0
149777,0
149778,3
149779,0
149780,0
149781,3
149782,0
149783,0
149784,2
149785,0
149786,0
149787,0
149788,0
149789,0
149790,0
149791,0
149792,0
149793,3
149794,0
149795,0
149796,0
149797,0
149798,0
149799,0
149800,4
149801,0
149802,0
149803,1
149804,0
149805,0
149806,0
149807,0
149808,0
149809,1
149810,0
149811,0
149812,0
149813,0
149814,3
149815,0
149816,0
149817,1
149818,4
149819,0
149820,0
149821,0
149822,0
149823,0
149824,0
149825,2
149826,0
149827,0
149828,0
149829,0
149830,1
149831,0
149832,0
149833,0
149834,0
149835,0
149836,4
149837,0
149838,0
149839,2
149840,0
149841,0
149842,0
149843,0
149844,3
149845,7
149846,3
149847,0
149848,0
149849,0
149850,0
149851,2
149852,0
149853,0
149854,0
149855,0
149856,0
149857,0
149858,0
149859,3
149860,0
149861,0
149862,0
149863,0
149864,0
149865,2
149866,4
149867,0
149868,4
149869,0
149870,0
149871,0
149872,0
149873,0
149874,1
149875,0
149876,0
149877,0
149878,4
149879,1
149880,0
149881,0
149882,2
149883,0
149884,0
149885,0
149886,0
149887,0
149888,0
149889,0
149890,0
149891,0
149892,0
149893,0
149894,0
149895,0
149896,1
149897,4
149898,0
149899,0
149900,0
149901,0
149902,0
149903,0
149904,4
149905,0
149906,1
149907,0
149908,0
149909,0
149910,0
149911,4
149912,0
149913,0
149914,0
149915,0
149916,3
149917,1
149918,1
149919,3
149920,2
149921,0
149922,0
149923,0
149924,0
149925,5
149926,0
149927,0
149928,0
149929,0
149930,0
149931,0
149932,0
149933,0
149934,0
149935,0
149936,0
149937,0
149938,0
149939,0
149940,0
149941,0
149942,0
149943,0
149944,0
149945,43
149946,0
149947,0
149948,0
149949,0
149950,0
149951,0
149952,0
149953,0
149954,0
149955,0
149956,0
149957,0
149958,0
149959,0
149960,0
149961,0
149962,33
149963,0
149964,0
149965,0
149966,0
149967,0
149968,0
149969,0
149970,33
149971,0
149972,0
149973,0
149974,0
149975,0
149976,0
149977,0
149978,0
149979,0
149980,0
149981,0
149982,0
149983,0
149984,0
149985,0
149986,0
149987,0
149988,0
149989,0
149990,0
149991,0
149992,0
149993,0
149994,0
149995,0
149996,0
149997,0
149998,44
149999,0
150000,0
150001,0
150002,0
150003,0
150004,0
150005,0
150006,0
150007,0
150008,0
150009,0
150010,0
150011,0
150012,0
150013,0
150014,0
150015,0
150016,0
150017,0
150018,0
150019,0
150020,0
150021,0
150022,0
150023,0
150024,0
150025,44
150026,0
150027,0
150028,0
150029,31
150030,0
150031,0
150032,0
150033,0
150034,0
150035,0
150036,0
150037,0
150038,0
150039,0
150040,0
150041,0
150042,0
150043,0
150044,0
150045,0
150046,0
150047,0
150048,0
150049,0
150050,31
150051,0
150052,0
150053,0
150054,44
150055,0
150056,0
150057,0
150058,0
150059,0
150060,0
150061,0
150062,0
150063,0
150064,0
150065,0
150066,0
150067,0
150068,5
150069,0
150070,0
150071,0
150072,0
150073,0
150074,0
150075,0
150076,0
150077,0
150078,0
150079,7
150080,0
150081,0
150082,9
150083,0
150084,3
150085,0
150086,0
150087,0
150088,0
150089,0
150090,0
150091,0
150092,0
150093,0
150094,4
150095,0
150096,0
150097,0
150098,8
150099,0
150100,0
150101,8
150102,0
150103,0
150104,0
150105,0
150106,0
150107,0
150108,0
150109,0
150110,0
150111,0
150112,0
150113,1
150114,10
150115,0
150116,0
150117,0
150118,0
150119,0
150120,8
150121,0
150122,0
150123,0
150124,0
150125,0
150126,3
150127,6
150128,0
150129,0
150130,0
150131,0
150132,0
150133,4
150134,0
150135,0
150136,0
150137,0
150138,0
150139,8
150140,0
150141,0
150142,0
150143,0
150144,0
150145,0
150146,0
150147,0
150148,0
150149,0
150150,0
150151,0
150152,0
150153,0
150154,0
150155,0
150156,0
150157,0
150158,5
150159,0
150160,0
150161,0
150162,0
150163,0
150164,0
150165,0
150166,0
150167,0
150168,0
150169,4
150170,2
150171,3
150172,0
150173,0
150174,0
150175,0
150176,0
150177,0
150178,0
150179,0
150180,0
150181,0
150182,0
150183,0
150184,0
150185,0
150186,0
150187,0
150188,0
150189,0
150190,0
150191,0
150192,0
150193,0
150194,5
150195,0
150196,0
150197,0
150198,0
150199,0
150200,0
150201,0
150202,0
150203,8
150204,0
150205,0
150206,1
150207,0
150208,0
150209,0
150210,0
150211,0
150212,0
150213,0
150214,3
150215,0
150216,6
150217,0
150218,0
150219,0
150220,0
150221,1
150222,0
150223,10
150224,0
150225,0
150226,0
150227,0
150228,0
150229,0
150230,0
150231,0
150232,0
150233,0
150234,0
150235,0
150236,0
150237,0
150238,0
150239,0
150240,0
150241,0
150242,0
150243,3
150244,0
150245,0
150246,0
150247,0
150248,5
150249,4
150250,0
150251,0
150252,0
150253,0
150254,0
150255,5
150256,6
150257,0
150258,0
150259,0
150260,0
150261,0
150262,0
150263,0
150264,0
150265,0
150266,0
150267,0
150268,0
150269,5
150270,0
150271,7
150272,0
150273,0
150274,0
150275,5
150276,0
150277,0
150278,0
150279,0
150280,0
150281,0
150282,0
150283,0
150284,0
150285,0
150286,0
150287,0
150288,0
150289,0
150290,0
150291,0
150292,0
150293,0
150294,0
150295,0
150296,0
150297,0
150298,0
150299,0
150300,0
150301,0
150302,0
150303,0
150304,0
150305,0
150306,0
150307,0
150308,0
150309,0
150310,0
150311,0
150312,0
150313,0
150314,0
150315,0
150316,0
150317,0
150318,0
150319,0
150320,0
150321,3
150322,3
150323,2
150324,0
150325,0
150326,0
150327,0
150328,0
150329,0
150330,0
150331,0
150332,0
150333,0
150334,0
150335,0
150336,0
150337,0
150338,0
150339,0
150340,0
150341,0
150342,0
150343,0
150344,0
150345,0
150346,4
150347,0
150348,0
150349,0
150350,0
150351,0
150352,0
150353,0
150354,0
150355,2
150356,0
150357,0
150358,0
150359,0
150360,0
150361,0
150362,0
150363,5
150364,0
150365,0
150366,0
150367,0
150368,1
150369,0
150370,0
150371,9
150372,0
150373,0
150374,3
150375,0
150376,0
150377,3
150378,0
150379,0
150380,0
150381,0
150382,0
150383,0
150384,3
150385,0
150386,0
150387,0
150388,0
150389,0
150390,0
150391,0
150392,0
150393,0
150394,0
150395,0
150396,0
150397,0
150398,0
150399,0
150400,5
150401,0
150402,0
150403,0
150404,0
150405,0
150406,0
150407,0
150408,0
150409,0
150410,0
150411,0
150412,0
150413,0
150414,0
150415,0
150416,0
150417,4
150418,0
150419,0
150420,0
150421,0
150422,0
150423,0
150424,0
150425,0
150426,0
150427,5
150428,0
150429,0
150430,0
150431,4
150432,0
150433,0
150434,0
150435,0
150436,4
150437,3
150438,3
150439,0
150440,0
150441,0
150442,0
150443,0
150444,0
150445,0
150446,0
150447,0
150448,0
150449,3
150450,0
150451,0
150452,0
150453,0
150454,0
150455,0
150456,0
150457,0
150458,0
150459,0
150460,0
150461,0
150462,0
150463,0
150464,0
150465,0
150466,0
150467,0
150468,3
150469,0
150470,0
150471,0
150472,0
150473,0
150474,0
150475,0
150476,0
150477,0
150478,0
150479,0
150480,0
150481,0
150482,0
150483,0
150484,0
150485,0
150486,3
150487,0
150488,0
150489,0
150490,0
150491,0
150492,0
150493,0
150494,0
150495,0
150496,0
150497,0
150498,0
150499,0
150500,0
150501,0
150502,0
150503,0
150504,0
150505,3
150506,0
150507,0
150508,0
150509,0
150510,0
150511,6
150512,0
150513,0
150514,3
150515,0
150516,0
150517,0
150518,0
150519,4
150520,5
150521,0
150522,2
150523,0
150524,0
150525,0
150526,0
150527,6
150528,0
150529,0
150530,2
150531,0
150532,6
150533,0
150534,0
150535,0
150536,6
150537,0
150538,0
150539,0
150540,0
150541,0
150542,0
150543,0
150544,0
150545,0
150546,4
150547,0
150548,0
150549,0
150550,0
150551,0
150552,0
150553,0
150554,0
150555,0
150556,0
150557,0
150558,0
150559,0
150560,5
150561,0
150562,0
150563,0
150564,1
150565,0
150566,3
150567,0
150568,0
150569,0
150570,0
150571,9
150572,4
150573,0
150574,0
150575,0
150576,0
150577,0
150578,3
150579,0
150580,0
150581,0
150582,0
150583,6
150584,0
150585,4
150586,0
150587,0
150588,0
150589,3
150590,0
150591,0
150592,5
150593,0
150594,0
150595,0
150596,0
150597,0
150598,0
150599,4
150600,0
150601,0
150602,0
150603,0
150604,0
150605,0
150606,7
150607,6
150608,0
150609,0
150610,0
150611,0
150612,2
150613,5
150614,0
150615,0
150616,0
150617,0
150618,0
150619,0
150620,0
150621,6
150622,0
150623,0
150624,0
150625,5
150626,0
150627,0
150628,0
150629,0
150630,0
150631,5
150632,0
150633,0
150634,0
150635,0
150636,9
150637,0
150638,0
150639,0
150640,6
150641,0
150642,0
150643,0
150644,3
150645,0
150646,0
150647,0
150648,0
150649,0
150650,0
150651,0
150652,0
150653,0
150654,0
150655,0
150656,0
150657,0
150658,0
150659,0
150660,5
150661,0
150662,6
150663,0
150664,0
150665,0
150666,0
150667,0
150668,0
150669,0
150670,6
150671,0
150672,4
150673,0
150674,0
150675,0
150676,0
150677,0
150678,0
150679,0
150680,0
150681,0
150682,0
150683,2
150684,1
150685,0
150686,0
150687,0
150688,0
150689,0
150690,0
150691,0
150692,0
150693,0
150694,0
150695,0
150696,0
150697,4
150698,0
150699,0
150700,0
150701,0
150702,0
150703,0
150704,0
150705,4
150706,0
150707,0
150708,0
150709,0
150710,0
150711,0
150712,0
150713,0
150714,0
150715,6
150716,0
150717,0
150718,0
150719,0
150720,0
150721,0
150722,0
150723,0
150724,0
150725,0
150726,0
150727,0
150728,0
150729,0
150730,0
150731,0
150732,0
150733,0
150734,0
150735,0
150736,6
150737,0
150738,0
150739,0
150740,0
150741,0
150742,0
150743,0
150744,0
150745,0
150746,0
150747,0
150748,0
150749,0
150750,0
150751,0
150752,0
150753,3
150754,4
150755,0
150756,0
150757,0
150758,0
150759,3
150760,0
150761,0
150762,0
150763,4
150764,0
150765,0
150766,4
150767,0
150768,0
150769,0
150770,0
150771,4
150772,0
150773,0
150774,0
150775,0
150776,0
150777,3
150778,0
150779,0
150780,0
150781,0
150782,4
150783,0
150784,4
150785,0
150786,0
150787,0
150788,3
150789,0
150790,0
150791,0
150792,0
150793,0
150794,0
150795,0
150796,0
150797,0
150798,0
150799,0
150800,0
150801,0
150802,0
150803,7
150804,0
150805,0
150806,0
150807,0
150808,0
150809,6
150810,0
150811,0
150812,0
150813,0
150814,0
150815,0
150816,0
150817,0
150818,0
150819,0
150820,0
150821,0
150822,0
150823,12
150824,0
150825,0
150826,17
150827,0
150828,0
150829,0
150830,0
150831,0
150832,0
150833,20
150834,0
150835,28
150836,0
150837,0
150838,0
150839,0
150840,0
150841,0
150842,0
150843,0
150844,0
150845,0
150846,21
150847,0
150848,19
150849,0
150850,0
150851,0
150852,0
150853,0
150854,0
150855,0
150856,0
150857,0
150858,12
150859,0
150860,0
150861,0
150862,0
150863,0
150864,0
150865,0
150866,0
150867,0
150868,0
150869,0
150870,0
150871,0
150872,14
150873,14
150874,0
150875,0
150876,21
150877,0
150878,7
150879,0
150880,15
150881,0
150882,0
150883,0
150884,0
150885,16
150886,0
150887,0
150888,0
150889,0
150890,0
150891,29
150892,0
150893,0
150894,13
150895,0
150896,0
150897,0
150898,0
150899,15
150900,0
150901,6
150902,0
150903,0
150904,0
150905,0
150906,0
150907,0
150908,0
150909,0
150910,0
150911,10
150912,19
150913,0
150914,18
150915,0
150916,0
150917,0
150918,0
150919,0
150920,0
150921,0
150922,0
150923,0
150924,0
150925,0
150926,0
150927,0
150928,0
150929,0
150930,8
150931,0
150932,0
150933,0
150934,0
150935,0
150936,0
150937,0
150938,10
150939,0
150940,19
150941,0
150942,0
150943,0
150944,0
150945,0
150946,17
150947,0
150948,0
150949,0
150950,0
150951,0
150952,6
150953,0
150954,0
150955,0
150956,0
150957,24
150958,0
150959,0
150960,0
150961,0
150962,0
150963,0
150964,11
150965,0
150966,0
150967,0
150968,0
150969,0
150970,0
150971,0
150972,0
150973,16
150974,8
150975,0
150976,0
150977,0
150978,0
150979,0
150980,0
150981,0
150982,0
150983,11
150984,0
150985,0
150986,0
150987,11
150988,0
150989,0
150990,26
150991,19
150992,0
150993,26
150994,0
150995,0
150996,7
150997,4
150998,0
150999,18
151000,15
151001,17
151002,0
151003,0
151004,0
151005,0
151006,0
151007,0
151008,0
151009,0
151010,0
151011,0
151012,0
151013,0
151014,0
151015,0
151016,0
151017,0
151018,0
151019,0
151020,0
151021,0
151022,11
151023,0
151024,0
151025,0
151026,0
151027,0
151028,0
151029,0
151030,0
151031,0
151032,0
151033,0
151034,0
151035,0
151036,0
151037,0
151038,0
151039,0
151040,9
151041,0
151042,10
151043,0
151044,0
151045,0
151046,0
151047,0
151048,0
151049,0
151050,17
151051,0
151052,16
151053,0
151054,0
151055,24
151056,0
151057,0
151058,0
151059,0
151060,0
151061,0
151062,0
151063,0
151064,0
151065,0
151066,0
151067,0
151068,0
151069,0
151070,0
151071,0
151072,19
151073,0
151074,0
151075,0
151076,0
151077,0
151078,20
151079,25
151080,12
151081,0
151082,0
151083,0
151084,0
151085,0
151086,0
151087,0
151088,25
151089,0
151090,0
151091,0
151092,0
151093,0
151094,0
151095,27
151096,0
151097,0
151098,0
151099,0
151100,0
151101,0
151102,0
151103,0
151104,0
151105,0
151106,0
151107,0
151108,0
151109,0
151110,0
151111,0
151112,0
151113,0
151114,0
151115,0
151116,0
151117,0
151118,0
151119,0
151120,14
151121,0
151122,22
151123,0
151124,0
151125,0
151126,0
151127,0
151128,0
151129,0
151130,0
151131,0
151132,0
151133,0
151134,0
151135,40
151136,25
151137,0
151138,25
151139,0
151140,0
151141,0
151142,0
151143,0
151144,17
151145,0
151146,0
151147,0
151148,0
151149,0
151150,19
151151,0
151152,0
151153,20
151154,30
151155,0
151156,0
151157,0
151158,0
151159,0
151160,16
151161,0
151162,0
151163,0
151164,0
151165,0
151166,0
151167,0
151168,26
151169,0
151170,0
151171,17
151172,0
151173,0
151174,24
151175,20
151176,25
151177,33
151178,0
151179,0
151180,0
151181,0
151182,0
151183,0
151184,0
151185,0
151186,0
151187,0
151188,0
151189,35
151190,0
151191,0
151192,0
151193,0
151194,0
151195,0
151196,22
151197,0
151198,0
151199,0
151200,17
151201,0
151202,37
151203,0
151204,0
151205,0
151206,0
151207,0
151208,0
151209,0
151210,0
151211,0
151212,0
151213,0
151214,0
151215,0
151216,24
151217,0
151218,0
151219,0
151220,0
151221,0
151222,0
151223,0
151224,0
151225,0
151226,15
151227,0
151228,0
151229,27
151230,35
151231,0
151232,0
151233,0
151234,0
151235,30
151236,0
151237,0
151238,0
151239,0
151240,0
151241,0
151242,0
151243,0
151244,0
151245,0
151246,23
151247,0
151248,0
151249,26
151250,0
151251,26
151252,0
151253,0
151254,0
151255,0
151256,0
151257,0
151258,0
151259,0
151260,0
151261,0
151262,0
151263,0
151264,0
151265,0
151266,0
151267,0
151268,0
151269,0
151270,21
151271,21
151272,0
151273,21
151274,0
151275,0
151276,0
151277,0
151278,0
151279,20
151280,0
151281,0
151282,0
151283,0
151284,26
151285,0
151286,0
151287,0
151288,31
151289,0
151290,0
151291,35
151292,0
151293,32
151294,0
151295,0
151296,0
151297,24
151298,0
151299,0
151300,0
151301,0
151302,0
151303,24
151304,0
151305,0
151306,0
151307,0
151308,0
151309,0
151310,0
151311,0
151312,0
151313,16
151314,0
151315,0
151316,0
151317,0
151318,0
151319,0
151320,14
151321,0
151322,0
151323,0
151324,22
151325,0
151326,28
151327,30
151328,22
151329,0
151330,0
151331,0
151332,0
151333,0
151334,0
151335,0
151336,0
151337,0
151338,0
151339,0
151340,0
151341,0
151342,0
151343,0
151344,0
151345,27
151346,0
151347,0
151348,0
151349,0
151350,35
151351,0
151352,0
151353,0
151354,0
151355,0
151356,0
151357,0
151358,26
151359,0
151360,0
151361,0
151362,0
151363,0
151364,0
151365,0
151366,26
151367,0
151368,0
151369,0
151370,0
151371,0
151372,22
151373,0
151374,0
151375,0
151376,0
151377,0
151378,0
151379,0
151380,0
151381,0
151382,33
151383,0
151384,0
151385,0
151386,0
151387,0
151388,0
151389,0
151390,0
151391,34
151392,0
151393,15
151394,0
151395,0
151396,0
151397,0
151398,0
151399,21
151400,0
151401,0
151402,0
151403,20
151404,0
151405,0
151406,0
151407,19
151408,0
151409,0
151410,26
151411,0
151412,0
151413,0
151414,0
151415,0
151416,0
151417,0
151418,0
151419,15
151420,0
151421,0
151422,0
151423,0
151424,0
151425,0
151426,0
151427,0
151428,0
151429,0
151430,0
151431,0
151432,0
151433,0
151434,0
151435,0
151436,0
151437,0
151438,23
151439,20
151440,0
151441,32
151442,0
151443,0
151444,0
151445,0
151446,0
151447,0
151448,0
151449,0
151450,0
151451,0
151452,0
151453,31
151454,0
151455,0
151456,28
151457,0
151458,0
151459,0
151460,0
151461,0
151462,0
151463,0
151464,0
151465,0
151466,0
151467,0
151468,0
151469,0
151470,0
151471,45
151472,0
151473,0
151474,0
151475,0
151476,39
151477,0
151478,0
151479,0
151480,0
151481,0
151482,0
151483,38
151484,0
151485,34
151486,0
151487,0
151488,0
151489,0
151490,0
151491,39
151492,0
151493,0
151494,0
151495,0
151496,0
151497,28
151498,0
151499,0
151500,0
151501,0
151502,0
151503,38
151504,0
151505,0
151506,0
151507,0
151508,0
151509,34
151510,26
151511,0
151512,0
151513,0
151514,39
151515,25
151516,0
151517,0
151518,0
151519,37
151520,36
151521,0
151522,0
151523,0
151524,0
151525,0
151526,0
151527,0
151528,0
151529,0
151530,0
151531,0
151532,0
151533,0
151534,0
151535,0
151536,0
151537,0
151538,41
151539,0
151540,28
151541,42
151542,24
151543,23
151544,0
151545,0
151546,0
151547,0
151548,0
151549,26
151550,35
151551,49
151552,0
151553,0
151554,0
151555,0
151556,0
151557,33
151558,0
151559,0
151560,0
151561,0
151562,0
151563,0
151564,0
151565,0
151566,36
151567,0
151568,0
151569,0
151570,0
151571,0
151572,0
151573,37
151574,28
151575,0
151576,0
151577,0
151578,40
151579,0
151580,0
151581,0
151582,0
151583,0
151584,0
151585,0
151586,0
151587,0
151588,40
151589,0
151590,0
151591,0
151592,0
151593,0
151594,0
151595,0
151596,34
151597,0
151598,0
151599,0
151600,0
151601,39
151602,51
151603,0
151604,26
151605,0
151606,0
151607,0
151608,0
151609,0
151610,0
151611,28
151612,0
151613,0
151614,32
151615,0
151616,36
151617,41
151618,22
151619,0
151620,0
151621,0
151622,0
151623,0
151624,36
151625,0
151626,39
151627,49
151628,0
151629,0
151630,0
151631,36
151632,0
151633,31
151634,0
151635,20
151636,0
151637,0
151638,0
151639,35
151640,0
151641,0
151642,25
151643,0
151644,0
151645,0
151646,0
151647,35
151648,0
151649,45
151650,0
151651,34
151652,0
151653,0
151654,28
151655,0
151656,0
151657,49
151658,0
151659,0
151660,31
151661,0
151662,31
151663,0
151664,0
151665,0
151666,0
151667,0
151668,0
151669,0
151670,0
151671,0
151672,0
151673,0
151674,0
151675,0
151676,0
151677,0
151678,0
151679,0
151680,32
151681,0
151682,0
151683,0
151684,0
151685,0
151686,0
151687,40
151688,0
151689,0
151690,0
151691,27
151692,0
151693,0
151694,0
151695,0
151696,0
151697,0
151698,0
151699,0
151700,0
151701,0
151702,0
151703,0
151704,0
151705,0
151706,0
151707,0
151708,0
151709,0
151710,0
151711,0
151712,0
151713,33
151714,0
151715,0
151716,0
151717,0
151718,34
151719,0
151720,0
151721,0
151722,0
151723,0
151724,0
151725,0
151726,0
151727,0
151728,30
151729,23
151730,47
151731,0
151732,0
151733,0
151734,0
151735,0
151736,0
151737,0
151738,0
151739,33
151740,25
151741,0
151742,0
151743,0
151744,0
151745,0
151746,38
151747,37
151748,31
151749,0
151750,25
151751,0
151752,0
151753,0
151754,0
151755,0
151756,0
151757,0
151758,0
151759,0
151760,0
151761,27
151762,0
151763,0
151764,0
151765,0
151766,0
151767,38
151768,0
151769,0
151770,0
151771,0
151772,0
151773,52
151774,27
151775,0
151776,30
151777,0
151778,0
151779,0
151780,0
151781,0
151782,0
151783,27
151784,0
151785,0
151786,0
151787,0
151788,0
151789,0
151790,0
151791,0
151792,0
151793,0
151794,0
151795,0
151796,0
151797,0
151798,0
151799,0
151800,0
151801,0
151802,0
151803,0
151804,0
151805,0
151806,25
151807,0
151808,0
151809,0
151810,0
151811,0
151812,0
151813,0
151814,0
151815,0
151816,0
151817,23
151818,0
151819,0
151820,0
151821,0
151822,0
151823,0
151824,0
151825,34
151826,0
151827,0
151828,33
151829,0
151830,0
151831,0
151832,0
151833,0
151834,0
151835,0
151836,0
151837,0
151838,0
151839,0
151840,0
151841,0
151842,26
151843,0
151844,37
151845,0
151846,0
151847,0
151848,0
151849,0
151850,0
151851,0
151852,0
151853,0
151854,41
151855,33
151856,0
151857,0
151858,0
151859,0
151860,0
151861,0
151862,35
151863,0
151864,0
151865,0
151866,0
151867,0
151868,0
151869,0
151870,0
151871,0
151872,0
151873,0
151874,29
151875,28
151876,55
151877,0
151878,0
151879,0
151880,0
151881,0
151882,0
151883,0
151884,29
151885,0
151886,0
151887,0
151888,0
151889,0
151890,0
151891,0
151892,0
151893,0
151894,0
151895,0
151896,0
151897,0
151898,0
151899,0
151900,0
151901,0
151902,0
151903,0
151904,2
151905,0
151906,0
151907,1
151908,0
151909,1
151910,0
151911,0
151912,0
151913,1
151914,0
151915,0
151916,0
151917,0
151918,0
151919,0
151920,0
151921,0
151922,0
151923,0
151924,0
151925,0
151926,0
151927,0
151928,3
151929,2
151930,2
151931,0
151932,0
151933,5
151934,0
151935,0
151936,0
151937,0
151938,0
151939,0
151940,0
151941,0
151942,0
151943,1
151944,0
151945,0
151946,0
151947,2
151948,0
151949,0
151950,1
151951,0
151952,0
151953,0
151954,0
151955,0
151956,0
151957,0
151958,0
151959,0
151960,0
151961,0
151962,0
151963,2
151964,0
151965,0
151966,3
151967,0
151968,0
151969,2
151970,0
151971,0
151972,0
151973,2
151974,0
151975,0
151976,3
151977,0
151978,1
151979,0
151980,0
151981,0
151982,3
151983,0
151984,2
151985,0
151986,0
151987,0
151988,0
151989,0
151990,0
151991,0
151992,3
151993,0
151994,0
151995,1
151996,0
151997,1
151998,0
151999,0
152000,1
152001,0
152002,0
152003,0
152004,0
152005,0
152006,0
152007,0
152008,1
152009,0
152010,0
152011,0
152012,0
152013,0
152014,0
152015,0
152016,1
152017,0
152018,0
152019,6
152020,0
152021,3
152022,0
152023,0
152024,0
152025,0
152026,0
152027,2
152028,0
152029,0
152030,1
152031,0
152032,1
152033,0
152034,0
152035,0
152036,0
152037,0
152038,0
152039,0
152040,0
152041,0
152042,1
152043,0
152044,3
152045,0
152046,0
152047,0
152048,0
152049,0
152050,0
152051,0
152052,0
152053,0
152054,0
152055,0
152056,0
152057,2
152058,0
152059,0
152060,0
152061,0
152062,4
152063,0
152064,0
152065,0
152066,0
152067,0
152068,0
152069,0
152070,4
152071,0
152072,0
152073,0
152074,0
152075,5
152076,0
152077,0
152078,2
152079,0
152080,0
152081,0
152082,0
152083,0
152084,0
152085,0
152086,0
152087,0
152088,0
152089,0
152090,0
152091,0
152092,0
152093,0
152094,3
152095,0
152096,0
152097,0
152098,0
152099,0
152100,0
152101,0
152102,0
152103,0
152104,0
152105,0
152106,3
152107,0
152108,0
152109,0
152110,1
152111,0
152112,0
152113,0
152114,0
152115,0
152116,0
152117,0
152118,0
152119,0
152120,0
152121,0
152122,2
152123,0
152124,1
152125,0
152126,0
152127,0
152128,4
152129,4
152130,0
152131,0
152132,1
152133,0
152134,0
152135,0
152136,0
152137,0
152138,0
152139,0
152140,2
152141,0
152142,0
152143,0
152144,0
152145,0
152146,1
152147,0
152148,3
152149,0
152150,0
152151,0
152152,2
152153,0
152154,0
152155,0
152156,1
152157,2
152158,2
152159,0
152160,0
152161,0
152162,0
152163,0
152164,0
152165,0
152166,1
152167,0
152168,0
152169,0
152170,0
152171,0
152172,0
152173,0
152174,0
152175,0
152176,2
152177,0
152178,0
152179,0
152180,0
152181,0
152182,3
152183,0
152184,0
152185,0
152186,0
152187,3
152188,0
152189,0
152190,0
152191,3
152192,0
152193,1
152194,0
152195,0
152196,0
152197,1
152198,0
152199,0
152200,0
152201,0
152202,1
152203,0
152204,0
152205,0
152206,0
152207,0
152208,0
152209,0
152210,4
152211,0
152212,0
152213,0
152214,4
152215,0
152216,0
152217,0
152218,0
152219,2
152220,0
152221,0
152222,0
152223,0
152224,0
152225,0
152226,1
152227,0
152228,0
152229,0
152230,0
152231,0
152232,0
152233,0
152234,0
152235,0
152236,0
152237,3
152238,0
152239,0
152240,0
152241,0
152242,0
152243,0
152244,0
152245,1
152246,0
152247,0
152248,0
152249,0
152250,2
152251,0
152252,0
152253,0
152254,0
152255,0
152256,0
152257,0
152258,0
152259,0
152260,0
152261,0
152262,0
152263,0
152264,0
152265,0
152266,2
152267,0
152268,3
152269,3
152270,0
152271,0
152272,1
152273,0
152274,0
152275,0
152276,1
152277,0
152278,2
152279,0
152280,0
152281,3
152282,0
152283,0
152284,2
152285,0
152286,0
152287,0
152288,0
152289,0
152290,0
152291,0
152292,0
152293,0
152294,0
152295,0
152296,0
152297,4
152298,7
152299,0
152300,0
152301,0
152302,0
152303,1
152304,2
152305,3
152306,0
152307,0
152308,3
152309,0
152310,0
152311,1
152312,0
152313,0
152314,0
152315,0
152316,0
152317,0
152318,1
152319,0
152320,0
152321,1
152322,1
152323,0
152324,0
152325,0
152326,0
152327,0
152328,0
152329,1
152330,0
152331,0
152332,0
152333,2
152334,0
152335,0
152336,0
152337,0
152338,0
152339,0
152340,0
152341,0
152342,0
152343,0
152344,0
152345,0
152346,0
152347,0
152348,0
152349,0
152350,0
152351,0
152352,3
152353,0
152354,0
152355,4
152356,0
152357,4
152358,3
152359,3
152360,0
152361,0
152362,0
152363,0
152364,0
152365,0
152366,0
152367,0
152368,0
152369,0
152370,1
152371,1
152372,0
152373,0
152374,0
152375,0
152376,0
152377,0
152378,0
152379,0
152380,0
152381,0
152382,0
152383,8
152384,0
152385,0
152386,0
152387,0
152388,0
152389,0
152390,0
152391,2
152392,0
152393,0
152394,1
152395,0
152396,0
152397,2
152398,0
152399,0
152400,1
152401,3
152402,0
152403,3
152404,0
152405,3
152406,0
152407,0
152408,0
152409,0
152410,0
152411,1
152412,0
152413,0
152414,0
152415,0
152416,0
152417,0
152418,0
152419,0
152420,0
152421,0
152422,0
152423,5
152424,0
152425,0
152426,0
152427,0
152428,3
152429,0
152430,0
152431,0
152432,0
152433,0
152434,0
152435,0
152436,2
152437,1
152438,0
152439,0
152440,1
152441,0
152442,0
152443,3
152444,0
152445,2
152446,0
152447,2
152448,0
152449,0
152450,0
152451,0
152452,1
152453,0
152454,0
152455,0
152456,0
152457,0
152458,0
152459,0
152460,1
152461,0
152462,0
152463,0
152464,0
152465,0
152466,2
152467,0
152468,0
152469,0
152470,0
152471,0
152472,0
152473,2
152474,0
152475,0
152476,3
152477,1
152478,0
152479,0
152480,0
152481,0
152482,1
152483,0
152484,1
152485,3
152486,0
152487,0
152488,0
152489,2
152490,0
152491,0
152492,0
152493,0
152494,1
152495,0
152496,0
152497,2
152498,0
152499,2
152500,0
152501,0
152502,0
152503,0
152504,0
152505,0
152506,0
152507,0
152508,0
152509,0
152510,2
152511,0
152512,2
152513,0
152514,0
152515,0
152516,0
152517,0
152518,0
152519,0
152520,2
152521,0
152522,0
152523,0
152524,0
152525,0
152526,0
152527,0
152528,0
152529,0
152530,0
152531,0
152532,0
152533,0
152534,0
152535,1
152536,3
152537,2
152538,0
152539,0
152540,0
152541,0
152542,4
152543,0
152544,0
152545,0
152546,0
152547,0
152548,0
152549,0
152550,0
152551,2
152552,0
152553,0
152554,0
152555,0
152556,0
152557,0
152558,0
152559,0
152560,2
152561,0
152562,0
152563,0
152564,0
152565,0
152566,0
152567,0
152568,0
152569,0
152570,0
152571,0
152572,1
152573,0
152574,0
152575,0
152576,0
152577,0
152578,0
152579,0
152580,3
152581,0
152582,2
152583,0
152584,0
152585,2
152586,1
152587,3
152588,0
152589,3
152590,4
152591,4
152592,2
152593,0
152594,0
152595,0
152596,0
152597,0
152598,1
152599,0
152600,3
152601,0
152602,2
152603,0
152604,0
152605,0
152606,2
152607,0
152608,0
152609,0
152610,0
152611,0
152612,0
152613,2
152614,3
152615,0
152616,2
152617,0
152618,0
152619,0
152620,0
152621,0
152622,0
152623,0
152624,0
152625,0
152626,2
152627,0
152628,0
152629,0
152630,0
152631,0
152632,0
152633,0
152634,0
152635,1
152636,2
152637,0
152638,3
152639,0
152640,3
152641,0
152642,0
152643,0
152644,0
152645,0
152646,1
152647,1
152648,0
152649,0
152650,1
152651,0
152652,1
152653,0
152654,1
152655,3
152656,0
152657,0
152658,2
152659,0
152660,0
152661,0
152662,0
152663,0
152664,0
152665,1
152666,0
152667,3
152668,2
152669,0
152670,0
152671,0
152672,0
152673,0
152674,1
152675,0
152676,2
152677,0
152678,0
152679,6
152680,0
152681,0
152682,2
152683,3
152684,1
152685,0
152686,0
152687,0
152688,0
152689,0
152690,0
152691,0
152692,0
152693,0
152694,0
152695,0
152696,0
152697,0
152698,1
152699,0
152700,0
152701,0
152702,0
152703,0
152704,0
152705,3
152706,0
152707,0
152708,1
152709,0
152710,0
152711,0
152712,0
152713,0
152714,0
152715,0
152716,0
152717,0
152718,2
152719,1
152720,2
152721,0
152722,0
152723,1
152724,0
152725,1
152726,2
152727,0
152728,2
152729,1
152730,0
152731,2
152732,0
152733,0
152734,0
152735,0
152736,0
152737,0
152738,0
152739,0
152740,0
152741,0
152742,0
152743,3
152744,0
152745,3
152746,0
152747,0
152748,0
152749,0
152750,0
152751,0
152752,0
152753,0
152754,3
152755,0
152756,0
152757,0
152758,1
152759,0
152760,0
152761,0
152762,0
152763,3
152764,0
152765,0
152766,0
152767,0
152768,0
152769,0
152770,0
152771,0
152772,0
152773,0
152774,0
152775,0
152776,1
152777,0
152778,0
152779,0
152780,0
152781,0
152782,0
152783,0
152784,3
152785,0
152786,0
152787,0
152788,0
152789,0
152790,0
152791,0
152792,0
152793,2
152794,1
152795,0
152796,1
152797,0
152798,2
152799,0
152800,0
152801,0
152802,0
152803,0
152804,3
152805,0
152806,0
152807,4
152808,0
152809,0
152810,0
152811,0
152812,4
152813,10
152814,0
152815,0
152816,0
152817,0
152818,0
152819,0
152820,0
152821,0
152822,0
152823,0
152824,0
152825,0
152826,0
152827,0
152828,19
152829,0
152830,19
152831,0
152832,0
152833,22
152834,0
152835,0
152836,0
152837,18
152838,0
152839,0
152840,18
152841,0
152842,0
152843,20
152844,0
152845,0
152846,0
152847,0
152848,0
152849,0
152850,0
152851,13
152852,0
152853,0
152854,24
152855,0
152856,0
152857,0
152858,0
152859,17
152860,0
152861,0
152862,0
152863,0
152864,0
152865,0
152866,0
152867,0
152868,11
152869,0
152870,8
152871,11
152872,0
152873,0
152874,0
152875,14
152876,0
152877,0
152878,8
152879,0
152880,12
152881,0
152882,22
152883,0
152884,0
152885,12
152886,0
152887,0
152888,0
152889,10
152890,0
152891,0
152892,0
152893,16
152894,13
152895,17
152896,0
152897,0
152898,0
152899,0
152900,0
152901,0
152902,21
152903,10
152904,7
152905,0
152906,0
152907,0
152908,0
152909,0
152910,0
152911,0
152912,0
152913,0
152914,12
152915,0
152916,0
152917,0
152918,0
152919,7
152920,0
152921,0
152922,19
152923,0
152924,0
152925,0
152926,0
152927,0
152928,0
152929,11
152930,14
152931,0
152932,0
152933,0
152934,22
152935,0
152936,0
152937,0
152938,17
152939,16
152940,0
152941,0
152942,13
152943,0
152944,4
152945,0
152946,14
152947,22
152948,0
152949,0
152950,0
152951,12
152952,18
152953,0
152954,0
152955,0
152956,11
152957,0
152958,0
152959,12
152960,0
152961,0
152962,0
152963,0
152964,0
152965,17
152966,0
152967,14
152968,0
152969,16
152970,0
152971,9
152972,0
152973,0
152974,0
152975,0
152976,0
152977,0
152978,0
152979,0
152980,0
152981,0
152982,0
152983,15
152984,0
152985,13
152986,0
152987,17
152988,20
152989,0
152990,0
152991,0
152992,15
152993,0
152994,0
152995,14
152996,0
152997,13
152998,0
152999,0
153000,7
153001,0
153002,0
153003,0
153004,19
153005,0
153006,0
153007,0
153008,0
153009,0
153010,0
153011,0
153012,0
153013,0
153014,0
153015,0
153016,0
153017,0
153018,0
153019,0
153020,0
153021,0
153022,0
153023,0
153024,0
153025,0
153026,15
153027,0
153028,0
153029,10
153030,0
153031,0
153032,0
153033,0
153034,0
153035,0
153036,0
153037,0
153038,0
153039,0
153040,0
153041,15
153042,0
153043,0
153044,21
153045,0
153046,0
153047,0
153048,12
153049,0
153050,0
153051,0
153052,0
153053,0
153054,0
153055,0
153056,0
153057,0
153058,0
153059,0
153060,0
153061,0
153062,0
153063,0
153064,0
153065,17
153066,0
153067,0
153068,15
153069,0
153070,0
153071,0
153072,0
153073,15
153074,15
153075,0
153076,17
153077,0
153078,0
153079,0
153080,0
153081,0
153082,0
153083,0
153084,12
153085,0
153086,0
153087,19
153088,0
153089,0
153090,0
153091,18
153092,0
153093,0
153094,0
153095,0
153096,0
153097,22
153098,12
153099,0
153100,0
153101,0
153102,0
153103,0
153104,0
153105,0
153106,0
153107,0
153108,19
153109,0
153110,0
153111,0
153112,0
153113,14
153114,0
153115,0
153116,0
153117,0
153118,0
153119,0
153120,13
153121,18
153122,0
153123,0
153124,0
153125,11
153126,0
153127,0
153128,0
153129,0
153130,0
153131,0
153132,0
153133,0
153134,0
153135,0
153136,0
153137,0
153138,13
153139,0
153140,0
153141,17
153142,0
153143,0
153144,0
153145,0
153146,0
153147,0
153148,14
153149,0
153150,0
153151,0
153152,0
153153,9
153154,13
153155,0
153156,0
153157,0
153158,0
153159,16
153160,0
153161,0
153162,0
153163,0
153164,17
153165,0
153166,0
153167,15
153168,0
153169,0
153170,0
153171,0
153172,0
153173,18
153174,0
153175,21
153176,0
153177,0
153178,14
153179,0
153180,0
153181,0
153182,0
153183,0
153184,12
153185,0
153186,0
153187,0
153188,0
153189,0
153190,0
153191,0
153192,0
153193,0
153194,0
153195,0
153196,0
153197,0
153198,0
153199,0
153200,0
153201,18
153202,0
153203,0
153204,0
153205,0
153206,8
153207,0
153208,0
153209,0
153210,0
153211,0
153212,0
153213,0
153214,0
153215,0
153216,0
153217,0
153218,0
153219,11
153220,0
153221,8
153222,0
153223,0
153224,0
153225,0
153226,0
153227,0
153228,0
153229,0
153230,23
153231,0
153232,0
153233,14
153234,18
153235,0
153236,13
153237,0
153238,0
153239,20
153240,0
153241,17
153242,0
153243,0
153244,0
153245,0
153246,0
153247,25
153248,0
153249,0
153250,0
153251,10
153252,0
153253,0
153254,22
153255,0
153256,0
153257,0
153258,0
153259,14
153260,0
153261,0
153262,0
153263,0
153264,0
153265,0
153266,10
153267,0
153268,0
153269,0
153270,0
153271,8
153272,0
153273,0
153274,0
153275,0
153276,0
153277,0
153278,0
153279,0
153280,0
153281,21
153282,0
153283,0
153284,0
153285,0
153286,0
153287,15
153288,0
153289,14
153290,0
153291,0
153292,18
153293,16
153294,0
153295,0
153296,0
153297,0
153298,0
153299,0
153300,19
153301,15
153302,0
153303,0
153304,0
153305,0
153306,0
153307,0
153308,0
153309,0
153310,0
153311,0
153312,22
153313,0
153314,0
153315,0
153316,0
153317,15
153318,0
153319,11
153320,10
153321,0
153322,0
153323,0
153324,0
153325,0
153326,0
153327,0
153328,14
153329,0
153330,0
153331,0
153332,0
153333,0
153334,0
153335,0
153336,0
153337,19
153338,0
153339,0
153340,0
153341,9
153342,0
153343,0
153344,18
153345,0
153346,0
153347,0
153348,13
153349,0
153350,0
153351,0
153352,0
153353,0
153354,14
153355,22
153356,0
153357,0
153358,0
153359,0
153360,0
153361,0
153362,16
153363,0
153364,0
153365,0
153366,0
153367,0
153368,0
153369,0
153370,13
153371,0
153372,13
153373,0
153374,0
153375,15
153376,22
153377,0
153378,0
153379,0
153380,0
153381,0
153382,0
153383,12
153384,9
153385,0
153386,0
153387,0
153388,0
153389,10
153390,0
153391,13
153392,0
153393,0
153394,0
153395,0
153396,0
153397,15
153398,0
153399,0
153400,20
153401,0
153402,0
153403,14
153404,0
153405,0
153406,0
153407,9
153408,0
153409,14
153410,0
153411,15
153412,0
153413,0
153414,0
153415,0
153416,19
153417,0
153418,13
153419,0
153420,0
153421,0
153422,18
153423,0
153424,0
153425,0
153426,0
153427,10
153428,0
153429,0
153430,16
153431,0
153432,0
153433,0
153434,16
153435,0
153436,0
153437,0
153438,0
153439,0
153440,0
153441,0
153442,0
153443,9
153444,11
153445,0
153446,0
153447,11
153448,0
153449,12
153450,15
153451,0
153452,0
153453,0
153454,0
153455,0
153456,14
153457,0
153458,13
153459,0
153460,21
153461,9
153462,0
153463,0
153464,0
153465,16
153466,0
153467,0
153468,0
153469,0
153470,9
153471,9
153472,25
153473,0
153474,0
153475,0
153476,21
153477,17
153478,0
153479,0
153480,23
153481,0
153482,0
153483,7
153484,0
153485,0
153486,0
153487,0
153488,0
153489,16
153490,0
153491,0
153492,0
153493,21
153494,0
153495,0
153496,0
153497,0
153498,0
153499,0
153500,0
153501,0
153502,0
153503,19
153504,0
153505,13
153506,0
153507,11
153508,0
153509,0
153510,0
153511,0
153512,17
153513,0
153514,0
153515,0
153516,0
153517,0
153518,0
153519,0
153520,0
153521,0
153522,0
153523,0
153524,0
153525,0
153526,0
153527,0
153528,0
153529,0
153530,0
153531,0
153532,0
153533,0
153534,0
153535,0
153536,0
153537,0
153538,0
153539,0
153540,0
153541,0
153542,0
153543,0
153544,0
153545,0
153546,0
153547,0
153548,0
153549,0
153550,11
153551,0
153552,0
153553,0
153554,0
153555,0
153556,0
153557,0
153558,0
153559,0
153560,0
153561,0
153562,0
153563,12
153564,0
153565,0
153566,0
153567,0
153568,0
153569,0
153570,0
153571,0
153572,0
153573,0
153574,0
153575,0
153576,0
153577,0
153578,0
153579,0
153580,0
153581,0
153582,0
153583,0
153584,0
153585,10
153586,0
153587,0
153588,0
153589,0
153590,0
153591,17
153592,0
153593,0
153594,0
153595,0
153596,0
153597,12
153598,0
153599,0
153600,0
153601,0
153602,0
153603,0
153604,0
153605,0
153606,12
153607,0
153608,0
153609,0
153610,0
153611,0
153612,0
153613,13
153614,0
153615,0
153616,0
153617,0
153618,0
153619,0
153620,0
153621,0
153622,0
153623,0
153624,0
153625,0
153626,0
153627,0
153628,0
153629,0
153630,0
153631,0
153632,0
153633,0
153634,0
153635,0
153636,0
153637,0
153638,0
153639,0
153640,0
153641,0
153642,0
153643,0
153644,0
153645,0
153646,0
153647,0
153648,0
153649,0
153650,0
153651,0
153652,0
153653,0
153654,0
153655,0
153656,0
153657,0
153658,0
153659,0
153660,0
153661,0
153662,0
153663,0
153664,0
153665,12
153666,0
153667,0
153668,0
153669,0
153670,0
153671,0
153672,0
153673,0
153674,0
153675,0
153676,0
153677,0
153678,0
153679,0
153680,0
153681,0
153682,0
153683,13
153684,0
153685,0
153686,0
153687,0
153688,0
153689,0
153690,0
153691,0
153692,9
153693,0
153694,0
153695,16
153696,0
153697,0
153698,0
153699,0
153700,0
153701,0
153702,0
153703,0
153704,0
153705,0
153706,0
153707,0
153708,0
153709,0
153710,0
153711,0
153712,0
153713,0
153714,0
153715,0
153716,0
153717,0
153718,0
153719,0
153720,0
153721,0
153722,0
153723,0
153724,0
153725,10
153726,0
153727,0
153728,0
153729,0
153730,0
153731,0
153732,16
153733,0
153734,0
153735,0
153736,0
153737,0
153738,0
153739,0
153740,0
153741,0
153742,0
153743,0
153744,0
153745,0
153746,0
153747,0
153748,19
153749,0
153750,0
153751,0
153752,0
153753,0
153754,0
153755,0
153756,0
153757,0
153758,0
153759,0
153760,0
153761,0
153762,0
153763,0
153764,0
153765,0
153766,0
153767,0
153768,0
153769,0
153770,0
153771,0
153772,0
153773,0
153774,10
153775,0
153776,0
153777,0
153778,0
153779,0
153780,0
153781,0
153782,0
153783,0
153784,0
153785,0
153786,0
153787,0
153788,0
153789,0
153790,0
153791,16
153792,0
153793,0
153794,0
153795,0
153796,0
153797,0
153798,0
153799,0
153800,13
153801,0
153802,0
153803,0
153804,0
153805,0
153806,0
153807,0
153808,0
153809,0
153810,0
153811,0
153812,0
153813,0
153814,0
153815,0
153816,0
153817,0
153818,0
153819,0
153820,0
153821,0
153822,0
153823,0
153824,0
153825,0
153826,0
153827,0
153828,0
153829,0
153830,0
153831,0
153832,0
153833,0
153834,14
153835,0
153836,0
153837,0
153838,0
153839,0
153840,0
153841,0
153842,0
153843,0
153844,0
153845,0
153846,0
153847,0
153848,0
153849,0
153850,0
153851,0
153852,0
153853,13
153854,0
153855,0
153856,0
153857,0
153858,12
153859,23
153860,0
153861,0
153862,0
153863,0
153864,21
153865,0
153866,0
153867,0
153868,20
153869,0
153870,0
153871,7
153872,0
153873,0
153874,0
153875,0
153876,0
153877,0
153878,0
153879,0
153880,0
153881,18
153882,0
153883,0
153884,0
153885,0
153886,0
153887,0
153888,0
153889,0
153890,0
153891,0
153892,0
153893,0
153894,20
153895,0
153896,11
153897,0
153898,0
153899,0
153900,0
153901,0
153902,0
153903,0
153904,0
153905,0
153906,0
153907,0
153908,0
153909,24
153910,0
153911,0
153912,0
153913,10
153914,0
153915,0
153916,0
153917,0
153918,0
153919,0
153920,0
153921,17
153922,0
153923,0
153924,0
153925,0
153926,0
153927,0
153928,0
153929,0
153930,0
153931,0
153932,0
153933,0
153934,0
153935,0
153936,0
153937,0
153938,0
153939,0
153940,0
153941,0
153942,0
153943,0
153944,0
153945,0
153946,0
153947,0
153948,19
153949,0
153950,0
153951,0
153952,0
153953,0
153954,0
153955,0
153956,17
153957,0
153958,0
153959,0
153960,0
153961,9
153962,0
153963,11
153964,0
153965,9
153966,0
153967,0
153968,0
153969,0
153970,0
153971,0
153972,0
153973,0
153974,0
153975,0
153976,0
153977,0
153978,0
153979,0
153980,0
153981,0
153982,0
153983,0
153984,0
153985,0
153986,0
153987,0
153988,0
153989,0
153990,0
153991,0
153992,16
153993,0
153994,19
153995,0
153996,0
153997,0
153998,0
153999,0
154000,0
154001,0
154002,0
154003,17
154004,13
154005,0
154006,0
154007,0
154008,0
154009,0
154010,0
154011,0
154012,0
154013,8
154014,0
154015,0
154016,13
154017,0
154018,0
154019,9
154020,0
154021,0
154022,0
154023,0
154024,0
154025,0
154026,0
154027,0
154028,0
154029,0
154030,0
154031,0
154032,0
154033,0
154034,0
154035,0
154036,0
154037,0
154038,0
154039,0
154040,0
154041,0
154042,0
154043,10
154044,0
154045,0
154046,0
154047,0
154048,0
154049,0
154050,0
154051,0
154052,0
154053,0
154054,0
154055,0
154056,0
154057,0
154058,0
154059,0
154060,0
154061,0
154062,0
154063,0
154064,0
154065,0
154066,0
154067,0
154068,0
154069,0
154070,0
154071,0
154072,0
154073,0
154074,0
154075,0
154076,0
154077,11
154078,0
154079,0
154080,0
154081,0
154082,0
154083,0
154084,0
154085,0
154086,0
154087,0
154088,0
154089,0
154090,0
154091,0
154092,13
154093,0
154094,0
154095,0
154096,0
154097,0
154098,13
154099,0
154100,0
154101,0
154102,0
154103,0
154104,16
154105,0
154106,0
154107,0
154108,11
154109,0
154110,0
154111,0
154112,0
154113,0
154114,0
154115,0
154116,0
154117,0
154118,0
154119,0
154120,0
154121,15
154122,0
154123,0
154124,0
154125,0
154126,0
154127,0
154128,0
154129,0
154130,0
154131,0
154132,0
154133,0
154134,0
154135,0
154136,0
154137,0
154138,0
154139,0
154140,0
154141,0
154142,8
154143,0
154144,0
154145,12
154146,0
154147,0
154148,0
154149,0
154150,0
154151,0
154152,0
154153,0
154154,0
154155,0
154156,0
154157,0
154158,0
154159,0
154160,0
154161,0
154162,0
154163,0
154164,0
154165,0
154166,0
154167,0
154168,0
154169,0
154170,0
154171,0
154172,0
154173,0
154174,0
154175,0
154176,0
154177,0
154178,0
154179,0
154180,0
154181,0
154182,0
154183,0
154184,14
154185,0
154186,0
154187,0
154188,0
154189,0
154190,0
154191,0
154192,0
154193,0
154194,0
154195,0
154196,0
154197,0
154198,0
154199,0
154200,0
154201,0
154202,0
154203,0
154204,0
154205,0
154206,9
154207,0
154208,0
154209,0
154210,0
154211,0
154212,13
154213,0
154214,0
154215,0
154216,0
154217,0
154218,0
154219,16
154220,0
154221,0
154222,0
154223,0
154224,0
154225,0
154226,0
154227,0
154228,0
154229,0
154230,15
154231,16
154232,0
154233,0
154234,0
154235,0
154236,0
154237,15
154238,0
154239,18
154240,12
154241,0
154242,0
154243,0
154244,0
154245,0
154246,0
154247,0
154248,0
154249,0
154250,0
154251,0
154252,0
154253,0
154254,0
154255,0
154256,0
154257,0
154258,0
154259,0
154260,0
154261,0
154262,11
154263,0
154264,0
154265,0
154266,0
154267,0
154268,0
154269,0
154270,0
154271,0
154272,19
154273,0
154274,0
154275,0
154276,0
154277,13
154278,0
154279,21
154280,0
154281,0
154282,17
154283,30
154284,18
154285,0
154286,0
154287,0
154288,0
154289,0
154290,0
154291,0
154292,28
154293,16
154294,0
154295,14
154296,20
154297,0
154298,0
154299,0
154300,0
154301,16
154302,13
154303,18
154304,0
154305,0
154306,0
154307,0
154308,0
154309,30
154310,18
154311,0
154312,22
154313,0
154314,0
154315,19
154316,0
154317,0
154318,20
154319,0
154320,0
154321,0
154322,14
154323,0
154324,0
154325,0
154326,0
154327,0
154328,0
154329,0
154330,0
154331,23
154332,0
154333,0
154334,0
154335,0
154336,0
154337,12
154338,0
154339,0
154340,0
154341,0
154342,0
154343,0
154344,0
154345,0
154346,22
154347,0
154348,0
154349,0
154350,0
154351,0
154352,0
154353,0
154354,0
154355,0
154356,0
154357,0
154358,20
154359,0
154360,0
154361,0
154362,0
154363,17
154364,0
154365,24
154366,0
154367,0
154368,8
154369,0
154370,0
154371,17
154372,23
154373,13
154374,0
154375,11
154376,0
154377,0
154378,0
154379,0
154380,0
154381,0
154382,0
154383,0
154384,31
154385,0
154386,0
154387,0
154388,0
154389,0
154390,0
154391,17
154392,13
154393,0
154394,0
154395,0
154396,22
154397,0
154398,21
154399,0
154400,17
154401,20
154402,0
154403,19
154404,16
154405,21
154406,0
154407,0
154408,22
154409,0
154410,0
154411,0
154412,0
154413,13
154414,0
154415,0
154416,0
154417,0
154418,0
154419,0
154420,19
154421,0
154422,0
154423,0
154424,0
154425,0
154426,0
154427,0
154428,0
154429,9
154430,0
154431,0
154432,0
154433,0
154434,0
154435,0
154436,0
154437,0
154438,23
154439,0
154440,0
154441,0
154442,16
154443,20
154444,0
154445,0
154446,0
154447,20
154448,0
154449,20
154450,36
154451,0
154452,0
154453,0
154454,0
154455,0
154456,0
154457,0
154458,0
154459,0
154460,0
154461,0
154462,14
154463,18
154464,0
154465,26
154466,0
154467,0
154468,0
154469,31
154470,0
154471,0
154472,0
154473,13
154474,0
154475,0
154476,16
154477,0
154478,0
154479,21
154480,0
154481,0
154482,0
154483,0
154484,16
154485,0
154486,0
154487,0
154488,0
154489,0
154490,0
154491,31
154492,0
154493,0
154494,18
154495,0
154496,0
154497,0
154498,0
154499,0
154500,15
154501,0
154502,15
154503,0
154504,23
154505,0
154506,0
154507,32
154508,12
154509,22
154510,0
154511,0
154512,0
154513,21
154514,21
154515,0
154516,0
154517,0
154518,0
154519,0
154520,0
154521,0
154522,0
154523,16
154524,0
154525,0
154526,14
154527,0
154528,0
154529,0
154530,0
154531,0
154532,0
154533,25
154534,28
154535,0
154536,0
154537,0
154538,0
154539,0
154540,0
154541,0
154542,0
154543,0
154544,0
154545,0
154546,0
154547,0
154548,0
154549,0
154550,0
154551,0
154552,0
154553,0
154554,0
154555,0
154556,0
154557,0
154558,0
154559,0
154560,0
154561,0
154562,0
154563,0
154564,0
154565,0
154566,0
154567,0
154568,22
154569,25
154570,0
154571,0
154572,18
154573,7
154574,0
154575,0
154576,0
154577,21
154578,0
154579,22
154580,16
154581,0
154582,0
154583,0
154584,0
154585,0
154586,18
154587,0
154588,0
154589,0
154590,0
154591,0
154592,0
154593,0
154594,0
154595,0
154596,29
154597,0
154598,0
154599,15
154600,0
154601,0
154602,21
154603,0
154604,30
154605,19
154606,0
154607,24
154608,0
154609,0
154610,0
154611,0
154612,0
154613,0
154614,12
154615,0
154616,27
154617,0
154618,0
154619,0
154620,0
154621,34
154622,0
154623,0
154624,0
154625,15
154626,15
154627,0
154628,0
154629,0
154630,24
154631,0
154632,0
154633,0
154634,0
154635,0
154636,15
154637,17
154638,25
154639,0
154640,7
154641,0
154642,0
154643,0
154644,22
154645,0
154646,0
154647,0
154648,0
154649,0
154650,0
154651,10
154652,0
154653,18
154654,27
154655,0
154656,0
154657,0
154658,26
154659,0
154660,0
154661,0
154662,17
154663,24
154664,0
154665,0
154666,0
154667,0
154668,32
154669,0
154670,24
154671,0
154672,0
154673,18
154674,0
154675,11
154676,0
154677,0
154678,21
154679,0
154680,0
154681,0
154682,0
154683,0
154684,0
154685,16
154686,0
154687,20
154688,0
154689,0
154690,29
154691,0
154692,0
154693,0
154694,23
154695,0
154696,0
154697,0
154698,13
154699,0
154700,0
154701,21
154702,0
154703,0
154704,0
154705,0
154706,20
154707,0
154708,0
154709,0
154710,0
154711,0
154712,0
154713,16
154714,0
154715,0
154716,0
154717,0
154718,0
154719,0
154720,0
154721,0
154722,0
154723,0
154724,27
154725,20
154726,0
154727,20
154728,20
154729,0
154730,0
154731,0
154732,0
154733,0
154734,0
154735,0
154736,0
154737,0
154738,19
154739,0
154740,0
154741,0
154742,0
154743,0
154744,0
154745,0
154746,0
154747,16
154748,0
154749,0
154750,0
154751,0
154752,0
154753,0
154754,0
154755,0
154756,0
154757,0
154758,0
154759,0
154760,0
154761,0
154762,0
154763,0
154764,0
154765,0
154766,0
154767,0
154768,24
154769,17
154770,0
154771,0
154772,20
154773,0
154774,17
154775,0
154776,0
154777,0
154778,0
154779,0
154780,12
154781,0
154782,16
154783,19
154784,0
154785,0
154786,0
154787,0
154788,0
154789,0
154790,0
154791,0
154792,0
154793,0
154794,0
154795,0
154796,0
154797,17
154798,0
154799,0
154800,0
154801,0
154802,0
154803,0
154804,0
154805,20
154806,0
154807,0
154808,0
154809,0
154810,0
154811,0
154812,0
154813,20
154814,0
154815,0
154816,0
154817,0
154818,0
154819,0
154820,0
154821,0
154822,19
154823,0
154824,0
154825,0
154826,0
154827,0
154828,27
154829,0
154830,0
154831,0
154832,17
154833,0
154834,0
154835,0
154836,0
154837,0
154838,21
154839,18
154840,0
154841,0
154842,0
154843,0
154844,19
154845,0
154846,0
154847,19
154848,16
154849,0
154850,0
154851,20
154852,0
154853,0
154854,0
154855,0
154856,0
154857,0
154858,0
154859,22
154860,0
154861,0
154862,0
154863,0
154864,0
154865,0
154866,0
154867,0
154868,0
154869,0
154870,0
154871,0
154872,0
154873,15
154874,22
154875,0
154876,0
154877,0
154878,0
154879,0
154880,0
154881,13
154882,0
154883,0
154884,23
154885,0
154886,0
154887,0
154888,0
154889,0
154890,20
154891,21
154892,27
154893,0
154894,15
154895,0
154896,27
154897,0
154898,0
154899,0
154900,0
154901,0
154902,22
154903,0
154904,12
154905,0
154906,12
154907,0
154908,0
154909,0
154910,0
154911,0
154912,0
154913,0
154914,20
154915,0
154916,30
154917,0
154918,0
154919,0
154920,0
154921,0
154922,0
154923,0
154924,0
154925,0
154926,0
154927,0
154928,0
154929,0
154930,14
154931,0
154932,0
154933,15
154934,0
154935,0
154936,0
154937,0
154938,0
154939,0
154940,12
154941,0
154942,0
154943,0
154944,16
154945,0
154946,21
154947,16
154948,0
154949,13
154950,0
154951,0
154952,0
154953,15
154954,0
154955,0
154956,25
154957,0
154958,0
154959,0
154960,0
154961,0
154962,24
154963,27
154964,0
154965,19
154966,32
154967,0
154968,0
154969,0
154970,0
154971,0
154972,0
154973,13
154974,0
154975,0
154976,0
154977,0
154978,0
154979,0
154980,0
154981,0
154982,0
154983,0
154984,0
154985,0
154986,19
154987,0
154988,13
154989,0
154990,15
154991,0
154992,0
154993,13
154994,19
154995,20
154996,0
154997,0
154998,0
154999,0
155000,0
155001,0
155002,0
155003,0
155004,0
155005,32
155006,0
155007,0
155008,0
155009,0
155010,0
155011,0
155012,0
155013,0
155014,0
155015,0
155016,0
155017,0
155018,0
155019,0
155020,27
155021,0
155022,11
155023,0
155024,29
155025,12
155026,0
155027,0
155028,0
155029,23
155030,0
155031,0
155032,0
155033,17
155034,0
155035,0
155036,0
155037,0
155038,12
155039,0
155040,0
155041,0
155042,0
155043,0
155044,0
155045,0
155046,0
155047,0
155048,27
155049,0
155050,0
155051,19
155052,0
155053,0
155054,0
155055,9
155056,0
155057,0
155058,0
155059,0
155060,0
155061,0
155062,0
155063,15
155064,0
155065,0
155066,23
155067,0
155068,0
155069,0
155070,0
155071,0
155072,0
155073,0
155074,0
155075,0
155076,20
155077,20
155078,0
155079,0
155080,0
155081,0
155082,11
155083,0
155084,0
155085,0
155086,0
155087,23
155088,0
155089,0
155090,0
155091,26
155092,0
155093,0
155094,0
155095,0
155096,0
155097,0
155098,0
155099,14
155100,30
155101,0
155102,0
155103,7
155104,0
155105,16
155106,0
155107,0
155108,0
155109,0
155110,22
155111,0
155112,0
155113,0
155114,0
155115,0
155116,0
155117,0
155118,23
155119,21
155120,0
155121,0
155122,20
155123,26
155124,0
155125,22
155126,0
155127,0
155128,0
155129,0
155130,0
155131,0
155132,0
155133,0
155134,0
155135,0
155136,15
155137,0
155138,0
155139,0
155140,0
155141,0
155142,0
155143,0
155144,20
155145,0
155146,0
155147,0
155148,24
155149,0
155150,0
155151,0
155152,0
155153,0
155154,30
155155,0
155156,21
155157,0
155158,25
155159,0
155160,0
155161,14
155162,0
155163,0
155164,20
155165,0
155166,0
155167,0
155168,17
155169,0
155170,0
155171,19
155172,0
155173,16
155174,0
155175,0
155176,0
155177,0
155178,0
155179,0
155180,0
155181,0
155182,0
155183,0
155184,22
155185,0
155186,0
155187,0
155188,0
155189,17
155190,0
155191,0
155192,0
155193,0
155194,0
155195,5
155196,0
155197,0
155198,0
155199,0
155200,0
155201,0
155202,7
155203,0
155204,0
155205,0
155206,0
155207,0
155208,0
155209,0
155210,20
155211,0
155212,10
155213,0
155214,0
155215,0
155216,0
155217,0
155218,22
155219,0
155220,13
155221,0
155222,0
155223,0
155224,0
155225,0
155226,0
155227,0
155228,0
155229,18
155230,0
155231,0
155232,0
155233,0
155234,0
155235,0
155236,15
155237,0
155238,0
155239,0
155240,9
155241,15
155242,18
155243,0
155244,0
155245,0
155246,0
155247,0
155248,0
155249,0
155250,0
155251,0
155252,21
155253,0
155254,0
155255,0
155256,0
155257,14
155258,0
155259,0
155260,8
155261,0
155262,0
155263,13
155264,0
155265,0
155266,0
155267,0
155268,0
155269,0
155270,0
155271,0
155272,0
155273,7
155274,0
155275,0
155276,0
155277,17
155278,0
155279,0
155280,0
155281,0
155282,0
155283,0
155284,0
155285,0
155286,0
155287,0
155288,0
155289,0
155290,0
155291,0
155292,0
155293,14
155294,0
155295,0
155296,0
155297,0
155298,0
155299,0
155300,0
155301,16
155302,13
155303,0
155304,0
155305,0
155306,0
155307,0
155308,0
155309,0
155310,0
155311,0
155312,0
155313,0
155314,0
155315,0
155316,12
155317,0
155318,0
155319,0
155320,0
155321,8
155322,0
155323,0
155324,0
155325,0
155326,0
155327,14
155328,12
155329,0
155330,0
155331,0
155332,0
155333,9
155334,0
155335,0
155336,22
155337,10
155338,0
155339,23
155340,0
155341,19
155342,0
155343,0
155344,0
155345,0
155346,0
155347,0
155348,0
155349,30
155350,28
155351,0
155352,0
155353,0
155354,0
155355,0
155356,0
155357,0
155358,0
155359,0
155360,0
155361,0
155362,39
155363,16
155364,37
155365,0
155366,29
155367,0
155368,0
155369,0
155370,0
155371,0
155372,24
155373,0
155374,0
155375,0
155376,0
155377,40
155378,20
155379,0
155380,0
155381,0
155382,0
155383,0
155384,0
155385,0
155386,0
155387,0
155388,0
155389,0
155390,0
155391,39
155392,0
155393,0
155394,34
155395,0
155396,0
155397,0
155398,0
155399,0
155400,0
155401,0
155402,0
155403,0
155404,0
155405,0
155406,0
155407,0
155408,0
155409,0
155410,0
155411,0
155412,0
155413,38
155414,0
155415,0
155416,0
155417,0
155418,0
155419,0
155420,0
155421,0
155422,0
155423,0
155424,34
155425,0
155426,0
155427,0
155428,26
155429,0
155430,0
155431,0
155432,0
155433,0
155434,0
155435,0
155436,0
155437,0
155438,28
155439,0
155440,34
155441,41
155442,0
155443,37
155444,0
155445,0
155446,33
155447,0
155448,0
155449,0
155450,0
155451,0
155452,0
155453,0
155454,31
155455,0
155456,0
155457,0
155458,0
155459,0
155460,0
155461,0
155462,0
155463,0
155464,0
155465,30
155466,0
155467,0
155468,29
155469,0
155470,31
155471,0
155472,0
155473,0
155474,0
155475,0
155476,0
155477,0
155478,0
155479,25
155480,0
155481,0
155482,0
155483,0
155484,0
155485,36
155486,0
155487,0
155488,35
155489,0
155490,30
155491,37
155492,0
155493,0
155494,32
155495,0
155496,0
155497,23
155498,0
155499,0
155500,0
155501,0
155502,0
155503,0
155504,0
155505,0
155506,0
155507,42
155508,0
155509,0
155510,0
155511,0
155512,0
155513,0
155514,40
155515,0
155516,0
155517,0
155518,38
155519,0
155520,27
155521,0
155522,0
155523,0
155524,0
155525,35
155526,0
155527,0
155528,0
155529,0
155530,0
155531,0
155532,0
155533,0
155534,0
155535,0
155536,0
155537,0
155538,0
155539,31
155540,0
155541,32
155542,0
155543,0
155544,0
155545,0
155546,28
155547,0
155548,0
155549,0
155550,0
155551,31
155552,0
155553,31
155554,15
155555,0
155556,0
155557,0
155558,0
155559,23
155560,28
155561,0
155562,36
155563,0
155564,0
155565,0
155566,0
155567,0
155568,0
155569,0
155570,0
155571,0
155572,0
155573,0
155574,0
155575,0
155576,28
155577,0
155578,0
155579,27
155580,27
155581,0
155582,0
155583,0
155584,0
155585,0
155586,0
155587,0
155588,0
155589,0
155590,0
155591,0
155592,0
155593,33
155594,0
155595,33
155596,0
155597,0
155598,0
155599,0
155600,31
155601,29
155602,0
155603,0
155604,0
155605,0
155606,30
155607,0
155608,0
155609,0
155610,0
155611,0
155612,0
155613,0
155614,0
155615,0
155616,31
155617,34
155618,0
155619,0
155620,27
155621,0
155622,0
155623,0
155624,0
155625,0
155626,0
155627,0
155628,0
155629,0
155630,0
155631,0
155632,0
155633,0
155634,33
155635,0
155636,26
155637,0
155638,0
155639,0
155640,36
155641,0
155642,25
155643,0
155644,21
155645,0
155646,0
155647,46
155648,0
155649,31
155650,0
155651,0
155652,0
155653,0
155654,0
155655,29
155656,0
155657,0
155658,0
155659,0
155660,31
155661,0
155662,0
155663,0
155664,0
155665,0
155666,0
155667,0
155668,28
155669,0
155670,0
155671,17
155672,0
155673,41
155674,0
155675,0
155676,0
155677,33
155678,0
155679,0
155680,0
155681,21
155682,0
155683,0
155684,0
155685,0
155686,0
155687,0
155688,0
155689,0
155690,0
155691,0
155692,35
155693,0
155694,0
155695,0
155696,33
155697,0
155698,0
155699,0
155700,0
155701,32
155702,0
155703,0
155704,0
155705,0
155706,0
155707,0
155708,36
155709,0
155710,24
155711,0
155712,0
155713,0
155714,0
155715,29
155716,0
155717,0
155718,0
155719,29
155720,0
155721,0
155722,0
155723,0
155724,0
155725,0
155726,39
155727,0
155728,0
155729,44
155730,0
155731,0
155732,41
155733,0
155734,0
155735,0
155736,0
155737,0
155738,0
155739,0
155740,0
155741,0
155742,0
155743,0
155744,32
155745,0
155746,0
155747,0
155748,29
155749,0
155750,0
155751,30
155752,0
155753,37
155754,0
155755,0
155756,29
155757,0
155758,0
155759,0
155760,0
155761,0
155762,0
155763,22
155764,0
155765,0
155766,28
155767,0
155768,0
155769,0
155770,43
155771,0
155772,0
155773,0
155774,0
155775,0
155776,37
155777,0
155778,39
155779,0
155780,0
155781,0
155782,0
155783,0
155784,0
155785,0
155786,0
155787,0
155788,43
155789,17
155790,0
155791,0
155792,25
155793,0
155794,31
155795,0
155796,0
155797,0
155798,0
155799,0
155800,0
155801,0
155802,0
155803,0
155804,0
155805,0
155806,0
155807,0
155808,0
155809,30
155810,0
155811,42
155812,0
155813,0
155814,0
155815,0
155816,0
155817,0
155818,0
155819,0
155820,28
155821,25
155822,0
155823,37
155824,0
155825,0
155826,0
155827,0
155828,0
155829,0
155830,0
155831,0
155832,0
155833,26
155834,0
155835,0
155836,0
155837,0
155838,28
155839,0
155840,43
155841,0
155842,0
155843,0
155844,0
155845,0
155846,43
155847,0
155848,0
155849,0
155850,0
155851,0
155852,0
155853,0
155854,0
155855,40
155856,0
155857,0
155858,0
155859,28
155860,28
155861,0
155862,0
155863,0
155864,36
155865,0
155866,0
155867,0
155868,0
155869,0
155870,0
155871,40
155872,25
155873,0
155874,0
155875,0
155876,31
155877,0
155878,0
155879,0
155880,49
155881,0
155882,30
155883,0
155884,0
155885,0
155886,0
155887,0
155888,0
155889,0
155890,0
155891,37
155892,25
155893,0
155894,0
155895,0
155896,37
155897,0
155898,0
155899,0
155900,0
155901,0
155902,0
155903,24
155904,0
155905,0
155906,0
155907,26
155908,0
155909,0
155910,0
155911,0
155912,26
155913,38
155914,24
155915,0
155916,0
155917,0
155918,0
155919,37
155920,0
155921,0
155922,0
155923,0
155924,0
155925,0
155926,0
155927,0
155928,0
155929,0
155930,32
155931,23
155932,0
155933,0
155934,31
155935,33
155936,0
155937,36
155938,0
155939,0
155940,27
155941,0
155942,0
155943,0
155944,25
155945,0
155946,0
155947,42
155948,22
155949,0
155950,0
155951,28
155952,0
155953,0
155954,0
155955,27
155956,0
155957,0
155958,0
155959,0
155960,0
155961,26
155962,0
155963,0
155964,0
155965,26
155966,0
155967,0
155968,31
155969,0
155970,32
155971,0
155972,0
155973,0
155974,0
155975,0
155976,0
155977,0
155978,22
155979,0
155980,36
155981,0
155982,0
155983,0
155984,0
155985,33
155986,32
155987,31
155988,0
155989,0
155990,0
155991,33
155992,0
155993,0
155994,27
155995,32
155996,0
155997,0
155998,0
155999,0
156000,0
156001,0
156002,0
156003,0
156004,0
156005,0
156006,26
156007,0
156008,0
156009,22
156010,0
156011,0
156012,0
156013,0
156014,0
156015,0
156016,0
156017,0
156018,0
156019,0
156020,0
156021,0
156022,0
156023,0
156024,0
156025,0
156026,0
156027,22
156028,31
156029,22
156030,0
156031,30
156032,0
156033,0
156034,0
156035,0
156036,0
156037,0
156038,0
156039,0
156040,0
156041,0
156042,0
156043,34
156044,0
156045,40
156046,0
156047,0
156048,0
156049,0
156050,0
156051,0
156052,36
156053,0
156054,0
156055,0
156056,0
156057,0
156058,0
156059,0
156060,0
156061,0
156062,0
156063,0
156064,27
156065,0
156066,17
156067,0
156068,17
156069,28
156070,34
156071,22
156072,0
156073,0
156074,0
156075,0
156076,0
156077,0
156078,0
156079,0
156080,0
156081,0
156082,40
156083,0
156084,0
156085,20
156086,23
156087,0
156088,21
156089,51
156090,0
156091,0
156092,0
156093,0
156094,0
156095,0
156096,0
156097,0
156098,29
156099,0
156100,0
156101,25
156102,0
156103,0
156104,0
156105,0
156106,0
156107,25
156108,0
156109,0
156110,26
156111,0
156112,26
156113,0
156114,0
156115,0
156116,0
156117,0
156118,33
156119,0
156120,0
156121,0
156122,0
156123,0
156124,0
156125,36
156126,0
156127,17
156128,0
156129,0
156130,32
156131,0
156132,0
156133,0
156134,34
156135,0
156136,24
156137,0
156138,0
156139,0
156140,16
156141,0
156142,0
156143,0
156144,0
156145,39
156146,27
156147,0
156148,0
156149,28
156150,0
156151,26
156152,0
156153,0
156154,0
156155,0
156156,31
156157,0
156158,0
156159,0
156160,0
156161,0
156162,39
156163,0
156164,0
156165,0
156166,16
156167,0
156168,0
156169,0
156170,0
156171,0
156172,0
156173,32
156174,58
156175,0
156176,0
156177,0
156178,0
156179,38
156180,29
156181,0
156182,0
156183,0
156184,0
156185,0
156186,0
156187,0
156188,0
156189,51
156190,0
156191,0
156192,0
156193,0
156194,0
156195,35
156196,37
156197,0
156198,0
156199,0
156200,0
156201,0
156202,38
156203,0
156204,42
156205,0
156206,0
156207,0
156208,0
156209,0
156210,0
156211,0
156212,0
156213,0
156214,0
156215,0
156216,0
156217,0
156218,17
156219,0
156220,0
156221,0
156222,0
156223,0
156224,0
156225,0
156226,0
156227,0
156228,0
156229,0
156230,0
156231,0
156232,0
156233,0
156234,0
156235,0
156236,0
156237,0
156238,0
156239,0
156240,0
156241,0
156242,0
156243,0
156244,0
156245,0
156246,0
156247,24
156248,0
156249,0
156250,0
156251,0
156252,0
156253,15
156254,0
156255,0
156256,0
156257,0
156258,0
156259,0
156260,0
156261,0
156262,0
156263,0
156264,0
156265,0
156266,0
156267,0
156268,0
156269,0
156270,0
156271,0
156272,0
156273,0
156274,0
156275,0
156276,0
156277,0
156278,0
156279,24
156280,0
156281,0
156282,0
156283,13
156284,0
156285,0
156286,0
156287,0
156288,0
156289,0
156290,0
156291,0
156292,0
156293,0
156294,0
156295,0
156296,0
156297,0
156298,0
156299,0
156300,0
156301,0
156302,0
156303,0
156304,0
156305,0
156306,0
156307,0
156308,0
156309,0
156310,0
156311,0
156312,0
156313,14
156314,0
156315,0
156316,0
156317,0
156318,0
156319,0
156320,0
156321,0
156322,0
156323,0
156324,16
156325,0
156326,0
156327,0
156328,0
156329,0
156330,0
156331,0
156332,0
156333,0
156334,20
156335,0
156336,0
156337,0
156338,0
156339,0
156340,0
156341,0
156342,0
156343,0
156344,0
156345,0
156346,0
156347,0
156348,0
156349,0
156350,0
156351,0
156352,0
156353,0
156354,0
156355,0
156356,0
156357,0
156358,0
156359,0
156360,0
156361,0
156362,0
156363,0
156364,0
156365,0
156366,0
156367,0
156368,0
156369,0
156370,0
156371,0
156372,0
156373,0
156374,15
156375,0
156376,0
156377,0
156378,0
156379,0
156380,0
156381,0
156382,0
156383,0
156384,0
156385,0
156386,0
156387,0
156388,12
156389,0
156390,0
156391,0
156392,0
156393,0
156394,0
156395,0
156396,0
156397,0
156398,0
156399,0
156400,0
156401,0
156402,0
156403,0
156404,0
156405,0
156406,0
156407,0
156408,0
156409,0
156410,0
156411,0
156412,0
156413,0
156414,0
156415,0
156416,0
156417,0
156418,0
156419,0
156420,0
156421,14
156422,0
156423,0
156424,0
156425,0
156426,0
156427,0
156428,0
156429,0
156430,0
156431,0
156432,0
156433,0
156434,0
156435,0
156436,0
156437,0
156438,0
156439,0
156440,0
156441,0
156442,0
156443,0
156444,18
156445,0
156446,0
156447,0
156448,0
156449,0
156450,0
156451,0
156452,0
156453,0
156454,0
156455,0
156456,0
156457,0
156458,0
156459,0
156460,0
156461,0
156462,0
156463,0
156464,0
156465,0
156466,9
156467,0
156468,0
156469,11
156470,0
156471,0
156472,0
156473,0
156474,0
156475,0
156476,0
156477,0
156478,0
156479,0
156480,0
156481,0
156482,0
156483,0
156484,0
156485,0
156486,16
156487,0
156488,0
156489,0
156490,0
156491,8
156492,0
156493,25
156494,0
156495,0
156496,0
156497,0
156498,0
156499,0
156500,14
156501,0
156502,0
156503,0
156504,0
156505,12
156506,0
156507,0
156508,0
156509,0
156510,0
156511,0
156512,0
156513,0
156514,0
156515,0
156516,0
156517,0
156518,0
156519,0
156520,0
156521,0
156522,0
156523,0
156524,0
156525,0
156526,0
156527,0
156528,0
156529,0
156530,0
156531,0
156532,0
156533,0
156534,0
156535,0
156536,0
156537,0
156538,0
156539,0
156540,0
156541,0
156542,0
156543,0
156544,0
156545,0
156546,0
156547,0
156548,0
156549,0
156550,0
156551,0
156552,0
156553,0
156554,0
156555,0
156556,0
156557,0
156558,0
156559,0
156560,0
156561,0
156562,0
156563,0
156564,0
156565,0
156566,0
156567,0
156568,0
156569,0
156570,0
156571,0
156572,0
156573,0
156574,0
156575,0
156576,0
156577,0
156578,0
156579,0
156580,0
156581,0
156582,0
156583,0
156584,0
156585,0
156586,0
156587,0
156588,0
156589,0
156590,0
156591,0
156592,12
156593,0
156594,0
156595,0
156596,0
156597,0
156598,0
156599,0
156600,0
156601,0
156602,0
156603,0
156604,0
156605,0
156606,0
156607,0
156608,14
156609,0
156610,0
156611,0
156612,0
156613,0
156614,0
156615,0
156616,0
156617,0
156618,0
156619,0
156620,16
156621,0
156622,0
156623,0
156624,0
156625,0
156626,8
156627,0
156628,0
156629,0
156630,0
156631,0
156632,0
156633,0
156634,0
156635,0
156636,0
156637,0
156638,0
156639,0
156640,0
156641,0
156642,0
156643,0
156644,0
156645,0
156646,0
156647,0
156648,0
156649,0
156650,0
156651,0
156652,0
156653,0
156654,0
156655,0
156656,0
156657,0
156658,0
156659,0
156660,0
156661,0
156662,0
156663,0
156664,0
156665,0
156666,0
156667,0
156668,0
156669,0
156670,0
156671,0
156672,0
156673,0
156674,0
156675,0
156676,0
156677,0
156678,0
156679,0
156680,22
156681,0
156682,0
156683,0
156684,0
156685,0
156686,0
156687,0
156688,0
156689,0
156690,0
156691,0
156692,0
156693,0
156694,0
156695,0
156696,0
156697,13
156698,0
156699,0
156700,0
156701,0
156702,0
156703,0
156704,0
156705,0
156706,0
156707,0
156708,22
156709,0
156710,18
156711,0
156712,0
156713,0
156714,0
156715,0
156716,0
156717,0
156718,0
156719,0
156720,0
156721,0
156722,0
156723,0
156724,0
156725,0
156726,0
156727,0
156728,0
156729,0
156730,0
156731,0
156732,0
156733,0
156734,0
156735,0
156736,0
156737,0
156738,0
156739,0
156740,0
156741,0
156742,0
156743,0
156744,0
156745,0
156746,0
156747,0
156748,0
156749,0
156750,0
156751,0
156752,0
156753,0
156754,0
156755,14
156756,0
156757,0
156758,18
156759,0
156760,0
156761,0
156762,0
156763,0
156764,0
156765,0
156766,0
156767,0
156768,0
156769,0
156770,0
156771,0
156772,0
156773,24
156774,0
156775,0
156776,0
156777,10
156778,0
156779,0
156780,0
156781,0
156782,0
156783,0
156784,0
156785,0
156786,0
156787,0
156788,0
156789,0
156790,0
156791,0
156792,0
156793,0
156794,0
156795,0
156796,0
156797,0
156798,0
156799,0
156800,0
156801,0
156802,0
156803,0
156804,0
156805,0
156806,0
156807,0
156808,0
156809,18
156810,0
156811,0
156812,0
156813,0
156814,0
156815,0
156816,0
156817,0
156818,0
156819,0
156820,0
156821,0
156822,0
156823,0
156824,0
156825,0
156826,0
156827,0
156828,0
156829,0
156830,0
156831,0
156832,0
156833,0
156834,24
156835,0
156836,0
156837,0
156838,0
156839,0
156840,0
156841,0
156842,0
156843,0
156844,0
156845,0
156846,0
156847,0
156848,0
156849,0
156850,19
156851,0
156852,0
156853,0
156854,0
156855,0
156856,0
156857,0
156858,0
156859,0
156860,0
156861,0
156862,0
156863,0
156864,0
156865,0
156866,0
156867,0
156868,0
156869,0
156870,0
156871,0
156872,0
156873,0
156874,0
156875,8
156876,0
156877,0
156878,17
156879,0
156880,0
156881,0
156882,0
156883,0
156884,0
156885,0
156886,0
156887,0
156888,0
156889,0
156890,0
156891,0
156892,0
156893,0
156894,0
156895,0
156896,0
156897,0
156898,0
156899,0
156900,0
156901,0
156902,0
156903,0
156904,0
156905,0
156906,0
156907,0
156908,0
156909,0
156910,0
156911,0
156912,0
156913,0
156914,0
156915,0
156916,0
156917,0
156918,0
156919,0
156920,0
156921,0
156922,0
156923,0
156924,0
156925,0
156926,0
156927,0
156928,0
156929,0
156930,0
156931,0
156932,0
156933,0
156934,0
156935,0
156936,0
156937,0
156938,0
156939,0
156940,5
156941,0
156942,0
156943,0
156944,0
156945,0
156946,0
156947,5
156948,0
156949,0
156950,0
156951,0
156952,0
156953,0
156954,0
156955,0
156956,0
156957,0
156958,0
156959,8
156960,0
156961,0
156962,9
156963,0
156964,9
156965,0
156966,0
156967,0
156968,0
156969,0
156970,0
156971,0
156972,0
156973,0
156974,0
156975,0
156976,0
156977,14
156978,0
156979,0
156980,0
156981,0
156982,0
156983,0
156984,0
156985,0
156986,0
156987,0
156988,0
156989,0
156990,0
156991,0
156992,0
156993,0
156994,0
156995,0
156996,0
156997,0
156998,0
156999,0
157000,0
157001,0
157002,0
157003,0
157004,0
157005,0
157006,0
157007,0
157008,0
157009,0
157010,0
157011,0
157012,0
157013,0
157014,0
157015,13
157016,0
157017,0
157018,0
157019,0
157020,0
157021,0
157022,0
157023,0
157024,0
157025,0
157026,10
157027,0
157028,0
157029,0
157030,0
157031,0
157032,0
157033,0
157034,0
157035,0
157036,0
157037,0
157038,9
157039,0
157040,0
157041,0
157042,0
157043,0
157044,0
157045,8
157046,0
157047,0
157048,0
157049,0
157050,0
157051,0
157052,0
157053,0
157054,0
157055,0
157056,0
157057,0
157058,0
157059,0
157060,0
157061,0
157062,0
157063,0
157064,0
157065,8
157066,0
157067,8
157068,0
157069,0
157070,0
157071,0
157072,0
157073,0
157074,0
157075,0
157076,9
157077,0
157078,0
157079,0
157080,0
157081,0
157082,0
157083,0
157084,0
157085,0
157086,0
157087,0
157088,0
157089,0
157090,0
157091,0
157092,0
157093,0
157094,12
157095,0
157096,0
157097,0
157098,0
157099,0
157100,0
157101,0
157102,0
157103,0
157104,0
157105,0
157106,0
157107,0
157108,0
157109,0
157110,0
157111,0
157112,0
157113,0
157114,0
157115,0
157116,0
157117,0
157118,0
157119,0
157120,0
157121,0
157122,0
157123,0
157124,0
157125,0
157126,0
157127,0
157128,0
157129,0
157130,9
157131,0
157132,0
157133,0
157134,0
157135,0
157136,0
157137,0
157138,0
157139,0
157140,0
157141,0
157142,5
157143,0
157144,0
157145,0
157146,0
157147,0
157148,0
157149,0
157150,5
157151,9
157152,0
157153,0
157154,0
157155,0
157156,0
157157,0
157158,0
157159,0
157160,0
157161,0
157162,12
157163,0
157164,0
157165,0
157166,0
157167,11
157168,0
157169,0
157170,10
157171,0
157172,0
157173,0
157174,0
157175,0
157176,0
157177,0
157178,0
157179,0
157180,0
157181,0
157182,0
157183,0
157184,0
157185,0
157186,0
157187,0
157188,0
157189,0
157190,0
157191,0
157192,0
157193,0
157194,0
157195,0
157196,0
157197,0
157198,0
157199,0
157200,0
157201,0
157202,10
157203,0
157204,0
157205,11
157206,0
157207,0
157208,0
157209,0
157210,0
157211,0
157212,0
157213,0
157214,13
157215,0
157216,0
157217,0
157218,0
157219,0
157220,0
157221,0
157222,0
157223,12
157224,10
157225,0
157226,0
157227,0
157228,0
157229,0
157230,0
157231,0
157232,0
157233,0
157234,0
157235,0
157236,0
157237,5
157238,0
157239,0
157240,0
157241,0
157242,0
157243,6
157244,0
157245,0
157246,11
157247,0
157248,0
157249,0
157250,0
157251,0
157252,0
157253,10
157254,0
157255,0
157256,0
157257,11
157258,0
157259,0
157260,0
157261,0
157262,0
157263,0
157264,3
157265,12
157266,0
157267,0
157268,0
157269,0
157270,0
157271,0
157272,0
157273,11
157274,0
157275,0
157276,0
157277,0
157278,0
157279,0
157280,0
157281,0
157282,0
157283,0
157284,0
157285,0
157286,0
157287,0
157288,0
157289,0
157290,0
157291,14
157292,0
157293,0
157294,0
157295,0
157296,0
157297,0
157298,0
157299,13
157300,0
157301,0
157302,0
157303,0
157304,5
157305,0
157306,0
157307,0
157308,0
157309,0
157310,0
157311,7
157312,0
157313,0
157314,0
157315,0
157316,0
157317,0
157318,0
157319,11
157320,0
157321,0
157322,0
157323,0
157324,16
157325,9
157326,0
157327,0
157328,0
157329,0
157330,0
157331,0
157332,0
157333,0
157334,0
157335,0
157336,0
157337,0
157338,0
157339,11
157340,0
157341,0
157342,0
157343,0
157344,0
157345,0
157346,0
157347,0
157348,0
157349,0
157350,0
157351,0
157352,0
157353,0
157354,0
157355,0
157356,0
157357,0
157358,0
157359,0
157360,11
157361,0
157362,0
157363,0
157364,0
157365,0
157366,0
157367,0
157368,0
157369,0
157370,0
157371,0
157372,0
157373,0
157374,11
157375,0
157376,0
157377,0
157378,0
157379,0
157380,0
157381,0
157382,0
157383,0
157384,14
157385,0
157386,0
157387,0
157388,0
157389,0
157390,0
157391,0
157392,0
157393,0
157394,0
157395,0
157396,0
157397,14
157398,0
157399,0
157400,0
157401,0
157402,0
157403,0
157404,0
157405,0
157406,0
157407,0
157408,0
157409,0
157410,0
157411,0
157412,0
157413,4
157414,0
157415,0
157416,0
157417,0
157418,0
157419,0
157420,0
157421,0
157422,0
157423,0
157424,0
157425,0
157426,0
157427,0
157428,0
157429,0
157430,0
157431,0
157432,0
157433,0
157434,0
157435,0
157436,0
157437,0
157438,0
157439,0
157440,0
157441,0
157442,0
157443,11
157444,0
157445,8
157446,0
157447,0
157448,0
157449,0
157450,0
157451,0
157452,0
157453,0
157454,0
157455,0
157456,0
157457,0
157458,0
157459,0
157460,0
157461,0
157462,0
157463,0
157464,0
157465,0
157466,0
157467,0
157468,0
157469,0
157470,0
157471,0
157472,0
157473,0
157474,0
157475,0
157476,0
157477,0
157478,0
157479,0
157480,12
157481,7
157482,4
157483,17
157484,0
157485,0
157486,26
157487,0
157488,15
157489,0
157490,0
157491,0
157492,13
157493,0
157494,0
157495,0
157496,0
157497,0
157498,11
157499,0
157500,16
157501,0
157502,13
157503,0
157504,0
157505,8
157506,0
157507,0
157508,0
157509,0
157510,13
157511,0
157512,0
157513,6
157514,0
157515,0
157516,0
157517,0
157518,0
157519,0
157520,0
157521,15
157522,0
157523,11
157524,0
157525,0
157526,0
157527,9
157528,0
157529,0
157530,0
157531,0
157532,0
157533,0
157534,0
157535,0
157536,0
157537,12
157538,0
157539,9
157540,14
157541,18
157542,0
157543,0
157544,0
157545,0
157546,0
157547,0
157548,0
157549,0
157550,0
157551,0
157552,0
157553,0
157554,11
157555,0
157556,0
157557,0
157558,11
157559,0
157560,0
157561,0
157562,0
157563,13
157564,0
157565,0
157566,0
157567,0
157568,0
157569,0
157570,20
157571,0
157572,0
157573,0
157574,14
157575,0
157576,0
157577,0
157578,0
157579,0
157580,9
157581,0
157582,0
157583,8
157584,0
157585,0
157586,0
157587,9
157588,8
157589,0
157590,0
157591,13
157592,0
157593,0
157594,0
157595,0
157596,13
157597,0
157598,8
157599,0
157600,0
157601,0
157602,0
157603,6
157604,0
157605,6
157606,18
157607,0
157608,0
157609,0
157610,0
157611,0
157612,0
157613,0
157614,0
157615,0
157616,0
157617,0
157618,0
157619,0
157620,0
157621,0
157622,0
157623,0
157624,0
157625,0
157626,0
157627,7
157628,20
157629,0
157630,0
157631,0
157632,0
157633,0
157634,0
157635,0
157636,0
157637,14
157638,0
157639,0
157640,0
157641,15
157642,0
157643,0
157644,0
157645,14
157646,0
157647,0
157648,0
157649,0
157650,0
157651,8
157652,0
157653,12
157654,0
157655,16
157656,0
157657,0
157658,0
157659,0
157660,0
157661,0
157662,0
157663,0
157664,0
157665,0
157666,0
157667,0
157668,13
157669,0
157670,0
157671,0
157672,0
157673,0
157674,11
157675,0
157676,12
157677,0
157678,14
157679,0
157680,0
157681,0
157682,7
157683,0
157684,7
157685,0
157686,9
157687,0
157688,14
157689,0
157690,0
157691,0
157692,0
157693,0
157694,0
157695,0
157696,10
157697,0
157698,11
157699,0
157700,0
157701,0
157702,0
157703,11
157704,18
157705,0
157706,0
157707,0
157708,15
157709,0
157710,0
157711,0
157712,0
157713,0
157714,0
157715,0
157716,0
157717,0
157718,0
157719,22
157720,0
157721,0
157722,0
157723,0
157724,0
157725,0
157726,0
157727,8
157728,0
157729,0
157730,21
157731,0
157732,0
157733,16
157734,0
157735,0
157736,0
157737,0
157738,12
157739,13
157740,0
157741,0
157742,0
157743,0
157744,0
157745,0
157746,11
157747,0
157748,0
157749,0
157750,0
157751,0
157752,0
157753,0
157754,0
157755,0
157756,0
157757,0
157758,0
157759,0
157760,18
157761,0
157762,0
157763,0
157764,0
157765,0
157766,18
157767,0
157768,0
157769,0
157770,0
157771,0
157772,0
157773,0
157774,0
157775,0
157776,0
157777,0
157778,0
157779,0
157780,0
157781,0
157782,0
157783,0
157784,0
157785,0
157786,0
157787,0
157788,0
157789,0
157790,0
157791,0
157792,0
157793,0
157794,0
157795,26
157796,15
157797,0
157798,0
157799,0
157800,0
157801,0
157802,0
157803,0
157804,7
157805,0
157806,0
157807,0
157808,13
157809,0
157810,0
157811,0
157812,0
157813,0
157814,0
157815,0
157816,0
157817,0
157818,0
157819,10
157820,0
157821,0
157822,10
157823,0
157824,0
157825,13
157826,0
157827,0
157828,0
157829,14
157830,0
157831,0
157832,0
157833,0
157834,0
157835,0
157836,0
157837,0
157838,0
157839,0
157840,0
157841,0
157842,0
157843,0
157844,0
157845,0
157846,0
157847,0
157848,17
157849,0
157850,0
157851,0
157852,21
157853,0
157854,0
157855,0
157856,0
157857,0
157858,0
157859,0
157860,16
157861,0
157862,0
157863,0
157864,0
157865,0
157866,0
157867,0
157868,0
157869,0
157870,0
157871,0
157872,0
157873,19
157874,0
157875,0
157876,0
157877,0
157878,0
157879,0
157880,21
157881,0
157882,0
157883,0
157884,12
157885,0
157886,0
157887,0
157888,0
157889,0
157890,0
157891,0
157892,0
157893,0
157894,7
157895,0
157896,13
157897,0
157898,0
157899,0
157900,0
157901,0
157902,0
157903,0
157904,0
157905,0
157906,0
157907,0
157908,0
157909,0
157910,7
157911,18
157912,0
157913,13
157914,0
157915,0
157916,0
157917,0
157918,11
157919,0
157920,0
157921,3
157922,16
157923,0
157924,16
157925,0
157926,0
157927,15
157928,0
157929,12
157930,0
157931,0
157932,0
157933,20
157934,0
157935,0
157936,0
157937,0
157938,11
157939,26
157940,0
157941,0
157942,13
157943,0
157944,0
157945,0
157946,13
157947,0
157948,0
157949,0
157950,0
157951,0
157952,0
157953,0
157954,0
157955,0
157956,17
157957,0
157958,0
157959,0
157960,0
157961,12
157962,0
157963,0
157964,24
157965,0
157966,0
157967,0
157968,0
157969,0
157970,0
157971,9
157972,0
157973,0
157974,23
157975,0
157976,0
157977,16
157978,0
157979,8
157980,19
157981,0
157982,0
157983,0
157984,14
157985,0
157986,0
157987,0
157988,0
157989,0
157990,0
157991,14
157992,0
157993,13
157994,14
157995,0
157996,11
157997,0
157998,0
157999,0
158000,0
158001,12
158002,0
158003,0
158004,0
158005,0
158006,0
158007,0
158008,16
158009,0
158010,0
158011,0
158012,11
158013,0
158014,0
158015,19
158016,0
158017,0
158018,21
158019,0
158020,0
158021,0
158022,17
158023,0
158024,0
158025,0
158026,0
158027,0
158028,11
158029,0
158030,0
158031,0
158032,0
158033,0
158034,0
158035,0
158036,0
158037,0
158038,0
158039,18
158040,0
158041,0
158042,0
158043,0
158044,0
158045,0
158046,0
158047,20
158048,0
158049,0
158050,0
158051,0
158052,0
158053,0
158054,0
158055,0
158056,0
158057,0
158058,22
158059,0
158060,0
158061,0
158062,14
158063,0
158064,0
158065,0
158066,0
158067,0
158068,7
158069,0
158070,0
158071,0
158072,0
158073,0
158074,0
158075,0
158076,0
158077,0
158078,0
158079,0
158080,0
158081,16
158082,0
158083,0
158084,0
158085,0
158086,0
158087,0
158088,0
158089,0
158090,0
158091,0
158092,0
158093,0
158094,0
158095,0
158096,0
158097,0
158098,0
158099,0
158100,0
158101,0
158102,0
158103,0
158104,10
158105,12
158106,0
158107,0
158108,14
158109,0
158110,0
158111,0
158112,15
158113,11
158114,0
158115,10
158116,0
158117,0
158118,8
158119,9
158120,0
158121,10
158122,0
158123,0
158124,0
158125,0
158126,0
158127,0
158128,0
158129,0
158130,0
158131,0
158132,0
158133,10
158134,0
158135,0
158136,10
158137,0
158138,0
158139,0
158140,0
158141,0
158142,0
158143,8
158144,0
158145,0
158146,0
158147,0
158148,0
158149,0
158150,0
158151,0
158152,0
158153,0
158154,20
158155,0
158156,16
158157,0
158158,0
158159,0
158160,0
158161,0
158162,0
158163,0
158164,0
158165,0
158166,0
158167,0
158168,16
158169,0
158170,0
158171,0
158172,3
158173,0
158174,0
158175,0
158176,9
158177,0
158178,0
158179,0
158180,10
158181,0
158182,0
158183,13
158184,0
158185,10
158186,0
158187,0
158188,0
158189,0
158190,0
158191,0
158192,0
158193,14
158194,0
158195,0
158196,0
158197,0
158198,0
158199,0
158200,0
158201,0
158202,12
158203,0
158204,0
158205,0
158206,0
158207,0
158208,0
158209,0
158210,0
158211,0
158212,0
158213,0
158214,0
158215,0
158216,0
158217,18
158218,0
158219,10
158220,0
158221,0
158222,0
158223,17
158224,0
158225,0
158226,0
158227,0
158228,0
158229,0
158230,18
158231,0
158232,20
158233,0
158234,0
158235,0
158236,0
158237,14
158238,16
158239,0
158240,0
158241,0
158242,0
158243,0
158244,0
158245,0
158246,0
158247,12
158248,0
158249,0
158250,0
158251,0
158252,0
158253,0
158254,0
158255,0
158256,0
158257,0
158258,0
158259,8
158260,0
158261,0
158262,0
158263,8
158264,0
158265,0
158266,0
158267,21
158268,0
158269,14
158270,0
158271,10
158272,0
158273,0
158274,0
158275,0
158276,0
158277,15
158278,0
158279,0
158280,0
158281,0
158282,0
158283,7
158284,0
158285,0
158286,0
158287,14
158288,0
158289,0
158290,0
158291,0
158292,0
158293,11
158294,0
158295,0
158296,19
158297,0
158298,0
158299,0
158300,21
158301,0
158302,0
158303,13
158304,0
158305,0
158306,0
158307,0
158308,0
158309,0
158310,19
158311,8
158312,0
158313,0
158314,0
158315,14
158316,0
158317,0
158318,0
158319,0
158320,14
158321,0
158322,6
158323,0
158324,0
158325,0
158326,0
158327,9
158328,9
158329,0
158330,0
158331,7
158332,18
158333,0
158334,0
158335,0
158336,0
158337,0
158338,0
158339,0
158340,15
158341,0
158342,0
158343,0
158344,0
158345,0
158346,0
158347,11
158348,0
158349,0
158350,0
158351,0
158352,0
158353,0
158354,0
158355,0
158356,0
158357,0
158358,29
158359,10
158360,0
158361,0
158362,0
158363,0
158364,0
158365,0
158366,0
158367,0
158368,12
158369,17
158370,0
158371,0
158372,13
158373,0
158374,0
158375,0
158376,0
158377,0
158378,17
158379,0
158380,0
158381,0
158382,0
158383,0
158384,0
158385,0
158386,0
158387,0
158388,0
158389,0
158390,0
158391,0
158392,0
158393,0
158394,0
158395,0
158396,0
158397,0
158398,0
158399,15
158400,0
158401,0
158402,0
158403,0
158404,9
158405,0
158406,0
158407,13
158408,0
158409,0
158410,0
158411,6
158412,0
158413,0
158414,0
158415,0
158416,28
158417,0
158418,0
158419,0
158420,0
158421,0
158422,0
158423,42
158424,0
158425,0
158426,0
158427,15
158428,0
158429,0
158430,0
158431,0
158432,0
158433,0
158434,32
158435,38
158436,0
158437,0
158438,0
158439,0
158440,0
158441,0
158442,0
158443,0
158444,0
158445,0
158446,34
158447,0
158448,0
158449,0
158450,0
158451,33
158452,0
158453,39
158454,0
158455,0
158456,0
158457,0
158458,0
158459,0
158460,0
158461,0
158462,0
158463,0
158464,0
158465,0
158466,0
158467,0
158468,0
158469,0
158470,29
158471,0
158472,0
158473,0
158474,0
158475,0
158476,0
158477,0
158478,0
158479,0
158480,0
158481,0
158482,0
158483,0
158484,0
158485,0
158486,0
158487,0
158488,0
158489,0
158490,0
158491,0
158492,36
158493,60
158494,0
158495,0
158496,0
158497,0
158498,0
158499,0
158500,0
158501,0
158502,0
158503,0
158504,0
158505,0
158506,0
158507,0
158508,0
158509,20
158510,0
158511,0
158512,0
158513,0
158514,0
158515,0
158516,0
158517,43
158518,37
158519,0
158520,30
158521,0
158522,34
158523,0
158524,0
158525,31
158526,0
158527,0
158528,0
158529,42
158530,0
158531,0
158532,0
158533,0
158534,0
158535,0
158536,0
158537,0
158538,39
158539,0
158540,0
158541,0
158542,0
158543,0
158544,36
158545,0
158546,0
158547,0
158548,52
158549,0
158550,0
158551,0
158552,0
158553,0
158554,0
158555,0
158556,0
158557,41
158558,0
158559,0
158560,27
158561,0
158562,0
158563,0
158564,0
158565,0
158566,45
158567,0
158568,0
158569,0
158570,0
158571,37
158572,0
158573,0
158574,0
158575,0
158576,0
158577,0
158578,0
158579,34
158580,0
158581,0
158582,0
158583,0
158584,0
158585,0
158586,0
158587,0
158588,0
158589,34
158590,0
158591,35
158592,0
158593,0
158594,0
158595,0
158596,0
158597,35
158598,0
158599,0
158600,0
158601,0
158602,38
158603,32
158604,0
158605,0
158606,0
158607,0
158608,0
158609,0
158610,0
158611,0
158612,0
158613,0
158614,0
158615,0
158616,0
158617,0
158618,0
158619,0
158620,0
158621,0
158622,0
158623,28
158624,0
158625,0
158626,0
158627,0
158628,0
158629,0
158630,0
158631,0
158632,0
158633,0
158634,0
158635,0
158636,0
158637,0
158638,0
158639,0
158640,0
158641,0
158642,0
158643,0
158644,0
158645,0
158646,0
158647,0
158648,0
158649,0
158650,0
158651,0
158652,0
158653,34
158654,0
158655,0
158656,0
158657,31
158658,0
158659,0
158660,0
158661,0
158662,0
158663,0
158664,0
158665,0
158666,0
158667,0
158668,0
158669,0
158670,0
158671,26
158672,39
158673,0
158674,23
158675,45
158676,0
158677,0
158678,0
158679,0
158680,0
158681,0
158682,0
158683,0
158684,0
158685,34
158686,0
158687,0
158688,51
158689,0
158690,20
158691,27
158692,0
158693,0
158694,0
158695,0
158696,0
158697,0
158698,0
158699,36
158700,41
158701,0
158702,0
158703,0
158704,39
158705,0
158706,0
158707,0
158708,0
158709,0
158710,0
158711,28
158712,0
158713,0
158714,0
158715,0
158716,34
158717,0
158718,40
158719,0
158720,37
158721,0
158722,0
158723,0
158724,34
158725,56
158726,0
158727,0
158728,0
158729,0
158730,0
158731,0
158732,0
158733,0
158734,0
158735,0
158736,0
158737,0
158738,0
158739,40
158740,0
158741,0
158742,0
158743,0
158744,0
158745,0
158746,0
158747,33
158748,0
158749,0
158750,0
158751,25
158752,50
158753,0
158754,0
158755,0
158756,0
158757,0
158758,0
158759,0
158760,0
158761,0
158762,0
158763,42
158764,0
158765,0
158766,0
158767,0
158768,41
158769,0
158770,0
158771,0
158772,0
158773,0
158774,39
158775,0
158776,24
158777,39
158778,0
158779,0
158780,0
158781,0
158782,42
158783,0
158784,0
158785,31
158786,0
158787,0
158788,46
158789,0
158790,45
158791,0
158792,0
158793,34
158794,0
158795,45
158796,0
158797,0
158798,0
158799,0
158800,0
158801,0
158802,0
158803,37
158804,0
158805,0
158806,0
158807,0
158808,42
158809,0
158810,0
158811,0
158812,28
158813,0
158814,35
158815,0
158816,29
158817,0
158818,0
158819,0
158820,0
158821,0
158822,0
158823,0
158824,23
158825,0
158826,0
158827,0
158828,37
158829,0
158830,30
158831,0
158832,0
158833,0
158834,0
158835,0
158836,0
158837,0
158838,0
158839,0
158840,0
158841,0
158842,0
158843,35
158844,0
158845,0
158846,0
158847,0
158848,0
158849,0
158850,0
158851,0
158852,0
158853,0
158854,0
158855,0
158856,0
158857,0
158858,0
158859,0
158860,0
158861,0
158862,0
158863,0
158864,32
158865,0
158866,0
158867,0
158868,0
158869,0
158870,47
158871,0
158872,0
158873,0
158874,1
158875,1
158876,0
158877,2
158878,7
158879,3
158880,0
158881,4
158882,0
158883,0
158884,6
158885,0
158886,3
158887,3
158888,0
158889,0
158890,0
158891,2
158892,5
158893,3
158894,5
158895,0
158896,2
158897,0
158898,0
158899,0
158900,0
158901,0
158902,2
158903,0
158904,0
158905,0
158906,0
158907,0
158908,0
158909,0
158910,0
158911,0
158912,0
158913,0
158914,0
158915,3
158916,0
158917,0
158918,0
158919,2
158920,2
158921,0
158922,5
158923,0
158924,0
158925,0
158926,0
158927,0
158928,0
158929,0
158930,4
158931,0
158932,0
158933,0
158934,0
158935,1
158936,2
158937,0
158938,0
158939,0
158940,0
158941,0
158942,0
158943,0
158944,0
158945,0
158946,4
158947,0
158948,3
158949,0
158950,0
158951,1
158952,0
158953,0
158954,0
158955,0
158956,5
158957,0
158958,0
158959,0
158960,0
158961,0
158962,0
158963,0
158964,0
158965,0
158966,0
158967,0
158968,4
158969,0
158970,0
158971,5
158972,7
158973,0
158974,4
158975,0
158976,0
158977,0
158978,1
158979,0
158980,0
158981,0
158982,0
158983,0
158984,0
158985,2
158986,3
158987,0
158988,0
158989,3
158990,0
158991,0
158992,2
158993,5
158994,0
158995,3
158996,0
158997,2
158998,3
158999,1
159000,0
159001,5
159002,2
159003,1
159004,4
159005,0
159006,0
159007,0
159008,3
159009,1
159010,0
159011,3
159012,0
159013,0
159014,0
159015,0
159016,3
159017,0
159018,0
159019,0
159020,0
159021,0
159022,0
159023,0
159024,0
159025,4
159026,3
159027,0
159028,0
159029,0
159030,0
159031,0
159032,0
159033,0
159034,0
159035,0
159036,0
159037,0
159038,2
159039,3
159040,0
159041,0
159042,0
159043,0
159044,0
159045,3
159046,4
159047,5
159048,0
159049,3
159050,0
159051,0
159052,1
159053,0
159054,0
159055,0
159056,1
159057,0
159058,1
159059,0
159060,0
159061,0
159062,0
159063,0
159064,0
159065,0
159066,0
159067,0
159068,0
159069,1
159070,0
159071,0
159072,0
159073,0
159074,0
159075,0
159076,0
159077,4
159078,3
159079,0
159080,4
159081,0
159082,2
159083,0
159084,0
159085,0
159086,0
159087,0
159088,0
159089,3
159090,0
159091,0
159092,0
159093,0
159094,0
159095,0
159096,0
159097,0
159098,0
159099,2
159100,1
159101,2
159102,0
159103,0
159104,0
159105,2
159106,3
159107,0
159108,0
159109,6
159110,3
159111,3
159112,0
159113,0
159114,0
159115,0
159116,0
159117,0
159118,0
159119,1
159120,1
159121,0
159122,3
159123,0
159124,4
159125,0
159126,4
159127,0
159128,0
159129,0
159130,0
159131,0
159132,0
159133,3
159134,0
159135,0
159136,0
159137,0
159138,0
159139,0
159140,0
159141,4
159142,1
159143,0
159144,4
159145,2
159146,3
159147,0
159148,2
159149,0
159150,0
159151,0
159152,0
159153,0
159154,0
159155,0
159156,7
159157,0
159158,0
159159,0
159160,0
159161,2
159162,0
159163,0
159164,0
159165,0
159166,3
159167,0
159168,3
159169,0
159170,0
159171,0
159172,0
159173,1
159174,0
159175,0
159176,0
159177,0
159178,0
159179,0
159180,0
159181,0
159182,0
159183,1
159184,0
159185,0
159186,0
159187,0
159188,0
159189,0
159190,0
159191,7
159192,0
159193,0
159194,0
159195,2
159196,1
159197,4
159198,0
159199,3
159200,0
159201,0
159202,0
159203,1
159204,0
159205,0
159206,0
159207,0
159208,0
159209,0
159210,0
159211,0
159212,1
159213,4
159214,0
159215,0
159216,0
159217,3
159218,0
159219,1
159220,0
159221,0
159222,0
159223,1
159224,0
159225,7
159226,0
159227,0
159228,1
159229,2
159230,0
159231,0
159232,0
159233,0
159234,0
159235,0
159236,0
159237,0
159238,0
159239,0
159240,1
159241,0
159242,0
159243,0
159244,0
159245,0
159246,0
159247,0
159248,0
159249,0
159250,0
159251,0
159252,1
159253,0
159254,0
159255,4
159256,0
159257,0
159258,0
159259,3
159260,0
159261,0
159262,0
159263,0
159264,0
159265,0
159266,0
159267,0
159268,6
159269,0
159270,0
159271,0
159272,0
159273,0
159274,0
159275,0
159276,0
159277,22
159278,0
159279,23
159280,31
159281,21
159282,0
159283,0
159284,0
159285,0
159286,0
159287,0
159288,0
159289,0
159290,0
159291,0
159292,0
159293,0
159294,0
159295,0
159296,0
159297,0
159298,0
159299,0
159300,0
159301,0
159302,0
159303,0
159304,0
159305,0
159306,0
159307,25
159308,0
159309,0
159310,0
159311,0
159312,0
159313,0
159314,0
159315,0
159316,0
159317,0
159318,0
159319,0
159320,0
159321,0
159322,0
159323,0
159324,15
159325,0
159326,19
159327,0
159328,0
159329,0
159330,0
159331,0
159332,0
159333,0
159334,0
159335,0
159336,0
159337,0
159338,0
159339,0
159340,0
159341,0
159342,0
159343,0
159344,0
159345,0
159346,0
159347,30
159348,0
159349,0
159350,0
159351,33
159352,0
159353,0
159354,0
159355,32
159356,0
159357,0
159358,0
159359,0
159360,0
159361,0
159362,0
159363,0
159364,0
159365,0
159366,29
159367,0
159368,0
159369,0
159370,0
159371,0
159372,0
159373,0
159374,0
159375,0
159376,0
159377,0
159378,0
159379,0
159380,0
159381,0
159382,0
159383,0
159384,0
159385,0
159386,0
159387,0
159388,0
159389,0
159390,0
159391,0
159392,0
159393,0
159394,0
159395,0
159396,0
159397,0
159398,0
159399,0
159400,26
159401,0
159402,0
159403,0
159404,0
159405,0
159406,0
159407,0
159408,0
159409,0
159410,0
159411,0
159412,0
159413,0
159414,0
159415,0
159416,0
159417,0
159418,0
159419,0
159420,0
159421,0
159422,0
159423,0
159424,0
159425,0
159426,0
159427,23
159428,0
159429,0
159430,0
159431,26
159432,0
159433,0
159434,0
159435,0
159436,0
159437,0
159438,0
159439,0
159440,0
159441,33
159442,20
159443,0
159444,0
159445,0
159446,0
159447,0
159448,0
159449,0
159450,0
159451,0
159452,0
159453,0
159454,0
159455,0
159456,0
159457,0
159458,0
159459,0
159460,0
159461,0
159462,0
159463,0
159464,0
159465,0
159466,0
159467,0
159468,0
159469,0
159470,0
159471,0
159472,0
159473,0
159474,0
159475,0
159476,0
159477,0
159478,0
159479,0
159480,0
159481,0
159482,0
159483,0
159484,0
159485,0
159486,24
159487,0
159488,0
159489,0
159490,0
159491,0
159492,0
159493,0
159494,0
159495,0
159496,0
159497,0
159498,0
159499,0
159500,0
159501,0
159502,0
159503,0
159504,0
159505,0
159506,0
159507,0
159508,0
159509,0
159510,0
159511,0
159512,0
159513,0
159514,0
159515,0
159516,0
159517,0
159518,0
159519,0
159520,0
159521,0
159522,0
159523,0
159524,0
159525,0
159526,28
159527,0
159528,0
159529,0
159530,0
159531,0
159532,0
159533,0
159534,0
159535,0
159536,0
159537,0
159538,0
159539,0
159540,0
159541,0
159542,0
159543,0
159544,0
159545,0
159546,0
159547,0
159548,0
159549,0
159550,0
159551,0
159552,0
159553,0
159554,0
159555,29
159556,0
159557,0
159558,25
159559,0
159560,0
159561,0
159562,0
159563,29
159564,24
159565,0
159566,0
159567,0
159568,0
159569,0
159570,27
159571,0
159572,0
159573,0
159574,0
159575,11
159576,0
159577,0
159578,0
159579,0
159580,0
159581,0
159582,0
159583,0
159584,0
159585,0
159586,0
159587,0
159588,0
159589,0
159590,0
159591,0
159592,0
159593,0
159594,0
159595,0
159596,0
159597,0
159598,0
159599,0
159600,0
159601,0
159602,0
159603,0
159604,17
159605,0
159606,0
159607,24
159608,0
159609,0
159610,0
159611,0
159612,0
159613,0
159614,0
159615,0
159616,0
159617,0
159618,0
159619,0
159620,0
159621,0
159622,0
159623,0
159624,0
159625,0
159626,0
159627,0
159628,0
159629,0
159630,0
159631,0
159632,0
159633,0
159634,0
159635,0
159636,0
159637,0
159638,0
159639,0
159640,0
159641,0
159642,0
159643,0
159644,0
159645,0
159646,0
159647,29
159648,0
159649,0
159650,0
159651,0
159652,0
159653,0
159654,24
159655,0
159656,0
159657,23
159658,0
159659,0
159660,0
159661,0
159662,0
159663,0
159664,0
159665,0
159666,0
159667,0
159668,0
159669,0
159670,0
159671,0
159672,34
159673,0
159674,0
159675,0
159676,0
159677,0
159678,0
159679,0
159680,0
159681,0
159682,0
159683,0
159684,0
159685,0
159686,0
159687,0
159688,0
159689,12
159690,0
159691,0
159692,0
159693,0
159694,0
159695,0
159696,0
159697,0
159698,0
159699,0
159700,0
159701,0
159702,0
159703,0
159704,0
159705,0
159706,0
159707,0
159708,0
159709,0
159710,0
159711,0
159712,0
159713,0
159714,0
159715,0
159716,0
159717,0
159718,0
159719,0
159720,0
159721,0
159722,0
159723,0
159724,0
159725,0
159726,0
159727,0
159728,0
159729,0
159730,0
159731,0
159732,0
159733,0
159734,0
159735,0
159736,0
159737,0
159738,0
159739,0
159740,0
159741,0
159742,0
159743,0
159744,0
159745,0
159746,0
159747,18
159748,0
159749,0
159750,0
159751,0
159752,20
159753,0
159754,0
159755,0
159756,0
159757,0
159758,0
159759,0
159760,0
159761,0
159762,0
159763,0
159764,0
159765,0
159766,0
159767,0
159768,0
159769,0
159770,20
159771,0
159772,0
159773,0
159774,0
159775,0
159776,0
159777,0
159778,0
159779,0
159780,0
159781,0
159782,0
159783,0
159784,27
159785,0
159786,0
159787,0
159788,0
159789,0
159790,0
159791,0
159792,0
159793,0
159794,0
159795,0
159796,0
159797,0
159798,0
159799,0
159800,24
159801,0
159802,0
159803,0
159804,0
159805,0
159806,0
159807,0
159808,0
159809,0
159810,0
159811,0
159812,0
159813,0
159814,0
159815,0
159816,0
159817,0
159818,0
159819,0
159820,0
159821,0
159822,0
159823,0
159824,0
159825,0
159826,0
159827,20
159828,0
159829,0
159830,0
159831,0
159832,0
159833,0
159834,0
159835,0
159836,0
159837,0
159838,0
159839,0
159840,0
159841,0
159842,0
159843,0
159844,0
159845,0
159846,27
159847,0
159848,0
159849,0
159850,0
159851,0
159852,0
159853,0
159854,0
159855,0
159856,0
159857,0
159858,0
159859,25
159860,0
159861,0
159862,0
159863,0
159864,0
159865,0
159866,0
159867,20
159868,0
159869,0
159870,0
159871,0
159872,0
159873,0
159874,0
159875,0
159876,0
159877,0
159878,0
159879,0
159880,0
159881,0
159882,0
159883,0
159884,0
159885,0
159886,0
159887,0
159888,0
159889,0
159890,0
159891,0
159892,0
159893,0
159894,0
159895,0
159896,0
159897,0
159898,0
159899,0
159900,0
159901,0
159902,0
159903,0
159904,0
159905,0
159906,0
159907,0
159908,21
159909,0
159910,0
159911,0
159912,0
159913,21
159914,0
159915,0
159916,18
159917,26
159918,0
159919,23
159920,20
159921,0
159922,0
159923,0
159924,0
159925,0
159926,0
159927,0
159928,18
159929,0
159930,0
159931,21
159932,0
159933,0
159934,0
159935,0
159936,37
159937,0
159938,0
159939,0
159940,30
159941,0
159942,0
159943,0
159944,0
159945,0
159946,0
159947,0
159948,26
159949,0
159950,0
159951,19
159952,0
159953,0
159954,31
159955,0
159956,0
159957,0
159958,0
159959,0
159960,0
159961,0
159962,0
159963,0
159964,18
159965,0
159966,0
159967,0
159968,24
159969,0
159970,0
159971,25
159972,0
159973,0
159974,38
159975,17
159976,0
159977,20
159978,19
159979,22
159980,0
159981,0
159982,21
159983,28
159984,26
159985,0
159986,18
159987,22
159988,0
159989,0
159990,0
159991,0
159992,15
159993,0
159994,0
159995,0
159996,0
159997,0
159998,0
159999,18
160000,22
160001,0
160002,0
160003,13
160004,0
160005,0
160006,0
160007,18
160008,0
160009,0
160010,28
160011,0
160012,0
160013,0
160014,17
160015,0
160016,19
160017,23
160018,26
160019,25
160020,0
160021,0
160022,0
160023,32
160024,33
160025,18
160026,0
160027,27
160028,0
160029,26
160030,22
160031,0
160032,32
160033,0
160034,30
160035,0
160036,25
160037,0
160038,0
160039,19
160040,0
160041,0
160042,35
160043,0
160044,0
160045,0
160046,0
160047,0
160048,0
160049,0
160050,0
160051,0
160052,14
160053,34
160054,0
160055,0
160056,0
160057,0
160058,0
160059,0
160060,0
160061,0
160062,0
160063,20
160064,0
160065,0
160066,16
160067,22
160068,19
160069,0
160070,0
160071,0
160072,0
160073,0
160074,21
160075,30
160076,0
160077,0
160078,0
160079,0
160080,0
160081,14
160082,0
160083,0
160084,33
160085,0
160086,0
160087,0
160088,35
160089,0
160090,0
160091,0
160092,0
160093,0
160094,0
160095,0
160096,0
160097,0
160098,29
160099,0
160100,0
160101,0
160102,0
160103,0
160104,0
160105,0
160106,0
160107,0
160108,0
160109,25
160110,0
160111,22
160112,25
160113,21
160114,0
160115,28
160116,32
160117,0
160118,28
160119,26
160120,20
160121,0
160122,0
160123,24
160124,0
160125,0
160126,0
160127,0
160128,32
160129,28
160130,0
160131,0
160132,0
160133,0
160134,0
160135,0
160136,0
160137,0
160138,23
160139,0
160140,23
160141,0
160142,0
160143,0
160144,0
160145,0
160146,0
160147,20
160148,30
160149,0
160150,20
160151,22
160152,24
160153,38
160154,0
160155,30
160156,0
160157,0
160158,0
160159,0
160160,25
160161,24
160162,22
160163,0
160164,0
160165,0
160166,0
160167,0
160168,0
160169,22
160170,21
160171,0
160172,23
160173,24
160174,0
160175,0
160176,0
160177,0
160178,0
160179,0
160180,27
160181,0
160182,25
160183,0
160184,0
160185,0
160186,0
160187,14
160188,0
160189,0
160190,0
160191,0
160192,0
160193,21
160194,0
160195,39
160196,0
160197,0
160198,0
160199,0
160200,0
160201,0
160202,25
160203,22
160204,0
160205,26
160206,0
160207,0
160208,0
160209,25
160210,0
160211,0
160212,32
160213,0
160214,0
160215,19
160216,30
160217,34
160218,0
160219,37
160220,0
160221,23
160222,27
160223,0
160224,0
160225,24
160226,0
160227,33
160228,29
160229,26
160230,0
160231,0
160232,0
160233,0
160234,0
160235,0
160236,0
160237,15
160238,0
160239,22
160240,0
160241,0
160242,0
160243,0
160244,0
160245,0
160246,0
160247,0
160248,22
160249,0
160250,14
160251,0
160252,0
160253,26
160254,0
160255,41
160256,0
160257,0
160258,0
160259,31
160260,0
160261,0
160262,0
160263,0
160264,28
160265,0
160266,0
160267,0
160268,0
160269,27
160270,26
160271,0
160272,0
160273,0
160274,0
160275,0
160276,33
160277,0
160278,15
160279,0
160280,0
160281,0
160282,0
160283,0
160284,0
160285,0
160286,0
160287,0
160288,0
160289,25
160290,0
160291,22
160292,0
160293,0
160294,0
160295,30
160296,32
160297,0
160298,0
160299,35
160300,17
160301,0
160302,34
160303,0
160304,0
160305,0
160306,10
160307,0
160308,22
160309,0
160310,0
160311,0
160312,0
160313,0
160314,19
160315,23
160316,22
160317,30
160318,26
160319,0
160320,15
160321,25
160322,0
160323,0
160324,0
160325,0
160326,18
160327,0
160328,0
160329,0
160330,0
160331,0
160332,0
160333,24
160334,20
160335,0
160336,0
160337,34
160338,27
160339,0
160340,0
160341,35
160342,27
160343,0
160344,0
160345,38
160346,0
160347,0
160348,0
160349,0
160350,0
160351,0
160352,20
160353,0
160354,22
160355,0
160356,0
160357,0
160358,0
160359,0
160360,0
160361,0
160362,0
160363,0
160364,0
160365,0
160366,0
160367,29
160368,0
160369,24
160370,0
160371,24
160372,0
160373,0
160374,30
160375,14
160376,19
160377,0
160378,0
160379,0
160380,0
160381,0
160382,0
160383,0
160384,24
160385,0
160386,29
160387,0
160388,0
160389,0
160390,22
160391,0
160392,28
160393,0
160394,15
160395,0
160396,0
160397,0
160398,0
160399,24
160400,30
160401,25
160402,0
160403,0
160404,0
160405,0
160406,0
160407,0
160408,16
160409,0
160410,0
160411,0
160412,0
160413,0
160414,0
160415,0
160416,23
160417,0
160418,0
160419,0
160420,0
160421,0
160422,0
160423,0
160424,29
160425,0
160426,0
160427,0
160428,27
160429,23
160430,0
160431,0
160432,24
160433,0
160434,0
160435,0
160436,0
160437,0
160438,0
160439,0
160440,0
160441,0
160442,0
160443,0
160444,22
160445,21
160446,18
160447,0
160448,22
160449,0
160450,0
160451,23
160452,0
160453,0
160454,0
160455,0
160456,0
160457,0
160458,0
160459,0
160460,0
160461,0
160462,0
160463,0
160464,22
160465,16
160466,24
160467,22
160468,0
160469,0
160470,18
160471,0
160472,0
160473,18
160474,0
160475,0
160476,0
160477,0
160478,25
160479,0
160480,0
160481,23
160482,0
160483,0
160484,32
160485,0
160486,0
160487,0
160488,0
160489,0
160490,0
160491,0
160492,0
160493,0
160494,0
160495,30
160496,0
160497,0
160498,0
160499,0
160500,0
160501,0
160502,0
160503,0
160504,0
160505,0
160506,23
160507,0
160508,18
160509,28
160510,0
160511,23
160512,0
160513,0
160514,0
160515,0
160516,0
160517,0
160518,0
160519,0
160520,21
160521,0
160522,22
160523,0
160524,0
160525,0
160526,31
160527,0
160528,0
160529,0
160530,21
160531,20
160532,0
160533,20
160534,0
160535,0
160536,36
160537,0
160538,0
160539,0
160540,0
160541,28
160542,0
160543,0
160544,0
160545,22
160546,0
160547,0
160548,0
160549,0
160550,20
160551,9
160552,0
160553,0
160554,0
160555,29
160556,31
160557,0
160558,26
160559,0
160560,0
160561,0
160562,0
160563,0
160564,0
160565,0
160566,0
160567,0
160568,20
160569,0
160570,0
160571,0
160572,0
160573,40
160574,0
160575,0
160576,0
160577,0
160578,0
160579,0
160580,36
160581,14
160582,0
160583,0
160584,15
160585,0
160586,20
160587,24
160588,24
160589,0
160590,34
160591,19
160592,0
160593,0
160594,0
160595,26
160596,24
160597,0
160598,0
160599,0
160600,0
160601,0
160602,26
160603,0
160604,0
160605,0
160606,38
160607,0
160608,0
160609,0
160610,0
160611,0
160612,18
160613,0
160614,33
160615,0
160616,0
160617,37
160618,0
160619,0
160620,0
160621,0
160622,0
160623,34
160624,0
160625,20
160626,0
160627,17
160628,42
160629,24
160630,0
160631,0
160632,0
160633,0
160634,0
160635,0
160636,28
160637,0
160638,0
160639,29
160640,0
160641,18
160642,0
160643,0
160644,20
160645,0
160646,22
160647,0
160648,0
160649,28
160650,0
160651,0
160652,37
160653,0
160654,20
160655,0
160656,0
160657,25
160658,0
160659,33
160660,0
160661,0
160662,0
160663,37
160664,0
160665,34
160666,0
160667,0
160668,19
160669,0
160670,0
160671,0
160672,30
160673,0
160674,0
160675,21
160676,19
160677,0
160678,22
160679,0
160680,0
160681,0
160682,0
160683,25
160684,0
160685,0
160686,0
160687,0
160688,42
160689,11
160690,0
160691,27
160692,0
160693,0
160694,0
160695,0
160696,0
160697,17
160698,22
160699,0
160700,24
160701,0
160702,31
160703,0
160704,29
160705,26
160706,0
160707,21
160708,0
160709,0
160710,21
160711,0
160712,0
160713,0
160714,26
160715,0
160716,0
160717,0
160718,0
160719,0
160720,22
160721,0
160722,0
160723,0
160724,0
160725,0
160726,19
160727,0
160728,0
160729,0
160730,0
160731,0
160732,0
160733,43
160734,0
160735,0
160736,36
160737,29
160738,0
160739,0
160740,22
160741,0
160742,0
160743,19
160744,23
160745,0
160746,0
160747,0
160748,0
160749,0
160750,17
160751,0
160752,0
160753,0
160754,0
160755,0
160756,0
160757,0
160758,0
160759,0
160760,0
160761,0
160762,0
160763,0
160764,0
160765,0
160766,0
160767,0
160768,0
160769,0
160770,0
160771,0
160772,26
160773,0
160774,0
160775,0
160776,0
160777,0
160778,0
160779,34
160780,0
160781,0
160782,0
160783,0
160784,0
160785,0
160786,0
160787,0
160788,0
160789,0
160790,0
160791,0
160792,0
160793,0
160794,0
160795,0
160796,0
160797,0
160798,0
160799,10
160800,0
160801,0
160802,0
160803,0
160804,0
160805,0
160806,0
160807,0
160808,0
160809,0
160810,0
160811,0
160812,0
160813,0
160814,0
160815,13
160816,0
160817,0
160818,0
160819,0
160820,14
160821,0
160822,0
160823,0
160824,0
160825,0
160826,0
160827,0
160828,0
160829,0
160830,23
160831,0
160832,0
160833,0
160834,0
160835,0
160836,24
160837,0
160838,0
160839,0
160840,0
160841,0
160842,0
160843,0
160844,16
160845,0
160846,0
160847,0
160848,0
160849,0
160850,0
160851,0
160852,0
160853,0
160854,0
160855,0
160856,25
160857,0
160858,0
160859,0
160860,0
160861,0
160862,0
160863,0
160864,0
160865,14
160866,0
160867,0
160868,0
160869,0
160870,0
160871,14
160872,0
160873,0
160874,0
160875,0
160876,0
160877,0
160878,0
160879,0
160880,0
160881,0
160882,0
160883,0
160884,0
160885,0
160886,0
160887,0
160888,0
160889,0
160890,0
160891,0
160892,0
160893,0
160894,0
160895,0
160896,0
160897,0
160898,11
160899,0
160900,0
160901,0
160902,0
160903,0
160904,0
160905,0
160906,0
160907,0
160908,0
160909,0
160910,0
160911,0
160912,22
160913,28
160914,23
160915,0
160916,12
160917,0
160918,0
160919,0
160920,0
160921,0
160922,0
160923,0
160924,0
160925,0
160926,0
160927,13
160928,0
160929,0
160930,0
160931,0
160932,0
160933,0
160934,0
160935,0
160936,0
160937,0
160938,0
160939,0
160940,17
160941,0
160942,0
160943,0
160944,0
160945,0
160946,0
160947,0
160948,0
160949,0
160950,0
160951,0
160952,0
160953,0
160954,0
160955,0
160956,0
160957,14
160958,0
160959,0
160960,0
160961,0
160962,0
160963,0
160964,0
160965,0
160966,0
160967,0
160968,0
160969,0
160970,0
160971,0
160972,0
160973,0
160974,0
160975,0
160976,22
160977,0
160978,0
160979,18
160980,0
160981,0
160982,0
160983,0
160984,0
160985,0
160986,0
160987,0
160988,0
160989,0
160990,0
160991,0
160992,0
160993,0
160994,12
160995,0
160996,0
160997,0
160998,0
160999,0
161000,0
161001,0
161002,0
161003,0
161004,0
161005,13
161006,0
161007,0
161008,0
161009,0
161010,0
161011,0
161012,0
161013,0
161014,16
161015,0
161016,0
161017,0
161018,0
161019,0
161020,0
161021,0
161022,0
161023,0
161024,0
161025,0
161026,0
161027,0
161028,0
161029,0
161030,0
161031,0
161032,0
161033,0
161034,0
161035,0
161036,7
161037,0
161038,0
161039,0
161040,14
161041,0
161042,0
161043,9
161044,0
161045,0
161046,0
161047,0
161048,21
161049,0
161050,0
161051,0
161052,0
161053,0
161054,0
161055,0
161056,0
161057,0
161058,0
161059,25
161060,0
161061,0
161062,0
161063,0
161064,0
161065,0
161066,0
161067,0
161068,0
161069,0
161070,0
161071,0
161072,0
161073,0
161074,0
161075,0
161076,0
161077,8
161078,0
161079,0
161080,0
161081,0
161082,0
161083,14
161084,0
161085,0
161086,0
161087,20
161088,0
161089,17
161090,0
161091,0
161092,0
161093,0
161094,15
161095,20
161096,0
161097,0
161098,0
161099,0
161100,0
161101,0
161102,0
161103,24
161104,0
161105,0
161106,0
161107,0
161108,0
161109,0
161110,0
161111,0
161112,0
161113,0
161114,0
161115,0
161116,0
161117,0
161118,0
161119,0
161120,0
161121,14
161122,0
161123,0
161124,0
161125,0
161126,0
161127,0
161128,0
161129,0
161130,0
161131,0
161132,0
161133,0
161134,30
161135,0
161136,0
161137,0
161138,0
161139,0
161140,0
161141,0
161142,0
161143,27
161144,0
161145,0
161146,0
161147,0
161148,0
161149,0
161150,0
161151,9
161152,0
161153,0
161154,0
161155,15
161156,0
161157,0
161158,0
161159,0
161160,0
161161,0
161162,0
161163,0
161164,0
161165,0
161166,0
161167,27
161168,0
161169,11
161170,0
161171,0
161172,13
161173,0
161174,0
161175,0
161176,0
161177,0
161178,0
161179,0
161180,0
161181,0
161182,12
161183,0
161184,0
161185,0
161186,0
161187,17
161188,0
161189,0
161190,0
161191,0
161192,0
161193,0
161194,0
161195,0
161196,21
161197,0
161198,0
161199,0
161200,0
161201,0
161202,0
161203,0
161204,0
161205,25
161206,0
161207,0
161208,0
161209,0
161210,0
161211,0
161212,0
161213,24
161214,0
161215,0
161216,0
161217,0
161218,0
161219,0
161220,0
161221,0
161222,0
161223,0
161224,0
161225,0
161226,0
161227,0
161228,0
161229,0
161230,0
161231,0
161232,0
161233,0
161234,0
161235,0
161236,0
161237,0
161238,0
161239,18
161240,0
161241,0
161242,0
161243,0
161244,0
161245,0
161246,7
161247,0
161248,0
161249,0
161250,0
161251,0
161252,0
161253,0
161254,0
161255,0
161256,21
161257,0
161258,0
161259,0
161260,21
161261,0
161262,0
161263,0
161264,0
161265,0
161266,0
161267,0
161268,0
161269,0
161270,0
161271,0
161272,0
161273,0
161274,0
161275,0
161276,0
161277,0
161278,0
161279,0
161280,0
161281,0
161282,0
161283,0
161284,0
161285,0
161286,0
161287,0
161288,0
161289,0
161290,15
161291,0
161292,0
161293,0
161294,0
161295,0
161296,0
161297,0
161298,0
161299,0
161300,0
161301,15
161302,0
161303,0
161304,0
161305,15
161306,0
161307,0
161308,0
161309,0
161310,0
161311,0
161312,0
161313,0
161314,0
161315,0
161316,0
161317,0
161318,0
161319,0
161320,0
161321,0
161322,0
161323,0
161324,20
161325,0
161326,0
161327,20
161328,0
161329,0
161330,0
161331,16
161332,20
161333,0
161334,0
161335,0
161336,0
161337,0
161338,0
161339,0
161340,0
161341,0
161342,0
161343,0
161344,21
161345,0
161346,0
161347,0
161348,0
161349,0
161350,0
161351,0
161352,0
161353,0
161354,14
161355,0
161356,0
161357,0
161358,0
161359,12
161360,0
161361,0
161362,0
161363,0
161364,12
161365,22
161366,0
161367,0
161368,0
161369,0
161370,0
161371,0
161372,0
161373,0
161374,0
161375,19
161376,0
161377,0
161378,0
161379,0
161380,0
161381,0
161382,0
161383,0
161384,17
161385,0
161386,22
161387,5
161388,0
161389,0
161390,0
161391,0
161392,0
161393,0
161394,0
161395,0
161396,0
161397,0
161398,0
161399,0
161400,0
161401,0
161402,0
161403,0
161404,0
161405,0
161406,0
161407,0
161408,0
161409,9
161410,0
161411,0
161412,0
161413,0
161414,0
161415,0
161416,0
161417,0
161418,0
161419,0
161420,0
161421,0
161422,0
161423,0
161424,0
161425,10
161426,0
161427,0
161428,0
161429,0
161430,0
161431,0
161432,0
161433,0
161434,0
161435,0
161436,29
161437,0
161438,0
161439,21
161440,0
161441,0
161442,0
161443,0
161444,0
161445,0
161446,21
161447,0
161448,0
161449,0
161450,0
161451,0
161452,0
161453,0
161454,0
161455,0
161456,0
161457,0
161458,15
161459,0
161460,0
161461,0
161462,0
161463,0
161464,0
161465,17
161466,0
161467,0
161468,0
161469,0
161470,0
161471,34
161472,0
161473,0
161474,0
161475,0
161476,0
161477,0
161478,0
161479,17
161480,0
161481,0
161482,0
161483,0
161484,0
161485,0
161486,0
161487,0
161488,0
161489,0
161490,0
161491,18
161492,14
161493,9
161494,12
161495,0
161496,0
161497,0
161498,0
161499,0
161500,10
161501,0
161502,0
161503,0
161504,0
161505,0
161506,0
161507,0
161508,0
161509,0
161510,0
161511,0
161512,15
161513,0
161514,0
161515,0
161516,0
161517,0
161518,0
161519,0
161520,32
161521,32
161522,0
161523,0
161524,0
161525,0
161526,29
161527,36
161528,0
161529,45
161530,0
161531,23
161532,0
161533,0
161534,0
161535,0
161536,0
161537,40
161538,23
161539,0
161540,0
161541,0
161542,0
161543,0
161544,0
161545,0
161546,0
161547,0
161548,0
161549,0
161550,23
161551,0
161552,28
161553,0
161554,0
161555,0
161556,0
161557,0
161558,30
161559,0
161560,0
161561,0
161562,27
161563,0
161564,0
161565,0
161566,0
161567,16
161568,0
161569,0
161570,0
161571,0
161572,23
161573,42
161574,0
161575,0
161576,0
161577,0
161578,0
161579,0
161580,0
161581,0
161582,0
161583,0
161584,0
161585,0
161586,33
161587,32
161588,0
161589,0
161590,0
161591,0
161592,0
161593,0
161594,0
161595,0
161596,0
161597,0
161598,0
161599,0
161600,0
161601,0
161602,0
161603,0
161604,0
161605,0
161606,0
161607,44
161608,40
161609,0
161610,43
161611,0
161612,35
161613,40
161614,0
161615,0
161616,0
161617,0
161618,25
161619,0
161620,0
161621,0
161622,0
161623,0
161624,0
161625,0
161626,0
161627,34
161628,0
161629,0
161630,0
161631,0
161632,37
161633,0
161634,0
161635,0
161636,0
161637,0
161638,0
161639,0
161640,0
161641,0
161642,0
161643,24
161644,0
161645,18
161646,29
161647,0
161648,29
161649,0
161650,0
161651,0
161652,0
161653,0
161654,0
161655,0
161656,0
161657,0
161658,0
161659,24
161660,0
161661,38
161662,0
161663,27
161664,37
161665,0
161666,0
161667,0
161668,0
161669,21
161670,0
161671,0
161672,0
161673,23
161674,0
161675,0
161676,0
161677,28
161678,0
161679,0
161680,0
161681,0
161682,0
161683,0
161684,0
161685,0
161686,0
161687,0
161688,0
161689,0
161690,0
161691,0
161692,0
161693,0
161694,40
161695,0
161696,0
161697,0
161698,0
161699,0
161700,42
161701,0
161702,0
161703,15
161704,29
161705,0
161706,0
161707,0
161708,0
161709,0
161710,0
161711,0
161712,0
161713,0
161714,0
161715,0
161716,0
161717,0
161718,0
161719,0
161720,37
161721,30
161722,0
161723,0
161724,0
161725,16
161726,31
161727,0
161728,0
161729,15
161730,0
161731,0
161732,29
161733,0
161734,33
161735,0
161736,0
161737,0
161738,27
161739,0
161740,0
161741,0
161742,50
161743,0
161744,27
161745,0
161746,34
161747,0
161748,32
161749,26
161750,0
161751,0
161752,0
161753,0
161754,0
161755,0
161756,0
161757,0
161758,0
161759,0
161760,28
161761,0
161762,0
161763,0
161764,0
161765,0
161766,0
161767,0
161768,0
161769,0
161770,0
161771,0
161772,0
161773,0
161774,0
161775,0
161776,0
161777,14
161778,31
161779,0
161780,0
161781,0
161782,0
161783,28
161784,0
161785,0
161786,0
161787,0
161788,0
161789,22
161790,0
161791,0
161792,0
161793,35
161794,0
161795,0
161796,0
161797,0
161798,0
161799,40
161800,0
161801,0
161802,32
161803,0
161804,0
161805,0
161806,0
161807,32
161808,0
161809,0
161810,0
161811,28
161812,0
161813,0
161814,36
161815,31
161816,0
161817,0
161818,0
161819,30
161820,0
161821,0
161822,0
161823,0
161824,50
161825,23
161826,0
161827,0
161828,0
161829,0
161830,28
161831,0
161832,0
161833,39
161834,27
161835,0
161836,0
161837,0
161838,37
161839,0
161840,0
161841,0
161842,0
161843,36
161844,23
161845,33
161846,0
161847,0
161848,0
161849,0
161850,0
161851,0
161852,0
161853,0
161854,0
161855,0
161856,0
161857,0
161858,0
161859,0
161860,23
161861,0
161862,0
161863,38
161864,0
161865,0
161866,0
161867,0
161868,40
161869,17
161870,0
161871,0
161872,0
161873,26
161874,0
161875,0
161876,0
161877,0
161878,0
161879,0
161880,0
161881,0
161882,0
161883,0
161884,0
161885,0
161886,0
161887,49
161888,19
161889,0
161890,19
161891,0
161892,0
161893,0
161894,18
161895,26
161896,0
161897,0
161898,0
161899,0
161900,0
161901,0
161902,0
161903,22
161904,0
161905,0
161906,0
161907,29
161908,0
161909,0
161910,0
161911,26
161912,0
161913,0
161914,0
161915,0
161916,0
161917,0
161918,28
161919,0
161920,0
161921,25
161922,0
161923,0
161924,0
161925,0
161926,0
161927,0
161928,20
161929,0
161930,0
161931,0
161932,23
161933,0
161934,0
161935,0
161936,0
161937,0
161938,0
161939,0
161940,0
161941,0
161942,42
161943,43
161944,0
161945,0
161946,0
161947,37
161948,0
161949,22
161950,0
161951,0
161952,0
161953,0
161954,0
161955,37
161956,39
161957,21
161958,0
161959,0
161960,0
161961,0
161962,0
161963,0
161964,0
161965,0
161966,0
161967,0
161968,0
161969,0
161970,41
161971,0
161972,0
161973,39
161974,0
161975,0
161976,0
161977,31
161978,0
161979,0
161980,0
161981,0
161982,0
161983,0
161984,0
161985,0
161986,0
161987,0
161988,0
161989,0
161990,0
161991,0
161992,0
161993,26
161994,0
161995,0
161996,0
161997,0
161998,0
161999,0
162000,0
162001,13
162002,37
162003,0
162004,0
162005,0
162006,0
162007,0
162008,34
162009,0
162010,0
162011,0
162012,0
162013,0
162014,0
162015,0
162016,0
162017,26
162018,20
162019,0
162020,35
162021,0
162022,0
162023,0
162024,0
162025,0
162026,0
162027,0
162028,0
162029,0
162030,0
162031,0
162032,31
162033,0
162034,48
162035,0
162036,0
162037,22
162038,0
162039,0
162040,0
162041,0
162042,0
162043,0
162044,0
162045,0
162046,0
162047,0
162048,28
162049,0
162050,0
162051,30
162052,27
162053,0
162054,45
162055,0
162056,42
162057,0
162058,0
162059,0
162060,22
162061,19
162062,0
162063,22
162064,33
162065,0
162066,32
162067,0
162068,0
162069,0
162070,0
162071,0
162072,0
162073,26
162074,0
162075,25
162076,0
162077,44
162078,34
162079,0
162080,0
162081,0
162082,41
162083,35
162084,0
162085,0
162086,0
162087,0
162088,0
162089,0
162090,0
162091,0
162092,40
162093,0
162094,0
162095,0
162096,0
162097,0
162098,34
162099,0
162100,0
162101,24
162102,23
162103,0
162104,0
162105,0
162106,0
162107,0
162108,26
162109,0
162110,0
162111,33
162112,30
162113,0
162114,0
162115,0
162116,28
162117,29
162118,31
162119,0
162120,34
162121,32
162122,0
162123,0
162124,20
162125,0
162126,0
162127,0
162128,0
162129,21
162130,0
162131,0
162132,0
162133,0
162134,0
162135,0
162136,0
162137,0
162138,0
162139,0
162140,0
162141,0
162142,0
162143,0
162144,25
162145,0
162146,0
162147,0
162148,0
162149,0
162150,20
162151,0
162152,37
162153,0
162154,0
162155,31
162156,0
162157,0
162158,0
162159,39
162160,0
162161,0
162162,0
162163,0
162164,0
162165,0
162166,26
162167,0
162168,0
162169,0
162170,14
162171,28
162172,22
162173,0
162174,0
162175,34
162176,0
162177,0
162178,0
162179,0
162180,0
162181,0
162182,0
162183,43
162184,24
162185,26
162186,0
162187,0
162188,0
162189,43
162190,17
162191,38
162192,30
162193,18
162194,0
162195,0
162196,0
162197,0
162198,0
162199,0
162200,0
162201,0
162202,0
162203,0
162204,0
162205,0
162206,63
162207,0
162208,0
162209,0
162210,0
162211,0
162212,0
162213,0
162214,0
162215,0
162216,0
162217,0
162218,0
162219,0
162220,0
162221,0
162222,0
162223,0
162224,0
162225,0
162226,0
162227,0
162228,0
162229,0
162230,0
162231,0
162232,0
162233,0
162234,0
162235,30
162236,0
162237,0
162238,20
162239,0
162240,0
162241,0
162242,0
162243,0
162244,31
162245,25
162246,31
162247,0
162248,0
162249,0
162250,0
162251,0
162252,0
162253,0
162254,45
162255,0
162256,0
162257,0
162258,0
162259,0
162260,0
162261,0
162262,0
162263,0
162264,0
162265,0
162266,0
162267,0
162268,0
162269,0
162270,0
162271,0
162272,0
162273,0
162274,0
162275,0
162276,0
162277,0
162278,0
162279,0
162280,0
162281,0
162282,28
162283,0
162284,0
162285,0
162286,0
162287,0
162288,41
162289,0
162290,0
162291,54
162292,0
162293,0
162294,0
162295,0
162296,29
162297,0
162298,0
162299,27
162300,0
162301,0
162302,0
162303,0
162304,0
162305,0
162306,0
162307,0
162308,0
162309,0
162310,27
162311,0
162312,0
162313,35
162314,30
162315,0
162316,0
162317,0
162318,0
162319,34
162320,0
162321,46
162322,0
162323,27
162324,0
162325,30
162326,0
162327,0
162328,0
162329,0
162330,0
162331,17
162332,32
162333,0
162334,0
162335,0
162336,0
162337,27
162338,25
162339,0
162340,22
162341,0
162342,0
162343,0
162344,0
162345,0
162346,0
162347,0
162348,0
162349,0
162350,0
162351,0
162352,0
162353,0
162354,21
162355,0
162356,0
162357,0
162358,0
162359,0
162360,0
162361,0
162362,0
162363,0
162364,0
162365,0
162366,0
162367,0
162368,27
162369,0
162370,21
162371,0
162372,0
162373,40
162374,0
162375,0
162376,0
162377,0
162378,0
162379,0
162380,0
162381,0
162382,13
162383,14
162384,0
162385,0
162386,17
162387,0
162388,13
162389,0
162390,0
162391,0
162392,0
162393,0
162394,0
162395,0
162396,0
162397,0
162398,0
162399,0
162400,0
162401,13
162402,0
162403,0
162404,0
162405,0
162406,0
162407,0
162408,0
162409,0
162410,12
162411,0
162412,0
162413,0
162414,0
162415,0
162416,0
162417,0
162418,21
162419,0
162420,19
162421,0
162422,0
162423,0
162424,20
162425,0
162426,0
162427,0
162428,0
162429,0
162430,0
162431,0
162432,0
162433,15
162434,0
162435,0
162436,13
162437,0
162438,0
162439,0
162440,0
162441,0
162442,0
162443,25
162444,18
162445,0
162446,0
162447,0
162448,0
162449,0
162450,0
162451,0
162452,0
162453,0
162454,0
162455,0
162456,0
162457,0
162458,0
162459,0
162460,0
162461,15
162462,0
162463,0
162464,14
162465,0
162466,0
162467,0
162468,0
162469,0
162470,19
162471,0
162472,0
162473,0
162474,0
162475,25
162476,11
162477,0
162478,0
162479,0
162480,0
162481,0
162482,0
162483,0
162484,0
162485,10
162486,25
162487,0
162488,0
162489,0
162490,0
162491,0
162492,16
162493,0
162494,10
162495,16
162496,0
162497,0
162498,0
162499,0
162500,0
162501,0
162502,0
162503,0
162504,0
162505,17
162506,0
162507,18
162508,0
162509,0
162510,0
162511,0
162512,27
162513,0
162514,0
162515,0
162516,20
162517,0
162518,22
162519,23
162520,0
162521,0
162522,0
162523,0
162524,0
162525,0
162526,24
162527,0
162528,0
162529,0
162530,0
162531,19
162532,24
162533,0
162534,0
162535,0
162536,0
162537,0
162538,0
162539,0
162540,0
162541,0
162542,0
162543,0
162544,0
162545,0
162546,0
162547,0
162548,11
162549,0
162550,0
162551,0
162552,0
162553,0
162554,0
162555,0
162556,0
162557,0
162558,0
162559,0
162560,0
162561,0
162562,0
162563,0
162564,0
162565,0
162566,0
162567,0
162568,0
162569,0
162570,0
162571,0
162572,0
162573,0
162574,0
162575,0
162576,0
162577,18
162578,0
162579,19
162580,0
162581,0
162582,0
162583,0
162584,0
162585,0
162586,0
162587,0
162588,0
162589,0
162590,0
162591,0
162592,0
162593,0
162594,0
162595,0
162596,0
162597,0
162598,0
162599,0
162600,0
162601,0
162602,0
162603,0
162604,0
162605,0
162606,0
162607,0
162608,19
162609,0
162610,0
162611,0
162612,0
162613,0
162614,0
162615,0
162616,0
162617,0
162618,0
162619,26
162620,0
162621,26
162622,0
162623,0
162624,0
162625,0
162626,0
162627,0
162628,0
162629,0
162630,0
162631,0
162632,0
162633,15
162634,18
162635,0
162636,0
162637,0
162638,0
162639,0
162640,0
162641,0
162642,26
162643,0
162644,0
162645,0
162646,0
162647,0
162648,0
162649,0
162650,28
162651,0
162652,0
162653,0
162654,0
162655,13
162656,0
162657,0
162658,0
162659,0
162660,0
162661,0
162662,0
162663,0
162664,0
162665,0
162666,0
162667,0
162668,0
162669,0
162670,0
162671,0
162672,0
162673,0
162674,0
162675,20
162676,0
162677,0
162678,0
162679,0
162680,21
162681,0
162682,0
162683,0
162684,0
162685,16
162686,0
162687,0
162688,0
162689,0
162690,16
162691,14
162692,0
162693,35
162694,0
162695,0
162696,0
162697,0
162698,0
162699,0
162700,0
162701,0
162702,0
162703,0
162704,0
162705,15
162706,0
162707,0
162708,17
162709,0
162710,0
162711,0
162712,0
162713,0
162714,0
162715,17
162716,0
162717,0
162718,0
162719,0
162720,0
162721,0
162722,18
162723,0
162724,0
162725,22
162726,0
162727,0
162728,0
162729,35
162730,0
162731,0
162732,0
162733,0
162734,0
162735,0
162736,0
162737,0
162738,25
162739,0
162740,0
162741,0
162742,30
162743,0
162744,0
162745,0
162746,0
162747,0
162748,0
162749,0
162750,0
162751,0
162752,0
162753,13
162754,28
162755,0
162756,0
162757,0
162758,0
162759,0
162760,21
162761,0
162762,0
162763,0
162764,0
162765,0
162766,0
162767,0
162768,22
162769,0
162770,0
162771,0
162772,0
162773,30
162774,0
162775,0
162776,0
162777,0
162778,0
162779,0
162780,0
162781,0
162782,0
162783,0
162784,0
162785,0
162786,0
162787,0
162788,0
162789,0
162790,0
162791,0
162792,13
162793,0
162794,0
162795,0
162796,27
162797,0
162798,0
162799,0
162800,19
162801,0
162802,0
162803,0
162804,0
162805,0
162806,0
162807,0
162808,0
162809,0
162810,0
162811,18
162812,0
162813,0
162814,11
162815,0
162816,0
162817,0
162818,0
162819,29
162820,0
162821,0
162822,0
162823,0
162824,0
162825,0
162826,0
162827,0
162828,0
162829,0
162830,0
162831,25
162832,0
162833,0
162834,0
162835,0
162836,0
162837,0
162838,24
162839,0
162840,12
162841,21
162842,0
162843,0
162844,18
162845,0
162846,0
162847,0
162848,0
162849,0
162850,20
162851,22
162852,12
162853,0
162854,0
162855,0
162856,0
162857,0
162858,0
162859,0
162860,19
162861,0
162862,31
162863,0
162864,29
162865,0
162866,0
162867,0
162868,18
162869,0
162870,0
162871,0
162872,0
162873,0
162874,0
162875,0
162876,0
162877,0
162878,0
162879,21
162880,28
162881,0
162882,0
162883,0
162884,16
162885,0
162886,17
162887,24
162888,0
162889,0
162890,0
162891,0
162892,0
162893,0
162894,0
162895,0
162896,0
162897,0
162898,0
162899,0
162900,21
162901,27
162902,0
162903,0
162904,0
162905,0
162906,26
162907,0
162908,24
162909,0
162910,38
162911,0
162912,0
162913,0
162914,0
162915,0
162916,0
162917,0
162918,0
162919,0
162920,0
162921,0
162922,17
162923,0
162924,0
162925,19
162926,0
162927,0
162928,0
162929,22
162930,0
162931,0
162932,27
162933,17
162934,0
162935,0
162936,0
162937,0
162938,0
162939,0
162940,21
162941,0
162942,0
162943,0
162944,17
162945,0
162946,0
162947,0
162948,0
162949,0
162950,14
162951,0
162952,0
162953,26
162954,0
162955,0
162956,0
162957,0
162958,0
162959,0
162960,0
162961,0
162962,27
162963,0
162964,0
162965,23
162966,0
162967,0
162968,0
162969,0
162970,0
162971,0
162972,0
162973,0
162974,0
162975,0
162976,0
162977,0
162978,0
162979,0
162980,0
162981,14
162982,0
162983,0
162984,0
162985,0
162986,0
162987,13
162988,0
162989,0
162990,0
162991,0
162992,0
162993,0
162994,0
162995,0
162996,0
162997,0
162998,17
162999,0
163000,0
163001,0
163002,13
163003,0
163004,0
163005,0
163006,14
163007,0
163008,0
163009,0
163010,0
163011,0
163012,0
163013,0
163014,0
163015,0
163016,20
163017,0
163018,0
163019,0
163020,0
163021,0
163022,0
163023,0
163024,33
163025,0
163026,0
163027,0
163028,0
163029,0
163030,19
163031,0
163032,0
163033,13
163034,0
163035,0
163036,0
163037,0
163038,0
163039,17
163040,22
163041,0
163042,25
163043,0
163044,0
163045,0
163046,0
163047,0
163048,0
163049,0
163050,16
163051,0
163052,0
163053,19
163054,0
163055,24
163056,0
163057,0
163058,22
163059,0
163060,0
163061,0
163062,23
163063,0
163064,0
163065,0
163066,0
163067,15
163068,0
163069,0
163070,0
163071,0
163072,0
163073,0
163074,0
163075,0
163076,0
163077,0
163078,0
163079,0
163080,16
163081,0
163082,0
163083,0
163084,0
163085,0
163086,16
163087,0
163088,0
163089,0
163090,0
163091,0
163092,16
163093,0
163094,0
163095,24
163096,0
163097,0
163098,0
163099,0
163100,0
163101,0
163102,0
163103,0
163104,0
163105,0
163106,13
163107,25
163108,0
163109,0
163110,0
163111,0
163112,0
163113,0
163114,25
163115,0
163116,28
163117,0
163118,0
163119,0
163120,0
163121,0
163122,0
163123,0
163124,0
163125,0
163126,0
163127,0
163128,0
163129,27
163130,0
163131,28
163132,0
163133,0
163134,0
163135,0
163136,0
163137,0
163138,0
163139,0
163140,0
163141,0
163142,0
163143,0
163144,0
163145,0
163146,0
163147,0
163148,16
163149,21
163150,0
163151,0
163152,13
163153,0
163154,0
163155,0
163156,0
163157,0
163158,0
163159,0
163160,19
163161,0
163162,0
163163,0
163164,0
163165,41
163166,0
163167,20
163168,0
163169,0
163170,0
163171,0
163172,0
163173,0
163174,0
163175,0
163176,0
163177,0
163178,21
163179,0
163180,0
163181,0
163182,0
163183,0
163184,18
163185,0
163186,0
163187,0
163188,0
163189,0
163190,0
163191,0
163192,0
163193,16
163194,0
163195,0
163196,0
163197,0
163198,0
163199,24
163200,0
163201,10
163202,0
163203,23
163204,0
163205,0
163206,0
163207,0
163208,0
163209,0
163210,0
163211,0
163212,21
163213,0
163214,0
163215,0
163216,0
163217,0
163218,16
163219,0
163220,0
163221,0
163222,0
163223,0
163224,19
163225,0
163226,0
163227,19
163228,0
163229,0
163230,0
163231,0
163232,23
163233,0
163234,0
163235,18
163236,0
163237,0
163238,33
163239,0
163240,0
163241,0
163242,0
163243,0
163244,0
163245,0
163246,0
163247,22
163248,0
163249,0
163250,0
163251,44
163252,0
163253,0
163254,0
163255,0
163256,0
163257,0
163258,0
163259,0
163260,0
163261,0
163262,0
163263,0
163264,0
163265,31
163266,0
163267,0
163268,0
163269,0
163270,0
163271,18
163272,0
163273,0
163274,0
163275,0
163276,0
163277,0
163278,0
163279,0
163280,0
163281,0
163282,0
163283,0
163284,0
163285,0
163286,0
163287,0
163288,0
163289,0
163290,0
163291,0
163292,0
163293,0
163294,0
163295,0
163296,0
163297,0
163298,0
163299,0
163300,11
163301,0
163302,0
163303,0
163304,0
163305,0
163306,0
163307,0
163308,15
163309,0
163310,9
163311,0
163312,0
163313,10
163314,0
163315,0
163316,0
163317,0
163318,9
163319,13
163320,8
163321,0
163322,0
163323,0
163324,0
163325,0
163326,0
163327,0
163328,0
163329,17
163330,0
163331,0
163332,0
163333,0
163334,0
163335,0
163336,0
163337,0
163338,0
163339,0
163340,0
163341,0
163342,0
163343,0
163344,0
163345,0
163346,0
163347,0
163348,0
163349,0
163350,0
163351,0
163352,0
163353,0
163354,0
163355,0
163356,0
163357,0
163358,9
163359,0
163360,0
163361,0
163362,13
163363,0
163364,0
163365,0
163366,10
163367,0
163368,0
163369,10
163370,0
163371,0
163372,0
163373,0
163374,12
163375,0
163376,0
163377,0
163378,0
163379,0
163380,0
163381,0
163382,0
163383,0
163384,0
163385,0
163386,0
163387,0
163388,8
163389,0
163390,0
163391,0
163392,0
163393,0
163394,0
163395,0
163396,0
163397,0
163398,0
163399,0
163400,0
163401,0
163402,0
163403,0
163404,0
163405,0
163406,0
163407,0
163408,0
163409,0
163410,0
163411,0
163412,0
163413,0
163414,0
163415,0
163416,0
163417,0
163418,0
163419,10
163420,0
163421,0
163422,0
163423,0
163424,0
163425,0
163426,0
163427,0
163428,10
163429,10
163430,0
163431,0
163432,0
163433,0
163434,0
163435,0
163436,12
163437,0
163438,0
163439,0
163440,0
163441,0
163442,0
163443,0
163444,9
163445,0
163446,0
163447,0
163448,0
163449,0
163450,0
163451,0
163452,0
163453,0
163454,0
163455,7
163456,0
163457,0
163458,0
163459,0
163460,0
163461,0
163462,0
163463,13
163464,0
163465,0
163466,0
163467,0
163468,0
163469,0
163470,13
163471,0
163472,0
163473,0
163474,0
163475,0
163476,0
163477,0
163478,9
163479,0
163480,0
163481,0
163482,0
163483,0
163484,0
163485,0
163486,0
163487,0
163488,0
163489,0
163490,0
163491,0
163492,0
163493,0
163494,0
163495,0
163496,0
163497,0
163498,0
163499,17
163500,0
163501,0
163502,10
163503,0
163504,0
163505,0
163506,0
163507,0
163508,0
163509,0
163510,0
163511,0
163512,0
163513,0
163514,0
163515,0
163516,0
163517,0
163518,0
163519,0
163520,0
163521,0
163522,0
163523,0
163524,0
163525,0
163526,0
163527,0
163528,0
163529,0
163530,0
163531,0
163532,0
163533,0
163534,0
163535,0
163536,0
163537,0
163538,0
163539,7
163540,0
163541,0
163542,0
163543,0
163544,0
163545,0
163546,0
163547,0
163548,0
163549,0
163550,0
163551,0
163552,18
163553,0
163554,0
163555,0
163556,0
163557,0
163558,0
163559,0
163560,0
163561,21
163562,0
163563,0
163564,0
163565,0
163566,0
163567,0
163568,0
163569,0
163570,0
163571,0
163572,13
163573,0
163574,0
163575,0
163576,0
163577,0
163578,0
163579,0
163580,0
163581,0
163582,0
163583,0
163584,0
163585,0
163586,0
163587,0
163588,12
163589,0
163590,0
163591,0
163592,0
163593,0
163594,0
163595,0
163596,0
163597,0
163598,0
163599,0
163600,0
163601,0
163602,11
163603,0
163604,0
163605,0
163606,0
163607,0
163608,0
163609,0
163610,11
163611,0
163612,0
163613,0
163614,0
163615,0
163616,0
163617,0
163618,0
163619,0
163620,0
163621,0
163622,0
163623,0
163624,0
163625,0
163626,0
163627,0
163628,0
163629,0
163630,0
163631,0
163632,0
163633,0
163634,0
163635,0
163636,0
163637,0
163638,0
163639,0
163640,0
163641,17
163642,11
163643,0
163644,0
163645,0
163646,0
163647,7
163648,0
163649,0
163650,10
163651,0
163652,0
163653,11
163654,0
163655,0
163656,0
163657,0
163658,0
163659,0
163660,0
163661,0
163662,0
163663,0
163664,0
163665,0
163666,0
163667,0
163668,0
163669,0
163670,0
163671,11
163672,0
163673,13
163674,0
163675,0
163676,0
163677,0
163678,0
163679,0
163680,0
163681,0
163682,0
163683,0
163684,0
163685,0
163686,0
163687,0
163688,0
163689,0
163690,0
163691,0
163692,0
163693,0
163694,0
163695,0
163696,0
163697,0
163698,0
163699,0
163700,0
163701,0
163702,0
163703,0
163704,0
163705,0
163706,0
163707,0
163708,0
163709,0
163710,6
163711,10
163712,0
163713,9
163714,0
163715,0
163716,0
163717,0
163718,7
163719,0
163720,0
163721,0
163722,0
163723,0
163724,0
163725,0
163726,0
163727,0
163728,0
163729,0
163730,0
163731,0
163732,0
163733,0
163734,0
163735,6
163736,12
163737,0
163738,0
163739,9
163740,0
163741,6
163742,0
163743,0
163744,0
163745,0
163746,0
163747,5
163748,0
163749,11
163750,0
163751,0
163752,0
163753,0
163754,0
163755,0
163756,0
163757,0
163758,0
163759,0
163760,0
163761,0
163762,0
163763,0
163764,0
163765,0
163766,13
163767,0
163768,0
163769,0
163770,0
163771,0
163772,0
163773,0
163774,0
163775,0
163776,0
163777,0
163778,0
163779,0
163780,0
163781,9
163782,13
163783,0
163784,0
163785,8
163786,0
163787,0
163788,0
163789,0
163790,0
163791,0
163792,0
163793,0
163794,0
163795,0
163796,0
163797,0
163798,0
163799,0
163800,0
163801,0
163802,0
163803,9
163804,0
163805,0
163806,0
163807,0
163808,0
163809,0
163810,0
163811,0
163812,10
163813,0
163814,0
163815,0
163816,0
163817,0
163818,0
163819,0
163820,0
163821,0
163822,0
163823,10
163824,12
163825,0
163826,0
163827,0
163828,6
163829,0
163830,0
163831,6
163832,7
163833,0
163834,0
163835,11
163836,0
163837,0
163838,0
163839,0
163840,0
163841,0
163842,0
163843,0
163844,0
163845,0
163846,0
163847,0
163848,0
163849,7
163850,0
163851,0
163852,0
163853,0
163854,0
163855,0
163856,0
163857,0
163858,0
163859,8
163860,0
163861,0
163862,0
163863,0
163864,0
163865,0
163866,0
163867,0
163868,0
163869,0
163870,5
163871,0
163872,0
163873,0
163874,0
163875,12
163876,0
163877,0
163878,0
163879,0
163880,0
163881,0
163882,0
163883,0
163884,0
163885,0
163886,0
163887,0
163888,0
163889,0
163890,0
163891,0
163892,0
163893,0
163894,0
163895,0
163896,0
163897,0
163898,0
163899,0
163900,7
163901,0
163902,0
163903,0
163904,6
163905,0
163906,0
163907,0
163908,0
163909,7
163910,0
163911,0
163912,0
163913,0
163914,0
163915,0
163916,0
163917,0
163918,0
163919,0
163920,0
163921,0
163922,0
163923,0
163924,0
163925,0
163926,0
163927,0
163928,0
163929,0
163930,0
163931,9
163932,0
163933,0
163934,0
163935,0
163936,0
163937,0
163938,0
163939,0
163940,0
163941,0
163942,13
163943,0
163944,0
163945,0
163946,0
163947,0
163948,0
163949,0
163950,0
163951,0
163952,0
163953,0
163954,3
163955,0
163956,0
163957,0
163958,0
163959,0
163960,0
163961,0
163962,0
163963,0
163964,0
163965,0
163966,0
163967,0
163968,0
163969,0
163970,0
163971,0
163972,0
163973,0
163974,0
163975,0
163976,0
163977,0
163978,0
163979,0
163980,0
163981,0
163982,0
163983,0
163984,0
163985,0
163986,0
163987,0
163988,0
163989,9
163990,0
163991,17
163992,0
163993,0
163994,13
163995,0
163996,0
163997,0
163998,0
163999,0
164000,0
164001,0
164002,0
164003,0
164004,0
164005,0
164006,0
164007,9
164008,0
164009,0
164010,0
164011,0
164012,0
164013,0
164014,0
164015,0
164016,0
164017,0
164018,0
164019,0
164020,0
164021,0
164022,0
164023,0
164024,0
164025,0
164026,0
164027,0
164028,0
164029,0
164030,0
164031,0
164032,0
164033,0
164034,0
164035,0
164036,0
164037,11
164038,0
164039,8
164040,0
164041,0
164042,0
164043,8
164044,0
164045,0
164046,0
164047,0
164048,0
164049,0
164050,0
164051,0
164052,0
164053,0
164054,0
164055,0
164056,0
164057,0
164058,0
164059,0
164060,0
164061,0
164062,0
164063,0
164064,0
164065,7
164066,0
164067,0
164068,0
164069,13
164070,0
164071,14
164072,0
164073,0
164074,0
164075,0
164076,0
164077,0
164078,18
164079,0
164080,0
164081,0
164082,0
164083,0
164084,0
164085,0
164086,0
164087,12
164088,0
164089,0
164090,0
164091,0
164092,0
164093,0
164094,0
164095,0
164096,0
164097,0
164098,0
164099,0
164100,0
164101,0
164102,0
164103,10
164104,0
164105,0
164106,0
164107,0
164108,0
164109,0
164110,0
164111,0
164112,0
164113,0
164114,0
164115,0
164116,0
164117,0
164118,0
164119,0
164120,0
164121,0
164122,0
164123,0
164124,0
164125,0
164126,0
164127,0
164128,0
164129,0
164130,0
164131,0
164132,0
164133,0
164134,0
164135,0
164136,0
164137,0
164138,0
164139,0
164140,0
164141,0
164142,0
164143,0
164144,0
164145,0
164146,0
164147,0
164148,0
164149,0
164150,0
164151,0
164152,0
164153,0
164154,0
164155,0
164156,0
164157,0
164158,0
164159,0
164160,0
164161,0
164162,0
164163,13
164164,0
164165,0
164166,0
164167,0
164168,0
164169,0
164170,0
164171,9
164172,13
164173,0
164174,12
164175,0
164176,0
164177,0
164178,0
164179,0
164180,0
164181,0
164182,0
164183,0
164184,0
164185,0
164186,0
164187,0
164188,0
164189,0
164190,0
164191,0
164192,0
164193,0
164194,0
164195,0
164196,0
164197,0
164198,0
164199,0
164200,0
164201,0
164202,0
164203,0
164204,12
164205,0
164206,0
164207,0
164208,13
164209,0
164210,0
164211,0
164212,0
164213,0
164214,0
164215,0
164216,0
164217,0
164218,0
164219,0
164220,0
164221,0
164222,0
164223,0
164224,0
164225,0
164226,0
164227,0
164228,0
164229,0
164230,0
164231,0
164232,0
164233,0
164234,0
164235,0
164236,45
164237,0
164238,0
164239,0
164240,0
164241,0
164242,0
164243,0
164244,0
164245,0
164246,0
164247,0
164248,26
164249,0
164250,0
164251,0
164252,0
164253,0
164254,47
164255,35
164256,0
164257,0
164258,29
164259,48
164260,0
164261,0
164262,45
164263,0
164264,0
164265,38
164266,0
164267,49
164268,0
164269,0
164270,0
164271,0
164272,0
164273,42
164274,0
164275,0
164276,0
164277,0
164278,0
164279,0
164280,0
164281,0
164282,0
164283,0
164284,0
164285,0
164286,26
164287,0
164288,0
164289,0
164290,0
164291,44
164292,0
164293,0
164294,34
164295,0
164296,0
164297,0
164298,27
164299,0
164300,0
164301,0
164302,0
164303,0
164304,0
164305,0
164306,0
164307,0
164308,35
164309,0
164310,0
164311,0
164312,0
164313,31
164314,0
164315,27
164316,0
164317,0
164318,0
164319,0
164320,0
164321,0
164322,0
164323,0
164324,33
164325,0
164326,35
164327,33
164328,0
164329,0
164330,0
164331,0
164332,41
164333,0
164334,0
164335,26
164336,0
164337,0
164338,26
164339,0
164340,0
164341,0
164342,0
164343,0
164344,0
164345,0
164346,0
164347,0
164348,0
164349,0
164350,0
164351,0
164352,45
164353,0
164354,0
164355,0
164356,0
164357,0
164358,49
164359,0
164360,0
164361,0
164362,0
164363,0
164364,30
164365,43
164366,0
164367,31
164368,0
164369,0
164370,0
164371,43
164372,0
164373,0
164374,0
164375,0
164376,0
164377,0
164378,37
164379,0
164380,0
164381,0
164382,39
164383,24
164384,0
164385,0
164386,39
164387,0
164388,0
164389,0
164390,0
164391,0
164392,0
164393,0
164394,0
164395,0
164396,0
164397,0
164398,39
164399,0
164400,0
164401,0
164402,0
164403,20
164404,0
164405,0
164406,0
164407,0
164408,0
164409,0
164410,0
164411,0
164412,40
164413,0
164414,0
164415,0
164416,30
164417,0
164418,0
164419,0
164420,31
164421,0
164422,0
164423,0
164424,0
164425,0
164426,0
164427,0
164428,0
164429,0
164430,0
164431,0
164432,0
164433,0
164434,0
164435,0
164436,0
164437,0
164438,0
164439,36
164440,0
164441,0
164442,22
164443,35
164444,35
164445,0
164446,29
164447,0
164448,41
164449,0
164450,0
164451,0
164452,0
164453,0
164454,0
164455,35
164456,0
164457,0
164458,29
164459,0
164460,0
164461,0
164462,0
164463,0
164464,0
164465,0
164466,35
164467,0
164468,44
164469,0
164470,0
164471,0
164472,0
164473,0
164474,0
164475,0
164476,38
164477,0
164478,0
164479,0
164480,0
164481,0
164482,32
164483,0
164484,0
164485,0
164486,0
164487,0
164488,0
164489,0
164490,0
164491,0
164492,0
164493,0
164494,0
164495,0
164496,36
164497,0
164498,0
164499,0
164500,0
164501,0
164502,0
164503,0
164504,0
164505,0
164506,0
164507,0
164508,33
164509,0
164510,0
164511,0
164512,0
164513,0
164514,0
164515,0
164516,0
164517,0
164518,0
164519,0
164520,0
164521,0
164522,0
164523,0
164524,0
164525,0
164526,0
164527,0
164528,0
164529,0
164530,0
164531,0
164532,0
164533,0
164534,0
164535,0
164536,0
164537,46
164538,0
164539,0
164540,0
164541,0
164542,42
164543,0
164544,0
164545,0
164546,0
164547,0
164548,0
164549,0
164550,35
164551,0
164552,0
164553,41
164554,0
164555,0
164556,56
164557,0
164558,0
164559,0
164560,0
164561,0
164562,24
164563,0
164564,0
164565,0
164566,0
164567,0
164568,36
164569,0
164570,46
164571,0
164572,0
164573,0
164574,0
164575,0
164576,0
164577,0
164578,0
164579,0
164580,0
164581,42
164582,0
164583,0
164584,0
164585,0
164586,0
164587,0
164588,42
164589,0
164590,24
164591,0
164592,0
164593,0
164594,0
164595,0
164596,0
164597,0
164598,43
164599,42
164600,42
164601,0
164602,30
164603,0
164604,0
164605,0
164606,36
164607,0
164608,0
164609,0
164610,0
164611,0
164612,0
164613,0
164614,0
164615,0
164616,0
164617,0
164618,0
164619,0
164620,0
164621,0
164622,0
164623,0
164624,0
164625,29
164626,0
164627,38
164628,0
164629,0
164630,0
164631,0
164632,0
164633,0
164634,0
164635,0
164636,0
164637,0
164638,0
164639,0
164640,0
164641,0
164642,0
164643,50
164644,0
164645,0
164646,0
164647,36
164648,0
164649,0
164650,0
164651,0
164652,0
164653,0
164654,0
164655,25
164656,0
164657,36
164658,23
164659,0
164660,0
164661,0
164662,40
164663,0
164664,0
164665,0
164666,0
164667,0
164668,0
164669,0
164670,0
164671,0
164672,0
164673,0
164674,0
164675,0
164676,0
164677,31
164678,0
164679,0
164680,0
164681,35
164682,0
164683,0
164684,0
164685,0
164686,0
164687,0
164688,0
164689,0
164690,47
164691,0
164692,0
164693,0
164694,0
164695,0
164696,0
164697,0
164698,0
164699,0
164700,0
164701,31
164702,0
164703,0
164704,0
164705,33
164706,0
164707,0
164708,0
164709,38
164710,0
164711,0
164712,0
164713,0
164714,0
164715,0
164716,0
164717,0
164718,0
164719,27
164720,0
164721,35
164722,0
164723,0
164724,0
164725,0
164726,0
164727,14
164728,0
164729,0
164730,0
164731,0
164732,0
164733,0
164734,0
164735,0
164736,0
164737,0
164738,15
164739,0
164740,0
164741,0
164742,0
164743,0
164744,0
164745,0
164746,0
164747,0
164748,0
164749,0
164750,0
164751,0
164752,0
164753,22
164754,0
164755,0
164756,0
164757,10
164758,0
164759,0
164760,0
164761,0
164762,0
164763,13
164764,0
164765,0
164766,0
164767,0
164768,0
164769,0
164770,0
164771,0
164772,0
164773,0
164774,0
164775,6
164776,0
164777,0
164778,0
164779,0
164780,12
164781,0
164782,11
164783,0
164784,10
164785,0
164786,0
164787,11
164788,19
164789,0
164790,0
164791,0
164792,0
164793,0
164794,0
164795,23
164796,0
164797,0
164798,25
164799,0
164800,20
164801,33
164802,0
164803,0
164804,0
164805,0
164806,0
164807,0
164808,0
164809,0
164810,13
164811,16
164812,0
164813,0
164814,0
164815,0
164816,0
164817,0
164818,13
164819,0
164820,0
164821,0
164822,0
164823,0
164824,0
164825,21
164826,0
164827,0
164828,0
164829,0
164830,0
164831,32
164832,0
164833,0
164834,0
164835,0
164836,18
164837,0
164838,0
164839,0
164840,0
164841,0
164842,0
164843,0
164844,0
164845,0
164846,0
164847,0
164848,18
164849,15
164850,0
164851,0
164852,0
164853,0
164854,0
164855,15
164856,0
164857,0
164858,14
164859,0
164860,0
164861,0
164862,0
164863,0
164864,0
164865,0
164866,0
164867,0
164868,0
164869,0
164870,0
164871,0
164872,0
164873,0
164874,0
164875,0
164876,0
164877,0
164878,0
164879,0
164880,12
164881,19
164882,0
164883,0
164884,0
164885,0
164886,0
164887,0
164888,0
164889,43
164890,0
164891,0
164892,35
164893,24
164894,0
164895,0
164896,0
164897,28
164898,0
164899,0
164900,0
164901,0
164902,28
164903,0
164904,0
164905,0
164906,0
164907,0
164908,24
164909,0
164910,0
164911,0
164912,0
164913,0
164914,0
164915,0
164916,0
164917,0
164918,0
164919,0
164920,0
164921,0
164922,0
164923,0
164924,0
164925,0
164926,0
164927,0
164928,0
164929,0
164930,0
164931,23
164932,0
164933,0
164934,0
164935,0
164936,0
164937,0
164938,0
164939,29
164940,0
164941,0
164942,24
164943,25
164944,0
164945,28
164946,0
164947,0
164948,0
164949,0
164950,0
164951,0
164952,0
164953,0
164954,0
164955,0
164956,30
164957,0
164958,0
164959,0
164960,0
164961,38
164962,26
164963,0
164964,32
164965,0
164966,0
164967,34
164968,0
164969,0
164970,0
164971,0
164972,0
164973,0
164974,0
164975,0
164976,0
164977,33
164978,0
164979,0
164980,29
164981,0
164982,0
164983,0
164984,0
164985,0
164986,0
164987,0
164988,0
164989,0
164990,0
164991,0
164992,0
164993,0
164994,0
164995,0
164996,24
164997,0
164998,0
164999,0
165000,0
165001,0
165002,0
165003,0
165004,31
165005,0
165006,27
165007,25
165008,38
165009,0
165010,0
165011,0
165012,0
165013,0
165014,0
165015,25
165016,0
165017,0
165018,0
165019,0
165020,31
165021,0
165022,0
165023,0
165024,0
165025,0
165026,0
165027,0
165028,23
165029,0
165030,0
165031,0
165032,24
165033,0
165034,31
165035,24
165036,0
165037,0
165038,0
165039,26
165040,0
165041,0
165042,0
165043,0
165044,44
165045,0
165046,21
165047,29
165048,0
165049,0
165050,0
165051,0
165052,0
165053,0
165054,0
165055,0
165056,0
165057,17
165058,0
165059,0
165060,26
165061,0
165062,0
165063,0
165064,0
165065,0
165066,0
165067,0
165068,0
165069,0
165070,0
165071,35
165072,0
165073,0
165074,0
165075,0
165076,0
165077,0
165078,0
165079,0
165080,0
165081,0
165082,0
165083,0
165084,31
165085,0
165086,0
165087,0
165088,0
165089,0
165090,0
165091,0
165092,0
165093,47
165094,0
165095,18
165096,0
165097,30
165098,0
165099,0
165100,0
165101,0
165102,0
165103,0
165104,0
165105,0
165106,0
165107,0
165108,0
165109,0
165110,39
165111,0
165112,0
165113,0
165114,0
165115,0
165116,0
165117,0
165118,0
165119,0
165120,23
165121,0
165122,0
165123,0
165124,0
165125,0
165126,0
165127,0
165128,0
165129,35
165130,24
165131,0
165132,0
165133,0
165134,24
165135,41
165136,0
165137,0
165138,0
165139,0
165140,0
165141,0
165142,0
165143,0
165144,0
165145,0
165146,0
165147,29
165148,26
165149,0
165150,0
165151,0
165152,0
165153,0
165154,0
165155,0
165156,0
165157,34
165158,0
165159,31
165160,0
165161,0
165162,25
165163,0
165164,30
165165,33
165166,0
165167,0
165168,0
165169,0
165170,0
165171,0
165172,0
165173,34
165174,0
165175,0
165176,0
165177,0
165178,0
165179,0
165180,0
165181,0
165182,0
165183,0
165184,0
165185,0
165186,0
165187,0
165188,0
165189,0
165190,0
165191,0
165192,38
165193,39
165194,28
165195,0
165196,0
165197,0
165198,0
165199,0
165200,0
165201,0
165202,0
165203,20
165204,0
165205,30
165206,0
165207,24
165208,0
165209,0
165210,0
165211,0
165212,0
165213,0
165214,39
165215,0
165216,0
165217,0
165218,29
165219,0
165220,0
165221,0
165222,0
165223,0
165224,0
165225,27
165226,0
165227,0
165228,0
165229,0
165230,0
165231,0
165232,0
165233,0
165234,20
165235,29
165236,24
165237,0
165238,0
165239,0
165240,0
165241,0
165242,0
165243,0
165244,0
165245,0
165246,0
165247,33
165248,0
165249,0
165250,0
165251,0
165252,0
165253,0
165254,0
165255,0
165256,0
165257,0
165258,0
165259,0
165260,0
165261,29
165262,0
165263,0
165264,0
165265,30
165266,0
165267,0
165268,0
165269,0
165270,0
165271,0
165272,26
165273,0
165274,0
165275,0
165276,30
165277,0
165278,0
165279,0
165280,26
165281,0
165282,24
165283,36
165284,0
165285,0
165286,0
165287,0
165288,0
165289,0
165290,43
165291,0
165292,0
165293,0
165294,0
165295,0
165296,35
165297,0
165298,26
165299,36
165300,26
165301,0
165302,38
165303,0
165304,30
165305,0
165306,0
165307,0
165308,0
165309,0
165310,0
165311,0
165312,0
165313,0
165314,28
165315,0
165316,34
165317,28
165318,0
165319,0
165320,0
165321,0
165322,0
165323,44
165324,0
165325,0
165326,0
165327,0
165328,0
165329,0
165330,28
165331,0
165332,27
165333,28
165334,0
165335,0
165336,0
165337,0
165338,0
165339,0
165340,0
165341,0
165342,0
165343,0
165344,0
165345,0
165346,0
165347,28
165348,0
165349,34
165350,0
165351,0
165352,0
165353,0
165354,20
165355,0
165356,0
165357,0
165358,0
165359,0
165360,0
165361,0
165362,0
165363,0
165364,34
165365,0
165366,39
165367,30
165368,0
165369,14
165370,0
165371,0
165372,0
165373,0
165374,0
165375,0
165376,0
165377,0
165378,32
165379,24
165380,0
165381,0
165382,0
165383,0
165384,0
165385,29
165386,0
165387,0
165388,0
165389,0
165390,0
165391,23
165392,0
165393,0
165394,0
165395,0
165396,0
165397,0
165398,0
165399,0
165400,0
165401,0
165402,25
165403,0
165404,0
165405,0
165406,0
165407,0
165408,0
165409,23
165410,0
165411,0
165412,0
165413,0
165414,0
165415,0
165416,0
165417,0
165418,18
165419,0
165420,0
165421,0
165422,37
165423,38
165424,22
165425,0
165426,0
165427,0
165428,0
165429,0
165430,0
165431,0
165432,0
165433,0
165434,0
165435,0
165436,0
165437,36
165438,0
165439,0
165440,0
165441,0
165442,0
165443,0
165444,0
165445,0
165446,35
165447,0
165448,0
165449,0
165450,0
165451,0
165452,0
165453,0
165454,21
165455,0
165456,0
165457,14
165458,0
165459,0
165460,0
165461,0
165462,30
165463,34
165464,0
165465,0
165466,0
165467,0
165468,0
165469,30
165470,0
165471,0
165472,0
165473,30
165474,0
165475,0
165476,0
165477,27
165478,0
165479,0
165480,0
165481,0
165482,0
165483,0
165484,33
165485,0
165486,0
165487,28
165488,0
165489,0
165490,0
165491,38
165492,0
165493,0
165494,0
165495,0
165496,0
165497,0
165498,19
165499,28
165500,0
165501,0
165502,0
165503,0
165504,29
165505,0
165506,22
165507,0
165508,0
165509,0
165510,0
165511,0
165512,0
165513,0
165514,31
165515,30
165516,49
165517,0
165518,30
165519,0
165520,0
165521,0
165522,0
165523,0
165524,23
165525,0
165526,0
165527,0
165528,25
165529,0
165530,0
165531,0
165532,22
165533,27
165534,0
165535,30
165536,33
165537,0
165538,0
165539,0
165540,0
165541,0
165542,0
165543,0
165544,0
165545,0
165546,0
165547,23
165548,0
165549,0
165550,0
165551,0
165552,27
165553,0
165554,0
165555,0
165556,28
165557,36
165558,0
165559,0
165560,0
165561,0
165562,0
165563,35
165564,0
165565,0
165566,0
165567,0
165568,0
165569,0
165570,0
165571,0
165572,0
165573,0
165574,0
165575,29
165576,0
165577,27
165578,0
165579,0
165580,0
165581,50
165582,0
165583,0
165584,27
165585,0
165586,32
165587,0
165588,0
165589,0
165590,25
165591,38
165592,26
165593,0
165594,0
165595,0
165596,0
165597,25
165598,0
165599,0
165600,0
165601,0
165602,0
165603,0
165604,32
165605,0
165606,0
165607,0
165608,0
165609,0
165610,33
165611,40
165612,0
165613,0
165614,0
165615,0
165616,0
165617,19
165618,0
165619,0
165620,15
165621,0
165622,0
165623,0
165624,0
165625,0
165626,0
165627,0
165628,0
165629,0
165630,0
165631,0
165632,32
165633,28
165634,30
165635,0
165636,28
165637,0
165638,0
165639,29
165640,28
165641,0
165642,32
165643,0
165644,34
165645,0
165646,0
165647,0
165648,0
165649,0
165650,0
165651,31
165652,0
165653,36
165654,0
165655,24
165656,0
165657,0
165658,0
165659,0
165660,0
165661,0
165662,46
165663,21
165664,0
165665,45
165666,0
165667,0
165668,34
165669,0
165670,25
165671,0
165672,0
165673,0
165674,30
165675,0
165676,0
165677,0
165678,0
165679,0
165680,0
165681,0
165682,0
165683,0
165684,0
165685,30
165686,0
165687,24
165688,25
165689,0
165690,0
165691,0
165692,23
165693,20
165694,0
165695,0
165696,0
165697,0
165698,30
165699,0
165700,0
165701,0
165702,0
165703,0
165704,0
165705,0
165706,0
165707,0
165708,0
165709,0
165710,34
165711,29
165712,0
165713,0
165714,0
165715,0
165716,0
165717,0
165718,0
165719,30
165720,0
165721,0
165722,0
165723,0
165724,24
165725,0
165726,0
165727,0
165728,0
165729,0
165730,0
165731,0
165732,0
165733,0
165734,0
165735,0
165736,32
165737,0
165738,0
165739,0
165740,0
165741,0
165742,0
165743,0
165744,0
165745,37
165746,0
165747,0
165748,0
165749,0
165750,0
165751,0
165752,0
165753,19
165754,0
165755,0
165756,22
165757,13
165758,0
165759,0
165760,24
165761,0
165762,26
165763,0
165764,0
165765,30
165766,0
165767,0
165768,23
165769,0
165770,30
165771,27
165772,0
165773,0
165774,0
165775,0
165776,0
165777,0
165778,0
165779,0
165780,0
165781,23
165782,26
165783,0
165784,0
165785,0
165786,0
165787,30
165788,0
165789,0
165790,0
165791,0
165792,0
165793,0
165794,0
165795,31
165796,0
165797,0
165798,0
165799,0
165800,0
165801,33
165802,0
165803,0
165804,0
165805,0
165806,0
165807,0
165808,37
165809,0
165810,0
165811,0
165812,29
165813,0
165814,18
165815,0
165816,0
165817,39
165818,0
165819,0
165820,22
165821,0
165822,0
165823,0
165824,0
165825,31
165826,0
165827,22
165828,0
165829,0
165830,0
165831,24
165832,0
165833,0
165834,0
165835,18
165836,31
165837,0
165838,0
165839,0
165840,31
165841,23
165842,0
165843,0
165844,23
165845,27
165846,0
165847,24
165848,0
165849,38
165850,0
165851,0
165852,0
165853,0
165854,0
165855,0
165856,0
165857,0
165858,29
165859,31
165860,0
165861,0
165862,0
165863,38
165864,0
165865,0
165866,0
165867,0
165868,0
165869,0
165870,21
165871,21
165872,0
165873,0
165874,24
165875,0
165876,0
165877,0
165878,0
165879,39
165880,0
165881,0
165882,0
165883,0
165884,46
165885,0
165886,0
165887,0
165888,0
165889,0
165890,0
165891,0
165892,0
165893,0
165894,43
165895,0
165896,0
165897,0
165898,0
165899,0
165900,0
165901,0
165902,0
165903,41
165904,0
165905,0
165906,0
165907,0
165908,0
165909,0
165910,0
165911,0
165912,37
165913,0
165914,0
165915,28
165916,0
165917,0
165918,0
165919,0
165920,0
165921,28
165922,35
165923,0
165924,0
165925,0
165926,0
165927,32
165928,0
165929,0
165930,0
165931,0
165932,0
165933,0
165934,0
165935,0
165936,0
165937,0
165938,34
165939,0
165940,0
165941,0
165942,0
165943,0
165944,0
165945,30
165946,0
165947,0
165948,0
165949,0
165950,0
165951,0
165952,0
165953,27
165954,0
165955,0
165956,0
165957,48
165958,0
165959,0
165960,0
165961,0
165962,0
165963,46
165964,0
165965,0
165966,0
165967,0
165968,40
165969,0
165970,0
165971,24
165972,0
165973,0
165974,0
165975,39
165976,0
165977,0
165978,0
165979,24
165980,0
165981,0
165982,0
165983,0
165984,0
165985,0
165986,0
165987,0
165988,0
165989,0
165990,0
165991,0
165992,0
165993,0
165994,0
165995,0
165996,0
165997,0
165998,0
165999,43
166000,0
166001,0
166002,0
166003,0
166004,0
166005,0
166006,0
166007,31
166008,0
166009,0
166010,0
166011,42
166012,0
166013,0
166014,0
166015,0
166016,0
166017,0
166018,0
166019,0
166020,0
166021,0
166022,0
166023,49
166024,0
166025,0
166026,0
166027,0
166028,0
166029,0
166030,0
166031,0
166032,0
166033,0
166034,0
166035,14
166036,0
166037,0
166038,49
166039,0
166040,0
166041,0
166042,28
166043,0
166044,0
166045,0
166046,0
166047,0
166048,0
166049,45
166050,0
166051,0
166052,0
166053,0
166054,0
166055,0
166056,36
166057,0
166058,0
166059,0
166060,0
166061,0
166062,0
166063,48
166064,0
166065,0
166066,0
166067,0
166068,0
166069,0
166070,0
166071,46
166072,0
166073,40
166074,0
166075,38
166076,0
166077,47
166078,0
166079,0
166080,0
166081,0
166082,0
166083,0
166084,0
166085,0
166086,34
166087,0
166088,0
166089,0
166090,0
166091,43
166092,0
166093,0
166094,0
166095,38
166096,0
166097,0
166098,0
166099,0
166100,0
166101,0
166102,0
166103,0
166104,0
166105,0
166106,0
166107,0
166108,0
166109,0
166110,0
166111,0
166112,0
166113,0
166114,36
166115,0
166116,0
166117,0
166118,41
166119,0
166120,0
166121,0
166122,0
166123,30
166124,0
166125,0
166126,0
166127,44
166128,0
166129,0
166130,53
166131,0
166132,0
166133,0
166134,0
166135,0
166136,0
166137,0
166138,0
166139,0
166140,0
166141,0
166142,33
166143,0
166144,0
166145,0
166146,0
166147,22
166148,0
166149,0
166150,0
166151,0
166152,0
166153,28
166154,0
166155,27
166156,0
166157,0
166158,0
166159,0
166160,0
166161,27
166162,0
166163,0
166164,0
166165,0
166166,0
166167,0
166168,0
166169,0
166170,0
166171,0
166172,0
166173,26
166174,0
166175,0
166176,24
166177,0
166178,0
166179,0
166180,0
166181,0
166182,0
166183,0
166184,25
166185,0
166186,0
166187,0
166188,0
166189,42
166190,31
166191,0
166192,0
166193,0
166194,0
166195,0
166196,0
166197,28
166198,0
166199,0
166200,0
166201,0
166202,0
166203,0
166204,0
166205,36
166206,0
166207,0
166208,35
166209,0
166210,0
166211,0
166212,0
166213,0
166214,0
166215,33
166216,0
166217,25
166218,0
166219,0
166220,0
166221,0
166222,0
166223,0
166224,36
166225,0
166226,0
166227,0
166228,0
166229,0
166230,0
166231,0
166232,0
166233,0
166234,0
166235,34
166236,0
166237,0
166238,0
166239,0
166240,39
166241,0
166242,0
166243,0
166244,38
166245,0
166246,0
166247,43
166248,0
166249,0
166250,0
166251,0
166252,0
166253,0
166254,44
166255,0
166256,0
166257,0
166258,0
166259,0
166260,0
166261,0
166262,0
166263,0
166264,0
166265,0
166266,0
166267,0
166268,0
166269,27
166270,0
166271,0
166272,0
166273,0
166274,0
166275,60
166276,0
166277,0
166278,0
166279,0
166280,0
166281,37
166282,29
166283,0
166284,0
166285,0
166286,0
166287,0
166288,0
166289,0
166290,34
166291,0
166292,0
166293,0
166294,0
166295,45
166296,0
166297,0
166298,0
166299,0
166300,30
166301,0
166302,0
166303,0
166304,0
166305,0
166306,0
166307,0
166308,61
166309,20
166310,0
166311,0
166312,39
166313,0
166314,0
166315,0
166316,0
166317,0
166318,0
166319,0
166320,0
166321,0
166322,0
166323,0
166324,0
166325,0
166326,0
166327,0
166328,41
166329,0
166330,0
166331,0
166332,0
166333,0
166334,0
166335,33
166336,0
166337,0
166338,0
166339,39
166340,0
166341,42
166342,0
166343,0
166344,30
166345,0
166346,0
166347,43
166348,0
166349,0
166350,0
166351,24
166352,0
166353,0
166354,0
166355,0
166356,0
166357,0
166358,0
166359,0
166360,0
166361,0
166362,0
166363,0
166364,0
166365,0
166366,0
166367,0
166368,0
166369,30
166370,0
166371,0
166372,0
166373,0
166374,0
166375,0
166376,0
166377,0
166378,41
166379,0
166380,0
166381,0
166382,0
166383,0
166384,0
166385,0
166386,56
166387,0
166388,32
166389,0
166390,0
166391,0
166392,0
166393,0
166394,0
166395,0
166396,0
166397,0
166398,0
166399,26
166400,38
166401,0
166402,36
166403,0
166404,0
166405,0
166406,31
166407,0
166408,0
166409,0
166410,29
166411,0
166412,0
166413,0
166414,33
166415,50
166416,47
166417,0
166418,0
166419,52
166420,0
166421,0
166422,0
166423,45
166424,39
166425,0
166426,0
166427,0
166428,0
166429,0
166430,0
166431,0
166432,41
166433,0
166434,0
166435,0
166436,0
166437,0
166438,0
166439,0
166440,0
166441,37
166442,0
166443,0
166444,36
166445,0
166446,0
166447,0
166448,0
166449,0
166450,0
166451,0
166452,0
166453,0
166454,33
166455,0
166456,38
166457,0
166458,0
166459,0
166460,23
166461,48
166462,31
166463,0
166464,0
166465,0
166466,0
166467,0
166468,0
166469,0
166470,0
166471,0
166472,0
166473,0
166474,0
166475,0
166476,0
166477,0
166478,0
166479,0
166480,0
166481,0
166482,0
166483,0
166484,0
166485,0
166486,0
166487,0
166488,0
166489,0
166490,0
166491,0
166492,0
166493,0
166494,0
166495,0
166496,0
166497,0
166498,0
166499,44
166500,0
166501,30
166502,0
166503,42
166504,0
166505,0
166506,0
166507,44
166508,0
166509,0
166510,0
166511,0
166512,31
166513,0
166514,0
166515,0
166516,0
166517,0
166518,0
166519,0
166520,0
166521,23
166522,0
166523,0
166524,22
166525,0
166526,0
166527,21
166528,0
166529,0
166530,0
166531,0
166532,0
166533,40
166534,25
166535,0
166536,0
166537,0
166538,0
166539,0
166540,0
166541,0
166542,0
166543,0
166544,0
166545,0
166546,0
166547,0
166548,0
166549,0
166550,0
166551,32
166552,0
166553,0
166554,0
166555,0
166556,0
166557,0
166558,38
166559,0
166560,0
166561,0
166562,0
166563,34
166564,0
166565,0
166566,37
166567,0
166568,0
166569,0
166570,34
166571,0
166572,0
166573,0
166574,0
166575,0
166576,0
166577,0
166578,0
166579,0
166580,0
166581,0
166582,0
166583,0
166584,0
166585,0
166586,0
166587,0
166588,0
166589,0
166590,0
166591,0
166592,37
166593,0
166594,27
166595,39
166596,0
166597,0
166598,0
166599,0
166600,0
166601,45
166602,0
166603,0
166604,0
166605,0
166606,0
166607,0
166608,0
166609,0
166610,27
166611,28
166612,0
166613,0
166614,0
166615,0
166616,0
166617,0
166618,0
166619,44
166620,0
166621,0
166622,0
166623,0
166624,0
166625,0
166626,0
166627,0
166628,0
166629,0
166630,0
166631,0
166632,0
166633,0
166634,0
166635,28
166636,0
166637,0
166638,0
166639,0
166640,0
166641,0
166642,0
166643,0
166644,0
166645,0
166646,0
166647,0
166648,0
166649,45
166650,0
166651,0
166652,0
166653,0
166654,0
166655,0
166656,0
166657,0
166658,41
166659,19
166660,0
166661,0
166662,0
166663,0
166664,0
166665,0
166666,44
166667,0
166668,31
166669,0
166670,0
166671,0
166672,19
166673,0
166674,0
166675,0
166676,0
166677,42
166678,0
166679,0
166680,0
166681,0
166682,0
166683,0
166684,43
166685,0
166686,0
166687,0
166688,0
166689,0
166690,0
166691,0
166692,0
166693,31
166694,0
166695,0
166696,37
166697,0
166698,0
166699,47
166700,0
166701,0
166702,0
166703,0
166704,0
166705,0
166706,0
166707,0
166708,0
166709,0
166710,0
166711,0
166712,0
166713,0
166714,0
166715,0
166716,0
166717,0
166718,0
166719,0
166720,0
166721,0
166722,0
166723,0
166724,0
166725,0
166726,0
166727,0
166728,0
166729,0
166730,24
166731,0
166732,0
166733,0
166734,0
166735,0
166736,0
166737,0
166738,0
166739,0
166740,0
166741,0
166742,0
166743,0
166744,0
166745,51
166746,0
166747,0
166748,47
166749,0
166750,25
166751,0
166752,0
166753,43
166754,0
166755,46
166756,0
166757,0
166758,0
166759,0
166760,0
166761,0
166762,0
166763,0
166764,0
166765,0
166766,0
166767,0
166768,0
166769,26
166770,0
166771,0
166772,0
166773,0
166774,0
166775,0
166776,0
166777,0
166778,0
166779,0
166780,0
166781,0
166782,0
166783,0
166784,0
166785,0
166786,0
166787,0
166788,0
166789,0
166790,0
166791,0
166792,0
166793,0
166794,0
166795,48
166796,0
166797,0
166798,0
166799,0
166800,0
166801,0
166802,0
166803,0
166804,0
166805,0
166806,0
166807,0
166808,37
166809,0
166810,0
166811,0
166812,0
166813,0
166814,0
166815,0
166816,0
166817,0
166818,0
166819,0
166820,0
166821,0
166822,0
166823,0
166824,0
166825,0
166826,0
166827,0
166828,0
166829,0
166830,0
166831,0
166832,0
166833,0
166834,0
166835,0
166836,0
166837,0
166838,0
166839,0
166840,0
166841,0
166842,0
166843,0
166844,0
166845,0
166846,0
166847,0
166848,0
166849,0
166850,0
166851,0
166852,0
166853,0
166854,0
166855,0
166856,0
166857,0
166858,0
166859,0
166860,0
166861,19
166862,0
166863,0
166864,0
166865,0
166866,0
166867,64
166868,0
166869,0
166870,42
166871,0
166872,0
166873,0
166874,0
166875,0
166876,0
166877,0
166878,0
166879,0
166880,44
166881,0
166882,0
166883,0
166884,0
166885,0
166886,0
166887,0
166888,0
166889,0
166890,0
166891,0
166892,0
166893,0
166894,0
166895,0
166896,0
166897,37
166898,0
166899,0
166900,0
166901,0
166902,0
166903,0
166904,0
166905,0
166906,0
166907,0
166908,0
166909,0
166910,0
166911,0
166912,0
166913,0
166914,0
166915,0
166916,0
166917,0
166918,0
166919,0
166920,0
166921,0
166922,0
166923,0
166924,0
166925,0
166926,0
166927,0
166928,0
166929,14
166930,10
166931,0
166932,0
166933,0
166934,7
166935,0
166936,0
166937,0
166938,0
166939,14
166940,0
166941,0
166942,0
166943,0
166944,0
166945,0
166946,0
166947,0
166948,0
166949,10
166950,12
166951,9
166952,6
166953,0
166954,8
166955,0
166956,0
166957,0
166958,10
166959,0
166960,0
166961,0
166962,0
166963,0
166964,6
166965,0
166966,0
166967,16
166968,0
166969,0
166970,6
166971,0
166972,0
166973,15
166974,0
166975,5
166976,0
166977,8
166978,0
166979,0
166980,0
166981,0
166982,0
166983,0
166984,0
166985,15
166986,18
166987,0
166988,0
166989,0
166990,0
166991,0
166992,0
166993,0
166994,14
166995,0
166996,0
166997,0
166998,0
166999,0
167000,14
167001,0
167002,0
167003,0
167004,0
167005,0
167006,17
167007,23
167008,21
167009,0
167010,17
167011,0
167012,0
167013,0
167014,0
167015,0
167016,0
167017,0
167018,0
167019,16
167020,0
167021,0
167022,0
167023,0
167024,0
167025,0
167026,0
167027,15
167028,20
167029,15
167030,0
167031,0
167032,20
167033,0
167034,0
167035,13
167036,30
167037,0
167038,0
167039,17
167040,0
167041,0
167042,21
167043,0
167044,0
167045,0
167046,0
167047,0
167048,0
167049,29
167050,0
167051,0
167052,12
167053,0
167054,0
167055,0
167056,0
167057,0
167058,0
167059,13
167060,0
167061,20
167062,0
167063,10
167064,14
167065,0
167066,0
167067,0
167068,14
167069,0
167070,0
167071,16
167072,10
167073,0
167074,17
167075,14
167076,0
167077,0
167078,0
167079,27
167080,0
167081,0
167082,0
167083,0
167084,22
167085,0
167086,0
167087,0
167088,0
167089,0
167090,0
167091,0
167092,0
167093,0
167094,0
167095,0
167096,0
167097,0
167098,0
167099,0
167100,0
167101,20
167102,0
167103,0
167104,0
167105,0
167106,0
167107,0
167108,0
167109,0
167110,0
167111,0
167112,26
167113,0
167114,0
167115,21
167116,0
167117,0
167118,0
167119,0
167120,0
167121,0
167122,0
167123,0
167124,0
167125,0
167126,0
167127,0
167128,0
167129,0
167130,0
167131,0
167132,5
167133,0
167134,0
167135,0
167136,0
167137,0
167138,0
167139,17
167140,0
167141,0
167142,12
167143,0
167144,0
167145,0
167146,0
167147,25
167148,0
167149,0
167150,0
167151,0
167152,0
167153,7
167154,16
167155,17
167156,0
167157,0
167158,25
167159,0
167160,0
167161,0
167162,10
167163,0
167164,23
167165,0
167166,0
167167,0
167168,0
167169,0
167170,0
167171,0
167172,0
167173,14
167174,0
167175,0
167176,0
167177,21
167178,0
167179,0
167180,0
167181,25
167182,0
167183,0
167184,0
167185,0
167186,0
167187,0
167188,0
167189,15
167190,17
167191,0
167192,0
167193,22
167194,0
167195,0
167196,0
167197,18
167198,0
167199,0
167200,0
167201,0
167202,0
167203,0
167204,0
167205,0
167206,0
167207,0
167208,0
167209,0
167210,8
167211,0
167212,0
167213,0
167214,0
167215,0
167216,17
167217,20
167218,0
167219,0
167220,0
167221,0
167222,10
167223,0
167224,0
167225,0
167226,0
167227,0
167228,0
167229,0
167230,0
167231,0
167232,0
167233,10
167234,12
167235,0
167236,0
167237,0
167238,0
167239,13
167240,0
167241,0
167242,0
167243,0
167244,0
167245,12
167246,0
167247,0
167248,0
167249,0
167250,0
167251,0
167252,0
167253,0
167254,0
167255,0
167256,0
167257,0
167258,0
167259,0
167260,0
167261,28
167262,0
167263,0
167264,0
167265,13
167266,0
167267,0
167268,0
167269,24
167270,0
167271,0
167272,0
167273,0
167274,0
167275,0
167276,0
167277,16
167278,0
167279,21
167280,0
167281,0
167282,0
167283,0
167284,0
167285,0
167286,0
167287,0
167288,0
167289,0
167290,23
167291,0
167292,13
167293,0
167294,14
167295,15
167296,0
167297,0
167298,0
167299,19
167300,15
167301,0
167302,0
167303,0
167304,17
167305,0
167306,0
167307,0
167308,0
167309,14
167310,15
167311,0
167312,0
167313,0
167314,0
167315,0
167316,0
167317,17
167318,0
167319,0
167320,0
167321,0
167322,0
167323,0
167324,0
167325,23
167326,0
167327,0
167328,0
167329,0
167330,0
167331,0
167332,0
167333,0
167334,18
167335,17
167336,0
167337,15
167338,0
167339,0
167340,18
167341,0
167342,0
167343,0
167344,0
167345,0
167346,0
167347,0
167348,0
167349,0
167350,0
167351,11
167352,0
167353,0
167354,0
167355,0
167356,0
167357,11
167358,0
167359,0
167360,16
167361,0
167362,13
167363,0
167364,0
167365,16
167366,0
167367,0
167368,0
167369,0
167370,0
167371,10
167372,0
167373,0
167374,18
167375,0
167376,0
167377,0
167378,26
167379,0
167380,0
167381,0
167382,21
167383,0
167384,0
167385,0
167386,0
167387,0
167388,0
167389,0
167390,0
167391,0
167392,0
167393,22
167394,0
167395,0
167396,0
167397,0
167398,0
167399,0
167400,0
167401,0
167402,0
167403,0
167404,0
167405,21
167406,0
167407,15
167408,0
167409,8
167410,14
167411,0
167412,0
167413,9
167414,0
167415,0
167416,25
167417,0
167418,0
167419,20
167420,0
167421,0
167422,0
167423,17
167424,0
167425,0
167426,0
167427,0
167428,0
167429,0
167430,0
167431,0
167432,0
167433,0
167434,0
167435,0
167436,0
167437,0
167438,0
167439,0
167440,0
167441,0
167442,0
167443,11
167444,0
167445,0
167446,0
167447,15
167448,0
167449,0
167450,0
167451,0
167452,13
167453,0
167454,0
167455,0
167456,0
167457,0
167458,0
167459,19
167460,0
167461,0
167462,0
167463,0
167464,0
167465,22
167466,0
167467,0
167468,24
167469,0
167470,0
167471,14
167472,0
167473,0
167474,0
167475,0
167476,0
167477,0
167478,0
167479,0
167480,17
167481,0
167482,0
167483,0
167484,21
167485,0
167486,0
167487,0
167488,16
167489,0
167490,0
167491,0
167492,0
167493,0
167494,0
167495,0
167496,17
167497,0
167498,0
167499,0
167500,0
167501,0
167502,16
167503,0
167504,0
167505,13
167506,0
167507,0
167508,25
167509,0
167510,0
167511,0
167512,0
167513,0
167514,0
167515,0
167516,0
167517,0
167518,0
167519,0
167520,0
167521,16
167522,0
167523,0
167524,0
167525,0
167526,0
167527,0
167528,0
167529,0
167530,0
167531,9
167532,0
167533,23
167534,0
167535,0
167536,0
167537,0
167538,0
167539,0
167540,0
167541,0
167542,11
167543,0
167544,0
167545,0
167546,17
167547,0
167548,0
167549,0
167550,0
167551,8
167552,0
167553,0
167554,0
167555,0
167556,0
167557,0
167558,0
167559,0
167560,0
167561,0
167562,0
167563,0
167564,0
167565,0
167566,0
167567,0
167568,0
167569,0
167570,0
167571,0
167572,0
167573,0
167574,0
167575,0
167576,0
167577,7
167578,0
167579,0
167580,0
167581,0
167582,0
167583,0
167584,0
167585,0
167586,0
167587,0
167588,0
167589,0
167590,0
167591,12
167592,0
167593,0
167594,9
167595,15
167596,0
167597,0
167598,0
167599,0
167600,0
167601,0
167602,0
167603,0
167604,10
167605,0
167606,0
167607,24
167608,0
167609,12
167610,0
167611,0
167612,0
167613,0
167614,0
167615,0
167616,0
167617,0
167618,0
167619,0
167620,0
167621,0
167622,0
167623,0
167624,0
167625,0
167626,0
167627,0
167628,0
167629,0
167630,15
167631,0
167632,0
167633,0
167634,0
167635,0
167636,0
167637,0
167638,0
167639,0
167640,0
167641,0
167642,0
167643,0
167644,0
167645,0
167646,0
167647,0
167648,0
167649,0
167650,0
167651,0
167652,0
167653,0
167654,0
167655,0
167656,0
167657,0
167658,0
167659,0
167660,0
167661,0
167662,16
167663,0
167664,0
167665,0
167666,0
167667,0
167668,0
167669,0
167670,16
167671,0
167672,0
167673,0
167674,0
167675,0
167676,0
167677,0
167678,0
167679,0
167680,0
167681,0
167682,0
167683,0
167684,0
167685,0
167686,0
167687,0
167688,0
167689,0
167690,0
167691,0
167692,0
167693,0
167694,0
167695,0
167696,0
167697,0
167698,0
167699,0
167700,0
167701,7
167702,0
167703,0
167704,0
167705,0
167706,0
167707,0
167708,0
167709,0
167710,0
167711,0
167712,0
167713,0
167714,0
167715,0
167716,0
167717,0
167718,0
167719,0
167720,0
167721,0
167722,0
167723,0
167724,0
167725,0
167726,0
167727,0
167728,9
167729,0
167730,0
167731,0
167732,0
167733,0
167734,0
167735,0
167736,0
167737,15
167738,0
167739,0
167740,0
167741,0
167742,0
167743,0
167744,0
167745,0
167746,0
167747,14
167748,0
167749,0
167750,0
167751,0
167752,0
167753,0
167754,0
167755,0
167756,0
167757,0
167758,18
167759,0
167760,17
167761,0
167762,0
167763,0
167764,0
167765,0
167766,0
167767,0
167768,0
167769,0
167770,0
167771,0
167772,0
167773,0
167774,0
167775,0
167776,0
167777,0
167778,0
167779,0
167780,0
167781,0
167782,0
167783,0
167784,0
167785,0
167786,0
167787,0
167788,0
167789,0
167790,0
167791,0
167792,0
167793,0
167794,0
167795,0
167796,0
167797,0
167798,0
167799,0
167800,0
167801,0
167802,0
167803,0
167804,0
167805,0
167806,0
167807,19
167808,0
167809,0
167810,0
167811,0
167812,17
167813,0
167814,0
167815,16
167816,0
167817,0
167818,0
167819,7
167820,0
167821,13
167822,0
167823,0
167824,0
167825,0
167826,0
167827,0
167828,0
167829,0
167830,13
167831,0
167832,0
167833,0
167834,0
167835,0
167836,0
167837,0
167838,11
167839,0
167840,0
167841,23
167842,0
167843,0
167844,0
167845,0
167846,11
167847,0
167848,0
167849,0
167850,19
167851,0
167852,0
167853,0
167854,0
167855,0
167856,0
167857,0
167858,0
167859,0
167860,0
167861,0
167862,0
167863,0
167864,0
167865,0
167866,15
167867,7
167868,0
167869,0
167870,0
167871,0
167872,0
167873,0
167874,0
167875,0
167876,0
167877,0
167878,0
167879,0
167880,0
167881,0
167882,0
167883,0
167884,0
167885,12
167886,0
167887,0
167888,0
167889,12
167890,0
167891,0
167892,0
167893,0
167894,0
167895,0
167896,0
167897,0
167898,26
167899,0
167900,0
167901,24
167902,0
167903,0
167904,0
167905,0
167906,18
167907,8
167908,0
167909,0
167910,0
167911,0
167912,0
167913,0
167914,0
167915,0
167916,0
167917,0
167918,0
167919,7
167920,0
167921,0
167922,0
167923,0
167924,0
167925,0
167926,0
167927,0
167928,0
167929,0
167930,0
167931,0
167932,0
167933,0
167934,0
167935,0
167936,0
167937,0
167938,0
167939,0
167940,0
167941,0
167942,13
167943,0
167944,0
167945,0
167946,0
167947,0
167948,0
167949,0
167950,13
167951,0
167952,0
167953,0
167954,0
167955,0
167956,8
167957,0
167958,0
167959,0
167960,0
167961,0
167962,0
167963,0
167964,0
167965,0
167966,0
167967,0
167968,0
167969,0
167970,0
167971,0
167972,0
167973,0
167974,0
167975,0
167976,0
167977,0
167978,0
167979,0
167980,0
167981,0
167982,0
167983,0
167984,0
167985,0
167986,0
167987,0
167988,0
167989,0
167990,0
167991,0
167992,0
167993,0
167994,0
167995,0
167996,0
167997,0
167998,0
167999,0
168000,0
168001,0
168002,0
168003,0
168004,0
168005,0
168006,0
168007,0
168008,0
168009,0
168010,0
168011,0
168012,0
168013,0
168014,0
168015,0
168016,0
168017,10
168018,0
168019,0
168020,0
168021,0
168022,0
168023,0
168024,26
168025,0
168026,15
168027,0
168028,0
168029,0
168030,0
168031,0
168032,0
168033,0
168034,0
168035,0
168036,0
168037,0
168038,0
168039,0
168040,0
168041,0
168042,0
168043,0
168044,0
168045,8
168046,0
168047,0
168048,15
168049,0
168050,0
168051,0
168052,0
168053,0
168054,0
168055,0
168056,12
168057,0
168058,22
168059,0
168060,10
168061,0
168062,0
168063,0
168064,0
168065,0
168066,0
168067,0
168068,0
168069,0
168070,0
168071,0
168072,0
168073,0
168074,12
168075,0
168076,0
168077,24
168078,0
168079,0
168080,0
168081,0
168082,0
168083,0
168084,0
168085,0
168086,0
168087,0
168088,0
168089,0
168090,0
168091,0
168092,16
168093,0
168094,0
168095,0
168096,0
168097,0
168098,0
168099,0
168100,0
168101,0
168102,0
168103,0
168104,0
168105,0
168106,0
168107,14
168108,0
168109,0
168110,0
168111,0
168112,21
168113,0
168114,0
168115,0
168116,0
168117,0
168118,0
168119,0
168120,0
168121,0
168122,0
168123,0
168124,0
168125,0
168126,0
168127,0
168128,0
168129,0
168130,0
168131,0
168132,0
168133,0
168134,0
168135,0
168136,0
168137,0
168138,0
168139,0
168140,0
168141,0
168142,0
168143,0
168144,0
168145,0
168146,0
168147,19
168148,0
168149,0
168150,0
168151,0
168152,0
168153,0
168154,14
168155,0
168156,0
168157,0
168158,14
168159,0
168160,0
168161,0
168162,0
168163,0
168164,0
168165,15
168166,0
168167,0
168168,0
168169,0
168170,0
168171,0
168172,0
168173,0
168174,15
168175,0
168176,0
168177,7
168178,0
168179,0
168180,0
168181,22
168182,0
168183,0
168184,0
168185,0
168186,0
168187,0
168188,0
168189,0
168190,0
168191,0
168192,0
168193,0
168194,0
168195,0
168196,0
168197,0
168198,0
168199,0
168200,0
168201,0
168202,0
168203,0
168204,0
168205,0
168206,0
168207,0
168208,0
168209,13
168210,0
168211,0
168212,0
168213,0
168214,0
168215,0
168216,0
168217,0
168218,0
168219,0
168220,0
168221,0
168222,0
168223,13
168224,0
168225,0
168226,0
168227,0
168228,0
168229,0
168230,0
168231,0
168232,0
168233,15
168234,0
168235,0
168236,0
168237,0
168238,0
168239,0
168240,0
168241,0
168242,0
168243,0
168244,0
168245,0
168246,0
168247,0
168248,0
168249,0
168250,0
168251,0
168252,0
168253,0
168254,0
168255,10
168256,0
168257,0
168258,0
168259,0
168260,0
168261,0
168262,0
168263,0
168264,0
168265,0
168266,8
168267,0
168268,0
168269,0
168270,0
168271,0
168272,0
168273,0
168274,0
168275,0
168276,10
168277,0
168278,0
168279,0
168280,0
168281,0
168282,9
168283,0
168284,0
168285,0
168286,15
168287,0
168288,0
168289,0
168290,0
168291,0
168292,19
168293,0
168294,0
168295,0
168296,12
168297,0
168298,7
168299,0
168300,18
168301,0
168302,0
168303,15
168304,0
168305,0
168306,0
168307,0
168308,13
168309,0
168310,17
168311,0
168312,0
168313,0
168314,0
168315,0
168316,0
168317,12
168318,0
168319,0
168320,0
168321,0
168322,0
168323,0
168324,0
168325,0
168326,0
168327,0
168328,0
168329,0
168330,0
168331,0
168332,0
168333,0
168334,7
168335,0
168336,0
168337,0
168338,0
168339,8
168340,0
168341,0
168342,9
168343,0
168344,0
168345,0
168346,0
168347,0
168348,0
168349,0
168350,0
168351,0
168352,0
168353,0
168354,0
168355,0
168356,0
168357,0
168358,0
168359,8
168360,0
168361,0
168362,0
168363,0
168364,0
168365,0
168366,16
168367,0
168368,0
168369,0
168370,0
168371,0
168372,0
168373,0
168374,0
168375,0
168376,0
168377,0
168378,0
168379,0
168380,0
168381,0
168382,11
168383,0
168384,0
168385,8
168386,0
168387,0
168388,0
168389,0
168390,0
168391,0
168392,0
168393,6
168394,0
168395,0
168396,0
168397,0
168398,0
168399,0
168400,0
168401,0
168402,0
168403,0
168404,0
168405,0
168406,0
168407,0
168408,0
168409,0
168410,0
168411,0
168412,0
168413,0
168414,0
168415,11
168416,9
168417,0
168418,0
168419,0
168420,0
168421,0
168422,13
168423,0
168424,0
168425,0
168426,0
168427,0
168428,0
168429,0
168430,0
168431,0
168432,0
168433,0
168434,0
168435,0
168436,0
168437,9
168438,0
168439,0
168440,8
168441,0
168442,0
168443,0
168444,0
168445,0
168446,0
168447,0
168448,8
168449,0
168450,8
168451,4
168452,0
168453,0
168454,0
168455,0
168456,0
168457,0
168458,0
168459,0
168460,0
168461,0
168462,0
168463,0
168464,0
168465,0
168466,0
168467,0
168468,0
168469,0
168470,0
168471,10
168472,0
168473,0
168474,0
168475,0
168476,6
168477,0
168478,0
168479,0
168480,0
168481,0
168482,0
168483,18
168484,0
168485,0
168486,0
168487,0
168488,0
168489,0
168490,0
168491,0
168492,0
168493,0
168494,0
168495,0
168496,0
168497,0
168498,10
168499,0
168500,0
168501,0
168502,0
168503,0
168504,0
168505,10
168506,0
168507,0
168508,0
168509,0
168510,0
168511,0
168512,9
168513,0
168514,0
168515,0
168516,6
168517,0
168518,8
168519,0
168520,10
168521,0
168522,0
168523,0
168524,0
168525,0
168526,0
168527,11
168528,4
168529,0
168530,0
168531,0
168532,0
168533,0
168534,0
168535,0
168536,0
168537,0
168538,0
168539,0
168540,7
168541,0
168542,0
168543,0
168544,0
168545,13
168546,0
168547,0
168548,0
168549,0
168550,0
168551,0
168552,6
168553,11
168554,7
168555,0
168556,0
168557,0
168558,0
168559,0
168560,0
168561,0
168562,12
168563,0
168564,0
168565,9
168566,0
168567,0
168568,0
168569,0
168570,0
168571,0
168572,0
168573,0
168574,0
168575,0
168576,0
168577,0
168578,0
168579,7
168580,12
168581,15
168582,0
168583,0
168584,0
168585,0
168586,0
168587,0
168588,13
168589,0
168590,0
168591,0
168592,0
168593,0
168594,0
168595,0
168596,5
168597,15
168598,10
168599,0
168600,5
168601,0
168602,0
168603,0
168604,0
168605,11
168606,6
168607,0
168608,0
168609,10
168610,0
168611,0
168612,0
168613,0
168614,12
168615,0
168616,0
168617,0
168618,0
168619,0
168620,0
168621,8
168622,0
168623,0
168624,0
168625,9
168626,0
168627,0
168628,0
168629,0
168630,10
168631,0
168632,0
168633,14
168634,0
168635,0
168636,0
168637,0
168638,0
168639,5
168640,0
168641,0
168642,12
168643,0
168644,0
168645,0
168646,0
168647,0
168648,0
168649,0
168650,0
168651,0
168652,0
168653,12
168654,0
168655,0
168656,0
168657,9
168658,0
168659,0
168660,0
168661,0
168662,0
168663,0
168664,0
168665,0
168666,29
168667,0
168668,0
168669,0
168670,0
168671,14
168672,0
168673,0
168674,0
168675,0
168676,0
168677,32
168678,0
168679,0
168680,33
168681,0
168682,32
168683,0
168684,0
168685,30
168686,32
168687,0
168688,0
168689,0
168690,0
168691,0
168692,53
168693,0
168694,0
168695,0
168696,0
168697,0
168698,50
168699,0
168700,25
168701,0
168702,0
168703,0
168704,28
168705,0
168706,0
168707,0
168708,0
168709,0
168710,0
168711,29
168712,0
168713,0
168714,0
168715,0
168716,0
168717,0
168718,0
168719,0
168720,23
168721,0
168722,0
168723,0
168724,0
168725,0
168726,0
168727,39
168728,0
168729,0
168730,0
168731,0
168732,0
168733,0
168734,0
168735,0
168736,0
168737,30
168738,22
168739,0
168740,29
168741,26
168742,22
168743,0
168744,49
168745,32
168746,0
168747,42
168748,23
168749,13
168750,0
168751,0
168752,35
168753,21
168754,34
168755,26
168756,0
168757,0
168758,0
168759,0
168760,0
168761,0
168762,0
168763,0
168764,22
168765,33
168766,0
168767,0
168768,0
168769,0
168770,0
168771,0
168772,0
168773,0
168774,0
168775,0
168776,0
168777,0
168778,0
168779,0
168780,34
168781,0
168782,36
168783,0
168784,49
168785,0
168786,0
168787,0
168788,0
168789,0
168790,0
168791,0
168792,0
168793,25
168794,0
168795,0
168796,0
168797,0
168798,30
168799,0
168800,0
168801,0
168802,0
168803,0
168804,0
168805,17
168806,0
168807,0
168808,0
168809,0
168810,0
168811,0
168812,0
168813,0
168814,0
168815,0
168816,0
168817,0
168818,0
168819,0
168820,0
168821,0
168822,0
168823,0
168824,0
168825,0
168826,0
168827,0
168828,0
168829,0
168830,36
168831,0
168832,0
168833,0
168834,0
168835,36
168836,0
168837,0
168838,0
168839,0
168840,0
168841,0
168842,0
168843,0
168844,42
168845,0
168846,0
168847,37
168848,28
168849,0
168850,0
168851,0
168852,0
168853,20
168854,0
168855,41
168856,37
168857,0
168858,35
168859,16
168860,0
168861,0
168862,0
168863,0
168864,0
168865,0
168866,35
168867,0
168868,0
168869,0
168870,0
168871,0
168872,0
168873,30
168874,0
168875,0
168876,0
168877,31
168878,0
168879,35
168880,0
168881,0
168882,0
168883,0
168884,0
168885,0
168886,22
168887,0
168888,0
168889,0
168890,0
168891,0
168892,0
168893,0
168894,0
168895,0
168896,46
168897,0
168898,0
168899,0
168900,0
168901,44
168902,0
168903,0
168904,0
168905,47
168906,0
168907,0
168908,50
168909,0
168910,34
168911,0
168912,0
168913,0
168914,0
168915,0
168916,17
168917,0
168918,0
168919,0
168920,0
168921,0
168922,0
168923,0
168924,0
168925,0
168926,0
168927,0
168928,0
168929,36
168930,0
168931,0
168932,25
168933,0
168934,0
168935,39
168936,0
168937,0
168938,0
168939,0
168940,0
168941,0
168942,0
168943,0
168944,0
168945,0
168946,31
168947,28
168948,0
168949,0
168950,0
168951,0
168952,0
168953,0
168954,0
168955,35
168956,0
168957,0
168958,0
168959,42
168960,0
168961,0
168962,0
168963,0
168964,22
168965,18
168966,0
168967,0
168968,0
168969,0
168970,0
168971,0
168972,0
168973,0
168974,32
168975,0
168976,0
168977,0
168978,0
168979,0
168980,0
168981,0
168982,29
168983,0
168984,0
168985,0
168986,0
168987,0
168988,0
168989,0
168990,0
168991,0
168992,0
168993,0
168994,0
168995,0
168996,0
168997,0
168998,0
168999,0
169000,0
169001,0
169002,0
169003,0
169004,47
169005,0
169006,0
169007,28
169008,42
169009,0
169010,0
169011,0
169012,0
169013,0
169014,34
169015,0
169016,0
169017,0
169018,0
169019,0
169020,0
169021,0
169022,0
169023,0
169024,0
169025,36
169026,0
169027,0
169028,0
169029,0
169030,0
169031,43
169032,0
169033,0
169034,0
169035,0
169036,0
169037,0
169038,23
169039,0
169040,0
169041,0
169042,0
169043,0
169044,0
169045,0
169046,0
169047,27
169048,0
169049,0
169050,44
169051,0
169052,0
169053,0
169054,0
169055,34
169056,0
169057,0
169058,0
169059,0
169060,0
169061,0
169062,0
169063,0
169064,29
169065,0
169066,0
169067,0
169068,0
169069,0
169070,0
169071,0
169072,0
169073,0
169074,0
169075,0
169076,16
169077,0
169078,0
169079,0
169080,0
169081,0
169082,27
169083,0
169084,0
169085,0
169086,27
169087,0
169088,22
169089,0
169090,0
169091,0
169092,0
169093,0
169094,0
169095,0
169096,0
169097,0
169098,0
169099,0
169100,0
169101,0
169102,0
169103,0
169104,0
169105,0
169106,24
169107,0
169108,0
169109,0
169110,0
169111,27
169112,0
169113,0
169114,0
169115,0
169116,0
169117,0
169118,35
169119,0
169120,26
169121,0
169122,0
169123,0
169124,0
169125,0
169126,0
169127,0
169128,0
169129,0
169130,0
169131,23
169132,0
169133,0
169134,0
169135,0
169136,36
169137,0
169138,0
169139,0
169140,30
169141,0
169142,0
169143,0
169144,0
169145,0
169146,0
169147,0
169148,0
169149,0
169150,0
169151,39
169152,0
169153,0
169154,0
169155,0
169156,0
169157,0
169158,0
169159,40
169160,0
169161,0
169162,0
169163,0
169164,0
169165,0
169166,0
169167,0
169168,0
169169,0
169170,0
169171,0
169172,0
169173,0
169174,0
169175,0
169176,0
169177,0
169178,0
169179,0
169180,21
169181,33
169182,0
169183,41
169184,0
169185,0
169186,0
169187,0
169188,0
169189,29
169190,0
169191,0
169192,28
169193,0
169194,0
169195,15
169196,0
169197,27
169198,31
169199,0
169200,32
169201,0
169202,0
169203,0
169204,0
169205,0
169206,0
169207,0
169208,0
169209,0
169210,0
169211,0
169212,0
169213,49
169214,0
169215,35
169216,0
169217,0
169218,0
169219,0
169220,0
169221,27
169222,0
169223,21
169224,0
169225,0
169226,0
169227,15
169228,0
169229,0
169230,0
169231,0
169232,45
169233,0
169234,24
169235,0
169236,0
169237,24
169238,53
169239,0
169240,0
169241,0
169242,0
169243,0
169244,0
169245,0
169246,0
169247,33
169248,0
169249,0
169250,0
169251,0
169252,0
169253,0
169254,0
169255,0
169256,0
169257,45
169258,0
169259,0
169260,0
169261,20
169262,0
169263,0
169264,0
169265,0
169266,0
169267,0
169268,0
169269,0
169270,0
169271,0
169272,0
169273,0
169274,0
169275,0
169276,0
169277,0
169278,0
169279,0
169280,0
169281,0
169282,0
169283,0
169284,34
169285,0
169286,32
169287,17
169288,32
169289,0
169290,0
169291,32
169292,0
169293,29
169294,0
169295,0
169296,0
169297,0
169298,34
169299,0
169300,0
169301,42
169302,0
169303,0
169304,0
169305,0
169306,0
169307,0
169308,0
169309,0
169310,0
169311,0
169312,0
169313,15
169314,0
169315,0
169316,30
169317,0
169318,0
169319,0
169320,0
169321,0
169322,53
169323,0
169324,0
169325,0
169326,36
169327,25
169328,0
169329,14
169330,0
169331,0
169332,0
169333,36
169334,0
169335,0
169336,32
169337,0
169338,0
169339,0
169340,0
169341,0
169342,0
169343,0
169344,16
169345,0
169346,0
169347,0
169348,0
169349,0
169350,0
169351,39
169352,0
169353,0
169354,0
169355,34
169356,0
169357,0
169358,0
169359,0
169360,0
169361,0
169362,0
169363,0
169364,27
169365,0
169366,0
169367,0
169368,42
169369,0
169370,0
169371,0
169372,0
169373,0
169374,35
169375,0
169376,0
169377,0
169378,0
169379,0
169380,0
169381,0
169382,0
169383,0
169384,0
169385,0
169386,0
169387,0
169388,0
169389,0
169390,0
169391,24
169392,0
169393,0
169394,0
169395,0
169396,0
169397,4
169398,0
169399,0
169400,0
169401,0
169402,5
169403,0
169404,0
169405,0
169406,0
169407,0
169408,0
169409,0
169410,0
169411,3
169412,0
169413,0
169414,0
169415,0
169416,0
169417,0
169418,0
169419,0
169420,0
169421,0
169422,0
169423,0
169424,3
169425,0
169426,0
169427,0
169428,0
169429,0
169430,0
169431,0
169432,0
169433,0
169434,0
169435,0
169436,0
169437,7
169438,0
169439,0
169440,0
169441,0
169442,0
169443,0
169444,0
169445,0
169446,0
169447,0
169448,4
169449,0
169450,0
169451,0
169452,0
169453,4
169454,0
169455,0
169456,0
169457,0
169458,0
169459,0
169460,3
169461,0
169462,0
169463,0
169464,0
169465,0
169466,0
169467,0
169468,0
169469,0
169470,2
169471,0
169472,0
169473,0
169474,0
169475,0
169476,0
169477,2
169478,6
169479,0
169480,0
169481,0
169482,0
169483,0
169484,0
169485,0
169486,0
169487,0
169488,0
169489,4
169490,1
169491,3
169492,0
169493,0
169494,0
169495,0
169496,2
169497,0
169498,0
169499,0
169500,0
169501,0
169502,0
169503,0
169504,0
169505,0
169506,4
169507,0
169508,0
169509,0
169510,0
169511,0
169512,0
169513,0
169514,0
169515,0
169516,0
169517,0
169518,0
169519,0
169520,0
169521,0
169522,0
169523,3
169524,3
169525,5
169526,0
169527,0
169528,0
169529,3
169530,0
169531,0
169532,0
169533,5
169534,0
169535,0
169536,0
169537,0
169538,0
169539,0
169540,2
169541,0
169542,0
169543,0
169544,0
169545,0
169546,0
169547,0
169548,1
169549,0
169550,0
169551,1
169552,0
169553,0
169554,0
169555,0
169556,0
169557,0
169558,0
169559,0
169560,0
169561,0
169562,0
169563,0
169564,0
169565,0
169566,0
169567,0
169568,0
169569,0
169570,0
169571,0
169572,0
169573,0
169574,0
169575,0
169576,0
169577,3
169578,0
169579,0
169580,0
169581,0
169582,0
169583,0
169584,0
169585,0
169586,0
169587,0
169588,0
169589,0
169590,0
169591,0
169592,0
169593,1
169594,0
169595,3
169596,0
169597,0
169598,0
169599,0
169600,0
169601,0
169602,0
169603,0
169604,0
169605,0
169606,0
169607,1
169608,0
169609,0
169610,0
169611,0
169612,0
169613,0
169614,0
169615,0
169616,0
169617,1
169618,0
169619,0
169620,0
169621,1
169622,0
169623,0
169624,0
169625,0
169626,0
169627,0
169628,0
169629,0
169630,0
169631,0
169632,0
169633,0
169634,0
169635,0
169636,0
169637,0
169638,0
169639,0
169640,0
169641,0
169642,0
169643,0
169644,0
169645,1
169646,0
169647,0
169648,0
169649,0
169650,2
169651,0
169652,0
169653,0
169654,0
169655,0
169656,0
169657,0
169658,0
169659,0
169660,0
169661,0
169662,0
169663,0
169664,0
169665,1
169666,0
169667,2
169668,0
169669,0
169670,0
169671,2
169672,0
169673,0
169674,0
169675,0
169676,0
169677,1
169678,2
169679,0
169680,0
169681,0
169682,0
169683,2
169684,0
169685,0
169686,0
169687,0
169688,0
169689,0
169690,14
169691,15
169692,0
169693,0
169694,0
169695,0
169696,0
169697,0
169698,0
169699,29
169700,0
169701,0
169702,0
169703,0
169704,0
169705,0
169706,46
169707,0
169708,0
169709,0
169710,0
169711,0
169712,0
169713,0
169714,0
169715,0
169716,30
169717,0
169718,0
169719,0
169720,19
169721,0
169722,0
169723,0
169724,0
169725,0
169726,0
169727,0
169728,0
169729,0
169730,0
169731,0
169732,0
169733,0
169734,0
169735,0
169736,0
169737,0
169738,0
169739,0
169740,0
169741,0
169742,0
169743,0
169744,0
169745,0
169746,0
169747,0
169748,0
169749,0
169750,0
169751,0
169752,0
169753,0
169754,0
169755,0
169756,0
169757,0
169758,0
169759,0
169760,23
169761,0
169762,0
169763,0
169764,0
169765,28
169766,0
169767,0
169768,0
169769,0
169770,0
169771,0
169772,14
169773,0
169774,0
169775,23
169776,0
169777,17
169778,0
169779,0
169780,0
169781,0
169782,0
169783,0
169784,0
169785,0
169786,0
169787,39
169788,0
169789,0
169790,0
169791,30
169792,24
169793,0
169794,25
169795,0
169796,0
169797,28
169798,0
169799,0
169800,34
169801,42
169802,0
169803,0
169804,0
169805,0
169806,0
169807,30
169808,0
169809,0
169810,0
169811,0
169812,0
169813,30
169814,38
169815,23
169816,17
169817,40
169818,34
169819,0
169820,48
169821,0
169822,0
169823,0
169824,0
169825,0
169826,0
169827,0
169828,0
169829,23
169830,0
169831,0
169832,21
169833,0
169834,0
169835,0
169836,0
169837,18
169838,0
169839,0
169840,0
169841,30
169842,0
169843,0
169844,0
169845,21
169846,34
169847,0
169848,0
169849,0
169850,0
169851,29
169852,27
169853,0
169854,26
169855,0
169856,18
169857,25
169858,0
169859,0
169860,0
169861,0
169862,0
169863,0
169864,0
169865,27
169866,0
169867,29
169868,21
169869,0
169870,22
169871,29
169872,0
169873,0
169874,22
169875,0
169876,31
169877,0
169878,0
169879,26
169880,0
169881,0
169882,0
169883,0
169884,0
169885,0
169886,0
169887,0
169888,0
169889,0
169890,0
169891,0
169892,0
169893,20
169894,0
169895,37
169896,0
169897,0
169898,21
169899,0
169900,0
169901,28
169902,0
169903,0
169904,0
169905,18
169906,27
169907,0
169908,0
169909,0
169910,23
169911,35
169912,0
169913,26
169914,0
169915,0
169916,11
169917,18
169918,29
169919,0
169920,0
169921,0
169922,20
169923,0
169924,0
169925,0
169926,0
169927,32
169928,0
169929,0
169930,0
169931,0
169932,19
169933,0
169934,0
169935,0
169936,0
169937,0
169938,0
169939,0
169940,0
169941,0
169942,0
169943,0
169944,0
169945,0
169946,0
169947,0
169948,28
169949,0
169950,24
169951,0
169952,0
169953,41
169954,25
169955,0
169956,0
169957,26
169958,0
169959,0
169960,0
169961,0
169962,0
169963,0
169964,0
169965,0
169966,27
169967,33
169968,0
169969,8
169970,0
169971,0
169972,0
169973,0
169974,0
169975,0
169976,6
169977,5
169978,0
169979,0
169980,0
169981,6
169982,11
169983,0
169984,0
169985,0
169986,0
169987,0
169988,0
169989,0
169990,0
169991,13
169992,0
169993,0
169994,7
169995,10
169996,0
169997,0
169998,0
169999,0
170000,0
170001,0
170002,0
170003,0
170004,0
170005,0
170006,0
170007,0
170008,0
170009,0
170010,0
170011,0
170012,0
170013,0
170014,10
170015,0
170016,0
170017,0
170018,7
170019,0
170020,0
170021,0
170022,0
170023,0
170024,0
170025,0
170026,7
170027,4
170028,0
170029,0
170030,0
170031,4
170032,0
170033,0
170034,8
170035,0
170036,9
170037,0
170038,0
170039,0
170040,0
170041,5
170042,0
170043,0
170044,0
170045,0
170046,0
170047,0
170048,2
170049,0
170050,0
170051,3
170052,0
170053,0
170054,0
170055,9
170056,0
170057,0
170058,0
170059,9
170060,0
170061,0
170062,0
170063,0
170064,0
170065,0
170066,0
170067,0
170068,0
170069,0
170070,0
170071,0
170072,0
170073,0
170074,0
170075,0
170076,0
170077,9
170078,0
170079,4
170080,0
170081,0
170082,0
170083,0
170084,0
170085,0
170086,10
170087,0
170088,0
170089,0
170090,0
170091,0
170092,0
170093,0
170094,0
170095,0
170096,0
170097,8
170098,0
170099,0
170100,0
170101,0
170102,0
170103,0
170104,0
170105,0
170106,4
170107,0
170108,0
170109,0
170110,0
170111,0
170112,0
170113,0
170114,0
170115,0
170116,6
170117,0
170118,0
170119,0
170120,0
170121,0
170122,0
170123,0
170124,0
170125,0
170126,0
170127,4
170128,0
170129,0
170130,10
170131,0
170132,0
170133,5
170134,0
170135,0
170136,0
170137,0
170138,0
170139,0
170140,10
170141,0
170142,0
170143,0
170144,0
170145,9
170146,0
170147,0
170148,0
170149,0
170150,0
170151,7
170152,0
170153,0
170154,0
170155,0
170156,7
170157,10
170158,0
170159,0
170160,0
170161,0
170162,0
170163,0
170164,6
170165,0
170166,12
170167,0
170168,0
170169,0
170170,0
170171,0
170172,9
170173,0
170174,6
170175,0
170176,0
170177,0
170178,0
170179,0
170180,7
170181,0
170182,10
170183,0
170184,0
170185,0
170186,6
170187,0
170188,0
170189,0
170190,0
170191,0
170192,0
170193,0
170194,0
170195,9
170196,0
170197,1
170198,0
170199,0
170200,0
170201,0
170202,0
170203,0
170204,0
170205,0
170206,0
170207,0
170208,0
170209,0
170210,0
170211,0
170212,0
170213,0
170214,0
170215,0
170216,0
170217,0
170218,0
170219,0
170220,0
170221,0
170222,0
170223,0
170224,0
170225,0
170226,6
170227,0
170228,6
170229,0
170230,0
170231,0
170232,0
170233,0
170234,0
170235,0
170236,0
170237,0
170238,0
170239,0
170240,0
170241,0
170242,8
170243,0
170244,0
170245,0
170246,0
170247,0
170248,0
170249,5
170250,0
170251,0
170252,0
170253,0
170254,0
170255,4
170256,0
170257,0
170258,0
170259,0
170260,0
170261,0
170262,0
170263,0
170264,0
170265,0
170266,0
170267,9
170268,0
170269,0
170270,0
170271,0
170272,0
170273,0
170274,0
170275,6
170276,0
170277,0
170278,0
170279,0
170280,0
170281,0
170282,0
170283,0
170284,0
170285,0
170286,0
170287,0
170288,0
170289,3
170290,0
170291,0
170292,0
170293,4
170294,0
170295,0
170296,6
170297,0
170298,0
170299,12
170300,0
170301,0
170302,0
170303,9
170304,0
170305,6
170306,0
170307,0
170308,0
170309,0
170310,0
170311,5
170312,0
170313,0
170314,0
170315,4
170316,0
170317,0
170318,0
170319,0
170320,0
170321,0
170322,0
170323,0
170324,0
170325,0
170326,0
170327,0
170328,0
170329,6
170330,0
170331,0
170332,0
170333,0
170334,0
170335,0
170336,0
170337,0
170338,0
170339,0
170340,0
170341,0
170342,0
170343,0
170344,0
170345,6
170346,7
170347,0
170348,0
170349,0
170350,11
170351,0
170352,0
170353,0
170354,0
170355,0
170356,0
170357,0
170358,5
170359,0
170360,0
170361,0
170362,7
170363,0
170364,0
170365,0
170366,0
170367,0
170368,0
170369,0
170370,0
170371,0
170372,0
170373,0
170374,5
170375,0
170376,0
170377,9
170378,0
170379,0
170380,0
170381,0
170382,0
170383,4
170384,0
170385,0
170386,0
170387,0
170388,0
170389,0
170390,8
170391,0
170392,6
170393,0
170394,0
170395,0
170396,0
170397,0
170398,0
170399,0
170400,0
170401,0
170402,0
170403,0
170404,4
170405,0
170406,0
170407,0
170408,0
170409,0
170410,0
170411,0
170412,0
170413,0
170414,0
170415,0
170416,0
170417,0
170418,0
170419,0
170420,0
170421,0
170422,0
170423,0
170424,0
170425,0
170426,4
170427,0
170428,0
170429,0
170430,0
170431,0
170432,0
170433,0
170434,0
170435,0
170436,0
170437,0
170438,0
170439,0
170440,0
170441,0
170442,0
170443,0
170444,0
170445,0
170446,0
170447,0
170448,0
170449,0
170450,0
170451,0
170452,0
170453,0
170454,0
170455,0
170456,0
170457,0
170458,0
170459,0
170460,5
170461,0
170462,4
170463,0
170464,0
170465,0
170466,0
170467,0
170468,0
170469,0
170470,5
170471,0
170472,0
170473,0
170474,6
170475,0
170476,0
170477,0
170478,0
170479,12
170480,0
170481,0
170482,4
170483,0
170484,0
170485,13
170486,0
170487,0
170488,0
170489,0
170490,0
170491,0
170492,0
170493,0
170494,0
170495,0
170496,7
170497,0
170498,0
170499,0
170500,0
170501,10
170502,0
170503,0
170504,0
170505,0
170506,0
170507,0
170508,3
170509,0
170510,0
170511,0
170512,0
170513,0
170514,0
170515,0
170516,0
170517,0
170518,0
170519,0
170520,0
170521,0
170522,0
170523,0
170524,5
170525,0
170526,0
170527,0
170528,0
170529,0
170530,0
170531,0
170532,0
170533,0
170534,5
170535,0
170536,0
170537,0
170538,0
170539,0
170540,0
170541,0
170542,0
170543,0
170544,10
170545,0
170546,0
170547,0
170548,0
170549,0
170550,0
170551,0
170552,0
170553,0
170554,0
170555,10
170556,0
170557,5
170558,0
170559,6
170560,0
170561,0
170562,0
170563,0
170564,0
170565,0
170566,7
170567,0
170568,0
170569,0
170570,0
170571,0
170572,0
170573,0
170574,0
170575,0
170576,0
170577,0
170578,0
170579,0
170580,8
170581,0
170582,0
170583,0
170584,0
170585,0
170586,9
170587,0
170588,0
170589,0
170590,0
170591,0
170592,0
170593,0
170594,0
170595,0
170596,0
170597,8
170598,0
170599,0
170600,0
170601,0
170602,0
170603,0
170604,0
170605,0
170606,0
170607,0
170608,10
170609,0
170610,0
170611,0
170612,0
170613,0
170614,0
170615,1
170616,0
170617,0
170618,0
170619,0
170620,0
170621,0
170622,0
170623,0
170624,0
170625,0
170626,0
170627,0
170628,0
170629,0
170630,0
170631,0
170632,0
170633,0
170634,0
170635,0
170636,4
170637,0
170638,0
170639,0
170640,0
170641,0
170642,0
170643,0
170644,0
170645,0
170646,0
170647,7
170648,13
170649,0
170650,0
170651,0
170652,0
170653,0
170654,13
170655,0
170656,0
170657,0
170658,0
170659,0
170660,0
170661,0
170662,2
170663,0
170664,0
170665,0
170666,0
170667,0
170668,0
170669,0
170670,0
170671,0
170672,0
170673,0
170674,0
170675,0
170676,0
170677,0
170678,0
170679,0
170680,0
170681,0
170682,0
170683,7
170684,0
170685,0
170686,0
170687,0
170688,0
170689,0
170690,0
170691,0
170692,0
170693,0
170694,0
170695,0
170696,0
170697,0
170698,0
170699,0
170700,0
170701,0
170702,0
170703,5
170704,0
170705,0
170706,0
170707,0
170708,0
170709,0
170710,0
170711,6
170712,0
170713,7
170714,0
170715,0
170716,0
170717,0
170718,0
170719,0
170720,0
170721,0
170722,0
170723,0
170724,3
170725,0
170726,0
170727,0
170728,0
170729,0
170730,0
170731,0
170732,0
170733,0
170734,0
170735,0
170736,0
170737,0
170738,0
170739,0
170740,3
170741,0
170742,0
170743,0
170744,9
170745,0
170746,0
170747,0
170748,12
170749,0
170750,0
170751,0
170752,0
170753,0
170754,16
170755,0
170756,0
170757,0
170758,0
170759,0
170760,8
170761,0
170762,0
170763,3
170764,0
170765,0
170766,0
170767,0
170768,0
170769,0
170770,0
170771,0
170772,0
170773,0
170774,0
170775,0
170776,0
170777,0
170778,0
170779,0
170780,0
170781,0
170782,0
170783,6
170784,0
170785,0
170786,0
170787,0
170788,0
170789,0
170790,0
170791,6
170792,0
170793,0
170794,0
170795,0
170796,0
170797,0
170798,0
170799,0
170800,0
170801,0
170802,0
170803,0
170804,7
170805,0
170806,5
170807,0
170808,0
170809,0
170810,0
170811,4
170812,0
170813,0
170814,0
170815,8
170816,7
170817,0
170818,0
170819,0
170820,0
170821,0
170822,0
170823,0
170824,0
170825,0
170826,0
170827,0
170828,0
170829,0
170830,0
170831,0
170832,11
170833,0
170834,0
170835,0
170836,0
170837,0
170838,0
170839,0
170840,0
170841,0
170842,0
170843,0
170844,0
170845,0
170846,0
170847,0
170848,0
170849,0
170850,0
170851,0
170852,0
170853,0
170854,0
170855,0
170856,0
170857,12
170858,0
170859,0
170860,0
170861,0
170862,0
170863,0
170864,0
170865,0
170866,0
170867,0
170868,0
170869,0
170870,0
170871,0
170872,0
170873,0
170874,0
170875,0
170876,0
170877,0
170878,0
170879,0
170880,0
170881,0
170882,15
170883,0
170884,5
170885,0
170886,0
170887,0
170888,0
170889,0
170890,0
170891,0
170892,0
170893,0
170894,0
170895,0
170896,0
170897,0
170898,0
170899,0
170900,0
170901,0
170902,0
170903,9
170904,0
170905,0
170906,0
170907,0
170908,0
170909,0
170910,0
170911,0
170912,0
170913,0
170914,0
170915,0
170916,0
170917,0
170918,0
170919,0
170920,0
170921,0
170922,0
170923,0
170924,12
170925,0
170926,0
170927,0
170928,0
170929,0
170930,0
170931,0
170932,0
170933,8
170934,0
170935,0
170936,0
170937,0
170938,0
170939,0
170940,0
170941,0
170942,0
170943,0
170944,0
170945,0
170946,0
170947,0
170948,0
170949,7
170950,0
170951,0
170952,0
170953,19
170954,0
170955,0
170956,0
170957,0
170958,0
170959,0
170960,0
170961,0
170962,0
170963,0
170964,0
170965,0
170966,0
170967,0
170968,0
170969,0
170970,0
170971,0
170972,0
170973,0
170974,0
170975,0
170976,0
170977,0
170978,0
170979,0
170980,0
170981,0
170982,5
170983,0
170984,0
170985,0
170986,0
170987,0
170988,0
170989,0
170990,16
170991,0
170992,0
170993,0
170994,24
170995,0
170996,0
170997,0
170998,11
170999,0
171000,0
171001,0
171002,0
171003,0
171004,0
171005,0
171006,0
171007,0
171008,7
171009,0
171010,0
171011,0
171012,0
171013,0
171014,7
171015,0
171016,0
171017,0
171018,0
171019,0
171020,0
171021,0
171022,0
171023,0
171024,8
171025,0
171026,0
171027,0
171028,0
171029,0
171030,0
171031,0
171032,0
171033,17
171034,0
171035,0
171036,7
171037,0
171038,0
171039,0
171040,0
171041,0
171042,0
171043,10
171044,8
171045,0
171046,0
171047,0
171048,0
171049,0
171050,0
171051,0
171052,0
171053,0
171054,0
171055,0
171056,0
171057,0
171058,0
171059,0
171060,0
171061,0
171062,0
171063,0
171064,0
171065,0
171066,0
171067,0
171068,0
171069,0
171070,0
171071,0
171072,0
171073,0
171074,0
171075,0
171076,0
171077,0
171078,0
171079,0
171080,0
171081,0
171082,0
171083,0
171084,0
171085,0
171086,0
171087,0
171088,0
171089,0
171090,0
171091,6
171092,0
171093,0
171094,0
171095,0
171096,0
171097,0
171098,0
171099,0
171100,0
171101,0
171102,0
171103,0
171104,0
171105,0
171106,0
171107,0
171108,0
171109,0
171110,0
171111,0
171112,0
171113,0
171114,0
171115,0
171116,0
171117,5
171118,0
171119,0
171120,0
171121,0
171122,0
171123,34
171124,0
171125,0
171126,0
171127,30
171128,0
171129,0
171130,0
171131,0
171132,0
171133,0
171134,0
171135,0
171136,0
171137,0
171138,0
171139,0
171140,0
171141,0
171142,0
171143,20
171144,0
171145,0
171146,12
171147,0
171148,0
171149,0
171150,0
171151,0
171152,18
171153,0
171154,0
171155,0
171156,0
171157,0
171158,0
171159,0
171160,16
171161,0
171162,17
171163,0
171164,21
171165,0
171166,0
171167,0
171168,0
171169,0
171170,0
171171,0
171172,0
171173,0
171174,0
171175,0
171176,0
171177,0
171178,0
171179,0
171180,0
171181,0
171182,0
171183,0
171184,0
171185,0
171186,0
171187,0
171188,0
171189,0
171190,0
171191,0
171192,0
171193,0
171194,0
171195,0
171196,0
171197,0
171198,0
171199,0
171200,0
171201,15
171202,0
171203,0
171204,18
171205,0
171206,0
171207,0
171208,0
171209,0
171210,0
171211,21
171212,0
171213,0
171214,32
171215,0
171216,0
171217,25
171218,0
171219,0
171220,0
171221,21
171222,0
171223,0
171224,0
171225,0
171226,0
171227,0
171228,0
171229,0
171230,28
171231,0
171232,0
171233,20
171234,26
171235,16
171236,0
171237,21
171238,0
171239,27
171240,0
171241,0
171242,0
171243,0
171244,0
171245,0
171246,0
171247,0
171248,0
171249,0
171250,0
171251,20
171252,0
171253,0
171254,16
171255,0
171256,0
171257,0
171258,0
171259,0
171260,0
171261,0
171262,0
171263,0
171264,31
171265,0
171266,0
171267,17
171268,0
171269,0
171270,0
171271,24
171272,0
171273,0
171274,0
171275,20
171276,28
171277,0
171278,22
171279,42
171280,0
171281,0
171282,0
171283,0
171284,0
171285,0
171286,0
171287,0
171288,22
171289,0
171290,0
171291,0
171292,0
171293,0
171294,0
171295,18
171296,0
171297,0
171298,28
171299,0
171300,0
171301,26
171302,0
171303,0
171304,0
171305,28
171306,27
171307,0
171308,0
171309,0
171310,25
171311,0
171312,0
171313,0
171314,0
171315,23
171316,0
171317,0
171318,0
171319,0
171320,0
171321,0
171322,0
171323,31
171324,0
171325,0
171326,0
171327,0
171328,0
171329,0
171330,0
171331,0
171332,0
171333,27
171334,0
171335,24
171336,0
171337,0
171338,0
171339,0
171340,0
171341,0
171342,0
171343,0
171344,0
171345,0
171346,0
171347,0
171348,0
171349,0
171350,0
171351,0
171352,0
171353,0
171354,25
171355,0
171356,15
171357,0
171358,0
171359,0
171360,0
171361,0
171362,0
171363,0
171364,0
171365,0
171366,0
171367,0
171368,0
171369,34
171370,0
171371,29
171372,0
171373,0
171374,0
171375,29
171376,0
171377,19
171378,0
171379,0
171380,0
171381,0
171382,0
171383,0
171384,0
171385,0
171386,0
171387,0
171388,0
171389,0
171390,0
171391,0
171392,0
171393,0
171394,0
171395,24
171396,0
171397,0
171398,21
171399,0
171400,0
171401,25
171402,0
171403,0
171404,0
171405,19
171406,0
171407,0
171408,0
171409,0
171410,0
171411,0
171412,25
171413,0
171414,0
171415,0
171416,0
171417,0
171418,0
171419,0
171420,0
171421,0
171422,0
171423,0
171424,0
171425,0
171426,22
171427,0
171428,0
171429,0
171430,0
171431,26
171432,24
171433,22
171434,0
171435,0
171436,0
171437,0
171438,0
171439,0
171440,0
171441,0
171442,17
171443,24
171444,0
171445,0
171446,0
171447,16
171448,24
171449,0
171450,0
171451,0
171452,0
171453,0
171454,0
171455,0
171456,0
171457,17
171458,0
171459,35
171460,0
171461,24
171462,0
171463,0
171464,0
171465,19
171466,0
171467,0
171468,0
171469,0
171470,24
171471,0
171472,0
171473,0
171474,0
171475,0
171476,0
171477,0
171478,0
171479,0
171480,0
171481,0
171482,0
171483,0
171484,0
171485,0
171486,0
171487,0
171488,0
171489,0
171490,0
171491,0
171492,25
171493,0
171494,0
171495,28
171496,0
171497,0
171498,0
171499,0
171500,0
171501,0
171502,0
171503,0
171504,0
171505,0
171506,0
171507,28
171508,0
171509,0
171510,15
171511,0
171512,28
171513,0
171514,0
171515,0
171516,24
171517,0
171518,0
171519,0
171520,0
171521,0
171522,0
171523,20
171524,0
171525,0
171526,0
171527,0
171528,39
171529,29
171530,0
171531,34
171532,0
171533,0
171534,0
171535,0
171536,0
171537,0
171538,16
171539,24
171540,23
171541,0
171542,20
171543,0
171544,0
171545,0
171546,0
171547,0
171548,0
171549,24
171550,0
171551,20
171552,0
171553,0
171554,25
171555,0
171556,45
171557,14
171558,0
171559,0
171560,0
171561,0
171562,0
171563,0
171564,0
171565,0
171566,0
171567,0
171568,0
171569,0
171570,15
171571,0
171572,0
171573,0
171574,0
171575,33
171576,26
171577,0
171578,0
171579,31
171580,0
171581,17
171582,0
171583,0
171584,0
171585,0
171586,0
171587,21
171588,0
171589,0
171590,0
171591,0
171592,24
171593,0
171594,22
171595,0
171596,0
171597,27
171598,0
171599,0
171600,0
171601,0
171602,0
171603,0
171604,0
171605,0
171606,0
171607,0
171608,21
171609,0
171610,0
171611,0
171612,0
171613,0
171614,0
171615,0
171616,19
171617,0
171618,0
171619,28
171620,0
171621,0
171622,21
171623,0
171624,0
171625,0
171626,0
171627,0
171628,0
171629,0
171630,0
171631,0
171632,0
171633,0
171634,0
171635,0
171636,0
171637,0
171638,0
171639,0
171640,0
171641,0
171642,0
171643,22
171644,0
171645,0
171646,0
171647,0
171648,0
171649,0
171650,0
171651,0
171652,0
171653,19
171654,0
171655,15
171656,0
171657,0
171658,0
171659,0
171660,0
171661,0
171662,26
171663,0
171664,0
171665,22
171666,0
171667,32
171668,0
171669,25
171670,0
171671,0
171672,0
171673,0
171674,0
171675,0
171676,0
171677,0
171678,24
171679,0
171680,0
171681,0
171682,0
171683,19
171684,0
171685,0
171686,0
171687,0
171688,0
171689,0
171690,0
171691,0
171692,0
171693,0
171694,0
171695,0
171696,0
171697,0
171698,0
171699,0
171700,0
171701,0
171702,0
171703,0
171704,0
171705,0
171706,18
171707,0
171708,0
171709,0
171710,0
171711,0
171712,0
171713,26
171714,0
171715,27
171716,0
171717,0
171718,25
171719,0
171720,0
171721,0
171722,27
171723,0
171724,0
171725,0
171726,0
171727,0
171728,0
171729,0
171730,0
171731,0
171732,31
171733,0
171734,0
171735,0
171736,0
171737,23
171738,24
171739,0
171740,0
171741,0
171742,12
171743,18
171744,23
171745,0
171746,0
171747,0
171748,11
171749,34
171750,0
171751,20
171752,0
171753,0
171754,0
171755,0
171756,0
171757,0
171758,0
171759,0
171760,0
171761,0
171762,0
171763,0
171764,0
171765,0
171766,0
171767,0
171768,0
171769,1
171770,0
171771,0
171772,0
171773,1
171774,0
171775,0
171776,0
171777,0
171778,0
171779,0
171780,0
171781,0
171782,0
171783,0
171784,0
171785,0
171786,0
171787,0
171788,0
171789,0
171790,0
171791,0
171792,0
171793,0
171794,0
171795,0
171796,0
171797,1
171798,0
171799,0
171800,0
171801,1
171802,0
171803,0
171804,0
171805,0
171806,0
171807,0
171808,0
171809,0
171810,0
171811,1
171812,0
171813,0
171814,0
171815,0
171816,0
171817,0
171818,0
171819,0
171820,0
171821,0
171822,0
171823,0
171824,0
171825,0
171826,0
171827,0
171828,0
171829,0
171830,0
171831,0
171832,0
171833,0
171834,0
171835,0
171836,0
171837,0
171838,0
171839,0
171840,0
171841,0
171842,0
171843,0
171844,0
171845,0
171846,0
171847,0
171848,0
171849,0
171850,0
171851,0
171852,0
171853,0
171854,0
171855,1
171856,0
171857,0
171858,0
171859,0
171860,0
171861,0
171862,0
171863,0
171864,0
171865,0
171866,0
171867,0
171868,0
171869,0
171870,0
171871,0
171872,0
171873,0
171874,0
171875,0
171876,0
171877,0
171878,0
171879,0
171880,0
171881,0
171882,0
171883,0
171884,0
171885,0
171886,0
171887,0
171888,0
171889,0
171890,0
171891,0
171892,0
171893,0
171894,0
171895,0
171896,0
171897,0
171898,0
171899,0
171900,0
171901,0
171902,0
171903,0
171904,0
171905,0
171906,0
171907,0
171908,0
171909,0
171910,0
171911,0
171912,0
171913,0
171914,0
171915,0
171916,0
171917,0
171918,0
171919,0
171920,0
171921,0
171922,0
171923,0
171924,0
171925,0
171926,0
171927,0
171928,0
171929,0
171930,0
171931,0
171932,0
171933,0
171934,0
171935,0
171936,0
171937,0
171938,0
171939,0
171940,0
171941,0
171942,0
171943,0
171944,0
171945,0
171946,0
171947,3
171948,0
171949,0
171950,0
171951,0
171952,0
171953,0
171954,0
171955,0
171956,0
171957,0
171958,0
171959,0
171960,0
171961,0
171962,0
171963,0
171964,0
171965,0
171966,0
171967,0
171968,0
171969,0
171970,0
171971,0
171972,0
171973,0
171974,0
171975,0
171976,0
171977,0
171978,0
171979,0
171980,0
171981,0
171982,0
171983,0
171984,0
171985,0
171986,0
171987,0
171988,0
171989,0
171990,0
171991,0
171992,0
171993,0
171994,0
171995,0
171996,0
171997,0
171998,0
171999,0
172000,0
172001,0
172002,0
172003,0
172004,0
172005,0
172006,0
172007,0
172008,0
172009,0
172010,0
172011,0
172012,0
172013,0
172014,0
172015,0
172016,0
172017,0
172018,0
172019,0
172020,0
172021,0
172022,0
172023,0
172024,0
172025,0
172026,0
172027,0
172028,0
172029,0
172030,0
172031,0
172032,0
172033,1
172034,0
172035,0
172036,0
172037,0
172038,0
172039,0
172040,0
172041,0
172042,0
172043,0
172044,1
172045,0
172046,0
172047,0
172048,0
172049,0
172050,0
172051,0
172052,0
172053,0
172054,0
172055,0
172056,0
172057,0
172058,0
172059,0
172060,0
172061,0
172062,0
172063,0
172064,0
172065,0
172066,0
172067,0
172068,0
172069,0
172070,0
172071,1
172072,0
172073,0
172074,0
172075,0
172076,0
172077,0
172078,0
172079,0
172080,0
172081,0
172082,0
172083,0
172084,0
172085,0
172086,0
172087,0
172088,0
172089,0
172090,0
172091,0
172092,0
172093,0
172094,0
172095,0
172096,0
172097,0
172098,0
172099,0
172100,0
172101,1
172102,0
172103,0
172104,0
172105,0
172106,0
172107,0
172108,0
172109,0
172110,0
172111,0
172112,0
172113,0
172114,0
172115,0
172116,0
172117,0
172118,0
172119,0
172120,1
172121,0
172122,0
172123,0
172124,0
172125,1
172126,0
172127,0
172128,0
172129,0
172130,0
172131,0
172132,0
172133,0
172134,0
172135,0
172136,0
172137,0
172138,0
172139,0
172140,0
172141,0
172142,2
172143,1
172144,0
172145,0
172146,0
172147,0
172148,0
172149,0
172150,0
172151,0
172152,0
172153,0
172154,0
172155,0
172156,2
172157,0
172158,0
172159,0
172160,0
172161,0
172162,0
172163,0
172164,0
172165,0
172166,0
172167,0
172168,0
172169,0
172170,1
172171,0
172172,0
172173,0
172174,0
172175,0
172176,0
172177,0
172178,0
172179,0
172180,0
172181,0
172182,0
172183,0
172184,1
172185,0
172186,0
172187,0
172188,0
172189,0
172190,0
172191,0
172192,0
172193,0
172194,0
172195,0
172196,0
172197,0
172198,0
172199,0
172200,0
172201,0
172202,0
172203,0
172204,0
172205,0
172206,0
172207,0
172208,0
172209,0
172210,0
172211,0
172212,0
172213,0
172214,0
172215,0
172216,0
172217,0
172218,0
172219,0
172220,0
172221,0
172222,0
172223,0
172224,0
172225,0
172226,0
172227,0
172228,0
172229,0
172230,0
172231,0
172232,0
172233,0
172234,0
172235,0
172236,1
172237,0
172238,0
172239,0
172240,0
172241,0
172242,0
172243,0
172244,0
172245,0
172246,0
172247,0
172248,0
172249,0
172250,0
172251,0
172252,0
172253,0
172254,0
172255,0
172256,0
172257,0
172258,0
172259,0
172260,0
172261,0
172262,0
172263,0
172264,0
172265,0
172266,0
172267,0
172268,0
172269,0
172270,0
172271,0
172272,0
172273,0
172274,0
172275,0
172276,0
172277,0
172278,0
172279,0
172280,0
172281,0
172282,0
172283,0
172284,0
172285,0
172286,0
172287,0
172288,0
172289,0
172290,0
172291,0
172292,0
172293,0
172294,0
172295,0
172296,0
172297,0
172298,0
172299,0
172300,0
172301,0
172302,0
172303,0
172304,0
172305,0
172306,0
172307,0
172308,0
172309,0
172310,0
172311,0
172312,0
172313,0
172314,0
172315,0
172316,0
172317,0
172318,0
172319,0
172320,0
172321,0
172322,0
172323,0
172324,0
172325,0
172326,0
172327,0
172328,0
172329,0
172330,0
172331,0
172332,0
172333,0
172334,0
172335,0
172336,0
172337,0
172338,0
172339,0
172340,0
172341,0
172342,0
172343,0
172344,0
172345,0
172346,0
172347,0
172348,0
172349,0
172350,0
172351,0
172352,0
172353,0
172354,0
172355,0
172356,0
172357,0
172358,0
172359,0
172360,0
172361,0
172362,0
172363,0
172364,0
172365,0
172366,0
172367,0
172368,0
172369,0
172370,0
172371,0
172372,0
172373,0
172374,0
172375,0
172376,0
172377,0
172378,0
172379,0
172380,0
172381,0
172382,0
172383,0
172384,0
172385,0
172386,0
172387,0
172388,0
172389,0
172390,0
172391,0
172392,0
172393,0
172394,0
172395,0
172396,0
172397,0
172398,0
172399,0
172400,0
172401,0
172402,0
172403,0
172404,0
172405,0
172406,0
172407,0
172408,0
172409,0
172410,0
172411,0
172412,0
172413,0
172414,0
172415,0
172416,0
172417,0
172418,0
172419,0
172420,0
172421,0
172422,0
172423,0
172424,0
172425,0
172426,0
172427,0
172428,0
172429,0
172430,0
172431,0
172432,0
172433,0
172434,0
172435,0
172436,0
172437,0
172438,0
172439,0
172440,0
172441,0
172442,0
172443,0
172444,0
172445,0
172446,0
172447,0
172448,0
172449,0
172450,0
172451,0
172452,0
172453,0
172454,0
172455,0
172456,0
172457,0
172458,0
172459,0
172460,0
172461,0
172462,0
172463,0
172464,0
172465,0
172466,0
172467,0
172468,0
172469,0
172470,0
172471,0
172472,0
172473,0
172474,0
172475,0
172476,0
172477,0
172478,0
172479,0
172480,0
172481,0
172482,0
172483,0
172484,0
172485,0
172486,0
172487,0
172488,0
172489,0
172490,0
172491,0
172492,0
172493,0
172494,0
172495,0
172496,0
172497,0
172498,0
172499,0
172500,0
172501,0
172502,0
172503,0
172504,0
172505,0
172506,0
172507,0
172508,0
172509,0
172510,0
172511,0
172512,0
172513,0
172514,0
172515,0
172516,0
172517,0
172518,0
172519,0
172520,0
172521,0
172522,0
172523,0
172524,0
172525,0
172526,0
172527,0
172528,0
172529,0
172530,0
172531,0
172532,0
172533,0
172534,0
172535,0
172536,0
172537,0
172538,0
172539,0
172540,0
172541,0
172542,0
172543,0
172544,0
172545,0
172546,0
172547,0
172548,0
172549,0
172550,0
172551,0
172552,0
172553,0
172554,0
172555,0
172556,0
172557,0
172558,0
172559,0
172560,0
172561,0
172562,0
172563,0
172564,0
172565,0
172566,0
172567,0
172568,0
172569,0
172570,0
172571,0
172572,0
172573,0
172574,0
172575,0
172576,0
172577,0
172578,0
172579,0
172580,0
172581,0
172582,0
172583,0
172584,0
172585,0
172586,0
172587,0
172588,0
172589,0
172590,0
172591,0
172592,0
172593,0
172594,0
172595,0
172596,0
172597,0
172598,0
172599,0
172600,0
172601,0
172602,0
172603,0
172604,0
172605,0
172606,0
172607,0
172608,0
172609,0
172610,0
172611,0
172612,0
172613,0
172614,0
172615,0
172616,0
172617,0
172618,0
172619,0
172620,0
172621,0
172622,0
172623,0
172624,0
172625,1
172626,0
172627,0
172628,0
172629,0
172630,0
172631,0
172632,1
172633,0
172634,0
172635,0
172636,0
172637,0
172638,0
172639,0
172640,0
172641,0
172642,0
172643,0
172644,0
172645,0
172646,0
172647,0
172648,0
172649,0
172650,0
172651,0
172652,0
172653,0
172654,0
172655,0
172656,0
172657,0
172658,0
172659,0
172660,0
172661,0
172662,0
172663,0
172664,0
172665,0
172666,0
172667,0
172668,0
172669,0
172670,0
172671,0
172672,0
172673,0
172674,0
172675,0
172676,0
172677,0
172678,0
172679,0
172680,0
172681,0
172682,0
172683,0
172684,0
172685,0
172686,0
172687,0
172688,0
172689,0
172690,0
172691,0
172692,0
172693,0
172694,0
172695,0
172696,0
172697,0
172698,0
172699,0
172700,0
172701,0
172702,0
172703,0
172704,0
172705,0
172706,0
172707,0
172708,0
172709,0
172710,0
172711,0
172712,0
172713,0
172714,0
172715,0
172716,0
172717,0
172718,0
172719,0
172720,0
172721,0
172722,0
172723,0
172724,0
172725,0
172726,0
172727,0
172728,0
172729,0
172730,0
172731,0
172732,0
172733,0
172734,0
172735,0
172736,0
172737,0
172738,0
172739,0
172740,0
172741,0
172742,0
172743,0
172744,0
172745,0
172746,0
172747,0
172748,0
172749,0
172750,0
172751,0
172752,0
172753,0
172754,0
172755,0
172756,0
172757,0
172758,0
172759,0
172760,0
172761,0
172762,0
172763,0
172764,0
172765,0
172766,0
172767,0
172768,0
172769,0
172770,0
172771,0
172772,0
172773,0
172774,0
172775,0
172776,0
172777,0
172778,0
172779,0
172780,1
172781,0
172782,0
172783,0
172784,0
172785,0
172786,0
172787,0
172788,0
172789,0
172790,0
172791,0
172792,0
172793,0
172794,0
172795,0
172796,0
172797,0
172798,0
172799,0
172800,0
172801,0
172802,0
172803,0
172804,0
172805,0
172806,0
172807,0
172808,0
172809,1
172810,0
172811,0
172812,1
172813,0
172814,0
172815,0
172816,5
172817,0
172818,0
172819,0
172820,0
172821,0
172822,0
172823,0
172824,0
172825,0
172826,0
172827,0
172828,0
172829,0
172830,0
172831,0
172832,0
172833,0
172834,0
172835,0
172836,0
172837,0
172838,0
172839,0
172840,0
172841,0
172842,0
172843,0
172844,0
172845,0
172846,0
172847,0
172848,4
172849,0
172850,0
172851,3
172852,0
172853,0
172854,0
172855,0
172856,0
172857,0
172858,0
172859,0
172860,0
172861,0
172862,0
172863,0
172864,0
172865,0
172866,0
172867,0
172868,0
172869,0
172870,0
172871,0
172872,0
172873,0
172874,0
172875,0
172876,0
172877,0
172878,0
172879,6
172880,0
172881,0
172882,0
172883,2
172884,0
172885,0
172886,0
172887,0
172888,0
172889,0
172890,0
172891,0
172892,0
172893,0
172894,1
172895,0
172896,0
172897,0
172898,0
172899,0
172900,0
172901,2
172902,0
172903,0
172904,0
172905,0
172906,2
172907,0
172908,0
172909,2
172910,0
172911,0
172912,0
172913,0
172914,0
172915,0
172916,2
172917,0
172918,0
172919,0
172920,0
172921,0
172922,0
172923,0
172924,0
172925,0
172926,0
172927,0
172928,0
172929,0
172930,0
172931,3
172932,0
172933,3
172934,0
172935,0
172936,0
172937,0
172938,0
172939,0
172940,0
172941,7
172942,0
172943,0
172944,0
172945,0
172946,0
172947,0
172948,0
172949,0
172950,0
172951,0
172952,0
172953,0
172954,0
172955,0
172956,0
172957,0
172958,0
172959,0
172960,0
172961,0
172962,0
172963,0
172964,0
172965,6
172966,0
172967,0
172968,0
172969,0
172970,0
172971,0
172972,1
172973,0
172974,0
172975,0
172976,0
172977,0
172978,0
172979,0
172980,0
172981,0
172982,0
172983,0
172984,0
172985,0
172986,0
172987,0
172988,0
172989,0
172990,0
172991,0
172992,0
172993,0
172994,0
172995,0
172996,0
172997,0
172998,0
172999,0
173000,0
173001,0
173002,0
173003,0
173004,0
173005,0
173006,0
173007,0
173008,0
173009,0
173010,0
173011,0
173012,0
173013,0
173014,3
173015,0
173016,0
173017,0
173018,0
173019,0
173020,5
173021,0
173022,0
173023,0
173024,0
173025,0
173026,0
173027,0
173028,0
173029,4
173030,5
173031,0
173032,0
173033,5
173034,0
173035,0
173036,0
173037,0
173038,0
173039,0
173040,0
173041,0
173042,0
173043,0
173044,0
173045,0
173046,2
173047,0
173048,0
173049,0
173050,0
173051,0
173052,0
173053,0
173054,0
173055,0
173056,0
173057,0
173058,0
173059,0
173060,3
173061,0
173062,1
173063,0
173064,0
173065,0
173066,0
173067,0
173068,0
173069,0
173070,0
173071,0
173072,0
173073,0
173074,0
173075,0
173076,0
173077,0
173078,0
173079,0
173080,0
173081,0
173082,0
173083,0
173084,0
173085,0
173086,0
173087,0
173088,0
173089,0
173090,0
173091,0
173092,0
173093,0
173094,0
173095,0
173096,0
173097,0
173098,0
173099,0
173100,1
173101,0
173102,0
173103,0
173104,0
173105,0
173106,0
173107,0
173108,0
173109,0
173110,4
173111,0
173112,0
173113,0
173114,0
173115,0
173116,0
173117,0
173118,0
173119,0
173120,0
173121,0
173122,0
173123,0
173124,0
173125,0
173126,0
173127,0
173128,0
173129,6
173130,0
173131,0
173132,0
173133,0
173134,0
173135,0
173136,0
173137,0
173138,0
173139,0
173140,0
173141,0
173142,0
173143,0
173144,0
173145,0
173146,0
173147,0
173148,0
173149,0
173150,0
173151,4
173152,0
173153,0
173154,0
173155,0
173156,0
173157,2
173158,0
173159,0
173160,5
173161,0
173162,0
173163,0
173164,0
173165,0
173166,0
173167,0
173168,0
173169,7
173170,0
173171,0
173172,0
173173,0
173174,0
173175,0
173176,0
173177,0
173178,0
173179,0
173180,0
173181,0
173182,0
173183,0
173184,0
173185,0
173186,0
173187,0
173188,0
173189,0
173190,0
173191,0
173192,0
173193,0
173194,0
173195,0
173196,0
173197,0
173198,0
173199,0
173200,0
173201,0
173202,0
173203,0
173204,0
173205,0
173206,0
173207,0
173208,0
173209,0
173210,0
173211,0
173212,0
173213,2
173214,0
173215,0
173216,0
173217,0
173218,0
173219,0
173220,0
173221,0
173222,0
173223,0
173224,1
173225,0
173226,0
173227,0
173228,0
173229,0
173230,0
173231,0
173232,0
173233,0
173234,0
173235,0
173236,0
173237,0
173238,0
173239,4
173240,0
173241,4
173242,0
173243,0
173244,0
173245,0
173246,0
173247,0
173248,0
173249,0
173250,0
173251,0
173252,3
173253,2
173254,2
173255,0
173256,0
173257,0
173258,0
173259,0
173260,0
173261,0
173262,0
173263,0
173264,0
173265,0
173266,0
173267,0
173268,0
173269,0
173270,1
173271,0
173272,0
173273,3
173274,0
173275,0
173276,0
173277,0
173278,0
173279,0
173280,0
173281,3
173282,0
173283,0
173284,0
173285,0
173286,2
173287,0
173288,0
173289,0
173290,0
173291,0
173292,0
173293,2
173294,0
173295,4
173296,0
173297,0
173298,0
173299,0
173300,0
173301,0
173302,0
173303,2
173304,0
173305,0
173306,0
173307,2
173308,0
173309,0
173310,0
173311,3
173312,0
173313,0
173314,0
173315,0
173316,0
173317,0
173318,0
173319,0
173320,0
173321,0
173322,0
173323,4
173324,0
173325,0
173326,0
173327,0
173328,0
173329,0
173330,0
173331,0
173332,0
173333,0
173334,0
173335,0
173336,0
173337,0
173338,0
173339,0
173340,2
173341,0
173342,0
173343,0
173344,0
173345,0
173346,0
173347,0
173348,0
173349,0
173350,0
173351,3
173352,0
173353,0
173354,0
173355,0
173356,0
173357,0
173358,0
173359,0
173360,0
173361,0
173362,0
173363,0
173364,0
173365,0
173366,0
173367,0
173368,0
173369,0
173370,0
173371,0
173372,6
173373,0
173374,0
173375,0
173376,0
173377,0
173378,0
173379,0
173380,0
173381,0
173382,4
173383,0
173384,0
173385,0
173386,0
173387,0
173388,0
173389,0
173390,0
173391,0
173392,0
173393,0
173394,0
173395,0
173396,0
173397,0
173398,0
173399,0
173400,0
173401,0
173402,1
173403,0
173404,0
173405,3
173406,0
173407,0
173408,0
173409,3
173410,0
173411,0
173412,0
173413,3
173414,0
173415,0
173416,0
173417,0
173418,0
173419,0
173420,0
173421,0
173422,0
173423,0
173424,0
173425,0
173426,0
173427,0
173428,0
173429,0
173430,0
173431,0
173432,0
173433,0
173434,0
173435,0
173436,0
173437,0
173438,0
173439,0
173440,0
173441,0
173442,0
173443,0
173444,0
173445,0
173446,0
173447,0
173448,0
173449,2
173450,0
173451,0
173452,0
173453,0
173454,0
173455,0
173456,0
173457,0
173458,0
173459,0
173460,0
173461,0
173462,0
173463,0
173464,0
173465,0
173466,0
173467,0
173468,0
173469,0
173470,0
173471,0
173472,0
173473,0
173474,5
173475,0
173476,0
173477,0
173478,0
173479,0
173480,0
173481,0
173482,0
173483,3
173484,0
173485,0
173486,0
173487,0
173488,0
173489,0
173490,0
173491,0
173492,0
173493,0
173494,0
173495,0
173496,0
173497,0
173498,0
173499,0
173500,0
173501,0
173502,0
173503,4
173504,0
173505,0
173506,0
173507,0
173508,0
173509,0
173510,0
173511,0
173512,0
173513,0
173514,0
173515,0
173516,0
173517,0
173518,0
173519,0
173520,0
173521,0
173522,0
173523,0
173524,0
173525,0
173526,0
173527,0
173528,0
173529,0
173530,0
173531,0
173532,0
173533,0
173534,3
173535,0
173536,0
173537,0
173538,0
173539,0
173540,0
173541,3
173542,0
173543,0
173544,0
173545,0
173546,0
173547,0
173548,0
173549,0
173550,2
173551,0
173552,4
173553,0
173554,0
173555,0
173556,0
173557,0
173558,0
173559,0
173560,0
173561,0
173562,3
173563,0
173564,0
173565,0
173566,0
173567,0
173568,0
173569,0
173570,0
173571,0
173572,0
173573,0
173574,0
173575,0
173576,0
173577,0
173578,0
173579,0
173580,0
173581,0
173582,0
173583,0
173584,0
173585,0
173586,0
173587,0
173588,0
173589,0
173590,0
173591,3
173592,0
173593,0
173594,0
173595,0
173596,0
173597,0
173598,0
173599,0
173600,0
173601,0
173602,0
173603,0
173604,0
173605,0
173606,0
173607,0
173608,0
173609,0
173610,0
173611,0
173612,0
173613,0
173614,0
173615,4
173616,0
173617,0
173618,0
173619,0
173620,0
173621,0
173622,0
173623,0
173624,0
173625,0
173626,0
173627,0
173628,0
173629,0
173630,0
173631,0
173632,0
173633,0
173634,0
173635,0
173636,0
173637,0
173638,2
173639,0
173640,0
173641,0
173642,0
173643,0
173644,0
173645,0
173646,0
173647,0
173648,0
173649,0
173650,0
173651,0
173652,0
173653,0
173654,0
173655,2
173656,0
173657,0
173658,0
173659,0
173660,0
173661,0
173662,0
173663,0
173664,0
173665,0
173666,0
173667,0
173668,0
173669,0
173670,0
173671,0
173672,0
173673,0
173674,0
173675,0
173676,0
173677,0
173678,0
173679,0
173680,0
173681,0
173682,0
173683,0
173684,0
173685,0
173686,0
173687,0
173688,2
173689,0
173690,0
173691,0
173692,0
173693,0
173694,0
173695,0
173696,0
173697,0
173698,0
173699,0
173700,0
173701,0
173702,0
173703,0
173704,0
173705,0
173706,0
173707,0
173708,0
173709,0
173710,0
173711,0
173712,0
173713,0
173714,0
173715,0
173716,0
173717,0
173718,0
173719,0
173720,0
173721,0
173722,0
173723,0
173724,0
173725,0
173726,0
173727,1
173728,0
173729,0
173730,0
173731,0
173732,0
173733,0
173734,0
173735,0
173736,0
173737,0
173738,0
173739,0
173740,0
173741,0
173742,0
173743,0
173744,0
173745,0
173746,0
173747,0
173748,0
173749,0
173750,0
173751,0
173752,0
173753,0
173754,0
173755,0
173756,0
173757,0
173758,0
173759,0
173760,0
173761,0
173762,0
173763,0
173764,0
173765,0
173766,0
173767,0
173768,0
173769,0
173770,0
173771,0
173772,0
173773,0
173774,0
173775,0
173776,0
173777,0
173778,0
173779,0
173780,0
173781,0
173782,0
173783,0
173784,0
173785,0
173786,0
173787,0
173788,0
173789,0
173790,0
173791,0
173792,0
173793,0
173794,0
173795,0
173796,0
173797,0
173798,0
173799,0
173800,0
173801,0
173802,0
173803,0
173804,0
173805,0
173806,0
173807,0
173808,0
173809,0
173810,0
173811,0
173812,0
173813,0
173814,0
173815,0
173816,0
173817,0
173818,0
173819,0
173820,0
173821,0
173822,0
173823,0
173824,0
173825,0
173826,0
173827,0
173828,0
173829,0
173830,0
173831,0
173832,0
173833,0
173834,0
173835,0
173836,0
173837,0
173838,0
173839,0
173840,0
173841,0
173842,0
173843,0
173844,0
173845,0
173846,0
173847,0
173848,0
173849,0
173850,0
173851,0
173852,0
173853,0
173854,0
173855,0
173856,0
173857,0
173858,0
173859,0
173860,0
173861,0
173862,0
173863,0
173864,0
173865,0
173866,0
173867,0
173868,0
173869,0
173870,0
173871,0
173872,0
173873,0
173874,0
173875,0
173876,0
173877,0
173878,0
173879,0
173880,0
173881,0
173882,0
173883,0
173884,0
173885,0
173886,0
173887,0
173888,0
173889,0
173890,0
173891,0
173892,0
173893,0
173894,0
173895,0
173896,0
173897,0
173898,1
173899,0
173900,0
173901,0
173902,0
173903,0
173904,0
173905,0
173906,0
173907,0
173908,0
173909,0
173910,0
173911,0
173912,0
173913,0
173914,0
173915,0
173916,0
173917,0
173918,0
173919,0
173920,0
173921,0
173922,0
173923,0
173924,0
173925,0
173926,0
173927,0
173928,0
173929,0
173930,0
173931,0
173932,0
173933,0
173934,0
173935,0
173936,0
173937,0
173938,0
173939,0
173940,0
173941,0
173942,0
173943,0
173944,0
173945,0
173946,0
173947,0
173948,0
173949,0
173950,0
173951,0
173952,0
173953,0
173954,0
173955,0
173956,0
173957,0
173958,0
173959,0
173960,0
173961,0
173962,0
173963,0
173964,0
173965,0
173966,0
173967,0
173968,0
173969,0
173970,0
173971,0
173972,0
173973,0
173974,0
173975,0
173976,0
173977,0
173978,0
173979,0
173980,0
173981,0
173982,0
173983,0
173984,0
173985,0
173986,0
173987,0
173988,0
173989,0
173990,0
173991,0
173992,0
173993,0
173994,0
173995,0
173996,0
173997,0
173998,0
173999,0
174000,0
174001,0
174002,0
174003,0
174004,0
174005,1
174006,0
174007,0
174008,0
174009,0
174010,0
174011,0
174012,0
174013,0
174014,0
174015,0
174016,0
174017,0
174018,0
174019,0
174020,0
174021,0
174022,0
174023,0
174024,0
174025,0
174026,0
174027,0
174028,0
174029,0
174030,0
174031,0
174032,0
174033,0
174034,0
174035,0
174036,0
174037,0
174038,0
174039,0
174040,0
174041,0
174042,0
174043,0
174044,0
174045,0
174046,0
174047,0
174048,0
174049,0
174050,0
174051,0
174052,0
174053,0
174054,0
174055,1
174056,0
174057,0
174058,0
174059,0
174060,0
174061,0
174062,0
174063,0
174064,0
174065,0
174066,0
174067,0
174068,0
174069,0
174070,0
174071,0
174072,0
174073,0
174074,0
174075,0
174076,0
174077,0
174078,0
174079,0
174080,0
174081,0
174082,0
174083,0
174084,0
174085,0
174086,0
174087,0
174088,0
174089,0
174090,0
174091,0
174092,0
174093,0
174094,0
174095,0
174096,0
174097,0
174098,0
174099,0
174100,0
174101,0
174102,0
174103,0
174104,0
174105,0
174106,0
174107,0
174108,0
174109,0
174110,0
174111,0
174112,0
174113,0
174114,0
174115,0
174116,0
174117,0
174118,0
174119,0
174120,0
174121,0
174122,0
174123,0
174124,0
174125,0
174126,0
174127,0
174128,0
174129,0
174130,0
174131,0
174132,0
174133,0
174134,0
174135,0
174136,0
174137,0
174138,0
174139,0
174140,0
174141,0
174142,0
174143,0
174144,0
174145,0
174146,0
174147,0
174148,0
174149,0
174150,0
174151,0
174152,0
174153,0
174154,0
174155,0
174156,0
174157,0
174158,0
174159,0
174160,0
174161,0
174162,0
174163,0
174164,0
174165,0
174166,0
174167,0
174168,0
174169,0
174170,0
174171,0
174172,0
174173,0
174174,0
174175,0
174176,0
174177,0
174178,0
174179,0
174180,0
174181,0
174182,1
174183,0
174184,1
174185,0
174186,0
174187,0
174188,0
174189,0
174190,0
174191,0
174192,0
174193,0
174194,0
174195,0
174196,0
174197,0
174198,0
174199,0
174200,0
174201,0
174202,0
174203,0
174204,0
174205,0
174206,0
174207,0
174208,0
174209,0
174210,0
174211,0
174212,0
174213,0
174214,0
174215,0
174216,0
174217,0
174218,1
174219,0
174220,0
174221,0
174222,0
174223,0
174224,0
174225,0
174226,0
174227,0
174228,0
174229,0
174230,0
174231,0
174232,0
174233,0
174234,0
174235,0
174236,0
174237,0
174238,0
174239,1
174240,0
174241,0
174242,0
174243,0
174244,0
174245,0
174246,0
174247,0
174248,0
174249,0
174250,0
174251,0
174252,0
174253,0
174254,0
174255,0
174256,0
174257,0
174258,0
174259,0
174260,0
174261,0
174262,0
174263,0
174264,0
174265,0
174266,0
174267,0
174268,0
174269,0
174270,0
174271,0
174272,0
174273,0
174274,0
174275,0
174276,0
174277,0
174278,0
174279,0
174280,0
174281,0
174282,0
174283,0
174284,0
174285,0
174286,0
174287,0
174288,0
174289,0
174290,0
174291,0
174292,0
174293,0
174294,0
174295,0
174296,0
174297,0
174298,0
174299,0
174300,0
174301,0
174302,0
174303,0
174304,0
174305,0
174306,0
174307,0
174308,1
174309,0
174310,0
174311,0
174312,0
174313,0
174314,0
174315,0
174316,0
174317,0
174318,0
174319,0
174320,0
174321,0
174322,0
174323,0
174324,0
174325,0
174326,0
174327,0
174328,0
174329,1
174330,0
174331,0
174332,0
174333,0
174334,0
174335,0
174336,0
174337,0
174338,0
174339,0
174340,0
174341,0
174342,0
174343,0
174344,0
174345,0
174346,0
174347,0
174348,0
174349,0
174350,0
174351,0
174352,0
174353,0
174354,0
174355,0
174356,0
174357,0
174358,0
174359,0
174360,0
174361,0
174362,0
174363,0
174364,0
174365,0
174366,0
174367,0
174368,0
174369,0
174370,0
174371,0
174372,0
174373,0
174374,0
174375,0
174376,0
174377,0
174378,0
174379,0
174380,0
174381,0
174382,0
174383,0
174384,0
174385,0
174386,0
174387,0
174388,40
174389,0
174390,0
174391,0
174392,0
174393,0
174394,0
174395,0
174396,0
174397,0
174398,0
174399,0
174400,23
174401,0
174402,0
174403,0
174404,0
174405,0
174406,0
174407,0
174408,0
174409,0
174410,0
174411,0
174412,0
174413,0
174414,0
174415,0
174416,0
174417,20
174418,0
174419,0
174420,0
174421,0
174422,0
174423,0
174424,0
174425,0
174426,0
174427,0
174428,0
174429,0
174430,0
174431,38
174432,0
174433,0
174434,0
174435,28
174436,0
174437,0
174438,0
174439,0
174440,0
174441,0
174442,0
174443,0
174444,0
174445,0
174446,0
174447,0
174448,0
174449,0
174450,0
174451,0
174452,0
174453,0
174454,0
174455,0
174456,0
174457,0
174458,0
174459,0
174460,0
174461,0
174462,0
174463,0
174464,0
174465,0
174466,0
174467,0
174468,0
174469,0
174470,41
174471,0
174472,0
174473,0
174474,0
174475,0
174476,0
174477,0
174478,0
174479,0
174480,35
174481,0
174482,0
174483,0
174484,0
174485,0
174486,0
174487,0
174488,0
174489,0
174490,0
174491,0
174492,0
174493,0
174494,0
174495,0
174496,0
174497,0
174498,0
174499,0
174500,0
174501,0
174502,0
174503,0
174504,0
174505,0
174506,0
174507,0
174508,0
174509,0
174510,0
174511,0
174512,0
174513,0
174514,0
174515,0
174516,0
174517,0
174518,0
174519,0
174520,0
174521,23
174522,0
174523,0
174524,0
174525,0
174526,0
174527,0
174528,0
174529,0
174530,0
174531,0
174532,0
174533,0
174534,0
174535,0
174536,0
174537,0
174538,0
174539,0
174540,0
174541,0
174542,0
174543,0
174544,0
174545,0
174546,0
174547,0
174548,0
174549,0
174550,0
174551,0
174552,0
174553,0
174554,0
174555,0
174556,0
174557,0
174558,0
174559,0
174560,0
174561,0
174562,0
174563,0
174564,0
174565,0
174566,0
174567,0
174568,0
174569,0
174570,0
174571,0
174572,0
174573,0
174574,0
174575,0
174576,0
174577,0
174578,0
174579,0
174580,0
174581,0
174582,0
174583,0
174584,0
174585,0
174586,0
174587,0
174588,0
174589,0
174590,0
174591,0
174592,33
174593,0
174594,0
174595,0
174596,0
174597,0
174598,0
174599,0
174600,37
174601,25
174602,0
174603,0
174604,0
174605,0
174606,0
174607,0
174608,0
174609,0
174610,0
174611,0
174612,15
174613,0
174614,0
174615,0
174616,0
174617,23
174618,0
174619,0
174620,0
174621,0
174622,0
174623,0
174624,0
174625,0
174626,0
174627,0
174628,0
174629,41
174630,0
174631,0
174632,0
174633,0
174634,0
174635,0
174636,27
174637,0
174638,20
174639,0
174640,0
174641,0
174642,0
174643,0
174644,0
174645,0
174646,0
174647,0
174648,0
174649,0
174650,0
174651,0
174652,0
174653,0
174654,0
174655,0
174656,24
174657,0
174658,24
174659,0
174660,40
174661,0
174662,0
174663,0
174664,0
174665,0
174666,0
174667,33
174668,0
174669,0
174670,0
174671,0
174672,0
174673,0
174674,0
174675,24
174676,0
174677,0
174678,0
174679,0
174680,0
174681,0
174682,0
174683,0
174684,0
174685,0
174686,0
174687,0
174688,0
174689,0
174690,0
174691,0
174692,0
174693,0
174694,0
174695,0
174696,0
174697,0
174698,0
174699,0
174700,0
174701,0
174702,0
174703,0
174704,30
174705,15
174706,0
174707,0
174708,0
174709,0
174710,0
174711,0
174712,0
174713,0
174714,0
174715,0
174716,0
174717,0
174718,0
174719,0
174720,0
174721,17
174722,0
174723,0
174724,0
174725,0
174726,0
174727,0
174728,27
174729,0
174730,0
174731,38
174732,0
174733,0
174734,0
174735,0
174736,0
174737,0
174738,0
174739,0
174740,0
174741,0
174742,0
174743,0
174744,0
174745,0
174746,0
174747,0
174748,0
174749,0
174750,0
174751,0
174752,0
174753,0
174754,25
174755,0
174756,0
174757,0
174758,0
174759,0
174760,0
174761,0
174762,0
174763,0
174764,0
174765,0
174766,0
174767,0
174768,0
174769,0
174770,0
174771,19
174772,0
174773,0
174774,0
174775,0
174776,31
174777,0
174778,0
174779,0
174780,0
174781,0
174782,0
174783,0
174784,0
174785,37
174786,0
174787,0
174788,0
174789,0
174790,40
174791,0
174792,0
174793,0
174794,0
174795,0
174796,0
174797,0
174798,0
174799,0
174800,0
174801,0
174802,0
174803,21
174804,0
174805,0
174806,0
174807,0
174808,0
174809,0
174810,0
174811,0
174812,0
174813,0
174814,0
174815,0
174816,0
174817,0
174818,0
174819,0
174820,0
174821,0
174822,0
174823,0
174824,0
174825,0
174826,0
174827,0
174828,0
174829,0
174830,0
174831,0
174832,0
174833,0
174834,0
174835,0
174836,0
174837,0
174838,0
174839,0
174840,0
174841,0
174842,0
174843,0
174844,25
174845,0
174846,0
174847,0
174848,0
174849,0
174850,0
174851,0
174852,0
174853,0
174854,0
174855,0
174856,0
174857,0
174858,0
174859,0
174860,40
174861,0
174862,0
174863,0
174864,0
174865,0
174866,0
174867,0
174868,0
174869,0
174870,0
174871,0
174872,0
174873,0
174874,0
174875,0
174876,0
174877,32
174878,0
174879,0
174880,0
174881,0
174882,0
174883,0
174884,0
174885,0
174886,0
174887,0
174888,0
174889,0
174890,0
174891,0
174892,0
174893,28
174894,0
174895,22
174896,0
174897,0
174898,0
174899,0
174900,0
174901,0
174902,0
174903,0
174904,0
174905,0
174906,0
174907,0
174908,0
174909,0
174910,0
174911,0
174912,0
174913,0
174914,0
174915,0
174916,0
174917,0
174918,0
174919,0
174920,0
174921,0
174922,0
174923,0
174924,0
174925,0
174926,0
174927,0
174928,0
174929,0
174930,0
174931,0
174932,0
174933,0
174934,0
174935,0
174936,0
174937,0
174938,0
174939,0
174940,0
174941,0
174942,0
174943,22
174944,0
174945,0
174946,0
174947,0
174948,0
174949,0
174950,0
174951,0
174952,0
174953,0
174954,0
174955,0
174956,28
174957,0
174958,0
174959,0
174960,0
174961,0
174962,0
174963,0
174964,0
174965,0
174966,0
174967,0
174968,0
174969,0
174970,0
174971,0
174972,0
174973,0
174974,0
174975,0
174976,0
174977,19
174978,0
174979,0
174980,0
174981,0
174982,0
174983,0
174984,0
174985,0
174986,0
174987,0
174988,0
174989,0
174990,0
174991,35
174992,20
174993,0
174994,24
174995,0
174996,0
174997,29
174998,0
174999,37
175000,0
175001,0
175002,0
175003,0
175004,0
175005,0
175006,0
175007,0
175008,0
175009,0
175010,0
175011,0
175012,0
175013,0
175014,0
175015,0
175016,0
175017,0
175018,0
175019,0
175020,0
175021,0
175022,0
175023,0
175024,0
175025,0
175026,0
175027,0
175028,0
175029,0
175030,0
175031,25
175032,0
175033,0
175034,0
175035,0
175036,0
175037,0
175038,13
175039,0
175040,0
175041,0
175042,0
175043,0
175044,0
175045,24
175046,14
175047,0
175048,0
175049,10
175050,0
175051,42
175052,0
175053,0
175054,0
175055,16
175056,0
175057,0
175058,0
175059,0
175060,0
175061,0
175062,28
175063,0
175064,16
175065,0
175066,0
175067,0
175068,0
175069,0
175070,0
175071,0
175072,12
175073,0
175074,26
175075,0
175076,0
175077,0
175078,0
175079,17
175080,0
175081,0
175082,0
175083,0
175084,16
175085,0
175086,0
175087,0
175088,0
175089,19
175090,0
175091,0
175092,0
175093,24
175094,0
175095,20
175096,0
175097,0
175098,0
175099,0
175100,0
175101,23
175102,0
175103,0
175104,0
175105,0
175106,0
175107,0
175108,16
175109,0
175110,0
175111,0
175112,14
175113,0
175114,0
175115,0
175116,0
175117,0
175118,19
175119,0
175120,0
175121,0
175122,22
175123,33
175124,0
175125,32
175126,0
175127,0
175128,0
175129,0
175130,0
175131,0
175132,0
175133,0
175134,0
175135,20
175136,23
175137,0
175138,0
175139,15
175140,18
175141,0
175142,0
175143,0
175144,0
175145,0
175146,0
175147,0
175148,0
175149,0
175150,0
175151,15
175152,0
175153,0
175154,0
175155,0
175156,0
175157,0
175158,0
175159,16
175160,0
175161,0
175162,0
175163,34
175164,13
175165,0
175166,0
175167,29
175168,0
175169,0
175170,20
175171,0
175172,0
175173,23
175174,0
175175,0
175176,14
175177,0
175178,0
175179,0
175180,0
175181,0
175182,17
175183,0
175184,0
175185,0
175186,0
175187,0
175188,0
175189,0
175190,0
175191,0
175192,0
175193,0
175194,0
175195,0
175196,0
175197,0
175198,0
175199,0
175200,0
175201,0
175202,0
175203,0
175204,0
175205,0
175206,0
175207,0
175208,0
175209,0
175210,0
175211,0
175212,0
175213,19
175214,0
175215,0
175216,20
175217,0
175218,0
175219,0
175220,0
175221,0
175222,0
175223,0
175224,0
175225,0
175226,0
175227,0
175228,0
175229,0
175230,0
175231,0
175232,28
175233,0
175234,0
175235,0
175236,19
175237,0
175238,0
175239,0
175240,19
175241,0
175242,0
175243,0
175244,0
175245,0
175246,17
175247,0
175248,0
175249,0
175250,0
175251,0
175252,0
175253,0
175254,0
175255,0
175256,0
175257,0
175258,0
175259,0
175260,0
175261,0
175262,0
175263,0
175264,19
175265,0
175266,0
175267,0
175268,0
175269,11
175270,0
175271,0
175272,0
175273,0
175274,0
175275,0
175276,0
175277,0
175278,20
175279,0
175280,0
175281,0
175282,0
175283,0
175284,23
175285,0
175286,0
175287,0
175288,0
175289,0
175290,0
175291,0
175292,0
175293,0
175294,16
175295,30
175296,0
175297,0
175298,0
175299,0
175300,20
175301,0
175302,19
175303,0
175304,0
175305,36
175306,0
175307,0
175308,0
175309,0
175310,0
175311,0
175312,0
175313,0
175314,0
175315,18
175316,0
175317,18
175318,0
175319,0
175320,0
175321,0
175322,0
175323,0
175324,0
175325,0
175326,0
175327,0
175328,9
175329,0
175330,0
175331,0
175332,0
175333,0
175334,0
175335,24
175336,0
175337,0
175338,0
175339,0
175340,0
175341,0
175342,0
175343,22
175344,0
175345,0
175346,0
175347,0
175348,16
175349,15
175350,0
175351,0
175352,0
175353,21
175354,20
175355,0
175356,35
175357,0
175358,23
175359,0
175360,0
175361,0
175362,0
175363,0
175364,18
175365,21
175366,0
175367,0
175368,19
175369,0
175370,0
175371,0
175372,0
175373,0
175374,0
175375,0
175376,0
175377,0
175378,0
175379,0
175380,0
175381,0
175382,0
175383,0
175384,20
175385,0
175386,0
175387,0
175388,0
175389,0
175390,0
175391,0
175392,0
175393,0
175394,0
175395,27
175396,0
175397,0
175398,0
175399,37
175400,0
175401,0
175402,0
175403,0
175404,0
175405,22
175406,0
175407,0
175408,20
175409,0
175410,0
175411,0
175412,0
175413,0
175414,0
175415,0
175416,0
175417,0
175418,0
175419,0
175420,0
175421,0
175422,0
175423,0
175424,0
175425,25
175426,37
175427,0
175428,0
175429,0
175430,0
175431,21
175432,0
175433,0
175434,0
175435,0
175436,0
175437,0
175438,0
175439,23
175440,17
175441,0
175442,20
175443,0
175444,0
175445,0
175446,0
175447,0
175448,0
175449,0
175450,0
175451,0
175452,0
175453,0
175454,0
175455,0
175456,0
175457,0
175458,0
175459,0
175460,0
175461,0
175462,0
175463,0
175464,0
175465,0
175466,0
175467,0
175468,0
175469,0
175470,0
175471,0
175472,0
175473,0
175474,0
175475,1
175476,0
175477,0
175478,0
175479,0
175480,0
175481,0
175482,0
175483,0
175484,0
175485,0
175486,0
175487,0
175488,0
175489,0
175490,0
175491,1
175492,0
175493,0
175494,0
175495,0
175496,0
175497,0
175498,0
175499,0
175500,0
175501,0
175502,0
175503,0
175504,0
175505,0
175506,0
175507,1
175508,0
175509,0
175510,0
175511,4
175512,0
175513,0
175514,0
175515,0
175516,0
175517,0
175518,0
175519,0
175520,0
175521,0
175522,0
175523,0
175524,0
175525,0
175526,0
175527,0
175528,0
175529,0
175530,0
175531,0
175532,0
175533,0
175534,0
175535,0
175536,0
175537,0
175538,0
175539,0
175540,0
175541,0
175542,0
175543,0
175544,0
175545,0
175546,0
175547,0
175548,0
175549,0
175550,0
175551,0
175552,0
175553,0
175554,0
175555,0
175556,0
175557,0
175558,0
175559,0
175560,0
175561,0
175562,0
175563,0
175564,0
175565,0
175566,0
175567,0
175568,0
175569,0
175570,0
175571,0
175572,0
175573,0
175574,0
175575,0
175576,0
175577,0
175578,0
175579,0
175580,3
175581,0
175582,0
175583,0
175584,0
175585,0
175586,0
175587,0
175588,0
175589,0
175590,0
175591,0
175592,0
175593,0
175594,0
175595,0
175596,0
175597,0
175598,0
175599,0
175600,0
175601,0
175602,0
175603,0
175604,0
175605,0
175606,0
175607,0
175608,0
175609,0
175610,0
175611,0
175612,0
175613,0
175614,0
175615,5
175616,0
175617,0
175618,0
175619,0
175620,0
175621,0
175622,0
175623,0
175624,0
175625,0
175626,0
175627,0
175628,0
175629,0
175630,0
175631,0
175632,0
175633,0
175634,0
175635,0
175636,0
175637,0
175638,0
175639,0
175640,0
175641,0
175642,0
175643,0
175644,0
175645,0
175646,0
175647,0
175648,4
175649,0
175650,0
175651,0
175652,0
175653,0
175654,0
175655,0
175656,0
175657,0
175658,2
175659,0
175660,0
175661,0
175662,0
175663,0
175664,0
175665,0
175666,0
175667,0
175668,0
175669,0
175670,0
175671,4
175672,0
175673,0
175674,0
175675,0
175676,0
175677,0
175678,0
175679,0
175680,0
175681,0
175682,0
175683,0
175684,0
175685,0
175686,0
175687,0
175688,0
175689,0
175690,0
175691,0
175692,0
175693,0
175694,0
175695,0
175696,0
175697,4
175698,0
175699,0
175700,0
175701,0
175702,0
175703,2
175704,2
175705,0
175706,0
175707,0
175708,0
175709,0
175710,0
175711,2
175712,0
175713,0
175714,0
175715,0
175716,0
175717,0
175718,3
175719,0
175720,0
175721,0
175722,0
175723,0
175724,0
175725,0
175726,0
175727,0
175728,3
175729,0
175730,0
175731,2
175732,0
175733,0
175734,0
175735,0
175736,0
175737,0
175738,0
175739,0
175740,0
175741,0
175742,0
175743,0
175744,0
175745,0
175746,0
175747,0
175748,0
175749,0
175750,0
175751,0
175752,0
175753,0
175754,6
175755,0
175756,0
175757,0
175758,0
175759,0
175760,0
175761,0
175762,0
175763,0
175764,0
175765,0
175766,0
175767,0
175768,0
175769,0
175770,0
175771,0
175772,0
175773,0
175774,0
175775,0
175776,0
175777,0
175778,0
175779,0
175780,0
175781,0
175782,0
175783,2
175784,0
175785,0
175786,0
175787,0
175788,0
175789,0
175790,0
175791,0
175792,0
175793,0
175794,0
175795,0
175796,0
175797,0
175798,0
175799,0
175800,0
175801,0
175802,0
175803,0
175804,0
175805,0
175806,0
175807,0
175808,0
175809,0
175810,0
175811,0
175812,0
175813,6
175814,0
175815,0
175816,0
175817,0
175818,0
175819,0
175820,0
175821,0
175822,0
175823,0
175824,0
175825,0
175826,0
175827,0
175828,0
175829,0
175830,0
175831,0
175832,0
175833,0
175834,0
175835,0
175836,0
175837,0
175838,0
175839,0
175840,0
175841,0
175842,0
175843,0
175844,0
175845,0
175846,0
175847,0
175848,0
175849,0
175850,0
175851,0
175852,0
175853,0
175854,0
175855,3
175856,0
175857,0
175858,0
175859,0
175860,0
175861,0
175862,0
175863,0
175864,0
175865,3
175866,0
175867,0
175868,0
175869,0
175870,1
175871,0
175872,0
175873,3
175874,0
175875,0
175876,0
175877,0
175878,0
175879,0
175880,0
175881,0
175882,0
175883,0
175884,0
175885,0
175886,0
175887,0
175888,0
175889,0
175890,0
175891,0
175892,0
175893,0
175894,0
175895,0
175896,0
175897,2
175898,0
175899,0
175900,0
175901,0
175902,0
175903,0
175904,0
175905,0
175906,3
175907,0
175908,0
175909,0
175910,0
175911,0
175912,0
175913,0
175914,0
175915,0
175916,0
175917,0
175918,0
175919,0
175920,0
175921,0
175922,0
175923,0
175924,0
175925,0
175926,0
175927,0
175928,0
175929,0
175930,4
175931,0
175932,0
175933,0
175934,0
175935,0
175936,0
175937,2
175938,0
175939,0
175940,0
175941,0
175942,0
175943,0
175944,0
175945,0
175946,0
175947,0
175948,0
175949,0
175950,0
175951,0
175952,0
175953,0
175954,0
175955,0
175956,0
175957,0
175958,0
175959,0
175960,0
175961,0
175962,0
175963,0
175964,0
175965,0
175966,0
175967,0
175968,0
175969,0
175970,0
175971,0
175972,0
175973,0
175974,0
175975,0
175976,0
175977,0
175978,0
175979,0
175980,0
175981,0
175982,0
175983,0
175984,0
175985,0
175986,0
175987,0
175988,0
175989,2
175990,0
175991,0
175992,0
175993,0
175994,0
175995,5
175996,0
175997,0
175998,0
175999,0
176000,0
176001,0
176002,0
176003,0
176004,0
176005,0
176006,0
176007,0
176008,0
176009,0
176010,0
176011,0
176012,0
176013,0
176014,0
176015,0
176016,0
176017,0
176018,0
176019,1
176020,0
176021,0
176022,0
176023,0
176024,0
176025,0
176026,1
176027,0
176028,0
176029,0
176030,0
176031,0
176032,0
176033,0
176034,0
176035,0
176036,0
176037,0
176038,0
176039,0
176040,0
176041,0
176042,0
176043,0
176044,0
176045,0
176046,0
176047,0
176048,0
176049,0
176050,0
176051,0
176052,0
176053,0
176054,0
176055,0
176056,0
176057,6
176058,0
176059,0
176060,0
176061,0
176062,0
176063,0
176064,0
176065,0
176066,0
176067,0
176068,6
176069,0
176070,0
176071,0
176072,1
176073,0
176074,0
176075,0
176076,0
176077,0
176078,0
176079,0
176080,0
176081,0
176082,0
176083,0
176084,0
176085,0
176086,0
176087,0
176088,0
176089,0
176090,0
176091,0
176092,0
176093,0
176094,0
176095,0
176096,0
176097,0
176098,0
176099,4
176100,0
176101,0
176102,0
176103,0
176104,0
176105,0
176106,0
176107,0
176108,0
176109,0
176110,0
176111,0
176112,0
176113,0
176114,0
176115,0
176116,0
176117,0
176118,0
176119,0
176120,0
176121,0
176122,5
176123,0
176124,0
176125,0
176126,0
176127,0
176128,0
176129,6
176130,0
176131,0
176132,0
176133,0
176134,0
176135,0
176136,0
176137,0
176138,0
176139,0
176140,0
176141,0
176142,0
176143,0
176144,0
176145,1
176146,0
176147,0
176148,0
176149,0
176150,0
176151,0
176152,0
176153,0
176154,0
176155,0
176156,0
176157,0
176158,0
176159,0
176160,0
176161,0
176162,0
176163,0
176164,0
176165,0
176166,0
176167,0
176168,0
176169,2
176170,0
176171,0
176172,0
176173,0
176174,0
176175,0
176176,0
176177,0
176178,0
176179,0
176180,0
176181,0
176182,0
176183,0
176184,0
176185,0
176186,0
176187,0
176188,0
176189,0
176190,0
176191,0
176192,0
176193,0
176194,0
176195,0
176196,0
176197,0
176198,2
176199,0
176200,0
176201,0
176202,0
176203,0
176204,0
176205,0
176206,1
176207,0
176208,0
176209,0
176210,0
176211,0
176212,0
176213,0
176214,0
176215,0
176216,0
176217,0
176218,0
176219,0
176220,0
176221,0
176222,0
176223,0
176224,0
176225,0
176226,0
176227,0
176228,0
176229,0
176230,0
176231,0
176232,0
176233,0
176234,0
176235,0
176236,0
176237,0
176238,0
176239,0
176240,0
176241,0
176242,0
176243,0
176244,0
176245,0
176246,0
176247,0
176248,0
176249,0
176250,0
176251,0
176252,0
176253,0
176254,0
176255,0
176256,0
176257,0
176258,0
176259,0
176260,0
176261,0
176262,0
176263,0
176264,0
176265,0
176266,0
176267,1
176268,0
176269,0
176270,0
176271,0
176272,0
176273,0
176274,0
176275,0
176276,0
176277,0
176278,3
176279,0
176280,0
176281,0
176282,0
176283,0
176284,0
176285,0
176286,0
176287,0
176288,0
176289,0
176290,0
176291,0
176292,0
176293,0
176294,0
176295,0
176296,0
176297,0
176298,0
176299,0
176300,2
176301,5
176302,0
176303,0
176304,0
176305,6
176306,0
176307,0
176308,0
176309,0
176310,0
176311,3
176312,0
176313,0
176314,0
176315,0
176316,4
176317,0
176318,0
176319,0
176320,0
176321,0
176322,0
176323,0
176324,0
176325,0
176326,0
176327,0
176328,0
176329,2
176330,0
176331,0
176332,0
176333,0
176334,0
176335,0
176336,0
176337,2
176338,0
176339,0
176340,0
176341,1
176342,0
176343,0
176344,0
176345,0
176346,0
176347,0
176348,0
176349,0
176350,0
176351,0
176352,0
176353,0
176354,0
176355,0
176356,0
176357,0
176358,0
176359,0
176360,0
176361,0
176362,0
176363,0
176364,0
176365,0
176366,0
176367,0
176368,0
176369,0
176370,0
176371,0
176372,0
176373,0
176374,0
176375,0
176376,0
176377,0
176378,0
176379,4
176380,0
176381,0
176382,0
176383,0
176384,0
176385,0
176386,0
176387,0
176388,0
176389,0
176390,0
176391,0
176392,0
176393,0
176394,0
176395,0
176396,0
176397,5
176398,0
176399,0
176400,0
176401,0
176402,0
176403,0
176404,0
176405,0
176406,0
176407,0
176408,0
176409,0
176410,5
176411,6
176412,0
176413,0
176414,0
176415,0
176416,0
176417,0
176418,0
176419,0
176420,0
176421,0
176422,0
176423,0
176424,0
176425,0
176426,0
176427,2
176428,0
176429,0
176430,0
176431,0
176432,0
176433,1
176434,0
176435,0
176436,2
176437,0
176438,0
176439,0
176440,0
176441,0
176442,0
176443,4
176444,0
176445,0
176446,0
176447,0
176448,0
176449,0
176450,0
176451,0
176452,0
176453,5
176454,0
176455,0
176456,0
176457,0
176458,0
176459,0
176460,27
176461,0
176462,0
176463,0
176464,24
176465,0
176466,0
176467,0
176468,0
176469,0
176470,0
176471,0
176472,27
176473,0
176474,0
176475,16
176476,0
176477,0
176478,0
176479,0
176480,0
176481,0
176482,0
176483,21
176484,0
176485,0
176486,0
176487,0
176488,0
176489,0
176490,0
176491,0
176492,0
176493,27
176494,0
176495,0
176496,0
176497,0
176498,0
176499,0
176500,0
176501,0
176502,0
176503,0
176504,0
176505,0
176506,38
176507,0
176508,0
176509,0
176510,0
176511,0
176512,0
176513,0
176514,0
176515,0
176516,0
176517,0
176518,0
176519,0
176520,0
176521,0
176522,0
176523,0
176524,0
176525,0
176526,0
176527,0
176528,0
176529,0
176530,0
176531,0
176532,0
176533,0
176534,0
176535,0
176536,0
176537,0
176538,0
176539,0
176540,0
176541,0
176542,0
176543,0
176544,0
176545,0
176546,0
176547,0
176548,0
176549,0
176550,0
176551,0
176552,0
176553,0
176554,0
176555,0
176556,0
176557,0
176558,0
176559,0
176560,0
176561,0
176562,0
176563,0
176564,0
176565,0
176566,0
176567,0
176568,0
176569,0
176570,0
176571,0
176572,0
176573,0
176574,0
176575,0
176576,26
176577,0
176578,26
176579,0
176580,19
176581,0
176582,0
176583,0
176584,22
176585,0
176586,0
176587,0
176588,0
176589,0
176590,0
176591,0
176592,0
176593,0
176594,0
176595,0
176596,0
176597,0
176598,21
176599,0
176600,0
176601,0
176602,0
176603,0
176604,19
176605,0
176606,0
176607,0
176608,0
176609,0
176610,22
176611,0
176612,0
176613,0
176614,21
176615,0
176616,0
176617,0
176618,0
176619,0
176620,19
176621,0
176622,0
176623,0
176624,29
176625,0
176626,0
176627,0
176628,17
176629,0
176630,26
176631,0
176632,0
176633,0
176634,0
176635,0
176636,0
176637,0
176638,0
176639,0
176640,0
176641,0
176642,0
176643,0
176644,0
176645,0
176646,0
176647,0
176648,0
176649,0
176650,0
176651,0
176652,0
176653,0
176654,0
176655,0
176656,0
176657,0
176658,0
176659,0
176660,0
176661,0
176662,0
176663,0
176664,0
176665,22
176666,0
176667,0
176668,0
176669,0
176670,0
176671,0
176672,29
176673,0
176674,0
176675,0
176676,24
176677,0
176678,0
176679,0
176680,0
176681,29
176682,0
176683,0
176684,0
176685,0
176686,0
176687,0
176688,0
176689,0
176690,0
176691,0
176692,29
176693,0
176694,0
176695,0
176696,0
176697,0
176698,0
176699,0
176700,0
176701,0
176702,0
176703,0
176704,0
176705,0
176706,0
176707,0
176708,0
176709,0
176710,0
176711,0
176712,0
176713,0
176714,0
176715,0
176716,0
176717,0
176718,0
176719,0
176720,0
176721,0
176722,0
176723,0
176724,0
176725,0
176726,21
176727,0
176728,0
176729,0
176730,0
176731,0
176732,0
176733,0
176734,0
176735,0
176736,0
176737,0
176738,0
176739,30
176740,0
176741,0
176742,0
176743,34
176744,0
176745,0
176746,0
176747,0
176748,0
176749,22
176750,0
176751,0
176752,0
176753,18
176754,0
176755,0
176756,0
176757,0
176758,0
176759,0
176760,0
176761,0
176762,0
176763,25
176764,15
176765,0
176766,0
176767,0
176768,0
176769,0
176770,0
176771,0
176772,0
176773,0
176774,0
176775,0
176776,0
176777,0
176778,0
176779,0
176780,0
176781,0
176782,0
176783,0
176784,0
176785,20
176786,0
176787,0
176788,0
176789,31
176790,0
176791,30
176792,0
176793,42
176794,23
176795,0
176796,0
176797,0
176798,0
176799,0
176800,0
176801,0
176802,0
176803,0
176804,0
176805,19
176806,0
176807,0
176808,0
176809,0
176810,0
176811,21
176812,0
176813,0
176814,16
176815,0
176816,13
176817,0
176818,0
176819,36
176820,16
176821,0
176822,0
176823,0
176824,0
176825,0
176826,24
176827,0
176828,0
176829,0
176830,18
176831,0
176832,0
176833,0
176834,23
176835,0
176836,0
176837,0
176838,0
176839,0
176840,0
176841,25
176842,0
176843,33
176844,0
176845,0
176846,0
176847,15
176848,0
176849,0
176850,0
176851,0
176852,0
176853,0
176854,0
176855,0
176856,0
176857,0
176858,0
176859,0
176860,0
176861,0
176862,21
176863,0
176864,0
176865,0
176866,0
176867,15
176868,0
176869,22
176870,0
176871,0
176872,0
176873,0
176874,0
176875,0
176876,0
176877,5
176878,0
176879,0
176880,0
176881,0
176882,0
176883,0
176884,0
176885,3
176886,0
176887,2
176888,0
176889,13
176890,0
176891,6
176892,0
176893,0
176894,0
176895,0
176896,0
176897,17
176898,0
176899,0
176900,0
176901,0
176902,0
176903,0
176904,0
176905,0
176906,0
176907,0
176908,0
176909,0
176910,0
176911,0
176912,0
176913,0
176914,0
176915,0
176916,0
176917,0
176918,20
176919,0
176920,0
176921,17
176922,0
176923,10
176924,0
176925,0
176926,0
176927,0
176928,0
176929,0
176930,9
176931,0
176932,0
176933,12
176934,0
176935,0
176936,0
176937,0
176938,0
176939,0
176940,0
176941,0
176942,5
176943,0
176944,0
176945,0
176946,5
176947,0
176948,0
176949,0
176950,0
176951,0
176952,0
176953,14
176954,0
176955,0
176956,0
176957,0
176958,0
176959,0
176960,0
176961,17
176962,5
176963,0
176964,7
176965,0
176966,0
176967,0
176968,0
176969,0
176970,0
176971,0
176972,0
176973,14
176974,0
176975,0
176976,0
176977,0
176978,18
176979,0
176980,0
176981,8
176982,0
176983,0
176984,0
176985,0
176986,0
176987,0
176988,0
176989,0
176990,0
176991,0
176992,0
176993,0
176994,18
176995,0
176996,0
176997,0
176998,0
176999,9
177000,6
177001,0
177002,0
177003,0
177004,0
177005,19
177006,0
177007,0
177008,0
177009,0
177010,0
177011,0
177012,0
177013,0
177014,0
177015,0
177016,0
177017,9
177018,0
177019,0
177020,11
177021,10
177022,0
177023,0
177024,0
177025,8
177026,0
177027,0
177028,0
177029,0
177030,0
177031,0
177032,0
177033,0
177034,0
177035,0
177036,0
177037,0
177038,8
177039,0
177040,0
177041,10
177042,12
177043,0
177044,0
177045,12
177046,0
177047,7
177048,0
177049,0
177050,0
177051,8
177052,0
177053,0
177054,12
177055,0
177056,0
177057,0
177058,12
177059,0
177060,18
177061,16
177062,8
177063,0
177064,14
177065,0
177066,0
177067,0
177068,0
177069,0
177070,0
177071,11
177072,0
177073,0
177074,0
177075,0
177076,0
177077,0
177078,0
177079,15
177080,0
177081,11
177082,0
177083,0
177084,0
177085,14
177086,0
177087,8
177088,13
177089,11
177090,0
177091,6
177092,0
177093,0
177094,0
177095,16
177096,0
177097,0
177098,11
177099,0
177100,0
177101,0
177102,0
177103,0
177104,0
177105,0
177106,12
177107,0
177108,0
177109,0
177110,0
177111,0
177112,17
177113,0
177114,0
177115,0
177116,0
177117,0
177118,14
177119,0
177120,0
177121,0
177122,13
177123,10
177124,0
177125,0
177126,0
177127,0
177128,7
177129,9
177130,0
177131,25
177132,19
177133,0
177134,0
177135,0
177136,0
177137,0
177138,0
177139,16
177140,0
177141,0
177142,0
177143,10
177144,12
177145,0
177146,0
177147,0
177148,13
177149,0
177150,4
177151,11
177152,0
177153,0
177154,0
177155,0
177156,0
177157,8
177158,0
177159,0
177160,0
177161,0
177162,0
177163,7
177164,11
177165,0
177166,0
177167,0
177168,11
177169,0
177170,0
177171,0
177172,0
177173,0
177174,0
177175,12
177176,0
177177,0
177178,0
177179,14
177180,0
177181,4
177182,6
177183,0
177184,0
177185,0
177186,0
177187,10
177188,11
177189,0
177190,0
177191,0
177192,0
177193,0
177194,0
177195,0
177196,14
177197,0
177198,0
177199,16
177200,0
177201,0
177202,0
177203,0
177204,0
177205,0
177206,0
177207,0
177208,7
177209,0
177210,0
177211,9
177212,0
177213,8
177214,0
177215,0
177216,0
177217,0
177218,0
177219,0
177220,13
177221,0
177222,0
177223,0
177224,0
177225,0
177226,0
177227,0
177228,0
177229,0
177230,0
177231,0
177232,0
177233,11
177234,0
177235,6
177236,0
177237,13
177238,0
177239,0
177240,0
177241,0
177242,10
177243,0
177244,0
177245,0
177246,0
177247,0
177248,0
177249,13
177250,0
177251,0
177252,12
177253,0
177254,7
177255,0
177256,0
177257,7
177258,0
177259,0
177260,0
177261,0
177262,0
177263,0
177264,13
177265,10
177266,0
177267,0
177268,0
177269,0
177270,0
177271,0
177272,0
177273,0
177274,0
177275,0
177276,0
177277,0
177278,0
177279,0
177280,0
177281,9
177282,0
177283,0
177284,0
177285,0
177286,0
177287,0
177288,0
177289,0
177290,0
177291,0
177292,0
177293,0
177294,0
177295,0
177296,19
177297,26
177298,14
177299,9
177300,0
177301,0
177302,0
177303,0
177304,0
177305,0
177306,0
177307,0
177308,0
177309,0
177310,0
177311,0
177312,0
177313,0
177314,0
177315,0
177316,0
177317,8
177318,0
177319,0
177320,0
177321,0
177322,0
177323,14
177324,0
177325,0
177326,0
177327,0
177328,0
177329,0
177330,0
177331,0
177332,0
177333,0
177334,0
177335,0
177336,0
177337,6
177338,0
177339,0
177340,0
177341,0
177342,0
177343,0
177344,0
177345,0
177346,10
177347,0
177348,0
177349,0
177350,0
177351,0
177352,0
177353,0
177354,0
177355,0
177356,0
177357,0
177358,0
177359,14
177360,0
177361,12
177362,0
177363,0
177364,0
177365,0
177366,0
177367,0
177368,0
177369,0
177370,0
177371,0
177372,0
177373,0
177374,0
177375,0
177376,0
177377,0
177378,0
177379,6
177380,0
177381,0
177382,9
177383,0
177384,0
177385,7
177386,11
177387,0
177388,0
177389,0
177390,0
177391,0
177392,11
177393,0
177394,0
177395,0
177396,15
177397,0
177398,0
177399,0
177400,0
177401,0
177402,0
177403,0
177404,0
177405,0
177406,0
177407,0
177408,0
177409,6
177410,0
177411,0
177412,0
177413,0
177414,0
177415,0
177416,0
177417,0
177418,0
177419,0
177420,0
177421,0
177422,0
177423,0
177424,0
177425,0
177426,0
177427,0
177428,0
177429,8
177430,0
177431,0
177432,0
177433,0
177434,0
177435,0
177436,15
177437,0
177438,0
177439,13
177440,0
177441,0
177442,0
177443,0
177444,0
177445,0
177446,0
177447,0
177448,0
177449,0
177450,0
177451,10
177452,0
177453,0
177454,0
177455,6
177456,0
177457,0
177458,0
177459,0
177460,0
177461,0
177462,5
177463,0
177464,0
177465,0
177466,0
177467,0
177468,0
177469,0
177470,0
177471,0
177472,0
177473,10
177474,0
177475,0
177476,0
177477,0
177478,0
177479,11
177480,3
177481,0
177482,0
177483,0
177484,0
177485,0
177486,0
177487,0
177488,13
177489,12
177490,0
177491,0
177492,0
177493,10
177494,8
177495,0
177496,0
177497,0
177498,13
177499,0
177500,10
177501,0
177502,0
177503,0
177504,10
177505,0
177506,0
177507,0
177508,0
177509,0
177510,0
177511,0
177512,0
177513,0
177514,18
177515,0
177516,0
177517,0
177518,0
177519,12
177520,0
177521,0
177522,0
177523,0
177524,0
177525,7
177526,0
177527,0
177528,0
177529,0
177530,0
177531,13
177532,0
177533,0
177534,7
177535,0
177536,0
177537,0
177538,0
177539,0
177540,0
177541,0
177542,0
177543,7
177544,0
177545,0
177546,0
177547,9
177548,0
177549,7
177550,0
177551,0
177552,0
177553,13
177554,0
177555,0
177556,0
177557,0
177558,0
177559,0
177560,0
177561,0
177562,0
177563,0
177564,0
177565,0
177566,14
177567,0
177568,0
177569,5
177570,0
177571,0
177572,0
177573,0
177574,0
177575,0
177576,0
177577,0
177578,0
177579,0
177580,0
177581,0
177582,0
177583,0
177584,0
177585,0
177586,0
177587,0
177588,0
177589,0
177590,0
177591,0
177592,0
177593,7
177594,0
177595,15
177596,0
177597,0
177598,0
177599,0
177600,0
177601,0
177602,0
177603,11
177604,7
177605,0
177606,0
177607,0
177608,0
177609,7
177610,0
177611,0
177612,0
177613,0
177614,0
177615,0
177616,0
177617,0
177618,0
177619,0
177620,0
177621,0
177622,0
177623,0
177624,0
177625,0
177626,0
177627,0
177628,0
177629,8
177630,0
177631,0
177632,0
177633,0
177634,0
177635,0
177636,0
177637,0
177638,0
177639,0
177640,0
177641,0
177642,0
177643,8
177644,0
177645,15
177646,0
177647,21
177648,0
177649,0
177650,0
177651,0
177652,8
177653,9
177654,0
177655,0
177656,0
177657,0
177658,0
177659,0
177660,10
177661,0
177662,9
177663,0
177664,0
177665,0
177666,7
177667,0
177668,0
177669,0
177670,14
177671,0
177672,0
177673,0
177674,0
177675,0
177676,0
177677,0
177678,0
177679,0
177680,0
177681,0
177682,0
177683,13
177684,0
177685,0
177686,0
177687,0
177688,0
177689,0
177690,0
177691,0
177692,0
177693,0
177694,0
177695,0
177696,0
177697,19
177698,16
177699,0
177700,0
177701,0
177702,8
177703,0
177704,0
177705,0
177706,0
177707,11
177708,0
177709,0
177710,10
177711,0
177712,8
177713,0
177714,0
177715,0
177716,0
177717,0
177718,0
177719,0
177720,0
177721,0
177722,0
177723,0
177724,0
177725,0
177726,0
177727,0
177728,0
177729,0
177730,0
177731,0
177732,0
177733,0
177734,0
177735,11
177736,9
177737,0
177738,0
177739,0
177740,0
177741,18
177742,0
177743,0
177744,0
177745,0
177746,0
177747,0
177748,0
177749,0
177750,0
177751,0
177752,0
177753,0
177754,0
177755,0
177756,0
177757,0
177758,0
177759,0
177760,17
177761,0
177762,0
177763,12
177764,0
177765,0
177766,0
177767,0
177768,0
177769,0
177770,16
177771,0
177772,0
177773,0
177774,0
177775,0
177776,0
177777,0
177778,0
177779,0
177780,0
177781,0
177782,0
177783,0
177784,0
177785,0
177786,0
177787,0
177788,0
177789,0
177790,17
177791,0
177792,0
177793,0
177794,0
177795,17
177796,0
177797,9
177798,0
177799,0
177800,0
177801,0
177802,0
177803,0
177804,0
177805,0
177806,0
177807,0
177808,0
177809,0
177810,6
177811,0
177812,9
177813,0
177814,0
177815,0
177816,0
177817,0
177818,0
177819,7
177820,0
177821,0
177822,0
177823,17
177824,0
177825,0
177826,0
177827,0
177828,0
177829,9
177830,0
177831,0
177832,0
177833,0
177834,9
177835,0
177836,0
177837,0
177838,0
177839,0
177840,7
177841,0
177842,0
177843,0
177844,0
177845,0
177846,0
177847,0
177848,0
177849,0
177850,0
177851,0
177852,5
177853,0
177854,0
177855,0
177856,20
177857,0
177858,0
177859,26
177860,22
177861,0
177862,0
177863,22
177864,0
177865,0
177866,0
177867,0
177868,33
177869,0
177870,0
177871,0
177872,0
177873,0
177874,0
177875,0
177876,0
177877,0
177878,0
177879,0
177880,0
177881,0
177882,22
177883,32
177884,0
177885,0
177886,0
177887,0
177888,0
177889,0
177890,0
177891,0
177892,0
177893,0
177894,28
177895,34
177896,0
177897,36
177898,0
177899,0
177900,0
177901,0
177902,0
177903,0
177904,40
177905,0
177906,0
177907,0
177908,0
177909,0
177910,0
177911,0
177912,0
177913,0
177914,0
177915,0
177916,0
177917,0
177918,25
177919,0
177920,18
177921,0
177922,23
177923,0
177924,0
177925,0
177926,0
177927,17
177928,0
177929,27
177930,0
177931,0
177932,0
177933,0
177934,24
177935,0
177936,19
177937,0
177938,0
177939,0
177940,0
177941,0
177942,0
177943,0
177944,24
177945,0
177946,0
177947,0
177948,27
177949,0
177950,19
177951,0
177952,0
177953,0
177954,47
177955,0
177956,0
177957,0
177958,0
177959,0
177960,0
177961,0
177962,0
177963,0
177964,0
177965,0
177966,0
177967,0
177968,0
177969,0
177970,0
177971,25
177972,46
177973,0
177974,29
177975,20
177976,0
177977,0
177978,0
177979,0
177980,0
177981,0
177982,0
177983,0
177984,27
177985,0
177986,0
177987,0
177988,0
177989,0
177990,0
177991,0
177992,0
177993,0
177994,0
177995,0
177996,0
177997,0
177998,0
177999,0
178000,0
178001,0
178002,0
178003,34
178004,0
178005,0
178006,0
178007,0
178008,0
178009,0
178010,0
178011,0
178012,0
178013,0
178014,33
178015,0
178016,0
178017,0
178018,0
178019,0
178020,0
178021,0
178022,37
178023,0
178024,23
178025,0
178026,21
178027,0
178028,0
178029,0
178030,0
178031,0
178032,0
178033,0
178034,0
178035,0
178036,0
178037,0
178038,0
178039,19
178040,0
178041,0
178042,0
178043,0
178044,42
178045,0
178046,0
178047,0
178048,0
178049,0
178050,0
178051,0
178052,0
178053,0
178054,0
178055,0
178056,0
178057,0
178058,27
178059,0
178060,0
178061,0
178062,43
178063,17
178064,0
178065,0
178066,0
178067,0
178068,0
178069,0
178070,0
178071,0
178072,0
178073,0
178074,0
178075,0
178076,0
178077,0
178078,0
178079,0
178080,0
178081,24
178082,0
178083,0
178084,0
178085,0
178086,33
178087,0
178088,0
178089,0
178090,0
178091,0
178092,0
178093,0
178094,0
178095,0
178096,0
178097,0
178098,0
178099,0
178100,0
178101,0
178102,0
178103,0
178104,0
178105,0
178106,0
178107,0
178108,0
178109,0
178110,0
178111,0
178112,0
178113,0
178114,26
178115,0
178116,0
178117,0
178118,0
178119,36
178120,41
178121,0
178122,0
178123,0
178124,0
178125,0
178126,0
178127,0
178128,0
178129,0
178130,0
178131,0
178132,0
178133,0
178134,0
178135,0
178136,0
178137,0
178138,0
178139,0
178140,0
178141,0
178142,0
178143,42
178144,0
178145,0
178146,0
178147,0
178148,0
178149,0
178150,0
178151,38
178152,0
178153,0
178154,0
178155,0
178156,0
178157,0
178158,0
178159,0
178160,37
178161,0
178162,0
178163,0
178164,0
178165,0
178166,0
178167,0
178168,38
178169,0
178170,0
178171,0
178172,28
178173,0
178174,0
178175,0
178176,0
178177,0
178178,0
178179,0
178180,0
178181,0
178182,0
178183,0
178184,0
178185,23
178186,0
178187,43
178188,36
178189,0
178190,0
178191,0
178192,0
178193,0
178194,0
178195,0
178196,25
178197,31
178198,0
178199,0
178200,0
178201,0
178202,0
178203,0
178204,0
178205,0
178206,0
178207,0
178208,14
178209,0
178210,19
178211,0
178212,0
178213,0
178214,0
178215,0
178216,0
178217,0
178218,0
178219,0
178220,27
178221,0
178222,0
178223,0
178224,0
178225,0
178226,0
178227,0
178228,0
178229,0
178230,0
178231,0
178232,0
178233,27
178234,0
178235,0
178236,0
178237,0
178238,0
178239,0
178240,0
178241,0
178242,0
178243,0
178244,0
178245,22
178246,0
178247,0
178248,0
178249,0
178250,0
178251,0
178252,0
178253,0
178254,0
178255,0
178256,34
178257,0
178258,0
178259,0
178260,0
178261,0
178262,0
178263,0
178264,0
178265,0
178266,0
178267,0
178268,0
178269,0
178270,0
178271,40
178272,0
178273,0
178274,0
178275,0
178276,0
178277,0
178278,0
178279,0
178280,14
178281,0
178282,39
178283,0
178284,0
178285,27
178286,0
178287,0
178288,0
178289,0
178290,0
178291,0
178292,0
178293,0
178294,0
178295,0
178296,0
178297,0
178298,0
178299,31
178300,0
178301,0
178302,0
178303,0
178304,0
178305,0
178306,0
178307,0
178308,0
178309,25
178310,0
178311,0
178312,0
178313,0
178314,20
178315,0
178316,0
178317,0
178318,0
178319,0
178320,0
178321,0
178322,0
178323,28
178324,26
178325,0
178326,0
178327,0
178328,0
178329,25
178330,0
178331,0
178332,0
178333,0
178334,0
178335,0
178336,0
178337,0
178338,0
178339,49
178340,0
178341,20
178342,27
178343,0
178344,0
178345,0
178346,0
178347,0
178348,25
178349,0
178350,0
178351,0
178352,0
178353,0
178354,0
178355,0
178356,25
178357,0
178358,0
178359,0
178360,0
178361,0
178362,0
178363,0
178364,0
178365,0
178366,0
178367,23
178368,0
178369,0
178370,41
178371,0
178372,30
178373,0
178374,0
178375,0
178376,29
178377,26
178378,0
178379,0
178380,0
178381,0
178382,0
178383,0
178384,0
178385,0
178386,0
178387,0
178388,0
178389,0
178390,0
178391,0
178392,0
178393,0
178394,0
178395,0
178396,0
178397,0
178398,0
178399,0
178400,0
178401,0
178402,0
178403,0
178404,0
178405,27
178406,0
178407,0
178408,0
178409,0
178410,0
178411,0
178412,0
178413,27
178414,0
178415,17
178416,0
178417,35
178418,0
178419,0
178420,0
178421,0
178422,0
178423,38
178424,0
178425,0
178426,35
178427,0
178428,0
178429,0
178430,0
178431,0
178432,0
178433,0
178434,0
178435,0
178436,0
178437,0
178438,0
178439,0
178440,0
178441,0
178442,0
178443,0
178444,0
178445,0
178446,0
178447,0
178448,0
178449,12
178450,0
178451,0
178452,0
178453,0
178454,0
178455,0
178456,7
178457,0
178458,0
178459,0
178460,0
178461,0
178462,0
178463,0
178464,5
178465,0
178466,9
178467,0
178468,0
178469,15
178470,0
178471,0
178472,0
178473,7
178474,0
178475,0
178476,12
178477,0
178478,0
178479,0
178480,7
178481,0
178482,12
178483,0
178484,0
178485,0
178486,21
178487,0
178488,0
178489,13
178490,0
178491,4
178492,0
178493,0
178494,0
178495,7
178496,0
178497,11
178498,0
178499,0
178500,0
178501,8
178502,0
178503,0
178504,0
178505,0
178506,0
178507,0
178508,0
178509,0
178510,14
178511,0
178512,0
178513,0
178514,0
178515,0
178516,0
178517,8
178518,0
178519,0
178520,0
178521,8
178522,0
178523,0
178524,0
178525,0
178526,9
178527,0
178528,0
178529,7
178530,0
178531,0
178532,0
178533,0
178534,0
178535,0
178536,0
178537,9
178538,6
178539,0
178540,0
178541,0
178542,0
178543,0
178544,6
178545,0
178546,6
178547,0
178548,0
178549,0
178550,4
178551,0
178552,8
178553,0
178554,0
178555,0
178556,7
178557,0
178558,0
178559,0
178560,4
178561,0
178562,11
178563,0
178564,0
178565,0
178566,0
178567,0
178568,0
178569,5
178570,0
178571,0
178572,0
178573,0
178574,0
178575,0
178576,0
178577,8
178578,0
178579,13
178580,0
178581,0
178582,8
178583,0
178584,0
178585,0
178586,0
178587,0
178588,5
178589,7
178590,0
178591,8
178592,8
178593,0
178594,6
178595,0
178596,0
178597,0
178598,0
178599,0
178600,0
178601,0
178602,5
178603,0
178604,0
178605,0
178606,0
178607,10
178608,7
178609,6
178610,6
178611,0
178612,0
178613,0
178614,0
178615,10
178616,0
178617,0
178618,0
178619,0
178620,14
178621,0
178622,0
178623,0
178624,5
178625,0
178626,7
178627,0
178628,12
178629,0
178630,0
178631,0
178632,9
178633,0
178634,0
178635,0
178636,0
178637,0
178638,0
178639,0
178640,0
178641,0
178642,0
178643,0
178644,9
178645,0
178646,0
178647,0
178648,9
178649,0
178650,0
178651,11
178652,0
178653,0
178654,0
178655,0
178656,5
178657,0
178658,0
178659,6
178660,0
178661,0
178662,0
178663,0
178664,0
178665,0
178666,0
178667,0
178668,0
178669,0
178670,0
178671,0
178672,0
178673,0
178674,0
178675,0
178676,0
178677,0
178678,0
178679,0
178680,0
178681,0
178682,0
178683,0
178684,0
178685,0
178686,0
178687,13
178688,12
178689,0
178690,0
178691,0
178692,0
178693,0
178694,5
178695,0
178696,0
178697,0
178698,0
178699,10
178700,0
178701,0
178702,0
178703,0
178704,11
178705,0
178706,0
178707,0
178708,0
178709,7
178710,0
178711,0
178712,0
178713,0
178714,0
178715,11
178716,0
178717,0
178718,0
178719,0
178720,0
178721,7
178722,0
178723,0
178724,0
178725,0
178726,0
178727,0
178728,0
178729,5
178730,0
178731,9
178732,0
178733,0
178734,0
178735,0
178736,8
178737,0
178738,0
178739,4
178740,0
178741,0
178742,0
178743,4
178744,0
178745,0
178746,8
178747,0
178748,0
178749,0
178750,0
178751,0
178752,0
178753,0
178754,0
178755,0
178756,0
178757,0
178758,0
178759,0
178760,0
178761,13
178762,7
178763,0
178764,0
178765,0
178766,0
178767,0
178768,7
178769,16
178770,0
178771,0
178772,0
178773,0
178774,0
178775,0
178776,0
178777,6
178778,5
178779,0
178780,7
178781,0
178782,0
178783,0
178784,0
178785,0
178786,0
178787,0
178788,0
178789,0
178790,9
178791,0
178792,0
178793,0
178794,3
178795,0
178796,0
178797,12
178798,0
178799,0
178800,9
178801,0
178802,0
178803,2
178804,0
178805,0
178806,6
178807,0
178808,0
178809,0
178810,9
178811,0
178812,11
178813,6
178814,0
178815,0
178816,0
178817,0
178818,0
178819,0
178820,0
178821,0
178822,0
178823,0
178824,0
178825,0
178826,0
178827,0
178828,0
178829,0
178830,0
178831,5
178832,9
178833,0
178834,0
178835,0
178836,7
178837,0
178838,0
178839,0
178840,0
178841,0
178842,0
178843,10
178844,0
178845,0
178846,0
178847,0
178848,0
178849,0
178850,5
178851,11
178852,7
178853,0
178854,9
178855,0
178856,0
178857,0
178858,5
178859,2
178860,0
178861,9
178862,0
178863,0
178864,0
178865,0
178866,3
178867,0
178868,0
178869,0
178870,0
178871,0
178872,0
178873,5
178874,0
178875,0
178876,0
178877,0
178878,0
178879,0
178880,0
178881,6
178882,7
178883,0
178884,0
178885,0
178886,11
178887,10
178888,0
178889,8
178890,8
178891,0
178892,7
178893,0
178894,0
178895,0
178896,0
178897,8
178898,0
178899,0
178900,0
178901,8
178902,14
178903,3
178904,0
178905,0
178906,0
178907,0
178908,0
178909,0
178910,0
178911,0
178912,4
178913,0
178914,0
178915,6
178916,0
178917,0
178918,0
178919,0
178920,0
178921,0
178922,9
178923,13
178924,5
178925,0
178926,0
178927,0
178928,0
178929,0
178930,0
178931,0
178932,0
178933,7
178934,0
178935,4
178936,0
178937,0
178938,0
178939,0
178940,4
178941,6
178942,0
178943,0
178944,0
178945,5
178946,0
178947,0
178948,0
178949,0
178950,0
178951,5
178952,0
178953,0
178954,0
178955,0
178956,0
178957,0
178958,0
178959,3
178960,9
178961,0
178962,0
178963,0
178964,0
178965,0
178966,0
178967,0
178968,0
178969,0
178970,9
178971,0
178972,0
178973,0
178974,8
178975,5
178976,0
178977,0
178978,0
178979,0
178980,5
178981,0
178982,0
178983,0
178984,0
178985,3
178986,0
178987,0
178988,0
178989,4
178990,5
178991,0
178992,0
178993,0
178994,0
178995,0
178996,0
178997,3
178998,0
178999,5
179000,0
179001,0
179002,0
179003,6
179004,4
179005,0
179006,9
179007,0
179008,0
179009,0
179010,0
179011,9
179012,0
179013,0
179014,0
179015,0
179016,0
179017,0
179018,0
179019,0
179020,7
179021,0
179022,0
179023,0
179024,0
179025,7
179026,0
179027,0
179028,0
179029,9
179030,10
179031,0
179032,0
179033,0
179034,0
179035,0
179036,0
179037,0
179038,0
179039,8
179040,0
179041,0
179042,0
179043,0
179044,0
179045,0
179046,0
179047,0
179048,0
179049,0
179050,10
179051,0
179052,0
179053,0
179054,7
179055,0
179056,0
179057,0
179058,6
179059,0
179060,0
179061,0
179062,9
179063,0
179064,0
179065,0
179066,0
179067,0
179068,0
179069,0
179070,4
179071,0
179072,0
179073,0
179074,2
179075,0
179076,0
179077,6
179078,0
179079,0
179080,0
179081,7
179082,0
179083,0
179084,6
179085,9
179086,0
179087,10
179088,11
179089,0
179090,0
179091,8
179092,0
179093,0
179094,0
179095,0
179096,5
179097,9
179098,0
179099,0
179100,0
179101,13
179102,0
179103,0
179104,0
179105,0
179106,0
179107,0
179108,8
179109,0
179110,0
179111,0
179112,0
179113,0
179114,8
179115,3
179116,0
179117,0
179118,0
179119,0
179120,0
179121,9
179122,4
179123,0
179124,0
179125,0
179126,0
179127,0
179128,0
179129,0
179130,8
179131,0
179132,0
179133,0
179134,0
179135,4
179136,0
179137,0
179138,0
179139,0
179140,4
179141,10
179142,0
179143,0
179144,0
179145,0
179146,0
179147,0
179148,0
179149,0
179150,0
179151,0
179152,0
179153,0
179154,0
179155,4
179156,0
179157,0
179158,0
179159,8
179160,0
179161,0
179162,0
179163,0
179164,0
179165,0
179166,0
179167,0
179168,0
179169,0
179170,8
179171,0
179172,0
179173,0
179174,0
179175,0
179176,0
179177,0
179178,14
179179,0
179180,0
179181,0
179182,5
179183,9
179184,0
179185,0
179186,0
179187,4
179188,0
179189,0
179190,3
179191,0
179192,3
179193,10
179194,0
179195,0
179196,0
179197,0
179198,0
179199,0
179200,5
179201,6
179202,0
179203,0
179204,8
179205,0
179206,11
179207,0
179208,0
179209,0
179210,0
179211,0
179212,7
179213,0
179214,0
179215,4
179216,0
179217,9
179218,0
179219,0
179220,0
179221,0
179222,0
179223,4
179224,0
179225,7
179226,0
179227,0
179228,0
179229,4
179230,0
179231,11
179232,0
179233,5
179234,0
179235,0
179236,0
179237,0
179238,0
179239,2
179240,0
179241,0
179242,0
179243,0
179244,0
179245,10
179246,0
179247,0
179248,0
179249,0
179250,12
179251,0
179252,0
179253,0
179254,0
179255,0
179256,8
179257,0
179258,7
179259,0
179260,0
179261,0
179262,0
179263,0
179264,0
179265,0
179266,9
179267,0
179268,0
179269,0
179270,7
179271,8
179272,6
179273,0
179274,0
179275,0
179276,0
179277,0
179278,0
179279,0
179280,0
179281,9
179282,0
179283,0
179284,0
179285,0
179286,0
179287,0
179288,4
179289,0
179290,0
179291,0
179292,0
179293,0
179294,0
179295,0
179296,0
179297,0
179298,0
179299,13
179300,22
179301,0
179302,0
179303,0
179304,15
179305,0
179306,0
179307,0
179308,0
179309,0
179310,0
179311,0
179312,14
179313,0
179314,0
179315,0
179316,0
179317,0
179318,0
179319,24
179320,0
179321,0
179322,0
179323,0
179324,0
179325,0
179326,0
179327,0
179328,0
179329,28
179330,7
179331,0
179332,0
179333,0
179334,0
179335,0
179336,0
179337,0
179338,0
179339,17
179340,0
179341,0
179342,0
179343,0
179344,0
179345,0
179346,15
179347,0
179348,27
179349,0
179350,20
179351,0
179352,0
179353,0
179354,0
179355,0
179356,26
179357,0
179358,0
179359,0
179360,0
179361,25
179362,31
179363,0
179364,0
179365,17
179366,0
179367,21
179368,11
179369,0
179370,0
179371,0
179372,0
179373,0
179374,0
179375,0
179376,0
179377,0
179378,0
179379,22
179380,0
179381,0
179382,0
179383,0
179384,0
179385,0
179386,0
179387,0
179388,0
179389,25
179390,0
179391,19
179392,0
179393,0
179394,23
179395,0
179396,0
179397,0
179398,0
179399,0
179400,0
179401,0
179402,0
179403,0
179404,0
179405,24
179406,0
179407,0
179408,0
179409,0
179410,0
179411,0
179412,0
179413,0
179414,0
179415,0
179416,23
179417,0
179418,0
179419,0
179420,0
179421,0
179422,17
179423,0
179424,0
179425,13
179426,0
179427,20
179428,0
179429,21
179430,0
179431,0
179432,0
179433,0
179434,0
179435,0
179436,0
179437,0
179438,19
179439,0
179440,0
179441,0
179442,22
179443,0
179444,0
179445,0
179446,0
179447,0
179448,30
179449,0
179450,0
179451,0
179452,0
179453,23
179454,0
179455,0
179456,0
179457,32
179458,0
179459,0
179460,0
179461,20
179462,0
179463,0
179464,0
179465,0
179466,20
179467,0
179468,0
179469,0
179470,0
179471,0
179472,22
179473,0
179474,19
179475,30
179476,16
179477,10
179478,0
179479,16
179480,0
179481,0
179482,0
179483,0
179484,0
179485,9
179486,24
179487,0
179488,0
179489,0
179490,0
179491,18
179492,0
179493,0
179494,29
179495,0
179496,0
179497,0
179498,0
179499,0
179500,0
179501,0
179502,0
179503,0
179504,23
179505,0
179506,0
179507,0
179508,23
179509,0
179510,0
179511,27
179512,0
179513,0
179514,17
179515,29
179516,0
179517,0
179518,13
179519,0
179520,0
179521,0
179522,0
179523,17
179524,0
179525,0
179526,0
179527,17
179528,0
179529,0
179530,0
179531,35
179532,12
179533,17
179534,0
179535,0
179536,0
179537,0
179538,0
179539,0
179540,0
179541,0
179542,0
179543,0
179544,0
179545,0
179546,0
179547,0
179548,23
179549,0
179550,0
179551,0
179552,15
179553,0
179554,0
179555,0
179556,20
179557,0
179558,25
179559,0
179560,24
179561,18
179562,0
179563,20
179564,0
179565,0
179566,0
179567,22
179568,0
179569,0
179570,0
179571,0
179572,0
179573,0
179574,0
179575,0
179576,0
179577,0
179578,0
179579,23
179580,0
179581,15
179582,0
179583,0
179584,13
179585,0
179586,0
179587,0
179588,0
179589,0
179590,0
179591,26
179592,0
179593,0
179594,0
179595,0
179596,0
179597,0
179598,0
179599,0
179600,0
179601,27
179602,0
179603,0
179604,25
179605,0
179606,0
179607,28
179608,0
179609,0
179610,10
179611,0
179612,0
179613,0
179614,0
179615,0
179616,0
179617,0
179618,20
179619,0
179620,0
179621,0
179622,0
179623,12
179624,0
179625,0
179626,0
179627,0
179628,0
179629,0
179630,26
179631,0
179632,0
179633,0
179634,0
179635,0
179636,0
179637,16
179638,0
179639,20
179640,0
179641,0
179642,0
179643,0
179644,0
179645,9
179646,23
179647,0
179648,0
179649,0
179650,0
179651,0
179652,0
179653,0
179654,0
179655,0
179656,0
179657,21
179658,0
179659,0
179660,0
179661,0
179662,0
179663,0
179664,0
179665,0
179666,0
179667,0
179668,0
179669,0
179670,0
179671,18
179672,0
179673,0
179674,0
179675,29
179676,0
179677,0
179678,0
179679,0
179680,0
179681,21
179682,0
179683,19
179684,10
179685,0
179686,0
179687,0
179688,15
179689,0
179690,24
179691,0
179692,0
179693,0
179694,0
179695,27
179696,0
179697,0
179698,0
179699,0
179700,0
179701,0
179702,0
179703,0
179704,0
179705,0
179706,0
179707,0
179708,0
179709,0
179710,18
179711,0
179712,16
179713,0
179714,0
179715,0
179716,0
179717,0
179718,0
179719,0
179720,0
179721,0
179722,0
179723,0
179724,16
179725,0
179726,0
179727,12
179728,0
179729,0
179730,14
179731,0
179732,26
179733,0
179734,22
179735,0
179736,0
179737,0
179738,0
179739,0
179740,0
179741,0
179742,0
179743,0
179744,29
179745,0
179746,0
179747,26
179748,0
179749,0
179750,16
179751,0
179752,0
179753,0
179754,0
179755,19
179756,0
179757,0
179758,0
179759,0
179760,0
179761,23
179762,0
179763,0
179764,0
179765,0
179766,0
179767,0
179768,0
179769,0
179770,0
179771,0
179772,0
179773,14
179774,0
179775,18
179776,0
179777,15
179778,0
179779,0
179780,0
179781,0
179782,0
179783,0
179784,18
179785,0
179786,0
179787,21
179788,0
179789,0
179790,0
179791,0
179792,0
179793,0
179794,0
179795,0
179796,0
179797,0
179798,0
179799,0
179800,29
179801,0
179802,0
179803,0
179804,0
179805,16
179806,0
179807,0
179808,0
179809,0
179810,0
179811,0
179812,13
179813,0
179814,0
179815,0
179816,0
179817,0
179818,0
179819,0
179820,0
179821,0
179822,0
179823,27
179824,0
179825,16
179826,0
179827,0
179828,0
179829,0
179830,0
179831,0
179832,14
179833,0
179834,0
179835,0
179836,0
179837,0
179838,0
179839,0
179840,27
179841,0
179842,0
179843,14
179844,0
179845,15
179846,0
179847,18
179848,0
179849,0
179850,21
179851,0
179852,0
179853,0
179854,0
179855,0
179856,0
179857,0
179858,0
179859,0
179860,0
179861,0
179862,0
179863,0
179864,0
179865,18
179866,0
179867,0
179868,0
179869,0
179870,0
179871,0
179872,0
179873,0
179874,0
179875,0
179876,0
179877,23
179878,0
179879,0
179880,23
179881,0
179882,0
179883,0
179884,0
179885,0
179886,0
179887,0
179888,11
179889,0
179890,0
179891,24
179892,0
179893,0
179894,22
179895,0
179896,0
179897,0
179898,0
179899,0
179900,25
179901,11
179902,0
179903,0
179904,17
179905,13
179906,0
179907,0
179908,0
179909,23
179910,0
179911,19
179912,0
179913,0
179914,0
179915,0
179916,0
179917,14
179918,0
179919,0
179920,0
179921,0
179922,0
179923,22
179924,0
179925,0
179926,0
179927,19
179928,0
179929,0
179930,0
179931,0
179932,17
179933,0
179934,25
179935,0
179936,0
179937,0
179938,0
179939,0
179940,0
179941,0
179942,19
179943,0
179944,0
179945,24
179946,0
179947,0
179948,0
179949,0
179950,0
179951,0
179952,0
179953,0
179954,28
179955,0
179956,0
179957,0
179958,19
179959,0
179960,16
179961,0
179962,23
179963,0
179964,0
179965,0
179966,0
179967,0
179968,0
179969,0
179970,0
179971,21
179972,0
179973,0
179974,0
179975,0
179976,0
179977,0
179978,0
179979,0
179980,0
179981,0
179982,15
179983,27
179984,13
179985,0
179986,0
179987,0
179988,33
179989,12
179990,0
179991,0
179992,0
179993,19
179994,0
179995,0
179996,22
179997,31
179998,0
179999,22
180000,0
180001,25
180002,0
180003,0
180004,0
180005,0
180006,16
180007,22
180008,0
180009,16
180010,0
180011,0
180012,0
180013,0
180014,0
180015,0
180016,0
180017,0
180018,0
180019,28
180020,0
180021,25
180022,0
180023,0
180024,0
180025,0
180026,11
180027,0
180028,19
180029,0
180030,0
180031,0
180032,0
180033,0
180034,23
180035,0
180036,12
180037,17
180038,0
180039,0
180040,0
180041,0
180042,0
180043,0
180044,0
180045,22
180046,0
180047,0
180048,0
180049,0
180050,23
180051,0
180052,0
180053,16
180054,0
180055,0
180056,0
180057,0
180058,16
180059,0
180060,0
180061,0
180062,0
180063,25
180064,27
180065,18
180066,0
180067,0
180068,0
180069,0
180070,0
180071,24
180072,0
180073,20
180074,0
180075,0
180076,0
180077,0
180078,19
180079,0
180080,0
180081,0
180082,0
180083,0
180084,0
180085,0
180086,0
180087,0
180088,0
180089,0
180090,0
180091,0
180092,0
180093,20
180094,0
180095,0
180096,0
180097,0
180098,0
180099,0
180100,0
180101,0
180102,16
180103,0
180104,0
180105,0
180106,0
180107,26
180108,0
180109,14
180110,14
180111,0
180112,0
180113,0
180114,0
180115,0
180116,19
180117,18
180118,0
180119,0
180120,0
180121,0
180122,0
180123,0
180124,24
180125,17
180126,0
180127,0
180128,0
180129,0
180130,0
180131,0
180132,0
180133,0
180134,0
180135,0
180136,0
180137,0
180138,0
180139,0
180140,0
180141,23
180142,0
180143,0
180144,0
180145,0
180146,0
180147,0
180148,0
180149,0
180150,27
180151,25
180152,0
180153,0
180154,0
180155,0
180156,0
180157,0
180158,0
180159,0
180160,0
180161,13
180162,0
180163,0
180164,25
180165,12
180166,11
180167,0
180168,0
180169,0
180170,0
180171,0
180172,28
180173,25
180174,0
180175,0
180176,20
180177,0
180178,19
180179,0
180180,0
180181,21
180182,0
180183,0
180184,0
180185,47
180186,0
180187,22
180188,0
180189,0
180190,0
180191,0
180192,31
180193,0
180194,21
180195,0
180196,0
180197,0
180198,0
180199,0
180200,0
180201,0
180202,0
180203,0
180204,0
180205,0
180206,43
180207,0
180208,0
180209,0
180210,0
180211,0
180212,0
180213,0
180214,0
180215,0
180216,0
180217,0
180218,0
180219,35
180220,0
180221,0
180222,0
180223,0
180224,35
180225,29
180226,45
180227,0
180228,35
180229,0
180230,0
180231,0
180232,0
180233,0
180234,0
180235,0
180236,0
180237,0
180238,0
180239,0
180240,0
180241,27
180242,0
180243,0
180244,0
180245,0
180246,0
180247,0
180248,30
180249,0
180250,0
180251,0
180252,0
180253,0
180254,0
180255,0
180256,0
180257,0
180258,31
180259,45
180260,0
180261,20
180262,26
180263,0
180264,0
180265,0
180266,43
180267,0
180268,0
180269,0
180270,0
180271,0
180272,0
180273,0
180274,30
180275,0
180276,20
180277,0
180278,0
180279,0
180280,0
180281,47
180282,0
180283,0
180284,0
180285,0
180286,0
180287,0
180288,0
180289,42
180290,0
180291,0
180292,0
180293,0
180294,0
180295,0
180296,0
180297,27
180298,25
180299,0
180300,0
180301,0
180302,0
180303,0
180304,0
180305,26
180306,0
180307,0
180308,0
180309,0
180310,23
180311,0
180312,0
180313,0
180314,0
180315,29
180316,0
180317,17
180318,36
180319,0
180320,0
180321,0
180322,0
180323,38
180324,0
180325,40
180326,33
180327,0
180328,0
180329,0
180330,29
180331,0
180332,0
180333,26
180334,32
180335,41
180336,0
180337,0
180338,31
180339,0
180340,0
180341,0
180342,0
180343,0
180344,0
180345,58
180346,0
180347,0
180348,0
180349,0
180350,33
180351,0
180352,0
180353,49
180354,0
180355,0
180356,0
180357,0
180358,0
180359,36
180360,0
180361,0
180362,0
180363,0
180364,19
180365,0
180366,0
180367,0
180368,0
180369,0
180370,0
180371,0
180372,0
180373,0
180374,30
180375,32
180376,47
180377,0
180378,25
180379,0
180380,0
180381,0
180382,0
180383,33
180384,31
180385,0
180386,44
180387,0
180388,30
180389,33
180390,0
180391,0
180392,0
180393,38
180394,0
180395,36
180396,0
180397,0
180398,0
180399,0
180400,0
180401,0
180402,0
180403,0
180404,0
180405,0
180406,0
180407,25
180408,37
180409,0
180410,0
180411,0
180412,0
180413,0
180414,28
180415,0
180416,0
180417,0
180418,0
180419,0
180420,0
180421,0
180422,0
180423,0
180424,38
180425,0
180426,0
180427,33
180428,0
180429,0
180430,0
180431,0
180432,0
180433,0
180434,38
180435,0
180436,0
180437,0
180438,0
180439,0
180440,0
180441,0
180442,0
180443,0
180444,0
180445,0
180446,0
180447,0
180448,0
180449,0
180450,0
180451,0
180452,0
180453,0
180454,0
180455,0
180456,0
180457,0
180458,0
180459,0
180460,0
180461,0
180462,0
180463,0
180464,0
180465,0
180466,0
180467,0
180468,0
180469,0
180470,37
180471,0
180472,0
180473,0
180474,0
180475,36
180476,0
180477,31
180478,21
180479,0
180480,0
180481,31
180482,0
180483,0
180484,0
180485,0
180486,0
180487,0
180488,0
180489,2
180490,0
180491,0
180492,0
180493,0
180494,0
180495,0
180496,0
180497,3
180498,0
180499,0
180500,0
180501,0
180502,0
180503,0
180504,0
180505,1
180506,1
180507,0
180508,1
180509,0
180510,0
180511,0
180512,0
180513,0
180514,0
180515,2
180516,0
180517,3
180518,0
180519,0
180520,5
180521,0
180522,0
180523,0
180524,0
180525,0
180526,0
180527,1
180528,0
180529,0
180530,0
180531,2
180532,0
180533,0
180534,0
180535,0
180536,0
180537,0
180538,1
180539,0
180540,3
180541,0
180542,1
180543,0
180544,1
180545,0
180546,0
180547,0
180548,0
180549,0
180550,0
180551,1
180552,0
180553,0
180554,0
180555,0
180556,3
180557,0
180558,0
180559,0
180560,0
180561,0
180562,0
180563,0
180564,0
180565,1
180566,0
180567,0
180568,0
180569,0
180570,0
180571,0
180572,0
180573,0
180574,0
180575,0
180576,0
180577,0
180578,0
180579,2
180580,0
180581,9
180582,0
180583,0
180584,7
180585,4
180586,0
180587,4
180588,0
180589,0
180590,0
180591,0
180592,0
180593,0
180594,0
180595,0
180596,0
180597,0
180598,3
180599,4
180600,5
180601,0
180602,0
180603,2
180604,0
180605,0
180606,0
180607,0
180608,0
180609,0
180610,1
180611,0
180612,0
180613,0
180614,0
180615,0
180616,0
180617,0
180618,0
180619,0
180620,0
180621,0
180622,0
180623,0
180624,0
180625,0
180626,0
180627,0
180628,3
180629,0
180630,0
180631,0
180632,1
180633,0
180634,0
180635,0
180636,4
180637,0
180638,0
180639,0
180640,0
180641,0
180642,0
180643,0
180644,0
180645,0
180646,2
180647,0
180648,0
180649,0
180650,0
180651,0
180652,0
180653,0
180654,0
180655,0
180656,0
180657,0
180658,0
180659,0
180660,0
180661,0
180662,0
180663,0
180664,0
180665,0
180666,4
180667,0
180668,0
180669,0
180670,0
180671,0
180672,0
180673,0
180674,5
180675,0
180676,0
180677,0
180678,0
180679,3
180680,0
180681,0
180682,4
180683,0
180684,0
180685,3
180686,0
180687,0
180688,0
180689,0
180690,0
180691,4
180692,2
180693,0
180694,0
180695,0
180696,0
180697,0
180698,0
180699,0
180700,0
180701,0
180702,0
180703,1
180704,0
180705,0
180706,4
180707,0
180708,3
180709,3
180710,0
180711,0
180712,2
180713,0
180714,0
180715,0
180716,0
180717,3
180718,0
180719,0
180720,0
180721,0
180722,0
180723,0
180724,7
180725,0
180726,0
180727,0
180728,2
180729,9
180730,0
180731,2
180732,0
180733,3
180734,0
180735,0
180736,0
180737,2
180738,0
180739,0
180740,0
180741,0
180742,0
180743,0
180744,0
180745,2
180746,0
180747,0
180748,0
180749,0
180750,7
180751,3
180752,0
180753,1
180754,0
180755,0
180756,0
180757,3
180758,0
180759,0
180760,0
180761,0
180762,0
180763,2
180764,3
180765,0
180766,3
180767,0
180768,0
180769,0
180770,0
180771,0
180772,0
180773,0
180774,0
180775,0
180776,0
180777,0
180778,3
180779,0
180780,0
180781,0
180782,0
180783,0
180784,0
180785,0
180786,1
180787,0
180788,0
180789,1
180790,0
180791,0
180792,0
180793,3
180794,0
180795,4
180796,0
180797,0
180798,0
180799,0
180800,0
180801,0
180802,0
180803,0
180804,0
180805,0
180806,0
180807,0
180808,0
180809,0
180810,2
180811,0
180812,0
180813,0
180814,0
180815,0
180816,0
180817,0
180818,2
180819,2
180820,0
180821,0
180822,0
180823,0
180824,1
180825,0
180826,0
180827,0
180828,8
180829,0
180830,3
180831,0
180832,0
180833,0
180834,0
180835,0
180836,0
180837,3
180838,0
180839,0
180840,0
180841,0
180842,0
180843,0
180844,0
180845,0
180846,1
180847,0
180848,0
180849,0
180850,0
180851,0
180852,0
180853,0
180854,0
180855,0
180856,0
180857,0
180858,0
180859,0
180860,0
180861,0
180862,0
180863,0
180864,0
180865,0
180866,0
180867,0
180868,0
180869,0
180870,0
180871,5
180872,0
180873,6
180874,0
180875,5
180876,0
180877,0
180878,3
180879,3
180880,0
180881,0
180882,0
180883,0
180884,6
180885,0
180886,0
180887,0
180888,0
180889,5
180890,8
180891,0
180892,0
180893,0
180894,0
180895,0
180896,0
180897,3
180898,0
180899,0
180900,0
180901,0
180902,7
180903,0
180904,0
180905,5
180906,0
180907,0
180908,0
180909,0
180910,3
180911,0
180912,7
180913,0
180914,0
180915,0
180916,0
180917,0
180918,0
180919,0
180920,0
180921,0
180922,0
180923,0
180924,0
180925,0
180926,0
180927,0
180928,0
180929,0
180930,2
180931,0
180932,0
180933,0
180934,0
180935,0
180936,0
180937,5
180938,0
180939,0
180940,0
180941,0
180942,7
180943,0
180944,0
180945,0
180946,0
180947,0
180948,0
180949,0
180950,0
180951,0
180952,3
180953,0
180954,0
180955,0
180956,2
180957,0
180958,5
180959,0
180960,0
180961,0
180962,0
180963,6
180964,0
180965,4
180966,0
180967,0
180968,0
180969,0
180970,5
180971,0
180972,0
180973,0
180974,0
180975,0
180976,0
180977,0
180978,0
180979,0
180980,0
180981,0
180982,0
180983,15
180984,0
180985,0
180986,0
180987,0
180988,0
180989,0
180990,20
180991,0
180992,0
180993,16
180994,0
180995,16
180996,0
180997,0
180998,0
180999,0
181000,0
181001,0
181002,0
181003,0
181004,0
181005,0
181006,24
181007,0
181008,21
181009,0
181010,0
181011,6
181012,16
181013,24
181014,0
181015,0
181016,26
181017,0
181018,0
181019,0
181020,0
181021,0
181022,0
181023,0
181024,0
181025,0
181026,20
181027,0
181028,0
181029,0
181030,0
181031,0
181032,18
181033,0
181034,29
181035,12
181036,0
181037,23
181038,0
181039,0
181040,0
181041,19
181042,0
181043,20
181044,0
181045,21
181046,0
181047,11
181048,0
181049,0
181050,0
181051,0
181052,0
181053,25
181054,0
181055,0
181056,23
181057,0
181058,0
181059,0
181060,0
181061,13
181062,0
181063,0
181064,27
181065,0
181066,0
181067,0
181068,15
181069,0
181070,0
181071,12
181072,0
181073,0
181074,0
181075,0
181076,0
181077,0
181078,0
181079,0
181080,0
181081,20
181082,0
181083,0
181084,0
181085,22
181086,0
181087,0
181088,0
181089,0
181090,0
181091,0
181092,0
181093,0
181094,0
181095,0
181096,17
181097,24
181098,0
181099,0
181100,0
181101,18
181102,19
181103,0
181104,0
181105,0
181106,0
181107,0
181108,0
181109,0
181110,0
181111,0
181112,0
181113,0
181114,0
181115,17
181116,0
181117,0
181118,0
181119,0
181120,0
181121,26
181122,14
181123,0
181124,0
181125,31
181126,0
181127,20
181128,0
181129,0
181130,0
181131,0
181132,0
181133,0
181134,0
181135,0
181136,30
181137,0
181138,0
181139,19
181140,0
181141,31
181142,0
181143,0
181144,0
181145,0
181146,0
181147,0
181148,0
181149,0
181150,0
181151,26
181152,0
181153,0
181154,0
181155,25
181156,10
181157,19
181158,0
181159,0
181160,15
181161,0
181162,0
181163,0
181164,0
181165,0
181166,0
181167,0
181168,26
181169,0
181170,0
181171,0
181172,0
181173,0
181174,0
181175,0
181176,34
181177,0
181178,28
181179,0
181180,0
181181,0
181182,0
181183,0
181184,0
181185,0
181186,0
181187,0
181188,0
181189,16
181190,0
181191,0
181192,0
181193,27
181194,0
181195,0
181196,0
181197,0
181198,0
181199,0
181200,0
181201,0
181202,0
181203,0
181204,0
181205,0
181206,0
181207,0
181208,0
181209,0
181210,0
181211,13
181212,9
181213,0
181214,0
181215,0
181216,0
181217,0
181218,0
181219,0
181220,0
181221,0
181222,0
181223,0
181224,19
181225,0
181226,0
181227,0
181228,0
181229,0
181230,0
181231,21
181232,0
181233,0
181234,0
181235,0
181236,0
181237,0
181238,0
181239,0
181240,0
181241,0
181242,0
181243,16
181244,0
181245,0
181246,0
181247,0
181248,13
181249,0
181250,0
181251,0
181252,0
181253,0
181254,0
181255,0
181256,0
181257,27
181258,0
181259,0
181260,0
181261,17
181262,0
181263,0
181264,0
181265,0
181266,29
181267,29
181268,0
181269,0
181270,0
181271,0
181272,0
181273,0
181274,0
181275,0
181276,20
181277,0
181278,9
181279,15
181280,0
181281,0
181282,0
181283,25
181284,0
181285,0
181286,0
181287,22
181288,0
181289,0
181290,21
181291,16
181292,0
181293,0
181294,0
181295,24
181296,0
181297,0
181298,0
181299,0
181300,19
181301,0
181302,0
181303,19
181304,0
181305,0
181306,0
181307,0
181308,0
181309,0
181310,0
181311,0
181312,0
181313,0
181314,0
181315,0
181316,0
181317,0
181318,0
181319,17
181320,0
181321,16
181322,0
181323,20
181324,0
181325,0
181326,0
181327,0
181328,0
181329,0
181330,0
181331,0
181332,0
181333,0
181334,0
181335,0
181336,0
181337,30
181338,0
181339,0
181340,0
181341,0
181342,0
181343,29
181344,0
181345,0
181346,0
181347,0
181348,0
181349,0
181350,0
181351,0
181352,0
181353,0
181354,0
181355,19
181356,0
181357,0
181358,18
181359,0
181360,0
181361,0
181362,0
181363,0
181364,0
181365,0
181366,0
181367,28
181368,0
181369,0
181370,0
181371,0
181372,0
181373,0
181374,0
181375,0
181376,24
181377,0
181378,0
181379,20
181380,0
181381,0
181382,0
181383,23
181384,0
181385,25
181386,23
181387,11
181388,0
181389,0
181390,0
181391,0
181392,0
181393,0
181394,0
181395,14
181396,27
181397,0
181398,0
181399,0
181400,0
181401,0
181402,0
181403,0
181404,17
181405,0
181406,0
181407,0
181408,15
181409,0
181410,0
181411,0
181412,0
181413,0
181414,0
181415,20
181416,0
181417,18
181418,0
181419,0
181420,0
181421,0
181422,0
181423,0
181424,0
181425,0
181426,0
181427,0
181428,0
181429,19
181430,0
181431,0
181432,0
181433,0
181434,17
181435,12
181436,23
181437,0
181438,0
181439,18
181440,0
181441,0
181442,0
181443,24
181444,0
181445,0
181446,0
181447,0
181448,0
181449,0
181450,19
181451,0
181452,0
181453,0
181454,0
181455,15
181456,0
181457,0
181458,0
181459,0
181460,0
181461,0
181462,0
181463,0
181464,0
181465,0
181466,0
181467,0
181468,0
181469,0
181470,0
181471,0
181472,0
181473,19
181474,0
181475,0
181476,0
181477,0
181478,0
181479,0
181480,0
181481,0
181482,0
181483,0
181484,0
181485,0
181486,0
181487,0
181488,8
181489,0
181490,0
181491,0
181492,0
181493,0
181494,14
181495,0
181496,14
181497,0
181498,0
181499,0
181500,0
181501,0
181502,0
181503,0
181504,0
181505,0
181506,0
181507,0
181508,0
181509,0
181510,0
181511,0
181512,0
181513,9
181514,14
181515,0
181516,0
181517,6
181518,0
181519,0
181520,0
181521,0
181522,5
181523,0
181524,0
181525,0
181526,0
181527,0
181528,0
181529,11
181530,0
181531,10
181532,0
181533,0
181534,0
181535,0
181536,0
181537,0
181538,14
181539,0
181540,0
181541,0
181542,0
181543,0
181544,0
181545,0
181546,0
181547,0
181548,0
181549,23
181550,11
181551,0
181552,0
181553,0
181554,0
181555,0
181556,0
181557,0
181558,0
181559,0
181560,15
181561,0
181562,16
181563,0
181564,0
181565,0
181566,8
181567,0
181568,0
181569,17
181570,0
181571,0
181572,11
181573,0
181574,0
181575,13
181576,0
181577,17
181578,0
181579,0
181580,0
181581,0
181582,12
181583,0
181584,0
181585,0
181586,0
181587,0
181588,0
181589,9
181590,11
181591,0
181592,12
181593,0
181594,0
181595,0
181596,0
181597,10
181598,0
181599,0
181600,0
181601,0
181602,0
181603,0
181604,19
181605,12
181606,9
181607,0
181608,0
181609,14
181610,0
181611,0
181612,0
181613,0
181614,0
181615,12
181616,13
181617,0
181618,0
181619,0
181620,0
181621,14
181622,12
181623,14
181624,0
181625,0
181626,14
181627,0
181628,0
181629,19
181630,0
181631,0
181632,0
181633,11
181634,0
181635,0
181636,17
181637,0
181638,0
181639,0
181640,0
181641,0
181642,0
181643,0
181644,0
181645,0
181646,0
181647,12
181648,0
181649,0
181650,0
181651,0
181652,0
181653,13
181654,0
181655,11
181656,0
181657,0
181658,14
181659,0
181660,17
181661,0
181662,0
181663,0
181664,0
181665,0
181666,0
181667,0
181668,0
181669,0
181670,0
181671,0
181672,0
181673,0
181674,12
181675,0
181676,0
181677,0
181678,0
181679,0
181680,0
181681,0
181682,14
181683,11
181684,0
181685,0
181686,11
181687,16
181688,12
181689,0
181690,17
181691,0
181692,0
181693,0
181694,0
181695,13
181696,0
181697,0
181698,0
181699,10
181700,0
181701,26
181702,0
181703,18
181704,0
181705,0
181706,0
181707,0
181708,0
181709,0
181710,0
181711,0
181712,0
181713,0
181714,0
181715,11
181716,0
181717,0
181718,0
181719,13
181720,0
181721,0
181722,0
181723,0
181724,0
181725,0
181726,0
181727,0
181728,0
181729,0
181730,0
181731,19
181732,13
181733,0
181734,9
181735,17
181736,0
181737,8
181738,0
181739,0
181740,15
181741,0
181742,0
181743,0
181744,8
181745,9
181746,10
181747,0
181748,0
181749,0
181750,18
181751,0
181752,0
181753,0
181754,0
181755,0
181756,13
181757,0
181758,0
181759,12
181760,0
181761,0
181762,0
181763,6
181764,0
181765,0
181766,0
181767,0
181768,0
181769,0
181770,0
181771,0
181772,0
181773,0
181774,0
181775,12
181776,0
181777,0
181778,0
181779,10
181780,0
181781,0
181782,0
181783,16
181784,15
181785,0
181786,10
181787,0
181788,5
181789,7
181790,0
181791,0
181792,13
181793,0
181794,0
181795,0
181796,0
181797,0
181798,16
181799,0
181800,0
181801,0
181802,0
181803,0
181804,0
181805,0
181806,0
181807,0
181808,0
181809,0
181810,0
181811,0
181812,0
181813,0
181814,10
181815,3
181816,13
181817,0
181818,0
181819,0
181820,0
181821,0
181822,0
181823,0
181824,0
181825,0
181826,0
181827,0
181828,7
181829,0
181830,15
181831,0
181832,0
181833,0
181834,0
181835,0
181836,0
181837,0
181838,13
181839,0
181840,0
181841,0
181842,0
181843,0
181844,0
181845,0
181846,0
181847,0
181848,0
181849,0
181850,13
181851,0
181852,0
181853,0
181854,17
181855,0
181856,0
181857,0
181858,0
181859,0
181860,0
181861,0
181862,0
181863,0
181864,0
181865,0
181866,15
181867,0
181868,0
181869,0
181870,0
181871,0
181872,0
181873,0
181874,14
181875,0
181876,0
181877,11
181878,0
181879,0
181880,0
181881,0
181882,0
181883,0
181884,15
181885,0
181886,0
181887,0
181888,7
181889,0
181890,0
181891,11
181892,0
181893,0
181894,8
181895,0
181896,0
181897,14
181898,0
181899,0
181900,0
181901,0
181902,16
181903,0
181904,0
181905,0
181906,0
181907,5
181908,0
181909,0
181910,15
181911,0
181912,0
181913,0
181914,18
181915,15
181916,12
181917,0
181918,0
181919,0
181920,0
181921,0
181922,0
181923,0
181924,0
181925,0
181926,18
181927,16
181928,14
181929,0
181930,12
181931,0
181932,0
181933,0
181934,0
181935,4
181936,0
181937,0
181938,0
181939,0
181940,0
181941,9
181942,11
181943,0
181944,16
181945,0
181946,0
181947,0
181948,0
181949,8
181950,9
181951,8
181952,0
181953,0
181954,0
181955,0
181956,0
181957,0
181958,0
181959,0
181960,0
181961,23
181962,0
181963,0
181964,0
181965,0
181966,0
181967,0
181968,0
181969,0
181970,0
181971,47
181972,39
181973,0
181974,34
181975,0
181976,0
181977,0
181978,0
181979,0
181980,30
181981,0
181982,0
181983,0
181984,0
181985,0
181986,0
181987,0
181988,0
181989,0
181990,39
181991,34
181992,0
181993,0
181994,0
181995,0
181996,0
181997,29
181998,0
181999,0
182000,0
182001,0
182002,0
182003,0
182004,0
182005,0
182006,23
182007,0
182008,0
182009,0
182010,0
182011,0
182012,0
182013,31
182014,0
182015,0
182016,24
182017,47
182018,0
182019,29
182020,30
182021,0
182022,0
182023,0
182024,0
182025,0
182026,0
182027,0
182028,50
182029,0
182030,0
182031,0
182032,0
182033,0
182034,0
182035,24
182036,0
182037,0
182038,0
182039,34
182040,46
182041,0
182042,33
182043,36
182044,0
182045,0
182046,34
182047,0
182048,0
182049,0
182050,40
182051,0
182052,34
182053,31
182054,0
182055,0
182056,0
182057,0
182058,0
182059,37
182060,30
182061,0
182062,0
182063,0
182064,0
182065,0
182066,0
182067,47
182068,0
182069,0
182070,0
182071,0
182072,33
182073,0
182074,0
182075,0
182076,0
182077,46
182078,0
182079,0
182080,33
182081,0
182082,0
182083,0
182084,32
182085,24
182086,0
182087,0
182088,0
182089,0
182090,20
182091,0
182092,0
182093,0
182094,0
182095,0
182096,23
182097,0
182098,0
182099,0
182100,0
182101,0
182102,0
182103,0
182104,33
182105,0
182106,0
182107,0
182108,0
182109,0
182110,0
182111,0
182112,33
182113,0
182114,44
182115,0
182116,0
182117,30
182118,0
182119,0
182120,41
182121,0
182122,0
182123,30
182124,0
182125,0
182126,0
182127,42
182128,0
182129,0
182130,0
182131,0
182132,0
182133,0
182134,0
182135,36
182136,23
182137,0
182138,0
182139,0
182140,41
182141,0
182142,32
182143,0
182144,0
182145,0
182146,0
182147,36
182148,0
182149,0
182150,36
182151,28
182152,0
182153,31
182154,0
182155,0
182156,0
182157,0
182158,0
182159,0
182160,39
182161,51
182162,0
182163,0
182164,0
182165,50
182166,0
182167,35
182168,0
182169,0
182170,0
182171,0
182172,49
182173,43
182174,0
182175,0
182176,0
182177,0
182178,0
182179,0
182180,33
182181,37
182182,24
182183,0
182184,0
182185,0
182186,38
182187,39
182188,37
182189,0
182190,0
182191,0
182192,0
182193,0
182194,0
182195,0
182196,44
182197,0
182198,0
182199,39
182200,0
182201,0
182202,0
182203,0
182204,0
182205,0
182206,0
182207,39
182208,0
182209,0
182210,0
182211,29
182212,0
182213,19
182214,0
182215,0
182216,0
182217,0
182218,0
182219,37
182220,0
182221,0
182222,0
182223,0
182224,44
182225,0
182226,0
182227,0
182228,0
182229,0
182230,0
182231,0
182232,0
182233,0
182234,35
182235,0
182236,34
182237,27
182238,0
182239,0
182240,0
182241,0
182242,0
182243,46
182244,0
182245,0
182246,0
182247,31
182248,40
182249,0
182250,0
182251,0
182252,0
182253,29
182254,0
182255,19
182256,0
182257,0
182258,0
182259,0
182260,33
182261,0
182262,0
182263,0
182264,31
182265,0
182266,32
182267,0
182268,0
182269,0
182270,0
182271,0
182272,0
182273,0
182274,0
182275,39
182276,0
182277,0
182278,0
182279,0
182280,0
182281,0
182282,0
182283,29
182284,0
182285,0
182286,0
182287,0
182288,0
182289,0
182290,0
182291,0
182292,0
182293,27
182294,42
182295,32
182296,33
182297,0
182298,30
182299,0
182300,0
182301,0
182302,0
182303,0
182304,36
182305,0
182306,0
182307,0
182308,0
182309,0
182310,0
182311,0
182312,0
182313,0
182314,0
182315,0
182316,0
182317,38
182318,0
182319,0
182320,36
182321,0
182322,41
182323,0
182324,0
182325,38
182326,0
182327,0
182328,0
182329,19
182330,0
182331,0
182332,36
182333,0
182334,0
182335,31
182336,0
182337,0
182338,0
182339,38
182340,0
182341,0
182342,0
182343,35
182344,0
182345,29
182346,37
182347,0
182348,0
182349,0
182350,0
182351,0
182352,0
182353,0
182354,0
182355,0
182356,0
182357,31
182358,0
182359,0
182360,34
182361,0
182362,0
182363,0
182364,0
182365,38
182366,0
182367,0
182368,0
182369,0
182370,0
182371,0
182372,38
182373,0
182374,39
182375,0
182376,0
182377,0
182378,0
182379,0
182380,0
182381,0
182382,0
182383,0
182384,0
182385,0
182386,0
182387,0
182388,0
182389,0
182390,0
182391,0
182392,0
182393,34
182394,0
182395,0
182396,0
182397,0
182398,48
182399,0
182400,40
182401,31
182402,25
182403,0
182404,0
182405,39
182406,29
182407,0
182408,0
182409,0
182410,42
182411,24
182412,0
182413,36
182414,35
182415,27
182416,0
182417,0
182418,0
182419,0
182420,0
182421,0
182422,0
182423,30
182424,0
182425,0
182426,0
182427,0
182428,0
182429,0
182430,0
182431,0
182432,0
182433,0
182434,0
182435,0
182436,37
182437,0
182438,0
182439,0
182440,0
182441,0
182442,0
182443,27
182444,0
182445,34
182446,0
182447,0
182448,0
182449,0
182450,45
182451,31
182452,0
182453,36
182454,0
182455,0
182456,0
182457,0
182458,0
182459,40
182460,0
182461,0
182462,0
182463,0
182464,0
182465,38
182466,0
182467,0
182468,32
182469,0
182470,0
182471,0
182472,37
182473,0
182474,0
182475,0
182476,0
182477,0
182478,0
182479,0
182480,41
182481,28
182482,0
182483,49
182484,28
182485,0
182486,0
182487,0
182488,0
182489,35
182490,0
182491,0
182492,23
182493,0
182494,0
182495,0
182496,0
182497,0
182498,0
182499,0
182500,0
182501,0
182502,0
182503,0
182504,0
182505,0
182506,0
182507,0
182508,0
182509,0
182510,0
182511,0
182512,0
182513,34
182514,29
182515,0
182516,0
182517,0
182518,0
182519,36
182520,0
182521,0
182522,0
182523,0
182524,0
182525,0
182526,0
182527,0
182528,0
182529,51
182530,0
182531,0
182532,0
182533,0
182534,0
182535,0
182536,27
182537,0
182538,0
182539,0
182540,0
182541,0
182542,0
182543,0
182544,0
182545,0
182546,0
182547,36
182548,0
182549,0
182550,0
182551,0
182552,27
182553,0
182554,0
182555,0
182556,0
182557,0
182558,0
182559,39
182560,0
182561,0
182562,0
182563,0
182564,0
182565,38
182566,0
182567,34
182568,0
182569,0
182570,0
182571,0
182572,0
182573,0
182574,34
182575,0
182576,0
182577,0
182578,0
182579,0
182580,0
182581,0
182582,0
182583,27
182584,0
182585,29
182586,0
182587,0
182588,0
182589,0
182590,0
182591,0
182592,0
182593,0
182594,0
182595,0
182596,33
182597,0
182598,0
182599,0
182600,28
182601,0
182602,0
182603,0
182604,0
182605,0
182606,0
182607,0
182608,0
182609,42
182610,0
182611,0
182612,0
182613,0
182614,0
182615,0
182616,30
182617,0
182618,0
182619,0
182620,0
182621,0
182622,0
182623,0
182624,0
182625,0
182626,37
182627,31
182628,0
182629,0
182630,0
182631,0
182632,0
182633,0
182634,0
182635,0
182636,0
182637,0
182638,0
182639,0
182640,0
182641,0
182642,0
182643,0
182644,0
182645,0
182646,0
182647,0
182648,0
182649,0
182650,0
182651,0
182652,27
182653,28
182654,0
182655,0
182656,0
182657,0
182658,0
182659,0
182660,0
182661,0
182662,0
182663,0
182664,0
182665,0
182666,0
182667,0
182668,0
182669,0
182670,0
182671,37
182672,0
182673,28
182674,34
182675,0
182676,0
182677,35
182678,0
182679,0
182680,0
182681,33
182682,0
182683,0
182684,0
182685,32
182686,0
182687,0
182688,35
182689,0
182690,0
182691,0
182692,31
182693,26
182694,0
182695,0
182696,0
182697,26
182698,0
182699,0
182700,27
182701,0
182702,37
182703,0
182704,0
182705,0
182706,36
182707,0
182708,0
182709,35
182710,0
182711,0
182712,37
182713,0
182714,0
182715,0
182716,36
182717,0
182718,33
182719,41
182720,36
182721,0
182722,0
182723,0
182724,0
182725,0
182726,0
182727,0
182728,0
182729,26
182730,0
182731,0
182732,0
182733,0
182734,0
182735,0
182736,0
182737,37
182738,0
182739,0
182740,0
182741,0
182742,50
182743,0
182744,0
182745,0
182746,0
182747,0
182748,0
182749,0
182750,0
182751,37
182752,0
182753,0
182754,0
182755,32
182756,31
182757,0
182758,0
182759,0
182760,0
182761,0
182762,0
182763,0
182764,0
182765,0
182766,0
182767,40
182768,0
182769,37
182770,29
182771,34
182772,0
182773,0
182774,0
182775,0
182776,0
182777,0
182778,0
182779,0
182780,0
182781,49
182782,0
182783,0
182784,0
182785,32
182786,41
182787,33
182788,0
182789,0
182790,0
182791,40
182792,0
182793,0
182794,0
182795,0
182796,0
182797,29
182798,0
182799,35
182800,33
182801,0
182802,0
182803,0
182804,0
182805,0
182806,0
182807,0
182808,0
182809,0
182810,0
182811,28
182812,0
182813,29
182814,0
182815,40
182816,0
182817,0
182818,24
182819,25
182820,0
182821,31
182822,0
182823,33
182824,0
182825,0
182826,0
182827,26
182828,0
182829,0
182830,0
182831,34
182832,0
182833,38
182834,0
182835,0
182836,0
182837,0
182838,0
182839,0
182840,0
182841,0
182842,0
182843,0
182844,35
182845,23
182846,0
182847,27
182848,0
182849,44
182850,0
182851,0
182852,0
182853,0
182854,1
182855,0
182856,0
182857,0
182858,0
182859,5
182860,0
182861,0
182862,0
182863,0
182864,0
182865,0
182866,0
182867,0
182868,0
182869,0
182870,4
182871,0
182872,1
182873,0
182874,0
182875,0
182876,0
182877,0
182878,0
182879,0
182880,0
182881,2
182882,0
182883,0
182884,0
182885,0
182886,5
182887,0
182888,0
182889,0
182890,0
182891,1
182892,0
182893,4
182894,0
182895,0
182896,0
182897,0
182898,0
182899,7
182900,0
182901,0
182902,2
182903,0
182904,0
182905,4
182906,0
182907,0
182908,0
182909,0
182910,0
182911,0
182912,0
182913,3
182914,0
182915,0
182916,5
182917,0
182918,0
182919,0
182920,0
182921,0
182922,0
182923,0
182924,0
182925,0
182926,0
182927,0
182928,0
182929,0
182930,0
182931,0
182932,0
182933,0
182934,1
182935,0
182936,0
182937,0
182938,5
182939,0
182940,0
182941,0
182942,0
182943,0
182944,8
182945,2
182946,0
182947,0
182948,0
182949,0
182950,0
182951,0
182952,0
182953,0
182954,0
182955,0
182956,0
182957,0
182958,0
182959,0
182960,0
182961,0
182962,0
182963,21
182964,0
182965,9
182966,7
182967,0
182968,0
182969,0
182970,0
182971,0
182972,0
182973,7
182974,4
182975,0
182976,15
182977,13
182978,0
182979,0
182980,6
182981,3
182982,0
182983,0
182984,8
182985,5
182986,0
182987,0
182988,9
182989,0
182990,0
182991,0
182992,0
182993,11
182994,13
182995,10
182996,10
182997,18
182998,0
182999,4
183000,9
183001,0
183002,0
183003,0
183004,0
183005,5
183006,0
183007,0
183008,15
183009,6
183010,11
183011,5
183012,0
183013,7
183014,0
183015,0
183016,0
183017,0
183018,13
183019,0
183020,0
183021,7
183022,0
183023,6
183024,0
183025,0
183026,0
183027,0
183028,0
183029,0
183030,6
183031,0
183032,0
183033,0
183034,11
183035,0
183036,0
183037,7
183038,8
183039,0
183040,0
183041,0
183042,0
183043,0
183044,10
183045,0
183046,0
183047,0
183048,13
183049,0
183050,0
183051,0
183052,5
183053,4
183054,0
183055,4
183056,8
183057,0
183058,0
183059,0
183060,0
183061,19
183062,0
183063,10
183064,0
183065,0
183066,12
183067,7
183068,9
183069,19
183070,10
183071,0
183072,10
183073,0
183074,5
183075,0
183076,0
183077,7
183078,11
183079,0
183080,0
183081,0
183082,0
183083,7
183084,0
183085,0
183086,0
183087,0
183088,0
183089,0
183090,0
183091,9
183092,0
183093,0
183094,0
183095,0
183096,0
183097,0
183098,11
183099,8
183100,7
183101,0
183102,7
183103,0
183104,10
183105,0
183106,0
183107,8
183108,10
183109,8
183110,8
183111,7
183112,14
183113,0
183114,12
183115,6
183116,0
183117,9
183118,0
183119,0
183120,0
183121,9
183122,0
183123,0
183124,0
183125,0
183126,0
183127,0
183128,0
183129,0
183130,8
183131,0
183132,0
183133,0
183134,0
183135,0
183136,0
183137,0
183138,14
183139,0
183140,0
183141,0
183142,0
183143,9
183144,0
183145,0
183146,0
183147,9
183148,0
183149,8
183150,0
183151,0
183152,0
183153,17
183154,0
183155,0
183156,0
183157,0
183158,0
183159,0
183160,9
183161,0
183162,5
183163,0
183164,0
183165,0
183166,12
183167,0
183168,5
183169,0
183170,12
183171,5
183172,9
183173,0
183174,0
183175,0
183176,0
183177,8
183178,0
183179,0
183180,0
183181,0
183182,0
183183,0
183184,0
183185,0
183186,0
183187,0
183188,0
183189,0
183190,0
183191,7
183192,0
183193,0
183194,0
183195,0
183196,0
183197,0
183198,0
183199,0
183200,0
183201,12
183202,0
183203,0
183204,8
183205,0
183206,0
183207,0
183208,0
183209,0
183210,0
183211,10
183212,0
183213,0
183214,5
183215,0
183216,6
183217,0
183218,6
183219,0
183220,9
183221,17
183222,0
183223,0
183224,11
183225,0
183226,0
183227,0
183228,0
183229,0
183230,5
183231,0
183232,0
183233,11
183234,0
183235,0
183236,0
183237,0
183238,0
183239,0
183240,5
183241,10
183242,11
183243,0
183244,8
183245,6
183246,10
183247,0
183248,0
183249,0
183250,0
183251,4
183252,0
183253,0
183254,0
183255,14
183256,0
183257,0
183258,5
183259,0
183260,0
183261,7
183262,0
183263,7
183264,0
183265,5
183266,11
183267,0
183268,0
183269,0
183270,9
183271,0
183272,0
183273,0
183274,0
183275,0
183276,9
183277,10
183278,0
183279,0
183280,0
183281,0
183282,6
183283,0
183284,9
183285,7
183286,0
183287,0
183288,0
183289,0
183290,0
183291,0
183292,0
183293,0
183294,0
183295,0
183296,15
183297,6
183298,0
183299,0
183300,0
183301,0
183302,8
183303,0
183304,14
183305,0
183306,0
183307,0
183308,0
183309,0
183310,0
183311,0
183312,0
183313,0
183314,0
183315,0
183316,0
183317,0
183318,0
183319,0
183320,0
183321,0
183322,5
183323,0
183324,0
183325,0
183326,0
183327,0
183328,0
183329,0
183330,0
183331,0
183332,6
183333,0
183334,0
183335,0
183336,0
183337,0
183338,14
183339,0
183340,0
183341,0
183342,0
183343,0
183344,7
183345,0
183346,0
183347,0
183348,0
183349,7
183350,0
183351,5
183352,0
183353,0
183354,0
183355,0
183356,0
183357,7
183358,5
183359,0
183360,0
183361,0
183362,0
183363,5
183364,0
183365,0
183366,0
183367,0
183368,7
183369,0
183370,11
183371,0
183372,5
183373,0
183374,0
183375,0
183376,0
183377,9
183378,7
183379,0
183380,0
183381,0
183382,6
183383,0
183384,0
183385,0
183386,9
183387,0
183388,8
183389,0
183390,0
183391,0
183392,9
183393,0
183394,3
183395,0
183396,9
183397,0
183398,0
183399,0
183400,0
183401,16
183402,0
183403,0
183404,13
183405,5
183406,0
183407,0
183408,0
183409,10
183410,0
183411,0
183412,11
183413,0
183414,0
183415,0
183416,0
183417,0
183418,0
183419,5
183420,0
183421,0
183422,0
183423,0
183424,0
183425,0
183426,0
183427,7
183428,0
183429,0
183430,0
183431,12
183432,0
183433,0
183434,0
183435,0
183436,0
183437,6
183438,0
183439,0
183440,0
183441,6
183442,8
183443,6
183444,13
183445,0
183446,0
183447,12
183448,0
183449,0
183450,13
183451,0
183452,0
183453,0
183454,0
183455,12
183456,0
183457,0
183458,13
183459,0
183460,5
183461,0
183462,0
183463,5
183464,0
183465,7
183466,0
183467,0
183468,0
183469,0
183470,0
183471,0
183472,0
183473,0
183474,0
183475,4
183476,0
183477,0
183478,0
183479,0
183480,0
183481,0
183482,0
183483,0
183484,3
183485,0
183486,16
183487,0
183488,0
183489,9
183490,0
183491,0
183492,7
183493,0
183494,0
183495,0
183496,6
183497,0
183498,14
183499,0
183500,0
183501,0
183502,8
183503,0
183504,10
183505,0
183506,0
183507,0
183508,0
183509,0
183510,0
183511,17
183512,0
183513,0
183514,0
183515,0
183516,9
183517,0
183518,0
183519,0
183520,6
183521,0
183522,0
183523,0
183524,11
183525,0
183526,0
183527,0
183528,0
183529,0
183530,0
183531,9
183532,0
183533,0
183534,5
183535,6
183536,0
183537,0
183538,0
183539,9
183540,0
183541,0
183542,8
183543,0
183544,0
183545,0
183546,0
183547,5
183548,0
183549,6
183550,0
183551,5
183552,13
183553,0
183554,0
183555,0
183556,0
183557,0
183558,0
183559,7
183560,0
183561,7
183562,0
183563,9
183564,6
183565,9
183566,0
183567,0
183568,9
183569,0
183570,9
183571,0
183572,0
183573,0
183574,0
183575,0
183576,0
183577,10
183578,8
183579,0
183580,0
183581,0
183582,0
183583,0
183584,0
183585,13
183586,0
183587,0
183588,0
183589,9
183590,0
183591,0
183592,0
183593,0
183594,8
183595,10
183596,0
183597,0
183598,0
183599,0
183600,6
183601,0
183602,5
183603,5
183604,0
183605,6
183606,0
183607,0
183608,0
183609,5
183610,0
183611,0
183612,0
183613,0
183614,2
183615,1
183616,0
183617,8
183618,0
183619,0
183620,0
183621,0
183622,12
183623,0
183624,0
183625,0
183626,5
183627,0
183628,0
183629,0
183630,4
183631,0
183632,11
183633,0
183634,0
183635,0
183636,0
183637,0
183638,0
183639,0
183640,7
183641,5
183642,0
183643,0
183644,0
183645,9
183646,0
183647,0
183648,6
183649,3
183650,0
183651,0
183652,0
183653,0
183654,0
183655,0
183656,0
183657,0
183658,0
183659,0
183660,0
183661,0
183662,0
183663,0
183664,0
183665,0
183666,0
183667,0
183668,11
183669,0
183670,8
183671,0
183672,0
183673,0
183674,0
183675,0
183676,0
183677,0
183678,0
183679,0
183680,2
183681,7
183682,0
183683,0
183684,0
183685,0
183686,0
183687,0
183688,8
183689,0
183690,0
183691,0
183692,0
183693,0
183694,0
183695,0
183696,0
183697,0
183698,8
183699,0
183700,5
183701,9
183702,0
183703,0
183704,0
183705,0
183706,0
183707,0
183708,9
183709,5
183710,0
183711,6
183712,0
183713,0
183714,0
183715,0
183716,3
183717,0
183718,5
183719,0
183720,0
183721,0
183722,0
183723,0
183724,0
183725,9
183726,0
183727,0
183728,0
183729,0
183730,0
183731,0
183732,0
183733,0
183734,0
183735,0
183736,0
183737,1
183738,6
183739,0
183740,0
183741,0
183742,6
183743,0
183744,0
183745,8
183746,0
183747,7
183748,8
183749,0
183750,0
183751,4
183752,0
183753,0
183754,0
183755,0
183756,3
183757,0
183758,0
183759,6
183760,0
183761,0
183762,0
183763,0
183764,0
183765,0
183766,0
183767,0
183768,0
183769,0
183770,0
183771,0
183772,1
183773,0
183774,0
183775,0
183776,0
183777,0
183778,0
183779,0
183780,5
183781,8
183782,10
183783,0
183784,0
183785,8
183786,0
183787,3
183788,0
183789,0
183790,0
183791,3
183792,0
183793,0
183794,0
183795,0
183796,0
183797,0
183798,0
183799,0
183800,10
183801,0
183802,4
183803,9
183804,0
183805,0
183806,9
183807,2
183808,6
183809,0
183810,0
183811,3
183812,0
183813,0
183814,0
183815,0
183816,0
183817,0
183818,0
183819,3
183820,0
183821,6
183822,0
183823,7
183824,5
183825,0
183826,0
183827,0
183828,7
183829,7
183830,5
183831,0
183832,0
183833,0
183834,0
183835,0
183836,0
183837,7
183838,5
183839,0
183840,5
183841,0
183842,8
183843,8
183844,0
183845,0
183846,5
183847,0
183848,5
183849,0
183850,0
183851,0
183852,0
183853,4
183854,0
183855,0
183856,0
183857,0
183858,0
183859,0
183860,0
183861,0
183862,0
183863,0
183864,4
183865,0
183866,0
183867,0
183868,6
183869,0
183870,0
183871,0
183872,0
183873,0
183874,0
183875,0
183876,4
183877,3
183878,0
183879,0
183880,0
183881,0
183882,5
183883,0
183884,0
183885,4
183886,0
183887,0
183888,0
183889,0
183890,0
183891,5
183892,0
183893,0
183894,3
183895,0
183896,0
183897,0
183898,0
183899,0
183900,0
183901,0
183902,0
183903,0
183904,2
183905,6
183906,0
183907,0
183908,0
183909,0
183910,0
183911,0
183912,0
183913,3
183914,8
183915,5
183916,0
183917,0
183918,0
183919,0
183920,0
183921,7
183922,0
183923,9
183924,0
183925,0
183926,0
183927,0
183928,0
183929,5
183930,8
183931,0
183932,0
183933,0
183934,0
183935,4
183936,6
183937,0
183938,0
183939,0
183940,0
183941,7
183942,0
183943,0
183944,0
183945,0
183946,0
183947,0
183948,0
183949,3
183950,6
183951,0
183952,0
183953,0
183954,0
183955,0
183956,0
183957,5
183958,0
183959,0
183960,0
183961,0
183962,0
183963,4
183964,0
183965,0
183966,0
183967,0
183968,7
183969,0
183970,0
183971,0
183972,8
183973,1
183974,5
183975,0
183976,0
183977,3
183978,9
183979,5
183980,0
183981,0
183982,5
183983,0
183984,4
183985,6
183986,0
183987,0
183988,0
183989,0
183990,0
183991,7
183992,0
183993,4
183994,0
183995,0
183996,0
183997,0
183998,0
183999,9
184000,7
184001,0
184002,0
184003,0
184004,0
184005,0
184006,3
184007,7
184008,0
184009,0
184010,3
184011,0
184012,0
184013,0
184014,3
184015,7
184016,0
184017,0
184018,0
184019,0
184020,0
184021,0
184022,5
184023,0
184024,0
184025,0
184026,0
184027,8
184028,7
184029,0
184030,0
184031,0
184032,4
184033,0
184034,0
184035,6
184036,0
184037,0
184038,5
184039,0
184040,0
184041,0
184042,0
184043,0
184044,0
184045,0
184046,5
184047,9
184048,3
184049,0
184050,0
184051,0
184052,5
184053,4
184054,0
184055,0
184056,0
184057,3
184058,0
184059,0
184060,0
184061,0
184062,0
184063,4
184064,0
184065,0
184066,0
184067,0
184068,0
184069,0
184070,0
184071,6
184072,0
184073,0
184074,0
184075,0
184076,0
184077,0
184078,0
184079,0
184080,6
184081,0
184082,0
184083,7
184084,0
184085,0
184086,5
184087,0
184088,0
184089,0
184090,5
184091,0
184092,3
184093,4
184094,0
184095,2
184096,0
184097,0
184098,0
184099,0
184100,0
184101,0
184102,0
184103,0
184104,4
184105,0
184106,1
184107,0
184108,0
184109,0
184110,8
184111,10
184112,0
184113,4
184114,0
184115,0
184116,5
184117,9
184118,3
184119,0
184120,0
184121,6
184122,0
184123,0
184124,0
184125,0
184126,0
184127,0
184128,0
184129,0
184130,0
184131,0
184132,8
184133,4
184134,0
184135,0
184136,8
184137,8
184138,0
184139,0
184140,0
184141,6
184142,5
184143,0
184144,0
184145,0
184146,3
184147,0
184148,0
184149,0
184150,12
184151,7
184152,0
184153,0
184154,1
184155,0
184156,0
184157,0
184158,0
184159,0
184160,4
184161,0
184162,7
184163,0
184164,0
184165,0
184166,0
184167,0
184168,0
184169,0
184170,0
184171,0
184172,0
184173,0
184174,0
184175,0
184176,0
184177,0
184178,17
184179,0
184180,0
184181,0
184182,0
184183,0
184184,0
184185,0
184186,37
184187,0
184188,0
184189,0
184190,0
184191,0
184192,0
184193,0
184194,0
184195,0
184196,0
184197,21
184198,0
184199,0
184200,0
184201,0
184202,9
184203,0
184204,0
184205,0
184206,0
184207,21
184208,0
184209,0
184210,0
184211,0
184212,0
184213,25
184214,0
184215,0
184216,20
184217,0
184218,0
184219,0
184220,0
184221,0
184222,0
184223,0
184224,0
184225,34
184226,0
184227,42
184228,0
184229,0
184230,0
184231,43
184232,0
184233,0
184234,0
184235,0
184236,0
184237,0
184238,0
184239,0
184240,0
184241,0
184242,0
184243,42
184244,0
184245,0
184246,32
184247,0
184248,0
184249,0
184250,0
184251,0
184252,19
184253,0
184254,23
184255,10
184256,0
184257,48
184258,0
184259,0
184260,0
184261,0
184262,23
184263,0
184264,0
184265,0
184266,0
184267,0
184268,21
184269,0
184270,0
184271,17
184272,0
184273,18
184274,34
184275,0
184276,0
184277,0
184278,0
184279,20
184280,0
184281,30
184282,28
184283,0
184284,0
184285,0
184286,0
184287,20
184288,0
184289,0
184290,0
184291,0
184292,34
184293,0
184294,0
184295,0
184296,0
184297,18
184298,32
184299,24
184300,0
184301,0
184302,27
184303,10
184304,27
184305,0
184306,0
184307,10
184308,0
184309,0
184310,0
184311,39
184312,0
184313,0
184314,0
184315,0
184316,0
184317,0
184318,0
184319,0
184320,13
184321,0
184322,0
184323,22
184324,0
184325,0
184326,0
184327,0
184328,31
184329,0
184330,0
184331,0
184332,0
184333,0
184334,0
184335,0
184336,0
184337,0
184338,0
184339,25
184340,0
184341,0
184342,0
184343,0
184344,0
184345,20
184346,23
184347,16
184348,0
184349,26
184350,16
184351,0
184352,22
184353,38
184354,17
184355,29
184356,0
184357,0
184358,0
184359,0
184360,37
184361,42
184362,0
184363,0
184364,23
184365,0
184366,28
184367,0
184368,0
184369,0
184370,38
184371,0
184372,0
184373,0
184374,0
184375,0
184376,0
184377,0
184378,0
184379,29
184380,0
184381,30
184382,0
184383,0
184384,0
184385,0
184386,0
184387,0
184388,0
184389,54
184390,26
184391,0
184392,0
184393,0
184394,0
184395,0
184396,0
184397,0
184398,0
184399,0
184400,0
184401,0
184402,34
184403,0
184404,0
184405,0
184406,0
184407,0
184408,28
184409,0
184410,0
184411,16
184412,0
184413,0
184414,0
184415,23
184416,25
184417,0
184418,0
184419,0
184420,19
184421,0
184422,0
184423,0
184424,0
184425,0
184426,26
184427,0
184428,0
184429,0
184430,0
184431,0
184432,0
184433,0
184434,0
184435,0
184436,0
184437,0
184438,25
184439,22
184440,0
184441,0
184442,0
184443,23
184444,0
184445,0
184446,0
184447,0
184448,19
184449,0
184450,0
184451,0
184452,34
184453,0
184454,24
184455,0
184456,28
184457,0
184458,29
184459,0
184460,20
184461,0
184462,22
184463,25
184464,0
184465,25
184466,0
184467,0
184468,0
184469,0
184470,0
184471,0
184472,0
184473,57
184474,0
184475,23
184476,29
184477,0
184478,0
184479,37
184480,0
184481,0
184482,0
184483,0
184484,0
184485,0
184486,16
184487,0
184488,0
184489,0
184490,16
184491,27
184492,0
184493,0
184494,0
184495,0
184496,0
184497,0
184498,0
184499,0
184500,17
184501,0
184502,0
184503,29
184504,0
184505,0
184506,0
184507,0
184508,0
184509,26
184510,0
184511,31
184512,0
184513,33
184514,0
184515,0
184516,0
184517,31
184518,0
184519,0
184520,26
184521,22
184522,0
184523,27
184524,0
184525,0
184526,0
184527,0
184528,0
184529,0
184530,0
184531,29
184532,0
184533,0
184534,0
184535,0
184536,0
184537,0
184538,0
184539,30
184540,0
184541,0
184542,0
184543,37
184544,0
184545,0
184546,0
184547,0
184548,0
184549,0
184550,0
184551,0
184552,15
184553,0
184554,0
184555,25
184556,0
184557,0
184558,29
184559,50
184560,0
184561,0
184562,0
184563,0
184564,0
184565,0
184566,0
184567,27
184568,15
184569,45
184570,0
184571,0
184572,24
184573,43
184574,26
184575,23
184576,0
184577,0
184578,0
184579,30
184580,0
184581,0
184582,0
184583,16
184584,0
184585,0
184586,0
184587,28
184588,20
184589,0
184590,0
184591,0
184592,0
184593,0
184594,0
184595,18
184596,0
184597,0
184598,26
184599,0
184600,0
184601,0
184602,19
184603,17
184604,14
184605,0
184606,0
184607,0
184608,0
184609,0
184610,0
184611,0
184612,36
184613,0
184614,33
184615,37
184616,0
184617,0
184618,32
184619,0
184620,0
184621,22
184622,0
184623,0
184624,0
184625,0
184626,0
184627,0
184628,27
184629,0
184630,24
184631,0
184632,23
184633,0
184634,0
184635,0
184636,17
184637,0
184638,0
184639,0
184640,0
184641,16
184642,0
184643,0
184644,0
184645,0
184646,0
184647,0
184648,0
184649,0
184650,0
184651,0
184652,0
184653,29
184654,0
184655,29
184656,0
184657,0
184658,0
184659,0
184660,11
184661,0
184662,0
184663,27
184664,0
184665,0
184666,0
184667,38
184668,0
184669,37
184670,14
184671,0
184672,0
184673,0
184674,24
184675,11
184676,22
184677,22
184678,13
184679,0
184680,35
184681,0
184682,0
184683,0
184684,23
184685,58
184686,0
184687,0
184688,25
184689,24
184690,0
184691,0
184692,0
184693,0
184694,0
184695,0
184696,0
184697,0
184698,0
184699,10
184700,0
184701,0
184702,21
184703,0
184704,42
184705,0
184706,0
184707,14
184708,24
184709,0
184710,0
184711,0
184712,0
184713,0
184714,0
184715,38
184716,22
184717,31
184718,0
184719,0
184720,0
184721,44
184722,0
184723,0
184724,0
184725,0
184726,0
184727,12
184728,0
184729,0
184730,0
184731,0
184732,0
184733,0
184734,0
184735,0
184736,25
184737,0
184738,0
184739,0
184740,33
184741,0
184742,0
184743,0
184744,0
184745,0
184746,0
184747,0
184748,0
184749,0
184750,0
184751,0
184752,36
184753,0
184754,0
184755,0
184756,0
184757,0
184758,34
184759,0
184760,0
184761,0
184762,27
184763,26
184764,0
184765,0
184766,0
184767,22
184768,0
184769,33
184770,30
184771,15
184772,0
184773,15
184774,0
184775,0
184776,0
184777,0
184778,0
184779,0
184780,42
184781,8
184782,0
184783,0
184784,0
184785,0
184786,0
184787,0
184788,0
184789,0
184790,0
184791,0
184792,0
184793,0
184794,0
184795,4
184796,0
184797,0
184798,13
184799,0
184800,0
184801,0
184802,11
184803,0
184804,0
184805,0
184806,0
184807,0
184808,0
184809,0
184810,0
184811,0
184812,0
184813,0
184814,4
184815,0
184816,0
184817,0
184818,0
184819,0
184820,0
184821,0
184822,0
184823,0
184824,0
184825,10
184826,0
184827,0
184828,0
184829,0
184830,0
184831,0
184832,1
184833,0
184834,0
184835,0
184836,0
184837,0
184838,0
184839,0
184840,0
184841,0
184842,0
184843,0
184844,0
184845,7
184846,3
184847,0
184848,0
184849,0
184850,0
184851,0
184852,3
184853,0
184854,0
184855,2
184856,0
184857,8
184858,0
184859,0
184860,0
184861,9
184862,0
184863,0
184864,0
184865,0
184866,0
184867,0
184868,9
184869,0
184870,0
184871,13
184872,0
184873,0
184874,0
184875,0
184876,0
184877,0
184878,0
184879,0
184880,4
184881,0
184882,0
184883,0
184884,0
184885,0
184886,8
184887,0
184888,0
184889,0
184890,0
184891,0
184892,0
184893,0
184894,0
184895,0
184896,0
184897,0
184898,0
184899,0
184900,11
184901,0
184902,0
184903,0
184904,0
184905,5
184906,0
184907,0
184908,0
184909,0
184910,0
184911,0
184912,0
184913,0
184914,0
184915,11
184916,8
184917,0
184918,4
184919,0
184920,0
184921,0
184922,0
184923,0
184924,0
184925,0
184926,0
184927,0
184928,0
184929,3
184930,0
184931,4
184932,0
184933,0
184934,0
184935,0
184936,0
184937,0
184938,0
184939,0
184940,0
184941,0
184942,0
184943,0
184944,0
184945,0
184946,0
184947,0
184948,0
184949,0
184950,0
184951,0
184952,0
184953,0
184954,6
184955,0
184956,0
184957,0
184958,0
184959,0
184960,0
184961,0
184962,0
184963,0
184964,6
184965,9
184966,0
184967,7
184968,0
184969,0
184970,0
184971,0
184972,0
184973,0
184974,0
184975,0
184976,5
184977,0
184978,0
184979,7
184980,0
184981,0
184982,0
184983,4
184984,0
184985,0
184986,0
184987,0
184988,0
184989,0
184990,0
184991,0
184992,0
184993,0
184994,0
184995,5
184996,0
184997,0
184998,0
184999,0
185000,0
185001,0
185002,0
185003,0
185004,0
185005,0
185006,0
185007,0
185008,7
185009,0
185010,0
185011,0
185012,0
185013,0
185014,0
185015,0
185016,0
185017,0
185018,0
185019,0
185020,3
185021,0
185022,0
185023,0
185024,5
185025,0
185026,0
185027,0
185028,5
185029,0
185030,0
185031,0
185032,0
185033,0
185034,0
185035,0
185036,0
185037,0
185038,6
185039,0
185040,0
185041,0
185042,10
185043,0
185044,0
185045,0
185046,0
185047,0
185048,0
185049,0
185050,0
185051,0
185052,0
185053,0
185054,13
185055,0
185056,0
185057,0
185058,0
185059,0
185060,0
185061,0
185062,0
185063,0
185064,0
185065,0
185066,0
185067,0
185068,0
185069,0
185070,0
185071,0
185072,0
185073,0
185074,0
185075,0
185076,0
185077,0
185078,0
185079,0
185080,0
185081,0
185082,0
185083,0
185084,0
185085,0
185086,0
185087,0
185088,37
185089,0
185090,0
185091,0
185092,0
185093,0
185094,0
185095,0
185096,0
185097,31
185098,0
185099,0
185100,0
185101,0
185102,0
185103,0
185104,0
185105,0
185106,0
185107,0
185108,0
185109,0
185110,0
185111,44
185112,0
185113,0
185114,0
185115,29
185116,0
185117,0
185118,0
185119,0
185120,0
185121,0
185122,0
185123,0
185124,0
185125,0
185126,0
185127,0
185128,0
185129,0
185130,0
185131,0
185132,0
185133,0
185134,0
185135,0
185136,0
185137,35
185138,0
185139,0
185140,0
185141,0
185142,42
185143,0
185144,22
185145,0
185146,0
185147,23
185148,0
185149,0
185150,0
185151,0
185152,0
185153,0
185154,46
185155,0
185156,0
185157,22
185158,0
185159,0
185160,0
185161,0
185162,0
185163,40
185164,0
185165,0
185166,0
185167,0
185168,0
185169,29
185170,0
185171,0
185172,0
185173,0
185174,0
185175,0
185176,0
185177,0
185178,0
185179,0
185180,0
185181,0
185182,0
185183,0
185184,0
185185,35
185186,0
185187,22
185188,0
185189,0
185190,0
185191,0
185192,0
185193,0
185194,0
185195,0
185196,0
185197,26
185198,0
185199,0
185200,0
185201,26
185202,0
185203,0
185204,0
185205,19
185206,0
185207,0
185208,0
185209,0
185210,0
185211,35
185212,29
185213,37
185214,0
185215,0
185216,0
185217,0
185218,0
185219,0
185220,0
185221,0
185222,0
185223,0
185224,0
185225,0
185226,39
185227,0
185228,0
185229,0
185230,0
185231,0
185232,0
185233,0
185234,0
185235,0
185236,0
185237,0
185238,0
185239,0
185240,0
185241,0
185242,14
185243,0
185244,0
185245,36
185246,0
185247,0
185248,0
185249,0
185250,26
185251,0
185252,0
185253,15
185254,0
185255,0
185256,0
185257,0
185258,30
185259,0
185260,0
185261,40
185262,0
185263,0
185264,0
185265,34
185266,25
185267,0
185268,0
185269,0
185270,0
185271,0
185272,0
185273,0
185274,25
185275,0
185276,0
185277,24
185278,0
185279,0
185280,0
185281,0
185282,0
185283,0
185284,18
185285,0
185286,0
185287,0
185288,0
185289,0
185290,0
185291,27
185292,0
185293,0
185294,0
185295,0
185296,0
185297,0
185298,0
185299,0
185300,0
185301,0
185302,0
185303,0
185304,0
185305,0
185306,0
185307,1
185308,0
185309,0
185310,0
185311,0
185312,6
185313,0
185314,0
185315,0
185316,0
185317,0
185318,0
185319,0
185320,0
185321,0
185322,0
185323,0
185324,0
185325,0
185326,0
185327,5
185328,0
185329,0
185330,0
185331,0
185332,0
185333,0
185334,0
185335,0
185336,0
185337,0
185338,0
185339,0
185340,0
185341,0
185342,0
185343,0
185344,2
185345,2
185346,0
185347,0
185348,0
185349,0
185350,0
185351,0
185352,0
185353,0
185354,0
185355,0
185356,0
185357,0
185358,0
185359,0
185360,1
185361,0
185362,5
185363,0
185364,0
185365,0
185366,0
185367,2
185368,0
185369,0
185370,0
185371,0
185372,0
185373,0
185374,0
185375,0
185376,0
185377,0
185378,3
185379,2
185380,0
185381,0
185382,0
185383,4
185384,0
185385,0
185386,0
185387,1
185388,0
185389,2
185390,2
185391,0
185392,0
185393,0
185394,1
185395,2
185396,0
185397,0
185398,0
185399,0
185400,4
185401,0
185402,0
185403,0
185404,0
185405,0
185406,0
185407,0
185408,0
185409,0
185410,0
185411,0
185412,0
185413,0
185414,0
185415,0
185416,0
185417,0
185418,0
185419,0
185420,1
185421,0
185422,0
185423,0
185424,1
185425,0
185426,2
185427,0
185428,0
185429,0
185430,0
185431,0
185432,0
185433,0
185434,1
185435,0
185436,0
185437,0
185438,0
185439,0
185440,1
185441,0
185442,0
185443,0
185444,0
185445,1
185446,0
185447,2
185448,0
185449,0
185450,0
185451,0
185452,0
185453,0
185454,0
185455,0
185456,0
185457,0
185458,0
185459,0
185460,3
185461,0
185462,0
185463,0
185464,0
185465,3
185466,1
185467,0
185468,0
185469,3
185470,0
185471,5
185472,0
185473,0
185474,0
185475,0
185476,0
185477,0
185478,0
185479,0
185480,0
185481,0
185482,0
185483,0
185484,0
185485,0
185486,0
185487,0
185488,0
185489,0
185490,5
185491,0
185492,0
185493,1
185494,0
185495,0
185496,0
185497,0
185498,0
185499,0
185500,0
185501,0
185502,0
185503,0
185504,0
185505,0
185506,0
185507,2
185508,2
185509,0
185510,0
185511,0
185512,0
185513,0
185514,0
185515,0
185516,2
185517,0
185518,0
185519,0
185520,0
185521,0
185522,1
185523,0
185524,0
185525,0
185526,0
185527,0
185528,0
185529,0
185530,0
185531,0
185532,0
185533,0
185534,0
185535,0
185536,0
185537,0
185538,4
185539,0
185540,0
185541,0
185542,0
185543,0
185544,0
185545,0
185546,0
185547,0
185548,3
185549,0
185550,2
185551,0
185552,1
185553,0
185554,1
185555,0
185556,0
185557,0
185558,0
185559,0
185560,0
185561,1
185562,0
185563,0
185564,0
185565,0
185566,0
185567,0
185568,0
185569,0
185570,0
185571,0
185572,0
185573,0
185574,0
185575,0
185576,0
185577,6
185578,0
185579,3
185580,0
185581,0
185582,0
185583,0
185584,0
185585,0
185586,0
185587,0
185588,1
185589,0
185590,0
185591,0
185592,0
185593,3
185594,1
185595,0
185596,0
185597,4
185598,0
185599,0
185600,0
185601,0
185602,0
185603,0
185604,0
185605,0
185606,0
185607,0
185608,0
185609,0
185610,0
185611,0
185612,0
185613,0
185614,0
185615,0
185616,0
185617,1
185618,0
185619,0
185620,0
185621,0
185622,0
185623,0
185624,0
185625,0
185626,0
185627,0
185628,2
185629,0
185630,0
185631,0
185632,0
185633,0
185634,0
185635,0
185636,0
185637,1
185638,0
185639,0
185640,0
185641,0
185642,3
185643,2
185644,0
185645,0
185646,0
185647,0
185648,0
185649,0
185650,0
185651,0
185652,3
185653,0
185654,0
185655,0
185656,0
185657,0
185658,0
185659,0
185660,0
185661,0
185662,0
185663,0
185664,0
185665,0
185666,1
185667,0
185668,3
185669,0
185670,2
185671,0
185672,0
185673,0
185674,0
185675,0
185676,0
185677,0
185678,0
185679,0
185680,0
185681,0
185682,0
185683,0
185684,4
185685,0
185686,0
185687,0
185688,0
185689,0
185690,0
185691,0
185692,0
185693,0
185694,0
185695,0
185696,0
185697,0
185698,0
185699,0
185700,0
185701,3
185702,0
185703,0
185704,0
185705,1
185706,0
185707,0
185708,0
185709,1
185710,0
185711,0
185712,0
185713,0
185714,0
185715,0
185716,0
185717,0
185718,0
185719,7
185720,0
185721,0
185722,0
185723,0
185724,0
185725,0
185726,0
185727,0
185728,0
185729,0
185730,0
185731,0
185732,0
185733,0
185734,0
185735,0
185736,2
185737,0
185738,0
185739,0
185740,0
185741,0
185742,0
185743,0
185744,0
185745,0
185746,0
185747,2
185748,0
185749,0
185750,0
185751,4
185752,1
185753,0
185754,0
185755,0
185756,1
185757,0
185758,0
185759,0
185760,1
185761,0
185762,0
185763,0
185764,0
185765,0
185766,0
185767,0
185768,0
185769,0
185770,0
185771,0
185772,0
185773,0
185774,0
185775,0
185776,0
185777,0
185778,0
185779,0
185780,0
185781,0
185782,0
185783,0
185784,0
185785,0
185786,2
185787,0
185788,0
185789,0
185790,0
185791,0
185792,0
185793,0
185794,0
185795,0
185796,0
185797,0
185798,0
185799,0
185800,1
185801,0
185802,0
185803,0
185804,0
185805,0
185806,0
185807,0
185808,0
185809,0
185810,0
185811,0
185812,0
185813,2
185814,0
185815,0
185816,1
185817,0
185818,0
185819,0
185820,0
185821,0
185822,0
185823,0
185824,0
185825,0
185826,0
185827,0
185828,0
185829,0
185830,0
185831,4
185832,0
185833,0
185834,0
185835,0
185836,0
185837,3
185838,0
185839,0
185840,0
185841,3
185842,0
185843,0
185844,0
185845,0
185846,0
185847,0
185848,0
185849,0
185850,0
185851,0
185852,0
185853,0
185854,0
185855,0
185856,1
185857,0
185858,0
185859,0
185860,0
185861,0
185862,0
185863,0
185864,0
185865,0
185866,0
185867,0
185868,0
185869,0
185870,0
185871,0
185872,0
185873,0
185874,0
185875,0
185876,0
185877,1
185878,0
185879,0
185880,0
185881,0
185882,0
185883,0
185884,0
185885,0
185886,0
185887,0
185888,3
185889,0
185890,0
185891,0
185892,1
185893,0
185894,0
185895,1
185896,0
185897,0
185898,0
185899,1
185900,0
185901,0
185902,0
185903,0
185904,0
185905,1
185906,1
185907,0
185908,0
185909,0
185910,0
185911,0
185912,0
185913,0
185914,0
185915,0
185916,0
185917,0
185918,0
185919,0
185920,0
185921,1
185922,0
185923,0
185924,0
185925,0
185926,5
185927,0
185928,0
185929,0
185930,0
185931,0
185932,0
185933,0
185934,2
185935,0
185936,0
185937,0
185938,0
185939,0
185940,0
185941,0
185942,0
185943,0
185944,0
185945,0
185946,0
185947,0
185948,0
185949,2
185950,0
185951,0
185952,0
185953,0
185954,0
185955,0
185956,0
185957,0
185958,0
185959,0
185960,0
185961,0
185962,0
185963,0
185964,0
185965,0
185966,0
185967,0
185968,3
185969,0
185970,0
185971,0
185972,0
185973,0
185974,0
185975,1
185976,0
185977,0
185978,0
185979,0
185980,0
185981,0
185982,0
185983,0
185984,0
185985,0
185986,0
185987,0
185988,2
185989,0
185990,0
185991,0
185992,0
185993,0
185994,0
185995,0
185996,0
185997,0
185998,0
185999,4
186000,0
186001,0
186002,0
186003,0
186004,0
186005,0
186006,0
186007,0
186008,0
186009,0
186010,2
186011,0
186012,0
186013,0
186014,0
186015,0
186016,0
186017,0
186018,0
186019,0
186020,0
186021,0
186022,0
186023,0
186024,0
186025,0
186026,0
186027,0
186028,0
186029,0
186030,2
186031,0
186032,0
186033,0
186034,0
186035,0
186036,0
186037,0
186038,0
186039,0
186040,0
186041,3
186042,0
186043,0
186044,3
186045,0
186046,0
186047,2
186048,0
186049,0
186050,0
186051,0
186052,1
186053,0
186054,0
186055,3
186056,0
186057,0
186058,0
186059,0
186060,0
186061,0
186062,0
186063,0
186064,0
186065,0
186066,0
186067,0
186068,0
186069,0
186070,0
186071,0
186072,0
186073,0
186074,0
186075,0
186076,0
186077,0
186078,0
186079,0
186080,0
186081,0
186082,0
186083,0
186084,0
186085,0
186086,0
186087,0
186088,0
186089,0
186090,1
186091,0
186092,0
186093,0
186094,0
186095,0
186096,0
186097,0
186098,0
186099,0
186100,0
186101,0
186102,0
186103,0
186104,0
186105,0
186106,0
186107,0
186108,0
186109,0
186110,0
186111,0
186112,0
186113,0
186114,0
186115,0
186116,0
186117,0
186118,0
186119,0
186120,0
186121,0
186122,0
186123,0
186124,0
186125,0
186126,0
186127,0
186128,0
186129,0
186130,0
186131,0
186132,0
186133,0
186134,0
186135,0
186136,0
186137,0
186138,0
186139,0
186140,0
186141,0
186142,0
186143,0
186144,0
186145,0
186146,0
186147,0
186148,0
186149,0
186150,0
186151,0
186152,0
186153,0
186154,0
186155,0
186156,0
186157,0
186158,0
186159,0
186160,0
186161,0
186162,0
186163,0
186164,0
186165,0
186166,0
186167,0
186168,0
186169,0
186170,0
186171,0
186172,0
186173,0
186174,0
186175,0
186176,0
186177,0
186178,0
186179,0
186180,0
186181,0
186182,0
186183,0
186184,0
186185,0
186186,0
186187,0
186188,0
186189,0
186190,0
186191,0
186192,0
186193,0
186194,0
186195,0
186196,0
186197,0
186198,0
186199,0
186200,0
186201,0
186202,0
186203,0
186204,0
186205,0
186206,0
186207,0
186208,0
186209,0
186210,0
186211,0
186212,0
186213,0
186214,0
186215,0
186216,0
186217,0
186218,0
186219,0
186220,0
186221,0
186222,0
186223,0
186224,0
186225,0
186226,0
186227,0
186228,0
186229,0
186230,0
186231,0
186232,0
186233,0
186234,0
186235,0
186236,0
186237,0
186238,0
186239,0
186240,0
186241,0
186242,0
186243,0
186244,0
186245,0
186246,0
186247,0
186248,0
186249,0
186250,0
186251,0
186252,0
186253,0
186254,0
186255,0
186256,0
186257,0
186258,0
186259,0
186260,0
186261,0
186262,0
186263,0
186264,0
186265,0
186266,0
186267,0
186268,0
186269,0
186270,0
186271,0
186272,0
186273,0
186274,0
186275,0
186276,0
186277,0
186278,0
186279,0
186280,0
186281,0
186282,0
186283,0
186284,0
186285,0
186286,0
186287,0
186288,0
186289,0
186290,0
186291,0
186292,0
186293,0
186294,0
186295,0
186296,0
186297,0
186298,0
186299,0
186300,0
186301,0
186302,0
186303,0
186304,0
186305,0
186306,0
186307,0
186308,0
186309,0
186310,0
186311,0
186312,0
186313,0
186314,0
186315,0
186316,0
186317,0
186318,0
186319,0
186320,0
186321,0
186322,0
186323,0
186324,0
186325,0
186326,0
186327,0
186328,0
186329,0
186330,0
186331,0
186332,0
186333,0
186334,0
186335,0
186336,0
186337,0
186338,0
186339,0
186340,0
186341,0
186342,0
186343,0
186344,0
186345,0
186346,0
186347,0
186348,0
186349,0
186350,0
186351,0
186352,0
186353,0
186354,0
186355,0
186356,0
186357,0
186358,0
186359,0
186360,0
186361,0
186362,0
186363,0
186364,0
186365,0
186366,0
186367,0
186368,0
186369,0
186370,0
186371,0
186372,0
186373,0
186374,0
186375,0
186376,0
186377,0
186378,0
186379,0
186380,0
186381,0
186382,0
186383,0
186384,0
186385,0
186386,0
186387,0
186388,0
186389,0
186390,0
186391,0
186392,0
186393,0
186394,0
186395,0
186396,0
186397,0
186398,0
186399,0
186400,0
186401,0
186402,0
186403,0
186404,0
186405,0
186406,0
186407,0
186408,0
186409,0
186410,0
186411,0
186412,0
186413,0
186414,0
186415,0
186416,0
186417,0
186418,0
186419,0
186420,0
186421,0
186422,0
186423,0
186424,0
186425,0
186426,0
186427,0
186428,0
186429,0
186430,0
186431,0
186432,0
186433,0
186434,0
186435,0
186436,0
186437,0
186438,0
186439,0
186440,0
186441,0
186442,0
186443,0
186444,0
186445,0
186446,0
186447,0
186448,0
186449,0
186450,0
186451,0
186452,0
186453,0
186454,19
186455,0
186456,0
186457,23
186458,0
186459,27
186460,0
186461,0
186462,0
186463,23
186464,0
186465,0
186466,0
186467,0
186468,0
186469,0
186470,0
186471,0
186472,0
186473,0
186474,0
186475,27
186476,0
186477,0
186478,0
186479,0
186480,0
186481,0
186482,0
186483,0
186484,0
186485,0
186486,0
186487,0
186488,34
186489,0
186490,0
186491,0
186492,0
186493,0
186494,0
186495,0
186496,0
186497,0
186498,44
186499,0
186500,0
186501,0
186502,0
186503,0
186504,0
186505,0
186506,24
186507,0
186508,0
186509,18
186510,0
186511,0
186512,0
186513,0
186514,0
186515,0
186516,0
186517,37
186518,0
186519,24
186520,0
186521,0
186522,32
186523,0
186524,0
186525,0
186526,0
186527,0
186528,0
186529,0
186530,0
186531,0
186532,0
186533,26
186534,0
186535,0
186536,24
186537,0
186538,0
186539,0
186540,0
186541,0
186542,0
186543,0
186544,0
186545,0
186546,0
186547,0
186548,0
186549,0
186550,0
186551,0
186552,0
186553,25
186554,0
186555,27
186556,23
186557,0
186558,0
186559,0
186560,0
186561,0
186562,0
186563,22
186564,24
186565,0
186566,0
186567,31
186568,0
186569,0
186570,0
186571,0
186572,0
186573,0
186574,0
186575,0
186576,0
186577,0
186578,0
186579,26
186580,0
186581,26
186582,0
186583,0
186584,0
186585,0
186586,0
186587,36
186588,0
186589,0
186590,0
186591,0
186592,0
186593,36
186594,0
186595,0
186596,24
186597,0
186598,0
186599,29
186600,0
186601,0
186602,28
186603,0
186604,0
186605,0
186606,0
186607,0
186608,0
186609,0
186610,0
186611,0
186612,25
186613,0
186614,26
186615,0
186616,0
186617,0
186618,0
186619,0
186620,0
186621,0
186622,0
186623,15
186624,0
186625,0
186626,0
186627,0
186628,0
186629,0
186630,0
186631,0
186632,0
186633,0
186634,0
186635,0
186636,0
186637,0
186638,0
186639,0
186640,0
186641,0
186642,0
186643,0
186644,40
186645,0
186646,0
186647,37
186648,0
186649,0
186650,0
186651,32
186652,0
186653,0
186654,0
186655,21
186656,0
186657,0
186658,0
186659,0
186660,28
186661,0
186662,0
186663,0
186664,0
186665,0
186666,0
186667,0
186668,31
186669,0
186670,0
186671,0
186672,0
186673,0
186674,24
186675,0
186676,31
186677,0
186678,0
186679,0
186680,0
186681,0
186682,0
186683,0
186684,0
186685,0
186686,0
186687,0
186688,0
186689,0
186690,0
186691,0
186692,29
186693,0
186694,0
186695,0
186696,0
186697,0
186698,0
186699,0
186700,0
186701,0
186702,0
186703,0
186704,31
186705,0
186706,0
186707,0
186708,0
186709,0
186710,0
186711,31
186712,23
186713,20
186714,0
186715,0
186716,0
186717,0
186718,0
186719,0
186720,0
186721,0
186722,0
186723,0
186724,0
186725,0
186726,0
186727,0
186728,0
186729,0
186730,0
186731,0
186732,0
186733,0
186734,0
186735,0
186736,0
186737,0
186738,0
186739,0
186740,0
186741,0
186742,0
186743,0
186744,0
186745,0
186746,0
186747,0
186748,0
186749,0
186750,0
186751,0
186752,0
186753,0
186754,0
186755,0
186756,0
186757,0
186758,0
186759,0
186760,24
186761,0
186762,0
186763,0
186764,0
186765,0
186766,25
186767,0
186768,0
186769,0
186770,0
186771,0
186772,31
186773,0
186774,0
186775,0
186776,0
186777,0
186778,0
186779,0
186780,39
186781,0
186782,0
186783,0
186784,0
186785,0
186786,0
186787,0
186788,0
186789,0
186790,0
186791,0
186792,32
186793,0
186794,40
186795,0
186796,0
186797,0
186798,0
186799,0
186800,0
186801,0
186802,25
186803,0
186804,0
186805,0
186806,0
186807,0
186808,0
186809,0
186810,0
186811,0
186812,0
186813,0
186814,0
186815,0
186816,0
186817,31
186818,0
186819,0
186820,0
186821,0
186822,0
186823,0
186824,0
186825,0
186826,0
186827,0
186828,0
186829,0
186830,0
186831,0
186832,0
186833,0
186834,0
186835,0
186836,0
186837,0
186838,0
186839,0
186840,0
186841,0
186842,0
186843,0
186844,0
186845,0
186846,0
186847,0
186848,0
186849,0
186850,37
186851,0
186852,0
186853,28
186854,0
186855,0
186856,17
186857,0
186858,0
186859,0
186860,0
186861,0
186862,29
186863,0
186864,0
186865,0
186866,0
186867,0
186868,0
186869,0
186870,0
186871,0
186872,0
186873,0
186874,0
186875,0
186876,0
186877,0
186878,0
186879,0
186880,0
186881,0
186882,0
186883,39
186884,0
186885,0
186886,0
186887,0
186888,0
186889,0
186890,0
186891,0
186892,0
186893,0
186894,0
186895,0
186896,0
186897,0
186898,0
186899,0
186900,0
186901,0
186902,32
186903,0
186904,0
186905,0
186906,0
186907,0
186908,0
186909,0
186910,25
186911,0
186912,0
186913,0
186914,0
186915,0
186916,0
186917,0
186918,0
186919,0
186920,0
186921,0
186922,27
186923,0
186924,0
186925,0
186926,18
186927,0
186928,0
186929,0
186930,0
186931,25
186932,0
186933,0
186934,0
186935,0
186936,0
186937,0
186938,0
186939,0
186940,0
186941,31
186942,0
186943,0
186944,0
186945,28
186946,0
186947,0
186948,0
186949,39
186950,0
186951,0
186952,0
186953,0
186954,0
186955,0
186956,0
186957,0
186958,0
186959,25
186960,22
186961,0
186962,0
186963,0
186964,40
186965,0
186966,0
186967,0
186968,0
186969,0
186970,50
186971,0
186972,0
186973,0
186974,0
186975,0
186976,0
186977,0
186978,36
186979,33
186980,0
186981,0
186982,0
186983,0
186984,0
186985,0
186986,0
186987,34
186988,0
186989,0
186990,0
186991,38
186992,0
186993,0
186994,0
186995,0
186996,0
186997,0
186998,0
186999,0
187000,0
187001,0
187002,0
187003,0
187004,0
187005,0
187006,42
187007,0
187008,25
187009,0
187010,0
187011,32
187012,0
187013,0
187014,0
187015,0
187016,0
187017,0
187018,0
187019,0
187020,0
187021,0
187022,0
187023,0
187024,0
187025,24
187026,0
187027,0
187028,0
187029,0
187030,0
187031,0
187032,0
187033,0
187034,0
187035,0
187036,0
187037,0
187038,0
187039,0
187040,35
187041,0
187042,0
187043,0
187044,0
187045,0
187046,0
187047,0
187048,30
187049,0
187050,0
187051,0
187052,0
187053,0
187054,0
187055,0
187056,0
187057,0
187058,0
187059,0
187060,0
187061,0
187062,0
187063,0
187064,0
187065,0
187066,0
187067,0
187068,0
187069,0
187070,23
187071,0
187072,0
187073,0
187074,0
187075,0
187076,0
187077,0
187078,0
187079,29
187080,0
187081,0
187082,0
187083,0
187084,0
187085,0
187086,0
187087,0
187088,0
187089,0
187090,0
187091,24
187092,0
187093,0
187094,0
187095,20
187096,0
187097,0
187098,30
187099,0
187100,0
187101,0
187102,0
187103,0
187104,28
187105,16
187106,0
187107,0
187108,33
187109,0
187110,22
187111,0
187112,0
187113,0
187114,0
187115,0
187116,0
187117,0
187118,0
187119,0
187120,0
187121,0
187122,0
187123,0
187124,0
187125,0
187126,0
187127,0
187128,0
187129,32
187130,0
187131,0
187132,0
187133,0
187134,0
187135,0
187136,0
187137,0
187138,0
187139,0
187140,0
187141,31
187142,0
187143,0
187144,0
187145,0
187146,0
187147,0
187148,0
187149,0
187150,0
187151,0
187152,0
187153,0
187154,0
187155,0
187156,0
187157,0
187158,0
187159,0
187160,0
187161,0
187162,0
187163,0
187164,0
187165,0
187166,0
187167,24
187168,0
187169,0
187170,0
187171,0
187172,0
187173,31
187174,20
187175,0
187176,0
187177,0
187178,0
187179,27
187180,28
187181,0
187182,0
187183,0
187184,29
187185,0
187186,0
187187,0
187188,0
187189,0
187190,0
187191,0
187192,0
187193,0
187194,0
187195,33
187196,0
187197,40
187198,0
187199,0
187200,0
187201,0
187202,0
187203,0
187204,0
187205,0
187206,0
187207,0
187208,0
187209,0
187210,0
187211,0
187212,0
187213,0
187214,0
187215,0
187216,0
187217,29
187218,0
187219,0
187220,0
187221,0
187222,0
187223,0
187224,0
187225,0
187226,0
187227,0
187228,0
187229,0
187230,0
187231,0
187232,0
187233,0
187234,18
187235,31
187236,0
187237,0
187238,0
187239,32
187240,0
187241,0
187242,36
187243,29
187244,0
187245,0
187246,0
187247,0
187248,0
187249,0
187250,0
187251,0
187252,0
187253,0
187254,0
187255,0
187256,0
187257,0
187258,35
187259,0
187260,47
187261,0
187262,0
187263,0
187264,0
187265,0
187266,0
187267,0
187268,0
187269,0
187270,0
187271,0
187272,25
187273,0
187274,0
187275,19
187276,33
187277,0
187278,0
187279,0
187280,0
187281,0
187282,0
187283,0
187284,0
187285,0
187286,0
187287,0
187288,47
187289,0
187290,0
187291,0
187292,0
187293,0
187294,0
187295,0
187296,27
187297,0
187298,0
187299,0
187300,0
187301,0
187302,0
187303,0
187304,0
187305,0
187306,0
187307,0
187308,30
187309,0
187310,0
187311,0
187312,0
187313,0
187314,0
187315,0
187316,0
187317,0
187318,0
187319,0
187320,0
187321,0
187322,0
187323,0
187324,0
187325,0
187326,0
187327,0
187328,0
187329,28
187330,0
187331,0
187332,0
187333,0
187334,40
187335,0
187336,0
187337,0
187338,0
187339,0
187340,0
187341,0
187342,0
187343,0
187344,0
187345,0
187346,26
187347,0
187348,0
187349,25
187350,0
187351,21
187352,0
187353,0
187354,0
187355,0
187356,0
187357,0
187358,0
187359,0
187360,0
187361,0
187362,0
187363,20
187364,0
187365,0
187366,0
187367,34
187368,0
187369,0
187370,18
187371,0
187372,0
187373,0
187374,0
187375,0
187376,0
187377,0
187378,0
187379,0
187380,0
187381,0
187382,0
187383,0
187384,0
187385,0
187386,0
187387,0
187388,0
187389,29
187390,0
187391,0
187392,0
187393,0
187394,0
187395,0
187396,39
187397,0
187398,0
187399,0
187400,0
187401,0
187402,0
187403,0
187404,0
187405,42
187406,0
187407,0
187408,30
187409,0
187410,33
187411,0
187412,0
187413,0
187414,0
187415,0
187416,0
187417,0
187418,0
187419,0
187420,28
187421,0
187422,0
187423,0
187424,0
187425,0
187426,0
187427,0
187428,0
187429,0
187430,0
187431,0
187432,0
187433,0
187434,0
187435,0
187436,19
187437,0
187438,0
187439,0
187440,0
187441,35
187442,0
187443,0
187444,0
187445,0
187446,0
187447,0
187448,0
187449,33
187450,0
187451,0
187452,0
187453,0
187454,0
187455,0
187456,0
187457,0
187458,0
187459,34
187460,0
187461,0
187462,0
187463,0
187464,0
187465,0
187466,0
187467,0
187468,0
187469,0
187470,0
187471,0
187472,0
187473,0
187474,28
187475,41
187476,0
187477,0
187478,0
187479,0
187480,31
187481,0
187482,0
187483,0
187484,0
187485,0
187486,0
187487,0
187488,0
187489,0
187490,0
187491,0
187492,0
187493,0
187494,0
187495,0
187496,0
187497,0
187498,0
187499,0
187500,0
187501,0
187502,0
187503,0
187504,0
187505,0
187506,0
187507,0
187508,0
187509,0
187510,0
187511,0
187512,0
187513,0
187514,0
187515,0
187516,0
187517,0
187518,0
187519,0
187520,0
187521,0
187522,0
187523,0
187524,0
187525,0
187526,0
187527,0
187528,0
187529,0
187530,0
187531,0
187532,0
187533,24
187534,0
187535,0
187536,0
187537,0
187538,41
187539,0
187540,0
187541,0
187542,0
187543,0
187544,0
187545,0
187546,0
187547,49
187548,0
187549,0
187550,31
187551,0
187552,0
187553,0
187554,47
187555,0
187556,0
187557,38
187558,0
187559,0
187560,0
187561,0
187562,0
187563,0
187564,0
187565,0
187566,0
187567,28
187568,0
187569,0
187570,0
187571,0
187572,0
187573,0
187574,0
187575,0
187576,0
187577,0
187578,0
187579,22
187580,0
187581,0
187582,0
187583,42
187584,0
187585,0
187586,0
187587,0
187588,0
187589,0
187590,0
187591,0
187592,51
187593,0
187594,0
187595,55
187596,0
187597,0
187598,0
187599,0
187600,0
187601,0
187602,0
187603,0
187604,0
187605,0
187606,0
187607,0
187608,0
187609,36
187610,0
187611,0
187612,0
187613,0
187614,0
187615,0
187616,0
187617,53
187618,0
187619,0
187620,0
187621,34
187622,0
187623,0
187624,0
187625,0
187626,0
187627,26
187628,0
187629,0
187630,52
187631,38
187632,0
187633,25
187634,50
187635,0
187636,31
187637,41
187638,0
187639,0
187640,0
187641,0
187642,0
187643,0
187644,0
187645,0
187646,0
187647,0
187648,0
187649,0
187650,0
187651,26
187652,0
187653,0
187654,0
187655,0
187656,0
187657,0
187658,0
187659,0
187660,0
187661,0
187662,0
187663,0
187664,0
187665,24
187666,0
187667,0
187668,0
187669,0
187670,0
187671,0
187672,0
187673,0
187674,0
187675,0
187676,41
187677,0
187678,0
187679,0
187680,33
187681,0
187682,0
187683,0
187684,29
187685,0
187686,0
187687,0
187688,28
187689,29
187690,0
187691,0
187692,35
187693,0
187694,0
187695,0
187696,0
187697,38
187698,41
187699,0
187700,27
187701,0
187702,0
187703,0
187704,0
187705,0
187706,0
187707,0
187708,0
187709,0
187710,0
187711,0
187712,0
187713,0
187714,0
187715,0
187716,0
187717,0
187718,0
187719,0
187720,0
187721,39
187722,0
187723,0
187724,0
187725,0
187726,0
187727,0
187728,0
187729,0
187730,0
187731,0
187732,0
187733,0
187734,0
187735,0
187736,0
187737,0
187738,0
187739,0
187740,0
187741,0
187742,0
187743,0
187744,9
187745,0
187746,0
187747,0
187748,0
187749,0
187750,0
187751,0
187752,0
187753,0
187754,0
187755,0
187756,0
187757,0
187758,11
187759,0
187760,0
187761,0
187762,0
187763,0
187764,0
187765,0
187766,0
187767,0
187768,0
187769,0
187770,0
187771,0
187772,0
187773,0
187774,0
187775,0
187776,0
187777,0
187778,0
187779,0
187780,0
187781,0
187782,0
187783,0
187784,0
187785,0
187786,0
187787,0
187788,0
187789,0
187790,0
187791,0
187792,0
187793,0
187794,0
187795,0
187796,0
187797,0
187798,0
187799,0
187800,0
187801,0
187802,0
187803,0
187804,0
187805,0
187806,0
187807,0
187808,0
187809,0
187810,9
187811,10
187812,0
187813,0
187814,0
187815,0
187816,0
187817,0
187818,0
187819,0
187820,0
187821,10
187822,0
187823,0
187824,0
187825,0
187826,0
187827,0
187828,0
187829,0
187830,0
187831,0
187832,0
187833,0
187834,0
187835,0
187836,0
187837,0
187838,0
187839,0
187840,0
187841,0
187842,0
187843,13
187844,3
187845,0
187846,0
187847,0
187848,0
187849,0
187850,0
187851,0
187852,0
187853,0
187854,0
187855,0
187856,0
187857,0
187858,18
187859,7
187860,0
187861,0
187862,0
187863,0
187864,0
187865,0
187866,0
187867,0
187868,0
187869,0
187870,0
187871,0
187872,0
187873,0
187874,0
187875,0
187876,0
187877,0
187878,0
187879,0
187880,0
187881,0
187882,11
187883,0
187884,0
187885,0
187886,0
187887,0
187888,0
187889,0
187890,0
187891,0
187892,0
187893,0
187894,0
187895,0
187896,0
187897,0
187898,0
187899,0
187900,0
187901,0
187902,0
187903,0
187904,0
187905,0
187906,0
187907,0
187908,0
187909,8
187910,0
187911,6
187912,0
187913,0
187914,15
187915,0
187916,0
187917,0
187918,0
187919,0
187920,0
187921,0
187922,0
187923,0
187924,0
187925,0
187926,0
187927,0
187928,0
187929,0
187930,0
187931,0
187932,0
187933,0
187934,0
187935,0
187936,0
187937,0
187938,0
187939,0
187940,0
187941,14
187942,0
187943,0
187944,0
187945,0
187946,0
187947,0
187948,0
187949,0
187950,0
187951,18
187952,0
187953,0
187954,0
187955,0
187956,0
187957,0
187958,0
187959,0
187960,0
187961,0
187962,0
187963,0
187964,0
187965,0
187966,0
187967,0
187968,0
187969,0
187970,0
187971,0
187972,0
187973,0
187974,0
187975,0
187976,0
187977,0
187978,0
187979,0
187980,0
187981,0
187982,0
187983,0
187984,0
187985,0
187986,0
187987,0
187988,0
187989,0
187990,21
187991,0
187992,0
187993,25
187994,0
187995,0
187996,0
187997,0
187998,17
187999,0
188000,21
188001,0
188002,16
188003,0
188004,20
188005,0
188006,0
188007,0
188008,0
188009,0
188010,0
188011,0
188012,0
188013,0
188014,0
188015,0
188016,0
188017,0
188018,0
188019,0
188020,0
188021,0
188022,31
188023,0
188024,0
188025,0
188026,0
188027,0
188028,17
188029,0
188030,0
188031,0
188032,0
188033,30
188034,0
188035,0
188036,30
188037,0
188038,0
188039,0
188040,0
188041,26
188042,0
188043,0
188044,0
188045,0
188046,0
188047,0
188048,0
188049,0
188050,0
188051,0
188052,0
188053,25
188054,0
188055,0
188056,0
188057,0
188058,0
188059,0
188060,0
188061,0
188062,0
188063,0
188064,0
188065,13
188066,0
188067,0
188068,0
188069,0
188070,26
188071,0
188072,0
188073,15
188074,0
188075,0
188076,0
188077,0
188078,0
188079,0
188080,0
188081,0
188082,0
188083,0
188084,0
188085,0
188086,0
188087,0
188088,0
188089,0
188090,0
188091,0
188092,0
188093,0
188094,0
188095,0
188096,0
188097,0
188098,0
188099,22
188100,0
188101,0
188102,47
188103,0
188104,0
188105,0
188106,0
188107,28
188108,0
188109,0
188110,0
188111,23
188112,0
188113,0
188114,0
188115,0
188116,0
188117,0
188118,0
188119,0
188120,0
188121,0
188122,0
188123,0
188124,0
188125,0
188126,0
188127,23
188128,0
188129,0
188130,0
188131,0
188132,0
188133,0
188134,0
188135,0
188136,0
188137,0
188138,0
188139,0
188140,0
188141,0
188142,0
188143,0
188144,22
188145,0
188146,0
188147,0
188148,0
188149,0
188150,0
188151,25
188152,0
188153,0
188154,0
188155,0
188156,0
188157,0
188158,0
188159,22
188160,0
188161,30
188162,0
188163,0
188164,23
188165,0
188166,0
188167,0
188168,0
188169,0
188170,0
188171,0
188172,0
188173,0
188174,31
188175,0
188176,0
188177,0
188178,0
188179,0
188180,0
188181,0
188182,0
188183,0
188184,0
188185,0
188186,0
188187,0
188188,0
188189,0
188190,0
188191,0
188192,0
188193,0
188194,22
188195,0
188196,0
188197,0
188198,0
188199,0
188200,0
188201,0
188202,29
188203,0
188204,18
188205,12
188206,0
188207,0
188208,0
188209,0
188210,22
188211,0
188212,0
188213,0
188214,0
188215,0
188216,0
188217,0
188218,0
188219,18
188220,0
188221,0
188222,20
188223,0
188224,0
188225,15
188226,0
188227,0
188228,24
188229,0
188230,0
188231,17
188232,0
188233,0
188234,0
188235,0
188236,0
188237,0
188238,0
188239,14
188240,0
188241,0
188242,0
188243,0
188244,0
188245,0
188246,0
188247,0
188248,26
188249,0
188250,0
188251,0
188252,0
188253,0
188254,0
188255,0
188256,27
188257,0
188258,0
188259,0
188260,0
188261,0
188262,0
188263,0
188264,0
188265,0
188266,0
188267,0
188268,0
188269,0
188270,0
188271,0
188272,0
188273,0
188274,0
188275,32
188276,0
188277,0
188278,0
188279,0
188280,0
188281,0
188282,0
188283,0
188284,0
188285,0
188286,0
188287,0
188288,0
188289,0
188290,0
188291,25
188292,0
188293,0
188294,0
188295,0
188296,0
188297,0
188298,0
188299,0
188300,0
188301,0
188302,0
188303,0
188304,0
188305,0
188306,0
188307,0
188308,0
188309,23
188310,0
188311,0
188312,0
188313,0
188314,0
188315,0
188316,0
188317,0
188318,0
188319,0
188320,0
188321,0
188322,0
188323,0
188324,0
188325,0
188326,0
188327,0
188328,0
188329,0
188330,0
188331,22
188332,0
188333,0
188334,0
188335,0
188336,0
188337,0
188338,0
188339,0
188340,0
188341,0
188342,0
188343,0
188344,0
188345,0
188346,0
188347,0
188348,0
188349,0
188350,0
188351,0
188352,0
188353,28
188354,0
188355,0
188356,0
188357,0
188358,0
188359,0
188360,0
188361,0
188362,0
188363,0
188364,0
188365,0
188366,0
188367,0
188368,0
188369,0
188370,0
188371,18
188372,0
188373,0
188374,0
188375,0
188376,0
188377,0
188378,0
188379,0
188380,0
188381,0
188382,29
188383,0
188384,0
188385,21
188386,38
188387,0
188388,0
188389,0
188390,0
188391,0
188392,0
188393,0
188394,0
188395,0
188396,0
188397,0
188398,0
188399,0
188400,0
188401,0
188402,0
188403,0
188404,0
188405,0
188406,20
188407,0
188408,0
188409,0
188410,0
188411,0
188412,0
188413,0
188414,0
188415,0
188416,0
188417,0
188418,24
188419,0
188420,0
188421,0
188422,0
188423,0
188424,0
188425,0
188426,0
188427,0
188428,12
188429,27
188430,0
188431,0
188432,0
188433,0
188434,36
188435,0
188436,0
188437,0
188438,0
188439,0
188440,24
188441,0
188442,0
188443,0
188444,0
188445,0
188446,0
188447,0
188448,0
188449,0
188450,0
188451,0
188452,0
188453,0
188454,0
188455,0
188456,0
188457,0
188458,21
188459,0
188460,0
188461,0
188462,16
188463,0
188464,0
188465,0
188466,0
188467,0
188468,0
188469,0
188470,0
188471,27
188472,0
188473,0
188474,0
188475,0
188476,0
188477,0
188478,0
188479,23
188480,0
188481,0
188482,0
188483,0
188484,0
188485,0
188486,0
188487,0
188488,0
188489,0
188490,0
188491,0
188492,0
188493,0
188494,0
188495,0
188496,0
188497,0
188498,28
188499,0
188500,0
188501,0
188502,28
188503,0
188504,0
188505,0
188506,0
188507,0
188508,0
188509,0
188510,0
188511,0
188512,0
188513,0
188514,0
188515,0
188516,0
188517,0
188518,0
188519,0
188520,0
188521,0
188522,0
188523,0
188524,0
188525,0
188526,0
188527,0
188528,0
188529,18
188530,0
188531,0
188532,0
188533,0
188534,22
188535,0
188536,0
188537,21
188538,0
188539,20
188540,0
188541,14
188542,0
188543,0
188544,0
188545,0
188546,0
188547,0
188548,0
188549,0
188550,0
188551,0
188552,0
188553,0
188554,0
188555,0
188556,0
188557,24
188558,31
188559,0
188560,0
188561,0
188562,0
188563,0
188564,0
188565,0
188566,0
188567,0
188568,10
188569,0
188570,0
188571,18
188572,0
188573,0
188574,0
188575,39
188576,0
188577,0
188578,33
188579,0
188580,0
188581,0
188582,0
188583,0
188584,0
188585,0
188586,0
188587,0
188588,0
188589,0
188590,0
188591,0
188592,0
188593,0
188594,15
188595,0
188596,0
188597,0
188598,0
188599,0
188600,0
188601,0
188602,0
188603,0
188604,0
188605,0
188606,0
188607,0
188608,0
188609,23
188610,0
188611,0
188612,0
188613,0
188614,16
188615,0
188616,0
188617,0
188618,0
188619,24
188620,0
188621,0
188622,0
188623,0
188624,24
188625,0
188626,23
188627,0
188628,0
188629,0
188630,0
188631,0
188632,0
188633,22
188634,17
188635,0
188636,0
188637,0
188638,0
188639,0
188640,0
188641,0
188642,21
188643,0
188644,0
188645,0
188646,0
188647,0
188648,0
188649,0
188650,0
188651,0
188652,11
188653,0
188654,0
188655,0
188656,0
188657,0
188658,0
188659,0
188660,0
188661,0
188662,0
188663,0
188664,0
188665,0
188666,0
188667,0
188668,29
188669,0
188670,0
188671,0
188672,0
188673,0
188674,0
188675,0
188676,0
188677,0
188678,0
188679,0
188680,0
188681,0
188682,0
188683,0
188684,0
188685,0
188686,0
188687,0
188688,0
188689,0
188690,0
188691,0
188692,0
188693,32
188694,0
188695,0
188696,0
188697,0
188698,0
188699,0
188700,0
188701,0
188702,0
188703,0
188704,0
188705,0
188706,0
188707,20
188708,0
188709,0
188710,0
188711,0
188712,0
188713,12
188714,0
188715,0
188716,0
188717,27
188718,0
188719,0
188720,0
188721,25
188722,0
188723,0
188724,0
188725,0
188726,0
188727,0
188728,0
188729,0
188730,0
188731,0
188732,0
188733,0
188734,0
188735,0
188736,0
188737,0
188738,0
188739,22
188740,0
188741,0
188742,0
188743,0
188744,0
188745,0
188746,0
188747,0
188748,34
188749,0
188750,27
188751,0
188752,0
188753,39
188754,0
188755,0
188756,18
188757,41
188758,0
188759,0
188760,0
188761,0
188762,0
188763,0
188764,0
188765,0
188766,0
188767,0
188768,0
188769,0
188770,0
188771,24
188772,22
188773,0
188774,0
188775,0
188776,0
188777,0
188778,0
188779,0
188780,0
188781,0
188782,30
188783,0
188784,0
188785,0
188786,0
188787,0
188788,0
188789,13
188790,0
188791,0
188792,0
188793,0
188794,0
188795,0
188796,0
188797,0
188798,0
188799,0
188800,0
188801,0
188802,0
188803,0
188804,0
188805,0
188806,0
188807,0
188808,0
188809,0
188810,0
188811,0
188812,0
188813,35
188814,0
188815,0
188816,0
188817,0
188818,0
188819,37
188820,40
188821,13
188822,0
188823,0
188824,34
188825,0
188826,0
188827,28
188828,28
188829,0
188830,25
188831,0
188832,0
188833,0
188834,0
188835,0
188836,34
188837,0
188838,23
188839,0
188840,0
188841,33
188842,0
188843,0
188844,16
188845,0
188846,0
188847,0
188848,0
188849,0
188850,0
188851,0
188852,0
188853,0
188854,22
188855,0
188856,0
188857,29
188858,0
188859,0
188860,0
188861,0
188862,0
188863,0
188864,0
188865,0
188866,46
188867,0
188868,0
188869,0
188870,0
188871,0
188872,0
188873,0
188874,0
188875,0
188876,0
188877,0
188878,36
188879,20
188880,0
188881,30
188882,0
188883,0
188884,0
188885,32
188886,0
188887,0
188888,0
188889,0
188890,0
188891,23
188892,0
188893,26
188894,0
188895,26
188896,0
188897,0
188898,0
188899,0
188900,0
188901,0
188902,26
188903,0
188904,0
188905,31
188906,0
188907,0
188908,0
188909,36
188910,0
188911,0
188912,0
188913,0
188914,0
188915,0
188916,0
188917,0
188918,0
188919,0
188920,13
188921,0
188922,0
188923,38
188924,0
188925,0
188926,28
188927,0
188928,0
188929,0
188930,0
188931,29
188932,32
188933,0
188934,0
188935,0
188936,0
188937,0
188938,0
188939,0
188940,0
188941,0
188942,0
188943,0
188944,0
188945,0
188946,0
188947,0
188948,18
188949,0
188950,25
188951,0
188952,0
188953,0
188954,0
188955,0
188956,0
188957,0
188958,0
188959,0
188960,0
188961,0
188962,0
188963,0
188964,0
188965,0
188966,0
188967,0
188968,0
188969,12
188970,12
188971,0
188972,0
188973,0
188974,0
188975,0
188976,0
188977,0
188978,8
188979,13
188980,0
188981,0
188982,0
188983,0
188984,0
188985,12
188986,0
188987,0
188988,0
188989,0
188990,0
188991,0
188992,0
188993,0
188994,0
188995,11
188996,0
188997,0
188998,6
188999,0
189000,0
189001,0
189002,0
189003,0
189004,0
189005,0
189006,0
189007,0
189008,0
189009,0
189010,0
189011,0
189012,0
189013,0
189014,6
189015,0
189016,0
189017,13
189018,0
189019,0
189020,0
189021,0
189022,0
189023,15
189024,13
189025,0
189026,0
189027,0
189028,0
189029,0
189030,0
189031,0
189032,0
189033,0
189034,0
189035,0
189036,10
189037,0
189038,0
189039,0
189040,0
189041,0
189042,0
189043,12
189044,8
189045,0
189046,0
189047,0
189048,0
189049,0
189050,12
189051,0
189052,0
189053,0
189054,0
189055,0
189056,0
189057,0
189058,0
189059,0
189060,0
189061,13
189062,0
189063,0
189064,0
189065,0
189066,0
189067,0
189068,0
189069,0
189070,0
189071,0
189072,0
189073,0
189074,0
189075,0
189076,0
189077,11
189078,0
189079,0
189080,0
189081,0
189082,0
189083,0
189084,0
189085,0
189086,0
189087,0
189088,0
189089,0
189090,20
189091,12
189092,13
189093,0
189094,0
189095,0
189096,0
189097,0
189098,0
189099,5
189100,0
189101,0
189102,0
189103,0
189104,0
189105,0
189106,0
189107,0
189108,11
189109,0
189110,0
189111,0
189112,0
189113,0
189114,13
189115,0
189116,0
189117,0
189118,0
189119,0
189120,0
189121,0
189122,0
189123,0
189124,0
189125,0
189126,0
189127,0
189128,0
189129,0
189130,0
189131,0
189132,0
189133,0
189134,0
189135,14
189136,0
189137,0
189138,5
189139,0
189140,0
189141,0
189142,0
189143,15
189144,0
189145,13
189146,0
189147,0
189148,0
189149,0
189150,0
189151,11
189152,0
189153,0
189154,0
189155,0
189156,0
189157,0
189158,0
189159,0
189160,0
189161,0
189162,0
189163,0
189164,0
189165,0
189166,0
189167,0
189168,0
189169,0
189170,0
189171,0
189172,0
189173,0
189174,0
189175,0
189176,0
189177,0
189178,0
189179,0
189180,0
189181,0
189182,11
189183,0
189184,0
189185,0
189186,0
189187,0
189188,0
189189,0
189190,0
189191,14
189192,0
189193,0
189194,0
189195,0
189196,0
189197,0
189198,0
189199,0
189200,0
189201,0
189202,0
189203,0
189204,0
189205,0
189206,0
189207,8
189208,0
189209,0
189210,0
189211,15
189212,0
189213,0
189214,0
189215,0
189216,0
189217,0
189218,0
189219,0
189220,0
189221,0
189222,0
189223,0
189224,0
189225,0
189226,0
189227,0
189228,0
189229,0
189230,13
189231,6
189232,0
189233,0
189234,0
189235,0
189236,0
189237,0
189238,0
189239,0
189240,0
189241,0
189242,0
189243,0
189244,0
189245,0
189246,0
189247,0
189248,0
189249,0
189250,0
189251,0
189252,0
189253,8
189254,0
189255,0
189256,0
189257,0
189258,0
189259,0
189260,0
189261,9
189262,14
189263,9
189264,0
189265,0
189266,0
189267,0
189268,0
189269,0
189270,0
189271,0
189272,0
189273,16
189274,0
189275,0
189276,0
189277,0
189278,0
189279,0
189280,0
189281,11
189282,0
189283,0
189284,0
189285,16
189286,0
189287,0
189288,0
189289,0
189290,0
189291,0
189292,11
189293,0
189294,0
189295,0
189296,0
189297,16
189298,0
189299,0
189300,0
189301,0
189302,0
189303,0
189304,0
189305,0
189306,0
189307,0
189308,0
189309,0
189310,0
189311,0
189312,0
189313,0
189314,12
189315,0
189316,0
189317,0
189318,11
189319,0
189320,0
189321,0
189322,0
189323,15
189324,0
189325,0
189326,0
189327,0
189328,0
189329,0
189330,0
189331,0
189332,0
189333,0
189334,0
189335,0
189336,15
189337,11
189338,11
189339,16
189340,4
189341,0
189342,4
189343,0
189344,10
189345,0
189346,0
189347,0
189348,0
189349,0
189350,0
189351,9
189352,0
189353,0
189354,0
189355,0
189356,0
189357,0
189358,0
189359,14
189360,0
189361,0
189362,0
189363,0
189364,13
189365,0
189366,0
189367,0
189368,0
189369,10
189370,0
189371,0
189372,0
189373,0
189374,0
189375,0
189376,9
189377,11
189378,0
189379,0
189380,0
189381,11
189382,0
189383,13
189384,0
189385,0
189386,0
189387,0
189388,0
189389,0
189390,0
189391,0
189392,0
189393,0
189394,0
189395,0
189396,0
189397,0
189398,0
189399,0
189400,0
189401,0
189402,0
189403,0
189404,0
189405,0
189406,0
189407,0
189408,0
189409,0
189410,8
189411,0
189412,0
189413,0
189414,0
189415,0
189416,0
189417,0
189418,0
189419,0
189420,0
189421,0
189422,16
189423,0
189424,0
189425,0
189426,0
189427,0
189428,12
189429,0
189430,0
189431,0
189432,0
189433,0
189434,0
189435,0
189436,0
189437,0
189438,11
189439,0
189440,0
189441,0
189442,0
189443,0
189444,0
189445,0
189446,0
189447,0
189448,0
189449,0
189450,0
189451,0
189452,0
189453,0
189454,11
189455,13
189456,0
189457,0
189458,0
189459,0
189460,13
189461,0
189462,0
189463,0
189464,0
189465,0
189466,0
189467,0
189468,0
189469,11
189470,0
189471,0
189472,0
189473,14
189474,0
189475,0
189476,9
189477,0
189478,0
189479,0
189480,0
189481,0
189482,0
189483,0
189484,0
189485,0
189486,0
189487,0
189488,0
189489,0
189490,0
189491,0
189492,0
189493,0
189494,0
189495,0
189496,16
189497,0
189498,0
189499,0
189500,0
189501,0
189502,0
189503,0
189504,0
189505,0
189506,0
189507,0
189508,0
189509,0
189510,0
189511,13
189512,0
189513,0
189514,0
189515,0
189516,37
189517,0
189518,0
189519,0
189520,0
189521,0
189522,0
189523,0
189524,19
189525,0
189526,0
189527,24
189528,0
189529,33
189530,0
189531,17
189532,18
189533,0
189534,30
189535,0
189536,23
189537,0
189538,30
189539,30
189540,0
189541,0
189542,0
189543,0
189544,24
189545,29
189546,0
189547,25
189548,0
189549,0
189550,0
189551,0
189552,0
189553,28
189554,26
189555,0
189556,0
189557,0
189558,0
189559,0
189560,0
189561,0
189562,0
189563,0
189564,0
189565,0
189566,0
189567,0
189568,0
189569,22
189570,0
189571,0
189572,0
189573,0
189574,0
189575,17
189576,23
189577,0
189578,26
189579,0
189580,0
189581,0
189582,0
189583,0
189584,0
189585,0
189586,41
189587,26
189588,0
189589,0
189590,25
189591,0
189592,0
189593,0
189594,0
189595,36
189596,0
189597,28
189598,0
189599,0
189600,0
189601,0
189602,28
189603,37
189604,0
189605,0
189606,0
189607,0
189608,0
189609,0
189610,0
189611,0
189612,32
189613,0
189614,0
189615,33
189616,0
189617,0
189618,0
189619,0
189620,0
189621,35
189622,25
189623,27
189624,33
189625,0
189626,31
189627,31
189628,0
189629,28
189630,0
189631,0
189632,27
189633,0
189634,0
189635,0
189636,0
189637,0
189638,0
189639,29
189640,0
189641,37
189642,0
189643,0
189644,0
189645,33
189646,0
189647,0
189648,0
189649,0
189650,0
189651,0
189652,29
189653,0
189654,0
189655,0
189656,32
189657,0
189658,0
189659,0
189660,20
189661,0
189662,0
189663,0
189664,0
189665,0
189666,0
189667,0
189668,0
189669,0
189670,0
189671,0
189672,0
189673,0
189674,0
189675,0
189676,0
189677,0
189678,0
189679,24
189680,0
189681,0
189682,0
189683,0
189684,34
189685,0
189686,0
189687,0
189688,0
189689,0
189690,0
189691,33
189692,0
189693,22
189694,24
189695,0
189696,0
189697,0
189698,0
189699,0
189700,19
189701,0
189702,0
189703,27
189704,0
189705,0
189706,0
189707,0
189708,0
189709,0
189710,0
189711,0
189712,23
189713,0
189714,0
189715,45
189716,0
189717,19
189718,0
189719,0
189720,0
189721,0
189722,0
189723,0
189724,0
189725,0
189726,0
189727,0
189728,0
189729,29
189730,0
189731,0
189732,0
189733,29
189734,35
189735,24
189736,0
189737,0
189738,35
189739,0
189740,0
189741,0
189742,0
189743,0
189744,0
189745,26
189746,0
189747,0
189748,19
189749,0
189750,0
189751,0
189752,0
189753,23
189754,0
189755,0
189756,0
189757,25
189758,0
189759,31
189760,25
189761,0
189762,0
189763,24
189764,0
189765,0
189766,0
189767,0
189768,14
189769,0
189770,0
189771,0
189772,33
189773,0
189774,0
189775,0
189776,0
189777,0
189778,25
189779,0
189780,0
189781,0
189782,33
189783,33
189784,44
189785,0
189786,34
189787,27
189788,0
189789,0
189790,30
189791,0
189792,0
189793,0
189794,0
189795,0
189796,0
189797,0
189798,0
189799,0
189800,0
189801,0
189802,0
189803,25
189804,0
189805,0
189806,29
189807,34
189808,0
189809,0
189810,37
189811,0
189812,0
189813,0
189814,0
189815,0
189816,38
189817,0
189818,29
189819,0
189820,27
189821,0
189822,23
189823,0
189824,0
189825,24
189826,0
189827,0
189828,0
189829,31
189830,0
189831,0
189832,0
189833,0
189834,33
189835,33
189836,27
189837,30
189838,0
189839,0
189840,18
189841,0
189842,0
189843,0
189844,43
189845,0
189846,0
189847,0
189848,0
189849,0
189850,27
189851,0
189852,0
189853,0
189854,0
189855,0
189856,0
189857,0
189858,21
189859,0
189860,0
189861,24
189862,0
189863,0
189864,0
189865,0
189866,0
189867,0
189868,0
189869,0
189870,0
189871,35
189872,35
189873,0
189874,0
189875,24
189876,32
189877,0
189878,30
189879,0
189880,0
189881,39
189882,0
189883,0
189884,0
189885,25
189886,0
189887,0
189888,0
189889,0
189890,0
189891,0
189892,0
189893,0
189894,0
189895,19
189896,0
189897,0
189898,0
189899,0
189900,21
189901,26
189902,0
189903,0
189904,25
189905,22
189906,0
189907,24
189908,0
189909,0
189910,0
189911,0
189912,0
189913,0
189914,0
189915,24
189916,0
189917,0
189918,35
189919,29
189920,0
189921,19
189922,0
189923,0
189924,29
189925,0
189926,0
189927,0
189928,0
189929,26
189930,0
189931,0
189932,20
189933,0
189934,0
189935,0
189936,0
189937,25
189938,0
189939,0
189940,0
189941,0
189942,14
189943,51
189944,0
189945,0
189946,19
189947,18
189948,13
189949,0
189950,0
189951,0
189952,23
189953,35
189954,29
189955,24
189956,0
189957,34
189958,0
189959,0
189960,0
189961,35
189962,0
189963,0
189964,0
189965,0
189966,0
189967,39
189968,0
189969,0
189970,0
189971,0
189972,0
189973,0
189974,29
189975,0
189976,0
189977,0
189978,35
189979,0
189980,0
189981,0
189982,0
189983,34
189984,0
189985,0
189986,0
189987,0
189988,25
189989,0
189990,0
189991,0
189992,0
189993,18
189994,19
189995,0
189996,0
189997,0
189998,0
189999,0
190000,0
190001,0
190002,24
190003,0
190004,0
190005,0
190006,0
190007,0
190008,0
190009,0
190010,0
190011,42
190012,24
190013,0
190014,0
190015,0
190016,24
190017,0
190018,0
190019,0
190020,0
190021,24
190022,34
190023,0
190024,26
190025,23
190026,0
190027,26
190028,0
190029,24
190030,0
190031,22
190032,0
190033,0
190034,0
190035,0
190036,27
190037,0
190038,0
190039,0
190040,0
190041,0
190042,35
190043,0
190044,0
190045,0
190046,0
190047,0
190048,48
190049,0
190050,0
190051,38
190052,0
190053,15
190054,0
190055,0
190056,41
190057,0
190058,0
190059,0
190060,0
190061,0
190062,0
190063,0
190064,0
190065,0
190066,31
190067,0
190068,40
190069,0
190070,0
190071,0
190072,0
190073,25
190074,0
190075,0
190076,0
190077,0
190078,0
190079,0
190080,0
190081,26
190082,36
190083,0
190084,0
190085,0
190086,19
190087,0
190088,27
190089,0
190090,0
190091,0
190092,0
190093,0
190094,0
190095,0
190096,0
190097,0
190098,0
190099,0
190100,0
190101,25
190102,32
190103,0
190104,0
190105,0
190106,0
190107,22
190108,0
190109,31
190110,0
190111,0
190112,0
190113,25
190114,23
190115,41
190116,0
190117,0
190118,0
190119,0
190120,0
190121,0
190122,24
190123,0
190124,0
190125,0
190126,0
190127,0
190128,0
190129,0
190130,0
190131,0
190132,0
190133,0
190134,0
190135,25
190136,23
190137,0
190138,0
190139,0
190140,35
190141,0
190142,30
190143,0
190144,0
190145,37
190146,34
190147,0
190148,0
190149,21
190150,0
190151,29
190152,0
190153,33
190154,0
190155,0
190156,29
190157,0
190158,0
190159,28
190160,0
190161,0
190162,0
190163,0
190164,0
190165,28
190166,0
190167,30
190168,23
190169,0
190170,0
190171,0
190172,0
190173,26
190174,0
190175,0
190176,27
190177,0
190178,0
190179,0
190180,0
190181,0
190182,0
190183,23
190184,0
190185,0
190186,0
190187,0
190188,0
190189,0
190190,0
190191,0
190192,29
190193,21
190194,0
190195,22
190196,13
190197,0
190198,23
190199,0
190200,26
190201,36
190202,0
190203,19
190204,32
190205,0
190206,26
190207,0
190208,40
190209,0
190210,34
190211,0
190212,0
190213,0
190214,0
190215,0
190216,0
190217,0
190218,0
190219,0
190220,0
190221,0
190222,0
190223,15
190224,0
190225,0
190226,0
190227,0
190228,0
190229,27
190230,38
190231,0
190232,0
190233,0
190234,0
190235,0
190236,26
190237,0
190238,0
190239,0
190240,0
190241,0
190242,0
190243,0
190244,0
190245,0
190246,0
190247,0
190248,0
190249,0
190250,0
190251,20
190252,0
190253,30
190254,0
190255,0
190256,0
190257,0
190258,0
190259,0
190260,0
190261,0
190262,23
190263,0
190264,27
190265,0
190266,0
190267,0
190268,28
190269,0
190270,0
190271,0
190272,29
190273,0
190274,30
190275,0
190276,0
190277,21
190278,0
190279,26
190280,0
190281,0
190282,34
190283,34
190284,27
190285,0
190286,0
190287,0
190288,34
190289,26
190290,19
190291,0
190292,0
190293,0
190294,23
190295,0
190296,0
190297,22
190298,0
190299,0
190300,22
190301,0
190302,0
190303,0
190304,0
190305,0
190306,0
190307,0
190308,0
190309,0
190310,0
190311,47
190312,0
190313,0
190314,0
190315,0
190316,0
190317,24
190318,0
190319,0
190320,19
190321,0
190322,0
190323,0
190324,0
190325,0
190326,23
190327,0
190328,0
190329,0
190330,18
190331,0
190332,0
190333,0
190334,0
190335,0
190336,0
190337,0
190338,0
190339,0
190340,0
190341,33
190342,27
190343,24
190344,0
190345,34
190346,28
190347,0
190348,0
190349,26
190350,0
190351,0
190352,27
190353,0
190354,0
190355,0
190356,0
190357,0
190358,0
190359,0
190360,0
190361,0
190362,0
190363,0
190364,42
190365,0
190366,0
190367,0
190368,27
190369,0
190370,0
190371,0
190372,0
190373,0
190374,40
190375,0
190376,0
190377,0
190378,0
190379,0
190380,0
190381,0
190382,0
190383,0
190384,19
190385,0
190386,36
190387,31
190388,0
190389,0
190390,0
190391,0
190392,0
190393,0
190394,21
190395,0
190396,0
190397,0
190398,0
190399,0
190400,0
190401,19
190402,0
190403,0
190404,0
190405,0
190406,0
190407,18
190408,38
190409,0
190410,0
190411,0
190412,0
190413,0
190414,0
190415,32
190416,0
190417,0
190418,0
190419,0
190420,0
190421,30
190422,29
190423,0
190424,27
190425,0
190426,0
190427,0
190428,18
190429,0
190430,23
190431,28
190432,0
190433,0
190434,0
190435,0
190436,0
190437,0
190438,36
190439,0
190440,25
190441,34
190442,0
190443,0
190444,0
190445,0
190446,0
190447,0
190448,0
190449,0
190450,26
190451,0
190452,0
190453,0
190454,33
190455,32
190456,41
190457,34
190458,30
190459,0
190460,4
190461,0
190462,0
190463,0
190464,0
190465,0
190466,0
190467,0
190468,0
190469,0
190470,0
190471,0
190472,0
190473,0
190474,0
190475,0
190476,0
190477,0
190478,0
190479,2
190480,0
190481,0
190482,0
190483,0
190484,0
190485,0
190486,0
190487,0
190488,0
190489,0
190490,0
190491,0
190492,0
190493,0
190494,0
190495,2
190496,0
190497,0
190498,0
190499,0
190500,0
190501,0
190502,0
190503,0
190504,0
190505,0
190506,0
190507,0
190508,2
190509,0
190510,0
190511,0
190512,5
190513,6
190514,0
190515,0
190516,0
190517,0
190518,0
190519,0
190520,0
190521,0
190522,0
190523,0
190524,0
190525,0
190526,0
190527,0
190528,0
190529,0
190530,0
190531,0
190532,0
190533,3
190534,0
190535,0
190536,0
190537,0
190538,2
190539,0
190540,0
190541,0
190542,0
190543,0
190544,0
190545,0
190546,0
190547,0
190548,0
190549,0
190550,0
190551,0
190552,0
190553,0
190554,0
190555,0
190556,0
190557,0
190558,0
190559,0
190560,0
190561,0
190562,0
190563,0
190564,0
190565,0
190566,0
190567,0
190568,0
190569,0
190570,0
190571,0
190572,0
190573,0
190574,0
190575,0
190576,0
190577,0
190578,0
190579,0
190580,0
190581,0
190582,0
190583,0
190584,0
190585,0
190586,0
190587,0
190588,0
190589,0
190590,0
190591,0
190592,0
190593,0
190594,0
190595,0
190596,0
190597,0
190598,0
190599,0
190600,0
190601,0
190602,0
190603,0
190604,0
190605,0
190606,0
190607,0
190608,0
190609,1
190610,0
190611,0
190612,0
190613,1
190614,0
190615,0
190616,0
190617,0
190618,0
190619,0
190620,0
190621,0
190622,0
190623,0
190624,0
190625,0
190626,6
190627,3
190628,0
190629,0
190630,0
190631,1
190632,0
190633,0
190634,0
190635,0
190636,0
190637,3
190638,0
190639,2
190640,0
190641,0
190642,2
190643,0
190644,0
190645,0
190646,0
190647,0
190648,0
190649,8
190650,0
190651,0
190652,0
190653,1
190654,0
190655,4
190656,1
190657,0
190658,0
190659,0
190660,0
190661,0
190662,0
190663,0
190664,4
190665,4
190666,0
190667,0
190668,0
190669,6
190670,0
190671,0
190672,0
190673,0
190674,0
190675,2
190676,0
190677,0
190678,0
190679,0
190680,0
190681,0
190682,0
190683,0
190684,0
190685,0
190686,0
190687,0
190688,0
190689,0
190690,0
190691,0
190692,0
190693,0
190694,0
190695,0
190696,0
190697,0
190698,0
190699,0
190700,0
190701,0
190702,0
190703,0
190704,0
190705,0
190706,0
190707,0
190708,0
190709,0
190710,0
190711,0
190712,0
190713,0
190714,0
190715,3
190716,0
190717,0
190718,0
190719,0
190720,0
190721,0
190722,0
190723,0
190724,0
190725,0
190726,0
190727,0
190728,0
190729,5
190730,0
190731,3
190732,0
190733,4
190734,0
190735,0
190736,0
190737,0
190738,2
190739,0
190740,0
190741,0
190742,0
190743,0
190744,0
190745,0
190746,0
190747,0
190748,0
190749,0
190750,0
190751,0
190752,0
190753,0
190754,0
190755,0
190756,0
190757,0
190758,0
190759,0
190760,0
190761,4
190762,0
190763,0
190764,0
190765,0
190766,0
190767,0
190768,0
190769,0
190770,0
190771,0
190772,0
190773,0
190774,0
190775,0
190776,0
190777,0
190778,2
190779,0
190780,0
190781,0
190782,0
190783,0
190784,0
190785,0
190786,0
190787,0
190788,0
190789,0
190790,4
190791,4
190792,0
190793,0
190794,0
190795,0
190796,0
190797,3
190798,0
190799,4
190800,0
190801,0
190802,0
190803,1
190804,4
190805,0
190806,0
190807,0
190808,0
190809,3
190810,0
190811,0
190812,0
190813,7
190814,3
190815,0
190816,0
190817,0
190818,0
190819,0
190820,0
190821,0
190822,0
190823,0
190824,0
190825,0
190826,0
190827,0
190828,0
190829,0
190830,0
190831,0
190832,0
190833,0
190834,0
190835,0
190836,0
190837,0
190838,0
190839,0
190840,0
190841,0
190842,0
190843,0
190844,0
190845,0
190846,0
190847,0
190848,0
190849,0
190850,0
190851,0
190852,0
190853,4
190854,0
190855,0
190856,0
190857,0
190858,1
190859,0
190860,0
190861,0
190862,0
190863,0
190864,0
190865,0
190866,0
190867,7
190868,0
190869,0
190870,0
190871,3
190872,0
190873,0
190874,0
190875,0
190876,0
190877,0
190878,0
190879,0
190880,0
190881,0
190882,0
190883,0
190884,0
190885,0
190886,0
190887,0
190888,0
190889,3
190890,0
190891,0
190892,0
190893,0
190894,0
190895,0
190896,0
190897,0
190898,0
190899,0
190900,0
190901,3
190902,0
190903,0
190904,0
190905,0
190906,0
190907,0
190908,0
190909,0
190910,0
190911,0
190912,0
190913,0
190914,0
190915,0
190916,0
190917,0
190918,0
190919,0
190920,0
190921,0
190922,0
190923,0
190924,0
190925,0
190926,0
190927,0
190928,0
190929,0
190930,1
190931,0
190932,3
190933,0
190934,0
190935,4
190936,0
190937,3
190938,0
190939,0
190940,0
190941,0
190942,0
190943,4
190944,0
190945,0
190946,0
190947,3
190948,0
190949,0
190950,0
190951,0
190952,0
190953,0
190954,0
190955,0
190956,0
190957,1
190958,0
190959,0
190960,0
190961,0
190962,4
190963,0
190964,0
190965,0
190966,2
190967,0
190968,0
190969,0
190970,0
190971,0
190972,0
190973,0
190974,0
190975,0
190976,0
190977,0
190978,0
190979,0
190980,0
190981,0
190982,0
190983,0
190984,0
190985,0
190986,0
190987,0
190988,2
190989,3
190990,0
190991,0
190992,0
190993,0
190994,0
190995,0
190996,4
190997,0
190998,0
190999,1
191000,1
191001,6
191002,5
191003,0
191004,0
191005,0
191006,2
191007,0
191008,0
191009,0
191010,3
191011,0
191012,1
191013,0
191014,0
191015,0
191016,0
191017,0
191018,1
191019,0
191020,2
191021,3
191022,0
191023,0
191024,0
191025,0
191026,0
191027,0
191028,0
191029,0
191030,1
191031,0
191032,0
191033,0
191034,0
191035,0
191036,0
191037,3
191038,0
191039,0
191040,0
191041,0
191042,0
191043,0
191044,0
191045,0
191046,0
191047,0
191048,0
191049,0
191050,0
191051,0
191052,0
191053,0
191054,0
191055,0
191056,0
191057,0
191058,0
191059,0
191060,0
191061,0
191062,0
191063,0
191064,3
191065,0
191066,4
191067,0
191068,0
191069,0
191070,0
191071,0
191072,5
191073,0
191074,2
191075,0
191076,0
191077,0
191078,0
191079,0
191080,0
191081,0
191082,0
191083,3
191084,0
191085,0
191086,0
191087,0
191088,0
191089,0
191090,0
191091,0
191092,0
191093,0
191094,2
191095,0
191096,0
191097,0
191098,0
191099,0
191100,1
191101,0
191102,0
191103,3
191104,0
191105,0
191106,0
191107,0
191108,0
191109,0
191110,2
191111,0
191112,1
191113,0
191114,0
191115,2
191116,0
191117,0
191118,0
191119,0
191120,0
191121,0
191122,0
191123,0
191124,0
191125,0
191126,0
191127,0
191128,2
191129,0
191130,0
191131,0
191132,0
191133,0
191134,0
191135,0
191136,0
191137,1
191138,2
191139,0
191140,0
191141,0
191142,2
191143,0
191144,0
191145,0
191146,0
191147,0
191148,0
191149,0
191150,0
191151,0
191152,0
191153,0
191154,0
191155,0
191156,0
191157,0
191158,0
191159,0
191160,0
191161,0
191162,0
191163,0
191164,5
191165,0
191166,0
191167,0
191168,0
191169,6
191170,0
191171,0
191172,0
191173,0
191174,0
191175,0
191176,0
191177,0
191178,4
191179,0
191180,0
191181,0
191182,0
191183,1
191184,0
191185,1
191186,0
191187,0
191188,4
191189,0
191190,0
191191,0
191192,0
191193,0
191194,0
191195,0
191196,0
191197,0
191198,0
191199,0
191200,0
191201,0
191202,0
191203,7
191204,0
191205,0
191206,0
191207,0
191208,0
191209,2
191210,2
191211,0
191212,0
191213,0
191214,0
191215,0
191216,0
191217,0
191218,0
191219,3
191220,0
191221,0
191222,2
191223,0
191224,0
191225,0
191226,0
191227,2
191228,0
191229,0
191230,5
191231,0
191232,0
191233,0
191234,0
191235,1
191236,0
191237,3
191238,0
191239,0
191240,0
191241,0
191242,0
191243,1
191244,1
191245,0
191246,0
191247,0
191248,0
191249,2
191250,0
191251,1
191252,0
191253,1
191254,1
191255,0
191256,2
191257,0
191258,0
191259,0
191260,0
191261,0
191262,0
191263,0
191264,0
191265,0
191266,0
191267,3
191268,0
191269,0
191270,0
191271,0
191272,0
191273,0
191274,0
191275,0
191276,6
191277,0
191278,0
191279,0
191280,0
191281,4
191282,0
191283,0
191284,1
191285,0
191286,0
191287,3
191288,0
191289,0
191290,0
191291,0
191292,0
191293,0
191294,1
191295,0
191296,0
191297,0
191298,0
191299,0
191300,0
191301,0
191302,2
191303,0
191304,0
191305,0
191306,0
191307,1
191308,0
191309,4
191310,0
191311,5
191312,0
191313,0
191314,0
191315,0
191316,1
191317,0
191318,0
191319,0
191320,0
191321,0
191322,0
191323,2
191324,0
191325,0
191326,4
191327,0
191328,2
191329,0
191330,0
191331,0
191332,0
191333,0
191334,0
191335,0
191336,1
191337,0
191338,0
191339,0
191340,3
191341,0
191342,0
191343,4
191344,0
191345,0
191346,0
191347,4
191348,3
191349,0
191350,3
191351,0
191352,0
191353,0
191354,0
191355,0
191356,0
191357,0
191358,0
191359,0
191360,0
191361,0
191362,2
191363,0
191364,0
191365,0
191366,2
191367,0
191368,0
191369,0
191370,0
191371,0
191372,0
191373,0
191374,0
191375,0
191376,0
191377,0
191378,2
191379,0
191380,3
191381,0
191382,0
191383,2
191384,2
191385,0
191386,0
191387,0
191388,2
191389,2
191390,2
191391,0
191392,0
191393,2
191394,1
191395,0
191396,0
191397,0
191398,0
191399,0
191400,0
191401,0
191402,0
191403,0
191404,0
191405,0
191406,1
191407,6
191408,0
191409,0
191410,0
191411,0
191412,0
191413,0
191414,0
191415,0
191416,0
191417,0
191418,0
191419,0
191420,0
191421,0
191422,0
191423,0
191424,0
191425,0
191426,0
191427,0
191428,0
191429,0
191430,0
191431,0
191432,0
191433,0
191434,0
191435,0
191436,1
191437,0
191438,0
191439,0
191440,1
191441,2
191442,0
191443,0
191444,0
191445,0
191446,0
191447,0
191448,5
191449,1
191450,2
191451,2
191452,0
191453,0
191454,0
191455,0
191456,0
191457,1
191458,0
191459,0
191460,0
191461,0
191462,0
191463,0
191464,0
191465,5
191466,0
191467,0
191468,3
191469,0
191470,1
191471,2
191472,0
191473,0
191474,0
191475,0
191476,0
191477,0
191478,0
191479,3
191480,0
191481,0
191482,1
191483,0
191484,0
191485,0
191486,0
191487,0
191488,0
191489,0
191490,0
191491,0
191492,0
191493,2
191494,0
191495,0
191496,0
191497,0
191498,0
191499,0
191500,2
191501,0
191502,3
191503,0
191504,2
191505,0
191506,0
191507,0
191508,0
191509,1
191510,1
191511,0
191512,1
191513,0
191514,0
191515,0
191516,0
191517,0
191518,0
191519,0
191520,0
191521,0
191522,0
191523,3
191524,1
191525,0
191526,0
191527,0
191528,0
191529,0
191530,3
191531,0
191532,4
191533,0
191534,1
191535,0
191536,0
191537,0
191538,0
191539,0
191540,0
191541,0
191542,0
191543,2
191544,2
191545,0
191546,1
191547,1
191548,0
191549,0
191550,0
191551,0
191552,0
191553,0
191554,0
191555,0
191556,0
191557,0
191558,0
191559,0
191560,0
191561,0
191562,0
191563,0
191564,0
191565,0
191566,0
191567,0
191568,0
191569,0
191570,0
191571,0
191572,0
191573,0
191574,0
191575,2
191576,0
191577,0
191578,0
191579,0
191580,2
191581,0
191582,0
191583,0
191584,0
191585,0
191586,0
191587,6
191588,0
191589,0
191590,0
191591,0
191592,0
191593,0
191594,0
191595,4
191596,0
191597,0
191598,0
191599,0
191600,0
191601,1
191602,0
191603,0
191604,0
191605,0
191606,0
191607,0
191608,0
191609,0
191610,0
191611,0
191612,0
191613,0
191614,0
191615,0
191616,0
191617,0
191618,0
191619,3
191620,0
191621,0
191622,2
191623,0
191624,0
191625,0
191626,0
191627,0
191628,3
191629,0
191630,0
191631,0
191632,0
191633,3
191634,0
191635,0
191636,0
191637,3
191638,2
191639,0
191640,5
191641,0
191642,0
191643,2
191644,0
191645,0
191646,4
191647,0
191648,0
191649,0
191650,0
191651,0
191652,6
191653,0
191654,0
191655,0
191656,0
191657,0
191658,0
191659,0
191660,0
191661,0
191662,0
191663,0
191664,0
191665,0
191666,0
191667,0
191668,0
191669,0
191670,0
191671,0
191672,14
191673,21
191674,0
191675,0
191676,0
191677,0
191678,0
191679,0
191680,0
191681,0
191682,0
191683,25
191684,0
191685,0
191686,0
191687,0
191688,0
191689,0
191690,0
191691,0
191692,11
191693,0
191694,0
191695,0
191696,0
191697,0
191698,38
191699,32
191700,0
191701,0
191702,0
191703,0
191704,0
191705,0
191706,0
191707,0
191708,0
191709,0
191710,0
191711,0
191712,0
191713,0
191714,33
191715,0
191716,0
191717,0
191718,47
191719,0
191720,0
191721,26
191722,0
191723,0
191724,0
191725,0
191726,0
191727,0
191728,0
191729,0
191730,35
191731,0
191732,0
191733,0
191734,0
191735,0
191736,0
191737,0
191738,31
191739,0
191740,0
191741,40
191742,0
191743,0
191744,34
191745,0
191746,0
191747,0
191748,0
191749,0
191750,0
191751,0
191752,0
191753,0
191754,36
191755,0
191756,0
191757,0
191758,0
191759,0
191760,0
191761,0
191762,0
191763,36
191764,0
191765,0
191766,0
191767,0
191768,0
191769,0
191770,0
191771,0
191772,0
191773,0
191774,34
191775,0
191776,27
191777,35
191778,0
191779,0
191780,0
191781,0
191782,50
191783,0
191784,0
191785,0
191786,36
191787,0
191788,28
191789,0
191790,10
191791,0
191792,0
191793,0
191794,0
191795,3
191796,0
191797,0
191798,8
191799,0
191800,0
191801,0
191802,0
191803,0
191804,0
191805,7
191806,0
191807,0
191808,0
191809,0
191810,0
191811,9
191812,0
191813,2
191814,0
191815,0
191816,0
191817,0
191818,0
191819,0
191820,0
191821,0
191822,0
191823,11
191824,0
191825,7
191826,0
191827,0
191828,0
191829,3
191830,0
191831,12
191832,0
191833,0
191834,0
191835,2
191836,0
191837,4
191838,0
191839,0
191840,0
191841,7
191842,3
191843,3
191844,14
191845,0
191846,0
191847,0
191848,7
191849,0
191850,5
191851,0
191852,0
191853,0
191854,0
191855,0
191856,0
191857,0
191858,0
191859,0
191860,0
191861,0
191862,0
191863,4
191864,10
191865,0
191866,0
191867,0
191868,7
191869,6
191870,0
191871,0
191872,0
191873,0
191874,0
191875,0
191876,0
191877,0
191878,0
191879,0
191880,12
191881,0
191882,0
191883,0
191884,0
191885,0
191886,0
191887,0
191888,0
191889,0
191890,12
191891,12
191892,0
191893,0
191894,0
191895,0
191896,0
191897,14
191898,0
191899,0
191900,0
191901,7
191902,0
191903,0
191904,0
191905,4
191906,7
191907,0
191908,0
191909,0
191910,0
191911,0
191912,0
191913,4
191914,0
191915,0
191916,0
191917,0
191918,4
191919,0
191920,0
191921,0
191922,6
191923,1
191924,0
191925,4
191926,3
191927,0
191928,0
191929,0
191930,0
191931,0
191932,0
191933,0
191934,0
191935,0
191936,0
191937,0
191938,11
191939,0
191940,0
191941,0
191942,13
191943,2
191944,6
191945,0
191946,3
191947,0
191948,0
191949,0
191950,0
191951,0
191952,0
191953,0
191954,9
191955,4
191956,0
191957,6
191958,0
191959,0
191960,0
191961,0
191962,14
191963,0
191964,0
191965,2
191966,0
191967,8
191968,0
191969,7
191970,0
191971,3
191972,16
191973,0
191974,0
191975,0
191976,4
191977,0
191978,0
191979,4
191980,9
191981,0
191982,0
191983,0
191984,3
191985,0
191986,0
191987,0
191988,2
191989,0
191990,0
191991,0
191992,11
191993,0
191994,0
191995,16
191996,0
191997,5
191998,5
191999,1
192000,0
192001,0
192002,0
192003,4
192004,0
192005,0
192006,0
192007,10
192008,0
192009,0
192010,21
192011,6
192012,0
192013,0
192014,0
192015,0
192016,0
192017,0
192018,0
192019,0
192020,0
192021,0
192022,0
192023,10
192024,0
192025,5
192026,0
192027,9
192028,0
192029,0
192030,12
192031,0
192032,0
192033,0
192034,0
192035,0
192036,0
192037,0
192038,0
192039,0
192040,0
192041,0
192042,1
192043,2
192044,0
192045,10
192046,0
192047,6
192048,0
192049,0
192050,0
192051,0
192052,0
192053,0
192054,0
192055,0
192056,0
192057,0
192058,14
192059,12
192060,3
192061,9
192062,0
192063,0
192064,5
192065,0
192066,2
192067,0
192068,0
192069,0
192070,0
192071,3
192072,0
192073,0
192074,0
192075,0
192076,0
192077,0
192078,12
192079,5
192080,0
192081,0
192082,0
192083,5
192084,0
192085,0
192086,0
192087,6
192088,0
192089,2
192090,0
192091,0
192092,0
192093,0
192094,7
192095,0
192096,0
192097,0
192098,7
192099,0
192100,0
192101,6
192102,8
192103,0
192104,0
192105,9
192106,11
192107,0
192108,8
192109,3
192110,0
192111,0
192112,12
192113,6
192114,0
192115,0
192116,2
192117,0
192118,5
192119,0
192120,0
192121,0
192122,0
192123,0
192124,0
192125,0
192126,0
192127,3
192128,0
192129,0
192130,5
192131,0
192132,0
192133,0
192134,4
192135,0
192136,0
192137,8
192138,0
192139,0
192140,0
192141,0
192142,0
192143,6
192144,0
192145,0
192146,0
192147,2
192148,0
192149,0
192150,0
192151,0
192152,0
192153,6
192154,8
192155,0
192156,0
192157,0
192158,0
192159,10
192160,0
192161,11
192162,0
192163,12
192164,0
192165,0
192166,7
192167,0
192168,0
192169,0
192170,0
192171,18
192172,0
192173,0
192174,0
192175,0
192176,0
192177,0
192178,0
192179,0
192180,0
192181,4
192182,2
192183,0
192184,5
192185,4
192186,0
192187,0
192188,0
192189,7
192190,0
192191,6
192192,4
192193,0
192194,0
192195,0
192196,3
192197,0
192198,8
192199,0
192200,0
192201,0
192202,0
192203,9
192204,0
192205,0
192206,6
192207,0
192208,0
192209,0
192210,0
192211,0
192212,0
192213,3
192214,0
192215,4
192216,0
192217,0
192218,0
192219,0
192220,5
192221,3
192222,3
192223,0
192224,9
192225,9
192226,0
192227,0
192228,8
192229,0
192230,0
192231,0
192232,0
192233,0
192234,0
192235,6
192236,0
192237,0
192238,0
192239,0
192240,11
192241,0
192242,0
192243,0
192244,0
192245,0
192246,6
192247,5
192248,0
192249,0
192250,0
192251,0
192252,15
192253,0
192254,0
192255,0
192256,0
192257,0
192258,4
192259,0
192260,0
192261,0
192262,7
192263,0
192264,0
192265,0
192266,1
192267,0
192268,0
192269,0
192270,4
192271,0
192272,0
192273,0
192274,0
192275,0
192276,0
192277,0
192278,0
192279,0
192280,5
192281,0
192282,0
192283,3
192284,0
192285,0
192286,11
192287,0
192288,8
192289,0
192290,0
192291,0
192292,0
192293,0
192294,0
192295,6
192296,0
192297,0
192298,8
192299,0
192300,0
192301,0
192302,3
192303,0
192304,0
192305,0
192306,3
192307,1
192308,0
192309,0
192310,0
192311,0
192312,11
192313,0
192314,0
192315,0
192316,0
192317,0
192318,5
192319,0
192320,0
192321,0
192322,0
192323,0
192324,0
192325,0
192326,0
192327,0
192328,0
192329,0
192330,4
192331,0
192332,0
192333,4
192334,0
192335,3
192336,0
192337,0
192338,0
192339,0
192340,0
192341,0
192342,0
192343,0
192344,0
192345,0
192346,0
192347,0
192348,0
192349,0
192350,0
192351,0
192352,0
192353,0
192354,0
192355,0
192356,6
192357,0
192358,7
192359,10
192360,9
192361,0
192362,8
192363,4
192364,3
192365,5
192366,0
192367,0
192368,12
192369,0
192370,0
192371,0
192372,0
192373,0
192374,0
192375,0
192376,0
192377,0
192378,0
192379,0
192380,0
192381,0
192382,11
192383,0
192384,0
192385,0
192386,0
192387,0
192388,0
192389,0
192390,0
192391,0
192392,0
192393,0
192394,0
192395,8
192396,0
192397,0
192398,1
192399,3
192400,0
192401,0
192402,4
192403,10
192404,0
192405,0
192406,0
192407,0
192408,0
192409,0
192410,4
192411,0
192412,0
192413,0
192414,0
192415,0
192416,7
192417,4
192418,0
192419,5
192420,3
192421,0
192422,7
192423,4
192424,0
192425,0
192426,0
192427,0
192428,0
192429,0
192430,0
192431,0
192432,0
192433,0
192434,0
192435,5
192436,0
192437,0
192438,0
192439,0
192440,0
192441,0
192442,0
192443,0
192444,2
192445,0
192446,0
192447,0
192448,9
192449,0
192450,0
192451,10
192452,12
192453,0
192454,0
192455,0
192456,0
192457,0
192458,0
192459,0
192460,0
192461,0
192462,4
192463,1
192464,0
192465,0
192466,0
192467,0
192468,5
192469,0
192470,6
192471,0
192472,0
192473,0
192474,0
192475,6
192476,0
192477,0
192478,0
192479,5
192480,5
192481,0
192482,0
192483,1
192484,7
192485,0
192486,0
192487,5
192488,0
192489,0
192490,0
192491,0
192492,3
192493,0
192494,0
192495,0
192496,0
192497,11
192498,0
192499,0
192500,0
192501,0
192502,0
192503,0
192504,0
192505,4
192506,0
192507,0
192508,0
192509,0
192510,0
192511,0
192512,0
192513,0
192514,0
192515,0
192516,0
192517,0
192518,7
192519,0
192520,0
192521,0
192522,0
192523,5
192524,0
192525,0
192526,0
192527,0
192528,0
192529,0
192530,0
192531,0
192532,0
192533,0
192534,0
192535,0
192536,0
192537,0
192538,0
192539,12
192540,0
192541,8
192542,8
192543,0
192544,0
192545,0
192546,0
192547,0
192548,0
192549,0
192550,0
192551,8
192552,9
192553,13
192554,10
192555,0
192556,0
192557,11
192558,9
192559,0
192560,0
192561,7
192562,0
192563,0
192564,0
192565,0
192566,0
192567,0
192568,0
192569,0
192570,0
192571,0
192572,5
192573,0
192574,0
192575,0
192576,0
192577,0
192578,0
192579,0
192580,0
192581,8
192582,5
192583,0
192584,0
192585,7
192586,0
192587,0
192588,6
192589,8
192590,0
192591,0
192592,0
192593,6
192594,0
192595,0
192596,0
192597,0
192598,6
192599,0
192600,0
192601,0
192602,0
192603,26
192604,21
192605,0
192606,0
192607,0
192608,0
192609,0
192610,20
192611,0
192612,20
192613,0
192614,0
192615,0
192616,0
192617,0
192618,22
192619,0
192620,0
192621,0
192622,0
192623,0
192624,0
192625,0
192626,0
192627,0
192628,0
192629,0
192630,0
192631,0
192632,0
192633,0
192634,0
192635,28
192636,0
192637,0
192638,0
192639,0
192640,0
192641,0
192642,0
192643,0
192644,0
192645,0
192646,0
192647,0
192648,34
192649,0
192650,0
192651,0
192652,0
192653,0
192654,0
192655,0
192656,0
192657,0
192658,0
192659,0
192660,0
192661,0
192662,0
192663,0
192664,0
192665,0
192666,0
192667,0
192668,0
192669,0
192670,0
192671,0
192672,0
192673,0
192674,0
192675,11
192676,0
192677,0
192678,0
192679,0
192680,36
192681,0
192682,0
192683,0
192684,0
192685,0
192686,0
192687,0
192688,0
192689,0
192690,0
192691,0
192692,0
192693,0
192694,0
192695,0
192696,0
192697,0
192698,0
192699,23
192700,0
192701,0
192702,0
192703,0
192704,27
192705,0
192706,0
192707,0
192708,0
192709,41
192710,0
192711,22
192712,0
192713,0
192714,0
192715,0
192716,0
192717,0
192718,0
192719,0
192720,0
192721,0
192722,19
192723,0
192724,0
192725,0
192726,0
192727,0
192728,0
192729,0
192730,0
192731,0
192732,0
192733,0
192734,0
192735,0
192736,0
192737,0
192738,0
192739,0
192740,0
192741,0
192742,0
192743,0
192744,0
192745,0
192746,19
192747,19
192748,0
192749,39
192750,0
192751,0
192752,0
192753,0
192754,0
192755,0
192756,0
192757,0
192758,0
192759,0
192760,21
192761,25
192762,0
192763,0
192764,0
192765,0
192766,0
192767,0
192768,0
192769,0
192770,0
192771,0
192772,28
192773,0
192774,0
192775,0
192776,0
192777,0
192778,0
192779,0
192780,0
192781,0
192782,0
192783,0
192784,0
192785,0
192786,0
192787,0
192788,0
192789,0
192790,0
192791,0
192792,0
192793,0
192794,12
192795,0
192796,0
192797,0
192798,0
192799,0
192800,0
192801,0
192802,0
192803,0
192804,0
192805,0
192806,0
192807,0
192808,0
192809,0
192810,0
192811,0
192812,0
192813,0
192814,0
192815,0
192816,0
192817,0
192818,0
192819,0
192820,0
192821,0
192822,0
192823,0
192824,28
192825,0
192826,0
192827,0
192828,0
192829,0
192830,0
192831,0
192832,0
192833,0
192834,24
192835,0
192836,0
192837,0
192838,0
192839,0
192840,0
192841,0
192842,0
192843,0
192844,0
192845,0
192846,0
192847,0
192848,0
192849,0
192850,28
192851,0
192852,32
192853,0
192854,27
192855,0
192856,25
192857,19
192858,0
192859,0
192860,0
192861,0
192862,0
192863,0
192864,0
192865,0
192866,0
192867,0
192868,24
192869,14
192870,0
192871,0
192872,0
192873,0
192874,0
192875,0
192876,0
192877,0
192878,0
192879,0
192880,0
192881,24
192882,26
192883,0
192884,0
192885,0
192886,0
192887,0
192888,21
192889,0
192890,0
192891,0
192892,12
192893,0
192894,0
192895,0
192896,0
192897,0
192898,0
192899,0
192900,0
192901,0
192902,0
192903,0
192904,0
192905,0
192906,0
192907,0
192908,0
192909,0
192910,0
192911,0
192912,0
192913,0
192914,0
192915,0
192916,0
192917,0
192918,0
192919,0
192920,0
192921,0
192922,0
192923,0
192924,0
192925,0
192926,0
192927,0
192928,0
192929,0
192930,0
192931,0
192932,0
192933,0
192934,32
192935,0
192936,0
192937,0
192938,0
192939,0
192940,0
192941,18
192942,0
192943,0
192944,33
192945,0
192946,0
192947,0
192948,0
192949,0
192950,0
192951,0
192952,0
192953,0
192954,0
192955,0
192956,0
192957,0
192958,0
192959,0
192960,0
192961,0
192962,0
192963,0
192964,21
192965,0
192966,0
192967,21
192968,16
192969,0
192970,0
192971,0
192972,0
192973,0
192974,0
192975,0
192976,0
192977,0
192978,0
192979,0
192980,0
192981,0
192982,0
192983,0
192984,0
192985,0
192986,0
192987,0
192988,0
192989,0
192990,0
192991,0
192992,0
192993,0
192994,0
192995,0
192996,0
192997,0
192998,0
192999,0
193000,0
193001,0
193002,0
193003,0
193004,0
193005,0
193006,0
193007,0
193008,0
193009,0
193010,0
193011,0
193012,0
193013,0
193014,0
193015,0
193016,0
193017,0
193018,0
193019,0
193020,0
193021,0
193022,26
193023,0
193024,0
193025,0
193026,0
193027,0
193028,0
193029,0
193030,15
193031,0
193032,0
193033,0
193034,0
193035,0
193036,0
193037,0
193038,0
193039,0
193040,0
193041,0
193042,21
193043,0
193044,0
193045,0
193046,0
193047,27
193048,0
193049,0
193050,0
193051,0
193052,0
193053,0
193054,0
193055,0
193056,0
193057,0
193058,0
193059,0
193060,0
193061,0
193062,0
193063,0
193064,0
193065,19
193066,0
193067,0
193068,0
193069,0
193070,0
193071,0
193072,0
193073,0
193074,0
193075,0
193076,0
193077,0
193078,0
193079,0
193080,0
193081,0
193082,0
193083,0
193084,0
193085,0
193086,0
193087,0
193088,0
193089,0
193090,0
193091,0
193092,0
193093,20
193094,0
193095,0
193096,0
193097,0
193098,0
193099,0
193100,34
193101,29
193102,0
193103,0
193104,0
193105,0
193106,0
193107,0
193108,16
193109,0
193110,0
193111,0
193112,0
193113,0
193114,0
193115,0
193116,0
193117,0
193118,0
193119,0
193120,0
193121,0
193122,0
193123,0
193124,0
193125,0
193126,0
193127,0
193128,0
193129,0
193130,0
193131,0
193132,0
193133,0
193134,0
193135,0
193136,29
193137,0
193138,0
193139,0
193140,0
193141,0
193142,0
193143,0
193144,0
193145,0
193146,0
193147,0
193148,0
193149,0
193150,0
193151,0
193152,0
193153,0
193154,0
193155,0
193156,0
193157,0
193158,0
193159,0
193160,0
193161,0
193162,0
193163,0
193164,0
193165,0
193166,0
193167,0
193168,0
193169,0
193170,0
193171,0
193172,0
193173,0
193174,0
193175,0
193176,25
193177,0
193178,0
193179,0
193180,0
193181,0
193182,0
193183,0
193184,0
193185,0
193186,0
193187,0
193188,0
193189,0
193190,0
193191,0
193192,0
193193,0
193194,0
193195,0
193196,0
193197,0
193198,0
193199,0
193200,0
193201,0
193202,0
193203,22
193204,0
193205,0
193206,0
193207,0
193208,0
193209,0
193210,0
193211,0
193212,0
193213,0
193214,0
193215,0
193216,36
193217,0
193218,0
193219,0
193220,0
193221,0
193222,0
193223,28
193224,0
193225,0
193226,0
193227,23
193228,0
193229,0
193230,0
193231,14
193232,0
193233,0
193234,0
193235,0
193236,0
193237,0
193238,0
193239,0
193240,0
193241,0
193242,0
193243,0
193244,0
193245,0
193246,0
193247,22
193248,0
193249,0
193250,0
193251,0
193252,0
193253,0
193254,20
193255,0
193256,0
193257,0
193258,0
193259,0
193260,0
193261,0
193262,0
193263,0
193264,0
193265,0
193266,0
193267,0
193268,0
193269,0
193270,0
193271,0
193272,0
193273,0
193274,0
193275,0
193276,0
193277,0
193278,0
193279,0
193280,24
193281,27
193282,21
193283,0
193284,0
193285,0
193286,0
193287,0
193288,0
193289,0
193290,0
193291,0
193292,0
193293,0
193294,0
193295,18
193296,0
193297,0
193298,0
193299,21
193300,0
193301,0
193302,0
193303,0
193304,0
193305,0
193306,0
193307,11
193308,0
193309,0
193310,0
193311,0
193312,43
193313,0
193314,0
193315,0
193316,0
193317,0
193318,0
193319,0
193320,0
193321,0
193322,0
193323,28
193324,0
193325,0
193326,20
193327,0
193328,0
193329,0
193330,0
193331,0
193332,25
193333,0
193334,0
193335,0
193336,0
193337,0
193338,0
193339,0
193340,0
193341,0
193342,0
193343,0
193344,28
193345,0
193346,0
193347,0
193348,0
193349,26
193350,0
193351,20
193352,0
193353,0
193354,0
193355,0
193356,0
193357,0
193358,0
193359,0
193360,0
193361,0
193362,23
193363,0
193364,0
193365,0
193366,0
193367,0
193368,0
193369,0
193370,23
193371,0
193372,0
193373,0
193374,0
193375,0
193376,0
193377,15
193378,0
193379,0
193380,0
193381,0
193382,19
193383,0
193384,0
193385,0
193386,38
193387,0
193388,0
193389,0
193390,11
193391,0
193392,0
193393,0
193394,0
193395,0
193396,0
193397,0
193398,0
193399,22
193400,0
193401,0
193402,0
193403,0
193404,0
193405,0
193406,11
193407,0
193408,0
193409,0
193410,0
193411,0
193412,0
193413,0
193414,0
193415,0
193416,0
193417,13
193418,13
193419,0
193420,0
193421,0
193422,0
193423,0
193424,0
193425,0
193426,0
193427,0
193428,14
193429,0
193430,0
193431,0
193432,0
193433,0
193434,0
193435,0
193436,22
193437,0
193438,0
193439,0
193440,0
193441,0
193442,0
193443,0
193444,0
193445,0
193446,0
193447,0
193448,0
193449,0
193450,0
193451,0
193452,0
193453,0
193454,0
193455,0
193456,0
193457,0
193458,0
193459,0
193460,0
193461,0
193462,0
193463,0
193464,0
193465,0
193466,0
193467,0
193468,0
193469,0
193470,0
193471,0
193472,0
193473,0
193474,13
193475,0
193476,0
193477,0
193478,0
193479,0
193480,0
193481,0
193482,0
193483,0
193484,0
193485,22
193486,0
193487,0
193488,0
193489,0
193490,0
193491,0
193492,0
193493,0
193494,0
193495,0
193496,0
193497,0
193498,27
193499,0
193500,0
193501,0
193502,0
193503,0
193504,0
193505,32
193506,25
193507,0
193508,22
193509,0
193510,0
193511,0
193512,0
193513,0
193514,0
193515,0
193516,0
193517,0
193518,0
193519,0
193520,0
193521,0
193522,0
193523,0
193524,0
193525,0
193526,0
193527,0
193528,0
193529,0
193530,0
193531,0
193532,0
193533,0
193534,0
193535,0
193536,0
193537,0
193538,0
193539,0
193540,0
193541,0
193542,0
193543,0
193544,0
193545,0
193546,0
193547,1
193548,0
193549,0
193550,1
193551,0
193552,0
193553,0
193554,0
193555,0
193556,0
193557,0
193558,0
193559,0
193560,0
193561,0
193562,0
193563,0
193564,0
193565,0
193566,0
193567,0
193568,0
193569,0
193570,0
193571,0
193572,0
193573,0
193574,0
193575,0
193576,0
193577,0
193578,0
193579,0
193580,0
193581,0
193582,0
193583,0
193584,2
193585,0
193586,0
193587,0
193588,0
193589,0
193590,0
193591,0
193592,0
193593,0
193594,0
193595,0
193596,0
193597,0
193598,0
193599,0
193600,2
193601,3
193602,0
193603,2
193604,0
193605,0
193606,0
193607,5
193608,0
193609,0
193610,0
193611,0
193612,0
193613,0
193614,0
193615,0
193616,0
193617,0
193618,0
193619,0
193620,0
193621,0
193622,0
193623,0
193624,0
193625,1
193626,0
193627,0
193628,0
193629,1
193630,0
193631,0
193632,0
193633,0
193634,0
193635,0
193636,0
193637,0
193638,0
193639,0
193640,0
193641,0
193642,0
193643,0
193644,0
193645,0
193646,0
193647,0
193648,0
193649,0
193650,0
193651,0
193652,0
193653,0
193654,0
193655,0
193656,0
193657,0
193658,0
193659,0
193660,0
193661,0
193662,0
193663,0
193664,0
193665,0
193666,0
193667,0
193668,0
193669,0
193670,1
193671,0
193672,0
193673,1
193674,0
193675,0
193676,0
193677,0
193678,0
193679,0
193680,0
193681,1
193682,0
193683,4
193684,1
193685,0
193686,0
193687,0
193688,0
193689,0
193690,0
193691,1
193692,0
193693,0
193694,0
193695,3
193696,0
193697,2
193698,0
193699,0
193700,0
193701,0
193702,0
193703,1
193704,0
193705,0
193706,0
193707,0
193708,0
193709,0
193710,2
193711,0
193712,0
193713,1
193714,0
193715,0
193716,0
193717,0
193718,0
193719,0
193720,0
193721,0
193722,1
193723,0
193724,0
193725,0
193726,0
193727,0
193728,0
193729,0
193730,0
193731,0
193732,0
193733,0
193734,0
193735,0
193736,0
193737,0
193738,0
193739,0
193740,2
193741,0
193742,0
193743,3
193744,0
193745,0
193746,0
193747,0
193748,0
193749,0
193750,0
193751,0
193752,0
193753,0
193754,0
193755,0
193756,0
193757,0
193758,1
193759,0
193760,0
193761,0
193762,0
193763,0
193764,0
193765,0
193766,0
193767,0
193768,0
193769,0
193770,0
193771,0
193772,0
193773,0
193774,0
193775,0
193776,2
193777,0
193778,2
193779,0
193780,0
193781,0
193782,0
193783,2
193784,0
193785,3
193786,0
193787,4
193788,0
193789,0
193790,0
193791,0
193792,3
193793,0
193794,0
193795,0
193796,0
193797,0
193798,0
193799,1
193800,0
193801,0
193802,0
193803,0
193804,0
193805,1
193806,0
193807,0
193808,2
193809,0
193810,0
193811,0
193812,3
193813,0
193814,0
193815,0
193816,1
193817,0
193818,0
193819,0
193820,1
193821,0
193822,0
193823,0
193824,2
193825,0
193826,0
193827,0
193828,0
193829,0
193830,0
193831,5
193832,0
193833,0
193834,1
193835,0
193836,2
193837,0
193838,0
193839,0
193840,0
193841,0
193842,0
193843,0
193844,0
193845,0
193846,0
193847,0
193848,0
193849,1
193850,0
193851,0
193852,0
193853,0
193854,0
193855,0
193856,0
193857,0
193858,0
193859,0
193860,0
193861,0
193862,0
193863,2
193864,0
193865,2
193866,0
193867,0
193868,0
193869,0
193870,2
193871,1
193872,3
193873,0
193874,0
193875,2
193876,0
193877,0
193878,0
193879,0
193880,0
193881,0
193882,0
193883,0
193884,0
193885,0
193886,0
193887,0
193888,0
193889,0
193890,0
193891,0
193892,0
193893,0
193894,0
193895,0
193896,0
193897,0
193898,0
193899,1
193900,0
193901,0
193902,0
193903,0
193904,0
193905,0
193906,0
193907,0
193908,0
193909,0
193910,2
193911,0
193912,0
193913,0
193914,1
193915,0
193916,0
193917,0
193918,5
193919,0
193920,0
193921,3
193922,0
193923,0
193924,0
193925,2
193926,0
193927,1
193928,1
193929,0
193930,0
193931,0
193932,0
193933,0
193934,0
193935,0
193936,0
193937,0
193938,0
193939,0
193940,1
193941,0
193942,0
193943,0
193944,0
193945,0
193946,0
193947,0
193948,0
193949,0
193950,0
193951,0
193952,0
193953,0
193954,0
193955,0
193956,1
193957,0
193958,0
193959,0
193960,2
193961,0
193962,0
193963,0
193964,1
193965,0
193966,0
193967,0
193968,3
193969,0
193970,3
193971,0
193972,0
193973,3
193974,0
193975,0
193976,0
193977,0
193978,0
193979,1
193980,0
193981,0
193982,0
193983,0
193984,0
193985,1
193986,0
193987,0
193988,3
193989,0
193990,0
193991,0
193992,2
193993,0
193994,1
193995,0
193996,0
193997,1
193998,0
193999,0
194000,0
194001,0
194002,0
194003,0
194004,0
194005,1
194006,0
194007,0
194008,1
194009,0
194010,0
194011,0
194012,0
194013,3
194014,0
194015,0
194016,0
194017,0
194018,1
194019,0
194020,0
194021,0
194022,0
194023,0
194024,0
194025,6
194026,0
194027,0
194028,0
194029,0
194030,0
194031,0
194032,0
194033,0
194034,0
194035,0
194036,0
194037,0
194038,0
194039,0
194040,0
194041,0
194042,0
194043,0
194044,0
194045,5
194046,0
194047,0
194048,0
194049,0
194050,0
194051,0
194052,0
194053,0
194054,2
194055,0
194056,3
194057,0
194058,1
194059,2
194060,1
194061,0
194062,0
194063,0
194064,0
194065,1
194066,0
194067,0
194068,0
194069,0
194070,0
194071,0
194072,0
194073,0
194074,0
194075,0
194076,0
194077,0
194078,0
194079,0
194080,0
194081,0
194082,0
194083,0
194084,0
194085,0
194086,0
194087,0
194088,0
194089,0
194090,1
194091,4
194092,0
194093,2
194094,2
194095,0
194096,0
194097,0
194098,0
194099,2
194100,0
194101,0
194102,0
194103,0
194104,0
194105,0
194106,0
194107,0
194108,0
194109,0
194110,0
194111,0
194112,0
194113,0
194114,0
194115,0
194116,0
194117,0
194118,0
194119,0
194120,0
194121,0
194122,1
194123,0
194124,0
194125,0
194126,0
194127,0
194128,0
194129,0
194130,0
194131,0
194132,0
194133,0
194134,0
194135,0
194136,0
194137,1
194138,0
194139,0
194140,0
194141,0
194142,0
194143,0
194144,0
194145,0
194146,0
194147,0
194148,0
194149,0
194150,0
194151,0
194152,0
194153,0
194154,0
194155,3
194156,0
194157,0
194158,0
194159,0
194160,0
194161,0
194162,0
194163,0
194164,0
194165,2
194166,0
194167,0
194168,0
194169,0
194170,0
194171,0
194172,0
194173,0
194174,0
194175,0
194176,0
194177,0
194178,0
194179,0
194180,0
194181,0
194182,0
194183,0
194184,0
194185,2
194186,0
194187,0
194188,1
194189,1
194190,0
194191,0
194192,0
194193,0
194194,0
194195,0
194196,2
194197,0
194198,0
194199,0
194200,0
194201,0
194202,1
194203,0
194204,0
194205,0
194206,0
194207,0
194208,0
194209,4
194210,0
194211,0
194212,0
194213,0
194214,0
194215,0
194216,0
194217,0
194218,0
194219,0
194220,0
194221,0
194222,0
194223,1
194224,0
194225,1
194226,2
194227,0
194228,0
194229,3
194230,0
194231,0
194232,0
194233,0
194234,0
194235,0
194236,0
194237,0
194238,1
194239,0
194240,0
194241,0
194242,0
194243,0
194244,0
194245,0
194246,0
194247,0
194248,0
194249,0
194250,1
194251,2
194252,0
194253,0
194254,0
194255,1
194256,2
194257,0
194258,0
194259,2
194260,0
194261,0
194262,0
194263,0
194264,0
194265,0
194266,0
194267,0
194268,0
194269,0
194270,0
194271,0
194272,0
194273,1
194274,0
194275,3
194276,0
194277,0
194278,0
194279,0
194280,0
194281,0
194282,0
194283,0
194284,0
194285,0
194286,0
194287,0
194288,0
194289,0
194290,0
194291,0
194292,3
194293,0
194294,0
194295,0
194296,0
194297,0
194298,0
194299,0
194300,0
194301,0
194302,0
194303,0
194304,6
194305,0
194306,0
194307,0
194308,0
194309,0
194310,0
194311,0
194312,0
194313,0
194314,0
194315,0
194316,9
194317,0
194318,0
194319,0
194320,0
194321,0
194322,0
194323,0
194324,0
194325,7
194326,6
194327,0
194328,0
194329,0
194330,0
194331,0
194332,0
194333,16
194334,0
194335,0
194336,0
194337,0
194338,0
194339,0
194340,0
194341,0
194342,0
194343,0
194344,0
194345,0
194346,0
194347,0
194348,0
194349,14
194350,0
194351,0
194352,0
194353,10
194354,0
194355,0
194356,0
194357,0
194358,0
194359,0
194360,6
194361,0
194362,0
194363,0
194364,13
194365,0
194366,0
194367,0
194368,0
194369,0
194370,11
194371,0
194372,0
194373,0
194374,8
194375,0
194376,11
194377,12
194378,0
194379,0
194380,0
194381,0
194382,0
194383,0
194384,0
194385,0
194386,0
194387,0
194388,6
194389,6
194390,0
194391,0
194392,16
194393,8
194394,9
194395,7
194396,5
194397,0
194398,0
194399,0
194400,0
194401,5
194402,0
194403,0
194404,0
194405,10
194406,0
194407,0
194408,0
194409,0
194410,0
194411,0
194412,0
194413,0
194414,0
194415,13
194416,0
194417,8
194418,0
194419,0
194420,0
194421,9
194422,0
194423,16
194424,0
194425,0
194426,0
194427,0
194428,0
194429,0
194430,5
194431,0
194432,5
194433,0
194434,0
194435,10
194436,0
194437,0
194438,0
194439,0
194440,0
194441,3
194442,0
194443,8
194444,0
194445,10
194446,0
194447,10
194448,0
194449,0
194450,0
194451,11
194452,0
194453,0
194454,0
194455,0
194456,6
194457,9
194458,0
194459,0
194460,0
194461,0
194462,10
194463,0
194464,12
194465,0
194466,0
194467,8
194468,0
194469,0
194470,0
194471,0
194472,0
194473,0
194474,6
194475,0
194476,10
194477,0
194478,0
194479,0
194480,0
194481,0
194482,10
194483,0
194484,0
194485,0
194486,0
194487,7
194488,0
194489,0
194490,0
194491,0
194492,0
194493,0
194494,0
194495,0
194496,0
194497,0
194498,0
194499,0
194500,0
194501,7
194502,0
194503,0
194504,0
194505,0
194506,8
194507,0
194508,0
194509,0
194510,7
194511,0
194512,11
194513,0
194514,0
194515,0
194516,0
194517,0
194518,0
194519,0
194520,11
194521,0
194522,0
194523,0
194524,0
194525,0
194526,0
194527,0
194528,0
194529,0
194530,0
194531,0
194532,0
194533,0
194534,0
194535,0
194536,0
194537,0
194538,0
194539,7
194540,0
194541,0
194542,0
194543,0
194544,0
194545,0
194546,0
194547,10
194548,0
194549,0
194550,0
194551,8
194552,0
194553,0
194554,0
194555,0
194556,0
194557,12
194558,0
194559,7
194560,7
194561,0
194562,0
194563,0
194564,0
194565,0
194566,0
194567,0
194568,6
194569,0
194570,0
194571,0
194572,0
194573,0
194574,0
194575,0
194576,0
194577,0
194578,0
194579,0
194580,0
194581,12
194582,0
194583,0
194584,0
194585,0
194586,0
194587,12
194588,0
194589,3
194590,5
194591,0
194592,0
194593,0
194594,0
194595,9
194596,0
194597,8
194598,0
194599,7
194600,6
194601,0
194602,0
194603,0
194604,0
194605,0
194606,0
194607,0
194608,0
194609,0
194610,11
194611,0
194612,0
194613,6
194614,11
194615,0
194616,0
194617,0
194618,0
194619,0
194620,0
194621,0
194622,0
194623,0
194624,0
194625,0
194626,0
194627,10
194628,0
194629,0
194630,0
194631,10
194632,0
194633,0
194634,0
194635,13
194636,10
194637,10
194638,7
194639,0
194640,16
194641,0
194642,3
194643,7
194644,0
194645,7
194646,0
194647,14
194648,3
194649,10
194650,0
194651,0
194652,10
194653,0
194654,0
194655,0
194656,0
194657,0
194658,0
194659,0
194660,0
194661,0
194662,0
194663,0
194664,0
194665,6
194666,0
194667,0
194668,0
194669,0
194670,0
194671,0
194672,0
194673,0
194674,0
194675,0
194676,0
194677,7
194678,0
194679,0
194680,0
194681,13
194682,0
194683,0
194684,0
194685,0
194686,0
194687,10
194688,0
194689,0
194690,0
194691,0
194692,10
194693,7
194694,0
194695,12
194696,0
194697,0
194698,0
194699,10
194700,0
194701,7
194702,0
194703,0
194704,0
194705,10
194706,0
194707,0
194708,0
194709,0
194710,13
194711,10
194712,0
194713,0
194714,0
194715,0
194716,7
194717,12
194718,0
194719,0
194720,0
194721,0
194722,0
194723,0
194724,0
194725,9
194726,4
194727,0
194728,0
194729,11
194730,0
194731,7
194732,0
194733,0
194734,0
194735,0
194736,0
194737,0
194738,9
194739,12
194740,13
194741,6
194742,0
194743,0
194744,0
194745,0
194746,0
194747,0
194748,0
194749,0
194750,10
194751,0
194752,0
194753,0
194754,6
194755,0
194756,8
194757,0
194758,7
194759,0
194760,0
194761,0
194762,0
194763,0
194764,0
194765,0
194766,0
194767,0
194768,0
194769,0
194770,0
194771,0
194772,0
194773,0
194774,0
194775,0
194776,0
194777,7
194778,0
194779,8
194780,0
194781,0
194782,0
194783,0
194784,0
194785,0
194786,12
194787,10
194788,0
194789,0
194790,9
194791,0
194792,0
194793,1
194794,0
194795,0
194796,0
194797,0
194798,8
194799,6
194800,0
194801,7
194802,0
194803,2
194804,0
194805,0
194806,9
194807,6
194808,10
194809,8
194810,0
194811,0
194812,2
194813,0
194814,0
194815,0
194816,13
194817,0
194818,0
194819,7
194820,9
194821,0
194822,0
194823,0
194824,0
194825,0
194826,0
194827,0
194828,0
194829,0
194830,0
194831,0
194832,0
194833,0
194834,0
194835,11
194836,0
194837,0
194838,0
194839,0
194840,0
194841,0
194842,0
194843,0
194844,36
194845,0
194846,0
194847,0
194848,0
194849,0
194850,26
194851,0
194852,33
194853,24
194854,0
194855,0
194856,33
194857,0
194858,0
194859,0
194860,0
194861,0
194862,0
194863,0
194864,46
194865,32
194866,0
194867,0
194868,0
194869,41
194870,27
194871,25
194872,0
194873,0
194874,0
194875,24
194876,0
194877,31
194878,0
194879,0
194880,0
194881,0
194882,0
194883,0
194884,27
194885,0
194886,0
194887,0
194888,0
194889,0
194890,0
194891,0
194892,0
194893,26
194894,39
194895,0
194896,0
194897,0
194898,0
194899,0
194900,28
194901,0
194902,0
194903,0
194904,26
194905,0
194906,0
194907,0
194908,0
194909,0
194910,0
194911,0
194912,0
194913,0
194914,0
194915,0
194916,38
194917,0
194918,27
194919,0
194920,0
194921,0
194922,0
194923,0
194924,0
194925,0
194926,0
194927,0
194928,0
194929,0
194930,27
194931,0
194932,0
194933,0
194934,0
194935,0
194936,0
194937,0
194938,0
194939,0
194940,0
194941,0
194942,0
194943,0
194944,0
194945,27
194946,0
194947,28
194948,0
194949,0
194950,0
194951,0
194952,0
194953,0
194954,0
194955,0
194956,0
194957,0
194958,0
194959,25
194960,0
194961,0
194962,0
194963,0
194964,0
194965,0
194966,0
194967,0
194968,0
194969,0
194970,0
194971,0
194972,0
194973,35
194974,0
194975,0
194976,0
194977,0
194978,22
194979,0
194980,0
194981,0
194982,0
194983,0
194984,17
194985,0
194986,0
194987,0
194988,22
194989,0
194990,0
194991,42
194992,0
194993,0
194994,24
194995,0
194996,0
194997,0
194998,0
194999,27
195000,0
195001,0
195002,0
195003,0
195004,0
195005,34
195006,0
195007,0
195008,0
195009,0
195010,0
195011,0
195012,0
195013,0
195014,0
195015,0
195016,0
195017,0
195018,0
195019,18
195020,0
195021,0
195022,0
195023,0
195024,21
195025,30
195026,0
195027,0
195028,0
195029,32
195030,0
195031,23
195032,0
195033,0
195034,0
195035,0
195036,0
195037,0
195038,22
195039,0
195040,0
195041,0
195042,0
195043,0
195044,34
195045,0
195046,0
195047,0
195048,0
195049,0
195050,0
195051,0
195052,15
195053,0
195054,28
195055,0
195056,0
195057,0
195058,0
195059,37
195060,0
195061,0
195062,0
195063,0
195064,0
195065,0
195066,19
195067,29
195068,0
195069,0
195070,0
195071,0
195072,0
195073,0
195074,0
195075,0
195076,0
195077,0
195078,0
195079,0
195080,0
195081,0
195082,0
195083,0
195084,0
195085,23
195086,47
195087,0
195088,41
195089,0
195090,0
195091,0
195092,0
195093,0
195094,30
195095,0
195096,0
195097,0
195098,0
195099,0
195100,0
195101,0
195102,14
195103,0
195104,0
195105,27
195106,0
195107,0
195108,0
195109,0
195110,0
195111,0
195112,0
195113,0
195114,0
195115,0
195116,0
195117,20
195118,0
195119,0
195120,36
195121,0
195122,0
195123,0
195124,33
195125,0
195126,0
195127,0
195128,29
195129,36
195130,16
195131,35
195132,40
195133,0
195134,0
195135,19
195136,0
195137,0
195138,0
195139,0
195140,0
195141,0
195142,0
195143,27
195144,0
195145,0
195146,0
195147,0
195148,23
195149,26
195150,0
195151,20
195152,0
195153,0
195154,0
195155,0
195156,0
195157,0
195158,0
195159,0
195160,34
195161,29
195162,0
195163,0
195164,26
195165,0
195166,0
195167,0
195168,0
195169,0
195170,29
195171,0
195172,0
195173,0
195174,18
195175,39
195176,0
195177,11
195178,0
195179,0
195180,0
195181,0
195182,0
195183,24
195184,0
195185,0
195186,0
195187,0
195188,0
195189,31
195190,0
195191,27
195192,0
195193,0
195194,29
195195,0
195196,34
195197,0
195198,0
195199,0
195200,0
195201,0
195202,0
195203,35
195204,28
195205,0
195206,0
195207,0
195208,0
195209,0
195210,0
195211,0
195212,0
195213,0
195214,0
195215,0
195216,33
195217,0
195218,0
195219,0
195220,0
195221,0
195222,0
195223,0
195224,0
195225,0
195226,0
195227,0
195228,0
195229,0
195230,0
195231,0
195232,0
195233,41
195234,0
195235,0
195236,0
195237,0
195238,0
195239,0
195240,0
195241,0
195242,42
195243,0
195244,0
195245,41
195246,33
195247,0
195248,0
195249,0
195250,0
195251,0
195252,0
195253,0
195254,0
195255,0
195256,23
195257,0
195258,28
195259,0
195260,0
195261,37
195262,0
195263,39
195264,0
195265,28
195266,0
195267,0
195268,28
195269,0
195270,31
195271,26
195272,34
195273,0
195274,0
195275,19
195276,0
195277,0
195278,0
195279,30
195280,0
195281,0
195282,26
195283,0
195284,0
195285,0
195286,0
195287,0
195288,0
195289,0
195290,0
195291,21
195292,0
195293,34
195294,0
195295,29
195296,27
195297,0
195298,0
195299,38
195300,34
195301,0
195302,0
195303,31
195304,0
195305,0
195306,0
195307,0
195308,0
195309,0
195310,0
195311,17
195312,38
195313,0
195314,0
195315,38
195316,0
195317,28
195318,0
195319,33
195320,0
195321,43
195322,0
195323,0
195324,0
195325,0
195326,0
195327,0
195328,26
195329,0
195330,0
195331,24
195332,0
195333,32
195334,24
195335,0
195336,0
195337,0
195338,29
195339,26
195340,0
195341,0
195342,0
195343,0
195344,33
195345,0
195346,0
195347,0
195348,0
195349,0
195350,0
195351,0
195352,30
195353,0
195354,0
195355,0
195356,0
195357,34
195358,0
195359,0
195360,0
195361,0
195362,0
195363,0
195364,0
195365,0
195366,0
195367,0
195368,0
195369,0
195370,0
195371,0
195372,0
195373,0
195374,25
195375,0
195376,30
195377,0
195378,0
195379,0
195380,0
195381,0
195382,0
195383,0
195384,0
195385,0
195386,0
195387,0
195388,0
195389,0
195390,0
195391,38
195392,29
195393,30
195394,0
195395,0
195396,0
195397,0
195398,0
195399,35
195400,0
195401,0
195402,0
195403,0
195404,0
195405,0
195406,15
195407,23
195408,37
195409,25
195410,32
195411,0
195412,0
195413,44
195414,0
195415,0
195416,0
195417,0
195418,38
195419,0
195420,0
195421,0
195422,0
195423,0
195424,0
195425,0
195426,0
195427,0
195428,27
195429,0
195430,0
195431,0
195432,0
195433,0
195434,0
195435,0
195436,0
195437,0
195438,19
195439,0
195440,0
195441,0
195442,21
195443,0
195444,0
195445,0
195446,0
195447,0
195448,0
195449,28
195450,0
195451,20
195452,0
195453,0
195454,0
195455,0
195456,42
195457,0
195458,0
195459,0
195460,44
195461,0
195462,0
195463,36
195464,0
195465,0
195466,0
195467,34
195468,0
195469,35
195470,0
195471,25
195472,22
195473,26
195474,0
195475,16
195476,0
195477,0
195478,0
195479,0
195480,0
195481,39
195482,0
195483,0
195484,0
195485,0
195486,0
195487,0
195488,0
195489,0
195490,0
195491,0
195492,0
195493,0
195494,0
195495,12
195496,24
195497,0
195498,0
195499,0
195500,11
195501,0
195502,0
195503,0
195504,24
195505,0
195506,0
195507,0
195508,12
195509,0
195510,0
195511,23
195512,0
195513,0
195514,0
195515,0
195516,18
195517,0
195518,0
195519,18
195520,11
195521,0
195522,0
195523,0
195524,0
195525,0
195526,4
195527,18
195528,0
195529,0
195530,9
195531,18
195532,16
195533,0
195534,0
195535,0
195536,0
195537,0
195538,0
195539,0
195540,0
195541,0
195542,0
195543,16
195544,21
195545,0
195546,0
195547,0
195548,0
195549,0
195550,0
195551,14
195552,0
195553,0
195554,0
195555,0
195556,26
195557,0
195558,22
195559,0
195560,0
195561,0
195562,0
195563,30
195564,0
195565,17
195566,0
195567,7
195568,24
195569,19
195570,0
195571,0
195572,0
195573,0
195574,7
195575,0
195576,10
195577,0
195578,0
195579,0
195580,22
195581,13
195582,0
195583,0
195584,0
195585,15
195586,0
195587,15
195588,0
195589,0
195590,0
195591,0
195592,0
195593,0
195594,0
195595,27
195596,0
195597,0
195598,0
195599,0
195600,0
195601,0
195602,0
195603,0
195604,0
195605,0
195606,0
195607,23
195608,10
195609,0
195610,0
195611,18
195612,19
195613,0
195614,16
195615,0
195616,0
195617,0
195618,14
195619,0
195620,0
195621,0
195622,10
195623,0
195624,0
195625,0
195626,0
195627,0
195628,15
195629,0
195630,0
195631,0
195632,0
195633,12
195634,0
195635,0
195636,0
195637,24
195638,15
195639,0
195640,13
195641,0
195642,17
195643,0
195644,0
195645,0
195646,15
195647,0
195648,19
195649,18
195650,17
195651,0
195652,20
195653,0
195654,17
195655,26
195656,0
195657,0
195658,25
195659,0
195660,12
195661,0
195662,0
195663,14
195664,0
195665,16
195666,0
195667,0
195668,0
195669,8
195670,0
195671,0
195672,0
195673,0
195674,0
195675,0
195676,0
195677,0
195678,0
195679,0
195680,0
195681,0
195682,0
195683,16
195684,17
195685,0
195686,0
195687,0
195688,0
195689,0
195690,0
195691,0
195692,19
195693,19
195694,0
195695,0
195696,9
195697,0
195698,10
195699,0
195700,10
195701,0
195702,0
195703,22
195704,0
195705,15
195706,0
195707,0
195708,0
195709,18
195710,0
195711,0
195712,0
195713,0
195714,0
195715,0
195716,16
195717,17
195718,0
195719,0
195720,0
195721,0
195722,0
195723,0
195724,0
195725,0
195726,15
195727,18
195728,0
195729,0
195730,0
195731,0
195732,0
195733,20
195734,0
195735,18
195736,0
195737,16
195738,0
195739,0
195740,17
195741,0
195742,0
195743,0
195744,0
195745,18
195746,0
195747,0
195748,0
195749,0
195750,0
195751,0
195752,14
195753,14
195754,0
195755,0
195756,21
195757,0
195758,0
195759,0
195760,11
195761,0
195762,0
195763,0
195764,0
195765,23
195766,27
195767,0
195768,23
195769,0
195770,0
195771,0
195772,0
195773,16
195774,0
195775,0
195776,0
195777,0
195778,0
195779,0
195780,18
195781,0
195782,0
195783,0
195784,0
195785,0
195786,21
195787,0
195788,0
195789,0
195790,0
195791,0
195792,17
195793,0
195794,0
195795,0
195796,0
195797,0
195798,33
195799,17
195800,22
195801,0
195802,0
195803,0
195804,13
195805,0
195806,0
195807,0
195808,20
195809,14
195810,0
195811,0
195812,0
195813,0
195814,0
195815,0
195816,0
195817,0
195818,0
195819,0
195820,20
195821,5
195822,0
195823,0
195824,0
195825,0
195826,0
195827,0
195828,0
195829,0
195830,19
195831,28
195832,0
195833,0
195834,0
195835,0
195836,0
195837,16
195838,0
195839,0
195840,0
195841,0
195842,18
195843,0
195844,28
195845,0
195846,0
195847,0
195848,0
195849,0
195850,0
195851,0
195852,0
195853,0
195854,15
195855,26
195856,0
195857,0
195858,10
195859,0
195860,0
195861,0
195862,0
195863,0
195864,0
195865,0
195866,0
195867,13
195868,0
195869,0
195870,0
195871,24
195872,0
195873,0
195874,0
195875,0
195876,0
195877,0
195878,0
195879,0
195880,0
195881,0
195882,0
195883,0
195884,0
195885,0
195886,21
195887,0
195888,0
195889,0
195890,0
195891,0
195892,12
195893,0
195894,0
195895,0
195896,0
195897,0
195898,18
195899,0
195900,0
195901,0
195902,0
195903,0
195904,0
195905,0
195906,0
195907,0
195908,0
195909,0
195910,0
195911,0
195912,0
195913,0
195914,0
195915,0
195916,19
195917,0
195918,0
195919,0
195920,16
195921,0
195922,0
195923,0
195924,7
195925,0
195926,0
195927,0
195928,0
195929,0
195930,0
195931,0
195932,24
195933,15
195934,0
195935,0
195936,0
195937,28
195938,0
195939,0
195940,0
195941,0
195942,29
195943,13
195944,0
195945,11
195946,0
195947,0
195948,12
195949,20
195950,0
195951,0
195952,0
195953,0
195954,0
195955,0
195956,19
195957,0
195958,0
195959,0
195960,0
195961,0
195962,0
195963,25
195964,0
195965,23
195966,0
195967,0
195968,25
195969,19
195970,16
195971,0
195972,0
195973,0
195974,0
195975,0
195976,0
195977,29
195978,0
195979,23
195980,23
195981,0
195982,0
195983,15
195984,11
195985,0
195986,0
195987,0
195988,10
195989,12
195990,0
195991,0
195992,0
195993,22
195994,0
195995,0
195996,0
195997,0
195998,0
195999,9
196000,0
196001,18
196002,0
196003,0
196004,0
196005,0
196006,0
196007,0
196008,0
196009,0
196010,0
196011,0
196012,0
196013,0
196014,0
196015,10
196016,0
196017,0
196018,17
196019,0
196020,0
196021,0
196022,0
196023,0
196024,0
196025,0
196026,0
196027,0
196028,0
196029,0
196030,0
196031,0
196032,0
196033,0
196034,0
196035,14
196036,0
196037,0
196038,0
196039,15
196040,0
196041,0
196042,0
196043,0
196044,0
196045,0
196046,0
196047,0
196048,0
196049,0
196050,0
196051,10
196052,0
196053,0
196054,0
196055,10
196056,0
196057,0
196058,0
196059,0
196060,18
196061,0
196062,0
196063,0
196064,0
196065,0
196066,14
196067,0
196068,0
196069,0
196070,0
196071,0
196072,0
196073,0
196074,0
196075,0
196076,0
196077,0
196078,0
196079,0
196080,0
196081,22
196082,0
196083,0
196084,0
196085,0
196086,0
196087,0
196088,0
196089,0
196090,0
196091,20
196092,0
196093,0
196094,0
196095,13
196096,0
196097,18
196098,0
196099,0
196100,24
196101,0
196102,0
196103,18
196104,16
196105,21
196106,0
196107,0
196108,19
196109,0
196110,0
196111,18
196112,0
196113,23
196114,0
196115,0
196116,0
196117,0
196118,0
196119,0
196120,11
196121,0
196122,0
196123,0
196124,0
196125,0
196126,0
196127,0
196128,0
196129,0
196130,0
196131,0
196132,0
196133,0
196134,0
196135,0
196136,21
196137,0
196138,0
196139,0
196140,9
196141,0
196142,0
196143,25
196144,0
196145,0
196146,0
196147,0
196148,0
196149,0
196150,0
196151,7
196152,0
196153,16
196154,0
196155,0
196156,0
196157,0
196158,13
196159,0
196160,0
196161,0
196162,0
196163,16
196164,0
196165,0
196166,0
196167,0
196168,0
196169,0
196170,0
196171,15
196172,0
196173,0
196174,0
196175,0
196176,0
196177,0
196178,0
196179,0
196180,0
196181,0
196182,0
196183,0
196184,23
196185,0
196186,0
196187,16
196188,0
196189,15
196190,0
196191,0
196192,0
196193,23
196194,22
196195,0
196196,0
196197,0
196198,0
196199,0
196200,0
196201,33
196202,0
196203,19
196204,0
196205,0
196206,0
196207,0
196208,0
196209,38
196210,0
196211,0
196212,0
196213,0
196214,20
196215,0
196216,31
196217,0
196218,0
196219,0
196220,0
196221,0
196222,0
196223,0
196224,0
196225,0
196226,0
196227,18
196228,19
196229,22
196230,0
196231,0
196232,8
196233,0
196234,0
196235,0
196236,0
196237,24
196238,0
196239,0
196240,0
196241,0
196242,33
196243,0
196244,0
196245,0
196246,0
196247,0
196248,0
196249,0
196250,0
196251,16
196252,16
196253,0
196254,0
196255,14
196256,6
196257,9
196258,0
196259,0
196260,0
196261,0
196262,0
196263,0
196264,0
196265,11
196266,0
196267,0
196268,0
196269,0
196270,0
196271,16
196272,0
196273,0
196274,10
196275,0
196276,14
196277,0
196278,0
196279,0
196280,0
196281,0
196282,0
196283,22
196284,0
196285,0
196286,0
196287,0
196288,0
196289,0
196290,0
196291,13
196292,0
196293,0
196294,0
196295,0
196296,11
196297,0
196298,0
196299,0
196300,0
196301,0
196302,0
196303,0
196304,0
196305,15
196306,0
196307,0
196308,0
196309,0
196310,17
196311,11
196312,0
196313,0
196314,12
196315,0
196316,0
196317,0
196318,0
196319,0
196320,32
196321,0
196322,0
196323,20
196324,0
196325,0
196326,0
196327,0
196328,0
196329,0
196330,0
196331,0
196332,0
196333,14
196334,0
196335,0
196336,21
196337,0
196338,0
196339,0
196340,13
196341,11
196342,14
196343,24
196344,0
196345,23
196346,0
196347,0
196348,0
196349,0
196350,0
196351,0
196352,20
196353,0
196354,0
196355,17
196356,14
196357,21
196358,0
196359,0
196360,0
196361,0
196362,0
196363,0
196364,0
196365,0
196366,0
196367,0
196368,0
196369,19
196370,0
196371,0
196372,0
196373,0
196374,20
196375,22
196376,0
196377,0
196378,28
196379,10
196380,0
196381,0
196382,0
196383,0
196384,0
196385,0
196386,11
196387,0
196388,0
196389,0
196390,0
196391,0
196392,0
196393,0
196394,0
196395,0
196396,0
196397,0
196398,0
196399,0
196400,0
196401,4
196402,0
196403,0
196404,0
196405,0
196406,0
196407,0
196408,8
196409,0
196410,0
196411,0
196412,6
196413,0
196414,0
196415,0
196416,0
196417,0
196418,0
196419,0
196420,0
196421,0
196422,0
196423,0
196424,0
196425,0
196426,0
196427,0
196428,0
196429,0
196430,0
196431,0
196432,0
196433,0
196434,0
196435,0
196436,0
196437,0
196438,0
196439,0
196440,0
196441,0
196442,0
196443,0
196444,0
196445,0
196446,0
196447,0
196448,0
196449,0
196450,0
196451,0
196452,0
196453,0
196454,0
196455,0
196456,0
196457,0
196458,0
196459,0
196460,0
196461,0
196462,5
196463,0
196464,0
196465,0
196466,8
196467,7
196468,0
196469,0
196470,0
196471,0
196472,0
196473,0
196474,0
196475,0
196476,7
196477,0
196478,0
196479,0
196480,12
196481,0
196482,0
196483,0
196484,0
196485,4
196486,0
196487,0
196488,0
196489,0
196490,0
196491,0
196492,0
196493,0
196494,0
196495,0
196496,0
196497,0
196498,0
196499,0
196500,0
196501,0
196502,0
196503,0
196504,0
196505,0
196506,0
196507,0
196508,7
196509,0
196510,0
196511,0
196512,0
196513,0
196514,0
196515,0
196516,0
196517,13
196518,0
196519,0
196520,0
196521,0
196522,0
196523,0
196524,9
196525,0
196526,0
196527,6
196528,0
196529,0
196530,10
196531,0
196532,0
196533,7
196534,0
196535,0
196536,0
196537,0
196538,0
196539,0
196540,0
196541,0
196542,0
196543,0
196544,0
196545,0
196546,0
196547,0
196548,0
196549,0
196550,0
196551,0
196552,0
196553,0
196554,0
196555,0
196556,11
196557,0
196558,0
196559,0
196560,0
196561,0
196562,0
196563,0
196564,0
196565,0
196566,0
196567,0
196568,0
196569,0
196570,0
196571,0
196572,0
196573,0
196574,0
196575,0
196576,0
196577,10
196578,0
196579,5
196580,0
196581,0
196582,0
196583,0
196584,0
196585,7
196586,7
196587,0
196588,0
196589,0
196590,0
196591,0
196592,9
196593,0
196594,0
196595,0
196596,0
196597,11
196598,0
196599,6
196600,0
196601,0
196602,0
196603,0
196604,0
196605,7
196606,0
196607,0
196608,5
196609,1
196610,8
196611,6
196612,0
196613,0
196614,0
196615,0
196616,0
196617,0
196618,0
196619,0
196620,0
196621,0
196622,0
196623,0
196624,0
196625,0
196626,8
196627,0
196628,0
196629,3
196630,0
196631,0
196632,0
196633,5
196634,0
196635,6
196636,5
196637,0
196638,0
196639,0
196640,10
196641,0
196642,0
196643,0
196644,0
196645,0
196646,0
196647,0
196648,0
196649,0
196650,0
196651,0
196652,0
196653,0
196654,0
196655,0
196656,0
196657,0
196658,0
196659,0
196660,0
196661,0
196662,0
196663,0
196664,0
196665,0
196666,0
196667,0
196668,0
196669,0
196670,0
196671,0
196672,0
196673,0
196674,0
196675,0
196676,0
196677,0
196678,0
196679,0
196680,0
196681,10
196682,0
196683,0
196684,0
196685,4
196686,0
196687,0
196688,0
196689,0
196690,0
196691,0
196692,0
196693,0
196694,0
196695,9
196696,4
196697,0
196698,0
196699,0
196700,0
196701,0
196702,0
196703,0
196704,10
196705,0
196706,0
196707,0
196708,3
196709,0
196710,0
196711,0
196712,0
196713,0
196714,0
196715,0
196716,0
196717,0
196718,0
196719,0
196720,0
196721,0
196722,0
196723,0
196724,0
196725,0
196726,0
196727,0
196728,0
196729,0
196730,0
196731,5
196732,0
196733,0
196734,5
196735,0
196736,0
196737,4
196738,12
196739,0
196740,0
196741,0
196742,0
196743,0
196744,12
196745,9
196746,0
196747,0
196748,0
196749,0
196750,0
196751,0
196752,0
196753,0
196754,0
196755,11
196756,0
196757,0
196758,0
196759,0
196760,0
196761,0
196762,0
196763,0
196764,0
196765,0
196766,0
196767,0
196768,0
196769,0
196770,0
196771,0
196772,0
196773,7
196774,6
196775,0
196776,0
196777,0
196778,0
196779,13
196780,9
196781,0
196782,0
196783,0
196784,0
196785,0
196786,0
196787,0
196788,0
196789,0
196790,0
196791,0
196792,0
196793,0
196794,0
196795,0
196796,0
196797,0
196798,0
196799,0
196800,0
196801,0
196802,0
196803,0
196804,0
196805,0
196806,0
196807,6
196808,0
196809,0
196810,0
196811,0
196812,0
196813,0
196814,0
196815,0
196816,0
196817,0
196818,0
196819,0
196820,0
196821,3
196822,0
196823,0
196824,0
196825,0
196826,4
196827,0
196828,0
196829,0
196830,0
196831,0
196832,0
196833,0
196834,0
196835,0
196836,0
196837,0
196838,6
196839,7
196840,0
196841,0
196842,0
196843,0
196844,0
196845,0
196846,0
196847,0
196848,0
196849,0
196850,0
196851,0
196852,3
196853,0
196854,0
196855,0
196856,0
196857,0
196858,0
196859,0
196860,0
196861,0
196862,0
196863,0
196864,0
196865,0
196866,0
196867,0
196868,0
196869,0
196870,0
196871,0
196872,0
196873,0
196874,0
196875,0
196876,0
196877,0
196878,0
196879,0
196880,0
196881,0
196882,0
196883,8
196884,7
196885,0
196886,0
196887,0
196888,0
196889,0
196890,5
196891,0
196892,0
196893,0
196894,0
196895,0
196896,0
196897,6
196898,0
196899,0
196900,0
196901,0
196902,0
196903,0
196904,0
196905,0
196906,0
196907,0
196908,0
196909,0
196910,0
196911,9
196912,0
196913,0
196914,0
196915,0
196916,0
196917,0
196918,0
196919,0
196920,0
196921,8
196922,0
196923,0
196924,0
196925,0
196926,0
196927,0
196928,0
196929,0
196930,0
196931,0
196932,0
196933,0
196934,0
196935,7
196936,0
196937,5
196938,0
196939,0
196940,0
196941,5
196942,0
196943,0
196944,0
196945,0
196946,0
196947,5
196948,10
196949,0
196950,0
196951,0
196952,0
196953,0
196954,34
196955,34
196956,0
196957,0
196958,0
196959,0
196960,0
196961,0
196962,0
196963,0
196964,35
196965,36
196966,0
196967,0
196968,0
196969,0
196970,0
196971,30
196972,28
196973,0
196974,0
196975,0
196976,0
196977,0
196978,0
196979,0
196980,0
196981,0
196982,0
196983,0
196984,0
196985,0
196986,0
196987,0
196988,23
196989,0
196990,31
196991,0
196992,0
196993,24
196994,0
196995,40
196996,30
196997,36
196998,0
196999,0
197000,0
197001,0
197002,0
197003,47
197004,0
197005,40
197006,0
197007,27
197008,0
197009,0
197010,28
197011,0
197012,0
197013,0
197014,0
197015,24
197016,0
197017,0
197018,0
197019,33
197020,0
197021,33
197022,0
197023,30
197024,0
197025,32
197026,0
197027,0
197028,0
197029,43
197030,32
197031,0
197032,0
197033,33
197034,0
197035,0
197036,29
197037,0
197038,0
197039,0
197040,0
197041,13
197042,0
197043,0
197044,0
197045,0
197046,0
197047,0
197048,0
197049,0
197050,0
197051,0
197052,0
197053,0
197054,0
197055,0
197056,0
197057,0
197058,27
197059,0
197060,57
197061,0
197062,25
197063,0
197064,41
197065,0
197066,23
197067,0
197068,26
197069,0
197070,29
197071,0
197072,0
197073,0
197074,0
197075,32
197076,0
197077,0
197078,0
197079,0
197080,0
197081,0
197082,0
197083,0
197084,0
197085,0
197086,0
197087,0
197088,0
197089,0
197090,0
197091,0
197092,0
197093,0
197094,28
197095,47
197096,0
197097,0
197098,22
197099,0
197100,0
197101,0
197102,0
197103,0
197104,0
197105,0
197106,35
197107,0
197108,0
197109,47
197110,33
197111,38
197112,0
197113,27
197114,0
197115,0
197116,0
197117,0
197118,40
197119,0
197120,31
197121,0
197122,0
197123,0
197124,23
197125,0
197126,0
197127,0
197128,30
197129,0
197130,0
197131,0
197132,0
197133,29
197134,0
197135,43
197136,42
197137,0
197138,0
197139,0
197140,35
197141,0
197142,0
197143,27
197144,0
197145,0
197146,0
197147,28
197148,0
197149,0
197150,0
197151,0
197152,44
197153,0
197154,0
197155,0
197156,53
197157,0
197158,21
197159,0
197160,0
197161,37
197162,0
197163,0
197164,0
197165,32
197166,36
197167,0
197168,0
197169,30
197170,45
197171,0
197172,21
197173,0
197174,0
197175,0
197176,22
197177,33
197178,0
197179,0
197180,0
197181,42
197182,0
197183,0
197184,0
197185,0
197186,0
197187,39
197188,37
197189,0
197190,24
197191,0
197192,0
197193,38
197194,53
197195,0
197196,0
197197,0
197198,0
197199,24
197200,44
197201,0
197202,0
197203,30
197204,0
197205,0
197206,0
197207,0
197208,0
197209,0
197210,0
197211,19
197212,25
197213,0
197214,0
197215,0
197216,0
197217,0
197218,22
197219,0
197220,32
197221,30
197222,27
197223,0
197224,28
197225,0
197226,35
197227,43
197228,0
197229,0
197230,0
197231,26
197232,0
197233,0
197234,36
197235,0
197236,32
197237,0
197238,0
197239,37
197240,0
197241,0
197242,0
197243,0
197244,41
197245,0
197246,0
197247,22
197248,0
197249,0
197250,32
197251,0
197252,33
197253,0
197254,0
197255,0
197256,25
197257,0
197258,0
197259,32
197260,0
197261,31
197262,0
197263,0
197264,0
197265,0
197266,0
197267,29
197268,40
197269,0
197270,0
197271,32
197272,0
197273,0
197274,38
197275,0
197276,0
197277,0
197278,0
197279,0
197280,37
197281,0
197282,25
197283,40
197284,0
197285,0
197286,0
197287,0
197288,0
197289,30
197290,0
197291,0
197292,29
197293,0
197294,29
197295,42
197296,0
197297,32
197298,0
197299,0
197300,48
197301,0
197302,0
197303,0
197304,0
197305,0
197306,0
197307,0
197308,0
197309,0
197310,0
197311,28
197312,0
197313,0
197314,0
197315,25
197316,25
197317,22
197318,28
197319,31
197320,48
197321,0
197322,0
197323,0
197324,0
197325,0
197326,0
197327,0
197328,0
197329,0
197330,47
197331,0
197332,0
197333,0
197334,0
197335,0
197336,0
197337,0
197338,0
197339,0
197340,0
197341,0
197342,0
197343,0
197344,0
197345,0
197346,0
197347,0
197348,0
197349,0
197350,0
197351,0
197352,0
197353,0
197354,0
197355,21
197356,0
197357,0
197358,0
197359,0
197360,0
197361,0
197362,0
197363,32
197364,0
197365,0
197366,0
197367,26
197368,40
197369,26
197370,0
197371,34
197372,0
197373,0
197374,0
197375,0
197376,27
197377,0
197378,0
197379,33
197380,0
197381,34
197382,0
197383,35
197384,0
197385,0
197386,0
197387,0
197388,0
197389,0
197390,0
197391,0
197392,0
197393,0
197394,0
197395,0
197396,31
197397,37
197398,0
197399,0
197400,25
197401,0
197402,0
197403,0
197404,29
197405,0
197406,0
197407,0
197408,0
197409,33
197410,0
197411,34
197412,0
197413,0
197414,40
197415,0
197416,0
197417,32
197418,51
197419,24
197420,0
197421,28
197422,27
197423,0
197424,41
197425,0
197426,0
197427,36
197428,0
197429,32
197430,0
197431,0
197432,0
197433,0
197434,0
197435,0
197436,0
197437,0
197438,25
197439,36
197440,0
197441,0
197442,0
197443,0
197444,40
197445,0
197446,35
197447,27
197448,0
197449,32
197450,0
197451,0
197452,0
197453,0
197454,0
197455,29
197456,0
197457,0
197458,0
197459,0
197460,26
197461,32
197462,0
197463,0
197464,0
197465,30
197466,31
197467,26
197468,0
197469,0
197470,0
197471,0
197472,0
197473,0
197474,0
197475,0
197476,0
197477,0
197478,0
197479,0
197480,0
197481,26
197482,0
197483,0
197484,0
197485,0
197486,0
197487,37
197488,27
197489,0
197490,0
197491,0
197492,38
197493,0
197494,0
197495,34
197496,0
197497,0
197498,0
197499,0
197500,0
197501,0
197502,30
197503,31
197504,0
197505,0
197506,0
197507,0
197508,0
197509,37
197510,0
197511,32
197512,0
197513,42
197514,0
197515,0
197516,0
197517,43
197518,39
197519,0
197520,0
197521,0
197522,32
197523,0
197524,0
197525,0
197526,0
197527,0
197528,0
197529,0
197530,0
197531,0
197532,33
197533,0
197534,0
197535,29
197536,0
197537,0
197538,33
197539,0
197540,41
197541,0
197542,0
197543,0
197544,0
197545,47
197546,0
197547,0
197548,0
197549,0
197550,0
197551,0
197552,0
197553,0
197554,48
197555,0
197556,0
197557,40
197558,0
197559,28
197560,0
197561,0
197562,0
197563,26
197564,0
197565,0
197566,0
197567,24
197568,0
197569,0
197570,0
197571,0
197572,0
197573,0
197574,0
197575,0
197576,0
197577,34
197578,26
197579,0
197580,0
197581,51
197582,23
197583,34
197584,40
197585,0
197586,0
197587,0
197588,0
197589,0
197590,0
197591,21
197592,0
197593,0
197594,0
197595,0
197596,36
197597,0
197598,0
197599,0
197600,0
197601,0
197602,37
197603,0
197604,0
197605,0
197606,0
197607,0
197608,0
197609,48
197610,0
197611,0
197612,0
197613,0
197614,0
197615,22
197616,0
197617,20
197618,0
197619,8
197620,0
197621,0
197622,0
197623,0
197624,0
197625,0
197626,0
197627,0
197628,0
197629,0
197630,5
197631,0
197632,0
197633,0
197634,0
197635,0
197636,2
197637,0
197638,0
197639,6
197640,0
197641,0
197642,0
197643,0
197644,0
197645,6
197646,0
197647,0
197648,0
197649,0
197650,0
197651,0
197652,5
197653,0
197654,4
197655,0
197656,11
197657,0
197658,0
197659,0
197660,7
197661,0
197662,0
197663,0
197664,0
197665,0
197666,0
197667,8
197668,4
197669,0
197670,0
197671,0
197672,0
197673,0
197674,0
197675,0
197676,0
197677,0
197678,0
197679,0
197680,5
197681,0
197682,0
197683,0
197684,0
197685,0
197686,0
197687,6
197688,6
197689,3
197690,0
197691,0
197692,2
197693,0
197694,0
197695,3
197696,0
197697,0
197698,0
197699,0
197700,0
197701,0
197702,0
197703,0
197704,0
197705,0
197706,0
197707,0
197708,0
197709,0
197710,0
197711,0
197712,3
197713,0
197714,0
197715,0
197716,0
197717,0
197718,0
197719,0
197720,7
197721,4
197722,5
197723,0
197724,0
197725,0
197726,4
197727,0
197728,0
197729,0
197730,0
197731,0
197732,4
197733,0
197734,0
197735,0
197736,0
197737,0
197738,0
197739,0
197740,0
197741,0
197742,0
197743,5
197744,0
197745,0
197746,0
197747,0
197748,0
197749,1
197750,0
197751,0
197752,0
197753,0
197754,0
197755,3
197756,0
197757,0
197758,0
197759,4
197760,0
197761,0
197762,0
197763,0
197764,0
197765,3
197766,4
197767,0
197768,0
197769,0
197770,0
197771,0
197772,0
197773,0
197774,5
197775,0
197776,0
197777,6
197778,0
197779,3
197780,0
197781,0
197782,0
197783,0
197784,0
197785,0
197786,0
197787,0
197788,0
197789,0
197790,0
197791,0
197792,0
197793,0
197794,0
197795,7
197796,0
197797,0
197798,0
197799,0
197800,0
197801,0
197802,0
197803,0
197804,0
197805,0
197806,9
197807,0
197808,0
197809,0
197810,0
197811,0
197812,0
197813,0
197814,0
197815,0
197816,0
197817,7
197818,0
197819,0
197820,0
197821,0
197822,0
197823,0
197824,0
197825,0
197826,2
197827,0
197828,5
197829,0
197830,0
197831,0
197832,4
197833,9
197834,0
197835,0
197836,0
197837,0
197838,0
197839,0
197840,0
197841,0
197842,0
197843,3
197844,0
197845,0
197846,0
197847,0
197848,0
197849,5
197850,0
197851,0
197852,0
197853,0
197854,5
197855,0
197856,3
197857,9
197858,0
197859,0
197860,0
197861,0
197862,0
197863,0
197864,0
197865,5
197866,4
197867,0
197868,0
197869,0
197870,0
197871,0
197872,0
197873,0
197874,0
197875,0
197876,0
197877,7
197878,0
197879,0
197880,0
197881,0
197882,6
197883,0
197884,0
197885,9
197886,0
197887,0
197888,0
197889,0
197890,0
197891,0
197892,0
197893,0
197894,0
197895,0
197896,4
197897,0
197898,0
197899,0
197900,3
197901,0
197902,0
197903,6
197904,0
197905,0
197906,0
197907,0
197908,3
197909,0
197910,0
197911,0
197912,0
197913,0
197914,0
197915,0
197916,0
197917,0
197918,0
197919,0
197920,0
197921,0
197922,0
197923,0
197924,0
197925,0
197926,0
197927,5
197928,0
197929,0
197930,5
197931,0
197932,0
197933,0
197934,9
197935,0
197936,0
197937,2
197938,5
197939,0
197940,0
197941,0
197942,0
197943,0
197944,0
197945,0
197946,0
197947,0
197948,0
197949,0
197950,3
197951,0
197952,0
197953,0
197954,0
197955,0
197956,0
197957,0
197958,0
197959,0
197960,0
197961,0
197962,0
197963,7
197964,0
197965,0
197966,0
197967,0
197968,5
197969,0
197970,7
197971,0
197972,0
197973,0
197974,0
197975,0
197976,0
197977,0
197978,0
197979,0
197980,0
197981,0
197982,0
197983,0
197984,0
197985,0
197986,0
197987,5
197988,0
197989,0
197990,0
197991,5
197992,0
197993,0
197994,0
197995,0
197996,0
197997,0
197998,0
197999,0
198000,0
198001,0
198002,0
198003,0
198004,0
198005,0
198006,0
198007,5
198008,0
198009,0
198010,0
198011,0
198012,0
198013,0
198014,0
198015,0
198016,0
198017,0
198018,0
198019,0
198020,0
198021,0
198022,0
198023,0
198024,0
198025,0
198026,0
198027,0
198028,0
198029,0
198030,0
198031,0
198032,3
198033,0
198034,0
198035,0
198036,0
198037,0
198038,4
198039,0
198040,0
198041,0
198042,0
198043,4
198044,0
198045,4
198046,0
198047,0
198048,0
198049,0
198050,0
198051,0
198052,0
198053,0
198054,0
198055,3
198056,4
198057,0
198058,3
198059,4
198060,0
198061,0
198062,0
198063,0
198064,6
198065,0
198066,0
198067,0
198068,0
198069,0
198070,3
198071,0
198072,0
198073,8
198074,8
198075,0
198076,3
198077,0
198078,4
198079,0
198080,0
198081,0
198082,0
198083,0
198084,0
198085,0
198086,0
198087,0
198088,0
198089,0
198090,0
198091,0
198092,0
198093,0
198094,0
198095,0
198096,0
198097,0
198098,0
198099,0
198100,0
198101,0
198102,0
198103,0
198104,0
198105,6
198106,0
198107,0
198108,0
198109,0
198110,0
198111,0
198112,0
198113,0
198114,0
198115,0
198116,0
198117,3
198118,0
198119,0
198120,4
198121,0
198122,0
198123,0
198124,0
198125,0
198126,0
198127,0
198128,0
198129,0
198130,5
198131,6
198132,0
198133,0
198134,6
198135,0
198136,0
198137,0
198138,2
198139,7
198140,0
198141,0
198142,0
198143,0
198144,7
198145,0
198146,0
198147,0
198148,0
198149,0
198150,0
198151,11
198152,0
198153,0
198154,0
198155,0
198156,0
198157,0
198158,0
198159,0
198160,0
198161,0
198162,0
198163,0
198164,0
198165,11
198166,0
198167,0
198168,0
198169,0
198170,0
198171,0
198172,0
198173,10
198174,0
198175,0
198176,0
198177,6
198178,0
198179,0
198180,8
198181,0
198182,0
198183,0
198184,7
198185,0
198186,0
198187,0
198188,0
198189,0
198190,0
198191,9
198192,12
198193,0
198194,0
198195,0
198196,0
198197,0
198198,0
198199,17
198200,0
198201,0
198202,0
198203,0
198204,0
198205,0
198206,17
198207,0
198208,0
198209,0
198210,13
198211,0
198212,0
198213,0
198214,0
198215,0
198216,0
198217,0
198218,0
198219,0
198220,0
198221,0
198222,0
198223,0
198224,15
198225,0
198226,5
198227,0
198228,0
198229,0
198230,0
198231,0
198232,0
198233,0
198234,0
198235,0
198236,0
198237,0
198238,0
198239,0
198240,0
198241,0
198242,0
198243,0
198244,0
198245,0
198246,0
198247,0
198248,0
198249,0
198250,0
198251,0
198252,0
198253,0
198254,0
198255,0
198256,0
198257,0
198258,0
198259,0
198260,0
198261,0
198262,0
198263,0
198264,0
198265,12
198266,16
198267,0
198268,0
198269,0
198270,0
198271,0
198272,0
198273,0
198274,0
198275,0
198276,0
198277,0
198278,0
198279,0
198280,0
198281,0
198282,0
198283,0
198284,0
198285,0
198286,0
198287,5
198288,0
198289,0
198290,0
198291,0
198292,9
198293,10
198294,0
198295,0
198296,0
198297,0
198298,0
198299,0
198300,0
198301,14
198302,0
198303,0
198304,0
198305,0
198306,0
198307,0
198308,0
198309,0
198310,33
198311,0
198312,0
198313,0
198314,0
198315,31
198316,0
198317,0
198318,41
198319,36
198320,0
198321,0
198322,35
198323,0
198324,0
198325,0
198326,0
198327,0
198328,0
198329,0
198330,0
198331,36
198332,0
198333,0
198334,0
198335,31
198336,0
198337,0
198338,0
198339,0
198340,0
198341,0
198342,0
198343,0
198344,35
198345,0
198346,0
198347,34
198348,0
198349,41
198350,29
198351,0
198352,0
198353,0
198354,0
198355,0
198356,0
198357,0
198358,0
198359,0
198360,0
198361,0
198362,0
198363,33
198364,0
198365,35
198366,37
198367,0
198368,0
198369,0
198370,0
198371,0
198372,0
198373,0
198374,0
198375,0
198376,29
198377,0
198378,0
198379,0
198380,0
198381,0
198382,0
198383,39
198384,0
198385,0
198386,0
198387,0
198388,0
198389,0
198390,0
198391,0
198392,0
198393,0
198394,41
198395,0
198396,0
198397,0
198398,0
198399,28
198400,0
198401,0
198402,37
198403,0
198404,0
198405,42
198406,0
198407,0
198408,29
198409,0
198410,0
198411,0
198412,42
198413,0
198414,35
198415,0
198416,0
198417,0
198418,43
198419,0
198420,0
198421,0
198422,0
198423,0
198424,0
198425,0
198426,0
198427,33
198428,0
198429,0
198430,0
198431,0
198432,32
198433,22
198434,0
198435,0
198436,0
198437,0
198438,14
198439,0
198440,0
198441,0
198442,29
198443,0
198444,22
198445,0
198446,0
198447,0
198448,0
198449,0
198450,0
198451,0
198452,0
198453,0
198454,0
198455,0
198456,43
198457,39
198458,0
198459,0
198460,0
198461,18
198462,0
198463,0
198464,0
198465,0
198466,0
198467,0
198468,0
198469,0
198470,0
198471,0
198472,29
198473,0
198474,0
198475,0
198476,0
198477,0
198478,0
198479,0
198480,23
198481,0
198482,0
198483,0
198484,0
198485,0
198486,0
198487,0
198488,0
198489,0
198490,29
198491,0
198492,0
198493,0
198494,0
198495,0
198496,28
198497,0
198498,23
198499,33
198500,0
198501,0
198502,33
198503,0
198504,0
198505,0
198506,0
198507,0
198508,40
198509,0
198510,0
198511,0
198512,0
198513,0
198514,0
198515,0
198516,27
198517,0
198518,0
198519,0
198520,0
198521,0
198522,38
198523,0
198524,27
198525,0
198526,20
198527,0
198528,0
198529,0
198530,0
198531,0
198532,0
198533,0
198534,0
198535,0
198536,0
198537,19
198538,0
198539,0
198540,0
198541,0
198542,0
198543,25
198544,0
198545,0
198546,29
198547,0
198548,0
198549,37
198550,0
198551,0
198552,0
198553,0
198554,0
198555,0
198556,0
198557,0
198558,0
198559,0
198560,0
198561,0
198562,0
198563,0
198564,33
198565,0
198566,0
198567,34
198568,0
198569,0
198570,0
198571,0
198572,0
198573,44
198574,0
198575,0
198576,0
198577,0
198578,0
198579,0
198580,0
198581,0
198582,20
198583,0
198584,0
198585,0
198586,0
198587,28
198588,22
198589,0
198590,0
198591,0
198592,0
198593,0
198594,24
198595,0
198596,0
198597,0
198598,0
198599,0
198600,0
198601,0
198602,0
198603,0
198604,0
198605,33
198606,0
198607,38
198608,0
198609,23
198610,0
198611,0
198612,0
198613,0
198614,0
198615,0
198616,0
198617,0
198618,0
198619,0
198620,0
198621,0
198622,0
198623,0
198624,0
198625,56
198626,28
198627,0
198628,0
198629,0
198630,20
198631,0
198632,0
198633,0
198634,0
198635,0
198636,0
198637,0
198638,0
198639,0
198640,0
198641,41
198642,0
198643,0
198644,0
198645,0
198646,0
198647,0
198648,0
198649,0
198650,46
198651,0
198652,0
198653,0
198654,0
198655,0
198656,0
198657,0
198658,0
198659,0
198660,0
198661,0
198662,0
198663,0
198664,0
198665,0
198666,0
198667,0
198668,0
198669,35
198670,0
198671,0
198672,37
198673,0
198674,0
198675,24
198676,0
198677,37
198678,0
198679,0
198680,0
198681,0
198682,0
198683,0
198684,23
198685,0
198686,0
198687,0
198688,0
198689,0
198690,0
198691,0
198692,0
198693,30
198694,0
198695,0
198696,0
198697,0
198698,29
198699,0
198700,0
198701,0
198702,0
198703,0
198704,0
198705,0
198706,29
198707,27
198708,31
198709,0
198710,0
198711,0
198712,28
198713,30
198714,0
198715,0
198716,0
198717,0
198718,0
198719,0
198720,0
198721,0
198722,0
198723,0
198724,0
198725,0
198726,43
198727,0
198728,0
198729,0
198730,0
198731,0
198732,0
198733,34
198734,0
198735,32
198736,0
198737,39
198738,0
198739,0
198740,43
198741,0
198742,0
198743,0
198744,0
198745,44
198746,0
198747,0
198748,0
198749,0
198750,36
198751,0
198752,0
198753,24
198754,40
198755,0
198756,18
198757,35
198758,0
198759,39
198760,0
198761,0
198762,0
198763,0
198764,20
198765,0
198766,0
198767,0
198768,0
198769,0
198770,39
198771,0
198772,27
198773,0
198774,0
198775,20
198776,0
198777,36
198778,0
198779,16
198780,0
198781,0
198782,0
198783,37
198784,0
198785,0
198786,0
198787,0
198788,0
198789,0
198790,34
198791,40
198792,0
198793,0
198794,0
198795,0
198796,0
198797,0
198798,0
198799,0
198800,0
198801,0
198802,0
198803,0
198804,0
198805,29
198806,31
198807,34
198808,25
198809,0
198810,0
198811,0
198812,0
198813,35
198814,0
198815,0
198816,0
198817,28
198818,0
198819,0
198820,0
198821,0
198822,30
198823,0
198824,0
198825,0
198826,0
198827,0
198828,0
198829,0
198830,0
198831,0
198832,0
198833,0
198834,0
198835,0
198836,0
198837,0
198838,0
198839,0
198840,0
198841,0
198842,0
198843,0
198844,0
198845,0
198846,0
198847,30
198848,0
198849,0
198850,0
198851,0
198852,33
198853,0
198854,29
198855,0
198856,37
198857,0
198858,0
198859,34
198860,26
198861,0
198862,0
198863,0
198864,0
198865,0
198866,0
198867,0
198868,0
198869,0
198870,0
198871,0
198872,0
198873,0
198874,0
198875,46
198876,0
198877,0
198878,26
198879,0
198880,0
198881,0
198882,0
198883,32
198884,0
198885,20
198886,25
198887,0
198888,0
198889,0
198890,0
198891,0
198892,0
198893,35
198894,0
198895,0
198896,0
198897,0
198898,0
198899,0
198900,31
198901,42
198902,25
198903,0
198904,37
198905,0
198906,0
198907,0
198908,0
198909,0
198910,24
198911,0
198912,0
198913,29
198914,0
198915,0
198916,0
198917,37
198918,0
198919,0
198920,0
198921,0
198922,0
198923,35
198924,0
198925,0
198926,0
198927,0
198928,0
198929,0
198930,0
198931,31
198932,0
198933,0
198934,0
198935,0
198936,0
198937,0
198938,0
198939,0
198940,0
198941,0
198942,35
198943,0
198944,0
198945,0
198946,28
198947,35
198948,23
198949,28
198950,0
198951,32
198952,40
198953,0
198954,0
198955,0
198956,0
198957,0
198958,0
198959,0
198960,0
198961,36
198962,0
198963,34
198964,0
198965,0
198966,0
198967,0
198968,32
198969,0
198970,0
198971,0
198972,0
198973,0
198974,35
198975,0
198976,0
198977,32
198978,0
198979,0
198980,0
198981,0
198982,0
198983,38
198984,28
198985,0
198986,0
198987,0
198988,0
198989,0
198990,0
198991,0
198992,0
198993,0
198994,0
198995,0
198996,0
198997,28
198998,0
198999,39
199000,0
199001,0
199002,0
199003,0
199004,0
199005,0
199006,0
199007,28
199008,0
199009,0
199010,0
199011,29
199012,0
199013,0
199014,47
199015,37
199016,0
199017,0
199018,33
199019,0
199020,23
199021,0
199022,0
199023,28
199024,0
199025,0
199026,0
199027,0
199028,0
199029,28
199030,0
199031,0
199032,0
199033,0
199034,0
199035,0
199036,0
199037,0
199038,0
199039,0
199040,0
199041,0
199042,0
199043,0
199044,34
199045,0
199046,0
199047,11
199048,0
199049,15
199050,0
199051,0
199052,8
199053,0
199054,0
199055,0
199056,0
199057,0
199058,0
199059,0
199060,20
199061,0
199062,0
199063,0
199064,0
199065,0
199066,11
199067,0
199068,0
199069,0
199070,0
199071,3
199072,0
199073,10
199074,16
199075,0
199076,21
199077,0
199078,15
199079,0
199080,0
199081,14
199082,0
199083,0
199084,0
199085,0
199086,0
199087,0
199088,13
199089,0
199090,0
199091,13
199092,0
199093,0
199094,0
199095,19
199096,0
199097,0
199098,0
199099,0
199100,4
199101,0
199102,0
199103,4
199104,0
199105,0
199106,0
199107,0
199108,0
199109,17
199110,0
199111,0
199112,0
199113,0
199114,0
199115,0
199116,0
199117,17
199118,9
199119,0
199120,0
199121,0
199122,12
199123,0
199124,0
199125,8
199126,0
199127,0
199128,11
199129,17
199130,0
199131,6
199132,0
199133,7
199134,0
199135,0
199136,0
199137,13
199138,0
199139,20
199140,0
199141,0
199142,0
199143,11
199144,0
199145,0
199146,17
199147,0
199148,0
199149,0
199150,0
199151,0
199152,0
199153,0
199154,0
199155,14
199156,0
199157,0
199158,0
199159,0
199160,0
199161,0
199162,0
199163,13
199164,0
199165,0
199166,11
199167,13
199168,0
199169,0
199170,0
199171,0
199172,0
199173,0
199174,0
199175,0
199176,0
199177,0
199178,9
199179,0
199180,10
199181,0
199182,0
199183,0
199184,0
199185,0
199186,10
199187,13
199188,0
199189,0
199190,0
199191,0
199192,0
199193,0
199194,12
199195,10
199196,0
199197,0
199198,6
199199,0
199200,0
199201,0
199202,0
199203,0
199204,0
199205,0
199206,0
199207,0
199208,13
199209,0
199210,6
199211,0
199212,0
199213,9
199214,0
199215,0
199216,0
199217,19
199218,0
199219,0
199220,0
199221,10
199222,0
199223,0
199224,10
199225,23
199226,0
199227,0
199228,13
199229,0
199230,11
199231,0
199232,21
199233,13
199234,0
199235,13
199236,0
199237,0
199238,5
199239,8
199240,0
199241,0
199242,16
199243,11
199244,0
199245,0
199246,0
199247,0
199248,0
199249,12
199250,0
199251,0
199252,0
199253,0
199254,0
199255,10
199256,0
199257,0
199258,10
199259,0
199260,0
199261,0
199262,0
199263,0
199264,12
199265,0
199266,0
199267,6
199268,0
199269,0
199270,0
199271,10
199272,12
199273,8
199274,0
199275,0
199276,0
199277,0
199278,0
199279,0
199280,0
199281,0
199282,0
199283,12
199284,0
199285,0
199286,0
199287,9
199288,14
199289,0
199290,0
199291,0
199292,0
199293,0
199294,0
199295,8
199296,16
199297,0
199298,4
199299,10
199300,0
199301,0
199302,0
199303,0
199304,0
199305,0
199306,0
199307,10
199308,0
199309,0
199310,0
199311,0
199312,0
199313,0
199314,11
199315,0
199316,0
199317,0
199318,0
199319,0
199320,19
199321,12
199322,0
199323,0
199324,0
199325,0
199326,0
199327,0
199328,0
199329,0
199330,13
199331,0
199332,0
199333,0
199334,0
199335,9
199336,0
199337,0
199338,0
199339,20
199340,0
199341,0
199342,0
199343,0
199344,0
199345,0
199346,0
199347,0
199348,19
199349,0
199350,0
199351,0
199352,8
199353,14
199354,0
199355,0
199356,8
199357,0
199358,0
199359,0
199360,0
199361,0
199362,0
199363,0
199364,0
199365,0
199366,0
199367,0
199368,10
199369,0
199370,0
199371,0
199372,9
199373,0
199374,16
199375,14
199376,0
199377,18
199378,0
199379,0
199380,7
199381,0
199382,0
199383,17
199384,0
199385,8
199386,8
199387,0
199388,0
199389,0
199390,0
199391,0
199392,0
199393,0
199394,0
199395,0
199396,0
199397,0
199398,10
199399,0
199400,0
199401,11
199402,0
199403,0
199404,0
199405,0
199406,0
199407,0
199408,0
199409,0
199410,15
199411,0
199412,15
199413,0
199414,0
199415,5
199416,7
199417,0
199418,0
199419,0
199420,15
199421,0
199422,22
199423,0
199424,0
199425,0
199426,10
199427,15
199428,0
199429,0
199430,0
199431,0
199432,8
199433,0
199434,19
199435,0
199436,8
199437,9
199438,0
199439,12
199440,0
199441,0
199442,0
199443,0
199444,0
199445,14
199446,0
199447,0
199448,0
199449,0
199450,0
199451,18
199452,23
199453,0
199454,0
199455,0
199456,0
199457,3
199458,22
199459,0
199460,16
199461,9
199462,0
199463,0
199464,0
199465,0
199466,0
199467,23
199468,0
199469,0
199470,14
199471,0
199472,13
199473,0
199474,0
199475,10
199476,0
199477,0
199478,13
199479,0
199480,10
199481,0
199482,0
199483,0
199484,0
199485,0
199486,19
199487,0
199488,0
199489,0
199490,0
199491,0
199492,0
199493,0
199494,11
199495,0
199496,0
199497,15
199498,0
199499,0
199500,9
199501,15
199502,15
199503,5
199504,0
199505,0
199506,0
199507,0
199508,0
199509,0
199510,0
199511,0
199512,0
199513,8
199514,0
199515,0
199516,0
199517,16
199518,0
199519,14
199520,14
199521,12
199522,0
199523,8
199524,0
199525,14
199526,11
199527,15
199528,7
199529,0
199530,0
199531,0
199532,0
199533,14
199534,0
199535,18
199536,0
199537,0
199538,0
199539,0
199540,0
199541,0
199542,0
199543,0
199544,0
199545,10
199546,0
199547,0
199548,0
199549,4
199550,0
199551,0
199552,0
199553,0
199554,0
199555,16
199556,0
199557,8
199558,0
199559,0
199560,0
199561,0
199562,0
199563,0
199564,11
199565,0
199566,13
199567,0
199568,0
199569,0
199570,7
199571,0
199572,19
199573,0
199574,22
199575,0
199576,0
199577,0
199578,0
199579,12
199580,0
199581,0
199582,0
199583,0
199584,0
199585,0
199586,0
199587,11
199588,0
199589,0
199590,6
199591,14
199592,0
199593,0
199594,0
199595,0
199596,0
199597,12
199598,0
199599,0
199600,5
199601,0
199602,0
199603,15
199604,0
199605,0
199606,0
199607,0
199608,11
199609,11
199610,0
199611,0
199612,0
199613,21
199614,0
199615,0
199616,0
199617,0
199618,5
199619,0
199620,0
199621,0
199622,0
199623,0
199624,11
199625,0
199626,12
199627,15
199628,0
199629,0
199630,0
199631,10
199632,8
199633,0
199634,0
199635,0
199636,0
199637,0
199638,0
199639,14
199640,0
199641,0
199642,14
199643,23
199644,0
199645,0
199646,12
199647,0
199648,0
199649,0
199650,0
199651,18
199652,0
199653,5
199654,0
199655,7
199656,0
199657,0
199658,0
199659,20
199660,0
199661,0
199662,0
199663,0
199664,14
199665,0
199666,10
199667,0
199668,0
199669,24
199670,0
199671,0
199672,0
199673,0
199674,7
199675,0
199676,0
199677,0
199678,0
199679,13
199680,0
199681,0
199682,0
199683,8
199684,12
199685,0
199686,23
199687,0
199688,0
199689,13
199690,0
199691,0
199692,0
199693,0
199694,0
199695,12
199696,0
199697,10
199698,0
199699,13
199700,0
199701,0
199702,0
199703,0
199704,0
199705,0
199706,0
199707,12
199708,0
199709,16
199710,0
199711,7
199712,11
199713,0
199714,0
199715,0
199716,0
199717,0
199718,12
199719,9
199720,0
199721,18
199722,0
199723,0
199724,10
199725,0
199726,13
199727,0
199728,18
199729,0
199730,0
199731,0
199732,0
199733,0
199734,0
199735,10
199736,0
199737,0
199738,0
199739,0
199740,0
199741,0
199742,9
199743,0
199744,12
199745,0
199746,0
199747,0
199748,0
199749,0
199750,0
199751,0
199752,0
199753,0
199754,0
199755,8
199756,0
199757,0
199758,0
199759,0
199760,0
199761,12
199762,0
199763,0
199764,0
199765,0
199766,0
199767,0
199768,0
199769,0
199770,11
199771,8
199772,0
199773,0
199774,0
199775,19
199776,0
199777,0
199778,0
199779,0
199780,0
199781,0
199782,0
199783,10
199784,0
199785,0
199786,0
199787,13
199788,0
199789,0
199790,0
199791,0
199792,0
199793,0
199794,0
199795,0
199796,0
199797,0
199798,0
199799,12
199800,10
199801,0
199802,0
199803,0
199804,0
199805,0
199806,0
199807,0
199808,0
199809,0
199810,36
199811,0
199812,11
199813,0
199814,18
199815,0
199816,0
199817,0
199818,0
199819,0
199820,0
199821,8
199822,0
199823,0
199824,0
199825,0
199826,12
199827,0
199828,21
199829,0
199830,0
199831,0
199832,0
199833,11
199834,0
199835,0
199836,17
199837,0
199838,15
199839,7
199840,0
199841,0
199842,15
199843,7
199844,0
199845,0
199846,6
199847,15
199848,0
199849,0
199850,0
199851,11
199852,15
199853,0
199854,0
199855,15
199856,0
199857,0
199858,15
199859,0
199860,0
199861,0
199862,0
199863,13
199864,0
199865,0
199866,13
199867,0
199868,17
199869,0
199870,0
199871,9
199872,14
199873,0
199874,0
199875,0
199876,0
199877,0
199878,11
199879,0
199880,16
199881,24
199882,0
199883,10
199884,0
199885,11
199886,16
199887,9
199888,0
199889,11
199890,0
199891,0
199892,8
199893,0
199894,0
199895,0
199896,0
199897,0
199898,16
199899,0
199900,0
199901,0
199902,0
199903,0
199904,0
199905,0
199906,0
199907,13
199908,4
199909,11
199910,0
199911,0
199912,0
199913,17
199914,0
199915,0
199916,3
199917,0
199918,0
199919,0
199920,0
199921,0
199922,0
199923,15
199924,0
199925,0
199926,0
199927,0
199928,0
199929,0
199930,0
199931,0
199932,0
199933,0
199934,0
199935,0
199936,0
199937,0
199938,0
199939,0
199940,10
199941,0
199942,0
199943,0
199944,0
199945,0
199946,20
199947,0
199948,0
199949,13
199950,0
199951,0
199952,14
199953,0
199954,0
199955,9
199956,0
199957,0
199958,0
199959,32
199960,0
199961,0
199962,0
199963,0
199964,0
199965,0
199966,0
199967,51
199968,0
199969,37
199970,0
199971,0
199972,45
199973,0
199974,39
199975,0
199976,0
199977,0
199978,0
199979,0
199980,0
199981,0
199982,0
199983,0
199984,27
199985,0
199986,0
199987,0
199988,32
199989,0
199990,0
199991,0
199992,0
199993,0
199994,0
199995,0
199996,0
199997,0
199998,0
199999,0
200000,0
200001,0
200002,43
200003,0
200004,0
200005,0
200006,31
200007,0
200008,32
200009,0
200010,0
200011,0
200012,0
200013,0
200014,0
200015,0
200016,23
200017,0
200018,0
200019,0
200020,0
200021,0
200022,43
200023,0
200024,0
200025,0
200026,0
200027,52
200028,0
200029,32
200030,37
200031,0
200032,0
200033,49
200034,34
200035,0
200036,0
200037,38
200038,0
200039,0
200040,21
200041,0
200042,0
200043,0
200044,0
200045,52
200046,44
200047,0
200048,42
200049,0
200050,24
200051,0
200052,0
200053,29
200054,31
200055,54
200056,41
200057,0
200058,0
200059,0
200060,0
200061,0
200062,20
200063,0
200064,0
200065,0
200066,0
200067,49
200068,0
200069,0
200070,0
200071,0
200072,0
200073,0
200074,0
200075,0
200076,0
200077,35
200078,25
200079,0
200080,37
200081,0
200082,37
200083,0
200084,0
200085,0
200086,0
200087,36
200088,0
200089,43
200090,0
200091,0
200092,0
200093,33
200094,0
200095,0
200096,42
200097,0
200098,0
200099,35
200100,0
200101,45
200102,39
200103,0
200104,0
200105,0
200106,0
200107,0
200108,0
200109,0
200110,0
200111,0
200112,0
200113,38
200114,0
200115,0
200116,48
200117,0
200118,20
200119,0
200120,44
200121,27
200122,0
200123,43
200124,0
200125,34
200126,47
200127,0
200128,40
200129,0
200130,0
200131,0
200132,0
200133,0
200134,0
200135,38
200136,42
200137,42
200138,0
200139,0
200140,47
200141,0
200142,0
200143,0
200144,55
200145,0
200146,0
200147,30
200148,45
200149,0
200150,34
200151,40
200152,0
200153,0
200154,0
200155,0
200156,0
200157,0
200158,33
200159,0
200160,0
200161,0
200162,0
200163,0
200164,0
200165,0
200166,0
200167,0
200168,0
200169,0
200170,0
200171,47
200172,0
200173,0
200174,0
200175,0
200176,0
200177,48
200178,0
200179,0
200180,0
200181,0
200182,0
200183,0
200184,0
200185,0
200186,32
200187,0
200188,0
200189,0
200190,0
200191,32
200192,34
200193,0
200194,0
200195,0
200196,0
200197,0
200198,0
200199,41
200200,35
200201,0
200202,0
200203,0
200204,0
200205,0
200206,41
200207,29
200208,0
200209,0
200210,0
200211,0
200212,25
200213,0
200214,0
200215,0
200216,0
200217,0
200218,0
200219,53
200220,37
200221,0
200222,39
200223,0
200224,43
200225,0
200226,51
200227,0
200228,0
200229,0
200230,31
200231,0
200232,0
200233,0
200234,0
200235,0
200236,0
200237,0
200238,0
200239,44
200240,53
200241,30
200242,39
200243,36
200244,0
200245,0
200246,0
200247,0
200248,30
200249,0
200250,0
200251,0
200252,0
200253,47
200254,0
200255,0
200256,0
200257,0
200258,0
200259,0
200260,26
200261,0
200262,25
200263,33
200264,0
200265,0
200266,26
200267,0
200268,0
200269,41
200270,42
200271,0
200272,41
200273,0
200274,0
200275,0
200276,0
200277,0
200278,0
200279,0
200280,0
200281,0
200282,0
200283,0
200284,0
200285,30
200286,0
200287,0
200288,0
200289,0
200290,36
200291,0
200292,37
200293,27
200294,0
200295,0
200296,0
200297,0
200298,0
200299,30
200300,0
200301,0
200302,0
200303,0
200304,0
200305,0
200306,0
200307,0
200308,0
200309,0
200310,0
200311,0
200312,0
200313,0
200314,0
200315,0
200316,0
200317,0
200318,27
200319,0
200320,29
200321,0
200322,0
200323,0
200324,0
200325,36
200326,0
200327,0
200328,0
200329,43
200330,0
200331,0
200332,42
200333,0
200334,0
200335,0
200336,32
200337,38
200338,37
200339,0
200340,29
200341,37
200342,0
200343,0
200344,0
200345,0
200346,0
200347,0
200348,0
200349,0
200350,0
200351,0
200352,0
200353,0
200354,41
200355,0
200356,0
200357,0
200358,0
200359,0
200360,0
200361,0
200362,0
200363,0
200364,31
200365,0
200366,0
200367,0
200368,0
200369,0
200370,0
200371,28
200372,0
200373,0
200374,31
200375,25
200376,34
200377,0
200378,0
200379,0
200380,56
200381,0
200382,0
200383,0
200384,0
200385,0
200386,0
200387,0
200388,31
200389,0
200390,0
200391,0
200392,0
200393,30
200394,0
200395,0
200396,0
200397,0
200398,0
200399,0
200400,0
200401,0
200402,0
200403,0
200404,0
200405,0
200406,28
200407,0
200408,32
200409,0
200410,0
200411,0
200412,0
200413,0
200414,0
200415,0
200416,0
200417,0
200418,0
200419,33
200420,0
200421,0
200422,0
200423,28
200424,0
200425,0
200426,43
200427,0
200428,15
200429,44
200430,0
200431,38
200432,48
200433,36
200434,0
200435,0
200436,0
200437,0
200438,0
200439,0
200440,0
200441,0
200442,0
200443,0
200444,38
200445,46
200446,0
200447,0
200448,0
200449,0
200450,0
200451,0
200452,0
200453,46
200454,0
200455,0
200456,0
200457,0
200458,0
200459,39
200460,0
200461,0
200462,0
200463,37
200464,29
200465,0
200466,0
200467,27
200468,0
200469,34
200470,0
200471,0
200472,32
200473,0
200474,0
200475,39
200476,0
200477,33
200478,50
200479,0
200480,32
200481,0
200482,33
200483,40
200484,0
200485,22
200486,38
200487,0
200488,0
200489,0
200490,0
200491,0
200492,0
200493,32
200494,0
200495,0
200496,0
200497,0
200498,0
200499,0
200500,0
200501,0
200502,0
200503,0
200504,0
200505,0
200506,0
200507,0
200508,0
200509,0
200510,0
200511,0
200512,47
200513,0
200514,0
200515,0
200516,0
200517,0
200518,0
200519,0
200520,0
200521,0
200522,0
200523,0
200524,0
200525,0
200526,45
200527,0
200528,55
200529,0
200530,0
200531,0
200532,0
200533,37
200534,0
200535,0
200536,0
200537,0
200538,43
200539,0
200540,0
200541,0
200542,43
200543,0
200544,28
200545,0
200546,0
200547,0
200548,0
200549,0
200550,0
200551,45
200552,0
200553,37
200554,0
200555,0
200556,0
200557,41
200558,0
200559,0
200560,0
200561,0
200562,39
200563,0
200564,44
200565,0
200566,0
200567,0
200568,0
200569,0
200570,0
200571,0
200572,32
200573,0
200574,0
200575,0
200576,0
200577,0
200578,0
200579,39
200580,0
200581,0
200582,0
200583,0
200584,53
200585,0
200586,0
200587,0
200588,0
200589,44
200590,0
200591,41
200592,0
200593,0
200594,0
200595,0
200596,0
200597,0
200598,0
200599,0
200600,31
200601,0
200602,33
200603,0
200604,0
200605,45
200606,0
200607,0
200608,43
200609,40
200610,0
200611,0
200612,0
200613,0
200614,37
200615,39
200616,0
200617,0
200618,0
200619,42
200620,40
200621,36
200622,27
200623,0
200624,0
200625,0
200626,0
200627,0
200628,0
200629,0
200630,32
200631,0
200632,0
200633,38
200634,0
200635,0
200636,20
200637,0
200638,0
200639,0
200640,0
200641,0
200642,0
200643,0
200644,0
200645,0
200646,0
200647,0
200648,0
200649,37
200650,0
200651,0
200652,0
200653,0
200654,0
200655,0
200656,0
200657,56
200658,30
200659,0
200660,28
200661,53
200662,0
200663,22
200664,0
200665,0
200666,0
200667,0
200668,0
200669,26
200670,0
200671,44
200672,35
200673,0
200674,0
200675,0
200676,0
200677,25
200678,37
200679,27
200680,0
200681,0
200682,0
200683,0
200684,0
200685,0
200686,0
200687,0
200688,0
200689,0
200690,0
200691,43
200692,46
200693,34
200694,0
200695,0
200696,0
200697,0
200698,27
200699,22
200700,46
200701,0
200702,0
200703,0
200704,0
200705,0
200706,58
200707,0
200708,0
200709,0
200710,0
200711,35
200712,0
200713,0
200714,0
200715,0
200716,0
200717,0
200718,0
200719,0
200720,28
200721,38
200722,0
200723,25
200724,39
200725,0
200726,0
200727,26
200728,0
200729,38
200730,0
200731,42
200732,0
200733,34
200734,0
200735,0
200736,34
200737,46
200738,37
200739,0
200740,0
200741,0
200742,0
200743,0
200744,0
200745,0
200746,0
200747,0
200748,0
200749,0
200750,38
200751,0
200752,0
200753,0
200754,54
200755,0
200756,0
200757,0
200758,0
200759,0
200760,35
200761,28
200762,0
200763,0
200764,43
200765,26
200766,27
200767,37
200768,0
200769,0
200770,42
200771,0
200772,0
200773,0
200774,0
200775,0
200776,0
200777,0
200778,0
200779,0
200780,0
200781,0
200782,0
200783,29
200784,0
200785,0
200786,0
200787,0
200788,0
200789,0
200790,0
200791,26
200792,0
200793,27
200794,0
200795,0
200796,0
200797,0
200798,0
200799,0
200800,0
200801,34
200802,0
200803,0
200804,0
200805,0
200806,43
200807,0
200808,0
200809,39
200810,38
200811,0
200812,34
200813,0
200814,0
200815,35
200816,0
200817,0
200818,0
200819,0
200820,0
200821,0
200822,29
200823,0
200824,0
200825,0
200826,0
200827,0
200828,0
200829,0
200830,0
200831,0
200832,43
200833,0
200834,0
200835,0
200836,0
200837,0
200838,0
200839,30
200840,0
200841,52
200842,0
200843,0
200844,0
200845,0
200846,0
200847,0
200848,0
200849,0
200850,0
200851,0
200852,0
200853,0
200854,33
200855,0
200856,22
200857,0
200858,0
200859,0
200860,0
200861,0
200862,0
200863,0
200864,0
200865,27
200866,0
200867,52
200868,0
200869,32
200870,46
200871,0
200872,0
200873,0
200874,0
200875,0
200876,25
200877,34
200878,0
200879,0
200880,22
200881,0
200882,43
200883,40
200884,0
200885,0
200886,0
200887,44
200888,20
200889,52
200890,0
200891,0
200892,0
200893,0
200894,0
200895,40
200896,0
200897,0
200898,30
200899,0
200900,0
200901,0
200902,0
200903,49
200904,0
200905,35
200906,0
200907,44
200908,0
200909,0
200910,0
200911,0
200912,37
200913,0
200914,0
200915,0
200916,0
200917,0
200918,0
200919,0
200920,0
200921,0
200922,33
200923,0
200924,0
200925,0
200926,0
200927,0
200928,29
200929,42
200930,0
200931,0
200932,0
200933,0
200934,0
200935,0
200936,37
200937,0
200938,20
200939,43
200940,26
200941,0
200942,29
200943,50
200944,0
200945,0
200946,0
200947,0
200948,0
200949,0
200950,0
200951,44
200952,0
200953,0
200954,17
200955,0
200956,0
200957,0
200958,0
200959,0
200960,40
200961,52
200962,0
200963,0
200964,0
200965,21
200966,36
200967,0
200968,43
200969,0
200970,0
200971,0
200972,0
200973,32
200974,28
200975,0
200976,0
200977,0
200978,45
200979,0
200980,46
200981,0
200982,0
200983,0
200984,0
200985,0
200986,0
200987,0
200988,0
200989,23
200990,21
200991,0
200992,0
200993,0
200994,0
200995,0
200996,24
200997,0
200998,35
200999,55
201000,0
201001,0
201002,54
201003,22
201004,32
201005,0
201006,31
201007,0
201008,49
201009,0
201010,31
201011,0
201012,0
201013,0
201014,0
201015,0
201016,34
201017,32
201018,0
201019,0
201020,24
201021,0
201022,32
201023,35
201024,21
201025,0
201026,0
201027,0
201028,0
201029,0
201030,0
201031,0
201032,41
201033,51
201034,0
201035,0
201036,0
201037,0
201038,0
201039,0
201040,27
201041,0
201042,0
201043,0
201044,0
201045,0
201046,0
201047,0
201048,0
201049,32
201050,42
201051,0
201052,0
201053,0
201054,0
201055,0
201056,0
201057,0
201058,41
201059,0
201060,36
201061,0
201062,0
201063,0
201064,0
201065,36
201066,0
201067,0
201068,35
201069,0
201070,22
201071,0
201072,50
201073,36
201074,0
201075,26
201076,0
201077,0
201078,0
201079,0
201080,0
201081,43
201082,23
201083,53
201084,0
201085,0
201086,0
201087,0
201088,0
201089,0
201090,0
201091,28
201092,28
201093,0
201094,0
201095,0
201096,20
201097,65
201098,0
201099,35
201100,38
201101,0
201102,0
201103,0
201104,0
201105,36
201106,0
201107,0
201108,0
201109,0
201110,0
201111,0
201112,0
201113,26
201114,0
201115,0
201116,0
201117,0
201118,0
201119,40
201120,23
201121,0
201122,0
201123,28
201124,31
201125,0
201126,0
201127,0
201128,0
201129,0
201130,44
201131,0
201132,0
201133,36
201134,0
201135,37
201136,0
201137,0
201138,0
201139,0
201140,0
201141,0
201142,46
201143,0
201144,0
201145,55
201146,0
201147,0
201148,0
201149,0
201150,0
201151,37
201152,0
201153,0
201154,0
201155,37
201156,0
201157,0
201158,23
201159,0
201160,0
201161,0
201162,32
201163,0
201164,40
201165,0
201166,0
201167,0
201168,0
201169,0
201170,34
201171,0
201172,44
201173,0
201174,33
201175,0
201176,26
201177,33
201178,48
201179,23
201180,36
201181,0
201182,0
201183,0
201184,0
201185,0
201186,46
201187,24
201188,31
201189,0
201190,31
201191,0
201192,17
201193,0
201194,57
201195,0
201196,0
201197,0
201198,0
201199,0
201200,0
201201,51
201202,45
201203,0
201204,0
201205,0
201206,0
201207,37
201208,0
201209,0
201210,0
201211,0
201212,0
201213,0
201214,0
201215,0
201216,0
201217,0
201218,0
201219,30
201220,0
201221,0
201222,0
201223,0
201224,33
201225,0
201226,0
201227,0
201228,0
201229,0
201230,0
201231,0
201232,38
201233,0
201234,0
201235,0
201236,0
201237,0
201238,0
201239,0
201240,0
201241,0
201242,0
201243,0
201244,18
201245,0
201246,0
201247,0
201248,0
201249,0
201250,0
201251,0
201252,0
201253,0
201254,0
201255,23
201256,40
201257,0
201258,0
201259,0
201260,26
201261,0
201262,0
201263,0
201264,0
201265,21
201266,0
201267,0
201268,22
201269,0
201270,26
201271,0
201272,0
201273,0
201274,0
201275,24
201276,0
201277,0
201278,24
201279,0
201280,0
201281,0
201282,0
201283,21
201284,0
201285,31
201286,18
201287,26
201288,19
201289,0
201290,0
201291,28
201292,0
201293,0
201294,0
201295,0
201296,0
201297,0
201298,0
201299,0
201300,0
201301,29
201302,0
201303,0
201304,0
201305,0
201306,0
201307,0
201308,0
201309,21
201310,0
201311,0
201312,0
201313,0
201314,29
201315,29
201316,26
201317,0
201318,0
201319,20
201320,0
201321,0
201322,0
201323,0
201324,0
201325,0
201326,0
201327,0
201328,0
201329,0
201330,0
201331,19
201332,0
201333,0
201334,0
201335,15
201336,0
201337,0
201338,0
201339,0
201340,0
201341,0
201342,0
201343,0
201344,0
201345,0
201346,0
201347,0
201348,0
201349,0
201350,0
201351,0
201352,0
201353,0
201354,0
201355,0
201356,0
201357,0
201358,26
201359,0
201360,0
201361,9
201362,0
201363,0
201364,0
201365,0
201366,0
201367,20
201368,0
201369,28
201370,0
201371,0
201372,0
201373,0
201374,26
201375,0
201376,0
201377,0
201378,0
201379,0
201380,0
201381,0
201382,0
201383,18
201384,0
201385,0
201386,0
201387,0
201388,0
201389,0
201390,0
201391,0
201392,0
201393,0
201394,0
201395,0
201396,0
201397,0
201398,0
201399,0
201400,0
201401,0
201402,0
201403,31
201404,35
201405,0
201406,0
201407,0
201408,0
201409,0
201410,0
201411,34
201412,14
201413,0
201414,0
201415,0
201416,0
201417,0
201418,0
201419,24
201420,0
201421,0
201422,0
201423,0
201424,0
201425,17
201426,0
201427,0
201428,0
201429,0
201430,0
201431,0
201432,0
201433,0
201434,0
201435,0
201436,16
201437,0
201438,0
201439,0
201440,19
201441,0
201442,0
201443,0
201444,0
201445,15
201446,0
201447,20
201448,0
201449,0
201450,0
201451,0
201452,0
201453,0
201454,0
201455,0
201456,18
201457,37
201458,0
201459,0
201460,0
201461,0
201462,0
201463,20
201464,0
201465,0
201466,0
201467,0
201468,0
201469,22
201470,0
201471,0
201472,0
201473,0
201474,0
201475,0
201476,0
201477,0
201478,0
201479,24
201480,0
201481,28
201482,0
201483,0
201484,0
201485,23
201486,0
201487,0
201488,0
201489,0
201490,0
201491,0
201492,0
201493,0
201494,0
201495,0
201496,0
201497,0
201498,0
201499,0
201500,0
201501,20
201502,0
201503,0
201504,0
201505,0
201506,0
201507,0
201508,22
201509,0
201510,0
201511,0
201512,0
201513,0
201514,0
201515,0
201516,0
201517,0
201518,0
201519,0
201520,17
201521,0
201522,0
201523,0
201524,0
201525,0
201526,0
201527,0
201528,0
201529,23
201530,0
201531,0
201532,23
201533,0
201534,0
201535,29
201536,0
201537,0
201538,0
201539,0
201540,0
201541,0
201542,0
201543,26
201544,25
201545,21
201546,0
201547,0
201548,0
201549,0
201550,0
201551,0
201552,0
201553,0
201554,0
201555,29
201556,0
201557,0
201558,0
201559,0
201560,0
201561,0
201562,0
201563,0
201564,0
201565,0
201566,0
201567,0
201568,31
201569,0
201570,0
201571,0
201572,0
201573,0
201574,0
201575,0
201576,0
201577,0
201578,17
201579,0
201580,0
201581,0
201582,0
201583,0
201584,0
201585,21
201586,0
201587,17
201588,0
201589,24
201590,0
201591,0
201592,0
201593,0
201594,0
201595,0
201596,0
201597,0
201598,16
201599,0
201600,0
201601,0
201602,33
201603,0
201604,0
201605,0
201606,0
201607,0
201608,24
201609,0
201610,0
201611,0
201612,0
201613,0
201614,0
201615,0
201616,0
201617,0
201618,0
201619,0
201620,0
201621,21
201622,0
201623,0
201624,21
201625,23
201626,0
201627,18
201628,0
201629,0
201630,0
201631,0
201632,0
201633,0
201634,0
201635,0
201636,0
201637,32
201638,0
201639,0
201640,0
201641,21
201642,0
201643,0
201644,0
201645,0
201646,0
201647,0
201648,0
201649,0
201650,0
201651,27
201652,0
201653,29
201654,30
201655,0
201656,0
201657,0
201658,0
201659,0
201660,0
201661,0
201662,0
201663,0
201664,0
201665,0
201666,0
201667,25
201668,0
201669,0
201670,0
201671,43
201672,0
201673,0
201674,0
201675,0
201676,0
201677,0
201678,0
201679,27
201680,0
201681,0
201682,0
201683,0
201684,0
201685,0
201686,0
201687,0
201688,0
201689,0
201690,0
201691,0
201692,0
201693,0
201694,0
201695,0
201696,31
201697,0
201698,0
201699,19
201700,0
201701,0
201702,0
201703,27
201704,0
201705,0
201706,0
201707,0
201708,0
201709,0
201710,0
201711,0
201712,0
201713,27
201714,0
201715,29
201716,0
201717,0
201718,0
201719,0
201720,0
201721,0
201722,0
201723,0
201724,0
201725,0
201726,0
201727,0
201728,0
201729,24
201730,31
201731,0
201732,0
201733,35
201734,0
201735,0
201736,0
201737,29
201738,21
201739,0
201740,0
201741,0
201742,0
201743,0
201744,15
201745,0
201746,0
201747,31
201748,0
201749,0
201750,36
201751,0
201752,26
201753,0
201754,0
201755,0
201756,0
201757,0
201758,0
201759,0
201760,0
201761,0
201762,0
201763,46
201764,0
201765,0
201766,28
201767,0
201768,0
201769,0
201770,0
201771,0
201772,0
201773,0
201774,0
201775,31
201776,0
201777,0
201778,22
201779,0
201780,0
201781,27
201782,0
201783,0
201784,0
201785,0
201786,0
201787,0
201788,0
201789,0
201790,0
201791,0
201792,0
201793,0
201794,0
201795,0
201796,0
201797,0
201798,0
201799,22
201800,0
201801,0
201802,0
201803,0
201804,0
201805,0
201806,0
201807,0
201808,0
201809,0
201810,0
201811,0
201812,0
201813,0
201814,24
201815,0
201816,0
201817,0
201818,0
201819,0
201820,0
201821,0
201822,0
201823,0
201824,0
201825,0
201826,0
201827,0
201828,0
201829,25
201830,0
201831,26
201832,0
201833,0
201834,16
201835,0
201836,0
201837,0
201838,0
201839,0
201840,0
201841,0
201842,0
201843,0
201844,0
201845,0
201846,0
201847,0
201848,0
201849,0
201850,21
201851,0
201852,0
201853,18
201854,0
201855,0
201856,0
201857,0
201858,0
201859,0
201860,0
201861,0
201862,0
201863,0
201864,0
201865,0
201866,0
201867,0
201868,0
201869,33
201870,0
201871,0
201872,0
201873,0
201874,0
201875,0
201876,0
201877,0
201878,0
201879,0
201880,0
201881,0
201882,0
201883,0
201884,0
201885,0
201886,0
201887,0
201888,0
201889,0
201890,0
201891,0
201892,0
201893,0
201894,0
201895,0
201896,25
201897,0
201898,0
201899,0
201900,0
201901,0
201902,0
201903,0
201904,0
201905,0
201906,0
201907,0
201908,0
201909,0
201910,0
201911,0
201912,0
201913,0
201914,28
201915,25
201916,0
201917,0
201918,0
201919,0
201920,0
201921,0
201922,0
201923,0
201924,0
201925,0
201926,0
201927,0
201928,0
201929,0
201930,0
201931,0
201932,0
201933,0
201934,0
201935,0
201936,0
201937,0
201938,0
201939,29
201940,0
201941,0
201942,17
201943,0
201944,19
201945,0
201946,0
201947,0
201948,0
201949,0
201950,20
201951,0
201952,0
201953,0
201954,0
201955,0
201956,0
201957,0
201958,0
201959,0
201960,0
201961,0
201962,0
201963,30
201964,0
201965,0
201966,21
201967,0
201968,23
201969,0
201970,18
201971,0
201972,0
201973,0
201974,21
201975,0
201976,0
201977,0
201978,0
201979,19
201980,0
201981,0
201982,0
201983,0
201984,0
201985,0
201986,0
201987,0
201988,0
201989,0
201990,0
201991,0
201992,0
201993,0
201994,0
201995,0
201996,25
201997,33
201998,0
201999,0
202000,0
202001,0
202002,0
202003,0
202004,0
202005,0
202006,0
202007,0
202008,0
202009,19
202010,0
202011,0
202012,0
202013,0
202014,0
202015,0
202016,0
202017,0
202018,0
202019,0
202020,0
202021,23
202022,33
202023,0
202024,0
202025,0
202026,40
202027,0
202028,0
202029,0
202030,0
202031,0
202032,0
202033,0
202034,38
202035,0
202036,0
202037,28
202038,30
202039,0
202040,0
202041,0
202042,22
202043,0
202044,0
202045,25
202046,0
202047,0
202048,11
202049,0
202050,0
202051,0
202052,0
202053,0
202054,0
202055,0
202056,0
202057,16
202058,0
202059,0
202060,27
202061,0
202062,0
202063,0
202064,0
202065,0
202066,0
202067,0
202068,0
202069,0
202070,0
202071,0
202072,0
202073,0
202074,0
202075,0
202076,20
202077,0
202078,0
202079,0
202080,0
202081,0
202082,0
202083,0
202084,0
202085,0
202086,0
202087,0
202088,0
202089,0
202090,0
202091,0
202092,19
202093,0
202094,16
202095,0
202096,0
202097,0
202098,22
202099,0
202100,0
202101,0
202102,0
202103,0
202104,0
202105,0
202106,0
202107,0
202108,26
202109,0
202110,0
202111,25
202112,30
202113,0
202114,19
202115,0
202116,0
202117,0
202118,39
202119,18
202120,0
202121,0
202122,28
202123,0
202124,39
202125,0
202126,19
202127,0
202128,0
202129,15
202130,0
202131,0
202132,0
202133,25
202134,0
202135,23
202136,0
202137,0
202138,0
202139,0
202140,0
202141,0
202142,0
202143,0
202144,0
202145,25
202146,0
202147,0
202148,0
202149,0
202150,0
202151,0
202152,0
202153,0
202154,15
202155,18
202156,0
202157,0
202158,22
202159,0
202160,0
202161,0
202162,0
202163,0
202164,0
202165,0
202166,0
202167,0
202168,0
202169,23
202170,0
202171,0
202172,0
202173,0
202174,0
202175,0
202176,0
202177,0
202178,0
202179,0
202180,0
202181,0
202182,35
202183,26
202184,0
202185,0
202186,0
202187,0
202188,0
202189,28
202190,0
202191,0
202192,0
202193,0
202194,0
202195,0
202196,0
202197,0
202198,25
202199,0
202200,0
202201,0
202202,25
202203,0
202204,0
202205,33
202206,0
202207,0
202208,0
202209,0
202210,0
202211,0
202212,0
202213,0
202214,0
202215,0
202216,0
202217,0
202218,0
202219,0
202220,0
202221,35
202222,35
202223,0
202224,0
202225,0
202226,0
202227,0
202228,0
202229,0
202230,0
202231,0
202232,0
202233,0
202234,0
202235,0
202236,0
202237,0
202238,0
202239,0
202240,29
202241,0
202242,0
202243,0
202244,0
202245,0
202246,22
202247,0
202248,0
202249,29
202250,0
202251,21
202252,34
202253,0
202254,0
202255,21
202256,0
202257,0
202258,0
202259,0
202260,0
202261,0
202262,0
202263,0
202264,0
202265,0
202266,0
202267,0
202268,0
202269,0
202270,0
202271,30
202272,0
202273,0
202274,0
202275,0
202276,0
202277,0
202278,0
202279,0
202280,28
202281,22
202282,0
202283,24
202284,0
202285,0
202286,0
202287,0
202288,0
202289,0
202290,0
202291,0
202292,0
202293,0
202294,0
202295,0
202296,0
202297,0
202298,0
202299,30
202300,0
202301,0
202302,0
202303,0
202304,0
202305,0
202306,0
202307,0
202308,0
202309,0
202310,0
202311,0
202312,0
202313,0
202314,0
202315,0
202316,0
202317,0
202318,0
202319,0
202320,19
202321,0
202322,0
202323,0
202324,0
202325,0
202326,0
202327,0
202328,0
202329,0
202330,0
202331,0
202332,0
202333,0
202334,0
202335,0
202336,0
202337,0
202338,0
202339,0
202340,0
202341,0
202342,0
202343,0
202344,0
202345,0
202346,0
202347,0
202348,0
202349,0
202350,27
202351,0
202352,0
202353,0
202354,0
202355,0
202356,28
202357,0
202358,0
202359,0
202360,0
202361,0
202362,0
202363,0
202364,29
202365,19
202366,0
202367,0
202368,0
202369,0
202370,0
202371,0
202372,0
202373,27
202374,0
202375,0
202376,0
202377,0
202378,0
202379,0
202380,0
202381,0
202382,0
202383,0
202384,0
202385,0
202386,0
202387,0
202388,24
202389,0
202390,0
202391,21
202392,0
202393,0
202394,0
202395,0
202396,0
202397,0
202398,0
202399,0
202400,0
202401,0
202402,0
202403,0
202404,0
202405,0
202406,0
202407,0
202408,0
202409,0
202410,0
202411,0
202412,0
202413,29
202414,0
202415,0
202416,0
202417,0
202418,0
202419,0
202420,0
202421,0
202422,32
202423,0
202424,0
202425,29
202426,0
202427,0
202428,24
202429,0
202430,0
202431,0
202432,27
202433,0
202434,0
202435,0
202436,0
202437,0
202438,0
202439,0
202440,0
202441,0
202442,16
202443,0
202444,0
202445,0
202446,0
202447,0
202448,0
202449,0
202450,0
202451,0
202452,31
202453,0
202454,0
202455,0
202456,0
202457,0
202458,0
202459,0
202460,0
202461,0
202462,0
202463,0
202464,0
202465,27
202466,0
202467,28
202468,0
202469,0
202470,0
202471,0
202472,0
202473,0
202474,0
202475,0
202476,0
202477,0
202478,0
202479,0
202480,0
202481,0
202482,0
202483,0
202484,0
202485,0
202486,0
202487,0
202488,0
202489,0
202490,0
202491,0
202492,0
202493,0
202494,0
202495,19
202496,0
202497,0
202498,17
202499,0
202500,0
202501,0
202502,0
202503,0
202504,0
202505,0
202506,0
202507,0
202508,0
202509,0
202510,0
202511,0
202512,0
202513,0
202514,0
202515,0
202516,0
202517,0
202518,0
202519,0
202520,0
202521,0
202522,0
202523,0
202524,0
202525,0
202526,0
202527,0
202528,0
202529,0
202530,0
202531,0
202532,0
202533,0
202534,27
202535,0
202536,0
202537,0
202538,0
202539,0
202540,0
202541,0
202542,0
202543,0
202544,0
202545,0
202546,0
202547,0
202548,0
202549,0
202550,0
202551,0
202552,0
202553,0
202554,0
202555,28
202556,0
202557,0
202558,0
202559,0
202560,0
202561,0
202562,24
202563,0
202564,0
202565,20
202566,0
202567,0
202568,0
202569,0
202570,0
202571,17
202572,0
202573,0
202574,0
202575,0
202576,0
202577,0
202578,0
202579,0
202580,0
202581,0
202582,0
202583,0
202584,0
202585,0
202586,0
202587,0
202588,0
202589,0
202590,0
202591,0
202592,0
202593,0
202594,0
202595,0
202596,0
202597,0
202598,0
202599,0
202600,0
202601,0
202602,0
202603,0
202604,0
202605,0
202606,0
202607,0
202608,0
202609,0
202610,0
202611,26
202612,0
202613,0
202614,0
202615,0
202616,0
202617,0
202618,0
202619,25
202620,0
202621,0
202622,29
202623,0
202624,0
202625,0
202626,0
202627,0
202628,0
202629,0
202630,0
202631,0
202632,0
202633,28
202634,31
202635,0
202636,0
202637,0
202638,0
202639,0
202640,0
202641,0
202642,0
202643,25
202644,0
202645,0
202646,0
202647,23
202648,0
202649,0
202650,0
202651,25
202652,0
202653,0
202654,0
202655,0
202656,0
202657,0
202658,0
202659,0
202660,28
202661,0
202662,0
202663,20
202664,0
202665,0
202666,0
202667,0
202668,0
202669,0
202670,0
202671,0
202672,0
202673,0
202674,0
202675,25
202676,0
202677,0
202678,0
202679,0
202680,0
202681,0
202682,0
202683,0
202684,0
202685,0
202686,29
202687,0
202688,0
202689,0
202690,0
202691,0
202692,0
202693,0
202694,0
202695,0
202696,0
202697,0
202698,0
202699,0
202700,0
202701,0
202702,0
202703,0
202704,0
202705,0
202706,0
202707,0
202708,16
202709,0
202710,0
202711,0
202712,0
202713,0
202714,0
202715,0
202716,0
202717,0
202718,0
202719,0
202720,0
202721,0
202722,0
202723,0
202724,0
202725,0
202726,24
202727,0
202728,38
202729,0
202730,0
202731,0
202732,0
202733,0
202734,0
202735,0
202736,0
202737,0
202738,20
202739,14
202740,0
202741,0
202742,18
202743,0
202744,0
202745,0
202746,0
202747,0
202748,0
202749,0
202750,0
202751,0
202752,0
202753,0
202754,0
202755,0
202756,0
202757,0
202758,19
202759,0
202760,0
202761,0
202762,29
202763,28
202764,0
202765,33
202766,29
202767,0
202768,26
202769,0
202770,0
202771,0
202772,0
202773,0
202774,31
202775,0
202776,0
202777,27
202778,0
202779,0
202780,0
202781,28
202782,0
202783,0
202784,0
202785,0
202786,0
202787,0
202788,0
202789,0
202790,0
202791,0
202792,0
202793,36
202794,0
202795,0
202796,0
202797,0
202798,0
202799,0
202800,0
202801,0
202802,0
202803,0
202804,0
202805,35
202806,0
202807,0
202808,0
202809,0
202810,0
202811,0
202812,0
202813,0
202814,0
202815,0
202816,0
202817,0
202818,0
202819,0
202820,0
202821,31
202822,0
202823,0
202824,0
202825,0
202826,0
202827,0
202828,0
202829,0
202830,16
202831,0
202832,0
202833,0
202834,27
202835,0
202836,0
202837,35
202838,0
202839,0
202840,0
202841,0
202842,0
202843,31
202844,0
202845,0
202846,0
202847,24
202848,0
202849,18
202850,0
202851,0
202852,0
202853,0
202854,0
202855,0
202856,0
202857,0
202858,0
202859,0
202860,0
202861,0
202862,0
202863,0
202864,0
202865,0
202866,0
202867,0
202868,0
202869,29
202870,0
202871,0
202872,0
202873,0
202874,0
202875,0
202876,0
202877,0
202878,0
202879,0
202880,0
202881,0
202882,0
202883,0
202884,0
202885,0
202886,0
202887,31
202888,0
202889,25
202890,0
202891,22
202892,0
202893,24
202894,0
202895,0
202896,0
202897,0
202898,0
202899,0
202900,0
202901,0
202902,0
202903,0
202904,0
202905,25
202906,0
202907,0
202908,0
202909,0
202910,0
202911,0
202912,0
202913,0
202914,5
202915,0
202916,13
202917,0
202918,11
202919,0
202920,0
202921,0
202922,10
202923,0
202924,0
202925,0
202926,0
202927,0
202928,0
202929,0
202930,0
202931,0
202932,0
202933,0
202934,0
202935,0
202936,0
202937,0
202938,0
202939,0
202940,0
202941,0
202942,0
202943,10
202944,0
202945,0
202946,0
202947,0
202948,0
202949,0
202950,0
202951,0
202952,0
202953,0
202954,0
202955,0
202956,0
202957,0
202958,0
202959,0
202960,0
202961,0
202962,0
202963,0
202964,0
202965,0
202966,0
202967,0
202968,0
202969,0
202970,11
202971,0
202972,6
202973,0
202974,0
202975,0
202976,0
202977,0
202978,6
202979,0
202980,0
202981,0
202982,0
202983,0
202984,0
202985,0
202986,0
202987,0
202988,0
202989,0
202990,0
202991,0
202992,0
202993,0
202994,0
202995,0
202996,0
202997,0
202998,0
202999,0
203000,0
203001,0
203002,0
203003,0
203004,0
203005,0
203006,0
203007,0
203008,0
203009,0
203010,0
203011,0
203012,0
203013,0
203014,0
203015,9
203016,7
203017,0
203018,0
203019,10
203020,0
203021,0
203022,0
203023,8
203024,10
203025,0
203026,0
203027,0
203028,0
203029,0
203030,0
203031,0
203032,0
203033,0
203034,0
203035,0
203036,13
203037,7
203038,0
203039,0
203040,0
203041,0
203042,0
203043,0
203044,0
203045,0
203046,0
203047,0
203048,0
203049,0
203050,0
203051,0
203052,0
203053,0
203054,0
203055,0
203056,0
203057,0
203058,0
203059,0
203060,0
203061,0
203062,0
203063,0
203064,11
203065,0
203066,0
203067,0
203068,0
203069,0
203070,0
203071,0
203072,0
203073,12
203074,13
203075,0
203076,0
203077,13
203078,10
203079,0
203080,0
203081,0
203082,0
203083,10
203084,0
203085,0
203086,0
203087,0
203088,8
203089,13
203090,12
203091,0
203092,0
203093,8
203094,0
203095,0
203096,0
203097,10
203098,0
203099,0
203100,0
203101,0
203102,0
203103,0
203104,0
203105,0
203106,0
203107,0
203108,0
203109,0
203110,0
203111,17
203112,0
203113,0
203114,0
203115,0
203116,0
203117,0
203118,0
203119,0
203120,12
203121,0
203122,0
203123,0
203124,0
203125,15
203126,0
203127,0
203128,0
203129,0
203130,0
203131,0
203132,0
203133,0
203134,0
203135,0
203136,0
203137,0
203138,0
203139,0
203140,0
203141,0
203142,0
203143,0
203144,0
203145,0
203146,0
203147,0
203148,0
203149,0
203150,0
203151,0
203152,0
203153,0
203154,0
203155,0
203156,15
203157,0
203158,0
203159,0
203160,13
203161,0
203162,0
203163,0
203164,0
203165,0
203166,12
203167,0
203168,0
203169,0
203170,0
203171,0
203172,0
203173,0
203174,0
203175,0
203176,0
203177,0
203178,8
203179,8
203180,0
203181,0
203182,6
203183,0
203184,0
203185,0
203186,10
203187,0
203188,0
203189,0
203190,0
203191,12
203192,7
203193,0
203194,0
203195,10
203196,0
203197,0
203198,0
203199,0
203200,0
203201,0
203202,0
203203,0
203204,0
203205,0
203206,0
203207,0
203208,0
203209,0
203210,0
203211,0
203212,0
203213,0
203214,0
203215,18
203216,9
203217,0
203218,0
203219,0
203220,0
203221,0
203222,0
203223,0
203224,0
203225,0
203226,0
203227,0
203228,0
203229,0
203230,0
203231,0
203232,0
203233,0
203234,0
203235,0
203236,0
203237,0
203238,0
203239,0
203240,0
203241,10
203242,0
203243,0
203244,0
203245,0
203246,0
203247,13
203248,0
203249,0
203250,0
203251,0
203252,11
203253,0
203254,0
203255,10
203256,11
203257,0
203258,0
203259,0
203260,0
203261,0
203262,0
203263,0
203264,0
203265,11
203266,0
203267,0
203268,0
203269,0
203270,0
203271,0
203272,0
203273,0
203274,0
203275,0
203276,0
203277,16
203278,0
203279,0
203280,0
203281,0
203282,0
203283,0
203284,0
203285,0
203286,0
203287,0
203288,0
203289,0
203290,10
203291,0
203292,11
203293,0
203294,0
203295,8
203296,0
203297,0
203298,0
203299,13
203300,0
203301,0
203302,11
203303,0
203304,0
203305,0
203306,0
203307,14
203308,0
203309,0
203310,0
203311,0
203312,0
203313,0
203314,12
203315,0
203316,0
203317,13
203318,0
203319,0
203320,0
203321,0
203322,0
203323,9
203324,0
203325,0
203326,0
203327,0
203328,11
203329,0
203330,0
203331,8
203332,0
203333,18
203334,0
203335,0
203336,0
203337,11
203338,0
203339,4
203340,0
203341,0
203342,0
203343,0
203344,11
203345,0
203346,0
203347,16
203348,0
203349,0
203350,0
203351,0
203352,0
203353,0
203354,7
203355,12
203356,0
203357,0
203358,0
203359,0
203360,12
203361,10
203362,0
203363,0
203364,0
203365,0
203366,0
203367,0
203368,0
203369,15
203370,0
203371,0
203372,0
203373,0
203374,12
203375,0
203376,0
203377,15
203378,0
203379,0
203380,0
203381,9
203382,0
203383,0
203384,0
203385,0
203386,0
203387,0
203388,13
203389,0
203390,0
203391,0
203392,0
203393,0
203394,0
203395,0
203396,0
203397,0
203398,0
203399,0
203400,0
203401,0
203402,0
203403,0
203404,0
203405,12
203406,0
203407,0
203408,6
203409,0
203410,0
203411,0
203412,0
203413,0
203414,0
203415,0
203416,0
203417,0
203418,0
203419,0
203420,0
203421,0
203422,0
203423,0
203424,12
203425,0
203426,0
203427,14
203428,9
203429,0
203430,0
203431,13
203432,9
203433,11
203434,11
203435,0
203436,0
203437,0
203438,0
203439,0
203440,6
203441,0
203442,0
203443,19
203444,0
203445,0
203446,21
203447,0
203448,0
203449,0
203450,0
203451,0
203452,0
203453,0
203454,0
203455,0
203456,0
203457,0
203458,0
203459,0
203460,0
203461,21
203462,0
203463,0
203464,0
203465,0
203466,0
203467,0
203468,15
203469,15
203470,0
203471,0
203472,0
203473,0
203474,13
203475,0
203476,20
203477,0
203478,0
203479,0
203480,0
203481,0
203482,0
203483,0
203484,9
203485,0
203486,0
203487,0
203488,0
203489,0
203490,0
203491,0
203492,0
203493,0
203494,0
203495,0
203496,0
203497,0
203498,0
203499,0
203500,0
203501,0
203502,0
203503,0
203504,0
203505,8
203506,0
203507,0
203508,0
203509,0
203510,0
203511,0
203512,0
203513,0
203514,18
203515,0
203516,0
203517,0
203518,0
203519,0
203520,13
203521,0
203522,0
203523,0
203524,0
203525,0
203526,0
203527,0
203528,0
203529,0
203530,0
203531,11
203532,0
203533,9
203534,0
203535,0
203536,0
203537,25
203538,12
203539,12
203540,0
203541,0
203542,10
203543,15
203544,18
203545,23
203546,0
203547,0
203548,0
203549,0
203550,0
203551,0
203552,0
203553,0
203554,0
203555,12
203556,0
203557,0
203558,0
203559,15
203560,0
203561,0
203562,0
203563,17
203564,0
203565,0
203566,0
203567,0
203568,0
203569,12
203570,17
203571,0
203572,0
203573,0
203574,0
203575,10
203576,0
203577,0
203578,0
203579,0
203580,0
203581,21
203582,0
203583,12
203584,18
203585,0
203586,0
203587,0
203588,0
203589,0
203590,0
203591,0
203592,0
203593,0
203594,28
203595,0
203596,18
203597,7
203598,0
203599,0
203600,0
203601,0
203602,0
203603,0
203604,0
203605,0
203606,0
203607,0
203608,0
203609,0
203610,0
203611,22
203612,16
203613,13
203614,0
203615,14
203616,0
203617,0
203618,0
203619,0
203620,0
203621,0
203622,0
203623,0
203624,0
203625,0
203626,0
203627,0
203628,0
203629,0
203630,0
203631,0
203632,0
203633,7
203634,0
203635,0
203636,13
203637,0
203638,0
203639,0
203640,0
203641,0
203642,0
203643,16
203644,0
203645,0
203646,11
203647,12
203648,19
203649,0
203650,0
203651,0
203652,0
203653,0
203654,0
203655,0
203656,13
203657,0
203658,0
203659,0
203660,0
203661,0
203662,0
203663,13
203664,0
203665,0
203666,0
203667,0
203668,0
203669,0
203670,0
203671,0
203672,0
203673,24
203674,0
203675,16
203676,0
203677,0
203678,13
203679,0
203680,0
203681,6
203682,0
203683,0
203684,0
203685,0
203686,15
203687,0
203688,18
203689,13
203690,10
203691,11
203692,0
203693,22
203694,0
203695,0
203696,0
203697,0
203698,0
203699,0
203700,0
203701,18
203702,17
203703,0
203704,0
203705,0
203706,0
203707,0
203708,0
203709,0
203710,0
203711,0
203712,0
203713,12
203714,0
203715,0
203716,0
203717,16
203718,0
203719,0
203720,9
203721,0
203722,0
203723,0
203724,0
203725,0
203726,20
203727,17
203728,0
203729,0
203730,0
203731,23
203732,0
203733,19
203734,15
203735,13
203736,0
203737,12
203738,10
203739,0
203740,17
203741,9
203742,11
203743,14
203744,0
203745,0
203746,0
203747,12
203748,0
203749,0
203750,16
203751,0
203752,0
203753,0
203754,0
203755,0
203756,12
203757,0
203758,0
203759,13
203760,19
203761,0
203762,24
203763,12
203764,0
203765,16
203766,0
203767,17
203768,15
203769,0
203770,19
203771,0
203772,0
203773,0
203774,19
203775,0
203776,20
203777,0
203778,15
203779,20
203780,0
203781,0
203782,0
203783,0
203784,0
203785,0
203786,0
203787,0
203788,0
203789,0
203790,0
203791,0
203792,0
203793,0
203794,6
203795,0
203796,10
203797,0
203798,0
203799,0
203800,0
203801,0
203802,8
203803,0
203804,0
203805,0
203806,0
203807,0
203808,0
203809,0
203810,0
203811,0
203812,0
203813,0
203814,16
203815,0
203816,0
203817,0
203818,13
203819,0
203820,0
203821,11
203822,0
203823,0
203824,0
203825,0
203826,12
203827,10
203828,17
203829,0
203830,0
203831,15
203832,0
203833,14
203834,0
203835,0
203836,0
203837,0
203838,0
203839,0
203840,0
203841,0
203842,0
203843,8
203844,9
203845,0
203846,0
203847,10
203848,0
203849,0
203850,0
203851,13
203852,9
203853,15
203854,19
203855,14
203856,0
203857,0
203858,16
203859,0
203860,0
203861,0
203862,0
203863,0
203864,0
203865,0
203866,0
203867,0
203868,0
203869,11
203870,0
203871,0
203872,0
203873,0
203874,0
203875,0
203876,0
203877,0
203878,0
203879,16
203880,8
203881,0
203882,0
203883,0
203884,0
203885,0
203886,13
203887,0
203888,14
203889,0
203890,0
203891,0
203892,0
203893,15
203894,0
203895,0
203896,0
203897,0
203898,12
203899,0
203900,0
203901,14
203902,0
203903,0
203904,0
203905,0
203906,18
203907,0
203908,0
203909,0
203910,0
203911,0
203912,0
203913,0
203914,0
203915,0
203916,6
203917,0
203918,13
203919,0
203920,0
203921,0
203922,9
203923,16
203924,0
203925,0
203926,0
203927,9
203928,0
203929,8
203930,15
203931,10
203932,12
203933,0
203934,0
203935,0
203936,19
203937,0
203938,0
203939,0
203940,0
203941,0
203942,0
203943,9
203944,0
203945,0
203946,0
203947,0
203948,22
203949,0
203950,0
203951,14
203952,0
203953,8
203954,11
203955,0
203956,0
203957,0
203958,12
203959,0
203960,0
203961,0
203962,0
203963,0
203964,0
203965,0
203966,21
203967,0
203968,0
203969,0
203970,13
203971,15
203972,0
203973,0
203974,0
203975,0
203976,15
203977,8
203978,10
203979,12
203980,0
203981,0
203982,0
203983,0
203984,0
203985,0
203986,0
203987,0
203988,0
203989,0
203990,0
203991,11
203992,0
203993,0
203994,13
203995,0
203996,0
203997,15
203998,0
203999,14
204000,0
204001,0
204002,0
204003,0
204004,15
204005,0
204006,14
204007,0
204008,19
204009,8
204010,0
204011,13
204012,0
204013,0
204014,0
204015,0
204016,0
204017,0
204018,0
204019,0
204020,0
204021,0
204022,0
204023,13
204024,0
204025,0
204026,0
204027,0
204028,0
204029,7
204030,0
204031,0
204032,11
204033,17
204034,0
204035,0
204036,0
204037,0
204038,14
204039,8
204040,0
204041,8
204042,0
204043,0
204044,0
204045,10
204046,0
204047,0
204048,9
204049,0
204050,0
204051,16
204052,0
204053,0
204054,8
204055,15
204056,0
204057,0
204058,0
204059,0
204060,0
204061,0
204062,12
204063,0
204064,0
204065,12
204066,0
204067,6
204068,0
204069,0
204070,13
204071,0
204072,0
204073,0
204074,0
204075,0
204076,0
204077,0
204078,0
204079,21
204080,0
204081,0
204082,0
204083,10
204084,0
204085,0
204086,0
204087,14
204088,0
204089,0
204090,0
204091,0
204092,10
204093,0
204094,0
204095,0
204096,0
204097,0
204098,0
204099,0
204100,0
204101,12
204102,0
204103,0
204104,0
204105,0
204106,0
204107,7
204108,0
204109,8
204110,12
204111,0
204112,10
204113,0
204114,12
204115,0
204116,0
204117,0
204118,16
204119,0
204120,10
204121,0
204122,0
204123,0
204124,0
204125,0
204126,21
204127,0
204128,0
204129,11
204130,0
204131,0
204132,11
204133,16
204134,15
204135,0
204136,0
204137,0
204138,0
204139,0
204140,0
204141,0
204142,0
204143,0
204144,0
204145,0
204146,0
204147,0
204148,0
204149,0
204150,0
204151,12
204152,0
204153,15
204154,14
204155,19
204156,0
204157,11
204158,0
204159,0
204160,0
204161,0
204162,0
204163,0
204164,3
204165,0
204166,0
204167,0
204168,0
204169,8
204170,0
204171,0
204172,0
204173,0
204174,0
204175,0
204176,5
204177,0
204178,0
204179,0
204180,0
204181,0
204182,21
204183,0
204184,10
204185,0
204186,0
204187,0
204188,0
204189,4
204190,0
204191,0
204192,0
204193,8
204194,0
204195,0
204196,0
204197,6
204198,0
204199,0
204200,0
204201,9
204202,10
204203,0
204204,0
204205,13
204206,0
204207,0
204208,0
204209,0
204210,0
204211,0
204212,9
204213,0
204214,0
204215,15
204216,0
204217,0
204218,6
204219,0
204220,0
204221,11
204222,0
204223,0
204224,0
204225,0
204226,0
204227,8
204228,0
204229,14
204230,0
204231,0
204232,12
204233,17
204234,13
204235,10
204236,0
204237,0
204238,6
204239,20
204240,0
204241,14
204242,0
204243,0
204244,0
204245,9
204246,0
204247,0
204248,0
204249,0
204250,7
204251,0
204252,0
204253,0
204254,0
204255,19
204256,0
204257,0
204258,0
204259,0
204260,0
204261,0
204262,10
204263,0
204264,0
204265,15
204266,0
204267,0
204268,10
204269,0
204270,13
204271,0
204272,0
204273,17
204274,6
204275,19
204276,0
204277,0
204278,0
204279,0
204280,0
204281,0
204282,14
204283,0
204284,0
204285,0
204286,0
204287,8
204288,0
204289,0
204290,0
204291,0
204292,8
204293,0
204294,13
204295,0
204296,0
204297,0
204298,11
204299,0
204300,10
204301,16
204302,0
204303,0
204304,11
204305,0
204306,0
204307,0
204308,13
204309,0
204310,0
204311,0
204312,9
204313,10
204314,0
204315,0
204316,13
204317,0
204318,0
204319,0
204320,0
204321,18
204322,0
204323,0
204324,0
204325,0
204326,13
204327,0
204328,0
204329,0
204330,0
204331,0
204332,0
204333,0
204334,12
204335,16
204336,0
204337,0
204338,0
204339,0
204340,14
204341,11
204342,0
204343,9
204344,0
204345,13
204346,14
204347,0
204348,0
204349,21
204350,0
204351,0
204352,0
204353,0
204354,0
204355,0
204356,0
204357,8
204358,0
204359,0
204360,0
204361,0
204362,0
204363,0
204364,0
204365,12
204366,0
204367,9
204368,0
204369,6
204370,12
204371,0
204372,0
204373,0
204374,15
204375,10
204376,0
204377,0
204378,0
204379,0
204380,12
204381,0
204382,17
204383,16
204384,14
204385,0
204386,0
204387,0
204388,0
204389,0
204390,0
204391,0
204392,12
204393,0
204394,0
204395,0
204396,0
204397,0
204398,0
204399,0
204400,0
204401,0
204402,0
204403,0
204404,18
204405,0
204406,8
204407,0
204408,0
204409,0
204410,0
204411,0
204412,0
204413,10
204414,16
204415,12
204416,0
204417,0
204418,0
204419,0
204420,0
204421,7
204422,0
204423,6
204424,0
204425,0
204426,0
204427,0
204428,7
204429,0
204430,0
204431,0
204432,0
204433,20
204434,0
204435,12
204436,9
204437,14
204438,9
204439,12
204440,0
204441,0
204442,0
204443,0
204444,0
204445,16
204446,16
204447,0
204448,0
204449,14
204450,14
204451,0
204452,0
204453,0
204454,0
204455,0
204456,11
204457,0
204458,0
204459,0
204460,0
204461,0
204462,0
204463,0
204464,0
204465,0
204466,13
204467,12
204468,0
204469,0
204470,14
204471,0
204472,0
204473,0
204474,12
204475,0
204476,0
204477,0
204478,9
204479,0
204480,15
204481,0
204482,11
204483,0
204484,17
204485,12
204486,0
204487,0
204488,6
204489,0
204490,0
204491,0
204492,0
204493,0
204494,12
204495,0
204496,0
204497,0
204498,12
204499,0
204500,0
204501,0
204502,0
204503,0
204504,0
204505,0
204506,0
204507,0
204508,0
204509,0
204510,0
204511,13
204512,0
204513,0
204514,0
204515,0
204516,0
204517,0
204518,0
204519,12
204520,0
204521,11
204522,14
204523,0
204524,0
204525,10
204526,0
204527,0
204528,0
204529,0
204530,0
204531,0
204532,0
204533,9
204534,13
204535,11
204536,0
204537,0
204538,0
204539,0
204540,0
204541,0
204542,13
204543,0
204544,19
204545,14
204546,0
204547,6
204548,0
204549,0
204550,0
204551,15
204552,0
204553,0
204554,0
204555,0
204556,0
204557,17
204558,0
204559,11
204560,0
204561,0
204562,0
204563,0
204564,0
204565,0
204566,0
204567,9
204568,12
204569,0
204570,0
204571,10
204572,0
204573,0
204574,0
204575,0
204576,0
204577,9
204578,0
204579,0
204580,0
204581,0
204582,17
204583,17
204584,0
204585,0
204586,12
204587,0
204588,0
204589,7
204590,0
204591,0
204592,0
204593,0
204594,14
204595,0
204596,0
204597,0
204598,0
204599,0
204600,0
204601,0
204602,0
204603,0
204604,0
204605,0
204606,8
204607,13
204608,0
204609,0
204610,5
204611,17
204612,0
204613,0
204614,0
204615,0
204616,11
204617,13
204618,0
204619,0
204620,0
204621,10
204622,0
204623,12
204624,0
204625,0
204626,0
204627,0
204628,20
204629,15
204630,0
204631,0
204632,0
204633,0
204634,10
204635,8
204636,17
204637,0
204638,13
204639,0
204640,0
204641,11
204642,0
204643,0
204644,7
204645,0
204646,0
204647,8
204648,0
204649,0
204650,0
204651,0
204652,0
204653,10
204654,0
204655,13
204656,0
204657,10
204658,0
204659,11
204660,10
204661,0
204662,13
204663,0
204664,10
204665,0
204666,9
204667,0
204668,0
204669,0
204670,0
204671,0
204672,0
204673,0
204674,0
204675,0
204676,0
204677,0
204678,0
204679,14
204680,0
204681,29
204682,0
204683,0
204684,14
204685,18
204686,0
204687,0
204688,20
204689,0
204690,0
204691,0
204692,0
204693,0
204694,18
204695,0
204696,0
204697,8
204698,0
204699,18
204700,0
204701,18
204702,0
204703,0
204704,16
204705,0
204706,0
204707,6
204708,0
204709,9
204710,0
204711,0
204712,12
204713,9
204714,6
204715,0
204716,0
204717,0
204718,13
204719,0
204720,13
204721,0
204722,0
204723,0
204724,11
204725,0
204726,0
204727,0
204728,17
204729,0
204730,10
204731,0
204732,11
204733,0
204734,8
204735,0
204736,0
204737,14
204738,0
204739,0
204740,18
204741,0
204742,0
204743,8
204744,11
204745,0
204746,0
204747,13
204748,0
204749,0
204750,0
204751,0
204752,9
204753,0
204754,0
204755,0
204756,0
204757,0
204758,0
204759,0
204760,24
204761,0
204762,0
204763,0
204764,0
204765,0
204766,0
204767,0
204768,0
204769,0
204770,0
204771,0
204772,0
204773,0
204774,0
204775,0
204776,0
204777,0
204778,0
204779,0
204780,0
204781,28
204782,0
204783,0
204784,0
204785,0
204786,0
204787,0
204788,0
204789,0
204790,0
204791,0
204792,0
204793,0
204794,0
204795,0
204796,0
204797,0
204798,0
204799,0
204800,0
204801,0
204802,0
204803,0
204804,0
204805,32
204806,0
204807,0
204808,0
204809,0
204810,0
204811,0
204812,0
204813,0
204814,0
204815,0
204816,0
204817,0
204818,0
204819,34
204820,0
204821,0
204822,0
204823,0
204824,0
204825,0
204826,43
204827,0
204828,0
204829,0
204830,30
204831,30
204832,0
204833,31
204834,0
204835,0
204836,0
204837,0
204838,32
204839,0
204840,16
204841,0
204842,0
204843,36
204844,0
204845,0
204846,0
204847,26
204848,0
204849,0
204850,32
204851,29
204852,42
204853,28
204854,0
204855,0
204856,30
204857,0
204858,0
204859,0
204860,0
204861,0
204862,0
204863,0
204864,0
204865,0
204866,0
204867,0
204868,0
204869,0
204870,0
204871,0
204872,0
204873,0
204874,0
204875,0
204876,0
204877,0
204878,0
204879,30
204880,0
204881,0
204882,0
204883,0
204884,0
204885,0
204886,27
204887,0
204888,0
204889,0
204890,0
204891,0
204892,0
204893,0
204894,0
204895,0
204896,0
204897,0
204898,36
204899,0
204900,0
204901,0
204902,0
204903,0
204904,0
204905,0
204906,0
204907,0
204908,0
204909,26
204910,0
204911,23
204912,0
204913,0
204914,0
204915,0
204916,0
204917,0
204918,0
204919,0
204920,0
204921,0
204922,0
204923,0
204924,0
204925,0
204926,0
204927,29
204928,0
204929,0
204930,0
204931,0
204932,0
204933,0
204934,0
204935,38
204936,0
204937,37
204938,32
204939,0
204940,0
204941,0
204942,0
204943,0
204944,0
204945,0
204946,0
204947,0
204948,0
204949,0
204950,0
204951,0
204952,0
204953,0
204954,0
204955,0
204956,0
204957,0
204958,29
204959,0
204960,0
204961,38
204962,0
204963,0
204964,37
204965,0
204966,0
204967,0
204968,0
204969,0
204970,23
204971,0
204972,0
204973,40
204974,0
204975,0
204976,34
204977,25
204978,0
204979,0
204980,0
204981,0
204982,0
204983,0
204984,0
204985,26
204986,0
204987,0
204988,0
204989,0
204990,0
204991,0
204992,0
204993,0
204994,0
204995,0
204996,0
204997,0
204998,22
204999,0
205000,0
205001,0
205002,0
205003,0
205004,34
205005,0
205006,0
205007,0
205008,0
205009,0
205010,0
205011,18
205012,0
205013,20
205014,0
205015,36
205016,0
205017,0
205018,0
205019,0
205020,0
205021,39
205022,0
205023,0
205024,0
205025,0
205026,0
205027,0
205028,0
205029,0
205030,0
205031,0
205032,0
205033,0
205034,0
205035,0
205036,0
205037,0
205038,0
205039,0
205040,0
205041,0
205042,0
205043,0
205044,0
205045,0
205046,0
205047,0
205048,0
205049,0
205050,0
205051,0
205052,0
205053,0
205054,23
205055,0
205056,0
205057,0
205058,0
205059,0
205060,38
205061,0
205062,0
205063,0
205064,0
205065,0
205066,0
205067,25
205068,0
205069,28
205070,29
205071,0
205072,0
205073,0
205074,0
205075,0
205076,0
205077,0
205078,32
205079,0
205080,0
205081,0
205082,0
205083,0
205084,0
205085,0
205086,33
205087,25
205088,0
205089,0
205090,0
205091,0
205092,0
205093,0
205094,0
205095,0
205096,26
205097,35
205098,0
205099,0
205100,0
205101,0
205102,0
205103,0
205104,0
205105,0
205106,0
205107,0
205108,44
205109,28
205110,0
205111,0
205112,0
205113,0
205114,0
205115,0
205116,0
205117,0
205118,34
205119,0
205120,0
205121,0
205122,0
205123,0
205124,0
205125,0
205126,29
205127,0
205128,0
205129,0
205130,0
205131,0
205132,0
205133,0
205134,0
205135,0
205136,0
205137,0
205138,25
205139,0
205140,20
205141,0
205142,0
205143,0
205144,0
205145,0
205146,0
205147,0
205148,0
205149,0
205150,0
205151,0
205152,37
205153,0
205154,0
205155,0
205156,0
205157,19
205158,32
205159,0
205160,0
205161,32
205162,0
205163,0
205164,0
205165,0
205166,0
205167,0
205168,0
205169,0
205170,23
205171,0
205172,0
205173,45
205174,0
205175,0
205176,0
205177,0
205178,0
205179,0
205180,0
205181,0
205182,39
205183,0
205184,0
205185,0
205186,0
205187,0
205188,0
205189,0
205190,31
205191,0
205192,25
205193,0
205194,0
205195,0
205196,0
205197,0
205198,38
205199,0
205200,0
205201,0
205202,0
205203,0
205204,35
205205,0
205206,0
205207,0
205208,0
205209,0
205210,0
205211,0
205212,0
205213,0
205214,0
205215,26
205216,0
205217,0
205218,0
205219,0
205220,20
205221,0
205222,0
205223,0
205224,0
205225,0
205226,32
205227,37
205228,0
205229,0
205230,0
205231,0
205232,0
205233,0
205234,0
205235,0
205236,0
205237,0
205238,0
205239,0
205240,0
205241,0
205242,0
205243,0
205244,20
205245,0
205246,0
205247,0
205248,0
205249,0
205250,0
205251,0
205252,0
205253,0
205254,30
205255,28
205256,0
205257,25
205258,0
205259,24
205260,0
205261,0
205262,0
205263,0
205264,0
205265,0
205266,31
205267,0
205268,0
205269,0
205270,0
205271,0
205272,0
205273,0
205274,26
205275,0
205276,0
205277,0
205278,40
205279,0
205280,0
205281,0
205282,0
205283,0
205284,0
205285,0
205286,28
205287,0
205288,0
205289,21
205290,19
205291,0
205292,0
205293,0
205294,0
205295,0
205296,0
205297,0
205298,0
205299,0
205300,0
205301,0
205302,0
205303,0
205304,0
205305,0
205306,0
205307,0
205308,0
205309,0
205310,0
205311,0
205312,0
205313,0
205314,0
205315,0
205316,0
205317,0
205318,0
205319,0
205320,0
205321,0
205322,0
205323,0
205324,0
205325,29
205326,0
205327,0
205328,0
205329,30
205330,0
205331,0
205332,0
205333,0
205334,0
205335,0
205336,0
205337,23
205338,0
205339,0
205340,0
205341,0
205342,0
205343,0
205344,0
205345,0
205346,0
205347,0
205348,0
205349,0
205350,0
205351,0
205352,0
205353,0
205354,0
205355,0
205356,0
205357,0
205358,0
205359,0
205360,0
205361,0
205362,0
205363,0
205364,0
205365,0
205366,0
205367,0
205368,0
205369,0
205370,0
205371,0
205372,0
205373,0
205374,0
205375,0
205376,0
205377,0
205378,0
205379,0
205380,0
205381,0
205382,0
205383,0
205384,0
205385,0
205386,4
205387,0
205388,0
205389,0
205390,0
205391,0
205392,13
205393,0
205394,0
205395,2
205396,0
205397,0
205398,0
205399,0
205400,0
205401,0
205402,0
205403,3
205404,3
205405,7
205406,0
205407,0
205408,0
205409,0
205410,9
205411,0
205412,3
205413,5
205414,9
205415,4
205416,0
205417,0
205418,0
205419,0
205420,0
205421,0
205422,0
205423,4
205424,0
205425,0
205426,0
205427,8
205428,0
205429,4
205430,0
205431,0
205432,0
205433,0
205434,0
205435,0
205436,5
205437,12
205438,0
205439,0
205440,0
205441,7
205442,0
205443,0
205444,7
205445,0
205446,0
205447,0
205448,6
205449,0
205450,6
205451,0
205452,0
205453,0
205454,0
205455,8
205456,0
205457,0
205458,0
205459,0
205460,0
205461,0
205462,0
205463,0
205464,0
205465,5
205466,0
205467,0
205468,0
205469,0
205470,0
205471,0
205472,0
205473,0
205474,0
205475,3
205476,0
205477,0
205478,11
205479,3
205480,0
205481,0
205482,0
205483,0
205484,0
205485,0
205486,0
205487,0
205488,0
205489,4
205490,0
205491,0
205492,0
205493,0
205494,0
205495,3
205496,5
205497,6
205498,0
205499,3
205500,0
205501,0
205502,0
205503,0
205504,0
205505,0
205506,0
205507,0
205508,4
205509,0
205510,0
205511,0
205512,0
205513,0
205514,8
205515,0
205516,0
205517,2
205518,0
205519,0
205520,0
205521,0
205522,0
205523,0
205524,3
205525,0
205526,0
205527,0
205528,0
205529,15
205530,0
205531,0
205532,0
205533,0
205534,0
205535,0
205536,0
205537,0
205538,0
205539,0
205540,0
205541,0
205542,4
205543,0
205544,0
205545,0
205546,5
205547,0
205548,0
205549,0
205550,0
205551,4
205552,6
205553,1
205554,3
205555,0
205556,0
205557,0
205558,0
205559,0
205560,0
205561,3
205562,0
205563,0
205564,0
205565,0
205566,0
205567,0
205568,0
205569,0
205570,0
205571,0
205572,0
205573,9
205574,0
205575,0
205576,0
205577,0
205578,0
205579,0
205580,4
205581,3
205582,0
205583,0
205584,0
205585,0
205586,0
205587,0
205588,0
205589,0
205590,0
205591,8
205592,0
205593,0
205594,0
205595,0
205596,0
205597,0
205598,4
205599,0
205600,0
205601,0
205602,0
205603,0
205604,0
205605,0
205606,0
205607,8
205608,8
205609,6
205610,0
205611,5
205612,0
205613,8
205614,8
205615,0
205616,0
205617,0
205618,0
205619,0
205620,0
205621,6
205622,0
205623,0
205624,2
205625,0
205626,0
205627,3
205628,0
205629,0
205630,0
205631,0
205632,0
205633,0
205634,0
205635,0
205636,0
205637,0
205638,0
205639,0
205640,7
205641,0
205642,0
205643,0
205644,0
205645,3
205646,8
205647,5
205648,0
205649,1
205650,0
205651,0
205652,0
205653,0
205654,0
205655,0
205656,0
205657,0
205658,4
205659,0
205660,0
205661,0
205662,0
205663,6
205664,0
205665,0
205666,3
205667,0
205668,0
205669,0
205670,7
205671,0
205672,5
205673,0
205674,0
205675,0
205676,0
205677,0
205678,0
205679,0
205680,0
205681,0
205682,5
205683,0
205684,0
205685,0
205686,4
205687,0
205688,6
205689,6
205690,0
205691,4
205692,6
205693,0
205694,0
205695,0
205696,0
205697,0
205698,0
205699,3
205700,0
205701,0
205702,0
205703,5
205704,0
205705,0
205706,0
205707,0
205708,0
205709,6
205710,0
205711,0
205712,5
205713,0
205714,0
205715,0
205716,0
205717,0
205718,0
205719,0
205720,0
205721,0
205722,0
205723,0
205724,0
205725,5
205726,0
205727,0
205728,0
205729,0
205730,0
205731,0
205732,0
205733,0
205734,0
205735,0
205736,0
205737,0
205738,0
205739,2
205740,2
205741,0
205742,7
205743,0
205744,0
205745,0
205746,0
205747,0
205748,0
205749,0
205750,0
205751,0
205752,0
205753,0
205754,7
205755,0
205756,0
205757,0
205758,0
205759,0
205760,0
205761,0
205762,12
205763,0
205764,0
205765,6
205766,5
205767,0
205768,0
205769,10
205770,0
205771,0
205772,4
205773,0
205774,4
205775,0
205776,0
205777,0
205778,0
205779,0
205780,0
205781,0
205782,0
205783,0
205784,2
205785,0
205786,0
205787,0
205788,0
205789,0
205790,0
205791,0
205792,0
205793,7
205794,0
205795,0
205796,3
205797,0
205798,0
205799,0
205800,0
205801,0
205802,9
205803,0
205804,0
205805,0
205806,0
205807,0
205808,5
205809,0
205810,8
205811,0
205812,0
205813,0
205814,0
205815,6
205816,0
205817,7
205818,0
205819,0
205820,0
205821,0
205822,0
205823,0
205824,0
205825,0
205826,0
205827,5
205828,0
205829,4
205830,0
205831,2
205832,0
205833,0
205834,2
205835,6
205836,0
205837,6
205838,0
205839,0
205840,0
205841,0
205842,0
205843,0
205844,7
205845,22
205846,0
205847,15
205848,0
205849,0
205850,12
205851,0
205852,0
205853,0
205854,14
205855,0
205856,0
205857,0
205858,0
205859,13
205860,0
205861,0
205862,0
205863,0
205864,0
205865,0
205866,0
205867,0
205868,0
205869,0
205870,14
205871,0
205872,0
205873,29
205874,0
205875,0
205876,0
205877,0
205878,0
205879,0
205880,0
205881,19
205882,0
205883,0
205884,0
205885,0
205886,21
205887,0
205888,11
205889,0
205890,0
205891,0
205892,0
205893,0
205894,0
205895,0
205896,17
205897,0
205898,21
205899,0
205900,23
205901,0
205902,0
205903,0
205904,0
205905,12
205906,0
205907,0
205908,24
205909,0
205910,0
205911,0
205912,0
205913,0
205914,0
205915,0
205916,20
205917,0
205918,0
205919,0
205920,0
205921,0
205922,0
205923,0
205924,0
205925,27
205926,14
205927,0
205928,0
205929,0
205930,18
205931,0
205932,0
205933,0
205934,0
205935,0
205936,26
205937,0
205938,17
205939,0
205940,17
205941,0
205942,0
205943,0
205944,0
205945,0
205946,0
205947,0
205948,0
205949,17
205950,0
205951,0
205952,0
205953,0
205954,0
205955,0
205956,0
205957,0
205958,0
205959,0
205960,0
205961,0
205962,15
205963,0
205964,0
205965,0
205966,23
205967,0
205968,38
205969,0
205970,0
205971,0
205972,0
205973,27
205974,0
205975,16
205976,0
205977,0
205978,0
205979,0
205980,23
205981,0
205982,0
205983,0
205984,0
205985,0
205986,0
205987,0
205988,0
205989,0
205990,0
205991,0
205992,0
205993,0
205994,19
205995,0
205996,0
205997,0
205998,0
205999,0
206000,0
206001,0
206002,0
206003,0
206004,0
206005,24
206006,0
206007,0
206008,0
206009,24
206010,0
206011,25
206012,0
206013,0
206014,0
206015,0
206016,0
206017,0
206018,0
206019,0
206020,0
206021,26
206022,0
206023,0
206024,0
206025,0
206026,0
206027,0
206028,30
206029,0
206030,0
206031,0
206032,0
206033,13
206034,0
206035,0
206036,0
206037,0
206038,0
206039,0
206040,14
206041,0
206042,0
206043,0
206044,27
206045,13
206046,0
206047,0
206048,0
206049,0
206050,0
206051,0
206052,0
206053,0
206054,0
206055,0
206056,0
206057,0
206058,0
206059,18
206060,0
206061,0
206062,0
206063,0
206064,18
206065,0
206066,0
206067,0
206068,0
206069,0
206070,0
206071,0
206072,0
206073,0
206074,22
206075,0
206076,24
206077,0
206078,0
206079,0
206080,0
206081,0
206082,0
206083,0
206084,0
206085,0
206086,0
206087,0
206088,0
206089,0
206090,0
206091,0
206092,16
206093,0
206094,0
206095,0
206096,0
206097,0
206098,0
206099,0
206100,19
206101,0
206102,0
206103,0
206104,0
206105,0
206106,0
206107,0
206108,0
206109,0
206110,0
206111,0
206112,0
206113,11
206114,0
206115,0
206116,0
206117,0
206118,0
206119,0
206120,0
206121,14
206122,0
206123,0
206124,0
206125,0
206126,0
206127,0
206128,0
206129,0
206130,0
206131,0
206132,29
206133,0
206134,0
206135,16
206136,0
206137,0
206138,0
206139,0
206140,0
206141,0
206142,0
206143,17
206144,29
206145,20
206146,0
206147,0
206148,0
206149,0
206150,0
206151,23
206152,0
206153,0
206154,0
206155,0
206156,0
206157,0
206158,0
206159,0
206160,0
206161,0
206162,0
206163,0
206164,0
206165,0
206166,0
206167,0
206168,0
206169,0
206170,14
206171,0
206172,21
206173,18
206174,0
206175,0
206176,0
206177,0
206178,0
206179,0
206180,0
206181,0
206182,0
206183,0
206184,0
206185,0
206186,20
206187,0
206188,0
206189,20
206190,0
206191,20
206192,0
206193,0
206194,0
206195,21
206196,0
206197,9
206198,0
206199,0
206200,0
206201,0
206202,26
206203,18
206204,0
206205,0
206206,0
206207,0
206208,0
206209,0
206210,0
206211,0
206212,0
206213,0
206214,0
206215,18
206216,0
206217,0
206218,0
206219,0
206220,14
206221,0
206222,0
206223,0
206224,0
206225,0
206226,0
206227,0
206228,0
206229,0
206230,0
206231,0
206232,0
206233,0
206234,0
206235,0
206236,0
206237,0
206238,0
206239,0
206240,0
206241,0
206242,0
206243,0
206244,0
206245,0
206246,33
206247,0
206248,0
206249,19
206250,0
206251,0
206252,0
206253,0
206254,27
206255,0
206256,0
206257,0
206258,0
206259,0
206260,0
206261,19
206262,23
206263,0
206264,0
206265,0
206266,20
206267,0
206268,0
206269,0
206270,0
206271,26
206272,0
206273,0
206274,0
206275,0
206276,20
206277,17
206278,0
206279,0
206280,20
206281,18
206282,19
206283,0
206284,0
206285,0
206286,0
206287,0
206288,0
206289,0
206290,13
206291,0
206292,0
206293,0
206294,0
206295,0
206296,0
206297,0
206298,0
206299,0
206300,0
206301,0
206302,0
206303,0
206304,0
206305,0
206306,0
206307,0
206308,17
206309,0
206310,0
206311,27
206312,0
206313,0
206314,0
206315,0
206316,0
206317,0
206318,0
206319,28
206320,0
206321,0
206322,0
206323,12
206324,0
206325,0
206326,0
206327,0
206328,0
206329,0
206330,0
206331,20
206332,21
206333,0
206334,0
206335,0
206336,0
206337,0
206338,0
206339,0
206340,0
206341,0
206342,0
206343,19
206344,0
206345,0
206346,0
206347,10
206348,0
206349,0
206350,0
206351,0
206352,0
206353,16
206354,0
206355,0
206356,0
206357,0
206358,0
206359,0
206360,0
206361,0
206362,0
206363,0
206364,0
206365,0
206366,0
206367,0
206368,0
206369,0
206370,22
206371,0
206372,19
206373,0
206374,0
206375,14
206376,0
206377,19
206378,0
206379,0
206380,20
206381,0
206382,0
206383,18
206384,0
206385,0
206386,0
206387,0
206388,17
206389,0
206390,0
206391,23
206392,0
206393,0
206394,0
206395,20
206396,0
206397,0
206398,18
206399,0
206400,0
206401,0
206402,0
206403,16
206404,0
206405,0
206406,0
206407,0
206408,0
206409,0
206410,20
206411,0
206412,0
206413,0
206414,0
206415,0
206416,0
206417,0
206418,0
206419,3
206420,0
206421,0
206422,0
206423,0
206424,0
206425,0
206426,0
206427,0
206428,0
206429,0
206430,0
206431,0
206432,0
206433,0
206434,0
206435,5
206436,0
206437,0
206438,0
206439,0
206440,0
206441,0
206442,0
206443,0
206444,0
206445,0
206446,0
206447,0
206448,2
206449,0
206450,0
206451,0
206452,0
206453,0
206454,0
206455,0
206456,0
206457,0
206458,0
206459,9
206460,0
206461,0
206462,0
206463,0
206464,0
206465,0
206466,3
206467,0
206468,0
206469,0
206470,3
206471,0
206472,0
206473,0
206474,0
206475,2
206476,0
206477,0
206478,0
206479,0
206480,0
206481,0
206482,0
206483,0
206484,0
206485,0
206486,0
206487,0
206488,0
206489,0
206490,0
206491,0
206492,0
206493,0
206494,0
206495,0
206496,0
206497,0
206498,0
206499,0
206500,0
206501,0
206502,0
206503,0
206504,0
206505,0
206506,2
206507,0
206508,0
206509,0
206510,0
206511,6
206512,0
206513,0
206514,0
206515,0
206516,0
206517,0
206518,0
206519,0
206520,5
206521,0
206522,0
206523,0
206524,0
206525,7
206526,0
206527,0
206528,0
206529,0
206530,0
206531,0
206532,0
206533,0
206534,5
206535,0
206536,0
206537,0
206538,0
206539,0
206540,0
206541,2
206542,5
206543,0
206544,0
206545,0
206546,0
206547,0
206548,0
206549,0
206550,0
206551,4
206552,0
206553,0
206554,0
206555,0
206556,0
206557,0
206558,0
206559,0
206560,0
206561,0
206562,0
206563,0
206564,4
206565,0
206566,0
206567,0
206568,0
206569,0
206570,0
206571,0
206572,0
206573,0
206574,0
206575,0
206576,4
206577,0
206578,0
206579,0
206580,0
206581,0
206582,0
206583,0
206584,0
206585,0
206586,0
206587,0
206588,0
206589,0
206590,0
206591,0
206592,0
206593,4
206594,3
206595,0
206596,0
206597,0
206598,0
206599,0
206600,0
206601,0
206602,0
206603,0
206604,0
206605,0
206606,0
206607,0
206608,0
206609,0
206610,0
206611,0
206612,0
206613,0
206614,0
206615,0
206616,0
206617,2
206618,0
206619,0
206620,0
206621,0
206622,0
206623,0
206624,0
206625,0
206626,0
206627,0
206628,0
206629,0
206630,0
206631,0
206632,0
206633,0
206634,0
206635,0
206636,0
206637,0
206638,0
206639,0
206640,0
206641,0
206642,0
206643,0
206644,0
206645,0
206646,0
206647,0
206648,0
206649,0
206650,0
206651,0
206652,0
206653,0
206654,0
206655,0
206656,0
206657,0
206658,5
206659,0
206660,0
206661,9
206662,0
206663,0
206664,0
206665,12
206666,0
206667,0
206668,11
206669,0
206670,0
206671,0
206672,0
206673,0
206674,0
206675,0
206676,0
206677,0
206678,0
206679,0
206680,0
206681,9
206682,0
206683,0
206684,0
206685,0
206686,0
206687,0
206688,0
206689,0
206690,0
206691,0
206692,0
206693,0
206694,10
206695,0
206696,0
206697,0
206698,0
206699,0
206700,11
206701,0
206702,0
206703,0
206704,0
206705,0
206706,4
206707,0
206708,0
206709,0
206710,0
206711,0
206712,0
206713,0
206714,7
206715,0
206716,0
206717,0
206718,7
206719,0
206720,0
206721,0
206722,0
206723,0
206724,0
206725,0
206726,0
206727,12
206728,6
206729,0
206730,0
206731,0
206732,0
206733,0
206734,0
206735,0
206736,0
206737,0
206738,13
206739,0
206740,0
206741,10
206742,0
206743,0
206744,0
206745,0
206746,0
206747,0
206748,0
206749,9
206750,0
206751,0
206752,0
206753,0
206754,0
206755,0
206756,0
206757,0
206758,8
206759,0
206760,0
206761,0
206762,9
206763,0
206764,0
206765,0
206766,0
206767,0
206768,0
206769,0
206770,0
206771,0
206772,12
206773,0
206774,0
206775,0
206776,0
206777,12
206778,0
206779,0
206780,0
206781,0
206782,9
206783,0
206784,10
206785,0
206786,0
206787,0
206788,0
206789,0
206790,0
206791,0
206792,11
206793,9
206794,0
206795,0
206796,0
206797,0
206798,0
206799,14
206800,0
206801,0
206802,0
206803,0
206804,0
206805,0
206806,0
206807,0
206808,0
206809,0
206810,0
206811,0
206812,0
206813,0
206814,0
206815,0
206816,0
206817,0
206818,0
206819,14
206820,0
206821,0
206822,0
206823,0
206824,0
206825,0
206826,0
206827,0
206828,0
206829,0
206830,0
206831,0
206832,0
206833,0
206834,12
206835,3
206836,10
206837,0
206838,9
206839,0
206840,0
206841,0
206842,0
206843,0
206844,0
206845,0
206846,0
206847,0
206848,0
206849,0
206850,0
206851,0
206852,0
206853,0
206854,0
206855,0
206856,0
206857,0
206858,0
206859,0
206860,0
206861,0
206862,0
206863,0
206864,0
206865,0
206866,0
206867,0
206868,0
206869,0
206870,15
206871,0
206872,0
206873,0
206874,0
206875,0
206876,0
206877,0
206878,0
206879,0
206880,0
206881,0
206882,0
206883,0
206884,12
206885,15
206886,0
206887,0
206888,0
206889,0
206890,0
206891,0
206892,0
206893,0
206894,10
206895,0
206896,0
206897,0
206898,0
206899,0
206900,15
206901,8
206902,0
206903,0
206904,12
206905,13
206906,0
206907,0
206908,0
206909,0
206910,0
206911,0
206912,0
206913,0
206914,12
206915,0
206916,0
206917,0
206918,0
206919,0
206920,0
206921,0
206922,12
206923,0
206924,0
206925,0
206926,0
206927,0
206928,0
206929,0
206930,5
206931,0
206932,0
206933,0
206934,0
206935,0
206936,0
206937,0
206938,0
206939,10
206940,0
206941,0
206942,0
206943,0
206944,0
206945,0
206946,0
206947,14
206948,0
206949,0
206950,0
206951,0
206952,0
206953,0
206954,0
206955,0
206956,0
206957,0
206958,16
206959,0
206960,0
206961,0
206962,19
206963,0
206964,0
206965,0
206966,10
206967,0
206968,0
206969,0
206970,30
206971,0
206972,0
206973,0
206974,0
206975,49
206976,41
206977,0
206978,0
206979,0
206980,0
206981,0
206982,0
206983,0
206984,54
206985,0
206986,0
206987,0
206988,0
206989,0
206990,41
206991,31
206992,0
206993,0
206994,0
206995,0
206996,0
206997,0
206998,48
206999,39
207000,0
207001,0
207002,0
207003,0
207004,0
207005,0
207006,53
207007,0
207008,0
207009,0
207010,0
207011,33
207012,0
207013,0
207014,0
207015,0
207016,0
207017,38
207018,47
207019,39
207020,0
207021,0
207022,0
207023,0
207024,0
207025,44
207026,0
207027,39
207028,0
207029,0
207030,37
207031,41
207032,0
207033,0
207034,0
207035,0
207036,0
207037,0
207038,0
207039,39
207040,0
207041,0
207042,34
207043,0
207044,0
207045,0
207046,38
207047,0
207048,0
207049,0
207050,50
207051,0
207052,0
207053,0
207054,32
207055,0
207056,0
207057,0
207058,0
207059,0
207060,0
207061,0
207062,0
207063,0
207064,0
207065,0
207066,0
207067,0
207068,45
207069,0
207070,0
207071,33
207072,0
207073,0
207074,41
207075,33
207076,0
207077,26
207078,0
207079,0
207080,0
207081,0
207082,51
207083,40
207084,37
207085,0
207086,0
207087,59
207088,35
207089,0
207090,45
207091,40
207092,0
207093,0
207094,0
207095,0
207096,0
207097,36
207098,0
207099,35
207100,0
207101,0
207102,30
207103,0
207104,0
207105,27
207106,0
207107,0
207108,0
207109,23
207110,0
207111,0
207112,0
207113,0
207114,0
207115,0
207116,0
207117,0
207118,37
207119,0
207120,38
207121,30
207122,0
207123,0
207124,42
207125,39
207126,0
207127,0
207128,39
207129,0
207130,0
207131,0
207132,39
207133,55
207134,35
207135,0
207136,0
207137,35
207138,0
207139,0
207140,34
207141,0
207142,0
207143,0
207144,0
207145,0
207146,0
207147,0
207148,0
207149,0
207150,0
207151,31
207152,0
207153,0
207154,0
207155,0
207156,0
207157,38
207158,0
207159,0
207160,0
207161,0
207162,0
207163,0
207164,0
207165,0
207166,0
207167,0
207168,0
207169,0
207170,0
207171,0
207172,0
207173,0
207174,0
207175,0
207176,0
207177,0
207178,0
207179,0
207180,0
207181,0
207182,0
207183,0
207184,0
207185,28
207186,0
207187,0
207188,0
207189,0
207190,0
207191,28
207192,0
207193,0
207194,0
207195,0
207196,0
207197,0
207198,19
207199,28
207200,0
207201,0
207202,0
207203,0
207204,0
207205,0
207206,0
207207,0
207208,0
207209,0
207210,0
207211,0
207212,0
207213,0
207214,0
207215,0
207216,0
207217,0
207218,44
207219,0
207220,0
207221,0
207222,0
207223,0
207224,0
207225,0
207226,0
207227,0
207228,0
207229,0
207230,0
207231,0
207232,0
207233,0
207234,0
207235,21
207236,0
207237,0
207238,0
207239,0
207240,0
207241,0
207242,0
207243,0
207244,0
207245,0
207246,0
207247,0
207248,0
207249,0
207250,0
207251,0
207252,0
207253,0
207254,0
207255,0
207256,0
207257,36
207258,0
207259,0
207260,0
207261,0
207262,0
207263,0
207264,0
207265,0
207266,0
207267,2
207268,0
207269,11
207270,0
207271,0
207272,0
207273,0
207274,0
207275,0
207276,0
207277,0
207278,5
207279,0
207280,0
207281,0
207282,0
207283,0
207284,2
207285,0
207286,0
207287,0
207288,8
207289,0
207290,0
207291,5
207292,0
207293,0
207294,0
207295,0
207296,4
207297,0
207298,4
207299,0
207300,16
207301,0
207302,0
207303,0
207304,0
207305,0
207306,12
207307,0
207308,0
207309,0
207310,0
207311,0
207312,0
207313,0
207314,0
207315,0
207316,2
207317,0
207318,5
207319,14
207320,0
207321,0
207322,3
207323,0
207324,0
207325,0
207326,0
207327,5
207328,0
207329,0
207330,4
207331,8
207332,0
207333,0
207334,0
207335,6
207336,0
207337,11
207338,0
207339,0
207340,0
207341,0
207342,0
207343,0
207344,0
207345,0
207346,3
207347,0
207348,0
207349,12
207350,0
207351,0
207352,0
207353,0
207354,0
207355,0
207356,0
207357,0
207358,0
207359,0
207360,0
207361,0
207362,0
207363,0
207364,0
207365,0
207366,0
207367,0
207368,0
207369,0
207370,0
207371,0
207372,11
207373,0
207374,0
207375,0
207376,0
207377,0
207378,0
207379,0
207380,0
207381,0
207382,0
207383,13
207384,0
207385,0
207386,0
207387,0
207388,0
207389,12
207390,0
207391,0
207392,0
207393,0
207394,15
207395,0
207396,0
207397,13
207398,0
207399,0
207400,0
207401,0
207402,0
207403,11
207404,0
207405,0
207406,0
207407,0
207408,4
207409,8
207410,0
207411,0
207412,0
207413,0
207414,0
207415,0
207416,0
207417,4
207418,0
207419,0
207420,12
207421,0
207422,0
207423,7
207424,0
207425,0
207426,0
207427,7
207428,0
207429,0
207430,0
207431,0
207432,14
207433,8
207434,0
207435,0
207436,0
207437,0
207438,8
207439,0
207440,0
207441,0
207442,5
207443,0
207444,0
207445,0
207446,0
207447,0
207448,0
207449,0
207450,0
207451,0
207452,0
207453,0
207454,0
207455,0
207456,0
207457,0
207458,0
207459,0
207460,0
207461,0
207462,0
207463,0
207464,0
207465,0
207466,0
207467,0
207468,0
207469,0
207470,0
207471,0
207472,0
207473,0
207474,0
207475,0
207476,7
207477,0
207478,7
207479,6
207480,0
207481,0
207482,10
207483,0
207484,0
207485,0
207486,0
207487,0
207488,0
207489,0
207490,0
207491,9
207492,0
207493,0
207494,0
207495,0
207496,0
207497,0
207498,0
207499,0
207500,0
207501,0
207502,0
207503,9
207504,0
207505,2
207506,0
207507,0
207508,0
207509,0
207510,0
207511,0
207512,3
207513,0
207514,0
207515,0
207516,0
207517,5
207518,0
207519,0
207520,7
207521,0
207522,0
207523,0
207524,0
207525,0
207526,4
207527,0
207528,0
207529,0
207530,0
207531,0
207532,0
207533,0
207534,11
207535,0
207536,0
207537,0
207538,0
207539,12
207540,0
207541,0
207542,0
207543,0
207544,4
207545,12
207546,0
207547,0
207548,0
207549,0
207550,0
207551,0
207552,0
207553,5
207554,0
207555,5
207556,0
207557,0
207558,0
207559,0
207560,0
207561,11
207562,0
207563,11
207564,0
207565,0
207566,6
207567,0
207568,0
207569,0
207570,0
207571,0
207572,0
207573,0
207574,0
207575,0
207576,0
207577,3
207578,0
207579,0
207580,0
207581,10
207582,0
207583,0
207584,0
207585,0
207586,0
207587,0
207588,0
207589,0
207590,0
207591,0
207592,0
207593,0
207594,0
207595,0
207596,0
207597,0
207598,0
207599,0
207600,0
207601,10
207602,0
207603,0
207604,0
207605,0
207606,11
207607,0
207608,0
207609,0
207610,7
207611,0
207612,0
207613,0
207614,0
207615,0
207616,0
207617,0
207618,0
207619,0
207620,0
207621,0
207622,6
207623,0
207624,0
207625,0
207626,0
207627,0
207628,0
207629,0
207630,0
207631,0
207632,0
207633,12
207634,6
207635,0
207636,0
207637,0
207638,0
207639,0
207640,0
207641,0
207642,5
207643,0
207644,0
207645,0
207646,0
207647,15
207648,0
207649,0
207650,0
207651,0
207652,0
207653,0
207654,0
207655,0
207656,0
207657,0
207658,0
207659,0
207660,0
207661,0
207662,0
207663,0
207664,0
207665,0
207666,0
207667,14
207668,0
207669,0
207670,0
207671,0
207672,0
207673,0
207674,0
207675,0
207676,0
207677,6
207678,6
207679,0
207680,0
207681,0
207682,0
207683,8
207684,0
207685,0
207686,0
207687,0
207688,0
207689,0
207690,0
207691,12
207692,0
207693,2
207694,4
207695,0
207696,0
207697,0
207698,0
207699,0
207700,0
207701,0
207702,0
207703,0
207704,0
207705,0
207706,0
207707,5
207708,17
207709,0
207710,7
207711,7
207712,0
207713,7
207714,0
207715,0
207716,4
207717,0
207718,0
207719,0
207720,0
207721,0
207722,8
207723,0
207724,0
207725,0
207726,6
207727,0
207728,0
207729,0
207730,0
207731,0
207732,0
207733,0
207734,0
207735,0
207736,9
207737,0
207738,0
207739,0
207740,0
207741,0
207742,0
207743,0
207744,0
207745,1
207746,0
207747,0
207748,0
207749,0
207750,9
207751,10
207752,0
207753,0
207754,0
207755,0
207756,0
207757,0
207758,0
207759,0
207760,0
207761,6
207762,0
207763,0
207764,0
207765,0
207766,0
207767,0
207768,0
207769,0
207770,0
207771,0
207772,0
207773,10
207774,17
207775,0
207776,0
207777,0
207778,0
207779,0
207780,0
207781,9
207782,14
207783,0
207784,7
207785,0
207786,0
207787,0
207788,0
207789,0
207790,0
207791,0
207792,9
207793,0
207794,0
207795,0
207796,0
207797,0
207798,5
207799,0
207800,0
207801,0
207802,0
207803,0
207804,0
207805,0
207806,0
207807,0
207808,0
207809,8
207810,0
207811,0
207812,5
207813,0
207814,0
207815,0
207816,0
207817,0
207818,0
207819,0
207820,0
207821,0
207822,0
207823,0
207824,0
207825,0
207826,0
207827,0
207828,0
207829,0
207830,0
207831,0
207832,12
207833,0
207834,0
207835,7
207836,4
207837,12
207838,0
207839,0
207840,0
207841,0
207842,0
207843,0
207844,0
207845,0
207846,3
207847,0
207848,0
207849,0
207850,0
207851,13
207852,0
207853,0
207854,0
207855,0
207856,0
207857,2
207858,0
207859,0
207860,9
207861,0
207862,7
207863,0
207864,0
207865,0
207866,0
207867,0
207868,0
207869,0
207870,0
207871,0
207872,0
207873,0
207874,0
207875,0
207876,0
207877,0
207878,8
207879,0
207880,50
207881,0
207882,0
207883,0
207884,0
207885,0
207886,0
207887,0
207888,0
207889,0
207890,0
207891,0
207892,0
207893,0
207894,0
207895,45
207896,0
207897,0
207898,0
207899,0
207900,0
207901,0
207902,0
207903,0
207904,0
207905,0
207906,0
207907,0
207908,0
207909,29
207910,0
207911,0
207912,0
207913,0
207914,0
207915,0
207916,0
207917,44
207918,36
207919,0
207920,0
207921,0
207922,0
207923,33
207924,0
207925,0
207926,0
207927,0
207928,0
207929,0
207930,0
207931,0
207932,53
207933,0
207934,0
207935,0
207936,0
207937,0
207938,0
207939,0
207940,0
207941,0
207942,0
207943,0
207944,0
207945,0
207946,0
207947,0
207948,28
207949,0
207950,0
207951,0
207952,0
207953,0
207954,45
207955,0
207956,0
207957,0
207958,0
207959,0
207960,41
207961,43
207962,0
207963,0
207964,0
207965,0
207966,0
207967,0
207968,0
207969,31
207970,0
207971,0
207972,0
207973,0
207974,0
207975,0
207976,0
207977,0
207978,0
207979,0
207980,0
207981,0
207982,0
207983,0
207984,0
207985,0
207986,0
207987,0
207988,0
207989,0
207990,0
207991,0
207992,0
207993,0
207994,0
207995,0
207996,38
207997,0
207998,37
207999,0
208000,0
208001,39
208002,0
208003,0
208004,0
208005,0
208006,42
208007,0
208008,0
208009,0
208010,0
208011,30
208012,0
208013,0
208014,0
208015,0
208016,0
208017,0
208018,0
208019,0
208020,0
208021,0
208022,0
208023,0
208024,0
208025,0
208026,0
208027,0
208028,0
208029,0
208030,35
208031,42
208032,61
208033,0
208034,0
208035,0
208036,22
208037,28
208038,0
208039,0
208040,34
208041,0
208042,0
208043,0
208044,56
208045,0
208046,0
208047,0
208048,0
208049,0
208050,0
208051,0
208052,0
208053,0
208054,0
208055,0
208056,0
208057,0
208058,0
208059,0
208060,0
208061,31
208062,0
208063,0
208064,0
208065,0
208066,0
208067,0
208068,0
208069,0
208070,0
208071,0
208072,0
208073,0
208074,0
208075,0
208076,0
208077,38
208078,0
208079,0
208080,0
208081,0
208082,0
208083,0
208084,0
208085,0
208086,0
208087,34
208088,0
208089,0
208090,44
208091,0
208092,33
208093,0
208094,0
208095,0
208096,39
208097,23
208098,0
208099,43
208100,0
208101,41
208102,0
208103,0
208104,0
208105,0
208106,0
208107,0
208108,0
208109,0
208110,10
208111,15
208112,0
208113,0
208114,0
208115,20
208116,0
208117,13
208118,0
208119,0
208120,0
208121,0
208122,0
208123,0
208124,0
208125,0
208126,0
208127,21
208128,0
208129,0
208130,14
208131,0
208132,0
208133,21
208134,0
208135,0
208136,0
208137,0
208138,0
208139,0
208140,0
208141,13
208142,0
208143,16
208144,0
208145,10
208146,0
208147,12
208148,0
208149,0
208150,0
208151,14
208152,0
208153,0
208154,0
208155,0
208156,0
208157,0
208158,0
208159,0
208160,22
208161,8
208162,0
208163,0
208164,0
208165,0
208166,16
208167,0
208168,0
208169,14
208170,16
208171,4
208172,0
208173,0
208174,0
208175,5
208176,0
208177,0
208178,26
208179,0
208180,18
208181,8
208182,0
208183,0
208184,0
208185,0
208186,12
208187,0
208188,0
208189,0
208190,0
208191,14
208192,0
208193,0
208194,0
208195,15
208196,0
208197,0
208198,15
208199,11
208200,0
208201,0
208202,0
208203,0
208204,0
208205,0
208206,0
208207,0
208208,0
208209,0
208210,0
208211,8
208212,0
208213,0
208214,0
208215,14
208216,0
208217,0
208218,0
208219,0
208220,19
208221,0
208222,0
208223,0
208224,0
208225,11
208226,17
208227,16
208228,19
208229,10
208230,11
208231,12
208232,0
208233,0
208234,0
208235,0
208236,4
208237,0
208238,8
208239,0
208240,0
208241,0
208242,0
208243,0
208244,0
208245,0
208246,0
208247,7
208248,0
208249,9
208250,0
208251,13
208252,0
208253,0
208254,7
208255,18
208256,0
208257,0
208258,0
208259,0
208260,17
208261,0
208262,0
208263,0
208264,0
208265,0
208266,0
208267,0
208268,0
208269,9
208270,0
208271,0
208272,0
208273,0
208274,8
208275,0
208276,0
208277,0
208278,13
208279,0
208280,8
208281,12
208282,0
208283,21
208284,0
208285,0
208286,0
208287,11
208288,0
208289,0
208290,0
208291,9
208292,0
208293,0
208294,0
208295,0
208296,0
208297,0
208298,0
208299,12
208300,0
208301,0
208302,0
208303,0
208304,26
208305,0
208306,0
208307,0
208308,0
208309,0
208310,0
208311,18
208312,0
208313,0
208314,0
208315,0
208316,13
208317,12
208318,14
208319,14
208320,0
208321,0
208322,0
208323,0
208324,0
208325,0
208326,0
208327,15
208328,0
208329,0
208330,0
208331,0
208332,0
208333,0
208334,0
208335,19
208336,10
208337,0
208338,0
208339,11
208340,0
208341,0
208342,20
208343,0
208344,13
208345,7
208346,13
208347,0
208348,7
208349,25
208350,0
208351,0
208352,0
208353,0
208354,0
208355,0
208356,0
208357,0
208358,0
208359,0
208360,10
208361,0
208362,0
208363,0
208364,0
208365,0
208366,0
208367,15
208368,0
208369,0
208370,0
208371,0
208372,12
208373,0
208374,0
208375,0
208376,0
208377,17
208378,0
208379,0
208380,0
208381,0
208382,0
208383,13
208384,0
208385,14
208386,0
208387,0
208388,0
208389,13
208390,0
208391,0
208392,14
208393,0
208394,0
208395,0
208396,7
208397,0
208398,0
208399,9
208400,0
208401,0
208402,14
208403,11
208404,0
208405,0
208406,0
208407,0
208408,0
208409,12
208410,0
208411,0
208412,0
208413,5
208414,0
208415,20
208416,13
208417,0
208418,0
208419,0
208420,0
208421,0
208422,0
208423,0
208424,0
208425,11
208426,0
208427,0
208428,0
208429,0
208430,18
208431,0
208432,14
208433,0
208434,6
208435,0
208436,11
208437,0
208438,0
208439,0
208440,0
208441,29
208442,0
208443,0
208444,0
208445,0
208446,21
208447,0
208448,0
208449,23
208450,0
208451,0
208452,0
208453,11
208454,0
208455,0
208456,0
208457,0
208458,0
208459,0
208460,0
208461,0
208462,0
208463,0
208464,0
208465,21
208466,0
208467,0
208468,0
208469,0
208470,0
208471,0
208472,0
208473,10
208474,0
208475,0
208476,20
208477,0
208478,0
208479,0
208480,0
208481,10
208482,0
208483,0
208484,12
208485,0
208486,0
208487,15
208488,13
208489,0
208490,0
208491,0
208492,0
208493,0
208494,0
208495,0
208496,0
208497,0
208498,0
208499,0
208500,0
208501,6
208502,0
208503,17
208504,0
208505,0
208506,0
208507,0
208508,0
208509,0
208510,0
208511,0
208512,11
208513,8
208514,21
208515,0
208516,0
208517,0
208518,0
208519,0
208520,5
208521,0
208522,8
208523,0
208524,0
208525,0
208526,0
208527,0
208528,0
208529,27
208530,0
208531,0
208532,0
208533,0
208534,0
208535,0
208536,0
208537,0
208538,0
208539,23
208540,0
208541,13
208542,0
208543,0
208544,26
208545,0
208546,0
208547,0
208548,0
208549,12
208550,0
208551,0
208552,0
208553,19
208554,0
208555,0
208556,0
208557,0
208558,0
208559,0
208560,15
208561,30
208562,21
208563,0
208564,0
208565,0
208566,0
208567,0
208568,0
208569,0
208570,0
208571,0
208572,0
208573,33
208574,0
208575,0
208576,0
208577,0
208578,0
208579,0
208580,17
208581,21
208582,0
208583,0
208584,12
208585,0
208586,0
208587,0
208588,0
208589,0
208590,0
208591,16
208592,16
208593,0
208594,0
208595,0
208596,0
208597,0
208598,0
208599,28
208600,0
208601,0
208602,0
208603,0
208604,0
208605,0
208606,0
208607,0
208608,0
208609,0
208610,0
208611,0
208612,0
208613,21
208614,0
208615,0
208616,0
208617,0
208618,24
208619,0
208620,0
208621,0
208622,0
208623,0
208624,16
208625,20
208626,0
208627,0
208628,0
208629,26
208630,0
208631,0
208632,0
208633,0
208634,0
208635,16
208636,0
208637,0
208638,0
208639,0
208640,0
208641,0
208642,0
208643,0
208644,0
208645,14
208646,18
208647,19
208648,0
208649,0
208650,0
208651,0
208652,0
208653,0
208654,0
208655,19
208656,0
208657,21
208658,0
208659,0
208660,0
208661,0
208662,19
208663,18
208664,0
208665,18
208666,0
208667,0
208668,0
208669,0
208670,0
208671,0
208672,0
208673,15
208674,0
208675,0
208676,0
208677,13
208678,0
208679,16
208680,0
208681,0
208682,0
208683,20
208684,0
208685,15
208686,15
208687,0
208688,0
208689,0
208690,0
208691,0
208692,0
208693,23
208694,0
208695,0
208696,0
208697,0
208698,0
208699,0
208700,17
208701,13
208702,0
208703,0
208704,0
208705,0
208706,0
208707,0
208708,0
208709,0
208710,15
208711,12
208712,0
208713,0
208714,0
208715,0
208716,0
208717,15
208718,0
208719,0
208720,0
208721,22
208722,0
208723,0
208724,0
208725,0
208726,0
208727,0
208728,0
208729,0
208730,0
208731,0
208732,0
208733,0
208734,0
208735,0
208736,0
208737,0
208738,0
208739,0
208740,0
208741,0
208742,28
208743,0
208744,0
208745,0
208746,18
208747,0
208748,0
208749,0
208750,0
208751,0
208752,0
208753,0
208754,0
208755,0
208756,0
208757,17
208758,0
208759,0
208760,0
208761,0
208762,0
208763,0
208764,0
208765,0
208766,0
208767,0
208768,24
208769,29
208770,0
208771,0
208772,0
208773,0
208774,0
208775,0
208776,0
208777,13
208778,0
208779,18
208780,0
208781,0
208782,0
208783,0
208784,0
208785,23
208786,0
208787,0
208788,0
208789,0
208790,20
208791,0
208792,19
208793,0
208794,0
208795,0
208796,17
208797,0
208798,0
208799,0
208800,0
208801,0
208802,12
208803,0
208804,0
208805,10
208806,0
208807,6
208808,0
208809,15
208810,0
208811,0
208812,0
208813,0
208814,18
208815,0
208816,0
208817,0
208818,0
208819,0
208820,0
208821,0
208822,17
208823,0
208824,0
208825,0
208826,0
208827,0
208828,0
208829,0
208830,0
208831,0
208832,0
208833,0
208834,19
208835,0
208836,0
208837,15
208838,0
208839,0
208840,0
208841,0
208842,0
208843,0
208844,8
208845,0
208846,0
208847,7
208848,12
208849,0
208850,0
208851,0
208852,0
208853,0
208854,0
208855,0
208856,0
208857,0
208858,0
208859,0
208860,13
208861,0
208862,0
208863,0
208864,0
208865,0
208866,0
208867,13
208868,19
208869,9
208870,0
208871,12
208872,0
208873,0
208874,0
208875,0
208876,9
208877,0
208878,11
208879,0
208880,0
208881,0
208882,10
208883,0
208884,0
208885,10
208886,0
208887,0
208888,0
208889,0
208890,0
208891,11
208892,0
208893,0
208894,0
208895,0
208896,0
208897,0
208898,0
208899,0
208900,19
208901,0
208902,16
208903,0
208904,0
208905,0
208906,0
208907,0
208908,0
208909,13
208910,0
208911,11
208912,0
208913,0
208914,10
208915,0
208916,0
208917,7
208918,8
208919,0
208920,0
208921,0
208922,0
208923,0
208924,0
208925,11
208926,0
208927,0
208928,0
208929,0
208930,6
208931,0
208932,15
208933,0
208934,0
208935,0
208936,0
208937,15
208938,0
208939,0
208940,10
208941,0
208942,0
208943,0
208944,10
208945,0
208946,0
208947,0
208948,0
208949,22
208950,0
208951,0
208952,0
208953,0
208954,0
208955,0
208956,0
208957,6
208958,0
208959,8
208960,0
208961,0
208962,7
208963,0
208964,22
208965,0
208966,7
208967,0
208968,0
208969,17
208970,0
208971,0
208972,0
208973,11
208974,6
208975,14
208976,0
208977,5
208978,0
208979,5
208980,14
208981,0
208982,0
208983,0
208984,0
208985,13
208986,0
208987,11
208988,0
208989,0
208990,0
208991,0
208992,0
208993,0
208994,23
208995,13
208996,0
208997,0
208998,0
208999,8
209000,0
209001,0
209002,0
209003,16
209004,31
209005,19
209006,0
209007,0
209008,0
209009,0
209010,0
209011,0
209012,10
209013,11
209014,0
209015,0
209016,0
209017,14
209018,0
209019,0
209020,0
209021,0
209022,0
209023,5
209024,10
209025,0
209026,14
209027,0
209028,24
209029,0
209030,0
209031,0
209032,4
209033,13
209034,0
209035,0
209036,12
209037,0
209038,0
209039,12
209040,0
209041,0
209042,0
209043,0
209044,0
209045,0
209046,0
209047,0
209048,0
209049,0
209050,0
209051,0
209052,0
209053,0
209054,0
209055,0
209056,0
209057,0
209058,0
209059,12
209060,9
209061,0
209062,9
209063,0
209064,0
209065,0
209066,0
209067,0
209068,0
209069,0
209070,0
209071,9
209072,0
209073,0
209074,0
209075,0
209076,0
209077,0
209078,0
209079,0
209080,17
209081,19
209082,0
209083,11
209084,0
209085,0
209086,0
209087,0
209088,12
209089,0
209090,13
209091,0
209092,0
209093,10
209094,0
209095,0
209096,18
209097,0
209098,16
209099,0
209100,0
209101,0
209102,13
209103,0
209104,15
209105,18
209106,17
209107,0
209108,11
209109,0
209110,0
209111,0
209112,0
209113,0
209114,9
209115,0
209116,0
209117,0
209118,0
209119,9
209120,0
209121,0
209122,0
209123,0
209124,6
209125,0
209126,0
209127,0
209128,16
209129,0
209130,0
209131,0
209132,0
209133,0
209134,0
209135,0
209136,0
209137,0
209138,0
209139,0
209140,0
209141,0
209142,0
209143,0
209144,0
209145,0
209146,0
209147,3
209148,8
209149,7
209150,0
209151,0
209152,19
209153,0
209154,11
209155,0
209156,0
209157,0
209158,0
209159,0
209160,0
209161,0
209162,10
209163,8
209164,0
209165,0
209166,0
209167,8
209168,11
209169,0
209170,0
209171,0
209172,0
209173,10
209174,0
209175,0
209176,15
209177,14
209178,0
209179,0
209180,0
209181,0
209182,0
209183,0
209184,0
209185,0
209186,0
209187,19
209188,0
209189,9
209190,0
209191,0
209192,6
209193,0
209194,0
209195,21
209196,0
209197,0
209198,0
209199,0
209200,14
209201,7
209202,0
209203,0
209204,6
209205,14
209206,17
209207,0
209208,9
209209,0
209210,0
209211,0
209212,0
209213,0
209214,0
209215,0
209216,0
209217,0
209218,0
209219,0
209220,0
209221,0
209222,0
209223,0
209224,0
209225,0
209226,19
209227,0
209228,0
209229,15
209230,0
209231,7
209232,15
209233,0
209234,0
209235,0
209236,14
209237,0
209238,0
209239,0
209240,0
209241,0
209242,0
209243,0
209244,0
209245,0
209246,0
209247,0
209248,0
209249,0
209250,0
209251,0
209252,0
209253,9
209254,0
209255,0
209256,11
209257,0
209258,0
209259,0
209260,0
209261,0
209262,15
209263,0
209264,0
209265,0
209266,11
209267,0
209268,0
209269,0
209270,0
209271,0
209272,0
209273,0
209274,0
209275,0
209276,10
209277,10
209278,0
209279,0
209280,0
209281,0
209282,0
209283,0
209284,0
209285,0
209286,0
209287,7
209288,10
209289,0
209290,0
209291,10
209292,0
209293,20
209294,0
209295,0
209296,7
209297,0
209298,0
209299,0
209300,0
209301,13
209302,0
209303,0
209304,0
209305,0
209306,0
209307,0
209308,0
209309,15
209310,12
209311,0
209312,9
209313,19
209314,0
209315,14
209316,0
209317,0
209318,0
209319,0
209320,0
209321,25
209322,0
209323,10
209324,0
209325,0
209326,0
209327,0
209328,0
209329,11
209330,0
209331,0
209332,0
209333,13
209334,0
209335,10
209336,18
209337,0
209338,0
209339,19
209340,6
209341,19
209342,0
209343,0
209344,0
209345,0
209346,0
209347,0
209348,0
209349,0
209350,0
209351,19
209352,0
209353,0
209354,0
209355,0
209356,0
209357,0
209358,0
209359,0
209360,0
209361,0
209362,0
209363,9
209364,0
209365,0
209366,0
209367,11
209368,0
209369,0
209370,0
209371,10
209372,17
209373,0
209374,0
209375,0
209376,8
209377,22
209378,0
209379,0
209380,0
209381,0
209382,12
209383,0
209384,0
209385,0
209386,0
209387,0
209388,5
209389,8
209390,0
209391,15
209392,11
209393,0
209394,0
209395,0
209396,44
209397,0
209398,0
209399,18
209400,34
209401,0
209402,0
209403,24
209404,0
209405,0
209406,0
209407,0
209408,0
209409,0
209410,16
209411,26
209412,0
209413,0
209414,0
209415,35
209416,0
209417,0
209418,0
209419,0
209420,0
209421,0
209422,0
209423,0
209424,0
209425,0
209426,40
209427,0
209428,0
209429,33
209430,0
209431,35
209432,0
209433,0
209434,38
209435,0
209436,0
209437,0
209438,0
209439,0
209440,0
209441,22
209442,0
209443,0
209444,0
209445,0
209446,0
209447,0
209448,0
209449,0
209450,37
209451,0
209452,0
209453,0
209454,0
209455,0
209456,0
209457,0
209458,0
209459,0
209460,0
209461,0
209462,0
209463,0
209464,0
209465,0
209466,0
209467,0
209468,0
209469,0
209470,0
209471,0
209472,23
209473,0
209474,0
209475,0
209476,0
209477,0
209478,16
209479,0
209480,19
209481,0
209482,0
209483,0
209484,36
209485,0
209486,0
209487,0
209488,0
209489,0
209490,0
209491,0
209492,0
209493,0
209494,0
209495,0
209496,0
209497,0
209498,0
209499,0
209500,38
209501,0
209502,0
209503,30
209504,26
209505,0
209506,0
209507,0
209508,0
209509,0
209510,0
209511,0
209512,29
209513,0
209514,0
209515,44
209516,0
209517,0
209518,0
209519,0
209520,0
209521,0
209522,0
209523,32
209524,0
209525,27
209526,0
209527,25
209528,0
209529,0
209530,0
209531,38
209532,0
209533,0
209534,0
209535,0
209536,0
209537,0
209538,0
209539,31
209540,0
209541,0
209542,0
209543,0
209544,0
209545,0
209546,0
209547,0
209548,25
209549,0
209550,0
209551,0
209552,0
209553,0
209554,0
209555,43
209556,0
209557,0
209558,0
209559,0
209560,36
209561,0
209562,0
209563,0
209564,0
209565,39
209566,0
209567,0
209568,41
209569,0
209570,0
209571,0
209572,0
209573,0
209574,0
209575,0
209576,0
209577,0
209578,0
209579,0
209580,0
209581,0
209582,0
209583,0
209584,0
209585,0
209586,39
209587,0
209588,0
209589,28
209590,0
209591,34
209592,0
209593,0
209594,42
209595,24
209596,0
209597,25
209598,0
209599,0
209600,25
209601,0
209602,0
209603,0
209604,0
209605,0
209606,0
209607,0
209608,0
209609,0
209610,0
209611,0
209612,34
209613,36
209614,0
209615,0
209616,0
209617,20
209618,24
209619,27
209620,0
209621,0
209622,0
209623,26
209624,0
209625,30
209626,0
209627,62
209628,0
209629,0
209630,0
209631,0
209632,35
209633,40
209634,0
209635,0
209636,21
209637,0
209638,28
209639,0
209640,0
209641,0
209642,0
209643,17
209644,0
209645,0
209646,0
209647,0
209648,33
209649,0
209650,0
209651,23
209652,0
209653,39
209654,0
209655,0
209656,29
209657,0
209658,0
209659,0
209660,35
209661,0
209662,0
209663,33
209664,0
209665,48
209666,0
209667,32
209668,0
209669,27
209670,18
209671,0
209672,0
209673,0
209674,0
209675,0
209676,0
209677,0
209678,0
209679,0
209680,0
209681,0
209682,0
209683,45
209684,0
209685,50
209686,0
209687,0
209688,0
209689,0
209690,0
209691,51
209692,21
209693,0
209694,0
209695,0
209696,0
209697,32
209698,0
209699,0
209700,0
209701,0
209702,46
209703,0
209704,0
209705,33
209706,0
209707,0
209708,0
209709,0
209710,0
209711,0
209712,16
209713,26
209714,0
209715,0
209716,38
209717,0
209718,0
209719,0
209720,0
209721,0
209722,0
209723,0
209724,0
209725,0
209726,0
209727,0
209728,0
209729,0
209730,0
209731,0
209732,26
209733,0
209734,0
209735,0
209736,0
209737,0
209738,0
209739,45
209740,0
209741,0
209742,0
209743,0
209744,33
209745,0
209746,37
209747,0
209748,0
209749,0
209750,19
209751,27
209752,0
209753,25
209754,0
209755,43
209756,47
209757,0
209758,26
209759,0
209760,34
209761,0
209762,0
209763,0
209764,0
209765,0
209766,19
209767,0
209768,0
209769,0
209770,0
209771,0
209772,0
209773,0
209774,0
209775,0
209776,22
209777,0
209778,0
209779,0
209780,33
209781,0
209782,35
209783,16
209784,0
209785,0
209786,0
209787,0
209788,0
209789,0
209790,0
209791,0
209792,0
209793,28
209794,0
209795,29
209796,0
209797,33
209798,0
209799,0
209800,0
209801,20
209802,38
209803,0
209804,0
209805,0
209806,0
209807,0
209808,0
209809,0
209810,0
209811,28
209812,0
209813,29
209814,0
209815,0
209816,0
209817,0
209818,23
209819,0
209820,0
209821,0
209822,0
209823,0
209824,0
209825,0
209826,0
209827,31
209828,49
209829,0
209830,0
209831,0
209832,21
209833,0
209834,0
209835,0
209836,0
209837,0
209838,34
209839,0
209840,0
209841,0
209842,35
209843,15
209844,34
209845,0
209846,0
209847,0
209848,0
209849,0
209850,0
209851,0
209852,0
209853,0
209854,0
209855,0
209856,21
209857,0
209858,0
209859,0
209860,0
209861,0
209862,0
209863,0
209864,0
209865,0
209866,19
209867,0
209868,0
209869,0
209870,0
209871,0
209872,31
209873,0
209874,0
209875,0
209876,0
209877,26
209878,0
209879,0
209880,0
209881,0
209882,0
209883,0
209884,0
209885,0
209886,47
209887,0
209888,0
209889,0
209890,33
209891,0
209892,0
209893,0
209894,0
209895,0
209896,0
209897,0
209898,0
209899,39
209900,0
209901,30
209902,0
209903,0
209904,0
209905,0
209906,0
209907,0
209908,0
209909,21
209910,0
209911,0
209912,0
209913,0
209914,0
209915,0
209916,0
209917,0
209918,39
209919,29
209920,0
209921,0
209922,32
209923,31
209924,0
209925,39
209926,0
209927,0
209928,0
209929,0
209930,0
209931,0
209932,0
209933,0
209934,0
209935,0
209936,0
209937,0
209938,0
209939,0
209940,24
209941,0
209942,35
209943,0
209944,0
209945,0
209946,0
209947,0
209948,0
209949,35
209950,23
209951,35
209952,33
209953,0
209954,0
209955,0
209956,0
209957,0
209958,0
209959,0
209960,0
209961,0
209962,0
209963,0
209964,0
209965,0
209966,0
209967,0
209968,44
209969,46
209970,22
209971,42
209972,0
209973,0
209974,0
209975,0
209976,0
209977,0
209978,0
209979,0
209980,0
209981,0
209982,0
209983,0
209984,0
209985,0
209986,0
209987,0
209988,0
209989,0
209990,0
209991,0
209992,33
209993,0
209994,0
209995,26
209996,0
209997,0
209998,38
209999,0
210000,0
210001,0
210002,0
210003,0
210004,22
210005,0
210006,0
210007,29
210008,0
210009,33
210010,0
210011,0
210012,0
210013,0
210014,43
210015,0
210016,0
210017,35
210018,37
210019,0
210020,0
210021,0
210022,0
210023,0
210024,0
210025,0
210026,0
210027,0
210028,46
210029,0
210030,0
210031,31
210032,45
210033,0
210034,0
210035,52
210036,0
210037,0
210038,0
210039,23
210040,0
210041,38
210042,0
210043,0
210044,0
210045,37
210046,0
210047,38
210048,0
210049,0
210050,26
210051,0
210052,0
210053,0
210054,44
210055,0
210056,22
210057,0
210058,0
210059,0
210060,0
210061,0
210062,0
210063,0
210064,0
210065,0
210066,25
210067,0
210068,0
210069,0
210070,0
210071,0
210072,29
210073,0
210074,0
210075,24
210076,0
210077,40
210078,0
210079,0
210080,0
210081,0
210082,0
210083,19
210084,0
210085,0
210086,0
210087,0
210088,0
210089,44
210090,0
210091,0
210092,0
210093,0
210094,0
210095,49
210096,37
210097,0
210098,0
210099,0
210100,0
210101,0
210102,0
210103,0
210104,0
210105,30
210106,0
210107,55
210108,0
210109,0
210110,0
210111,0
210112,0
210113,0
210114,0
210115,29
210116,20
210117,0
210118,0
210119,0
210120,37
210121,0
210122,25
210123,0
210124,26
210125,0
210126,23
210127,0
210128,0
210129,35
210130,0
210131,0
210132,37
210133,0
210134,20
210135,0
210136,31
210137,0
210138,0
210139,0
210140,34
210141,0
210142,0
210143,0
210144,0
210145,22
210146,0
210147,0
210148,0
210149,26
210150,25
210151,0
210152,0
210153,0
210154,0
210155,27
210156,0
210157,41
210158,0
210159,0
210160,0
210161,0
210162,0
210163,0
210164,0
210165,0
210166,0
210167,0
210168,0
210169,0
210170,0
210171,18
210172,0
210173,25
210174,0
210175,0
210176,0
210177,0
210178,0
210179,0
210180,0
210181,38
210182,15
210183,0
210184,0
210185,0
210186,0
210187,0
210188,0
210189,0
210190,0
210191,0
210192,0
210193,0
210194,0
210195,0
210196,41
210197,0
210198,0
210199,0
210200,0
210201,0
210202,0
210203,20
210204,0
210205,0
210206,0
210207,28
210208,0
210209,0
210210,0
210211,26
210212,20
210213,0
210214,0
210215,0
210216,0
210217,0
210218,0
210219,25
210220,0
210221,0
210222,34
210223,0
210224,0
210225,24
210226,0
210227,0
210228,0
210229,0
210230,0
210231,0
210232,0
210233,0
210234,0
210235,23
210236,50
210237,0
210238,0
210239,0
210240,0
210241,0
210242,0
210243,0
210244,0
210245,0
210246,0
210247,0
210248,0
210249,0
210250,0
210251,0
210252,0
210253,0
210254,26
210255,0
210256,0
210257,0
210258,0
210259,0
210260,0
210261,36
210262,25
210263,48
210264,0
210265,38
210266,0
210267,24
210268,60
210269,0
210270,0
210271,0
210272,0
210273,0
210274,0
210275,0
210276,37
210277,0
210278,0
210279,49
210280,0
210281,30
210282,0
210283,27
210284,0
210285,0
210286,24
210287,0
210288,0
210289,23
210290,0
210291,23
210292,0
210293,37
210294,0
210295,0
210296,0
210297,36
210298,0
210299,0
210300,33
210301,0
210302,0
210303,0
210304,0
210305,29
210306,42
210307,49
210308,27
210309,0
210310,0
210311,29
210312,0
210313,0
210314,0
210315,34
210316,0
210317,0
210318,40
210319,48
210320,27
210321,23
210322,0
210323,0
210324,0
210325,0
210326,28
210327,0
210328,0
210329,0
210330,21
210331,0
210332,0
210333,0
210334,0
210335,0
210336,35
210337,0
210338,0
210339,0
210340,0
210341,0
210342,29
210343,0
210344,0
210345,0
210346,0
210347,0
210348,0
210349,0
210350,0
210351,0
210352,24
210353,0
210354,0
210355,0
210356,0
210357,24
210358,0
210359,0
210360,47
210361,0
210362,23
210363,0
210364,40
210365,24
210366,0
210367,29
210368,0
210369,0
210370,35
210371,0
210372,0
210373,0
210374,0
210375,0
210376,0
210377,19
210378,0
210379,0
210380,0
210381,0
210382,0
210383,0
210384,0
210385,41
210386,0
210387,0
210388,0
210389,29
210390,0
210391,0
210392,0
210393,0
210394,23
210395,0
210396,51
210397,0
210398,0
210399,0
210400,0
210401,0
210402,0
210403,0
210404,0
210405,0
210406,0
210407,0
210408,0
210409,0
210410,0
210411,0
210412,0
210413,45
210414,0
210415,0
210416,0
210417,0
210418,0
210419,28
210420,0
210421,0
210422,0
210423,0
210424,0
210425,0
210426,0
210427,0
210428,0
210429,0
210430,0
210431,0
210432,0
210433,0
210434,0
210435,0
210436,0
210437,0
210438,0
210439,0
210440,24
210441,0
210442,0
210443,0
210444,0
210445,0
210446,0
210447,0
210448,0
210449,0
210450,0
210451,0
210452,0
210453,0
210454,0
210455,0
210456,0
210457,0
210458,0
210459,0
210460,0
210461,0
210462,0
210463,0
210464,0
210465,0
210466,0
210467,0
210468,0
210469,0
210470,0
210471,0
210472,0
210473,0
210474,0
210475,0
210476,0
210477,0
210478,0
210479,0
210480,0
210481,45
210482,0
210483,0
210484,0
210485,0
210486,0
210487,0
210488,0
210489,0
210490,0
210491,0
210492,0
210493,0
210494,0
210495,0
210496,46
210497,0
210498,18
210499,0
210500,0
210501,28
210502,0
210503,0
210504,0
210505,0
210506,0
210507,0
210508,0
210509,0
210510,0
210511,0
210512,0
210513,0
210514,0
210515,0
210516,0
210517,0
210518,0
210519,0
210520,0
210521,0
210522,0
210523,29
210524,22
210525,0
210526,0
210527,0
210528,0
210529,0
210530,0
210531,0
210532,0
210533,0
210534,0
210535,47
210536,0
210537,0
210538,0
210539,0
210540,0
210541,0
210542,0
210543,0
210544,0
210545,0
210546,0
210547,0
210548,0
210549,0
210550,0
210551,0
210552,0
210553,0
210554,0
210555,0
210556,27
210557,0
210558,0
210559,0
210560,0
210561,0
210562,0
210563,0
210564,0
210565,0
210566,0
210567,0
210568,0
210569,0
210570,0
210571,0
210572,0
210573,0
210574,0
210575,0
210576,0
210577,0
210578,0
210579,0
210580,0
210581,0
210582,0
210583,0
210584,0
210585,0
210586,0
210587,15
210588,0
210589,0
210590,0
210591,0
210592,0
210593,0
210594,0
210595,0
210596,0
210597,0
210598,0
210599,0
210600,0
210601,0
210602,0
210603,0
210604,0
210605,0
210606,0
210607,0
210608,0
210609,0
210610,0
210611,0
210612,0
210613,0
210614,0
210615,0
210616,0
210617,31
210618,0
210619,0
210620,0
210621,0
210622,0
210623,0
210624,0
210625,0
210626,0
210627,0
210628,0
210629,0
210630,0
210631,0
210632,0
210633,0
210634,0
210635,0
210636,0
210637,0
210638,0
210639,0
210640,0
210641,0
210642,0
210643,0
210644,0
210645,0
210646,0
210647,0
210648,0
210649,0
210650,0
210651,0
210652,0
210653,0
210654,0
210655,0
210656,0
210657,0
210658,0
210659,0
210660,0
210661,0
210662,0
210663,0
210664,0
210665,0
210666,0
210667,0
210668,0
210669,0
210670,0
210671,0
210672,0
210673,0
210674,0
210675,0
210676,0
210677,0
210678,0
210679,0
210680,0
210681,0
210682,0
210683,0
210684,0
210685,0
210686,0
210687,0
210688,0
210689,0
210690,0
210691,31
210692,0
210693,0
210694,33
210695,0
210696,0
210697,28
210698,0
210699,0
210700,0
210701,39
210702,0
210703,0
210704,0
210705,0
210706,0
210707,0
210708,29
210709,0
210710,0
210711,0
210712,25
210713,0
210714,0
210715,0
210716,0
210717,0
210718,0
210719,0
210720,0
210721,37
210722,0
210723,15
210724,29
210725,33
210726,0
210727,0
210728,0
210729,0
210730,0
210731,0
210732,0
210733,0
210734,39
210735,58
210736,0
210737,0
210738,0
210739,0
210740,33
210741,32
210742,0
210743,0
210744,0
210745,0
210746,18
210747,0
210748,0
210749,56
210750,0
210751,0
210752,0
210753,43
210754,0
210755,0
210756,0
210757,0
210758,0
210759,0
210760,31
210761,0
210762,0
210763,65
210764,0
210765,31
210766,29
210767,41
210768,0
210769,36
210770,0
210771,0
210772,0
210773,0
210774,0
210775,0
210776,0
210777,0
210778,0
210779,0
210780,43
210781,0
210782,33
210783,0
210784,0
210785,0
210786,0
210787,33
210788,28
210789,33
210790,34
210791,35
210792,0
210793,37
210794,0
210795,0
210796,34
210797,0
210798,0
210799,0
210800,0
210801,0
210802,0
210803,0
210804,0
210805,0
210806,0
210807,0
210808,33
210809,0
210810,0
210811,0
210812,0
210813,0
210814,0
210815,33
210816,24
210817,0
210818,28
210819,0
210820,59
210821,38
210822,0
210823,0
210824,0
210825,0
210826,0
210827,35
210828,44
210829,42
210830,0
210831,0
210832,38
210833,20
210834,0
210835,0
210836,38
210837,0
210838,0
210839,35
210840,0
210841,0
210842,0
210843,0
210844,15
210845,0
210846,0
210847,0
210848,0
210849,0
210850,0
210851,0
210852,0
210853,0
210854,0
210855,55
210856,0
210857,0
210858,0
210859,0
210860,26
210861,0
210862,0
210863,0
210864,0
210865,0
210866,0
210867,0
210868,0
210869,0
210870,0
210871,0
210872,0
210873,0
210874,0
210875,0
210876,0
210877,0
210878,0
210879,36
210880,0
210881,0
210882,0
210883,0
210884,0
210885,0
210886,0
210887,0
210888,0
210889,0
210890,0
210891,0
210892,0
210893,31
210894,0
210895,28
210896,21
210897,0
210898,0
210899,0
210900,0
210901,0
210902,24
210903,0
210904,0
210905,0
210906,0
210907,0
210908,0
210909,0
210910,0
210911,0
210912,0
210913,0
210914,0
210915,0
210916,41
210917,36
210918,0
210919,0
210920,0
210921,0
210922,0
210923,0
210924,0
210925,0
210926,0
210927,0
210928,0
210929,0
210930,0
210931,0
210932,0
210933,0
210934,30
210935,0
210936,0
210937,0
210938,0
210939,0
210940,0
210941,0
210942,0
210943,0
210944,0
210945,49
210946,0
210947,0
210948,0
210949,0
210950,0
210951,0
210952,0
210953,0
210954,0
210955,0
210956,0
210957,45
210958,0
210959,0
210960,0
210961,0
210962,0
210963,0
210964,0
210965,0
210966,0
210967,0
210968,0
210969,0
210970,0
210971,29
210972,0
210973,0
210974,0
210975,0
210976,0
210977,0
210978,0
210979,0
210980,0
210981,0
210982,0
210983,0
210984,0
210985,22
210986,0
210987,0
210988,0
210989,0
210990,0
210991,0
210992,0
210993,0
210994,0
210995,0
210996,0
210997,0
210998,0
210999,36
211000,0
211001,0
211002,31
211003,0
211004,0
211005,0
211006,0
211007,46
211008,0
211009,0
211010,0
211011,0
211012,0
211013,0
211014,0
211015,0
211016,0
211017,0
211018,0
211019,0
211020,0
211021,0
211022,0
211023,0
211024,0
211025,0
211026,0
211027,0
211028,0
211029,0
211030,0
211031,0
211032,0
211033,0
211034,0
211035,0
211036,28
211037,0
211038,0
211039,0
211040,0
211041,0
211042,0
211043,0
211044,0
211045,0
211046,0
211047,0
211048,35
211049,0
211050,0
211051,0
211052,0
211053,0
211054,0
211055,0
211056,0
211057,0
211058,0
211059,0
211060,0
211061,0
211062,0
211063,0
211064,0
211065,0
211066,26
211067,0
211068,0
211069,0
211070,0
211071,36
211072,0
211073,0
211074,0
211075,0
211076,0
211077,0
211078,0
211079,0
211080,0
211081,0
211082,0
211083,0
211084,0
211085,0
211086,32
211087,0
211088,0
211089,0
211090,0
211091,0
211092,0
211093,0
211094,0
211095,27
211096,0
211097,0
211098,0
211099,0
211100,0
211101,0
211102,0
211103,0
211104,0
211105,24
211106,0
211107,0
211108,0
211109,0
211110,0
211111,0
211112,0
211113,0
211114,0
211115,0
211116,0
211117,0
211118,0
211119,0
211120,0
211121,0
211122,0
211123,0
211124,0
211125,0
211126,0
211127,0
211128,0
211129,0
211130,0
211131,0
211132,0
211133,0
211134,0
211135,0
211136,0
211137,0
211138,0
211139,0
211140,0
211141,0
211142,0
211143,31
211144,0
211145,0
211146,0
211147,0
211148,0
211149,0
211150,0
211151,0
211152,0
211153,0
211154,0
211155,0
211156,0
211157,0
211158,23
211159,0
211160,0
211161,0
211162,0
211163,0
211164,0
211165,0
211166,0
211167,0
211168,0
211169,0
211170,0
211171,0
211172,0
211173,0
211174,0
211175,0
211176,0
211177,0
211178,0
211179,0
211180,0
211181,0
211182,0
211183,0
211184,0
211185,0
211186,0
211187,0
211188,0
211189,0
211190,0
211191,22
211192,0
211193,0
211194,0
211195,0
211196,0
211197,0
211198,0
211199,0
211200,0
211201,0
211202,0
211203,0
211204,0
211205,0
211206,33
211207,0
211208,0
211209,0
211210,0
211211,0
211212,0
211213,0
211214,0
211215,0
211216,50
211217,0
211218,0
211219,0
211220,0
211221,0
211222,0
211223,0
211224,0
211225,0
211226,0
211227,0
211228,0
211229,0
211230,0
211231,0
211232,0
211233,0
211234,0
211235,0
211236,0
211237,24
211238,0
211239,0
211240,0
211241,0
211242,0
211243,0
211244,0
211245,0
211246,0
211247,0
211248,0
211249,0
211250,31
211251,36
211252,0
211253,0
211254,0
211255,0
211256,0
211257,0
211258,0
211259,0
211260,0
211261,0
211262,0
211263,0
211264,0
211265,0
211266,0
211267,0
211268,26
211269,0
211270,33
211271,0
211272,24
211273,0
211274,0
211275,0
211276,0
211277,0
211278,0
211279,0
211280,0
211281,0
211282,1
211283,0
211284,0
211285,0
211286,0
211287,0
211288,0
211289,0
211290,0
211291,0
211292,0
211293,0
211294,0
211295,0
211296,0
211297,0
211298,0
211299,0
211300,0
211301,0
211302,0
211303,0
211304,0
211305,0
211306,0
211307,0
211308,0
211309,0
211310,0
211311,0
211312,0
211313,0
211314,0
211315,0
211316,0
211317,0
211318,0
211319,1
211320,0
211321,0
211322,0
211323,0
211324,0
211325,0
211326,0
211327,0
211328,0
211329,0
211330,0
211331,0
211332,0
211333,0
211334,0
211335,0
211336,0
211337,0
211338,0
211339,0
211340,0
211341,0
211342,0
211343,0
211344,0
211345,0
211346,0
211347,0
211348,0
211349,0
211350,0
211351,1
211352,0
211353,1
211354,0
211355,0
211356,0
211357,0
211358,0
211359,0
211360,0
211361,0
211362,0
211363,0
211364,0
211365,0
211366,0
211367,0
211368,0
211369,0
211370,0
211371,0
211372,0
211373,0
211374,0
211375,0
211376,0
211377,0
211378,0
211379,0
211380,0
211381,0
211382,0
211383,0
211384,0
211385,0
211386,3
211387,2
211388,0
211389,0
211390,0
211391,0
211392,0
211393,0
211394,0
211395,1
211396,0
211397,0
211398,0
211399,0
211400,0
211401,1
211402,0
211403,0
211404,0
211405,0
211406,0
211407,0
211408,0
211409,0
211410,0
211411,0
211412,0
211413,0
211414,0
211415,0
211416,0
211417,0
211418,0
211419,0
211420,0
211421,0
211422,3
211423,0
211424,0
211425,0
211426,0
211427,3
211428,0
211429,0
211430,0
211431,0
211432,0
211433,0
211434,0
211435,0
211436,0
211437,0
211438,0
211439,0
211440,0
211441,0
211442,0
211443,0
211444,0
211445,0
211446,0
211447,0
211448,0
211449,0
211450,0
211451,2
211452,0
211453,0
211454,0
211455,0
211456,0
211457,0
211458,0
211459,0
211460,0
211461,0
211462,0
211463,0
211464,0
211465,0
211466,0
211467,0
211468,0
211469,0
211470,0
211471,0
211472,0
211473,0
211474,0
211475,0
211476,3
211477,0
211478,0
211479,0
211480,0
211481,0
211482,0
211483,0
211484,0
211485,0
211486,0
211487,0
211488,0
211489,0
211490,0
211491,0
211492,0
211493,0
211494,4
211495,0
211496,0
211497,0
211498,2
211499,0
211500,0
211501,0
211502,0
211503,0
211504,0
211505,0
211506,0
211507,0
211508,0
211509,0
211510,0
211511,0
211512,0
211513,0
211514,0
211515,0
211516,1
211517,0
211518,0
211519,0
211520,0
211521,0
211522,0
211523,0
211524,0
211525,0
211526,0
211527,0
211528,0
211529,0
211530,0
211531,0
211532,0
211533,0
211534,0
211535,0
211536,0
211537,0
211538,0
211539,4
211540,0
211541,0
211542,0
211543,0
211544,1
211545,0
211546,0
211547,0
211548,2
211549,0
211550,0
211551,0
211552,0
211553,0
211554,0
211555,0
211556,0
211557,2
211558,0
211559,0
211560,0
211561,0
211562,0
211563,0
211564,0
211565,0
211566,0
211567,0
211568,0
211569,0
211570,0
211571,0
211572,0
211573,0
211574,0
211575,0
211576,0
211577,0
211578,0
211579,0
211580,0
211581,0
211582,0
211583,0
211584,0
211585,0
211586,0
211587,0
211588,0
211589,0
211590,1
211591,0
211592,0
211593,0
211594,0
211595,0
211596,0
211597,1
211598,0
211599,0
211600,0
211601,0
211602,0
211603,0
211604,0
211605,0
211606,0
211607,6
211608,0
211609,0
211610,0
211611,0
211612,0
211613,2
211614,2
211615,0
211616,0
211617,0
211618,0
211619,0
211620,0
211621,0
211622,0
211623,0
211624,0
211625,0
211626,0
211627,0
211628,0
211629,0
211630,0
211631,0
211632,0
211633,0
211634,0
211635,0
211636,0
211637,0
211638,1
211639,0
211640,0
211641,0
211642,0
211643,0
211644,0
211645,0
211646,0
211647,0
211648,1
211649,0
211650,0
211651,0
211652,0
211653,0
211654,1
211655,0
211656,1
211657,0
211658,0
211659,0
211660,0
211661,0
211662,0
211663,0
211664,0
211665,0
211666,0
211667,0
211668,0
211669,0
211670,0
211671,0
211672,0
211673,0
211674,0
211675,0
211676,0
211677,0
211678,0
211679,0
211680,0
211681,0
211682,0
211683,0
211684,0
211685,2
211686,0
211687,0
211688,0
211689,0
211690,0
211691,0
211692,0
211693,0
211694,0
211695,0
211696,0
211697,0
211698,0
211699,0
211700,0
211701,0
211702,0
211703,0
211704,0
211705,0
211706,0
211707,0
211708,0
211709,0
211710,0
211711,0
211712,0
211713,0
211714,0
211715,0
211716,1
211717,0
211718,0
211719,0
211720,0
211721,0
211722,0
211723,0
211724,0
211725,0
211726,0
211727,1
211728,0
211729,0
211730,0
211731,0
211732,0
211733,0
211734,0
211735,0
211736,0
211737,0
211738,0
211739,0
211740,0
211741,0
211742,0
211743,3
211744,0
211745,0
211746,0
211747,0
211748,0
211749,0
211750,0
211751,0
211752,0
211753,0
211754,0
211755,0
211756,0
211757,0
211758,0
211759,0
211760,0
211761,0
211762,0
211763,0
211764,0
211765,0
211766,0
211767,3
211768,1
211769,0
211770,0
211771,0
211772,0
211773,0
211774,0
211775,0
211776,0
211777,0
211778,0
211779,0
211780,0
211781,0
211782,0
211783,0
211784,0
211785,0
211786,0
211787,0
211788,0
211789,0
211790,0
211791,0
211792,0
211793,1
211794,0
211795,0
211796,0
211797,0
211798,0
211799,0
211800,0
211801,0
211802,0
211803,0
211804,0
211805,2
211806,1
211807,0
211808,0
211809,0
211810,0
211811,0
211812,0
211813,2
211814,0
211815,0
211816,0
211817,0
211818,0
211819,0
211820,0
211821,0
211822,0
211823,0
211824,0
211825,0
211826,0
211827,0
211828,0
211829,0
211830,0
211831,0
211832,0
211833,0
211834,0
211835,0
211836,0
211837,0
211838,0
211839,0
211840,0
211841,4
211842,2
211843,0
211844,0
211845,0
211846,0
211847,0
211848,0
211849,0
211850,0
211851,0
211852,0
211853,0
211854,0
211855,0
211856,0
211857,1
211858,0
211859,0
211860,0
211861,1
211862,0
211863,2
211864,0
211865,0
211866,0
211867,0
211868,0
211869,0
211870,0
211871,0
211872,1
211873,0
211874,0
211875,0
211876,0
211877,0
211878,0
211879,3
211880,0
211881,0
211882,0
211883,0
211884,0
211885,0
211886,0
211887,0
211888,0
211889,0
211890,0
211891,0
211892,0
211893,0
211894,0
211895,0
211896,0
211897,1
211898,0
211899,0
211900,0
211901,0
211902,0
211903,0
211904,0
211905,0
211906,0
211907,0
211908,0
211909,0
211910,0
211911,0
211912,0
211913,0
211914,0
211915,0
211916,0
211917,1
211918,0
211919,0
211920,0
211921,0
211922,0
211923,0
211924,0
211925,0
211926,0
211927,0
211928,0
211929,2
211930,0
211931,0
211932,0
211933,0
211934,0
211935,0
211936,0
211937,0
211938,0
211939,3
211940,0
211941,0
211942,0
211943,0
211944,0
211945,0
211946,0
211947,0
211948,0
211949,2
211950,0
211951,0
211952,0
211953,0
211954,0
211955,0
211956,1
211957,0
211958,0
211959,2
211960,0
211961,0
211962,0
211963,0
211964,0
211965,0
211966,0
211967,0
211968,0
211969,0
211970,0
211971,0
211972,2
211973,0
211974,0
211975,0
211976,0
211977,0
211978,0
211979,0
211980,0
211981,0
211982,0
211983,0
211984,1
211985,0
211986,0
211987,0
211988,0
211989,0
211990,1
211991,0
211992,0
211993,0
211994,0
211995,0
211996,0
211997,0
211998,0
211999,0
212000,1
212001,0
212002,0
212003,0
212004,0
212005,0
212006,0
212007,0
212008,0
212009,0
212010,0
212011,1
212012,0
212013,0
212014,0
212015,0
212016,0
212017,0
212018,1
212019,0
212020,0
212021,5
212022,0
212023,0
212024,0
212025,0
212026,0
212027,0
212028,0
212029,0
212030,0
212031,0
212032,0
212033,0
212034,0
212035,0
212036,0
212037,0
212038,0
212039,0
212040,0
212041,0
212042,0
212043,0
212044,0
212045,0
212046,0
212047,0
212048,0
212049,0
212050,1
212051,1
212052,0
212053,0
212054,0
212055,0
212056,2
212057,0
212058,0
212059,0
212060,0
212061,0
212062,0
212063,0
212064,0
212065,0
212066,0
212067,0
212068,0
212069,0
212070,0
212071,0
212072,0
212073,0
212074,0
212075,0
212076,4
212077,2
212078,0
212079,0
212080,0
212081,0
212082,0
212083,0
212084,0
212085,1
212086,0
212087,0
212088,0
212089,2
212090,0
212091,0
212092,0
212093,0
212094,0
212095,0
212096,2
212097,0
212098,0
212099,0
212100,0
212101,0
212102,0
212103,0
212104,0
212105,0
212106,0
212107,0
212108,2
212109,0
212110,0
212111,0
212112,0
212113,0
212114,0
212115,0
212116,0
212117,0
212118,0
212119,0
212120,0
212121,0
212122,0
212123,0
212124,0
212125,0
212126,0
212127,0
212128,0
212129,0
212130,0
212131,0
212132,0
212133,2
212134,0
212135,0
212136,0
212137,0
212138,1
212139,0
212140,23
212141,14
212142,0
212143,0
212144,29
212145,0
212146,0
212147,0
212148,0
212149,23
212150,12
212151,20
212152,0
212153,0
212154,25
212155,0
212156,0
212157,0
212158,0
212159,0
212160,0
212161,24
212162,0
212163,0
212164,0
212165,0
212166,0
212167,0
212168,0
212169,0
212170,0
212171,0
212172,0
212173,0
212174,0
212175,17
212176,0
212177,0
212178,0
212179,0
212180,24
212181,0
212182,0
212183,0
212184,0
212185,12
212186,0
212187,19
212188,0
212189,19
212190,16
212191,0
212192,0
212193,0
212194,0
212195,0
212196,0
212197,0
212198,0
212199,0
212200,0
212201,19
212202,0
212203,22
212204,0
212205,0
212206,9
212207,24
212208,24
212209,0
212210,0
212211,0
212212,16
212213,0
212214,0
212215,0
212216,0
212217,0
212218,0
212219,20
212220,0
212221,0
212222,0
212223,0
212224,19
212225,0
212226,18
212227,18
212228,0
212229,0
212230,0
212231,0
212232,0
212233,0
212234,0
212235,0
212236,0
212237,0
212238,0
212239,28
212240,4
212241,0
212242,0
212243,0
212244,10
212245,0
212246,0
212247,0
212248,0
212249,0
212250,19
212251,10
212252,0
212253,0
212254,0
212255,0
212256,19
212257,0
212258,0
212259,0
212260,0
212261,0
212262,15
212263,17
212264,0
212265,0
212266,0
212267,16
212268,17
212269,0
212270,0
212271,0
212272,0
212273,0
212274,0
212275,0
212276,0
212277,0
212278,0
212279,14
212280,0
212281,0
212282,5
212283,12
212284,0
212285,16
212286,0
212287,0
212288,0
212289,0
212290,0
212291,0
212292,28
212293,0
212294,0
212295,0
212296,0
212297,0
212298,29
212299,10
212300,0
212301,0
212302,15
212303,17
212304,0
212305,0
212306,0
212307,0
212308,0
212309,0
212310,0
212311,0
212312,0
212313,16
212314,0
212315,0
212316,0
212317,0
212318,0
212319,0
212320,0
212321,0
212322,0
212323,0
212324,0
212325,0
212326,0
212327,0
212328,13
212329,0
212330,0
212331,25
212332,0
212333,0
212334,0
212335,0
212336,0
212337,10
212338,0
212339,0
212340,0
212341,0
212342,0
212343,0
212344,0
212345,0
212346,0
212347,0
212348,0
212349,0
212350,0
212351,0
212352,0
212353,0
212354,0
212355,0
212356,0
212357,0
212358,0
212359,0
212360,0
212361,0
212362,0
212363,0
212364,0
212365,0
212366,0
212367,0
212368,0
212369,0
212370,0
212371,0
212372,0
212373,0
212374,0
212375,0
212376,0
212377,0
212378,0
212379,0
212380,0
212381,0
212382,0
212383,0
212384,0
212385,0
212386,0
212387,0
212388,0
212389,0
212390,0
212391,0
212392,0
212393,0
212394,0
212395,0
212396,0
212397,0
212398,0
212399,0
212400,0
212401,0
212402,0
212403,0
212404,0
212405,0
212406,0
212407,0
212408,0
212409,0
212410,0
212411,0
212412,0
212413,0
212414,0
212415,0
212416,0
212417,0
212418,0
212419,0
212420,0
212421,0
212422,0
212423,0
212424,0
212425,0
212426,0
212427,0
212428,0
212429,0
212430,1
212431,0
212432,0
212433,0
212434,0
212435,0
212436,0
212437,0
212438,0
212439,0
212440,0
212441,0
212442,0
212443,0
212444,0
212445,0
212446,0
212447,0
212448,0
212449,0
212450,0
212451,0
212452,0
212453,0
212454,0
212455,0
212456,0
212457,0
212458,0
212459,0
212460,0
212461,0
212462,0
212463,0
212464,0
212465,0
212466,0
212467,0
212468,0
212469,0
212470,0
212471,0
212472,0
212473,0
212474,0
212475,0
212476,0
212477,0
212478,0
212479,0
212480,0
212481,0
212482,0
212483,0
212484,0
212485,0
212486,0
212487,0
212488,0
212489,0
212490,0
212491,0
212492,0
212493,0
212494,0
212495,0
212496,0
212497,0
212498,0
212499,0
212500,0
212501,0
212502,0
212503,0
212504,0
212505,0
212506,0
212507,0
212508,0
212509,0
212510,0
212511,0
212512,0
212513,0
212514,0
212515,0
212516,0
212517,0
212518,0
212519,0
212520,0
212521,0
212522,0
212523,0
212524,0
212525,0
212526,0
212527,0
212528,0
212529,0
212530,0
212531,0
212532,0
212533,0
212534,0
212535,0
212536,0
212537,0
212538,0
212539,0
212540,0
212541,0
212542,0
212543,0
212544,0
212545,0
212546,0
212547,1
212548,0
212549,0
212550,0
212551,0
212552,0
212553,0
212554,0
212555,0
212556,0
212557,0
212558,0
212559,0
212560,0
212561,0
212562,0
212563,0
212564,0
212565,0
212566,0
212567,0
212568,0
212569,0
212570,0
212571,0
212572,0
212573,0
212574,0
212575,0
212576,0
212577,0
212578,0
212579,0
212580,0
212581,0
212582,0
212583,0
212584,0
212585,0
212586,0
212587,0
212588,0
212589,0
212590,0
212591,0
212592,0
212593,1
212594,0
212595,0
212596,0
212597,0
212598,0
212599,0
212600,0
212601,0
212602,0
212603,0
212604,1
212605,0
212606,0
212607,0
212608,0
212609,0
212610,0
212611,0
212612,0
212613,0
212614,0
212615,0
212616,0
212617,0
212618,0
212619,0
212620,0
212621,0
212622,0
212623,0
212624,0
212625,0
212626,0
212627,0
212628,0
212629,0
212630,0
212631,0
212632,0
212633,0
212634,0
212635,0
212636,0
212637,0
212638,0
212639,0
212640,0
212641,0
212642,0
212643,0
212644,0
212645,0
212646,0
212647,0
212648,0
212649,0
212650,0
212651,0
212652,0
212653,0
212654,0
212655,0
212656,0
212657,0
212658,0
212659,0
212660,0
212661,0
212662,0
212663,0
212664,0
212665,0
212666,0
212667,0
212668,0
212669,0
212670,0
212671,0
212672,0
212673,1
212674,0
212675,0
212676,0
212677,0
212678,0
212679,0
212680,0
212681,0
212682,0
212683,0
212684,0
212685,0
212686,0
212687,0
212688,0
212689,0
212690,0
212691,0
212692,0
212693,0
212694,0
212695,0
212696,0
212697,0
212698,0
212699,0
212700,0
212701,0
212702,0
212703,0
212704,0
212705,0
212706,0
212707,0
212708,0
212709,0
212710,0
212711,0
212712,0
212713,0
212714,0
212715,0
212716,0
212717,0
212718,0
212719,0
212720,0
212721,0
212722,0
212723,0
212724,0
212725,0
212726,0
212727,0
212728,0
212729,0
212730,0
212731,0
212732,0
212733,0
212734,0
212735,0
212736,1
212737,0
212738,0
212739,0
212740,0
212741,0
212742,0
212743,0
212744,0
212745,0
212746,0
212747,0
212748,0
212749,0
212750,0
212751,0
212752,0
212753,0
212754,0
212755,0
212756,0
212757,0
212758,0
212759,0
212760,0
212761,0
212762,0
212763,0
212764,0
212765,0
212766,0
212767,0
212768,0
212769,0
212770,0
212771,0
212772,0
212773,0
212774,0
212775,0
212776,0
212777,0
212778,0
212779,0
212780,0
212781,0
212782,0
212783,0
212784,0
212785,0
212786,0
212787,0
212788,0
212789,0
212790,0
212791,0
212792,0
212793,0
212794,0
212795,0
212796,0
212797,0
212798,0
212799,0
212800,0
212801,0
212802,0
212803,0
212804,0
212805,0
212806,0
212807,0
212808,0
212809,0
212810,0
212811,0
212812,0
212813,0
212814,0
212815,0
212816,0
212817,0
212818,0
212819,0
212820,0
212821,0
212822,0
212823,1
212824,0
212825,0
212826,0
212827,0
212828,0
212829,0
212830,0
212831,0
212832,0
212833,0
212834,2
212835,0
212836,0
212837,0
212838,0
212839,0
212840,0
212841,0
212842,0
212843,0
212844,0
212845,0
212846,0
212847,0
212848,0
212849,0
212850,0
212851,0
212852,0
212853,0
212854,0
212855,0
212856,0
212857,0
212858,0
212859,0
212860,0
212861,0
212862,0
212863,0
212864,0
212865,0
212866,0
212867,0
212868,0
212869,0
212870,0
212871,0
212872,0
212873,0
212874,0
212875,0
212876,0
212877,0
212878,0
212879,0
212880,0
212881,0
212882,0
212883,0
212884,0
212885,0
212886,0
212887,0
212888,0
212889,0
212890,0
212891,0
212892,0
212893,0
212894,0
212895,0
212896,0
212897,0
212898,0
212899,0
212900,0
212901,0
212902,0
212903,0
212904,0
212905,0
212906,0
212907,0
212908,0
212909,0
212910,0
212911,0
212912,0
212913,0
212914,0
212915,0
212916,0
212917,0
212918,0
212919,0
212920,0
212921,0
212922,0
212923,0
212924,0
212925,0
212926,0
212927,0
212928,0
212929,0
212930,0
212931,0
212932,0
212933,0
212934,0
212935,0
212936,0
212937,0
212938,0
212939,0
212940,0
212941,0
212942,0
212943,0
212944,0
212945,0
212946,0
212947,0
212948,0
212949,0
212950,0
212951,0
212952,0
212953,0
212954,0
212955,0
212956,0
212957,0
212958,1
212959,0
212960,0
212961,0
212962,0
212963,0
212964,0
212965,0
212966,0
212967,0
212968,0
212969,0
212970,0
212971,0
212972,0
212973,0
212974,0
212975,0
212976,0
212977,0
212978,0
212979,0
212980,0
212981,0
212982,0
212983,0
212984,0
212985,0
212986,0
212987,0
212988,0
212989,0
212990,0
212991,0
212992,0
212993,0
212994,0
212995,0
212996,0
212997,0
212998,0
212999,0
213000,0
213001,0
213002,0
213003,0
213004,0
213005,0
213006,0
213007,0
213008,0
213009,0
213010,0
213011,0
213012,0
213013,0
213014,0
213015,0
213016,0
213017,0
213018,0
213019,0
213020,0
213021,0
213022,0
213023,0
213024,0
213025,0
213026,0
213027,0
213028,0
213029,0
213030,0
213031,0
213032,0
213033,0
213034,0
213035,0
213036,0
213037,0
213038,0
213039,0
213040,0
213041,0
213042,0
213043,0
213044,0
213045,0
213046,0
213047,0
213048,0
213049,0
213050,0
213051,0
213052,0
213053,0
213054,0
213055,0
213056,0
213057,0
213058,0
213059,1
213060,0
213061,0
213062,0
213063,0
213064,0
213065,0
213066,0
213067,0
213068,0
213069,0
213070,0
213071,0
213072,0
213073,0
213074,0
213075,0
213076,0
213077,0
213078,0
213079,0
213080,0
213081,0
213082,0
213083,0
213084,0
213085,0
213086,0
213087,0
213088,0
213089,0
213090,0
213091,0
213092,0
213093,0
213094,0
213095,0
213096,0
213097,0
213098,0
213099,0
213100,0
213101,0
213102,0
213103,0
213104,0
213105,1
213106,0
213107,0
213108,0
213109,0
213110,0
213111,0
213112,0
213113,0
213114,0
213115,0
213116,0
213117,0
213118,0
213119,0
213120,0
213121,0
213122,0
213123,0
213124,0
213125,0
213126,0
213127,0
213128,0
213129,0
213130,0
213131,0
213132,0
213133,0
213134,0
213135,0
213136,0
213137,0
213138,0
213139,0
213140,0
213141,0
213142,0
213143,0
213144,0
213145,0
213146,0
213147,0
213148,0
213149,0
213150,0
213151,0
213152,0
213153,0
213154,0
213155,0
213156,0
213157,0
213158,0
213159,0
213160,0
213161,0
213162,0
213163,0
213164,0
213165,0
213166,0
213167,0
213168,0
213169,0
213170,0
213171,0
213172,0
213173,0
213174,0
213175,0
213176,0
213177,0
213178,0
213179,0
213180,0
213181,1
213182,0
213183,0
213184,0
213185,0
213186,0
213187,0
213188,0
213189,1
213190,0
213191,0
213192,0
213193,0
213194,0
213195,0
213196,0
213197,0
213198,0
213199,0
213200,0
213201,0
213202,0
213203,0
213204,0
213205,0
213206,16
213207,0
213208,0
213209,0
213210,0
213211,18
213212,0
213213,0
213214,0
213215,0
213216,18
213217,0
213218,9
213219,0
213220,0
213221,17
213222,0
213223,0
213224,16
213225,0
213226,0
213227,0
213228,0
213229,17
213230,0
213231,13
213232,0
213233,0
213234,19
213235,20
213236,16
213237,0
213238,0
213239,0
213240,0
213241,14
213242,0
213243,18
213244,0
213245,0
213246,0
213247,0
213248,0
213249,23
213250,11
213251,0
213252,0
213253,0
213254,16
213255,17
213256,0
213257,0
213258,0
213259,0
213260,0
213261,8
213262,0
213263,18
213264,0
213265,0
213266,0
213267,17
213268,0
213269,0
213270,0
213271,0
213272,0
213273,0
213274,0
213275,0
213276,0
213277,0
213278,0
213279,0
213280,0
213281,20
213282,24
213283,0
213284,0
213285,0
213286,0
213287,0
213288,0
213289,0
213290,0
213291,0
213292,0
213293,0
213294,15
213295,0
213296,0
213297,0
213298,9
213299,0
213300,0
213301,0
213302,12
213303,23
213304,24
213305,0
213306,0
213307,0
213308,0
213309,0
213310,0
213311,0
213312,0
213313,0
213314,0
213315,0
213316,22
213317,0
213318,0
213319,0
213320,0
213321,0
213322,0
213323,0
213324,0
213325,0
213326,0
213327,0
213328,0
213329,0
213330,0
213331,0
213332,0
213333,0
213334,0
213335,0
213336,0
213337,0
213338,24
213339,13
213340,0
213341,23
213342,0
213343,0
213344,0
213345,0
213346,7
213347,0
213348,0
213349,0
213350,0
213351,0
213352,0
213353,0
213354,16
213355,21
213356,0
213357,0
213358,0
213359,15
213360,14
213361,0
213362,13
213363,0
213364,0
213365,0
213366,27
213367,0
213368,0
213369,0
213370,0
213371,21
213372,0
213373,0
213374,0
213375,0
213376,0
213377,0
213378,0
213379,0
213380,0
213381,0
213382,28
213383,0
213384,21
213385,12
213386,0
213387,0
213388,12
213389,0
213390,0
213391,0
213392,23
213393,27
213394,0
213395,0
213396,16
213397,6
213398,0
213399,0
213400,30
213401,0
213402,0
213403,0
213404,31
213405,0
213406,0
213407,0
213408,0
213409,0
213410,0
213411,0
213412,10
213413,0
213414,0
213415,0
213416,0
213417,17
213418,21
213419,22
213420,0
213421,0
213422,20
213423,0
213424,0
213425,0
213426,0
213427,0
213428,0
213429,0
213430,0
213431,23
213432,0
213433,0
213434,0
213435,0
213436,0
213437,0
213438,0
213439,0
213440,0
213441,0
213442,13
213443,0
213444,0
213445,0
213446,0
213447,0
213448,5
213449,0
213450,0
213451,0
213452,0
213453,19
213454,0
213455,0
213456,0
213457,0
213458,0
213459,0
213460,0
213461,0
213462,14
213463,18
213464,21
213465,33
213466,14
213467,23
213468,15
213469,0
213470,0
213471,0
213472,0
213473,0
213474,0
213475,0
213476,0
213477,0
213478,0
213479,15
213480,0
213481,0
213482,0
213483,11
213484,19
213485,0
213486,0
213487,21
213488,0
213489,0
213490,37
213491,12
213492,20
213493,0
213494,0
213495,0
213496,0
213497,0
213498,0
213499,0
213500,0
213501,0
213502,0
213503,13
213504,0
213505,0
213506,21
213507,0
213508,0
213509,0
213510,0
213511,14
213512,0
213513,0
213514,0
213515,0
213516,18
213517,0
213518,0
213519,0
213520,0
213521,0
213522,0
213523,0
213524,0
213525,0
213526,0
213527,0
213528,0
213529,0
213530,0
213531,0
213532,0
213533,0
213534,23
213535,0
213536,0
213537,0
213538,0
213539,21
213540,0
213541,0
213542,0
213543,0
213544,0
213545,0
213546,0
213547,0
213548,0
213549,18
213550,0
213551,0
213552,0
213553,0
213554,0
213555,0
213556,0
213557,0
213558,18
213559,0
213560,28
213561,0
213562,0
213563,0
213564,0
213565,0
213566,0
213567,0
213568,17
213569,21
213570,23
213571,0
213572,0
213573,0
213574,0
213575,0
213576,26
213577,0
213578,0
213579,17
213580,0
213581,0
213582,0
213583,0
213584,0
213585,22
213586,0
213587,28
213588,0
213589,0
213590,0
213591,0
213592,0
213593,0
213594,20
213595,0
213596,0
213597,22
213598,0
213599,0
213600,0
213601,0
213602,0
213603,23
213604,0
213605,0
213606,0
213607,25
213608,0
213609,0
213610,0
213611,25
213612,0
213613,0
213614,0
213615,0
213616,14
213617,16
213618,0
213619,0
213620,0
213621,13
213622,0
213623,34
213624,16
213625,0
213626,22
213627,13
213628,0
213629,0
213630,0
213631,0
213632,0
213633,0
213634,0
213635,0
213636,0
213637,0
213638,0
213639,0
213640,0
213641,0
213642,0
213643,0
213644,0
213645,0
213646,0
213647,16
213648,0
213649,0
213650,0
213651,0
213652,0
213653,16
213654,0
213655,0
213656,0
213657,0
213658,0
213659,10
213660,14
213661,0
213662,0
213663,0
213664,0
213665,0
213666,0
213667,0
213668,0
213669,8
213670,0
213671,28
213672,0
213673,16
213674,0
213675,0
213676,0
213677,0
213678,0
213679,20
213680,0
213681,0
213682,20
213683,0
213684,26
213685,0
213686,0
213687,0
213688,19
213689,20
213690,0
213691,0
213692,0
213693,24
213694,0
213695,0
213696,0
213697,0
213698,0
213699,18
213700,23
213701,0
213702,0
213703,0
213704,10
213705,0
213706,13
213707,0
213708,31
213709,19
213710,0
213711,0
213712,0
213713,0
213714,0
213715,12
213716,0
213717,0
213718,0
213719,0
213720,0
213721,20
213722,0
213723,0
213724,0
213725,0
213726,0
213727,0
213728,0
213729,0
213730,0
213731,0
213732,0
213733,0
213734,15
213735,0
213736,0
213737,0
213738,0
213739,14
213740,0
213741,0
213742,0
213743,0
213744,0
213745,14
213746,0
213747,0
213748,0
213749,0
213750,0
213751,0
213752,0
213753,0
213754,0
213755,7
213756,23
213757,22
213758,0
213759,0
213760,0
213761,26
213762,0
213763,0
213764,29
213765,0
213766,0
213767,0
213768,5
213769,0
213770,0
213771,0
213772,0
213773,0
213774,19
213775,15
213776,0
213777,0
213778,0
213779,22
213780,19
213781,0
213782,0
213783,0
213784,21
213785,0
213786,0
213787,18
213788,0
213789,0
213790,0
213791,21
213792,0
213793,0
213794,0
213795,22
213796,0
213797,0
213798,0
213799,25
213800,0
213801,15
213802,0
213803,0
213804,0
213805,15
213806,0
213807,0
213808,0
213809,0
213810,0
213811,23
213812,0
213813,0
213814,0
213815,0
213816,0
213817,0
213818,0
213819,0
213820,0
213821,0
213822,0
213823,0
213824,0
213825,0
213826,18
213827,0
213828,21
213829,0
213830,19
213831,0
213832,0
213833,13
213834,0
213835,21
213836,0
213837,0
213838,0
213839,0
213840,0
213841,0
213842,12
213843,0
213844,16
213845,0
213846,0
213847,18
213848,0
213849,0
213850,0
213851,35
213852,20
213853,0
213854,0
213855,0
213856,21
213857,0
213858,0
213859,0
213860,0
213861,0
213862,0
213863,0
213864,0
213865,0
213866,6
213867,0
213868,0
213869,0
213870,0
213871,0
213872,0
213873,0
213874,0
213875,0
213876,21
213877,0
213878,0
213879,0
213880,0
213881,0
213882,16
213883,24
213884,0
213885,0
213886,20
213887,0
213888,27
213889,0
213890,0
213891,0
213892,24
213893,21
213894,0
213895,14
213896,0
213897,21
213898,0
213899,0
213900,20
213901,0
213902,0
213903,0
213904,0
213905,0
213906,0
213907,18
213908,0
213909,11
213910,20
213911,0
213912,0
213913,0
213914,0
213915,0
213916,0
213917,16
213918,0
213919,0
213920,11
213921,0
213922,13
213923,0
213924,0
213925,24
213926,0
213927,0
213928,0
213929,0
213930,0
213931,18
213932,0
213933,0
213934,0
213935,0
213936,0
213937,0
213938,0
213939,13
213940,0
213941,12
213942,0
213943,0
213944,0
213945,0
213946,0
213947,18
213948,0
213949,0
213950,0
213951,0
213952,0
213953,0
213954,0
213955,0
213956,0
213957,0
213958,0
213959,0
213960,0
213961,0
213962,0
213963,0
213964,0
213965,0
213966,0
213967,0
213968,11
213969,0
213970,0
213971,0
213972,0
213973,0
213974,0
213975,0
213976,0
213977,0
213978,0
213979,0
213980,0
213981,0
213982,0
213983,0
213984,0
213985,0
213986,0
213987,0
213988,0
213989,0
213990,0
213991,0
213992,18
213993,0
213994,0
213995,0
213996,0
213997,0
213998,0
213999,0
214000,0
214001,10
214002,0
214003,0
214004,0
214005,0
214006,0
214007,0
214008,0
214009,0
214010,0
214011,0
214012,0
214013,0
214014,0
214015,0
214016,0
214017,0
214018,0
214019,0
214020,0
214021,0
214022,0
214023,0
214024,0
214025,0
214026,0
214027,0
214028,0
214029,0
214030,0
214031,0
214032,0
214033,0
214034,17
214035,0
214036,0
214037,0
214038,20
214039,0
214040,0
214041,0
214042,0
214043,0
214044,0
214045,0
214046,0
214047,0
214048,0
214049,0
214050,0
214051,0
214052,0
214053,0
214054,0
214055,0
214056,0
214057,0
214058,0
214059,0
214060,0
214061,0
214062,0
214063,0
214064,13
214065,0
214066,0
214067,0
214068,0
214069,0
214070,0
214071,0
214072,0
214073,0
214074,0
214075,13
214076,0
214077,0
214078,0
214079,0
214080,0
214081,0
214082,0
214083,0
214084,0
214085,0
214086,0
214087,0
214088,0
214089,0
214090,0
214091,0
214092,0
214093,0
214094,0
214095,7
214096,0
214097,11
214098,0
214099,0
214100,0
214101,17
214102,0
214103,0
214104,0
214105,0
214106,0
214107,0
214108,12
214109,0
214110,0
214111,0
214112,0
214113,0
214114,0
214115,0
214116,11
214117,0
214118,0
214119,0
214120,0
214121,0
214122,0
214123,0
214124,11
214125,0
214126,0
214127,0
214128,0
214129,0
214130,0
214131,0
214132,0
214133,0
214134,0
214135,0
214136,0
214137,0
214138,0
214139,0
214140,0
214141,0
214142,0
214143,0
214144,12
214145,0
214146,0
214147,0
214148,0
214149,0
214150,0
214151,0
214152,0
214153,0
214154,0
214155,0
214156,0
214157,0
214158,0
214159,0
214160,0
214161,0
214162,0
214163,0
214164,13
214165,0
214166,0
214167,0
214168,0
214169,0
214170,0
214171,0
214172,11
214173,0
214174,0
214175,0
214176,0
214177,0
214178,0
214179,0
214180,0
214181,0
214182,0
214183,0
214184,0
214185,0
214186,0
214187,0
214188,0
214189,11
214190,0
214191,0
214192,0
214193,0
214194,0
214195,0
214196,0
214197,0
214198,0
214199,0
214200,0
214201,0
214202,0
214203,0
214204,0
214205,0
214206,0
214207,0
214208,0
214209,0
214210,0
214211,0
214212,0
214213,0
214214,0
214215,0
214216,0
214217,0
214218,0
214219,0
214220,0
214221,0
214222,0
214223,0
214224,0
214225,0
214226,2
214227,0
214228,0
214229,0
214230,0
214231,0
214232,0
214233,0
214234,0
214235,0
214236,0
214237,0
214238,0
214239,0
214240,0
214241,0
214242,2
214243,0
214244,0
214245,0
214246,0
214247,0
214248,0
214249,0
214250,0
214251,0
214252,0
214253,0
214254,0
214255,0
214256,0
214257,1
214258,0
214259,0
214260,0
214261,0
214262,1
214263,0
214264,0
214265,0
214266,0
214267,0
214268,3
214269,1
214270,0
214271,1
214272,0
214273,0
214274,2
214275,0
214276,0
214277,0
214278,0
214279,0
214280,0
214281,0
214282,0
214283,0
214284,0
214285,0
214286,0
214287,0
214288,0
214289,0
214290,0
214291,0
214292,0
214293,0
214294,0
214295,0
214296,2
214297,0
214298,0
214299,0
214300,0
214301,0
214302,0
214303,3
214304,0
214305,1
214306,0
214307,0
214308,0
214309,2
214310,0
214311,0
214312,0
214313,0
214314,0
214315,0
214316,0
214317,0
214318,0
214319,0
214320,0
214321,0
214322,0
214323,0
214324,0
214325,0
214326,0
214327,0
214328,0
214329,0
214330,0
214331,0
214332,0
214333,0
214334,0
214335,0
214336,0
214337,0
214338,0
214339,0
214340,0
214341,0
214342,0
214343,0
214344,0
214345,0
214346,0
214347,0
214348,0
214349,0
214350,2
214351,0
214352,0
214353,0
214354,0
214355,0
214356,0
214357,0
214358,0
214359,0
214360,0
214361,0
214362,0
214363,0
214364,0
214365,0
214366,0
214367,0
214368,0
214369,0
214370,0
214371,0
214372,0
214373,0
214374,0
214375,0
214376,0
214377,0
214378,0
214379,0
214380,0
214381,0
214382,0
214383,0
214384,0
214385,0
214386,0
214387,0
214388,0
214389,0
214390,0
214391,0
214392,0
214393,0
214394,0
214395,0
214396,0
214397,0
214398,0
214399,0
214400,0
214401,0
214402,2
214403,0
214404,0
214405,0
214406,0
214407,0
214408,0
214409,0
214410,0
214411,0
214412,0
214413,0
214414,0
214415,0
214416,0
214417,0
214418,0
214419,0
214420,0
214421,0
214422,0
214423,0
214424,3
214425,0
214426,0
214427,1
214428,0
214429,2
214430,0
214431,2
214432,1
214433,0
214434,0
214435,0
214436,0
214437,0
214438,0
214439,1
214440,0
214441,0
214442,0
214443,0
214444,0
214445,0
214446,0
214447,0
214448,0
214449,0
214450,0
214451,0
214452,0
214453,1
214454,0
214455,0
214456,0
214457,0
214458,0
214459,0
214460,0
214461,0
214462,0
214463,0
214464,0
214465,0
214466,0
214467,0
214468,3
214469,0
214470,0
214471,2
214472,0
214473,0
214474,0
214475,0
214476,0
214477,1
214478,0
214479,0
214480,0
214481,0
214482,0
214483,0
214484,0
214485,0
214486,0
214487,0
214488,0
214489,0
214490,0
214491,0
214492,0
214493,0
214494,0
214495,0
214496,1
214497,0
214498,0
214499,0
214500,0
214501,0
214502,0
214503,0
214504,0
214505,1
214506,0
214507,2
214508,0
214509,0
214510,0
214511,0
214512,0
214513,0
214514,0
214515,0
214516,0
214517,0
214518,0
214519,0
214520,0
214521,0
214522,1
214523,0
214524,0
214525,0
214526,0
214527,0
214528,0
214529,0
214530,0
214531,0
214532,0
214533,0
214534,0
214535,0
214536,0
214537,0
214538,0
214539,0
214540,0
214541,0
214542,0
214543,0
214544,0
214545,0
214546,0
214547,0
214548,0
214549,0
214550,0
214551,0
214552,0
214553,0
214554,0
214555,0
214556,0
214557,0
214558,0
214559,0
214560,0
214561,0
214562,0
214563,0
214564,0
214565,0
214566,0
214567,0
214568,0
214569,0
214570,0
214571,1
214572,0
214573,0
214574,0
214575,0
214576,0
214577,0
214578,0
214579,0
214580,0
214581,0
214582,0
214583,0
214584,0
214585,0
214586,0
214587,3
214588,0
214589,0
214590,1
214591,0
214592,0
214593,0
214594,0
214595,0
214596,0
214597,0
214598,0
214599,0
214600,0
214601,0
214602,0
214603,1
214604,0
214605,0
214606,0
214607,0
214608,0
214609,0
214610,0
214611,0
214612,0
214613,0
214614,0
214615,0
214616,0
214617,0
214618,0
214619,0
214620,0
214621,0
214622,0
214623,0
214624,0
214625,0
214626,0
214627,0
214628,0
214629,0
214630,0
214631,0
214632,1
214633,0
214634,0
214635,0
214636,0
214637,0
214638,0
214639,0
214640,0
214641,0
214642,0
214643,1
214644,0
214645,0
214646,0
214647,0
214648,0
214649,0
214650,0
214651,0
214652,0
214653,1
214654,0
214655,0
214656,0
214657,0
214658,0
214659,0
214660,0
214661,0
214662,0
214663,0
214664,0
214665,0
214666,0
214667,0
214668,1
214669,0
214670,0
214671,0
214672,0
214673,0
214674,0
214675,0
214676,0
214677,0
214678,0
214679,0
214680,0
214681,0
214682,0
214683,0
214684,0
214685,0
214686,0
214687,0
214688,0
214689,0
214690,0
214691,0
214692,0
214693,2
214694,0
214695,0
214696,0
214697,2
214698,0
214699,0
214700,0
214701,0
214702,0
214703,0
214704,0
214705,0
214706,0
214707,0
214708,0
214709,0
214710,0
214711,1
214712,0
214713,0
214714,0
214715,0
214716,0
214717,0
214718,0
214719,0
214720,0
214721,50
214722,0
214723,0
214724,0
214725,0
214726,0
214727,37
214728,0
214729,0
214730,0
214731,0
214732,32
214733,46
214734,0
214735,39
214736,0
214737,0
214738,0
214739,0
214740,0
214741,0
214742,0
214743,0
214744,53
214745,35
214746,37
214747,0
214748,0
214749,0
214750,0
214751,0
214752,0
214753,0
214754,0
214755,37
214756,53
214757,0
214758,0
214759,0
214760,0
214761,0
214762,0
214763,0
214764,0
214765,0
214766,0
214767,0
214768,0
214769,50
214770,0
214771,0
214772,0
214773,0
214774,0
214775,0
214776,0
214777,0
214778,0
214779,0
214780,0
214781,31
214782,0
214783,0
214784,0
214785,0
214786,0
214787,0
214788,0
214789,0
214790,0
214791,0
214792,0
214793,0
214794,0
214795,0
214796,35
214797,25
214798,19
214799,0
214800,35
214801,0
214802,0
214803,0
214804,0
214805,0
214806,0
214807,0
214808,0
214809,0
214810,0
214811,0
214812,0
214813,0
214814,0
214815,0
214816,0
214817,0
214818,0
214819,35
214820,33
214821,0
214822,33
214823,40
214824,0
214825,0
214826,0
214827,0
214828,0
214829,0
214830,0
214831,0
214832,0
214833,0
214834,0
214835,0
214836,0
214837,0
214838,0
214839,30
214840,0
214841,40
214842,0
214843,0
214844,0
214845,0
214846,0
214847,0
214848,0
214849,0
214850,39
214851,0
214852,0
214853,36
214854,0
214855,0
214856,0
214857,0
214858,0
214859,0
214860,0
214861,0
214862,0
214863,0
214864,0
214865,0
214866,0
214867,0
214868,0
214869,0
214870,0
214871,0
214872,46
214873,0
214874,0
214875,0
214876,0
214877,0
214878,0
214879,56
214880,34
214881,0
214882,0
214883,0
214884,0
214885,0
214886,0
214887,0
214888,0
214889,0
214890,0
214891,33
214892,0
214893,0
214894,0
214895,0
214896,0
214897,0
214898,0
214899,0
214900,0
214901,0
214902,0
214903,0
214904,0
214905,33
214906,0
214907,0
214908,0
214909,0
214910,0
214911,0
214912,0
214913,32
214914,0
214915,0
214916,0
214917,0
214918,41
214919,0
214920,0
214921,49
214922,0
214923,27
214924,0
214925,0
214926,0
214927,0
214928,0
214929,0
214930,0
214931,0
214932,0
214933,0
214934,0
214935,0
214936,0
214937,37
214938,0
214939,0
214940,0
214941,0
214942,0
214943,50
214944,0
214945,0
214946,0
214947,0
214948,0
214949,0
214950,0
214951,0
214952,0
214953,0
214954,0
214955,0
214956,0
214957,20
214958,0
214959,0
214960,25
214961,0
214962,28
214963,0
214964,0
214965,0
214966,0
214967,0
214968,0
214969,0
214970,13
214971,0
214972,0
214973,0
214974,0
214975,0
214976,0
214977,0
214978,0
214979,0
214980,0
214981,0
214982,18
214983,0
214984,20
214985,17
214986,0
214987,0
214988,0
214989,0
214990,0
214991,0
214992,27
214993,0
214994,0
214995,0
214996,35
214997,0
214998,0
214999,0
215000,0
215001,0
215002,0
215003,0
215004,0
215005,0
215006,0
215007,0
215008,0
215009,0
215010,0
215011,0
215012,0
215013,21
215014,0
215015,0
215016,22
215017,0
215018,0
215019,20
215020,0
215021,0
215022,0
215023,0
215024,0
215025,0
215026,0
215027,0
215028,0
215029,0
215030,0
215031,0
215032,0
215033,31
215034,0
215035,0
215036,0
215037,29
215038,0
215039,0
215040,0
215041,0
215042,0
215043,0
215044,0
215045,0
215046,0
215047,0
215048,0
215049,0
215050,0
215051,14
215052,0
215053,0
215054,18
215055,0
215056,21
215057,0
215058,0
215059,24
215060,0
215061,0
215062,0
215063,0
215064,0
215065,0
215066,0
215067,0
215068,18
215069,0
215070,0
215071,0
215072,0
215073,0
215074,0
215075,0
215076,0
215077,0
215078,0
215079,0
215080,0
215081,0
215082,14
215083,0
215084,0
215085,0
215086,0
215087,0
215088,15
215089,0
215090,0
215091,0
215092,0
215093,13
215094,0
215095,0
215096,16
215097,0
215098,0
215099,0
215100,0
215101,0
215102,0
215103,11
215104,0
215105,0
215106,0
215107,0
215108,0
215109,0
215110,24
215111,0
215112,0
215113,15
215114,0
215115,25
215116,0
215117,0
215118,0
215119,0
215120,0
215121,0
215122,0
215123,0
215124,0
215125,0
215126,0
215127,0
215128,0
215129,0
215130,0
215131,0
215132,0
215133,0
215134,0
215135,0
215136,0
215137,0
215138,0
215139,0
215140,0
215141,0
215142,0
215143,0
215144,0
215145,0
215146,0
215147,0
215148,0
215149,0
215150,0
215151,0
215152,0
215153,0
215154,0
215155,0
215156,0
215157,0
215158,14
215159,0
215160,0
215161,0
215162,0
215163,0
215164,0
215165,0
215166,0
215167,0
215168,0
215169,0
215170,0
215171,0
215172,27
215173,0
215174,0
215175,0
215176,16
215177,27
215178,0
215179,0
215180,0
215181,0
215182,25
215183,0
215184,0
215185,0
215186,0
215187,0
215188,0
215189,0
215190,0
215191,0
215192,0
215193,0
215194,0
215195,0
215196,28
215197,0
215198,0
215199,0
215200,0
215201,18
215202,0
215203,0
215204,0
215205,0
215206,0
215207,0
215208,0
215209,0
215210,0
215211,0
215212,0
215213,0
215214,0
215215,0
215216,0
215217,0
215218,0
215219,0
215220,25
215221,0
215222,0
215223,0
215224,0
215225,0
215226,0
215227,0
215228,0
215229,0
215230,0
215231,22
215232,0
215233,0
215234,0
215235,0
215236,16
215237,0
215238,20
215239,0
215240,0
215241,0
215242,0
215243,26
215244,0
215245,0
215246,0
215247,0
215248,0
215249,0
215250,0
215251,25
215252,0
215253,0
215254,23
215255,0
215256,0
215257,0
215258,0
215259,0
215260,0
215261,14
215262,0
215263,0
215264,0
215265,0
215266,0
215267,0
215268,0
215269,0
215270,0
215271,0
215272,0
215273,0
215274,0
215275,19
215276,0
215277,0
215278,25
215279,0
215280,0
215281,0
215282,0
215283,0
215284,19
215285,0
215286,0
215287,0
215288,0
215289,0
215290,0
215291,0
215292,19
215293,0
215294,0
215295,0
215296,0
215297,19
215298,22
215299,31
215300,0
215301,0
215302,0
215303,0
215304,0
215305,0
215306,0
215307,0
215308,0
215309,0
215310,14
215311,0
215312,0
215313,0
215314,0
215315,0
215316,16
215317,0
215318,0
215319,0
215320,0
215321,0
215322,0
215323,0
215324,0
215325,0
215326,0
215327,0
215328,0
215329,0
215330,0
215331,0
215332,0
215333,0
215334,0
215335,0
215336,0
215337,0
215338,0
215339,0
215340,0
215341,0
215342,0
215343,0
215344,0
215345,22
215346,0
215347,0
215348,0
215349,0
215350,0
215351,0
215352,0
215353,0
215354,0
215355,0
215356,0
215357,0
215358,0
215359,0
215360,0
215361,0
215362,0
215363,0
215364,0
215365,0
215366,0
215367,0
215368,0
215369,0
215370,17
215371,18
215372,22
215373,0
215374,0
215375,0
215376,0
215377,0
215378,0
215379,0
215380,0
215381,0
215382,0
215383,0
215384,0
215385,0
215386,0
215387,0
215388,21
215389,33
215390,0
215391,19
215392,0
215393,0
215394,0
215395,0
215396,0
215397,0
215398,0
215399,0
215400,0
215401,0
215402,0
215403,16
215404,0
215405,0
215406,0
215407,0
215408,0
215409,18
215410,0
215411,0
215412,0
215413,0
215414,0
215415,0
215416,0
215417,0
215418,0
215419,0
215420,0
215421,0
215422,0
215423,0
215424,0
215425,0
215426,29
215427,28
215428,0
215429,0
215430,0
215431,0
215432,12
215433,0
215434,0
215435,0
215436,22
215437,0
215438,0
215439,0
215440,0
215441,0
215442,22
215443,19
215444,24
215445,0
215446,18
215447,0
215448,0
215449,0
215450,0
215451,0
215452,0
215453,0
215454,0
215455,0
215456,0
215457,0
215458,23
215459,0
215460,0
215461,0
215462,0
215463,0
215464,31
215465,0
215466,0
215467,0
215468,0
215469,0
215470,17
215471,0
215472,0
215473,15
215474,0
215475,19
215476,0
215477,0
215478,25
215479,0
215480,29
215481,0
215482,0
215483,0
215484,0
215485,0
215486,24
215487,0
215488,0
215489,34
215490,0
215491,21
215492,0
215493,0
215494,0
215495,0
215496,33
215497,0
215498,24
215499,0
215500,26
215501,0
215502,0
215503,26
215504,0
215505,0
215506,0
215507,0
215508,0
215509,0
215510,0
215511,0
215512,0
215513,0
215514,0
215515,0
215516,0
215517,0
215518,0
215519,0
215520,0
215521,17
215522,0
215523,0
215524,0
215525,0
215526,0
215527,0
215528,0
215529,0
215530,0
215531,0
215532,20
215533,0
215534,0
215535,0
215536,18
215537,15
215538,0
215539,23
215540,0
215541,0
215542,22
215543,17
215544,0
215545,0
215546,0
215547,0
215548,0
215549,0
215550,0
215551,0
215552,0
215553,0
215554,0
215555,0
215556,25
215557,24
215558,0
215559,0
215560,0
215561,0
215562,0
215563,15
215564,0
215565,0
215566,0
215567,0
215568,0
215569,0
215570,0
215571,21
215572,0
215573,0
215574,0
215575,0
215576,0
215577,0
215578,0
215579,0
215580,0
215581,23
215582,0
215583,0
215584,0
215585,0
215586,0
215587,26
215588,0
215589,0
215590,0
215591,0
215592,23
215593,0
215594,0
215595,0
215596,0
215597,0
215598,0
215599,0
215600,0
215601,0
215602,0
215603,0
215604,0
215605,0
215606,0
215607,0
215608,0
215609,0
215610,0
215611,0
215612,0
215613,0
215614,0
215615,0
215616,0
215617,27
215618,0
215619,0
215620,0
215621,0
215622,0
215623,0
215624,31
215625,25
215626,0
215627,18
215628,0
215629,0
215630,0
215631,0
215632,0
215633,0
215634,0
215635,0
215636,0
215637,19
215638,0
215639,0
215640,0
215641,30
215642,0
215643,0
215644,20
215645,0
215646,26
215647,0
215648,0
215649,0
215650,0
215651,0
215652,0
215653,0
215654,0
215655,0
215656,0
215657,0
215658,23
215659,0
215660,0
215661,0
215662,0
215663,0
215664,0
215665,0
215666,0
215667,0
215668,0
215669,0
215670,0
215671,24
215672,14
215673,0
215674,14
215675,0
215676,0
215677,19
215678,0
215679,0
215680,0
215681,0
215682,0
215683,0
215684,19
215685,0
215686,30
215687,0
215688,0
215689,0
215690,0
215691,24
215692,0
215693,0
215694,26
215695,0
215696,0
215697,0
215698,0
215699,0
215700,0
215701,23
215702,0
215703,0
215704,0
215705,0
215706,0
215707,0
215708,0
215709,0
215710,0
215711,0
215712,0
215713,0
215714,19
215715,0
215716,0
215717,0
215718,0
215719,0
215720,0
215721,0
215722,0
215723,0
215724,13
215725,27
215726,0
215727,0
215728,0
215729,0
215730,0
215731,0
215732,0
215733,0
215734,0
215735,0
215736,0
215737,19
215738,0
215739,0
215740,0
215741,0
215742,0
215743,0
215744,0
215745,0
215746,0
215747,0
215748,24
215749,0
215750,0
215751,0
215752,0
215753,0
215754,17
215755,0
215756,10
215757,0
215758,25
215759,0
215760,0
215761,0
215762,0
215763,0
215764,0
215765,0
215766,0
215767,15
215768,0
215769,0
215770,0
215771,0
215772,0
215773,0
215774,10
215775,16
215776,0
215777,0
215778,0
215779,0
215780,0
215781,14
215782,0
215783,10
215784,0
215785,0
215786,0
215787,0
215788,0
215789,0
215790,0
215791,0
215792,16
215793,0
215794,3
215795,0
215796,13
215797,16
215798,0
215799,0
215800,0
215801,0
215802,0
215803,0
215804,0
215805,0
215806,13
215807,0
215808,0
215809,0
215810,0
215811,0
215812,0
215813,0
215814,0
215815,11
215816,11
215817,17
215818,0
215819,0
215820,13
215821,0
215822,0
215823,0
215824,9
215825,0
215826,0
215827,0
215828,0
215829,0
215830,0
215831,0
215832,0
215833,0
215834,0
215835,0
215836,0
215837,0
215838,0
215839,0
215840,0
215841,0
215842,14
215843,25
215844,0
215845,6
215846,0
215847,0
215848,18
215849,15
215850,0
215851,0
215852,10
215853,0
215854,0
215855,0
215856,0
215857,10
215858,0
215859,10
215860,19
215861,0
215862,6
215863,0
215864,12
215865,0
215866,0
215867,0
215868,0
215869,10
215870,10
215871,19
215872,0
215873,0
215874,0
215875,0
215876,0
215877,0
215878,0
215879,0
215880,0
215881,0
215882,10
215883,0
215884,0
215885,0
215886,0
215887,10
215888,0
215889,0
215890,0
215891,6
215892,0
215893,0
215894,0
215895,0
215896,0
215897,0
215898,0
215899,0
215900,0
215901,5
215902,0
215903,0
215904,24
215905,0
215906,0
215907,0
215908,0
215909,0
215910,0
215911,5
215912,0
215913,0
215914,0
215915,0
215916,0
215917,18
215918,0
215919,0
215920,0
215921,0
215922,0
215923,16
215924,0
215925,9
215926,0
215927,0
215928,0
215929,0
215930,16
215931,18
215932,0
215933,0
215934,0
215935,0
215936,0
215937,0
215938,0
215939,15
215940,0
215941,0
215942,0
215943,0
215944,0
215945,9
215946,0
215947,0
215948,0
215949,0
215950,0
215951,0
215952,0
215953,0
215954,0
215955,0
215956,0
215957,0
215958,8
215959,20
215960,0
215961,0
215962,0
215963,0
215964,0
215965,0
215966,0
215967,0
215968,0
215969,0
215970,0
215971,0
215972,0
215973,0
215974,0
215975,0
215976,0
215977,0
215978,0
215979,0
215980,22
215981,0
215982,0
215983,0
215984,0
215985,14
215986,0
215987,0
215988,0
215989,0
215990,0
215991,0
215992,0
215993,0
215994,13
215995,13
215996,0
215997,9
215998,11
215999,12
216000,0
216001,0
216002,0
216003,0
216004,0
216005,0
216006,0
216007,0
216008,0
216009,0
216010,0
216011,0
216012,0
216013,0
216014,0
216015,19
216016,0
216017,8
216018,11
216019,0
216020,0
216021,0
216022,0
216023,0
216024,0
216025,0
216026,0
216027,0
216028,0
216029,0
216030,0
216031,0
216032,0
216033,0
216034,3
216035,0
216036,0
216037,0
216038,7
216039,0
216040,0
216041,0
216042,14
216043,0
216044,0
216045,0
216046,0
216047,0
216048,0
216049,0
216050,0
216051,4
216052,14
216053,0
216054,13
216055,8
216056,0
216057,0
216058,0
216059,0
216060,0
216061,0
216062,0
216063,0
216064,0
216065,22
216066,21
216067,0
216068,14
216069,0
216070,0
216071,26
216072,0
216073,0
216074,14
216075,4
216076,0
216077,0
216078,0
216079,0
216080,0
216081,0
216082,19
216083,0
216084,0
216085,0
216086,0
216087,0
216088,0
216089,0
216090,0
216091,0
216092,0
216093,0
216094,20
216095,0
216096,0
216097,6
216098,0
216099,16
216100,16
216101,0
216102,0
216103,7
216104,0
216105,10
216106,0
216107,0
216108,0
216109,0
216110,0
216111,0
216112,0
216113,0
216114,0
216115,0
216116,9
216117,0
216118,0
216119,0
216120,0
216121,0
216122,0
216123,17
216124,11
216125,0
216126,0
216127,0
216128,0
216129,9
216130,8
216131,0
216132,19
216133,0
216134,0
216135,0
216136,18
216137,12
216138,0
216139,0
216140,0
216141,22
216142,17
216143,0
216144,7
216145,0
216146,0
216147,0
216148,0
216149,0
216150,0
216151,9
216152,0
216153,0
216154,0
216155,0
216156,0
216157,0
216158,0
216159,0
216160,0
216161,0
216162,0
216163,0
216164,0
216165,0
216166,0
216167,22
216168,0
216169,0
216170,13
216171,0
216172,14
216173,0
216174,9
216175,11
216176,0
216177,0
216178,0
216179,0
216180,0
216181,0
216182,0
216183,0
216184,0
216185,0
216186,16
216187,10
216188,0
216189,16
216190,0
216191,0
216192,10
216193,0
216194,0
216195,0
216196,0
216197,0
216198,0
216199,0
216200,0
216201,0
216202,0
216203,16
216204,0
216205,12
216206,0
216207,0
216208,9
216209,0
216210,0
216211,0
216212,15
216213,0
216214,0
216215,0
216216,17
216217,0
216218,0
216219,0
216220,0
216221,0
216222,0
216223,0
216224,0
216225,0
216226,0
216227,0
216228,0
216229,11
216230,0
216231,0
216232,0
216233,0
216234,11
216235,17
216236,0
216237,0
216238,0
216239,12
216240,0
216241,0
216242,0
216243,0
216244,0
216245,0
216246,0
216247,0
216248,0
216249,0
216250,0
216251,12
216252,19
216253,0
216254,0
216255,0
216256,0
216257,0
216258,0
216259,0
216260,18
216261,5
216262,0
216263,0
216264,0
216265,0
216266,0
216267,0
216268,0
216269,0
216270,0
216271,0
216272,0
216273,0
216274,0
216275,17
216276,0
216277,0
216278,0
216279,0
216280,0
216281,10
216282,0
216283,0
216284,0
216285,0
216286,0
216287,12
216288,0
216289,9
216290,0
216291,0
216292,0
216293,12
216294,0
216295,0
216296,0
216297,0
216298,12
216299,0
216300,0
216301,0
216302,12
216303,0
216304,0
216305,29
216306,0
216307,0
216308,0
216309,0
216310,0
216311,0
216312,0
216313,0
216314,0
216315,0
216316,0
216317,0
216318,17
216319,0
216320,17
216321,0
216322,0
216323,0
216324,0
216325,0
216326,0
216327,0
216328,14
216329,0
216330,0
216331,0
216332,0
216333,10
216334,8
216335,7
216336,0
216337,0
216338,0
216339,0
216340,22
216341,0
216342,0
216343,0
216344,0
216345,0
216346,15
216347,0
216348,12
216349,0
216350,0
216351,11
216352,13
216353,0
216354,0
216355,0
216356,0
216357,0
216358,0
216359,0
216360,0
216361,0
216362,0
216363,0
216364,10
216365,0
216366,0
216367,16
216368,0
216369,0
216370,0
216371,17
216372,0
216373,0
216374,0
216375,11
216376,19
216377,10
216378,0
216379,12
216380,15
216381,0
216382,0
216383,0
216384,0
216385,0
216386,0
216387,0
216388,14
216389,0
216390,0
216391,0
216392,0
216393,0
216394,0
216395,10
216396,0
216397,0
216398,0
216399,0
216400,0
216401,0
216402,15
216403,0
216404,11
216405,0
216406,0
216407,0
216408,0
216409,0
216410,0
216411,0
216412,8
216413,25
216414,0
216415,0
216416,0
216417,0
216418,0
216419,6
216420,0
216421,7
216422,0
216423,0
216424,20
216425,0
216426,0
216427,0
216428,0
216429,19
216430,0
216431,25
216432,0
216433,14
216434,0
216435,13
216436,0
216437,0
216438,16
216439,0
216440,6
216441,14
216442,0
216443,0
216444,0
216445,7
216446,0
216447,0
216448,0
216449,20
216450,8
216451,11
216452,0
216453,0
216454,0
216455,15
216456,0
216457,0
216458,0
216459,0
216460,0
216461,0
216462,0
216463,0
216464,0
216465,0
216466,0
216467,0
216468,18
216469,25
216470,0
216471,9
216472,0
216473,0
216474,0
216475,0
216476,0
216477,0
216478,33
216479,0
216480,12
216481,0
216482,0
216483,0
216484,20
216485,0
216486,9
216487,0
216488,0
216489,0
216490,0
216491,0
216492,0
216493,12
216494,13
216495,0
216496,0
216497,15
216498,0
216499,0
216500,0
216501,0
216502,0
216503,8
216504,0
216505,0
216506,0
216507,0
216508,9
216509,11
216510,26
216511,0
216512,18
216513,0
216514,0
216515,9
216516,15
216517,0
216518,0
216519,18
216520,0
216521,0
216522,14
216523,0
216524,0
216525,0
216526,0
216527,0
216528,0
216529,0
216530,0
216531,0
216532,0
216533,0
216534,0
216535,0
216536,0
216537,0
216538,0
216539,0
216540,20
216541,0
216542,7
216543,0
216544,8
216545,0
216546,11
216547,0
216548,22
216549,0
216550,0
216551,27
216552,0
216553,0
216554,6
216555,7
216556,0
216557,0
216558,0
216559,19
216560,0
216561,16
216562,0
216563,0
216564,0
216565,0
216566,0
216567,16
216568,0
216569,0
216570,0
216571,0
216572,0
216573,13
216574,0
216575,0
216576,0
216577,0
216578,0
216579,22
216580,0
216581,0
216582,0
216583,0
216584,17
216585,15
216586,0
216587,0
216588,13
216589,0
216590,0
216591,0
216592,12
216593,0
216594,9
216595,14
216596,0
216597,0
216598,0
216599,0
216600,0
216601,0
216602,0
216603,0
216604,0
216605,0
216606,14
216607,0
216608,0
216609,10
216610,0
216611,0
216612,11
216613,0
216614,0
216615,0
216616,0
216617,0
216618,24
216619,12
216620,0
216621,16
216622,0
216623,20
216624,0
216625,0
216626,0
216627,0
216628,0
216629,12
216630,16
216631,0
216632,0
216633,0
216634,0
216635,0
216636,16
216637,0
216638,0
216639,0
216640,0
216641,0
216642,0
216643,0
216644,0
216645,12
216646,0
216647,9
216648,0
216649,0
216650,0
216651,0
216652,0
216653,0
216654,11
216655,0
216656,12
216657,0
216658,0
216659,18
216660,0
216661,14
216662,0
216663,0
216664,23
216665,0
216666,0
216667,0
216668,17
216669,11
216670,10
216671,0
216672,0
216673,0
216674,0
216675,0
216676,17
216677,0
216678,0
216679,0
216680,0
216681,11
216682,0
216683,0
216684,16
216685,0
216686,0
216687,11
216688,0
216689,0
216690,0
216691,0
216692,0
216693,13
216694,0
216695,0
216696,0
216697,0
216698,0
216699,7
216700,0
216701,0
216702,0
216703,0
216704,0
216705,14
216706,0
216707,10
216708,0
216709,5
216710,0
216711,0
216712,10
216713,0
216714,8
216715,0
216716,0
216717,0
216718,0
216719,14
216720,0
216721,0
216722,21
216723,0
216724,0
216725,11
216726,0
216727,0
216728,0
216729,0
216730,0
216731,0
216732,0
216733,0
216734,0
216735,0
216736,0
216737,0
216738,0
216739,0
216740,0
216741,0
216742,0
216743,0
216744,31
216745,0
216746,0
216747,0
216748,0
216749,0
216750,0
216751,0
216752,38
216753,0
216754,0
216755,0
216756,0
216757,0
216758,34
216759,0
216760,0
216761,0
216762,0
216763,0
216764,0
216765,0
216766,0
216767,0
216768,0
216769,38
216770,0
216771,0
216772,0
216773,0
216774,0
216775,0
216776,0
216777,0
216778,0
216779,0
216780,0
216781,57
216782,0
216783,0
216784,0
216785,0
216786,0
216787,0
216788,31
216789,0
216790,0
216791,0
216792,0
216793,30
216794,0
216795,0
216796,0
216797,0
216798,0
216799,0
216800,0
216801,0
216802,0
216803,0
216804,31
216805,42
216806,0
216807,0
216808,0
216809,0
216810,0
216811,0
216812,0
216813,0
216814,0
216815,0
216816,0
216817,0
216818,0
216819,0
216820,42
216821,0
216822,0
216823,0
216824,0
216825,0
216826,0
216827,0
216828,0
216829,0
216830,0
216831,43
216832,0
216833,0
216834,0
216835,0
216836,0
216837,0
216838,0
216839,0
216840,0
216841,0
216842,33
216843,0
216844,0
216845,0
216846,36
216847,0
216848,0
216849,0
216850,0
216851,0
216852,0
216853,0
216854,0
216855,0
216856,0
216857,28
216858,0
216859,51
216860,0
216861,0
216862,0
216863,47
216864,0
216865,0
216866,0
216867,54
216868,46
216869,0
216870,0
216871,0
216872,39
216873,0
216874,0
216875,0
216876,42
216877,0
216878,0
216879,0
216880,0
216881,0
216882,45
216883,0
216884,0
216885,0
216886,0
216887,0
216888,0
216889,0
216890,0
216891,0
216892,0
216893,0
216894,0
216895,0
216896,0
216897,0
216898,47
216899,0
216900,0
216901,0
216902,0
216903,37
216904,40
216905,0
216906,38
216907,0
216908,0
216909,49
216910,0
216911,0
216912,36
216913,0
216914,0
216915,0
216916,0
216917,0
216918,0
216919,19
216920,0
216921,0
216922,0
216923,0
216924,0
216925,28
216926,0
216927,0
216928,0
216929,0
216930,0
216931,0
216932,0
216933,0
216934,30
216935,41
216936,33
216937,0
216938,0
216939,0
216940,0
216941,31
216942,0
216943,0
216944,0
216945,0
216946,0
216947,0
216948,0
216949,37
216950,0
216951,0
216952,42
216953,0
216954,0
216955,0
216956,0
216957,0
216958,0
216959,0
216960,0
216961,0
216962,0
216963,0
216964,0
216965,0
216966,0
216967,35
216968,0
216969,0
216970,0
216971,53
216972,0
216973,0
216974,0
216975,0
216976,0
216977,0
216978,0
216979,0
216980,0
216981,0
216982,0
216983,0
216984,25
216985,0
216986,0
216987,0
216988,0
216989,0
216990,0
216991,0
216992,0
216993,0
216994,0
216995,0
216996,0
216997,60
216998,0
216999,0
217000,0
217001,0
217002,0
217003,31
217004,0
217005,0
217006,0
217007,0
217008,0
217009,0
217010,0
217011,0
217012,0
217013,0
217014,0
217015,0
217016,0
217017,0
217018,0
217019,0
217020,0
217021,0
217022,0
217023,41
217024,48
217025,25
217026,0
217027,42
217028,0
217029,0
217030,55
217031,0
217032,0
217033,0
217034,0
217035,0
217036,0
217037,0
217038,0
217039,0
217040,0
217041,0
217042,0
217043,0
217044,0
217045,0
217046,0
217047,42
217048,53
217049,0
217050,0
217051,0
217052,0
217053,0
217054,45
217055,0
217056,0
217057,0
217058,0
217059,0
217060,0
217061,0
217062,0
217063,0
217064,0
217065,41
217066,0
217067,0
217068,0
217069,0
217070,0
217071,0
217072,0
217073,0
217074,0
217075,0
217076,0
217077,0
217078,0
217079,0
217080,0
217081,0
217082,0
217083,47
217084,0
217085,0
217086,0
217087,0
217088,0
217089,0
217090,0
217091,0
217092,25
217093,0
217094,0
217095,0
217096,0
217097,0
217098,0
217099,0
217100,0
217101,60
217102,0
217103,0
217104,0
217105,0
217106,0
217107,0
217108,0
217109,0
217110,0
217111,0
217112,0
217113,0
217114,0
217115,0
217116,0
217117,0
217118,0
217119,0
217120,0
217121,0
217122,0
217123,0
217124,0
217125,0
217126,0
217127,0
217128,0
217129,0
217130,0
217131,0
217132,0
217133,0
217134,0
217135,0
217136,0
217137,0
217138,0
217139,0
217140,0
217141,0
217142,0
217143,0
217144,0
217145,0
217146,0
217147,0
217148,0
217149,0
217150,0
217151,0
217152,0
217153,0
217154,0
217155,0
217156,0
217157,0
217158,0
217159,0
217160,0
217161,0
217162,1
217163,0
217164,0
217165,0
217166,0
217167,0
217168,0
217169,0
217170,0
217171,0
217172,0
217173,0
217174,0
217175,0
217176,0
217177,0
217178,0
217179,0
217180,0
217181,0
217182,0
217183,0
217184,0
217185,0
217186,0
217187,0
217188,0
217189,0
217190,0
217191,0
217192,0
217193,0
217194,0
217195,0
217196,0
217197,0
217198,0
217199,0
217200,0
217201,1
217202,1
217203,0
217204,0
217205,0
217206,0
217207,0
217208,0
217209,0
217210,0
217211,0
217212,0
217213,0
217214,0
217215,0
217216,0
217217,0
217218,0
217219,0
217220,0
217221,0
217222,0
217223,0
217224,0
217225,0
217226,0
217227,0
217228,0
217229,0
217230,0
217231,0
217232,0
217233,0
217234,0
217235,0
217236,0
217237,0
217238,0
217239,0
217240,0
217241,0
217242,0
217243,0
217244,0
217245,0
217246,0
217247,0
217248,0
217249,0
217250,0
217251,0
217252,0
217253,0
217254,0
217255,0
217256,0
217257,0
217258,0
217259,1
217260,0
217261,0
217262,0
217263,0
217264,0
217265,0
217266,0
217267,0
217268,0
217269,0
217270,0
217271,0
217272,0
217273,0
217274,0
217275,0
217276,0
217277,0
217278,0
217279,0
217280,0
217281,0
217282,0
217283,0
217284,0
217285,0
217286,0
217287,0
217288,0
217289,0
217290,0
217291,0
217292,0
217293,0
217294,0
217295,0
217296,0
217297,0
217298,0
217299,0
217300,0
217301,0
217302,0
217303,0
217304,0
217305,0
217306,0
217307,0
217308,0
217309,0
217310,0
217311,0
217312,0
217313,0
217314,0
217315,0
217316,0
217317,0
217318,0
217319,0
217320,0
217321,0
217322,0
217323,0
217324,0
217325,0
217326,0
217327,0
217328,0
217329,0
217330,0
217331,0
217332,0
217333,0
217334,0
217335,0
217336,0
217337,0
217338,0
217339,0
217340,0
217341,0
217342,0
217343,0
217344,0
217345,0
217346,0
217347,0
217348,0
217349,0
217350,0
217351,0
217352,0
217353,0
217354,0
217355,0
217356,0
217357,0
217358,0
217359,0
217360,0
217361,0
217362,0
217363,0
217364,0
217365,0
217366,0
217367,0
217368,0
217369,0
217370,0
217371,0
217372,0
217373,0
217374,0
217375,0
217376,0
217377,0
217378,0
217379,0
217380,0
217381,0
217382,0
217383,0
217384,0
217385,0
217386,0
217387,0
217388,0
217389,0
217390,0
217391,0
217392,0
217393,0
217394,0
217395,0
217396,0
217397,0
217398,1
217399,0
217400,0
217401,0
217402,0
217403,0
217404,0
217405,0
217406,0
217407,0
217408,0
217409,0
217410,0
217411,0
217412,0
217413,0
217414,0
217415,0
217416,0
217417,0
217418,0
217419,0
217420,0
217421,0
217422,0
217423,0
217424,0
217425,0
217426,0
217427,0
217428,0
217429,0
217430,0
217431,0
217432,0
217433,0
217434,0
217435,0
217436,0
217437,0
217438,0
217439,0
217440,0
217441,0
217442,0
217443,0
217444,0
217445,0
217446,0
217447,0
217448,0
217449,0
217450,0
217451,0
217452,0
217453,0
217454,0
217455,0
217456,0
217457,0
217458,0
217459,0
217460,0
217461,0
217462,0
217463,0
217464,0
217465,0
217466,0
217467,0
217468,0
217469,0
217470,0
217471,0
217472,0
217473,0
217474,0
217475,0
217476,0
217477,0
217478,0
217479,0
217480,0
217481,0
217482,0
217483,0
217484,0
217485,0
217486,0
217487,0
217488,0
217489,0
217490,0
217491,0
217492,0
217493,0
217494,0
217495,0
217496,0
217497,0
217498,0
217499,0
217500,0
217501,0
217502,0
217503,0
217504,0
217505,0
217506,0
217507,0
217508,0
217509,0
217510,0
217511,0
217512,0
217513,0
217514,0
217515,0
217516,0
217517,0
217518,0
217519,0
217520,0
217521,0
217522,0
217523,0
217524,0
217525,0
217526,0
217527,0
217528,0
217529,0
217530,0
217531,0
217532,0
217533,0
217534,0
217535,0
217536,0
217537,0
217538,0
217539,0
217540,0
217541,0
217542,0
217543,0
217544,0
217545,0
217546,0
217547,0
217548,0
217549,0
217550,0
217551,0
217552,0
217553,0
217554,0
217555,0
217556,0
217557,0
217558,0
217559,0
217560,0
217561,0
217562,0
217563,0
217564,0
217565,0
217566,0
217567,0
217568,0
217569,0
217570,0
217571,0
217572,0
217573,0
217574,0
217575,0
217576,0
217577,0
217578,0
217579,0
217580,0
217581,0
217582,0
217583,0
217584,0
217585,0
217586,0
217587,0
217588,0
217589,1
217590,0
217591,0
217592,0
217593,0
217594,1
217595,0
217596,0
217597,0
217598,0
217599,0
217600,0
217601,0
217602,0
217603,0
217604,0
217605,0
217606,0
217607,0
217608,0
217609,0
217610,0
217611,0
217612,0
217613,0
217614,0
217615,0
217616,0
217617,0
217618,0
217619,0
217620,0
217621,0
217622,0
217623,0
217624,0
217625,0
217626,0
217627,0
217628,0
217629,0
217630,0
217631,0
217632,0
217633,0
217634,0
217635,0
217636,0
217637,0
217638,0
217639,0
217640,0
217641,0
217642,0
217643,0
217644,0
217645,0
217646,0
217647,0
217648,0
217649,0
217650,0
217651,0
217652,0
217653,0
217654,0
217655,0
217656,0
217657,0
217658,0
217659,0
217660,0
217661,0
217662,0
217663,0
217664,0
217665,0
217666,0
217667,0
217668,0
217669,0
217670,0
217671,0
217672,0
217673,0
217674,0
217675,0
217676,0
217677,0
217678,0
217679,0
217680,0
217681,0
217682,0
217683,0
217684,0
217685,0
217686,0
217687,0
217688,0
217689,0
217690,0
217691,0
217692,0
217693,0
217694,0
217695,0
217696,0
217697,0
217698,0
217699,0
217700,0
217701,0
217702,0
217703,1
217704,0
217705,0
217706,0
217707,0
217708,0
217709,0
217710,0
217711,0
217712,0
217713,0
217714,0
217715,0
217716,0
217717,0
217718,0
217719,0
217720,0
217721,0
217722,0
217723,0
217724,0
217725,0
217726,0
217727,0
217728,0
217729,0
217730,0
217731,0
217732,0
217733,0
217734,0
217735,0
217736,0
217737,1
217738,0
217739,0
217740,0
217741,0
217742,0
217743,0
217744,0
217745,0
217746,0
217747,0
217748,0
217749,0
217750,0
217751,0
217752,0
217753,0
217754,23
217755,0
217756,23
217757,0
217758,0
217759,0
217760,20
217761,28
217762,0
217763,0
217764,0
217765,17
217766,0
217767,0
217768,0
217769,0
217770,22
217771,0
217772,21
217773,0
217774,0
217775,25
217776,0
217777,0
217778,0
217779,0
217780,0
217781,0
217782,0
217783,0
217784,0
217785,0
217786,0
217787,0
217788,0
217789,0
217790,0
217791,23
217792,21
217793,18
217794,0
217795,0
217796,0
217797,0
217798,0
217799,0
217800,22
217801,18
217802,12
217803,0
217804,0
217805,0
217806,21
217807,0
217808,21
217809,0
217810,0
217811,0
217812,17
217813,23
217814,19
217815,0
217816,0
217817,0
217818,0
217819,0
217820,0
217821,0
217822,0
217823,0
217824,0
217825,0
217826,14
217827,0
217828,0
217829,0
217830,21
217831,0
217832,0
217833,0
217834,0
217835,0
217836,0
217837,14
217838,0
217839,0
217840,0
217841,0
217842,0
217843,0
217844,0
217845,0
217846,0
217847,0
217848,19
217849,0
217850,0
217851,0
217852,0
217853,14
217854,24
217855,0
217856,20
217857,0
217858,20
217859,0
217860,0
217861,0
217862,15
217863,0
217864,0
217865,0
217866,17
217867,20
217868,10
217869,0
217870,0
217871,0
217872,0
217873,15
217874,0
217875,0
217876,0
217877,0
217878,20
217879,0
217880,0
217881,0
217882,0
217883,0
217884,0
217885,0
217886,0
217887,0
217888,0
217889,0
217890,0
217891,21
217892,0
217893,13
217894,10
217895,0
217896,17
217897,28
217898,27
217899,22
217900,0
217901,0
217902,14
217903,0
217904,0
217905,0
217906,0
217907,0
217908,0
217909,0
217910,0
217911,0
217912,17
217913,0
217914,0
217915,0
217916,0
217917,0
217918,0
217919,26
217920,0
217921,20
217922,0
217923,0
217924,0
217925,0
217926,0
217927,0
217928,0
217929,0
217930,0
217931,0
217932,0
217933,0
217934,0
217935,0
217936,21
217937,0
217938,21
217939,0
217940,0
217941,0
217942,0
217943,19
217944,0
217945,0
217946,0
217947,10
217948,0
217949,0
217950,0
217951,21
217952,0
217953,0
217954,0
217955,0
217956,0
217957,0
217958,19
217959,0
217960,0
217961,0
217962,23
217963,0
217964,18
217965,0
217966,0
217967,0
217968,0
217969,0
217970,21
217971,0
217972,12
217973,0
217974,0
217975,0
217976,0
217977,0
217978,0
217979,0
217980,15
217981,0
217982,0
217983,10
217984,0
217985,0
217986,0
217987,0
217988,0
217989,21
217990,15
217991,0
217992,0
217993,0
217994,0
217995,0
217996,0
217997,20
217998,0
217999,0
218000,0
218001,0
218002,0
218003,0
218004,26
218005,10
218006,0
218007,16
218008,0
218009,20
218010,0
218011,15
218012,0
218013,0
218014,19
218015,24
218016,0
218017,0
218018,0
218019,14
218020,0
218021,21
218022,0
218023,10
218024,0
218025,0
218026,0
218027,0
218028,23
218029,0
218030,29
218031,0
218032,20
218033,0
218034,0
218035,0
218036,27
218037,0
218038,26
218039,0
218040,0
218041,0
218042,17
218043,0
218044,0
218045,0
218046,0
218047,0
218048,0
218049,15
218050,0
218051,0
218052,0
218053,17
218054,0
218055,0
218056,22
218057,0
218058,0
218059,0
218060,0
218061,17
218062,19
218063,0
218064,0
218065,25
218066,0
218067,0
218068,0
218069,0
218070,0
218071,9
218072,26
218073,0
218074,0
218075,0
218076,21
218077,0
218078,0
218079,22
218080,0
218081,0
218082,0
218083,0
218084,16
218085,0
218086,0
218087,20
218088,0
218089,0
218090,0
218091,10
218092,0
218093,0
218094,0
218095,19
218096,0
218097,0
218098,0
218099,27
218100,24
218101,0
218102,0
218103,19
218104,0
218105,0
218106,0
218107,0
218108,0
218109,25
218110,0
218111,25
218112,24
218113,0
218114,0
218115,25
218116,0
218117,17
218118,0
218119,0
218120,0
218121,0
218122,0
218123,0
218124,19
218125,0
218126,0
218127,0
218128,0
218129,17
218130,0
218131,0
218132,27
218133,0
218134,0
218135,0
218136,0
218137,0
218138,21
218139,0
218140,0
218141,0
218142,0
218143,0
218144,0
218145,0
218146,0
218147,0
218148,0
218149,0
218150,0
218151,0
218152,0
218153,0
218154,4
218155,0
218156,0
218157,4
218158,0
218159,0
218160,0
218161,0
218162,0
218163,0
218164,0
218165,0
218166,11
218167,0
218168,0
218169,0
218170,0
218171,0
218172,0
218173,0
218174,0
218175,0
218176,0
218177,0
218178,0
218179,0
218180,0
218181,0
218182,0
218183,0
218184,0
218185,8
218186,3
218187,0
218188,0
218189,5
218190,0
218191,0
218192,0
218193,6
218194,0
218195,0
218196,0
218197,0
218198,0
218199,0
218200,0
218201,0
218202,0
218203,0
218204,0
218205,0
218206,0
218207,0
218208,0
218209,0
218210,0
218211,0
218212,0
218213,0
218214,0
218215,9
218216,0
218217,3
218218,0
218219,0
218220,0
218221,0
218222,0
218223,0
218224,0
218225,0
218226,0
218227,0
218228,0
218229,0
218230,0
218231,0
218232,0
218233,0
218234,0
218235,0
218236,0
218237,11
218238,0
218239,0
218240,0
218241,0
218242,0
218243,0
218244,0
218245,0
218246,9
218247,0
218248,0
218249,0
218250,0
218251,0
218252,0
218253,6
218254,0
218255,0
218256,0
218257,13
218258,0
218259,0
218260,0
218261,0
218262,0
218263,0
218264,0
218265,0
218266,0
218267,0
218268,0
218269,0
218270,0
218271,0
218272,0
218273,0
218274,0
218275,0
218276,0
218277,0
218278,3
218279,0
218280,0
218281,0
218282,0
218283,0
218284,0
218285,0
218286,0
218287,0
218288,0
218289,0
218290,0
218291,0
218292,0
218293,0
218294,0
218295,0
218296,0
218297,0
218298,0
218299,0
218300,0
218301,9
218302,0
218303,0
218304,0
218305,0
218306,0
218307,0
218308,0
218309,0
218310,0
218311,0
218312,0
218313,0
218314,0
218315,0
218316,0
218317,0
218318,5
218319,0
218320,0
218321,0
218322,0
218323,0
218324,0
218325,0
218326,0
218327,0
218328,0
218329,0
218330,0
218331,0
218332,0
218333,0
218334,0
218335,0
218336,0
218337,0
218338,0
218339,0
218340,0
218341,0
218342,0
218343,0
218344,0
218345,0
218346,0
218347,0
218348,6
218349,0
218350,6
218351,0
218352,0
218353,0
218354,0
218355,0
218356,5
218357,0
218358,0
218359,0
218360,4
218361,0
218362,0
218363,0
218364,0
218365,0
218366,0
218367,0
218368,0
218369,0
218370,4
218371,0
218372,0
218373,0
218374,0
218375,0
218376,0
218377,0
218378,0
218379,0
218380,0
218381,0
218382,0
218383,0
218384,7
218385,0
218386,0
218387,0
218388,0
218389,0
218390,0
218391,0
218392,0
218393,0
218394,0
218395,0
218396,8
218397,0
218398,0
218399,0
218400,0
218401,0
218402,0
218403,0
218404,0
218405,0
218406,0
218407,3
218408,0
218409,0
218410,11
218411,0
218412,0
218413,0
218414,0
218415,0
218416,0
218417,0
218418,9
218419,0
218420,0
218421,0
218422,0
218423,5
218424,0
218425,0
218426,0
218427,0
218428,0
218429,0
218430,0
218431,0
218432,0
218433,0
218434,0
218435,0
218436,0
218437,0
218438,0
218439,0
218440,0
218441,0
218442,0
218443,0
218444,0
218445,0
218446,0
218447,0
218448,0
218449,7
218450,0
218451,0
218452,0
218453,0
218454,0
218455,0
218456,0
218457,0
218458,0
218459,0
218460,0
218461,0
218462,0
218463,0
218464,0
218465,0
218466,0
218467,0
218468,0
218469,0
218470,0
218471,4
218472,0
218473,0
218474,0
218475,0
218476,6
218477,0
218478,10
218479,0
218480,8
218481,0
218482,0
218483,0
218484,0
218485,0
218486,0
218487,0
218488,0
218489,0
218490,0
218491,0
218492,0
218493,0
218494,0
218495,9
218496,0
218497,0
218498,0
218499,0
218500,0
218501,0
218502,0
218503,0
218504,0
218505,0
218506,0
218507,0
218508,0
218509,0
218510,0
218511,0
218512,0
218513,0
218514,0
218515,0
218516,0
218517,8
218518,0
218519,0
218520,3
218521,0
218522,0
218523,0
218524,0
218525,7
218526,0
218527,0
218528,0
218529,0
218530,0
218531,0
218532,0
218533,0
218534,0
218535,0
218536,0
218537,7
218538,0
218539,0
218540,0
218541,0
218542,0
218543,6
218544,2
218545,0
218546,0
218547,0
218548,0
218549,0
218550,0
218551,0
218552,0
218553,0
218554,0
218555,5
218556,0
218557,0
218558,0
218559,0
218560,0
218561,0
218562,0
218563,0
218564,0
218565,0
218566,0
218567,0
218568,0
218569,0
218570,0
218571,0
218572,0
218573,0
218574,0
218575,8
218576,0
218577,0
218578,0
218579,0
218580,0
218581,0
218582,0
218583,5
218584,0
218585,0
218586,0
218587,6
218588,0
218589,0
218590,0
218591,0
218592,0
218593,0
218594,0
218595,0
218596,9
218597,0
218598,0
218599,0
218600,0
218601,0
218602,0
218603,6
218604,0
218605,0
218606,0
218607,0
218608,0
218609,0
218610,0
218611,6
218612,0
218613,0
218614,0
218615,0
218616,0
218617,0
218618,0
218619,0
218620,0
218621,2
218622,0
218623,0
218624,0
218625,9
218626,0
218627,0
218628,0
218629,0
218630,0
218631,0
218632,0
218633,0
218634,0
218635,0
218636,0
218637,7
218638,0
218639,0
218640,0
218641,0
218642,0
218643,0
218644,47
218645,0
218646,38
218647,0
218648,0
218649,0
218650,59
218651,0
218652,0
218653,0
218654,0
218655,0
218656,0
218657,0
218658,0
218659,41
218660,0
218661,0
218662,0
218663,38
218664,34
218665,0
218666,34
218667,0
218668,0
218669,0
218670,0
218671,0
218672,0
218673,40
218674,34
218675,0
218676,0
218677,28
218678,29
218679,0
218680,0
218681,0
218682,0
218683,0
218684,0
218685,0
218686,0
218687,0
218688,0
218689,0
218690,0
218691,0
218692,0
218693,0
218694,0
218695,0
218696,42
218697,0
218698,0
218699,0
218700,0
218701,0
218702,0
218703,0
218704,38
218705,0
218706,0
218707,0
218708,0
218709,0
218710,0
218711,0
218712,34
218713,0
218714,0
218715,0
218716,0
218717,0
218718,0
218719,0
218720,0
218721,0
218722,0
218723,0
218724,0
218725,0
218726,41
218727,34
218728,0
218729,0
218730,0
218731,0
218732,0
218733,0
218734,0
218735,52
218736,30
218737,0
218738,0
218739,0
218740,0
218741,0
218742,41
218743,0
218744,0
218745,29
218746,0
218747,0
218748,55
218749,0
218750,0
218751,0
218752,0
218753,0
218754,0
218755,0
218756,57
218757,0
218758,0
218759,0
218760,0
218761,0
218762,32
218763,0
218764,0
218765,0
218766,42
218767,0
218768,0
218769,0
218770,0
218771,0
218772,0
218773,19
218774,0
218775,0
218776,0
218777,42
218778,0
218779,0
218780,0
218781,0
218782,0
218783,0
218784,32
218785,0
218786,0
218787,0
218788,0
218789,0
218790,0
218791,36
218792,0
218793,0
218794,33
218795,0
218796,0
218797,0
218798,0
218799,0
218800,0
218801,0
218802,0
218803,0
218804,31
218805,0
218806,0
218807,0
218808,0
218809,0
218810,0
218811,0
218812,0
218813,36
218814,34
218815,0
218816,0
218817,29
218818,46
218819,0
218820,0
218821,0
218822,0
218823,0
218824,0
218825,0
218826,0
218827,0
218828,0
218829,0
218830,0
218831,0
218832,0
218833,0
218834,0
218835,0
218836,44
218837,37
218838,0
218839,0
218840,0
218841,0
218842,0
218843,0
218844,0
218845,0
218846,46
218847,0
218848,0
218849,0
218850,0
218851,0
218852,0
218853,0
218854,50
218855,0
218856,0
218857,0
218858,0
218859,0
218860,0
218861,40
218862,0
218863,28
218864,0
218865,0
218866,0
218867,0
218868,0
218869,0
218870,0
218871,0
218872,0
218873,0
218874,0
218875,27
218876,0
218877,41
218878,39
218879,0
218880,0
218881,0
218882,0
218883,0
218884,0
218885,0
218886,43
218887,0
218888,0
218889,0
218890,0
218891,0
218892,0
218893,0
218894,0
218895,0
218896,0
218897,0
218898,0
218899,0
218900,0
218901,0
218902,0
218903,0
218904,0
218905,0
218906,0
218907,53
218908,0
218909,0
218910,34
218911,0
218912,0
218913,0
218914,0
218915,0
218916,0
218917,0
218918,0
218919,0
218920,50
218921,0
218922,0
218923,0
218924,0
218925,0
218926,0
218927,0
218928,0
218929,0
218930,0
218931,50
218932,0
218933,0
218934,0
218935,0
218936,30
218937,24
218938,0
218939,0
218940,0
218941,0
218942,0
218943,0
218944,0
218945,0
218946,0
218947,0
218948,0
218949,0
218950,0
218951,45
218952,0
218953,0
218954,0
218955,0
218956,0
218957,0
218958,35
218959,0
218960,0
218961,0
218962,36
218963,31
218964,0
218965,0
218966,0
218967,0
218968,0
218969,28
218970,0
218971,0
218972,0
218973,0
218974,45
218975,49
218976,0
218977,0
218978,0
218979,0
218980,0
218981,0
218982,0
218983,0
218984,0
218985,0
218986,0
218987,0
218988,0
218989,0
218990,0
218991,38
218992,0
218993,0
218994,0
218995,0
218996,37
218997,0
218998,0
218999,0
219000,0
219001,0
219002,44
219003,0
219004,33
219005,29
219006,0
219007,0
219008,0
219009,0
219010,0
219011,0
219012,0
219013,0
219014,0
219015,0
219016,0
219017,0
219018,0
219019,0
219020,0
219021,0
219022,0
219023,0
219024,0
219025,0
219026,0
219027,0
219028,0
219029,0
219030,0
219031,0
219032,0
219033,0
219034,0
219035,0
219036,38
219037,0
219038,0
219039,40
219040,0
219041,0
219042,0
219043,0
219044,0
219045,41
219046,38
219047,0
219048,0
219049,0
219050,30
219051,0
219052,0
219053,0
219054,0
219055,0
219056,0
219057,0
219058,0
219059,0
219060,29
219061,0
219062,0
219063,0
219064,0
219065,0
219066,0
219067,0
219068,0
219069,0
219070,0
219071,0
219072,0
219073,0
219074,0
219075,0
219076,0
219077,4
219078,0
219079,3
219080,0
219081,0
219082,0
219083,0
219084,0
219085,0
219086,1
219087,0
219088,0
219089,0
219090,0
219091,3
219092,0
219093,0
219094,0
219095,0
219096,1
219097,0
219098,6
219099,0
219100,0
219101,0
219102,0
219103,1
219104,0
219105,0
219106,0
219107,0
219108,0
219109,2
219110,3
219111,0
219112,0
219113,0
219114,0
219115,0
219116,0
219117,0
219118,1
219119,0
219120,10
219121,0
219122,0
219123,0
219124,0
219125,0
219126,0
219127,4
219128,0
219129,0
219130,0
219131,0
219132,0
219133,0
219134,0
219135,0
219136,0
219137,0
219138,0
219139,0
219140,0
219141,0
219142,0
219143,6
219144,3
219145,0
219146,0
219147,1
219148,0
219149,4
219150,0
219151,0
219152,0
219153,0
219154,0
219155,0
219156,0
219157,0
219158,0
219159,0
219160,0
219161,4
219162,0
219163,0
219164,2
219165,0
219166,0
219167,0
219168,0
219169,0
219170,0
219171,0
219172,0
219173,0
219174,0
219175,0
219176,0
219177,0
219178,2
219179,3
219180,0
219181,0
219182,0
219183,0
219184,0
219185,0
219186,0
219187,0
219188,1
219189,0
219190,0
219191,0
219192,0
219193,0
219194,0
219195,0
219196,0
219197,0
219198,0
219199,0
219200,0
219201,0
219202,0
219203,0
219204,0
219205,0
219206,0
219207,0
219208,0
219209,0
219210,0
219211,0
219212,0
219213,0
219214,0
219215,0
219216,0
219217,0
219218,0
219219,7
219220,0
219221,5
219222,0
219223,0
219224,0
219225,1
219226,0
219227,0
219228,0
219229,0
219230,0
219231,2
219232,0
219233,0
219234,0
219235,0
219236,0
219237,2
219238,0
219239,0
219240,0
219241,7
219242,1
219243,0
219244,0
219245,2
219246,0
219247,0
219248,0
219249,0
219250,0
219251,0
219252,2
219253,3
219254,0
219255,0
219256,3
219257,0
219258,0
219259,0
219260,0
219261,4
219262,2
219263,0
219264,4
219265,4
219266,3
219267,0
219268,3
219269,0
219270,0
219271,2
219272,0
219273,0
219274,0
219275,0
219276,0
219277,0
219278,0
219279,0
219280,0
219281,0
219282,0
219283,0
219284,0
219285,0
219286,0
219287,0
219288,0
219289,1
219290,0
219291,0
219292,1
219293,0
219294,0
219295,0
219296,3
219297,0
219298,0
219299,0
219300,0
219301,4
219302,0
219303,0
219304,2
219305,0
219306,0
219307,0
219308,5
219309,0
219310,4
219311,0
219312,0
219313,0
219314,0
219315,0
219316,4
219317,0
219318,0
219319,2
219320,0
219321,3
219322,0
219323,0
219324,0
219325,0
219326,0
219327,0
219328,3
219329,0
219330,0
219331,6
219332,0
219333,0
219334,0
219335,0
219336,0
219337,0
219338,0
219339,0
219340,0
219341,3
219342,2
219343,0
219344,0
219345,0
219346,0
219347,0
219348,0
219349,0
219350,0
219351,2
219352,0
219353,0
219354,0
219355,0
219356,2
219357,0
219358,0
219359,0
219360,0
219361,0
219362,0
219363,0
219364,0
219365,0
219366,0
219367,0
219368,0
219369,0
219370,0
219371,0
219372,0
219373,0
219374,0
219375,0
219376,0
219377,0
219378,0
219379,0
219380,0
219381,0
219382,0
219383,0
219384,0
219385,0
219386,8
219387,0
219388,0
219389,0
219390,0
219391,0
219392,0
219393,0
219394,0
219395,4
219396,1
219397,2
219398,0
219399,0
219400,0
219401,0
219402,0
219403,0
219404,0
219405,0
219406,0
219407,0
219408,0
219409,0
219410,0
219411,1
219412,0
219413,7
219414,0
219415,0
219416,0
219417,0
219418,0
219419,0
219420,0
219421,0
219422,1
219423,0
219424,0
219425,0
219426,0
219427,0
219428,0
219429,0
219430,0
219431,0
219432,1
219433,0
219434,0
219435,5
219436,0
219437,0
219438,0
219439,0
219440,0
219441,2
219442,0
219443,0
219444,0
219445,0
219446,0
219447,0
219448,0
219449,0
219450,0
219451,0
219452,0
219453,0
219454,3
219455,0
219456,0
219457,0
219458,6
219459,4
219460,0
219461,0
219462,0
219463,2
219464,0
219465,0
219466,0
219467,0
219468,0
219469,0
219470,0
219471,0
219472,3
219473,0
219474,3
219475,0
219476,0
219477,0
219478,0
219479,0
219480,0
219481,0
219482,0
219483,2
219484,0
219485,0
219486,0
219487,0
219488,0
219489,0
219490,0
219491,0
219492,0
219493,3
219494,0
219495,0
219496,0
219497,0
219498,0
219499,0
219500,0
219501,0
219502,0
219503,0
219504,2
219505,0
219506,2
219507,5
219508,0
219509,0
219510,2
219511,3
219512,0
219513,3
219514,0
219515,0
219516,0
219517,0
219518,3
219519,0
219520,0
219521,7
219522,0
219523,1
219524,0
219525,0
219526,0
219527,0
219528,7
219529,1
219530,0
219531,0
219532,0
219533,0
219534,0
219535,0
219536,0
219537,0
219538,0
219539,0
219540,0
219541,0
219542,0
219543,0
219544,0
219545,0
219546,0
219547,3
219548,0
219549,5
219550,0
219551,0
219552,0
219553,2
219554,0
219555,0
219556,4
219557,0
219558,0
219559,0
219560,0
219561,0
219562,0
219563,0
219564,3
219565,0
219566,0
219567,0
219568,0
219569,0
219570,0
219571,0
219572,6
219573,0
219574,0
219575,0
219576,0
219577,0
219578,0
219579,0
219580,0
219581,0
219582,0
219583,0
219584,0
219585,0
219586,0
219587,0
219588,0
219589,0
219590,0
219591,0
219592,7
219593,0
219594,0
219595,2
219596,0
219597,0
219598,4
219599,0
219600,0
219601,0
219602,0
219603,0
219604,0
219605,7
219606,0
219607,0
219608,0
219609,0
219610,0
219611,6
219612,0
219613,0
219614,0
219615,0
219616,0
219617,0
219618,0
219619,0
219620,0
219621,0
219622,0
219623,2
219624,0
219625,0
219626,0
219627,0
219628,0
219629,0
219630,0
219631,0
219632,0
219633,4
219634,0
219635,0
219636,0
219637,0
219638,0
219639,0
219640,0
219641,1
219642,0
219643,0
219644,0
219645,0
219646,0
219647,0
219648,0
219649,0
219650,2
219651,0
219652,0
219653,2
219654,0
219655,0
219656,0
219657,1
219658,0
219659,0
219660,0
219661,0
219662,0
219663,0
219664,0
219665,0
219666,0
219667,6
219668,0
219669,0
219670,3
219671,3
219672,0
219673,0
219674,0
219675,0
219676,0
219677,0
219678,2
219679,0
219680,0
219681,0
219682,0
219683,1
219684,0
219685,0
219686,0
219687,0
219688,0
219689,0
219690,3
219691,0
219692,0
219693,0
219694,0
219695,4
219696,0
219697,0
219698,1
219699,0
219700,0
219701,0
219702,4
219703,0
219704,8
219705,10
219706,0
219707,0
219708,0
219709,22
219710,0
219711,0
219712,0
219713,0
219714,13
219715,0
219716,0
219717,0
219718,0
219719,0
219720,0
219721,0
219722,0
219723,0
219724,0
219725,0
219726,0
219727,0
219728,0
219729,0
219730,16
219731,10
219732,0
219733,0
219734,0
219735,12
219736,14
219737,0
219738,15
219739,0
219740,0
219741,0
219742,10
219743,0
219744,13
219745,0
219746,0
219747,0
219748,14
219749,0
219750,0
219751,0
219752,9
219753,0
219754,14
219755,0
219756,0
219757,0
219758,5
219759,0
219760,0
219761,0
219762,10
219763,0
219764,0
219765,0
219766,0
219767,0
219768,16
219769,11
219770,0
219771,0
219772,0
219773,0
219774,0
219775,0
219776,0
219777,0
219778,16
219779,0
219780,0
219781,0
219782,15
219783,0
219784,0
219785,14
219786,0
219787,0
219788,0
219789,0
219790,0
219791,18
219792,0
219793,0
219794,0
219795,10
219796,0
219797,0
219798,6
219799,0
219800,0
219801,0
219802,7
219803,9
219804,0
219805,0
219806,0
219807,8
219808,0
219809,12
219810,13
219811,0
219812,0
219813,12
219814,0
219815,0
219816,0
219817,0
219818,0
219819,10
219820,0
219821,0
219822,0
219823,0
219824,0
219825,0
219826,13
219827,9
219828,7
219829,0
219830,0
219831,0
219832,0
219833,0
219834,0
219835,0
219836,0
219837,0
219838,15
219839,0
219840,0
219841,0
219842,17
219843,0
219844,0
219845,0
219846,0
219847,0
219848,0
219849,0
219850,0
219851,0
219852,15
219853,0
219854,0
219855,0
219856,0
219857,0
219858,0
219859,0
219860,0
219861,12
219862,11
219863,7
219864,16
219865,0
219866,0
219867,5
219868,15
219869,0
219870,0
219871,0
219872,8
219873,0
219874,0
219875,0
219876,0
219877,0
219878,0
219879,8
219880,0
219881,17
219882,0
219883,0
219884,0
219885,0
219886,6
219887,13
219888,0
219889,0
219890,13
219891,0
219892,0
219893,0
219894,0
219895,0
219896,12
219897,0
219898,0
219899,13
219900,7
219901,0
219902,0
219903,0
219904,0
219905,0
219906,10
219907,0
219908,0
219909,0
219910,0
219911,0
219912,0
219913,12
219914,17
219915,0
219916,0
219917,14
219918,0
219919,13
219920,0
219921,0
219922,0
219923,0
219924,0
219925,0
219926,0
219927,0
219928,0
219929,0
219930,0
219931,0
219932,0
219933,0
219934,0
219935,15
219936,0
219937,16
219938,0
219939,0
219940,8
219941,0
219942,0
219943,10
219944,9
219945,0
219946,0
219947,12
219948,0
219949,0
219950,0
219951,0
219952,0
219953,0
219954,0
219955,0
219956,0
219957,0
219958,0
219959,0
219960,0
219961,0
219962,0
219963,0
219964,17
219965,0
219966,11
219967,0
219968,0
219969,0
219970,0
219971,0
219972,14
219973,0
219974,0
219975,0
219976,0
219977,12
219978,0
219979,0
219980,0
219981,0
219982,8
219983,0
219984,0
219985,0
219986,11
219987,8
219988,0
219989,0
219990,0
219991,18
219992,0
219993,0
219994,0
219995,0
219996,0
219997,0
219998,0
219999,0
220000,0
220001,0
220002,0
220003,0
220004,0
220005,0
220006,0
220007,0
220008,0
220009,0
220010,0
220011,0
220012,15
220013,0
220014,0
220015,0
220016,8
220017,0
220018,0
220019,9
220020,0
220021,0
220022,0
220023,0
220024,0
220025,0
220026,5
220027,0
220028,0
220029,10
220030,0
220031,0
220032,0
220033,0
220034,0
220035,0
220036,0
220037,9
220038,0
220039,0
220040,0
220041,0
220042,0
220043,0
220044,0
220045,0
220046,0
220047,0
220048,0
220049,0
220050,0
220051,0
220052,0
220053,0
220054,0
220055,0
220056,0
220057,0
220058,0
220059,0
220060,0
220061,0
220062,0
220063,0
220064,0
220065,0
220066,0
220067,0
220068,0
220069,6
220070,0
220071,0
220072,0
220073,0
220074,0
220075,0
220076,0
220077,0
220078,0
220079,0
220080,10
220081,0
220082,0
220083,0
220084,0
220085,0
220086,0
220087,0
220088,0
220089,0
220090,0
220091,6
220092,0
220093,0
220094,0
220095,0
220096,0
220097,0
220098,0
220099,0
220100,0
220101,0
220102,0
220103,0
220104,0
220105,0
220106,0
220107,0
220108,0
220109,0
220110,0
220111,0
220112,0
220113,14
220114,0
220115,0
220116,0
220117,0
220118,0
220119,11
220120,0
220121,0
220122,0
220123,0
220124,0
220125,0
220126,0
220127,0
220128,0
220129,0
220130,0
220131,0
220132,0
220133,0
220134,0
220135,0
220136,0
220137,0
220138,0
220139,0
220140,0
220141,12
220142,0
220143,0
220144,0
220145,0
220146,0
220147,0
220148,0
220149,0
220150,0
220151,0
220152,19
220153,0
220154,0
220155,0
220156,0
220157,0
220158,0
220159,0
220160,0
220161,0
220162,0
220163,0
220164,0
220165,0
220166,0
220167,0
220168,7
220169,0
220170,0
220171,0
220172,13
220173,0
220174,0
220175,10
220176,0
220177,0
220178,0
220179,0
220180,0
220181,0
220182,0
220183,0
220184,0
220185,0
220186,0
220187,10
220188,0
220189,0
220190,0
220191,6
220192,0
220193,0
220194,0
220195,0
220196,0
220197,0
220198,0
220199,0
220200,0
220201,0
220202,0
220203,0
220204,0
220205,0
220206,0
220207,0
220208,0
220209,0
220210,0
220211,0
220212,0
220213,15
220214,0
220215,0
220216,8
220217,0
220218,7
220219,0
220220,0
220221,0
220222,0
220223,0
220224,0
220225,0
220226,0
220227,10
220228,4
220229,0
220230,0
220231,0
220232,0
220233,0
220234,0
220235,0
220236,0
220237,8
220238,0
220239,0
220240,0
220241,0
220242,0
220243,0
220244,0
220245,0
220246,0
220247,0
220248,0
220249,0
220250,0
220251,0
220252,0
220253,0
220254,0
220255,0
220256,0
220257,0
220258,0
220259,0
220260,0
220261,0
220262,0
220263,7
220264,0
220265,0
220266,0
220267,0
220268,0
220269,17
220270,0
220271,0
220272,0
220273,0
220274,7
220275,0
220276,0
220277,0
220278,0
220279,0
220280,0
220281,0
220282,0
220283,0
220284,0
220285,0
220286,0
220287,10
220288,0
220289,0
220290,0
220291,0
220292,0
220293,0
220294,0
220295,0
220296,0
220297,0
220298,0
220299,0
220300,0
220301,0
220302,0
220303,0
220304,0
220305,0
220306,0
220307,0
220308,0
220309,0
220310,0
220311,0
220312,0
220313,11
220314,0
220315,0
220316,5
220317,0
220318,0
220319,6
220320,0
220321,0
220322,0
220323,3
220324,0
220325,0
220326,0
220327,8
220328,15
220329,0
220330,0
220331,0
220332,0
220333,0
220334,0
220335,0
220336,0
220337,0
220338,0
220339,0
220340,0
220341,0
220342,0
220343,0
220344,0
220345,0
220346,0
220347,0
220348,0
220349,0
220350,0
220351,0
220352,0
220353,0
220354,0
220355,0
220356,0
220357,0
220358,15
220359,0
220360,0
220361,0
220362,0
220363,0
220364,0
220365,0
220366,0
220367,0
220368,0
220369,6
220370,0
220371,0
220372,0
220373,0
220374,0
220375,0
220376,9
220377,0
220378,0
220379,0
220380,0
220381,0
220382,0
220383,0
220384,0
220385,5
220386,0
220387,0
220388,0
220389,0
220390,0
220391,0
220392,0
220393,0
220394,0
220395,0
220396,0
220397,0
220398,0
220399,0
220400,0
220401,14
220402,0
220403,0
220404,0
220405,0
220406,0
220407,0
220408,0
220409,0
220410,0
220411,0
220412,0
220413,0
220414,0
220415,0
220416,0
220417,0
220418,0
220419,0
220420,0
220421,0
220422,0
220423,0
220424,0
220425,17
220426,0
220427,0
220428,11
220429,0
220430,0
220431,0
220432,0
220433,0
220434,0
220435,0
220436,12
220437,0
220438,0
220439,0
220440,0
220441,0
220442,19
220443,0
220444,0
220445,0
220446,0
220447,0
220448,0
220449,0
220450,0
220451,0
220452,0
220453,0
220454,0
220455,0
220456,0
220457,0
220458,0
220459,0
220460,0
220461,0
220462,0
220463,0
220464,0
220465,0
220466,0
220467,0
220468,19
220469,0
220470,0
220471,0
220472,0
220473,0
220474,0
220475,0
220476,0
220477,0
220478,11
220479,6
220480,0
220481,0
220482,0
220483,0
220484,0
220485,15
220486,0
220487,0
220488,0
220489,0
220490,0
220491,0
220492,0
220493,0
220494,0
220495,0
220496,0
220497,0
220498,0
220499,0
220500,0
220501,0
220502,0
220503,0
220504,0
220505,0
220506,0
220507,0
220508,0
220509,0
220510,0
220511,8
220512,0
220513,0
220514,0
220515,0
220516,0
220517,0
220518,0
220519,0
220520,0
220521,0
220522,12
220523,1
220524,0
220525,0
220526,14
220527,0
220528,0
220529,0
220530,0
220531,0
220532,0
220533,0
220534,0
220535,0
220536,0
220537,0
220538,0
220539,0
220540,0
220541,0
220542,0
220543,0
220544,0
220545,11
220546,0
220547,0
220548,0
220549,0
220550,0
220551,0
220552,0
220553,0
220554,0
220555,0
220556,0
220557,0
220558,0
220559,0
220560,0
220561,0
220562,0
220563,0
220564,0
220565,0
220566,0
220567,0
220568,0
220569,0
220570,0
220571,0
220572,0
220573,0
220574,0
220575,0
220576,0
220577,9
220578,0
220579,0
220580,0
220581,0
220582,0
220583,0
220584,0
220585,0
220586,0
220587,0
220588,0
220589,11
220590,0
220591,0
220592,0
220593,0
220594,0
220595,0
220596,0
220597,0
220598,0
220599,0
220600,5
220601,0
220602,0
220603,0
220604,0
220605,0
220606,0
220607,0
220608,0
220609,0
220610,0
220611,0
220612,0
220613,0
220614,0
220615,0
220616,0
220617,0
220618,0
220619,0
220620,0
220621,0
220622,0
220623,0
220624,0
220625,0
220626,0
220627,6
220628,11
220629,0
220630,0
220631,0
220632,0
220633,0
220634,3
220635,0
220636,0
220637,0
220638,0
220639,0
220640,0
220641,0
220642,0
220643,0
220644,0
220645,0
220646,0
220647,0
220648,0
220649,0
220650,7
220651,0
220652,0
220653,0
220654,0
220655,18
220656,0
220657,23
220658,0
220659,0
220660,0
220661,0
220662,0
220663,0
220664,0
220665,0
220666,0
220667,0
220668,0
220669,0
220670,0
220671,0
220672,0
220673,0
220674,9
220675,0
220676,14
220677,16
220678,13
220679,0
220680,0
220681,24
220682,0
220683,14
220684,0
220685,0
220686,0
220687,0
220688,0
220689,13
220690,0
220691,11
220692,10
220693,0
220694,25
220695,0
220696,0
220697,0
220698,26
220699,0
220700,0
220701,0
220702,3
220703,0
220704,19
220705,0
220706,12
220707,0
220708,15
220709,0
220710,0
220711,0
220712,0
220713,0
220714,0
220715,0
220716,18
220717,0
220718,0
220719,0
220720,0
220721,22
220722,0
220723,0
220724,0
220725,0
220726,0
220727,18
220728,0
220729,0
220730,10
220731,0
220732,0
220733,0
220734,18
220735,10
220736,0
220737,0
220738,0
220739,0
220740,16
220741,22
220742,0
220743,0
220744,0
220745,9
220746,0
220747,0
220748,0
220749,19
220750,0
220751,0
220752,0
220753,0
220754,26
220755,0
220756,14
220757,0
220758,0
220759,0
220760,0
220761,0
220762,0
220763,0
220764,18
220765,0
220766,0
220767,5
220768,0
220769,0
220770,17
220771,0
220772,0
220773,16
220774,0
220775,10
220776,0
220777,0
220778,0
220779,0
220780,0
220781,0
220782,18
220783,0
220784,0
220785,0
220786,18
220787,0
220788,0
220789,0
220790,0
220791,0
220792,0
220793,0
220794,0
220795,0
220796,0
220797,0
220798,0
220799,0
220800,0
220801,0
220802,0
220803,0
220804,0
220805,0
220806,0
220807,0
220808,0
220809,0
220810,0
220811,0
220812,0
220813,0
220814,0
220815,0
220816,0
220817,0
220818,30
220819,0
220820,0
220821,0
220822,0
220823,0
220824,0
220825,0
220826,0
220827,0
220828,0
220829,0
220830,0
220831,0
220832,0
220833,0
220834,0
220835,0
220836,0
220837,0
220838,0
220839,0
220840,27
220841,0
220842,0
220843,0
220844,0
220845,0
220846,0
220847,0
220848,0
220849,0
220850,0
220851,0
220852,24
220853,0
220854,0
220855,0
220856,23
220857,0
220858,0
220859,0
220860,41
220861,0
220862,25
220863,0
220864,0
220865,0
220866,0
220867,0
220868,0
220869,0
220870,0
220871,0
220872,0
220873,0
220874,21
220875,0
220876,0
220877,13
220878,0
220879,0
220880,0
220881,0
220882,0
220883,0
220884,0
220885,0
220886,0
220887,0
220888,0
220889,0
220890,0
220891,0
220892,0
220893,0
220894,0
220895,0
220896,0
220897,0
220898,27
220899,0
220900,0
220901,0
220902,0
220903,0
220904,0
220905,0
220906,0
220907,0
220908,0
220909,0
220910,0
220911,0
220912,0
220913,28
220914,0
220915,0
220916,0
220917,9
220918,0
220919,17
220920,0
220921,0
220922,0
220923,0
220924,0
220925,0
220926,29
220927,0
220928,20
220929,0
220930,0
220931,0
220932,0
220933,0
220934,0
220935,0
220936,22
220937,0
220938,25
220939,0
220940,0
220941,0
220942,0
220943,0
220944,0
220945,0
220946,0
220947,0
220948,14
220949,0
220950,0
220951,0
220952,0
220953,0
220954,0
220955,0
220956,23
220957,0
220958,0
220959,0
220960,0
220961,0
220962,0
220963,0
220964,0
220965,27
220966,28
220967,0
220968,0
220969,0
220970,0
220971,0
220972,0
220973,0
220974,0
220975,0
220976,0
220977,0
220978,0
220979,0
220980,0
220981,0
220982,0
220983,0
220984,17
220985,0
220986,0
220987,0
220988,0
220989,0
220990,0
220991,0
220992,0
220993,0
220994,0
220995,0
220996,0
220997,27
220998,0
220999,35
221000,0
221001,0
221002,0
221003,0
221004,0
221005,0
221006,0
221007,0
221008,0
221009,24
221010,0
221011,0
221012,0
221013,26
221014,29
221015,0
221016,0
221017,0
221018,0
221019,0
221020,0
221021,0
221022,0
221023,0
221024,0
221025,0
221026,0
221027,0
221028,16
221029,0
221030,0
221031,0
221032,17
221033,0
221034,0
221035,0
221036,0
221037,0
221038,0
221039,0
221040,31
221041,0
221042,0
221043,0
221044,26
221045,0
221046,0
221047,0
221048,0
221049,0
221050,0
221051,0
221052,0
221053,18
221054,0
221055,0
221056,0
221057,0
221058,0
221059,0
221060,0
221061,0
221062,0
221063,0
221064,31
221065,0
221066,0
221067,0
221068,0
221069,0
221070,0
221071,0
221072,0
221073,0
221074,0
221075,0
221076,0
221077,0
221078,0
221079,0
221080,0
221081,0
221082,0
221083,0
221084,0
221085,0
221086,0
221087,0
221088,0
221089,0
221090,0
221091,0
221092,16
221093,0
221094,24
221095,0
221096,23
221097,31
221098,0
221099,39
221100,0
221101,0
221102,0
221103,0
221104,0
221105,0
221106,0
221107,29
221108,0
221109,0
221110,0
221111,0
221112,24
221113,0
221114,47
221115,0
221116,0
221117,24
221118,0
221119,0
221120,0
221121,0
221122,0
221123,0
221124,0
221125,0
221126,0
221127,0
221128,0
221129,0
221130,0
221131,0
221132,0
221133,0
221134,0
221135,0
221136,0
221137,32
221138,0
221139,0
221140,42
221141,0
221142,0
221143,0
221144,0
221145,0
221146,0
221147,0
221148,0
221149,0
221150,0
221151,0
221152,0
221153,0
221154,0
221155,0
221156,0
221157,0
221158,0
221159,0
221160,0
221161,23
221162,23
221163,0
221164,0
221165,30
221166,0
221167,24
221168,0
221169,0
221170,0
221171,0
221172,0
221173,0
221174,0
221175,0
221176,0
221177,0
221178,21
221179,0
221180,0
221181,0
221182,0
221183,0
221184,0
221185,0
221186,28
221187,0
221188,0
221189,0
221190,0
221191,0
221192,0
221193,0
221194,0
221195,0
221196,34
221197,24
221198,0
221199,0
221200,20
221201,0
221202,0
221203,0
221204,0
221205,0
221206,0
221207,26
221208,0
221209,0
221210,22
221211,0
221212,0
221213,0
221214,0
221215,0
221216,0
221217,0
221218,0
221219,0
221220,0
221221,0
221222,23
221223,0
221224,0
221225,0
221226,0
221227,25
221228,0
221229,0
221230,0
221231,40
221232,0
221233,0
221234,0
221235,0
221236,0
221237,0
221238,0
221239,0
221240,0
221241,16
221242,0
221243,0
221244,0
221245,0
221246,0
221247,0
221248,0
221249,0
221250,0
221251,0
221252,0
221253,0
221254,0
221255,0
221256,0
221257,22
221258,0
221259,0
221260,27
221261,0
221262,0
221263,0
221264,0
221265,0
221266,0
221267,0
221268,0
221269,0
221270,0
221271,0
221272,0
221273,0
221274,0
221275,0
221276,0
221277,0
221278,0
221279,0
221280,0
221281,0
221282,29
221283,0
221284,0
221285,0
221286,0
221287,0
221288,0
221289,0
221290,0
221291,0
221292,0
221293,0
221294,0
221295,39
221296,0
221297,0
221298,0
221299,0
221300,0
221301,0
221302,0
221303,0
221304,0
221305,0
221306,0
221307,0
221308,0
221309,0
221310,0
221311,30
221312,42
221313,0
221314,0
221315,0
221316,0
221317,0
221318,0
221319,0
221320,0
221321,0
221322,0
221323,0
221324,0
221325,0
221326,0
221327,0
221328,0
221329,27
221330,0
221331,0
221332,0
221333,0
221334,0
221335,0
221336,0
221337,0
221338,0
221339,0
221340,0
221341,0
221342,0
221343,0
221344,0
221345,0
221346,0
221347,0
221348,0
221349,0
221350,20
221351,0
221352,14
221353,25
221354,0
221355,0
221356,0
221357,0
221358,0
221359,0
221360,0
221361,0
221362,0
221363,0
221364,0
221365,0
221366,30
221367,0
221368,0
221369,0
221370,0
221371,0
221372,0
221373,15
221374,0
221375,0
221376,0
221377,0
221378,0
221379,0
221380,0
221381,40
221382,0
221383,0
221384,0
221385,0
221386,0
221387,0
221388,0
221389,0
221390,0
221391,0
221392,0
221393,0
221394,0
221395,0
221396,0
221397,0
221398,0
221399,0
221400,0
221401,0
221402,0
221403,0
221404,0
221405,0
221406,0
221407,0
221408,0
221409,0
221410,24
221411,0
221412,0
221413,0
221414,0
221415,0
221416,0
221417,0
221418,0
221419,28
221420,0
221421,0
221422,0
221423,0
221424,0
221425,0
221426,0
221427,24
221428,0
221429,0
221430,24
221431,22
221432,0
221433,0
221434,0
221435,0
221436,0
221437,0
221438,0
221439,0
221440,0
221441,0
221442,0
221443,0
221444,0
221445,0
221446,37
221447,0
221448,0
221449,0
221450,0
221451,40
221452,25
221453,0
221454,0
221455,0
221456,0
221457,0
221458,16
221459,0
221460,0
221461,0
221462,0
221463,0
221464,0
221465,0
221466,24
221467,0
221468,0
221469,0
221470,0
221471,0
221472,0
221473,0
221474,31
221475,0
221476,0
221477,0
221478,46
221479,0
221480,0
221481,0
221482,0
221483,0
221484,0
221485,0
221486,34
221487,0
221488,0
221489,0
221490,0
221491,20
221492,0
221493,0
221494,0
221495,32
221496,0
221497,0
221498,0
221499,0
221500,0
221501,18
221502,0
221503,0
221504,0
221505,0
221506,0
221507,0
221508,0
221509,0
221510,0
221511,0
221512,0
221513,0
221514,0
221515,0
221516,0
221517,0
221518,20
221519,0
221520,0
221521,0
221522,0
221523,0
221524,0
221525,9
221526,15
221527,0
221528,0
221529,18
221530,0
221531,16
221532,0
221533,0
221534,0
221535,0
221536,0
221537,12
221538,0
221539,0
221540,0
221541,0
221542,0
221543,16
221544,0
221545,0
221546,13
221547,18
221548,0
221549,0
221550,0
221551,0
221552,0
221553,0
221554,0
221555,14
221556,0
221557,0
221558,13
221559,0
221560,0
221561,12
221562,0
221563,0
221564,12
221565,14
221566,0
221567,0
221568,0
221569,15
221570,0
221571,0
221572,0
221573,0
221574,0
221575,22
221576,0
221577,21
221578,0
221579,0
221580,19
221581,0
221582,0
221583,0
221584,14
221585,13
221586,0
221587,0
221588,21
221589,0
221590,0
221591,0
221592,15
221593,0
221594,0
221595,0
221596,13
221597,19
221598,0
221599,0
221600,0
221601,0
221602,0
221603,0
221604,0
221605,0
221606,0
221607,0
221608,10
221609,0
221610,0
221611,0
221612,0
221613,0
221614,0
221615,0
221616,0
221617,0
221618,0
221619,0
221620,12
221621,0
221622,0
221623,0
221624,0
221625,0
221626,0
221627,0
221628,0
221629,0
221630,0
221631,0
221632,0
221633,13
221634,0
221635,7
221636,0
221637,0
221638,0
221639,0
221640,9
221641,0
221642,0
221643,0
221644,0
221645,13
221646,11
221647,0
221648,10
221649,0
221650,13
221651,0
221652,0
221653,0
221654,0
221655,0
221656,0
221657,0
221658,0
221659,0
221660,0
221661,0
221662,6
221663,0
221664,19
221665,0
221666,0
221667,0
221668,24
221669,16
221670,0
221671,19
221672,0
221673,0
221674,0
221675,0
221676,0
221677,0
221678,0
221679,0
221680,0
221681,0
221682,0
221683,0
221684,0
221685,0
221686,0
221687,0
221688,15
221689,0
221690,0
221691,0
221692,0
221693,0
221694,16
221695,16
221696,0
221697,0
221698,9
221699,0
221700,0
221701,0
221702,10
221703,0
221704,0
221705,0
221706,0
221707,0
221708,9
221709,0
221710,6
221711,0
221712,0
221713,0
221714,16
221715,0
221716,0
221717,0
221718,0
221719,0
221720,0
221721,0
221722,0
221723,0
221724,12
221725,0
221726,0
221727,7
221728,0
221729,14
221730,0
221731,0
221732,18
221733,0
221734,0
221735,0
221736,0
221737,0
221738,0
221739,0
221740,0
221741,15
221742,26
221743,0
221744,0
221745,0
221746,0
221747,0
221748,0
221749,8
221750,9
221751,0
221752,0
221753,0
221754,0
221755,0
221756,0
221757,0
221758,0
221759,26
221760,0
221761,0
221762,0
221763,0
221764,0
221765,12
221766,0
221767,12
221768,0
221769,0
221770,0
221771,11
221772,0
221773,0
221774,15
221775,19
221776,0
221777,0
221778,0
221779,9
221780,0
221781,0
221782,12
221783,0
221784,0
221785,0
221786,0
221787,12
221788,0
221789,14
221790,0
221791,0
221792,0
221793,0
221794,0
221795,11
221796,0
221797,0
221798,0
221799,0
221800,9
221801,0
221802,0
221803,0
221804,0
221805,0
221806,0
221807,0
221808,0
221809,12
221810,0
221811,13
221812,0
221813,0
221814,16
221815,5
221816,0
221817,0
221818,0
221819,0
221820,0
221821,0
221822,0
221823,0
221824,0
221825,0
221826,0
221827,0
221828,15
221829,0
221830,0
221831,0
221832,0
221833,19
221834,0
221835,0
221836,0
221837,9
221838,0
221839,0
221840,0
221841,0
221842,0
221843,0
221844,0
221845,24
221846,17
221847,0
221848,0
221849,0
221850,0
221851,20
221852,0
221853,0
221854,0
221855,16
221856,0
221857,0
221858,0
221859,0
221860,0
221861,0
221862,0
221863,0
221864,0
221865,0
221866,20
221867,0
221868,0
221869,0
221870,19
221871,0
221872,0
221873,0
221874,21
221875,0
221876,0
221877,0
221878,18
221879,34
221880,12
221881,0
221882,0
221883,0
221884,0
221885,0
221886,14
221887,0
221888,0
221889,0
221890,0
221891,14
221892,20
221893,0
221894,13
221895,34
221896,33
221897,0
221898,0
221899,0
221900,0
221901,0
221902,32
221903,0
221904,0
221905,0
221906,26
221907,0
221908,0
221909,0
221910,0
221911,0
221912,0
221913,0
221914,0
221915,0
221916,0
221917,0
221918,0
221919,0
221920,27
221921,0
221922,0
221923,0
221924,0
221925,23
221926,0
221927,0
221928,0
221929,0
221930,0
221931,0
221932,0
221933,0
221934,23
221935,0
221936,0
221937,0
221938,0
221939,0
221940,0
221941,0
221942,0
221943,15
221944,0
221945,0
221946,0
221947,22
221948,0
221949,0
221950,0
221951,0
221952,26
221953,30
221954,28
221955,0
221956,0
221957,0
221958,0
221959,0
221960,0
221961,0
221962,28
221963,0
221964,19
221965,0
221966,0
221967,21
221968,0
221969,28
221970,0
221971,0
221972,0
221973,25
221974,0
221975,0
221976,0
221977,0
221978,0
221979,0
221980,13
221981,35
221982,0
221983,0
221984,0
221985,23
221986,35
221987,24
221988,0
221989,0
221990,0
221991,0
221992,0
221993,0
221994,16
221995,18
221996,0
221997,41
221998,0
221999,0
222000,0
222001,20
222002,0
222003,0
222004,12
222005,18
222006,26
222007,20
222008,0
222009,0
222010,0
222011,25
222012,24
222013,0
222014,0
222015,38
222016,0
222017,0
222018,0
222019,0
222020,0
222021,0
222022,0
222023,0
222024,29
222025,0
222026,16
222027,0
222028,0
222029,0
222030,0
222031,28
222032,21
222033,19
222034,0
222035,21
222036,0
222037,0
222038,0
222039,0
222040,0
222041,0
222042,0
222043,0
222044,0
222045,0
222046,0
222047,21
222048,0
222049,0
222050,0
222051,0
222052,0
222053,0
222054,0
222055,0
222056,0
222057,0
222058,0
222059,0
222060,19
222061,0
222062,0
222063,0
222064,24
222065,0
222066,0
222067,0
222068,0
222069,0
222070,0
222071,0
222072,0
222073,18
222074,0
222075,0
222076,0
222077,0
222078,0
222079,30
222080,0
222081,0
222082,0
222083,0
222084,0
222085,0
222086,0
222087,0
222088,0
222089,18
222090,0
222091,0
222092,0
222093,0
222094,25
222095,0
222096,0
222097,0
222098,0
222099,17
222100,0
222101,0
222102,26
222103,0
222104,0
222105,0
222106,0
222107,0
222108,0
222109,0
222110,14
222111,0
222112,0
222113,0
222114,0
222115,0
222116,0
222117,0
222118,0
222119,0
222120,0
222121,21
222122,40
222123,0
222124,0
222125,0
222126,19
222127,0
222128,0
222129,0
222130,0
222131,0
222132,0
222133,0
222134,20
222135,0
222136,15
222137,0
222138,24
222139,0
222140,0
222141,0
222142,0
222143,0
222144,0
222145,0
222146,0
222147,0
222148,0
222149,0
222150,0
222151,0
222152,15
222153,0
222154,0
222155,0
222156,0
222157,20
222158,15
222159,0
222160,0
222161,36
222162,0
222163,0
222164,0
222165,0
222166,8
222167,0
222168,0
222169,16
222170,0
222171,0
222172,21
222173,0
222174,20
222175,12
222176,0
222177,0
222178,0
222179,0
222180,0
222181,0
222182,28
222183,0
222184,14
222185,0
222186,0
222187,25
222188,0
222189,25
222190,0
222191,0
222192,0
222193,0
222194,0
222195,0
222196,0
222197,0
222198,0
222199,0
222200,0
222201,0
222202,0
222203,27
222204,0
222205,0
222206,0
222207,0
222208,0
222209,0
222210,0
222211,0
222212,0
222213,0
222214,0
222215,24
222216,0
222217,0
222218,0
222219,0
222220,0
222221,0
222222,36
222223,0
222224,0
222225,28
222226,0
222227,0
222228,0
222229,0
222230,0
222231,0
222232,0
222233,24
222234,22
222235,0
222236,0
222237,0
222238,0
222239,0
222240,17
222241,0
222242,0
222243,0
222244,0
222245,0
222246,0
222247,0
222248,0
222249,0
222250,0
222251,0
222252,28
222253,0
222254,26
222255,13
222256,0
222257,0
222258,0
222259,0
222260,34
222261,0
222262,0
222263,0
222264,0
222265,0
222266,0
222267,26
222268,0
222269,0
222270,0
222271,0
222272,0
222273,0
222274,0
222275,0
222276,0
222277,0
222278,20
222279,0
222280,25
222281,0
222282,0
222283,16
222284,0
222285,0
222286,0
222287,19
222288,0
222289,0
222290,24
222291,0
222292,36
222293,28
222294,0
222295,0
222296,0
222297,0
222298,32
222299,0
222300,21
222301,24
222302,0
222303,29
222304,0
222305,0
222306,0
222307,0
222308,0
222309,25
222310,0
222311,0
222312,0
222313,0
222314,0
222315,0
222316,24
222317,19
222318,0
222319,0
222320,36
222321,0
222322,23
222323,0
222324,0
222325,0
222326,32
222327,0
222328,0
222329,0
222330,31
222331,0
222332,0
222333,22
222334,23
222335,0
222336,0
222337,0
222338,0
222339,0
222340,0
222341,0
222342,0
222343,0
222344,0
222345,0
222346,24
222347,0
222348,0
222349,32
222350,0
222351,0
222352,0
222353,25
222354,0
222355,0
222356,0
222357,0
222358,45
222359,0
222360,0
222361,0
222362,0
222363,0
222364,0
222365,0
222366,0
222367,0
222368,0
222369,0
222370,0
222371,28
222372,0
222373,0
222374,0
222375,0
222376,0
222377,17
222378,22
222379,0
222380,36
222381,0
222382,0
222383,0
222384,0
222385,0
222386,0
222387,31
222388,35
222389,0
222390,0
222391,0
222392,0
222393,0
222394,0
222395,0
222396,0
222397,0
222398,0
222399,0
222400,0
222401,0
222402,26
222403,0
222404,0
222405,0
222406,0
222407,26
222408,0
222409,0
222410,0
222411,37
222412,0
222413,31
222414,0
222415,31
222416,0
222417,0
222418,41
222419,0
222420,0
222421,0
222422,0
222423,0
222424,30
222425,0
222426,0
222427,35
222428,37
222429,0
222430,0
222431,0
222432,0
222433,0
222434,32
222435,20
222436,0
222437,36
222438,0
222439,0
222440,0
222441,0
222442,0
222443,0
222444,22
222445,0
222446,0
222447,0
222448,42
222449,0
222450,29
222451,0
222452,0
222453,0
222454,0
222455,0
222456,34
222457,0
222458,0
222459,0
222460,16
222461,0
222462,0
222463,0
222464,0
222465,0
222466,17
222467,0
222468,23
222469,0
222470,29
222471,0
222472,0
222473,0
222474,0
222475,0
222476,0
222477,0
222478,0
222479,0
222480,0
222481,0
222482,0
222483,0
222484,0
222485,21
222486,0
222487,18
222488,0
222489,0
222490,0
222491,0
222492,0
222493,0
222494,22
222495,0
222496,0
222497,0
222498,36
222499,0
222500,0
222501,0
222502,0
222503,0
222504,0
222505,24
222506,0
222507,40
222508,44
222509,0
222510,0
222511,0
222512,0
222513,0
222514,0
222515,0
222516,0
222517,35
222518,0
222519,0
222520,0
222521,0
222522,0
222523,0
222524,0
222525,0
222526,0
222527,23
222528,0
222529,30
222530,0
222531,0
222532,28
222533,0
222534,0
222535,21
222536,25
222537,29
222538,0
222539,0
222540,41
222541,27
222542,0
222543,0
222544,0
222545,0
222546,41
222547,15
222548,0
222549,0
222550,0
222551,0
222552,0
222553,0
222554,0
222555,0
222556,0
222557,0
222558,0
222559,0
222560,0
222561,34
222562,0
222563,0
222564,0
222565,23
222566,0
222567,0
222568,28
222569,0
222570,0
222571,0
222572,0
222573,0
222574,0
222575,0
222576,0
222577,0
222578,0
222579,0
222580,0
222581,0
222582,0
222583,0
222584,0
222585,0
222586,0
222587,0
222588,0
222589,0
222590,0
222591,0
222592,0
222593,0
222594,0
222595,31
222596,0
222597,34
222598,28
222599,0
222600,0
222601,28
222602,0
222603,0
222604,33
222605,0
222606,0
222607,0
222608,0
222609,26
222610,23
222611,0
222612,0
222613,0
222614,0
222615,0
222616,0
222617,27
222618,0
222619,0
222620,0
222621,0
222622,26
222623,0
222624,0
222625,0
222626,19
222627,0
222628,0
222629,0
222630,0
222631,0
222632,0
222633,32
222634,0
222635,0
222636,0
222637,0
222638,0
222639,16
222640,0
222641,0
222642,0
222643,0
222644,0
222645,0
222646,0
222647,0
222648,17
222649,0
222650,0
222651,0
222652,0
222653,0
222654,0
222655,0
222656,0
222657,0
222658,0
222659,0
222660,30
222661,0
222662,37
222663,28
222664,0
222665,18
222666,28
222667,0
222668,36
222669,0
222670,0
222671,0
222672,0
222673,0
222674,0
222675,0
222676,0
222677,21
222678,29
222679,0
222680,18
222681,0
222682,0
222683,34
222684,0
222685,0
222686,20
222687,0
222688,0
222689,31
222690,0
222691,0
222692,0
222693,0
222694,0
222695,20
222696,0
222697,23
222698,0
222699,23
222700,0
222701,0
222702,0
222703,0
222704,0
222705,39
222706,34
222707,46
222708,0
222709,0
222710,0
222711,0
222712,0
222713,0
222714,0
222715,0
222716,0
222717,0
222718,0
222719,0
222720,34
222721,0
222722,0
222723,44
222724,0
222725,42
222726,0
222727,0
222728,50
222729,0
222730,0
222731,0
222732,40
222733,0
222734,0
222735,0
222736,40
222737,43
222738,0
222739,0
222740,0
222741,0
222742,0
222743,0
222744,0
222745,0
222746,0
222747,66
222748,36
222749,0
222750,0
222751,0
222752,0
222753,33
222754,0
222755,0
222756,44
222757,40
222758,0
222759,0
222760,0
222761,0
222762,0
222763,0
222764,0
222765,0
222766,0
222767,39
222768,0
222769,33
222770,46
222771,0
222772,0
222773,0
222774,0
222775,37
222776,0
222777,0
222778,0
222779,0
222780,0
222781,0
222782,0
222783,0
222784,0
222785,0
222786,45
222787,0
222788,0
222789,0
222790,0
222791,39
222792,0
222793,0
222794,30
222795,0
222796,0
222797,0
222798,45
222799,0
222800,0
222801,0
222802,0
222803,0
222804,0
222805,30
222806,0
222807,27
222808,0
222809,39
222810,0
222811,36
222812,0
222813,0
222814,0
222815,0
222816,0
222817,0
222818,51
222819,0
222820,0
222821,0
222822,0
222823,0
222824,0
222825,0
222826,0
222827,0
222828,0
222829,32
222830,0
222831,31
222832,0
222833,0
222834,30
222835,0
222836,0
222837,0
222838,0
222839,0
222840,0
222841,0
222842,37
222843,31
222844,0
222845,0
222846,0
222847,0
222848,0
222849,0
222850,34
222851,0
222852,0
222853,0
222854,0
222855,0
222856,36
222857,0
222858,0
222859,0
222860,0
222861,34
222862,42
222863,0
222864,0
222865,0
222866,30
222867,0
222868,0
222869,0
222870,0
222871,0
222872,0
222873,0
222874,0
222875,30
222876,0
222877,0
222878,0
222879,0
222880,0
222881,0
222882,0
222883,32
222884,0
222885,0
222886,35
222887,0
222888,0
222889,0
222890,40
222891,0
222892,43
222893,0
222894,0
222895,0
222896,0
222897,0
222898,0
222899,0
222900,0
222901,19
222902,0
222903,0
222904,0
222905,0
222906,0
222907,0
222908,37
222909,0
222910,0
222911,0
222912,0
222913,0
222914,46
222915,39
222916,0
222917,0
222918,0
222919,0
222920,0
222921,30
222922,0
222923,0
222924,0
222925,33
222926,0
222927,35
222928,0
222929,0
222930,0
222931,0
222932,46
222933,0
222934,43
222935,0
222936,0
222937,0
222938,0
222939,0
222940,35
222941,19
222942,0
222943,0
222944,0
222945,0
222946,0
222947,0
222948,0
222949,0
222950,0
222951,35
222952,0
222953,0
222954,0
222955,41
222956,0
222957,24
222958,42
222959,0
222960,40
222961,0
222962,36
222963,0
222964,0
222965,0
222966,0
222967,0
222968,38
222969,0
222970,0
222971,0
222972,0
222973,24
222974,0
222975,0
222976,0
222977,0
222978,42
222979,0
222980,0
222981,56
222982,0
222983,0
222984,0
222985,24
222986,0
222987,0
222988,0
222989,0
222990,0
222991,0
222992,0
222993,0
222994,34
222995,0
222996,0
222997,0
222998,0
222999,0
223000,0
223001,0
223002,40
223003,41
223004,39
223005,32
223006,0
223007,47
223008,0
223009,0
223010,0
223011,0
223012,0
223013,50
223014,0
223015,34
223016,0
223017,0
223018,0
223019,0
223020,0
223021,46
223022,0
223023,0
223024,0
223025,0
223026,0
223027,51
223028,32
223029,0
223030,39
223031,0
223032,0
223033,0
223034,0
223035,0
223036,40
223037,0
223038,0
223039,0
223040,0
223041,35
223042,0
223043,0
223044,0
223045,0
223046,0
223047,0
223048,0
223049,0
223050,42
223051,0
223052,0
223053,0
223054,0
223055,0
223056,0
223057,0
223058,0
223059,0
223060,32
223061,38
223062,0
223063,0
223064,0
223065,0
223066,0
223067,0
223068,30
223069,0
223070,0
223071,43
223072,0
223073,56
223074,0
223075,0
223076,0
223077,0
223078,25
223079,18
223080,0
223081,0
223082,0
223083,42
223084,0
223085,0
223086,0
223087,0
223088,0
223089,30
223090,0
223091,0
223092,0
223093,0
223094,0
223095,0
223096,36
223097,0
223098,38
223099,0
223100,38
223101,0
223102,31
223103,0
223104,0
223105,0
223106,0
223107,0
223108,30
223109,0
223110,0
223111,0
223112,0
223113,0
223114,0
223115,0
223116,0
223117,0
223118,0
223119,0
223120,0
223121,0
223122,0
223123,31
223124,0
223125,36
223126,0
223127,0
223128,35
223129,0
223130,0
223131,45
223132,0
223133,0
223134,0
223135,0
223136,39
223137,0
223138,0
223139,0
223140,0
223141,34
223142,24
223143,0
223144,0
223145,41
223146,0
223147,0
223148,0
223149,0
223150,0
223151,0
223152,0
223153,36
223154,0
223155,0
223156,0
223157,34
223158,51
223159,0
223160,0
223161,37
223162,35
223163,0
223164,0
223165,0
223166,0
223167,0
223168,40
223169,0
223170,0
223171,0
223172,0
223173,0
223174,0
223175,0
223176,0
223177,24
223178,0
223179,0
223180,28
223181,44
223182,0
223183,0
223184,0
223185,0
223186,0
223187,0
223188,0
223189,0
223190,0
223191,0
223192,0
223193,0
223194,0
223195,0
223196,0
223197,0
223198,0
223199,0
223200,27
223201,0
223202,0
223203,0
223204,0
223205,0
223206,45
223207,0
223208,0
223209,0
223210,0
223211,0
223212,0
223213,34
223214,0
223215,0
223216,0
223217,0
223218,0
223219,0
223220,0
223221,0
223222,0
223223,47
223224,0
223225,36
223226,0
223227,0
223228,35
223229,0
223230,36
223231,0
223232,0
223233,0
223234,0
223235,0
223236,0
223237,0
223238,0
223239,0
223240,0
223241,43
223242,0
223243,28
223244,54
223245,0
223246,0
223247,0
223248,0
223249,0
223250,37
223251,0
223252,0
223253,45
223254,0
223255,0
223256,43
223257,44
223258,38
223259,0
223260,0
223261,36
223262,0
223263,0
223264,0
223265,0
223266,0
223267,0
223268,62
223269,0
223270,0
223271,0
223272,0
223273,0
223274,0
223275,0
223276,0
223277,0
223278,0
223279,0
223280,44
223281,37
223282,0
223283,26
223284,0
223285,0
223286,0
223287,0
223288,28
223289,0
223290,0
223291,0
223292,0
223293,0
223294,0
223295,0
223296,0
223297,0
223298,24
223299,0
223300,0
223301,0
223302,0
223303,45
223304,0
223305,0
223306,0
223307,0
223308,0
223309,37
223310,32
223311,0
223312,0
223313,0
223314,0
223315,0
223316,40
223317,0
223318,0
223319,0
223320,0
223321,0
223322,0
223323,58
223324,0
223325,0
223326,28
223327,0
223328,39
223329,0
223330,0
223331,0
223332,0
223333,0
223334,0
223335,0
223336,0
223337,0
223338,0
223339,0
223340,0
223341,35
223342,0
223343,0
223344,0
223345,42
223346,0
223347,0
223348,57
223349,0
223350,0
223351,43
223352,0
223353,0
223354,0
223355,54
223356,47
223357,38
223358,0
223359,0
223360,0
223361,0
223362,0
223363,0
223364,35
223365,0
223366,35
223367,0
223368,47
223369,0
223370,0
223371,0
223372,0
223373,0
223374,0
223375,40
223376,64
223377,0
223378,0
223379,39
223380,0
223381,0
223382,0
223383,0
223384,0
223385,0
223386,0
223387,0
223388,0
223389,0
223390,0
223391,0
223392,0
223393,41
223394,0
223395,0
223396,0
223397,0
223398,0
223399,0
223400,0
223401,0
223402,35
223403,43
223404,0
223405,0
223406,0
223407,0
223408,35
223409,42
223410,31
223411,33
223412,0
223413,0
223414,0
223415,0
223416,27
223417,0
223418,0
223419,0
223420,0
223421,0
223422,0
223423,0
223424,0
223425,0
223426,0
223427,0
223428,42
223429,0
223430,41
223431,0
223432,0
223433,0
223434,11
223435,0
223436,0
223437,0
223438,13
223439,0
223440,0
223441,0
223442,0
223443,0
223444,0
223445,0
223446,0
223447,0
223448,0
223449,0
223450,17
223451,0
223452,0
223453,0
223454,0
223455,0
223456,0
223457,18
223458,0
223459,0
223460,0
223461,0
223462,0
223463,0
223464,0
223465,20
223466,0
223467,0
223468,0
223469,0
223470,0
223471,0
223472,0
223473,0
223474,0
223475,0
223476,0
223477,0
223478,0
223479,0
223480,14
223481,0
223482,0
223483,0
223484,0
223485,0
223486,18
223487,0
223488,0
223489,0
223490,0
223491,0
223492,12
223493,0
223494,0
223495,0
223496,0
223497,0
223498,0
223499,0
223500,0
223501,0
223502,0
223503,13
223504,0
223505,0
223506,0
223507,19
223508,0
223509,0
223510,0
223511,0
223512,0
223513,0
223514,21
223515,0
223516,0
223517,0
223518,0
223519,0
223520,15
223521,11
223522,0
223523,0
223524,0
223525,0
223526,0
223527,0
223528,0
223529,0
223530,11
223531,0
223532,0
223533,0
223534,0
223535,0
223536,0
223537,0
223538,0
223539,0
223540,0
223541,0
223542,0
223543,0
223544,0
223545,0
223546,0
223547,0
223548,0
223549,0
223550,0
223551,0
223552,0
223553,0
223554,0
223555,0
223556,0
223557,0
223558,0
223559,0
223560,0
223561,0
223562,0
223563,0
223564,0
223565,0
223566,0
223567,0
223568,0
223569,22
223570,0
223571,0
223572,12
223573,0
223574,0
223575,0
223576,0
223577,0
223578,0
223579,0
223580,0
223581,0
223582,0
223583,0
223584,0
223585,19
223586,0
223587,0
223588,0
223589,0
223590,0
223591,0
223592,0
223593,11
223594,0
223595,21
223596,0
223597,0
223598,0
223599,0
223600,0
223601,0
223602,0
223603,22
223604,0
223605,0
223606,0
223607,0
223608,0
223609,0
223610,0
223611,0
223612,0
223613,17
223614,0
223615,10
223616,0
223617,0
223618,0
223619,0
223620,0
223621,0
223622,0
223623,0
223624,0
223625,0
223626,0
223627,0
223628,0
223629,21
223630,0
223631,0
223632,0
223633,21
223634,0
223635,0
223636,0
223637,0
223638,0
223639,25
223640,0
223641,0
223642,0
223643,0
223644,0
223645,0
223646,20
223647,0
223648,0
223649,0
223650,0
223651,0
223652,0
223653,0
223654,0
223655,0
223656,0
223657,0
223658,0
223659,0
223660,0
223661,0
223662,0
223663,0
223664,0
223665,0
223666,0
223667,0
223668,0
223669,0
223670,0
223671,0
223672,0
223673,15
223674,0
223675,19
223676,0
223677,0
223678,0
223679,0
223680,0
223681,0
223682,0
223683,0
223684,17
223685,0
223686,13
223687,0
223688,0
223689,0
223690,0
223691,0
223692,29
223693,0
223694,0
223695,15
223696,0
223697,0
223698,0
223699,0
223700,0
223701,0
223702,0
223703,0
223704,0
223705,0
223706,0
223707,0
223708,0
223709,17
223710,0
223711,17
223712,0
223713,0
223714,24
223715,0
223716,0
223717,17
223718,0
223719,0
223720,21
223721,0
223722,0
223723,0
223724,0
223725,0
223726,0
223727,0
223728,0
223729,0
223730,0
223731,0
223732,0
223733,0
223734,0
223735,0
223736,0
223737,0
223738,0
223739,0
223740,0
223741,0
223742,0
223743,23
223744,0
223745,0
223746,0
223747,0
223748,0
223749,0
223750,0
223751,32
223752,0
223753,0
223754,0
223755,0
223756,0
223757,17
223758,0
223759,0
223760,0
223761,0
223762,0
223763,0
223764,21
223765,0
223766,0
223767,0
223768,0
223769,0
223770,0
223771,0
223772,0
223773,0
223774,40
223775,0
223776,0
223777,0
223778,0
223779,0
223780,0
223781,53
223782,0
223783,0
223784,21
223785,0
223786,0
223787,0
223788,0
223789,0
223790,0
223791,0
223792,0
223793,0
223794,0
223795,25
223796,0
223797,0
223798,27
223799,0
223800,0
223801,0
223802,0
223803,32
223804,0
223805,0
223806,0
223807,0
223808,0
223809,0
223810,0
223811,0
223812,0
223813,0
223814,0
223815,0
223816,0
223817,0
223818,0
223819,0
223820,0
223821,0
223822,0
223823,0
223824,0
223825,52
223826,0
223827,0
223828,0
223829,0
223830,0
223831,26
223832,0
223833,0
223834,0
223835,21
223836,0
223837,0
223838,0
223839,0
223840,0
223841,0
223842,0
223843,0
223844,0
223845,0
223846,0
223847,0
223848,0
223849,0
223850,0
223851,0
223852,0
223853,16
223854,0
223855,0
223856,0
223857,0
223858,0
223859,0
223860,0
223861,0
223862,0
223863,0
223864,0
223865,0
223866,0
223867,0
223868,0
223869,0
223870,0
223871,0
223872,0
223873,0
223874,0
223875,0
223876,0
223877,30
223878,0
223879,0
223880,0
223881,0
223882,0
223883,0
223884,0
223885,0
223886,0
223887,0
223888,0
223889,0
223890,0
223891,0
223892,0
223893,0
223894,0
223895,0
223896,0
223897,0
223898,0
223899,0
223900,0
223901,0
223902,0
223903,0
223904,0
223905,0
223906,0
223907,13
223908,0
223909,0
223910,0
223911,0
223912,0
223913,0
223914,0
223915,0
223916,0
223917,16
223918,0
223919,0
223920,0
223921,0
223922,0
223923,0
223924,0
223925,0
223926,0
223927,0
223928,0
223929,0
223930,0
223931,0
223932,0
223933,0
223934,0
223935,0
223936,0
223937,0
223938,25
223939,0
223940,0
223941,0
223942,0
223943,0
223944,0
223945,0
223946,0
223947,0
223948,0
223949,0
223950,0
223951,0
223952,24
223953,0
223954,0
223955,0
223956,16
223957,0
223958,0
223959,0
223960,0
223961,0
223962,0
223963,0
223964,0
223965,0
223966,0
223967,0
223968,0
223969,0
223970,0
223971,0
223972,0
223973,0
223974,0
223975,0
223976,0
223977,0
223978,0
223979,0
223980,0
223981,0
223982,0
223983,0
223984,0
223985,0
223986,0
223987,0
223988,0
223989,0
223990,0
223991,0
223992,0
223993,0
223994,0
223995,0
223996,0
223997,0
223998,0
223999,0
224000,0
224001,0
224002,0
224003,0
224004,0
224005,0
224006,0
224007,0
224008,0
224009,0
224010,12
224011,0
224012,0
224013,0
224014,0
224015,0
224016,0
224017,0
224018,0
224019,0
224020,0
224021,0
224022,0
224023,0
224024,0
224025,0
224026,0
224027,0
224028,0
224029,0
224030,0
224031,0
224032,0
224033,0
224034,0
224035,0
224036,0
224037,0
224038,0
224039,0
224040,0
224041,0
224042,0
224043,0
224044,0
224045,0
224046,0
224047,0
224048,0
224049,21
224050,0
224051,0
224052,0
224053,0
224054,0
224055,0
224056,0
224057,0
224058,0
224059,0
224060,0
224061,0
224062,0
224063,0
224064,0
224065,19
224066,0
224067,0
224068,0
224069,0
224070,0
224071,19
224072,0
224073,0
224074,0
224075,0
224076,0
224077,0
224078,0
224079,0
224080,0
224081,0
224082,17
224083,0
224084,0
224085,0
224086,0
224087,0
224088,0
224089,0
224090,0
224091,0
224092,0
224093,0
224094,0
224095,0
224096,0
224097,0
224098,0
224099,0
224100,0
224101,0
224102,0
224103,0
224104,0
224105,0
224106,0
224107,0
224108,0
224109,0
224110,0
224111,0
224112,0
224113,0
224114,0
224115,0
224116,0
224117,0
224118,0
224119,0
224120,0
224121,0
224122,0
224123,0
224124,0
224125,0
224126,0
224127,0
224128,0
224129,0
224130,0
224131,0
224132,0
224133,0
224134,0
224135,0
224136,0
224137,0
224138,0
224139,0
224140,0
224141,0
224142,0
224143,0
224144,0
224145,0
224146,0
224147,0
224148,0
224149,0
224150,0
224151,0
224152,0
224153,0
224154,0
224155,0
224156,0
224157,0
224158,0
224159,0
224160,0
224161,0
224162,0
224163,0
224164,0
224165,0
224166,0
224167,0
224168,0
224169,0
224170,0
224171,0
224172,0
224173,0
224174,0
224175,0
224176,0
224177,0
224178,0
224179,0
224180,0
224181,0
224182,0
224183,0
224184,0
224185,0
224186,0
224187,0
224188,0
224189,0
224190,0
224191,0
224192,0
224193,0
224194,0
224195,0
224196,0
224197,0
224198,0
224199,0
224200,0
224201,0
224202,0
224203,0
224204,0
224205,0
224206,0
224207,0
224208,0
224209,0
224210,0
224211,0
224212,0
224213,0
224214,0
224215,0
224216,0
224217,0
224218,12
224219,0
224220,0
224221,0
224222,0
224223,0
224224,0
224225,0
224226,0
224227,0
224228,0
224229,0
224230,0
224231,22
224232,0
224233,0
224234,19
224235,13
224236,0
224237,0
224238,0
224239,0
224240,0
224241,0
224242,0
224243,0
224244,0
224245,0
224246,0
224247,0
224248,0
224249,0
224250,0
224251,0
224252,0
224253,0
224254,14
224255,15
224256,0
224257,0
224258,0
224259,0
224260,0
224261,0
224262,0
224263,0
224264,0
224265,0
224266,0
224267,0
224268,0
224269,0
224270,0
224271,0
224272,0
224273,0
224274,0
224275,0
224276,0
224277,0
224278,0
224279,0
224280,12
224281,0
224282,0
224283,0
224284,0
224285,0
224286,0
224287,0
224288,0
224289,0
224290,0
224291,0
224292,0
224293,0
224294,0
224295,0
224296,0
224297,0
224298,0
224299,0
224300,0
224301,0
224302,0
224303,0
224304,0
224305,0
224306,0
224307,0
224308,0
224309,0
224310,0
224311,25
224312,0
224313,0
224314,0
224315,0
224316,11
224317,0
224318,0
224319,0
224320,0
224321,0
224322,0
224323,0
224324,0
224325,0
224326,0
224327,0
224328,0
224329,0
224330,0
224331,17
224332,0
224333,0
224334,0
224335,0
224336,0
224337,0
224338,21
224339,0
224340,0
224341,0
224342,0
224343,0
224344,0
224345,0
224346,0
224347,0
224348,0
224349,0
224350,0
224351,0
224352,0
224353,0
224354,0
224355,0
224356,0
224357,0
224358,0
224359,0
224360,0
224361,0
224362,0
224363,22
224364,0
224365,0
224366,0
224367,0
224368,0
224369,0
224370,0
224371,0
224372,0
224373,0
224374,0
224375,0
224376,0
224377,0
224378,0
224379,0
224380,0
224381,0
224382,0
224383,0
224384,12
224385,0
224386,0
224387,0
224388,20
224389,0
224390,0
224391,0
224392,0
224393,0
224394,0
224395,0
224396,0
224397,0
224398,0
224399,0
224400,0
224401,0
224402,0
224403,0
224404,0
224405,0
224406,0
224407,0
224408,0
224409,0
224410,0
224411,19
224412,0
224413,0
224414,0
224415,0
224416,0
224417,0
224418,0
224419,0
224420,0
224421,21
224422,0
224423,0
224424,0
224425,0
224426,19
224427,0
224428,0
224429,0
224430,0
224431,0
224432,0
224433,0
224434,0
224435,0
224436,0
224437,0
224438,0
224439,0
224440,0
224441,0
224442,18
224443,0
224444,0
224445,0
224446,0
224447,0
224448,0
224449,0
224450,0
224451,0
224452,0
224453,0
224454,0
224455,0
224456,0
224457,0
224458,21
224459,0
224460,0
224461,0
224462,0
224463,0
224464,0
224465,0
224466,0
224467,0
224468,25
224469,0
224470,0
224471,0
224472,0
224473,0
224474,0
224475,0
224476,0
224477,0
224478,0
224479,0
224480,0
224481,0
224482,0
224483,0
224484,0
224485,0
224486,0
224487,0
224488,0
224489,0
224490,0
224491,0
224492,0
224493,0
224494,0
224495,0
224496,0
224497,0
224498,0
224499,0
224500,0
224501,0
224502,22
224503,0
224504,0
224505,0
224506,0
224507,0
224508,0
224509,0
224510,0
224511,0
224512,0
224513,0
224514,0
224515,0
224516,0
224517,0
224518,0
224519,0
224520,20
224521,0
224522,0
224523,0
224524,0
224525,0
224526,12
224527,0
224528,0
224529,0
224530,0
224531,0
224532,0
224533,0
224534,0
224535,0
224536,0
224537,0
224538,0
224539,0
224540,0
224541,0
224542,0
224543,0
224544,0
224545,0
224546,0
224547,0
224548,0
224549,15
224550,0
224551,0
224552,0
224553,0
224554,0
224555,0
224556,0
224557,0
224558,0
224559,0
224560,0
224561,0
224562,0
224563,0
224564,0
224565,0
224566,0
224567,0
224568,0
224569,0
224570,0
224571,0
224572,0
224573,0
224574,0
224575,0
224576,0
224577,0
224578,0
224579,0
224580,0
224581,0
224582,0
224583,0
224584,0
224585,0
224586,0
224587,0
224588,0
224589,0
224590,0
224591,0
224592,0
224593,0
224594,0
224595,0
224596,0
224597,0
224598,0
224599,0
224600,0
224601,0
224602,0
224603,0
224604,0
224605,0
224606,0
224607,0
224608,0
224609,0
224610,17
224611,0
224612,0
224613,0
224614,0
224615,0
224616,0
224617,0
224618,0
224619,0
224620,0
224621,0
224622,0
224623,0
224624,0
224625,0
224626,0
224627,0
224628,0
224629,15
224630,0
224631,12
224632,0
224633,0
224634,0
224635,0
224636,0
224637,0
224638,0
224639,0
224640,0
224641,0
224642,0
224643,0
224644,19
224645,0
224646,0
224647,0
224648,0
224649,0
224650,0
224651,0
224652,0
224653,0
224654,0
224655,0
224656,0
224657,11
224658,0
224659,0
224660,0
224661,0
224662,0
224663,0
224664,0
224665,0
224666,0
224667,0
224668,0
224669,0
224670,0
224671,0
224672,0
224673,0
224674,0
224675,0
224676,0
224677,0
224678,0
224679,0
224680,0
224681,0
224682,0
224683,0
224684,0
224685,0
224686,0
224687,0
224688,0
224689,0
224690,0
224691,0
224692,0
224693,0
224694,7
224695,0
224696,0
224697,10
224698,0
224699,9
224700,0
224701,0
224702,0
224703,11
224704,0
224705,0
224706,0
224707,0
224708,17
224709,0
224710,0
224711,0
224712,0
224713,0
224714,0
224715,0
224716,0
224717,0
224718,0
224719,0
224720,0
224721,0
224722,0
224723,0
224724,0
224725,0
224726,0
224727,0
224728,0
224729,0
224730,0
224731,13
224732,0
224733,0
224734,0
224735,0
224736,0
224737,12
224738,9
224739,0
224740,0
224741,0
224742,0
224743,0
224744,0
224745,0
224746,0
224747,0
224748,0
224749,0
224750,0
224751,0
224752,0
224753,0
224754,0
224755,0
224756,0
224757,0
224758,0
224759,0
224760,0
224761,0
224762,0
224763,0
224764,10
224765,0
224766,0
224767,0
224768,0
224769,0
224770,0
224771,0
224772,0
224773,6
224774,0
224775,0
224776,0
224777,0
224778,0
224779,0
224780,7
224781,13
224782,0
224783,0
224784,0
224785,0
224786,0
224787,0
224788,0
224789,0
224790,0
224791,0
224792,0
224793,0
224794,0
224795,0
224796,0
224797,6
224798,0
224799,0
224800,0
224801,0
224802,0
224803,0
224804,0
224805,0
224806,0
224807,0
224808,0
224809,0
224810,0
224811,0
224812,0
224813,0
224814,0
224815,0
224816,0
224817,10
224818,0
224819,0
224820,0
224821,0
224822,0
224823,7
224824,0
224825,0
224826,0
224827,5
224828,0
224829,0
224830,0
224831,6
224832,0
224833,9
224834,0
224835,0
224836,0
224837,0
224838,0
224839,0
224840,0
224841,0
224842,0
224843,0
224844,0
224845,0
224846,0
224847,0
224848,0
224849,0
224850,0
224851,6
224852,0
224853,7
224854,0
224855,0
224856,11
224857,0
224858,0
224859,0
224860,0
224861,0
224862,0
224863,0
224864,0
224865,0
224866,0
224867,0
224868,0
224869,0
224870,0
224871,0
224872,0
224873,0
224874,0
224875,0
224876,0
224877,0
224878,0
224879,0
224880,14
224881,0
224882,0
224883,0
224884,0
224885,0
224886,0
224887,0
224888,0
224889,0
224890,0
224891,0
224892,0
224893,0
224894,0
224895,0
224896,12
224897,0
224898,0
224899,0
224900,0
224901,0
224902,0
224903,0
224904,0
224905,0
224906,0
224907,0
224908,0
224909,0
224910,0
224911,0
224912,0
224913,0
224914,0
224915,0
224916,0
224917,0
224918,0
224919,0
224920,0
224921,0
224922,0
224923,0
224924,0
224925,0
224926,0
224927,0
224928,0
224929,0
224930,0
224931,0
224932,0
224933,0
224934,0
224935,0
224936,0
224937,0
224938,0
224939,0
224940,0
224941,0
224942,0
224943,0
224944,0
224945,0
224946,0
224947,0
224948,0
224949,0
224950,0
224951,41
224952,0
224953,0
224954,0
224955,0
224956,0
224957,0
224958,39
224959,0
224960,0
224961,0
224962,0
224963,0
224964,0
224965,0
224966,0
224967,0
224968,0
224969,0
224970,0
224971,0
224972,0
224973,0
224974,0
224975,0
224976,0
224977,0
224978,0
224979,0
224980,0
224981,0
224982,0
224983,0
224984,0
224985,0
224986,29
224987,0
224988,0
224989,0
224990,0
224991,0
224992,0
224993,37
224994,0
224995,0
224996,0
224997,0
224998,26
224999,0
225000,0
225001,0
225002,0
225003,0
225004,0
225005,0
225006,0
225007,0
225008,0
225009,0
225010,0
225011,0
225012,0
225013,0
225014,0
225015,0
225016,0
225017,0
225018,0
225019,0
225020,0
225021,0
225022,0
225023,0
225024,0
225025,0
225026,0
225027,0
225028,0
225029,0
225030,0
225031,0
225032,0
225033,0
225034,41
225035,0
225036,0
225037,0
225038,0
225039,0
225040,41
225041,0
225042,0
225043,0
225044,0
225045,0
225046,0
225047,0
225048,0
225049,0
225050,0
225051,0
225052,0
225053,0
225054,0
225055,0
225056,0
225057,0
225058,0
225059,0
225060,0
225061,0
225062,0
225063,0
225064,0
225065,0
225066,0
225067,0
225068,0
225069,0
225070,0
225071,0
225072,0
225073,0
225074,0
225075,0
225076,18
225077,0
225078,19
225079,16
225080,0
225081,22
225082,0
225083,15
225084,0
225085,0
225086,0
225087,0
225088,0
225089,0
225090,0
225091,0
225092,0
225093,0
225094,0
225095,0
225096,0
225097,18
225098,0
225099,0
225100,0
225101,0
225102,0
225103,0
225104,0
225105,0
225106,0
225107,14
225108,0
225109,0
225110,0
225111,0
225112,0
225113,0
225114,0
225115,0
225116,20
225117,0
225118,0
225119,0
225120,0
225121,0
225122,0
225123,0
225124,0
225125,13
225126,0
225127,0
225128,0
225129,9
225130,0
225131,11
225132,0
225133,0
225134,19
225135,35
225136,0
225137,34
225138,0
225139,0
225140,0
225141,51
225142,26
225143,30
225144,0
225145,0
225146,0
225147,0
225148,29
225149,0
225150,0
225151,0
225152,0
225153,0
225154,0
225155,0
225156,0
225157,0
225158,0
225159,0
225160,38
225161,21
225162,0
225163,48
225164,27
225165,0
225166,40
225167,0
225168,0
225169,0
225170,0
225171,0
225172,0
225173,41
225174,0
225175,0
225176,0
225177,0
225178,0
225179,45
225180,0
225181,0
225182,0
225183,0
225184,19
225185,20
225186,0
225187,0
225188,0
225189,0
225190,0
225191,0
225192,0
225193,0
225194,0
225195,0
225196,0
225197,0
225198,52
225199,0
225200,0
225201,0
225202,0
225203,38
225204,0
225205,28
225206,0
225207,41
225208,0
225209,0
225210,0
225211,23
225212,0
225213,36
225214,0
225215,0
225216,0
225217,47
225218,0
225219,0
225220,28
225221,0
225222,0
225223,0
225224,0
225225,0
225226,0
225227,0
225228,31
225229,35
225230,0
225231,0
225232,21
225233,0
225234,0
225235,0
225236,0
225237,0
225238,0
225239,0
225240,20
225241,0
225242,0
225243,23
225244,37
225245,0
225246,0
225247,0
225248,0
225249,0
225250,0
225251,35
225252,27
225253,0
225254,40
225255,0
225256,38
225257,32
225258,0
225259,0
225260,0
225261,35
225262,49
225263,28
225264,36
225265,0
225266,0
225267,0
225268,45
225269,0
225270,0
225271,0
225272,0
225273,0
225274,0
225275,0
225276,16
225277,0
225278,0
225279,28
225280,39
225281,0
225282,0
225283,0
225284,34
225285,0
225286,0
225287,0
225288,0
225289,0
225290,13
225291,33
225292,0
225293,28
225294,0
225295,42
225296,0
225297,0
225298,39
225299,0
225300,6
225301,0
225302,0
225303,0
225304,0
225305,0
225306,0
225307,0
225308,22
225309,0
225310,0
225311,0
225312,0
225313,0
225314,0
225315,0
225316,35
225317,21
225318,0
225319,20
225320,0
225321,0
225322,0
225323,0
225324,33
225325,38
225326,0
225327,0
225328,33
225329,0
225330,0
225331,0
225332,0
225333,37
225334,26
225335,0
225336,0
225337,0
225338,0
225339,0
225340,0
225341,0
225342,0
225343,0
225344,0
225345,0
225346,27
225347,0
225348,0
225349,0
225350,0
225351,0
225352,0
225353,0
225354,0
225355,0
225356,0
225357,0
225358,38
225359,0
225360,0
225361,0
225362,58
225363,0
225364,0
225365,0
225366,0
225367,0
225368,0
225369,0
225370,0
225371,0
225372,25
225373,0
225374,0
225375,30
225376,0
225377,0
225378,25
225379,18
225380,39
225381,0
225382,0
225383,0
225384,0
225385,0
225386,26
225387,26
225388,0
225389,34
225390,0
225391,0
225392,0
225393,0
225394,35
225395,28
225396,0
225397,0
225398,0
225399,35
225400,0
225401,0
225402,0
225403,0
225404,0
225405,0
225406,0
225407,0
225408,28
225409,54
225410,32
225411,0
225412,50
225413,0
225414,0
225415,0
225416,0
225417,25
225418,0
225419,35
225420,30
225421,0
225422,0
225423,30
225424,0
225425,0
225426,0
225427,0
225428,0
225429,0
225430,0
225431,0
225432,0
225433,0
225434,0
225435,0
225436,0
225437,0
225438,0
225439,0
225440,0
225441,0
225442,0
225443,0
225444,0
225445,0
225446,25
225447,0
225448,0
225449,0
225450,0
225451,0
225452,0
225453,0
225454,0
225455,0
225456,0
225457,0
225458,18
225459,0
225460,0
225461,0
225462,0
225463,0
225464,0
225465,0
225466,0
225467,0
225468,20
225469,0
225470,0
225471,0
225472,0
225473,0
225474,0
225475,0
225476,0
225477,0
225478,0
225479,0
225480,0
225481,0
225482,0
225483,0
225484,0
225485,0
225486,0
225487,0
225488,0
225489,0
225490,0
225491,12
225492,0
225493,0
225494,0
225495,0
225496,0
225497,0
225498,0
225499,0
225500,0
225501,0
225502,18
225503,0
225504,0
225505,0
225506,0
225507,28
225508,0
225509,0
225510,0
225511,0
225512,0
225513,0
225514,0
225515,0
225516,0
225517,23
225518,0
225519,0
225520,0
225521,0
225522,0
225523,0
225524,0
225525,0
225526,16
225527,0
225528,0
225529,29
225530,0
225531,0
225532,0
225533,0
225534,0
225535,0
225536,0
225537,0
225538,0
225539,0
225540,0
225541,0
225542,0
225543,0
225544,0
225545,0
225546,0
225547,0
225548,0
225549,0
225550,0
225551,0
225552,0
225553,0
225554,0
225555,0
225556,24
225557,0
225558,0
225559,0
225560,31
225561,0
225562,0
225563,0
225564,0
225565,0
225566,0
225567,0
225568,0
225569,0
225570,0
225571,0
225572,0
225573,0
225574,0
225575,0
225576,0
225577,0
225578,0
225579,0
225580,0
225581,0
225582,0
225583,0
225584,0
225585,0
225586,0
225587,0
225588,0
225589,20
225590,0
225591,0
225592,0
225593,0
225594,0
225595,0
225596,0
225597,0
225598,0
225599,0
225600,0
225601,0
225602,0
225603,0
225604,0
225605,0
225606,0
225607,0
225608,0
225609,0
225610,0
225611,0
225612,0
225613,0
225614,0
225615,0
225616,0
225617,0
225618,0
225619,0
225620,0
225621,0
225622,0
225623,0
225624,0
225625,0
225626,0
225627,0
225628,0
225629,0
225630,0
225631,0
225632,0
225633,0
225634,0
225635,0
225636,0
225637,0
225638,0
225639,0
225640,22
225641,0
225642,0
225643,0
225644,0
225645,0
225646,0
225647,0
225648,0
225649,20
225650,0
225651,0
225652,0
225653,30
225654,0
225655,0
225656,0
225657,0
225658,0
225659,0
225660,21
225661,0
225662,0
225663,21
225664,0
225665,17
225666,0
225667,0
225668,0
225669,24
225670,17
225671,0
225672,0
225673,0
225674,0
225675,0
225676,0
225677,0
225678,0
225679,26
225680,30
225681,35
225682,0
225683,0
225684,0
225685,0
225686,0
225687,0
225688,0
225689,47
225690,0
225691,0
225692,21
225693,0
225694,13
225695,18
225696,0
225697,0
225698,0
225699,0
225700,0
225701,37
225702,0
225703,0
225704,0
225705,0
225706,0
225707,0
225708,7
225709,21
225710,16
225711,0
225712,0
225713,0
225714,0
225715,18
225716,0
225717,0
225718,19
225719,23
225720,17
225721,0
225722,0
225723,0
225724,0
225725,0
225726,7
225727,26
225728,0
225729,0
225730,0
225731,0
225732,14
225733,0
225734,0
225735,0
225736,0
225737,0
225738,0
225739,0
225740,0
225741,0
225742,14
225743,0
225744,0
225745,0
225746,13
225747,0
225748,0
225749,0
225750,0
225751,0
225752,6
225753,0
225754,32
225755,0
225756,0
225757,0
225758,30
225759,0
225760,0
225761,28
225762,0
225763,0
225764,0
225765,0
225766,0
225767,19
225768,0
225769,40
225770,0
225771,0
225772,0
225773,0
225774,0
225775,29
225776,19
225777,0
225778,0
225779,23
225780,0
225781,0
225782,0
225783,0
225784,0
225785,0
225786,0
225787,0
225788,15
225789,0
225790,0
225791,15
225792,0
225793,0
225794,0
225795,0
225796,21
225797,0
225798,21
225799,7
225800,20
225801,25
225802,16
225803,0
225804,0
225805,17
225806,0
225807,0
225808,0
225809,14
225810,0
225811,0
225812,37
225813,0
225814,0
225815,0
225816,0
225817,0
225818,28
225819,0
225820,0
225821,0
225822,0
225823,0
225824,12
225825,0
225826,0
225827,18
225828,32
225829,0
225830,0
225831,0
225832,0
225833,0
225834,0
225835,0
225836,0
225837,0
225838,0
225839,0
225840,0
225841,0
225842,18
225843,11
225844,0
225845,20
225846,20
225847,0
225848,0
225849,0
225850,0
225851,0
225852,16
225853,25
225854,0
225855,0
225856,0
225857,0
225858,18
225859,10
225860,19
225861,12
225862,19
225863,0
225864,0
225865,0
225866,0
225867,0
225868,0
225869,0
225870,22
225871,0
225872,22
225873,0
225874,16
225875,10
225876,0
225877,19
225878,0
225879,15
225880,30
225881,29
225882,0
225883,30
225884,0
225885,13
225886,0
225887,0
225888,17
225889,22
225890,0
225891,0
225892,0
225893,0
225894,0
225895,0
225896,0
225897,18
225898,15
225899,18
225900,0
225901,0
225902,0
225903,20
225904,0
225905,0
225906,0
225907,12
225908,32
225909,0
225910,13
225911,7
225912,0
225913,0
225914,0
225915,17
225916,0
225917,29
225918,18
225919,36
225920,0
225921,0
225922,0
225923,0
225924,0
225925,0
225926,0
225927,0
225928,0
225929,0
225930,11
225931,0
225932,22
225933,0
225934,0
225935,0
225936,0
225937,15
225938,23
225939,0
225940,0
225941,0
225942,0
225943,0
225944,28
225945,0
225946,0
225947,24
225948,0
225949,0
225950,12
225951,25
225952,0
225953,6
225954,0
225955,0
225956,0
225957,0
225958,0
225959,23
225960,0
225961,0
225962,0
225963,0
225964,16
225965,0
225966,0
225967,0
225968,0
225969,0
225970,0
225971,0
225972,0
225973,0
225974,0
225975,0
225976,0
225977,7
225978,0
225979,0
225980,25
225981,39
225982,0
225983,0
225984,0
225985,14
225986,0
225987,0
225988,0
225989,0
225990,0
225991,0
225992,18
225993,33
225994,0
225995,0
225996,0
225997,0
225998,0
225999,0
226000,0
226001,0
226002,0
226003,0
226004,0
226005,0
226006,0
226007,8
226008,0
226009,23
226010,0
226011,0
226012,26
226013,0
226014,0
226015,0
226016,0
226017,0
226018,18
226019,0
226020,15
226021,0
226022,0
226023,0
226024,0
226025,22
226026,0
226027,0
226028,30
226029,19
226030,0
226031,0
226032,0
226033,0
226034,11
226035,0
226036,0
226037,0
226038,0
226039,18
226040,25
226041,0
226042,0
226043,0
226044,0
226045,18
226046,18
226047,0
226048,0
226049,0
226050,0
226051,0
226052,0
226053,0
226054,0
226055,0
226056,0
226057,0
226058,18
226059,0
226060,23
226061,12
226062,13
226063,0
226064,17
226065,11
226066,0
226067,0
226068,0
226069,0
226070,0
226071,0
226072,0
226073,0
226074,0
226075,0
226076,0
226077,0
226078,0
226079,0
226080,0
226081,0
226082,0
226083,0
226084,0
226085,14
226086,23
226087,25
226088,0
226089,26
226090,31
226091,12
226092,0
226093,0
226094,0
226095,0
226096,0
226097,20
226098,0
226099,0
226100,0
226101,0
226102,0
226103,0
226104,14
226105,0
226106,0
226107,0
226108,0
226109,0
226110,15
226111,0
226112,0
226113,0
226114,14
226115,0
226116,0
226117,0
226118,29
226119,0
226120,0
226121,0
226122,0
226123,0
226124,0
226125,0
226126,0
226127,0
226128,0
226129,0
226130,0
226131,22
226132,0
226133,0
226134,0
226135,0
226136,0
226137,0
226138,0
226139,0
226140,0
226141,0
226142,0
226143,36
226144,0
226145,0
226146,0
226147,0
226148,0
226149,0
226150,0
226151,17
226152,10
226153,0
226154,0
226155,0
226156,0
226157,0
226158,0
226159,0
226160,0
226161,38
226162,26
226163,13
226164,0
226165,0
226166,20
226167,16
226168,0
226169,22
226170,0
226171,0
226172,14
226173,0
226174,0
226175,9
226176,0
226177,8
226178,0
226179,0
226180,0
226181,0
226182,0
226183,29
226184,0
226185,15
226186,0
226187,0
226188,0
226189,0
226190,0
226191,0
226192,16
226193,0
226194,0
226195,27
226196,0
226197,0
226198,0
226199,0
226200,0
226201,0
226202,21
226203,0
226204,0
226205,0
226206,0
226207,0
226208,0
226209,0
226210,0
226211,0
226212,0
226213,0
226214,0
226215,0
226216,0
226217,0
226218,0
226219,14
226220,21
226221,17
226222,0
226223,20
226224,0
226225,0
226226,31
226227,0
226228,0
226229,0
226230,0
226231,0
226232,0
226233,0
226234,0
226235,0
226236,0
226237,9
226238,17
226239,0
226240,0
226241,0
226242,0
226243,0
226244,0
226245,0
226246,0
226247,0
226248,0
226249,0
226250,12
226251,0
226252,18
226253,0
226254,0
226255,0
226256,0
226257,0
226258,16
226259,0
226260,0
226261,0
226262,28
226263,0
226264,0
226265,0
226266,0
226267,0
226268,0
226269,24
226270,0
226271,0
226272,0
226273,0
226274,0
226275,15
226276,0
226277,7
226278,0
226279,0
226280,0
226281,0
226282,25
226283,0
226284,0
226285,0
226286,0
226287,0
226288,22
226289,0
226290,0
226291,0
226292,0
226293,0
226294,0
226295,0
226296,0
226297,0
226298,0
226299,0
226300,0
226301,0
226302,0
226303,0
226304,17
226305,0
226306,17
226307,0
226308,0
226309,0
226310,0
226311,0
226312,0
226313,27
226314,0
226315,0
226316,0
226317,0
226318,0
226319,0
226320,0
226321,0
226322,16
226323,0
226324,0
226325,0
226326,0
226327,0
226328,0
226329,19
226330,0
226331,0
226332,8
226333,21
226334,0
226335,0
226336,0
226337,0
226338,23
226339,0
226340,20
226341,21
226342,0
226343,0
226344,0
226345,0
226346,0
226347,10
226348,0
226349,0
226350,19
226351,0
226352,0
226353,0
226354,0
226355,0
226356,0
226357,14
226358,0
226359,0
226360,0
226361,17
226362,0
226363,0
226364,0
226365,0
226366,0
226367,0
226368,0
226369,0
226370,0
226371,0
226372,0
226373,0
226374,18
226375,0
226376,0
226377,0
226378,19
226379,5
226380,0
226381,30
226382,19
226383,0
226384,28
226385,0
226386,0
226387,0
226388,0
226389,0
226390,0
226391,19
226392,0
226393,0
226394,0
226395,29
226396,0
226397,0
226398,0
226399,27
226400,0
226401,0
226402,0
226403,0
226404,19
226405,0
226406,0
226407,0
226408,0
226409,0
226410,27
226411,30
226412,19
226413,0
226414,22
226415,0
226416,12
226417,0
226418,0
226419,17
226420,0
226421,21
226422,15
226423,27
226424,0
226425,0
226426,12
226427,18
226428,0
226429,0
226430,0
226431,0
226432,0
226433,0
226434,16
226435,0
226436,0
226437,0
226438,0
226439,0
226440,0
226441,0
226442,0
226443,0
226444,10
226445,0
226446,0
226447,21
226448,21
226449,0
226450,0
226451,0
226452,0
226453,15
226454,18
226455,0
226456,0
226457,0
226458,0
226459,11
226460,0
226461,0
226462,0
226463,0
226464,0
226465,0
226466,0
226467,24
226468,0
226469,0
226470,25
226471,17
226472,9
226473,0
226474,9
226475,0
226476,0
226477,0
226478,9
226479,18
226480,0
226481,0
226482,39
226483,0
226484,31
226485,35
226486,0
226487,28
226488,13
226489,0
226490,5
226491,0
226492,0
226493,0
226494,0
226495,0
226496,0
226497,0
226498,0
226499,0
226500,0
226501,0
226502,0
226503,0
226504,0
226505,0
226506,0
226507,0
226508,0
226509,0
226510,0
226511,0
226512,0
226513,1
226514,0
226515,0
226516,0
226517,0
226518,0
226519,0
226520,0
226521,0
226522,0
226523,0
226524,0
226525,0
226526,0
226527,0
226528,0
226529,0
226530,0
226531,0
226532,0
226533,0
226534,0
226535,0
226536,0
226537,0
226538,0
226539,0
226540,0
226541,0
226542,0
226543,0
226544,0
226545,3
226546,0
226547,0
226548,0
226549,5
226550,0
226551,0
226552,0
226553,0
226554,0
226555,0
226556,0
226557,0
226558,0
226559,0
226560,0
226561,0
226562,0
226563,2
226564,0
226565,6
226566,4
226567,0
226568,0
226569,0
226570,0
226571,0
226572,0
226573,0
226574,0
226575,0
226576,0
226577,0
226578,0
226579,0
226580,0
226581,0
226582,2
226583,3
226584,0
226585,0
226586,0
226587,0
226588,0
226589,0
226590,0
226591,0
226592,0
226593,0
226594,0
226595,3
226596,0
226597,0
226598,0
226599,0
226600,0
226601,0
226602,0
226603,0
226604,0
226605,0
226606,0
226607,0
226608,0
226609,0
226610,0
226611,3
226612,5
226613,0
226614,0
226615,0
226616,0
226617,0
226618,0
226619,0
226620,0
226621,1
226622,0
226623,0
226624,0
226625,0
226626,0
226627,0
226628,0
226629,0
226630,0
226631,0
226632,0
226633,0
226634,0
226635,0
226636,0
226637,0
226638,0
226639,0
226640,0
226641,0
226642,0
226643,0
226644,0
226645,0
226646,0
226647,0
226648,3
226649,0
226650,0
226651,0
226652,0
226653,0
226654,0
226655,0
226656,0
226657,0
226658,0
226659,0
226660,0
226661,0
226662,0
226663,0
226664,0
226665,0
226666,0
226667,0
226668,0
226669,0
226670,0
226671,0
226672,0
226673,0
226674,0
226675,0
226676,0
226677,0
226678,0
226679,0
226680,0
226681,0
226682,0
226683,0
226684,0
226685,0
226686,0
226687,0
226688,0
226689,0
226690,0
226691,0
226692,0
226693,0
226694,0
226695,0
226696,4
226697,1
226698,0
226699,0
226700,0
226701,0
226702,0
226703,5
226704,0
226705,4
226706,0
226707,0
226708,0
226709,0
226710,0
226711,0
226712,0
226713,0
226714,0
226715,0
226716,0
226717,0
226718,0
226719,0
226720,7
226721,0
226722,0
226723,0
226724,3
226725,0
226726,0
226727,0
226728,0
226729,0
226730,0
226731,0
226732,0
226733,0
226734,0
226735,0
226736,0
226737,0
226738,0
226739,0
226740,0
226741,0
226742,0
226743,0
226744,0
226745,0
226746,0
226747,0
226748,0
226749,0
226750,0
226751,0
226752,0
226753,2
226754,0
226755,0
226756,0
226757,0
226758,2
226759,7
226760,0
226761,0
226762,0
226763,0
226764,0
226765,0
226766,0
226767,0
226768,5
226769,0
226770,0
226771,0
226772,0
226773,2
226774,0
226775,0
226776,0
226777,0
226778,0
226779,0
226780,0
226781,0
226782,0
226783,0
226784,0
226785,2
226786,0
226787,0
226788,0
226789,0
226790,0
226791,0
226792,5
226793,0
226794,0
226795,9
226796,10
226797,0
226798,0
226799,0
226800,0
226801,7
226802,0
226803,8
226804,0
226805,10
226806,7
226807,0
226808,0
226809,11
226810,0
226811,0
226812,14
226813,0
226814,0
226815,4
226816,10
226817,0
226818,0
226819,13
226820,0
226821,0
226822,7
226823,0
226824,0
226825,0
226826,0
226827,12
226828,0
226829,0
226830,0
226831,0
226832,6
226833,8
226834,0
226835,0
226836,0
226837,0
226838,7
226839,0
226840,0
226841,0
226842,9
226843,0
226844,9
226845,0
226846,0
226847,0
226848,13
226849,0
226850,0
226851,12
226852,0
226853,0
226854,0
226855,0
226856,0
226857,0
226858,0
226859,0
226860,0
226861,12
226862,0
226863,6
226864,18
226865,0
226866,0
226867,0
226868,0
226869,16
226870,0
226871,0
226872,0
226873,0
226874,0
226875,8
226876,14
226877,0
226878,0
226879,0
226880,0
226881,0
226882,0
226883,7
226884,12
226885,0
226886,0
226887,0
226888,0
226889,0
226890,9
226891,15
226892,0
226893,6
226894,0
226895,0
226896,9
226897,0
226898,0
226899,8
226900,10
226901,0
226902,8
226903,0
226904,0
226905,0
226906,11
226907,17
226908,0
226909,0
226910,0
226911,0
226912,19
226913,8
226914,0
226915,11
226916,0
226917,0
226918,0
226919,0
226920,8
226921,0
226922,0
226923,8
226924,0
226925,0
226926,0
226927,0
226928,0
226929,9
226930,15
226931,11
226932,0
226933,0
226934,9
226935,8
226936,0
226937,0
226938,0
226939,0
226940,12
226941,0
226942,0
226943,4
226944,0
226945,7
226946,0
226947,10
226948,0
226949,0
226950,0
226951,0
226952,0
226953,10
226954,11
226955,0
226956,0
226957,0
226958,0
226959,0
226960,9
226961,0
226962,2
226963,7
226964,0
226965,0
226966,0
226967,9
226968,0
226969,0
226970,0
226971,0
226972,0
226973,0
226974,0
226975,5
226976,0
226977,0
226978,0
226979,0
226980,0
226981,0
226982,18
226983,0
226984,0
226985,0
226986,0
226987,10
226988,0
226989,0
226990,15
226991,0
226992,13
226993,0
226994,0
226995,6
226996,13
226997,6
226998,0
226999,14
227000,0
227001,0
227002,0
227003,0
227004,0
227005,12
227006,0
227007,0
227008,0
227009,5
227010,0
227011,6
227012,15
227013,0
227014,0
227015,0
227016,0
227017,0
227018,0
227019,0
227020,0
227021,0
227022,0
227023,0
227024,0
227025,0
227026,0
227027,0
227028,4
227029,0
227030,2
227031,0
227032,0
227033,0
227034,0
227035,7
227036,0
227037,9
227038,2
227039,0
227040,9
227041,14
227042,0
227043,0
227044,0
227045,0
227046,0
227047,4
227048,0
227049,0
227050,6
227051,11
227052,0
227053,7
227054,0
227055,0
227056,0
227057,0
227058,0
227059,0
227060,0
227061,0
227062,0
227063,8
227064,0
227065,5
227066,0
227067,0
227068,5
227069,4
227070,0
227071,0
227072,0
227073,0
227074,0
227075,0
227076,0
227077,0
227078,0
227079,0
227080,0
227081,0
227082,0
227083,0
227084,13
227085,0
227086,0
227087,0
227088,0
227089,0
227090,5
227091,5
227092,2
227093,0
227094,0
227095,0
227096,6
227097,0
227098,8
227099,0
227100,0
227101,0
227102,0
227103,0
227104,18
227105,0
227106,0
227107,0
227108,13
227109,7
227110,0
227111,0
227112,0
227113,11
227114,14
227115,0
227116,0
227117,0
227118,11
227119,0
227120,0
227121,0
227122,4
227123,0
227124,10
227125,9
227126,0
227127,0
227128,0
227129,0
227130,10
227131,0
227132,3
227133,0
227134,0
227135,0
227136,8
227137,16
227138,0
227139,0
227140,9
227141,0
227142,8
227143,8
227144,0
227145,0
227146,0
227147,7
227148,6
227149,6
227150,0
227151,0
227152,11
227153,0
227154,0
227155,0
227156,15
227157,0
227158,0
227159,0
227160,10
227161,0
227162,0
227163,0
227164,0
227165,0
227166,0
227167,0
227168,19
227169,0
227170,0
227171,0
227172,0
227173,0
227174,0
227175,0
227176,0
227177,0
227178,0
227179,0
227180,11
227181,0
227182,0
227183,0
227184,0
227185,0
227186,0
227187,0
227188,0
227189,0
227190,0
227191,0
227192,0
227193,0
227194,0
227195,0
227196,0
227197,0
227198,0
227199,0
227200,0
227201,0
227202,0
227203,0
227204,0
227205,0
227206,0
227207,0
227208,0
227209,0
227210,0
227211,0
227212,0
227213,0
227214,0
227215,0
227216,0
227217,0
227218,0
227219,0
227220,0
227221,0
227222,7
227223,0
227224,0
227225,0
227226,12
227227,0
227228,0
227229,0
227230,0
227231,0
227232,10
227233,0
227234,0
227235,0
227236,0
227237,0
227238,0
227239,0
227240,0
227241,0
227242,0
227243,0
227244,0
227245,0
227246,0
227247,0
227248,0
227249,0
227250,0
227251,0
227252,0
227253,0
227254,2
227255,0
227256,0
227257,0
227258,0
227259,0
227260,0
227261,0
227262,0
227263,0
227264,0
227265,0
227266,0
227267,0
227268,0
227269,0
227270,0
227271,0
227272,10
227273,0
227274,0
227275,0
227276,0
227277,0
227278,0
227279,0
227280,0
227281,0
227282,0
227283,0
227284,0
227285,0
227286,0
227287,0
227288,0
227289,0
227290,14
227291,0
227292,0
227293,0
227294,0
227295,0
227296,0
227297,0
227298,0
227299,0
227300,0
227301,0
227302,0
227303,0
227304,0
227305,0
227306,0
227307,0
227308,0
227309,0
227310,0
227311,0
227312,0
227313,0
227314,0
227315,0
227316,0
227317,0
227318,0
227319,11
227320,0
227321,5
227322,0
227323,15
227324,0
227325,0
227326,0
227327,0
227328,0
227329,14
227330,2
227331,0
227332,0
227333,0
227334,0
227335,0
227336,0
227337,0
227338,0
227339,0
227340,0
227341,0
227342,0
227343,0
227344,0
227345,15
227346,0
227347,0
227348,0
227349,0
227350,0
227351,0
227352,0
227353,0
227354,0
227355,0
227356,0
227357,0
227358,0
227359,0
227360,0
227361,0
227362,0
227363,0
227364,0
227365,0
227366,0
227367,0
227368,0
227369,0
227370,0
227371,7
227372,0
227373,6
227374,0
227375,9
227376,0
227377,19
227378,0
227379,0
227380,7
227381,0
227382,0
227383,0
227384,0
227385,0
227386,0
227387,0
227388,11
227389,0
227390,0
227391,0
227392,0
227393,0
227394,7
227395,0
227396,11
227397,0
227398,0
227399,0
227400,0
227401,0
227402,0
227403,0
227404,0
227405,0
227406,0
227407,0
227408,0
227409,0
227410,0
227411,0
227412,11
227413,8
227414,0
227415,0
227416,0
227417,0
227418,0
227419,0
227420,0
227421,0
227422,5
227423,0
227424,0
227425,0
227426,0
227427,0
227428,0
227429,0
227430,0
227431,0
227432,0
227433,0
227434,0
227435,0
227436,0
227437,0
227438,0
227439,4
227440,0
227441,0
227442,0
227443,0
227444,0
227445,0
227446,0
227447,0
227448,0
227449,10
227450,0
227451,0
227452,0
227453,0
227454,0
227455,0
227456,0
227457,0
227458,0
227459,0
227460,5
227461,0
227462,12
227463,0
227464,0
227465,0
227466,0
227467,0
227468,0
227469,0
227470,0
227471,0
227472,0
227473,0
227474,0
227475,0
227476,0
227477,0
227478,0
227479,0
227480,0
227481,0
227482,0
227483,0
227484,0
227485,0
227486,0
227487,0
227488,0
227489,0
227490,0
227491,0
227492,0
227493,0
227494,0
227495,0
227496,0
227497,8
227498,0
227499,0
227500,0
227501,0
227502,0
227503,0
227504,0
227505,4
227506,0
227507,0
227508,0
227509,0
227510,0
227511,0
227512,0
227513,0
227514,0
227515,0
227516,0
227517,0
227518,0
227519,0
227520,0
227521,0
227522,0
227523,0
227524,0
227525,0
227526,0
227527,0
227528,0
227529,0
227530,0
227531,0
227532,0
227533,0
227534,0
227535,0
227536,0
227537,0
227538,0
227539,0
227540,0
227541,0
227542,0
227543,0
227544,0
227545,0
227546,0
227547,19
227548,0
227549,0
227550,0
227551,0
227552,0
227553,0
227554,0
227555,0
227556,0
227557,0
227558,0
227559,0
227560,0
227561,0
227562,12
227563,0
227564,0
227565,0
227566,13
227567,0
227568,0
227569,0
227570,0
227571,0
227572,0
227573,0
227574,0
227575,15
227576,5
227577,0
227578,0
227579,0
227580,0
227581,0
227582,10
227583,7
227584,0
227585,0
227586,0
227587,0
227588,0
227589,0
227590,0
227591,0
227592,0
227593,0
227594,0
227595,0
227596,0
227597,0
227598,0
227599,0
227600,0
227601,0
227602,0
227603,0
227604,0
227605,0
227606,1
227607,0
227608,5
227609,0
227610,0
227611,0
227612,0
227613,0
227614,0
227615,0
227616,0
227617,0
227618,0
227619,0
227620,0
227621,0
227622,27
227623,0
227624,42
227625,25
227626,0
227627,0
227628,26
227629,28
227630,27
227631,23
227632,0
227633,23
227634,0
227635,0
227636,0
227637,0
227638,0
227639,0
227640,0
227641,0
227642,0
227643,23
227644,0
227645,0
227646,0
227647,0
227648,0
227649,0
227650,0
227651,0
227652,0
227653,0
227654,0
227655,18
227656,0
227657,0
227658,0
227659,0
227660,0
227661,23
227662,0
227663,0
227664,40
227665,0
227666,0
227667,0
227668,0
227669,0
227670,27
227671,31
227672,35
227673,0
227674,0
227675,0
227676,0
227677,0
227678,0
227679,0
227680,0
227681,0
227682,0
227683,0
227684,0
227685,0
227686,24
227687,0
227688,0
227689,0
227690,0
227691,0
227692,0
227693,0
227694,0
227695,0
227696,0
227697,27
227698,0
227699,20
227700,0
227701,0
227702,0
227703,0
227704,0
227705,0
227706,23
227707,0
227708,0
227709,0
227710,0
227711,28
227712,0
227713,0
227714,0
227715,0
227716,0
227717,0
227718,0
227719,0
227720,0
227721,0
227722,0
227723,0
227724,0
227725,20
227726,0
227727,0
227728,0
227729,0
227730,0
227731,0
227732,0
227733,34
227734,0
227735,0
227736,0
227737,29
227738,0
227739,0
227740,0
227741,0
227742,0
227743,0
227744,0
227745,0
227746,38
227747,0
227748,35
227749,19
227750,0
227751,0
227752,0
227753,0
227754,0
227755,0
227756,35
227757,0
227758,0
227759,0
227760,0
227761,0
227762,0
227763,0
227764,0
227765,0
227766,32
227767,19
227768,0
227769,41
227770,0
227771,0
227772,0
227773,0
227774,0
227775,0
227776,0
227777,28
227778,0
227779,0
227780,0
227781,0
227782,21
227783,0
227784,0
227785,0
227786,0
227787,0
227788,33
227789,0
227790,0
227791,23
227792,0
227793,0
227794,38
227795,0
227796,0
227797,0
227798,0
227799,0
227800,29
227801,0
227802,40
227803,0
227804,0
227805,0
227806,0
227807,0
227808,28
227809,0
227810,0
227811,14
227812,0
227813,0
227814,37
227815,0
227816,0
227817,0
227818,0
227819,0
227820,0
227821,40
227822,0
227823,0
227824,0
227825,17
227826,0
227827,0
227828,35
227829,0
227830,0
227831,0
227832,31
227833,0
227834,0
227835,24
227836,0
227837,0
227838,0
227839,0
227840,28
227841,24
227842,0
227843,0
227844,0
227845,0
227846,0
227847,0
227848,30
227849,0
227850,28
227851,0
227852,0
227853,0
227854,0
227855,0
227856,0
227857,0
227858,0
227859,0
227860,0
227861,0
227862,0
227863,0
227864,0
227865,17
227866,0
227867,0
227868,0
227869,0
227870,0
227871,0
227872,0
227873,0
227874,0
227875,0
227876,26
227877,28
227878,0
227879,0
227880,0
227881,41
227882,0
227883,0
227884,0
227885,0
227886,0
227887,0
227888,0
227889,0
227890,0
227891,0
227892,28
227893,0
227894,0
227895,33
227896,0
227897,31
227898,0
227899,0
227900,0
227901,27
227902,35
227903,0
227904,0
227905,0
227906,33
227907,0
227908,0
227909,0
227910,0
227911,0
227912,0
227913,0
227914,0
227915,0
227916,0
227917,0
227918,0
227919,0
227920,0
227921,0
227922,0
227923,0
227924,0
227925,0
227926,0
227927,0
227928,18
227929,14
227930,0
227931,0
227932,0
227933,27
227934,0
227935,0
227936,0
227937,0
227938,0
227939,0
227940,0
227941,29
227942,32
227943,0
227944,0
227945,0
227946,31
227947,0
227948,0
227949,0
227950,0
227951,0
227952,0
227953,0
227954,37
227955,0
227956,0
227957,0
227958,36
227959,35
227960,0
227961,37
227962,0
227963,0
227964,0
227965,0
227966,0
227967,0
227968,0
227969,0
227970,0
227971,0
227972,0
227973,0
227974,0
227975,0
227976,0
227977,0
227978,0
227979,0
227980,0
227981,0
227982,0
227983,0
227984,21
227985,0
227986,0
227987,0
227988,32
227989,0
227990,0
227991,37
227992,37
227993,0
227994,37
227995,0
227996,0
227997,0
227998,0
227999,0
228000,0
228001,0
228002,0
228003,0
228004,14
228005,0
228006,0
228007,0
228008,0
228009,0
228010,0
228011,0
228012,0
228013,42
228014,0
228015,0
228016,0
228017,0
228018,0
228019,0
228020,0
228021,0
228022,0
228023,0
228024,0
228025,0
228026,0
228027,0
228028,0
228029,0
228030,0
228031,22
228032,19
228033,28
228034,0
228035,0
228036,0
228037,16
228038,0
228039,24
228040,0
228041,0
228042,0
228043,0
228044,0
228045,0
228046,0
228047,0
228048,0
228049,0
228050,0
228051,0
228052,0
228053,0
228054,0
228055,0
228056,0
228057,0
228058,0
228059,0
228060,0
228061,0
228062,0
228063,0
228064,0
228065,0
228066,0
228067,0
228068,0
228069,0
228070,0
228071,27
228072,0
228073,0
228074,0
228075,0
228076,41
228077,0
228078,0
228079,28
228080,0
228081,0
228082,0
228083,0
228084,0
228085,0
228086,0
228087,24
228088,0
228089,0
228090,28
228091,28
228092,22
228093,0
228094,0
228095,0
228096,0
228097,0
228098,30
228099,0
228100,0
228101,0
228102,0
228103,0
228104,0
228105,0
228106,0
228107,0
228108,0
228109,34
228110,0
228111,0
228112,0
228113,0
228114,0
228115,0
228116,0
228117,19
228118,0
228119,0
228120,0
228121,0
228122,0
228123,0
228124,0
228125,0
228126,0
228127,0
228128,29
228129,0
228130,0
228131,0
228132,0
228133,40
228134,0
228135,0
228136,0
228137,52
228138,0
228139,0
228140,0
228141,0
228142,0
228143,0
228144,0
228145,0
228146,0
228147,0
228148,0
228149,0
228150,0
228151,0
228152,0
228153,0
228154,0
228155,0
228156,0
228157,0
228158,46
228159,0
228160,30
228161,0
228162,0
228163,0
228164,0
228165,0
228166,0
228167,0
228168,0
228169,0
228170,0
228171,0
228172,0
228173,0
228174,58
228175,0
228176,0
228177,0
228178,0
228179,0
228180,0
228181,0
228182,0
228183,0
228184,0
228185,0
228186,0
228187,39
228188,0
228189,0
228190,47
228191,0
228192,0
228193,0
228194,0
228195,0
228196,0
228197,0
228198,0
228199,0
228200,0
228201,0
228202,0
228203,0
228204,0
228205,0
228206,0
228207,0
228208,31
228209,0
228210,0
228211,0
228212,0
228213,0
228214,0
228215,0
228216,38
228217,0
228218,0
228219,0
228220,0
228221,0
228222,0
228223,0
228224,35
228225,0
228226,0
228227,0
228228,0
228229,0
228230,0
228231,0
228232,0
228233,0
228234,0
228235,0
228236,0
228237,0
228238,0
228239,0
228240,0
228241,0
228242,0
228243,0
228244,0
228245,0
228246,0
228247,0
228248,30
228249,0
228250,0
228251,39
228252,0
228253,0
228254,0
228255,0
228256,0
228257,0
228258,0
228259,0
228260,0
228261,0
228262,39
228263,0
228264,42
228265,0
228266,0
228267,0
228268,0
228269,0
228270,0
228271,0
228272,0
228273,0
228274,0
228275,0
228276,0
228277,0
228278,0
228279,0
228280,0
228281,0
228282,0
228283,0
228284,0
228285,0
228286,0
228287,0
228288,55
228289,0
228290,35
228291,0
228292,0
228293,0
228294,0
228295,0
228296,0
228297,0
228298,32
228299,0
228300,0
228301,33
228302,0
228303,0
228304,0
228305,0
228306,0
228307,0
228308,0
228309,0
228310,0
228311,0
228312,0
228313,0
228314,0
228315,0
228316,0
228317,52
228318,0
228319,32
228320,0
228321,0
228322,0
228323,37
228324,0
228325,0
228326,0
228327,0
228328,0
228329,44
228330,0
228331,0
228332,41
228333,0
228334,0
228335,28
228336,0
228337,0
228338,48
228339,0
228340,0
228341,0
228342,0
228343,0
228344,0
228345,0
228346,0
228347,46
228348,0
228349,37
228350,0
228351,0
228352,0
228353,0
228354,0
228355,0
228356,39
228357,0
228358,0
228359,0
228360,0
228361,0
228362,0
228363,0
228364,0
228365,0
228366,0
228367,0
228368,0
228369,0
228370,0
228371,0
228372,0
228373,0
228374,0
228375,0
228376,0
228377,0
228378,0
228379,0
228380,0
228381,0
228382,0
228383,0
228384,0
228385,0
228386,0
228387,0
228388,0
228389,0
228390,0
228391,30
228392,0
228393,0
228394,27
228395,0
228396,0
228397,0
228398,0
228399,0
228400,0
228401,0
228402,0
228403,0
228404,0
228405,0
228406,0
228407,0
228408,0
228409,0
228410,0
228411,0
228412,0
228413,0
228414,0
228415,0
228416,0
228417,0
228418,0
228419,0
228420,0
228421,0
228422,0
228423,0
228424,0
228425,0
228426,0
228427,0
228428,45
228429,0
228430,0
228431,46
228432,40
228433,0
228434,0
228435,0
228436,0
228437,0
228438,0
228439,0
228440,0
228441,0
228442,0
228443,0
228444,0
228445,28
228446,0
228447,0
228448,0
228449,0
228450,0
228451,0
228452,54
228453,0
228454,0
228455,48
228456,0
228457,0
228458,0
228459,30
228460,0
228461,0
228462,0
228463,0
228464,0
228465,0
228466,0
228467,0
228468,0
228469,0
228470,0
228471,0
228472,24
228473,39
228474,0
228475,0
228476,0
228477,0
228478,33
228479,0
228480,0
228481,36
228482,0
228483,0
228484,0
228485,0
228486,0
228487,0
228488,0
228489,0
228490,0
228491,0
228492,0
228493,0
228494,0
228495,0
228496,0
228497,0
228498,0
228499,0
228500,0
228501,0
228502,0
228503,0
228504,0
228505,0
228506,0
228507,0
228508,0
228509,0
228510,0
228511,0
228512,0
228513,0
228514,0
228515,0
228516,0
228517,0
228518,0
228519,42
228520,0
228521,0
228522,0
228523,0
228524,0
228525,0
228526,0
228527,0
228528,0
228529,0
228530,0
228531,0
228532,34
228533,0
228534,0
228535,0
228536,0
228537,0
228538,0
228539,0
228540,0
228541,0
228542,0
228543,0
228544,0
228545,0
228546,0
228547,26
228548,0
228549,0
228550,0
228551,39
228552,0
228553,0
228554,0
228555,0
228556,34
228557,44
228558,0
228559,0
228560,0
228561,0
228562,0
228563,0
228564,0
228565,0
228566,0
228567,0
228568,0
228569,0
228570,0
228571,0
228572,0
228573,0
228574,0
228575,0
228576,0
228577,47
228578,0
228579,0
228580,0
228581,0
228582,30
228583,0
228584,39
228585,0
228586,0
228587,0
228588,0
228589,0
228590,0
228591,25
228592,0
228593,0
228594,0
228595,0
228596,0
228597,0
228598,0
228599,0
228600,0
228601,0
228602,0
228603,0
228604,0
228605,0
228606,0
228607,0
228608,35
228609,0
228610,0
228611,0
228612,0
228613,0
228614,0
228615,0
228616,0
228617,0
228618,0
228619,0
228620,0
228621,0
228622,0
228623,0
228624,0
228625,0
228626,0
228627,0
228628,0
228629,0
228630,0
228631,0
228632,0
228633,0
228634,39
228635,0
228636,0
228637,0
228638,0
228639,0
228640,0
228641,0
228642,23
228643,0
228644,0
228645,0
228646,0
228647,0
228648,0
228649,0
228650,0
228651,0
228652,0
228653,0
228654,0
228655,0
228656,0
228657,0
228658,0
228659,0
228660,0
228661,0
228662,0
228663,0
228664,0
228665,0
228666,0
228667,0
228668,0
228669,0
228670,0
228671,0
228672,0
228673,0
228674,0
228675,0
228676,19
228677,0
228678,0
228679,0
228680,0
228681,0
228682,0
228683,0
228684,0
228685,0
228686,0
228687,0
228688,0
228689,0
228690,0
228691,0
228692,0
228693,0
228694,0
228695,42
228696,0
228697,0
228698,0
228699,0
228700,0
228701,0
228702,0
228703,0
228704,0
228705,0
228706,0
228707,0
228708,0
228709,0
228710,0
228711,0
228712,0
228713,0
228714,0
228715,0
228716,0
228717,28
228718,0
228719,0
228720,0
228721,0
228722,27
228723,0
228724,0
228725,0
228726,0
228727,0
228728,0
228729,0
228730,0
228731,0
228732,0
228733,0
228734,0
228735,0
228736,0
228737,0
228738,0
228739,0
228740,0
228741,0
228742,0
228743,0
228744,0
228745,0
228746,0
228747,0
228748,0
228749,0
228750,0
228751,0
228752,0
228753,0
228754,0
228755,0
228756,0
228757,0
228758,0
228759,0
228760,0
228761,0
228762,0
228763,0
228764,0
228765,0
228766,0
228767,0
228768,0
228769,0
228770,0
228771,0
228772,0
228773,0
228774,0
228775,0
228776,0
228777,0
228778,0
228779,0
228780,0
228781,0
228782,0
228783,0
228784,0
228785,0
228786,0
228787,0
228788,0
228789,0
228790,0
228791,0
228792,0
228793,0
228794,0
228795,0
228796,0
228797,0
228798,0
228799,0
228800,0
228801,38
228802,35
228803,0
228804,0
228805,0
228806,0
228807,0
228808,0
228809,0
228810,0
228811,0
228812,0
228813,0
228814,0
228815,0
228816,0
228817,0
228818,0
228819,0
228820,0
228821,32
228822,0
228823,0
228824,0
228825,0
228826,0
228827,0
228828,33
228829,0
228830,0
228831,0
228832,43
228833,0
228834,0
228835,0
228836,0
228837,0
228838,0
228839,0
228840,0
228841,0
228842,0
228843,26
228844,0
228845,0
228846,24
228847,0
228848,0
228849,0
228850,0
228851,0
228852,0
228853,0
228854,0
228855,0
228856,0
228857,0
228858,0
228859,0
228860,0
228861,0
228862,0
228863,0
228864,0
228865,0
228866,0
228867,0
228868,0
228869,0
228870,0
228871,0
228872,0
228873,0
228874,0
228875,0
228876,0
228877,0
228878,0
228879,0
228880,0
228881,0
228882,0
228883,27
228884,0
228885,0
228886,0
228887,0
228888,0
228889,0
228890,0
228891,0
228892,0
228893,0
228894,0
228895,0
228896,0
228897,0
228898,0
228899,0
228900,0
228901,41
228902,0
228903,0
228904,50
228905,0
228906,0
228907,0
228908,0
228909,0
228910,0
228911,0
228912,0
228913,0
228914,0
228915,0
228916,0
228917,0
228918,0
228919,0
228920,0
228921,25
228922,0
228923,0
228924,23
228925,0
228926,0
228927,0
228928,0
228929,37
228930,28
228931,0
228932,0
228933,0
228934,0
228935,0
228936,0
228937,0
228938,0
228939,49
228940,0
228941,19
228942,0
228943,0
228944,0
228945,0
228946,0
228947,0
228948,0
228949,0
228950,0
228951,0
228952,0
228953,0
228954,0
228955,0
228956,32
228957,0
228958,0
228959,0
228960,0
228961,0
228962,25
228963,0
228964,0
228965,32
228966,35
228967,0
228968,0
228969,0
228970,0
228971,32
228972,0
228973,0
228974,27
228975,18
228976,0
228977,0
228978,0
228979,0
228980,22
228981,0
228982,0
228983,0
228984,0
228985,28
228986,0
228987,0
228988,0
228989,0
228990,33
228991,0
228992,0
228993,0
228994,20
228995,0
228996,0
228997,0
228998,34
228999,0
229000,31
229001,0
229002,0
229003,0
229004,0
229005,0
229006,0
229007,0
229008,0
229009,0
229010,26
229011,31
229012,0
229013,0
229014,28
229015,0
229016,0
229017,0
229018,0
229019,23
229020,0
229021,0
229022,18
229023,0
229024,0
229025,0
229026,0
229027,0
229028,0
229029,0
229030,30
229031,0
229032,0
229033,21
229034,34
229035,0
229036,0
229037,0
229038,0
229039,0
229040,0
229041,0
229042,0
229043,22
229044,17
229045,0
229046,0
229047,0
229048,0
229049,25
229050,0
229051,0
229052,0
229053,15
229054,0
229055,0
229056,0
229057,0
229058,0
229059,0
229060,0
229061,0
229062,0
229063,30
229064,0
229065,0
229066,0
229067,0
229068,0
229069,0
229070,0
229071,0
229072,0
229073,0
229074,0
229075,0
229076,0
229077,23
229078,0
229079,34
229080,31
229081,27
229082,0
229083,0
229084,0
229085,0
229086,0
229087,0
229088,0
229089,0
229090,0
229091,0
229092,0
229093,0
229094,0
229095,0
229096,0
229097,0
229098,31
229099,0
229100,23
229101,19
229102,0
229103,23
229104,0
229105,0
229106,0
229107,0
229108,0
229109,0
229110,0
229111,0
229112,0
229113,28
229114,25
229115,39
229116,45
229117,0
229118,0
229119,0
229120,0
229121,30
229122,0
229123,0
229124,0
229125,36
229126,0
229127,25
229128,0
229129,0
229130,0
229131,0
229132,33
229133,0
229134,0
229135,0
229136,0
229137,0
229138,0
229139,0
229140,0
229141,0
229142,0
229143,0
229144,0
229145,29
229146,0
229147,0
229148,30
229149,0
229150,0
229151,12
229152,0
229153,0
229154,0
229155,0
229156,0
229157,21
229158,0
229159,0
229160,23
229161,0
229162,0
229163,0
229164,0
229165,0
229166,0
229167,0
229168,0
229169,0
229170,0
229171,30
229172,27
229173,0
229174,0
229175,35
229176,0
229177,0
229178,27
229179,0
229180,0
229181,0
229182,0
229183,0
229184,0
229185,0
229186,0
229187,0
229188,0
229189,0
229190,36
229191,0
229192,0
229193,0
229194,0
229195,30
229196,0
229197,30
229198,0
229199,36
229200,0
229201,0
229202,0
229203,0
229204,0
229205,0
229206,0
229207,32
229208,0
229209,0
229210,33
229211,24
229212,0
229213,0
229214,0
229215,0
229216,0
229217,0
229218,0
229219,0
229220,0
229221,30
229222,0
229223,29
229224,0
229225,0
229226,0
229227,0
229228,28
229229,20
229230,0
229231,29
229232,0
229233,0
229234,0
229235,27
229236,0
229237,0
229238,0
229239,0
229240,0
229241,0
229242,0
229243,27
229244,0
229245,24
229246,0
229247,0
229248,0
229249,0
229250,24
229251,0
229252,0
229253,23
229254,31
229255,0
229256,0
229257,0
229258,0
229259,0
229260,47
229261,35
229262,0
229263,0
229264,0
229265,31
229266,0
229267,0
229268,31
229269,0
229270,0
229271,34
229272,27
229273,0
229274,23
229275,0
229276,0
229277,0
229278,0
229279,5
229280,0
229281,0
229282,4
229283,0
229284,7
229285,8
229286,0
229287,0
229288,0
229289,0
229290,0
229291,0
229292,10
229293,0
229294,7
229295,0
229296,5
229297,0
229298,0
229299,0
229300,0
229301,0
229302,0
229303,0
229304,13
229305,0
229306,0
229307,0
229308,0
229309,0
229310,0
229311,6
229312,0
229313,0
229314,0
229315,0
229316,0
229317,13
229318,0
229319,0
229320,0
229321,0
229322,0
229323,4
229324,0
229325,0
229326,0
229327,0
229328,0
229329,0
229330,0
229331,0
229332,0
229333,0
229334,0
229335,0
229336,0
229337,0
229338,0
229339,8
229340,0
229341,0
229342,0
229343,0
229344,0
229345,0
229346,7
229347,0
229348,0
229349,0
229350,0
229351,0
229352,0
229353,0
229354,0
229355,0
229356,0
229357,0
229358,4
229359,0
229360,0
229361,0
229362,0
229363,10
229364,0
229365,8
229366,0
229367,0
229368,0
229369,0
229370,0
229371,11
229372,0
229373,0
229374,0
229375,0
229376,0
229377,0
229378,0
229379,0
229380,0
229381,0
229382,6
229383,0
229384,0
229385,0
229386,0
229387,0
229388,5
229389,5
229390,0
229391,0
229392,0
229393,0
229394,5
229395,6
229396,0
229397,5
229398,0
229399,0
229400,0
229401,0
229402,0
229403,0
229404,0
229405,0
229406,10
229407,0
229408,0
229409,0
229410,9
229411,0
229412,11
229413,0
229414,0
229415,0
229416,0
229417,0
229418,0
229419,0
229420,6
229421,0
229422,0
229423,0
229424,0
229425,0
229426,0
229427,0
229428,0
229429,10
229430,0
229431,0
229432,0
229433,0
229434,0
229435,0
229436,0
229437,0
229438,0
229439,0
229440,0
229441,0
229442,0
229443,0
229444,0
229445,0
229446,5
229447,5
229448,0
229449,0
229450,0
229451,0
229452,0
229453,0
229454,0
229455,6
229456,0
229457,0
229458,0
229459,0
229460,0
229461,0
229462,0
229463,0
229464,0
229465,0
229466,0
229467,0
229468,0
229469,0
229470,0
229471,6
229472,0
229473,0
229474,4
229475,0
229476,0
229477,0
229478,0
229479,9
229480,0
229481,0
229482,0
229483,0
229484,0
229485,0
229486,0
229487,0
229488,0
229489,6
229490,0
229491,0
229492,0
229493,0
229494,9
229495,0
229496,0
229497,6
229498,0
229499,7
229500,0
229501,0
229502,0
229503,0
229504,4
229505,12
229506,0
229507,0
229508,0
229509,0
229510,0
229511,7
229512,0
229513,0
229514,0
229515,0
229516,0
229517,0
229518,8
229519,0
229520,0
229521,0
229522,0
229523,6
229524,5
229525,0
229526,0
229527,0
229528,0
229529,0
229530,0
229531,0
229532,0
229533,7
229534,0
229535,0
229536,0
229537,0
229538,5
229539,0
229540,8
229541,0
229542,0
229543,0
229544,0
229545,0
229546,7
229547,0
229548,0
229549,0
229550,0
229551,0
229552,0
229553,0
229554,0
229555,0
229556,0
229557,0
229558,0
229559,0
229560,0
229561,0
229562,0
229563,0
229564,0
229565,0
229566,0
229567,0
229568,12
229569,4
229570,0
229571,0
229572,0
229573,0
229574,0
229575,0
229576,0
229577,0
229578,0
229579,3
229580,0
229581,0
229582,0
229583,0
229584,0
229585,13
229586,0
229587,0
229588,0
229589,5
229590,0
229591,3
229592,0
229593,0
229594,0
229595,0
229596,0
229597,0
229598,0
229599,0
229600,0
229601,5
229602,8
229603,9
229604,0
229605,0
229606,0
229607,0
229608,0
229609,0
229610,5
229611,0
229612,0
229613,8
229614,0
229615,0
229616,0
229617,0
229618,0
229619,0
229620,0
229621,0
229622,0
229623,0
229624,0
229625,0
229626,0
229627,0
229628,0
229629,0
229630,0
229631,3
229632,0
229633,0
229634,0
229635,0
229636,4
229637,0
229638,0
229639,0
229640,5
229641,0
229642,0
229643,0
229644,0
229645,6
229646,9
229647,0
229648,0
229649,0
229650,0
229651,0
229652,8
229653,0
229654,0
229655,0
229656,0
229657,0
229658,9
229659,0
229660,3
229661,0
229662,0
229663,0
229664,0
229665,0
229666,0
229667,4
229668,7
229669,0
229670,0
229671,0
229672,0
229673,0
229674,0
229675,0
229676,0
229677,0
229678,0
229679,0
229680,0
229681,0
229682,0
229683,0
229684,0
229685,0
229686,0
229687,0
229688,0
229689,0
229690,0
229691,0
229692,0
229693,0
229694,0
229695,0
229696,0
229697,10
229698,0
229699,0
229700,0
229701,3
229702,9
229703,0
229704,4
229705,0
229706,3
229707,0
229708,0
229709,0
229710,0
229711,0
229712,5
229713,0
229714,0
229715,0
229716,0
229717,0
229718,0
229719,0
229720,12
229721,0
229722,0
229723,0
229724,0
229725,4
229726,0
229727,5
229728,0
229729,0
229730,0
229731,0
229732,7
229733,0
229734,0
229735,0
229736,0
229737,0
229738,0
229739,0
229740,3
229741,0
229742,7
229743,0
229744,0
229745,0
229746,0
229747,0
229748,0
229749,0
229750,4
229751,0
229752,0
229753,0
229754,0
229755,0
229756,15
229757,0
229758,0
229759,0
229760,0
229761,0
229762,5
229763,8
229764,0
229765,0
229766,8
229767,0
229768,0
229769,0
229770,0
229771,0
229772,0
229773,0
229774,0
229775,0
229776,0
229777,0
229778,0
229779,0
229780,0
229781,0
229782,0
229783,0
229784,3
229785,0
229786,9
229787,0
229788,0
229789,0
229790,0
229791,0
229792,0
229793,0
229794,0
229795,0
229796,0
229797,0
229798,0
229799,0
229800,0
229801,0
229802,0
229803,9
229804,0
229805,0
229806,0
229807,0
229808,0
229809,4
229810,0
229811,0
229812,0
229813,0
229814,0
229815,0
229816,6
229817,0
229818,0
229819,0
229820,0
229821,0
229822,0
229823,0
229824,0
229825,0
229826,0
229827,0
229828,0
229829,0
229830,0
229831,0
229832,0
229833,0
229834,0
229835,0
229836,0
229837,0
229838,7
229839,0
229840,0
229841,7
229842,0
229843,0
229844,0
229845,0
229846,0
229847,0
229848,0
229849,0
229850,0
229851,0
229852,0
229853,0
229854,0
229855,0
229856,0
229857,5
229858,0
229859,0
229860,0
229861,0
229862,0
229863,0
229864,0
229865,0
229866,0
229867,0
229868,0
229869,0
229870,0
229871,0
229872,0
229873,0
229874,0
229875,0
229876,0
229877,0
229878,0
229879,6
229880,0
229881,0
229882,4
229883,9
229884,0
229885,0
229886,0
229887,0
229888,0
229889,0
229890,0
229891,0
229892,0
229893,0
229894,0
229895,0
229896,0
229897,0
229898,0
229899,0
229900,0
229901,0
229902,0
229903,0
229904,12
229905,0
229906,0
229907,4
229908,0
229909,0
229910,7
229911,6
229912,4
229913,0
229914,0
229915,0
229916,9
229917,0
229918,0
229919,6
229920,0
229921,0
229922,0
229923,0
229924,0
229925,0
229926,5
229927,0
229928,0
229929,0
229930,0
229931,0
229932,0
229933,0
229934,5
229935,0
229936,0
229937,0
229938,0
229939,11
229940,0
229941,0
229942,0
229943,0
229944,0
229945,0
229946,9
229947,0
229948,0
229949,0
229950,0
229951,0
229952,9
229953,0
229954,0
229955,0
229956,0
229957,0
229958,0
229959,0
229960,0
229961,0
229962,0
229963,0
229964,12
229965,0
229966,0
229967,0
229968,0
229969,0
229970,8
229971,0
229972,7
229973,0
229974,0
229975,10
229976,0
229977,0
229978,0
229979,0
229980,0
229981,0
229982,0
229983,0
229984,0
229985,0
229986,0
229987,0
229988,0
229989,0
229990,0
229991,0
229992,0
229993,0
229994,0
229995,0
229996,0
229997,0
229998,4
229999,11
230000,0
230001,0
230002,0
230003,0
230004,7
230005,3
230006,0
230007,7
230008,0
230009,0
230010,0
230011,0
230012,0
230013,0
230014,0
230015,0
230016,7
230017,0
230018,4
230019,0
230020,0
230021,0
230022,0
230023,0
230024,0
230025,0
230026,0
230027,0
230028,0
230029,4
230030,0
230031,0
230032,0
230033,0
230034,9
230035,0
230036,0
230037,0
230038,0
230039,0
230040,2
230041,0
230042,0
230043,6
230044,0
230045,0
230046,0
230047,0
230048,0
230049,0
230050,0
230051,0
230052,0
230053,0
230054,0
230055,7
230056,0
230057,7
230058,9
230059,0
230060,0
230061,0
230062,0
230063,7
230064,0
230065,9
230066,0
230067,9
230068,0
230069,8
230070,0
230071,7
230072,6
230073,0
230074,0
230075,0
230076,0
230077,0
230078,0
230079,0
230080,0
230081,0
230082,0
230083,0
230084,0
230085,5
230086,0
230087,0
230088,0
230089,0
230090,0
230091,4
230092,0
230093,0
230094,0
230095,0
230096,0
230097,0
230098,0
230099,0
230100,5
230101,0
230102,0
230103,0
230104,0
230105,0
230106,0
230107,11
230108,0
230109,0
230110,10
230111,0
230112,0
230113,0
230114,0
230115,0
230116,0
230117,0
230118,0
230119,0
230120,0
230121,0
230122,0
230123,0
230124,0
230125,0
230126,0
230127,0
230128,0
230129,0
230130,0
230131,2
230132,0
230133,0
230134,10
230135,0
230136,0
230137,0
230138,0
230139,0
230140,0
230141,0
230142,0
230143,0
230144,0
230145,0
230146,0
230147,0
230148,0
230149,26
230150,0
230151,0
230152,0
230153,0
230154,0
230155,0
230156,0
230157,0
230158,0
230159,0
230160,24
230161,0
230162,0
230163,0
230164,0
230165,0
230166,0
230167,0
230168,0
230169,0
230170,0
230171,0
230172,0
230173,22
230174,0
230175,0
230176,0
230177,0
230178,0
230179,0
230180,0
230181,0
230182,0
230183,23
230184,0
230185,0
230186,0
230187,0
230188,0
230189,0
230190,0
230191,0
230192,0
230193,0
230194,0
230195,0
230196,15
230197,0
230198,0
230199,0
230200,0
230201,0
230202,0
230203,0
230204,0
230205,0
230206,18
230207,0
230208,0
230209,0
230210,0
230211,0
230212,0
230213,0
230214,28
230215,0
230216,0
230217,0
230218,0
230219,0
230220,20
230221,0
230222,0
230223,0
230224,0
230225,0
230226,0
230227,0
230228,0
230229,0
230230,0
230231,0
230232,0
230233,0
230234,32
230235,0
230236,0
230237,0
230238,0
230239,0
230240,0
230241,13
230242,0
230243,0
230244,0
230245,14
230246,0
230247,0
230248,0
230249,0
230250,0
230251,34
230252,0
230253,0
230254,0
230255,0
230256,0
230257,0
230258,0
230259,17
230260,0
230261,0
230262,0
230263,0
230264,0
230265,28
230266,0
230267,0
230268,0
230269,0
230270,0
230271,0
230272,0
230273,0
230274,30
230275,0
230276,0
230277,0
230278,0
230279,0
230280,0
230281,0
230282,0
230283,0
230284,0
230285,16
230286,0
230287,0
230288,0
230289,17
230290,0
230291,0
230292,0
230293,0
230294,0
230295,0
230296,0
230297,0
230298,0
230299,0
230300,0
230301,0
230302,0
230303,0
230304,0
230305,0
230306,0
230307,19
230308,0
230309,0
230310,0
230311,0
230312,0
230313,28
230314,30
230315,0
230316,0
230317,0
230318,0
230319,20
230320,8
230321,0
230322,0
230323,0
230324,0
230325,0
230326,0
230327,0
230328,0
230329,0
230330,21
230331,0
230332,0
230333,0
230334,0
230335,0
230336,0
230337,0
230338,0
230339,0
230340,0
230341,0
230342,0
230343,0
230344,0
230345,0
230346,0
230347,0
230348,17
230349,0
230350,0
230351,0
230352,0
230353,0
230354,0
230355,0
230356,0
230357,0
230358,0
230359,0
230360,0
230361,40
230362,0
230363,0
230364,0
230365,0
230366,0
230367,0
230368,23
230369,0
230370,0
230371,0
230372,0
230373,16
230374,0
230375,0
230376,12
230377,0
230378,0
230379,0
230380,0
230381,0
230382,0
230383,0
230384,0
230385,0
230386,0
230387,0
230388,0
230389,0
230390,0
230391,0
230392,0
230393,0
230394,0
230395,0
230396,0
230397,0
230398,0
230399,0
230400,0
230401,0
230402,0
230403,0
230404,0
230405,0
230406,21
230407,0
230408,0
230409,0
230410,0
230411,0
230412,0
230413,0
230414,0
230415,0
230416,0
230417,30
230418,25
230419,0
230420,0
230421,0
230422,0
230423,0
230424,0
230425,0
230426,0
230427,0
230428,0
230429,0
230430,0
230431,0
230432,0
230433,0
230434,0
230435,20
230436,0
230437,0
230438,0
230439,0
230440,0
230441,32
230442,0
230443,0
230444,0
230445,0
230446,0
230447,0
230448,0
230449,0
230450,0
230451,0
230452,19
230453,0
230454,0
230455,0
230456,0
230457,0
230458,31
230459,0
230460,0
230461,0
230462,0
230463,0
230464,0
230465,0
230466,0
230467,0
230468,0
230469,0
230470,33
230471,0
230472,0
230473,0
230474,0
230475,0
230476,0
230477,0
230478,0
230479,0
230480,0
230481,18
230482,0
230483,0
230484,0
230485,0
230486,0
230487,0
230488,0
230489,0
230490,0
230491,0
230492,0
230493,24
230494,0
230495,27
230496,0
230497,0
230498,0
230499,0
230500,0
230501,0
230502,0
230503,0
230504,20
230505,0
230506,0
230507,0
230508,0
230509,0
230510,0
230511,0
230512,0
230513,0
230514,0
230515,0
230516,0
230517,0
230518,0
230519,0
230520,20
230521,0
230522,0
230523,32
230524,26
230525,0
230526,0
230527,0
230528,0
230529,0
230530,0
230531,0
230532,0
230533,0
230534,0
230535,0
230536,0
230537,0
230538,0
230539,26
230540,0
230541,27
230542,0
230543,0
230544,0
230545,0
230546,56
230547,0
230548,0
230549,0
230550,0
230551,0
230552,38
230553,0
230554,0
230555,0
230556,0
230557,0
230558,0
230559,0
230560,0
230561,0
230562,51
230563,0
230564,0
230565,0
230566,43
230567,0
230568,0
230569,28
230570,0
230571,0
230572,0
230573,0
230574,0
230575,0
230576,0
230577,0
230578,0
230579,0
230580,32
230581,0
230582,0
230583,0
230584,0
230585,37
230586,0
230587,32
230588,0
230589,0
230590,0
230591,0
230592,0
230593,0
230594,0
230595,42
230596,0
230597,0
230598,0
230599,0
230600,0
230601,0
230602,0
230603,0
230604,0
230605,0
230606,0
230607,0
230608,0
230609,34
230610,0
230611,30
230612,0
230613,0
230614,26
230615,0
230616,0
230617,27
230618,0
230619,0
230620,0
230621,0
230622,0
230623,0
230624,0
230625,0
230626,0
230627,0
230628,0
230629,0
230630,50
230631,0
230632,0
230633,0
230634,0
230635,0
230636,0
230637,0
230638,0
230639,0
230640,0
230641,0
230642,0
230643,0
230644,0
230645,0
230646,0
230647,0
230648,37
230649,28
230650,0
230651,0
230652,0
230653,0
230654,0
230655,0
230656,48
230657,0
230658,0
230659,0
230660,0
230661,0
230662,0
230663,0
230664,0
230665,0
230666,40
230667,0
230668,0
230669,0
230670,0
230671,0
230672,0
230673,0
230674,0
230675,0
230676,0
230677,0
230678,0
230679,0
230680,42
230681,0
230682,59
230683,0
230684,0
230685,0
230686,0
230687,0
230688,0
230689,0
230690,0
230691,30
230692,0
230693,0
230694,0
230695,0
230696,0
230697,0
230698,0
230699,43
230700,0
230701,0
230702,44
230703,29
230704,0
230705,0
230706,0
230707,0
230708,0
230709,0
230710,0
230711,0
230712,0
230713,36
230714,0
230715,0
230716,0
230717,0
230718,0
230719,41
230720,0
230721,0
230722,0
230723,0
230724,0
230725,0
230726,0
230727,0
230728,0
230729,0
230730,25
230731,41
230732,0
230733,0
230734,0
230735,19
230736,0
230737,26
230738,0
230739,0
230740,0
230741,0
230742,0
230743,31
230744,0
230745,0
230746,0
230747,0
230748,0
230749,0
230750,0
230751,0
230752,0
230753,0
230754,0
230755,0
230756,0
230757,0
230758,0
230759,0
230760,0
230761,0
230762,0
230763,0
230764,0
230765,46
230766,0
230767,37
230768,0
230769,0
230770,0
230771,0
230772,0
230773,0
230774,0
230775,0
230776,0
230777,0
230778,0
230779,0
230780,0
230781,0
230782,0
230783,0
230784,0
230785,24
230786,0
230787,0
230788,0
230789,60
230790,0
230791,0
230792,0
230793,0
230794,0
230795,0
230796,0
230797,0
230798,23
230799,46
230800,0
230801,0
230802,0
230803,0
230804,0
230805,0
230806,0
230807,0
230808,0
230809,0
230810,0
230811,0
230812,0
230813,0
230814,0
230815,0
230816,0
230817,0
230818,0
230819,0
230820,0
230821,23
230822,0
230823,0
230824,0
230825,0
230826,0
230827,0
230828,0
230829,0
230830,0
230831,0
230832,0
230833,0
230834,0
230835,0
230836,0
230837,48
230838,0
230839,0
230840,0
230841,0
230842,0
230843,0
230844,0
230845,39
230846,0
230847,0
230848,0
230849,0
230850,0
230851,0
230852,0
230853,0
230854,0
230855,0
230856,0
230857,0
230858,0
230859,43
230860,0
230861,0
230862,30
230863,0
230864,0
230865,0
230866,0
230867,0
230868,0
230869,0
230870,0
230871,0
230872,0
230873,0
230874,0
230875,0
230876,0
230877,0
230878,0
230879,0
230880,0
230881,45
230882,0
230883,0
230884,31
230885,66
230886,0
230887,0
230888,0
230889,0
230890,0
230891,0
230892,0
230893,0
230894,0
230895,0
230896,0
230897,0
230898,40
230899,0
230900,0
230901,0
230902,0
230903,0
230904,0
230905,0
230906,0
230907,25
230908,0
230909,0
230910,40
230911,0
230912,0
230913,0
230914,0
230915,0
230916,0
230917,0
230918,0
230919,0
230920,0
230921,0
230922,47
230923,0
230924,39
230925,30
230926,0
230927,0
230928,0
230929,0
230930,0
230931,0
230932,0
230933,39
230934,0
230935,46
230936,0
230937,0
230938,68
230939,0
230940,0
230941,0
230942,0
230943,0
230944,0
230945,0
230946,0
230947,0
230948,26
230949,0
230950,0
230951,0
230952,0
230953,0
230954,0
230955,41
230956,28
230957,0
230958,25
230959,0
230960,0
230961,0
230962,0
230963,0
230964,0
230965,63
230966,0
230967,0
230968,33
230969,0
230970,0
230971,30
230972,0
230973,0
230974,0
230975,43
230976,0
230977,0
230978,0
230979,0
230980,35
230981,0
230982,0
230983,0
230984,0
230985,0
230986,0
230987,37
230988,0
230989,0
230990,0
230991,0
230992,0
230993,39
230994,0
230995,0
230996,0
230997,0
230998,0
230999,0
231000,0
231001,0
231002,0
231003,0
231004,0
231005,0
231006,0
231007,0
231008,39
231009,0
231010,43
231011,0
231012,0
231013,0
231014,0
231015,0
231016,0
231017,57
231018,0
231019,0
231020,0
231021,0
231022,0
231023,0
231024,0
231025,0
231026,0
231027,31
231028,31
231029,0
231030,46
231031,48
231032,0
231033,0
231034,0
231035,0
231036,0
231037,0
231038,0
231039,0
231040,0
231041,0
231042,0
231043,35
231044,38
231045,0
231046,0
231047,0
231048,0
231049,0
231050,0
231051,0
231052,0
231053,0
231054,0
231055,0
231056,0
231057,0
231058,0
231059,28
231060,0
231061,35
231062,38
231063,0
231064,0
231065,41
231066,0
231067,36
231068,0
231069,0
231070,0
231071,0
231072,0
231073,62
231074,0
231075,0
231076,0
231077,0
231078,0
231079,25
231080,0
231081,58
231082,0
231083,0
231084,0
231085,0
231086,0
231087,0
231088,0
231089,0
231090,0
231091,0
231092,0
231093,0
231094,0
231095,0
231096,0
231097,0
231098,0
231099,0
231100,0
231101,0
231102,46
231103,0
231104,0
231105,0
231106,29
231107,0
231108,0
231109,0
231110,0
231111,0
231112,0
231113,0
231114,0
231115,0
231116,28
231117,0
231118,0
231119,0
231120,0
231121,0
231122,0
231123,0
231124,0
231125,19
231126,0
231127,37
231128,0
231129,0
231130,0
231131,0
231132,0
231133,0
231134,25
231135,0
231136,0
231137,0
231138,0
231139,0
231140,0
231141,0
231142,0
231143,0
231144,0
231145,0
231146,0
231147,22
231148,0
231149,0
231150,76
231151,0
231152,0
231153,0
231154,0
231155,0
231156,36
231157,0
231158,0
231159,39
231160,0
231161,0
231162,0
231163,0
231164,0
231165,0
231166,0
231167,0
231168,47
231169,0
231170,0
231171,0
231172,0
231173,0
231174,0
231175,0
231176,0
231177,0
231178,0
231179,40
231180,0
231181,0
231182,0
231183,0
231184,0
231185,0
231186,0
231187,0
231188,0
231189,0
231190,0
231191,0
231192,0
231193,0
231194,0
231195,0
231196,33
231197,0
231198,0
231199,64
231200,0
231201,0
231202,0
231203,0
231204,39
231205,0
231206,44
231207,0
231208,0
231209,0
231210,0
231211,0
231212,0
231213,41
231214,0
231215,0
231216,0
231217,0
231218,0
231219,0
231220,0
231221,0
231222,0
231223,55
231224,0
231225,0
231226,0
231227,34
231228,0
231229,0
231230,0
231231,0
231232,0
231233,0
231234,27
231235,0
231236,0
231237,0
231238,38
231239,0
231240,0
231241,0
231242,37
231243,0
231244,0
231245,0
231246,39
231247,0
231248,0
231249,0
231250,0
231251,0
231252,0
231253,65
231254,0
231255,0
231256,0
231257,0
231258,0
231259,0
231260,0
231261,0
231262,0
231263,0
231264,0
231265,0
231266,0
231267,0
231268,0
231269,0
231270,0
231271,0
231272,0
231273,0
231274,47
231275,0
231276,0
231277,0
231278,0
231279,0
231280,0
231281,0
231282,0
231283,0
231284,0
231285,0
231286,0
231287,0
231288,0
231289,40
231290,0
231291,58
231292,0
231293,0
231294,45
231295,55
231296,0
231297,0
231298,0
231299,0
231300,53
231301,0
231302,0
231303,0
231304,0
231305,32
231306,0
231307,0
231308,53
231309,0
231310,0
231311,0
231312,0
231313,61
231314,0
231315,34
231316,43
231317,0
231318,0
231319,36
231320,0
231321,25
231322,0
231323,0
231324,49
231325,0
231326,0
231327,0
231328,0
231329,27
231330,0
231331,0
231332,0
231333,35
231334,0
231335,43
231336,34
231337,0
231338,0
231339,0
231340,0
231341,48
231342,38
231343,0
231344,0
231345,0
231346,38
231347,0
231348,0
231349,0
231350,0
231351,0
231352,0
231353,0
231354,0
231355,38
231356,0
231357,0
231358,0
231359,0
231360,0
231361,0
231362,22
231363,0
231364,0
231365,0
231366,0
231367,0
231368,0
231369,0
231370,30
231371,33
231372,0
231373,0
231374,0
231375,0
231376,0
231377,0
231378,0
231379,0
231380,0
231381,0
231382,40
231383,36
231384,0
231385,0
231386,0
231387,0
231388,0
231389,0
231390,0
231391,0
231392,0
231393,0
231394,0
231395,0
231396,0
231397,0
231398,0
231399,0
231400,0
231401,0
231402,50
231403,0
231404,48
231405,0
231406,0
231407,0
231408,0
231409,0
231410,0
231411,46
231412,43
231413,0
231414,0
231415,0
231416,49
231417,0
231418,0
231419,0
231420,42
231421,0
231422,0
231423,0
231424,0
231425,0
231426,0
231427,28
231428,0
231429,0
231430,0
231431,35
231432,0
231433,0
231434,0
231435,0
231436,0
231437,0
231438,0
231439,0
231440,0
231441,0
231442,0
231443,0
231444,40
231445,46
231446,0
231447,0
231448,0
231449,0
231450,36
231451,56
231452,0
231453,36
231454,0
231455,0
231456,0
231457,0
231458,0
231459,40
231460,0
231461,0
231462,0
231463,0
231464,0
231465,0
231466,0
231467,0
231468,0
231469,0
231470,0
231471,29
231472,0
231473,50
231474,0
231475,0
231476,31
231477,0
231478,36
231479,49
231480,0
231481,48
231482,0
231483,31
231484,0
231485,0
231486,30
231487,0
231488,0
231489,43
231490,27
231491,0
231492,0
231493,0
231494,0
231495,0
231496,0
231497,0
231498,0
231499,0
231500,0
231501,0
231502,0
231503,29
231504,0
231505,0
231506,0
231507,0
231508,0
231509,0
231510,0
231511,0
231512,0
231513,0
231514,0
231515,0
231516,0
231517,0
231518,0
231519,0
231520,0
231521,42
231522,60
231523,0
231524,0
231525,47
231526,0
231527,72
231528,0
231529,0
231530,0
231531,0
231532,29
231533,0
231534,46
231535,32
231536,47
231537,0
231538,27
231539,0
231540,0
231541,0
231542,0
231543,0
231544,56
231545,29
231546,0
231547,0
231548,32
231549,0
231550,0
231551,40
231552,0
231553,0
231554,0
231555,0
231556,0
231557,0
231558,35
231559,0
231560,0
231561,0
231562,0
231563,0
231564,36
231565,24
231566,0
231567,0
231568,0
231569,27
231570,62
231571,33
231572,0
231573,40
231574,0
231575,0
231576,0
231577,0
231578,0
231579,0
231580,34
231581,0
231582,0
231583,43
231584,40
231585,43
231586,0
231587,0
231588,23
231589,0
231590,0
231591,0
231592,0
231593,0
231594,0
231595,23
231596,0
231597,0
231598,34
231599,0
231600,0
231601,0
231602,0
231603,41
231604,45
231605,0
231606,31
231607,0
231608,0
231609,32
231610,0
231611,38
231612,0
231613,0
231614,0
231615,48
231616,0
231617,0
231618,0
231619,0
231620,35
231621,0
231622,36
231623,0
231624,0
231625,0
231626,41
231627,36
231628,0
231629,0
231630,0
231631,0
231632,34
231633,0
231634,0
231635,0
231636,0
231637,0
231638,37
231639,30
231640,27
231641,35
231642,0
231643,0
231644,0
231645,39
231646,0
231647,0
231648,36
231649,0
231650,0
231651,0
231652,0
231653,0
231654,0
231655,0
231656,50
231657,0
231658,0
231659,0
231660,0
231661,43
231662,0
231663,0
231664,0
231665,0
231666,0
231667,0
231668,0
231669,0
231670,0
231671,0
231672,0
231673,0
231674,0
231675,0
231676,0
231677,0
231678,0
231679,43
231680,0
231681,0
231682,26
231683,0
231684,42
231685,0
231686,26
231687,0
231688,0
231689,0
231690,44
231691,25
231692,0
231693,0
231694,31
231695,0
231696,0
231697,0
231698,0
231699,0
231700,38
231701,0
231702,0
231703,0
231704,0
231705,0
231706,52
231707,0
231708,52
231709,0
231710,0
231711,0
231712,0
231713,32
231714,0
231715,0
231716,0
231717,43
231718,0
231719,0
231720,36
231721,0
231722,0
231723,0
231724,0
231725,0
231726,0
231727,0
231728,0
231729,0
231730,42
231731,37
231732,0
231733,0
231734,0
231735,0
231736,37
231737,0
231738,0
231739,51
231740,27
231741,0
231742,0
231743,0
231744,0
231745,0
231746,26
231747,0
231748,0
231749,47
231750,0
231751,0
231752,0
231753,0
231754,0
231755,0
231756,0
231757,0
231758,0
231759,55
231760,31
231761,0
231762,23
231763,0
231764,0
231765,37
231766,0
231767,0
231768,0
231769,0
231770,0
231771,49
231772,0
231773,40
231774,0
231775,0
231776,0
231777,0
231778,0
231779,0
231780,0
231781,0
231782,0
231783,0
231784,0
231785,0
231786,0
231787,0
231788,0
231789,0
231790,0
231791,0
231792,0
231793,0
231794,44
231795,0
231796,0
231797,0
231798,0
231799,0
231800,50
231801,0
231802,0
231803,0
231804,0
231805,36
231806,59
231807,0
231808,0
231809,0
231810,0
231811,0
231812,44
231813,0
231814,0
231815,0
231816,51
231817,0
231818,0
231819,0
231820,0
231821,0
231822,0
231823,0
231824,0
231825,0
231826,30
231827,40
231828,0
231829,0
231830,39
231831,0
231832,0
231833,0
231834,0
231835,0
231836,0
231837,0
231838,0
231839,0
231840,0
231841,0
231842,0
231843,42
231844,0
231845,0
231846,67
231847,0
231848,0
231849,0
231850,0
231851,0
231852,0
231853,0
231854,0
231855,44
231856,0
231857,0
231858,44
231859,53
231860,0
231861,0
231862,0
231863,34
231864,0
231865,39
231866,0
231867,0
231868,25
231869,0
231870,0
231871,58
231872,0
231873,0
231874,0
231875,0
231876,0
231877,0
231878,0
231879,0
231880,0
231881,0
231882,48
231883,0
231884,0
231885,0
231886,0
231887,51
231888,0
231889,0
231890,0
231891,49
231892,0
231893,0
231894,0
231895,37
231896,37
231897,0
231898,0
231899,0
231900,0
231901,0
231902,0
231903,0
231904,0
231905,50
231906,0
231907,0
231908,28
231909,55
231910,0
231911,0
231912,49
231913,0
231914,0
231915,0
231916,0
231917,0
231918,31
231919,0
231920,0
231921,0
231922,0
231923,0
231924,0
231925,0
231926,0
231927,41
231928,47
231929,0
231930,0
231931,47
231932,0
231933,0
231934,0
231935,0
231936,0
231937,0
231938,41
231939,0
231940,0
231941,65
231942,0
231943,0
231944,0
231945,0
231946,0
231947,0
231948,0
231949,0
231950,0
231951,0
231952,38
231953,29
231954,0
231955,0
231956,0
231957,0
231958,37
231959,40
231960,0
231961,0
231962,0
231963,0
231964,0
231965,0
231966,0
231967,0
231968,0
231969,0
231970,0
231971,48
231972,0
231973,0
231974,0
231975,0
231976,0
231977,0
231978,48
231979,24
231980,0
231981,0
231982,0
231983,0
231984,0
231985,0
231986,42
231987,0
231988,0
231989,0
231990,0
231991,0
231992,0
231993,14
231994,0
231995,30
231996,0
231997,0
231998,0
231999,0
232000,0
232001,0
232002,0
232003,0
232004,0
232005,0
232006,0
232007,0
232008,0
232009,0
232010,0
232011,0
232012,0
232013,0
232014,0
232015,0
232016,30
232017,18
232018,0
232019,0
232020,0
232021,0
232022,21
232023,0
232024,0
232025,0
232026,0
232027,0
232028,0
232029,0
232030,0
232031,0
232032,0
232033,0
232034,0
232035,26
232036,0
232037,0
232038,0
232039,0
232040,0
232041,0
232042,0
232043,0
232044,0
232045,0
232046,0
232047,0
232048,0
232049,0
232050,0
232051,0
232052,0
232053,0
232054,0
232055,0
232056,19
232057,0
232058,0
232059,0
232060,0
232061,0
232062,0
232063,0
232064,0
232065,0
232066,0
232067,37
232068,0
232069,0
232070,0
232071,0
232072,0
232073,0
232074,0
232075,0
232076,0
232077,0
232078,0
232079,0
232080,0
232081,0
232082,0
232083,18
232084,0
232085,0
232086,0
232087,0
232088,0
232089,41
232090,0
232091,0
232092,20
232093,0
232094,0
232095,0
232096,0
232097,0
232098,0
232099,0
232100,0
232101,0
232102,0
232103,0
232104,0
232105,0
232106,0
232107,35
232108,0
232109,0
232110,0
232111,0
232112,0
232113,0
232114,0
232115,0
232116,0
232117,0
232118,0
232119,0
232120,0
232121,0
232122,0
232123,0
232124,0
232125,0
232126,0
232127,0
232128,24
232129,0
232130,0
232131,0
232132,0
232133,0
232134,0
232135,0
232136,0
232137,23
232138,0
232139,0
232140,32
232141,35
232142,0
232143,0
232144,0
232145,0
232146,0
232147,0
232148,0
232149,0
232150,0
232151,0
232152,0
232153,0
232154,0
232155,0
232156,0
232157,0
232158,0
232159,0
232160,0
232161,27
232162,0
232163,0
232164,0
232165,0
232166,0
232167,0
232168,0
232169,0
232170,30
232171,0
232172,0
232173,0
232174,0
232175,0
232176,0
232177,0
232178,0
232179,0
232180,0
232181,0
232182,0
232183,0
232184,0
232185,0
232186,0
232187,20
232188,29
232189,0
232190,0
232191,0
232192,0
232193,0
232194,0
232195,0
232196,0
232197,0
232198,0
232199,0
232200,0
232201,0
232202,22
232203,0
232204,0
232205,16
232206,0
232207,0
232208,29
232209,0
232210,29
232211,0
232212,0
232213,0
232214,0
232215,0
232216,24
232217,0
232218,0
232219,0
232220,0
232221,0
232222,0
232223,0
232224,0
232225,0
232226,0
232227,0
232228,0
232229,0
232230,7
232231,0
232232,0
232233,0
232234,0
232235,0
232236,0
232237,0
232238,34
232239,0
232240,0
232241,0
232242,0
232243,0
232244,0
232245,0
232246,0
232247,0
232248,0
232249,0
232250,0
232251,0
232252,0
232253,23
232254,0
232255,0
232256,0
232257,0
232258,0
232259,0
232260,0
232261,0
232262,0
232263,0
232264,0
232265,33
232266,0
232267,0
232268,0
232269,0
232270,0
232271,0
232272,0
232273,0
232274,0
232275,0
232276,0
232277,17
232278,0
232279,0
232280,0
232281,0
232282,0
232283,0
232284,0
232285,0
232286,0
232287,0
232288,26
232289,0
232290,21
232291,0
232292,0
232293,0
232294,0
232295,0
232296,0
232297,0
232298,0
232299,0
232300,0
232301,27
232302,12
232303,0
232304,0
232305,0
232306,0
232307,0
232308,0
232309,0
232310,0
232311,0
232312,0
232313,0
232314,0
232315,0
232316,0
232317,0
232318,0
232319,0
232320,0
232321,0
232322,0
232323,0
232324,26
232325,28
232326,0
232327,0
232328,0
232329,0
232330,0
232331,0
232332,23
232333,0
232334,0
232335,0
232336,0
232337,0
232338,0
232339,0
232340,0
232341,0
232342,0
232343,0
232344,0
232345,0
232346,0
232347,0
232348,0
232349,0
232350,0
232351,0
232352,26
232353,0
232354,0
232355,0
232356,0
232357,0
232358,0
232359,0
232360,0
232361,0
232362,0
232363,21
232364,0
232365,0
232366,0
232367,0
232368,0
232369,0
232370,0
232371,0
232372,0
232373,0
232374,0
232375,0
232376,0
232377,0
232378,0
232379,0
232380,0
232381,0
232382,0
232383,0
232384,0
232385,24
232386,0
232387,0
232388,0
232389,25
232390,0
232391,17
232392,0
232393,0
232394,0
232395,0
232396,0
232397,0
232398,0
232399,0
232400,0
232401,0
232402,0
232403,0
232404,0
232405,0
232406,0
232407,0
232408,0
232409,0
232410,0
232411,0
232412,28
232413,0
232414,0
232415,34
232416,0
232417,0
232418,0
232419,0
232420,0
232421,0
232422,0
232423,0
232424,0
232425,0
232426,0
232427,0
232428,0
232429,0
232430,0
232431,0
232432,0
232433,0
232434,0
232435,33
232436,0
232437,16
232438,18
232439,0
232440,0
232441,0
232442,0
232443,18
232444,0
232445,0
232446,0
232447,0
232448,20
232449,0
232450,0
232451,0
232452,0
232453,0
232454,0
232455,0
232456,0
232457,0
232458,0
232459,0
232460,0
232461,0
232462,0
232463,0
232464,0
232465,31
232466,0
232467,0
232468,0
232469,0
232470,0
232471,0
232472,0
232473,0
232474,0
232475,0
232476,3
232477,0
232478,0
232479,0
232480,3
232481,5
232482,0
232483,6
232484,0
232485,0
232486,0
232487,5
232488,0
232489,0
232490,0
232491,0
232492,0
232493,0
232494,0
232495,0
232496,0
232497,4
232498,2
232499,0
232500,0
232501,0
232502,0
232503,0
232504,0
232505,0
232506,0
232507,0
232508,0
232509,0
232510,0
232511,0
232512,0
232513,6
232514,0
232515,0
232516,0
232517,7
232518,7
232519,0
232520,0
232521,0
232522,0
232523,0
232524,0
232525,0
232526,0
232527,8
232528,2
232529,0
232530,0
232531,0
232532,0
232533,0
232534,0
232535,7
232536,0
232537,0
232538,0
232539,0
232540,0
232541,0
232542,0
232543,0
232544,0
232545,1
232546,0
232547,0
232548,0
232549,0
232550,0
232551,0
232552,0
232553,0
232554,5
232555,8
232556,4
232557,0
232558,0
232559,0
232560,0
232561,0
232562,0
232563,0
232564,0
232565,0
232566,0
232567,1
232568,0
232569,0
232570,0
232571,0
232572,0
232573,6
232574,0
232575,0
232576,0
232577,0
232578,0
232579,0
232580,0
232581,6
232582,0
232583,0
232584,0
232585,0
232586,0
232587,0
232588,0
232589,4
232590,0
232591,0
232592,0
232593,0
232594,0
232595,3
232596,0
232597,0
232598,1
232599,0
232600,0
232601,0
232602,0
232603,0
232604,0
232605,1
232606,0
232607,2
232608,0
232609,0
232610,6
232611,0
232612,2
232613,0
232614,0
232615,0
232616,0
232617,0
232618,0
232619,0
232620,0
232621,0
232622,0
232623,0
232624,0
232625,0
232626,0
232627,0
232628,0
232629,0
232630,0
232631,0
232632,0
232633,6
232634,0
232635,0
232636,0
232637,0
232638,0
232639,2
232640,0
232641,0
232642,4
232643,0
232644,0
232645,0
232646,0
232647,2
232648,0
232649,0
232650,0
232651,0
232652,0
232653,0
232654,0
232655,0
232656,0
232657,2
232658,0
232659,0
232660,0
232661,0
232662,3
232663,0
232664,0
232665,0
232666,0
232667,0
232668,0
232669,3
232670,0
232671,0
232672,0
232673,0
232674,0
232675,1
232676,0
232677,0
232678,0
232679,0
232680,0
232681,0
232682,0
232683,0
232684,0
232685,0
232686,3
232687,2
232688,0
232689,0
232690,4
232691,0
232692,0
232693,0
232694,0
232695,0
232696,0
232697,0
232698,0
232699,0
232700,0
232701,0
232702,0
232703,0
232704,0
232705,0
232706,0
232707,0
232708,0
232709,0
232710,0
232711,0
232712,0
232713,0
232714,3
232715,0
232716,0
232717,0
232718,0
232719,3
232720,0
232721,0
232722,0
232723,0
232724,0
232725,0
232726,6
232727,0
232728,1
232729,5
232730,0
232731,0
232732,0
232733,0
232734,15
232735,0
232736,0
232737,0
232738,0
232739,0
232740,17
232741,0
232742,0
232743,0
232744,0
232745,0
232746,0
232747,0
232748,0
232749,0
232750,28
232751,27
232752,0
232753,17
232754,0
232755,0
232756,0
232757,0
232758,0
232759,0
232760,0
232761,0
232762,0
232763,0
232764,0
232765,29
232766,33
232767,0
232768,0
232769,0
232770,34
232771,28
232772,0
232773,0
232774,0
232775,0
232776,0
232777,0
232778,0
232779,0
232780,0
232781,0
232782,0
232783,0
232784,0
232785,0
232786,0
232787,0
232788,0
232789,0
232790,0
232791,0
232792,0
232793,17
232794,0
232795,0
232796,0
232797,0
232798,0
232799,0
232800,13
232801,20
232802,0
232803,0
232804,20
232805,0
232806,0
232807,0
232808,36
232809,0
232810,0
232811,0
232812,22
232813,0
232814,0
232815,0
232816,0
232817,0
232818,0
232819,0
232820,0
232821,24
232822,0
232823,0
232824,0
232825,0
232826,0
232827,0
232828,0
232829,0
232830,0
232831,0
232832,0
232833,0
232834,0
232835,0
232836,0
232837,0
232838,26
232839,0
232840,25
232841,0
232842,0
232843,0
232844,0
232845,0
232846,16
232847,0
232848,29
232849,20
232850,0
232851,0
232852,0
232853,0
232854,23
232855,0
232856,0
232857,0
232858,0
232859,0
232860,0
232861,0
232862,0
232863,0
232864,0
232865,0
232866,0
232867,0
232868,18
232869,40
232870,0
232871,0
232872,0
232873,21
232874,17
232875,0
232876,0
232877,0
232878,19
232879,0
232880,25
232881,28
232882,0
232883,23
232884,0
232885,0
232886,0
232887,0
232888,0
232889,28
232890,0
232891,0
232892,0
232893,0
232894,0
232895,0
232896,0
232897,0
232898,0
232899,0
232900,0
232901,0
232902,0
232903,0
232904,0
232905,25
232906,0
232907,11
232908,0
232909,0
232910,0
232911,0
232912,0
232913,0
232914,0
232915,0
232916,0
232917,0
232918,14
232919,0
232920,0
232921,35
232922,0
232923,0
232924,0
232925,0
232926,0
232927,0
232928,0
232929,0
232930,0
232931,0
232932,0
232933,0
232934,0
232935,0
232936,37
232937,0
232938,0
232939,0
232940,20
232941,0
232942,33
232943,0
232944,0
232945,0
232946,0
232947,0
232948,19
232949,0
232950,0
232951,0
232952,0
232953,0
232954,31
232955,0
232956,0
232957,0
232958,0
232959,0
232960,0
232961,21
232962,0
232963,0
232964,0
232965,0
232966,0
232967,1
232968,0
232969,0
232970,0
232971,0
232972,0
232973,0
232974,0
232975,0
232976,0
232977,0
232978,0
232979,0
232980,0
232981,0
232982,0
232983,0
232984,0
232985,0
232986,0
232987,0
232988,0
232989,0
232990,0
232991,0
232992,0
232993,0
232994,0
232995,0
232996,0
232997,0
232998,0
232999,0
233000,0
233001,0
233002,0
233003,0
233004,0
233005,0
233006,0
233007,0
233008,0
233009,0
233010,0
233011,0
233012,0
233013,0
233014,0
233015,0
233016,0
233017,0
233018,0
233019,0
233020,0
233021,0
233022,0
233023,0
233024,0
233025,0
233026,0
233027,0
233028,0
233029,0
233030,0
233031,0
233032,0
233033,0
233034,0
233035,0
233036,0
233037,0
233038,0
233039,0
233040,0
233041,0
233042,0
233043,0
233044,0
233045,0
233046,0
233047,0
233048,0
233049,0
233050,0
233051,0
233052,0
233053,0
233054,0
233055,0
233056,0
233057,0
233058,0
233059,0
233060,0
233061,0
233062,0
233063,0
233064,0
233065,0
233066,0
233067,0
233068,0
233069,0
233070,0
233071,0
233072,0
233073,0
233074,0
233075,0
233076,0
233077,0
233078,0
233079,0
233080,0
233081,0
233082,0
233083,0
233084,0
233085,0
233086,0
233087,0
233088,0
233089,0
233090,0
233091,0
233092,0
233093,0
233094,0
233095,0
233096,0
233097,39
233098,31
233099,0
233100,0
233101,0
233102,0
233103,0
233104,0
233105,0
233106,26
233107,30
233108,0
233109,0
233110,0
233111,0
233112,0
233113,27
233114,0
233115,0
233116,0
233117,0
233118,29
233119,0
233120,0
233121,0
233122,36
233123,30
233124,0
233125,0
233126,0
233127,0
233128,0
233129,31
233130,0
233131,0
233132,25
233133,0
233134,0
233135,0
233136,0
233137,0
233138,0
233139,0
233140,0
233141,0
233142,34
233143,0
233144,0
233145,0
233146,0
233147,0
233148,0
233149,0
233150,0
233151,0
233152,0
233153,25
233154,0
233155,31
233156,0
233157,0
233158,0
233159,0
233160,0
233161,0
233162,0
233163,0
233164,27
233165,0
233166,0
233167,0
233168,0
233169,0
233170,0
233171,0
233172,0
233173,0
233174,0
233175,0
233176,0
233177,31
233178,0
233179,0
233180,0
233181,0
233182,0
233183,0
233184,0
233185,22
233186,0
233187,40
233188,0
233189,0
233190,0
233191,0
233192,0
233193,0
233194,0
233195,0
233196,0
233197,0
233198,0
233199,0
233200,0
233201,0
233202,0
233203,0
233204,27
233205,0
233206,0
233207,0
233208,0
233209,0
233210,0
233211,22
233212,0
233213,0
233214,0
233215,0
233216,20
233217,0
233218,0
233219,0
233220,0
233221,0
233222,36
233223,0
233224,0
233225,24
233226,0
233227,0
233228,28
233229,0
233230,0
233231,0
233232,0
233233,0
233234,0
233235,0
233236,0
233237,0
233238,31
233239,0
233240,0
233241,30
233242,0
233243,33
233244,0
233245,0
233246,0
233247,0
233248,0
233249,0
233250,0
233251,31
233252,0
233253,0
233254,0
233255,20
233256,21
233257,0
233258,34
233259,0
233260,0
233261,0
233262,35
233263,0
233264,0
233265,0
233266,0
233267,29
233268,0
233269,0
233270,0
233271,0
233272,0
233273,19
233274,0
233275,0
233276,30
233277,0
233278,0
233279,0
233280,0
233281,0
233282,0
233283,0
233284,0
233285,36
233286,0
233287,0
233288,0
233289,0
233290,0
233291,0
233292,39
233293,0
233294,0
233295,30
233296,0
233297,0
233298,0
233299,0
233300,0
233301,0
233302,0
233303,0
233304,0
233305,0
233306,0
233307,24
233308,0
233309,0
233310,0
233311,0
233312,34
233313,33
233314,31
233315,33
233316,0
233317,0
233318,0
233319,0
233320,0
233321,0
233322,0
233323,22
233324,41
233325,0
233326,0
233327,0
233328,0
233329,0
233330,0
233331,30
233332,0
233333,38
233334,30
233335,24
233336,0
233337,0
233338,30
233339,0
233340,0
233341,0
233342,0
233343,0
233344,0
233345,0
233346,0
233347,19
233348,0
233349,0
233350,0
233351,0
233352,0
233353,0
233354,0
233355,0
233356,0
233357,0
233358,0
233359,0
233360,0
233361,0
233362,0
233363,0
233364,0
233365,0
233366,0
233367,40
233368,0
233369,0
233370,0
233371,0
233372,24
233373,0
233374,0
233375,0
233376,0
233377,37
233378,13
233379,33
233380,25
233381,0
233382,0
233383,0
233384,0
233385,0
233386,0
233387,0
233388,0
233389,0
233390,34
233391,16
233392,0
233393,0
233394,0
233395,0
233396,0
233397,20
233398,0
233399,0
233400,0
233401,0
233402,0
233403,0
233404,0
233405,0
233406,16
233407,0
233408,37
233409,0
233410,0
233411,0
233412,0
233413,0
233414,0
233415,0
233416,0
233417,0
233418,0
233419,0
233420,0
233421,24
233422,30
233423,0
233424,0
233425,0
233426,0
233427,0
233428,0
233429,0
233430,0
233431,0
233432,32
233433,0
233434,0
233435,22
233436,0
233437,0
233438,0
233439,0
233440,0
233441,0
233442,26
233443,24
233444,0
233445,0
233446,0
233447,0
233448,0
233449,38
233450,21
233451,0
233452,29
233453,28
233454,0
233455,0
233456,0
233457,0
233458,0
233459,0
233460,0
233461,0
233462,0
233463,0
233464,0
233465,0
233466,0
233467,0
233468,0
233469,0
233470,0
233471,24
233472,0
233473,0
233474,0
233475,22
233476,0
233477,0
233478,0
233479,19
233480,0
233481,0
233482,31
233483,32
233484,0
233485,0
233486,0
233487,0
233488,0
233489,26
233490,23
233491,0
233492,0
233493,29
233494,0
233495,0
233496,33
233497,0
233498,0
233499,29
233500,0
233501,0
233502,0
233503,0
233504,0
233505,0
233506,0
233507,27
233508,0
233509,0
233510,0
233511,28
233512,0
233513,0
233514,0
233515,0
233516,0
233517,0
233518,0
233519,0
233520,0
233521,29
233522,24
233523,34
233524,0
233525,0
233526,0
233527,0
233528,0
233529,33
233530,0
233531,0
233532,26
233533,0
233534,0
233535,0
233536,0
233537,27
233538,0
233539,0
233540,0
233541,0
233542,0
233543,36
233544,29
233545,0
233546,0
233547,0
233548,0
233549,0
233550,26
233551,0
233552,0
233553,0
233554,0
233555,0
233556,29
233557,29
233558,0
233559,0
233560,0
233561,28
233562,26
233563,0
233564,0
233565,0
233566,0
233567,34
233568,0
233569,0
233570,0
233571,32
233572,0
233573,0
233574,0
233575,0
233576,0
233577,0
233578,28
233579,0
233580,0
233581,0
233582,0
233583,0
233584,30
233585,0
233586,38
233587,25
233588,0
233589,0
233590,20
233591,0
233592,0
233593,31
233594,0
233595,41
233596,17
233597,0
233598,0
233599,30
233600,27
233601,0
233602,0
233603,0
233604,0
233605,0
233606,33
233607,0
233608,35
233609,0
233610,0
233611,33
233612,0
233613,0
233614,0
233615,0
233616,23
233617,0
233618,0
233619,18
233620,0
233621,0
233622,30
233623,27
233624,0
233625,0
233626,0
233627,27
233628,30
233629,0
233630,0
233631,0
233632,0
233633,0
233634,16
233635,0
233636,0
233637,0
233638,0
233639,37
233640,0
233641,28
233642,0
233643,0
233644,0
233645,0
233646,0
233647,0
233648,27
233649,0
233650,0
233651,29
233652,20
233653,0
233654,0
233655,24
233656,29
233657,0
233658,0
233659,37
233660,0
233661,0
233662,26
233663,0
233664,28
233665,31
233666,0
233667,0
233668,28
233669,0
233670,0
233671,0
233672,22
233673,0
233674,0
233675,32
233676,28
233677,0
233678,0
233679,0
233680,0
233681,0
233682,0
233683,0
233684,0
233685,0
233686,0
233687,0
233688,0
233689,0
233690,0
233691,0
233692,0
233693,0
233694,0
233695,0
233696,12
233697,0
233698,0
233699,0
233700,25
233701,0
233702,0
233703,19
233704,24
233705,37
233706,31
233707,0
233708,0
233709,0
233710,40
233711,31
233712,0
233713,0
233714,0
233715,0
233716,0
233717,0
233718,32
233719,34
233720,0
233721,26
233722,0
233723,0
233724,34
233725,0
233726,29
233727,0
233728,0
233729,0
233730,0
233731,0
233732,0
233733,0
233734,0
233735,0
233736,20
233737,0
233738,0
233739,0
233740,32
233741,0
233742,30
233743,0
233744,0
233745,27
233746,0
233747,0
233748,0
233749,0
233750,25
233751,0
233752,0
233753,32
233754,0
233755,0
233756,0
233757,0
233758,0
233759,0
233760,0
233761,0
233762,30
233763,0
233764,0
233765,0
233766,0
233767,0
233768,0
233769,0
233770,0
233771,0
233772,36
233773,0
233774,0
233775,0
233776,0
233777,0
233778,0
233779,0
233780,0
233781,0
233782,0
233783,0
233784,0
233785,0
233786,0
233787,0
233788,0
233789,0
233790,0
233791,0
233792,0
233793,0
233794,0
233795,0
233796,0
233797,0
233798,0
233799,0
233800,0
233801,0
233802,0
233803,0
233804,0
233805,0
233806,0
233807,0
233808,0
233809,0
233810,0
233811,0
233812,0
233813,0
233814,0
233815,0
233816,0
233817,0
233818,0
233819,0
233820,0
233821,0
233822,0
233823,0
233824,0
233825,0
233826,0
233827,0
233828,0
233829,0
233830,0
233831,0
233832,0
233833,0
233834,0
233835,0
233836,0
233837,0
233838,0
233839,0
233840,0
233841,0
233842,0
233843,0
233844,0
233845,26
233846,0
233847,0
233848,0
233849,0
233850,0
233851,0
233852,0
233853,0
233854,0
233855,0
233856,0
233857,0
233858,0
233859,23
233860,0
233861,0
233862,0
233863,47
233864,0
233865,0
233866,0
233867,0
233868,0
233869,0
233870,0
233871,0
233872,0
233873,0
233874,0
233875,0
233876,0
233877,0
233878,0
233879,0
233880,0
233881,0
233882,0
233883,36
233884,0
233885,0
233886,0
233887,0
233888,0
233889,0
233890,0
233891,0
233892,0
233893,0
233894,0
233895,0
233896,36
233897,0
233898,0
233899,0
233900,0
233901,0
233902,0
233903,0
233904,0
233905,0
233906,0
233907,0
233908,0
233909,0
233910,0
233911,0
233912,0
233913,0
233914,0
233915,0
233916,0
233917,0
233918,0
233919,34
233920,0
233921,0
233922,0
233923,0
233924,0
233925,0
233926,0
233927,0
233928,0
233929,0
233930,0
233931,0
233932,28
233933,0
233934,0
233935,0
233936,0
233937,0
233938,0
233939,0
233940,0
233941,0
233942,0
233943,0
233944,0
233945,0
233946,0
233947,43
233948,0
233949,0
233950,35
233951,0
233952,0
233953,0
233954,0
233955,0
233956,0
233957,0
233958,0
233959,0
233960,0
233961,0
233962,0
233963,0
233964,34
233965,0
233966,0
233967,0
233968,18
233969,0
233970,0
233971,0
233972,0
233973,49
233974,54
233975,0
233976,0
233977,0
233978,36
233979,0
233980,0
233981,0
233982,0
233983,0
233984,0
233985,0
233986,0
233987,0
233988,0
233989,0
233990,0
233991,0
233992,0
233993,0
233994,0
233995,0
233996,0
233997,0
233998,0
233999,0
234000,0
234001,0
234002,0
234003,0
234004,0
234005,0
234006,0
234007,31
234008,0
234009,0
234010,0
234011,0
234012,0
234013,0
234014,0
234015,0
234016,0
234017,0
234018,0
234019,0
234020,0
234021,0
234022,0
234023,0
234024,0
234025,0
234026,0
234027,0
234028,0
234029,0
234030,0
234031,22
234032,0
234033,0
234034,0
234035,0
234036,24
234037,0
234038,0
234039,0
234040,0
234041,0
234042,0
234043,0
234044,0
234045,0
234046,0
234047,0
234048,0
234049,27
234050,0
234051,0
234052,0
234053,0
234054,0
234055,0
234056,0
234057,0
234058,0
234059,0
234060,0
234061,0
234062,0
234063,0
234064,0
234065,0
234066,28
234067,0
234068,0
234069,0
234070,36
234071,0
234072,0
234073,0
234074,0
234075,0
234076,0
234077,0
234078,0
234079,0
234080,0
234081,0
234082,0
234083,33
234084,0
234085,0
234086,0
234087,0
234088,0
234089,0
234090,43
234091,0
234092,0
234093,0
234094,0
234095,0
234096,0
234097,34
234098,0
234099,27
234100,0
234101,0
234102,0
234103,0
234104,0
234105,0
234106,0
234107,0
234108,0
234109,0
234110,28
234111,0
234112,30
234113,0
234114,0
234115,0
234116,0
234117,0
234118,0
234119,0
234120,0
234121,0
234122,0
234123,0
234124,0
234125,0
234126,0
234127,0
234128,0
234129,0
234130,0
234131,0
234132,0
234133,0
234134,0
234135,0
234136,0
234137,0
234138,0
234139,0
234140,0
234141,0
234142,0
234143,0
234144,0
234145,0
234146,0
234147,0
234148,0
234149,29
234150,0
234151,0
234152,0
234153,0
234154,0
234155,0
234156,0
234157,0
234158,0
234159,0
234160,0
234161,0
234162,0
234163,35
234164,0
234165,0
234166,0
234167,0
234168,0
234169,0
234170,39
234171,0
234172,0
234173,0
234174,0
234175,0
234176,0
234177,27
234178,0
234179,0
234180,0
234181,0
234182,0
234183,0
234184,0
234185,0
234186,0
234187,0
234188,0
234189,0
234190,0
234191,0
234192,0
234193,0
234194,0
234195,0
234196,0
234197,0
234198,0
234199,0
234200,0
234201,49
234202,0
234203,0
234204,0
234205,0
234206,0
234207,0
234208,0
234209,0
234210,0
234211,0
234212,0
234213,0
234214,0
234215,0
234216,0
234217,29
234218,0
234219,0
234220,0
234221,0
234222,29
234223,0
234224,0
234225,27
234226,0
234227,0
234228,0
234229,0
234230,0
234231,0
234232,33
234233,0
234234,0
234235,0
234236,33
234237,0
234238,0
234239,0
234240,0
234241,0
234242,0
234243,0
234244,0
234245,0
234246,0
234247,43
234248,0
234249,0
234250,0
234251,0
234252,0
234253,0
234254,0
234255,0
234256,0
234257,23
234258,0
234259,24
234260,0
234261,0
234262,0
234263,0
234264,0
234265,0
234266,33
234267,0
234268,0
234269,0
234270,0
234271,0
234272,0
234273,0
234274,0
234275,0
234276,0
234277,0
234278,0
234279,0
234280,0
234281,32
234282,0
234283,0
234284,0
234285,0
234286,0
234287,0
234288,0
234289,0
234290,0
234291,0
234292,0
234293,0
234294,0
234295,0
234296,0
234297,0
234298,0
234299,0
234300,0
234301,0
234302,0
234303,0
234304,0
234305,0
234306,0
234307,0
234308,0
234309,0
234310,0
234311,0
234312,0
234313,0
234314,0
234315,0
234316,0
234317,0
234318,0
234319,40
234320,0
234321,0
234322,0
234323,0
234324,0
234325,35
234326,0
234327,0
234328,0
234329,0
234330,0
234331,0
234332,0
234333,0
234334,0
234335,0
234336,0
234337,27
234338,0
234339,0
234340,0
234341,0
234342,0
234343,0
234344,0
234345,0
234346,0
234347,0
234348,28
234349,0
234350,0
234351,0
234352,0
234353,0
234354,0
234355,0
234356,0
234357,0
234358,0
234359,0
234360,0
234361,0
234362,0
234363,0
234364,0
234365,0
234366,0
234367,0
234368,0
234369,0
234370,0
234371,0
234372,0
234373,0
234374,0
234375,0
234376,0
234377,0
234378,0
234379,20
234380,0
234381,0
234382,0
234383,0
234384,0
234385,0
234386,0
234387,0
234388,0
234389,0
234390,0
234391,0
234392,0
234393,0
234394,0
234395,0
234396,0
234397,0
234398,0
234399,0
234400,0
234401,23
234402,0
234403,0
234404,0
234405,0
234406,0
234407,0
234408,0
234409,0
234410,0
234411,0
234412,38
234413,0
234414,0
234415,0
234416,0
234417,0
234418,0
234419,0
234420,0
234421,0
234422,0
234423,0
234424,0
234425,0
234426,0
234427,0
234428,0
234429,0
234430,0
234431,0
234432,0
234433,0
234434,0
234435,0
234436,0
234437,0
234438,0
234439,0
234440,0
234441,22
234442,0
234443,0
234444,0
234445,30
234446,0
234447,0
234448,0
234449,0
234450,0
234451,0
234452,0
234453,0
234454,0
234455,0
234456,0
234457,0
234458,0
234459,0
234460,0
234461,0
234462,38
234463,0
234464,0
234465,0
234466,0
234467,0
234468,0
234469,0
234470,0
234471,0
234472,0
234473,0
234474,0
234475,0
234476,29
234477,0
234478,0
234479,24
234480,0
234481,0
234482,0
234483,0
234484,0
234485,0
234486,0
234487,32
234488,0
234489,0
234490,0
234491,0
234492,0
234493,0
234494,0
234495,0
234496,20
234497,0
234498,0
234499,0
234500,0
234501,0
234502,0
234503,0
234504,0
234505,0
234506,0
234507,0
234508,0
234509,0
234510,0
234511,27
234512,0
234513,0
234514,0
234515,0
234516,21
234517,0
234518,0
234519,0
234520,0
234521,0
234522,0
234523,0
234524,0
234525,0
234526,0
234527,0
234528,31
234529,0
234530,0
234531,0
234532,0
234533,15
234534,0
234535,0
234536,0
234537,0
234538,0
234539,0
234540,0
234541,0
234542,0
234543,0
234544,0
234545,0
234546,0
234547,35
234548,0
234549,0
234550,0
234551,0
234552,0
234553,0
234554,0
234555,0
234556,0
234557,0
234558,0
234559,0
234560,0
234561,0
234562,0
234563,0
234564,0
234565,0
234566,0
234567,30
234568,0
234569,22
234570,0
234571,37
234572,0
234573,0
234574,0
234575,0
234576,0
234577,0
234578,0
234579,0
234580,0
234581,0
234582,28
234583,0
234584,0
234585,0
234586,0
234587,32
234588,0
234589,0
234590,0
234591,33
234592,0
234593,0
234594,0
234595,0
234596,20
234597,0
234598,0
234599,0
234600,0
234601,0
234602,0
234603,0
234604,0
234605,0
234606,0
234607,0
234608,0
234609,0
234610,0
234611,22
234612,0
234613,0
234614,0
234615,0
234616,0
234617,0
234618,0
234619,0
234620,0
234621,0
234622,0
234623,24
234624,0
234625,41
234626,0
234627,0
234628,0
234629,0
234630,0
234631,0
234632,0
234633,0
234634,0
234635,0
234636,0
234637,0
234638,0
234639,0
234640,0
234641,0
234642,0
234643,0
234644,0
234645,0
234646,0
234647,23
234648,0
234649,0
234650,0
234651,0
234652,0
234653,0
234654,19
234655,0
234656,0
234657,0
234658,0
234659,0
234660,0
234661,0
234662,33
234663,0
234664,0
234665,0
234666,29
234667,0
234668,0
234669,0
234670,0
234671,27
234672,0
234673,0
234674,0
234675,0
234676,0
234677,0
234678,0
234679,0
234680,0
234681,22
234682,0
234683,0
234684,31
234685,0
234686,0
234687,0
234688,0
234689,0
234690,0
234691,0
234692,0
234693,0
234694,0
234695,0
234696,0
234697,23
234698,0
234699,0
234700,0
234701,0
234702,0
234703,20
234704,0
234705,0
234706,0
234707,0
234708,33
234709,0
234710,0
234711,33
234712,0
234713,38
234714,0
234715,27
234716,0
234717,0
234718,0
234719,0
234720,0
234721,0
234722,0
234723,0
234724,0
234725,0
234726,0
234727,0
234728,0
234729,0
234730,0
234731,0
234732,0
234733,0
234734,0
234735,0
234736,0
234737,0
234738,0
234739,0
234740,0
234741,0
234742,0
234743,23
234744,0
234745,0
234746,0
234747,0
234748,0
234749,0
234750,0
234751,0
234752,0
234753,0
234754,0
234755,0
234756,0
234757,0
234758,0
234759,0
234760,0
234761,0
234762,0
234763,0
234764,0
234765,0
234766,0
234767,0
234768,27
234769,16
234770,0
234771,0
234772,0
234773,0
234774,0
234775,0
234776,30
234777,0
234778,0
234779,0
234780,0
234781,0
234782,0
234783,0
234784,28
234785,0
234786,0
234787,0
234788,0
234789,33
234790,0
234791,0
234792,0
234793,20
234794,0
234795,0
234796,0
234797,0
234798,23
234799,0
234800,0
234801,0
234802,0
234803,0
234804,0
234805,0
234806,0
234807,22
234808,0
234809,0
234810,0
234811,0
234812,0
234813,0
234814,0
234815,0
234816,0
234817,0
234818,0
234819,0
234820,0
234821,0
234822,0
234823,0
234824,0
234825,0
234826,0
234827,0
234828,0
234829,0
234830,0
234831,0
234832,0
234833,0
234834,0
234835,0
234836,0
234837,0
234838,0
234839,0
234840,24
234841,0
234842,30
234843,0
234844,0
234845,0
234846,0
234847,0
234848,0
234849,0
234850,0
234851,0
234852,24
234853,0
234854,0
234855,0
234856,0
234857,0
234858,0
234859,0
234860,0
234861,0
234862,0
234863,0
234864,0
234865,0
234866,0
234867,0
234868,0
234869,0
234870,0
234871,0
234872,0
234873,0
234874,32
234875,0
234876,0
234877,0
234878,0
234879,0
234880,0
234881,0
234882,0
234883,0
234884,0
234885,0
234886,0
234887,0
234888,0
234889,0
234890,0
234891,0
234892,0
234893,0
234894,0
234895,0
234896,0
234897,0
234898,0
234899,0
234900,0
234901,0
234902,0
234903,0
234904,0
234905,0
234906,0
234907,0
234908,0
234909,0
234910,0
234911,0
234912,0
234913,0
234914,0
234915,0
234916,0
234917,0
234918,0
234919,0
234920,0
234921,0
234922,0
234923,0
234924,0
234925,0
234926,0
234927,0
234928,0
234929,0
234930,0
234931,0
234932,0
234933,0
234934,0
234935,33
234936,0
234937,0
234938,0
234939,31
234940,0
234941,0
234942,0
234943,0
234944,0
234945,0
234946,0
234947,0
234948,0
234949,0
234950,4
234951,0
234952,0
234953,0
234954,0
234955,0
234956,0
234957,0
234958,0
234959,0
234960,0
234961,0
234962,0
234963,0
234964,0
234965,0
234966,6
234967,0
234968,0
234969,0
234970,0
234971,0
234972,0
234973,0
234974,0
234975,0
234976,0
234977,0
234978,0
234979,0
234980,0
234981,0
234982,0
234983,0
234984,0
234985,0
234986,0
234987,0
234988,0
234989,0
234990,6
234991,0
234992,0
234993,0
234994,0
234995,0
234996,0
234997,0
234998,0
234999,0
235000,0
235001,0
235002,0
235003,0
235004,0
235005,7
235006,0
235007,0
235008,4
235009,0
235010,0
235011,0
235012,0
235013,0
235014,0
235015,0
235016,0
235017,0
235018,0
235019,7
235020,0
235021,0
235022,0
235023,0
235024,0
235025,0
235026,0
235027,0
235028,0
235029,0
235030,0
235031,0
235032,7
235033,0
235034,0
235035,0
235036,0
235037,0
235038,0
235039,0
235040,0
235041,6
235042,3
235043,0
235044,0
235045,0
235046,0
235047,0
235048,3
235049,0
235050,0
235051,0
235052,0
235053,0
235054,0
235055,0
235056,0
235057,0
235058,0
235059,0
235060,0
235061,0
235062,0
235063,0
235064,0
235065,0
235066,0
235067,0
235068,0
235069,0
235070,0
235071,1
235072,2
235073,0
235074,0
235075,0
235076,0
235077,6
235078,0
235079,0
235080,0
235081,0
235082,0
235083,0
235084,0
235085,0
235086,0
235087,0
235088,0
235089,0
235090,0
235091,0
235092,0
235093,0
235094,0
235095,0
235096,0
235097,0
235098,0
235099,0
235100,0
235101,0
235102,0
235103,0
235104,0
235105,0
235106,0
235107,0
235108,0
235109,0
235110,0
235111,0
235112,0
235113,0
235114,0
235115,1
235116,0
235117,0
235118,0
235119,2
235120,0
235121,0
235122,0
235123,0
235124,0
235125,0
235126,0
235127,0
235128,0
235129,3
235130,0
235131,0
235132,0
235133,0
235134,0
235135,0
235136,0
235137,0
235138,1
235139,0
235140,2
235141,0
235142,7
235143,0
235144,0
235145,0
235146,0
235147,0
235148,0
235149,0
235150,0
235151,0
235152,0
235153,0
235154,0
235155,0
235156,0
235157,6
235158,0
235159,0
235160,0
235161,4
235162,0
235163,5
235164,0
235165,0
235166,0
235167,6
235168,4
235169,0
235170,0
235171,0
235172,0
235173,0
235174,2
235175,0
235176,0
235177,0
235178,0
235179,2
235180,0
235181,4
235182,0
235183,0
235184,5
235185,0
235186,0
235187,0
235188,2
235189,0
235190,0
235191,0
235192,0
235193,0
235194,0
235195,0
235196,0
235197,0
235198,0
235199,0
235200,0
235201,0
235202,6
235203,0
235204,0
235205,0
235206,0
235207,0
235208,7
235209,0
235210,0
235211,0
235212,0
235213,0
235214,0
235215,0
235216,0
235217,0
235218,0
235219,0
235220,0
235221,0
235222,0
235223,0
235224,0
235225,0
235226,0
235227,0
235228,0
235229,0
235230,0
235231,0
235232,0
235233,0
235234,0
235235,0
235236,0
235237,0
235238,0
235239,0
235240,0
235241,0
235242,0
235243,0
235244,0
235245,0
235246,0
235247,0
235248,0
235249,0
235250,0
235251,0
235252,0
235253,0
235254,0
235255,0
235256,0
235257,4
235258,0
235259,0
235260,0
235261,0
235262,0
235263,0
235264,0
235265,0
235266,0
235267,0
235268,0
235269,0
235270,0
235271,0
235272,0
235273,0
235274,6
235275,0
235276,0
235277,0
235278,0
235279,4
235280,0
235281,0
235282,0
235283,0
235284,1
235285,0
235286,0
235287,0
235288,0
235289,0
235290,0
235291,0
235292,0
235293,0
235294,0
235295,0
235296,1
235297,0
235298,0
235299,0
235300,0
235301,0
235302,0
235303,0
235304,5
235305,0
235306,0
235307,0
235308,0
235309,0
235310,0
235311,0
235312,0
235313,0
235314,0
235315,0
235316,0
235317,0
235318,0
235319,0
235320,0
235321,0
235322,0
235323,0
235324,0
235325,0
235326,0
235327,0
235328,0
235329,0
235330,0
235331,0
235332,0
235333,0
235334,0
235335,0
235336,0
235337,0
235338,0
235339,0
235340,0
235341,0
235342,0
235343,0
235344,0
235345,5
235346,0
235347,0
235348,0
235349,3
235350,0
235351,2
235352,0
235353,0
235354,0
235355,0
235356,0
235357,0
235358,0
235359,0
235360,0
235361,0
235362,1
235363,0
235364,0
235365,0
235366,0
235367,0
235368,0
235369,0
235370,3
235371,0
235372,0
235373,0
235374,0
235375,0
235376,5
235377,0
235378,0
235379,0
235380,0
235381,0
235382,0
235383,0
235384,3
235385,0
235386,3
235387,0
235388,0
235389,0
235390,0
235391,0
235392,0
235393,0
235394,0
235395,0
235396,0
235397,3
235398,0
235399,0
235400,0
235401,2
235402,0
235403,0
235404,0
235405,0
235406,0
235407,8
235408,0
235409,0
235410,0
235411,0
235412,0
235413,0
235414,0
235415,0
235416,0
235417,0
235418,0
235419,0
235420,0
235421,0
235422,0
235423,0
235424,0
235425,0
235426,3
235427,2
235428,0
235429,0
235430,0
235431,0
235432,0
235433,0
235434,0
235435,0
235436,0
235437,2
235438,0
235439,0
235440,0
235441,0
235442,3
235443,0
235444,0
235445,0
235446,0
235447,0
235448,0
235449,0
235450,0
235451,0
235452,0
235453,0
235454,0
235455,4
235456,0
235457,0
235458,0
235459,4
235460,0
235461,0
235462,0
235463,41
235464,0
235465,0
235466,0
235467,0
235468,0
235469,0
235470,35
235471,0
235472,0
235473,0
235474,25
235475,0
235476,0
235477,0
235478,0
235479,0
235480,36
235481,0
235482,45
235483,0
235484,0
235485,0
235486,56
235487,51
235488,0
235489,0
235490,43
235491,0
235492,0
235493,0
235494,0
235495,24
235496,21
235497,0
235498,35
235499,0
235500,0
235501,0
235502,0
235503,0
235504,0
235505,0
235506,0
235507,59
235508,0
235509,33
235510,0
235511,0
235512,0
235513,0
235514,0
235515,23
235516,0
235517,0
235518,0
235519,0
235520,0
235521,44
235522,0
235523,41
235524,0
235525,0
235526,36
235527,0
235528,0
235529,0
235530,0
235531,0
235532,0
235533,0
235534,32
235535,0
235536,0
235537,0
235538,0
235539,0
235540,0
235541,0
235542,0
235543,28
235544,0
235545,0
235546,0
235547,0
235548,0
235549,0
235550,0
235551,0
235552,38
235553,28
235554,0
235555,0
235556,30
235557,0
235558,0
235559,0
235560,0
235561,0
235562,69
235563,0
235564,46
235565,0
235566,0
235567,0
235568,0
235569,26
235570,0
235571,0
235572,19
235573,0
235574,0
235575,0
235576,28
235577,0
235578,21
235579,0
235580,0
235581,0
235582,0
235583,24
235584,0
235585,0
235586,17
235587,0
235588,0
235589,0
235590,0
235591,0
235592,0
235593,0
235594,0
235595,0
235596,0
235597,0
235598,0
235599,0
235600,0
235601,0
235602,0
235603,0
235604,0
235605,0
235606,0
235607,20
235608,0
235609,0
235610,0
235611,0
235612,0
235613,54
235614,0
235615,0
235616,26
235617,0
235618,0
235619,0
235620,0
235621,0
235622,0
235623,0
235624,0
235625,0
235626,36
235627,0
235628,42
235629,0
235630,0
235631,0
235632,0
235633,37
235634,0
235635,0
235636,50
235637,0
235638,0
235639,0
235640,0
235641,0
235642,0
235643,0
235644,0
235645,32
235646,46
235647,0
235648,0
235649,0
235650,0
235651,0
235652,0
235653,0
235654,0
235655,0
235656,0
235657,0
235658,37
235659,0
235660,0
235661,0
235662,30
235663,0
235664,0
235665,35
235666,42
235667,0
235668,0
235669,0
235670,0
235671,0
235672,0
235673,0
235674,0
235675,15
235676,0
235677,0
235678,0
235679,0
235680,32
235681,0
235682,0
235683,0
235684,0
235685,0
235686,0
235687,0
235688,0
235689,0
235690,0
235691,35
235692,0
235693,26
235694,0
235695,0
235696,0
235697,0
235698,0
235699,0
235700,0
235701,0
235702,43
235703,35
235704,0
235705,0
235706,0
235707,26
235708,0
235709,0
235710,0
235711,0
235712,26
235713,31
235714,0
235715,0
235716,0
235717,0
235718,0
235719,0
235720,0
235721,0
235722,36
235723,0
235724,0
235725,0
235726,0
235727,0
235728,0
235729,0
235730,0
235731,0
235732,0
235733,0
235734,0
235735,0
235736,0
235737,33
235738,0
235739,38
235740,0
235741,0
235742,0
235743,0
235744,0
235745,0
235746,0
235747,0
235748,0
235749,0
235750,0
235751,0
235752,0
235753,0
235754,0
235755,0
235756,0
235757,0
235758,0
235759,0
235760,0
235761,25
235762,0
235763,36
235764,0
235765,0
235766,0
235767,0
235768,0
235769,0
235770,0
235771,0
235772,0
235773,0
235774,0
235775,0
235776,0
235777,0
235778,0
235779,0
235780,0
235781,0
235782,23
235783,0
235784,0
235785,0
235786,39
235787,0
235788,0
235789,0
235790,0
235791,41
235792,26
235793,0
235794,0
235795,0
235796,45
235797,0
235798,0
235799,0
235800,0
235801,41
235802,0
235803,0
235804,0
235805,0
235806,0
235807,0
235808,0
235809,31
235810,18
235811,0
235812,0
235813,0
235814,0
235815,0
235816,0
235817,0
235818,0
235819,30
235820,0
235821,0
235822,0
235823,0
235824,0
235825,0
235826,34
235827,0
235828,0
235829,0
235830,19
235831,0
235832,0
235833,0
235834,0
235835,43
235836,0
235837,30
235838,0
235839,0
235840,0
235841,24
235842,0
235843,0
235844,0
235845,0
235846,0
235847,0
235848,0
235849,0
235850,0
235851,0
235852,1
235853,0
235854,0
235855,0
235856,0
235857,0
235858,0
235859,0
235860,0
235861,0
235862,0
235863,0
235864,0
235865,0
235866,0
235867,0
235868,0
235869,0
235870,0
235871,0
235872,0
235873,0
235874,0
235875,0
235876,0
235877,0
235878,0
235879,0
235880,0
235881,0
235882,0
235883,0
235884,0
235885,0
235886,0
235887,0
235888,0
235889,0
235890,0
235891,0
235892,0
235893,0
235894,0
235895,0
235896,0
235897,0
235898,0
235899,0
235900,0
235901,0
235902,0
235903,0
235904,1
235905,0
235906,0
235907,0
235908,1
235909,0
235910,0
235911,0
235912,0
235913,0
235914,0
235915,0
235916,0
235917,0
235918,0
235919,0
235920,0
235921,0
235922,0
235923,1
235924,0
235925,0
235926,0
235927,0
235928,0
235929,0
235930,0
235931,0
235932,0
235933,0
235934,0
235935,0
235936,0
235937,0
235938,0
235939,0
235940,0
235941,0
235942,0
235943,0
235944,0
235945,0
235946,0
235947,0
235948,0
235949,0
235950,0
235951,0
235952,0
235953,0
235954,0
235955,0
235956,0
235957,0
235958,0
235959,0
235960,0
235961,0
235962,0
235963,1
235964,0
235965,0
235966,0
235967,0
235968,0
235969,0
235970,0
235971,0
235972,0
235973,0
235974,0
235975,0
235976,0
235977,0
235978,0
235979,0
235980,0
235981,0
235982,0
235983,0
235984,0
235985,0
235986,0
235987,0
235988,0
235989,0
235990,0
235991,0
235992,0
235993,0
235994,0
235995,0
235996,0
235997,0
235998,0
235999,0
236000,0
236001,0
236002,0
236003,0
236004,0
236005,0
236006,0
236007,0
236008,0
236009,0
236010,0
236011,0
236012,0
236013,0
236014,0
236015,0
236016,0
236017,0
236018,0
236019,0
236020,0
236021,0
236022,0
236023,0
236024,0
236025,0
236026,0
236027,0
236028,0
236029,0
236030,0
236031,0
236032,0
236033,0
236034,2
236035,0
236036,0
236037,0
236038,0
236039,0
236040,0
236041,0
236042,0
236043,0
236044,0
236045,2
236046,0
236047,0
236048,0
236049,0
236050,0
236051,0
236052,0
236053,0
236054,0
236055,0
236056,0
236057,0
236058,0
236059,0
236060,0
236061,0
236062,0
236063,0
236064,0
236065,0
236066,1
236067,0
236068,0
236069,0
236070,0
236071,0
236072,0
236073,0
236074,0
236075,0
236076,0
236077,0
236078,0
236079,0
236080,0
236081,0
236082,0
236083,0
236084,0
236085,0
236086,0
236087,0
236088,0
236089,0
236090,0
236091,0
236092,0
236093,0
236094,0
236095,0
236096,0
236097,0
236098,0
236099,0
236100,0
236101,0
236102,0
236103,0
236104,0
236105,0
236106,0
236107,0
236108,0
236109,0
236110,0
236111,0
236112,0
236113,0
236114,0
236115,0
236116,0
236117,0
236118,1
236119,0
236120,1
236121,0
236122,0
236123,0
236124,0
236125,0
236126,0
236127,0
236128,0
236129,0
236130,1
236131,0
236132,0
236133,0
236134,0
236135,0
236136,0
236137,0
236138,0
236139,0
236140,1
236141,0
236142,0
236143,0
236144,0
236145,0
236146,0
236147,0
236148,0
236149,0
236150,0
236151,0
236152,0
236153,0
236154,0
236155,0
236156,0
236157,0
236158,0
236159,1
236160,0
236161,0
236162,0
236163,0
236164,0
236165,0
236166,0
236167,0
236168,0
236169,0
236170,0
236171,0
236172,0
236173,0
236174,0
236175,0
236176,0
236177,0
236178,0
236179,0
236180,0
236181,0
236182,0
236183,0
236184,0
236185,0
236186,0
236187,0
236188,0
236189,0
236190,0
236191,0
236192,0
236193,0
236194,0
236195,0
236196,0
236197,0
236198,0
236199,0
236200,0
236201,0
236202,0
236203,0
236204,0
236205,0
236206,0
236207,0
236208,0
236209,0
236210,0
236211,0
236212,0
236213,0
236214,0
236215,0
236216,0
236217,0
236218,0
236219,0
236220,0
236221,0
236222,0
236223,0
236224,0
236225,0
236226,0
236227,0
236228,0
236229,0
236230,0
236231,0
236232,0
236233,0
236234,0
236235,0
236236,0
236237,0
236238,0
236239,0
236240,0
236241,0
236242,0
236243,0
236244,0
236245,0
236246,0
236247,0
236248,0
236249,0
236250,0
236251,0
236252,0
236253,0
236254,0
236255,0
236256,0
236257,0
236258,0
236259,0
236260,0
236261,0
236262,0
236263,0
236264,0
236265,0
236266,0
236267,0
236268,0
236269,0
236270,0
236271,0
236272,0
236273,0
236274,0
236275,0
236276,0
236277,0
236278,0
236279,0
236280,0
236281,0
236282,0
236283,19
236284,7
236285,0
236286,0
236287,0
236288,0
236289,0
236290,0
236291,9
236292,7
236293,0
236294,17
236295,0
236296,0
236297,13
236298,8
236299,0
236300,16
236301,6
236302,16
236303,0
236304,0
236305,0
236306,9
236307,0
236308,11
236309,0
236310,0
236311,7
236312,3
236313,15
236314,0
236315,0
236316,10
236317,0
236318,0
236319,0
236320,8
236321,7
236322,0
236323,0
236324,5
236325,0
236326,14
236327,0
236328,0
236329,0
236330,5
236331,0
236332,0
236333,5
236334,0
236335,0
236336,8
236337,8
236338,0
236339,0
236340,0
236341,9
236342,0
236343,0
236344,0
236345,0
236346,0
236347,0
236348,0
236349,0
236350,0
236351,0
236352,0
236353,0
236354,0
236355,0
236356,0
236357,9
236358,0
236359,0
236360,0
236361,0
236362,5
236363,0
236364,0
236365,0
236366,0
236367,14
236368,0
236369,0
236370,0
236371,0
236372,0
236373,0
236374,0
236375,0
236376,17
236377,10
236378,0
236379,0
236380,0
236381,0
236382,0
236383,0
236384,0
236385,15
236386,20
236387,0
236388,0
236389,0
236390,3
236391,8
236392,0
236393,0
236394,9
236395,0
236396,25
236397,0
236398,0
236399,0
236400,0
236401,0
236402,3
236403,6
236404,11
236405,0
236406,0
236407,9
236408,5
236409,0
236410,18
236411,0
236412,0
236413,0
236414,0
236415,0
236416,6
236417,0
236418,0
236419,0
236420,0
236421,15
236422,0
236423,0
236424,0
236425,0
236426,0
236427,13
236428,0
236429,0
236430,3
236431,8
236432,8
236433,0
236434,0
236435,0
236436,6
236437,0
236438,0
236439,0
236440,3
236441,9
236442,10
236443,10
236444,10
236445,0
236446,0
236447,0
236448,0
236449,0
236450,16
236451,0
236452,0
236453,11
236454,0
236455,5
236456,0
236457,0
236458,0
236459,17
236460,0
236461,0
236462,0
236463,0
236464,0
236465,0
236466,0
236467,5
236468,7
236469,9
236470,0
236471,0
236472,0
236473,0
236474,0
236475,0
236476,0
236477,0
236478,0
236479,0
236480,15
236481,0
236482,0
236483,0
236484,0
236485,0
236486,0
236487,0
236488,0
236489,6
236490,17
236491,0
236492,0
236493,8
236494,0
236495,8
236496,8
236497,12
236498,6
236499,0
236500,5
236501,0
236502,0
236503,0
236504,0
236505,0
236506,0
236507,0
236508,8
236509,0
236510,0
236511,22
236512,0
236513,5
236514,0
236515,0
236516,0
236517,0
236518,0
236519,0
236520,0
236521,0
236522,2
236523,0
236524,2
236525,0
236526,0
236527,0
236528,0
236529,0
236530,0
236531,0
236532,0
236533,0
236534,0
236535,8
236536,0
236537,0
236538,0
236539,7
236540,0
236541,0
236542,0
236543,0
236544,0
236545,0
236546,14
236547,0
236548,0
236549,0
236550,0
236551,0
236552,8
236553,15
236554,17
236555,6
236556,0
236557,0
236558,0
236559,0
236560,0
236561,0
236562,0
236563,0
236564,14
236565,5
236566,11
236567,9
236568,0
236569,6
236570,0
236571,13
236572,0
236573,0
236574,0
236575,0
236576,0
236577,0
236578,8
236579,0
236580,0
236581,0
236582,0
236583,0
236584,0
236585,2
236586,0
236587,0
236588,11
236589,0
236590,0
236591,0
236592,14
236593,16
236594,0
236595,18
236596,0
236597,0
236598,0
236599,9
236600,7
236601,0
236602,0
236603,0
236604,0
236605,0
236606,7
236607,0
236608,0
236609,0
236610,0
236611,0
236612,0
236613,0
236614,0
236615,0
236616,11
236617,0
236618,6
236619,6
236620,0
236621,0
236622,0
236623,0
236624,0
236625,0
236626,0
236627,0
236628,0
236629,0
236630,0
236631,11
236632,0
236633,0
236634,4
236635,0
236636,0
236637,14
236638,0
236639,0
236640,0
236641,9
236642,0
236643,17
236644,0
236645,0
236646,0
236647,0
236648,0
236649,7
236650,0
236651,0
236652,0
236653,0
236654,0
236655,10
236656,0
236657,0
236658,0
236659,13
236660,0
236661,0
236662,0
236663,14
236664,0
236665,18
236666,10
236667,0
236668,21
236669,9
236670,10
236671,0
236672,4
236673,0
236674,0
236675,0
236676,6
236677,7
236678,0
236679,0
236680,0
236681,0
236682,0
236683,0
236684,0
236685,0
236686,0
236687,0
236688,0
236689,0
236690,0
236691,4
236692,0
236693,8
236694,0
236695,0
236696,0
236697,0
236698,0
236699,0
236700,10
236701,15
236702,0
236703,0
236704,0
236705,0
236706,0
236707,0
236708,14
236709,11
236710,0
236711,0
236712,0
236713,5
236714,0
236715,0
236716,0
236717,0
236718,5
236719,0
236720,0
236721,0
236722,11
236723,0
236724,4
236725,0
236726,5
236727,0
236728,0
236729,0
236730,17
236731,0
236732,0
236733,0
236734,6
236735,6
236736,0
236737,0
236738,0
236739,0
236740,0
236741,0
236742,0
236743,0
236744,7
236745,0
236746,0
236747,0
236748,8
236749,0
236750,0
236751,5
236752,0
236753,9
236754,0
236755,0
236756,7
236757,23
236758,0
236759,0
236760,0
236761,0
236762,0
236763,0
236764,0
236765,0
236766,0
236767,10
236768,0
236769,0
236770,0
236771,0
236772,0
236773,10
236774,0
236775,0
236776,0
236777,0
236778,0
236779,0
236780,0
236781,0
236782,7
236783,0
236784,0
236785,0
236786,3
236787,9
236788,11
236789,0
236790,0
236791,21
236792,0
236793,9
236794,0
236795,0
236796,8
236797,0
236798,9
236799,0
236800,0
236801,0
236802,0
236803,11
236804,6
236805,0
236806,0
236807,12
236808,0
236809,0
236810,13
236811,0
236812,0
236813,0
236814,0
236815,0
236816,12
236817,0
236818,12
236819,0
236820,0
236821,0
236822,0
236823,9
236824,0
236825,0
236826,8
236827,0
236828,0
236829,0
236830,15
236831,0
236832,0
236833,0
236834,0
236835,0
236836,0
236837,18
236838,6
236839,0
236840,0
236841,0
236842,0
236843,0
236844,0
236845,0
236846,0
236847,0
236848,0
236849,0
236850,7
236851,0
236852,0
236853,0
236854,0
236855,0
236856,8
236857,0
236858,0
236859,8
236860,0
236861,0
236862,0
236863,0
236864,0
236865,6
236866,0
236867,0
236868,13
236869,0
236870,0
236871,0
236872,0
236873,0
236874,0
236875,0
236876,0
236877,0
236878,0
236879,8
236880,0
236881,0
236882,0
236883,0
236884,0
236885,0
236886,0
236887,0
236888,0
236889,9
236890,0
236891,0
236892,10
236893,12
236894,12
236895,0
236896,16
236897,0
236898,0
236899,0
236900,0
236901,0
236902,0
236903,0
236904,0
236905,0
236906,18
236907,7
236908,9
236909,0
236910,0
236911,6
236912,12
236913,0
236914,0
236915,0
236916,13
236917,0
236918,0
236919,7
236920,15
236921,6
236922,0
236923,0
236924,0
236925,0
236926,10
236927,0
236928,21
236929,15
236930,0
236931,0
236932,0
236933,0
236934,10
236935,12
236936,0
236937,0
236938,0
236939,0
236940,0
236941,8
236942,0
236943,0
236944,0
236945,16
236946,0
236947,0
236948,21
236949,0
236950,0
236951,0
236952,0
236953,17
236954,0
236955,0
236956,0
236957,0
236958,0
236959,0
236960,0
236961,0
236962,8
236963,0
236964,0
236965,8
236966,15
236967,0
236968,0
236969,0
236970,0
236971,0
236972,0
236973,6
236974,0
236975,12
236976,19
236977,4
236978,0
236979,0
236980,0
236981,7
236982,0
236983,0
236984,0
236985,0
236986,0
236987,0
236988,0
236989,0
236990,0
236991,0
236992,0
236993,19
236994,9
236995,0
236996,0
236997,3
236998,0
236999,0
237000,0
237001,9
237002,0
237003,0
237004,0
237005,0
237006,0
237007,0
237008,0
237009,0
237010,0
237011,0
237012,0
237013,0
237014,0
237015,0
237016,0
237017,0
237018,0
237019,7
237020,0
237021,0
237022,10
237023,0
237024,0
237025,4
237026,0
237027,0
237028,0
237029,0
237030,0
237031,0
237032,8
237033,0
237034,7
237035,8
237036,0
237037,7
237038,0
237039,0
237040,5
237041,0
237042,0
237043,0
237044,13
237045,0
237046,0
237047,0
237048,8
237049,29
237050,0
237051,0
237052,0
237053,0
237054,0
237055,0
237056,0
237057,0
237058,0
237059,27
237060,0
237061,28
237062,0
237063,29
237064,0
237065,0
237066,29
237067,0
237068,0
237069,0
237070,0
237071,0
237072,0
237073,26
237074,39
237075,36
237076,27
237077,0
237078,0
237079,0
237080,0
237081,0
237082,0
237083,43
237084,0
237085,0
237086,0
237087,0
237088,37
237089,0
237090,0
237091,26
237092,0
237093,0
237094,0
237095,0
237096,0
237097,0
237098,0
237099,0
237100,0
237101,0
237102,0
237103,0
237104,0
237105,0
237106,0
237107,0
237108,0
237109,36
237110,20
237111,0
237112,35
237113,0
237114,0
237115,36
237116,38
237117,0
237118,41
237119,0
237120,0
237121,42
237122,19
237123,0
237124,0
237125,0
237126,0
237127,0
237128,31
237129,43
237130,0
237131,0
237132,0
237133,0
237134,36
237135,0
237136,0
237137,0
237138,0
237139,0
237140,0
237141,0
237142,0
237143,0
237144,0
237145,0
237146,0
237147,0
237148,0
237149,0
237150,0
237151,0
237152,45
237153,31
237154,0
237155,0
237156,0
237157,46
237158,0
237159,49
237160,0
237161,0
237162,0
237163,0
237164,33
237165,37
237166,0
237167,27
237168,0
237169,0
237170,0
237171,0
237172,0
237173,0
237174,32
237175,0
237176,0
237177,0
237178,0
237179,0
237180,0
237181,45
237182,46
237183,0
237184,0
237185,43
237186,0
237187,0
237188,0
237189,0
237190,0
237191,0
237192,0
237193,0
237194,0
237195,0
237196,49
237197,30
237198,0
237199,0
237200,0
237201,0
237202,20
237203,0
237204,0
237205,0
237206,0
237207,41
237208,36
237209,0
237210,26
237211,0
237212,0
237213,0
237214,0
237215,0
237216,0
237217,41
237218,0
237219,0
237220,0
237221,0
237222,0
237223,27
237224,0
237225,0
237226,0
237227,0
237228,0
237229,0
237230,0
237231,0
237232,0
237233,0
237234,46
237235,0
237236,0
237237,26
237238,0
237239,27
237240,0
237241,34
237242,0
237243,0
237244,0
237245,0
237246,39
237247,0
237248,0
237249,0
237250,0
237251,0
237252,0
237253,0
237254,0
237255,0
237256,0
237257,0
237258,0
237259,0
237260,0
237261,0
237262,0
237263,0
237264,36
237265,29
237266,31
237267,0
237268,0
237269,0
237270,54
237271,36
237272,41
237273,24
237274,0
237275,0
237276,0
237277,0
237278,0
237279,0
237280,35
237281,0
237282,0
237283,0
237284,0
237285,0
237286,0
237287,0
237288,0
237289,0
237290,0
237291,0
237292,0
237293,0
237294,0
237295,0
237296,0
237297,39
237298,0
237299,0
237300,47
237301,0
237302,0
237303,26
237304,0
237305,0
237306,0
237307,0
237308,0
237309,0
237310,0
237311,0
237312,0
237313,0
237314,0
237315,0
237316,0
237317,0
237318,0
237319,0
237320,0
237321,0
237322,0
237323,31
237324,0
237325,0
237326,0
237327,0
237328,0
237329,0
237330,0
237331,0
237332,0
237333,0
237334,0
237335,37
237336,28
237337,0
237338,0
237339,0
237340,0
237341,26
237342,0
237343,0
237344,0
237345,0
237346,0
237347,0
237348,38
237349,0
237350,27
237351,43
237352,0
237353,0
237354,0
237355,0
237356,0
237357,34
237358,0
237359,21
237360,40
237361,0
237362,0
237363,48
237364,0
237365,0
237366,24
237367,0
237368,52
237369,0
237370,23
237371,40
237372,0
237373,0
237374,0
237375,48
237376,0
237377,0
237378,38
237379,0
237380,0
237381,30
237382,0
237383,0
237384,0
237385,0
237386,41
237387,45
237388,0
237389,40
237390,0
237391,0
237392,0
237393,0
237394,0
237395,0
237396,0
237397,0
237398,0
237399,28
237400,0
237401,0
237402,0
237403,0
237404,0
237405,0
237406,0
237407,0
237408,28
237409,37
237410,47
237411,0
237412,0
237413,0
237414,0
237415,42
237416,0
237417,0
237418,0
237419,49
237420,0
237421,0
237422,0
237423,35
237424,0
237425,0
237426,40
237427,0
237428,0
237429,0
237430,0
237431,0
237432,0
237433,0
237434,0
237435,0
237436,0
237437,0
237438,0
237439,0
237440,0
237441,39
237442,47
237443,0
237444,0
237445,0
237446,28
237447,0
237448,20
237449,0
237450,0
237451,34
237452,0
237453,0
237454,0
237455,0
237456,0
237457,31
237458,0
237459,0
237460,0
237461,32
237462,0
237463,0
237464,0
237465,0
237466,0
237467,0
237468,0
237469,0
237470,0
237471,0
237472,34
237473,0
237474,0
237475,0
237476,0
237477,0
237478,0
237479,0
237480,29
237481,0
237482,32
237483,0
237484,0
237485,0
237486,0
237487,0
237488,0
237489,0
237490,0
237491,0
237492,0
237493,0
237494,0
237495,0
237496,0
237497,31
237498,0
237499,0
237500,40
237501,0
237502,0
237503,0
237504,0
237505,0
237506,31
237507,0
237508,0
237509,42
237510,0
237511,0
237512,0
237513,0
237514,30
237515,0
237516,0
237517,0
237518,0
237519,0
237520,0
237521,0
237522,0
237523,0
237524,30
237525,0
237526,0
237527,0
237528,32
237529,37
237530,0
237531,0
237532,49
237533,0
237534,30
237535,0
237536,50
237537,48
237538,0
237539,0
237540,0
237541,0
237542,0
237543,0
237544,35
237545,0
237546,32
237547,0
237548,0
237549,0
237550,0
237551,0
237552,0
237553,0
237554,0
237555,0
237556,37
237557,30
237558,0
237559,0
237560,19
237561,0
237562,0
237563,0
237564,0
237565,0
237566,0
237567,37
237568,0
237569,0
237570,0
237571,0
237572,0
237573,0
237574,0
237575,0
237576,0
237577,0
237578,0
237579,0
237580,0
237581,0
237582,15
237583,0
237584,0
237585,0
237586,0
237587,0
237588,0
237589,0
237590,0
237591,0
237592,0
237593,7
237594,0
237595,0
237596,0
237597,0
237598,0
237599,0
237600,0
237601,0
237602,0
237603,0
237604,0
237605,0
237606,14
237607,0
237608,0
237609,0
237610,0
237611,0
237612,0
237613,0
237614,0
237615,0
237616,0
237617,0
237618,0
237619,0
237620,0
237621,0
237622,0
237623,0
237624,0
237625,0
237626,0
237627,0
237628,0
237629,0
237630,15
237631,0
237632,0
237633,0
237634,0
237635,13
237636,0
237637,0
237638,0
237639,0
237640,0
237641,0
237642,0
237643,0
237644,0
237645,0
237646,0
237647,0
237648,0
237649,0
237650,0
237651,0
237652,0
237653,0
237654,0
237655,0
237656,0
237657,9
237658,0
237659,0
237660,0
237661,0
237662,0
237663,0
237664,0
237665,0
237666,0
237667,0
237668,7
237669,0
237670,0
237671,0
237672,0
237673,0
237674,0
237675,0
237676,0
237677,11
237678,0
237679,0
237680,0
237681,0
237682,0
237683,0
237684,0
237685,0
237686,0
237687,0
237688,0
237689,0
237690,0
237691,0
237692,0
237693,5
237694,0
237695,0
237696,0
237697,0
237698,0
237699,0
237700,0
237701,0
237702,0
237703,0
237704,0
237705,0
237706,9
237707,0
237708,0
237709,0
237710,0
237711,0
237712,0
237713,0
237714,0
237715,5
237716,0
237717,0
237718,0
237719,19
237720,0
237721,0
237722,0
237723,0
237724,12
237725,0
237726,0
237727,0
237728,0
237729,0
237730,0
237731,0
237732,0
237733,0
237734,0
237735,0
237736,0
237737,0
237738,0
237739,16
237740,0
237741,16
237742,0
237743,0
237744,0
237745,0
237746,16
237747,0
237748,0
237749,0
237750,0
237751,0
237752,0
237753,0
237754,0
237755,0
237756,0
237757,8
237758,0
237759,17
237760,0
237761,0
237762,0
237763,0
237764,0
237765,0
237766,0
237767,0
237768,0
237769,0
237770,0
237771,8
237772,7
237773,0
237774,0
237775,0
237776,0
237777,0
237778,0
237779,0
237780,0
237781,0
237782,0
237783,0
237784,0
237785,9
237786,0
237787,0
237788,0
237789,0
237790,0
237791,0
237792,0
237793,0
237794,0
237795,0
237796,0
237797,0
237798,0
237799,0
237800,0
237801,0
237802,13
237803,0
237804,0
237805,0
237806,0
237807,0
237808,0
237809,0
237810,0
237811,0
237812,0
237813,0
237814,0
237815,0
237816,0
237817,0
237818,0
237819,0
237820,0
237821,0
237822,0
237823,0
237824,0
237825,0
237826,0
237827,0
237828,13
237829,0
237830,0
237831,0
237832,0
237833,0
237834,0
237835,0
237836,0
237837,0
237838,0
237839,0
237840,0
237841,0
237842,0
237843,0
237844,21
237845,0
237846,8
237847,0
237848,0
237849,12
237850,0
237851,0
237852,0
237853,0
237854,0
237855,0
237856,0
237857,0
237858,0
237859,0
237860,0
237861,0
237862,0
237863,0
237864,0
237865,0
237866,0
237867,14
237868,0
237869,0
237870,0
237871,0
237872,0
237873,0
237874,0
237875,0
237876,0
237877,0
237878,0
237879,0
237880,0
237881,0
237882,0
237883,0
237884,0
237885,0
237886,0
237887,0
237888,0
237889,0
237890,0
237891,0
237892,0
237893,0
237894,0
237895,0
237896,0
237897,0
237898,0
237899,0
237900,0
237901,11
237902,0
237903,0
237904,0
237905,0
237906,0
237907,9
237908,0
237909,0
237910,0
237911,0
237912,0
237913,0
237914,0
237915,0
237916,0
237917,0
237918,0
237919,0
237920,0
237921,0
237922,0
237923,0
237924,0
237925,0
237926,0
237927,0
237928,0
237929,0
237930,0
237931,0
237932,0
237933,0
237934,0
237935,0
237936,0
237937,0
237938,16
237939,0
237940,0
237941,0
237942,0
237943,9
237944,0
237945,0
237946,0
237947,21
237948,0
237949,13
237950,0
237951,0
237952,0
237953,21
237954,0
237955,13
237956,0
237957,0
237958,0
237959,0
237960,0
237961,0
237962,0
237963,0
237964,0
237965,0
237966,18
237967,0
237968,0
237969,0
237970,0
237971,0
237972,13
237973,0
237974,0
237975,0
237976,0
237977,0
237978,0
237979,0
237980,0
237981,0
237982,0
237983,0
237984,0
237985,0
237986,0
237987,0
237988,10
237989,0
237990,0
237991,0
237992,0
237993,0
237994,7
237995,0
237996,22
237997,0
237998,17
237999,0
238000,0
238001,0
238002,0
238003,12
238004,0
238005,0
238006,0
238007,0
238008,0
238009,9
238010,11
238011,0
238012,0
238013,0
238014,0
238015,0
238016,0
238017,0
238018,0
238019,0
238020,0
238021,0
238022,0
238023,0
238024,0
238025,0
238026,0
238027,0
238028,0
238029,0
238030,12
238031,0
238032,0
238033,0
238034,0
238035,0
238036,13
238037,0
238038,0
238039,0
238040,0
238041,0
238042,0
238043,0
238044,0
238045,0
238046,7
238047,0
238048,0
238049,0
238050,0
238051,0
238052,0
238053,0
238054,0
238055,0
238056,0
238057,0
238058,0
238059,9
238060,0
238061,0
238062,0
238063,0
238064,0
238065,0
238066,0
238067,16
238068,0
238069,0
238070,0
238071,0
238072,0
238073,0
238074,0
238075,0
238076,0
238077,0
238078,0
238079,0
238080,14
238081,0
238082,3
238083,0
238084,13
238085,0
238086,0
238087,0
238088,0
238089,0
238090,0
238091,0
238092,0
238093,0
238094,8
238095,0
238096,0
238097,15
238098,0
238099,0
238100,0
238101,0
238102,0
238103,15
238104,0
238105,0
238106,0
238107,16
238108,0
238109,0
238110,11
238111,0
238112,0
238113,0
238114,0
238115,0
238116,0
238117,0
238118,0
238119,0
238120,15
238121,0
238122,0
238123,0
238124,0
238125,0
238126,0
238127,0
238128,0
238129,0
238130,0
238131,0
238132,0
238133,0
238134,0
238135,0
238136,0
238137,0
238138,0
238139,0
238140,17
238141,0
238142,0
238143,0
238144,0
238145,0
238146,0
238147,0
238148,0
238149,0
238150,0
238151,0
238152,0
238153,0
238154,0
238155,15
238156,6
238157,0
238158,0
238159,15
238160,0
238161,0
238162,0
238163,10
238164,0
238165,0
238166,0
238167,12
238168,5
238169,0
238170,0
238171,0
238172,0
238173,0
238174,0
238175,0
238176,0
238177,0
238178,0
238179,0
238180,0
238181,0
238182,0
238183,0
238184,0
238185,0
238186,0
238187,0
238188,0
238189,0
238190,0
238191,0
238192,4
238193,0
238194,0
238195,0
238196,15
238197,0
238198,0
238199,0
238200,0
238201,0
238202,0
238203,13
238204,14
238205,0
238206,12
238207,0
238208,0
238209,0
238210,0
238211,0
238212,0
238213,0
238214,0
238215,0
238216,0
238217,4
238218,0
238219,0
238220,0
238221,0
238222,0
238223,15
238224,0
238225,0
238226,0
238227,0
238228,0
238229,0
238230,0
238231,0
238232,0
238233,0
238234,0
238235,0
238236,0
238237,0
238238,0
238239,0
238240,0
238241,0
238242,0
238243,0
238244,0
238245,0
238246,0
238247,0
238248,0
238249,0
238250,0
238251,0
238252,0
238253,16
238254,0
238255,0
238256,0
238257,0
238258,0
238259,0
238260,0
238261,0
238262,0
238263,0
238264,0
238265,0
238266,0
238267,0
238268,0
238269,0
238270,17
238271,0
238272,0
238273,0
238274,0
238275,0
238276,9
238277,0
238278,0
238279,0
238280,0
238281,0
238282,12
238283,0
238284,0
238285,0
238286,0
238287,0
238288,0
238289,0
238290,11
238291,0
238292,0
238293,0
238294,0
238295,0
238296,0
238297,0
238298,0
238299,18
238300,12
238301,0
238302,0
238303,0
238304,0
238305,0
238306,8
238307,0
238308,0
238309,0
238310,0
238311,0
238312,14
238313,16
238314,0
238315,0
238316,0
238317,16
238318,0
238319,0
238320,0
238321,0
238322,11
238323,0
238324,0
238325,0
238326,0
238327,0
238328,0
238329,0
238330,0
238331,0
238332,0
238333,0
238334,0
238335,0
238336,0
238337,0
238338,0
238339,12
238340,0
238341,0
238342,0
238343,0
238344,0
238345,10
238346,0
238347,0
238348,4
238349,18
238350,0
238351,0
238352,0
238353,0
238354,0
238355,16
238356,0
238357,19
238358,0
238359,0
238360,0
238361,14
238362,0
238363,12
238364,0
238365,0
238366,0
238367,0
238368,0
238369,0
238370,0
238371,0
238372,0
238373,0
238374,0
238375,0
238376,0
238377,0
238378,0
238379,0
238380,0
238381,0
238382,0
238383,0
238384,0
238385,0
238386,0
238387,0
238388,0
238389,0
238390,0
238391,17
238392,17
238393,0
238394,16
238395,0
238396,0
238397,0
238398,0
238399,0
238400,0
238401,0
238402,0
238403,0
238404,0
238405,0
238406,0
238407,0
238408,0
238409,0
238410,0
238411,0
238412,0
238413,0
238414,0
238415,5
238416,0
238417,0
238418,14
238419,0
238420,0
238421,0
238422,0
238423,13
238424,0
238425,0
238426,0
238427,0
238428,0
238429,0
238430,0
238431,0
238432,0
238433,0
238434,0
238435,0
238436,0
238437,0
238438,0
238439,0
238440,0
238441,0
238442,0
238443,0
238444,0
238445,19
238446,0
238447,13
238448,0
238449,0
238450,22
238451,6
238452,0
238453,0
238454,0
238455,18
238456,0
238457,0
238458,0
238459,0
238460,8
238461,18
238462,16
238463,0
238464,19
238465,0
238466,13
238467,0
238468,0
238469,0
238470,0
238471,0
238472,0
238473,0
238474,20
238475,0
238476,0
238477,0
238478,0
238479,0
238480,0
238481,0
238482,0
238483,16
238484,0
238485,28
238486,23
238487,0
238488,0
238489,23
238490,0
238491,0
238492,19
238493,11
238494,0
238495,27
238496,0
238497,23
238498,0
238499,0
238500,0
238501,21
238502,0
238503,0
238504,0
238505,0
238506,0
238507,0
238508,0
238509,0
238510,0
238511,0
238512,0
238513,16
238514,0
238515,20
238516,23
238517,0
238518,0
238519,0
238520,22
238521,0
238522,0
238523,0
238524,0
238525,0
238526,0
238527,0
238528,21
238529,0
238530,0
238531,0
238532,0
238533,0
238534,0
238535,0
238536,0
238537,0
238538,0
238539,0
238540,0
238541,0
238542,0
238543,0
238544,0
238545,0
238546,14
238547,0
238548,0
238549,0
238550,12
238551,0
238552,27
238553,0
238554,20
238555,15
238556,0
238557,17
238558,0
238559,0
238560,13
238561,0
238562,0
238563,16
238564,0
238565,0
238566,0
238567,24
238568,19
238569,0
238570,0
238571,0
238572,12
238573,18
238574,28
238575,0
238576,0
238577,0
238578,20
238579,0
238580,0
238581,0
238582,0
238583,0
238584,0
238585,0
238586,0
238587,0
238588,0
238589,15
238590,11
238591,0
238592,0
238593,0
238594,0
238595,11
238596,0
238597,16
238598,19
238599,16
238600,24
238601,0
238602,0
238603,0
238604,26
238605,0
238606,0
238607,0
238608,0
238609,0
238610,0
238611,0
238612,0
238613,21
238614,0
238615,0
238616,0
238617,0
238618,0
238619,0
238620,0
238621,0
238622,0
238623,0
238624,18
238625,0
238626,0
238627,15
238628,0
238629,0
238630,0
238631,0
238632,26
238633,28
238634,0
238635,0
238636,0
238637,0
238638,0
238639,28
238640,0
238641,0
238642,17
238643,17
238644,0
238645,0
238646,0
238647,17
238648,22
238649,0
238650,0
238651,14
238652,0
238653,0
238654,0
238655,0
238656,0
238657,0
238658,0
238659,0
238660,0
238661,25
238662,16
238663,0
238664,0
238665,0
238666,9
238667,0
238668,0
238669,0
238670,0
238671,0
238672,0
238673,18
238674,0
238675,0
238676,16
238677,0
238678,0
238679,0
238680,0
238681,0
238682,0
238683,0
238684,0
238685,24
238686,7
238687,19
238688,0
238689,15
238690,0
238691,0
238692,12
238693,0
238694,0
238695,0
238696,0
238697,0
238698,0
238699,18
238700,19
238701,0
238702,0
238703,0
238704,0
238705,0
238706,0
238707,21
238708,0
238709,0
238710,0
238711,0
238712,0
238713,15
238714,0
238715,0
238716,18
238717,0
238718,26
238719,0
238720,27
238721,0
238722,0
238723,0
238724,0
238725,0
238726,0
238727,0
238728,0
238729,14
238730,0
238731,0
238732,0
238733,19
238734,0
238735,0
238736,20
238737,0
238738,0
238739,0
238740,0
238741,0
238742,0
238743,0
238744,0
238745,0
238746,0
238747,0
238748,0
238749,0
238750,0
238751,0
238752,0
238753,0
238754,0
238755,22
238756,0
238757,16
238758,0
238759,0
238760,0
238761,19
238762,0
238763,13
238764,0
238765,0
238766,0
238767,0
238768,0
238769,0
238770,0
238771,0
238772,0
238773,9
238774,0
238775,0
238776,0
238777,0
238778,0
238779,26
238780,0
238781,0
238782,18
238783,0
238784,17
238785,0
238786,0
238787,0
238788,0
238789,0
238790,0
238791,22
238792,0
238793,0
238794,0
238795,24
238796,0
238797,0
238798,0
238799,0
238800,0
238801,0
238802,0
238803,0
238804,17
238805,0
238806,0
238807,0
238808,0
238809,0
238810,0
238811,16
238812,0
238813,16
238814,13
238815,0
238816,29
238817,0
238818,19
238819,0
238820,0
238821,19
238822,0
238823,0
238824,0
238825,0
238826,0
238827,13
238828,0
238829,0
238830,0
238831,19
238832,0
238833,19
238834,25
238835,0
238836,0
238837,0
238838,0
238839,19
238840,0
238841,0
238842,14
238843,0
238844,0
238845,19
238846,0
238847,0
238848,0
238849,0
238850,0
238851,0
238852,16
238853,0
238854,0
238855,0
238856,0
238857,0
238858,0
238859,25
238860,0
238861,0
238862,0
238863,0
238864,0
238865,12
238866,27
238867,0
238868,0
238869,0
238870,23
238871,0
238872,0
238873,0
238874,0
238875,0
238876,0
238877,14
238878,0
238879,0
238880,0
238881,0
238882,0
238883,0
238884,0
238885,0
238886,0
238887,22
238888,0
238889,0
238890,18
238891,0
238892,21
238893,17
238894,20
238895,0
238896,20
238897,0
238898,0
238899,0
238900,15
238901,0
238902,0
238903,0
238904,0
238905,0
238906,32
238907,0
238908,14
238909,0
238910,0
238911,0
238912,0
238913,0
238914,0
238915,0
238916,0
238917,0
238918,0
238919,0
238920,0
238921,0
238922,10
238923,0
238924,0
238925,27
238926,0
238927,0
238928,0
238929,0
238930,0
238931,0
238932,19
238933,17
238934,0
238935,0
238936,0
238937,0
238938,0
238939,0
238940,0
238941,0
238942,0
238943,0
238944,21
238945,0
238946,21
238947,27
238948,0
238949,0
238950,0
238951,0
238952,20
238953,25
238954,0
238955,0
238956,0
238957,0
238958,16
238959,0
238960,0
238961,0
238962,27
238963,0
238964,0
238965,0
238966,15
238967,25
238968,0
238969,0
238970,0
238971,0
238972,0
238973,0
238974,0
238975,0
238976,0
238977,0
238978,14
238979,22
238980,0
238981,0
238982,0
238983,0
238984,0
238985,0
238986,0
238987,0
238988,0
238989,0
238990,0
238991,0
238992,0
238993,0
238994,0
238995,0
238996,0
238997,0
238998,0
238999,0
239000,0
239001,0
239002,0
239003,0
239004,0
239005,0
239006,0
239007,24
239008,0
239009,0
239010,0
239011,0
239012,0
239013,22
239014,0
239015,0
239016,0
239017,0
239018,0
239019,0
239020,13
239021,0
239022,0
239023,11
239024,0
239025,0
239026,0
239027,0
239028,21
239029,18
239030,0
239031,21
239032,0
239033,0
239034,22
239035,0
239036,0
239037,0
239038,0
239039,0
239040,0
239041,0
239042,0
239043,0
239044,16
239045,0
239046,0
239047,0
239048,25
239049,0
239050,0
239051,0
239052,0
239053,0
239054,0
239055,0
239056,0
239057,0
239058,0
239059,0
239060,0
239061,0
239062,0
239063,0
239064,0
239065,0
239066,0
239067,0
239068,0
239069,0
239070,0
239071,0
239072,0
239073,0
239074,0
239075,0
239076,0
239077,0
239078,0
239079,0
239080,26
239081,0
239082,0
239083,0
239084,0
239085,0
239086,0
239087,17
239088,0
239089,0
239090,38
239091,0
239092,0
239093,0
239094,0
239095,0
239096,0
239097,12
239098,0
239099,0
239100,14
239101,0
239102,0
239103,20
239104,13
239105,0
239106,0
239107,21
239108,0
239109,0
239110,0
239111,0
239112,0
239113,0
239114,13
239115,0
239116,0
239117,0
239118,12
239119,0
239120,0
239121,0
239122,0
239123,0
239124,0
239125,12
239126,0
239127,0
239128,0
239129,0
239130,0
239131,22
239132,24
239133,0
239134,0
239135,0
239136,0
239137,0
239138,0
239139,0
239140,0
239141,23
239142,0
239143,0
239144,0
239145,0
239146,0
239147,0
239148,0
239149,0
239150,0
239151,0
239152,12
239153,0
239154,0
239155,0
239156,0
239157,13
239158,0
239159,0
239160,0
239161,19
239162,0
239163,0
239164,0
239165,8
239166,0
239167,0
239168,0
239169,0
239170,0
239171,0
239172,13
239173,0
239174,8
239175,0
239176,0
239177,0
239178,18
239179,0
239180,0
239181,0
239182,0
239183,0
239184,0
239185,0
239186,18
239187,0
239188,0
239189,16
239190,0
239191,0
239192,0
239193,0
239194,13
239195,0
239196,0
239197,0
239198,9
239199,0
239200,0
239201,0
239202,0
239203,0
239204,0
239205,0
239206,0
239207,0
239208,0
239209,9
239210,0
239211,0
239212,0
239213,0
239214,0
239215,0
239216,0
239217,13
239218,0
239219,0
239220,0
239221,0
239222,0
239223,0
239224,10
239225,0
239226,0
239227,0
239228,15
239229,0
239230,0
239231,16
239232,0
239233,0
239234,8
239235,0
239236,10
239237,0
239238,0
239239,0
239240,0
239241,0
239242,0
239243,0
239244,17
239245,0
239246,22
239247,0
239248,0
239249,0
239250,17
239251,10
239252,11
239253,0
239254,11
239255,0
239256,0
239257,0
239258,0
239259,0
239260,0
239261,0
239262,0
239263,0
239264,0
239265,0
239266,0
239267,0
239268,0
239269,0
239270,0
239271,8
239272,0
239273,0
239274,0
239275,0
239276,0
239277,9
239278,0
239279,0
239280,0
239281,0
239282,0
239283,0
239284,0
239285,0
239286,0
239287,0
239288,0
239289,0
239290,9
239291,9
239292,0
239293,0
239294,0
239295,0
239296,17
239297,14
239298,12
239299,0
239300,0
239301,0
239302,12
239303,0
239304,0
239305,13
239306,0
239307,0
239308,0
239309,0
239310,0
239311,0
239312,0
239313,13
239314,0
239315,0
239316,0
239317,0
239318,9
239319,10
239320,0
239321,0
239322,0
239323,0
239324,8
239325,0
239326,0
239327,0
239328,0
239329,12
239330,0
239331,13
239332,0
239333,0
239334,0
239335,0
239336,0
239337,0
239338,15
239339,0
239340,0
239341,8
239342,0
239343,11
239344,14
239345,0
239346,25
239347,0
239348,0
239349,0
239350,0
239351,0
239352,0
239353,0
239354,0
239355,13
239356,0
239357,19
239358,0
239359,12
239360,0
239361,10
239362,0
239363,15
239364,14
239365,0
239366,0
239367,0
239368,0
239369,0
239370,11
239371,0
239372,0
239373,0
239374,8
239375,0
239376,13
239377,9
239378,0
239379,0
239380,0
239381,0
239382,0
239383,0
239384,0
239385,7
239386,0
239387,0
239388,0
239389,0
239390,0
239391,0
239392,0
239393,0
239394,9
239395,0
239396,0
239397,16
239398,0
239399,0
239400,0
239401,0
239402,0
239403,0
239404,0
239405,7
239406,0
239407,14
239408,0
239409,11
239410,0
239411,0
239412,0
239413,0
239414,0
239415,0
239416,0
239417,6
239418,0
239419,17
239420,16
239421,0
239422,0
239423,0
239424,0
239425,0
239426,0
239427,0
239428,0
239429,0
239430,0
239431,0
239432,23
239433,0
239434,16
239435,19
239436,0
239437,13
239438,0
239439,0
239440,0
239441,10
239442,0
239443,0
239444,15
239445,0
239446,0
239447,0
239448,0
239449,0
239450,8
239451,10
239452,13
239453,0
239454,10
239455,0
239456,0
239457,0
239458,0
239459,0
239460,0
239461,0
239462,0
239463,0
239464,0
239465,0
239466,0
239467,0
239468,0
239469,0
239470,0
239471,0
239472,0
239473,0
239474,5
239475,0
239476,13
239477,16
239478,0
239479,0
239480,0
239481,0
239482,0
239483,14
239484,0
239485,0
239486,0
239487,0
239488,0
239489,0
239490,0
239491,11
239492,0
239493,20
239494,0
239495,0
239496,12
239497,0
239498,0
239499,0
239500,0
239501,0
239502,20
239503,0
239504,0
239505,0
239506,0
239507,0
239508,0
239509,17
239510,0
239511,0
239512,0
239513,19
239514,0
239515,25
239516,0
239517,12
239518,0
239519,0
239520,0
239521,14
239522,0
239523,0
239524,9
239525,0
239526,0
239527,0
239528,0
239529,0
239530,0
239531,0
239532,12
239533,12
239534,0
239535,0
239536,0
239537,0
239538,0
239539,11
239540,0
239541,0
239542,6
239543,0
239544,14
239545,0
239546,12
239547,0
239548,0
239549,0
239550,0
239551,21
239552,0
239553,0
239554,0
239555,0
239556,0
239557,0
239558,0
239559,10
239560,0
239561,9
239562,0
239563,0
239564,0
239565,0
239566,13
239567,15
239568,9
239569,0
239570,0
239571,8
239572,0
239573,5
239574,0
239575,0
239576,0
239577,0
239578,0
239579,10
239580,12
239581,14
239582,0
239583,0
239584,0
239585,0
239586,0
239587,0
239588,0
239589,0
239590,0
239591,0
239592,0
239593,12
239594,0
239595,0
239596,18
239597,0
239598,0
239599,16
239600,0
239601,0
239602,0
239603,0
239604,0
239605,0
239606,0
239607,0
239608,0
239609,0
239610,0
239611,0
239612,0
239613,0
239614,25
239615,0
239616,23
239617,0
239618,0
239619,0
239620,0
239621,0
239622,0
239623,0
239624,0
239625,0
239626,0
239627,0
239628,0
239629,0
239630,26
239631,0
239632,0
239633,0
239634,0
239635,29
239636,0
239637,0
239638,0
239639,0
239640,0
239641,0
239642,0
239643,0
239644,0
239645,0
239646,0
239647,0
239648,0
239649,33
239650,0
239651,0
239652,0
239653,30
239654,0
239655,0
239656,0
239657,0
239658,45
239659,0
239660,0
239661,0
239662,0
239663,0
239664,0
239665,0
239666,0
239667,0
239668,0
239669,0
239670,31
239671,0
239672,0
239673,0
239674,0
239675,0
239676,0
239677,0
239678,0
239679,0
239680,29
239681,0
239682,0
239683,0
239684,0
239685,0
239686,0
239687,0
239688,0
239689,0
239690,0
239691,0
239692,0
239693,0
239694,0
239695,0
239696,0
239697,0
239698,0
239699,0
239700,0
239701,0
239702,0
239703,0
239704,28
239705,0
239706,0
239707,0
239708,0
239709,0
239710,0
239711,0
239712,0
239713,26
239714,0
239715,0
239716,0
239717,0
239718,0
239719,0
239720,0
239721,0
239722,0
239723,0
239724,20
239725,0
239726,0
239727,0
239728,0
239729,0
239730,0
239731,0
239732,0
239733,0
239734,0
239735,0
239736,0
239737,27
239738,23
239739,0
239740,0
239741,0
239742,0
239743,0
239744,0
239745,0
239746,0
239747,0
239748,0
239749,0
239750,0
239751,0
239752,0
239753,0
239754,0
239755,0
239756,0
239757,0
239758,0
239759,0
239760,0
239761,0
239762,0
239763,38
239764,0
239765,0
239766,0
239767,0
239768,0
239769,0
239770,0
239771,0
239772,0
239773,0
239774,0
239775,0
239776,0
239777,0
239778,0
239779,0
239780,0
239781,0
239782,0
239783,0
239784,0
239785,0
239786,0
239787,0
239788,0
239789,0
239790,0
239791,0
239792,0
239793,0
239794,0
239795,0
239796,0
239797,0
239798,0
239799,28
239800,0
239801,0
239802,0
239803,0
239804,0
239805,0
239806,0
239807,30
239808,0
239809,0
239810,0
239811,0
239812,0
239813,0
239814,0
239815,0
239816,0
239817,0
239818,0
239819,0
239820,0
239821,0
239822,0
239823,0
239824,0
239825,0
239826,0
239827,0
239828,0
239829,0
239830,0
239831,0
239832,0
239833,0
239834,0
239835,0
239836,0
239837,0
239838,0
239839,0
239840,0
239841,0
239842,0
239843,0
239844,0
239845,0
239846,0
239847,0
239848,0
239849,0
239850,0
239851,0
239852,0
239853,0
239854,0
239855,0
239856,0
239857,0
239858,0
239859,0
239860,0
239861,0
239862,0
239863,0
239864,0
239865,0
239866,0
239867,0
239868,0
239869,0
239870,0
239871,0
239872,0
239873,0
239874,0
239875,0
239876,0
239877,0
239878,0
239879,0
239880,0
239881,0
239882,0
239883,0
239884,0
239885,0
239886,0
239887,0
239888,0
239889,0
239890,0
239891,0
239892,0
239893,0
239894,0
239895,0
239896,34
239897,0
239898,0
239899,0
239900,0
239901,0
239902,27
239903,0
239904,0
239905,0
239906,0
239907,0
239908,0
239909,0
239910,0
239911,0
239912,0
239913,0
239914,0
239915,0
239916,0
239917,0
239918,0
239919,0
239920,0
239921,0
239922,0
239923,0
239924,0
239925,0
239926,0
239927,0
239928,0
239929,37
239930,0
239931,0
239932,0
239933,0
239934,0
239935,0
239936,0
239937,0
239938,0
239939,0
239940,0
239941,0
239942,0
239943,0
239944,0
239945,0
239946,0
239947,33
239948,0
239949,0
239950,0
239951,0
239952,0
239953,0
239954,0
239955,0
239956,0
239957,0
239958,0
239959,0
239960,39
239961,0
239962,0
239963,0
239964,20
239965,0
239966,0
239967,0
239968,0
239969,0
239970,0
239971,0
239972,39
239973,0
239974,0
239975,0
239976,0
239977,0
239978,0
239979,0
239980,0
239981,45
239982,0
239983,0
239984,0
239985,0
239986,0
239987,0
239988,0
239989,0
239990,0
239991,0
239992,0
239993,0
239994,0
239995,0
239996,0
239997,0
239998,0
239999,0
240000,0
240001,0
240002,0
240003,0
240004,0
240005,0
240006,0
240007,0
240008,0
240009,25
240010,0
240011,0
240012,0
240013,0
240014,0
240015,0
240016,0
240017,0
240018,0
240019,0
240020,0
240021,0
240022,0
240023,0
240024,0
240025,0
240026,0
240027,0
240028,0
240029,0
240030,0
240031,0
240032,0
240033,0
240034,0
240035,0
240036,0
240037,0
240038,0
240039,0
240040,0
240041,0
240042,0
240043,0
240044,0
240045,0
240046,0
240047,0
240048,0
240049,0
240050,0
240051,0
240052,0
240053,0
240054,0
240055,0
240056,0
240057,0
240058,0
240059,0
240060,0
240061,0
240062,0
240063,0
240064,0
240065,0
240066,0
240067,0
240068,0
240069,0
240070,0
240071,0
240072,0
240073,0
240074,0
240075,0
240076,0
240077,0
240078,0
240079,0
240080,0
240081,0
240082,0
240083,0
240084,0
240085,0
240086,0
240087,0
240088,0
240089,0
240090,0
240091,0
240092,0
240093,0
240094,0
240095,0
240096,0
240097,0
240098,0
240099,0
240100,31
240101,0
240102,0
240103,0
240104,0
240105,0
240106,39
240107,0
240108,0
240109,0
240110,0
240111,0
240112,0
240113,0
240114,0
240115,0
240116,0
240117,0
240118,0
240119,0
240120,0
240121,34
240122,0
240123,0
240124,0
240125,0
240126,0
240127,0
240128,0
240129,27
240130,0
240131,0
240132,0
240133,0
240134,0
240135,0
240136,0
240137,0
240138,0
240139,0
240140,0
240141,0
240142,0
240143,0
240144,0
240145,0
240146,0
240147,0
240148,0
240149,0
240150,0
240151,0
240152,0
240153,0
240154,0
240155,0
240156,0
240157,0
240158,0
240159,0
240160,0
240161,0
240162,0
240163,0
240164,0
240165,0
240166,0
240167,0
240168,0
240169,37
240170,0
240171,0
240172,0
240173,0
240174,0
240175,0
240176,0
240177,0
240178,0
240179,0
240180,0
240181,0
240182,26
240183,0
240184,0
240185,0
240186,0
240187,0
240188,0
240189,0
240190,0
240191,0
240192,0
240193,0
240194,0
240195,0
240196,0
240197,0
240198,0
240199,0
240200,0
240201,0
240202,0
240203,0
240204,0
240205,0
240206,0
240207,0
240208,0
240209,0
240210,0
240211,0
240212,0
240213,33
240214,0
240215,0
240216,0
240217,0
240218,0
240219,37
240220,0
240221,0
240222,0
240223,0
240224,0
240225,0
240226,0
240227,0
240228,0
240229,0
240230,0
240231,0
240232,0
240233,0
240234,0
240235,0
240236,0
240237,0
240238,19
240239,0
240240,35
240241,0
240242,0
240243,33
240244,0
240245,0
240246,0
240247,0
240248,0
240249,0
240250,0
240251,0
240252,34
240253,0
240254,0
240255,0
240256,0
240257,0
240258,0
240259,0
240260,34
240261,0
240262,0
240263,0
240264,0
240265,0
240266,19
240267,0
240268,0
240269,0
240270,0
240271,0
240272,0
240273,0
240274,0
240275,0
240276,0
240277,0
240278,0
240279,0
240280,0
240281,0
240282,0
240283,0
240284,0
240285,0
240286,0
240287,0
240288,41
240289,0
240290,0
240291,0
240292,0
240293,0
240294,0
240295,28
240296,0
240297,23
240298,0
240299,21
240300,0
240301,0
240302,52
240303,0
240304,0
240305,37
240306,0
240307,0
240308,0
240309,0
240310,0
240311,0
240312,0
240313,0
240314,0
240315,0
240316,0
240317,0
240318,0
240319,0
240320,0
240321,0
240322,0
240323,0
240324,0
240325,0
240326,0
240327,0
240328,0
240329,0
240330,0
240331,0
240332,0
240333,0
240334,0
240335,0
240336,0
240337,0
240338,0
240339,0
240340,0
240341,0
240342,0
240343,37
240344,0
240345,30
240346,0
240347,0
240348,0
240349,0
240350,0
240351,0
240352,0
240353,23
240354,0
240355,0
240356,0
240357,0
240358,0
240359,0
240360,0
240361,0
240362,0
240363,0
240364,0
240365,0
240366,0
240367,32
240368,0
240369,14
240370,18
240371,0
240372,0
240373,0
240374,0
240375,0
240376,0
240377,0
240378,0
240379,0
240380,0
240381,0
240382,0
240383,0
240384,0
240385,0
240386,0
240387,0
240388,0
240389,0
240390,0
240391,0
240392,0
240393,34
240394,0
240395,0
240396,0
240397,0
240398,29
240399,0
240400,0
240401,0
240402,0
240403,0
240404,0
240405,0
240406,0
240407,0
240408,0
240409,0
240410,0
240411,0
240412,0
240413,0
240414,22
240415,0
240416,0
240417,0
240418,0
240419,38
240420,0
240421,45
240422,0
240423,0
240424,0
240425,0
240426,29
240427,0
240428,0
240429,0
240430,0
240431,0
240432,0
240433,0
240434,0
240435,0
240436,0
240437,0
240438,0
240439,0
240440,0
240441,0
240442,0
240443,0
240444,0
240445,0
240446,0
240447,28
240448,0
240449,0
240450,0
240451,0
240452,0
240453,0
240454,0
240455,0
240456,0
240457,0
240458,0
240459,0
240460,0
240461,0
240462,0
240463,0
240464,0
240465,0
240466,0
240467,0
240468,0
240469,0
240470,0
240471,0
240472,0
240473,0
240474,0
240475,0
240476,0
240477,0
240478,0
240479,0
240480,0
240481,0
240482,0
240483,0
240484,0
240485,0
240486,0
240487,0
240488,0
240489,0
240490,0
240491,0
240492,0
240493,0
240494,0
240495,0
240496,0
240497,0
240498,0
240499,0
240500,0
240501,0
240502,0
240503,0
240504,0
240505,0
240506,0
240507,0
240508,0
240509,0
240510,0
240511,0
240512,0
240513,0
240514,0
240515,0
240516,0
240517,0
240518,0
240519,0
240520,0
240521,0
240522,0
240523,0
240524,0
240525,0
240526,0
240527,0
240528,0
240529,0
240530,0
240531,0
240532,0
240533,0
240534,0
240535,0
240536,0
240537,0
240538,0
240539,0
240540,0
240541,0
240542,0
240543,0
240544,0
240545,0
240546,0
240547,0
240548,0
240549,0
240550,0
240551,0
240552,0
240553,0
240554,0
240555,0
240556,0
240557,0
240558,0
240559,0
240560,0
240561,0
240562,0
240563,0
240564,0
240565,0
240566,0
240567,0
240568,0
240569,0
240570,0
240571,0
240572,0
240573,0
240574,0
240575,0
240576,0
240577,0
240578,0
240579,0
240580,0
240581,0
240582,0
240583,0
240584,0
240585,0
240586,0
240587,0
240588,0
240589,0
240590,0
240591,0
240592,0
240593,0
240594,0
240595,0
240596,0
240597,0
240598,0
240599,0
240600,0
240601,0
240602,0
240603,0
240604,0
240605,0
240606,0
240607,0
240608,0
240609,0
240610,0
240611,0
240612,0
240613,0
240614,0
240615,0
240616,0
240617,0
240618,0
240619,0
240620,0
240621,0
240622,0
240623,0
240624,0
240625,0
240626,0
240627,0
240628,0
240629,0
240630,0
240631,0
240632,0
240633,0
240634,0
240635,0
240636,0
240637,0
240638,0
240639,0
240640,0
240641,0
240642,0
240643,0
240644,0
240645,0
240646,0
240647,0
240648,0
240649,0
240650,0
240651,0
240652,0
240653,0
240654,0
240655,0
240656,0
240657,0
240658,0
240659,0
240660,0
240661,0
240662,0
240663,0
240664,0
240665,0
240666,0
240667,0
240668,0
240669,0
240670,0
240671,0
240672,0
240673,0
240674,0
240675,0
240676,0
240677,0
240678,0
240679,0
240680,0
240681,0
240682,0
240683,0
240684,0
240685,0
240686,0
240687,0
240688,0
240689,0
240690,0
240691,0
240692,0
240693,0
240694,0
240695,0
240696,0
240697,0
240698,0
240699,0
240700,0
240701,0
240702,0
240703,0
240704,0
240705,0
240706,0
240707,0
240708,0
240709,0
240710,0
240711,0
240712,0
240713,0
240714,0
240715,0
240716,0
240717,0
240718,0
240719,0
240720,0
240721,0
240722,0
240723,0
240724,0
240725,0
240726,0
240727,0
240728,0
240729,0
240730,0
240731,0
240732,0
240733,0
240734,0
240735,0
240736,0
240737,0
240738,0
240739,0
240740,0
240741,0
240742,0
240743,0
240744,0
240745,0
240746,0
240747,0
240748,0
240749,0
240750,0
240751,0
240752,0
240753,0
240754,0
240755,0
240756,0
240757,0
240758,0
240759,0
240760,0
240761,0
240762,0
240763,0
240764,0
240765,0
240766,0
240767,0
240768,0
240769,0
240770,0
240771,0
240772,0
240773,0
240774,0
240775,0
240776,0
240777,0
240778,0
240779,0
240780,0
240781,0
240782,0
240783,0
240784,0
240785,0
240786,0
240787,0
240788,0
240789,0
240790,0
240791,0
240792,0
240793,0
240794,0
240795,0
240796,0
240797,0
240798,0
240799,0
240800,0
240801,0
240802,0
240803,0
240804,0
240805,0
240806,0
240807,0
240808,0
240809,0
240810,0
240811,0
240812,0
240813,0
240814,0
240815,0
240816,0
240817,0
240818,0
240819,0
240820,0
240821,0
240822,0
240823,0
240824,0
240825,0
240826,0
240827,0
240828,0
240829,0
240830,0
240831,0
240832,0
240833,0
240834,0
240835,0
240836,0
240837,0
240838,0
240839,0
240840,0
240841,0
240842,0
240843,0
240844,0
240845,0
240846,0
240847,0
240848,0
240849,0
240850,0
240851,0
240852,0
240853,0
240854,0
240855,0
240856,0
240857,0
240858,0
240859,0
240860,0
240861,0
240862,0
240863,0
240864,0
240865,0
240866,0
240867,0
240868,0
240869,0
240870,0
240871,0
240872,0
240873,0
240874,0
240875,0
240876,0
240877,0
240878,0
240879,0
240880,0
240881,0
240882,0
240883,0
240884,0
240885,0
240886,0
240887,0
240888,0
240889,0
240890,0
240891,0
240892,0
240893,0
240894,0
240895,0
240896,0
240897,0
240898,0
240899,0
240900,0
240901,0
240902,0
240903,0
240904,0
240905,0
240906,0
240907,0
240908,0
240909,0
240910,0
240911,0
240912,0
240913,0
240914,0
240915,0
240916,0
240917,0
240918,0
240919,0
240920,0
240921,0
240922,0
240923,0
240924,0
240925,0
240926,0
240927,0
240928,0
240929,0
240930,0
240931,0
240932,0
240933,0
240934,0
240935,0
240936,0
240937,0
240938,0
240939,0
240940,0
240941,0
240942,0
240943,0
240944,0
240945,0
240946,0
240947,0
240948,0
240949,0
240950,0
240951,0
240952,0
240953,0
240954,0
240955,0
240956,0
240957,0
240958,0
240959,0
240960,0
240961,0
240962,0
240963,0
240964,0
240965,0
240966,0
240967,0
240968,0
240969,0
240970,0
240971,0
240972,0
240973,0
240974,0
240975,0
240976,0
240977,0
240978,0
240979,0
240980,0
240981,0
240982,0
240983,0
240984,0
240985,0
240986,0
240987,0
240988,0
240989,0
240990,0
240991,0
240992,0
240993,0
240994,0
240995,0
240996,0
240997,0
240998,0
240999,0
241000,0
241001,0
241002,0
241003,0
241004,0
241005,0
241006,0
241007,0
241008,0
241009,0
241010,0
241011,0
241012,0
241013,0
241014,0
241015,0
241016,0
241017,0
241018,0
241019,0
241020,0
241021,0
241022,0
241023,0
241024,0
241025,0
241026,0
241027,0
241028,0
241029,0
241030,0
241031,0
241032,0
241033,0
241034,0
241035,0
241036,0
241037,0
241038,0
241039,0
241040,0
241041,0
241042,0
241043,0
241044,0
241045,0
241046,0
241047,0
241048,0
241049,0
241050,0
241051,0
241052,0
241053,0
241054,0
241055,0
241056,0
241057,0
241058,0
241059,0
241060,0
241061,0
241062,0
241063,0
241064,0
241065,0
241066,0
241067,0
241068,0
241069,0
241070,0
241071,0
241072,0
241073,0
241074,0
241075,0
241076,0
241077,0
241078,0
241079,0
241080,0
241081,0
241082,0
241083,0
241084,0
241085,0
241086,0
241087,0
241088,0
241089,0
241090,0
241091,0
241092,0
241093,0
241094,0
241095,0
241096,0
241097,0
241098,0
241099,0
241100,0
241101,0
241102,0
241103,0
241104,0
241105,0
241106,0
241107,0
241108,0
241109,0
241110,0
241111,0
241112,0
241113,0
241114,0
241115,0
241116,0
241117,0
241118,0
241119,0
241120,0
241121,0
241122,0
241123,0
241124,0
241125,0
241126,0
241127,0
241128,0
241129,0
241130,0
241131,0
241132,0
241133,0
241134,0
241135,0
241136,0
241137,0
241138,0
241139,0
241140,0
241141,0
241142,0
241143,0
241144,0
241145,0
241146,0
241147,0
241148,0
241149,0
241150,1
241151,0
241152,0
241153,0
241154,0
241155,0
241156,0
241157,0
241158,0
241159,0
241160,0
241161,0
241162,0
241163,0
241164,0
241165,0
241166,0
241167,0
241168,0
241169,0
241170,0
241171,0
241172,0
241173,0
241174,0
241175,0
241176,0
241177,0
241178,0
241179,0
241180,0
241181,0
241182,0
241183,0
241184,0
241185,0
241186,0
241187,0
241188,0
241189,0
241190,0
241191,0
241192,0
241193,0
241194,0
241195,0
241196,0
241197,0
241198,0
241199,0
241200,0
241201,0
241202,0
241203,0
241204,0
241205,0
241206,0
241207,0
241208,0
241209,0
241210,0
241211,0
241212,0
241213,0
241214,0
241215,0
241216,0
241217,0
241218,0
241219,0
241220,0
241221,0
241222,0
241223,0
241224,0
241225,0
241226,0
241227,0
241228,0
241229,0
241230,0
241231,0
241232,0
241233,0
241234,0
241235,0
241236,0
241237,0
241238,0
241239,0
241240,0
241241,0
241242,0
241243,0
241244,0
241245,0
241246,0
241247,0
241248,0
241249,0
241250,0
241251,0
241252,0
241253,0
241254,0
241255,0
241256,0
241257,0
241258,0
241259,0
241260,0
241261,0
241262,0
241263,0
241264,0
241265,0
241266,0
241267,0
241268,0
241269,0
241270,0
241271,0
241272,0
241273,0
241274,0
241275,0
241276,0
241277,0
241278,0
241279,0
241280,0
241281,0
241282,0
241283,0
241284,0
241285,0
241286,0
241287,0
241288,0
241289,0
241290,0
241291,0
241292,0
241293,0
241294,0
241295,0
241296,0
241297,0
241298,0
241299,0
241300,0
241301,0
241302,0
241303,0
241304,0
241305,0
241306,0
241307,0
241308,0
241309,0
241310,0
241311,0
241312,0
241313,0
241314,0
241315,0
241316,0
241317,0
241318,0
241319,0
241320,0
241321,0
241322,0
241323,0
241324,0
241325,0
241326,0
241327,0
241328,0
241329,0
241330,0
241331,0
241332,0
241333,0
241334,0
241335,0
241336,0
241337,0
241338,0
241339,0
241340,0
241341,0
241342,0
241343,0
241344,0
241345,0
241346,0
241347,0
241348,0
241349,0
241350,0
241351,0
241352,0
241353,0
241354,0
241355,0
241356,0
241357,0
241358,0
241359,0
241360,0
241361,0
241362,0
241363,0
241364,0
241365,0
241366,0
241367,0
241368,0
241369,0
241370,0
241371,0
241372,0
241373,0
241374,0
241375,0
241376,0
241377,0
241378,0
241379,0
241380,0
241381,0
241382,0
241383,0
241384,0
241385,0
241386,0
241387,0
241388,0
241389,0
241390,0
241391,0
241392,0
241393,0
241394,0
241395,0
241396,0
241397,0
241398,0
241399,0
241400,0
241401,0
241402,0
241403,0
241404,0
241405,0
241406,0
241407,0
241408,0
241409,0
241410,0
241411,0
241412,0
241413,0
241414,0
241415,0
241416,0
241417,0
241418,0
241419,0
241420,0
241421,0
241422,0
241423,0
241424,0
241425,0
241426,0
241427,0
241428,0
241429,0
241430,0
241431,0
241432,35
241433,0
241434,43
241435,32
241436,0
241437,0
241438,33
241439,0
241440,0
241441,43
241442,46
241443,0
241444,0
241445,0
241446,0
241447,0
241448,0
241449,0
241450,0
241451,39
241452,0
241453,0
241454,47
241455,0
241456,0
241457,27
241458,33
241459,0
241460,0
241461,0
241462,36
241463,0
241464,40
241465,0
241466,47
241467,0
241468,24
241469,0
241470,52
241471,0
241472,0
241473,0
241474,0
241475,0
241476,32
241477,0
241478,0
241479,0
241480,53
241481,0
241482,0
241483,0
241484,0
241485,0
241486,0
241487,38
241488,0
241489,0
241490,0
241491,28
241492,0
241493,28
241494,0
241495,31
241496,0
241497,0
241498,43
241499,0
241500,31
241501,39
241502,30
241503,37
241504,0
241505,0
241506,0
241507,35
241508,0
241509,34
241510,0
241511,0
241512,0
241513,0
241514,52
241515,0
241516,0
241517,30
241518,0
241519,0
241520,0
241521,0
241522,0
241523,0
241524,26
241525,32
241526,57
241527,58
241528,0
241529,0
241530,28
241531,0
241532,0
241533,43
241534,47
241535,20
241536,0
241537,21
241538,0
241539,0
241540,0
241541,0
241542,0
241543,38
241544,0
241545,0
241546,34
241547,0
241548,26
241549,39
241550,35
241551,0
241552,0
241553,58
241554,0
241555,52
241556,0
241557,0
241558,36
241559,31
241560,0
241561,0
241562,0
241563,0
241564,0
241565,0
241566,33
241567,0
241568,0
241569,30
241570,0
241571,0
241572,43
241573,0
241574,46
241575,0
241576,0
241577,0
241578,34
241579,27
241580,0
241581,44
241582,0
241583,38
241584,0
241585,0
241586,0
241587,0
241588,0
241589,44
241590,50
241591,0
241592,36
241593,0
241594,0
241595,0
241596,0
241597,0
241598,0
241599,0
241600,44
241601,0
241602,38
241603,31
241604,24
241605,26
241606,40
241607,0
241608,0
241609,0
241610,0
241611,43
241612,0
241613,0
241614,0
241615,0
241616,0
241617,0
241618,0
241619,0
241620,0
241621,0
241622,0
241623,51
241624,0
241625,0
241626,0
241627,35
241628,41
241629,33
241630,0
241631,36
241632,0
241633,55
241634,0
241635,0
241636,0
241637,0
241638,0
241639,27
241640,0
241641,0
241642,0
241643,0
241644,0
241645,40
241646,0
241647,0
241648,38
241649,34
241650,46
241651,0
241652,0
241653,0
241654,0
241655,41
241656,0
241657,0
241658,0
241659,0
241660,56
241661,49
241662,0
241663,42
241664,0
241665,0
241666,0
241667,0
241668,0
241669,0
241670,0
241671,0
241672,0
241673,0
241674,37
241675,22
241676,0
241677,0
241678,0
241679,0
241680,42
241681,41
241682,0
241683,0
241684,0
241685,0
241686,0
241687,0
241688,0
241689,0
241690,0
241691,40
241692,32
241693,0
241694,0
241695,31
241696,0
241697,0
241698,0
241699,44
241700,0
241701,0
241702,0
241703,0
241704,37
241705,42
241706,31
241707,0
241708,0
241709,0
241710,44
241711,45
241712,0
241713,42
241714,0
241715,64
241716,0
241717,0
241718,31
241719,0
241720,40
241721,0
241722,0
241723,0
241724,30
241725,0
241726,0
241727,51
241728,0
241729,0
241730,0
241731,0
241732,0
241733,0
241734,0
241735,0
241736,38
241737,29
241738,29
241739,44
241740,0
241741,0
241742,0
241743,29
241744,31
241745,0
241746,0
241747,43
241748,0
241749,0
241750,54
241751,0
241752,0
241753,0
241754,0
241755,54
241756,27
241757,46
241758,0
241759,43
241760,0
241761,0
241762,0
241763,27
241764,0
241765,0
241766,0
241767,46
241768,45
241769,0
241770,0
241771,0
241772,0
241773,0
241774,0
241775,40
241776,47
241777,0
241778,0
241779,0
241780,43
241781,0
241782,0
241783,0
241784,0
241785,0
241786,0
241787,0
241788,0
241789,0
241790,0
241791,27
241792,0
241793,37
241794,0
241795,53
241796,0
241797,0
241798,0
241799,0
241800,0
241801,0
241802,0
241803,0
241804,32
241805,0
241806,0
241807,0
241808,38
241809,0
241810,0
241811,0
241812,33
241813,0
241814,30
241815,0
241816,0
241817,0
241818,0
241819,0
241820,0
241821,0
241822,0
241823,41
241824,24
241825,39
241826,0
241827,40
241828,26
241829,0
241830,0
241831,0
241832,0
241833,0
241834,34
241835,0
241836,0
241837,0
241838,40
241839,0
241840,0
241841,0
241842,0
241843,0
241844,35
241845,0
241846,0
241847,0
241848,0
241849,0
241850,7
241851,0
241852,0
241853,4
241854,9
241855,0
241856,0
241857,0
241858,2
241859,0
241860,0
241861,2
241862,3
241863,0
241864,4
241865,0
241866,4
241867,0
241868,0
241869,0
241870,3
241871,0
241872,0
241873,0
241874,0
241875,0
241876,0
241877,0
241878,0
241879,5
241880,7
241881,0
241882,7
241883,7
241884,0
241885,0
241886,0
241887,8
241888,0
241889,0
241890,0
241891,0
241892,0
241893,0
241894,2
241895,0
241896,0
241897,0
241898,0
241899,0
241900,0
241901,3
241902,0
241903,0
241904,4
241905,0
241906,0
241907,0
241908,9
241909,8
241910,0
241911,8
241912,0
241913,7
241914,0
241915,0
241916,8
241917,6
241918,0
241919,11
241920,8
241921,0
241922,0
241923,0
241924,0
241925,0
241926,0
241927,0
241928,0
241929,0
241930,0
241931,0
241932,0
241933,0
241934,5
241935,0
241936,0
241937,0
241938,0
241939,0
241940,3
241941,0
241942,0
241943,3
241944,2
241945,0
241946,0
241947,0
241948,0
241949,0
241950,0
241951,0
241952,3
241953,2
241954,4
241955,5
241956,0
241957,0
241958,0
241959,0
241960,0
241961,0
241962,7
241963,6
241964,0
241965,0
241966,5
241967,0
241968,0
241969,0
241970,0
241971,0
241972,0
241973,0
241974,1
241975,0
241976,3
241977,0
241978,5
241979,0
241980,5
241981,6
241982,0
241983,7
241984,0
241985,0
241986,0
241987,0
241988,0
241989,0
241990,30
241991,29
241992,0
241993,0
241994,0
241995,0
241996,28
241997,0
241998,0
241999,0
242000,0
242001,0
242002,0
242003,0
242004,31
242005,32
242006,0
242007,0
242008,24
242009,20
242010,0
242011,0
242012,32
242013,0
242014,0
242015,0
242016,0
242017,0
242018,21
242019,0
242020,0
242021,0
242022,0
242023,0
242024,0
242025,0
242026,0
242027,0
242028,0
242029,0
242030,0
242031,0
242032,0
242033,0
242034,0
242035,0
242036,0
242037,0
242038,0
242039,24
242040,0
242041,0
242042,0
242043,0
242044,0
242045,34
242046,0
242047,0
242048,28
242049,0
242050,0
242051,29
242052,27
242053,0
242054,0
242055,24
242056,0
242057,0
242058,18
242059,39
242060,0
242061,0
242062,0
242063,0
242064,0
242065,0
242066,0
242067,0
242068,0
242069,0
242070,0
242071,0
242072,18
242073,0
242074,0
242075,0
242076,0
242077,0
242078,0
242079,22
242080,0
242081,12
242082,0
242083,0
242084,0
242085,0
242086,21
242087,0
242088,0
242089,0
242090,0
242091,0
242092,0
242093,0
242094,0
242095,0
242096,0
242097,0
242098,0
242099,0
242100,0
242101,37
242102,0
242103,0
242104,0
242105,0
242106,18
242107,0
242108,0
242109,0
242110,0
242111,0
242112,0
242113,29
242114,0
242115,0
242116,0
242117,25
242118,0
242119,21
242120,0
242121,21
242122,0
242123,0
242124,0
242125,0
242126,24
242127,0
242128,20
242129,24
242130,0
242131,0
242132,0
242133,0
242134,22
242135,0
242136,0
242137,27
242138,0
242139,35
242140,0
242141,0
242142,0
242143,0
242144,0
242145,0
242146,0
242147,0
242148,0
242149,18
242150,0
242151,0
242152,0
242153,15
242154,34
242155,0
242156,46
242157,0
242158,0
242159,23
242160,0
242161,30
242162,0
242163,26
242164,0
242165,18
242166,11
242167,0
242168,0
242169,0
242170,12
242171,19
242172,0
242173,39
242174,0
242175,0
242176,0
242177,0
242178,0
242179,16
242180,0
242181,0
242182,26
242183,0
242184,0
242185,0
242186,20
242187,21
242188,23
242189,30
242190,0
242191,23
242192,0
242193,0
242194,0
242195,0
242196,0
242197,0
242198,0
242199,0
242200,27
242201,0
242202,20
242203,0
242204,0
242205,0
242206,0
242207,21
242208,0
242209,50
242210,26
242211,0
242212,0
242213,29
242214,0
242215,0
242216,17
242217,0
242218,0
242219,0
242220,0
242221,0
242222,0
242223,14
242224,29
242225,15
242226,0
242227,0
242228,0
242229,0
242230,0
242231,0
242232,0
242233,0
242234,12
242235,0
242236,0
242237,0
242238,0
242239,0
242240,0
242241,0
242242,0
242243,0
242244,0
242245,15
242246,0
242247,17
242248,21
242249,18
242250,0
242251,0
242252,0
242253,0
242254,0
242255,0
242256,28
242257,0
242258,0
242259,0
242260,0
242261,0
242262,0
242263,0
242264,0
242265,0
242266,0
242267,0
242268,0
242269,0
242270,39
242271,0
242272,0
242273,0
242274,22
242275,0
242276,0
242277,0
242278,0
242279,0
242280,0
242281,0
242282,22
242283,13
242284,26
242285,21
242286,0
242287,20
242288,0
242289,24
242290,12
242291,26
242292,0
242293,28
242294,25
242295,0
242296,0
242297,0
242298,0
242299,0
242300,0
242301,29
242302,27
242303,0
242304,0
242305,0
242306,0
242307,30
242308,0
242309,0
242310,0
242311,0
242312,0
242313,0
242314,0
242315,0
242316,0
242317,15
242318,0
242319,0
242320,0
242321,0
242322,0
242323,0
242324,0
242325,0
242326,0
242327,15
242328,0
242329,13
242330,0
242331,0
242332,0
242333,0
242334,0
242335,0
242336,0
242337,0
242338,0
242339,0
242340,0
242341,39
242342,0
242343,0
242344,0
242345,0
242346,0
242347,0
242348,0
242349,17
242350,0
242351,0
242352,0
242353,0
242354,0
242355,0
242356,33
242357,31
242358,0
242359,0
242360,0
242361,17
242362,29
242363,0
242364,0
242365,0
242366,24
242367,0
242368,0
242369,19
242370,0
242371,35
242372,22
242373,0
242374,0
242375,0
242376,0
242377,0
242378,0
242379,0
242380,0
242381,0
242382,0
242383,0
242384,0
242385,0
242386,0
242387,0
242388,0
242389,0
242390,0
242391,0
242392,0
242393,0
242394,0
242395,43
242396,23
242397,0
242398,0
242399,0
242400,0
242401,26
242402,0
242403,0
242404,0
242405,22
242406,42
242407,0
242408,0
242409,0
242410,0
242411,0
242412,0
242413,0
242414,18
242415,24
242416,0
242417,0
242418,0
242419,0
242420,28
242421,0
242422,0
242423,0
242424,0
242425,14
242426,0
242427,0
242428,31
242429,0
242430,0
242431,0
242432,19
242433,0
242434,27
242435,0
242436,19
242437,0
242438,0
242439,0
242440,30
242441,0
242442,0
242443,0
242444,19
242445,13
242446,0
242447,0
242448,0
242449,38
242450,0
242451,0
242452,0
242453,0
242454,0
242455,0
242456,0
242457,0
242458,0
242459,0
242460,0
242461,0
242462,0
242463,0
242464,0
242465,0
242466,0
242467,0
242468,0
242469,0
242470,32
242471,0
242472,0
242473,24
242474,0
242475,0
242476,0
242477,29
242478,25
242479,0
242480,0
242481,0
242482,0
242483,15
242484,0
242485,0
242486,0
242487,0
242488,0
242489,25
242490,0
242491,0
242492,0
242493,23
242494,27
242495,0
242496,40
242497,0
242498,0
242499,0
242500,0
242501,0
242502,0
242503,12
242504,18
242505,0
242506,0
242507,0
242508,0
242509,0
242510,0
242511,0
242512,0
242513,0
242514,0
242515,0
242516,0
242517,0
242518,0
242519,18
242520,0
242521,0
242522,26
242523,0
242524,0
242525,0
242526,0
242527,0
242528,0
242529,0
242530,0
242531,39
242532,0
242533,0
242534,0
242535,0
242536,14
242537,0
242538,0
242539,0
242540,0
242541,0
242542,0
242543,29
242544,0
242545,0
242546,0
242547,0
242548,0
242549,0
242550,0
242551,0
242552,24
242553,0
242554,0
242555,0
242556,8
242557,25
242558,0
242559,17
242560,13
242561,0
242562,0
242563,30
242564,15
242565,0
242566,0
242567,0
242568,0
242569,0
242570,0
242571,0
242572,0
242573,0
242574,0
242575,0
242576,0
242577,0
242578,22
242579,0
242580,30
242581,0
242582,0
242583,30
242584,0
242585,0
242586,0
242587,0
242588,30
242589,0
242590,0
242591,0
242592,0
242593,0
242594,0
242595,0
242596,0
242597,12
242598,0
242599,0
242600,15
242601,0
242602,0
242603,0
242604,0
242605,0
242606,0
242607,0
242608,0
242609,0
242610,18
242611,0
242612,0
242613,0
242614,0
242615,0
242616,25
242617,0
242618,0
242619,30
242620,0
242621,32
242622,25
242623,0
242624,0
242625,0
242626,25
242627,0
242628,0
242629,0
242630,0
242631,0
242632,0
242633,0
242634,0
242635,0
242636,0
242637,0
242638,0
242639,0
242640,0
242641,0
242642,0
242643,0
242644,0
242645,20
242646,0
242647,0
242648,0
242649,0
242650,0
242651,0
242652,0
242653,0
242654,0
242655,25
242656,0
242657,0
242658,0
242659,0
242660,0
242661,0
242662,20
242663,21
242664,0
242665,0
242666,0
242667,0
242668,24
242669,0
242670,21
242671,0
242672,0
242673,0
242674,0
242675,27
242676,0
242677,0
242678,0
242679,0
242680,0
242681,0
242682,0
242683,0
242684,0
242685,0
242686,9
242687,0
242688,0
242689,0
242690,0
242691,0
242692,34
242693,0
242694,25
242695,0
242696,17
242697,0
242698,12
242699,23
242700,0
242701,0
242702,0
242703,0
242704,37
242705,0
242706,0
242707,0
242708,17
242709,0
242710,0
242711,0
242712,0
242713,0
242714,0
242715,14
242716,0
242717,0
242718,0
242719,0
242720,0
242721,0
242722,21
242723,0
242724,0
242725,0
242726,25
242727,51
242728,0
242729,0
242730,0
242731,23
242732,0
242733,0
242734,0
242735,0
242736,0
242737,20
242738,0
242739,21
242740,17
242741,0
242742,15
242743,30
242744,0
242745,0
242746,0
242747,0
242748,0
242749,21
242750,0
242751,0
242752,0
242753,0
242754,0
242755,25
242756,24
242757,0
242758,0
242759,0
242760,0
242761,14
242762,0
242763,0
242764,0
242765,0
242766,0
242767,0
242768,0
242769,30
242770,27
242771,0
242772,0
242773,0
242774,0
242775,24
242776,0
242777,0
242778,28
242779,0
242780,24
242781,0
242782,0
242783,17
242784,0
242785,0
242786,30
242787,0
242788,16
242789,0
242790,0
242791,0
242792,0
242793,0
242794,0
242795,0
242796,41
242797,28
242798,15
242799,0
242800,0
242801,0
242802,0
242803,0
242804,23
242805,0
242806,0
242807,42
242808,22
242809,0
242810,0
242811,0
242812,30
242813,0
242814,0
242815,0
242816,0
242817,0
242818,35
242819,0
242820,0
242821,0
242822,0
242823,0
242824,0
242825,0
242826,0
242827,0
242828,0
242829,0
242830,0
242831,0
242832,0
242833,0
242834,0
242835,0
242836,0
242837,0
242838,0
242839,0
242840,14
242841,0
242842,0
242843,0
242844,0
242845,35
242846,0
242847,0
242848,40
242849,0
242850,0
242851,0
242852,0
242853,0
242854,0
242855,0
242856,0
242857,0
242858,0
242859,39
242860,0
242861,0
242862,0
242863,0
242864,0
242865,0
242866,0
242867,0
242868,0
242869,0
242870,0
242871,0
242872,36
242873,0
242874,31
242875,0
242876,0
242877,0
242878,0
242879,0
242880,0
242881,0
242882,0
242883,0
242884,0
242885,0
242886,0
242887,0
242888,0
242889,24
242890,0
242891,0
242892,0
242893,0
242894,0
242895,0
242896,0
242897,0
242898,0
242899,27
242900,0
242901,0
242902,0
242903,0
242904,0
242905,0
242906,0
242907,0
242908,0
242909,0
242910,0
242911,0
242912,0
242913,0
242914,0
242915,0
242916,0
242917,0
242918,0
242919,0
242920,0
242921,0
242922,0
242923,16
242924,0
242925,0
242926,0
242927,0
242928,12
242929,0
242930,0
242931,0
242932,0
242933,0
242934,0
242935,0
242936,0
242937,0
242938,26
242939,0
242940,50
242941,0
242942,0
242943,0
242944,36
242945,0
242946,24
242947,0
242948,0
242949,0
242950,0
242951,0
242952,25
242953,0
242954,0
242955,31
242956,0
242957,0
242958,0
242959,0
242960,0
242961,0
242962,0
242963,0
242964,0
242965,0
242966,0
242967,0
242968,0
242969,0
242970,0
242971,0
242972,24
242973,0
242974,0
242975,0
242976,0
242977,25
242978,0
242979,0
242980,0
242981,0
242982,24
242983,0
242984,0
242985,0
242986,0
242987,0
242988,0
242989,26
242990,0
242991,0
242992,0
242993,0
242994,0
242995,0
242996,0
242997,0
242998,0
242999,0
243000,0
243001,0
243002,0
243003,0
243004,0
243005,0
243006,0
243007,0
243008,0
243009,31
243010,0
243011,0
243012,0
243013,0
243014,0
243015,0
243016,0
243017,46
243018,0
243019,0
243020,42
243021,51
243022,25
243023,0
243024,0
243025,0
243026,0
243027,0
243028,26
243029,0
243030,0
243031,0
243032,0
243033,0
243034,0
243035,0
243036,0
243037,0
243038,0
243039,0
243040,0
243041,0
243042,0
243043,0
243044,0
243045,0
243046,0
243047,0
243048,21
243049,0
243050,0
243051,23
243052,0
243053,27
243054,0
243055,0
243056,0
243057,0
243058,0
243059,0
243060,0
243061,0
243062,0
243063,0
243064,0
243065,0
243066,0
243067,0
243068,0
243069,0
243070,0
243071,0
243072,0
243073,31
243074,25
243075,0
243076,0
243077,0
243078,0
243079,23
243080,0
243081,0
243082,0
243083,33
243084,0
243085,0
243086,0
243087,0
243088,0
243089,0
243090,0
243091,0
243092,39
243093,0
243094,0
243095,23
243096,0
243097,0
243098,0
243099,0
243100,0
243101,0
243102,0
243103,39
243104,0
243105,0
243106,0
243107,0
243108,40
243109,0
243110,0
243111,0
243112,0
243113,0
243114,0
243115,0
243116,0
243117,0
243118,0
243119,0
243120,0
243121,0
243122,0
243123,0
243124,0
243125,0
243126,0
243127,0
243128,0
243129,0
243130,0
243131,0
243132,34
243133,0
243134,0
243135,0
243136,0
243137,0
243138,0
243139,0
243140,0
243141,0
243142,0
243143,0
243144,0
243145,0
243146,0
243147,0
243148,0
243149,0
243150,0
243151,0
243152,22
243153,0
243154,0
243155,0
243156,0
243157,24
243158,0
243159,0
243160,35
243161,0
243162,0
243163,0
243164,0
243165,0
243166,0
243167,0
243168,0
243169,0
243170,0
243171,0
243172,0
243173,36
243174,0
243175,0
243176,0
243177,0
243178,0
243179,0
243180,0
243181,0
243182,0
243183,0
243184,0
243185,0
243186,0
243187,0
243188,64
243189,0
243190,0
243191,0
243192,0
243193,0
243194,0
243195,0
243196,33
243197,0
243198,0
243199,36
243200,0
243201,0
243202,0
243203,0
243204,0
243205,37
243206,32
243207,0
243208,17
243209,53
243210,0
243211,0
243212,0
243213,0
243214,0
243215,0
243216,31
243217,31
243218,0
243219,0
243220,0
243221,0
243222,0
243223,47
243224,0
243225,0
243226,0
243227,0
243228,0
243229,0
243230,0
243231,53
243232,0
243233,0
243234,0
243235,0
243236,0
243237,0
243238,0
243239,0
243240,0
243241,0
243242,0
243243,0
243244,0
243245,0
243246,0
243247,0
243248,0
243249,0
243250,0
243251,0
243252,0
243253,0
243254,0
243255,0
243256,0
243257,0
243258,0
243259,0
243260,0
243261,14
243262,0
243263,0
243264,0
243265,0
243266,0
243267,0
243268,0
243269,21
243270,0
243271,0
243272,0
243273,0
243274,0
243275,0
243276,0
243277,0
243278,0
243279,0
243280,0
243281,0
243282,0
243283,0
243284,0
243285,0
243286,0
243287,0
243288,0
243289,0
243290,0
243291,0
243292,0
243293,0
243294,36
243295,0
243296,0
243297,0
243298,0
243299,0
243300,0
243301,0
243302,0
243303,0
243304,0
243305,0
243306,0
243307,0
243308,0
243309,0
243310,0
243311,0
243312,0
243313,0
243314,0
243315,0
243316,0
243317,0
243318,0
243319,0
243320,0
243321,0
243322,0
243323,0
243324,0
243325,0
243326,0
243327,0
243328,0
243329,0
243330,0
243331,17
243332,0
243333,0
243334,0
243335,0
243336,0
243337,0
243338,22
243339,0
243340,0
243341,0
243342,0
243343,26
243344,21
243345,0
243346,0
243347,32
243348,0
243349,0
243350,0
243351,0
243352,0
243353,0
243354,24
243355,0
243356,0
243357,0
243358,0
243359,0
243360,0
243361,0
243362,0
243363,0
243364,0
243365,0
243366,0
243367,0
243368,0
243369,0
243370,0
243371,23
243372,0
243373,0
243374,0
243375,0
243376,18
243377,0
243378,0
243379,0
243380,0
243381,0
243382,20
243383,0
243384,0
243385,28
243386,0
243387,0
243388,0
243389,0
243390,0
243391,0
243392,0
243393,0
243394,0
243395,0
243396,21
243397,25
243398,22
243399,0
243400,0
243401,22
243402,25
243403,0
243404,0
243405,0
243406,0
243407,0
243408,0
243409,0
243410,0
243411,29
243412,0
243413,0
243414,0
243415,0
243416,0
243417,0
243418,0
243419,14
243420,24
243421,0
243422,0
243423,0
243424,0
243425,0
243426,0
243427,0
243428,0
243429,23
243430,0
243431,23
243432,0
243433,0
243434,14
243435,0
243436,0
243437,0
243438,0
243439,0
243440,0
243441,0
243442,0
243443,0
243444,0
243445,0
243446,0
243447,0
243448,0
243449,0
243450,13
243451,0
243452,0
243453,24
243454,0
243455,0
243456,31
243457,0
243458,19
243459,0
243460,0
243461,0
243462,0
243463,0
243464,28
243465,30
243466,0
243467,0
243468,30
243469,0
243470,25
243471,0
243472,0
243473,15
243474,0
243475,0
243476,21
243477,24
243478,0
243479,0
243480,0
243481,14
243482,24
243483,0
243484,0
243485,22
243486,17
243487,0
243488,0
243489,0
243490,0
243491,27
243492,0
243493,0
243494,0
243495,17
243496,18
243497,23
243498,0
243499,14
243500,0
243501,0
243502,0
243503,0
243504,0
243505,0
243506,0
243507,13
243508,0
243509,0
243510,0
243511,0
243512,0
243513,0
243514,21
243515,0
243516,0
243517,0
243518,22
243519,0
243520,30
243521,23
243522,28
243523,27
243524,0
243525,0
243526,0
243527,0
243528,0
243529,0
243530,22
243531,0
243532,0
243533,0
243534,0
243535,24
243536,0
243537,0
243538,0
243539,26
243540,0
243541,0
243542,0
243543,28
243544,0
243545,0
243546,0
243547,0
243548,38
243549,0
243550,0
243551,0
243552,0
243553,0
243554,0
243555,0
243556,0
243557,0
243558,0
243559,10
243560,0
243561,0
243562,0
243563,0
243564,0
243565,19
243566,0
243567,0
243568,0
243569,0
243570,0
243571,0
243572,0
243573,0
243574,0
243575,31
243576,0
243577,0
243578,0
243579,34
243580,0
243581,21
243582,0
243583,33
243584,0
243585,0
243586,21
243587,0
243588,0
243589,0
243590,0
243591,0
243592,0
243593,0
243594,0
243595,0
243596,0
243597,24
243598,0
243599,0
243600,0
243601,0
243602,0
243603,0
243604,0
243605,0
243606,0
243607,0
243608,0
243609,0
243610,0
243611,26
243612,0
243613,0
243614,0
243615,0
243616,0
243617,29
243618,0
243619,21
243620,0
243621,0
243622,0
243623,0
243624,0
243625,30
243626,0
243627,0
243628,36
243629,0
243630,0
243631,0
243632,0
243633,0
243634,0
243635,0
243636,0
243637,0
243638,19
243639,0
243640,0
243641,26
243642,0
243643,0
243644,0
243645,0
243646,0
243647,37
243648,0
243649,0
243650,31
243651,0
243652,0
243653,0
243654,0
243655,0
243656,0
243657,0
243658,27
243659,0
243660,0
243661,0
243662,0
243663,0
243664,25
243665,27
243666,0
243667,25
243668,0
243669,0
243670,0
243671,0
243672,32
243673,0
243674,0
243675,0
243676,34
243677,0
243678,0
243679,0
243680,0
243681,0
243682,0
243683,0
243684,0
243685,0
243686,0
243687,0
243688,0
243689,0
243690,0
243691,0
243692,0
243693,0
243694,0
243695,26
243696,0
243697,0
243698,0
243699,0
243700,0
243701,19
243702,0
243703,0
243704,0
243705,0
243706,20
243707,22
243708,0
243709,0
243710,0
243711,0
243712,26
243713,18
243714,29
243715,0
243716,30
243717,0
243718,0
243719,0
243720,39
243721,0
243722,0
243723,0
243724,0
243725,0
243726,0
243727,0
243728,15
243729,0
243730,0
243731,0
243732,0
243733,0
243734,0
243735,0
243736,26
243737,0
243738,0
243739,0
243740,0
243741,0
243742,0
243743,0
243744,0
243745,0
243746,0
243747,0
243748,0
243749,0
243750,24
243751,0
243752,19
243753,0
243754,0
243755,34
243756,0
243757,0
243758,0
243759,0
243760,0
243761,30
243762,0
243763,0
243764,0
243765,0
243766,0
243767,15
243768,0
243769,0
243770,0
243771,0
243772,0
243773,0
243774,0
243775,0
243776,0
243777,0
243778,0
243779,29
243780,0
243781,0
243782,0
243783,0
243784,0
243785,16
243786,0
243787,0
243788,0
243789,0
243790,0
243791,0
243792,0
243793,15
243794,0
243795,25
243796,34
243797,27
243798,0
243799,0
243800,0
243801,42
243802,34
243803,0
243804,24
243805,0
243806,0
243807,0
243808,0
243809,0
243810,0
243811,30
243812,0
243813,21
243814,0
243815,0
243816,0
243817,0
243818,0
243819,0
243820,0
243821,0
243822,0
243823,0
243824,0
243825,0
243826,0
243827,0
243828,29
243829,0
243830,0
243831,0
243832,13
243833,0
243834,29
243835,30
243836,0
243837,0
243838,0
243839,0
243840,0
243841,0
243842,0
243843,0
243844,0
243845,0
243846,0
243847,0
243848,0
243849,0
243850,0
243851,33
243852,0
243853,26
243854,0
243855,0
243856,0
243857,0
243858,21
243859,38
243860,0
243861,0
243862,15
243863,0
243864,0
243865,0
243866,23
243867,0
243868,26
243869,0
243870,0
243871,0
243872,21
243873,0
243874,0
243875,0
243876,0
243877,0
243878,0
243879,22
243880,0
243881,0
243882,0
243883,0
243884,0
243885,0
243886,0
243887,0
243888,0
243889,25
243890,26
243891,0
243892,0
243893,0
243894,0
243895,21
243896,0
243897,0
243898,24
243899,0
243900,0
243901,0
243902,27
243903,0
243904,0
243905,0
243906,0
243907,0
243908,0
243909,0
243910,0
243911,0
243912,16
243913,0
243914,0
243915,0
243916,0
243917,0
243918,0
243919,0
243920,0
243921,0
243922,0
243923,0
243924,0
243925,29
243926,27
243927,29
243928,0
243929,0
243930,19
243931,0
243932,0
243933,0
243934,0
243935,0
243936,38
243937,0
243938,0
243939,0
243940,0
243941,0
243942,0
243943,0
243944,42
243945,0
243946,39
243947,0
243948,24
243949,0
243950,0
243951,36
243952,0
243953,0
243954,32
243955,0
243956,0
243957,0
243958,0
243959,0
243960,30
243961,0
243962,25
243963,24
243964,0
243965,0
243966,31
243967,0
243968,0
243969,19
243970,0
243971,21
243972,0
243973,0
243974,0
243975,0
243976,0
243977,0
243978,19
243979,0
243980,23
243981,0
243982,0
243983,11
243984,40
243985,0
243986,0
243987,0
243988,0
243989,37
243990,0
243991,24
243992,0
243993,36
243994,0
243995,0
243996,31
243997,0
243998,0
243999,0
244000,0
244001,0
244002,36
244003,30
244004,0
244005,0
244006,0
244007,0
244008,0
244009,36
244010,0
244011,0
244012,18
244013,23
244014,0
244015,0
244016,0
244017,0
244018,0
244019,0
244020,0
244021,0
244022,0
244023,0
244024,0
244025,33
244026,0
244027,0
244028,31
244029,0
244030,0
244031,0
244032,0
244033,37
244034,0
244035,0
244036,28
244037,40
244038,0
244039,0
244040,0
244041,0
244042,0
244043,0
244044,0
244045,0
244046,0
244047,0
244048,0
244049,0
244050,0
244051,0
244052,19
244053,0
244054,0
244055,28
244056,0
244057,0
244058,0
244059,0
244060,0
244061,0
244062,0
244063,0
244064,0
244065,22
244066,0
244067,0
244068,0
244069,0
244070,0
244071,32
244072,0
244073,0
244074,0
244075,0
244076,0
244077,0
244078,0
244079,33
244080,0
244081,0
244082,0
244083,0
244084,0
244085,0
244086,0
244087,0
244088,0
244089,0
244090,0
244091,0
244092,0
244093,0
244094,0
244095,0
244096,0
244097,0
244098,19
244099,0
244100,0
244101,0
244102,28
244103,0
244104,0
244105,0
244106,0
244107,0
244108,0
244109,36
244110,0
244111,0
244112,0
244113,0
244114,0
244115,0
244116,0
244117,0
244118,0
244119,0
244120,20
244121,0
244122,0
244123,0
244124,0
244125,0
244126,0
244127,0
244128,0
244129,0
244130,0
244131,0
244132,0
244133,22
244134,21
244135,0
244136,19
244137,12
244138,0
244139,0
244140,0
244141,0
244142,20
244143,0
244144,0
244145,0
244146,0
244147,0
244148,18
244149,0
244150,0
244151,0
244152,0
244153,32
244154,0
244155,0
244156,0
244157,0
244158,0
244159,0
244160,30
244161,0
244162,30
244163,0
244164,28
244165,0
244166,0
244167,0
244168,31
244169,0
244170,0
244171,29
244172,0
244173,0
244174,35
244175,27
244176,0
244177,35
244178,0
244179,0
244180,0
244181,0
244182,0
244183,0
244184,24
244185,0
244186,0
244187,29
244188,0
244189,0
244190,0
244191,33
244192,18
244193,0
244194,0
244195,0
244196,0
244197,27
244198,33
244199,0
244200,0
244201,0
244202,21
244203,0
244204,0
244205,0
244206,22
244207,0
244208,0
244209,0
244210,0
244211,24
244212,0
244213,0
244214,0
244215,0
244216,0
244217,0
244218,38
244219,0
244220,0
244221,0
244222,0
244223,0
244224,0
244225,0
244226,0
244227,0
244228,0
244229,0
244230,0
244231,0
244232,0
244233,0
244234,0
244235,0
244236,0
244237,0
244238,0
244239,0
244240,0
244241,0
244242,24
244243,0
244244,0
244245,0
244246,0
244247,0
244248,0
244249,0
244250,0
244251,0
244252,0
244253,0
244254,0
244255,0
244256,0
244257,0
244258,0
244259,0
244260,29
244261,0
244262,0
244263,14
244264,24
244265,0
244266,37
244267,0
244268,0
244269,0
244270,0
244271,0
244272,31
244273,44
244274,0
244275,0
244276,0
244277,0
244278,0
244279,0
244280,0
244281,0
244282,0
244283,0
244284,0
244285,0
244286,36
244287,25
244288,0
244289,17
244290,17
244291,0
244292,30
244293,0
244294,0
244295,42
244296,0
244297,0
244298,0
244299,0
244300,0
244301,0
244302,0
244303,29
244304,0
244305,26
244306,0
244307,28
244308,0
244309,0
244310,0
244311,0
244312,0
244313,0
244314,0
244315,0
244316,0
244317,19
244318,0
244319,22
244320,0
244321,0
244322,0
244323,0
244324,0
244325,0
244326,0
244327,0
244328,0
244329,0
244330,0
244331,0
244332,0
244333,0
244334,0
244335,0
244336,0
244337,0
244338,27
244339,39
244340,0
244341,0
244342,0
244343,0
244344,0
244345,0
244346,0
244347,0
244348,0
244349,0
244350,0
244351,0
244352,0
244353,0
244354,0
244355,0
244356,0
244357,0
244358,0
244359,0
244360,0
244361,23
244362,0
244363,0
244364,25
244365,0
244366,0
244367,27
244368,0
244369,0
244370,0
244371,22
244372,42
244373,24
244374,33
244375,0
244376,28
244377,0
244378,0
244379,0
244380,0
244381,0
244382,0
244383,0
244384,0
244385,0
244386,0
244387,26
244388,0
244389,0
244390,0
244391,0
244392,0
244393,0
244394,0
244395,0
244396,28
244397,0
244398,0
244399,0
244400,0
244401,0
244402,0
244403,0
244404,25
244405,35
244406,0
244407,0
244408,0
244409,0
244410,31
244411,0
244412,27
244413,0
244414,0
244415,0
244416,33
244417,0
244418,16
244419,0
244420,0
244421,0
244422,0
244423,0
244424,0
244425,0
244426,26
244427,0
244428,0
244429,0
244430,0
244431,0
244432,0
244433,0
244434,0
244435,0
244436,0
244437,0
244438,0
244439,0
244440,0
244441,0
244442,0
244443,0
244444,0
244445,0
244446,0
244447,26
244448,0
244449,26
244450,0
244451,0
244452,24
244453,0
244454,0
244455,0
244456,0
244457,0
244458,0
244459,0
244460,0
244461,0
244462,0
244463,0
244464,0
244465,26
244466,0
244467,0
244468,18
244469,0
244470,0
244471,0
244472,0
244473,0
244474,0
244475,0
244476,0
244477,0
244478,0
244479,0
244480,0
244481,0
244482,0
244483,0
244484,0
244485,0
244486,0
244487,0
244488,0
244489,0
244490,0
244491,0
244492,0
244493,0
244494,0
244495,0
244496,0
244497,0
244498,0
244499,0
244500,0
244501,0
244502,0
244503,0
244504,0
244505,0
244506,0
244507,0
244508,0
244509,0
244510,0
244511,0
244512,0
244513,0
244514,0
244515,0
244516,0
244517,0
244518,0
244519,0
244520,0
244521,0
244522,0
244523,0
244524,0
244525,0
244526,0
244527,0
244528,0
244529,0
244530,0
244531,0
244532,0
244533,0
244534,0
244535,0
244536,0
244537,0
244538,0
244539,0
244540,0
244541,0
244542,0
244543,0
244544,0
244545,0
244546,0
244547,0
244548,0
244549,0
244550,0
244551,0
244552,0
244553,0
244554,0
244555,0
244556,0
244557,0
244558,0
244559,0
244560,0
244561,0
244562,0
244563,0
244564,0
244565,0
244566,0
244567,0
244568,0
244569,0
244570,0
244571,0
244572,0
244573,0
244574,1
244575,0
244576,0
244577,0
244578,0
244579,0
244580,0
244581,0
244582,0
244583,0
244584,0
244585,0
244586,0
244587,0
244588,0
244589,0
244590,0
244591,0
244592,0
244593,0
244594,0
244595,0
244596,0
244597,1
244598,0
244599,0
244600,0
244601,0
244602,0
244603,0
244604,0
244605,0
244606,0
244607,0
244608,0
244609,0
244610,0
244611,0
244612,0
244613,0
244614,0
244615,0
244616,0
244617,0
244618,0
244619,0
244620,0
244621,0
244622,0
244623,0
244624,0
244625,0
244626,0
244627,0
244628,0
244629,0
244630,0
244631,0
244632,0
244633,0
244634,1
244635,0
244636,0
244637,0
244638,0
244639,0
244640,0
244641,1
244642,0
244643,0
244644,0
244645,0
244646,0
244647,0
244648,0
244649,0
244650,0
244651,0
244652,0
244653,0
244654,0
244655,0
244656,0
244657,0
244658,0
244659,0
244660,0
244661,0
244662,0
244663,0
244664,0
244665,0
244666,0
244667,0
244668,0
244669,0
244670,0
244671,0
244672,0
244673,0
244674,0
244675,0
244676,0
244677,0
244678,0
244679,0
244680,0
244681,0
244682,0
244683,0
244684,0
244685,0
244686,0
244687,0
244688,0
244689,0
244690,0
244691,0
244692,0
244693,0
244694,0
244695,0
244696,0
244697,0
244698,0
244699,0
244700,0
244701,0
244702,0
244703,0
244704,0
244705,0
244706,0
244707,0
244708,0
244709,0
244710,0
244711,0
244712,0
244713,0
244714,0
244715,0
244716,0
244717,0
244718,0
244719,0
244720,0
244721,0
244722,0
244723,0
244724,0
244725,0
244726,0
244727,0
244728,0
244729,0
244730,0
244731,0
244732,0
244733,0
244734,1
244735,0
244736,0
244737,0
244738,0
244739,0
244740,0
244741,0
244742,0
244743,0
244744,0
244745,0
244746,0
244747,0
244748,0
244749,0
244750,0
244751,0
244752,0
244753,0
244754,0
244755,0
244756,0
244757,0
244758,0
244759,0
244760,0
244761,0
244762,0
244763,0
244764,0
244765,0
244766,0
244767,0
244768,0
244769,0
244770,0
244771,0
244772,0
244773,0
244774,0
244775,0
244776,0
244777,0
244778,0
244779,0
244780,0
244781,0
244782,0
244783,0
244784,0
244785,0
244786,0
244787,0
244788,0
244789,0
244790,0
244791,0
244792,0
244793,0
244794,0
244795,0
244796,0
244797,0
244798,0
244799,0
244800,0
244801,0
244802,0
244803,0
244804,0
244805,0
244806,0
244807,0
244808,0
244809,0
244810,0
244811,0
244812,0
244813,0
244814,0
244815,0
244816,1
244817,0
244818,0
244819,0
244820,0
244821,0
244822,0
244823,0
244824,0
244825,0
244826,0
244827,0
244828,0
244829,0
244830,0
244831,0
244832,0
244833,0
244834,0
244835,0
244836,0
244837,35
244838,28
244839,0
244840,0
244841,15
244842,0
244843,23
244844,0
244845,0
244846,0
244847,0
244848,0
244849,13
244850,0
244851,0
244852,0
244853,0
244854,17
244855,0
244856,0
244857,0
244858,32
244859,28
244860,0
244861,0
244862,0
244863,0
244864,0
244865,15
244866,8
244867,0
244868,20
244869,0
244870,0
244871,0
244872,0
244873,0
244874,0
244875,0
244876,0
244877,40
244878,19
244879,0
244880,0
244881,0
244882,0
244883,0
244884,0
244885,0
244886,0
244887,0
244888,19
244889,0
244890,0
244891,0
244892,13
244893,0
244894,0
244895,0
244896,0
244897,0
244898,0
244899,0
244900,21
244901,0
244902,0
244903,0
244904,0
244905,10
244906,48
244907,0
244908,0
244909,0
244910,0
244911,0
244912,0
244913,0
244914,0
244915,0
244916,0
244917,0
244918,0
244919,0
244920,0
244921,0
244922,0
244923,0
244924,0
244925,0
244926,0
244927,0
244928,0
244929,9
244930,0
244931,0
244932,0
244933,0
244934,0
244935,0
244936,0
244937,0
244938,0
244939,21
244940,0
244941,29
244942,0
244943,12
244944,0
244945,0
244946,0
244947,0
244948,0
244949,0
244950,0
244951,0
244952,0
244953,0
244954,10
244955,0
244956,13
244957,0
244958,0
244959,52
244960,0
244961,0
244962,0
244963,24
244964,0
244965,34
244966,0
244967,0
244968,0
244969,0
244970,0
244971,0
244972,18
244973,0
244974,0
244975,0
244976,0
244977,0
244978,33
244979,0
244980,0
244981,18
244982,0
244983,0
244984,0
244985,21
244986,0
244987,0
244988,0
244989,13
244990,0
244991,20
244992,0
244993,0
244994,8
244995,0
244996,0
244997,0
244998,0
244999,0
245000,0
245001,22
245002,0
245003,0
245004,0
245005,0
245006,0
245007,0
245008,0
245009,0
245010,0
245011,0
245012,0
245013,0
245014,0
245015,0
245016,0
245017,23
245018,0
245019,0
245020,0
245021,0
245022,0
245023,0
245024,0
245025,0
245026,0
245027,0
245028,0
245029,0
245030,0
245031,19
245032,0
245033,47
245034,0
245035,0
245036,0
245037,0
245038,0
245039,0
245040,29
245041,0
245042,33
245043,0
245044,0
245045,0
245046,0
245047,0
245048,0
245049,0
245050,0
245051,0
245052,0
245053,0
245054,0
245055,0
245056,0
245057,22
245058,0
245059,0
245060,0
245061,10
245062,0
245063,0
245064,0
245065,0
245066,0
245067,0
245068,0
245069,0
245070,0
245071,0
245072,0
245073,0
245074,0
245075,0
245076,41
245077,0
245078,50
245079,0
245080,0
245081,0
245082,0
245083,0
245084,0
245085,0
245086,32
245087,0
245088,17
245089,0
245090,0
245091,0
245092,24
245093,31
245094,0
245095,0
245096,0
245097,0
245098,0
245099,28
245100,0
245101,0
245102,0
245103,0
245104,0
245105,0
245106,0
245107,0
245108,0
245109,16
245110,30
245111,0
245112,0
245113,19
245114,0
245115,0
245116,0
245117,0
245118,0
245119,22
245120,0
245121,6
245122,0
245123,0
245124,0
245125,0
245126,0
245127,0
245128,0
245129,0
245130,0
245131,0
245132,0
245133,0
245134,0
245135,0
245136,0
245137,0
245138,25
245139,24
245140,0
245141,19
245142,0
245143,0
245144,0
245145,0
245146,0
245147,0
245148,0
245149,0
245150,28
245151,0
245152,0
245153,0
245154,0
245155,0
245156,0
245157,0
245158,0
245159,0
245160,0
245161,0
245162,0
245163,0
245164,0
245165,0
245166,33
245167,0
245168,40
245169,0
245170,0
245171,0
245172,0
245173,0
245174,0
245175,0
245176,0
245177,0
245178,0
245179,0
245180,0
245181,0
245182,0
245183,0
245184,0
245185,22
245186,16
245187,0
245188,0
245189,0
245190,0
245191,0
245192,0
245193,0
245194,0
245195,0
245196,0
245197,0
245198,25
245199,37
245200,0
245201,0
245202,0
245203,0
245204,0
245205,0
245206,0
245207,16
245208,0
245209,0
245210,28
245211,50
245212,0
245213,0
245214,0
245215,0
245216,0
245217,0
245218,0
245219,0
245220,0
245221,0
245222,0
245223,0
245224,0
245225,0
245226,0
245227,0
245228,0
245229,13
245230,0
245231,33
245232,0
245233,0
245234,16
245235,0
245236,0
245237,0
245238,0
245239,0
245240,0
245241,0
245242,28
245243,0
245244,0
245245,24
245246,0
245247,0
245248,0
245249,23
245250,0
245251,0
245252,0
245253,0
245254,0
245255,0
245256,0
245257,0
245258,0
245259,60
245260,0
245261,0
245262,0
245263,0
245264,0
245265,0
245266,25
245267,60
245268,30
245269,0
245270,0
245271,0
245272,0
245273,0
245274,11
245275,0
245276,0
245277,0
245278,0
245279,0
245280,0
245281,0
245282,0
245283,0
245284,0
245285,0
245286,0
245287,0
245288,0
245289,0
245290,24
245291,0
245292,0
245293,0
245294,0
245295,0
245296,0
245297,0
245298,0
245299,31
245300,0
245301,0
245302,0
245303,36
245304,0
245305,0
245306,0
245307,0
245308,25
245309,0
245310,0
245311,0
245312,0
245313,14
245314,0
245315,0
245316,0
245317,0
245318,18
245319,0
245320,0
245321,0
245322,21
245323,0
245324,0
245325,0
245326,10
245327,12
245328,0
245329,0
245330,12
245331,0
245332,0
245333,0
245334,0
245335,0
245336,0
245337,0
245338,0
245339,0
245340,0
245341,0
245342,17
245343,18
245344,17
245345,0
245346,0
245347,0
245348,0
245349,0
245350,45
245351,0
245352,0
245353,0
245354,0
245355,0
245356,0
245357,0
245358,0
245359,0
245360,0
245361,0
245362,0
245363,0
245364,0
245365,36
245366,0
245367,18
245368,0
245369,0
245370,0
245371,0
245372,0
245373,24
245374,0
245375,0
245376,24
245377,0
245378,23
245379,0
245380,0
245381,0
245382,0
245383,0
245384,26
245385,0
245386,0
245387,0
245388,0
245389,0
245390,0
245391,13
245392,0
245393,38
245394,0
245395,0
245396,0
245397,0
245398,0
245399,0
245400,0
245401,10
245402,0
245403,0
245404,0
245405,0
245406,0
245407,0
245408,0
245409,0
245410,0
245411,0
245412,0
245413,11
245414,0
245415,0
245416,0
245417,0
245418,0
245419,0
245420,0
245421,0
245422,0
245423,0
245424,0
245425,0
245426,0
245427,0
245428,0
245429,0
245430,0
245431,0
245432,0
245433,0
245434,0
245435,0
245436,0
245437,0
245438,0
245439,0
245440,0
245441,0
245442,0
245443,0
245444,0
245445,0
245446,0
245447,0
245448,0
245449,0
245450,0
245451,0
245452,0
245453,0
245454,0
245455,0
245456,0
245457,0
245458,0
245459,0
245460,0
245461,0
245462,0
245463,0
245464,0
245465,0
245466,0
245467,0
245468,0
245469,0
245470,0
245471,0
245472,0
245473,0
245474,0
245475,0
245476,0
245477,0
245478,0
245479,0
245480,0
245481,0
245482,0
245483,0
245484,0
245485,0
245486,0
245487,0
245488,0
245489,0
245490,0
245491,0
245492,0
245493,0
245494,0
245495,0
245496,0
245497,0
245498,0
245499,0
245500,0
245501,1
245502,0
245503,0
245504,0
245505,0
245506,0
245507,0
245508,0
245509,0
245510,0
245511,0
245512,0
245513,0
245514,0
245515,0
245516,0
245517,0
245518,0
245519,0
245520,0
245521,1
245522,0
245523,0
245524,0
245525,0
245526,0
245527,0
245528,0
245529,0
245530,0
245531,0
245532,0
245533,0
245534,0
245535,0
245536,0
245537,0
245538,0
245539,0
245540,0
245541,0
245542,0
245543,0
245544,0
245545,0
245546,0
245547,0
245548,0
245549,0
245550,0
245551,0
245552,0
245553,0
245554,0
245555,0
245556,0
245557,0
245558,0
245559,0
245560,0
245561,0
245562,0
245563,0
245564,0
245565,0
245566,0
245567,0
245568,0
245569,0
245570,0
245571,0
245572,0
245573,0
245574,0
245575,0
245576,0
245577,0
245578,0
245579,0
245580,0
245581,0
245582,0
245583,0
245584,0
245585,0
245586,0
245587,0
245588,0
245589,0
245590,0
245591,0
245592,0
245593,0
245594,0
245595,0
245596,0
245597,0
245598,0
245599,0
245600,0
245601,0
245602,1
245603,0
245604,0
245605,0
245606,0
245607,0
245608,0
245609,0
245610,0
245611,0
245612,0
245613,1
245614,0
245615,0
245616,0
245617,0
245618,0
245619,0
245620,0
245621,0
245622,0
245623,0
245624,0
245625,0
245626,0
245627,0
245628,0
245629,0
245630,0
245631,0
245632,0
245633,0
245634,0
245635,0
245636,0
245637,0
245638,0
245639,0
245640,0
245641,0
245642,0
245643,0
245644,0
245645,0
245646,0
245647,0
245648,0
245649,0
245650,0
245651,0
245652,0
245653,0
245654,0
245655,0
245656,0
245657,0
245658,0
245659,0
245660,0
245661,0
245662,0
245663,0
245664,0
245665,0
245666,0
245667,0
245668,0
245669,0
245670,0
245671,0
245672,0
245673,0
245674,0
245675,0
245676,0
245677,0
245678,0
245679,0
245680,0
245681,0
245682,0
245683,0
245684,0
245685,0
245686,0
245687,0
245688,0
245689,0
245690,0
245691,0
245692,0
245693,0
245694,0
245695,0
245696,0
245697,0
245698,0
245699,0
245700,0
245701,0
245702,0
245703,0
245704,0
245705,0
245706,0
245707,0
245708,0
245709,0
245710,0
245711,0
245712,0
245713,0
245714,0
245715,0
245716,0
245717,0
245718,0
245719,0
245720,0
245721,0
245722,0
245723,0
245724,0
245725,0
245726,0
245727,0
245728,0
245729,0
245730,0
245731,1
245732,0
245733,0
245734,0
245735,0
245736,0
245737,0
245738,0
245739,0
245740,0
245741,0
245742,0
245743,0
245744,0
245745,0
245746,0
245747,0
245748,0
245749,0
245750,0
245751,0
245752,0
245753,0
245754,0
245755,0
245756,0
245757,0
245758,0
245759,0
245760,0
245761,0
245762,0
245763,0
245764,0
245765,0
245766,0
245767,0
245768,0
245769,0
245770,0
245771,0
245772,0
245773,0
245774,0
245775,0
245776,0
245777,0
245778,0
245779,0
245780,0
245781,0
245782,2
245783,0
245784,0
245785,0
245786,0
245787,0
245788,1
245789,0
245790,0
245791,0
245792,0
245793,0
245794,0
245795,0
245796,0
245797,0
245798,0
245799,0
245800,0
245801,0
245802,0
245803,0
245804,0
245805,0
245806,0
245807,0
245808,0
245809,0
245810,0
245811,0
245812,0
245813,0
245814,0
245815,0
245816,0
245817,0
245818,0
245819,0
245820,0
245821,0
245822,0
245823,0
245824,0
245825,0
245826,0
245827,0
245828,1
245829,0
245830,0
245831,0
245832,0
245833,0
245834,0
245835,0
245836,0
245837,0
245838,0
245839,0
245840,0
245841,0
245842,0
245843,0
245844,0
245845,0
245846,0
245847,0
245848,0
245849,0
245850,0
245851,0
245852,0
245853,0
245854,0
245855,0
245856,0
245857,0
245858,0
245859,0
245860,0
245861,0
245862,0
245863,0
245864,0
245865,0
245866,0
245867,0
245868,0
245869,0
245870,0
245871,0
245872,0
245873,0
245874,0
245875,0
245876,0
245877,0
245878,0
245879,0
245880,0
245881,0
245882,0
245883,0
245884,0
245885,0
245886,0
245887,0
245888,0
245889,0
245890,0
245891,0
245892,0
245893,0
245894,0
245895,0
245896,0
245897,0
245898,0
245899,0
245900,0
245901,0
245902,0
245903,0
245904,0
245905,0
245906,0
245907,0
245908,0
245909,0
245910,0
245911,0
245912,0
245913,0
245914,0
245915,0
245916,0
245917,0
245918,0
245919,0
245920,0
245921,0
245922,0
245923,0
245924,0
245925,0
245926,0
245927,0
245928,0
245929,0
245930,0
245931,0
245932,0
245933,0
245934,0
245935,0
245936,0
245937,0
245938,0
245939,0
245940,0
245941,0
245942,0
245943,0
245944,0
245945,0
245946,0
245947,0
245948,0
245949,0
245950,0
245951,0
245952,0
245953,0
245954,0
245955,0
245956,0
245957,0
245958,0
245959,0
245960,0
245961,0
245962,0
245963,0
245964,0
245965,0
245966,0
245967,0
245968,0
245969,0
245970,0
245971,0
245972,0
245973,0
245974,0
245975,0
245976,0
245977,0
245978,0
245979,0
245980,0
245981,0
245982,0
245983,0
245984,0
245985,0
245986,0
245987,0
245988,0
245989,0
245990,0
245991,0
245992,0
245993,0
245994,0
245995,0
245996,0
245997,0
245998,0
245999,0
246000,0
246001,0
246002,0
246003,0
246004,0
246005,0
246006,0
246007,0
246008,0
246009,0
246010,0
246011,0
246012,0
246013,0
246014,0
246015,0
246016,0
246017,0
246018,0
246019,0
246020,0
246021,0
246022,0
246023,0
246024,0
246025,0
246026,0
246027,0
246028,0
246029,0
246030,0
246031,0
246032,0
246033,0
246034,0
246035,0
246036,0
246037,0
246038,0
246039,0
246040,0
246041,0
246042,0
246043,0
246044,0
246045,0
246046,0
246047,0
246048,0
246049,0
246050,0
246051,0
246052,0
246053,0
246054,0
246055,0
246056,0
246057,0
246058,0
246059,0
246060,0
246061,0
246062,0
246063,0
246064,0
246065,0
246066,0
246067,0
246068,0
246069,0
246070,0
246071,0
246072,0
246073,0
246074,0
246075,0
246076,0
246077,0
246078,0
246079,0
246080,0
246081,0
246082,0
246083,0
246084,0
246085,0
246086,0
246087,0
246088,0
246089,0
246090,0
246091,0
246092,0
246093,0
246094,0
246095,0
246096,0
246097,0
246098,0
246099,0
246100,0
246101,0
246102,0
246103,0
246104,0
246105,0
246106,0
246107,0
246108,0
246109,0
246110,0
246111,0
246112,0
246113,0
246114,0
246115,0
246116,0
246117,0
246118,0
246119,0
246120,0
246121,0
246122,0
246123,0
246124,0
246125,0
246126,0
246127,0
246128,0
246129,0
246130,0
246131,0
246132,0
246133,0
246134,0
246135,0
246136,0
246137,0
246138,0
246139,0
246140,0
246141,0
246142,0
246143,0
246144,0
246145,0
246146,0
246147,0
246148,0
246149,0
246150,0
246151,0
246152,0
246153,0
246154,0
246155,0
246156,0
246157,0
246158,0
246159,0
246160,0
246161,0
246162,0
246163,0
246164,0
246165,0
246166,0
246167,0
246168,0
246169,0
246170,0
246171,0
246172,0
246173,0
246174,0
246175,0
246176,0
246177,0
246178,0
246179,0
246180,0
246181,0
246182,0
246183,0
246184,0
246185,0
246186,0
246187,0
246188,0
246189,0
246190,0
246191,0
246192,0
246193,0
246194,0
246195,0
246196,0
246197,0
246198,0
246199,0
246200,0
246201,0
246202,0
246203,0
246204,0
246205,0
246206,0
246207,0
246208,0
246209,0
246210,0
246211,0
246212,0
246213,0
246214,0
246215,0
246216,0
246217,0
246218,0
246219,0
246220,0
246221,0
246222,0
246223,0
246224,0
246225,0
246226,0
246227,0
246228,0
246229,0
246230,0
246231,0
246232,0
246233,0
246234,0
246235,0
246236,0
246237,0
246238,0
246239,0
246240,0
246241,0
246242,0
246243,0
246244,0
246245,0
246246,0
246247,0
246248,0
246249,0
246250,0
246251,0
246252,0
246253,0
246254,0
246255,0
246256,0
246257,0
246258,0
246259,0
246260,0
246261,0
246262,0
246263,0
246264,0
246265,0
246266,0
246267,0
246268,0
246269,0
246270,0
246271,0
246272,0
246273,0
246274,0
246275,0
246276,0
246277,0
246278,0
246279,0
246280,0
246281,0
246282,0
246283,0
246284,0
246285,0
246286,0
246287,0
246288,0
246289,0
246290,0
246291,0
246292,0
246293,0
246294,0
246295,0
246296,0
246297,0
246298,0
246299,0
246300,0
246301,0
246302,0
246303,0
246304,0
246305,0
246306,0
246307,0
246308,0
246309,0
246310,0
246311,0
246312,0
246313,0
246314,0
246315,0
246316,0
246317,0
246318,0
246319,0
246320,0
246321,0
246322,0
246323,0
246324,0
246325,0
246326,0
246327,0
246328,0
246329,0
246330,0
246331,0
246332,0
246333,0
246334,0
246335,0
246336,0
246337,0
246338,0
246339,0
246340,0
246341,0
246342,0
246343,0
246344,0
246345,0
246346,0
246347,0
246348,0
246349,0
246350,0
246351,0
246352,0
246353,0
246354,0
246355,0
246356,0
246357,0
246358,0
246359,0
246360,0
246361,0
246362,0
246363,0
246364,0
246365,0
246366,0
246367,0
246368,0
246369,0
246370,0
246371,0
246372,0
246373,0
246374,0
246375,0
246376,0
246377,0
246378,0
246379,0
246380,0
246381,0
246382,0
246383,0
246384,0
246385,0
246386,0
246387,0
246388,0
246389,0
246390,0
246391,0
246392,0
246393,0
246394,0
246395,0
246396,0
246397,0
246398,0
246399,0
246400,0
246401,0
246402,0
246403,0
246404,0
246405,0
246406,0
246407,0
246408,0
246409,0
246410,0
246411,0
246412,0
246413,0
246414,0
246415,0
246416,0
246417,0
246418,0
246419,0
246420,0
246421,0
246422,0
246423,0
246424,0
246425,0
246426,0
246427,0
246428,0
246429,0
246430,0
246431,0
246432,0
246433,0
246434,0
246435,0
246436,1
246437,0
246438,0
246439,0
246440,0
246441,0
246442,0
246443,0
246444,0
246445,0
246446,0
246447,0
246448,0
246449,0
246450,0
246451,0
246452,0
246453,0
246454,0
246455,0
246456,0
246457,0
246458,0
246459,0
246460,0
246461,0
246462,0
246463,0
246464,0
246465,0
246466,0
246467,0
246468,0
246469,0
246470,0
246471,0
246472,0
246473,0
246474,0
246475,0
246476,0
246477,0
246478,0
246479,0
246480,0
246481,0
246482,0
246483,0
246484,0
246485,0
246486,0
246487,0
246488,0
246489,0
246490,0
246491,0
246492,0
246493,0
246494,0
246495,0
246496,0
246497,0
246498,0
246499,0
246500,0
246501,0
246502,0
246503,0
246504,0
246505,0
246506,0
246507,0
246508,0
246509,0
246510,0
246511,0
246512,0
246513,0
246514,0
246515,0
246516,0
246517,0
246518,0
246519,0
246520,0
246521,0
246522,0
246523,0
246524,0
246525,0
246526,0
246527,0
246528,0
246529,0
246530,0
246531,0
246532,0
246533,0
246534,0
246535,0
246536,0
246537,0
246538,0
246539,0
246540,0
246541,0
246542,0
246543,0
246544,0
246545,0
246546,0
246547,0
246548,0
246549,0
246550,0
246551,0
246552,0
246553,0
246554,0
246555,0
246556,0
246557,0
246558,0
246559,0
246560,0
246561,0
246562,0
246563,0
246564,0
246565,0
246566,0
246567,0
246568,0
246569,0
246570,0
246571,0
246572,0
246573,0
246574,0
246575,0
246576,0
246577,0
246578,0
246579,0
246580,0
246581,0
246582,0
246583,0
246584,0
246585,0
246586,0
246587,0
246588,0
246589,0
246590,0
246591,0
246592,0
246593,0
246594,0
246595,0
246596,0
246597,0
246598,0
246599,0
246600,0
246601,0
246602,0
246603,0
246604,0
246605,0
246606,0
246607,0
246608,0
246609,0
246610,0
246611,0
246612,0
246613,0
246614,0
246615,0
246616,0
246617,0
246618,0
246619,0
246620,0
246621,0
246622,0
246623,0
246624,0
246625,0
246626,0
246627,0
246628,0
246629,0
246630,0
246631,0
246632,0
246633,0
246634,0
246635,0
246636,0
246637,0
246638,0
246639,0
246640,0
246641,0
246642,0
246643,0
246644,0
246645,0
246646,0
246647,0
246648,0
246649,0
246650,0
246651,0
246652,0
246653,0
246654,0
246655,0
246656,0
246657,0
246658,0
246659,0
246660,0
246661,0
246662,0
246663,0
246664,0
246665,0
246666,0
246667,0
246668,0
246669,0
246670,0
246671,0
246672,0
246673,0
246674,0
246675,0
246676,0
246677,0
246678,0
246679,0
246680,0
246681,0
246682,0
246683,0
246684,0
246685,0
246686,0
246687,0
246688,0
246689,0
246690,0
246691,0
246692,0
246693,0
246694,0
246695,0
246696,0
246697,0
246698,0
246699,0
246700,0
246701,0
246702,0
246703,0
246704,0
246705,0
246706,0
246707,0
246708,0
246709,0
246710,0
246711,0
246712,0
246713,0
246714,0
246715,0
246716,0
246717,0
246718,0
246719,0
246720,0
246721,0
246722,0
246723,0
246724,0
246725,0
246726,0
246727,0
246728,0
246729,0
246730,0
246731,0
246732,0
246733,0
246734,0
246735,0
246736,0
246737,0
246738,0
246739,0
246740,0
246741,0
246742,0
246743,0
246744,0
246745,0
246746,0
246747,0
246748,0
246749,0
246750,0
246751,0
246752,0
246753,0
246754,0
246755,0
246756,0
246757,0
246758,0
246759,0
246760,0
246761,0
246762,0
246763,0
246764,0
246765,0
246766,0
246767,0
246768,14
246769,10
246770,0
246771,0
246772,0
246773,11
246774,0
246775,0
246776,0
246777,0
246778,0
246779,0
246780,0
246781,0
246782,0
246783,0
246784,0
246785,0
246786,0
246787,13
246788,0
246789,0
246790,0
246791,16
246792,0
246793,0
246794,0
246795,0
246796,0
246797,0
246798,0
246799,0
246800,13
246801,0
246802,0
246803,0
246804,0
246805,12
246806,0
246807,0
246808,0
246809,0
246810,0
246811,0
246812,0
246813,0
246814,16
246815,0
246816,0
246817,0
246818,0
246819,0
246820,0
246821,0
246822,0
246823,0
246824,0
246825,0
246826,0
246827,18
246828,9
246829,15
246830,0
246831,0
246832,0
246833,0
246834,0
246835,13
246836,0
246837,0
246838,0
246839,17
246840,0
246841,0
246842,16
246843,0
246844,0
246845,0
246846,17
246847,0
246848,0
246849,0
246850,9
246851,0
246852,0
246853,0
246854,0
246855,0
246856,0
246857,0
246858,14
246859,0
246860,0
246861,0
246862,0
246863,0
246864,0
246865,0
246866,16
246867,0
246868,0
246869,0
246870,0
246871,0
246872,8
246873,0
246874,0
246875,0
246876,16
246877,0
246878,0
246879,0
246880,0
246881,11
246882,0
246883,0
246884,0
246885,0
246886,0
246887,0
246888,0
246889,0
246890,0
246891,10
246892,7
246893,0
246894,0
246895,0
246896,0
246897,0
246898,0
246899,0
246900,0
246901,0
246902,14
246903,0
246904,0
246905,0
246906,0
246907,0
246908,0
246909,0
246910,0
246911,18
246912,0
246913,0
246914,6
246915,17
246916,0
246917,0
246918,0
246919,0
246920,0
246921,0
246922,0
246923,0
246924,0
246925,0
246926,0
246927,8
246928,0
246929,0
246930,0
246931,0
246932,0
246933,0
246934,0
246935,0
246936,11
246937,0
246938,0
246939,0
246940,0
246941,0
246942,15
246943,0
246944,17
246945,10
246946,0
246947,0
246948,0
246949,0
246950,0
246951,0
246952,0
246953,13
246954,0
246955,15
246956,12
246957,0
246958,0
246959,0
246960,0
246961,0
246962,0
246963,0
246964,0
246965,0
246966,14
246967,0
246968,17
246969,0
246970,0
246971,11
246972,0
246973,0
246974,20
246975,0
246976,0
246977,0
246978,0
246979,11
246980,0
246981,0
246982,0
246983,0
246984,16
246985,0
246986,16
246987,0
246988,12
246989,0
246990,0
246991,11
246992,0
246993,0
246994,0
246995,0
246996,0
246997,0
246998,0
246999,0
247000,0
247001,0
247002,0
247003,0
247004,0
247005,0
247006,0
247007,0
247008,0
247009,0
247010,0
247011,0
247012,7
247013,0
247014,9
247015,0
247016,0
247017,0
247018,19
247019,0
247020,0
247021,0
247022,0
247023,0
247024,0
247025,0
247026,0
247027,12
247028,19
247029,0
247030,0
247031,5
247032,0
247033,0
247034,0
247035,0
247036,0
247037,0
247038,0
247039,0
247040,13
247041,0
247042,0
247043,21
247044,0
247045,0
247046,0
247047,0
247048,0
247049,0
247050,0
247051,0
247052,8
247053,0
247054,0
247055,0
247056,0
247057,0
247058,0
247059,0
247060,0
247061,0
247062,0
247063,0
247064,0
247065,0
247066,0
247067,0
247068,0
247069,0
247070,0
247071,0
247072,0
247073,0
247074,0
247075,0
247076,0
247077,0
247078,0
247079,0
247080,16
247081,0
247082,0
247083,7
247084,0
247085,0
247086,0
247087,0
247088,0
247089,0
247090,0
247091,0
247092,0
247093,14
247094,0
247095,0
247096,12
247097,1
247098,0
247099,0
247100,6
247101,0
247102,0
247103,0
247104,0
247105,0
247106,0
247107,0
247108,0
247109,0
247110,0
247111,0
247112,0
247113,0
247114,0
247115,11
247116,0
247117,13
247118,0
247119,0
247120,0
247121,0
247122,0
247123,0
247124,9
247125,0
247126,0
247127,0
247128,12
247129,0
247130,0
247131,0
247132,0
247133,0
247134,0
247135,0
247136,0
247137,0
247138,0
247139,0
247140,0
247141,0
247142,0
247143,0
247144,0
247145,0
247146,0
247147,0
247148,0
247149,0
247150,0
247151,0
247152,0
247153,0
247154,0
247155,0
247156,0
247157,15
247158,0
247159,0
247160,0
247161,17
247162,0
247163,18
247164,0
247165,0
247166,0
247167,0
247168,0
247169,13
247170,0
247171,0
247172,0
247173,0
247174,11
247175,0
247176,0
247177,0
247178,0
247179,0
247180,0
247181,0
247182,0
247183,0
247184,0
247185,0
247186,0
247187,0
247188,0
247189,0
247190,0
247191,0
247192,0
247193,0
247194,0
247195,0
247196,0
247197,0
247198,0
247199,0
247200,0
247201,0
247202,0
247203,14
247204,0
247205,0
247206,2
247207,15
247208,0
247209,0
247210,0
247211,0
247212,0
247213,0
247214,0
247215,0
247216,0
247217,0
247218,0
247219,0
247220,14
247221,0
247222,0
247223,0
247224,0
247225,0
247226,0
247227,0
247228,13
247229,0
247230,0
247231,0
247232,0
247233,0
247234,0
247235,5
247236,0
247237,0
247238,0
247239,0
247240,0
247241,0
247242,0
247243,0
247244,0
247245,0
247246,0
247247,0
247248,0
247249,0
247250,0
247251,0
247252,0
247253,21
247254,0
247255,8
247256,9
247257,0
247258,0
247259,20
247260,0
247261,13
247262,0
247263,0
247264,11
247265,20
247266,0
247267,20
247268,0
247269,0
247270,0
247271,0
247272,0
247273,0
247274,0
247275,0
247276,7
247277,0
247278,0
247279,0
247280,0
247281,0
247282,0
247283,0
247284,8
247285,0
247286,0
247287,0
247288,0
247289,0
247290,10
247291,0
247292,0
247293,0
247294,0
247295,0
247296,0
247297,0
247298,35
247299,0
247300,0
247301,0
247302,0
247303,0
247304,0
247305,0
247306,0
247307,0
247308,0
247309,0
247310,0
247311,0
247312,0
247313,0
247314,0
247315,0
247316,0
247317,0
247318,0
247319,0
247320,30
247321,0
247322,0
247323,0
247324,0
247325,0
247326,0
247327,0
247328,0
247329,0
247330,0
247331,0
247332,0
247333,0
247334,0
247335,0
247336,0
247337,0
247338,0
247339,0
247340,0
247341,0
247342,0
247343,0
247344,0
247345,0
247346,0
247347,0
247348,0
247349,0
247350,0
247351,0
247352,0
247353,0
247354,0
247355,0
247356,0
247357,0
247358,0
247359,31
247360,0
247361,0
247362,0
247363,0
247364,0
247365,0
247366,0
247367,0
247368,0
247369,0
247370,0
247371,0
247372,0
247373,0
247374,0
247375,0
247376,0
247377,0
247378,24
247379,13
247380,0
247381,0
247382,0
247383,0
247384,0
247385,0
247386,0
247387,0
247388,0
247389,0
247390,0
247391,0
247392,0
247393,0
247394,0
247395,0
247396,0
247397,0
247398,0
247399,0
247400,0
247401,0
247402,0
247403,0
247404,18
247405,0
247406,0
247407,0
247408,0
247409,25
247410,25
247411,0
247412,0
247413,0
247414,0
247415,0
247416,0
247417,0
247418,0
247419,0
247420,0
247421,0
247422,0
247423,0
247424,0
247425,0
247426,0
247427,0
247428,0
247429,0
247430,0
247431,0
247432,0
247433,0
247434,0
247435,0
247436,0
247437,0
247438,0
247439,0
247440,0
247441,0
247442,0
247443,0
247444,20
247445,0
247446,0
247447,24
247448,23
247449,0
247450,0
247451,0
247452,0
247453,0
247454,0
247455,0
247456,0
247457,0
247458,0
247459,0
247460,0
247461,0
247462,0
247463,0
247464,0
247465,0
247466,0
247467,0
247468,0
247469,0
247470,0
247471,0
247472,0
247473,0
247474,0
247475,0
247476,0
247477,0
247478,0
247479,0
247480,0
247481,0
247482,0
247483,0
247484,0
247485,0
247486,0
247487,0
247488,0
247489,0
247490,0
247491,0
247492,0
247493,0
247494,0
247495,0
247496,18
247497,0
247498,0
247499,0
247500,0
247501,0
247502,0
247503,0
247504,0
247505,0
247506,0
247507,0
247508,0
247509,0
247510,17
247511,0
247512,0
247513,0
247514,0
247515,0
247516,0
247517,0
247518,0
247519,0
247520,0
247521,0
247522,0
247523,0
247524,0
247525,0
247526,0
247527,0
247528,0
247529,0
247530,0
247531,0
247532,0
247533,0
247534,0
247535,0
247536,0
247537,0
247538,0
247539,0
247540,0
247541,0
247542,0
247543,0
247544,0
247545,0
247546,0
247547,0
247548,0
247549,0
247550,0
247551,0
247552,0
247553,0
247554,0
247555,0
247556,0
247557,0
247558,0
247559,0
247560,0
247561,0
247562,0
247563,0
247564,0
247565,0
247566,0
247567,0
247568,0
247569,0
247570,0
247571,0
247572,0
247573,0
247574,0
247575,0
247576,0
247577,0
247578,15
247579,0
247580,0
247581,19
247582,0
247583,0
247584,0
247585,0
247586,0
247587,0
247588,0
247589,0
247590,0
247591,0
247592,0
247593,0
247594,0
247595,0
247596,0
247597,0
247598,0
247599,0
247600,0
247601,0
247602,0
247603,0
247604,0
247605,0
247606,0
247607,0
247608,20
247609,0
247610,0
247611,0
247612,0
247613,0
247614,0
247615,0
247616,0
247617,0
247618,8
247619,0
247620,0
247621,0
247622,0
247623,0
247624,0
247625,0
247626,0
247627,0
247628,0
247629,0
247630,0
247631,0
247632,0
247633,0
247634,0
247635,0
247636,0
247637,0
247638,0
247639,0
247640,0
247641,0
247642,0
247643,0
247644,0
247645,0
247646,0
247647,0
247648,0
247649,0
247650,30
247651,0
247652,0
247653,0
247654,0
247655,0
247656,0
247657,0
247658,0
247659,15
247660,0
247661,0
247662,0
247663,0
247664,0
247665,0
247666,0
247667,0
247668,0
247669,19
247670,0
247671,0
247672,0
247673,0
247674,0
247675,0
247676,0
247677,0
247678,0
247679,0
247680,0
247681,0
247682,0
247683,0
247684,0
247685,0
247686,0
247687,0
247688,25
247689,0
247690,0
247691,32
247692,0
247693,0
247694,0
247695,0
247696,0
247697,0
247698,0
247699,0
247700,0
247701,0
247702,0
247703,0
247704,0
247705,0
247706,0
247707,0
247708,0
247709,0
247710,0
247711,16
247712,0
247713,0
247714,0
247715,0
247716,30
247717,0
247718,0
247719,0
247720,0
247721,0
247722,0
247723,0
247724,0
247725,0
247726,0
247727,0
247728,0
247729,0
247730,0
247731,0
247732,0
247733,0
247734,0
247735,0
247736,0
247737,0
247738,0
247739,22
247740,0
247741,0
247742,19
247743,0
247744,0
247745,0
247746,0
247747,0
247748,0
247749,0
247750,0
247751,0
247752,0
247753,0
247754,0
247755,0
247756,0
247757,0
247758,0
247759,0
247760,0
247761,0
247762,0
247763,0
247764,0
247765,0
247766,0
247767,0
247768,28
247769,17
247770,0
247771,0
247772,0
247773,0
247774,0
247775,0
247776,0
247777,0
247778,19
247779,0
247780,0
247781,0
247782,0
247783,0
247784,0
247785,0
247786,0
247787,0
247788,39
247789,0
247790,0
247791,0
247792,0
247793,0
247794,0
247795,0
247796,0
247797,0
247798,0
247799,0
247800,0
247801,0
247802,0
247803,0
247804,0
247805,0
247806,0
247807,0
247808,0
247809,0
247810,0
247811,0
247812,0
247813,0
247814,0
247815,0
247816,0
247817,0
247818,21
247819,16
247820,0
247821,0
247822,0
247823,0
247824,0
247825,0
247826,0
247827,0
247828,0
247829,0
247830,0
247831,0
247832,0
247833,0
247834,0
247835,0
247836,0
247837,0
247838,0
247839,0
247840,0
247841,0
247842,0
247843,0
247844,0
247845,0
247846,0
247847,0
247848,0
247849,0
247850,0
247851,0
247852,0
247853,0
247854,0
247855,0
247856,0
247857,0
247858,0
247859,0
247860,0
247861,0
247862,0
247863,0
247864,0
247865,0
247866,0
247867,0
247868,0
247869,0
247870,0
247871,0
247872,0
247873,0
247874,0
247875,0
247876,0
247877,0
247878,0
247879,0
247880,0
247881,0
247882,0
247883,0
247884,0
247885,0
247886,38
247887,0
247888,0
247889,0
247890,0
247891,0
247892,0
247893,0
247894,0
247895,0
247896,0
247897,0
247898,0
247899,0
247900,0
247901,0
247902,0
247903,0
247904,0
247905,0
247906,0
247907,0
247908,0
247909,0
247910,0
247911,14
247912,0
247913,0
247914,0
247915,0
247916,0
247917,0
247918,0
247919,0
247920,0
247921,0
247922,0
247923,0
247924,0
247925,0
247926,0
247927,0
247928,0
247929,0
247930,6
247931,9
247932,0
247933,0
247934,0
247935,0
247936,0
247937,0
247938,3
247939,0
247940,0
247941,0
247942,11
247943,0
247944,0
247945,7
247946,10
247947,0
247948,7
247949,0
247950,0
247951,0
247952,4
247953,0
247954,0
247955,0
247956,0
247957,0
247958,0
247959,0
247960,0
247961,0
247962,0
247963,0
247964,0
247965,0
247966,0
247967,0
247968,0
247969,0
247970,2
247971,0
247972,0
247973,0
247974,0
247975,0
247976,0
247977,0
247978,9
247979,0
247980,0
247981,0
247982,0
247983,0
247984,0
247985,0
247986,0
247987,0
247988,0
247989,5
247990,0
247991,0
247992,0
247993,10
247994,0
247995,0
247996,0
247997,12
247998,0
247999,0
248000,0
248001,0
248002,0
248003,0
248004,8
248005,0
248006,0
248007,4
248008,0
248009,0
248010,0
248011,0
248012,0
248013,0
248014,7
248015,6
248016,0
248017,0
248018,0
248019,0
248020,0
248021,0
248022,0
248023,0
248024,0
248025,0
248026,0
248027,0
248028,0
248029,7
248030,0
248031,0
248032,0
248033,0
248034,0
248035,3
248036,0
248037,0
248038,0
248039,0
248040,0
248041,0
248042,0
248043,7
248044,0
248045,0
248046,0
248047,0
248048,0
248049,0
248050,0
248051,0
248052,0
248053,0
248054,0
248055,0
248056,0
248057,15
248058,4
248059,11
248060,0
248061,0
248062,0
248063,0
248064,0
248065,0
248066,0
248067,0
248068,0
248069,0
248070,0
248071,0
248072,0
248073,0
248074,0
248075,0
248076,0
248077,6
248078,0
248079,0
248080,0
248081,0
248082,0
248083,0
248084,0
248085,0
248086,0
248087,0
248088,0
248089,0
248090,0
248091,0
248092,9
248093,0
248094,0
248095,0
248096,0
248097,0
248098,4
248099,0
248100,0
248101,0
248102,0
248103,0
248104,0
248105,0
248106,0
248107,15
248108,0
248109,0
248110,0
248111,0
248112,0
248113,0
248114,0
248115,0
248116,0
248117,0
248118,6
248119,0
248120,6
248121,0
248122,12
248123,0
248124,0
248125,0
248126,0
248127,0
248128,0
248129,0
248130,0
248131,0
248132,0
248133,0
248134,0
248135,0
248136,0
248137,0
248138,0
248139,3
248140,0
248141,8
248142,0
248143,11
248144,0
248145,0
248146,0
248147,0
248148,6
248149,0
248150,2
248151,0
248152,9
248153,0
248154,0
248155,0
248156,0
248157,0
248158,0
248159,0
248160,0
248161,5
248162,0
248163,0
248164,0
248165,0
248166,7
248167,0
248168,0
248169,0
248170,0
248171,0
248172,0
248173,11
248174,0
248175,12
248176,0
248177,3
248178,0
248179,0
248180,0
248181,0
248182,0
248183,0
248184,0
248185,0
248186,0
248187,4
248188,0
248189,0
248190,0
248191,0
248192,0
248193,0
248194,0
248195,11
248196,0
248197,0
248198,0
248199,5
248200,0
248201,0
248202,0
248203,8
248204,0
248205,4
248206,0
248207,0
248208,0
248209,0
248210,0
248211,0
248212,0
248213,0
248214,7
248215,0
248216,0
248217,0
248218,0
248219,0
248220,4
248221,0
248222,0
248223,0
248224,0
248225,0
248226,0
248227,0
248228,7
248229,7
248230,0
248231,0
248232,0
248233,0
248234,6
248235,12
248236,0
248237,7
248238,0
248239,0
248240,0
248241,0
248242,0
248243,4
248244,0
248245,9
248246,8
248247,0
248248,0
248249,9
248250,0
248251,0
248252,0
248253,11
248254,0
248255,5
248256,0
248257,0
248258,6
248259,0
248260,0
248261,0
248262,0
248263,8
248264,4
248265,0
248266,0
248267,0
248268,0
248269,0
248270,7
248271,0
248272,0
248273,0
248274,0
248275,9
248276,0
248277,0
248278,7
248279,0
248280,0
248281,0
248282,0
248283,0
248284,0
248285,6
248286,0
248287,0
248288,0
248289,0
248290,0
248291,0
248292,7
248293,0
248294,0
248295,6
248296,0
248297,0
248298,0
248299,0
248300,0
248301,0
248302,0
248303,8
248304,0
248305,0
248306,0
248307,0
248308,0
248309,0
248310,0
248311,0
248312,0
248313,7
248314,0
248315,0
248316,0
248317,0
248318,0
248319,8
248320,0
248321,0
248322,0
248323,0
248324,7
248325,0
248326,0
248327,0
248328,0
248329,0
248330,0
248331,7
248332,0
248333,0
248334,0
248335,0
248336,5
248337,0
248338,13
248339,0
248340,0
248341,0
248342,0
248343,0
248344,0
248345,1
248346,0
248347,0
248348,0
248349,0
248350,0
248351,0
248352,0
248353,8
248354,0
248355,11
248356,0
248357,0
248358,0
248359,15
248360,0
248361,0
248362,0
248363,0
248364,0
248365,0
248366,0
248367,0
248368,8
248369,11
248370,0
248371,0
248372,0
248373,0
248374,0
248375,0
248376,0
248377,8
248378,0
248379,0
248380,8
248381,0
248382,0
248383,0
248384,11
248385,0
248386,0
248387,0
248388,5
248389,0
248390,0
248391,0
248392,0
248393,0
248394,0
248395,0
248396,0
248397,0
248398,0
248399,0
248400,0
248401,0
248402,0
248403,0
248404,6
248405,0
248406,0
248407,6
248408,0
248409,0
248410,0
248411,0
248412,0
248413,0
248414,0
248415,0
248416,0
248417,0
248418,0
248419,0
248420,0
248421,0
248422,0
248423,0
248424,0
248425,0
248426,0
248427,11
248428,6
248429,0
248430,0
248431,0
248432,0
248433,0
248434,9
248435,0
248436,0
248437,0
248438,0
248439,0
248440,0
248441,0
248442,0
248443,2
248444,0
248445,0
248446,0
248447,0
248448,5
248449,0
248450,0
248451,0
248452,0
248453,0
248454,7
248455,0
248456,0
248457,0
248458,0
248459,0
248460,0
248461,0
248462,0
248463,0
248464,0
248465,0
248466,0
248467,0
248468,0
248469,11
248470,0
248471,0
248472,0
248473,0
248474,0
248475,0
248476,0
248477,8
248478,0
248479,0
248480,7
248481,0
248482,0
248483,0
248484,0
248485,0
248486,0
248487,0
248488,0
248489,0
248490,0
248491,0
248492,9
248493,0
248494,0
248495,0
248496,8
248497,0
248498,0
248499,0
248500,10
248501,0
248502,3
248503,5
248504,11
248505,0
248506,0
248507,0
248508,0
248509,7
248510,0
248511,0
248512,0
248513,0
248514,5
248515,0
248516,0
248517,0
248518,0
248519,0
248520,0
248521,0
248522,0
248523,0
248524,0
248525,0
248526,0
248527,9
248528,0
248529,12
248530,0
248531,0
248532,0
248533,0
248534,6
248535,0
248536,0
248537,6
248538,0
248539,0
248540,7
248541,0
248542,0
248543,0
248544,0
248545,0
248546,0
248547,0
248548,0
248549,0
248550,0
248551,0
248552,0
248553,0
248554,8
248555,0
248556,0
248557,0
248558,13
248559,0
248560,0
248561,0
248562,0
248563,0
248564,0
248565,0
248566,8
248567,0
248568,0
248569,0
248570,0
248571,0
248572,5
248573,0
248574,0
248575,0
248576,0
248577,0
248578,7
248579,9
248580,0
248581,0
248582,0
248583,5
248584,0
248585,0
248586,0
248587,0
248588,0
248589,0
248590,0
248591,8
248592,0
248593,0
248594,0
248595,0
248596,0
248597,0
248598,0
248599,0
248600,0
248601,0
248602,0
248603,0
248604,0
248605,0
248606,0
248607,0
248608,0
248609,0
248610,0
248611,5
248612,0
248613,0
248614,0
248615,0
248616,9
248617,0
248618,0
248619,0
248620,0
248621,2
248622,0
248623,0
248624,0
248625,0
248626,10
248627,0
248628,0
248629,0
248630,0
248631,0
248632,0
248633,5
248634,0
248635,0
248636,0
248637,0
248638,0
248639,0
248640,0
248641,0
248642,0
248643,0
248644,0
248645,0
248646,0
248647,0
248648,0
248649,0
248650,0
248651,6
248652,0
248653,0
248654,0
248655,0
248656,0
248657,0
248658,0
248659,0
248660,0
248661,0
248662,0
248663,0
248664,0
248665,0
248666,0
248667,0
248668,0
248669,0
248670,0
248671,7
248672,0
248673,0
248674,0
248675,0
248676,0
248677,8
248678,0
248679,0
248680,0
248681,0
248682,0
248683,0
248684,0
248685,13
248686,0
248687,5
248688,5
248689,0
248690,0
248691,0
248692,0
248693,7
248694,0
248695,0
248696,0
248697,0
248698,0
248699,7
248700,0
248701,0
248702,0
248703,0
248704,0
248705,0
248706,0
248707,0
248708,0
248709,0
248710,0
248711,0
248712,0
248713,4
248714,0
248715,0
248716,0
248717,0
248718,0
248719,0
248720,0
248721,0
248722,0
248723,0
248724,0
248725,0
248726,0
248727,0
248728,0
248729,0
248730,0
248731,7
248732,0
248733,0
248734,0
248735,0
248736,0
248737,0
248738,0
248739,11
248740,0
248741,11
248742,0
248743,0
248744,0
248745,0
248746,0
248747,8
248748,0
248749,0
248750,6
248751,0
248752,0
248753,0
248754,0
248755,0
248756,0
248757,0
248758,9
248759,0
248760,3
248761,0
248762,0
248763,0
248764,0
248765,0
248766,0
248767,0
248768,0
248769,0
248770,6
248771,0
248772,0
248773,0
248774,0
248775,0
248776,10
248777,0
248778,0
248779,0
248780,0
248781,0
248782,14
248783,0
248784,0
248785,0
248786,0
248787,0
248788,0
248789,0
248790,0
248791,0
248792,0
248793,0
248794,0
248795,0
248796,0
248797,0
248798,0
248799,0
248800,0
248801,0
248802,0
248803,0
248804,0
248805,0
248806,0
248807,0
248808,0
248809,0
248810,0
248811,0
248812,14
248813,0
248814,0
248815,0
248816,6
248817,5
248818,0
248819,0
248820,0
248821,0
248822,6
248823,0
248824,0
248825,0
248826,0
248827,0
248828,0
248829,7
248830,0
248831,0
248832,6
248833,0
248834,0
248835,0
248836,0
248837,9
248838,0
248839,9
248840,0
248841,0
248842,0
248843,0
248844,0
248845,0
248846,0
248847,24
248848,0
248849,31
248850,0
248851,0
248852,0
248853,0
248854,0
248855,43
248856,0
248857,0
248858,0
248859,32
248860,0
248861,0
248862,0
248863,0
248864,0
248865,0
248866,0
248867,0
248868,0
248869,0
248870,0
248871,34
248872,0
248873,0
248874,0
248875,0
248876,38
248877,0
248878,0
248879,0
248880,0
248881,0
248882,0
248883,0
248884,31
248885,0
248886,0
248887,0
248888,30
248889,0
248890,0
248891,31
248892,39
248893,0
248894,40
248895,49
248896,0
248897,0
248898,34
248899,0
248900,0
248901,0
248902,0
248903,0
248904,0
248905,0
248906,36
248907,0
248908,0
248909,0
248910,0
248911,43
248912,36
248913,0
248914,0
248915,0
248916,0
248917,36
248918,0
248919,0
248920,0
248921,0
248922,27
248923,0
248924,0
248925,0
248926,34
248927,35
248928,32
248929,0
248930,0
248931,0
248932,36
248933,0
248934,0
248935,0
248936,0
248937,24
248938,0
248939,0
248940,0
248941,0
248942,0
248943,0
248944,25
248945,0
248946,0
248947,43
248948,31
248949,0
248950,24
248951,0
248952,0
248953,0
248954,0
248955,42
248956,0
248957,0
248958,38
248959,0
248960,0
248961,41
248962,0
248963,44
248964,0
248965,0
248966,27
248967,40
248968,0
248969,0
248970,28
248971,0
248972,0
248973,0
248974,0
248975,35
248976,0
248977,0
248978,0
248979,0
248980,34
248981,0
248982,0
248983,37
248984,25
248985,0
248986,32
248987,0
248988,0
248989,36
248990,0
248991,28
248992,0
248993,0
248994,0
248995,0
248996,0
248997,0
248998,50
248999,0
249000,31
249001,38
249002,37
249003,0
249004,0
249005,0
249006,0
249007,0
249008,0
249009,46
249010,40
249011,0
249012,0
249013,42
249014,29
249015,0
249016,32
249017,0
249018,57
249019,0
249020,0
249021,0
249022,0
249023,0
249024,36
249025,0
249026,0
249027,0
249028,0
249029,0
249030,27
249031,0
249032,0
249033,0
249034,0
249035,0
249036,0
249037,46
249038,0
249039,0
249040,0
249041,35
249042,29
249043,0
249044,0
249045,0
249046,0
249047,0
249048,0
249049,0
249050,0
249051,0
249052,0
249053,0
249054,0
249055,0
249056,40
249057,0
249058,0
249059,0
249060,0
249061,0
249062,0
249063,25
249064,32
249065,0
249066,0
249067,0
249068,0
249069,24
249070,34
249071,0
249072,0
249073,0
249074,0
249075,0
249076,0
249077,0
249078,0
249079,0
249080,34
249081,45
249082,0
249083,0
249084,0
249085,46
249086,38
249087,0
249088,0
249089,45
249090,25
249091,0
249092,0
249093,46
249094,0
249095,0
249096,0
249097,0
249098,43
249099,0
249100,27
249101,0
249102,42
249103,0
249104,30
249105,0
249106,0
249107,0
249108,0
249109,0
249110,0
249111,0
249112,0
249113,0
249114,0
249115,0
249116,0
249117,0
249118,0
249119,0
249120,40
249121,28
249122,0
249123,0
249124,21
249125,0
249126,0
249127,30
249128,29
249129,42
249130,0
249131,0
249132,33
249133,0
249134,0
249135,0
249136,0
249137,0
249138,0
249139,0
249140,0
249141,0
249142,0
249143,0
249144,0
249145,0
249146,0
249147,0
249148,0
249149,0
249150,0
249151,0
249152,23
249153,38
249154,0
249155,0
249156,0
249157,0
249158,33
249159,0
249160,24
249161,24
249162,33
249163,0
249164,0
249165,0
249166,0
249167,0
249168,26
249169,0
249170,36
249171,0
249172,0
249173,0
249174,0
249175,0
249176,0
249177,28
249178,51
249179,31
249180,0
249181,0
249182,0
249183,0
249184,0
249185,0
249186,0
249187,0
249188,0
249189,37
249190,33
249191,40
249192,0
249193,18
249194,0
249195,37
249196,0
249197,0
249198,34
249199,0
249200,0
249201,0
249202,36
249203,40
249204,0
249205,0
249206,0
249207,0
249208,0
249209,0
249210,0
249211,0
249212,44
249213,0
249214,0
249215,0
249216,0
249217,0
249218,0
249219,48
249220,0
249221,0
249222,0
249223,0
249224,0
249225,41
249226,0
249227,0
249228,0
249229,0
249230,34
249231,0
249232,39
249233,0
249234,0
249235,0
249236,0
249237,0
249238,0
249239,0
249240,30
249241,0
249242,0
249243,0
249244,0
249245,0
249246,0
249247,0
249248,0
249249,0
249250,0
249251,0
249252,32
249253,0
249254,0
249255,0
249256,35
249257,0
249258,0
249259,0
249260,0
249261,0
249262,0
249263,47
249264,0
249265,0
249266,0
249267,0
249268,0
249269,0
249270,0
249271,0
249272,0
249273,0
249274,0
249275,31
249276,39
249277,33
249278,0
249279,0
249280,44
249281,0
249282,35
249283,15
249284,0
249285,0
249286,24
249287,32
249288,0
249289,33
249290,47
249291,30
249292,28
249293,25
249294,0
249295,0
249296,0
249297,0
249298,0
249299,0
249300,0
249301,0
249302,0
249303,24
249304,29
249305,30
249306,0
249307,0
249308,0
249309,0
249310,26
249311,27
249312,33
249313,0
249314,0
249315,0
249316,0
249317,42
249318,36
249319,0
249320,0
249321,0
249322,0
249323,39
249324,0
249325,0
249326,0
249327,0
249328,0
249329,0
249330,0
249331,0
249332,0
249333,0
249334,0
249335,0
249336,0
249337,0
249338,0
249339,0
249340,28
249341,34
249342,0
249343,0
249344,22
249345,0
249346,0
249347,0
249348,0
249349,0
249350,0
249351,42
249352,0
249353,0
249354,0
249355,0
249356,0
249357,0
249358,32
249359,0
249360,39
249361,0
249362,0
249363,0
249364,0
249365,0
249366,0
249367,0
249368,0
249369,0
249370,0
249371,0
249372,29
249373,0
249374,0
249375,0
249376,0
249377,0
249378,0
249379,0
249380,0
249381,0
249382,34
249383,0
249384,0
249385,0
249386,0
249387,0
249388,0
249389,25
249390,0
249391,0
249392,0
249393,0
249394,0
249395,0
249396,0
249397,59
249398,0
249399,39
249400,0
249401,31
249402,0
249403,0
249404,0
249405,0
249406,0
249407,39
249408,33
249409,35
249410,30
249411,0
249412,0
249413,0
249414,0
249415,0
249416,0
249417,0
249418,0
249419,0
249420,0
249421,0
249422,0
249423,0
249424,0
249425,0
249426,41
249427,0
249428,0
249429,32
249430,25
249431,0
249432,42
249433,26
249434,0
249435,0
249436,36
249437,0
249438,0
249439,31
249440,27
249441,0
249442,0
249443,46
249444,0
249445,32
249446,0
249447,0
249448,39
249449,0
249450,0
249451,0
249452,0
249453,29
249454,30
249455,44
249456,0
249457,0
249458,0
249459,28
249460,31
249461,0
249462,33
249463,25
249464,0
249465,35
249466,0
249467,0
249468,29
249469,0
249470,0
249471,0
249472,0
249473,0
249474,29
249475,0
249476,0
249477,0
249478,0
249479,0
249480,0
249481,0
249482,0
249483,0
249484,0
249485,0
249486,0
249487,0
249488,0
249489,48
249490,0
249491,0
249492,0
249493,28
249494,0
249495,0
249496,0
249497,0
249498,0
249499,0
249500,0
249501,0
249502,37
249503,0
249504,0
249505,0
249506,0
249507,30
249508,33
249509,0
249510,0
249511,43
249512,0
249513,34
249514,0
249515,0
249516,0
249517,0
249518,44
249519,0
249520,0
249521,0
249522,0
249523,0
249524,0
249525,0
249526,0
249527,0
249528,0
249529,0
249530,0
249531,0
249532,24
249533,0
249534,0
249535,0
249536,0
249537,36
249538,0
249539,0
249540,0
249541,0
249542,0
249543,0
249544,35
249545,0
249546,0
249547,0
249548,61
249549,0
249550,0
249551,0
249552,0
249553,0
249554,23
249555,0
249556,0
249557,0
249558,0
249559,36
249560,0
249561,0
249562,36
249563,26
249564,0
249565,0
249566,0
249567,0
249568,30
249569,24
249570,0
249571,44
249572,0
249573,0
249574,0
249575,0
249576,0
249577,0
249578,0
249579,0
249580,55
249581,0
249582,0
249583,0
249584,30
249585,0
249586,0
249587,0
249588,0
249589,0
249590,0
249591,0
249592,0
249593,0
249594,0
249595,0
249596,0
249597,38
249598,0
249599,0
249600,0
249601,36
249602,25
249603,0
249604,0
249605,0
249606,33
249607,0
249608,31
249609,0
249610,0
249611,30
249612,0
249613,0
249614,0
249615,0
249616,0
249617,41
249618,0
249619,0
249620,35
249621,0
249622,20
249623,0
249624,35
249625,0
249626,20
249627,0
249628,0
249629,0
249630,42
249631,0
249632,36
249633,0
249634,0
249635,0
249636,0
249637,36
249638,0
249639,0
249640,32
249641,48
249642,0
249643,45
249644,0
249645,0
249646,0
249647,0
249648,0
249649,0
249650,0
249651,29
249652,0
249653,29
249654,0
249655,52
249656,0
249657,0
249658,0
249659,24
249660,34
249661,36
249662,0
249663,0
249664,0
249665,0
249666,0
249667,20
249668,23
249669,23
249670,0
249671,0
249672,31
249673,0
249674,0
249675,0
249676,35
249677,0
249678,0
249679,0
249680,0
249681,0
249682,34
249683,0
249684,0
249685,0
249686,24
249687,0
249688,0
249689,36
249690,0
249691,24
249692,0
249693,0
249694,0
249695,0
249696,0
249697,46
249698,19
249699,22
249700,21
249701,0
249702,0
249703,23
249704,0
249705,0
249706,32
249707,0
249708,0
249709,0
249710,33
249711,0
249712,0
249713,0
249714,0
249715,25
249716,30
249717,0
249718,0
249719,0
249720,0
249721,0
249722,0
249723,27
249724,0
249725,0
249726,35
249727,0
249728,0
249729,0
249730,0
249731,0
249732,25
249733,0
249734,32
249735,25
249736,0
249737,0
249738,0
249739,0
249740,0
249741,0
249742,0
249743,0
249744,0
249745,0
249746,0
249747,0
249748,0
249749,0
249750,0
249751,0
249752,29
249753,0
249754,40
249755,0
249756,0
249757,0
249758,0
249759,13
249760,0
249761,0
249762,0
249763,0
249764,0
249765,0
249766,0
249767,41
249768,0
249769,0
249770,21
249771,0
249772,0
249773,0
249774,0
249775,0
249776,53
249777,0
249778,28
249779,0
249780,0
249781,0
249782,0
249783,24
249784,32
249785,28
249786,30
249787,0
249788,0
249789,0
249790,0
249791,22
249792,0
249793,0
249794,0
249795,28
249796,0
249797,0
249798,0
249799,0
249800,0
249801,27
249802,0
249803,29
249804,37
249805,0
249806,21
249807,0
249808,0
249809,27
249810,19
249811,0
249812,35
249813,0
249814,32
249815,0
249816,0
249817,0
249818,31
249819,0
249820,0
249821,44
249822,0
249823,0
249824,0
249825,0
249826,0
249827,28
249828,0
249829,0
249830,0
249831,0
249832,26
249833,0
249834,0
249835,40
249836,0
249837,24
249838,0
249839,24
249840,0
249841,0
249842,0
249843,0
249844,0
249845,36
249846,0
249847,0
249848,16
249849,0
249850,0
249851,0
249852,0
249853,0
249854,0
249855,25
249856,0
249857,21
249858,0
249859,0
249860,0
249861,0
249862,0
249863,0
249864,33
249865,23
249866,0
249867,25
249868,0
249869,0
249870,0
249871,37
249872,0
249873,0
249874,0
249875,0
249876,29
249877,0
249878,0
249879,0
249880,0
249881,48
249882,22
249883,0
249884,0
249885,0
249886,0
249887,0
249888,0
249889,0
249890,0
249891,0
249892,0
249893,0
249894,34
249895,27
249896,0
249897,0
249898,0
249899,0
249900,0
249901,0
249902,0
249903,0
249904,0
249905,0
249906,0
249907,0
249908,28
249909,0
249910,32
249911,19
249912,0
249913,25
249914,0
249915,0
249916,0
249917,31
249918,0
249919,0
249920,0
249921,0
249922,0
249923,0
249924,18
249925,0
249926,0
249927,0
249928,0
249929,16
249930,0
249931,0
249932,0
249933,0
249934,0
249935,0
249936,0
249937,30
249938,18
249939,30
249940,31
249941,0
249942,0
249943,0
249944,30
249945,0
249946,23
249947,0
249948,24
249949,0
249950,0
249951,27
249952,20
249953,32
249954,0
249955,0
249956,0
249957,17
249958,0
249959,0
249960,0
249961,0
249962,0
249963,0
249964,0
249965,0
249966,0
249967,30
249968,0
249969,21
249970,0
249971,0
249972,0
249973,29
249974,45
249975,0
249976,0
249977,38
249978,35
249979,0
249980,0
249981,0
249982,0
249983,35
249984,0
249985,0
249986,0
249987,0
249988,0
249989,0
249990,0
249991,27
249992,28
249993,0
249994,0
249995,0
249996,36
249997,0
249998,0
249999,35
250000,36
250001,21
250002,38
250003,30
250004,0
250005,22
250006,0
250007,0
250008,0
250009,0
250010,0
250011,0
250012,30
250013,0
250014,0
250015,0
250016,28
250017,0
250018,0
250019,0
250020,0
250021,0
250022,0
250023,0
250024,33
250025,0
250026,28
250027,19
250028,0
250029,0
250030,20
250031,38
250032,0
250033,0
250034,0
250035,0
250036,0
250037,22
250038,0
250039,32
250040,0
250041,0
250042,30
250043,0
250044,31
250045,0
250046,0
250047,0
250048,0
250049,0
250050,0
250051,0
250052,0
250053,28
250054,36
250055,0
250056,0
250057,29
250058,0
250059,22
250060,0
250061,0
250062,0
250063,0
250064,29
250065,26
250066,0
250067,21
250068,0
250069,40
250070,0
250071,15
250072,21
250073,0
250074,0
250075,25
250076,0
250077,0
250078,0
250079,28
250080,0
250081,0
250082,0
250083,0
250084,0
250085,0
250086,0
250087,0
250088,0
250089,0
250090,0
250091,0
250092,0
250093,31
250094,19
250095,0
250096,24
250097,0
250098,0
250099,0
250100,22
250101,0
250102,0
250103,0
250104,0
250105,0
250106,0
250107,0
250108,0
250109,0
250110,0
250111,35
250112,0
250113,30
250114,18
250115,0
250116,0
250117,0
250118,0
250119,0
250120,0
250121,0
250122,0
250123,0
250124,34
250125,0
250126,29
250127,26
250128,0
250129,0
250130,27
250131,0
250132,0
250133,0
250134,0
250135,0
250136,0
250137,0
250138,21
250139,0
250140,0
250141,0
250142,0
250143,18
250144,0
250145,0
250146,0
250147,0
250148,0
250149,0
250150,0
250151,0
250152,30
250153,0
250154,0
250155,25
250156,38
250157,0
250158,0
250159,25
250160,0
250161,0
250162,0
250163,0
250164,0
250165,0
250166,0
250167,0
250168,0
250169,0
250170,0
250171,0
250172,0
250173,0
250174,0
250175,0
250176,0
250177,0
250178,35
250179,0
250180,0
250181,0
250182,0
250183,0
250184,0
250185,35
250186,0
250187,39
250188,28
250189,0
250190,0
250191,27
250192,26
250193,0
250194,0
250195,23
250196,0
250197,0
250198,0
250199,29
250200,0
250201,21
250202,0
250203,26
250204,0
250205,0
250206,32
250207,0
250208,32
250209,34
250210,30
250211,0
250212,39
250213,31
250214,0
250215,38
250216,0
250217,30
250218,27
250219,0
250220,0
250221,0
250222,0
250223,0
250224,0
250225,0
250226,0
250227,0
250228,0
250229,29
250230,0
250231,0
250232,38
250233,0
250234,0
250235,0
250236,0
250237,0
250238,0
250239,0
250240,0
250241,0
250242,39
250243,0
250244,0
250245,36
250246,0
250247,0
250248,0
250249,0
250250,24
250251,0
250252,0
250253,0
250254,30
250255,0
250256,25
250257,0
250258,0
250259,0
250260,19
250261,0
250262,0
250263,0
250264,0
250265,0
250266,26
250267,33
250268,0
250269,0
250270,0
250271,20
250272,0
250273,0
250274,0
250275,0
250276,0
250277,0
250278,0
250279,0
250280,35
250281,0
250282,0
250283,0
250284,34
250285,0
250286,0
250287,0
250288,0
250289,0
250290,0
250291,27
250292,0
250293,0
250294,26
250295,0
250296,0
250297,30
250298,0
250299,0
250300,0
250301,0
250302,0
250303,0
250304,0
250305,0
250306,0
250307,0
250308,0
250309,0
250310,0
250311,34
250312,0
250313,0
250314,30
250315,0
250316,0
250317,0
250318,0
250319,0
250320,0
250321,0
250322,0
250323,30
250324,0
250325,27
250326,0
250327,33
250328,0
250329,32
250330,34
250331,0
250332,0
250333,0
250334,0
250335,0
250336,0
250337,28
250338,27
250339,0
250340,0
250341,0
250342,0
250343,23
250344,0
250345,0
250346,0
250347,0
250348,43
250349,28
250350,13
250351,0
250352,0
250353,0
250354,0
250355,0
250356,0
250357,23
250358,0
250359,0
250360,20
250361,0
250362,0
250363,0
250364,29
250365,0
250366,0
250367,42
250368,29
250369,0
250370,0
250371,25
250372,0
250373,0
250374,0
250375,0
250376,37
250377,0
250378,25
250379,0
250380,0
250381,0
250382,17
250383,0
250384,0
250385,0
250386,0
250387,0
250388,12
250389,0
250390,0
250391,0
250392,0
250393,0
250394,0
250395,22
250396,0
250397,17
250398,33
250399,0
250400,0
250401,31
250402,0
250403,22
250404,41
250405,18
250406,23
250407,0
250408,0
250409,0
250410,25
250411,0
250412,0
250413,0
250414,0
250415,0
250416,34
250417,0
250418,0
250419,0
250420,0
250421,0
250422,22
250423,0
250424,0
250425,0
250426,0
250427,38
250428,0
250429,0
250430,0
250431,0
250432,0
250433,0
250434,0
250435,0
250436,32
250437,37
250438,0
250439,0
250440,0
250441,0
250442,0
250443,0
250444,0
250445,0
250446,0
250447,56
250448,0
250449,23
250450,0
250451,35
250452,0
250453,22
250454,0
250455,20
250456,42
250457,0
250458,24
250459,0
250460,21
250461,0
250462,0
250463,0
250464,0
250465,0
250466,0
250467,0
250468,0
250469,0
250470,33
250471,26
250472,32
250473,28
250474,0
250475,0
250476,28
250477,0
250478,0
250479,15
250480,0
250481,31
250482,0
250483,0
250484,0
250485,0
250486,0
250487,0
250488,0
250489,0
250490,0
250491,0
250492,25
250493,0
250494,0
250495,0
250496,0
250497,0
250498,29
250499,0
250500,0
250501,0
250502,21
250503,35
250504,26
250505,0
250506,0
250507,27
250508,0
250509,0
250510,46
250511,0
250512,0
250513,0
250514,0
250515,27
250516,34
250517,0
250518,0
250519,0
250520,0
250521,20
250522,19
250523,29
250524,0
250525,0
250526,0
250527,0
250528,24
250529,40
250530,0
250531,27
250532,30
250533,0
250534,0
250535,0
250536,0
250537,32
250538,0
250539,24
250540,0
250541,0
250542,0
250543,36
250544,0
250545,0
250546,0
250547,0
250548,0
250549,0
250550,0
250551,0
250552,18
250553,0
250554,0
250555,0
250556,0
250557,0
250558,28
250559,0
250560,30
250561,0
250562,0
250563,32
250564,0
250565,0
250566,0
250567,0
250568,0
250569,0
250570,34
250571,0
250572,0
250573,0
250574,0
250575,0
250576,26
250577,0
250578,0
250579,0
250580,0
250581,0
250582,0
250583,23
250584,0
250585,24
250586,0
250587,0
250588,0
250589,0
250590,0
250591,17
250592,0
250593,22
250594,11
250595,0
250596,0
250597,0
250598,0
250599,0
250600,0
250601,22
250602,0
250603,0
250604,0
250605,0
250606,0
250607,0
250608,0
250609,0
250610,15
250611,0
250612,0
250613,0
250614,0
250615,0
250616,14
250617,16
250618,0
250619,0
250620,0
250621,0
250622,0
250623,0
250624,0
250625,0
250626,0
250627,18
250628,0
250629,0
250630,0
250631,0
250632,0
250633,0
250634,0
250635,10
250636,20
250637,0
250638,0
250639,0
250640,0
250641,0
250642,0
250643,0
250644,17
250645,0
250646,0
250647,16
250648,11
250649,0
250650,0
250651,0
250652,0
250653,0
250654,0
250655,0
250656,0
250657,6
250658,14
250659,0
250660,0
250661,0
250662,0
250663,10
250664,0
250665,0
250666,0
250667,8
250668,0
250669,0
250670,0
250671,0
250672,0
250673,13
250674,0
250675,18
250676,14
250677,19
250678,0
250679,0
250680,0
250681,0
250682,0
250683,0
250684,15
250685,0
250686,0
250687,0
250688,0
250689,0
250690,0
250691,0
250692,20
250693,0
250694,0
250695,0
250696,0
250697,0
250698,0
250699,0
250700,0
250701,0
250702,0
250703,0
250704,12
250705,0
250706,0
250707,21
250708,0
250709,0
250710,0
250711,0
250712,0
250713,0
250714,0
250715,0
250716,0
250717,0
250718,0
250719,0
250720,17
250721,15
250722,0
250723,0
250724,0
250725,0
250726,0
250727,0
250728,0
250729,11
250730,0
250731,0
250732,0
250733,0
250734,16
250735,0
250736,0
250737,0
250738,18
250739,0
250740,11
250741,0
250742,15
250743,0
250744,0
250745,0
250746,12
250747,0
250748,0
250749,17
250750,0
250751,0
250752,0
250753,0
250754,0
250755,0
250756,0
250757,13
250758,0
250759,0
250760,0
250761,0
250762,0
250763,0
250764,18
250765,0
250766,0
250767,0
250768,0
250769,0
250770,0
250771,0
250772,16
250773,13
250774,0
250775,0
250776,0
250777,30
250778,5
250779,24
250780,12
250781,0
250782,0
250783,0
250784,29
250785,0
250786,0
250787,0
250788,0
250789,0
250790,14
250791,0
250792,21
250793,0
250794,0
250795,15
250796,0
250797,0
250798,0
250799,0
250800,0
250801,0
250802,0
250803,0
250804,21
250805,0
250806,15
250807,0
250808,0
250809,14
250810,0
250811,30
250812,0
250813,0
250814,0
250815,0
250816,0
250817,0
250818,15
250819,0
250820,0
250821,0
250822,0
250823,0
250824,17
250825,20
250826,14
250827,0
250828,0
250829,0
250830,0
250831,0
250832,0
250833,0
250834,0
250835,0
250836,0
250837,0
250838,0
250839,18
250840,18
250841,0
250842,0
250843,0
250844,0
250845,0
250846,0
250847,0
250848,0
250849,0
250850,0
250851,17
250852,0
250853,0
250854,0
250855,0
250856,0
250857,0
250858,0
250859,0
250860,0
250861,21
250862,0
250863,0
250864,0
250865,16
250866,0
250867,16
250868,0
250869,21
250870,0
250871,0
250872,0
250873,0
250874,0
250875,27
250876,0
250877,0
250878,0
250879,17
250880,0
250881,0
250882,20
250883,0
250884,0
250885,0
250886,0
250887,0
250888,0
250889,0
250890,13
250891,18
250892,0
250893,0
250894,0
250895,0
250896,19
250897,0
250898,23
250899,0
250900,0
250901,0
250902,22
250903,21
250904,0
250905,0
250906,0
250907,0
250908,0
250909,19
250910,0
250911,0
250912,0
250913,0
250914,9
250915,0
250916,0
250917,0
250918,0
250919,0
250920,0
250921,0
250922,0
250923,0
250924,0
250925,0
250926,0
250927,0
250928,0
250929,16
250930,0
250931,0
250932,0
250933,22
250934,21
250935,0
250936,0
250937,0
250938,0
250939,0
250940,0
250941,0
250942,22
250943,7
250944,0
250945,0
250946,0
250947,0
250948,0
250949,0
250950,0
250951,0
250952,0
250953,0
250954,0
250955,0
250956,0
250957,7
250958,11
250959,0
250960,0
250961,15
250962,0
250963,0
250964,0
250965,0
250966,0
250967,20
250968,0
250969,0
250970,0
250971,0
250972,0
250973,0
250974,0
250975,0
250976,0
250977,0
250978,0
250979,0
250980,0
250981,19
250982,12
250983,0
250984,0
250985,25
250986,0
250987,0
250988,0
250989,0
250990,0
250991,0
250992,0
250993,0
250994,0
250995,0
250996,0
250997,0
250998,0
250999,0
251000,0
251001,0
251002,16
251003,0
251004,20
251005,0
251006,0
251007,0
251008,0
251009,0
251010,19
251011,16
251012,23
251013,0
251014,0
251015,0
251016,0
251017,0
251018,0
251019,0
251020,0
251021,0
251022,0
251023,0
251024,0
251025,0
251026,0
251027,0
251028,0
251029,0
251030,0
251031,0
251032,0
251033,0
251034,0
251035,0
251036,0
251037,0
251038,0
251039,0
251040,0
251041,0
251042,0
251043,0
251044,0
251045,0
251046,0
251047,0
251048,0
251049,0
251050,0
251051,17
251052,0
251053,0
251054,18
251055,0
251056,16
251057,0
251058,0
251059,0
251060,0
251061,21
251062,0
251063,0
251064,0
251065,0
251066,0
251067,0
251068,27
251069,0
251070,19
251071,21
251072,0
251073,0
251074,0
251075,0
251076,0
251077,18
251078,22
251079,0
251080,0
251081,0
251082,0
251083,13
251084,0
251085,0
251086,0
251087,16
251088,13
251089,0
251090,0
251091,0
251092,0
251093,9
251094,10
251095,0
251096,0
251097,0
251098,0
251099,0
251100,0
251101,0
251102,20
251103,0
251104,0
251105,0
251106,0
251107,0
251108,0
251109,0
251110,0
251111,0
251112,0
251113,5
251114,0
251115,0
251116,0
251117,0
251118,0
251119,0
251120,0
251121,0
251122,0
251123,23
251124,0
251125,0
251126,0
251127,0
251128,0
251129,0
251130,0
251131,0
251132,0
251133,0
251134,0
251135,12
251136,0
251137,24
251138,0
251139,0
251140,16
251141,0
251142,0
251143,10
251144,21
251145,0
251146,0
251147,0
251148,0
251149,0
251150,0
251151,0
251152,0
251153,18
251154,0
251155,0
251156,0
251157,9
251158,0
251159,0
251160,0
251161,0
251162,18
251163,0
251164,16
251165,0
251166,0
251167,0
251168,0
251169,0
251170,0
251171,0
251172,25
251173,0
251174,18
251175,0
251176,0
251177,0
251178,12
251179,0
251180,0
251181,9
251182,17
251183,16
251184,0
251185,14
251186,0
251187,0
251188,0
251189,0
251190,0
251191,0
251192,9
251193,10
251194,15
251195,0
251196,0
251197,0
251198,0
251199,0
251200,26
251201,0
251202,12
251203,0
251204,19
251205,9
251206,0
251207,0
251208,0
251209,0
251210,18
251211,0
251212,14
251213,0
251214,16
251215,0
251216,0
251217,0
251218,0
251219,0
251220,0
251221,0
251222,0
251223,0
251224,0
251225,0
251226,0
251227,0
251228,9
251229,12
251230,0
251231,0
251232,0
251233,0
251234,0
251235,0
251236,0
251237,0
251238,0
251239,0
251240,0
251241,0
251242,0
251243,0
251244,0
251245,0
251246,0
251247,10
251248,0
251249,0
251250,8
251251,0
251252,0
251253,0
251254,0
251255,0
251256,0
251257,0
251258,0
251259,0
251260,14
251261,0
251262,0
251263,0
251264,0
251265,0
251266,0
251267,0
251268,0
251269,0
251270,0
251271,23
251272,0
251273,0
251274,0
251275,0
251276,0
251277,21
251278,0
251279,0
251280,0
251281,0
251282,0
251283,0
251284,0
251285,25
251286,14
251287,0
251288,0
251289,0
251290,0
251291,0
251292,0
251293,0
251294,0
251295,0
251296,0
251297,0
251298,0
251299,19
251300,0
251301,9
251302,0
251303,0
251304,0
251305,0
251306,0
251307,0
251308,0
251309,0
251310,0
251311,0
251312,0
251313,0
251314,16
251315,0
251316,0
251317,0
251318,0
251319,0
251320,0
251321,0
251322,0
251323,0
251324,0
251325,0
251326,18
251327,31
251328,0
251329,0
251330,0
251331,11
251332,0
251333,0
251334,0
251335,0
251336,0
251337,0
251338,0
251339,0
251340,0
251341,15
251342,15
251343,0
251344,0
251345,0
251346,0
251347,0
251348,0
251349,0
251350,0
251351,0
251352,0
251353,0
251354,0
251355,0
251356,0
251357,0
251358,25
251359,0
251360,0
251361,0
251362,0
251363,16
251364,0
251365,0
251366,21
251367,0
251368,0
251369,0
251370,0
251371,0
251372,0
251373,0
251374,0
251375,0
251376,0
251377,0
251378,0
251379,0
251380,0
251381,0
251382,0
251383,13
251384,0
251385,0
251386,0
251387,24
251388,0
251389,20
251390,0
251391,0
251392,0
251393,0
251394,0
251395,0
251396,0
251397,0
251398,0
251399,0
251400,0
251401,12
251402,0
251403,0
251404,0
251405,0
251406,0
251407,0
251408,0
251409,0
251410,0
251411,13
251412,17
251413,0
251414,12
251415,6
251416,35
251417,37
251418,0
251419,21
251420,26
251421,0
251422,41
251423,0
251424,0
251425,23
251426,0
251427,0
251428,0
251429,0
251430,0
251431,0
251432,38
251433,43
251434,0
251435,0
251436,0
251437,0
251438,0
251439,0
251440,0
251441,0
251442,0
251443,0
251444,0
251445,0
251446,0
251447,28
251448,0
251449,0
251450,38
251451,0
251452,0
251453,0
251454,32
251455,0
251456,0
251457,0
251458,0
251459,0
251460,0
251461,0
251462,0
251463,37
251464,0
251465,0
251466,0
251467,0
251468,34
251469,0
251470,0
251471,43
251472,0
251473,0
251474,38
251475,17
251476,0
251477,33
251478,0
251479,33
251480,0
251481,0
251482,0
251483,0
251484,0
251485,0
251486,0
251487,0
251488,26
251489,28
251490,0
251491,0
251492,0
251493,0
251494,0
251495,0
251496,0
251497,0
251498,0
251499,0
251500,0
251501,0
251502,0
251503,0
251504,0
251505,29
251506,0
251507,0
251508,47
251509,0
251510,0
251511,0
251512,0
251513,0
251514,0
251515,0
251516,38
251517,34
251518,0
251519,0
251520,29
251521,22
251522,0
251523,0
251524,30
251525,0
251526,0
251527,0
251528,0
251529,0
251530,0
251531,0
251532,0
251533,0
251534,0
251535,0
251536,0
251537,0
251538,0
251539,0
251540,29
251541,0
251542,38
251543,0
251544,0
251545,0
251546,0
251547,35
251548,0
251549,32
251550,0
251551,0
251552,0
251553,0
251554,0
251555,0
251556,0
251557,0
251558,0
251559,0
251560,24
251561,0
251562,40
251563,0
251564,0
251565,0
251566,37
251567,0
251568,0
251569,0
251570,0
251571,0
251572,29
251573,0
251574,0
251575,0
251576,0
251577,35
251578,0
251579,0
251580,0
251581,0
251582,38
251583,0
251584,0
251585,29
251586,0
251587,0
251588,0
251589,56
251590,30
251591,0
251592,37
251593,0
251594,33
251595,0
251596,0
251597,29
251598,49
251599,27
251600,0
251601,0
251602,0
251603,0
251604,0
251605,0
251606,0
251607,0
251608,0
251609,0
251610,0
251611,0
251612,0
251613,42
251614,46
251615,0
251616,0
251617,0
251618,0
251619,0
251620,0
251621,0
251622,0
251623,0
251624,47
251625,0
251626,0
251627,0
251628,0
251629,20
251630,0
251631,0
251632,0
251633,20
251634,53
251635,0
251636,0
251637,0
251638,0
251639,36
251640,22
251641,39
251642,0
251643,0
251644,0
251645,0
251646,29
251647,0
251648,0
251649,0
251650,0
251651,0
251652,43
251653,0
251654,0
251655,0
251656,0
251657,0
251658,35
251659,0
251660,0
251661,0
251662,0
251663,0
251664,43
251665,0
251666,0
251667,35
251668,0
251669,27
251670,0
251671,0
251672,0
251673,29
251674,0
251675,0
251676,30
251677,30
251678,0
251679,0
251680,0
251681,0
251682,0
251683,29
251684,0
251685,0
251686,30
251687,0
251688,0
251689,0
251690,0
251691,0
251692,0
251693,21
251694,0
251695,0
251696,0
251697,0
251698,34
251699,0
251700,0
251701,0
251702,0
251703,0
251704,0
251705,36
251706,0
251707,0
251708,0
251709,0
251710,0
251711,0
251712,0
251713,0
251714,31
251715,37
251716,0
251717,0
251718,0
251719,0
251720,0
251721,0
251722,0
251723,0
251724,0
251725,0
251726,0
251727,42
251728,0
251729,0
251730,0
251731,0
251732,0
251733,0
251734,0
251735,0
251736,0
251737,0
251738,0
251739,0
251740,0
251741,0
251742,0
251743,0
251744,0
251745,26
251746,0
251747,32
251748,0
251749,0
251750,0
251751,0
251752,0
251753,0
251754,0
251755,0
251756,0
251757,0
251758,0
251759,0
251760,0
251761,0
251762,0
251763,0
251764,0
251765,0
251766,0
251767,0
251768,0
251769,0
251770,0
251771,0
251772,1
251773,0
251774,0
251775,0
251776,0
251777,0
251778,0
251779,0
251780,0
251781,0
251782,0
251783,4
251784,0
251785,0
251786,0
251787,0
251788,0
251789,0
251790,0
251791,0
251792,0
251793,0
251794,0
251795,2
251796,0
251797,0
251798,0
251799,0
251800,0
251801,0
251802,0
251803,0
251804,0
251805,2
251806,0
251807,0
251808,0
251809,0
251810,0
251811,0
251812,0
251813,0
251814,0
251815,0
251816,0
251817,0
251818,0
251819,0
251820,0
251821,0
251822,0
251823,0
251824,0
251825,0
251826,0
251827,0
251828,0
251829,0
251830,0
251831,1
251832,0
251833,0
251834,0
251835,2
251836,0
251837,1
251838,2
251839,0
251840,0
251841,0
251842,0
251843,0
251844,0
251845,0
251846,2
251847,1
251848,2
251849,0
251850,0
251851,0
251852,0
251853,0
251854,2
251855,0
251856,0
251857,0
251858,0
251859,0
251860,0
251861,0
251862,0
251863,3
251864,0
251865,0
251866,1
251867,0
251868,0
251869,0
251870,0
251871,0
251872,1
251873,0
251874,0
251875,0
251876,0
251877,0
251878,0
251879,0
251880,0
251881,1
251882,0
251883,0
251884,0
251885,0
251886,0
251887,0
251888,0
251889,0
251890,0
251891,0
251892,4
251893,2
251894,0
251895,0
251896,0
251897,0
251898,0
251899,0
251900,0
251901,1
251902,0
251903,0
251904,0
251905,0
251906,0
251907,0
251908,1
251909,0
251910,0
251911,1
251912,0
251913,0
251914,0
251915,0
251916,0
251917,0
251918,0
251919,0
251920,0
251921,0
251922,1
251923,2
251924,0
251925,0
251926,0
251927,0
251928,1
251929,0
251930,2
251931,0
251932,0
251933,0
251934,0
251935,0
251936,0
251937,0
251938,0
251939,0
251940,0
251941,0
251942,0
251943,0
251944,0
251945,0
251946,0
251947,0
251948,0
251949,0
251950,0
251951,0
251952,0
251953,0
251954,0
251955,0
251956,0
251957,0
251958,0
251959,0
251960,0
251961,0
251962,0
251963,0
251964,0
251965,0
251966,0
251967,1
251968,0
251969,0
251970,0
251971,0
251972,0
251973,0
251974,0
251975,0
251976,0
251977,0
251978,0
251979,0
251980,0
251981,0
251982,0
251983,0
251984,0
251985,0
251986,0
251987,0
251988,0
251989,0
251990,0
251991,0
251992,0
251993,0
251994,0
251995,0
251996,0
251997,0
251998,0
251999,0
252000,0
252001,0
252002,0
252003,0
252004,0
252005,0
252006,0
252007,0
252008,0
252009,0
252010,0
252011,0
252012,0
252013,0
252014,0
252015,0
252016,0
252017,0
252018,0
252019,0
252020,0
252021,0
252022,0
252023,0
252024,0
252025,0
252026,0
252027,0
252028,0
252029,0
252030,0
252031,0
252032,0
252033,0
252034,0
252035,0
252036,0
252037,0
252038,0
252039,0
252040,0
252041,0
252042,0
252043,0
252044,0
252045,0
252046,0
252047,0
252048,0
252049,0
252050,0
252051,0
252052,0
252053,0
252054,0
252055,0
252056,0
252057,0
252058,0
252059,0
252060,0
252061,0
252062,0
252063,0
252064,0
252065,0
252066,0
252067,0
252068,0
252069,0
252070,0
252071,0
252072,0
252073,0
252074,0
252075,0
252076,0
252077,0
252078,0
252079,0
252080,0
252081,0
252082,0
252083,0
252084,0
252085,0
252086,0
252087,0
252088,0
252089,0
252090,0
252091,0
252092,0
252093,0
252094,0
252095,0
252096,0
252097,0
252098,0
252099,0
252100,0
252101,0
252102,0
252103,0
252104,0
252105,0
252106,0
252107,1
252108,0
252109,0
252110,0
252111,0
252112,0
252113,0
252114,0
252115,0
252116,0
252117,0
252118,0
252119,0
252120,0
252121,0
252122,0
252123,0
252124,0
252125,0
252126,0
252127,0
252128,0
252129,0
252130,0
252131,0
252132,0
252133,0
252134,0
252135,0
252136,0
252137,0
252138,0
252139,0
252140,0
252141,0
252142,0
252143,0
252144,0
252145,0
252146,0
252147,0
252148,0
252149,0
252150,0
252151,0
252152,0
252153,0
252154,0
252155,0
252156,0
252157,0
252158,0
252159,0
252160,0
252161,0
252162,0
252163,0
252164,0
252165,0
252166,0
252167,0
252168,0
252169,0
252170,0
252171,0
252172,0
252173,0
252174,0
252175,0
252176,0
252177,0
252178,0
252179,0
252180,0
252181,0
252182,0
252183,0
252184,0
252185,0
252186,0
252187,0
252188,0
252189,0
252190,0
252191,0
252192,0
252193,0
252194,0
252195,0
252196,0
252197,0
252198,0
252199,0
252200,0
252201,0
252202,0
252203,0
252204,0
252205,0
252206,0
252207,0
252208,0
252209,0
252210,0
252211,0
252212,0
252213,0
252214,0
252215,0
252216,0
252217,0
252218,0
252219,0
252220,0
252221,0
252222,0
252223,0
252224,0
252225,0
252226,0
252227,0
252228,0
252229,0
252230,0
252231,0
252232,0
252233,0
252234,0
252235,0
252236,0
252237,0
252238,0
252239,0
252240,0
252241,0
252242,0
252243,0
252244,0
252245,0
252246,0
252247,0
252248,0
252249,0
252250,0
252251,0
252252,0
252253,0
252254,0
252255,0
252256,0
252257,0
252258,1
252259,0
252260,0
252261,0
252262,0
252263,0
252264,0
252265,0
252266,0
252267,0
252268,0
252269,0
252270,0
252271,0
252272,0
252273,0
252274,0
252275,0
252276,0
252277,0
252278,0
252279,0
252280,0
252281,0
252282,0
252283,0
252284,0
252285,0
252286,0
252287,0
252288,0
252289,0
252290,0
252291,0
252292,0
252293,0
252294,0
252295,0
252296,0
252297,0
252298,0
252299,0
252300,0
252301,0
252302,0
252303,0
252304,0
252305,0
252306,0
252307,0
252308,0
252309,0
252310,0
252311,0
252312,0
252313,0
252314,0
252315,0
252316,0
252317,0
252318,0
252319,0
252320,0
252321,0
252322,0
252323,0
252324,0
252325,0
252326,0
252327,0
252328,0
252329,0
252330,0
252331,0
252332,0
252333,0
252334,0
252335,0
252336,0
252337,0
252338,0
252339,0
252340,0
252341,0
252342,0
252343,0
252344,0
252345,0
252346,0
252347,0
252348,0
252349,0
252350,0
252351,0
252352,0
252353,0
252354,0
252355,0
252356,0
252357,0
252358,0
252359,0
252360,0
252361,0
252362,0
252363,0
252364,0
252365,0
252366,0
252367,0
252368,0
252369,0
252370,0
252371,0
252372,0
252373,0
252374,0
252375,0
252376,0
252377,0
252378,0
252379,0
252380,0
252381,0
252382,0
252383,0
252384,0
252385,0
252386,0
252387,0
252388,0
252389,0
252390,0
252391,0
252392,0
252393,0
252394,0
252395,0
252396,0
252397,0
252398,0
252399,0
252400,0
252401,0
252402,0
252403,0
252404,0
252405,0
252406,0
252407,0
252408,0
252409,0
252410,0
252411,0
252412,0
252413,1
252414,0
252415,0
252416,0
252417,0
252418,0
252419,0
252420,0
252421,0
252422,0
252423,0
252424,0
252425,0
252426,0
252427,0
252428,0
252429,0
252430,0
252431,0
252432,0
252433,0
252434,0
252435,0
252436,0
252437,0
252438,0
252439,0
252440,0
252441,0
252442,0
252443,0
252444,0
252445,0
252446,0
252447,0
252448,0
252449,0
252450,0
252451,0
252452,0
252453,0
252454,0
252455,0
252456,0
252457,0
252458,0
252459,0
252460,0
252461,0
252462,0
252463,0
252464,0
252465,0
252466,0
252467,0
252468,0
252469,0
252470,0
252471,0
252472,0
252473,0
252474,0
252475,0
252476,0
252477,0
252478,0
252479,0
252480,0
252481,0
252482,0
252483,0
252484,0
252485,0
252486,0
252487,0
252488,0
252489,0
252490,0
252491,0
252492,0
252493,0
252494,0
252495,0
252496,0
252497,0
252498,0
252499,0
252500,0
252501,0
252502,0
252503,0
252504,0
252505,0
252506,0
252507,0
252508,0
252509,0
252510,0
252511,0
252512,0
252513,0
252514,0
252515,0
252516,0
252517,0
252518,0
252519,0
252520,0
252521,0
252522,0
252523,1
252524,0
252525,0
252526,0
252527,0
252528,0
252529,0
252530,0
252531,0
252532,0
252533,0
252534,0
252535,0
252536,0
252537,0
252538,0
252539,0
252540,0
252541,0
252542,0
252543,0
252544,0
252545,0
252546,0
252547,0
252548,0
252549,0
252550,0
252551,0
252552,0
252553,0
252554,0
252555,0
252556,0
252557,0
252558,0
252559,0
252560,0
252561,0
252562,1
252563,0
252564,0
252565,0
252566,0
252567,0
252568,0
252569,0
252570,0
252571,0
252572,0
252573,0
252574,0
252575,0
252576,0
252577,0
252578,0
252579,0
252580,0
252581,0
252582,0
252583,0
252584,0
252585,0
252586,0
252587,0
252588,0
252589,0
252590,0
252591,0
252592,0
252593,0
252594,0
252595,0
252596,0
252597,0
252598,0
252599,0
252600,0
252601,0
252602,0
252603,0
252604,0
252605,0
252606,0
252607,0
252608,0
252609,0
252610,0
252611,0
252612,0
252613,0
252614,0
252615,0
252616,0
252617,0
252618,0
252619,0
252620,0
252621,0
252622,0
252623,0
252624,0
252625,0
252626,0
252627,0
252628,0
252629,0
252630,0
252631,0
252632,0
252633,0
252634,0
252635,0
252636,0
252637,0
252638,0
252639,0
252640,0
252641,0
252642,0
252643,0
252644,0
252645,0
252646,0
252647,0
252648,0
252649,0
252650,0
252651,0
252652,0
252653,0
252654,0
252655,0
252656,0
252657,0
252658,0
252659,0
252660,0
252661,0
252662,0
252663,0
252664,0
252665,0
252666,0
252667,0
252668,0
252669,0
252670,0
252671,0
252672,0
252673,0
252674,0
252675,0
252676,0
252677,0
252678,0
252679,0
252680,0
252681,0
252682,0
252683,0
252684,0
252685,0
252686,0
252687,0
252688,0
252689,0
252690,0
252691,0
252692,0
252693,0
252694,0
252695,0
252696,0
252697,0
252698,0
252699,0
252700,0
252701,0
252702,0
252703,0
252704,0
252705,0
252706,0
252707,0
252708,0
252709,0
252710,0
252711,0
252712,0
252713,0
252714,0
252715,0
252716,0
252717,0
252718,0
252719,0
252720,0
252721,0
252722,0
252723,0
252724,0
252725,0
252726,0
252727,0
252728,0
252729,0
252730,0
252731,1
252732,0
252733,0
252734,0
252735,0
252736,0
252737,0
252738,0
252739,0
252740,0
252741,0
252742,0
252743,0
252744,0
252745,0
252746,0
252747,0
252748,0
252749,0
252750,0
252751,0
252752,0
252753,0
252754,0
252755,0
252756,1
252757,0
252758,0
252759,0
252760,0
252761,0
252762,0
252763,0
252764,0
252765,0
252766,0
252767,0
252768,0
252769,0
252770,0
252771,0
252772,0
252773,0
252774,0
252775,0
252776,0
252777,0
252778,0
252779,0
252780,0
252781,0
252782,0
252783,0
252784,0
252785,0
252786,0
252787,0
252788,0
252789,0
252790,0
252791,0
252792,0
252793,0
252794,0
252795,0
252796,0
252797,0
252798,0
252799,0
252800,0
252801,0
252802,0
252803,0
252804,0
252805,0
252806,0
252807,0
252808,0
252809,0
252810,0
252811,0
252812,0
252813,0
252814,0
252815,0
252816,0
252817,0
252818,0
252819,0
252820,0
252821,0
252822,0
252823,0
252824,0
252825,0
252826,0
252827,0
252828,0
252829,0
252830,0
252831,0
252832,0
252833,0
252834,0
252835,0
252836,0
252837,0
252838,0
252839,0
252840,0
252841,0
252842,0
252843,1
252844,0
252845,0
252846,0
252847,0
252848,0
252849,0
252850,0
252851,0
252852,0
252853,0
252854,0
252855,0
252856,0
252857,0
252858,0
252859,0
252860,0
252861,0
252862,0
252863,0
252864,0
252865,0
252866,0
252867,0
252868,0
252869,0
252870,0
252871,0
252872,0
252873,0
252874,0
252875,0
252876,0
252877,0
252878,0
252879,0
252880,0
252881,0
252882,0
252883,0
252884,0
252885,0
252886,1
252887,0
252888,0
252889,0
252890,0
252891,0
252892,0
252893,0
252894,0
252895,0
252896,0
252897,0
252898,0
252899,0
252900,0
252901,0
252902,0
252903,0
252904,0
252905,0
252906,0
252907,0
252908,0
252909,0
252910,0
252911,0
252912,0
252913,0
252914,0
252915,0
252916,0
252917,0
252918,0
252919,0
252920,0
252921,0
252922,0
252923,0
252924,0
252925,0
252926,0
252927,0
252928,0
252929,0
252930,0
252931,0
252932,0
252933,0
252934,0
252935,0
252936,0
252937,0
252938,0
252939,0
252940,0
252941,0
252942,0
252943,0
252944,0
252945,0
252946,0
252947,0
252948,0
252949,0
252950,0
252951,0
252952,0
252953,0
252954,0
252955,0
252956,0
252957,0
252958,0
252959,0
252960,0
252961,0
252962,0
252963,0
252964,0
252965,0
252966,0
252967,0
252968,0
252969,0
252970,0
252971,0
252972,0
252973,0
252974,0
252975,0
252976,0
252977,0
252978,0
252979,0
252980,0
252981,0
252982,0
252983,0
252984,0
252985,0
252986,0
252987,0
252988,0
252989,0
252990,0
252991,0
252992,0
252993,1
252994,0
252995,0
252996,0
252997,0
252998,0
252999,0
253000,1
253001,0
253002,0
253003,0
253004,0
253005,0
253006,0
253007,0
253008,0
253009,0
253010,0
253011,0
253012,0
253013,0
253014,0
253015,0
253016,0
253017,0
253018,0
253019,0
253020,0
253021,0
253022,0
253023,0
253024,0
253025,0
253026,0
253027,0
253028,0
253029,0
253030,0
253031,0
253032,0
253033,0
253034,0
253035,0
253036,0
253037,0
253038,0
253039,0
253040,0
253041,0
253042,0
253043,0
253044,0
253045,0
253046,0
253047,0
253048,0
253049,0
253050,0
253051,0
253052,0
253053,0
253054,0
253055,0
253056,0
253057,0
253058,0
253059,0
253060,0
253061,0
253062,0
253063,0
253064,0
253065,1
253066,0
253067,0
253068,0
253069,0
253070,0
253071,0
253072,0
253073,0
253074,0
253075,0
253076,0
253077,0
253078,0
253079,0
253080,0
253081,0
253082,0
253083,0
253084,0
253085,0
253086,0
253087,0
253088,0
253089,0
253090,0
253091,0
253092,0
253093,0
253094,0
253095,0
253096,0
253097,0
253098,0
253099,0
253100,0
253101,0
253102,0
253103,0
253104,0
253105,0
253106,0
253107,0
253108,0
253109,0
253110,0
253111,0
253112,0
253113,0
253114,0
253115,0
253116,0
253117,0
253118,0
253119,0
253120,0
253121,0
253122,0
253123,0
253124,0
253125,0
253126,0
253127,0
253128,0
253129,0
253130,0
253131,0
253132,0
253133,0
253134,0
253135,0
253136,0
253137,0
253138,0
253139,0
253140,0
253141,0
253142,0
253143,0
253144,0
253145,0
253146,0
253147,0
253148,1
253149,0
253150,0
253151,0
253152,0
253153,0
253154,0
253155,0
253156,0
253157,0
253158,0
253159,0
253160,0
253161,0
253162,0
253163,0
253164,0
253165,0
253166,0
253167,0
253168,0
253169,0
253170,0
253171,0
253172,0
253173,0
253174,0
253175,0
253176,0
253177,0
253178,0
253179,0
253180,0
253181,0
253182,0
253183,0
253184,0
253185,0
253186,0
253187,0
253188,0
253189,1
253190,1
253191,0
253192,0
253193,0
253194,0
253195,0
253196,0
253197,0
253198,0
253199,0
253200,0
253201,0
253202,0
253203,0
253204,0
253205,0
253206,0
253207,0
253208,0
253209,0
253210,0
253211,0
253212,0
253213,0
253214,0
253215,0
253216,0
253217,0
253218,0
253219,0
253220,0
253221,0
253222,0
253223,0
253224,0
253225,0
253226,0
253227,0
253228,0
253229,0
253230,0
253231,0
253232,0
253233,0
253234,0
253235,0
253236,0
253237,0
253238,0
253239,0
253240,0
253241,0
253242,0
253243,0
253244,0
253245,0
253246,0
253247,0
253248,0
253249,0
253250,0
253251,0
253252,0
253253,0
253254,0
253255,0
253256,0
253257,0
253258,0
253259,0
253260,0
253261,0
253262,0
253263,0
253264,0
253265,0
253266,0
253267,0
253268,0
253269,0
253270,0
253271,0
253272,0
253273,1
253274,0
253275,0
253276,0
253277,0
253278,0
253279,0
253280,0
253281,0
253282,0
253283,0
253284,0
253285,0
253286,0
253287,0
253288,0
253289,0
253290,0
253291,0
253292,0
253293,0
253294,0
253295,0
253296,0
253297,0
253298,0
253299,0
253300,0
253301,0
253302,0
253303,0
253304,0
253305,0
253306,0
253307,0
253308,0
253309,0
253310,0
253311,0
253312,0
253313,0
253314,0
253315,0
253316,0
253317,0
253318,0
253319,0
253320,0
253321,0
253322,0
253323,0
253324,0
253325,0
253326,0
253327,0
253328,0
253329,0
253330,0
253331,0
253332,0
253333,0
253334,0
253335,0
253336,0
253337,0
253338,0
253339,0
253340,0
253341,0
253342,0
253343,0
253344,0
253345,0
253346,0
253347,0
253348,0
253349,0
253350,0
253351,0
253352,0
253353,0
253354,0
253355,0
253356,0
253357,0
253358,0
253359,0
253360,0
253361,0
253362,0
253363,0
253364,0
253365,0
253366,0
253367,1
253368,0
253369,0
253370,0
253371,0
253372,0
253373,0
253374,0
253375,0
253376,0
253377,0
253378,0
253379,0
253380,0
253381,0
253382,0
253383,0
253384,0
253385,0
253386,0
253387,0
253388,0
253389,0
253390,0
253391,0
253392,0
253393,0
253394,0
253395,0
253396,0
253397,0
253398,0
253399,0
253400,0
253401,0
253402,0
253403,0
253404,0
253405,0
253406,0
253407,0
253408,0
253409,0
253410,0
253411,0
253412,0
253413,0
253414,0
253415,0
253416,0
253417,0
253418,0
253419,0
253420,0
253421,0
253422,0
253423,0
253424,0
253425,0
253426,0
253427,0
253428,0
253429,0
253430,0
253431,0
253432,0
253433,0
253434,0
253435,0
253436,0
253437,0
253438,0
253439,0
253440,0
253441,21
253442,20
253443,0
253444,0
253445,16
253446,9
253447,19
253448,29
253449,0
253450,0
253451,15
253452,18
253453,0
253454,0
253455,0
253456,25
253457,0
253458,0
253459,0
253460,0
253461,0
253462,11
253463,0
253464,0
253465,0
253466,0
253467,0
253468,9
253469,0
253470,0
253471,0
253472,0
253473,22
253474,0
253475,0
253476,20
253477,27
253478,15
253479,0
253480,0
253481,25
253482,0
253483,0
253484,0
253485,0
253486,0
253487,0
253488,11
253489,0
253490,33
253491,28
253492,0
253493,0
253494,0
253495,0
253496,0
253497,0
253498,51
253499,0
253500,0
253501,0
253502,0
253503,0
253504,0
253505,0
253506,0
253507,0
253508,0
253509,0
253510,0
253511,27
253512,0
253513,0
253514,16
253515,0
253516,0
253517,0
253518,0
253519,37
253520,0
253521,50
253522,42
253523,0
253524,0
253525,0
253526,0
253527,0
253528,29
253529,0
253530,0
253531,0
253532,0
253533,0
253534,0
253535,25
253536,0
253537,33
253538,19
253539,0
253540,0
253541,21
253542,0
253543,0
253544,24
253545,0
253546,14
253547,0
253548,14
253549,0
253550,11
253551,16
253552,0
253553,14
253554,0
253555,0
253556,0
253557,13
253558,0
253559,0
253560,25
253561,15
253562,25
253563,0
253564,30
253565,0
253566,0
253567,24
253568,0
253569,0
253570,29
253571,0
253572,0
253573,0
253574,0
253575,28
253576,0
253577,0
253578,0
253579,0
253580,20
253581,0
253582,0
253583,0
253584,0
253585,0
253586,0
253587,25
253588,0
253589,32
253590,0
253591,0
253592,0
253593,0
253594,7
253595,26
253596,0
253597,0
253598,17
253599,16
253600,0
253601,0
253602,0
253603,0
253604,0
253605,0
253606,8
253607,0
253608,34
253609,0
253610,32
253611,0
253612,31
253613,27
253614,24
253615,0
253616,0
253617,0
253618,0
253619,0
253620,0
253621,0
253622,0
253623,13
253624,0
253625,0
253626,0
253627,0
253628,16
253629,25
253630,0
253631,0
253632,0
253633,23
253634,0
253635,0
253636,26
253637,35
253638,0
253639,0
253640,30
253641,0
253642,0
253643,0
253644,0
253645,0
253646,0
253647,19
253648,0
253649,0
253650,27
253651,0
253652,5
253653,0
253654,14
253655,0
253656,0
253657,28
253658,19
253659,0
253660,19
253661,22
253662,0
253663,0
253664,0
253665,23
253666,0
253667,16
253668,0
253669,16
253670,0
253671,0
253672,0
253673,0
253674,0
253675,14
253676,0
253677,0
253678,0
253679,30
253680,0
253681,0
253682,0
253683,0
253684,17
253685,0
253686,0
253687,29
253688,0
253689,0
253690,23
253691,0
253692,0
253693,0
253694,19
253695,0
253696,0
253697,27
253698,15
253699,0
253700,35
253701,0
253702,26
253703,29
253704,14
253705,48
253706,0
253707,0
253708,0
253709,11
253710,20
253711,0
253712,20
253713,17
253714,29
253715,24
253716,0
253717,0
253718,17
253719,18
253720,0
253721,11
253722,0
253723,0
253724,0
253725,13
253726,0
253727,0
253728,0
253729,0
253730,0
253731,0
253732,0
253733,0
253734,0
253735,0
253736,0
253737,41
253738,0
253739,18
253740,0
253741,0
253742,0
253743,23
253744,0
253745,0
253746,0
253747,29
253748,0
253749,18
253750,0
253751,32
253752,0
253753,31
253754,22
253755,0
253756,0
253757,0
253758,0
253759,0
253760,20
253761,12
253762,23
253763,0
253764,0
253765,24
253766,26
253767,0
253768,0
253769,0
253770,23
253771,0
253772,21
253773,16
253774,0
253775,0
253776,0
253777,0
253778,11
253779,0
253780,0
253781,0
253782,0
253783,0
253784,0
253785,0
253786,18
253787,0
253788,19
253789,0
253790,0
253791,18
253792,0
253793,0
253794,0
253795,0
253796,13
253797,0
253798,22
253799,0
253800,0
253801,0
253802,0
253803,0
253804,0
253805,16
253806,0
253807,0
253808,0
253809,0
253810,0
253811,0
253812,0
253813,0
253814,22
253815,17
253816,0
253817,0
253818,35
253819,24
253820,0
253821,0
253822,0
253823,0
253824,0
253825,0
253826,0
253827,0
253828,0
253829,0
253830,0
253831,26
253832,0
253833,0
253834,28
253835,0
253836,31
253837,0
253838,29
253839,0
253840,0
253841,18
253842,0
253843,0
253844,0
253845,0
253846,0
253847,8
253848,0
253849,0
253850,0
253851,0
253852,0
253853,0
253854,0
253855,0
253856,0
253857,0
253858,0
253859,8
253860,0
253861,0
253862,0
253863,0
253864,0
253865,0
253866,0
253867,0
253868,0
253869,0
253870,0
253871,0
253872,4
253873,0
253874,0
253875,0
253876,0
253877,0
253878,0
253879,0
253880,0
253881,0
253882,0
253883,1
253884,0
253885,0
253886,0
253887,0
253888,0
253889,0
253890,0
253891,0
253892,0
253893,0
253894,0
253895,0
253896,0
253897,0
253898,0
253899,0
253900,0
253901,0
253902,0
253903,0
253904,0
253905,0
253906,0
253907,0
253908,0
253909,0
253910,0
253911,0
253912,0
253913,0
253914,0
253915,6
253916,0
253917,0
253918,0
253919,0
253920,0
253921,0
253922,0
253923,8
253924,0
253925,0
253926,0
253927,0
253928,0
253929,0
253930,3
253931,0
253932,0
253933,8
253934,0
253935,0
253936,0
253937,0
253938,0
253939,0
253940,0
253941,0
253942,0
253943,5
253944,0
253945,4
253946,0
253947,0
253948,0
253949,0
253950,0
253951,0
253952,0
253953,0
253954,0
253955,0
253956,0
253957,0
253958,0
253959,0
253960,0
253961,9
253962,0
253963,0
253964,0
253965,0
253966,0
253967,0
253968,0
253969,0
253970,0
253971,0
253972,0
253973,0
253974,0
253975,0
253976,0
253977,0
253978,0
253979,0
253980,0
253981,0
253982,0
253983,0
253984,0
253985,0
253986,0
253987,0
253988,0
253989,0
253990,0
253991,0
253992,0
253993,0
253994,9
253995,0
253996,0
253997,0
253998,0
253999,0
254000,0
254001,0
254002,0
254003,0
254004,0
254005,0
254006,0
254007,0
254008,0
254009,0
254010,0
254011,0
254012,0
254013,0
254014,0
254015,0
254016,0
254017,0
254018,0
254019,0
254020,0
254021,5
254022,0
254023,0
254024,0
254025,0
254026,8
254027,0
254028,0
254029,0
254030,0
254031,0
254032,0
254033,0
254034,0
254035,0
254036,0
254037,0
254038,0
254039,0
254040,0
254041,0
254042,0
254043,0
254044,0
254045,0
254046,0
254047,0
254048,0
254049,0
254050,0
254051,0
254052,0
254053,0
254054,0
254055,0
254056,0
254057,4
254058,0
254059,0
254060,0
254061,0
254062,0
254063,0
254064,0
254065,0
254066,0
254067,0
254068,0
254069,0
254070,8
254071,0
254072,0
254073,0
254074,0
254075,3
254076,0
254077,0
254078,0
254079,0
254080,0
254081,0
254082,0
254083,0
254084,7
254085,0
254086,0
254087,0
254088,0
254089,0
254090,0
254091,0
254092,0
254093,0
254094,0
254095,0
254096,0
254097,0
254098,0
254099,0
254100,0
254101,0
254102,0
254103,0
254104,0
254105,0
254106,0
254107,0
254108,0
254109,0
254110,0
254111,0
254112,0
254113,0
254114,0
254115,0
254116,0
254117,0
254118,0
254119,0
254120,0
254121,0
254122,0
254123,0
254124,0
254125,0
254126,0
254127,0
254128,0
254129,0
254130,0
254131,0
254132,0
254133,0
254134,0
254135,0
254136,0
254137,0
254138,0
254139,0
254140,0
254141,0
254142,8
254143,0
254144,0
254145,0
254146,0
254147,0
254148,0
254149,0
254150,0
254151,0
254152,0
254153,0
254154,0
254155,0
254156,0
254157,0
254158,0
254159,0
254160,0
254161,0
254162,0
254163,0
254164,0
254165,0
254166,0
254167,6
254168,0
254169,0
254170,0
254171,0
254172,0
254173,0
254174,0
254175,0
254176,0
254177,0
254178,0
254179,0
254180,0
254181,0
254182,0
254183,0
254184,0
254185,5
254186,0
254187,0
254188,0
254189,0
254190,0
254191,0
254192,0
254193,0
254194,0
254195,0
254196,6
254197,0
254198,0
254199,0
254200,0
254201,0
254202,0
254203,0
254204,0
254205,0
254206,0
254207,0
254208,10
254209,0
254210,0
254211,0
254212,11
254213,0
254214,0
254215,0
254216,0
254217,0
254218,0
254219,10
254220,0
254221,0
254222,0
254223,0
254224,0
254225,0
254226,0
254227,0
254228,0
254229,0
254230,7
254231,0
254232,0
254233,0
254234,0
254235,7
254236,0
254237,0
254238,0
254239,0
254240,0
254241,0
254242,0
254243,0
254244,0
254245,0
254246,0
254247,0
254248,0
254249,3
254250,0
254251,0
254252,0
254253,0
254254,0
254255,0
254256,0
254257,0
254258,0
254259,0
254260,6
254261,0
254262,0
254263,0
254264,0
254265,0
254266,0
254267,6
254268,0
254269,0
254270,0
254271,0
254272,0
254273,0
254274,0
254275,0
254276,0
254277,9
254278,0
254279,0
254280,0
254281,0
254282,0
254283,0
254284,0
254285,0
254286,0
254287,0
254288,0
254289,0
254290,0
254291,0
254292,0
254293,0
254294,0
254295,0
254296,0
254297,0
254298,0
254299,0
254300,0
254301,0
254302,0
254303,0
254304,0
254305,0
254306,0
254307,0
254308,0
254309,0
254310,0
254311,0
254312,0
254313,0
254314,0
254315,0
254316,0
254317,0
254318,0
254319,0
254320,0
254321,0
254322,0
254323,0
254324,0
254325,0
254326,0
254327,0
254328,0
254329,0
254330,0
254331,0
254332,0
254333,0
254334,0
254335,0
254336,0
254337,0
254338,0
254339,0
254340,0
254341,0
254342,0
254343,0
254344,0
254345,0
254346,0
254347,0
254348,0
254349,0
254350,0
254351,0
254352,0
254353,3
254354,0
254355,0
254356,0
254357,0
254358,0
254359,0
254360,0
254361,0
254362,0
254363,0
254364,0
254365,0
254366,7
254367,0
254368,0
254369,0
254370,0
254371,0
254372,0
254373,0
254374,0
254375,0
254376,0
254377,0
254378,0
254379,0
254380,0
254381,0
254382,0
254383,0
254384,0
254385,0
254386,0
254387,0
254388,0
254389,0
254390,0
254391,0
254392,0
254393,0
254394,0
254395,0
254396,0
254397,0
254398,0
254399,0
254400,0
254401,0
254402,0
254403,0
254404,0
254405,0
254406,0
254407,0
254408,0
254409,0
254410,0
254411,0
254412,0
254413,0
254414,0
254415,0
254416,0
254417,0
254418,0
254419,0
254420,0
254421,0
254422,0
254423,0
254424,0
254425,0
254426,0
254427,0
254428,0
254429,0
254430,0
254431,0
254432,0
254433,0
254434,3
254435,0
254436,0
254437,0
254438,0
254439,8
254440,0
254441,0
254442,0
254443,0
254444,0
254445,0
254446,4
254447,0
254448,0
254449,0
254450,0
254451,0
254452,0
254453,0
254454,0
254455,0
254456,0
254457,0
254458,0
254459,0
254460,0
254461,0
254462,0
254463,0
254464,0
254465,0
254466,0
254467,0
254468,0
254469,0
254470,0
254471,0
254472,0
254473,0
254474,0
254475,0
254476,0
254477,11
254478,0
254479,0
254480,0
254481,0
254482,0
254483,0
254484,0
254485,0
254486,0
254487,0
254488,0
254489,0
254490,0
254491,4
254492,0
254493,0
254494,0
254495,0
254496,0
254497,0
254498,0
254499,0
254500,0
254501,0
254502,0
254503,0
254504,7
254505,0
254506,0
254507,0
254508,0
254509,0
254510,8
254511,0
254512,0
254513,0
254514,0
254515,0
254516,0
254517,8
254518,14
254519,0
254520,9
254521,0
254522,7
254523,0
254524,0
254525,0
254526,0
254527,0
254528,0
254529,0
254530,0
254531,0
254532,0
254533,0
254534,0
254535,0
254536,0
254537,0
254538,0
254539,0
254540,0
254541,0
254542,0
254543,0
254544,0
254545,0
254546,0
254547,0
254548,0
254549,0
254550,3
254551,0
254552,0
254553,0
254554,0
254555,0
254556,0
254557,3
254558,0
254559,32
254560,0
254561,29
254562,0
254563,0
254564,0
254565,0
254566,0
254567,0
254568,0
254569,0
254570,34
254571,0
254572,0
254573,0
254574,0
254575,28
254576,0
254577,0
254578,0
254579,0
254580,0
254581,0
254582,0
254583,0
254584,0
254585,0
254586,0
254587,34
254588,0
254589,31
254590,0
254591,0
254592,0
254593,35
254594,0
254595,28
254596,0
254597,0
254598,0
254599,0
254600,0
254601,0
254602,0
254603,41
254604,0
254605,0
254606,0
254607,0
254608,0
254609,27
254610,0
254611,0
254612,0
254613,0
254614,0
254615,0
254616,26
254617,0
254618,0
254619,0
254620,0
254621,0
254622,0
254623,0
254624,31
254625,33
254626,28
254627,26
254628,0
254629,43
254630,0
254631,34
254632,0
254633,0
254634,0
254635,0
254636,0
254637,0
254638,0
254639,0
254640,0
254641,0
254642,0
254643,20
254644,0
254645,0
254646,0
254647,0
254648,17
254649,0
254650,0
254651,0
254652,0
254653,0
254654,0
254655,0
254656,0
254657,0
254658,0
254659,0
254660,0
254661,19
254662,0
254663,17
254664,0
254665,0
254666,0
254667,0
254668,0
254669,32
254670,0
254671,0
254672,0
254673,10
254674,0
254675,0
254676,15
254677,0
254678,0
254679,0
254680,0
254681,25
254682,0
254683,0
254684,0
254685,0
254686,34
254687,0
254688,0
254689,0
254690,0
254691,0
254692,0
254693,0
254694,26
254695,0
254696,39
254697,35
254698,0
254699,0
254700,0
254701,39
254702,0
254703,0
254704,0
254705,0
254706,39
254707,32
254708,34
254709,0
254710,0
254711,34
254712,0
254713,0
254714,0
254715,15
254716,0
254717,0
254718,0
254719,31
254720,0
254721,0
254722,0
254723,0
254724,0
254725,0
254726,0
254727,0
254728,20
254729,0
254730,0
254731,29
254732,0
254733,0
254734,0
254735,0
254736,0
254737,0
254738,0
254739,0
254740,0
254741,0
254742,0
254743,0
254744,0
254745,41
254746,0
254747,0
254748,0
254749,0
254750,0
254751,0
254752,0
254753,0
254754,31
254755,36
254756,0
254757,0
254758,0
254759,0
254760,0
254761,0
254762,0
254763,0
254764,0
254765,35
254766,0
254767,0
254768,38
254769,0
254770,0
254771,24
254772,0
254773,0
254774,0
254775,0
254776,0
254777,0
254778,47
254779,0
254780,24
254781,24
254782,0
254783,0
254784,0
254785,29
254786,0
254787,0
254788,0
254789,0
254790,0
254791,0
254792,0
254793,26
254794,0
254795,0
254796,0
254797,0
254798,0
254799,0
254800,0
254801,0
254802,0
254803,0
254804,0
254805,0
254806,0
254807,0
254808,24
254809,0
254810,0
254811,0
254812,26
254813,0
254814,31
254815,0
254816,23
254817,0
254818,36
254819,0
254820,0
254821,0
254822,44
254823,0
254824,0
254825,0
254826,0
254827,30
254828,28
254829,0
254830,0
254831,0
254832,0
254833,0
254834,0
254835,0
254836,22
254837,19
254838,0
254839,27
254840,29
254841,0
254842,0
254843,0
254844,0
254845,0
254846,0
254847,0
254848,26
254849,21
254850,17
254851,32
254852,0
254853,20
254854,26
254855,0
254856,0
254857,23
254858,0
254859,0
254860,32
254861,30
254862,0
254863,27
254864,0
254865,0
254866,23
254867,31
254868,0
254869,0
254870,0
254871,0
254872,0
254873,0
254874,15
254875,0
254876,17
254877,0
254878,0
254879,23
254880,0
254881,0
254882,31
254883,0
254884,0
254885,0
254886,29
254887,0
254888,0
254889,0
254890,17
254891,13
254892,0
254893,0
254894,28
254895,17
254896,0
254897,0
254898,31
254899,22
254900,0
254901,0
254902,0
254903,0
254904,0
254905,0
254906,0
254907,22
254908,0
254909,0
254910,26
254911,0
254912,11
254913,0
254914,0
254915,29
254916,36
254917,0
254918,0
254919,17
254920,0
254921,0
254922,16
254923,27
254924,28
254925,0
254926,18
254927,0
254928,0
254929,0
254930,0
254931,23
254932,24
254933,13
254934,0
254935,41
254936,0
254937,0
254938,23
254939,0
254940,23
254941,0
254942,0
254943,18
254944,0
254945,0
254946,0
254947,20
254948,0
254949,0
254950,0
254951,25
254952,0
254953,0
254954,0
254955,23
254956,0
254957,0
254958,0
254959,27
254960,24
254961,0
254962,21
254963,31
254964,21
254965,22
254966,0
254967,0
254968,0
254969,28
254970,0
254971,0
254972,0
254973,0
254974,0
254975,23
254976,21
254977,25
254978,0
254979,0
254980,0
254981,0
254982,25
254983,0
254984,26
254985,0
254986,0
254987,17
254988,0
254989,19
254990,26
254991,0
254992,0
254993,0
254994,25
254995,21
254996,0
254997,0
254998,24
254999,0
255000,0
255001,0
255002,0
255003,24
255004,0
255005,0
255006,0
255007,22
255008,0
255009,0
255010,0
255011,0
255012,26
255013,0
255014,0
255015,0
255016,0
255017,18
255018,0
255019,28
255020,20
255021,0
255022,0
255023,0
255024,0
255025,0
255026,0
255027,40
255028,0
255029,0
255030,0
255031,0
255032,0
255033,0
255034,23
255035,22
255036,19
255037,27
255038,0
255039,19
255040,0
255041,0
255042,18
255043,0
255044,0
255045,0
255046,31
255047,21
255048,37
255049,0
255050,0
255051,0
255052,0
255053,17
255054,0
255055,0
255056,0
255057,0
255058,0
255059,25
255060,0
255061,0
255062,32
255063,0
255064,0
255065,0
255066,0
255067,0
255068,0
255069,0
255070,30
255071,0
255072,0
255073,0
255074,19
255075,0
255076,0
255077,23
255078,0
255079,0
255080,0
255081,31
255082,21
255083,0
255084,29
255085,26
255086,0
255087,18
255088,30
255089,0
255090,0
255091,0
255092,0
255093,25
255094,24
255095,0
255096,19
255097,0
255098,0
255099,0
255100,24
255101,0
255102,0
255103,0
255104,0
255105,0
255106,22
255107,0
255108,27
255109,19
255110,15
255111,35
255112,0
255113,0
255114,0
255115,34
255116,0
255117,0
255118,19
255119,0
255120,0
255121,0
255122,16
255123,0
255124,25
255125,0
255126,0
255127,0
255128,0
255129,0
255130,0
255131,0
255132,0
255133,0
255134,0
255135,14
255136,0
255137,24
255138,0
255139,0
255140,0
255141,0
255142,19
255143,0
255144,31
255145,0
255146,0
255147,32
255148,0
255149,25
255150,27
255151,0
255152,0
255153,23
255154,0
255155,0
255156,0
255157,0
255158,0
255159,0
255160,0
255161,0
255162,0
255163,20
255164,0
255165,0
255166,0
255167,34
255168,0
255169,21
255170,26
255171,0
255172,18
255173,0
255174,0
255175,0
255176,26
255177,0
255178,0
255179,0
255180,29
255181,0
255182,0
255183,20
255184,0
255185,30
255186,30
255187,0
255188,0
255189,0
255190,0
255191,14
255192,0
255193,0
255194,0
255195,0
255196,0
255197,0
255198,0
255199,0
255200,0
255201,0
255202,0
255203,0
255204,0
255205,0
255206,0
255207,36
255208,41
255209,0
255210,0
255211,0
255212,30
255213,19
255214,0
255215,16
255216,0
255217,23
255218,0
255219,20
255220,0
255221,24
255222,0
255223,25
255224,22
255225,0
255226,0
255227,22
255228,14
255229,19
255230,0
255231,0
255232,20
255233,25
255234,0
255235,0
255236,0
255237,0
255238,19
255239,0
255240,22
255241,0
255242,0
255243,0
255244,26
255245,0
255246,0
255247,18
255248,0
255249,0
255250,0
255251,20
255252,37
255253,0
255254,27
255255,22
255256,0
255257,26
255258,0
255259,0
255260,0
255261,0
255262,0
255263,0
255264,28
255265,0
255266,0
255267,0
255268,0
255269,0
255270,0
255271,0
255272,0
255273,0
255274,0
255275,0
255276,0
255277,0
255278,0
255279,0
255280,0
255281,0
255282,0
255283,0
255284,0
255285,0
255286,0
255287,21
255288,0
255289,0
255290,20
255291,20
255292,0
255293,17
255294,0
255295,0
255296,0
255297,0
255298,0
255299,0
255300,12
255301,0
255302,0
255303,21
255304,0
255305,17
255306,0
255307,0
255308,0
255309,0
255310,0
255311,0
255312,0
255313,18
255314,0
255315,0
255316,0
255317,0
255318,0
255319,0
255320,0
255321,0
255322,0
255323,0
255324,0
255325,17
255326,0
255327,17
255328,17
255329,0
255330,0
255331,0
255332,0
255333,0
255334,0
255335,0
255336,0
255337,0
255338,0
255339,0
255340,0
255341,0
255342,0
255343,0
255344,0
255345,0
255346,0
255347,0
255348,0
255349,0
255350,22
255351,0
255352,0
255353,18
255354,0
255355,0
255356,0
255357,0
255358,0
255359,0
255360,0
255361,0
255362,0
255363,0
255364,14
255365,0
255366,0
255367,18
255368,0
255369,0
255370,0
255371,24
255372,0
255373,0
255374,0
255375,10
255376,0
255377,0
255378,18
255379,0
255380,0
255381,18
255382,0
255383,0
255384,0
255385,14
255386,0
255387,0
255388,0
255389,0
255390,18
255391,0
255392,0
255393,0
255394,0
255395,0
255396,0
255397,0
255398,0
255399,0
255400,0
255401,0
255402,0
255403,0
255404,0
255405,0
255406,0
255407,0
255408,0
255409,17
255410,0
255411,0
255412,0
255413,0
255414,0
255415,0
255416,0
255417,0
255418,0
255419,0
255420,0
255421,0
255422,0
255423,0
255424,15
255425,0
255426,0
255427,0
255428,0
255429,0
255430,22
255431,0
255432,19
255433,0
255434,0
255435,0
255436,0
255437,14
255438,0
255439,0
255440,0
255441,0
255442,0
255443,0
255444,0
255445,0
255446,0
255447,0
255448,0
255449,0
255450,0
255451,0
255452,0
255453,0
255454,0
255455,0
255456,0
255457,0
255458,0
255459,0
255460,0
255461,0
255462,0
255463,0
255464,0
255465,0
255466,0
255467,0
255468,0
255469,0
255470,0
255471,0
255472,0
255473,0
255474,0
255475,0
255476,14
255477,0
255478,0
255479,0
255480,0
255481,0
255482,0
255483,0
255484,0
255485,18
255486,0
255487,0
255488,33
255489,0
255490,0
255491,0
255492,0
255493,0
255494,0
255495,0
255496,0
255497,0
255498,0
255499,0
255500,0
255501,0
255502,0
255503,13
255504,0
255505,0
255506,28
255507,27
255508,0
255509,0
255510,0
255511,0
255512,0
255513,0
255514,21
255515,0
255516,0
255517,0
255518,0
255519,0
255520,0
255521,0
255522,0
255523,0
255524,0
255525,0
255526,0
255527,0
255528,0
255529,0
255530,14
255531,0
255532,0
255533,0
255534,0
255535,0
255536,0
255537,0
255538,0
255539,17
255540,0
255541,0
255542,17
255543,0
255544,0
255545,0
255546,0
255547,0
255548,0
255549,0
255550,13
255551,0
255552,0
255553,0
255554,0
255555,0
255556,0
255557,0
255558,0
255559,0
255560,0
255561,0
255562,0
255563,0
255564,0
255565,0
255566,0
255567,0
255568,0
255569,0
255570,0
255571,0
255572,0
255573,0
255574,0
255575,0
255576,0
255577,0
255578,0
255579,0
255580,0
255581,0
255582,0
255583,0
255584,0
255585,0
255586,0
255587,0
255588,18
255589,0
255590,0
255591,0
255592,0
255593,0
255594,0
255595,9
255596,0
255597,0
255598,23
255599,0
255600,0
255601,13
255602,0
255603,18
255604,0
255605,0
255606,0
255607,0
255608,0
255609,0
255610,17
255611,0
255612,0
255613,15
255614,0
255615,0
255616,0
255617,0
255618,0
255619,0
255620,16
255621,0
255622,0
255623,0
255624,0
255625,0
255626,0
255627,0
255628,0
255629,0
255630,0
255631,16
255632,0
255633,0
255634,0
255635,0
255636,0
255637,0
255638,14
255639,0
255640,19
255641,0
255642,0
255643,0
255644,0
255645,0
255646,0
255647,0
255648,0
255649,0
255650,0
255651,0
255652,0
255653,0
255654,0
255655,0
255656,0
255657,0
255658,0
255659,0
255660,0
255661,0
255662,9
255663,0
255664,0
255665,0
255666,0
255667,14
255668,0
255669,0
255670,0
255671,0
255672,0
255673,0
255674,9
255675,0
255676,0
255677,0
255678,0
255679,0
255680,0
255681,0
255682,0
255683,0
255684,0
255685,0
255686,13
255687,0
255688,0
255689,0
255690,0
255691,0
255692,0
255693,0
255694,21
255695,0
255696,0
255697,0
255698,0
255699,0
255700,0
255701,0
255702,0
255703,0
255704,10
255705,0
255706,0
255707,17
255708,15
255709,0
255710,0
255711,0
255712,0
255713,24
255714,0
255715,0
255716,0
255717,0
255718,15
255719,0
255720,0
255721,0
255722,0
255723,13
255724,0
255725,20
255726,0
255727,0
255728,0
255729,0
255730,0
255731,0
255732,19
255733,0
255734,0
255735,0
255736,0
255737,0
255738,0
255739,0
255740,0
255741,0
255742,0
255743,0
255744,14
255745,0
255746,0
255747,0
255748,0
255749,0
255750,0
255751,0
255752,0
255753,0
255754,13
255755,0
255756,0
255757,0
255758,0
255759,0
255760,0
255761,0
255762,0
255763,0
255764,0
255765,0
255766,0
255767,0
255768,0
255769,0
255770,0
255771,0
255772,0
255773,0
255774,0
255775,0
255776,0
255777,0
255778,0
255779,0
255780,0
255781,0
255782,0
255783,0
255784,0
255785,0
255786,0
255787,22
255788,0
255789,0
255790,0
255791,0
255792,0
255793,0
255794,0
255795,0
255796,0
255797,0
255798,0
255799,0
255800,16
255801,0
255802,0
255803,0
255804,0
255805,0
255806,0
255807,0
255808,13
255809,0
255810,0
255811,0
255812,0
255813,0
255814,0
255815,0
255816,0
255817,0
255818,0
255819,0
255820,0
255821,0
255822,0
255823,0
255824,0
255825,0
255826,0
255827,0
255828,0
255829,0
255830,0
255831,0
255832,0
255833,0
255834,0
255835,0
255836,0
255837,0
255838,0
255839,0
255840,21
255841,0
255842,0
255843,0
255844,0
255845,0
255846,0
255847,0
255848,0
255849,0
255850,0
255851,0
255852,23
255853,0
255854,0
255855,22
255856,0
255857,0
255858,0
255859,0
255860,0
255861,0
255862,0
255863,0
255864,18
255865,0
255866,0
255867,0
255868,0
255869,0
255870,0
255871,0
255872,0
255873,20
255874,24
255875,0
255876,0
255877,0
255878,0
255879,0
255880,0
255881,0
255882,21
255883,0
255884,0
255885,0
255886,0
255887,8
255888,20
255889,0
255890,0
255891,0
255892,0
255893,0
255894,0
255895,0
255896,0
255897,0
255898,0
255899,0
255900,0
255901,0
255902,22
255903,0
255904,0
255905,0
255906,0
255907,0
255908,0
255909,9
255910,0
255911,0
255912,0
255913,0
255914,0
255915,0
255916,15
255917,0
255918,0
255919,0
255920,25
255921,0
255922,0
255923,0
255924,0
255925,0
255926,17
255927,0
255928,0
255929,0
255930,0
255931,0
255932,0
255933,0
255934,26
255935,13
255936,0
255937,0
255938,0
255939,0
255940,0
255941,0
255942,0
255943,0
255944,0
255945,0
255946,0
255947,0
255948,0
255949,0
255950,0
255951,0
255952,0
255953,0
255954,0
255955,0
255956,0
255957,0
255958,0
255959,0
255960,0
255961,0
255962,0
255963,22
255964,0
255965,0
255966,0
255967,25
255968,0
255969,0
255970,0
255971,0
255972,0
255973,0
255974,0
255975,0
255976,0
255977,0
255978,0
255979,0
255980,0
255981,0
255982,0
255983,0
255984,22
255985,14
255986,0
255987,22
255988,22
255989,0
255990,0
255991,0
255992,0
255993,0
255994,0
255995,23
255996,0
255997,0
255998,0
255999,0
256000,0
256001,0
256002,0
256003,0
256004,0
256005,0
256006,0
256007,0
256008,21
256009,0
256010,0
256011,0
256012,0
256013,0
256014,0
256015,0
256016,0
256017,0
256018,0
256019,0
256020,0
256021,0
256022,0
256023,0
256024,0
256025,0
256026,0
256027,0
256028,0
256029,0
256030,0
256031,0
256032,0
256033,0
256034,0
256035,0
256036,0
256037,0
256038,28
256039,0
256040,0
256041,0
256042,0
256043,0
256044,0
256045,0
256046,0
256047,0
256048,0
256049,0
256050,0
256051,0
256052,0
256053,0
256054,0
256055,0
256056,18
256057,0
256058,0
256059,0
256060,0
256061,0
256062,0
256063,0
256064,0
256065,12
256066,0
256067,0
256068,0
256069,0
256070,0
256071,24
256072,0
256073,0
256074,0
256075,0
256076,0
256077,0
256078,0
256079,0
256080,0
256081,0
256082,0
256083,0
256084,0
256085,22
256086,26
256087,0
256088,0
256089,0
256090,0
256091,0
256092,0
256093,0
256094,14
256095,0
256096,0
256097,0
256098,0
256099,0
256100,0
256101,0
256102,0
256103,0
256104,0
256105,0
256106,0
256107,17
256108,13
256109,0
256110,0
256111,0
256112,0
256113,0
256114,18
256115,0
256116,0
256117,0
256118,0
256119,0
256120,0
256121,0
256122,0
256123,0
256124,0
256125,0
256126,0
256127,0
256128,0
256129,0
256130,0
256131,0
256132,0
256133,0
256134,0
256135,0
256136,0
256137,0
256138,0
256139,0
256140,0
256141,0
256142,0
256143,0
256144,0
256145,0
256146,0
256147,0
256148,0
256149,0
256150,0
256151,0
256152,15
256153,0
256154,18
256155,0
256156,0
256157,0
256158,0
256159,0
256160,0
256161,0
256162,0
256163,0
256164,0
256165,0
256166,0
256167,0
256168,0
256169,0
256170,0
256171,0
256172,21
256173,0
256174,0
256175,0
256176,0
256177,0
256178,0
256179,0
256180,0
256181,0
256182,0
256183,0
256184,0
256185,0
256186,0
256187,0
256188,0
256189,0
256190,0
256191,0
256192,0
256193,0
256194,0
256195,0
256196,0
256197,0
256198,0
256199,13
256200,0
256201,0
256202,0
256203,0
256204,0
256205,0
256206,17
256207,0
256208,0
256209,0
256210,0
256211,0
256212,0
256213,26
256214,0
256215,0
256216,0
256217,25
256218,0
256219,16
256220,0
256221,0
256222,0
256223,0
256224,0
256225,0
256226,0
256227,20
256228,0
256229,0
256230,0
256231,18
256232,0
256233,0
256234,0
256235,0
256236,0
256237,0
256238,0
256239,0
256240,0
256241,0
256242,24
256243,16
256244,0
256245,0
256246,0
256247,0
256248,0
256249,0
256250,0
256251,0
256252,0
256253,0
256254,0
256255,0
256256,0
256257,0
256258,0
256259,0
256260,21
256261,0
256262,0
256263,0
256264,0
256265,0
256266,0
256267,0
256268,0
256269,0
256270,26
256271,0
256272,0
256273,0
256274,0
256275,0
256276,0
256277,0
256278,0
256279,0
256280,0
256281,0
256282,18
256283,0
256284,18
256285,0
256286,0
256287,0
256288,0
256289,0
256290,0
256291,0
256292,0
256293,0
256294,23
256295,0
256296,0
256297,19
256298,0
256299,0
256300,19
256301,0
256302,0
256303,0
256304,0
256305,0
256306,0
256307,0
256308,0
256309,0
256310,0
256311,0
256312,0
256313,16
256314,0
256315,16
256316,0
256317,0
256318,17
256319,0
256320,11
256321,0
256322,22
256323,0
256324,0
256325,0
256326,0
256327,0
256328,0
256329,0
256330,0
256331,0
256332,0
256333,0
256334,0
256335,0
256336,0
256337,0
256338,21
256339,0
256340,0
256341,0
256342,0
256343,0
256344,0
256345,19
256346,0
256347,32
256348,0
256349,0
256350,0
256351,0
256352,28
256353,0
256354,0
256355,24
256356,0
256357,0
256358,0
256359,0
256360,13
256361,0
256362,0
256363,0
256364,0
256365,0
256366,0
256367,28
256368,0
256369,20
256370,0
256371,0
256372,0
256373,0
256374,0
256375,0
256376,0
256377,0
256378,0
256379,0
256380,0
256381,0
256382,0
256383,0
256384,0
256385,0
256386,0
256387,11
256388,0
256389,0
256390,0
256391,0
256392,0
256393,0
256394,0
256395,0
256396,0
256397,18
256398,0
256399,0
256400,0
256401,0
256402,0
256403,0
256404,0
256405,0
256406,0
256407,0
256408,16
256409,0
256410,14
256411,0
256412,0
256413,0
256414,0
256415,0
256416,0
256417,0
256418,0
256419,0
256420,0
256421,0
256422,0
256423,0
256424,0
256425,0
256426,0
256427,0
256428,0
256429,0
256430,0
256431,0
256432,0
256433,0
256434,0
256435,0
256436,0
256437,0
256438,24
256439,0
256440,0
256441,0
256442,0
256443,0
256444,26
256445,0
256446,0
256447,27
256448,0
256449,0
256450,0
256451,0
256452,0
256453,0
256454,0
256455,19
256456,0
256457,0
256458,0
256459,0
256460,0
256461,0
256462,16
256463,0
256464,0
256465,0
256466,0
256467,0
256468,0
256469,0
256470,0
256471,0
256472,0
256473,0
256474,0
256475,0
256476,0
256477,0
256478,0
256479,0
256480,0
256481,0
256482,20
256483,0
256484,0
256485,0
256486,0
256487,0
256488,0
256489,0
256490,0
256491,0
256492,0
256493,0
256494,0
256495,0
256496,0
256497,0
256498,0
256499,0
256500,0
256501,0
256502,17
256503,0
256504,0
256505,0
256506,0
256507,0
256508,0
256509,0
256510,0
256511,0
256512,0
256513,17
256514,0
256515,0
256516,0
256517,0
256518,0
256519,0
256520,21
256521,0
256522,0
256523,0
256524,0
256525,0
256526,0
256527,0
256528,0
256529,0
256530,0
256531,0
256532,0
256533,0
256534,0
256535,0
256536,0
256537,0
256538,0
256539,0
256540,0
256541,0
256542,0
256543,0
256544,18
256545,0
256546,0
256547,0
256548,0
256549,0
256550,26
256551,0
256552,0
256553,0
256554,0
256555,0
256556,0
256557,0
256558,0
256559,0
256560,0
256561,11
256562,0
256563,0
256564,0
256565,0
256566,0
256567,19
256568,0
256569,0
256570,0
256571,0
256572,0
256573,17
256574,0
256575,0
256576,0
256577,0
256578,0
256579,0
256580,0
256581,0
256582,0
256583,0
256584,0
256585,0
256586,0
256587,0
256588,0
256589,0
256590,25
256591,0
256592,0
256593,0
256594,0
256595,0
256596,0
256597,0
256598,0
256599,0
256600,0
256601,0
256602,0
256603,0
256604,0
256605,0
256606,0
256607,0
256608,0
256609,0
256610,0
256611,0
256612,0
256613,0
256614,0
256615,15
256616,0
256617,0
256618,0
256619,0
256620,0
256621,26
256622,0
256623,0
256624,0
256625,0
256626,0
256627,0
256628,0
256629,0
256630,0
256631,0
256632,0
256633,0
256634,0
256635,0
256636,0
256637,0
256638,0
256639,0
256640,0
256641,0
256642,0
256643,0
256644,16
256645,0
256646,0
256647,0
256648,0
256649,0
256650,0
256651,0
256652,0
256653,0
256654,0
256655,0
256656,0
256657,0
256658,0
256659,0
256660,0
256661,0
256662,0
256663,0
256664,0
256665,0
256666,0
256667,0
256668,0
256669,0
256670,0
256671,0
256672,0
256673,31
256674,0
256675,0
256676,0
256677,0
256678,0
256679,17
256680,0
256681,0
256682,0
256683,0
256684,0
256685,21
256686,0
256687,0
256688,0
256689,0
256690,0
256691,0
256692,0
256693,0
256694,0
256695,0
256696,0
256697,0
256698,0
256699,0
256700,0
256701,0
256702,0
256703,18
256704,13
256705,0
256706,0
256707,0
256708,14
256709,0
256710,0
256711,0
256712,0
256713,0
256714,0
256715,0
256716,0
256717,0
256718,0
256719,0
256720,0
256721,0
256722,0
256723,0
256724,0
256725,0
256726,0
256727,0
256728,0
256729,0
256730,0
256731,0
256732,0
256733,0
256734,0
256735,0
256736,20
256737,0
256738,0
256739,22
256740,0
256741,25
256742,0
256743,0
256744,0
256745,0
256746,0
256747,0
256748,0
256749,0
256750,0
256751,0
256752,0
256753,0
256754,10
256755,17
256756,0
256757,0
256758,0
256759,0
256760,0
256761,0
256762,0
256763,0
256764,0
256765,0
256766,0
256767,0
256768,0
256769,0
256770,0
256771,0
256772,0
256773,8
256774,14
256775,0
256776,0
256777,0
256778,0
256779,0
256780,0
256781,0
256782,0
256783,0
256784,16
256785,0
256786,0
256787,0
256788,0
256789,0
256790,0
256791,31
256792,0
256793,0
256794,0
256795,0
256796,0
256797,0
256798,0
256799,0
256800,0
256801,0
256802,0
256803,0
256804,0
256805,0
256806,0
256807,0
256808,0
256809,0
256810,0
256811,0
256812,0
256813,0
256814,0
256815,0
256816,0
256817,0
256818,0
256819,19
256820,0
256821,0
256822,0
256823,0
256824,0
256825,0
256826,25
256827,0
256828,15
256829,0
256830,0
256831,0
256832,0
256833,0
256834,0
256835,16
256836,0
256837,0
256838,0
256839,0
256840,0
256841,0
256842,0
256843,0
256844,23
256845,22
256846,0
256847,13
256848,0
256849,0
256850,0
256851,0
256852,14
256853,0
256854,0
256855,0
256856,0
256857,0
256858,29
256859,0
256860,0
256861,0
256862,0
256863,0
256864,18
256865,0
256866,0
256867,0
256868,0
256869,0
256870,0
256871,12
256872,0
256873,0
256874,0
256875,0
256876,18
256877,0
256878,0
256879,0
256880,0
256881,0
256882,17
256883,15
256884,0
256885,0
256886,0
256887,0
256888,0
256889,0
256890,0
256891,0
256892,0
256893,0
256894,0
256895,0
256896,0
256897,17
256898,0
256899,0
256900,0
256901,0
256902,0
256903,19
256904,0
256905,21
256906,0
256907,0
256908,0
256909,0
256910,0
256911,0
256912,0
256913,0
256914,0
256915,13
256916,16
256917,0
256918,0
256919,0
256920,21
256921,0
256922,0
256923,0
256924,0
256925,0
256926,0
256927,0
256928,0
256929,0
256930,0
256931,0
256932,0
256933,0
256934,0
256935,0
256936,0
256937,0
256938,12
256939,0
256940,0
256941,0
256942,0
256943,0
256944,0
256945,0
256946,0
256947,0
256948,0
256949,0
256950,0
256951,0
256952,0
256953,0
256954,0
256955,0
256956,0
256957,0
256958,0
256959,0
256960,0
256961,0
256962,0
256963,0
256964,0
256965,0
256966,0
256967,0
256968,0
256969,0
256970,0
256971,0
256972,0
256973,0
256974,0
256975,0
256976,0
256977,0
256978,22
256979,0
256980,0
256981,0
256982,0
256983,0
256984,0
256985,0
256986,0
256987,0
256988,0
256989,0
256990,0
256991,0
256992,0
256993,0
256994,22
256995,23
256996,0
256997,17
256998,0
256999,0
257000,0
257001,0
257002,0
257003,0
257004,0
257005,0
257006,0
257007,29
257008,0
257009,0
257010,0
257011,0
257012,0
257013,0
257014,15
257015,23
257016,20
257017,0
257018,0
257019,0
257020,0
257021,20
257022,0
257023,0
257024,21
257025,19
257026,15
257027,0
257028,0
257029,0
257030,20
257031,0
257032,0
257033,0
257034,0
257035,21
257036,0
257037,0
257038,0
257039,23
257040,0
257041,0
257042,0
257043,0
257044,0
257045,0
257046,0
257047,0
257048,0
257049,15
257050,0
257051,0
257052,0
257053,37
257054,0
257055,0
257056,0
257057,0
257058,0
257059,0
257060,0
257061,0
257062,0
257063,0
257064,16
257065,0
257066,0
257067,0
257068,0
257069,0
257070,0
257071,0
257072,29
257073,0
257074,0
257075,0
257076,0
257077,0
257078,0
257079,0
257080,0
257081,0
257082,0
257083,0
257084,0
257085,0
257086,0
257087,0
257088,19
257089,0
257090,0
257091,0
257092,0
257093,0
257094,0
257095,0
257096,0
257097,0
257098,0
257099,0
257100,0
257101,14
257102,0
257103,0
257104,0
257105,0
257106,0
257107,0
257108,0
257109,0
257110,0
257111,0
257112,27
257113,0
257114,0
257115,28
257116,0
257117,0
257118,17
257119,0
257120,0
257121,0
257122,0
257123,0
257124,0
257125,0
257126,0
257127,0
257128,0
257129,0
257130,0
257131,46
257132,0
257133,0
257134,0
257135,0
257136,0
257137,0
257138,0
257139,0
257140,0
257141,0
257142,0
257143,0
257144,0
257145,0
257146,0
257147,0
257148,0
257149,0
257150,0
257151,31
257152,0
257153,0
257154,0
257155,0
257156,0
257157,0
257158,0
257159,0
257160,0
257161,0
257162,0
257163,0
257164,0
257165,0
257166,0
257167,0
257168,0
257169,0
257170,0
257171,0
257172,0
257173,0
257174,0
257175,0
257176,0
257177,34
257178,0
257179,0
257180,0
257181,40
257182,0
257183,0
257184,0
257185,0
257186,0
257187,0
257188,30
257189,0
257190,0
257191,0
257192,41
257193,0
257194,0
257195,0
257196,0
257197,0
257198,0
257199,0
257200,0
257201,34
257202,0
257203,0
257204,0
257205,34
257206,0
257207,0
257208,0
257209,0
257210,0
257211,0
257212,0
257213,0
257214,0
257215,0
257216,29
257217,0
257218,0
257219,0
257220,0
257221,0
257222,0
257223,0
257224,0
257225,28
257226,0
257227,0
257228,0
257229,0
257230,0
257231,0
257232,0
257233,0
257234,0
257235,0
257236,39
257237,0
257238,0
257239,40
257240,0
257241,0
257242,0
257243,0
257244,0
257245,0
257246,0
257247,0
257248,0
257249,0
257250,0
257251,0
257252,0
257253,0
257254,0
257255,0
257256,0
257257,0
257258,0
257259,0
257260,0
257261,0
257262,0
257263,0
257264,0
257265,0
257266,0
257267,0
257268,0
257269,0
257270,0
257271,0
257272,0
257273,0
257274,0
257275,39
257276,0
257277,0
257278,43
257279,0
257280,0
257281,0
257282,0
257283,0
257284,0
257285,0
257286,0
257287,0
257288,0
257289,0
257290,0
257291,0
257292,33
257293,0
257294,0
257295,0
257296,0
257297,0
257298,0
257299,0
257300,46
257301,0
257302,0
257303,0
257304,0
257305,0
257306,0
257307,0
257308,0
257309,0
257310,0
257311,0
257312,37
257313,0
257314,0
257315,0
257316,0
257317,36
257318,0
257319,0
257320,0
257321,36
257322,0
257323,0
257324,0
257325,0
257326,0
257327,0
257328,0
257329,0
257330,0
257331,0
257332,0
257333,0
257334,0
257335,37
257336,0
257337,0
257338,21
257339,0
257340,0
257341,0
257342,0
257343,0
257344,0
257345,0
257346,0
257347,0
257348,0
257349,0
257350,0
257351,0
257352,0
257353,0
257354,0
257355,0
257356,0
257357,0
257358,0
257359,0
257360,0
257361,0
257362,0
257363,0
257364,0
257365,33
257366,0
257367,0
257368,0
257369,0
257370,0
257371,0
257372,29
257373,0
257374,0
257375,0
257376,0
257377,30
257378,0
257379,0
257380,0
257381,0
257382,0
257383,0
257384,0
257385,42
257386,0
257387,0
257388,0
257389,37
257390,0
257391,0
257392,0
257393,0
257394,28
257395,0
257396,0
257397,0
257398,0
257399,0
257400,0
257401,0
257402,0
257403,0
257404,0
257405,0
257406,0
257407,0
257408,0
257409,0
257410,0
257411,0
257412,0
257413,0
257414,0
257415,0
257416,0
257417,0
257418,0
257419,0
257420,0
257421,0
257422,0
257423,28
257424,0
257425,0
257426,0
257427,0
257428,0
257429,0
257430,0
257431,0
257432,0
257433,0
257434,30
257435,0
257436,0
257437,0
257438,0
257439,0
257440,0
257441,0
257442,0
257443,0
257444,0
257445,0
257446,0
257447,0
257448,0
257449,0
257450,0
257451,0
257452,40
257453,0
257454,0
257455,0
257456,30
257457,0
257458,0
257459,0
257460,0
257461,53
257462,0
257463,0
257464,0
257465,0
257466,0
257467,0
257468,0
257469,0
257470,0
257471,0
257472,0
257473,0
257474,0
257475,0
257476,19
257477,0
257478,0
257479,0
257480,0
257481,0
257482,0
257483,0
257484,0
257485,0
257486,0
257487,0
257488,0
257489,0
257490,0
257491,0
257492,0
257493,0
257494,0
257495,0
257496,0
257497,0
257498,0
257499,0
257500,0
257501,0
257502,0
257503,0
257504,0
257505,0
257506,0
257507,0
257508,0
257509,0
257510,0
257511,0
257512,0
257513,0
257514,0
257515,0
257516,0
257517,0
257518,0
257519,0
257520,0
257521,0
257522,0
257523,0
257524,0
257525,0
257526,0
257527,0
257528,0
257529,0
257530,0
257531,0
257532,0
257533,0
257534,0
257535,0
257536,43
257537,0
257538,0
257539,0
257540,0
257541,0
257542,0
257543,0
257544,0
257545,0
257546,36
257547,0
257548,0
257549,0
257550,0
257551,0
257552,0
257553,0
257554,0
257555,0
257556,0
257557,0
257558,0
257559,37
257560,0
257561,0
257562,0
257563,0
257564,0
257565,0
257566,0
257567,0
257568,0
257569,0
257570,0
257571,0
257572,0
257573,0
257574,0
257575,0
257576,0
257577,0
257578,0
257579,0
257580,0
257581,0
257582,0
257583,0
257584,0
257585,0
257586,0
257587,0
257588,0
257589,0
257590,0
257591,0
257592,0
257593,0
257594,0
257595,0
257596,0
257597,0
257598,0
257599,0
257600,33
257601,44
257602,0
257603,0
257604,0
257605,0
257606,0
257607,0
257608,0
257609,0
257610,0
257611,0
257612,0
257613,0
257614,36
257615,0
257616,0
257617,0
257618,0
257619,0
257620,0
257621,0
257622,0
257623,0
257624,0
257625,0
257626,0
257627,0
257628,0
257629,0
257630,0
257631,0
257632,0
257633,0
257634,0
257635,0
257636,0
257637,0
257638,0
257639,26
257640,0
257641,0
257642,0
257643,0
257644,0
257645,41
257646,0
257647,0
257648,0
257649,0
257650,0
257651,36
257652,0
257653,0
257654,0
257655,0
257656,0
257657,0
257658,0
257659,0
257660,0
257661,52
257662,0
257663,0
257664,0
257665,0
257666,0
257667,0
257668,0
257669,0
257670,0
257671,0
257672,0
257673,0
257674,0
257675,0
257676,0
257677,0
257678,0
257679,0
257680,0
257681,0
257682,0
257683,0
257684,0
257685,0
257686,0
257687,0
257688,0
257689,0
257690,0
257691,0
257692,0
257693,0
257694,0
257695,0
257696,0
257697,0
257698,0
257699,0
257700,0
257701,0
257702,0
257703,0
257704,30
257705,0
257706,0
257707,0
257708,0
257709,0
257710,0
257711,0
257712,0
257713,0
257714,0
257715,0
257716,0
257717,0
257718,0
257719,0
257720,0
257721,0
257722,0
257723,0
257724,0
257725,0
257726,0
257727,0
257728,0
257729,0
257730,0
257731,0
257732,0
257733,0
257734,0
257735,0
257736,0
257737,0
257738,0
257739,0
257740,0
257741,0
257742,0
257743,0
257744,0
257745,0
257746,0
257747,0
257748,0
257749,0
257750,0
257751,0
257752,0
257753,0
257754,0
257755,0
257756,0
257757,0
257758,0
257759,0
257760,0
257761,0
257762,0
257763,0
257764,0
257765,22
257766,39
257767,0
257768,0
257769,0
257770,0
257771,0
257772,0
257773,0
257774,0
257775,0
257776,0
257777,0
257778,0
257779,0
257780,0
257781,0
257782,0
257783,0
257784,0
257785,0
257786,39
257787,0
257788,0
257789,0
257790,0
257791,0
257792,0
257793,0
257794,0
257795,0
257796,0
257797,0
257798,0
257799,0
257800,0
257801,0
257802,0
257803,0
257804,0
257805,0
257806,0
257807,0
257808,0
257809,0
257810,0
257811,0
257812,0
257813,0
257814,0
257815,0
257816,0
257817,37
257818,0
257819,0
257820,0
257821,0
257822,0
257823,0
257824,0
257825,0
257826,0
257827,0
257828,0
257829,0
257830,0
257831,0
257832,0
257833,0
257834,0
257835,0
257836,0
257837,0
257838,0
257839,32
257840,0
257841,0
257842,32
257843,0
257844,0
257845,0
257846,0
257847,0
257848,0
257849,0
257850,0
257851,0
257852,0
257853,0
257854,0
257855,0
257856,0
257857,0
257858,0
257859,0
257860,0
257861,0
257862,0
257863,0
257864,0
257865,0
257866,0
257867,0
257868,0
257869,18
257870,0
257871,0
257872,0
257873,0
257874,0
257875,0
257876,0
257877,0
257878,0
257879,0
257880,0
257881,0
257882,0
257883,0
257884,36
257885,0
257886,0
257887,0
257888,0
257889,0
257890,0
257891,0
257892,0
257893,0
257894,0
257895,0
257896,38
257897,0
257898,0
257899,0
257900,0
257901,53
257902,0
257903,0
257904,0
257905,0
257906,0
257907,0
257908,0
257909,30
257910,40
257911,0
257912,0
257913,0
257914,0
257915,0
257916,0
257917,0
257918,0
257919,0
257920,0
257921,0
257922,0
257923,0
257924,0
257925,0
257926,0
257927,0
257928,0
257929,0
257930,0
257931,0
257932,0
257933,0
257934,0
257935,0
257936,0
257937,0
257938,0
257939,0
257940,0
257941,0
257942,0
257943,0
257944,0
257945,0
257946,0
257947,0
257948,0
257949,0
257950,0
257951,0
257952,0
257953,0
257954,0
257955,0
257956,0
257957,0
257958,0
257959,0
257960,0
257961,0
257962,0
257963,0
257964,0
257965,13
257966,0
257967,0
257968,0
257969,31
257970,0
257971,0
257972,26
257973,0
257974,0
257975,0
257976,0
257977,0
257978,0
257979,0
257980,0
257981,29
257982,0
257983,0
257984,0
257985,0
257986,0
257987,0
257988,0
257989,0
257990,0
257991,0
257992,0
257993,0
257994,0
257995,0
257996,0
257997,0
257998,0
257999,0
258000,0
258001,0
258002,0
258003,0
258004,0
258005,0
258006,0
258007,0
258008,0
258009,0
258010,0
258011,0
258012,0
258013,0
258014,0
258015,20
258016,0
258017,0
258018,0
258019,0
258020,0
258021,21
258022,0
258023,0
258024,0
258025,0
258026,0
258027,0
258028,0
258029,0
258030,0
258031,0
258032,0
258033,0
258034,0
258035,0
258036,0
258037,0
258038,0
258039,0
258040,0
258041,0
258042,0
258043,0
258044,0
258045,0
258046,0
258047,0
258048,0
258049,0
258050,0
258051,0
258052,0
258053,0
258054,0
258055,0
258056,0
258057,0
258058,0
258059,0
258060,0
258061,0
258062,0
258063,0
258064,0
258065,0
258066,0
258067,0
258068,0
258069,0
258070,0
258071,0
258072,0
258073,0
258074,0
258075,0
258076,0
258077,0
258078,0
258079,0
258080,0
258081,0
258082,0
258083,0
258084,0
258085,0
258086,0
258087,0
258088,0
258089,0
258090,24
258091,0
258092,0
258093,0
258094,0
258095,0
258096,0
258097,0
258098,0
258099,0
258100,0
258101,0
258102,0
258103,0
258104,0
258105,0
258106,0
258107,0
258108,0
258109,30
258110,0
258111,0
258112,0
258113,0
258114,31
258115,0
258116,0
258117,0
258118,0
258119,0
258120,0
258121,0
258122,0
258123,0
258124,0
258125,0
258126,0
258127,17
258128,0
258129,0
258130,0
258131,26
258132,0
258133,0
258134,0
258135,0
258136,0
258137,36
258138,0
258139,0
258140,0
258141,21
258142,0
258143,0
258144,0
258145,0
258146,0
258147,0
258148,0
258149,0
258150,0
258151,0
258152,0
258153,0
258154,0
258155,0
258156,0
258157,18
258158,0
258159,0
258160,0
258161,0
258162,24
258163,0
258164,0
258165,0
258166,0
258167,0
258168,0
258169,0
258170,0
258171,25
258172,0
258173,0
258174,0
258175,0
258176,0
258177,0
258178,0
258179,41
258180,30
258181,0
258182,0
258183,0
258184,0
258185,0
258186,0
258187,0
258188,0
258189,0
258190,0
258191,0
258192,0
258193,0
258194,0
258195,0
258196,0
258197,0
258198,0
258199,25
258200,0
258201,0
258202,15
258203,0
258204,0
258205,0
258206,0
258207,0
258208,0
258209,0
258210,29
258211,0
258212,0
258213,0
258214,0
258215,0
258216,0
258217,0
258218,0
258219,0
258220,0
258221,0
258222,0
258223,0
258224,0
258225,0
258226,0
258227,0
258228,0
258229,0
258230,0
258231,29
258232,0
258233,0
258234,0
258235,24
258236,0
258237,0
258238,0
258239,0
258240,0
258241,0
258242,0
258243,0
258244,0
258245,0
258246,0
258247,0
258248,0
258249,0
258250,0
258251,0
258252,0
258253,0
258254,0
258255,0
258256,0
258257,0
258258,0
258259,0
258260,0
258261,0
258262,35
258263,0
258264,0
258265,0
258266,0
258267,0
258268,0
258269,0
258270,0
258271,0
258272,0
258273,0
258274,0
258275,0
258276,0
258277,0
258278,0
258279,0
258280,0
258281,0
258282,0
258283,27
258284,34
258285,0
258286,0
258287,0
258288,0
258289,0
258290,0
258291,0
258292,0
258293,0
258294,0
258295,0
258296,0
258297,31
258298,0
258299,0
258300,0
258301,0
258302,0
258303,0
258304,0
258305,18
258306,0
258307,0
258308,0
258309,15
258310,0
258311,0
258312,0
258313,0
258314,0
258315,0
258316,0
258317,0
258318,0
258319,0
258320,0
258321,0
258322,0
258323,31
258324,0
258325,0
258326,0
258327,0
258328,0
258329,0
258330,0
258331,0
258332,0
258333,0
258334,0
258335,0
258336,0
258337,0
258338,0
258339,27
258340,0
258341,0
258342,24
258343,0
258344,0
258345,0
258346,23
258347,0
258348,0
258349,0
258350,0
258351,0
258352,0
258353,0
258354,0
258355,0
258356,0
258357,0
258358,0
258359,0
258360,0
258361,0
258362,0
258363,0
258364,0
258365,0
258366,0
258367,0
258368,0
258369,0
258370,0
258371,0
258372,0
258373,0
258374,0
258375,0
258376,0
258377,0
258378,0
258379,0
258380,0
258381,0
258382,0
258383,0
258384,0
258385,0
258386,0
258387,0
258388,0
258389,0
258390,0
258391,0
258392,0
258393,0
258394,0
258395,0
258396,0
258397,0
258398,0
258399,0
258400,0
258401,0
258402,0
258403,0
258404,0
258405,0
258406,0
258407,27
258408,0
258409,0
258410,0
258411,0
258412,0
258413,0
258414,0
258415,0
258416,0
258417,0
258418,0
258419,22
258420,0
258421,0
258422,0
258423,0
258424,0
258425,0
258426,0
258427,0
258428,0
258429,0
258430,0
258431,0
258432,0
258433,0
258434,0
258435,0
258436,0
258437,0
258438,31
258439,0
258440,0
258441,0
258442,0
258443,0
258444,26
258445,0
258446,0
258447,0
258448,0
258449,0
258450,0
258451,0
258452,0
258453,0
258454,0
258455,0
258456,0
258457,0
258458,0
258459,0
258460,31
258461,0
258462,0
258463,27
258464,0
258465,0
258466,0
258467,0
258468,0
258469,0
258470,0
258471,0
258472,0
258473,0
258474,0
258475,0
258476,0
258477,0
258478,0
258479,0
258480,0
258481,0
258482,0
258483,0
258484,0
258485,0
258486,0
258487,0
258488,0
258489,0
258490,0
258491,0
258492,0
258493,0
258494,0
258495,18
258496,0
258497,0
258498,0
258499,0
258500,0
258501,0
258502,0
258503,0
258504,0
258505,0
258506,0
258507,0
258508,0
258509,0
258510,0
258511,0
258512,0
258513,0
258514,0
258515,0
258516,0
258517,0
258518,0
258519,0
258520,0
258521,0
258522,0
258523,0
258524,0
258525,0
258526,0
258527,0
258528,0
258529,0
258530,0
258531,0
258532,0
258533,0
258534,0
258535,0
258536,0
258537,0
258538,0
258539,0
258540,0
258541,0
258542,0
258543,0
258544,0
258545,0
258546,0
258547,0
258548,0
258549,0
258550,0
258551,0
258552,0
258553,0
258554,0
258555,0
258556,0
258557,0
258558,0
258559,0
258560,0
258561,0
258562,0
258563,0
258564,0
258565,0
258566,0
258567,0
258568,0
258569,0
258570,0
258571,0
258572,0
258573,0
258574,0
258575,0
258576,0
258577,0
258578,0
258579,0
258580,0
258581,0
258582,0
258583,0
258584,0
258585,0
258586,0
258587,0
258588,0
258589,0
258590,0
258591,0
258592,0
258593,0
258594,0
258595,0
258596,0
258597,0
258598,0
258599,0
258600,0
258601,0
258602,0
258603,0
258604,0
258605,0
258606,0
258607,0
258608,0
258609,0
258610,0
258611,0
258612,0
258613,0
258614,0
258615,0
258616,0
258617,0
258618,0
258619,0
258620,0
258621,0
258622,0
258623,0
258624,0
258625,0
258626,0
258627,0
258628,0
258629,0
258630,0
258631,0
258632,0
258633,0
258634,0
258635,0
258636,0
258637,0
258638,0
258639,0
258640,0
258641,0
258642,0
258643,0
258644,0
258645,0
258646,0
258647,0
258648,0
258649,0
258650,0
258651,0
258652,0
258653,0
258654,0
258655,0
258656,0
258657,0
258658,0
258659,0
258660,0
258661,0
258662,0
258663,0
258664,0
258665,0
258666,0
258667,0
258668,0
258669,0
258670,0
258671,0
258672,0
258673,0
258674,0
258675,0
258676,0
258677,0
258678,0
258679,0
258680,0
258681,0
258682,0
258683,0
258684,0
258685,0
258686,0
258687,0
258688,0
258689,0
258690,0
258691,0
258692,0
258693,0
258694,0
258695,0
258696,0
258697,0
258698,0
258699,0
258700,0
258701,0
258702,0
258703,0
258704,0
258705,0
258706,0
258707,0
258708,0
258709,0
258710,0
258711,0
258712,0
258713,0
258714,0
258715,0
258716,0
258717,0
258718,0
258719,0
258720,0
258721,0
258722,0
258723,0
258724,0
258725,0
258726,0
258727,0
258728,0
258729,0
258730,0
258731,0
258732,0
258733,0
258734,0
258735,0
258736,0
258737,0
258738,0
258739,0
258740,0
258741,0
258742,0
258743,0
258744,0
258745,0
258746,0
258747,0
258748,0
258749,0
258750,0
258751,0
258752,0
258753,0
258754,0
258755,0
258756,0
258757,0
258758,0
258759,0
258760,0
258761,0
258762,0
258763,0
258764,0
258765,0
258766,0
258767,0
258768,0
258769,0
258770,0
258771,0
258772,0
258773,0
258774,0
258775,0
258776,0
258777,0
258778,0
258779,0
258780,0
258781,0
258782,0
258783,0
258784,0
258785,0
258786,0
258787,0
258788,0
258789,0
258790,0
258791,0
258792,0
258793,0
258794,0
258795,0
258796,0
258797,0
258798,0
258799,0
258800,0
258801,0
258802,0
258803,0
258804,0
258805,0
258806,0
258807,0
258808,0
258809,0
258810,0
258811,0
258812,0
258813,0
258814,0
258815,0
258816,0
258817,0
258818,0
258819,0
258820,0
258821,0
258822,0
258823,0
258824,0
258825,0
258826,0
258827,0
258828,0
258829,0
258830,0
258831,0
258832,0
258833,0
258834,0
258835,0
258836,0
258837,0
258838,0
258839,0
258840,0
258841,0
258842,0
258843,0
258844,0
258845,0
258846,0
258847,0
258848,0
258849,0
258850,0
258851,0
258852,0
258853,0
258854,0
258855,0
258856,0
258857,0
258858,0
258859,0
258860,0
258861,0
258862,0
258863,0
258864,0
258865,0
258866,0
258867,0
258868,0
258869,0
258870,0
258871,0
258872,0
258873,0
258874,0
258875,0
258876,0
258877,0
258878,0
258879,0
258880,0
258881,0
258882,1
258883,0
258884,0
258885,0
258886,0
258887,0
258888,0
258889,0
258890,0
258891,0
258892,0
258893,0
258894,0
258895,0
258896,0
258897,0
258898,0
258899,0
258900,0
258901,0
258902,0
258903,0
258904,0
258905,0
258906,0
258907,0
258908,0
258909,0
258910,0
258911,0
258912,0
258913,0
258914,0
258915,0
258916,0
258917,0
258918,0
258919,0
258920,0
258921,0
258922,0
258923,0
258924,0
258925,0
258926,0
258927,0
258928,0
258929,0
258930,0
258931,0
258932,0
258933,0
258934,0
258935,0
258936,0
258937,0
258938,0
258939,0
258940,0
258941,0
258942,0
258943,0
258944,0
258945,0
258946,0
258947,0
258948,0
258949,0
258950,0
258951,0
258952,0
258953,0
258954,0
258955,0
258956,0
258957,0
258958,0
258959,0
258960,0
258961,0
258962,0
258963,0
258964,0
258965,0
258966,0
258967,0
258968,0
258969,0
258970,0
258971,0
258972,0
258973,0
258974,0
258975,0
258976,0
258977,0
258978,0
258979,0
258980,0
258981,0
258982,0
258983,0
258984,0
258985,0
258986,0
258987,0
258988,0
258989,0
258990,0
258991,0
258992,0
258993,0
258994,0
258995,0
258996,0
258997,0
258998,0
258999,0
259000,0
259001,0
259002,0
259003,0
259004,0
259005,0
259006,0
259007,0
259008,0
259009,0
259010,0
259011,0
259012,0
259013,0
259014,0
259015,0
259016,0
259017,0
259018,0
259019,0
259020,0
259021,0
259022,0
259023,0
259024,0
259025,0
259026,0
259027,0
259028,0
259029,1
259030,0
259031,0
259032,0
259033,0
259034,0
259035,0
259036,0
259037,2
259038,0
259039,0
259040,0
259041,0
259042,0
259043,0
259044,0
259045,0
259046,0
259047,0
259048,0
259049,0
259050,0
259051,0
259052,0
259053,0
259054,0
259055,0
259056,0
259057,0
259058,0
259059,0
259060,0
259061,0
259062,0
259063,0
259064,0
259065,0
259066,0
259067,0
259068,0
259069,0
259070,0
259071,0
259072,0
259073,0
259074,0
259075,0
259076,0
259077,0
259078,0
259079,0
259080,0
259081,0
259082,0
259083,0
259084,0
259085,0
259086,0
259087,0
259088,0
259089,0
259090,0
259091,0
259092,0
259093,0
259094,0
259095,0
259096,0
259097,0
259098,0
259099,0
259100,0
259101,0
259102,0
259103,0
259104,0
259105,0
259106,0
259107,0
259108,0
259109,0
259110,0
259111,0
259112,0
259113,0
259114,0
259115,0
259116,0
259117,0
259118,0
259119,0
259120,0
259121,0
259122,0
259123,0
259124,0
259125,0
259126,0
259127,0
259128,0
259129,0
259130,0
259131,0
259132,0
259133,0
259134,0
259135,0
259136,0
259137,0
259138,0
259139,0
259140,0
259141,0
259142,0
259143,0
259144,0
259145,0
259146,0
259147,0
259148,0
259149,0
259150,0
259151,6
259152,0
259153,0
259154,0
259155,0
259156,12
259157,0
259158,14
259159,0
259160,8
259161,0
259162,0
259163,0
259164,0
259165,15
259166,0
259167,12
259168,0
259169,0
259170,0
259171,11
259172,0
259173,0
259174,0
259175,0
259176,0
259177,0
259178,0
259179,0
259180,0
259181,0
259182,8
259183,0
259184,14
259185,0
259186,0
259187,0
259188,8
259189,0
259190,0
259191,0
259192,0
259193,0
259194,0
259195,0
259196,0
259197,0
259198,7
259199,13
259200,0
259201,8
259202,18
259203,0
259204,7
259205,8
259206,0
259207,0
259208,0
259209,0
259210,0
259211,0
259212,0
259213,0
259214,0
259215,0
259216,0
259217,20
259218,4
259219,0
259220,5
259221,0
259222,0
259223,0
259224,0
259225,0
259226,0
259227,0
259228,0
259229,0
259230,0
259231,0
259232,6
259233,0
259234,11
259235,0
259236,14
259237,0
259238,10
259239,0
259240,12
259241,12
259242,6
259243,0
259244,0
259245,0
259246,9
259247,10
259248,0
259249,0
259250,14
259251,7
259252,0
259253,0
259254,15
259255,0
259256,10
259257,0
259258,0
259259,10
259260,0
259261,0
259262,0
259263,12
259264,0
259265,0
259266,0
259267,13
259268,0
259269,0
259270,0
259271,0
259272,0
259273,7
259274,0
259275,0
259276,0
259277,0
259278,0
259279,7
259280,0
259281,8
259282,0
259283,0
259284,15
259285,12
259286,0
259287,0
259288,0
259289,0
259290,0
259291,0
259292,0
259293,0
259294,0
259295,0
259296,13
259297,0
259298,0
259299,0
259300,10
259301,0
259302,0
259303,0
259304,0
259305,0
259306,5
259307,0
259308,0
259309,0
259310,0
259311,0
259312,3
259313,0
259314,12
259315,13
259316,10
259317,0
259318,0
259319,0
259320,9
259321,2
259322,0
259323,0
259324,8
259325,16
259326,11
259327,0
259328,13
259329,10
259330,0
259331,0
259332,0
259333,0
259334,15
259335,0
259336,0
259337,8
259338,13
259339,0
259340,0
259341,0
259342,0
259343,0
259344,0
259345,0
259346,0
259347,9
259348,0
259349,18
259350,0
259351,12
259352,0
259353,0
259354,10
259355,0
259356,8
259357,0
259358,0
259359,0
259360,0
259361,0
259362,0
259363,6
259364,5
259365,8
259366,0
259367,0
259368,11
259369,0
259370,7
259371,0
259372,0
259373,8
259374,0
259375,0
259376,5
259377,0
259378,0
259379,0
259380,0
259381,0
259382,0
259383,0
259384,7
259385,0
259386,0
259387,0
259388,0
259389,0
259390,0
259391,13
259392,0
259393,0
259394,14
259395,0
259396,0
259397,0
259398,0
259399,8
259400,6
259401,0
259402,0
259403,0
259404,9
259405,4
259406,0
259407,0
259408,0
259409,0
259410,0
259411,0
259412,0
259413,0
259414,0
259415,0
259416,0
259417,0
259418,0
259419,0
259420,0
259421,13
259422,0
259423,17
259424,3
259425,0
259426,0
259427,0
259428,0
259429,0
259430,3
259431,0
259432,6
259433,0
259434,21
259435,0
259436,0
259437,0
259438,0
259439,0
259440,0
259441,0
259442,0
259443,0
259444,0
259445,10
259446,0
259447,23
259448,7
259449,0
259450,0
259451,0
259452,0
259453,0
259454,18
259455,0
259456,0
259457,0
259458,0
259459,0
259460,0
259461,0
259462,11
259463,0
259464,0
259465,11
259466,0
259467,14
259468,0
259469,0
259470,0
259471,20
259472,0
259473,0
259474,0
259475,0
259476,0
259477,0
259478,0
259479,0
259480,0
259481,12
259482,0
259483,0
259484,0
259485,0
259486,0
259487,11
259488,0
259489,0
259490,0
259491,0
259492,0
259493,0
259494,0
259495,0
259496,0
259497,12
259498,0
259499,0
259500,0
259501,0
259502,0
259503,0
259504,4
259505,0
259506,0
259507,0
259508,0
259509,0
259510,0
259511,0
259512,13
259513,0
259514,0
259515,0
259516,13
259517,0
259518,0
259519,7
259520,9
259521,12
259522,0
259523,0
259524,0
259525,19
259526,0
259527,0
259528,0
259529,0
259530,0
259531,12
259532,0
259533,0
259534,0
259535,0
259536,0
259537,7
259538,17
259539,0
259540,9
259541,0
259542,0
259543,0
259544,0
259545,0
259546,0
259547,0
259548,0
259549,0
259550,0
259551,0
259552,0
259553,13
259554,0
259555,0
259556,0
259557,0
259558,0
259559,0
259560,0
259561,0
259562,0
259563,15
259564,8
259565,0
259566,0
259567,0
259568,0
259569,0
259570,0
259571,0
259572,0
259573,0
259574,0
259575,0
259576,0
259577,0
259578,0
259579,0
259580,0
259581,14
259582,0
259583,0
259584,0
259585,0
259586,0
259587,0
259588,0
259589,0
259590,0
259591,0
259592,0
259593,11
259594,0
259595,0
259596,15
259597,7
259598,0
259599,0
259600,12
259601,0
259602,0
259603,7
259604,0
259605,0
259606,0
259607,0
259608,0
259609,0
259610,0
259611,0
259612,0
259613,13
259614,0
259615,0
259616,0
259617,0
259618,0
259619,0
259620,0
259621,0
259622,6
259623,0
259624,6
259625,12
259626,0
259627,0
259628,0
259629,0
259630,8
259631,0
259632,0
259633,0
259634,0
259635,12
259636,0
259637,18
259638,6
259639,0
259640,0
259641,0
259642,10
259643,18
259644,0
259645,0
259646,0
259647,0
259648,15
259649,0
259650,0
259651,0
259652,0
259653,0
259654,10
259655,0
259656,0
259657,0
259658,0
259659,0
259660,0
259661,0
259662,0
259663,7
259664,0
259665,0
259666,0
259667,0
259668,0
259669,0
259670,0
259671,0
259672,0
259673,0
259674,0
259675,0
259676,17
259677,0
259678,0
259679,15
259680,10
259681,0
259682,0
259683,6
259684,0
259685,0
259686,0
259687,0
259688,0
259689,7
259690,0
259691,0
259692,0
259693,0
259694,0
259695,0
259696,8
259697,0
259698,0
259699,0
259700,7
259701,0
259702,0
259703,0
259704,9
259705,0
259706,0
259707,10
259708,0
259709,14
259710,16
259711,0
259712,0
259713,0
259714,0
259715,6
259716,0
259717,0
259718,0
259719,0
259720,13
259721,0
259722,0
259723,0
259724,0
259725,0
259726,0
259727,0
259728,0
259729,0
259730,0
259731,9
259732,11
259733,0
259734,0
259735,0
259736,0
259737,0
259738,10
259739,0
259740,16
259741,0
259742,0
259743,0
259744,0
259745,0
259746,7
259747,11
259748,11
259749,10
259750,0
259751,0
259752,0
259753,0
259754,10
259755,15
259756,0
259757,0
259758,0
259759,0
259760,0
259761,0
259762,0
259763,0
259764,0
259765,0
259766,0
259767,0
259768,0
259769,0
259770,0
259771,0
259772,0
259773,0
259774,0
259775,0
259776,0
259777,0
259778,9
259779,0
259780,0
259781,10
259782,0
259783,0
259784,0
259785,8
259786,1
259787,0
259788,7
259789,15
259790,0
259791,0
259792,0
259793,0
259794,0
259795,0
259796,0
259797,1
259798,0
259799,0
259800,0
259801,0
259802,9
259803,13
259804,0
259805,6
259806,9
259807,24
259808,7
259809,0
259810,0
259811,0
259812,0
259813,0
259814,0
259815,11
259816,0
259817,0
259818,0
259819,14
259820,0
259821,0
259822,0
259823,0
259824,0
259825,0
259826,11
259827,0
259828,0
259829,6
259830,0
259831,28
259832,11
259833,0
259834,0
259835,0
259836,7
259837,7
259838,0
259839,0
259840,8
259841,7
259842,0
259843,0
259844,0
259845,0
259846,10
259847,0
259848,0
259849,6
259850,0
259851,3
259852,0
259853,0
259854,0
259855,17
259856,0
259857,0
259858,0
259859,12
259860,0
259861,0
259862,11
259863,26
259864,12
259865,9
259866,0
259867,0
259868,0
259869,0
259870,0
259871,7
259872,0
259873,0
259874,0
259875,0
259876,0
259877,0
259878,3
259879,0
259880,0
259881,0
259882,0
259883,0
259884,0
259885,0
259886,0
259887,0
259888,0
259889,0
259890,8
259891,11
259892,0
259893,0
259894,9
259895,18
259896,0
259897,0
259898,0
259899,0
259900,0
259901,8
259902,0
259903,0
259904,0
259905,10
259906,0
259907,7
259908,8
259909,0
259910,0
259911,0
259912,0
259913,0
259914,7
259915,0
259916,0
259917,19
259918,0
259919,0
259920,0
259921,0
259922,0
259923,0
259924,7
259925,0
259926,21
259927,0
259928,0
259929,0
259930,0
259931,10
259932,0
259933,0
259934,7
259935,5
259936,0
259937,0
259938,0
259939,0
259940,11
259941,14
259942,12
259943,0
259944,0
259945,0
259946,0
259947,0
259948,0
259949,15
259950,13
259951,0
259952,0
259953,0
259954,0
259955,0
259956,9
259957,15
259958,0
259959,0
259960,0
259961,7
259962,0
259963,0
259964,0
259965,0
259966,12
259967,9
259968,0
259969,0
259970,0
259971,0
259972,0
259973,6
259974,0
259975,0
259976,0
259977,0
259978,13
259979,0
259980,0
259981,15
259982,0
259983,0
259984,0
259985,0
259986,0
259987,0
259988,0
259989,0
259990,0
259991,17
259992,0
259993,0
259994,0
259995,17
259996,0
259997,0
259998,0
259999,0
260000,0
260001,0
260002,0
260003,0
260004,12
260005,0
260006,14
260007,16
260008,0
260009,0
260010,17
260011,0
260012,0
260013,0
260014,0
260015,0
260016,3
260017,0
260018,17
260019,9
260020,0
260021,10
260022,0
260023,27
260024,0
260025,22
260026,18
260027,0
260028,16
260029,0
260030,0
260031,0
260032,16
260033,0
260034,0
260035,0
260036,0
260037,0
260038,0
260039,17
260040,8
260041,13
260042,21
260043,25
260044,0
260045,0
260046,0
260047,0
260048,0
260049,0
260050,0
260051,14
260052,0
260053,22
260054,0
260055,0
260056,0
260057,0
260058,0
260059,0
260060,0
260061,0
260062,0
260063,0
260064,0
260065,0
260066,0
260067,0
260068,0
260069,0
260070,0
260071,0
260072,0
260073,0
260074,0
260075,0
260076,20
260077,0
260078,0
260079,12
260080,15
260081,0
260082,0
260083,0
260084,21
260085,0
260086,0
260087,0
260088,13
260089,0
260090,15
260091,14
260092,14
260093,0
260094,0
260095,0
260096,0
260097,0
260098,0
260099,0
260100,0
260101,0
260102,0
260103,0
260104,15
260105,0
260106,0
260107,10
260108,0
260109,0
260110,0
260111,0
260112,0
260113,0
260114,0
260115,0
260116,26
260117,15
260118,0
260119,0
260120,0
260121,0
260122,0
260123,0
260124,0
260125,0
260126,0
260127,0
260128,0
260129,20
260130,0
260131,0
260132,0
260133,0
260134,0
260135,16
260136,8
260137,0
260138,11
260139,29
260140,0
260141,0
260142,0
260143,0
260144,0
260145,0
260146,0
260147,0
260148,0
260149,0
260150,0
260151,20
260152,18
260153,0
260154,0
260155,0
260156,0
260157,0
260158,0
260159,19
260160,0
260161,0
260162,0
260163,0
260164,0
260165,0
260166,0
260167,0
260168,0
260169,0
260170,0
260171,0
260172,0
260173,0
260174,0
260175,0
260176,0
260177,0
260178,9
260179,0
260180,12
260181,21
260182,12
260183,0
260184,0
260185,0
260186,0
260187,0
260188,0
260189,0
260190,0
260191,0
260192,0
260193,0
260194,21
260195,0
260196,0
260197,0
260198,16
260199,0
260200,0
260201,0
260202,20
260203,0
260204,0
260205,0
260206,0
260207,0
260208,0
260209,0
260210,0
260211,0
260212,0
260213,0
260214,0
260215,25
260216,0
260217,19
260218,26
260219,0
260220,0
260221,0
260222,0
260223,0
260224,19
260225,0
260226,0
260227,0
260228,27
260229,16
260230,0
260231,0
260232,17
260233,0
260234,0
260235,0
260236,0
260237,0
260238,17
260239,19
260240,0
260241,16
260242,0
260243,11
260244,28
260245,0
260246,19
260247,0
260248,0
260249,12
260250,0
260251,0
260252,0
260253,0
260254,0
260255,0
260256,0
260257,0
260258,0
260259,18
260260,0
260261,0
260262,0
260263,0
260264,0
260265,0
260266,32
260267,0
260268,0
260269,0
260270,0
260271,0
260272,0
260273,0
260274,0
260275,0
260276,0
260277,0
260278,0
260279,0
260280,19
260281,0
260282,0
260283,0
260284,0
260285,0
260286,0
260287,0
260288,0
260289,0
260290,0
260291,0
260292,0
260293,25
260294,0
260295,0
260296,23
260297,20
260298,0
260299,0
260300,0
260301,0
260302,0
260303,0
260304,0
260305,0
260306,0
260307,0
260308,0
260309,0
260310,0
260311,0
260312,0
260313,0
260314,0
260315,0
260316,0
260317,0
260318,0
260319,0
260320,0
260321,0
260322,0
260323,0
260324,0
260325,0
260326,0
260327,0
260328,0
260329,0
260330,0
260331,0
260332,0
260333,0
260334,0
260335,0
260336,0
260337,12
260338,0
260339,0
260340,0
260341,23
260342,0
260343,0
260344,0
260345,0
260346,0
260347,0
260348,0
260349,0
260350,0
260351,0
260352,0
260353,0
260354,0
260355,0
260356,0
260357,0
260358,0
260359,0
260360,0
260361,0
260362,0
260363,15
260364,27
260365,0
260366,0
260367,0
260368,0
260369,0
260370,0
260371,0
260372,0
260373,0
260374,0
260375,0
260376,0
260377,0
260378,0
260379,0
260380,0
260381,0
260382,0
260383,0
260384,0
260385,0
260386,0
260387,0
260388,0
260389,0
260390,43
260391,0
260392,32
260393,0
260394,0
260395,0
260396,0
260397,0
260398,0
260399,0
260400,0
260401,0
260402,0
260403,0
260404,0
260405,0
260406,0
260407,0
260408,0
260409,0
260410,0
260411,0
260412,0
260413,0
260414,0
260415,0
260416,0
260417,0
260418,0
260419,0
260420,0
260421,16
260422,0
260423,0
260424,0
260425,0
260426,0
260427,0
260428,0
260429,0
260430,0
260431,0
260432,0
260433,0
260434,0
260435,0
260436,0
260437,0
260438,0
260439,0
260440,0
260441,0
260442,0
260443,0
260444,0
260445,0
260446,0
260447,0
260448,0
260449,0
260450,0
260451,0
260452,0
260453,0
260454,0
260455,0
260456,0
260457,0
260458,0
260459,0
260460,0
260461,0
260462,0
260463,27
260464,0
260465,0
260466,0
260467,0
260468,0
260469,0
260470,0
260471,0
260472,0
260473,0
260474,0
260475,0
260476,0
260477,0
260478,0
260479,0
260480,0
260481,0
260482,0
260483,0
260484,0
260485,0
260486,0
260487,0
260488,0
260489,0
260490,0
260491,0
260492,0
260493,0
260494,0
260495,26
260496,0
260497,0
260498,0
260499,0
260500,0
260501,0
260502,0
260503,0
260504,0
260505,0
260506,0
260507,0
260508,0
260509,0
260510,0
260511,0
260512,0
260513,0
260514,0
260515,26
260516,0
260517,0
260518,0
260519,18
260520,0
260521,0
260522,0
260523,0
260524,0
260525,0
260526,0
260527,0
260528,0
260529,0
260530,0
260531,0
260532,0
260533,0
260534,0
260535,0
260536,0
260537,0
260538,0
260539,18
260540,0
260541,0
260542,0
260543,0
260544,0
260545,0
260546,0
260547,25
260548,0
260549,0
260550,0
260551,0
260552,0
260553,0
260554,0
260555,0
260556,0
260557,0
260558,0
260559,0
260560,0
260561,0
260562,0
260563,0
260564,0
260565,21
260566,0
260567,0
260568,0
260569,0
260570,0
260571,0
260572,0
260573,0
260574,0
260575,0
260576,0
260577,0
260578,0
260579,0
260580,0
260581,0
260582,0
260583,0
260584,0
260585,0
260586,0
260587,0
260588,0
260589,0
260590,0
260591,0
260592,0
260593,0
260594,0
260595,0
260596,30
260597,0
260598,0
260599,0
260600,0
260601,0
260602,0
260603,0
260604,0
260605,0
260606,0
260607,0
260608,0
260609,0
260610,0
260611,0
260612,0
260613,0
260614,0
260615,0
260616,0
260617,0
260618,0
260619,0
260620,0
260621,0
260622,0
260623,0
260624,0
260625,0
260626,0
260627,0
260628,0
260629,0
260630,0
260631,0
260632,0
260633,0
260634,0
260635,0
260636,0
260637,0
260638,0
260639,0
260640,0
260641,17
260642,0
260643,0
260644,0
260645,0
260646,0
260647,22
260648,0
260649,0
260650,0
260651,0
260652,0
260653,0
260654,0
260655,0
260656,27
260657,0
260658,0
260659,0
260660,0
260661,0
260662,0
260663,0
260664,0
260665,0
260666,0
260667,0
260668,0
260669,0
260670,0
260671,0
260672,0
260673,0
260674,0
260675,0
260676,0
260677,0
260678,0
260679,26
260680,0
260681,0
260682,0
260683,0
260684,0
260685,0
260686,0
260687,0
260688,0
260689,0
260690,0
260691,0
260692,0
260693,0
260694,0
260695,0
260696,0
260697,0
260698,0
260699,0
260700,0
260701,0
260702,0
260703,0
260704,0
260705,0
260706,0
260707,0
260708,0
260709,0
260710,0
260711,0
260712,0
260713,0
260714,0
260715,0
260716,0
260717,0
260718,26
260719,0
260720,0
260721,0
260722,0
260723,0
260724,0
260725,0
260726,0
260727,0
260728,0
260729,0
260730,0
260731,0
260732,0
260733,0
260734,0
260735,0
260736,0
260737,0
260738,0
260739,0
260740,0
260741,0
260742,0
260743,0
260744,0
260745,22
260746,0
260747,0
260748,0
260749,0
260750,0
260751,0
260752,0
260753,0
260754,0
260755,0
260756,0
260757,0
260758,0
260759,0
260760,0
260761,0
260762,0
260763,0
260764,0
260765,0
260766,0
260767,0
260768,0
260769,0
260770,0
260771,0
260772,0
260773,0
260774,0
260775,0
260776,0
260777,0
260778,0
260779,0
260780,0
260781,0
260782,0
260783,0
260784,0
260785,0
260786,0
260787,0
260788,22
260789,0
260790,0
260791,0
260792,0
260793,0
260794,0
260795,0
260796,0
260797,0
260798,0
260799,0
260800,13
260801,0
260802,0
260803,0
260804,0
260805,0
260806,0
260807,0
260808,0
260809,0
260810,27
260811,0
260812,0
260813,0
260814,0
260815,0
260816,0
260817,0
260818,0
260819,0
260820,0
260821,0
260822,0
260823,35
260824,0
260825,0
260826,0
260827,0
260828,0
260829,0
260830,0
260831,0
260832,0
260833,0
260834,0
260835,0
260836,0
260837,0
260838,0
260839,0
260840,0
260841,0
260842,0
260843,0
260844,0
260845,0
260846,0
260847,0
260848,0
260849,0
260850,0
260851,0
260852,0
260853,23
260854,18
260855,0
260856,0
260857,0
260858,0
260859,0
260860,0
260861,0
260862,0
260863,0
260864,0
260865,0
260866,0
260867,0
260868,0
260869,0
260870,0
260871,0
260872,0
260873,0
260874,0
260875,0
260876,0
260877,0
260878,0
260879,0
260880,0
260881,0
260882,0
260883,0
260884,14
260885,0
260886,0
260887,0
260888,0
260889,2
260890,0
260891,0
260892,0
260893,0
260894,1
260895,3
260896,0
260897,0
260898,2
260899,0
260900,0
260901,0
260902,0
260903,0
260904,0
260905,0
260906,0
260907,2
260908,0
260909,0
260910,3
260911,0
260912,0
260913,0
260914,0
260915,2
260916,5
260917,0
260918,0
260919,0
260920,1
260921,0
260922,0
260923,1
260924,0
260925,2
260926,0
260927,0
260928,0
260929,1
260930,0
260931,0
260932,0
260933,0
260934,0
260935,0
260936,0
260937,0
260938,0
260939,0
260940,0
260941,0
260942,0
260943,0
260944,0
260945,0
260946,0
260947,0
260948,0
260949,0
260950,0
260951,1
260952,0
260953,0
260954,0
260955,0
260956,0
260957,0
260958,0
260959,5
260960,0
260961,0
260962,0
260963,0
260964,0
260965,0
260966,0
260967,0
260968,0
260969,0
260970,0
260971,0
260972,0
260973,0
260974,0
260975,0
260976,0
260977,0
260978,0
260979,0
260980,0
260981,0
260982,0
260983,0
260984,0
260985,0
260986,0
260987,0
260988,0
260989,0
260990,0
260991,0
260992,0
260993,0
260994,0
260995,0
260996,0
260997,0
260998,0
260999,0
261000,0
261001,0
261002,0
261003,0
261004,0
261005,0
261006,0
261007,0
261008,0
261009,0
261010,0
261011,0
261012,0
261013,2
261014,0
261015,0
261016,0
261017,2
261018,0
261019,0
261020,0
261021,0
261022,0
261023,0
261024,0
261025,0
261026,0
261027,2
261028,0
261029,0
261030,0
261031,0
261032,0
261033,3
261034,0
261035,0
261036,0
261037,2
261038,2
261039,3
261040,0
261041,1
261042,0
261043,0
261044,0
261045,0
261046,0
261047,0
261048,0
261049,0
261050,0
261051,0
261052,0
261053,0
261054,0
261055,3
261056,0
261057,0
261058,0
261059,0
261060,0
261061,0
261062,2
261063,0
261064,0
261065,0
261066,0
261067,0
261068,0
261069,0
261070,4
261071,0
261072,0
261073,0
261074,2
261075,3
261076,3
261077,0
261078,3
261079,0
261080,0
261081,2
261082,0
261083,0
261084,0
261085,0
261086,0
261087,3
261088,3
261089,2
261090,0
261091,3
261092,0
261093,3
261094,0
261095,3
261096,0
261097,0
261098,0
261099,0
261100,0
261101,0
261102,2
261103,1
261104,0
261105,0
261106,0
261107,0
261108,0
261109,0
261110,0
261111,0
261112,0
261113,0
261114,0
261115,2
261116,0
261117,1
261118,0
261119,0
261120,0
261121,0
261122,0
261123,0
261124,0
261125,0
261126,0
261127,3
261128,0
261129,0
261130,0
261131,0
261132,3
261133,2
261134,0
261135,0
261136,2
261137,4
261138,0
261139,6
261140,0
261141,0
261142,0
261143,0
261144,0
261145,0
261146,0
261147,0
261148,4
261149,0
261150,0
261151,0
261152,0
261153,0
261154,0
261155,0
261156,0
261157,0
261158,3
261159,0
261160,0
261161,0
261162,0
261163,0
261164,4
261165,0
261166,0
261167,0
261168,1
261169,0
261170,0
261171,0
261172,0
261173,0
261174,0
261175,0
261176,0
261177,1
261178,0
261179,0
261180,0
261181,0
261182,0
261183,0
261184,0
261185,0
261186,0
261187,0
261188,0
261189,0
261190,4
261191,0
261192,1
261193,1
261194,0
261195,0
261196,0
261197,0
261198,1
261199,1
261200,0
261201,0
261202,0
261203,0
261204,0
261205,0
261206,0
261207,0
261208,0
261209,0
261210,0
261211,0
261212,0
261213,3
261214,0
261215,0
261216,0
261217,0
261218,0
261219,0
261220,0
261221,0
261222,0
261223,0
261224,0
261225,0
261226,0
261227,4
261228,2
261229,0
261230,0
261231,0
261232,1
261233,0
261234,0
261235,2
261236,0
261237,0
261238,2
261239,0
261240,1
261241,2
261242,0
261243,0
261244,1
261245,0
261246,0
261247,0
261248,0
261249,0
261250,0
261251,0
261252,2
261253,0
261254,3
261255,0
261256,0
261257,1
261258,0
261259,0
261260,0
261261,0
261262,3
261263,0
261264,0
261265,1
261266,0
261267,0
261268,0
261269,0
261270,1
261271,5
261272,4
261273,0
261274,1
261275,0
261276,0
261277,0
261278,0
261279,0
261280,0
261281,0
261282,0
261283,0
261284,2
261285,0
261286,0
261287,0
261288,6
261289,3
261290,6
261291,3
261292,0
261293,0
261294,0
261295,0
261296,0
261297,0
261298,3
261299,0
261300,0
261301,0
261302,0
261303,0
261304,0
261305,0
261306,0
261307,0
261308,0
261309,0
261310,0
261311,0
261312,0
261313,0
261314,0
261315,4
261316,0
261317,0
261318,0
261319,0
261320,0
261321,0
261322,0
261323,0
261324,0
261325,0
261326,5
261327,0
261328,0
261329,0
261330,0
261331,0
261332,8
261333,0
261334,0
261335,0
261336,0
261337,0
261338,0
261339,2
261340,0
261341,0
261342,0
261343,3
261344,0
261345,0
261346,0
261347,0
261348,0
261349,0
261350,0
261351,6
261352,2
261353,0
261354,17
261355,0
261356,0
261357,0
261358,12
261359,0
261360,0
261361,13
261362,0
261363,0
261364,0
261365,9
261366,0
261367,0
261368,0
261369,0
261370,0
261371,0
261372,0
261373,0
261374,0
261375,0
261376,0
261377,0
261378,0
261379,0
261380,0
261381,0
261382,0
261383,0
261384,0
261385,0
261386,0
261387,0
261388,0
261389,0
261390,0
261391,0
261392,0
261393,0
261394,0
261395,0
261396,15
261397,0
261398,0
261399,0
261400,0
261401,0
261402,8
261403,0
261404,10
261405,0
261406,0
261407,0
261408,11
261409,0
261410,0
261411,20
261412,0
261413,0
261414,0
261415,0
261416,5
261417,0
261418,0
261419,0
261420,0
261421,0
261422,0
261423,0
261424,9
261425,0
261426,10
261427,0
261428,19
261429,5
261430,0
261431,0
261432,0
261433,17
261434,0
261435,0
261436,0
261437,0
261438,0
261439,0
261440,0
261441,20
261442,33
261443,0
261444,0
261445,0
261446,0
261447,0
261448,0
261449,0
261450,0
261451,0
261452,0
261453,0
261454,0
261455,0
261456,0
261457,0
261458,0
261459,10
261460,0
261461,0
261462,0
261463,0
261464,0
261465,0
261466,0
261467,0
261468,0
261469,0
261470,0
261471,0
261472,0
261473,0
261474,0
261475,17
261476,0
261477,18
261478,0
261479,0
261480,0
261481,0
261482,31
261483,0
261484,0
261485,0
261486,17
261487,0
261488,0
261489,0
261490,0
261491,0
261492,0
261493,18
261494,13
261495,0
261496,0
261497,0
261498,0
261499,0
261500,12
261501,0
261502,0
261503,0
261504,0
261505,0
261506,12
261507,0
261508,0
261509,0
261510,0
261511,0
261512,0
261513,0
261514,0
261515,0
261516,0
261517,11
261518,17
261519,18
261520,0
261521,0
261522,0
261523,0
261524,0
261525,0
261526,0
261527,0
261528,0
261529,0
261530,0
261531,15
261532,19
261533,0
261534,0
261535,0
261536,0
261537,0
261538,5
261539,0
261540,0
261541,0
261542,25
261543,0
261544,13
261545,0
261546,0
261547,16
261548,0
261549,0
261550,0
261551,0
261552,0
261553,0
261554,24
261555,0
261556,0
261557,0
261558,0
261559,0
261560,8
261561,0
261562,0
261563,0
261564,0
261565,0
261566,0
261567,0
261568,0
261569,0
261570,17
261571,0
261572,15
261573,0
261574,0
261575,0
261576,0
261577,0
261578,0
261579,0
261580,0
261581,0
261582,0
261583,0
261584,0
261585,0
261586,0
261587,11
261588,0
261589,0
261590,0
261591,0
261592,13
261593,0
261594,0
261595,13
261596,0
261597,0
261598,0
261599,0
261600,11
261601,0
261602,0
261603,20
261604,18
261605,0
261606,0
261607,0
261608,0
261609,0
261610,0
261611,0
261612,0
261613,0
261614,0
261615,16
261616,15
261617,16
261618,0
261619,21
261620,13
261621,11
261622,0
261623,0
261624,0
261625,0
261626,0
261627,0
261628,0
261629,7
261630,0
261631,0
261632,0
261633,0
261634,0
261635,0
261636,14
261637,0
261638,0
261639,0
261640,0
261641,10
261642,0
261643,0
261644,0
261645,0
261646,0
261647,0
261648,0
261649,29
261650,0
261651,0
261652,0
261653,0
261654,0
261655,0
261656,0
261657,0
261658,14
261659,22
261660,0
261661,0
261662,11
261663,0
261664,0
261665,0
261666,0
261667,0
261668,0
261669,0
261670,0
261671,0
261672,0
261673,0
261674,0
261675,6
261676,11
261677,0
261678,17
261679,0
261680,0
261681,0
261682,21
261683,0
261684,0
261685,0
261686,0
261687,0
261688,0
261689,0
261690,0
261691,0
261692,0
261693,0
261694,0
261695,0
261696,0
261697,11
261698,0
261699,0
261700,0
261701,0
261702,0
261703,0
261704,0
261705,13
261706,0
261707,0
261708,0
261709,0
261710,0
261711,0
261712,0
261713,0
261714,0
261715,0
261716,10
261717,12
261718,0
261719,0
261720,0
261721,0
261722,0
261723,0
261724,0
261725,0
261726,0
261727,0
261728,16
261729,0
261730,0
261731,0
261732,0
261733,16
261734,0
261735,0
261736,0
261737,0
261738,0
261739,0
261740,0
261741,0
261742,0
261743,0
261744,0
261745,0
261746,0
261747,0
261748,17
261749,22
261750,29
261751,0
261752,0
261753,19
261754,0
261755,0
261756,0
261757,0
261758,0
261759,0
261760,0
261761,21
261762,0
261763,0
261764,10
261765,0
261766,0
261767,28
261768,18
261769,15
261770,0
261771,16
261772,19
261773,0
261774,15
261775,0
261776,0
261777,0
261778,0
261779,0
261780,0
261781,0
261782,0
261783,0
261784,0
261785,0
261786,0
261787,19
261788,0
261789,0
261790,0
261791,12
261792,0
261793,0
261794,0
261795,0
261796,9
261797,0
261798,0
261799,17
261800,0
261801,12
261802,0
261803,13
261804,0
261805,0
261806,0
261807,0
261808,16
261809,0
261810,0
261811,0
261812,0
261813,0
261814,0
261815,0
261816,0
261817,0
261818,0
261819,0
261820,0
261821,0
261822,0
261823,0
261824,0
261825,0
261826,0
261827,0
261828,0
261829,0
261830,0
261831,15
261832,0
261833,0
261834,0
261835,0
261836,0
261837,0
261838,13
261839,0
261840,0
261841,0
261842,0
261843,20
261844,0
261845,0
261846,24
261847,10
261848,0
261849,0
261850,0
261851,0
261852,11
261853,15
261854,0
261855,0
261856,0
261857,0
261858,0
261859,0
261860,0
261861,0
261862,0
261863,0
261864,0
261865,0
261866,0
261867,0
261868,0
261869,0
261870,14
261871,0
261872,0
261873,17
261874,0
261875,0
261876,10
261877,0
261878,0
261879,0
261880,0
261881,0
261882,0
261883,12
261884,0
261885,0
261886,0
261887,13
261888,0
261889,0
261890,0
261891,0
261892,0
261893,0
261894,14
261895,0
261896,0
261897,0
261898,0
261899,14
261900,0
261901,0
261902,17
261903,10
261904,0
261905,0
261906,16
261907,0
261908,0
261909,17
261910,0
261911,0
261912,0
261913,0
261914,0
261915,0
261916,0
261917,0
261918,0
261919,0
261920,0
261921,0
261922,14
261923,17
261924,0
261925,20
261926,0
261927,27
261928,0
261929,0
261930,0
261931,0
261932,0
261933,13
261934,0
261935,0
261936,0
261937,0
261938,16
261939,0
261940,0
261941,0
261942,0
261943,9
261944,0
261945,0
261946,0
261947,0
261948,14
261949,0
261950,0
261951,0
261952,0
261953,0
261954,0
261955,0
261956,0
261957,0
261958,14
261959,22
261960,0
261961,0
261962,0
261963,0
261964,0
261965,0
261966,0
261967,0
261968,0
261969,0
261970,0
261971,0
261972,0
261973,12
261974,0
261975,0
261976,0
261977,21
261978,0
261979,0
261980,0
261981,11
261982,0
261983,21
261984,0
261985,0
261986,0
261987,19
261988,0
261989,0
261990,0
261991,14
261992,0
261993,0
261994,0
261995,16
261996,0
261997,0
261998,14
261999,11
262000,0
262001,21
262002,0
262003,17
262004,0
262005,0
262006,25
262007,0
262008,0
262009,16
262010,0
262011,14
262012,0
262013,0
262014,0
262015,0
262016,0
262017,0
262018,0
262019,0
262020,14
262021,0
262022,0
262023,0
262024,0
262025,0
262026,0
262027,0
262028,17
262029,17
262030,5
262031,0
262032,21
262033,0
262034,0
262035,0
262036,0
262037,0
262038,0
262039,0
262040,0
262041,0
262042,0
262043,0
262044,0
262045,0
262046,0
262047,0
262048,0
262049,0
262050,18
262051,0
262052,0
262053,0
262054,12
262055,0
262056,0
262057,12
262058,0
262059,15
262060,16
262061,0
262062,0
262063,0
262064,20
262065,15
262066,0
262067,18
262068,0
262069,0
262070,0
262071,0
262072,0
262073,0
262074,0
262075,0
262076,0
262077,16
262078,0
262079,0
262080,15
262081,0
262082,0
262083,0
262084,0
262085,0
262086,16
262087,12
262088,0
262089,0
262090,19
262091,14
262092,0
262093,16
262094,0
262095,9
262096,15
262097,0
262098,0
262099,0
262100,12
262101,0
262102,0
262103,0
262104,0
262105,0
262106,16
262107,0
262108,0
262109,0
262110,0
262111,0
262112,0
262113,0
262114,0
262115,15
262116,0
262117,0
262118,0
262119,0
262120,0
262121,0
262122,0
262123,0
262124,0
262125,19
262126,0
262127,0
262128,12
262129,0
262130,0
262131,0
262132,0
262133,18
262134,0
262135,0
262136,0
262137,0
262138,0
262139,0
262140,0
262141,13
262142,13
262143,18
262144,0
262145,0
262146,0
262147,0
262148,0
262149,0
262150,0
262151,16
262152,0
262153,0
262154,12
262155,0
262156,0
262157,0
262158,0
262159,15
262160,0
262161,0
262162,0
262163,19
262164,0
262165,0
262166,0
262167,0
262168,0
262169,0
262170,13
262171,0
262172,0
262173,0
262174,0
262175,0
262176,0
262177,0
262178,0
262179,0
262180,21
262181,0
262182,0
262183,0
262184,16
262185,23
262186,17
262187,0
262188,0
262189,0
262190,0
262191,0
262192,0
262193,22
262194,0
262195,0
262196,0
262197,0
262198,0
262199,0
262200,0
262201,0
262202,6
262203,0
262204,0
262205,0
262206,0
262207,0
262208,0
262209,15
262210,0
262211,0
262212,0
262213,0
262214,25
262215,15
262216,0
262217,0
262218,0
262219,0
262220,0
262221,21
262222,0
262223,0
262224,0
262225,15
262226,0
262227,0
262228,0
262229,0
262230,0
262231,0
262232,9
262233,0
262234,0
262235,0
262236,0
262237,0
262238,0
262239,0
262240,0
262241,17
262242,0
262243,13
262244,10
262245,0
262246,0
262247,0
262248,0
262249,0
262250,0
262251,0
262252,0
262253,0
262254,2
262255,0
262256,0
262257,0
262258,0
262259,0
262260,0
262261,0
262262,0
262263,0
262264,0
262265,0
262266,1
262267,0
262268,0
262269,0
262270,0
262271,0
262272,0
262273,0
262274,0
262275,0
262276,0
262277,0
262278,0
262279,0
262280,0
262281,0
262282,2
262283,0
262284,2
262285,0
262286,0
262287,0
262288,0
262289,4
262290,0
262291,0
262292,0
262293,1
262294,0
262295,0
262296,0
262297,0
262298,3
262299,0
262300,0
262301,0
262302,0
262303,0
262304,0
262305,0
262306,0
262307,0
262308,0
262309,0
262310,1
262311,2
262312,0
262313,0
262314,0
262315,2
262316,0
262317,0
262318,0
262319,0
262320,0
262321,4
262322,0
262323,0
262324,0
262325,0
262326,0
262327,3
262328,0
262329,0
262330,0
262331,0
262332,5
262333,0
262334,0
262335,0
262336,2
262337,0
262338,3
262339,0
262340,0
262341,0
262342,0
262343,0
262344,0
262345,0
262346,0
262347,0
262348,0
262349,0
262350,0
262351,0
262352,0
262353,0
262354,0
262355,5
262356,0
262357,1
262358,0
262359,0
262360,0
262361,0
262362,0
262363,1
262364,0
262365,0
262366,0
262367,0
262368,11
262369,0
262370,0
262371,0
262372,0
262373,0
262374,0
262375,0
262376,0
262377,0
262378,0
262379,36
262380,0
262381,31
262382,0
262383,27
262384,0
262385,0
262386,0
262387,0
262388,0
262389,36
262390,36
262391,0
262392,0
262393,0
262394,0
262395,0
262396,0
262397,0
262398,0
262399,0
262400,0
262401,0
262402,27
262403,0
262404,0
262405,36
262406,0
262407,36
262408,0
262409,0
262410,0
262411,0
262412,0
262413,0
262414,0
262415,0
262416,0
262417,0
262418,0
262419,0
262420,0
262421,0
262422,0
262423,0
262424,0
262425,0
262426,0
262427,0
262428,35
262429,0
262430,16
262431,27
262432,23
262433,0
262434,0
262435,0
262436,0
262437,0
262438,0
262439,0
262440,38
262441,0
262442,25
262443,0
262444,0
262445,0
262446,0
262447,40
262448,27
262449,0
262450,0
262451,0
262452,0
262453,0
262454,0
262455,0
262456,0
262457,0
262458,0
262459,0
262460,0
262461,0
262462,0
262463,0
262464,0
262465,33
262466,0
262467,0
262468,24
262469,0
262470,0
262471,0
262472,29
262473,0
262474,0
262475,0
262476,0
262477,0
262478,0
262479,0
262480,0
262481,35
262482,0
262483,0
262484,0
262485,0
262486,0
262487,30
262488,24
262489,0
262490,0
262491,0
262492,0
262493,0
262494,0
262495,0
262496,0
262497,0
262498,0
262499,0
262500,0
262501,0
262502,0
262503,0
262504,0
262505,30
262506,0
262507,37
262508,0
262509,0
262510,0
262511,43
262512,0
262513,0
262514,0
262515,0
262516,0
262517,0
262518,0
262519,0
262520,0
262521,27
262522,0
262523,35
262524,0
262525,0
262526,0
262527,34
262528,0
262529,0
262530,0
262531,0
262532,0
262533,36
262534,0
262535,43
262536,41
262537,0
262538,34
262539,0
262540,0
262541,0
262542,27
262543,0
262544,0
262545,0
262546,0
262547,0
262548,33
262549,0
262550,35
262551,0
262552,0
262553,52
262554,0
262555,0
262556,0
262557,34
262558,0
262559,0
262560,0
262561,46
262562,48
262563,0
262564,34
262565,0
262566,51
262567,0
262568,0
262569,0
262570,37
262571,0
262572,0
262573,0
262574,0
262575,0
262576,0
262577,0
262578,0
262579,0
262580,42
262581,0
262582,0
262583,26
262584,0
262585,32
262586,0
262587,0
262588,0
262589,0
262590,34
262591,0
262592,41
262593,0
262594,0
262595,49
262596,0
262597,0
262598,34
262599,0
262600,0
262601,0
262602,0
262603,31
262604,33
262605,34
262606,0
262607,0
262608,41
262609,0
262610,0
262611,0
262612,28
262613,0
262614,0
262615,0
262616,0
262617,0
262618,42
262619,0
262620,0
262621,0
262622,32
262623,0
262624,0
262625,0
262626,0
262627,0
262628,0
262629,0
262630,0
262631,0
262632,0
262633,0
262634,0
262635,0
262636,0
262637,0
262638,0
262639,0
262640,0
262641,0
262642,0
262643,0
262644,0
262645,0
262646,0
262647,0
262648,0
262649,0
262650,0
262651,0
262652,0
262653,0
262654,0
262655,0
262656,0
262657,0
262658,29
262659,0
262660,44
262661,0
262662,0
262663,0
262664,0
262665,0
262666,0
262667,0
262668,0
262669,0
262670,0
262671,0
262672,0
262673,0
262674,0
262675,0
262676,0
262677,0
262678,0
262679,0
262680,0
262681,0
262682,0
262683,0
262684,0
262685,43
262686,0
262687,0
262688,0
262689,0
262690,37
262691,21
262692,0
262693,0
262694,0
262695,0
262696,0
262697,0
262698,0
262699,0
262700,33
262701,0
262702,0
262703,0
262704,0
262705,0
262706,0
262707,0
262708,0
262709,0
262710,0
262711,35
262712,0
262713,0
262714,0
262715,0
262716,0
262717,0
262718,0
262719,0
262720,0
262721,0
262722,0
262723,36
262724,0
262725,0
262726,0
262727,0
262728,0
262729,0
262730,0
262731,0
262732,0
262733,0
262734,0
262735,0
262736,0
262737,40
262738,0
262739,0
262740,0
262741,0
262742,0
262743,0
262744,41
262745,0
262746,0
262747,30
262748,0
262749,0
262750,0
262751,0
262752,22
262753,0
262754,0
262755,0
262756,0
262757,0
262758,0
262759,0
262760,0
262761,0
262762,0
262763,0
262764,0
262765,0
262766,0
262767,0
262768,0
262769,0
262770,0
262771,0
262772,0
262773,0
262774,0
262775,0
262776,0
262777,0
262778,0
262779,0
262780,0
262781,0
262782,0
262783,24
262784,0
262785,0
262786,0
262787,0
262788,0
262789,0
262790,0
262791,0
262792,0
262793,0
262794,0
262795,0
262796,35
262797,0
262798,41
262799,0
262800,0
262801,0
262802,30
262803,0
262804,0
262805,0
262806,0
262807,0
262808,0
262809,0
262810,39
262811,0
262812,0
262813,0
262814,0
262815,0
262816,0
262817,0
262818,0
262819,0
262820,0
262821,28
262822,38
262823,0
262824,0
262825,0
262826,0
262827,4
262828,5
262829,0
262830,0
262831,0
262832,5
262833,0
262834,0
262835,0
262836,9
262837,7
262838,0
262839,0
262840,0
262841,3
262842,0
262843,0
262844,0
262845,0
262846,0
262847,5
262848,0
262849,0
262850,0
262851,4
262852,7
262853,0
262854,0
262855,0
262856,6
262857,4
262858,0
262859,0
262860,3
262861,0
262862,9
262863,0
262864,0
262865,0
262866,0
262867,3
262868,0
262869,5
262870,0
262871,0
262872,0
262873,0
262874,0
262875,3
262876,0
262877,0
262878,0
262879,0
262880,0
262881,0
262882,0
262883,0
262884,6
262885,0
262886,0
262887,0
262888,0
262889,0
262890,0
262891,0
262892,0
262893,0
262894,8
262895,0
262896,0
262897,6
262898,0
262899,0
262900,0
262901,0
262902,0
262903,5
262904,0
262905,0
262906,0
262907,0
262908,8
262909,4
262910,0
262911,4
262912,3
262913,3
262914,0
262915,0
262916,4
262917,0
262918,11
262919,0
262920,0
262921,8
262922,8
262923,0
262924,0
262925,0
262926,5
262927,0
262928,0
262929,4
262930,4
262931,3
262932,4
262933,0
262934,0
262935,0
262936,0
262937,0
262938,0
262939,4
262940,0
262941,0
262942,0
262943,9
262944,0
262945,0
262946,0
262947,0
262948,0
262949,0
262950,8
262951,9
262952,0
262953,4
262954,0
262955,7
262956,0
262957,9
262958,0
262959,0
262960,0
262961,0
262962,0
262963,5
262964,0
262965,0
262966,0
262967,4
262968,0
262969,0
262970,0
262971,0
262972,0
262973,0
262974,0
262975,2
262976,0
262977,0
262978,0
262979,0
262980,0
262981,0
262982,4
262983,0
262984,0
262985,3
262986,0
262987,0
262988,0
262989,0
262990,0
262991,0
262992,3
262993,0
262994,0
262995,0
262996,0
262997,0
262998,0
262999,0
263000,0
263001,6
263002,0
263003,7
263004,0
263005,0
263006,6
263007,0
263008,2
263009,0
263010,0
263011,0
263012,8
263013,0
263014,7
263015,0
263016,0
263017,0
263018,0
263019,6
263020,7
263021,0
263022,0
263023,2
263024,7
263025,0
263026,0
263027,12
263028,2
263029,0
263030,0
263031,6
263032,0
263033,0
263034,0
263035,5
263036,9
263037,0
263038,0
263039,0
263040,0
263041,0
263042,0
263043,0
263044,0
263045,0
263046,0
263047,6
263048,0
263049,0
263050,0
263051,5
263052,0
263053,0
263054,0
263055,2
263056,0
263057,6
263058,0
263059,8
263060,0
263061,6
263062,0
263063,5
263064,6
263065,0
263066,0
263067,9
263068,0
263069,0
263070,0
263071,9
263072,0
263073,7
263074,7
263075,11
263076,0
263077,0
263078,0
263079,7
263080,2
263081,0
263082,0
263083,8
263084,0
263085,8
263086,0
263087,5
263088,0
263089,0
263090,0
263091,4
263092,0
263093,3
263094,0
263095,3
263096,4
263097,0
263098,0
263099,0
263100,4
263101,0
263102,0
263103,0
263104,0
263105,5
263106,0
263107,7
263108,3
263109,10
263110,3
263111,0
263112,0
263113,0
263114,0
263115,6
263116,0
263117,0
263118,0
263119,0
263120,0
263121,8
263122,0
263123,0
263124,5
263125,0
263126,7
263127,0
263128,0
263129,0
263130,8
263131,0
263132,0
263133,7
263134,4
263135,2
263136,0
263137,3
263138,0
263139,6
263140,0
263141,0
263142,0
263143,0
263144,0
263145,0
263146,4
263147,0
263148,0
263149,0
263150,0
263151,2
263152,7
263153,0
263154,8
263155,0
263156,0
263157,4
263158,0
263159,0
263160,0
263161,7
263162,6
263163,5
263164,0
263165,0
263166,0
263167,0
263168,8
263169,0
263170,0
263171,4
263172,5
263173,0
263174,0
263175,0
263176,0
263177,0
263178,0
263179,0
263180,0
263181,0
263182,4
263183,0
263184,0
263185,3
263186,4
263187,0
263188,0
263189,0
263190,0
263191,0
263192,0
263193,0
263194,0
263195,0
263196,0
263197,0
263198,7
263199,0
263200,0
263201,0
263202,8
263203,4
263204,0
263205,0
263206,0
263207,1
263208,3
263209,5
263210,0
263211,6
263212,8
263213,0
263214,0
263215,0
263216,0
263217,2
263218,0
263219,0
263220,0
263221,0
263222,0
263223,4
263224,5
263225,0
263226,5
263227,0
263228,0
263229,5
263230,0
263231,0
263232,5
263233,0
263234,0
263235,0
263236,7
263237,0
263238,0
263239,0
263240,0
263241,5
263242,0
263243,0
263244,0
263245,7
263246,0
263247,0
263248,0
263249,0
263250,0
263251,0
263252,0
263253,0
263254,0
263255,0
263256,7
263257,0
263258,0
263259,2
263260,0
263261,0
263262,0
263263,0
263264,3
263265,0
263266,7
263267,0
263268,4
263269,0
263270,13
263271,0
263272,0
263273,0
263274,0
263275,0
263276,0
263277,6
263278,7
263279,0
263280,0
263281,0
263282,8
263283,0
263284,0
263285,5
263286,0
263287,0
263288,5
263289,0
263290,0
263291,6
263292,0
263293,3
263294,6
263295,0
263296,0
263297,9
263298,6
263299,0
263300,0
263301,0
263302,0
263303,4
263304,0
263305,0
263306,0
263307,0
263308,0
263309,0
263310,0
263311,0
263312,0
263313,0
263314,0
263315,0
263316,0
263317,0
263318,5
263319,0
263320,0
263321,0
263322,0
263323,0
263324,0
263325,6
263326,0
263327,8
263328,7
263329,0
263330,0
263331,8
263332,0
263333,0
263334,0
263335,0
263336,5
263337,2
263338,0
263339,0
263340,0
263341,0
263342,0
263343,3
263344,0
263345,2
263346,0
263347,5
263348,0
263349,0
263350,2
263351,8
263352,0
263353,0
263354,0
263355,0
263356,3
263357,0
263358,9
263359,0
263360,5
263361,0
263362,0
263363,0
263364,0
263365,0
263366,6
263367,8
263368,0
263369,0
263370,0
263371,5
263372,3
263373,0
263374,6
263375,0
263376,5
263377,1
263378,0
263379,5
263380,0
263381,0
263382,0
263383,0
263384,0
263385,0
263386,3
263387,0
263388,0
263389,0
263390,0
263391,2
263392,0
263393,5
263394,5
263395,0
263396,0
263397,6
263398,5
263399,0
263400,10
263401,0
263402,0
263403,0
263404,10
263405,0
263406,7
263407,0
263408,0
263409,0
263410,7
263411,6
263412,0
263413,0
263414,0
263415,0
263416,0
263417,0
263418,0
263419,5
263420,0
263421,0
263422,0
263423,4
263424,8
263425,0
263426,0
263427,0
263428,0
263429,0
263430,0
263431,3
263432,7
263433,0
263434,0
263435,0
263436,0
263437,3
263438,0
263439,4
263440,6
263441,0
263442,9
263443,0
263444,0
263445,0
263446,0
263447,8
263448,0
263449,0
263450,0
263451,0
263452,0
263453,0
263454,0
263455,0
263456,5
263457,0
263458,0
263459,0
263460,0
263461,0
263462,4
263463,0
263464,1
263465,3
263466,0
263467,0
263468,0
263469,0
263470,0
263471,4
263472,0
263473,0
263474,3
263475,0
263476,0
263477,7
263478,0
263479,0
263480,0
263481,0
263482,0
263483,0
263484,0
263485,0
263486,0
263487,0
263488,0
263489,5
263490,0
263491,3
263492,0
263493,0
263494,3
263495,0
263496,0
263497,0
263498,10
263499,0
263500,0
263501,0
263502,0
263503,7
263504,0
263505,0
263506,0
263507,0
263508,0
263509,0
263510,0
263511,0
263512,0
263513,2
263514,0
263515,0
263516,0
263517,6
263518,0
263519,6
263520,6
263521,0
263522,0
263523,0
263524,0
263525,0
263526,5
263527,3
263528,5
263529,4
263530,0
263531,5
263532,0
263533,0
263534,0
263535,0
263536,0
263537,0
263538,0
263539,0
263540,5
263541,0
263542,0
263543,0
263544,6
263545,0
263546,0
263547,11
263548,0
263549,7
263550,0
263551,6
263552,10
263553,0
263554,5
263555,8
263556,0
263557,0
263558,6
263559,0
263560,0
263561,0
263562,6
263563,0
263564,0
263565,0
263566,0
263567,4
263568,0
263569,0
263570,6
263571,0
263572,0
263573,0
263574,8
263575,6
263576,0
263577,0
263578,0
263579,10
263580,8
263581,6
263582,0
263583,0
263584,0
263585,0
263586,0
263587,0
263588,0
263589,3
263590,0
263591,0
263592,7
263593,0
263594,0
263595,0
263596,0
263597,0
263598,0
263599,3
263600,0
263601,2
263602,0
263603,4
263604,11
263605,0
263606,6
263607,0
263608,6
263609,0
263610,0
263611,0
263612,4
263613,0
263614,0
263615,7
263616,0
263617,4
263618,0
263619,0
263620,0
263621,6
263622,9
263623,0
263624,0
263625,0
263626,0
263627,7
263628,0
263629,0
263630,10
263631,8
263632,0
263633,10
263634,0
263635,0
263636,0
263637,0
263638,1
263639,7
263640,0
263641,0
263642,0
263643,0
263644,0
263645,1
263646,3
263647,0
263648,0
263649,6
263650,0
263651,0
263652,0
263653,0
263654,0
263655,0
263656,0
263657,0
263658,9
263659,0
263660,0
263661,0
263662,0
263663,0
263664,0
263665,0
263666,0
263667,0
263668,23
263669,0
263670,0
263671,0
263672,14
263673,25
263674,0
263675,29
263676,0
263677,0
263678,0
263679,0
263680,0
263681,0
263682,0
263683,0
263684,0
263685,26
263686,0
263687,0
263688,0
263689,0
263690,0
263691,0
263692,0
263693,0
263694,25
263695,0
263696,0
263697,0
263698,0
263699,0
263700,29
263701,17
263702,0
263703,23
263704,28
263705,19
263706,0
263707,0
263708,24
263709,0
263710,40
263711,0
263712,0
263713,0
263714,22
263715,0
263716,0
263717,0
263718,0
263719,0
263720,17
263721,0
263722,0
263723,0
263724,10
263725,26
263726,0
263727,16
263728,0
263729,0
263730,0
263731,0
263732,0
263733,28
263734,0
263735,0
263736,13
263737,0
263738,0
263739,22
263740,21
263741,0
263742,13
263743,0
263744,25
263745,0
263746,0
263747,28
263748,0
263749,20
263750,0
263751,20
263752,0
263753,0
263754,0
263755,0
263756,21
263757,0
263758,0
263759,0
263760,27
263761,18
263762,15
263763,30
263764,0
263765,0
263766,0
263767,13
263768,0
263769,0
263770,27
263771,18
263772,0
263773,0
263774,11
263775,0
263776,0
263777,0
263778,0
263779,0
263780,0
263781,0
263782,0
263783,0
263784,0
263785,0
263786,7
263787,0
263788,0
263789,0
263790,0
263791,0
263792,0
263793,0
263794,0
263795,13
263796,0
263797,0
263798,0
263799,19
263800,0
263801,13
263802,0
263803,0
263804,0
263805,0
263806,0
263807,0
263808,0
263809,0
263810,0
263811,0
263812,0
263813,0
263814,28
263815,0
263816,0
263817,0
263818,0
263819,0
263820,0
263821,0
263822,0
263823,0
263824,0
263825,0
263826,0
263827,0
263828,12
263829,0
263830,0
263831,0
263832,0
263833,0
263834,0
263835,12
263836,0
263837,20
263838,0
263839,0
263840,0
263841,0
263842,0
263843,0
263844,0
263845,25
263846,22
263847,0
263848,0
263849,0
263850,0
263851,0
263852,0
263853,0
263854,24
263855,0
263856,0
263857,0
263858,0
263859,0
263860,32
263861,0
263862,0
263863,0
263864,0
263865,0
263866,15
263867,0
263868,0
263869,29
263870,0
263871,0
263872,0
263873,0
263874,24
263875,0
263876,12
263877,16
263878,0
263879,0
263880,0
263881,0
263882,0
263883,0
263884,0
263885,0
263886,0
263887,0
263888,22
263889,0
263890,0
263891,0
263892,19
263893,0
263894,0
263895,22
263896,0
263897,0
263898,0
263899,24
263900,0
263901,0
263902,0
263903,16
263904,0
263905,15
263906,25
263907,18
263908,0
263909,0
263910,19
263911,0
263912,20
263913,0
263914,0
263915,14
263916,0
263917,0
263918,0
263919,25
263920,0
263921,16
263922,0
263923,0
263924,0
263925,0
263926,0
263927,0
263928,0
263929,0
263930,0
263931,0
263932,0
263933,0
263934,0
263935,0
263936,0
263937,20
263938,24
263939,0
263940,0
263941,0
263942,0
263943,0
263944,0
263945,13
263946,0
263947,17
263948,0
263949,0
263950,0
263951,0
263952,0
263953,24
263954,26
263955,14
263956,0
263957,0
263958,0
263959,0
263960,10
263961,0
263962,0
263963,0
263964,18
263965,0
263966,0
263967,0
263968,0
263969,0
263970,29
263971,19
263972,0
263973,0
263974,14
263975,0
263976,0
263977,0
263978,22
263979,0
263980,0
263981,11
263982,0
263983,38
263984,0
263985,0
263986,0
263987,0
263988,0
263989,0
263990,0
263991,0
263992,0
263993,0
263994,0
263995,0
263996,0
263997,0
263998,0
263999,0
264000,20
264001,0
264002,0
264003,0
264004,0
264005,0
264006,0
264007,0
264008,23
264009,0
264010,0
264011,30
264012,13
264013,30
264014,0
264015,0
264016,0
264017,0
264018,0
264019,0
264020,0
264021,21
264022,27
264023,0
264024,15
264025,0
264026,19
264027,24
264028,0
264029,0
264030,0
264031,0
264032,22
264033,0
264034,23
264035,0
264036,0
264037,17
264038,0
264039,0
264040,0
264041,0
264042,0
264043,0
264044,0
264045,0
264046,0
264047,13
264048,0
264049,11
264050,0
264051,0
264052,0
264053,0
264054,0
264055,14
264056,0
264057,0
264058,0
264059,25
264060,16
264061,23
264062,0
264063,0
264064,0
264065,0
264066,0
264067,0
264068,0
264069,19
264070,0
264071,0
264072,0
264073,0
264074,28
264075,0
264076,0
264077,0
264078,0
264079,0
264080,0
264081,0
264082,0
264083,0
264084,0
264085,0
264086,0
264087,0
264088,28
264089,0
264090,0
264091,0
264092,0
264093,28
264094,0
264095,0
264096,20
264097,36
264098,0
264099,0
264100,0
264101,0
264102,0
264103,0
264104,0
264105,23
264106,0
264107,0
264108,0
264109,0
264110,0
264111,0
264112,0
264113,0
264114,0
264115,0
264116,0
264117,21
264118,13
264119,12
264120,0
264121,0
264122,0
264123,0
264124,21
264125,14
264126,0
264127,0
264128,0
264129,35
264130,0
264131,0
264132,0
264133,26
264134,0
264135,0
264136,0
264137,14
264138,0
264139,39
264140,0
264141,0
264142,0
264143,0
264144,17
264145,0
264146,0
264147,0
264148,0
264149,0
264150,29
264151,25
264152,0
264153,0
264154,0
264155,0
264156,20
264157,0
264158,0
264159,22
264160,12
264161,22
264162,21
264163,0
264164,0
264165,23
264166,19
264167,0
264168,0
264169,21
264170,20
264171,13
264172,0
264173,0
264174,18
264175,0
264176,0
264177,0
264178,38
264179,0
264180,0
264181,16
264182,0
264183,16
264184,0
264185,0
264186,20
264187,0
264188,0
264189,0
264190,25
264191,0
264192,32
264193,0
264194,0
264195,0
264196,0
264197,0
264198,0
264199,0
264200,0
264201,0
264202,15
264203,0
264204,0
264205,0
264206,10
264207,25
264208,0
264209,0
264210,0
264211,0
264212,21
264213,10
264214,0
264215,0
264216,0
264217,0
264218,0
264219,0
264220,0
264221,0
264222,0
264223,43
264224,0
264225,0
264226,0
264227,36
264228,40
264229,0
264230,0
264231,42
264232,0
264233,0
264234,0
264235,0
264236,0
264237,0
264238,0
264239,0
264240,0
264241,0
264242,0
264243,0
264244,0
264245,0
264246,33
264247,0
264248,0
264249,0
264250,0
264251,0
264252,0
264253,0
264254,0
264255,0
264256,0
264257,0
264258,0
264259,38
264260,0
264261,0
264262,0
264263,0
264264,0
264265,0
264266,0
264267,0
264268,0
264269,0
264270,0
264271,0
264272,0
264273,0
264274,0
264275,0
264276,48
264277,40
264278,0
264279,0
264280,0
264281,0
264282,0
264283,19
264284,0
264285,0
264286,0
264287,0
264288,0
264289,20
264290,31
264291,0
264292,0
264293,0
264294,0
264295,0
264296,0
264297,0
264298,0
264299,0
264300,0
264301,26
264302,0
264303,0
264304,0
264305,18
264306,20
264307,0
264308,0
264309,0
264310,27
264311,0
264312,0
264313,0
264314,0
264315,0
264316,0
264317,0
264318,0
264319,0
264320,23
264321,0
264322,0
264323,0
264324,24
264325,0
264326,0
264327,24
264328,0
264329,0
264330,0
264331,0
264332,0
264333,0
264334,0
264335,18
264336,0
264337,23
264338,0
264339,0
264340,0
264341,0
264342,0
264343,0
264344,0
264345,26
264346,0
264347,0
264348,0
264349,34
264350,0
264351,0
264352,0
264353,0
264354,0
264355,20
264356,0
264357,0
264358,0
264359,28
264360,0
264361,0
264362,29
264363,0
264364,0
264365,20
264366,0
264367,0
264368,0
264369,0
264370,0
264371,0
264372,0
264373,0
264374,24
264375,0
264376,0
264377,0
264378,0
264379,0
264380,0
264381,21
264382,0
264383,0
264384,17
264385,0
264386,0
264387,0
264388,0
264389,0
264390,0
264391,0
264392,0
264393,0
264394,28
264395,0
264396,0
264397,0
264398,22
264399,0
264400,0
264401,0
264402,0
264403,20
264404,0
264405,0
264406,0
264407,0
264408,0
264409,0
264410,0
264411,0
264412,0
264413,0
264414,0
264415,0
264416,0
264417,17
264418,0
264419,19
264420,0
264421,0
264422,0
264423,0
264424,19
264425,34
264426,0
264427,0
264428,0
264429,0
264430,0
264431,20
264432,0
264433,0
264434,15
264435,23
264436,0
264437,0
264438,0
264439,0
264440,16
264441,0
264442,0
264443,21
264444,0
264445,0
264446,0
264447,26
264448,0
264449,0
264450,0
264451,29
264452,0
264453,0
264454,0
264455,0
264456,0
264457,0
264458,19
264459,0
264460,0
264461,0
264462,0
264463,0
264464,0
264465,0
264466,0
264467,0
264468,0
264469,21
264470,0
264471,0
264472,0
264473,0
264474,0
264475,25
264476,0
264477,24
264478,0
264479,0
264480,0
264481,0
264482,23
264483,0
264484,0
264485,0
264486,0
264487,0
264488,0
264489,18
264490,12
264491,0
264492,0
264493,0
264494,0
264495,27
264496,0
264497,0
264498,0
264499,0
264500,0
264501,15
264502,0
264503,28
264504,0
264505,0
264506,0
264507,0
264508,0
264509,32
264510,0
264511,0
264512,0
264513,27
264514,0
264515,0
264516,0
264517,0
264518,22
264519,0
264520,0
264521,0
264522,0
264523,0
264524,0
264525,0
264526,0
264527,0
264528,0
264529,0
264530,25
264531,0
264532,0
264533,0
264534,0
264535,0
264536,27
264537,37
264538,23
264539,0
264540,0
264541,0
264542,0
264543,0
264544,0
264545,0
264546,0
264547,0
264548,0
264549,28
264550,0
264551,0
264552,0
264553,0
264554,17
264555,0
264556,20
264557,0
264558,0
264559,0
264560,0
264561,0
264562,0
264563,0
264564,0
264565,0
264566,0
264567,0
264568,24
264569,0
264570,19
264571,37
264572,0
264573,0
264574,0
264575,0
264576,0
264577,0
264578,28
264579,21
264580,0
264581,0
264582,14
264583,0
264584,24
264585,0
264586,27
264587,0
264588,0
264589,0
264590,0
264591,0
264592,31
264593,0
264594,0
264595,0
264596,0
264597,0
264598,29
264599,0
264600,0
264601,20
264602,0
264603,0
264604,34
264605,0
264606,0
264607,0
264608,0
264609,0
264610,26
264611,0
264612,16
264613,0
264614,0
264615,0
264616,0
264617,0
264618,0
264619,0
264620,0
264621,0
264622,0
264623,21
264624,0
264625,0
264626,0
264627,0
264628,0
264629,0
264630,0
264631,0
264632,0
264633,0
264634,0
264635,0
264636,18
264637,19
264638,0
264639,0
264640,0
264641,22
264642,0
264643,0
264644,26
264645,0
264646,0
264647,46
264648,0
264649,0
264650,0
264651,0
264652,0
264653,0
264654,0
264655,17
264656,0
264657,0
264658,0
264659,0
264660,0
264661,0
264662,0
264663,0
264664,0
264665,0
264666,0
264667,22
264668,18
264669,0
264670,17
264671,30
264672,0
264673,0
264674,0
264675,0
264676,0
264677,0
264678,0
264679,0
264680,34
264681,0
264682,0
264683,0
264684,0
264685,0
264686,0
264687,0
264688,33
264689,0
264690,0
264691,0
264692,0
264693,23
264694,0
264695,0
264696,0
264697,30
264698,0
264699,0
264700,0
264701,0
264702,0
264703,0
264704,0
264705,0
264706,0
264707,0
264708,0
264709,0
264710,29
264711,0
264712,0
264713,0
264714,28
264715,0
264716,0
264717,0
264718,0
264719,0
264720,0
264721,0
264722,0
264723,0
264724,0
264725,0
264726,0
264727,0
264728,0
264729,0
264730,0
264731,20
264732,28
264733,18
264734,0
264735,0
264736,0
264737,0
264738,0
264739,0
264740,0
264741,0
264742,0
264743,0
264744,0
264745,0
264746,0
264747,0
264748,0
264749,0
264750,0
264751,0
264752,0
264753,0
264754,0
264755,0
264756,0
264757,25
264758,12
264759,0
264760,0
264761,0
264762,19
264763,0
264764,17
264765,0
264766,0
264767,0
264768,0
264769,0
264770,31
264771,29
264772,0
264773,33
264774,0
264775,0
264776,0
264777,0
264778,0
264779,24
264780,0
264781,0
264782,0
264783,0
264784,0
264785,0
264786,0
264787,0
264788,0
264789,0
264790,0
264791,36
264792,0
264793,0
264794,29
264795,0
264796,32
264797,0
264798,37
264799,0
264800,0
264801,0
264802,0
264803,0
264804,0
264805,0
264806,0
264807,0
264808,0
264809,0
264810,0
264811,0
264812,0
264813,0
264814,0
264815,0
264816,28
264817,22
264818,0
264819,0
264820,0
264821,0
264822,28
264823,28
264824,0
264825,0
264826,0
264827,0
264828,0
264829,0
264830,0
264831,0
264832,0
264833,0
264834,25
264835,0
264836,0
264837,0
264838,36
264839,0
264840,18
264841,0
264842,33
264843,0
264844,0
264845,0
264846,0
264847,0
264848,0
264849,0
264850,0
264851,0
264852,28
264853,0
264854,0
264855,0
264856,0
264857,0
264858,0
264859,0
264860,0
264861,0
264862,0
264863,0
264864,0
264865,0
264866,0
264867,0
264868,25
264869,0
264870,0
264871,0
264872,0
264873,0
264874,0
264875,0
264876,0
264877,14
264878,0
264879,0
264880,0
264881,0
264882,0
264883,23
264884,0
264885,0
264886,35
264887,0
264888,0
264889,0
264890,0
264891,0
264892,0
264893,0
264894,30
264895,0
264896,0
264897,0
264898,0
264899,0
264900,32
264901,0
264902,0
264903,0
264904,0
264905,0
264906,0
264907,0
264908,0
264909,0
264910,0
264911,0
264912,0
264913,0
264914,0
264915,0
264916,23
264917,0
264918,0
264919,0
264920,26
264921,0
264922,31
264923,0
264924,0
264925,0
264926,0
264927,0
264928,0
264929,0
264930,0
264931,0
264932,0
264933,0
264934,0
264935,0
264936,0
264937,0
264938,0
264939,0
264940,0
264941,0
264942,14
264943,0
264944,0
264945,22
264946,0
264947,0
264948,0
264949,0
264950,26
264951,0
264952,0
264953,0
264954,0
264955,0
264956,0
264957,0
264958,0
264959,0
264960,0
264961,0
264962,0
264963,0
264964,0
264965,0
264966,0
264967,0
264968,0
264969,0
264970,0
264971,0
264972,0
264973,15
264974,0
264975,0
264976,0
264977,0
264978,0
264979,0
264980,0
264981,0
264982,22
264983,0
264984,35
264985,0
264986,0
264987,0
264988,0
264989,0
264990,0
264991,0
264992,0
264993,0
264994,0
264995,0
264996,0
264997,0
264998,0
264999,0
265000,0
265001,0
265002,32
265003,0
265004,0
265005,0
265006,0
265007,0
265008,0
265009,28
265010,0
265011,0
265012,0
265013,0
265014,0
265015,0
265016,17
265017,0
265018,0
265019,0
265020,0
265021,0
265022,0
265023,0
265024,0
265025,0
265026,0
265027,0
265028,0
265029,0
265030,37
265031,0
265032,0
265033,0
265034,0
265035,21
265036,26
265037,29
265038,0
265039,0
265040,0
265041,0
265042,0
265043,0
265044,0
265045,0
265046,0
265047,0
265048,0
265049,0
265050,0
265051,0
265052,0
265053,0
265054,0
265055,0
265056,0
265057,0
265058,0
265059,0
265060,0
265061,0
265062,0
265063,34
265064,0
265065,0
265066,0
265067,0
265068,0
265069,0
265070,0
265071,0
265072,0
265073,27
265074,0
265075,0
265076,0
265077,0
265078,0
265079,27
265080,0
265081,0
265082,31
265083,0
265084,0
265085,0
265086,0
265087,0
265088,0
265089,26
265090,0
265091,0
265092,0
265093,0
265094,0
265095,0
265096,28
265097,0
265098,0
265099,0
265100,0
265101,0
265102,0
265103,0
265104,35
265105,13
265106,0
265107,0
265108,0
265109,0
265110,0
265111,0
265112,0
265113,0
265114,25
265115,0
265116,0
265117,0
265118,0
265119,0
265120,0
265121,0
265122,29
265123,0
265124,0
265125,0
265126,0
265127,22
265128,0
265129,0
265130,0
265131,0
265132,0
265133,20
265134,0
265135,0
265136,0
265137,0
265138,0
265139,0
265140,0
265141,0
265142,0
265143,24
265144,0
265145,0
265146,0
265147,0
265148,0
265149,0
265150,0
265151,0
265152,0
265153,0
265154,30
265155,30
265156,0
265157,0
265158,0
265159,0
265160,0
265161,0
265162,26
265163,0
265164,0
265165,39
265166,0
265167,0
265168,0
265169,0
265170,0
265171,0
265172,0
265173,0
265174,0
265175,0
265176,0
265177,0
265178,0
265179,0
265180,0
265181,0
265182,0
265183,0
265184,0
265185,44
265186,20
265187,0
265188,0
265189,0
265190,0
265191,0
265192,0
265193,0
265194,0
265195,0
265196,36
265197,0
265198,22
265199,0
265200,0
265201,24
265202,0
265203,0
265204,0
265205,0
265206,0
265207,0
265208,0
265209,0
265210,0
265211,0
265212,0
265213,0
265214,0
265215,0
265216,27
265217,0
265218,0
265219,21
265220,0
265221,0
265222,0
265223,0
265224,27
265225,0
265226,0
265227,0
265228,33
265229,0
265230,0
265231,0
265232,0
265233,0
265234,0
265235,0
265236,0
265237,0
265238,29
265239,0
265240,0
265241,0
265242,0
265243,0
265244,0
265245,0
265246,27
265247,0
265248,0
265249,0
265250,0
265251,23
265252,0
265253,0
265254,0
265255,0
265256,0
265257,0
265258,0
265259,0
265260,23
265261,0
265262,0
265263,25
265264,0
265265,0
265266,0
265267,0
265268,0
265269,0
265270,24
265271,0
265272,0
265273,0
265274,0
265275,0
265276,0
265277,0
265278,0
265279,0
265280,0
265281,0
265282,0
265283,0
265284,0
265285,0
265286,0
265287,28
265288,0
265289,0
265290,0
265291,0
265292,0
265293,0
265294,0
265295,0
265296,26
265297,0
265298,26
265299,0
265300,0
265301,0
265302,0
265303,20
265304,0
265305,0
265306,0
265307,0
265308,0
265309,0
265310,0
265311,0
265312,32
265313,0
265314,0
265315,0
265316,0
265317,0
265318,0
265319,0
265320,0
265321,0
265322,0
265323,0
265324,0
265325,30
265326,0
265327,0
265328,0
265329,0
265330,0
265331,0
265332,0
265333,0
265334,0
265335,0
265336,0
265337,0
265338,22
265339,19
265340,0
265341,0
265342,0
265343,0
265344,0
265345,0
265346,0
265347,0
265348,0
265349,0
265350,0
265351,0
265352,0
265353,0
265354,0
265355,0
265356,0
265357,0
265358,0
265359,0
265360,27
265361,0
265362,0
265363,0
265364,0
265365,0
265366,0
265367,27
265368,0
265369,0
265370,0
265371,0
265372,0
265373,0
265374,0
265375,0
265376,0
265377,0
265378,0
265379,0
265380,0
265381,0
265382,0
265383,0
265384,0
265385,0
265386,0
265387,0
265388,0
265389,0
265390,0
265391,24
265392,0
265393,0
265394,0
265395,0
265396,0
265397,0
265398,0
265399,23
265400,0
265401,0
265402,0
265403,0
265404,0
265405,0
265406,31
265407,0
265408,0
265409,0
265410,0
265411,0
265412,0
265413,0
265414,0
265415,0
265416,26
265417,0
265418,0
265419,0
265420,0
265421,0
265422,0
265423,0
265424,0
265425,36
265426,0
265427,0
265428,0
265429,0
265430,0
265431,0
265432,0
265433,0
265434,0
265435,0
265436,0
265437,13
265438,0
265439,0
265440,0
265441,0
265442,24
265443,0
265444,0
265445,0
265446,0
265447,0
265448,0
265449,35
265450,0
265451,0
265452,0
265453,0
265454,0
265455,32
265456,0
265457,0
265458,0
265459,0
265460,0
265461,0
265462,0
265463,0
265464,0
265465,0
265466,18
265467,0
265468,0
265469,0
265470,0
265471,0
265472,0
265473,0
265474,0
265475,25
265476,0
265477,0
265478,0
265479,0
265480,0
265481,0
265482,0
265483,0
265484,0
265485,0
265486,0
265487,0
265488,0
265489,0
265490,0
265491,0
265492,0
265493,0
265494,28
265495,0
265496,0
265497,0
265498,0
265499,0
265500,0
265501,17
265502,0
265503,0
265504,0
265505,21
265506,0
265507,0
265508,0
265509,0
265510,0
265511,0
265512,0
265513,0
265514,0
265515,0
265516,0
265517,0
265518,0
265519,0
265520,0
265521,0
265522,0
265523,0
265524,6
265525,0
265526,0
265527,16
265528,0
265529,0
265530,0
265531,0
265532,0
265533,0
265534,7
265535,0
265536,0
265537,0
265538,0
265539,0
265540,0
265541,7
265542,0
265543,13
265544,0
265545,0
265546,0
265547,0
265548,0
265549,0
265550,0
265551,0
265552,0
265553,0
265554,0
265555,0
265556,0
265557,0
265558,0
265559,0
265560,0
265561,0
265562,0
265563,0
265564,0
265565,0
265566,0
265567,0
265568,0
265569,0
265570,0
265571,0
265572,0
265573,0
265574,7
265575,4
265576,0
265577,0
265578,0
265579,0
265580,0
265581,0
265582,8
265583,0
265584,0
265585,0
265586,0
265587,0
265588,0
265589,0
265590,14
265591,0
265592,0
265593,0
265594,0
265595,0
265596,0
265597,0
265598,0
265599,0
265600,0
265601,0
265602,0
265603,0
265604,0
265605,0
265606,0
265607,0
265608,0
265609,0
265610,7
265611,10
265612,0
265613,0
265614,11
265615,0
265616,0
265617,0
265618,0
265619,0
265620,0
265621,0
265622,0
265623,0
265624,0
265625,4
265626,0
265627,0
265628,0
265629,0
265630,0
265631,0
265632,0
265633,0
265634,0
265635,0
265636,0
265637,0
265638,0
265639,0
265640,0
265641,11
265642,8
265643,0
265644,8
265645,0
265646,14
265647,0
265648,0
265649,0
265650,9
265651,0
265652,0
265653,15
265654,0
265655,0
265656,0
265657,0
265658,0
265659,0
265660,0
265661,0
265662,0
265663,0
265664,0
265665,0
265666,0
265667,0
265668,0
265669,0
265670,0
265671,0
265672,0
265673,0
265674,0
265675,9
265676,0
265677,0
265678,0
265679,0
265680,0
265681,0
265682,0
265683,0
265684,0
265685,0
265686,0
265687,0
265688,0
265689,0
265690,0
265691,0
265692,0
265693,0
265694,0
265695,0
265696,0
265697,0
265698,0
265699,0
265700,0
265701,0
265702,0
265703,0
265704,0
265705,0
265706,0
265707,0
265708,0
265709,0
265710,0
265711,0
265712,0
265713,0
265714,0
265715,0
265716,0
265717,0
265718,0
265719,0
265720,0
265721,0
265722,0
265723,0
265724,2
265725,0
265726,0
265727,0
265728,0
265729,0
265730,0
265731,0
265732,0
265733,0
265734,0
265735,0
265736,0
265737,0
265738,0
265739,0
265740,0
265741,0
265742,0
265743,0
265744,0
265745,0
265746,0
265747,0
265748,0
265749,0
265750,0
265751,0
265752,0
265753,0
265754,0
265755,0
265756,5
265757,9
265758,0
265759,0
265760,0
265761,0
265762,0
265763,0
265764,0
265765,0
265766,0
265767,0
265768,0
265769,0
265770,0
265771,0
265772,10
265773,0
265774,0
265775,0
265776,0
265777,10
265778,0
265779,0
265780,0
265781,0
265782,0
265783,0
265784,0
265785,0
265786,0
265787,0
265788,0
265789,0
265790,0
265791,0
265792,0
265793,0
265794,0
265795,0
265796,0
265797,0
265798,0
265799,0
265800,0
265801,0
265802,0
265803,16
265804,0
265805,0
265806,0
265807,0
265808,0
265809,0
265810,0
265811,6
265812,0
265813,0
265814,0
265815,0
265816,0
265817,7
265818,0
265819,0
265820,0
265821,0
265822,0
265823,0
265824,0
265825,0
265826,0
265827,0
265828,0
265829,0
265830,0
265831,0
265832,5
265833,0
265834,0
265835,0
265836,8
265837,0
265838,7
265839,0
265840,0
265841,0
265842,8
265843,0
265844,0
265845,0
265846,0
265847,0
265848,0
265849,0
265850,0
265851,0
265852,0
265853,0
265854,10
265855,0
265856,0
265857,0
265858,0
265859,0
265860,0
265861,0
265862,0
265863,0
265864,0
265865,0
265866,0
265867,0
265868,0
265869,0
265870,0
265871,0
265872,0
265873,0
265874,0
265875,0
265876,0
265877,0
265878,0
265879,0
265880,0
265881,0
265882,0
265883,10
265884,0
265885,0
265886,0
265887,0
265888,0
265889,0
265890,7
265891,0
265892,0
265893,0
265894,0
265895,0
265896,0
265897,0
265898,0
265899,0
265900,0
265901,0
265902,0
265903,0
265904,0
265905,0
265906,0
265907,0
265908,0
265909,0
265910,0
265911,0
265912,0
265913,0
265914,0
265915,0
265916,6
265917,0
265918,0
265919,0
265920,0
265921,0
265922,0
265923,0
265924,10
265925,0
265926,9
265927,0
265928,0
265929,0
265930,0
265931,0
265932,0
265933,0
265934,0
265935,0
265936,0
265937,0
265938,0
265939,0
265940,0
265941,9
265942,0
265943,0
265944,0
265945,0
265946,0
265947,0
265948,0
265949,0
265950,0
265951,0
265952,0
265953,0
265954,0
265955,0
265956,0
265957,0
265958,0
265959,0
265960,0
265961,0
265962,0
265963,0
265964,0
265965,6
265966,0
265967,0
265968,0
265969,4
265970,0
265971,0
265972,0
265973,0
265974,0
265975,0
265976,5
265977,0
265978,0
265979,0
265980,0
265981,0
265982,10
265983,0
265984,0
265985,11
265986,0
265987,0
265988,12
265989,0
265990,0
265991,0
265992,0
265993,0
265994,0
265995,0
265996,0
265997,0
265998,0
265999,0
266000,0
266001,0
266002,0
266003,0
266004,0
266005,0
266006,0
266007,0
266008,12
266009,0
266010,0
266011,0
266012,0
266013,0
266014,12
266015,6
266016,0
266017,0
266018,0
266019,0
266020,0
266021,0
266022,0
266023,0
266024,9
266025,0
266026,3
266027,0
266028,2
266029,0
266030,0
266031,0
266032,0
266033,0
266034,0
266035,0
266036,0
266037,0
266038,11
266039,0
266040,0
266041,0
266042,0
266043,0
266044,0
266045,0
266046,0
266047,0
266048,0
266049,0
266050,0
266051,0
266052,4
266053,0
266054,0
266055,0
266056,0
266057,0
266058,0
266059,0
266060,0
266061,9
266062,0
266063,0
266064,0
266065,0
266066,5
266067,0
266068,0
266069,0
266070,0
266071,0
266072,0
266073,0
266074,0
266075,0
266076,0
266077,6
266078,0
266079,0
266080,0
266081,0
266082,8
266083,0
266084,0
266085,0
266086,10
266087,0
266088,0
266089,0
266090,0
266091,0
266092,0
266093,15
266094,11
266095,0
266096,0
266097,0
266098,0
266099,0
266100,0
266101,0
266102,0
266103,0
266104,9
266105,0
266106,0
266107,0
266108,0
266109,8
266110,9
266111,0
266112,0
266113,0
266114,0
266115,0
266116,0
266117,0
266118,6
266119,0
266120,0
266121,0
266122,0
266123,0
266124,0
266125,0
266126,8
266127,13
266128,0
266129,0
266130,0
266131,0
266132,0
266133,0
266134,0
266135,0
266136,0
266137,0
266138,0
266139,13
266140,0
266141,7
266142,0
266143,0
266144,0
266145,0
266146,0
266147,0
266148,11
266149,0
266150,0
266151,0
266152,0
266153,6
266154,15
266155,0
266156,2
266157,0
266158,0
266159,0
266160,0
266161,0
266162,0
266163,0
266164,0
266165,0
266166,0
266167,4
266168,0
266169,0
266170,0
266171,7
266172,0
266173,0
266174,0
266175,0
266176,0
266177,0
266178,0
266179,0
266180,0
266181,0
266182,0
266183,0
266184,0
266185,0
266186,0
266187,0
266188,0
266189,0
266190,0
266191,0
266192,0
266193,2
266194,0
266195,0
266196,1
266197,0
266198,0
266199,0
266200,0
266201,0
266202,0
266203,0
266204,0
266205,0
266206,0
266207,0
266208,0
266209,2
266210,0
266211,0
266212,2
266213,0
266214,0
266215,1
266216,1
266217,0
266218,0
266219,0
266220,0
266221,2
266222,0
266223,1
266224,0
266225,0
266226,1
266227,0
266228,0
266229,0
266230,0
266231,0
266232,0
266233,0
266234,2
266235,0
266236,0
266237,0
266238,0
266239,1
266240,0
266241,0
266242,2
266243,0
266244,0
266245,0
266246,0
266247,0
266248,1
266249,0
266250,0
266251,0
266252,0
266253,0
266254,1
266255,2
266256,0
266257,4
266258,0
266259,0
266260,0
266261,0
266262,0
266263,0
266264,0
266265,0
266266,0
266267,0
266268,0
266269,0
266270,0
266271,0
266272,1
266273,0
266274,0
266275,0
266276,0
266277,0
266278,0
266279,0
266280,3
266281,0
266282,1
266283,2
266284,0
266285,0
266286,0
266287,2
266288,0
266289,0
266290,0
266291,0
266292,0
266293,0
266294,0
266295,2
266296,1
266297,0
266298,0
266299,0
266300,0
266301,0
266302,0
266303,0
266304,0
266305,4
266306,0
266307,0
266308,4
266309,0
266310,0
266311,0
266312,0
266313,0
266314,0
266315,0
266316,0
266317,2
266318,1
266319,0
266320,0
266321,0
266322,0
266323,0
266324,1
266325,0
266326,0
266327,0
266328,1
266329,0
266330,2
266331,0
266332,0
266333,0
266334,0
266335,2
266336,0
266337,0
266338,0
266339,0
266340,0
266341,0
266342,0
266343,1
266344,0
266345,0
266346,0
266347,0
266348,0
266349,4
266350,0
266351,0
266352,0
266353,0
266354,0
266355,0
266356,0
266357,0
266358,0
266359,0
266360,0
266361,0
266362,0
266363,2
266364,0
266365,0
266366,0
266367,0
266368,1
266369,0
266370,0
266371,0
266372,0
266373,3
266374,0
266375,0
266376,0
266377,0
266378,0
266379,0
266380,0
266381,0
266382,0
266383,0
266384,0
266385,1
266386,0
266387,1
266388,1
266389,0
266390,1
266391,0
266392,1
266393,0
266394,0
266395,1
266396,0
266397,0
266398,0
266399,0
266400,0
266401,3
266402,0
266403,0
266404,0
266405,0
266406,0
266407,1
266408,0
266409,2
266410,1
266411,0
266412,0
266413,0
266414,0
266415,0
266416,0
266417,0
266418,0
266419,0
266420,1
266421,0
266422,1
266423,0
266424,0
266425,0
266426,0
266427,0
266428,0
266429,0
266430,0
266431,3
266432,1
266433,0
266434,1
266435,0
266436,0
266437,0
266438,0
266439,1
266440,0
266441,0
266442,0
266443,0
266444,1
266445,0
266446,1
266447,0
266448,0
266449,0
266450,0
266451,0
266452,1
266453,2
266454,1
266455,0
266456,1
266457,1
266458,1
266459,0
266460,0
266461,0
266462,0
266463,0
266464,0
266465,0
266466,0
266467,0
266468,0
266469,0
266470,0
266471,0
266472,0
266473,0
266474,0
266475,2
266476,0
266477,1
266478,0
266479,0
266480,1
266481,0
266482,0
266483,0
266484,0
266485,0
266486,0
266487,0
266488,0
266489,0
266490,1
266491,0
266492,0
266493,0
266494,0
266495,1
266496,0
266497,1
266498,2
266499,0
266500,0
266501,0
266502,0
266503,0
266504,1
266505,0
266506,0
266507,0
266508,1
266509,0
266510,0
266511,0
266512,0
266513,0
266514,0
266515,0
266516,2
266517,0
266518,0
266519,0
266520,0
266521,0
266522,0
266523,0
266524,0
266525,0
266526,0
266527,0
266528,3
266529,2
266530,0
266531,0
266532,0
266533,0
266534,0
266535,1
266536,0
266537,0
266538,0
266539,0
266540,0
266541,0
266542,0
266543,2
266544,0
266545,1
266546,0
266547,0
266548,0
266549,0
266550,2
266551,0
266552,0
266553,0
266554,0
266555,2
266556,0
266557,1
266558,0
266559,0
266560,0
266561,0
266562,0
266563,0
266564,0
266565,0
266566,0
266567,0
266568,0
266569,0
266570,0
266571,0
266572,0
266573,0
266574,0
266575,0
266576,0
266577,0
266578,1
266579,1
266580,0
266581,0
266582,0
266583,0
266584,0
266585,0
266586,0
266587,0
266588,1
266589,0
266590,1
266591,0
266592,0
266593,0
266594,0
266595,2
266596,0
266597,2
266598,0
266599,0
266600,0
266601,0
266602,0
266603,0
266604,0
266605,0
266606,1
266607,0
266608,4
266609,0
266610,0
266611,4
266612,0
266613,1
266614,0
266615,1
266616,0
266617,0
266618,1
266619,0
266620,0
266621,0
266622,0
266623,0
266624,0
266625,0
266626,0
266627,0
266628,0
266629,1
266630,0
266631,0
266632,1
266633,1
266634,0
266635,0
266636,0
266637,0
266638,1
266639,0
266640,0
266641,0
266642,0
266643,0
266644,0
266645,0
266646,0
266647,0
266648,0
266649,2
266650,0
266651,0
266652,0
266653,0
266654,0
266655,0
266656,0
266657,0
266658,0
266659,0
266660,1
266661,0
266662,0
266663,0
266664,1
266665,0
266666,1
266667,1
266668,1
266669,0
266670,0
266671,0
266672,2
266673,0
266674,0
266675,1
266676,0
266677,0
266678,0
266679,0
266680,0
266681,0
266682,0
266683,0
266684,0
266685,0
266686,0
266687,0
266688,1
266689,0
266690,0
266691,0
266692,0
266693,1
266694,0
266695,0
266696,0
266697,0
266698,0
266699,0
266700,0
266701,0
266702,1
266703,0
266704,0
266705,0
266706,0
266707,0
266708,0
266709,0
266710,1
266711,0
266712,0
266713,0
266714,0
266715,0
266716,0
266717,0
266718,3
266719,0
266720,0
266721,2
266722,0
266723,0
266724,0
266725,0
266726,0
266727,0
266728,0
266729,0
266730,0
266731,0
266732,0
266733,3
266734,0
266735,0
266736,0
266737,0
266738,0
266739,0
266740,1
266741,0
266742,0
266743,0
266744,0
266745,0
266746,2
266747,0
266748,1
266749,0
266750,0
266751,2
266752,0
266753,0
266754,1
266755,0
266756,0
266757,0
266758,0
266759,1
266760,2
266761,0
266762,0
266763,0
266764,1
266765,3
266766,0
266767,0
266768,0
266769,0
266770,0
266771,1
266772,0
266773,0
266774,0
266775,0
266776,1
266777,0
266778,0
266779,1
266780,0
266781,0
266782,0
266783,0
266784,0
266785,0
266786,0
266787,0
266788,0
266789,0
266790,0
266791,0
266792,1
266793,0
266794,2
266795,0
266796,1
266797,0
266798,0
266799,0
266800,0
266801,0
266802,0
266803,0
266804,0
266805,0
266806,0
266807,0
266808,1
266809,0
266810,0
266811,1
266812,0
266813,0
266814,2
266815,3
266816,0
266817,0
266818,0
266819,0
266820,0
266821,0
266822,0
266823,3
266824,0
266825,0
266826,0
266827,1
266828,0
266829,2
266830,0
266831,0
266832,0
266833,0
266834,0
266835,1
266836,0
266837,1
266838,0
266839,0
266840,0
266841,0
266842,0
266843,0
266844,0
266845,1
266846,0
266847,0
266848,0
266849,1
266850,0
266851,0
266852,0
266853,0
266854,0
266855,1
266856,0
266857,0
266858,3
266859,0
266860,0
266861,0
266862,0
266863,0
266864,0
266865,0
266866,0
266867,0
266868,0
266869,0
266870,0
266871,3
266872,0
266873,0
266874,0
266875,0
266876,0
266877,0
266878,6
266879,0
266880,0
266881,0
266882,0
266883,0
266884,0
266885,0
266886,0
266887,0
266888,0
266889,0
266890,0
266891,0
266892,0
266893,0
266894,0
266895,0
266896,0
266897,0
266898,0
266899,0
266900,0
266901,0
266902,0
266903,0
266904,0
266905,0
266906,0
266907,0
266908,0
266909,2
266910,0
266911,0
266912,1
266913,0
266914,0
266915,2
266916,0
266917,0
266918,0
266919,0
266920,0
266921,0
266922,0
266923,0
266924,0
266925,0
266926,0
266927,3
266928,0
266929,0
266930,0
266931,0
266932,0
266933,0
266934,0
266935,0
266936,0
266937,0
266938,0
266939,0
266940,0
266941,0
266942,0
266943,0
266944,0
266945,0
266946,0
266947,0
266948,0
266949,0
266950,0
266951,0
266952,1
266953,0
266954,0
266955,0
266956,0
266957,0
266958,0
266959,0
266960,0
266961,0
266962,0
266963,0
266964,0
266965,0
266966,0
266967,0
266968,0
266969,0
266970,0
266971,2
266972,0
266973,0
266974,0
266975,0
266976,2
266977,0
266978,0
266979,0
266980,0
266981,0
266982,0
266983,0
266984,0
266985,0
266986,0
266987,0
266988,2
266989,0
266990,0
266991,0
266992,3
266993,0
266994,3
266995,1
266996,0
266997,2
266998,0
266999,0
267000,0
267001,0
267002,0
267003,0
267004,0
267005,0
267006,0
267007,0
267008,1
267009,0
267010,0
267011,0
267012,0
267013,0
267014,0
267015,0
267016,0
267017,0
267018,0
267019,0
267020,0
267021,0
267022,0
267023,0
267024,0
267025,0
267026,0
267027,1
267028,0
267029,0
267030,0
267031,4
267032,0
267033,0
267034,0
267035,0
267036,0
267037,0
267038,0
267039,0
267040,0
267041,0
267042,0
267043,2
267044,0
267045,0
267046,0
267047,0
267048,0
267049,2
267050,0
267051,3
267052,0
267053,0
267054,0
267055,0
267056,0
267057,0
267058,0
267059,0
267060,0
267061,0
267062,0
267063,0
267064,2
267065,0
267066,0
267067,0
267068,0
267069,0
267070,0
267071,0
267072,0
267073,0
267074,0
267075,0
267076,5
267077,0
267078,0
267079,0
267080,0
267081,0
267082,0
267083,0
267084,0
267085,0
267086,0
267087,0
267088,0
267089,0
267090,0
267091,0
267092,0
267093,0
267094,0
267095,0
267096,0
267097,0
267098,0
267099,0
267100,0
267101,3
267102,0
267103,0
267104,0
267105,0
267106,4
267107,0
267108,0
267109,0
267110,0
267111,0
267112,0
267113,0
267114,0
267115,0
267116,0
267117,0
267118,0
267119,0
267120,0
267121,0
267122,0
267123,0
267124,0
267125,0
267126,2
267127,1
267128,0
267129,0
267130,0
267131,0
267132,0
267133,1
267134,0
267135,0
267136,0
267137,0
267138,0
267139,6
267140,0
267141,0
267142,0
267143,0
267144,0
267145,0
267146,0
267147,0
267148,0
267149,0
267150,0
267151,0
267152,0
267153,0
267154,0
267155,0
267156,3
267157,0
267158,0
267159,0
267160,0
267161,0
267162,0
267163,0
267164,0
267165,0
267166,0
267167,0
267168,0
267169,2
267170,0
267171,0
267172,0
267173,0
267174,0
267175,4
267176,0
267177,0
267178,0
267179,0
267180,0
267181,0
267182,4
267183,0
267184,0
267185,0
267186,0
267187,0
267188,0
267189,0
267190,0
267191,0
267192,1
267193,0
267194,0
267195,0
267196,0
267197,0
267198,0
267199,0
267200,0
267201,0
267202,0
267203,0
267204,0
267205,0
267206,0
267207,0
267208,1
267209,1
267210,0
267211,0
267212,0
267213,0
267214,0
267215,0
267216,0
267217,0
267218,0
267219,0
267220,0
267221,0
267222,0
267223,0
267224,0
267225,0
267226,0
267227,0
267228,4
267229,0
267230,0
267231,0
267232,0
267233,0
267234,0
267235,0
267236,0
267237,0
267238,0
267239,0
267240,0
267241,0
267242,0
267243,0
267244,0
267245,0
267246,0
267247,3
267248,0
267249,0
267250,0
267251,0
267252,0
267253,0
267254,0
267255,0
267256,0
267257,0
267258,0
267259,0
267260,0
267261,0
267262,0
267263,0
267264,0
267265,0
267266,0
267267,0
267268,0
267269,0
267270,0
267271,0
267272,0
267273,0
267274,4
267275,0
267276,0
267277,0
267278,0
267279,0
267280,0
267281,0
267282,0
267283,0
267284,0
267285,0
267286,0
267287,0
267288,0
267289,0
267290,0
267291,0
267292,0
267293,0
267294,0
267295,0
267296,0
267297,0
267298,0
267299,0
267300,0
267301,4
267302,0
267303,0
267304,0
267305,0
267306,0
267307,0
267308,0
267309,0
267310,0
267311,0
267312,0
267313,0
267314,0
267315,0
267316,1
267317,0
267318,0
267319,0
267320,0
267321,0
267322,3
267323,0
267324,0
267325,0
267326,1
267327,2
267328,0
267329,0
267330,0
267331,0
267332,0
267333,0
267334,0
267335,0
267336,0
267337,1
267338,0
267339,0
267340,0
267341,0
267342,0
267343,3
267344,0
267345,0
267346,6
267347,0
267348,0
267349,0
267350,0
267351,0
267352,0
267353,0
267354,0
267355,0
267356,0
267357,0
267358,0
267359,0
267360,0
267361,0
267362,0
267363,0
267364,0
267365,0
267366,0
267367,0
267368,0
267369,0
267370,0
267371,1
267372,1
267373,0
267374,0
267375,0
267376,0
267377,0
267378,0
267379,0
267380,0
267381,0
267382,0
267383,0
267384,0
267385,0
267386,0
267387,0
267388,0
267389,1
267390,0
267391,1
267392,0
267393,0
267394,0
267395,0
267396,0
267397,0
267398,0
267399,0
267400,3
267401,0
267402,0
267403,1
267404,0
267405,0
267406,0
267407,0
267408,0
267409,0
267410,1
267411,1
267412,0
267413,0
267414,0
267415,1
267416,0
267417,0
267418,0
267419,0
267420,0
267421,0
267422,0
267423,1
267424,0
267425,0
267426,0
267427,0
267428,0
267429,0
267430,0
267431,0
267432,0
267433,0
267434,2
267435,1
267436,0
267437,0
267438,0
267439,0
267440,2
267441,1
267442,0
267443,0
267444,1
267445,0
267446,0
267447,0
267448,0
267449,0
267450,0
267451,0
267452,0
267453,0
267454,1
267455,0
267456,0
267457,0
267458,0
267459,0
267460,0
267461,0
267462,0
267463,0
267464,0
267465,0
267466,0
267467,0
267468,1
267469,0
267470,0
267471,0
267472,0
267473,0
267474,0
267475,0
267476,0
267477,0
267478,0
267479,0
267480,0
267481,0
267482,0
267483,0
267484,0
267485,0
267486,0
267487,0
267488,0
267489,0
267490,0
267491,0
267492,0
267493,0
267494,0
267495,0
267496,1
267497,0
267498,0
267499,0
267500,0
267501,0
267502,0
267503,0
267504,0
267505,0
267506,0
267507,0
267508,0
267509,0
267510,0
267511,0
267512,0
267513,1
267514,4
267515,0
267516,0
267517,1
267518,0
267519,0
267520,0
267521,0
267522,0
267523,0
267524,0
267525,0
267526,1
267527,0
267528,0
267529,0
267530,0
267531,0
267532,0
267533,0
267534,0
267535,0
267536,0
267537,1
267538,0
267539,0
267540,0
267541,0
267542,0
267543,0
267544,0
267545,0
267546,0
267547,1
267548,0
267549,0
267550,0
267551,0
267552,0
267553,0
267554,1
267555,0
267556,0
267557,0
267558,1
267559,0
267560,0
267561,0
267562,1
267563,0
267564,0
267565,0
267566,0
267567,0
267568,1
267569,0
267570,0
267571,0
267572,0
267573,0
267574,0
267575,0
267576,0
267577,0
267578,0
267579,2
267580,0
267581,0
267582,0
267583,0
267584,0
267585,0
267586,0
267587,0
267588,0
267589,0
267590,0
267591,0
267592,0
267593,0
267594,0
267595,0
267596,0
267597,0
267598,0
267599,0
267600,0
267601,0
267602,0
267603,0
267604,0
267605,0
267606,0
267607,0
267608,0
267609,0
267610,0
267611,0
267612,0
267613,0
267614,0
267615,0
267616,0
267617,0
267618,0
267619,0
267620,0
267621,0
267622,0
267623,0
267624,0
267625,0
267626,0
267627,0
267628,0
267629,0
267630,0
267631,0
267632,0
267633,1
267634,0
267635,0
267636,0
267637,1
267638,0
267639,0
267640,0
267641,0
267642,0
267643,0
267644,0
267645,0
267646,0
267647,0
267648,0
267649,0
267650,0
267651,0
267652,0
267653,0
267654,0
267655,0
267656,0
267657,0
267658,0
267659,0
267660,0
267661,0
267662,0
267663,0
267664,0
267665,0
267666,0
267667,0
267668,0
267669,0
267670,0
267671,0
267672,0
267673,0
267674,0
267675,0
267676,0
267677,0
267678,0
267679,0
267680,0
267681,0
267682,0
267683,0
267684,0
267685,0
267686,0
267687,0
267688,0
267689,0
267690,1
267691,1
267692,0
267693,0
267694,1
267695,1
267696,0
267697,0
267698,0
267699,0
267700,0
267701,0
267702,0
267703,0
267704,0
267705,0
267706,1
267707,0
267708,0
267709,0
267710,0
267711,0
267712,0
267713,0
267714,0
267715,0
267716,0
267717,0
267718,0
267719,0
267720,0
267721,0
267722,0
267723,2
267724,0
267725,0
267726,0
267727,0
267728,0
267729,0
267730,0
267731,0
267732,0
267733,0
267734,0
267735,0
267736,1
267737,0
267738,0
267739,0
267740,0
267741,0
267742,1
267743,0
267744,0
267745,0
267746,0
267747,0
267748,0
267749,0
267750,1
267751,0
267752,0
267753,0
267754,0
267755,0
267756,0
267757,0
267758,0
267759,0
267760,0
267761,0
267762,0
267763,0
267764,0
267765,0
267766,0
267767,0
267768,1
267769,0
267770,0
267771,0
267772,0
267773,0
267774,1
267775,0
267776,0
267777,0
267778,0
267779,0
267780,0
267781,0
267782,0
267783,1
267784,0
267785,0
267786,0
267787,0
267788,0
267789,0
267790,2
267791,0
267792,0
267793,0
267794,0
267795,0
267796,0
267797,0
267798,0
267799,0
267800,0
267801,0
267802,0
267803,0
267804,0
267805,0
267806,2
267807,0
267808,0
267809,0
267810,0
267811,0
267812,0
267813,0
267814,1
267815,0
267816,0
267817,0
267818,0
267819,1
267820,0
267821,0
267822,0
267823,0
267824,0
267825,0
267826,0
267827,0
267828,0
267829,0
267830,0
267831,0
267832,0
267833,0
267834,0
267835,0
267836,0
267837,2
267838,1
267839,0
267840,0
267841,0
267842,0
267843,0
267844,0
267845,0
267846,0
267847,0
267848,0
267849,0
267850,0
267851,0
267852,0
267853,0
267854,0
267855,0
267856,0
267857,0
267858,0
267859,0
267860,1
267861,1
267862,0
267863,0
267864,0
267865,0
267866,0
267867,0
267868,0
267869,0
267870,0
267871,0
267872,0
267873,0
267874,0
267875,0
267876,1
267877,1
267878,0
267879,1
267880,0
267881,0
267882,0
267883,0
267884,1
267885,0
267886,0
267887,0
267888,0
267889,0
267890,0
267891,0
267892,0
267893,0
267894,0
267895,0
267896,0
267897,0
267898,0
267899,0
267900,0
267901,0
267902,0
267903,0
267904,0
267905,0
267906,0
267907,0
267908,0
267909,0
267910,0
267911,0
267912,0
267913,0
267914,0
267915,0
267916,0
267917,0
267918,0
267919,0
267920,0
267921,0
267922,0
267923,0
267924,0
267925,0
267926,0
267927,0
267928,0
267929,0
267930,0
267931,0
267932,0
267933,0
267934,0
267935,1
267936,0
267937,1
267938,1
267939,1
267940,0
267941,0
267942,0
267943,0
267944,0
267945,0
267946,0
267947,0
267948,1
267949,0
267950,0
267951,0
267952,1
267953,2
267954,0
267955,0
267956,1
267957,1
267958,0
267959,0
267960,0
267961,0
267962,0
267963,0
267964,0
267965,0
267966,0
267967,0
267968,0
267969,0
267970,0
267971,0
267972,0
267973,0
267974,0
267975,0
267976,0
267977,0
267978,0
267979,1
267980,0
267981,0
267982,0
267983,0
267984,0
267985,2
267986,0
267987,1
267988,0
267989,0
267990,0
267991,0
267992,0
267993,0
267994,0
267995,0
267996,0
267997,0
267998,0
267999,0
268000,0
268001,1
268002,1
268003,1
268004,0
268005,0
268006,0
268007,0
268008,0
268009,1
268010,0
268011,0
268012,0
268013,0
268014,0
268015,0
268016,0
268017,0
268018,0
268019,0
268020,1
268021,0
268022,0
268023,0
268024,1
268025,0
268026,0
268027,1
268028,0
268029,0
268030,0
268031,0
268032,0
268033,0
268034,0
268035,0
268036,0
268037,0
268038,0
268039,0
268040,0
268041,0
268042,0
268043,1
268044,0
268045,0
268046,0
268047,0
268048,0
268049,0
268050,0
268051,0
268052,0
268053,0
268054,0
268055,0
268056,0
268057,0
268058,0
268059,0
268060,0
268061,0
268062,0
268063,0
268064,0
268065,0
268066,0
268067,0
268068,0
268069,0
268070,0
268071,0
268072,0
268073,0
268074,0
268075,0
268076,0
268077,0
268078,0
268079,0
268080,0
268081,0
268082,0
268083,0
268084,0
268085,0
268086,0
268087,0
268088,0
268089,0
268090,0
268091,0
268092,0
268093,0
268094,1
268095,0
268096,0
268097,0
268098,0
268099,0
268100,1
268101,1
268102,0
268103,0
268104,0
268105,0
268106,0
268107,0
268108,0
268109,0
268110,0
268111,0
268112,0
268113,0
268114,0
268115,0
268116,0
268117,0
268118,0
268119,0
268120,0
268121,0
268122,0
268123,0
268124,0
268125,0
268126,0
268127,0
268128,0
268129,0
268130,0
268131,0
268132,0
268133,0
268134,0
268135,0
268136,0
268137,0
268138,0
268139,0
268140,0
268141,0
268142,0
268143,0
268144,0
268145,0
268146,0
268147,1
268148,0
268149,0
268150,0
268151,0
268152,0
268153,0
268154,1
268155,0
268156,0
268157,1
268158,0
268159,0
268160,0
268161,0
268162,0
268163,0
268164,0
268165,0
268166,0
268167,0
268168,0
268169,0
268170,0
268171,0
268172,0
268173,0
268174,0
268175,1
268176,0
268177,0
268178,3
268179,0
268180,0
268181,0
268182,0
268183,0
268184,0
268185,0
268186,0
268187,0
268188,0
268189,0
268190,0
268191,0
268192,0
268193,0
268194,1
268195,0
268196,0
268197,0
268198,0
268199,0
268200,0
268201,0
268202,0
268203,0
268204,0
268205,0
268206,0
268207,0
268208,0
268209,0
268210,0
268211,0
268212,0
268213,0
268214,0
268215,0
268216,0
268217,0
268218,0
268219,0
268220,0
268221,0
268222,0
268223,0
268224,0
268225,0
268226,0
268227,0
268228,0
268229,0
268230,0
268231,0
268232,1
268233,0
268234,1
268235,0
268236,0
268237,0
268238,1
268239,0
268240,0
268241,0
268242,0
268243,0
268244,0
268245,0
268246,0
268247,0
268248,0
268249,0
268250,0
268251,0
268252,0
268253,0
268254,0
268255,0
268256,0
268257,0
268258,0
268259,0
268260,0
268261,0
268262,0
268263,0
268264,0
268265,0
268266,0
268267,0
268268,0
268269,0
268270,0
268271,0
268272,1
268273,1
268274,0
268275,0
268276,0
268277,0
268278,0
268279,0
268280,0
268281,0
268282,0
268283,0
268284,0
268285,0
268286,0
268287,0
268288,0
268289,0
268290,0
268291,0
268292,0
268293,0
268294,0
268295,0
268296,0
268297,2
268298,0
268299,0
268300,0
268301,0
268302,0
268303,0
268304,0
268305,0
268306,0
268307,0
268308,0
268309,0
268310,0
268311,0
268312,0
268313,0
268314,0
268315,0
268316,0
268317,0
268318,0
268319,0
268320,0
268321,0
268322,0
268323,0
268324,0
268325,0
268326,0
268327,0
268328,0
268329,0
268330,0
268331,1
268332,0
268333,0
268334,0
268335,0
268336,1
268337,0
268338,0
268339,0
268340,0
268341,0
268342,0
268343,0
268344,0
268345,0
268346,0
268347,15
268348,0
268349,0
268350,0
268351,0
268352,0
268353,0
268354,0
268355,0
268356,0
268357,0
268358,0
268359,0
268360,0
268361,0
268362,0
268363,0
268364,0
268365,0
268366,0
268367,0
268368,0
268369,0
268370,0
268371,0
268372,0
268373,0
268374,28
268375,17
268376,16
268377,0
268378,0
268379,0
268380,0
268381,0
268382,0
268383,22
268384,0
268385,0
268386,0
268387,0
268388,0
268389,0
268390,0
268391,0
268392,17
268393,0
268394,0
268395,0
268396,0
268397,0
268398,0
268399,0
268400,0
268401,0
268402,0
268403,0
268404,0
268405,0
268406,0
268407,0
268408,0
268409,0
268410,0
268411,0
268412,0
268413,0
268414,0
268415,0
268416,24
268417,0
268418,11
268419,0
268420,0
268421,0
268422,0
268423,0
268424,0
268425,0
268426,0
268427,0
268428,0
268429,0
268430,0
268431,0
268432,0
268433,0
268434,0
268435,0
268436,0
268437,0
268438,0
268439,0
268440,26
268441,0
268442,0
268443,0
268444,0
268445,0
268446,0
268447,0
268448,0
268449,0
268450,0
268451,0
268452,0
268453,22
268454,0
268455,0
268456,0
268457,0
268458,0
268459,0
268460,0
268461,0
268462,0
268463,19
268464,0
268465,0
268466,0
268467,0
268468,0
268469,0
268470,0
268471,20
268472,0
268473,0
268474,21
268475,0
268476,0
268477,0
268478,0
268479,0
268480,0
268481,0
268482,0
268483,0
268484,0
268485,0
268486,0
268487,0
268488,0
268489,0
268490,0
268491,0
268492,0
268493,0
268494,0
268495,21
268496,0
268497,0
268498,0
268499,0
268500,0
268501,25
268502,0
268503,0
268504,0
268505,22
268506,0
268507,0
268508,15
268509,0
268510,0
268511,0
268512,0
268513,0
268514,0
268515,15
268516,0
268517,0
268518,0
268519,0
268520,0
268521,0
268522,0
268523,0
268524,0
268525,0
268526,0
268527,0
268528,0
268529,0
268530,0
268531,0
268532,0
268533,0
268534,0
268535,0
268536,0
268537,0
268538,20
268539,0
268540,0
268541,0
268542,0
268543,0
268544,0
268545,0
268546,0
268547,0
268548,0
268549,0
268550,0
268551,0
268552,0
268553,23
268554,0
268555,16
268556,0
268557,0
268558,0
268559,22
268560,0
268561,0
268562,9
268563,0
268564,0
268565,0
268566,0
268567,0
268568,0
268569,0
268570,0
268571,0
268572,0
268573,0
268574,0
268575,0
268576,0
268577,0
268578,2
268579,3
268580,0
268581,0
268582,0
268583,2
268584,0
268585,0
268586,1
268587,0
268588,0
268589,0
268590,0
268591,0
268592,0
268593,0
268594,4
268595,0
268596,0
268597,0
268598,0
268599,0
268600,0
268601,0
268602,0
268603,0
268604,4
268605,0
268606,0
268607,3
268608,0
268609,0
268610,0
268611,0
268612,0
268613,2
268614,1
268615,0
268616,0
268617,0
268618,0
268619,0
268620,0
268621,0
268622,0
268623,0
268624,1
268625,0
268626,3
268627,0
268628,0
268629,0
268630,0
268631,1
268632,0
268633,3
268634,0
268635,0
268636,0
268637,0
268638,0
268639,0
268640,1
268641,2
268642,0
268643,1
268644,0
268645,0
268646,3
268647,0
268648,2
268649,0
268650,0
268651,2
268652,0
268653,0
268654,0
268655,0
268656,0
268657,1
268658,0
268659,0
268660,0
268661,3
268662,0
268663,5
268664,4
268665,0
268666,0
268667,0
268668,3
268669,1
268670,0
268671,0
268672,0
268673,1
268674,0
268675,0
268676,0
268677,0
268678,0
268679,3
268680,0
268681,0
268682,0
268683,0
268684,0
268685,0
268686,0
268687,0
268688,0
268689,0
268690,1
268691,0
268692,1
268693,1
268694,0
268695,0
268696,0
268697,0
268698,1
268699,0
268700,0
268701,0
268702,1
268703,3
268704,0
268705,1
268706,1
268707,0
268708,0
268709,0
268710,5
268711,0
268712,0
268713,0
268714,0
268715,4
268716,0
268717,0
268718,0
268719,0
268720,0
268721,3
268722,2
268723,0
268724,0
268725,0
268726,0
268727,0
268728,1
268729,0
268730,1
268731,0
268732,0
268733,2
268734,0
268735,1
268736,1
268737,0
268738,0
268739,0
268740,5
268741,0
268742,0
268743,0
268744,1
268745,0
268746,0
268747,0
268748,0
268749,0
268750,2
268751,0
268752,0
268753,0
268754,0
268755,0
268756,2
268757,0
268758,0
268759,0
268760,1
268761,0
268762,4
268763,0
268764,0
268765,0
268766,0
268767,0
268768,0
268769,0
268770,0
268771,0
268772,0
268773,0
268774,0
268775,0
268776,0
268777,1
268778,0
268779,0
268780,0
268781,0
268782,0
268783,2
268784,5
268785,0
268786,0
268787,0
268788,0
268789,0
268790,0
268791,0
268792,0
268793,2
268794,0
268795,0
268796,0
268797,1
268798,0
268799,0
268800,0
268801,3
268802,2
268803,0
268804,0
268805,0
268806,0
268807,0
268808,2
268809,0
268810,0
268811,1
268812,0
268813,0
268814,0
268815,0
268816,0
268817,0
268818,0
268819,0
268820,0
268821,0
268822,0
268823,0
268824,2
268825,0
268826,0
268827,0
268828,0
268829,0
268830,0
268831,0
268832,0
268833,0
268834,0
268835,0
268836,0
268837,0
268838,0
268839,0
268840,0
268841,0
268842,1
268843,0
268844,1
268845,0
268846,0
268847,0
268848,0
268849,0
268850,0
268851,0
268852,0
268853,0
268854,0
268855,3
268856,0
268857,3
268858,0
268859,0
268860,1
268861,0
268862,1
268863,3
268864,0
268865,0
268866,0
268867,0
268868,0
268869,0
268870,0
268871,0
268872,2
268873,3
268874,0
268875,0
268876,0
268877,0
268878,0
268879,0
268880,1
268881,0
268882,5
268883,0
268884,0
268885,0
268886,0
268887,1
268888,0
268889,2
268890,1
268891,0
268892,0
268893,0
268894,0
268895,0
268896,0
268897,0
268898,4
268899,0
268900,0
268901,0
268902,1
268903,6
268904,0
268905,1
268906,0
268907,0
268908,0
268909,2
268910,0
268911,0
268912,0
268913,0
268914,1
268915,0
268916,1
268917,0
268918,0
268919,0
268920,0
268921,0
268922,3
268923,2
268924,0
268925,0
268926,0
268927,0
268928,0
268929,2
268930,2
268931,0
268932,0
268933,0
268934,0
268935,0
268936,0
268937,0
268938,2
268939,0
268940,0
268941,0
268942,0
268943,0
268944,0
268945,0
268946,0
268947,2
268948,0
268949,0
268950,0
268951,2
268952,3
268953,0
268954,0
268955,0
268956,0
268957,0
268958,3
268959,0
268960,0
268961,0
268962,0
268963,0
268964,0
268965,0
268966,0
268967,0
268968,0
268969,0
268970,0
268971,0
268972,0
268973,0
268974,5
268975,0
268976,0
268977,0
268978,2
268979,0
268980,0
268981,0
268982,0
268983,2
268984,0
268985,3
268986,0
268987,0
268988,0
268989,0
268990,1
268991,3
268992,0
268993,3
268994,0
268995,1
268996,0
268997,0
268998,0
268999,0
269000,0
269001,0
269002,2
269003,0
269004,0
269005,0
269006,0
269007,3
269008,0
269009,0
269010,0
269011,0
269012,0
269013,0
269014,0
269015,0
269016,0
269017,2
269018,0
269019,0
269020,0
269021,0
269022,0
269023,0
269024,0
269025,1
269026,2
269027,2
269028,0
269029,0
269030,0
269031,0
269032,0
269033,0
269034,0
269035,0
269036,4
269037,3
269038,0
269039,0
269040,0
269041,0
269042,0
269043,0
269044,1
269045,0
269046,4
269047,0
269048,0
269049,0
269050,0
269051,0
269052,2
269053,0
269054,0
269055,0
269056,0
269057,0
269058,0
269059,0
269060,0
269061,0
269062,3
269063,0
269064,4
269065,0
269066,3
269067,0
269068,0
269069,0
269070,0
269071,0
269072,6
269073,0
269074,0
269075,2
269076,0
269077,0
269078,0
269079,1
269080,0
269081,0
269082,0
269083,4
269084,0
269085,2
269086,0
269087,0
269088,0
269089,0
269090,1
269091,0
269092,0
269093,0
269094,1
269095,0
269096,0
269097,4
269098,0
269099,0
269100,0
269101,0
269102,2
269103,0
269104,1
269105,3
269106,0
269107,0
269108,0
269109,0
269110,0
269111,2
269112,3
269113,0
269114,0
269115,0
269116,0
269117,0
269118,0
269119,3
269120,0
269121,0
269122,0
269123,0
269124,0
269125,2
269126,0
269127,0
269128,3
269129,1
269130,0
269131,0
269132,2
269133,0
269134,0
269135,1
269136,0
269137,0
269138,4
269139,4
269140,0
269141,0
269142,0
269143,0
269144,0
269145,0
269146,0
269147,0
269148,0
269149,0
269150,0
269151,0
269152,2
269153,0
269154,0
269155,0
269156,0
269157,0
269158,0
269159,3
269160,0
269161,0
269162,0
269163,0
269164,0
269165,0
269166,0
269167,2
269168,0
269169,0
269170,0
269171,0
269172,0
269173,0
269174,0
269175,0
269176,0
269177,0
269178,2
269179,0
269180,1
269181,0
269182,37
269183,0
269184,0
269185,0
269186,0
269187,0
269188,0
269189,0
269190,0
269191,0
269192,0
269193,0
269194,0
269195,0
269196,0
269197,0
269198,0
269199,0
269200,35
269201,0
269202,27
269203,0
269204,0
269205,0
269206,0
269207,0
269208,0
269209,0
269210,0
269211,0
269212,0
269213,0
269214,0
269215,0
269216,0
269217,0
269218,0
269219,0
269220,0
269221,0
269222,27
269223,0
269224,0
269225,0
269226,0
269227,0
269228,0
269229,0
269230,0
269231,0
269232,30
269233,0
269234,0
269235,0
269236,0
269237,0
269238,0
269239,0
269240,0
269241,0
269242,0
269243,0
269244,0
269245,0
269246,0
269247,0
269248,0
269249,0
269250,0
269251,0
269252,0
269253,0
269254,0
269255,0
269256,0
269257,0
269258,0
269259,39
269260,0
269261,0
269262,0
269263,33
269264,0
269265,0
269266,0
269267,0
269268,0
269269,0
269270,0
269271,0
269272,0
269273,0
269274,0
269275,0
269276,0
269277,0
269278,0
269279,0
269280,0
269281,0
269282,0
269283,0
269284,0
269285,0
269286,38
269287,0
269288,0
269289,25
269290,0
269291,0
269292,0
269293,0
269294,0
269295,0
269296,0
269297,0
269298,0
269299,0
269300,0
269301,0
269302,0
269303,0
269304,0
269305,0
269306,0
269307,0
269308,0
269309,0
269310,0
269311,0
269312,0
269313,0
269314,0
269315,0
269316,0
269317,0
269318,0
269319,0
269320,0
269321,0
269322,0
269323,0
269324,0
269325,36
269326,0
269327,0
269328,0
269329,0
269330,0
269331,0
269332,0
269333,0
269334,0
269335,0
269336,0
269337,0
269338,0
269339,0
269340,0
269341,0
269342,0
269343,0
269344,0
269345,0
269346,0
269347,0
269348,0
269349,0
269350,0
269351,0
269352,0
269353,0
269354,0
269355,0
269356,0
269357,0
269358,0
269359,0
269360,0
269361,0
269362,0
269363,0
269364,0
269365,0
269366,0
269367,0
269368,0
269369,0
269370,0
269371,0
269372,0
269373,0
269374,0
269375,0
269376,0
269377,0
269378,0
269379,0
269380,0
269381,0
269382,25
269383,0
269384,0
269385,33
269386,0
269387,0
269388,0
269389,0
269390,0
269391,0
269392,0
269393,0
269394,0
269395,0
269396,29
269397,0
269398,0
269399,43
269400,0
269401,0
269402,0
269403,0
269404,0
269405,0
269406,0
269407,0
269408,0
269409,0
269410,0
269411,0
269412,0
269413,0
269414,0
269415,0
269416,0
269417,0
269418,0
269419,0
269420,0
269421,0
269422,0
269423,0
269424,0
269425,0
269426,0
269427,0
269428,0
269429,0
269430,0
269431,39
269432,0
269433,0
269434,0
269435,0
269436,31
269437,0
269438,0
269439,0
269440,0
269441,0
269442,37
269443,0
269444,0
269445,36
269446,0
269447,0
269448,0
269449,0
269450,0
269451,0
269452,0
269453,0
269454,0
269455,0
269456,0
269457,0
269458,0
269459,0
269460,0
269461,0
269462,0
269463,0
269464,0
269465,0
269466,0
269467,0
269468,0
269469,0
269470,43
269471,0
269472,0
269473,0
269474,0
269475,0
269476,0
269477,0
269478,0
269479,0
269480,0
269481,0
269482,0
269483,0
269484,0
269485,0
269486,0
269487,0
269488,0
269489,47
269490,0
269491,0
269492,0
269493,0
269494,0
269495,0
269496,0
269497,0
269498,0
269499,28
269500,0
269501,0
269502,0
269503,0
269504,33
269505,0
269506,0
269507,0
269508,0
269509,0
269510,0
269511,0
269512,0
269513,0
269514,0
269515,0
269516,0
269517,0
269518,0
269519,39
269520,0
269521,0
269522,0
269523,0
269524,0
269525,0
269526,0
269527,0
269528,0
269529,0
269530,0
269531,0
269532,0
269533,0
269534,0
269535,0
269536,0
269537,0
269538,0
269539,0
269540,51
269541,0
269542,0
269543,0
269544,0
269545,0
269546,0
269547,0
269548,0
269549,0
269550,0
269551,29
269552,0
269553,0
269554,0
269555,0
269556,0
269557,0
269558,0
269559,0
269560,0
269561,0
269562,0
269563,0
269564,0
269565,0
269566,0
269567,0
269568,0
269569,33
269570,0
269571,0
269572,0
269573,0
269574,0
269575,0
269576,0
269577,0
269578,0
269579,0
269580,0
269581,0
269582,0
269583,46
269584,0
269585,0
269586,0
269587,0
269588,0
269589,30
269590,0
269591,0
269592,0
269593,0
269594,0
269595,0
269596,0
269597,0
269598,0
269599,0
269600,0
269601,0
269602,0
269603,0
269604,26
269605,35
269606,0
269607,0
269608,0
269609,0
269610,23
269611,0
269612,0
269613,0
269614,0
269615,0
269616,0
269617,0
269618,29
269619,0
269620,0
269621,0
269622,0
269623,0
269624,0
269625,27
269626,0
269627,0
269628,0
269629,0
269630,0
269631,0
269632,0
269633,15
269634,24
269635,0
269636,24
269637,0
269638,0
269639,0
269640,15
269641,0
269642,27
269643,0
269644,0
269645,0
269646,0
269647,19
269648,0
269649,19
269650,0
269651,0
269652,0
269653,0
269654,0
269655,0
269656,0
269657,16
269658,8
269659,17
269660,0
269661,0
269662,19
269663,0
269664,0
269665,0
269666,0
269667,11
269668,0
269669,11
269670,22
269671,0
269672,0
269673,7
269674,0
269675,15
269676,19
269677,16
269678,0
269679,0
269680,19
269681,20
269682,0
269683,0
269684,0
269685,0
269686,0
269687,0
269688,0
269689,0
269690,0
269691,0
269692,0
269693,25
269694,0
269695,7
269696,0
269697,0
269698,23
269699,11
269700,15
269701,0
269702,17
269703,0
269704,13
269705,17
269706,0
269707,0
269708,23
269709,11
269710,0
269711,0
269712,28
269713,0
269714,0
269715,0
269716,0
269717,0
269718,0
269719,0
269720,19
269721,15
269722,0
269723,0
269724,0
269725,0
269726,0
269727,13
269728,0
269729,0
269730,0
269731,0
269732,0
269733,0
269734,0
269735,0
269736,0
269737,21
269738,21
269739,0
269740,0
269741,0
269742,0
269743,13
269744,0
269745,0
269746,0
269747,0
269748,0
269749,23
269750,18
269751,0
269752,5
269753,0
269754,0
269755,0
269756,0
269757,0
269758,0
269759,0
269760,0
269761,0
269762,18
269763,0
269764,17
269765,0
269766,0
269767,23
269768,0
269769,17
269770,19
269771,0
269772,14
269773,0
269774,0
269775,0
269776,0
269777,0
269778,0
269779,0
269780,0
269781,0
269782,19
269783,0
269784,0
269785,13
269786,21
269787,0
269788,7
269789,0
269790,0
269791,0
269792,0
269793,0
269794,19
269795,0
269796,0
269797,0
269798,0
269799,17
269800,0
269801,22
269802,12
269803,0
269804,12
269805,20
269806,0
269807,0
269808,0
269809,23
269810,20
269811,6
269812,15
269813,17
269814,0
269815,14
269816,0
269817,13
269818,0
269819,28
269820,0
269821,0
269822,0
269823,8
269824,15
269825,0
269826,17
269827,0
269828,19
269829,16
269830,0
269831,0
269832,18
269833,0
269834,0
269835,21
269836,0
269837,29
269838,0
269839,0
269840,0
269841,28
269842,0
269843,0
269844,0
269845,22
269846,0
269847,0
269848,25
269849,0
269850,0
269851,0
269852,0
269853,15
269854,0
269855,25
269856,0
269857,0
269858,0
269859,24
269860,10
269861,0
269862,0
269863,0
269864,20
269865,0
269866,0
269867,0
269868,15
269869,0
269870,0
269871,0
269872,0
269873,14
269874,0
269875,17
269876,0
269877,0
269878,0
269879,0
269880,30
269881,0
269882,12
269883,0
269884,0
269885,19
269886,0
269887,17
269888,0
269889,0
269890,0
269891,0
269892,0
269893,0
269894,23
269895,0
269896,13
269897,18
269898,0
269899,0
269900,0
269901,24
269902,0
269903,14
269904,0
269905,0
269906,0
269907,0
269908,18
269909,0
269910,0
269911,0
269912,0
269913,0
269914,0
269915,0
269916,0
269917,0
269918,0
269919,0
269920,11
269921,0
269922,0
269923,0
269924,0
269925,0
269926,22
269927,0
269928,12
269929,0
269930,0
269931,0
269932,0
269933,0
269934,0
269935,0
269936,19
269937,0
269938,0
269939,0
269940,13
269941,0
269942,0
269943,17
269944,0
269945,13
269946,0
269947,11
269948,0
269949,0
269950,13
269951,0
269952,12
269953,0
269954,0
269955,0
269956,0
269957,24
269958,20
269959,0
269960,0
269961,16
269962,0
269963,0
269964,0
269965,9
269966,0
269967,0
269968,38
269969,12
269970,0
269971,20
269972,18
269973,0
269974,0
269975,0
269976,0
269977,0
269978,0
269979,11
269980,0
269981,0
269982,16
269983,0
269984,29
269985,12
269986,0
269987,1
269988,0
269989,0
269990,0
269991,0
269992,0
269993,0
269994,0
269995,0
269996,0
269997,0
269998,0
269999,0
270000,0
270001,0
270002,0
270003,2
270004,0
270005,0
270006,2
270007,0
270008,0
270009,0
270010,0
270011,0
270012,0
270013,0
270014,0
270015,0
270016,0
270017,0
270018,0
270019,0
270020,0
270021,0
270022,0
270023,0
270024,0
270025,0
270026,3
270027,0
270028,0
270029,1
270030,0
270031,0
270032,0
270033,0
270034,0
270035,0
270036,1
270037,0
270038,0
270039,0
270040,0
270041,0
270042,2
270043,0
270044,0
270045,0
270046,0
270047,0
270048,0
270049,0
270050,0
270051,0
270052,0
270053,0
270054,0
270055,0
270056,0
270057,0
270058,1
270059,0
270060,0
270061,0
270062,0
270063,0
270064,1
270065,0
270066,0
270067,0
270068,0
270069,0
270070,0
270071,0
270072,0
270073,0
270074,0
270075,0
270076,0
270077,2
270078,0
270079,0
270080,0
270081,0
270082,0
270083,0
270084,0
270085,0
270086,0
270087,0
270088,0
270089,0
270090,3
270091,1
270092,0
270093,0
270094,0
270095,0
270096,0
270097,0
270098,0
270099,0
270100,0
270101,0
270102,0
270103,0
270104,0
270105,0
270106,0
270107,1
270108,0
270109,0
270110,0
270111,0
270112,0
270113,0
270114,1
270115,0
270116,0
270117,0
270118,0
270119,0
270120,0
270121,0
270122,0
270123,0
270124,0
270125,0
270126,0
270127,0
270128,0
270129,0
270130,0
270131,0
270132,0
270133,0
270134,0
270135,0
270136,0
270137,1
270138,0
270139,0
270140,0
270141,1
270142,0
270143,0
270144,0
270145,0
270146,0
270147,0
270148,0
270149,0
270150,0
270151,0
270152,1
270153,0
270154,0
270155,0
270156,0
270157,0
270158,0
270159,0
270160,0
270161,0
270162,0
270163,0
270164,0
270165,0
270166,0
270167,0
270168,0
270169,0
270170,0
270171,0
270172,0
270173,0
270174,0
270175,0
270176,0
270177,0
270178,0
270179,0
270180,0
270181,0
270182,0
270183,0
270184,0
270185,0
270186,0
270187,0
270188,0
270189,0
270190,0
270191,0
270192,0
270193,0
270194,0
270195,0
270196,2
270197,0
270198,0
270199,0
270200,0
270201,0
270202,0
270203,0
270204,0
270205,2
270206,1
270207,0
270208,1
270209,0
270210,3
270211,0
270212,0
270213,0
270214,0
270215,0
270216,0
270217,0
270218,0
270219,0
270220,0
270221,0
270222,0
270223,1
270224,0
270225,1
270226,0
270227,0
270228,0
270229,0
270230,0
270231,0
270232,0
270233,0
270234,0
270235,0
270236,0
270237,0
270238,0
270239,0
270240,0
270241,0
270242,0
270243,0
270244,0
270245,0
270246,1
270247,0
270248,0
270249,0
270250,0
270251,0
270252,0
270253,0
270254,0
270255,0
270256,0
270257,0
270258,0
270259,0
270260,0
270261,0
270262,0
270263,0
270264,0
270265,0
270266,0
270267,0
270268,0
270269,0
270270,0
270271,1
270272,1
270273,1
270274,0
270275,0
270276,0
270277,0
270278,0
270279,0
270280,0
270281,0
270282,0
270283,0
270284,0
270285,2
270286,0
270287,0
270288,0
270289,0
270290,0
270291,0
270292,0
270293,0
270294,0
270295,0
270296,1
270297,0
270298,0
270299,0
270300,0
270301,0
270302,0
270303,0
270304,0
270305,0
270306,0
270307,0
270308,0
270309,0
270310,0
270311,0
270312,0
270313,0
270314,0
270315,0
270316,0
270317,0
270318,0
270319,0
270320,0
270321,0
270322,0
270323,0
270324,2
270325,0
270326,1
270327,0
270328,0
270329,0
270330,0
270331,0
270332,0
270333,1
270334,0
270335,0
270336,0
270337,2
270338,0
270339,0
270340,0
270341,0
270342,0
270343,0
270344,0
270345,0
270346,0
270347,0
270348,0
270349,0
270350,0
270351,0
270352,0
270353,0
270354,0
270355,2
270356,0
270357,0
270358,0
270359,0
270360,0
270361,0
270362,2
270363,2
270364,0
270365,0
270366,0
270367,2
270368,0
270369,0
270370,0
270371,0
270372,0
270373,0
270374,0
270375,0
270376,0
270377,0
270378,0
270379,0
270380,0
270381,0
270382,2
270383,0
270384,0
270385,0
270386,0
270387,0
270388,1
270389,0
270390,0
270391,0
270392,0
270393,0
270394,0
270395,0
270396,0
270397,0
270398,0
270399,0
270400,0
270401,0
270402,0
270403,0
270404,0
270405,0
270406,0
270407,0
270408,0
270409,1
270410,0
270411,0
270412,0
270413,0
270414,0
270415,0
270416,0
270417,0
270418,0
270419,0
270420,0
270421,0
270422,0
270423,0
270424,0
270425,0
270426,0
270427,0
270428,0
270429,0
270430,0
270431,0
270432,0
270433,0
270434,1
270435,0
270436,0
270437,0
270438,0
270439,0
270440,0
270441,0
270442,0
270443,2
270444,0
270445,0
270446,0
270447,1
270448,1
270449,4
270450,0
270451,0
270452,0
270453,0
270454,0
270455,0
270456,0
270457,0
270458,0
270459,0
270460,0
270461,0
270462,0
270463,0
270464,0
270465,0
270466,3
270467,0
270468,0
270469,0
270470,0
270471,0
270472,0
270473,2
270474,0
270475,0
270476,0
270477,0
270478,0
270479,1
270480,0
270481,0
270482,0
270483,0
270484,0
270485,0
270486,0
270487,0
270488,0
270489,0
270490,0
270491,0
270492,0
270493,0
270494,0
270495,0
270496,0
270497,0
270498,0
270499,0
270500,0
270501,0
270502,0
270503,0
270504,0
270505,0
270506,0
270507,0
270508,0
270509,2
270510,0
270511,0
270512,0
270513,0
270514,1
270515,0
270516,0
270517,0
270518,0
270519,0
270520,0
270521,0
270522,0
270523,0
270524,0
270525,1
270526,0
270527,0
270528,0
270529,0
270530,0
270531,0
270532,0
270533,1
270534,0
270535,0
270536,0
270537,0
270538,0
270539,0
270540,0
270541,0
270542,3
270543,0
270544,0
270545,0
270546,0
270547,0
270548,0
270549,0
270550,0
270551,0
270552,0
270553,2
270554,0
270555,0
270556,0
270557,0
270558,0
270559,0
270560,0
270561,1
270562,0
270563,0
270564,1
270565,0
270566,0
270567,0
270568,0
270569,0
270570,0
270571,0
270572,0
270573,0
270574,0
270575,0
270576,2
270577,0
270578,0
270579,0
270580,0
270581,0
270582,0
270583,0
270584,0
270585,0
270586,0
270587,0
270588,0
270589,0
270590,0
270591,0
270592,0
270593,0
270594,3
270595,0
270596,0
270597,0
270598,0
270599,0
270600,0
270601,0
270602,2
270603,0
270604,0
270605,0
270606,0
270607,0
270608,0
270609,0
270610,0
270611,0
270612,0
270613,0
270614,0
270615,0
270616,0
270617,0
270618,0
270619,0
270620,0
270621,0
270622,0
270623,0
270624,0
270625,0
270626,0
270627,0
270628,0
270629,0
270630,0
270631,0
270632,4
270633,1
270634,0
270635,0
270636,0
270637,0
270638,0
270639,0
270640,0
270641,0
270642,0
270643,0
270644,0
270645,0
270646,0
270647,0
270648,1
270649,0
270650,0
270651,0
270652,0
270653,0
270654,0
270655,0
270656,0
270657,0
270658,0
270659,0
270660,0
270661,0
270662,0
270663,0
270664,0
270665,0
270666,2
270667,0
270668,0
270669,0
270670,0
270671,0
270672,0
270673,2
270674,0
270675,0
270676,0
270677,0
270678,1
270679,0
270680,0
270681,0
270682,0
270683,0
270684,0
270685,0
270686,0
270687,0
270688,0
270689,0
270690,0
270691,0
270692,0
270693,1
270694,0
270695,0
270696,0
270697,0
270698,0
270699,0
270700,1
270701,0
270702,0
270703,0
270704,0
270705,0
270706,0
270707,0
270708,0
270709,3
270710,0
270711,0
270712,0
270713,0
270714,2
270715,0
270716,0
270717,0
270718,0
270719,0
270720,0
270721,0
270722,0
270723,2
270724,0
270725,0
270726,0
270727,0
270728,0
270729,0
270730,0
270731,0
270732,0
270733,0
270734,0
270735,0
270736,0
270737,0
270738,0
270739,0
270740,0
270741,0
270742,0
270743,2
270744,0
270745,0
270746,0
270747,0
270748,0
270749,0
270750,0
270751,0
270752,0
270753,0
270754,0
270755,0
270756,0
270757,0
270758,1
270759,0
270760,0
270761,0
270762,0
270763,0
270764,0
270765,1
270766,0
270767,0
270768,0
270769,1
270770,0
270771,0
270772,0
270773,1
270774,0
270775,0
270776,0
270777,0
270778,0
270779,0
270780,0
270781,1
270782,1
270783,0
270784,0
270785,0
270786,0
270787,0
270788,0
270789,0
270790,0
270791,0
270792,0
270793,0
270794,0
270795,0
270796,3
270797,0
270798,1
270799,0
270800,0
270801,0
270802,0
270803,0
270804,0
270805,0
270806,0
270807,0
270808,0
270809,0
270810,0
270811,0
270812,0
270813,0
270814,0
270815,0
270816,0
270817,0
270818,0
270819,0
270820,0
270821,0
270822,0
270823,0
270824,0
270825,0
270826,19
270827,0
270828,0
270829,0
270830,0
270831,0
270832,0
270833,0
270834,0
270835,0
270836,0
270837,0
270838,0
270839,0
270840,0
270841,0
270842,0
270843,0
270844,0
270845,0
270846,0
270847,0
270848,0
270849,0
270850,10
270851,0
270852,0
270853,0
270854,0
270855,0
270856,0
270857,0
270858,0
270859,0
270860,0
270861,0
270862,5
270863,0
270864,0
270865,0
270866,0
270867,0
270868,18
270869,0
270870,0
270871,0
270872,0
270873,0
270874,0
270875,19
270876,0
270877,15
270878,17
270879,0
270880,0
270881,0
270882,0
270883,0
270884,0
270885,0
270886,0
270887,0
270888,0
270889,0
270890,0
270891,0
270892,0
270893,0
270894,0
270895,0
270896,0
270897,0
270898,0
270899,0
270900,0
270901,0
270902,14
270903,0
270904,0
270905,0
270906,8
270907,0
270908,0
270909,0
270910,0
270911,0
270912,0
270913,0
270914,0
270915,0
270916,0
270917,12
270918,0
270919,0
270920,0
270921,0
270922,0
270923,0
270924,0
270925,0
270926,0
270927,0
270928,0
270929,0
270930,0
270931,0
270932,0
270933,0
270934,0
270935,0
270936,0
270937,0
270938,0
270939,0
270940,0
270941,0
270942,0
270943,0
270944,0
270945,0
270946,0
270947,0
270948,0
270949,0
270950,0
270951,0
270952,0
270953,0
270954,11
270955,0
270956,0
270957,0
270958,0
270959,0
270960,0
270961,0
270962,0
270963,0
270964,0
270965,0
270966,0
270967,0
270968,0
270969,0
270970,0
270971,0
270972,0
270973,0
270974,0
270975,0
270976,0
270977,0
270978,0
270979,0
270980,0
270981,0
270982,0
270983,0
270984,0
270985,0
270986,0
270987,0
270988,0
270989,0
270990,0
270991,0
270992,0
270993,0
270994,0
270995,0
270996,0
270997,15
270998,0
270999,0
271000,0
271001,0
271002,0
271003,0
271004,0
271005,0
271006,0
271007,0
271008,0
271009,0
271010,0
271011,0
271012,0
271013,0
271014,0
271015,0
271016,0
271017,0
271018,0
271019,0
271020,0
271021,0
271022,0
271023,0
271024,0
271025,0
271026,0
271027,0
271028,0
271029,0
271030,0
271031,0
271032,0
271033,0
271034,0
271035,0
271036,0
271037,0
271038,0
271039,0
271040,0
271041,0
271042,0
271043,0
271044,0
271045,0
271046,8
271047,0
271048,0
271049,0
271050,0
271051,0
271052,6
271053,0
271054,15
271055,0
271056,0
271057,0
271058,0
271059,0
271060,10
271061,0
271062,0
271063,0
271064,0
271065,0
271066,0
271067,0
271068,0
271069,0
271070,10
271071,0
271072,0
271073,0
271074,0
271075,8
271076,0
271077,0
271078,0
271079,0
271080,0
271081,0
271082,0
271083,0
271084,0
271085,0
271086,0
271087,0
271088,0
271089,0
271090,0
271091,0
271092,0
271093,0
271094,0
271095,16
271096,0
271097,0
271098,0
271099,0
271100,12
271101,0
271102,0
271103,0
271104,0
271105,0
271106,0
271107,0
271108,0
271109,0
271110,0
271111,0
271112,6
271113,0
271114,0
271115,8
271116,0
271117,0
271118,0
271119,0
271120,0
271121,0
271122,0
271123,0
271124,0
271125,0
271126,0
271127,0
271128,0
271129,0
271130,0
271131,0
271132,0
271133,0
271134,0
271135,0
271136,0
271137,0
271138,0
271139,0
271140,0
271141,0
271142,0
271143,0
271144,0
271145,0
271146,0
271147,0
271148,0
271149,0
271150,0
271151,0
271152,0
271153,0
271154,0
271155,0
271156,0
271157,0
271158,0
271159,0
271160,0
271161,0
271162,0
271163,0
271164,0
271165,10
271166,0
271167,0
271168,0
271169,0
271170,0
271171,0
271172,0
271173,0
271174,0
271175,0
271176,0
271177,0
271178,10
271179,0
271180,0
271181,0
271182,0
271183,0
271184,0
271185,0
271186,0
271187,0
271188,0
271189,0
271190,0
271191,0
271192,0
271193,0
271194,0
271195,0
271196,0
271197,0
271198,0
271199,0
271200,14
271201,0
271202,0
271203,0
271204,0
271205,0
271206,0
271207,0
271208,0
271209,0
271210,0
271211,0
271212,0
271213,0
271214,0
271215,0
271216,0
271217,0
271218,0
271219,0
271220,0
271221,0
271222,0
271223,0
271224,0
271225,0
271226,0
271227,0
271228,4
271229,0
271230,0
271231,0
271232,0
271233,0
271234,0
271235,0
271236,0
271237,0
271238,0
271239,0
271240,0
271241,9
271242,0
271243,0
271244,0
271245,9
271246,0
271247,0
271248,0
271249,0
271250,11
271251,0
271252,7
271253,0
271254,0
271255,0
271256,0
271257,0
271258,0
271259,0
271260,0
271261,0
271262,0
271263,15
271264,0
271265,0
271266,0
271267,0
271268,0
271269,0
271270,0
271271,0
271272,0
271273,0
271274,0
271275,0
271276,0
271277,0
271278,0
271279,0
271280,0
271281,0
271282,0
271283,0
271284,0
271285,0
271286,0
271287,0
271288,0
271289,0
271290,0
271291,0
271292,0
271293,0
271294,0
271295,0
271296,0
271297,0
271298,0
271299,0
271300,0
271301,0
271302,0
271303,0
271304,0
271305,0
271306,0
271307,0
271308,0
271309,0
271310,0
271311,0
271312,0
271313,0
271314,0
271315,0
271316,14
271317,0
271318,0
271319,0
271320,0
271321,0
271322,0
271323,0
271324,0
271325,0
271326,0
271327,0
271328,0
271329,0
271330,0
271331,0
271332,0
271333,0
271334,0
271335,0
271336,0
271337,0
271338,0
271339,0
271340,0
271341,0
271342,0
271343,0
271344,0
271345,0
271346,0
271347,0
271348,0
271349,0
271350,0
271351,0
271352,0
271353,10
271354,0
271355,0
271356,0
271357,6
271358,0
271359,0
271360,0
271361,0
271362,15
271363,0
271364,0
271365,0
271366,9
271367,0
271368,0
271369,0
271370,0
271371,0
271372,0
271373,0
271374,0
271375,0
271376,0
271377,0
271378,23
271379,0
271380,0
271381,0
271382,0
271383,0
271384,0
271385,0
271386,0
271387,0
271388,0
271389,0
271390,0
271391,0
271392,0
271393,0
271394,0
271395,0
271396,0
271397,0
271398,0
271399,0
271400,0
271401,0
271402,0
271403,0
271404,18
271405,0
271406,0
271407,0
271408,0
271409,0
271410,0
271411,0
271412,0
271413,0
271414,0
271415,0
271416,0
271417,0
271418,0
271419,0
271420,0
271421,0
271422,0
271423,0
271424,0
271425,0
271426,0
271427,0
271428,0
271429,0
271430,0
271431,0
271432,0
271433,0
271434,0
271435,0
271436,0
271437,0
271438,0
271439,0
271440,0
271441,0
271442,0
271443,0
271444,0
271445,0
271446,0
271447,0
271448,0
271449,0
271450,13
271451,0
271452,0
271453,0
271454,0
271455,0
271456,0
271457,0
271458,0
271459,0
271460,17
271461,0
271462,0
271463,0
271464,0
271465,0
271466,0
271467,0
271468,0
271469,0
271470,0
271471,0
271472,0
271473,0
271474,0
271475,0
271476,0
271477,0
271478,0
271479,10
271480,18
271481,0
271482,0
271483,0
271484,0
271485,0
271486,0
271487,0
271488,0
271489,0
271490,0
271491,8
271492,0
271493,0
271494,0
271495,0
271496,0
271497,0
271498,0
271499,0
271500,0
271501,0
271502,0
271503,0
271504,0
271505,0
271506,0
271507,0
271508,0
271509,0
271510,0
271511,0
271512,0
271513,0
271514,0
271515,0
271516,0
271517,0
271518,0
271519,0
271520,0
271521,0
271522,0
271523,0
271524,0
271525,0
271526,0
271527,0
271528,0
271529,0
271530,0
271531,0
271532,0
271533,0
271534,0
271535,0
271536,0
271537,0
271538,0
271539,0
271540,0
271541,0
271542,0
271543,0
271544,0
271545,10
271546,0
271547,0
271548,0
271549,0
271550,0
271551,0
271552,0
271553,15
271554,0
271555,0
271556,0
271557,0
271558,0
271559,0
271560,0
271561,0
271562,0
271563,0
271564,0
271565,0
271566,0
271567,0
271568,0
271569,0
271570,0
271571,0
271572,0
271573,0
271574,0
271575,0
271576,0
271577,0
271578,0
271579,0
271580,0
271581,0
271582,9
271583,0
271584,0
271585,4
271586,0
271587,0
271588,0
271589,0
271590,0
271591,0
271592,0
271593,0
271594,0
271595,0
271596,0
271597,0
271598,0
271599,0
271600,0
271601,0
271602,0
271603,0
271604,0
271605,0
271606,0
271607,0
271608,0
271609,0
271610,0
271611,0
271612,11
271613,0
271614,0
271615,0
271616,0
271617,0
271618,0
271619,0
271620,0
271621,0
271622,0
271623,0
271624,6
271625,0
271626,0
271627,0
271628,0
271629,0
271630,0
271631,0
271632,0
271633,0
271634,0
271635,0
271636,0
271637,0
271638,0
271639,0
271640,0
271641,0
271642,0
271643,0
271644,0
271645,0
271646,0
271647,0
271648,0
271649,0
271650,0
271651,0
271652,0
271653,0
271654,0
271655,0
271656,0
271657,0
271658,0
271659,0
271660,0
271661,0
271662,0
271663,0
271664,0
271665,0
271666,0
271667,0
271668,0
271669,0
271670,0
271671,0
271672,0
271673,0
271674,0
271675,0
271676,0
271677,0
271678,0
271679,6
271680,0
271681,0
271682,0
271683,0
271684,0
271685,0
271686,0
271687,0
271688,0
271689,0
271690,0
271691,12
271692,0
271693,0
271694,0
271695,19
271696,0
271697,0
271698,9
271699,0
271700,0
271701,0
271702,0
271703,0
271704,0
271705,0
271706,0
271707,0
271708,0
271709,0
271710,0
271711,0
271712,0
271713,0
271714,0
271715,0
271716,0
271717,0
271718,0
271719,0
271720,0
271721,0
271722,8
271723,0
271724,0
271725,0
271726,0
271727,0
271728,0
271729,0
271730,0
271731,0
271732,0
271733,0
271734,0
271735,0
271736,0
271737,0
271738,0
271739,0
271740,0
271741,0
271742,0
271743,0
271744,0
271745,0
271746,0
271747,0
271748,0
271749,0
271750,0
271751,0
271752,0
271753,12
271754,0
271755,0
271756,0
271757,6
271758,0
271759,0
271760,0
271761,0
271762,13
271763,0
271764,0
271765,0
271766,0
271767,0
271768,0
271769,0
271770,0
271771,0
271772,0
271773,0
271774,0
271775,0
271776,0
271777,0
271778,0
271779,0
271780,0
271781,1
271782,0
271783,0
271784,0
271785,0
271786,0
271787,0
271788,0
271789,0
271790,0
271791,0
271792,0
271793,0
271794,0
271795,0
271796,5
271797,0
271798,0
271799,0
271800,0
271801,0
271802,0
271803,0
271804,0
271805,0
271806,0
271807,0
271808,0
271809,0
271810,0
271811,0
271812,0
271813,0
271814,0
271815,0
271816,0
271817,0
271818,0
271819,0
271820,0
271821,0
271822,1
271823,0
271824,0
271825,0
271826,0
271827,0
271828,0
271829,1
271830,1
271831,0
271832,0
271833,1
271834,0
271835,0
271836,2
271837,1
271838,0
271839,0
271840,0
271841,0
271842,0
271843,0
271844,0
271845,0
271846,0
271847,0
271848,0
271849,0
271850,0
271851,0
271852,0
271853,1
271854,0
271855,0
271856,0
271857,1
271858,0
271859,0
271860,0
271861,0
271862,0
271863,4
271864,0
271865,0
271866,0
271867,2
271868,0
271869,0
271870,0
271871,0
271872,0
271873,0
271874,0
271875,3
271876,0
271877,0
271878,1
271879,0
271880,0
271881,0
271882,0
271883,0
271884,0
271885,1
271886,0
271887,0
271888,0
271889,2
271890,0
271891,0
271892,0
271893,0
271894,0
271895,0
271896,0
271897,0
271898,0
271899,0
271900,0
271901,0
271902,0
271903,0
271904,0
271905,0
271906,2
271907,0
271908,0
271909,0
271910,0
271911,0
271912,2
271913,0
271914,0
271915,2
271916,0
271917,0
271918,0
271919,0
271920,1
271921,0
271922,0
271923,0
271924,0
271925,0
271926,0
271927,0
271928,0
271929,0
271930,0
271931,0
271932,0
271933,0
271934,0
271935,4
271936,0
271937,0
271938,0
271939,0
271940,0
271941,0
271942,0
271943,0
271944,0
271945,0
271946,0
271947,0
271948,0
271949,0
271950,1
271951,0
271952,0
271953,1
271954,0
271955,0
271956,0
271957,0
271958,0
271959,0
271960,0
271961,0
271962,0
271963,0
271964,0
271965,0
271966,0
271967,0
271968,0
271969,0
271970,0
271971,1
271972,0
271973,0
271974,0
271975,0
271976,0
271977,0
271978,0
271979,0
271980,0
271981,0
271982,0
271983,2
271984,0
271985,0
271986,0
271987,0
271988,0
271989,0
271990,0
271991,0
271992,0
271993,0
271994,0
271995,0
271996,0
271997,0
271998,4
271999,0
272000,1
272001,0
272002,0
272003,0
272004,0
272005,0
272006,0
272007,0
272008,0
272009,0
272010,0
272011,0
272012,0
272013,0
272014,0
272015,0
272016,0
272017,0
272018,0
272019,0
272020,0
272021,0
272022,0
272023,0
272024,0
272025,0
272026,0
272027,0
272028,0
272029,0
272030,0
272031,0
272032,0
272033,0
272034,1
272035,0
272036,0
272037,0
272038,3
272039,2
272040,0
272041,0
272042,0
272043,0
272044,0
272045,0
272046,0
272047,0
272048,0
272049,0
272050,0
272051,5
272052,1
272053,2
272054,0
272055,0
272056,0
272057,0
272058,0
272059,0
272060,3
272061,0
272062,0
272063,2
272064,0
272065,0
272066,1
272067,0
272068,0
272069,0
272070,0
272071,1
272072,0
272073,1
272074,1
272075,0
272076,0
272077,0
272078,0
272079,0
272080,0
272081,0
272082,0
272083,0
272084,0
272085,0
272086,0
272087,1
272088,0
272089,0
272090,0
272091,0
272092,0
272093,1
272094,0
272095,0
272096,0
272097,1
272098,2
272099,0
272100,0
272101,0
272102,0
272103,0
272104,0
272105,0
272106,0
272107,0
272108,0
272109,3
272110,0
272111,0
272112,0
272113,0
272114,1
272115,0
272116,0
272117,0
272118,0
272119,0
272120,0
272121,0
272122,0
272123,0
272124,0
272125,2
272126,0
272127,0
272128,0
272129,0
272130,0
272131,0
272132,0
272133,0
272134,0
272135,0
272136,0
272137,0
272138,0
272139,0
272140,0
272141,0
272142,0
272143,0
272144,0
272145,0
272146,0
272147,1
272148,0
272149,0
272150,0
272151,0
272152,0
272153,0
272154,0
272155,0
272156,0
272157,0
272158,3
272159,0
272160,0
272161,0
272162,0
272163,0
272164,0
272165,0
272166,0
272167,0
272168,0
272169,0
272170,0
272171,0
272172,0
272173,0
272174,0
272175,0
272176,0
272177,0
272178,0
272179,1
272180,0
272181,0
272182,0
272183,2
272184,0
272185,0
272186,0
272187,0
272188,0
272189,0
272190,0
272191,0
272192,0
272193,0
272194,0
272195,0
272196,0
272197,0
272198,0
272199,0
272200,2
272201,0
272202,0
272203,0
272204,0
272205,2
272206,0
272207,0
272208,0
272209,0
272210,0
272211,0
272212,0
272213,0
272214,0
272215,0
272216,0
272217,0
272218,0
272219,0
272220,0
272221,0
272222,0
272223,0
272224,0
272225,0
272226,0
272227,0
272228,0
272229,0
272230,0
272231,0
272232,0
272233,0
272234,0
272235,0
272236,0
272237,0
272238,0
272239,1
272240,0
272241,0
272242,0
272243,0
272244,0
272245,0
272246,1
272247,0
272248,0
272249,0
272250,0
272251,0
272252,0
272253,1
272254,0
272255,0
272256,0
272257,0
272258,0
272259,1
272260,0
272261,0
272262,0
272263,0
272264,0
272265,0
272266,1
272267,0
272268,2
272269,0
272270,0
272271,0
272272,0
272273,1
272274,0
272275,0
272276,0
272277,0
272278,0
272279,0
272280,0
272281,0
272282,0
272283,0
272284,0
272285,0
272286,0
272287,0
272288,0
272289,0
272290,0
272291,0
272292,0
272293,0
272294,0
272295,0
272296,0
272297,0
272298,0
272299,2
272300,0
272301,3
272302,0
272303,0
272304,0
272305,0
272306,0
272307,0
272308,0
272309,0
272310,1
272311,0
272312,0
272313,0
272314,0
272315,0
272316,0
272317,0
272318,0
272319,0
272320,0
272321,0
272322,0
272323,0
272324,0
272325,0
272326,0
272327,0
272328,0
272329,0
272330,0
272331,0
272332,3
272333,0
272334,0
272335,0
272336,0
272337,0
272338,0
272339,0
272340,0
272341,0
272342,0
272343,0
272344,3
272345,0
272346,0
272347,3
272348,0
272349,3
272350,0
272351,0
272352,0
272353,0
272354,2
272355,0
272356,1
272357,0
272358,0
272359,0
272360,0
272361,0
272362,0
272363,0
272364,1
272365,2
272366,0
272367,0
272368,0
272369,0
272370,0
272371,0
272372,1
272373,0
272374,0
272375,0
272376,1
272377,0
272378,0
272379,0
272380,0
272381,0
272382,0
272383,0
272384,0
272385,0
272386,0
272387,0
272388,0
272389,0
272390,0
272391,0
272392,0
272393,0
272394,0
272395,0
272396,0
272397,0
272398,0
272399,0
272400,0
272401,1
272402,0
272403,0
272404,0
272405,1
272406,0
272407,0
272408,0
272409,3
272410,0
272411,0
272412,0
272413,0
272414,0
272415,0
272416,0
272417,0
272418,0
272419,0
272420,0
272421,0
272422,0
272423,0
272424,0
272425,0
272426,0
272427,0
272428,0
272429,0
272430,0
272431,0
272432,0
272433,0
272434,0
272435,0
272436,0
272437,0
272438,0
272439,0
272440,0
272441,2
272442,0
272443,0
272444,0
272445,0
272446,0
272447,0
272448,1
272449,0
272450,0
272451,0
272452,0
272453,0
272454,0
272455,0
272456,0
272457,0
272458,0
272459,0
272460,0
272461,0
272462,0
272463,0
272464,4
272465,0
272466,0
272467,1
272468,0
272469,0
272470,0
272471,1
272472,0
272473,0
272474,0
272475,0
272476,0
272477,0
272478,0
272479,0
272480,0
272481,1
272482,0
272483,0
272484,0
272485,0
272486,0
272487,0
272488,0
272489,0
272490,0
272491,0
272492,1
272493,0
272494,0
272495,0
272496,0
272497,0
272498,0
272499,0
272500,0
272501,0
272502,2
272503,0
272504,0
272505,2
272506,0
272507,0
272508,4
272509,0
272510,0
272511,0
272512,0
272513,0
272514,0
272515,0
272516,0
272517,2
272518,0
272519,0
272520,0
272521,0
272522,0
272523,2
272524,0
272525,0
272526,0
272527,0
272528,0
272529,0
272530,0
272531,0
272532,0
272533,0
272534,0
272535,0
272536,0
272537,1
272538,0
272539,0
272540,0
272541,0
272542,1
272543,0
272544,0
272545,0
272546,0
272547,0
272548,0
272549,0
272550,4
272551,0
272552,1
272553,0
272554,0
272555,0
272556,0
272557,0
272558,0
272559,2
272560,0
272561,0
272562,0
272563,0
272564,0
272565,1
272566,0
272567,0
272568,0
272569,0
272570,0
272571,0
272572,0
272573,2
272574,0
272575,0
272576,0
272577,0
272578,0
272579,0
272580,0
272581,0
272582,0
272583,0
272584,0
272585,0
272586,0
272587,0
272588,0
272589,0
272590,0
272591,0
272592,0
272593,0
272594,0
272595,0
272596,0
272597,0
272598,0
272599,0
272600,0
272601,0
272602,0
272603,0
272604,0
272605,0
272606,0
272607,0
272608,0
272609,0
272610,2
272611,0
272612,0
272613,0
272614,1
272615,0
272616,0
272617,0
272618,0
272619,0
272620,0
272621,0
272622,0
272623,0
272624,0
272625,0
272626,0
272627,0
272628,8
272629,0
272630,0
272631,0
272632,0
272633,0
272634,0
272635,0
272636,0
272637,12
272638,0
272639,0
272640,0
272641,0
272642,6
272643,0
272644,0
272645,17
272646,0
272647,0
272648,0
272649,0
272650,14
272651,0
272652,0
272653,0
272654,0
272655,6
272656,0
272657,0
272658,0
272659,7
272660,0
272661,0
272662,0
272663,0
272664,0
272665,0
272666,0
272667,0
272668,0
272669,0
272670,0
272671,0
272672,5
272673,0
272674,9
272675,0
272676,0
272677,0
272678,0
272679,0
272680,0
272681,0
272682,0
272683,0
272684,0
272685,0
272686,0
272687,5
272688,0
272689,0
272690,0
272691,0
272692,0
272693,0
272694,0
272695,0
272696,16
272697,0
272698,0
272699,0
272700,0
272701,0
272702,0
272703,0
272704,0
272705,10
272706,0
272707,0
272708,0
272709,0
272710,0
272711,0
272712,0
272713,0
272714,0
272715,0
272716,0
272717,0
272718,12
272719,0
272720,0
272721,0
272722,0
272723,0
272724,16
272725,0
272726,0
272727,0
272728,8
272729,0
272730,0
272731,0
272732,0
272733,0
272734,0
272735,0
272736,0
272737,0
272738,0
272739,0
272740,0
272741,0
272742,0
272743,0
272744,0
272745,0
272746,0
272747,6
272748,0
272749,5
272750,0
272751,0
272752,12
272753,9
272754,0
272755,0
272756,0
272757,10
272758,0
272759,0
272760,0
272761,0
272762,12
272763,0
272764,0
272765,0
272766,0
272767,0
272768,0
272769,0
272770,0
272771,0
272772,0
272773,0
272774,0
272775,0
272776,0
272777,0
272778,0
272779,0
272780,0
272781,0
272782,14
272783,16
272784,8
272785,0
272786,0
272787,0
272788,0
272789,0
272790,0
272791,0
272792,0
272793,0
272794,0
272795,0
272796,0
272797,0
272798,0
272799,0
272800,0
272801,0
272802,0
272803,0
272804,0
272805,0
272806,0
272807,0
272808,0
272809,0
272810,0
272811,0
272812,0
272813,0
272814,0
272815,0
272816,0
272817,0
272818,10
272819,15
272820,0
272821,0
272822,0
272823,0
272824,10
272825,0
272826,0
272827,0
272828,0
272829,0
272830,0
272831,0
272832,17
272833,12
272834,0
272835,0
272836,0
272837,0
272838,10
272839,0
272840,0
272841,0
272842,0
272843,0
272844,0
272845,9
272846,0
272847,0
272848,0
272849,0
272850,5
272851,0
272852,0
272853,0
272854,0
272855,0
272856,8
272857,0
272858,0
272859,16
272860,0
272861,0
272862,0
272863,0
272864,0
272865,0
272866,0
272867,14
272868,0
272869,0
272870,0
272871,0
272872,0
272873,0
272874,0
272875,0
272876,0
272877,0
272878,0
272879,0
272880,0
272881,0
272882,12
272883,14
272884,0
272885,0
272886,0
272887,0
272888,0
272889,0
272890,0
272891,0
272892,0
272893,0
272894,0
272895,0
272896,0
272897,14
272898,0
272899,0
272900,0
272901,0
272902,0
272903,0
272904,0
272905,8
272906,0
272907,0
272908,0
272909,0
272910,0
272911,0
272912,0
272913,0
272914,0
272915,0
272916,10
272917,0
272918,0
272919,0
272920,0
272921,0
272922,0
272923,0
272924,0
272925,0
272926,0
272927,0
272928,14
272929,0
272930,0
272931,0
272932,0
272933,0
272934,0
272935,7
272936,0
272937,0
272938,0
272939,0
272940,0
272941,0
272942,0
272943,17
272944,14
272945,0
272946,0
272947,0
272948,0
272949,0
272950,0
272951,0
272952,0
272953,0
272954,0
272955,0
272956,0
272957,0
272958,0
272959,0
272960,21
272961,0
272962,0
272963,12
272964,0
272965,0
272966,0
272967,0
272968,0
272969,0
272970,0
272971,0
272972,0
272973,0
272974,0
272975,0
272976,0
272977,0
272978,7
272979,0
272980,0
272981,0
272982,0
272983,0
272984,0
272985,0
272986,0
272987,9
272988,0
272989,0
272990,0
272991,0
272992,0
272993,0
272994,0
272995,0
272996,0
272997,0
272998,0
272999,0
273000,0
273001,0
273002,0
273003,11
273004,0
273005,9
273006,0
273007,0
273008,0
273009,0
273010,0
273011,0
273012,0
273013,0
273014,0
273015,0
273016,0
273017,0
273018,0
273019,0
273020,0
273021,0
273022,0
273023,0
273024,0
273025,0
273026,0
273027,0
273028,0
273029,0
273030,0
273031,0
273032,13
273033,0
273034,0
273035,0
273036,0
273037,0
273038,0
273039,7
273040,0
273041,0
273042,0
273043,0
273044,0
273045,0
273046,0
273047,0
273048,0
273049,0
273050,0
273051,0
273052,0
273053,0
273054,0
273055,10
273056,0
273057,0
273058,0
273059,0
273060,0
273061,0
273062,0
273063,0
273064,0
273065,10
273066,0
273067,0
273068,17
273069,9
273070,0
273071,0
273072,0
273073,0
273074,0
273075,0
273076,0
273077,0
273078,0
273079,0
273080,0
273081,0
273082,0
273083,0
273084,11
273085,11
273086,0
273087,0
273088,0
273089,0
273090,0
273091,0
273092,0
273093,0
273094,0
273095,0
273096,0
273097,0
273098,14
273099,0
273100,0
273101,0
273102,0
273103,0
273104,7
273105,0
273106,0
273107,0
273108,0
273109,13
273110,0
273111,0
273112,0
273113,0
273114,0
273115,0
273116,0
273117,0
273118,0
273119,0
273120,0
273121,0
273122,12
273123,0
273124,0
273125,0
273126,12
273127,0
273128,0
273129,0
273130,0
273131,0
273132,9
273133,0
273134,0
273135,0
273136,0
273137,0
273138,0
273139,0
273140,0
273141,8
273142,0
273143,0
273144,0
273145,0
273146,0
273147,0
273148,22
273149,0
273150,0
273151,0
273152,0
273153,0
273154,0
273155,0
273156,0
273157,0
273158,0
273159,0
273160,0
273161,0
273162,0
273163,0
273164,0
273165,0
273166,0
273167,0
273168,0
273169,0
273170,20
273171,0
273172,0
273173,0
273174,0
273175,0
273176,0
273177,0
273178,0
273179,10
273180,0
273181,0
273182,0
273183,0
273184,0
273185,0
273186,8
273187,0
273188,0
273189,0
273190,0
273191,0
273192,0
273193,0
273194,0
273195,0
273196,12
273197,0
273198,0
273199,0
273200,0
273201,0
273202,12
273203,0
273204,0
273205,0
273206,0
273207,0
273208,0
273209,0
273210,0
273211,0
273212,0
273213,0
273214,0
273215,0
273216,0
273217,0
273218,0
273219,0
273220,0
273221,0
273222,0
273223,0
273224,0
273225,0
273226,0
273227,0
273228,14
273229,0
273230,0
273231,0
273232,0
273233,0
273234,0
273235,0
273236,0
273237,0
273238,6
273239,14
273240,0
273241,0
273242,13
273243,0
273244,0
273245,11
273246,0
273247,14
273248,5
273249,0
273250,0
273251,0
273252,23
273253,0
273254,0
273255,0
273256,8
273257,10
273258,0
273259,0
273260,0
273261,0
273262,0
273263,0
273264,0
273265,19
273266,0
273267,0
273268,0
273269,0
273270,10
273271,0
273272,0
273273,0
273274,0
273275,0
273276,0
273277,0
273278,0
273279,0
273280,0
273281,0
273282,0
273283,0
273284,0
273285,0
273286,0
273287,0
273288,0
273289,0
273290,0
273291,0
273292,0
273293,0
273294,0
273295,0
273296,0
273297,0
273298,0
273299,10
273300,0
273301,0
273302,0
273303,0
273304,16
273305,0
273306,0
273307,0
273308,0
273309,0
273310,0
273311,0
273312,0
273313,0
273314,0
273315,0
273316,0
273317,0
273318,0
273319,0
273320,0
273321,0
273322,0
273323,0
273324,0
273325,0
273326,0
273327,9
273328,0
273329,9
273330,0
273331,0
273332,0
273333,0
273334,0
273335,0
273336,0
273337,0
273338,0
273339,0
273340,0
273341,0
273342,13
273343,0
273344,0
273345,12
273346,0
273347,0
273348,0
273349,0
273350,0
273351,0
273352,0
273353,0
273354,0
273355,0
273356,0
273357,0
273358,0
273359,0
273360,0
273361,0
273362,0
273363,0
273364,0
273365,0
273366,0
273367,12
273368,16
273369,0
273370,0
273371,0
273372,0
273373,0
273374,0
273375,0
273376,0
273377,0
273378,0
273379,15
273380,0
273381,0
273382,0
273383,9
273384,0
273385,0
273386,0
273387,0
273388,0
273389,0
273390,0
273391,0
273392,0
273393,0
273394,0
273395,0
273396,0
273397,0
273398,0
273399,8
273400,0
273401,0
273402,0
273403,0
273404,0
273405,10
273406,14
273407,0
273408,0
273409,0
273410,0
273411,7
273412,0
273413,0
273414,0
273415,0
273416,0
273417,0
273418,0
273419,0
273420,0
273421,15
273422,0
273423,18
273424,0
273425,0
273426,0
273427,0
273428,0
273429,0
273430,0
273431,0
273432,0
273433,9
273434,0
273435,0
273436,0
273437,0
273438,0
273439,8
273440,0
273441,0
273442,0
273443,0
273444,0
273445,0
273446,0
273447,0
273448,0
273449,12
273450,12
273451,0
273452,0
273453,14
273454,0
273455,0
273456,0
273457,0
273458,0
273459,0
273460,0
273461,0
273462,0
273463,0
273464,0
273465,0
273466,30
273467,0
273468,0
273469,0
273470,0
273471,0
273472,0
273473,39
273474,0
273475,0
273476,0
273477,0
273478,0
273479,43
273480,0
273481,0
273482,0
273483,0
273484,0
273485,0
273486,0
273487,0
273488,0
273489,0
273490,0
273491,0
273492,0
273493,0
273494,0
273495,0
273496,0
273497,0
273498,0
273499,0
273500,0
273501,0
273502,0
273503,0
273504,32
273505,0
273506,0
273507,0
273508,0
273509,0
273510,0
273511,0
273512,0
273513,0
273514,0
273515,0
273516,0
273517,0
273518,0
273519,0
273520,0
273521,0
273522,0
273523,0
273524,0
273525,0
273526,0
273527,0
273528,0
273529,0
273530,0
273531,0
273532,0
273533,0
273534,0
273535,0
273536,0
273537,0
273538,0
273539,0
273540,17
273541,0
273542,0
273543,0
273544,0
273545,0
273546,0
273547,0
273548,0
273549,0
273550,0
273551,0
273552,0
273553,9
273554,0
273555,0
273556,0
273557,0
273558,30
273559,0
273560,0
273561,0
273562,36
273563,0
273564,0
273565,0
273566,0
273567,0
273568,0
273569,0
273570,0
273571,0
273572,0
273573,0
273574,0
273575,0
273576,0
273577,0
273578,0
273579,0
273580,0
273581,0
273582,0
273583,0
273584,0
273585,0
273586,21
273587,0
273588,0
273589,0
273590,0
273591,0
273592,0
273593,0
273594,0
273595,0
273596,0
273597,0
273598,0
273599,0
273600,0
273601,0
273602,0
273603,41
273604,0
273605,0
273606,0
273607,0
273608,0
273609,0
273610,0
273611,24
273612,0
273613,0
273614,0
273615,0
273616,49
273617,0
273618,0
273619,0
273620,0
273621,0
273622,0
273623,62
273624,32
273625,0
273626,0
273627,0
273628,0
273629,0
273630,0
273631,33
273632,0
273633,0
273634,0
273635,30
273636,0
273637,0
273638,0
273639,0
273640,0
273641,0
273642,0
273643,0
273644,0
273645,0
273646,0
273647,0
273648,0
273649,0
273650,0
273651,0
273652,0
273653,0
273654,0
273655,0
273656,35
273657,0
273658,0
273659,0
273660,0
273661,0
273662,0
273663,0
273664,0
273665,0
273666,0
273667,0
273668,0
273669,0
273670,0
273671,0
273672,0
273673,53
273674,0
273675,0
273676,0
273677,0
273678,0
273679,0
273680,0
273681,0
273682,0
273683,0
273684,0
273685,0
273686,0
273687,0
273688,0
273689,0
273690,0
273691,0
273692,0
273693,0
273694,0
273695,0
273696,0
273697,18
273698,0
273699,0
273700,0
273701,0
273702,0
273703,0
273704,0
273705,0
273706,0
273707,0
273708,0
273709,0
273710,24
273711,0
273712,0
273713,0
273714,0
273715,0
273716,0
273717,15
273718,0
273719,0
273720,0
273721,0
273722,9
273723,0
273724,0
273725,0
273726,0
273727,0
273728,0
273729,0
273730,0
273731,0
273732,0
273733,0
273734,0
273735,0
273736,0
273737,0
273738,0
273739,0
273740,0
273741,0
273742,0
273743,0
273744,0
273745,0
273746,25
273747,0
273748,0
273749,0
273750,0
273751,0
273752,0
273753,0
273754,0
273755,0
273756,0
273757,0
273758,0
273759,0
273760,0
273761,0
273762,0
273763,0
273764,11
273765,0
273766,0
273767,22
273768,0
273769,35
273770,0
273771,0
273772,0
273773,0
273774,0
273775,0
273776,0
273777,0
273778,21
273779,8
273780,0
273781,0
273782,0
273783,0
273784,0
273785,0
273786,0
273787,0
273788,0
273789,0
273790,0
273791,26
273792,0
273793,10
273794,0
273795,0
273796,0
273797,0
273798,0
273799,0
273800,0
273801,0
273802,0
273803,0
273804,0
273805,0
273806,0
273807,0
273808,0
273809,0
273810,0
273811,0
273812,0
273813,0
273814,0
273815,0
273816,0
273817,0
273818,0
273819,52
273820,0
273821,0
273822,15
273823,0
273824,0
273825,0
273826,0
273827,0
273828,0
273829,0
273830,0
273831,0
273832,0
273833,0
273834,0
273835,0
273836,0
273837,0
273838,0
273839,0
273840,0
273841,0
273842,0
273843,0
273844,0
273845,24
273846,0
273847,0
273848,0
273849,0
273850,0
273851,0
273852,0
273853,29
273854,0
273855,0
273856,0
273857,0
273858,0
273859,0
273860,0
273861,0
273862,0
273863,0
273864,19
273865,0
273866,0
273867,23
273868,0
273869,0
273870,0
273871,0
273872,0
273873,0
273874,0
273875,0
273876,0
273877,18
273878,52
273879,0
273880,0
273881,0
273882,0
273883,28
273884,38
273885,0
273886,0
273887,0
273888,0
273889,0
273890,0
273891,8
273892,0
273893,0
273894,0
273895,0
273896,0
273897,0
273898,0
273899,0
273900,0
273901,0
273902,0
273903,0
273904,0
273905,0
273906,0
273907,23
273908,0
273909,0
273910,0
273911,0
273912,0
273913,0
273914,0
273915,0
273916,0
273917,0
273918,0
273919,0
273920,0
273921,0
273922,0
273923,0
273924,0
273925,30
273926,0
273927,0
273928,0
273929,0
273930,0
273931,0
273932,0
273933,0
273934,0
273935,0
273936,0
273937,0
273938,31
273939,17
273940,0
273941,0
273942,0
273943,0
273944,0
273945,0
273946,20
273947,0
273948,32
273949,12
273950,0
273951,0
273952,4
273953,0
273954,39
273955,0
273956,0
273957,0
273958,0
273959,0
273960,0
273961,0
273962,0
273963,0
273964,0
273965,0
273966,0
273967,0
273968,0
273969,0
273970,0
273971,0
273972,0
273973,0
273974,0
273975,0
273976,35
273977,0
273978,0
273979,0
273980,0
273981,0
273982,0
273983,0
273984,0
273985,0
273986,0
273987,0
273988,20
273989,0
273990,0
273991,0
273992,35
273993,22
273994,0
273995,33
273996,0
273997,0
273998,0
273999,21
274000,0
274001,25
274002,12
274003,0
274004,0
274005,23
274006,0
274007,0
274008,0
274009,24
274010,0
274011,0
274012,0
274013,0
274014,0
274015,0
274016,0
274017,0
274018,0
274019,0
274020,0
274021,0
274022,0
274023,0
274024,0
274025,0
274026,0
274027,0
274028,0
274029,0
274030,0
274031,28
274032,0
274033,0
274034,0
274035,0
274036,0
274037,0
274038,0
274039,0
274040,0
274041,0
274042,0
274043,0
274044,0
274045,0
274046,0
274047,0
274048,0
274049,0
274050,0
274051,0
274052,25
274053,0
274054,53
274055,0
274056,0
274057,0
274058,0
274059,0
274060,0
274061,0
274062,0
274063,0
274064,0
274065,0
274066,0
274067,0
274068,0
274069,20
274070,0
274071,0
274072,0
274073,0
274074,0
274075,0
274076,42
274077,0
274078,0
274079,0
274080,0
274081,0
274082,21
274083,0
274084,0
274085,0
274086,0
274087,0
274088,0
274089,0
274090,0
274091,0
274092,0
274093,0
274094,0
274095,0
274096,0
274097,0
274098,0
274099,0
274100,0
274101,0
274102,0
274103,12
274104,0
274105,0
274106,0
274107,0
274108,0
274109,0
274110,0
274111,0
274112,0
274113,0
274114,0
274115,0
274116,0
274117,0
274118,0
274119,0
274120,0
274121,0
274122,0
274123,0
274124,39
274125,0
274126,0
274127,0
274128,0
274129,0
274130,0
274131,0
274132,0
274133,0
274134,0
274135,0
274136,0
274137,0
274138,20
274139,0
274140,0
274141,0
274142,69
274143,14
274144,0
274145,0
274146,0
274147,0
274148,0
274149,0
274150,0
274151,0
274152,0
274153,30
274154,0
274155,0
274156,0
274157,19
274158,9
274159,0
274160,0
274161,0
274162,0
274163,0
274164,0
274165,0
274166,15
274167,0
274168,0
274169,0
274170,0
274171,0
274172,0
274173,0
274174,0
274175,0
274176,0
274177,0
274178,0
274179,0
274180,0
274181,0
274182,0
274183,0
274184,0
274185,0
274186,0
274187,0
274188,0
274189,0
274190,0
274191,8
274192,0
274193,0
274194,0
274195,0
274196,0
274197,0
274198,0
274199,0
274200,0
274201,0
274202,28
274203,0
274204,0
274205,0
274206,0
274207,0
274208,0
274209,0
274210,0
274211,0
274212,0
274213,0
274214,0
274215,0
274216,0
274217,27
274218,0
274219,34
274220,0
274221,0
274222,0
274223,0
274224,0
274225,0
274226,0
274227,0
274228,0
274229,0
274230,0
274231,0
274232,29
274233,0
274234,27
274235,0
274236,0
274237,0
274238,0
274239,0
274240,0
274241,0
274242,34
274243,0
274244,20
274245,0
274246,37
274247,33
274248,0
274249,0
274250,0
274251,0
274252,18
274253,0
274254,0
274255,0
274256,0
274257,41
274258,0
274259,0
274260,0
274261,0
274262,32
274263,0
274264,0
274265,0
274266,35
274267,0
274268,28
274269,26
274270,0
274271,0
274272,0
274273,0
274274,31
274275,0
274276,0
274277,0
274278,0
274279,17
274280,0
274281,24
274282,36
274283,45
274284,0
274285,48
274286,21
274287,0
274288,0
274289,30
274290,0
274291,0
274292,33
274293,0
274294,0
274295,0
274296,0
274297,0
274298,0
274299,0
274300,0
274301,30
274302,40
274303,0
274304,35
274305,0
274306,0
274307,39
274308,0
274309,0
274310,0
274311,24
274312,0
274313,0
274314,38
274315,12
274316,0
274317,0
274318,21
274319,0
274320,0
274321,0
274322,0
274323,0
274324,0
274325,31
274326,38
274327,19
274328,0
274329,0
274330,0
274331,0
274332,0
274333,0
274334,43
274335,0
274336,0
274337,33
274338,0
274339,0
274340,0
274341,0
274342,0
274343,0
274344,0
274345,0
274346,0
274347,0
274348,0
274349,32
274350,45
274351,0
274352,0
274353,0
274354,0
274355,0
274356,49
274357,0
274358,0
274359,33
274360,0
274361,0
274362,0
274363,0
274364,0
274365,38
274366,0
274367,36
274368,0
274369,0
274370,0
274371,0
274372,0
274373,0
274374,0
274375,30
274376,0
274377,0
274378,0
274379,0
274380,0
274381,39
274382,0
274383,0
274384,22
274385,0
274386,0
274387,0
274388,0
274389,0
274390,0
274391,32
274392,0
274393,58
274394,34
274395,0
274396,29
274397,24
274398,0
274399,24
274400,0
274401,0
274402,0
274403,0
274404,0
274405,15
274406,0
274407,24
274408,0
274409,0
274410,0
274411,0
274412,0
274413,0
274414,40
274415,0
274416,0
274417,0
274418,0
274419,0
274420,0
274421,18
274422,27
274423,0
274424,0
274425,0
274426,42
274427,0
274428,0
274429,0
274430,0
274431,0
274432,39
274433,34
274434,0
274435,0
274436,0
274437,0
274438,30
274439,43
274440,38
274441,0
274442,0
274443,0
274444,39
274445,41
274446,0
274447,0
274448,0
274449,0
274450,0
274451,0
274452,0
274453,0
274454,0
274455,31
274456,0
274457,0
274458,24
274459,0
274460,39
274461,0
274462,0
274463,0
274464,0
274465,0
274466,0
274467,36
274468,0
274469,21
274470,0
274471,0
274472,0
274473,0
274474,36
274475,0
274476,0
274477,37
274478,0
274479,0
274480,0
274481,24
274482,0
274483,0
274484,31
274485,41
274486,31
274487,0
274488,0
274489,0
274490,34
274491,0
274492,0
274493,32
274494,26
274495,30
274496,0
274497,0
274498,30
274499,0
274500,57
274501,0
274502,0
274503,0
274504,0
274505,0
274506,0
274507,51
274508,0
274509,0
274510,53
274511,39
274512,0
274513,30
274514,0
274515,0
274516,0
274517,0
274518,0
274519,21
274520,0
274521,0
274522,0
274523,0
274524,0
274525,0
274526,0
274527,24
274528,0
274529,0
274530,0
274531,26
274532,0
274533,0
274534,0
274535,0
274536,0
274537,0
274538,0
274539,0
274540,49
274541,28
274542,0
274543,0
274544,0
274545,0
274546,28
274547,29
274548,0
274549,0
274550,34
274551,42
274552,0
274553,0
274554,0
274555,0
274556,31
274557,36
274558,0
274559,0
274560,0
274561,32
274562,0
274563,0
274564,32
274565,0
274566,32
274567,36
274568,0
274569,0
274570,0
274571,54
274572,0
274573,0
274574,0
274575,0
274576,0
274577,0
274578,0
274579,0
274580,0
274581,0
274582,0
274583,0
274584,0
274585,40
274586,0
274587,0
274588,0
274589,0
274590,0
274591,35
274592,0
274593,29
274594,0
274595,0
274596,0
274597,0
274598,0
274599,47
274600,0
274601,39
274602,28
274603,32
274604,0
274605,0
274606,0
274607,0
274608,33
274609,30
274610,0
274611,0
274612,0
274613,0
274614,0
274615,42
274616,52
274617,0
274618,0
274619,0
274620,0
274621,42
274622,0
274623,0
274624,0
274625,0
274626,0
274627,0
274628,0
274629,0
274630,0
274631,0
274632,0
274633,0
274634,0
274635,0
274636,0
274637,33
274638,0
274639,0
274640,0
274641,38
274642,0
274643,0
274644,0
274645,0
274646,0
274647,0
274648,0
274649,0
274650,33
274651,0
274652,0
274653,40
274654,0
274655,0
274656,46
274657,41
274658,34
274659,38
274660,0
274661,0
274662,0
274663,0
274664,0
274665,27
274666,0
274667,0
274668,0
274669,36
274670,0
274671,0
274672,0
274673,0
274674,0
274675,0
274676,39
274677,0
274678,31
274679,0
274680,0
274681,0
274682,0
274683,0
274684,42
274685,0
274686,0
274687,0
274688,0
274689,36
274690,0
274691,0
274692,0
274693,0
274694,0
274695,29
274696,0
274697,0
274698,41
274699,0
274700,0
274701,0
274702,0
274703,36
274704,28
274705,38
274706,0
274707,29
274708,0
274709,0
274710,0
274711,0
274712,4
274713,0
274714,0
274715,0
274716,0
274717,0
274718,0
274719,2
274720,0
274721,0
274722,0
274723,3
274724,0
274725,0
274726,0
274727,0
274728,3
274729,0
274730,0
274731,0
274732,0
274733,0
274734,0
274735,3
274736,0
274737,0
274738,0
274739,0
274740,0
274741,3
274742,0
274743,0
274744,0
274745,0
274746,5
274747,2
274748,0
274749,4
274750,2
274751,3
274752,3
274753,0
274754,0
274755,1
274756,0
274757,1
274758,0
274759,0
274760,0
274761,0
274762,0
274763,0
274764,2
274765,0
274766,0
274767,0
274768,0
274769,0
274770,0
274771,5
274772,0
274773,0
274774,0
274775,0
274776,0
274777,0
274778,0
274779,3
274780,2
274781,0
274782,0
274783,0
274784,0
274785,0
274786,0
274787,2
274788,0
274789,0
274790,0
274791,0
274792,7
274793,4
274794,8
274795,0
274796,8
274797,0
274798,0
274799,0
274800,0
274801,0
274802,0
274803,0
274804,0
274805,9
274806,4
274807,0
274808,0
274809,0
274810,5
274811,6
274812,7
274813,5
274814,3
274815,7
274816,0
274817,0
274818,0
274819,3
274820,0
274821,0
274822,0
274823,3
274824,2
274825,0
274826,0
274827,0
274828,0
274829,0
274830,0
274831,5
274832,3
274833,0
274834,6
274835,0
274836,0
274837,0
274838,3
274839,0
274840,0
274841,0
274842,0
274843,3
274844,0
274845,0
274846,3
274847,0
274848,0
274849,0
274850,0
274851,0
274852,0
274853,0
274854,0
274855,0
274856,0
274857,0
274858,0
274859,3
274860,1
274861,0
274862,0
274863,0
274864,0
274865,0
274866,0
274867,3
274868,0
274869,0
274870,4
274871,0
274872,0
274873,0
274874,2
274875,0
274876,0
274877,0
274878,0
274879,0
274880,0
274881,5
274882,0
274883,0
274884,2
274885,0
274886,5
274887,2
274888,0
274889,2
274890,0
274891,6
274892,0
274893,1
274894,6
274895,0
274896,0
274897,0
274898,0
274899,0
274900,3
274901,0
274902,0
274903,1
274904,2
274905,0
274906,0
274907,0
274908,5
274909,0
274910,0
274911,5
274912,0
274913,0
274914,0
274915,0
274916,0
274917,0
274918,1
274919,0
274920,2
274921,3
274922,0
274923,0
274924,0
274925,0
274926,0
274927,0
274928,0
274929,0
274930,7
274931,0
274932,0
274933,0
274934,0
274935,0
274936,4
274937,0
274938,3
274939,0
274940,0
274941,1
274942,0
274943,0
274944,0
274945,5
274946,0
274947,0
274948,1
274949,0
274950,0
274951,0
274952,0
274953,0
274954,0
274955,0
274956,0
274957,0
274958,0
274959,0
274960,0
274961,0
274962,0
274963,0
274964,2
274965,4
274966,0
274967,0
274968,0
274969,0
274970,0
274971,2
274972,3
274973,0
274974,0
274975,7
274976,7
274977,0
274978,2
274979,0
274980,0
274981,0
274982,0
274983,3
274984,0
274985,0
274986,0
274987,0
274988,0
274989,0
274990,3
274991,1
274992,0
274993,0
274994,5
274995,0
274996,0
274997,0
274998,0
274999,4
275000,0
275001,0
275002,2
275003,0
275004,6
275005,3
275006,0
275007,2
275008,0
275009,0
275010,2
275011,4
275012,0
275013,0
275014,0
275015,2
275016,0
275017,0
275018,5
275019,0
275020,0
275021,0
275022,0
275023,0
275024,0
275025,3
275026,0
275027,0
275028,5
275029,0
275030,0
275031,0
275032,0
275033,0
275034,0
275035,0
275036,5
275037,4
275038,0
275039,0
275040,5
275041,0
275042,0
275043,1
275044,0
275045,4
275046,0
275047,0
275048,0
275049,0
275050,0
275051,0
275052,1
275053,0
275054,5
275055,0
275056,4
275057,0
275058,0
275059,0
275060,0
275061,0
275062,0
275063,4
275064,0
275065,0
275066,0
275067,0
275068,0
275069,0
275070,0
275071,0
275072,3
275073,3
275074,0
275075,0
275076,0
275077,4
275078,0
275079,0
275080,0
275081,0
275082,0
275083,0
275084,0
275085,0
275086,2
275087,0
275088,0
275089,2
275090,0
275091,0
275092,0
275093,0
275094,0
275095,0
275096,0
275097,0
275098,4
275099,2
275100,0
275101,0
275102,0
275103,0
275104,3
275105,0
275106,0
275107,0
275108,3
275109,0
275110,6
275111,5
275112,0
275113,0
275114,4
275115,0
275116,0
275117,1
275118,0
275119,0
275120,0
275121,0
275122,0
275123,0
275124,0
275125,0
275126,0
275127,0
275128,0
275129,0
275130,7
275131,4
275132,0
275133,0
275134,0
275135,0
275136,0
275137,0
275138,0
275139,3
275140,0
275141,0
275142,0
275143,0
275144,0
275145,0
275146,5
275147,2
275148,0
275149,0
275150,0
275151,4
275152,1
275153,0
275154,0
275155,0
275156,0
275157,1
275158,0
275159,1
275160,0
275161,0
275162,2
275163,5
275164,0
275165,2
275166,0
275167,0
275168,3
275169,4
275170,3
275171,0
275172,0
275173,0
275174,0
275175,0
275176,0
275177,0
275178,0
275179,0
275180,0
275181,3
275182,0
275183,0
275184,0
275185,0
275186,0
275187,8
275188,0
275189,0
275190,5
275191,0
275192,0
275193,0
275194,3
275195,0
275196,0
275197,0
275198,0
275199,0
275200,0
275201,0
275202,0
275203,5
275204,0
275205,0
275206,0
275207,0
275208,0
275209,0
275210,2
275211,0
275212,0
275213,0
275214,0
275215,0
275216,0
275217,0
275218,0
275219,10
275220,3
275221,2
275222,0
275223,0
275224,0
275225,0
275226,0
275227,0
275228,0
275229,6
275230,0
275231,0
275232,0
275233,6
275234,0
275235,0
275236,0
275237,0
275238,0
275239,0
275240,0
275241,7
275242,0
275243,0
275244,0
275245,0
275246,0
275247,5
275248,0
275249,0
275250,0
275251,0
275252,0
275253,0
275254,3
275255,0
275256,0
275257,0
275258,0
275259,0
275260,0
275261,2
275262,0
275263,0
275264,0
275265,0
275266,0
275267,0
275268,6
275269,0
275270,0
275271,0
275272,0
275273,2
275274,0
275275,4
275276,3
275277,0
275278,0
275279,0
275280,5
275281,4
275282,5
275283,4
275284,3
275285,0
275286,0
275287,0
275288,9
275289,0
275290,0
275291,5
275292,0
275293,0
275294,1
275295,0
275296,0
275297,0
275298,0
275299,5
275300,3
275301,3
275302,0
275303,0
275304,0
275305,0
275306,0
275307,0
275308,5
275309,0
275310,0
275311,0
275312,0
275313,0
275314,0
275315,0
275316,0
275317,0
275318,0
275319,0
275320,2
275321,4
275322,0
275323,0
275324,3
275325,2
275326,0
275327,6
275328,0
275329,9
275330,0
275331,6
275332,3
275333,0
275334,0
275335,0
275336,2
275337,0
275338,0
275339,0
275340,0
275341,0
275342,0
275343,0
275344,4
275345,0
275346,4
275347,0
275348,1
275349,0
275350,3
275351,0
275352,0
275353,0
275354,0
275355,4
275356,0
275357,0
275358,0
275359,0
275360,0
275361,0
275362,0
275363,0
275364,0
275365,0
275366,0
275367,0
275368,0
275369,0
275370,0
275371,0
275372,0
275373,0
275374,0
275375,0
275376,0
275377,0
275378,0
275379,0
275380,0
275381,0
275382,0
275383,0
275384,0
275385,0
275386,0
275387,0
275388,0
275389,0
275390,0
275391,0
275392,0
275393,0
275394,0
275395,0
275396,0
275397,0
275398,0
275399,0
275400,0
275401,0
275402,0
275403,0
275404,0
275405,0
275406,0
275407,0
275408,0
275409,0
275410,0
275411,0
275412,0
275413,0
275414,0
275415,0
275416,0
275417,0
275418,0
275419,0
275420,0
275421,0
275422,0
275423,0
275424,0
275425,0
275426,0
275427,0
275428,0
275429,0
275430,0
275431,0
275432,0
275433,0
275434,0
275435,0
275436,0
275437,0
275438,0
275439,0
275440,0
275441,0
275442,0
275443,0
275444,0
275445,0
275446,0
275447,0
275448,0
275449,0
275450,0
275451,0
275452,0
275453,0
275454,0
275455,0
275456,0
275457,0
275458,0
275459,0
275460,0
275461,0
275462,0
275463,0
275464,0
275465,0
275466,0
275467,0
275468,0
275469,0
275470,0
275471,0
275472,0
275473,0
275474,0
275475,0
275476,0
275477,0
275478,1
275479,0
275480,0
275481,0
275482,0
275483,0
275484,0
275485,0
275486,0
275487,0
275488,0
275489,0
275490,0
275491,0
275492,0
275493,0
275494,0
275495,0
275496,0
275497,0
275498,0
275499,0
275500,0
275501,0
275502,0
275503,0
275504,0
275505,0
275506,0
275507,0
275508,0
275509,0
275510,0
275511,0
275512,0
275513,0
275514,0
275515,0
275516,0
275517,0
275518,0
275519,0
275520,0
275521,0
275522,0
275523,0
275524,0
275525,0
275526,0
275527,0
275528,0
275529,0
275530,0
275531,0
275532,0
275533,0
275534,0
275535,0
275536,0
275537,0
275538,0
275539,0
275540,0
275541,0
275542,0
275543,0
275544,0
275545,0
275546,0
275547,0
275548,0
275549,0
275550,0
275551,0
275552,0
275553,0
275554,0
275555,0
275556,0
275557,0
275558,0
275559,0
275560,0
275561,0
275562,0
275563,0
275564,0
275565,0
275566,0
275567,0
275568,0
275569,0
275570,0
275571,0
275572,0
275573,0
275574,0
275575,0
275576,0
275577,0
275578,0
275579,0
275580,0
275581,0
275582,0
275583,0
275584,0
275585,0
275586,0
275587,0
275588,0
275589,0
275590,0
275591,0
275592,0
275593,0
275594,0
275595,0
275596,0
275597,0
275598,0
275599,0
275600,0
275601,0
275602,0
275603,0
275604,0
275605,0
275606,0
275607,0
275608,0
275609,0
275610,0
275611,0
275612,0
275613,0
275614,0
275615,0
275616,0
275617,0
275618,0
275619,0
275620,0
275621,0
275622,0
275623,0
275624,0
275625,0
275626,0
275627,0
275628,0
275629,0
275630,0
275631,0
275632,0
275633,0
275634,0
275635,0
275636,0
275637,0
275638,0
275639,0
275640,0
275641,0
275642,0
275643,0
275644,0
275645,0
275646,0
275647,0
275648,0
275649,0
275650,0
275651,0
275652,0
275653,0
275654,0
275655,0
275656,0
275657,0
275658,0
275659,0
275660,0
275661,0
275662,0
275663,0
275664,0
275665,0
275666,0
275667,0
275668,0
275669,0
275670,0
275671,0
275672,0
275673,0
275674,0
275675,0
275676,0
275677,0
275678,0
275679,0
275680,0
275681,0
275682,0
275683,0
275684,0
275685,0
275686,0
275687,0
275688,0
275689,0
275690,0
275691,0
275692,0
275693,0
275694,0
275695,0
275696,0
275697,0
275698,0
275699,0
275700,0
275701,0
275702,0
275703,0
275704,0
275705,0
275706,0
275707,0
275708,0
275709,0
275710,0
275711,0
275712,0
275713,0
275714,0
275715,0
275716,0
275717,0
275718,0
275719,0
275720,0
275721,0
275722,0
275723,0
275724,0
275725,0
275726,0
275727,0
275728,0
275729,0
275730,0
275731,0
275732,0
275733,0
275734,0
275735,0
275736,0
275737,0
275738,0
275739,0
275740,0
275741,0
275742,0
275743,0
275744,0
275745,0
275746,0
275747,0
275748,0
275749,0
275750,0
275751,0
275752,0
275753,0
275754,0
275755,0
275756,0
275757,0
275758,0
275759,0
275760,0
275761,0
275762,0
275763,0
275764,0
275765,0
275766,0
275767,0
275768,0
275769,0
275770,0
275771,0
275772,0
275773,0
275774,0
275775,0
275776,0
275777,0
275778,0
275779,0
275780,0
275781,0
275782,0
275783,0
275784,0
275785,0
275786,0
275787,0
275788,0
275789,0
275790,0
275791,0
275792,0
275793,0
275794,0
275795,0
275796,0
275797,0
275798,0
275799,15
275800,16
275801,0
275802,0
275803,0
275804,0
275805,0
275806,9
275807,0
275808,0
275809,0
275810,0
275811,0
275812,0
275813,0
275814,0
275815,0
275816,0
275817,0
275818,11
275819,13
275820,10
275821,14
275822,0
275823,0
275824,0
275825,0
275826,0
275827,11
275828,0
275829,0
275830,11
275831,0
275832,13
275833,0
275834,0
275835,0
275836,0
275837,0
275838,0
275839,0
275840,14
275841,0
275842,0
275843,0
275844,0
275845,8
275846,0
275847,14
275848,0
275849,0
275850,0
275851,0
275852,0
275853,0
275854,0
275855,0
275856,0
275857,0
275858,0
275859,15
275860,12
275861,0
275862,0
275863,11
275864,0
275865,13
275866,0
275867,5
275868,0
275869,0
275870,0
275871,7
275872,0
275873,0
275874,0
275875,0
275876,9
275877,6
275878,0
275879,0
275880,10
275881,0
275882,0
275883,15
275884,0
275885,0
275886,0
275887,0
275888,0
275889,0
275890,10
275891,0
275892,9
275893,0
275894,11
275895,0
275896,0
275897,0
275898,0
275899,0
275900,0
275901,0
275902,0
275903,0
275904,0
275905,7
275906,0
275907,12
275908,0
275909,15
275910,7
275911,0
275912,18
275913,9
275914,0
275915,0
275916,11
275917,13
275918,0
275919,0
275920,0
275921,8
275922,0
275923,0
275924,0
275925,0
275926,0
275927,9
275928,0
275929,0
275930,0
275931,0
275932,0
275933,12
275934,5
275935,0
275936,0
275937,0
275938,9
275939,0
275940,13
275941,10
275942,0
275943,0
275944,0
275945,0
275946,0
275947,9
275948,0
275949,0
275950,0
275951,0
275952,7
275953,0
275954,0
275955,0
275956,4
275957,0
275958,0
275959,0
275960,0
275961,0
275962,0
275963,13
275964,0
275965,0
275966,0
275967,0
275968,0
275969,0
275970,0
275971,14
275972,0
275973,0
275974,11
275975,14
275976,6
275977,0
275978,0
275979,8
275980,0
275981,0
275982,0
275983,0
275984,0
275985,0
275986,10
275987,0
275988,13
275989,11
275990,0
275991,8
275992,15
275993,0
275994,0
275995,12
275996,0
275997,0
275998,9
275999,0
276000,0
276001,0
276002,0
276003,12
276004,0
276005,0
276006,0
276007,0
276008,0
276009,9
276010,0
276011,0
276012,0
276013,0
276014,10
276015,0
276016,0
276017,0
276018,0
276019,18
276020,0
276021,8
276022,12
276023,0
276024,5
276025,0
276026,0
276027,0
276028,0
276029,0
276030,8
276031,0
276032,0
276033,12
276034,6
276035,0
276036,0
276037,0
276038,0
276039,0
276040,0
276041,9
276042,0
276043,12
276044,0
276045,0
276046,0
276047,0
276048,0
276049,0
276050,0
276051,0
276052,0
276053,10
276054,0
276055,0
276056,9
276057,15
276058,0
276059,0
276060,0
276061,0
276062,0
276063,9
276064,0
276065,0
276066,0
276067,0
276068,9
276069,0
276070,0
276071,0
276072,9
276073,0
276074,0
276075,0
276076,0
276077,0
276078,0
276079,8
276080,0
276081,11
276082,0
276083,6
276084,0
276085,0
276086,0
276087,0
276088,9
276089,0
276090,0
276091,0
276092,0
276093,0
276094,0
276095,0
276096,0
276097,0
276098,0
276099,15
276100,0
276101,1
276102,12
276103,10
276104,0
276105,0
276106,0
276107,0
276108,0
276109,0
276110,0
276111,0
276112,0
276113,0
276114,0
276115,0
276116,0
276117,6
276118,0
276119,3
276120,13
276121,0
276122,0
276123,15
276124,0
276125,0
276126,0
276127,0
276128,0
276129,0
276130,0
276131,0
276132,0
276133,9
276134,0
276135,0
276136,10
276137,0
276138,0
276139,0
276140,0
276141,0
276142,5
276143,0
276144,13
276145,9
276146,0
276147,0
276148,0
276149,12
276150,0
276151,0
276152,0
276153,0
276154,0
276155,0
276156,0
276157,0
276158,8
276159,0
276160,0
276161,14
276162,0
276163,0
276164,0
276165,12
276166,7
276167,0
276168,0
276169,0
276170,19
276171,0
276172,18
276173,0
276174,0
276175,15
276176,13
276177,14
276178,12
276179,0
276180,0
276181,0
276182,0
276183,0
276184,0
276185,0
276186,0
276187,18
276188,0
276189,0
276190,10
276191,8
276192,0
276193,4
276194,0
276195,0
276196,0
276197,0
276198,0
276199,0
276200,0
276201,11
276202,0
276203,0
276204,0
276205,0
276206,0
276207,7
276208,6
276209,0
276210,12
276211,0
276212,0
276213,0
276214,15
276215,0
276216,0
276217,0
276218,0
276219,0
276220,0
276221,0
276222,0
276223,6
276224,0
276225,0
276226,0
276227,0
276228,0
276229,0
276230,0
276231,15
276232,0
276233,0
276234,0
276235,0
276236,0
276237,0
276238,0
276239,0
276240,13
276241,11
276242,0
276243,0
276244,0
276245,0
276246,0
276247,0
276248,0
276249,0
276250,12
276251,0
276252,0
276253,11
276254,0
276255,0
276256,0
276257,0
276258,0
276259,13
276260,0
276261,0
276262,0
276263,9
276264,0
276265,14
276266,0
276267,0
276268,10
276269,0
276270,0
276271,0
276272,0
276273,0
276274,0
276275,0
276276,10
276277,0
276278,17
276279,0
276280,0
276281,10
276282,0
276283,8
276284,0
276285,0
276286,0
276287,0
276288,6
276289,0
276290,9
276291,0
276292,7
276293,0
276294,16
276295,0
276296,0
276297,6
276298,0
276299,10
276300,0
276301,0
276302,0
276303,0
276304,9
276305,16
276306,0
276307,0
276308,0
276309,0
276310,0
276311,0
276312,0
276313,0
276314,12
276315,0
276316,0
276317,17
276318,8
276319,0
276320,0
276321,0
276322,0
276323,0
276324,10
276325,0
276326,7
276327,10
276328,16
276329,6
276330,0
276331,0
276332,0
276333,0
276334,11
276335,0
276336,0
276337,5
276338,0
276339,11
276340,0
276341,0
276342,0
276343,9
276344,0
276345,0
276346,0
276347,0
276348,0
276349,0
276350,6
276351,0
276352,0
276353,15
276354,0
276355,0
276356,0
276357,0
276358,0
276359,0
276360,11
276361,13
276362,12
276363,0
276364,0
276365,0
276366,0
276367,21
276368,0
276369,16
276370,15
276371,0
276372,14
276373,0
276374,0
276375,0
276376,17
276377,0
276378,17
276379,16
276380,15
276381,0
276382,0
276383,0
276384,0
276385,18
276386,0
276387,0
276388,0
276389,0
276390,0
276391,9
276392,0
276393,0
276394,0
276395,8
276396,0
276397,0
276398,0
276399,0
276400,0
276401,0
276402,0
276403,0
276404,0
276405,15
276406,8
276407,0
276408,0
276409,27
276410,0
276411,0
276412,0
276413,0
276414,0
276415,23
276416,0
276417,0
276418,0
276419,0
276420,0
276421,0
276422,0
276423,0
276424,0
276425,0
276426,19
276427,0
276428,0
276429,0
276430,0
276431,0
276432,21
276433,0
276434,0
276435,13
276436,0
276437,0
276438,14
276439,15
276440,0
276441,0
276442,0
276443,20
276444,0
276445,0
276446,0
276447,0
276448,16
276449,0
276450,0
276451,0
276452,0
276453,0
276454,0
276455,0
276456,0
276457,7
276458,0
276459,0
276460,0
276461,0
276462,0
276463,20
276464,0
276465,0
276466,17
276467,13
276468,0
276469,21
276470,0
276471,0
276472,0
276473,0
276474,0
276475,0
276476,0
276477,16
276478,0
276479,0
276480,16
276481,0
276482,29
276483,0
276484,0
276485,0
276486,19
276487,0
276488,20
276489,0
276490,0
276491,0
276492,0
276493,0
276494,0
276495,0
276496,0
276497,0
276498,14
276499,0
276500,0
276501,0
276502,0
276503,0
276504,0
276505,0
276506,0
276507,0
276508,0
276509,0
276510,20
276511,0
276512,0
276513,0
276514,0
276515,19
276516,0
276517,0
276518,13
276519,0
276520,0
276521,0
276522,15
276523,8
276524,0
276525,0
276526,0
276527,0
276528,0
276529,0
276530,0
276531,0
276532,0
276533,0
276534,0
276535,21
276536,13
276537,0
276538,0
276539,15
276540,16
276541,0
276542,0
276543,9
276544,11
276545,0
276546,0
276547,0
276548,22
276549,15
276550,13
276551,0
276552,0
276553,0
276554,0
276555,11
276556,0
276557,0
276558,0
276559,22
276560,0
276561,0
276562,0
276563,12
276564,0
276565,19
276566,12
276567,13
276568,0
276569,13
276570,0
276571,22
276572,0
276573,11
276574,0
276575,0
276576,0
276577,0
276578,0
276579,0
276580,0
276581,0
276582,10
276583,17
276584,7
276585,0
276586,0
276587,0
276588,0
276589,0
276590,12
276591,0
276592,20
276593,0
276594,0
276595,0
276596,0
276597,0
276598,0
276599,0
276600,0
276601,0
276602,0
276603,18
276604,14
276605,0
276606,0
276607,0
276608,0
276609,0
276610,0
276611,0
276612,0
276613,0
276614,0
276615,0
276616,0
276617,0
276618,0
276619,15
276620,0
276621,0
276622,0
276623,0
276624,10
276625,26
276626,16
276627,0
276628,0
276629,0
276630,13
276631,0
276632,14
276633,0
276634,0
276635,0
276636,0
276637,0
276638,0
276639,0
276640,0
276641,0
276642,0
276643,8
276644,0
276645,11
276646,0
276647,0
276648,0
276649,0
276650,17
276651,10
276652,0
276653,0
276654,0
276655,10
276656,0
276657,0
276658,11
276659,17
276660,0
276661,17
276662,12
276663,11
276664,0
276665,0
276666,0
276667,0
276668,0
276669,0
276670,0
276671,15
276672,0
276673,22
276674,6
276675,0
276676,0
276677,0
276678,0
276679,0
276680,0
276681,0
276682,0
276683,0
276684,0
276685,0
276686,0
276687,0
276688,0
276689,0
276690,9
276691,0
276692,0
276693,0
276694,0
276695,0
276696,0
276697,0
276698,0
276699,10
276700,0
276701,0
276702,18
276703,22
276704,0
276705,0
276706,0
276707,0
276708,6
276709,0
276710,0
276711,0
276712,0
276713,0
276714,10
276715,0
276716,0
276717,19
276718,0
276719,21
276720,0
276721,0
276722,0
276723,0
276724,0
276725,0
276726,0
276727,13
276728,0
276729,13
276730,0
276731,14
276732,0
276733,0
276734,0
276735,0
276736,0
276737,0
276738,0
276739,0
276740,11
276741,0
276742,0
276743,0
276744,0
276745,0
276746,0
276747,15
276748,16
276749,0
276750,0
276751,0
276752,0
276753,12
276754,18
276755,0
276756,15
276757,0
276758,0
276759,0
276760,0
276761,0
276762,0
276763,0
276764,14
276765,0
276766,0
276767,0
276768,0
276769,0
276770,16
276771,0
276772,0
276773,0
276774,0
276775,0
276776,10
276777,20
276778,0
276779,0
276780,0
276781,0
276782,0
276783,0
276784,0
276785,0
276786,0
276787,0
276788,0
276789,0
276790,14
276791,0
276792,0
276793,0
276794,0
276795,0
276796,0
276797,14
276798,0
276799,11
276800,0
276801,0
276802,0
276803,18
276804,16
276805,0
276806,0
276807,0
276808,14
276809,0
276810,0
276811,0
276812,0
276813,0
276814,18
276815,25
276816,0
276817,21
276818,0
276819,29
276820,0
276821,13
276822,0
276823,0
276824,0
276825,0
276826,0
276827,15
276828,20
276829,11
276830,12
276831,0
276832,0
276833,0
276834,0
276835,0
276836,0
276837,0
276838,0
276839,0
276840,0
276841,0
276842,0
276843,0
276844,0
276845,22
276846,0
276847,0
276848,30
276849,0
276850,24
276851,45
276852,0
276853,36
276854,40
276855,0
276856,0
276857,30
276858,0
276859,0
276860,35
276861,0
276862,0
276863,0
276864,0
276865,0
276866,0
276867,0
276868,0
276869,0
276870,0
276871,27
276872,0
276873,0
276874,0
276875,0
276876,0
276877,0
276878,22
276879,19
276880,0
276881,56
276882,0
276883,0
276884,0
276885,20
276886,0
276887,0
276888,0
276889,0
276890,19
276891,22
276892,0
276893,0
276894,0
276895,0
276896,0
276897,30
276898,0
276899,0
276900,0
276901,0
276902,0
276903,19
276904,0
276905,0
276906,0
276907,31
276908,0
276909,0
276910,0
276911,35
276912,0
276913,0
276914,0
276915,0
276916,0
276917,0
276918,0
276919,29
276920,0
276921,33
276922,0
276923,0
276924,0
276925,21
276926,26
276927,29
276928,0
276929,23
276930,20
276931,0
276932,0
276933,0
276934,0
276935,0
276936,29
276937,20
276938,0
276939,25
276940,0
276941,0
276942,0
276943,30
276944,0
276945,0
276946,0
276947,0
276948,0
276949,0
276950,0
276951,0
276952,28
276953,0
276954,0
276955,0
276956,0
276957,0
276958,29
276959,0
276960,0
276961,0
276962,0
276963,0
276964,0
276965,32
276966,0
276967,28
276968,0
276969,0
276970,0
276971,0
276972,0
276973,0
276974,0
276975,0
276976,24
276977,0
276978,0
276979,0
276980,0
276981,0
276982,21
276983,0
276984,0
276985,48
276986,0
276987,27
276988,0
276989,27
276990,0
276991,29
276992,0
276993,23
276994,36
276995,0
276996,0
276997,0
276998,0
276999,41
277000,0
277001,0
277002,0
277003,0
277004,0
277005,39
277006,17
277007,0
277008,0
277009,38
277010,36
277011,0
277012,0
277013,0
277014,0
277015,0
277016,0
277017,0
277018,0
277019,0
277020,0
277021,0
277022,51
277023,0
277024,35
277025,9
277026,0
277027,0
277028,0
277029,36
277030,0
277031,0
277032,0
277033,28
277034,17
277035,22
277036,0
277037,22
277038,0
277039,0
277040,0
277041,0
277042,39
277043,0
277044,35
277045,0
277046,0
277047,0
277048,0
277049,0
277050,0
277051,0
277052,0
277053,0
277054,0
277055,0
277056,29
277057,0
277058,0
277059,0
277060,0
277061,22
277062,0
277063,0
277064,0
277065,0
277066,31
277067,0
277068,0
277069,0
277070,0
277071,0
277072,0
277073,0
277074,0
277075,0
277076,0
277077,0
277078,39
277079,0
277080,33
277081,0
277082,0
277083,0
277084,0
277085,0
277086,0
277087,0
277088,0
277089,0
277090,0
277091,0
277092,0
277093,0
277094,35
277095,0
277096,36
277097,0
277098,0
277099,0
277100,0
277101,0
277102,0
277103,0
277104,0
277105,0
277106,32
277107,0
277108,0
277109,0
277110,0
277111,22
277112,0
277113,32
277114,40
277115,0
277116,0
277117,28
277118,0
277119,0
277120,0
277121,25
277122,0
277123,0
277124,0
277125,0
277126,0
277127,0
277128,39
277129,37
277130,45
277131,0
277132,0
277133,0
277134,46
277135,0
277136,0
277137,24
277138,0
277139,0
277140,0
277141,0
277142,28
277143,0
277144,0
277145,0
277146,35
277147,0
277148,0
277149,39
277150,0
277151,33
277152,0
277153,0
277154,0
277155,0
277156,0
277157,0
277158,0
277159,0
277160,0
277161,0
277162,0
277163,0
277164,0
277165,24
277166,51
277167,27
277168,32
277169,28
277170,0
277171,0
277172,0
277173,0
277174,0
277175,0
277176,0
277177,36
277178,0
277179,0
277180,0
277181,0
277182,0
277183,37
277184,0
277185,41
277186,0
277187,0
277188,0
277189,0
277190,0
277191,0
277192,37
277193,0
277194,0
277195,0
277196,0
277197,0
277198,0
277199,0
277200,0
277201,0
277202,0
277203,0
277204,27
277205,0
277206,0
277207,0
277208,31
277209,0
277210,0
277211,0
277212,0
277213,18
277214,0
277215,0
277216,0
277217,0
277218,17
277219,0
277220,0
277221,0
277222,21
277223,0
277224,30
277225,0
277226,0
277227,32
277228,0
277229,0
277230,0
277231,0
277232,0
277233,0
277234,0
277235,0
277236,44
277237,0
277238,0
277239,0
277240,0
277241,47
277242,24
277243,36
277244,0
277245,0
277246,0
277247,0
277248,0
277249,0
277250,0
277251,0
277252,0
277253,0
277254,26
277255,0
277256,0
277257,0
277258,0
277259,0
277260,0
277261,0
277262,0
277263,0
277264,0
277265,0
277266,0
277267,0
277268,0
277269,0
277270,0
277271,0
277272,0
277273,0
277274,0
277275,0
277276,0
277277,0
277278,0
277279,0
277280,34
277281,9
277282,22
277283,0
277284,23
277285,0
277286,0
277287,0
277288,0
277289,0
277290,0
277291,0
277292,0
277293,0
277294,0
277295,0
277296,0
277297,0
277298,12
277299,0
277300,0
277301,0
277302,24
277303,0
277304,0
277305,0
277306,0
277307,23
277308,0
277309,0
277310,0
277311,21
277312,0
277313,0
277314,0
277315,0
277316,0
277317,0
277318,0
277319,0
277320,0
277321,0
277322,0
277323,36
277324,0
277325,0
277326,0
277327,0
277328,0
277329,0
277330,0
277331,0
277332,0
277333,0
277334,0
277335,0
277336,0
277337,0
277338,0
277339,0
277340,0
277341,0
277342,0
277343,0
277344,0
277345,0
277346,0
277347,0
277348,0
277349,0
277350,27
277351,25
277352,0
277353,0
277354,0
277355,0
277356,0
277357,0
277358,0
277359,0
277360,0
277361,0
277362,0
277363,0
277364,0
277365,0
277366,0
277367,0
277368,0
277369,0
277370,0
277371,0
277372,0
277373,0
277374,0
277375,0
277376,25
277377,0
277378,0
277379,0
277380,30
277381,0
277382,0
277383,0
277384,0
277385,31
277386,0
277387,0
277388,0
277389,0
277390,12
277391,0
277392,0
277393,0
277394,0
277395,0
277396,0
277397,0
277398,0
277399,24
277400,0
277401,0
277402,0
277403,0
277404,0
277405,28
277406,0
277407,0
277408,0
277409,0
277410,14
277411,0
277412,0
277413,0
277414,0
277415,14
277416,0
277417,0
277418,21
277419,0
277420,28
277421,0
277422,0
277423,0
277424,0
277425,0
277426,0
277427,0
277428,0
277429,0
277430,0
277431,0
277432,0
277433,0
277434,0
277435,0
277436,0
277437,0
277438,14
277439,0
277440,0
277441,0
277442,0
277443,0
277444,0
277445,0
277446,0
277447,0
277448,0
277449,0
277450,0
277451,22
277452,0
277453,0
277454,23
277455,0
277456,0
277457,0
277458,19
277459,0
277460,0
277461,26
277462,0
277463,0
277464,0
277465,0
277466,0
277467,0
277468,0
277469,0
277470,15
277471,0
277472,0
277473,0
277474,22
277475,0
277476,0
277477,12
277478,0
277479,0
277480,0
277481,0
277482,0
277483,0
277484,0
277485,0
277486,0
277487,0
277488,0
277489,0
277490,0
277491,0
277492,0
277493,0
277494,0
277495,0
277496,0
277497,0
277498,18
277499,0
277500,0
277501,0
277502,0
277503,41
277504,0
277505,0
277506,0
277507,0
277508,0
277509,19
277510,0
277511,22
277512,0
277513,0
277514,35
277515,0
277516,0
277517,0
277518,0
277519,0
277520,0
277521,0
277522,0
277523,0
277524,0
277525,0
277526,14
277527,8
277528,0
277529,0
277530,0
277531,0
277532,0
277533,0
277534,0
277535,17
277536,0
277537,0
277538,22
277539,17
277540,0
277541,0
277542,0
277543,0
277544,0
277545,0
277546,0
277547,0
277548,0
277549,0
277550,0
277551,0
277552,0
277553,21
277554,0
277555,0
277556,0
277557,0
277558,0
277559,0
277560,0
277561,0
277562,0
277563,0
277564,0
277565,0
277566,0
277567,0
277568,0
277569,0
277570,0
277571,0
277572,0
277573,0
277574,0
277575,0
277576,0
277577,0
277578,0
277579,0
277580,0
277581,0
277582,24
277583,0
277584,0
277585,0
277586,0
277587,0
277588,0
277589,0
277590,0
277591,0
277592,0
277593,0
277594,0
277595,0
277596,0
277597,0
277598,0
277599,0
277600,0
277601,11
277602,0
277603,16
277604,0
277605,0
277606,0
277607,0
277608,0
277609,0
277610,19
277611,24
277612,0
277613,0
277614,0
277615,0
277616,0
277617,0
277618,0
277619,0
277620,0
277621,0
277622,18
277623,0
277624,0
277625,0
277626,0
277627,0
277628,0
277629,0
277630,0
277631,0
277632,0
277633,0
277634,0
277635,0
277636,0
277637,0
277638,0
277639,0
277640,0
277641,0
277642,0
277643,0
277644,0
277645,0
277646,0
277647,0
277648,0
277649,0
277650,0
277651,0
277652,0
277653,0
277654,0
277655,0
277656,0
277657,0
277658,0
277659,27
277660,0
277661,0
277662,0
277663,0
277664,0
277665,0
277666,57
277667,29
277668,0
277669,0
277670,0
277671,33
277672,45
277673,0
277674,0
277675,26
277676,0
277677,0
277678,0
277679,30
277680,0
277681,0
277682,0
277683,0
277684,0
277685,0
277686,0
277687,0
277688,0
277689,0
277690,46
277691,0
277692,0
277693,0
277694,0
277695,0
277696,0
277697,30
277698,0
277699,37
277700,0
277701,55
277702,0
277703,0
277704,0
277705,29
277706,0
277707,0
277708,21
277709,0
277710,0
277711,0
277712,0
277713,0
277714,0
277715,0
277716,0
277717,0
277718,33
277719,0
277720,0
277721,0
277722,0
277723,32
277724,0
277725,0
277726,0
277727,39
277728,0
277729,0
277730,0
277731,0
277732,36
277733,0
277734,46
277735,0
277736,0
277737,26
277738,0
277739,0
277740,0
277741,0
277742,0
277743,0
277744,0
277745,29
277746,0
277747,0
277748,0
277749,0
277750,0
277751,0
277752,0
277753,0
277754,0
277755,0
277756,0
277757,0
277758,0
277759,0
277760,0
277761,0
277762,0
277763,0
277764,35
277765,0
277766,0
277767,0
277768,0
277769,0
277770,0
277771,0
277772,34
277773,24
277774,0
277775,43
277776,51
277777,0
277778,0
277779,0
277780,0
277781,43
277782,0
277783,0
277784,0
277785,0
277786,0
277787,0
277788,43
277789,0
277790,32
277791,0
277792,40
277793,0
277794,56
277795,0
277796,31
277797,0
277798,52
277799,17
277800,0
277801,0
277802,0
277803,0
277804,0
277805,0
277806,51
277807,0
277808,39
277809,0
277810,0
277811,0
277812,0
277813,0
277814,0
277815,0
277816,0
277817,42
277818,33
277819,0
277820,0
277821,0
277822,53
277823,0
277824,0
277825,0
277826,0
277827,0
277828,0
277829,0
277830,0
277831,0
277832,24
277833,0
277834,48
277835,0
277836,0
277837,0
277838,0
277839,0
277840,0
277841,31
277842,0
277843,0
277844,0
277845,30
277846,0
277847,41
277848,0
277849,0
277850,0
277851,40
277852,0
277853,0
277854,0
277855,22
277856,0
277857,0
277858,0
277859,0
277860,48
277861,0
277862,0
277863,34
277864,38
277865,0
277866,0
277867,0
277868,0
277869,41
277870,0
277871,53
277872,0
277873,0
277874,0
277875,0
277876,39
277877,0
277878,0
277879,0
277880,0
277881,0
277882,0
277883,0
277884,0
277885,0
277886,0
277887,0
277888,0
277889,0
277890,0
277891,0
277892,0
277893,0
277894,0
277895,0
277896,0
277897,0
277898,0
277899,29
277900,0
277901,0
277902,0
277903,0
277904,0
277905,37
277906,27
277907,42
277908,32
277909,0
277910,0
277911,0
277912,30
277913,14
277914,39
277915,0
277916,0
277917,0
277918,0
277919,0
277920,0
277921,0
277922,0
277923,0
277924,0
277925,0
277926,0
277927,0
277928,0
277929,0
277930,0
277931,0
277932,0
277933,0
277934,0
277935,0
277936,30
277937,0
277938,0
277939,0
277940,0
277941,30
277942,0
277943,37
277944,0
277945,47
277946,0
277947,0
277948,20
277949,0
277950,38
277951,0
277952,33
277953,0
277954,0
277955,0
277956,0
277957,0
277958,47
277959,0
277960,46
277961,0
277962,31
277963,0
277964,0
277965,0
277966,43
277967,0
277968,21
277969,0
277970,0
277971,22
277972,25
277973,0
277974,0
277975,0
277976,0
277977,42
277978,0
277979,25
277980,0
277981,0
277982,0
277983,0
277984,0
277985,16
277986,38
277987,0
277988,0
277989,38
277990,27
277991,0
277992,36
277993,0
277994,0
277995,0
277996,0
277997,0
277998,29
277999,0
278000,0
278001,0
278002,0
278003,0
278004,0
278005,0
278006,0
278007,0
278008,0
278009,0
278010,0
278011,0
278012,0
278013,0
278014,0
278015,0
278016,0
278017,0
278018,0
278019,0
278020,47
278021,37
278022,0
278023,0
278024,0
278025,0
278026,45
278027,0
278028,0
278029,0
278030,0
278031,0
278032,0
278033,0
278034,0
278035,0
278036,0
278037,0
278038,0
278039,29
278040,0
278041,26
278042,0
278043,0
278044,0
278045,0
278046,36
278047,0
278048,0
278049,0
278050,0
278051,0
278052,0
278053,0
278054,0
278055,0
278056,0
278057,0
278058,36
278059,0
278060,0
278061,0
278062,0
278063,0
278064,0
278065,0
278066,0
278067,0
278068,0
278069,0
278070,0
278071,0
278072,0
278073,0
278074,0
278075,0
278076,0
278077,0
278078,0
278079,0
278080,43
278081,0
278082,0
278083,0
278084,0
278085,0
278086,45
278087,0
278088,0
278089,0
278090,54
278091,0
278092,0
278093,0
278094,30
278095,0
278096,29
278097,0
278098,30
278099,0
278100,33
278101,42
278102,28
278103,0
278104,0
278105,0
278106,0
278107,0
278108,0
278109,0
278110,27
278111,0
278112,0
278113,0
278114,16
278115,39
278116,0
278117,24
278118,0
278119,0
278120,0
278121,0
278122,0
278123,0
278124,0
278125,0
278126,0
278127,30
278128,0
278129,29
278130,0
278131,0
278132,31
278133,0
278134,32
278135,44
278136,0
278137,0
278138,0
278139,0
278140,27
278141,36
278142,0
278143,0
278144,0
278145,0
278146,0
278147,0
278148,0
278149,37
278150,0
278151,0
278152,0
278153,0
278154,0
278155,0
278156,0
278157,0
278158,0
278159,0
278160,0
278161,0
278162,0
278163,0
278164,37
278165,0
278166,0
278167,29
278168,34
278169,28
278170,0
278171,0
278172,0
278173,35
278174,0
278175,0
278176,0
278177,0
278178,0
278179,0
278180,29
278181,0
278182,31
278183,0
278184,0
278185,27
278186,0
278187,0
278188,0
278189,0
278190,0
278191,37
278192,0
278193,0
278194,0
278195,0
278196,0
278197,0
278198,28
278199,0
278200,0
278201,0
278202,0
278203,0
278204,0
278205,0
278206,0
278207,0
278208,0
278209,0
278210,26
278211,0
278212,0
278213,0
278214,31
278215,50
278216,39
278217,34
278218,0
278219,0
278220,38
278221,0
278222,0
278223,50
278224,0
278225,0
278226,0
278227,0
278228,0
278229,0
278230,20
278231,0
278232,0
278233,0
278234,0
278235,0
278236,29
278237,0
278238,0
278239,50
278240,0
278241,0
278242,0
278243,0
278244,42
278245,29
278246,24
278247,0
278248,0
278249,30
278250,28
278251,25
278252,0
278253,0
278254,0
278255,0
278256,0
278257,0
278258,0
278259,0
278260,38
278261,0
278262,0
278263,34
278264,22
278265,0
278266,0
278267,47
278268,0
278269,0
278270,0
278271,0
278272,0
278273,0
278274,40
278275,0
278276,0
278277,0
278278,29
278279,34
278280,0
278281,0
278282,19
278283,0
278284,0
278285,0
278286,0
278287,0
278288,33
278289,0
278290,0
278291,0
278292,0
278293,0
278294,55
278295,0
278296,0
278297,0
278298,0
278299,0
278300,0
278301,0
278302,0
278303,0
278304,0
278305,0
278306,0
278307,0
278308,25
278309,0
278310,0
278311,0
278312,29
278313,0
278314,0
278315,31
278316,31
278317,30
278318,0
278319,0
278320,0
278321,0
278322,24
278323,25
278324,31
278325,0
278326,0
278327,0
278328,0
278329,0
278330,0
278331,0
278332,34
278333,0
278334,24
278335,0
278336,0
278337,0
278338,0
278339,0
278340,0
278341,0
278342,0
278343,19
278344,0
278345,0
278346,0
278347,0
278348,0
278349,0
278350,0
278351,0
278352,0
278353,26
278354,0
278355,31
278356,28
278357,0
278358,0
278359,0
278360,49
278361,0
278362,0
278363,0
278364,0
278365,30
278366,0
278367,0
278368,0
278369,0
278370,0
278371,0
278372,0
278373,0
278374,0
278375,37
278376,0
278377,0
278378,43
278379,0
278380,0
278381,0
278382,0
278383,0
278384,42
278385,0
278386,0
278387,17
278388,0
278389,24
278390,0
278391,0
278392,0
278393,0
278394,0
278395,0
278396,0
278397,0
278398,0
278399,0
278400,0
278401,0
278402,0
278403,0
278404,41
278405,0
278406,0
278407,0
278408,0
278409,0
278410,0
278411,0
278412,36
278413,0
278414,0
278415,29
278416,0
278417,55
278418,0
278419,32
278420,0
278421,0
278422,0
278423,0
278424,26
278425,24
278426,33
278427,0
278428,0
278429,26
278430,0
278431,0
278432,0
278433,0
278434,0
278435,0
278436,0
278437,0
278438,0
278439,0
278440,0
278441,0
278442,0
278443,0
278444,0
278445,0
278446,0
278447,33
278448,0
278449,0
278450,0
278451,0
278452,0
278453,0
278454,0
278455,0
278456,0
278457,0
278458,34
278459,0
278460,0
278461,0
278462,25
278463,0
278464,0
278465,0
278466,0
278467,46
278468,0
278469,0
278470,0
278471,43
278472,0
278473,33
278474,29
278475,41
278476,0
278477,0
278478,0
278479,0
278480,0
278481,0
278482,0
278483,0
278484,27
278485,0
278486,50
278487,0
278488,0
278489,0
278490,0
278491,30
278492,0
278493,0
278494,0
278495,31
278496,0
278497,0
278498,0
278499,0
278500,0
278501,0
278502,23
278503,0
278504,0
278505,0
278506,37
278507,0
278508,0
278509,0
278510,0
278511,0
278512,0
278513,34
278514,0
278515,0
278516,0
278517,0
278518,38
278519,0
278520,0
278521,35
278522,0
278523,0
278524,0
278525,37
278526,19
278527,42
278528,0
278529,0
278530,0
278531,0
278532,30
278533,0
278534,0
278535,0
278536,16
278537,28
278538,0
278539,0
278540,0
278541,0
278542,34
278543,0
278544,0
278545,30
278546,0
278547,0
278548,0
278549,0
278550,0
278551,0
278552,0
278553,0
278554,34
278555,44
278556,0
278557,24
278558,0
278559,0
278560,0
278561,55
278562,31
278563,0
278564,0
278565,0
278566,0
278567,0
278568,40
278569,0
278570,0
278571,0
278572,0
278573,0
278574,0
278575,0
278576,0
278577,0
278578,0
278579,0
278580,0
278581,0
278582,37
278583,0
278584,48
278585,0
278586,0
278587,0
278588,0
278589,0
278590,47
278591,0
278592,27
278593,0
278594,0
278595,0
278596,0
278597,0
278598,0
278599,51
278600,0
278601,33
278602,0
278603,0
278604,0
278605,32
278606,34
278607,0
278608,42
278609,0
278610,0
278611,0
278612,57
278613,0
278614,0
278615,0
278616,0
278617,40
278618,29
278619,0
278620,0
278621,0
278622,0
278623,0
278624,0
278625,0
278626,34
278627,0
278628,0
278629,37
278630,0
278631,0
278632,0
278633,0
278634,31
278635,0
278636,0
278637,0
278638,28
278639,0
278640,0
278641,0
278642,25
278643,0
278644,28
278645,0
278646,38
278647,0
278648,0
278649,0
278650,35
278651,0
278652,42
278653,45
278654,0
278655,0
278656,0
278657,0
278658,0
278659,0
278660,0
278661,0
278662,0
278663,0
278664,0
278665,0
278666,0
278667,0
278668,0
278669,0
278670,44
278671,0
278672,38
278673,0
278674,0
278675,0
278676,0
278677,40
278678,0
278679,25
278680,0
278681,59
278682,0
278683,0
278684,0
278685,44
278686,32
278687,0
278688,0
278689,0
278690,0
278691,0
278692,36
278693,0
278694,0
278695,0
278696,0
278697,0
278698,0
278699,0
278700,0
278701,0
278702,0
278703,0
278704,0
278705,0
278706,0
278707,25
278708,0
278709,0
278710,33
278711,0
278712,0
278713,0
278714,0
278715,0
278716,0
278717,0
278718,0
278719,44
278720,0
278721,0
278722,0
278723,0
278724,0
278725,0
278726,0
278727,0
278728,0
278729,30
278730,0
278731,27
278732,0
278733,0
278734,0
278735,0
278736,0
278737,0
278738,0
278739,0
278740,0
278741,0
278742,39
278743,0
278744,31
278745,0
278746,0
278747,34
278748,0
278749,0
278750,0
278751,0
278752,0
278753,0
278754,0
278755,0
278756,0
278757,0
278758,0
278759,0
278760,0
278761,0
278762,0
278763,0
278764,0
278765,36
278766,26
278767,0
278768,0
278769,0
278770,26
278771,0
278772,0
278773,32
278774,0
278775,0
278776,0
278777,0
278778,0
278779,0
278780,32
278781,0
278782,0
278783,0
278784,0
278785,24
278786,37
278787,0
278788,0
278789,0
278790,0
278791,0
278792,19
278793,0
278794,21
278795,0
278796,0
278797,0
278798,13
278799,0
278800,12
278801,0
278802,0
278803,0
278804,28
278805,0
278806,0
278807,0
278808,0
278809,0
278810,0
278811,0
278812,16
278813,0
278814,0
278815,27
278816,0
278817,30
278818,0
278819,0
278820,0
278821,19
278822,0
278823,0
278824,0
278825,0
278826,0
278827,0
278828,0
278829,0
278830,18
278831,0
278832,0
278833,0
278834,0
278835,0
278836,0
278837,0
278838,0
278839,0
278840,0
278841,0
278842,0
278843,0
278844,0
278845,0
278846,0
278847,0
278848,0
278849,0
278850,0
278851,0
278852,0
278853,0
278854,13
278855,0
278856,0
278857,0
278858,0
278859,0
278860,0
278861,0
278862,0
278863,0
278864,0
278865,11
278866,0
278867,0
278868,0
278869,20
278870,0
278871,0
278872,0
278873,0
278874,23
278875,0
278876,0
278877,0
278878,0
278879,0
278880,0
278881,23
278882,0
278883,0
278884,0
278885,18
278886,0
278887,0
278888,0
278889,0
278890,0
278891,0
278892,12
278893,0
278894,0
278895,0
278896,0
278897,0
278898,0
278899,0
278900,0
278901,0
278902,0
278903,0
278904,0
278905,0
278906,0
278907,0
278908,0
278909,16
278910,14
278911,0
278912,25
278913,0
278914,0
278915,0
278916,0
278917,0
278918,0
278919,18
278920,0
278921,0
278922,0
278923,0
278924,0
278925,13
278926,0
278927,22
278928,0
278929,0
278930,0
278931,0
278932,0
278933,0
278934,17
278935,19
278936,0
278937,0
278938,18
278939,0
278940,0
278941,0
278942,0
278943,0
278944,0
278945,22
278946,0
278947,24
278948,0
278949,0
278950,41
278951,0
278952,0
278953,0
278954,0
278955,0
278956,0
278957,0
278958,0
278959,22
278960,0
278961,0
278962,0
278963,0
278964,0
278965,0
278966,0
278967,0
278968,24
278969,0
278970,0
278971,0
278972,0
278973,0
278974,29
278975,0
278976,0
278977,0
278978,0
278979,0
278980,0
278981,0
278982,0
278983,0
278984,0
278985,0
278986,0
278987,0
278988,0
278989,0
278990,0
278991,0
278992,0
278993,25
278994,0
278995,0
278996,0
278997,22
278998,0
278999,0
279000,0
279001,0
279002,0
279003,0
279004,0
279005,0
279006,0
279007,15
279008,34
279009,0
279010,0
279011,0
279012,0
279013,0
279014,15
279015,0
279016,0
279017,0
279018,0
279019,0
279020,0
279021,0
279022,0
279023,0
279024,0
279025,0
279026,0
279027,0
279028,0
279029,0
279030,0
279031,26
279032,0
279033,0
279034,0
279035,12
279036,8
279037,0
279038,16
279039,0
279040,0
279041,0
279042,0
279043,0
279044,31
279045,22
279046,0
279047,20
279048,29
279049,0
279050,0
279051,0
279052,0
279053,0
279054,0
279055,0
279056,0
279057,0
279058,0
279059,0
279060,0
279061,0
279062,0
279063,24
279064,12
279065,0
279066,16
279067,11
279068,0
279069,0
279070,0
279071,0
279072,0
279073,0
279074,0
279075,13
279076,0
279077,0
279078,0
279079,0
279080,0
279081,0
279082,0
279083,20
279084,0
279085,28
279086,12
279087,21
279088,0
279089,0
279090,0
279091,0
279092,0
279093,15
279094,0
279095,0
279096,0
279097,0
279098,0
279099,0
279100,0
279101,30
279102,10
279103,22
279104,0
279105,0
279106,0
279107,27
279108,0
279109,0
279110,0
279111,22
279112,0
279113,0
279114,0
279115,0
279116,0
279117,0
279118,0
279119,0
279120,0
279121,0
279122,0
279123,0
279124,0
279125,0
279126,0
279127,0
279128,0
279129,0
279130,0
279131,0
279132,0
279133,0
279134,0
279135,0
279136,0
279137,0
279138,19
279139,0
279140,0
279141,0
279142,0
279143,0
279144,0
279145,0
279146,0
279147,0
279148,0
279149,0
279150,27
279151,9
279152,0
279153,21
279154,0
279155,0
279156,0
279157,0
279158,0
279159,0
279160,0
279161,0
279162,24
279163,0
279164,0
279165,0
279166,0
279167,0
279168,0
279169,0
279170,17
279171,24
279172,0
279173,0
279174,0
279175,16
279176,0
279177,0
279178,0
279179,0
279180,19
279181,24
279182,0
279183,0
279184,0
279185,0
279186,0
279187,0
279188,23
279189,0
279190,0
279191,0
279192,0
279193,0
279194,0
279195,0
279196,0
279197,0
279198,0
279199,0
279200,0
279201,0
279202,0
279203,0
279204,0
279205,0
279206,0
279207,0
279208,0
279209,0
279210,0
279211,0
279212,0
279213,0
279214,0
279215,0
279216,0
279217,0
279218,0
279219,0
279220,0
279221,0
279222,0
279223,0
279224,0
279225,0
279226,0
279227,0
279228,0
279229,0
279230,0
279231,0
279232,0
279233,0
279234,0
279235,0
279236,0
279237,0
279238,0
279239,0
279240,0
279241,0
279242,0
279243,0
279244,0
279245,0
279246,0
279247,0
279248,0
279249,0
279250,0
279251,0
279252,0
279253,0
279254,0
279255,0
279256,0
279257,0
279258,0
279259,0
279260,0
279261,0
279262,0
279263,0
279264,0
279265,0
279266,0
279267,0
279268,0
279269,0
279270,0
279271,0
279272,0
279273,0
279274,0
279275,0
279276,0
279277,0
279278,0
279279,0
279280,0
279281,0
279282,0
279283,0
279284,0
279285,0
279286,0
279287,0
279288,0
279289,0
279290,0
279291,0
279292,0
279293,0
279294,0
279295,0
279296,0
279297,0
279298,0
279299,0
279300,0
279301,0
279302,0
279303,0
279304,0
279305,0
279306,0
279307,0
279308,0
279309,0
279310,0
279311,0
279312,0
279313,0
279314,0
279315,0
279316,0
279317,0
279318,0
279319,0
279320,0
279321,0
279322,0
279323,0
279324,0
279325,0
279326,0
279327,0
279328,0
279329,0
279330,0
279331,0
279332,0
279333,0
279334,0
279335,0
279336,0
279337,0
279338,0
279339,0
279340,0
279341,0
279342,0
279343,0
279344,0
279345,0
279346,0
279347,0
279348,0
279349,0
279350,0
279351,0
279352,0
279353,0
279354,0
279355,0
279356,0
279357,0
279358,0
279359,0
279360,0
279361,0
279362,0
279363,0
279364,0
279365,0
279366,0
279367,0
279368,0
279369,0
279370,0
279371,0
279372,0
279373,0
279374,0
279375,0
279376,0
279377,0
279378,0
279379,0
279380,0
279381,0
279382,0
279383,0
279384,0
279385,0
279386,0
279387,0
279388,0
279389,0
279390,0
279391,0
279392,0
279393,0
279394,0
279395,0
279396,0
279397,0
279398,0
279399,1
279400,0
279401,0
279402,0
279403,0
279404,0
279405,0
279406,0
279407,0
279408,0
279409,0
279410,0
279411,0
279412,0
279413,0
279414,0
279415,0
279416,0
279417,0
279418,0
279419,0
279420,0
279421,0
279422,0
279423,0
279424,0
279425,0
279426,0
279427,0
279428,0
279429,0
279430,0
279431,0
279432,0
279433,0
279434,0
279435,0
279436,0
279437,0
279438,0
279439,0
279440,0
279441,0
279442,0
279443,0
279444,0
279445,0
279446,0
279447,0
279448,0
279449,0
279450,0
279451,0
279452,0
279453,0
279454,0
279455,0
279456,0
279457,0
279458,0
279459,0
279460,0
279461,0
279462,0
279463,0
279464,0
279465,0
279466,0
279467,0
279468,0
279469,0
279470,0
279471,0
279472,0
279473,0
279474,0
279475,0
279476,0
279477,0
279478,0
279479,0
279480,0
279481,0
279482,0
279483,0
279484,0
279485,0
279486,0
279487,0
279488,0
279489,0
279490,0
279491,0
279492,0
279493,0
279494,0
279495,0
279496,0
279497,0
279498,0
279499,0
279500,0
279501,0
279502,0
279503,0
279504,0
279505,0
279506,0
279507,0
279508,0
279509,0
279510,0
279511,0
279512,0
279513,0
279514,0
279515,0
279516,0
279517,0
279518,0
279519,0
279520,0
279521,0
279522,0
279523,0
279524,0
279525,0
279526,0
279527,0
279528,0
279529,0
279530,0
279531,0
279532,0
279533,0
279534,0
279535,0
279536,0
279537,0
279538,0
279539,0
279540,0
279541,0
279542,0
279543,0
279544,0
279545,0
279546,0
279547,0
279548,0
279549,0
279550,0
279551,0
279552,0
279553,0
279554,0
279555,0
279556,0
279557,0
279558,0
279559,0
279560,0
279561,0
279562,0
279563,0
279564,0
279565,0
279566,0
279567,0
279568,0
279569,0
279570,0
279571,0
279572,0
279573,0
279574,0
279575,0
279576,0
279577,0
279578,0
279579,0
279580,0
279581,0
279582,0
279583,0
279584,0
279585,0
279586,1
279587,0
279588,0
279589,0
279590,0
279591,0
279592,0
279593,0
279594,0
279595,0
279596,0
279597,0
279598,0
279599,0
279600,0
279601,0
279602,0
279603,0
279604,0
279605,0
279606,0
279607,0
279608,0
279609,0
279610,0
279611,0
279612,0
279613,0
279614,0
279615,0
279616,0
279617,0
279618,0
279619,0
279620,0
279621,0
279622,0
279623,0
279624,0
279625,0
279626,0
279627,0
279628,0
279629,0
279630,0
279631,1
279632,0
279633,0
279634,0
279635,0
279636,0
279637,0
279638,0
279639,0
279640,0
279641,0
279642,0
279643,0
279644,0
279645,0
279646,0
279647,0
279648,0
279649,0
279650,0
279651,0
279652,0
279653,0
279654,0
279655,0
279656,0
279657,0
279658,0
279659,0
279660,0
279661,0
279662,0
279663,0
279664,0
279665,0
279666,0
279667,0
279668,0
279669,0
279670,0
279671,1
279672,0
279673,0
279674,0
279675,0
279676,0
279677,0
279678,0
279679,0
279680,0
279681,0
279682,0
279683,0
279684,0
279685,0
279686,0
279687,0
279688,0
279689,0
279690,0
279691,0
279692,0
279693,0
279694,0
279695,0
279696,0
279697,0
279698,0
279699,0
279700,0
279701,0
279702,0
279703,0
279704,0
279705,0
279706,1
279707,0
279708,0
279709,0
279710,0
279711,0
279712,0
279713,0
279714,0
279715,0
279716,0
279717,0
279718,0
279719,0
279720,0
279721,0
279722,0
279723,0
279724,0
279725,0
279726,0
279727,0
279728,0
279729,0
279730,0
279731,0
279732,0
279733,0
279734,0
279735,0
279736,0
279737,0
279738,0
279739,0
279740,0
279741,0
279742,0
279743,0
279744,0
279745,0
279746,0
279747,0
279748,0
279749,0
279750,0
279751,0
279752,0
279753,0
279754,0
279755,0
279756,0
279757,0
279758,0
279759,0
279760,0
279761,0
279762,0
279763,0
279764,0
279765,0
279766,0
279767,0
279768,0
279769,0
279770,0
279771,0
279772,0
279773,0
279774,0
279775,0
279776,0
279777,0
279778,0
279779,0
279780,0
279781,0
279782,0
279783,0
279784,0
279785,0
279786,0
279787,0
279788,0
279789,0
279790,0
279791,0
279792,0
279793,0
279794,0
279795,0
279796,0
279797,0
279798,0
279799,0
279800,0
279801,0
279802,0
279803,0
279804,0
279805,0
279806,0
279807,0
279808,0
279809,0
279810,0
279811,0
279812,0
279813,0
279814,0
279815,0
279816,0
279817,0
279818,0
279819,19
279820,0
279821,0
279822,0
279823,0
279824,0
279825,0
279826,0
279827,0
279828,0
279829,29
279830,0
279831,18
279832,0
279833,0
279834,0
279835,0
279836,0
279837,0
279838,0
279839,0
279840,0
279841,13
279842,0
279843,0
279844,0
279845,0
279846,24
279847,0
279848,0
279849,0
279850,0
279851,0
279852,0
279853,19
279854,0
279855,0
279856,0
279857,0
279858,0
279859,0
279860,0
279861,12
279862,0
279863,18
279864,0
279865,0
279866,0
279867,0
279868,0
279869,0
279870,0
279871,0
279872,22
279873,23
279874,0
279875,0
279876,0
279877,0
279878,0
279879,0
279880,0
279881,0
279882,0
279883,0
279884,0
279885,0
279886,0
279887,0
279888,0
279889,0
279890,0
279891,0
279892,0
279893,0
279894,20
279895,16
279896,0
279897,0
279898,0
279899,22
279900,0
279901,0
279902,29
279903,0
279904,0
279905,0
279906,0
279907,0
279908,16
279909,0
279910,0
279911,0
279912,0
279913,0
279914,0
279915,35
279916,0
279917,21
279918,0
279919,0
279920,0
279921,0
279922,0
279923,0
279924,0
279925,12
279926,0
279927,0
279928,0
279929,24
279930,0
279931,0
279932,0
279933,23
279934,0
279935,0
279936,0
279937,0
279938,21
279939,0
279940,0
279941,0
279942,0
279943,0
279944,0
279945,0
279946,0
279947,0
279948,0
279949,0
279950,0
279951,0
279952,0
279953,0
279954,0
279955,0
279956,0
279957,0
279958,0
279959,0
279960,0
279961,0
279962,0
279963,0
279964,0
279965,0
279966,0
279967,0
279968,0
279969,0
279970,0
279971,0
279972,0
279973,0
279974,0
279975,0
279976,0
279977,0
279978,0
279979,0
279980,0
279981,0
279982,0
279983,17
279984,0
279985,0
279986,0
279987,0
279988,0
279989,30
279990,0
279991,0
279992,0
279993,0
279994,0
279995,0
279996,0
279997,0
279998,17
279999,0
280000,0
280001,0
280002,29
280003,0
280004,0
280005,0
280006,0
280007,0
280008,0
280009,0
280010,0
280011,0
280012,0
280013,0
280014,0
280015,0
280016,0
280017,0
280018,0
280019,0
280020,0
280021,0
280022,0
280023,0
280024,19
280025,0
280026,0
280027,20
280028,0
280029,0
280030,0
280031,0
280032,0
280033,22
280034,0
280035,14
280036,0
280037,0
280038,0
280039,0
280040,0
280041,0
280042,18
280043,0
280044,0
280045,23
280046,0
280047,0
280048,18
280049,0
280050,0
280051,0
280052,0
280053,0
280054,0
280055,0
280056,0
280057,0
280058,0
280059,0
280060,0
280061,20
280062,0
280063,0
280064,0
280065,0
280066,0
280067,0
280068,0
280069,0
280070,0
280071,0
280072,0
280073,0
280074,0
280075,0
280076,0
280077,0
280078,0
280079,21
280080,0
280081,0
280082,0
280083,0
280084,30
280085,0
280086,0
280087,0
280088,0
280089,0
280090,0
280091,0
280092,0
280093,23
280094,0
280095,0
280096,17
280097,26
280098,0
280099,25
280100,0
280101,0
280102,0
280103,0
280104,20
280105,21
280106,0
280107,0
280108,0
280109,0
280110,20
280111,29
280112,0
280113,0
280114,0
280115,0
280116,0
280117,0
280118,0
280119,0
280120,0
280121,0
280122,0
280123,0
280124,0
280125,0
280126,0
280127,0
280128,0
280129,0
280130,0
280131,21
280132,0
280133,0
280134,0
280135,38
280136,0
280137,0
280138,11
280139,0
280140,0
280141,0
280142,0
280143,0
280144,0
280145,0
280146,0
280147,0
280148,0
280149,0
280150,0
280151,0
280152,0
280153,0
280154,0
280155,0
280156,0
280157,0
280158,0
280159,0
280160,0
280161,0
280162,0
280163,26
280164,0
280165,0
280166,0
280167,0
280168,18
280169,0
280170,24
280171,0
280172,0
280173,0
280174,0
280175,0
280176,0
280177,0
280178,0
280179,0
280180,0
280181,0
280182,0
280183,0
280184,0
280185,0
280186,0
280187,0
280188,0
280189,0
280190,0
280191,0
280192,0
280193,0
280194,0
280195,0
280196,0
280197,0
280198,0
280199,0
280200,0
280201,0
280202,0
280203,0
280204,0
280205,0
280206,0
280207,0
280208,15
280209,0
280210,0
280211,0
280212,0
280213,0
280214,0
280215,18
280216,0
280217,0
280218,0
280219,0
280220,0
280221,0
280222,0
280223,0
280224,0
280225,20
280226,0
280227,0
280228,0
280229,0
280230,0
280231,20
280232,0
280233,0
280234,0
280235,0
280236,15
280237,0
280238,0
280239,0
280240,0
280241,0
280242,12
280243,0
280244,19
280245,0
280246,0
280247,0
280248,0
280249,0
280250,0
280251,0
280252,0
280253,0
280254,0
280255,0
280256,0
280257,0
280258,0
280259,0
280260,20
280261,0
280262,28
280263,21
280264,29
280265,0
280266,0
280267,0
280268,0
280269,21
280270,0
280271,0
280272,24
280273,23
280274,0
280275,0
280276,0
280277,0
280278,0
280279,0
280280,0
280281,0
280282,0
280283,0
280284,0
280285,23
280286,0
280287,0
280288,18
280289,0
280290,0
280291,0
280292,0
280293,25
280294,0
280295,0
280296,0
280297,0
280298,0
280299,0
280300,0
280301,0
280302,0
280303,0
280304,0
280305,0
280306,0
280307,0
280308,0
280309,0
280310,11
280311,0
280312,0
280313,0
280314,0
280315,0
280316,22
280317,0
280318,0
280319,24
280320,0
280321,26
280322,0
280323,0
280324,0
280325,0
280326,0
280327,0
280328,0
280329,0
280330,0
280331,0
280332,0
280333,0
280334,20
280335,0
280336,0
280337,0
280338,0
280339,16
280340,0
280341,20
280342,0
280343,0
280344,0
280345,24
280346,0
280347,0
280348,0
280349,0
280350,0
280351,0
280352,0
280353,0
280354,0
280355,0
280356,0
280357,0
280358,12
280359,0
280360,17
280361,0
280362,29
280363,0
280364,0
280365,0
280366,20
280367,0
280368,0
280369,0
280370,29
280371,15
280372,0
280373,0
280374,0
280375,0
280376,8
280377,0
280378,0
280379,0
280380,0
280381,15
280382,0
280383,0
280384,14
280385,0
280386,0
280387,0
280388,0
280389,20
280390,0
280391,0
280392,0
280393,0
280394,0
280395,0
280396,0
280397,0
280398,0
280399,0
280400,0
280401,14
280402,0
280403,0
280404,0
280405,0
280406,24
280407,0
280408,0
280409,0
280410,0
280411,0
280412,0
280413,34
280414,26
280415,0
280416,0
280417,0
280418,0
280419,0
280420,0
280421,0
280422,18
280423,0
280424,0
280425,0
280426,0
280427,22
280428,25
280429,0
280430,0
280431,21
280432,0
280433,0
280434,0
280435,0
280436,0
280437,0
280438,0
280439,0
280440,0
280441,0
280442,0
280443,0
280444,0
280445,25
280446,0
280447,0
280448,0
280449,0
280450,16
280451,0
280452,13
280453,22
280454,0
280455,0
280456,0
280457,0
280458,0
280459,0
280460,0
280461,0
280462,0
280463,0
280464,0
280465,0
280466,0
280467,0
280468,0
280469,0
280470,22
280471,0
280472,14
280473,18
280474,0
280475,27
280476,0
280477,0
280478,0
280479,26
280480,0
280481,0
280482,0
280483,0
280484,0
280485,0
280486,0
280487,0
280488,0
280489,0
280490,0
280491,0
280492,0
280493,0
280494,0
280495,0
280496,0
280497,0
280498,0
280499,0
280500,0
280501,0
280502,0
280503,0
280504,0
280505,0
280506,0
280507,0
280508,0
280509,0
280510,0
280511,0
280512,0
280513,0
280514,0
280515,0
280516,0
280517,0
280518,0
280519,0
280520,0
280521,0
280522,0
280523,2
280524,1
280525,0
280526,0
280527,0
280528,0
280529,0
280530,0
280531,0
280532,0
280533,0
280534,0
280535,0
280536,0
280537,0
280538,0
280539,0
280540,0
280541,0
280542,0
280543,0
280544,0
280545,0
280546,0
280547,0
280548,0
280549,0
280550,0
280551,0
280552,0
280553,1
280554,0
280555,0
280556,1
280557,0
280558,0
280559,0
280560,0
280561,0
280562,0
280563,0
280564,0
280565,0
280566,0
280567,0
280568,0
280569,0
280570,0
280571,0
280572,0
280573,0
280574,0
280575,0
280576,0
280577,0
280578,0
280579,0
280580,0
280581,0
280582,0
280583,0
280584,0
280585,0
280586,0
280587,0
280588,0
280589,0
280590,0
280591,0
280592,0
280593,0
280594,0
280595,0
280596,0
280597,0
280598,0
280599,0
280600,0
280601,0
280602,0
280603,0
280604,0
280605,0
280606,0
280607,0
280608,0
280609,0
280610,0
280611,0
280612,0
280613,0
280614,0
280615,0
280616,0
280617,0
280618,0
280619,0
280620,0
280621,0
280622,0
280623,0
280624,0
280625,0
280626,0
280627,0
280628,0
280629,1
280630,0
280631,0
280632,0
280633,0
280634,0
280635,0
280636,0
280637,0
280638,0
280639,0
280640,0
280641,0
280642,0
280643,0
280644,0
280645,0
280646,0
280647,0
280648,0
280649,0
280650,2
280651,0
280652,0
280653,0
280654,0
280655,0
280656,0
280657,0
280658,0
280659,0
280660,0
280661,0
280662,0
280663,0
280664,1
280665,0
280666,0
280667,0
280668,0
280669,0
280670,1
280671,0
280672,0
280673,0
280674,0
280675,0
280676,0
280677,0
280678,0
280679,0
280680,0
280681,0
280682,0
280683,0
280684,0
280685,0
280686,0
280687,0
280688,1
280689,0
280690,0
280691,0
280692,0
280693,0
280694,0
280695,0
280696,0
280697,0
280698,0
280699,0
280700,0
280701,0
280702,1
280703,0
280704,0
280705,1
280706,0
280707,0
280708,0
280709,0
280710,0
280711,0
280712,0
280713,0
280714,0
280715,0
280716,0
280717,0
280718,0
280719,0
280720,0
280721,0
280722,0
280723,0
280724,0
280725,0
280726,0
280727,0
280728,0
280729,0
280730,0
280731,0
280732,0
280733,0
280734,0
280735,0
280736,0
280737,0
280738,0
280739,0
280740,0
280741,1
280742,0
280743,0
280744,0
280745,0
280746,1
280747,0
280748,0
280749,0
280750,1
280751,0
280752,0
280753,0
280754,0
280755,0
280756,0
280757,0
280758,0
280759,0
280760,0
280761,2
280762,0
280763,0
280764,0
280765,0
280766,0
280767,0
280768,0
280769,0
280770,4
280771,0
280772,2
280773,2
280774,0
280775,0
280776,0
280777,0
280778,3
280779,0
280780,0
280781,0
280782,4
280783,0
280784,0
280785,0
280786,0
280787,0
280788,0
280789,0
280790,1
280791,0
280792,0
280793,0
280794,0
280795,0
280796,0
280797,0
280798,0
280799,0
280800,0
280801,0
280802,4
280803,0
280804,0
280805,0
280806,0
280807,0
280808,0
280809,0
280810,0
280811,0
280812,0
280813,0
280814,0
280815,0
280816,0
280817,0
280818,0
280819,0
280820,0
280821,0
280822,0
280823,0
280824,0
280825,1
280826,0
280827,0
280828,0
280829,0
280830,0
280831,0
280832,0
280833,0
280834,0
280835,0
280836,4
280837,0
280838,0
280839,0
280840,0
280841,0
280842,0
280843,2
280844,0
280845,0
280846,3
280847,0
280848,2
280849,0
280850,0
280851,0
280852,0
280853,0
280854,0
280855,0
280856,0
280857,2
280858,0
280859,0
280860,0
280861,3
280862,1
280863,0
280864,0
280865,0
280866,0
280867,0
280868,0
280869,0
280870,0
280871,0
280872,0
280873,0
280874,4
280875,3
280876,4
280877,0
280878,0
280879,0
280880,0
280881,0
280882,0
280883,0
280884,2
280885,0
280886,0
280887,0
280888,0
280889,0
280890,0
280891,0
280892,0
280893,0
280894,0
280895,0
280896,0
280897,0
280898,5
280899,0
280900,0
280901,0
280902,0
280903,0
280904,1
280905,0
280906,0
280907,0
280908,3
280909,0
280910,0
280911,0
280912,0
280913,0
280914,5
280915,1
280916,0
280917,0
280918,0
280919,0
280920,0
280921,3
280922,0
280923,0
280924,0
280925,0
280926,2
280927,0
280928,1
280929,0
280930,0
280931,0
280932,0
280933,0
280934,0
280935,0
280936,0
280937,0
280938,0
280939,0
280940,0
280941,0
280942,0
280943,0
280944,0
280945,2
280946,0
280947,0
280948,0
280949,3
280950,0
280951,1
280952,0
280953,0
280954,0
280955,0
280956,1
280957,0
280958,0
280959,0
280960,0
280961,0
280962,0
280963,0
280964,0
280965,0
280966,0
280967,0
280968,0
280969,0
280970,0
280971,0
280972,0
280973,0
280974,0
280975,0
280976,0
280977,0
280978,0
280979,0
280980,2
280981,0
280982,0
280983,0
280984,0
280985,0
280986,0
280987,0
280988,0
280989,0
280990,0
280991,0
280992,0
280993,0
280994,0
280995,0
280996,0
280997,0
280998,0
280999,0
281000,0
281001,0
281002,0
281003,0
281004,0
281005,0
281006,0
281007,0
281008,0
281009,0
281010,0
281011,0
281012,0
281013,0
281014,0
281015,0
281016,0
281017,0
281018,0
281019,5
281020,0
281021,0
281022,0
281023,0
281024,8
281025,0
281026,0
281027,0
281028,0
281029,0
281030,0
281031,0
281032,0
281033,0
281034,0
281035,0
281036,0
281037,0
281038,0
281039,0
281040,0
281041,0
281042,0
281043,2
281044,0
281045,0
281046,0
281047,0
281048,0
281049,0
281050,0
281051,0
281052,0
281053,0
281054,0
281055,0
281056,0
281057,0
281058,0
281059,0
281060,0
281061,0
281062,0
281063,0
281064,3
281065,5
281066,0
281067,0
281068,0
281069,1
281070,0
281071,0
281072,0
281073,2
281074,0
281075,0
281076,2
281077,0
281078,0
281079,0
281080,1
281081,0
281082,3
281083,0
281084,0
281085,0
281086,0
281087,0
281088,0
281089,0
281090,0
281091,0
281092,0
281093,0
281094,0
281095,0
281096,0
281097,0
281098,0
281099,0
281100,0
281101,0
281102,0
281103,0
281104,0
281105,0
281106,0
281107,0
281108,0
281109,0
281110,0
281111,0
281112,2
281113,0
281114,0
281115,0
281116,1
281117,0
281118,0
281119,0
281120,0
281121,0
281122,0
281123,0
281124,0
281125,0
281126,2
281127,0
281128,0
281129,0
281130,0
281131,0
281132,0
281133,0
281134,0
281135,0
281136,0
281137,0
281138,2
281139,0
281140,0
281141,0
281142,0
281143,0
281144,0
281145,0
281146,0
281147,0
281148,0
281149,0
281150,0
281151,0
281152,0
281153,2
281154,0
281155,0
281156,0
281157,0
281158,0
281159,0
281160,1
281161,0
281162,1
281163,3
281164,0
281165,0
281166,0
281167,0
281168,0
281169,0
281170,0
281171,0
281172,0
281173,0
281174,0
281175,2
281176,0
281177,0
281178,0
281179,0
281180,0
281181,0
281182,0
281183,3
281184,0
281185,0
281186,5
281187,0
281188,0
281189,3
281190,0
281191,0
281192,0
281193,0
281194,0
281195,0
281196,0
281197,0
281198,0
281199,0
281200,0
281201,0
281202,0
281203,3
281204,0
281205,0
281206,0
281207,0
281208,9
281209,1
281210,0
281211,0
281212,0
281213,0
281214,0
281215,0
281216,0
281217,0
281218,0
281219,0
281220,0
281221,0
281222,0
281223,0
281224,0
281225,0
281226,0
281227,0
281228,0
281229,0
281230,0
281231,0
281232,0
281233,3
281234,0
281235,0
281236,0
281237,2
281238,0
281239,0
281240,0
281241,0
281242,1
281243,0
281244,1
281245,0
281246,0
281247,0
281248,0
281249,0
281250,2
281251,0
281252,0
281253,0
281254,0
281255,0
281256,0
281257,0
281258,0
281259,0
281260,0
281261,0
281262,0
281263,0
281264,0
281265,1
281266,0
281267,4
281268,2
281269,0
281270,0
281271,0
281272,0
281273,0
281274,0
281275,0
281276,0
281277,0
281278,0
281279,0
281280,0
281281,0
281282,0
281283,0
281284,0
281285,0
281286,0
281287,0
281288,0
281289,0
281290,0
281291,2
281292,0
281293,0
281294,0
281295,0
281296,0
281297,0
281298,0
281299,0
281300,2
281301,0
281302,0
281303,0
281304,4
281305,0
281306,0
281307,0
281308,0
281309,0
281310,0
281311,0
281312,0
281313,0
281314,0
281315,0
281316,0
281317,0
281318,0
281319,0
281320,0
281321,0
281322,0
281323,2
281324,0
281325,0
281326,2
281327,0
281328,0
281329,0
281330,0
281331,0
281332,0
281333,0
281334,0
281335,0
281336,0
281337,0
281338,0
281339,2
281340,1
281341,0
281342,0
281343,0
281344,0
281345,1
281346,0
281347,0
281348,0
281349,0
281350,0
281351,0
281352,0
281353,0
281354,2
281355,0
281356,0
281357,0
281358,0
281359,0
281360,0
281361,0
281362,0
281363,2
281364,0
281365,0
281366,0
281367,0
281368,0
281369,0
281370,0
281371,0
281372,0
281373,0
281374,0
281375,0
281376,0
281377,0
281378,0
281379,0
281380,0
281381,0
281382,0
281383,0
281384,0
281385,0
281386,3
281387,4
281388,2
281389,0
281390,3
281391,0
281392,0
281393,3
281394,0
281395,0
281396,0
281397,0
281398,0
281399,4
281400,0
281401,0
281402,0
281403,0
281404,0
281405,0
281406,0
281407,0
281408,0
281409,0
281410,5
281411,0
281412,0
281413,0
281414,0
281415,0
281416,0
281417,0
281418,0
281419,5
281420,0
281421,0
281422,0
281423,0
281424,0
281425,0
281426,0
281427,0
281428,2
281429,0
281430,0
281431,0
281432,0
281433,0
281434,0
281435,0
281436,1
281437,0
281438,0
281439,0
281440,0
281441,0
281442,3
281443,0
281444,4
281445,0
281446,0
281447,0
281448,0
281449,3
281450,0
281451,0
281452,3
281453,0
281454,0
281455,0
281456,4
281457,0
281458,0
281459,0
281460,0
281461,0
281462,0
281463,0
281464,0
281465,0
281466,0
281467,0
281468,0
281469,0
281470,0
281471,0
281472,1
281473,0
281474,0
281475,0
281476,0
281477,0
281478,1
281479,0
281480,0
281481,2
281482,0
281483,0
281484,0
281485,0
281486,1
281487,3
281488,0
281489,0
281490,0
281491,0
281492,0
281493,0
281494,0
281495,0
281496,0
281497,0
281498,0
281499,0
281500,0
281501,0
281502,0
281503,0
281504,0
281505,0
281506,0
281507,0
281508,0
281509,0
281510,0
281511,3
281512,0
281513,0
281514,0
281515,0
281516,5
281517,0
281518,0
281519,0
281520,1
281521,0
281522,0
281523,0
281524,0
281525,0
281526,0
281527,0
281528,0
281529,0
281530,0
281531,0
281532,0
281533,0
281534,0
281535,0
281536,0
281537,0
281538,0
281539,0
281540,0
281541,0
281542,0
281543,0
281544,0
281545,0
281546,0
281547,0
281548,0
281549,0
281550,0
281551,0
281552,0
281553,0
281554,2
281555,0
281556,2
281557,3
281558,0
281559,0
281560,0
281561,2
281562,1
281563,0
281564,0
281565,0
281566,0
281567,0
281568,0
281569,0
281570,0
281571,0
281572,1
281573,0
281574,0
281575,0
281576,0
281577,0
281578,0
281579,0
281580,0
281581,0
281582,0
281583,1
281584,0
281585,0
281586,0
281587,2
281588,0
281589,0
281590,0
281591,0
281592,4
281593,4
281594,0
281595,0
281596,0
281597,0
281598,0
281599,0
281600,0
281601,0
281602,0
281603,0
281604,0
281605,0
281606,4
281607,0
281608,3
281609,0
281610,0
281611,0
281612,0
281613,0
281614,0
281615,5
281616,0
281617,0
281618,1
281619,0
281620,0
281621,0
281622,0
281623,0
281624,2
281625,0
281626,2
281627,0
281628,0
281629,0
281630,0
281631,0
281632,0
281633,0
281634,3
281635,0
281636,0
281637,0
281638,0
281639,0
281640,2
281641,0
281642,0
281643,0
281644,2
281645,0
281646,0
281647,0
281648,0
281649,0
281650,0
281651,0
281652,0
281653,0
281654,0
281655,0
281656,0
281657,0
281658,0
281659,1
281660,0
281661,0
281662,0
281663,3
281664,0
281665,4
281666,0
281667,0
281668,0
281669,0
281670,0
281671,0
281672,0
281673,0
281674,0
281675,0
281676,0
281677,0
281678,1
281679,0
281680,2
281681,0
281682,0
281683,0
281684,1
281685,0
281686,0
281687,0
281688,0
281689,0
281690,5
281691,0
281692,0
281693,0
281694,0
281695,0
281696,0
281697,0
281698,0
281699,0
281700,0
281701,0
281702,0
281703,0
281704,0
281705,0
281706,34
281707,0
281708,0
281709,0
281710,0
281711,0
281712,0
281713,0
281714,0
281715,0
281716,0
281717,33
281718,0
281719,0
281720,0
281721,0
281722,0
281723,0
281724,0
281725,0
281726,0
281727,0
281728,0
281729,0
281730,0
281731,0
281732,0
281733,0
281734,0
281735,0
281736,0
281737,0
281738,23
281739,35
281740,0
281741,0
281742,0
281743,0
281744,0
281745,38
281746,0
281747,0
281748,0
281749,30
281750,0
281751,0
281752,0
281753,0
281754,0
281755,38
281756,0
281757,0
281758,0
281759,0
281760,0
281761,0
281762,0
281763,0
281764,0
281765,0
281766,0
281767,0
281768,0
281769,34
281770,0
281771,0
281772,0
281773,0
281774,0
281775,0
281776,0
281777,0
281778,0
281779,0
281780,0
281781,0
281782,0
281783,0
281784,48
281785,0
281786,0
281787,0
281788,0
281789,0
281790,0
281791,0
281792,0
281793,0
281794,0
281795,0
281796,0
281797,0
281798,0
281799,0
281800,0
281801,0
281802,0
281803,0
281804,20
281805,0
281806,0
281807,46
281808,0
281809,0
281810,0
281811,0
281812,0
281813,0
281814,0
281815,0
281816,0
281817,0
281818,0
281819,0
281820,0
281821,0
281822,0
281823,0
281824,0
281825,0
281826,0
281827,0
281828,0
281829,0
281830,0
281831,0
281832,33
281833,0
281834,0
281835,0
281836,0
281837,0
281838,0
281839,0
281840,0
281841,0
281842,0
281843,0
281844,17
281845,0
281846,0
281847,0
281848,0
281849,0
281850,0
281851,0
281852,23
281853,0
281854,0
281855,0
281856,0
281857,0
281858,0
281859,0
281860,0
281861,0
281862,0
281863,0
281864,0
281865,0
281866,0
281867,0
281868,0
281869,0
281870,0
281871,0
281872,0
281873,0
281874,0
281875,0
281876,0
281877,0
281878,0
281879,0
281880,0
281881,0
281882,0
281883,0
281884,0
281885,0
281886,0
281887,0
281888,0
281889,0
281890,0
281891,0
281892,29
281893,0
281894,0
281895,0
281896,0
281897,0
281898,0
281899,0
281900,0
281901,0
281902,0
281903,28
281904,0
281905,0
281906,0
281907,26
281908,0
281909,0
281910,0
281911,0
281912,0
281913,0
281914,0
281915,0
281916,0
281917,0
281918,0
281919,0
281920,0
281921,0
281922,0
281923,0
281924,0
281925,0
281926,0
281927,0
281928,0
281929,40
281930,0
281931,0
281932,0
281933,0
281934,0
281935,0
281936,0
281937,0
281938,0
281939,0
281940,0
281941,0
281942,0
281943,0
281944,0
281945,0
281946,0
281947,0
281948,0
281949,0
281950,0
281951,0
281952,0
281953,0
281954,0
281955,24
281956,0
281957,0
281958,0
281959,0
281960,0
281961,0
281962,0
281963,0
281964,0
281965,0
281966,0
281967,0
281968,0
281969,0
281970,0
281971,0
281972,0
281973,0
281974,0
281975,0
281976,0
281977,0
281978,0
281979,0
281980,0
281981,24
281982,0
281983,0
281984,0
281985,0
281986,0
281987,0
281988,0
281989,0
281990,0
281991,0
281992,0
281993,0
281994,0
281995,0
281996,0
281997,0
281998,0
281999,0
282000,0
282001,0
282002,0
282003,0
282004,0
282005,0
282006,0
282007,0
282008,0
282009,0
282010,0
282011,0
282012,0
282013,0
282014,0
282015,0
282016,0
282017,0
282018,0
282019,0
282020,0
282021,0
282022,0
282023,0
282024,0
282025,0
282026,44
282027,0
282028,0
282029,0
282030,0
282031,0
282032,0
282033,0
282034,0
282035,0
282036,0
282037,0
282038,0
282039,0
282040,0
282041,0
282042,34
282043,35
282044,0
282045,0
282046,0
282047,0
282048,0
282049,0
282050,0
282051,0
282052,0
282053,0
282054,0
282055,0
282056,0
282057,28
282058,0
282059,0
282060,0
282061,0
282062,0
282063,0
282064,0
282065,0
282066,0
282067,0
282068,0
282069,0
282070,23
282071,0
282072,0
282073,0
282074,0
282075,0
282076,38
282077,0
282078,0
282079,0
282080,29
282081,0
282082,0
282083,0
282084,0
282085,47
282086,0
282087,0
282088,0
282089,29
282090,46
282091,0
282092,0
282093,0
282094,0
282095,0
282096,0
282097,31
282098,0
282099,0
282100,27
282101,0
282102,0
282103,41
282104,0
282105,0
282106,0
282107,0
282108,0
282109,0
282110,0
282111,26
282112,0
282113,0
282114,0
282115,0
282116,49
282117,0
282118,38
282119,48
282120,0
282121,0
282122,0
282123,0
282124,34
282125,0
282126,0
282127,0
282128,0
282129,18
282130,0
282131,0
282132,38
282133,0
282134,0
282135,0
282136,29
282137,0
282138,0
282139,0
282140,0
282141,0
282142,0
282143,0
282144,0
282145,0
282146,0
282147,0
282148,0
282149,0
282150,0
282151,0
282152,0
282153,0
282154,0
282155,0
282156,0
282157,40
282158,0
282159,0
282160,0
282161,0
282162,43
282163,0
282164,0
282165,42
282166,0
282167,0
282168,0
282169,0
282170,0
282171,31
282172,0
282173,0
282174,0
282175,0
282176,32
282177,0
282178,30
282179,0
282180,0
282181,0
282182,42
282183,0
282184,35
282185,0
282186,0
282187,0
282188,0
282189,0
282190,0
282191,38
282192,37
282193,0
282194,50
282195,0
282196,43
282197,0
282198,0
282199,0
282200,37
282201,41
282202,0
282203,0
282204,0
282205,0
282206,38
282207,0
282208,0
282209,0
282210,0
282211,0
282212,0
282213,0
282214,0
282215,0
282216,0
282217,0
282218,18
282219,43
282220,0
282221,0
282222,0
282223,0
282224,0
282225,0
282226,0
282227,0
282228,0
282229,0
282230,0
282231,0
282232,0
282233,0
282234,0
282235,50
282236,36
282237,31
282238,0
282239,0
282240,0
282241,42
282242,0
282243,34
282244,53
282245,0
282246,0
282247,0
282248,0
282249,0
282250,23
282251,0
282252,25
282253,35
282254,0
282255,0
282256,0
282257,0
282258,0
282259,0
282260,0
282261,0
282262,0
282263,0
282264,0
282265,0
282266,0
282267,0
282268,0
282269,32
282270,46
282271,43
282272,0
282273,43
282274,0
282275,0
282276,34
282277,42
282278,0
282279,0
282280,0
282281,0
282282,0
282283,49
282284,0
282285,25
282286,0
282287,0
282288,0
282289,0
282290,0
282291,27
282292,0
282293,0
282294,35
282295,0
282296,0
282297,0
282298,0
282299,0
282300,0
282301,0
282302,0
282303,0
282304,0
282305,0
282306,0
282307,40
282308,0
282309,0
282310,0
282311,0
282312,0
282313,0
282314,0
282315,61
282316,0
282317,0
282318,0
282319,0
282320,0
282321,0
282322,0
282323,0
282324,0
282325,0
282326,0
282327,20
282328,0
282329,0
282330,0
282331,27
282332,0
282333,0
282334,34
282335,0
282336,45
282337,0
282338,50
282339,0
282340,0
282341,0
282342,0
282343,0
282344,42
282345,0
282346,0
282347,0
282348,0
282349,0
282350,0
282351,0
282352,0
282353,0
282354,0
282355,0
282356,0
282357,0
282358,40
282359,34
282360,0
282361,0
282362,0
282363,0
282364,0
282365,0
282366,0
282367,0
282368,29
282369,0
282370,54
282371,34
282372,0
282373,17
282374,0
282375,0
282376,0
282377,0
282378,0
282379,0
282380,0
282381,0
282382,53
282383,0
282384,33
282385,48
282386,0
282387,0
282388,41
282389,0
282390,0
282391,0
282392,47
282393,34
282394,0
282395,0
282396,0
282397,0
282398,0
282399,0
282400,27
282401,0
282402,35
282403,0
282404,0
282405,0
282406,0
282407,0
282408,0
282409,0
282410,51
282411,0
282412,0
282413,0
282414,25
282415,0
282416,0
282417,0
282418,0
282419,0
282420,36
282421,0
282422,40
282423,0
282424,45
282425,0
282426,0
282427,0
282428,0
282429,0
282430,0
282431,0
282432,0
282433,0
282434,0
282435,0
282436,0
282437,0
282438,0
282439,0
282440,0
282441,0
282442,0
282443,0
282444,0
282445,32
282446,0
282447,0
282448,0
282449,0
282450,46
282451,0
282452,0
282453,0
282454,0
282455,0
282456,0
282457,54
282458,0
282459,0
282460,0
282461,0
282462,0
282463,0
282464,0
282465,0
282466,0
282467,37
282468,30
282469,0
282470,0
282471,0
282472,0
282473,0
282474,0
282475,55
282476,0
282477,0
282478,0
282479,0
282480,0
282481,0
282482,0
282483,0
282484,0
282485,0
282486,0
282487,0
282488,0
282489,0
282490,0
282491,0
282492,36
282493,0
282494,30
282495,0
282496,30
282497,0
282498,0
282499,0
282500,0
282501,0
282502,0
282503,38
282504,46
282505,41
282506,0
282507,23
282508,0
282509,0
282510,0
282511,0
282512,0
282513,45
282514,0
282515,0
282516,0
282517,0
282518,0
282519,0
282520,0
282521,39
282522,0
282523,0
282524,0
282525,0
282526,0
282527,0
282528,0
282529,0
282530,0
282531,0
282532,0
282533,0
282534,0
282535,0
282536,0
282537,0
282538,0
282539,0
282540,0
282541,0
282542,0
282543,59
282544,0
282545,0
282546,0
282547,0
282548,0
282549,0
282550,0
282551,0
282552,0
282553,0
282554,0
282555,0
282556,29
282557,0
282558,50
282559,0
282560,0
282561,0
282562,0
282563,0
282564,0
282565,0
282566,0
282567,53
282568,42
282569,0
282570,0
282571,0
282572,0
282573,0
282574,0
282575,0
282576,0
282577,0
282578,38
282579,0
282580,0
282581,0
282582,0
282583,39
282584,0
282585,0
282586,39
282587,0
282588,43
282589,0
282590,0
282591,0
282592,0
282593,0
282594,0
282595,0
282596,0
282597,0
282598,0
282599,33
282600,0
282601,33
282602,37
282603,0
282604,0
282605,26
282606,0
282607,0
282608,0
282609,0
282610,0
282611,0
282612,0
282613,0
282614,0
282615,0
282616,0
282617,0
282618,37
282619,0
282620,0
282621,17
282622,0
282623,0
282624,0
282625,0
282626,43
282627,0
282628,32
282629,0
282630,0
282631,0
282632,0
282633,0
282634,0
282635,0
282636,0
282637,0
282638,0
282639,0
282640,0
282641,0
282642,47
282643,0
282644,34
282645,30
282646,0
282647,0
282648,36
282649,0
282650,0
282651,0
282652,0
282653,0
282654,0
282655,0
282656,0
282657,0
282658,0
282659,0
282660,0
282661,0
282662,0
282663,0
282664,0
282665,0
282666,0
282667,0
282668,0
282669,42
282670,0
282671,0
282672,0
282673,0
282674,0
282675,42
282676,0
282677,0
282678,0
282679,0
282680,0
282681,0
282682,0
282683,0
282684,0
282685,0
282686,0
282687,0
282688,0
282689,0
282690,0
282691,0
282692,0
282693,0
282694,0
282695,0
282696,0
282697,0
282698,0
282699,0
282700,0
282701,0
282702,0
282703,0
282704,0
282705,26
282706,0
282707,0
282708,0
282709,0
282710,0
282711,0
282712,0
282713,0
282714,0
282715,0
282716,0
282717,0
282718,0
282719,39
282720,0
282721,0
282722,0
282723,0
282724,0
282725,0
282726,24
282727,0
282728,22
282729,0
282730,0
282731,0
282732,0
282733,0
282734,0
282735,0
282736,0
282737,0
282738,0
282739,37
282740,51
282741,0
282742,31
282743,0
282744,0
282745,0
282746,0
282747,0
282748,0
282749,0
282750,26
282751,40
282752,0
282753,0
282754,0
282755,0
282756,0
282757,0
282758,0
282759,0
282760,0
282761,0
282762,42
282763,0
282764,0
282765,0
282766,35
282767,0
282768,0
282769,25
282770,0
282771,0
282772,0
282773,0
282774,43
282775,0
282776,41
282777,43
282778,0
282779,0
282780,0
282781,0
282782,0
282783,0
282784,0
282785,0
282786,0
282787,0
282788,0
282789,0
282790,0
282791,0
282792,0
282793,0
282794,0
282795,0
282796,0
282797,0
282798,30
282799,37
282800,0
282801,0
282802,0
282803,0
282804,0
282805,0
282806,0
282807,0
282808,0
282809,0
282810,0
282811,0
282812,0
282813,0
282814,0
282815,0
282816,0
282817,0
282818,0
282819,0
282820,0
282821,0
282822,0
282823,0
282824,0
282825,0
282826,0
282827,0
282828,0
282829,0
282830,0
282831,0
282832,0
282833,0
282834,0
282835,0
282836,0
282837,0
282838,0
282839,0
282840,0
282841,0
282842,0
282843,0
282844,0
282845,0
282846,0
282847,0
282848,0
282849,0
282850,0
282851,0
282852,0
282853,0
282854,0
282855,0
282856,0
282857,1
282858,0
282859,0
282860,0
282861,0
282862,0
282863,0
282864,0
282865,0
282866,0
282867,0
282868,0
282869,0
282870,0
282871,0
282872,0
282873,0
282874,0
282875,0
282876,0
282877,0
282878,0
282879,0
282880,0
282881,0
282882,0
282883,0
282884,0
282885,0
282886,0
282887,0
282888,0
282889,0
282890,0
282891,0
282892,0
282893,0
282894,0
282895,0
282896,0
282897,0
282898,0
282899,0
282900,0
282901,0
282902,0
282903,0
282904,0
282905,0
282906,0
282907,0
282908,0
282909,0
282910,0
282911,0
282912,0
282913,0
282914,0
282915,0
282916,0
282917,0
282918,0
282919,0
282920,0
282921,0
282922,0
282923,0
282924,0
282925,0
282926,0
282927,0
282928,0
282929,0
282930,0
282931,0
282932,0
282933,0
282934,0
282935,0
282936,0
282937,0
282938,0
282939,0
282940,0
282941,0
282942,0
282943,0
282944,0
282945,0
282946,0
282947,0
282948,0
282949,0
282950,0
282951,0
282952,0
282953,0
282954,0
282955,0
282956,0
282957,0
282958,0
282959,0
282960,0
282961,0
282962,0
282963,0
282964,0
282965,0
282966,0
282967,0
282968,0
282969,0
282970,0
282971,0
282972,0
282973,0
282974,0
282975,0
282976,0
282977,0
282978,0
282979,0
282980,0
282981,0
282982,0
282983,0
282984,0
282985,0
282986,0
282987,0
282988,0
282989,0
282990,0
282991,0
282992,0
282993,0
282994,0
282995,0
282996,0
282997,0
282998,0
282999,0
283000,0
283001,0
283002,0
283003,0
283004,0
283005,0
283006,0
283007,0
283008,0
283009,0
283010,0
283011,0
283012,0
283013,0
283014,0
283015,0
283016,0
283017,0
283018,0
283019,0
283020,0
283021,0
283022,0
283023,0
283024,0
283025,0
283026,0
283027,0
283028,0
283029,0
283030,0
283031,0
283032,0
283033,0
283034,0
283035,0
283036,0
283037,0
283038,0
283039,0
283040,0
283041,0
283042,0
283043,0
283044,0
283045,0
283046,0
283047,0
283048,0
283049,0
283050,0
283051,0
283052,0
283053,0
283054,0
283055,0
283056,0
283057,0
283058,0
283059,0
283060,0
283061,0
283062,0
283063,0
283064,0
283065,0
283066,0
283067,0
283068,0
283069,0
283070,0
283071,0
283072,0
283073,0
283074,0
283075,0
283076,0
283077,0
283078,0
283079,0
283080,0
283081,0
283082,0
283083,0
283084,0
283085,0
283086,0
283087,0
283088,0
283089,0
283090,0
283091,0
283092,0
283093,0
283094,0
283095,0
283096,1
283097,0
283098,0
283099,0
283100,0
283101,0
283102,0
283103,0
283104,0
283105,0
283106,0
283107,0
283108,0
283109,0
283110,0
283111,0
283112,0
283113,0
283114,0
283115,0
283116,0
283117,0
283118,0
283119,0
283120,0
283121,0
283122,0
283123,0
283124,0
283125,0
283126,0
283127,0
283128,0
283129,0
283130,0
283131,0
283132,0
283133,0
283134,0
283135,0
283136,0
283137,0
283138,0
283139,0
283140,0
283141,0
283142,0
283143,0
283144,0
283145,0
283146,0
283147,0
283148,0
283149,0
283150,0
283151,0
283152,0
283153,0
283154,0
283155,0
283156,0
283157,0
283158,0
283159,0
283160,0
283161,0
283162,0
283163,0
283164,0
283165,0
283166,0
283167,0
283168,0
283169,0
283170,0
283171,0
283172,0
283173,0
283174,0
283175,0
283176,0
283177,0
283178,0
283179,0
283180,0
283181,0
283182,0
283183,0
283184,0
283185,0
283186,0
283187,0
283188,0
283189,0
283190,0
283191,0
283192,0
283193,0
283194,0
283195,0
283196,0
283197,0
283198,0
283199,0
283200,0
283201,0
283202,0
283203,0
283204,0
283205,1
283206,0
283207,0
283208,0
283209,0
283210,0
283211,0
283212,0
283213,0
283214,0
283215,0
283216,0
283217,0
283218,0
283219,0
283220,0
283221,0
283222,0
283223,0
283224,0
283225,0
283226,0
283227,0
283228,0
283229,0
283230,0
283231,0
283232,0
283233,0
283234,0
283235,0
283236,0
283237,0
283238,0
283239,0
283240,0
283241,0
283242,0
283243,0
283244,0
283245,0
283246,0
283247,0
283248,0
283249,0
283250,0
283251,0
283252,0
283253,0
283254,0
283255,0
283256,0
283257,0
283258,0
283259,0
283260,0
283261,0
283262,0
283263,0
283264,0
283265,0
283266,0
283267,0
283268,0
283269,0
283270,0
283271,0
283272,0
283273,0
283274,0
283275,0
283276,0
283277,0
283278,0
283279,0
283280,0
283281,0
283282,0
283283,0
283284,0
283285,1
283286,0
283287,0
283288,0
283289,0
283290,0
283291,0
283292,0
283293,0
283294,0
283295,0
283296,0
283297,0
283298,0
283299,0
283300,0
283301,0
283302,0
283303,1
283304,0
283305,0
283306,0
283307,0
283308,0
283309,0
283310,0
283311,0
283312,0
283313,0
283314,0
283315,0
283316,0
283317,0
283318,0
283319,0
283320,0
283321,0
283322,0
283323,0
283324,0
283325,0
283326,0
283327,0
283328,0
283329,0
283330,0
283331,0
283332,0
283333,0
283334,0
283335,0
283336,0
283337,1
283338,0
283339,0
283340,0
283341,0
283342,0
283343,0
283344,0
283345,0
283346,0
283347,0
283348,0
283349,0
283350,0
283351,0
283352,0
283353,0
283354,0
283355,0
283356,0
283357,0
283358,0
283359,0
283360,0
283361,0
283362,0
283363,0
283364,0
283365,0
283366,0
283367,0
283368,0
283369,0
283370,0
283371,0
283372,0
283373,0
283374,0
283375,0
283376,0
283377,0
283378,0
283379,0
283380,0
283381,0
283382,0
283383,0
283384,0
283385,0
283386,0
283387,0
283388,0
283389,0
283390,0
283391,0
283392,0
283393,0
283394,0
283395,0
283396,0
283397,0
283398,0
283399,0
283400,0
283401,0
283402,0
283403,0
283404,0
283405,0
283406,0
283407,0
283408,0
283409,0
283410,0
283411,0
283412,0
283413,0
283414,0
283415,0
283416,0
283417,0
283418,0
283419,0
283420,0
283421,0
283422,0
283423,0
283424,0
283425,0
283426,0
283427,0
283428,0
283429,0
283430,0
283431,0
283432,0
283433,0
283434,0
283435,0
283436,0
283437,0
283438,0
283439,0
283440,0
283441,0
283442,0
283443,0
283444,0
283445,0
283446,0
283447,0
283448,0
283449,0
283450,0
283451,0
283452,0
283453,0
283454,0
283455,0
283456,0
283457,0
283458,0
283459,0
283460,0
283461,0
283462,0
283463,0
283464,0
283465,0
283466,0
283467,0
283468,0
283469,0
283470,0
283471,0
283472,0
283473,1
283474,0
283475,0
283476,0
283477,1
283478,0
283479,0
283480,0
283481,0
283482,0
283483,0
283484,0
283485,0
283486,0
283487,0
283488,0
283489,0
283490,0
283491,0
283492,0
283493,0
283494,0
283495,0
283496,0
283497,0
283498,0
283499,0
283500,0
283501,0
283502,0
283503,0
283504,0
283505,0
283506,0
283507,0
283508,0
283509,0
283510,0
283511,0
283512,0
283513,0
283514,0
283515,0
283516,0
283517,0
283518,0
283519,0
283520,0
283521,0
283522,0
283523,0
283524,0
283525,0
283526,0
283527,0
283528,0
283529,0
283530,0
283531,0
283532,0
283533,0
283534,0
283535,0
283536,0
283537,0
283538,0
283539,1
283540,0
283541,0
283542,0
283543,0
283544,0
283545,0
283546,0
283547,0
283548,0
283549,0
283550,0
283551,0
283552,0
283553,0
283554,0
283555,0
283556,0
283557,0
283558,0
283559,0
283560,0
283561,0
283562,0
283563,0
283564,0
283565,0
283566,0
283567,0
283568,0
283569,0
283570,0
283571,0
283572,0
283573,0
283574,0
283575,0
283576,0
283577,0
283578,0
283579,0
283580,0
283581,0
283582,0
283583,0
283584,0
283585,0
283586,0
283587,0
283588,0
283589,0
283590,0
283591,0
283592,0
283593,0
283594,0
283595,0
283596,0
283597,0
283598,0
283599,0
283600,0
283601,0
283602,0
283603,0
283604,0
283605,0
283606,0
283607,0
283608,0
283609,0
283610,0
283611,0
283612,0
283613,0
283614,0
283615,0
283616,0
283617,0
283618,0
283619,2
283620,0
283621,0
283622,0
283623,0
283624,0
283625,0
283626,0
283627,0
283628,0
283629,0
283630,0
283631,0
283632,0
283633,0
283634,0
283635,0
283636,0
283637,0
283638,0
283639,1
283640,0
283641,0
283642,0
283643,0
283644,0
283645,0
283646,0
283647,0
283648,0
283649,0
283650,0
283651,0
283652,0
283653,0
283654,0
283655,0
283656,0
283657,0
283658,0
283659,0
283660,0
283661,2
283662,0
283663,0
283664,0
283665,0
283666,0
283667,1
283668,0
283669,0
283670,0
283671,1
283672,1
283673,0
283674,2
283675,0
283676,0
283677,0
283678,2
283679,0
283680,0
283681,0
283682,0
283683,0
283684,0
283685,1
283686,0
283687,0
283688,0
283689,0
283690,1
283691,0
283692,0
283693,1
283694,0
283695,0
283696,0
283697,0
283698,0
283699,0
283700,0
283701,0
283702,0
283703,0
283704,1
283705,0
283706,0
283707,0
283708,1
283709,0
283710,0
283711,0
283712,0
283713,0
283714,0
283715,0
283716,0
283717,0
283718,0
283719,0
283720,0
283721,0
283722,0
283723,0
283724,0
283725,0
283726,0
283727,0
283728,0
283729,0
283730,0
283731,0
283732,0
283733,0
283734,0
283735,0
283736,0
283737,0
283738,0
283739,1
283740,0
283741,0
283742,1
283743,0
283744,0
283745,0
283746,0
283747,0
283748,1
283749,0
283750,0
283751,0
283752,0
283753,0
283754,0
283755,0
283756,1
283757,0
283758,0
283759,1
283760,0
283761,0
283762,0
283763,0
283764,0
283765,0
283766,0
283767,0
283768,0
283769,0
283770,0
283771,0
283772,0
283773,0
283774,2
283775,0
283776,0
283777,0
283778,0
283779,0
283780,0
283781,0
283782,1
283783,0
283784,0
283785,0
283786,0
283787,1
283788,0
283789,0
283790,0
283791,1
283792,0
283793,2
283794,0
283795,0
283796,0
283797,1
283798,1
283799,0
283800,0
283801,0
283802,0
283803,0
283804,0
283805,0
283806,0
283807,0
283808,0
283809,0
283810,0
283811,0
283812,0
283813,0
283814,0
283815,0
283816,0
283817,0
283818,0
283819,0
283820,1
283821,0
283822,0
283823,0
283824,0
283825,2
283826,0
283827,0
283828,0
283829,0
283830,1
283831,0
283832,0
283833,0
283834,0
283835,0
283836,0
283837,0
283838,0
283839,0
283840,0
283841,0
283842,0
283843,0
283844,0
283845,1
283846,0
283847,0
283848,0
283849,0
283850,0
283851,1
283852,0
283853,0
283854,0
283855,0
283856,0
283857,3
283858,0
283859,0
283860,0
283861,0
283862,0
283863,0
283864,0
283865,0
283866,0
283867,0
283868,1
283869,0
283870,0
283871,0
283872,0
283873,1
283874,0
283875,0
283876,0
283877,0
283878,0
283879,0
283880,0
283881,0
283882,0
283883,0
283884,0
283885,0
283886,0
283887,0
283888,0
283889,0
283890,1
283891,0
283892,0
283893,0
283894,0
283895,0
283896,1
283897,0
283898,0
283899,0
283900,0
283901,0
283902,0
283903,0
283904,0
283905,0
283906,0
283907,0
283908,0
283909,0
283910,0
283911,0
283912,0
283913,0
283914,0
283915,0
283916,0
283917,0
283918,0
283919,0
283920,0
283921,0
283922,0
283923,0
283924,0
283925,0
283926,0
283927,0
283928,0
283929,45
283930,0
283931,0
283932,0
283933,0
283934,44
283935,0
283936,0
283937,0
283938,49
283939,0
283940,0
283941,0
283942,0
283943,0
283944,43
283945,41
283946,0
283947,0
283948,48
283949,0
283950,0
283951,27
283952,0
283953,0
283954,0
283955,0
283956,0
283957,0
283958,0
283959,0
283960,0
283961,0
283962,0
283963,0
283964,0
283965,45
283966,0
283967,0
283968,28
283969,0
283970,0
283971,0
283972,0
283973,0
283974,0
283975,0
283976,0
283977,0
283978,0
283979,41
283980,0
283981,0
283982,0
283983,0
283984,0
283985,0
283986,0
283987,0
283988,36
283989,0
283990,0
283991,0
283992,0
283993,0
283994,0
283995,0
283996,0
283997,0
283998,0
283999,0
284000,0
284001,30
284002,0
284003,0
284004,0
284005,27
284006,0
284007,33
284008,0
284009,0
284010,0
284011,0
284012,0
284013,0
284014,0
284015,0
284016,0
284017,0
284018,0
284019,0
284020,0
284021,0
284022,0
284023,0
284024,0
284025,0
284026,35
284027,0
284028,31
284029,25
284030,0
284031,0
284032,0
284033,0
284034,0
284035,51
284036,0
284037,0
284038,31
284039,0
284040,0
284041,0
284042,0
284043,0
284044,0
284045,0
284046,0
284047,0
284048,0
284049,0
284050,30
284051,0
284052,42
284053,0
284054,0
284055,31
284056,0
284057,0
284058,0
284059,38
284060,0
284061,0
284062,0
284063,0
284064,0
284065,0
284066,0
284067,0
284068,41
284069,24
284070,0
284071,46
284072,31
284073,0
284074,0
284075,0
284076,0
284077,0
284078,0
284079,0
284080,0
284081,31
284082,69
284083,0
284084,0
284085,0
284086,0
284087,0
284088,0
284089,0
284090,0
284091,0
284092,0
284093,36
284094,0
284095,27
284096,0
284097,0
284098,0
284099,0
284100,42
284101,0
284102,0
284103,0
284104,0
284105,0
284106,0
284107,0
284108,0
284109,0
284110,0
284111,0
284112,0
284113,0
284114,0
284115,54
284116,0
284117,0
284118,37
284119,54
284120,0
284121,39
284122,38
284123,0
284124,0
284125,0
284126,0
284127,0
284128,0
284129,0
284130,0
284131,0
284132,0
284133,0
284134,0
284135,40
284136,0
284137,0
284138,40
284139,0
284140,0
284141,0
284142,41
284143,43
284144,0
284145,0
284146,0
284147,0
284148,0
284149,0
284150,0
284151,0
284152,0
284153,36
284154,0
284155,0
284156,40
284157,0
284158,27
284159,0
284160,0
284161,0
284162,0
284163,0
284164,0
284165,0
284166,0
284167,0
284168,32
284169,0
284170,0
284171,44
284172,0
284173,0
284174,0
284175,0
284176,0
284177,0
284178,0
284179,0
284180,0
284181,0
284182,28
284183,0
284184,49
284185,0
284186,0
284187,0
284188,44
284189,0
284190,0
284191,0
284192,0
284193,54
284194,0
284195,0
284196,0
284197,0
284198,0
284199,0
284200,0
284201,19
284202,0
284203,35
284204,0
284205,0
284206,0
284207,0
284208,0
284209,0
284210,0
284211,0
284212,0
284213,0
284214,47
284215,39
284216,0
284217,0
284218,0
284219,0
284220,0
284221,0
284222,0
284223,0
284224,0
284225,0
284226,0
284227,0
284228,0
284229,31
284230,0
284231,0
284232,30
284233,0
284234,0
284235,0
284236,0
284237,0
284238,0
284239,0
284240,55
284241,0
284242,28
284243,33
284244,0
284245,0
284246,0
284247,0
284248,0
284249,0
284250,0
284251,29
284252,0
284253,0
284254,0
284255,0
284256,0
284257,0
284258,0
284259,0
284260,0
284261,0
284262,40
284263,0
284264,22
284265,0
284266,0
284267,42
284268,0
284269,37
284270,0
284271,0
284272,0
284273,44
284274,32
284275,41
284276,0
284277,0
284278,0
284279,0
284280,0
284281,0
284282,0
284283,29
284284,0
284285,0
284286,0
284287,0
284288,37
284289,0
284290,0
284291,0
284292,0
284293,0
284294,44
284295,0
284296,44
284297,48
284298,0
284299,0
284300,0
284301,0
284302,0
284303,0
284304,0
284305,0
284306,36
284307,0
284308,0
284309,0
284310,0
284311,0
284312,0
284313,0
284314,0
284315,0
284316,0
284317,37
284318,0
284319,0
284320,0
284321,0
284322,31
284323,0
284324,0
284325,52
284326,0
284327,0
284328,0
284329,0
284330,0
284331,0
284332,48
284333,0
284334,0
284335,0
284336,0
284337,36
284338,0
284339,0
284340,0
284341,0
284342,40
284343,0
284344,0
284345,0
284346,0
284347,0
284348,0
284349,38
284350,0
284351,0
284352,0
284353,0
284354,0
284355,0
284356,0
284357,0
284358,0
284359,41
284360,0
284361,0
284362,0
284363,45
284364,0
284365,0
284366,31
284367,0
284368,0
284369,0
284370,34
284371,0
284372,0
284373,0
284374,25
284375,0
284376,0
284377,0
284378,32
284379,26
284380,0
284381,33
284382,0
284383,0
284384,0
284385,0
284386,0
284387,0
284388,0
284389,0
284390,31
284391,24
284392,0
284393,39
284394,0
284395,0
284396,30
284397,38
284398,0
284399,0
284400,0
284401,0
284402,0
284403,0
284404,30
284405,0
284406,0
284407,35
284408,0
284409,0
284410,0
284411,48
284412,0
284413,0
284414,0
284415,0
284416,0
284417,0
284418,29
284419,0
284420,0
284421,0
284422,0
284423,0
284424,0
284425,0
284426,0
284427,0
284428,0
284429,0
284430,0
284431,0
284432,30
284433,0
284434,0
284435,36
284436,0
284437,0
284438,0
284439,0
284440,0
284441,44
284442,0
284443,0
284444,0
284445,0
284446,0
284447,0
284448,0
284449,0
284450,29
284451,0
284452,0
284453,39
284454,0
284455,0
284456,34
284457,50
284458,0
284459,0
284460,25
284461,0
284462,0
284463,33
284464,0
284465,0
284466,0
284467,0
284468,0
284469,0
284470,0
284471,0
284472,0
284473,0
284474,0
284475,0
284476,0
284477,29
284478,0
284479,46
284480,0
284481,0
284482,0
284483,0
284484,0
284485,0
284486,0
284487,0
284488,0
284489,0
284490,0
284491,0
284492,0
284493,0
284494,37
284495,32
284496,0
284497,0
284498,0
284499,0
284500,0
284501,0
284502,0
284503,0
284504,0
284505,0
284506,0
284507,0
284508,35
284509,32
284510,50
284511,0
284512,0
284513,0
284514,0
284515,0
284516,40
284517,0
284518,0
284519,0
284520,0
284521,0
284522,0
284523,0
284524,0
284525,0
284526,0
284527,0
284528,0
284529,0
284530,0
284531,43
284532,0
284533,0
284534,0
284535,45
284536,0
284537,0
284538,0
284539,0
284540,0
284541,0
284542,35
284543,0
284544,0
284545,0
284546,0
284547,33
284548,33
284549,0
284550,31
284551,33
284552,0
284553,0
284554,35
284555,0
284556,0
284557,0
284558,31
284559,0
284560,0
284561,0
284562,0
284563,0
284564,31
284565,0
284566,0
284567,0
284568,0
284569,0
284570,0
284571,0
284572,0
284573,0
284574,0
284575,0
284576,0
284577,0
284578,0
284579,0
284580,0
284581,0
284582,0
284583,0
284584,0
284585,20
284586,0
284587,33
284588,0
284589,0
284590,0
284591,0
284592,0
284593,0
284594,0
284595,0
284596,0
284597,0
284598,0
284599,0
284600,0
284601,0
284602,0
284603,0
284604,0
284605,0
284606,0
284607,0
284608,0
284609,0
284610,0
284611,0
284612,0
284613,32
284614,0
284615,0
284616,35
284617,0
284618,0
284619,0
284620,0
284621,0
284622,31
284623,0
284624,43
284625,33
284626,0
284627,0
284628,0
284629,0
284630,0
284631,0
284632,0
284633,30
284634,0
284635,41
284636,39
284637,0
284638,18
284639,0
284640,0
284641,31
284642,0
284643,0
284644,0
284645,0
284646,0
284647,0
284648,45
284649,0
284650,0
284651,0
284652,0
284653,0
284654,0
284655,0
284656,0
284657,44
284658,38
284659,0
284660,0
284661,0
284662,0
284663,0
284664,0
284665,0
284666,27
284667,28
284668,28
284669,0
284670,52
284671,0
284672,0
284673,0
284674,0
284675,0
284676,0
284677,28
284678,0
284679,0
284680,0
284681,0
284682,0
284683,0
284684,0
284685,0
284686,0
284687,44
284688,0
284689,39
284690,0
284691,0
284692,31
284693,0
284694,0
284695,0
284696,32
284697,0
284698,37
284699,0
284700,37
284701,0
284702,0
284703,0
284704,0
284705,0
284706,0
284707,29
284708,0
284709,0
284710,0
284711,0
284712,0
284713,0
284714,0
284715,0
284716,0
284717,0
284718,0
284719,0
284720,0
284721,0
284722,0
284723,0
284724,0
284725,0
284726,0
284727,0
284728,35
284729,0
284730,0
284731,0
284732,0
284733,0
284734,0
284735,0
284736,0
284737,0
284738,0
284739,0
284740,0
284741,0
284742,0
284743,0
284744,0
284745,41
284746,0
284747,0
284748,0
284749,0
284750,36
284751,0
284752,0
284753,0
284754,28
284755,0
284756,0
284757,0
284758,0
284759,0
284760,0
284761,0
284762,0
284763,28
284764,30
284765,0
284766,0
284767,0
284768,43
284769,0
284770,0
284771,0
284772,0
284773,0
284774,0
284775,0
284776,0
284777,31
284778,27
284779,0
284780,31
284781,35
284782,0
284783,0
284784,0
284785,0
284786,0
284787,0
284788,55
284789,31
284790,0
284791,0
284792,0
284793,0
284794,0
284795,0
284796,0
284797,0
284798,34
284799,0
284800,37
284801,0
284802,0
284803,0
284804,42
284805,0
284806,0
284807,0
284808,0
284809,0
284810,0
284811,0
284812,0
284813,0
284814,26
284815,0
284816,0
284817,0
284818,0
284819,0
284820,0
284821,0
284822,0
284823,0
284824,0
284825,0
284826,0
284827,0
284828,32
284829,0
284830,0
284831,36
284832,0
284833,0
284834,0
284835,0
284836,31
284837,0
284838,0
284839,30
284840,29
284841,0
284842,0
284843,0
284844,0
284845,0
284846,27
284847,0
284848,0
284849,0
284850,0
284851,0
284852,0
284853,45
284854,0
284855,0
284856,13
284857,0
284858,0
284859,0
284860,0
284861,0
284862,0
284863,0
284864,0
284865,0
284866,0
284867,0
284868,0
284869,0
284870,0
284871,0
284872,0
284873,0
284874,0
284875,0
284876,0
284877,0
284878,34
284879,0
284880,0
284881,32
284882,0
284883,0
284884,0
284885,0
284886,0
284887,0
284888,0
284889,0
284890,0
284891,0
284892,0
284893,0
284894,0
284895,0
284896,0
284897,0
284898,0
284899,0
284900,0
284901,0
284902,0
284903,0
284904,0
284905,0
284906,0
284907,0
284908,0
284909,0
284910,0
284911,0
284912,0
284913,0
284914,0
284915,0
284916,0
284917,0
284918,0
284919,0
284920,0
284921,0
284922,0
284923,0
284924,0
284925,28
284926,0
284927,28
284928,0
284929,0
284930,0
284931,0
284932,0
284933,0
284934,0
284935,0
284936,0
284937,0
284938,0
284939,24
284940,0
284941,0
284942,0
284943,0
284944,0
284945,0
284946,0
284947,0
284948,0
284949,0
284950,0
284951,0
284952,0
284953,0
284954,0
284955,0
284956,0
284957,0
284958,0
284959,33
284960,16
284961,0
284962,12
284963,0
284964,0
284965,27
284966,0
284967,0
284968,27
284969,0
284970,0
284971,0
284972,0
284973,0
284974,0
284975,0
284976,0
284977,0
284978,0
284979,0
284980,0
284981,0
284982,0
284983,0
284984,0
284985,0
284986,0
284987,0
284988,0
284989,0
284990,0
284991,0
284992,0
284993,0
284994,0
284995,0
284996,0
284997,37
284998,39
284999,0
285000,0
285001,0
285002,0
285003,0
285004,0
285005,0
285006,0
285007,0
285008,32
285009,36
285010,31
285011,0
285012,0
285013,0
285014,0
285015,0
285016,0
285017,0
285018,0
285019,0
285020,0
285021,21
285022,48
285023,0
285024,0
285025,0
285026,0
285027,0
285028,27
285029,0
285030,23
285031,0
285032,0
285033,0
285034,0
285035,0
285036,23
285037,0
285038,0
285039,0
285040,0
285041,0
285042,0
285043,0
285044,0
285045,0
285046,51
285047,0
285048,0
285049,0
285050,0
285051,0
285052,0
285053,0
285054,0
285055,0
285056,0
285057,37
285058,0
285059,0
285060,0
285061,0
285062,0
285063,0
285064,0
285065,0
285066,0
285067,0
285068,0
285069,0
285070,0
285071,0
285072,0
285073,0
285074,0
285075,0
285076,0
285077,35
285078,45
285079,24
285080,0
285081,0
285082,0
285083,0
285084,0
285085,0
285086,0
285087,0
285088,0
285089,0
285090,37
285091,0
285092,0
285093,0
285094,0
285095,0
285096,0
285097,0
285098,43
285099,0
285100,0
285101,0
285102,0
285103,0
285104,0
285105,0
285106,0
285107,0
285108,0
285109,0
285110,0
285111,0
285112,0
285113,0
285114,0
285115,0
285116,0
285117,0
285118,0
285119,0
285120,0
285121,0
285122,0
285123,0
285124,0
285125,0
285126,0
285127,0
285128,0
285129,0
285130,0
285131,0
285132,0
285133,0
285134,0
285135,0
285136,0
285137,0
285138,0
285139,0
285140,0
285141,0
285142,0
285143,0
285144,0
285145,0
285146,32
285147,0
285148,0
285149,25
285150,0
285151,28
285152,37
285153,0
285154,59
285155,0
285156,0
285157,0
285158,0
285159,0
285160,0
285161,0
285162,27
285163,0
285164,0
285165,0
285166,0
285167,0
285168,34
285169,0
285170,0
285171,0
285172,0
285173,0
285174,0
285175,0
285176,0
285177,0
285178,0
285179,0
285180,47
285181,0
285182,0
285183,0
285184,0
285185,27
285186,0
285187,0
285188,33
285189,0
285190,0
285191,0
285192,31
285193,0
285194,0
285195,0
285196,0
285197,0
285198,0
285199,0
285200,0
285201,0
285202,0
285203,0
285204,0
285205,0
285206,0
285207,31
285208,0
285209,0
285210,0
285211,0
285212,0
285213,0
285214,0
285215,0
285216,0
285217,10
285218,33
285219,0
285220,0
285221,0
285222,0
285223,0
285224,0
285225,0
285226,16
285227,23
285228,16
285229,0
285230,0
285231,0
285232,30
285233,0
285234,28
285235,0
285236,17
285237,0
285238,12
285239,0
285240,0
285241,8
285242,24
285243,0
285244,0
285245,0
285246,0
285247,32
285248,0
285249,18
285250,0
285251,0
285252,0
285253,0
285254,28
285255,0
285256,35
285257,0
285258,0
285259,0
285260,40
285261,0
285262,0
285263,0
285264,0
285265,22
285266,0
285267,0
285268,0
285269,0
285270,0
285271,0
285272,0
285273,0
285274,0
285275,0
285276,0
285277,0
285278,0
285279,31
285280,0
285281,35
285282,0
285283,0
285284,0
285285,0
285286,0
285287,0
285288,20
285289,0
285290,0
285291,0
285292,0
285293,29
285294,0
285295,0
285296,0
285297,0
285298,0
285299,0
285300,21
285301,36
285302,0
285303,0
285304,0
285305,0
285306,0
285307,9
285308,42
285309,0
285310,0
285311,17
285312,0
285313,0
285314,0
285315,0
285316,0
285317,0
285318,0
285319,0
285320,0
285321,40
285322,26
285323,0
285324,0
285325,23
285326,0
285327,0
285328,27
285329,14
285330,0
285331,0
285332,0
285333,0
285334,0
285335,0
285336,18
285337,0
285338,0
285339,30
285340,0
285341,0
285342,0
285343,0
285344,0
285345,0
285346,31
285347,0
285348,0
285349,29
285350,24
285351,0
285352,0
285353,0
285354,0
285355,0
285356,25
285357,50
285358,0
285359,0
285360,0
285361,0
285362,0
285363,0
285364,0
285365,0
285366,0
285367,0
285368,0
285369,25
285370,0
285371,36
285372,0
285373,0
285374,0
285375,0
285376,0
285377,0
285378,0
285379,0
285380,8
285381,0
285382,13
285383,0
285384,0
285385,0
285386,0
285387,0
285388,0
285389,0
285390,50
285391,28
285392,0
285393,0
285394,0
285395,0
285396,0
285397,0
285398,23
285399,0
285400,0
285401,0
285402,0
285403,0
285404,0
285405,22
285406,0
285407,23
285408,35
285409,0
285410,0
285411,0
285412,0
285413,0
285414,0
285415,0
285416,0
285417,0
285418,30
285419,0
285420,18
285421,0
285422,0
285423,17
285424,0
285425,0
285426,0
285427,0
285428,42
285429,0
285430,0
285431,0
285432,0
285433,0
285434,0
285435,0
285436,0
285437,0
285438,0
285439,41
285440,0
285441,0
285442,31
285443,0
285444,0
285445,0
285446,0
285447,0
285448,0
285449,49
285450,0
285451,31
285452,0
285453,0
285454,13
285455,0
285456,0
285457,0
285458,0
285459,26
285460,10
285461,20
285462,0
285463,0
285464,25
285465,0
285466,28
285467,0
285468,0
285469,12
285470,0
285471,0
285472,21
285473,0
285474,0
285475,21
285476,0
285477,0
285478,0
285479,0
285480,0
285481,0
285482,0
285483,0
285484,9
285485,0
285486,0
285487,0
285488,0
285489,0
285490,16
285491,19
285492,0
285493,0
285494,0
285495,0
285496,0
285497,33
285498,0
285499,0
285500,0
285501,0
285502,0
285503,0
285504,0
285505,0
285506,0
285507,50
285508,0
285509,0
285510,43
285511,0
285512,0
285513,0
285514,0
285515,0
285516,0
285517,0
285518,0
285519,0
285520,0
285521,0
285522,0
285523,39
285524,0
285525,0
285526,27
285527,0
285528,13
285529,0
285530,28
285531,0
285532,0
285533,0
285534,0
285535,29
285536,0
285537,30
285538,0
285539,0
285540,0
285541,0
285542,21
285543,0
285544,0
285545,16
285546,0
285547,0
285548,0
285549,28
285550,52
285551,29
285552,21
285553,39
285554,0
285555,36
285556,0
285557,0
285558,0
285559,27
285560,0
285561,0
285562,12
285563,0
285564,0
285565,0
285566,34
285567,0
285568,0
285569,0
285570,0
285571,0
285572,0
285573,0
285574,0
285575,0
285576,0
285577,0
285578,0
285579,23
285580,0
285581,37
285582,0
285583,0
285584,0
285585,0
285586,0
285587,0
285588,0
285589,0
285590,0
285591,15
285592,33
285593,34
285594,41
285595,0
285596,19
285597,0
285598,0
285599,7
285600,27
285601,0
285602,0
285603,0
285604,0
285605,0
285606,0
285607,0
285608,0
285609,0
285610,0
285611,0
285612,37
285613,9
285614,0
285615,0
285616,9
285617,13
285618,0
285619,56
285620,0
285621,0
285622,40
285623,0
285624,0
285625,0
285626,0
285627,31
285628,0
285629,0
285630,0
285631,0
285632,0
285633,0
285634,0
285635,0
285636,0
285637,0
285638,0
285639,0
285640,0
285641,0
285642,22
285643,0
285644,0
285645,0
285646,0
285647,0
285648,0
285649,0
285650,0
285651,22
285652,34
285653,0
285654,0
285655,29
285656,0
285657,0
285658,0
285659,13
285660,0
285661,0
285662,23
285663,0
285664,0
285665,0
285666,0
285667,0
285668,0
285669,25
285670,0
285671,0
285672,0
285673,0
285674,0
285675,0
285676,0
285677,0
285678,0
285679,0
285680,0
285681,0
285682,0
285683,0
285684,0
285685,0
285686,0
285687,0
285688,50
285689,0
285690,0
285691,0
285692,0
285693,23
285694,0
285695,0
285696,0
285697,0
285698,0
285699,39
285700,0
285701,11
285702,0
285703,0
285704,0
285705,0
285706,27
285707,26
285708,0
285709,0
285710,0
285711,0
285712,0
285713,27
285714,0
285715,0
285716,0
285717,0
285718,44
285719,0
285720,42
285721,0
285722,0
285723,0
285724,33
285725,0
285726,0
285727,0
285728,0
285729,0
285730,0
285731,0
285732,0
285733,14
285734,0
285735,0
285736,0
285737,29
285738,0
285739,0
285740,17
285741,0
285742,0
285743,0
285744,0
285745,0
285746,72
285747,0
285748,0
285749,0
285750,0
285751,21
285752,0
285753,0
285754,43
285755,37
285756,0
285757,0
285758,16
285759,0
285760,0
285761,49
285762,41
285763,10
285764,0
285765,0
285766,0
285767,29
285768,0
285769,0
285770,35
285771,31
285772,0
285773,0
285774,0
285775,0
285776,0
285777,0
285778,0
285779,22
285780,0
285781,36
285782,0
285783,0
285784,17
285785,0
285786,0
285787,32
285788,0
285789,0
285790,0
285791,0
285792,0
285793,0
285794,0
285795,0
285796,0
285797,15
285798,0
285799,0
285800,0
285801,0
285802,0
285803,0
285804,0
285805,0
285806,0
285807,0
285808,6
285809,0
285810,0
285811,13
285812,0
285813,20
285814,0
285815,0
285816,17
285817,6
285818,19
285819,0
285820,12
285821,14
285822,22
285823,0
285824,22
285825,13
285826,16
285827,0
285828,0
285829,18
285830,0
285831,0
285832,0
285833,18
285834,0
285835,0
285836,0
285837,0
285838,0
285839,0
285840,0
285841,13
285842,0
285843,0
285844,0
285845,0
285846,11
285847,0
285848,11
285849,0
285850,0
285851,0
285852,0
285853,0
285854,0
285855,15
285856,0
285857,29
285858,0
285859,0
285860,0
285861,0
285862,19
285863,0
285864,0
285865,0
285866,0
285867,0
285868,0
285869,0
285870,0
285871,0
285872,0
285873,16
285874,14
285875,0
285876,0
285877,18
285878,8
285879,0
285880,0
285881,19
285882,14
285883,0
285884,0
285885,0
285886,0
285887,0
285888,15
285889,14
285890,0
285891,0
285892,0
285893,17
285894,0
285895,0
285896,0
285897,0
285898,0
285899,0
285900,0
285901,21
285902,0
285903,8
285904,0
285905,12
285906,12
285907,0
285908,0
285909,0
285910,0
285911,20
285912,0
285913,0
285914,12
285915,0
285916,0
285917,0
285918,0
285919,0
285920,0
285921,0
285922,16
285923,0
285924,14
285925,0
285926,0
285927,14
285928,21
285929,0
285930,0
285931,0
285932,13
285933,0
285934,0
285935,0
285936,0
285937,10
285938,0
285939,15
285940,0
285941,0
285942,15
285943,0
285944,20
285945,0
285946,0
285947,0
285948,13
285949,0
285950,0
285951,14
285952,20
285953,0
285954,0
285955,0
285956,12
285957,30
285958,15
285959,0
285960,0
285961,0
285962,0
285963,10
285964,18
285965,14
285966,0
285967,0
285968,0
285969,0
285970,18
285971,19
285972,0
285973,0
285974,0
285975,16
285976,0
285977,0
285978,0
285979,0
285980,0
285981,0
285982,0
285983,0
285984,0
285985,0
285986,20
285987,0
285988,12
285989,9
285990,0
285991,0
285992,18
285993,0
285994,0
285995,24
285996,18
285997,0
285998,0
285999,0
286000,0
286001,17
286002,0
286003,0
286004,22
286005,0
286006,22
286007,0
286008,25
286009,0
286010,0
286011,0
286012,0
286013,0
286014,0
286015,0
286016,0
286017,0
286018,19
286019,0
286020,0
286021,15
286022,25
286023,0
286024,0
286025,0
286026,0
286027,0
286028,0
286029,0
286030,15
286031,0
286032,14
286033,0
286034,15
286035,0
286036,0
286037,0
286038,0
286039,0
286040,17
286041,22
286042,16
286043,0
286044,0
286045,0
286046,0
286047,0
286048,10
286049,0
286050,0
286051,0
286052,0
286053,0
286054,0
286055,0
286056,20
286057,0
286058,0
286059,17
286060,0
286061,0
286062,0
286063,0
286064,0
286065,0
286066,0
286067,0
286068,0
286069,20
286070,0
286071,0
286072,23
286073,16
286074,19
286075,0
286076,10
286077,0
286078,14
286079,0
286080,18
286081,0
286082,0
286083,0
286084,0
286085,19
286086,17
286087,0
286088,0
286089,0
286090,0
286091,0
286092,0
286093,0
286094,13
286095,0
286096,0
286097,0
286098,0
286099,0
286100,12
286101,0
286102,0
286103,0
286104,0
286105,0
286106,0
286107,0
286108,0
286109,0
286110,13
286111,0
286112,0
286113,0
286114,0
286115,15
286116,0
286117,0
286118,0
286119,16
286120,0
286121,0
286122,0
286123,10
286124,0
286125,0
286126,13
286127,0
286128,14
286129,0
286130,0
286131,13
286132,13
286133,0
286134,0
286135,0
286136,0
286137,0
286138,0
286139,0
286140,0
286141,0
286142,14
286143,7
286144,0
286145,13
286146,26
286147,0
286148,13
286149,26
286150,0
286151,0
286152,0
286153,0
286154,0
286155,19
286156,0
286157,0
286158,0
286159,0
286160,0
286161,0
286162,22
286163,0
286164,0
286165,0
286166,0
286167,0
286168,16
286169,0
286170,13
286171,0
286172,0
286173,0
286174,0
286175,0
286176,15
286177,0
286178,16
286179,0
286180,0
286181,16
286182,0
286183,13
286184,16
286185,9
286186,0
286187,0
286188,14
286189,0
286190,16
286191,0
286192,12
286193,20
286194,26
286195,18
286196,0
286197,16
286198,0
286199,0
286200,0
286201,28
286202,0
286203,8
286204,0
286205,0
286206,0
286207,0
286208,14
286209,15
286210,0
286211,0
286212,0
286213,19
286214,0
286215,0
286216,0
286217,14
286218,21
286219,0
286220,0
286221,0
286222,0
286223,12
286224,0
286225,0
286226,0
286227,0
286228,13
286229,0
286230,0
286231,0
286232,0
286233,0
286234,0
286235,14
286236,0
286237,0
286238,0
286239,0
286240,0
286241,0
286242,0
286243,0
286244,0
286245,13
286246,0
286247,16
286248,0
286249,0
286250,0
286251,0
286252,0
286253,17
286254,0
286255,0
286256,0
286257,0
286258,0
286259,32
286260,0
286261,15
286262,0
286263,20
286264,25
286265,0
286266,0
286267,0
286268,0
286269,0
286270,0
286271,0
286272,0
286273,0
286274,0
286275,0
286276,18
286277,0
286278,15
286279,0
286280,0
286281,24
286282,0
286283,10
286284,0
286285,0
286286,0
286287,0
286288,0
286289,0
286290,12
286291,0
286292,12
286293,11
286294,0
286295,0
286296,0
286297,0
286298,0
286299,0
286300,0
286301,0
286302,14
286303,0
286304,19
286305,0
286306,16
286307,0
286308,20
286309,16
286310,0
286311,0
286312,24
286313,0
286314,0
286315,12
286316,0
286317,0
286318,0
286319,0
286320,0
286321,16
286322,30
286323,15
286324,19
286325,18
286326,0
286327,20
286328,0
286329,0
286330,0
286331,0
286332,30
286333,0
286334,0
286335,0
286336,0
286337,0
286338,0
286339,0
286340,0
286341,0
286342,0
286343,14
286344,22
286345,0
286346,8
286347,0
286348,0
286349,20
286350,0
286351,0
286352,18
286353,18
286354,0
286355,0
286356,0
286357,0
286358,0
286359,19
286360,17
286361,15
286362,19
286363,0
286364,0
286365,13
286366,29
286367,23
286368,0
286369,14
286370,14
286371,0
286372,0
286373,0
286374,0
286375,0
286376,0
286377,0
286378,0
286379,0
286380,16
286381,0
286382,0
286383,0
286384,0
286385,14
286386,0
286387,16
286388,0
286389,0
286390,0
286391,0
286392,0
286393,0
286394,13
286395,0
286396,0
286397,0
286398,0
286399,0
286400,0
286401,0
286402,0
286403,0
286404,0
286405,18
286406,0
286407,0
286408,17
286409,0
286410,0
286411,0
286412,10
286413,0
286414,0
286415,24
286416,15
286417,0
286418,0
286419,0
286420,0
286421,0
286422,0
286423,24
286424,0
286425,14
286426,0
286427,0
286428,0
286429,18
286430,0
286431,0
286432,0
286433,0
286434,0
286435,0
286436,0
286437,0
286438,0
286439,0
286440,0
286441,0
286442,0
286443,0
286444,0
286445,0
286446,0
286447,0
286448,0
286449,0
286450,0
286451,0
286452,0
286453,14
286454,0
286455,0
286456,0
286457,0
286458,0
286459,0
286460,0
286461,0
286462,0
286463,22
286464,0
286465,0
286466,0
286467,0
286468,15
286469,0
286470,0
286471,0
286472,0
286473,0
286474,0
286475,0
286476,0
286477,0
286478,18
286479,0
286480,0
286481,0
286482,0
286483,0
286484,0
286485,0
286486,22
286487,0
286488,0
286489,0
286490,0
286491,0
286492,0
286493,0
286494,0
286495,17
286496,0
286497,0
286498,0
286499,0
286500,0
286501,0
286502,0
286503,0
286504,22
286505,20
286506,0
286507,0
286508,16
286509,0
286510,0
286511,0
286512,0
286513,17
286514,0
286515,0
286516,0
286517,0
286518,0
286519,0
286520,0
286521,0
286522,0
286523,0
286524,0
286525,0
286526,17
286527,0
286528,0
286529,0
286530,0
286531,0
286532,0
286533,18
286534,0
286535,0
286536,0
286537,0
286538,0
286539,0
286540,0
286541,0
286542,0
286543,0
286544,0
286545,0
286546,0
286547,0
286548,0
286549,0
286550,0
286551,0
286552,0
286553,12
286554,0
286555,0
286556,0
286557,0
286558,22
286559,0
286560,0
286561,0
286562,0
286563,0
286564,0
286565,0
286566,0
286567,0
286568,0
286569,0
286570,0
286571,0
286572,0
286573,0
286574,0
286575,0
286576,0
286577,0
286578,13
286579,0
286580,0
286581,0
286582,0
286583,0
286584,0
286585,0
286586,0
286587,0
286588,0
286589,0
286590,24
286591,0
286592,0
286593,0
286594,0
286595,0
286596,0
286597,26
286598,0
286599,0
286600,0
286601,0
286602,0
286603,0
286604,0
286605,0
286606,21
286607,0
286608,12
286609,0
286610,0
286611,15
286612,14
286613,0
286614,0
286615,0
286616,0
286617,0
286618,0
286619,0
286620,0
286621,0
286622,0
286623,0
286624,0
286625,0
286626,0
286627,0
286628,0
286629,0
286630,0
286631,0
286632,0
286633,0
286634,0
286635,0
286636,0
286637,0
286638,0
286639,0
286640,0
286641,0
286642,0
286643,0
286644,0
286645,0
286646,0
286647,0
286648,21
286649,0
286650,0
286651,0
286652,0
286653,0
286654,16
286655,0
286656,0
286657,0
286658,0
286659,0
286660,0
286661,0
286662,0
286663,0
286664,0
286665,0
286666,0
286667,0
286668,0
286669,0
286670,0
286671,0
286672,0
286673,0
286674,0
286675,0
286676,0
286677,0
286678,0
286679,0
286680,0
286681,0
286682,0
286683,0
286684,0
286685,28
286686,0
286687,0
286688,0
286689,0
286690,0
286691,0
286692,10
286693,0
286694,0
286695,0
286696,0
286697,0
286698,0
286699,0
286700,0
286701,0
286702,0
286703,0
286704,0
286705,0
286706,0
286707,0
286708,0
286709,0
286710,0
286711,0
286712,0
286713,0
286714,0
286715,0
286716,0
286717,0
286718,0
286719,0
286720,0
286721,0
286722,0
286723,0
286724,0
286725,0
286726,0
286727,0
286728,0
286729,0
286730,0
286731,0
286732,0
286733,0
286734,0
286735,0
286736,0
286737,0
286738,0
286739,0
286740,31
286741,0
286742,0
286743,0
286744,0
286745,0
286746,22
286747,0
286748,0
286749,0
286750,0
286751,27
286752,0
286753,0
286754,0
286755,0
286756,0
286757,0
286758,0
286759,0
286760,0
286761,0
286762,0
286763,0
286764,0
286765,0
286766,0
286767,0
286768,0
286769,0
286770,0
286771,0
286772,0
286773,0
286774,0
286775,0
286776,0
286777,0
286778,0
286779,0
286780,0
286781,0
286782,0
286783,0
286784,0
286785,0
286786,0
286787,23
286788,0
286789,0
286790,0
286791,0
286792,0
286793,0
286794,0
286795,0
286796,0
286797,0
286798,0
286799,0
286800,0
286801,0
286802,0
286803,0
286804,0
286805,0
286806,0
286807,0
286808,0
286809,0
286810,0
286811,0
286812,0
286813,0
286814,0
286815,0
286816,0
286817,0
286818,0
286819,0
286820,0
286821,0
286822,0
286823,0
286824,0
286825,0
286826,0
286827,0
286828,11
286829,0
286830,0
286831,0
286832,0
286833,0
286834,0
286835,0
286836,0
286837,0
286838,0
286839,0
286840,0
286841,0
286842,0
286843,15
286844,0
286845,0
286846,0
286847,0
286848,0
286849,0
286850,0
286851,0
286852,0
286853,13
286854,21
286855,0
286856,0
286857,0
286858,0
286859,0
286860,0
286861,0
286862,0
286863,0
286864,0
286865,0
286866,0
286867,0
286868,0
286869,0
286870,0
286871,0
286872,0
286873,0
286874,0
286875,0
286876,0
286877,0
286878,0
286879,15
286880,0
286881,0
286882,0
286883,0
286884,0
286885,0
286886,0
286887,0
286888,0
286889,0
286890,0
286891,0
286892,0
286893,0
286894,0
286895,0
286896,15
286897,0
286898,0
286899,22
286900,0
286901,0
286902,0
286903,0
286904,0
286905,0
286906,0
286907,0
286908,0
286909,0
286910,0
286911,0
286912,0
286913,0
286914,0
286915,0
286916,0
286917,22
286918,19
286919,0
286920,0
286921,15
286922,0
286923,0
286924,0
286925,0
286926,0
286927,0
286928,0
286929,23
286930,13
286931,0
286932,0
286933,0
286934,0
286935,0
286936,0
286937,0
286938,0
286939,0
286940,0
286941,0
286942,0
286943,15
286944,0
286945,0
286946,0
286947,0
286948,0
286949,0
286950,0
286951,0
286952,0
286953,0
286954,0
286955,0
286956,0
286957,0
286958,0
286959,0
286960,0
286961,0
286962,0
286963,0
286964,0
286965,0
286966,0
286967,0
286968,0
286969,0
286970,0
286971,0
286972,0
286973,0
286974,18
286975,0
286976,0
286977,0
286978,23
286979,0
286980,16
286981,0
286982,0
286983,22
286984,0
286985,0
286986,0
286987,0
286988,19
286989,0
286990,0
286991,0
286992,0
286993,0
286994,0
286995,0
286996,0
286997,0
286998,0
286999,0
287000,0
287001,0
287002,0
287003,0
287004,0
287005,24
287006,0
287007,0
287008,0
287009,0
287010,18
287011,0
287012,0
287013,0
287014,0
287015,0
287016,0
287017,0
287018,0
287019,26
287020,0
287021,0
287022,0
287023,0
287024,0
287025,0
287026,0
287027,0
287028,0
287029,0
287030,0
287031,0
287032,0
287033,0
287034,0
287035,0
287036,0
287037,0
287038,0
287039,13
287040,0
287041,0
287042,0
287043,0
287044,0
287045,0
287046,0
287047,0
287048,0
287049,0
287050,0
287051,0
287052,0
287053,0
287054,0
287055,0
287056,0
287057,0
287058,0
287059,0
287060,0
287061,0
287062,0
287063,0
287064,11
287065,0
287066,0
287067,0
287068,0
287069,12
287070,0
287071,0
287072,0
287073,0
287074,0
287075,0
287076,0
287077,0
287078,0
287079,0
287080,0
287081,0
287082,0
287083,0
287084,14
287085,0
287086,0
287087,0
287088,0
287089,0
287090,0
287091,0
287092,0
287093,0
287094,0
287095,0
287096,0
287097,0
287098,0
287099,0
287100,0
287101,13
287102,0
287103,21
287104,0
287105,0
287106,0
287107,0
287108,0
287109,0
287110,15
287111,0
287112,0
287113,0
287114,0
287115,0
287116,0
287117,0
287118,0
287119,0
287120,0
287121,0
287122,0
287123,0
287124,0
287125,0
287126,0
287127,0
287128,0
287129,0
287130,0
287131,0
287132,0
287133,24
287134,0
287135,0
287136,0
287137,0
287138,18
287139,17
287140,0
287141,0
287142,0
287143,0
287144,0
287145,0
287146,0
287147,0
287148,0
287149,0
287150,18
287151,17
287152,0
287153,0
287154,0
287155,0
287156,0
287157,0
287158,0
287159,0
287160,0
287161,0
287162,0
287163,0
287164,0
287165,0
287166,0
287167,0
287168,0
287169,0
287170,0
287171,0
287172,0
287173,0
287174,0
287175,0
287176,0
287177,0
287178,27
287179,0
287180,22
287181,0
287182,0
287183,0
287184,0
287185,0
287186,0
287187,0
287188,0
287189,0
287190,29
287191,0
287192,32
287193,16
287194,0
287195,0
287196,0
287197,0
287198,0
287199,0
287200,0
287201,0
287202,27
287203,0
287204,0
287205,0
287206,26
287207,25
287208,0
287209,0
287210,0
287211,0
287212,0
287213,0
287214,0
287215,0
287216,0
287217,0
287218,0
287219,0
287220,0
287221,0
287222,0
287223,0
287224,0
287225,0
287226,24
287227,0
287228,0
287229,0
287230,29
287231,0
287232,0
287233,0
287234,0
287235,0
287236,0
287237,0
287238,0
287239,0
287240,0
287241,29
287242,0
287243,0
287244,0
287245,0
287246,0
287247,0
287248,0
287249,0
287250,0
287251,0
287252,0
287253,0
287254,0
287255,0
287256,25
287257,0
287258,0
287259,0
287260,0
287261,0
287262,0
287263,0
287264,0
287265,0
287266,0
287267,0
287268,0
287269,0
287270,0
287271,0
287272,26
287273,0
287274,0
287275,24
287276,0
287277,0
287278,0
287279,0
287280,0
287281,0
287282,24
287283,20
287284,0
287285,0
287286,0
287287,22
287288,24
287289,30
287290,0
287291,0
287292,0
287293,0
287294,0
287295,0
287296,0
287297,23
287298,0
287299,0
287300,0
287301,0
287302,0
287303,0
287304,0
287305,0
287306,27
287307,0
287308,22
287309,33
287310,0
287311,0
287312,0
287313,0
287314,0
287315,0
287316,0
287317,0
287318,0
287319,0
287320,0
287321,0
287322,0
287323,31
287324,0
287325,0
287326,0
287327,0
287328,0
287329,0
287330,0
287331,0
287332,14
287333,0
287334,0
287335,0
287336,0
287337,0
287338,0
287339,0
287340,0
287341,0
287342,0
287343,23
287344,0
287345,0
287346,0
287347,0
287348,0
287349,0
287350,0
287351,0
287352,0
287353,0
287354,13
287355,0
287356,0
287357,0
287358,0
287359,0
287360,0
287361,0
287362,0
287363,22
287364,0
287365,34
287366,0
287367,0
287368,0
287369,0
287370,0
287371,0
287372,16
287373,27
287374,0
287375,0
287376,0
287377,0
287378,11
287379,0
287380,0
287381,28
287382,0
287383,0
287384,0
287385,0
287386,0
287387,0
287388,0
287389,0
287390,0
287391,0
287392,0
287393,0
287394,0
287395,0
287396,0
287397,0
287398,0
287399,0
287400,0
287401,0
287402,0
287403,0
287404,0
287405,0
287406,0
287407,19
287408,0
287409,29
287410,0
287411,0
287412,0
287413,0
287414,0
287415,0
287416,0
287417,32
287418,0
287419,0
287420,0
287421,0
287422,0
287423,0
287424,0
287425,0
287426,0
287427,0
287428,0
287429,0
287430,0
287431,0
287432,0
287433,0
287434,0
287435,0
287436,0
287437,0
287438,0
287439,0
287440,0
287441,0
287442,22
287443,0
287444,0
287445,0
287446,18
287447,0
287448,0
287449,0
287450,0
287451,0
287452,0
287453,28
287454,0
287455,0
287456,0
287457,0
287458,24
287459,0
287460,0
287461,0
287462,0
287463,0
287464,0
287465,0
287466,0
287467,0
287468,0
287469,19
287470,0
287471,0
287472,0
287473,0
287474,0
287475,0
287476,26
287477,17
287478,0
287479,0
287480,0
287481,0
287482,0
287483,0
287484,0
287485,0
287486,0
287487,0
287488,0
287489,0
287490,0
287491,0
287492,0
287493,0
287494,0
287495,0
287496,0
287497,0
287498,0
287499,0
287500,0
287501,0
287502,0
287503,0
287504,28
287505,0
287506,0
287507,0
287508,0
287509,0
287510,32
287511,0
287512,22
287513,0
287514,0
287515,23
287516,0
287517,26
287518,29
287519,27
287520,0
287521,0
287522,0
287523,0
287524,0
287525,0
287526,0
287527,0
287528,0
287529,0
287530,0
287531,18
287532,28
287533,0
287534,0
287535,0
287536,0
287537,0
287538,0
287539,0
287540,0
287541,0
287542,0
287543,0
287544,0
287545,15
287546,15
287547,0
287548,0
287549,0
287550,0
287551,18
287552,0
287553,0
287554,0
287555,0
287556,0
287557,0
287558,0
287559,0
287560,0
287561,0
287562,0
287563,11
287564,0
287565,0
287566,0
287567,0
287568,0
287569,26
287570,0
287571,0
287572,30
287573,0
287574,0
287575,27
287576,0
287577,0
287578,23
287579,0
287580,0
287581,16
287582,0
287583,0
287584,0
287585,0
287586,0
287587,0
287588,0
287589,0
287590,0
287591,0
287592,0
287593,0
287594,0
287595,0
287596,0
287597,0
287598,0
287599,0
287600,0
287601,0
287602,0
287603,17
287604,0
287605,0
287606,0
287607,0
287608,0
287609,0
287610,0
287611,0
287612,0
287613,0
287614,0
287615,0
287616,0
287617,0
287618,0
287619,0
287620,0
287621,0
287622,28
287623,29
287624,0
287625,0
287626,14
287627,0
287628,0
287629,0
287630,0
287631,0
287632,0
287633,0
287634,0
287635,0
287636,0
287637,0
287638,0
287639,0
287640,0
287641,0
287642,0
287643,22
287644,0
287645,22
287646,28
287647,16
287648,0
287649,20
287650,0
287651,0
287652,0
287653,0
287654,0
287655,0
287656,0
287657,24
287658,0
287659,0
287660,0
287661,0
287662,0
287663,0
287664,0
287665,27
287666,0
287667,22
287668,0
287669,0
287670,0
287671,0
287672,0
287673,0
287674,0
287675,0
287676,0
287677,0
287678,0
287679,0
287680,0
287681,0
287682,0
287683,0
287684,0
287685,0
287686,0
287687,0
287688,0
287689,0
287690,0
287691,0
287692,0
287693,0
287694,0
287695,0
287696,0
287697,0
287698,0
287699,40
287700,0
287701,0
287702,0
287703,0
287704,0
287705,0
287706,0
287707,0
287708,0
287709,22
287710,0
287711,0
287712,17
287713,0
287714,0
287715,0
287716,19
287717,0
287718,0
287719,0
287720,0
287721,0
287722,0
287723,0
287724,0
287725,0
287726,17
287727,0
287728,0
287729,0
287730,0
287731,25
287732,0
287733,0
287734,0
287735,19
287736,0
287737,0
287738,20
287739,0
287740,0
287741,34
287742,0
287743,0
287744,0
287745,0
287746,0
287747,0
287748,0
287749,28
287750,0
287751,0
287752,0
287753,0
287754,0
287755,0
287756,0
287757,0
287758,0
287759,0
287760,0
287761,0
287762,0
287763,0
287764,0
287765,0
287766,0
287767,46
287768,0
287769,0
287770,36
287771,0
287772,0
287773,0
287774,39
287775,0
287776,0
287777,21
287778,0
287779,0
287780,0
287781,0
287782,0
287783,0
287784,31
287785,35
287786,0
287787,0
287788,0
287789,21
287790,0
287791,0
287792,0
287793,0
287794,0
287795,0
287796,0
287797,39
287798,0
287799,0
287800,0
287801,0
287802,0
287803,0
287804,0
287805,0
287806,0
287807,0
287808,0
287809,0
287810,0
287811,0
287812,0
287813,0
287814,0
287815,37
287816,0
287817,0
287818,0
287819,0
287820,0
287821,27
287822,0
287823,0
287824,0
287825,0
287826,0
287827,0
287828,0
287829,0
287830,0
287831,28
287832,0
287833,0
287834,0
287835,0
287836,46
287837,0
287838,0
287839,0
287840,30
287841,0
287842,0
287843,0
287844,0
287845,31
287846,0
287847,0
287848,0
287849,0
287850,0
287851,0
287852,0
287853,33
287854,0
287855,0
287856,0
287857,0
287858,0
287859,0
287860,0
287861,36
287862,0
287863,0
287864,0
287865,0
287866,40
287867,0
287868,0
287869,0
287870,0
287871,44
287872,0
287873,0
287874,0
287875,29
287876,0
287877,0
287878,0
287879,0
287880,0
287881,0
287882,0
287883,0
287884,0
287885,0
287886,0
287887,0
287888,0
287889,0
287890,0
287891,0
287892,0
287893,0
287894,0
287895,0
287896,0
287897,47
287898,0
287899,0
287900,0
287901,0
287902,0
287903,0
287904,0
287905,0
287906,23
287907,0
287908,0
287909,30
287910,0
287911,0
287912,0
287913,0
287914,0
287915,0
287916,0
287917,0
287918,0
287919,0
287920,21
287921,0
287922,26
287923,0
287924,38
287925,0
287926,0
287927,0
287928,0
287929,0
287930,42
287931,0
287932,0
287933,0
287934,51
287935,0
287936,0
287937,0
287938,0
287939,0
287940,0
287941,0
287942,0
287943,0
287944,0
287945,0
287946,0
287947,0
287948,0
287949,0
287950,20
287951,30
287952,0
287953,0
287954,0
287955,0
287956,0
287957,0
287958,36
287959,0
287960,0
287961,0
287962,0
287963,45
287964,0
287965,0
287966,0
287967,0
287968,0
287969,0
287970,0
287971,0
287972,0
287973,0
287974,0
287975,0
287976,0
287977,43
287978,0
287979,17
287980,0
287981,0
287982,0
287983,0
287984,0
287985,0
287986,0
287987,0
287988,29
287989,0
287990,0
287991,0
287992,0
287993,0
287994,0
287995,0
287996,0
287997,0
287998,0
287999,0
288000,0
288001,0
288002,0
288003,0
288004,0
288005,0
288006,0
288007,0
288008,0
288009,0
288010,0
288011,0
288012,0
288013,0
288014,0
288015,0
288016,0
288017,0
288018,0
288019,0
288020,17
288021,0
288022,0
288023,0
288024,0
288025,0
288026,23
288027,41
288028,0
288029,0
288030,0
288031,0
288032,0
288033,40
288034,0
288035,0
288036,0
288037,0
288038,0
288039,0
288040,0
288041,0
288042,0
288043,0
288044,0
288045,0
288046,37
288047,0
288048,0
288049,0
288050,0
288051,0
288052,0
288053,0
288054,0
288055,0
288056,0
288057,0
288058,0
288059,43
288060,0
288061,0
288062,29
288063,0
288064,0
288065,0
288066,0
288067,0
288068,44
288069,0
288070,0
288071,30
288072,0
288073,29
288074,0
288075,0
288076,0
288077,0
288078,0
288079,0
288080,0
288081,0
288082,0
288083,0
288084,28
288085,0
288086,27
288087,0
288088,0
288089,0
288090,36
288091,0
288092,0
288093,0
288094,0
288095,36
288096,0
288097,0
288098,0
288099,0
288100,0
288101,16
288102,0
288103,0
288104,30
288105,0
288106,0
288107,34
288108,0
288109,0
288110,0
288111,0
288112,0
288113,0
288114,0
288115,0
288116,0
288117,0
288118,0
288119,39
288120,0
288121,0
288122,0
288123,21
288124,0
288125,0
288126,0
288127,46
288128,0
288129,0
288130,0
288131,0
288132,0
288133,0
288134,0
288135,0
288136,0
288137,0
288138,0
288139,0
288140,0
288141,0
288142,0
288143,0
288144,0
288145,0
288146,0
288147,0
288148,0
288149,0
288150,29
288151,0
288152,0
288153,0
288154,0
288155,0
288156,0
288157,0
288158,0
288159,0
288160,0
288161,0
288162,0
288163,0
288164,0
288165,0
288166,0
288167,0
288168,0
288169,0
288170,0
288171,0
288172,0
288173,0
288174,0
288175,0
288176,0
288177,0
288178,0
288179,0
288180,0
288181,0
288182,0
288183,0
288184,0
288185,0
288186,0
288187,13
288188,0
288189,0
288190,0
288191,0
288192,0
288193,0
288194,0
288195,21
288196,0
288197,0
288198,0
288199,0
288200,0
288201,0
288202,0
288203,0
288204,0
288205,0
288206,0
288207,0
288208,0
288209,0
288210,0
288211,0
288212,0
288213,0
288214,0
288215,0
288216,0
288217,0
288218,0
288219,0
288220,0
288221,0
288222,0
288223,0
288224,0
288225,0
288226,0
288227,0
288228,0
288229,0
288230,0
288231,0
288232,17
288233,0
288234,0
288235,0
288236,0
288237,0
288238,0
288239,0
288240,0
288241,16
288242,0
288243,0
288244,0
288245,0
288246,0
288247,0
288248,0
288249,0
288250,0
288251,0
288252,20
288253,0
288254,0
288255,0
288256,0
288257,0
288258,0
288259,0
288260,0
288261,0
288262,0
288263,0
288264,0
288265,26
288266,0
288267,0
288268,0
288269,0
288270,0
288271,0
288272,0
288273,0
288274,0
288275,0
288276,0
288277,0
288278,0
288279,0
288280,0
288281,0
288282,0
288283,0
288284,0
288285,0
288286,0
288287,0
288288,0
288289,0
288290,0
288291,0
288292,0
288293,0
288294,0
288295,0
288296,0
288297,0
288298,0
288299,0
288300,0
288301,0
288302,0
288303,25
288304,13
288305,30
288306,0
288307,0
288308,0
288309,0
288310,0
288311,0
288312,0
288313,0
288314,0
288315,0
288316,0
288317,0
288318,17
288319,0
288320,0
288321,0
288322,0
288323,0
288324,0
288325,0
288326,0
288327,0
288328,0
288329,0
288330,0
288331,0
288332,0
288333,25
288334,0
288335,0
288336,0
288337,0
288338,17
288339,0
288340,0
288341,0
288342,0
288343,0
288344,0
288345,0
288346,0
288347,0
288348,0
288349,0
288350,0
288351,0
288352,0
288353,0
288354,0
288355,0
288356,0
288357,0
288358,0
288359,0
288360,0
288361,0
288362,0
288363,0
288364,0
288365,22
288366,0
288367,0
288368,16
288369,0
288370,0
288371,18
288372,0
288373,0
288374,0
288375,0
288376,0
288377,0
288378,0
288379,0
288380,0
288381,0
288382,0
288383,0
288384,0
288385,0
288386,0
288387,0
288388,0
288389,0
288390,0
288391,0
288392,21
288393,0
288394,0
288395,0
288396,0
288397,0
288398,0
288399,0
288400,0
288401,0
288402,0
288403,25
288404,0
288405,0
288406,0
288407,0
288408,0
288409,0
288410,0
288411,0
288412,0
288413,0
288414,0
288415,0
288416,0
288417,0
288418,0
288419,0
288420,0
288421,0
288422,0
288423,0
288424,0
288425,0
288426,0
288427,12
288428,0
288429,0
288430,0
288431,0
288432,0
288433,0
288434,0
288435,0
288436,0
288437,0
288438,0
288439,0
288440,22
288441,0
288442,0
288443,0
288444,0
288445,0
288446,16
288447,0
288448,0
288449,0
288450,0
288451,0
288452,0
288453,0
288454,0
288455,0
288456,0
288457,0
288458,0
288459,0
288460,0
288461,0
288462,0
288463,0
288464,0
288465,0
288466,0
288467,0
288468,0
288469,0
288470,0
288471,0
288472,0
288473,0
288474,0
288475,0
288476,0
288477,0
288478,0
288479,0
288480,0
288481,0
288482,0
288483,0
288484,0
288485,0
288486,0
288487,20
288488,0
288489,0
288490,0
288491,0
288492,0
288493,0
288494,0
288495,0
288496,0
288497,0
288498,0
288499,0
288500,0
288501,0
288502,0
288503,0
288504,0
288505,0
288506,0
288507,0
288508,0
288509,0
288510,0
288511,0
288512,0
288513,0
288514,0
288515,0
288516,0
288517,0
288518,0
288519,0
288520,0
288521,0
288522,5
288523,0
288524,0
288525,0
288526,0
288527,0
288528,0
288529,0
288530,20
288531,0
288532,0
288533,0
288534,0
288535,0
288536,0
288537,0
288538,14
288539,14
288540,0
288541,21
288542,31
288543,0
288544,0
288545,14
288546,0
288547,0
288548,0
288549,20
288550,0
288551,0
288552,0
288553,34
288554,0
288555,0
288556,39
288557,0
288558,0
288559,0
288560,0
288561,0
288562,0
288563,0
288564,0
288565,0
288566,0
288567,0
288568,0
288569,36
288570,0
288571,0
288572,61
288573,33
288574,0
288575,0
288576,0
288577,0
288578,0
288579,0
288580,0
288581,0
288582,0
288583,0
288584,0
288585,31
288586,0
288587,36
288588,0
288589,0
288590,0
288591,0
288592,0
288593,20
288594,0
288595,0
288596,0
288597,0
288598,0
288599,0
288600,0
288601,0
288602,0
288603,0
288604,0
288605,0
288606,0
288607,0
288608,0
288609,0
288610,33
288611,0
288612,0
288613,0
288614,0
288615,0
288616,43
288617,34
288618,0
288619,0
288620,0
288621,25
288622,0
288623,0
288624,0
288625,0
288626,0
288627,0
288628,0
288629,0
288630,0
288631,0
288632,0
288633,0
288634,39
288635,0
288636,0
288637,0
288638,33
288639,30
288640,42
288641,29
288642,0
288643,33
288644,0
288645,0
288646,0
288647,0
288648,0
288649,0
288650,0
288651,0
288652,0
288653,0
288654,0
288655,31
288656,0
288657,0
288658,0
288659,0
288660,0
288661,0
288662,0
288663,0
288664,40
288665,0
288666,0
288667,20
288668,0
288669,0
288670,0
288671,0
288672,0
288673,0
288674,0
288675,0
288676,0
288677,28
288678,27
288679,0
288680,0
288681,0
288682,0
288683,0
288684,0
288685,0
288686,0
288687,0
288688,0
288689,0
288690,0
288691,0
288692,0
288693,0
288694,0
288695,0
288696,0
288697,0
288698,0
288699,0
288700,0
288701,27
288702,0
288703,0
288704,42
288705,0
288706,37
288707,0
288708,0
288709,41
288710,0
288711,0
288712,0
288713,32
288714,0
288715,0
288716,0
288717,20
288718,16
288719,0
288720,0
288721,0
288722,0
288723,0
288724,0
288725,0
288726,0
288727,0
288728,0
288729,0
288730,0
288731,0
288732,0
288733,0
288734,0
288735,0
288736,0
288737,0
288738,0
288739,0
288740,28
288741,0
288742,0
288743,0
288744,0
288745,0
288746,0
288747,0
288748,0
288749,0
288750,0
288751,0
288752,0
288753,0
288754,0
288755,0
288756,0
288757,20
288758,0
288759,0
288760,0
288761,0
288762,27
288763,0
288764,0
288765,0
288766,0
288767,0
288768,37
288769,0
288770,0
288771,0
288772,0
288773,0
288774,0
288775,0
288776,0
288777,0
288778,0
288779,44
288780,0
288781,0
288782,0
288783,0
288784,0
288785,0
288786,0
288787,26
288788,0
288789,0
288790,0
288791,20
288792,0
288793,0
288794,0
288795,0
288796,0
288797,0
288798,0
288799,20
288800,29
288801,0
288802,0
288803,34
288804,0
288805,0
288806,35
288807,0
288808,0
288809,0
288810,0
288811,0
288812,26
288813,0
288814,0
288815,0
288816,0
288817,0
288818,32
288819,0
288820,0
288821,0
288822,0
288823,0
288824,0
288825,0
288826,32
288827,0
288828,0
288829,37
288830,0
288831,0
288832,0
288833,0
288834,0
288835,37
288836,0
288837,0
288838,0
288839,35
288840,0
288841,0
288842,0
288843,33
288844,0
288845,0
288846,0
288847,0
288848,0
288849,20
288850,0
288851,0
288852,0
288853,0
288854,0
288855,0
288856,0
288857,0
288858,0
288859,31
288860,32
288861,0
288862,0
288863,0
288864,0
288865,0
288866,0
288867,0
288868,0
288869,0
288870,0
288871,0
288872,0
288873,0
288874,0
288875,21
288876,0
288877,0
288878,0
288879,0
288880,0
288881,0
288882,0
288883,0
288884,0
288885,0
288886,39
288887,0
288888,30
288889,0
288890,0
288891,0
288892,0
288893,25
288894,0
288895,0
288896,0
288897,43
288898,33
288899,0
288900,0
288901,0
288902,0
288903,0
288904,0
288905,0
288906,0
288907,0
288908,0
288909,0
288910,0
288911,0
288912,0
288913,35
288914,0
288915,0
288916,0
288917,0
288918,0
288919,2
288920,0
288921,5
288922,0
288923,0
288924,0
288925,0
288926,0
288927,0
288928,0
288929,0
288930,0
288931,0
288932,0
288933,0
288934,0
288935,0
288936,2
288937,0
288938,0
288939,0
288940,0
288941,0
288942,0
288943,0
288944,0
288945,0
288946,0
288947,4
288948,10
288949,0
288950,8
288951,0
288952,0
288953,0
288954,2
288955,6
288956,0
288957,0
288958,0
288959,5
288960,0
288961,0
288962,0
288963,0
288964,4
288965,0
288966,0
288967,0
288968,7
288969,0
288970,0
288971,0
288972,0
288973,0
288974,0
288975,5
288976,0
288977,0
288978,0
288979,0
288980,0
288981,0
288982,0
288983,0
288984,0
288985,0
288986,0
288987,0
288988,0
288989,6
288990,0
288991,0
288992,0
288993,0
288994,0
288995,0
288996,3
288997,0
288998,3
288999,2
289000,5
289001,0
289002,0
289003,0
289004,4
289005,4
289006,0
289007,0
289008,0
289009,0
289010,0
289011,0
289012,5
289013,0
289014,0
289015,0
289016,0
289017,0
289018,0
289019,0
289020,3
289021,0
289022,0
289023,0
289024,0
289025,0
289026,0
289027,0
289028,0
289029,0
289030,0
289031,0
289032,0
289033,5
289034,5
289035,0
289036,0
289037,2
289038,0
289039,0
289040,0
289041,0
289042,0
289043,0
289044,0
289045,2
289046,0
289047,0
289048,0
289049,0
289050,0
289051,4
289052,0
289053,0
289054,0
289055,9
289056,0
289057,0
289058,0
289059,0
289060,0
289061,0
289062,0
289063,1
289064,0
289065,0
289066,0
289067,0
289068,0
289069,0
289070,0
289071,0
289072,0
289073,0
289074,0
289075,2
289076,0
289077,0
289078,0
289079,0
289080,0
289081,0
289082,1
289083,0
289084,0
289085,0
289086,0
289087,0
289088,0
289089,0
289090,0
289091,0
289092,6
289093,3
289094,0
289095,0
289096,0
289097,0
289098,0
289099,6
289100,0
289101,0
289102,0
289103,0
289104,0
289105,0
289106,0
289107,0
289108,0
289109,0
289110,0
289111,0
289112,0
289113,0
289114,0
289115,0
289116,0
289117,0
289118,0
289119,0
289120,0
289121,0
289122,4
289123,0
289124,0
289125,2
289126,0
289127,0
289128,4
289129,0
289130,0
289131,0
289132,0
289133,0
289134,0
289135,0
289136,0
289137,7
289138,0
289139,0
289140,0
289141,0
289142,0
289143,0
289144,0
289145,6
289146,0
289147,0
289148,6
289149,5
289150,0
289151,0
289152,0
289153,0
289154,0
289155,0
289156,2
289157,0
289158,0
289159,4
289160,8
289161,8
289162,7
289163,2
289164,5
289165,0
289166,0
289167,0
289168,0
289169,0
289170,0
289171,6
289172,0
289173,0
289174,3
289175,0
289176,0
289177,4
289178,0
289179,0
289180,0
289181,0
289182,3
289183,0
289184,0
289185,0
289186,0
289187,0
289188,0
289189,0
289190,0
289191,0
289192,0
289193,0
289194,0
289195,0
289196,0
289197,3
289198,0
289199,0
289200,0
289201,0
289202,0
289203,0
289204,0
289205,0
289206,0
289207,0
289208,0
289209,0
289210,0
289211,0
289212,0
289213,0
289214,0
289215,1
289216,0
289217,5
289218,0
289219,0
289220,0
289221,0
289222,0
289223,0
289224,0
289225,0
289226,0
289227,0
289228,0
289229,0
289230,0
289231,0
289232,0
289233,0
289234,0
289235,0
289236,0
289237,0
289238,0
289239,0
289240,0
289241,5
289242,0
289243,0
289244,0
289245,0
289246,0
289247,0
289248,0
289249,0
289250,8
289251,5
289252,0
289253,0
289254,6
289255,0
289256,0
289257,0
289258,0
289259,0
289260,0
289261,0
289262,4
289263,0
289264,0
289265,2
289266,0
289267,0
289268,0
289269,0
289270,8
289271,5
289272,6
289273,0
289274,0
289275,0
289276,0
289277,0
289278,0
289279,5
289280,0
289281,0
289282,0
289283,0
289284,0
289285,0
289286,0
289287,0
289288,5
289289,0
289290,4
289291,5
289292,0
289293,0
289294,0
289295,6
289296,0
289297,0
289298,0
289299,0
289300,0
289301,0
289302,4
289303,0
289304,4
289305,0
289306,0
289307,0
289308,0
289309,0
289310,0
289311,0
289312,0
289313,0
289314,0
289315,0
289316,0
289317,0
289318,0
289319,0
289320,0
289321,4
289322,0
289323,0
289324,0
289325,2
289326,0
289327,0
289328,6
289329,0
289330,0
289331,0
289332,0
289333,0
289334,0
289335,0
289336,7
289337,7
289338,0
289339,0
289340,0
289341,0
289342,0
289343,0
289344,0
289345,8
289346,0
289347,0
289348,10
289349,0
289350,0
289351,5
289352,0
289353,0
289354,4
289355,0
289356,0
289357,0
289358,0
289359,0
289360,0
289361,0
289362,0
289363,0
289364,0
289365,0
289366,0
289367,0
289368,0
289369,0
289370,0
289371,0
289372,0
289373,0
289374,0
289375,0
289376,0
289377,0
289378,0
289379,3
289380,1
289381,0
289382,0
289383,0
289384,0
289385,0
289386,0
289387,0
289388,0
289389,0
289390,0
289391,0
289392,0
289393,0
289394,0
289395,0
289396,0
289397,3
289398,0
289399,0
289400,6
289401,0
289402,0
289403,0
289404,3
289405,0
289406,0
289407,0
289408,0
289409,0
289410,6
289411,0
289412,0
289413,0
289414,0
289415,0
289416,0
289417,6
289418,0
289419,0
289420,0
289421,0
289422,0
289423,0
289424,0
289425,0
289426,0
289427,0
289428,0
289429,0
289430,0
289431,0
289432,0
289433,0
289434,0
289435,0
289436,3
289437,0
289438,0
289439,6
289440,3
289441,0
289442,0
289443,0
289444,0
289445,0
289446,0
289447,0
289448,0
289449,0
289450,0
289451,0
289452,0
289453,3
289454,0
289455,0
289456,0
289457,0
289458,0
289459,0
289460,0
289461,0
289462,0
289463,0
289464,0
289465,0
289466,0
289467,0
289468,4
289469,0
289470,0
289471,0
289472,0
289473,0
289474,0
289475,0
289476,0
289477,0
289478,0
289479,0
289480,0
289481,0
289482,0
289483,0
289484,0
289485,0
289486,0
289487,1
289488,0
289489,0
289490,0
289491,0
289492,5
289493,0
289494,0
289495,5
289496,0
289497,0
289498,0
289499,0
289500,0
289501,0
289502,0
289503,6
289504,0
289505,0
289506,0
289507,0
289508,0
289509,0
289510,0
289511,0
289512,0
289513,0
289514,0
289515,0
289516,3
289517,3
289518,0
289519,0
289520,0
289521,0
289522,0
289523,0
289524,0
289525,0
289526,0
289527,5
289528,0
289529,2
289530,0
289531,0
289532,0
289533,0
289534,0
289535,0
289536,0
289537,0
289538,0
289539,0
289540,0
289541,0
289542,0
289543,0
289544,0
289545,0
289546,0
289547,0
289548,0
289549,0
289550,0
289551,0
289552,0
289553,0
289554,0
289555,0
289556,0
289557,0
289558,0
289559,0
289560,0
289561,0
289562,0
289563,0
289564,0
289565,0
289566,0
289567,0
289568,5
289569,0
289570,0
289571,0
289572,0
289573,0
289574,3
289575,0
289576,0
289577,0
289578,0
289579,5
289580,4
289581,10
289582,0
289583,21
289584,0
289585,0
289586,0
289587,0
289588,0
289589,17
289590,0
289591,17
289592,0
289593,0
289594,17
289595,0
289596,0
289597,15
289598,0
289599,0
289600,0
289601,25
289602,13
289603,0
289604,0
289605,0
289606,16
289607,0
289608,0
289609,0
289610,0
289611,19
289612,0
289613,21
289614,23
289615,9
289616,0
289617,0
289618,0
289619,15
289620,0
289621,15
289622,23
289623,15
289624,0
289625,0
289626,15
289627,0
289628,29
289629,0
289630,0
289631,0
289632,0
289633,0
289634,0
289635,0
289636,17
289637,0
289638,0
289639,0
289640,0
289641,0
289642,14
289643,20
289644,16
289645,0
289646,0
289647,0
289648,0
289649,25
289650,0
289651,22
289652,22
289653,0
289654,0
289655,0
289656,0
289657,23
289658,0
289659,0
289660,0
289661,0
289662,10
289663,0
289664,0
289665,22
289666,0
289667,0
289668,12
289669,16
289670,0
289671,30
289672,19
289673,0
289674,24
289675,21
289676,24
289677,0
289678,0
289679,0
289680,0
289681,0
289682,0
289683,0
289684,13
289685,0
289686,0
289687,0
289688,0
289689,0
289690,11
289691,0
289692,0
289693,8
289694,0
289695,20
289696,0
289697,0
289698,0
289699,0
289700,0
289701,0
289702,0
289703,0
289704,20
289705,0
289706,0
289707,0
289708,0
289709,0
289710,0
289711,0
289712,0
289713,0
289714,0
289715,0
289716,15
289717,0
289718,0
289719,0
289720,0
289721,0
289722,14
289723,0
289724,17
289725,26
289726,0
289727,0
289728,0
289729,24
289730,0
289731,15
289732,0
289733,0
289734,0
289735,0
289736,0
289737,0
289738,0
289739,23
289740,0
289741,0
289742,0
289743,0
289744,0
289745,0
289746,0
289747,22
289748,0
289749,0
289750,0
289751,0
289752,0
289753,0
289754,0
289755,18
289756,20
289757,0
289758,0
289759,0
289760,0
289761,24
289762,0
289763,0
289764,22
289765,0
289766,0
289767,12
289768,0
289769,0
289770,14
289771,0
289772,0
289773,0
289774,14
289775,0
289776,0
289777,0
289778,0
289779,0
289780,0
289781,0
289782,0
289783,23
289784,0
289785,0
289786,15
289787,0
289788,0
289789,0
289790,14
289791,0
289792,0
289793,0
289794,0
289795,15
289796,15
289797,16
289798,0
289799,0
289800,0
289801,0
289802,0
289803,18
289804,0
289805,0
289806,0
289807,0
289808,0
289809,0
289810,21
289811,0
289812,0
289813,0
289814,0
289815,0
289816,0
289817,0
289818,0
289819,0
289820,0
289821,0
289822,0
289823,0
289824,15
289825,20
289826,0
289827,10
289828,10
289829,0
289830,0
289831,18
289832,24
289833,14
289834,0
289835,15
289836,0
289837,0
289838,15
289839,18
289840,0
289841,0
289842,0
289843,0
289844,0
289845,25
289846,0
289847,0
289848,0
289849,18
289850,12
289851,0
289852,0
289853,0
289854,0
289855,26
289856,0
289857,21
289858,16
289859,0
289860,19
289861,0
289862,0
289863,0
289864,0
289865,0
289866,21
289867,0
289868,0
289869,20
289870,0
289871,0
289872,0
289873,0
289874,0
289875,0
289876,17
289877,0
289878,0
289879,0
289880,0
289881,0
289882,0
289883,14
289884,0
289885,0
289886,17
289887,0
289888,0
289889,17
289890,17
289891,22
289892,22
289893,0
289894,0
289895,0
289896,0
289897,17
289898,0
289899,16
289900,0
289901,12
289902,0
289903,8
289904,11
289905,0
289906,0
289907,0
289908,0
289909,0
289910,0
289911,16
289912,0
289913,0
289914,0
289915,0
289916,18
289917,0
289918,0
289919,0
289920,21
289921,0
289922,14
289923,23
289924,11
289925,0
289926,0
289927,0
289928,0
289929,0
289930,21
289931,11
289932,0
289933,10
289934,24
289935,17
289936,0
289937,23
289938,0
289939,0
289940,0
289941,0
289942,0
289943,0
289944,0
289945,0
289946,0
289947,0
289948,0
289949,0
289950,0
289951,0
289952,15
289953,17
289954,0
289955,19
289956,0
289957,0
289958,0
289959,19
289960,0
289961,0
289962,15
289963,0
289964,0
289965,0
289966,0
289967,0
289968,0
289969,24
289970,16
289971,0
289972,0
289973,0
289974,0
289975,0
289976,0
289977,0
289978,21
289979,16
289980,0
289981,16
289982,0
289983,0
289984,16
289985,0
289986,23
289987,0
289988,0
289989,18
289990,0
289991,17
289992,0
289993,13
289994,15
289995,22
289996,20
289997,0
289998,8
289999,0
290000,0
290001,15
290002,0
290003,10
290004,0
290005,20
290006,0
290007,0
290008,29
290009,15
290010,0
290011,0
290012,0
290013,30
290014,0
290015,0
290016,0
290017,0
290018,12
290019,0
290020,24
290021,0
290022,22
290023,0
290024,0
290025,0
290026,0
290027,0
290028,0
290029,0
290030,0
290031,16
290032,0
290033,9
290034,0
290035,16
290036,0
290037,0
290038,0
290039,0
290040,0
290041,0
290042,0
290043,0
290044,0
290045,19
290046,0
290047,0
290048,0
290049,0
290050,13
290051,0
290052,0
290053,0
290054,25
290055,0
290056,17
290057,0
290058,25
290059,0
290060,15
290061,0
290062,0
290063,0
290064,27
290065,0
290066,0
290067,0
290068,0
290069,0
290070,0
290071,0
290072,0
290073,0
290074,0
290075,0
290076,0
290077,0
290078,15
290079,0
290080,0
290081,26
290082,15
290083,0
290084,0
290085,19
290086,21
290087,0
290088,23
290089,0
290090,19
290091,17
290092,18
290093,0
290094,0
290095,0
290096,25
290097,0
290098,28
290099,29
290100,0
290101,25
290102,0
290103,0
290104,0
290105,0
290106,0
290107,0
290108,0
290109,0
290110,18
290111,0
290112,0
290113,0
290114,0
290115,16
290116,8
290117,10
290118,0
290119,0
290120,21
290121,0
290122,0
290123,0
290124,0
290125,0
290126,0
290127,27
290128,15
290129,22
290130,10
290131,0
290132,0
290133,0
290134,0
290135,0
290136,26
290137,0
290138,0
290139,0
290140,25
290141,15
290142,0
290143,0
290144,0
290145,0
290146,5
290147,7
290148,0
290149,0
290150,10
290151,0
290152,0
290153,4
290154,0
290155,0
290156,0
290157,0
290158,5
290159,0
290160,0
290161,0
290162,0
290163,0
290164,6
290165,13
290166,9
290167,9
290168,0
290169,0
290170,6
290171,0
290172,3
290173,0
290174,0
290175,0
290176,0
290177,3
290178,6
290179,3
290180,4
290181,0
290182,6
290183,0
290184,0
290185,0
290186,0
290187,0
290188,0
290189,0
290190,7
290191,4
290192,0
290193,0
290194,0
290195,5
290196,6
290197,4
290198,0
290199,0
290200,0
290201,10
290202,0
290203,0
290204,0
290205,3
290206,0
290207,0
290208,0
290209,0
290210,0
290211,3
290212,7
290213,0
290214,5
290215,0
290216,0
290217,7
290218,0
290219,3
290220,5
290221,5
290222,0
290223,0
290224,0
290225,0
290226,0
290227,0
290228,0
290229,0
290230,0
290231,0
290232,0
290233,7
290234,3
290235,0
290236,0
290237,0
290238,3
290239,0
290240,0
290241,0
290242,0
290243,0
290244,6
290245,0
290246,7
290247,0
290248,0
290249,8
290250,0
290251,0
290252,0
290253,5
290254,0
290255,0
290256,5
290257,3
290258,0
290259,0
290260,9
290261,0
290262,0
290263,4
290264,0
290265,0
290266,0
290267,0
290268,0
290269,7
290270,8
290271,0
290272,0
290273,0
290274,6
290275,7
290276,0
290277,7
290278,5
290279,0
290280,5
290281,0
290282,0
290283,7
290284,0
290285,0
290286,0
290287,0
290288,0
290289,0
290290,0
290291,0
290292,12
290293,0
290294,0
290295,0
290296,5
290297,4
290298,0
290299,0
290300,0
290301,0
290302,0
290303,0
290304,0
290305,0
290306,4
290307,0
290308,0
290309,0
290310,0
290311,0
290312,0
290313,0
290314,6
290315,11
290316,0
290317,0
290318,0
290319,0
290320,4
290321,0
290322,0
290323,9
290324,0
290325,0
290326,0
290327,2
290328,14
290329,0
290330,0
290331,0
290332,0
290333,8
290334,5
290335,0
290336,0
290337,0
290338,5
290339,0
290340,0
290341,0
290342,0
290343,0
290344,9
290345,0
290346,0
290347,0
290348,0
290349,0
290350,0
290351,0
290352,0
290353,0
290354,0
290355,0
290356,7
290357,0
290358,0
290359,3
290360,0
290361,0
290362,0
290363,0
290364,0
290365,6
290366,0
290367,0
290368,0
290369,0
290370,5
290371,0
290372,0
290373,0
290374,0
290375,12
290376,0
290377,0
290378,5
290379,6
290380,0
290381,0
290382,0
290383,0
290384,0
290385,0
290386,0
290387,0
290388,0
290389,0
290390,7
290391,0
290392,0
290393,8
290394,16
290395,0
290396,0
290397,0
290398,0
290399,0
290400,0
290401,0
290402,0
290403,6
290404,0
290405,2
290406,0
290407,8
290408,0
290409,0
290410,0
290411,0
290412,1
290413,0
290414,0
290415,3
290416,4
290417,0
290418,0
290419,0
290420,4
290421,0
290422,0
290423,8
290424,0
290425,0
290426,2
290427,0
290428,0
290429,0
290430,0
290431,0
290432,0
290433,0
290434,0
290435,0
290436,4
290437,0
290438,0
290439,0
290440,10
290441,0
290442,6
290443,5
290444,0
290445,0
290446,0
290447,0
290448,0
290449,0
290450,0
290451,0
290452,0
290453,0
290454,6
290455,0
290456,8
290457,0
290458,0
290459,0
290460,0
290461,0
290462,0
290463,5
290464,3
290465,0
290466,4
290467,0
290468,7
290469,0
290470,0
290471,0
290472,0
290473,9
290474,0
290475,6
290476,0
290477,0
290478,0
290479,5
290480,0
290481,0
290482,0
290483,0
290484,0
290485,0
290486,0
290487,0
290488,0
290489,0
290490,3
290491,0
290492,5
290493,7
290494,0
290495,0
290496,7
290497,5
290498,0
290499,0
290500,0
290501,8
290502,0
290503,0
290504,0
290505,0
290506,0
290507,0
290508,0
290509,0
290510,0
290511,0
290512,0
290513,0
290514,0
290515,0
290516,0
290517,10
290518,11
290519,0
290520,0
290521,0
290522,9
290523,0
290524,0
290525,0
290526,0
290527,0
290528,0
290529,3
290530,0
290531,0
290532,0
290533,0
290534,0
290535,0
290536,7
290537,0
290538,5
290539,0
290540,0
290541,0
290542,9
290543,0
290544,0
290545,5
290546,0
290547,4
290548,5
290549,0
290550,0
290551,4
290552,0
290553,0
290554,0
290555,5
290556,2
290557,6
290558,2
290559,0
290560,0
290561,2
290562,11
290563,0
290564,0
290565,0
290566,0
290567,0
290568,0
290569,0
290570,0
290571,0
290572,0
290573,0
290574,0
290575,0
290576,0
290577,3
290578,0
290579,13
290580,0
290581,0
290582,6
290583,8
290584,0
290585,0
290586,0
290587,0
290588,0
290589,0
290590,0
290591,5
290592,0
290593,0
290594,0
290595,0
290596,0
290597,9
290598,0
290599,0
290600,0
290601,0
290602,0
290603,0
290604,0
290605,6
290606,0
290607,0
290608,5
290609,0
290610,0
290611,0
290612,0
290613,0
290614,0
290615,0
290616,0
290617,6
290618,0
290619,4
290620,0
290621,0
290622,0
290623,7
290624,0
290625,0
290626,0
290627,0
290628,6
290629,2
290630,0
290631,0
290632,0
290633,1
290634,0
290635,0
290636,0
290637,0
290638,0
290639,0
290640,0
290641,0
290642,0
290643,0
290644,0
290645,0
290646,0
290647,6
290648,0
290649,9
290650,0
290651,11
290652,5
290653,6
290654,4
290655,0
290656,0
290657,0
290658,0
290659,3
290660,0
290661,0
290662,5
290663,0
290664,5
290665,0
290666,0
290667,0
290668,0
290669,0
290670,10
290671,0
290672,0
290673,0
290674,0
290675,0
290676,0
290677,0
290678,0
290679,0
290680,4
290681,0
290682,0
290683,0
290684,0
290685,9
290686,0
290687,0
290688,0
290689,0
290690,0
290691,7
290692,8
290693,0
290694,0
290695,0
290696,0
290697,0
290698,0
290699,6
290700,0
290701,0
290702,0
290703,0
290704,5
290705,5
290706,0
290707,0
290708,0
290709,7
290710,0
290711,0
290712,1
290713,7
290714,0
290715,6
290716,0
290717,0
290718,0
290719,0
290720,5
290721,0
290722,0
290723,0
290724,0
290725,0
290726,5
290727,0
290728,0
290729,0
290730,0
290731,0
290732,0
290733,0
290734,0
290735,0
290736,0
290737,0
290738,0
290739,0
290740,0
290741,0
290742,0
290743,0
290744,0
290745,23
290746,0
290747,27
290748,0
290749,0
290750,21
290751,23
290752,0
290753,23
290754,0
290755,0
290756,0
290757,27
290758,0
290759,0
290760,0
290761,29
290762,0
290763,0
290764,0
290765,0
290766,22
290767,0
290768,0
290769,0
290770,0
290771,0
290772,0
290773,0
290774,0
290775,0
290776,0
290777,0
290778,0
290779,0
290780,0
290781,0
290782,0
290783,0
290784,0
290785,0
290786,0
290787,0
290788,0
290789,0
290790,0
290791,0
290792,0
290793,0
290794,0
290795,0
290796,0
290797,17
290798,12
290799,0
290800,18
290801,0
290802,0
290803,0
290804,13
290805,15
290806,0
290807,0
290808,0
290809,0
290810,0
290811,0
290812,0
290813,0
290814,13
290815,0
290816,0
290817,0
290818,0
290819,0
290820,0
290821,26
290822,0
290823,0
290824,0
290825,0
290826,0
290827,0
290828,23
290829,0
290830,0
290831,26
290832,17
290833,0
290834,0
290835,21
290836,0
290837,0
290838,17
290839,0
290840,26
290841,0
290842,0
290843,12
290844,32
290845,0
290846,0
290847,20
290848,22
290849,0
290850,0
290851,0
290852,17
290853,28
290854,0
290855,16
290856,0
290857,0
290858,0
290859,8
290860,0
290861,0
290862,26
290863,0
290864,0
290865,0
290866,0
290867,0
290868,0
290869,14
290870,0
290871,0
290872,20
290873,0
290874,0
290875,0
290876,0
290877,0
290878,0
290879,0
290880,0
290881,0
290882,15
290883,0
290884,0
290885,0
290886,0
290887,0
290888,0
290889,0
290890,0
290891,26
290892,32
290893,0
290894,19
290895,24
290896,0
290897,0
290898,19
290899,0
290900,0
290901,0
290902,0
290903,0
290904,0
290905,26
290906,0
290907,0
290908,0
290909,0
290910,32
290911,0
290912,22
290913,0
290914,0
290915,0
290916,0
290917,0
290918,0
290919,0
290920,0
290921,34
290922,0
290923,22
290924,0
290925,0
290926,21
290927,0
290928,0
290929,0
290930,0
290931,20
290932,0
290933,0
290934,20
290935,0
290936,0
290937,0
290938,0
290939,0
290940,0
290941,0
290942,0
290943,0
290944,28
290945,0
290946,0
290947,0
290948,0
290949,0
290950,0
290951,0
290952,0
290953,0
290954,0
290955,0
290956,0
290957,17
290958,25
290959,0
290960,0
290961,0
290962,0
290963,0
290964,0
290965,0
290966,0
290967,20
290968,0
290969,0
290970,0
290971,0
290972,0
290973,30
290974,0
290975,0
290976,0
290977,0
290978,0
290979,17
290980,0
290981,0
290982,0
290983,0
290984,0
290985,0
290986,0
290987,0
290988,0
290989,0
290990,0
290991,0
290992,0
290993,0
290994,0
290995,0
290996,0
290997,0
290998,0
290999,0
291000,0
291001,0
291002,0
291003,0
291004,0
291005,0
291006,0
291007,0
291008,12
291009,24
291010,0
291011,0
291012,0
291013,0
291014,0
291015,25
291016,17
291017,0
291018,0
291019,0
291020,0
291021,28
291022,0
291023,0
291024,0
291025,0
291026,0
291027,0
291028,0
291029,17
291030,0
291031,0
291032,0
291033,0
291034,0
291035,0
291036,0
291037,0
291038,0
291039,0
291040,21
291041,0
291042,0
291043,0
291044,0
291045,0
291046,0
291047,0
291048,0
291049,20
291050,0
291051,0
291052,0
291053,0
291054,0
291055,0
291056,0
291057,0
291058,0
291059,0
291060,0
291061,0
291062,0
291063,21
291064,0
291065,0
291066,0
291067,0
291068,0
291069,0
291070,0
291071,0
291072,0
291073,27
291074,28
291075,0
291076,19
291077,0
291078,0
291079,0
291080,0
291081,0
291082,0
291083,0
291084,0
291085,14
291086,0
291087,0
291088,0
291089,18
291090,0
291091,27
291092,0
291093,0
291094,0
291095,23
291096,0
291097,0
291098,0
291099,0
291100,0
291101,0
291102,0
291103,0
291104,15
291105,0
291106,0
291107,0
291108,24
291109,0
291110,0
291111,0
291112,0
291113,0
291114,0
291115,0
291116,25
291117,0
291118,0
291119,0
291120,0
291121,0
291122,0
291123,0
291124,0
291125,0
291126,0
291127,0
291128,21
291129,0
291130,0
291131,0
291132,0
291133,0
291134,0
291135,0
291136,0
291137,0
291138,0
291139,0
291140,0
291141,0
291142,0
291143,0
291144,0
291145,0
291146,0
291147,0
291148,0
291149,25
291150,0
291151,20
291152,0
291153,0
291154,0
291155,0
291156,0
291157,0
291158,0
291159,0
291160,23
291161,0
291162,0
291163,0
291164,0
291165,0
291166,0
291167,0
291168,0
291169,0
291170,0
291171,25
291172,0
291173,0
291174,0
291175,0
291176,0
291177,0
291178,0
291179,0
291180,0
291181,0
291182,0
291183,0
291184,0
291185,0
291186,0
291187,0
291188,0
291189,19
291190,21
291191,0
291192,0
291193,19
291194,0
291195,16
291196,0
291197,0
291198,0
291199,0
291200,0
291201,0
291202,0
291203,0
291204,0
291205,0
291206,0
291207,0
291208,0
291209,0
291210,0
291211,0
291212,0
291213,0
291214,0
291215,0
291216,0
291217,0
291218,0
291219,0
291220,0
291221,0
291222,0
291223,17
291224,0
291225,0
291226,0
291227,0
291228,0
291229,20
291230,0
291231,0
291232,0
291233,0
291234,21
291235,0
291236,0
291237,0
291238,0
291239,0
291240,0
291241,0
291242,0
291243,0
291244,0
291245,0
291246,13
291247,0
291248,0
291249,0
291250,7
291251,18
291252,0
291253,0
291254,0
291255,0
291256,0
291257,0
291258,0
291259,0
291260,0
291261,0
291262,0
291263,0
291264,20
291265,0
291266,0
291267,0
291268,13
291269,0
291270,0
291271,0
291272,0
291273,0
291274,0
291275,0
291276,0
291277,0
291278,42
291279,0
291280,0
291281,0
291282,19
291283,0
291284,0
291285,0
291286,0
291287,25
291288,0
291289,0
291290,28
291291,0
291292,0
291293,0
291294,0
291295,17
291296,0
291297,18
291298,0
291299,0
291300,27
291301,16
291302,0
291303,0
291304,0
291305,0
291306,0
291307,0
291308,0
291309,0
291310,28
291311,22
291312,0
291313,0
291314,0
291315,0
291316,0
291317,0
291318,12
291319,0
291320,0
291321,0
291322,0
291323,0
291324,0
291325,0
291326,0
291327,0
291328,0
291329,0
291330,0
291331,0
291332,0
291333,0
291334,0
291335,0
291336,0
291337,0
291338,0
291339,0
291340,0
291341,0
291342,0
291343,20
291344,0
291345,32
291346,0
291347,0
291348,0
291349,0
291350,0
291351,17
291352,0
291353,0
291354,0
291355,0
291356,32
291357,0
291358,0
291359,0
291360,0
291361,0
291362,0
291363,0
291364,17
291365,0
291366,0
291367,0
291368,0
291369,17
291370,0
291371,0
291372,0
291373,19
291374,0
291375,0
291376,0
291377,0
291378,0
291379,0
291380,0
291381,15
291382,0
291383,0
291384,0
291385,0
291386,0
291387,0
291388,18
291389,0
291390,0
291391,0
291392,0
291393,0
291394,0
291395,0
291396,0
291397,0
291398,0
291399,25
291400,0
291401,0
291402,0
291403,0
291404,0
291405,21
291406,0
291407,0
291408,12
291409,0
291410,0
291411,0
291412,0
291413,0
291414,0
291415,0
291416,0
291417,0
291418,0
291419,20
291420,0
291421,0
291422,0
291423,0
291424,0
291425,0
291426,0
291427,15
291428,0
291429,0
291430,0
291431,0
291432,18
291433,0
291434,0
291435,0
291436,0
291437,0
291438,0
291439,0
291440,0
291441,0
291442,7
291443,0
291444,0
291445,0
291446,0
291447,0
291448,0
291449,0
291450,0
291451,0
291452,0
291453,0
291454,0
291455,0
291456,0
291457,0
291458,0
291459,0
291460,0
291461,0
291462,0
291463,0
291464,0
291465,0
291466,0
291467,16
291468,20
291469,0
291470,0
291471,0
291472,21
291473,0
291474,0
291475,0
291476,23
291477,0
291478,0
291479,0
291480,8
291481,0
291482,0
291483,0
291484,0
291485,0
291486,0
291487,0
291488,0
291489,0
291490,11
291491,0
291492,18
291493,0
291494,0
291495,0
291496,0
291497,19
291498,0
291499,0
291500,0
291501,0
291502,0
291503,0
291504,0
291505,0
291506,0
291507,0
291508,0
291509,11
291510,0
291511,0
291512,0
291513,0
291514,0
291515,0
291516,0
291517,0
291518,0
291519,0
291520,0
291521,0
291522,0
291523,0
291524,0
291525,0
291526,0
291527,0
291528,0
291529,0
291530,25
291531,0
291532,0
291533,14
291534,0
291535,18
291536,0
291537,0
291538,0
291539,0
291540,0
291541,0
291542,0
291543,0
291544,15
291545,0
291546,0
291547,19
291548,0
291549,0
291550,0
291551,0
291552,0
291553,0
291554,0
291555,0
291556,19
291557,0
291558,0
291559,0
291560,19
291561,0
291562,0
291563,0
291564,0
291565,0
291566,0
291567,0
291568,17
291569,0
291570,0
291571,0
291572,0
291573,0
291574,0
291575,0
291576,0
291577,21
291578,0
291579,21
291580,0
291581,0
291582,0
291583,0
291584,0
291585,0
291586,0
291587,0
291588,0
291589,0
291590,0
291591,13
291592,0
291593,0
291594,0
291595,20
291596,23
291597,0
291598,0
291599,0
291600,10
291601,0
291602,0
291603,0
291604,0
291605,0
291606,0
291607,0
291608,0
291609,0
291610,0
291611,0
291612,0
291613,0
291614,0
291615,0
291616,0
291617,0
291618,20
291619,0
291620,0
291621,0
291622,0
291623,0
291624,18
291625,15
291626,0
291627,10
291628,0
291629,0
291630,0
291631,0
291632,0
291633,0
291634,0
291635,0
291636,0
291637,0
291638,0
291639,0
291640,0
291641,0
291642,18
291643,0
291644,0
291645,11
291646,0
291647,0
291648,0
291649,0
291650,0
291651,0
291652,19
291653,0
291654,0
291655,0
291656,0
291657,0
291658,20
291659,23
291660,0
291661,20
291662,0
291663,0
291664,0
291665,0
291666,0
291667,0
291668,0
291669,0
291670,19
291671,13
291672,0
291673,15
291674,0
291675,0
291676,0
291677,0
291678,0
291679,0
291680,0
291681,0
291682,0
291683,0
291684,0
291685,0
291686,34
291687,31
291688,0
291689,34
291690,0
291691,0
291692,0
291693,39
291694,31
291695,0
291696,34
291697,63
291698,27
291699,0
291700,0
291701,0
291702,37
291703,0
291704,0
291705,0
291706,0
291707,0
291708,0
291709,0
291710,41
291711,0
291712,39
291713,27
291714,0
291715,48
291716,46
291717,0
291718,0
291719,0
291720,0
291721,0
291722,39
291723,35
291724,0
291725,29
291726,0
291727,37
291728,32
291729,48
291730,36
291731,0
291732,29
291733,34
291734,0
291735,34
291736,0
291737,0
291738,0
291739,0
291740,0
291741,0
291742,0
291743,0
291744,0
291745,0
291746,0
291747,32
291748,0
291749,0
291750,51
291751,0
291752,0
291753,0
291754,0
291755,0
291756,31
291757,0
291758,0
291759,37
291760,42
291761,40
291762,0
291763,0
291764,51
291765,0
291766,0
291767,0
291768,0
291769,0
291770,0
291771,0
291772,0
291773,0
291774,0
291775,0
291776,40
291777,0
291778,47
291779,0
291780,53
291781,0
291782,0
291783,0
291784,0
291785,26
291786,0
291787,0
291788,0
291789,54
291790,0
291791,0
291792,0
291793,0
291794,41
291795,0
291796,42
291797,0
291798,0
291799,0
291800,42
291801,0
291802,0
291803,32
291804,0
291805,0
291806,0
291807,38
291808,0
291809,0
291810,45
291811,0
291812,0
291813,0
291814,37
291815,0
291816,0
291817,0
291818,0
291819,0
291820,0
291821,0
291822,0
291823,0
291824,0
291825,0
291826,0
291827,26
291828,0
291829,0
291830,0
291831,0
291832,34
291833,0
291834,0
291835,0
291836,0
291837,0
291838,0
291839,34
291840,0
291841,0
291842,33
291843,0
291844,0
291845,0
291846,0
291847,0
291848,0
291849,46
291850,0
291851,0
291852,26
291853,0
291854,40
291855,0
291856,0
291857,0
291858,0
291859,0
291860,0
291861,0
291862,0
291863,40
291864,0
291865,0
291866,0
291867,27
291868,0
291869,0
291870,0
291871,0
291872,0
291873,44
291874,0
291875,33
291876,0
291877,39
291878,0
291879,0
291880,0
291881,0
291882,53
291883,48
291884,0
291885,0
291886,0
291887,0
291888,0
291889,0
291890,0
291891,0
291892,0
291893,0
291894,0
291895,0
291896,0
291897,0
291898,0
291899,0
291900,0
291901,0
291902,38
291903,0
291904,0
291905,0
291906,36
291907,0
291908,0
291909,0
291910,0
291911,0
291912,0
291913,38
291914,0
291915,0
291916,0
291917,0
291918,29
291919,13
291920,0
291921,0
291922,0
291923,0
291924,38
291925,0
291926,0
291927,0
291928,0
291929,0
291930,0
291931,34
291932,0
291933,30
291934,0
291935,0
291936,0
291937,0
291938,0
291939,29
291940,0
291941,0
291942,0
291943,39
291944,0
291945,0
291946,0
291947,0
291948,33
291949,0
291950,0
291951,0
291952,0
291953,0
291954,0
291955,37
291956,0
291957,0
291958,41
291959,0
291960,42
291961,0
291962,0
291963,0
291964,0
291965,36
291966,0
291967,0
291968,0
291969,0
291970,0
291971,28
291972,0
291973,0
291974,0
291975,33
291976,0
291977,0
291978,0
291979,0
291980,0
291981,37
291982,35
291983,0
291984,0
291985,0
291986,0
291987,0
291988,0
291989,0
291990,0
291991,0
291992,30
291993,0
291994,0
291995,0
291996,0
291997,41
291998,0
291999,0
292000,0
292001,0
292002,0
292003,0
292004,0
292005,0
292006,0
292007,0
292008,0
292009,0
292010,43
292011,0
292012,0
292013,0
292014,0
292015,0
292016,37
292017,0
292018,0
292019,21
292020,0
292021,0
292022,0
292023,0
292024,0
292025,47
292026,0
292027,0
292028,0
292029,0
292030,0
292031,0
292032,0
292033,0
292034,0
292035,0
292036,0
292037,0
292038,20
292039,0
292040,0
292041,0
292042,0
292043,0
292044,35
292045,0
292046,0
292047,0
292048,22
292049,0
292050,0
292051,0
292052,25
292053,23
292054,0
292055,0
292056,0
292057,0
292058,0
292059,60
292060,0
292061,0
292062,0
292063,0
292064,0
292065,0
292066,0
292067,0
292068,51
292069,0
292070,0
292071,0
292072,0
292073,0
292074,0
292075,0
292076,0
292077,0
292078,0
292079,0
292080,0
292081,30
292082,0
292083,0
292084,0
292085,0
292086,33
292087,0
292088,34
292089,0
292090,0
292091,0
292092,0
292093,0
292094,0
292095,32
292096,0
292097,38
292098,46
292099,0
292100,40
292101,0
292102,33
292103,54
292104,0
292105,43
292106,0
292107,33
292108,46
292109,0
292110,0
292111,0
292112,0
292113,0
292114,0
292115,37
292116,0
292117,0
292118,0
292119,0
292120,0
292121,0
292122,0
292123,0
292124,0
292125,0
292126,39
292127,0
292128,21
292129,0
292130,0
292131,0
292132,0
292133,0
292134,0
292135,0
292136,35
292137,35
292138,0
292139,31
292140,0
292141,0
292142,0
292143,38
292144,0
292145,0
292146,38
292147,0
292148,27
292149,0
292150,38
292151,0
292152,28
292153,31
292154,0
292155,30
292156,28
292157,0
292158,0
292159,37
292160,31
292161,0
292162,28
292163,0
292164,41
292165,0
292166,0
292167,0
292168,54
292169,0
292170,0
292171,0
292172,0
292173,0
292174,0
292175,38
292176,0
292177,0
292178,0
292179,22
292180,0
292181,0
292182,0
292183,0
292184,36
292185,44
292186,0
292187,0
292188,0
292189,0
292190,0
292191,0
292192,0
292193,32
292194,0
292195,43
292196,0
292197,0
292198,0
292199,61
292200,0
292201,0
292202,0
292203,38
292204,24
292205,0
292206,0
292207,33
292208,0
292209,0
292210,0
292211,0
292212,0
292213,0
292214,37
292215,0
292216,24
292217,0
292218,0
292219,0
292220,0
292221,0
292222,37
292223,0
292224,0
292225,0
292226,0
292227,27
292228,0
292229,0
292230,0
292231,27
292232,42
292233,38
292234,0
292235,38
292236,0
292237,0
292238,0
292239,0
292240,0
292241,0
292242,0
292243,0
292244,0
292245,0
292246,0
292247,0
292248,0
292249,0
292250,0
292251,0
292252,0
292253,0
292254,0
292255,0
292256,0
292257,0
292258,0
292259,0
292260,0
292261,0
292262,0
292263,0
292264,0
292265,0
292266,0
292267,0
292268,0
292269,0
292270,0
292271,0
292272,0
292273,0
292274,0
292275,0
292276,0
292277,0
292278,0
292279,0
292280,0
292281,0
292282,0
292283,0
292284,0
292285,0
292286,0
292287,0
292288,0
292289,0
292290,0
292291,0
292292,0
292293,0
292294,0
292295,0
292296,0
292297,0
292298,0
292299,0
292300,0
292301,0
292302,0
292303,0
292304,0
292305,0
292306,0
292307,0
292308,0
292309,0
292310,0
292311,0
292312,0
292313,0
292314,0
292315,0
292316,0
292317,0
292318,0
292319,0
292320,0
292321,0
292322,0
292323,0
292324,0
292325,0
292326,0
292327,0
292328,0
292329,0
292330,0
292331,0
292332,0
292333,0
292334,0
292335,0
292336,0
292337,0
292338,1
292339,0
292340,0
292341,0
292342,0
292343,0
292344,0
292345,0
292346,0
292347,0
292348,0
292349,0
292350,0
292351,0
292352,0
292353,0
292354,0
292355,0
292356,0
292357,0
292358,0
292359,0
292360,0
292361,0
292362,0
292363,0
292364,0
292365,0
292366,0
292367,0
292368,0
292369,0
292370,0
292371,0
292372,0
292373,0
292374,0
292375,0
292376,0
292377,0
292378,0
292379,0
292380,0
292381,0
292382,0
292383,0
292384,0
292385,0
292386,0
292387,0
292388,0
292389,0
292390,0
292391,0
292392,0
292393,0
292394,0
292395,0
292396,0
292397,0
292398,0
292399,0
292400,0
292401,0
292402,0
292403,0
292404,0
292405,0
292406,0
292407,0
292408,0
292409,0
292410,0
292411,0
292412,0
292413,0
292414,0
292415,0
292416,0
292417,0
292418,0
292419,0
292420,0
292421,0
292422,0
292423,0
292424,0
292425,0
292426,0
292427,0
292428,0
292429,0
292430,0
292431,0
292432,0
292433,0
292434,0
292435,0
292436,0
292437,0
292438,0
292439,0
292440,0
292441,0
292442,0
292443,0
292444,0
292445,0
292446,0
292447,0
292448,0
292449,0
292450,0
292451,0
292452,0
292453,0
292454,0
292455,0
292456,0
292457,0
292458,0
292459,0
292460,0
292461,0
292462,0
292463,0
292464,0
292465,0
292466,0
292467,0
292468,0
292469,0
292470,0
292471,0
292472,0
292473,0
292474,0
292475,0
292476,0
292477,0
292478,0
292479,0
292480,0
292481,0
292482,0
292483,0
292484,0
292485,0
292486,0
292487,0
292488,0
292489,0
292490,0
292491,0
292492,0
292493,0
292494,0
292495,0
292496,0
292497,0
292498,0
292499,0
292500,0
292501,0
292502,0
292503,0
292504,0
292505,0
292506,0
292507,0
292508,0
292509,0
292510,0
292511,0
292512,0
292513,0
292514,0
292515,0
292516,0
292517,0
292518,0
292519,0
292520,0
292521,0
292522,0
292523,0
292524,0
292525,0
292526,0
292527,0
292528,0
292529,0
292530,0
292531,0
292532,0
292533,0
292534,0
292535,0
292536,0
292537,0
292538,0
292539,0
292540,0
292541,0
292542,0
292543,0
292544,0
292545,0
292546,0
292547,0
292548,0
292549,0
292550,0
292551,0
292552,0
292553,0
292554,0
292555,0
292556,0
292557,0
292558,0
292559,0
292560,0
292561,0
292562,0
292563,0
292564,0
292565,0
292566,0
292567,0
292568,0
292569,0
292570,0
292571,0
292572,0
292573,0
292574,0
292575,0
292576,0
292577,0
292578,0
292579,0
292580,0
292581,0
292582,0
292583,0
292584,0
292585,0
292586,0
292587,0
292588,0
292589,0
292590,0
292591,0
292592,0
292593,0
292594,0
292595,0
292596,0
292597,0
292598,0
292599,0
292600,0
292601,0
292602,0
292603,0
292604,0
292605,0
292606,0
292607,0
292608,0
292609,0
292610,0
292611,0
292612,0
292613,0
292614,0
292615,0
292616,0
292617,0
292618,0
292619,0
292620,0
292621,0
292622,0
292623,0
292624,0
292625,0
292626,0
292627,0
292628,0
292629,0
292630,0
292631,0
292632,0
292633,0
292634,0
292635,0
292636,0
292637,0
292638,0
292639,0
292640,0
292641,0
292642,0
292643,0
292644,0
292645,0
292646,0
292647,0
292648,0
292649,0
292650,0
292651,0
292652,0
292653,0
292654,0
292655,0
292656,0
292657,0
292658,0
292659,0
292660,0
292661,0
292662,0
292663,0
292664,0
292665,0
292666,0
292667,0
292668,0
292669,0
292670,0
292671,0
292672,0
292673,0
292674,0
292675,0
292676,0
292677,0
292678,0
292679,0
292680,0
292681,0
292682,0
292683,0
292684,0
292685,0
292686,0
292687,0
292688,0
292689,0
292690,0
292691,0
292692,0
292693,0
292694,0
292695,0
292696,0
292697,0
292698,0
292699,0
292700,0
292701,0
292702,0
292703,0
292704,0
292705,0
292706,0
292707,0
292708,0
292709,0
292710,0
292711,0
292712,0
292713,0
292714,0
292715,0
292716,0
292717,0
292718,0
292719,0
292720,0
292721,0
292722,0
292723,0
292724,0
292725,0
292726,0
292727,0
292728,0
292729,0
292730,1
292731,0
292732,0
292733,0
292734,0
292735,0
292736,0
292737,0
292738,0
292739,0
292740,0
292741,0
292742,0
292743,0
292744,0
292745,0
292746,0
292747,0
292748,0
292749,0
292750,0
292751,0
292752,0
292753,0
292754,0
292755,0
292756,0
292757,0
292758,0
292759,0
292760,0
292761,0
292762,0
292763,0
292764,0
292765,0
292766,0
292767,0
292768,0
292769,0
292770,0
292771,0
292772,0
292773,0
292774,0
292775,0
292776,0
292777,0
292778,0
292779,0
292780,0
292781,0
292782,0
292783,0
292784,0
292785,0
292786,0
292787,0
292788,0
292789,0
292790,0
292791,0
292792,0
292793,0
292794,0
292795,0
292796,0
292797,0
292798,0
292799,0
292800,0
292801,0
292802,0
292803,0
292804,0
292805,0
292806,0
292807,0
292808,0
292809,0
292810,0
292811,0
292812,0
292813,0
292814,0
292815,0
292816,1
292817,0
292818,0
292819,0
292820,0
292821,0
292822,0
292823,0
292824,0
292825,0
292826,0
292827,0
292828,0
292829,0
292830,0
292831,0
292832,0
292833,0
292834,0
292835,0
292836,0
292837,0
292838,0
292839,0
292840,0
292841,0
292842,0
292843,0
292844,0
292845,0
292846,0
292847,0
292848,0
292849,0
292850,0
292851,0
292852,0
292853,0
292854,0
292855,0
292856,0
292857,0
292858,0
292859,0
292860,0
292861,0
292862,0
292863,0
292864,0
292865,0
292866,0
292867,0
292868,0
292869,0
292870,0
292871,0
292872,0
292873,0
292874,0
292875,0
292876,0
292877,0
292878,0
292879,0
292880,0
292881,0
292882,0
292883,0
292884,0
292885,0
292886,0
292887,0
292888,0
292889,0
292890,0
292891,0
292892,0
292893,0
292894,0
292895,0
292896,0
292897,0
292898,0
292899,0
292900,0
292901,0
292902,0
292903,0
292904,0
292905,0
292906,0
292907,0
292908,0
292909,0
292910,0
292911,0
292912,0
292913,0
292914,0
292915,0
292916,0
292917,0
292918,0
292919,0
292920,0
292921,0
292922,0
292923,0
292924,0
292925,0
292926,0
292927,0
292928,0
292929,0
292930,0
292931,0
292932,0
292933,0
292934,0
292935,0
292936,0
292937,0
292938,0
292939,0
292940,0
292941,0
292942,0
292943,0
292944,0
292945,0
292946,0
292947,0
292948,0
292949,0
292950,0
292951,0
292952,0
292953,0
292954,0
292955,0
292956,0
292957,0
292958,0
292959,0
292960,0
292961,0
292962,0
292963,0
292964,0
292965,0
292966,0
292967,0
292968,0
292969,0
292970,0
292971,0
292972,0
292973,0
292974,0
292975,0
292976,0
292977,0
292978,0
292979,0
292980,0
292981,0
292982,0
292983,0
292984,0
292985,0
292986,0
292987,0
292988,1
292989,0
292990,0
292991,0
292992,0
292993,0
292994,0
292995,0
292996,0
292997,0
292998,0
292999,0
293000,0
293001,0
293002,0
293003,0
293004,0
293005,0
293006,0
293007,0
293008,0
293009,0
293010,0
293011,0
293012,0
293013,0
293014,0
293015,0
293016,0
293017,0
293018,0
293019,0
293020,0
293021,0
293022,0
293023,0
293024,0
293025,0
293026,0
293027,0
293028,0
293029,0
293030,0
293031,0
293032,0
293033,0
293034,0
293035,0
293036,0
293037,0
293038,0
293039,0
293040,0
293041,0
293042,0
293043,0
293044,0
293045,0
293046,0
293047,0
293048,0
293049,0
293050,0
293051,0
293052,0
293053,0
293054,0
293055,0
293056,0
293057,0
293058,0
293059,0
293060,0
293061,0
293062,0
293063,0
293064,0
293065,0
293066,0
293067,0
293068,0
293069,0
293070,0
293071,0
293072,0
293073,0
293074,0
293075,0
293076,0
293077,0
293078,0
293079,0
293080,0
293081,0
293082,0
293083,0
293084,0
293085,0
293086,0
293087,0
293088,0
293089,0
293090,0
293091,0
293092,0
293093,0
293094,0
293095,0
293096,0
293097,1
293098,0
293099,0
293100,0
293101,0
293102,0
293103,0
293104,0
293105,0
293106,0
293107,0
293108,0
293109,0
293110,0
293111,0
293112,0
293113,0
293114,0
293115,0
293116,0
293117,0
293118,0
293119,0
293120,0
293121,0
293122,0
293123,0
293124,0
293125,0
293126,0
293127,0
293128,0
293129,0
293130,0
293131,0
293132,0
293133,0
293134,0
293135,0
293136,0
293137,1
293138,0
293139,0
293140,0
293141,0
293142,0
293143,0
293144,1
293145,0
293146,0
293147,0
293148,0
293149,0
293150,0
293151,0
293152,0
293153,0
293154,0
293155,0
293156,0
293157,0
293158,0
293159,0
293160,0
293161,0
293162,0
293163,0
293164,0
293165,0
293166,0
293167,0
293168,0
293169,0
293170,0
293171,0
293172,0
293173,0
293174,0
293175,0
293176,0
293177,0
293178,0
293179,0
293180,0
293181,22
293182,0
293183,0
293184,0
293185,0
293186,0
293187,0
293188,0
293189,0
293190,0
293191,0
293192,0
293193,0
293194,0
293195,0
293196,0
293197,0
293198,0
293199,0
293200,0
293201,0
293202,0
293203,0
293204,0
293205,0
293206,0
293207,0
293208,0
293209,0
293210,0
293211,5
293212,0
293213,0
293214,0
293215,0
293216,0
293217,0
293218,0
293219,0
293220,0
293221,0
293222,0
293223,0
293224,0
293225,0
293226,0
293227,0
293228,0
293229,0
293230,0
293231,0
293232,0
293233,0
293234,14
293235,0
293236,0
293237,0
293238,0
293239,0
293240,0
293241,0
293242,0
293243,0
293244,0
293245,0
293246,0
293247,0
293248,10
293249,0
293250,0
293251,0
293252,0
293253,0
293254,0
293255,0
293256,0
293257,0
293258,0
293259,0
293260,0
293261,0
293262,0
293263,0
293264,0
293265,7
293266,0
293267,0
293268,0
293269,0
293270,9
293271,0
293272,0
293273,0
293274,0
293275,0
293276,0
293277,0
293278,0
293279,0
293280,0
293281,0
293282,13
293283,0
293284,0
293285,0
293286,0
293287,0
293288,0
293289,0
293290,0
293291,0
293292,0
293293,0
293294,0
293295,0
293296,0
293297,0
293298,0
293299,0
293300,0
293301,0
293302,0
293303,0
293304,0
293305,0
293306,0
293307,0
293308,0
293309,0
293310,0
293311,0
293312,0
293313,0
293314,0
293315,0
293316,0
293317,0
293318,0
293319,0
293320,0
293321,0
293322,0
293323,0
293324,0
293325,0
293326,0
293327,0
293328,0
293329,0
293330,0
293331,0
293332,0
293333,0
293334,0
293335,0
293336,0
293337,0
293338,0
293339,0
293340,0
293341,0
293342,0
293343,0
293344,0
293345,0
293346,0
293347,0
293348,0
293349,0
293350,0
293351,0
293352,0
293353,0
293354,0
293355,0
293356,0
293357,0
293358,12
293359,16
293360,0
293361,0
293362,0
293363,0
293364,0
293365,0
293366,0
293367,0
293368,0
293369,0
293370,7
293371,0
293372,0
293373,0
293374,0
293375,0
293376,0
293377,0
293378,0
293379,0
293380,0
293381,0
293382,0
293383,0
293384,0
293385,0
293386,14
293387,0
293388,0
293389,0
293390,0
293391,0
293392,0
293393,0
293394,0
293395,0
293396,0
293397,0
293398,0
293399,0
293400,0
293401,0
293402,0
293403,15
293404,21
293405,0
293406,0
293407,0
293408,0
293409,14
293410,0
293411,11
293412,0
293413,0
293414,0
293415,0
293416,0
293417,0
293418,0
293419,14
293420,0
293421,0
293422,0
293423,0
293424,0
293425,0
293426,0
293427,0
293428,0
293429,0
293430,0
293431,0
293432,0
293433,0
293434,0
293435,0
293436,0
293437,0
293438,0
293439,0
293440,0
293441,0
293442,15
293443,0
293444,0
293445,0
293446,0
293447,0
293448,0
293449,9
293450,0
293451,0
293452,13
293453,0
293454,0
293455,0
293456,0
293457,0
293458,0
293459,0
293460,0
293461,0
293462,0
293463,0
293464,11
293465,0
293466,0
293467,0
293468,0
293469,0
293470,0
293471,9
293472,0
293473,0
293474,0
293475,0
293476,0
293477,0
293478,0
293479,0
293480,0
293481,12
293482,0
293483,0
293484,0
293485,0
293486,0
293487,0
293488,0
293489,0
293490,0
293491,0
293492,0
293493,0
293494,0
293495,0
293496,0
293497,5
293498,0
293499,0
293500,0
293501,0
293502,0
293503,0
293504,0
293505,0
293506,0
293507,0
293508,0
293509,0
293510,0
293511,0
293512,0
293513,0
293514,0
293515,0
293516,0
293517,0
293518,17
293519,0
293520,0
293521,0
293522,0
293523,0
293524,0
293525,0
293526,0
293527,10
293528,0
293529,0
293530,0
293531,0
293532,0
293533,0
293534,0
293535,0
293536,0
293537,0
293538,0
293539,0
293540,0
293541,0
293542,0
293543,0
293544,0
293545,0
293546,0
293547,0
293548,0
293549,0
293550,0
293551,0
293552,0
293553,0
293554,0
293555,0
293556,0
293557,0
293558,0
293559,0
293560,0
293561,0
293562,0
293563,0
293564,0
293565,0
293566,0
293567,0
293568,0
293569,0
293570,0
293571,0
293572,0
293573,0
293574,0
293575,0
293576,0
293577,0
293578,0
293579,19
293580,0
293581,0
293582,0
293583,0
293584,0
293585,0
293586,0
293587,0
293588,0
293589,0
293590,0
293591,0
293592,0
293593,0
293594,0
293595,0
293596,0
293597,0
293598,0
293599,0
293600,0
293601,0
293602,0
293603,0
293604,0
293605,0
293606,0
293607,0
293608,0
293609,0
293610,0
293611,0
293612,0
293613,0
293614,0
293615,13
293616,0
293617,0
293618,0
293619,0
293620,0
293621,0
293622,0
293623,0
293624,0
293625,0
293626,0
293627,0
293628,0
293629,0
293630,0
293631,0
293632,0
293633,0
293634,0
293635,0
293636,0
293637,0
293638,0
293639,0
293640,0
293641,0
293642,0
293643,0
293644,0
293645,0
293646,0
293647,0
293648,0
293649,0
293650,0
293651,0
293652,0
293653,0
293654,0
293655,0
293656,0
293657,0
293658,0
293659,0
293660,0
293661,8
293662,0
293663,0
293664,0
293665,0
293666,0
293667,0
293668,0
293669,0
293670,0
293671,0
293672,0
293673,0
293674,0
293675,0
293676,0
293677,0
293678,0
293679,0
293680,0
293681,0
293682,0
293683,0
293684,0
293685,0
293686,0
293687,0
293688,0
293689,0
293690,0
293691,0
293692,0
293693,0
293694,0
293695,0
293696,0
293697,0
293698,0
293699,0
293700,0
293701,0
293702,0
293703,0
293704,0
293705,0
293706,0
293707,0
293708,0
293709,7
293710,0
293711,9
293712,0
293713,0
293714,0
293715,0
293716,0
293717,0
293718,0
293719,0
293720,0
293721,0
293722,0
293723,0
293724,0
293725,0
293726,0
293727,0
293728,0
293729,0
293730,0
293731,0
293732,0
293733,11
293734,0
293735,0
293736,0
293737,0
293738,0
293739,0
293740,0
293741,0
293742,0
293743,0
293744,0
293745,0
293746,0
293747,0
293748,0
293749,28
293750,0
293751,0
293752,19
293753,0
293754,31
293755,0
293756,44
293757,0
293758,47
293759,0
293760,0
293761,0
293762,25
293763,0
293764,0
293765,0
293766,0
293767,0
293768,0
293769,26
293770,0
293771,0
293772,0
293773,0
293774,0
293775,0
293776,39
293777,0
293778,0
293779,0
293780,0
293781,0
293782,0
293783,0
293784,0
293785,0
293786,0
293787,0
293788,0
293789,35
293790,0
293791,0
293792,0
293793,0
293794,0
293795,0
293796,0
293797,31
293798,0
293799,22
293800,0
293801,0
293802,0
293803,32
293804,0
293805,0
293806,0
293807,43
293808,0
293809,49
293810,39
293811,21
293812,0
293813,30
293814,0
293815,0
293816,0
293817,0
293818,0
293819,0
293820,0
293821,0
293822,0
293823,0
293824,0
293825,0
293826,0
293827,0
293828,0
293829,0
293830,0
293831,0
293832,19
293833,0
293834,0
293835,0
293836,0
293837,0
293838,0
293839,29
293840,38
293841,0
293842,0
293843,25
293844,0
293845,0
293846,0
293847,0
293848,0
293849,51
293850,0
293851,0
293852,0
293853,43
293854,29
293855,54
293856,0
293857,0
293858,0
293859,0
293860,0
293861,0
293862,0
293863,0
293864,0
293865,0
293866,0
293867,0
293868,0
293869,15
293870,45
293871,0
293872,0
293873,0
293874,38
293875,0
293876,0
293877,0
293878,0
293879,0
293880,0
293881,52
293882,34
293883,0
293884,36
293885,24
293886,0
293887,0
293888,0
293889,0
293890,0
293891,49
293892,0
293893,0
293894,0
293895,0
293896,29
293897,0
293898,33
293899,0
293900,0
293901,0
293902,0
293903,0
293904,0
293905,0
293906,0
293907,0
293908,0
293909,0
293910,29
293911,0
293912,0
293913,44
293914,0
293915,0
293916,0
293917,0
293918,0
293919,0
293920,0
293921,22
293922,24
293923,41
293924,0
293925,20
293926,0
293927,51
293928,35
293929,0
293930,0
293931,0
293932,35
293933,0
293934,0
293935,0
293936,0
293937,0
293938,30
293939,0
293940,0
293941,0
293942,0
293943,0
293944,0
293945,0
293946,0
293947,0
293948,46
293949,0
293950,0
293951,0
293952,0
293953,0
293954,0
293955,58
293956,0
293957,0
293958,0
293959,0
293960,0
293961,0
293962,0
293963,0
293964,0
293965,0
293966,39
293967,0
293968,0
293969,0
293970,0
293971,0
293972,0
293973,36
293974,0
293975,0
293976,0
293977,0
293978,0
293979,0
293980,24
293981,0
293982,0
293983,0
293984,29
293985,18
293986,0
293987,0
293988,0
293989,0
293990,0
293991,0
293992,0
293993,22
293994,23
293995,0
293996,0
293997,15
293998,0
293999,0
294000,0
294001,29
294002,0
294003,0
294004,23
294005,0
294006,0
294007,0
294008,0
294009,0
294010,0
294011,22
294012,0
294013,35
294014,0
294015,0
294016,0
294017,0
294018,0
294019,0
294020,0
294021,0
294022,34
294023,0
294024,38
294025,0
294026,27
294027,0
294028,0
294029,36
294030,0
294031,0
294032,0
294033,0
294034,0
294035,0
294036,0
294037,26
294038,0
294039,31
294040,0
294041,0
294042,0
294043,0
294044,48
294045,36
294046,0
294047,39
294048,0
294049,0
294050,19
294051,0
294052,0
294053,28
294054,0
294055,0
294056,0
294057,0
294058,0
294059,27
294060,0
294061,0
294062,0
294063,0
294064,0
294065,0
294066,0
294067,0
294068,0
294069,0
294070,0
294071,0
294072,0
294073,0
294074,0
294075,0
294076,0
294077,0
294078,0
294079,0
294080,0
294081,17
294082,0
294083,0
294084,38
294085,0
294086,39
294087,0
294088,46
294089,0
294090,0
294091,25
294092,0
294093,0
294094,0
294095,0
294096,0
294097,0
294098,23
294099,0
294100,0
294101,0
294102,0
294103,34
294104,44
294105,31
294106,0
294107,0
294108,0
294109,0
294110,0
294111,23
294112,0
294113,0
294114,0
294115,37
294116,43
294117,0
294118,42
294119,0
294120,0
294121,0
294122,27
294123,0
294124,0
294125,0
294126,29
294127,0
294128,0
294129,0
294130,0
294131,17
294132,0
294133,0
294134,0
294135,0
294136,0
294137,0
294138,0
294139,0
294140,0
294141,48
294142,0
294143,0
294144,0
294145,0
294146,0
294147,0
294148,0
294149,0
294150,36
294151,0
294152,0
294153,0
294154,0
294155,33
294156,0
294157,0
294158,0
294159,0
294160,25
294161,0
294162,38
294163,0
294164,0
294165,0
294166,0
294167,0
294168,0
294169,44
294170,47
294171,0
294172,0
294173,0
294174,0
294175,0
294176,0
294177,0
294178,0
294179,0
294180,0
294181,39
294182,45
294183,0
294184,0
294185,0
294186,54
294187,0
294188,0
294189,38
294190,0
294191,14
294192,0
294193,29
294194,0
294195,27
294196,0
294197,0
294198,0
294199,0
294200,0
294201,0
294202,0
294203,0
294204,0
294205,0
294206,0
294207,32
294208,16
294209,28
294210,0
294211,46
294212,0
294213,40
294214,0
294215,0
294216,0
294217,0
294218,0
294219,0
294220,0
294221,0
294222,0
294223,0
294224,0
294225,0
294226,28
294227,0
294228,0
294229,0
294230,0
294231,33
294232,0
294233,0
294234,0
294235,0
294236,0
294237,0
294238,0
294239,42
294240,0
294241,0
294242,0
294243,24
294244,34
294245,0
294246,0
294247,0
294248,0
294249,0
294250,0
294251,42
294252,51
294253,0
294254,0
294255,36
294256,64
294257,0
294258,26
294259,0
294260,0
294261,0
294262,0
294263,0
294264,31
294265,0
294266,0
294267,0
294268,0
294269,0
294270,0
294271,0
294272,0
294273,0
294274,13
294275,0
294276,0
294277,0
294278,0
294279,0
294280,0
294281,0
294282,0
294283,0
294284,21
294285,0
294286,29
294287,0
294288,0
294289,15
294290,0
294291,0
294292,0
294293,0
294294,0
294295,0
294296,0
294297,32
294298,0
294299,0
294300,0
294301,27
294302,0
294303,0
294304,32
294305,0
294306,0
294307,0
294308,0
294309,0
294310,0
294311,0
294312,0
294313,21
294314,40
294315,0
294316,0
294317,0
294318,0
294319,0
294320,0
294321,0
294322,0
294323,0
294324,34
294325,0
294326,23
294327,0
294328,0
294329,0
294330,0
294331,0
294332,0
294333,0
294334,0
294335,27
294336,0
294337,0
294338,0
294339,0
294340,0
294341,0
294342,0
294343,0
294344,41
294345,0
294346,18
294347,0
294348,0
294349,0
294350,0
294351,0
294352,30
294353,36
294354,0
294355,0
294356,0
294357,0
294358,0
294359,0
294360,21
294361,0
294362,0
294363,0
294364,0
294365,0
294366,0
294367,0
294368,0
294369,0
294370,0
294371,0
294372,0
294373,43
294374,29
294375,48
294376,0
294377,0
294378,23
294379,0
294380,0
294381,48
294382,37
294383,0
294384,0
294385,0
294386,0
294387,0
294388,0
294389,0
294390,50
294391,0
294392,0
294393,0
294394,26
294395,0
294396,0
294397,35
294398,0
294399,0
294400,0
294401,38
294402,33
294403,0
294404,0
294405,29
294406,0
294407,0
294408,21
294409,0
294410,0
294411,0
294412,0
294413,0
294414,0
294415,0
294416,0
294417,0
294418,25
294419,28
294420,0
294421,0
294422,0
294423,33
294424,0
294425,0
294426,47
294427,0
294428,48
294429,0
294430,0
294431,0
294432,0
294433,0
294434,0
294435,0
294436,0
294437,0
294438,0
294439,0
294440,0
294441,19
294442,0
294443,0
294444,55
294445,0
294446,0
294447,0
294448,0
294449,0
294450,0
294451,0
294452,28
294453,0
294454,0
294455,0
294456,20
294457,0
294458,0
294459,0
294460,0
294461,0
294462,0
294463,0
294464,0
294465,0
294466,0
294467,0
294468,0
294469,0
294470,0
294471,0
294472,0
294473,0
294474,0
294475,33
294476,0
294477,42
294478,0
294479,0
294480,0
294481,32
294482,0
294483,0
294484,0
294485,0
294486,22
294487,40
294488,0
294489,28
294490,42
294491,0
294492,45
294493,0
294494,0
294495,0
294496,0
294497,0
294498,0
294499,47
294500,0
294501,35
294502,0
294503,0
294504,0
294505,0
294506,0
294507,0
294508,0
294509,0
294510,28
294511,22
294512,0
294513,0
294514,36
294515,0
294516,14
294517,0
294518,0
294519,0
294520,31
294521,0
294522,0
294523,61
294524,0
294525,0
294526,24
294527,0
294528,0
294529,50
294530,42
294531,0
294532,40
294533,0
294534,0
294535,42
294536,0
294537,0
294538,41
294539,0
294540,0
294541,0
294542,17
294543,0
294544,0
294545,0
294546,0
294547,0
294548,43
294549,0
294550,0
294551,0
294552,44
294553,47
294554,20
294555,44
294556,0
294557,15
294558,0
294559,33
294560,19
294561,35
294562,0
294563,0
294564,31
294565,0
294566,0
294567,0
294568,0
294569,0
294570,0
294571,0
294572,38
294573,0
294574,0
294575,34
294576,0
294577,0
294578,0
294579,0
294580,0
294581,0
294582,45
294583,29
294584,0
294585,0
294586,0
294587,0
294588,0
294589,57
294590,0
294591,30
294592,0
294593,0
294594,0
294595,0
294596,53
294597,0
294598,0
294599,0
294600,0
294601,0
294602,0
294603,24
294604,0
294605,39
294606,0
294607,0
294608,0
294609,0
294610,0
294611,0
294612,0
294613,42
294614,0
294615,0
294616,0
294617,0
294618,0
294619,25
294620,29
294621,0
294622,0
294623,0
294624,8
294625,7
294626,0
294627,0
294628,0
294629,0
294630,0
294631,0
294632,13
294633,0
294634,0
294635,0
294636,0
294637,0
294638,0
294639,0
294640,11
294641,0
294642,4
294643,5
294644,0
294645,0
294646,6
294647,0
294648,3
294649,0
294650,0
294651,0
294652,0
294653,0
294654,5
294655,0
294656,0
294657,0
294658,4
294659,2
294660,0
294661,0
294662,9
294663,9
294664,0
294665,5
294666,0
294667,0
294668,4
294669,0
294670,0
294671,7
294672,0
294673,0
294674,0
294675,0
294676,0
294677,6
294678,5
294679,6
294680,0
294681,0
294682,0
294683,0
294684,3
294685,0
294686,0
294687,0
294688,6
294689,0
294690,0
294691,0
294692,8
294693,2
294694,4
294695,0
294696,0
294697,0
294698,8
294699,0
294700,0
294701,0
294702,0
294703,0
294704,11
294705,7
294706,0
294707,0
294708,0
294709,0
294710,0
294711,5
294712,0
294713,0
294714,5
294715,0
294716,0
294717,0
294718,0
294719,0
294720,10
294721,0
294722,2
294723,4
294724,0
294725,10
294726,0
294727,5
294728,6
294729,0
294730,7
294731,0
294732,0
294733,11
294734,0
294735,6
294736,0
294737,0
294738,12
294739,0
294740,5
294741,0
294742,0
294743,0
294744,7
294745,0
294746,3
294747,0
294748,0
294749,0
294750,0
294751,0
294752,0
294753,6
294754,0
294755,0
294756,0
294757,5
294758,7
294759,0
294760,0
294761,0
294762,0
294763,8
294764,0
294765,0
294766,0
294767,0
294768,0
294769,0
294770,0
294771,0
294772,0
294773,8
294774,5
294775,0
294776,0
294777,0
294778,0
294779,0
294780,0
294781,0
294782,0
294783,0
294784,5
294785,4
294786,0
294787,0
294788,0
294789,0
294790,0
294791,0
294792,0
294793,0
294794,0
294795,0
294796,5
294797,2
294798,3
294799,0
294800,0
294801,8
294802,0
294803,8
294804,0
294805,5
294806,10
294807,6
294808,0
294809,6
294810,0
294811,0
294812,7
294813,6
294814,6
294815,2
294816,0
294817,0
294818,0
294819,0
294820,0
294821,6
294822,0
294823,0
294824,0
294825,10
294826,0
294827,0
294828,0
294829,0
294830,0
294831,0
294832,7
294833,3
294834,0
294835,3
294836,0
294837,4
294838,9
294839,0
294840,0
294841,0
294842,8
294843,0
294844,0
294845,0
294846,3
294847,0
294848,7
294849,0
294850,4
294851,0
294852,0
294853,0
294854,0
294855,0
294856,5
294857,0
294858,0
294859,5
294860,11
294861,0
294862,7
294863,4
294864,0
294865,2
294866,0
294867,0
294868,0
294869,0
294870,0
294871,3
294872,0
294873,0
294874,10
294875,0
294876,6
294877,13
294878,0
294879,0
294880,6
294881,0
294882,0
294883,0
294884,0
294885,0
294886,2
294887,0
294888,0
294889,0
294890,0
294891,0
294892,0
294893,0
294894,7
294895,0
294896,3
294897,8
294898,0
294899,0
294900,0
294901,2
294902,0
294903,0
294904,6
294905,0
294906,0
294907,0
294908,0
294909,0
294910,0
294911,0
294912,0
294913,0
294914,11
294915,0
294916,0
294917,0
294918,6
294919,6
294920,0
294921,0
294922,0
294923,8
294924,0
294925,0
294926,0
294927,0
294928,0
294929,4
294930,0
294931,0
294932,0
294933,10
294934,0
294935,6
294936,0
294937,3
294938,0
294939,0
294940,0
294941,0
294942,7
294943,0
294944,0
294945,0
294946,5
294947,0
294948,3
294949,0
294950,0
294951,0
294952,0
294953,0
294954,0
294955,0
294956,0
294957,0
294958,0
294959,8
294960,0
294961,7
294962,4
294963,0
294964,0
294965,0
294966,0
294967,7
294968,0
294969,0
294970,10
294971,0
294972,0
294973,5
294974,0
294975,0
294976,0
294977,10
294978,0
294979,4
294980,0
294981,10
294982,9
294983,0
294984,7
294985,6
294986,0
294987,7
294988,2
294989,0
294990,0
294991,0
294992,0
294993,0
294994,3
294995,0
294996,8
294997,5
294998,0
294999,6
295000,0
295001,0
295002,4
295003,0
295004,0
295005,0
295006,0
295007,0
295008,7
295009,0
295010,0
295011,0
295012,0
295013,3
295014,5
295015,0
295016,6
295017,8
295018,8
295019,11
295020,6
295021,5
295022,0
295023,0
295024,0
295025,0
295026,5
295027,0
295028,0
295029,0
295030,0
295031,7
295032,4
295033,4
295034,4
295035,0
295036,0
295037,0
295038,9
295039,0
295040,0
295041,6
295042,0
295043,0
295044,0
295045,11
295046,0
295047,0
295048,0
295049,0
295050,0
295051,12
295052,0
295053,11
295054,0
295055,0
295056,0
295057,0
295058,6
295059,0
295060,0
295061,0
295062,0
295063,0
295064,4
295065,0
295066,0
295067,0
295068,0
295069,0
295070,0
295071,0
295072,0
295073,0
295074,3
295075,0
295076,0
295077,0
295078,0
295079,0
295080,0
295081,6
295082,0
295083,0
295084,0
295085,7
295086,0
295087,0
295088,0
295089,0
295090,1
295091,0
295092,6
295093,0
295094,6
295095,0
295096,3
295097,0
295098,0
295099,0
295100,0
295101,0
295102,0
295103,0
295104,0
295105,0
295106,0
295107,0
295108,0
295109,6
295110,0
295111,0
295112,0
295113,4
295114,7
295115,0
295116,0
295117,0
295118,0
295119,8
295120,0
295121,0
295122,0
295123,0
295124,0
295125,6
295126,0
295127,0
295128,0
295129,0
295130,6
295131,0
295132,0
295133,0
295134,0
295135,0
295136,0
295137,3
295138,0
295139,3
295140,0
295141,6
295142,0
295143,7
295144,0
295145,0
295146,0
295147,2
295148,0
295149,0
295150,5
295151,0
295152,0
295153,4
295154,0
295155,4
295156,0
295157,0
295158,3
295159,0
295160,0
295161,7
295162,6
295163,4
295164,0
295165,0
295166,0
295167,0
295168,3
295169,0
295170,0
295171,0
295172,0
295173,8
295174,2
295175,0
295176,0
295177,0
295178,0
295179,0
295180,0
295181,8
295182,9
295183,0
295184,0
295185,0
295186,0
295187,0
295188,2
295189,0
295190,0
295191,0
295192,0
295193,6
295194,4
295195,4
295196,3
295197,0
295198,0
295199,0
295200,0
295201,0
295202,0
295203,0
295204,0
295205,0
295206,0
295207,7
295208,6
295209,0
295210,6
295211,0
295212,0
295213,0
295214,5
295215,0
295216,0
295217,0
295218,0
295219,5
295220,0
295221,0
295222,0
295223,0
295224,0
295225,6
295226,0
295227,0
295228,0
295229,7
295230,0
295231,6
295232,9
295233,0
295234,10
295235,0
295236,0
295237,0
295238,0
295239,0
295240,0
295241,0
295242,0
295243,0
295244,0
295245,0
295246,11
295247,0
295248,0
295249,7
295250,5
295251,5
295252,0
295253,0
295254,0
295255,0
295256,0
295257,0
295258,7
295259,0
295260,0
295261,0
295262,0
295263,6
295264,5
295265,0
295266,5
295267,4
295268,0
295269,10
295270,6
295271,0
295272,0
295273,0
295274,0
295275,0
295276,4
295277,0
295278,0
295279,4
295280,5
295281,0
295282,0
295283,6
295284,0
295285,0
295286,4
295287,9
295288,0
295289,0
295290,0
295291,5
295292,4
295293,0
295294,0
295295,0
295296,0
295297,4
295298,4
295299,0
295300,6
295301,0
295302,0
295303,0
295304,5
295305,4
295306,0
295307,2
295308,0
295309,3
295310,0
295311,0
295312,0
295313,0
295314,0
295315,0
295316,5
295317,0
295318,0
295319,0
295320,0
295321,9
295322,0
295323,0
295324,0
295325,4
295326,0
295327,5
295328,0
295329,0
295330,0
295331,0
295332,0
295333,0
295334,0
295335,0
295336,3
295337,6
295338,0
295339,0
295340,0
295341,0
295342,0
295343,0
295344,0
295345,6
295346,0
295347,0
295348,0
295349,0
295350,6
295351,5
295352,10
295353,0
295354,0
295355,11
295356,0
295357,3
295358,0
295359,0
295360,4
295361,0
295362,0
295363,0
295364,0
295365,0
295366,0
295367,3
295368,8
295369,0
295370,0
295371,0
295372,10
295373,5
295374,0
295375,3
295376,0
295377,0
295378,6
295379,0
295380,0
295381,0
295382,5
295383,3
295384,0
295385,0
295386,10
295387,0
295388,0
295389,0
295390,0
295391,0
295392,3
295393,0
295394,5
295395,2
295396,0
295397,7
295398,8
295399,0
295400,0
295401,0
295402,0
295403,0
295404,0
295405,7
295406,0
295407,0
295408,0
295409,4
295410,8
295411,0
295412,7
295413,7
295414,11
295415,3
295416,0
295417,0
295418,0
295419,0
295420,0
295421,0
295422,0
295423,0
295424,0
295425,0
295426,8
295427,0
295428,0
295429,0
295430,5
295431,7
295432,0
295433,0
295434,0
295435,0
295436,0
295437,0
295438,5
295439,3
295440,0
295441,0
295442,7
295443,4
295444,0
295445,0
295446,9
295447,0
295448,8
295449,4
295450,5
295451,5
295452,0
295453,11
295454,3
295455,7
295456,8
295457,0
295458,0
295459,0
295460,0
295461,4
295462,0
295463,6
295464,0
295465,0
295466,10
295467,0
295468,0
295469,0
295470,8
295471,0
295472,0
295473,0
295474,0
295475,0
295476,0
295477,0
295478,0
295479,0
295480,0
295481,0
295482,0
295483,0
295484,0
295485,0
295486,0
295487,0
295488,7
295489,4
295490,7
295491,0
295492,0
295493,0
295494,10
295495,7
295496,0
295497,0
295498,0
295499,4
295500,0
295501,0
295502,0
295503,5
295504,0
295505,0
295506,6
295507,0
295508,0
295509,0
295510,5
295511,0
295512,6
295513,0
295514,7
295515,0
295516,0
295517,0
295518,0
295519,0
295520,0
295521,0
295522,0
295523,0
295524,0
295525,13
295526,10
295527,0
295528,0
295529,0
295530,9
295531,8
295532,0
295533,0
295534,2
295535,4
295536,0
295537,0
295538,9
295539,0
295540,0
295541,0
295542,0
295543,0
295544,2
295545,0
295546,0
295547,0
295548,0
295549,0
295550,0
295551,0
295552,0
295553,0
295554,1
295555,0
295556,0
295557,0
295558,0
295559,0
295560,0
295561,0
295562,0
295563,0
295564,1
295565,1
295566,0
295567,0
295568,0
295569,1
295570,0
295571,1
295572,0
295573,0
295574,2
295575,0
295576,0
295577,0
295578,0
295579,3
295580,0
295581,0
295582,0
295583,0
295584,0
295585,0
295586,0
295587,0
295588,0
295589,0
295590,0
295591,0
295592,0
295593,0
295594,0
295595,0
295596,0
295597,0
295598,0
295599,0
295600,2
295601,0
295602,0
295603,0
295604,0
295605,0
295606,0
295607,0
295608,0
295609,0
295610,1
295611,0
295612,0
295613,0
295614,0
295615,0
295616,0
295617,0
295618,0
295619,0
295620,0
295621,0
295622,0
295623,0
295624,0
295625,0
295626,1
295627,0
295628,0
295629,0
295630,0
295631,0
295632,0
295633,2
295634,0
295635,0
295636,0
295637,0
295638,1
295639,1
295640,0
295641,0
295642,0
295643,0
295644,0
295645,0
295646,0
295647,0
295648,0
295649,1
295650,0
295651,3
295652,0
295653,0
295654,0
295655,0
295656,0
295657,1
295658,0
295659,0
295660,0
295661,0
295662,0
295663,0
295664,0
295665,0
295666,0
295667,0
295668,0
295669,0
295670,0
295671,0
295672,0
295673,0
295674,0
295675,0
295676,1
295677,0
295678,0
295679,0
295680,0
295681,0
295682,0
295683,0
295684,0
295685,0
295686,0
295687,0
295688,0
295689,0
295690,0
295691,0
295692,0
295693,3
295694,1
295695,0
295696,0
295697,2
295698,0
295699,0
295700,0
295701,0
295702,0
295703,0
295704,0
295705,0
295706,3
295707,5
295708,1
295709,0
295710,0
295711,0
295712,2
295713,0
295714,0
295715,0
295716,0
295717,0
295718,0
295719,0
295720,0
295721,1
295722,0
295723,0
295724,0
295725,0
295726,0
295727,0
295728,0
295729,0
295730,0
295731,0
295732,0
295733,0
295734,0
295735,0
295736,0
295737,0
295738,4
295739,0
295740,0
295741,0
295742,0
295743,0
295744,0
295745,0
295746,0
295747,0
295748,0
295749,0
295750,0
295751,0
295752,1
295753,0
295754,0
295755,0
295756,0
295757,0
295758,0
295759,0
295760,0
295761,0
295762,0
295763,3
295764,0
295765,0
295766,0
295767,0
295768,0
295769,0
295770,0
295771,0
295772,2
295773,0
295774,0
295775,0
295776,0
295777,0
295778,0
295779,0
295780,1
295781,0
295782,0
295783,0
295784,0
295785,0
295786,0
295787,0
295788,0
295789,0
295790,0
295791,0
295792,0
295793,0
295794,0
295795,0
295796,0
295797,0
295798,0
295799,0
295800,0
295801,0
295802,0
295803,2
295804,0
295805,0
295806,0
295807,0
295808,0
295809,0
295810,0
295811,1
295812,0
295813,0
295814,0
295815,0
295816,0
295817,0
295818,0
295819,0
295820,0
295821,0
295822,0
295823,0
295824,0
295825,0
295826,0
295827,0
295828,0
295829,0
295830,0
295831,3
295832,0
295833,0
295834,0
295835,1
295836,0
295837,0
295838,0
295839,0
295840,0
295841,0
295842,2
295843,0
295844,0
295845,0
295846,0
295847,0
295848,0
295849,4
295850,0
295851,0
295852,0
295853,0
295854,0
295855,0
295856,0
295857,0
295858,0
295859,0
295860,0
295861,0
295862,0
295863,0
295864,0
295865,0
295866,0
295867,0
295868,0
295869,0
295870,0
295871,2
295872,0
295873,0
295874,0
295875,0
295876,0
295877,1
295878,1
295879,0
295880,0
295881,0
295882,0
295883,0
295884,0
295885,3
295886,0
295887,0
295888,0
295889,0
295890,0
295891,0
295892,0
295893,1
295894,0
295895,0
295896,0
295897,0
295898,3
295899,0
295900,0
295901,2
295902,0
295903,0
295904,3
295905,0
295906,0
295907,0
295908,0
295909,1
295910,0
295911,0
295912,0
295913,0
295914,0
295915,0
295916,0
295917,0
295918,0
295919,0
295920,0
295921,1
295922,0
295923,0
295924,0
295925,0
295926,0
295927,0
295928,2
295929,0
295930,0
295931,0
295932,0
295933,0
295934,0
295935,0
295936,0
295937,0
295938,0
295939,1
295940,0
295941,0
295942,1
295943,0
295944,0
295945,0
295946,0
295947,0
295948,0
295949,0
295950,0
295951,0
295952,0
295953,0
295954,0
295955,0
295956,0
295957,0
295958,0
295959,0
295960,0
295961,0
295962,0
295963,0
295964,0
295965,0
295966,0
295967,0
295968,0
295969,2
295970,0
295971,0
295972,3
295973,0
295974,0
295975,2
295976,0
295977,2
295978,0
295979,0
295980,0
295981,0
295982,0
295983,0
295984,0
295985,0
295986,0
295987,0
295988,2
295989,2
295990,1
295991,0
295992,0
295993,0
295994,0
295995,0
295996,0
295997,0
295998,0
295999,0
296000,0
296001,0
296002,0
296003,0
296004,0
296005,3
296006,1
296007,0
296008,0
296009,0
296010,0
296011,0
296012,2
296013,0
296014,0
296015,0
296016,0
296017,0
296018,0
296019,0
296020,0
296021,0
296022,0
296023,0
296024,0
296025,0
296026,0
296027,0
296028,0
296029,0
296030,1
296031,0
296032,0
296033,0
296034,0
296035,0
296036,1
296037,0
296038,0
296039,0
296040,0
296041,0
296042,0
296043,0
296044,1
296045,0
296046,0
296047,0
296048,1
296049,2
296050,0
296051,0
296052,0
296053,0
296054,0
296055,0
296056,2
296057,1
296058,0
296059,0
296060,1
296061,0
296062,0
296063,1
296064,2
296065,0
296066,2
296067,0
296068,0
296069,0
296070,0
296071,0
296072,0
296073,0
296074,0
296075,0
296076,3
296077,0
296078,0
296079,0
296080,0
296081,0
296082,0
296083,0
296084,0
296085,0
296086,0
296087,0
296088,0
296089,0
296090,0
296091,3
296092,0
296093,0
296094,0
296095,0
296096,0
296097,0
296098,0
296099,0
296100,0
296101,0
296102,0
296103,0
296104,0
296105,0
296106,0
296107,0
296108,0
296109,0
296110,0
296111,0
296112,1
296113,0
296114,0
296115,0
296116,0
296117,0
296118,0
296119,0
296120,0
296121,0
296122,0
296123,1
296124,0
296125,1
296126,0
296127,0
296128,0
296129,0
296130,0
296131,0
296132,0
296133,0
296134,1
296135,0
296136,0
296137,0
296138,0
296139,0
296140,0
296141,0
296142,0
296143,0
296144,0
296145,0
296146,0
296147,0
296148,0
296149,0
296150,0
296151,0
296152,0
296153,0
296154,0
296155,0
296156,0
296157,1
296158,0
296159,0
296160,0
296161,0
296162,0
296163,0
296164,0
296165,0
296166,0
296167,0
296168,0
296169,0
296170,0
296171,1
296172,1
296173,0
296174,0
296175,0
296176,0
296177,0
296178,0
296179,1
296180,0
296181,0
296182,0
296183,0
296184,0
296185,2
296186,0
296187,0
296188,0
296189,4
296190,0
296191,0
296192,1
296193,0
296194,0
296195,0
296196,0
296197,0
296198,1
296199,0
296200,0
296201,1
296202,0
296203,0
296204,0
296205,0
296206,0
296207,0
296208,0
296209,0
296210,0
296211,0
296212,0
296213,2
296214,0
296215,0
296216,0
296217,0
296218,0
296219,4
296220,0
296221,2
296222,0
296223,0
296224,0
296225,0
296226,0
296227,0
296228,0
296229,0
296230,0
296231,0
296232,0
296233,0
296234,0
296235,0
296236,0
296237,0
296238,0
296239,0
296240,0
296241,0
296242,0
296243,0
296244,0
296245,0
296246,0
296247,0
296248,0
296249,0
296250,0
296251,0
296252,0
296253,0
296254,0
296255,28
296256,0
296257,21
296258,0
296259,0
296260,0
296261,0
296262,34
296263,0
296264,0
296265,0
296266,37
296267,0
296268,0
296269,34
296270,0
296271,29
296272,0
296273,0
296274,41
296275,0
296276,0
296277,41
296278,26
296279,38
296280,0
296281,48
296282,0
296283,36
296284,0
296285,0
296286,0
296287,0
296288,0
296289,0
296290,39
296291,0
296292,0
296293,0
296294,0
296295,0
296296,0
296297,0
296298,33
296299,0
296300,0
296301,0
296302,0
296303,0
296304,0
296305,0
296306,0
296307,0
296308,0
296309,0
296310,0
296311,0
296312,0
296313,0
296314,0
296315,0
296316,0
296317,0
296318,0
296319,0
296320,0
296321,0
296322,0
296323,0
296324,0
296325,32
296326,0
296327,0
296328,0
296329,29
296330,0
296331,0
296332,0
296333,30
296334,0
296335,0
296336,0
296337,0
296338,0
296339,0
296340,0
296341,0
296342,20
296343,0
296344,0
296345,0
296346,32
296347,0
296348,0
296349,0
296350,0
296351,0
296352,0
296353,0
296354,27
296355,0
296356,0
296357,0
296358,0
296359,0
296360,0
296361,0
296362,0
296363,34
296364,0
296365,0
296366,56
296367,0
296368,0
296369,33
296370,0
296371,0
296372,0
296373,0
296374,0
296375,0
296376,0
296377,30
296378,0
296379,0
296380,36
296381,0
296382,0
296383,0
296384,0
296385,0
296386,0
296387,0
296388,0
296389,44
296390,0
296391,0
296392,0
296393,0
296394,0
296395,0
296396,26
296397,0
296398,0
296399,0
296400,0
296401,0
296402,0
296403,0
296404,0
296405,0
296406,39
296407,34
296408,0
296409,0
296410,0
296411,29
296412,0
296413,0
296414,0
296415,0
296416,0
296417,0
296418,0
296419,0
296420,0
296421,0
296422,0
296423,0
296424,36
296425,0
296426,0
296427,0
296428,0
296429,0
296430,0
296431,0
296432,38
296433,0
296434,30
296435,0
296436,0
296437,19
296438,27
296439,0
296440,28
296441,0
296442,0
296443,25
296444,0
296445,29
296446,0
296447,0
296448,0
296449,0
296450,46
296451,0
296452,0
296453,37
296454,0
296455,0
296456,0
296457,28
296458,0
296459,0
296460,37
296461,0
296462,0
296463,0
296464,0
296465,30
296466,0
296467,0
296468,0
296469,0
296470,36
296471,0
296472,48
296473,0
296474,0
296475,0
296476,32
296477,0
296478,0
296479,0
296480,33
296481,0
296482,35
296483,0
296484,0
296485,0
296486,29
296487,0
296488,0
296489,0
296490,36
296491,0
296492,0
296493,0
296494,0
296495,0
296496,0
296497,0
296498,0
296499,33
296500,0
296501,30
296502,0
296503,34
296504,59
296505,40
296506,0
296507,0
296508,0
296509,0
296510,0
296511,0
296512,0
296513,0
296514,0
296515,33
296516,0
296517,0
296518,0
296519,0
296520,0
296521,0
296522,0
296523,37
296524,0
296525,0
296526,41
296527,0
296528,0
296529,0
296530,27
296531,53
296532,0
296533,30
296534,0
296535,0
296536,0
296537,23
296538,28
296539,0
296540,0
296541,19
296542,0
296543,0
296544,0
296545,0
296546,31
296547,0
296548,0
296549,0
296550,0
296551,0
296552,0
296553,0
296554,0
296555,0
296556,38
296557,0
296558,0
296559,0
296560,0
296561,0
296562,0
296563,0
296564,0
296565,0
296566,0
296567,0
296568,0
296569,28
296570,0
296571,0
296572,0
296573,39
296574,0
296575,34
296576,0
296577,0
296578,23
296579,30
296580,0
296581,0
296582,22
296583,32
296584,0
296585,0
296586,0
296587,0
296588,18
296589,0
296590,0
296591,28
296592,0
296593,32
296594,0
296595,0
296596,0
296597,0
296598,36
296599,0
296600,22
296601,0
296602,0
296603,0
296604,24
296605,0
296606,0
296607,29
296608,0
296609,0
296610,0
296611,40
296612,25
296613,0
296614,0
296615,42
296616,27
296617,27
296618,0
296619,0
296620,33
296621,0
296622,0
296623,0
296624,27
296625,0
296626,0
296627,0
296628,0
296629,0
296630,0
296631,0
296632,0
296633,0
296634,0
296635,0
296636,23
296637,0
296638,0
296639,0
296640,0
296641,0
296642,0
296643,0
296644,0
296645,0
296646,0
296647,0
296648,0
296649,0
296650,0
296651,0
296652,0
296653,0
296654,26
296655,21
296656,0
296657,0
296658,0
296659,0
296660,0
296661,0
296662,37
296663,42
296664,0
296665,0
296666,0
296667,30
296668,0
296669,0
296670,0
296671,0
296672,0
296673,0
296674,36
296675,30
296676,0
296677,0
296678,0
296679,0
296680,0
296681,0
296682,0
296683,0
296684,0
296685,0
296686,0
296687,0
296688,0
296689,35
296690,0
296691,0
296692,0
296693,0
296694,0
296695,0
296696,0
296697,0
296698,0
296699,0
296700,38
296701,0
296702,0
296703,0
296704,28
296705,0
296706,39
296707,0
296708,0
296709,0
296710,0
296711,0
296712,20
296713,0
296714,33
296715,23
296716,0
296717,0
296718,0
296719,0
296720,0
296721,0
296722,0
296723,0
296724,33
296725,0
296726,26
296727,27
296728,0
296729,0
296730,0
296731,47
296732,0
296733,0
296734,0
296735,0
296736,0
296737,0
296738,0
296739,0
296740,0
296741,0
296742,0
296743,0
296744,42
296745,0
296746,0
296747,0
296748,0
296749,0
296750,0
296751,0
296752,0
296753,0
296754,0
296755,0
296756,29
296757,0
296758,39
296759,23
296760,0
296761,0
296762,0
296763,0
296764,0
296765,0
296766,0
296767,0
296768,44
296769,0
296770,0
296771,0
296772,0
296773,0
296774,0
296775,0
296776,0
296777,0
296778,0
296779,0
296780,0
296781,0
296782,29
296783,0
296784,36
296785,0
296786,31
296787,32
296788,0
296789,0
296790,0
296791,0
296792,0
296793,0
296794,0
296795,0
296796,0
296797,0
296798,0
296799,26
296800,0
296801,0
296802,0
296803,0
296804,27
296805,0
296806,0
296807,0
296808,0
296809,0
296810,0
296811,0
296812,0
296813,0
296814,34
296815,0
296816,43
296817,0
296818,0
296819,0
296820,21
296821,22
296822,0
296823,13
296824,0
296825,0
296826,0
296827,0
296828,0
296829,45
296830,33
296831,21
296832,0
296833,0
296834,0
296835,0
296836,29
296837,20
296838,0
296839,0
296840,0
296841,0
296842,0
296843,0
296844,0
296845,0
296846,0
296847,0
296848,37
296849,32
296850,31
296851,0
296852,0
296853,0
296854,0
296855,0
296856,0
296857,0
296858,29
296859,0
296860,0
296861,0
296862,0
296863,30
296864,32
296865,0
296866,0
296867,27
296868,0
296869,0
296870,0
296871,0
296872,0
296873,0
296874,14
296875,0
296876,0
296877,0
296878,0
296879,0
296880,0
296881,0
296882,39
296883,0
296884,0
296885,0
296886,0
296887,0
296888,43
296889,0
296890,41
296891,33
296892,0
296893,0
296894,0
296895,0
296896,0
296897,0
296898,0
296899,0
296900,0
296901,0
296902,0
296903,0
296904,47
296905,0
296906,0
296907,21
296908,0
296909,0
296910,0
296911,0
296912,0
296913,44
296914,0
296915,0
296916,0
296917,0
296918,0
296919,0
296920,0
296921,0
296922,0
296923,0
296924,44
296925,23
296926,0
296927,40
296928,0
296929,0
296930,0
296931,36
296932,0
296933,27
296934,0
296935,28
296936,29
296937,0
296938,30
296939,33
296940,0
296941,31
296942,0
296943,0
296944,44
296945,26
296946,0
296947,0
296948,0
296949,0
296950,0
296951,32
296952,25
296953,0
296954,0
296955,0
296956,0
296957,0
296958,0
296959,0
296960,0
296961,0
296962,0
296963,0
296964,45
296965,0
296966,0
296967,0
296968,0
296969,0
296970,0
296971,0
296972,0
296973,0
296974,0
296975,34
296976,0
296977,0
296978,0
296979,0
296980,31
296981,0
296982,0
296983,0
296984,38
296985,0
296986,0
296987,0
296988,0
296989,0
296990,0
296991,0
296992,0
296993,0
296994,38
296995,0
296996,0
296997,27
296998,0
296999,0
297000,0
297001,15
297002,0
297003,0
297004,0
297005,0
297006,36
297007,26
297008,0
297009,0
297010,0
297011,0
297012,33
297013,0
297014,0
297015,0
297016,0
297017,0
297018,0
297019,0
297020,37
297021,0
297022,0
297023,37
297024,0
297025,30
297026,0
297027,0
297028,0
297029,0
297030,0
297031,0
297032,0
297033,35
297034,0
297035,35
297036,0
297037,0
297038,0
297039,0
297040,0
297041,0
297042,0
297043,0
297044,0
297045,0
297046,0
297047,0
297048,0
297049,0
297050,0
297051,32
297052,0
297053,0
297054,0
297055,0
297056,0
297057,29
297058,21
297059,0
297060,0
297061,0
297062,0
297063,0
297064,0
297065,19
297066,0
297067,0
297068,0
297069,0
297070,29
297071,0
297072,0
297073,35
297074,23
297075,0
297076,0
297077,0
297078,0
297079,0
297080,0
297081,0
297082,0
297083,0
297084,0
297085,0
297086,0
297087,0
297088,0
297089,40
297090,0
297091,0
297092,0
297093,0
297094,0
297095,0
297096,0
297097,0
297098,0
297099,0
297100,0
297101,0
297102,0
297103,0
297104,0
297105,0
297106,27
297107,0
297108,0
297109,0
297110,0
297111,0
297112,0
297113,0
297114,0
297115,0
297116,0
297117,0
297118,0
297119,0
297120,0
297121,0
297122,0
297123,0
297124,0
297125,0
297126,0
297127,0
297128,0
297129,22
297130,11
297131,0
297132,0
297133,0
297134,0
297135,0
297136,0
297137,0
297138,17
297139,0
297140,0
297141,0
297142,0
297143,0
297144,13
297145,25
297146,0
297147,0
297148,0
297149,0
297150,0
297151,0
297152,0
297153,30
297154,0
297155,0
297156,0
297157,0
297158,31
297159,10
297160,0
297161,22
297162,0
297163,0
297164,0
297165,0
297166,0
297167,0
297168,0
297169,0
297170,0
297171,23
297172,0
297173,0
297174,8
297175,0
297176,8
297177,17
297178,0
297179,0
297180,0
297181,0
297182,0
297183,0
297184,0
297185,0
297186,0
297187,0
297188,0
297189,16
297190,17
297191,0
297192,0
297193,0
297194,0
297195,0
297196,0
297197,0
297198,0
297199,0
297200,21
297201,7
297202,14
297203,0
297204,0
297205,24
297206,0
297207,0
297208,0
297209,0
297210,0
297211,0
297212,0
297213,0
297214,0
297215,0
297216,28
297217,0
297218,0
297219,0
297220,13
297221,50
297222,0
297223,13
297224,0
297225,0
297226,0
297227,22
297228,21
297229,0
297230,0
297231,14
297232,0
297233,27
297234,0
297235,0
297236,0
297237,0
297238,0
297239,0
297240,0
297241,19
297242,22
297243,0
297244,0
297245,0
297246,0
297247,0
297248,0
297249,0
297250,0
297251,0
297252,0
297253,0
297254,0
297255,0
297256,22
297257,15
297258,0
297259,0
297260,24
297261,27
297262,0
297263,0
297264,17
297265,0
297266,0
297267,0
297268,23
297269,0
297270,0
297271,0
297272,19
297273,22
297274,0
297275,0
297276,0
297277,0
297278,18
297279,0
297280,26
297281,0
297282,0
297283,0
297284,0
297285,0
297286,0
297287,0
297288,0
297289,17
297290,0
297291,0
297292,0
297293,0
297294,0
297295,0
297296,13
297297,0
297298,0
297299,0
297300,0
297301,14
297302,0
297303,0
297304,0
297305,0
297306,0
297307,17
297308,0
297309,0
297310,0
297311,18
297312,23
297313,0
297314,0
297315,10
297316,0
297317,0
297318,0
297319,0
297320,0
297321,0
297322,0
297323,0
297324,0
297325,0
297326,0
297327,0
297328,0
297329,0
297330,0
297331,0
297332,16
297333,0
297334,0
297335,0
297336,0
297337,0
297338,0
297339,17
297340,0
297341,0
297342,0
297343,17
297344,0
297345,0
297346,16
297347,0
297348,0
297349,0
297350,0
297351,29
297352,0
297353,18
297354,0
297355,0
297356,0
297357,0
297358,0
297359,0
297360,0
297361,0
297362,0
297363,0
297364,0
297365,0
297366,0
297367,0
297368,0
297369,0
297370,20
297371,0
297372,0
297373,0
297374,0
297375,0
297376,0
297377,26
297378,0
297379,0
297380,0
297381,0
297382,0
297383,0
297384,0
297385,0
297386,0
297387,0
297388,0
297389,0
297390,0
297391,0
297392,10
297393,0
297394,23
297395,0
297396,0
297397,0
297398,0
297399,0
297400,21
297401,0
297402,22
297403,17
297404,0
297405,22
297406,0
297407,0
297408,0
297409,0
297410,0
297411,0
297412,0
297413,31
297414,0
297415,0
297416,26
297417,0
297418,0
297419,0
297420,0
297421,0
297422,0
297423,19
297424,0
297425,0
297426,22
297427,0
297428,0
297429,0
297430,41
297431,29
297432,0
297433,0
297434,0
297435,17
297436,0
297437,0
297438,0
297439,0
297440,0
297441,0
297442,0
297443,0
297444,0
297445,0
297446,0
297447,0
297448,0
297449,0
297450,0
297451,0
297452,0
297453,0
297454,0
297455,0
297456,0
297457,0
297458,0
297459,0
297460,0
297461,0
297462,15
297463,0
297464,0
297465,0
297466,0
297467,27
297468,0
297469,0
297470,0
297471,0
297472,0
297473,0
297474,0
297475,0
297476,0
297477,0
297478,0
297479,0
297480,0
297481,0
297482,0
297483,30
297484,0
297485,0
297486,19
297487,0
297488,0
297489,0
297490,16
297491,0
297492,0
297493,0
297494,20
297495,25
297496,0
297497,41
297498,0
297499,0
297500,12
297501,0
297502,0
297503,0
297504,22
297505,0
297506,17
297507,0
297508,0
297509,0
297510,0
297511,0
297512,11
297513,0
297514,0
297515,17
297516,0
297517,0
297518,0
297519,9
297520,0
297521,0
297522,0
297523,0
297524,29
297525,12
297526,0
297527,0
297528,0
297529,0
297530,31
297531,0
297532,19
297533,0
297534,0
297535,0
297536,0
297537,0
297538,22
297539,42
297540,0
297541,0
297542,0
297543,0
297544,0
297545,0
297546,0
297547,0
297548,0
297549,0
297550,0
297551,30
297552,25
297553,21
297554,0
297555,0
297556,33
297557,0
297558,27
297559,0
297560,0
297561,0
297562,0
297563,0
297564,14
297565,0
297566,18
297567,0
297568,0
297569,0
297570,0
297571,0
297572,15
297573,0
297574,0
297575,0
297576,0
297577,30
297578,0
297579,0
297580,25
297581,0
297582,0
297583,34
297584,0
297585,0
297586,0
297587,13
297588,0
297589,0
297590,0
297591,26
297592,0
297593,0
297594,0
297595,17
297596,0
297597,0
297598,50
297599,0
297600,24
297601,0
297602,0
297603,0
297604,0
297605,0
297606,0
297607,0
297608,0
297609,0
297610,0
297611,31
297612,0
297613,0
297614,0
297615,0
297616,0
297617,0
297618,0
297619,18
297620,0
297621,0
297622,0
297623,0
297624,0
297625,0
297626,0
297627,0
297628,0
297629,0
297630,0
297631,0
297632,25
297633,12
297634,0
297635,13
297636,0
297637,0
297638,18
297639,20
297640,22
297641,0
297642,0
297643,0
297644,0
297645,0
297646,0
297647,0
297648,0
297649,0
297650,0
297651,0
297652,27
297653,0
297654,0
297655,0
297656,13
297657,0
297658,0
297659,0
297660,24
297661,0
297662,0
297663,0
297664,0
297665,0
297666,0
297667,0
297668,23
297669,0
297670,0
297671,0
297672,0
297673,0
297674,21
297675,0
297676,0
297677,0
297678,0
297679,0
297680,0
297681,0
297682,0
297683,0
297684,0
297685,21
297686,0
297687,0
297688,0
297689,0
297690,0
297691,0
297692,19
297693,17
297694,22
297695,0
297696,0
297697,0
297698,26
297699,29
297700,0
297701,0
297702,0
297703,0
297704,22
297705,0
297706,0
297707,0
297708,0
297709,0
297710,0
297711,30
297712,0
297713,0
297714,25
297715,0
297716,0
297717,0
297718,29
297719,0
297720,0
297721,0
297722,0
297723,0
297724,0
297725,0
297726,0
297727,0
297728,31
297729,34
297730,0
297731,0
297732,0
297733,0
297734,0
297735,0
297736,0
297737,0
297738,23
297739,0
297740,14
297741,0
297742,29
297743,25
297744,0
297745,29
297746,0
297747,0
297748,0
297749,0
297750,0
297751,0
297752,0
297753,0
297754,0
297755,24
297756,0
297757,0
297758,0
297759,0
297760,0
297761,0
297762,0
297763,12
297764,0
297765,21
297766,0
297767,0
297768,0
297769,0
297770,0
297771,0
297772,0
297773,0
297774,0
297775,0
297776,0
297777,27
297778,0
297779,0
297780,0
297781,16
297782,0
297783,21
297784,0
297785,26
297786,0
297787,0
297788,0
297789,0
297790,0
297791,0
297792,0
297793,0
297794,28
297795,0
297796,0
297797,0
297798,0
297799,0
297800,0
297801,26
297802,0
297803,0
297804,0
297805,22
297806,0
297807,11
297808,0
297809,0
297810,0
297811,0
297812,0
297813,0
297814,0
297815,0
297816,0
297817,0
297818,0
297819,0
297820,0
297821,0
297822,0
297823,0
297824,0
297825,0
297826,0
297827,0
297828,0
297829,0
297830,0
297831,21
297832,0
297833,0
297834,0
297835,0
297836,27
297837,20
297838,0
297839,0
297840,0
297841,0
297842,0
297843,0
297844,18
297845,11
297846,0
297847,0
297848,0
297849,0
297850,0
297851,0
297852,0
297853,0
297854,0
297855,15
297856,0
297857,0
297858,16
297859,0
297860,0
297861,0
297862,0
297863,0
297864,0
297865,21
297866,0
297867,44
297868,0
297869,23
297870,0
297871,20
297872,0
297873,0
297874,20
297875,0
297876,0
297877,0
297878,0
297879,0
297880,0
297881,0
297882,0
297883,0
297884,0
297885,0
297886,0
297887,0
297888,0
297889,0
297890,0
297891,0
297892,0
297893,0
297894,0
297895,0
297896,0
297897,22
297898,0
297899,30
297900,18
297901,0
297902,29
297903,0
297904,0
297905,0
297906,0
297907,0
297908,0
297909,0
297910,0
297911,0
297912,0
297913,0
297914,26
297915,0
297916,0
297917,19
297918,0
297919,0
297920,0
297921,19
297922,23
297923,0
297924,0
297925,20
297926,0
297927,23
297928,0
297929,7
297930,0
297931,0
297932,0
297933,0
297934,0
297935,24
297936,0
297937,0
297938,0
297939,0
297940,0
297941,17
297942,0
297943,0
297944,0
297945,0
297946,0
297947,0
297948,0
297949,0
297950,0
297951,0
297952,0
297953,0
297954,28
297955,0
297956,0
297957,0
297958,21
297959,0
297960,0
297961,0
297962,0
297963,0
297964,23
297965,0
297966,0
297967,0
297968,24
297969,0
297970,0
297971,22
297972,0
297973,0
297974,0
297975,0
297976,0
297977,0
297978,0
297979,0
297980,0
297981,0
297982,0
297983,0
297984,0
297985,0
297986,0
297987,0
297988,0
297989,0
297990,28
297991,0
297992,0
297993,0
297994,0
297995,0
297996,0
297997,18
297998,0
297999,0
298000,0
298001,0
298002,0
298003,0
298004,0
298005,0
298006,0
298007,0
298008,0
298009,0
298010,23
298011,0
298012,0
298013,0
298014,0
298015,0
298016,17
298017,0
298018,27
298019,0
298020,0
298021,0
298022,0
298023,0
298024,0
298025,0
298026,0
298027,0
298028,0
298029,0
298030,0
298031,0
298032,0
298033,0
298034,31
298035,0
298036,0
298037,0
298038,0
298039,0
298040,0
298041,0
298042,0
298043,0
298044,0
298045,0
298046,0
298047,0
298048,0
298049,14
298050,0
298051,0
298052,0
298053,11
298054,0
298055,0
298056,0
298057,0
298058,0
298059,15
298060,0
298061,12
298062,0
298063,0
298064,0
298065,0
298066,0
298067,13
298068,0
298069,0
298070,17
298071,13
298072,0
298073,20
298074,0
298075,0
298076,0
298077,0
298078,0
298079,16
298080,0
298081,0
298082,0
298083,0
298084,0
298085,0
298086,0
298087,0
298088,0
298089,0
298090,0
298091,0
298092,0
298093,0
298094,0
298095,0
298096,0
298097,0
298098,0
298099,0
298100,25
298101,0
298102,0
298103,0
298104,0
298105,0
298106,0
298107,16
298108,0
298109,0
298110,0
298111,0
298112,31
298113,0
298114,0
298115,13
298116,0
298117,0
298118,0
298119,0
298120,0
298121,0
298122,17
298123,0
298124,0
298125,0
298126,0
298127,0
298128,24
298129,0
298130,20
298131,0
298132,0
298133,0
298134,0
298135,0
298136,0
298137,0
298138,0
298139,0
298140,0
298141,0
298142,0
298143,37
298144,0
298145,0
298146,0
298147,0
298148,0
298149,0
298150,0
298151,0
298152,22
298153,0
298154,0
298155,0
298156,0
298157,0
298158,0
298159,0
298160,0
298161,0
298162,0
298163,0
298164,0
298165,0
298166,16
298167,0
298168,0
298169,0
298170,0
298171,0
298172,29
298173,0
298174,0
298175,0
298176,0
298177,0
298178,0
298179,19
298180,0
298181,0
298182,0
298183,13
298184,0
298185,0
298186,0
298187,29
298188,0
298189,0
298190,0
298191,0
298192,0
298193,0
298194,0
298195,0
298196,0
298197,18
298198,0
298199,0
298200,0
298201,0
298202,19
298203,32
298204,0
298205,32
298206,0
298207,19
298208,0
298209,0
298210,0
298211,0
298212,0
298213,0
298214,0
298215,0
298216,0
298217,0
298218,0
298219,0
298220,0
298221,0
298222,0
298223,0
298224,0
298225,0
298226,0
298227,0
298228,0
298229,0
298230,0
298231,0
298232,0
298233,0
298234,0
298235,0
298236,23
298237,0
298238,0
298239,0
298240,15
298241,0
298242,0
298243,0
298244,0
298245,0
298246,0
298247,0
298248,0
298249,0
298250,0
298251,0
298252,0
298253,0
298254,0
298255,29
298256,0
298257,0
298258,0
298259,30
298260,0
298261,0
298262,0
298263,0
298264,28
298265,18
298266,20
298267,34
298268,0
298269,0
298270,0
298271,0
298272,0
298273,0
298274,0
298275,16
298276,19
298277,0
298278,0
298279,0
298280,12
298281,0
298282,0
298283,0
298284,0
298285,0
298286,0
298287,0
298288,20
298289,0
298290,0
298291,0
298292,0
298293,0
298294,0
298295,18
298296,0
298297,0
298298,0
298299,0
298300,0
298301,0
298302,0
298303,0
298304,11
298305,18
298306,0
298307,0
298308,0
298309,0
298310,0
298311,0
298312,0
298313,0
298314,0
298315,0
298316,0
298317,0
298318,0
298319,0
298320,0
298321,0
298322,23
298323,0
298324,0
298325,0
298326,0
298327,19
298328,0
298329,11
298330,0
298331,0
298332,0
298333,15
298334,0
298335,17
298336,0
298337,0
298338,21
298339,0
298340,0
298341,0
298342,0
298343,0
298344,0
298345,0
298346,0
298347,0
298348,0
298349,0
298350,0
298351,0
298352,0
298353,0
298354,18
298355,0
298356,0
298357,0
298358,0
298359,0
298360,0
298361,18
298362,0
298363,0
298364,24
298365,0
298366,24
298367,19
298368,0
298369,14
298370,0
298371,0
298372,0
298373,0
298374,0
298375,0
298376,0
298377,0
298378,0
298379,0
298380,0
298381,0
298382,8
298383,0
298384,0
298385,0
298386,0
298387,0
298388,0
298389,0
298390,0
298391,0
298392,0
298393,0
298394,0
298395,0
298396,19
298397,0
298398,0
298399,9
298400,0
298401,0
298402,0
298403,0
298404,0
298405,21
298406,0
298407,0
298408,12
298409,0
298410,0
298411,0
298412,0
298413,0
298414,0
298415,0
298416,0
298417,17
298418,0
298419,0
298420,0
298421,0
298422,0
298423,0
298424,0
298425,17
298426,0
298427,19
298428,0
298429,0
298430,0
298431,0
298432,0
298433,0
298434,0
298435,10
298436,0
298437,0
298438,0
298439,42
298440,0
298441,0
298442,0
298443,0
298444,22
298445,0
298446,26
298447,0
298448,0
298449,0
298450,0
298451,0
298452,0
298453,0
298454,0
298455,0
298456,0
298457,0
298458,0
298459,0
298460,15
298461,0
298462,0
298463,0
298464,0
298465,17
298466,0
298467,19
298468,0
298469,0
298470,0
298471,0
298472,0
298473,0
298474,0
298475,0
298476,0
298477,0
298478,0
298479,0
298480,0
298481,0
298482,0
298483,0
298484,0
298485,0
298486,0
298487,14
298488,0
298489,0
298490,0
298491,29
298492,16
298493,0
298494,0
298495,32
298496,0
298497,23
298498,0
298499,0
298500,0
298501,0
298502,0
298503,0
298504,0
298505,0
298506,0
298507,0
298508,0
298509,0
298510,0
298511,0
298512,0
298513,0
298514,0
298515,0
298516,0
298517,0
298518,0
298519,0
298520,0
298521,0
298522,0
298523,29
298524,0
298525,0
298526,0
298527,0
298528,0
298529,0
298530,0
298531,0
298532,0
298533,0
298534,0
298535,28
298536,0
298537,0
298538,0
298539,0
298540,0
298541,0
298542,23
298543,34
298544,0
298545,0
298546,0
298547,17
298548,0
298549,0
298550,0
298551,0
298552,0
298553,0
298554,0
298555,0
298556,0
298557,0
298558,0
298559,0
298560,0
298561,0
298562,0
298563,25
298564,0
298565,34
298566,0
298567,0
298568,14
298569,0
298570,0
298571,0
298572,0
298573,0
298574,15
298575,0
298576,0
298577,0
298578,18
298579,0
298580,0
298581,0
298582,0
298583,0
298584,18
298585,0
298586,0
298587,0
298588,0
298589,0
298590,21
298591,15
298592,0
298593,21
298594,0
298595,0
298596,0
298597,0
298598,0
298599,0
298600,0
298601,0
298602,0
298603,0
298604,0
298605,0
298606,0
298607,0
298608,0
298609,0
298610,16
298611,0
298612,0
298613,0
298614,21
298615,21
298616,0
298617,0
298618,17
298619,0
298620,28
298621,0
298622,0
298623,0
298624,0
298625,0
298626,0
298627,0
298628,0
298629,0
298630,0
298631,12
298632,0
298633,0
298634,0
298635,22
298636,0
298637,0
298638,0
298639,0
298640,0
298641,24
298642,0
298643,0
298644,0
298645,0
298646,0
298647,0
298648,0
298649,0
298650,0
298651,22
298652,0
298653,0
298654,0
298655,0
298656,19
298657,17
298658,0
298659,0
298660,0
298661,0
298662,0
298663,12
298664,0
298665,0
298666,0
298667,28
298668,0
298669,0
298670,0
298671,0
298672,0
298673,0
298674,0
298675,0
298676,0
298677,0
298678,0
298679,0
298680,0
298681,0
298682,0
298683,0
298684,0
298685,0
298686,0
298687,26
298688,0
298689,0
298690,0
298691,25
298692,0
298693,0
298694,0
298695,0
298696,25
298697,0
298698,0
298699,18
298700,0
298701,0
298702,0
298703,0
298704,0
298705,0
298706,20
298707,0
298708,0
298709,0
298710,0
298711,0
298712,0
298713,0
298714,0
298715,0
298716,0
298717,0
298718,0
298719,0
298720,0
298721,0
298722,0
298723,0
298724,0
298725,0
298726,0
298727,0
298728,0
298729,0
298730,0
298731,0
298732,0
298733,0
298734,0
298735,0
298736,16
298737,0
298738,0
298739,0
298740,0
298741,0
298742,0
298743,0
298744,0
298745,24
298746,34
298747,0
298748,0
298749,0
298750,0
298751,14
298752,0
298753,0
298754,22
298755,0
298756,0
298757,0
298758,20
298759,0
298760,0
298761,0
298762,0
298763,0
298764,0
298765,0
298766,0
298767,0
298768,0
298769,0
298770,16
298771,0
298772,0
298773,0
298774,0
298775,0
298776,0
298777,0
298778,0
298779,0
298780,14
298781,0
298782,0
298783,0
298784,0
298785,0
298786,0
298787,0
298788,0
298789,0
298790,0
298791,0
298792,21
298793,0
298794,0
298795,0
298796,0
298797,15
298798,0
298799,0
298800,0
298801,0
298802,0
298803,0
298804,0
298805,0
298806,0
298807,0
298808,0
298809,0
298810,0
298811,0
298812,0
298813,0
298814,22
298815,0
298816,0
298817,0
298818,0
298819,0
298820,0
298821,0
298822,0
298823,0
298824,0
298825,0
298826,0
298827,30
298828,0
298829,0
298830,0
298831,0
298832,0
298833,0
298834,0
298835,15
298836,0
298837,0
298838,0
298839,0
298840,0
298841,0
298842,0
298843,0
298844,0
298845,0
298846,0
298847,0
298848,0
298849,0
298850,0
298851,0
298852,11
298853,0
298854,0
298855,0
298856,0
298857,0
298858,0
298859,0
298860,0
298861,0
298862,0
298863,0
298864,0
298865,0
298866,0
298867,0
298868,21
298869,0
298870,0
298871,0
298872,0
298873,0
298874,0
298875,0
298876,20
298877,0
298878,0
298879,0
298880,0
298881,0
298882,0
298883,0
298884,0
298885,0
298886,0
298887,0
298888,0
298889,0
298890,0
298891,0
298892,0
298893,0
298894,0
298895,0
298896,0
298897,0
298898,0
298899,0
298900,0
298901,17
298902,0
298903,0
298904,0
298905,0
298906,0
298907,0
298908,0
298909,0
298910,0
298911,0
298912,0
298913,0
298914,0
298915,0
298916,0
298917,0
298918,0
298919,0
298920,0
298921,0
298922,0
298923,0
298924,22
298925,0
298926,0
298927,0
298928,0
298929,0
298930,34
298931,0
298932,0
298933,0
298934,0
298935,0
298936,0
298937,0
298938,0
298939,0
298940,0
298941,0
298942,23
298943,0
298944,0
298945,0
298946,0
298947,0
298948,0
298949,0
298950,0
298951,0
298952,0
298953,0
298954,0
298955,0
298956,0
298957,0
298958,0
298959,29
298960,0
298961,0
298962,0
298963,0
298964,0
298965,0
298966,0
298967,0
298968,0
298969,0
298970,0
298971,0
298972,0
298973,0
298974,16
298975,0
298976,0
298977,19
298978,0
298979,0
298980,0
298981,0
298982,0
298983,0
298984,0
298985,0
298986,0
298987,0
298988,0
298989,0
298990,0
298991,0
298992,21
298993,0
298994,0
298995,0
298996,0
298997,0
298998,0
298999,16
299000,0
299001,22
299002,0
299003,0
299004,0
299005,0
299006,19
299007,0
299008,0
299009,0
299010,0
299011,0
299012,16
299013,0
299014,0
299015,0
299016,0
299017,0
299018,0
299019,0
299020,0
299021,0
299022,0
299023,0
299024,0
299025,0
299026,0
299027,28
299028,0
299029,0
299030,0
299031,0
299032,0
299033,0
299034,0
299035,0
299036,0
299037,0
299038,0
299039,15
299040,0
299041,0
299042,0
299043,0
299044,0
299045,0
299046,0
299047,0
299048,0
299049,0
299050,0
299051,16
299052,0
299053,0
299054,0
299055,0
299056,0
299057,0
299058,0
299059,0
299060,0
299061,0
299062,0
299063,0
299064,0
299065,0
299066,0
299067,0
299068,0
299069,0
299070,0
299071,0
299072,0
299073,0
299074,0
299075,0
299076,0
299077,0
299078,27
299079,0
299080,0
299081,0
299082,0
299083,0
299084,0
299085,0
299086,0
299087,0
299088,0
299089,0
299090,0
299091,0
299092,0
299093,0
299094,0
299095,0
299096,0
299097,0
299098,0
299099,0
299100,0
299101,0
299102,0
299103,21
299104,0
299105,0
299106,0
299107,0
299108,0
299109,0
299110,0
299111,26
299112,0
299113,0
299114,0
299115,0
299116,0
299117,0
299118,0
299119,0
299120,0
299121,0
299122,0
299123,0
299124,29
299125,0
299126,0
299127,0
299128,0
299129,0
299130,0
299131,0
299132,0
299133,0
299134,0
299135,0
299136,0
299137,0
299138,0
299139,0
299140,0
299141,0
299142,0
299143,0
299144,0
299145,26
299146,0
299147,0
299148,0
299149,0
299150,0
299151,0
299152,0
299153,0
299154,0
299155,0
299156,0
299157,0
299158,0
299159,0
299160,0
299161,0
299162,0
299163,0
299164,0
299165,0
299166,0
299167,0
299168,0
299169,0
299170,0
299171,0
299172,0
299173,0
299174,0
299175,0
299176,0
299177,0
299178,0
299179,0
299180,0
299181,0
299182,0
299183,0
299184,0
299185,0
299186,21
299187,0
299188,0
299189,0
299190,19
299191,0
299192,0
299193,0
299194,0
299195,0
299196,0
299197,0
299198,0
299199,0
299200,0
299201,0
299202,0
299203,0
299204,0
299205,0
299206,0
299207,0
299208,0
299209,0
299210,0
299211,0
299212,0
299213,0
299214,0
299215,0
299216,0
299217,0
299218,0
299219,0
299220,0
299221,0
299222,0
299223,0
299224,0
299225,0
299226,0
299227,0
299228,0
299229,0
299230,0
299231,0
299232,0
299233,0
299234,0
299235,0
299236,0
299237,0
299238,0
299239,0
299240,0
299241,0
299242,0
299243,0
299244,0
299245,0
299246,0
299247,0
299248,0
299249,0
299250,0
299251,0
299252,14
299253,0
299254,19
299255,0
299256,0
299257,0
299258,0
299259,0
299260,0
299261,0
299262,0
299263,0
299264,0
299265,0
299266,0
299267,0
299268,0
299269,24
299270,0
299271,0
299272,0
299273,0
299274,0
299275,23
299276,0
299277,0
299278,0
299279,0
299280,0
299281,0
299282,0
299283,0
299284,0
299285,0
299286,0
299287,0
299288,0
299289,0
299290,0
299291,0
299292,31
299293,0
299294,0
299295,0
299296,0
299297,0
299298,0
299299,0
299300,0
299301,0
299302,0
299303,18
299304,0
299305,0
299306,0
299307,19
299308,0
299309,0
299310,0
299311,0
299312,0
299313,0
299314,0
299315,0
299316,0
299317,0
299318,0
299319,0
299320,0
299321,0
299322,0
299323,0
299324,0
299325,0
299326,0
299327,0
299328,0
299329,11
299330,0
299331,0
299332,0
299333,0
299334,0
299335,0
299336,0
299337,0
299338,0
299339,0
299340,0
299341,0
299342,0
299343,0
299344,0
299345,0
299346,0
299347,0
299348,0
299349,0
299350,0
299351,15
299352,0
299353,0
299354,0
299355,0
299356,0
299357,0
299358,0
299359,0
299360,0
299361,22
299362,0
299363,0
299364,0
299365,0
299366,0
299367,0
299368,0
299369,0
299370,0
299371,0
299372,0
299373,0
299374,0
299375,0
299376,17
299377,0
299378,0
299379,15
299380,0
299381,0
299382,0
299383,0
299384,0
299385,0
299386,0
299387,0
299388,0
299389,0
299390,0
299391,0
299392,0
299393,0
299394,0
299395,0
299396,0
299397,0
299398,0
299399,0
299400,0
299401,19
299402,0
299403,0
299404,0
299405,0
299406,0
299407,0
299408,0
299409,0
299410,20
299411,0
299412,0
299413,0
299414,0
299415,0
299416,0
299417,0
299418,0
299419,0
299420,0
299421,0
299422,0
299423,0
299424,0
299425,0
299426,0
299427,0
299428,23
299429,0
299430,0
299431,0
299432,22
299433,0
299434,0
299435,0
299436,0
299437,0
299438,15
299439,0
299440,0
299441,0
299442,24
299443,0
299444,0
299445,0
299446,0
299447,0
299448,0
299449,0
299450,0
299451,0
299452,0
299453,0
299454,0
299455,0
299456,0
299457,0
299458,0
299459,0
299460,0
299461,0
299462,0
299463,0
299464,0
299465,0
299466,0
299467,0
299468,0
299469,0
299470,0
299471,26
299472,35
299473,0
299474,0
299475,0
299476,0
299477,0
299478,0
299479,0
299480,0
299481,0
299482,0
299483,0
299484,0
299485,0
299486,0
299487,0
299488,0
299489,0
299490,0
299491,0
299492,0
299493,0
299494,0
299495,0
299496,16
299497,0
299498,0
299499,0
299500,0
299501,0
299502,17
299503,0
299504,0
299505,0
299506,22
299507,0
299508,0
299509,0
299510,29
299511,0
299512,0
299513,0
299514,0
299515,0
299516,0
299517,0
299518,0
299519,0
299520,0
299521,0
299522,0
299523,0
299524,0
299525,0
299526,0
299527,0
299528,0
299529,0
299530,0
299531,26
299532,0
299533,0
299534,0
299535,0
299536,0
299537,0
299538,0
299539,0
299540,0
299541,0
299542,0
299543,0
299544,0
299545,0
299546,0
299547,0
299548,23
299549,0
299550,0
299551,0
299552,17
299553,0
299554,0
299555,0
299556,0
299557,0
299558,0
299559,0
299560,0
299561,0
299562,0
299563,0
299564,0
299565,0
299566,0
299567,0
299568,0
299569,18
299570,0
299571,25
299572,0
299573,0
299574,0
299575,0
299576,0
299577,0
299578,32
299579,0
299580,0
299581,0
299582,0
299583,0
299584,0
299585,0
299586,0
299587,0
299588,0
299589,0
299590,0
299591,0
299592,0
299593,0
299594,0
299595,0
299596,0
299597,0
299598,0
299599,0
299600,0
299601,0
299602,0
299603,0
299604,0
299605,0
299606,0
299607,32
299608,0
299609,12
299610,0
299611,19
299612,0
299613,0
299614,0
299615,0
299616,0
299617,0
299618,0
299619,0
299620,0
299621,0
299622,0
299623,0
299624,21
299625,0
299626,0
299627,0
299628,0
299629,27
299630,0
299631,0
299632,0
299633,38
299634,0
299635,0
299636,0
299637,0
299638,0
299639,0
299640,44
299641,0
299642,0
299643,36
299644,0
299645,0
299646,0
299647,0
299648,0
299649,39
299650,0
299651,0
299652,0
299653,0
299654,0
299655,0
299656,0
299657,0
299658,0
299659,0
299660,0
299661,30
299662,0
299663,0
299664,0
299665,0
299666,0
299667,37
299668,0
299669,0
299670,24
299671,0
299672,0
299673,26
299674,29
299675,28
299676,0
299677,0
299678,0
299679,47
299680,0
299681,0
299682,0
299683,0
299684,0
299685,0
299686,38
299687,0
299688,0
299689,0
299690,0
299691,0
299692,0
299693,49
299694,0
299695,0
299696,0
299697,0
299698,0
299699,0
299700,0
299701,40
299702,0
299703,0
299704,0
299705,43
299706,30
299707,0
299708,0
299709,0
299710,0
299711,0
299712,0
299713,0
299714,0
299715,0
299716,0
299717,0
299718,0
299719,0
299720,0
299721,0
299722,0
299723,0
299724,0
299725,53
299726,0
299727,0
299728,0
299729,0
299730,0
299731,0
299732,0
299733,0
299734,0
299735,0
299736,0
299737,0
299738,38
299739,0
299740,51
299741,61
299742,22
299743,0
299744,47
299745,0
299746,0
299747,0
299748,0
299749,0
299750,0
299751,42
299752,0
299753,0
299754,0
299755,0
299756,0
299757,0
299758,0
299759,0
299760,0
299761,0
299762,0
299763,0
299764,0
299765,0
299766,43
299767,0
299768,0
299769,0
299770,0
299771,0
299772,0
299773,0
299774,0
299775,0
299776,0
299777,0
299778,0
299779,0
299780,0
299781,0
299782,35
299783,0
299784,0
299785,0
299786,0
299787,30
299788,0
299789,0
299790,0
299791,0
299792,0
299793,36
299794,0
299795,0
299796,24
299797,0
299798,0
299799,0
299800,0
299801,0
299802,0
299803,55
299804,0
299805,0
299806,0
299807,0
299808,50
299809,0
299810,0
299811,0
299812,0
299813,0
299814,0
299815,0
299816,35
299817,0
299818,0
299819,0
299820,0
299821,0
299822,0
299823,49
299824,0
299825,0
299826,0
299827,39
299828,0
299829,0
299830,0
299831,0
299832,0
299833,0
299834,0
299835,0
299836,0
299837,0
299838,0
299839,0
299840,0
299841,0
299842,46
299843,0
299844,0
299845,34
299846,0
299847,0
299848,0
299849,0
299850,42
299851,0
299852,0
299853,0
299854,0
299855,0
299856,0
299857,0
299858,0
299859,0
299860,35
299861,0
299862,0
299863,0
299864,0
299865,0
299866,0
299867,42
299868,45
299869,0
299870,42
299871,0
299872,29
299873,0
299874,0
299875,0
299876,39
299877,0
299878,0
299879,0
299880,0
299881,0
299882,0
299883,0
299884,0
299885,0
299886,0
299887,0
299888,0
299889,21
299890,0
299891,0
299892,0
299893,0
299894,0
299895,51
299896,0
299897,0
299898,0
299899,0
299900,0
299901,0
299902,0
299903,0
299904,0
299905,0
299906,22
299907,0
299908,0
299909,28
299910,0
299911,0
299912,48
299913,0
299914,0
299915,13
299916,0
299917,0
299918,0
299919,0
299920,0
299921,0
299922,48
299923,0
299924,0
299925,0
299926,0
299927,0
299928,0
299929,44
299930,36
299931,0
299932,0
299933,0
299934,0
299935,0
299936,0
299937,0
299938,0
299939,0
299940,0
299941,0
299942,0
299943,0
299944,0
299945,0
299946,0
299947,28
299948,0
299949,0
299950,0
299951,0
299952,26
299953,0
299954,0
299955,0
299956,0
299957,0
299958,16
299959,0
299960,0
299961,30
299962,0
299963,0
299964,0
299965,0
299966,0
299967,0
299968,0
299969,0
299970,0
299971,26
299972,0
299973,0
299974,0
299975,0
299976,0
299977,30
299978,0
299979,34
299980,0
299981,0
299982,0
299983,0
299984,23
299985,0
299986,0
299987,49
299988,0
299989,0
299990,0
299991,0
299992,0
299993,0
299994,0
299995,0
299996,0
299997,0
299998,0
299999,30
300000,0
300001,0
300002,0
300003,12
300004,0
300005,0
300006,17
300007,0
300008,0
300009,0
300010,0
300011,0
300012,0
300013,0
300014,0
300015,0
300016,0
300017,23
300018,41
300019,0
300020,0
300021,0
300022,0
300023,0
300024,0
300025,0
300026,0
300027,0
300028,0
300029,0
300030,0
300031,0
300032,0
300033,50
300034,0
300035,0
300036,0
300037,0
300038,0
300039,0
300040,0
300041,26
300042,0
300043,0
300044,0
300045,0
300046,0
300047,0
300048,0
300049,0
300050,0
300051,0
300052,0
300053,41
300054,0
300055,0
300056,0
300057,0
300058,30
300059,0
300060,0
300061,32
300062,0
300063,0
300064,0
300065,0
300066,0
300067,0
300068,0
300069,0
300070,0
300071,0
300072,0
300073,0
300074,0
300075,0
300076,0
300077,0
300078,0
300079,0
300080,0
300081,0
300082,0
300083,0
300084,0
300085,0
300086,0
300087,0
300088,0
300089,0
300090,0
300091,0
300092,0
300093,0
300094,0
300095,0
300096,0
300097,0
300098,0
300099,0
300100,0
300101,39
300102,0
300103,0
300104,0
300105,0
300106,0
300107,0
300108,0
300109,0
300110,16
300111,55
300112,0
300113,0
300114,0
300115,19
300116,0
300117,0
300118,0
300119,0
300120,0
300121,0
300122,0
300123,0
300124,0
300125,0
300126,0
300127,0
300128,0
300129,0
300130,0
300131,0
300132,0
300133,0
300134,0
300135,0
300136,0
300137,0
300138,0
300139,0
300140,0
300141,0
300142,0
300143,0
300144,0
300145,0
300146,0
300147,0
300148,0
300149,0
300150,0
300151,0
300152,0
300153,0
300154,0
300155,0
300156,52
300157,0
300158,15
300159,0
300160,44
300161,0
300162,0
300163,0
300164,0
300165,0
300166,41
300167,0
300168,0
300169,0
300170,0
300171,0
300172,0
300173,0
300174,0
300175,0
300176,0
300177,0
300178,0
300179,0
300180,0
300181,0
300182,0
300183,0
300184,0
300185,0
300186,0
300187,0
300188,25
300189,0
300190,0
300191,25
300192,0
300193,0
300194,0
300195,0
300196,23
300197,0
300198,0
300199,0
300200,0
300201,0
300202,0
300203,0
300204,0
300205,0
300206,45
300207,0
300208,0
300209,0
300210,0
300211,0
300212,31
300213,0
300214,0
300215,0
300216,0
300217,0
300218,0
300219,0
300220,0
300221,0
300222,0
300223,0
300224,0
300225,0
300226,0
300227,0
300228,0
300229,0
300230,0
300231,0
300232,0
300233,0
300234,0
300235,0
300236,0
300237,0
300238,0
300239,0
300240,0
300241,0
300242,0
300243,0
300244,0
300245,0
300246,0
300247,0
300248,0
300249,0
300250,0
300251,0
300252,0
300253,0
300254,0
300255,0
300256,0
300257,0
300258,0
300259,0
300260,14
300261,0
300262,0
300263,33
300264,0
300265,0
300266,0
300267,20
300268,0
300269,0
300270,0
300271,0
300272,0
300273,0
300274,0
300275,0
300276,0
300277,0
300278,0
300279,0
300280,0
300281,0
300282,0
300283,0
300284,0
300285,0
300286,0
300287,0
300288,0
300289,0
300290,0
300291,0
300292,0
300293,0
300294,0
300295,0
300296,0
300297,0
300298,0
300299,35
300300,0
300301,0
300302,0
300303,0
300304,0
300305,14
300306,0
300307,0
300308,0
300309,0
300310,0
300311,0
300312,0
300313,0
300314,0
300315,0
300316,0
300317,0
300318,0
300319,25
300320,0
300321,0
300322,0
300323,0
300324,0
300325,0
300326,0
300327,0
300328,0
300329,0
300330,0
300331,0
300332,15
300333,0
300334,18
300335,0
300336,0
300337,0
300338,28
300339,20
300340,0
300341,0
300342,0
300343,0
300344,0
300345,0
300346,0
300347,0
300348,0
300349,15
300350,0
300351,0
300352,0
300353,0
300354,0
300355,0
300356,0
300357,31
300358,0
300359,0
300360,0
300361,10
300362,0
300363,0
300364,0
300365,0
300366,0
300367,0
300368,0
300369,0
300370,0
300371,0
300372,0
300373,0
300374,0
300375,0
300376,0
300377,0
300378,0
300379,0
300380,0
300381,0
300382,0
300383,0
300384,0
300385,0
300386,0
300387,10
300388,0
300389,0
300390,0
300391,0
300392,0
300393,0
300394,0
300395,0
300396,0
300397,0
300398,0
300399,0
300400,0
300401,48
300402,0
300403,0
300404,0
300405,0
300406,0
300407,0
300408,0
300409,0
300410,0
300411,0
300412,0
300413,0
300414,0
300415,0
300416,0
300417,0
300418,0
300419,0
300420,40
300421,0
300422,0
300423,0
300424,0
300425,0
300426,39
300427,0
300428,0
300429,0
300430,0
300431,0
300432,0
300433,0
300434,0
300435,0
300436,0
300437,0
300438,0
300439,0
300440,0
300441,0
300442,0
300443,0
300444,0
300445,0
300446,0
300447,0
300448,31
300449,0
300450,0
300451,0
300452,0
300453,0
300454,0
300455,0
300456,0
300457,41
300458,0
300459,0
300460,0
300461,0
300462,0
300463,0
300464,0
300465,0
300466,0
300467,0
300468,0
300469,0
300470,0
300471,0
300472,0
300473,0
300474,0
300475,0
300476,0
300477,0
300478,0
300479,27
300480,0
300481,0
300482,0
300483,0
300484,0
300485,24
300486,0
300487,0
300488,0
300489,46
300490,0
300491,0
300492,0
300493,0
300494,0
300495,0
300496,0
300497,0
300498,0
300499,0
300500,0
300501,0
300502,0
300503,0
300504,0
300505,0
300506,0
300507,25
300508,0
300509,0
300510,0
300511,0
300512,0
300513,0
300514,0
300515,0
300516,0
300517,0
300518,0
300519,0
300520,0
300521,0
300522,0
300523,52
300524,27
300525,0
300526,0
300527,0
300528,0
300529,0
300530,0
300531,0
300532,0
300533,0
300534,0
300535,0
300536,0
300537,29
300538,0
300539,0
300540,0
300541,0
300542,0
300543,0
300544,0
300545,0
300546,0
300547,0
300548,0
300549,0
300550,0
300551,35
300552,0
300553,0
300554,0
300555,27
300556,18
300557,18
300558,21
300559,28
300560,0
300561,0
300562,0
300563,21
300564,0
300565,0
300566,56
300567,6
300568,0
300569,7
300570,0
300571,0
300572,0
300573,0
300574,0
300575,0
300576,0
300577,0
300578,0
300579,0
300580,0
300581,0
300582,0
300583,0
300584,0
300585,0
300586,0
300587,0
300588,0
300589,0
300590,0
300591,18
300592,0
300593,0
300594,0
300595,0
300596,0
300597,0
300598,0
300599,0
300600,8
300601,0
300602,0
300603,0
300604,0
300605,0
300606,0
300607,0
300608,0
300609,7
300610,0
300611,0
300612,0
300613,0
300614,8
300615,10
300616,0
300617,0
300618,3
300619,0
300620,0
300621,0
300622,0
300623,0
300624,0
300625,0
300626,0
300627,0
300628,5
300629,0
300630,6
300631,0
300632,0
300633,0
300634,0
300635,0
300636,0
300637,5
300638,0
300639,0
300640,0
300641,0
300642,6
300643,0
300644,0
300645,0
300646,5
300647,7
300648,0
300649,0
300650,5
300651,0
300652,0
300653,0
300654,0
300655,0
300656,0
300657,7
300658,0
300659,4
300660,6
300661,0
300662,0
300663,0
300664,0
300665,0
300666,0
300667,0
300668,0
300669,0
300670,0
300671,0
300672,0
300673,4
300674,0
300675,0
300676,0
300677,0
300678,0
300679,9
300680,0
300681,5
300682,0
300683,0
300684,5
300685,0
300686,9
300687,0
300688,0
300689,0
300690,0
300691,4
300692,0
300693,0
300694,0
300695,0
300696,8
300697,0
300698,4
300699,0
300700,0
300701,0
300702,0
300703,0
300704,0
300705,0
300706,0
300707,0
300708,0
300709,0
300710,0
300711,0
300712,0
300713,0
300714,0
300715,0
300716,0
300717,10
300718,0
300719,0
300720,0
300721,0
300722,0
300723,0
300724,0
300725,0
300726,9
300727,0
300728,0
300729,0
300730,7
300731,5
300732,0
300733,0
300734,0
300735,6
300736,5
300737,0
300738,0
300739,0
300740,0
300741,5
300742,0
300743,0
300744,11
300745,0
300746,0
300747,0
300748,0
300749,0
300750,0
300751,0
300752,0
300753,6
300754,0
300755,0
300756,7
300757,0
300758,0
300759,0
300760,0
300761,0
300762,0
300763,0
300764,8
300765,0
300766,0
300767,0
300768,0
300769,0
300770,0
300771,0
300772,0
300773,0
300774,5
300775,0
300776,0
300777,0
300778,8
300779,10
300780,8
300781,0
300782,0
300783,4
300784,0
300785,0
300786,0
300787,0
300788,0
300789,0
300790,0
300791,9
300792,4
300793,0
300794,0
300795,0
300796,10
300797,0
300798,0
300799,0
300800,0
300801,0
300802,0
300803,0
300804,0
300805,0
300806,0
300807,0
300808,0
300809,0
300810,0
300811,10
300812,0
300813,0
300814,0
300815,0
300816,0
300817,8
300818,0
300819,0
300820,0
300821,0
300822,0
300823,0
300824,0
300825,7
300826,10
300827,0
300828,0
300829,0
300830,0
300831,0
300832,0
300833,0
300834,0
300835,0
300836,12
300837,0
300838,0
300839,0
300840,0
300841,0
300842,8
300843,0
300844,0
300845,0
300846,0
300847,4
300848,0
300849,0
300850,0
300851,0
300852,0
300853,0
300854,0
300855,0
300856,0
300857,0
300858,0
300859,0
300860,0
300861,0
300862,0
300863,0
300864,0
300865,0
300866,0
300867,0
300868,0
300869,0
300870,0
300871,0
300872,0
300873,0
300874,0
300875,0
300876,0
300877,0
300878,0
300879,0
300880,0
300881,0
300882,0
300883,0
300884,0
300885,0
300886,0
300887,0
300888,0
300889,0
300890,0
300891,0
300892,0
300893,0
300894,0
300895,0
300896,0
300897,6
300898,0
300899,0
300900,0
300901,0
300902,8
300903,0
300904,0
300905,0
300906,0
300907,3
300908,0
300909,0
300910,0
300911,0
300912,0
300913,0
300914,0
300915,0
300916,0
300917,0
300918,15
300919,0
300920,0
300921,0
300922,0
300923,0
300924,9
300925,6
300926,0
300927,0
300928,0
300929,0
300930,0
300931,0
300932,0
300933,3
300934,0
300935,5
300936,0
300937,0
300938,10
300939,0
300940,0
300941,0
300942,0
300943,0
300944,5
300945,0
300946,0
300947,0
300948,0
300949,0
300950,5
300951,0
300952,0
300953,0
300954,0
300955,0
300956,0
300957,0
300958,0
300959,0
300960,9
300961,0
300962,0
300963,0
300964,0
300965,9
300966,0
300967,0
300968,0
300969,0
300970,0
300971,0
300972,0
300973,0
300974,0
300975,7
300976,0
300977,0
300978,0
300979,7
300980,0
300981,0
300982,0
300983,0
300984,0
300985,0
300986,0
300987,0
300988,0
300989,0
300990,8
300991,0
300992,0
300993,0
300994,0
300995,0
300996,0
300997,0
300998,0
300999,0
301000,0
301001,0
301002,0
301003,0
301004,0
301005,0
301006,0
301007,5
301008,0
301009,0
301010,0
301011,0
301012,0
301013,0
301014,0
301015,0
301016,5
301017,0
301018,0
301019,0
301020,3
301021,0
301022,3
301023,0
301024,0
301025,0
301026,0
301027,0
301028,0
301029,6
301030,0
301031,0
301032,0
301033,0
301034,0
301035,3
301036,0
301037,0
301038,0
301039,0
301040,0
301041,0
301042,0
301043,9
301044,0
301045,0
301046,0
301047,0
301048,0
301049,0
301050,8
301051,0
301052,0
301053,10
301054,0
301055,0
301056,0
301057,0
301058,0
301059,9
301060,0
301061,0
301062,0
301063,0
301064,0
301065,0
301066,0
301067,0
301068,0
301069,0
301070,0
301071,0
301072,0
301073,0
301074,0
301075,0
301076,0
301077,0
301078,0
301079,0
301080,0
301081,10
301082,0
301083,0
301084,0
301085,0
301086,0
301087,0
301088,0
301089,0
301090,8
301091,0
301092,0
301093,9
301094,3
301095,0
301096,0
301097,0
301098,0
301099,0
301100,0
301101,0
301102,0
301103,3
301104,4
301105,0
301106,0
301107,1
301108,0
301109,6
301110,0
301111,0
301112,0
301113,0
301114,0
301115,0
301116,7
301117,0
301118,0
301119,4
301120,0
301121,0
301122,0
301123,0
301124,0
301125,0
301126,0
301127,0
301128,0
301129,7
301130,0
301131,0
301132,0
301133,0
301134,0
301135,0
301136,0
301137,0
301138,0
301139,0
301140,0
301141,8
301142,0
301143,0
301144,0
301145,0
301146,0
301147,10
301148,4
301149,0
301150,0
301151,0
301152,0
301153,0
301154,0
301155,0
301156,0
301157,0
301158,0
301159,0
301160,0
301161,4
301162,0
301163,0
301164,0
301165,0
301166,0
301167,0
301168,0
301169,0
301170,0
301171,0
301172,0
301173,6
301174,0
301175,2
301176,0
301177,0
301178,0
301179,0
301180,0
301181,0
301182,0
301183,4
301184,0
301185,0
301186,8
301187,0
301188,0
301189,0
301190,0
301191,0
301192,0
301193,0
301194,0
301195,0
301196,0
301197,0
301198,0
301199,12
301200,0
301201,0
301202,0
301203,0
301204,0
301205,9
301206,9
301207,0
301208,0
301209,0
301210,5
301211,0
301212,0
301213,0
301214,0
301215,0
301216,0
301217,0
301218,0
301219,0
301220,0
301221,0
301222,0
301223,0
301224,0
301225,0
301226,0
301227,0
301228,0
301229,0
301230,0
301231,0
301232,0
301233,6
301234,0
301235,0
301236,0
301237,0
301238,0
301239,0
301240,3
301241,0
301242,0
301243,0
301244,0
301245,0
301246,0
301247,0
301248,0
301249,0
301250,10
301251,0
301252,0
301253,14
301254,0
301255,0
301256,0
301257,5
301258,0
301259,0
301260,2
301261,0
301262,0
301263,0
301264,0
301265,0
301266,0
301267,0
301268,0
301269,2
301270,0
301271,0
301272,4
301273,0
301274,0
301275,0
301276,0
301277,0
301278,0
301279,0
301280,0
301281,0
301282,0
301283,0
301284,0
301285,0
301286,0
301287,0
301288,0
301289,3
301290,0
301291,0
301292,0
301293,0
301294,0
301295,8
301296,0
301297,0
301298,0
301299,0
301300,0
301301,0
301302,0
301303,0
301304,0
301305,0
301306,11
301307,7
301308,0
301309,7
301310,0
301311,7
301312,0
301313,0
301314,0
301315,0
301316,0
301317,0
301318,0
301319,3
301320,0
301321,0
301322,0
301323,0
301324,6
301325,0
301326,0
301327,0
301328,4
301329,0
301330,0
301331,11
301332,0
301333,0
301334,0
301335,2
301336,0
301337,0
301338,0
301339,0
301340,0
301341,0
301342,0
301343,5
301344,0
301345,0
301346,0
301347,0
301348,0
301349,0
301350,0
301351,26
301352,0
301353,0
301354,0
301355,0
301356,0
301357,0
301358,0
301359,0
301360,25
301361,0
301362,31
301363,0
301364,0
301365,0
301366,0
301367,0
301368,0
301369,0
301370,0
301371,0
301372,0
301373,25
301374,0
301375,0
301376,19
301377,0
301378,20
301379,0
301380,0
301381,0
301382,0
301383,0
301384,0
301385,0
301386,0
301387,0
301388,0
301389,37
301390,0
301391,0
301392,0
301393,0
301394,0
301395,0
301396,0
301397,0
301398,0
301399,0
301400,0
301401,0
301402,0
301403,31
301404,0
301405,0
301406,0
301407,0
301408,0
301409,0
301410,0
301411,0
301412,0
301413,0
301414,0
301415,0
301416,0
301417,26
301418,0
301419,0
301420,0
301421,32
301422,0
301423,43
301424,32
301425,19
301426,0
301427,29
301428,0
301429,12
301430,0
301431,0
301432,24
301433,0
301434,0
301435,0
301436,0
301437,0
301438,0
301439,0
301440,32
301441,0
301442,0
301443,0
301444,0
301445,0
301446,0
301447,0
301448,26
301449,0
301450,34
301451,0
301452,0
301453,0
301454,0
301455,0
301456,0
301457,28
301458,0
301459,0
301460,0
301461,0
301462,0
301463,23
301464,0
301465,0
301466,0
301467,0
301468,0
301469,0
301470,0
301471,0
301472,0
301473,31
301474,0
301475,0
301476,0
301477,0
301478,0
301479,0
301480,0
301481,0
301482,0
301483,34
301484,0
301485,0
301486,0
301487,0
301488,33
301489,0
301490,0
301491,29
301492,0
301493,35
301494,0
301495,0
301496,0
301497,0
301498,0
301499,0
301500,0
301501,0
301502,0
301503,0
301504,0
301505,0
301506,0
301507,0
301508,0
301509,0
301510,0
301511,0
301512,17
301513,0
301514,0
301515,0
301516,0
301517,0
301518,0
301519,0
301520,0
301521,0
301522,27
301523,0
301524,0
301525,0
301526,0
301527,0
301528,0
301529,0
301530,41
301531,0
301532,0
301533,0
301534,0
301535,42
301536,0
301537,26
301538,0
301539,0
301540,0
301541,0
301542,0
301543,0
301544,0
301545,0
301546,0
301547,0
301548,0
301549,0
301550,0
301551,0
301552,0
301553,0
301554,0
301555,0
301556,0
301557,0
301558,0
301559,0
301560,0
301561,0
301562,0
301563,0
301564,0
301565,0
301566,0
301567,0
301568,0
301569,27
301570,0
301571,0
301572,0
301573,34
301574,0
301575,0
301576,0
301577,0
301578,34
301579,0
301580,0
301581,0
301582,0
301583,0
301584,24
301585,0
301586,0
301587,0
301588,0
301589,0
301590,30
301591,49
301592,0
301593,0
301594,0
301595,0
301596,0
301597,0
301598,0
301599,0
301600,0
301601,0
301602,20
301603,0
301604,0
301605,0
301606,0
301607,0
301608,0
301609,0
301610,0
301611,0
301612,0
301613,13
301614,35
301615,0
301616,0
301617,0
301618,29
301619,0
301620,0
301621,0
301622,0
301623,0
301624,32
301625,0
301626,44
301627,0
301628,0
301629,0
301630,0
301631,0
301632,0
301633,0
301634,28
301635,0
301636,0
301637,0
301638,0
301639,0
301640,0
301641,0
301642,0
301643,31
301644,0
301645,0
301646,0
301647,34
301648,0
301649,0
301650,0
301651,0
301652,0
301653,0
301654,0
301655,36
301656,0
301657,0
301658,20
301659,0
301660,0
301661,0
301662,0
301663,28
301664,0
301665,0
301666,37
301667,32
301668,0
301669,0
301670,0
301671,0
301672,0
301673,0
301674,0
301675,0
301676,30
301677,0
301678,0
301679,0
301680,0
301681,0
301682,36
301683,0
301684,30
301685,0
301686,0
301687,0
301688,0
301689,0
301690,0
301691,0
301692,31
301693,0
301694,13
301695,8
301696,0
301697,14
301698,0
301699,0
301700,0
301701,0
301702,0
301703,37
301704,0
301705,39
301706,0
301707,0
301708,0
301709,0
301710,0
301711,0
301712,0
301713,0
301714,0
301715,0
301716,0
301717,0
301718,0
301719,0
301720,0
301721,0
301722,29
301723,0
301724,32
301725,0
301726,0
301727,0
301728,0
301729,35
301730,0
301731,0
301732,0
301733,0
301734,0
301735,0
301736,0
301737,0
301738,0
301739,0
301740,0
301741,0
301742,0
301743,0
301744,0
301745,0
301746,0
301747,0
301748,0
301749,0
301750,0
301751,0
301752,0
301753,0
301754,25
301755,0
301756,0
301757,0
301758,34
301759,24
301760,0
301761,0
301762,0
301763,0
301764,0
301765,0
301766,0
301767,0
301768,0
301769,0
301770,0
301771,0
301772,0
301773,0
301774,0
301775,0
301776,0
301777,0
301778,0
301779,17
301780,0
301781,0
301782,0
301783,0
301784,0
301785,0
301786,33
301787,0
301788,0
301789,0
301790,28
301791,13
301792,0
301793,0
301794,0
301795,0
301796,0
301797,0
301798,0
301799,0
301800,0
301801,0
301802,0
301803,27
301804,0
301805,0
301806,0
301807,0
301808,0
301809,0
301810,0
301811,0
301812,0
301813,0
301814,0
301815,39
301816,0
301817,0
301818,0
301819,0
301820,0
301821,0
301822,0
301823,0
301824,0
301825,0
301826,0
301827,0
301828,0
301829,0
301830,0
301831,0
301832,0
301833,0
301834,0
301835,0
301836,0
301837,0
301838,0
301839,0
301840,0
301841,0
301842,32
301843,0
301844,0
301845,0
301846,29
301847,42
301848,0
301849,0
301850,0
301851,0
301852,0
301853,0
301854,0
301855,0
301856,0
301857,0
301858,0
301859,0
301860,0
301861,0
301862,0
301863,0
301864,0
301865,0
301866,26
301867,0
301868,0
301869,0
301870,0
301871,0
301872,0
301873,0
301874,0
301875,0
301876,0
301877,0
301878,31
301879,38
301880,0
301881,0
301882,0
301883,0
301884,0
301885,0
301886,0
301887,0
301888,0
301889,0
301890,0
301891,0
301892,0
301893,14
301894,0
301895,0
301896,0
301897,0
301898,0
301899,0
301900,0
301901,0
301902,0
301903,0
301904,0
301905,0
301906,0
301907,15
301908,29
301909,0
301910,25
301911,0
301912,0
301913,0
301914,0
301915,0
301916,0
301917,0
301918,0
301919,0
301920,32
301921,0
301922,0
301923,0
301924,0
301925,17
301926,0
301927,0
301928,0
301929,0
301930,0
301931,28
301932,0
301933,12
301934,0
301935,0
301936,18
301937,0
301938,32
301939,0
301940,24
301941,0
301942,0
301943,0
301944,0
301945,0
301946,0
301947,21
301948,0
301949,43
301950,0
301951,12
301952,23
301953,0
301954,0
301955,25
301956,0
301957,0
301958,0
301959,0
301960,0
301961,0
301962,0
301963,36
301964,0
301965,0
301966,0
301967,0
301968,0
301969,0
301970,0
301971,0
301972,0
301973,0
301974,0
301975,0
301976,0
301977,0
301978,0
301979,0
301980,0
301981,0
301982,0
301983,27
301984,0
301985,0
301986,23
301987,0
301988,0
301989,0
301990,0
301991,0
301992,0
301993,38
301994,0
301995,0
301996,0
301997,0
301998,0
301999,0
302000,0
302001,0
302002,0
302003,0
302004,0
302005,0
302006,0
302007,0
302008,0
302009,0
302010,0
302011,0
302012,0
302013,0
302014,0
302015,0
302016,0
302017,0
302018,0
302019,19
302020,0
302021,0
302022,0
302023,0
302024,0
302025,0
302026,0
302027,0
302028,0
302029,0
302030,0
302031,0
302032,0
302033,0
302034,0
302035,32
302036,0
302037,36
302038,20
302039,0
302040,0
302041,0
302042,0
302043,0
302044,0
302045,0
302046,0
302047,0
302048,0
302049,0
302050,0
302051,0
302052,0
302053,0
302054,36
302055,0
302056,0
302057,0
302058,0
302059,33
302060,0
302061,0
302062,0
302063,0
302064,0
302065,0
302066,0
302067,0
302068,0
302069,0
302070,0
302071,0
302072,0
302073,0
302074,0
302075,0
302076,0
302077,0
302078,0
302079,0
302080,0
302081,0
302082,0
302083,0
302084,0
302085,0
302086,0
302087,0
302088,0
302089,0
302090,0
302091,0
302092,0
302093,0
302094,0
302095,0
302096,0
302097,0
302098,0
302099,0
302100,0
302101,0
302102,0
302103,0
302104,0
302105,0
302106,0
302107,0
302108,0
302109,0
302110,0
302111,0
302112,0
302113,0
302114,0
302115,0
302116,0
302117,0
302118,0
302119,0
302120,0
302121,0
302122,0
302123,0
302124,0
302125,0
302126,0
302127,0
302128,0
302129,0
302130,0
302131,0
302132,0
302133,0
302134,0
302135,0
302136,0
302137,0
302138,0
302139,0
302140,0
302141,0
302142,0
302143,0
302144,0
302145,0
302146,0
302147,0
302148,0
302149,0
302150,0
302151,0
302152,0
302153,0
302154,0
302155,0
302156,0
302157,0
302158,0
302159,0
302160,0
302161,0
302162,0
302163,0
302164,0
302165,0
302166,0
302167,0
302168,0
302169,0
302170,0
302171,0
302172,0
302173,0
302174,0
302175,0
302176,0
302177,0
302178,0
302179,0
302180,0
302181,0
302182,0
302183,0
302184,0
302185,0
302186,0
302187,0
302188,0
302189,0
302190,0
302191,0
302192,0
302193,0
302194,0
302195,0
302196,0
302197,0
302198,0
302199,0
302200,0
302201,0
302202,0
302203,0
302204,0
302205,0
302206,0
302207,0
302208,0
302209,0
302210,0
302211,0
302212,0
302213,0
302214,0
302215,0
302216,0
302217,0
302218,0
302219,0
302220,0
302221,0
302222,0
302223,0
302224,0
302225,0
302226,0
302227,0
302228,0
302229,0
302230,0
302231,0
302232,0
302233,0
302234,0
302235,0
302236,0
302237,1
302238,0
302239,0
302240,0
302241,0
302242,0
302243,0
302244,0
302245,0
302246,0
302247,0
302248,0
302249,0
302250,0
302251,0
302252,0
302253,0
302254,0
302255,0
302256,0
302257,0
302258,0
302259,0
302260,0
302261,0
302262,0
302263,0
302264,0
302265,0
302266,0
302267,0
302268,0
302269,0
302270,0
302271,0
302272,0
302273,0
302274,0
302275,0
302276,0
302277,0
302278,0
302279,0
302280,0
302281,0
302282,0
302283,0
302284,0
302285,0
302286,0
302287,0
302288,0
302289,0
302290,0
302291,0
302292,0
302293,0
302294,0
302295,0
302296,0
302297,0
302298,0
302299,0
302300,0
302301,0
302302,0
302303,0
302304,0
302305,0
302306,0
302307,0
302308,0
302309,0
302310,0
302311,0
302312,0
302313,0
302314,0
302315,0
302316,0
302317,0
302318,0
302319,0
302320,0
302321,0
302322,0
302323,0
302324,0
302325,0
302326,0
302327,0
302328,0
302329,0
302330,0
302331,0
302332,0
302333,0
302334,0
302335,0
302336,0
302337,0
302338,0
302339,0
302340,0
302341,0
302342,0
302343,0
302344,0
302345,0
302346,0
302347,0
302348,0
302349,0
302350,0
302351,0
302352,0
302353,0
302354,0
302355,0
302356,0
302357,0
302358,0
302359,0
302360,0
302361,0
302362,0
302363,0
302364,0
302365,0
302366,0
302367,0
302368,0
302369,0
302370,0
302371,0
302372,0
302373,0
302374,0
302375,0
302376,0
302377,0
302378,0
302379,0
302380,0
302381,0
302382,0
302383,0
302384,0
302385,0
302386,0
302387,0
302388,0
302389,0
302390,0
302391,0
302392,0
302393,0
302394,0
302395,0
302396,0
302397,0
302398,0
302399,0
302400,0
302401,0
302402,0
302403,0
302404,0
302405,0
302406,0
302407,0
302408,0
302409,0
302410,0
302411,0
302412,0
302413,0
302414,0
302415,0
302416,0
302417,0
302418,0
302419,0
302420,0
302421,0
302422,0
302423,0
302424,0
302425,0
302426,0
302427,0
302428,0
302429,0
302430,0
302431,0
302432,0
302433,0
302434,1
302435,0
302436,0
302437,0
302438,1
302439,0
302440,0
302441,0
302442,0
302443,0
302444,0
302445,0
302446,0
302447,0
302448,0
302449,0
302450,0
302451,0
302452,0
302453,0
302454,0
302455,0
302456,0
302457,0
302458,0
302459,0
302460,0
302461,0
302462,0
302463,0
302464,0
302465,0
302466,0
302467,0
302468,0
302469,0
302470,0
302471,0
302472,0
302473,0
302474,0
302475,0
302476,0
302477,0
302478,0
302479,0
302480,0
302481,0
302482,0
302483,0
302484,0
302485,0
302486,0
302487,0
302488,0
302489,0
302490,0
302491,0
302492,0
302493,0
302494,0
302495,0
302496,0
302497,0
302498,0
302499,0
302500,0
302501,0
302502,0
302503,0
302504,0
302505,0
302506,0
302507,0
302508,0
302509,0
302510,0
302511,0
302512,0
302513,0
302514,0
302515,0
302516,0
302517,0
302518,0
302519,0
302520,0
302521,0
302522,0
302523,0
302524,0
302525,0
302526,0
302527,0
302528,0
302529,0
302530,0
302531,0
302532,0
302533,0
302534,0
302535,0
302536,0
302537,0
302538,0
302539,0
302540,0
302541,0
302542,0
302543,0
302544,0
302545,0
302546,0
302547,0
302548,0
302549,0
302550,0
302551,0
302552,0
302553,0
302554,0
302555,0
302556,0
302557,0
302558,0
302559,0
302560,0
302561,0
302562,0
302563,0
302564,0
302565,0
302566,0
302567,0
302568,0
302569,0
302570,0
302571,0
302572,0
302573,0
302574,0
302575,0
302576,0
302577,0
302578,0
302579,0
302580,0
302581,0
302582,0
302583,0
302584,0
302585,0
302586,0
302587,0
302588,0
302589,0
302590,0
302591,0
302592,0
302593,0
302594,0
302595,0
302596,0
302597,0
302598,0
302599,0
302600,0
302601,0
302602,0
302603,0
302604,0
302605,0
302606,0
302607,0
302608,0
302609,0
302610,0
302611,0
302612,0
302613,0
302614,0
302615,0
302616,0
302617,0
302618,0
302619,0
302620,0
302621,0
302622,0
302623,0
302624,0
302625,0
302626,0
302627,0
302628,0
302629,0
302630,0
302631,0
302632,0
302633,1
302634,0
302635,0
302636,0
302637,0
302638,0
302639,0
302640,0
302641,0
302642,0
302643,0
302644,0
302645,0
302646,0
302647,0
302648,0
302649,0
302650,0
302651,0
302652,0
302653,0
302654,0
302655,0
302656,0
302657,0
302658,0
302659,0
302660,0
302661,0
302662,0
302663,0
302664,0
302665,0
302666,0
302667,0
302668,0
302669,0
302670,0
302671,0
302672,0
302673,0
302674,0
302675,0
302676,0
302677,0
302678,0
302679,0
302680,0
302681,0
302682,0
302683,0
302684,0
302685,0
302686,0
302687,0
302688,0
302689,0
302690,0
302691,0
302692,0
302693,0
302694,0
302695,0
302696,0
302697,0
302698,0
302699,0
302700,0
302701,0
302702,0
302703,0
302704,0
302705,0
302706,0
302707,0
302708,0
302709,0
302710,0
302711,0
302712,0
302713,0
302714,0
302715,0
302716,0
302717,0
302718,0
302719,0
302720,0
302721,0
302722,0
302723,0
302724,0
302725,0
302726,0
302727,0
302728,0
302729,0
302730,0
302731,0
302732,0
302733,0
302734,0
302735,0
302736,0
302737,0
302738,0
302739,0
302740,0
302741,0
302742,0
302743,0
302744,0
302745,0
302746,0
302747,0
302748,0
302749,0
302750,0
302751,0
302752,0
302753,0
302754,0
302755,0
302756,0
302757,0
302758,0
302759,0
302760,0
302761,0
302762,0
302763,0
302764,0
302765,0
302766,0
302767,0
302768,0
302769,0
302770,0
302771,0
302772,0
302773,0
302774,0
302775,0
302776,0
302777,0
302778,0
302779,0
302780,0
302781,0
302782,0
302783,0
302784,0
302785,0
302786,0
302787,0
302788,0
302789,0
302790,0
302791,0
302792,0
302793,0
302794,0
302795,0
302796,0
302797,0
302798,0
302799,0
302800,0
302801,0
302802,0
302803,0
302804,0
302805,0
302806,0
302807,0
302808,0
302809,0
302810,0
302811,0
302812,0
302813,0
302814,0
302815,0
302816,0
302817,0
302818,0
302819,0
302820,0
302821,0
302822,0
302823,0
302824,0
302825,0
302826,0
302827,0
302828,0
302829,0
302830,0
302831,0
302832,0
302833,0
302834,0
302835,0
302836,0
302837,0
302838,0
302839,0
302840,0
302841,0
302842,0
302843,0
302844,0
302845,0
302846,0
302847,0
302848,0
302849,0
302850,0
302851,0
302852,0
302853,0
302854,0
302855,0
302856,0
302857,0
302858,0
302859,0
302860,0
302861,0
302862,0
302863,0
302864,0
302865,0
302866,0
302867,0
302868,0
302869,0
302870,0
302871,10
302872,0
302873,21
302874,0
302875,0
302876,0
302877,0
302878,0
302879,18
302880,11
302881,11
302882,0
302883,0
302884,0
302885,0
302886,16
302887,0
302888,0
302889,0
302890,0
302891,0
302892,0
302893,0
302894,0
302895,0
302896,0
302897,0
302898,14
302899,21
302900,0
302901,11
302902,0
302903,0
302904,0
302905,8
302906,0
302907,0
302908,0
302909,0
302910,0
302911,0
302912,0
302913,0
302914,15
302915,9
302916,0
302917,0
302918,0
302919,0
302920,0
302921,0
302922,13
302923,0
302924,0
302925,0
302926,0
302927,0
302928,0
302929,0
302930,0
302931,19
302932,0
302933,0
302934,0
302935,8
302936,0
302937,0
302938,0
302939,11
302940,8
302941,0
302942,0
302943,7
302944,0
302945,0
302946,0
302947,0
302948,0
302949,0
302950,16
302951,13
302952,0
302953,0
302954,0
302955,0
302956,0
302957,0
302958,0
302959,0
302960,0
302961,0
302962,0
302963,0
302964,11
302965,0
302966,8
302967,0
302968,12
302969,0
302970,0
302971,0
302972,0
302973,0
302974,14
302975,18
302976,0
302977,0
302978,0
302979,0
302980,15
302981,0
302982,0
302983,0
302984,0
302985,0
302986,0
302987,0
302988,0
302989,0
302990,18
302991,0
302992,12
302993,0
302994,0
302995,10
302996,0
302997,0
302998,0
302999,9
303000,14
303001,0
303002,0
303003,0
303004,0
303005,0
303006,0
303007,0
303008,0
303009,0
303010,0
303011,20
303012,14
303013,0
303014,0
303015,0
303016,0
303017,0
303018,0
303019,0
303020,0
303021,0
303022,0
303023,7
303024,0
303025,0
303026,9
303027,0
303028,11
303029,21
303030,0
303031,0
303032,0
303033,18
303034,11
303035,3
303036,0
303037,0
303038,0
303039,25
303040,15
303041,0
303042,0
303043,0
303044,0
303045,0
303046,19
303047,0
303048,12
303049,10
303050,0
303051,11
303052,0
303053,0
303054,0
303055,14
303056,11
303057,0
303058,10
303059,0
303060,11
303061,0
303062,0
303063,12
303064,0
303065,11
303066,0
303067,13
303068,0
303069,12
303070,0
303071,0
303072,0
303073,0
303074,0
303075,0
303076,0
303077,0
303078,0
303079,0
303080,0
303081,0
303082,10
303083,0
303084,0
303085,0
303086,9
303087,11
303088,0
303089,11
303090,9
303091,0
303092,0
303093,12
303094,0
303095,16
303096,0
303097,0
303098,0
303099,0
303100,8
303101,8
303102,0
303103,0
303104,0
303105,0
303106,15
303107,13
303108,0
303109,0
303110,0
303111,0
303112,0
303113,11
303114,0
303115,0
303116,0
303117,0
303118,0
303119,12
303120,0
303121,0
303122,0
303123,0
303124,0
303125,0
303126,0
303127,19
303128,0
303129,0
303130,16
303131,0
303132,0
303133,16
303134,0
303135,0
303136,0
303137,0
303138,0
303139,15
303140,0
303141,13
303142,0
303143,0
303144,8
303145,12
303146,0
303147,0
303148,0
303149,0
303150,9
303151,0
303152,0
303153,0
303154,0
303155,0
303156,0
303157,0
303158,0
303159,0
303160,0
303161,0
303162,0
303163,0
303164,0
303165,0
303166,0
303167,0
303168,0
303169,17
303170,0
303171,0
303172,0
303173,0
303174,0
303175,0
303176,0
303177,0
303178,0
303179,0
303180,0
303181,0
303182,0
303183,0
303184,0
303185,0
303186,0
303187,0
303188,0
303189,0
303190,0
303191,14
303192,0
303193,0
303194,0
303195,11
303196,0
303197,0
303198,0
303199,0
303200,0
303201,0
303202,0
303203,0
303204,15
303205,0
303206,13
303207,0
303208,0
303209,0
303210,0
303211,0
303212,0
303213,0
303214,0
303215,0
303216,0
303217,0
303218,0
303219,7
303220,0
303221,11
303222,0
303223,0
303224,0
303225,8
303226,0
303227,0
303228,0
303229,0
303230,0
303231,10
303232,0
303233,0
303234,0
303235,0
303236,10
303237,0
303238,0
303239,10
303240,0
303241,0
303242,13
303243,14
303244,13
303245,13
303246,0
303247,0
303248,0
303249,0
303250,0
303251,0
303252,0
303253,0
303254,0
303255,0
303256,0
303257,0
303258,0
303259,0
303260,14
303261,16
303262,0
303263,17
303264,0
303265,16
303266,0
303267,0
303268,0
303269,8
303270,0
303271,0
303272,0
303273,0
303274,0
303275,0
303276,16
303277,0
303278,0
303279,0
303280,0
303281,0
303282,0
303283,17
303284,0
303285,0
303286,0
303287,0
303288,0
303289,0
303290,20
303291,8
303292,0
303293,0
303294,0
303295,0
303296,0
303297,11
303298,0
303299,0
303300,0
303301,0
303302,0
303303,0
303304,0
303305,0
303306,0
303307,0
303308,0
303309,24
303310,0
303311,0
303312,0
303313,0
303314,0
303315,3
303316,0
303317,0
303318,18
303319,0
303320,25
303321,0
303322,0
303323,0
303324,0
303325,0
303326,0
303327,0
303328,0
303329,0
303330,11
303331,0
303332,0
303333,0
303334,0
303335,0
303336,0
303337,16
303338,0
303339,0
303340,11
303341,0
303342,0
303343,0
303344,0
303345,0
303346,0
303347,13
303348,0
303349,0
303350,28
303351,16
303352,0
303353,0
303354,12
303355,0
303356,12
303357,0
303358,15
303359,0
303360,15
303361,16
303362,0
303363,0
303364,16
303365,0
303366,0
303367,22
303368,0
303369,0
303370,0
303371,0
303372,0
303373,0
303374,13
303375,14
303376,10
303377,0
303378,0
303379,0
303380,0
303381,0
303382,0
303383,0
303384,11
303385,0
303386,0
303387,0
303388,0
303389,0
303390,0
303391,0
303392,0
303393,0
303394,4
303395,0
303396,0
303397,0
303398,0
303399,0
303400,6
303401,0
303402,0
303403,19
303404,0
303405,8
303406,0
303407,0
303408,0
303409,0
303410,0
303411,0
303412,0
303413,0
303414,0
303415,11
303416,0
303417,0
303418,0
303419,18
303420,16
303421,0
303422,0
303423,0
303424,0
303425,18
303426,0
303427,0
303428,0
303429,0
303430,0
303431,0
303432,0
303433,0
303434,0
303435,0
303436,0
303437,0
303438,18
303439,0
303440,0
303441,0
303442,0
303443,0
303444,0
303445,0
303446,0
303447,8
303448,0
303449,0
303450,10
303451,0
303452,0
303453,0
303454,14
303455,0
303456,0
303457,0
303458,0
303459,0
303460,0
303461,0
303462,0
303463,0
303464,0
303465,16
303466,12
303467,19
303468,0
303469,0
303470,0
303471,0
303472,10
303473,0
303474,0
303475,0
303476,13
303477,0
303478,10
303479,0
303480,0
303481,0
303482,12
303483,0
303484,0
303485,17
303486,0
303487,0
303488,0
303489,0
303490,0
303491,0
303492,11
303493,0
303494,0
303495,0
303496,12
303497,0
303498,0
303499,0
303500,0
303501,0
303502,0
303503,15
303504,0
303505,0
303506,0
303507,0
303508,17
303509,0
303510,18
303511,0
303512,10
303513,0
303514,0
303515,0
303516,0
303517,0
303518,0
303519,0
303520,0
303521,13
303522,0
303523,0
303524,0
303525,0
303526,7
303527,0
303528,0
303529,0
303530,0
303531,0
303532,0
303533,11
303534,17
303535,0
303536,14
303537,0
303538,0
303539,0
303540,0
303541,32
303542,0
303543,0
303544,17
303545,18
303546,13
303547,0
303548,0
303549,0
303550,0
303551,7
303552,0
303553,0
303554,0
303555,0
303556,22
303557,0
303558,0
303559,0
303560,10
303561,0
303562,0
303563,0
303564,0
303565,0
303566,0
303567,0
303568,0
303569,0
303570,0
303571,14
303572,0
303573,0
303574,21
303575,0
303576,0
303577,0
303578,0
303579,0
303580,0
303581,0
303582,0
303583,0
303584,9
303585,0
303586,0
303587,0
303588,0
303589,0
303590,0
303591,0
303592,0
303593,0
303594,0
303595,0
303596,10
303597,0
303598,0
303599,0
303600,0
303601,0
303602,11
303603,17
303604,0
303605,0
303606,0
303607,0
303608,16
303609,0
303610,0
303611,0
303612,9
303613,0
303614,0
303615,8
303616,0
303617,10
303618,0
303619,0
303620,0
303621,0
303622,0
303623,14
303624,0
303625,0
303626,0
303627,0
303628,0
303629,0
303630,15
303631,0
303632,0
303633,0
303634,0
303635,0
303636,16
303637,0
303638,0
303639,11
303640,0
303641,0
303642,0
303643,0
303644,0
303645,0
303646,0
303647,0
303648,0
303649,16
303650,0
303651,0
303652,0
303653,0
303654,13
303655,9
303656,0
303657,12
303658,0
303659,0
303660,10
303661,0
303662,0
303663,19
303664,31
303665,11
303666,0
303667,0
303668,0
303669,0
303670,0
303671,0
303672,15
303673,0
303674,0
303675,0
303676,0
303677,0
303678,0
303679,0
303680,0
303681,0
303682,0
303683,0
303684,0
303685,0
303686,0
303687,0
303688,0
303689,0
303690,0
303691,0
303692,0
303693,12
303694,0
303695,0
303696,0
303697,0
303698,0
303699,15
303700,0
303701,27
303702,0
303703,0
303704,12
303705,17
303706,24
303707,0
303708,9
303709,0
303710,0
303711,0
303712,0
303713,0
303714,0
303715,0
303716,0
303717,0
303718,0
303719,33
303720,11
303721,0
303722,8
303723,12
303724,0
303725,0
303726,0
303727,0
303728,0
303729,0
303730,0
303731,0
303732,0
303733,0
303734,19
303735,10
303736,0
303737,0
303738,0
303739,0
303740,0
303741,9
303742,0
303743,13
303744,19
303745,0
303746,18
303747,0
303748,0
303749,0
303750,0
303751,0
303752,0
303753,0
303754,0
303755,0
303756,0
303757,0
303758,22
303759,0
303760,0
303761,0
303762,0
303763,22
303764,0
303765,0
303766,0
303767,0
303768,0
303769,0
303770,0
303771,16
303772,0
303773,0
303774,16
303775,8
303776,0
303777,0
303778,0
303779,0
303780,0
303781,17
303782,0
303783,0
303784,0
303785,20
303786,0
303787,0
303788,0
303789,0
303790,0
303791,0
303792,21
303793,0
303794,0
303795,0
303796,0
303797,18
303798,0
303799,0
303800,0
303801,19
303802,0
303803,0
303804,0
303805,0
303806,0
303807,0
303808,0
303809,0
303810,0
303811,0
303812,0
303813,0
303814,0
303815,0
303816,0
303817,0
303818,21
303819,0
303820,0
303821,0
303822,22
303823,0
303824,0
303825,0
303826,0
303827,14
303828,19
303829,29
303830,0
303831,0
303832,0
303833,0
303834,0
303835,0
303836,0
303837,0
303838,0
303839,0
303840,23
303841,0
303842,0
303843,0
303844,19
303845,0
303846,0
303847,0
303848,0
303849,0
303850,0
303851,0
303852,0
303853,0
303854,0
303855,0
303856,0
303857,0
303858,0
303859,0
303860,0
303861,0
303862,0
303863,17
303864,0
303865,0
303866,0
303867,0
303868,0
303869,0
303870,0
303871,0
303872,0
303873,0
303874,0
303875,0
303876,0
303877,0
303878,0
303879,22
303880,0
303881,0
303882,0
303883,0
303884,0
303885,19
303886,0
303887,0
303888,0
303889,0
303890,0
303891,0
303892,0
303893,0
303894,0
303895,24
303896,0
303897,17
303898,18
303899,0
303900,0
303901,0
303902,0
303903,15
303904,0
303905,0
303906,0
303907,0
303908,18
303909,0
303910,0
303911,0
303912,0
303913,0
303914,0
303915,14
303916,0
303917,0
303918,0
303919,0
303920,0
303921,0
303922,0
303923,0
303924,0
303925,0
303926,0
303927,0
303928,0
303929,0
303930,0
303931,0
303932,0
303933,0
303934,10
303935,0
303936,11
303937,24
303938,0
303939,21
303940,0
303941,24
303942,0
303943,19
303944,0
303945,0
303946,0
303947,28
303948,0
303949,0
303950,18
303951,8
303952,0
303953,14
303954,20
303955,0
303956,0
303957,0
303958,13
303959,0
303960,0
303961,0
303962,0
303963,0
303964,19
303965,0
303966,0
303967,0
303968,0
303969,0
303970,24
303971,0
303972,0
303973,0
303974,0
303975,0
303976,0
303977,0
303978,0
303979,0
303980,0
303981,0
303982,0
303983,0
303984,0
303985,0
303986,16
303987,0
303988,0
303989,0
303990,15
303991,0
303992,0
303993,19
303994,0
303995,21
303996,0
303997,0
303998,0
303999,0
304000,12
304001,0
304002,16
304003,0
304004,0
304005,0
304006,0
304007,27
304008,0
304009,7
304010,0
304011,0
304012,0
304013,0
304014,21
304015,0
304016,0
304017,0
304018,0
304019,15
304020,0
304021,0
304022,0
304023,0
304024,0
304025,0
304026,0
304027,0
304028,15
304029,0
304030,0
304031,0
304032,21
304033,0
304034,0
304035,0
304036,0
304037,16
304038,0
304039,0
304040,0
304041,0
304042,0
304043,0
304044,0
304045,0
304046,19
304047,0
304048,0
304049,0
304050,0
304051,0
304052,0
304053,0
304054,0
304055,17
304056,0
304057,0
304058,0
304059,0
304060,0
304061,0
304062,0
304063,14
304064,0
304065,0
304066,0
304067,0
304068,0
304069,0
304070,0
304071,0
304072,0
304073,0
304074,0
304075,0
304076,0
304077,0
304078,0
304079,0
304080,0
304081,0
304082,0
304083,24
304084,0
304085,26
304086,0
304087,22
304088,0
304089,0
304090,0
304091,0
304092,0
304093,0
304094,0
304095,13
304096,0
304097,0
304098,0
304099,0
304100,12
304101,0
304102,0
304103,0
304104,20
304105,0
304106,18
304107,0
304108,16
304109,0
304110,0
304111,0
304112,0
304113,0
304114,15
304115,0
304116,0
304117,14
304118,0
304119,0
304120,13
304121,0
304122,0
304123,0
304124,0
304125,0
304126,0
304127,0
304128,0
304129,0
304130,0
304131,0
304132,0
304133,0
304134,0
304135,0
304136,0
304137,0
304138,0
304139,0
304140,0
304141,0
304142,0
304143,0
304144,25
304145,0
304146,0
304147,0
304148,0
304149,0
304150,0
304151,0
304152,0
304153,12
304154,0
304155,0
304156,0
304157,0
304158,0
304159,0
304160,0
304161,0
304162,0
304163,0
304164,0
304165,0
304166,0
304167,0
304168,0
304169,0
304170,0
304171,0
304172,0
304173,0
304174,0
304175,0
304176,0
304177,0
304178,0
304179,13
304180,0
304181,22
304182,0
304183,0
304184,0
304185,0
304186,0
304187,0
304188,0
304189,0
304190,0
304191,25
304192,0
304193,18
304194,0
304195,0
304196,0
304197,0
304198,0
304199,16
304200,0
304201,0
304202,0
304203,29
304204,0
304205,0
304206,0
304207,12
304208,22
304209,20
304210,0
304211,0
304212,0
304213,0
304214,0
304215,14
304216,0
304217,22
304218,0
304219,0
304220,0
304221,0
304222,0
304223,0
304224,0
304225,0
304226,0
304227,0
304228,0
304229,0
304230,0
304231,0
304232,17
304233,32
304234,0
304235,0
304236,28
304237,0
304238,0
304239,0
304240,0
304241,0
304242,0
304243,0
304244,0
304245,0
304246,0
304247,0
304248,0
304249,0
304250,0
304251,0
304252,16
304253,0
304254,0
304255,0
304256,0
304257,19
304258,0
304259,0
304260,14
304261,0
304262,0
304263,0
304264,0
304265,0
304266,21
304267,12
304268,12
304269,0
304270,15
304271,0
304272,0
304273,0
304274,0
304275,0
304276,0
304277,0
304278,23
304279,0
304280,9
304281,0
304282,0
304283,0
304284,0
304285,0
304286,0
304287,0
304288,0
304289,0
304290,0
304291,0
304292,0
304293,18
304294,0
304295,0
304296,0
304297,0
304298,0
304299,0
304300,31
304301,0
304302,0
304303,0
304304,0
304305,20
304306,19
304307,0
304308,0
304309,0
304310,0
304311,0
304312,0
304313,0
304314,0
304315,0
304316,13
304317,19
304318,0
304319,0
304320,0
304321,0
304322,0
304323,0
304324,0
304325,16
304326,0
304327,0
304328,0
304329,19
304330,0
304331,0
304332,17
304333,0
304334,17
304335,0
304336,0
304337,0
304338,0
304339,29
304340,0
304341,0
304342,0
304343,0
304344,0
304345,0
304346,0
304347,0
304348,0
304349,0
304350,0
304351,0
304352,0
304353,0
304354,0
304355,0
304356,0
304357,0
304358,0
304359,0
304360,0
304361,0
304362,0
304363,0
304364,15
304365,0
304366,0
304367,0
304368,0
304369,0
304370,0
304371,0
304372,0
304373,0
304374,0
304375,0
304376,0
304377,0
304378,0
304379,0
304380,0
304381,0
304382,0
304383,0
304384,0
304385,0
304386,0
304387,0
304388,13
304389,0
304390,0
304391,23
304392,0
304393,16
304394,0
304395,0
304396,0
304397,0
304398,0
304399,0
304400,0
304401,0
304402,18
304403,0
304404,0
304405,0
304406,0
304407,0
304408,0
304409,21
304410,0
304411,0
304412,0
304413,0
304414,0
304415,0
304416,0
304417,0
304418,0
304419,19
304420,0
304421,0
304422,0
304423,0
304424,16
304425,0
304426,0
304427,0
304428,0
304429,0
304430,0
304431,0
304432,0
304433,0
304434,0
304435,0
304436,13
304437,0
304438,0
304439,0
304440,0
304441,0
304442,19
304443,0
304444,18
304445,0
304446,25
304447,26
304448,0
304449,0
304450,0
304451,0
304452,0
304453,0
304454,21
304455,0
304456,0
304457,20
304458,23
304459,0
304460,0
304461,0
304462,0
304463,25
304464,12
304465,0
304466,0
304467,0
304468,0
304469,0
304470,0
304471,0
304472,38
304473,38
304474,0
304475,0
304476,0
304477,0
304478,23
304479,0
304480,12
304481,0
304482,0
304483,0
304484,23
304485,0
304486,27
304487,0
304488,0
304489,20
304490,0
304491,0
304492,33
304493,0
304494,19
304495,32
304496,0
304497,0
304498,13
304499,0
304500,0
304501,0
304502,28
304503,0
304504,33
304505,0
304506,30
304507,27
304508,0
304509,0
304510,25
304511,16
304512,0
304513,0
304514,27
304515,0
304516,0
304517,0
304518,0
304519,0
304520,24
304521,0
304522,24
304523,0
304524,17
304525,0
304526,17
304527,17
304528,0
304529,0
304530,0
304531,0
304532,25
304533,0
304534,0
304535,0
304536,0
304537,0
304538,0
304539,0
304540,0
304541,17
304542,0
304543,0
304544,0
304545,0
304546,0
304547,16
304548,10
304549,0
304550,19
304551,0
304552,0
304553,7
304554,20
304555,18
304556,0
304557,46
304558,0
304559,0
304560,0
304561,20
304562,0
304563,0
304564,13
304565,28
304566,0
304567,0
304568,33
304569,0
304570,0
304571,27
304572,0
304573,0
304574,0
304575,0
304576,0
304577,25
304578,0
304579,0
304580,0
304581,0
304582,0
304583,0
304584,0
304585,0
304586,0
304587,15
304588,0
304589,0
304590,22
304591,22
304592,0
304593,0
304594,0
304595,0
304596,0
304597,0
304598,17
304599,0
304600,14
304601,0
304602,18
304603,0
304604,0
304605,0
304606,0
304607,0
304608,0
304609,0
304610,0
304611,31
304612,0
304613,0
304614,0
304615,29
304616,0
304617,0
304618,0
304619,0
304620,0
304621,0
304622,0
304623,14
304624,0
304625,0
304626,0
304627,0
304628,0
304629,0
304630,0
304631,0
304632,33
304633,17
304634,0
304635,0
304636,8
304637,0
304638,18
304639,0
304640,0
304641,0
304642,33
304643,22
304644,0
304645,18
304646,0
304647,0
304648,0
304649,18
304650,11
304651,0
304652,24
304653,0
304654,0
304655,0
304656,30
304657,0
304658,0
304659,0
304660,0
304661,25
304662,0
304663,0
304664,0
304665,16
304666,0
304667,0
304668,0
304669,15
304670,0
304671,12
304672,0
304673,0
304674,0
304675,0
304676,0
304677,0
304678,19
304679,30
304680,0
304681,0
304682,18
304683,14
304684,0
304685,27
304686,0
304687,19
304688,0
304689,32
304690,0
304691,15
304692,25
304693,23
304694,0
304695,0
304696,0
304697,0
304698,0
304699,0
304700,0
304701,0
304702,0
304703,0
304704,0
304705,30
304706,11
304707,0
304708,0
304709,0
304710,0
304711,0
304712,0
304713,0
304714,0
304715,0
304716,0
304717,0
304718,0
304719,0
304720,0
304721,22
304722,25
304723,0
304724,0
304725,0
304726,26
304727,20
304728,20
304729,16
304730,0
304731,0
304732,0
304733,0
304734,0
304735,0
304736,0
304737,0
304738,0
304739,0
304740,12
304741,13
304742,0
304743,30
304744,16
304745,0
304746,0
304747,0
304748,0
304749,0
304750,0
304751,0
304752,0
304753,0
304754,0
304755,0
304756,0
304757,0
304758,26
304759,0
304760,0
304761,0
304762,0
304763,0
304764,0
304765,0
304766,0
304767,0
304768,0
304769,0
304770,0
304771,0
304772,0
304773,0
304774,0
304775,0
304776,0
304777,0
304778,17
304779,0
304780,0
304781,0
304782,0
304783,28
304784,30
304785,0
304786,0
304787,25
304788,28
304789,0
304790,0
304791,0
304792,0
304793,0
304794,0
304795,0
304796,12
304797,0
304798,0
304799,14
304800,0
304801,12
304802,0
304803,0
304804,0
304805,0
304806,0
304807,24
304808,17
304809,0
304810,0
304811,27
304812,0
304813,0
304814,0
304815,15
304816,24
304817,19
304818,0
304819,23
304820,21
304821,0
304822,0
304823,0
304824,28
304825,23
304826,17
304827,0
304828,0
304829,0
304830,0
304831,0
304832,0
304833,0
304834,0
304835,24
304836,0
304837,0
304838,0
304839,0
304840,0
304841,14
304842,11
304843,0
304844,0
304845,0
304846,0
304847,13
304848,0
304849,0
304850,0
304851,0
304852,0
304853,0
304854,0
304855,0
304856,0
304857,0
304858,0
304859,0
304860,17
304861,23
304862,25
304863,0
304864,0
304865,24
304866,0
304867,0
304868,0
304869,0
304870,0
304871,9
304872,24
304873,25
304874,0
304875,0
304876,0
304877,0
304878,0
304879,0
304880,0
304881,0
304882,0
304883,0
304884,0
304885,0
304886,0
304887,0
304888,0
304889,0
304890,25
304891,0
304892,19
304893,0
304894,0
304895,0
304896,38
304897,22
304898,0
304899,0
304900,0
304901,25
304902,0
304903,0
304904,14
304905,0
304906,0
304907,25
304908,0
304909,0
304910,24
304911,0
304912,25
304913,11
304914,0
304915,0
304916,18
304917,0
304918,0
304919,17
304920,25
304921,0
304922,16
304923,0
304924,0
304925,0
304926,26
304927,0
304928,32
304929,0
304930,0
304931,0
304932,0
304933,0
304934,0
304935,0
304936,0
304937,0
304938,17
304939,0
304940,0
304941,0
304942,0
304943,0
304944,0
304945,0
304946,0
304947,0
304948,0
304949,0
304950,0
304951,0
304952,0
304953,0
304954,0
304955,23
304956,0
304957,0
304958,0
304959,19
304960,0
304961,0
304962,0
304963,0
304964,0
304965,16
304966,0
304967,0
304968,24
304969,0
304970,0
304971,0
304972,0
304973,32
304974,0
304975,0
304976,0
304977,0
304978,0
304979,0
304980,0
304981,0
304982,0
304983,26
304984,0
304985,0
304986,0
304987,18
304988,0
304989,27
304990,0
304991,0
304992,28
304993,0
304994,0
304995,0
304996,0
304997,0
304998,0
304999,0
305000,23
305001,0
305002,0
305003,0
305004,0
305005,0
305006,0
305007,20
305008,20
305009,0
305010,21
305011,16
305012,0
305013,0
305014,0
305015,0
305016,0
305017,0
305018,0
305019,0
305020,0
305021,33
305022,13
305023,0
305024,0
305025,0
305026,0
305027,0
305028,0
305029,26
305030,0
305031,19
305032,0
305033,0
305034,0
305035,0
305036,0
305037,0
305038,0
305039,0
305040,0
305041,0
305042,0
305043,15
305044,0
305045,20
305046,0
305047,26
305048,0
305049,0
305050,18
305051,0
305052,28
305053,0
305054,0
305055,0
305056,38
305057,0
305058,0
305059,22
305060,0
305061,0
305062,0
305063,26
305064,23
305065,0
305066,19
305067,9
305068,0
305069,0
305070,30
305071,21
305072,0
305073,0
305074,20
305075,0
305076,0
305077,0
305078,0
305079,0
305080,19
305081,0
305082,0
305083,0
305084,17
305085,25
305086,20
305087,22
305088,24
305089,0
305090,32
305091,0
305092,0
305093,0
305094,19
305095,0
305096,0
305097,25
305098,0
305099,0
305100,0
305101,0
305102,26
305103,0
305104,0
305105,34
305106,0
305107,26
305108,24
305109,0
305110,24
305111,26
305112,0
305113,0
305114,20
305115,0
305116,0
305117,0
305118,11
305119,25
305120,0
305121,0
305122,0
305123,0
305124,18
305125,0
305126,0
305127,0
305128,23
305129,0
305130,27
305131,0
305132,0
305133,29
305134,0
305135,0
305136,0
305137,0
305138,0
305139,0
305140,0
305141,0
305142,0
305143,0
305144,0
305145,0
305146,0
305147,13
305148,20
305149,0
305150,0
305151,0
305152,0
305153,0
305154,0
305155,0
305156,0
305157,0
305158,0
305159,23
305160,0
305161,31
305162,0
305163,0
305164,25
305165,0
305166,0
305167,0
305168,0
305169,0
305170,0
305171,0
305172,0
305173,20
305174,0
305175,0
305176,0
305177,0
305178,0
305179,0
305180,0
305181,22
305182,0
305183,0
305184,12
305185,14
305186,31
305187,24
305188,0
305189,0
305190,29
305191,0
305192,0
305193,12
305194,31
305195,0
305196,0
305197,0
305198,0
305199,31
305200,14
305201,32
305202,0
305203,18
305204,0
305205,0
305206,26
305207,0
305208,0
305209,0
305210,13
305211,25
305212,16
305213,0
305214,0
305215,35
305216,0
305217,0
305218,0
305219,0
305220,0
305221,28
305222,0
305223,0
305224,0
305225,14
305226,0
305227,19
305228,0
305229,0
305230,0
305231,24
305232,0
305233,0
305234,0
305235,0
305236,0
305237,24
305238,0
305239,0
305240,0
305241,0
305242,0
305243,0
305244,0
305245,0
305246,0
305247,0
305248,0
305249,4
305250,0
305251,0
305252,0
305253,3
305254,0
305255,0
305256,0
305257,0
305258,0
305259,0
305260,2
305261,3
305262,4
305263,0
305264,0
305265,0
305266,0
305267,0
305268,0
305269,1
305270,4
305271,0
305272,7
305273,0
305274,0
305275,0
305276,0
305277,0
305278,2
305279,0
305280,0
305281,0
305282,0
305283,0
305284,0
305285,0
305286,0
305287,0
305288,0
305289,0
305290,4
305291,3
305292,5
305293,0
305294,0
305295,0
305296,0
305297,0
305298,0
305299,0
305300,2
305301,0
305302,3
305303,0
305304,0
305305,0
305306,8
305307,0
305308,1
305309,0
305310,0
305311,5
305312,0
305313,0
305314,0
305315,0
305316,0
305317,0
305318,0
305319,0
305320,0
305321,0
305322,0
305323,2
305324,0
305325,0
305326,0
305327,0
305328,6
305329,0
305330,2
305331,0
305332,0
305333,7
305334,0
305335,7
305336,0
305337,0
305338,0
305339,1
305340,0
305341,0
305342,0
305343,0
305344,8
305345,0
305346,0
305347,0
305348,0
305349,0
305350,0
305351,0
305352,0
305353,0
305354,0
305355,0
305356,6
305357,0
305358,4
305359,1
305360,0
305361,0
305362,0
305363,0
305364,0
305365,0
305366,0
305367,0
305368,7
305369,0
305370,0
305371,0
305372,0
305373,0
305374,9
305375,0
305376,0
305377,0
305378,0
305379,0
305380,0
305381,5
305382,2
305383,0
305384,0
305385,0
305386,0
305387,0
305388,0
305389,0
305390,0
305391,0
305392,0
305393,4
305394,4
305395,0
305396,2
305397,0
305398,0
305399,0
305400,0
305401,0
305402,3
305403,4
305404,3
305405,0
305406,3
305407,0
305408,5
305409,0
305410,0
305411,0
305412,3
305413,0
305414,0
305415,3
305416,1
305417,0
305418,0
305419,0
305420,0
305421,6
305422,0
305423,0
305424,0
305425,0
305426,0
305427,3
305428,0
305429,0
305430,0
305431,0
305432,3
305433,0
305434,0
305435,0
305436,0
305437,0
305438,4
305439,0
305440,0
305441,0
305442,0
305443,0
305444,0
305445,0
305446,0
305447,3
305448,0
305449,0
305450,0
305451,4
305452,0
305453,0
305454,0
305455,0
305456,0
305457,0
305458,0
305459,0
305460,0
305461,8
305462,0
305463,0
305464,7
305465,0
305466,3
305467,0
305468,1
305469,0
305470,0
305471,0
305472,0
305473,0
305474,0
305475,0
305476,0
305477,0
305478,0
305479,0
305480,0
305481,6
305482,0
305483,0
305484,0
305485,5
305486,0
305487,0
305488,0
305489,3
305490,0
305491,0
305492,0
305493,0
305494,0
305495,3
305496,0
305497,3
305498,4
305499,0
305500,3
305501,0
305502,6
305503,0
305504,5
305505,0
305506,5
305507,0
305508,0
305509,0
305510,0
305511,0
305512,0
305513,4
305514,3
305515,0
305516,0
305517,0
305518,0
305519,0
305520,0
305521,0
305522,0
305523,0
305524,0
305525,4
305526,0
305527,1
305528,0
305529,0
305530,0
305531,0
305532,2
305533,0
305534,0
305535,0
305536,7
305537,0
305538,0
305539,0
305540,0
305541,0
305542,0
305543,0
305544,3
305545,0
305546,3
305547,0
305548,0
305549,0
305550,0
305551,2
305552,0
305553,3
305554,8
305555,0
305556,0
305557,0
305558,0
305559,0
305560,0
305561,0
305562,0
305563,0
305564,0
305565,0
305566,3
305567,0
305568,0
305569,0
305570,0
305571,0
305572,0
305573,0
305574,0
305575,0
305576,0
305577,0
305578,0
305579,1
305580,1
305581,0
305582,0
305583,6
305584,0
305585,4
305586,0
305587,0
305588,1
305589,0
305590,6
305591,0
305592,1
305593,0
305594,0
305595,0
305596,0
305597,4
305598,0
305599,0
305600,0
305601,0
305602,0
305603,0
305604,6
305605,0
305606,0
305607,0
305608,0
305609,0
305610,0
305611,0
305612,3
305613,0
305614,0
305615,5
305616,3
305617,0
305618,0
305619,0
305620,0
305621,5
305622,0
305623,0
305624,0
305625,0
305626,0
305627,0
305628,4
305629,8
305630,4
305631,0
305632,0
305633,0
305634,0
305635,0
305636,3
305637,4
305638,0
305639,0
305640,1
305641,0
305642,0
305643,0
305644,0
305645,0
305646,0
305647,0
305648,0
305649,0
305650,0
305651,0
305652,0
305653,0
305654,0
305655,4
305656,0
305657,0
305658,0
305659,0
305660,0
305661,0
305662,0
305663,0
305664,4
305665,0
305666,0
305667,0
305668,0
305669,5
305670,0
305671,3
305672,2
305673,0
305674,3
305675,0
305676,0
305677,0
305678,0
305679,4
305680,0
305681,0
305682,0
305683,0
305684,5
305685,1
305686,0
305687,2
305688,5
305689,0
305690,0
305691,0
305692,0
305693,0
305694,2
305695,0
305696,0
305697,0
305698,6
305699,6
305700,0
305701,0
305702,6
305703,1
305704,0
305705,2
305706,0
305707,0
305708,0
305709,5
305710,0
305711,3
305712,0
305713,0
305714,5
305715,2
305716,0
305717,0
305718,3
305719,0
305720,0
305721,2
305722,0
305723,0
305724,0
305725,0
305726,0
305727,11
305728,3
305729,0
305730,0
305731,3
305732,0
305733,0
305734,1
305735,3
305736,0
305737,0
305738,0
305739,5
305740,0
305741,0
305742,0
305743,3
305744,0
305745,0
305746,0
305747,3
305748,0
305749,0
305750,6
305751,0
305752,0
305753,0
305754,0
305755,0
305756,0
305757,0
305758,0
305759,0
305760,0
305761,0
305762,0
305763,3
305764,0
305765,0
305766,0
305767,5
305768,0
305769,8
305770,6
305771,0
305772,0
305773,0
305774,2
305775,0
305776,0
305777,6
305778,0
305779,1
305780,0
305781,7
305782,7
305783,0
305784,0
305785,0
305786,0
305787,0
305788,0
305789,0
305790,0
305791,0
305792,0
305793,0
305794,0
305795,0
305796,0
305797,0
305798,3
305799,7
305800,0
305801,1
305802,0
305803,0
305804,0
305805,0
305806,0
305807,0
305808,0
305809,0
305810,3
305811,0
305812,0
305813,0
305814,2
305815,2
305816,0
305817,0
305818,3
305819,5
305820,0
305821,0
305822,1
305823,0
305824,0
305825,0
305826,0
305827,0
305828,0
305829,0
305830,0
305831,0
305832,0
305833,0
305834,0
305835,0
305836,0
305837,0
305838,0
305839,0
305840,0
305841,0
305842,0
305843,0
305844,0
305845,0
305846,17
305847,0
305848,12
305849,0
305850,0
305851,0
305852,0
305853,0
305854,0
305855,0
305856,0
305857,8
305858,0
305859,0
305860,0
305861,0
305862,0
305863,0
305864,13
305865,0
305866,0
305867,0
305868,0
305869,0
305870,0
305871,0
305872,0
305873,0
305874,0
305875,0
305876,0
305877,0
305878,0
305879,0
305880,0
305881,0
305882,0
305883,10
305884,0
305885,0
305886,0
305887,0
305888,0
305889,0
305890,0
305891,0
305892,0
305893,0
305894,0
305895,0
305896,0
305897,0
305898,0
305899,0
305900,0
305901,0
305902,0
305903,0
305904,0
305905,0
305906,0
305907,0
305908,0
305909,0
305910,0
305911,0
305912,0
305913,0
305914,0
305915,0
305916,0
305917,0
305918,0
305919,0
305920,0
305921,0
305922,10
305923,0
305924,0
305925,15
305926,0
305927,0
305928,0
305929,0
305930,14
305931,0
305932,0
305933,0
305934,0
305935,0
305936,0
305937,12
305938,16
305939,0
305940,0
305941,0
305942,0
305943,0
305944,0
305945,0
305946,0
305947,0
305948,0
305949,0
305950,0
305951,0
305952,0
305953,0
305954,18
305955,0
305956,0
305957,0
305958,0
305959,0
305960,0
305961,0
305962,0
305963,0
305964,0
305965,0
305966,0
305967,0
305968,0
305969,0
305970,0
305971,0
305972,0
305973,0
305974,0
305975,0
305976,0
305977,0
305978,0
305979,0
305980,0
305981,0
305982,0
305983,0
305984,0
305985,0
305986,0
305987,0
305988,24
305989,0
305990,0
305991,0
305992,0
305993,0
305994,0
305995,0
305996,0
305997,0
305998,0
305999,0
306000,0
306001,0
306002,13
306003,0
306004,0
306005,0
306006,10
306007,0
306008,0
306009,18
306010,0
306011,0
306012,0
306013,0
306014,14
306015,0
306016,0
306017,0
306018,0
306019,0
306020,0
306021,0
306022,0
306023,0
306024,16
306025,0
306026,0
306027,0
306028,0
306029,0
306030,0
306031,0
306032,0
306033,0
306034,0
306035,0
306036,0
306037,0
306038,8
306039,0
306040,0
306041,0
306042,0
306043,0
306044,0
306045,0
306046,0
306047,0
306048,0
306049,0
306050,0
306051,0
306052,0
306053,0
306054,0
306055,0
306056,0
306057,0
306058,0
306059,0
306060,0
306061,0
306062,0
306063,0
306064,8
306065,0
306066,0
306067,0
306068,0
306069,0
306070,0
306071,0
306072,10
306073,0
306074,0
306075,0
306076,0
306077,11
306078,0
306079,0
306080,0
306081,0
306082,0
306083,0
306084,0
306085,0
306086,0
306087,8
306088,0
306089,0
306090,0
306091,0
306092,0
306093,0
306094,0
306095,0
306096,17
306097,0
306098,0
306099,0
306100,0
306101,0
306102,0
306103,0
306104,0
306105,0
306106,12
306107,0
306108,0
306109,0
306110,0
306111,0
306112,0
306113,0
306114,0
306115,0
306116,0
306117,0
306118,0
306119,0
306120,0
306121,0
306122,0
306123,0
306124,0
306125,0
306126,0
306127,0
306128,0
306129,0
306130,0
306131,0
306132,0
306133,0
306134,9
306135,0
306136,0
306137,13
306138,0
306139,0
306140,0
306141,0
306142,0
306143,11
306144,0
306145,0
306146,0
306147,0
306148,0
306149,0
306150,0
306151,0
306152,0
306153,0
306154,0
306155,0
306156,0
306157,0
306158,0
306159,0
306160,0
306161,0
306162,0
306163,0
306164,0
306165,0
306166,0
306167,0
306168,0
306169,0
306170,0
306171,0
306172,17
306173,0
306174,0
306175,0
306176,0
306177,0
306178,0
306179,0
306180,15
306181,0
306182,0
306183,11
306184,0
306185,0
306186,0
306187,0
306188,0
306189,17
306190,0
306191,0
306192,16
306193,0
306194,0
306195,0
306196,0
306197,0
306198,0
306199,0
306200,0
306201,0
306202,0
306203,0
306204,17
306205,0
306206,0
306207,0
306208,0
306209,0
306210,0
306211,0
306212,0
306213,0
306214,0
306215,0
306216,0
306217,0
306218,0
306219,0
306220,0
306221,0
306222,0
306223,0
306224,0
306225,0
306226,0
306227,0
306228,0
306229,0
306230,0
306231,0
306232,0
306233,0
306234,0
306235,0
306236,0
306237,0
306238,12
306239,0
306240,0
306241,16
306242,13
306243,0
306244,0
306245,0
306246,0
306247,0
306248,0
306249,0
306250,0
306251,0
306252,0
306253,11
306254,0
306255,0
306256,0
306257,0
306258,0
306259,0
306260,0
306261,0
306262,0
306263,0
306264,0
306265,0
306266,0
306267,0
306268,0
306269,0
306270,0
306271,0
306272,0
306273,0
306274,0
306275,0
306276,0
306277,0
306278,0
306279,0
306280,0
306281,0
306282,0
306283,0
306284,0
306285,0
306286,0
306287,0
306288,0
306289,15
306290,0
306291,0
306292,0
306293,0
306294,0
306295,0
306296,0
306297,0
306298,0
306299,0
306300,0
306301,0
306302,0
306303,0
306304,0
306305,0
306306,0
306307,0
306308,0
306309,0
306310,0
306311,0
306312,0
306313,21
306314,0
306315,0
306316,0
306317,0
306318,0
306319,0
306320,0
306321,0
306322,0
306323,0
306324,0
306325,0
306326,0
306327,0
306328,0
306329,0
306330,0
306331,0
306332,0
306333,0
306334,0
306335,25
306336,0
306337,0
306338,0
306339,12
306340,0
306341,0
306342,20
306343,0
306344,0
306345,0
306346,0
306347,0
306348,0
306349,0
306350,0
306351,0
306352,0
306353,0
306354,0
306355,0
306356,0
306357,0
306358,0
306359,0
306360,0
306361,0
306362,0
306363,0
306364,0
306365,0
306366,0
306367,0
306368,0
306369,0
306370,0
306371,0
306372,0
306373,0
306374,0
306375,0
306376,0
306377,0
306378,17
306379,0
306380,0
306381,0
306382,0
306383,17
306384,0
306385,0
306386,12
306387,0
306388,0
306389,14
306390,0
306391,0
306392,16
306393,0
306394,0
306395,0
306396,0
306397,0
306398,0
306399,15
306400,0
306401,0
306402,0
306403,0
306404,0
306405,0
306406,0
306407,0
306408,0
306409,0
306410,0
306411,0
306412,0
306413,11
306414,6
306415,0
306416,0
306417,0
306418,0
306419,0
306420,0
306421,0
306422,16
306423,0
306424,0
306425,0
306426,0
306427,0
306428,0
306429,0
306430,0
306431,0
306432,0
306433,15
306434,0
306435,0
306436,0
306437,0
306438,0
306439,0
306440,0
306441,0
306442,0
306443,0
306444,0
306445,0
306446,0
306447,0
306448,0
306449,0
306450,0
306451,0
306452,0
306453,0
306454,0
306455,0
306456,0
306457,0
306458,0
306459,0
306460,0
306461,18
306462,0
306463,0
306464,0
306465,0
306466,0
306467,0
306468,0
306469,0
306470,0
306471,0
306472,0
306473,0
306474,0
306475,0
306476,0
306477,0
306478,0
306479,0
306480,0
306481,0
306482,0
306483,15
306484,0
306485,0
306486,0
306487,11
306488,0
306489,0
306490,0
306491,0
306492,0
306493,0
306494,0
306495,0
306496,0
306497,0
306498,0
306499,8
306500,0
306501,0
306502,13
306503,0
306504,0
306505,0
306506,0
306507,0
306508,0
306509,0
306510,0
306511,0
306512,0
306513,0
306514,10
306515,0
306516,0
306517,0
306518,0
306519,0
306520,0
306521,0
306522,0
306523,0
306524,0
306525,0
306526,0
306527,0
306528,0
306529,0
306530,14
306531,0
306532,0
306533,0
306534,0
306535,0
306536,0
306537,0
306538,0
306539,0
306540,0
306541,0
306542,0
306543,0
306544,0
306545,0
306546,23
306547,0
306548,0
306549,26
306550,0
306551,0
306552,31
306553,0
306554,0
306555,0
306556,0
306557,0
306558,0
306559,24
306560,0
306561,0
306562,0
306563,0
306564,0
306565,0
306566,37
306567,44
306568,45
306569,0
306570,0
306571,0
306572,0
306573,0
306574,0
306575,0
306576,0
306577,0
306578,0
306579,0
306580,0
306581,0
306582,0
306583,0
306584,0
306585,0
306586,0
306587,19
306588,0
306589,69
306590,0
306591,0
306592,0
306593,0
306594,33
306595,53
306596,0
306597,0
306598,0
306599,20
306600,54
306601,0
306602,0
306603,32
306604,17
306605,0
306606,0
306607,0
306608,0
306609,0
306610,46
306611,0
306612,0
306613,0
306614,0
306615,0
306616,0
306617,0
306618,0
306619,0
306620,0
306621,0
306622,0
306623,27
306624,0
306625,0
306626,0
306627,0
306628,0
306629,0
306630,40
306631,0
306632,0
306633,0
306634,0
306635,0
306636,49
306637,0
306638,34
306639,0
306640,0
306641,24
306642,0
306643,0
306644,0
306645,38
306646,43
306647,49
306648,0
306649,0
306650,0
306651,0
306652,16
306653,0
306654,0
306655,66
306656,0
306657,0
306658,0
306659,0
306660,0
306661,0
306662,0
306663,0
306664,0
306665,0
306666,0
306667,0
306668,0
306669,20
306670,0
306671,34
306672,0
306673,46
306674,0
306675,0
306676,26
306677,25
306678,0
306679,0
306680,0
306681,0
306682,0
306683,0
306684,25
306685,0
306686,33
306687,0
306688,0
306689,0
306690,0
306691,33
306692,0
306693,32
306694,0
306695,0
306696,0
306697,0
306698,0
306699,68
306700,0
306701,0
306702,28
306703,0
306704,0
306705,0
306706,0
306707,0
306708,0
306709,19
306710,0
306711,54
306712,0
306713,37
306714,0
306715,0
306716,0
306717,0
306718,0
306719,0
306720,0
306721,0
306722,38
306723,0
306724,0
306725,0
306726,0
306727,0
306728,0
306729,0
306730,0
306731,52
306732,0
306733,0
306734,0
306735,0
306736,0
306737,0
306738,0
306739,0
306740,0
306741,0
306742,0
306743,0
306744,40
306745,45
306746,0
306747,18
306748,0
306749,0
306750,0
306751,0
306752,0
306753,0
306754,28
306755,0
306756,0
306757,0
306758,0
306759,35
306760,0
306761,0
306762,68
306763,0
306764,0
306765,0
306766,0
306767,33
306768,54
306769,0
306770,0
306771,0
306772,0
306773,20
306774,0
306775,29
306776,0
306777,0
306778,0
306779,0
306780,32
306781,0
306782,0
306783,0
306784,0
306785,38
306786,0
306787,40
306788,0
306789,0
306790,0
306791,28
306792,0
306793,0
306794,16
306795,0
306796,0
306797,0
306798,0
306799,0
306800,0
306801,35
306802,0
306803,0
306804,0
306805,33
306806,0
306807,0
306808,0
306809,0
306810,0
306811,0
306812,0
306813,0
306814,0
306815,0
306816,0
306817,0
306818,0
306819,0
306820,0
306821,0
306822,0
306823,0
306824,0
306825,0
306826,0
306827,0
306828,0
306829,0
306830,0
306831,0
306832,0
306833,0
306834,0
306835,0
306836,28
306837,0
306838,0
306839,0
306840,0
306841,0
306842,0
306843,0
306844,0
306845,56
306846,40
306847,0
306848,0
306849,0
306850,0
306851,0
306852,26
306853,0
306854,0
306855,10
306856,0
306857,0
306858,24
306859,0
306860,32
306861,0
306862,0
306863,0
306864,0
306865,0
306866,0
306867,0
306868,0
306869,38
306870,0
306871,19
306872,0
306873,23
306874,57
306875,0
306876,0
306877,0
306878,0
306879,0
306880,49
306881,0
306882,0
306883,0
306884,0
306885,0
306886,49
306887,0
306888,0
306889,42
306890,0
306891,0
306892,0
306893,0
306894,0
306895,57
306896,51
306897,0
306898,0
306899,0
306900,0
306901,0
306902,0
306903,0
306904,0
306905,35
306906,54
306907,0
306908,0
306909,0
306910,0
306911,0
306912,0
306913,0
306914,0
306915,0
306916,16
306917,0
306918,0
306919,0
306920,0
306921,0
306922,0
306923,0
306924,0
306925,0
306926,0
306927,0
306928,0
306929,0
306930,0
306931,0
306932,0
306933,0
306934,19
306935,0
306936,0
306937,33
306938,0
306939,0
306940,52
306941,67
306942,39
306943,0
306944,26
306945,0
306946,0
306947,0
306948,0
306949,0
306950,0
306951,0
306952,0
306953,0
306954,30
306955,0
306956,37
306957,0
306958,0
306959,27
306960,0
306961,0
306962,0
306963,0
306964,0
306965,0
306966,0
306967,0
306968,0
306969,0
306970,21
306971,0
306972,0
306973,46
306974,0
306975,22
306976,36
306977,0
306978,0
306979,0
306980,0
306981,27
306982,0
306983,0
306984,0
306985,0
306986,0
306987,0
306988,0
306989,0
306990,22
306991,0
306992,18
306993,0
306994,0
306995,14
306996,0
306997,0
306998,0
306999,0
307000,0
307001,0
307002,0
307003,0
307004,22
307005,0
307006,44
307007,0
307008,0
307009,0
307010,18
307011,0
307012,0
307013,0
307014,0
307015,47
307016,32
307017,0
307018,0
307019,0
307020,0
307021,17
307022,0
307023,0
307024,0
307025,0
307026,58
307027,0
307028,0
307029,0
307030,0
307031,0
307032,0
307033,0
307034,0
307035,34
307036,32
307037,0
307038,0
307039,0
307040,0
307041,0
307042,0
307043,22
307044,57
307045,0
307046,18
307047,0
307048,27
307049,0
307050,0
307051,0
307052,0
307053,0
307054,0
307055,0
307056,0
307057,0
307058,0
307059,0
307060,0
307061,0
307062,53
307063,0
307064,0
307065,0
307066,0
307067,0
307068,0
307069,0
307070,0
307071,0
307072,0
307073,0
307074,0
307075,0
307076,0
307077,0
307078,0
307079,0
307080,0
307081,0
307082,0
307083,41
307084,31
307085,0
307086,0
307087,0
307088,0
307089,0
307090,0
307091,17
307092,0
307093,0
307094,23
307095,0
307096,0
307097,0
307098,34
307099,0
307100,0
307101,0
307102,0
307103,0
307104,0
307105,52
307106,0
307107,0
307108,0
307109,0
307110,0
307111,0
307112,29
307113,0
307114,0
307115,0
307116,33
307117,0
307118,0
307119,0
307120,0
307121,0
307122,0
307123,0
307124,0
307125,0
307126,25
307127,0
307128,0
307129,0
307130,21
307131,0
307132,29
307133,29
307134,0
307135,0
307136,0
307137,0
307138,0
307139,0
307140,0
307141,0
307142,0
307143,0
307144,0
307145,0
307146,0
307147,0
307148,0
307149,0
307150,0
307151,0
307152,28
307153,34
307154,41
307155,0
307156,0
307157,0
307158,30
307159,0
307160,0
307161,0
307162,0
307163,33
307164,41
307165,0
307166,0
307167,0
307168,0
307169,40
307170,0
307171,0
307172,0
307173,0
307174,26
307175,0
307176,0
307177,44
307178,0
307179,32
307180,0
307181,0
307182,0
307183,31
307184,40
307185,20
307186,0
307187,0
307188,0
307189,0
307190,0
307191,22
307192,0
307193,0
307194,30
307195,0
307196,0
307197,0
307198,34
307199,0
307200,0
307201,33
307202,0
307203,0
307204,0
307205,0
307206,0
307207,0
307208,0
307209,34
307210,0
307211,0
307212,0
307213,0
307214,0
307215,0
307216,0
307217,0
307218,41
307219,33
307220,0
307221,0
307222,0
307223,43
307224,39
307225,0
307226,0
307227,0
307228,0
307229,0
307230,28
307231,0
307232,0
307233,35
307234,0
307235,0
307236,33
307237,31
307238,32
307239,43
307240,30
307241,0
307242,0
307243,0
307244,0
307245,0
307246,29
307247,0
307248,0
307249,0
307250,0
307251,0
307252,0
307253,48
307254,0
307255,32
307256,0
307257,50
307258,30
307259,0
307260,36
307261,0
307262,0
307263,0
307264,34
307265,0
307266,30
307267,0
307268,0
307269,15
307270,0
307271,32
307272,0
307273,36
307274,0
307275,0
307276,0
307277,0
307278,0
307279,0
307280,0
307281,36
307282,0
307283,0
307284,33
307285,24
307286,0
307287,0
307288,0
307289,0
307290,0
307291,29
307292,0
307293,55
307294,0
307295,0
307296,0
307297,0
307298,19
307299,34
307300,0
307301,32
307302,0
307303,0
307304,0
307305,0
307306,20
307307,42
307308,0
307309,0
307310,0
307311,25
307312,0
307313,0
307314,0
307315,0
307316,27
307317,0
307318,0
307319,0
307320,0
307321,26
307322,12
307323,0
307324,41
307325,0
307326,0
307327,0
307328,0
307329,0
307330,36
307331,0
307332,0
307333,0
307334,0
307335,42
307336,0
307337,0
307338,0
307339,38
307340,29
307341,31
307342,0
307343,0
307344,0
307345,0
307346,0
307347,0
307348,0
307349,0
307350,0
307351,0
307352,0
307353,0
307354,0
307355,0
307356,0
307357,28
307358,0
307359,0
307360,0
307361,0
307362,0
307363,31
307364,0
307365,0
307366,23
307367,0
307368,0
307369,0
307370,27
307371,0
307372,0
307373,0
307374,0
307375,0
307376,0
307377,0
307378,0
307379,0
307380,33
307381,44
307382,0
307383,0
307384,0
307385,0
307386,26
307387,0
307388,0
307389,13
307390,14
307391,51
307392,0
307393,0
307394,0
307395,0
307396,0
307397,0
307398,0
307399,0
307400,0
307401,0
307402,0
307403,0
307404,24
307405,0
307406,0
307407,0
307408,0
307409,0
307410,0
307411,0
307412,0
307413,0
307414,0
307415,0
307416,29
307417,0
307418,0
307419,0
307420,0
307421,0
307422,0
307423,0
307424,0
307425,0
307426,0
307427,0
307428,0
307429,0
307430,0
307431,0
307432,0
307433,0
307434,0
307435,0
307436,0
307437,0
307438,0
307439,0
307440,0
307441,0
307442,0
307443,0
307444,0
307445,0
307446,0
307447,0
307448,0
307449,0
307450,0
307451,0
307452,0
307453,0
307454,0
307455,0
307456,0
307457,0
307458,0
307459,0
307460,0
307461,0
307462,21
307463,0
307464,9
307465,26
307466,0
307467,20
307468,0
307469,0
307470,0
307471,0
307472,0
307473,31
307474,0
307475,0
307476,0
307477,0
307478,0
307479,0
307480,0
307481,0
307482,0
307483,0
307484,0
307485,0
307486,0
307487,0
307488,0
307489,0
307490,0
307491,11
307492,0
307493,37
307494,0
307495,0
307496,0
307497,0
307498,0
307499,0
307500,0
307501,0
307502,0
307503,0
307504,19
307505,0
307506,0
307507,0
307508,0
307509,43
307510,0
307511,18
307512,0
307513,0
307514,0
307515,0
307516,0
307517,0
307518,0
307519,0
307520,0
307521,0
307522,0
307523,0
307524,0
307525,0
307526,0
307527,0
307528,0
307529,0
307530,0
307531,0
307532,0
307533,0
307534,0
307535,33
307536,0
307537,0
307538,0
307539,0
307540,0
307541,0
307542,0
307543,0
307544,0
307545,53
307546,31
307547,0
307548,0
307549,0
307550,0
307551,0
307552,0
307553,0
307554,0
307555,0
307556,0
307557,0
307558,0
307559,0
307560,0
307561,0
307562,0
307563,0
307564,19
307565,0
307566,0
307567,14
307568,0
307569,0
307570,0
307571,0
307572,0
307573,0
307574,0
307575,0
307576,0
307577,0
307578,0
307579,0
307580,0
307581,0
307582,0
307583,27
307584,0
307585,0
307586,44
307587,0
307588,0
307589,0
307590,0
307591,0
307592,0
307593,0
307594,0
307595,0
307596,39
307597,0
307598,0
307599,0
307600,0
307601,0
307602,0
307603,0
307604,0
307605,0
307606,11
307607,58
307608,0
307609,0
307610,30
307611,0
307612,0
307613,0
307614,0
307615,0
307616,0
307617,40
307618,0
307619,0
307620,10
307621,0
307622,0
307623,0
307624,0
307625,0
307626,0
307627,0
307628,0
307629,0
307630,0
307631,0
307632,0
307633,0
307634,0
307635,0
307636,0
307637,0
307638,0
307639,0
307640,17
307641,0
307642,27
307643,0
307644,0
307645,30
307646,0
307647,0
307648,0
307649,0
307650,23
307651,0
307652,0
307653,0
307654,0
307655,25
307656,0
307657,0
307658,0
307659,0
307660,0
307661,0
307662,0
307663,0
307664,34
307665,0
307666,0
307667,0
307668,18
307669,0
307670,0
307671,0
307672,0
307673,0
307674,19
307675,0
307676,0
307677,0
307678,0
307679,15
307680,0
307681,0
307682,0
307683,0
307684,0
307685,0
307686,0
307687,20
307688,0
307689,0
307690,0
307691,0
307692,0
307693,0
307694,0
307695,0
307696,0
307697,17
307698,31
307699,48
307700,0
307701,0
307702,0
307703,0
307704,0
307705,0
307706,0
307707,0
307708,0
307709,0
307710,0
307711,0
307712,26
307713,0
307714,0
307715,0
307716,36
307717,0
307718,0
307719,0
307720,0
307721,0
307722,0
307723,0
307724,15
307725,0
307726,40
307727,0
307728,58
307729,21
307730,0
307731,14
307732,0
307733,0
307734,0
307735,28
307736,0
307737,41
307738,0
307739,14
307740,0
307741,0
307742,0
307743,0
307744,37
307745,0
307746,32
307747,0
307748,0
307749,24
307750,0
307751,0
307752,0
307753,0
307754,0
307755,0
307756,0
307757,0
307758,0
307759,0
307760,0
307761,0
307762,0
307763,0
307764,0
307765,33
307766,0
307767,0
307768,0
307769,19
307770,0
307771,0
307772,0
307773,15
307774,0
307775,0
307776,0
307777,0
307778,0
307779,52
307780,0
307781,0
307782,33
307783,0
307784,0
307785,0
307786,0
307787,0
307788,0
307789,0
307790,0
307791,0
307792,0
307793,40
307794,0
307795,0
307796,0
307797,42
307798,0
307799,21
307800,0
307801,0
307802,0
307803,12
307804,0
307805,0
307806,0
307807,0
307808,0
307809,0
307810,0
307811,0
307812,0
307813,0
307814,25
307815,39
307816,0
307817,0
307818,0
307819,0
307820,0
307821,0
307822,28
307823,0
307824,0
307825,0
307826,41
307827,0
307828,0
307829,0
307830,0
307831,0
307832,0
307833,0
307834,25
307835,35
307836,0
307837,17
307838,0
307839,0
307840,22
307841,0
307842,0
307843,0
307844,42
307845,0
307846,0
307847,0
307848,0
307849,0
307850,0
307851,0
307852,0
307853,0
307854,0
307855,0
307856,0
307857,0
307858,0
307859,0
307860,0
307861,0
307862,0
307863,0
307864,0
307865,0
307866,0
307867,0
307868,0
307869,0
307870,0
307871,0
307872,0
307873,0
307874,0
307875,0
307876,0
307877,22
307878,0
307879,33
307880,48
307881,0
307882,0
307883,0
307884,0
307885,0
307886,0
307887,0
307888,0
307889,0
307890,57
307891,0
307892,0
307893,0
307894,0
307895,36
307896,0
307897,0
307898,0
307899,0
307900,0
307901,0
307902,0
307903,0
307904,0
307905,0
307906,0
307907,0
307908,25
307909,0
307910,0
307911,0
307912,0
307913,0
307914,0
307915,0
307916,0
307917,0
307918,0
307919,12
307920,0
307921,0
307922,0
307923,0
307924,0
307925,0
307926,0
307927,0
307928,0
307929,0
307930,0
307931,0
307932,36
307933,0
307934,0
307935,0
307936,0
307937,0
307938,0
307939,0
307940,0
307941,0
307942,0
307943,0
307944,0
307945,0
307946,0
307947,0
307948,0
307949,0
307950,0
307951,0
307952,57
307953,0
307954,0
307955,0
307956,0
307957,0
307958,0
307959,0
307960,0
307961,0
307962,0
307963,0
307964,0
307965,42
307966,0
307967,0
307968,0
307969,0
307970,0
307971,0
307972,0
307973,17
307974,24
307975,0
307976,0
307977,0
307978,0
307979,0
307980,0
307981,0
307982,0
307983,0
307984,15
307985,0
307986,0
307987,0
307988,0
307989,0
307990,0
307991,0
307992,0
307993,0
307994,0
307995,0
307996,0
307997,0
307998,0
307999,0
308000,0
308001,27
308002,0
308003,0
308004,0
308005,0
308006,0
308007,0
308008,0
308009,0
308010,12
308011,0
308012,0
308013,0
308014,0
308015,0
308016,26
308017,0
308018,0
308019,0
308020,0
308021,0
308022,0
308023,0
308024,0
308025,0
308026,0
308027,0
308028,0
308029,0
308030,0
308031,0
308032,31
308033,0
308034,0
308035,0
308036,19
308037,50
308038,11
308039,0
308040,0
308041,0
308042,0
308043,0
308044,0
308045,34
308046,0
308047,0
308048,0
308049,0
308050,0
308051,0
308052,0
308053,0
308054,0
308055,0
308056,0
308057,0
308058,0
308059,0
308060,0
308061,43
308062,0
308063,0
308064,0
308065,0
308066,0
308067,0
308068,0
308069,0
308070,0
308071,0
308072,20
308073,0
308074,0
308075,20
308076,0
308077,0
308078,0
308079,0
308080,0
308081,0
308082,0
308083,0
308084,0
308085,0
308086,0
308087,0
308088,0
308089,0
308090,0
308091,0
308092,0
308093,0
308094,0
308095,0
308096,0
308097,0
308098,28
308099,0
308100,0
308101,0
308102,23
308103,0
308104,0
308105,0
308106,0
308107,0
308108,0
308109,20
308110,0
308111,0
308112,0
308113,0
308114,0
308115,0
308116,0
308117,0
308118,0
308119,0
308120,0
308121,0
308122,0
308123,0
308124,0
308125,0
308126,0
308127,0
308128,0
308129,0
308130,28
308131,0
308132,0
308133,0
308134,11
308135,0
308136,0
308137,0
308138,0
308139,0
308140,0
308141,0
308142,0
308143,0
308144,0
308145,0
308146,0
308147,24
308148,0
308149,0
308150,23
308151,0
308152,0
308153,0
308154,0
308155,0
308156,0
308157,0
308158,22
308159,0
308160,0
308161,0
308162,0
308163,20
308164,0
308165,0
308166,0
308167,32
308168,0
308169,25
308170,0
308171,0
308172,0
308173,0
308174,0
308175,25
308176,0
308177,0
308178,0
308179,0
308180,0
308181,0
308182,0
308183,0
308184,12
308185,0
308186,0
308187,0
308188,24
308189,0
308190,0
308191,14
308192,0
308193,0
308194,0
308195,25
308196,0
308197,0
308198,0
308199,0
308200,0
308201,0
308202,0
308203,0
308204,0
308205,0
308206,0
308207,0
308208,0
308209,16
308210,0
308211,0
308212,0
308213,0
308214,0
308215,0
308216,0
308217,24
308218,15
308219,0
308220,0
308221,32
308222,32
308223,0
308224,0
308225,43
308226,11
308227,13
308228,29
308229,0
308230,0
308231,0
308232,0
308233,0
308234,0
308235,0
308236,0
308237,0
308238,0
308239,0
308240,14
308241,0
308242,0
308243,0
308244,0
308245,0
308246,0
308247,0
308248,0
308249,24
308250,0
308251,24
308252,0
308253,0
308254,0
308255,0
308256,12
308257,0
308258,0
308259,0
308260,0
308261,0
308262,0
308263,0
308264,0
308265,0
308266,0
308267,0
308268,0
308269,0
308270,16
308271,0
308272,0
308273,0
308274,0
308275,0
308276,0
308277,0
308278,0
308279,0
308280,0
308281,0
308282,9
308283,0
308284,0
308285,0
308286,0
308287,0
308288,23
308289,0
308290,0
308291,0
308292,0
308293,0
308294,0
308295,0
308296,19
308297,0
308298,0
308299,0
308300,33
308301,0
308302,0
308303,0
308304,0
308305,0
308306,0
308307,0
308308,0
308309,30
308310,0
308311,0
308312,0
308313,0
308314,0
308315,0
308316,38
308317,0
308318,18
308319,0
308320,37
308321,0
308322,0
308323,0
308324,0
308325,0
308326,0
308327,0
308328,0
308329,0
308330,0
308331,0
308332,0
308333,0
308334,0
308335,0
308336,0
308337,30
308338,0
308339,0
308340,6
308341,0
308342,0
308343,34
308344,0
308345,0
308346,0
308347,0
308348,0
308349,0
308350,0
308351,0
308352,0
308353,0
308354,0
308355,0
308356,21
308357,0
308358,0
308359,0
308360,0
308361,0
308362,0
308363,0
308364,0
308365,0
308366,0
308367,0
308368,31
308369,0
308370,0
308371,0
308372,0
308373,0
308374,0
308375,0
308376,0
308377,0
308378,0
308379,0
308380,0
308381,0
308382,0
308383,0
308384,0
308385,0
308386,0
308387,0
308388,0
308389,0
308390,0
308391,0
308392,0
308393,0
308394,0
308395,0
308396,0
308397,0
308398,0
308399,0
308400,0
308401,0
308402,0
308403,0
308404,0
308405,30
308406,0
308407,0
308408,0
308409,22
308410,0
308411,0
308412,0
308413,0
308414,0
308415,0
308416,0
308417,0
308418,0
308419,0
308420,0
308421,0
308422,22
308423,0
308424,0
308425,0
308426,42
308427,0
308428,0
308429,0
308430,0
308431,0
308432,0
308433,0
308434,0
308435,0
308436,0
308437,0
308438,0
308439,0
308440,0
308441,0
308442,0
308443,0
308444,0
308445,0
308446,46
308447,0
308448,0
308449,0
308450,0
308451,48
308452,0
308453,0
308454,30
308455,0
308456,0
308457,0
308458,46
308459,0
308460,0
308461,0
308462,0
308463,0
308464,0
308465,0
308466,0
308467,46
308468,0
308469,0
308470,0
308471,0
308472,0
308473,0
308474,0
308475,23
308476,0
308477,0
308478,0
308479,0
308480,40
308481,0
308482,0
308483,0
308484,0
308485,0
308486,0
308487,0
308488,0
308489,0
308490,0
308491,0
308492,0
308493,0
308494,52
308495,0
308496,0
308497,0
308498,0
308499,35
308500,0
308501,0
308502,0
308503,0
308504,0
308505,0
308506,0
308507,0
308508,0
308509,0
308510,16
308511,0
308512,0
308513,0
308514,0
308515,0
308516,0
308517,0
308518,0
308519,0
308520,0
308521,0
308522,0
308523,0
308524,0
308525,0
308526,0
308527,0
308528,0
308529,0
308530,0
308531,0
308532,0
308533,0
308534,0
308535,27
308536,0
308537,0
308538,0
308539,37
308540,0
308541,0
308542,0
308543,0
308544,0
308545,0
308546,0
308547,0
308548,0
308549,0
308550,0
308551,0
308552,0
308553,0
308554,0
308555,0
308556,0
308557,0
308558,0
308559,0
308560,0
308561,43
308562,0
308563,0
308564,0
308565,0
308566,0
308567,0
308568,0
308569,0
308570,31
308571,0
308572,29
308573,0
308574,37
308575,0
308576,0
308577,0
308578,0
308579,0
308580,0
308581,33
308582,0
308583,0
308584,0
308585,0
308586,0
308587,0
308588,0
308589,0
308590,0
308591,0
308592,0
308593,0
308594,0
308595,0
308596,55
308597,0
308598,0
308599,0
308600,0
308601,0
308602,0
308603,51
308604,0
308605,0
308606,0
308607,0
308608,0
308609,39
308610,0
308611,0
308612,26
308613,0
308614,0
308615,0
308616,0
308617,0
308618,0
308619,52
308620,0
308621,0
308622,0
308623,41
308624,0
308625,0
308626,0
308627,0
308628,0
308629,0
308630,0
308631,0
308632,0
308633,0
308634,0
308635,0
308636,0
308637,0
308638,0
308639,0
308640,0
308641,0
308642,0
308643,0
308644,0
308645,0
308646,45
308647,0
308648,0
308649,0
308650,0
308651,0
308652,0
308653,0
308654,0
308655,20
308656,0
308657,0
308658,0
308659,0
308660,0
308661,0
308662,0
308663,0
308664,0
308665,0
308666,0
308667,0
308668,0
308669,0
308670,0
308671,0
308672,0
308673,0
308674,0
308675,0
308676,45
308677,0
308678,0
308679,0
308680,0
308681,29
308682,0
308683,0
308684,0
308685,0
308686,0
308687,0
308688,0
308689,0
308690,39
308691,0
308692,0
308693,0
308694,0
308695,0
308696,0
308697,0
308698,0
308699,0
308700,0
308701,0
308702,0
308703,0
308704,0
308705,0
308706,0
308707,0
308708,0
308709,0
308710,0
308711,0
308712,0
308713,0
308714,0
308715,0
308716,0
308717,0
308718,0
308719,0
308720,0
308721,0
308722,0
308723,16
308724,0
308725,0
308726,0
308727,0
308728,0
308729,0
308730,0
308731,0
308732,0
308733,0
308734,0
308735,0
308736,0
308737,44
308738,0
308739,0
308740,0
308741,0
308742,0
308743,0
308744,0
308745,0
308746,0
308747,0
308748,0
308749,0
308750,0
308751,0
308752,0
308753,0
308754,0
308755,0
308756,0
308757,0
308758,0
308759,0
308760,0
308761,0
308762,0
308763,0
308764,0
308765,0
308766,0
308767,0
308768,0
308769,0
308770,0
308771,0
308772,0
308773,0
308774,0
308775,0
308776,0
308777,0
308778,0
308779,0
308780,0
308781,0
308782,0
308783,0
308784,0
308785,37
308786,0
308787,0
308788,0
308789,0
308790,0
308791,0
308792,35
308793,0
308794,0
308795,0
308796,0
308797,0
308798,36
308799,0
308800,0
308801,0
308802,0
308803,0
308804,50
308805,0
308806,0
308807,0
308808,0
308809,0
308810,0
308811,0
308812,47
308813,0
308814,0
308815,0
308816,0
308817,0
308818,0
308819,0
308820,0
308821,0
308822,0
308823,0
308824,0
308825,38
308826,22
308827,0
308828,0
308829,0
308830,0
308831,0
308832,0
308833,35
308834,0
308835,26
308836,0
308837,0
308838,0
308839,0
308840,0
308841,0
308842,0
308843,0
308844,0
308845,0
308846,0
308847,0
308848,0
308849,0
308850,0
308851,0
308852,0
308853,0
308854,0
308855,0
308856,0
308857,0
308858,0
308859,0
308860,28
308861,24
308862,22
308863,0
308864,0
308865,0
308866,0
308867,16
308868,0
308869,27
308870,19
308871,19
308872,22
308873,26
308874,0
308875,0
308876,0
308877,0
308878,0
308879,0
308880,26
308881,0
308882,0
308883,0
308884,0
308885,0
308886,0
308887,0
308888,0
308889,27
308890,0
308891,0
308892,0
308893,0
308894,0
308895,0
308896,0
308897,16
308898,30
308899,0
308900,0
308901,26
308902,0
308903,0
308904,0
308905,29
308906,22
308907,0
308908,0
308909,0
308910,0
308911,19
308912,0
308913,18
308914,0
308915,33
308916,0
308917,27
308918,0
308919,0
308920,19
308921,0
308922,24
308923,0
308924,0
308925,21
308926,0
308927,0
308928,25
308929,0
308930,0
308931,25
308932,26
308933,0
308934,0
308935,0
308936,0
308937,0
308938,21
308939,0
308940,24
308941,0
308942,0
308943,0
308944,0
308945,0
308946,0
308947,39
308948,0
308949,0
308950,0
308951,0
308952,0
308953,0
308954,15
308955,0
308956,22
308957,0
308958,0
308959,0
308960,33
308961,0
308962,0
308963,24
308964,21
308965,0
308966,0
308967,14
308968,0
308969,0
308970,0
308971,32
308972,0
308973,0
308974,0
308975,0
308976,20
308977,0
308978,0
308979,0
308980,29
308981,36
308982,0
308983,0
308984,23
308985,0
308986,25
308987,0
308988,0
308989,0
308990,0
308991,0
308992,20
308993,0
308994,0
308995,0
308996,0
308997,0
308998,0
308999,0
309000,0
309001,0
309002,0
309003,0
309004,14
309005,0
309006,0
309007,0
309008,18
309009,24
309010,16
309011,0
309012,0
309013,0
309014,0
309015,0
309016,0
309017,0
309018,0
309019,0
309020,27
309021,0
309022,19
309023,0
309024,0
309025,18
309026,25
309027,21
309028,0
309029,0
309030,0
309031,29
309032,35
309033,14
309034,33
309035,0
309036,0
309037,0
309038,14
309039,0
309040,23
309041,0
309042,0
309043,0
309044,0
309045,0
309046,21
309047,0
309048,0
309049,0
309050,0
309051,15
309052,25
309053,0
309054,0
309055,0
309056,0
309057,0
309058,0
309059,29
309060,0
309061,0
309062,0
309063,26
309064,0
309065,0
309066,0
309067,0
309068,0
309069,0
309070,28
309071,0
309072,0
309073,0
309074,0
309075,0
309076,0
309077,18
309078,0
309079,0
309080,0
309081,13
309082,26
309083,0
309084,0
309085,0
309086,0
309087,27
309088,28
309089,0
309090,0
309091,22
309092,0
309093,0
309094,34
309095,30
309096,0
309097,0
309098,0
309099,20
309100,0
309101,0
309102,0
309103,0
309104,0
309105,0
309106,24
309107,0
309108,28
309109,0
309110,0
309111,0
309112,0
309113,18
309114,11
309115,0
309116,16
309117,0
309118,17
309119,0
309120,0
309121,0
309122,0
309123,0
309124,0
309125,0
309126,0
309127,27
309128,21
309129,0
309130,0
309131,26
309132,0
309133,0
309134,29
309135,18
309136,0
309137,25
309138,25
309139,28
309140,0
309141,22
309142,0
309143,0
309144,20
309145,0
309146,0
309147,0
309148,0
309149,0
309150,0
309151,0
309152,0
309153,0
309154,0
309155,23
309156,29
309157,0
309158,0
309159,34
309160,0
309161,0
309162,0
309163,0
309164,0
309165,0
309166,17
309167,0
309168,0
309169,35
309170,0
309171,0
309172,0
309173,0
309174,0
309175,24
309176,0
309177,0
309178,27
309179,0
309180,0
309181,0
309182,22
309183,0
309184,26
309185,0
309186,0
309187,29
309188,22
309189,0
309190,0
309191,0
309192,0
309193,0
309194,12
309195,0
309196,9
309197,0
309198,0
309199,0
309200,0
309201,0
309202,32
309203,0
309204,0
309205,26
309206,0
309207,0
309208,0
309209,0
309210,0
309211,0
309212,10
309213,0
309214,0
309215,0
309216,0
309217,19
309218,16
309219,0
309220,0
309221,42
309222,0
309223,0
309224,0
309225,17
309226,30
309227,0
309228,0
309229,0
309230,0
309231,0
309232,0
309233,0
309234,0
309235,23
309236,20
309237,48
309238,0
309239,0
309240,0
309241,0
309242,0
309243,0
309244,0
309245,0
309246,0
309247,0
309248,0
309249,0
309250,34
309251,0
309252,23
309253,21
309254,18
309255,0
309256,19
309257,16
309258,0
309259,19
309260,0
309261,0
309262,0
309263,0
309264,0
309265,0
309266,0
309267,19
309268,23
309269,0
309270,28
309271,0
309272,0
309273,17
309274,0
309275,27
309276,0
309277,0
309278,0
309279,0
309280,0
309281,0
309282,0
309283,0
309284,33
309285,0
309286,30
309287,21
309288,0
309289,0
309290,0
309291,0
309292,0
309293,0
309294,0
309295,0
309296,0
309297,31
309298,0
309299,0
309300,0
309301,0
309302,28
309303,0
309304,0
309305,0
309306,0
309307,0
309308,0
309309,0
309310,0
309311,0
309312,0
309313,16
309314,0
309315,0
309316,0
309317,0
309318,0
309319,0
309320,0
309321,0
309322,0
309323,0
309324,0
309325,0
309326,0
309327,0
309328,0
309329,0
309330,0
309331,0
309332,0
309333,0
309334,0
309335,21
309336,0
309337,15
309338,0
309339,0
309340,15
309341,28
309342,0
309343,0
309344,0
309345,20
309346,0
309347,25
309348,0
309349,0
309350,32
309351,0
309352,0
309353,24
309354,20
309355,0
309356,20
309357,0
309358,0
309359,0
309360,0
309361,0
309362,0
309363,0
309364,0
309365,0
309366,0
309367,0
309368,20
309369,0
309370,22
309371,0
309372,0
309373,16
309374,0
309375,0
309376,20
309377,0
309378,24
309379,0
309380,26
309381,0
309382,0
309383,17
309384,26
309385,0
309386,24
309387,0
309388,32
309389,0
309390,29
309391,0
309392,20
309393,0
309394,0
309395,0
309396,0
309397,20
309398,18
309399,0
309400,28
309401,0
309402,29
309403,0
309404,23
309405,25
309406,0
309407,0
309408,25
309409,20
309410,0
309411,22
309412,0
309413,32
309414,22
309415,0
309416,0
309417,20
309418,0
309419,0
309420,32
309421,0
309422,0
309423,0
309424,0
309425,25
309426,29
309427,0
309428,24
309429,0
309430,17
309431,0
309432,0
309433,0
309434,36
309435,0
309436,0
309437,21
309438,0
309439,0
309440,0
309441,0
309442,0
309443,0
309444,0
309445,25
309446,22
309447,0
309448,20
309449,0
309450,0
309451,22
309452,14
309453,0
309454,20
309455,0
309456,22
309457,0
309458,37
309459,15
309460,23
309461,0
309462,0
309463,19
309464,0
309465,0
309466,0
309467,0
309468,21
309469,19
309470,0
309471,0
309472,0
309473,21
309474,0
309475,0
309476,0
309477,0
309478,19
309479,0
309480,14
309481,0
309482,0
309483,0
309484,0
309485,25
309486,0
309487,13
309488,12
309489,18
309490,32
309491,0
309492,0
309493,19
309494,0
309495,0
309496,0
309497,0
309498,0
309499,3
309500,0
309501,8
309502,0
309503,7
309504,0
309505,0
309506,0
309507,0
309508,0
309509,0
309510,0
309511,0
309512,0
309513,0
309514,0
309515,0
309516,0
309517,0
309518,0
309519,0
309520,0
309521,0
309522,2
309523,2
309524,3
309525,0
309526,0
309527,0
309528,0
309529,0
309530,0
309531,0
309532,0
309533,0
309534,0
309535,0
309536,0
309537,0
309538,0
309539,6
309540,0
309541,0
309542,0
309543,6
309544,0
309545,0
309546,0
309547,0
309548,3
309549,0
309550,0
309551,0
309552,0
309553,0
309554,0
309555,0
309556,0
309557,0
309558,3
309559,1
309560,0
309561,0
309562,0
309563,4
309564,0
309565,0
309566,0
309567,0
309568,0
309569,0
309570,0
309571,0
309572,0
309573,8
309574,0
309575,0
309576,1
309577,0
309578,0
309579,0
309580,3
309581,0
309582,0
309583,0
309584,0
309585,0
309586,6
309587,0
309588,0
309589,11
309590,0
309591,0
309592,5
309593,0
309594,0
309595,0
309596,0
309597,0
309598,0
309599,0
309600,0
309601,0
309602,0
309603,0
309604,0
309605,0
309606,0
309607,0
309608,0
309609,0
309610,0
309611,4
309612,0
309613,3
309614,0
309615,0
309616,0
309617,0
309618,0
309619,0
309620,0
309621,0
309622,0
309623,0
309624,0
309625,1
309626,0
309627,6
309628,0
309629,0
309630,0
309631,0
309632,0
309633,0
309634,0
309635,0
309636,0
309637,5
309638,0
309639,0
309640,0
309641,0
309642,0
309643,0
309644,0
309645,0
309646,8
309647,0
309648,0
309649,0
309650,0
309651,0
309652,5
309653,0
309654,0
309655,0
309656,0
309657,7
309658,0
309659,0
309660,0
309661,0
309662,0
309663,0
309664,0
309665,0
309666,6
309667,0
309668,0
309669,0
309670,0
309671,0
309672,0
309673,0
309674,0
309675,0
309676,0
309677,0
309678,0
309679,3
309680,0
309681,0
309682,0
309683,0
309684,0
309685,9
309686,0
309687,0
309688,5
309689,0
309690,0
309691,0
309692,4
309693,7
309694,0
309695,4
309696,0
309697,0
309698,4
309699,0
309700,5
309701,0
309702,0
309703,0
309704,0
309705,0
309706,0
309707,0
309708,0
309709,0
309710,0
309711,0
309712,2
309713,4
309714,0
309715,0
309716,0
309717,0
309718,5
309719,0
309720,0
309721,0
309722,0
309723,0
309724,0
309725,0
309726,0
309727,0
309728,5
309729,0
309730,0
309731,0
309732,0
309733,0
309734,0
309735,0
309736,0
309737,0
309738,2
309739,0
309740,0
309741,0
309742,0
309743,0
309744,0
309745,0
309746,0
309747,0
309748,2
309749,0
309750,0
309751,0
309752,0
309753,0
309754,0
309755,0
309756,0
309757,0
309758,0
309759,0
309760,0
309761,0
309762,5
309763,0
309764,0
309765,0
309766,0
309767,0
309768,0
309769,0
309770,0
309771,0
309772,0
309773,0
309774,0
309775,0
309776,0
309777,0
309778,0
309779,0
309780,0
309781,0
309782,0
309783,0
309784,0
309785,0
309786,0
309787,0
309788,0
309789,5
309790,0
309791,0
309792,0
309793,0
309794,0
309795,8
309796,8
309797,0
309798,0
309799,0
309800,0
309801,0
309802,0
309803,0
309804,16
309805,0
309806,0
309807,0
309808,10
309809,0
309810,0
309811,0
309812,0
309813,0
309814,0
309815,0
309816,0
309817,9
309818,0
309819,0
309820,0
309821,0
309822,0
309823,0
309824,6
309825,0
309826,0
309827,0
309828,0
309829,0
309830,0
309831,13
309832,0
309833,16
309834,0
309835,0
309836,0
309837,0
309838,0
309839,0
309840,0
309841,0
309842,0
309843,0
309844,0
309845,9
309846,0
309847,0
309848,0
309849,0
309850,0
309851,0
309852,0
309853,0
309854,0
309855,0
309856,0
309857,21
309858,0
309859,11
309860,0
309861,0
309862,0
309863,0
309864,0
309865,0
309866,0
309867,0
309868,11
309869,0
309870,7
309871,0
309872,0
309873,0
309874,0
309875,7
309876,0
309877,0
309878,0
309879,8
309880,0
309881,0
309882,0
309883,0
309884,0
309885,0
309886,8
309887,0
309888,0
309889,0
309890,0
309891,15
309892,0
309893,0
309894,0
309895,0
309896,0
309897,0
309898,0
309899,0
309900,0
309901,0
309902,0
309903,0
309904,11
309905,0
309906,0
309907,0
309908,0
309909,0
309910,0
309911,7
309912,0
309913,0
309914,0
309915,0
309916,0
309917,0
309918,0
309919,0
309920,0
309921,0
309922,0
309923,0
309924,0
309925,0
309926,0
309927,6
309928,0
309929,7
309930,9
309931,7
309932,0
309933,0
309934,0
309935,14
309936,0
309937,0
309938,0
309939,8
309940,11
309941,0
309942,0
309943,9
309944,0
309945,0
309946,0
309947,0
309948,10
309949,0
309950,0
309951,10
309952,0
309953,0
309954,7
309955,10
309956,7
309957,0
309958,10
309959,9
309960,0
309961,0
309962,0
309963,11
309964,11
309965,0
309966,0
309967,12
309968,5
309969,6
309970,0
309971,0
309972,9
309973,0
309974,0
309975,0
309976,8
309977,10
309978,0
309979,9
309980,0
309981,0
309982,0
309983,0
309984,0
309985,8
309986,0
309987,0
309988,0
309989,0
309990,0
309991,0
309992,0
309993,18
309994,13
309995,0
309996,0
309997,0
309998,0
309999,0
310000,0
310001,0
310002,0
310003,0
310004,0
310005,0
310006,0
310007,0
310008,7
310009,0
310010,0
310011,0
310012,0
310013,0
310014,0
310015,0
310016,0
310017,11
310018,0
310019,0
310020,0
310021,0
310022,0
310023,0
310024,0
310025,0
310026,0
310027,0
310028,0
310029,15
310030,0
310031,0
310032,0
310033,0
310034,0
310035,12
310036,0
310037,0
310038,0
310039,0
310040,0
310041,0
310042,0
310043,0
310044,0
310045,0
310046,0
310047,0
310048,0
310049,8
310050,0
310051,0
310052,0
310053,0
310054,8
310055,0
310056,0
310057,0
310058,0
310059,5
310060,0
310061,0
310062,0
310063,0
310064,0
310065,0
310066,0
310067,0
310068,0
310069,0
310070,0
310071,8
310072,0
310073,17
310074,0
310075,14
310076,0
310077,0
310078,0
310079,0
310080,0
310081,0
310082,0
310083,0
310084,0
310085,0
310086,0
310087,0
310088,0
310089,0
310090,12
310091,0
310092,12
310093,0
310094,0
310095,0
310096,0
310097,0
310098,10
310099,0
310100,0
310101,0
310102,0
310103,0
310104,10
310105,0
310106,0
310107,0
310108,0
310109,9
310110,0
310111,9
310112,0
310113,0
310114,0
310115,0
310116,18
310117,0
310118,0
310119,0
310120,0
310121,0
310122,0
310123,0
310124,0
310125,0
310126,0
310127,0
310128,0
310129,0
310130,0
310131,5
310132,0
310133,0
310134,7
310135,0
310136,4
310137,0
310138,7
310139,0
310140,0
310141,0
310142,0
310143,8
310144,0
310145,0
310146,11
310147,0
310148,0
310149,7
310150,0
310151,0
310152,0
310153,0
310154,0
310155,0
310156,0
310157,0
310158,0
310159,0
310160,0
310161,0
310162,0
310163,0
310164,11
310165,0
310166,10
310167,0
310168,0
310169,0
310170,7
310171,0
310172,0
310173,3
310174,0
310175,0
310176,7
310177,0
310178,0
310179,0
310180,0
310181,0
310182,0
310183,0
310184,11
310185,6
310186,11
310187,0
310188,0
310189,0
310190,9
310191,0
310192,12
310193,0
310194,8
310195,0
310196,0
310197,0
310198,0
310199,0
310200,0
310201,0
310202,0
310203,0
310204,10
310205,0
310206,0
310207,0
310208,0
310209,0
310210,0
310211,5
310212,0
310213,0
310214,0
310215,0
310216,0
310217,0
310218,0
310219,7
310220,0
310221,0
310222,12
310223,8
310224,0
310225,0
310226,0
310227,7
310228,0
310229,0
310230,0
310231,5
310232,0
310233,0
310234,0
310235,0
310236,0
310237,0
310238,0
310239,0
310240,0
310241,0
310242,0
310243,0
310244,0
310245,0
310246,0
310247,0
310248,0
310249,0
310250,13
310251,0
310252,0
310253,0
310254,0
310255,5
310256,0
310257,0
310258,0
310259,0
310260,0
310261,0
310262,0
310263,2
310264,0
310265,0
310266,0
310267,0
310268,0
310269,0
310270,0
310271,0
310272,0
310273,11
310274,0
310275,0
310276,0
310277,0
310278,0
310279,0
310280,0
310281,0
310282,0
310283,0
310284,0
310285,0
310286,0
310287,0
310288,0
310289,0
310290,0
310291,0
310292,0
310293,0
310294,0
310295,0
310296,0
310297,0
310298,0
310299,0
310300,0
310301,0
310302,0
310303,0
310304,0
310305,0
310306,0
310307,0
310308,0
310309,0
310310,0
310311,0
310312,0
310313,0
310314,0
310315,0
310316,0
310317,0
310318,0
310319,0
310320,0
310321,0
310322,0
310323,0
310324,0
310325,0
310326,0
310327,0
310328,0
310329,0
310330,0
310331,0
310332,0
310333,0
310334,0
310335,0
310336,0
310337,0
310338,0
310339,0
310340,0
310341,0
310342,0
310343,0
310344,0
310345,0
310346,0
310347,0
310348,0
310349,0
310350,0
310351,0
310352,0
310353,0
310354,0
310355,0
310356,0
310357,0
310358,0
310359,0
310360,0
310361,0
310362,0
310363,0
310364,0
310365,0
310366,0
310367,0
310368,0
310369,0
310370,0
310371,0
310372,0
310373,0
310374,0
310375,0
310376,0
310377,0
310378,0
310379,0
310380,0
310381,0
310382,0
310383,0
310384,0
310385,0
310386,0
310387,0
310388,0
310389,0
310390,0
310391,0
310392,0
310393,0
310394,0
310395,0
310396,2
310397,0
310398,0
310399,0
310400,0
310401,0
310402,0
310403,0
310404,0
310405,0
310406,0
310407,0
310408,0
310409,0
310410,0
310411,0
310412,0
310413,0
310414,0
310415,0
310416,0
310417,0
310418,0
310419,0
310420,0
310421,0
310422,0
310423,0
310424,0
310425,0
310426,0
310427,0
310428,0
310429,0
310430,0
310431,0
310432,0
310433,0
310434,0
310435,0
310436,0
310437,0
310438,0
310439,0
310440,0
310441,0
310442,0
310443,0
310444,0
310445,0
310446,0
310447,0
310448,0
310449,0
310450,0
310451,0
310452,0
310453,0
310454,0
310455,0
310456,0
310457,0
310458,0
310459,0
310460,0
310461,0
310462,0
310463,0
310464,0
310465,0
310466,0
310467,0
310468,0
310469,0
310470,0
310471,0
310472,0
310473,0
310474,0
310475,0
310476,0
310477,0
310478,0
310479,0
310480,0
310481,0
310482,0
310483,0
310484,0
310485,0
310486,0
310487,0
310488,0
310489,0
310490,0
310491,0
310492,0
310493,0
310494,0
310495,0
310496,0
310497,0
310498,0
310499,0
310500,0
310501,0
310502,0
310503,0
310504,0
310505,0
310506,0
310507,0
310508,0
310509,0
310510,0
310511,0
310512,0
310513,0
310514,0
310515,0
310516,0
310517,0
310518,0
310519,0
310520,0
310521,0
310522,0
310523,0
310524,0
310525,0
310526,0
310527,0
310528,0
310529,0
310530,0
310531,0
310532,0
310533,0
310534,0
310535,0
310536,0
310537,0
310538,0
310539,0
310540,0
310541,0
310542,0
310543,9
310544,0
310545,0
310546,0
310547,0
310548,8
310549,0
310550,0
310551,0
310552,0
310553,0
310554,0
310555,11
310556,0
310557,0
310558,0
310559,0
310560,0
310561,12
310562,0
310563,0
310564,0
310565,0
310566,0
310567,0
310568,0
310569,0
310570,0
310571,0
310572,0
310573,0
310574,0
310575,18
310576,0
310577,0
310578,0
310579,0
310580,0
310581,0
310582,0
310583,0
310584,0
310585,0
310586,0
310587,0
310588,0
310589,0
310590,0
310591,0
310592,0
310593,0
310594,0
310595,0
310596,21
310597,0
310598,0
310599,0
310600,0
310601,0
310602,0
310603,0
310604,0
310605,0
310606,0
310607,0
310608,0
310609,0
310610,0
310611,0
310612,0
310613,0
310614,0
310615,0
310616,0
310617,0
310618,0
310619,0
310620,0
310621,25
310622,0
310623,0
310624,0
310625,0
310626,0
310627,0
310628,0
310629,0
310630,0
310631,0
310632,0
310633,0
310634,0
310635,22
310636,0
310637,0
310638,14
310639,0
310640,0
310641,0
310642,17
310643,0
310644,0
310645,0
310646,0
310647,22
310648,0
310649,0
310650,0
310651,0
310652,0
310653,0
310654,0
310655,0
310656,0
310657,0
310658,0
310659,0
310660,0
310661,22
310662,0
310663,0
310664,16
310665,11
310666,0
310667,0
310668,0
310669,0
310670,0
310671,0
310672,0
310673,0
310674,0
310675,0
310676,0
310677,0
310678,17
310679,0
310680,0
310681,0
310682,0
310683,0
310684,0
310685,0
310686,0
310687,0
310688,14
310689,0
310690,0
310691,16
310692,8
310693,0
310694,0
310695,17
310696,0
310697,0
310698,0
310699,9
310700,0
310701,0
310702,0
310703,0
310704,0
310705,0
310706,0
310707,0
310708,0
310709,0
310710,0
310711,21
310712,0
310713,15
310714,0
310715,0
310716,13
310717,0
310718,0
310719,0
310720,10
310721,22
310722,17
310723,0
310724,0
310725,0
310726,0
310727,0
310728,0
310729,20
310730,0
310731,0
310732,12
310733,0
310734,0
310735,0
310736,0
310737,0
310738,0
310739,13
310740,0
310741,0
310742,0
310743,0
310744,0
310745,12
310746,0
310747,0
310748,0
310749,0
310750,0
310751,0
310752,0
310753,0
310754,0
310755,0
310756,13
310757,15
310758,0
310759,0
310760,0
310761,0
310762,14
310763,0
310764,0
310765,0
310766,18
310767,0
310768,0
310769,0
310770,0
310771,25
310772,0
310773,17
310774,0
310775,0
310776,0
310777,0
310778,11
310779,0
310780,0
310781,0
310782,0
310783,0
310784,0
310785,0
310786,0
310787,0
310788,0
310789,18
310790,0
310791,0
310792,0
310793,0
310794,0
310795,0
310796,0
310797,0
310798,0
310799,0
310800,0
310801,23
310802,0
310803,0
310804,0
310805,24
310806,0
310807,0
310808,0
310809,10
310810,0
310811,0
310812,0
310813,0
310814,0
310815,0
310816,0
310817,0
310818,0
310819,0
310820,0
310821,0
310822,0
310823,0
310824,0
310825,14
310826,0
310827,0
310828,0
310829,0
310830,0
310831,0
310832,15
310833,0
310834,0
310835,0
310836,15
310837,0
310838,0
310839,0
310840,0
310841,0
310842,0
310843,0
310844,0
310845,0
310846,0
310847,9
310848,17
310849,0
310850,0
310851,0
310852,0
310853,0
310854,0
310855,24
310856,19
310857,0
310858,20
310859,0
310860,0
310861,0
310862,0
310863,0
310864,13
310865,0
310866,0
310867,0
310868,0
310869,0
310870,23
310871,0
310872,12
310873,0
310874,0
310875,0
310876,0
310877,0
310878,15
310879,0
310880,0
310881,19
310882,24
310883,0
310884,0
310885,0
310886,0
310887,0
310888,0
310889,0
310890,12
310891,0
310892,0
310893,0
310894,0
310895,0
310896,13
310897,12
310898,0
310899,0
310900,0
310901,0
310902,0
310903,0
310904,18
310905,0
310906,0
310907,15
310908,0
310909,0
310910,0
310911,0
310912,0
310913,0
310914,0
310915,0
310916,0
310917,0
310918,0
310919,0
310920,0
310921,19
310922,0
310923,0
310924,0
310925,0
310926,12
310927,9
310928,0
310929,0
310930,18
310931,0
310932,0
310933,0
310934,0
310935,11
310936,14
310937,18
310938,16
310939,0
310940,0
310941,0
310942,0
310943,0
310944,0
310945,0
310946,0
310947,7
310948,0
310949,17
310950,0
310951,0
310952,13
310953,0
310954,0
310955,0
310956,13
310957,0
310958,0
310959,0
310960,0
310961,23
310962,0
310963,0
310964,0
310965,0
310966,0
310967,0
310968,0
310969,0
310970,9
310971,0
310972,0
310973,0
310974,0
310975,0
310976,0
310977,0
310978,0
310979,15
310980,0
310981,7
310982,0
310983,0
310984,0
310985,0
310986,0
310987,0
310988,0
310989,0
310990,0
310991,0
310992,0
310993,0
310994,0
310995,0
310996,0
310997,0
310998,0
310999,0
311000,23
311001,0
311002,11
311003,0
311004,17
311005,0
311006,0
311007,0
311008,25
311009,0
311010,0
311011,0
311012,15
311013,0
311014,0
311015,19
311016,0
311017,0
311018,0
311019,17
311020,0
311021,0
311022,0
311023,0
311024,0
311025,0
311026,0
311027,0
311028,0
311029,0
311030,0
311031,0
311032,0
311033,22
311034,7
311035,0
311036,0
311037,0
311038,21
311039,0
311040,0
311041,0
311042,0
311043,0
311044,0
311045,0
311046,7
311047,0
311048,0
311049,0
311050,0
311051,0
311052,0
311053,0
311054,0
311055,0
311056,0
311057,0
311058,17
311059,0
311060,0
311061,0
311062,0
311063,0
311064,0
311065,0
311066,0
311067,0
311068,19
311069,0
311070,0
311071,0
311072,0
311073,0
311074,0
311075,0
311076,0
311077,0
311078,0
311079,0
311080,0
311081,21
311082,0
311083,0
311084,0
311085,0
311086,0
311087,0
311088,0
311089,0
311090,0
311091,15
311092,0
311093,0
311094,0
311095,0
311096,0
311097,0
311098,0
311099,0
311100,0
311101,0
311102,0
311103,0
311104,0
311105,13
311106,0
311107,0
311108,0
311109,0
311110,0
311111,0
311112,0
311113,0
311114,0
311115,16
311116,0
311117,0
311118,0
311119,0
311120,0
311121,0
311122,0
311123,0
311124,17
311125,0
311126,0
311127,0
311128,0
311129,0
311130,0
311131,0
311132,0
311133,0
311134,0
311135,0
311136,0
311137,0
311138,0
311139,11
311140,0
311141,19
311142,0
311143,0
311144,0
311145,0
311146,0
311147,0
311148,0
311149,0
311150,0
311151,0
311152,0
311153,0
311154,0
311155,0
311156,20
311157,0
311158,0
311159,0
311160,0
311161,0
311162,0
311163,0
311164,0
311165,0
311166,0
311167,0
311168,0
311169,0
311170,0
311171,0
311172,12
311173,0
311174,0
311175,0
311176,0
311177,0
311178,0
311179,8
311180,0
311181,0
311182,0
311183,21
311184,0
311185,0
311186,0
311187,0
311188,0
311189,0
311190,0
311191,0
311192,0
311193,0
311194,0
311195,0
311196,0
311197,0
311198,0
311199,0
311200,0
311201,0
311202,30
311203,0
311204,0
311205,0
311206,0
311207,17
311208,0
311209,0
311210,0
311211,20
311212,29
311213,0
311214,33
311215,32
311216,26
311217,0
311218,35
311219,0
311220,0
311221,0
311222,0
311223,0
311224,28
311225,0
311226,0
311227,0
311228,0
311229,0
311230,0
311231,0
311232,0
311233,0
311234,0
311235,0
311236,0
311237,0
311238,0
311239,20
311240,0
311241,0
311242,26
311243,29
311244,0
311245,0
311246,47
311247,0
311248,0
311249,43
311250,28
311251,0
311252,0
311253,0
311254,0
311255,46
311256,52
311257,0
311258,41
311259,0
311260,0
311261,42
311262,0
311263,0
311264,0
311265,31
311266,42
311267,0
311268,41
311269,0
311270,0
311271,0
311272,32
311273,50
311274,0
311275,0
311276,0
311277,47
311278,0
311279,0
311280,0
311281,0
311282,0
311283,27
311284,0
311285,0
311286,35
311287,24
311288,0
311289,52
311290,0
311291,54
311292,0
311293,29
311294,0
311295,0
311296,0
311297,0
311298,0
311299,0
311300,0
311301,41
311302,0
311303,35
311304,0
311305,41
311306,35
311307,0
311308,56
311309,0
311310,0
311311,45
311312,0
311313,0
311314,0
311315,0
311316,0
311317,0
311318,0
311319,0
311320,0
311321,0
311322,0
311323,0
311324,0
311325,0
311326,28
311327,0
311328,0
311329,0
311330,0
311331,31
311332,0
311333,0
311334,0
311335,35
311336,31
311337,0
311338,0
311339,38
311340,0
311341,0
311342,0
311343,45
311344,25
311345,0
311346,0
311347,0
311348,21
311349,0
311350,32
311351,0
311352,32
311353,0
311354,36
311355,0
311356,41
311357,0
311358,0
311359,31
311360,26
311361,0
311362,0
311363,40
311364,0
311365,0
311366,0
311367,31
311368,0
311369,0
311370,0
311371,0
311372,0
311373,0
311374,0
311375,0
311376,0
311377,0
311378,0
311379,0
311380,0
311381,0
311382,0
311383,41
311384,0
311385,0
311386,0
311387,0
311388,0
311389,0
311390,0
311391,0
311392,0
311393,0
311394,0
311395,0
311396,0
311397,0
311398,37
311399,0
311400,0
311401,0
311402,0
311403,0
311404,33
311405,0
311406,0
311407,0
311408,0
311409,0
311410,0
311411,0
311412,37
311413,52
311414,0
311415,0
311416,0
311417,0
311418,0
311419,30
311420,0
311421,0
311422,25
311423,0
311424,46
311425,44
311426,0
311427,0
311428,31
311429,0
311430,28
311431,0
311432,31
311433,0
311434,0
311435,0
311436,0
311437,0
311438,31
311439,0
311440,0
311441,0
311442,0
311443,0
311444,0
311445,0
311446,34
311447,0
311448,0
311449,0
311450,0
311451,0
311452,0
311453,0
311454,43
311455,0
311456,0
311457,0
311458,0
311459,0
311460,0
311461,0
311462,0
311463,0
311464,30
311465,29
311466,0
311467,0
311468,0
311469,48
311470,36
311471,38
311472,0
311473,0
311474,54
311475,0
311476,0
311477,0
311478,39
311479,28
311480,0
311481,0
311482,0
311483,0
311484,0
311485,19
311486,30
311487,0
311488,26
311489,15
311490,0
311491,32
311492,0
311493,0
311494,17
311495,36
311496,33
311497,0
311498,0
311499,0
311500,0
311501,0
311502,0
311503,0
311504,28
311505,0
311506,0
311507,41
311508,0
311509,0
311510,0
311511,0
311512,0
311513,33
311514,29
311515,0
311516,39
311517,0
311518,31
311519,0
311520,25
311521,25
311522,0
311523,0
311524,0
311525,45
311526,25
311527,0
311528,0
311529,32
311530,0
311531,0
311532,0
311533,0
311534,0
311535,0
311536,32
311537,20
311538,0
311539,0
311540,25
311541,0
311542,30
311543,0
311544,39
311545,0
311546,0
311547,0
311548,0
311549,20
311550,0
311551,0
311552,0
311553,0
311554,37
311555,28
311556,0
311557,0
311558,34
311559,0
311560,0
311561,0
311562,0
311563,0
311564,0
311565,0
311566,0
311567,0
311568,0
311569,0
311570,42
311571,33
311572,0
311573,0
311574,0
311575,43
311576,0
311577,0
311578,0
311579,48
311580,0
311581,0
311582,0
311583,0
311584,0
311585,0
311586,26
311587,0
311588,0
311589,0
311590,27
311591,24
311592,0
311593,0
311594,0
311595,0
311596,0
311597,0
311598,0
311599,36
311600,0
311601,29
311602,0
311603,0
311604,0
311605,22
311606,0
311607,30
311608,26
311609,0
311610,0
311611,0
311612,0
311613,0
311614,0
311615,27
311616,0
311617,0
311618,0
311619,0
311620,0
311621,0
311622,0
311623,0
311624,0
311625,0
311626,0
311627,38
311628,0
311629,27
311630,30
311631,26
311632,0
311633,0
311634,0
311635,0
311636,0
311637,0
311638,0
311639,0
311640,22
311641,0
311642,0
311643,0
311644,0
311645,0
311646,0
311647,0
311648,0
311649,0
311650,37
311651,44
311652,0
311653,0
311654,0
311655,0
311656,0
311657,0
311658,0
311659,0
311660,46
311661,0
311662,29
311663,0
311664,0
311665,0
311666,0
311667,0
311668,0
311669,20
311670,0
311671,0
311672,0
311673,0
311674,0
311675,28
311676,0
311677,0
311678,0
311679,36
311680,38
311681,0
311682,35
311683,0
311684,0
311685,0
311686,0
311687,0
311688,0
311689,0
311690,33
311691,0
311692,0
311693,0
311694,0
311695,0
311696,0
311697,0
311698,0
311699,32
311700,0
311701,14
311702,0
311703,0
311704,0
311705,0
311706,0
311707,0
311708,30
311709,0
311710,0
311711,39
311712,18
311713,0
311714,24
311715,0
311716,0
311717,0
311718,0
311719,0
311720,22
311721,21
311722,0
311723,0
311724,0
311725,0
311726,16
311727,31
311728,0
311729,0
311730,0
311731,0
311732,0
311733,0
311734,21
311735,0
311736,0
311737,31
311738,0
311739,0
311740,38
311741,0
311742,0
311743,0
311744,0
311745,0
311746,0
311747,0
311748,0
311749,0
311750,0
311751,0
311752,0
311753,0
311754,25
311755,0
311756,0
311757,24
311758,0
311759,0
311760,14
311761,0
311762,0
311763,0
311764,0
311765,0
311766,0
311767,0
311768,0
311769,0
311770,0
311771,0
311772,0
311773,0
311774,0
311775,0
311776,0
311777,0
311778,0
311779,37
311780,0
311781,0
311782,0
311783,28
311784,0
311785,0
311786,0
311787,35
311788,0
311789,0
311790,0
311791,0
311792,0
311793,0
311794,0
311795,0
311796,0
311797,0
311798,0
311799,0
311800,0
311801,0
311802,0
311803,0
311804,0
311805,30
311806,0
311807,0
311808,30
311809,0
311810,0
311811,37
311812,24
311813,0
311814,0
311815,36
311816,20
311817,0
311818,34
311819,0
311820,0
311821,0
311822,0
311823,0
311824,13
311825,0
311826,26
311827,0
311828,0
311829,0
311830,0
311831,0
311832,0
311833,0
311834,0
311835,0
311836,0
311837,0
311838,0
311839,0
311840,0
311841,39
311842,0
311843,0
311844,0
311845,0
311846,0
311847,0
311848,0
311849,0
311850,0
311851,0
311852,0
311853,0
311854,0
311855,29
311856,0
311857,0
311858,0
311859,0
311860,30
311861,0
311862,0
311863,0
311864,41
311865,39
311866,0
311867,0
311868,28
311869,22
311870,0
311871,0
311872,0
311873,31
311874,0
311875,0
311876,0
311877,37
311878,0
311879,0
311880,29
311881,0
311882,0
311883,0
311884,0
311885,0
311886,0
311887,0
311888,0
311889,0
311890,0
311891,0
311892,0
311893,38
311894,0
311895,0
311896,29
311897,0
311898,0
311899,0
311900,0
311901,19
311902,0
311903,0
311904,0
311905,20
311906,0
311907,0
311908,43
311909,28
311910,29
311911,0
311912,0
311913,0
311914,0
311915,38
311916,0
311917,0
311918,0
311919,35
311920,0
311921,0
311922,0
311923,0
311924,0
311925,16
311926,0
311927,0
311928,43
311929,42
311930,0
311931,0
311932,0
311933,25
311934,0
311935,0
311936,0
311937,0
311938,33
311939,0
311940,28
311941,0
311942,0
311943,0
311944,0
311945,0
311946,0
311947,37
311948,0
311949,0
311950,0
311951,0
311952,0
311953,0
311954,0
311955,0
311956,48
311957,0
311958,0
311959,0
311960,0
311961,0
311962,0
311963,27
311964,0
311965,0
311966,38
311967,0
311968,0
311969,0
311970,30
311971,0
311972,0
311973,0
311974,0
311975,0
311976,0
311977,0
311978,0
311979,0
311980,31
311981,0
311982,24
311983,0
311984,0
311985,0
311986,0
311987,0
311988,0
311989,18
311990,0
311991,0
311992,0
311993,46
311994,25
311995,0
311996,36
311997,24
311998,0
311999,22
312000,23
312001,0
312002,0
312003,0
312004,0
312005,0
312006,0
312007,0
312008,0
312009,29
312010,0
312011,0
312012,0
312013,0
312014,0
312015,0
312016,0
312017,0
312018,0
312019,0
312020,0
312021,0
312022,0
312023,27
312024,0
312025,0
312026,0
312027,0
312028,0
312029,0
312030,0
312031,33
312032,0
312033,0
312034,0
312035,39
312036,0
312037,0
312038,0
312039,0
312040,28
312041,0
312042,0
312043,0
312044,29
312045,31
312046,28
312047,0
312048,0
312049,0
312050,0
312051,20
312052,18
312053,0
312054,38
312055,0
312056,0
312057,0
312058,20
312059,34
312060,0
312061,0
312062,0
312063,0
312064,0
312065,0
312066,33
312067,0
312068,0
312069,38
312070,47
312071,0
312072,0
312073,0
312074,0
312075,0
312076,0
312077,35
312078,16
312079,0
312080,0
312081,0
312082,0
312083,0
312084,0
312085,0
312086,0
312087,0
312088,0
312089,0
312090,0
312091,42
312092,0
312093,0
312094,41
312095,0
312096,36
312097,37
312098,36
312099,0
312100,0
312101,0
312102,18
312103,0
312104,0
312105,0
312106,40
312107,18
312108,0
312109,23
312110,34
312111,29
312112,0
312113,0
312114,0
312115,0
312116,0
312117,0
312118,0
312119,0
312120,0
312121,0
312122,0
312123,57
312124,0
312125,0
312126,0
312127,28
312128,38
312129,0
312130,45
312131,0
312132,0
312133,0
312134,20
312135,0
312136,0
312137,0
312138,33
312139,0
312140,0
312141,28
312142,0
312143,0
312144,0
312145,0
312146,0
312147,0
312148,0
312149,0
312150,0
312151,0
312152,0
312153,31
312154,30
312155,0
312156,0
312157,0
312158,34
312159,0
312160,41
312161,0
312162,0
312163,0
312164,0
312165,0
312166,0
312167,0
312168,0
312169,0
312170,0
312171,0
312172,24
312173,0
312174,0
312175,0
312176,0
312177,0
312178,26
312179,0
312180,0
312181,31
312182,0
312183,0
312184,0
312185,0
312186,0
312187,0
312188,0
312189,25
312190,18
312191,0
312192,0
312193,0
312194,0
312195,17
312196,27
312197,0
312198,0
312199,0
312200,0
312201,25
312202,0
312203,0
312204,0
312205,49
312206,0
312207,0
312208,28
312209,32
312210,0
312211,0
312212,0
312213,0
312214,0
312215,0
312216,0
312217,0
312218,0
312219,36
312220,0
312221,0
312222,0
312223,0
312224,28
312225,0
312226,0
312227,0
312228,0
312229,34
312230,33
312231,0
312232,0
312233,0
312234,34
312235,0
312236,0
312237,0
312238,0
312239,0
312240,0
312241,0
312242,0
312243,0
312244,0
312245,16
312246,0
312247,33
312248,20
312249,0
312250,34
312251,0
312252,0
312253,0
312254,0
312255,0
312256,0
312257,0
312258,45
312259,44
312260,0
312261,0
312262,0
312263,0
312264,0
312265,40
312266,0
312267,0
312268,51
312269,0
312270,0
312271,0
312272,36
312273,0
312274,0
312275,0
312276,0
312277,0
312278,39
312279,0
312280,0
312281,0
312282,0
312283,0
312284,0
312285,0
312286,0
312287,38
312288,0
312289,0
312290,44
312291,44
312292,0
312293,0
312294,0
312295,0
312296,0
312297,0
312298,41
312299,0
312300,0
312301,0
312302,0
312303,0
312304,0
312305,0
312306,30
312307,0
312308,0
312309,0
312310,0
312311,0
312312,54
312313,0
312314,0
312315,0
312316,0
312317,21
312318,0
312319,0
312320,0
312321,32
312322,37
312323,0
312324,0
312325,0
312326,19
312327,45
312328,0
312329,0
312330,0
312331,0
312332,0
312333,0
312334,0
312335,0
312336,0
312337,42
312338,0
312339,40
312340,35
312341,0
312342,37
312343,0
312344,63
312345,0
312346,0
312347,39
312348,0
312349,0
312350,0
312351,0
312352,0
312353,0
312354,38
312355,0
312356,31
312357,46
312358,0
312359,0
312360,0
312361,45
312362,32
312363,0
312364,37
312365,0
312366,0
312367,0
312368,0
312369,0
312370,0
312371,0
312372,35
312373,39
312374,0
312375,0
312376,0
312377,0
312378,37
312379,0
312380,0
312381,0
312382,45
312383,26
312384,34
312385,0
312386,0
312387,0
312388,0
312389,0
312390,0
312391,8
312392,0
312393,0
312394,0
312395,0
312396,0
312397,0
312398,0
312399,0
312400,0
312401,13
312402,25
312403,14
312404,0
312405,0
312406,0
312407,0
312408,0
312409,0
312410,0
312411,0
312412,0
312413,0
312414,0
312415,0
312416,0
312417,0
312418,0
312419,0
312420,0
312421,0
312422,0
312423,0
312424,0
312425,0
312426,0
312427,0
312428,0
312429,0
312430,0
312431,0
312432,0
312433,0
312434,0
312435,12
312436,0
312437,0
312438,0
312439,0
312440,0
312441,0
312442,0
312443,0
312444,0
312445,0
312446,0
312447,0
312448,0
312449,0
312450,0
312451,0
312452,0
312453,0
312454,0
312455,0
312456,8
312457,0
312458,0
312459,0
312460,0
312461,0
312462,0
312463,0
312464,0
312465,11
312466,0
312467,0
312468,0
312469,0
312470,0
312471,0
312472,0
312473,0
312474,0
312475,0
312476,0
312477,0
312478,0
312479,17
312480,0
312481,27
312482,0
312483,0
312484,0
312485,0
312486,0
312487,0
312488,0
312489,0
312490,0
312491,19
312492,18
312493,0
312494,0
312495,0
312496,0
312497,32
312498,26
312499,0
312500,0
312501,10
312502,0
312503,0
312504,16
312505,0
312506,0
312507,0
312508,0
312509,0
312510,7
312511,0
312512,24
312513,0
312514,0
312515,0
312516,0
312517,0
312518,0
312519,24
312520,0
312521,0
312522,26
312523,15
312524,0
312525,0
312526,0
312527,0
312528,0
312529,0
312530,0
312531,0
312532,0
312533,0
312534,0
312535,14
312536,0
312537,0
312538,0
312539,0
312540,0
312541,0
312542,0
312543,0
312544,0
312545,0
312546,23
312547,22
312548,0
312549,20
312550,0
312551,0
312552,30
312553,17
312554,27
312555,0
312556,0
312557,0
312558,0
312559,26
312560,0
312561,0
312562,23
312563,0
312564,23
312565,0
312566,0
312567,27
312568,0
312569,24
312570,0
312571,0
312572,0
312573,0
312574,16
312575,0
312576,0
312577,0
312578,28
312579,0
312580,0
312581,0
312582,0
312583,27
312584,0
312585,31
312586,28
312587,0
312588,0
312589,0
312590,0
312591,0
312592,0
312593,0
312594,0
312595,0
312596,0
312597,34
312598,0
312599,0
312600,0
312601,0
312602,0
312603,26
312604,12
312605,0
312606,0
312607,0
312608,0
312609,0
312610,23
312611,0
312612,0
312613,0
312614,0
312615,0
312616,0
312617,21
312618,0
312619,30
312620,0
312621,0
312622,0
312623,13
312624,19
312625,0
312626,35
312627,0
312628,0
312629,0
312630,0
312631,0
312632,16
312633,0
312634,0
312635,0
312636,14
312637,0
312638,27
312639,0
312640,0
312641,22
312642,0
312643,38
312644,27
312645,0
312646,0
312647,21
312648,0
312649,20
312650,0
312651,27
312652,0
312653,0
312654,0
312655,0
312656,0
312657,0
312658,0
312659,19
312660,0
312661,0
312662,0
312663,15
312664,19
312665,0
312666,0
312667,0
312668,18
312669,19
312670,0
312671,0
312672,0
312673,0
312674,0
312675,0
312676,0
312677,12
312678,37
312679,0
312680,0
312681,0
312682,0
312683,13
312684,19
312685,0
312686,11
312687,0
312688,19
312689,0
312690,0
312691,0
312692,0
312693,0
312694,0
312695,26
312696,0
312697,0
312698,0
312699,0
312700,0
312701,30
312702,0
312703,0
312704,0
312705,0
312706,0
312707,13
312708,0
312709,0
312710,0
312711,0
312712,24
312713,25
312714,19
312715,0
312716,23
312717,0
312718,23
312719,0
312720,0
312721,0
312722,0
312723,22
312724,22
312725,0
312726,0
312727,0
312728,0
312729,0
312730,0
312731,0
312732,0
312733,30
312734,24
312735,21
312736,0
312737,19
312738,0
312739,17
312740,0
312741,0
312742,0
312743,0
312744,0
312745,0
312746,0
312747,0
312748,0
312749,0
312750,0
312751,27
312752,20
312753,0
312754,0
312755,0
312756,0
312757,0
312758,0
312759,0
312760,19
312761,18
312762,34
312763,0
312764,0
312765,0
312766,0
312767,30
312768,23
312769,0
312770,0
312771,0
312772,18
312773,0
312774,30
312775,0
312776,15
312777,0
312778,0
312779,13
312780,0
312781,0
312782,25
312783,17
312784,0
312785,0
312786,0
312787,0
312788,0
312789,0
312790,31
312791,0
312792,0
312793,0
312794,0
312795,0
312796,0
312797,0
312798,0
312799,0
312800,36
312801,0
312802,0
312803,11
312804,0
312805,0
312806,0
312807,17
312808,0
312809,0
312810,0
312811,0
312812,0
312813,0
312814,27
312815,34
312816,0
312817,0
312818,0
312819,0
312820,0
312821,0
312822,0
312823,0
312824,0
312825,0
312826,29
312827,0
312828,27
312829,0
312830,23
312831,0
312832,0
312833,0
312834,0
312835,0
312836,0
312837,0
312838,29
312839,22
312840,0
312841,0
312842,0
312843,0
312844,25
312845,0
312846,0
312847,0
312848,0
312849,0
312850,12
312851,0
312852,0
312853,0
312854,17
312855,0
312856,28
312857,21
312858,0
312859,25
312860,0
312861,15
312862,0
312863,0
312864,22
312865,0
312866,12
312867,0
312868,0
312869,0
312870,0
312871,0
312872,0
312873,0
312874,0
312875,0
312876,0
312877,0
312878,0
312879,19
312880,26
312881,0
312882,0
312883,0
312884,28
312885,0
312886,0
312887,26
312888,0
312889,0
312890,0
312891,0
312892,13
312893,0
312894,0
312895,27
312896,0
312897,0
312898,0
312899,0
312900,20
312901,0
312902,28
312903,16
312904,0
312905,0
312906,0
312907,0
312908,0
312909,0
312910,0
312911,0
312912,0
312913,0
312914,30
312915,0
312916,0
312917,0
312918,0
312919,0
312920,0
312921,0
312922,0
312923,0
312924,0
312925,0
312926,35
312927,0
312928,0
312929,0
312930,0
312931,0
312932,0
312933,0
312934,0
312935,30
312936,0
312937,0
312938,0
312939,0
312940,0
312941,22
312942,0
312943,0
312944,0
312945,0
312946,0
312947,0
312948,0
312949,0
312950,0
312951,0
312952,0
312953,0
312954,0
312955,0
312956,33
312957,0
312958,0
312959,0
312960,0
312961,23
312962,0
312963,0
312964,0
312965,0
312966,31
312967,0
312968,0
312969,0
312970,0
312971,32
312972,0
312973,0
312974,0
312975,0
312976,0
312977,0
312978,0
312979,0
312980,0
312981,0
312982,0
312983,0
312984,37
312985,0
312986,40
312987,0
312988,0
312989,0
312990,0
312991,0
312992,0
312993,0
312994,0
312995,0
312996,0
312997,28
312998,0
312999,0
313000,0
313001,0
313002,0
313003,0
313004,0
313005,0
313006,0
313007,0
313008,0
313009,20
313010,0
313011,29
313012,0
313013,0
313014,0
313015,0
313016,0
313017,0
313018,0
313019,0
313020,0
313021,0
313022,0
313023,0
313024,0
313025,0
313026,0
313027,0
313028,0
313029,0
313030,0
313031,0
313032,0
313033,20
313034,0
313035,0
313036,0
313037,0
313038,0
313039,0
313040,0
313041,0
313042,0
313043,0
313044,0
313045,0
313046,0
313047,0
313048,0
313049,0
313050,0
313051,0
313052,0
313053,0
313054,0
313055,0
313056,24
313057,36
313058,0
313059,30
313060,0
313061,19
313062,0
313063,0
313064,0
313065,0
313066,0
313067,0
313068,0
313069,0
313070,0
313071,0
313072,0
313073,0
313074,0
313075,0
313076,0
313077,25
313078,0
313079,0
313080,0
313081,0
313082,0
313083,0
313084,0
313085,0
313086,0
313087,0
313088,0
313089,0
313090,0
313091,0
313092,0
313093,0
313094,0
313095,44
313096,0
313097,0
313098,0
313099,0
313100,0
313101,0
313102,28
313103,0
313104,0
313105,0
313106,0
313107,0
313108,0
313109,0
313110,0
313111,33
313112,0
313113,0
313114,0
313115,0
313116,0
313117,0
313118,0
313119,0
313120,0
313121,0
313122,0
313123,0
313124,0
313125,0
313126,0
313127,0
313128,0
313129,0
313130,0
313131,0
313132,0
313133,26
313134,0
313135,0
313136,0
313137,0
313138,0
313139,0
313140,0
313141,0
313142,0
313143,0
313144,0
313145,0
313146,0
313147,0
313148,0
313149,0
313150,0
313151,0
313152,0
313153,19
313154,0
313155,0
313156,0
313157,25
313158,18
313159,0
313160,0
313161,0
313162,0
313163,0
313164,0
313165,28
313166,0
313167,0
313168,22
313169,0
313170,0
313171,0
313172,0
313173,0
313174,0
313175,0
313176,0
313177,0
313178,0
313179,0
313180,0
313181,0
313182,0
313183,49
313184,0
313185,24
313186,0
313187,25
313188,0
313189,0
313190,25
313191,24
313192,0
313193,0
313194,0
313195,0
313196,0
313197,0
313198,0
313199,0
313200,0
313201,0
313202,0
313203,0
313204,0
313205,0
313206,0
313207,29
313208,0
313209,0
313210,0
313211,51
313212,0
313213,0
313214,34
313215,0
313216,0
313217,0
313218,0
313219,0
313220,0
313221,0
313222,0
313223,0
313224,0
313225,0
313226,0
313227,0
313228,0
313229,0
313230,0
313231,0
313232,0
313233,0
313234,0
313235,0
313236,0
313237,0
313238,0
313239,0
313240,0
313241,0
313242,0
313243,0
313244,0
313245,0
313246,0
313247,0
313248,0
313249,0
313250,0
313251,0
313252,0
313253,0
313254,0
313255,0
313256,0
313257,0
313258,0
313259,0
313260,0
313261,0
313262,0
313263,0
313264,0
313265,27
313266,0
313267,0
313268,0
313269,0
313270,0
313271,0
313272,0
313273,0
313274,0
313275,0
313276,0
313277,0
313278,34
313279,0
313280,0
313281,0
313282,0
313283,0
313284,22
313285,0
313286,0
313287,0
313288,0
313289,37
313290,0
313291,0
313292,24
313293,0
313294,0
313295,0
313296,0
313297,0
313298,0
313299,0
313300,0
313301,0
313302,0
313303,0
313304,0
313305,0
313306,0
313307,0
313308,0
313309,0
313310,0
313311,0
313312,0
313313,0
313314,0
313315,0
313316,0
313317,0
313318,0
313319,0
313320,0
313321,0
313322,0
313323,0
313324,0
313325,0
313326,0
313327,0
313328,0
313329,0
313330,0
313331,0
313332,0
313333,0
313334,35
313335,0
313336,0
313337,0
313338,0
313339,0
313340,0
313341,0
313342,0
313343,0
313344,0
313345,0
313346,0
313347,0
313348,0
313349,0
313350,0
313351,0
313352,0
313353,0
313354,0
313355,0
313356,0
313357,0
313358,0
313359,0
313360,0
313361,0
313362,0
313363,0
313364,0
313365,0
313366,0
313367,0
313368,24
313369,0
313370,0
313371,0
313372,0
313373,0
313374,0
313375,32
313376,0
313377,0
313378,0
313379,0
313380,0
313381,0
313382,0
313383,0
313384,0
313385,0
313386,0
313387,0
313388,0
313389,31
313390,0
313391,0
313392,0
313393,0
313394,0
313395,0
313396,0
313397,0
313398,0
313399,0
313400,0
313401,0
313402,38
313403,0
313404,0
313405,0
313406,38
313407,0
313408,0
313409,35
313410,0
313411,0
313412,0
313413,0
313414,0
313415,0
313416,34
313417,0
313418,0
313419,0
313420,0
313421,37
313422,0
313423,0
313424,0
313425,35
313426,0
313427,0
313428,0
313429,0
313430,0
313431,0
313432,41
313433,0
313434,0
313435,0
313436,23
313437,0
313438,0
313439,0
313440,0
313441,0
313442,0
313443,0
313444,0
313445,0
313446,0
313447,0
313448,0
313449,0
313450,0
313451,0
313452,0
313453,0
313454,0
313455,0
313456,0
313457,0
313458,0
313459,0
313460,0
313461,0
313462,0
313463,0
313464,0
313465,0
313466,0
313467,0
313468,0
313469,24
313470,0
313471,0
313472,0
313473,0
313474,0
313475,0
313476,0
313477,0
313478,0
313479,0
313480,0
313481,0
313482,0
313483,0
313484,0
313485,0
313486,0
313487,0
313488,0
313489,0
313490,0
313491,0
313492,0
313493,0
313494,32
313495,0
313496,0
313497,0
313498,0
313499,0
313500,0
313501,0
313502,0
313503,0
313504,0
313505,0
313506,0
313507,0
313508,0
313509,0
313510,0
313511,0
313512,0
313513,0
313514,0
313515,0
313516,0
313517,0
313518,0
313519,0
313520,0
313521,0
313522,0
313523,0
313524,0
313525,0
313526,0
313527,0
313528,0
313529,0
313530,0
313531,0
313532,0
313533,37
313534,0
313535,0
313536,0
313537,0
313538,0
313539,0
313540,0
313541,0
313542,0
313543,0
313544,0
313545,0
313546,0
313547,0
313548,0
313549,0
313550,0
313551,0
313552,0
313553,0
313554,0
313555,0
313556,0
313557,31
313558,0
313559,0
313560,0
313561,0
313562,0
313563,0
313564,0
313565,0
313566,0
313567,0
313568,0
313569,0
313570,0
313571,43
313572,0
313573,17
313574,0
313575,0
313576,0
313577,0
313578,0
313579,0
313580,0
313581,0
313582,0
313583,0
313584,0
313585,0
313586,0
313587,0
313588,0
313589,0
313590,0
313591,0
313592,18
313593,0
313594,0
313595,0
313596,0
313597,0
313598,21
313599,0
313600,0
313601,24
313602,0
313603,0
313604,0
313605,0
313606,21
313607,0
313608,0
313609,31
313610,0
313611,0
313612,0
313613,0
313614,0
313615,0
313616,0
313617,0
313618,0
313619,0
313620,0
313621,0
313622,0
313623,0
313624,0
313625,0
313626,0
313627,0
313628,0
313629,0
313630,0
313631,0
313632,0
313633,0
313634,0
313635,0
313636,0
313637,0
313638,0
313639,25
313640,0
313641,0
313642,0
313643,0
313644,0
313645,0
313646,0
313647,0
313648,0
313649,0
313650,0
313651,0
313652,0
313653,0
313654,0
313655,0
313656,0
313657,0
313658,0
313659,0
313660,0
313661,0
313662,0
313663,0
313664,0
313665,38
313666,0
313667,0
313668,0
313669,0
313670,0
313671,0
313672,28
313673,0
313674,0
313675,0
313676,0
313677,0
313678,0
313679,0
313680,0
313681,0
313682,0
313683,0
313684,0
313685,38
313686,0
313687,0
313688,0
313689,0
313690,0
313691,0
313692,44
313693,0
313694,0
313695,0
313696,0
313697,0
313698,35
313699,0
313700,0
313701,0
313702,0
313703,55
313704,0
313705,0
313706,0
313707,0
313708,0
313709,0
313710,0
313711,0
313712,0
313713,0
313714,0
313715,0
313716,0
313717,0
313718,0
313719,0
313720,0
313721,0
313722,0
313723,0
313724,0
313725,0
313726,0
313727,0
313728,0
313729,0
313730,0
313731,0
313732,0
313733,0
313734,0
313735,0
313736,0
313737,0
313738,0
313739,0
313740,0
313741,0
313742,0
313743,0
313744,0
313745,0
313746,0
313747,0
313748,0
313749,0
313750,0
313751,0
313752,0
313753,0
313754,0
313755,0
313756,35
313757,0
313758,0
313759,0
313760,0
313761,0
313762,0
313763,0
313764,0
313765,0
313766,33
313767,0
313768,0
313769,0
313770,0
313771,0
313772,0
313773,0
313774,0
313775,0
313776,0
313777,0
313778,0
313779,0
313780,0
313781,0
313782,0
313783,0
313784,0
313785,0
313786,0
313787,0
313788,0
313789,0
313790,0
313791,0
313792,0
313793,0
313794,0
313795,0
313796,0
313797,0
313798,0
313799,0
313800,0
313801,39
313802,0
313803,0
313804,0
313805,0
313806,0
313807,0
313808,0
313809,0
313810,0
313811,0
313812,0
313813,0
313814,0
313815,0
313816,0
313817,35
313818,0
313819,0
313820,0
313821,35
313822,0
313823,0
313824,0
313825,0
313826,0
313827,0
313828,0
313829,0
313830,0
313831,0
313832,35
313833,0
313834,0
313835,0
313836,0
313837,0
313838,0
313839,0
313840,0
313841,0
313842,0
313843,0
313844,0
313845,0
313846,0
313847,0
313848,0
313849,0
313850,0
313851,0
313852,0
313853,50
313854,0
313855,0
313856,0
313857,0
313858,0
313859,0
313860,0
313861,0
313862,0
313863,0
313864,0
313865,0
313866,0
313867,0
313868,39
313869,0
313870,0
313871,0
313872,0
313873,0
313874,0
313875,36
313876,0
313877,0
313878,0
313879,0
313880,0
313881,0
313882,0
313883,0
313884,0
313885,0
313886,0
313887,0
313888,0
313889,0
313890,0
313891,0
313892,0
313893,0
313894,0
313895,0
313896,0
313897,36
313898,0
313899,0
313900,0
313901,0
313902,0
313903,30
313904,0
313905,0
313906,0
313907,0
313908,0
313909,0
313910,0
313911,0
313912,0
313913,0
313914,35
313915,0
313916,0
313917,0
313918,0
313919,0
313920,0
313921,0
313922,0
313923,0
313924,0
313925,0
313926,0
313927,0
313928,0
313929,0
313930,0
313931,0
313932,0
313933,0
313934,20
313935,0
313936,0
313937,0
313938,0
313939,0
313940,49
313941,0
313942,0
313943,0
313944,0
313945,0
313946,0
313947,0
313948,0
313949,0
313950,0
313951,40
313952,0
313953,0
313954,0
313955,0
313956,0
313957,0
313958,0
313959,0
313960,0
313961,0
313962,0
313963,0
313964,23
313965,0
313966,0
313967,0
313968,0
313969,0
313970,0
313971,0
313972,0
313973,0
313974,54
313975,0
313976,0
313977,0
313978,0
313979,0
313980,0
313981,0
313982,0
313983,0
313984,0
313985,0
313986,0
313987,0
313988,0
313989,0
313990,0
313991,0
313992,0
313993,0
313994,0
313995,0
313996,0
313997,0
313998,0
313999,0
314000,0
314001,0
314002,44
314003,0
314004,0
314005,0
314006,0
314007,0
314008,0
314009,0
314010,0
314011,0
314012,0
314013,0
314014,0
314015,0
314016,0
314017,0
314018,0
314019,0
314020,0
314021,0
314022,0
314023,0
314024,0
314025,0
314026,0
314027,0
314028,0
314029,0
314030,0
314031,49
314032,0
314033,0
314034,0
314035,0
314036,0
314037,0
314038,0
314039,0
314040,0
314041,0
314042,0
314043,0
314044,0
314045,0
314046,0
314047,0
314048,0
314049,0
314050,0
314051,0
314052,0
314053,0
314054,0
314055,0
314056,0
314057,0
314058,0
314059,0
314060,0
314061,54
314062,0
314063,0
314064,0
314065,0
314066,0
314067,0
314068,0
314069,0
314070,0
314071,0
314072,0
314073,35
314074,0
314075,0
314076,0
314077,0
314078,0
314079,0
314080,0
314081,0
314082,0
314083,0
314084,0
314085,0
314086,0
314087,0
314088,0
314089,0
314090,0
314091,0
314092,0
314093,35
314094,0
314095,0
314096,0
314097,0
314098,0
314099,0
314100,0
314101,0
314102,0
314103,0
314104,0
314105,0
314106,0
314107,0
314108,0
314109,0
314110,0
314111,0
314112,0
314113,0
314114,0
314115,0
314116,0
314117,0
314118,0
314119,0
314120,0
314121,0
314122,0
314123,0
314124,0
314125,0
314126,0
314127,0
314128,0
314129,0
314130,0
314131,0
314132,0
314133,0
314134,0
314135,0
314136,0
314137,0
314138,0
314139,0
314140,0
314141,0
314142,57
314143,0
314144,0
314145,0
314146,0
314147,0
314148,0
314149,0
314150,33
314151,0
314152,0
314153,0
314154,0
314155,0
314156,0
314157,0
314158,59
314159,0
314160,42
314161,0
314162,0
314163,0
314164,0
314165,0
314166,0
314167,0
314168,0
314169,0
314170,0
314171,41
314172,0
314173,0
314174,0
314175,0
314176,0
314177,0
314178,0
314179,0
314180,0
314181,0
314182,0
314183,0
314184,0
314185,0
314186,0
314187,0
314188,0
314189,46
314190,0
314191,0
314192,0
314193,0
314194,0
314195,0
314196,0
314197,0
314198,0
314199,0
314200,0
314201,0
314202,50
314203,0
314204,0
314205,0
314206,0
314207,0
314208,0
314209,0
314210,0
314211,0
314212,0
314213,33
314214,0
314215,0
314216,0
314217,0
314218,0
314219,0
314220,0
314221,31
314222,0
314223,0
314224,0
314225,0
314226,0
314227,0
314228,0
314229,0
314230,28
314231,0
314232,0
314233,0
314234,0
314235,0
314236,0
314237,0
314238,0
314239,0
314240,0
314241,0
314242,0
314243,0
314244,0
314245,0
314246,0
314247,0
314248,0
314249,0
314250,0
314251,0
314252,38
314253,0
314254,0
314255,0
314256,0
314257,0
314258,0
314259,0
314260,0
314261,0
314262,0
314263,0
314264,0
314265,0
314266,0
314267,0
314268,0
314269,0
314270,0
314271,0
314272,0
314273,0
314274,0
314275,0
314276,0
314277,0
314278,47
314279,0
314280,0
314281,0
314282,0
314283,0
314284,0
314285,0
314286,0
314287,0
314288,0
314289,0
314290,0
314291,0
314292,0
314293,0
314294,0
314295,0
314296,0
314297,0
314298,0
314299,0
314300,0
314301,0
314302,0
314303,0
314304,0
314305,0
314306,0
314307,0
314308,0
314309,0
314310,0
314311,0
314312,0
314313,0
314314,0
314315,0
314316,15
314317,0
314318,0
314319,0
314320,0
314321,0
314322,0
314323,0
314324,0
314325,0
314326,0
314327,0
314328,0
314329,0
314330,0
314331,0
314332,0
314333,0
314334,0
314335,0
314336,0
314337,0
314338,0
314339,0
314340,0
314341,0
314342,0
314343,0
314344,0
314345,31
314346,0
314347,0
314348,0
314349,0
314350,0
314351,0
314352,0
314353,0
314354,0
314355,0
314356,0
314357,0
314358,0
314359,0
314360,0
314361,0
314362,40
314363,39
314364,0
314365,0
314366,0
314367,0
314368,0
314369,0
314370,0
314371,0
314372,0
314373,0
314374,0
314375,0
314376,0
314377,0
314378,0
314379,0
314380,0
314381,0
314382,0
314383,0
314384,0
314385,0
314386,0
314387,0
314388,0
314389,32
314390,0
314391,0
314392,0
314393,0
314394,0
314395,0
314396,0
314397,0
314398,0
314399,0
314400,0
314401,0
314402,0
314403,0
314404,0
314405,0
314406,0
314407,0
314408,0
314409,0
314410,0
314411,0
314412,0
314413,0
314414,0
314415,0
314416,0
314417,46
314418,0
314419,0
314420,0
314421,0
314422,0
314423,36
314424,0
314425,31
314426,0
314427,0
314428,0
314429,0
314430,0
314431,0
314432,0
314433,0
314434,0
314435,0
314436,0
314437,0
314438,0
314439,0
314440,0
314441,0
314442,0
314443,0
314444,0
314445,0
314446,0
314447,0
314448,0
314449,0
314450,0
314451,0
314452,0
314453,0
314454,0
314455,0
314456,0
314457,0
314458,0
314459,0
314460,11
314461,0
314462,0
314463,0
314464,0
314465,0
314466,0
314467,0
314468,0
314469,0
314470,0
314471,0
314472,0
314473,0
314474,0
314475,0
314476,24
314477,0
314478,0
314479,0
314480,28
314481,0
314482,0
314483,0
314484,0
314485,0
314486,30
314487,0
314488,0
314489,0
314490,0
314491,0
314492,0
314493,0
314494,0
314495,0
314496,0
314497,0
314498,0
314499,0
314500,0
314501,0
314502,0
314503,0
314504,16
314505,0
314506,0
314507,0
314508,0
314509,0
314510,0
314511,0
314512,0
314513,0
314514,0
314515,0
314516,11
314517,19
314518,0
314519,0
314520,0
314521,0
314522,0
314523,0
314524,0
314525,0
314526,0
314527,0
314528,0
314529,0
314530,0
314531,0
314532,0
314533,10
314534,0
314535,0
314536,0
314537,0
314538,0
314539,0
314540,0
314541,0
314542,15
314543,0
314544,0
314545,0
314546,0
314547,0
314548,0
314549,0
314550,0
314551,0
314552,0
314553,0
314554,0
314555,0
314556,0
314557,0
314558,0
314559,0
314560,0
314561,0
314562,23
314563,0
314564,0
314565,0
314566,11
314567,0
314568,0
314569,0
314570,0
314571,0
314572,13
314573,7
314574,0
314575,0
314576,0
314577,0
314578,0
314579,0
314580,0
314581,0
314582,0
314583,0
314584,0
314585,0
314586,0
314587,0
314588,0
314589,0
314590,12
314591,0
314592,0
314593,0
314594,0
314595,0
314596,0
314597,0
314598,0
314599,0
314600,0
314601,0
314602,0
314603,11
314604,0
314605,0
314606,0
314607,0
314608,0
314609,0
314610,16
314611,0
314612,0
314613,0
314614,0
314615,0
314616,0
314617,0
314618,0
314619,0
314620,0
314621,0
314622,0
314623,0
314624,0
314625,0
314626,0
314627,0
314628,0
314629,0
314630,0
314631,9
314632,0
314633,0
314634,11
314635,20
314636,0
314637,0
314638,0
314639,0
314640,0
314641,0
314642,0
314643,0
314644,0
314645,0
314646,0
314647,0
314648,0
314649,0
314650,17
314651,0
314652,0
314653,0
314654,0
314655,0
314656,0
314657,0
314658,0
314659,0
314660,0
314661,0
314662,0
314663,0
314664,13
314665,0
314666,13
314667,0
314668,0
314669,0
314670,0
314671,0
314672,0
314673,21
314674,0
314675,0
314676,18
314677,0
314678,0
314679,0
314680,0
314681,11
314682,0
314683,0
314684,0
314685,17
314686,0
314687,0
314688,0
314689,0
314690,0
314691,0
314692,13
314693,0
314694,0
314695,0
314696,0
314697,0
314698,0
314699,0
314700,0
314701,0
314702,0
314703,0
314704,0
314705,0
314706,0
314707,0
314708,0
314709,9
314710,0
314711,0
314712,0
314713,0
314714,12
314715,0
314716,0
314717,0
314718,0
314719,0
314720,0
314721,0
314722,0
314723,0
314724,0
314725,0
314726,6
314727,0
314728,0
314729,22
314730,0
314731,0
314732,0
314733,0
314734,17
314735,10
314736,0
314737,0
314738,0
314739,0
314740,0
314741,0
314742,0
314743,0
314744,0
314745,0
314746,0
314747,0
314748,0
314749,0
314750,0
314751,0
314752,0
314753,9
314754,0
314755,0
314756,0
314757,16
314758,0
314759,21
314760,0
314761,0
314762,0
314763,0
314764,0
314765,0
314766,15
314767,0
314768,0
314769,0
314770,0
314771,0
314772,0
314773,0
314774,0
314775,0
314776,0
314777,0
314778,0
314779,0
314780,0
314781,0
314782,0
314783,0
314784,0
314785,14
314786,0
314787,0
314788,0
314789,0
314790,0
314791,0
314792,32
314793,0
314794,0
314795,0
314796,15
314797,0
314798,0
314799,0
314800,0
314801,0
314802,0
314803,19
314804,0
314805,0
314806,0
314807,0
314808,0
314809,0
314810,0
314811,0
314812,10
314813,0
314814,0
314815,0
314816,0
314817,0
314818,13
314819,0
314820,0
314821,0
314822,0
314823,0
314824,0
314825,0
314826,0
314827,0
314828,0
314829,0
314830,0
314831,0
314832,0
314833,0
314834,0
314835,0
314836,0
314837,0
314838,0
314839,0
314840,0
314841,0
314842,0
314843,0
314844,0
314845,0
314846,0
314847,0
314848,0
314849,0
314850,0
314851,0
314852,0
314853,0
314854,0
314855,0
314856,0
314857,0
314858,0
314859,0
314860,0
314861,0
314862,0
314863,0
314864,0
314865,0
314866,0
314867,20
314868,0
314869,0
314870,0
314871,0
314872,0
314873,0
314874,18
314875,0
314876,0
314877,0
314878,18
314879,0
314880,0
314881,14
314882,0
314883,5
314884,0
314885,0
314886,0
314887,0
314888,0
314889,0
314890,0
314891,16
314892,0
314893,0
314894,0
314895,0
314896,0
314897,0
314898,0
314899,0
314900,0
314901,0
314902,0
314903,0
314904,15
314905,0
314906,0
314907,10
314908,0
314909,0
314910,0
314911,17
314912,0
314913,0
314914,0
314915,0
314916,0
314917,0
314918,0
314919,0
314920,0
314921,0
314922,0
314923,0
314924,0
314925,0
314926,0
314927,40
314928,0
314929,0
314930,0
314931,0
314932,0
314933,0
314934,0
314935,17
314936,0
314937,0
314938,17
314939,0
314940,0
314941,0
314942,0
314943,0
314944,0
314945,0
314946,0
314947,0
314948,0
314949,0
314950,0
314951,0
314952,13
314953,0
314954,0
314955,0
314956,0
314957,0
314958,0
314959,0
314960,0
314961,0
314962,0
314963,20
314964,0
314965,0
314966,0
314967,0
314968,0
314969,0
314970,26
314971,19
314972,0
314973,0
314974,0
314975,17
314976,0
314977,0
314978,0
314979,0
314980,0
314981,0
314982,0
314983,0
314984,0
314985,0
314986,0
314987,0
314988,0
314989,0
314990,0
314991,0
314992,0
314993,0
314994,25
314995,0
314996,0
314997,0
314998,0
314999,0
315000,0
315001,0
315002,24
315003,0
315004,27
315005,0
315006,0
315007,0
315008,0
315009,0
315010,0
315011,0
315012,0
315013,0
315014,0
315015,0
315016,15
315017,0
315018,0
315019,0
315020,0
315021,0
315022,0
315023,0
315024,0
315025,9
315026,0
315027,16
315028,0
315029,0
315030,20
315031,0
315032,0
315033,0
315034,0
315035,0
315036,0
315037,0
315038,0
315039,0
315040,0
315041,0
315042,0
315043,0
315044,0
315045,0
315046,0
315047,0
315048,0
315049,0
315050,0
315051,0
315052,0
315053,0
315054,0
315055,0
315056,0
315057,0
315058,0
315059,0
315060,0
315061,0
315062,0
315063,0
315064,0
315065,0
315066,11
315067,19
315068,0
315069,0
315070,0
315071,0
315072,14
315073,0
315074,0
315075,0
315076,0
315077,0
315078,0
315079,0
315080,0
315081,0
315082,15
315083,0
315084,0
315085,0
315086,0
315087,0
315088,0
315089,15
315090,0
315091,0
315092,0
315093,0
315094,0
315095,12
315096,0
315097,0
315098,0
315099,0
315100,0
315101,0
315102,0
315103,0
315104,0
315105,0
315106,28
315107,0
315108,0
315109,0
315110,0
315111,0
315112,0
315113,0
315114,0
315115,0
315116,0
315117,0
315118,0
315119,0
315120,0
315121,0
315122,0
315123,0
315124,0
315125,0
315126,0
315127,0
315128,0
315129,0
315130,0
315131,17
315132,0
315133,0
315134,0
315135,0
315136,10
315137,16
315138,0
315139,0
315140,0
315141,0
315142,0
315143,0
315144,10
315145,0
315146,0
315147,0
315148,0
315149,0
315150,0
315151,0
315152,7
315153,0
315154,10
315155,9
315156,0
315157,0
315158,0
315159,0
315160,0
315161,0
315162,0
315163,0
315164,0
315165,11
315166,0
315167,0
315168,0
315169,0
315170,0
315171,0
315172,0
315173,0
315174,0
315175,0
315176,0
315177,0
315178,0
315179,0
315180,0
315181,0
315182,0
315183,0
315184,0
315185,0
315186,0
315187,0
315188,0
315189,0
315190,0
315191,0
315192,0
315193,0
315194,0
315195,0
315196,9
315197,0
315198,0
315199,0
315200,0
315201,0
315202,0
315203,0
315204,0
315205,15
315206,0
315207,0
315208,0
315209,0
315210,0
315211,0
315212,0
315213,0
315214,0
315215,0
315216,0
315217,0
315218,0
315219,0
315220,0
315221,0
315222,0
315223,0
315224,0
315225,0
315226,0
315227,0
315228,0
315229,0
315230,0
315231,0
315232,0
315233,0
315234,0
315235,9
315236,0
315237,0
315238,0
315239,0
315240,0
315241,0
315242,0
315243,8
315244,8
315245,0
315246,0
315247,0
315248,0
315249,0
315250,0
315251,0
315252,0
315253,0
315254,14
315255,0
315256,6
315257,0
315258,6
315259,0
315260,13
315261,0
315262,0
315263,0
315264,0
315265,0
315266,0
315267,0
315268,0
315269,0
315270,0
315271,0
315272,0
315273,0
315274,0
315275,0
315276,0
315277,0
315278,0
315279,0
315280,0
315281,0
315282,0
315283,0
315284,0
315285,15
315286,12
315287,0
315288,0
315289,0
315290,0
315291,4
315292,0
315293,0
315294,14
315295,12
315296,0
315297,0
315298,0
315299,0
315300,0
315301,0
315302,0
315303,0
315304,0
315305,0
315306,0
315307,0
315308,0
315309,0
315310,0
315311,0
315312,0
315313,0
315314,0
315315,0
315316,0
315317,0
315318,0
315319,0
315320,0
315321,13
315322,0
315323,0
315324,13
315325,0
315326,9
315327,0
315328,0
315329,7
315330,0
315331,0
315332,0
315333,0
315334,0
315335,0
315336,0
315337,0
315338,0
315339,0
315340,0
315341,0
315342,0
315343,0
315344,0
315345,7
315346,0
315347,0
315348,5
315349,0
315350,0
315351,0
315352,0
315353,0
315354,0
315355,0
315356,0
315357,0
315358,0
315359,0
315360,0
315361,0
315362,0
315363,0
315364,0
315365,0
315366,20
315367,0
315368,12
315369,0
315370,10
315371,0
315372,0
315373,0
315374,0
315375,0
315376,0
315377,0
315378,0
315379,15
315380,0
315381,5
315382,0
315383,0
315384,0
315385,0
315386,0
315387,0
315388,0
315389,0
315390,0
315391,0
315392,0
315393,14
315394,0
315395,0
315396,0
315397,0
315398,3
315399,0
315400,0
315401,0
315402,0
315403,4
315404,0
315405,0
315406,0
315407,0
315408,0
315409,12
315410,0
315411,0
315412,9
315413,0
315414,0
315415,0
315416,0
315417,0
315418,0
315419,0
315420,0
315421,0
315422,0
315423,0
315424,0
315425,0
315426,0
315427,0
315428,0
315429,0
315430,0
315431,0
315432,5
315433,0
315434,0
315435,0
315436,0
315437,0
315438,0
315439,0
315440,0
315441,15
315442,0
315443,0
315444,0
315445,6
315446,0
315447,0
315448,0
315449,0
315450,6
315451,11
315452,0
315453,0
315454,14
315455,2
315456,0
315457,0
315458,11
315459,0
315460,0
315461,0
315462,0
315463,0
315464,0
315465,0
315466,0
315467,9
315468,0
315469,0
315470,0
315471,9
315472,0
315473,0
315474,0
315475,0
315476,0
315477,0
315478,9
315479,10
315480,9
315481,0
315482,0
315483,0
315484,0
315485,14
315486,0
315487,0
315488,0
315489,0
315490,0
315491,0
315492,0
315493,8
315494,8
315495,0
315496,0
315497,0
315498,5
315499,0
315500,0
315501,0
315502,0
315503,0
315504,0
315505,18
315506,0
315507,0
315508,0
315509,0
315510,0
315511,14
315512,0
315513,0
315514,0
315515,0
315516,0
315517,0
315518,0
315519,0
315520,0
315521,10
315522,16
315523,0
315524,0
315525,7
315526,0
315527,6
315528,15
315529,0
315530,0
315531,0
315532,0
315533,0
315534,0
315535,0
315536,0
315537,0
315538,0
315539,0
315540,9
315541,0
315542,0
315543,0
315544,0
315545,8
315546,0
315547,0
315548,0
315549,0
315550,0
315551,0
315552,6
315553,6
315554,0
315555,0
315556,0
315557,0
315558,0
315559,0
315560,0
315561,0
315562,0
315563,0
315564,0
315565,0
315566,0
315567,0
315568,0
315569,0
315570,0
315571,0
315572,0
315573,0
315574,0
315575,0
315576,11
315577,0
315578,9
315579,0
315580,0
315581,0
315582,0
315583,0
315584,7
315585,0
315586,11
315587,0
315588,0
315589,0
315590,0
315591,0
315592,0
315593,0
315594,0
315595,0
315596,0
315597,10
315598,0
315599,0
315600,0
315601,0
315602,0
315603,0
315604,0
315605,0
315606,0
315607,0
315608,0
315609,0
315610,0
315611,0
315612,5
315613,0
315614,0
315615,0
315616,0
315617,0
315618,0
315619,0
315620,0
315621,0
315622,0
315623,0
315624,0
315625,0
315626,0
315627,0
315628,0
315629,0
315630,0
315631,6
315632,0
315633,0
315634,0
315635,10
315636,0
315637,0
315638,0
315639,0
315640,0
315641,0
315642,0
315643,0
315644,0
315645,0
315646,0
315647,16
315648,0
315649,0
315650,0
315651,5
315652,0
315653,0
315654,0
315655,0
315656,0
315657,0
315658,0
315659,0
315660,0
315661,0
315662,0
315663,8
315664,0
315665,0
315666,0
315667,0
315668,0
315669,0
315670,0
315671,0
315672,0
315673,0
315674,0
315675,0
315676,0
315677,0
315678,0
315679,0
315680,0
315681,0
315682,0
315683,0
315684,0
315685,0
315686,0
315687,0
315688,0
315689,0
315690,0
315691,0
315692,9
315693,0
315694,0
315695,0
315696,0
315697,10
315698,0
315699,0
315700,0
315701,0
315702,0
315703,0
315704,0
315705,0
315706,0
315707,0
315708,0
315709,0
315710,0
315711,0
315712,0
315713,0
315714,0
315715,0
315716,0
315717,0
315718,0
315719,14
315720,0
315721,0
315722,0
315723,0
315724,8
315725,0
315726,0
315727,0
315728,0
315729,0
315730,0
315731,0
315732,0
315733,0
315734,10
315735,10
315736,0
315737,8
315738,7
315739,0
315740,0
315741,0
315742,0
315743,0
315744,0
315745,0
315746,0
315747,0
315748,0
315749,0
315750,8
315751,0
315752,0
315753,0
315754,0
315755,0
315756,0
315757,0
315758,0
315759,0
315760,0
315761,0
315762,0
315763,0
315764,0
315765,7
315766,0
315767,0
315768,0
315769,0
315770,0
315771,0
315772,0
315773,0
315774,0
315775,0
315776,0
315777,0
315778,0
315779,0
315780,0
315781,0
315782,0
315783,0
315784,0
315785,0
315786,0
315787,0
315788,0
315789,0
315790,0
315791,0
315792,0
315793,0
315794,15
315795,0
315796,0
315797,0
315798,0
315799,0
315800,0
315801,0
315802,0
315803,0
315804,0
315805,0
315806,0
315807,0
315808,0
315809,0
315810,0
315811,0
315812,7
315813,0
315814,0
315815,0
315816,0
315817,0
315818,0
315819,0
315820,0
315821,0
315822,0
315823,0
315824,0
315825,0
315826,0
315827,0
315828,0
315829,0
315830,0
315831,7
315832,0
315833,0
315834,0
315835,15
315836,0
315837,6
315838,0
315839,0
315840,0
315841,0
315842,0
315843,0
315844,0
315845,13
315846,0
315847,0
315848,0
315849,0
315850,0
315851,0
315852,0
315853,0
315854,0
315855,0
315856,0
315857,10
315858,0
315859,0
315860,0
315861,0
315862,6
315863,0
315864,8
315865,0
315866,0
315867,0
315868,0
315869,0
315870,0
315871,0
315872,0
315873,16
315874,9
315875,0
315876,0
315877,0
315878,0
315879,0
315880,0
315881,0
315882,0
315883,0
315884,8
315885,0
315886,0
315887,0
315888,0
315889,0
315890,0
315891,11
315892,0
315893,0
315894,0
315895,0
315896,0
315897,0
315898,16
315899,11
315900,10
315901,0
315902,0
315903,0
315904,0
315905,0
315906,0
315907,0
315908,0
315909,11
315910,0
315911,0
315912,0
315913,33
315914,0
315915,0
315916,29
315917,0
315918,29
315919,0
315920,44
315921,0
315922,0
315923,0
315924,0
315925,0
315926,0
315927,0
315928,0
315929,0
315930,0
315931,0
315932,0
315933,27
315934,34
315935,0
315936,0
315937,0
315938,42
315939,0
315940,29
315941,0
315942,24
315943,0
315944,0
315945,0
315946,0
315947,0
315948,0
315949,0
315950,0
315951,0
315952,28
315953,0
315954,0
315955,0
315956,0
315957,37
315958,0
315959,0
315960,0
315961,38
315962,0
315963,42
315964,0
315965,26
315966,0
315967,0
315968,0
315969,0
315970,0
315971,0
315972,37
315973,28
315974,0
315975,0
315976,0
315977,0
315978,0
315979,27
315980,0
315981,29
315982,0
315983,0
315984,0
315985,28
315986,0
315987,28
315988,25
315989,0
315990,29
315991,0
315992,0
315993,0
315994,0
315995,0
315996,39
315997,35
315998,0
315999,0
316000,0
316001,0
316002,0
316003,30
316004,47
316005,23
316006,0
316007,0
316008,0
316009,0
316010,21
316011,28
316012,0
316013,0
316014,0
316015,0
316016,0
316017,39
316018,0
316019,0
316020,24
316021,0
316022,0
316023,0
316024,0
316025,0
316026,0
316027,0
316028,0
316029,0
316030,0
316031,0
316032,0
316033,31
316034,46
316035,0
316036,0
316037,19
316038,0
316039,0
316040,0
316041,35
316042,0
316043,0
316044,0
316045,0
316046,35
316047,0
316048,0
316049,0
316050,36
316051,0
316052,0
316053,0
316054,0
316055,0
316056,0
316057,34
316058,0
316059,36
316060,21
316061,0
316062,0
316063,0
316064,0
316065,0
316066,0
316067,0
316068,0
316069,0
316070,0
316071,0
316072,19
316073,23
316074,0
316075,0
316076,0
316077,28
316078,27
316079,32
316080,0
316081,0
316082,38
316083,0
316084,34
316085,0
316086,0
316087,41
316088,0
316089,0
316090,37
316091,32
316092,0
316093,0
316094,31
316095,0
316096,0
316097,0
316098,24
316099,0
316100,0
316101,0
316102,22
316103,0
316104,0
316105,0
316106,0
316107,27
316108,0
316109,0
316110,0
316111,0
316112,0
316113,34
316114,26
316115,0
316116,0
316117,0
316118,0
316119,0
316120,0
316121,0
316122,0
316123,41
316124,0
316125,0
316126,0
316127,0
316128,0
316129,0
316130,0
316131,0
316132,0
316133,0
316134,49
316135,0
316136,0
316137,0
316138,0
316139,0
316140,0
316141,35
316142,0
316143,26
316144,0
316145,0
316146,33
316147,0
316148,0
316149,0
316150,0
316151,0
316152,0
316153,0
316154,0
316155,0
316156,0
316157,43
316158,0
316159,0
316160,20
316161,0
316162,0
316163,0
316164,0
316165,43
316166,0
316167,0
316168,0
316169,0
316170,0
316171,0
316172,0
316173,46
316174,29
316175,0
316176,0
316177,0
316178,0
316179,0
316180,0
316181,25
316182,0
316183,0
316184,22
316185,20
316186,32
316187,0
316188,0
316189,0
316190,0
316191,0
316192,9
316193,16
316194,0
316195,0
316196,0
316197,0
316198,0
316199,0
316200,0
316201,0
316202,0
316203,0
316204,23
316205,0
316206,0
316207,0
316208,0
316209,0
316210,0
316211,24
316212,0
316213,26
316214,0
316215,21
316216,0
316217,0
316218,0
316219,0
316220,0
316221,0
316222,0
316223,0
316224,0
316225,0
316226,0
316227,27
316228,0
316229,0
316230,0
316231,0
316232,0
316233,0
316234,18
316235,0
316236,0
316237,23
316238,0
316239,0
316240,0
316241,23
316242,18
316243,22
316244,0
316245,18
316246,0
316247,0
316248,0
316249,14
316250,0
316251,0
316252,0
316253,19
316254,0
316255,14
316256,0
316257,0
316258,0
316259,0
316260,0
316261,15
316262,0
316263,0
316264,27
316265,0
316266,0
316267,24
316268,24
316269,15
316270,0
316271,0
316272,0
316273,0
316274,0
316275,17
316276,0
316277,0
316278,0
316279,0
316280,0
316281,0
316282,0
316283,0
316284,0
316285,0
316286,0
316287,16
316288,0
316289,13
316290,0
316291,0
316292,0
316293,0
316294,0
316295,0
316296,10
316297,26
316298,0
316299,0
316300,0
316301,0
316302,0
316303,0
316304,21
316305,0
316306,0
316307,0
316308,0
316309,0
316310,19
316311,0
316312,9
316313,0
316314,0
316315,0
316316,0
316317,0
316318,0
316319,0
316320,15
316321,0
316322,0
316323,0
316324,0
316325,0
316326,0
316327,0
316328,0
316329,0
316330,0
316331,0
316332,0
316333,18
316334,18
316335,0
316336,0
316337,0
316338,0
316339,0
316340,0
316341,0
316342,0
316343,21
316344,0
316345,0
316346,0
316347,0
316348,18
316349,0
316350,0
316351,0
316352,0
316353,0
316354,0
316355,0
316356,13
316357,0
316358,0
316359,0
316360,0
316361,0
316362,20
316363,25
316364,0
316365,0
316366,0
316367,0
316368,21
316369,0
316370,23
316371,16
316372,0
316373,0
316374,0
316375,0
316376,0
316377,0
316378,0
316379,0
316380,0
316381,25
316382,0
316383,15
316384,0
316385,0
316386,0
316387,0
316388,0
316389,0
316390,27
316391,22
316392,27
316393,0
316394,0
316395,0
316396,0
316397,7
316398,0
316399,0
316400,13
316401,18
316402,0
316403,0
316404,20
316405,0
316406,0
316407,0
316408,0
316409,0
316410,25
316411,0
316412,26
316413,0
316414,0
316415,0
316416,22
316417,0
316418,0
316419,0
316420,0
316421,0
316422,0
316423,0
316424,0
316425,0
316426,0
316427,0
316428,0
316429,0
316430,0
316431,0
316432,0
316433,0
316434,12
316435,0
316436,0
316437,32
316438,0
316439,14
316440,17
316441,0
316442,0
316443,18
316444,19
316445,0
316446,0
316447,0
316448,9
316449,0
316450,18
316451,0
316452,0
316453,0
316454,21
316455,0
316456,28
316457,0
316458,0
316459,0
316460,0
316461,0
316462,0
316463,0
316464,0
316465,0
316466,0
316467,0
316468,0
316469,0
316470,25
316471,0
316472,0
316473,0
316474,0
316475,0
316476,0
316477,0
316478,26
316479,0
316480,22
316481,0
316482,0
316483,0
316484,0
316485,0
316486,0
316487,23
316488,0
316489,0
316490,25
316491,18
316492,0
316493,0
316494,0
316495,0
316496,0
316497,0
316498,0
316499,17
316500,0
316501,0
316502,0
316503,0
316504,0
316505,0
316506,0
316507,0
316508,0
316509,23
316510,0
316511,0
316512,21
316513,26
316514,0
316515,0
316516,0
316517,0
316518,0
316519,0
316520,0
316521,0
316522,0
316523,0
316524,0
316525,0
316526,0
316527,0
316528,17
316529,0
316530,25
316531,0
316532,0
316533,0
316534,0
316535,0
316536,0
316537,0
316538,0
316539,0
316540,24
316541,0
316542,0
316543,0
316544,0
316545,0
316546,0
316547,0
316548,0
316549,0
316550,0
316551,0
316552,0
316553,26
316554,0
316555,0
316556,0
316557,0
316558,0
316559,0
316560,0
316561,0
316562,0
316563,0
316564,0
316565,0
316566,0
316567,20
316568,0
316569,0
316570,0
316571,0
316572,11
316573,0
316574,0
316575,0
316576,0
316577,27
316578,0
316579,0
316580,0
316581,22
316582,0
316583,0
316584,0
316585,0
316586,0
316587,0
316588,0
316589,0
316590,0
316591,0
316592,0
316593,0
316594,0
316595,0
316596,0
316597,0
316598,0
316599,0
316600,0
316601,0
316602,0
316603,0
316604,0
316605,0
316606,0
316607,0
316608,0
316609,0
316610,0
316611,0
316612,0
316613,0
316614,0
316615,0
316616,0
316617,0
316618,32
316619,0
316620,0
316621,41
316622,0
316623,0
316624,0
316625,0
316626,0
316627,0
316628,0
316629,0
316630,0
316631,0
316632,0
316633,0
316634,0
316635,0
316636,0
316637,38
316638,0
316639,0
316640,0
316641,0
316642,0
316643,37
316644,0
316645,0
316646,0
316647,0
316648,0
316649,0
316650,0
316651,31
316652,0
316653,0
316654,0
316655,0
316656,0
316657,29
316658,0
316659,16
316660,0
316661,0
316662,0
316663,0
316664,0
316665,0
316666,0
316667,0
316668,0
316669,0
316670,0
316671,0
316672,0
316673,0
316674,0
316675,0
316676,0
316677,0
316678,0
316679,0
316680,23
316681,0
316682,0
316683,0
316684,0
316685,0
316686,0
316687,0
316688,0
316689,0
316690,0
316691,0
316692,0
316693,0
316694,0
316695,0
316696,0
316697,0
316698,37
316699,0
316700,18
316701,0
316702,0
316703,0
316704,0
316705,0
316706,0
316707,0
316708,0
316709,0
316710,0
316711,0
316712,0
316713,0
316714,0
316715,0
316716,0
316717,0
316718,0
316719,0
316720,0
316721,0
316722,0
316723,0
316724,0
316725,0
316726,0
316727,0
316728,0
316729,0
316730,0
316731,0
316732,0
316733,0
316734,0
316735,0
316736,0
316737,0
316738,0
316739,0
316740,0
316741,0
316742,0
316743,0
316744,0
316745,0
316746,0
316747,0
316748,0
316749,0
316750,0
316751,0
316752,0
316753,0
316754,0
316755,0
316756,0
316757,0
316758,0
316759,0
316760,0
316761,0
316762,0
316763,0
316764,0
316765,0
316766,0
316767,0
316768,0
316769,0
316770,22
316771,0
316772,0
316773,0
316774,0
316775,0
316776,0
316777,0
316778,0
316779,0
316780,0
316781,0
316782,0
316783,21
316784,0
316785,0
316786,0
316787,0
316788,0
316789,0
316790,39
316791,0
316792,0
316793,0
316794,0
316795,0
316796,0
316797,0
316798,0
316799,0
316800,26
316801,0
316802,0
316803,0
316804,22
316805,0
316806,0
316807,0
316808,0
316809,0
316810,0
316811,0
316812,0
316813,0
316814,0
316815,0
316816,0
316817,0
316818,38
316819,0
316820,0
316821,0
316822,0
316823,0
316824,0
316825,0
316826,0
316827,0
316828,0
316829,0
316830,0
316831,0
316832,0
316833,0
316834,0
316835,0
316836,0
316837,0
316838,0
316839,0
316840,0
316841,0
316842,0
316843,13
316844,0
316845,23
316846,0
316847,29
316848,0
316849,0
316850,0
316851,0
316852,0
316853,0
316854,0
316855,0
316856,0
316857,0
316858,0
316859,21
316860,0
316861,0
316862,0
316863,0
316864,0
316865,0
316866,0
316867,18
316868,0
316869,0
316870,0
316871,35
316872,28
316873,0
316874,0
316875,0
316876,32
316877,0
316878,0
316879,0
316880,0
316881,0
316882,0
316883,0
316884,0
316885,0
316886,0
316887,0
316888,0
316889,27
316890,0
316891,0
316892,0
316893,0
316894,0
316895,0
316896,0
316897,0
316898,0
316899,0
316900,0
316901,0
316902,0
316903,26
316904,0
316905,0
316906,0
316907,0
316908,0
316909,0
316910,0
316911,0
316912,25
316913,35
316914,0
316915,0
316916,0
316917,0
316918,0
316919,0
316920,0
316921,0
316922,0
316923,0
316924,0
316925,0
316926,0
316927,0
316928,0
316929,0
316930,0
316931,0
316932,0
316933,0
316934,0
316935,0
316936,0
316937,0
316938,0
316939,0
316940,0
316941,0
316942,0
316943,0
316944,0
316945,0
316946,0
316947,27
316948,0
316949,0
316950,0
316951,0
316952,0
316953,0
316954,0
316955,0
316956,0
316957,0
316958,0
316959,0
316960,0
316961,0
316962,0
316963,0
316964,0
316965,0
316966,0
316967,0
316968,0
316969,0
316970,0
316971,0
316972,0
316973,0
316974,0
316975,0
316976,0
316977,0
316978,0
316979,37
316980,0
316981,0
316982,0
316983,36
316984,0
316985,40
316986,0
316987,27
316988,0
316989,0
316990,0
316991,0
316992,0
316993,0
316994,0
316995,0
316996,0
316997,0
316998,25
316999,0
317000,0
317001,0
317002,0
317003,0
317004,0
317005,0
317006,0
317007,0
317008,0
317009,0
317010,0
317011,0
317012,0
317013,0
317014,0
317015,0
317016,0
317017,0
317018,0
317019,0
317020,0
317021,0
317022,0
317023,0
317024,0
317025,0
317026,0
317027,0
317028,0
317029,0
317030,0
317031,0
317032,0
317033,0
317034,0
317035,0
317036,0
317037,0
317038,0
317039,0
317040,0
317041,0
317042,0
317043,0
317044,0
317045,0
317046,0
317047,0
317048,0
317049,0
317050,0
317051,0
317052,0
317053,0
317054,0
317055,0
317056,0
317057,3
317058,3
317059,0
317060,0
317061,8
317062,0
317063,0
317064,0
317065,0
317066,2
317067,0
317068,0
317069,7
317070,0
317071,0
317072,0
317073,0
317074,0
317075,0
317076,0
317077,0
317078,0
317079,0
317080,0
317081,0
317082,0
317083,0
317084,0
317085,0
317086,0
317087,4
317088,0
317089,0
317090,0
317091,0
317092,0
317093,0
317094,0
317095,0
317096,0
317097,0
317098,0
317099,6
317100,0
317101,0
317102,0
317103,0
317104,0
317105,0
317106,0
317107,0
317108,0
317109,0
317110,0
317111,0
317112,0
317113,0
317114,0
317115,0
317116,0
317117,0
317118,1
317119,4
317120,0
317121,0
317122,0
317123,0
317124,0
317125,0
317126,0
317127,6
317128,4
317129,0
317130,0
317131,0
317132,4
317133,0
317134,0
317135,0
317136,0
317137,5
317138,0
317139,0
317140,0
317141,0
317142,0
317143,0
317144,0
317145,0
317146,0
317147,0
317148,0
317149,0
317150,1
317151,0
317152,0
317153,0
317154,2
317155,0
317156,0
317157,4
317158,0
317159,0
317160,4
317161,0
317162,0
317163,0
317164,0
317165,0
317166,0
317167,0
317168,0
317169,0
317170,4
317171,0
317172,0
317173,0
317174,0
317175,0
317176,0
317177,0
317178,0
317179,0
317180,0
317181,0
317182,0
317183,0
317184,0
317185,0
317186,4
317187,0
317188,0
317189,0
317190,0
317191,0
317192,0
317193,0
317194,0
317195,0
317196,0
317197,2
317198,0
317199,0
317200,0
317201,0
317202,0
317203,0
317204,0
317205,0
317206,0
317207,0
317208,0
317209,0
317210,1
317211,0
317212,3
317213,0
317214,0
317215,0
317216,0
317217,0
317218,0
317219,0
317220,0
317221,0
317222,0
317223,0
317224,0
317225,0
317226,0
317227,0
317228,0
317229,0
317230,0
317231,0
317232,0
317233,0
317234,0
317235,0
317236,0
317237,0
317238,0
317239,0
317240,0
317241,0
317242,0
317243,0
317244,0
317245,0
317246,0
317247,0
317248,0
317249,0
317250,0
317251,2
317252,0
317253,0
317254,3
317255,0
317256,0
317257,0
317258,0
317259,0
317260,0
317261,0
317262,0
317263,0
317264,0
317265,0
317266,0
317267,0
317268,0
317269,0
317270,0
317271,0
317272,0
317273,0
317274,0
317275,0
317276,0
317277,0
317278,0
317279,0
317280,0
317281,0
317282,4
317283,0
317284,0
317285,0
317286,0
317287,0
317288,0
317289,0
317290,0
317291,0
317292,0
317293,0
317294,0
317295,0
317296,0
317297,0
317298,0
317299,0
317300,0
317301,0
317302,0
317303,0
317304,0
317305,0
317306,0
317307,0
317308,0
317309,0
317310,0
317311,0
317312,0
317313,0
317314,0
317315,0
317316,0
317317,3
317318,0
317319,4
317320,0
317321,0
317322,0
317323,0
317324,0
317325,0
317326,0
317327,0
317328,0
317329,0
317330,0
317331,0
317332,0
317333,0
317334,0
317335,0
317336,0
317337,0
317338,0
317339,0
317340,0
317341,0
317342,0
317343,3
317344,0
317345,0
317346,0
317347,0
317348,0
317349,0
317350,0
317351,0
317352,0
317353,0
317354,0
317355,0
317356,0
317357,0
317358,0
317359,0
317360,0
317361,0
317362,0
317363,0
317364,0
317365,0
317366,0
317367,0
317368,0
317369,0
317370,0
317371,0
317372,0
317373,0
317374,0
317375,0
317376,0
317377,0
317378,0
317379,0
317380,0
317381,0
317382,0
317383,0
317384,0
317385,0
317386,0
317387,0
317388,0
317389,0
317390,0
317391,0
317392,0
317393,0
317394,0
317395,0
317396,5
317397,0
317398,0
317399,0
317400,0
317401,0
317402,0
317403,0
317404,0
317405,0
317406,0
317407,0
317408,0
317409,1
317410,0
317411,0
317412,0
317413,0
317414,0
317415,0
317416,0
317417,0
317418,0
317419,0
317420,0
317421,6
317422,0
317423,0
317424,0
317425,0
317426,0
317427,0
317428,0
317429,0
317430,0
317431,0
317432,0
317433,0
317434,0
317435,0
317436,0
317437,0
317438,0
317439,0
317440,0
317441,0
317442,0
317443,0
317444,0
317445,0
317446,0
317447,0
317448,0
317449,0
317450,0
317451,2
317452,0
317453,0
317454,5
317455,0
317456,0
317457,0
317458,0
317459,0
317460,6
317461,0
317462,0
317463,0
317464,0
317465,0
317466,0
317467,3
317468,0
317469,0
317470,0
317471,0
317472,0
317473,0
317474,0
317475,0
317476,0
317477,0
317478,0
317479,0
317480,0
317481,0
317482,0
317483,0
317484,0
317485,0
317486,0
317487,5
317488,0
317489,0
317490,0
317491,0
317492,0
317493,0
317494,0
317495,0
317496,0
317497,0
317498,0
317499,0
317500,0
317501,10
317502,0
317503,0
317504,0
317505,0
317506,0
317507,0
317508,0
317509,2
317510,0
317511,0
317512,0
317513,0
317514,0
317515,0
317516,0
317517,0
317518,0
317519,0
317520,0
317521,0
317522,0
317523,0
317524,0
317525,5
317526,0
317527,0
317528,0
317529,0
317530,0
317531,0
317532,0
317533,0
317534,0
317535,0
317536,0
317537,0
317538,0
317539,0
317540,0
317541,2
317542,4
317543,0
317544,0
317545,0
317546,0
317547,0
317548,0
317549,0
317550,0
317551,0
317552,0
317553,0
317554,0
317555,0
317556,0
317557,0
317558,3
317559,0
317560,0
317561,0
317562,0
317563,0
317564,0
317565,0
317566,0
317567,0
317568,0
317569,0
317570,0
317571,0
317572,0
317573,0
317574,0
317575,5
317576,0
317577,0
317578,0
317579,0
317580,0
317581,0
317582,0
317583,0
317584,0
317585,0
317586,0
317587,2
317588,0
317589,0
317590,0
317591,0
317592,6
317593,0
317594,0
317595,0
317596,0
317597,2
317598,0
317599,0
317600,0
317601,4
317602,0
317603,0
317604,0
317605,0
317606,3
317607,0
317608,0
317609,0
317610,0
317611,0
317612,0
317613,7
317614,0
317615,0
317616,0
317617,0
317618,0
317619,0
317620,0
317621,0
317622,5
317623,0
317624,0
317625,0
317626,0
317627,0
317628,0
317629,0
317630,0
317631,0
317632,0
317633,0
317634,0
317635,0
317636,0
317637,0
317638,0
317639,0
317640,0
317641,2
317642,0
317643,0
317644,0
317645,0
317646,0
317647,0
317648,0
317649,0
317650,0
317651,0
317652,0
317653,0
317654,0
317655,0
317656,0
317657,5
317658,0
317659,0
317660,0
317661,0
317662,0
317663,0
317664,0
317665,0
317666,0
317667,5
317668,0
317669,0
317670,0
317671,0
317672,0
317673,5
317674,0
317675,0
317676,0
317677,0
317678,0
317679,0
317680,0
317681,0
317682,5
317683,0
317684,0
317685,0
317686,0
317687,0
317688,0
317689,0
317690,0
317691,0
317692,0
317693,0
317694,0
317695,0
317696,0
317697,0
317698,0
317699,0
317700,0
317701,0
317702,0
317703,0
317704,0
317705,0
317706,3
317707,0
317708,0
317709,0
317710,0
317711,0
317712,0
317713,0
317714,0
317715,0
317716,0
317717,0
317718,0
317719,3
317720,0
317721,0
317722,0
317723,0
317724,0
317725,0
317726,0
317727,0
317728,0
317729,0
317730,0
317731,0
317732,0
317733,0
317734,0
317735,0
317736,0
317737,0
317738,4
317739,0
317740,0
317741,0
317742,0
317743,0
317744,0
317745,0
317746,0
317747,0
317748,0
317749,0
317750,0
317751,0
317752,0
317753,0
317754,0
317755,0
317756,0
317757,0
317758,0
317759,0
317760,0
317761,0
317762,2
317763,0
317764,0
317765,0
317766,0
317767,0
317768,0
317769,0
317770,0
317771,0
317772,0
317773,0
317774,4
317775,0
317776,0
317777,0
317778,0
317779,0
317780,0
317781,0
317782,0
317783,0
317784,0
317785,0
317786,0
317787,0
317788,0
317789,0
317790,0
317791,0
317792,0
317793,3
317794,0
317795,0
317796,0
317797,0
317798,5
317799,0
317800,0
317801,0
317802,0
317803,1
317804,0
317805,0
317806,0
317807,0
317808,0
317809,0
317810,0
317811,0
317812,0
317813,0
317814,5
317815,0
317816,0
317817,0
317818,0
317819,0
317820,0
317821,0
317822,9
317823,0
317824,0
317825,0
317826,0
317827,0
317828,0
317829,0
317830,0
317831,0
317832,0
317833,0
317834,0
317835,1
317836,0
317837,0
317838,0
317839,0
317840,0
317841,0
317842,0
317843,0
317844,17
317845,0
317846,6
317847,0
317848,0
317849,0
317850,0
317851,11
317852,10
317853,0
317854,0
317855,0
317856,3
317857,0
317858,0
317859,0
317860,0
317861,0
317862,0
317863,0
317864,3
317865,0
317866,0
317867,0
317868,0
317869,0
317870,0
317871,0
317872,0
317873,0
317874,0
317875,10
317876,0
317877,0
317878,0
317879,0
317880,13
317881,0
317882,0
317883,0
317884,0
317885,0
317886,6
317887,0
317888,0
317889,0
317890,0
317891,18
317892,16
317893,0
317894,0
317895,0
317896,0
317897,0
317898,7
317899,0
317900,12
317901,5
317902,0
317903,0
317904,0
317905,7
317906,3
317907,14
317908,6
317909,16
317910,15
317911,13
317912,3
317913,2
317914,0
317915,0
317916,0
317917,0
317918,0
317919,0
317920,0
317921,0
317922,12
317923,9
317924,0
317925,10
317926,4
317927,11
317928,0
317929,0
317930,0
317931,0
317932,6
317933,10
317934,0
317935,3
317936,0
317937,10
317938,0
317939,0
317940,0
317941,4
317942,10
317943,0
317944,0
317945,7
317946,3
317947,0
317948,0
317949,0
317950,0
317951,0
317952,0
317953,5
317954,0
317955,0
317956,0
317957,0
317958,0
317959,12
317960,0
317961,0
317962,0
317963,6
317964,0
317965,0
317966,8
317967,22
317968,0
317969,0
317970,0
317971,0
317972,10
317973,0
317974,0
317975,5
317976,0
317977,15
317978,0
317979,0
317980,0
317981,0
317982,3
317983,0
317984,0
317985,0
317986,0
317987,8
317988,6
317989,0
317990,0
317991,8
317992,12
317993,9
317994,0
317995,0
317996,0
317997,0
317998,0
317999,0
318000,0
318001,4
318002,0
318003,0
318004,10
318005,0
318006,14
318007,0
318008,9
318009,0
318010,0
318011,9
318012,16
318013,0
318014,0
318015,10
318016,5
318017,0
318018,6
318019,5
318020,0
318021,7
318022,0
318023,0
318024,0
318025,0
318026,0
318027,6
318028,0
318029,0
318030,10
318031,0
318032,0
318033,21
318034,0
318035,0
318036,12
318037,0
318038,0
318039,0
318040,0
318041,0
318042,15
318043,0
318044,0
318045,0
318046,0
318047,0
318048,18
318049,0
318050,14
318051,0
318052,7
318053,0
318054,0
318055,19
318056,0
318057,6
318058,0
318059,0
318060,5
318061,0
318062,0
318063,0
318064,8
318065,3
318066,0
318067,0
318068,22
318069,0
318070,12
318071,7
318072,0
318073,0
318074,12
318075,0
318076,0
318077,0
318078,0
318079,0
318080,0
318081,10
318082,0
318083,0
318084,0
318085,0
318086,0
318087,0
318088,0
318089,0
318090,0
318091,0
318092,0
318093,0
318094,0
318095,0
318096,0
318097,0
318098,0
318099,0
318100,6
318101,0
318102,0
318103,5
318104,0
318105,11
318106,0
318107,1
318108,0
318109,0
318110,0
318111,0
318112,0
318113,0
318114,0
318115,10
318116,0
318117,0
318118,12
318119,0
318120,13
318121,0
318122,0
318123,0
318124,0
318125,0
318126,0
318127,0
318128,0
318129,0
318130,0
318131,18
318132,0
318133,0
318134,8
318135,12
318136,0
318137,0
318138,5
318139,0
318140,0
318141,0
318142,5
318143,19
318144,0
318145,6
318146,0
318147,0
318148,0
318149,0
318150,21
318151,0
318152,8
318153,0
318154,13
318155,0
318156,0
318157,0
318158,0
318159,0
318160,0
318161,7
318162,0
318163,0
318164,0
318165,0
318166,12
318167,0
318168,0
318169,0
318170,22
318171,0
318172,0
318173,0
318174,0
318175,0
318176,0
318177,32
318178,21
318179,18
318180,26
318181,0
318182,0
318183,0
318184,0
318185,0
318186,0
318187,30
318188,0
318189,0
318190,0
318191,0
318192,13
318193,0
318194,32
318195,0
318196,21
318197,0
318198,0
318199,0
318200,0
318201,0
318202,0
318203,0
318204,0
318205,0
318206,0
318207,27
318208,0
318209,0
318210,0
318211,0
318212,13
318213,0
318214,0
318215,0
318216,30
318217,0
318218,0
318219,0
318220,0
318221,20
318222,26
318223,20
318224,0
318225,0
318226,0
318227,0
318228,0
318229,0
318230,0
318231,0
318232,14
318233,35
318234,0
318235,0
318236,0
318237,31
318238,31
318239,36
318240,0
318241,20
318242,0
318243,0
318244,0
318245,0
318246,0
318247,0
318248,0
318249,14
318250,0
318251,23
318252,0
318253,21
318254,0
318255,0
318256,0
318257,22
318258,0
318259,0
318260,0
318261,0
318262,0
318263,0
318264,0
318265,0
318266,31
318267,0
318268,0
318269,23
318270,0
318271,0
318272,0
318273,24
318274,0
318275,0
318276,22
318277,30
318278,0
318279,0
318280,0
318281,0
318282,0
318283,19
318284,24
318285,0
318286,24
318287,0
318288,22
318289,0
318290,0
318291,0
318292,0
318293,0
318294,24
318295,26
318296,0
318297,17
318298,0
318299,0
318300,0
318301,0
318302,0
318303,0
318304,24
318305,0
318306,0
318307,0
318308,23
318309,0
318310,0
318311,0
318312,0
318313,16
318314,0
318315,0
318316,0
318317,0
318318,0
318319,0
318320,25
318321,0
318322,17
318323,0
318324,0
318325,0
318326,27
318327,0
318328,0
318329,0
318330,0
318331,0
318332,0
318333,0
318334,29
318335,0
318336,0
318337,0
318338,0
318339,0
318340,21
318341,26
318342,22
318343,0
318344,22
318345,0
318346,0
318347,21
318348,0
318349,0
318350,0
318351,0
318352,0
318353,0
318354,0
318355,22
318356,0
318357,23
318358,0
318359,0
318360,0
318361,0
318362,0
318363,0
318364,0
318365,18
318366,0
318367,0
318368,0
318369,0
318370,0
318371,21
318372,0
318373,0
318374,19
318375,21
318376,0
318377,13
318378,0
318379,0
318380,13
318381,22
318382,25
318383,0
318384,0
318385,0
318386,0
318387,0
318388,0
318389,0
318390,23
318391,22
318392,25
318393,19
318394,21
318395,0
318396,0
318397,0
318398,0
318399,0
318400,13
318401,0
318402,12
318403,0
318404,0
318405,18
318406,0
318407,26
318408,0
318409,0
318410,31
318411,0
318412,0
318413,25
318414,0
318415,0
318416,22
318417,30
318418,0
318419,0
318420,28
318421,18
318422,0
318423,0
318424,0
318425,0
318426,0
318427,25
318428,0
318429,0
318430,0
318431,0
318432,0
318433,27
318434,0
318435,0
318436,0
318437,0
318438,0
318439,0
318440,0
318441,0
318442,0
318443,0
318444,0
318445,0
318446,0
318447,0
318448,0
318449,0
318450,28
318451,26
318452,0
318453,0
318454,0
318455,0
318456,0
318457,0
318458,0
318459,0
318460,0
318461,0
318462,0
318463,0
318464,0
318465,0
318466,0
318467,0
318468,0
318469,0
318470,0
318471,0
318472,0
318473,0
318474,25
318475,0
318476,0
318477,0
318478,0
318479,0
318480,0
318481,0
318482,19
318483,0
318484,28
318485,0
318486,0
318487,0
318488,0
318489,0
318490,0
318491,0
318492,0
318493,27
318494,0
318495,0
318496,0
318497,25
318498,0
318499,14
318500,0
318501,0
318502,0
318503,0
318504,0
318505,24
318506,30
318507,29
318508,0
318509,0
318510,0
318511,0
318512,0
318513,0
318514,0
318515,0
318516,0
318517,0
318518,0
318519,0
318520,24
318521,0
318522,0
318523,0
318524,0
318525,0
318526,21
318527,0
318528,21
318529,0
318530,0
318531,0
318532,0
318533,0
318534,0
318535,0
318536,0
318537,24
318538,0
318539,27
318540,0
318541,0
318542,25
318543,0
318544,0
318545,23
318546,0
318547,0
318548,0
318549,0
318550,22
318551,0
318552,0
318553,22
318554,37
318555,18
318556,0
318557,19
318558,0
318559,0
318560,18
318561,16
318562,0
318563,39
318564,0
318565,0
318566,0
318567,0
318568,0
318569,0
318570,0
318571,0
318572,0
318573,18
318574,0
318575,0
318576,0
318577,0
318578,0
318579,0
318580,24
318581,0
318582,37
318583,0
318584,21
318585,0
318586,0
318587,0
318588,0
318589,0
318590,0
318591,0
318592,0
318593,23
318594,25
318595,0
318596,0
318597,0
318598,0
318599,0
318600,0
318601,15
318602,0
318603,0
318604,22
318605,0
318606,0
318607,0
318608,0
318609,0
318610,0
318611,0
318612,30
318613,0
318614,0
318615,0
318616,0
318617,16
318618,0
318619,0
318620,0
318621,16
318622,0
318623,23
318624,0
318625,0
318626,0
318627,0
318628,0
318629,0
318630,29
318631,0
318632,0
318633,0
318634,0
318635,0
318636,22
318637,0
318638,18
318639,0
318640,0
318641,21
318642,0
318643,0
318644,0
318645,0
318646,0
318647,18
318648,0
318649,0
318650,0
318651,0
318652,0
318653,25
318654,0
318655,22
318656,0
318657,0
318658,0
318659,0
318660,0
318661,0
318662,29
318663,0
318664,0
318665,0
318666,0
318667,25
318668,0
318669,0
318670,0
318671,0
318672,16
318673,0
318674,27
318675,0
318676,0
318677,0
318678,0
318679,0
318680,0
318681,0
318682,0
318683,0
318684,0
318685,0
318686,0
318687,0
318688,0
318689,0
318690,0
318691,0
318692,16
318693,0
318694,29
318695,0
318696,27
318697,0
318698,0
318699,25
318700,0
318701,12
318702,22
318703,0
318704,0
318705,0
318706,0
318707,0
318708,20
318709,0
318710,0
318711,0
318712,25
318713,24
318714,0
318715,0
318716,25
318717,0
318718,0
318719,0
318720,0
318721,0
318722,0
318723,0
318724,0
318725,0
318726,0
318727,0
318728,0
318729,0
318730,22
318731,0
318732,0
318733,0
318734,17
318735,0
318736,0
318737,0
318738,0
318739,0
318740,0
318741,25
318742,0
318743,23
318744,0
318745,0
318746,13
318747,28
318748,0
318749,0
318750,0
318751,17
318752,0
318753,0
318754,0
318755,0
318756,0
318757,23
318758,0
318759,0
318760,21
318761,0
318762,0
318763,0
318764,0
318765,0
318766,0
318767,0
318768,0
318769,21
318770,0
318771,0
318772,0
318773,0
318774,32
318775,25
318776,0
318777,0
318778,0
318779,0
318780,0
318781,0
318782,0
318783,0
318784,0
318785,0
318786,0
318787,26
318788,0
318789,0
318790,0
318791,0
318792,26
318793,0
318794,0
318795,0
318796,0
318797,26
318798,33
318799,0
318800,0
318801,0
318802,0
318803,0
318804,0
318805,20
318806,31
318807,0
318808,16
318809,0
318810,0
318811,0
318812,0
318813,0
318814,23
318815,0
318816,25
318817,0
318818,20
318819,0
318820,0
318821,0
318822,0
318823,0
318824,28
318825,18
318826,0
318827,0
318828,0
318829,0
318830,0
318831,0
318832,28
318833,0
318834,0
318835,0
318836,0
318837,0
318838,0
318839,0
318840,0
318841,12
318842,14
318843,0
318844,13
318845,0
318846,0
318847,0
318848,0
318849,0
318850,0
318851,0
318852,0
318853,30
318854,0
318855,0
318856,0
318857,0
318858,0
318859,13
318860,25
318861,0
318862,0
318863,0
318864,30
318865,0
318866,0
318867,0
318868,30
318869,0
318870,0
318871,0
318872,35
318873,0
318874,0
318875,0
318876,0
318877,0
318878,0
318879,30
318880,25
318881,0
318882,0
318883,0
318884,0
318885,31
318886,16
318887,28
318888,0
318889,0
318890,0
318891,0
318892,0
318893,0
318894,24
318895,0
318896,0
318897,24
318898,37
318899,0
318900,0
318901,20
318902,19
318903,0
318904,23
318905,0
318906,0
318907,28
318908,0
318909,0
318910,25
318911,0
318912,0
318913,0
318914,0
318915,20
318916,0
318917,20
318918,25
318919,0
318920,22
318921,0
318922,0
318923,0
318924,19
318925,23
318926,31
318927,0
318928,0
318929,0
318930,0
318931,0
318932,26
318933,0
318934,0
318935,19
318936,0
318937,0
318938,24
318939,0
318940,0
318941,0
318942,21
318943,0
318944,0
318945,0
318946,33
318947,26
318948,0
318949,0
318950,0
318951,22
318952,0
318953,0
318954,0
318955,0
318956,0
318957,0
318958,0
318959,0
318960,0
318961,0
318962,0
318963,0
318964,0
318965,30
318966,26
318967,19
318968,25
318969,14
318970,0
318971,19
318972,0
318973,0
318974,0
318975,0
318976,26
318977,0
318978,0
318979,20
318980,33
318981,14
318982,0
318983,0
318984,0
318985,0
318986,19
318987,0
318988,28
318989,15
318990,11
318991,0
318992,0
318993,0
318994,0
318995,0
318996,22
318997,0
318998,0
318999,27
319000,0
319001,31
319002,0
319003,0
319004,0
319005,0
319006,0
319007,0
319008,33
319009,0
319010,20
319011,0
319012,0
319013,17
319014,0
319015,0
319016,0
319017,0
319018,0
319019,0
319020,0
319021,0
319022,0
319023,0
319024,0
319025,0
319026,0
319027,0
319028,0
319029,14
319030,0
319031,0
319032,0
319033,0
319034,24
319035,18
319036,0
319037,24
319038,0
319039,24
319040,0
319041,0
319042,0
319043,19
319044,0
319045,0
319046,0
319047,31
319048,0
319049,25
319050,0
319051,22
319052,0
319053,0
319054,0
319055,0
319056,0
319057,27
319058,0
319059,0
319060,0
319061,15
319062,25
319063,17
319064,0
319065,0
319066,0
319067,15
319068,0
319069,22
319070,25
319071,0
319072,0
319073,0
319074,0
319075,0
319076,32
319077,0
319078,0
319079,0
319080,0
319081,0
319082,0
319083,0
319084,30
319085,28
319086,22
319087,0
319088,0
319089,0
319090,0
319091,0
319092,0
319093,0
319094,0
319095,0
319096,0
319097,0
319098,0
319099,0
319100,0
319101,0
319102,21
319103,27
319104,0
319105,0
319106,0
319107,0
319108,0
319109,0
319110,0
319111,0
319112,0
319113,0
319114,0
319115,0
319116,0
319117,31
319118,0
319119,0
319120,0
319121,0
319122,0
319123,21
319124,0
319125,0
319126,0
319127,0
319128,0
319129,0
319130,0
319131,0
319132,0
319133,17
319134,0
319135,0
319136,0
319137,0
319138,8
319139,0
319140,0
319141,0
319142,0
319143,0
319144,0
319145,0
319146,0
319147,0
319148,0
319149,0
319150,0
319151,0
319152,0
319153,0
319154,13
319155,0
319156,0
319157,0
319158,0
319159,0
319160,0
319161,0
319162,0
319163,7
319164,0
319165,0
319166,0
319167,0
319168,0
319169,0
319170,0
319171,0
319172,0
319173,0
319174,0
319175,9
319176,0
319177,0
319178,0
319179,0
319180,0
319181,0
319182,0
319183,0
319184,0
319185,0
319186,0
319187,0
319188,11
319189,0
319190,0
319191,0
319192,0
319193,0
319194,0
319195,0
319196,0
319197,0
319198,0
319199,0
319200,12
319201,0
319202,0
319203,0
319204,0
319205,0
319206,0
319207,0
319208,0
319209,0
319210,0
319211,0
319212,0
319213,0
319214,0
319215,0
319216,0
319217,0
319218,0
319219,0
319220,0
319221,0
319222,0
319223,0
319224,0
319225,0
319226,0
319227,0
319228,0
319229,11
319230,0
319231,0
319232,0
319233,0
319234,0
319235,3
319236,11
319237,0
319238,0
319239,0
319240,0
319241,0
319242,0
319243,12
319244,0
319245,0
319246,6
319247,0
319248,0
319249,12
319250,0
319251,0
319252,0
319253,0
319254,0
319255,0
319256,12
319257,0
319258,0
319259,0
319260,0
319261,0
319262,0
319263,0
319264,0
319265,0
319266,0
319267,0
319268,0
319269,0
319270,0
319271,0
319272,0
319273,0
319274,0
319275,11
319276,0
319277,0
319278,0
319279,11
319280,0
319281,14
319282,0
319283,0
319284,0
319285,0
319286,0
319287,0
319288,0
319289,0
319290,0
319291,11
319292,0
319293,0
319294,0
319295,0
319296,0
319297,0
319298,0
319299,16
319300,0
319301,0
319302,0
319303,0
319304,0
319305,0
319306,0
319307,0
319308,0
319309,0
319310,0
319311,0
319312,0
319313,0
319314,14
319315,0
319316,0
319317,0
319318,0
319319,0
319320,0
319321,0
319322,0
319323,0
319324,0
319325,13
319326,0
319327,0
319328,0
319329,0
319330,0
319331,0
319332,0
319333,0
319334,0
319335,0
319336,8
319337,0
319338,0
319339,0
319340,0
319341,0
319342,0
319343,0
319344,0
319345,0
319346,0
319347,0
319348,0
319349,0
319350,0
319351,0
319352,0
319353,0
319354,0
319355,0
319356,0
319357,0
319358,0
319359,0
319360,0
319361,0
319362,0
319363,0
319364,0
319365,0
319366,0
319367,0
319368,15
319369,0
319370,0
319371,0
319372,13
319373,0
319374,0
319375,5
319376,0
319377,0
319378,0
319379,0
319380,0
319381,0
319382,0
319383,0
319384,0
319385,0
319386,0
319387,0
319388,0
319389,0
319390,0
319391,0
319392,0
319393,0
319394,0
319395,0
319396,0
319397,0
319398,0
319399,14
319400,0
319401,0
319402,0
319403,0
319404,0
319405,0
319406,11
319407,9
319408,0
319409,13
319410,0
319411,0
319412,0
319413,0
319414,7
319415,0
319416,0
319417,0
319418,9
319419,0
319420,0
319421,0
319422,0
319423,0
319424,0
319425,0
319426,0
319427,0
319428,0
319429,0
319430,0
319431,0
319432,0
319433,8
319434,0
319435,0
319436,0
319437,0
319438,0
319439,0
319440,0
319441,0
319442,0
319443,0
319444,0
319445,0
319446,0
319447,0
319448,0
319449,0
319450,0
319451,0
319452,0
319453,0
319454,0
319455,0
319456,0
319457,0
319458,0
319459,0
319460,0
319461,0
319462,0
319463,0
319464,0
319465,0
319466,0
319467,0
319468,0
319469,0
319470,7
319471,0
319472,0
319473,0
319474,0
319475,0
319476,0
319477,0
319478,0
319479,0
319480,10
319481,0
319482,0
319483,0
319484,0
319485,0
319486,0
319487,0
319488,14
319489,0
319490,0
319491,0
319492,0
319493,0
319494,13
319495,0
319496,7
319497,0
319498,0
319499,0
319500,0
319501,11
319502,0
319503,0
319504,0
319505,0
319506,0
319507,0
319508,0
319509,0
319510,0
319511,0
319512,8
319513,0
319514,0
319515,0
319516,0
319517,0
319518,4
319519,0
319520,0
319521,0
319522,0
319523,0
319524,0
319525,0
319526,0
319527,0
319528,0
319529,0
319530,0
319531,0
319532,0
319533,0
319534,0
319535,0
319536,0
319537,0
319538,0
319539,0
319540,0
319541,10
319542,0
319543,0
319544,0
319545,0
319546,0
319547,0
319548,0
319549,0
319550,0
319551,0
319552,11
319553,0
319554,0
319555,0
319556,0
319557,0
319558,0
319559,0
319560,0
319561,0
319562,0
319563,0
319564,0
319565,0
319566,0
319567,0
319568,0
319569,0
319570,0
319571,0
319572,0
319573,0
319574,0
319575,12
319576,0
319577,0
319578,0
319579,0
319580,0
319581,0
319582,0
319583,13
319584,0
319585,0
319586,0
319587,0
319588,0
319589,0
319590,0
319591,0
319592,0
319593,0
319594,0
319595,0
319596,0
319597,0
319598,0
319599,14
319600,0
319601,8
319602,0
319603,0
319604,0
319605,0
319606,0
319607,0
319608,0
319609,0
319610,0
319611,10
319612,0
319613,0
319614,0
319615,0
319616,0
319617,13
319618,10
319619,0
319620,0
319621,0
319622,0
319623,0
319624,0
319625,0
319626,0
319627,0
319628,0
319629,0
319630,0
319631,0
319632,0
319633,12
319634,0
319635,0
319636,0
319637,0
319638,0
319639,0
319640,0
319641,0
319642,15
319643,0
319644,0
319645,0
319646,0
319647,0
319648,0
319649,0
319650,0
319651,0
319652,0
319653,0
319654,0
319655,0
319656,0
319657,0
319658,0
319659,0
319660,0
319661,0
319662,0
319663,9
319664,0
319665,0
319666,0
319667,0
319668,0
319669,0
319670,0
319671,0
319672,0
319673,0
319674,0
319675,0
319676,7
319677,0
319678,0
319679,0
319680,0
319681,0
319682,0
319683,0
319684,0
319685,0
319686,0
319687,0
319688,0
319689,0
319690,0
319691,0
319692,0
319693,0
319694,0
319695,0
319696,0
319697,0
319698,12
319699,0
319700,0
319701,0
319702,0
319703,0
319704,13
319705,0
319706,0
319707,0
319708,0
319709,0
319710,7
319711,0
319712,0
319713,0
319714,0
319715,0
319716,0
319717,0
319718,0
319719,0
319720,0
319721,0
319722,0
319723,0
319724,0
319725,0
319726,0
319727,0
319728,0
319729,0
319730,10
319731,0
319732,0
319733,0
319734,0
319735,0
319736,0
319737,0
319738,0
319739,0
319740,0
319741,0
319742,0
319743,0
319744,0
319745,16
319746,0
319747,0
319748,0
319749,0
319750,0
319751,0
319752,0
319753,0
319754,0
319755,0
319756,0
319757,10
319758,0
319759,0
319760,0
319761,0
319762,0
319763,13
319764,0
319765,0
319766,0
319767,0
319768,0
319769,0
319770,0
319771,0
319772,0
319773,0
319774,0
319775,0
319776,10
319777,0
319778,11
319779,0
319780,0
319781,0
319782,0
319783,0
319784,0
319785,0
319786,0
319787,0
319788,0
319789,0
319790,0
319791,0
319792,0
319793,9
319794,0
319795,0
319796,0
319797,0
319798,0
319799,0
319800,0
319801,0
319802,10
319803,0
319804,0
319805,0
319806,0
319807,0
319808,0
319809,0
319810,0
319811,0
319812,0
319813,0
319814,0
319815,0
319816,0
319817,0
319818,0
319819,14
319820,0
319821,0
319822,0
319823,0
319824,0
319825,0
319826,0
319827,0
319828,0
319829,0
319830,0
319831,0
319832,0
319833,0
319834,0
319835,0
319836,11
319837,0
319838,0
319839,0
319840,0
319841,0
319842,0
319843,0
319844,0
319845,0
319846,0
319847,0
319848,0
319849,0
319850,0
319851,0
319852,0
319853,0
319854,0
319855,14
319856,0
319857,0
319858,0
319859,15
319860,0
319861,0
319862,0
319863,0
319864,0
319865,0
319866,0
319867,16
319868,0
319869,0
319870,11
319871,0
319872,0
319873,0
319874,0
319875,0
319876,0
319877,0
319878,0
319879,0
319880,0
319881,0
319882,0
319883,0
319884,0
319885,0
319886,11
319887,0
319888,0
319889,0
319890,0
319891,0
319892,0
319893,0
319894,2
319895,0
319896,0
319897,0
319898,0
319899,0
319900,0
319901,14
319902,0
319903,0
319904,0
319905,0
319906,0
319907,7
319908,0
319909,0
319910,0
319911,0
319912,8
319913,0
319914,0
319915,0
319916,0
319917,0
319918,0
319919,0
319920,0
319921,0
319922,0
319923,0
319924,0
319925,0
319926,0
319927,0
319928,0
319929,0
319930,0
319931,0
319932,0
319933,0
319934,0
319935,0
319936,0
319937,0
319938,0
319939,0
319940,0
319941,0
319942,0
319943,11
319944,0
319945,0
319946,0
319947,0
319948,0
319949,0
319950,0
319951,0
319952,0
319953,0
319954,0
319955,0
319956,0
319957,0
319958,0
319959,0
319960,0
319961,0
319962,0
319963,0
319964,0
319965,0
319966,0
319967,0
319968,0
319969,0
319970,0
319971,0
319972,0
319973,0
319974,0
319975,0
319976,0
319977,0
319978,0
319979,0
319980,0
319981,0
319982,0
319983,0
319984,0
319985,0
319986,0
319987,0
319988,0
319989,0
319990,0
319991,0
319992,0
319993,0
319994,0
319995,0
319996,0
319997,0
319998,0
319999,0
320000,0
320001,6
320002,0
320003,7
320004,0
320005,0
320006,0
320007,0
320008,0
320009,0
320010,0
320011,0
320012,0
320013,0
320014,0
320015,10
320016,0
320017,0
320018,0
320019,0
320020,0
320021,12
320022,0
320023,0
320024,0
320025,0
320026,0
320027,6
320028,0
320029,0
320030,0
320031,0
320032,0
320033,23
320034,0
320035,19
320036,0
320037,0
320038,0
320039,9
320040,0
320041,0
320042,10
320043,0
320044,0
320045,0
320046,0
320047,0
320048,0
320049,0
320050,0
320051,0
320052,0
320053,0
320054,0
320055,0
320056,8
320057,0
320058,0
320059,6
320060,0
320061,0
320062,0
320063,0
320064,0
320065,0
320066,0
320067,0
320068,0
320069,0
320070,0
320071,0
320072,0
320073,0
320074,0
320075,10
320076,5
320077,0
320078,0
320079,0
320080,17
320081,0
320082,0
320083,0
320084,0
320085,0
320086,0
320087,13
320088,6
320089,0
320090,0
320091,0
320092,0
320093,0
320094,3
320095,0
320096,6
320097,0
320098,0
320099,0
320100,0
320101,0
320102,0
320103,0
320104,0
320105,0
320106,0
320107,0
320108,0
320109,0
320110,0
320111,0
320112,0
320113,0
320114,12
320115,0
320116,4
320117,0
320118,0
320119,0
320120,0
320121,0
320122,0
320123,0
320124,0
320125,0
320126,0
320127,0
320128,0
320129,0
320130,0
320131,0
320132,8
320133,0
320134,0
320135,0
320136,0
320137,0
320138,8
320139,0
320140,0
320141,0
320142,13
320143,0
320144,0
320145,0
320146,0
320147,0
320148,0
320149,10
320150,0
320151,0
320152,0
320153,0
320154,0
320155,0
320156,0
320157,0
320158,0
320159,0
320160,0
320161,0
320162,0
320163,0
320164,0
320165,0
320166,0
320167,0
320168,0
320169,0
320170,0
320171,0
320172,0
320173,0
320174,0
320175,7
320176,0
320177,6
320178,0
320179,0
320180,0
320181,0
320182,0
320183,8
320184,0
320185,0
320186,0
320187,0
320188,0
320189,0
320190,0
320191,0
320192,0
320193,0
320194,0
320195,0
320196,9
320197,0
320198,0
320199,0
320200,0
320201,0
320202,0
320203,0
320204,0
320205,0
320206,0
320207,0
320208,0
320209,0
320210,7
320211,0
320212,0
320213,0
320214,0
320215,0
320216,8
320217,0
320218,9
320219,0
320220,0
320221,0
320222,0
320223,9
320224,0
320225,0
320226,0
320227,0
320228,0
320229,0
320230,0
320231,0
320232,0
320233,0
320234,0
320235,0
320236,4
320237,0
320238,0
320239,11
320240,0
320241,0
320242,0
320243,0
320244,0
320245,4
320246,8
320247,0
320248,10
320249,9
320250,0
320251,0
320252,0
320253,0
320254,0
320255,0
320256,0
320257,0
320258,0
320259,0
320260,0
320261,5
320262,0
320263,0
320264,0
320265,0
320266,0
320267,10
320268,0
320269,0
320270,0
320271,9
320272,0
320273,0
320274,0
320275,0
320276,0
320277,0
320278,6
320279,0
320280,0
320281,0
320282,0
320283,0
320284,7
320285,0
320286,0
320287,0
320288,0
320289,0
320290,6
320291,0
320292,0
320293,0
320294,0
320295,0
320296,0
320297,0
320298,0
320299,2
320300,0
320301,10
320302,0
320303,0
320304,0
320305,0
320306,0
320307,0
320308,10
320309,0
320310,0
320311,0
320312,10
320313,0
320314,0
320315,0
320316,0
320317,0
320318,0
320319,0
320320,0
320321,0
320322,0
320323,0
320324,0
320325,5
320326,0
320327,0
320328,0
320329,10
320330,9
320331,0
320332,0
320333,0
320334,0
320335,0
320336,0
320337,0
320338,0
320339,0
320340,0
320341,0
320342,0
320343,0
320344,0
320345,0
320346,0
320347,0
320348,0
320349,0
320350,0
320351,0
320352,0
320353,0
320354,0
320355,0
320356,0
320357,0
320358,10
320359,0
320360,9
320361,0
320362,0
320363,0
320364,0
320365,6
320366,0
320367,4
320368,0
320369,0
320370,0
320371,0
320372,0
320373,0
320374,0
320375,0
320376,0
320377,0
320378,0
320379,0
320380,0
320381,8
320382,0
320383,11
320384,0
320385,5
320386,0
320387,0
320388,0
320389,0
320390,0
320391,0
320392,9
320393,0
320394,0
320395,0
320396,0
320397,7
320398,0
320399,0
320400,19
320401,0
320402,3
320403,0
320404,0
320405,0
320406,0
320407,0
320408,0
320409,0
320410,0
320411,0
320412,0
320413,0
320414,0
320415,0
320416,0
320417,0
320418,0
320419,0
320420,0
320421,0
320422,0
320423,0
320424,0
320425,0
320426,7
320427,0
320428,0
320429,6
320430,0
320431,0
320432,0
320433,0
320434,0
320435,0
320436,0
320437,0
320438,0
320439,0
320440,0
320441,0
320442,0
320443,0
320444,0
320445,0
320446,0
320447,10
320448,0
320449,0
320450,0
320451,0
320452,0
320453,11
320454,0
320455,0
320456,0
320457,2
320458,0
320459,0
320460,0
320461,0
320462,0
320463,0
320464,7
320465,0
320466,0
320467,0
320468,5
320469,0
320470,0
320471,0
320472,0
320473,0
320474,0
320475,0
320476,0
320477,0
320478,0
320479,0
320480,7
320481,6
320482,0
320483,0
320484,0
320485,0
320486,0
320487,0
320488,0
320489,0
320490,0
320491,10
320492,0
320493,10
320494,0
320495,0
320496,0
320497,0
320498,0
320499,0
320500,0
320501,6
320502,0
320503,0
320504,0
320505,10
320506,14
320507,0
320508,0
320509,0
320510,0
320511,0
320512,0
320513,0
320514,0
320515,0
320516,0
320517,0
320518,0
320519,8
320520,0
320521,0
320522,0
320523,0
320524,0
320525,0
320526,0
320527,0
320528,0
320529,0
320530,0
320531,0
320532,0
320533,6
320534,0
320535,13
320536,0
320537,0
320538,0
320539,0
320540,6
320541,0
320542,0
320543,0
320544,0
320545,0
320546,0
320547,0
320548,0
320549,0
320550,0
320551,0
320552,0
320553,0
320554,0
320555,0
320556,0
320557,0
320558,0
320559,0
320560,0
320561,0
320562,0
320563,0
320564,0
320565,0
320566,0
320567,0
320568,0
320569,0
320570,0
320571,6
320572,0
320573,13
320574,0
320575,0
320576,0
320577,9
320578,0
320579,0
320580,0
320581,0
320582,0
320583,15
320584,0
320585,0
320586,0
320587,0
320588,0
320589,0
320590,0
320591,0
320592,0
320593,0
320594,0
320595,0
320596,2
320597,0
320598,0
320599,0
320600,0
320601,0
320602,0
320603,0
320604,0
320605,0
320606,0
320607,0
320608,0
320609,0
320610,0
320611,0
320612,0
320613,0
320614,7
320615,0
320616,0
320617,0
320618,5
320619,0
320620,0
320621,6
320622,0
320623,0
320624,12
320625,11
320626,0
320627,0
320628,0
320629,7
320630,12
320631,0
320632,0
320633,0
320634,0
320635,7
320636,0
320637,0
320638,8
320639,0
320640,0
320641,0
320642,0
320643,0
320644,10
320645,0
320646,0
320647,7
320648,15
320649,0
320650,0
320651,0
320652,4
320653,0
320654,0
320655,0
320656,10
320657,0
320658,7
320659,0
320660,0
320661,0
320662,5
320663,6
320664,13
320665,7
320666,0
320667,7
320668,8
320669,0
320670,0
320671,0
320672,5
320673,10
320674,0
320675,9
320676,15
320677,6
320678,5
320679,0
320680,11
320681,0
320682,2
320683,0
320684,0
320685,7
320686,0
320687,0
320688,0
320689,0
320690,0
320691,0
320692,0
320693,0
320694,0
320695,0
320696,13
320697,12
320698,0
320699,5
320700,4
320701,0
320702,7
320703,0
320704,0
320705,5
320706,0
320707,0
320708,0
320709,0
320710,0
320711,0
320712,0
320713,0
320714,13
320715,0
320716,10
320717,0
320718,0
320719,0
320720,0
320721,0
320722,11
320723,0
320724,0
320725,0
320726,0
320727,8
320728,0
320729,0
320730,0
320731,0
320732,0
320733,5
320734,0
320735,0
320736,0
320737,0
320738,5
320739,0
320740,0
320741,0
320742,0
320743,0
320744,8
320745,0
320746,9
320747,0
320748,5
320749,8
320750,0
320751,0
320752,0
320753,14
320754,0
320755,0
320756,0
320757,0
320758,6
320759,0
320760,0
320761,7
320762,0
320763,0
320764,0
320765,11
320766,0
320767,7
320768,0
320769,0
320770,0
320771,6
320772,0
320773,0
320774,0
320775,4
320776,7
320777,6
320778,0
320779,0
320780,0
320781,0
320782,11
320783,0
320784,7
320785,0
320786,0
320787,0
320788,0
320789,9
320790,0
320791,2
320792,6
320793,0
320794,0
320795,0
320796,0
320797,0
320798,12
320799,14
320800,0
320801,0
320802,0
320803,0
320804,0
320805,0
320806,0
320807,10
320808,0
320809,0
320810,14
320811,0
320812,0
320813,0
320814,0
320815,0
320816,0
320817,10
320818,0
320819,15
320820,0
320821,0
320822,0
320823,0
320824,0
320825,12
320826,0
320827,0
320828,11
320829,0
320830,0
320831,0
320832,0
320833,0
320834,0
320835,0
320836,0
320837,0
320838,0
320839,0
320840,11
320841,13
320842,0
320843,0
320844,9
320845,11
320846,0
320847,0
320848,0
320849,0
320850,14
320851,0
320852,0
320853,16
320854,0
320855,19
320856,0
320857,0
320858,0
320859,0
320860,0
320861,0
320862,0
320863,18
320864,0
320865,0
320866,0
320867,0
320868,16
320869,0
320870,0
320871,16
320872,0
320873,0
320874,13
320875,0
320876,0
320877,0
320878,13
320879,0
320880,0
320881,0
320882,0
320883,0
320884,17
320885,0
320886,0
320887,23
320888,0
320889,0
320890,0
320891,0
320892,0
320893,0
320894,0
320895,0
320896,18
320897,0
320898,0
320899,0
320900,0
320901,0
320902,0
320903,0
320904,0
320905,0
320906,0
320907,0
320908,0
320909,0
320910,0
320911,0
320912,13
320913,0
320914,0
320915,0
320916,0
320917,0
320918,0
320919,0
320920,0
320921,15
320922,9
320923,0
320924,0
320925,0
320926,10
320927,0
320928,0
320929,0
320930,16
320931,0
320932,0
320933,0
320934,0
320935,0
320936,0
320937,0
320938,0
320939,0
320940,0
320941,0
320942,0
320943,0
320944,0
320945,0
320946,0
320947,19
320948,0
320949,0
320950,8
320951,0
320952,0
320953,0
320954,0
320955,0
320956,11
320957,0
320958,0
320959,0
320960,15
320961,0
320962,0
320963,0
320964,0
320965,0
320966,0
320967,15
320968,0
320969,0
320970,0
320971,0
320972,16
320973,0
320974,0
320975,0
320976,0
320977,0
320978,0
320979,12
320980,0
320981,0
320982,0
320983,0
320984,9
320985,0
320986,0
320987,18
320988,0
320989,0
320990,12
320991,17
320992,0
320993,14
320994,20
320995,0
320996,13
320997,0
320998,20
320999,0
321000,9
321001,0
321002,8
321003,15
321004,0
321005,0
321006,0
321007,0
321008,0
321009,0
321010,0
321011,0
321012,0
321013,0
321014,0
321015,0
321016,0
321017,10
321018,0
321019,14
321020,0
321021,0
321022,12
321023,0
321024,0
321025,0
321026,0
321027,0
321028,0
321029,11
321030,0
321031,0
321032,0
321033,0
321034,0
321035,0
321036,0
321037,0
321038,0
321039,0
321040,0
321041,0
321042,0
321043,20
321044,0
321045,0
321046,0
321047,0
321048,0
321049,0
321050,0
321051,0
321052,0
321053,0
321054,0
321055,0
321056,0
321057,0
321058,0
321059,0
321060,0
321061,0
321062,0
321063,11
321064,0
321065,0
321066,0
321067,0
321068,0
321069,0
321070,0
321071,0
321072,7
321073,0
321074,20
321075,0
321076,0
321077,0
321078,0
321079,0
321080,0
321081,22
321082,0
321083,0
321084,0
321085,0
321086,0
321087,18
321088,0
321089,0
321090,0
321091,0
321092,14
321093,0
321094,0
321095,12
321096,0
321097,0
321098,0
321099,0
321100,0
321101,0
321102,14
321103,19
321104,0
321105,0
321106,0
321107,0
321108,0
321109,0
321110,0
321111,14
321112,0
321113,7
321114,0
321115,12
321116,12
321117,0
321118,15
321119,0
321120,0
321121,18
321122,0
321123,0
321124,0
321125,0
321126,0
321127,0
321128,0
321129,0
321130,0
321131,0
321132,0
321133,8
321134,0
321135,0
321136,21
321137,0
321138,0
321139,12
321140,0
321141,0
321142,0
321143,0
321144,0
321145,0
321146,0
321147,0
321148,24
321149,12
321150,0
321151,0
321152,0
321153,0
321154,0
321155,0
321156,0
321157,0
321158,0
321159,0
321160,0
321161,0
321162,0
321163,0
321164,0
321165,0
321166,0
321167,17
321168,0
321169,0
321170,0
321171,16
321172,0
321173,0
321174,0
321175,18
321176,0
321177,0
321178,0
321179,0
321180,0
321181,0
321182,0
321183,0
321184,0
321185,0
321186,0
321187,0
321188,0
321189,0
321190,26
321191,0
321192,0
321193,23
321194,0
321195,0
321196,0
321197,0
321198,12
321199,0
321200,0
321201,0
321202,10
321203,0
321204,0
321205,0
321206,25
321207,0
321208,0
321209,0
321210,0
321211,0
321212,0
321213,0
321214,0
321215,0
321216,10
321217,0
321218,15
321219,0
321220,0
321221,0
321222,0
321223,0
321224,0
321225,0
321226,0
321227,0
321228,0
321229,0
321230,5
321231,13
321232,0
321233,0
321234,0
321235,0
321236,0
321237,0
321238,0
321239,0
321240,0
321241,0
321242,0
321243,0
321244,0
321245,0
321246,0
321247,0
321248,0
321249,0
321250,0
321251,0
321252,0
321253,0
321254,8
321255,0
321256,0
321257,0
321258,0
321259,0
321260,0
321261,0
321262,0
321263,0
321264,0
321265,20
321266,24
321267,18
321268,0
321269,0
321270,15
321271,0
321272,0
321273,0
321274,17
321275,0
321276,0
321277,0
321278,16
321279,0
321280,0
321281,0
321282,0
321283,10
321284,0
321285,0
321286,0
321287,0
321288,0
321289,0
321290,0
321291,0
321292,0
321293,12
321294,15
321295,0
321296,0
321297,0
321298,12
321299,16
321300,0
321301,0
321302,6
321303,13
321304,5
321305,0
321306,0
321307,0
321308,0
321309,0
321310,0
321311,0
321312,0
321313,0
321314,0
321315,0
321316,0
321317,0
321318,18
321319,0
321320,0
321321,0
321322,14
321323,0
321324,0
321325,0
321326,0
321327,0
321328,0
321329,0
321330,0
321331,0
321332,0
321333,0
321334,0
321335,0
321336,0
321337,0
321338,18
321339,0
321340,0
321341,0
321342,0
321343,11
321344,0
321345,0
321346,0
321347,0
321348,0
321349,0
321350,0
321351,0
321352,0
321353,0
321354,0
321355,0
321356,0
321357,0
321358,0
321359,13
321360,0
321361,0
321362,0
321363,0
321364,0
321365,0
321366,0
321367,0
321368,0
321369,0
321370,0
321371,0
321372,0
321373,0
321374,0
321375,0
321376,16
321377,0
321378,0
321379,0
321380,0
321381,0
321382,12
321383,0
321384,0
321385,0
321386,12
321387,0
321388,0
321389,0
321390,0
321391,0
321392,15
321393,0
321394,14
321395,10
321396,0
321397,0
321398,0
321399,19
321400,0
321401,0
321402,16
321403,0
321404,0
321405,27
321406,0
321407,0
321408,0
321409,22
321410,0
321411,0
321412,0
321413,16
321414,0
321415,0
321416,0
321417,0
321418,0
321419,0
321420,0
321421,0
321422,0
321423,0
321424,0
321425,0
321426,0
321427,7
321428,0
321429,0
321430,0
321431,16
321432,0
321433,0
321434,0
321435,0
321436,0
321437,0
321438,0
321439,0
321440,0
321441,0
321442,13
321443,0
321444,0
321445,0
321446,0
321447,0
321448,0
321449,0
321450,21
321451,0
321452,0
321453,0
321454,0
321455,0
321456,11
321457,0
321458,11
321459,0
321460,0
321461,0
321462,0
321463,0
321464,0
321465,0
321466,0
321467,0
321468,0
321469,0
321470,0
321471,0
321472,0
321473,24
321474,0
321475,0
321476,0
321477,0
321478,0
321479,11
321480,15
321481,0
321482,0
321483,0
321484,0
321485,0
321486,0
321487,0
321488,17
321489,0
321490,0
321491,0
321492,0
321493,0
321494,0
321495,24
321496,0
321497,26
321498,0
321499,0
321500,0
321501,0
321502,0
321503,0
321504,0
321505,0
321506,0
321507,0
321508,28
321509,0
321510,0
321511,34
321512,0
321513,34
321514,29
321515,0
321516,0
321517,0
321518,0
321519,0
321520,0
321521,0
321522,0
321523,0
321524,0
321525,0
321526,0
321527,0
321528,0
321529,36
321530,0
321531,0
321532,0
321533,0
321534,0
321535,0
321536,0
321537,0
321538,0
321539,0
321540,0
321541,0
321542,0
321543,0
321544,0
321545,0
321546,0
321547,0
321548,0
321549,0
321550,0
321551,0
321552,26
321553,0
321554,0
321555,0
321556,0
321557,0
321558,42
321559,0
321560,0
321561,0
321562,0
321563,0
321564,0
321565,0
321566,0
321567,32
321568,0
321569,0
321570,0
321571,0
321572,0
321573,0
321574,0
321575,0
321576,22
321577,0
321578,0
321579,0
321580,0
321581,0
321582,16
321583,0
321584,0
321585,0
321586,0
321587,0
321588,0
321589,20
321590,0
321591,0
321592,0
321593,0
321594,0
321595,0
321596,0
321597,0
321598,0
321599,0
321600,0
321601,0
321602,0
321603,0
321604,0
321605,0
321606,0
321607,0
321608,0
321609,0
321610,0
321611,0
321612,0
321613,39
321614,0
321615,0
321616,0
321617,0
321618,0
321619,0
321620,0
321621,0
321622,0
321623,0
321624,0
321625,0
321626,0
321627,0
321628,0
321629,0
321630,0
321631,0
321632,0
321633,0
321634,0
321635,0
321636,30
321637,29
321638,0
321639,0
321640,0
321641,0
321642,0
321643,0
321644,0
321645,0
321646,0
321647,0
321648,0
321649,0
321650,0
321651,0
321652,0
321653,0
321654,0
321655,0
321656,11
321657,0
321658,0
321659,0
321660,0
321661,0
321662,0
321663,0
321664,31
321665,34
321666,0
321667,0
321668,0
321669,0
321670,0
321671,0
321672,0
321673,0
321674,32
321675,0
321676,0
321677,0
321678,0
321679,0
321680,0
321681,0
321682,0
321683,0
321684,0
321685,0
321686,0
321687,43
321688,0
321689,0
321690,0
321691,0
321692,0
321693,0
321694,0
321695,0
321696,0
321697,0
321698,37
321699,0
321700,0
321701,0
321702,0
321703,18
321704,0
321705,0
321706,0
321707,0
321708,0
321709,0
321710,0
321711,0
321712,0
321713,0
321714,0
321715,0
321716,0
321717,0
321718,0
321719,0
321720,0
321721,0
321722,26
321723,0
321724,0
321725,0
321726,0
321727,0
321728,0
321729,0
321730,0
321731,0
321732,0
321733,0
321734,0
321735,0
321736,0
321737,0
321738,0
321739,27
321740,0
321741,0
321742,0
321743,0
321744,0
321745,0
321746,0
321747,0
321748,0
321749,0
321750,0
321751,0
321752,0
321753,0
321754,0
321755,0
321756,0
321757,0
321758,0
321759,0
321760,0
321761,14
321762,0
321763,0
321764,0
321765,0
321766,0
321767,0
321768,0
321769,0
321770,0
321771,0
321772,0
321773,0
321774,0
321775,0
321776,0
321777,0
321778,0
321779,0
321780,0
321781,0
321782,0
321783,0
321784,0
321785,36
321786,50
321787,0
321788,29
321789,0
321790,0
321791,0
321792,0
321793,0
321794,0
321795,0
321796,0
321797,0
321798,20
321799,0
321800,0
321801,0
321802,38
321803,0
321804,0
321805,0
321806,0
321807,0
321808,0
321809,0
321810,0
321811,0
321812,23
321813,41
321814,0
321815,0
321816,0
321817,0
321818,0
321819,0
321820,0
321821,0
321822,0
321823,0
321824,30
321825,0
321826,0
321827,0
321828,0
321829,0
321830,0
321831,0
321832,0
321833,0
321834,0
321835,0
321836,0
321837,0
321838,0
321839,0
321840,0
321841,0
321842,0
321843,0
321844,0
321845,30
321846,0
321847,0
321848,15
321849,0
321850,0
321851,0
321852,0
321853,0
321854,0
321855,0
321856,0
321857,0
321858,0
321859,0
321860,18
321861,0
321862,0
321863,0
321864,0
321865,0
321866,0
321867,0
321868,47
321869,0
321870,0
321871,30
321872,0
321873,0
321874,0
321875,0
321876,0
321877,0
321878,0
321879,0
321880,21
321881,0
321882,0
321883,0
321884,0
321885,0
321886,0
321887,0
321888,0
321889,0
321890,0
321891,0
321892,0
321893,0
321894,0
321895,0
321896,0
321897,0
321898,0
321899,0
321900,0
321901,0
321902,0
321903,0
321904,0
321905,0
321906,0
321907,0
321908,0
321909,0
321910,0
321911,0
321912,0
321913,0
321914,0
321915,37
321916,0
321917,32
321918,0
321919,27
321920,0
321921,0
321922,0
321923,0
321924,0
321925,0
321926,0
321927,0
321928,38
321929,0
321930,0
321931,0
321932,0
321933,0
321934,0
321935,0
321936,0
321937,0
321938,0
321939,0
321940,0
321941,0
321942,0
321943,0
321944,0
321945,0
321946,0
321947,0
321948,0
321949,0
321950,0
321951,0
321952,0
321953,0
321954,0
321955,0
321956,0
321957,39
321958,0
321959,0
321960,0
321961,0
321962,0
321963,0
321964,0
321965,0
321966,28
321967,0
321968,0
321969,0
321970,42
321971,23
321972,0
321973,47
321974,0
321975,0
321976,24
321977,0
321978,0
321979,0
321980,46
321981,0
321982,0
321983,0
321984,0
321985,24
321986,0
321987,0
321988,0
321989,0
321990,0
321991,0
321992,0
321993,0
321994,0
321995,0
321996,0
321997,0
321998,0
321999,0
322000,0
322001,0
322002,0
322003,0
322004,44
322005,0
322006,44
322007,0
322008,0
322009,24
322010,45
322011,0
322012,0
322013,0
322014,0
322015,0
322016,0
322017,30
322018,0
322019,0
322020,0
322021,0
322022,0
322023,0
322024,0
322025,0
322026,0
322027,16
322028,0
322029,0
322030,38
322031,0
322032,0
322033,0
322034,0
322035,0
322036,0
322037,0
322038,0
322039,0
322040,0
322041,0
322042,46
322043,0
322044,0
322045,0
322046,31
322047,0
322048,0
322049,0
322050,0
322051,0
322052,0
322053,0
322054,0
322055,0
322056,0
322057,0
322058,0
322059,0
322060,0
322061,0
322062,0
322063,0
322064,0
322065,0
322066,0
322067,0
322068,0
322069,0
322070,0
322071,29
322072,24
322073,0
322074,0
322075,0
322076,0
322077,0
322078,0
322079,0
322080,0
322081,0
322082,0
322083,0
322084,0
322085,0
322086,0
322087,0
322088,0
322089,0
322090,0
322091,0
322092,0
322093,0
322094,23
322095,0
322096,0
322097,14
322098,0
322099,0
322100,0
322101,0
322102,0
322103,0
322104,0
322105,0
322106,0
322107,0
322108,0
322109,0
322110,0
322111,0
322112,0
322113,0
322114,0
322115,0
322116,0
322117,0
322118,0
322119,0
322120,0
322121,0
322122,0
322123,0
322124,0
322125,0
322126,0
322127,0
322128,0
322129,0
322130,0
322131,18
322132,0
322133,0
322134,0
322135,0
322136,0
322137,0
322138,0
322139,0
322140,0
322141,0
322142,0
322143,0
322144,0
322145,0
322146,0
322147,0
322148,0
322149,0
322150,0
322151,0
322152,0
322153,0
322154,0
322155,31
322156,0
322157,0
322158,0
322159,0
322160,0
322161,0
322162,0
322163,0
322164,0
322165,0
322166,0
322167,0
322168,0
322169,38
322170,0
322171,0
322172,20
322173,0
322174,0
322175,0
322176,0
322177,0
322178,0
322179,0
322180,0
322181,25
322182,0
322183,0
322184,0
322185,0
322186,0
322187,0
322188,0
322189,0
322190,0
322191,0
322192,0
322193,0
322194,0
322195,0
322196,0
322197,0
322198,0
322199,0
322200,0
322201,0
322202,0
322203,0
322204,0
322205,0
322206,34
322207,34
322208,0
322209,0
322210,0
322211,0
322212,36
322213,0
322214,0
322215,0
322216,0
322217,0
322218,17
322219,0
322220,0
322221,0
322222,0
322223,0
322224,0
322225,0
322226,0
322227,0
322228,0
322229,0
322230,0
322231,0
322232,0
322233,0
322234,0
322235,0
322236,0
322237,28
322238,0
322239,0
322240,0
322241,0
322242,0
322243,0
322244,0
322245,0
322246,0
322247,0
322248,29
322249,0
322250,0
322251,0
322252,0
322253,0
322254,0
322255,0
322256,0
322257,0
322258,0
322259,0
322260,0
322261,0
322262,30
322263,0
322264,0
322265,0
322266,0
322267,27
322268,0
322269,0
322270,0
322271,0
322272,0
322273,0
322274,0
322275,0
322276,19
322277,0
322278,20
322279,0
322280,0
322281,23
322282,30
322283,0
322284,0
322285,0
322286,0
322287,0
322288,0
322289,0
322290,0
322291,0
322292,0
322293,0
322294,0
322295,0
322296,0
322297,17
322298,0
322299,14
322300,0
322301,0
322302,21
322303,19
322304,0
322305,0
322306,18
322307,0
322308,0
322309,0
322310,12
322311,16
322312,0
322313,21
322314,0
322315,18
322316,0
322317,23
322318,0
322319,0
322320,0
322321,0
322322,18
322323,26
322324,0
322325,0
322326,0
322327,22
322328,28
322329,0
322330,27
322331,0
322332,0
322333,0
322334,22
322335,0
322336,0
322337,25
322338,28
322339,0
322340,0
322341,0
322342,0
322343,9
322344,29
322345,0
322346,0
322347,0
322348,0
322349,15
322350,8
322351,0
322352,0
322353,0
322354,25
322355,0
322356,0
322357,7
322358,0
322359,0
322360,0
322361,0
322362,0
322363,0
322364,0
322365,0
322366,0
322367,0
322368,0
322369,0
322370,0
322371,0
322372,29
322373,22
322374,0
322375,0
322376,0
322377,0
322378,0
322379,0
322380,21
322381,0
322382,0
322383,23
322384,0
322385,13
322386,0
322387,0
322388,20
322389,18
322390,0
322391,24
322392,0
322393,0
322394,0
322395,0
322396,0
322397,0
322398,0
322399,0
322400,0
322401,0
322402,0
322403,0
322404,0
322405,0
322406,26
322407,0
322408,0
322409,0
322410,0
322411,0
322412,0
322413,14
322414,17
322415,12
322416,0
322417,0
322418,0
322419,26
322420,0
322421,0
322422,11
322423,0
322424,23
322425,0
322426,0
322427,18
322428,11
322429,31
322430,0
322431,0
322432,0
322433,16
322434,0
322435,22
322436,0
322437,0
322438,0
322439,0
322440,0
322441,0
322442,0
322443,0
322444,0
322445,0
322446,0
322447,14
322448,0
322449,0
322450,0
322451,0
322452,0
322453,0
322454,0
322455,0
322456,0
322457,0
322458,0
322459,0
322460,0
322461,0
322462,0
322463,0
322464,0
322465,0
322466,0
322467,0
322468,0
322469,0
322470,0
322471,0
322472,0
322473,0
322474,0
322475,0
322476,0
322477,0
322478,0
322479,0
322480,0
322481,0
322482,0
322483,0
322484,0
322485,0
322486,0
322487,0
322488,0
322489,0
322490,0
322491,0
322492,0
322493,0
322494,0
322495,23
322496,0
322497,0
322498,0
322499,0
322500,0
322501,0
322502,0
322503,0
322504,0
322505,0
322506,0
322507,0
322508,0
322509,0
322510,0
322511,0
322512,0
322513,0
322514,0
322515,0
322516,0
322517,0
322518,0
322519,0
322520,0
322521,0
322522,0
322523,0
322524,0
322525,0
322526,0
322527,0
322528,0
322529,0
322530,0
322531,0
322532,0
322533,0
322534,0
322535,0
322536,0
322537,18
322538,0
322539,0
322540,0
322541,0
322542,0
322543,0
322544,0
322545,0
322546,41
322547,0
322548,35
322549,0
322550,28
322551,0
322552,0
322553,0
322554,0
322555,18
322556,0
322557,0
322558,31
322559,0
322560,0
322561,0
322562,17
322563,0
322564,0
322565,0
322566,0
322567,0
322568,0
322569,0
322570,17
322571,0
322572,0
322573,0
322574,0
322575,0
322576,0
322577,0
322578,0
322579,0
322580,0
322581,0
322582,0
322583,0
322584,0
322585,0
322586,0
322587,0
322588,0
322589,0
322590,0
322591,0
322592,0
322593,0
322594,0
322595,0
322596,0
322597,0
322598,0
322599,0
322600,0
322601,0
322602,0
322603,0
322604,0
322605,0
322606,27
322607,0
322608,0
322609,16
322610,0
322611,19
322612,0
322613,0
322614,0
322615,0
322616,0
322617,0
322618,0
322619,0
322620,0
322621,0
322622,0
322623,0
322624,0
322625,0
322626,0
322627,0
322628,0
322629,0
322630,0
322631,0
322632,0
322633,0
322634,0
322635,19
322636,0
322637,0
322638,0
322639,12
322640,0
322641,0
322642,0
322643,0
322644,22
322645,0
322646,0
322647,0
322648,0
322649,0
322650,0
322651,22
322652,0
322653,0
322654,0
322655,22
322656,0
322657,0
322658,0
322659,0
322660,0
322661,0
322662,0
322663,0
322664,0
322665,0
322666,0
322667,0
322668,18
322669,0
322670,0
322671,0
322672,0
322673,11
322674,0
322675,0
322676,0
322677,0
322678,14
322679,0
322680,0
322681,0
322682,0
322683,0
322684,0
322685,0
322686,0
322687,0
322688,0
322689,0
322690,0
322691,0
322692,0
322693,23
322694,0
322695,0
322696,0
322697,0
322698,0
322699,0
322700,22
322701,0
322702,0
322703,0
322704,0
322705,0
322706,0
322707,0
322708,0
322709,0
322710,0
322711,0
322712,0
322713,0
322714,0
322715,0
322716,18
322717,0
322718,29
322719,0
322720,0
322721,0
322722,24
322723,0
322724,0
322725,0
322726,28
322727,0
322728,0
322729,0
322730,0
322731,0
322732,0
322733,0
322734,0
322735,0
322736,0
322737,0
322738,0
322739,0
322740,0
322741,0
322742,0
322743,24
322744,0
322745,0
322746,0
322747,0
322748,0
322749,0
322750,0
322751,24
322752,0
322753,32
322754,0
322755,0
322756,0
322757,0
322758,0
322759,0
322760,0
322761,0
322762,0
322763,0
322764,0
322765,16
322766,0
322767,0
322768,0
322769,0
322770,0
322771,0
322772,0
322773,0
322774,0
322775,0
322776,27
322777,0
322778,0
322779,0
322780,0
322781,0
322782,0
322783,0
322784,0
322785,0
322786,27
322787,0
322788,0
322789,0
322790,20
322791,0
322792,0
322793,0
322794,0
322795,0
322796,0
322797,0
322798,0
322799,0
322800,0
322801,0
322802,0
322803,0
322804,17
322805,0
322806,0
322807,30
322808,0
322809,0
322810,0
322811,0
322812,0
322813,0
322814,0
322815,0
322816,0
322817,32
322818,0
322819,0
322820,0
322821,0
322822,0
322823,0
322824,0
322825,31
322826,16
322827,0
322828,0
322829,0
322830,0
322831,0
322832,0
322833,0
322834,0
322835,0
322836,16
322837,0
322838,0
322839,0
322840,0
322841,41
322842,0
322843,0
322844,0
322845,0
322846,0
322847,0
322848,0
322849,28
322850,0
322851,0
322852,0
322853,0
322854,0
322855,0
322856,0
322857,0
322858,0
322859,0
322860,0
322861,0
322862,0
322863,0
322864,0
322865,0
322866,0
322867,0
322868,0
322869,0
322870,0
322871,0
322872,0
322873,36
322874,0
322875,0
322876,0
322877,28
322878,0
322879,0
322880,0
322881,22
322882,0
322883,0
322884,0
322885,0
322886,0
322887,31
322888,0
322889,0
322890,0
322891,0
322892,0
322893,0
322894,0
322895,0
322896,0
322897,0
322898,0
322899,0
322900,0
322901,0
322902,0
322903,0
322904,0
322905,0
322906,0
322907,0
322908,0
322909,0
322910,0
322911,0
322912,0
322913,0
322914,0
322915,0
322916,0
322917,0
322918,0
322919,18
322920,0
322921,0
322922,0
322923,0
322924,0
322925,0
322926,30
322927,0
322928,0
322929,0
322930,0
322931,0
322932,0
322933,0
322934,0
322935,0
322936,0
322937,21
322938,0
322939,0
322940,0
322941,0
322942,0
322943,0
322944,0
322945,0
322946,26
322947,0
322948,0
322949,0
322950,35
322951,0
322952,0
322953,0
322954,0
322955,0
322956,0
322957,0
322958,0
322959,0
322960,0
322961,0
322962,0
322963,0
322964,0
322965,0
322966,0
322967,0
322968,0
322969,0
322970,0
322971,30
322972,0
322973,13
322974,0
322975,0
322976,0
322977,0
322978,15
322979,0
322980,0
322981,23
322982,0
322983,23
322984,0
322985,0
322986,0
322987,0
322988,0
322989,0
322990,0
322991,0
322992,0
322993,0
322994,0
322995,0
322996,0
322997,0
322998,0
322999,0
323000,0
323001,0
323002,0
323003,0
323004,0
323005,0
323006,0
323007,0
323008,0
323009,0
323010,0
323011,0
323012,0
323013,0
323014,0
323015,23
323016,0
323017,0
323018,0
323019,0
323020,0
323021,0
323022,0
323023,0
323024,0
323025,0
323026,0
323027,0
323028,0
323029,0
323030,0
323031,0
323032,0
323033,29
323034,0
323035,0
323036,27
323037,0
323038,0
323039,0
323040,0
323041,0
323042,0
323043,0
323044,0
323045,0
323046,0
323047,0
323048,0
323049,0
323050,0
323051,0
323052,0
323053,0
323054,11
323055,22
323056,0
323057,0
323058,0
323059,0
323060,17
323061,0
323062,0
323063,0
323064,0
323065,0
323066,0
323067,0
323068,0
323069,0
323070,16
323071,0
323072,0
323073,0
323074,0
323075,31
323076,0
323077,0
323078,31
323079,0
323080,0
323081,0
323082,0
323083,0
323084,0
323085,0
323086,0
323087,0
323088,0
323089,0
323090,0
323091,0
323092,0
323093,0
323094,0
323095,0
323096,0
323097,0
323098,0
323099,0
323100,0
323101,0
323102,0
323103,0
323104,24
323105,18
323106,0
323107,0
323108,0
323109,0
323110,0
323111,28
323112,23
323113,0
323114,0
323115,0
323116,0
323117,0
323118,0
323119,0
323120,0
323121,0
323122,0
323123,0
323124,0
323125,0
323126,0
323127,0
323128,29
323129,0
323130,0
323131,0
323132,0
323133,0
323134,0
323135,19
323136,0
323137,0
323138,19
323139,0
323140,0
323141,0
323142,0
323143,0
323144,0
323145,0
323146,0
323147,0
323148,0
323149,18
323150,0
323151,0
323152,0
323153,0
323154,0
323155,0
323156,0
323157,0
323158,0
323159,0
323160,0
323161,0
323162,0
323163,0
323164,0
323165,0
323166,0
323167,0
323168,0
323169,0
323170,0
323171,0
323172,0
323173,0
323174,0
323175,0
323176,0
323177,0
323178,0
323179,0
323180,0
323181,42
323182,0
323183,0
323184,0
323185,0
323186,0
323187,0
323188,0
323189,0
323190,14
323191,0
323192,0
323193,25
323194,0
323195,0
323196,21
323197,0
323198,0
323199,0
323200,0
323201,0
323202,0
323203,0
323204,0
323205,0
323206,0
323207,0
323208,0
323209,0
323210,0
323211,0
323212,15
323213,0
323214,0
323215,0
323216,0
323217,0
323218,0
323219,0
323220,0
323221,0
323222,0
323223,0
323224,0
323225,0
323226,0
323227,0
323228,0
323229,0
323230,12
323231,0
323232,41
323233,0
323234,0
323235,15
323236,19
323237,0
323238,0
323239,0
323240,0
323241,0
323242,0
323243,0
323244,0
323245,0
323246,0
323247,0
323248,0
323249,0
323250,0
323251,20
323252,0
323253,0
323254,25
323255,0
323256,0
323257,0
323258,0
323259,0
323260,0
323261,0
323262,0
323263,0
323264,0
323265,0
323266,22
323267,0
323268,0
323269,0
323270,0
323271,0
323272,0
323273,0
323274,0
323275,0
323276,0
323277,20
323278,0
323279,0
323280,0
323281,0
323282,0
323283,0
323284,0
323285,0
323286,0
323287,0
323288,0
323289,0
323290,0
323291,0
323292,0
323293,0
323294,0
323295,0
323296,0
323297,0
323298,0
323299,0
323300,0
323301,0
323302,0
323303,0
323304,0
323305,0
323306,0
323307,22
323308,0
323309,0
323310,0
323311,0
323312,25
323313,0
323314,0
323315,0
323316,0
323317,0
323318,0
323319,23
323320,0
323321,0
323322,0
323323,0
323324,0
323325,39
323326,0
323327,0
323328,0
323329,27
323330,0
323331,0
323332,33
323333,23
323334,0
323335,0
323336,0
323337,0
323338,0
323339,0
323340,0
323341,0
323342,14
323343,0
323344,0
323345,30
323346,38
323347,0
323348,0
323349,22
323350,0
323351,0
323352,0
323353,0
323354,28
323355,0
323356,0
323357,0
323358,0
323359,0
323360,0
323361,0
323362,19
323363,0
323364,0
323365,0
323366,0
323367,0
323368,0
323369,0
323370,0
323371,0
323372,0
323373,0
323374,0
323375,0
323376,0
323377,0
323378,0
323379,0
323380,0
323381,0
323382,0
323383,0
323384,0
323385,0
323386,0
323387,0
323388,0
323389,0
323390,0
323391,33
323392,0
323393,0
323394,0
323395,0
323396,0
323397,0
323398,0
323399,0
323400,0
323401,0
323402,0
323403,21
323404,0
323405,0
323406,0
323407,27
323408,0
323409,0
323410,47
323411,0
323412,0
323413,0
323414,0
323415,0
323416,0
323417,0
323418,0
323419,0
323420,0
323421,18
323422,0
323423,0
323424,0
323425,0
323426,0
323427,0
323428,0
323429,0
323430,0
323431,0
323432,0
323433,0
323434,57
323435,0
323436,0
323437,0
323438,0
323439,0
323440,0
323441,0
323442,0
323443,0
323444,0
323445,0
323446,0
323447,0
323448,0
323449,0
323450,0
323451,0
323452,0
323453,0
323454,0
323455,0
323456,0
323457,0
323458,0
323459,0
323460,0
323461,0
323462,0
323463,0
323464,0
323465,0
323466,0
323467,0
323468,0
323469,0
323470,0
323471,0
323472,0
323473,0
323474,0
323475,0
323476,0
323477,0
323478,0
323479,0
323480,28
323481,0
323482,0
323483,0
323484,38
323485,0
323486,0
323487,0
323488,0
323489,15
323490,0
323491,0
323492,0
323493,0
323494,0
323495,0
323496,0
323497,0
323498,0
323499,0
323500,0
323501,0
323502,0
323503,0
323504,50
323505,0
323506,0
323507,0
323508,0
323509,0
323510,0
323511,0
323512,0
323513,0
323514,0
323515,0
323516,0
323517,0
323518,0
323519,0
323520,0
323521,0
323522,0
323523,0
323524,0
323525,0
323526,0
323527,0
323528,0
323529,0
323530,0
323531,0
323532,0
323533,0
323534,0
323535,0
323536,0
323537,0
323538,0
323539,0
323540,0
323541,0
323542,0
323543,0
323544,0
323545,27
323546,0
323547,0
323548,0
323549,0
323550,0
323551,0
323552,0
323553,35
323554,0
323555,0
323556,0
323557,0
323558,0
323559,12
323560,0
323561,0
323562,0
323563,0
323564,0
323565,0
323566,0
323567,0
323568,0
323569,0
323570,0
323571,0
323572,0
323573,0
323574,0
323575,0
323576,0
323577,0
323578,0
323579,0
323580,0
323581,0
323582,0
323583,0
323584,0
323585,0
323586,0
323587,30
323588,0
323589,0
323590,0
323591,0
323592,0
323593,0
323594,0
323595,0
323596,0
323597,31
323598,0
323599,0
323600,0
323601,0
323602,0
323603,0
323604,0
323605,46
323606,0
323607,0
323608,0
323609,0
323610,0
323611,0
323612,35
323613,0
323614,0
323615,0
323616,0
323617,0
323618,0
323619,0
323620,0
323621,0
323622,0
323623,31
323624,0
323625,0
323626,0
323627,0
323628,0
323629,0
323630,0
323631,0
323632,0
323633,0
323634,0
323635,0
323636,0
323637,0
323638,0
323639,0
323640,0
323641,0
323642,0
323643,38
323644,0
323645,0
323646,0
323647,0
323648,0
323649,0
323650,0
323651,0
323652,0
323653,0
323654,0
323655,0
323656,0
323657,0
323658,0
323659,0
323660,0
323661,0
323662,0
323663,0
323664,0
323665,0
323666,0
323667,0
323668,0
323669,0
323670,0
323671,0
323672,0
323673,0
323674,0
323675,0
323676,0
323677,0
323678,0
323679,0
323680,0
323681,0
323682,0
323683,31
323684,0
323685,0
323686,0
323687,0
323688,29
323689,0
323690,0
323691,0
323692,0
323693,0
323694,0
323695,16
323696,0
323697,0
323698,0
323699,0
323700,0
323701,0
323702,0
323703,32
323704,0
323705,0
323706,0
323707,0
323708,0
323709,0
323710,0
323711,0
323712,0
323713,0
323714,0
323715,0
323716,0
323717,0
323718,0
323719,40
323720,0
323721,0
323722,0
323723,0
323724,0
323725,0
323726,26
323727,0
323728,0
323729,0
323730,0
323731,0
323732,0
323733,0
323734,0
323735,0
323736,0
323737,0
323738,0
323739,0
323740,0
323741,0
323742,0
323743,0
323744,0
323745,0
323746,0
323747,0
323748,0
323749,0
323750,0
323751,0
323752,34
323753,0
323754,27
323755,0
323756,0
323757,0
323758,0
323759,0
323760,0
323761,0
323762,0
323763,0
323764,0
323765,0
323766,0
323767,0
323768,0
323769,0
323770,31
323771,0
323772,0
323773,0
323774,0
323775,0
323776,0
323777,0
323778,0
323779,0
323780,0
323781,0
323782,0
323783,0
323784,0
323785,0
323786,0
323787,0
323788,0
323789,0
323790,0
323791,21
323792,0
323793,0
323794,0
323795,0
323796,0
323797,0
323798,0
323799,0
323800,0
323801,0
323802,0
323803,0
323804,0
323805,0
323806,0
323807,0
323808,0
323809,29
323810,0
323811,0
323812,0
323813,0
323814,0
323815,0
323816,24
323817,0
323818,0
323819,29
323820,24
323821,0
323822,0
323823,0
323824,0
323825,0
323826,0
323827,0
323828,0
323829,23
323830,0
323831,0
323832,0
323833,0
323834,0
323835,0
323836,0
323837,0
323838,0
323839,0
323840,0
323841,0
323842,26
323843,0
323844,0
323845,0
323846,0
323847,0
323848,0
323849,0
323850,0
323851,0
323852,0
323853,0
323854,0
323855,0
323856,0
323857,0
323858,0
323859,0
323860,0
323861,0
323862,0
323863,0
323864,37
323865,0
323866,0
323867,0
323868,0
323869,0
323870,0
323871,0
323872,0
323873,0
323874,0
323875,0
323876,0
323877,0
323878,0
323879,0
323880,0
323881,0
323882,0
323883,0
323884,0
323885,0
323886,0
323887,0
323888,0
323889,0
323890,0
323891,0
323892,0
323893,0
323894,0
323895,0
323896,0
323897,0
323898,0
323899,19
323900,0
323901,0
323902,0
323903,0
323904,20
323905,0
323906,38
323907,0
323908,0
323909,0
323910,0
323911,0
323912,0
323913,0
323914,0
323915,0
323916,25
323917,0
323918,31
323919,18
323920,0
323921,0
323922,0
323923,0
323924,0
323925,0
323926,0
323927,0
323928,0
323929,0
323930,0
323931,0
323932,0
323933,0
323934,0
323935,0
323936,0
323937,0
323938,33
323939,0
323940,0
323941,0
323942,0
323943,0
323944,0
323945,0
323946,0
323947,0
323948,0
323949,0
323950,0
323951,0
323952,0
323953,0
323954,38
323955,0
323956,0
323957,0
323958,0
323959,0
323960,0
323961,0
323962,0
323963,0
323964,0
323965,0
323966,0
323967,0
323968,0
323969,0
323970,0
323971,0
323972,0
323973,0
323974,0
323975,0
323976,0
323977,0
323978,0
323979,0
323980,32
323981,31
323982,0
323983,0
323984,0
323985,0
323986,0
323987,0
323988,0
323989,0
323990,0
323991,0
323992,0
323993,0
323994,0
323995,0
323996,0
323997,0
323998,28
323999,0
324000,0
324001,0
324002,0
324003,0
324004,0
324005,0
324006,0
324007,38
324008,0
324009,0
324010,0
324011,0
324012,0
324013,0
324014,0
324015,0
324016,0
324017,0
324018,20
324019,23
324020,0
324021,0
324022,0
324023,0
324024,0
324025,0
324026,0
324027,0
324028,0
324029,0
324030,0
324031,0
324032,0
324033,0
324034,0
324035,0
324036,0
324037,0
324038,0
324039,0
324040,0
324041,0
324042,0
324043,0
324044,0
324045,41
324046,0
324047,0
324048,0
324049,0
324050,0
324051,31
324052,0
324053,24
324054,0
324055,0
324056,0
324057,0
324058,0
324059,0
324060,0
324061,24
324062,0
324063,0
324064,0
324065,0
324066,0
324067,0
324068,0
324069,0
324070,0
324071,0
324072,0
324073,0
324074,0
324075,0
324076,0
324077,0
324078,0
324079,0
324080,0
324081,0
324082,20
324083,0
324084,0
324085,0
324086,14
324087,0
324088,0
324089,0
324090,0
324091,0
324092,0
324093,0
324094,13
324095,0
324096,0
324097,0
324098,0
324099,0
324100,0
324101,0
324102,0
324103,0
324104,0
324105,0
324106,0
324107,15
324108,24
324109,0
324110,0
324111,28
324112,0
324113,0
324114,0
324115,0
324116,0
324117,0
324118,0
324119,27
324120,0
324121,0
324122,10
324123,0
324124,0
324125,0
324126,0
324127,0
324128,27
324129,19
324130,20
324131,0
324132,0
324133,0
324134,0
324135,0
324136,0
324137,0
324138,0
324139,0
324140,0
324141,0
324142,29
324143,0
324144,0
324145,17
324146,0
324147,0
324148,0
324149,0
324150,0
324151,0
324152,0
324153,0
324154,0
324155,0
324156,0
324157,22
324158,0
324159,0
324160,17
324161,0
324162,0
324163,0
324164,0
324165,0
324166,0
324167,0
324168,0
324169,0
324170,0
324171,10
324172,0
324173,29
324174,0
324175,0
324176,0
324177,0
324178,0
324179,0
324180,29
324181,0
324182,0
324183,19
324184,0
324185,0
324186,0
324187,34
324188,27
324189,28
324190,22
324191,0
324192,22
324193,0
324194,0
324195,31
324196,14
324197,29
324198,31
324199,0
324200,0
324201,22
324202,19
324203,0
324204,0
324205,0
324206,0
324207,0
324208,0
324209,0
324210,17
324211,0
324212,0
324213,0
324214,39
324215,0
324216,0
324217,0
324218,0
324219,0
324220,0
324221,26
324222,0
324223,0
324224,0
324225,0
324226,39
324227,0
324228,0
324229,21
324230,0
324231,16
324232,0
324233,0
324234,0
324235,0
324236,0
324237,0
324238,0
324239,19
324240,0
324241,0
324242,0
324243,22
324244,0
324245,0
324246,47
324247,25
324248,0
324249,0
324250,0
324251,0
324252,0
324253,19
324254,8
324255,0
324256,0
324257,0
324258,0
324259,16
324260,19
324261,0
324262,0
324263,11
324264,0
324265,0
324266,0
324267,0
324268,0
324269,0
324270,0
324271,0
324272,0
324273,0
324274,0
324275,0
324276,0
324277,0
324278,44
324279,0
324280,0
324281,0
324282,0
324283,0
324284,0
324285,0
324286,0
324287,13
324288,0
324289,22
324290,0
324291,0
324292,20
324293,0
324294,19
324295,0
324296,30
324297,41
324298,0
324299,0
324300,0
324301,0
324302,0
324303,0
324304,0
324305,17
324306,35
324307,0
324308,34
324309,0
324310,0
324311,0
324312,21
324313,0
324314,18
324315,0
324316,36
324317,0
324318,0
324319,0
324320,35
324321,0
324322,44
324323,26
324324,0
324325,0
324326,0
324327,0
324328,0
324329,0
324330,0
324331,0
324332,11
324333,34
324334,16
324335,0
324336,0
324337,0
324338,0
324339,0
324340,0
324341,0
324342,0
324343,21
324344,0
324345,0
324346,0
324347,0
324348,0
324349,0
324350,0
324351,0
324352,0
324353,0
324354,0
324355,0
324356,19
324357,23
324358,0
324359,0
324360,22
324361,17
324362,10
324363,0
324364,0
324365,21
324366,21
324367,0
324368,0
324369,0
324370,0
324371,0
324372,36
324373,0
324374,0
324375,21
324376,0
324377,22
324378,21
324379,34
324380,40
324381,0
324382,22
324383,0
324384,0
324385,0
324386,0
324387,24
324388,27
324389,0
324390,0
324391,0
324392,38
324393,0
324394,0
324395,0
324396,35
324397,0
324398,26
324399,0
324400,0
324401,0
324402,0
324403,0
324404,15
324405,0
324406,0
324407,0
324408,15
324409,0
324410,0
324411,0
324412,0
324413,0
324414,0
324415,0
324416,0
324417,0
324418,0
324419,0
324420,0
324421,0
324422,0
324423,0
324424,0
324425,0
324426,0
324427,21
324428,0
324429,11
324430,0
324431,0
324432,0
324433,0
324434,0
324435,0
324436,0
324437,0
324438,26
324439,0
324440,0
324441,0
324442,14
324443,0
324444,0
324445,0
324446,0
324447,0
324448,0
324449,19
324450,12
324451,0
324452,0
324453,0
324454,0
324455,21
324456,10
324457,0
324458,23
324459,0
324460,0
324461,19
324462,0
324463,0
324464,0
324465,0
324466,0
324467,0
324468,0
324469,0
324470,26
324471,0
324472,0
324473,0
324474,0
324475,0
324476,0
324477,23
324478,0
324479,0
324480,30
324481,34
324482,0
324483,0
324484,14
324485,10
324486,0
324487,0
324488,13
324489,37
324490,0
324491,0
324492,0
324493,0
324494,15
324495,0
324496,32
324497,0
324498,0
324499,24
324500,0
324501,0
324502,28
324503,15
324504,0
324505,0
324506,0
324507,0
324508,0
324509,0
324510,0
324511,0
324512,18
324513,0
324514,0
324515,0
324516,0
324517,14
324518,0
324519,0
324520,0
324521,0
324522,25
324523,32
324524,0
324525,7
324526,0
324527,0
324528,0
324529,0
324530,0
324531,12
324532,14
324533,0
324534,0
324535,0
324536,0
324537,0
324538,0
324539,0
324540,0
324541,0
324542,0
324543,0
324544,0
324545,0
324546,0
324547,0
324548,0
324549,12
324550,0
324551,0
324552,0
324553,0
324554,16
324555,0
324556,0
324557,32
324558,0
324559,0
324560,0
324561,0
324562,0
324563,0
324564,0
324565,0
324566,0
324567,0
324568,9
324569,0
324570,0
324571,11
324572,0
324573,0
324574,0
324575,0
324576,0
324577,0
324578,28
324579,0
324580,0
324581,0
324582,0
324583,11
324584,35
324585,0
324586,36
324587,31
324588,0
324589,0
324590,0
324591,39
324592,0
324593,0
324594,0
324595,20
324596,0
324597,14
324598,17
324599,0
324600,0
324601,18
324602,0
324603,0
324604,35
324605,0
324606,0
324607,0
324608,0
324609,35
324610,0
324611,0
324612,0
324613,13
324614,24
324615,0
324616,0
324617,0
324618,0
324619,20
324620,0
324621,0
324622,0
324623,0
324624,21
324625,0
324626,14
324627,22
324628,0
324629,0
324630,0
324631,31
324632,0
324633,14
324634,0
324635,0
324636,31
324637,30
324638,0
324639,0
324640,0
324641,0
324642,21
324643,0
324644,0
324645,0
324646,0
324647,0
324648,0
324649,0
324650,0
324651,0
324652,0
324653,0
324654,15
324655,0
324656,0
324657,0
324658,40
324659,19
324660,0
324661,16
324662,0
324663,0
324664,0
324665,0
324666,0
324667,0
324668,18
324669,23
324670,0
324671,0
324672,21
324673,0
324674,0
324675,0
324676,0
324677,0
324678,0
324679,0
324680,0
324681,0
324682,0
324683,10
324684,0
324685,0
324686,0
324687,0
324688,0
324689,0
324690,0
324691,0
324692,0
324693,16
324694,36
324695,18
324696,0
324697,0
324698,0
324699,0
324700,0
324701,0
324702,0
324703,0
324704,11
324705,0
324706,13
324707,15
324708,0
324709,0
324710,0
324711,33
324712,0
324713,0
324714,0
324715,22
324716,0
324717,44
324718,0
324719,0
324720,18
324721,0
324722,0
324723,0
324724,23
324725,0
324726,0
324727,0
324728,18
324729,0
324730,0
324731,34
324732,0
324733,0
324734,21
324735,0
324736,0
324737,0
324738,0
324739,0
324740,14
324741,0
324742,0
324743,0
324744,0
324745,0
324746,0
324747,0
324748,0
324749,0
324750,0
324751,29
324752,0
324753,0
324754,0
324755,0
324756,0
324757,0
324758,0
324759,0
324760,0
324761,29
324762,0
324763,0
324764,0
324765,23
324766,0
324767,0
324768,0
324769,26
324770,0
324771,0
324772,16
324773,0
324774,0
324775,13
324776,0
324777,0
324778,0
324779,0
324780,0
324781,0
324782,0
324783,0
324784,24
324785,21
324786,0
324787,18
324788,12
324789,0
324790,0
324791,0
324792,26
324793,35
324794,0
324795,0
324796,32
324797,0
324798,0
324799,0
324800,0
324801,31
324802,0
324803,0
324804,23
324805,0
324806,15
324807,0
324808,27
324809,0
324810,0
324811,0
324812,13
324813,0
324814,14
324815,0
324816,0
324817,0
324818,0
324819,0
324820,23
324821,0
324822,15
324823,0
324824,27
324825,22
324826,15
324827,0
324828,0
324829,0
324830,0
324831,0
324832,0
324833,0
324834,0
324835,0
324836,0
324837,0
324838,0
324839,23
324840,0
324841,23
324842,38
324843,13
324844,0
324845,14
324846,0
324847,0
324848,27
324849,15
324850,0
324851,0
324852,17
324853,24
324854,27
324855,0
324856,0
324857,0
324858,0
324859,22
324860,15
324861,0
324862,0
324863,0
324864,0
324865,0
324866,0
324867,0
324868,0
324869,0
324870,0
324871,0
324872,26
324873,24
324874,36
324875,13
324876,0
324877,0
324878,0
324879,0
324880,23
324881,0
324882,0
324883,0
324884,8
324885,0
324886,0
324887,12
324888,7
324889,14
324890,0
324891,0
324892,13
324893,0
324894,0
324895,0
324896,0
324897,0
324898,0
324899,0
324900,0
324901,20
324902,12
324903,0
324904,0
324905,10
324906,11
324907,0
324908,0
324909,17
324910,13
324911,0
324912,11
324913,0
324914,20
324915,0
324916,0
324917,8
324918,0
324919,0
324920,0
324921,0
324922,0
324923,0
324924,18
324925,0
324926,12
324927,0
324928,0
324929,0
324930,8
324931,0
324932,0
324933,11
324934,0
324935,0
324936,0
324937,9
324938,11
324939,3
324940,0
324941,0
324942,6
324943,9
324944,15
324945,0
324946,13
324947,10
324948,0
324949,0
324950,0
324951,0
324952,12
324953,0
324954,0
324955,0
324956,15
324957,12
324958,0
324959,0
324960,15
324961,0
324962,17
324963,0
324964,9
324965,0
324966,0
324967,0
324968,0
324969,11
324970,0
324971,9
324972,15
324973,0
324974,12
324975,0
324976,0
324977,0
324978,0
324979,0
324980,10
324981,0
324982,0
324983,0
324984,13
324985,0
324986,0
324987,0
324988,0
324989,11
324990,0
324991,0
324992,0
324993,0
324994,9
324995,8
324996,14
324997,16
324998,16
324999,0
325000,5
325001,17
325002,0
325003,0
325004,0
325005,0
325006,0
325007,0
325008,0
325009,0
325010,0
325011,11
325012,0
325013,0
325014,0
325015,9
325016,0
325017,0
325018,0
325019,0
325020,9
325021,0
325022,13
325023,11
325024,0
325025,0
325026,0
325027,12
325028,15
325029,0
325030,0
325031,0
325032,10
325033,0
325034,0
325035,18
325036,0
325037,12
325038,14
325039,0
325040,0
325041,0
325042,0
325043,0
325044,15
325045,12
325046,0
325047,0
325048,0
325049,9
325050,0
325051,9
325052,0
325053,0
325054,0
325055,0
325056,0
325057,13
325058,0
325059,0
325060,14
325061,0
325062,0
325063,13
325064,0
325065,0
325066,0
325067,0
325068,0
325069,0
325070,10
325071,0
325072,14
325073,9
325074,0
325075,0
325076,0
325077,17
325078,10
325079,0
325080,0
325081,0
325082,13
325083,0
325084,17
325085,0
325086,0
325087,11
325088,7
325089,14
325090,0
325091,0
325092,0
325093,0
325094,0
325095,18
325096,0
325097,0
325098,0
325099,0
325100,0
325101,0
325102,0
325103,0
325104,0
325105,0
325106,0
325107,0
325108,7
325109,0
325110,0
325111,0
325112,6
325113,0
325114,23
325115,0
325116,0
325117,10
325118,0
325119,0
325120,0
325121,7
325122,0
325123,0
325124,0
325125,0
325126,0
325127,0
325128,8
325129,0
325130,0
325131,0
325132,4
325133,0
325134,0
325135,12
325136,0
325137,14
325138,0
325139,0
325140,0
325141,0
325142,10
325143,10
325144,0
325145,0
325146,0
325147,0
325148,0
325149,5
325150,9
325151,0
325152,11
325153,0
325154,0
325155,0
325156,0
325157,0
325158,0
325159,13
325160,0
325161,0
325162,0
325163,0
325164,0
325165,0
325166,0
325167,0
325168,4
325169,0
325170,0
325171,10
325172,14
325173,15
325174,0
325175,15
325176,0
325177,8
325178,0
325179,0
325180,0
325181,0
325182,0
325183,0
325184,0
325185,0
325186,0
325187,10
325188,0
325189,0
325190,0
325191,0
325192,11
325193,17
325194,0
325195,9
325196,0
325197,0
325198,0
325199,10
325200,0
325201,11
325202,0
325203,0
325204,0
325205,10
325206,0
325207,0
325208,0
325209,12
325210,0
325211,12
325212,0
325213,0
325214,0
325215,0
325216,0
325217,0
325218,0
325219,0
325220,16
325221,0
325222,0
325223,0
325224,0
325225,0
325226,0
325227,10
325228,0
325229,10
325230,18
325231,0
325232,0
325233,6
325234,0
325235,0
325236,0
325237,0
325238,0
325239,0
325240,0
325241,15
325242,0
325243,8
325244,17
325245,0
325246,0
325247,9
325248,0
325249,13
325250,0
325251,0
325252,0
325253,0
325254,9
325255,0
325256,0
325257,0
325258,0
325259,7
325260,21
325261,0
325262,0
325263,9
325264,0
325265,0
325266,0
325267,0
325268,0
325269,11
325270,10
325271,0
325272,0
325273,0
325274,0
325275,0
325276,15
325277,5
325278,0
325279,0
325280,8
325281,12
325282,0
325283,0
325284,8
325285,12
325286,0
325287,0
325288,4
325289,0
325290,0
325291,7
325292,14
325293,0
325294,0
325295,10
325296,6
325297,10
325298,0
325299,6
325300,0
325301,3
325302,13
325303,0
325304,0
325305,0
325306,0
325307,14
325308,0
325309,8
325310,0
325311,0
325312,0
325313,0
325314,0
325315,0
325316,27
325317,0
325318,0
325319,0
325320,0
325321,0
325322,0
325323,0
325324,0
325325,0
325326,0
325327,0
325328,0
325329,0
325330,0
325331,0
325332,0
325333,32
325334,24
325335,0
325336,0
325337,0
325338,0
325339,0
325340,23
325341,32
325342,0
325343,0
325344,0
325345,0
325346,0
325347,36
325348,0
325349,43
325350,0
325351,0
325352,0
325353,0
325354,0
325355,43
325356,0
325357,0
325358,0
325359,0
325360,0
325361,0
325362,0
325363,0
325364,0
325365,0
325366,22
325367,0
325368,0
325369,0
325370,0
325371,0
325372,0
325373,0
325374,37
325375,0
325376,0
325377,0
325378,0
325379,0
325380,37
325381,0
325382,0
325383,0
325384,37
325385,0
325386,0
325387,0
325388,30
325389,0
325390,0
325391,0
325392,0
325393,0
325394,0
325395,36
325396,0
325397,0
325398,0
325399,0
325400,0
325401,0
325402,0
325403,0
325404,0
325405,0
325406,0
325407,54
325408,0
325409,31
325410,0
325411,0
325412,0
325413,0
325414,0
325415,0
325416,36
325417,38
325418,34
325419,0
325420,30
325421,0
325422,49
325423,37
325424,0
325425,0
325426,23
325427,0
325428,0
325429,0
325430,0
325431,25
325432,0
325433,23
325434,46
325435,0
325436,0
325437,0
325438,0
325439,0
325440,0
325441,0
325442,0
325443,0
325444,0
325445,0
325446,57
325447,27
325448,33
325449,0
325450,27
325451,0
325452,0
325453,37
325454,0
325455,41
325456,27
325457,0
325458,0
325459,0
325460,0
325461,34
325462,0
325463,0
325464,0
325465,0
325466,0
325467,32
325468,0
325469,0
325470,0
325471,0
325472,41
325473,34
325474,43
325475,44
325476,0
325477,0
325478,28
325479,0
325480,0
325481,0
325482,0
325483,0
325484,0
325485,0
325486,0
325487,44
325488,0
325489,0
325490,0
325491,0
325492,48
325493,48
325494,0
325495,0
325496,0
325497,0
325498,0
325499,0
325500,40
325501,0
325502,0
325503,0
325504,35
325505,0
325506,41
325507,0
325508,17
325509,0
325510,0
325511,0
325512,0
325513,30
325514,0
325515,0
325516,0
325517,48
325518,0
325519,0
325520,0
325521,0
325522,0
325523,0
325524,0
325525,37
325526,0
325527,0
325528,0
325529,0
325530,0
325531,0
325532,40
325533,0
325534,0
325535,49
325536,52
325537,0
325538,46
325539,43
325540,0
325541,0
325542,0
325543,32
325544,0
325545,0
325546,0
325547,0
325548,0
325549,0
325550,0
325551,0
325552,0
325553,0
325554,0
325555,0
325556,0
325557,0
325558,0
325559,46
325560,0
325561,39
325562,0
325563,0
325564,23
325565,40
325566,0
325567,0
325568,0
325569,0
325570,0
325571,33
325572,0
325573,0
325574,0
325575,42
325576,0
325577,0
325578,28
325579,0
325580,0
325581,0
325582,37
325583,31
325584,0
325585,0
325586,0
325587,0
325588,0
325589,0
325590,0
325591,0
325592,0
325593,0
325594,0
325595,0
325596,0
325597,0
325598,0
325599,0
325600,0
325601,0
325602,36
325603,0
325604,0
325605,39
325606,0
325607,0
325608,43
325609,0
325610,35
325611,0
325612,0
325613,28
325614,0
325615,58
325616,0
325617,0
325618,54
325619,39
325620,0
325621,0
325622,0
325623,0
325624,0
325625,0
325626,0
325627,0
325628,0
325629,0
325630,0
325631,0
325632,40
325633,0
325634,47
325635,0
325636,36
325637,0
325638,0
325639,0
325640,0
325641,0
325642,0
325643,0
325644,40
325645,36
325646,0
325647,0
325648,0
325649,0
325650,49
325651,55
325652,37
325653,0
325654,0
325655,0
325656,0
325657,0
325658,0
325659,0
325660,0
325661,0
325662,0
325663,0
325664,34
325665,0
325666,0
325667,0
325668,0
325669,0
325670,0
325671,0
325672,0
325673,30
325674,33
325675,0
325676,0
325677,53
325678,0
325679,0
325680,29
325681,0
325682,0
325683,0
325684,26
325685,0
325686,0
325687,0
325688,0
325689,0
325690,0
325691,0
325692,0
325693,0
325694,50
325695,0
325696,34
325697,0
325698,0
325699,0
325700,0
325701,0
325702,36
325703,0
325704,0
325705,0
325706,0
325707,40
325708,0
325709,0
325710,0
325711,0
325712,0
325713,0
325714,0
325715,0
325716,0
325717,40
325718,46
325719,0
325720,0
325721,0
325722,0
325723,0
325724,0
325725,0
325726,38
325727,0
325728,0
325729,31
325730,0
325731,0
325732,0
325733,0
325734,32
325735,0
325736,0
325737,0
325738,0
325739,0
325740,36
325741,42
325742,0
325743,0
325744,0
325745,0
325746,0
325747,36
325748,0
325749,0
325750,30
325751,0
325752,29
325753,43
325754,0
325755,0
325756,0
325757,0
325758,0
325759,38
325760,0
325761,0
325762,0
325763,0
325764,0
325765,0
325766,0
325767,0
325768,25
325769,0
325770,52
325771,30
325772,35
325773,0
325774,0
325775,0
325776,0
325777,0
325778,0
325779,0
325780,0
325781,0
325782,0
325783,0
325784,43
325785,0
325786,0
325787,0
325788,0
325789,0
325790,0
325791,0
325792,0
325793,0
325794,0
325795,0
325796,0
325797,0
325798,0
325799,31
325800,45
325801,0
325802,0
325803,0
325804,0
325805,0
325806,0
325807,0
325808,0
325809,0
325810,0
325811,0
325812,0
325813,0
325814,0
325815,0
325816,0
325817,0
325818,0
325819,44
325820,0
325821,32
325822,0
325823,0
325824,0
325825,34
325826,0
325827,43
325828,33
325829,0
325830,32
325831,30
325832,0
325833,0
325834,39
325835,30
325836,0
325837,0
325838,27
325839,33
325840,0
325841,0
325842,39
325843,32
325844,37
325845,0
325846,0
325847,0
325848,0
325849,41
325850,0
325851,0
325852,0
325853,0
325854,34
325855,0
325856,0
325857,0
325858,0
325859,36
325860,0
325861,0
325862,0
325863,0
325864,0
325865,0
325866,0
325867,0
325868,34
325869,55
325870,36
325871,0
325872,0
325873,0
325874,0
325875,0
325876,0
325877,0
325878,0
325879,0
325880,0
325881,0
325882,0
325883,0
325884,34
325885,0
325886,0
325887,45
325888,0
325889,0
325890,0
325891,0
325892,0
325893,33
325894,0
325895,0
325896,0
325897,0
325898,0
325899,44
325900,40
325901,0
325902,0
325903,0
325904,0
325905,0
325906,0
325907,0
325908,0
325909,0
325910,27
325911,0
325912,0
325913,30
325914,35
325915,0
325916,0
325917,29
325918,0
325919,0
325920,0
325921,0
325922,27
325923,0
325924,0
325925,0
325926,0
325927,0
325928,0
325929,0
325930,0
325931,51
325932,0
325933,0
325934,38
325935,0
325936,0
325937,0
325938,36
325939,0
325940,0
325941,42
325942,0
325943,0
325944,0
325945,0
325946,0
325947,0
325948,40
325949,0
325950,0
325951,0
325952,30
325953,35
325954,0
325955,32
325956,0
325957,0
325958,0
325959,26
325960,0
325961,0
325962,0
325963,0
325964,45
325965,0
325966,0
325967,0
325968,0
325969,51
325970,36
325971,48
325972,0
325973,0
325974,0
325975,31
325976,0
325977,25
325978,0
325979,37
325980,0
325981,32
325982,0
325983,0
325984,0
325985,0
325986,0
325987,0
325988,0
325989,0
325990,30
325991,0
325992,0
325993,0
325994,0
325995,43
325996,0
325997,0
325998,0
325999,36
326000,0
326001,47
326002,0
326003,0
326004,33
326005,0
326006,0
326007,0
326008,0
326009,0
326010,0
326011,0
326012,0
326013,0
326014,0
326015,0
326016,0
326017,0
326018,0
326019,0
326020,0
326021,28
326022,0
326023,0
326024,42
326025,0
326026,0
326027,0
326028,0
326029,0
326030,0
326031,32
326032,0
326033,51
326034,0
326035,46
326036,42
326037,0
326038,36
326039,0
326040,0
326041,0
326042,38
326043,0
326044,0
326045,0
326046,0
326047,0
326048,27
326049,0
326050,0
326051,0
326052,30
326053,0
326054,0
326055,0
326056,0
326057,0
326058,0
326059,0
326060,0
326061,0
326062,45
326063,0
326064,0
326065,0
326066,0
326067,0
326068,0
326069,28
326070,0
326071,0
326072,0
326073,0
326074,0
326075,0
326076,0
326077,0
326078,0
326079,0
326080,0
326081,0
326082,0
326083,0
326084,0
326085,0
326086,0
326087,29
326088,0
326089,0
326090,0
326091,0
326092,0
326093,52
326094,40
326095,0
326096,0
326097,0
326098,0
326099,0
326100,15
326101,0
326102,0
326103,12
326104,0
326105,0
326106,0
326107,0
326108,0
326109,12
326110,0
326111,0
326112,0
326113,0
326114,13
326115,0
326116,0
326117,0
326118,0
326119,0
326120,0
326121,36
326122,0
326123,26
326124,0
326125,0
326126,0
326127,0
326128,0
326129,0
326130,0
326131,0
326132,10
326133,0
326134,0
326135,0
326136,0
326137,0
326138,0
326139,0
326140,0
326141,0
326142,0
326143,0
326144,0
326145,10
326146,0
326147,17
326148,0
326149,0
326150,0
326151,0
326152,0
326153,0
326154,12
326155,0
326156,0
326157,0
326158,21
326159,22
326160,0
326161,0
326162,0
326163,0
326164,0
326165,23
326166,0
326167,0
326168,0
326169,0
326170,0
326171,0
326172,0
326173,0
326174,0
326175,0
326176,23
326177,0
326178,0
326179,9
326180,0
326181,0
326182,0
326183,0
326184,16
326185,11
326186,0
326187,0
326188,0
326189,0
326190,0
326191,0
326192,0
326193,7
326194,0
326195,0
326196,0
326197,0
326198,0
326199,0
326200,0
326201,0
326202,0
326203,0
326204,0
326205,0
326206,0
326207,0
326208,0
326209,0
326210,0
326211,15
326212,0
326213,0
326214,0
326215,0
326216,0
326217,0
326218,0
326219,0
326220,0
326221,0
326222,0
326223,0
326224,0
326225,0
326226,0
326227,15
326228,0
326229,0
326230,0
326231,0
326232,0
326233,0
326234,0
326235,0
326236,8
326237,0
326238,0
326239,12
326240,0
326241,0
326242,0
326243,0
326244,0
326245,0
326246,9
326247,0
326248,0
326249,0
326250,0
326251,0
326252,0
326253,8
326254,13
326255,0
326256,0
326257,0
326258,0
326259,0
326260,0
326261,21
326262,14
326263,0
326264,13
326265,8
326266,0
326267,0
326268,0
326269,0
326270,0
326271,0
326272,0
326273,0
326274,0
326275,13
326276,0
326277,0
326278,0
326279,0
326280,0
326281,0
326282,0
326283,0
326284,12
326285,0
326286,0
326287,0
326288,0
326289,0
326290,0
326291,0
326292,0
326293,0
326294,0
326295,0
326296,0
326297,24
326298,0
326299,0
326300,12
326301,0
326302,0
326303,16
326304,0
326305,0
326306,0
326307,0
326308,0
326309,25
326310,20
326311,0
326312,10
326313,0
326314,0
326315,0
326316,0
326317,0
326318,0
326319,0
326320,0
326321,0
326322,0
326323,5
326324,0
326325,0
326326,0
326327,0
326328,0
326329,10
326330,0
326331,0
326332,11
326333,0
326334,0
326335,19
326336,0
326337,0
326338,4
326339,0
326340,0
326341,0
326342,0
326343,0
326344,0
326345,0
326346,0
326347,0
326348,0
326349,0
326350,0
326351,24
326352,0
326353,0
326354,0
326355,0
326356,13
326357,0
326358,0
326359,0
326360,22
326361,0
326362,0
326363,0
326364,0
326365,0
326366,0
326367,0
326368,0
326369,0
326370,0
326371,0
326372,0
326373,0
326374,0
326375,0
326376,15
326377,0
326378,0
326379,0
326380,0
326381,0
326382,0
326383,0
326384,0
326385,0
326386,0
326387,0
326388,0
326389,0
326390,9
326391,8
326392,0
326393,0
326394,0
326395,17
326396,0
326397,0
326398,0
326399,0
326400,13
326401,0
326402,14
326403,0
326404,0
326405,0
326406,0
326407,0
326408,0
326409,0
326410,0
326411,0
326412,0
326413,0
326414,0
326415,8
326416,0
326417,10
326418,0
326419,0
326420,17
326421,0
326422,0
326423,0
326424,0
326425,9
326426,0
326427,18
326428,12
326429,0
326430,0
326431,0
326432,0
326433,3
326434,0
326435,0
326436,0
326437,0
326438,13
326439,39
326440,0
326441,13
326442,0
326443,0
326444,0
326445,0
326446,0
326447,0
326448,0
326449,0
326450,0
326451,0
326452,0
326453,0
326454,0
326455,13
326456,0
326457,0
326458,8
326459,0
326460,0
326461,0
326462,0
326463,0
326464,22
326465,10
326466,0
326467,0
326468,0
326469,0
326470,0
326471,0
326472,0
326473,0
326474,0
326475,24
326476,0
326477,0
326478,0
326479,0
326480,26
326481,0
326482,0
326483,28
326484,20
326485,0
326486,0
326487,0
326488,0
326489,0
326490,0
326491,0
326492,0
326493,0
326494,0
326495,0
326496,0
326497,0
326498,0
326499,0
326500,0
326501,0
326502,0
326503,0
326504,0
326505,0
326506,0
326507,0
326508,27
326509,0
326510,0
326511,0
326512,0
326513,0
326514,0
326515,14
326516,0
326517,23
326518,0
326519,0
326520,0
326521,0
326522,0
326523,0
326524,0
326525,0
326526,0
326527,0
326528,0
326529,0
326530,0
326531,0
326532,0
326533,0
326534,0
326535,0
326536,0
326537,0
326538,0
326539,0
326540,0
326541,0
326542,17
326543,0
326544,0
326545,0
326546,0
326547,16
326548,13
326549,0
326550,0
326551,0
326552,0
326553,0
326554,0
326555,0
326556,0
326557,0
326558,0
326559,0
326560,0
326561,0
326562,0
326563,15
326564,0
326565,0
326566,13
326567,0
326568,0
326569,0
326570,0
326571,0
326572,14
326573,12
326574,0
326575,0
326576,0
326577,0
326578,0
326579,0
326580,0
326581,0
326582,0
326583,0
326584,0
326585,0
326586,17
326587,0
326588,10
326589,0
326590,0
326591,0
326592,0
326593,0
326594,0
326595,24
326596,0
326597,0
326598,0
326599,13
326600,0
326601,0
326602,0
326603,12
326604,12
326605,0
326606,0
326607,0
326608,0
326609,0
326610,0
326611,0
326612,0
326613,0
326614,0
326615,0
326616,0
326617,0
326618,13
326619,0
326620,12
326621,0
326622,9
326623,7
326624,0
326625,0
326626,0
326627,0
326628,0
326629,21
326630,0
326631,6
326632,0
326633,0
326634,17
326635,0
326636,0
326637,0
326638,0
326639,0
326640,26
326641,0
326642,0
326643,13
326644,0
326645,0
326646,0
326647,0
326648,0
326649,0
326650,0
326651,0
326652,0
326653,25
326654,0
326655,0
326656,39
326657,0
326658,0
326659,0
326660,0
326661,0
326662,0
326663,0
326664,0
326665,0
326666,0
326667,5
326668,0
326669,17
326670,0
326671,0
326672,0
326673,0
326674,0
326675,0
326676,0
326677,0
326678,0
326679,0
326680,0
326681,0
326682,0
326683,0
326684,0
326685,0
326686,0
326687,0
326688,0
326689,0
326690,0
326691,0
326692,0
326693,0
326694,0
326695,10
326696,0
326697,10
326698,20
326699,0
326700,0
326701,0
326702,0
326703,0
326704,0
326705,0
326706,0
326707,0
326708,0
326709,0
326710,0
326711,0
326712,0
326713,0
326714,0
326715,0
326716,0
326717,0
326718,26
326719,21
326720,0
326721,21
326722,0
326723,0
326724,0
326725,0
326726,12
326727,0
326728,0
326729,0
326730,0
326731,0
326732,15
326733,0
326734,0
326735,0
326736,0
326737,0
326738,0
326739,0
326740,0
326741,0
326742,0
326743,0
326744,0
326745,0
326746,16
326747,0
326748,32
326749,0
326750,0
326751,0
326752,18
326753,0
326754,0
326755,0
326756,0
326757,0
326758,0
326759,0
326760,0
326761,0
326762,0
326763,0
326764,0
326765,0
326766,24
326767,0
326768,0
326769,14
326770,0
326771,0
326772,0
326773,4
326774,0
326775,0
326776,0
326777,0
326778,0
326779,0
326780,0
326781,0
326782,0
326783,0
326784,0
326785,0
326786,0
326787,0
326788,0
326789,0
326790,0
326791,0
326792,0
326793,0
326794,26
326795,17
326796,0
326797,0
326798,0
326799,0
326800,0
326801,0
326802,0
326803,0
326804,0
326805,0
326806,0
326807,0
326808,0
326809,0
326810,0
326811,16
326812,0
326813,24
326814,0
326815,21
326816,0
326817,0
326818,0
326819,0
326820,0
326821,0
326822,0
326823,9
326824,0
326825,0
326826,11
326827,0
326828,0
326829,0
326830,0
326831,0
326832,0
326833,0
326834,19
326835,0
326836,0
326837,0
326838,0
326839,8
326840,0
326841,0
326842,0
326843,0
326844,0
326845,0
326846,0
326847,0
326848,11
326849,0
326850,17
326851,0
326852,0
326853,0
326854,0
326855,0
326856,0
326857,0
326858,0
326859,0
326860,0
326861,0
326862,0
326863,0
326864,0
326865,0
326866,0
326867,0
326868,0
326869,0
326870,0
326871,0
326872,0
326873,0
326874,25
326875,30
326876,0
326877,0
326878,0
326879,0
326880,0
326881,0
326882,0
326883,0
326884,0
326885,14
326886,0
326887,0
326888,0
326889,23
326890,20
326891,0
326892,23
326893,0
326894,0
326895,0
326896,0
326897,0
326898,0
326899,0
326900,11
326901,0
326902,0
326903,0
326904,0
326905,0
326906,0
326907,13
326908,0
326909,15
326910,0
326911,0
326912,0
326913,0
326914,0
326915,0
326916,0
326917,0
326918,0
326919,0
326920,0
326921,0
326922,0
326923,0
326924,0
326925,0
326926,0
326927,0
326928,0
326929,0
326930,0
326931,15
326932,0
326933,13
326934,0
326935,0
326936,0
326937,0
326938,0
326939,0
326940,18
326941,0
326942,0
326943,0
326944,0
326945,0
326946,18
326947,0
326948,0
326949,0
326950,7
326951,0
326952,20
326953,0
326954,0
326955,0
326956,31
326957,0
326958,0
326959,0
326960,0
326961,0
326962,0
326963,0
326964,0
326965,0
326966,28
326967,0
326968,17
326969,0
326970,0
326971,0
326972,0
326973,18
326974,0
326975,0
326976,0
326977,0
326978,10
326979,0
326980,22
326981,0
326982,0
326983,0
326984,0
326985,0
326986,0
326987,0
326988,20
326989,0
326990,10
326991,18
326992,0
326993,16
326994,0
326995,0
326996,0
326997,0
326998,0
326999,0
327000,0
327001,0
327002,8
327003,0
327004,0
327005,0
327006,0
327007,0
327008,0
327009,0
327010,0
327011,0
327012,0
327013,17
327014,0
327015,0
327016,0
327017,0
327018,14
327019,0
327020,0
327021,0
327022,0
327023,0
327024,0
327025,0
327026,0
327027,0
327028,0
327029,0
327030,0
327031,0
327032,1
327033,0
327034,0
327035,0
327036,0
327037,0
327038,0
327039,0
327040,0
327041,0
327042,0
327043,0
327044,0
327045,0
327046,0
327047,0
327048,0
327049,0
327050,0
327051,0
327052,0
327053,0
327054,0
327055,0
327056,0
327057,0
327058,0
327059,0
327060,0
327061,0
327062,0
327063,0
327064,0
327065,0
327066,0
327067,0
327068,0
327069,0
327070,0
327071,0
327072,0
327073,0
327074,0
327075,0
327076,0
327077,0
327078,0
327079,0
327080,0
327081,0
327082,0
327083,0
327084,0
327085,0
327086,0
327087,0
327088,0
327089,0
327090,0
327091,0
327092,0
327093,0
327094,0
327095,0
327096,0
327097,0
327098,0
327099,0
327100,0
327101,0
327102,0
327103,0
327104,0
327105,0
327106,0
327107,0
327108,0
327109,0
327110,0
327111,0
327112,0
327113,0
327114,0
327115,0
327116,0
327117,0
327118,0
327119,0
327120,0
327121,0
327122,0
327123,0
327124,0
327125,0
327126,0
327127,0
327128,0
327129,0
327130,0
327131,0
327132,0
327133,0
327134,0
327135,0
327136,0
327137,0
327138,0
327139,0
327140,0
327141,0
327142,0
327143,0
327144,0
327145,0
327146,0
327147,0
327148,0
327149,0
327150,0
327151,0
327152,0
327153,0
327154,0
327155,0
327156,0
327157,0
327158,0
327159,0
327160,0
327161,0
327162,0
327163,0
327164,0
327165,0
327166,0
327167,0
327168,0
327169,0
327170,0
327171,0
327172,0
327173,0
327174,0
327175,0
327176,0
327177,0
327178,0
327179,0
327180,0
327181,0
327182,0
327183,0
327184,0
327185,0
327186,0
327187,0
327188,0
327189,0
327190,0
327191,0
327192,0
327193,0
327194,0
327195,0
327196,0
327197,0
327198,0
327199,0
327200,0
327201,0
327202,0
327203,0
327204,0
327205,0
327206,0
327207,0
327208,0
327209,0
327210,0
327211,0
327212,0
327213,0
327214,0
327215,0
327216,0
327217,0
327218,0
327219,0
327220,0
327221,0
327222,0
327223,0
327224,0
327225,0
327226,0
327227,0
327228,0
327229,0
327230,0
327231,0
327232,0
327233,0
327234,0
327235,0
327236,0
327237,0
327238,0
327239,0
327240,0
327241,0
327242,0
327243,0
327244,0
327245,0
327246,0
327247,0
327248,0
327249,0
327250,0
327251,0
327252,0
327253,0
327254,0
327255,0
327256,0
327257,0
327258,0
327259,0
327260,0
327261,0
327262,0
327263,0
327264,0
327265,0
327266,0
327267,0
327268,0
327269,0
327270,0
327271,0
327272,0
327273,0
327274,0
327275,0
327276,0
327277,0
327278,0
327279,0
327280,0
327281,0
327282,0
327283,0
327284,0
327285,0
327286,0
327287,0
327288,0
327289,0
327290,0
327291,0
327292,0
327293,0
327294,0
327295,0
327296,0
327297,0
327298,0
327299,0
327300,0
327301,0
327302,0
327303,0
327304,0
327305,0
327306,0
327307,0
327308,0
327309,0
327310,0
327311,0
327312,0
327313,0
327314,0
327315,0
327316,0
327317,0
327318,0
327319,0
327320,0
327321,0
327322,0
327323,0
327324,0
327325,0
327326,0
327327,0
327328,0
327329,0
327330,0
327331,0
327332,0
327333,0
327334,0
327335,0
327336,0
327337,0
327338,0
327339,0
327340,0
327341,0
327342,0
327343,0
327344,0
327345,0
327346,0
327347,0
327348,0
327349,0
327350,0
327351,0
327352,0
327353,0
327354,0
327355,0
327356,0
327357,0
327358,0
327359,0
327360,0
327361,0
327362,0
327363,0
327364,0
327365,0
327366,0
327367,0
327368,0
327369,0
327370,0
327371,0
327372,0
327373,0
327374,0
327375,0
327376,0
327377,0
327378,0
327379,0
327380,0
327381,0
327382,0
327383,0
327384,0
327385,0
327386,0
327387,0
327388,0
327389,0
327390,0
327391,0
327392,0
327393,0
327394,0
327395,0
327396,0
327397,0
327398,0
327399,0
327400,0
327401,0
327402,0
327403,0
327404,0
327405,0
327406,0
327407,0
327408,0
327409,0
327410,0
327411,0
327412,0
327413,0
327414,0
327415,0
327416,0
327417,0
327418,0
327419,0
327420,0
327421,0
327422,0
327423,0
327424,0
327425,0
327426,0
327427,0
327428,0
327429,0
327430,0
327431,0
327432,0
327433,0
327434,0
327435,0
327436,0
327437,0
327438,0
327439,0
327440,0
327441,0
327442,0
327443,0
327444,0
327445,0
327446,0
327447,0
327448,0
327449,0
327450,0
327451,0
327452,0
327453,0
327454,0
327455,0
327456,0
327457,0
327458,0
327459,0
327460,0
327461,0
327462,0
327463,0
327464,0
327465,0
327466,0
327467,0
327468,0
327469,0
327470,0
327471,0
327472,0
327473,0
327474,0
327475,0
327476,0
327477,0
327478,0
327479,0
327480,0
327481,0
327482,0
327483,0
327484,0
327485,0
327486,0
327487,0
327488,0
327489,0
327490,0
327491,0
327492,0
327493,0
327494,0
327495,0
327496,0
327497,0
327498,0
327499,0
327500,0
327501,0
327502,0
327503,0
327504,0
327505,0
327506,0
327507,0
327508,0
327509,0
327510,0
327511,0
327512,0
327513,0
327514,0
327515,0
327516,0
327517,0
327518,0
327519,0
327520,0
327521,0
327522,0
327523,0
327524,0
327525,0
327526,0
327527,0
327528,0
327529,0
327530,0
327531,0
327532,0
327533,0
327534,0
327535,0
327536,0
327537,0
327538,0
327539,0
327540,0
327541,0
327542,0
327543,0
327544,1
327545,0
327546,0
327547,0
327548,0
327549,0
327550,0
327551,0
327552,0
327553,0
327554,0
327555,0
327556,0
327557,0
327558,0
327559,0
327560,0
327561,0
327562,0
327563,0
327564,0
327565,0
327566,0
327567,0
327568,0
327569,0
327570,0
327571,0
327572,0
327573,0
327574,0
327575,0
327576,0
327577,0
327578,0
327579,0
327580,0
327581,0
327582,0
327583,0
327584,0
327585,0
327586,0
327587,0
327588,0
327589,0
327590,0
327591,0
327592,0
327593,0
327594,0
327595,0
327596,0
327597,0
327598,0
327599,0
327600,0
327601,0
327602,0
327603,1
327604,0
327605,0
327606,0
327607,0
327608,0
327609,0
327610,0
327611,0
327612,0
327613,0
327614,0
327615,0
327616,0
327617,0
327618,0
327619,0
327620,0
327621,0
327622,0
327623,0
327624,0
327625,0
327626,0
327627,0
327628,0
327629,0
327630,0
327631,0
327632,0
327633,0
327634,0
327635,0
327636,0
327637,0
327638,0
327639,0
327640,0
327641,0
327642,0
327643,0
327644,0
327645,0
327646,0
327647,0
327648,0
327649,0
327650,0
327651,0
327652,0
327653,0
327654,0
327655,0
327656,0
327657,0
327658,0
327659,0
327660,0
327661,0
327662,0
327663,0
327664,0
327665,0
327666,0
327667,0
327668,0
327669,0
327670,0
327671,0
327672,0
327673,0
327674,0
327675,0
327676,0
327677,0
327678,0
327679,0
327680,0
327681,0
327682,0
327683,0
327684,0
327685,0
327686,0
327687,0
327688,0
327689,0
327690,0
327691,0
327692,0
327693,0
327694,0
327695,0
327696,0
327697,0
327698,0
327699,0
327700,0
327701,0
327702,0
327703,0
327704,0
327705,0
327706,0
327707,0
327708,0
327709,0
327710,0
327711,0
327712,0
327713,0
327714,0
327715,0
327716,0
327717,0
327718,0
327719,0
327720,0
327721,0
327722,0
327723,0
327724,0
327725,0
327726,0
327727,0
327728,0
327729,0
327730,0
327731,0
327732,0
327733,0
327734,0
327735,0
327736,0
327737,0
327738,0
327739,0
327740,0
327741,0
327742,0
327743,0
327744,0
327745,0
327746,0
327747,0
327748,0
327749,0
327750,0
327751,0
327752,0
327753,0
327754,0
327755,0
327756,0
327757,0
327758,0
327759,0
327760,0
327761,0
327762,0
327763,0
327764,0
327765,0
327766,0
327767,0
327768,0
327769,0
327770,0
327771,0
327772,0
327773,0
327774,0
327775,0
327776,0
327777,0
327778,0
327779,0
327780,0
327781,0
327782,0
327783,0
327784,0
327785,0
327786,0
327787,0
327788,0
327789,0
327790,0
327791,0
327792,0
327793,0
327794,0
327795,0
327796,0
327797,0
327798,0
327799,0
327800,0
327801,0
327802,0
327803,0
327804,0
327805,0
327806,0
327807,0
327808,0
327809,0
327810,0
327811,0
327812,0
327813,0
327814,0
327815,0
327816,0
327817,0
327818,0
327819,0
327820,0
327821,0
327822,0
327823,0
327824,0
327825,0
327826,0
327827,0
327828,0
327829,0
327830,0
327831,0
327832,0
327833,0
327834,0
327835,0
327836,0
327837,0
327838,0
327839,0
327840,0
327841,0
327842,0
327843,0
327844,0
327845,0
327846,0
327847,0
327848,0
327849,0
327850,0
327851,0
327852,0
327853,0
327854,0
327855,0
327856,0
327857,0
327858,0
327859,0
327860,0
327861,0
327862,0
327863,0
327864,0
327865,0
327866,0
327867,0
327868,0
327869,0
327870,0
327871,0
327872,0
327873,0
327874,0
327875,0
327876,0
327877,0
327878,0
327879,0
327880,1
327881,0
327882,0
327883,1
327884,0
327885,0
327886,0
327887,0
327888,0
327889,0
327890,0
327891,1
327892,0
327893,0
327894,0
327895,0
327896,0
327897,0
327898,0
327899,0
327900,0
327901,0
327902,0
327903,0
327904,0
327905,0
327906,0
327907,0
327908,0
327909,0
327910,0
327911,0
327912,0
327913,0
327914,0
327915,0
327916,0
327917,0
327918,0
327919,0
327920,0
327921,0
327922,0
327923,0
327924,0
327925,0
327926,0
327927,0
327928,0
327929,0
327930,0
327931,0
327932,0
327933,0
327934,0
327935,0
327936,0
327937,0
327938,0
327939,0
327940,0
327941,0
327942,0
327943,0
327944,1
327945,0
327946,0
327947,0
327948,0
327949,0
327950,3
327951,0
327952,0
327953,0
327954,0
327955,14
327956,0
327957,0
327958,0
327959,0
327960,0
327961,0
327962,0
327963,0
327964,8
327965,0
327966,0
327967,0
327968,0
327969,0
327970,0
327971,0
327972,0
327973,0
327974,0
327975,0
327976,0
327977,0
327978,0
327979,0
327980,11
327981,0
327982,0
327983,0
327984,0
327985,0
327986,0
327987,0
327988,0
327989,0
327990,0
327991,0
327992,0
327993,0
327994,0
327995,0
327996,0
327997,0
327998,0
327999,0
328000,7
328001,0
328002,0
328003,0
328004,0
328005,0
328006,0
328007,0
328008,0
328009,0
328010,0
328011,0
328012,0
328013,0
328014,0
328015,0
328016,0
328017,0
328018,0
328019,0
328020,0
328021,0
328022,0
328023,0
328024,0
328025,13
328026,0
328027,0
328028,0
328029,0
328030,0
328031,0
328032,0
328033,0
328034,0
328035,9
328036,0
328037,0
328038,0
328039,0
328040,18
328041,0
328042,0
328043,0
328044,0
328045,0
328046,0
328047,0
328048,0
328049,0
328050,0
328051,0
328052,0
328053,0
328054,0
328055,0
328056,0
328057,0
328058,0
328059,0
328060,0
328061,12
328062,0
328063,0
328064,0
328065,0
328066,0
328067,0
328068,0
328069,0
328070,0
328071,0
328072,0
328073,0
328074,0
328075,0
328076,0
328077,0
328078,0
328079,0
328080,0
328081,0
328082,0
328083,0
328084,0
328085,0
328086,0
328087,0
328088,0
328089,0
328090,0
328091,0
328092,0
328093,0
328094,0
328095,0
328096,0
328097,0
328098,0
328099,0
328100,0
328101,0
328102,0
328103,11
328104,0
328105,0
328106,0
328107,0
328108,0
328109,0
328110,0
328111,0
328112,0
328113,0
328114,0
328115,0
328116,0
328117,0
328118,0
328119,0
328120,0
328121,0
328122,0
328123,0
328124,0
328125,0
328126,0
328127,0
328128,0
328129,0
328130,9
328131,0
328132,0
328133,0
328134,0
328135,0
328136,0
328137,0
328138,0
328139,0
328140,0
328141,5
328142,0
328143,0
328144,0
328145,0
328146,0
328147,0
328148,0
328149,9
328150,0
328151,0
328152,0
328153,0
328154,0
328155,0
328156,0
328157,0
328158,0
328159,12
328160,0
328161,0
328162,0
328163,0
328164,0
328165,0
328166,0
328167,0
328168,0
328169,0
328170,0
328171,0
328172,0
328173,0
328174,0
328175,0
328176,0
328177,0
328178,0
328179,0
328180,0
328181,0
328182,0
328183,0
328184,0
328185,0
328186,0
328187,0
328188,0
328189,0
328190,0
328191,0
328192,0
328193,0
328194,7
328195,0
328196,0
328197,0
328198,0
328199,0
328200,0
328201,0
328202,0
328203,0
328204,0
328205,0
328206,0
328207,0
328208,0
328209,0
328210,0
328211,0
328212,0
328213,0
328214,0
328215,0
328216,0
328217,0
328218,0
328219,0
328220,0
328221,0
328222,0
328223,0
328224,0
328225,0
328226,0
328227,0
328228,0
328229,0
328230,0
328231,0
328232,0
328233,0
328234,0
328235,0
328236,0
328237,0
328238,0
328239,0
328240,0
328241,0
328242,0
328243,6
328244,0
328245,0
328246,0
328247,0
328248,8
328249,0
328250,0
328251,0
328252,0
328253,0
328254,0
328255,0
328256,0
328257,0
328258,10
328259,0
328260,0
328261,0
328262,0
328263,0
328264,0
328265,0
328266,0
328267,0
328268,0
328269,0
328270,0
328271,0
328272,9
328273,0
328274,0
328275,7
328276,0
328277,0
328278,0
328279,0
328280,0
328281,0
328282,0
328283,0
328284,6
328285,0
328286,6
328287,0
328288,0
328289,0
328290,0
328291,0
328292,0
328293,7
328294,4
328295,0
328296,0
328297,0
328298,0
328299,0
328300,0
328301,0
328302,0
328303,0
328304,14
328305,0
328306,0
328307,0
328308,0
328309,0
328310,8
328311,0
328312,0
328313,0
328314,0
328315,0
328316,0
328317,0
328318,0
328319,0
328320,0
328321,0
328322,0
328323,5
328324,0
328325,0
328326,0
328327,7
328328,0
328329,0
328330,0
328331,0
328332,0
328333,7
328334,0
328335,0
328336,16
328337,0
328338,0
328339,0
328340,0
328341,0
328342,0
328343,0
328344,0
328345,0
328346,0
328347,0
328348,0
328349,0
328350,0
328351,14
328352,0
328353,0
328354,7
328355,0
328356,0
328357,0
328358,18
328359,0
328360,0
328361,0
328362,0
328363,0
328364,0
328365,0
328366,0
328367,0
328368,0
328369,0
328370,0
328371,0
328372,0
328373,0
328374,0
328375,0
328376,0
328377,0
328378,0
328379,0
328380,0
328381,0
328382,0
328383,0
328384,20
328385,0
328386,0
328387,0
328388,0
328389,0
328390,0
328391,0
328392,0
328393,0
328394,5
328395,0
328396,0
328397,0
328398,0
328399,0
328400,0
328401,0
328402,0
328403,0
328404,0
328405,0
328406,0
328407,0
328408,0
328409,0
328410,0
328411,0
328412,0
328413,0
328414,0
328415,0
328416,0
328417,0
328418,0
328419,0
328420,0
328421,0
328422,0
328423,0
328424,0
328425,0
328426,0
328427,0
328428,0
328429,0
328430,0
328431,0
328432,0
328433,0
328434,0
328435,0
328436,0
328437,0
328438,0
328439,0
328440,0
328441,0
328442,0
328443,0
328444,0
328445,0
328446,9
328447,0
328448,11
328449,0
328450,0
328451,0
328452,8
328453,0
328454,0
328455,3
328456,0
328457,0
328458,0
328459,0
328460,7
328461,0
328462,0
328463,0
328464,0
328465,0
328466,0
328467,0
328468,0
328469,0
328470,0
328471,0
328472,14
328473,0
328474,6
328475,0
328476,0
328477,0
328478,0
328479,0
328480,0
328481,0
328482,0
328483,0
328484,0
328485,0
328486,0
328487,0
328488,0
328489,0
328490,0
328491,0
328492,0
328493,0
328494,12
328495,0
328496,0
328497,0
328498,0
328499,9
328500,0
328501,0
328502,0
328503,0
328504,0
328505,0
328506,14
328507,0
328508,0
328509,0
328510,0
328511,0
328512,0
328513,0
328514,0
328515,0
328516,0
328517,0
328518,0
328519,0
328520,0
328521,0
328522,0
328523,0
328524,0
328525,0
328526,0
328527,0
328528,0
328529,0
328530,0
328531,0
328532,0
328533,0
328534,0
328535,7
328536,0
328537,0
328538,0
328539,0
328540,0
328541,6
328542,0
328543,0
328544,0
328545,0
328546,0
328547,0
328548,0
328549,0
328550,0
328551,0
328552,9
328553,0
328554,0
328555,29
328556,0
328557,0
328558,0
328559,27
328560,0
328561,0
328562,0
328563,0
328564,0
328565,0
328566,0
328567,0
328568,0
328569,29
328570,0
328571,0
328572,0
328573,0
328574,0
328575,0
328576,24
328577,0
328578,0
328579,0
328580,0
328581,0
328582,21
328583,0
328584,0
328585,0
328586,0
328587,0
328588,0
328589,0
328590,0
328591,0
328592,26
328593,0
328594,0
328595,0
328596,0
328597,0
328598,0
328599,0
328600,0
328601,0
328602,0
328603,0
328604,0
328605,22
328606,0
328607,0
328608,0
328609,0
328610,0
328611,0
328612,0
328613,0
328614,0
328615,0
328616,0
328617,0
328618,0
328619,0
328620,0
328621,0
328622,0
328623,19
328624,0
328625,0
328626,0
328627,0
328628,0
328629,0
328630,19
328631,0
328632,0
328633,0
328634,0
328635,0
328636,0
328637,0
328638,0
328639,0
328640,0
328641,0
328642,0
328643,0
328644,0
328645,46
328646,22
328647,0
328648,18
328649,0
328650,0
328651,0
328652,0
328653,0
328654,0
328655,0
328656,0
328657,0
328658,22
328659,0
328660,0
328661,0
328662,0
328663,0
328664,0
328665,0
328666,15
328667,0
328668,0
328669,0
328670,0
328671,0
328672,25
328673,0
328674,0
328675,0
328676,0
328677,0
328678,0
328679,0
328680,0
328681,0
328682,0
328683,0
328684,22
328685,0
328686,0
328687,0
328688,0
328689,0
328690,0
328691,0
328692,0
328693,0
328694,0
328695,0
328696,0
328697,0
328698,0
328699,0
328700,0
328701,0
328702,0
328703,0
328704,0
328705,0
328706,0
328707,0
328708,0
328709,0
328710,0
328711,0
328712,0
328713,26
328714,23
328715,0
328716,0
328717,0
328718,0
328719,0
328720,0
328721,26
328722,20
328723,0
328724,0
328725,0
328726,0
328727,0
328728,0
328729,0
328730,0
328731,0
328732,0
328733,0
328734,0
328735,0
328736,0
328737,0
328738,28
328739,0
328740,0
328741,0
328742,0
328743,0
328744,0
328745,0
328746,24
328747,0
328748,0
328749,26
328750,0
328751,0
328752,22
328753,0
328754,0
328755,0
328756,0
328757,0
328758,0
328759,0
328760,0
328761,0
328762,0
328763,0
328764,0
328765,0
328766,0
328767,20
328768,0
328769,0
328770,0
328771,0
328772,0
328773,0
328774,0
328775,0
328776,0
328777,0
328778,16
328779,0
328780,0
328781,0
328782,28
328783,0
328784,0
328785,0
328786,0
328787,0
328788,0
328789,0
328790,0
328791,0
328792,0
328793,0
328794,0
328795,0
328796,0
328797,0
328798,0
328799,35
328800,0
328801,0
328802,0
328803,0
328804,0
328805,0
328806,0
328807,0
328808,0
328809,0
328810,0
328811,0
328812,0
328813,0
328814,0
328815,0
328816,15
328817,0
328818,0
328819,0
328820,0
328821,0
328822,0
328823,31
328824,0
328825,0
328826,28
328827,0
328828,0
328829,27
328830,0
328831,0
328832,0
328833,36
328834,0
328835,0
328836,0
328837,25
328838,0
328839,0
328840,0
328841,0
328842,0
328843,0
328844,0
328845,0
328846,0
328847,0
328848,0
328849,0
328850,0
328851,0
328852,0
328853,0
328854,0
328855,0
328856,0
328857,0
328858,0
328859,20
328860,0
328861,0
328862,0
328863,0
328864,0
328865,0
328866,0
328867,0
328868,0
328869,0
328870,0
328871,0
328872,0
328873,0
328874,0
328875,0
328876,0
328877,0
328878,0
328879,0
328880,0
328881,0
328882,0
328883,0
328884,26
328885,0
328886,0
328887,0
328888,0
328889,0
328890,0
328891,0
328892,0
328893,0
328894,0
328895,0
328896,24
328897,0
328898,0
328899,0
328900,0
328901,0
328902,0
328903,0
328904,0
328905,0
328906,0
328907,0
328908,0
328909,0
328910,0
328911,0
328912,0
328913,0
328914,0
328915,0
328916,0
328917,0
328918,0
328919,0
328920,0
328921,41
328922,0
328923,0
328924,0
328925,0
328926,0
328927,0
328928,0
328929,0
328930,0
328931,0
328932,0
328933,0
328934,0
328935,30
328936,0
328937,0
328938,0
328939,0
328940,0
328941,0
328942,0
328943,0
328944,0
328945,35
328946,0
328947,0
328948,0
328949,0
328950,0
328951,0
328952,0
328953,0
328954,0
328955,0
328956,0
328957,0
328958,0
328959,0
328960,0
328961,0
328962,0
328963,0
328964,0
328965,0
328966,0
328967,0
328968,0
328969,0
328970,0
328971,0
328972,0
328973,0
328974,0
328975,0
328976,0
328977,0
328978,0
328979,0
328980,26
328981,33
328982,0
328983,0
328984,0
328985,0
328986,0
328987,0
328988,0
328989,0
328990,0
328991,31
328992,0
328993,16
328994,0
328995,0
328996,0
328997,0
328998,0
328999,0
329000,0
329001,0
329002,0
329003,0
329004,0
329005,0
329006,0
329007,0
329008,23
329009,0
329010,0
329011,0
329012,0
329013,0
329014,21
329015,28
329016,0
329017,0
329018,0
329019,0
329020,0
329021,0
329022,0
329023,0
329024,29
329025,28
329026,0
329027,0
329028,0
329029,0
329030,0
329031,0
329032,25
329033,0
329034,0
329035,0
329036,0
329037,0
329038,0
329039,0
329040,0
329041,0
329042,0
329043,0
329044,0
329045,0
329046,0
329047,0
329048,0
329049,0
329050,0
329051,26
329052,0
329053,0
329054,0
329055,0
329056,0
329057,0
329058,23
329059,0
329060,0
329061,0
329062,0
329063,0
329064,0
329065,0
329066,0
329067,0
329068,0
329069,0
329070,0
329071,0
329072,0
329073,0
329074,0
329075,0
329076,0
329077,0
329078,0
329079,0
329080,0
329081,0
329082,0
329083,0
329084,0
329085,0
329086,0
329087,0
329088,0
329089,0
329090,0
329091,0
329092,0
329093,0
329094,24
329095,0
329096,0
329097,0
329098,0
329099,0
329100,0
329101,0
329102,23
329103,0
329104,0
329105,0
329106,0
329107,0
329108,0
329109,0
329110,0
329111,0
329112,0
329113,0
329114,0
329115,0
329116,0
329117,0
329118,29
329119,0
329120,0
329121,0
329122,0
329123,0
329124,0
329125,0
329126,0
329127,19
329128,0
329129,22
329130,0
329131,0
329132,0
329133,0
329134,0
329135,0
329136,0
329137,0
329138,0
329139,0
329140,37
329141,0
329142,0
329143,0
329144,0
329145,0
329146,26
329147,0
329148,0
329149,22
329150,0
329151,0
329152,0
329153,0
329154,0
329155,27
329156,0
329157,0
329158,0
329159,0
329160,0
329161,0
329162,0
329163,0
329164,0
329165,0
329166,0
329167,0
329168,0
329169,0
329170,0
329171,0
329172,0
329173,0
329174,0
329175,0
329176,0
329177,0
329178,0
329179,0
329180,0
329181,0
329182,0
329183,0
329184,0
329185,0
329186,25
329187,0
329188,0
329189,0
329190,0
329191,0
329192,0
329193,28
329194,0
329195,0
329196,0
329197,0
329198,0
329199,0
329200,0
329201,0
329202,0
329203,20
329204,0
329205,0
329206,0
329207,25
329208,27
329209,0
329210,0
329211,0
329212,0
329213,0
329214,0
329215,0
329216,0
329217,0
329218,0
329219,0
329220,0
329221,0
329222,0
329223,0
329224,0
329225,0
329226,0
329227,0
329228,24
329229,0
329230,0
329231,0
329232,0
329233,0
329234,0
329235,0
329236,0
329237,0
329238,0
329239,29
329240,0
329241,0
329242,0
329243,0
329244,0
329245,0
329246,0
329247,0
329248,0
329249,0
329250,0
329251,0
329252,0
329253,0
329254,0
329255,0
329256,0
329257,0
329258,0
329259,0
329260,0
329261,0
329262,0
329263,0
329264,0
329265,0
329266,0
329267,0
329268,0
329269,0
329270,0
329271,0
329272,24
329273,0
329274,0
329275,0
329276,29
329277,0
329278,0
329279,0
329280,0
329281,0
329282,0
329283,20
329284,0
329285,0
329286,0
329287,28
329288,39
329289,0
329290,29
329291,0
329292,0
329293,0
329294,0
329295,0
329296,0
329297,0
329298,0
329299,0
329300,0
329301,0
329302,0
329303,0
329304,0
329305,0
329306,0
329307,0
329308,25
329309,0
329310,0
329311,17
329312,0
329313,0
329314,0
329315,0
329316,0
329317,28
329318,0
329319,0
329320,0
329321,0
329322,0
329323,0
329324,23
329325,0
329326,0
329327,0
329328,0
329329,0
329330,0
329331,0
329332,0
329333,0
329334,0
329335,43
329336,0
329337,0
329338,0
329339,0
329340,0
329341,0
329342,27
329343,0
329344,0
329345,0
329346,0
329347,0
329348,0
329349,0
329350,0
329351,0
329352,0
329353,0
329354,0
329355,0
329356,0
329357,0
329358,0
329359,0
329360,0
329361,0
329362,0
329363,0
329364,0
329365,0
329366,0
329367,0
329368,0
329369,0
329370,0
329371,0
329372,0
329373,0
329374,0
329375,0
329376,0
329377,22
329378,0
329379,0
329380,24
329381,0
329382,0
329383,0
329384,0
329385,0
329386,0
329387,0
329388,0
329389,0
329390,0
329391,0
329392,0
329393,0
329394,0
329395,0
329396,0
329397,0
329398,0
329399,0
329400,0
329401,0
329402,0
329403,0
329404,0
329405,0
329406,0
329407,20
329408,0
329409,0
329410,22
329411,25
329412,0
329413,0
329414,0
329415,0
329416,0
329417,0
329418,0
329419,0
329420,34
329421,0
329422,0
329423,0
329424,25
329425,0
329426,0
329427,0
329428,0
329429,0
329430,0
329431,0
329432,0
329433,0
329434,0
329435,0
329436,0
329437,0
329438,0
329439,0
329440,0
329441,0
329442,0
329443,0
329444,0
329445,25
329446,24
329447,0
329448,0
329449,0
329450,0
329451,0
329452,0
329453,0
329454,0
329455,25
329456,0
329457,0
329458,0
329459,0
329460,0
329461,0
329462,29
329463,0
329464,0
329465,0
329466,0
329467,0
329468,0
329469,0
329470,0
329471,0
329472,0
329473,0
329474,0
329475,0
329476,26
329477,0
329478,0
329479,0
329480,0
329481,0
329482,0
329483,27
329484,0
329485,21
329486,0
329487,0
329488,0
329489,0
329490,20
329491,0
329492,0
329493,0
329494,0
329495,0
329496,0
329497,0
329498,0
329499,19
329500,0
329501,0
329502,0
329503,0
329504,0
329505,0
329506,0
329507,0
329508,25
329509,0
329510,0
329511,0
329512,0
329513,0
329514,0
329515,0
329516,0
329517,0
329518,26
329519,0
329520,0
329521,20
329522,0
329523,22
329524,0
329525,33
329526,0
329527,23
329528,0
329529,0
329530,25
329531,0
329532,0
329533,0
329534,0
329535,0
329536,0
329537,0
329538,0
329539,0
329540,0
329541,0
329542,0
329543,0
329544,15
329545,0
329546,0
329547,0
329548,0
329549,18
329550,0
329551,0
329552,0
329553,27
329554,0
329555,0
329556,0
329557,0
329558,0
329559,0
329560,28
329561,0
329562,0
329563,19
329564,0
329565,0
329566,0
329567,0
329568,0
329569,32
329570,24
329571,0
329572,0
329573,31
329574,0
329575,0
329576,0
329577,0
329578,0
329579,0
329580,23
329581,0
329582,0
329583,28
329584,32
329585,17
329586,0
329587,0
329588,0
329589,0
329590,0
329591,0
329592,0
329593,26
329594,0
329595,0
329596,0
329597,0
329598,0
329599,0
329600,0
329601,24
329602,0
329603,0
329604,0
329605,0
329606,0
329607,33
329608,0
329609,0
329610,0
329611,0
329612,0
329613,0
329614,0
329615,0
329616,23
329617,33
329618,0
329619,20
329620,0
329621,23
329622,0
329623,0
329624,28
329625,0
329626,14
329627,22
329628,0
329629,0
329630,0
329631,0
329632,0
329633,21
329634,0
329635,0
329636,0
329637,0
329638,0
329639,0
329640,0
329641,0
329642,0
329643,0
329644,24
329645,0
329646,0
329647,0
329648,0
329649,0
329650,0
329651,0
329652,0
329653,0
329654,29
329655,0
329656,0
329657,0
329658,0
329659,0
329660,0
329661,0
329662,0
329663,0
329664,0
329665,0
329666,0
329667,0
329668,0
329669,0
329670,0
329671,0
329672,0
329673,0
329674,0
329675,0
329676,0
329677,0
329678,0
329679,0
329680,31
329681,0
329682,0
329683,0
329684,0
329685,0
329686,17
329687,27
329688,0
329689,0
329690,0
329691,22
329692,0
329693,0
329694,0
329695,0
329696,0
329697,0
329698,0
329699,0
329700,0
329701,0
329702,0
329703,0
329704,0
329705,0
329706,0
329707,0
329708,0
329709,0
329710,0
329711,0
329712,28
329713,0
329714,0
329715,0
329716,0
329717,0
329718,0
329719,0
329720,0
329721,0
329722,0
329723,0
329724,29
329725,0
329726,0
329727,0
329728,0
329729,24
329730,0
329731,0
329732,0
329733,0
329734,0
329735,0
329736,26
329737,25
329738,0
329739,0
329740,0
329741,0
329742,0
329743,0
329744,25
329745,0
329746,0
329747,20
329748,0
329749,0
329750,37
329751,0
329752,0
329753,0
329754,0
329755,20
329756,31
329757,0
329758,0
329759,0
329760,0
329761,0
329762,0
329763,0
329764,0
329765,0
329766,24
329767,0
329768,24
329769,0
329770,0
329771,0
329772,27
329773,0
329774,0
329775,0
329776,28
329777,0
329778,0
329779,0
329780,0
329781,0
329782,0
329783,0
329784,0
329785,22
329786,26
329787,0
329788,0
329789,0
329790,0
329791,0
329792,31
329793,0
329794,0
329795,20
329796,0
329797,0
329798,0
329799,0
329800,0
329801,0
329802,0
329803,0
329804,0
329805,0
329806,0
329807,0
329808,0
329809,29
329810,0
329811,0
329812,0
329813,34
329814,0
329815,0
329816,0
329817,38
329818,0
329819,24
329820,0
329821,0
329822,30
329823,0
329824,0
329825,23
329826,0
329827,25
329828,0
329829,0
329830,0
329831,0
329832,0
329833,0
329834,0
329835,0
329836,30
329837,0
329838,0
329839,23
329840,0
329841,18
329842,0
329843,0
329844,0
329845,0
329846,0
329847,0
329848,0
329849,23
329850,0
329851,0
329852,22
329853,0
329854,25
329855,0
329856,0
329857,0
329858,0
329859,0
329860,0
329861,0
329862,0
329863,0
329864,0
329865,0
329866,0
329867,0
329868,0
329869,0
329870,0
329871,20
329872,22
329873,0
329874,0
329875,0
329876,0
329877,19
329878,0
329879,0
329880,0
329881,0
329882,30
329883,0
329884,0
329885,0
329886,0
329887,0
329888,0
329889,0
329890,0
329891,0
329892,0
329893,0
329894,0
329895,0
329896,0
329897,0
329898,0
329899,20
329900,0
329901,0
329902,0
329903,0
329904,0
329905,0
329906,0
329907,0
329908,0
329909,0
329910,22
329911,0
329912,0
329913,0
329914,0
329915,0
329916,0
329917,0
329918,28
329919,36
329920,0
329921,0
329922,0
329923,0
329924,0
329925,0
329926,0
329927,0
329928,32
329929,0
329930,0
329931,0
329932,0
329933,0
329934,0
329935,0
329936,0
329937,0
329938,0
329939,0
329940,32
329941,0
329942,31
329943,0
329944,24
329945,0
329946,0
329947,0
329948,0
329949,28
329950,0
329951,0
329952,0
329953,0
329954,0
329955,0
329956,0
329957,26
329958,0
329959,0
329960,0
329961,0
329962,0
329963,0
329964,0
329965,0
329966,0
329967,0
329968,0
329969,22
329970,0
329971,0
329972,0
329973,26
329974,26
329975,0
329976,0
329977,0
329978,0
329979,0
329980,34
329981,0
329982,0
329983,0
329984,0
329985,0
329986,0
329987,0
329988,0
329989,0
329990,18
329991,0
329992,0
329993,0
329994,0
329995,0
329996,0
329997,22
329998,0
329999,0
330000,0
330001,0
330002,0
330003,0
330004,0
330005,0
330006,0
330007,0
330008,0
330009,0
330010,0
330011,0
330012,0
330013,0
330014,0
330015,0
330016,24
330017,0
330018,0
330019,0
330020,0
330021,0
330022,0
330023,0
330024,20
330025,0
330026,0
330027,0
330028,0
330029,27
330030,0
330031,0
330032,0
330033,0
330034,0
330035,0
330036,0
330037,0
330038,0
330039,0
330040,0
330041,0
330042,0
330043,0
330044,20
330045,0
330046,0
330047,28
330048,23
330049,0
330050,0
330051,0
330052,0
330053,0
330054,0
330055,0
330056,0
330057,0
330058,23
330059,0
330060,19
330061,0
330062,32
330063,27
330064,0
330065,0
330066,0
330067,0
330068,0
330069,0
330070,0
330071,0
330072,15
330073,0
330074,0
330075,0
330076,0
330077,0
330078,26
330079,0
330080,28
330081,0
330082,0
330083,0
330084,0
330085,0
330086,0
330087,0
330088,21
330089,24
330090,0
330091,0
330092,38
330093,0
330094,23
330095,0
330096,0
330097,0
330098,0
330099,0
330100,0
330101,0
330102,0
330103,0
330104,0
330105,0
330106,0
330107,0
330108,0
330109,0
330110,0
330111,0
330112,30
330113,0
330114,20
330115,0
330116,23
330117,0
330118,0
330119,0
330120,24
330121,0
330122,0
330123,0
330124,0
330125,0
330126,0
330127,0
330128,0
330129,32
330130,33
330131,0
330132,29
330133,0
330134,0
330135,0
330136,24
330137,0
330138,0
330139,0
330140,0
330141,0
330142,0
330143,0
330144,0
330145,0
330146,0
330147,22
330148,34
330149,0
330150,0
330151,0
330152,20
330153,0
330154,0
330155,0
330156,0
330157,0
330158,23
330159,0
330160,0
330161,0
330162,24
330163,0
330164,0
330165,0
330166,0
330167,0
330168,0
330169,0
330170,0
330171,0
330172,0
330173,20
330174,0
330175,0
330176,0
330177,0
330178,0
330179,0
330180,0
330181,0
330182,0
330183,0
330184,28
330185,27
330186,0
330187,0
330188,23
330189,0
330190,0
330191,35
330192,0
330193,24
330194,0
330195,0
330196,0
330197,0
330198,0
330199,0
330200,0
330201,0
330202,0
330203,27
330204,0
330205,0
330206,0
330207,0
330208,0
330209,0
330210,0
330211,24
330212,0
330213,42
330214,0
330215,29
330216,23
330217,0
330218,0
330219,31
330220,18
330221,0
330222,0
330223,0
330224,0
330225,0
330226,0
330227,0
330228,0
330229,0
330230,23
330231,36
330232,0
330233,0
330234,0
330235,0
330236,0
330237,0
330238,0
330239,0
330240,0
330241,0
330242,0
330243,0
330244,32
330245,0
330246,0
330247,0
330248,0
330249,0
330250,0
330251,26
330252,0
330253,0
330254,0
330255,13
330256,22
330257,0
330258,0
330259,0
330260,0
330261,0
330262,26
330263,0
330264,0
330265,24
330266,29
330267,32
330268,19
330269,0
330270,17
330271,0
330272,0
330273,29
330274,0
330275,0
330276,0
330277,14
330278,31
330279,0
330280,0
330281,0
330282,0
330283,0
330284,0
330285,0
330286,0
330287,0
330288,0
330289,0
330290,0
330291,73
330292,0
330293,0
330294,0
330295,0
330296,0
330297,0
330298,0
330299,0
330300,0
330301,0
330302,39
330303,0
330304,0
330305,0
330306,0
330307,0
330308,0
330309,0
330310,0
330311,0
330312,0
330313,0
330314,0
330315,0
330316,0
330317,0
330318,0
330319,0
330320,0
330321,0
330322,0
330323,0
330324,0
330325,0
330326,0
330327,0
330328,0
330329,0
330330,0
330331,0
330332,0
330333,0
330334,0
330335,0
330336,0
330337,0
330338,0
330339,0
330340,0
330341,0
330342,0
330343,0
330344,0
330345,0
330346,0
330347,0
330348,0
330349,0
330350,0
330351,0
330352,0
330353,0
330354,0
330355,0
330356,0
330357,0
330358,0
330359,0
330360,0
330361,0
330362,0
330363,0
330364,0
330365,0
330366,0
330367,0
330368,0
330369,36
330370,0
330371,0
330372,0
330373,0
330374,0
330375,0
330376,0
330377,18
330378,0
330379,0
330380,0
330381,0
330382,0
330383,0
330384,0
330385,0
330386,0
330387,0
330388,0
330389,0
330390,0
330391,0
330392,0
330393,0
330394,0
330395,0
330396,0
330397,0
330398,0
330399,0
330400,0
330401,0
330402,0
330403,0
330404,0
330405,0
330406,22
330407,0
330408,0
330409,0
330410,0
330411,0
330412,0
330413,0
330414,0
330415,0
330416,0
330417,0
330418,0
330419,0
330420,0
330421,0
330422,0
330423,0
330424,0
330425,0
330426,0
330427,0
330428,0
330429,0
330430,0
330431,0
330432,46
330433,0
330434,56
330435,0
330436,0
330437,0
330438,0
330439,0
330440,0
330441,0
330442,0
330443,0
330444,0
330445,0
330446,0
330447,0
330448,0
330449,0
330450,0
330451,0
330452,0
330453,0
330454,0
330455,0
330456,0
330457,0
330458,0
330459,0
330460,46
330461,0
330462,0
330463,0
330464,0
330465,18
330466,0
330467,0
330468,0
330469,0
330470,0
330471,0
330472,0
330473,0
330474,0
330475,0
330476,39
330477,0
330478,0
330479,0
330480,0
330481,0
330482,0
330483,0
330484,0
330485,0
330486,0
330487,0
330488,0
330489,0
330490,0
330491,0
330492,0
330493,0
330494,0
330495,0
330496,0
330497,0
330498,0
330499,0
330500,0
330501,0
330502,0
330503,0
330504,0
330505,0
330506,0
330507,36
330508,38
330509,0
330510,0
330511,0
330512,0
330513,0
330514,0
330515,0
330516,0
330517,0
330518,0
330519,0
330520,57
330521,0
330522,0
330523,0
330524,0
330525,17
330526,0
330527,0
330528,0
330529,0
330530,0
330531,24
330532,0
330533,0
330534,0
330535,0
330536,0
330537,0
330538,0
330539,0
330540,0
330541,0
330542,0
330543,0
330544,0
330545,0
330546,0
330547,0
330548,0
330549,0
330550,40
330551,0
330552,0
330553,0
330554,0
330555,0
330556,0
330557,0
330558,0
330559,0
330560,0
330561,0
330562,0
330563,0
330564,0
330565,41
330566,39
330567,0
330568,0
330569,0
330570,0
330571,0
330572,0
330573,0
330574,0
330575,0
330576,0
330577,0
330578,0
330579,0
330580,0
330581,0
330582,0
330583,0
330584,0
330585,0
330586,0
330587,0
330588,0
330589,0
330590,0
330591,0
330592,21
330593,0
330594,30
330595,0
330596,0
330597,0
330598,0
330599,0
330600,0
330601,0
330602,0
330603,0
330604,0
330605,0
330606,0
330607,0
330608,0
330609,0
330610,0
330611,0
330612,0
330613,0
330614,0
330615,0
330616,20
330617,0
330618,0
330619,0
330620,0
330621,0
330622,0
330623,14
330624,0
330625,0
330626,0
330627,0
330628,0
330629,0
330630,0
330631,18
330632,0
330633,0
330634,0
330635,0
330636,28
330637,0
330638,36
330639,0
330640,0
330641,0
330642,0
330643,0
330644,0
330645,0
330646,0
330647,0
330648,0
330649,0
330650,0
330651,0
330652,0
330653,0
330654,0
330655,0
330656,0
330657,0
330658,0
330659,0
330660,0
330661,0
330662,0
330663,0
330664,0
330665,0
330666,0
330667,0
330668,0
330669,0
330670,0
330671,0
330672,26
330673,0
330674,0
330675,0
330676,0
330677,0
330678,0
330679,0
330680,0
330681,0
330682,0
330683,0
330684,0
330685,0
330686,0
330687,0
330688,0
330689,0
330690,0
330691,0
330692,0
330693,0
330694,0
330695,46
330696,0
330697,0
330698,0
330699,0
330700,0
330701,0
330702,0
330703,0
330704,0
330705,0
330706,0
330707,0
330708,0
330709,0
330710,0
330711,0
330712,0
330713,0
330714,41
330715,0
330716,0
330717,0
330718,0
330719,0
330720,0
330721,0
330722,49
330723,0
330724,0
330725,0
330726,0
330727,0
330728,0
330729,0
330730,0
330731,0
330732,0
330733,0
330734,0
330735,0
330736,0
330737,0
330738,0
330739,0
330740,0
330741,0
330742,0
330743,0
330744,0
330745,0
330746,0
330747,0
330748,0
330749,0
330750,0
330751,0
330752,0
330753,0
330754,0
330755,0
330756,0
330757,0
330758,0
330759,0
330760,33
330761,0
330762,0
330763,0
330764,0
330765,46
330766,0
330767,0
330768,0
330769,0
330770,0
330771,0
330772,0
330773,0
330774,0
330775,0
330776,0
330777,0
330778,0
330779,0
330780,0
330781,0
330782,0
330783,0
330784,0
330785,0
330786,0
330787,0
330788,0
330789,0
330790,0
330791,0
330792,0
330793,0
330794,0
330795,0
330796,0
330797,0
330798,0
330799,0
330800,0
330801,45
330802,0
330803,0
330804,0
330805,0
330806,0
330807,0
330808,0
330809,0
330810,0
330811,0
330812,0
330813,0
330814,0
330815,0
330816,0
330817,0
330818,0
330819,0
330820,0
330821,0
330822,0
330823,0
330824,0
330825,0
330826,0
330827,48
330828,0
330829,28
330830,0
330831,0
330832,0
330833,0
330834,0
330835,0
330836,0
330837,0
330838,0
330839,0
330840,0
330841,0
330842,0
330843,0
330844,0
330845,0
330846,0
330847,0
330848,0
330849,0
330850,0
330851,0
330852,0
330853,0
330854,0
330855,0
330856,0
330857,0
330858,0
330859,0
330860,0
330861,0
330862,0
330863,0
330864,20
330865,0
330866,0
330867,0
330868,18
330869,0
330870,0
330871,0
330872,38
330873,0
330874,0
330875,0
330876,0
330877,0
330878,0
330879,0
330880,0
330881,0
330882,0
330883,0
330884,0
330885,0
330886,0
330887,0
330888,0
330889,0
330890,0
330891,0
330892,0
330893,0
330894,0
330895,0
330896,0
330897,0
330898,21
330899,0
330900,0
330901,28
330902,0
330903,0
330904,0
330905,0
330906,0
330907,0
330908,0
330909,0
330910,0
330911,0
330912,0
330913,0
330914,0
330915,0
330916,0
330917,0
330918,0
330919,0
330920,0
330921,0
330922,0
330923,0
330924,0
330925,0
330926,0
330927,0
330928,0
330929,0
330930,0
330931,0
330932,0
330933,0
330934,0
330935,0
330936,0
330937,29
330938,0
330939,0
330940,0
330941,0
330942,0
330943,0
330944,0
330945,0
330946,54
330947,0
330948,0
330949,0
330950,0
330951,0
330952,0
330953,0
330954,0
330955,0
330956,0
330957,0
330958,0
330959,0
330960,0
330961,0
330962,0
330963,0
330964,0
330965,0
330966,67
330967,0
330968,0
330969,0
330970,0
330971,0
330972,0
330973,0
330974,0
330975,0
330976,0
330977,0
330978,0
330979,0
330980,0
330981,0
330982,0
330983,47
330984,16
330985,0
330986,0
330987,0
330988,0
330989,0
330990,55
330991,0
330992,0
330993,0
330994,0
330995,0
330996,0
330997,54
330998,0
330999,0
331000,0
331001,0
331002,0
331003,0
331004,0
331005,0
331006,0
331007,0
331008,0
331009,0
331010,0
331011,0
331012,0
331013,0
331014,0
331015,0
331016,0
331017,0
331018,0
331019,0
331020,0
331021,0
331022,0
331023,0
331024,0
331025,0
331026,0
331027,0
331028,0
331029,0
331030,0
331031,0
331032,0
331033,0
331034,0
331035,32
331036,0
331037,24
331038,0
331039,0
331040,0
331041,0
331042,0
331043,0
331044,0
331045,0
331046,0
331047,0
331048,0
331049,29
331050,0
331051,40
331052,0
331053,0
331054,0
331055,0
331056,0
331057,0
331058,0
331059,0
331060,48
331061,0
331062,0
331063,0
331064,0
331065,0
331066,0
331067,0
331068,0
331069,0
331070,0
331071,0
331072,0
331073,0
331074,0
331075,0
331076,0
331077,0
331078,0
331079,0
331080,0
331081,0
331082,0
331083,0
331084,0
331085,0
331086,0
331087,0
331088,0
331089,0
331090,0
331091,0
331092,0
331093,0
331094,0
331095,0
331096,0
331097,0
331098,0
331099,0
331100,0
331101,0
331102,0
331103,0
331104,0
331105,0
331106,0
331107,0
331108,0
331109,0
331110,0
331111,0
331112,0
331113,0
331114,0
331115,0
331116,0
331117,0
331118,0
331119,0
331120,0
331121,0
331122,0
331123,0
331124,0
331125,0
331126,0
331127,0
331128,0
331129,0
331130,0
331131,0
331132,0
331133,0
331134,0
331135,0
331136,0
331137,0
331138,0
331139,0
331140,0
331141,0
331142,0
331143,0
331144,0
331145,0
331146,0
331147,0
331148,0
331149,0
331150,0
331151,0
331152,0
331153,0
331154,0
331155,0
331156,0
331157,0
331158,0
331159,0
331160,0
331161,0
331162,0
331163,0
331164,0
331165,0
331166,0
331167,0
331168,0
331169,0
331170,0
331171,0
331172,0
331173,0
331174,0
331175,0
331176,0
331177,0
331178,0
331179,0
331180,0
331181,44
331182,0
331183,24
331184,0
331185,0
331186,0
331187,0
331188,0
331189,0
331190,0
331191,0
331192,0
331193,0
331194,0
331195,0
331196,0
331197,0
331198,0
331199,0
331200,0
331201,0
331202,0
331203,0
331204,0
331205,0
331206,0
331207,0
331208,0
331209,0
331210,0
331211,0
331212,0
331213,0
331214,0
331215,0
331216,0
331217,0
331218,0
331219,0
331220,0
331221,0
331222,36
331223,0
331224,0
331225,0
331226,0
331227,0
331228,0
331229,39
331230,0
331231,0
331232,0
331233,0
331234,0
331235,0
331236,0
331237,0
331238,0
331239,0
331240,0
331241,0
331242,0
331243,0
331244,0
331245,0
331246,0
331247,0
331248,0
331249,0
331250,2
331251,1
331252,0
331253,0
331254,2
331255,0
331256,0
331257,0
331258,0
331259,6
331260,0
331261,0
331262,0
331263,0
331264,0
331265,0
331266,0
331267,0
331268,0
331269,0
331270,0
331271,0
331272,0
331273,0
331274,0
331275,0
331276,0
331277,0
331278,0
331279,0
331280,0
331281,0
331282,0
331283,0
331284,0
331285,0
331286,0
331287,0
331288,1
331289,2
331290,0
331291,0
331292,0
331293,0
331294,0
331295,0
331296,0
331297,0
331298,1
331299,0
331300,0
331301,0
331302,0
331303,0
331304,0
331305,0
331306,0
331307,2
331308,0
331309,2
331310,0
331311,0
331312,0
331313,0
331314,0
331315,0
331316,0
331317,0
331318,0
331319,1
331320,0
331321,0
331322,0
331323,0
331324,0
331325,0
331326,0
331327,1
331328,0
331329,0
331330,0
331331,3
331332,0
331333,0
331334,2
331335,0
331336,2
331337,0
331338,0
331339,0
331340,0
331341,0
331342,2
331343,0
331344,0
331345,1
331346,0
331347,0
331348,0
331349,0
331350,0
331351,0
331352,0
331353,0
331354,0
331355,0
331356,2
331357,0
331358,0
331359,0
331360,0
331361,0
331362,0
331363,0
331364,0
331365,0
331366,0
331367,0
331368,0
331369,0
331370,3
331371,0
331372,0
331373,0
331374,0
331375,0
331376,0
331377,0
331378,5
331379,0
331380,0
331381,0
331382,0
331383,1
331384,0
331385,0
331386,0
331387,2
331388,3
331389,0
331390,0
331391,0
331392,0
331393,0
331394,0
331395,0
331396,5
331397,4
331398,0
331399,1
331400,0
331401,0
331402,0
331403,0
331404,0
331405,0
331406,0
331407,1
331408,0
331409,2
331410,0
331411,0
331412,0
331413,0
331414,0
331415,0
331416,0
331417,0
331418,0
331419,0
331420,3
331421,0
331422,0
331423,0
331424,0
331425,0
331426,0
331427,0
331428,0
331429,0
331430,0
331431,0
331432,0
331433,1
331434,0
331435,0
331436,0
331437,0
331438,0
331439,0
331440,0
331441,0
331442,0
331443,0
331444,0
331445,0
331446,1
331447,0
331448,7
331449,0
331450,0
331451,0
331452,0
331453,0
331454,0
331455,0
331456,1
331457,1
331458,0
331459,0
331460,0
331461,2
331462,0
331463,0
331464,0
331465,0
331466,0
331467,1
331468,0
331469,0
331470,0
331471,0
331472,0
331473,0
331474,0
331475,0
331476,0
331477,0
331478,0
331479,0
331480,0
331481,0
331482,0
331483,0
331484,0
331485,0
331486,0
331487,0
331488,0
331489,0
331490,0
331491,0
331492,0
331493,4
331494,2
331495,0
331496,0
331497,0
331498,0
331499,0
331500,3
331501,0
331502,0
331503,0
331504,0
331505,0
331506,0
331507,0
331508,0
331509,0
331510,0
331511,0
331512,0
331513,0
331514,0
331515,0
331516,0
331517,0
331518,0
331519,2
331520,2
331521,0
331522,0
331523,0
331524,2
331525,0
331526,0
331527,0
331528,1
331529,0
331530,0
331531,1
331532,0
331533,0
331534,2
331535,0
331536,0
331537,0
331538,0
331539,0
331540,1
331541,2
331542,0
331543,0
331544,0
331545,0
331546,0
331547,0
331548,0
331549,0
331550,0
331551,0
331552,0
331553,0
331554,0
331555,0
331556,0
331557,0
331558,0
331559,0
331560,2
331561,0
331562,3
331563,1
331564,0
331565,0
331566,2
331567,0
331568,0
331569,0
331570,0
331571,5
331572,0
331573,0
331574,0
331575,0
331576,1
331577,0
331578,0
331579,1
331580,0
331581,0
331582,0
331583,0
331584,0
331585,0
331586,0
331587,0
331588,0
331589,0
331590,0
331591,0
331592,0
331593,0
331594,0
331595,0
331596,3
331597,1
331598,0
331599,2
331600,0
331601,0
331602,0
331603,0
331604,0
331605,0
331606,0
331607,0
331608,0
331609,0
331610,0
331611,0
331612,0
331613,0
331614,1
331615,0
331616,0
331617,1
331618,1
331619,2
331620,4
331621,0
331622,0
331623,0
331624,0
331625,0
331626,1
331627,0
331628,0
331629,0
331630,0
331631,0
331632,0
331633,2
331634,0
331635,0
331636,0
331637,0
331638,0
331639,0
331640,0
331641,0
331642,3
331643,0
331644,0
331645,0
331646,0
331647,0
331648,0
331649,0
331650,0
331651,2
331652,0
331653,0
331654,0
331655,3
331656,0
331657,4
331658,0
331659,0
331660,0
331661,0
331662,0
331663,0
331664,0
331665,0
331666,0
331667,0
331668,0
331669,0
331670,0
331671,0
331672,0
331673,0
331674,0
331675,0
331676,0
331677,0
331678,0
331679,0
331680,0
331681,0
331682,0
331683,0
331684,0
331685,0
331686,0
331687,0
331688,0
331689,0
331690,0
331691,0
331692,0
331693,0
331694,0
331695,0
331696,0
331697,0
331698,0
331699,0
331700,0
331701,0
331702,0
331703,0
331704,0
331705,0
331706,0
331707,0
331708,0
331709,0
331710,0
331711,0
331712,0
331713,0
331714,3
331715,0
331716,0
331717,0
331718,0
331719,1
331720,0
331721,0
331722,0
331723,0
331724,0
331725,0
331726,0
331727,0
331728,0
331729,4
331730,0
331731,0
331732,5
331733,2
331734,0
331735,0
331736,0
331737,0
331738,0
331739,0
331740,0
331741,0
331742,0
331743,0
331744,0
331745,2
331746,0
331747,0
331748,1
331749,0
331750,0
331751,0
331752,0
331753,2
331754,2
331755,0
331756,0
331757,0
331758,0
331759,0
331760,1
331761,0
331762,0
331763,0
331764,0
331765,0
331766,4
331767,0
331768,2
331769,1
331770,0
331771,0
331772,0
331773,3
331774,0
331775,0
331776,0
331777,2
331778,0
331779,0
331780,0
331781,0
331782,1
331783,0
331784,3
331785,0
331786,0
331787,0
331788,0
331789,0
331790,0
331791,0
331792,0
331793,0
331794,4
331795,0
331796,0
331797,0
331798,0
331799,0
331800,0
331801,0
331802,2
331803,0
331804,0
331805,4
331806,0
331807,0
331808,0
331809,0
331810,0
331811,0
331812,0
331813,0
331814,0
331815,0
331816,0
331817,1
331818,0
331819,0
331820,0
331821,0
331822,0
331823,0
331824,0
331825,0
331826,0
331827,0
331828,0
331829,0
331830,0
331831,0
331832,0
331833,0
331834,2
331835,0
331836,0
331837,0
331838,0
331839,0
331840,0
331841,0
331842,5
331843,0
331844,0
331845,0
331846,2
331847,0
331848,0
331849,0
331850,0
331851,0
331852,0
331853,0
331854,0
331855,0
331856,0
331857,0
331858,0
331859,0
331860,0
331861,0
331862,0
331863,0
331864,0
331865,1
331866,0
331867,3
331868,3
331869,0
331870,0
331871,0
331872,0
331873,0
331874,3
331875,1
331876,0
331877,0
331878,0
331879,0
331880,0
331881,0
331882,3
331883,0
331884,0
331885,0
331886,0
331887,0
331888,1
331889,0
331890,0
331891,0
331892,0
331893,0
331894,0
331895,0
331896,3
331897,0
331898,2
331899,0
331900,0
331901,0
331902,0
331903,0
331904,2
331905,0
331906,0
331907,0
331908,0
331909,0
331910,0
331911,0
331912,0
331913,0
331914,0
331915,3
331916,4
331917,0
331918,0
331919,3
331920,0
331921,0
331922,3
331923,0
331924,0
331925,0
331926,0
331927,0
331928,3
331929,1
331930,0
331931,0
331932,1
331933,0
331934,0
331935,0
331936,0
331937,0
331938,0
331939,0
331940,1
331941,0
331942,0
331943,0
331944,0
331945,0
331946,0
331947,0
331948,0
331949,2
331950,0
331951,0
331952,0
331953,0
331954,0
331955,0
331956,0
331957,0
331958,0
331959,0
331960,0
331961,19
331962,19
331963,0
331964,22
331965,0
331966,0
331967,0
331968,0
331969,0
331970,0
331971,0
331972,0
331973,0
331974,0
331975,0
331976,0
331977,0
331978,0
331979,0
331980,0
331981,0
331982,0
331983,0
331984,0
331985,16
331986,0
331987,16
331988,0
331989,0
331990,0
331991,14
331992,0
331993,0
331994,0
331995,0
331996,0
331997,0
331998,0
331999,0
332000,0
332001,13
332002,13
332003,0
332004,0
332005,0
332006,0
332007,25
332008,0
332009,0
332010,19
332011,21
332012,0
332013,0
332014,0
332015,0
332016,0
332017,0
332018,0
332019,0
332020,0
332021,0
332022,0
332023,0
332024,0
332025,0
332026,0
332027,0
332028,0
332029,12
332030,0
332031,0
332032,0
332033,0
332034,0
332035,0
332036,0
332037,0
332038,0
332039,0
332040,0
332041,0
332042,0
332043,0
332044,0
332045,0
332046,0
332047,0
332048,29
332049,18
332050,0
332051,0
332052,0
332053,0
332054,0
332055,0
332056,0
332057,0
332058,0
332059,0
332060,15
332061,18
332062,0
332063,0
332064,25
332065,0
332066,0
332067,15
332068,0
332069,0
332070,0
332071,0
332072,0
332073,0
332074,0
332075,0
332076,0
332077,0
332078,0
332079,0
332080,0
332081,0
332082,0
332083,0
332084,0
332085,0
332086,13
332087,0
332088,0
332089,0
332090,0
332091,0
332092,0
332093,0
332094,0
332095,0
332096,0
332097,0
332098,0
332099,0
332100,0
332101,0
332102,0
332103,0
332104,26
332105,0
332106,0
332107,0
332108,20
332109,0
332110,15
332111,0
332112,0
332113,0
332114,0
332115,0
332116,0
332117,0
332118,0
332119,0
332120,0
332121,0
332122,0
332123,16
332124,0
332125,0
332126,0
332127,0
332128,0
332129,20
332130,0
332131,0
332132,0
332133,17
332134,0
332135,0
332136,0
332137,15
332138,0
332139,0
332140,0
332141,0
332142,0
332143,0
332144,0
332145,0
332146,0
332147,0
332148,0
332149,0
332150,0
332151,0
332152,13
332153,0
332154,0
332155,0
332156,0
332157,0
332158,0
332159,0
332160,16
332161,0
332162,0
332163,0
332164,19
332165,0
332166,0
332167,19
332168,0
332169,0
332170,0
332171,0
332172,0
332173,0
332174,0
332175,0
332176,0
332177,15
332178,0
332179,22
332180,23
332181,0
332182,0
332183,0
332184,0
332185,0
332186,0
332187,0
332188,0
332189,0
332190,0
332191,0
332192,19
332193,0
332194,0
332195,0
332196,0
332197,0
332198,0
332199,0
332200,18
332201,0
332202,0
332203,25
332204,0
332205,0
332206,30
332207,0
332208,21
332209,11
332210,0
332211,0
332212,0
332213,0
332214,0
332215,0
332216,0
332217,0
332218,0
332219,0
332220,0
332221,0
332222,0
332223,0
332224,0
332225,0
332226,0
332227,0
332228,0
332229,0
332230,0
332231,0
332232,0
332233,19
332234,0
332235,0
332236,0
332237,15
332238,0
332239,0
332240,0
332241,0
332242,17
332243,0
332244,0
332245,0
332246,0
332247,0
332248,0
332249,0
332250,0
332251,0
332252,0
332253,0
332254,0
332255,16
332256,0
332257,0
332258,0
332259,18
332260,0
332261,0
332262,0
332263,0
332264,0
332265,0
332266,0
332267,16
332268,0
332269,0
332270,0
332271,0
332272,14
332273,0
332274,0
332275,0
332276,0
332277,0
332278,0
332279,0
332280,0
332281,0
332282,0
332283,0
332284,0
332285,0
332286,0
332287,18
332288,0
332289,0
332290,0
332291,0
332292,0
332293,0
332294,0
332295,0
332296,0
332297,0
332298,22
332299,0
332300,0
332301,0
332302,0
332303,0
332304,0
332305,0
332306,0
332307,0
332308,0
332309,0
332310,0
332311,0
332312,0
332313,0
332314,17
332315,0
332316,0
332317,0
332318,0
332319,0
332320,16
332321,16
332322,0
332323,0
332324,0
332325,0
332326,0
332327,12
332328,0
332329,0
332330,0
332331,0
332332,0
332333,16
332334,0
332335,0
332336,0
332337,0
332338,0
332339,0
332340,0
332341,0
332342,9
332343,0
332344,13
332345,0
332346,0
332347,0
332348,16
332349,19
332350,18
332351,0
332352,0
332353,0
332354,0
332355,0
332356,0
332357,18
332358,0
332359,0
332360,0
332361,0
332362,0
332363,0
332364,0
332365,0
332366,18
332367,0
332368,0
332369,0
332370,0
332371,0
332372,0
332373,22
332374,0
332375,0
332376,0
332377,0
332378,0
332379,0
332380,0
332381,16
332382,0
332383,0
332384,0
332385,14
332386,0
332387,0
332388,20
332389,0
332390,0
332391,0
332392,0
332393,0
332394,0
332395,12
332396,0
332397,0
332398,0
332399,0
332400,0
332401,0
332402,0
332403,0
332404,25
332405,0
332406,0
332407,0
332408,0
332409,0
332410,0
332411,0
332412,0
332413,19
332414,0
332415,11
332416,15
332417,0
332418,0
332419,19
332420,0
332421,0
332422,0
332423,0
332424,22
332425,0
332426,0
332427,0
332428,0
332429,0
332430,18
332431,0
332432,9
332433,0
332434,0
332435,0
332436,0
332437,0
332438,25
332439,0
332440,0
332441,0
332442,0
332443,0
332444,0
332445,26
332446,0
332447,0
332448,27
332449,0
332450,0
332451,0
332452,0
332453,18
332454,0
332455,0
332456,0
332457,0
332458,0
332459,0
332460,0
332461,22
332462,0
332463,0
332464,0
332465,0
332466,11
332467,0
332468,0
332469,0
332470,0
332471,0
332472,0
332473,0
332474,0
332475,0
332476,0
332477,17
332478,0
332479,0
332480,0
332481,0
332482,0
332483,0
332484,0
332485,0
332486,0
332487,0
332488,14
332489,22
332490,0
332491,0
332492,20
332493,0
332494,19
332495,0
332496,0
332497,0
332498,0
332499,0
332500,0
332501,0
332502,0
332503,0
332504,0
332505,0
332506,0
332507,0
332508,0
332509,0
332510,18
332511,0
332512,0
332513,0
332514,18
332515,0
332516,18
332517,0
332518,17
332519,0
332520,0
332521,0
332522,0
332523,0
332524,17
332525,0
332526,0
332527,0
332528,0
332529,15
332530,0
332531,18
332532,0
332533,0
332534,0
332535,0
332536,0
332537,0
332538,26
332539,0
332540,0
332541,0
332542,18
332543,0
332544,0
332545,0
332546,0
332547,0
332548,0
332549,21
332550,0
332551,0
332552,0
332553,0
332554,0
332555,0
332556,0
332557,0
332558,0
332559,0
332560,0
332561,0
332562,0
332563,0
332564,0
332565,0
332566,0
332567,0
332568,12
332569,22
332570,0
332571,0
332572,0
332573,0
332574,12
332575,0
332576,0
332577,0
332578,0
332579,22
332580,0
332581,0
332582,0
332583,0
332584,0
332585,16
332586,0
332587,0
332588,0
332589,0
332590,0
332591,0
332592,0
332593,21
332594,0
332595,0
332596,0
332597,0
332598,0
332599,0
332600,0
332601,0
332602,0
332603,17
332604,0
332605,0
332606,0
332607,0
332608,0
332609,24
332610,0
332611,0
332612,0
332613,0
332614,0
332615,0
332616,0
332617,0
332618,0
332619,0
332620,0
332621,0
332622,15
332623,0
332624,0
332625,0
332626,0
332627,0
332628,0
332629,0
332630,0
332631,0
332632,10
332633,0
332634,0
332635,0
332636,0
332637,0
332638,0
332639,0
332640,0
332641,0
332642,0
332643,0
332644,22
332645,0
332646,0
332647,0
332648,0
332649,0
332650,0
332651,16
332652,0
332653,0
332654,0
332655,0
332656,0
332657,0
332658,20
332659,17
332660,19
332661,0
332662,16
332663,0
332664,0
332665,0
332666,0
332667,0
332668,0
332669,0
332670,0
332671,13
332672,11
332673,0
332674,0
332675,20
332676,0
332677,0
332678,0
332679,22
332680,0
332681,0
332682,0
332683,0
332684,0
332685,0
332686,0
332687,0
332688,0
332689,0
332690,0
332691,0
332692,0
332693,0
332694,0
332695,0
332696,0
332697,15
332698,0
332699,0
332700,0
332701,0
332702,11
332703,0
332704,0
332705,9
332706,0
332707,0
332708,0
332709,0
332710,0
332711,0
332712,15
332713,0
332714,0
332715,0
332716,0
332717,0
332718,0
332719,0
332720,0
332721,0
332722,0
332723,0
332724,0
332725,0
332726,13
332727,0
332728,6
332729,0
332730,0
332731,0
332732,0
332733,0
332734,0
332735,0
332736,0
332737,0
332738,6
332739,11
332740,0
332741,0
332742,0
332743,0
332744,0
332745,0
332746,0
332747,0
332748,0
332749,0
332750,0
332751,0
332752,0
332753,12
332754,0
332755,19
332756,0
332757,0
332758,0
332759,13
332760,0
332761,0
332762,0
332763,0
332764,12
332765,35
332766,0
332767,15
332768,0
332769,0
332770,0
332771,0
332772,0
332773,0
332774,0
332775,0
332776,14
332777,0
332778,0
332779,0
332780,0
332781,0
332782,22
332783,14
332784,0
332785,6
332786,0
332787,0
332788,0
332789,0
332790,0
332791,0
332792,0
332793,0
332794,0
332795,6
332796,0
332797,0
332798,0
332799,0
332800,0
332801,0
332802,0
332803,20
332804,0
332805,0
332806,0
332807,20
332808,0
332809,0
332810,0
332811,0
332812,0
332813,0
332814,0
332815,0
332816,0
332817,0
332818,0
332819,0
332820,0
332821,0
332822,0
332823,6
332824,0
332825,0
332826,0
332827,0
332828,0
332829,0
332830,0
332831,0
332832,0
332833,7
332834,0
332835,13
332836,12
332837,0
332838,0
332839,0
332840,0
332841,0
332842,0
332843,0
332844,0
332845,0
332846,0
332847,5
332848,6
332849,0
332850,17
332851,0
332852,5
332853,0
332854,0
332855,0
332856,0
332857,0
332858,0
332859,8
332860,0
332861,10
332862,0
332863,0
332864,0
332865,0
332866,0
332867,0
332868,13
332869,0
332870,0
332871,0
332872,0
332873,0
332874,0
332875,12
332876,0
332877,11
332878,0
332879,0
332880,0
332881,0
332882,0
332883,0
332884,0
332885,0
332886,13
332887,0
332888,0
332889,10
332890,0
332891,18
332892,0
332893,0
332894,0
332895,0
332896,0
332897,14
332898,0
332899,0
332900,0
332901,0
332902,0
332903,0
332904,0
332905,0
332906,0
332907,0
332908,0
332909,0
332910,0
332911,0
332912,0
332913,0
332914,0
332915,0
332916,0
332917,0
332918,0
332919,0
332920,0
332921,17
332922,0
332923,11
332924,0
332925,0
332926,0
332927,0
332928,0
332929,0
332930,8
332931,0
332932,0
332933,0
332934,0
332935,0
332936,0
332937,0
332938,0
332939,0
332940,0
332941,11
332942,20
332943,0
332944,0
332945,0
332946,0
332947,0
332948,7
332949,0
332950,0
332951,0
332952,0
332953,0
332954,0
332955,3
332956,0
332957,0
332958,0
332959,0
332960,0
332961,12
332962,0
332963,0
332964,0
332965,0
332966,0
332967,0
332968,0
332969,9
332970,0
332971,0
332972,0
332973,0
332974,13
332975,0
332976,0
332977,0
332978,0
332979,0
332980,9
332981,0
332982,0
332983,0
332984,16
332985,0
332986,0
332987,0
332988,0
332989,0
332990,0
332991,13
332992,0
332993,0
332994,0
332995,8
332996,0
332997,0
332998,0
332999,0
333000,0
333001,0
333002,22
333003,0
333004,0
333005,0
333006,4
333007,0
333008,0
333009,12
333010,0
333011,0
333012,0
333013,0
333014,0
333015,0
333016,12
333017,0
333018,0
333019,0
333020,0
333021,0
333022,0
333023,0
333024,0
333025,9
333026,0
333027,0
333028,0
333029,0
333030,0
333031,0
333032,0
333033,0
333034,0
333035,0
333036,0
333037,0
333038,0
333039,0
333040,0
333041,0
333042,0
333043,11
333044,0
333045,0
333046,8
333047,0
333048,0
333049,0
333050,0
333051,0
333052,0
333053,3
333054,0
333055,0
333056,0
333057,0
333058,0
333059,0
333060,0
333061,0
333062,7
333063,0
333064,0
333065,0
333066,0
333067,0
333068,0
333069,0
333070,0
333071,9
333072,0
333073,0
333074,0
333075,0
333076,0
333077,0
333078,0
333079,0
333080,31
333081,0
333082,0
333083,0
333084,0
333085,0
333086,0
333087,0
333088,31
333089,0
333090,0
333091,0
333092,0
333093,0
333094,0
333095,0
333096,0
333097,0
333098,0
333099,0
333100,0
333101,0
333102,0
333103,0
333104,0
333105,0
333106,0
333107,0
333108,0
333109,0
333110,0
333111,0
333112,0
333113,0
333114,0
333115,0
333116,0
333117,0
333118,0
333119,0
333120,28
333121,0
333122,0
333123,0
333124,0
333125,0
333126,0
333127,0
333128,30
333129,0
333130,0
333131,0
333132,29
333133,0
333134,0
333135,29
333136,0
333137,0
333138,0
333139,0
333140,0
333141,0
333142,0
333143,0
333144,0
333145,0
333146,0
333147,0
333148,0
333149,0
333150,0
333151,0
333152,31
333153,0
333154,30
333155,0
333156,0
333157,0
333158,30
333159,0
333160,0
333161,0
333162,0
333163,0
333164,0
333165,0
333166,0
333167,0
333168,21
333169,0
333170,0
333171,0
333172,0
333173,0
333174,0
333175,0
333176,30
333177,0
333178,0
333179,0
333180,12
333181,0
333182,0
333183,0
333184,0
333185,0
333186,0
333187,0
333188,0
333189,23
333190,0
333191,0
333192,0
333193,0
333194,0
333195,37
333196,0
333197,0
333198,34
333199,0
333200,0
333201,0
333202,0
333203,0
333204,0
333205,0
333206,0
333207,0
333208,0
333209,0
333210,41
333211,0
333212,0
333213,0
333214,0
333215,0
333216,0
333217,0
333218,0
333219,11
333220,0
333221,0
333222,0
333223,0
333224,0
333225,0
333226,0
333227,0
333228,0
333229,0
333230,0
333231,0
333232,0
333233,0
333234,0
333235,0
333236,0
333237,0
333238,0
333239,45
333240,0
333241,0
333242,0
333243,0
333244,0
333245,0
333246,29
333247,0
333248,24
333249,0
333250,0
333251,0
333252,0
333253,0
333254,0
333255,0
333256,0
333257,0
333258,0
333259,0
333260,0
333261,0
333262,0
333263,0
333264,0
333265,0
333266,0
333267,0
333268,0
333269,28
333270,0
333271,32
333272,0
333273,0
333274,0
333275,0
333276,0
333277,0
333278,0
333279,0
333280,0
333281,0
333282,0
333283,0
333284,0
333285,0
333286,0
333287,0
333288,0
333289,0
333290,0
333291,0
333292,0
333293,32
333294,0
333295,0
333296,29
333297,0
333298,0
333299,0
333300,0
333301,0
333302,0
333303,0
333304,48
333305,0
333306,0
333307,35
333308,0
333309,0
333310,0
333311,0
333312,31
333313,0
333314,0
333315,0
333316,0
333317,0
333318,0
333319,0
333320,0
333321,0
333322,0
333323,0
333324,0
333325,0
333326,0
333327,0
333328,0
333329,42
333330,20
333331,0
333332,0
333333,0
333334,0
333335,0
333336,0
333337,42
333338,0
333339,0
333340,0
333341,0
333342,0
333343,0
333344,0
333345,19
333346,0
333347,19
333348,0
333349,0
333350,0
333351,0
333352,0
333353,0
333354,0
333355,0
333356,0
333357,0
333358,0
333359,0
333360,0
333361,0
333362,0
333363,0
333364,0
333365,0
333366,0
333367,0
333368,0
333369,0
333370,0
333371,0
333372,0
333373,0
333374,0
333375,0
333376,0
333377,0
333378,0
333379,0
333380,0
333381,0
333382,0
333383,25
333384,0
333385,0
333386,0
333387,0
333388,0
333389,0
333390,0
333391,0
333392,0
333393,0
333394,0
333395,0
333396,0
333397,0
333398,0
333399,0
333400,57
333401,18
333402,0
333403,38
333404,0
333405,0
333406,0
333407,21
333408,0
333409,30
333410,32
333411,0
333412,0
333413,0
333414,0
333415,0
333416,0
333417,0
333418,0
333419,25
333420,0
333421,0
333422,0
333423,0
333424,0
333425,0
333426,0
333427,0
333428,0
333429,31
333430,0
333431,0
333432,0
333433,0
333434,0
333435,0
333436,0
333437,0
333438,0
333439,0
333440,0
333441,0
333442,0
333443,0
333444,0
333445,0
333446,0
333447,0
333448,0
333449,0
333450,0
333451,11
333452,0
333453,25
333454,0
333455,0
333456,0
333457,0
333458,0
333459,0
333460,0
333461,0
333462,0
333463,0
333464,0
333465,0
333466,0
333467,0
333468,0
333469,0
333470,0
333471,0
333472,0
333473,0
333474,0
333475,0
333476,0
333477,0
333478,0
333479,0
333480,0
333481,0
333482,0
333483,0
333484,0
333485,0
333486,0
333487,0
333488,0
333489,0
333490,0
333491,0
333492,0
333493,0
333494,1
333495,0
333496,0
333497,0
333498,0
333499,0
333500,0
333501,0
333502,0
333503,0
333504,0
333505,0
333506,0
333507,0
333508,0
333509,0
333510,1
333511,0
333512,0
333513,0
333514,0
333515,0
333516,0
333517,0
333518,0
333519,0
333520,0
333521,0
333522,0
333523,0
333524,0
333525,0
333526,0
333527,0
333528,0
333529,0
333530,0
333531,0
333532,0
333533,0
333534,0
333535,0
333536,0
333537,0
333538,0
333539,0
333540,0
333541,0
333542,0
333543,0
333544,0
333545,0
333546,0
333547,0
333548,0
333549,0
333550,0
333551,0
333552,0
333553,0
333554,0
333555,0
333556,0
333557,0
333558,0
333559,0
333560,0
333561,0
333562,0
333563,0
333564,0
333565,0
333566,0
333567,0
333568,0
333569,0
333570,0
333571,0
333572,0
333573,0
333574,0
333575,0
333576,0
333577,0
333578,0
333579,0
333580,0
333581,0
333582,0
333583,0
333584,0
333585,0
333586,0
333587,0
333588,0
333589,0
333590,0
333591,0
333592,0
333593,0
333594,0
333595,0
333596,0
333597,0
333598,0
333599,0
333600,0
333601,0
333602,0
333603,0
333604,0
333605,0
333606,0
333607,0
333608,0
333609,0
333610,0
333611,0
333612,0
333613,0
333614,0
333615,0
333616,0
333617,0
333618,0
333619,0
333620,0
333621,0
333622,0
333623,0
333624,0
333625,0
333626,0
333627,0
333628,0
333629,0
333630,0
333631,0
333632,0
333633,0
333634,0
333635,0
333636,0
333637,0
333638,0
333639,0
333640,0
333641,0
333642,0
333643,0
333644,0
333645,0
333646,0
333647,0
333648,0
333649,0
333650,0
333651,0
333652,0
333653,0
333654,0
333655,0
333656,0
333657,0
333658,0
333659,0
333660,0
333661,0
333662,0
333663,0
333664,0
333665,0
333666,0
333667,0
333668,0
333669,0
333670,0
333671,0
333672,0
333673,0
333674,0
333675,0
333676,0
333677,0
333678,0
333679,0
333680,0
333681,0
333682,0
333683,0
333684,0
333685,0
333686,0
333687,0
333688,0
333689,0
333690,0
333691,0
333692,0
333693,0
333694,0
333695,0
333696,0
333697,0
333698,0
333699,0
333700,0
333701,0
333702,0
333703,0
333704,0
333705,0
333706,0
333707,0
333708,0
333709,0
333710,0
333711,0
333712,0
333713,0
333714,0
333715,0
333716,0
333717,0
333718,0
333719,0
333720,0
333721,0
333722,0
333723,0
333724,0
333725,0
333726,0
333727,0
333728,0
333729,0
333730,0
333731,0
333732,0
333733,0
333734,0
333735,0
333736,0
333737,0
333738,0
333739,0
333740,0
333741,0
333742,0
333743,0
333744,0
333745,0
333746,0
333747,0
333748,0
333749,0
333750,0
333751,0
333752,0
333753,0
333754,0
333755,0
333756,0
333757,0
333758,0
333759,0
333760,0
333761,0
333762,0
333763,0
333764,0
333765,0
333766,0
333767,0
333768,0
333769,0
333770,0
333771,0
333772,0
333773,1
333774,0
333775,0
333776,0
333777,0
333778,0
333779,0
333780,0
333781,0
333782,0
333783,1
333784,0
333785,0
333786,0
333787,0
333788,0
333789,0
333790,0
333791,0
333792,0
333793,0
333794,0
333795,0
333796,0
333797,0
333798,0
333799,0
333800,0
333801,0
333802,0
333803,0
333804,0
333805,0
333806,0
333807,0
333808,0
333809,0
333810,0
333811,0
333812,0
333813,0
333814,0
333815,0
333816,0
333817,0
333818,0
333819,0
333820,0
333821,0
333822,0
333823,0
333824,0
333825,0
333826,0
333827,0
333828,0
333829,0
333830,0
333831,0
333832,0
333833,0
333834,0
333835,0
333836,0
333837,1
333838,0
333839,0
333840,0
333841,0
333842,0
333843,0
333844,0
333845,0
333846,0
333847,0
333848,0
333849,0
333850,0
333851,0
333852,0
333853,0
333854,0
333855,0
333856,0
333857,0
333858,0
333859,0
333860,0
333861,0
333862,0
333863,0
333864,0
333865,0
333866,0
333867,0
333868,0
333869,0
333870,0
333871,0
333872,0
333873,0
333874,0
333875,0
333876,0
333877,0
333878,0
333879,0
333880,0
333881,0
333882,0
333883,0
333884,0
333885,0
333886,0
333887,0
333888,0
333889,0
333890,0
333891,1
333892,0
333893,0
333894,0
333895,0
333896,0
333897,0
333898,0
333899,0
333900,0
333901,0
333902,0
333903,0
333904,0
333905,0
333906,0
333907,0
333908,0
333909,0
333910,0
333911,0
333912,0
333913,0
333914,0
333915,0
333916,0
333917,0
333918,0
333919,0
333920,0
333921,0
333922,0
333923,0
333924,0
333925,0
333926,0
333927,0
333928,0
333929,0
333930,0
333931,0
333932,0
333933,0
333934,0
333935,0
333936,0
333937,0
333938,0
333939,0
333940,0
333941,0
333942,0
333943,0
333944,0
333945,0
333946,0
333947,0
333948,0
333949,0
333950,0
333951,0
333952,0
333953,0
333954,0
333955,0
333956,0
333957,0
333958,0
333959,0
333960,0
333961,0
333962,0
333963,0
333964,0
333965,0
333966,0
333967,0
333968,0
333969,0
333970,0
333971,0
333972,0
333973,0
333974,0
333975,0
333976,0
333977,0
333978,0
333979,0
333980,0
333981,0
333982,0
333983,0
333984,0
333985,0
333986,0
333987,0
333988,0
333989,0
333990,0
333991,0
333992,0
333993,0
333994,0
333995,0
333996,0
333997,0
333998,0
333999,0
334000,0
334001,0
334002,0
334003,0
334004,0
334005,0
334006,0
334007,0
334008,0
334009,0
334010,0
334011,0
334012,3
334013,0
334014,0
334015,0
334016,0
334017,0
334018,0
334019,0
334020,0
334021,2
334022,0
334023,2
334024,8
334025,0
334026,0
334027,0
334028,0
334029,0
334030,5
334031,0
334032,0
334033,0
334034,0
334035,0
334036,0
334037,0
334038,0
334039,0
334040,0
334041,0
334042,0
334043,8
334044,0
334045,0
334046,2
334047,0
334048,0
334049,9
334050,4
334051,0
334052,0
334053,2
334054,0
334055,4
334056,0
334057,0
334058,0
334059,0
334060,0
334061,2
334062,2
334063,0
334064,0
334065,0
334066,0
334067,11
334068,0
334069,0
334070,7
334071,0
334072,0
334073,0
334074,0
334075,0
334076,0
334077,0
334078,0
334079,0
334080,0
334081,0
334082,4
334083,0
334084,5
334085,0
334086,0
334087,0
334088,0
334089,0
334090,0
334091,0
334092,0
334093,0
334094,2
334095,7
334096,7
334097,0
334098,5
334099,0
334100,0
334101,0
334102,0
334103,0
334104,0
334105,0
334106,0
334107,0
334108,4
334109,0
334110,8
334111,0
334112,0
334113,0
334114,0
334115,0
334116,7
334117,0
334118,0
334119,0
334120,0
334121,0
334122,0
334123,0
334124,0
334125,0
334126,0
334127,0
334128,0
334129,0
334130,0
334131,0
334132,0
334133,0
334134,3
334135,0
334136,0
334137,0
334138,0
334139,0
334140,0
334141,0
334142,0
334143,0
334144,4
334145,0
334146,0
334147,3
334148,0
334149,0
334150,0
334151,3
334152,0
334153,3
334154,0
334155,0
334156,4
334157,0
334158,0
334159,0
334160,0
334161,0
334162,0
334163,0
334164,0
334165,0
334166,0
334167,4
334168,0
334169,0
334170,0
334171,0
334172,0
334173,0
334174,0
334175,0
334176,3
334177,0
334178,0
334179,3
334180,0
334181,0
334182,0
334183,0
334184,0
334185,0
334186,0
334187,0
334188,0
334189,0
334190,6
334191,0
334192,0
334193,0
334194,0
334195,0
334196,0
334197,3
334198,0
334199,0
334200,0
334201,0
334202,0
334203,0
334204,4
334205,0
334206,0
334207,0
334208,0
334209,0
334210,0
334211,0
334212,0
334213,0
334214,0
334215,0
334216,0
334217,0
334218,0
334219,0
334220,0
334221,0
334222,3
334223,0
334224,0
334225,0
334226,4
334227,0
334228,0
334229,0
334230,2
334231,0
334232,0
334233,0
334234,0
334235,0
334236,0
334237,0
334238,0
334239,0
334240,6
334241,5
334242,0
334243,0
334244,0
334245,6
334246,0
334247,2
334248,0
334249,0
334250,0
334251,0
334252,0
334253,0
334254,0
334255,0
334256,0
334257,4
334258,0
334259,0
334260,0
334261,0
334262,0
334263,0
334264,11
334265,0
334266,2
334267,0
334268,0
334269,0
334270,5
334271,0
334272,0
334273,0
334274,0
334275,0
334276,0
334277,0
334278,0
334279,0
334280,0
334281,5
334282,0
334283,0
334284,0
334285,0
334286,0
334287,0
334288,0
334289,0
334290,0
334291,0
334292,0
334293,0
334294,0
334295,0
334296,0
334297,0
334298,0
334299,0
334300,0
334301,4
334302,0
334303,2
334304,0
334305,0
334306,0
334307,0
334308,0
334309,3
334310,0
334311,0
334312,0
334313,1
334314,0
334315,0
334316,0
334317,0
334318,0
334319,3
334320,0
334321,0
334322,0
334323,0
334324,0
334325,0
334326,0
334327,3
334328,4
334329,0
334330,0
334331,0
334332,0
334333,0
334334,0
334335,0
334336,0
334337,0
334338,0
334339,5
334340,0
334341,5
334342,0
334343,1
334344,0
334345,0
334346,0
334347,2
334348,0
334349,0
334350,0
334351,0
334352,0
334353,0
334354,0
334355,0
334356,0
334357,0
334358,0
334359,0
334360,0
334361,0
334362,10
334363,0
334364,0
334365,0
334366,0
334367,0
334368,0
334369,0
334370,0
334371,0
334372,0
334373,0
334374,0
334375,0
334376,5
334377,0
334378,0
334379,0
334380,0
334381,0
334382,0
334383,0
334384,4
334385,0
334386,0
334387,0
334388,0
334389,6
334390,9
334391,0
334392,0
334393,0
334394,0
334395,0
334396,0
334397,0
334398,3
334399,0
334400,0
334401,4
334402,0
334403,0
334404,0
334405,0
334406,2
334407,0
334408,0
334409,0
334410,0
334411,3
334412,0
334413,0
334414,0
334415,0
334416,0
334417,0
334418,0
334419,0
334420,0
334421,0
334422,0
334423,5
334424,0
334425,5
334426,0
334427,1
334428,0
334429,2
334430,0
334431,0
334432,0
334433,0
334434,0
334435,3
334436,5
334437,0
334438,0
334439,0
334440,0
334441,0
334442,0
334443,0
334444,0
334445,0
334446,0
334447,2
334448,7
334449,0
334450,0
334451,0
334452,0
334453,0
334454,2
334455,0
334456,0
334457,0
334458,4
334459,0
334460,3
334461,0
334462,0
334463,0
334464,0
334465,0
334466,0
334467,0
334468,4
334469,0
334470,0
334471,0
334472,0
334473,0
334474,4
334475,0
334476,0
334477,0
334478,0
334479,0
334480,0
334481,8
334482,0
334483,0
334484,4
334485,0
334486,2
334487,0
334488,0
334489,0
334490,0
334491,0
334492,0
334493,0
334494,0
334495,2
334496,0
334497,0
334498,0
334499,0
334500,0
334501,5
334502,0
334503,4
334504,0
334505,0
334506,0
334507,0
334508,0
334509,6
334510,0
334511,0
334512,0
334513,0
334514,0
334515,0
334516,0
334517,0
334518,0
334519,3
334520,0
334521,0
334522,0
334523,7
334524,4
334525,0
334526,4
334527,0
334528,0
334529,0
334530,0
334531,0
334532,6
334533,0
334534,0
334535,0
334536,0
334537,0
334538,2
334539,0
334540,0
334541,0
334542,0
334543,0
334544,0
334545,0
334546,0
334547,0
334548,0
334549,0
334550,0
334551,6
334552,0
334553,0
334554,0
334555,0
334556,0
334557,0
334558,0
334559,0
334560,0
334561,0
334562,0
334563,6
334564,0
334565,0
334566,0
334567,0
334568,0
334569,0
334570,5
334571,0
334572,0
334573,5
334574,10
334575,0
334576,0
334577,0
334578,5
334579,0
334580,0
334581,0
334582,0
334583,0
334584,0
334585,0
334586,2
334587,0
334588,1
334589,0
334590,0
334591,2
334592,0
334593,0
334594,0
334595,0
334596,0
334597,0
334598,0
334599,0
334600,0
334601,3
334602,2
334603,5
334604,0
334605,0
334606,0
334607,0
334608,0
334609,0
334610,0
334611,0
334612,0
334613,0
334614,0
334615,7
334616,0
334617,0
334618,0
334619,0
334620,0
334621,4
334622,0
334623,0
334624,5
334625,0
334626,0
334627,0
334628,0
334629,0
334630,0
334631,0
334632,0
334633,2
334634,0
334635,0
334636,6
334637,0
334638,0
334639,6
334640,0
334641,0
334642,0
334643,0
334644,0
334645,0
334646,0
334647,0
334648,0
334649,0
334650,0
334651,0
334652,0
334653,9
334654,0
334655,0
334656,0
334657,0
334658,0
334659,0
334660,0
334661,0
334662,0
334663,0
334664,0
334665,0
334666,0
334667,0
334668,0
334669,0
334670,0
334671,5
334672,0
334673,0
334674,0
334675,0
334676,3
334677,0
334678,0
334679,0
334680,0
334681,0
334682,0
334683,0
334684,0
334685,0
334686,0
334687,0
334688,0
334689,0
334690,0
334691,3
334692,5
334693,0
334694,0
334695,0
334696,0
334697,0
334698,0
334699,0
334700,7
334701,0
334702,0
334703,0
334704,0
334705,0
334706,0
334707,0
334708,0
334709,8
334710,0
334711,0
334712,0
334713,0
334714,0
334715,11
334716,12
334717,0
334718,0
334719,0
334720,0
334721,0
334722,0
334723,0
334724,8
334725,0
334726,0
334727,0
334728,0
334729,0
334730,0
334731,9
334732,0
334733,0
334734,0
334735,0
334736,0
334737,0
334738,0
334739,0
334740,0
334741,14
334742,0
334743,14
334744,5
334745,0
334746,0
334747,0
334748,0
334749,0
334750,9
334751,8
334752,0
334753,0
334754,0
334755,0
334756,0
334757,0
334758,0
334759,0
334760,0
334761,0
334762,0
334763,0
334764,0
334765,0
334766,5
334767,0
334768,0
334769,14
334770,0
334771,0
334772,0
334773,0
334774,0
334775,11
334776,14
334777,11
334778,10
334779,0
334780,0
334781,0
334782,0
334783,0
334784,0
334785,0
334786,0
334787,8
334788,0
334789,6
334790,0
334791,0
334792,0
334793,0
334794,0
334795,14
334796,0
334797,0
334798,0
334799,0
334800,0
334801,0
334802,0
334803,0
334804,12
334805,0
334806,0
334807,0
334808,7
334809,0
334810,0
334811,0
334812,0
334813,8
334814,0
334815,0
334816,0
334817,8
334818,0
334819,0
334820,0
334821,0
334822,0
334823,0
334824,0
334825,0
334826,0
334827,13
334828,7
334829,0
334830,0
334831,0
334832,10
334833,0
334834,9
334835,0
334836,0
334837,9
334838,17
334839,9
334840,0
334841,0
334842,0
334843,7
334844,0
334845,0
334846,0
334847,0
334848,8
334849,0
334850,16
334851,8
334852,0
334853,0
334854,0
334855,0
334856,0
334857,0
334858,6
334859,0
334860,0
334861,0
334862,0
334863,5
334864,0
334865,0
334866,0
334867,13
334868,2
334869,0
334870,0
334871,0
334872,5
334873,6
334874,0
334875,0
334876,0
334877,14
334878,10
334879,0
334880,0
334881,0
334882,0
334883,0
334884,0
334885,0
334886,0
334887,14
334888,16
334889,0
334890,4
334891,0
334892,0
334893,0
334894,0
334895,0
334896,5
334897,0
334898,0
334899,0
334900,0
334901,0
334902,0
334903,0
334904,0
334905,0
334906,0
334907,0
334908,0
334909,0
334910,0
334911,18
334912,19
334913,12
334914,0
334915,0
334916,9
334917,0
334918,0
334919,0
334920,0
334921,0
334922,0
334923,0
334924,0
334925,13
334926,0
334927,10
334928,0
334929,0
334930,7
334931,0
334932,8
334933,0
334934,0
334935,0
334936,0
334937,0
334938,0
334939,0
334940,7
334941,0
334942,0
334943,0
334944,0
334945,0
334946,0
334947,0
334948,0
334949,0
334950,0
334951,0
334952,0
334953,0
334954,0
334955,0
334956,0
334957,7
334958,0
334959,0
334960,0
334961,0
334962,0
334963,0
334964,0
334965,8
334966,6
334967,0
334968,13
334969,0
334970,0
334971,0
334972,0
334973,0
334974,0
334975,18
334976,0
334977,0
334978,10
334979,0
334980,0
334981,0
334982,8
334983,0
334984,0
334985,17
334986,0
334987,0
334988,0
334989,0
334990,0
334991,10
334992,0
334993,0
334994,0
334995,12
334996,10
334997,0
334998,0
334999,0
335000,0
335001,0
335002,0
335003,6
335004,0
335005,0
335006,0
335007,13
335008,0
335009,0
335010,0
335011,9
335012,0
335013,11
335014,0
335015,0
335016,0
335017,0
335018,0
335019,0
335020,0
335021,0
335022,0
335023,0
335024,0
335025,0
335026,0
335027,0
335028,0
335029,0
335030,9
335031,0
335032,8
335033,5
335034,0
335035,0
335036,0
335037,0
335038,0
335039,0
335040,14
335041,0
335042,0
335043,0
335044,11
335045,0
335046,0
335047,0
335048,0
335049,0
335050,16
335051,0
335052,0
335053,0
335054,10
335055,0
335056,0
335057,0
335058,0
335059,0
335060,0
335061,0
335062,0
335063,7
335064,0
335065,0
335066,0
335067,6
335068,0
335069,0
335070,0
335071,12
335072,0
335073,8
335074,0
335075,0
335076,0
335077,12
335078,10
335079,0
335080,8
335081,0
335082,13
335083,0
335084,0
335085,0
335086,6
335087,0
335088,0
335089,0
335090,0
335091,0
335092,11
335093,0
335094,0
335095,0
335096,0
335097,0
335098,11
335099,0
335100,0
335101,0
335102,9
335103,21
335104,0
335105,0
335106,6
335107,10
335108,0
335109,0
335110,0
335111,0
335112,12
335113,0
335114,9
335115,0
335116,0
335117,19
335118,0
335119,8
335120,11
335121,8
335122,0
335123,0
335124,0
335125,0
335126,0
335127,0
335128,0
335129,0
335130,0
335131,9
335132,0
335133,0
335134,19
335135,0
335136,0
335137,15
335138,0
335139,9
335140,0
335141,0
335142,0
335143,0
335144,0
335145,0
335146,0
335147,0
335148,0
335149,0
335150,0
335151,0
335152,0
335153,0
335154,0
335155,0
335156,0
335157,0
335158,0
335159,7
335160,0
335161,0
335162,0
335163,0
335164,13
335165,0
335166,0
335167,0
335168,0
335169,0
335170,0
335171,0
335172,0
335173,0
335174,11
335175,0
335176,0
335177,0
335178,0
335179,0
335180,0
335181,0
335182,0
335183,11
335184,12
335185,0
335186,0
335187,11
335188,0
335189,10
335190,0
335191,0
335192,0
335193,0
335194,0
335195,0
335196,0
335197,0
335198,0
335199,0
335200,9
335201,0
335202,0
335203,0
335204,0
335205,0
335206,0
335207,15
335208,0
335209,7
335210,7
335211,16
335212,11
335213,0
335214,0
335215,7
335216,0
335217,0
335218,9
335219,12
335220,0
335221,0
335222,0
335223,0
335224,0
335225,10
335226,0
335227,0
335228,15
335229,0
335230,0
335231,0
335232,13
335233,0
335234,0
335235,0
335236,8
335237,0
335238,0
335239,0
335240,0
335241,0
335242,0
335243,0
335244,0
335245,0
335246,0
335247,0
335248,0
335249,0
335250,0
335251,0
335252,0
335253,9
335254,0
335255,0
335256,0
335257,0
335258,0
335259,0
335260,0
335261,0
335262,0
335263,0
335264,0
335265,0
335266,0
335267,0
335268,0
335269,0
335270,0
335271,7
335272,0
335273,0
335274,0
335275,0
335276,0
335277,19
335278,0
335279,0
335280,0
335281,12
335282,0
335283,0
335284,1
335285,0
335286,0
335287,0
335288,0
335289,14
335290,0
335291,0
335292,13
335293,0
335294,0
335295,16
335296,0
335297,0
335298,0
335299,11
335300,16
335301,0
335302,0
335303,0
335304,0
335305,0
335306,0
335307,0
335308,0
335309,0
335310,0
335311,0
335312,0
335313,14
335314,0
335315,0
335316,10
335317,0
335318,0
335319,0
335320,0
335321,0
335322,0
335323,0
335324,0
335325,14
335326,0
335327,0
335328,0
335329,0
335330,0
335331,0
335332,0
335333,11
335334,12
335335,0
335336,19
335337,0
335338,0
335339,9
335340,0
335341,0
335342,0
335343,0
335344,0
335345,11
335346,0
335347,0
335348,0
335349,0
335350,0
335351,0
335352,0
335353,0
335354,0
335355,0
335356,11
335357,11
335358,8
335359,0
335360,0
335361,0
335362,0
335363,0
335364,0
335365,0
335366,0
335367,0
335368,10
335369,0
335370,0
335371,0
335372,0
335373,0
335374,0
335375,0
335376,0
335377,0
335378,0
335379,0
335380,0
335381,9
335382,0
335383,0
335384,0
335385,0
335386,0
335387,0
335388,11
335389,0
335390,0
335391,3
335392,12
335393,0
335394,0
335395,0
335396,0
335397,0
335398,0
335399,0
335400,12
335401,0
335402,0
335403,0
335404,0
335405,11
335406,0
335407,0
335408,15
335409,0
335410,0
335411,13
335412,0
335413,0
335414,0
335415,0
335416,0
335417,0
335418,0
335419,0
335420,0
335421,0
335422,0
335423,0
335424,0
335425,0
335426,0
335427,0
335428,9
335429,0
335430,10
335431,10
335432,0
335433,0
335434,0
335435,0
335436,0
335437,18
335438,3
335439,0
335440,0
335441,0
335442,0
335443,0
335444,7
335445,0
335446,0
335447,0
335448,9
335449,10
335450,0
335451,0
335452,17
335453,0
335454,0
335455,5
335456,0
335457,0
335458,0
335459,0
335460,10
335461,0
335462,6
335463,0
335464,0
335465,8
335466,0
335467,0
335468,0
335469,7
335470,0
335471,0
335472,0
335473,0
335474,0
335475,0
335476,0
335477,5
335478,0
335479,0
335480,0
335481,0
335482,0
335483,0
335484,0
335485,6
335486,0
335487,9
335488,0
335489,0
335490,0
335491,0
335492,0
335493,0
335494,0
335495,0
335496,0
335497,0
335498,0
335499,5
335500,0
335501,0
335502,0
335503,0
335504,0
335505,0
335506,0
335507,0
335508,8
335509,0
335510,0
335511,0
335512,0
335513,0
335514,0
335515,0
335516,0
335517,0
335518,0
335519,0
335520,0
335521,0
335522,0
335523,0
335524,13
335525,0
335526,0
335527,0
335528,0
335529,0
335530,0
335531,0
335532,12
335533,0
335534,0
335535,0
335536,0
335537,0
335538,0
335539,0
335540,0
335541,0
335542,0
335543,19
335544,0
335545,0
335546,0
335547,0
335548,0
335549,0
335550,0
335551,0
335552,0
335553,0
335554,0
335555,0
335556,0
335557,0
335558,11
335559,7
335560,0
335561,17
335562,0
335563,0
335564,0
335565,0
335566,18
335567,0
335568,0
335569,0
335570,5
335571,0
335572,12
335573,0
335574,0
335575,11
335576,0
335577,0
335578,6
335579,0
335580,9
335581,10
335582,0
335583,14
335584,8
335585,0
335586,0
335587,0
335588,0
335589,0
335590,0
335591,0
335592,0
335593,0
335594,0
335595,0
335596,0
335597,0
335598,0
335599,0
335600,0
335601,0
335602,17
335603,0
335604,0
335605,0
335606,0
335607,6
335608,0
335609,0
335610,0
335611,0
335612,0
335613,0
335614,0
335615,0
335616,18
335617,0
335618,0
335619,0
335620,0
335621,0
335622,2
335623,0
335624,0
335625,0
335626,0
335627,0
335628,0
335629,0
335630,2
335631,0
335632,0
335633,0
335634,0
335635,0
335636,0
335637,0
335638,0
335639,0
335640,0
335641,0
335642,0
335643,0
335644,0
335645,0
335646,0
335647,0
335648,0
335649,0
335650,0
335651,0
335652,0
335653,0
335654,0
335655,0
335656,0
335657,0
335658,0
335659,0
335660,0
335661,0
335662,0
335663,2
335664,0
335665,0
335666,3
335667,0
335668,0
335669,0
335670,0
335671,7
335672,0
335673,0
335674,0
335675,0
335676,0
335677,0
335678,0
335679,3
335680,3
335681,0
335682,6
335683,0
335684,0
335685,8
335686,0
335687,0
335688,0
335689,0
335690,0
335691,0
335692,5
335693,0
335694,0
335695,0
335696,0
335697,0
335698,0
335699,0
335700,0
335701,0
335702,0
335703,0
335704,0
335705,0
335706,0
335707,0
335708,0
335709,0
335710,0
335711,0
335712,0
335713,0
335714,0
335715,0
335716,0
335717,0
335718,0
335719,0
335720,0
335721,16
335722,0
335723,0
335724,0
335725,0
335726,0
335727,0
335728,0
335729,0
335730,0
335731,0
335732,0
335733,4
335734,9
335735,0
335736,0
335737,0
335738,0
335739,7
335740,0
335741,0
335742,0
335743,0
335744,14
335745,0
335746,0
335747,0
335748,0
335749,0
335750,0
335751,0
335752,0
335753,0
335754,0
335755,0
335756,6
335757,0
335758,0
335759,0
335760,0
335761,0
335762,0
335763,0
335764,0
335765,0
335766,0
335767,0
335768,0
335769,0
335770,0
335771,0
335772,0
335773,0
335774,0
335775,0
335776,0
335777,0
335778,0
335779,0
335780,0
335781,0
335782,0
335783,6
335784,8
335785,0
335786,0
335787,0
335788,0
335789,0
335790,0
335791,0
335792,0
335793,0
335794,0
335795,0
335796,0
335797,0
335798,0
335799,0
335800,0
335801,0
335802,0
335803,0
335804,0
335805,0
335806,0
335807,0
335808,0
335809,6
335810,0
335811,0
335812,0
335813,0
335814,3
335815,0
335816,0
335817,0
335818,0
335819,0
335820,0
335821,0
335822,0
335823,0
335824,0
335825,0
335826,0
335827,0
335828,0
335829,10
335830,0
335831,0
335832,0
335833,0
335834,0
335835,0
335836,0
335837,0
335838,0
335839,0
335840,0
335841,0
335842,0
335843,9
335844,0
335845,0
335846,10
335847,0
335848,0
335849,0
335850,0
335851,0
335852,0
335853,0
335854,0
335855,0
335856,0
335857,5
335858,0
335859,0
335860,0
335861,3
335862,0
335863,0
335864,0
335865,0
335866,0
335867,0
335868,0
335869,0
335870,0
335871,0
335872,0
335873,0
335874,0
335875,0
335876,0
335877,0
335878,0
335879,0
335880,0
335881,0
335882,0
335883,0
335884,0
335885,0
335886,0
335887,0
335888,12
335889,0
335890,0
335891,0
335892,4
335893,0
335894,0
335895,0
335896,0
335897,0
335898,0
335899,0
335900,0
335901,0
335902,0
335903,0
335904,1
335905,0
335906,0
335907,0
335908,0
335909,0
335910,0
335911,0
335912,0
335913,0
335914,0
335915,18
335916,0
335917,0
335918,0
335919,0
335920,6
335921,0
335922,0
335923,0
335924,0
335925,0
335926,0
335927,0
335928,0
335929,0
335930,0
335931,0
335932,0
335933,0
335934,0
335935,0
335936,0
335937,0
335938,0
335939,0
335940,0
335941,0
335942,0
335943,0
335944,0
335945,11
335946,0
335947,0
335948,0
335949,0
335950,0
335951,0
335952,0
335953,0
335954,0
335955,0
335956,0
335957,0
335958,0
335959,0
335960,0
335961,0
335962,0
335963,0
335964,1
335965,0
335966,0
335967,11
335968,0
335969,0
335970,0
335971,0
335972,0
335973,2
335974,0
335975,0
335976,0
335977,0
335978,0
335979,0
335980,0
335981,0
335982,0
335983,0
335984,0
335985,3
335986,0
335987,0
335988,0
335989,0
335990,0
335991,0
335992,0
335993,0
335994,0
335995,6
335996,6
335997,0
335998,0
335999,0
336000,0
336001,0
336002,0
336003,0
336004,0
336005,0
336006,0
336007,0
336008,0
336009,0
336010,0
336011,0
336012,0
336013,0
336014,0
336015,0
336016,8
336017,0
336018,0
336019,0
336020,0
336021,0
336022,0
336023,0
336024,0
336025,0
336026,12
336027,0
336028,0
336029,0
336030,0
336031,0
336032,0
336033,0
336034,0
336035,0
336036,0
336037,0
336038,2
336039,0
336040,0
336041,0
336042,0
336043,3
336044,3
336045,0
336046,0
336047,0
336048,5
336049,0
336050,0
336051,0
336052,0
336053,0
336054,0
336055,0
336056,0
336057,0
336058,0
336059,0
336060,0
336061,0
336062,0
336063,0
336064,0
336065,0
336066,2
336067,0
336068,0
336069,0
336070,0
336071,0
336072,0
336073,0
336074,0
336075,0
336076,0
336077,0
336078,0
336079,0
336080,0
336081,0
336082,0
336083,0
336084,0
336085,0
336086,0
336087,0
336088,5
336089,0
336090,0
336091,0
336092,0
336093,0
336094,0
336095,0
336096,0
336097,0
336098,0
336099,11
336100,0
336101,0
336102,0
336103,0
336104,0
336105,0
336106,0
336107,0
336108,0
336109,9
336110,0
336111,0
336112,0
336113,0
336114,0
336115,0
336116,0
336117,0
336118,0
336119,0
336120,0
336121,7
336122,5
336123,11
336124,0
336125,0
336126,0
336127,0
336128,0
336129,0
336130,5
336131,0
336132,0
336133,9
336134,8
336135,8
336136,0
336137,6
336138,8
336139,0
336140,0
336141,0
336142,0
336143,0
336144,0
336145,0
336146,0
336147,0
336148,0
336149,0
336150,0
336151,0
336152,9
336153,0
336154,0
336155,0
336156,0
336157,0
336158,0
336159,0
336160,0
336161,0
336162,0
336163,0
336164,0
336165,0
336166,0
336167,8
336168,0
336169,0
336170,0
336171,0
336172,0
336173,0
336174,0
336175,0
336176,7
336177,0
336178,8
336179,1
336180,0
336181,4
336182,0
336183,0
336184,0
336185,0
336186,7
336187,0
336188,0
336189,0
336190,3
336191,0
336192,0
336193,0
336194,0
336195,0
336196,0
336197,0
336198,0
336199,0
336200,0
336201,3
336202,0
336203,0
336204,8
336205,0
336206,0
336207,0
336208,9
336209,0
336210,0
336211,0
336212,0
336213,0
336214,0
336215,0
336216,0
336217,0
336218,0
336219,0
336220,0
336221,0
336222,0
336223,0
336224,0
336225,0
336226,0
336227,0
336228,0
336229,0
336230,0
336231,0
336232,0
336233,0
336234,0
336235,9
336236,0
336237,0
336238,0
336239,0
336240,0
336241,0
336242,0
336243,0
336244,0
336245,0
336246,0
336247,0
336248,2
336249,0
336250,0
336251,0
336252,0
336253,0
336254,8
336255,0
336256,0
336257,3
336258,0
336259,0
336260,0
336261,0
336262,0
336263,0
336264,0
336265,0
336266,0
336267,0
336268,0
336269,0
336270,0
336271,0
336272,0
336273,0
336274,0
336275,0
336276,0
336277,0
336278,0
336279,0
336280,0
336281,3
336282,0
336283,0
336284,0
336285,0
336286,0
336287,0
336288,4
336289,0
336290,0
336291,0
336292,8
336293,0
336294,9
336295,17
336296,0
336297,0
336298,0
336299,0
336300,0
336301,0
336302,0
336303,8
336304,0
336305,0
336306,0
336307,0
336308,0
336309,0
336310,0
336311,8
336312,5
336313,0
336314,0
336315,0
336316,9
336317,0
336318,0
336319,5
336320,0
336321,0
336322,0
336323,0
336324,0
336325,0
336326,0
336327,0
336328,0
336329,0
336330,0
336331,0
336332,0
336333,0
336334,0
336335,0
336336,0
336337,0
336338,0
336339,0
336340,0
336341,0
336342,0
336343,0
336344,0
336345,0
336346,0
336347,0
336348,31
336349,0
336350,0
336351,0
336352,0
336353,0
336354,25
336355,0
336356,39
336357,0
336358,0
336359,28
336360,0
336361,0
336362,49
336363,0
336364,0
336365,41
336366,0
336367,0
336368,14
336369,0
336370,0
336371,0
336372,0
336373,0
336374,0
336375,28
336376,0
336377,0
336378,37
336379,0
336380,37
336381,0
336382,0
336383,0
336384,0
336385,0
336386,0
336387,0
336388,47
336389,0
336390,0
336391,0
336392,0
336393,15
336394,0
336395,0
336396,0
336397,0
336398,33
336399,0
336400,25
336401,0
336402,34
336403,0
336404,0
336405,0
336406,0
336407,0
336408,0
336409,0
336410,34
336411,0
336412,0
336413,0
336414,0
336415,0
336416,0
336417,0
336418,39
336419,0
336420,0
336421,0
336422,0
336423,0
336424,0
336425,0
336426,0
336427,0
336428,39
336429,0
336430,0
336431,0
336432,44
336433,0
336434,43
336435,0
336436,19
336437,37
336438,0
336439,0
336440,0
336441,0
336442,0
336443,0
336444,0
336445,0
336446,0
336447,0
336448,0
336449,0
336450,0
336451,0
336452,33
336453,0
336454,0
336455,0
336456,0
336457,0
336458,0
336459,0
336460,0
336461,0
336462,37
336463,0
336464,0
336465,0
336466,0
336467,0
336468,0
336469,0
336470,0
336471,0
336472,0
336473,0
336474,44
336475,0
336476,0
336477,0
336478,0
336479,0
336480,0
336481,0
336482,0
336483,0
336484,0
336485,0
336486,0
336487,0
336488,0
336489,0
336490,0
336491,0
336492,0
336493,0
336494,30
336495,0
336496,0
336497,42
336498,0
336499,0
336500,0
336501,43
336502,38
336503,30
336504,0
336505,0
336506,0
336507,0
336508,0
336509,0
336510,0
336511,0
336512,30
336513,0
336514,0
336515,0
336516,0
336517,34
336518,0
336519,0
336520,0
336521,41
336522,0
336523,0
336524,0
336525,0
336526,0
336527,44
336528,0
336529,33
336530,0
336531,0
336532,0
336533,0
336534,0
336535,0
336536,45
336537,0
336538,0
336539,0
336540,0
336541,0
336542,28
336543,0
336544,0
336545,0
336546,0
336547,0
336548,0
336549,0
336550,0
336551,0
336552,0
336553,0
336554,0
336555,0
336556,0
336557,0
336558,0
336559,0
336560,0
336561,31
336562,0
336563,0
336564,0
336565,0
336566,0
336567,0
336568,27
336569,0
336570,39
336571,0
336572,0
336573,0
336574,0
336575,0
336576,0
336577,0
336578,0
336579,0
336580,0
336581,0
336582,37
336583,0
336584,39
336585,0
336586,0
336587,0
336588,33
336589,30
336590,0
336591,0
336592,0
336593,0
336594,0
336595,0
336596,0
336597,43
336598,0
336599,0
336600,0
336601,0
336602,0
336603,0
336604,0
336605,0
336606,0
336607,0
336608,0
336609,0
336610,0
336611,31
336612,0
336613,0
336614,46
336615,0
336616,0
336617,0
336618,0
336619,0
336620,0
336621,0
336622,0
336623,0
336624,0
336625,0
336626,40
336627,14
336628,39
336629,0
336630,0
336631,42
336632,0
336633,0
336634,0
336635,0
336636,35
336637,0
336638,29
336639,42
336640,0
336641,0
336642,0
336643,0
336644,0
336645,0
336646,0
336647,0
336648,0
336649,0
336650,42
336651,0
336652,44
336653,0
336654,0
336655,0
336656,0
336657,0
336658,0
336659,0
336660,44
336661,0
336662,31
336663,0
336664,0
336665,0
336666,0
336667,0
336668,0
336669,35
336670,0
336671,0
336672,0
336673,0
336674,0
336675,0
336676,0
336677,0
336678,0
336679,0
336680,34
336681,0
336682,0
336683,38
336684,0
336685,0
336686,30
336687,0
336688,0
336689,24
336690,0
336691,0
336692,0
336693,0
336694,36
336695,0
336696,0
336697,0
336698,0
336699,0
336700,21
336701,0
336702,0
336703,0
336704,0
336705,45
336706,0
336707,0
336708,0
336709,0
336710,0
336711,0
336712,0
336713,0
336714,0
336715,0
336716,30
336717,0
336718,0
336719,0
336720,16
336721,0
336722,37
336723,0
336724,0
336725,0
336726,0
336727,0
336728,0
336729,47
336730,0
336731,0
336732,0
336733,32
336734,41
336735,0
336736,0
336737,0
336738,0
336739,27
336740,0
336741,0
336742,0
336743,0
336744,0
336745,0
336746,0
336747,0
336748,0
336749,36
336750,0
336751,0
336752,0
336753,0
336754,0
336755,28
336756,0
336757,0
336758,36
336759,23
336760,0
336761,42
336762,0
336763,0
336764,0
336765,0
336766,0
336767,0
336768,60
336769,40
336770,34
336771,0
336772,25
336773,32
336774,42
336775,0
336776,0
336777,0
336778,0
336779,0
336780,0
336781,0
336782,30
336783,0
336784,0
336785,0
336786,0
336787,0
336788,0
336789,0
336790,0
336791,0
336792,0
336793,0
336794,0
336795,0
336796,0
336797,26
336798,48
336799,0
336800,26
336801,0
336802,0
336803,0
336804,47
336805,32
336806,0
336807,0
336808,0
336809,0
336810,0
336811,22
336812,0
336813,0
336814,0
336815,35
336816,0
336817,0
336818,0
336819,30
336820,24
336821,29
336822,0
336823,0
336824,0
336825,0
336826,0
336827,0
336828,0
336829,0
336830,0
336831,0
336832,0
336833,35
336834,0
336835,0
336836,0
336837,0
336838,0
336839,0
336840,0
336841,0
336842,0
336843,0
336844,0
336845,0
336846,0
336847,0
336848,0
336849,0
336850,29
336851,0
336852,0
336853,0
336854,0
336855,32
336856,0
336857,0
336858,0
336859,0
336860,0
336861,0
336862,0
336863,0
336864,0
336865,34
336866,0
336867,0
336868,0
336869,0
336870,0
336871,0
336872,0
336873,0
336874,35
336875,0
336876,0
336877,27
336878,0
336879,0
336880,37
336881,37
336882,39
336883,0
336884,0
336885,40
336886,0
336887,37
336888,0
336889,0
336890,0
336891,0
336892,0
336893,0
336894,0
336895,25
336896,0
336897,0
336898,0
336899,0
336900,0
336901,0
336902,0
336903,0
336904,0
336905,0
336906,0
336907,0
336908,26
336909,0
336910,0
336911,0
336912,0
336913,0
336914,0
336915,32
336916,0
336917,0
336918,0
336919,0
336920,0
336921,0
336922,0
336923,41
336924,0
336925,22
336926,0
336927,0
336928,0
336929,43
336930,0
336931,0
336932,0
336933,0
336934,0
336935,26
336936,0
336937,0
336938,0
336939,40
336940,33
336941,0
336942,0
336943,0
336944,0
336945,0
336946,0
336947,27
336948,0
336949,36
336950,44
336951,0
336952,0
336953,0
336954,0
336955,0
336956,0
336957,0
336958,0
336959,0
336960,47
336961,0
336962,45
336963,0
336964,40
336965,0
336966,50
336967,0
336968,0
336969,32
336970,0
336971,0
336972,0
336973,0
336974,33
336975,0
336976,24
336977,0
336978,0
336979,0
336980,0
336981,27
336982,0
336983,31
336984,0
336985,37
336986,0
336987,0
336988,0
336989,0
336990,0
336991,0
336992,0
336993,0
336994,0
336995,0
336996,0
336997,0
336998,0
336999,0
337000,0
337001,0
337002,0
337003,0
337004,22
337005,0
337006,24
337007,0
337008,0
337009,0
337010,27
337011,0
337012,0
337013,0
337014,30
337015,0
337016,0
337017,0
337018,22
337019,0
337020,0
337021,0
337022,0
337023,0
337024,0
337025,0
337026,0
337027,0
337028,0
337029,0
337030,0
337031,0
337032,0
337033,0
337034,0
337035,0
337036,0
337037,0
337038,0
337039,0
337040,0
337041,0
337042,0
337043,0
337044,0
337045,0
337046,0
337047,0
337048,0
337049,0
337050,0
337051,0
337052,36
337053,0
337054,0
337055,0
337056,0
337057,0
337058,0
337059,0
337060,25
337061,0
337062,0
337063,0
337064,0
337065,0
337066,0
337067,0
337068,0
337069,0
337070,0
337071,0
337072,0
337073,0
337074,0
337075,0
337076,0
337077,0
337078,0
337079,0
337080,0
337081,0
337082,0
337083,0
337084,0
337085,23
337086,0
337087,0
337088,0
337089,0
337090,18
337091,0
337092,0
337093,0
337094,0
337095,0
337096,18
337097,0
337098,0
337099,0
337100,0
337101,11
337102,0
337103,0
337104,0
337105,0
337106,0
337107,0
337108,0
337109,10
337110,9
337111,0
337112,15
337113,14
337114,0
337115,13
337116,17
337117,0
337118,18
337119,0
337120,0
337121,0
337122,0
337123,0
337124,0
337125,0
337126,7
337127,11
337128,0
337129,0
337130,7
337131,0
337132,0
337133,8
337134,0
337135,0
337136,0
337137,0
337138,0
337139,0
337140,0
337141,8
337142,13
337143,0
337144,0
337145,0
337146,3
337147,8
337148,0
337149,22
337150,0
337151,0
337152,18
337153,0
337154,0
337155,0
337156,0
337157,0
337158,0
337159,0
337160,0
337161,12
337162,0
337163,22
337164,0
337165,0
337166,0
337167,0
337168,0
337169,10
337170,0
337171,0
337172,0
337173,0
337174,0
337175,0
337176,0
337177,7
337178,0
337179,0
337180,10
337181,0
337182,0
337183,0
337184,0
337185,10
337186,0
337187,0
337188,14
337189,0
337190,0
337191,10
337192,0
337193,0
337194,0
337195,0
337196,0
337197,0
337198,0
337199,0
337200,0
337201,20
337202,0
337203,0
337204,0
337205,0
337206,0
337207,0
337208,0
337209,0
337210,0
337211,11
337212,0
337213,0
337214,0
337215,0
337216,0
337217,0
337218,0
337219,0
337220,0
337221,0
337222,0
337223,10
337224,17
337225,0
337226,0
337227,0
337228,0
337229,0
337230,0
337231,13
337232,0
337233,0
337234,14
337235,0
337236,0
337237,0
337238,0
337239,0
337240,0
337241,24
337242,0
337243,8
337244,0
337245,11
337246,13
337247,0
337248,0
337249,0
337250,0
337251,0
337252,0
337253,0
337254,0
337255,0
337256,0
337257,0
337258,0
337259,0
337260,0
337261,0
337262,0
337263,0
337264,0
337265,0
337266,0
337267,0
337268,0
337269,0
337270,0
337271,12
337272,23
337273,0
337274,0
337275,15
337276,0
337277,0
337278,0
337279,21
337280,0
337281,0
337282,0
337283,7
337284,0
337285,13
337286,0
337287,0
337288,0
337289,0
337290,0
337291,0
337292,14
337293,13
337294,13
337295,0
337296,0
337297,7
337298,0
337299,0
337300,0
337301,0
337302,0
337303,0
337304,0
337305,0
337306,0
337307,0
337308,0
337309,0
337310,0
337311,0
337312,0
337313,0
337314,0
337315,0
337316,13
337317,0
337318,0
337319,0
337320,0
337321,5
337322,14
337323,0
337324,16
337325,0
337326,0
337327,0
337328,0
337329,0
337330,0
337331,0
337332,0
337333,0
337334,0
337335,0
337336,0
337337,0
337338,0
337339,5
337340,0
337341,0
337342,0
337343,0
337344,0
337345,13
337346,0
337347,0
337348,0
337349,0
337350,0
337351,18
337352,0
337353,13
337354,0
337355,0
337356,0
337357,0
337358,0
337359,0
337360,19
337361,0
337362,0
337363,11
337364,14
337365,0
337366,12
337367,0
337368,0
337369,0
337370,0
337371,0
337372,0
337373,26
337374,13
337375,0
337376,18
337377,0
337378,0
337379,15
337380,0
337381,0
337382,0
337383,0
337384,0
337385,0
337386,31
337387,9
337388,0
337389,0
337390,0
337391,15
337392,0
337393,0
337394,0
337395,10
337396,0
337397,0
337398,0
337399,19
337400,0
337401,0
337402,12
337403,0
337404,0
337405,0
337406,0
337407,0
337408,0
337409,0
337410,16
337411,0
337412,0
337413,12
337414,0
337415,0
337416,0
337417,0
337418,0
337419,0
337420,0
337421,0
337422,0
337423,0
337424,0
337425,14
337426,0
337427,0
337428,0
337429,10
337430,0
337431,0
337432,0
337433,0
337434,0
337435,0
337436,0
337437,19
337438,16
337439,0
337440,0
337441,7
337442,14
337443,0
337444,0
337445,0
337446,14
337447,0
337448,19
337449,0
337450,0
337451,0
337452,0
337453,19
337454,0
337455,0
337456,0
337457,14
337458,0
337459,0
337460,0
337461,20
337462,0
337463,0
337464,0
337465,0
337466,18
337467,0
337468,7
337469,0
337470,0
337471,0
337472,0
337473,0
337474,9
337475,0
337476,0
337477,19
337478,0
337479,0
337480,0
337481,18
337482,0
337483,0
337484,11
337485,0
337486,0
337487,0
337488,0
337489,0
337490,18
337491,0
337492,0
337493,8
337494,0
337495,7
337496,0
337497,0
337498,0
337499,15
337500,21
337501,18
337502,14
337503,15
337504,10
337505,19
337506,0
337507,0
337508,0
337509,0
337510,0
337511,0
337512,0
337513,9
337514,0
337515,7
337516,0
337517,0
337518,0
337519,9
337520,5
337521,0
337522,0
337523,0
337524,0
337525,0
337526,0
337527,0
337528,0
337529,0
337530,0
337531,0
337532,0
337533,19
337534,0
337535,6
337536,0
337537,0
337538,0
337539,0
337540,0
337541,14
337542,0
337543,0
337544,9
337545,0
337546,0
337547,10
337548,0
337549,14
337550,0
337551,0
337552,0
337553,0
337554,0
337555,0
337556,0
337557,0
337558,0
337559,0
337560,0
337561,0
337562,12
337563,0
337564,0
337565,0
337566,0
337567,0
337568,0
337569,0
337570,0
337571,0
337572,0
337573,0
337574,0
337575,0
337576,16
337577,0
337578,0
337579,0
337580,0
337581,0
337582,15
337583,0
337584,10
337585,0
337586,0
337587,0
337588,15
337589,0
337590,0
337591,0
337592,14
337593,0
337594,0
337595,0
337596,0
337597,0
337598,0
337599,0
337600,0
337601,0
337602,0
337603,0
337604,0
337605,0
337606,0
337607,0
337608,0
337609,0
337610,0
337611,0
337612,0
337613,15
337614,0
337615,0
337616,0
337617,0
337618,0
337619,0
337620,0
337621,0
337622,0
337623,24
337624,0
337625,0
337626,0
337627,0
337628,17
337629,0
337630,0
337631,0
337632,0
337633,0
337634,19
337635,0
337636,0
337637,0
337638,0
337639,0
337640,0
337641,0
337642,10
337643,0
337644,0
337645,0
337646,0
337647,0
337648,0
337649,0
337650,0
337651,12
337652,14
337653,14
337654,0
337655,0
337656,0
337657,0
337658,20
337659,0
337660,0
337661,0
337662,18
337663,0
337664,0
337665,0
337666,17
337667,0
337668,18
337669,0
337670,0
337671,0
337672,0
337673,0
337674,0
337675,0
337676,0
337677,0
337678,23
337679,0
337680,0
337681,0
337682,0
337683,12
337684,0
337685,0
337686,0
337687,19
337688,12
337689,0
337690,16
337691,0
337692,0
337693,0
337694,0
337695,14
337696,8
337697,0
337698,0
337699,14
337700,0
337701,0
337702,0
337703,0
337704,0
337705,11
337706,10
337707,0
337708,0
337709,0
337710,16
337711,0
337712,18
337713,12
337714,0
337715,16
337716,0
337717,0
337718,0
337719,0
337720,10
337721,0
337722,16
337723,13
337724,0
337725,0
337726,0
337727,0
337728,0
337729,14
337730,0
337731,0
337732,5
337733,0
337734,10
337735,0
337736,0
337737,0
337738,0
337739,16
337740,0
337741,0
337742,0
337743,0
337744,0
337745,16
337746,0
337747,0
337748,0
337749,0
337750,0
337751,0
337752,11
337753,0
337754,9
337755,0
337756,12
337757,0
337758,13
337759,0
337760,20
337761,8
337762,13
337763,0
337764,0
337765,0
337766,21
337767,0
337768,16
337769,16
337770,0
337771,15
337772,0
337773,14
337774,0
337775,16
337776,13
337777,15
337778,0
337779,12
337780,0
337781,0
337782,0
337783,0
337784,0
337785,0
337786,10
337787,0
337788,0
337789,0
337790,0
337791,0
337792,12
337793,0
337794,23
337795,0
337796,0
337797,25
337798,12
337799,19
337800,0
337801,0
337802,7
337803,0
337804,0
337805,0
337806,0
337807,0
337808,7
337809,11
337810,0
337811,6
337812,14
337813,20
337814,0
337815,19
337816,0
337817,0
337818,0
337819,12
337820,0
337821,0
337822,0
337823,0
337824,0
337825,0
337826,0
337827,0
337828,0
337829,0
337830,0
337831,0
337832,0
337833,0
337834,0
337835,0
337836,0
337837,17
337838,0
337839,0
337840,0
337841,17
337842,0
337843,12
337844,0
337845,0
337846,0
337847,0
337848,0
337849,0
337850,0
337851,0
337852,0
337853,0
337854,0
337855,0
337856,0
337857,0
337858,0
337859,0
337860,0
337861,0
337862,0
337863,0
337864,0
337865,0
337866,0
337867,0
337868,0
337869,0
337870,0
337871,0
337872,0
337873,16
337874,0
337875,9
337876,0
337877,0
337878,11
337879,0
337880,0
337881,13
337882,0
337883,15
337884,0
337885,0
337886,0
337887,0
337888,10
337889,0
337890,20
337891,0
337892,0
337893,0
337894,0
337895,18
337896,16
337897,0
337898,0
337899,9
337900,0
337901,0
337902,0
337903,0
337904,17
337905,0
337906,0
337907,0
337908,0
337909,0
337910,0
337911,0
337912,0
337913,0
337914,0
337915,0
337916,0
337917,0
337918,0
337919,0
337920,0
337921,11
337922,0
337923,0
337924,0
337925,21
337926,11
337927,17
337928,0
337929,0
337930,0
337931,0
337932,0
337933,0
337934,0
337935,0
337936,0
337937,0
337938,0
337939,0
337940,31
337941,0
337942,0
337943,0
337944,0
337945,0
337946,0
337947,26
337948,0
337949,0
337950,0
337951,0
337952,0
337953,0
337954,0
337955,0
337956,0
337957,0
337958,0
337959,0
337960,0
337961,0
337962,42
337963,0
337964,0
337965,0
337966,0
337967,0
337968,0
337969,0
337970,0
337971,0
337972,0
337973,0
337974,37
337975,50
337976,0
337977,0
337978,0
337979,0
337980,0
337981,0
337982,0
337983,0
337984,0
337985,0
337986,0
337987,0
337988,0
337989,35
337990,0
337991,0
337992,0
337993,0
337994,0
337995,0
337996,0
337997,0
337998,0
337999,0
338000,19
338001,26
338002,0
338003,0
338004,25
338005,0
338006,0
338007,0
338008,0
338009,0
338010,0
338011,0
338012,0
338013,0
338014,0
338015,0
338016,0
338017,0
338018,0
338019,0
338020,0
338021,0
338022,0
338023,0
338024,0
338025,0
338026,0
338027,0
338028,0
338029,0
338030,0
338031,0
338032,0
338033,0
338034,0
338035,0
338036,0
338037,0
338038,0
338039,0
338040,0
338041,0
338042,0
338043,0
338044,0
338045,19
338046,0
338047,0
338048,0
338049,0
338050,30
338051,0
338052,0
338053,0
338054,0
338055,0
338056,0
338057,0
338058,0
338059,0
338060,0
338061,0
338062,0
338063,0
338064,0
338065,0
338066,0
338067,0
338068,0
338069,0
338070,0
338071,0
338072,0
338073,0
338074,0
338075,0
338076,0
338077,0
338078,0
338079,0
338080,0
338081,0
338082,0
338083,0
338084,0
338085,29
338086,0
338087,0
338088,0
338089,0
338090,0
338091,0
338092,0
338093,0
338094,0
338095,33
338096,0
338097,0
338098,0
338099,36
338100,0
338101,0
338102,37
338103,26
338104,28
338105,0
338106,0
338107,0
338108,0
338109,0
338110,0
338111,0
338112,0
338113,0
338114,0
338115,0
338116,0
338117,0
338118,0
338119,0
338120,0
338121,0
338122,0
338123,33
338124,0
338125,0
338126,0
338127,0
338128,0
338129,0
338130,0
338131,0
338132,0
338133,0
338134,0
338135,0
338136,0
338137,22
338138,0
338139,0
338140,0
338141,0
338142,0
338143,46
338144,0
338145,0
338146,0
338147,0
338148,26
338149,0
338150,0
338151,0
338152,0
338153,0
338154,0
338155,0
338156,0
338157,0
338158,0
338159,0
338160,0
338161,30
338162,0
338163,0
338164,39
338165,0
338166,0
338167,0
338168,0
338169,0
338170,0
338171,0
338172,0
338173,0
338174,0
338175,0
338176,0
338177,24
338178,0
338179,0
338180,0
338181,0
338182,23
338183,0
338184,0
338185,0
338186,0
338187,0
338188,0
338189,30
338190,0
338191,25
338192,0
338193,0
338194,0
338195,0
338196,0
338197,0
338198,0
338199,0
338200,0
338201,0
338202,0
338203,0
338204,0
338205,0
338206,0
338207,0
338208,0
338209,0
338210,0
338211,0
338212,0
338213,0
338214,0
338215,0
338216,0
338217,0
338218,0
338219,0
338220,0
338221,0
338222,0
338223,0
338224,0
338225,0
338226,0
338227,0
338228,0
338229,0
338230,0
338231,0
338232,0
338233,0
338234,0
338235,0
338236,0
338237,0
338238,0
338239,0
338240,0
338241,0
338242,0
338243,0
338244,0
338245,0
338246,0
338247,0
338248,0
338249,0
338250,33
338251,0
338252,0
338253,0
338254,13
338255,0
338256,0
338257,0
338258,0
338259,0
338260,0
338261,25
338262,0
338263,0
338264,0
338265,0
338266,0
338267,0
338268,31
338269,31
338270,22
338271,0
338272,0
338273,0
338274,0
338275,22
338276,0
338277,0
338278,26
338279,0
338280,0
338281,0
338282,0
338283,0
338284,0
338285,19
338286,0
338287,0
338288,0
338289,0
338290,0
338291,31
338292,0
338293,0
338294,0
338295,0
338296,0
338297,0
338298,0
338299,0
338300,43
338301,0
338302,0
338303,0
338304,0
338305,0
338306,0
338307,0
338308,0
338309,0
338310,0
338311,0
338312,0
338313,23
338314,0
338315,0
338316,0
338317,0
338318,0
338319,0
338320,28
338321,0
338322,0
338323,0
338324,0
338325,0
338326,0
338327,0
338328,0
338329,0
338330,0
338331,0
338332,0
338333,0
338334,0
338335,0
338336,0
338337,0
338338,0
338339,21
338340,0
338341,0
338342,0
338343,0
338344,0
338345,37
338346,0
338347,0
338348,0
338349,0
338350,0
338351,0
338352,0
338353,0
338354,0
338355,0
338356,0
338357,0
338358,0
338359,0
338360,0
338361,0
338362,0
338363,0
338364,33
338365,0
338366,0
338367,0
338368,43
338369,0
338370,0
338371,0
338372,0
338373,0
338374,0
338375,0
338376,0
338377,0
338378,0
338379,0
338380,0
338381,0
338382,0
338383,0
338384,0
338385,0
338386,0
338387,0
338388,0
338389,36
338390,0
338391,0
338392,0
338393,0
338394,0
338395,0
338396,0
338397,0
338398,0
338399,0
338400,0
338401,0
338402,0
338403,0
338404,0
338405,0
338406,0
338407,0
338408,0
338409,0
338410,0
338411,0
338412,38
338413,0
338414,38
338415,0
338416,0
338417,0
338418,0
338419,0
338420,0
338421,0
338422,27
338423,0
338424,0
338425,0
338426,0
338427,0
338428,0
338429,0
338430,36
338431,0
338432,0
338433,0
338434,0
338435,0
338436,0
338437,0
338438,23
338439,0
338440,21
338441,0
338442,0
338443,0
338444,0
338445,0
338446,0
338447,20
338448,0
338449,0
338450,0
338451,0
338452,0
338453,0
338454,0
338455,0
338456,0
338457,41
338458,0
338459,0
338460,0
338461,29
338462,0
338463,0
338464,0
338465,0
338466,41
338467,0
338468,0
338469,0
338470,0
338471,34
338472,0
338473,0
338474,0
338475,0
338476,0
338477,0
338478,0
338479,0
338480,0
338481,0
338482,0
338483,0
338484,0
338485,0
338486,0
338487,0
338488,34
338489,0
338490,0
338491,0
338492,0
338493,0
338494,0
338495,32
338496,0
338497,0
338498,0
338499,0
338500,0
338501,0
338502,0
338503,0
338504,0
338505,0
338506,0
338507,0
338508,0
338509,0
338510,31
338511,0
338512,0
338513,0
338514,0
338515,0
338516,0
338517,0
338518,0
338519,0
338520,0
338521,0
338522,0
338523,0
338524,0
338525,0
338526,0
338527,0
338528,0
338529,0
338530,0
338531,0
338532,0
338533,0
338534,0
338535,0
338536,0
338537,0
338538,0
338539,0
338540,0
338541,0
338542,0
338543,0
338544,0
338545,0
338546,0
338547,0
338548,0
338549,0
338550,0
338551,0
338552,0
338553,33
338554,0
338555,0
338556,0
338557,0
338558,0
338559,0
338560,0
338561,0
338562,0
338563,0
338564,33
338565,30
338566,0
338567,0
338568,0
338569,0
338570,0
338571,0
338572,0
338573,0
338574,0
338575,0
338576,0
338577,0
338578,0
338579,0
338580,35
338581,0
338582,0
338583,28
338584,0
338585,0
338586,0
338587,0
338588,0
338589,0
338590,0
338591,0
338592,19
338593,0
338594,0
338595,0
338596,0
338597,0
338598,36
338599,0
338600,0
338601,0
338602,0
338603,0
338604,0
338605,0
338606,0
338607,0
338608,0
338609,0
338610,0
338611,0
338612,0
338613,0
338614,0
338615,0
338616,0
338617,0
338618,0
338619,34
338620,0
338621,0
338622,0
338623,0
338624,0
338625,0
338626,0
338627,0
338628,51
338629,0
338630,0
338631,0
338632,0
338633,0
338634,0
338635,0
338636,0
338637,0
338638,0
338639,0
338640,0
338641,0
338642,0
338643,0
338644,35
338645,0
338646,0
338647,0
338648,50
338649,29
338650,0
338651,0
338652,38
338653,0
338654,0
338655,0
338656,0
338657,0
338658,0
338659,0
338660,0
338661,0
338662,0
338663,21
338664,0
338665,0
338666,0
338667,0
338668,0
338669,0
338670,0
338671,0
338672,0
338673,0
338674,0
338675,38
338676,0
338677,29
338678,0
338679,0
338680,22
338681,0
338682,0
338683,0
338684,0
338685,0
338686,0
338687,0
338688,0
338689,0
338690,0
338691,0
338692,0
338693,0
338694,0
338695,39
338696,0
338697,0
338698,42
338699,0
338700,0
338701,0
338702,0
338703,0
338704,0
338705,32
338706,0
338707,0
338708,0
338709,0
338710,0
338711,0
338712,0
338713,0
338714,0
338715,0
338716,0
338717,0
338718,38
338719,0
338720,0
338721,0
338722,0
338723,0
338724,0
338725,0
338726,0
338727,0
338728,0
338729,0
338730,0
338731,0
338732,0
338733,0
338734,0
338735,0
338736,0
338737,0
338738,0
338739,0
338740,0
338741,0
338742,0
338743,0
338744,0
338745,0
338746,0
338747,0
338748,0
338749,0
338750,0
338751,0
338752,0
338753,0
338754,37
338755,0
338756,0
338757,0
338758,0
338759,0
338760,0
338761,0
338762,0
338763,18
338764,0
338765,0
338766,43
338767,0
338768,0
338769,0
338770,0
338771,0
338772,0
338773,0
338774,33
338775,34
338776,0
338777,0
338778,0
338779,0
338780,0
338781,0
338782,0
338783,0
338784,0
338785,0
338786,0
338787,0
338788,0
338789,0
338790,12
338791,0
338792,7
338793,0
338794,0
338795,0
338796,0
338797,0
338798,0
338799,0
338800,0
338801,0
338802,10
338803,0
338804,22
338805,0
338806,0
338807,0
338808,0
338809,0
338810,0
338811,0
338812,0
338813,0
338814,0
338815,0
338816,0
338817,0
338818,0
338819,0
338820,0
338821,0
338822,0
338823,0
338824,0
338825,0
338826,0
338827,0
338828,0
338829,0
338830,9
338831,0
338832,0
338833,0
338834,0
338835,0
338836,0
338837,0
338838,12
338839,0
338840,0
338841,0
338842,0
338843,0
338844,0
338845,0
338846,0
338847,0
338848,0
338849,0
338850,0
338851,0
338852,0
338853,0
338854,0
338855,0
338856,0
338857,0
338858,0
338859,0
338860,0
338861,0
338862,0
338863,10
338864,10
338865,0
338866,0
338867,0
338868,0
338869,0
338870,0
338871,0
338872,0
338873,0
338874,0
338875,0
338876,0
338877,0
338878,0
338879,8
338880,0
338881,0
338882,0
338883,0
338884,9
338885,0
338886,0
338887,0
338888,0
338889,5
338890,0
338891,0
338892,5
338893,0
338894,0
338895,0
338896,0
338897,0
338898,0
338899,0
338900,0
338901,0
338902,0
338903,0
338904,0
338905,0
338906,0
338907,0
338908,0
338909,0
338910,0
338911,0
338912,0
338913,0
338914,0
338915,0
338916,0
338917,0
338918,0
338919,0
338920,0
338921,0
338922,0
338923,0
338924,0
338925,0
338926,0
338927,0
338928,0
338929,0
338930,0
338931,0
338932,0
338933,0
338934,0
338935,16
338936,0
338937,0
338938,0
338939,0
338940,0
338941,0
338942,0
338943,0
338944,0
338945,0
338946,0
338947,0
338948,0
338949,0
338950,0
338951,0
338952,0
338953,0
338954,0
338955,10
338956,0
338957,0
338958,0
338959,0
338960,0
338961,0
338962,9
338963,0
338964,0
338965,0
338966,0
338967,0
338968,0
338969,0
338970,0
338971,0
338972,0
338973,8
338974,0
338975,0
338976,0
338977,0
338978,0
338979,0
338980,0
338981,0
338982,0
338983,0
338984,0
338985,0
338986,0
338987,0
338988,0
338989,0
338990,0
338991,0
338992,19
338993,0
338994,0
338995,14
338996,0
338997,0
338998,12
338999,0
339000,0
339001,0
339002,0
339003,0
339004,0
339005,0
339006,0
339007,0
339008,0
339009,0
339010,0
339011,0
339012,0
339013,0
339014,0
339015,0
339016,0
339017,0
339018,0
339019,0
339020,0
339021,0
339022,0
339023,9
339024,0
339025,0
339026,0
339027,0
339028,0
339029,0
339030,0
339031,0
339032,0
339033,0
339034,0
339035,0
339036,0
339037,0
339038,10
339039,0
339040,0
339041,0
339042,0
339043,0
339044,0
339045,0
339046,0
339047,0
339048,0
339049,0
339050,0
339051,0
339052,0
339053,0
339054,0
339055,0
339056,0
339057,0
339058,0
339059,0
339060,0
339061,0
339062,0
339063,0
339064,0
339065,0
339066,0
339067,0
339068,0
339069,0
339070,0
339071,0
339072,0
339073,0
339074,0
339075,0
339076,0
339077,0
339078,0
339079,0
339080,0
339081,0
339082,0
339083,0
339084,0
339085,0
339086,0
339087,0
339088,0
339089,0
339090,0
339091,0
339092,0
339093,0
339094,13
339095,0
339096,0
339097,0
339098,0
339099,0
339100,0
339101,0
339102,0
339103,0
339104,0
339105,0
339106,0
339107,0
339108,0
339109,0
339110,0
339111,0
339112,0
339113,0
339114,0
339115,0
339116,0
339117,0
339118,0
339119,8
339120,0
339121,0
339122,0
339123,5
339124,0
339125,0
339126,0
339127,0
339128,0
339129,0
339130,0
339131,0
339132,0
339133,0
339134,0
339135,0
339136,0
339137,0
339138,0
339139,0
339140,0
339141,0
339142,0
339143,0
339144,0
339145,0
339146,0
339147,9
339148,0
339149,0
339150,0
339151,0
339152,0
339153,0
339154,0
339155,0
339156,0
339157,0
339158,0
339159,0
339160,0
339161,0
339162,0
339163,0
339164,0
339165,0
339166,0
339167,7
339168,0
339169,0
339170,0
339171,0
339172,0
339173,0
339174,0
339175,0
339176,0
339177,0
339178,8
339179,0
339180,0
339181,0
339182,0
339183,0
339184,0
339185,0
339186,0
339187,0
339188,0
339189,0
339190,0
339191,0
339192,0
339193,0
339194,0
339195,10
339196,0
339197,0
339198,0
339199,0
339200,0
339201,0
339202,0
339203,0
339204,0
339205,0
339206,0
339207,0
339208,0
339209,0
339210,0
339211,0
339212,36
339213,0
339214,0
339215,0
339216,0
339217,31
339218,0
339219,0
339220,29
339221,0
339222,0
339223,17
339224,0
339225,0
339226,0
339227,0
339228,0
339229,0
339230,30
339231,0
339232,31
339233,0
339234,25
339235,0
339236,0
339237,0
339238,0
339239,22
339240,0
339241,0
339242,0
339243,0
339244,0
339245,0
339246,0
339247,0
339248,0
339249,32
339250,0
339251,0
339252,0
339253,0
339254,0
339255,0
339256,0
339257,0
339258,0
339259,0
339260,0
339261,0
339262,0
339263,0
339264,18
339265,0
339266,0
339267,0
339268,25
339269,0
339270,0
339271,0
339272,0
339273,0
339274,0
339275,0
339276,0
339277,0
339278,0
339279,14
339280,0
339281,0
339282,0
339283,0
339284,34
339285,35
339286,0
339287,40
339288,21
339289,32
339290,0
339291,26
339292,0
339293,0
339294,0
339295,0
339296,22
339297,0
339298,0
339299,0
339300,0
339301,0
339302,0
339303,29
339304,0
339305,0
339306,0
339307,0
339308,0
339309,0
339310,33
339311,0
339312,22
339313,0
339314,26
339315,39
339316,0
339317,0
339318,0
339319,0
339320,34
339321,29
339322,0
339323,25
339324,0
339325,0
339326,0
339327,16
339328,0
339329,26
339330,0
339331,28
339332,0
339333,0
339334,0
339335,0
339336,0
339337,26
339338,0
339339,0
339340,20
339341,0
339342,0
339343,0
339344,31
339345,0
339346,0
339347,27
339348,33
339349,0
339350,0
339351,0
339352,0
339353,0
339354,0
339355,0
339356,27
339357,0
339358,0
339359,20
339360,0
339361,30
339362,0
339363,0
339364,34
339365,28
339366,0
339367,0
339368,30
339369,0
339370,0
339371,0
339372,0
339373,22
339374,0
339375,0
339376,0
339377,0
339378,21
339379,0
339380,0
339381,0
339382,25
339383,0
339384,32
339385,0
339386,0
339387,0
339388,32
339389,0
339390,0
339391,0
339392,0
339393,0
339394,0
339395,0
339396,0
339397,0
339398,0
339399,0
339400,0
339401,0
339402,0
339403,0
339404,32
339405,24
339406,0
339407,0
339408,0
339409,0
339410,15
339411,0
339412,0
339413,0
339414,0
339415,0
339416,0
339417,15
339418,0
339419,24
339420,0
339421,30
339422,0
339423,0
339424,33
339425,0
339426,0
339427,0
339428,0
339429,0
339430,0
339431,36
339432,0
339433,0
339434,0
339435,0
339436,0
339437,0
339438,29
339439,34
339440,0
339441,17
339442,0
339443,0
339444,0
339445,0
339446,31
339447,0
339448,0
339449,0
339450,0
339451,0
339452,0
339453,0
339454,34
339455,0
339456,0
339457,0
339458,0
339459,0
339460,25
339461,0
339462,0
339463,22
339464,0
339465,28
339466,0
339467,35
339468,0
339469,0
339470,34
339471,0
339472,0
339473,0
339474,0
339475,0
339476,0
339477,32
339478,0
339479,0
339480,0
339481,0
339482,0
339483,0
339484,0
339485,0
339486,0
339487,30
339488,0
339489,0
339490,0
339491,0
339492,0
339493,28
339494,0
339495,0
339496,0
339497,0
339498,15
339499,0
339500,0
339501,0
339502,0
339503,0
339504,36
339505,0
339506,28
339507,0
339508,0
339509,0
339510,0
339511,0
339512,0
339513,0
339514,0
339515,0
339516,0
339517,37
339518,22
339519,0
339520,0
339521,0
339522,2
339523,0
339524,0
339525,0
339526,0
339527,0
339528,0
339529,0
339530,0
339531,0
339532,0
339533,0
339534,0
339535,0
339536,0
339537,0
339538,0
339539,0
339540,0
339541,0
339542,0
339543,0
339544,0
339545,0
339546,0
339547,0
339548,0
339549,0
339550,0
339551,0
339552,0
339553,0
339554,0
339555,0
339556,3
339557,0
339558,0
339559,0
339560,0
339561,0
339562,0
339563,0
339564,0
339565,2
339566,0
339567,0
339568,0
339569,1
339570,0
339571,0
339572,0
339573,0
339574,0
339575,0
339576,0
339577,0
339578,0
339579,0
339580,0
339581,0
339582,0
339583,0
339584,0
339585,0
339586,0
339587,0
339588,0
339589,0
339590,2
339591,0
339592,0
339593,0
339594,0
339595,0
339596,0
339597,0
339598,0
339599,0
339600,0
339601,0
339602,0
339603,0
339604,0
339605,0
339606,0
339607,0
339608,0
339609,0
339610,0
339611,0
339612,0
339613,0
339614,0
339615,0
339616,0
339617,0
339618,0
339619,0
339620,0
339621,0
339622,0
339623,0
339624,0
339625,0
339626,0
339627,0
339628,0
339629,0
339630,0
339631,0
339632,0
339633,0
339634,0
339635,0
339636,0
339637,0
339638,0
339639,0
339640,0
339641,0
339642,0
339643,0
339644,0
339645,0
339646,0
339647,0
339648,0
339649,0
339650,0
339651,0
339652,0
339653,0
339654,0
339655,0
339656,0
339657,0
339658,0
339659,0
339660,0
339661,0
339662,0
339663,0
339664,0
339665,0
339666,0
339667,0
339668,0
339669,0
339670,24
339671,0
339672,0
339673,0
339674,0
339675,0
339676,0
339677,0
339678,32
339679,0
339680,0
339681,0
339682,0
339683,0
339684,0
339685,0
339686,0
339687,0
339688,0
339689,21
339690,0
339691,0
339692,0
339693,0
339694,20
339695,0
339696,0
339697,0
339698,40
339699,0
339700,0
339701,0
339702,0
339703,0
339704,0
339705,20
339706,26
339707,18
339708,15
339709,0
339710,0
339711,35
339712,0
339713,0
339714,0
339715,0
339716,0
339717,0
339718,13
339719,0
339720,0
339721,0
339722,21
339723,0
339724,0
339725,0
339726,0
339727,0
339728,0
339729,0
339730,0
339731,0
339732,0
339733,0
339734,0
339735,0
339736,0
339737,0
339738,23
339739,15
339740,0
339741,0
339742,0
339743,38
339744,0
339745,0
339746,0
339747,0
339748,0
339749,0
339750,35
339751,0
339752,29
339753,0
339754,27
339755,0
339756,0
339757,0
339758,0
339759,0
339760,0
339761,18
339762,0
339763,32
339764,0
339765,0
339766,0
339767,27
339768,0
339769,0
339770,0
339771,49
339772,0
339773,0
339774,0
339775,0
339776,0
339777,0
339778,0
339779,0
339780,0
339781,0
339782,0
339783,0
339784,0
339785,0
339786,0
339787,0
339788,23
339789,30
339790,31
339791,0
339792,0
339793,0
339794,0
339795,0
339796,0
339797,0
339798,0
339799,0
339800,0
339801,18
339802,0
339803,0
339804,0
339805,0
339806,0
339807,0
339808,24
339809,0
339810,0
339811,0
339812,0
339813,30
339814,0
339815,0
339816,0
339817,20
339818,0
339819,0
339820,0
339821,0
339822,0
339823,0
339824,0
339825,0
339826,0
339827,0
339828,0
339829,0
339830,0
339831,0
339832,0
339833,0
339834,0
339835,0
339836,11
339837,20
339838,0
339839,0
339840,0
339841,0
339842,24
339843,0
339844,0
339845,0
339846,0
339847,0
339848,0
339849,17
339850,0
339851,0
339852,0
339853,22
339854,0
339855,0
339856,0
339857,35
339858,0
339859,0
339860,0
339861,20
339862,0
339863,0
339864,0
339865,0
339866,0
339867,0
339868,0
339869,0
339870,0
339871,0
339872,0
339873,0
339874,0
339875,0
339876,0
339877,10
339878,0
339879,0
339880,0
339881,22
339882,0
339883,0
339884,0
339885,0
339886,0
339887,0
339888,0
339889,0
339890,0
339891,0
339892,0
339893,0
339894,0
339895,0
339896,0
339897,0
339898,0
339899,35
339900,17
339901,0
339902,0
339903,0
339904,27
339905,0
339906,0
339907,0
339908,14
339909,0
339910,0
339911,0
339912,0
339913,25
339914,0
339915,0
339916,0
339917,0
339918,34
339919,0
339920,0
339921,0
339922,0
339923,0
339924,0
339925,0
339926,0
339927,0
339928,23
339929,30
339930,0
339931,24
339932,0
339933,0
339934,0
339935,0
339936,0
339937,0
339938,0
339939,37
339940,0
339941,0
339942,0
339943,0
339944,35
339945,23
339946,17
339947,0
339948,0
339949,0
339950,45
339951,23
339952,0
339953,0
339954,0
339955,0
339956,0
339957,22
339958,0
339959,0
339960,24
339961,0
339962,0
339963,0
339964,0
339965,18
339966,0
339967,0
339968,34
339969,0
339970,0
339971,0
339972,27
339973,38
339974,0
339975,0
339976,0
339977,0
339978,0
339979,0
339980,0
339981,0
339982,32
339983,0
339984,0
339985,0
339986,0
339987,0
339988,0
339989,0
339990,0
339991,0
339992,0
339993,0
339994,0
339995,25
339996,0
339997,0
339998,0
339999,0
340000,0
340001,0
340002,0
340003,0
340004,0
340005,0
340006,0
340007,0
340008,24
340009,0
340010,0
340011,0
340012,35
340013,0
340014,0
340015,0
340016,0
340017,0
340018,0
340019,0
340020,0
340021,0
340022,0
340023,0
340024,0
340025,0
340026,0
340027,0
340028,0
340029,0
340030,0
340031,0
340032,0
340033,0
340034,0
340035,55
340036,0
340037,0
340038,0
340039,14
340040,0
340041,0
340042,0
340043,0
340044,0
340045,0
340046,0
340047,0
340048,0
340049,11
340050,0
340051,0
340052,0
340053,0
340054,0
340055,0
340056,0
340057,0
340058,0
340059,0
340060,0
340061,0
340062,0
340063,0
340064,0
340065,0
340066,0
340067,0
340068,0
340069,0
340070,0
340071,0
340072,0
340073,0
340074,25
340075,0
340076,19
340077,17
340078,0
340079,0
340080,0
340081,11
340082,40
340083,0
340084,0
340085,0
340086,0
340087,0
340088,0
340089,0
340090,0
340091,0
340092,0
340093,0
340094,0
340095,0
340096,0
340097,0
340098,0
340099,0
340100,0
340101,0
340102,0
340103,0
340104,0
340105,0
340106,24
340107,0
340108,0
340109,0
340110,0
340111,0
340112,0
340113,0
340114,0
340115,0
340116,0
340117,0
340118,0
340119,32
340120,0
340121,0
340122,0
340123,0
340124,0
340125,0
340126,17
340127,0
340128,43
340129,26
340130,0
340131,0
340132,0
340133,0
340134,0
340135,0
340136,0
340137,0
340138,0
340139,0
340140,0
340141,0
340142,0
340143,0
340144,15
340145,0
340146,16
340147,0
340148,0
340149,13
340150,15
340151,0
340152,0
340153,0
340154,0
340155,0
340156,0
340157,0
340158,11
340159,0
340160,15
340161,0
340162,0
340163,0
340164,0
340165,0
340166,12
340167,0
340168,15
340169,0
340170,0
340171,0
340172,0
340173,0
340174,0
340175,18
340176,11
340177,0
340178,0
340179,9
340180,0
340181,0
340182,16
340183,0
340184,0
340185,0
340186,0
340187,0
340188,15
340189,0
340190,0
340191,0
340192,10
340193,0
340194,0
340195,0
340196,0
340197,0
340198,0
340199,0
340200,0
340201,0
340202,0
340203,0
340204,0
340205,0
340206,8
340207,0
340208,0
340209,0
340210,0
340211,0
340212,16
340213,0
340214,0
340215,0
340216,0
340217,11
340218,10
340219,0
340220,12
340221,9
340222,0
340223,0
340224,0
340225,9
340226,7
340227,0
340228,27
340229,15
340230,0
340231,0
340232,0
340233,0
340234,0
340235,15
340236,0
340237,0
340238,0
340239,13
340240,10
340241,0
340242,0
340243,13
340244,6
340245,0
340246,15
340247,11
340248,0
340249,11
340250,9
340251,0
340252,8
340253,11
340254,0
340255,0
340256,0
340257,9
340258,0
340259,9
340260,7
340261,0
340262,0
340263,0
340264,13
340265,0
340266,0
340267,0
340268,0
340269,0
340270,0
340271,0
340272,0
340273,0
340274,10
340275,0
340276,0
340277,0
340278,0
340279,0
340280,0
340281,0
340282,0
340283,0
340284,0
340285,10
340286,0
340287,0
340288,9
340289,9
340290,0
340291,0
340292,16
340293,0
340294,0
340295,0
340296,0
340297,0
340298,0
340299,12
340300,0
340301,11
340302,0
340303,0
340304,0
340305,0
340306,0
340307,0
340308,13
340309,0
340310,0
340311,0
340312,0
340313,0
340314,0
340315,0
340316,0
340317,9
340318,11
340319,0
340320,0
340321,0
340322,20
340323,0
340324,0
340325,0
340326,0
340327,0
340328,0
340329,0
340330,0
340331,0
340332,0
340333,13
340334,0
340335,0
340336,16
340337,11
340338,0
340339,0
340340,13
340341,0
340342,8
340343,0
340344,0
340345,11
340346,0
340347,0
340348,16
340349,0
340350,23
340351,0
340352,0
340353,0
340354,11
340355,0
340356,0
340357,0
340358,0
340359,0
340360,0
340361,0
340362,0
340363,0
340364,0
340365,0
340366,0
340367,0
340368,0
340369,0
340370,0
340371,0
340372,0
340373,0
340374,0
340375,17
340376,0
340377,16
340378,14
340379,0
340380,0
340381,0
340382,0
340383,0
340384,0
340385,21
340386,0
340387,0
340388,0
340389,0
340390,0
340391,0
340392,0
340393,0
340394,0
340395,0
340396,0
340397,0
340398,0
340399,0
340400,0
340401,23
340402,9
340403,0
340404,18
340405,14
340406,0
340407,0
340408,0
340409,0
340410,0
340411,0
340412,12
340413,0
340414,0
340415,0
340416,0
340417,0
340418,0
340419,9
340420,0
340421,0
340422,13
340423,0
340424,0
340425,0
340426,15
340427,0
340428,0
340429,0
340430,0
340431,0
340432,0
340433,16
340434,0
340435,0
340436,0
340437,0
340438,11
340439,0
340440,0
340441,0
340442,0
340443,0
340444,0
340445,0
340446,0
340447,0
340448,14
340449,0
340450,7
340451,0
340452,0
340453,0
340454,19
340455,0
340456,12
340457,0
340458,0
340459,14
340460,0
340461,0
340462,10
340463,0
340464,0
340465,0
340466,0
340467,14
340468,0
340469,7
340470,0
340471,0
340472,0
340473,8
340474,0
340475,0
340476,0
340477,10
340478,14
340479,10
340480,0
340481,0
340482,0
340483,0
340484,0
340485,11
340486,0
340487,10
340488,0
340489,16
340490,0
340491,14
340492,0
340493,11
340494,0
340495,15
340496,9
340497,11
340498,0
340499,0
340500,0
340501,0
340502,0
340503,10
340504,0
340505,20
340506,0
340507,0
340508,0
340509,8
340510,0
340511,11
340512,9
340513,9
340514,0
340515,0
340516,0
340517,11
340518,0
340519,0
340520,0
340521,0
340522,11
340523,0
340524,9
340525,0
340526,0
340527,0
340528,0
340529,0
340530,0
340531,0
340532,13
340533,0
340534,0
340535,6
340536,0
340537,0
340538,0
340539,0
340540,7
340541,10
340542,0
340543,0
340544,0
340545,0
340546,13
340547,15
340548,0
340549,0
340550,11
340551,19
340552,13
340553,0
340554,0
340555,0
340556,0
340557,0
340558,0
340559,11
340560,0
340561,0
340562,0
340563,0
340564,0
340565,13
340566,0
340567,3
340568,0
340569,0
340570,0
340571,0
340572,0
340573,0
340574,0
340575,0
340576,19
340577,0
340578,0
340579,0
340580,0
340581,0
340582,0
340583,16
340584,0
340585,16
340586,0
340587,0
340588,10
340589,0
340590,0
340591,7
340592,9
340593,0
340594,0
340595,0
340596,0
340597,0
340598,0
340599,0
340600,0
340601,12
340602,17
340603,0
340604,0
340605,0
340606,0
340607,0
340608,13
340609,0
340610,11
340611,21
340612,0
340613,8
340614,0
340615,0
340616,0
340617,19
340618,0
340619,0
340620,0
340621,0
340622,15
340623,0
340624,5
340625,0
340626,0
340627,5
340628,8
340629,0
340630,12
340631,11
340632,0
340633,0
340634,0
340635,11
340636,0
340637,0
340638,10
340639,0
340640,0
340641,10
340642,12
340643,0
340644,0
340645,0
340646,19
340647,0
340648,21
340649,0
340650,15
340651,0
340652,11
340653,0
340654,0
340655,0
340656,0
340657,0
340658,0
340659,0
340660,0
340661,0
340662,0
340663,9
340664,0
340665,0
340666,0
340667,0
340668,0
340669,0
340670,14
340671,14
340672,11
340673,0
340674,0
340675,0
340676,0
340677,0
340678,0
340679,0
340680,17
340681,0
340682,0
340683,0
340684,0
340685,12
340686,0
340687,0
340688,15
340689,8
340690,12
340691,0
340692,0
340693,0
340694,15
340695,0
340696,0
340697,0
340698,12
340699,0
340700,0
340701,14
340702,0
340703,13
340704,15
340705,0
340706,0
340707,0
340708,12
340709,0
340710,0
340711,0
340712,0
340713,0
340714,16
340715,15
340716,9
340717,0
340718,0
340719,0
340720,0
340721,0
340722,0
340723,10
340724,0
340725,0
340726,0
340727,0
340728,0
340729,0
340730,0
340731,12
340732,0
340733,9
340734,0
340735,0
340736,6
340737,0
340738,0
340739,5
340740,0
340741,0
340742,0
340743,0
340744,0
340745,25
340746,0
340747,0
340748,0
340749,0
340750,0
340751,0
340752,0
340753,0
340754,0
340755,0
340756,0
340757,0
340758,0
340759,21
340760,11
340761,0
340762,0
340763,0
340764,0
340765,0
340766,0
340767,8
340768,23
340769,0
340770,0
340771,0
340772,0
340773,0
340774,9
340775,0
340776,0
340777,0
340778,0
340779,0
340780,0
340781,0
340782,8
340783,0
340784,0
340785,0
340786,0
340787,0
340788,0
340789,0
340790,4
340791,6
340792,17
340793,0
340794,0
340795,14
340796,15
340797,0
340798,9
340799,0
340800,0
340801,0
340802,0
340803,0
340804,0
340805,0
340806,16
340807,0
340808,0
340809,0
340810,0
340811,0
340812,0
340813,5
340814,0
340815,0
340816,0
340817,0
340818,13
340819,0
340820,0
340821,0
340822,8
340823,0
340824,12
340825,4
340826,0
340827,0
340828,0
340829,9
340830,0
340831,0
340832,9
340833,0
340834,0
340835,0
340836,0
340837,0
340838,0
340839,0
340840,10
340841,0
340842,0
340843,11
340844,0
340845,0
340846,0
340847,0
340848,0
340849,0
340850,0
340851,0
340852,0
340853,0
340854,0
340855,0
340856,0
340857,0
340858,0
340859,0
340860,0
340861,16
340862,20
340863,12
340864,0
340865,9
340866,0
340867,0
340868,11
340869,12
340870,0
340871,0
340872,0
340873,0
340874,16
340875,0
340876,0
340877,0
340878,14
340879,13
340880,0
340881,0
340882,7
340883,16
340884,8
340885,0
340886,10
340887,0
340888,0
340889,0
340890,0
340891,0
340892,0
340893,5
340894,0
340895,10
340896,11
340897,0
340898,0
340899,0
340900,0
340901,11
340902,12
340903,0
340904,11
340905,15
340906,0
340907,0
340908,0
340909,10
340910,9
340911,0
340912,0
340913,0
340914,16
340915,13
340916,0
340917,0
340918,0
340919,0
340920,0
340921,16
340922,0
340923,10
340924,15
340925,0
340926,0
340927,0
340928,0
340929,0
340930,0
340931,32
340932,0
340933,0
340934,0
340935,17
340936,24
340937,0
340938,0
340939,28
340940,0
340941,0
340942,0
340943,0
340944,0
340945,24
340946,0
340947,15
340948,0
340949,0
340950,0
340951,0
340952,0
340953,22
340954,39
340955,21
340956,0
340957,35
340958,0
340959,0
340960,0
340961,0
340962,0
340963,31
340964,0
340965,0
340966,0
340967,0
340968,0
340969,26
340970,12
340971,22
340972,0
340973,0
340974,21
340975,0
340976,0
340977,29
340978,19
340979,26
340980,0
340981,18
340982,0
340983,0
340984,36
340985,0
340986,19
340987,0
340988,0
340989,16
340990,38
340991,0
340992,25
340993,0
340994,0
340995,23
340996,21
340997,0
340998,29
340999,0
341000,22
341001,0
341002,21
341003,0
341004,23
341005,0
341006,0
341007,0
341008,0
341009,0
341010,13
341011,22
341012,0
341013,0
341014,0
341015,0
341016,0
341017,27
341018,24
341019,0
341020,0
341021,21
341022,0
341023,31
341024,0
341025,13
341026,23
341027,0
341028,0
341029,0
341030,0
341031,0
341032,0
341033,0
341034,23
341035,0
341036,26
341037,0
341038,0
341039,18
341040,19
341041,0
341042,0
341043,0
341044,0
341045,0
341046,30
341047,0
341048,0
341049,0
341050,0
341051,23
341052,0
341053,32
341054,0
341055,0
341056,0
341057,13
341058,0
341059,0
341060,22
341061,0
341062,0
341063,0
341064,0
341065,0
341066,22
341067,0
341068,0
341069,0
341070,0
341071,0
341072,0
341073,0
341074,21
341075,0
341076,0
341077,0
341078,0
341079,0
341080,26
341081,15
341082,0
341083,0
341084,36
341085,35
341086,11
341087,0
341088,0
341089,0
341090,0
341091,0
341092,0
341093,0
341094,0
341095,0
341096,29
341097,0
341098,0
341099,0
341100,0
341101,0
341102,0
341103,0
341104,0
341105,0
341106,0
341107,0
341108,0
341109,0
341110,0
341111,0
341112,19
341113,0
341114,0
341115,0
341116,0
341117,0
341118,30
341119,0
341120,0
341121,0
341122,0
341123,18
341124,0
341125,0
341126,0
341127,0
341128,0
341129,19
341130,0
341131,0
341132,0
341133,0
341134,21
341135,29
341136,0
341137,0
341138,16
341139,33
341140,0
341141,0
341142,13
341143,0
341144,0
341145,0
341146,0
341147,0
341148,16
341149,0
341150,23
341151,0
341152,29
341153,0
341154,0
341155,0
341156,0
341157,0
341158,0
341159,0
341160,0
341161,0
341162,0
341163,0
341164,0
341165,0
341166,0
341167,0
341168,0
341169,0
341170,0
341171,0
341172,29
341173,18
341174,0
341175,0
341176,0
341177,0
341178,0
341179,0
341180,0
341181,22
341182,0
341183,0
341184,0
341185,0
341186,0
341187,31
341188,0
341189,32
341190,0
341191,0
341192,0
341193,0
341194,0
341195,0
341196,0
341197,18
341198,31
341199,0
341200,0
341201,0
341202,20
341203,0
341204,0
341205,0
341206,19
341207,0
341208,26
341209,0
341210,0
341211,26
341212,0
341213,14
341214,0
341215,0
341216,25
341217,0
341218,0
341219,0
341220,0
341221,20
341222,21
341223,0
341224,0
341225,0
341226,0
341227,0
341228,0
341229,0
341230,0
341231,0
341232,0
341233,0
341234,0
341235,31
341236,0
341237,0
341238,19
341239,0
341240,0
341241,36
341242,0
341243,13
341244,31
341245,0
341246,0
341247,0
341248,26
341249,21
341250,0
341251,0
341252,0
341253,0
341254,0
341255,24
341256,0
341257,0
341258,0
341259,29
341260,15
341261,0
341262,13
341263,0
341264,24
341265,22
341266,24
341267,28
341268,0
341269,0
341270,0
341271,18
341272,22
341273,22
341274,29
341275,0
341276,0
341277,0
341278,0
341279,22
341280,0
341281,0
341282,0
341283,0
341284,0
341285,0
341286,0
341287,0
341288,0
341289,0
341290,0
341291,0
341292,0
341293,0
341294,0
341295,0
341296,0
341297,0
341298,0
341299,0
341300,0
341301,25
341302,29
341303,0
341304,0
341305,42
341306,0
341307,25
341308,0
341309,0
341310,0
341311,0
341312,25
341313,10
341314,0
341315,0
341316,0
341317,0
341318,0
341319,0
341320,0
341321,15
341322,12
341323,0
341324,0
341325,0
341326,33
341327,0
341328,20
341329,0
341330,37
341331,0
341332,0
341333,0
341334,0
341335,0
341336,0
341337,0
341338,26
341339,0
341340,0
341341,0
341342,0
341343,0
341344,33
341345,0
341346,0
341347,23
341348,0
341349,0
341350,0
341351,0
341352,27
341353,21
341354,30
341355,0
341356,0
341357,0
341358,0
341359,0
341360,22
341361,0
341362,17
341363,0
341364,18
341365,0
341366,0
341367,0
341368,0
341369,0
341370,18
341371,19
341372,0
341373,0
341374,0
341375,0
341376,0
341377,0
341378,0
341379,0
341380,0
341381,0
341382,20
341383,0
341384,26
341385,0
341386,0
341387,0
341388,23
341389,0
341390,0
341391,21
341392,0
341393,31
341394,0
341395,0
341396,0
341397,0
341398,0
341399,0
341400,0
341401,0
341402,0
341403,0
341404,0
341405,0
341406,0
341407,0
341408,0
341409,0
341410,0
341411,0
341412,0
341413,29
341414,29
341415,0
341416,26
341417,0
341418,26
341419,0
341420,0
341421,0
341422,0
341423,0
341424,0
341425,0
341426,23
341427,0
341428,0
341429,30
341430,0
341431,0
341432,0
341433,0
341434,0
341435,0
341436,0
341437,0
341438,32
341439,11
341440,0
341441,0
341442,0
341443,29
341444,21
341445,38
341446,0
341447,0
341448,0
341449,0
341450,0
341451,28
341452,0
341453,0
341454,27
341455,0
341456,28
341457,38
341458,0
341459,0
341460,17
341461,0
341462,27
341463,22
341464,0
341465,0
341466,0
341467,0
341468,0
341469,0
341470,23
341471,0
341472,0
341473,20
341474,0
341475,27
341476,15
341477,20
341478,0
341479,27
341480,0
341481,0
341482,0
341483,0
341484,0
341485,0
341486,0
341487,0
341488,0
341489,24
341490,0
341491,0
341492,0
341493,0
341494,0
341495,0
341496,0
341497,0
341498,0
341499,0
341500,22
341501,0
341502,0
341503,0
341504,0
341505,0
341506,0
341507,0
341508,0
341509,0
341510,0
341511,0
341512,29
341513,0
341514,19
341515,0
341516,29
341517,0
341518,0
341519,0
341520,0
341521,0
341522,0
341523,0
341524,15
341525,0
341526,0
341527,19
341528,0
341529,0
341530,0
341531,0
341532,0
341533,0
341534,0
341535,25
341536,0
341537,0
341538,21
341539,0
341540,29
341541,0
341542,21
341543,0
341544,0
341545,0
341546,35
341547,20
341548,0
341549,0
341550,0
341551,0
341552,0
341553,0
341554,0
341555,20
341556,28
341557,0
341558,0
341559,0
341560,0
341561,0
341562,0
341563,0
341564,0
341565,0
341566,0
341567,0
341568,0
341569,0
341570,0
341571,22
341572,0
341573,29
341574,0
341575,0
341576,0
341577,21
341578,0
341579,0
341580,0
341581,0
341582,0
341583,0
341584,0
341585,0
341586,0
341587,0
341588,0
341589,0
341590,0
341591,0
341592,0
341593,0
341594,0
341595,0
341596,0
341597,0
341598,0
341599,0
341600,0
341601,0
341602,0
341603,0
341604,0
341605,0
341606,0
341607,0
341608,0
341609,0
341610,0
341611,0
341612,0
341613,0
341614,0
341615,0
341616,0
341617,0
341618,0
341619,0
341620,0
341621,0
341622,0
341623,0
341624,0
341625,0
341626,0
341627,0
341628,0
341629,0
341630,0
341631,0
341632,0
341633,0
341634,0
341635,0
341636,0
341637,0
341638,0
341639,0
341640,0
341641,0
341642,0
341643,0
341644,0
341645,0
341646,0
341647,0
341648,0
341649,0
341650,0
341651,0
341652,0
341653,0
341654,0
341655,0
341656,0
341657,0
341658,0
341659,0
341660,0
341661,0
341662,0
341663,0
341664,0
341665,0
341666,0
341667,0
341668,0
341669,0
341670,0
341671,0
341672,0
341673,0
341674,0
341675,0
341676,0
341677,0
341678,0
341679,0
341680,0
341681,0
341682,0
341683,0
341684,0
341685,0
341686,0
341687,0
341688,0
341689,0
341690,0
341691,0
341692,0
341693,0
341694,0
341695,0
341696,0
341697,0
341698,0
341699,0
341700,0
341701,0
341702,0
341703,0
341704,0
341705,0
341706,0
341707,0
341708,0
341709,0
341710,0
341711,0
341712,0
341713,0
341714,0
341715,0
341716,0
341717,0
341718,0
341719,0
341720,0
341721,0
341722,0
341723,0
341724,0
341725,0
341726,0
341727,0
341728,0
341729,0
341730,0
341731,0
341732,0
341733,0
341734,0
341735,0
341736,0
341737,0
341738,0
341739,0
341740,0
341741,0
341742,0
341743,0
341744,22
341745,0
341746,0
341747,0
341748,0
341749,0
341750,0
341751,0
341752,0
341753,0
341754,0
341755,0
341756,0
341757,0
341758,0
341759,0
341760,33
341761,54
341762,0
341763,0
341764,0
341765,0
341766,0
341767,0
341768,0
341769,0
341770,33
341771,0
341772,44
341773,0
341774,0
341775,0
341776,0
341777,38
341778,0
341779,0
341780,0
341781,17
341782,0
341783,0
341784,0
341785,0
341786,0
341787,0
341788,0
341789,0
341790,0
341791,0
341792,0
341793,0
341794,0
341795,24
341796,0
341797,0
341798,0
341799,0
341800,0
341801,0
341802,0
341803,0
341804,0
341805,0
341806,0
341807,0
341808,0
341809,0
341810,0
341811,0
341812,0
341813,0
341814,0
341815,36
341816,0
341817,0
341818,0
341819,0
341820,0
341821,0
341822,0
341823,0
341824,0
341825,0
341826,0
341827,0
341828,0
341829,0
341830,32
341831,0
341832,0
341833,0
341834,0
341835,0
341836,0
341837,0
341838,0
341839,0
341840,0
341841,0
341842,0
341843,0
341844,28
341845,0
341846,0
341847,0
341848,0
341849,0
341850,0
341851,0
341852,0
341853,0
341854,0
341855,0
341856,0
341857,0
341858,0
341859,0
341860,0
341861,0
341862,0
341863,0
341864,0
341865,0
341866,0
341867,0
341868,0
341869,0
341870,0
341871,0
341872,0
341873,0
341874,0
341875,0
341876,0
341877,0
341878,0
341879,0
341880,0
341881,0
341882,0
341883,0
341884,0
341885,0
341886,0
341887,0
341888,0
341889,0
341890,0
341891,0
341892,0
341893,0
341894,0
341895,0
341896,0
341897,0
341898,0
341899,0
341900,0
341901,0
341902,0
341903,0
341904,0
341905,0
341906,0
341907,0
341908,0
341909,0
341910,0
341911,0
341912,0
341913,0
341914,0
341915,0
341916,0
341917,0
341918,0
341919,0
341920,0
341921,0
341922,0
341923,0
341924,0
341925,0
341926,0
341927,0
341928,0
341929,0
341930,0
341931,1
341932,0
341933,0
341934,0
341935,0
341936,0
341937,0
341938,0
341939,0
341940,0
341941,0
341942,0
341943,0
341944,0
341945,0
341946,0
341947,0
341948,0
341949,0
341950,0
341951,0
341952,0
341953,0
341954,0
341955,0
341956,0
341957,0
341958,0
341959,0
341960,0
341961,0
341962,0
341963,0
341964,0
341965,0
341966,0
341967,0
341968,0
341969,0
341970,0
341971,0
341972,0
341973,0
341974,0
341975,0
341976,0
341977,0
341978,0
341979,0
341980,0
341981,0
341982,0
341983,0
341984,0
341985,0
341986,0
341987,0
341988,0
341989,0
341990,0
341991,0
341992,0
341993,0
341994,0
341995,0
341996,27
341997,0
341998,0
341999,0
342000,0
342001,0
342002,0
342003,0
342004,0
342005,23
342006,0
342007,0
342008,34
342009,18
342010,0
342011,0
342012,0
342013,18
342014,0
342015,0
342016,29
342017,0
342018,23
342019,0
342020,9
342021,0
342022,0
342023,0
342024,0
342025,0
342026,0
342027,23
342028,0
342029,0
342030,0
342031,0
342032,0
342033,14
342034,0
342035,0
342036,0
342037,0
342038,0
342039,21
342040,0
342041,0
342042,0
342043,0
342044,29
342045,32
342046,0
342047,18
342048,17
342049,0
342050,0
342051,0
342052,31
342053,0
342054,0
342055,0
342056,0
342057,0
342058,0
342059,0
342060,29
342061,0
342062,0
342063,0
342064,0
342065,0
342066,16
342067,0
342068,0
342069,0
342070,0
342071,25
342072,0
342073,0
342074,0
342075,0
342076,0
342077,17
342078,19
342079,0
342080,0
342081,0
342082,0
342083,37
342084,0
342085,23
342086,0
342087,0
342088,26
342089,0
342090,0
342091,0
342092,16
342093,0
342094,0
342095,0
342096,33
342097,0
342098,0
342099,0
342100,0
342101,0
342102,0
342103,0
342104,0
342105,0
342106,0
342107,0
342108,0
342109,0
342110,0
342111,0
342112,24
342113,0
342114,0
342115,34
342116,0
342117,0
342118,25
342119,0
342120,0
342121,0
342122,0
342123,0
342124,0
342125,29
342126,0
342127,0
342128,0
342129,0
342130,23
342131,0
342132,0
342133,0
342134,0
342135,0
342136,0
342137,0
342138,0
342139,0
342140,0
342141,0
342142,0
342143,0
342144,0
342145,0
342146,0
342147,0
342148,0
342149,0
342150,0
342151,0
342152,17
342153,12
342154,22
342155,0
342156,17
342157,0
342158,13
342159,0
342160,0
342161,0
342162,0
342163,0
342164,0
342165,0
342166,0
342167,0
342168,0
342169,0
342170,0
342171,0
342172,0
342173,0
342174,10
342175,0
342176,0
342177,15
342178,16
342179,0
342180,0
342181,0
342182,0
342183,0
342184,0
342185,0
342186,0
342187,0
342188,0
342189,0
342190,14
342191,20
342192,0
342193,0
342194,0
342195,0
342196,0
342197,0
342198,0
342199,0
342200,0
342201,17
342202,0
342203,0
342204,0
342205,0
342206,13
342207,0
342208,14
342209,0
342210,0
342211,0
342212,0
342213,0
342214,0
342215,18
342216,0
342217,0
342218,0
342219,0
342220,0
342221,0
342222,0
342223,0
342224,0
342225,15
342226,0
342227,0
342228,0
342229,15
342230,0
342231,16
342232,0
342233,0
342234,0
342235,13
342236,0
342237,0
342238,0
342239,16
342240,18
342241,0
342242,0
342243,0
342244,0
342245,22
342246,0
342247,14
342248,0
342249,0
342250,0
342251,0
342252,0
342253,0
342254,0
342255,0
342256,13
342257,16
342258,16
342259,0
342260,0
342261,12
342262,0
342263,0
342264,0
342265,0
342266,10
342267,0
342268,0
342269,0
342270,20
342271,0
342272,0
342273,14
342274,0
342275,0
342276,0
342277,0
342278,14
342279,0
342280,0
342281,0
342282,0
342283,0
342284,0
342285,0
342286,0
342287,0
342288,0
342289,0
342290,11
342291,16
342292,0
342293,13
342294,15
342295,0
342296,0
342297,0
342298,0
342299,0
342300,0
342301,0
342302,0
342303,0
342304,0
342305,12
342306,0
342307,0
342308,0
342309,0
342310,0
342311,14
342312,0
342313,0
342314,0
342315,0
342316,0
342317,0
342318,0
342319,0
342320,0
342321,14
342322,0
342323,0
342324,0
342325,0
342326,0
342327,0
342328,0
342329,0
342330,0
342331,0
342332,14
342333,0
342334,12
342335,0
342336,7
342337,0
342338,0
342339,0
342340,0
342341,0
342342,12
342343,0
342344,0
342345,15
342346,0
342347,17
342348,0
342349,10
342350,0
342351,0
342352,0
342353,0
342354,0
342355,0
342356,0
342357,0
342358,21
342359,0
342360,0
342361,0
342362,16
342363,0
342364,0
342365,0
342366,0
342367,0
342368,0
342369,15
342370,13
342371,0
342372,0
342373,0
342374,0
342375,0
342376,0
342377,0
342378,0
342379,0
342380,0
342381,18
342382,14
342383,0
342384,0
342385,0
342386,0
342387,0
342388,0
342389,0
342390,0
342391,0
342392,0
342393,0
342394,0
342395,0
342396,0
342397,0
342398,0
342399,0
342400,0
342401,0
342402,0
342403,0
342404,0
342405,18
342406,0
342407,15
342408,0
342409,0
342410,0
342411,0
342412,0
342413,0
342414,0
342415,0
342416,0
342417,0
342418,0
342419,0
342420,0
342421,0
342422,0
342423,0
342424,0
342425,0
342426,0
342427,11
342428,0
342429,0
342430,0
342431,0
342432,13
342433,0
342434,0
342435,0
342436,19
342437,0
342438,0
342439,0
342440,0
342441,0
342442,0
342443,0
342444,0
342445,0
342446,0
342447,0
342448,0
342449,19
342450,0
342451,0
342452,0
342453,0
342454,0
342455,0
342456,0
342457,0
342458,0
342459,0
342460,0
342461,0
342462,0
342463,0
342464,0
342465,20
342466,10
342467,0
342468,0
342469,0
342470,0
342471,0
342472,0
342473,0
342474,16
342475,15
342476,0
342477,0
342478,0
342479,0
342480,0
342481,0
342482,0
342483,0
342484,11
342485,0
342486,13
342487,0
342488,0
342489,0
342490,0
342491,10
342492,0
342493,0
342494,0
342495,0
342496,0
342497,0
342498,0
342499,0
342500,0
342501,0
342502,0
342503,0
342504,0
342505,0
342506,0
342507,0
342508,0
342509,19
342510,0
342511,0
342512,11
342513,0
342514,0
342515,0
342516,0
342517,0
342518,13
342519,0
342520,0
342521,0
342522,0
342523,0
342524,8
342525,0
342526,0
342527,0
342528,13
342529,0
342530,17
342531,0
342532,18
342533,0
342534,0
342535,18
342536,0
342537,0
342538,0
342539,14
342540,0
342541,18
342542,0
342543,0
342544,0
342545,0
342546,15
342547,0
342548,23
342549,0
342550,0
342551,0
342552,0
342553,0
342554,0
342555,0
342556,0
342557,0
342558,0
342559,0
342560,0
342561,0
342562,0
342563,0
342564,0
342565,0
342566,0
342567,5
342568,0
342569,0
342570,0
342571,0
342572,23
342573,12
342574,0
342575,0
342576,0
342577,0
342578,0
342579,0
342580,0
342581,0
342582,0
342583,0
342584,0
342585,0
342586,0
342587,0
342588,0
342589,0
342590,14
342591,0
342592,0
342593,0
342594,0
342595,0
342596,0
342597,0
342598,0
342599,0
342600,6
342601,0
342602,0
342603,0
342604,13
342605,0
342606,0
342607,0
342608,9
342609,0
342610,0
342611,0
342612,0
342613,0
342614,0
342615,0
342616,0
342617,0
342618,0
342619,0
342620,0
342621,0
342622,0
342623,0
342624,0
342625,0
342626,0
342627,0
342628,0
342629,0
342630,0
342631,13
342632,0
342633,0
342634,0
342635,0
342636,0
342637,0
342638,0
342639,14
342640,0
342641,0
342642,0
342643,16
342644,0
342645,0
342646,0
342647,7
342648,0
342649,0
342650,0
342651,8
342652,0
342653,0
342654,0
342655,0
342656,10
342657,0
342658,0
342659,16
342660,0
342661,0
342662,0
342663,0
342664,0
342665,11
342666,0
342667,0
342668,17
342669,0
342670,20
342671,0
342672,0
342673,0
342674,0
342675,0
342676,0
342677,0
342678,0
342679,10
342680,14
342681,0
342682,18
342683,0
342684,0
342685,15
342686,0
342687,0
342688,0
342689,0
342690,0
342691,13
342692,0
342693,16
342694,0
342695,0
342696,0
342697,0
342698,20
342699,0
342700,0
342701,0
342702,0
342703,10
342704,8
342705,0
342706,0
342707,0
342708,14
342709,10
342710,0
342711,0
342712,20
342713,18
342714,20
342715,0
342716,12
342717,0
342718,18
342719,17
342720,20
342721,0
342722,0
342723,0
342724,0
342725,20
342726,0
342727,22
342728,0
342729,13
342730,0
342731,25
342732,0
342733,0
342734,0
342735,0
342736,0
342737,0
342738,0
342739,0
342740,20
342741,0
342742,0
342743,0
342744,0
342745,0
342746,23
342747,0
342748,0
342749,0
342750,0
342751,0
342752,0
342753,0
342754,0
342755,0
342756,12
342757,24
342758,0
342759,10
342760,0
342761,0
342762,0
342763,10
342764,0
342765,0
342766,0
342767,0
342768,0
342769,0
342770,0
342771,0
342772,0
342773,0
342774,13
342775,12
342776,0
342777,0
342778,0
342779,25
342780,0
342781,22
342782,0
342783,0
342784,0
342785,9
342786,0
342787,0
342788,0
342789,0
342790,8
342791,0
342792,0
342793,0
342794,0
342795,10
342796,0
342797,0
342798,0
342799,0
342800,0
342801,0
342802,0
342803,0
342804,0
342805,0
342806,0
342807,14
342808,0
342809,27
342810,0
342811,0
342812,0
342813,0
342814,0
342815,0
342816,0
342817,0
342818,0
342819,10
342820,0
342821,0
342822,0
342823,0
342824,0
342825,0
342826,0
342827,14
342828,0
342829,0
342830,0
342831,0
342832,0
342833,15
342834,21
342835,0
342836,14
342837,0
342838,0
342839,16
342840,0
342841,0
342842,0
342843,10
342844,0
342845,0
342846,0
342847,0
342848,5
342849,0
342850,11
342851,0
342852,0
342853,0
342854,0
342855,0
342856,0
342857,0
342858,0
342859,0
342860,0
342861,0
342862,11
342863,0
342864,0
342865,0
342866,22
342867,0
342868,0
342869,0
342870,0
342871,0
342872,15
342873,0
342874,15
342875,0
342876,0
342877,0
342878,0
342879,0
342880,10
342881,0
342882,0
342883,0
342884,18
342885,13
342886,10
342887,7
342888,0
342889,0
342890,0
342891,0
342892,0
342893,0
342894,0
342895,12
342896,0
342897,10
342898,0
342899,13
342900,0
342901,0
342902,0
342903,0
342904,0
342905,0
342906,0
342907,0
342908,0
342909,0
342910,0
342911,0
342912,0
342913,18
342914,13
342915,14
342916,0
342917,0
342918,0
342919,0
342920,0
342921,0
342922,0
342923,0
342924,0
342925,0
342926,0
342927,0
342928,0
342929,16
342930,0
342931,0
342932,0
342933,15
342934,14
342935,0
342936,0
342937,0
342938,0
342939,0
342940,0
342941,0
342942,13
342943,0
342944,0
342945,0
342946,16
342947,0
342948,0
342949,0
342950,0
342951,0
342952,0
342953,14
342954,0
342955,0
342956,0
342957,0
342958,0
342959,0
342960,0
342961,16
342962,0
342963,0
342964,0
342965,0
342966,14
342967,0
342968,0
342969,17
342970,0
342971,0
342972,0
342973,0
342974,0
342975,0
342976,0
342977,0
342978,0
342979,12
342980,0
342981,0
342982,0
342983,0
342984,0
342985,0
342986,8
342987,0
342988,0
342989,0
342990,0
342991,12
342992,0
342993,18
342994,0
342995,0
342996,0
342997,14
342998,0
342999,0
343000,14
343001,0
343002,0
343003,0
343004,10
343005,0
343006,17
343007,0
343008,0
343009,0
343010,14
343011,0
343012,0
343013,0
343014,20
343015,0
343016,0
343017,0
343018,12
343019,0
343020,0
343021,0
343022,0
343023,18
343024,15
343025,0
343026,0
343027,0
343028,0
343029,0
343030,11
343031,0
343032,0
343033,0
343034,0
343035,0
343036,0
343037,0
343038,0
343039,0
343040,0
343041,0
343042,0
343043,0
343044,0
343045,0
343046,0
343047,0
343048,0
343049,0
343050,19
343051,0
343052,16
343053,17
343054,0
343055,0
343056,0
343057,0
343058,0
343059,0
343060,0
343061,0
343062,15
343063,19
343064,7
343065,0
343066,0
343067,0
343068,0
343069,10
343070,0
343071,12
343072,0
343073,0
343074,10
343075,7
343076,0
343077,0
343078,0
343079,0
343080,13
343081,0
343082,0
343083,3
343084,0
343085,3
343086,0
343087,18
343088,0
343089,13
343090,0
343091,10
343092,0
343093,0
343094,7
343095,0
343096,0
343097,0
343098,0
343099,7
343100,0
343101,0
343102,0
343103,0
343104,0
343105,0
343106,14
343107,0
343108,0
343109,0
343110,0
343111,0
343112,0
343113,0
343114,0
343115,9
343116,7
343117,7
343118,0
343119,16
343120,0
343121,8
343122,0
343123,0
343124,0
343125,0
343126,8
343127,19
343128,0
343129,13
343130,0
343131,0
343132,19
343133,0
343134,0
343135,0
343136,0
343137,0
343138,0
343139,0
343140,0
343141,0
343142,0
343143,0
343144,0
343145,0
343146,0
343147,0
343148,0
343149,11
343150,0
343151,0
343152,0
343153,0
343154,0
343155,0
343156,0
343157,11
343158,0
343159,12
343160,0
343161,0
343162,0
343163,0
343164,0
343165,0
343166,0
343167,0
343168,0
343169,0
343170,0
343171,0
343172,0
343173,0
343174,0
343175,0
343176,0
343177,0
343178,0
343179,9
343180,0
343181,13
343182,0
343183,0
343184,11
343185,0
343186,0
343187,0
343188,0
343189,0
343190,8
343191,0
343192,9
343193,0
343194,11
343195,0
343196,0
343197,10
343198,0
343199,0
343200,0
343201,0
343202,0
343203,0
343204,0
343205,0
343206,0
343207,0
343208,0
343209,0
343210,0
343211,0
343212,0
343213,0
343214,0
343215,0
343216,0
343217,0
343218,13
343219,19
343220,0
343221,0
343222,0
343223,0
343224,12
343225,14
343226,0
343227,10
343228,0
343229,0
343230,0
343231,0
343232,0
343233,0
343234,0
343235,0
343236,11
343237,0
343238,9
343239,10
343240,0
343241,0
343242,0
343243,0
343244,0
343245,12
343246,14
343247,10
343248,0
343249,0
343250,0
343251,0
343252,0
343253,0
343254,0
343255,0
343256,0
343257,0
343258,0
343259,0
343260,0
343261,0
343262,9
343263,0
343264,0
343265,0
343266,0
343267,0
343268,0
343269,9
343270,18
343271,0
343272,18
343273,0
343274,0
343275,0
343276,0
343277,7
343278,0
343279,8
343280,0
343281,0
343282,0
343283,0
343284,14
343285,18
343286,0
343287,14
343288,0
343289,0
343290,0
343291,0
343292,15
343293,7
343294,0
343295,7
343296,0
343297,0
343298,0
343299,0
343300,0
343301,0
343302,0
343303,0
343304,0
343305,0
343306,0
343307,6
343308,6
343309,10
343310,0
343311,0
343312,0
343313,0
343314,0
343315,0
343316,0
343317,0
343318,0
343319,0
343320,0
343321,0
343322,0
343323,0
343324,0
343325,14
343326,0
343327,0
343328,0
343329,0
343330,0
343331,0
343332,0
343333,0
343334,0
343335,0
343336,0
343337,0
343338,0
343339,0
343340,10
343341,19
343342,16
343343,0
343344,0
343345,0
343346,0
343347,0
343348,0
343349,0
343350,11
343351,0
343352,12
343353,0
343354,0
343355,7
343356,0
343357,13
343358,5
343359,0
343360,10
343361,0
343362,0
343363,14
343364,7
343365,0
343366,0
343367,0
343368,14
343369,0
343370,10
343371,0
343372,0
343373,12
343374,0
343375,8
343376,0
343377,10
343378,0
343379,0
343380,0
343381,0
343382,0
343383,0
343384,12
343385,7
343386,0
343387,0
343388,0
343389,10
343390,0
343391,0
343392,0
343393,0
343394,0
343395,0
343396,0
343397,0
343398,7
343399,0
343400,0
343401,0
343402,0
343403,7
343404,0
343405,9
343406,0
343407,0
343408,0
343409,0
343410,12
343411,0
343412,0
343413,0
343414,0
343415,13
343416,0
343417,0
343418,0
343419,0
343420,14
343421,0
343422,7
343423,0
343424,13
343425,0
343426,16
343427,0
343428,15
343429,0
343430,9
343431,7
343432,0
343433,13
343434,8
343435,0
343436,0
343437,0
343438,0
343439,6
343440,0
343441,0
343442,0
343443,0
343444,0
343445,0
343446,0
343447,0
343448,0
343449,0
343450,0
343451,0
343452,0
343453,0
343454,15
343455,0
343456,0
343457,6
343458,10
343459,0
343460,0
343461,0
343462,0
343463,0
343464,0
343465,0
343466,0
343467,0
343468,9
343469,14
343470,0
343471,0
343472,0
343473,0
343474,0
343475,10
343476,0
343477,0
343478,0
343479,8
343480,0
343481,0
343482,0
343483,13
343484,0
343485,0
343486,0
343487,0
343488,0
343489,0
343490,0
343491,0
343492,0
343493,0
343494,11
343495,0
343496,0
343497,13
343498,0
343499,0
343500,7
343501,0
343502,0
343503,0
343504,0
343505,7
343506,0
343507,0
343508,0
343509,0
343510,4
343511,5
343512,0
343513,0
343514,0
343515,0
343516,0
343517,0
343518,11
343519,0
343520,0
343521,0
343522,0
343523,0
343524,0
343525,0
343526,4
343527,0
343528,0
343529,17
343530,0
343531,0
343532,0
343533,0
343534,0
343535,0
343536,0
343537,0
343538,14
343539,0
343540,0
343541,0
343542,7
343543,0
343544,0
343545,0
343546,0
343547,0
343548,0
343549,0
343550,0
343551,0
343552,0
343553,0
343554,0
343555,11
343556,0
343557,9
343558,0
343559,0
343560,11
343561,0
343562,0
343563,0
343564,0
343565,0
343566,14
343567,5
343568,10
343569,0
343570,0
343571,0
343572,0
343573,0
343574,0
343575,0
343576,0
343577,0
343578,0
343579,0
343580,0
343581,0
343582,0
343583,0
343584,0
343585,9
343586,7
343587,0
343588,13
343589,0
343590,15
343591,0
343592,13
343593,0
343594,0
343595,0
343596,0
343597,0
343598,0
343599,0
343600,0
343601,0
343602,8
343603,10
343604,5
343605,15
343606,0
343607,0
343608,0
343609,8
343610,0
343611,0
343612,13
343613,0
343614,0
343615,0
343616,0
343617,0
343618,7
343619,0
343620,13
343621,0
343622,9
343623,0
343624,0
343625,0
343626,0
343627,13
343628,0
343629,0
343630,10
343631,0
343632,0
343633,0
343634,15
343635,14
343636,0
343637,0
343638,0
343639,0
343640,0
343641,0
343642,0
343643,0
343644,0
343645,0
343646,9
343647,0
343648,0
343649,0
343650,0
343651,8
343652,0
343653,0
343654,0
343655,0
343656,0
343657,0
343658,0
343659,0
343660,0
343661,13
343662,8
343663,6
343664,0
343665,8
343666,10
343667,0
343668,0
343669,0
343670,18
343671,11
343672,12
343673,13
343674,8
343675,0
343676,0
343677,11
343678,0
343679,10
343680,0
343681,0
343682,0
343683,0
343684,0
343685,0
343686,8
343687,0
343688,0
343689,6
343690,0
343691,0
343692,0
343693,0
343694,8
343695,17
343696,0
343697,0
343698,10
343699,0
343700,9
343701,0
343702,0
343703,0
343704,0
343705,8
343706,0
343707,0
343708,0
343709,0
343710,0
343711,10
343712,0
343713,0
343714,7
343715,0
343716,11
343717,0
343718,0
343719,0
343720,0
343721,0
343722,0
343723,0
343724,0
343725,0
343726,12
343727,0
343728,0
343729,0
343730,0
343731,0
343732,0
343733,0
343734,0
343735,8
343736,0
343737,0
343738,0
343739,0
343740,7
343741,0
343742,10
343743,0
343744,0
343745,0
343746,0
343747,0
343748,10
343749,0
343750,13
343751,0
343752,7
343753,0
343754,0
343755,0
343756,0
343757,0
343758,0
343759,0
343760,0
343761,0
343762,9
343763,0
343764,0
343765,0
343766,0
343767,9
343768,10
343769,0
343770,0
343771,0
343772,0
343773,0
343774,0
343775,0
343776,0
343777,0
343778,7
343779,0
343780,0
343781,9
343782,0
343783,0
343784,0
343785,0
343786,0
343787,0
343788,0
343789,0
343790,15
343791,16
343792,9
343793,0
343794,0
343795,0
343796,0
343797,14
343798,12
343799,0
343800,0
343801,0
343802,0
343803,0
343804,15
343805,0
343806,0
343807,11
343808,0
343809,4
343810,0
343811,0
343812,0
343813,0
343814,0
343815,13
343816,0
343817,5
343818,9
343819,11
343820,0
343821,0
343822,8
343823,0
343824,6
343825,0
343826,0
343827,0
343828,5
343829,0
343830,0
343831,7
343832,0
343833,0
343834,14
343835,0
343836,0
343837,0
343838,0
343839,0
343840,6
343841,0
343842,0
343843,0
343844,8
343845,0
343846,0
343847,16
343848,0
343849,0
343850,12
343851,18
343852,0
343853,0
343854,8
343855,0
343856,0
343857,8
343858,0
343859,0
343860,0
343861,11
343862,0
343863,0
343864,0
343865,0
343866,0
343867,0
343868,9
343869,0
343870,8
343871,0
343872,0
343873,8
343874,8
343875,0
343876,0
343877,0
343878,0
343879,0
343880,0
343881,0
343882,0
343883,26
343884,0
343885,0
343886,0
343887,0
343888,0
343889,27
343890,0
343891,0
343892,0
343893,0
343894,0
343895,0
343896,0
343897,0
343898,0
343899,0
343900,0
343901,0
343902,0
343903,0
343904,23
343905,0
343906,0
343907,0
343908,0
343909,0
343910,0
343911,0
343912,0
343913,0
343914,0
343915,0
343916,0
343917,0
343918,0
343919,0
343920,0
343921,0
343922,0
343923,0
343924,25
343925,20
343926,0
343927,0
343928,0
343929,0
343930,31
343931,0
343932,0
343933,0
343934,0
343935,0
343936,0
343937,0
343938,0
343939,0
343940,0
343941,0
343942,0
343943,16
343944,0
343945,0
343946,0
343947,0
343948,28
343949,0
343950,0
343951,0
343952,0
343953,0
343954,24
343955,0
343956,0
343957,0
343958,0
343959,26
343960,0
343961,0
343962,0
343963,25
343964,0
343965,0
343966,0
343967,0
343968,0
343969,0
343970,0
343971,0
343972,0
343973,0
343974,0
343975,0
343976,0
343977,28
343978,0
343979,0
343980,0
343981,0
343982,0
343983,0
343984,0
343985,0
343986,0
343987,0
343988,0
343989,30
343990,0
343991,0
343992,0
343993,25
343994,18
343995,0
343996,19
343997,0
343998,0
343999,0
344000,0
344001,0
344002,0
344003,0
344004,21
344005,0
344006,0
344007,0
344008,0
344009,0
344010,0
344011,0
344012,0
344013,0
344014,0
344015,0
344016,0
344017,0
344018,0
344019,0
344020,0
344021,27
344022,0
344023,29
344024,0
344025,0
344026,0
344027,0
344028,0
344029,0
344030,0
344031,0
344032,0
344033,0
344034,0
344035,0
344036,15
344037,0
344038,0
344039,0
344040,0
344041,0
344042,0
344043,25
344044,0
344045,0
344046,0
344047,0
344048,0
344049,0
344050,0
344051,0
344052,0
344053,19
344054,0
344055,0
344056,0
344057,0
344058,0
344059,0
344060,0
344061,0
344062,0
344063,0
344064,0
344065,0
344066,0
344067,0
344068,0
344069,0
344070,0
344071,18
344072,0
344073,31
344074,0
344075,0
344076,0
344077,0
344078,0
344079,0
344080,0
344081,0
344082,0
344083,0
344084,23
344085,0
344086,0
344087,0
344088,0
344089,0
344090,0
344091,0
344092,0
344093,0
344094,0
344095,0
344096,0
344097,0
344098,0
344099,0
344100,0
344101,0
344102,0
344103,0
344104,0
344105,0
344106,0
344107,0
344108,0
344109,0
344110,0
344111,0
344112,0
344113,0
344114,24
344115,0
344116,0
344117,0
344118,0
344119,19
344120,0
344121,33
344122,0
344123,0
344124,0
344125,0
344126,25
344127,0
344128,0
344129,22
344130,0
344131,0
344132,0
344133,0
344134,0
344135,0
344136,0
344137,0
344138,0
344139,0
344140,0
344141,26
344142,0
344143,0
344144,30
344145,0
344146,0
344147,0
344148,0
344149,0
344150,0
344151,33
344152,0
344153,0
344154,0
344155,0
344156,0
344157,0
344158,0
344159,0
344160,0
344161,0
344162,0
344163,0
344164,0
344165,0
344166,0
344167,0
344168,0
344169,0
344170,0
344171,17
344172,0
344173,0
344174,0
344175,0
344176,0
344177,0
344178,0
344179,0
344180,0
344181,0
344182,0
344183,0
344184,0
344185,0
344186,0
344187,0
344188,0
344189,0
344190,0
344191,0
344192,0
344193,0
344194,0
344195,0
344196,26
344197,17
344198,0
344199,0
344200,32
344201,0
344202,0
344203,0
344204,0
344205,20
344206,0
344207,0
344208,0
344209,0
344210,0
344211,0
344212,20
344213,0
344214,0
344215,0
344216,0
344217,0
344218,0
344219,0
344220,24
344221,21
344222,0
344223,0
344224,0
344225,29
344226,0
344227,0
344228,0
344229,0
344230,0
344231,0
344232,0
344233,0
344234,0
344235,0
344236,0
344237,0
344238,0
344239,27
344240,0
344241,0
344242,0
344243,27
344244,0
344245,26
344246,0
344247,0
344248,0
344249,25
344250,0
344251,0
344252,0
344253,0
344254,19
344255,0
344256,0
344257,0
344258,0
344259,16
344260,0
344261,0
344262,0
344263,0
344264,23
344265,24
344266,0
344267,0
344268,0
344269,0
344270,0
344271,0
344272,0
344273,0
344274,0
344275,0
344276,18
344277,0
344278,0
344279,0
344280,0
344281,0
344282,0
344283,0
344284,0
344285,0
344286,0
344287,0
344288,0
344289,0
344290,0
344291,0
344292,0
344293,0
344294,0
344295,0
344296,0
344297,38
344298,0
344299,0
344300,0
344301,0
344302,0
344303,0
344304,0
344305,0
344306,0
344307,0
344308,0
344309,0
344310,0
344311,0
344312,0
344313,0
344314,0
344315,26
344316,0
344317,0
344318,0
344319,0
344320,0
344321,0
344322,0
344323,0
344324,0
344325,0
344326,0
344327,0
344328,0
344329,0
344330,0
344331,0
344332,0
344333,0
344334,27
344335,0
344336,0
344337,0
344338,0
344339,0
344340,0
344341,0
344342,0
344343,0
344344,0
344345,0
344346,0
344347,0
344348,0
344349,0
344350,0
344351,0
344352,0
344353,0
344354,0
344355,0
344356,26
344357,21
344358,0
344359,0
344360,0
344361,0
344362,0
344363,0
344364,0
344365,0
344366,0
344367,0
344368,0
344369,0
344370,0
344371,0
344372,19
344373,0
344374,0
344375,0
344376,0
344377,0
344378,0
344379,0
344380,0
344381,0
344382,0
344383,0
344384,0
344385,0
344386,38
344387,0
344388,0
344389,0
344390,0
344391,0
344392,0
344393,0
344394,20
344395,0
344396,0
344397,39
344398,0
344399,0
344400,0
344401,0
344402,0
344403,0
344404,0
344405,0
344406,25
344407,0
344408,0
344409,0
344410,0
344411,0
344412,0
344413,0
344414,0
344415,0
344416,0
344417,0
344418,0
344419,24
344420,0
344421,30
344422,30
344423,23
344424,0
344425,0
344426,30
344427,0
344428,21
344429,24
344430,0
344431,0
344432,0
344433,0
344434,0
344435,0
344436,17
344437,0
344438,0
344439,0
344440,0
344441,0
344442,0
344443,0
344444,0
344445,0
344446,26
344447,0
344448,0
344449,0
344450,0
344451,0
344452,20
344453,22
344454,0
344455,20
344456,0
344457,0
344458,0
344459,0
344460,0
344461,0
344462,0
344463,0
344464,0
344465,0
344466,0
344467,0
344468,0
344469,0
344470,0
344471,0
344472,0
344473,0
344474,0
344475,0
344476,0
344477,0
344478,0
344479,25
344480,0
344481,0
344482,0
344483,0
344484,0
344485,0
344486,0
344487,42
344488,0
344489,0
344490,0
344491,0
344492,0
344493,0
344494,24
344495,0
344496,0
344497,0
344498,0
344499,0
344500,0
344501,0
344502,0
344503,0
344504,0
344505,0
344506,0
344507,0
344508,0
344509,0
344510,0
344511,0
344512,30
344513,26
344514,0
344515,0
344516,0
344517,0
344518,0
344519,22
344520,19
344521,0
344522,14
344523,0
344524,0
344525,0
344526,0
344527,0
344528,0
344529,0
344530,0
344531,0
344532,0
344533,11
344534,0
344535,0
344536,0
344537,0
344538,30
344539,0
344540,0
344541,0
344542,0
344543,0
344544,0
344545,27
344546,23
344547,0
344548,0
344549,0
344550,0
344551,35
344552,0
344553,0
344554,0
344555,0
344556,0
344557,0
344558,0
344559,0
344560,0
344561,0
344562,22
344563,0
344564,22
344565,0
344566,0
344567,0
344568,0
344569,0
344570,0
344571,0
344572,0
344573,19
344574,0
344575,0
344576,40
344577,0
344578,0
344579,0
344580,0
344581,0
344582,0
344583,0
344584,0
344585,0
344586,0
344587,0
344588,0
344589,0
344590,0
344591,0
344592,0
344593,0
344594,0
344595,0
344596,26
344597,0
344598,0
344599,0
344600,0
344601,0
344602,0
344603,0
344604,0
344605,0
344606,0
344607,28
344608,0
344609,0
344610,0
344611,0
344612,0
344613,0
344614,0
344615,0
344616,0
344617,0
344618,0
344619,0
344620,0
344621,0
344622,19
344623,0
344624,0
344625,19
344626,0
344627,0
344628,16
344629,0
344630,29
344631,0
344632,0
344633,19
344634,0
344635,0
344636,0
344637,12
344638,0
344639,0
344640,0
344641,0
344642,12
344643,0
344644,0
344645,0
344646,9
344647,0
344648,0
344649,0
344650,0
344651,0
344652,0
344653,3
344654,0
344655,0
344656,0
344657,0
344658,0
344659,0
344660,0
344661,0
344662,0
344663,0
344664,0
344665,0
344666,0
344667,0
344668,0
344669,0
344670,0
344671,0
344672,0
344673,0
344674,0
344675,0
344676,3
344677,0
344678,0
344679,0
344680,0
344681,0
344682,6
344683,0
344684,0
344685,0
344686,0
344687,0
344688,0
344689,0
344690,7
344691,0
344692,0
344693,0
344694,0
344695,0
344696,0
344697,11
344698,0
344699,0
344700,0
344701,0
344702,0
344703,0
344704,0
344705,6
344706,0
344707,0
344708,4
344709,0
344710,0
344711,0
344712,0
344713,0
344714,0
344715,7
344716,0
344717,20
344718,0
344719,0
344720,0
344721,0
344722,0
344723,0
344724,0
344725,0
344726,0
344727,0
344728,0
344729,0
344730,0
344731,0
344732,0
344733,0
344734,9
344735,0
344736,0
344737,3
344738,0
344739,5
344740,13
344741,0
344742,0
344743,0
344744,7
344745,0
344746,5
344747,0
344748,0
344749,0
344750,0
344751,0
344752,0
344753,2
344754,0
344755,2
344756,0
344757,0
344758,7
344759,0
344760,0
344761,5
344762,0
344763,0
344764,0
344765,0
344766,0
344767,0
344768,8
344769,7
344770,5
344771,0
344772,0
344773,0
344774,0
344775,0
344776,6
344777,0
344778,0
344779,0
344780,0
344781,0
344782,7
344783,0
344784,0
344785,8
344786,2
344787,9
344788,0
344789,0
344790,0
344791,0
344792,0
344793,0
344794,0
344795,0
344796,0
344797,0
344798,7
344799,8
344800,6
344801,0
344802,0
344803,0
344804,0
344805,0
344806,0
344807,0
344808,0
344809,7
344810,0
344811,0
344812,3
344813,0
344814,0
344815,0
344816,0
344817,0
344818,0
344819,0
344820,0
344821,0
344822,0
344823,0
344824,0
344825,0
344826,0
344827,0
344828,0
344829,0
344830,0
344831,0
344832,0
344833,0
344834,0
344835,0
344836,0
344837,0
344838,0
344839,0
344840,0
344841,0
344842,0
344843,8
344844,0
344845,0
344846,5
344847,0
344848,0
344849,0
344850,0
344851,0
344852,0
344853,0
344854,0
344855,0
344856,0
344857,0
344858,9
344859,0
344860,0
344861,0
344862,0
344863,0
344864,0
344865,0
344866,0
344867,10
344868,9
344869,12
344870,0
344871,0
344872,0
344873,0
344874,0
344875,8
344876,6
344877,3
344878,0
344879,0
344880,0
344881,0
344882,0
344883,6
344884,8
344885,0
344886,0
344887,0
344888,0
344889,0
344890,7
344891,0
344892,9
344893,0
344894,0
344895,0
344896,0
344897,11
344898,0
344899,0
344900,0
344901,10
344902,10
344903,0
344904,0
344905,0
344906,10
344907,0
344908,0
344909,0
344910,0
344911,0
344912,0
344913,0
344914,0
344915,0
344916,0
344917,0
344918,0
344919,0
344920,0
344921,9
344922,6
344923,0
344924,0
344925,0
344926,4
344927,0
344928,0
344929,0
344930,0
344931,0
344932,0
344933,0
344934,0
344935,0
344936,0
344937,0
344938,0
344939,0
344940,0
344941,0
344942,0
344943,0
344944,0
344945,0
344946,0
344947,9
344948,4
344949,0
344950,0
344951,0
344952,0
344953,0
344954,0
344955,0
344956,0
344957,0
344958,0
344959,12
344960,6
344961,0
344962,0
344963,0
344964,0
344965,0
344966,0
344967,11
344968,0
344969,7
344970,0
344971,0
344972,0
344973,0
344974,9
344975,0
344976,0
344977,0
344978,7
344979,0
344980,5
344981,0
344982,13
344983,0
344984,0
344985,7
344986,8
344987,0
344988,6
344989,0
344990,0
344991,0
344992,0
344993,0
344994,0
344995,0
344996,0
344997,0
344998,10
344999,7
345000,0
345001,0
345002,0
345003,0
345004,0
345005,0
345006,5
345007,19
345008,0
345009,0
345010,6
345011,0
345012,0
345013,0
345014,0
345015,0
345016,0
345017,0
345018,5
345019,0
345020,5
345021,8
345022,0
345023,0
345024,0
345025,0
345026,7
345027,0
345028,0
345029,5
345030,0
345031,0
345032,0
345033,0
345034,11
345035,0
345036,0
345037,0
345038,0
345039,0
345040,0
345041,4
345042,8
345043,0
345044,0
345045,0
345046,0
345047,8
345048,0
345049,0
345050,0
345051,0
345052,0
345053,5
345054,4
345055,0
345056,0
345057,10
345058,6
345059,0
345060,0
345061,6
345062,0
345063,0
345064,0
345065,0
345066,0
345067,6
345068,9
345069,0
345070,0
345071,0
345072,0
345073,0
345074,0
345075,5
345076,0
345077,1
345078,0
345079,0
345080,0
345081,0
345082,0
345083,0
345084,0
345085,0
345086,10
345087,0
345088,0
345089,0
345090,2
345091,0
345092,0
345093,8
345094,0
345095,0
345096,0
345097,0
345098,11
345099,0
345100,0
345101,0
345102,0
345103,0
345104,0
345105,0
345106,0
345107,0
345108,9
345109,0
345110,7
345111,0
345112,9
345113,0
345114,0
345115,10
345116,6
345117,4
345118,6
345119,0
345120,0
345121,0
345122,0
345123,4
345124,0
345125,1
345126,0
345127,6
345128,0
345129,0
345130,0
345131,8
345132,0
345133,0
345134,0
345135,6
345136,6
345137,0
345138,0
345139,0
345140,0
345141,0
345142,0
345143,0
345144,0
345145,0
345146,7
345147,12
345148,0
345149,7
345150,0
345151,0
345152,0
345153,0
345154,0
345155,0
345156,8
345157,0
345158,0
345159,0
345160,0
345161,0
345162,7
345163,13
345164,0
345165,0
345166,0
345167,0
345168,0
345169,8
345170,0
345171,0
345172,11
345173,0
345174,0
345175,8
345176,0
345177,0
345178,0
345179,0
345180,0
345181,0
345182,0
345183,0
345184,0
345185,3
345186,0
345187,0
345188,0
345189,0
345190,0
345191,0
345192,0
345193,10
345194,8
345195,0
345196,0
345197,0
345198,0
345199,0
345200,0
345201,0
345202,0
345203,0
345204,6
345205,0
345206,0
345207,0
345208,0
345209,0
345210,0
345211,0
345212,0
345213,0
345214,11
345215,6
345216,0
345217,0
345218,0
345219,0
345220,0
345221,5
345222,8
345223,5
345224,0
345225,7
345226,0
345227,13
345228,0
345229,11
345230,0
345231,0
345232,8
345233,0
345234,0
345235,0
345236,0
345237,0
345238,0
345239,5
345240,0
345241,0
345242,0
345243,8
345244,0
345245,0
345246,0
345247,0
345248,11
345249,0
345250,0
345251,0
345252,0
345253,0
345254,0
345255,0
345256,10
345257,0
345258,0
345259,0
345260,0
345261,0
345262,0
345263,0
345264,0
345265,0
345266,0
345267,0
345268,0
345269,6
345270,0
345271,0
345272,9
345273,0
345274,0
345275,0
345276,7
345277,11
345278,0
345279,0
345280,0
345281,7
345282,0
345283,0
345284,0
345285,0
345286,0
345287,0
345288,0
345289,5
345290,8
345291,0
345292,0
345293,11
345294,7
345295,0
345296,0
345297,0
345298,0
345299,0
345300,0
345301,0
345302,0
345303,0
345304,0
345305,0
345306,0
345307,0
345308,0
345309,0
345310,0
345311,0
345312,0
345313,0
345314,0
345315,0
345316,0
345317,0
345318,0
345319,0
345320,0
345321,0
345322,8
345323,0
345324,0
345325,0
345326,0
345327,0
345328,8
345329,0
345330,4
345331,0
345332,0
345333,0
345334,0
345335,0
345336,0
345337,0
345338,0
345339,7
345340,6
345341,0
345342,9
345343,0
345344,0
345345,4
345346,0
345347,0
345348,0
345349,0
345350,5
345351,0
345352,0
345353,0
345354,0
345355,13
345356,8
345357,0
345358,0
345359,6
345360,0
345361,0
345362,0
345363,3
345364,7
345365,0
345366,7
345367,0
345368,0
345369,0
345370,0
345371,0
345372,0
345373,0
345374,0
345375,0
345376,0
345377,0
345378,0
345379,0
345380,0
345381,0
345382,7
345383,0
345384,0
345385,0
345386,0
345387,0
345388,0
345389,0
345390,0
345391,0
345392,0
345393,0
345394,0
345395,0
345396,0
345397,5
345398,10
345399,0
345400,11
345401,4
345402,6
345403,0
345404,0
345405,0
345406,6
345407,0
345408,0
345409,0
345410,0
345411,0
345412,0
345413,0
345414,0
345415,0
345416,0
345417,0
345418,0
345419,0
345420,0
345421,6
345422,7
345423,0
345424,11
345425,0
345426,0
345427,0
345428,3
345429,8
345430,0
345431,0
345432,0
345433,6
345434,0
345435,0
345436,3
345437,5
345438,0
345439,14
345440,0
345441,5
345442,0
345443,0
345444,0
345445,0
345446,0
345447,0
345448,0
345449,0
345450,11
345451,0
345452,0
345453,0
345454,11
345455,4
345456,0
345457,0
345458,7
345459,0
345460,5
345461,5
345462,10
345463,0
345464,0
345465,0
345466,0
345467,5
345468,0
345469,0
345470,0
345471,0
345472,0
345473,0
345474,0
345475,0
345476,0
345477,0
345478,0
345479,0
345480,0
345481,0
345482,14
345483,0
345484,0
345485,0
345486,0
345487,0
345488,0
345489,0
345490,0
345491,0
345492,0
345493,0
345494,0
345495,10
345496,8
345497,0
345498,13
345499,0
345500,0
345501,0
345502,11
345503,0
345504,14
345505,0
345506,0
345507,0
345508,0
345509,3
345510,0
345511,0
345512,8
345513,0
345514,0
345515,6
345516,0
345517,0
345518,0
345519,0
345520,0
345521,0
345522,0
345523,0
345524,0
345525,10
345526,0
345527,8
345528,0
345529,0
345530,0
345531,0
345532,0
345533,0
345534,4
345535,0
345536,0
345537,0
345538,0
345539,0
345540,0
345541,0
345542,6
345543,0
345544,0
345545,0
345546,0
345547,0
345548,7
345549,0
345550,0
345551,0
345552,0
345553,0
345554,0
345555,8
345556,10
345557,0
345558,0
345559,0
345560,3
345561,11
345562,0
345563,3
345564,0
345565,10
345566,0
345567,0
345568,0
345569,7
345570,0
345571,0
345572,0
345573,0
345574,0
345575,11
345576,0
345577,5
345578,0
345579,10
345580,0
345581,4
345582,7
345583,0
345584,0
345585,10
345586,0
345587,0
345588,9
345589,0
345590,0
345591,0
345592,0
345593,0
345594,0
345595,0
345596,0
345597,27
345598,0
345599,26
345600,0
345601,0
345602,0
345603,0
345604,0
345605,0
345606,0
345607,34
345608,0
345609,0
345610,0
345611,0
345612,31
345613,0
345614,0
345615,0
345616,0
345617,0
345618,0
345619,36
345620,0
345621,0
345622,0
345623,0
345624,35
345625,0
345626,33
345627,32
345628,0
345629,21
345630,0
345631,0
345632,0
345633,24
345634,0
345635,0
345636,0
345637,10
345638,0
345639,31
345640,24
345641,0
345642,0
345643,0
345644,0
345645,0
345646,0
345647,0
345648,0
345649,0
345650,29
345651,0
345652,0
345653,0
345654,0
345655,0
345656,15
345657,21
345658,0
345659,0
345660,24
345661,0
345662,0
345663,0
345664,0
345665,17
345666,33
345667,36
345668,0
345669,0
345670,28
345671,0
345672,39
345673,0
345674,0
345675,0
345676,19
345677,0
345678,0
345679,0
345680,0
345681,29
345682,0
345683,0
345684,0
345685,0
345686,0
345687,0
345688,0
345689,0
345690,13
345691,0
345692,0
345693,17
345694,0
345695,0
345696,0
345697,0
345698,0
345699,26
345700,0
345701,0
345702,20
345703,0
345704,0
345705,0
345706,0
345707,0
345708,26
345709,39
345710,0
345711,32
345712,20
345713,0
345714,0
345715,0
345716,0
345717,0
345718,29
345719,0
345720,35
345721,0
345722,0
345723,34
345724,0
345725,0
345726,0
345727,0
345728,0
345729,0
345730,0
345731,0
345732,0
345733,25
345734,0
345735,0
345736,0
345737,33
345738,35
345739,0
345740,0
345741,0
345742,0
345743,0
345744,26
345745,0
345746,29
345747,32
345748,0
345749,0
345750,0
345751,0
345752,24
345753,0
345754,0
345755,0
345756,26
345757,29
345758,0
345759,41
345760,27
345761,0
345762,0
345763,0
345764,19
345765,0
345766,0
345767,0
345768,0
345769,0
345770,0
345771,0
345772,25
345773,0
345774,0
345775,21
345776,26
345777,0
345778,14
345779,0
345780,0
345781,0
345782,0
345783,0
345784,0
345785,0
345786,38
345787,0
345788,29
345789,0
345790,0
345791,0
345792,0
345793,0
345794,24
345795,0
345796,18
345797,0
345798,25
345799,0
345800,0
345801,0
345802,0
345803,0
345804,35
345805,0
345806,28
345807,0
345808,0
345809,0
345810,0
345811,0
345812,0
345813,0
345814,0
345815,0
345816,0
345817,0
345818,0
345819,0
345820,0
345821,0
345822,0
345823,0
345824,0
345825,0
345826,0
345827,0
345828,0
345829,0
345830,0
345831,0
345832,0
345833,0
345834,0
345835,0
345836,0
345837,0
345838,0
345839,0
345840,0
345841,0
345842,0
345843,0
345844,0
345845,0
345846,0
345847,0
345848,0
345849,0
345850,0
345851,0
345852,0
345853,0
345854,0
345855,0
345856,0
345857,0
345858,0
345859,0
345860,0
345861,0
345862,0
345863,0
345864,0
345865,0
345866,0
345867,0
345868,0
345869,0
345870,0
345871,0
345872,0
345873,0
345874,0
345875,0
345876,0
345877,0
345878,0
345879,0
345880,0
345881,0
345882,0
345883,0
345884,0
345885,0
345886,0
345887,0
345888,0
345889,0
345890,0
345891,0
345892,0
345893,0
345894,0
345895,0
345896,0
345897,0
345898,0
345899,0
345900,0
345901,0
345902,0
345903,0
345904,0
345905,0
345906,0
345907,0
345908,0
345909,0
345910,0
345911,0
345912,0
345913,0
345914,0
345915,0
345916,0
345917,0
345918,0
345919,0
345920,0
345921,0
345922,0
345923,0
345924,0
345925,0
345926,0
345927,0
345928,0
345929,0
345930,0
345931,0
345932,0
345933,0
345934,0
345935,0
345936,0
345937,0
345938,0
345939,0
345940,0
345941,0
345942,0
345943,0
345944,0
345945,0
345946,0
345947,0
345948,0
345949,0
345950,0
345951,0
345952,0
345953,0
345954,0
345955,0
345956,0
345957,0
345958,0
345959,0
345960,0
345961,0
345962,0
345963,0
345964,0
345965,0
345966,0
345967,0
345968,0
345969,0
345970,0
345971,0
345972,0
345973,0
345974,0
345975,0
345976,0
345977,0
345978,0
345979,0
345980,0
345981,0
345982,0
345983,0
345984,0
345985,0
345986,0
345987,0
345988,0
345989,0
345990,0
345991,0
345992,0
345993,0
345994,0
345995,0
345996,0
345997,0
345998,0
345999,0
346000,0
346001,0
346002,0
346003,0
346004,0
346005,0
346006,0
346007,0
346008,0
346009,0
346010,0
346011,0
346012,0
346013,0
346014,0
346015,0
346016,0
346017,0
346018,0
346019,0
346020,0
346021,0
346022,0
346023,0
346024,0
346025,0
346026,0
346027,0
346028,0
346029,0
346030,0
346031,0
346032,0
346033,0
346034,0
346035,0
346036,0
346037,0
346038,0
346039,0
346040,0
346041,0
346042,0
346043,0
346044,0
346045,0
346046,0
346047,0
346048,0
346049,0
346050,0
346051,0
346052,0
346053,0
346054,0
346055,0
346056,0
346057,0
346058,0
346059,0
346060,0
346061,0
346062,0
346063,0
346064,0
346065,0
346066,0
346067,0
346068,0
346069,0
346070,0
346071,0
346072,0
346073,0
346074,0
346075,0
346076,0
346077,0
346078,0
346079,0
346080,0
346081,0
346082,0
346083,0
346084,0
346085,0
346086,0
346087,0
346088,0
346089,0
346090,0
346091,0
346092,0
346093,0
346094,0
346095,0
346096,0
346097,0
346098,0
346099,0
346100,0
346101,0
346102,0
346103,0
346104,0
346105,0
346106,0
346107,0
346108,0
346109,0
346110,0
346111,0
346112,0
346113,0
346114,0
346115,0
346116,0
346117,0
346118,0
346119,0
346120,0
346121,0
346122,0
346123,0
346124,0
346125,0
346126,0
346127,0
346128,0
346129,0
346130,0
346131,0
346132,0
346133,0
346134,0
346135,0
346136,0
346137,0
346138,0
346139,0
346140,0
346141,0
346142,0
346143,0
346144,0
346145,0
346146,0
346147,0
346148,0
346149,0
346150,0
346151,0
346152,0
346153,0
346154,0
346155,0
346156,0
346157,0
346158,0
346159,0
346160,0
346161,1
346162,0
346163,0
346164,0
346165,0
346166,0
346167,0
346168,0
346169,0
346170,0
346171,0
346172,0
346173,0
346174,0
346175,0
346176,0
346177,0
346178,0
346179,0
346180,0
346181,0
346182,42
346183,0
346184,29
346185,0
346186,0
346187,0
346188,0
346189,0
346190,0
346191,0
346192,0
346193,0
346194,0
346195,0
346196,0
346197,0
346198,0
346199,28
346200,0
346201,33
346202,0
346203,0
346204,36
346205,0
346206,0
346207,0
346208,0
346209,0
346210,0
346211,0
346212,0
346213,0
346214,32
346215,0
346216,0
346217,0
346218,38
346219,0
346220,0
346221,0
346222,0
346223,0
346224,0
346225,35
346226,0
346227,0
346228,0
346229,0
346230,39
346231,0
346232,0
346233,0
346234,0
346235,0
346236,0
346237,0
346238,0
346239,0
346240,0
346241,0
346242,0
346243,0
346244,0
346245,45
346246,31
346247,0
346248,0
346249,0
346250,0
346251,0
346252,0
346253,0
346254,0
346255,0
346256,0
346257,0
346258,26
346259,0
346260,0
346261,0
346262,22
346263,0
346264,0
346265,30
346266,29
346267,0
346268,0
346269,0
346270,0
346271,0
346272,0
346273,0
346274,0
346275,33
346276,0
346277,0
346278,0
346279,53
346280,0
346281,32
346282,36
346283,0
346284,0
346285,32
346286,19
346287,0
346288,0
346289,0
346290,0
346291,0
346292,50
346293,0
346294,0
346295,0
346296,0
346297,0
346298,0
346299,0
346300,0
346301,0
346302,0
346303,0
346304,0
346305,0
346306,0
346307,0
346308,0
346309,0
346310,0
346311,37
346312,0
346313,0
346314,0
346315,0
346316,0
346317,0
346318,0
346319,0
346320,0
346321,35
346322,37
346323,0
346324,0
346325,0
346326,0
346327,0
346328,0
346329,0
346330,0
346331,0
346332,0
346333,0
346334,0
346335,0
346336,42
346337,0
346338,0
346339,0
346340,0
346341,0
346342,0
346343,0
346344,0
346345,0
346346,0
346347,48
346348,0
346349,0
346350,0
346351,0
346352,0
346353,0
346354,0
346355,0
346356,0
346357,34
346358,0
346359,0
346360,0
346361,0
346362,30
346363,0
346364,28
346365,0
346366,0
346367,0
346368,0
346369,0
346370,0
346371,0
346372,0
346373,0
346374,0
346375,0
346376,0
346377,26
346378,28
346379,0
346380,0
346381,0
346382,0
346383,0
346384,0
346385,0
346386,0
346387,0
346388,0
346389,0
346390,44
346391,0
346392,0
346393,37
346394,33
346395,0
346396,0
346397,0
346398,0
346399,0
346400,0
346401,0
346402,0
346403,0
346404,0
346405,0
346406,0
346407,0
346408,0
346409,36
346410,0
346411,0
346412,0
346413,0
346414,0
346415,0
346416,0
346417,0
346418,0
346419,0
346420,0
346421,0
346422,0
346423,0
346424,0
346425,0
346426,0
346427,0
346428,35
346429,30
346430,0
346431,0
346432,0
346433,0
346434,60
346435,0
346436,0
346437,0
346438,0
346439,35
346440,0
346441,0
346442,0
346443,0
346444,0
346445,0
346446,0
346447,0
346448,34
346449,0
346450,0
346451,0
346452,0
346453,0
346454,0
346455,0
346456,0
346457,0
346458,41
346459,0
346460,0
346461,30
346462,0
346463,0
346464,0
346465,0
346466,0
346467,0
346468,44
346469,0
346470,0
346471,29
346472,0
346473,30
346474,0
346475,0
346476,0
346477,0
346478,0
346479,0
346480,0
346481,0
346482,0
346483,38
346484,0
346485,39
346486,0
346487,0
346488,0
346489,0
346490,0
346491,0
346492,0
346493,0
346494,32
346495,0
346496,0
346497,38
346498,0
346499,0
346500,0
346501,0
346502,0
346503,0
346504,0
346505,0
346506,40
346507,0
346508,0
346509,30
346510,0
346511,0
346512,39
346513,0
346514,0
346515,0
346516,0
346517,0
346518,29
346519,0
346520,0
346521,26
346522,0
346523,0
346524,0
346525,0
346526,0
346527,0
346528,0
346529,23
346530,0
346531,0
346532,0
346533,35
346534,0
346535,32
346536,0
346537,0
346538,0
346539,0
346540,0
346541,0
346542,0
346543,0
346544,0
346545,0
346546,0
346547,0
346548,56
346549,35
346550,0
346551,0
346552,0
346553,0
346554,0
346555,0
346556,0
346557,0
346558,37
346559,0
346560,0
346561,0
346562,0
346563,39
346564,21
346565,0
346566,0
346567,0
346568,0
346569,0
346570,0
346571,0
346572,35
346573,0
346574,0
346575,0
346576,0
346577,0
346578,0
346579,0
346580,0
346581,0
346582,0
346583,0
346584,0
346585,0
346586,0
346587,34
346588,0
346589,0
346590,0
346591,0
346592,0
346593,0
346594,0
346595,0
346596,44
346597,0
346598,0
346599,0
346600,0
346601,0
346602,0
346603,0
346604,0
346605,0
346606,0
346607,0
346608,0
346609,30
346610,0
346611,0
346612,35
346613,0
346614,0
346615,0
346616,0
346617,0
346618,0
346619,0
346620,0
346621,0
346622,0
346623,0
346624,0
346625,0
346626,0
346627,0
346628,0
346629,0
346630,0
346631,0
346632,0
346633,0
346634,0
346635,0
346636,0
346637,0
346638,34
346639,0
346640,0
346641,44
346642,0
346643,0
346644,0
346645,0
346646,0
346647,0
346648,0
346649,0
346650,0
346651,0
346652,32
346653,0
346654,0
346655,0
346656,0
346657,0
346658,0
346659,0
346660,0
346661,0
346662,0
346663,0
346664,0
346665,0
346666,35
346667,0
346668,0
346669,0
346670,0
346671,0
346672,0
346673,0
346674,0
346675,0
346676,0
346677,0
346678,0
346679,34
346680,0
346681,0
346682,0
346683,0
346684,0
346685,0
346686,33
346687,0
346688,0
346689,0
346690,0
346691,0
346692,0
346693,0
346694,0
346695,34
346696,0
346697,0
346698,0
346699,0
346700,0
346701,0
346702,0
346703,0
346704,0
346705,0
346706,0
346707,0
346708,49
346709,0
346710,51
346711,0
346712,0
346713,0
346714,0
346715,0
346716,38
346717,0
346718,0
346719,0
346720,0
346721,0
346722,34
346723,0
346724,0
346725,0
346726,0
346727,32
346728,0
346729,0
346730,0
346731,0
346732,49
346733,0
346734,0
346735,0
346736,0
346737,33
346738,0
346739,0
346740,0
346741,0
346742,0
346743,0
346744,0
346745,0
346746,0
346747,0
346748,0
346749,0
346750,43
346751,0
346752,0
346753,0
346754,0
346755,35
346756,0
346757,0
346758,0
346759,0
346760,0
346761,0
346762,0
346763,42
346764,37
346765,50
346766,44
346767,0
346768,0
346769,44
346770,0
346771,0
346772,0
346773,0
346774,0
346775,0
346776,34
346777,0
346778,0
346779,45
346780,0
346781,0
346782,0
346783,0
346784,23
346785,0
346786,0
346787,0
346788,0
346789,0
346790,0
346791,46
346792,0
346793,0
346794,0
346795,0
346796,0
346797,0
346798,37
346799,0
346800,0
346801,0
346802,0
346803,0
346804,0
346805,0
346806,0
346807,0
346808,40
346809,0
346810,0
346811,0
346812,37
346813,0
346814,0
346815,0
346816,0
346817,0
346818,50
346819,0
346820,0
346821,0
346822,0
346823,0
346824,0
346825,0
346826,0
346827,36
346828,0
346829,0
346830,0
346831,28
346832,0
346833,0
346834,0
346835,0
346836,0
346837,0
346838,0
346839,0
346840,0
346841,42
346842,0
346843,0
346844,0
346845,0
346846,0
346847,0
346848,0
346849,27
346850,0
346851,43
346852,0
346853,0
346854,0
346855,0
346856,0
346857,0
346858,0
346859,0
346860,55
346861,0
346862,0
346863,0
346864,0
346865,0
346866,0
346867,0
346868,0
346869,0
346870,0
346871,0
346872,0
346873,0
346874,0
346875,0
346876,45
346877,0
346878,29
346879,0
346880,0
346881,0
346882,30
346883,0
346884,0
346885,0
346886,0
346887,0
346888,0
346889,0
346890,0
346891,44
346892,0
346893,0
346894,0
346895,0
346896,0
346897,0
346898,0
346899,0
346900,0
346901,0
346902,0
346903,0
346904,0
346905,0
346906,0
346907,0
346908,0
346909,0
346910,0
346911,0
346912,0
346913,35
346914,32
346915,0
346916,0
346917,0
346918,0
346919,0
346920,0
346921,0
346922,0
346923,0
346924,24
346925,39
346926,38
346927,0
346928,0
346929,0
346930,0
346931,49
346932,0
346933,50
346934,37
346935,0
346936,0
346937,0
346938,32
346939,0
346940,0
346941,0
346942,0
346943,0
346944,36
346945,0
346946,0
346947,37
346948,0
346949,0
346950,0
346951,28
346952,45
346953,0
346954,0
346955,0
346956,0
346957,0
346958,43
346959,0
346960,0
346961,0
346962,0
346963,0
346964,0
346965,0
346966,43
346967,0
346968,55
346969,0
346970,38
346971,36
346972,0
346973,0
346974,45
346975,0
346976,0
346977,41
346978,0
346979,30
346980,0
346981,0
346982,48
346983,48
346984,0
346985,0
346986,45
346987,0
346988,0
346989,0
346990,0
346991,39
346992,0
346993,0
346994,0
346995,0
346996,40
346997,0
346998,0
346999,0
347000,0
347001,0
347002,0
347003,0
347004,0
347005,36
347006,0
347007,0
347008,33
347009,39
347010,0
347011,0
347012,0
347013,0
347014,0
347015,0
347016,30
347017,0
347018,0
347019,0
347020,0
347021,0
347022,0
347023,0
347024,0
347025,0
347026,0
347027,0
347028,0
347029,0
347030,0
347031,0
347032,0
347033,0
347034,0
347035,0
347036,32
347037,39
347038,0
347039,29
347040,0
347041,0
347042,0
347043,0
347044,0
347045,42
347046,33
347047,46
347048,0
347049,0
347050,0
347051,0
347052,0
347053,33
347054,0
347055,0
347056,0
347057,52
347058,0
347059,0
347060,0
347061,0
347062,0
347063,0
347064,20
347065,0
347066,0
347067,0
347068,0
347069,0
347070,37
347071,0
347072,36
347073,0
347074,0
347075,0
347076,0
347077,0
347078,0
347079,0
347080,0
347081,0
347082,34
347083,0
347084,0
347085,0
347086,0
347087,0
347088,0
347089,0
347090,0
347091,0
347092,39
347093,0
347094,0
347095,0
347096,0
347097,0
347098,0
347099,0
347100,0
347101,42
347102,36
347103,0
347104,0
347105,0
347106,0
347107,0
347108,0
347109,0
347110,0
347111,0
347112,0
347113,0
347114,0
347115,35
347116,0
347117,0
347118,0
347119,0
347120,0
347121,0
347122,0
347123,0
347124,0
347125,0
347126,0
347127,0
347128,0
347129,0
347130,0
347131,0
347132,35
347133,0
347134,0
347135,37
347136,36
347137,0
347138,41
347139,0
347140,45
347141,0
347142,0
347143,48
347144,0
347145,0
347146,42
347147,44
347148,0
347149,0
347150,0
347151,0
347152,0
347153,0
347154,0
347155,0
347156,0
347157,0
347158,31
347159,0
347160,31
347161,0
347162,0
347163,0
347164,0
347165,0
347166,0
347167,0
347168,0
347169,0
347170,0
347171,0
347172,0
347173,0
347174,0
347175,0
347176,0
347177,0
347178,28
347179,0
347180,0
347181,0
347182,0
347183,0
347184,0
347185,0
347186,0
347187,0
347188,0
347189,0
347190,0
347191,0
347192,0
347193,0
347194,0
347195,42
347196,0
347197,0
347198,0
347199,0
347200,0
347201,60
347202,0
347203,28
347204,0
347205,43
347206,0
347207,0
347208,0
347209,42
347210,36
347211,0
347212,0
347213,0
347214,0
347215,42
347216,0
347217,44
347218,35
347219,0
347220,0
347221,45
347222,0
347223,0
347224,0
347225,0
347226,0
347227,0
347228,0
347229,0
347230,38
347231,50
347232,0
347233,0
347234,0
347235,0
347236,0
347237,0
347238,0
347239,0
347240,43
347241,0
347242,43
347243,0
347244,0
347245,0
347246,0
347247,0
347248,48
347249,32
347250,0
347251,0
347252,0
347253,0
347254,0
347255,0
347256,0
347257,0
347258,0
347259,0
347260,31
347261,0
347262,44
347263,0
347264,0
347265,0
347266,0
347267,32
347268,0
347269,0
347270,0
347271,38
347272,0
347273,0
347274,0
347275,0
347276,0
347277,0
347278,0
347279,0
347280,0
347281,0
347282,0
347283,0
347284,0
347285,0
347286,0
347287,0
347288,0
347289,0
347290,0
347291,43
347292,38
347293,0
347294,49
347295,0
347296,0
347297,0
347298,28
347299,0
347300,0
347301,32
347302,47
347303,0
347304,29
347305,0
347306,41
347307,0
347308,0
347309,0
347310,0
347311,30
347312,0
347313,0
347314,0
347315,0
347316,0
347317,0
347318,0
347319,0
347320,0
347321,0
347322,0
347323,0
347324,0
347325,0
347326,0
347327,0
347328,54
347329,0
347330,0
347331,0
347332,0
347333,35
347334,0
347335,0
347336,0
347337,0
347338,0
347339,0
347340,0
347341,0
347342,0
347343,0
347344,43
347345,0
347346,0
347347,24
347348,0
347349,0
347350,0
347351,42
347352,0
347353,0
347354,0
347355,0
347356,0
347357,0
347358,0
347359,0
347360,0
347361,28
347362,0
347363,0
347364,0
347365,0
347366,0
347367,0
347368,0
347369,0
347370,0
347371,0
347372,0
347373,0
347374,0
347375,39
347376,0
347377,0
347378,0
347379,0
347380,0
347381,0
347382,0
347383,0
347384,0
347385,0
347386,0
347387,30
347388,0
347389,0
347390,0
347391,0
347392,0
347393,41
347394,0
347395,0
347396,0
347397,0
347398,0
347399,0
347400,0
347401,0
347402,0
347403,0
347404,0
347405,0
347406,0
347407,0
347408,0
347409,0
347410,0
347411,0
347412,0
347413,0
347414,0
347415,0
347416,0
347417,0
347418,0
347419,0
347420,0
347421,0
347422,0
347423,0
347424,0
347425,0
347426,0
347427,0
347428,0
347429,0
347430,0
347431,0
347432,0
347433,0
347434,0
347435,0
347436,0
347437,0
347438,35
347439,0
347440,44
347441,0
347442,0
347443,0
347444,0
347445,45
347446,40
347447,0
347448,0
347449,0
347450,0
347451,0
347452,0
347453,0
347454,0
347455,0
347456,0
347457,0
347458,47
347459,0
347460,0
347461,0
347462,32
347463,38
347464,0
347465,0
347466,0
347467,0
347468,39
347469,0
347470,0
347471,37
347472,0
347473,0
347474,0
347475,0
347476,0
347477,0
347478,0
347479,36
347480,30
347481,0
347482,0
347483,0
347484,0
347485,49
347486,0
347487,0
347488,0
347489,0
347490,0
347491,0
347492,34
347493,0
347494,0
347495,0
347496,34
347497,28
347498,0
347499,0
347500,0
347501,0
347502,0
347503,0
347504,39
347505,0
347506,0
347507,0
347508,0
347509,0
347510,46
347511,0
347512,0
347513,0
347514,0
347515,0
347516,0
347517,0
347518,0
347519,38
347520,0
347521,0
347522,0
347523,44
347524,0
347525,0
347526,0
347527,0
347528,0
347529,0
347530,0
347531,0
347532,0
347533,0
347534,0
347535,0
347536,0
347537,0
347538,0
347539,0
347540,0
347541,0
347542,0
347543,0
347544,1
347545,0
347546,0
347547,0
347548,0
347549,0
347550,0
347551,0
347552,0
347553,0
347554,0
347555,0
347556,0
347557,0
347558,0
347559,0
347560,0
347561,0
347562,0
347563,0
347564,0
347565,0
347566,0
347567,0
347568,0
347569,0
347570,0
347571,0
347572,0
347573,0
347574,0
347575,0
347576,0
347577,0
347578,0
347579,0
347580,0
347581,0
347582,0
347583,0
347584,0
347585,0
347586,0
347587,0
347588,0
347589,0
347590,0
347591,0
347592,0
347593,0
347594,0
347595,0
347596,0
347597,0
347598,0
347599,0
347600,0
347601,0
347602,0
347603,0
347604,1
347605,0
347606,0
347607,0
347608,0
347609,0
347610,0
347611,0
347612,0
347613,0
347614,0
347615,0
347616,0
347617,0
347618,0
347619,0
347620,0
347621,0
347622,0
347623,0
347624,0
347625,0
347626,0
347627,0
347628,0
347629,0
347630,0
347631,2
347632,0
347633,0
347634,0
347635,0
347636,0
347637,0
347638,0
347639,0
347640,1
347641,1
347642,0
347643,0
347644,0
347645,0
347646,0
347647,0
347648,0
347649,0
347650,0
347651,0
347652,0
347653,1
347654,0
347655,0
347656,0
347657,0
347658,0
347659,0
347660,0
347661,0
347662,0
347663,0
347664,0
347665,1
347666,0
347667,0
347668,0
347669,0
347670,0
347671,0
347672,0
347673,0
347674,0
347675,0
347676,0
347677,0
347678,0
347679,0
347680,0
347681,0
347682,0
347683,0
347684,0
347685,0
347686,0
347687,0
347688,0
347689,0
347690,0
347691,0
347692,0
347693,0
347694,0
347695,0
347696,0
347697,0
347698,0
347699,0
347700,0
347701,0
347702,0
347703,0
347704,0
347705,0
347706,0
347707,0
347708,0
347709,0
347710,0
347711,0
347712,0
347713,2
347714,0
347715,0
347716,0
347717,0
347718,0
347719,0
347720,0
347721,0
347722,0
347723,0
347724,0
347725,0
347726,0
347727,0
347728,0
347729,0
347730,1
347731,0
347732,0
347733,0
347734,0
347735,0
347736,0
347737,0
347738,0
347739,1
347740,0
347741,0
347742,0
347743,0
347744,0
347745,0
347746,0
347747,0
347748,0
347749,0
347750,0
347751,0
347752,0
347753,0
347754,0
347755,0
347756,0
347757,0
347758,0
347759,0
347760,0
347761,0
347762,0
347763,0
347764,0
347765,0
347766,0
347767,0
347768,0
347769,0
347770,0
347771,0
347772,0
347773,0
347774,0
347775,0
347776,0
347777,0
347778,0
347779,0
347780,0
347781,0
347782,0
347783,0
347784,0
347785,0
347786,0
347787,0
347788,0
347789,0
347790,0
347791,0
347792,0
347793,0
347794,0
347795,0
347796,0
347797,0
347798,0
347799,0
347800,0
347801,0
347802,0
347803,0
347804,0
347805,1
347806,0
347807,0
347808,0
347809,0
347810,0
347811,0
347812,0
347813,0
347814,0
347815,0
347816,0
347817,0
347818,1
347819,0
347820,0
347821,0
347822,0
347823,0
347824,0
347825,0
347826,0
347827,0
347828,0
347829,0
347830,0
347831,0
347832,0
347833,0
347834,0
347835,0
347836,0
347837,0
347838,0
347839,0
347840,0
347841,0
347842,0
347843,0
347844,0
347845,0
347846,0
347847,0
347848,0
347849,0
347850,0
347851,0
347852,0
347853,0
347854,0
347855,0
347856,0
347857,0
347858,0
347859,0
347860,0
347861,0
347862,0
347863,0
347864,0
347865,0
347866,0
347867,0
347868,0
347869,0
347870,0
347871,0
347872,0
347873,0
347874,0
347875,0
347876,0
347877,0
347878,0
347879,0
347880,0
347881,0
347882,0
347883,0
347884,0
347885,0
347886,1
347887,0
347888,0
347889,0
347890,0
347891,0
347892,0
347893,0
347894,0
347895,0
347896,0
347897,0
347898,1
347899,0
347900,0
347901,0
347902,1
347903,0
347904,0
347905,0
347906,0
347907,0
347908,0
347909,0
347910,0
347911,1
347912,0
347913,0
347914,0
347915,0
347916,0
347917,0
347918,0
347919,0
347920,0
347921,0
347922,0
347923,0
347924,0
347925,0
347926,0
347927,0
347928,0
347929,0
347930,0
347931,0
347932,1
347933,0
347934,0
347935,0
347936,0
347937,0
347938,0
347939,0
347940,0
347941,0
347942,0
347943,0
347944,0
347945,0
347946,0
347947,0
347948,0
347949,0
347950,0
347951,0
347952,0
347953,0
347954,0
347955,0
347956,0
347957,0
347958,0
347959,0
347960,0
347961,0
347962,0
347963,0
347964,0
347965,0
347966,0
347967,2
347968,0
347969,0
347970,0
347971,0
347972,0
347973,0
347974,0
347975,0
347976,0
347977,0
347978,0
347979,2
347980,0
347981,0
347982,0
347983,1
347984,0
347985,0
347986,0
347987,0
347988,0
347989,0
347990,0
347991,0
347992,0
347993,0
347994,0
347995,0
347996,0
347997,0
347998,0
347999,0
348000,2
348001,0
348002,0
348003,0
348004,0
348005,0
348006,0
348007,0
348008,0
348009,0
348010,0
348011,0
348012,0
348013,0
348014,0
348015,0
348016,0
348017,0
348018,0
348019,0
348020,0
348021,0
348022,0
348023,1
348024,0
348025,0
348026,0
348027,0
348028,0
348029,0
348030,0
348031,1
348032,0
348033,0
348034,0
348035,0
348036,0
348037,0
348038,0
348039,0
348040,0
348041,0
348042,0
348043,0
348044,0
348045,0
348046,0
348047,0
348048,0
348049,0
348050,3
348051,0
348052,0
348053,0
348054,0
348055,0
348056,1
348057,0
348058,0
348059,0
348060,0
348061,0
348062,0
348063,0
348064,0
348065,0
348066,0
348067,0
348068,0
348069,0
348070,0
348071,0
348072,0
348073,0
348074,0
348075,0
348076,0
348077,0
348078,0
348079,0
348080,0
348081,0
348082,0
348083,0
348084,0
348085,0
348086,0
348087,0
348088,0
348089,0
348090,0
348091,0
348092,0
348093,0
348094,1
348095,0
348096,0
348097,0
348098,0
348099,0
348100,0
348101,0
348102,0
348103,0
348104,0
348105,0
348106,0
348107,0
348108,0
348109,0
348110,0
348111,0
348112,0
348113,0
348114,0
348115,0
348116,0
348117,0
348118,0
348119,0
348120,0
348121,0
348122,0
348123,0
348124,0
348125,3
348126,0
348127,0
348128,0
348129,0
348130,0
348131,0
348132,0
348133,0
348134,0
348135,0
348136,0
348137,0
348138,0
348139,0
348140,0
348141,0
348142,0
348143,0
348144,0
348145,0
348146,0
348147,0
348148,0
348149,0
348150,0
348151,0
348152,0
348153,0
348154,0
348155,0
348156,0
348157,0
348158,0
348159,0
348160,0
348161,0
348162,0
348163,0
348164,0
348165,0
348166,0
348167,0
348168,0
348169,0
348170,0
348171,0
348172,0
348173,0
348174,0
348175,0
348176,0
348177,0
348178,0
348179,0
348180,0
348181,0
348182,0
348183,0
348184,0
348185,0
348186,0
348187,0
348188,0
348189,0
348190,0
348191,0
348192,0
348193,0
348194,0
348195,0
348196,2
348197,0
348198,0
348199,0
348200,0
348201,0
348202,0
348203,1
348204,0
348205,2
348206,0
348207,0
348208,0
348209,0
348210,0
348211,0
348212,0
348213,0
348214,0
348215,0
348216,0
348217,0
348218,0
348219,0
348220,0
348221,0
348222,0
348223,0
348224,0
348225,0
348226,0
348227,0
348228,0
348229,0
348230,0
348231,0
348232,0
348233,0
348234,0
348235,0
348236,0
348237,0
348238,0
348239,0
348240,0
348241,0
348242,0
348243,0
348244,0
348245,0
348246,0
348247,0
348248,0
348249,0
348250,0
348251,0
348252,0
348253,0
348254,0
348255,0
348256,0
348257,0
348258,0
348259,0
348260,0
348261,0
348262,0
348263,0
348264,0
348265,0
348266,0
348267,0
348268,0
348269,0
348270,0
348271,0
348272,0
348273,0
348274,0
348275,0
348276,0
348277,0
348278,0
348279,0
348280,2
348281,0
348282,0
348283,0
348284,0
348285,0
348286,0
348287,0
348288,0
348289,0
348290,0
348291,0
348292,0
348293,0
348294,0
348295,0
348296,0
348297,4
348298,0
348299,0
348300,0
348301,3
348302,0
348303,0
348304,0
348305,0
348306,0
348307,0
348308,0
348309,0
348310,0
348311,0
348312,0
348313,0
348314,0
348315,0
348316,0
348317,0
348318,0
348319,0
348320,0
348321,0
348322,0
348323,0
348324,0
348325,0
348326,0
348327,0
348328,0
348329,6
348330,0
348331,0
348332,0
348333,0
348334,0
348335,0
348336,0
348337,0
348338,0
348339,0
348340,3
348341,0
348342,0
348343,0
348344,0
348345,0
348346,2
348347,0
348348,3
348349,0
348350,0
348351,0
348352,1
348353,0
348354,0
348355,0
348356,2
348357,0
348358,1
348359,0
348360,0
348361,0
348362,0
348363,0
348364,0
348365,0
348366,0
348367,0
348368,0
348369,0
348370,0
348371,0
348372,0
348373,0
348374,2
348375,1
348376,0
348377,0
348378,0
348379,0
348380,3
348381,0
348382,0
348383,1
348384,0
348385,0
348386,0
348387,0
348388,0
348389,0
348390,0
348391,0
348392,0
348393,0
348394,0
348395,0
348396,0
348397,0
348398,0
348399,0
348400,0
348401,0
348402,0
348403,0
348404,0
348405,0
348406,0
348407,0
348408,0
348409,0
348410,0
348411,0
348412,0
348413,0
348414,0
348415,0
348416,5
348417,0
348418,0
348419,0
348420,0
348421,0
348422,0
348423,0
348424,0
348425,0
348426,0
348427,0
348428,0
348429,3
348430,0
348431,0
348432,0
348433,2
348434,0
348435,0
348436,0
348437,0
348438,0
348439,0
348440,0
348441,1
348442,9
348443,0
348444,0
348445,0
348446,0
348447,0
348448,0
348449,0
348450,10
348451,9
348452,7
348453,0
348454,0
348455,0
348456,0
348457,0
348458,0
348459,0
348460,0
348461,0
348462,0
348463,0
348464,0
348465,16
348466,10
348467,0
348468,4
348469,8
348470,0
348471,8
348472,0
348473,0
348474,0
348475,0
348476,0
348477,3
348478,0
348479,0
348480,0
348481,7
348482,0
348483,0
348484,7
348485,0
348486,11
348487,7
348488,0
348489,0
348490,0
348491,12
348492,7
348493,6
348494,0
348495,8
348496,0
348497,0
348498,0
348499,5
348500,0
348501,0
348502,0
348503,0
348504,0
348505,0
348506,8
348507,0
348508,0
348509,0
348510,5
348511,0
348512,0
348513,0
348514,0
348515,0
348516,0
348517,0
348518,13
348519,0
348520,2
348521,0
348522,0
348523,10
348524,0
348525,10
348526,0
348527,7
348528,7
348529,0
348530,0
348531,0
348532,0
348533,11
348534,0
348535,0
348536,0
348537,0
348538,12
348539,4
348540,0
348541,0
348542,0
348543,0
348544,0
348545,0
348546,14
348547,0
348548,0
348549,0
348550,3
348551,0
348552,0
348553,0
348554,0
348555,0
348556,0
348557,0
348558,0
348559,8
348560,0
348561,0
348562,0
348563,0
348564,5
348565,0
348566,0
348567,5
348568,0
348569,0
348570,7
348571,0
348572,10
348573,12
348574,0
348575,0
348576,5
348577,0
348578,5
348579,0
348580,12
348581,0
348582,0
348583,12
348584,12
348585,15
348586,0
348587,0
348588,0
348589,0
348590,0
348591,0
348592,0
348593,9
348594,10
348595,0
348596,10
348597,0
348598,0
348599,0
348600,0
348601,13
348602,0
348603,0
348604,0
348605,11
348606,0
348607,17
348608,0
348609,6
348610,14
348611,0
348612,9
348613,0
348614,8
348615,10
348616,0
348617,0
348618,0
348619,0
348620,0
348621,7
348622,11
348623,0
348624,0
348625,0
348626,0
348627,12
348628,0
348629,0
348630,0
348631,6
348632,0
348633,0
348634,0
348635,8
348636,7
348637,4
348638,0
348639,0
348640,0
348641,0
348642,15
348643,0
348644,0
348645,0
348646,0
348647,0
348648,4
348649,0
348650,0
348651,0
348652,0
348653,0
348654,10
348655,0
348656,0
348657,0
348658,0
348659,0
348660,11
348661,11
348662,8
348663,3
348664,0
348665,0
348666,0
348667,0
348668,0
348669,0
348670,0
348671,0
348672,0
348673,0
348674,9
348675,0
348676,0
348677,0
348678,9
348679,13
348680,9
348681,0
348682,0
348683,0
348684,0
348685,0
348686,0
348687,0
348688,0
348689,0
348690,0
348691,0
348692,11
348693,0
348694,0
348695,0
348696,10
348697,7
348698,0
348699,0
348700,0
348701,8
348702,0
348703,0
348704,8
348705,0
348706,0
348707,0
348708,0
348709,0
348710,0
348711,0
348712,0
348713,0
348714,0
348715,0
348716,0
348717,15
348718,0
348719,0
348720,8
348721,0
348722,6
348723,0
348724,0
348725,9
348726,5
348727,9
348728,9
348729,0
348730,0
348731,10
348732,0
348733,9
348734,7
348735,0
348736,8
348737,0
348738,0
348739,0
348740,0
348741,0
348742,0
348743,0
348744,0
348745,5
348746,0
348747,3
348748,0
348749,0
348750,0
348751,0
348752,5
348753,0
348754,0
348755,6
348756,0
348757,7
348758,11
348759,0
348760,0
348761,0
348762,0
348763,9
348764,13
348765,0
348766,0
348767,5
348768,0
348769,0
348770,0
348771,0
348772,0
348773,0
348774,0
348775,0
348776,0
348777,0
348778,0
348779,0
348780,9
348781,0
348782,0
348783,2
348784,4
348785,0
348786,5
348787,0
348788,0
348789,0
348790,0
348791,0
348792,0
348793,0
348794,0
348795,0
348796,0
348797,0
348798,0
348799,0
348800,0
348801,0
348802,0
348803,0
348804,0
348805,0
348806,5
348807,0
348808,0
348809,3
348810,0
348811,10
348812,0
348813,0
348814,0
348815,0
348816,0
348817,0
348818,13
348819,0
348820,0
348821,0
348822,7
348823,2
348824,0
348825,0
348826,0
348827,0
348828,0
348829,14
348830,0
348831,0
348832,0
348833,15
348834,6
348835,11
348836,0
348837,0
348838,4
348839,9
348840,0
348841,0
348842,0
348843,0
348844,0
348845,9
348846,5
348847,7
348848,0
348849,8
348850,7
348851,14
348852,0
348853,12
348854,0
348855,9
348856,0
348857,0
348858,0
348859,0
348860,0
348861,0
348862,0
348863,0
348864,0
348865,5
348866,0
348867,7
348868,0
348869,0
348870,0
348871,0
348872,6
348873,0
348874,0
348875,0
348876,12
348877,0
348878,0
348879,0
348880,0
348881,0
348882,0
348883,0
348884,14
348885,0
348886,6
348887,14
348888,0
348889,13
348890,0
348891,5
348892,11
348893,12
348894,0
348895,0
348896,0
348897,0
348898,0
348899,0
348900,9
348901,0
348902,0
348903,0
348904,0
348905,0
348906,0
348907,7
348908,6
348909,0
348910,0
348911,0
348912,0
348913,0
348914,0
348915,0
348916,0
348917,0
348918,0
348919,0
348920,11
348921,0
348922,0
348923,13
348924,9
348925,0
348926,0
348927,9
348928,9
348929,0
348930,6
348931,0
348932,0
348933,0
348934,0
348935,7
348936,0
348937,0
348938,0
348939,12
348940,9
348941,0
348942,0
348943,0
348944,0
348945,0
348946,0
348947,0
348948,0
348949,0
348950,0
348951,0
348952,4
348953,6
348954,0
348955,14
348956,0
348957,0
348958,8
348959,0
348960,0
348961,0
348962,0
348963,8
348964,0
348965,7
348966,0
348967,0
348968,8
348969,0
348970,0
348971,0
348972,0
348973,10
348974,0
348975,2
348976,0
348977,12
348978,3
348979,0
348980,0
348981,0
348982,0
348983,9
348984,0
348985,13
348986,0
348987,0
348988,0
348989,6
348990,0
348991,0
348992,0
348993,0
348994,0
348995,0
348996,0
348997,0
348998,0
348999,0
349000,0
349001,0
349002,0
349003,0
349004,0
349005,4
349006,0
349007,10
349008,0
349009,7
349010,8
349011,0
349012,0
349013,0
349014,0
349015,0
349016,0
349017,0
349018,0
349019,0
349020,8
349021,0
349022,0
349023,0
349024,0
349025,0
349026,0
349027,0
349028,0
349029,0
349030,0
349031,8
349032,0
349033,0
349034,8
349035,0
349036,0
349037,0
349038,0
349039,0
349040,0
349041,0
349042,3
349043,0
349044,9
349045,0
349046,0
349047,0
349048,0
349049,0
349050,9
349051,0
349052,0
349053,0
349054,0
349055,0
349056,11
349057,0
349058,0
349059,0
349060,0
349061,0
349062,0
349063,0
349064,2
349065,0
349066,0
349067,11
349068,9
349069,0
349070,12
349071,0
349072,0
349073,0
349074,0
349075,0
349076,0
349077,11
349078,0
349079,7
349080,7
349081,10
349082,0
349083,0
349084,0
349085,4
349086,0
349087,0
349088,0
349089,0
349090,9
349091,0
349092,12
349093,0
349094,4
349095,0
349096,0
349097,8
349098,0
349099,3
349100,0
349101,0
349102,0
349103,0
349104,0
349105,0
349106,0
349107,0
349108,0
349109,13
349110,0
349111,10
349112,5
349113,0
349114,0
349115,13
349116,0
349117,11
349118,10
349119,11
349120,0
349121,0
349122,0
349123,0
349124,0
349125,0
349126,17
349127,0
349128,11
349129,0
349130,0
349131,0
349132,0
349133,0
349134,0
349135,8
349136,0
349137,0
349138,0
349139,9
349140,0
349141,0
349142,0
349143,0
349144,0
349145,10
349146,0
349147,11
349148,0
349149,0
349150,0
349151,0
349152,0
349153,0
349154,5
349155,0
349156,13
349157,7
349158,3
349159,0
349160,0
349161,0
349162,8
349163,0
349164,0
349165,0
349166,10
349167,1
349168,8
349169,13
349170,0
349171,0
349172,0
349173,0
349174,3
349175,0
349176,6
349177,0
349178,0
349179,0
349180,0
349181,0
349182,0
349183,6
349184,0
349185,6
349186,0
349187,0
349188,0
349189,0
349190,0
349191,0
349192,16
349193,0
349194,0
349195,0
349196,8
349197,0
349198,5
349199,4
349200,0
349201,0
349202,0
349203,9
349204,0
349205,0
349206,0
349207,5
349208,0
349209,0
349210,0
349211,0
349212,0
349213,0
349214,8
349215,0
349216,11
349217,6
349218,0
349219,4
349220,0
349221,0
349222,0
349223,0
349224,0
349225,0
349226,0
349227,0
349228,0
349229,0
349230,0
349231,0
349232,2
349233,0
349234,0
349235,0
349236,0
349237,0
349238,0
349239,0
349240,0
349241,0
349242,0
349243,0
349244,0
349245,0
349246,0
349247,0
349248,3
349249,0
349250,12
349251,0
349252,0
349253,0
349254,0
349255,0
349256,0
349257,14
349258,0
349259,25
349260,0
349261,0
349262,0
349263,26
349264,12
349265,0
349266,0
349267,0
349268,17
349269,0
349270,24
349271,14
349272,0
349273,0
349274,0
349275,0
349276,0
349277,0
349278,0
349279,0
349280,0
349281,0
349282,11
349283,0
349284,0
349285,0
349286,0
349287,17
349288,0
349289,0
349290,0
349291,0
349292,0
349293,26
349294,18
349295,0
349296,0
349297,16
349298,0
349299,22
349300,0
349301,22
349302,0
349303,14
349304,0
349305,27
349306,0
349307,0
349308,0
349309,17
349310,0
349311,0
349312,0
349313,0
349314,0
349315,15
349316,0
349317,0
349318,26
349319,0
349320,0
349321,0
349322,0
349323,0
349324,31
349325,21
349326,0
349327,0
349328,0
349329,0
349330,0
349331,0
349332,0
349333,0
349334,18
349335,0
349336,0
349337,27
349338,23
349339,0
349340,31
349341,0
349342,0
349343,0
349344,0
349345,0
349346,20
349347,0
349348,12
349349,0
349350,0
349351,0
349352,14
349353,0
349354,16
349355,0
349356,0
349357,0
349358,0
349359,0
349360,0
349361,0
349362,0
349363,0
349364,0
349365,0
349366,0
349367,0
349368,0
349369,0
349370,0
349371,0
349372,0
349373,0
349374,0
349375,15
349376,0
349377,13
349378,0
349379,0
349380,0
349381,0
349382,0
349383,0
349384,0
349385,0
349386,0
349387,18
349388,0
349389,7
349390,0
349391,0
349392,0
349393,0
349394,0
349395,0
349396,0
349397,0
349398,0
349399,0
349400,0
349401,0
349402,0
349403,0
349404,0
349405,18
349406,0
349407,0
349408,0
349409,0
349410,0
349411,0
349412,0
349413,0
349414,11
349415,0
349416,0
349417,11
349418,18
349419,21
349420,13
349421,0
349422,0
349423,0
349424,0
349425,21
349426,28
349427,0
349428,14
349429,0
349430,0
349431,0
349432,0
349433,0
349434,0
349435,0
349436,0
349437,0
349438,0
349439,0
349440,0
349441,0
349442,0
349443,0
349444,0
349445,0
349446,0
349447,0
349448,0
349449,0
349450,0
349451,0
349452,0
349453,0
349454,0
349455,0
349456,0
349457,10
349458,0
349459,0
349460,0
349461,0
349462,0
349463,0
349464,0
349465,0
349466,0
349467,0
349468,16
349469,0
349470,0
349471,10
349472,0
349473,0
349474,12
349475,0
349476,0
349477,3
349478,0
349479,0
349480,0
349481,0
349482,0
349483,0
349484,0
349485,0
349486,0
349487,0
349488,0
349489,0
349490,0
349491,0
349492,0
349493,0
349494,0
349495,0
349496,0
349497,0
349498,0
349499,0
349500,0
349501,5
349502,0
349503,0
349504,0
349505,0
349506,5
349507,9
349508,0
349509,0
349510,10
349511,0
349512,0
349513,0
349514,5
349515,0
349516,10
349517,8
349518,0
349519,0
349520,0
349521,0
349522,3
349523,0
349524,0
349525,0
349526,0
349527,0
349528,0
349529,0
349530,0
349531,0
349532,0
349533,0
349534,0
349535,5
349536,0
349537,0
349538,0
349539,0
349540,5
349541,0
349542,0
349543,0
349544,0
349545,0
349546,0
349547,0
349548,0
349549,0
349550,0
349551,0
349552,13
349553,0
349554,0
349555,0
349556,0
349557,0
349558,0
349559,2
349560,2
349561,0
349562,0
349563,8
349564,0
349565,0
349566,0
349567,0
349568,0
349569,0
349570,0
349571,0
349572,4
349573,0
349574,4
349575,0
349576,0
349577,7
349578,0
349579,0
349580,0
349581,4
349582,0
349583,0
349584,3
349585,0
349586,8
349587,0
349588,0
349589,0
349590,1
349591,11
349592,0
349593,0
349594,0
349595,0
349596,0
349597,0
349598,0
349599,0
349600,0
349601,0
349602,0
349603,0
349604,0
349605,0
349606,0
349607,16
349608,0
349609,0
349610,6
349611,0
349612,0
349613,0
349614,0
349615,0
349616,0
349617,0
349618,0
349619,0
349620,0
349621,0
349622,0
349623,0
349624,0
349625,0
349626,0
349627,0
349628,0
349629,8
349630,0
349631,0
349632,0
349633,0
349634,0
349635,0
349636,1
349637,0
349638,0
349639,0
349640,0
349641,7
349642,0
349643,0
349644,0
349645,0
349646,0
349647,0
349648,0
349649,0
349650,0
349651,0
349652,0
349653,0
349654,0
349655,0
349656,1
349657,0
349658,0
349659,9
349660,0
349661,2
349662,0
349663,0
349664,0
349665,0
349666,0
349667,0
349668,0
349669,0
349670,0
349671,0
349672,0
349673,5
349674,0
349675,0
349676,0
349677,0
349678,0
349679,0
349680,0
349681,0
349682,0
349683,0
349684,3
349685,0
349686,11
349687,0
349688,0
349689,0
349690,0
349691,7
349692,0
349693,3
349694,0
349695,0
349696,0
349697,6
349698,0
349699,0
349700,0
349701,0
349702,0
349703,5
349704,0
349705,0
349706,2
349707,2
349708,0
349709,8
349710,0
349711,0
349712,0
349713,0
349714,0
349715,8
349716,2
349717,0
349718,0
349719,6
349720,0
349721,0
349722,0
349723,0
349724,0
349725,0
349726,0
349727,0
349728,0
349729,0
349730,0
349731,0
349732,6
349733,0
349734,0
349735,0
349736,0
349737,0
349738,0
349739,8
349740,0
349741,12
349742,0
349743,0
349744,0
349745,0
349746,0
349747,0
349748,0
349749,0
349750,0
349751,0
349752,0
349753,0
349754,6
349755,0
349756,0
349757,0
349758,0
349759,0
349760,0
349761,0
349762,0
349763,0
349764,0
349765,6
349766,0
349767,0
349768,10
349769,0
349770,0
349771,0
349772,0
349773,0
349774,0
349775,0
349776,0
349777,6
349778,4
349779,0
349780,0
349781,0
349782,0
349783,0
349784,0
349785,0
349786,0
349787,0
349788,0
349789,0
349790,0
349791,0
349792,7
349793,0
349794,10
349795,0
349796,0
349797,11
349798,0
349799,0
349800,0
349801,0
349802,0
349803,0
349804,0
349805,14
349806,0
349807,0
349808,10
349809,12
349810,0
349811,0
349812,0
349813,0
349814,0
349815,0
349816,0
349817,0
349818,7
349819,9
349820,0
349821,0
349822,7
349823,0
349824,0
349825,1
349826,0
349827,0
349828,0
349829,0
349830,0
349831,5
349832,0
349833,0
349834,0
349835,0
349836,0
349837,0
349838,0
349839,0
349840,0
349841,0
349842,0
349843,0
349844,0
349845,6
349846,8
349847,3
349848,0
349849,0
349850,0
349851,0
349852,0
349853,4
349854,12
349855,0
349856,11
349857,0
349858,0
349859,0
349860,0
349861,6
349862,0
349863,0
349864,0
349865,0
349866,0
349867,5
349868,0
349869,0
349870,0
349871,0
349872,10
349873,0
349874,0
349875,0
349876,0
349877,8
349878,0
349879,0
349880,0
349881,5
349882,0
349883,0
349884,0
349885,0
349886,0
349887,0
349888,0
349889,7
349890,0
349891,7
349892,0
349893,0
349894,8
349895,0
349896,0
349897,0
349898,0
349899,0
349900,0
349901,0
349902,0
349903,0
349904,0
349905,0
349906,6
349907,0
349908,5
349909,0
349910,0
349911,0
349912,0
349913,0
349914,10
349915,4
349916,5
349917,7
349918,0
349919,3
349920,4
349921,0
349922,0
349923,0
349924,0
349925,0
349926,0
349927,0
349928,0
349929,0
349930,0
349931,0
349932,0
349933,0
349934,0
349935,0
349936,0
349937,0
349938,0
349939,6
349940,0
349941,0
349942,0
349943,0
349944,0
349945,0
349946,0
349947,0
349948,0
349949,0
349950,0
349951,0
349952,0
349953,0
349954,0
349955,0
349956,0
349957,0
349958,0
349959,0
349960,3
349961,0
349962,0
349963,0
349964,0
349965,0
349966,8
349967,0
349968,0
349969,0
349970,0
349971,0
349972,0
349973,8
349974,0
349975,0
349976,0
349977,0
349978,0
349979,0
349980,0
349981,0
349982,0
349983,0
349984,0
349985,0
349986,0
349987,0
349988,0
349989,5
349990,0
349991,0
349992,0
349993,0
349994,0
349995,0
349996,0
349997,0
349998,0
349999,0
350000,0
350001,0
350002,0
350003,5
350004,0
350005,0
350006,0
350007,0
350008,0
350009,0
350010,0
350011,0
350012,9
350013,0
350014,0
350015,0
350016,0
350017,0
350018,7
350019,9
350020,0
350021,6
350022,0
350023,0
350024,0
350025,0
350026,7
350027,0
350028,6
350029,0
350030,6
350031,0
350032,0
350033,0
350034,10
350035,0
350036,0
350037,0
350038,0
350039,0
350040,0
350041,0
350042,0
350043,0
350044,0
350045,0
350046,0
350047,0
350048,0
350049,0
350050,0
350051,0
350052,6
350053,0
350054,9
350055,0
350056,0
350057,0
350058,0
350059,0
350060,0
350061,0
350062,0
350063,6
350064,0
350065,0
350066,0
350067,6
350068,0
350069,0
350070,0
350071,4
350072,0
350073,0
350074,0
350075,0
350076,0
350077,0
350078,6
350079,0
350080,0
350081,0
350082,0
350083,0
350084,0
350085,0
350086,0
350087,0
350088,0
350089,0
350090,0
350091,0
350092,0
350093,0
350094,0
350095,0
350096,0
350097,0
350098,0
350099,4
350100,0
350101,0
350102,10
350103,6
350104,0
350105,0
350106,0
350107,0
350108,0
350109,0
350110,0
350111,0
350112,6
350113,0
350114,0
350115,0
350116,0
350117,0
350118,0
350119,6
350120,4
350121,0
350122,0
350123,9
350124,0
350125,0
350126,0
350127,0
350128,0
350129,0
350130,0
350131,3
350132,0
350133,0
350134,0
350135,9
350136,0
350137,0
350138,3
350139,0
350140,0
350141,6
350142,10
350143,0
350144,0
350145,0
350146,0
350147,0
350148,6
350149,6
350150,5
350151,0
350152,0
350153,6
350154,0
350155,3
350156,0
350157,0
350158,0
350159,0
350160,7
350161,0
350162,0
350163,9
350164,0
350165,0
350166,0
350167,0
350168,0
350169,0
350170,0
350171,0
350172,0
350173,0
350174,0
350175,0
350176,0
350177,0
350178,0
350179,0
350180,0
350181,0
350182,0
350183,0
350184,0
350185,27
350186,0
350187,0
350188,0
350189,0
350190,0
350191,0
350192,0
350193,0
350194,0
350195,0
350196,0
350197,0
350198,0
350199,0
350200,28
350201,0
350202,0
350203,0
350204,0
350205,0
350206,0
350207,0
350208,0
350209,0
350210,0
350211,0
350212,0
350213,0
350214,0
350215,0
350216,0
350217,0
350218,0
350219,16
350220,0
350221,15
350222,30
350223,0
350224,0
350225,19
350226,0
350227,0
350228,0
350229,0
350230,0
350231,0
350232,0
350233,0
350234,0
350235,0
350236,0
350237,0
350238,0
350239,0
350240,0
350241,0
350242,0
350243,0
350244,19
350245,11
350246,0
350247,0
350248,16
350249,0
350250,17
350251,0
350252,0
350253,0
350254,0
350255,0
350256,0
350257,0
350258,0
350259,0
350260,0
350261,0
350262,12
350263,0
350264,0
350265,0
350266,25
350267,0
350268,0
350269,0
350270,0
350271,0
350272,0
350273,0
350274,0
350275,0
350276,0
350277,0
350278,0
350279,0
350280,0
350281,0
350282,0
350283,0
350284,0
350285,0
350286,0
350287,10
350288,0
350289,0
350290,0
350291,12
350292,0
350293,14
350294,0
350295,0
350296,0
350297,0
350298,0
350299,17
350300,0
350301,0
350302,16
350303,0
350304,0
350305,0
350306,0
350307,0
350308,0
350309,22
350310,0
350311,0
350312,0
350313,14
350314,0
350315,0
350316,0
350317,0
350318,0
350319,0
350320,0
350321,0
350322,0
350323,0
350324,0
350325,0
350326,14
350327,0
350328,0
350329,0
350330,0
350331,0
350332,0
350333,0
350334,0
350335,22
350336,0
350337,0
350338,0
350339,24
350340,0
350341,0
350342,0
350343,0
350344,0
350345,0
350346,0
350347,0
350348,0
350349,0
350350,14
350351,0
350352,0
350353,0
350354,0
350355,18
350356,0
350357,0
350358,0
350359,0
350360,0
350361,0
350362,16
350363,0
350364,15
350365,16
350366,0
350367,0
350368,0
350369,7
350370,16
350371,0
350372,0
350373,23
350374,0
350375,0
350376,0
350377,11
350378,0
350379,0
350380,0
350381,0
350382,9
350383,22
350384,0
350385,0
350386,0
350387,15
350388,0
350389,0
350390,0
350391,0
350392,0
350393,0
350394,0
350395,0
350396,17
350397,0
350398,0
350399,0
350400,0
350401,0
350402,0
350403,0
350404,0
350405,0
350406,22
350407,0
350408,0
350409,0
350410,0
350411,0
350412,0
350413,18
350414,9
350415,0
350416,0
350417,0
350418,0
350419,0
350420,0
350421,0
350422,0
350423,0
350424,21
350425,0
350426,0
350427,21
350428,18
350429,0
350430,0
350431,0
350432,0
350433,0
350434,0
350435,0
350436,0
350437,0
350438,0
350439,0
350440,0
350441,0
350442,19
350443,0
350444,0
350445,0
350446,0
350447,0
350448,0
350449,0
350450,0
350451,0
350452,0
350453,0
350454,23
350455,0
350456,0
350457,0
350458,0
350459,0
350460,0
350461,0
350462,0
350463,0
350464,0
350465,16
350466,0
350467,0
350468,0
350469,0
350470,0
350471,0
350472,0
350473,0
350474,0
350475,0
350476,0
350477,13
350478,0
350479,0
350480,0
350481,0
350482,0
350483,0
350484,0
350485,0
350486,0
350487,18
350488,0
350489,0
350490,0
350491,18
350492,0
350493,19
350494,0
350495,10
350496,0
350497,0
350498,0
350499,0
350500,0
350501,0
350502,0
350503,0
350504,0
350505,0
350506,0
350507,0
350508,0
350509,0
350510,0
350511,15
350512,0
350513,0
350514,0
350515,0
350516,0
350517,0
350518,0
350519,18
350520,0
350521,0
350522,0
350523,0
350524,0
350525,0
350526,0
350527,0
350528,0
350529,8
350530,0
350531,0
350532,0
350533,0
350534,10
350535,0
350536,0
350537,0
350538,0
350539,0
350540,0
350541,0
350542,0
350543,0
350544,0
350545,0
350546,0
350547,0
350548,0
350549,0
350550,0
350551,16
350552,17
350553,18
350554,0
350555,0
350556,0
350557,0
350558,16
350559,0
350560,0
350561,18
350562,0
350563,0
350564,12
350565,0
350566,0
350567,0
350568,0
350569,24
350570,0
350571,0
350572,15
350573,0
350574,0
350575,0
350576,0
350577,0
350578,0
350579,0
350580,0
350581,0
350582,0
350583,21
350584,20
350585,0
350586,19
350587,0
350588,21
350589,0
350590,27
350591,0
350592,0
350593,0
350594,0
350595,0
350596,12
350597,0
350598,0
350599,0
350600,0
350601,0
350602,0
350603,0
350604,0
350605,0
350606,0
350607,11
350608,0
350609,0
350610,0
350611,0
350612,0
350613,0
350614,0
350615,0
350616,14
350617,0
350618,0
350619,0
350620,0
350621,0
350622,22
350623,0
350624,0
350625,19
350626,0
350627,0
350628,0
350629,10
350630,0
350631,0
350632,0
350633,0
350634,0
350635,0
350636,0
350637,0
350638,0
350639,0
350640,0
350641,0
350642,0
350643,0
350644,0
350645,0
350646,0
350647,0
350648,0
350649,0
350650,0
350651,19
350652,0
350653,0
350654,0
350655,0
350656,0
350657,0
350658,0
350659,0
350660,16
350661,0
350662,0
350663,26
350664,0
350665,17
350666,0
350667,0
350668,0
350669,0
350670,0
350671,0
350672,0
350673,0
350674,0
350675,0
350676,0
350677,0
350678,0
350679,0
350680,0
350681,0
350682,0
350683,0
350684,0
350685,0
350686,0
350687,16
350688,0
350689,0
350690,0
350691,0
350692,0
350693,0
350694,0
350695,0
350696,0
350697,0
350698,0
350699,0
350700,0
350701,0
350702,0
350703,0
350704,0
350705,0
350706,0
350707,0
350708,0
350709,0
350710,0
350711,0
350712,0
350713,0
350714,0
350715,0
350716,0
350717,0
350718,0
350719,46
350720,0
350721,0
350722,0
350723,0
350724,0
350725,0
350726,0
350727,0
350728,0
350729,0
350730,0
350731,0
350732,0
350733,0
350734,0
350735,0
350736,0
350737,0
350738,0
350739,0
350740,0
350741,0
350742,0
350743,0
350744,0
350745,0
350746,0
350747,0
350748,0
350749,0
350750,0
350751,0
350752,0
350753,0
350754,0
350755,0
350756,0
350757,29
350758,0
350759,0
350760,0
350761,0
350762,0
350763,0
350764,0
350765,0
350766,32
350767,0
350768,0
350769,45
350770,0
350771,0
350772,0
350773,0
350774,0
350775,0
350776,0
350777,0
350778,0
350779,0
350780,0
350781,0
350782,0
350783,0
350784,0
350785,0
350786,0
350787,0
350788,0
350789,0
350790,0
350791,0
350792,0
350793,0
350794,31
350795,0
350796,0
350797,23
350798,0
350799,0
350800,0
350801,0
350802,0
350803,0
350804,0
350805,0
350806,15
350807,0
350808,0
350809,0
350810,0
350811,0
350812,0
350813,0
350814,0
350815,0
350816,0
350817,0
350818,0
350819,0
350820,0
350821,0
350822,33
350823,0
350824,0
350825,0
350826,0
350827,0
350828,0
350829,0
350830,0
350831,0
350832,0
350833,0
350834,0
350835,0
350836,0
350837,0
350838,0
350839,0
350840,0
350841,0
350842,0
350843,0
350844,20
350845,0
350846,0
350847,0
350848,0
350849,27
350850,0
350851,0
350852,0
350853,0
350854,0
350855,0
350856,0
350857,0
350858,0
350859,0
350860,0
350861,0
350862,0
350863,0
350864,0
350865,0
350866,0
350867,0
350868,0
350869,0
350870,0
350871,0
350872,0
350873,0
350874,0
350875,0
350876,0
350877,0
350878,0
350879,0
350880,0
350881,0
350882,0
350883,0
350884,0
350885,0
350886,0
350887,24
350888,15
350889,0
350890,0
350891,0
350892,0
350893,15
350894,0
350895,0
350896,7
350897,0
350898,0
350899,0
350900,0
350901,0
350902,0
350903,0
350904,0
350905,0
350906,14
350907,0
350908,9
350909,0
350910,0
350911,0
350912,0
350913,0
350914,0
350915,10
350916,0
350917,0
350918,0
350919,0
350920,0
350921,11
350922,0
350923,0
350924,0
350925,0
350926,0
350927,0
350928,13
350929,0
350930,0
350931,0
350932,0
350933,0
350934,0
350935,0
350936,0
350937,9
350938,0
350939,0
350940,0
350941,12
350942,0
350943,0
350944,0
350945,0
350946,0
350947,22
350948,0
350949,0
350950,0
350951,0
350952,0
350953,0
350954,14
350955,0
350956,0
350957,26
350958,17
350959,0
350960,19
350961,0
350962,0
350963,14
350964,0
350965,0
350966,0
350967,0
350968,5
350969,0
350970,0
350971,0
350972,13
350973,17
350974,0
350975,0
350976,0
350977,30
350978,0
350979,0
350980,0
350981,10
350982,0
350983,0
350984,0
350985,0
350986,0
350987,0
350988,0
350989,0
350990,0
350991,10
350992,0
350993,0
350994,0
350995,0
350996,20
350997,0
350998,0
350999,0
351000,0
351001,0
351002,15
351003,0
351004,4
351005,0
351006,0
351007,0
351008,0
351009,16
351010,0
351011,12
351012,0
351013,13
351014,0
351015,0
351016,0
351017,0
351018,12
351019,9
351020,0
351021,0
351022,0
351023,0
351024,26
351025,7
351026,0
351027,0
351028,0
351029,0
351030,22
351031,0
351032,0
351033,0
351034,0
351035,0
351036,0
351037,0
351038,7
351039,0
351040,0
351041,0
351042,0
351043,0
351044,26
351045,0
351046,0
351047,0
351048,0
351049,7
351050,13
351051,0
351052,0
351053,0
351054,0
351055,18
351056,0
351057,0
351058,0
351059,0
351060,0
351061,0
351062,0
351063,0
351064,0
351065,0
351066,14
351067,0
351068,0
351069,12
351070,0
351071,0
351072,0
351073,26
351074,13
351075,0
351076,0
351077,0
351078,0
351079,0
351080,0
351081,15
351082,0
351083,0
351084,28
351085,0
351086,0
351087,7
351088,0
351089,0
351090,0
351091,0
351092,18
351093,5
351094,0
351095,0
351096,0
351097,0
351098,9
351099,0
351100,0
351101,6
351102,0
351103,15
351104,0
351105,15
351106,0
351107,18
351108,0
351109,0
351110,0
351111,0
351112,0
351113,17
351114,11
351115,10
351116,0
351117,0
351118,0
351119,13
351120,0
351121,0
351122,0
351123,0
351124,0
351125,0
351126,0
351127,0
351128,0
351129,0
351130,12
351131,0
351132,0
351133,0
351134,0
351135,17
351136,0
351137,15
351138,0
351139,0
351140,0
351141,0
351142,0
351143,0
351144,9
351145,8
351146,16
351147,7
351148,0
351149,0
351150,0
351151,0
351152,0
351153,0
351154,0
351155,0
351156,0
351157,0
351158,0
351159,0
351160,0
351161,0
351162,0
351163,0
351164,0
351165,0
351166,0
351167,0
351168,0
351169,8
351170,0
351171,0
351172,9
351173,0
351174,11
351175,0
351176,0
351177,0
351178,0
351179,0
351180,0
351181,0
351182,0
351183,0
351184,0
351185,22
351186,0
351187,0
351188,0
351189,0
351190,0
351191,13
351192,0
351193,0
351194,0
351195,0
351196,0
351197,0
351198,0
351199,0
351200,15
351201,0
351202,0
351203,0
351204,0
351205,0
351206,0
351207,0
351208,0
351209,0
351210,0
351211,12
351212,0
351213,13
351214,0
351215,0
351216,0
351217,0
351218,0
351219,0
351220,6
351221,10
351222,0
351223,0
351224,0
351225,0
351226,0
351227,0
351228,16
351229,0
351230,0
351231,0
351232,0
351233,0
351234,0
351235,0
351236,10
351237,0
351238,0
351239,0
351240,0
351241,0
351242,0
351243,0
351244,0
351245,0
351246,0
351247,0
351248,0
351249,0
351250,0
351251,0
351252,0
351253,0
351254,0
351255,0
351256,0
351257,0
351258,12
351259,0
351260,22
351261,0
351262,0
351263,0
351264,0
351265,0
351266,11
351267,0
351268,0
351269,0
351270,0
351271,26
351272,9
351273,0
351274,6
351275,6
351276,0
351277,0
351278,28
351279,18
351280,0
351281,0
351282,0
351283,18
351284,0
351285,0
351286,0
351287,12
351288,0
351289,0
351290,0
351291,0
351292,0
351293,0
351294,0
351295,18
351296,0
351297,24
351298,0
351299,0
351300,0
351301,0
351302,0
351303,0
351304,0
351305,0
351306,0
351307,0
351308,0
351309,0
351310,0
351311,0
351312,8
351313,0
351314,0
351315,0
351316,0
351317,0
351318,0
351319,0
351320,0
351321,0
351322,0
351323,0
351324,0
351325,0
351326,0
351327,0
351328,13
351329,0
351330,0
351331,0
351332,0
351333,8
351334,11
351335,0
351336,0
351337,9
351338,0
351339,0
351340,0
351341,0
351342,0
351343,13
351344,0
351345,0
351346,0
351347,0
351348,0
351349,0
351350,0
351351,4
351352,0
351353,0
351354,0
351355,0
351356,0
351357,0
351358,0
351359,0
351360,17
351361,0
351362,0
351363,0
351364,0
351365,11
351366,0
351367,0
351368,0
351369,0
351370,10
351371,0
351372,0
351373,0
351374,0
351375,0
351376,0
351377,0
351378,0
351379,0
351380,0
351381,0
351382,0
351383,0
351384,0
351385,0
351386,0
351387,0
351388,21
351389,0
351390,0
351391,0
351392,0
351393,0
351394,0
351395,0
351396,17
351397,17
351398,0
351399,0
351400,0
351401,0
351402,15
351403,0
351404,0
351405,0
351406,0
351407,12
351408,0
351409,0
351410,22
351411,0
351412,0
351413,0
351414,13
351415,0
351416,0
351417,0
351418,0
351419,0
351420,0
351421,0
351422,0
351423,0
351424,15
351425,15
351426,0
351427,0
351428,16
351429,0
351430,0
351431,11
351432,0
351433,0
351434,0
351435,11
351436,0
351437,0
351438,0
351439,17
351440,11
351441,10
351442,0
351443,0
351444,0
351445,0
351446,18
351447,0
351448,0
351449,0
351450,0
351451,16
351452,0
351453,0
351454,7
351455,0
351456,0
351457,0
351458,0
351459,0
351460,0
351461,0
351462,0
351463,0
351464,5
351465,0
351466,0
351467,0
351468,0
351469,0
351470,0
351471,0
351472,17
351473,0
351474,0
351475,0
351476,15
351477,0
351478,0
351479,0
351480,0
351481,0
351482,0
351483,12
351484,0
351485,0
351486,0
351487,0
351488,0
351489,0
351490,13
351491,14
351492,13
351493,0
351494,0
351495,0
351496,0
351497,0
351498,20
351499,0
351500,0
351501,0
351502,0
351503,0
351504,0
351505,0
351506,0
351507,0
351508,0
351509,0
351510,0
351511,8
351512,0
351513,16
351514,0
351515,0
351516,0
351517,0
351518,0
351519,0
351520,0
351521,0
351522,0
351523,0
351524,0
351525,0
351526,12
351527,0
351528,0
351529,0
351530,0
351531,0
351532,0
351533,0
351534,0
351535,0
351536,0
351537,0
351538,0
351539,0
351540,0
351541,0
351542,0
351543,0
351544,0
351545,0
351546,0
351547,0
351548,0
351549,0
351550,0
351551,8
351552,0
351553,0
351554,10
351555,0
351556,0
351557,0
351558,0
351559,0
351560,0
351561,0
351562,13
351563,0
351564,0
351565,0
351566,0
351567,8
351568,0
351569,0
351570,0
351571,0
351572,0
351573,0
351574,0
351575,0
351576,9
351577,0
351578,20
351579,0
351580,0
351581,0
351582,0
351583,0
351584,0
351585,0
351586,0
351587,0
351588,0
351589,0
351590,15
351591,0
351592,0
351593,15
351594,17
351595,0
351596,0
351597,0
351598,0
351599,0
351600,0
351601,19
351602,0
351603,0
351604,0
351605,0
351606,0
351607,0
351608,18
351609,12
351610,16
351611,13
351612,12
351613,0
351614,12
351615,13
351616,0
351617,0
351618,0
351619,0
351620,0
351621,0
351622,0
351623,0
351624,0
351625,0
351626,0
351627,0
351628,0
351629,0
351630,0
351631,19
351632,0
351633,0
351634,0
351635,0
351636,0
351637,12
351638,0
351639,0
351640,0
351641,0
351642,13
351643,0
351644,0
351645,0
351646,11
351647,0
351648,15
351649,0
351650,0
351651,0
351652,0
351653,0
351654,0
351655,0
351656,0
351657,15
351658,14
351659,0
351660,13
351661,0
351662,0
351663,0
351664,0
351665,0
351666,0
351667,0
351668,0
351669,0
351670,0
351671,0
351672,0
351673,0
351674,0
351675,0
351676,0
351677,0
351678,0
351679,0
351680,0
351681,0
351682,0
351683,0
351684,0
351685,0
351686,0
351687,0
351688,0
351689,0
351690,0
351691,8
351692,0
351693,0
351694,0
351695,0
351696,0
351697,0
351698,0
351699,16
351700,0
351701,0
351702,0
351703,0
351704,0
351705,0
351706,0
351707,0
351708,14
351709,0
351710,0
351711,0
351712,25
351713,0
351714,0
351715,0
351716,0
351717,0
351718,0
351719,0
351720,0
351721,0
351722,0
351723,23
351724,0
351725,0
351726,0
351727,7
351728,0
351729,19
351730,0
351731,15
351732,8
351733,0
351734,7
351735,0
351736,0
351737,0
351738,0
351739,0
351740,0
351741,0
351742,0
351743,0
351744,0
351745,0
351746,14
351747,0
351748,9
351749,0
351750,0
351751,17
351752,0
351753,9
351754,0
351755,8
351756,23
351757,0
351758,0
351759,0
351760,0
351761,0
351762,0
351763,0
351764,0
351765,13
351766,0
351767,0
351768,0
351769,12
351770,0
351771,0
351772,0
351773,0
351774,0
351775,0
351776,0
351777,0
351778,0
351779,0
351780,0
351781,0
351782,11
351783,0
351784,0
351785,0
351786,0
351787,0
351788,0
351789,0
351790,22
351791,0
351792,33
351793,0
351794,21
351795,19
351796,0
351797,0
351798,0
351799,0
351800,21
351801,0
351802,0
351803,0
351804,0
351805,0
351806,0
351807,0
351808,0
351809,0
351810,0
351811,0
351812,0
351813,0
351814,0
351815,26
351816,0
351817,0
351818,0
351819,0
351820,0
351821,0
351822,13
351823,0
351824,0
351825,17
351826,0
351827,22
351828,0
351829,0
351830,20
351831,0
351832,0
351833,0
351834,0
351835,0
351836,25
351837,0
351838,0
351839,0
351840,0
351841,0
351842,24
351843,13
351844,0
351845,0
351846,0
351847,0
351848,0
351849,19
351850,0
351851,28
351852,0
351853,0
351854,0
351855,0
351856,0
351857,25
351858,28
351859,0
351860,19
351861,22
351862,0
351863,0
351864,0
351865,0
351866,0
351867,20
351868,0
351869,13
351870,0
351871,0
351872,0
351873,0
351874,0
351875,29
351876,0
351877,0
351878,17
351879,0
351880,0
351881,0
351882,0
351883,0
351884,0
351885,0
351886,0
351887,0
351888,0
351889,0
351890,0
351891,0
351892,0
351893,0
351894,0
351895,14
351896,0
351897,23
351898,0
351899,26
351900,0
351901,0
351902,27
351903,0
351904,0
351905,0
351906,0
351907,10
351908,0
351909,0
351910,0
351911,0
351912,0
351913,0
351914,0
351915,0
351916,0
351917,0
351918,0
351919,0
351920,0
351921,0
351922,0
351923,0
351924,0
351925,0
351926,0
351927,0
351928,0
351929,21
351930,0
351931,31
351932,0
351933,0
351934,0
351935,22
351936,0
351937,0
351938,0
351939,0
351940,19
351941,27
351942,0
351943,19
351944,21
351945,0
351946,0
351947,42
351948,0
351949,0
351950,0
351951,0
351952,0
351953,0
351954,0
351955,16
351956,0
351957,19
351958,0
351959,0
351960,0
351961,31
351962,0
351963,0
351964,25
351965,0
351966,27
351967,0
351968,36
351969,0
351970,0
351971,0
351972,0
351973,0
351974,19
351975,0
351976,0
351977,0
351978,18
351979,21
351980,0
351981,0
351982,35
351983,0
351984,0
351985,0
351986,0
351987,27
351988,0
351989,0
351990,0
351991,0
351992,0
351993,14
351994,27
351995,0
351996,29
351997,0
351998,20
351999,0
352000,0
352001,0
352002,0
352003,0
352004,0
352005,0
352006,24
352007,20
352008,0
352009,0
352010,0
352011,9
352012,0
352013,0
352014,0
352015,0
352016,0
352017,0
352018,0
352019,0
352020,0
352021,0
352022,6
352023,0
352024,0
352025,0
352026,12
352027,0
352028,0
352029,0
352030,0
352031,0
352032,5
352033,0
352034,0
352035,0
352036,0
352037,0
352038,0
352039,0
352040,0
352041,0
352042,6
352043,0
352044,0
352045,0
352046,0
352047,15
352048,10
352049,0
352050,16
352051,0
352052,0
352053,0
352054,0
352055,0
352056,0
352057,0
352058,0
352059,0
352060,0
352061,0
352062,0
352063,2
352064,0
352065,11
352066,0
352067,0
352068,0
352069,0
352070,0
352071,0
352072,0
352073,0
352074,0
352075,0
352076,0
352077,0
352078,0
352079,11
352080,0
352081,0
352082,12
352083,0
352084,0
352085,0
352086,0
352087,0
352088,13
352089,0
352090,0
352091,14
352092,10
352093,0
352094,0
352095,0
352096,0
352097,6
352098,0
352099,0
352100,6
352101,0
352102,0
352103,0
352104,0
352105,0
352106,0
352107,0
352108,0
352109,0
352110,0
352111,19
352112,0
352113,12
352114,0
352115,0
352116,7
352117,0
352118,0
352119,0
352120,0
352121,0
352122,0
352123,0
352124,9
352125,0
352126,0
352127,9
352128,0
352129,0
352130,16
352131,14
352132,0
352133,0
352134,0
352135,21
352136,0
352137,0
352138,0
352139,0
352140,0
352141,7
352142,0
352143,0
352144,7
352145,0
352146,0
352147,0
352148,0
352149,0
352150,0
352151,0
352152,0
352153,0
352154,0
352155,0
352156,0
352157,0
352158,0
352159,0
352160,0
352161,0
352162,0
352163,11
352164,0
352165,0
352166,0
352167,11
352168,0
352169,0
352170,10
352171,0
352172,10
352173,0
352174,0
352175,0
352176,4
352177,0
352178,0
352179,0
352180,0
352181,0
352182,0
352183,0
352184,9
352185,0
352186,8
352187,0
352188,0
352189,0
352190,0
352191,0
352192,7
352193,0
352194,0
352195,0
352196,0
352197,0
352198,0
352199,0
352200,8
352201,0
352202,16
352203,0
352204,0
352205,0
352206,0
352207,0
352208,0
352209,0
352210,8
352211,0
352212,0
352213,15
352214,0
352215,0
352216,0
352217,0
352218,0
352219,0
352220,0
352221,9
352222,8
352223,0
352224,0
352225,0
352226,0
352227,0
352228,0
352229,0
352230,0
352231,11
352232,0
352233,0
352234,10
352235,0
352236,0
352237,0
352238,0
352239,0
352240,9
352241,0
352242,0
352243,0
352244,0
352245,0
352246,0
352247,0
352248,0
352249,0
352250,0
352251,0
352252,0
352253,0
352254,0
352255,0
352256,0
352257,11
352258,0
352259,0
352260,0
352261,0
352262,0
352263,0
352264,0
352265,0
352266,0
352267,0
352268,13
352269,0
352270,0
352271,0
352272,12
352273,0
352274,0
352275,0
352276,0
352277,0
352278,0
352279,0
352280,8
352281,0
352282,0
352283,0
352284,0
352285,0
352286,0
352287,9
352288,0
352289,0
352290,11
352291,0
352292,0
352293,0
352294,0
352295,0
352296,0
352297,0
352298,12
352299,0
352300,0
352301,0
352302,0
352303,17
352304,0
352305,0
352306,0
352307,0
352308,0
352309,0
352310,0
352311,8
352312,0
352313,0
352314,0
352315,0
352316,7
352317,10
352318,0
352319,9
352320,0
352321,0
352322,0
352323,0
352324,0
352325,0
352326,0
352327,0
352328,0
352329,10
352330,0
352331,0
352332,0
352333,0
352334,0
352335,0
352336,0
352337,0
352338,5
352339,0
352340,0
352341,0
352342,0
352343,0
352344,0
352345,0
352346,0
352347,0
352348,0
352349,15
352350,0
352351,0
352352,0
352353,0
352354,0
352355,0
352356,0
352357,0
352358,0
352359,0
352360,0
352361,13
352362,0
352363,0
352364,0
352365,0
352366,0
352367,0
352368,0
352369,0
352370,0
352371,0
352372,0
352373,0
352374,0
352375,0
352376,0
352377,10
352378,0
352379,0
352380,0
352381,0
352382,0
352383,0
352384,0
352385,0
352386,0
352387,0
352388,0
352389,0
352390,10
352391,0
352392,0
352393,4
352394,0
352395,0
352396,0
352397,0
352398,12
352399,0
352400,0
352401,0
352402,0
352403,9
352404,0
352405,0
352406,0
352407,0
352408,0
352409,0
352410,0
352411,0
352412,0
352413,0
352414,0
352415,0
352416,0
352417,0
352418,0
352419,0
352420,0
352421,0
352422,0
352423,0
352424,6
352425,0
352426,0
352427,0
352428,0
352429,0
352430,0
352431,0
352432,0
352433,0
352434,0
352435,0
352436,0
352437,0
352438,0
352439,0
352440,0
352441,0
352442,0
352443,12
352444,9
352445,0
352446,0
352447,0
352448,0
352449,0
352450,0
352451,0
352452,0
352453,0
352454,0
352455,0
352456,0
352457,0
352458,0
352459,11
352460,0
352461,0
352462,0
352463,5
352464,0
352465,0
352466,0
352467,0
352468,0
352469,0
352470,13
352471,0
352472,0
352473,0
352474,0
352475,0
352476,0
352477,0
352478,0
352479,0
352480,0
352481,0
352482,0
352483,10
352484,8
352485,0
352486,0
352487,0
352488,0
352489,0
352490,0
352491,0
352492,7
352493,0
352494,8
352495,0
352496,0
352497,6
352498,0
352499,8
352500,0
352501,9
352502,0
352503,0
352504,0
352505,0
352506,0
352507,0
352508,0
352509,0
352510,0
352511,0
352512,0
352513,0
352514,0
352515,0
352516,0
352517,8
352518,0
352519,0
352520,0
352521,0
352522,0
352523,0
352524,0
352525,0
352526,0
352527,0
352528,0
352529,0
352530,0
352531,0
352532,0
352533,0
352534,0
352535,0
352536,0
352537,0
352538,0
352539,0
352540,0
352541,0
352542,0
352543,4
352544,0
352545,0
352546,0
352547,0
352548,0
352549,8
352550,0
352551,0
352552,0
352553,0
352554,0
352555,0
352556,0
352557,0
352558,0
352559,0
352560,0
352561,0
352562,0
352563,0
352564,0
352565,0
352566,0
352567,0
352568,0
352569,0
352570,0
352571,0
352572,0
352573,0
352574,0
352575,0
352576,0
352577,0
352578,0
352579,0
352580,0
352581,8
352582,0
352583,0
352584,0
352585,0
352586,0
352587,14
352588,9
352589,5
352590,0
352591,0
352592,16
352593,0
352594,0
352595,0
352596,0
352597,0
352598,0
352599,0
352600,0
352601,0
352602,0
352603,0
352604,0
352605,0
352606,0
352607,0
352608,0
352609,0
352610,0
352611,0
352612,0
352613,0
352614,0
352615,0
352616,0
352617,0
352618,0
352619,0
352620,0
352621,14
352622,0
352623,0
352624,0
352625,0
352626,16
352627,0
352628,0
352629,10
352630,0
352631,6
352632,0
352633,6
352634,0
352635,0
352636,9
352637,0
352638,0
352639,0
352640,0
352641,0
352642,0
352643,9
352644,0
352645,0
352646,0
352647,0
352648,0
352649,0
352650,4
352651,7
352652,0
352653,0
352654,0
352655,10
352656,0
352657,0
352658,0
352659,12
352660,8
352661,6
352662,0
352663,4
352664,0
352665,0
352666,0
352667,0
352668,0
352669,0
352670,0
352671,0
352672,0
352673,0
352674,0
352675,0
352676,0
352677,0
352678,0
352679,0
352680,0
352681,0
352682,8
352683,0
352684,0
352685,0
352686,9
352687,0
352688,0
352689,0
352690,0
352691,0
352692,0
352693,0
352694,2
352695,0
352696,0
352697,0
352698,9
352699,0
352700,0
352701,0
352702,0
352703,0
352704,0
352705,0
352706,0
352707,0
352708,0
352709,0
352710,0
352711,13
352712,0
352713,0
352714,0
352715,0
352716,0
352717,0
352718,0
352719,10
352720,9
352721,0
352722,0
352723,0
352724,0
352725,7
352726,0
352727,0
352728,0
352729,11
352730,10
352731,0
352732,0
352733,9
352734,10
352735,0
352736,0
352737,0
352738,0
352739,0
352740,0
352741,0
352742,0
352743,10
352744,0
352745,17
352746,0
352747,0
352748,7
352749,0
352750,0
352751,0
352752,0
352753,0
352754,0
352755,0
352756,0
352757,0
352758,4
352759,0
352760,0
352761,0
352762,0
352763,0
352764,0
352765,6
352766,0
352767,0
352768,0
352769,0
352770,0
352771,0
352772,0
352773,0
352774,0
352775,0
352776,0
352777,11
352778,10
352779,6
352780,0
352781,0
352782,16
352783,0
352784,0
352785,0
352786,13
352787,0
352788,0
352789,0
352790,0
352791,0
352792,0
352793,0
352794,0
352795,7
352796,0
352797,0
352798,0
352799,0
352800,8
352801,0
352802,0
352803,0
352804,0
352805,0
352806,0
352807,0
352808,0
352809,0
352810,0
352811,0
352812,10
352813,0
352814,0
352815,6
352816,0
352817,9
352818,0
352819,0
352820,0
352821,16
352822,0
352823,14
352824,0
352825,0
352826,0
352827,0
352828,0
352829,0
352830,0
352831,0
352832,16
352833,9
352834,13
352835,0
352836,0
352837,7
352838,0
352839,0
352840,0
352841,0
352842,0
352843,0
352844,0
352845,0
352846,0
352847,13
352848,9
352849,0
352850,0
352851,8
352852,0
352853,0
352854,0
352855,0
352856,0
352857,0
352858,0
352859,0
352860,0
352861,0
352862,0
352863,12
352864,0
352865,0
352866,0
352867,0
352868,0
352869,0
352870,8
352871,0
352872,0
352873,5
352874,0
352875,8
352876,0
352877,10
352878,0
352879,0
352880,0
352881,0
352882,0
352883,0
352884,8
352885,0
352886,0
352887,0
352888,0
352889,0
352890,0
352891,0
352892,6
352893,8
352894,0
352895,0
352896,0
352897,0
352898,0
352899,0
352900,0
352901,0
352902,0
352903,0
352904,0
352905,0
352906,0
352907,0
352908,0
352909,0
352910,32
352911,0
352912,20
352913,0
352914,0
352915,0
352916,0
352917,0
352918,26
352919,0
352920,0
352921,0
352922,0
352923,0
352924,0
352925,28
352926,0
352927,0
352928,0
352929,0
352930,0
352931,0
352932,0
352933,0
352934,0
352935,0
352936,0
352937,0
352938,0
352939,0
352940,0
352941,0
352942,0
352943,33
352944,18
352945,0
352946,21
352947,18
352948,0
352949,0
352950,0
352951,0
352952,0
352953,16
352954,0
352955,0
352956,26
352957,0
352958,0
352959,25
352960,9
352961,27
352962,0
352963,0
352964,0
352965,23
352966,0
352967,0
352968,0
352969,0
352970,0
352971,0
352972,0
352973,21
352974,0
352975,0
352976,0
352977,0
352978,0
352979,0
352980,0
352981,0
352982,0
352983,0
352984,0
352985,0
352986,0
352987,0
352988,0
352989,0
352990,31
352991,0
352992,0
352993,0
352994,0
352995,26
352996,20
352997,23
352998,24
352999,0
353000,0
353001,0
353002,0
353003,0
353004,0
353005,0
353006,0
353007,0
353008,7
353009,27
353010,0
353011,0
353012,0
353013,21
353014,0
353015,0
353016,9
353017,0
353018,0
353019,28
353020,0
353021,0
353022,0
353023,0
353024,0
353025,14
353026,0
353027,18
353028,0
353029,0
353030,0
353031,0
353032,0
353033,27
353034,0
353035,0
353036,0
353037,0
353038,0
353039,0
353040,21
353041,0
353042,0
353043,30
353044,0
353045,0
353046,0
353047,0
353048,0
353049,24
353050,0
353051,22
353052,0
353053,0
353054,0
353055,0
353056,0
353057,35
353058,0
353059,27
353060,0
353061,0
353062,0
353063,0
353064,0
353065,0
353066,25
353067,0
353068,0
353069,0
353070,29
353071,0
353072,0
353073,0
353074,0
353075,0
353076,0
353077,0
353078,0
353079,0
353080,0
353081,0
353082,0
353083,0
353084,28
353085,0
353086,0
353087,0
353088,0
353089,0
353090,24
353091,0
353092,33
353093,0
353094,21
353095,0
353096,18
353097,0
353098,0
353099,38
353100,24
353101,0
353102,0
353103,32
353104,0
353105,0
353106,0
353107,0
353108,0
353109,0
353110,0
353111,36
353112,0
353113,0
353114,31
353115,0
353116,0
353117,0
353118,0
353119,0
353120,0
353121,0
353122,0
353123,0
353124,0
353125,0
353126,21
353127,0
353128,0
353129,22
353130,0
353131,17
353132,0
353133,0
353134,0
353135,0
353136,23
353137,23
353138,0
353139,0
353140,0
353141,16
353142,28
353143,35
353144,0
353145,0
353146,0
353147,0
353148,0
353149,0
353150,0
353151,0
353152,0
353153,33
353154,0
353155,0
353156,20
353157,0
353158,0
353159,29
353160,0
353161,0
353162,0
353163,13
353164,0
353165,0
353166,0
353167,0
353168,0
353169,0
353170,0
353171,0
353172,0
353173,0
353174,36
353175,0
353176,0
353177,0
353178,0
353179,0
353180,0
353181,0
353182,0
353183,25
353184,27
353185,0
353186,0
353187,0
353188,0
353189,22
353190,0
353191,0
353192,0
353193,0
353194,0
353195,0
353196,0
353197,19
353198,0
353199,28
353200,0
353201,0
353202,0
353203,0
353204,0
353205,24
353206,0
353207,21
353208,0
353209,0
353210,38
353211,0
353212,20
353213,0
353214,0
353215,0
353216,0
353217,0
353218,0
353219,0
353220,26
353221,0
353222,0
353223,0
353224,0
353225,25
353226,0
353227,0
353228,19
353229,0
353230,0
353231,0
353232,23
353233,0
353234,0
353235,0
353236,0
353237,0
353238,18
353239,0
353240,22
353241,0
353242,0
353243,0
353244,0
353245,0
353246,0
353247,0
353248,27
353249,29
353250,25
353251,22
353252,27
353253,0
353254,0
353255,0
353256,0
353257,46
353258,29
353259,0
353260,0
353261,0
353262,0
353263,0
353264,0
353265,26
353266,0
353267,0
353268,30
353269,0
353270,26
353271,0
353272,0
353273,0
353274,0
353275,0
353276,0
353277,0
353278,0
353279,0
353280,0
353281,0
353282,0
353283,29
353284,0
353285,0
353286,27
353287,33
353288,0
353289,0
353290,18
353291,0
353292,17
353293,0
353294,0
353295,0
353296,0
353297,0
353298,0
353299,0
353300,0
353301,16
353302,0
353303,0
353304,0
353305,28
353306,0
353307,0
353308,30
353309,38
353310,33
353311,0
353312,0
353313,0
353314,12
353315,0
353316,17
353317,0
353318,0
353319,0
353320,34
353321,0
353322,0
353323,0
353324,0
353325,0
353326,13
353327,0
353328,15
353329,16
353330,23
353331,0
353332,0
353333,0
353334,0
353335,0
353336,28
353337,0
353338,0
353339,0
353340,0
353341,14
353342,0
353343,0
353344,0
353345,0
353346,0
353347,0
353348,0
353349,30
353350,27
353351,0
353352,0
353353,0
353354,0
353355,0
353356,0
353357,0
353358,0
353359,0
353360,0
353361,23
353362,0
353363,0
353364,26
353365,0
353366,0
353367,0
353368,0
353369,0
353370,0
353371,0
353372,0
353373,18
353374,0
353375,0
353376,0
353377,0
353378,0
353379,0
353380,0
353381,0
353382,0
353383,34
353384,0
353385,0
353386,0
353387,32
353388,0
353389,0
353390,0
353391,26
353392,0
353393,0
353394,0
353395,0
353396,0
353397,0
353398,0
353399,0
353400,0
353401,0
353402,0
353403,0
353404,0
353405,0
353406,0
353407,0
353408,31
353409,18
353410,0
353411,0
353412,29
353413,0
353414,20
353415,0
353416,0
353417,0
353418,0
353419,0
353420,25
353421,23
353422,0
353423,0
353424,0
353425,0
353426,0
353427,17
353428,38
353429,0
353430,0
353431,0
353432,0
353433,0
353434,0
353435,0
353436,24
353437,0
353438,0
353439,0
353440,0
353441,0
353442,0
353443,0
353444,0
353445,0
353446,0
353447,0
353448,0
353449,0
353450,0
353451,0
353452,0
353453,28
353454,22
353455,0
353456,30
353457,0
353458,0
353459,0
353460,24
353461,0
353462,20
353463,0
353464,0
353465,20
353466,0
353467,0
353468,0
353469,0
353470,0
353471,0
353472,0
353473,0
353474,0
353475,0
353476,0
353477,0
353478,0
353479,0
353480,0
353481,0
353482,0
353483,0
353484,0
353485,0
353486,0
353487,0
353488,0
353489,0
353490,0
353491,0
353492,0
353493,0
353494,0
353495,0
353496,0
353497,0
353498,0
353499,0
353500,0
353501,0
353502,0
353503,0
353504,0
353505,0
353506,0
353507,0
353508,0
353509,0
353510,0
353511,0
353512,0
353513,0
353514,0
353515,0
353516,0
353517,0
353518,0
353519,0
353520,0
353521,0
353522,0
353523,0
353524,0
353525,0
353526,0
353527,0
353528,0
353529,0
353530,0
353531,0
353532,0
353533,0
353534,0
353535,0
353536,0
353537,0
353538,0
353539,0
353540,0
353541,0
353542,0
353543,0
353544,0
353545,0
353546,0
353547,0
353548,0
353549,0
353550,0
353551,0
353552,0
353553,0
353554,0
353555,0
353556,0
353557,0
353558,0
353559,0
353560,0
353561,0
353562,0
353563,0
353564,0
353565,0
353566,0
353567,0
353568,0
353569,0
353570,0
353571,0
353572,0
353573,0
353574,0
353575,0
353576,0
353577,0
353578,0
353579,0
353580,0
353581,0
353582,0
353583,0
353584,0
353585,0
353586,0
353587,0
353588,0
353589,0
353590,0
353591,0
353592,0
353593,0
353594,0
353595,0
353596,0
353597,0
353598,0
353599,0
353600,0
353601,0
353602,0
353603,0
353604,0
353605,0
353606,0
353607,0
353608,0
353609,0
353610,0
353611,0
353612,0
353613,0
353614,0
353615,0
353616,0
353617,0
353618,0
353619,0
353620,0
353621,0
353622,0
353623,0
353624,0
353625,0
353626,0
353627,0
353628,0
353629,0
353630,0
353631,0
353632,0
353633,0
353634,0
353635,0
353636,0
353637,0
353638,0
353639,0
353640,0
353641,0
353642,0
353643,0
353644,0
353645,0
353646,0
353647,0
353648,0
353649,0
353650,0
353651,0
353652,0
353653,0
353654,0
353655,0
353656,0
353657,0
353658,0
353659,0
353660,0
353661,0
353662,0
353663,0
353664,0
353665,0
353666,0
353667,0
353668,0
353669,0
353670,0
353671,0
353672,0
353673,0
353674,0
353675,0
353676,0
353677,0
353678,0
353679,0
353680,0
353681,0
353682,0
353683,0
353684,0
353685,0
353686,0
353687,0
353688,0
353689,0
353690,0
353691,0
353692,0
353693,0
353694,0
353695,0
353696,0
353697,0
353698,0
353699,0
353700,0
353701,0
353702,0
353703,0
353704,0
353705,0
353706,0
353707,0
353708,0
353709,0
353710,0
353711,0
353712,0
353713,0
353714,0
353715,0
353716,0
353717,0
353718,0
353719,0
353720,0
353721,0
353722,0
353723,0
353724,0
353725,0
353726,0
353727,0
353728,0
353729,0
353730,0
353731,0
353732,0
353733,0
353734,0
353735,0
353736,0
353737,0
353738,0
353739,0
353740,0
353741,0
353742,0
353743,0
353744,0
353745,0
353746,0
353747,0
353748,0
353749,0
353750,0
353751,0
353752,0
353753,0
353754,0
353755,0
353756,0
353757,0
353758,0
353759,0
353760,0
353761,0
353762,0
353763,0
353764,0
353765,0
353766,0
353767,0
353768,0
353769,0
353770,0
353771,0
353772,0
353773,1
353774,0
353775,0
353776,0
353777,0
353778,0
353779,0
353780,0
353781,0
353782,0
353783,0
353784,0
353785,0
353786,0
353787,0
353788,0
353789,0
353790,0
353791,0
353792,0
353793,0
353794,0
353795,0
353796,0
353797,0
353798,0
353799,0
353800,0
353801,0
353802,0
353803,0
353804,0
353805,0
353806,0
353807,0
353808,0
353809,0
353810,0
353811,0
353812,0
353813,0
353814,0
353815,0
353816,0
353817,0
353818,0
353819,0
353820,0
353821,0
353822,0
353823,0
353824,0
353825,0
353826,0
353827,0
353828,0
353829,0
353830,0
353831,0
353832,0
353833,0
353834,0
353835,0
353836,0
353837,0
353838,1
353839,0
353840,0
353841,0
353842,0
353843,0
353844,0
353845,0
353846,0
353847,0
353848,0
353849,0
353850,0
353851,0
353852,0
353853,0
353854,0
353855,0
353856,0
353857,0
353858,0
353859,0
353860,0
353861,0
353862,0
353863,0
353864,0
353865,0
353866,0
353867,0
353868,0
353869,0
353870,0
353871,0
353872,0
353873,0
353874,0
353875,0
353876,0
353877,0
353878,0
353879,0
353880,0
353881,0
353882,0
353883,0
353884,0
353885,0
353886,0
353887,0
353888,0
353889,0
353890,0
353891,0
353892,0
353893,0
353894,0
353895,0
353896,0
353897,0
353898,0
353899,0
353900,0
353901,0
353902,0
353903,0
353904,0
353905,0
353906,0
353907,0
353908,0
353909,0
353910,0
353911,0
353912,0
353913,0
353914,0
353915,0
353916,1
353917,0
353918,0
353919,0
353920,0
353921,0
353922,0
353923,0
353924,1
353925,0
353926,0
353927,0
353928,0
353929,0
353930,0
353931,0
353932,0
353933,0
353934,0
353935,0
353936,1
353937,0
353938,0
353939,0
353940,0
353941,0
353942,0
353943,0
353944,0
353945,0
353946,0
353947,0
353948,0
353949,0
353950,0
353951,0
353952,0
353953,0
353954,0
353955,0
353956,0
353957,0
353958,0
353959,0
353960,0
353961,0
353962,0
353963,0
353964,0
353965,0
353966,0
353967,0
353968,0
353969,0
353970,0
353971,0
353972,0
353973,0
353974,0
353975,0
353976,0
353977,0
353978,0
353979,0
353980,0
353981,0
353982,0
353983,0
353984,0
353985,0
353986,0
353987,0
353988,0
353989,0
353990,0
353991,0
353992,0
353993,0
353994,0
353995,0
353996,0
353997,0
353998,0
353999,0
354000,0
354001,0
354002,0
354003,0
354004,0
354005,0
354006,0
354007,0
354008,0
354009,0
354010,0
354011,0
354012,0
354013,0
354014,0
354015,0
354016,0
354017,0
354018,0
354019,0
354020,0
354021,0
354022,0
354023,0
354024,0
354025,0
354026,0
354027,0
354028,0
354029,0
354030,0
354031,0
354032,0
354033,0
354034,0
354035,0
354036,0
354037,0
354038,0
354039,0
354040,0
354041,0
354042,0
354043,0
354044,0
354045,0
354046,0
354047,0
354048,0
354049,0
354050,0
354051,0
354052,0
354053,0
354054,0
354055,0
354056,0
354057,0
354058,0
354059,0
354060,0
354061,0
354062,0
354063,0
354064,0
354065,0
354066,0
354067,0
354068,0
354069,0
354070,0
354071,0
354072,0
354073,0
354074,0
354075,0
354076,0
354077,0
354078,0
354079,0
354080,0
354081,0
354082,0
354083,0
354084,0
354085,0
354086,0
354087,0
354088,0
354089,0
354090,0
354091,0
354092,0
354093,0
354094,0
354095,1
354096,0
354097,0
354098,0
354099,0
354100,0
354101,0
354102,0
354103,0
354104,0
354105,0
354106,0
354107,0
354108,0
354109,0
354110,0
354111,1
354112,0
354113,0
354114,0
354115,0
354116,0
354117,0
354118,0
354119,0
354120,0
354121,0
354122,0
354123,0
354124,0
354125,0
354126,0
354127,0
354128,0
354129,0
354130,0
354131,0
354132,0
354133,0
354134,0
354135,0
354136,0
354137,0
354138,0
354139,0
354140,0
354141,0
354142,0
354143,0
354144,0
354145,0
354146,0
354147,0
354148,0
354149,0
354150,0
354151,0
354152,0
354153,0
354154,0
354155,0
354156,0
354157,0
354158,0
354159,1
354160,0
354161,0
354162,0
354163,0
354164,0
354165,1
354166,0
354167,0
354168,0
354169,0
354170,0
354171,0
354172,0
354173,0
354174,0
354175,0
354176,0
354177,0
354178,0
354179,0
354180,0
354181,0
354182,0
354183,0
354184,0
354185,0
354186,0
354187,0
354188,0
354189,0
354190,0
354191,0
354192,0
354193,0
354194,0
354195,0
354196,0
354197,0
354198,0
354199,0
354200,0
354201,0
354202,0
354203,0
354204,0
354205,0
354206,0
354207,0
354208,0
354209,0
354210,0
354211,0
354212,0
354213,0
354214,0
354215,0
354216,0
354217,0
354218,0
354219,0
354220,0
354221,0
354222,0
354223,0
354224,0
354225,0
354226,0
354227,0
354228,0
354229,0
354230,0
354231,0
354232,0
354233,0
354234,0
354235,0
354236,0
354237,0
354238,0
354239,0
354240,0
354241,0
354242,0
354243,0
354244,0
354245,15
354246,0
354247,24
354248,0
354249,14
354250,18
354251,0
354252,0
354253,0
354254,0
354255,0
354256,23
354257,17
354258,0
354259,0
354260,0
354261,17
354262,18
354263,0
354264,0
354265,13
354266,16
354267,0
354268,0
354269,25
354270,17
354271,0
354272,0
354273,0
354274,0
354275,20
354276,0
354277,0
354278,0
354279,0
354280,0
354281,0
354282,0
354283,13
354284,0
354285,0
354286,0
354287,0
354288,0
354289,0
354290,0
354291,0
354292,0
354293,7
354294,0
354295,18
354296,0
354297,0
354298,0
354299,0
354300,0
354301,0
354302,15
354303,0
354304,0
354305,0
354306,0
354307,0
354308,0
354309,0
354310,13
354311,12
354312,0
354313,0
354314,0
354315,0
354316,0
354317,0
354318,0
354319,12
354320,0
354321,18
354322,0
354323,0
354324,0
354325,14
354326,18
354327,0
354328,0
354329,23
354330,20
354331,0
354332,9
354333,0
354334,0
354335,14
354336,0
354337,19
354338,17
354339,12
354340,0
354341,0
354342,0
354343,0
354344,22
354345,0
354346,0
354347,0
354348,0
354349,0
354350,0
354351,0
354352,13
354353,0
354354,0
354355,0
354356,0
354357,0
354358,0
354359,0
354360,0
354361,30
354362,14
354363,17
354364,0
354365,15
354366,13
354367,0
354368,0
354369,17
354370,0
354371,0
354372,0
354373,0
354374,0
354375,0
354376,0
354377,0
354378,0
354379,0
354380,17
354381,0
354382,0
354383,0
354384,17
354385,0
354386,0
354387,0
354388,10
354389,0
354390,22
354391,0
354392,0
354393,0
354394,0
354395,0
354396,0
354397,0
354398,0
354399,0
354400,0
354401,0
354402,19
354403,0
354404,0
354405,0
354406,0
354407,15
354408,0
354409,0
354410,0
354411,0
354412,21
354413,20
354414,0
354415,12
354416,0
354417,20
354418,0
354419,0
354420,0
354421,24
354422,16
354423,17
354424,0
354425,0
354426,0
354427,0
354428,0
354429,0
354430,14
354431,0
354432,15
354433,0
354434,9
354435,0
354436,0
354437,17
354438,0
354439,0
354440,0
354441,0
354442,0
354443,0
354444,17
354445,0
354446,0
354447,0
354448,0
354449,24
354450,0
354451,0
354452,0
354453,0
354454,0
354455,0
354456,0
354457,0
354458,0
354459,0
354460,0
354461,0
354462,31
354463,0
354464,0
354465,0
354466,0
354467,0
354468,0
354469,0
354470,0
354471,0
354472,0
354473,16
354474,0
354475,12
354476,0
354477,0
354478,0
354479,0
354480,0
354481,0
354482,19
354483,0
354484,0
354485,0
354486,14
354487,0
354488,0
354489,0
354490,0
354491,0
354492,9
354493,0
354494,0
354495,0
354496,0
354497,20
354498,0
354499,0
354500,0
354501,16
354502,0
354503,20
354504,0
354505,0
354506,0
354507,18
354508,0
354509,0
354510,0
354511,18
354512,0
354513,19
354514,0
354515,0
354516,0
354517,0
354518,0
354519,0
354520,0
354521,0
354522,10
354523,0
354524,0
354525,0
354526,0
354527,0
354528,0
354529,0
354530,0
354531,0
354532,19
354533,0
354534,0
354535,0
354536,0
354537,0
354538,17
354539,12
354540,0
354541,0
354542,23
354543,0
354544,17
354545,0
354546,0
354547,0
354548,22
354549,0
354550,18
354551,0
354552,0
354553,0
354554,0
354555,0
354556,0
354557,21
354558,0
354559,0
354560,0
354561,0
354562,0
354563,0
354564,0
354565,0
354566,0
354567,0
354568,0
354569,0
354570,0
354571,0
354572,0
354573,0
354574,10
354575,12
354576,0
354577,0
354578,0
354579,19
354580,0
354581,0
354582,0
354583,0
354584,0
354585,0
354586,12
354587,27
354588,0
354589,0
354590,0
354591,0
354592,0
354593,0
354594,0
354595,0
354596,0
354597,25
354598,17
354599,0
354600,0
354601,17
354602,0
354603,0
354604,0
354605,0
354606,0
354607,0
354608,0
354609,23
354610,0
354611,18
354612,13
354613,0
354614,0
354615,15
354616,14
354617,0
354618,0
354619,11
354620,0
354621,0
354622,0
354623,0
354624,0
354625,0
354626,0
354627,0
354628,12
354629,0
354630,13
354631,0
354632,15
354633,0
354634,0
354635,0
354636,0
354637,21
354638,0
354639,0
354640,7
354641,0
354642,0
354643,0
354644,0
354645,0
354646,0
354647,0
354648,0
354649,0
354650,0
354651,0
354652,0
354653,12
354654,0
354655,0
354656,0
354657,0
354658,0
354659,0
354660,0
354661,0
354662,0
354663,0
354664,0
354665,0
354666,0
354667,0
354668,0
354669,1
354670,0
354671,14
354672,12
354673,0
354674,0
354675,5
354676,13
354677,0
354678,0
354679,0
354680,0
354681,0
354682,11
354683,0
354684,0
354685,0
354686,0
354687,0
354688,12
354689,0
354690,0
354691,0
354692,0
354693,0
354694,0
354695,0
354696,0
354697,0
354698,0
354699,0
354700,0
354701,12
354702,0
354703,0
354704,0
354705,0
354706,0
354707,0
354708,0
354709,0
354710,0
354711,0
354712,0
354713,0
354714,0
354715,0
354716,0
354717,0
354718,13
354719,0
354720,0
354721,7
354722,0
354723,12
354724,0
354725,0
354726,10
354727,0
354728,0
354729,16
354730,0
354731,0
354732,0
354733,0
354734,9
354735,0
354736,0
354737,9
354738,14
354739,0
354740,0
354741,0
354742,0
354743,0
354744,0
354745,0
354746,0
354747,0
354748,0
354749,11
354750,0
354751,0
354752,13
354753,0
354754,0
354755,14
354756,0
354757,0
354758,0
354759,0
354760,0
354761,0
354762,14
354763,0
354764,0
354765,16
354766,15
354767,16
354768,0
354769,0
354770,9
354771,0
354772,0
354773,3
354774,5
354775,0
354776,6
354777,0
354778,0
354779,0
354780,4
354781,7
354782,0
354783,3
354784,0
354785,0
354786,5
354787,0
354788,0
354789,0
354790,0
354791,0
354792,0
354793,9
354794,0
354795,4
354796,2
354797,0
354798,0
354799,0
354800,1
354801,0
354802,5
354803,0
354804,3
354805,0
354806,0
354807,0
354808,4
354809,0
354810,2
354811,0
354812,0
354813,5
354814,0
354815,0
354816,0
354817,0
354818,0
354819,0
354820,0
354821,0
354822,0
354823,0
354824,0
354825,0
354826,0
354827,8
354828,0
354829,0
354830,0
354831,0
354832,0
354833,0
354834,0
354835,5
354836,0
354837,0
354838,0
354839,7
354840,6
354841,0
354842,9
354843,0
354844,0
354845,0
354846,0
354847,0
354848,0
354849,0
354850,0
354851,0
354852,0
354853,0
354854,3
354855,0
354856,2
354857,0
354858,7
354859,0
354860,0
354861,0
354862,0
354863,0
354864,0
354865,0
354866,0
354867,0
354868,0
354869,0
354870,6
354871,4
354872,0
354873,0
354874,0
354875,0
354876,0
354877,0
354878,0
354879,2
354880,0
354881,9
354882,0
354883,3
354884,6
354885,0
354886,3
354887,0
354888,0
354889,11
354890,7
354891,0
354892,0
354893,0
354894,0
354895,0
354896,0
354897,0
354898,0
354899,0
354900,0
354901,0
354902,0
354903,11
354904,0
354905,3
354906,0
354907,8
354908,0
354909,0
354910,0
354911,0
354912,0
354913,2
354914,0
354915,0
354916,9
354917,0
354918,3
354919,0
354920,0
354921,0
354922,0
354923,0
354924,4
354925,0
354926,0
354927,6
354928,4
354929,2
354930,8
354931,0
354932,0
354933,0
354934,0
354935,4
354936,0
354937,0
354938,0
354939,0
354940,6
354941,0
354942,0
354943,2
354944,5
354945,1
354946,0
354947,0
354948,4
354949,4
354950,0
354951,7
354952,0
354953,0
354954,0
354955,5
354956,0
354957,0
354958,4
354959,3
354960,0
354961,0
354962,0
354963,4
354964,0
354965,5
354966,0
354967,4
354968,0
354969,0
354970,0
354971,2
354972,4
354973,0
354974,9
354975,0
354976,0
354977,0
354978,4
354979,0
354980,2
354981,5
354982,0
354983,3
354984,0
354985,7
354986,0
354987,0
354988,0
354989,0
354990,0
354991,0
354992,0
354993,1
354994,0
354995,0
354996,0
354997,0
354998,0
354999,0
355000,0
355001,0
355002,2
355003,0
355004,5
355005,0
355006,0
355007,0
355008,9
355009,0
355010,0
355011,0
355012,8
355013,2
355014,0
355015,0
355016,0
355017,0
355018,0
355019,0
355020,4
355021,3
355022,0
355023,0
355024,0
355025,4
355026,0
355027,0
355028,2
355029,0
355030,0
355031,0
355032,3
355033,0
355034,0
355035,1
355036,0
355037,5
355038,5
355039,5
355040,0
355041,0
355042,4
355043,8
355044,0
355045,4
355046,0
355047,2
355048,0
355049,0
355050,0
355051,0
355052,0
355053,10
355054,0
355055,0
355056,0
355057,0
355058,0
355059,0
355060,0
355061,0
355062,4
355063,0
355064,0
355065,0
355066,0
355067,0
355068,11
355069,3
355070,0
355071,7
355072,6
355073,0
355074,0
355075,0
355076,0
355077,5
355078,5
355079,0
355080,0
355081,0
355082,0
355083,0
355084,0
355085,3
355086,0
355087,0
355088,0
355089,0
355090,0
355091,0
355092,0
355093,0
355094,0
355095,3
355096,0
355097,4
355098,0
355099,4
355100,0
355101,0
355102,0
355103,0
355104,0
355105,0
355106,0
355107,0
355108,0
355109,0
355110,11
355111,0
355112,0
355113,4
355114,4
355115,4
355116,3
355117,0
355118,0
355119,0
355120,0
355121,5
355122,4
355123,0
355124,0
355125,0
355126,11
355127,2
355128,0
355129,0
355130,0
355131,0
355132,0
355133,0
355134,0
355135,0
355136,0
355137,3
355138,0
355139,0
355140,9
355141,0
355142,0
355143,4
355144,0
355145,0
355146,0
355147,0
355148,5
355149,0
355150,10
355151,0
355152,0
355153,0
355154,0
355155,0
355156,0
355157,0
355158,7
355159,8
355160,0
355161,0
355162,0
355163,0
355164,0
355165,0
355166,0
355167,0
355168,0
355169,0
355170,0
355171,0
355172,0
355173,0
355174,0
355175,0
355176,0
355177,7
355178,0
355179,4
355180,7
355181,6
355182,3
355183,0
355184,0
355185,7
355186,7
355187,0
355188,0
355189,0
355190,4
355191,0
355192,0
355193,0
355194,7
355195,4
355196,0
355197,3
355198,0
355199,0
355200,0
355201,8
355202,0
355203,4
355204,0
355205,0
355206,0
355207,0
355208,0
355209,0
355210,0
355211,0
355212,0
355213,3
355214,0
355215,0
355216,6
355217,8
355218,0
355219,1
355220,0
355221,0
355222,0
355223,7
355224,0
355225,3
355226,0
355227,7
355228,0
355229,0
355230,4
355231,0
355232,6
355233,0
355234,0
355235,7
355236,0
355237,0
355238,5
355239,4
355240,0
355241,3
355242,0
355243,0
355244,0
355245,0
355246,5
355247,0
355248,8
355249,5
355250,0
355251,0
355252,0
355253,0
355254,0
355255,0
355256,0
355257,3
355258,0
355259,0
355260,0
355261,0
355262,0
355263,0
355264,0
355265,4
355266,0
355267,0
355268,0
355269,0
355270,4
355271,0
355272,0
355273,0
355274,4
355275,0
355276,2
355277,0
355278,3
355279,0
355280,0
355281,0
355282,0
355283,4
355284,0
355285,0
355286,0
355287,0
355288,5
355289,0
355290,5
355291,0
355292,9
355293,3
355294,0
355295,0
355296,0
355297,2
355298,4
355299,0
355300,3
355301,0
355302,6
355303,0
355304,0
355305,3
355306,0
355307,0
355308,0
355309,0
355310,0
355311,0
355312,0
355313,0
355314,4
355315,0
355316,0
355317,0
355318,0
355319,4
355320,0
355321,0
355322,0
355323,0
355324,0
355325,0
355326,0
355327,0
355328,0
355329,0
355330,0
355331,0
355332,0
355333,4
355334,0
355335,2
355336,0
355337,0
355338,0
355339,0
355340,0
355341,0
355342,0
355343,0
355344,3
355345,0
355346,0
355347,0
355348,0
355349,0
355350,0
355351,0
355352,0
355353,2
355354,0
355355,0
355356,0
355357,4
355358,0
355359,1
355360,0
355361,2
355362,0
355363,0
355364,0
355365,7
355366,0
355367,4
355368,0
355369,0
355370,0
355371,0
355372,0
355373,0
355374,0
355375,0
355376,0
355377,6
355378,0
355379,3
355380,0
355381,0
355382,0
355383,4
355384,0
355385,0
355386,8
355387,0
355388,0
355389,0
355390,0
355391,0
355392,0
355393,1
355394,0
355395,0
355396,0
355397,0
355398,0
355399,10
355400,0
355401,5
355402,0
355403,0
355404,7
355405,0
355406,0
355407,7
355408,0
355409,0
355410,4
355411,0
355412,0
355413,1
355414,4
355415,10
355416,7
355417,0
355418,0
355419,0
355420,0
355421,0
355422,0
355423,0
355424,0
355425,2
355426,2
355427,0
355428,0
355429,0
355430,0
355431,0
355432,3
355433,2
355434,0
355435,2
355436,0
355437,0
355438,0
355439,0
355440,0
355441,0
355442,12
355443,0
355444,4
355445,3
355446,3
355447,0
355448,0
355449,3
355450,0
355451,4
355452,0
355453,4
355454,0
355455,0
355456,0
355457,5
355458,1
355459,14
355460,0
355461,0
355462,0
355463,9
355464,0
355465,0
355466,0
355467,0
355468,0
355469,0
355470,0
355471,0
355472,0
355473,0
355474,5
355475,0
355476,0
355477,2
355478,0
355479,6
355480,0
355481,0
355482,0
355483,1
355484,3
355485,0
355486,0
355487,3
355488,0
355489,5
355490,5
355491,0
355492,0
355493,0
355494,0
355495,0
355496,0
355497,0
355498,0
355499,2
355500,0
355501,7
355502,0
355503,0
355504,0
355505,0
355506,0
355507,3
355508,0
355509,0
355510,7
355511,2
355512,0
355513,0
355514,0
355515,0
355516,0
355517,0
355518,0
355519,2
355520,0
355521,0
355522,0
355523,0
355524,0
355525,0
355526,0
355527,0
355528,4
355529,0
355530,0
355531,5
355532,5
355533,0
355534,0
355535,6
355536,0
355537,0
355538,0
355539,0
355540,0
355541,4
355542,0
355543,7
355544,0
355545,0
355546,0
355547,0
355548,0
355549,0
355550,0
355551,0
355552,0
355553,0
355554,0
355555,0
355556,0
355557,0
355558,9
355559,0
355560,0
355561,0
355562,0
355563,0
355564,0
355565,0
355566,0
355567,0
355568,0
355569,0
355570,3
355571,0
355572,0
355573,3
355574,0
355575,0
355576,6
355577,0
355578,8
355579,8
355580,0
355581,0
355582,0
355583,0
355584,0
355585,0
355586,0
355587,3
355588,0
355589,7
355590,0
355591,6
355592,1
355593,5
355594,0
355595,0
355596,0
355597,4
355598,3
355599,0
355600,4
355601,0
355602,8
355603,0
355604,4
355605,0
355606,0
355607,0
355608,0
355609,0
355610,0
355611,8
355612,0
355613,6
355614,0
355615,0
355616,12
355617,5
355618,0
355619,0
355620,0
355621,4
355622,0
355623,2
355624,0
355625,0
355626,0
355627,0
355628,0
355629,0
355630,0
355631,0
355632,1
355633,0
355634,0
355635,0
355636,0
355637,4
355638,0
355639,0
355640,0
355641,4
355642,0
355643,7
355644,2
355645,0
355646,0
355647,0
355648,7
355649,0
355650,0
355651,0
355652,7
355653,0
355654,0
355655,5
355656,0
355657,0
355658,10
355659,0
355660,6
355661,0
355662,7
355663,0
355664,0
355665,0
355666,27
355667,0
355668,0
355669,31
355670,0
355671,0
355672,0
355673,0
355674,0
355675,0
355676,0
355677,0
355678,47
355679,28
355680,0
355681,35
355682,0
355683,0
355684,0
355685,0
355686,0
355687,22
355688,0
355689,0
355690,40
355691,0
355692,0
355693,0
355694,0
355695,41
355696,24
355697,0
355698,0
355699,25
355700,0
355701,0
355702,0
355703,34
355704,0
355705,0
355706,47
355707,0
355708,0
355709,29
355710,0
355711,0
355712,0
355713,0
355714,32
355715,34
355716,38
355717,30
355718,0
355719,29
355720,0
355721,54
355722,0
355723,0
355724,45
355725,0
355726,0
355727,0
355728,30
355729,41
355730,0
355731,0
355732,32
355733,0
355734,26
355735,0
355736,26
355737,0
355738,0
355739,0
355740,0
355741,0
355742,0
355743,46
355744,0
355745,38
355746,0
355747,36
355748,0
355749,25
355750,0
355751,0
355752,0
355753,0
355754,0
355755,0
355756,0
355757,0
355758,0
355759,0
355760,0
355761,0
355762,0
355763,0
355764,0
355765,31
355766,0
355767,0
355768,0
355769,27
355770,0
355771,0
355772,0
355773,0
355774,0
355775,0
355776,0
355777,0
355778,0
355779,0
355780,44
355781,37
355782,37
355783,0
355784,0
355785,0
355786,25
355787,0
355788,0
355789,0
355790,0
355791,0
355792,0
355793,0
355794,32
355795,0
355796,0
355797,0
355798,38
355799,27
355800,0
355801,0
355802,0
355803,0
355804,0
355805,0
355806,0
355807,0
355808,28
355809,0
355810,0
355811,0
355812,0
355813,0
355814,0
355815,0
355816,0
355817,0
355818,0
355819,0
355820,0
355821,27
355822,0
355823,29
355824,0
355825,27
355826,0
355827,0
355828,0
355829,0
355830,0
355831,31
355832,0
355833,0
355834,0
355835,0
355836,0
355837,25
355838,35
355839,0
355840,0
355841,0
355842,0
355843,0
355844,0
355845,0
355846,0
355847,0
355848,0
355849,0
355850,11
355851,0
355852,32
355853,0
355854,37
355855,47
355856,0
355857,0
355858,0
355859,0
355860,0
355861,0
355862,0
355863,0
355864,0
355865,0
355866,0
355867,0
355868,0
355869,0
355870,0
355871,0
355872,0
355873,17
355874,30
355875,0
355876,0
355877,0
355878,0
355879,0
355880,0
355881,0
355882,0
355883,0
355884,0
355885,0
355886,0
355887,0
355888,0
355889,41
355890,43
355891,0
355892,0
355893,0
355894,0
355895,0
355896,39
355897,0
355898,0
355899,0
355900,0
355901,0
355902,0
355903,0
355904,0
355905,0
355906,0
355907,0
355908,0
355909,0
355910,0
355911,0
355912,0
355913,0
355914,24
355915,0
355916,0
355917,0
355918,26
355919,0
355920,0
355921,0
355922,0
355923,35
355924,0
355925,0
355926,0
355927,0
355928,28
355929,0
355930,0
355931,0
355932,0
355933,31
355934,0
355935,0
355936,0
355937,0
355938,0
355939,0
355940,0
355941,0
355942,0
355943,26
355944,0
355945,31
355946,0
355947,0
355948,39
355949,0
355950,0
355951,0
355952,0
355953,0
355954,0
355955,0
355956,21
355957,0
355958,0
355959,0
355960,31
355961,0
355962,0
355963,0
355964,0
355965,0
355966,31
355967,0
355968,0
355969,0
355970,0
355971,0
355972,0
355973,0
355974,40
355975,0
355976,0
355977,0
355978,0
355979,0
355980,0
355981,42
355982,0
355983,0
355984,0
355985,0
355986,0
355987,0
355988,39
355989,0
355990,0
355991,0
355992,0
355993,0
355994,0
355995,0
355996,27
355997,0
355998,0
355999,0
356000,28
356001,0
356002,0
356003,0
356004,0
356005,0
356006,32
356007,36
356008,0
356009,0
356010,29
356011,0
356012,30
356013,0
356014,0
356015,0
356016,0
356017,0
356018,28
356019,0
356020,0
356021,0
356022,0
356023,0
356024,0
356025,0
356026,0
356027,0
356028,0
356029,0
356030,0
356031,0
356032,0
356033,37
356034,0
356035,0
356036,25
356037,38
356038,38
356039,0
356040,0
356041,0
356042,0
356043,0
356044,0
356045,0
356046,0
356047,0
356048,0
356049,0
356050,0
356051,0
356052,0
356053,0
356054,0
356055,0
356056,36
356057,0
356058,0
356059,37
356060,0
356061,0
356062,0
356063,0
356064,0
356065,0
356066,0
356067,0
356068,0
356069,0
356070,0
356071,0
356072,0
356073,22
356074,0
356075,0
356076,0
356077,0
356078,0
356079,0
356080,0
356081,0
356082,0
356083,0
356084,0
356085,29
356086,0
356087,0
356088,0
356089,0
356090,0
356091,0
356092,0
356093,0
356094,0
356095,0
356096,26
356097,0
356098,0
356099,0
356100,0
356101,0
356102,0
356103,0
356104,0
356105,0
356106,0
356107,0
356108,0
356109,0
356110,0
356111,39
356112,0
356113,0
356114,0
356115,0
356116,0
356117,0
356118,0
356119,0
356120,0
356121,0
356122,0
356123,0
356124,0
356125,0
356126,0
356127,0
356128,27
356129,0
356130,31
356131,0
356132,0
356133,0
356134,0
356135,0
356136,0
356137,0
356138,0
356139,0
356140,0
356141,0
356142,0
356143,0
356144,0
356145,0
356146,38
356147,0
356148,0
356149,0
356150,0
356151,26
356152,0
356153,0
356154,0
356155,25
356156,0
356157,0
356158,37
356159,30
356160,41
356161,0
356162,0
356163,31
356164,0
356165,0
356166,0
356167,0
356168,0
356169,0
356170,35
356171,0
356172,0
356173,0
356174,0
356175,27
356176,0
356177,0
356178,0
356179,33
356180,0
356181,0
356182,0
356183,0
356184,0
356185,0
356186,0
356187,0
356188,0
356189,0
356190,0
356191,0
356192,0
356193,0
356194,0
356195,0
356196,0
356197,0
356198,0
356199,0
356200,0
356201,0
356202,0
356203,0
356204,0
356205,0
356206,0
356207,0
356208,0
356209,0
356210,15
356211,10
356212,0
356213,0
356214,0
356215,11
356216,0
356217,0
356218,0
356219,0
356220,0
356221,0
356222,0
356223,0
356224,0
356225,0
356226,0
356227,12
356228,18
356229,0
356230,0
356231,0
356232,12
356233,9
356234,0
356235,0
356236,0
356237,0
356238,0
356239,0
356240,0
356241,18
356242,0
356243,0
356244,0
356245,0
356246,16
356247,14
356248,0
356249,0
356250,12
356251,0
356252,0
356253,0
356254,0
356255,0
356256,0
356257,0
356258,0
356259,0
356260,0
356261,0
356262,0
356263,17
356264,0
356265,0
356266,0
356267,0
356268,0
356269,0
356270,0
356271,0
356272,0
356273,0
356274,0
356275,0
356276,0
356277,0
356278,0
356279,0
356280,0
356281,0
356282,0
356283,0
356284,0
356285,17
356286,0
356287,0
356288,0
356289,14
356290,0
356291,0
356292,0
356293,0
356294,0
356295,22
356296,13
356297,0
356298,17
356299,0
356300,0
356301,0
356302,0
356303,0
356304,0
356305,12
356306,0
356307,0
356308,0
356309,19
356310,15
356311,0
356312,0
356313,20
356314,0
356315,0
356316,0
356317,0
356318,0
356319,0
356320,0
356321,0
356322,0
356323,11
356324,9
356325,0
356326,0
356327,0
356328,0
356329,0
356330,15
356331,0
356332,0
356333,0
356334,0
356335,0
356336,0
356337,23
356338,0
356339,0
356340,0
356341,0
356342,0
356343,0
356344,0
356345,0
356346,24
356347,16
356348,0
356349,0
356350,13
356351,0
356352,18
356353,0
356354,0
356355,0
356356,0
356357,0
356358,0
356359,0
356360,0
356361,18
356362,12
356363,0
356364,21
356365,0
356366,0
356367,16
356368,0
356369,0
356370,0
356371,0
356372,0
356373,0
356374,0
356375,14
356376,27
356377,18
356378,0
356379,0
356380,0
356381,16
356382,0
356383,14
356384,0
356385,0
356386,0
356387,0
356388,0
356389,0
356390,0
356391,0
356392,0
356393,0
356394,0
356395,30
356396,0
356397,0
356398,0
356399,0
356400,12
356401,0
356402,13
356403,0
356404,0
356405,0
356406,0
356407,14
356408,18
356409,0
356410,21
356411,0
356412,0
356413,8
356414,0
356415,0
356416,14
356417,24
356418,0
356419,0
356420,0
356421,0
356422,7
356423,0
356424,0
356425,19
356426,0
356427,0
356428,0
356429,0
356430,18
356431,0
356432,0
356433,0
356434,0
356435,0
356436,0
356437,11
356438,17
356439,0
356440,0
356441,11
356442,0
356443,0
356444,0
356445,0
356446,14
356447,0
356448,0
356449,0
356450,0
356451,0
356452,0
356453,0
356454,0
356455,0
356456,0
356457,14
356458,0
356459,8
356460,0
356461,0
356462,0
356463,11
356464,0
356465,0
356466,0
356467,0
356468,0
356469,17
356470,0
356471,0
356472,8
356473,0
356474,23
356475,0
356476,0
356477,0
356478,0
356479,0
356480,0
356481,10
356482,0
356483,13
356484,13
356485,14
356486,19
356487,0
356488,0
356489,0
356490,18
356491,0
356492,0
356493,18
356494,0
356495,0
356496,0
356497,0
356498,0
356499,0
356500,0
356501,0
356502,0
356503,0
356504,0
356505,0
356506,14
356507,0
356508,14
356509,16
356510,16
356511,0
356512,0
356513,0
356514,0
356515,0
356516,0
356517,0
356518,0
356519,15
356520,0
356521,0
356522,0
356523,18
356524,0
356525,0
356526,0
356527,17
356528,0
356529,14
356530,0
356531,0
356532,19
356533,0
356534,0
356535,0
356536,0
356537,0
356538,0
356539,22
356540,0
356541,0
356542,0
356543,0
356544,17
356545,16
356546,0
356547,0
356548,17
356549,14
356550,12
356551,0
356552,0
356553,0
356554,19
356555,0
356556,0
356557,0
356558,0
356559,0
356560,18
356561,0
356562,0
356563,20
356564,21
356565,16
356566,0
356567,0
356568,0
356569,0
356570,0
356571,0
356572,0
356573,0
356574,0
356575,0
356576,13
356577,9
356578,0
356579,0
356580,0
356581,0
356582,0
356583,0
356584,0
356585,0
356586,0
356587,15
356588,0
356589,20
356590,0
356591,0
356592,15
356593,0
356594,0
356595,0
356596,0
356597,14
356598,0
356599,0
356600,0
356601,0
356602,0
356603,0
356604,8
356605,0
356606,12
356607,0
356608,19
356609,19
356610,20
356611,20
356612,0
356613,0
356614,0
356615,0
356616,0
356617,0
356618,13
356619,0
356620,0
356621,0
356622,17
356623,0
356624,18
356625,0
356626,23
356627,0
356628,0
356629,0
356630,0
356631,10
356632,0
356633,0
356634,0
356635,0
356636,0
356637,0
356638,15
356639,0
356640,0
356641,0
356642,0
356643,0
356644,0
356645,19
356646,0
356647,11
356648,0
356649,0
356650,0
356651,0
356652,0
356653,0
356654,0
356655,12
356656,0
356657,14
356658,0
356659,19
356660,24
356661,0
356662,0
356663,14
356664,0
356665,9
356666,0
356667,0
356668,0
356669,0
356670,0
356671,0
356672,0
356673,0
356674,0
356675,0
356676,20
356677,0
356678,0
356679,9
356680,0
356681,0
356682,15
356683,0
356684,0
356685,0
356686,0
356687,10
356688,0
356689,0
356690,0
356691,0
356692,17
356693,0
356694,0
356695,0
356696,0
356697,0
356698,13
356699,0
356700,0
356701,0
356702,0
356703,0
356704,0
356705,0
356706,0
356707,24
356708,0
356709,0
356710,0
356711,0
356712,0
356713,0
356714,18
356715,0
356716,0
356717,0
356718,14
356719,0
356720,0
356721,0
356722,0
356723,0
356724,11
356725,0
356726,14
356727,15
356728,0
356729,0
356730,0
356731,0
356732,0
356733,0
356734,0
356735,19
356736,0
356737,0
356738,0
356739,12
356740,0
356741,0
356742,0
356743,0
356744,0
356745,0
356746,0
356747,0
356748,0
356749,13
356750,8
356751,0
356752,0
356753,0
356754,0
356755,0
356756,0
356757,9
356758,23
356759,0
356760,13
356761,0
356762,0
356763,0
356764,7
356765,0
356766,0
356767,0
356768,10
356769,0
356770,0
356771,0
356772,0
356773,0
356774,18
356775,15
356776,16
356777,19
356778,0
356779,0
356780,0
356781,0
356782,0
356783,19
356784,13
356785,7
356786,0
356787,0
356788,14
356789,19
356790,0
356791,9
356792,0
356793,0
356794,0
356795,13
356796,0
356797,0
356798,0
356799,17
356800,0
356801,0
356802,8
356803,0
356804,0
356805,18
356806,11
356807,0
356808,0
356809,0
356810,16
356811,0
356812,0
356813,0
356814,16
356815,0
356816,4
356817,16
356818,19
356819,10
356820,14
356821,0
356822,0
356823,0
356824,0
356825,0
356826,0
356827,0
356828,0
356829,0
356830,0
356831,17
356832,0
356833,0
356834,0
356835,0
356836,22
356837,17
356838,0
356839,0
356840,19
356841,23
356842,0
356843,0
356844,0
356845,0
356846,0
356847,0
356848,0
356849,13
356850,0
356851,0
356852,0
356853,0
356854,0
356855,0
356856,0
356857,0
356858,0
356859,0
356860,0
356861,0
356862,0
356863,0
356864,0
356865,0
356866,0
356867,0
356868,0
356869,0
356870,0
356871,0
356872,0
356873,12
356874,0
356875,0
356876,0
356877,22
356878,0
356879,0
356880,0
356881,13
356882,5
356883,11
356884,0
356885,0
356886,0
356887,0
356888,0
356889,0
356890,0
356891,0
356892,16
356893,0
356894,0
356895,18
356896,0
356897,0
356898,0
356899,13
356900,14
356901,14
356902,0
356903,0
356904,0
356905,17
356906,0
356907,0
356908,0
356909,0
356910,0
356911,0
356912,0
356913,17
356914,0
356915,0
356916,12
356917,0
356918,12
356919,15
356920,0
356921,0
356922,0
356923,0
356924,0
356925,14
356926,7
356927,0
356928,0
356929,0
356930,0
356931,0
356932,0
356933,0
356934,0
356935,0
356936,14
356937,0
356938,0
356939,12
356940,0
356941,0
356942,0
356943,0
356944,23
356945,17
356946,0
356947,8
356948,0
356949,0
356950,0
356951,0
356952,13
356953,0
356954,0
356955,0
356956,11
356957,0
356958,0
356959,0
356960,0
356961,0
356962,0
356963,10
356964,0
356965,0
356966,0
356967,0
356968,0
356969,0
356970,8
356971,16
356972,4
356973,0
356974,0
356975,12
356976,0
356977,0
356978,18
356979,0
356980,0
356981,0
356982,23
356983,0
356984,0
356985,16
356986,0
356987,14
356988,0
356989,0
356990,0
356991,22
356992,0
356993,0
356994,13
356995,0
356996,0
356997,0
356998,23
356999,15
357000,0
357001,0
357002,0
357003,0
357004,0
357005,0
357006,0
357007,0
357008,0
357009,0
357010,0
357011,0
357012,0
357013,0
357014,17
357015,0
357016,0
357017,24
357018,11
357019,15
357020,22
357021,0
357022,0
357023,20
357024,0
357025,0
357026,11
357027,0
357028,24
357029,0
357030,13
357031,0
357032,0
357033,0
357034,0
357035,13
357036,0
357037,0
357038,0
357039,13
357040,0
357041,0
357042,8
357043,0
357044,12
357045,10
357046,0
357047,0
357048,0
357049,0
357050,17
357051,18
357052,0
357053,0
357054,13
357055,0
357056,0
357057,0
357058,0
357059,0
357060,0
357061,0
357062,0
357063,19
357064,0
357065,0
357066,0
357067,12
357068,0
357069,0
357070,11
357071,0
357072,0
357073,23
357074,0
357075,0
357076,10
357077,0
357078,15
357079,15
357080,10
357081,0
357082,0
357083,24
357084,13
357085,0
357086,14
357087,0
357088,0
357089,22
357090,0
357091,0
357092,22
357093,24
357094,0
357095,0
357096,0
357097,0
357098,0
357099,0
357100,0
357101,21
357102,0
357103,14
357104,0
357105,0
357106,0
357107,0
357108,0
357109,0
357110,0
357111,0
357112,6
357113,16
357114,0
357115,0
357116,10
357117,0
357118,0
357119,0
357120,0
357121,0
357122,0
357123,0
357124,0
357125,0
357126,20
357127,0
357128,0
357129,0
357130,0
357131,0
357132,0
357133,0
357134,0
357135,0
357136,0
357137,0
357138,17
357139,0
357140,0
357141,0
357142,20
357143,0
357144,0
357145,0
357146,0
357147,0
357148,0
357149,0
357150,0
357151,0
357152,0
357153,0
357154,0
357155,13
357156,17
357157,18
357158,0
357159,0
357160,0
357161,0
357162,0
357163,0
357164,0
357165,0
357166,0
357167,0
357168,0
357169,0
357170,0
357171,0
357172,0
357173,0
357174,0
357175,0
357176,0
357177,0
357178,0
357179,0
357180,0
357181,0
357182,0
357183,0
357184,0
357185,0
357186,0
357187,0
357188,0
357189,0
357190,0
357191,0
357192,0
357193,0
357194,0
357195,0
357196,0
357197,0
357198,0
357199,0
357200,0
357201,1
357202,0
357203,0
357204,0
357205,0
357206,0
357207,0
357208,0
357209,0
357210,1
357211,0
357212,0
357213,0
357214,0
357215,0
357216,0
357217,0
357218,0
357219,0
357220,0
357221,0
357222,0
357223,0
357224,0
357225,0
357226,0
357227,0
357228,0
357229,1
357230,0
357231,0
357232,0
357233,0
357234,0
357235,0
357236,0
357237,0
357238,0
357239,0
357240,0
357241,0
357242,0
357243,0
357244,0
357245,0
357246,0
357247,0
357248,0
357249,0
357250,0
357251,0
357252,0
357253,0
357254,0
357255,0
357256,0
357257,0
357258,0
357259,0
357260,0
357261,0
357262,0
357263,0
357264,0
357265,0
357266,0
357267,0
357268,0
357269,0
357270,0
357271,0
357272,0
357273,0
357274,0
357275,0
357276,0
357277,1
357278,0
357279,0
357280,0
357281,0
357282,0
357283,0
357284,0
357285,0
357286,0
357287,0
357288,0
357289,0
357290,0
357291,0
357292,0
357293,0
357294,0
357295,0
357296,0
357297,0
357298,0
357299,0
357300,0
357301,0
357302,0
357303,0
357304,0
357305,0
357306,0
357307,0
357308,0
357309,0
357310,0
357311,0
357312,0
357313,0
357314,0
357315,0
357316,0
357317,0
357318,0
357319,0
357320,0
357321,0
357322,0
357323,0
357324,0
357325,0
357326,0
357327,0
357328,0
357329,0
357330,0
357331,0
357332,0
357333,1
357334,0
357335,0
357336,0
357337,0
357338,0
357339,0
357340,0
357341,0
357342,0
357343,0
357344,0
357345,0
357346,0
357347,0
357348,0
357349,0
357350,0
357351,0
357352,0
357353,0
357354,0
357355,0
357356,0
357357,0
357358,0
357359,0
357360,0
357361,0
357362,0
357363,0
357364,0
357365,0
357366,0
357367,0
357368,0
357369,0
357370,0
357371,0
357372,0
357373,0
357374,0
357375,0
357376,0
357377,0
357378,0
357379,0
357380,0
357381,0
357382,0
357383,0
357384,0
357385,0
357386,0
357387,0
357388,0
357389,0
357390,0
357391,0
357392,0
357393,0
357394,0
357395,0
357396,0
357397,0
357398,0
357399,0
357400,0
357401,0
357402,0
357403,0
357404,0
357405,0
357406,0
357407,0
357408,0
357409,0
357410,0
357411,0
357412,0
357413,0
357414,0
357415,0
357416,0
357417,0
357418,0
357419,0
357420,0
357421,0
357422,0
357423,0
357424,0
357425,0
357426,0
357427,0
357428,0
357429,0
357430,0
357431,0
357432,0
357433,0
357434,0
357435,0
357436,0
357437,0
357438,0
357439,0
357440,0
357441,0
357442,0
357443,0
357444,0
357445,0
357446,0
357447,0
357448,0
357449,0
357450,0
357451,0
357452,0
357453,0
357454,0
357455,0
357456,0
357457,0
357458,0
357459,0
357460,0
357461,0
357462,0
357463,0
357464,0
357465,0
357466,0
357467,0
357468,0
357469,0
357470,0
357471,0
357472,0
357473,0
357474,0
357475,0
357476,0
357477,0
357478,0
357479,0
357480,1
357481,0
357482,0
357483,0
357484,0
357485,0
357486,0
357487,0
357488,0
357489,0
357490,0
357491,0
357492,0
357493,0
357494,0
357495,0
357496,0
357497,0
357498,0
357499,0
357500,0
357501,0
357502,0
357503,0
357504,0
357505,0
357506,0
357507,0
357508,0
357509,0
357510,0
357511,0
357512,0
357513,0
357514,0
357515,0
357516,0
357517,0
357518,0
357519,0
357520,0
357521,0
357522,1
357523,0
357524,0
357525,0
357526,0
357527,0
357528,0
357529,0
357530,0
357531,0
357532,0
357533,0
357534,0
357535,0
357536,0
357537,0
357538,0
357539,0
357540,0
357541,0
357542,0
357543,0
357544,0
357545,0
357546,0
357547,0
357548,0
357549,0
357550,0
357551,0
357552,0
357553,0
357554,0
357555,0
357556,0
357557,0
357558,0
357559,0
357560,0
357561,0
357562,0
357563,0
357564,0
357565,0
357566,0
357567,0
357568,0
357569,0
357570,0
357571,0
357572,0
357573,0
357574,0
357575,0
357576,0
357577,0
357578,0
357579,0
357580,0
357581,0
357582,0
357583,0
357584,0
357585,0
357586,0
357587,0
357588,0
357589,0
357590,0
357591,0
357592,0
357593,0
357594,0
357595,0
357596,0
357597,0
357598,0
357599,0
357600,0
357601,0
357602,0
357603,0
357604,0
357605,0
357606,0
357607,0
357608,0
357609,0
357610,0
357611,0
357612,0
357613,0
357614,0
357615,0
357616,0
357617,0
357618,0
357619,0
357620,0
357621,0
357622,0
357623,0
357624,0
357625,0
357626,0
357627,0
357628,0
357629,0
357630,0
357631,0
357632,0
357633,0
357634,0
357635,0
357636,0
357637,0
357638,0
357639,0
357640,0
357641,0
357642,0
357643,0
357644,0
357645,0
357646,0
357647,0
357648,0
357649,0
357650,0
357651,0
357652,0
357653,0
357654,0
357655,0
357656,0
357657,0
357658,0
357659,0
357660,0
357661,0
357662,0
357663,0
357664,0
357665,0
357666,0
357667,0
357668,0
357669,0
357670,0
357671,0
357672,0
357673,0
357674,0
357675,0
357676,0
357677,0
357678,0
357679,0
357680,0
357681,0
357682,0
357683,0
357684,0
357685,0
357686,0
357687,0
357688,0
357689,0
357690,0
357691,0
357692,0
357693,0
357694,0
357695,0
357696,0
357697,0
357698,0
357699,0
357700,0
357701,0
357702,0
357703,0
357704,0
357705,0
357706,0
357707,0
357708,0
357709,0
357710,1
357711,0
357712,0
357713,0
357714,0
357715,0
357716,0
357717,0
357718,0
357719,0
357720,0
357721,0
357722,0
357723,0
357724,0
357725,0
357726,0
357727,0
357728,0
357729,0
357730,0
357731,0
357732,0
357733,0
357734,0
357735,0
357736,0
357737,0
357738,0
357739,0
357740,0
357741,0
357742,0
357743,1
357744,0
357745,0
357746,0
357747,0
357748,0
357749,0
357750,0
357751,0
357752,0
357753,0
357754,0
357755,0
357756,0
357757,0
357758,0
357759,0
357760,0
357761,0
357762,0
357763,0
357764,0
357765,0
357766,1
357767,0
357768,0
357769,0
357770,0
357771,0
357772,0
357773,0
357774,0
357775,0
357776,0
357777,0
357778,0
357779,0
357780,0
357781,0
357782,0
357783,0
357784,0
357785,0
357786,0
357787,0
357788,0
357789,0
357790,0
357791,0
357792,0
357793,0
357794,0
357795,0
357796,0
357797,0
357798,0
357799,0
357800,0
357801,0
357802,0
357803,0
357804,0
357805,0
357806,0
357807,0
357808,2
357809,0
357810,0
357811,0
357812,0
357813,0
357814,0
357815,0
357816,0
357817,0
357818,0
357819,0
357820,0
357821,0
357822,0
357823,0
357824,0
357825,0
357826,0
357827,0
357828,0
357829,0
357830,0
357831,0
357832,0
357833,0
357834,0
357835,0
357836,0
357837,0
357838,0
357839,0
357840,0
357841,0
357842,0
357843,0
357844,0
357845,0
357846,0
357847,0
357848,0
357849,0
357850,0
357851,0
357852,0
357853,0
357854,0
357855,0
357856,0
357857,0
357858,0
357859,0
357860,0
357861,1
357862,0
357863,0
357864,0
357865,0
357866,0
357867,0
357868,0
357869,0
357870,0
357871,0
357872,0
357873,0
357874,0
357875,0
357876,0
357877,0
357878,0
357879,0
357880,0
357881,0
357882,0
357883,0
357884,0
357885,0
357886,0
357887,0
357888,0
357889,0
357890,0
357891,0
357892,0
357893,4
357894,16
357895,0
357896,0
357897,0
357898,0
357899,0
357900,0
357901,0
357902,0
357903,0
357904,0
357905,0
357906,0
357907,0
357908,0
357909,14
357910,0
357911,0
357912,0
357913,11
357914,0
357915,0
357916,0
357917,0
357918,0
357919,0
357920,0
357921,11
357922,0
357923,0
357924,0
357925,0
357926,0
357927,0
357928,0
357929,0
357930,0
357931,0
357932,0
357933,0
357934,0
357935,0
357936,0
357937,0
357938,0
357939,0
357940,0
357941,0
357942,0
357943,0
357944,0
357945,0
357946,0
357947,0
357948,0
357949,0
357950,0
357951,0
357952,17
357953,0
357954,0
357955,0
357956,0
357957,0
357958,18
357959,0
357960,0
357961,0
357962,6
357963,0
357964,0
357965,0
357966,0
357967,0
357968,0
357969,0
357970,0
357971,0
357972,0
357973,0
357974,0
357975,0
357976,0
357977,0
357978,0
357979,0
357980,0
357981,11
357982,0
357983,0
357984,0
357985,0
357986,0
357987,0
357988,0
357989,0
357990,0
357991,2
357992,0
357993,0
357994,0
357995,0
357996,0
357997,0
357998,12
357999,0
358000,0
358001,0
358002,0
358003,0
358004,0
358005,0
358006,0
358007,0
358008,0
358009,0
358010,0
358011,0
358012,0
358013,0
358014,0
358015,0
358016,0
358017,0
358018,0
358019,0
358020,0
358021,0
358022,0
358023,0
358024,0
358025,0
358026,0
358027,0
358028,0
358029,0
358030,17
358031,0
358032,0
358033,0
358034,0
358035,0
358036,0
358037,0
358038,0
358039,0
358040,0
358041,0
358042,0
358043,0
358044,18
358045,0
358046,0
358047,0
358048,0
358049,0
358050,0
358051,0
358052,0
358053,0
358054,0
358055,0
358056,0
358057,0
358058,0
358059,0
358060,0
358061,0
358062,0
358063,0
358064,0
358065,0
358066,0
358067,9
358068,0
358069,6
358070,0
358071,13
358072,0
358073,0
358074,0
358075,0
358076,0
358077,17
358078,0
358079,0
358080,0
358081,0
358082,0
358083,0
358084,13
358085,0
358086,15
358087,0
358088,0
358089,10
358090,0
358091,0
358092,18
358093,0
358094,19
358095,0
358096,0
358097,14
358098,0
358099,0
358100,0
358101,0
358102,0
358103,0
358104,0
358105,0
358106,12
358107,19
358108,0
358109,0
358110,0
358111,0
358112,14
358113,0
358114,0
358115,0
358116,0
358117,0
358118,0
358119,0
358120,0
358121,0
358122,0
358123,0
358124,0
358125,9
358126,0
358127,0
358128,0
358129,0
358130,0
358131,0
358132,0
358133,0
358134,0
358135,0
358136,0
358137,0
358138,0
358139,19
358140,14
358141,7
358142,0
358143,0
358144,0
358145,0
358146,0
358147,0
358148,0
358149,0
358150,0
358151,0
358152,0
358153,0
358154,0
358155,0
358156,0
358157,0
358158,0
358159,0
358160,0
358161,0
358162,0
358163,0
358164,0
358165,0
358166,0
358167,0
358168,0
358169,0
358170,0
358171,0
358172,0
358173,0
358174,0
358175,10
358176,0
358177,0
358178,0
358179,0
358180,0
358181,0
358182,14
358183,0
358184,0
358185,0
358186,0
358187,0
358188,0
358189,0
358190,0
358191,0
358192,0
358193,0
358194,0
358195,0
358196,0
358197,0
358198,0
358199,0
358200,18
358201,0
358202,0
358203,0
358204,0
358205,0
358206,0
358207,0
358208,0
358209,0
358210,0
358211,0
358212,0
358213,0
358214,0
358215,0
358216,0
358217,0
358218,0
358219,0
358220,0
358221,0
358222,0
358223,0
358224,0
358225,0
358226,0
358227,13
358228,0
358229,0
358230,0
358231,0
358232,0
358233,0
358234,0
358235,0
358236,0
358237,0
358238,0
358239,0
358240,17
358241,0
358242,0
358243,0
358244,0
358245,0
358246,11
358247,0
358248,0
358249,0
358250,0
358251,0
358252,0
358253,0
358254,0
358255,0
358256,0
358257,0
358258,0
358259,15
358260,0
358261,0
358262,0
358263,0
358264,0
358265,0
358266,0
358267,0
358268,0
358269,0
358270,0
358271,9
358272,15
358273,0
358274,0
358275,0
358276,0
358277,0
358278,0
358279,0
358280,3
358281,0
358282,0
358283,0
358284,0
358285,0
358286,0
358287,0
358288,0
358289,0
358290,0
358291,0
358292,0
358293,15
358294,0
358295,0
358296,0
358297,0
358298,0
358299,0
358300,0
358301,0
358302,0
358303,0
358304,0
358305,15
358306,0
358307,0
358308,0
358309,12
358310,0
358311,0
358312,0
358313,0
358314,0
358315,0
358316,0
358317,0
358318,0
358319,0
358320,0
358321,0
358322,0
358323,0
358324,0
358325,0
358326,0
358327,0
358328,6
358329,0
358330,0
358331,0
358332,0
358333,0
358334,0
358335,0
358336,0
358337,0
358338,0
358339,0
358340,0
358341,0
358342,0
358343,0
358344,13
358345,0
358346,0
358347,0
358348,0
358349,0
358350,0
358351,0
358352,0
358353,0
358354,0
358355,0
358356,0
358357,0
358358,0
358359,0
358360,0
358361,13
358362,0
358363,0
358364,0
358365,0
358366,0
358367,0
358368,0
358369,0
358370,0
358371,0
358372,0
358373,0
358374,0
358375,0
358376,0
358377,0
358378,0
358379,10
358380,15
358381,0
358382,0
358383,0
358384,0
358385,0
358386,0
358387,0
358388,0
358389,0
358390,0
358391,0
358392,0
358393,0
358394,0
358395,18
358396,0
358397,0
358398,0
358399,0
358400,0
358401,0
358402,0
358403,0
358404,0
358405,14
358406,0
358407,0
358408,0
358409,0
358410,0
358411,0
358412,0
358413,7
358414,0
358415,0
358416,0
358417,0
358418,12
358419,0
358420,0
358421,0
358422,0
358423,0
358424,0
358425,0
358426,0
358427,6
358428,0
358429,0
358430,0
358431,0
358432,0
358433,0
358434,0
358435,0
358436,0
358437,0
358438,0
358439,0
358440,0
358441,0
358442,8
358443,6
358444,0
358445,0
358446,0
358447,2
358448,0
358449,0
358450,0
358451,0
358452,0
358453,0
358454,0
358455,0
358456,0
358457,0
358458,0
358459,0
358460,0
358461,0
358462,0
358463,5
358464,0
358465,0
358466,0
358467,0
358468,10
358469,0
358470,0
358471,0
358472,0
358473,0
358474,0
358475,0
358476,0
358477,0
358478,0
358479,0
358480,0
358481,0
358482,0
358483,0
358484,0
358485,0
358486,0
358487,0
358488,0
358489,8
358490,0
358491,0
358492,0
358493,0
358494,10
358495,0
358496,0
358497,0
358498,0
358499,0
358500,6
358501,0
358502,19
358503,0
358504,0
358505,0
358506,0
358507,0
358508,0
358509,0
358510,5
358511,0
358512,0
358513,0
358514,0
358515,0
358516,0
358517,0
358518,0
358519,0
358520,7
358521,0
358522,0
358523,10
358524,0
358525,0
358526,11
358527,0
358528,0
358529,0
358530,0
358531,14
358532,0
358533,0
358534,0
358535,11
358536,0
358537,0
358538,0
358539,0
358540,14
358541,0
358542,0
358543,0
358544,0
358545,0
358546,0
358547,0
358548,0
358549,0
358550,0
358551,0
358552,0
358553,14
358554,0
358555,0
358556,9
358557,9
358558,0
358559,0
358560,0
358561,0
358562,0
358563,9
358564,0
358565,0
358566,5
358567,0
358568,0
358569,0
358570,9
358571,0
358572,0
358573,0
358574,17
358575,0
358576,0
358577,0
358578,16
358579,0
358580,0
358581,0
358582,0
358583,0
358584,11
358585,0
358586,0
358587,0
358588,10
358589,0
358590,0
358591,0
358592,8
358593,11
358594,0
358595,0
358596,0
358597,11
358598,7
358599,0
358600,9
358601,0
358602,11
358603,11
358604,0
358605,9
358606,0
358607,10
358608,0
358609,0
358610,9
358611,16
358612,0
358613,0
358614,0
358615,0
358616,14
358617,12
358618,0
358619,0
358620,0
358621,0
358622,0
358623,0
358624,14
358625,0
358626,11
358627,0
358628,0
358629,0
358630,17
358631,0
358632,7
358633,0
358634,0
358635,0
358636,0
358637,14
358638,0
358639,10
358640,10
358641,0
358642,15
358643,10
358644,10
358645,13
358646,12
358647,12
358648,0
358649,0
358650,0
358651,0
358652,9
358653,0
358654,0
358655,0
358656,0
358657,0
358658,0
358659,0
358660,0
358661,0
358662,0
358663,0
358664,0
358665,0
358666,0
358667,8
358668,10
358669,0
358670,7
358671,0
358672,0
358673,0
358674,0
358675,0
358676,0
358677,0
358678,0
358679,0
358680,0
358681,8
358682,0
358683,0
358684,0
358685,0
358686,10
358687,0
358688,9
358689,0
358690,0
358691,0
358692,0
358693,0
358694,0
358695,0
358696,0
358697,0
358698,0
358699,0
358700,0
358701,15
358702,0
358703,0
358704,0
358705,0
358706,0
358707,0
358708,0
358709,0
358710,0
358711,0
358712,0
358713,0
358714,10
358715,0
358716,0
358717,0
358718,0
358719,0
358720,0
358721,0
358722,0
358723,0
358724,0
358725,0
358726,0
358727,0
358728,0
358729,13
358730,0
358731,0
358732,0
358733,0
358734,0
358735,0
358736,0
358737,0
358738,0
358739,0
358740,0
358741,15
358742,0
358743,11
358744,0
358745,9
358746,13
358747,12
358748,0
358749,0
358750,0
358751,0
358752,0
358753,0
358754,0
358755,0
358756,0
358757,0
358758,17
358759,0
358760,0
358761,0
358762,0
358763,12
358764,13
358765,0
358766,0
358767,0
358768,8
358769,0
358770,10
358771,0
358772,0
358773,0
358774,0
358775,0
358776,0
358777,0
358778,0
358779,14
358780,0
358781,0
358782,7
358783,0
358784,0
358785,0
358786,0
358787,0
358788,0
358789,0
358790,0
358791,0
358792,15
358793,0
358794,0
358795,0
358796,0
358797,0
358798,0
358799,0
358800,0
358801,16
358802,0
358803,0
358804,0
358805,0
358806,0
358807,0
358808,12
358809,0
358810,0
358811,8
358812,0
358813,0
358814,0
358815,0
358816,12
358817,0
358818,8
358819,0
358820,11
358821,0
358822,17
358823,0
358824,15
358825,9
358826,0
358827,0
358828,0
358829,0
358830,13
358831,0
358832,0
358833,0
358834,0
358835,0
358836,0
358837,0
358838,11
358839,0
358840,0
358841,0
358842,0
358843,11
358844,0
358845,0
358846,10
358847,8
358848,4
358849,0
358850,0
358851,0
358852,0
358853,13
358854,0
358855,0
358856,0
358857,0
358858,6
358859,0
358860,0
358861,0
358862,0
358863,0
358864,0
358865,0
358866,0
358867,0
358868,0
358869,0
358870,0
358871,7
358872,0
358873,0
358874,0
358875,0
358876,0
358877,0
358878,8
358879,0
358880,0
358881,0
358882,0
358883,0
358884,7
358885,0
358886,11
358887,0
358888,0
358889,0
358890,0
358891,0
358892,12
358893,0
358894,0
358895,0
358896,0
358897,0
358898,8
358899,0
358900,0
358901,9
358902,0
358903,8
358904,13
358905,0
358906,0
358907,4
358908,0
358909,8
358910,0
358911,0
358912,12
358913,0
358914,6
358915,0
358916,0
358917,0
358918,0
358919,0
358920,0
358921,0
358922,0
358923,14
358924,3
358925,0
358926,0
358927,0
358928,0
358929,0
358930,0
358931,0
358932,0
358933,0
358934,0
358935,0
358936,0
358937,11
358938,0
358939,0
358940,0
358941,0
358942,0
358943,0
358944,0
358945,0
358946,13
358947,0
358948,7
358949,0
358950,14
358951,0
358952,0
358953,0
358954,0
358955,0
358956,6
358957,0
358958,0
358959,0
358960,0
358961,0
358962,6
358963,0
358964,0
358965,0
358966,0
358967,0
358968,10
358969,0
358970,0
358971,0
358972,0
358973,0
358974,0
358975,0
358976,0
358977,0
358978,14
358979,15
358980,0
358981,11
358982,11
358983,0
358984,12
358985,0
358986,0
358987,18
358988,0
358989,0
358990,0
358991,0
358992,0
358993,0
358994,0
358995,0
358996,0
358997,0
358998,0
358999,0
359000,0
359001,0
359002,0
359003,0
359004,0
359005,0
359006,0
359007,13
359008,0
359009,0
359010,0
359011,0
359012,0
359013,0
359014,0
359015,0
359016,0
359017,0
359018,0
359019,0
359020,0
359021,0
359022,0
359023,0
359024,0
359025,0
359026,0
359027,0
359028,0
359029,0
359030,0
359031,0
359032,0
359033,0
359034,9
359035,7
359036,0
359037,0
359038,0
359039,0
359040,0
359041,0
359042,0
359043,0
359044,0
359045,9
359046,9
359047,0
359048,6
359049,0
359050,0
359051,0
359052,0
359053,0
359054,0
359055,0
359056,0
359057,0
359058,0
359059,0
359060,7
359061,0
359062,5
359063,0
359064,10
359065,0
359066,0
359067,13
359068,0
359069,0
359070,0
359071,0
359072,6
359073,0
359074,0
359075,0
359076,13
359077,17
359078,0
359079,0
359080,0
359081,15
359082,0
359083,0
359084,0
359085,0
359086,0
359087,0
359088,15
359089,0
359090,0
359091,0
359092,0
359093,11
359094,18
359095,10
359096,15
359097,0
359098,14
359099,0
359100,0
359101,14
359102,8
359103,0
359104,0
359105,0
359106,4
359107,9
359108,0
359109,7
359110,0
359111,0
359112,0
359113,0
359114,0
359115,12
359116,0
359117,11
359118,0
359119,0
359120,16
359121,0
359122,0
359123,0
359124,0
359125,0
359126,0
359127,0
359128,0
359129,0
359130,9
359131,0
359132,0
359133,0
359134,0
359135,0
359136,5
359137,0
359138,9
359139,0
359140,0
359141,11
359142,19
359143,0
359144,0
359145,0
359146,0
359147,0
359148,0
359149,0
359150,0
359151,0
359152,9
359153,0
359154,8
359155,0
359156,15
359157,0
359158,18
359159,0
359160,16
359161,4
359162,0
359163,0
359164,0
359165,0
359166,0
359167,13
359168,0
359169,0
359170,0
359171,9
359172,0
359173,0
359174,7
359175,0
359176,0
359177,0
359178,0
359179,7
359180,0
359181,15
359182,0
359183,0
359184,0
359185,0
359186,0
359187,0
359188,15
359189,0
359190,6
359191,0
359192,0
359193,0
359194,14
359195,0
359196,0
359197,0
359198,10
359199,11
359200,0
359201,0
359202,19
359203,15
359204,0
359205,0
359206,0
359207,0
359208,15
359209,0
359210,0
359211,0
359212,0
359213,0
359214,0
359215,7
359216,0
359217,13
359218,0
359219,0
359220,0
359221,0
359222,0
359223,0
359224,0
359225,0
359226,12
359227,0
359228,0
359229,13
359230,0
359231,18
359232,0
359233,0
359234,6
359235,19
359236,0
359237,8
359238,0
359239,0
359240,0
359241,0
359242,0
359243,0
359244,8
359245,0
359246,0
359247,0
359248,0
359249,0
359250,0
359251,0
359252,12
359253,3
359254,0
359255,16
359256,0
359257,0
359258,8
359259,0
359260,0
359261,0
359262,0
359263,0
359264,0
359265,0
359266,0
359267,9
359268,0
359269,0
359270,0
359271,0
359272,0
359273,11
359274,0
359275,7
359276,0
359277,0
359278,0
359279,8
359280,0
359281,12
359282,7
359283,0
359284,0
359285,0
359286,0
359287,0
359288,0
359289,0
359290,9
359291,0
359292,9
359293,0
359294,0
359295,0
359296,0
359297,0
359298,0
359299,0
359300,0
359301,22
359302,0
359303,0
359304,0
359305,0
359306,0
359307,19
359308,0
359309,0
359310,0
359311,0
359312,0
359313,0
359314,10
359315,9
359316,0
359317,0
359318,0
359319,0
359320,0
359321,9
359322,0
359323,0
359324,0
359325,0
359326,0
359327,0
359328,0
359329,0
359330,0
359331,8
359332,0
359333,0
359334,0
359335,0
359336,8
359337,11
359338,0
359339,0
359340,13
359341,12
359342,0
359343,0
359344,0
359345,0
359346,0
359347,0
359348,7
359349,0
359350,8
359351,0
359352,0
359353,0
359354,5
359355,14
359356,0
359357,0
359358,13
359359,10
359360,0
359361,0
359362,10
359363,0
359364,0
359365,0
359366,0
359367,0
359368,0
359369,0
359370,0
359371,0
359372,0
359373,0
359374,0
359375,0
359376,0
359377,29
359378,0
359379,0
359380,0
359381,0
359382,0
359383,0
359384,28
359385,0
359386,0
359387,0
359388,0
359389,0
359390,0
359391,0
359392,31
359393,33
359394,0
359395,0
359396,0
359397,0
359398,0
359399,0
359400,0
359401,0
359402,31
359403,0
359404,0
359405,0
359406,0
359407,0
359408,0
359409,0
359410,0
359411,0
359412,14
359413,0
359414,0
359415,0
359416,0
359417,0
359418,0
359419,0
359420,0
359421,24
359422,0
359423,0
359424,0
359425,0
359426,0
359427,0
359428,0
359429,0
359430,0
359431,0
359432,0
359433,0
359434,0
359435,0
359436,0
359437,0
359438,0
359439,24
359440,0
359441,0
359442,0
359443,0
359444,0
359445,0
359446,0
359447,0
359448,0
359449,0
359450,0
359451,0
359452,0
359453,0
359454,0
359455,36
359456,19
359457,0
359458,0
359459,0
359460,0
359461,32
359462,0
359463,0
359464,0
359465,0
359466,0
359467,0
359468,0
359469,28
359470,0
359471,32
359472,0
359473,0
359474,0
359475,0
359476,0
359477,0
359478,0
359479,0
359480,0
359481,44
359482,0
359483,0
359484,0
359485,0
359486,0
359487,0
359488,0
359489,0
359490,0
359491,17
359492,25
359493,34
359494,0
359495,0
359496,0
359497,0
359498,0
359499,0
359500,0
359501,0
359502,0
359503,0
359504,0
359505,0
359506,0
359507,0
359508,32
359509,0
359510,20
359511,0
359512,0
359513,0
359514,0
359515,0
359516,0
359517,0
359518,0
359519,0
359520,29
359521,0
359522,0
359523,0
359524,0
359525,0
359526,31
359527,0
359528,0
359529,0
359530,0
359531,0
359532,0
359533,0
359534,0
359535,0
359536,25
359537,31
359538,0
359539,0
359540,34
359541,0
359542,0
359543,0
359544,0
359545,31
359546,0
359547,23
359548,0
359549,0
359550,0
359551,0
359552,0
359553,0
359554,0
359555,38
359556,0
359557,22
359558,0
359559,0
359560,0
359561,31
359562,45
359563,0
359564,0
359565,0
359566,0
359567,29
359568,0
359569,0
359570,25
359571,29
359572,19
359573,0
359574,0
359575,0
359576,0
359577,0
359578,19
359579,36
359580,0
359581,0
359582,26
359583,0
359584,0
359585,0
359586,0
359587,0
359588,0
359589,27
359590,0
359591,0
359592,0
359593,0
359594,0
359595,0
359596,0
359597,0
359598,0
359599,0
359600,0
359601,0
359602,0
359603,0
359604,0
359605,39
359606,0
359607,0
359608,0
359609,0
359610,0
359611,31
359612,35
359613,0
359614,0
359615,0
359616,0
359617,34
359618,0
359619,0
359620,0
359621,0
359622,0
359623,0
359624,0
359625,0
359626,0
359627,32
359628,0
359629,0
359630,0
359631,0
359632,0
359633,0
359634,0
359635,0
359636,0
359637,0
359638,30
359639,31
359640,0
359641,0
359642,0
359643,0
359644,0
359645,29
359646,0
359647,0
359648,22
359649,0
359650,0
359651,0
359652,0
359653,20
359654,0
359655,0
359656,0
359657,0
359658,0
359659,0
359660,0
359661,0
359662,0
359663,0
359664,0
359665,0
359666,0
359667,0
359668,0
359669,18
359670,0
359671,0
359672,0
359673,33
359674,0
359675,0
359676,0
359677,21
359678,28
359679,49
359680,0
359681,0
359682,0
359683,0
359684,0
359685,0
359686,0
359687,0
359688,0
359689,0
359690,0
359691,0
359692,0
359693,0
359694,0
359695,0
359696,17
359697,0
359698,0
359699,0
359700,0
359701,0
359702,0
359703,0
359704,0
359705,0
359706,0
359707,0
359708,17
359709,0
359710,35
359711,0
359712,28
359713,0
359714,0
359715,0
359716,0
359717,25
359718,38
359719,0
359720,0
359721,0
359722,0
359723,0
359724,0
359725,19
359726,0
359727,0
359728,0
359729,0
359730,0
359731,25
359732,0
359733,0
359734,0
359735,0
359736,0
359737,0
359738,0
359739,38
359740,0
359741,0
359742,0
359743,18
359744,0
359745,32
359746,29
359747,0
359748,0
359749,0
359750,0
359751,0
359752,23
359753,0
359754,0
359755,0
359756,0
359757,0
359758,0
359759,0
359760,15
359761,0
359762,0
359763,0
359764,0
359765,0
359766,20
359767,0
359768,33
359769,0
359770,0
359771,0
359772,0
359773,0
359774,0
359775,0
359776,0
359777,0
359778,0
359779,0
359780,0
359781,0
359782,0
359783,0
359784,0
359785,36
359786,36
359787,22
359788,0
359789,0
359790,0
359791,0
359792,0
359793,0
359794,16
359795,0
359796,0
359797,32
359798,0
359799,0
359800,0
359801,0
359802,0
359803,0
359804,0
359805,0
359806,0
359807,37
359808,0
359809,0
359810,0
359811,0
359812,0
359813,20
359814,0
359815,0
359816,0
359817,21
359818,0
359819,16
359820,33
359821,0
359822,0
359823,0
359824,0
359825,0
359826,0
359827,0
359828,0
359829,0
359830,0
359831,0
359832,0
359833,0
359834,0
359835,0
359836,0
359837,0
359838,0
359839,0
359840,0
359841,0
359842,0
359843,21
359844,18
359845,0
359846,0
359847,35
359848,0
359849,0
359850,0
359851,0
359852,0
359853,0
359854,0
359855,28
359856,0
359857,0
359858,0
359859,0
359860,0
359861,43
359862,31
359863,0
359864,0
359865,0
359866,38
359867,0
359868,0
359869,0
359870,0
359871,0
359872,0
359873,0
359874,29
359875,0
359876,0
359877,0
359878,0
359879,0
359880,0
359881,0
359882,0
359883,27
359884,0
359885,0
359886,0
359887,0
359888,0
359889,0
359890,33
359891,0
359892,0
359893,0
359894,0
359895,0
359896,0
359897,0
359898,0
359899,0
359900,35
359901,0
359902,0
359903,0
359904,0
359905,0
359906,0
359907,0
359908,0
359909,0
359910,0
359911,23
359912,0
359913,25
359914,0
359915,20
359916,37
359917,0
359918,0
359919,0
359920,0
359921,0
359922,0
359923,0
359924,0
359925,0
359926,0
359927,0
359928,27
359929,0
359930,0
359931,0
359932,0
359933,0
359934,32
359935,0
359936,0
359937,0
359938,0
359939,0
359940,0
359941,0
359942,0
359943,30
359944,0
359945,0
359946,31
359947,0
359948,0
359949,0
359950,0
359951,19
359952,0
359953,0
359954,0
359955,16
359956,0
359957,0
359958,0
359959,0
359960,0
359961,0
359962,0
359963,17
359964,0
359965,23
359966,0
359967,0
359968,0
359969,0
359970,0
359971,0
359972,0
359973,0
359974,0
359975,0
359976,0
359977,23
359978,0
359979,0
359980,39
359981,0
359982,0
359983,0
359984,0
359985,0
359986,0
359987,0
359988,0
359989,0
359990,0
359991,0
359992,30
359993,0
359994,0
359995,0
359996,0
359997,0
359998,0
359999,20
360000,0
360001,0
360002,0
360003,0
360004,0
360005,0
360006,42
360007,0
360008,18
360009,0
360010,0
360011,0
360012,0
360013,26
360014,0
360015,0
360016,0
360017,0
360018,0
360019,47
360020,0
360021,0
360022,0
360023,0
360024,0
360025,0
360026,0
360027,0
360028,33
360029,0
360030,0
360031,0
360032,0
360033,23
360034,0
360035,0
360036,0
360037,0
360038,45
360039,0
360040,0
360041,41
360042,0
360043,0
360044,0
360045,0
360046,0
360047,0
360048,0
360049,0
360050,0
360051,0
360052,0
360053,0
360054,0
360055,0
360056,0
360057,0
360058,0
360059,0
360060,0
360061,0
360062,0
360063,0
360064,0
360065,47
360066,0
360067,0
360068,0
360069,0
360070,0
360071,0
360072,0
360073,34
360074,0
360075,0
360076,0
360077,0
360078,0
360079,0
360080,0
360081,0
360082,0
360083,26
360084,0
360085,0
360086,0
360087,0
360088,0
360089,0
360090,15
360091,0
360092,0
360093,0
360094,0
360095,0
360096,0
360097,0
360098,0
360099,0
360100,0
360101,32
360102,0
360103,0
360104,0
360105,0
360106,0
360107,0
360108,0
360109,0
360110,0
360111,0
360112,0
360113,0
360114,0
360115,0
360116,0
360117,20
360118,0
360119,0
360120,0
360121,0
360122,0
360123,20
360124,0
360125,0
360126,0
360127,0
360128,0
360129,0
360130,0
360131,0
360132,0
360133,0
360134,0
360135,0
360136,0
360137,0
360138,0
360139,0
360140,0
360141,0
360142,17
360143,0
360144,0
360145,0
360146,0
360147,0
360148,0
360149,0
360150,0
360151,0
360152,0
360153,0
360154,31
360155,0
360156,0
360157,0
360158,23
360159,0
360160,0
360161,25
360162,0
360163,0
360164,0
360165,0
360166,0
360167,0
360168,0
360169,35
360170,0
360171,0
360172,0
360173,43
360174,22
360175,0
360176,0
360177,0
360178,22
360179,0
360180,0
360181,0
360182,0
360183,0
360184,0
360185,21
360186,0
360187,0
360188,0
360189,0
360190,0
360191,0
360192,0
360193,31
360194,0
360195,0
360196,27
360197,0
360198,0
360199,0
360200,0
360201,0
360202,0
360203,0
360204,0
360205,0
360206,0
360207,37
360208,0
360209,0
360210,0
360211,0
360212,0
360213,0
360214,0
360215,0
360216,0
360217,0
360218,0
360219,0
360220,0
360221,26
360222,34
360223,0
360224,0
360225,0
360226,0
360227,0
360228,31
360229,0
360230,0
360231,0
360232,0
360233,19
360234,0
360235,37
360236,0
360237,0
360238,0
360239,0
360240,0
360241,40
360242,0
360243,0
360244,0
360245,0
360246,0
360247,0
360248,0
360249,0
360250,0
360251,0
360252,0
360253,0
360254,0
360255,0
360256,0
360257,0
360258,0
360259,0
360260,0
360261,0
360262,0
360263,24
360264,0
360265,29
360266,0
360267,0
360268,0
360269,0
360270,0
360271,0
360272,0
360273,0
360274,25
360275,0
360276,0
360277,0
360278,0
360279,0
360280,0
360281,0
360282,35
360283,0
360284,0
360285,0
360286,0
360287,0
360288,0
360289,0
360290,16
360291,0
360292,0
360293,0
360294,0
360295,24
360296,0
360297,0
360298,36
360299,0
360300,0
360301,0
360302,0
360303,0
360304,0
360305,0
360306,0
360307,0
360308,0
360309,0
360310,0
360311,0
360312,27
360313,0
360314,0
360315,0
360316,0
360317,23
360318,30
360319,0
360320,0
360321,0
360322,0
360323,0
360324,0
360325,0
360326,0
360327,33
360328,0
360329,0
360330,0
360331,0
360332,0
360333,0
360334,0
360335,0
360336,0
360337,0
360338,0
360339,0
360340,0
360341,0
360342,3
360343,7
360344,0
360345,0
360346,0
360347,11
360348,0
360349,0
360350,8
360351,0
360352,0
360353,0
360354,0
360355,12
360356,0
360357,10
360358,0
360359,0
360360,0
360361,0
360362,0
360363,0
360364,0
360365,10
360366,10
360367,0
360368,0
360369,10
360370,13
360371,0
360372,0
360373,10
360374,13
360375,0
360376,0
360377,0
360378,0
360379,0
360380,0
360381,0
360382,0
360383,11
360384,0
360385,0
360386,0
360387,0
360388,16
360389,0
360390,0
360391,0
360392,0
360393,0
360394,0
360395,14
360396,0
360397,0
360398,5
360399,0
360400,4
360401,6
360402,0
360403,0
360404,0
360405,0
360406,0
360407,0
360408,0
360409,0
360410,0
360411,0
360412,0
360413,0
360414,0
360415,0
360416,0
360417,0
360418,11
360419,0
360420,0
360421,19
360422,0
360423,0
360424,0
360425,0
360426,0
360427,0
360428,0
360429,0
360430,8
360431,0
360432,11
360433,0
360434,0
360435,0
360436,0
360437,0
360438,0
360439,0
360440,0
360441,0
360442,0
360443,0
360444,4
360445,0
360446,0
360447,0
360448,0
360449,14
360450,0
360451,0
360452,0
360453,0
360454,12
360455,0
360456,7
360457,0
360458,0
360459,0
360460,0
360461,6
360462,18
360463,0
360464,10
360465,0
360466,0
360467,0
360468,0
360469,0
360470,9
360471,6
360472,6
360473,0
360474,14
360475,0
360476,5
360477,0
360478,8
360479,9
360480,0
360481,10
360482,0
360483,0
360484,0
360485,10
360486,0
360487,0
360488,10
360489,0
360490,0
360491,0
360492,0
360493,0
360494,0
360495,0
360496,11
360497,0
360498,0
360499,0
360500,12
360501,11
360502,0
360503,0
360504,0
360505,0
360506,13
360507,0
360508,8
360509,0
360510,0
360511,15
360512,5
360513,5
360514,0
360515,0
360516,23
360517,8
360518,0
360519,0
360520,0
360521,0
360522,0
360523,20
360524,27
360525,23
360526,0
360527,0
360528,0
360529,22
360530,27
360531,25
360532,0
360533,0
360534,0
360535,0
360536,0
360537,0
360538,19
360539,0
360540,0
360541,0
360542,22
360543,0
360544,0
360545,0
360546,19
360547,19
360548,0
360549,0
360550,0
360551,0
360552,15
360553,0
360554,0
360555,0
360556,23
360557,0
360558,0
360559,23
360560,0
360561,0
360562,0
360563,7
360564,0
360565,0
360566,17
360567,31
360568,0
360569,14
360570,18
360571,14
360572,0
360573,0
360574,15
360575,17
360576,0
360577,0
360578,19
360579,7
360580,0
360581,15
360582,0
360583,0
360584,0
360585,0
360586,23
360587,0
360588,0
360589,0
360590,0
360591,27
360592,0
360593,0
360594,0
360595,0
360596,0
360597,0
360598,0
360599,0
360600,0
360601,13
360602,22
360603,33
360604,22
360605,27
360606,0
360607,13
360608,18
360609,11
360610,21
360611,0
360612,17
360613,0
360614,0
360615,0
360616,0
360617,0
360618,16
360619,0
360620,0
360621,0
360622,0
360623,0
360624,0
360625,0
360626,0
360627,0
360628,14
360629,22
360630,0
360631,0
360632,0
360633,30
360634,0
360635,18
360636,22
360637,21
360638,0
360639,0
360640,0
360641,0
360642,19
360643,0
360644,0
360645,0
360646,0
360647,0
360648,0
360649,20
360650,0
360651,21
360652,0
360653,21
360654,21
360655,0
360656,0
360657,0
360658,0
360659,24
360660,0
360661,0
360662,0
360663,15
360664,0
360665,0
360666,0
360667,22
360668,0
360669,0
360670,0
360671,0
360672,0
360673,0
360674,15
360675,0
360676,0
360677,0
360678,0
360679,17
360680,0
360681,0
360682,27
360683,0
360684,0
360685,0
360686,0
360687,0
360688,0
360689,0
360690,0
360691,20
360692,0
360693,0
360694,0
360695,0
360696,0
360697,18
360698,0
360699,0
360700,0
360701,0
360702,0
360703,0
360704,0
360705,19
360706,15
360707,18
360708,0
360709,25
360710,0
360711,0
360712,0
360713,0
360714,15
360715,16
360716,0
360717,0
360718,25
360719,25
360720,0
360721,18
360722,0
360723,10
360724,21
360725,0
360726,23
360727,0
360728,0
360729,16
360730,0
360731,0
360732,0
360733,0
360734,0
360735,21
360736,0
360737,0
360738,0
360739,18
360740,0
360741,0
360742,0
360743,0
360744,0
360745,0
360746,0
360747,0
360748,15
360749,0
360750,0
360751,0
360752,0
360753,0
360754,14
360755,23
360756,0
360757,0
360758,0
360759,0
360760,0
360761,13
360762,0
360763,0
360764,15
360765,0
360766,0
360767,0
360768,0
360769,0
360770,20
360771,0
360772,0
360773,0
360774,0
360775,0
360776,0
360777,26
360778,0
360779,0
360780,0
360781,0
360782,0
360783,0
360784,0
360785,0
360786,23
360787,0
360788,0
360789,14
360790,0
360791,0
360792,0
360793,19
360794,0
360795,0
360796,0
360797,0
360798,0
360799,18
360800,0
360801,0
360802,0
360803,21
360804,0
360805,0
360806,24
360807,0
360808,20
360809,0
360810,0
360811,21
360812,0
360813,20
360814,0
360815,0
360816,0
360817,0
360818,31
360819,0
360820,0
360821,0
360822,7
360823,0
360824,6
360825,0
360826,3
360827,0
360828,0
360829,0
360830,0
360831,0
360832,4
360833,0
360834,0
360835,0
360836,1
360837,0
360838,0
360839,4
360840,5
360841,0
360842,8
360843,3
360844,0
360845,0
360846,7
360847,0
360848,0
360849,0
360850,0
360851,4
360852,0
360853,0
360854,6
360855,0
360856,0
360857,0
360858,0
360859,0
360860,0
360861,0
360862,0
360863,3
360864,0
360865,4
360866,0
360867,0
360868,0
360869,0
360870,0
360871,0
360872,5
360873,0
360874,0
360875,0
360876,1
360877,0
360878,0
360879,3
360880,0
360881,0
360882,0
360883,0
360884,0
360885,0
360886,0
360887,0
360888,0
360889,0
360890,0
360891,0
360892,0
360893,0
360894,0
360895,0
360896,0
360897,4
360898,0
360899,0
360900,0
360901,0
360902,0
360903,0
360904,0
360905,0
360906,0
360907,6
360908,2
360909,0
360910,0
360911,0
360912,1
360913,0
360914,0
360915,10
360916,0
360917,0
360918,0
360919,0
360920,0
360921,0
360922,0
360923,0
360924,0
360925,2
360926,0
360927,7
360928,0
360929,0
360930,0
360931,0
360932,0
360933,0
360934,0
360935,0
360936,0
360937,2
360938,0
360939,0
360940,0
360941,0
360942,0
360943,0
360944,0
360945,0
360946,0
360947,0
360948,0
360949,0
360950,3
360951,0
360952,3
360953,0
360954,0
360955,0
360956,0
360957,0
360958,0
360959,0
360960,0
360961,0
360962,0
360963,0
360964,0
360965,5
360966,0
360967,0
360968,0
360969,2
360970,0
360971,0
360972,0
360973,0
360974,0
360975,0
360976,0
360977,5
360978,0
360979,4
360980,0
360981,0
360982,0
360983,0
360984,0
360985,5
360986,0
360987,0
360988,0
360989,0
360990,5
360991,0
360992,0
360993,2
360994,0
360995,0
360996,0
360997,0
360998,2
360999,0
361000,0
361001,3
361002,0
361003,0
361004,0
361005,0
361006,0
361007,1
361008,0
361009,0
361010,0
361011,0
361012,0
361013,0
361014,0
361015,0
361016,0
361017,5
361018,0
361019,0
361020,2
361021,0
361022,0
361023,0
361024,0
361025,0
361026,0
361027,0
361028,0
361029,0
361030,0
361031,0
361032,0
361033,4
361034,0
361035,0
361036,3
361037,0
361038,0
361039,3
361040,6
361041,0
361042,0
361043,0
361044,7
361045,0
361046,0
361047,0
361048,0
361049,4
361050,0
361051,0
361052,0
361053,0
361054,0
361055,0
361056,0
361057,2
361058,4
361059,3
361060,0
361061,0
361062,0
361063,0
361064,0
361065,5
361066,0
361067,4
361068,0
361069,0
361070,0
361071,0
361072,1
361073,0
361074,0
361075,0
361076,0
361077,8
361078,2
361079,0
361080,0
361081,0
361082,4
361083,6
361084,4
361085,0
361086,3
361087,0
361088,3
361089,0
361090,0
361091,0
361092,0
361093,0
361094,0
361095,0
361096,0
361097,0
361098,5
361099,0
361100,0
361101,0
361102,0
361103,0
361104,0
361105,0
361106,0
361107,0
361108,0
361109,0
361110,0
361111,0
361112,0
361113,0
361114,0
361115,8
361116,0
361117,0
361118,0
361119,0
361120,0
361121,0
361122,3
361123,0
361124,0
361125,0
361126,0
361127,0
361128,0
361129,0
361130,0
361131,0
361132,0
361133,5
361134,3
361135,0
361136,0
361137,0
361138,0
361139,0
361140,0
361141,0
361142,0
361143,3
361144,0
361145,2
361146,0
361147,0
361148,0
361149,0
361150,0
361151,0
361152,2
361153,5
361154,0
361155,0
361156,0
361157,0
361158,0
361159,0
361160,0
361161,0
361162,0
361163,0
361164,0
361165,0
361166,0
361167,0
361168,0
361169,0
361170,0
361171,0
361172,1
361173,0
361174,0
361175,0
361176,0
361177,4
361178,4
361179,0
361180,0
361181,2
361182,0
361183,0
361184,3
361185,0
361186,0
361187,0
361188,1
361189,0
361190,0
361191,0
361192,0
361193,0
361194,2
361195,2
361196,0
361197,0
361198,0
361199,0
361200,0
361201,0
361202,0
361203,0
361204,0
361205,0
361206,1
361207,5
361208,0
361209,6
361210,0
361211,2
361212,0
361213,0
361214,0
361215,6
361216,5
361217,0
361218,0
361219,0
361220,1
361221,0
361222,0
361223,0
361224,0
361225,0
361226,0
361227,0
361228,0
361229,0
361230,0
361231,0
361232,0
361233,0
361234,0
361235,0
361236,0
361237,0
361238,0
361239,0
361240,0
361241,10
361242,0
361243,0
361244,5
361245,1
361246,0
361247,0
361248,1
361249,0
361250,0
361251,0
361252,0
361253,0
361254,6
361255,0
361256,8
361257,0
361258,0
361259,0
361260,0
361261,0
361262,0
361263,0
361264,0
361265,0
361266,0
361267,0
361268,0
361269,0
361270,0
361271,1
361272,0
361273,0
361274,8
361275,0
361276,0
361277,0
361278,7
361279,0
361280,0
361281,0
361282,0
361283,0
361284,0
361285,0
361286,0
361287,0
361288,0
361289,0
361290,0
361291,0
361292,0
361293,0
361294,0
361295,0
361296,0
361297,0
361298,0
361299,0
361300,0
361301,0
361302,0
361303,3
361304,0
361305,0
361306,0
361307,0
361308,0
361309,4
361310,0
361311,0
361312,1
361313,0
361314,0
361315,0
361316,2
361317,0
361318,0
361319,1
361320,0
361321,2
361322,0
361323,0
361324,0
361325,0
361326,0
361327,2
361328,0
361329,0
361330,0
361331,0
361332,0
361333,0
361334,1
361335,0
361336,0
361337,0
361338,0
361339,0
361340,0
361341,0
361342,0
361343,6
361344,0
361345,0
361346,0
361347,0
361348,0
361349,0
361350,0
361351,0
361352,0
361353,4
361354,0
361355,0
361356,0
361357,1
361358,2
361359,0
361360,0
361361,0
361362,0
361363,2
361364,0
361365,0
361366,0
361367,3
361368,0
361369,0
361370,0
361371,0
361372,0
361373,0
361374,0
361375,0
361376,0
361377,0
361378,0
361379,0
361380,0
361381,0
361382,0
361383,0
361384,0
361385,0
361386,0
361387,3
361388,0
361389,0
361390,0
361391,0
361392,5
361393,0
361394,0
361395,7
361396,0
361397,0
361398,0
361399,0
361400,0
361401,0
361402,0
361403,0
361404,0
361405,0
361406,0
361407,4
361408,0
361409,1
361410,0
361411,0
361412,0
361413,0
361414,0
361415,0
361416,4
361417,0
361418,0
361419,0
361420,4
361421,0
361422,0
361423,5
361424,0
361425,0
361426,0
361427,0
361428,0
361429,0
361430,0
361431,0
361432,0
361433,6
361434,0
361435,0
361436,0
361437,0
361438,0
361439,3
361440,5
361441,0
361442,0
361443,0
361444,0
361445,0
361446,0
361447,4
361448,0
361449,0
361450,0
361451,0
361452,0
361453,0
361454,0
361455,0
361456,0
361457,0
361458,0
361459,0
361460,4
361461,0
361462,0
361463,0
361464,0
361465,8
361466,0
361467,0
361468,0
361469,0
361470,0
361471,0
361472,0
361473,0
361474,2
361475,0
361476,0
361477,0
361478,0
361479,0
361480,0
361481,0
361482,0
361483,0
361484,0
361485,0
361486,0
361487,0
361488,0
361489,0
361490,0
361491,0
361492,0
361493,0
361494,0
361495,0
361496,13
361497,6
361498,0
361499,0
361500,0
361501,0
361502,0
361503,0
361504,26
361505,0
361506,0
361507,0
361508,0
361509,0
361510,0
361511,0
361512,0
361513,0
361514,0
361515,0
361516,0
361517,0
361518,0
361519,0
361520,0
361521,0
361522,0
361523,0
361524,0
361525,0
361526,0
361527,0
361528,0
361529,0
361530,0
361531,0
361532,0
361533,0
361534,0
361535,0
361536,0
361537,0
361538,0
361539,0
361540,0
361541,0
361542,0
361543,0
361544,0
361545,0
361546,0
361547,0
361548,0
361549,0
361550,0
361551,0
361552,0
361553,0
361554,0
361555,0
361556,2
361557,0
361558,0
361559,0
361560,0
361561,0
361562,0
361563,0
361564,0
361565,0
361566,0
361567,0
361568,0
361569,0
361570,0
361571,0
361572,0
361573,0
361574,0
361575,0
361576,0
361577,0
361578,0
361579,0
361580,0
361581,0
361582,22
361583,0
361584,0
361585,0
361586,0
361587,0
361588,0
361589,0
361590,0
361591,0
361592,0
361593,0
361594,0
361595,0
361596,0
361597,0
361598,0
361599,22
361600,0
361601,0
361602,0
361603,0
361604,0
361605,0
361606,0
361607,0
361608,0
361609,20
361610,0
361611,0
361612,0
361613,24
361614,0
361615,0
361616,0
361617,0
361618,0
361619,0
361620,0
361621,0
361622,0
361623,0
361624,0
361625,0
361626,0
361627,22
361628,0
361629,0
361630,0
361631,0
361632,0
361633,0
361634,0
361635,0
361636,0
361637,0
361638,0
361639,0
361640,8
361641,0
361642,0
361643,0
361644,0
361645,0
361646,0
361647,0
361648,0
361649,13
361650,0
361651,0
361652,0
361653,0
361654,0
361655,0
361656,0
361657,0
361658,0
361659,19
361660,0
361661,0
361662,0
361663,0
361664,0
361665,0
361666,0
361667,0
361668,0
361669,0
361670,0
361671,0
361672,0
361673,0
361674,0
361675,22
361676,23
361677,0
361678,0
361679,0
361680,0
361681,0
361682,0
361683,0
361684,0
361685,0
361686,0
361687,0
361688,0
361689,0
361690,0
361691,0
361692,0
361693,0
361694,0
361695,0
361696,0
361697,0
361698,0
361699,0
361700,0
361701,0
361702,10
361703,0
361704,0
361705,0
361706,0
361707,0
361708,0
361709,0
361710,0
361711,0
361712,0
361713,0
361714,0
361715,0
361716,0
361717,0
361718,0
361719,0
361720,0
361721,0
361722,0
361723,0
361724,0
361725,0
361726,0
361727,0
361728,0
361729,0
361730,0
361731,0
361732,0
361733,0
361734,0
361735,0
361736,0
361737,0
361738,0
361739,0
361740,0
361741,0
361742,0
361743,0
361744,0
361745,0
361746,0
361747,31
361748,0
361749,0
361750,0
361751,0
361752,0
361753,0
361754,0
361755,0
361756,0
361757,0
361758,0
361759,0
361760,0
361761,0
361762,12
361763,0
361764,0
361765,0
361766,0
361767,0
361768,14
361769,0
361770,0
361771,0
361772,0
361773,0
361774,0
361775,0
361776,0
361777,0
361778,0
361779,0
361780,0
361781,0
361782,13
361783,0
361784,0
361785,0
361786,0
361787,0
361788,8
361789,0
361790,0
361791,0
361792,0
361793,0
361794,0
361795,0
361796,0
361797,0
361798,0
361799,0
361800,0
361801,35
361802,0
361803,0
361804,33
361805,0
361806,0
361807,0
361808,42
361809,0
361810,0
361811,0
361812,50
361813,44
361814,0
361815,0
361816,0
361817,0
361818,0
361819,0
361820,0
361821,0
361822,0
361823,0
361824,0
361825,0
361826,0
361827,0
361828,0
361829,0
361830,0
361831,0
361832,38
361833,0
361834,0
361835,0
361836,0
361837,0
361838,0
361839,0
361840,0
361841,0
361842,30
361843,0
361844,0
361845,0
361846,0
361847,0
361848,0
361849,40
361850,0
361851,0
361852,0
361853,0
361854,0
361855,0
361856,0
361857,0
361858,0
361859,0
361860,37
361861,0
361862,0
361863,0
361864,0
361865,0
361866,0
361867,0
361868,0
361869,0
361870,0
361871,0
361872,0
361873,0
361874,0
361875,0
361876,48
361877,0
361878,0
361879,0
361880,0
361881,0
361882,36
361883,0
361884,0
361885,0
361886,0
361887,0
361888,0
361889,0
361890,0
361891,0
361892,0
361893,0
361894,0
361895,0
361896,0
361897,0
361898,0
361899,0
361900,0
361901,0
361902,0
361903,0
361904,0
361905,0
361906,0
361907,0
361908,42
361909,0
361910,0
361911,0
361912,0
361913,0
361914,0
361915,0
361916,0
361917,0
361918,0
361919,0
361920,0
361921,0
361922,0
361923,0
361924,0
361925,0
361926,0
361927,0
361928,0
361929,0
361930,0
361931,42
361932,0
361933,0
361934,0
361935,0
361936,0
361937,0
361938,0
361939,0
361940,0
361941,0
361942,0
361943,14
361944,0
361945,0
361946,0
361947,0
361948,0
361949,0
361950,0
361951,0
361952,0
361953,0
361954,0
361955,27
361956,0
361957,0
361958,38
361959,0
361960,0
361961,0
361962,0
361963,0
361964,0
361965,37
361966,0
361967,0
361968,0
361969,0
361970,0
361971,0
361972,0
361973,0
361974,0
361975,0
361976,0
361977,49
361978,0
361979,0
361980,0
361981,37
361982,0
361983,0
361984,0
361985,0
361986,0
361987,0
361988,0
361989,0
361990,0
361991,0
361992,0
361993,0
361994,0
361995,0
361996,0
361997,32
361998,0
361999,55
362000,0
362001,0
362002,0
362003,0
362004,0
362005,0
362006,0
362007,0
362008,0
362009,0
362010,0
362011,0
362012,0
362013,0
362014,0
362015,0
362016,0
362017,0
362018,35
362019,0
362020,28
362021,32
362022,0
362023,0
362024,0
362025,0
362026,0
362027,0
362028,0
362029,0
362030,47
362031,0
362032,0
362033,0
362034,0
362035,0
362036,0
362037,0
362038,0
362039,0
362040,0
362041,0
362042,0
362043,0
362044,0
362045,0
362046,0
362047,0
362048,53
362049,0
362050,0
362051,0
362052,0
362053,0
362054,0
362055,0
362056,0
362057,0
362058,0
362059,46
362060,0
362061,0
362062,0
362063,0
362064,0
362065,0
362066,0
362067,0
362068,0
362069,0
362070,0
362071,0
362072,0
362073,0
362074,0
362075,0
362076,0
362077,28
362078,0
362079,0
362080,0
362081,0
362082,0
362083,0
362084,0
362085,0
362086,0
362087,0
362088,0
362089,0
362090,0
362091,0
362092,0
362093,0
362094,0
362095,0
362096,0
362097,0
362098,0
362099,0
362100,0
362101,0
362102,56
362103,0
362104,0
362105,0
362106,0
362107,0
362108,0
362109,0
362110,0
362111,0
362112,0
362113,0
362114,0
362115,0
362116,0
362117,0
362118,0
362119,0
362120,0
362121,0
362122,0
362123,0
362124,0
362125,0
362126,34
362127,0
362128,0
362129,0
362130,18
362131,0
362132,0
362133,0
362134,0
362135,0
362136,0
362137,0
362138,0
362139,0
362140,0
362141,0
362142,0
362143,0
362144,25
362145,0
362146,0
362147,0
362148,0
362149,0
362150,0
362151,0
362152,0
362153,33
362154,0
362155,0
362156,0
362157,0
362158,0
362159,0
362160,0
362161,0
362162,0
362163,0
362164,0
362165,0
362166,0
362167,29
362168,0
362169,0
362170,0
362171,0
362172,0
362173,0
362174,0
362175,0
362176,0
362177,0
362178,0
362179,0
362180,0
362181,0
362182,46
362183,0
362184,0
362185,0
362186,0
362187,0
362188,0
362189,25
362190,0
362191,0
362192,0
362193,0
362194,0
362195,0
362196,0
362197,0
362198,45
362199,0
362200,0
362201,0
362202,0
362203,0
362204,47
362205,0
362206,0
362207,0
362208,0
362209,0
362210,36
362211,0
362212,0
362213,0
362214,0
362215,0
362216,0
362217,0
362218,25
362219,0
362220,0
362221,41
362222,0
362223,0
362224,0
362225,0
362226,0
362227,0
362228,0
362229,0
362230,0
362231,0
362232,0
362233,0
362234,26
362235,0
362236,0
362237,0
362238,0
362239,0
362240,0
362241,0
362242,0
362243,0
362244,0
362245,0
362246,0
362247,0
362248,0
362249,46
362250,0
362251,0
362252,0
362253,0
362254,0
362255,0
362256,69
362257,0
362258,0
362259,0
362260,0
362261,0
362262,0
362263,0
362264,0
362265,0
362266,0
362267,30
362268,0
362269,0
362270,0
362271,0
362272,0
362273,0
362274,0
362275,0
362276,39
362277,0
362278,0
362279,0
362280,0
362281,0
362282,0
362283,0
362284,0
362285,0
362286,0
362287,0
362288,0
362289,0
362290,0
362291,28
362292,0
362293,0
362294,0
362295,0
362296,0
362297,0
362298,0
362299,0
362300,0
362301,0
362302,40
362303,0
362304,0
362305,0
362306,0
362307,0
362308,0
362309,0
362310,0
362311,0
362312,0
362313,0
362314,31
362315,0
362316,0
362317,0
362318,0
362319,0
362320,0
362321,0
362322,0
362323,0
362324,0
362325,0
362326,0
362327,0
362328,52
362329,0
362330,0
362331,45
362332,0
362333,0
362334,0
362335,0
362336,0
362337,0
362338,37
362339,0
362340,0
362341,0
362342,0
362343,0
362344,0
362345,31
362346,0
362347,0
362348,0
362349,0
362350,0
362351,0
362352,0
362353,0
362354,0
362355,0
362356,0
362357,0
362358,0
362359,0
362360,0
362361,0
362362,0
362363,34
362364,35
362365,0
362366,0
362367,0
362368,0
362369,0
362370,0
362371,0
362372,0
362373,0
362374,0
362375,58
362376,0
362377,0
362378,0
362379,0
362380,0
362381,0
362382,0
362383,0
362384,0
362385,34
362386,0
362387,0
362388,0
362389,0
362390,0
362391,0
362392,0
362393,0
362394,0
362395,33
362396,0
362397,34
362398,40
362399,0
362400,0
362401,0
362402,0
362403,0
362404,0
362405,0
362406,0
362407,0
362408,39
362409,0
362410,0
362411,0
362412,0
362413,0
362414,0
362415,0
362416,0
362417,0
362418,0
362419,0
362420,0
362421,0
362422,0
362423,0
362424,0
362425,0
362426,36
362427,0
362428,0
362429,0
362430,0
362431,0
362432,0
362433,0
362434,0
362435,0
362436,0
362437,0
362438,0
362439,0
362440,0
362441,0
362442,0
362443,0
362444,0
362445,0
362446,0
362447,0
362448,0
362449,0
362450,0
362451,0
362452,0
362453,0
362454,0
362455,0
362456,0
362457,0
362458,0
362459,0
362460,0
362461,0
362462,0
362463,41
362464,0
362465,0
362466,0
362467,0
362468,0
362469,0
362470,0
362471,0
362472,0
362473,0
362474,0
362475,0
362476,0
362477,0
362478,0
362479,0
362480,0
362481,0
362482,0
362483,0
362484,0
362485,0
362486,0
362487,0
362488,0
362489,0
362490,0
362491,0
362492,0
362493,0
362494,0
362495,0
362496,44
362497,0
362498,0
362499,0
362500,0
362501,0
362502,0
362503,0
362504,0
362505,0
362506,31
362507,0
362508,0
362509,0
362510,0
362511,0
362512,0
362513,0
362514,0
362515,0
362516,0
362517,0
362518,0
362519,0
362520,50
362521,0
362522,0
362523,0
362524,0
362525,0
362526,35
362527,0
362528,0
362529,0
362530,0
362531,0
362532,0
362533,0
362534,0
362535,0
362536,0
362537,0
362538,0
362539,0
362540,0
362541,49
362542,0
362543,0
362544,0
362545,0
362546,0
362547,0
362548,0
362549,39
362550,0
362551,0
362552,39
362553,0
362554,0
362555,0
362556,0
362557,37
362558,0
362559,0
362560,0
362561,0
362562,0
362563,0
362564,0
362565,0
362566,34
362567,0
362568,0
362569,0
362570,0
362571,0
362572,0
362573,0
362574,0
362575,40
362576,0
362577,26
362578,0
362579,0
362580,0
362581,0
362582,0
362583,0
362584,0
362585,0
362586,0
362587,0
362588,0
362589,0
362590,0
362591,38
362592,62
362593,50
362594,0
362595,0
362596,36
362597,0
362598,0
362599,0
362600,0
362601,0
362602,0
362603,0
362604,0
362605,0
362606,25
362607,0
362608,27
362609,0
362610,21
362611,0
362612,0
362613,0
362614,28
362615,0
362616,0
362617,0
362618,0
362619,0
362620,0
362621,0
362622,25
362623,18
362624,0
362625,41
362626,0
362627,0
362628,0
362629,0
362630,26
362631,0
362632,0
362633,0
362634,0
362635,0
362636,27
362637,0
362638,0
362639,28
362640,0
362641,28
362642,0
362643,35
362644,0
362645,0
362646,39
362647,0
362648,33
362649,0
362650,0
362651,0
362652,0
362653,0
362654,18
362655,0
362656,0
362657,0
362658,0
362659,0
362660,0
362661,0
362662,0
362663,0
362664,0
362665,0
362666,0
362667,0
362668,0
362669,42
362670,0
362671,29
362672,0
362673,37
362674,0
362675,0
362676,0
362677,0
362678,0
362679,0
362680,34
362681,0
362682,0
362683,0
362684,0
362685,0
362686,0
362687,0
362688,0
362689,43
362690,0
362691,0
362692,0
362693,0
362694,33
362695,43
362696,28
362697,0
362698,26
362699,18
362700,0
362701,0
362702,22
362703,0
362704,0
362705,20
362706,0
362707,0
362708,0
362709,0
362710,31
362711,48
362712,0
362713,30
362714,0
362715,0
362716,0
362717,0
362718,0
362719,34
362720,27
362721,0
362722,0
362723,0
362724,39
362725,0
362726,0
362727,34
362728,0
362729,0
362730,0
362731,0
362732,0
362733,0
362734,0
362735,0
362736,0
362737,0
362738,0
362739,0
362740,0
362741,0
362742,0
362743,0
362744,0
362745,0
362746,0
362747,0
362748,18
362749,0
362750,0
362751,0
362752,30
362753,24
362754,0
362755,0
362756,0
362757,22
362758,0
362759,0
362760,0
362761,39
362762,31
362763,0
362764,0
362765,0
362766,0
362767,25
362768,0
362769,0
362770,0
362771,0
362772,0
362773,0
362774,0
362775,0
362776,0
362777,0
362778,0
362779,32
362780,35
362781,0
362782,0
362783,0
362784,0
362785,0
362786,0
362787,0
362788,0
362789,0
362790,0
362791,0
362792,35
362793,0
362794,46
362795,0
362796,0
362797,0
362798,0
362799,0
362800,0
362801,0
362802,0
362803,0
362804,0
362805,0
362806,0
362807,0
362808,0
362809,45
362810,0
362811,0
362812,0
362813,30
362814,32
362815,0
362816,0
362817,0
362818,0
362819,0
362820,0
362821,18
362822,0
362823,0
362824,0
362825,0
362826,0
362827,0
362828,32
362829,0
362830,31
362831,0
362832,0
362833,0
362834,0
362835,0
362836,0
362837,0
362838,0
362839,0
362840,0
362841,45
362842,0
362843,0
362844,0
362845,0
362846,0
362847,0
362848,32
362849,0
362850,0
362851,17
362852,0
362853,0
362854,0
362855,0
362856,0
362857,27
362858,20
362859,0
362860,32
362861,0
362862,21
362863,0
362864,0
362865,0
362866,0
362867,0
362868,0
362869,0
362870,0
362871,0
362872,0
362873,27
362874,0
362875,38
362876,0
362877,27
362878,0
362879,30
362880,0
362881,0
362882,42
362883,0
362884,0
362885,0
362886,0
362887,0
362888,0
362889,0
362890,0
362891,0
362892,0
362893,46
362894,0
362895,0
362896,50
362897,0
362898,0
362899,0
362900,0
362901,0
362902,33
362903,22
362904,0
362905,39
362906,0
362907,0
362908,0
362909,18
362910,0
362911,0
362912,0
362913,43
362914,0
362915,40
362916,0
362917,0
362918,24
362919,0
362920,0
362921,0
362922,0
362923,0
362924,0
362925,14
362926,0
362927,0
362928,0
362929,0
362930,0
362931,0
362932,0
362933,0
362934,0
362935,0
362936,0
362937,0
362938,0
362939,19
362940,37
362941,0
362942,0
362943,36
362944,0
362945,0
362946,0
362947,0
362948,0
362949,0
362950,0
362951,21
362952,0
362953,0
362954,0
362955,0
362956,27
362957,0
362958,0
362959,0
362960,0
362961,0
362962,0
362963,0
362964,0
362965,0
362966,16
362967,0
362968,0
362969,0
362970,0
362971,0
362972,0
362973,0
362974,0
362975,23
362976,0
362977,38
362978,0
362979,0
362980,0
362981,0
362982,0
362983,0
362984,24
362985,0
362986,29
362987,0
362988,0
362989,0
362990,0
362991,19
362992,0
362993,0
362994,0
362995,0
362996,0
362997,0
362998,0
362999,0
363000,0
363001,0
363002,27
363003,0
363004,0
363005,0
363006,0
363007,0
363008,25
363009,0
363010,0
363011,39
363012,0
363013,0
363014,0
363015,0
363016,0
363017,0
363018,0
363019,0
363020,0
363021,0
363022,31
363023,31
363024,0
363025,0
363026,0
363027,51
363028,0
363029,42
363030,44
363031,26
363032,0
363033,35
363034,0
363035,0
363036,0
363037,20
363038,0
363039,30
363040,0
363041,0
363042,30
363043,32
363044,0
363045,0
363046,0
363047,0
363048,0
363049,0
363050,0
363051,37
363052,0
363053,32
363054,0
363055,0
363056,0
363057,0
363058,0
363059,0
363060,0
363061,36
363062,0
363063,0
363064,0
363065,0
363066,0
363067,36
363068,0
363069,0
363070,38
363071,34
363072,0
363073,0
363074,0
363075,40
363076,24
363077,0
363078,0
363079,0
363080,0
363081,0
363082,0
363083,0
363084,0
363085,0
363086,28
363087,0
363088,0
363089,0
363090,24
363091,0
363092,0
363093,0
363094,24
363095,33
363096,0
363097,0
363098,0
363099,43
363100,0
363101,0
363102,39
363103,0
363104,0
363105,0
363106,51
363107,0
363108,35
363109,0
363110,0
363111,54
363112,0
363113,0
363114,0
363115,0
363116,0
363117,0
363118,24
363119,0
363120,0
363121,0
363122,0
363123,0
363124,0
363125,0
363126,31
363127,0
363128,0
363129,0
363130,0
363131,0
363132,36
363133,45
363134,0
363135,0
363136,0
363137,42
363138,0
363139,0
363140,34
363141,0
363142,0
363143,0
363144,40
363145,27
363146,28
363147,0
363148,0
363149,0
363150,0
363151,31
363152,27
363153,0
363154,0
363155,0
363156,0
363157,35
363158,0
363159,0
363160,0
363161,0
363162,0
363163,0
363164,41
363165,0
363166,0
363167,0
363168,0
363169,30
363170,0
363171,0
363172,0
363173,0
363174,0
363175,0
363176,24
363177,0
363178,0
363179,20
363180,0
363181,32
363182,0
363183,0
363184,0
363185,0
363186,0
363187,34
363188,0
363189,0
363190,0
363191,34
363192,0
363193,42
363194,0
363195,0
363196,46
363197,0
363198,0
363199,0
363200,0
363201,0
363202,20
363203,0
363204,0
363205,0
363206,0
363207,0
363208,0
363209,0
363210,0
363211,0
363212,0
363213,0
363214,35
363215,0
363216,20
363217,0
363218,0
363219,0
363220,33
363221,0
363222,0
363223,0
363224,0
363225,0
363226,0
363227,29
363228,0
363229,0
363230,0
363231,24
363232,24
363233,0
363234,29
363235,0
363236,0
363237,0
363238,0
363239,37
363240,0
363241,0
363242,0
363243,17
363244,31
363245,0
363246,0
363247,0
363248,0
363249,17
363250,0
363251,35
363252,0
363253,0
363254,0
363255,0
363256,25
363257,0
363258,27
363259,0
363260,0
363261,0
363262,20
363263,0
363264,0
363265,0
363266,0
363267,0
363268,0
363269,0
363270,32
363271,0
363272,0
363273,0
363274,0
363275,0
363276,15
363277,0
363278,0
363279,29
363280,0
363281,0
363282,0
363283,0
363284,0
363285,0
363286,0
363287,0
363288,31
363289,0
363290,0
363291,39
363292,0
363293,31
363294,29
363295,0
363296,0
363297,0
363298,0
363299,31
363300,0
363301,24
363302,41
363303,0
363304,25
363305,48
363306,0
363307,0
363308,0
363309,0
363310,0
363311,29
363312,0
363313,0
363314,0
363315,0
363316,0
363317,28
363318,0
363319,0
363320,0
363321,0
363322,0
363323,0
363324,0
363325,0
363326,0
363327,24
363328,30
363329,0
363330,0
363331,0
363332,0
363333,0
363334,39
363335,0
363336,36
363337,0
363338,36
363339,0
363340,0
363341,0
363342,23
363343,0
363344,0
363345,0
363346,0
363347,0
363348,0
363349,29
363350,0
363351,0
363352,49
363353,30
363354,0
363355,0
363356,0
363357,32
363358,0
363359,0
363360,0
363361,0
363362,0
363363,0
363364,33
363365,0
363366,36
363367,22
363368,52
363369,0
363370,27
363371,0
363372,44
363373,0
363374,0
363375,0
363376,44
363377,0
363378,0
363379,0
363380,0
363381,0
363382,0
363383,0
363384,0
363385,0
363386,25
363387,31
363388,0
363389,0
363390,0
363391,0
363392,35
363393,0
363394,0
363395,0
363396,28
363397,0
363398,0
363399,25
363400,35
363401,0
363402,0
363403,0
363404,0
363405,0
363406,36
363407,38
363408,0
363409,0
363410,0
363411,0
363412,0
363413,0
363414,0
363415,0
363416,0
363417,0
363418,0
363419,0
363420,0
363421,0
363422,0
363423,0
363424,0
363425,0
363426,0
363427,0
363428,0
363429,0
363430,0
363431,0
363432,0
363433,0
363434,0
363435,0
363436,0
363437,0
363438,0
363439,0
363440,0
363441,0
363442,0
363443,0
363444,0
363445,0
363446,1
363447,0
363448,0
363449,0
363450,0
363451,0
363452,0
363453,0
363454,0
363455,0
363456,0
363457,0
363458,0
363459,0
363460,0
363461,0
363462,0
363463,0
363464,0
363465,0
363466,0
363467,0
363468,0
363469,0
363470,0
363471,0
363472,0
363473,0
363474,0
363475,0
363476,0
363477,0
363478,0
363479,0
363480,0
363481,0
363482,0
363483,0
363484,0
363485,0
363486,0
363487,0
363488,0
363489,1
363490,0
363491,0
363492,0
363493,0
363494,0
363495,0
363496,0
363497,0
363498,0
363499,0
363500,0
363501,0
363502,0
363503,0
363504,0
363505,0
363506,0
363507,0
363508,0
363509,0
363510,0
363511,0
363512,0
363513,0
363514,0
363515,0
363516,0
363517,0
363518,0
363519,0
363520,0
363521,0
363522,0
363523,0
363524,0
363525,0
363526,0
363527,0
363528,0
363529,0
363530,0
363531,0
363532,0
363533,0
363534,0
363535,0
363536,0
363537,0
363538,0
363539,0
363540,0
363541,0
363542,0
363543,0
363544,0
363545,0
363546,0
363547,0
363548,0
363549,0
363550,0
363551,0
363552,0
363553,0
363554,0
363555,0
363556,0
363557,0
363558,0
363559,0
363560,0
363561,0
363562,0
363563,0
363564,0
363565,0
363566,0
363567,0
363568,0
363569,0
363570,0
363571,0
363572,0
363573,0
363574,0
363575,0
363576,0
363577,0
363578,0
363579,0
363580,0
363581,0
363582,0
363583,0
363584,0
363585,0
363586,0
363587,0
363588,0
363589,0
363590,0
363591,0
363592,0
363593,0
363594,0
363595,0
363596,0
363597,0
363598,0
363599,0
363600,0
363601,0
363602,0
363603,0
363604,0
363605,0
363606,0
363607,0
363608,0
363609,0
363610,0
363611,0
363612,0
363613,0
363614,0
363615,0
363616,0
363617,0
363618,0
363619,0
363620,0
363621,0
363622,0
363623,0
363624,0
363625,0
363626,0
363627,0
363628,0
363629,0
363630,0
363631,0
363632,0
363633,0
363634,0
363635,0
363636,0
363637,0
363638,0
363639,0
363640,0
363641,0
363642,0
363643,0
363644,0
363645,0
363646,0
363647,0
363648,0
363649,0
363650,0
363651,0
363652,0
363653,0
363654,0
363655,0
363656,0
363657,0
363658,0
363659,0
363660,1
363661,0
363662,0
363663,0
363664,0
363665,0
363666,0
363667,0
363668,0
363669,0
363670,0
363671,0
363672,0
363673,0
363674,0
363675,0
363676,0
363677,0
363678,0
363679,0
363680,0
363681,0
363682,0
363683,0
363684,0
363685,0
363686,0
363687,0
363688,0
363689,0
363690,0
363691,0
363692,0
363693,0
363694,0
363695,0
363696,0
363697,0
363698,0
363699,0
363700,0
363701,0
363702,0
363703,0
363704,0
363705,0
363706,0
363707,0
363708,0
363709,0
363710,0
363711,0
363712,0
363713,0
363714,0
363715,0
363716,0
363717,0
363718,0
363719,0
363720,0
363721,0
363722,0
363723,0
363724,0
363725,0
363726,0
363727,0
363728,0
363729,0
363730,0
363731,0
363732,0
363733,0
363734,0
363735,0
363736,0
363737,0
363738,0
363739,0
363740,0
363741,0
363742,0
363743,0
363744,0
363745,0
363746,0
363747,0
363748,0
363749,0
363750,0
363751,0
363752,0
363753,0
363754,0
363755,0
363756,0
363757,0
363758,0
363759,0
363760,0
363761,0
363762,1
363763,0
363764,0
363765,0
363766,0
363767,0
363768,0
363769,0
363770,0
363771,0
363772,0
363773,0
363774,0
363775,0
363776,0
363777,0
363778,0
363779,0
363780,0
363781,0
363782,0
363783,0
363784,1
363785,0
363786,0
363787,0
363788,0
363789,0
363790,0
363791,0
363792,0
363793,0
363794,0
363795,0
363796,0
363797,0
363798,0
363799,0
363800,0
363801,0
363802,0
363803,0
363804,0
363805,0
363806,0
363807,0
363808,0
363809,0
363810,0
363811,0
363812,0
363813,0
363814,0
363815,0
363816,0
363817,0
363818,0
363819,0
363820,0
363821,0
363822,0
363823,0
363824,0
363825,0
363826,0
363827,0
363828,0
363829,0
363830,0
363831,0
363832,0
363833,0
363834,0
363835,0
363836,0
363837,0
363838,0
363839,0
363840,0
363841,0
363842,0
363843,0
363844,0
363845,0
363846,0
363847,0
363848,0
363849,0
363850,0
363851,0
363852,0
363853,0
363854,0
363855,0
363856,0
363857,0
363858,0
363859,0
363860,0
363861,0
363862,0
363863,0
363864,0
363865,0
363866,0
363867,0
363868,0
363869,0
363870,0
363871,0
363872,0
363873,0
363874,0
363875,0
363876,0
363877,0
363878,0
363879,0
363880,0
363881,0
363882,0
363883,0
363884,0
363885,0
363886,0
363887,0
363888,0
363889,0
363890,0
363891,0
363892,0
363893,0
363894,0
363895,0
363896,0
363897,0
363898,0
363899,0
363900,0
363901,0
363902,0
363903,0
363904,0
363905,0
363906,0
363907,0
363908,0
363909,0
363910,0
363911,0
363912,0
363913,0
363914,0
363915,0
363916,0
363917,0
363918,0
363919,0
363920,0
363921,0
363922,0
363923,0
363924,0
363925,0
363926,0
363927,0
363928,0
363929,0
363930,0
363931,0
363932,0
363933,0
363934,0
363935,0
363936,0
363937,0
363938,0
363939,0
363940,0
363941,0
363942,0
363943,0
363944,0
363945,0
363946,0
363947,0
363948,0
363949,0
363950,0
363951,0
363952,0
363953,0
363954,0
363955,0
363956,0
363957,0
363958,0
363959,0
363960,0
363961,0
363962,0
363963,0
363964,0
363965,0
363966,0
363967,0
363968,0
363969,0
363970,0
363971,0
363972,0
363973,0
363974,0
363975,0
363976,0
363977,0
363978,0
363979,0
363980,0
363981,0
363982,0
363983,0
363984,0
363985,0
363986,0
363987,0
363988,0
363989,0
363990,0
363991,0
363992,0
363993,0
363994,0
363995,0
363996,0
363997,0
363998,0
363999,0
364000,0
364001,0
364002,0
364003,0
364004,0
364005,0
364006,0
364007,0
364008,0
364009,0
364010,0
364011,0
364012,0
364013,0
364014,0
364015,0
364016,0
364017,0
364018,0
364019,0
364020,0
364021,0
364022,0
364023,0
364024,0
364025,0
364026,0
364027,0
364028,0
364029,0
364030,0
364031,0
364032,0
364033,0
364034,0
364035,0
364036,0
364037,0
364038,0
364039,0
364040,0
364041,0
364042,0
364043,0
364044,0
364045,1
364046,0
364047,0
364048,0
364049,0
364050,0
364051,0
364052,0
364053,0
364054,0
364055,0
364056,0
364057,0
364058,0
364059,0
364060,0
364061,0
364062,0
364063,0
364064,0
364065,0
364066,2
364067,0
364068,0
364069,0
364070,0
364071,1
364072,0
364073,0
364074,0
364075,0
364076,0
364077,0
364078,0
364079,0
364080,0
364081,0
364082,0
364083,0
364084,0
364085,0
364086,0
364087,0
364088,0
364089,0
364090,0
364091,0
364092,0
364093,0
364094,0
364095,0
364096,0
364097,0
364098,0
364099,0
364100,0
364101,0
364102,0
364103,0
364104,0
364105,0
364106,0
364107,0
364108,0
364109,0
364110,0
364111,0
364112,0
364113,0
364114,0
364115,0
364116,0
364117,0
364118,0
364119,0
364120,0
364121,0
364122,0
364123,0
364124,0
364125,0
364126,0
364127,0
364128,0
364129,0
364130,0
364131,0
364132,0
364133,0
364134,0
364135,0
364136,0
364137,0
364138,0
364139,0
364140,0
364141,0
364142,0
364143,0
364144,0
364145,0
364146,0
364147,0
364148,0
364149,0
364150,0
364151,0
364152,0
364153,0
364154,0
364155,0
364156,0
364157,0
364158,0
364159,0
364160,0
364161,0
364162,0
364163,0
364164,0
364165,0
364166,0
364167,0
364168,0
364169,0
364170,0
364171,0
364172,0
364173,0
364174,0
364175,0
364176,0
364177,1
364178,0
364179,0
364180,0
364181,0
364182,0
364183,0
364184,0
364185,0
364186,0
364187,0
364188,0
364189,0
364190,0
364191,0
364192,0
364193,0
364194,0
364195,0
364196,0
364197,0
364198,0
364199,0
364200,0
364201,0
364202,0
364203,0
364204,0
364205,0
364206,0
364207,0
364208,0
364209,0
364210,0
364211,0
364212,0
364213,0
364214,0
364215,0
364216,0
364217,0
364218,0
364219,0
364220,0
364221,0
364222,0
364223,0
364224,0
364225,0
364226,0
364227,0
364228,0
364229,0
364230,0
364231,0
364232,0
364233,0
364234,0
364235,0
364236,0
364237,0
364238,0
364239,0
364240,0
364241,0
364242,0
364243,0
364244,0
364245,0
364246,0
364247,0
364248,0
364249,0
364250,0
364251,0
364252,1
364253,0
364254,0
364255,0
364256,0
364257,0
364258,0
364259,0
364260,0
364261,0
364262,0
364263,0
364264,0
364265,0
364266,0
364267,0
364268,0
364269,0
364270,0
364271,0
364272,0
364273,0
364274,0
364275,0
364276,0
364277,0
364278,0
364279,1
364280,0
364281,0
364282,0
364283,0
364284,0
364285,0
364286,0
364287,0
364288,0
364289,0
364290,0
364291,0
364292,0
364293,0
364294,0
364295,0
364296,0
364297,0
364298,0
364299,0
364300,0
364301,0
364302,0
364303,0
364304,0
364305,0
364306,0
364307,0
364308,0
364309,0
364310,0
364311,0
364312,0
364313,0
364314,0
364315,0
364316,0
364317,0
364318,0
364319,0
364320,0
364321,0
364322,0
364323,0
364324,0
364325,0
364326,0
364327,0
364328,0
364329,0
364330,0
364331,0
364332,0
364333,0
364334,0
364335,0
364336,0
364337,0
364338,0
364339,0
364340,0
364341,0
364342,0
364343,0
364344,0
364345,0
364346,0
364347,0
364348,0
364349,0
364350,0
364351,0
364352,0
364353,1
364354,0
364355,0
364356,0
364357,0
364358,0
364359,0
364360,0
364361,0
364362,0
364363,0
364364,0
364365,0
364366,0
364367,0
364368,0
364369,0
364370,0
364371,0
364372,0
364373,0
364374,0
364375,0
364376,0
364377,0
364378,0
364379,0
364380,0
364381,0
364382,0
364383,0
364384,0
364385,0
364386,0
364387,0
364388,0
364389,0
364390,0
364391,0
364392,0
364393,0
364394,0
364395,0
364396,0
364397,0
364398,0
364399,0
364400,0
364401,1
364402,0
364403,0
364404,0
364405,0
364406,0
364407,0
364408,0
364409,0
364410,0
364411,0
364412,0
364413,0
364414,0
364415,0
364416,0
364417,0
364418,0
364419,0
364420,0
364421,0
364422,0
364423,0
364424,0
364425,0
364426,0
364427,0
364428,0
364429,0
364430,0
364431,0
364432,0
364433,0
364434,0
364435,0
364436,0
364437,0
364438,0
364439,0
364440,0
364441,0
364442,0
364443,0
364444,0
364445,0
364446,0
364447,0
364448,0
364449,0
364450,0
364451,0
364452,0
364453,0
364454,0
364455,0
364456,0
364457,0
364458,0
364459,0
364460,0
364461,0
364462,0
364463,0
364464,0
364465,0
364466,0
364467,0
364468,0
364469,0
364470,0
364471,0
364472,0
364473,0
364474,0
364475,0
364476,0
364477,0
364478,0
364479,0
364480,0
364481,0
364482,0
364483,0
364484,0
364485,0
364486,0
364487,0
364488,0
364489,0
364490,0
364491,0
364492,0
364493,0
364494,0
364495,0
364496,0
364497,0
364498,0
364499,0
364500,0
364501,0
364502,0
364503,0
364504,0
364505,0
364506,0
364507,0
364508,0
364509,0
364510,0
364511,0
364512,0
364513,0
364514,0
364515,0
364516,0
364517,0
364518,0
364519,0
364520,0
364521,0
364522,0
364523,0
364524,0
364525,0
364526,0
364527,0
364528,0
364529,0
364530,0
364531,0
364532,0
364533,0
364534,0
364535,0
364536,0
364537,0
364538,0
364539,0
364540,0
364541,0
364542,0
364543,0
364544,0
364545,0
364546,0
364547,0
364548,0
364549,0
364550,0
364551,0
364552,0
364553,0
364554,0
364555,0
364556,0
364557,1
364558,0
364559,0
364560,0
364561,0
364562,0
364563,0
364564,0
364565,0
364566,0
364567,0
364568,0
364569,0
364570,0
364571,0
364572,0
364573,0
364574,0
364575,0
364576,0
364577,0
364578,0
364579,0
364580,0
364581,0
364582,0
364583,0
364584,0
364585,0
364586,0
364587,0
364588,0
364589,0
364590,0
364591,0
364592,0
364593,0
364594,0
364595,0
364596,0
364597,0
364598,0
364599,0
364600,0
364601,0
364602,0
364603,0
364604,0
364605,0
364606,0
364607,0
364608,0
364609,0
364610,0
364611,0
364612,0
364613,0
364614,0
364615,0
364616,0
364617,0
364618,0
364619,0
364620,0
364621,0
364622,0
364623,0
364624,0
364625,0
364626,0
364627,0
364628,0
364629,0
364630,0
364631,0
364632,0
364633,0
364634,0
364635,0
364636,0
364637,0
364638,0
364639,0
364640,0
364641,0
364642,0
364643,0
364644,0
364645,0
364646,0
364647,0
364648,0
364649,0
364650,0
364651,0
364652,0
364653,0
364654,0
364655,0
364656,0
364657,0
364658,0
364659,0
364660,0
364661,0
364662,0
364663,0
364664,0
364665,0
364666,0
364667,0
364668,1
364669,0
364670,0
364671,0
364672,0
364673,0
364674,0
364675,0
364676,0
364677,0
364678,0
364679,0
364680,0
364681,0
364682,0
364683,0
364684,0
364685,0
364686,0
364687,0
364688,0
364689,0
364690,0
364691,0
364692,0
364693,0
364694,0
364695,0
364696,0
364697,0
364698,0
364699,0
364700,0
364701,0
364702,0
364703,0
364704,0
364705,0
364706,0
364707,0
364708,0
364709,0
364710,0
364711,0
364712,0
364713,0
364714,0
364715,0
364716,0
364717,0
364718,0
364719,0
364720,0
364721,0
364722,0
364723,0
364724,0
364725,0
364726,0
364727,0
364728,0
364729,0
364730,0
364731,0
364732,0
364733,0
364734,0
364735,0
364736,0
364737,0
364738,0
364739,0
364740,0
364741,0
364742,0
364743,0
364744,0
364745,0
364746,0
364747,0
364748,0
364749,0
364750,0
364751,0
364752,0
364753,0
364754,0
364755,0
364756,0
364757,0
364758,0
364759,0
364760,0
364761,0
364762,0
364763,0
364764,0
364765,0
364766,0
364767,0
364768,0
364769,0
364770,0
364771,0
364772,0
364773,0
364774,0
364775,0
364776,0
364777,0
364778,0
364779,0
364780,0
364781,0
364782,0
364783,0
364784,0
364785,0
364786,0
364787,0
364788,0
364789,0
364790,0
364791,0
364792,0
364793,0
364794,0
364795,0
364796,0
364797,0
364798,0
364799,0
364800,0
364801,0
364802,0
364803,0
364804,0
364805,0
364806,0
364807,0
364808,0
364809,0
364810,0
364811,0
364812,0
364813,0
364814,32
364815,0
364816,0
364817,33
364818,0
364819,27
364820,0
364821,0
364822,0
364823,0
364824,0
364825,0
364826,0
364827,0
364828,0
364829,0
364830,0
364831,0
364832,0
364833,0
364834,0
364835,0
364836,23
364837,0
364838,0
364839,0
364840,0
364841,0
364842,28
364843,0
364844,23
364845,0
364846,0
364847,0
364848,0
364849,0
364850,0
364851,0
364852,0
364853,0
364854,34
364855,0
364856,0
364857,29
364858,17
364859,0
364860,0
364861,0
364862,0
364863,0
364864,0
364865,0
364866,0
364867,0
364868,0
364869,0
364870,0
364871,0
364872,0
364873,10
364874,0
364875,0
364876,0
364877,26
364878,0
364879,0
364880,0
364881,46
364882,0
364883,0
364884,0
364885,0
364886,0
364887,0
364888,0
364889,0
364890,0
364891,0
364892,19
364893,0
364894,0
364895,0
364896,0
364897,0
364898,0
364899,0
364900,0
364901,0
364902,0
364903,0
364904,0
364905,0
364906,0
364907,0
364908,0
364909,0
364910,0
364911,0
364912,0
364913,38
364914,0
364915,0
364916,0
364917,0
364918,0
364919,0
364920,0
364921,0
364922,0
364923,0
364924,0
364925,0
364926,0
364927,0
364928,0
364929,0
364930,0
364931,0
364932,0
364933,14
364934,0
364935,0
364936,23
364937,0
364938,0
364939,0
364940,0
364941,0
364942,18
364943,0
364944,0
364945,0
364946,0
364947,0
364948,0
364949,0
364950,18
364951,0
364952,0
364953,0
364954,0
364955,0
364956,0
364957,5
364958,0
364959,0
364960,0
364961,43
364962,0
364963,0
364964,0
364965,0
364966,0
364967,13
364968,0
364969,0
364970,0
364971,0
364972,19
364973,0
364974,0
364975,0
364976,0
364977,0
364978,0
364979,0
364980,0
364981,0
364982,0
364983,0
364984,23
364985,0
364986,0
364987,0
364988,0
364989,0
364990,0
364991,0
364992,0
364993,0
364994,0
364995,0
364996,0
364997,0
364998,10
364999,0
365000,0
365001,0
365002,0
365003,0
365004,0
365005,0
365006,0
365007,0
365008,0
365009,0
365010,0
365011,0
365012,0
365013,0
365014,0
365015,0
365016,0
365017,0
365018,0
365019,0
365020,0
365021,0
365022,0
365023,0
365024,0
365025,0
365026,0
365027,0
365028,0
365029,0
365030,0
365031,0
365032,0
365033,0
365034,0
365035,0
365036,0
365037,0
365038,0
365039,0
365040,0
365041,0
365042,0
365043,0
365044,0
365045,0
365046,0
365047,0
365048,0
365049,0
365050,0
365051,0
365052,1
365053,0
365054,0
365055,0
365056,0
365057,0
365058,0
365059,0
365060,0
365061,0
365062,0
365063,0
365064,0
365065,0
365066,0
365067,0
365068,0
365069,0
365070,0
365071,0
365072,0
365073,0
365074,0
365075,1
365076,0
365077,0
365078,0
365079,0
365080,0
365081,0
365082,0
365083,0
365084,0
365085,0
365086,0
365087,0
365088,0
365089,0
365090,0
365091,0
365092,0
365093,0
365094,0
365095,0
365096,0
365097,0
365098,0
365099,0
365100,0
365101,0
365102,0
365103,0
365104,0
365105,0
365106,0
365107,0
365108,0
365109,0
365110,0
365111,0
365112,0
365113,0
365114,0
365115,0
365116,0
365117,0
365118,0
365119,0
365120,0
365121,0
365122,0
365123,0
365124,0
365125,0
365126,0
365127,0
365128,0
365129,0
365130,0
365131,0
365132,0
365133,0
365134,0
365135,0
365136,0
365137,0
365138,0
365139,0
365140,0
365141,0
365142,0
365143,0
365144,0
365145,0
365146,0
365147,0
365148,0
365149,0
365150,0
365151,0
365152,0
365153,0
365154,0
365155,0
365156,0
365157,0
365158,0
365159,0
365160,0
365161,0
365162,0
365163,0
365164,0
365165,0
365166,0
365167,0
365168,0
365169,0
365170,0
365171,0
365172,0
365173,0
365174,0
365175,0
365176,0
365177,0
365178,0
365179,0
365180,0
365181,0
365182,0
365183,0
365184,0
365185,0
365186,0
365187,0
365188,0
365189,0
365190,0
365191,0
365192,0
365193,0
365194,0
365195,0
365196,0
365197,0
365198,0
365199,0
365200,0
365201,0
365202,0
365203,0
365204,0
365205,0
365206,0
365207,0
365208,0
365209,0
365210,0
365211,0
365212,0
365213,0
365214,0
365215,0
365216,0
365217,0
365218,0
365219,0
365220,0
365221,0
365222,0
365223,0
365224,0
365225,0
365226,0
365227,0
365228,0
365229,0
365230,0
365231,0
365232,0
365233,0
365234,0
365235,0
365236,0
365237,0
365238,0
365239,0
365240,0
365241,0
365242,0
365243,0
365244,0
365245,0
365246,0
365247,0
365248,0
365249,0
365250,0
365251,0
365252,0
365253,0
365254,0
365255,0
365256,0
365257,0
365258,0
365259,0
365260,0
365261,0
365262,0
365263,0
365264,0
365265,0
365266,0
365267,0
365268,0
365269,0
365270,0
365271,0
365272,0
365273,0
365274,0
365275,0
365276,0
365277,0
365278,0
365279,0
365280,0
365281,0
365282,0
365283,1
365284,0
365285,0
365286,0
365287,0
365288,0
365289,0
365290,0
365291,0
365292,0
365293,0
365294,0
365295,0
365296,0
365297,0
365298,0
365299,0
365300,0
365301,0
365302,0
365303,0
365304,0
365305,0
365306,0
365307,0
365308,0
365309,0
365310,0
365311,0
365312,0
365313,0
365314,0
365315,0
365316,0
365317,0
365318,0
365319,0
365320,0
365321,0
365322,0
365323,0
365324,0
365325,0
365326,0
365327,0
365328,0
365329,0
365330,0
365331,0
365332,0
365333,0
365334,0
365335,0
365336,1
365337,0
365338,0
365339,0
365340,0
365341,0
365342,0
365343,0
365344,0
365345,0
365346,0
365347,0
365348,0
365349,0
365350,0
365351,0
365352,0
365353,0
365354,1
365355,0
365356,0
365357,0
365358,0
365359,0
365360,0
365361,0
365362,0
365363,0
365364,0
365365,0
365366,1
365367,0
365368,0
365369,0
365370,0
365371,0
365372,0
365373,0
365374,0
365375,0
365376,0
365377,0
365378,0
365379,0
365380,0
365381,0
365382,0
365383,1
365384,0
365385,0
365386,0
365387,0
365388,0
365389,0
365390,0
365391,0
365392,0
365393,0
365394,0
365395,0
365396,0
365397,0
365398,0
365399,0
365400,0
365401,0
365402,0
365403,0
365404,0
365405,0
365406,0
365407,0
365408,0
365409,0
365410,0
365411,0
365412,0
365413,0
365414,0
365415,0
365416,0
365417,0
365418,0
365419,0
365420,0
365421,0
365422,0
365423,0
365424,0
365425,0
365426,0
365427,0
365428,0
365429,0
365430,0
365431,0
365432,0
365433,0
365434,0
365435,0
365436,0
365437,0
365438,0
365439,0
365440,0
365441,0
365442,0
365443,0
365444,0
365445,0
365446,0
365447,0
365448,0
365449,0
365450,0
365451,0
365452,0
365453,0
365454,1
365455,0
365456,0
365457,0
365458,0
365459,0
365460,0
365461,0
365462,0
365463,0
365464,0
365465,0
365466,0
365467,0
365468,0
365469,0
365470,0
365471,0
365472,0
365473,0
365474,0
365475,0
365476,0
365477,0
365478,0
365479,0
365480,0
365481,0
365482,0
365483,0
365484,0
365485,0
365486,0
365487,0
365488,1
365489,0
365490,0
365491,0
365492,0
365493,0
365494,0
365495,0
365496,0
365497,0
365498,0
365499,0
365500,0
365501,0
365502,0
365503,0
365504,0
365505,0
365506,0
365507,0
365508,0
365509,0
365510,0
365511,0
365512,0
365513,0
365514,0
365515,0
365516,0
365517,0
365518,0
365519,0
365520,0
365521,0
365522,0
365523,0
365524,0
365525,0
365526,0
365527,0
365528,0
365529,0
365530,0
365531,0
365532,0
365533,0
365534,0
365535,0
365536,0
365537,0
365538,0
365539,0
365540,0
365541,0
365542,0
365543,0
365544,0
365545,0
365546,0
365547,0
365548,0
365549,0
365550,0
365551,0
365552,0
365553,0
365554,0
365555,0
365556,0
365557,0
365558,0
365559,0
365560,0
365561,0
365562,0
365563,0
365564,0
365565,1
365566,0
365567,0
365568,0
365569,0
365570,1
365571,0
365572,0
365573,0
365574,0
365575,0
365576,0
365577,0
365578,0
365579,0
365580,0
365581,0
365582,0
365583,0
365584,0
365585,0
365586,0
365587,0
365588,0
365589,0
365590,35
365591,0
365592,19
365593,0
365594,19
365595,0
365596,20
365597,0
365598,27
365599,0
365600,0
365601,0
365602,0
365603,0
365604,0
365605,0
365606,0
365607,0
365608,29
365609,0
365610,0
365611,0
365612,0
365613,0
365614,26
365615,0
365616,0
365617,0
365618,0
365619,0
365620,0
365621,0
365622,0
365623,0
365624,0
365625,0
365626,0
365627,0
365628,0
365629,13
365630,0
365631,0
365632,0
365633,0
365634,0
365635,0
365636,0
365637,0
365638,0
365639,0
365640,0
365641,0
365642,0
365643,0
365644,0
365645,0
365646,0
365647,0
365648,0
365649,0
365650,0
365651,0
365652,0
365653,0
365654,0
365655,0
365656,0
365657,0
365658,0
365659,0
365660,0
365661,0
365662,0
365663,0
365664,0
365665,0
365666,0
365667,0
365668,0
365669,0
365670,0
365671,0
365672,0
365673,0
365674,0
365675,0
365676,0
365677,0
365678,0
365679,0
365680,0
365681,0
365682,0
365683,0
365684,0
365685,0
365686,0
365687,0
365688,0
365689,0
365690,0
365691,0
365692,0
365693,0
365694,0
365695,0
365696,0
365697,0
365698,0
365699,21
365700,0
365701,0
365702,0
365703,0
365704,0
365705,0
365706,24
365707,0
365708,0
365709,0
365710,0
365711,0
365712,0
365713,0
365714,0
365715,0
365716,0
365717,0
365718,0
365719,0
365720,29
365721,0
365722,0
365723,0
365724,0
365725,0
365726,0
365727,0
365728,0
365729,22
365730,0
365731,0
365732,0
365733,0
365734,0
365735,0
365736,0
365737,0
365738,35
365739,0
365740,0
365741,0
365742,0
365743,0
365744,0
365745,0
365746,0
365747,0
365748,0
365749,13
365750,26
365751,0
365752,0
365753,0
365754,0
365755,0
365756,0
365757,0
365758,0
365759,0
365760,0
365761,0
365762,0
365763,16
365764,0
365765,0
365766,0
365767,0
365768,0
365769,0
365770,0
365771,31
365772,0
365773,0
365774,0
365775,0
365776,0
365777,0
365778,0
365779,0
365780,0
365781,0
365782,0
365783,24
365784,0
365785,0
365786,0
365787,20
365788,0
365789,15
365790,0
365791,0
365792,0
365793,0
365794,23
365795,0
365796,0
365797,0
365798,0
365799,0
365800,25
365801,0
365802,0
365803,0
365804,0
365805,0
365806,0
365807,0
365808,30
365809,0
365810,0
365811,19
365812,0
365813,0
365814,0
365815,0
365816,23
365817,0
365818,20
365819,0
365820,0
365821,0
365822,0
365823,0
365824,33
365825,0
365826,0
365827,0
365828,0
365829,0
365830,0
365831,0
365832,0
365833,0
365834,0
365835,0
365836,0
365837,0
365838,0
365839,21
365840,0
365841,0
365842,0
365843,0
365844,0
365845,25
365846,0
365847,0
365848,0
365849,0
365850,0
365851,17
365852,0
365853,0
365854,0
365855,0
365856,0
365857,0
365858,0
365859,0
365860,28
365861,0
365862,0
365863,0
365864,28
365865,0
365866,0
365867,0
365868,0
365869,0
365870,0
365871,0
365872,0
365873,23
365874,0
365875,0
365876,0
365877,35
365878,0
365879,0
365880,0
365881,0
365882,0
365883,0
365884,0
365885,0
365886,0
365887,0
365888,0
365889,21
365890,0
365891,0
365892,0
365893,0
365894,0
365895,0
365896,29
365897,0
365898,0
365899,0
365900,0
365901,0
365902,0
365903,0
365904,22
365905,0
365906,0
365907,0
365908,0
365909,0
365910,0
365911,0
365912,24
365913,0
365914,0
365915,0
365916,0
365917,28
365918,0
365919,0
365920,0
365921,0
365922,21
365923,0
365924,0
365925,15
365926,0
365927,0
365928,0
365929,0
365930,0
365931,0
365932,0
365933,0
365934,23
365935,0
365936,0
365937,0
365938,0
365939,22
365940,0
365941,0
365942,0
365943,0
365944,0
365945,0
365946,0
365947,0
365948,0
365949,0
365950,0
365951,0
365952,23
365953,0
365954,0
365955,0
365956,26
365957,0
365958,0
365959,0
365960,0
365961,0
365962,0
365963,0
365964,0
365965,0
365966,27
365967,0
365968,0
365969,0
365970,0
365971,0
365972,0
365973,21
365974,16
365975,0
365976,0
365977,17
365978,14
365979,0
365980,0
365981,0
365982,0
365983,0
365984,25
365985,0
365986,0
365987,0
365988,0
365989,22
365990,0
365991,0
365992,0
365993,0
365994,0
365995,0
365996,0
365997,0
365998,0
365999,0
366000,0
366001,24
366002,0
366003,0
366004,0
366005,0
366006,0
366007,0
366008,0
366009,0
366010,0
366011,0
366012,0
366013,0
366014,0
366015,16
366016,0
366017,0
366018,0
366019,0
366020,0
366021,0
366022,13
366023,0
366024,0
366025,0
366026,0
366027,0
366028,18
366029,0
366030,0
366031,0
366032,0
366033,0
366034,0
366035,0
366036,0
366037,0
366038,0
366039,0
366040,18
366041,0
366042,0
366043,0
366044,0
366045,0
366046,0
366047,0
366048,0
366049,20
366050,0
366051,0
366052,0
366053,20
366054,0
366055,26
366056,20
366057,0
366058,0
366059,0
366060,0
366061,0
366062,0
366063,0
366064,0
366065,0
366066,0
366067,0
366068,0
366069,0
366070,0
366071,0
366072,0
366073,0
366074,0
366075,0
366076,33
366077,0
366078,0
366079,0
366080,0
366081,0
366082,0
366083,0
366084,0
366085,0
366086,40
366087,0
366088,0
366089,0
366090,0
366091,0
366092,0
366093,0
366094,0
366095,0
366096,0
366097,0
366098,0
366099,0
366100,0
366101,21
366102,0
366103,0
366104,0
366105,0
366106,0
366107,0
366108,20
366109,0
366110,0
366111,0
366112,0
366113,0
366114,0
366115,0
366116,24
366117,0
366118,0
366119,18
366120,0
366121,0
366122,0
366123,0
366124,0
366125,0
366126,0
366127,0
366128,0
366129,0
366130,0
366131,0
366132,0
366133,0
366134,0
366135,0
366136,0
366137,0
366138,8
366139,0
366140,0
366141,0
366142,0
366143,0
366144,0
366145,0
366146,0
366147,0
366148,0
366149,0
366150,0
366151,0
366152,0
366153,0
366154,0
366155,0
366156,0
366157,0
366158,0
366159,0
366160,0
366161,0
366162,0
366163,0
366164,0
366165,0
366166,0
366167,0
366168,0
366169,0
366170,0
366171,0
366172,29
366173,0
366174,0
366175,29
366176,0
366177,0
366178,0
366179,0
366180,0
366181,0
366182,0
366183,0
366184,26
366185,0
366186,27
366187,0
366188,0
366189,0
366190,0
366191,0
366192,1
366193,0
366194,0
366195,0
366196,0
366197,0
366198,0
366199,0
366200,0
366201,0
366202,0
366203,0
366204,0
366205,0
366206,0
366207,0
366208,0
366209,0
366210,0
366211,0
366212,0
366213,0
366214,0
366215,0
366216,0
366217,0
366218,0
366219,0
366220,1
366221,0
366222,0
366223,0
366224,0
366225,0
366226,0
366227,0
366228,0
366229,0
366230,0
366231,0
366232,0
366233,0
366234,0
366235,0
366236,0
366237,0
366238,0
366239,0
366240,0
366241,0
366242,0
366243,0
366244,0
366245,0
366246,0
366247,0
366248,0
366249,0
366250,0
366251,0
366252,0
366253,0
366254,0
366255,0
366256,0
366257,0
366258,0
366259,0
366260,0
366261,0
366262,0
366263,0
366264,0
366265,0
366266,0
366267,0
366268,0
366269,0
366270,0
366271,0
366272,0
366273,0
366274,0
366275,0
366276,0
366277,0
366278,0
366279,0
366280,0
366281,0
366282,0
366283,0
366284,0
366285,0
366286,0
366287,0
366288,0
366289,0
366290,0
366291,0
366292,0
366293,0
366294,0
366295,0
366296,0
366297,0
366298,0
366299,0
366300,0
366301,0
366302,0
366303,0
366304,0
366305,0
366306,0
366307,0
366308,0
366309,0
366310,0
366311,0
366312,0
366313,0
366314,0
366315,0
366316,0
366317,0
366318,0
366319,0
366320,0
366321,0
366322,0
366323,0
366324,0
366325,0
366326,0
366327,0
366328,0
366329,0
366330,0
366331,0
366332,0
366333,0
366334,0
366335,0
366336,0
366337,0
366338,0
366339,0
366340,0
366341,0
366342,0
366343,0
366344,0
366345,0
366346,0
366347,0
366348,0
366349,0
366350,0
366351,0
366352,0
366353,0
366354,0
366355,0
366356,0
366357,0
366358,0
366359,0
366360,0
366361,0
366362,0
366363,0
366364,0
366365,0
366366,0
366367,0
366368,0
366369,0
366370,0
366371,0
366372,0
366373,0
366374,0
366375,0
366376,0
366377,0
366378,0
366379,0
366380,27
366381,0
366382,0
366383,0
366384,0
366385,0
366386,0
366387,0
366388,28
366389,0
366390,0
366391,0
366392,55
366393,30
366394,0
366395,46
366396,0
366397,37
366398,0
366399,0
366400,0
366401,0
366402,0
366403,0
366404,0
366405,0
366406,0
366407,0
366408,0
366409,0
366410,58
366411,32
366412,0
366413,32
366414,0
366415,29
366416,20
366417,0
366418,0
366419,0
366420,0
366421,0
366422,34
366423,0
366424,0
366425,30
366426,0
366427,0
366428,0
366429,29
366430,0
366431,30
366432,0
366433,0
366434,32
366435,0
366436,15
366437,0
366438,0
366439,0
366440,38
366441,0
366442,21
366443,43
366444,0
366445,0
366446,0
366447,0
366448,0
366449,0
366450,0
366451,37
366452,0
366453,0
366454,0
366455,0
366456,0
366457,0
366458,0
366459,0
366460,20
366461,25
366462,32
366463,37
366464,33
366465,0
366466,30
366467,43
366468,17
366469,15
366470,0
366471,0
366472,0
366473,28
366474,0
366475,0
366476,0
366477,0
366478,0
366479,0
366480,0
366481,0
366482,34
366483,0
366484,0
366485,0
366486,35
366487,0
366488,0
366489,0
366490,0
366491,0
366492,39
366493,0
366494,0
366495,0
366496,0
366497,0
366498,0
366499,0
366500,0
366501,0
366502,0
366503,0
366504,39
366505,30
366506,0
366507,0
366508,0
366509,28
366510,0
366511,0
366512,0
366513,0
366514,0
366515,0
366516,0
366517,0
366518,23
366519,0
366520,29
366521,0
366522,0
366523,0
366524,0
366525,0
366526,0
366527,0
366528,0
366529,41
366530,35
366531,0
366532,0
366533,34
366534,24
366535,0
366536,0
366537,0
366538,0
366539,0
366540,0
366541,0
366542,0
366543,0
366544,23
366545,0
366546,28
366547,0
366548,0
366549,0
366550,0
366551,0
366552,0
366553,0
366554,0
366555,42
366556,0
366557,33
366558,0
366559,0
366560,0
366561,0
366562,0
366563,0
366564,36
366565,0
366566,19
366567,0
366568,0
366569,0
366570,0
366571,20
366572,15
366573,0
366574,0
366575,0
366576,0
366577,0
366578,0
366579,38
366580,0
366581,0
366582,0
366583,0
366584,0
366585,0
366586,24
366587,21
366588,27
366589,0
366590,0
366591,0
366592,0
366593,0
366594,27
366595,0
366596,20
366597,33
366598,0
366599,0
366600,0
366601,0
366602,0
366603,0
366604,0
366605,0
366606,0
366607,0
366608,0
366609,0
366610,0
366611,0
366612,22
366613,0
366614,0
366615,0
366616,0
366617,0
366618,47
366619,0
366620,0
366621,0
366622,26
366623,0
366624,37
366625,45
366626,29
366627,0
366628,0
366629,0
366630,34
366631,0
366632,27
366633,0
366634,0
366635,28
366636,0
366637,0
366638,0
366639,0
366640,0
366641,0
366642,0
366643,39
366644,0
366645,0
366646,30
366647,0
366648,33
366649,0
366650,31
366651,0
366652,0
366653,17
366654,0
366655,0
366656,19
366657,25
366658,0
366659,0
366660,30
366661,0
366662,0
366663,26
366664,0
366665,0
366666,0
366667,0
366668,0
366669,0
366670,29
366671,0
366672,22
366673,25
366674,0
366675,0
366676,21
366677,0
366678,0
366679,0
366680,34
366681,0
366682,0
366683,0
366684,0
366685,31
366686,27
366687,0
366688,0
366689,0
366690,0
366691,27
366692,0
366693,0
366694,0
366695,0
366696,0
366697,0
366698,0
366699,0
366700,31
366701,0
366702,0
366703,35
366704,0
366705,0
366706,28
366707,22
366708,0
366709,38
366710,0
366711,26
366712,0
366713,0
366714,31
366715,26
366716,0
366717,0
366718,0
366719,0
366720,0
366721,0
366722,35
366723,0
366724,28
366725,0
366726,0
366727,19
366728,0
366729,0
366730,50
366731,17
366732,0
366733,0
366734,0
366735,0
366736,18
366737,0
366738,0
366739,0
366740,0
366741,20
366742,26
366743,12
366744,0
366745,0
366746,0
366747,27
366748,11
366749,0
366750,0
366751,0
366752,0
366753,0
366754,0
366755,0
366756,28
366757,0
366758,0
366759,0
366760,0
366761,0
366762,0
366763,0
366764,0
366765,23
366766,0
366767,36
366768,0
366769,0
366770,0
366771,33
366772,33
366773,0
366774,29
366775,0
366776,0
366777,0
366778,0
366779,0
366780,34
366781,0
366782,0
366783,0
366784,0
366785,0
366786,0
366787,0
366788,0
366789,0
366790,0
366791,25
366792,0
366793,31
366794,0
366795,25
366796,0
366797,0
366798,0
366799,18
366800,27
366801,0
366802,0
366803,0
366804,0
366805,0
366806,0
366807,0
366808,0
366809,0
366810,0
366811,0
366812,0
366813,28
366814,0
366815,27
366816,0
366817,31
366818,0
366819,0
366820,0
366821,0
366822,46
366823,0
366824,0
366825,0
366826,0
366827,29
366828,0
366829,0
366830,0
366831,0
366832,0
366833,0
366834,0
366835,27
366836,0
366837,0
366838,0
366839,29
366840,40
366841,0
366842,30
366843,0
366844,0
366845,0
366846,0
366847,0
366848,0
366849,0
366850,0
366851,0
366852,0
366853,0
366854,0
366855,0
366856,0
366857,0
366858,0
366859,0
366860,0
366861,0
366862,0
366863,0
366864,0
366865,0
366866,0
366867,0
366868,0
366869,36
366870,35
366871,0
366872,0
366873,0
366874,0
366875,0
366876,0
366877,0
366878,0
366879,28
366880,31
366881,0
366882,0
366883,23
366884,0
366885,0
366886,0
366887,30
366888,0
366889,22
366890,25
366891,0
366892,0
366893,43
366894,0
366895,0
366896,0
366897,0
366898,0
366899,0
366900,31
366901,0
366902,0
366903,0
366904,0
366905,0
366906,0
366907,0
366908,0
366909,0
366910,26
366911,0
366912,0
366913,0
366914,0
366915,0
366916,0
366917,0
366918,0
366919,0
366920,0
366921,27
366922,0
366923,0
366924,0
366925,0
366926,0
366927,0
366928,0
366929,0
366930,0
366931,0
366932,0
366933,0
366934,40
366935,0
366936,0
366937,0
366938,0
366939,20
366940,0
366941,0
366942,0
366943,0
366944,41
366945,0
366946,0
366947,0
366948,0
366949,0
366950,0
366951,0
366952,0
366953,0
366954,44
366955,0
366956,0
366957,41
366958,0
366959,0
366960,0
366961,0
366962,0
366963,30
366964,0
366965,0
366966,0
366967,51
366968,0
366969,0
366970,0
366971,42
366972,33
366973,0
366974,37
366975,0
366976,0
366977,0
366978,12
366979,0
366980,0
366981,0
366982,0
366983,0
366984,0
366985,0
366986,0
366987,0
366988,28
366989,0
366990,25
366991,0
366992,0
366993,0
366994,0
366995,0
366996,0
366997,0
366998,0
366999,0
367000,28
367001,0
367002,0
367003,0
367004,35
367005,18
367006,49
367007,0
367008,0
367009,0
367010,0
367011,25
367012,0
367013,0
367014,24
367015,0
367016,0
367017,0
367018,0
367019,0
367020,0
367021,29
367022,30
367023,0
367024,32
367025,39
367026,40
367027,30
367028,0
367029,0
367030,0
367031,35
367032,25
367033,0
367034,0
367035,0
367036,0
367037,0
367038,38
367039,0
367040,0
367041,0
367042,0
367043,46
367044,31
367045,29
367046,0
367047,15
367048,0
367049,0
367050,0
367051,0
367052,0
367053,0
367054,0
367055,27
367056,0
367057,29
367058,0
367059,0
367060,0
367061,21
367062,0
367063,0
367064,0
367065,0
367066,0
367067,0
367068,29
367069,0
367070,0
367071,0
367072,0
367073,23
367074,0
367075,0
367076,0
367077,26
367078,0
367079,0
367080,26
367081,17
367082,9
367083,0
367084,0
367085,30
367086,0
367087,0
367088,0
367089,0
367090,0
367091,0
367092,4
367093,0
367094,17
367095,14
367096,0
367097,0
367098,35
367099,19
367100,0
367101,0
367102,0
367103,0
367104,0
367105,0
367106,14
367107,0
367108,0
367109,0
367110,0
367111,0
367112,0
367113,0
367114,0
367115,0
367116,0
367117,0
367118,0
367119,0
367120,29
367121,0
367122,0
367123,0
367124,0
367125,0
367126,0
367127,24
367128,0
367129,0
367130,13
367131,0
367132,0
367133,0
367134,0
367135,16
367136,17
367137,0
367138,0
367139,0
367140,0
367141,21
367142,34
367143,18
367144,0
367145,0
367146,0
367147,0
367148,0
367149,27
367150,36
367151,0
367152,17
367153,0
367154,0
367155,20
367156,0
367157,0
367158,40
367159,0
367160,0
367161,0
367162,0
367163,0
367164,0
367165,0
367166,0
367167,0
367168,22
367169,0
367170,0
367171,0
367172,0
367173,0
367174,0
367175,0
367176,0
367177,14
367178,0
367179,0
367180,0
367181,0
367182,0
367183,0
367184,27
367185,27
367186,15
367187,0
367188,0
367189,0
367190,0
367191,0
367192,0
367193,0
367194,0
367195,12
367196,0
367197,0
367198,0
367199,0
367200,0
367201,0
367202,0
367203,0
367204,0
367205,0
367206,20
367207,0
367208,0
367209,29
367210,0
367211,0
367212,0
367213,0
367214,0
367215,0
367216,0
367217,37
367218,0
367219,22
367220,0
367221,0
367222,0
367223,36
367224,0
367225,24
367226,0
367227,28
367228,23
367229,0
367230,20
367231,0
367232,0
367233,0
367234,0
367235,0
367236,0
367237,0
367238,35
367239,0
367240,37
367241,0
367242,0
367243,0
367244,28
367245,0
367246,0
367247,19
367248,0
367249,0
367250,26
367251,0
367252,0
367253,0
367254,0
367255,0
367256,0
367257,23
367258,0
367259,0
367260,0
367261,0
367262,0
367263,0
367264,13
367265,0
367266,0
367267,0
367268,0
367269,23
367270,0
367271,0
367272,0
367273,23
367274,0
367275,0
367276,0
367277,34
367278,0
367279,0
367280,0
367281,0
367282,0
367283,0
367284,0
367285,26
367286,0
367287,0
367288,29
367289,16
367290,0
367291,22
367292,0
367293,0
367294,0
367295,0
367296,0
367297,0
367298,0
367299,15
367300,0
367301,0
367302,0
367303,0
367304,21
367305,0
367306,0
367307,0
367308,0
367309,6
367310,14
367311,0
367312,0
367313,0
367314,32
367315,0
367316,0
367317,0
367318,0
367319,0
367320,0
367321,0
367322,26
367323,0
367324,22
367325,0
367326,10
367327,0
367328,0
367329,24
367330,0
367331,14
367332,24
367333,34
367334,0
367335,0
367336,24
367337,0
367338,0
367339,0
367340,0
367341,0
367342,28
367343,0
367344,21
367345,0
367346,0
367347,0
367348,0
367349,0
367350,17
367351,0
367352,0
367353,0
367354,0
367355,0
367356,0
367357,0
367358,0
367359,0
367360,0
367361,0
367362,0
367363,0
367364,22
367365,7
367366,0
367367,0
367368,0
367369,0
367370,9
367371,20
367372,0
367373,0
367374,29
367375,0
367376,0
367377,0
367378,0
367379,37
367380,0
367381,0
367382,0
367383,14
367384,0
367385,0
367386,0
367387,0
367388,18
367389,0
367390,20
367391,23
367392,23
367393,0
367394,24
367395,0
367396,17
367397,0
367398,0
367399,0
367400,20
367401,0
367402,0
367403,25
367404,0
367405,0
367406,14
367407,0
367408,0
367409,0
367410,10
367411,0
367412,43
367413,0
367414,0
367415,0
367416,22
367417,32
367418,0
367419,0
367420,0
367421,0
367422,0
367423,21
367424,27
367425,0
367426,0
367427,0
367428,0
367429,0
367430,23
367431,0
367432,0
367433,27
367434,0
367435,0
367436,0
367437,0
367438,0
367439,0
367440,32
367441,21
367442,35
367443,0
367444,24
367445,11
367446,0
367447,30
367448,0
367449,0
367450,30
367451,0
367452,0
367453,0
367454,0
367455,0
367456,0
367457,26
367458,38
367459,24
367460,0
367461,35
367462,0
367463,0
367464,0
367465,34
367466,0
367467,25
367468,0
367469,0
367470,0
367471,0
367472,11
367473,0
367474,0
367475,0
367476,23
367477,0
367478,0
367479,0
367480,0
367481,0
367482,0
367483,30
367484,0
367485,0
367486,17
367487,24
367488,0
367489,35
367490,0
367491,0
367492,21
367493,0
367494,17
367495,14
367496,0
367497,0
367498,23
367499,20
367500,27
367501,0
367502,0
367503,15
367504,0
367505,0
367506,16
367507,0
367508,29
367509,0
367510,0
367511,31
367512,0
367513,0
367514,28
367515,0
367516,0
367517,0
367518,0
367519,0
367520,0
367521,0
367522,0
367523,0
367524,0
367525,28
367526,14
367527,21
367528,0
367529,0
367530,0
367531,0
367532,0
367533,22
367534,0
367535,0
367536,19
367537,0
367538,0
367539,0
367540,18
367541,0
367542,18
367543,0
367544,0
367545,0
367546,26
367547,0
367548,27
367549,0
367550,0
367551,30
367552,0
367553,30
367554,26
367555,0
367556,0
367557,0
367558,0
367559,26
367560,16
367561,20
367562,0
367563,0
367564,0
367565,0
367566,0
367567,17
367568,0
367569,0
367570,0
367571,0
367572,0
367573,0
367574,0
367575,0
367576,0
367577,0
367578,0
367579,2
367580,0
367581,0
367582,0
367583,0
367584,0
367585,0
367586,0
367587,1
367588,0
367589,0
367590,0
367591,0
367592,0
367593,0
367594,0
367595,0
367596,0
367597,0
367598,0
367599,0
367600,0
367601,0
367602,3
367603,0
367604,0
367605,0
367606,0
367607,0
367608,3
367609,0
367610,0
367611,0
367612,4
367613,0
367614,0
367615,0
367616,0
367617,0
367618,3
367619,0
367620,0
367621,0
367622,0
367623,0
367624,0
367625,0
367626,0
367627,0
367628,0
367629,0
367630,0
367631,0
367632,0
367633,0
367634,0
367635,0
367636,0
367637,0
367638,0
367639,0
367640,0
367641,0
367642,0
367643,0
367644,0
367645,0
367646,0
367647,0
367648,0
367649,0
367650,0
367651,0
367652,0
367653,0
367654,1
367655,0
367656,0
367657,2
367658,0
367659,0
367660,1
367661,0
367662,0
367663,0
367664,0
367665,0
367666,0
367667,0
367668,1
367669,0
367670,0
367671,0
367672,0
367673,0
367674,0
367675,0
367676,0
367677,1
367678,0
367679,0
367680,0
367681,0
367682,0
367683,0
367684,0
367685,0
367686,0
367687,0
367688,0
367689,0
367690,0
367691,1
367692,0
367693,2
367694,1
367695,0
367696,0
367697,0
367698,0
367699,0
367700,0
367701,0
367702,0
367703,2
367704,0
367705,0
367706,1
367707,0
367708,0
367709,0
367710,0
367711,0
367712,0
367713,0
367714,0
367715,0
367716,0
367717,0
367718,0
367719,0
367720,0
367721,0
367722,0
367723,0
367724,0
367725,0
367726,0
367727,0
367728,1
367729,0
367730,1
367731,0
367732,1
367733,0
367734,0
367735,0
367736,0
367737,0
367738,0
367739,0
367740,0
367741,0
367742,0
367743,0
367744,0
367745,0
367746,0
367747,0
367748,0
367749,0
367750,0
367751,0
367752,0
367753,0
367754,0
367755,1
367756,1
367757,0
367758,0
367759,0
367760,0
367761,0
367762,0
367763,0
367764,0
367765,0
367766,1
367767,0
367768,4
367769,0
367770,0
367771,0
367772,1
367773,0
367774,0
367775,0
367776,0
367777,2
367778,0
367779,0
367780,0
367781,1
367782,0
367783,0
367784,0
367785,0
367786,0
367787,0
367788,0
367789,0
367790,0
367791,0
367792,0
367793,0
367794,0
367795,2
367796,0
367797,0
367798,0
367799,1
367800,0
367801,0
367802,0
367803,0
367804,0
367805,2
367806,0
367807,0
367808,0
367809,0
367810,0
367811,0
367812,0
367813,0
367814,0
367815,0
367816,0
367817,0
367818,0
367819,0
367820,0
367821,0
367822,0
367823,1
367824,0
367825,0
367826,0
367827,0
367828,0
367829,0
367830,0
367831,0
367832,0
367833,0
367834,0
367835,0
367836,0
367837,0
367838,0
367839,1
367840,0
367841,0
367842,0
367843,0
367844,0
367845,0
367846,0
367847,0
367848,0
367849,0
367850,1
367851,0
367852,0
367853,0
367854,0
367855,0
367856,0
367857,0
367858,1
367859,0
367860,0
367861,0
367862,0
367863,0
367864,0
367865,0
367866,0
367867,1
367868,0
367869,0
367870,0
367871,0
367872,0
367873,2
367874,0
367875,0
367876,0
367877,0
367878,0
367879,0
367880,0
367881,0
367882,2
367883,2
367884,0
367885,0
367886,0
367887,0
367888,0
367889,0
367890,0
367891,0
367892,0
367893,0
367894,0
367895,0
367896,0
367897,0
367898,0
367899,0
367900,0
367901,0
367902,0
367903,0
367904,0
367905,0
367906,0
367907,0
367908,0
367909,0
367910,0
367911,0
367912,0
367913,0
367914,0
367915,0
367916,0
367917,0
367918,1
367919,1
367920,0
367921,0
367922,0
367923,0
367924,0
367925,0
367926,0
367927,0
367928,0
367929,0
367930,0
367931,0
367932,0
367933,0
367934,0
367935,0
367936,0
367937,0
367938,0
367939,0
367940,0
367941,0
367942,0
367943,0
367944,0
367945,1
367946,0
367947,0
367948,0
367949,0
367950,0
367951,0
367952,0
367953,0
367954,0
367955,0
367956,0
367957,0
367958,0
367959,0
367960,0
367961,0
367962,0
367963,0
367964,0
367965,0
367966,0
367967,0
367968,2
367969,2
367970,0
367971,0
367972,0
367973,0
367974,0
367975,0
367976,2
367977,2
367978,0
367979,0
367980,1
367981,0
367982,1
367983,0
367984,0
367985,0
367986,0
367987,0
367988,2
367989,0
367990,0
367991,0
367992,0
367993,0
367994,0
367995,3
367996,3
367997,0
367998,0
367999,0
368000,0
368001,0
368002,1
368003,0
368004,0
368005,1
368006,0
368007,3
368008,0
368009,0
368010,0
368011,0
368012,0
368013,0
368014,1
368015,0
368016,0
368017,1
368018,0
368019,0
368020,0
368021,1
368022,3
368023,0
368024,0
368025,0
368026,0
368027,0
368028,0
368029,1
368030,0
368031,0
368032,0
368033,0
368034,0
368035,0
368036,0
368037,2
368038,0
368039,0
368040,0
368041,0
368042,0
368043,0
368044,0
368045,0
368046,0
368047,0
368048,0
368049,0
368050,1
368051,0
368052,0
368053,0
368054,0
368055,1
368056,0
368057,0
368058,0
368059,4
368060,0
368061,0
368062,0
368063,0
368064,2
368065,0
368066,0
368067,0
368068,0
368069,0
368070,0
368071,1
368072,0
368073,0
368074,0
368075,0
368076,0
368077,0
368078,0
368079,0
368080,0
368081,0
368082,0
368083,0
368084,0
368085,0
368086,0
368087,0
368088,1
368089,0
368090,0
368091,0
368092,0
368093,0
368094,0
368095,0
368096,0
368097,0
368098,0
368099,0
368100,0
368101,0
368102,0
368103,0
368104,0
368105,0
368106,0
368107,2
368108,0
368109,0
368110,0
368111,0
368112,0
368113,0
368114,0
368115,0
368116,0
368117,0
368118,0
368119,1
368120,0
368121,0
368122,2
368123,0
368124,0
368125,2
368126,0
368127,1
368128,0
368129,0
368130,0
368131,0
368132,1
368133,2
368134,0
368135,0
368136,1
368137,0
368138,0
368139,0
368140,0
368141,1
368142,0
368143,0
368144,0
368145,3
368146,0
368147,0
368148,1
368149,1
368150,0
368151,5
368152,0
368153,1
368154,0
368155,0
368156,0
368157,0
368158,0
368159,0
368160,0
368161,0
368162,0
368163,0
368164,0
368165,0
368166,0
368167,0
368168,1
368169,0
368170,0
368171,0
368172,0
368173,0
368174,0
368175,0
368176,0
368177,0
368178,0
368179,0
368180,0
368181,0
368182,0
368183,0
368184,0
368185,0
368186,0
368187,2
368188,0
368189,0
368190,0
368191,0
368192,0
368193,2
368194,0
368195,0
368196,1
368197,0
368198,3
368199,0
368200,0
368201,0
368202,0
368203,1
368204,0
368205,0
368206,0
368207,0
368208,0
368209,0
368210,0
368211,0
368212,3
368213,0
368214,0
368215,0
368216,0
368217,0
368218,0
368219,0
368220,0
368221,0
368222,0
368223,0
368224,0
368225,1
368226,0
368227,0
368228,1
368229,0
368230,0
368231,0
368232,0
368233,0
368234,0
368235,0
368236,0
368237,5
368238,1
368239,0
368240,0
368241,0
368242,0
368243,0
368244,0
368245,0
368246,0
368247,0
368248,0
368249,0
368250,0
368251,0
368252,0
368253,0
368254,0
368255,0
368256,2
368257,0
368258,0
368259,0
368260,0
368261,0
368262,1
368263,0
368264,0
368265,0
368266,0
368267,0
368268,0
368269,0
368270,0
368271,0
368272,0
368273,0
368274,0
368275,2
368276,0
368277,1
368278,2
368279,0
368280,0
368281,1
368282,0
368283,0
368284,0
368285,0
368286,0
368287,0
368288,0
368289,0
368290,1
368291,0
368292,0
368293,0
368294,0
368295,0
368296,0
368297,0
368298,0
368299,0
368300,0
368301,0
368302,0
368303,0
368304,0
368305,0
368306,0
368307,0
368308,0
368309,0
368310,0
368311,0
368312,0
368313,0
368314,0
368315,0
368316,1
368317,0
368318,0
368319,0
368320,0
368321,2
368322,0
368323,0
368324,0
368325,0
368326,0
368327,0
368328,0
368329,0
368330,0
368331,0
368332,0
368333,0
368334,0
368335,0
368336,0
368337,0
368338,0
368339,1
368340,0
368341,0
368342,0
368343,0
368344,0
368345,0
368346,0
368347,0
368348,0
368349,0
368350,0
368351,0
368352,0
368353,0
368354,0
368355,3
368356,0
368357,0
368358,0
368359,0
368360,0
368361,0
368362,1
368363,0
368364,2
368365,1
368366,0
368367,2
368368,0
368369,0
368370,0
368371,0
368372,0
368373,0
368374,1
368375,0
368376,0
368377,0
368378,0
368379,0
368380,0
368381,0
368382,0
368383,0
368384,0
368385,0
368386,0
368387,1
368388,0
368389,0
368390,0
368391,0
368392,0
368393,0
368394,0
368395,0
368396,1
368397,0
368398,0
368399,3
368400,1
368401,0
368402,0
368403,0
368404,0
368405,0
368406,0
368407,0
368408,0
368409,0
368410,0
368411,3
368412,0
368413,0
368414,0
368415,0
368416,0
368417,2
368418,0
368419,0
368420,0
368421,0
368422,0
368423,0
368424,0
368425,3
368426,0
368427,0
368428,0
368429,0
368430,0
368431,0
368432,0
368433,0
368434,0
368435,0
368436,0
368437,1
368438,0
368439,0
368440,1
368441,0
368442,0
368443,0
368444,0
368445,2
368446,0
368447,0
368448,0
368449,0
368450,0
368451,0
368452,0
368453,0
368454,0
368455,0
368456,0
368457,0
368458,0
368459,0
368460,0
368461,1
368462,0
368463,0
368464,0
368465,1
368466,0
368467,0
368468,0
368469,0
368470,0
368471,0
368472,0
368473,0
368474,0
368475,0
368476,0
368477,0
368478,0
368479,0
368480,0
368481,0
368482,0
368483,0
368484,0
368485,0
368486,0
368487,0
368488,0
368489,0
368490,0
368491,0
368492,0
368493,0
368494,0
368495,0
368496,0
368497,0
368498,0
368499,1
368500,39
368501,41
368502,0
368503,0
368504,56
368505,46
368506,0
368507,0
368508,0
368509,0
368510,36
368511,0
368512,0
368513,0
368514,39
368515,0
368516,0
368517,0
368518,35
368519,0
368520,0
368521,0
368522,49
368523,0
368524,44
368525,0
368526,0
368527,0
368528,0
368529,51
368530,40
368531,0
368532,0
368533,0
368534,19
368535,0
368536,40
368537,36
368538,0
368539,0
368540,0
368541,30
368542,27
368543,0
368544,0
368545,46
368546,0
368547,0
368548,35
368549,0
368550,0
368551,0
368552,0
368553,37
368554,0
368555,0
368556,0
368557,0
368558,0
368559,0
368560,36
368561,0
368562,0
368563,0
368564,0
368565,0
368566,51
368567,0
368568,0
368569,0
368570,0
368571,44
368572,0
368573,40
368574,0
368575,0
368576,0
368577,0
368578,36
368579,0
368580,0
368581,0
368582,0
368583,0
368584,42
368585,35
368586,0
368587,0
368588,0
368589,0
368590,0
368591,40
368592,0
368593,25
368594,0
368595,0
368596,0
368597,0
368598,33
368599,0
368600,0
368601,0
368602,42
368603,27
368604,0
368605,0
368606,51
368607,49
368608,0
368609,0
368610,0
368611,0
368612,53
368613,0
368614,24
368615,46
368616,0
368617,0
368618,0
368619,0
368620,22
368621,0
368622,49
368623,0
368624,0
368625,0
368626,0
368627,0
368628,0
368629,46
368630,0
368631,38
368632,0
368633,0
368634,0
368635,0
368636,0
368637,0
368638,0
368639,40
368640,0
368641,58
368642,0
368643,36
368644,51
368645,0
368646,0
368647,48
368648,0
368649,47
368650,49
368651,0
368652,0
368653,0
368654,46
368655,30
368656,0
368657,44
368658,0
368659,0
368660,0
368661,0
368662,0
368663,49
368664,0
368665,41
368666,0
368667,0
368668,32
368669,0
368670,0
368671,38
368672,47
368673,0
368674,0
368675,45
368676,0
368677,33
368678,31
368679,38
368680,39
368681,0
368682,0
368683,0
368684,0
368685,49
368686,0
368687,0
368688,49
368689,0
368690,0
368691,0
368692,0
368693,0
368694,0
368695,0
368696,0
368697,0
368698,0
368699,0
368700,26
368701,0
368702,0
368703,50
368704,52
368705,0
368706,32
368707,26
368708,43
368709,37
368710,34
368711,0
368712,0
368713,0
368714,0
368715,0
368716,41
368717,0
368718,0
368719,0
368720,45
368721,39
368722,0
368723,0
368724,48
368725,0
368726,0
368727,0
368728,34
368729,0
368730,0
368731,37
368732,0
368733,36
368734,0
368735,31
368736,49
368737,0
368738,26
368739,0
368740,0
368741,0
368742,39
368743,37
368744,0
368745,0
368746,0
368747,0
368748,45
368749,0
368750,39
368751,31
368752,0
368753,38
368754,38
368755,0
368756,0
368757,0
368758,49
368759,0
368760,39
368761,0
368762,0
368763,0
368764,0
368765,0
368766,0
368767,48
368768,0
368769,0
368770,0
368771,0
368772,0
368773,35
368774,0
368775,34
368776,0
368777,0
368778,0
368779,0
368780,0
368781,33
368782,0
368783,45
368784,0
368785,0
368786,0
368787,0
368788,0
368789,0
368790,0
368791,0
368792,0
368793,0
368794,0
368795,0
368796,0
368797,0
368798,0
368799,0
368800,50
368801,27
368802,0
368803,0
368804,0
368805,0
368806,0
368807,0
368808,43
368809,0
368810,0
368811,42
368812,0
368813,0
368814,0
368815,0
368816,0
368817,0
368818,36
368819,37
368820,0
368821,23
368822,34
368823,37
368824,0
368825,0
368826,0
368827,0
368828,34
368829,36
368830,0
368831,46
368832,0
368833,46
368834,0
368835,28
368836,0
368837,0
368838,0
368839,0
368840,35
368841,47
368842,0
368843,46
368844,40
368845,32
368846,0
368847,24
368848,0
368849,35
368850,0
368851,40
368852,34
368853,0
368854,0
368855,0
368856,0
368857,0
368858,0
368859,42
368860,0
368861,0
368862,40
368863,28
368864,55
368865,0
368866,47
368867,0
368868,52
368869,0
368870,0
368871,0
368872,43
368873,34
368874,0
368875,0
368876,0
368877,0
368878,0
368879,37
368880,0
368881,0
368882,0
368883,47
368884,40
368885,0
368886,0
368887,0
368888,0
368889,0
368890,0
368891,40
368892,0
368893,0
368894,0
368895,29
368896,0
368897,0
368898,0
368899,0
368900,0
368901,42
368902,55
368903,0
368904,0
368905,0
368906,0
368907,0
368908,33
368909,0
368910,0
368911,39
368912,0
368913,0
368914,0
368915,0
368916,38
368917,0
368918,32
368919,0
368920,0
368921,0
368922,0
368923,0
368924,0
368925,0
368926,0
368927,0
368928,0
368929,0
368930,0
368931,0
368932,22
368933,0
368934,0
368935,0
368936,0
368937,49
368938,0
368939,0
368940,0
368941,0
368942,0
368943,0
368944,0
368945,0
368946,39
368947,40
368948,0
368949,0
368950,0
368951,49
368952,44
368953,0
368954,31
368955,0
368956,0
368957,0
368958,0
368959,0
368960,0
368961,0
368962,0
368963,0
368964,0
368965,0
368966,0
368967,0
368968,44
368969,0
368970,43
368971,0
368972,31
368973,0
368974,42
368975,54
368976,0
368977,0
368978,43
368979,0
368980,0
368981,0
368982,0
368983,0
368984,0
368985,0
368986,0
368987,0
368988,0
368989,0
368990,0
368991,0
368992,0
368993,0
368994,0
368995,0
368996,0
368997,45
368998,37
368999,0
369000,0
369001,0
369002,0
369003,0
369004,0
369005,44
369006,0
369007,0
369008,0
369009,43
369010,0
369011,0
369012,0
369013,0
369014,0
369015,0
369016,0
369017,0
369018,44
369019,0
369020,0
369021,27
369022,0
369023,0
369024,0
369025,0
369026,0
369027,45
369028,0
369029,0
369030,42
369031,0
369032,0
369033,0
369034,42
369035,0
369036,0
369037,47
369038,0
369039,36
369040,0
369041,0
369042,41
369043,0
369044,0
369045,41
369046,0
369047,0
369048,0
369049,0
369050,0
369051,42
369052,40
369053,0
369054,26
369055,0
369056,37
369057,0
369058,0
369059,0
369060,0
369061,48
369062,36
369063,19
369064,0
369065,0
369066,35
369067,0
369068,45
369069,0
369070,0
369071,0
369072,0
369073,0
369074,0
369075,53
369076,0
369077,33
369078,0
369079,0
369080,0
369081,0
369082,0
369083,0
369084,0
369085,0
369086,23
369087,0
369088,0
369089,0
369090,0
369091,0
369092,0
369093,38
369094,36
369095,0
369096,0
369097,0
369098,0
369099,0
369100,0
369101,35
369102,0
369103,43
369104,0
369105,41
369106,0
369107,0
369108,39
369109,0
369110,0
369111,61
369112,0
369113,31
369114,43
369115,0
369116,0
369117,43
369118,26
369119,0
369120,40
369121,50
369122,0
369123,0
369124,0
369125,0
369126,0
369127,27
369128,34
369129,45
369130,0
369131,38
369132,0
369133,50
369134,0
369135,0
369136,0
369137,0
369138,0
369139,0
369140,30
369141,0
369142,0
369143,40
369144,39
369145,0
369146,0
369147,0
369148,0
369149,0
369150,0
369151,0
369152,0
369153,47
369154,0
369155,52
369156,0
369157,0
369158,0
369159,0
369160,0
369161,51
369162,41
369163,38
369164,0
369165,0
369166,32
369167,0
369168,0
369169,0
369170,32
369171,0
369172,0
369173,0
369174,0
369175,0
369176,45
369177,0
369178,0
369179,0
369180,0
369181,42
369182,0
369183,0
369184,0
369185,0
369186,0
369187,0
369188,0
369189,0
369190,0
369191,42
369192,0
369193,0
369194,56
369195,0
369196,0
369197,0
369198,31
369199,26
369200,0
369201,0
369202,0
369203,0
369204,42
369205,35
369206,0
369207,40
369208,0
369209,0
369210,33
369211,0
369212,0
369213,0
369214,0
369215,0
369216,0
369217,0
369218,0
369219,0
369220,0
369221,0
369222,0
369223,44
369224,37
369225,0
369226,44
369227,40
369228,0
369229,40
369230,27
369231,47
369232,0
369233,0
369234,0
369235,42
369236,31
369237,57
369238,0
369239,0
369240,0
369241,0
369242,0
369243,28
369244,0
369245,0
369246,33
369247,45
369248,0
369249,41
369250,0
369251,0
369252,0
369253,0
369254,0
369255,0
369256,40
369257,34
369258,50
369259,0
369260,0
369261,0
369262,0
369263,0
369264,0
369265,0
369266,0
369267,0
369268,53
369269,50
369270,0
369271,0
369272,36
369273,30
369274,0
369275,48
369276,0
369277,0
369278,0
369279,0
369280,0
369281,35
369282,0
369283,0
369284,0
369285,0
369286,0
369287,0
369288,29
369289,51
369290,0
369291,0
369292,0
369293,47
369294,0
369295,0
369296,0
369297,43
369298,0
369299,0
369300,0
369301,0
369302,0
369303,0
369304,0
369305,0
369306,0
369307,0
369308,0
369309,0
369310,0
369311,0
369312,0
369313,0
369314,0
369315,0
369316,0
369317,0
369318,28
369319,42
369320,33
369321,0
369322,0
369323,0
369324,0
369325,0
369326,0
369327,0
369328,0
369329,0
369330,23
369331,0
369332,0
369333,0
369334,0
369335,0
369336,0
369337,0
369338,0
369339,0
369340,0
369341,0
369342,0
369343,0
369344,39
369345,28
369346,0
369347,43
369348,0
369349,0
369350,0
369351,38
369352,0
369353,0
369354,0
369355,0
369356,34
369357,0
369358,48
369359,44
369360,0
369361,0
369362,0
369363,0
369364,50
369365,0
369366,0
369367,31
369368,42
369369,42
369370,43
369371,0
369372,0
369373,38
369374,0
369375,0
369376,0
369377,54
369378,0
369379,0
369380,0
369381,0
369382,42
369383,0
369384,33
369385,0
369386,0
369387,0
369388,0
369389,0
369390,23
369391,0
369392,0
369393,41
369394,0
369395,0
369396,0
369397,0
369398,0
369399,0
369400,25
369401,0
369402,0
369403,0
369404,0
369405,0
369406,0
369407,0
369408,0
369409,0
369410,30
369411,48
369412,0
369413,0
369414,45
369415,0
369416,0
369417,0
369418,0
369419,0
369420,41
369421,37
369422,0
369423,30
369424,0
369425,0
369426,0
369427,0
369428,0
369429,0
369430,0
369431,0
369432,31
369433,0
369434,0
369435,0
369436,0
369437,0
369438,38
369439,0
369440,0
369441,0
369442,0
369443,0
369444,0
369445,0
369446,0
369447,0
369448,0
369449,0
369450,0
369451,0
369452,0
369453,0
369454,44
369455,0
369456,0
369457,0
369458,38
369459,0
369460,0
369461,28
369462,0
369463,29
369464,0
369465,0
369466,55
369467,0
369468,0
369469,0
369470,34
369471,32
369472,54
369473,0
369474,40
369475,0
369476,33
369477,28
369478,0
369479,0
369480,0
369481,0
369482,0
369483,18
369484,0
369485,0
369486,0
369487,23
369488,0
369489,34
369490,33
369491,0
369492,0
369493,0
369494,0
369495,0
369496,0
369497,0
369498,52
369499,47
369500,36
369501,0
369502,0
369503,34
369504,0
369505,48
369506,0
369507,40
369508,0
369509,0
369510,0
369511,0
369512,0
369513,0
369514,0
369515,0
369516,32
369517,0
369518,39
369519,0
369520,0
369521,0
369522,0
369523,30
369524,0
369525,0
369526,25
369527,0
369528,0
369529,0
369530,34
369531,0
369532,28
369533,0
369534,0
369535,0
369536,0
369537,0
369538,0
369539,0
369540,0
369541,0
369542,0
369543,0
369544,0
369545,0
369546,0
369547,59
369548,46
369549,0
369550,37
369551,0
369552,0
369553,0
369554,51
369555,35
369556,0
369557,0
369558,0
369559,0
369560,31
369561,28
369562,0
369563,0
369564,0
369565,0
369566,0
369567,0
369568,0
369569,38
369570,29
369571,0
369572,38
369573,0
369574,0
369575,20
369576,0
369577,0
369578,0
369579,0
369580,30
369581,0
369582,0
369583,0
369584,0
369585,0
369586,32
369587,0
369588,0
369589,0
369590,33
369591,0
369592,0
369593,0
369594,0
369595,36
369596,0
369597,29
369598,0
369599,32
369600,0
369601,45
369602,47
369603,0
369604,55
369605,0
369606,0
369607,0
369608,37
369609,0
369610,0
369611,0
369612,28
369613,0
369614,0
369615,0
369616,31
369617,0
369618,0
369619,0
369620,0
369621,0
369622,0
369623,0
369624,47
369625,0
369626,0
369627,43
369628,0
369629,0
369630,0
369631,0
369632,0
369633,0
369634,0
369635,30
369636,0
369637,0
369638,0
369639,0
369640,34
369641,0
369642,0
369643,0
369644,0
369645,0
369646,0
369647,0
369648,0
369649,0
369650,0
369651,0
369652,0
369653,0
369654,0
369655,0
369656,0
369657,0
369658,0
369659,0
369660,0
369661,0
369662,40
369663,33
369664,0
369665,42
369666,0
369667,37
369668,0
369669,0
369670,0
369671,0
369672,55
369673,0
369674,0
369675,35
369676,0
369677,0
369678,0
369679,40
369680,0
369681,0
369682,0
369683,0
369684,0
369685,0
369686,15
369687,0
369688,12
369689,0
369690,49
369691,0
369692,0
369693,44
369694,24
369695,0
369696,35
369697,0
369698,50
369699,47
369700,0
369701,60
369702,31
369703,0
369704,22
369705,46
369706,0
369707,0
369708,0
369709,0
369710,0
369711,0
369712,0
369713,0
369714,0
369715,0
369716,0
369717,0
369718,0
369719,0
369720,0
369721,0
369722,31
369723,34
369724,37
369725,0
369726,0
369727,0
369728,40
369729,34
369730,0
369731,0
369732,0
369733,0
369734,19
369735,0
369736,0
369737,0
369738,31
369739,22
369740,0
369741,38
369742,0
369743,0
369744,0
369745,0
369746,0
369747,40
369748,0
369749,0
369750,0
369751,0
369752,0
369753,0
369754,0
369755,0
369756,0
369757,38
369758,0
369759,0
369760,0
369761,0
369762,0
369763,0
369764,0
369765,0
369766,41
369767,0
369768,37
369769,0
369770,0
369771,0
369772,42
369773,0
369774,0
369775,44
369776,0
369777,45
369778,0
369779,0
369780,49
369781,0
369782,0
369783,0
369784,40
369785,0
369786,0
369787,0
369788,0
369789,38
369790,0
369791,0
369792,0
369793,0
369794,35
369795,0
369796,0
369797,44
369798,0
369799,0
369800,0
369801,45
369802,44
369803,0
369804,28
369805,0
369806,39
369807,27
369808,0
369809,0
369810,0
369811,33
369812,0
369813,0
369814,0
369815,0
369816,39
369817,0
369818,0
369819,39
369820,0
369821,26
369822,0
369823,0
369824,0
369825,0
369826,45
369827,0
369828,39
369829,0
369830,0
369831,29
369832,24
369833,0
369834,0
369835,0
369836,0
369837,0
369838,43
369839,0
369840,0
369841,0
369842,0
369843,0
369844,27
369845,0
369846,0
369847,0
369848,0
369849,0
369850,0
369851,0
369852,0
369853,0
369854,0
369855,0
369856,0
369857,0
369858,0
369859,0
369860,38
369861,0
369862,50
369863,0
369864,31
369865,43
369866,0
369867,0
369868,0
369869,0
369870,0
369871,0
369872,46
369873,0
369874,0
369875,0
369876,0
369877,0
369878,0
369879,38
369880,41
369881,0
369882,34
369883,33
369884,0
369885,39
369886,37
369887,0
369888,44
369889,0
369890,0
369891,0
369892,16
369893,29
369894,0
369895,0
369896,19
369897,0
369898,30
369899,27
369900,0
369901,0
369902,0
369903,0
369904,0
369905,43
369906,0
369907,0
369908,0
369909,33
369910,0
369911,0
369912,0
369913,0
369914,0
369915,0
369916,43
369917,0
369918,0
369919,0
369920,29
369921,0
369922,39
369923,0
369924,0
369925,0
369926,0
369927,0
369928,0
369929,0
369930,0
369931,0
369932,37
369933,0
369934,0
369935,0
369936,0
369937,22
369938,45
369939,0
369940,0
369941,0
369942,0
369943,0
369944,0
369945,0
369946,0
369947,0
369948,0
369949,32
369950,0
369951,0
369952,0
369953,0
369954,0
369955,0
369956,31
369957,0
369958,23
369959,0
369960,0
369961,42
369962,0
369963,0
369964,0
369965,0
369966,0
369967,0
369968,0
369969,35
369970,0
369971,35
369972,0
369973,0
369974,0
369975,0
369976,0
369977,0
369978,0
369979,0
369980,0
369981,0
369982,0
369983,27
369984,0
369985,0
369986,0
369987,0
369988,0
369989,0
369990,0
369991,0
369992,0
369993,0
369994,0
369995,0
369996,0
369997,27
369998,35
369999,0
370000,0
370001,0
370002,44
370003,0
370004,0
370005,0
370006,0
370007,0
370008,0
370009,0
370010,0
370011,0
370012,0
370013,0
370014,0
370015,0
370016,0
370017,0
370018,0
370019,57
370020,0
370021,0
370022,0
370023,22
370024,0
370025,0
370026,36
370027,0
370028,0
370029,45
370030,0
370031,0
370032,0
370033,0
370034,0
370035,0
370036,0
370037,0
370038,0
370039,0
370040,30
370041,0
370042,0
370043,0
370044,0
370045,0
370046,50
370047,0
370048,53
370049,0
370050,0
370051,0
370052,0
370053,0
370054,0
370055,0
370056,32
370057,0
370058,27
370059,0
370060,41
370061,0
370062,0
370063,0
370064,0
370065,0
370066,45
370067,40
370068,0
370069,0
370070,0
370071,39
370072,0
370073,0
370074,49
370075,0
370076,0
370077,0
370078,0
370079,0
370080,0
370081,0
370082,0
370083,37
370084,0
370085,0
370086,0
370087,36
370088,29
370089,29
370090,0
370091,0
370092,0
370093,0
370094,0
370095,0
370096,0
370097,0
370098,0
370099,0
370100,0
370101,0
370102,0
370103,33
370104,0
370105,0
370106,0
370107,0
370108,0
370109,0
370110,0
370111,0
370112,0
370113,0
370114,0
370115,0
370116,0
370117,0
370118,0
370119,0
370120,0
370121,0
370122,33
370123,0
370124,0
370125,0
370126,0
370127,0
370128,42
370129,44
370130,0
370131,0
370132,0
370133,55
370134,0
370135,0
370136,0
370137,0
370138,27
370139,0
370140,0
370141,0
370142,25
370143,0
370144,0
370145,0
370146,0
370147,0
370148,48
370149,24
370150,28
370151,0
370152,0
370153,0
370154,0
370155,34
370156,21
370157,0
370158,0
370159,43
370160,43
370161,44
370162,0
370163,0
370164,23
370165,0
370166,0
370167,47
370168,37
370169,0
370170,0
370171,0
370172,0
370173,0
370174,0
370175,0
370176,0
370177,0
370178,11
370179,0
370180,18
370181,0
370182,0
370183,0
370184,8
370185,20
370186,0
370187,8
370188,0
370189,0
370190,15
370191,0
370192,0
370193,0
370194,0
370195,0
370196,0
370197,0
370198,0
370199,16
370200,0
370201,0
370202,0
370203,0
370204,0
370205,10
370206,0
370207,0
370208,0
370209,0
370210,17
370211,0
370212,0
370213,0
370214,0
370215,0
370216,0
370217,8
370218,31
370219,0
370220,0
370221,0
370222,0
370223,0
370224,13
370225,0
370226,0
370227,0
370228,0
370229,0
370230,0
370231,0
370232,0
370233,0
370234,0
370235,0
370236,0
370237,0
370238,0
370239,0
370240,0
370241,0
370242,0
370243,17
370244,0
370245,0
370246,0
370247,0
370248,0
370249,0
370250,0
370251,0
370252,0
370253,0
370254,0
370255,11
370256,0
370257,0
370258,0
370259,0
370260,0
370261,0
370262,0
370263,0
370264,14
370265,0
370266,0
370267,0
370268,0
370269,6
370270,0
370271,42
370272,0
370273,0
370274,0
370275,0
370276,0
370277,0
370278,0
370279,18
370280,0
370281,0
370282,0
370283,0
370284,0
370285,0
370286,0
370287,0
370288,0
370289,0
370290,0
370291,0
370292,0
370293,0
370294,0
370295,3
370296,0
370297,0
370298,0
370299,0
370300,0
370301,0
370302,0
370303,0
370304,0
370305,15
370306,11
370307,0
370308,0
370309,0
370310,0
370311,0
370312,0
370313,17
370314,0
370315,0
370316,0
370317,0
370318,0
370319,0
370320,0
370321,0
370322,0
370323,34
370324,19
370325,0
370326,0
370327,0
370328,0
370329,0
370330,0
370331,0
370332,0
370333,0
370334,0
370335,0
370336,0
370337,0
370338,0
370339,0
370340,0
370341,22
370342,0
370343,0
370344,0
370345,0
370346,0
370347,0
370348,0
370349,0
370350,0
370351,0
370352,0
370353,22
370354,0
370355,27
370356,0
370357,0
370358,18
370359,0
370360,0
370361,0
370362,0
370363,0
370364,0
370365,0
370366,0
370367,0
370368,0
370369,0
370370,15
370371,22
370372,0
370373,0
370374,12
370375,9
370376,14
370377,0
370378,0
370379,0
370380,0
370381,0
370382,0
370383,11
370384,25
370385,0
370386,0
370387,0
370388,0
370389,0
370390,20
370391,0
370392,13
370393,0
370394,4
370395,0
370396,0
370397,0
370398,8
370399,0
370400,0
370401,0
370402,0
370403,0
370404,0
370405,0
370406,11
370407,0
370408,0
370409,0
370410,0
370411,0
370412,39
370413,0
370414,0
370415,0
370416,0
370417,31
370418,0
370419,0
370420,11
370421,0
370422,14
370423,0
370424,0
370425,0
370426,0
370427,0
370428,0
370429,0
370430,0
370431,0
370432,10
370433,0
370434,0
370435,0
370436,0
370437,15
370438,0
370439,0
370440,0
370441,0
370442,0
370443,13
370444,0
370445,0
370446,0
370447,0
370448,0
370449,0
370450,0
370451,0
370452,0
370453,0
370454,0
370455,0
370456,0
370457,8
370458,14
370459,17
370460,0
370461,11
370462,23
370463,0
370464,0
370465,0
370466,0
370467,0
370468,0
370469,0
370470,18
370471,0
370472,0
370473,11
370474,0
370475,0
370476,0
370477,0
370478,11
370479,0
370480,0
370481,10
370482,0
370483,0
370484,15
370485,0
370486,0
370487,0
370488,0
370489,16
370490,0
370491,0
370492,0
370493,0
370494,0
370495,0
370496,0
370497,0
370498,0
370499,7
370500,0
370501,0
370502,0
370503,0
370504,6
370505,0
370506,5
370507,11
370508,5
370509,0
370510,0
370511,16
370512,0
370513,10
370514,0
370515,0
370516,0
370517,0
370518,0
370519,14
370520,6
370521,0
370522,0
370523,0
370524,0
370525,0
370526,0
370527,0
370528,0
370529,0
370530,0
370531,0
370532,0
370533,5
370534,0
370535,0
370536,0
370537,0
370538,10
370539,0
370540,0
370541,0
370542,0
370543,11
370544,0
370545,0
370546,0
370547,7
370548,0
370549,8
370550,0
370551,12
370552,0
370553,0
370554,0
370555,0
370556,0
370557,5
370558,6
370559,0
370560,9
370561,13
370562,0
370563,0
370564,0
370565,0
370566,11
370567,0
370568,0
370569,10
370570,0
370571,0
370572,0
370573,0
370574,10
370575,0
370576,0
370577,0
370578,7
370579,0
370580,0
370581,0
370582,0
370583,12
370584,0
370585,0
370586,0
370587,0
370588,0
370589,8
370590,0
370591,0
370592,0
370593,0
370594,0
370595,18
370596,0
370597,5
370598,6
370599,0
370600,0
370601,0
370602,10
370603,0
370604,0
370605,0
370606,7
370607,0
370608,0
370609,10
370610,0
370611,0
370612,14
370613,0
370614,0
370615,0
370616,0
370617,0
370618,0
370619,0
370620,9
370621,0
370622,11
370623,0
370624,3
370625,0
370626,9
370627,5
370628,0
370629,0
370630,0
370631,0
370632,0
370633,0
370634,0
370635,0
370636,0
370637,0
370638,0
370639,8
370640,0
370641,13
370642,8
370643,0
370644,0
370645,6
370646,0
370647,0
370648,0
370649,6
370650,0
370651,0
370652,0
370653,0
370654,3
370655,0
370656,5
370657,8
370658,0
370659,15
370660,0
370661,14
370662,0
370663,0
370664,0
370665,6
370666,0
370667,0
370668,0
370669,0
370670,0
370671,12
370672,0
370673,0
370674,0
370675,0
370676,0
370677,0
370678,0
370679,0
370680,0
370681,0
370682,0
370683,0
370684,17
370685,0
370686,6
370687,5
370688,0
370689,0
370690,0
370691,0
370692,7
370693,0
370694,0
370695,0
370696,0
370697,0
370698,0
370699,0
370700,15
370701,0
370702,0
370703,0
370704,0
370705,0
370706,0
370707,0
370708,0
370709,0
370710,0
370711,0
370712,4
370713,0
370714,0
370715,0
370716,7
370717,19
370718,0
370719,11
370720,14
370721,5
370722,0
370723,0
370724,7
370725,0
370726,7
370727,0
370728,0
370729,10
370730,0
370731,0
370732,4
370733,12
370734,0
370735,0
370736,5
370737,13
370738,16
370739,0
370740,6
370741,6
370742,7
370743,0
370744,0
370745,14
370746,7
370747,0
370748,0
370749,0
370750,14
370751,0
370752,0
370753,9
370754,0
370755,0
370756,0
370757,0
370758,0
370759,13
370760,0
370761,4
370762,0
370763,8
370764,0
370765,14
370766,0
370767,7
370768,0
370769,0
370770,0
370771,0
370772,0
370773,9
370774,0
370775,4
370776,5
370777,0
370778,10
370779,0
370780,0
370781,11
370782,8
370783,14
370784,9
370785,15
370786,0
370787,4
370788,0
370789,0
370790,0
370791,7
370792,7
370793,0
370794,0
370795,0
370796,0
370797,0
370798,0
370799,0
370800,0
370801,0
370802,8
370803,0
370804,0
370805,0
370806,8
370807,0
370808,0
370809,0
370810,0
370811,15
370812,0
370813,0
370814,0
370815,0
370816,0
370817,0
370818,0
370819,0
370820,0
370821,0
370822,0
370823,0
370824,0
370825,0
370826,0
370827,0
370828,0
370829,10
370830,0
370831,0
370832,9
370833,0
370834,0
370835,0
370836,0
370837,9
370838,12
370839,0
370840,0
370841,0
370842,0
370843,0
370844,0
370845,0
370846,9
370847,0
370848,0
370849,11
370850,0
370851,0
370852,0
370853,8
370854,0
370855,10
370856,0
370857,0
370858,7
370859,5
370860,10
370861,0
370862,0
370863,0
370864,0
370865,10
370866,8
370867,0
370868,0
370869,6
370870,0
370871,0
370872,0
370873,12
370874,13
370875,7
370876,0
370877,1
370878,0
370879,0
370880,0
370881,3
370882,0
370883,12
370884,8
370885,6
370886,0
370887,7
370888,13
370889,5
370890,15
370891,9
370892,0
370893,0
370894,12
370895,0
370896,0
370897,6
370898,8
370899,0
370900,0
370901,4
370902,0
370903,0
370904,0
370905,6
370906,0
370907,0
370908,0
370909,8
370910,0
370911,15
370912,0
370913,11
370914,0
370915,0
370916,10
370917,0
370918,0
370919,0
370920,7
370921,7
370922,0
370923,0
370924,0
370925,0
370926,0
370927,7
370928,0
370929,0
370930,0
370931,0
370932,0
370933,0
370934,0
370935,0
370936,0
370937,0
370938,0
370939,0
370940,10
370941,9
370942,0
370943,11
370944,15
370945,0
370946,0
370947,0
370948,0
370949,12
370950,5
370951,0
370952,0
370953,0
370954,6
370955,0
370956,10
370957,10
370958,10
370959,0
370960,0
370961,0
370962,0
370963,8
370964,0
370965,0
370966,0
370967,0
370968,0
370969,6
370970,0
370971,12
370972,0
370973,9
370974,0
370975,10
370976,0
370977,0
370978,0
370979,0
370980,0
370981,0
370982,0
370983,0
370984,0
370985,14
370986,6
370987,0
370988,0
370989,0
370990,0
370991,10
370992,0
370993,0
370994,0
370995,0
370996,0
370997,0
370998,0
370999,0
371000,0
371001,7
371002,0
371003,0
371004,0
371005,0
371006,0
371007,0
371008,0
371009,0
371010,0
371011,0
371012,8
371013,0
371014,0
371015,7
371016,0
371017,0
371018,13
371019,0
371020,0
371021,0
371022,0
371023,0
371024,0
371025,0
371026,0
371027,0
371028,0
371029,0
371030,0
371031,0
371032,9
371033,0
371034,11
371035,0
371036,0
371037,0
371038,11
371039,0
371040,0
371041,5
371042,0
371043,0
371044,0
371045,0
371046,0
371047,0
371048,0
371049,0
371050,8
371051,0
371052,0
371053,0
371054,9
371055,8
371056,8
371057,12
371058,3
371059,0
371060,0
371061,6
371062,0
371063,6
371064,0
371065,0
371066,0
371067,0
371068,10
371069,0
371070,0
371071,0
371072,0
371073,12
371074,0
371075,5
371076,0
371077,0
371078,15
371079,0
371080,0
371081,0
371082,10
371083,0
371084,0
371085,0
371086,0
371087,0
371088,8
371089,0
371090,7
371091,0
371092,0
371093,0
371094,5
371095,16
371096,0
371097,13
371098,6
371099,0
371100,0
371101,0
371102,13
371103,11
371104,0
371105,0
371106,9
371107,0
371108,0
371109,0
371110,0
371111,0
371112,0
371113,10
371114,0
371115,3
371116,13
371117,0
371118,0
371119,0
371120,4
371121,0
371122,0
371123,0
371124,0
371125,0
371126,6
371127,0
371128,0
371129,7
371130,0
371131,0
371132,0
371133,0
371134,0
371135,0
371136,0
371137,0
371138,0
371139,6
371140,12
371141,0
371142,0
371143,0
371144,0
371145,16
371146,6
371147,0
371148,0
371149,0
371150,0
371151,0
371152,4
371153,0
371154,6
371155,0
371156,0
371157,0
371158,0
371159,0
371160,0
371161,0
371162,7
371163,0
371164,0
371165,8
371166,0
371167,0
371168,12
371169,12
371170,0
371171,0
371172,0
371173,5
371174,0
371175,0
371176,0
371177,0
371178,0
371179,0
371180,0
371181,0
371182,0
371183,0
371184,0
371185,0
371186,0
371187,0
371188,0
371189,0
371190,0
371191,0
371192,0
371193,0
371194,0
371195,0
371196,0
371197,0
371198,0
371199,0
371200,0
371201,0
371202,0
371203,0
371204,0
371205,0
371206,0
371207,0
371208,0
371209,0
371210,0
371211,0
371212,0
371213,0
371214,0
371215,0
371216,0
371217,0
371218,0
371219,0
371220,0
371221,0
371222,0
371223,0
371224,0
371225,0
371226,0
371227,0
371228,0
371229,0
371230,0
371231,0
371232,0
371233,0
371234,0
371235,0
371236,0
371237,0
371238,0
371239,0
371240,49
371241,0
371242,0
371243,0
371244,0
371245,0
371246,0
371247,0
371248,0
371249,0
371250,46
371251,0
371252,0
371253,0
371254,0
371255,0
371256,0
371257,0
371258,0
371259,0
371260,0
371261,41
371262,0
371263,0
371264,0
371265,0
371266,0
371267,0
371268,0
371269,0
371270,0
371271,0
371272,0
371273,0
371274,0
371275,0
371276,0
371277,0
371278,0
371279,0
371280,0
371281,0
371282,0
371283,0
371284,0
371285,0
371286,0
371287,0
371288,0
371289,50
371290,0
371291,0
371292,0
371293,0
371294,0
371295,0
371296,32
371297,0
371298,0
371299,0
371300,0
371301,0
371302,0
371303,0
371304,0
371305,30
371306,42
371307,0
371308,0
371309,0
371310,0
371311,0
371312,0
371313,20
371314,0
371315,23
371316,0
371317,0
371318,0
371319,0
371320,0
371321,0
371322,0
371323,0
371324,0
371325,0
371326,0
371327,0
371328,0
371329,0
371330,0
371331,0
371332,0
371333,0
371334,0
371335,0
371336,0
371337,0
371338,0
371339,0
371340,0
371341,0
371342,0
371343,0
371344,0
371345,0
371346,0
371347,0
371348,0
371349,0
371350,0
371351,0
371352,0
371353,0
371354,0
371355,0
371356,0
371357,0
371358,0
371359,0
371360,0
371361,0
371362,0
371363,19
371364,0
371365,0
371366,0
371367,0
371368,0
371369,17
371370,0
371371,0
371372,0
371373,0
371374,0
371375,0
371376,0
371377,0
371378,0
371379,0
371380,0
371381,0
371382,0
371383,0
371384,0
371385,0
371386,0
371387,0
371388,0
371389,27
371390,0
371391,0
371392,0
371393,0
371394,0
371395,0
371396,0
371397,0
371398,0
371399,0
371400,0
371401,0
371402,0
371403,0
371404,0
371405,0
371406,0
371407,0
371408,0
371409,0
371410,0
371411,0
371412,0
371413,0
371414,0
371415,0
371416,0
371417,0
371418,27
371419,0
371420,0
371421,0
371422,0
371423,0
371424,0
371425,0
371426,0
371427,0
371428,0
371429,0
371430,0
371431,0
371432,0
371433,20
371434,0
371435,0
371436,0
371437,0
371438,0
371439,0
371440,0
371441,0
371442,0
371443,0
371444,0
371445,0
371446,0
371447,0
371448,0
371449,0
371450,0
371451,0
371452,0
371453,0
371454,0
371455,0
371456,0
371457,0
371458,0
371459,0
371460,0
371461,0
371462,0
371463,0
371464,0
371465,0
371466,0
371467,0
371468,0
371469,0
371470,0
371471,0
371472,20
371473,0
371474,0
371475,0
371476,0
371477,0
371478,0
371479,0
371480,0
371481,0
371482,0
371483,20
371484,0
371485,0
371486,0
371487,0
371488,0
371489,0
371490,0
371491,0
371492,0
371493,0
371494,0
371495,0
371496,0
371497,0
371498,0
371499,0
371500,0
371501,0
371502,0
371503,0
371504,0
371505,0
371506,0
371507,0
371508,0
371509,0
371510,0
371511,0
371512,0
371513,0
371514,0
371515,0
371516,0
371517,0
371518,0
371519,0
371520,0
371521,0
371522,0
371523,0
371524,0
371525,0
371526,0
371527,0
371528,23
371529,0
371530,0
371531,0
371532,0
371533,0
371534,0
371535,0
371536,0
371537,0
371538,0
371539,0
371540,0
371541,0
371542,0
371543,0
371544,0
371545,0
371546,0
371547,0
371548,0
371549,0
371550,0
371551,0
371552,0
371553,0
371554,0
371555,0
371556,17
371557,0
371558,0
371559,0
371560,0
371561,0
371562,0
371563,0
371564,0
371565,0
371566,0
371567,0
371568,0
371569,0
371570,0
371571,19
371572,0
371573,0
371574,29
371575,0
371576,0
371577,0
371578,0
371579,0
371580,0
371581,0
371582,0
371583,0
371584,0
371585,0
371586,0
371587,0
371588,0
371589,0
371590,0
371591,0
371592,0
371593,0
371594,0
371595,0
371596,0
371597,0
371598,0
371599,0
371600,0
371601,0
371602,0
371603,0
371604,24
371605,0
371606,0
371607,0
371608,0
371609,0
371610,0
371611,0
371612,0
371613,0
371614,0
371615,0
371616,0
371617,0
371618,0
371619,0
371620,0
371621,0
371622,0
371623,0
371624,0
371625,0
371626,27
371627,0
371628,0
371629,0
371630,0
371631,32
371632,0
371633,0
371634,33
371635,0
371636,0
371637,0
371638,0
371639,0
371640,0
371641,0
371642,23
371643,0
371644,0
371645,0
371646,0
371647,0
371648,0
371649,0
371650,0
371651,0
371652,0
371653,0
371654,0
371655,0
371656,0
371657,0
371658,0
371659,0
371660,12
371661,0
371662,0
371663,0
371664,0
371665,0
371666,0
371667,0
371668,0
371669,0
371670,0
371671,0
371672,0
371673,25
371674,0
371675,0
371676,0
371677,0
371678,0
371679,0
371680,0
371681,0
371682,0
371683,0
371684,0
371685,0
371686,0
371687,0
371688,0
371689,0
371690,0
371691,0
371692,0
371693,0
371694,0
371695,0
371696,0
371697,0
371698,23
371699,0
371700,0
371701,0
371702,0
371703,0
371704,0
371705,0
371706,0
371707,0
371708,0
371709,0
371710,0
371711,0
371712,0
371713,0
371714,0
371715,0
371716,0
371717,0
371718,0
371719,0
371720,13
371721,0
371722,0
371723,0
371724,0
371725,0
371726,0
371727,0
371728,0
371729,0
371730,0
371731,0
371732,0
371733,0
371734,0
371735,0
371736,0
371737,0
371738,0
371739,0
371740,30
371741,0
371742,0
371743,0
371744,0
371745,25
371746,0
371747,0
371748,0
371749,0
371750,0
371751,0
371752,0
371753,0
371754,29
371755,0
371756,0
371757,0
371758,0
371759,0
371760,0
371761,0
371762,0
371763,0
371764,0
371765,0
371766,0
371767,0
371768,0
371769,0
371770,0
371771,0
371772,0
371773,27
371774,0
371775,0
371776,0
371777,0
371778,0
371779,0
371780,0
371781,0
371782,0
371783,0
371784,0
371785,0
371786,0
371787,0
371788,0
371789,0
371790,0
371791,0
371792,0
371793,0
371794,0
371795,0
371796,0
371797,0
371798,21
371799,0
371800,0
371801,0
371802,0
371803,0
371804,0
371805,0
371806,0
371807,0
371808,0
371809,0
371810,0
371811,0
371812,0
371813,0
371814,0
371815,0
371816,31
371817,0
371818,0
371819,0
371820,0
371821,0
371822,29
371823,0
371824,0
371825,0
371826,15
371827,0
371828,0
371829,0
371830,0
371831,0
371832,0
371833,0
371834,0
371835,0
371836,0
371837,0
371838,0
371839,0
371840,0
371841,0
371842,0
371843,0
371844,0
371845,0
371846,0
371847,0
371848,0
371849,0
371850,0
371851,0
371852,0
371853,0
371854,0
371855,0
371856,0
371857,0
371858,0
371859,0
371860,0
371861,0
371862,0
371863,0
371864,0
371865,0
371866,0
371867,0
371868,0
371869,0
371870,0
371871,0
371872,0
371873,0
371874,0
371875,0
371876,0
371877,0
371878,0
371879,0
371880,0
371881,0
371882,0
371883,0
371884,0
371885,12
371886,0
371887,0
371888,0
371889,0
371890,0
371891,0
371892,0
371893,0
371894,0
371895,0
371896,0
371897,0
371898,0
371899,0
371900,0
371901,0
371902,0
371903,0
371904,0
371905,0
371906,0
371907,0
371908,0
371909,0
371910,0
371911,0
371912,0
371913,0
371914,0
371915,0
371916,0
371917,0
371918,0
371919,0
371920,0
371921,0
371922,0
371923,0
371924,0
371925,0
371926,0
371927,0
371928,0
371929,0
371930,0
371931,0
371932,0
371933,0
371934,0
371935,0
371936,0
371937,0
371938,0
371939,0
371940,0
371941,0
371942,0
371943,0
371944,0
371945,0
371946,0
371947,0
371948,0
371949,0
371950,0
371951,0
371952,0
371953,0
371954,0
371955,0
371956,0
371957,0
371958,0
371959,0
371960,0
371961,0
371962,0
371963,0
371964,0
371965,0
371966,0
371967,24
371968,0
371969,0
371970,0
371971,0
371972,0
371973,0
371974,0
371975,0
371976,0
371977,0
371978,0
371979,0
371980,0
371981,0
371982,0
371983,0
371984,0
371985,0
371986,0
371987,28
371988,0
371989,0
371990,0
371991,11
371992,0
371993,20
371994,0
371995,0
371996,0
371997,0
371998,0
371999,0
372000,0
372001,0
372002,24
372003,0
372004,0
372005,22
372006,0
372007,0
372008,0
372009,0
372010,0
372011,0
372012,15
372013,0
372014,0
372015,0
372016,0
372017,0
372018,0
372019,0
372020,0
372021,0
372022,0
372023,0
372024,0
372025,0
372026,0
372027,0
372028,0
372029,0
372030,0
372031,0
372032,0
372033,0
372034,0
372035,0
372036,0
372037,0
372038,0
372039,0
372040,0
372041,0
372042,0
372043,0
372044,0
372045,26
372046,0
372047,0
372048,0
372049,0
372050,0
372051,0
372052,0
372053,0
372054,0
372055,0
372056,0
372057,0
372058,0
372059,0
372060,24
372061,0
372062,0
372063,0
372064,0
372065,18
372066,0
372067,19
372068,0
372069,0
372070,0
372071,0
372072,26
372073,0
372074,22
372075,0
372076,0
372077,0
372078,0
372079,0
372080,0
372081,0
372082,0
372083,0
372084,0
372085,0
372086,0
372087,0
372088,0
372089,0
372090,0
372091,0
372092,0
372093,19
372094,0
372095,0
372096,0
372097,0
372098,0
372099,0
372100,0
372101,0
372102,0
372103,0
372104,0
372105,0
372106,0
372107,0
372108,0
372109,0
372110,0
372111,0
372112,0
372113,0
372114,31
372115,0
372116,0
372117,0
372118,0
372119,0
372120,0
372121,0
372122,0
372123,0
372124,0
372125,0
372126,0
372127,0
372128,0
372129,0
372130,0
372131,0
372132,0
372133,0
372134,0
372135,0
372136,0
372137,0
372138,0
372139,0
372140,0
372141,0
372142,0
372143,0
372144,0
372145,0
372146,0
372147,0
372148,0
372149,0
372150,0
372151,0
372152,0
372153,0
372154,0
372155,0
372156,26
372157,0
372158,0
372159,0
372160,0
372161,0
372162,0
372163,0
372164,0
372165,0
372166,0
372167,0
372168,0
372169,0
372170,20
372171,0
372172,0
372173,0
372174,0
372175,0
372176,0
372177,0
372178,0
372179,0
372180,0
372181,0
372182,19
372183,0
372184,0
372185,0
372186,0
372187,0
372188,0
372189,27
372190,0
372191,0
372192,0
372193,0
372194,0
372195,0
372196,0
372197,0
372198,0
372199,0
372200,0
372201,0
372202,0
372203,0
372204,0
372205,0
372206,0
372207,0
372208,0
372209,0
372210,0
372211,0
372212,0
372213,0
372214,22
372215,0
372216,0
372217,0
372218,0
372219,0
372220,0
372221,0
372222,0
372223,0
372224,0
372225,0
372226,0
372227,0
372228,0
372229,0
372230,0
372231,0
372232,0
372233,0
372234,0
372235,0
372236,23
372237,34
372238,0
372239,0
372240,0
372241,0
372242,0
372243,0
372244,0
372245,0
372246,0
372247,0
372248,0
372249,0
372250,0
372251,0
372252,0
372253,0
372254,0
372255,0
372256,0
372257,0
372258,38
372259,0
372260,0
372261,0
372262,0
372263,0
372264,0
372265,0
372266,0
372267,0
372268,0
372269,0
372270,0
372271,0
372272,0
372273,0
372274,0
372275,34
372276,0
372277,0
372278,0
372279,0
372280,40
372281,0
372282,54
372283,0
372284,42
372285,0
372286,41
372287,0
372288,0
372289,0
372290,0
372291,0
372292,0
372293,41
372294,0
372295,0
372296,0
372297,0
372298,0
372299,36
372300,0
372301,32
372302,38
372303,0
372304,0
372305,0
372306,0
372307,0
372308,0
372309,36
372310,0
372311,0
372312,26
372313,0
372314,0
372315,0
372316,0
372317,0
372318,0
372319,0
372320,0
372321,0
372322,51
372323,50
372324,35
372325,45
372326,43
372327,0
372328,0
372329,0
372330,0
372331,0
372332,0
372333,0
372334,39
372335,0
372336,0
372337,0
372338,0
372339,52
372340,24
372341,0
372342,0
372343,57
372344,0
372345,43
372346,0
372347,0
372348,0
372349,0
372350,61
372351,0
372352,0
372353,0
372354,0
372355,0
372356,45
372357,0
372358,28
372359,0
372360,0
372361,0
372362,0
372363,0
372364,31
372365,0
372366,0
372367,0
372368,41
372369,0
372370,0
372371,0
372372,0
372373,0
372374,0
372375,0
372376,0
372377,41
372378,0
372379,0
372380,0
372381,47
372382,0
372383,0
372384,34
372385,0
372386,0
372387,0
372388,42
372389,0
372390,0
372391,0
372392,0
372393,0
372394,0
372395,0
372396,0
372397,0
372398,0
372399,43
372400,0
372401,0
372402,0
372403,0
372404,0
372405,0
372406,35
372407,0
372408,0
372409,0
372410,0
372411,0
372412,0
372413,21
372414,0
372415,0
372416,0
372417,0
372418,0
372419,0
372420,0
372421,0
372422,46
372423,0
372424,0
372425,0
372426,0
372427,0
372428,0
372429,0
372430,0
372431,0
372432,0
372433,0
372434,44
372435,0
372436,0
372437,0
372438,0
372439,42
372440,0
372441,0
372442,0
372443,32
372444,0
372445,0
372446,0
372447,0
372448,39
372449,0
372450,0
372451,0
372452,0
372453,0
372454,28
372455,0
372456,0
372457,0
372458,0
372459,0
372460,0
372461,0
372462,0
372463,0
372464,0
372465,0
372466,0
372467,34
372468,0
372469,35
372470,0
372471,0
372472,0
372473,0
372474,46
372475,0
372476,0
372477,0
372478,51
372479,0
372480,0
372481,38
372482,29
372483,32
372484,0
372485,43
372486,0
372487,56
372488,0
372489,0
372490,0
372491,0
372492,0
372493,24
372494,0
372495,0
372496,0
372497,0
372498,0
372499,0
372500,0
372501,30
372502,0
372503,0
372504,0
372505,32
372506,0
372507,0
372508,0
372509,0
372510,0
372511,0
372512,0
372513,0
372514,49
372515,0
372516,0
372517,0
372518,0
372519,0
372520,0
372521,0
372522,0
372523,0
372524,0
372525,0
372526,0
372527,0
372528,39
372529,0
372530,0
372531,0
372532,0
372533,44
372534,0
372535,0
372536,0
372537,25
372538,20
372539,49
372540,0
372541,49
372542,57
372543,0
372544,0
372545,39
372546,0
372547,0
372548,0
372549,0
372550,0
372551,0
372552,0
372553,0
372554,0
372555,0
372556,0
372557,0
372558,0
372559,0
372560,0
372561,0
372562,0
372563,0
372564,34
372565,40
372566,0
372567,0
372568,0
372569,0
372570,30
372571,25
372572,0
372573,28
372574,48
372575,0
372576,0
372577,0
372578,0
372579,0
372580,0
372581,0
372582,0
372583,0
372584,0
372585,0
372586,0
372587,32
372588,0
372589,0
372590,0
372591,59
372592,0
372593,0
372594,17
372595,0
372596,0
372597,0
372598,0
372599,0
372600,39
372601,0
372602,0
372603,38
372604,27
372605,0
372606,0
372607,0
372608,0
372609,0
372610,29
372611,39
372612,52
372613,0
372614,27
372615,0
372616,0
372617,0
372618,0
372619,0
372620,41
372621,0
372622,0
372623,48
372624,0
372625,42
372626,0
372627,0
372628,0
372629,28
372630,35
372631,41
372632,20
372633,0
372634,33
372635,0
372636,0
372637,0
372638,0
372639,0
372640,0
372641,0
372642,44
372643,0
372644,27
372645,0
372646,0
372647,0
372648,0
372649,0
372650,0
372651,0
372652,0
372653,0
372654,0
372655,46
372656,0
372657,0
372658,0
372659,0
372660,45
372661,0
372662,41
372663,0
372664,0
372665,39
372666,33
372667,0
372668,0
372669,0
372670,0
372671,0
372672,34
372673,0
372674,0
372675,0
372676,0
372677,0
372678,0
372679,0
372680,43
372681,35
372682,0
372683,0
372684,0
372685,0
372686,0
372687,0
372688,40
372689,0
372690,39
372691,0
372692,0
372693,37
372694,48
372695,0
372696,0
372697,40
372698,0
372699,0
372700,0
372701,0
372702,0
372703,0
372704,0
372705,33
372706,0
372707,38
372708,0
372709,47
372710,0
372711,0
372712,0
372713,0
372714,0
372715,32
372716,0
372717,0
372718,0
372719,0
372720,0
372721,0
372722,0
372723,0
372724,48
372725,0
372726,0
372727,49
372728,0
372729,0
372730,0
372731,0
372732,0
372733,0
372734,0
372735,0
372736,40
372737,0
372738,0
372739,0
372740,38
372741,0
372742,0
372743,0
372744,0
372745,21
372746,39
372747,47
372748,0
372749,0
372750,34
372751,0
372752,0
372753,0
372754,0
372755,0
372756,0
372757,0
372758,0
372759,0
372760,0
372761,0
372762,31
372763,0
372764,0
372765,41
372766,0
372767,0
372768,0
372769,0
372770,0
372771,0
372772,0
372773,23
372774,0
372775,0
372776,63
372777,0
372778,0
372779,0
372780,64
372781,0
372782,25
372783,0
372784,0
372785,0
372786,0
372787,0
372788,0
372789,40
372790,24
372791,0
372792,0
372793,0
372794,0
372795,0
372796,0
372797,0
372798,0
372799,0
372800,0
372801,31
372802,40
372803,0
372804,0
372805,0
372806,0
372807,0
372808,0
372809,43
372810,0
372811,49
372812,0
372813,0
372814,0
372815,30
372816,0
372817,22
372818,0
372819,0
372820,0
372821,0
372822,0
372823,0
372824,0
372825,0
372826,0
372827,0
372828,0
372829,36
372830,0
372831,0
372832,0
372833,28
372834,0
372835,38
372836,0
372837,0
372838,0
372839,44
372840,0
372841,0
372842,0
372843,0
372844,0
372845,0
372846,43
372847,0
372848,37
372849,0
372850,26
372851,0
372852,0
372853,0
372854,0
372855,53
372856,0
372857,0
372858,40
372859,0
372860,0
372861,0
372862,33
372863,32
372864,0
372865,0
372866,0
372867,0
372868,0
372869,0
372870,0
372871,0
372872,0
372873,0
372874,0
372875,57
372876,0
372877,0
372878,0
372879,39
372880,0
372881,41
372882,0
372883,0
372884,0
372885,0
372886,0
372887,29
372888,0
372889,0
372890,0
372891,0
372892,0
372893,0
372894,0
372895,0
372896,0
372897,0
372898,0
372899,30
372900,0
372901,0
372902,51
372903,0
372904,0
372905,0
372906,49
372907,0
372908,0
372909,0
372910,0
372911,26
372912,0
372913,29
372914,0
372915,0
372916,0
372917,0
372918,0
372919,0
372920,0
372921,0
372922,0
372923,0
372924,0
372925,0
372926,0
372927,0
372928,0
372929,0
372930,0
372931,0
372932,0
372933,0
372934,0
372935,0
372936,0
372937,0
372938,0
372939,0
372940,0
372941,0
372942,0
372943,0
372944,0
372945,0
372946,0
372947,0
372948,0
372949,0
372950,0
372951,0
372952,0
372953,0
372954,0
372955,0
372956,0
372957,0
372958,0
372959,0
372960,0
372961,0
372962,0
372963,0
372964,0
372965,0
372966,0
372967,0
372968,0
372969,0
372970,0
372971,0
372972,0
372973,0
372974,0
372975,2
372976,0
372977,0
372978,0
372979,0
372980,0
372981,0
372982,0
372983,0
372984,0
372985,0
372986,0
372987,1
372988,0
372989,0
372990,0
372991,0
372992,0
372993,0
372994,0
372995,0
372996,0
372997,0
372998,0
372999,1
373000,0
373001,0
373002,0
373003,0
373004,0
373005,0
373006,0
373007,0
373008,0
373009,0
373010,0
373011,0
373012,0
373013,0
373014,0
373015,0
373016,0
373017,0
373018,1
373019,0
373020,0
373021,0
373022,0
373023,0
373024,0
373025,0
373026,0
373027,0
373028,0
373029,0
373030,0
373031,0
373032,0
373033,0
373034,0
373035,0
373036,0
373037,0
373038,0
373039,0
373040,0
373041,0
373042,0
373043,0
373044,0
373045,0
373046,0
373047,0
373048,0
373049,0
373050,0
373051,0
373052,0
373053,0
373054,0
373055,0
373056,0
373057,0
373058,0
373059,0
373060,0
373061,0
373062,0
373063,0
373064,0
373065,0
373066,0
373067,0
373068,0
373069,0
373070,0
373071,0
373072,0
373073,0
373074,0
373075,2
373076,0
373077,0
373078,0
373079,0
373080,0
373081,0
373082,0
373083,0
373084,0
373085,0
373086,1
373087,0
373088,0
373089,0
373090,0
373091,0
373092,0
373093,0
373094,0
373095,0
373096,0
373097,0
373098,0
373099,0
373100,0
373101,0
373102,0
373103,0
373104,0
373105,0
373106,0
373107,0
373108,0
373109,0
373110,0
373111,0
373112,0
373113,0
373114,0
373115,0
373116,0
373117,0
373118,0
373119,0
373120,0
373121,0
373122,0
373123,0
373124,0
373125,0
373126,0
373127,0
373128,0
373129,0
373130,0
373131,0
373132,0
373133,0
373134,0
373135,0
373136,0
373137,0
373138,0
373139,0
373140,0
373141,0
373142,0
373143,0
373144,0
373145,0
373146,0
373147,0
373148,0
373149,0
373150,0
373151,0
373152,0
373153,0
373154,0
373155,0
373156,0
373157,0
373158,0
373159,0
373160,0
373161,0
373162,0
373163,0
373164,0
373165,0
373166,0
373167,0
373168,0
373169,0
373170,0
373171,0
373172,0
373173,0
373174,0
373175,0
373176,0
373177,0
373178,0
373179,0
373180,0
373181,0
373182,0
373183,0
373184,0
373185,0
373186,0
373187,0
373188,0
373189,0
373190,0
373191,0
373192,0
373193,0
373194,0
373195,0
373196,0
373197,0
373198,0
373199,0
373200,0
373201,0
373202,0
373203,0
373204,0
373205,1
373206,0
373207,0
373208,0
373209,0
373210,0
373211,0
373212,0
373213,0
373214,0
373215,0
373216,0
373217,0
373218,0
373219,0
373220,0
373221,0
373222,0
373223,0
373224,0
373225,0
373226,0
373227,0
373228,0
373229,0
373230,0
373231,0
373232,0
373233,0
373234,0
373235,0
373236,0
373237,0
373238,0
373239,0
373240,0
373241,0
373242,0
373243,0
373244,0
373245,0
373246,0
373247,0
373248,0
373249,0
373250,0
373251,0
373252,0
373253,0
373254,0
373255,0
373256,0
373257,0
373258,0
373259,0
373260,0
373261,0
373262,0
373263,0
373264,0
373265,0
373266,0
373267,0
373268,0
373269,0
373270,0
373271,0
373272,0
373273,0
373274,0
373275,0
373276,0
373277,0
373278,0
373279,1
373280,0
373281,0
373282,0
373283,0
373284,0
373285,0
373286,0
373287,0
373288,0
373289,0
373290,0
373291,0
373292,0
373293,0
373294,0
373295,0
373296,0
373297,0
373298,0
373299,0
373300,0
373301,0
373302,0
373303,0
373304,0
373305,0
373306,0
373307,0
373308,0
373309,0
373310,0
373311,0
373312,0
373313,0
373314,0
373315,0
373316,0
373317,0
373318,0
373319,0
373320,0
373321,0
373322,0
373323,0
373324,0
373325,0
373326,0
373327,2
373328,2
373329,0
373330,0
373331,0
373332,0
373333,0
373334,0
373335,0
373336,0
373337,0
373338,0
373339,0
373340,0
373341,0
373342,0
373343,0
373344,0
373345,0
373346,0
373347,0
373348,0
373349,0
373350,0
373351,0
373352,0
373353,0
373354,0
373355,0
373356,0
373357,0
373358,0
373359,0
373360,0
373361,0
373362,0
373363,0
373364,0
373365,0
373366,1
373367,0
373368,0
373369,0
373370,0
373371,0
373372,0
373373,0
373374,0
373375,0
373376,0
373377,0
373378,0
373379,0
373380,0
373381,0
373382,0
373383,0
373384,0
373385,0
373386,0
373387,0
373388,0
373389,0
373390,0
373391,0
373392,0
373393,0
373394,0
373395,0
373396,0
373397,0
373398,0
373399,0
373400,0
373401,0
373402,0
373403,2
373404,0
373405,0
373406,0
373407,0
373408,0
373409,0
373410,0
373411,0
373412,0
373413,0
373414,0
373415,0
373416,0
373417,0
373418,0
373419,0
373420,0
373421,0
373422,0
373423,0
373424,0
373425,0
373426,0
373427,0
373428,0
373429,0
373430,0
373431,0
373432,0
373433,0
373434,0
373435,0
373436,0
373437,0
373438,0
373439,0
373440,0
373441,0
373442,0
373443,0
373444,0
373445,0
373446,0
373447,0
373448,0
373449,0
373450,0
373451,0
373452,0
373453,0
373454,0
373455,0
373456,0
373457,0
373458,0
373459,0
373460,0
373461,0
373462,0
373463,0
373464,0
373465,0
373466,0
373467,0
373468,0
373469,0
373470,0
373471,0
373472,0
373473,0
373474,0
373475,0
373476,0
373477,0
373478,0
373479,0
373480,0
373481,0
373482,0
373483,0
373484,0
373485,0
373486,0
373487,0
373488,0
373489,0
373490,0
373491,0
373492,2
373493,0
373494,0
373495,0
373496,0
373497,0
373498,0
373499,0
373500,0
373501,0
373502,0
373503,0
373504,0
373505,0
373506,0
373507,0
373508,0
373509,0
373510,0
373511,0
373512,0
373513,0
373514,0
373515,0
373516,0
373517,0
373518,0
373519,0
373520,0
373521,0
373522,0
373523,0
373524,0
373525,0
373526,0
373527,0
373528,0
373529,0
373530,0
373531,0
373532,0
373533,0
373534,0
373535,0
373536,0
373537,0
373538,0
373539,0
373540,0
373541,0
373542,0
373543,0
373544,0
373545,0
373546,0
373547,0
373548,0
373549,0
373550,0
373551,0
373552,0
373553,0
373554,0
373555,0
373556,0
373557,0
373558,0
373559,0
373560,0
373561,0
373562,0
373563,0
373564,0
373565,0
373566,0
373567,0
373568,0
373569,0
373570,0
373571,0
373572,0
373573,0
373574,0
373575,0
373576,0
373577,0
373578,0
373579,0
373580,0
373581,0
373582,0
373583,0
373584,0
373585,0
373586,0
373587,0
373588,0
373589,0
373590,0
373591,0
373592,0
373593,0
373594,0
373595,0
373596,0
373597,0
373598,0
373599,0
373600,0
373601,0
373602,0
373603,0
373604,0
373605,0
373606,0
373607,1
373608,0
373609,0
373610,0
373611,0
373612,0
373613,0
373614,0
373615,0
373616,0
373617,0
373618,1
373619,0
373620,0
373621,0
373622,0
373623,0
373624,0
373625,0
373626,0
373627,3
373628,0
373629,0
373630,0
373631,0
373632,0
373633,0
373634,0
373635,0
373636,0
373637,0
373638,0
373639,0
373640,0
373641,0
373642,0
373643,0
373644,0
373645,0
373646,0
373647,0
373648,0
373649,0
373650,0
373651,0
373652,0
373653,0
373654,0
373655,0
373656,0
373657,0
373658,0
373659,0
373660,0
373661,0
373662,0
373663,0
373664,0
373665,0
373666,0
373667,0
373668,0
373669,0
373670,0
373671,3
373672,0
373673,1
373674,0
373675,0
373676,0
373677,0
373678,0
373679,0
373680,0
373681,0
373682,0
373683,0
373684,0
373685,0
373686,0
373687,0
373688,0
373689,0
373690,0
373691,0
373692,0
373693,0
373694,0
373695,0
373696,0
373697,1
373698,0
373699,0
373700,0
373701,0
373702,0
373703,2
373704,0
373705,0
373706,0
373707,0
373708,0
373709,0
373710,0
373711,0
373712,0
373713,0
373714,0
373715,0
373716,0
373717,0
373718,0
373719,0
373720,0
373721,0
373722,0
373723,0
373724,0
373725,0
373726,0
373727,0
373728,0
373729,0
373730,0
373731,0
373732,0
373733,0
373734,0
373735,0
373736,0
373737,0
373738,0
373739,0
373740,0
373741,0
373742,0
373743,0
373744,0
373745,0
373746,0
373747,0
373748,0
373749,0
373750,0
373751,0
373752,0
373753,0
373754,0
373755,0
373756,0
373757,0
373758,0
373759,0
373760,0
373761,0
373762,0
373763,0
373764,0
373765,0
373766,0
373767,0
373768,0
373769,1
373770,0
373771,0
373772,0
373773,0
373774,0
373775,0
373776,0
373777,0
373778,0
373779,0
373780,0
373781,0
373782,0
373783,0
373784,0
373785,1
373786,0
373787,0
373788,0
373789,0
373790,0
373791,0
373792,0
373793,0
373794,0
373795,0
373796,0
373797,0
373798,0
373799,0
373800,0
373801,2
373802,0
373803,0
373804,0
373805,0
373806,0
373807,0
373808,0
373809,0
373810,0
373811,0
373812,0
373813,0
373814,18
373815,0
373816,0
373817,34
373818,0
373819,0
373820,0
373821,20
373822,0
373823,0
373824,0
373825,0
373826,0
373827,0
373828,32
373829,0
373830,0
373831,0
373832,0
373833,0
373834,0
373835,0
373836,0
373837,0
373838,22
373839,0
373840,15
373841,0
373842,0
373843,0
373844,0
373845,0
373846,36
373847,34
373848,0
373849,0
373850,0
373851,0
373852,0
373853,0
373854,17
373855,28
373856,0
373857,0
373858,0
373859,13
373860,0
373861,0
373862,0
373863,0
373864,16
373865,0
373866,0
373867,0
373868,22
373869,0
373870,0
373871,0
373872,0
373873,0
373874,0
373875,0
373876,7
373877,30
373878,0
373879,0
373880,0
373881,0
373882,0
373883,0
373884,0
373885,0
373886,0
373887,15
373888,0
373889,0
373890,26
373891,0
373892,41
373893,0
373894,0
373895,0
373896,18
373897,0
373898,0
373899,0
373900,0
373901,32
373902,29
373903,0
373904,0
373905,0
373906,0
373907,26
373908,0
373909,38
373910,0
373911,0
373912,27
373913,13
373914,0
373915,0
373916,0
373917,0
373918,0
373919,0
373920,0
373921,21
373922,0
373923,0
373924,0
373925,0
373926,0
373927,0
373928,34
373929,0
373930,19
373931,0
373932,0
373933,0
373934,0
373935,0
373936,0
373937,0
373938,0
373939,0
373940,0
373941,0
373942,0
373943,0
373944,16
373945,16
373946,0
373947,0
373948,0
373949,0
373950,0
373951,10
373952,10
373953,0
373954,0
373955,0
373956,0
373957,0
373958,0
373959,0
373960,0
373961,31
373962,0
373963,0
373964,0
373965,19
373966,0
373967,0
373968,0
373969,0
373970,0
373971,34
373972,0
373973,0
373974,0
373975,0
373976,0
373977,0
373978,0
373979,0
373980,26
373981,31
373982,0
373983,0
373984,33
373985,0
373986,0
373987,0
373988,0
373989,0
373990,26
373991,0
373992,0
373993,0
373994,0
373995,0
373996,0
373997,0
373998,0
373999,0
374000,0
374001,0
374002,0
374003,0
374004,17
374005,28
374006,0
374007,0
374008,0
374009,0
374010,0
374011,0
374012,0
374013,0
374014,0
374015,0
374016,0
374017,33
374018,22
374019,29
374020,0
374021,0
374022,0
374023,0
374024,0
374025,0
374026,31
374027,0
374028,0
374029,0
374030,0
374031,16
374032,0
374033,0
374034,25
374035,0
374036,38
374037,0
374038,17
374039,0
374040,0
374041,0
374042,20
374043,0
374044,0
374045,0
374046,0
374047,0
374048,52
374049,23
374050,0
374051,0
374052,0
374053,0
374054,0
374055,0
374056,0
374057,0
374058,0
374059,0
374060,0
374061,0
374062,0
374063,36
374064,35
374065,0
374066,0
374067,0
374068,0
374069,0
374070,0
374071,0
374072,0
374073,0
374074,0
374075,20
374076,0
374077,24
374078,0
374079,21
374080,13
374081,0
374082,0
374083,0
374084,0
374085,40
374086,0
374087,0
374088,0
374089,0
374090,0
374091,0
374092,0
374093,0
374094,64
374095,0
374096,0
374097,0
374098,0
374099,0
374100,0
374101,0
374102,0
374103,0
374104,0
374105,0
374106,0
374107,0
374108,0
374109,0
374110,0
374111,0
374112,0
374113,12
374114,0
374115,0
374116,0
374117,0
374118,0
374119,0
374120,0
374121,0
374122,0
374123,0
374124,0
374125,0
374126,0
374127,0
374128,0
374129,0
374130,0
374131,0
374132,16
374133,0
374134,0
374135,0
374136,0
374137,0
374138,0
374139,0
374140,0
374141,0
374142,35
374143,0
374144,35
374145,0
374146,0
374147,0
374148,0
374149,0
374150,0
374151,0
374152,0
374153,0
374154,40
374155,0
374156,0
374157,0
374158,12
374159,26
374160,44
374161,15
374162,0
374163,0
374164,25
374165,0
374166,37
374167,19
374168,0
374169,0
374170,42
374171,0
374172,0
374173,0
374174,5
374175,0
374176,0
374177,18
374178,0
374179,0
374180,28
374181,0
374182,0
374183,0
374184,0
374185,0
374186,0
374187,0
374188,0
374189,0
374190,0
374191,0
374192,35
374193,0
374194,0
374195,0
374196,0
374197,0
374198,0
374199,0
374200,0
374201,0
374202,0
374203,0
374204,0
374205,0
374206,0
374207,0
374208,0
374209,23
374210,0
374211,0
374212,23
374213,35
374214,0
374215,10
374216,0
374217,0
374218,0
374219,28
374220,45
374221,0
374222,0
374223,35
374224,0
374225,0
374226,0
374227,0
374228,0
374229,0
374230,0
374231,0
374232,0
374233,0
374234,0
374235,0
374236,0
374237,0
374238,0
374239,26
374240,35
374241,39
374242,0
374243,24
374244,0
374245,0
374246,0
374247,0
374248,28
374249,0
374250,0
374251,0
374252,0
374253,0
374254,42
374255,0
374256,13
374257,0
374258,0
374259,0
374260,0
374261,22
374262,0
374263,0
374264,0
374265,23
374266,0
374267,0
374268,0
374269,0
374270,0
374271,0
374272,0
374273,0
374274,0
374275,0
374276,0
374277,24
374278,17
374279,0
374280,0
374281,0
374282,0
374283,0
374284,30
374285,0
374286,0
374287,0
374288,26
374289,0
374290,0
374291,0
374292,0
374293,0
374294,0
374295,41
374296,0
374297,0
374298,0
374299,0
374300,0
374301,0
374302,0
374303,0
374304,23
374305,0
374306,0
374307,0
374308,0
374309,0
374310,0
374311,0
374312,0
374313,0
374314,0
374315,0
374316,0
374317,17
374318,0
374319,0
374320,0
374321,0
374322,22
374323,0
374324,0
374325,21
374326,30
374327,0
374328,35
374329,0
374330,0
374331,0
374332,0
374333,29
374334,0
374335,0
374336,0
374337,0
374338,0
374339,0
374340,0
374341,0
374342,16
374343,0
374344,0
374345,0
374346,0
374347,0
374348,0
374349,14
374350,32
374351,0
374352,0
374353,0
374354,0
374355,43
374356,29
374357,0
374358,0
374359,0
374360,0
374361,0
374362,33
374363,15
374364,20
374365,0
374366,0
374367,0
374368,0
374369,10
374370,0
374371,0
374372,0
374373,25
374374,0
374375,0
374376,32
374377,0
374378,19
374379,0
374380,0
374381,30
374382,23
374383,0
374384,25
374385,0
374386,0
374387,0
374388,42
374389,32
374390,0
374391,0
374392,0
374393,0
374394,0
374395,17
374396,0
374397,33
374398,16
374399,16
374400,0
374401,0
374402,6
374403,22
374404,0
374405,0
374406,0
374407,0
374408,0
374409,0
374410,0
374411,0
374412,0
374413,0
374414,35
374415,0
374416,11
374417,0
374418,0
374419,0
374420,0
374421,10
374422,0
374423,0
374424,0
374425,0
374426,0
374427,0
374428,0
374429,0
374430,0
374431,4
374432,0
374433,0
374434,42
374435,0
374436,0
374437,30
374438,0
374439,0
374440,0
374441,0
374442,0
374443,0
374444,0
374445,21
374446,0
374447,0
374448,0
374449,22
374450,0
374451,0
374452,0
374453,0
374454,0
374455,0
374456,38
374457,0
374458,0
374459,0
374460,0
374461,24
374462,15
374463,0
374464,0
374465,0
374466,13
374467,0
374468,0
374469,0
374470,0
374471,0
374472,0
374473,0
374474,0
374475,0
374476,0
374477,0
374478,49
374479,0
374480,22
374481,0
374482,22
374483,0
374484,0
374485,0
374486,0
374487,0
374488,0
374489,0
374490,0
374491,0
374492,0
374493,0
374494,23
374495,14
374496,0
374497,0
374498,0
374499,0
374500,0
374501,0
374502,0
374503,0
374504,0
374505,0
374506,14
374507,0
374508,0
374509,0
374510,0
374511,0
374512,0
374513,32
374514,0
374515,0
374516,0
374517,0
374518,0
374519,0
374520,0
374521,0
374522,0
374523,0
374524,0
374525,0
374526,0
374527,13
374528,0
374529,0
374530,0
374531,0
374532,0
374533,0
374534,0
374535,0
374536,0
374537,0
374538,0
374539,37
374540,0
374541,16
374542,0
374543,0
374544,0
374545,0
374546,0
374547,47
374548,0
374549,0
374550,24
374551,0
374552,0
374553,20
374554,0
374555,0
374556,0
374557,0
374558,0
374559,0
374560,0
374561,0
374562,0
374563,0
374564,0
374565,0
374566,0
374567,0
374568,0
374569,30
374570,13
374571,0
374572,0
374573,0
374574,16
374575,0
374576,0
374577,40
374578,28
374579,38
374580,28
374581,0
374582,0
374583,0
374584,0
374585,0
374586,0
374587,32
374588,0
374589,0
374590,0
374591,0
374592,29
374593,0
374594,0
374595,33
374596,0
374597,0
374598,0
374599,27
374600,20
374601,0
374602,0
374603,21
374604,0
374605,0
374606,0
374607,0
374608,0
374609,33
374610,0
374611,0
374612,0
374613,0
374614,0
374615,0
374616,0
374617,0
374618,0
374619,0
374620,0
374621,18
374622,0
374623,20
374624,34
374625,0
374626,0
374627,0
374628,0
374629,0
374630,0
374631,0
374632,0
374633,0
374634,14
374635,0
374636,0
374637,0
374638,0
374639,0
374640,0
374641,0
374642,0
374643,0
374644,0
374645,0
374646,0
374647,0
374648,0
374649,0
374650,0
374651,33
374652,0
374653,0
374654,0
374655,0
374656,0
374657,0
374658,5
374659,0
374660,0
374661,0
374662,0
374663,0
374664,0
374665,0
374666,0
374667,0
374668,0
374669,0
374670,0
374671,0
374672,0
374673,0
374674,0
374675,0
374676,5
374677,0
374678,0
374679,0
374680,0
374681,0
374682,0
374683,4
374684,0
374685,0
374686,0
374687,0
374688,0
374689,0
374690,0
374691,0
374692,0
374693,0
374694,0
374695,0
374696,0
374697,0
374698,0
374699,0
374700,0
374701,0
374702,0
374703,0
374704,0
374705,0
374706,0
374707,0
374708,0
374709,0
374710,0
374711,6
374712,0
374713,0
374714,0
374715,0
374716,2
374717,0
374718,0
374719,7
374720,0
374721,0
374722,0
374723,0
374724,0
374725,0
374726,0
374727,0
374728,0
374729,0
374730,0
374731,0
374732,0
374733,7
374734,0
374735,0
374736,0
374737,0
374738,0
374739,5
374740,0
374741,0
374742,0
374743,0
374744,7
374745,6
374746,8
374747,0
374748,0
374749,0
374750,0
374751,0
374752,0
374753,3
374754,0
374755,0
374756,6
374757,0
374758,0
374759,0
374760,1
374761,0
374762,0
374763,0
374764,0
374765,0
374766,0
374767,0
374768,0
374769,0
374770,0
374771,0
374772,0
374773,0
374774,3
374775,0
374776,0
374777,0
374778,0
374779,0
374780,0
374781,0
374782,0
374783,4
374784,0
374785,0
374786,5
374787,0
374788,0
374789,0
374790,0
374791,0
374792,0
374793,9
374794,5
374795,4
374796,0
374797,3
374798,0
374799,0
374800,0
374801,0
374802,6
374803,0
374804,0
374805,0
374806,0
374807,0
374808,13
374809,0
374810,0
374811,0
374812,0
374813,0
374814,0
374815,0
374816,0
374817,0
374818,0
374819,0
374820,0
374821,0
374822,0
374823,0
374824,0
374825,2
374826,0
374827,0
374828,0
374829,0
374830,4
374831,0
374832,0
374833,0
374834,0
374835,0
374836,0
374837,0
374838,0
374839,0
374840,5
374841,0
374842,0
374843,0
374844,0
374845,0
374846,0
374847,0
374848,0
374849,0
374850,0
374851,0
374852,0
374853,0
374854,0
374855,0
374856,0
374857,0
374858,0
374859,0
374860,3
374861,0
374862,0
374863,0
374864,0
374865,0
374866,0
374867,0
374868,0
374869,0
374870,0
374871,0
374872,0
374873,5
374874,0
374875,8
374876,0
374877,0
374878,0
374879,0
374880,3
374881,0
374882,0
374883,0
374884,0
374885,0
374886,0
374887,0
374888,5
374889,0
374890,0
374891,0
374892,6
374893,0
374894,0
374895,0
374896,0
374897,2
374898,0
374899,7
374900,0
374901,0
374902,0
374903,0
374904,0
374905,0
374906,0
374907,0
374908,0
374909,0
374910,2
374911,0
374912,6
374913,0
374914,0
374915,0
374916,7
374917,0
374918,0
374919,0
374920,0
374921,0
374922,0
374923,0
374924,0
374925,0
374926,0
374927,0
374928,0
374929,3
374930,4
374931,0
374932,4
374933,0
374934,0
374935,0
374936,0
374937,0
374938,0
374939,0
374940,7
374941,0
374942,0
374943,0
374944,0
374945,0
374946,0
374947,0
374948,0
374949,0
374950,0
374951,0
374952,0
374953,0
374954,0
374955,0
374956,0
374957,0
374958,0
374959,0
374960,0
374961,0
374962,0
374963,0
374964,0
374965,0
374966,0
374967,0
374968,0
374969,0
374970,0
374971,6
374972,0
374973,0
374974,0
374975,0
374976,0
374977,0
374978,0
374979,0
374980,0
374981,0
374982,0
374983,3
374984,0
374985,0
374986,0
374987,0
374988,3
374989,0
374990,8
374991,2
374992,0
374993,0
374994,0
374995,0
374996,4
374997,0
374998,0
374999,0
375000,9
375001,0
375002,4
375003,0
375004,0
375005,0
375006,0
375007,0
375008,0
375009,0
375010,0
375011,0
375012,2
375013,0
375014,0
375015,0
375016,0
375017,0
375018,0
375019,0
375020,2
375021,0
375022,0
375023,0
375024,0
375025,0
375026,0
375027,0
375028,0
375029,6
375030,0
375031,0
375032,0
375033,0
375034,0
375035,0
375036,0
375037,0
375038,0
375039,0
375040,0
375041,0
375042,4
375043,0
375044,0
375045,0
375046,0
375047,0
375048,0
375049,0
375050,7
375051,0
375052,0
375053,0
375054,0
375055,0
375056,0
375057,0
375058,0
375059,5
375060,0
375061,0
375062,0
375063,0
375064,0
375065,0
375066,0
375067,0
375068,2
375069,4
375070,0
375071,0
375072,0
375073,0
375074,0
375075,0
375076,4
375077,0
375078,0
375079,0
375080,0
375081,0
375082,0
375083,0
375084,0
375085,0
375086,4
375087,0
375088,0
375089,0
375090,0
375091,3
375092,0
375093,0
375094,0
375095,0
375096,0
375097,0
375098,0
375099,0
375100,5
375101,0
375102,0
375103,4
375104,0
375105,0
375106,0
375107,0
375108,4
375109,0
375110,0
375111,0
375112,3
375113,0
375114,0
375115,0
375116,0
375117,0
375118,0
375119,0
375120,0
375121,3
375122,0
375123,0
375124,0
375125,3
375126,6
375127,0
375128,2
375129,0
375130,0
375131,0
375132,0
375133,0
375134,0
375135,8
375136,0
375137,8
375138,10
375139,0
375140,0
375141,1
375142,0
375143,0
375144,0
375145,0
375146,0
375147,0
375148,5
375149,0
375150,0
375151,0
375152,0
375153,0
375154,0
375155,0
375156,0
375157,0
375158,8
375159,0
375160,4
375161,0
375162,0
375163,0
375164,0
375165,8
375166,0
375167,0
375168,0
375169,0
375170,8
375171,0
375172,0
375173,0
375174,0
375175,2
375176,0
375177,4
375178,7
375179,0
375180,0
375181,2
375182,0
375183,0
375184,0
375185,0
375186,0
375187,6
375188,0
375189,6
375190,0
375191,0
375192,0
375193,0
375194,0
375195,0
375196,0
375197,0
375198,0
375199,0
375200,2
375201,0
375202,0
375203,0
375204,0
375205,0
375206,0
375207,0
375208,0
375209,6
375210,0
375211,0
375212,0
375213,0
375214,0
375215,0
375216,0
375217,0
375218,0
375219,0
375220,0
375221,0
375222,0
375223,0
375224,0
375225,0
375226,4
375227,4
375228,0
375229,0
375230,0
375231,0
375232,0
375233,0
375234,0
375235,4
375236,0
375237,0
375238,0
375239,0
375240,0
375241,0
375242,0
375243,2
375244,0
375245,0
375246,0
375247,0
375248,0
375249,0
375250,0
375251,0
375252,0
375253,0
375254,0
375255,6
375256,0
375257,0
375258,0
375259,0
375260,0
375261,0
375262,3
375263,0
375264,4
375265,0
375266,1
375267,0
375268,0
375269,0
375270,0
375271,0
375272,0
375273,0
375274,0
375275,0
375276,0
375277,0
375278,0
375279,0
375280,0
375281,0
375282,0
375283,0
375284,0
375285,0
375286,6
375287,0
375288,0
375289,0
375290,0
375291,0
375292,0
375293,0
375294,0
375295,0
375296,0
375297,0
375298,0
375299,0
375300,0
375301,5
375302,0
375303,5
375304,0
375305,0
375306,0
375307,0
375308,0
375309,0
375310,0
375311,0
375312,0
375313,0
375314,0
375315,0
375316,4
375317,0
375318,3
375319,0
375320,0
375321,0
375322,0
375323,0
375324,0
375325,0
375326,0
375327,0
375328,0
375329,0
375330,0
375331,0
375332,7
375333,0
375334,0
375335,0
375336,0
375337,0
375338,0
375339,0
375340,0
375341,0
375342,0
375343,0
375344,0
375345,1
375346,0
375347,0
375348,0
375349,0
375350,0
375351,0
375352,0
375353,0
375354,3
375355,0
375356,0
375357,5
375358,0
375359,0
375360,0
375361,0
375362,0
375363,0
375364,0
375365,0
375366,0
375367,3
375368,0
375369,5
375370,0
375371,0
375372,9
375373,0
375374,0
375375,0
375376,0
375377,0
375378,0
375379,0
375380,0
375381,0
375382,0
375383,0
375384,0
375385,0
375386,4
375387,0
375388,4
375389,0
375390,3
375391,0
375392,0
375393,0
375394,0
375395,0
375396,0
375397,0
375398,3
375399,0
375400,0
375401,9
375402,0
375403,0
375404,0
375405,0
375406,2
375407,5
375408,0
375409,0
375410,0
375411,0
375412,5
375413,0
375414,0
375415,0
375416,9
375417,0
375418,0
375419,0
375420,0
375421,0
375422,4
375423,6
375424,0
375425,0
375426,0
375427,0
375428,0
375429,0
375430,0
375431,11
375432,0
375433,0
375434,0
375435,0
375436,0
375437,0
375438,7
375439,0
375440,4
375441,0
375442,0
375443,0
375444,0
375445,0
375446,0
375447,4
375448,0
375449,0
375450,7
375451,0
375452,0
375453,0
375454,0
375455,0
375456,0
375457,0
375458,0
375459,0
375460,0
375461,0
375462,0
375463,0
375464,4
375465,0
375466,3
375467,0
375468,0
375469,0
375470,0
375471,0
375472,0
375473,0
375474,0
375475,0
375476,0
375477,0
375478,0
375479,4
375480,0
375481,0
375482,0
375483,0
375484,6
375485,0
375486,0
375487,0
375488,0
375489,6
375490,1
375491,0
375492,0
375493,0
375494,0
375495,0
375496,3
375497,7
375498,0
375499,0
375500,0
375501,0
375502,0
375503,0
375504,2
375505,0
375506,0
375507,0
375508,0
375509,3
375510,0
375511,4
375512,0
375513,0
375514,0
375515,4
375516,0
375517,0
375518,0
375519,0
375520,0
375521,0
375522,0
375523,0
375524,0
375525,4
375526,0
375527,0
375528,0
375529,0
375530,0
375531,0
375532,0
375533,4
375534,0
375535,0
375536,0
375537,2
375538,0
375539,4
375540,0
375541,0
375542,0
375543,0
375544,0
375545,0
375546,0
375547,0
375548,0
375549,0
375550,3
375551,0
375552,0
375553,0
375554,0
375555,0
375556,0
375557,0
375558,0
375559,4
375560,0
375561,0
375562,0
375563,0
375564,0
375565,0
375566,3
375567,0
375568,0
375569,0
375570,0
375571,3
375572,0
375573,0
375574,5
375575,0
375576,0
375577,0
375578,0
375579,0
375580,0
375581,0
375582,0
375583,0
375584,0
375585,0
375586,4
375587,0
375588,0
375589,0
375590,0
375591,0
375592,0
375593,4
375594,3
375595,0
375596,0
375597,1
375598,2
375599,0
375600,5
375601,0
375602,0
375603,0
375604,0
375605,3
375606,0
375607,1
375608,0
375609,4
375610,0
375611,0
375612,1
375613,0
375614,0
375615,0
375616,0
375617,0
375618,0
375619,0
375620,0
375621,0
375622,5
375623,0
375624,4
375625,2
375626,1
375627,7
375628,2
375629,0
375630,2
375631,0
375632,0
375633,0
375634,0
375635,0
375636,0
375637,0
375638,0
375639,0
375640,0
375641,5
375642,0
375643,0
375644,0
375645,0
375646,5
375647,6
375648,0
375649,0
375650,0
375651,0
375652,0
375653,0
375654,0
375655,6
375656,4
375657,0
375658,0
375659,0
375660,0
375661,1
375662,4
375663,0
375664,0
375665,4
375666,0
375667,4
375668,0
375669,0
375670,0
375671,1
375672,4
375673,0
375674,1
375675,0
375676,1
375677,0
375678,0
375679,2
375680,0
375681,0
375682,0
375683,0
375684,0
375685,0
375686,0
375687,0
375688,0
375689,0
375690,0
375691,0
375692,0
375693,1
375694,0
375695,5
375696,0
375697,0
375698,1
375699,0
375700,5
375701,0
375702,0
375703,0
375704,0
375705,0
375706,0
375707,3
375708,6
375709,6
375710,2
375711,0
375712,0
375713,0
375714,2
375715,0
375716,3
375717,0
375718,4
375719,0
375720,0
375721,5
375722,0
375723,5
375724,0
375725,0
375726,0
375727,0
375728,0
375729,5
375730,0
375731,0
375732,0
375733,5
375734,0
375735,0
375736,0
375737,0
375738,5
375739,0
375740,2
375741,5
375742,0
375743,0
375744,0
375745,0
375746,1
375747,0
375748,0
375749,0
375750,3
375751,0
375752,3
375753,0
375754,1
375755,3
375756,0
375757,2
375758,4
375759,1
375760,0
375761,0
375762,0
375763,0
375764,0
375765,0
375766,0
375767,0
375768,0
375769,0
375770,0
375771,3
375772,1
375773,0
375774,0
375775,3
375776,0
375777,0
375778,4
375779,0
375780,5
375781,0
375782,0
375783,0
375784,0
375785,0
375786,0
375787,2
375788,0
375789,0
375790,0
375791,0
375792,0
375793,0
375794,0
375795,6
375796,3
375797,0
375798,3
375799,0
375800,0
375801,4
375802,0
375803,0
375804,0
375805,0
375806,3
375807,0
375808,0
375809,0
375810,0
375811,0
375812,0
375813,0
375814,0
375815,0
375816,0
375817,0
375818,0
375819,0
375820,3
375821,0
375822,0
375823,0
375824,0
375825,0
375826,0
375827,0
375828,0
375829,0
375830,1
375831,0
375832,0
375833,0
375834,4
375835,0
375836,0
375837,0
375838,0
375839,2
375840,3
375841,0
375842,3
375843,0
375844,0
375845,0
375846,3
375847,1
375848,1
375849,0
375850,0
375851,3
375852,1
375853,0
375854,0
375855,6
375856,0
375857,0
375858,0
375859,0
375860,0
375861,0
375862,4
375863,0
375864,4
375865,0
375866,0
375867,2
375868,0
375869,0
375870,4
375871,0
375872,2
375873,0
375874,6
375875,0
375876,5
375877,0
375878,0
375879,0
375880,0
375881,0
375882,0
375883,0
375884,0
375885,0
375886,0
375887,1
375888,0
375889,0
375890,0
375891,0
375892,4
375893,3
375894,0
375895,0
375896,8
375897,2
375898,6
375899,0
375900,4
375901,0
375902,2
375903,0
375904,0
375905,0
375906,0
375907,0
375908,3
375909,0
375910,0
375911,3
375912,0
375913,0
375914,0
375915,0
375916,0
375917,4
375918,0
375919,2
375920,0
375921,0
375922,0
375923,0
375924,4
375925,6
375926,2
375927,0
375928,4
375929,0
375930,0
375931,0
375932,0
375933,0
375934,0
375935,0
375936,0
375937,0
375938,2
375939,0
375940,0
375941,0
375942,0
375943,0
375944,0
375945,1
375946,3
375947,0
375948,0
375949,0
375950,0
375951,0
375952,0
375953,0
375954,5
375955,0
375956,0
375957,0
375958,0
375959,0
375960,1
375961,0
375962,2
375963,0
375964,0
375965,0
375966,4
375967,0
375968,0
375969,0
375970,0
375971,1
375972,0
375973,0
375974,0
375975,5
375976,0
375977,0
375978,0
375979,0
375980,3
375981,0
375982,2
375983,0
375984,3
375985,1
375986,0
375987,0
375988,0
375989,0
375990,0
375991,0
375992,0
375993,0
375994,0
375995,0
375996,0
375997,4
375998,0
375999,0
376000,0
376001,0
376002,0
376003,0
376004,0
376005,0
376006,0
376007,0
376008,0
376009,0
376010,0
376011,0
376012,0
376013,5
376014,3
376015,0
376016,0
376017,0
376018,0
376019,9
376020,0
376021,0
376022,0
376023,0
376024,0
376025,0
376026,2
376027,0
376028,0
376029,0
376030,0
376031,0
376032,3
376033,0
376034,0
376035,0
376036,4
376037,0
376038,3
376039,0
376040,6
376041,0
376042,0
376043,3
376044,0
376045,2
376046,0
376047,0
376048,0
376049,0
376050,2
376051,3
376052,0
376053,0
376054,3
376055,0
376056,0
376057,2
376058,6
376059,2
376060,0
376061,0
376062,0
376063,0
376064,3
376065,0
376066,0
376067,3
376068,1
376069,0
376070,5
376071,0
376072,0
376073,0
376074,0
376075,0
376076,0
376077,0
376078,0
376079,0
376080,0
376081,0
376082,0
376083,0
376084,0
376085,3
376086,0
376087,0
376088,0
376089,3
376090,0
376091,0
376092,0
376093,0
376094,3
376095,5
376096,0
376097,1
376098,4
376099,0
376100,0
376101,0
376102,0
376103,0
376104,2
376105,0
376106,0
376107,3
376108,0
376109,2
376110,0
376111,0
376112,0
376113,0
376114,0
376115,0
376116,0
376117,5
376118,0
376119,0
376120,0
376121,3
376122,4
376123,4
376124,0
376125,5
376126,0
376127,0
376128,0
376129,0
376130,0
376131,0
376132,4
376133,0
376134,0
376135,2
376136,0
376137,0
376138,0
376139,0
376140,0
376141,0
376142,0
376143,0
376144,0
376145,2
376146,0
376147,0
376148,0
376149,0
376150,0
376151,0
376152,0
376153,0
376154,4
376155,4
376156,0
376157,1
376158,3
376159,0
376160,0
376161,6
376162,0
376163,0
376164,0
376165,6
376166,0
376167,0
376168,0
376169,0
376170,0
376171,0
376172,0
376173,0
376174,3
376175,0
376176,7
376177,0
376178,0
376179,5
376180,0
376181,0
376182,0
376183,0
376184,0
376185,5
376186,0
376187,0
376188,0
376189,0
376190,0
376191,0
376192,0
376193,0
376194,0
376195,4
376196,0
376197,0
376198,0
376199,0
376200,0
376201,0
376202,0
376203,0
376204,3
376205,0
376206,0
376207,0
376208,0
376209,0
376210,6
376211,0
376212,0
376213,0
376214,0
376215,0
376216,0
376217,1
376218,0
376219,0
376220,0
376221,0
376222,0
376223,0
376224,2
376225,0
376226,5
376227,0
376228,0
376229,0
376230,4
376231,0
376232,0
376233,0
376234,3
376235,2
376236,0
376237,0
376238,0
376239,0
376240,0
376241,0
376242,0
376243,0
376244,0
376245,0
376246,3
376247,0
376248,0
376249,0
376250,0
376251,0
376252,3
376253,3
376254,0
376255,5
376256,0
376257,0
376258,0
376259,0
376260,2
376261,0
376262,0
376263,1
376264,1
376265,0
376266,0
376267,0
376268,0
376269,0
376270,0
376271,0
376272,4
376273,1
376274,0
376275,0
376276,3
376277,0
376278,0
376279,0
376280,0
376281,0
376282,5
376283,0
376284,3
376285,0
376286,0
376287,0
376288,0
376289,0
376290,0
376291,6
376292,0
376293,0
376294,0
376295,0
376296,0
376297,0
376298,0
376299,0
376300,0
376301,0
376302,0
376303,8
376304,0
376305,0
376306,0
376307,0
376308,4
376309,4
376310,0
376311,4
376312,0
376313,0
376314,0
376315,0
376316,3
376317,0
376318,0
376319,0
376320,2
376321,0
376322,0
376323,0
376324,0
376325,1
376326,0
376327,0
376328,0
376329,0
376330,0
376331,0
376332,0
376333,0
376334,0
376335,0
376336,0
376337,0
376338,0
376339,0
376340,0
376341,0
376342,0
376343,0
376344,0
376345,0
376346,0
376347,0
376348,0
376349,0
376350,0
376351,0
376352,0
376353,0
376354,0
376355,0
376356,0
376357,0
376358,0
376359,0
376360,0
376361,0
376362,0
376363,0
376364,0
376365,0
376366,0
376367,0
376368,0
376369,0
376370,0
376371,0
376372,0
376373,0
376374,0
376375,0
376376,0
376377,0
376378,0
376379,0
376380,0
376381,0
376382,0
376383,0
376384,0
376385,0
376386,0
376387,0
376388,0
376389,0
376390,0
376391,0
376392,0
376393,0
376394,0
376395,0
376396,0
376397,0
376398,0
376399,0
376400,0
376401,0
376402,0
376403,0
376404,0
376405,0
376406,0
376407,0
376408,0
376409,0
376410,0
376411,0
376412,0
376413,0
376414,0
376415,0
376416,0
376417,0
376418,0
376419,0
376420,0
376421,0
376422,0
376423,0
376424,0
376425,0
376426,0
376427,0
376428,0
376429,0
376430,0
376431,0
376432,0
376433,0
376434,0
376435,0
376436,0
376437,0
376438,0
376439,0
376440,0
376441,0
376442,0
376443,0
376444,0
376445,0
376446,0
376447,0
376448,0
376449,0
376450,0
376451,0
376452,0
376453,0
376454,0
376455,0
376456,0
376457,0
376458,0
376459,0
376460,0
376461,0
376462,0
376463,0
376464,0
376465,0
376466,0
376467,0
376468,0
376469,0
376470,0
376471,0
376472,0
376473,0
376474,0
376475,0
376476,0
376477,0
376478,0
376479,0
376480,0
376481,0
376482,0
376483,0
376484,0
376485,0
376486,0
376487,0
376488,0
376489,0
376490,0
376491,0
376492,0
376493,0
376494,0
376495,0
376496,0
376497,0
376498,0
376499,0
376500,0
376501,0
376502,0
376503,0
376504,0
376505,0
376506,0
376507,0
376508,1
376509,0
376510,0
376511,0
376512,0
376513,0
376514,0
376515,0
376516,0
376517,0
376518,0
376519,0
376520,0
376521,0
376522,0
376523,0
376524,0
376525,0
376526,0
376527,0
376528,0
376529,0
376530,0
376531,0
376532,0
376533,0
376534,0
376535,0
376536,0
376537,0
376538,0
376539,0
376540,0
376541,0
376542,0
376543,0
376544,0
376545,0
376546,0
376547,0
376548,0
376549,0
376550,0
376551,0
376552,0
376553,0
376554,0
376555,0
376556,0
376557,0
376558,0
376559,0
376560,0
376561,0
376562,0
376563,0
376564,0
376565,0
376566,0
376567,0
376568,0
376569,0
376570,0
376571,0
376572,0
376573,0
376574,0
376575,0
376576,0
376577,0
376578,0
376579,0
376580,0
376581,0
376582,0
376583,0
376584,0
376585,0
376586,0
376587,0
376588,0
376589,0
376590,0
376591,0
376592,0
376593,0
376594,0
376595,0
376596,0
376597,0
376598,0
376599,0
376600,0
376601,0
376602,0
376603,0
376604,0
376605,0
376606,0
376607,0
376608,0
376609,0
376610,0
376611,0
376612,0
376613,0
376614,0
376615,0
376616,0
376617,0
376618,0
376619,0
376620,0
376621,0
376622,0
376623,0
376624,0
376625,0
376626,0
376627,0
376628,0
376629,0
376630,0
376631,0
376632,0
376633,0
376634,0
376635,0
376636,0
376637,0
376638,0
376639,0
376640,0
376641,0
376642,1
376643,0
376644,0
376645,0
376646,0
376647,0
376648,0
376649,0
376650,0
376651,0
376652,0
376653,0
376654,0
376655,0
376656,0
376657,0
376658,0
376659,0
376660,0
376661,0
376662,0
376663,0
376664,0
376665,0
376666,0
376667,0
376668,0
376669,0
376670,0
376671,0
376672,0
376673,0
376674,0
376675,0
376676,0
376677,0
376678,0
376679,0
376680,0
376681,0
376682,0
376683,0
376684,0
376685,0
376686,0
376687,0
376688,0
376689,0
376690,0
376691,0
376692,0
376693,0
376694,0
376695,0
376696,0
376697,0
376698,0
376699,0
376700,0
376701,0
376702,0
376703,0
376704,0
376705,0
376706,0
376707,0
376708,0
376709,0
376710,0
376711,0
376712,0
376713,0
376714,0
376715,0
376716,0
376717,0
376718,0
376719,0
376720,0
376721,0
376722,0
376723,0
376724,0
376725,0
376726,0
376727,0
376728,0
376729,0
376730,0
376731,0
376732,0
376733,0
376734,0
376735,0
376736,0
376737,0
376738,0
376739,0
376740,0
376741,0
376742,0
376743,0
376744,0
376745,0
376746,0
376747,0
376748,0
376749,0
376750,0
376751,0
376752,0
376753,0
376754,0
376755,0
376756,0
376757,0
376758,0
376759,0
376760,0
376761,0
376762,0
376763,0
376764,0
376765,0
376766,0
376767,0
376768,0
376769,0
376770,1
376771,0
376772,0
376773,0
376774,0
376775,0
376776,0
376777,0
376778,0
376779,0
376780,0
376781,0
376782,0
376783,12
376784,0
376785,0
376786,0
376787,0
376788,0
376789,0
376790,0
376791,0
376792,0
376793,0
376794,0
376795,0
376796,22
376797,16
376798,0
376799,0
376800,0
376801,0
376802,0
376803,0
376804,0
376805,0
376806,6
376807,8
376808,0
376809,0
376810,0
376811,0
376812,0
376813,0
376814,35
376815,0
376816,14
376817,0
376818,0
376819,0
376820,0
376821,0
376822,0
376823,27
376824,0
376825,0
376826,34
376827,0
376828,15
376829,0
376830,0
376831,0
376832,13
376833,0
376834,0
376835,0
376836,0
376837,0
376838,0
376839,0
376840,0
376841,0
376842,0
376843,14
376844,0
376845,17
376846,0
376847,0
376848,0
376849,0
376850,7
376851,0
376852,0
376853,17
376854,0
376855,0
376856,0
376857,0
376858,0
376859,0
376860,0
376861,0
376862,0
376863,0
376864,0
376865,0
376866,0
376867,0
376868,0
376869,0
376870,0
376871,0
376872,12
376873,0
376874,0
376875,0
376876,0
376877,9
376878,0
376879,0
376880,17
376881,0
376882,16
376883,0
376884,28
376885,0
376886,0
376887,0
376888,0
376889,0
376890,0
376891,0
376892,23
376893,0
376894,0
376895,0
376896,0
376897,0
376898,0
376899,11
376900,0
376901,0
376902,0
376903,14
376904,11
376905,0
376906,0
376907,0
376908,0
376909,0
376910,0
376911,0
376912,13
376913,0
376914,0
376915,0
376916,0
376917,28
376918,0
376919,0
376920,0
376921,0
376922,0
376923,0
376924,0
376925,0
376926,0
376927,0
376928,12
376929,0
376930,0
376931,0
376932,0
376933,12
376934,0
376935,21
376936,0
376937,0
376938,0
376939,0
376940,0
376941,0
376942,17
376943,12
376944,0
376945,0
376946,0
376947,25
376948,0
376949,0
376950,0
376951,0
376952,18
376953,28
376954,21
376955,21
376956,0
376957,0
376958,0
376959,17
376960,0
376961,0
376962,12
376963,0
376964,0
376965,24
376966,0
376967,0
376968,0
376969,0
376970,0
376971,0
376972,0
376973,0
376974,0
376975,0
376976,0
376977,0
376978,0
376979,0
376980,37
376981,0
376982,25
376983,0
376984,0
376985,0
376986,0
376987,0
376988,0
376989,0
376990,0
376991,25
376992,0
376993,0
376994,0
376995,0
376996,24
376997,0
376998,0
376999,0
377000,15
377001,10
377002,0
377003,0
377004,27
377005,0
377006,24
377007,0
377008,0
377009,0
377010,0
377011,21
377012,28
377013,0
377014,0
377015,0
377016,0
377017,0
377018,0
377019,0
377020,0
377021,0
377022,0
377023,0
377024,0
377025,0
377026,0
377027,0
377028,0
377029,0
377030,0
377031,9
377032,0
377033,0
377034,0
377035,0
377036,0
377037,0
377038,0
377039,0
377040,0
377041,0
377042,0
377043,0
377044,20
377045,0
377046,0
377047,14
377048,0
377049,11
377050,0
377051,37
377052,0
377053,0
377054,0
377055,0
377056,20
377057,0
377058,0
377059,0
377060,15
377061,0
377062,24
377063,21
377064,0
377065,0
377066,0
377067,0
377068,0
377069,0
377070,18
377071,18
377072,0
377073,0
377074,0
377075,0
377076,0
377077,21
377078,0
377079,0
377080,0
377081,0
377082,0
377083,0
377084,0
377085,0
377086,0
377087,0
377088,0
377089,14
377090,0
377091,0
377092,0
377093,21
377094,21
377095,25
377096,0
377097,0
377098,20
377099,0
377100,0
377101,0
377102,14
377103,0
377104,17
377105,0
377106,0
377107,0
377108,20
377109,0
377110,0
377111,0
377112,0
377113,19
377114,0
377115,0
377116,0
377117,0
377118,0
377119,16
377120,0
377121,11
377122,0
377123,0
377124,0
377125,0
377126,0
377127,0
377128,0
377129,0
377130,0
377131,0
377132,0
377133,14
377134,0
377135,0
377136,0
377137,0
377138,16
377139,0
377140,0
377141,0
377142,19
377143,0
377144,0
377145,0
377146,0
377147,0
377148,15
377149,0
377150,15
377151,0
377152,0
377153,0
377154,18
377155,15
377156,0
377157,0
377158,15
377159,0
377160,0
377161,0
377162,0
377163,0
377164,0
377165,18
377166,0
377167,0
377168,17
377169,12
377170,0
377171,26
377172,0
377173,0
377174,11
377175,14
377176,23
377177,0
377178,0
377179,7
377180,0
377181,27
377182,0
377183,16
377184,0
377185,0
377186,0
377187,0
377188,0
377189,0
377190,10
377191,0
377192,0
377193,0
377194,0
377195,0
377196,0
377197,0
377198,0
377199,11
377200,26
377201,15
377202,0
377203,0
377204,24
377205,0
377206,0
377207,0
377208,0
377209,16
377210,0
377211,0
377212,0
377213,0
377214,0
377215,0
377216,0
377217,35
377218,0
377219,0
377220,0
377221,0
377222,0
377223,0
377224,0
377225,0
377226,0
377227,0
377228,0
377229,0
377230,0
377231,0
377232,0
377233,0
377234,0
377235,0
377236,0
377237,0
377238,0
377239,0
377240,0
377241,0
377242,0
377243,0
377244,0
377245,0
377246,0
377247,0
377248,0
377249,0
377250,0
377251,0
377252,0
377253,24
377254,0
377255,28
377256,0
377257,14
377258,0
377259,15
377260,0
377261,0
377262,0
377263,0
377264,0
377265,0
377266,24
377267,0
377268,0
377269,0
377270,17
377271,0
377272,0
377273,0
377274,0
377275,0
377276,0
377277,14
377278,0
377279,0
377280,15
377281,18
377282,0
377283,0
377284,0
377285,0
377286,0
377287,0
377288,0
377289,0
377290,0
377291,0
377292,0
377293,0
377294,0
377295,0
377296,13
377297,0
377298,0
377299,0
377300,0
377301,0
377302,0
377303,0
377304,0
377305,19
377306,19
377307,16
377308,0
377309,0
377310,0
377311,0
377312,18
377313,0
377314,22
377315,0
377316,0
377317,11
377318,0
377319,0
377320,0
377321,0
377322,25
377323,0
377324,0
377325,0
377326,0
377327,0
377328,0
377329,0
377330,0
377331,0
377332,0
377333,0
377334,0
377335,0
377336,0
377337,0
377338,0
377339,18
377340,0
377341,0
377342,0
377343,0
377344,0
377345,0
377346,0
377347,31
377348,0
377349,0
377350,0
377351,0
377352,0
377353,0
377354,0
377355,0
377356,0
377357,0
377358,0
377359,0
377360,17
377361,0
377362,0
377363,0
377364,0
377365,0
377366,0
377367,27
377368,0
377369,0
377370,0
377371,0
377372,0
377373,0
377374,0
377375,0
377376,0
377377,0
377378,9
377379,0
377380,0
377381,0
377382,27
377383,23
377384,0
377385,0
377386,8
377387,8
377388,12
377389,0
377390,17
377391,0
377392,0
377393,0
377394,13
377395,0
377396,0
377397,0
377398,0
377399,0
377400,0
377401,0
377402,0
377403,0
377404,0
377405,0
377406,0
377407,0
377408,0
377409,33
377410,0
377411,0
377412,0
377413,0
377414,19
377415,0
377416,0
377417,0
377418,0
377419,0
377420,0
377421,0
377422,0
377423,0
377424,0
377425,0
377426,0
377427,14
377428,0
377429,0
377430,0
377431,31
377432,0
377433,0
377434,0
377435,0
377436,0
377437,21
377438,0
377439,0
377440,0
377441,0
377442,0
377443,0
377444,0
377445,19
377446,0
377447,0
377448,0
377449,0
377450,0
377451,0
377452,0
377453,0
377454,0
377455,0
377456,0
377457,0
377458,0
377459,0
377460,0
377461,0
377462,0
377463,10
377464,21
377465,0
377466,0
377467,0
377468,0
377469,12
377470,7
377471,0
377472,17
377473,0
377474,0
377475,35
377476,0
377477,0
377478,0
377479,0
377480,0
377481,0
377482,0
377483,0
377484,0
377485,12
377486,0
377487,0
377488,0
377489,0
377490,0
377491,19
377492,0
377493,0
377494,0
377495,0
377496,0
377497,0
377498,25
377499,0
377500,0
377501,0
377502,13
377503,0
377504,0
377505,17
377506,0
377507,0
377508,0
377509,0
377510,34
377511,0
377512,6
377513,0
377514,0
377515,36
377516,0
377517,0
377518,15
377519,0
377520,0
377521,0
377522,0
377523,0
377524,23
377525,0
377526,0
377527,0
377528,0
377529,0
377530,0
377531,0
377532,11
377533,0
377534,0
377535,0
377536,19
377537,0
377538,0
377539,0
377540,0
377541,0
377542,0
377543,0
377544,19
377545,9
377546,0
377547,23
377548,0
377549,0
377550,0
377551,0
377552,0
377553,22
377554,0
377555,0
377556,0
377557,0
377558,0
377559,0
377560,0
377561,0
377562,0
377563,0
377564,0
377565,7
377566,0
377567,0
377568,0
377569,0
377570,0
377571,0
377572,0
377573,0
377574,24
377575,0
377576,0
377577,0
377578,0
377579,0
377580,0
377581,15
377582,0
377583,0
377584,0
377585,16
377586,0
377587,0
377588,0
377589,0
377590,0
377591,0
377592,0
377593,18
377594,0
377595,0
377596,0
377597,21
377598,0
377599,0
377600,0
377601,0
377602,10
377603,0
377604,0
377605,0
377606,0
377607,0
377608,0
377609,0
377610,9
377611,0
377612,14
377613,0
377614,0
377615,0
377616,0
377617,24
377618,0
377619,0
377620,0
377621,0
377622,0
377623,15
377624,0
377625,0
377626,28
377627,0
377628,0
377629,0
377630,0
377631,0
377632,0
377633,19
377634,9
377635,20
377636,0
377637,0
377638,0
377639,0
377640,0
377641,0
377642,0
377643,0
377644,0
377645,0
377646,0
377647,0
377648,0
377649,0
377650,0
377651,0
377652,1
377653,0
377654,0
377655,0
377656,0
377657,1
377658,0
377659,0
377660,0
377661,0
377662,0
377663,0
377664,0
377665,0
377666,0
377667,0
377668,0
377669,0
377670,0
377671,0
377672,0
377673,0
377674,0
377675,2
377676,2
377677,0
377678,0
377679,5
377680,0
377681,0
377682,0
377683,0
377684,1
377685,0
377686,0
377687,0
377688,0
377689,0
377690,0
377691,0
377692,0
377693,0
377694,0
377695,0
377696,0
377697,0
377698,0
377699,0
377700,5
377701,0
377702,0
377703,0
377704,0
377705,0
377706,0
377707,0
377708,0
377709,0
377710,2
377711,0
377712,0
377713,0
377714,0
377715,0
377716,0
377717,0
377718,0
377719,0
377720,0
377721,0
377722,0
377723,0
377724,0
377725,0
377726,0
377727,4
377728,0
377729,0
377730,0
377731,0
377732,0
377733,0
377734,0
377735,0
377736,0
377737,0
377738,0
377739,0
377740,0
377741,0
377742,0
377743,0
377744,0
377745,0
377746,3
377747,0
377748,0
377749,0
377750,0
377751,0
377752,0
377753,0
377754,0
377755,0
377756,0
377757,0
377758,0
377759,0
377760,0
377761,2
377762,0
377763,0
377764,0
377765,0
377766,0
377767,0
377768,0
377769,0
377770,0
377771,0
377772,0
377773,2
377774,0
377775,0
377776,0
377777,0
377778,0
377779,0
377780,0
377781,0
377782,0
377783,0
377784,0
377785,0
377786,0
377787,0
377788,2
377789,0
377790,0
377791,0
377792,0
377793,0
377794,0
377795,3
377796,0
377797,0
377798,0
377799,0
377800,0
377801,2
377802,0
377803,0
377804,0
377805,0
377806,0
377807,0
377808,0
377809,0
377810,0
377811,0
377812,0
377813,0
377814,0
377815,0
377816,0
377817,1
377818,0
377819,0
377820,0
377821,0
377822,0
377823,0
377824,0
377825,0
377826,0
377827,0
377828,0
377829,1
377830,0
377831,0
377832,0
377833,0
377834,0
377835,0
377836,0
377837,0
377838,4
377839,0
377840,0
377841,3
377842,0
377843,0
377844,0
377845,0
377846,0
377847,0
377848,0
377849,0
377850,0
377851,0
377852,0
377853,0
377854,4
377855,0
377856,0
377857,0
377858,0
377859,0
377860,0
377861,0
377862,1
377863,0
377864,0
377865,0
377866,0
377867,0
377868,0
377869,0
377870,0
377871,0
377872,0
377873,0
377874,0
377875,0
377876,0
377877,0
377878,0
377879,0
377880,0
377881,0
377882,0
377883,0
377884,0
377885,0
377886,0
377887,0
377888,0
377889,0
377890,0
377891,0
377892,0
377893,0
377894,0
377895,0
377896,0
377897,2
377898,0
377899,0
377900,0
377901,0
377902,0
377903,0
377904,0
377905,2
377906,0
377907,0
377908,0
377909,2
377910,0
377911,0
377912,3
377913,0
377914,0
377915,0
377916,0
377917,0
377918,0
377919,0
377920,0
377921,0
377922,0
377923,0
377924,0
377925,0
377926,0
377927,0
377928,0
377929,0
377930,0
377931,0
377932,0
377933,0
377934,0
377935,0
377936,0
377937,0
377938,0
377939,0
377940,0
377941,0
377942,0
377943,0
377944,0
377945,0
377946,0
377947,0
377948,1
377949,0
377950,0
377951,0
377952,0
377953,0
377954,0
377955,0
377956,0
377957,0
377958,0
377959,0
377960,0
377961,3
377962,0
377963,0
377964,0
377965,0
377966,4
377967,0
377968,0
377969,0
377970,0
377971,0
377972,2
377973,0
377974,0
377975,0
377976,0
377977,0
377978,0
377979,0
377980,0
377981,0
377982,0
377983,0
377984,0
377985,0
377986,0
377987,0
377988,0
377989,0
377990,3
377991,0
377992,0
377993,0
377994,1
377995,3
377996,0
377997,0
377998,0
377999,0
378000,3
378001,0
378002,0
378003,0
378004,0
378005,0
378006,0
378007,0
378008,0
378009,0
378010,31
378011,0
378012,0
378013,0
378014,0
378015,0
378016,19
378017,0
378018,0
378019,0
378020,0
378021,0
378022,0
378023,0
378024,0
378025,0
378026,0
378027,0
378028,0
378029,0
378030,0
378031,0
378032,0
378033,0
378034,22
378035,0
378036,0
378037,0
378038,0
378039,0
378040,0
378041,0
378042,0
378043,29
378044,0
378045,0
378046,0
378047,0
378048,0
378049,0
378050,0
378051,0
378052,0
378053,0
378054,0
378055,0
378056,0
378057,0
378058,0
378059,0
378060,0
378061,0
378062,0
378063,0
378064,0
378065,0
378066,0
378067,0
378068,0
378069,0
378070,0
378071,0
378072,24
378073,0
378074,0
378075,0
378076,0
378077,0
378078,29
378079,0
378080,0
378081,21
378082,0
378083,0
378084,22
378085,0
378086,0
378087,34
378088,28
378089,0
378090,0
378091,0
378092,0
378093,0
378094,28
378095,0
378096,0
378097,0
378098,0
378099,0
378100,0
378101,0
378102,0
378103,0
378104,0
378105,0
378106,0
378107,0
378108,25
378109,0
378110,0
378111,0
378112,0
378113,0
378114,0
378115,0
378116,0
378117,0
378118,0
378119,0
378120,0
378121,0
378122,0
378123,0
378124,0
378125,0
378126,0
378127,0
378128,0
378129,44
378130,0
378131,0
378132,0
378133,29
378134,23
378135,0
378136,0
378137,0
378138,31
378139,0
378140,0
378141,0
378142,0
378143,0
378144,0
378145,0
378146,0
378147,0
378148,42
378149,0
378150,0
378151,0
378152,0
378153,0
378154,0
378155,0
378156,0
378157,0
378158,0
378159,0
378160,0
378161,0
378162,0
378163,0
378164,18
378165,0
378166,0
378167,0
378168,0
378169,0
378170,0
378171,0
378172,0
378173,0
378174,0
378175,0
378176,0
378177,0
378178,0
378179,0
378180,20
378181,0
378182,0
378183,0
378184,0
378185,0
378186,0
378187,0
378188,0
378189,0
378190,17
378191,0
378192,0
378193,0
378194,0
378195,0
378196,0
378197,0
378198,0
378199,0
378200,0
378201,0
378202,0
378203,0
378204,0
378205,0
378206,0
378207,32
378208,0
378209,32
378210,0
378211,0
378212,0
378213,0
378214,23
378215,0
378216,0
378217,0
378218,0
378219,0
378220,0
378221,0
378222,0
378223,0
378224,0
378225,0
378226,0
378227,0
378228,0
378229,0
378230,0
378231,0
378232,0
378233,0
378234,22
378235,0
378236,0
378237,0
378238,0
378239,0
378240,0
378241,0
378242,0
378243,0
378244,24
378245,0
378246,31
378247,0
378248,0
378249,0
378250,0
378251,0
378252,0
378253,0
378254,0
378255,0
378256,0
378257,0
378258,0
378259,0
378260,25
378261,0
378262,0
378263,0
378264,0
378265,23
378266,0
378267,0
378268,0
378269,0
378270,0
378271,0
378272,22
378273,0
378274,0
378275,0
378276,0
378277,0
378278,25
378279,0
378280,0
378281,0
378282,0
378283,0
378284,0
378285,0
378286,0
378287,0
378288,0
378289,0
378290,0
378291,25
378292,0
378293,0
378294,0
378295,0
378296,0
378297,0
378298,26
378299,27
378300,0
378301,24
378302,28
378303,0
378304,0
378305,0
378306,30
378307,0
378308,0
378309,0
378310,27
378311,0
378312,0
378313,0
378314,0
378315,0
378316,0
378317,0
378318,0
378319,0
378320,0
378321,0
378322,0
378323,0
378324,0
378325,23
378326,0
378327,0
378328,0
378329,0
378330,0
378331,0
378332,0
378333,24
378334,0
378335,27
378336,0
378337,18
378338,24
378339,0
378340,0
378341,0
378342,0
378343,0
378344,0
378345,0
378346,0
378347,26
378348,0
378349,0
378350,0
378351,25
378352,0
378353,0
378354,0
378355,0
378356,0
378357,0
378358,30
378359,0
378360,0
378361,28
378362,0
378363,0
378364,0
378365,31
378366,0
378367,0
378368,0
378369,0
378370,0
378371,0
378372,35
378373,0
378374,28
378375,0
378376,0
378377,0
378378,38
378379,0
378380,33
378381,0
378382,0
378383,0
378384,0
378385,0
378386,0
378387,31
378388,0
378389,0
378390,25
378391,0
378392,0
378393,0
378394,22
378395,38
378396,0
378397,0
378398,0
378399,0
378400,0
378401,0
378402,0
378403,0
378404,30
378405,0
378406,0
378407,0
378408,0
378409,0
378410,0
378411,0
378412,0
378413,0
378414,0
378415,0
378416,0
378417,0
378418,0
378419,0
378420,0
378421,0
378422,0
378423,0
378424,0
378425,0
378426,0
378427,0
378428,0
378429,0
378430,0
378431,0
378432,0
378433,0
378434,0
378435,0
378436,32
378437,21
378438,0
378439,0
378440,32
378441,35
378442,0
378443,0
378444,24
378445,0
378446,26
378447,0
378448,0
378449,0
378450,29
378451,0
378452,0
378453,0
378454,0
378455,0
378456,0
378457,0
378458,0
378459,0
378460,0
378461,36
378462,0
378463,0
378464,0
378465,27
378466,36
378467,0
378468,0
378469,36
378470,24
378471,0
378472,0
378473,0
378474,0
378475,26
378476,27
378477,0
378478,0
378479,0
378480,27
378481,0
378482,0
378483,0
378484,0
378485,0
378486,0
378487,0
378488,29
378489,27
378490,0
378491,0
378492,0
378493,0
378494,0
378495,0
378496,0
378497,0
378498,0
378499,0
378500,26
378501,0
378502,0
378503,0
378504,0
378505,0
378506,0
378507,0
378508,0
378509,0
378510,0
378511,0
378512,25
378513,0
378514,0
378515,0
378516,0
378517,0
378518,0
378519,21
378520,0
378521,0
378522,0
378523,0
378524,0
378525,0
378526,0
378527,0
378528,0
378529,0
378530,0
378531,0
378532,0
378533,0
378534,0
378535,0
378536,0
378537,0
378538,0
378539,0
378540,0
378541,0
378542,0
378543,33
378544,0
378545,0
378546,0
378547,16
378548,0
378549,0
378550,0
378551,0
378552,20
378553,0
378554,0
378555,0
378556,0
378557,0
378558,0
378559,15
378560,0
378561,13
378562,15
378563,0
378564,0
378565,18
378566,25
378567,15
378568,14
378569,20
378570,18
378571,0
378572,0
378573,19
378574,19
378575,0
378576,0
378577,21
378578,0
378579,12
378580,21
378581,0
378582,17
378583,0
378584,14
378585,21
378586,0
378587,0
378588,0
378589,0
378590,30
378591,21
378592,0
378593,0
378594,0
378595,0
378596,0
378597,19
378598,0
378599,0
378600,0
378601,0
378602,9
378603,0
378604,16
378605,0
378606,0
378607,0
378608,0
378609,0
378610,0
378611,18
378612,0
378613,26
378614,30
378615,8
378616,0
378617,0
378618,0
378619,0
378620,21
378621,0
378622,0
378623,0
378624,0
378625,0
378626,0
378627,11
378628,0
378629,0
378630,0
378631,0
378632,0
378633,0
378634,0
378635,14
378636,0
378637,0
378638,15
378639,0
378640,0
378641,14
378642,15
378643,32
378644,0
378645,0
378646,0
378647,0
378648,0
378649,0
378650,20
378651,0
378652,16
378653,0
378654,0
378655,0
378656,26
378657,21
378658,0
378659,0
378660,15
378661,0
378662,0
378663,0
378664,0
378665,0
378666,13
378667,11
378668,19
378669,0
378670,30
378671,0
378672,16
378673,0
378674,0
378675,0
378676,0
378677,0
378678,8
378679,0
378680,24
378681,0
378682,0
378683,16
378684,0
378685,0
378686,0
378687,0
378688,0
378689,0
378690,21
378691,0
378692,14
378693,0
378694,0
378695,22
378696,23
378697,20
378698,15
378699,0
378700,18
378701,25
378702,16
378703,0
378704,0
378705,17
378706,0
378707,0
378708,0
378709,0
378710,0
378711,8
378712,0
378713,19
378714,0
378715,0
378716,13
378717,26
378718,0
378719,0
378720,0
378721,0
378722,0
378723,0
378724,16
378725,19
378726,0
378727,0
378728,0
378729,0
378730,19
378731,16
378732,0
378733,0
378734,0
378735,25
378736,0
378737,0
378738,0
378739,0
378740,17
378741,0
378742,0
378743,0
378744,0
378745,0
378746,0
378747,0
378748,0
378749,0
378750,0
378751,0
378752,22
378753,0
378754,37
378755,0
378756,0
378757,0
378758,0
378759,27
378760,0
378761,21
378762,12
378763,0
378764,0
378765,0
378766,26
378767,0
378768,0
378769,15
378770,0
378771,23
378772,0
378773,0
378774,0
378775,16
378776,0
378777,21
378778,23
378779,0
378780,12
378781,0
378782,0
378783,0
378784,0
378785,0
378786,24
378787,14
378788,27
378789,0
378790,0
378791,0
378792,0
378793,22
378794,0
378795,0
378796,0
378797,0
378798,15
378799,10
378800,0
378801,0
378802,12
378803,14
378804,0
378805,24
378806,19
378807,15
378808,0
378809,0
378810,0
378811,0
378812,0
378813,0
378814,0
378815,0
378816,0
378817,0
378818,0
378819,0
378820,15
378821,0
378822,14
378823,0
378824,0
378825,0
378826,0
378827,0
378828,0
378829,16
378830,0
378831,22
378832,0
378833,13
378834,0
378835,0
378836,12
378837,0
378838,0
378839,0
378840,0
378841,0
378842,0
378843,0
378844,21
378845,17
378846,0
378847,0
378848,0
378849,0
378850,0
378851,21
378852,0
378853,0
378854,29
378855,0
378856,0
378857,0
378858,15
378859,21
378860,0
378861,0
378862,0
378863,0
378864,0
378865,0
378866,21
378867,0
378868,0
378869,0
378870,28
378871,21
378872,0
378873,0
378874,0
378875,0
378876,0
378877,0
378878,16
378879,0
378880,0
378881,0
378882,0
378883,0
378884,15
378885,0
378886,0
378887,0
378888,21
378889,0
378890,0
378891,0
378892,20
378893,19
378894,0
378895,0
378896,0
378897,0
378898,21
378899,17
378900,0
378901,14
378902,0
378903,0
378904,0
378905,0
378906,0
378907,0
378908,0
378909,0
378910,0
378911,0
378912,14
378913,0
378914,19
378915,0
378916,0
378917,0
378918,0
378919,0
378920,25
378921,0
378922,0
378923,0
378924,0
378925,0
378926,0
378927,15
378928,0
378929,0
378930,0
378931,13
378932,0
378933,0
378934,0
378935,0
378936,0
378937,0
378938,17
378939,14
378940,0
378941,0
378942,22
378943,0
378944,0
378945,0
378946,20
378947,20
378948,0
378949,0
378950,20
378951,0
378952,0
378953,0
378954,17
378955,0
378956,20
378957,0
378958,0
378959,0
378960,0
378961,21
378962,0
378963,17
378964,14
378965,0
378966,0
378967,0
378968,0
378969,0
378970,0
378971,13
378972,0
378973,0
378974,18
378975,0
378976,0
378977,0
378978,0
378979,19
378980,18
378981,0
378982,0
378983,0
378984,25
378985,0
378986,15
378987,20
378988,14
378989,0
378990,20
378991,11
378992,0
378993,15
378994,0
378995,19
378996,0
378997,0
378998,0
378999,0
379000,0
379001,0
379002,30
379003,15
379004,0
379005,0
379006,19
379007,0
379008,0
379009,0
379010,0
379011,0
379012,17
379013,0
379014,21
379015,0
379016,15
379017,0
379018,0
379019,0
379020,24
379021,0
379022,0
379023,0
379024,0
379025,0
379026,28
379027,0
379028,0
379029,26
379030,0
379031,0
379032,10
379033,0
379034,0
379035,0
379036,12
379037,0
379038,17
379039,0
379040,0
379041,0
379042,0
379043,0
379044,0
379045,0
379046,12
379047,10
379048,0
379049,0
379050,0
379051,30
379052,11
379053,15
379054,0
379055,0
379056,0
379057,15
379058,0
379059,0
379060,27
379061,25
379062,0
379063,0
379064,0
379065,0
379066,22
379067,0
379068,0
379069,0
379070,25
379071,0
379072,0
379073,0
379074,0
379075,0
379076,0
379077,0
379078,0
379079,0
379080,0
379081,0
379082,0
379083,0
379084,0
379085,0
379086,0
379087,0
379088,0
379089,18
379090,16
379091,22
379092,0
379093,0
379094,12
379095,0
379096,25
379097,0
379098,0
379099,17
379100,0
379101,0
379102,0
379103,0
379104,0
379105,14
379106,21
379107,0
379108,0
379109,0
379110,0
379111,0
379112,0
379113,0
379114,13
379115,0
379116,0
379117,0
379118,0
379119,15
379120,0
379121,0
379122,29
379123,18
379124,0
379125,0
379126,0
379127,0
379128,12
379129,0
379130,0
379131,0
379132,18
379133,18
379134,21
379135,0
379136,0
379137,0
379138,0
379139,0
379140,0
379141,0
379142,19
379143,19
379144,0
379145,0
379146,0
379147,27
379148,0
379149,0
379150,0
379151,0
379152,14
379153,22
379154,0
379155,0
379156,0
379157,22
379158,0
379159,0
379160,0
379161,24
379162,0
379163,0
379164,0
379165,18
379166,0
379167,0
379168,0
379169,0
379170,17
379171,0
379172,0
379173,0
379174,0
379175,0
379176,0
379177,14
379178,0
379179,15
379180,0
379181,0
379182,0
379183,0
379184,21
379185,0
379186,13
379187,0
379188,0
379189,0
379190,0
379191,0
379192,23
379193,0
379194,0
379195,0
379196,18
379197,0
379198,0
379199,22
379200,0
379201,0
379202,0
379203,15
379204,11
379205,27
379206,0
379207,0
379208,0
379209,0
379210,0
379211,0
379212,0
379213,20
379214,0
379215,0
379216,0
379217,0
379218,13
379219,0
379220,0
379221,0
379222,23
379223,17
379224,0
379225,15
379226,0
379227,0
379228,0
379229,0
379230,17
379231,17
379232,0
379233,0
379234,23
379235,0
379236,12
379237,16
379238,16
379239,0
379240,0
379241,0
379242,22
379243,0
379244,0
379245,0
379246,23
379247,0
379248,20
379249,11
379250,0
379251,17
379252,0
379253,0
379254,0
379255,19
379256,0
379257,0
379258,13
379259,0
379260,20
379261,0
379262,0
379263,0
379264,0
379265,0
379266,0
379267,16
379268,0
379269,16
379270,0
379271,0
379272,0
379273,0
379274,0
379275,21
379276,0
379277,0
379278,0
379279,28
379280,19
379281,0
379282,0
379283,0
379284,0
379285,0
379286,25
379287,0
379288,0
379289,36
379290,0
379291,0
379292,0
379293,0
379294,0
379295,0
379296,0
379297,0
379298,0
379299,0
379300,0
379301,0
379302,0
379303,0
379304,0
379305,0
379306,0
379307,0
379308,0
379309,0
379310,0
379311,0
379312,0
379313,0
379314,0
379315,0
379316,0
379317,0
379318,0
379319,0
379320,0
379321,0
379322,0
379323,0
379324,0
379325,0
379326,0
379327,0
379328,0
379329,0
379330,0
379331,0
379332,0
379333,0
379334,0
379335,0
379336,21
379337,0
379338,0
379339,0
379340,23
379341,0
379342,0
379343,0
379344,0
379345,0
379346,0
379347,26
379348,0
379349,0
379350,0
379351,0
379352,0
379353,0
379354,0
379355,0
379356,27
379357,0
379358,0
379359,0
379360,0
379361,0
379362,0
379363,0
379364,0
379365,0
379366,0
379367,0
379368,35
379369,0
379370,0
379371,0
379372,22
379373,0
379374,20
379375,0
379376,0
379377,0
379378,0
379379,0
379380,0
379381,0
379382,0
379383,0
379384,0
379385,0
379386,0
379387,0
379388,0
379389,0
379390,0
379391,0
379392,0
379393,0
379394,0
379395,0
379396,0
379397,0
379398,0
379399,0
379400,0
379401,0
379402,0
379403,0
379404,0
379405,0
379406,0
379407,0
379408,0
379409,0
379410,0
379411,0
379412,0
379413,0
379414,0
379415,0
379416,0
379417,0
379418,0
379419,0
379420,0
379421,0
379422,0
379423,0
379424,0
379425,0
379426,0
379427,0
379428,0
379429,0
379430,0
379431,0
379432,0
379433,0
379434,0
379435,0
379436,0
379437,0
379438,0
379439,0
379440,0
379441,0
379442,0
379443,0
379444,0
379445,0
379446,0
379447,0
379448,0
379449,0
379450,0
379451,0
379452,0
379453,0
379454,0
379455,0
379456,0
379457,0
379458,0
379459,0
379460,0
379461,19
379462,0
379463,0
379464,0
379465,23
379466,21
379467,0
379468,0
379469,0
379470,0
379471,21
379472,0
379473,0
379474,0
379475,0
379476,0
379477,0
379478,0
379479,0
379480,0
379481,0
379482,0
379483,0
379484,0
379485,0
379486,0
379487,0
379488,0
379489,0
379490,0
379491,0
379492,0
379493,0
379494,0
379495,0
379496,0
379497,0
379498,0
379499,0
379500,0
379501,0
379502,0
379503,0
379504,0
379505,0
379506,0
379507,32
379508,0
379509,0
379510,0
379511,0
379512,0
379513,0
379514,0
379515,0
379516,0
379517,0
379518,0
379519,0
379520,0
379521,0
379522,0
379523,0
379524,0
379525,0
379526,35
379527,0
379528,0
379529,0
379530,18
379531,0
379532,0
379533,0
379534,0
379535,20
379536,0
379537,0
379538,18
379539,29
379540,19
379541,16
379542,0
379543,0
379544,0
379545,0
379546,0
379547,0
379548,0
379549,31
379550,0
379551,0
379552,0
379553,0
379554,0
379555,0
379556,0
379557,0
379558,0
379559,0
379560,0
379561,0
379562,0
379563,0
379564,0
379565,0
379566,0
379567,32
379568,0
379569,20
379570,0
379571,22
379572,0
379573,0
379574,0
379575,0
379576,0
379577,0
379578,22
379579,26
379580,0
379581,0
379582,0
379583,34
379584,0
379585,0
379586,0
379587,0
379588,0
379589,0
379590,0
379591,0
379592,0
379593,0
379594,0
379595,0
379596,0
379597,0
379598,0
379599,20
379600,20
379601,0
379602,23
379603,0
379604,0
379605,0
379606,0
379607,0
379608,34
379609,0
379610,0
379611,31
379612,0
379613,0
379614,0
379615,0
379616,0
379617,0
379618,0
379619,0
379620,0
379621,0
379622,0
379623,0
379624,0
379625,0
379626,29
379627,0
379628,0
379629,27
379630,0
379631,0
379632,0
379633,18
379634,0
379635,0
379636,0
379637,0
379638,0
379639,0
379640,0
379641,0
379642,0
379643,0
379644,17
379645,0
379646,0
379647,0
379648,0
379649,0
379650,0
379651,0
379652,0
379653,0
379654,0
379655,0
379656,0
379657,0
379658,0
379659,0
379660,0
379661,0
379662,0
379663,0
379664,0
379665,0
379666,0
379667,0
379668,0
379669,0
379670,0
379671,0
379672,0
379673,23
379674,0
379675,0
379676,0
379677,0
379678,0
379679,0
379680,0
379681,0
379682,0
379683,0
379684,28
379685,28
379686,0
379687,0
379688,0
379689,0
379690,0
379691,0
379692,0
379693,0
379694,0
379695,0
379696,0
379697,0
379698,0
379699,0
379700,0
379701,0
379702,0
379703,0
379704,0
379705,0
379706,0
379707,0
379708,26
379709,0
379710,0
379711,0
379712,0
379713,0
379714,0
379715,0
379716,0
379717,0
379718,0
379719,0
379720,0
379721,0
379722,0
379723,0
379724,0
379725,0
379726,0
379727,0
379728,0
379729,0
379730,0
379731,0
379732,0
379733,0
379734,12
379735,0
379736,0
379737,17
379738,28
379739,0
379740,0
379741,0
379742,0
379743,0
379744,0
379745,24
379746,0
379747,27
379748,0
379749,0
379750,0
379751,0
379752,0
379753,0
379754,0
379755,0
379756,0
379757,0
379758,0
379759,0
379760,0
379761,0
379762,0
379763,0
379764,0
379765,0
379766,0
379767,0
379768,0
379769,0
379770,0
379771,0
379772,0
379773,0
379774,24
379775,0
379776,23
379777,0
379778,0
379779,0
379780,25
379781,0
379782,0
379783,0
379784,0
379785,0
379786,0
379787,0
379788,0
379789,0
379790,0
379791,0
379792,0
379793,0
379794,28
379795,0
379796,0
379797,0
379798,26
379799,0
379800,0
379801,0
379802,0
379803,0
379804,0
379805,0
379806,0
379807,0
379808,0
379809,0
379810,0
379811,0
379812,0
379813,0
379814,0
379815,0
379816,0
379817,0
379818,0
379819,0
379820,0
379821,0
379822,0
379823,0
379824,0
379825,0
379826,29
379827,0
379828,0
379829,0
379830,0
379831,0
379832,25
379833,0
379834,0
379835,0
379836,0
379837,0
379838,20
379839,22
379840,0
379841,0
379842,0
379843,0
379844,0
379845,0
379846,0
379847,0
379848,0
379849,0
379850,0
379851,0
379852,0
379853,0
379854,0
379855,0
379856,0
379857,0
379858,0
379859,0
379860,0
379861,0
379862,29
379863,0
379864,24
379865,0
379866,0
379867,0
379868,0
379869,0
379870,0
379871,0
379872,0
379873,0
379874,0
379875,0
379876,0
379877,0
379878,0
379879,0
379880,0
379881,0
379882,0
379883,22
379884,0
379885,30
379886,0
379887,19
379888,0
379889,0
379890,0
379891,0
379892,0
379893,0
379894,0
379895,0
379896,0
379897,0
379898,0
379899,0
379900,24
379901,0
379902,0
379903,0
379904,0
379905,0
379906,0
379907,0
379908,0
379909,0
379910,0
379911,0
379912,0
379913,0
379914,0
379915,0
379916,0
379917,0
379918,16
379919,0
379920,0
379921,0
379922,0
379923,0
379924,0
379925,0
379926,0
379927,0
379928,0
379929,14
379930,0
379931,0
379932,0
379933,0
379934,0
379935,0
379936,0
379937,0
379938,0
379939,0
379940,0
379941,0
379942,0
379943,0
379944,0
379945,15
379946,0
379947,16
379948,0
379949,0
379950,0
379951,0
379952,0
379953,0
379954,0
379955,0
379956,0
379957,0
379958,0
379959,0
379960,0
379961,0
379962,0
379963,0
379964,0
379965,0
379966,0
379967,0
379968,0
379969,0
379970,1
379971,0
379972,0
379973,0
379974,0
379975,0
379976,0
379977,0
379978,0
379979,0
379980,0
379981,0
379982,0
379983,0
379984,0
379985,0
379986,0
379987,0
379988,0
379989,0
379990,0
379991,0
379992,0
379993,0
379994,0
379995,0
379996,0
379997,0
379998,0
379999,0
380000,0
380001,0
380002,0
380003,0
380004,0
380005,0
380006,0
380007,0
380008,0
380009,0
380010,0
380011,0
380012,0
380013,0
380014,1
380015,0
380016,0
380017,0
380018,0
380019,0
380020,0
380021,0
380022,0
380023,0
380024,0
380025,0
380026,0
380027,0
380028,0
380029,0
380030,0
380031,0
380032,0
380033,0
380034,0
380035,0
380036,0
380037,0
380038,0
380039,0
380040,0
380041,0
380042,0
380043,0
380044,0
380045,0
380046,0
380047,0
380048,0
380049,0
380050,0
380051,0
380052,0
380053,0
380054,0
380055,0
380056,0
380057,0
380058,0
380059,0
380060,0
380061,0
380062,0
380063,0
380064,0
380065,0
380066,0
380067,0
380068,0
380069,0
380070,0
380071,0
380072,0
380073,0
380074,0
380075,0
380076,0
380077,0
380078,0
380079,0
380080,0
380081,0
380082,0
380083,0
380084,0
380085,0
380086,0
380087,0
380088,0
380089,0
380090,0
380091,0
380092,0
380093,0
380094,0
380095,0
380096,0
380097,0
380098,0
380099,0
380100,0
380101,0
380102,0
380103,0
380104,0
380105,0
380106,0
380107,0
380108,0
380109,0
380110,0
380111,0
380112,0
380113,0
380114,0
380115,0
380116,0
380117,0
380118,0
380119,0
380120,0
380121,0
380122,0
380123,0
380124,0
380125,0
380126,0
380127,0
380128,0
380129,0
380130,0
380131,0
380132,0
380133,0
380134,0
380135,0
380136,0
380137,0
380138,0
380139,0
380140,0
380141,0
380142,0
380143,0
380144,0
380145,0
380146,0
380147,0
380148,0
380149,0
380150,0
380151,0
380152,0
380153,0
380154,0
380155,0
380156,0
380157,0
380158,0
380159,0
380160,0
380161,0
380162,0
380163,0
380164,0
380165,0
380166,0
380167,0
380168,0
380169,0
380170,0
380171,0
380172,0
380173,0
380174,0
380175,0
380176,0
380177,0
380178,0
380179,0
380180,0
380181,0
380182,0
380183,0
380184,0
380185,0
380186,0
380187,0
380188,0
380189,0
380190,0
380191,0
380192,0
380193,0
380194,0
380195,0
380196,0
380197,0
380198,0
380199,0
380200,0
380201,0
380202,0
380203,0
380204,0
380205,0
380206,0
380207,0
380208,0
380209,0
380210,0
380211,0
380212,0
380213,0
380214,0
380215,0
380216,0
380217,0
380218,0
380219,0
380220,0
380221,0
380222,0
380223,0
380224,0
380225,0
380226,0
380227,0
380228,0
380229,0
380230,0
380231,0
380232,0
380233,0
380234,0
380235,0
380236,0
380237,0
380238,0
380239,0
380240,0
380241,0
380242,0
380243,0
380244,0
380245,0
380246,0
380247,0
380248,0
380249,0
380250,0
380251,0
380252,0
380253,0
380254,0
380255,0
380256,0
380257,0
380258,0
380259,0
380260,0
380261,0
380262,0
380263,0
380264,0
380265,0
380266,0
380267,0
380268,0
380269,0
380270,0
380271,0
380272,0
380273,0
380274,0
380275,0
380276,0
380277,0
380278,0
380279,0
380280,0
380281,0
380282,0
380283,0
380284,0
380285,0
380286,0
380287,0
380288,0
380289,0
380290,0
380291,0
380292,0
380293,0
380294,0
380295,0
380296,0
380297,0
380298,0
380299,0
380300,0
380301,0
380302,0
380303,0
380304,0
380305,0
380306,0
380307,0
380308,0
380309,0
380310,0
380311,0
380312,0
380313,0
380314,0
380315,0
380316,0
380317,0
380318,0
380319,0
380320,0
380321,0
380322,0
380323,0
380324,0
380325,0
380326,0
380327,0
380328,0
380329,0
380330,0
380331,0
380332,0
380333,0
380334,0
380335,0
380336,0
380337,0
380338,0
380339,0
380340,0
380341,0
380342,0
380343,0
380344,0
380345,0
380346,0
380347,0
380348,0
380349,0
380350,0
380351,0
380352,0
380353,0
380354,0
380355,0
380356,0
380357,0
380358,0
380359,0
380360,0
380361,0
380362,0
380363,0
380364,0
380365,0
380366,0
380367,0
380368,0
380369,0
380370,0
380371,0
380372,0
380373,0
380374,0
380375,0
380376,0
380377,0
380378,0
380379,0
380380,0
380381,0
380382,0
380383,0
380384,0
380385,0
380386,0
380387,0
380388,0
380389,0
380390,0
380391,0
380392,0
380393,0
380394,0
380395,0
380396,0
380397,0
380398,0
380399,0
380400,0
380401,0
380402,0
380403,0
380404,0
380405,0
380406,0
380407,0
380408,0
380409,0
380410,0
380411,0
380412,0
380413,0
380414,0
380415,0
380416,0
380417,0
380418,0
380419,0
380420,0
380421,0
380422,0
380423,0
380424,0
380425,0
380426,0
380427,0
380428,0
380429,0
380430,0
380431,0
380432,0
380433,0
380434,0
380435,0
380436,0
380437,0
380438,0
380439,0
380440,0
380441,0
380442,0
380443,0
380444,0
380445,0
380446,0
380447,0
380448,0
380449,0
380450,0
380451,0
380452,0
380453,1
380454,0
380455,0
380456,0
380457,0
380458,0
380459,0
380460,0
380461,0
380462,0
380463,0
380464,0
380465,0
380466,0
380467,0
380468,0
380469,0
380470,0
380471,0
380472,0
380473,0
380474,0
380475,0
380476,0
380477,0
380478,0
380479,0
380480,0
380481,0
380482,0
380483,0
380484,0
380485,0
380486,0
380487,0
380488,0
380489,0
380490,27
380491,0
380492,0
380493,31
380494,38
380495,0
380496,32
380497,40
380498,0
380499,0
380500,0
380501,0
380502,0
380503,0
380504,0
380505,26
380506,0
380507,0
380508,0
380509,0
380510,33
380511,0
380512,0
380513,35
380514,0
380515,0
380516,0
380517,0
380518,0
380519,0
380520,0
380521,0
380522,0
380523,37
380524,18
380525,0
380526,0
380527,0
380528,0
380529,0
380530,0
380531,0
380532,46
380533,0
380534,0
380535,0
380536,0
380537,0
380538,0
380539,0
380540,0
380541,0
380542,30
380543,0
380544,30
380545,0
380546,0
380547,0
380548,0
380549,0
380550,0
380551,25
380552,39
380553,0
380554,0
380555,0
380556,32
380557,47
380558,0
380559,0
380560,0
380561,0
380562,45
380563,0
380564,0
380565,0
380566,35
380567,0
380568,0
380569,0
380570,0
380571,0
380572,39
380573,49
380574,0
380575,0
380576,0
380577,0
380578,0
380579,0
380580,38
380581,0
380582,0
380583,20
380584,0
380585,0
380586,0
380587,0
380588,0
380589,0
380590,59
380591,0
380592,0
380593,0
380594,42
380595,0
380596,0
380597,38
380598,0
380599,0
380600,0
380601,0
380602,0
380603,32
380604,0
380605,0
380606,16
380607,0
380608,0
380609,0
380610,0
380611,22
380612,10
380613,0
380614,20
380615,0
380616,16
380617,0
380618,0
380619,0
380620,19
380621,0
380622,0
380623,0
380624,0
380625,0
380626,0
380627,15
380628,0
380629,14
380630,0
380631,0
380632,0
380633,0
380634,0
380635,13
380636,0
380637,0
380638,0
380639,0
380640,0
380641,0
380642,0
380643,0
380644,0
380645,15
380646,0
380647,0
380648,8
380649,0
380650,0
380651,0
380652,0
380653,15
380654,21
380655,0
380656,24
380657,0
380658,16
380659,0
380660,0
380661,0
380662,7
380663,0
380664,0
380665,0
380666,0
380667,17
380668,0
380669,0
380670,20
380671,0
380672,0
380673,0
380674,0
380675,0
380676,0
380677,24
380678,0
380679,33
380680,0
380681,0
380682,0
380683,15
380684,11
380685,0
380686,0
380687,0
380688,0
380689,0
380690,15
380691,21
380692,0
380693,0
380694,0
380695,12
380696,0
380697,0
380698,0
380699,0
380700,0
380701,0
380702,0
380703,0
380704,0
380705,0
380706,0
380707,17
380708,0
380709,13
380710,0
380711,20
380712,0
380713,0
380714,20
380715,20
380716,17
380717,0
380718,0
380719,0
380720,0
380721,0
380722,15
380723,0
380724,0
380725,0
380726,0
380727,0
380728,0
380729,13
380730,30
380731,0
380732,0
380733,11
380734,0
380735,0
380736,23
380737,0
380738,0
380739,0
380740,0
380741,0
380742,27
380743,0
380744,0
380745,27
380746,0
380747,0
380748,0
380749,0
380750,0
380751,24
380752,23
380753,0
380754,0
380755,15
380756,0
380757,0
380758,0
380759,0
380760,0
380761,0
380762,10
380763,0
380764,0
380765,32
380766,0
380767,0
380768,0
380769,0
380770,18
380771,14
380772,0
380773,0
380774,27
380775,0
380776,0
380777,0
380778,0
380779,0
380780,0
380781,0
380782,0
380783,11
380784,21
380785,0
380786,0
380787,0
380788,0
380789,21
380790,0
380791,13
380792,10
380793,8
380794,0
380795,0
380796,18
380797,11
380798,0
380799,0
380800,0
380801,0
380802,0
380803,29
380804,20
380805,0
380806,0
380807,14
380808,0
380809,26
380810,0
380811,0
380812,0
380813,0
380814,0
380815,0
380816,15
380817,0
380818,0
380819,0
380820,0
380821,24
380822,0
380823,0
380824,23
380825,29
380826,0
380827,18
380828,17
380829,0
380830,18
380831,0
380832,0
380833,0
380834,23
380835,0
380836,24
380837,0
380838,0
380839,0
380840,0
380841,17
380842,24
380843,0
380844,19
380845,0
380846,0
380847,0
380848,0
380849,16
380850,0
380851,17
380852,0
380853,23
380854,0
380855,20
380856,0
380857,0
380858,0
380859,0
380860,0
380861,0
380862,0
380863,10
380864,0
380865,0
380866,25
380867,0
380868,0
380869,0
380870,24
380871,16
380872,22
380873,0
380874,0
380875,0
380876,0
380877,0
380878,0
380879,0
380880,0
380881,0
380882,0
380883,0
380884,18
380885,0
380886,16
380887,29
380888,0
380889,0
380890,0
380891,19
380892,0
380893,0
380894,0
380895,0
380896,0
380897,0
380898,0
380899,0
380900,0
380901,0
380902,21
380903,16
380904,18
380905,0
380906,24
380907,14
380908,0
380909,0
380910,0
380911,9
380912,22
380913,0
380914,17
380915,22
380916,0
380917,0
380918,26
380919,0
380920,21
380921,17
380922,0
380923,0
380924,26
380925,23
380926,0
380927,11
380928,0
380929,0
380930,0
380931,0
380932,20
380933,16
380934,16
380935,0
380936,16
380937,0
380938,0
380939,0
380940,16
380941,0
380942,15
380943,0
380944,0
380945,0
380946,0
380947,26
380948,0
380949,0
380950,26
380951,0
380952,0
380953,0
380954,18
380955,0
380956,0
380957,16
380958,32
380959,0
380960,0
380961,10
380962,11
380963,0
380964,0
380965,0
380966,0
380967,0
380968,15
380969,0
380970,8
380971,0
380972,13
380973,0
380974,19
380975,0
380976,0
380977,0
380978,0
380979,0
380980,0
380981,24
380982,35
380983,21
380984,20
380985,0
380986,0
380987,16
380988,0
380989,0
380990,0
380991,0
380992,17
380993,44
380994,0
380995,0
380996,0
380997,0
380998,0
380999,0
381000,18
381001,0
381002,0
381003,0
381004,0
381005,0
381006,11
381007,0
381008,10
381009,0
381010,0
381011,0
381012,0
381013,0
381014,22
381015,0
381016,0
381017,24
381018,0
381019,20
381020,0
381021,0
381022,12
381023,0
381024,33
381025,0
381026,0
381027,21
381028,0
381029,11
381030,19
381031,0
381032,0
381033,0
381034,0
381035,0
381036,0
381037,12
381038,22
381039,17
381040,20
381041,21
381042,12
381043,0
381044,21
381045,0
381046,28
381047,15
381048,0
381049,0
381050,21
381051,0
381052,0
381053,0
381054,21
381055,0
381056,0
381057,0
381058,0
381059,0
381060,0
381061,0
381062,13
381063,0
381064,0
381065,0
381066,0
381067,24
381068,0
381069,21
381070,0
381071,0
381072,0
381073,0
381074,0
381075,0
381076,0
381077,0
381078,0
381079,0
381080,0
381081,16
381082,10
381083,0
381084,23
381085,21
381086,29
381087,25
381088,0
381089,10
381090,18
381091,0
381092,24
381093,0
381094,0
381095,21
381096,0
381097,0
381098,0
381099,0
381100,0
381101,21
381102,0
381103,0
381104,33
381105,0
381106,0
381107,0
381108,0
381109,0
381110,35
381111,0
381112,0
381113,0
381114,0
381115,25
381116,26
381117,0
381118,0
381119,0
381120,16
381121,0
381122,0
381123,16
381124,24
381125,0
381126,11
381127,0
381128,19
381129,0
381130,0
381131,0
381132,12
381133,0
381134,0
381135,0
381136,0
381137,0
381138,0
381139,0
381140,0
381141,0
381142,0
381143,11
381144,0
381145,0
381146,0
381147,0
381148,0
381149,0
381150,0
381151,0
381152,19
381153,15
381154,23
381155,0
381156,0
381157,0
381158,0
381159,0
381160,0
381161,26
381162,16
381163,0
381164,19
381165,0
381166,0
381167,14
381168,0
381169,25
381170,0
381171,0
381172,0
381173,0
381174,0
381175,0
381176,0
381177,0
381178,25
381179,18
381180,0
381181,0
381182,0
381183,0
381184,0
381185,0
381186,0
381187,0
381188,22
381189,0
381190,0
381191,0
381192,0
381193,0
381194,0
381195,0
381196,0
381197,0
381198,0
381199,0
381200,16
381201,0
381202,0
381203,0
381204,0
381205,0
381206,0
381207,13
381208,0
381209,0
381210,0
381211,23
381212,0
381213,17
381214,10
381215,0
381216,11
381217,0
381218,0
381219,0
381220,19
381221,0
381222,0
381223,24
381224,0
381225,0
381226,0
381227,0
381228,0
381229,0
381230,25
381231,20
381232,0
381233,15
381234,0
381235,0
381236,16
381237,0
381238,0
381239,0
381240,0
381241,0
381242,10
381243,0
381244,0
381245,12
381246,0
381247,0
381248,0
381249,0
381250,0
381251,0
381252,0
381253,0
381254,0
381255,0
381256,0
381257,0
381258,23
381259,0
381260,0
381261,0
381262,0
381263,22
381264,0
381265,0
381266,0
381267,0
381268,0
381269,0
381270,0
381271,0
381272,0
381273,20
381274,0
381275,0
381276,0
381277,21
381278,0
381279,19
381280,0
381281,0
381282,22
381283,0
381284,0
381285,8
381286,0
381287,0
381288,10
381289,0
381290,0
381291,0
381292,0
381293,6
381294,0
381295,0
381296,0
381297,0
381298,11
381299,0
381300,0
381301,0
381302,0
381303,0
381304,0
381305,0
381306,0
381307,0
381308,0
381309,0
381310,0
381311,0
381312,0
381313,0
381314,0
381315,0
381316,0
381317,0
381318,0
381319,0
381320,11
381321,0
381322,0
381323,0
381324,0
381325,0
381326,0
381327,0
381328,0
381329,0
381330,0
381331,0
381332,0
381333,0
381334,0
381335,5
381336,10
381337,0
381338,0
381339,0
381340,0
381341,5
381342,0
381343,0
381344,0
381345,0
381346,0
381347,0
381348,0
381349,0
381350,0
381351,0
381352,0
381353,10
381354,0
381355,0
381356,0
381357,4
381358,0
381359,0
381360,0
381361,0
381362,0
381363,0
381364,0
381365,0
381366,5
381367,0
381368,0
381369,0
381370,0
381371,0
381372,0
381373,0
381374,0
381375,0
381376,0
381377,0
381378,5
381379,4
381380,0
381381,0
381382,9
381383,0
381384,0
381385,0
381386,0
381387,0
381388,0
381389,0
381390,0
381391,8
381392,0
381393,0
381394,0
381395,0
381396,0
381397,0
381398,7
381399,0
381400,0
381401,0
381402,0
381403,0
381404,0
381405,0
381406,0
381407,0
381408,0
381409,0
381410,0
381411,0
381412,0
381413,0
381414,0
381415,0
381416,0
381417,0
381418,0
381419,0
381420,0
381421,0
381422,0
381423,6
381424,0
381425,0
381426,0
381427,0
381428,0
381429,0
381430,0
381431,0
381432,0
381433,2
381434,0
381435,0
381436,0
381437,0
381438,0
381439,0
381440,0
381441,0
381442,0
381443,0
381444,0
381445,8
381446,0
381447,0
381448,0
381449,0
381450,0
381451,0
381452,0
381453,0
381454,0
381455,0
381456,0
381457,0
381458,0
381459,4
381460,0
381461,0
381462,0
381463,0
381464,0
381465,0
381466,0
381467,0
381468,0
381469,0
381470,6
381471,0
381472,9
381473,8
381474,0
381475,0
381476,0
381477,0
381478,0
381479,0
381480,0
381481,0
381482,0
381483,0
381484,4
381485,8
381486,0
381487,0
381488,0
381489,0
381490,0
381491,9
381492,0
381493,0
381494,7
381495,0
381496,0
381497,0
381498,0
381499,0
381500,0
381501,0
381502,10
381503,0
381504,10
381505,0
381506,19
381507,0
381508,0
381509,8
381510,0
381511,0
381512,0
381513,0
381514,0
381515,0
381516,0
381517,0
381518,0
381519,0
381520,0
381521,0
381522,11
381523,9
381524,0
381525,0
381526,0
381527,0
381528,0
381529,0
381530,0
381531,9
381532,0
381533,0
381534,0
381535,0
381536,0
381537,7
381538,0
381539,0
381540,0
381541,0
381542,13
381543,0
381544,11
381545,0
381546,0
381547,0
381548,0
381549,6
381550,0
381551,0
381552,0
381553,0
381554,0
381555,0
381556,0
381557,0
381558,0
381559,21
381560,0
381561,0
381562,5
381563,0
381564,0
381565,12
381566,19
381567,0
381568,8
381569,0
381570,0
381571,0
381572,0
381573,0
381574,0
381575,0
381576,11
381577,0
381578,0
381579,0
381580,0
381581,0
381582,9
381583,0
381584,16
381585,0
381586,0
381587,12
381588,0
381589,0
381590,19
381591,21
381592,0
381593,0
381594,0
381595,0
381596,0
381597,0
381598,0
381599,0
381600,0
381601,8
381602,0
381603,15
381604,20
381605,15
381606,0
381607,0
381608,0
381609,0
381610,0
381611,0
381612,0
381613,0
381614,0
381615,0
381616,0
381617,0
381618,0
381619,0
381620,0
381621,7
381622,14
381623,0
381624,0
381625,18
381626,0
381627,0
381628,0
381629,5
381630,0
381631,12
381632,16
381633,0
381634,0
381635,0
381636,10
381637,0
381638,0
381639,0
381640,11
381641,0
381642,14
381643,0
381644,14
381645,0
381646,0
381647,11
381648,0
381649,0
381650,3
381651,14
381652,0
381653,0
381654,14
381655,0
381656,13
381657,0
381658,11
381659,14
381660,0
381661,0
381662,19
381663,14
381664,0
381665,17
381666,0
381667,0
381668,0
381669,0
381670,0
381671,0
381672,18
381673,0
381674,0
381675,12
381676,19
381677,0
381678,0
381679,20
381680,0
381681,0
381682,0
381683,0
381684,15
381685,5
381686,10
381687,0
381688,0
381689,0
381690,0
381691,0
381692,20
381693,18
381694,0
381695,0
381696,8
381697,14
381698,8
381699,0
381700,0
381701,0
381702,6
381703,22
381704,0
381705,0
381706,8
381707,0
381708,0
381709,0
381710,12
381711,0
381712,24
381713,0
381714,0
381715,0
381716,0
381717,14
381718,0
381719,0
381720,0
381721,0
381722,0
381723,0
381724,11
381725,0
381726,0
381727,0
381728,11
381729,0
381730,17
381731,0
381732,0
381733,13
381734,0
381735,0
381736,0
381737,12
381738,0
381739,9
381740,0
381741,15
381742,15
381743,0
381744,0
381745,0
381746,14
381747,0
381748,0
381749,9
381750,0
381751,0
381752,0
381753,0
381754,0
381755,0
381756,0
381757,0
381758,0
381759,18
381760,0
381761,0
381762,9
381763,0
381764,0
381765,0
381766,0
381767,0
381768,7
381769,14
381770,0
381771,0
381772,0
381773,0
381774,0
381775,8
381776,0
381777,7
381778,0
381779,0
381780,0
381781,8
381782,0
381783,0
381784,0
381785,0
381786,0
381787,0
381788,0
381789,0
381790,0
381791,18
381792,0
381793,11
381794,0
381795,16
381796,0
381797,0
381798,0
381799,0
381800,11
381801,0
381802,0
381803,0
381804,7
381805,0
381806,13
381807,0
381808,9
381809,0
381810,0
381811,0
381812,0
381813,0
381814,0
381815,9
381816,0
381817,0
381818,0
381819,8
381820,9
381821,0
381822,0
381823,8
381824,13
381825,0
381826,17
381827,0
381828,18
381829,0
381830,0
381831,11
381832,4
381833,0
381834,0
381835,15
381836,10
381837,0
381838,8
381839,0
381840,0
381841,0
381842,0
381843,0
381844,12
381845,0
381846,0
381847,0
381848,0
381849,0
381850,0
381851,0
381852,16
381853,0
381854,0
381855,0
381856,0
381857,0
381858,0
381859,0
381860,8
381861,13
381862,8
381863,21
381864,0
381865,17
381866,0
381867,0
381868,0
381869,0
381870,5
381871,0
381872,0
381873,8
381874,0
381875,6
381876,0
381877,17
381878,0
381879,6
381880,0
381881,0
381882,0
381883,0
381884,0
381885,0
381886,0
381887,0
381888,0
381889,14
381890,0
381891,0
381892,0
381893,0
381894,0
381895,0
381896,15
381897,0
381898,0
381899,10
381900,0
381901,0
381902,0
381903,0
381904,0
381905,0
381906,0
381907,0
381908,0
381909,0
381910,15
381911,0
381912,0
381913,15
381914,11
381915,17
381916,0
381917,0
381918,0
381919,11
381920,0
381921,0
381922,0
381923,0
381924,13
381925,0
381926,0
381927,0
381928,0
381929,13
381930,0
381931,0
381932,0
381933,0
381934,0
381935,9
381936,0
381937,0
381938,0
381939,10
381940,15
381941,8
381942,0
381943,0
381944,0
381945,0
381946,0
381947,0
381948,0
381949,0
381950,0
381951,9
381952,0
381953,6
381954,0
381955,0
381956,0
381957,0
381958,0
381959,0
381960,0
381961,0
381962,0
381963,0
381964,6
381965,11
381966,11
381967,10
381968,0
381969,0
381970,0
381971,13
381972,14
381973,0
381974,0
381975,0
381976,14
381977,0
381978,0
381979,19
381980,7
381981,0
381982,0
381983,11
381984,0
381985,9
381986,8
381987,12
381988,0
381989,0
381990,12
381991,0
381992,0
381993,0
381994,0
381995,16
381996,0
381997,0
381998,6
381999,14
382000,0
382001,0
382002,11
382003,0
382004,0
382005,12
382006,0
382007,0
382008,0
382009,0
382010,17
382011,10
382012,0
382013,12
382014,12
382015,0
382016,11
382017,18
382018,0
382019,0
382020,0
382021,0
382022,18
382023,0
382024,0
382025,15
382026,8
382027,0
382028,0
382029,10
382030,7
382031,12
382032,0
382033,0
382034,0
382035,0
382036,0
382037,0
382038,0
382039,0
382040,0
382041,0
382042,13
382043,0
382044,0
382045,0
382046,0
382047,0
382048,0
382049,0
382050,0
382051,20
382052,0
382053,0
382054,0
382055,0
382056,10
382057,0
382058,0
382059,0
382060,0
382061,0
382062,0
382063,8
382064,0
382065,18
382066,0
382067,0
382068,15
382069,0
382070,6
382071,0
382072,0
382073,0
382074,11
382075,0
382076,0
382077,13
382078,0
382079,13
382080,14
382081,11
382082,0
382083,0
382084,0
382085,0
382086,12
382087,10
382088,0
382089,0
382090,0
382091,0
382092,14
382093,0
382094,0
382095,0
382096,13
382097,0
382098,0
382099,0
382100,0
382101,0
382102,0
382103,0
382104,0
382105,0
382106,16
382107,0
382108,0
382109,0
382110,0
382111,0
382112,0
382113,15
382114,0
382115,0
382116,0
382117,0
382118,0
382119,18
382120,0
382121,22
382122,0
382123,0
382124,0
382125,0
382126,11
382127,0
382128,0
382129,0
382130,0
382131,7
382132,0
382133,0
382134,0
382135,10
382136,13
382137,0
382138,0
382139,4
382140,0
382141,9
382142,14
382143,0
382144,0
382145,0
382146,0
382147,0
382148,0
382149,0
382150,0
382151,0
382152,8
382153,16
382154,0
382155,0
382156,0
382157,6
382158,14
382159,0
382160,0
382161,0
382162,0
382163,0
382164,0
382165,0
382166,0
382167,21
382168,0
382169,0
382170,0
382171,0
382172,10
382173,0
382174,0
382175,0
382176,13
382177,0
382178,18
382179,0
382180,0
382181,0
382182,0
382183,0
382184,0
382185,0
382186,0
382187,0
382188,0
382189,13
382190,11
382191,0
382192,0
382193,0
382194,0
382195,0
382196,0
382197,0
382198,0
382199,0
382200,0
382201,13
382202,0
382203,0
382204,0
382205,0
382206,0
382207,0
382208,0
382209,0
382210,0
382211,0
382212,0
382213,0
382214,0
382215,0
382216,0
382217,0
382218,0
382219,0
382220,0
382221,0
382222,0
382223,13
382224,0
382225,0
382226,0
382227,8
382228,0
382229,12
382230,0
382231,0
382232,0
382233,0
382234,0
382235,0
382236,0
382237,0
382238,0
382239,0
382240,0
382241,0
382242,0
382243,0
382244,0
382245,0
382246,0
382247,0
382248,0
382249,0
382250,0
382251,0
382252,0
382253,0
382254,0
382255,0
382256,0
382257,0
382258,0
382259,0
382260,0
382261,0
382262,0
382263,0
382264,0
382265,0
382266,0
382267,0
382268,0
382269,0
382270,0
382271,0
382272,0
382273,0
382274,0
382275,0
382276,0
382277,0
382278,6
382279,0
382280,0
382281,14
382282,0
382283,0
382284,0
382285,0
382286,0
382287,0
382288,0
382289,0
382290,0
382291,0
382292,0
382293,0
382294,0
382295,0
382296,0
382297,0
382298,0
382299,0
382300,4
382301,0
382302,0
382303,0
382304,0
382305,0
382306,0
382307,0
382308,0
382309,0
382310,14
382311,16
382312,0
382313,0
382314,0
382315,0
382316,0
382317,0
382318,0
382319,5
382320,0
382321,0
382322,0
382323,0
382324,0
382325,0
382326,0
382327,0
382328,0
382329,13
382330,0
382331,0
382332,0
382333,0
382334,0
382335,0
382336,0
382337,0
382338,0
382339,0
382340,0
382341,17
382342,12
382343,0
382344,0
382345,0
382346,0
382347,16
382348,0
382349,0
382350,0
382351,0
382352,0
382353,0
382354,0
382355,0
382356,0
382357,0
382358,0
382359,0
382360,0
382361,0
382362,0
382363,0
382364,0
382365,0
382366,0
382367,0
382368,0
382369,0
382370,0
382371,0
382372,0
382373,0
382374,0
382375,0
382376,0
382377,10
382378,0
382379,0
382380,9
382381,0
382382,0
382383,0
382384,0
382385,0
382386,0
382387,0
382388,0
382389,0
382390,5
382391,0
382392,0
382393,0
382394,0
382395,0
382396,0
382397,0
382398,0
382399,0
382400,0
382401,0
382402,0
382403,0
382404,0
382405,0
382406,0
382407,0
382408,0
382409,0
382410,0
382411,0
382412,0
382413,12
382414,0
382415,0
382416,0
382417,0
382418,0
382419,0
382420,0
382421,0
382422,0
382423,0
382424,12
382425,0
382426,6
382427,0
382428,0
382429,0
382430,0
382431,0
382432,0
382433,8
382434,0
382435,0
382436,0
382437,13
382438,0
382439,0
382440,0
382441,0
382442,0
382443,0
382444,0
382445,0
382446,0
382447,0
382448,0
382449,16
382450,0
382451,0
382452,0
382453,0
382454,0
382455,0
382456,0
382457,10
382458,0
382459,0
382460,0
382461,0
382462,0
382463,10
382464,0
382465,0
382466,0
382467,0
382468,0
382469,0
382470,0
382471,0
382472,0
382473,0
382474,0
382475,0
382476,0
382477,0
382478,0
382479,0
382480,0
382481,0
382482,0
382483,0
382484,0
382485,0
382486,0
382487,0
382488,0
382489,0
382490,15
382491,10
382492,0
382493,0
382494,0
382495,0
382496,0
382497,0
382498,0
382499,0
382500,0
382501,0
382502,12
382503,0
382504,0
382505,0
382506,0
382507,10
382508,0
382509,0
382510,14
382511,0
382512,0
382513,0
382514,0
382515,0
382516,0
382517,0
382518,0
382519,0
382520,0
382521,0
382522,0
382523,0
382524,0
382525,0
382526,18
382527,0
382528,0
382529,0
382530,0
382531,0
382532,0
382533,12
382534,0
382535,0
382536,0
382537,0
382538,0
382539,0
382540,0
382541,12
382542,11
382543,0
382544,0
382545,0
382546,0
382547,0
382548,0
382549,5
382550,0
382551,0
382552,0
382553,11
382554,0
382555,12
382556,0
382557,14
382558,0
382559,0
382560,0
382561,0
382562,0
382563,8
382564,0
382565,0
382566,0
382567,0
382568,0
382569,0
382570,0
382571,0
382572,0
382573,0
382574,0
382575,0
382576,0
382577,0
382578,0
382579,0
382580,0
382581,0
382582,0
382583,14
382584,0
382585,6
382586,0
382587,0
382588,0
382589,0
382590,0
382591,0
382592,0
382593,0
382594,0
382595,14
382596,0
382597,0
382598,0
382599,0
382600,0
382601,0
382602,0
382603,0
382604,17
382605,0
382606,0
382607,0
382608,0
382609,0
382610,6
382611,0
382612,0
382613,7
382614,3
382615,0
382616,0
382617,0
382618,0
382619,5
382620,0
382621,0
382622,0
382623,4
382624,5
382625,0
382626,0
382627,0
382628,5
382629,0
382630,0
382631,5
382632,0
382633,0
382634,6
382635,0
382636,0
382637,0
382638,0
382639,0
382640,0
382641,0
382642,0
382643,0
382644,0
382645,0
382646,0
382647,0
382648,0
382649,0
382650,0
382651,0
382652,3
382653,0
382654,0
382655,0
382656,3
382657,10
382658,4
382659,0
382660,5
382661,0
382662,0
382663,0
382664,6
382665,0
382666,0
382667,0
382668,0
382669,0
382670,0
382671,5
382672,0
382673,0
382674,0
382675,3
382676,0
382677,0
382678,9
382679,4
382680,0
382681,0
382682,0
382683,0
382684,11
382685,3
382686,0
382687,0
382688,0
382689,0
382690,0
382691,0
382692,0
382693,5
382694,0
382695,0
382696,5
382697,4
382698,0
382699,0
382700,0
382701,5
382702,0
382703,4
382704,0
382705,6
382706,0
382707,0
382708,4
382709,0
382710,0
382711,0
382712,11
382713,3
382714,0
382715,0
382716,0
382717,0
382718,0
382719,0
382720,0
382721,3
382722,0
382723,0
382724,0
382725,3
382726,0
382727,0
382728,0
382729,0
382730,0
382731,0
382732,3
382733,0
382734,0
382735,0
382736,0
382737,0
382738,0
382739,0
382740,0
382741,6
382742,0
382743,0
382744,0
382745,0
382746,0
382747,0
382748,5
382749,0
382750,0
382751,0
382752,5
382753,0
382754,0
382755,0
382756,0
382757,2
382758,0
382759,5
382760,0
382761,5
382762,2
382763,0
382764,0
382765,3
382766,0
382767,0
382768,0
382769,0
382770,0
382771,0
382772,0
382773,0
382774,0
382775,0
382776,0
382777,8
382778,0
382779,4
382780,0
382781,0
382782,5
382783,0
382784,0
382785,0
382786,0
382787,0
382788,8
382789,0
382790,0
382791,0
382792,0
382793,0
382794,1
382795,0
382796,0
382797,0
382798,5
382799,6
382800,0
382801,0
382802,0
382803,0
382804,0
382805,0
382806,0
382807,0
382808,3
382809,0
382810,0
382811,0
382812,0
382813,0
382814,0
382815,5
382816,0
382817,0
382818,0
382819,5
382820,0
382821,0
382822,0
382823,0
382824,0
382825,0
382826,0
382827,0
382828,0
382829,0
382830,0
382831,0
382832,0
382833,0
382834,0
382835,0
382836,0
382837,0
382838,0
382839,0
382840,7
382841,0
382842,0
382843,0
382844,0
382845,0
382846,0
382847,0
382848,0
382849,0
382850,4
382851,0
382852,0
382853,0
382854,0
382855,0
382856,0
382857,4
382858,0
382859,0
382860,0
382861,6
382862,4
382863,0
382864,5
382865,4
382866,0
382867,0
382868,3
382869,0
382870,0
382871,0
382872,0
382873,0
382874,0
382875,0
382876,0
382877,9
382878,0
382879,8
382880,10
382881,0
382882,0
382883,0
382884,0
382885,0
382886,0
382887,0
382888,0
382889,0
382890,0
382891,0
382892,0
382893,0
382894,2
382895,0
382896,9
382897,0
382898,0
382899,0
382900,0
382901,0
382902,0
382903,6
382904,0
382905,0
382906,0
382907,5
382908,0
382909,0
382910,0
382911,0
382912,0
382913,0
382914,0
382915,6
382916,0
382917,0
382918,3
382919,0
382920,0
382921,2
382922,0
382923,5
382924,3
382925,2
382926,3
382927,0
382928,0
382929,0
382930,6
382931,3
382932,0
382933,3
382934,0
382935,0
382936,0
382937,7
382938,9
382939,0
382940,5
382941,0
382942,0
382943,0
382944,0
382945,0
382946,0
382947,0
382948,0
382949,0
382950,0
382951,0
382952,0
382953,5
382954,0
382955,0
382956,0
382957,0
382958,0
382959,0
382960,0
382961,0
382962,0
382963,0
382964,0
382965,0
382966,0
382967,0
382968,0
382969,0
382970,0
382971,1
382972,0
382973,0
382974,0
382975,0
382976,0
382977,0
382978,0
382979,6
382980,8
382981,0
382982,0
382983,0
382984,0
382985,0
382986,0
382987,0
382988,0
382989,0
382990,0
382991,0
382992,7
382993,0
382994,0
382995,3
382996,4
382997,0
382998,0
382999,0
383000,1
383001,0
383002,0
383003,0
383004,0
383005,0
383006,0
383007,0
383008,4
383009,0
383010,0
383011,0
383012,0
383013,0
383014,0
383015,0
383016,0
383017,0
383018,0
383019,2
383020,0
383021,0
383022,0
383023,0
383024,0
383025,0
383026,3
383027,0
383028,4
383029,0
383030,0
383031,0
383032,0
383033,1
383034,0
383035,1
383036,0
383037,0
383038,0
383039,0
383040,0
383041,0
383042,0
383043,0
383044,6
383045,0
383046,0
383047,3
383048,0
383049,5
383050,0
383051,0
383052,0
383053,0
383054,5
383055,0
383056,0
383057,0
383058,0
383059,0
383060,0
383061,0
383062,0
383063,5
383064,0
383065,0
383066,0
383067,0
383068,0
383069,0
383070,0
383071,11
383072,0
383073,0
383074,0
383075,11
383076,0
383077,0
383078,0
383079,0
383080,0
383081,16
383082,0
383083,0
383084,12
383085,0
383086,0
383087,0
383088,22
383089,0
383090,0
383091,0
383092,22
383093,20
383094,0
383095,0
383096,0
383097,16
383098,0
383099,0
383100,0
383101,0
383102,14
383103,0
383104,0
383105,0
383106,0
383107,0
383108,9
383109,5
383110,0
383111,0
383112,0
383113,0
383114,0
383115,0
383116,15
383117,23
383118,0
383119,0
383120,16
383121,17
383122,0
383123,20
383124,0
383125,0
383126,0
383127,0
383128,0
383129,0
383130,23
383131,0
383132,0
383133,0
383134,0
383135,15
383136,16
383137,22
383138,0
383139,9
383140,0
383141,0
383142,13
383143,0
383144,26
383145,0
383146,0
383147,0
383148,0
383149,0
383150,0
383151,0
383152,0
383153,0
383154,14
383155,16
383156,0
383157,0
383158,0
383159,0
383160,0
383161,0
383162,0
383163,0
383164,0
383165,0
383166,0
383167,0
383168,0
383169,0
383170,0
383171,0
383172,0
383173,0
383174,0
383175,0
383176,0
383177,0
383178,0
383179,0
383180,0
383181,0
383182,0
383183,0
383184,0
383185,0
383186,0
383187,0
383188,0
383189,0
383190,0
383191,0
383192,0
383193,0
383194,0
383195,0
383196,0
383197,0
383198,0
383199,0
383200,0
383201,0
383202,0
383203,1
383204,0
383205,0
383206,0
383207,0
383208,0
383209,0
383210,0
383211,0
383212,0
383213,0
383214,0
383215,0
383216,0
383217,0
383218,0
383219,0
383220,0
383221,0
383222,1
383223,0
383224,0
383225,0
383226,0
383227,0
383228,0
383229,0
383230,0
383231,0
383232,0
383233,0
383234,0
383235,0
383236,0
383237,0
383238,0
383239,0
383240,0
383241,0
383242,0
383243,0
383244,0
383245,0
383246,0
383247,0
383248,0
383249,0
383250,0
383251,0
383252,0
383253,0
383254,0
383255,0
383256,0
383257,0
383258,0
383259,0
383260,1
383261,0
383262,0
383263,0
383264,0
383265,0
383266,0
383267,0
383268,0
383269,0
383270,0
383271,0
383272,0
383273,0
383274,0
383275,0
383276,0
383277,0
383278,0
383279,0
383280,0
383281,0
383282,0
383283,0
383284,0
383285,0
383286,0
383287,0
383288,0
383289,0
383290,0
383291,0
383292,0
383293,0
383294,0
383295,0
383296,0
383297,0
383298,0
383299,0
383300,0
383301,0
383302,0
383303,0
383304,0
383305,0
383306,0
383307,0
383308,0
383309,0
383310,0
383311,0
383312,0
383313,0
383314,0
383315,0
383316,0
383317,0
383318,0
383319,0
383320,0
383321,0
383322,0
383323,0
383324,0
383325,0
383326,0
383327,0
383328,0
383329,0
383330,0
383331,0
383332,0
383333,0
383334,0
383335,0
383336,0
383337,0
383338,0
383339,0
383340,0
383341,0
383342,0
383343,0
383344,0
383345,0
383346,0
383347,0
383348,0
383349,0
383350,0
383351,0
383352,0
383353,0
383354,0
383355,0
383356,0
383357,0
383358,0
383359,0
383360,0
383361,0
383362,0
383363,0
383364,0
383365,0
383366,0
383367,0
383368,0
383369,0
383370,0
383371,0
383372,0
383373,0
383374,0
383375,0
383376,0
383377,0
383378,0
383379,0
383380,0
383381,0
383382,0
383383,0
383384,0
383385,0
383386,0
383387,0
383388,0
383389,0
383390,1
383391,0
383392,0
383393,0
383394,0
383395,0
383396,0
383397,0
383398,0
383399,0
383400,0
383401,0
383402,0
383403,0
383404,0
383405,0
383406,0
383407,0
383408,0
383409,0
383410,0
383411,0
383412,0
383413,0
383414,0
383415,0
383416,0
383417,0
383418,0
383419,0
383420,0
383421,0
383422,0
383423,0
383424,0
383425,0
383426,0
383427,0
383428,0
383429,0
383430,0
383431,0
383432,0
383433,0
383434,0
383435,0
383436,0
383437,0
383438,0
383439,0
383440,0
383441,0
383442,0
383443,0
383444,0
383445,0
383446,0
383447,0
383448,0
383449,0
383450,0
383451,0
383452,0
383453,0
383454,0
383455,0
383456,0
383457,0
383458,0
383459,0
383460,0
383461,0
383462,0
383463,0
383464,0
383465,0
383466,0
383467,0
383468,0
383469,0
383470,0
383471,0
383472,0
383473,0
383474,0
383475,0
383476,0
383477,0
383478,0
383479,0
383480,0
383481,0
383482,0
383483,0
383484,0
383485,0
383486,0
383487,0
383488,0
383489,0
383490,0
383491,0
383492,0
383493,0
383494,0
383495,0
383496,0
383497,0
383498,0
383499,0
383500,0
383501,0
383502,0
383503,0
383504,0
383505,0
383506,0
383507,0
383508,0
383509,0
383510,0
383511,0
383512,0
383513,0
383514,0
383515,0
383516,0
383517,0
383518,0
383519,0
383520,0
383521,0
383522,0
383523,0
383524,0
383525,0
383526,0
383527,0
383528,0
383529,0
383530,0
383531,0
383532,0
383533,0
383534,0
383535,0
383536,0
383537,0
383538,0
383539,0
383540,0
383541,0
383542,0
383543,0
383544,0
383545,0
383546,0
383547,0
383548,0
383549,0
383550,0
383551,0
383552,0
383553,0
383554,0
383555,0
383556,0
383557,0
383558,0
383559,1
383560,0
383561,0
383562,0
383563,0
383564,0
383565,0
383566,0
383567,0
383568,0
383569,0
383570,0
383571,0
383572,0
383573,0
383574,0
383575,0
383576,0
383577,0
383578,0
383579,0
383580,0
383581,0
383582,0
383583,0
383584,0
383585,0
383586,0
383587,0
383588,0
383589,0
383590,0
383591,0
383592,0
383593,0
383594,0
383595,0
383596,0
383597,0
383598,0
383599,0
383600,0
383601,0
383602,0
383603,0
383604,0
383605,0
383606,0
383607,0
383608,0
383609,0
383610,0
383611,0
383612,0
383613,0
383614,0
383615,0
383616,0
383617,0
383618,1
383619,0
383620,0
383621,0
383622,0
383623,0
383624,0
383625,0
383626,0
383627,0
383628,0
383629,0
383630,0
383631,0
383632,0
383633,0
383634,0
383635,0
383636,0
383637,0
383638,0
383639,0
383640,0
383641,0
383642,0
383643,0
383644,0
383645,0
383646,0
383647,0
383648,0
383649,0
383650,0
383651,0
383652,0
383653,0
383654,0
383655,0
383656,0
383657,0
383658,0
383659,0
383660,0
383661,0
383662,0
383663,0
383664,0
383665,0
383666,0
383667,0
383668,0
383669,0
383670,0
383671,0
383672,0
383673,0
383674,0
383675,0
383676,0
383677,0
383678,0
383679,0
383680,0
383681,0
383682,0
383683,0
383684,0
383685,0
383686,0
383687,0
383688,0
383689,0
383690,1
383691,0
383692,0
383693,0
383694,0
383695,0
383696,0
383697,0
383698,0
383699,0
383700,0
383701,0
383702,0
383703,0
383704,0
383705,0
383706,0
383707,0
383708,0
383709,0
383710,0
383711,0
383712,0
383713,0
383714,0
383715,0
383716,0
383717,0
383718,0
383719,0
383720,0
383721,0
383722,0
383723,0
383724,0
383725,0
383726,0
383727,0
383728,0
383729,0
383730,0
383731,0
383732,0
383733,0
383734,0
383735,0
383736,0
383737,0
383738,0
383739,0
383740,0
383741,0
383742,0
383743,0
383744,0
383745,0
383746,0
383747,0
383748,0
383749,0
383750,0
383751,0
383752,0
383753,0
383754,0
383755,0
383756,0
383757,0
383758,0
383759,0
383760,0
383761,0
383762,0
383763,0
383764,0
383765,0
383766,0
383767,0
383768,0
383769,0
383770,0
383771,0
383772,0
383773,0
383774,0
383775,0
383776,0
383777,0
383778,0
383779,0
383780,0
383781,0
383782,0
383783,0
383784,0
383785,0
383786,0
383787,0
383788,0
383789,0
383790,0
383791,0
383792,0
383793,0
383794,0
383795,0
383796,0
383797,0
383798,0
383799,0
383800,0
383801,0
383802,0
383803,0
383804,0
383805,0
383806,0
383807,0
383808,0
383809,0
383810,0
383811,0
383812,0
383813,0
383814,0
383815,0
383816,0
383817,0
383818,0
383819,0
383820,0
383821,0
383822,0
383823,0
383824,0
383825,0
383826,0
383827,0
383828,0
383829,0
383830,0
383831,0
383832,0
383833,0
383834,0
383835,0
383836,0
383837,0
383838,0
383839,0
383840,0
383841,0
383842,0
383843,0
383844,0
383845,0
383846,0
383847,0
383848,0
383849,0
383850,0
383851,0
383852,0
383853,0
383854,0
383855,0
383856,0
383857,0
383858,0
383859,0
383860,0
383861,0
383862,0
383863,0
383864,0
383865,0
383866,0
383867,0
383868,0
383869,0
383870,1
383871,0
383872,0
383873,0
383874,0
383875,0
383876,0
383877,0
383878,0
383879,0
383880,0
383881,0
383882,0
383883,0
383884,0
383885,0
383886,0
383887,0
383888,0
383889,0
383890,0
383891,0
383892,0
383893,0
383894,0
383895,0
383896,0
383897,0
383898,0
383899,0
383900,0
383901,0
383902,0
383903,0
383904,0
383905,0
383906,0
383907,0
383908,0
383909,0
383910,0
383911,0
383912,0
383913,0
383914,0
383915,0
383916,0
383917,1
383918,0
383919,0
383920,0
383921,0
383922,0
383923,0
383924,0
383925,0
383926,0
383927,0
383928,0
383929,0
383930,0
383931,0
383932,0
383933,0
383934,0
383935,0
383936,0
383937,0
383938,0
383939,0
383940,0
383941,0
383942,0
383943,0
383944,0
383945,0
383946,0
383947,0
383948,0
383949,0
383950,0
383951,0
383952,0
383953,0
383954,0
383955,0
383956,0
383957,0
383958,0
383959,0
383960,0
383961,0
383962,0
383963,0
383964,0
383965,0
383966,0
383967,21
383968,0
383969,0
383970,0
383971,8
383972,0
383973,0
383974,0
383975,0
383976,0
383977,0
383978,0
383979,23
383980,0
383981,0
383982,0
383983,0
383984,0
383985,0
383986,0
383987,37
383988,0
383989,12
383990,12
383991,0
383992,0
383993,16
383994,0
383995,0
383996,14
383997,0
383998,0
383999,0
384000,0
384001,0
384002,0
384003,0
384004,0
384005,0
384006,0
384007,0
384008,0
384009,0
384010,0
384011,11
384012,0
384013,13
384014,0
384015,0
384016,0
384017,0
384018,0
384019,0
384020,0
384021,0
384022,0
384023,0
384024,0
384025,0
384026,0
384027,0
384028,0
384029,0
384030,0
384031,2
384032,0
384033,0
384034,0
384035,0
384036,0
384037,0
384038,0
384039,0
384040,0
384041,0
384042,0
384043,0
384044,9
384045,0
384046,0
384047,0
384048,0
384049,9
384050,0
384051,0
384052,0
384053,0
384054,0
384055,0
384056,0
384057,0
384058,0
384059,0
384060,0
384061,0
384062,0
384063,0
384064,0
384065,0
384066,0
384067,0
384068,0
384069,0
384070,0
384071,0
384072,0
384073,21
384074,0
384075,0
384076,0
384077,0
384078,0
384079,0
384080,0
384081,0
384082,18
384083,0
384084,0
384085,0
384086,0
384087,0
384088,0
384089,0
384090,0
384091,0
384092,0
384093,18
384094,0
384095,0
384096,18
384097,0
384098,16
384099,0
384100,0
384101,0
384102,0
384103,0
384104,4
384105,0
384106,0
384107,0
384108,0
384109,0
384110,0
384111,0
384112,0
384113,0
384114,0
384115,24
384116,0
384117,11
384118,0
384119,0
384120,0
384121,0
384122,0
384123,0
384124,0
384125,0
384126,33
384127,0
384128,0
384129,0
384130,0
384131,0
384132,0
384133,0
384134,0
384135,0
384136,0
384137,0
384138,0
384139,0
384140,0
384141,0
384142,0
384143,0
384144,0
384145,0
384146,0
384147,0
384148,24
384149,0
384150,0
384151,0
384152,0
384153,0
384154,0
384155,0
384156,0
384157,0
384158,0
384159,0
384160,0
384161,16
384162,0
384163,0
384164,16
384165,0
384166,0
384167,8
384168,0
384169,0
384170,18
384171,0
384172,0
384173,0
384174,0
384175,0
384176,19
384177,0
384178,13
384179,0
384180,0
384181,0
384182,12
384183,0
384184,0
384185,15
384186,22
384187,0
384188,0
384189,15
384190,0
384191,0
384192,0
384193,0
384194,0
384195,0
384196,10
384197,0
384198,0
384199,0
384200,0
384201,0
384202,0
384203,14
384204,0
384205,0
384206,0
384207,0
384208,0
384209,0
384210,0
384211,0
384212,12
384213,0
384214,17
384215,20
384216,0
384217,0
384218,11
384219,10
384220,0
384221,0
384222,12
384223,8
384224,0
384225,0
384226,0
384227,12
384228,0
384229,0
384230,0
384231,0
384232,0
384233,0
384234,0
384235,0
384236,0
384237,0
384238,0
384239,0
384240,0
384241,0
384242,0
384243,0
384244,0
384245,11
384246,11
384247,0
384248,0
384249,0
384250,0
384251,0
384252,0
384253,0
384254,0
384255,0
384256,0
384257,0
384258,0
384259,0
384260,11
384261,0
384262,0
384263,0
384264,0
384265,0
384266,0
384267,0
384268,0
384269,0
384270,13
384271,0
384272,0
384273,0
384274,0
384275,0
384276,17
384277,0
384278,18
384279,14
384280,0
384281,0
384282,0
384283,30
384284,16
384285,0
384286,0
384287,0
384288,0
384289,0
384290,8
384291,0
384292,0
384293,0
384294,0
384295,0
384296,0
384297,0
384298,0
384299,0
384300,22
384301,21
384302,0
384303,0
384304,0
384305,0
384306,0
384307,0
384308,12
384309,0
384310,0
384311,0
384312,0
384313,0
384314,0
384315,9
384316,0
384317,0
384318,0
384319,0
384320,0
384321,0
384322,0
384323,0
384324,0
384325,0
384326,0
384327,0
384328,13
384329,0
384330,0
384331,0
384332,0
384333,0
384334,12
384335,0
384336,0
384337,0
384338,0
384339,11
384340,0
384341,0
384342,0
384343,0
384344,0
384345,0
384346,0
384347,0
384348,12
384349,15
384350,0
384351,0
384352,0
384353,0
384354,0
384355,0
384356,0
384357,0
384358,0
384359,0
384360,13
384361,0
384362,0
384363,0
384364,0
384365,0
384366,0
384367,0
384368,0
384369,0
384370,0
384371,0
384372,13
384373,0
384374,0
384375,0
384376,0
384377,0
384378,0
384379,0
384380,0
384381,10
384382,0
384383,17
384384,0
384385,0
384386,13
384387,0
384388,0
384389,0
384390,0
384391,0
384392,0
384393,0
384394,14
384395,12
384396,0
384397,0
384398,0
384399,0
384400,0
384401,0
384402,0
384403,12
384404,11
384405,0
384406,0
384407,0
384408,0
384409,0
384410,8
384411,0
384412,0
384413,0
384414,0
384415,0
384416,0
384417,9
384418,0
384419,0
384420,0
384421,0
384422,0
384423,0
384424,12
384425,0
384426,0
384427,0
384428,0
384429,0
384430,16
384431,0
384432,0
384433,0
384434,0
384435,15
384436,0
384437,0
384438,0
384439,0
384440,0
384441,0
384442,0
384443,0
384444,0
384445,0
384446,0
384447,17
384448,0
384449,0
384450,0
384451,0
384452,0
384453,14
384454,0
384455,0
384456,0
384457,0
384458,0
384459,0
384460,0
384461,0
384462,0
384463,0
384464,0
384465,0
384466,9
384467,0
384468,14
384469,0
384470,0
384471,0
384472,0
384473,0
384474,0
384475,17
384476,0
384477,0
384478,0
384479,0
384480,0
384481,0
384482,0
384483,0
384484,0
384485,0
384486,0
384487,0
384488,0
384489,0
384490,0
384491,0
384492,0
384493,0
384494,0
384495,0
384496,16
384497,0
384498,0
384499,0
384500,0
384501,22
384502,0
384503,6
384504,0
384505,0
384506,0
384507,0
384508,0
384509,0
384510,0
384511,0
384512,0
384513,0
384514,0
384515,0
384516,0
384517,0
384518,0
384519,0
384520,0
384521,17
384522,0
384523,0
384524,10
384525,0
384526,10
384527,0
384528,0
384529,0
384530,0
384531,0
384532,16
384533,0
384534,0
384535,0
384536,0
384537,0
384538,23
384539,0
384540,0
384541,19
384542,0
384543,0
384544,0
384545,0
384546,0
384547,0
384548,0
384549,0
384550,0
384551,0
384552,0
384553,0
384554,0
384555,0
384556,0
384557,0
384558,0
384559,0
384560,0
384561,0
384562,0
384563,0
384564,0
384565,8
384566,0
384567,0
384568,0
384569,0
384570,0
384571,0
384572,0
384573,26
384574,0
384575,0
384576,0
384577,0
384578,0
384579,0
384580,0
384581,0
384582,0
384583,0
384584,0
384585,0
384586,0
384587,0
384588,0
384589,0
384590,0
384591,0
384592,0
384593,0
384594,0
384595,0
384596,0
384597,22
384598,0
384599,0
384600,0
384601,0
384602,0
384603,0
384604,0
384605,0
384606,0
384607,0
384608,0
384609,0
384610,19
384611,0
384612,0
384613,0
384614,0
384615,0
384616,0
384617,0
384618,0
384619,0
384620,0
384621,0
384622,0
384623,0
384624,36
384625,0
384626,29
384627,0
384628,12
384629,0
384630,19
384631,30
384632,34
384633,0
384634,19
384635,0
384636,0
384637,0
384638,24
384639,31
384640,22
384641,0
384642,0
384643,0
384644,0
384645,0
384646,0
384647,0
384648,0
384649,0
384650,0
384651,0
384652,0
384653,0
384654,0
384655,0
384656,0
384657,0
384658,0
384659,0
384660,0
384661,0
384662,28
384663,19
384664,23
384665,0
384666,0
384667,0
384668,32
384669,0
384670,0
384671,16
384672,36
384673,0
384674,0
384675,0
384676,40
384677,0
384678,0
384679,0
384680,0
384681,0
384682,0
384683,0
384684,0
384685,0
384686,0
384687,0
384688,0
384689,0
384690,0
384691,0
384692,0
384693,27
384694,0
384695,0
384696,0
384697,0
384698,22
384699,0
384700,0
384701,0
384702,0
384703,0
384704,27
384705,0
384706,0
384707,0
384708,0
384709,0
384710,0
384711,0
384712,32
384713,0
384714,0
384715,0
384716,27
384717,0
384718,0
384719,0
384720,33
384721,0
384722,24
384723,28
384724,0
384725,28
384726,0
384727,0
384728,0
384729,28
384730,0
384731,0
384732,0
384733,0
384734,0
384735,0
384736,0
384737,0
384738,0
384739,0
384740,41
384741,0
384742,0
384743,0
384744,0
384745,0
384746,0
384747,0
384748,0
384749,0
384750,0
384751,0
384752,23
384753,0
384754,0
384755,0
384756,0
384757,0
384758,0
384759,0
384760,0
384761,0
384762,0
384763,27
384764,0
384765,34
384766,0
384767,0
384768,0
384769,33
384770,0
384771,10
384772,0
384773,11
384774,0
384775,0
384776,0
384777,0
384778,0
384779,0
384780,0
384781,0
384782,22
384783,18
384784,0
384785,0
384786,21
384787,22
384788,0
384789,0
384790,0
384791,0
384792,0
384793,0
384794,0
384795,0
384796,17
384797,0
384798,0
384799,0
384800,0
384801,14
384802,0
384803,0
384804,0
384805,0
384806,0
384807,0
384808,22
384809,0
384810,0
384811,40
384812,0
384813,0
384814,0
384815,0
384816,17
384817,28
384818,0
384819,0
384820,15
384821,0
384822,0
384823,0
384824,0
384825,37
384826,18
384827,22
384828,23
384829,0
384830,0
384831,0
384832,23
384833,0
384834,0
384835,0
384836,0
384837,0
384838,0
384839,0
384840,0
384841,20
384842,0
384843,0
384844,29
384845,0
384846,0
384847,0
384848,0
384849,0
384850,0
384851,0
384852,0
384853,0
384854,0
384855,0
384856,24
384857,0
384858,0
384859,0
384860,24
384861,0
384862,0
384863,0
384864,0
384865,26
384866,0
384867,0
384868,0
384869,0
384870,0
384871,0
384872,0
384873,0
384874,0
384875,0
384876,0
384877,0
384878,0
384879,0
384880,0
384881,0
384882,0
384883,0
384884,0
384885,0
384886,0
384887,0
384888,0
384889,0
384890,0
384891,0
384892,0
384893,21
384894,0
384895,26
384896,20
384897,0
384898,0
384899,0
384900,0
384901,0
384902,0
384903,0
384904,0
384905,0
384906,0
384907,0
384908,0
384909,0
384910,0
384911,0
384912,0
384913,0
384914,0
384915,0
384916,0
384917,0
384918,0
384919,0
384920,0
384921,0
384922,0
384923,0
384924,0
384925,14
384926,0
384927,0
384928,0
384929,0
384930,0
384931,0
384932,0
384933,0
384934,0
384935,0
384936,0
384937,0
384938,0
384939,0
384940,0
384941,0
384942,0
384943,0
384944,0
384945,18
384946,0
384947,0
384948,0
384949,0
384950,0
384951,0
384952,0
384953,0
384954,0
384955,39
384956,0
384957,25
384958,0
384959,0
384960,0
384961,0
384962,0
384963,0
384964,0
384965,0
384966,0
384967,21
384968,0
384969,31
384970,27
384971,27
384972,0
384973,0
384974,0
384975,0
384976,0
384977,0
384978,0
384979,27
384980,0
384981,0
384982,0
384983,0
384984,25
384985,22
384986,20
384987,23
384988,24
384989,0
384990,0
384991,0
384992,21
384993,0
384994,0
384995,36
384996,0
384997,0
384998,0
384999,23
385000,19
385001,31
385002,28
385003,0
385004,0
385005,0
385006,0
385007,22
385008,0
385009,0
385010,0
385011,0
385012,0
385013,0
385014,0
385015,0
385016,0
385017,0
385018,0
385019,0
385020,0
385021,0
385022,0
385023,0
385024,0
385025,33
385026,0
385027,0
385028,29
385029,0
385030,0
385031,0
385032,29
385033,0
385034,0
385035,0
385036,0
385037,29
385038,0
385039,0
385040,0
385041,0
385042,0
385043,0
385044,0
385045,0
385046,0
385047,0
385048,25
385049,0
385050,0
385051,21
385052,36
385053,0
385054,22
385055,0
385056,0
385057,0
385058,35
385059,0
385060,0
385061,0
385062,0
385063,0
385064,30
385065,12
385066,0
385067,0
385068,0
385069,25
385070,0
385071,0
385072,0
385073,38
385074,13
385075,0
385076,16
385077,21
385078,0
385079,0
385080,0
385081,0
385082,0
385083,0
385084,28
385085,0
385086,0
385087,0
385088,0
385089,40
385090,0
385091,26
385092,0
385093,0
385094,0
385095,0
385096,0
385097,0
385098,0
385099,0
385100,26
385101,30
385102,22
385103,32
385104,0
385105,0
385106,0
385107,0
385108,0
385109,0
385110,0
385111,0
385112,0
385113,0
385114,0
385115,0
385116,0
385117,0
385118,0
385119,0
385120,0
385121,0
385122,0
385123,0
385124,0
385125,0
385126,0
385127,21
385128,0
385129,0
385130,24
385131,0
385132,0
385133,0
385134,24
385135,0
385136,0
385137,0
385138,21
385139,0
385140,0
385141,0
385142,0
385143,22
385144,0
385145,0
385146,0
385147,0
385148,0
385149,0
385150,0
385151,0
385152,0
385153,0
385154,16
385155,0
385156,0
385157,0
385158,0
385159,15
385160,0
385161,0
385162,0
385163,14
385164,0
385165,0
385166,0
385167,0
385168,0
385169,0
385170,0
385171,0
385172,0
385173,0
385174,0
385175,0
385176,11
385177,0
385178,0
385179,0
385180,0
385181,0
385182,0
385183,0
385184,0
385185,0
385186,0
385187,0
385188,0
385189,0
385190,0
385191,0
385192,0
385193,0
385194,11
385195,14
385196,0
385197,10
385198,0
385199,0
385200,0
385201,0
385202,0
385203,0
385204,0
385205,0
385206,0
385207,7
385208,0
385209,0
385210,0
385211,0
385212,0
385213,0
385214,0
385215,11
385216,0
385217,0
385218,0
385219,0
385220,0
385221,6
385222,0
385223,0
385224,0
385225,0
385226,0
385227,0
385228,0
385229,0
385230,0
385231,0
385232,0
385233,0
385234,0
385235,0
385236,12
385237,0
385238,12
385239,0
385240,0
385241,0
385242,0
385243,0
385244,0
385245,0
385246,5
385247,0
385248,0
385249,0
385250,0
385251,0
385252,0
385253,0
385254,0
385255,3
385256,0
385257,0
385258,0
385259,0
385260,4
385261,0
385262,0
385263,0
385264,0
385265,6
385266,0
385267,6
385268,0
385269,0
385270,13
385271,1
385272,0
385273,0
385274,0
385275,0
385276,0
385277,2
385278,0
385279,5
385280,6
385281,0
385282,6
385283,0
385284,0
385285,7
385286,0
385287,0
385288,0
385289,0
385290,0
385291,0
385292,0
385293,0
385294,0
385295,0
385296,0
385297,0
385298,0
385299,0
385300,0
385301,0
385302,0
385303,0
385304,0
385305,0
385306,5
385307,7
385308,6
385309,0
385310,0
385311,0
385312,0
385313,0
385314,1
385315,0
385316,0
385317,0
385318,0
385319,6
385320,0
385321,0
385322,0
385323,0
385324,3
385325,9
385326,5
385327,0
385328,0
385329,0
385330,0
385331,0
385332,0
385333,0
385334,0
385335,10
385336,0
385337,0
385338,0
385339,0
385340,3
385341,0
385342,3
385343,0
385344,10
385345,8
385346,0
385347,10
385348,0
385349,0
385350,6
385351,0
385352,5
385353,0
385354,0
385355,0
385356,0
385357,3
385358,0
385359,13
385360,0
385361,3
385362,0
385363,0
385364,0
385365,7
385366,0
385367,0
385368,0
385369,0
385370,0
385371,7
385372,0
385373,6
385374,0
385375,0
385376,1
385377,0
385378,0
385379,0
385380,0
385381,0
385382,0
385383,0
385384,0
385385,0
385386,0
385387,4
385388,6
385389,6
385390,0
385391,0
385392,0
385393,7
385394,0
385395,7
385396,5
385397,0
385398,0
385399,0
385400,0
385401,0
385402,6
385403,4
385404,0
385405,0
385406,0
385407,0
385408,0
385409,2
385410,4
385411,0
385412,0
385413,5
385414,6
385415,0
385416,6
385417,0
385418,0
385419,0
385420,0
385421,0
385422,0
385423,0
385424,0
385425,0
385426,0
385427,0
385428,0
385429,0
385430,4
385431,0
385432,0
385433,0
385434,7
385435,6
385436,0
385437,0
385438,0
385439,5
385440,0
385441,4
385442,0
385443,0
385444,0
385445,3
385446,0
385447,0
385448,10
385449,0
385450,0
385451,0
385452,0
385453,0
385454,0
385455,0
385456,0
385457,0
385458,0
385459,0
385460,0
385461,0
385462,0
385463,8
385464,0
385465,0
385466,9
385467,6
385468,0
385469,0
385470,3
385471,0
385472,0
385473,11
385474,0
385475,0
385476,0
385477,0
385478,0
385479,0
385480,14
385481,0
385482,0
385483,0
385484,0
385485,0
385486,0
385487,0
385488,0
385489,0
385490,0
385491,0
385492,0
385493,0
385494,0
385495,0
385496,0
385497,0
385498,0
385499,0
385500,0
385501,0
385502,0
385503,0
385504,0
385505,0
385506,0
385507,0
385508,0
385509,0
385510,0
385511,0
385512,0
385513,0
385514,0
385515,0
385516,0
385517,0
385518,0
385519,0
385520,0
385521,0
385522,0
385523,0
385524,0
385525,0
385526,0
385527,0
385528,0
385529,0
385530,0
385531,0
385532,0
385533,0
385534,0
385535,0
385536,0
385537,0
385538,0
385539,0
385540,0
385541,18
385542,0
385543,0
385544,15
385545,0
385546,0
385547,23
385548,0
385549,0
385550,0
385551,0
385552,8
385553,0
385554,17
385555,0
385556,0
385557,0
385558,0
385559,0
385560,15
385561,0
385562,0
385563,0
385564,0
385565,0
385566,0
385567,0
385568,26
385569,0
385570,0
385571,0
385572,0
385573,0
385574,0
385575,21
385576,0
385577,0
385578,0
385579,0
385580,0
385581,0
385582,0
385583,0
385584,23
385585,0
385586,0
385587,0
385588,0
385589,0
385590,0
385591,0
385592,0
385593,0
385594,0
385595,0
385596,8
385597,0
385598,0
385599,0
385600,0
385601,0
385602,0
385603,0
385604,0
385605,0
385606,0
385607,0
385608,0
385609,0
385610,0
385611,0
385612,0
385613,0
385614,0
385615,0
385616,0
385617,0
385618,0
385619,0
385620,0
385621,0
385622,0
385623,0
385624,0
385625,0
385626,0
385627,0
385628,0
385629,0
385630,0
385631,0
385632,11
385633,0
385634,0
385635,0
385636,0
385637,15
385638,0
385639,0
385640,20
385641,0
385642,0
385643,0
385644,28
385645,0
385646,0
385647,0
385648,0
385649,13
385650,0
385651,0
385652,0
385653,17
385654,0
385655,0
385656,0
385657,0
385658,0
385659,0
385660,0
385661,0
385662,0
385663,0
385664,0
385665,0
385666,14
385667,0
385668,0
385669,0
385670,0
385671,0
385672,0
385673,0
385674,0
385675,0
385676,0
385677,0
385678,0
385679,0
385680,0
385681,0
385682,0
385683,0
385684,0
385685,0
385686,0
385687,0
385688,0
385689,17
385690,0
385691,0
385692,9
385693,0
385694,0
385695,0
385696,0
385697,0
385698,0
385699,0
385700,11
385701,0
385702,0
385703,0
385704,0
385705,0
385706,0
385707,0
385708,0
385709,0
385710,0
385711,0
385712,0
385713,0
385714,0
385715,0
385716,0
385717,0
385718,0
385719,0
385720,0
385721,0
385722,0
385723,0
385724,0
385725,0
385726,0
385727,0
385728,0
385729,0
385730,0
385731,0
385732,0
385733,0
385734,0
385735,0
385736,0
385737,0
385738,0
385739,0
385740,0
385741,0
385742,0
385743,0
385744,0
385745,15
385746,0
385747,0
385748,0
385749,0
385750,0
385751,0
385752,0
385753,0
385754,0
385755,0
385756,0
385757,0
385758,0
385759,0
385760,0
385761,0
385762,0
385763,0
385764,0
385765,0
385766,0
385767,0
385768,0
385769,0
385770,0
385771,0
385772,0
385773,0
385774,0
385775,0
385776,0
385777,0
385778,0
385779,0
385780,0
385781,0
385782,0
385783,0
385784,0
385785,0
385786,0
385787,0
385788,0
385789,0
385790,0
385791,0
385792,0
385793,0
385794,0
385795,0
385796,0
385797,0
385798,0
385799,0
385800,0
385801,0
385802,0
385803,0
385804,0
385805,15
385806,0
385807,0
385808,0
385809,0
385810,0
385811,0
385812,0
385813,0
385814,0
385815,0
385816,0
385817,0
385818,0
385819,0
385820,0
385821,0
385822,0
385823,0
385824,0
385825,0
385826,0
385827,0
385828,0
385829,0
385830,0
385831,0
385832,0
385833,0
385834,0
385835,0
385836,0
385837,0
385838,0
385839,0
385840,0
385841,15
385842,16
385843,0
385844,0
385845,0
385846,0
385847,0
385848,0
385849,0
385850,0
385851,0
385852,0
385853,0
385854,0
385855,0
385856,0
385857,16
385858,0
385859,0
385860,0
385861,0
385862,23
385863,0
385864,0
385865,0
385866,20
385867,0
385868,0
385869,0
385870,0
385871,0
385872,0
385873,0
385874,0
385875,0
385876,0
385877,0
385878,0
385879,0
385880,0
385881,0
385882,0
385883,0
385884,0
385885,0
385886,0
385887,21
385888,0
385889,0
385890,22
385891,0
385892,0
385893,0
385894,19
385895,0
385896,0
385897,0
385898,0
385899,0
385900,0
385901,0
385902,10
385903,0
385904,0
385905,0
385906,0
385907,0
385908,0
385909,0
385910,0
385911,0
385912,0
385913,0
385914,0
385915,0
385916,0
385917,0
385918,0
385919,0
385920,0
385921,0
385922,14
385923,0
385924,0
385925,22
385926,0
385927,0
385928,16
385929,0
385930,0
385931,0
385932,0
385933,0
385934,0
385935,0
385936,0
385937,0
385938,0
385939,23
385940,0
385941,0
385942,0
385943,0
385944,0
385945,0
385946,0
385947,12
385948,0
385949,0
385950,14
385951,0
385952,0
385953,0
385954,0
385955,0
385956,0
385957,0
385958,0
385959,0
385960,0
385961,0
385962,18
385963,0
385964,0
385965,0
385966,0
385967,0
385968,0
385969,0
385970,0
385971,15
385972,0
385973,0
385974,0
385975,0
385976,0
385977,0
385978,0
385979,0
385980,0
385981,0
385982,0
385983,0
385984,0
385985,0
385986,0
385987,0
385988,0
385989,0
385990,0
385991,0
385992,0
385993,0
385994,0
385995,0
385996,0
385997,0
385998,22
385999,0
386000,0
386001,0
386002,0
386003,0
386004,0
386005,0
386006,0
386007,0
386008,0
386009,0
386010,0
386011,0
386012,0
386013,0
386014,0
386015,0
386016,0
386017,0
386018,0
386019,0
386020,0
386021,0
386022,0
386023,0
386024,0
386025,0
386026,14
386027,0
386028,0
386029,13
386030,0
386031,0
386032,0
386033,16
386034,0
386035,0
386036,0
386037,0
386038,0
386039,0
386040,0
386041,0
386042,0
386043,0
386044,0
386045,0
386046,0
386047,0
386048,0
386049,0
386050,0
386051,0
386052,0
386053,0
386054,0
386055,0
386056,0
386057,0
386058,0
386059,0
386060,0
386061,0
386062,0
386063,0
386064,0
386065,0
386066,0
386067,0
386068,0
386069,0
386070,0
386071,0
386072,0
386073,0
386074,0
386075,0
386076,0
386077,12
386078,0
386079,0
386080,0
386081,0
386082,0
386083,0
386084,0
386085,0
386086,0
386087,0
386088,0
386089,0
386090,21
386091,0
386092,0
386093,0
386094,0
386095,19
386096,0
386097,0
386098,26
386099,0
386100,15
386101,0
386102,0
386103,0
386104,0
386105,0
386106,0
386107,0
386108,0
386109,0
386110,0
386111,9
386112,0
386113,0
386114,0
386115,0
386116,0
386117,0
386118,0
386119,18
386120,0
386121,0
386122,0
386123,17
386124,0
386125,0
386126,14
386127,0
386128,0
386129,0
386130,0
386131,0
386132,0
386133,16
386134,0
386135,0
386136,10
386137,0
386138,13
386139,0
386140,0
386141,0
386142,0
386143,11
386144,0
386145,0
386146,0
386147,0
386148,0
386149,0
386150,0
386151,0
386152,0
386153,0
386154,14
386155,0
386156,0
386157,0
386158,0
386159,21
386160,0
386161,0
386162,12
386163,0
386164,9
386165,0
386166,0
386167,15
386168,0
386169,0
386170,0
386171,8
386172,0
386173,0
386174,0
386175,0
386176,0
386177,0
386178,0
386179,0
386180,6
386181,0
386182,0
386183,0
386184,0
386185,0
386186,0
386187,0
386188,9
386189,21
386190,0
386191,0
386192,0
386193,0
386194,0
386195,0
386196,0
386197,0
386198,6
386199,0
386200,0
386201,0
386202,0
386203,0
386204,0
386205,0
386206,0
386207,0
386208,9
386209,0
386210,0
386211,0
386212,0
386213,0
386214,0
386215,0
386216,0
386217,0
386218,0
386219,0
386220,17
386221,0
386222,0
386223,0
386224,0
386225,0
386226,0
386227,14
386228,0
386229,0
386230,0
386231,0
386232,11
386233,0
386234,16
386235,0
386236,9
386237,0
386238,0
386239,0
386240,0
386241,0
386242,9
386243,0
386244,0
386245,0
386246,0
386247,0
386248,0
386249,0
386250,0
386251,0
386252,0
386253,8
386254,0
386255,0
386256,0
386257,0
386258,0
386259,0
386260,0
386261,13
386262,0
386263,0
386264,0
386265,9
386266,0
386267,8
386268,0
386269,0
386270,0
386271,0
386272,0
386273,0
386274,0
386275,0
386276,0
386277,0
386278,0
386279,7
386280,0
386281,0
386282,0
386283,12
386284,0
386285,0
386286,0
386287,0
386288,7
386289,0
386290,0
386291,0
386292,0
386293,0
386294,0
386295,0
386296,0
386297,0
386298,0
386299,0
386300,0
386301,0
386302,0
386303,0
386304,0
386305,0
386306,0
386307,0
386308,0
386309,0
386310,0
386311,0
386312,12
386313,0
386314,0
386315,0
386316,0
386317,0
386318,0
386319,0
386320,0
386321,0
386322,0
386323,0
386324,0
386325,0
386326,0
386327,0
386328,0
386329,0
386330,0
386331,0
386332,11
386333,0
386334,9
386335,0
386336,0
386337,0
386338,8
386339,0
386340,0
386341,18
386342,0
386343,0
386344,0
386345,0
386346,0
386347,12
386348,0
386349,0
386350,0
386351,0
386352,0
386353,0
386354,0
386355,0
386356,0
386357,0
386358,0
386359,0
386360,0
386361,0
386362,0
386363,15
386364,10
386365,0
386366,0
386367,9
386368,0
386369,0
386370,0
386371,0
386372,0
386373,0
386374,0
386375,6
386376,0
386377,0
386378,0
386379,0
386380,0
386381,0
386382,12
386383,0
386384,0
386385,0
386386,0
386387,0
386388,17
386389,0
386390,10
386391,23
386392,0
386393,0
386394,0
386395,0
386396,0
386397,0
386398,0
386399,0
386400,0
386401,0
386402,0
386403,0
386404,0
386405,0
386406,0
386407,0
386408,0
386409,0
386410,0
386411,0
386412,0
386413,0
386414,0
386415,0
386416,0
386417,0
386418,0
386419,0
386420,10
386421,0
386422,8
386423,16
386424,0
386425,0
386426,0
386427,0
386428,0
386429,0
386430,0
386431,0
386432,0
386433,0
386434,14
386435,0
386436,10
386437,0
386438,0
386439,0
386440,0
386441,0
386442,0
386443,0
386444,0
386445,0
386446,0
386447,12
386448,0
386449,0
386450,7
386451,0
386452,11
386453,0
386454,11
386455,0
386456,0
386457,0
386458,11
386459,14
386460,0
386461,7
386462,11
386463,0
386464,4
386465,15
386466,0
386467,10
386468,3
386469,0
386470,0
386471,0
386472,0
386473,0
386474,10
386475,0
386476,0
386477,4
386478,0
386479,0
386480,0
386481,0
386482,0
386483,0
386484,0
386485,0
386486,0
386487,0
386488,0
386489,0
386490,0
386491,0
386492,0
386493,0
386494,0
386495,0
386496,0
386497,0
386498,0
386499,9
386500,0
386501,0
386502,0
386503,12
386504,18
386505,11
386506,0
386507,0
386508,0
386509,0
386510,0
386511,10
386512,0
386513,0
386514,0
386515,11
386516,0
386517,0
386518,0
386519,0
386520,0
386521,0
386522,0
386523,10
386524,0
386525,0
386526,15
386527,0
386528,9
386529,6
386530,0
386531,11
386532,0
386533,0
386534,0
386535,9
386536,0
386537,0
386538,10
386539,0
386540,0
386541,13
386542,11
386543,7
386544,14
386545,0
386546,0
386547,0
386548,0
386549,0
386550,0
386551,0
386552,0
386553,0
386554,17
386555,0
386556,0
386557,0
386558,0
386559,0
386560,0
386561,0
386562,0
386563,8
386564,0
386565,0
386566,14
386567,0
386568,0
386569,0
386570,0
386571,0
386572,0
386573,0
386574,0
386575,0
386576,0
386577,9
386578,0
386579,0
386580,0
386581,0
386582,0
386583,0
386584,0
386585,0
386586,0
386587,0
386588,0
386589,0
386590,0
386591,0
386592,0
386593,1
386594,0
386595,0
386596,0
386597,0
386598,0
386599,0
386600,0
386601,0
386602,0
386603,0
386604,0
386605,0
386606,0
386607,0
386608,0
386609,0
386610,0
386611,0
386612,0
386613,0
386614,0
386615,0
386616,0
386617,0
386618,0
386619,0
386620,0
386621,0
386622,0
386623,0
386624,0
386625,0
386626,0
386627,0
386628,0
386629,0
386630,0
386631,0
386632,0
386633,0
386634,0
386635,0
386636,0
386637,0
386638,0
386639,0
386640,0
386641,0
386642,0
386643,0
386644,0
386645,0
386646,0
386647,0
386648,0
386649,0
386650,0
386651,0
386652,0
386653,0
386654,0
386655,0
386656,0
386657,0
386658,0
386659,0
386660,0
386661,0
386662,2
386663,0
386664,0
386665,0
386666,0
386667,0
386668,0
386669,0
386670,0
386671,0
386672,0
386673,0
386674,0
386675,0
386676,0
386677,1
386678,0
386679,0
386680,0
386681,0
386682,0
386683,0
386684,0
386685,0
386686,0
386687,0
386688,0
386689,0
386690,0
386691,0
386692,0
386693,0
386694,0
386695,0
386696,0
386697,0
386698,0
386699,0
386700,0
386701,0
386702,0
386703,0
386704,0
386705,0
386706,0
386707,0
386708,0
386709,0
386710,0
386711,0
386712,0
386713,0
386714,0
386715,0
386716,0
386717,0
386718,0
386719,0
386720,0
386721,0
386722,0
386723,0
386724,0
386725,0
386726,0
386727,0
386728,0
386729,1
386730,0
386731,0
386732,0
386733,0
386734,0
386735,0
386736,0
386737,0
386738,0
386739,0
386740,0
386741,0
386742,0
386743,0
386744,0
386745,0
386746,0
386747,0
386748,0
386749,0
386750,0
386751,0
386752,0
386753,0
386754,0
386755,1
386756,0
386757,0
386758,0
386759,0
386760,0
386761,0
386762,0
386763,0
386764,0
386765,0
386766,0
386767,0
386768,0
386769,0
386770,0
386771,0
386772,0
386773,0
386774,0
386775,0
386776,0
386777,0
386778,0
386779,0
386780,0
386781,0
386782,0
386783,0
386784,0
386785,0
386786,0
386787,0
386788,0
386789,0
386790,0
386791,0
386792,0
386793,0
386794,0
386795,0
386796,0
386797,0
386798,1
386799,0
386800,0
386801,0
386802,0
386803,0
386804,0
386805,0
386806,0
386807,0
386808,0
386809,0
386810,1
386811,0
386812,0
386813,0
386814,0
386815,0
386816,0
386817,0
386818,0
386819,0
386820,0
386821,0
386822,0
386823,0
386824,0
386825,0
386826,0
386827,0
386828,0
386829,0
386830,0
386831,0
386832,0
386833,0
386834,0
386835,0
386836,0
386837,0
386838,0
386839,0
386840,0
386841,0
386842,0
386843,0
386844,0
386845,0
386846,0
386847,0
386848,0
386849,0
386850,0
386851,0
386852,0
386853,0
386854,0
386855,0
386856,0
386857,0
386858,0
386859,0
386860,0
386861,0
386862,0
386863,0
386864,0
386865,0
386866,0
386867,0
386868,0
386869,0
386870,0
386871,0
386872,0
386873,0
386874,0
386875,0
386876,0
386877,0
386878,0
386879,0
386880,0
386881,0
386882,0
386883,0
386884,0
386885,0
386886,0
386887,0
386888,0
386889,0
386890,0
386891,0
386892,0
386893,0
386894,0
386895,0
386896,0
386897,0
386898,0
386899,0
386900,0
386901,0
386902,0
386903,0
386904,0
386905,0
386906,0
386907,0
386908,0
386909,0
386910,0
386911,0
386912,0
386913,0
386914,0
386915,0
386916,0
386917,0
386918,0
386919,0
386920,0
386921,0
386922,0
386923,0
386924,0
386925,0
386926,0
386927,0
386928,0
386929,0
386930,0
386931,0
386932,0
386933,0
386934,0
386935,0
386936,0
386937,0
386938,0
386939,0
386940,0
386941,0
386942,0
386943,0
386944,0
386945,0
386946,0
386947,0
386948,0
386949,0
386950,0
386951,0
386952,0
386953,0
386954,0
386955,0
386956,0
386957,0
386958,0
386959,0
386960,0
386961,0
386962,0
386963,0
386964,0
386965,0
386966,0
386967,0
386968,0
386969,0
386970,0
386971,0
386972,0
386973,0
386974,0
386975,0
386976,0
386977,0
386978,0
386979,0
386980,0
386981,0
386982,0
386983,0
386984,0
386985,0
386986,0
386987,0
386988,0
386989,0
386990,0
386991,0
386992,0
386993,0
386994,0
386995,0
386996,0
386997,0
386998,0
386999,0
387000,0
387001,0
387002,2
387003,0
387004,0
387005,0
387006,0
387007,0
387008,0
387009,0
387010,0
387011,0
387012,0
387013,0
387014,0
387015,0
387016,0
387017,0
387018,0
387019,0
387020,0
387021,0
387022,0
387023,1
387024,0
387025,0
387026,0
387027,0
387028,0
387029,0
387030,0
387031,0
387032,0
387033,0
387034,0
387035,0
387036,0
387037,0
387038,0
387039,0
387040,0
387041,0
387042,0
387043,0
387044,0
387045,1
387046,0
387047,0
387048,0
387049,0
387050,0
387051,0
387052,0
387053,1
387054,0
387055,0
387056,0
387057,0
387058,0
387059,0
387060,0
387061,0
387062,0
387063,0
387064,0
387065,0
387066,0
387067,0
387068,0
387069,0
387070,0
387071,0
387072,0
387073,0
387074,0
387075,0
387076,0
387077,0
387078,0
387079,0
387080,0
387081,0
387082,0
387083,0
387084,0
387085,0
387086,0
387087,0
387088,0
387089,0
387090,0
387091,0
387092,0
387093,0
387094,0
387095,0
387096,0
387097,0
387098,0
387099,0
387100,0
387101,0
387102,0
387103,0
387104,0
387105,0
387106,0
387107,0
387108,0
387109,0
387110,0
387111,0
387112,0
387113,0
387114,1
387115,0
387116,0
387117,0
387118,0
387119,0
387120,1
387121,0
387122,0
387123,2
387124,0
387125,0
387126,0
387127,0
387128,0
387129,0
387130,0
387131,0
387132,0
387133,0
387134,0
387135,0
387136,0
387137,0
387138,0
387139,0
387140,0
387141,0
387142,0
387143,0
387144,0
387145,0
387146,0
387147,0
387148,0
387149,0
387150,0
387151,0
387152,0
387153,0
387154,0
387155,0
387156,0
387157,0
387158,0
387159,0
387160,1
387161,0
387162,0
387163,0
387164,0
387165,0
387166,0
387167,0
387168,0
387169,0
387170,0
387171,0
387172,0
387173,0
387174,0
387175,0
387176,0
387177,0
387178,0
387179,1
387180,2
387181,0
387182,0
387183,0
387184,0
387185,0
387186,0
387187,0
387188,0
387189,0
387190,0
387191,0
387192,0
387193,0
387194,0
387195,0
387196,0
387197,0
387198,0
387199,0
387200,0
387201,0
387202,0
387203,0
387204,0
387205,0
387206,0
387207,0
387208,0
387209,2
387210,0
387211,0
387212,0
387213,0
387214,0
387215,0
387216,0
387217,0
387218,0
387219,0
387220,3
387221,0
387222,0
387223,1
387224,0
387225,0
387226,0
387227,0
387228,0
387229,0
387230,0
387231,0
387232,0
387233,0
387234,0
387235,0
387236,0
387237,0
387238,0
387239,0
387240,0
387241,0
387242,0
387243,0
387244,0
387245,0
387246,0
387247,0
387248,0
387249,0
387250,0
387251,0
387252,0
387253,0
387254,0
387255,0
387256,0
387257,0
387258,0
387259,0
387260,0
387261,0
387262,0
387263,0
387264,0
387265,0
387266,0
387267,0
387268,0
387269,0
387270,0
387271,0
387272,0
387273,0
387274,0
387275,0
387276,0
387277,0
387278,0
387279,0
387280,0
387281,0
387282,0
387283,0
387284,0
387285,0
387286,0
387287,0
387288,0
387289,0
387290,0
387291,0
387292,0
387293,0
387294,0
387295,0
387296,2
387297,0
387298,2
387299,0
387300,0
387301,0
387302,0
387303,0
387304,0
387305,0
387306,0
387307,0
387308,0
387309,0
387310,0
387311,0
387312,0
387313,0
387314,2
387315,0
387316,0
387317,0
387318,0
387319,0
387320,0
387321,0
387322,0
387323,0
387324,0
387325,0
387326,0
387327,0
387328,0
387329,0
387330,0
387331,0
387332,0
387333,0
387334,0
387335,0
387336,0
387337,0
387338,0
387339,0
387340,0
387341,0
387342,0
387343,0
387344,0
387345,0
387346,0
387347,0
387348,0
387349,0
387350,0
387351,0
387352,0
387353,0
387354,0
387355,0
387356,0
387357,0
387358,0
387359,0
387360,0
387361,0
387362,0
387363,0
387364,0
387365,0
387366,0
387367,0
387368,0
387369,0
387370,0
387371,0
387372,0
387373,0
387374,0
387375,0
387376,0
387377,0
387378,0
387379,0
387380,0
387381,0
387382,0
387383,0
387384,0
387385,0
387386,0
387387,0
387388,0
387389,0
387390,0
387391,0
387392,0
387393,0
387394,0
387395,0
387396,0
387397,0
387398,0
387399,0
387400,0
387401,0
387402,0
387403,0
387404,0
387405,0
387406,0
387407,0
387408,0
387409,0
387410,0
387411,0
387412,0
387413,0
387414,0
387415,0
387416,0
387417,0
387418,0
387419,0
387420,0
387421,0
387422,0
387423,0
387424,0
387425,0
387426,0
387427,0
387428,0
387429,0
387430,0
387431,0
387432,0
387433,0
387434,0
387435,0
387436,0
387437,0
387438,0
387439,0
387440,0
387441,0
387442,0
387443,0
387444,0
387445,0
387446,0
387447,0
387448,0
387449,0
387450,0
387451,0
387452,0
387453,0
387454,0
387455,0
387456,0
387457,0
387458,0
387459,0
387460,0
387461,0
387462,0
387463,0
387464,0
387465,0
387466,0
387467,0
387468,0
387469,0
387470,0
387471,0
387472,0
387473,0
387474,0
387475,0
387476,0
387477,0
387478,0
387479,0
387480,0
387481,0
387482,0
387483,0
387484,0
387485,0
387486,0
387487,0
387488,0
387489,0
387490,0
387491,0
387492,0
387493,0
387494,0
387495,0
387496,0
387497,0
387498,0
387499,0
387500,0
387501,0
387502,0
387503,0
387504,0
387505,0
387506,0
387507,0
387508,0
387509,0
387510,0
387511,0
387512,0
387513,0
387514,0
387515,0
387516,0
387517,0
387518,0
387519,0
387520,0
387521,0
387522,0
387523,0
387524,0
387525,0
387526,0
387527,0
387528,0
387529,0
387530,0
387531,0
387532,0
387533,0
387534,0
387535,0
387536,0
387537,0
387538,0
387539,1
387540,0
387541,0
387542,0
387543,0
387544,0
387545,0
387546,0
387547,0
387548,0
387549,0
387550,0
387551,0
387552,0
387553,0
387554,0
387555,0
387556,0
387557,0
387558,0
387559,0
387560,0
387561,0
387562,0
387563,0
387564,0
387565,0
387566,0
387567,0
387568,0
387569,0
387570,0
387571,0
387572,0
387573,0
387574,0
387575,0
387576,0
387577,0
387578,0
387579,0
387580,0
387581,0
387582,0
387583,0
387584,0
387585,0
387586,0
387587,0
387588,0
387589,0
387590,0
387591,0
387592,0
387593,0
387594,0
387595,0
387596,0
387597,0
387598,0
387599,0
387600,0
387601,0
387602,0
387603,0
387604,0
387605,0
387606,0
387607,0
387608,0
387609,0
387610,0
387611,0
387612,0
387613,0
387614,0
387615,0
387616,0
387617,0
387618,0
387619,0
387620,0
387621,0
387622,0
387623,0
387624,0
387625,0
387626,0
387627,0
387628,0
387629,0
387630,0
387631,0
387632,1
387633,0
387634,0
387635,0
387636,0
387637,0
387638,0
387639,0
387640,0
387641,0
387642,0
387643,0
387644,0
387645,0
387646,0
387647,0
387648,0
387649,0
387650,0
387651,0
387652,0
387653,0
387654,0
387655,0
387656,0
387657,0
387658,0
387659,0
387660,0
387661,0
387662,0
387663,0
387664,0
387665,0
387666,0
387667,0
387668,0
387669,0
387670,0
387671,0
387672,0
387673,0
387674,0
387675,0
387676,0
387677,0
387678,0
387679,0
387680,0
387681,0
387682,0
387683,0
387684,0
387685,0
387686,0
387687,0
387688,0
387689,0
387690,0
387691,0
387692,1
387693,0
387694,0
387695,0
387696,0
387697,0
387698,0
387699,0
387700,0
387701,0
387702,0
387703,0
387704,0
387705,0
387706,0
387707,0
387708,0
387709,0
387710,0
387711,0
387712,0
387713,0
387714,0
387715,0
387716,0
387717,0
387718,0
387719,0
387720,0
387721,0
387722,0
387723,0
387724,0
387725,0
387726,0
387727,0
387728,0
387729,0
387730,0
387731,0
387732,0
387733,0
387734,0
387735,0
387736,0
387737,0
387738,0
387739,0
387740,0
387741,0
387742,0
387743,0
387744,0
387745,0
387746,0
387747,0
387748,0
387749,0
387750,0
387751,0
387752,0
387753,0
387754,0
387755,0
387756,0
387757,0
387758,0
387759,0
387760,0
387761,0
387762,0
387763,0
387764,0
387765,0
387766,0
387767,0
387768,0
387769,0
387770,0
387771,0
387772,0
387773,0
387774,0
387775,0
387776,0
387777,0
387778,0
387779,0
387780,0
387781,0
387782,0
387783,0
387784,0
387785,0
387786,0
387787,0
387788,1
387789,0
387790,0
387791,0
387792,0
387793,0
387794,0
387795,0
387796,0
387797,0
387798,0
387799,0
387800,0
387801,0
387802,0
387803,0
387804,0
387805,0
387806,0
387807,0
387808,0
387809,0
387810,0
387811,0
387812,0
387813,0
387814,0
387815,0
387816,0
387817,0
387818,0
387819,0
387820,0
387821,0
387822,0
387823,0
387824,0
387825,0
387826,0
387827,0
387828,0
387829,0
387830,0
387831,0
387832,0
387833,0
387834,0
387835,0
387836,0
387837,0
387838,0
387839,0
387840,0
387841,0
387842,0
387843,0
387844,0
387845,0
387846,0
387847,0
387848,0
387849,0
387850,0
387851,0
387852,0
387853,0
387854,0
387855,0
387856,0
387857,0
387858,0
387859,0
387860,0
387861,0
387862,0
387863,0
387864,0
387865,0
387866,0
387867,0
387868,0
387869,1
387870,0
387871,0
387872,0
387873,0
387874,0
387875,0
387876,0
387877,0
387878,0
387879,0
387880,0
387881,0
387882,0
387883,0
387884,0
387885,0
387886,0
387887,0
387888,0
387889,0
387890,0
387891,0
387892,0
387893,0
387894,0
387895,0
387896,0
387897,0
387898,0
387899,0
387900,0
387901,0
387902,0
387903,0
387904,0
387905,0
387906,0
387907,0
387908,0
387909,0
387910,0
387911,0
387912,0
387913,0
387914,0
387915,0
387916,0
387917,0
387918,0
387919,0
387920,0
387921,0
387922,0
387923,0
387924,0
387925,0
387926,0
387927,0
387928,0
387929,0
387930,0
387931,0
387932,0
387933,0
387934,0
387935,0
387936,0
387937,0
387938,0
387939,0
387940,0
387941,0
387942,0
387943,0
387944,0
387945,0
387946,0
387947,0
387948,0
387949,0
387950,0
387951,0
387952,0
387953,0
387954,0
387955,0
387956,0
387957,0
387958,0
387959,0
387960,0
387961,1
387962,0
387963,0
387964,0
387965,0
387966,0
387967,0
387968,0
387969,0
387970,0
387971,0
387972,0
387973,0
387974,0
387975,0
387976,0
387977,0
387978,0
387979,0
387980,0
387981,0
387982,0
387983,0
387984,0
387985,0
387986,0
387987,0
387988,0
387989,0
387990,0
387991,0
387992,0
387993,0
387994,0
387995,0
387996,0
387997,0
387998,0
387999,0
388000,0
388001,0
388002,0
388003,0
388004,0
388005,0
388006,0
388007,0
388008,0
388009,0
388010,0
388011,0
388012,0
388013,0
388014,0
388015,0
388016,0
388017,0
388018,0
388019,0
388020,0
388021,0
388022,0
388023,0
388024,0
388025,0
388026,0
388027,0
388028,0
388029,0
388030,0
388031,0
388032,0
388033,0
388034,0
388035,0
388036,0
388037,0
388038,0
388039,0
388040,0
388041,0
388042,0
388043,0
388044,0
388045,0
388046,0
388047,0
388048,0
388049,0
388050,0
388051,0
388052,0
388053,0
388054,0
388055,0
388056,0
388057,0
388058,0
388059,0
388060,0
388061,0
388062,0
388063,0
388064,0
388065,0
388066,0
388067,0
388068,0
388069,0
388070,0
388071,0
388072,0
388073,0
388074,0
388075,0
388076,0
388077,0
388078,0
388079,0
388080,0
388081,0
388082,0
388083,0
388084,0
388085,0
388086,0
388087,0
388088,0
388089,0
388090,0
388091,0
388092,0
388093,0
388094,0
388095,0
388096,0
388097,0
388098,0
388099,0
388100,0
388101,0
388102,0
388103,0
388104,0
388105,0
388106,0
388107,0
388108,0
388109,0
388110,0
388111,0
388112,0
388113,0
388114,0
388115,0
388116,0
388117,0
388118,0
388119,0
388120,0
388121,0
388122,0
388123,0
388124,0
388125,0
388126,0
388127,0
388128,0
388129,0
388130,0
388131,0
388132,0
388133,0
388134,0
388135,0
388136,0
388137,0
388138,0
388139,0
388140,0
388141,0
388142,0
388143,0
388144,0
388145,0
388146,0
388147,0
388148,0
388149,0
388150,0
388151,0
388152,0
388153,0
388154,0
388155,0
388156,0
388157,0
388158,0
388159,0
388160,0
388161,0
388162,0
388163,0
388164,0
388165,0
388166,0
388167,0
388168,0
388169,0
388170,0
388171,0
388172,0
388173,0
388174,1
388175,0
388176,0
388177,0
388178,0
388179,0
388180,0
388181,0
388182,0
388183,0
388184,0
388185,0
388186,0
388187,0
388188,0
388189,1
388190,0
388191,0
388192,0
388193,1
388194,0
388195,0
388196,0
388197,0
388198,0
388199,0
388200,0
388201,0
388202,0
388203,0
388204,0
388205,0
388206,0
388207,0
388208,0
388209,0
388210,0
388211,0
388212,0
388213,0
388214,0
388215,0
388216,0
388217,0
388218,0
388219,0
388220,0
388221,0
388222,0
388223,0
388224,0
388225,0
388226,0
388227,0
388228,0
388229,0
388230,0
388231,0
388232,0
388233,0
388234,0
388235,0
388236,0
388237,0
388238,0
388239,0
388240,0
388241,0
388242,0
388243,0
388244,0
388245,0
388246,0
388247,0
388248,0
388249,0
388250,0
388251,0
388252,0
388253,0
388254,0
388255,0
388256,0
388257,0
388258,0
388259,0
388260,0
388261,0
388262,0
388263,0
388264,0
388265,0
388266,0
388267,0
388268,0
388269,0
388270,0
388271,0
388272,0
388273,0
388274,0
388275,0
388276,0
388277,0
388278,0
388279,0
388280,0
388281,0
388282,0
388283,0
388284,0
388285,0
388286,0
388287,0
388288,0
388289,0
388290,0
388291,0
388292,0
388293,0
388294,0
388295,0
388296,0
388297,0
388298,0
388299,0
388300,0
388301,0
388302,0
388303,0
388304,0
388305,0
388306,0
388307,0
388308,0
388309,0
388310,0
388311,0
388312,0
388313,0
388314,0
388315,0
388316,0
388317,0
388318,0
388319,0
388320,0
388321,0
388322,0
388323,0
388324,0
388325,0
388326,0
388327,0
388328,0
388329,0
388330,0
388331,0
388332,0
388333,0
388334,0
388335,0
388336,0
388337,0
388338,0
388339,0
388340,0
388341,0
388342,1
388343,0
388344,0
388345,0
388346,0
388347,0
388348,0
388349,0
388350,0
388351,0
388352,0
388353,0
388354,0
388355,0
388356,0
388357,0
388358,0
388359,0
388360,0
388361,0
388362,0
388363,0
388364,0
388365,0
388366,0
388367,0
388368,0
388369,0
388370,0
388371,0
388372,0
388373,0
388374,0
388375,0
388376,0
388377,0
388378,0
388379,0
388380,0
388381,0
388382,0
388383,0
388384,0
388385,0
388386,0
388387,0
388388,0
388389,0
388390,0
388391,0
388392,0
388393,0
388394,15
388395,0
388396,0
388397,9
388398,0
388399,0
388400,0
388401,16
388402,0
388403,0
388404,0
388405,0
388406,0
388407,15
388408,0
388409,0
388410,0
388411,0
388412,0
388413,0
388414,21
388415,19
388416,0
388417,0
388418,0
388419,0
388420,0
388421,18
388422,13
388423,0
388424,0
388425,0
388426,11
388427,0
388428,0
388429,0
388430,0
388431,15
388432,16
388433,0
388434,15
388435,0
388436,0
388437,0
388438,0
388439,0
388440,0
388441,13
388442,11
388443,0
388444,9
388445,0
388446,13
388447,21
388448,16
388449,0
388450,0
388451,0
388452,0
388453,10
388454,0
388455,13
388456,0
388457,0
388458,0
388459,9
388460,0
388461,0
388462,0
388463,18
388464,0
388465,0
388466,0
388467,16
388468,0
388469,0
388470,0
388471,0
388472,0
388473,0
388474,14
388475,0
388476,0
388477,0
388478,0
388479,0
388480,0
388481,19
388482,0
388483,0
388484,0
388485,0
388486,0
388487,0
388488,0
388489,0
388490,0
388491,10
388492,0
388493,0
388494,0
388495,0
388496,11
388497,0
388498,0
388499,0
388500,12
388501,0
388502,0
388503,0
388504,0
388505,0
388506,0
388507,0
388508,0
388509,0
388510,13
388511,9
388512,0
388513,0
388514,0
388515,0
388516,0
388517,0
388518,0
388519,0
388520,0
388521,0
388522,0
388523,0
388524,11
388525,0
388526,0
388527,0
388528,7
388529,22
388530,0
388531,0
388532,0
388533,11
388534,0
388535,0
388536,0
388537,0
388538,0
388539,0
388540,0
388541,11
388542,0
388543,0
388544,0
388545,0
388546,0
388547,0
388548,0
388549,0
388550,0
388551,0
388552,0
388553,0
388554,0
388555,13
388556,0
388557,0
388558,0
388559,0
388560,0
388561,0
388562,0
388563,0
388564,0
388565,0
388566,0
388567,0
388568,9
388569,0
388570,0
388571,8
388572,0
388573,8
388574,0
388575,0
388576,14
388577,0
388578,0
388579,0
388580,0
388581,17
388582,0
388583,0
388584,0
388585,0
388586,0
388587,0
388588,14
388589,21
388590,0
388591,0
388592,0
388593,11
388594,10
388595,0
388596,13
388597,0
388598,0
388599,0
388600,0
388601,0
388602,0
388603,0
388604,13
388605,19
388606,0
388607,15
388608,13
388609,0
388610,0
388611,0
388612,0
388613,0
388614,0
388615,0
388616,5
388617,0
388618,0
388619,0
388620,0
388621,0
388622,0
388623,0
388624,0
388625,0
388626,0
388627,0
388628,0
388629,0
388630,0
388631,0
388632,13
388633,15
388634,0
388635,13
388636,0
388637,0
388638,0
388639,0
388640,0
388641,14
388642,0
388643,15
388644,11
388645,0
388646,0
388647,10
388648,0
388649,0
388650,0
388651,18
388652,11
388653,0
388654,0
388655,0
388656,0
388657,0
388658,0
388659,0
388660,0
388661,0
388662,0
388663,0
388664,0
388665,18
388666,9
388667,0
388668,0
388669,0
388670,0
388671,0
388672,0
388673,0
388674,0
388675,0
388676,0
388677,0
388678,0
388679,0
388680,0
388681,0
388682,0
388683,0
388684,16
388685,11
388686,0
388687,0
388688,0
388689,0
388690,0
388691,0
388692,0
388693,0
388694,0
388695,0
388696,0
388697,0
388698,0
388699,0
388700,0
388701,0
388702,0
388703,0
388704,0
388705,0
388706,0
388707,0
388708,0
388709,14
388710,12
388711,27
388712,0
388713,7
388714,0
388715,0
388716,0
388717,0
388718,11
388719,0
388720,0
388721,0
388722,10
388723,14
388724,0
388725,14
388726,13
388727,0
388728,0
388729,0
388730,0
388731,0
388732,17
388733,0
388734,20
388735,0
388736,0
388737,0
388738,0
388739,0
388740,0
388741,0
388742,0
388743,0
388744,0
388745,0
388746,0
388747,17
388748,22
388749,0
388750,0
388751,0
388752,0
388753,0
388754,21
388755,0
388756,0
388757,13
388758,0
388759,0
388760,0
388761,0
388762,0
388763,0
388764,0
388765,11
388766,8
388767,0
388768,0
388769,0
388770,0
388771,12
388772,19
388773,0
388774,25
388775,0
388776,0
388777,0
388778,0
388779,0
388780,0
388781,0
388782,14
388783,0
388784,0
388785,0
388786,0
388787,0
388788,0
388789,0
388790,0
388791,0
388792,0
388793,0
388794,0
388795,0
388796,0
388797,0
388798,0
388799,0
388800,14
388801,0
388802,0
388803,20
388804,0
388805,0
388806,0
388807,0
388808,0
388809,0
388810,20
388811,22
388812,0
388813,0
388814,9
388815,17
388816,0
388817,0
388818,0
388819,0
388820,0
388821,0
388822,13
388823,0
388824,0
388825,0
388826,0
388827,0
388828,0
388829,9
388830,0
388831,0
388832,0
388833,0
388834,0
388835,15
388836,0
388837,0
388838,0
388839,0
388840,0
388841,0
388842,0
388843,9
388844,12
388845,0
388846,0
388847,0
388848,0
388849,0
388850,0
388851,0
388852,0
388853,0
388854,0
388855,13
388856,14
388857,0
388858,0
388859,8
388860,0
388861,0
388862,0
388863,19
388864,0
388865,0
388866,14
388867,0
388868,0
388869,0
388870,0
388871,13
388872,0
388873,12
388874,0
388875,0
388876,0
388877,0
388878,0
388879,0
388880,0
388881,0
388882,0
388883,0
388884,0
388885,13
388886,0
388887,0
388888,0
388889,0
388890,10
388891,8
388892,0
388893,15
388894,0
388895,0
388896,0
388897,0
388898,0
388899,0
388900,0
388901,0
388902,0
388903,0
388904,0
388905,8
388906,0
388907,0
388908,12
388909,11
388910,0
388911,0
388912,0
388913,0
388914,0
388915,0
388916,0
388917,0
388918,0
388919,0
388920,11
388921,0
388922,0
388923,0
388924,0
388925,16
388926,0
388927,0
388928,0
388929,0
388930,6
388931,0
388932,0
388933,0
388934,16
388935,0
388936,0
388937,0
388938,0
388939,0
388940,0
388941,0
388942,0
388943,17
388944,0
388945,0
388946,0
388947,0
388948,0
388949,0
388950,13
388951,0
388952,0
388953,0
388954,0
388955,0
388956,0
388957,0
388958,0
388959,0
388960,0
388961,0
388962,0
388963,0
388964,17
388965,15
388966,0
388967,0
388968,0
388969,0
388970,0
388971,16
388972,0
388973,0
388974,0
388975,0
388976,14
388977,14
388978,0
388979,10
388980,0
388981,15
388982,0
388983,0
388984,0
388985,0
388986,0
388987,11
388988,10
388989,0
388990,0
388991,0
388992,0
388993,0
388994,0
388995,0
388996,0
388997,0
388998,0
388999,0
389000,13
389001,0
389002,0
389003,0
389004,0
389005,0
389006,0
389007,0
389008,0
389009,0
389010,0
389011,0
389012,0
389013,0
389014,15
389015,0
389016,0
389017,0
389018,0
389019,0
389020,15
389021,0
389022,0
389023,0
389024,0
389025,0
389026,0
389027,0
389028,0
389029,0
389030,0
389031,0
389032,0
389033,24
389034,0
389035,0
389036,0
389037,0
389038,9
389039,0
389040,0
389041,12
389042,0
389043,0
389044,15
389045,0
389046,0
389047,15
389048,0
389049,15
389050,0
389051,0
389052,0
389053,7
389054,0
389055,0
389056,9
389057,19
389058,0
389059,7
389060,9
389061,0
389062,0
389063,0
389064,0
389065,0
389066,0
389067,0
389068,0
389069,7
389070,0
389071,14
389072,0
389073,0
389074,0
389075,0
389076,0
389077,0
389078,0
389079,0
389080,0
389081,0
389082,0
389083,0
389084,0
389085,0
389086,0
389087,0
389088,9
389089,0
389090,0
389091,0
389092,0
389093,0
389094,0
389095,0
389096,0
389097,19
389098,0
389099,0
389100,22
389101,0
389102,0
389103,0
389104,0
389105,8
389106,11
389107,29
389108,0
389109,0
389110,0
389111,0
389112,0
389113,0
389114,0
389115,0
389116,0
389117,0
389118,12
389119,0
389120,0
389121,0
389122,0
389123,0
389124,16
389125,0
389126,0
389127,0
389128,0
389129,0
389130,0
389131,13
389132,0
389133,18
389134,0
389135,0
389136,0
389137,9
389138,0
389139,0
389140,0
389141,0
389142,16
389143,0
389144,0
389145,11
389146,0
389147,0
389148,0
389149,0
389150,0
389151,0
389152,0
389153,0
389154,10
389155,0
389156,0
389157,0
389158,0
389159,0
389160,0
389161,0
389162,0
389163,14
389164,0
389165,9
389166,0
389167,0
389168,0
389169,0
389170,12
389171,0
389172,0
389173,0
389174,0
389175,13
389176,0
389177,0
389178,17
389179,11
389180,12
389181,0
389182,0
389183,12
389184,0
389185,18
389186,0
389187,0
389188,0
389189,0
389190,0
389191,0
389192,16
389193,0
389194,0
389195,0
389196,0
389197,10
389198,0
389199,0
389200,0
389201,0
389202,0
389203,0
389204,0
389205,0
389206,0
389207,0
389208,0
389209,0
389210,0
389211,0
389212,0
389213,12
389214,0
389215,0
389216,0
389217,0
389218,0
389219,0
389220,0
389221,12
389222,0
389223,0
389224,0
389225,0
389226,10
389227,0
389228,0
389229,0
389230,0
389231,10
389232,0
389233,0
389234,0
389235,0
389236,0
389237,0
389238,0
389239,0
389240,0
389241,0
389242,0
389243,0
389244,0
389245,0
389246,8
389247,0
389248,0
389249,0
389250,0
389251,0
389252,0
389253,15
389254,0
389255,0
389256,16
389257,0
389258,0
389259,17
389260,0
389261,7
389262,11
389263,5
389264,0
389265,2
389266,23
389267,0
389268,0
389269,0
389270,0
389271,0
389272,0
389273,0
389274,0
389275,0
389276,0
389277,0
389278,0
389279,25
389280,0
389281,0
389282,0
389283,0
389284,0
389285,0
389286,6
389287,0
389288,8
389289,0
389290,17
389291,0
389292,0
389293,0
389294,0
389295,0
389296,0
389297,0
389298,0
389299,7
389300,0
389301,0
389302,0
389303,8
389304,8
389305,0
389306,0
389307,0
389308,0
389309,0
389310,7
389311,0
389312,0
389313,0
389314,0
389315,0
389316,0
389317,0
389318,0
389319,0
389320,16
389321,0
389322,10
389323,0
389324,16
389325,0
389326,15
389327,0
389328,0
389329,0
389330,16
389331,0
389332,0
389333,0
389334,0
389335,0
389336,0
389337,0
389338,0
389339,0
389340,0
389341,0
389342,0
389343,7
389344,9
389345,0
389346,0
389347,0
389348,6
389349,0
389350,0
389351,0
389352,8
389353,0
389354,0
389355,0
389356,0
389357,0
389358,14
389359,0
389360,0
389361,0
389362,0
389363,6
389364,0
389365,0
389366,0
389367,0
389368,21
389369,0
389370,11
389371,14
389372,0
389373,0
389374,14
389375,0
389376,0
389377,17
389378,0
389379,0
389380,10
389381,0
389382,0
389383,14
389384,0
389385,0
389386,0
389387,9
389388,0
389389,9
389390,0
389391,16
389392,0
389393,0
389394,15
389395,0
389396,0
389397,12
389398,0
389399,0
389400,0
389401,0
389402,20
389403,0
389404,0
389405,6
389406,0
389407,0
389408,0
389409,0
389410,0
389411,16
389412,8
389413,0
389414,0
389415,13
389416,0
389417,19
389418,0
389419,0
389420,0
389421,11
389422,0
389423,0
389424,0
389425,0
389426,22
389427,0
389428,0
389429,0
389430,0
389431,0
389432,0
389433,0
389434,0
389435,0
389436,0
389437,0
389438,0
389439,0
389440,15
389441,9
389442,0
389443,0
389444,0
389445,0
389446,0
389447,0
389448,0
389449,10
389450,0
389451,0
389452,10
389453,0
389454,0
389455,0
389456,0
389457,0
389458,9
389459,11
389460,0
389461,0
389462,0
389463,0
389464,7
389465,0
389466,0
389467,0
389468,0
389469,0
389470,0
389471,18
389472,0
389473,14
389474,0
389475,0
389476,0
389477,14
389478,22
389479,0
389480,0
389481,0
389482,0
389483,0
389484,10
389485,0
389486,0
389487,0
389488,0
389489,0
389490,0
389491,0
389492,0
389493,19
389494,0
389495,19
389496,0
389497,0
389498,0
389499,0
389500,0
389501,18
389502,0
389503,0
389504,14
389505,0
389506,6
389507,0
389508,0
389509,0
389510,0
389511,0
389512,11
389513,0
389514,0
389515,0
389516,0
389517,0
389518,0
389519,5
389520,0
389521,0
389522,12
389523,0
389524,0
389525,0
389526,12
389527,0
389528,0
389529,12
389530,0
389531,0
389532,12
389533,0
389534,0
389535,12
389536,11
389537,13
389538,11
389539,0
389540,0
389541,16
389542,0
389543,0
389544,0
389545,0
389546,0
389547,0
389548,0
389549,0
389550,0
389551,0
389552,0
389553,0
389554,0
389555,0
389556,0
389557,0
389558,11
389559,9
389560,0
389561,0
389562,0
389563,16
389564,0
389565,0
389566,0
389567,0
389568,6
389569,0
389570,0
389571,0
389572,0
389573,0
389574,0
389575,0
389576,0
389577,9
389578,9
389579,0
389580,0
389581,0
389582,0
389583,0
389584,0
389585,0
389586,0
389587,0
389588,0
389589,0
389590,0
389591,0
389592,11
389593,0
389594,0
389595,15
389596,0
389597,19
389598,0
389599,0
389600,0
389601,0
389602,0
389603,0
389604,0
389605,0
389606,18
389607,9
389608,11
389609,0
389610,0
389611,0
389612,21
389613,0
389614,0
389615,16
389616,0
389617,11
389618,0
389619,0
389620,0
389621,0
389622,0
389623,0
389624,4
389625,0
389626,20
389627,0
389628,0
389629,9
389630,0
389631,0
389632,0
389633,7
389634,0
389635,0
389636,15
389637,0
389638,0
389639,0
389640,0
389641,0
389642,0
389643,14
389644,0
389645,0
389646,0
389647,0
389648,0
389649,14
389650,16
389651,0
389652,10
389653,0
389654,0
389655,11
389656,13
389657,0
389658,6
389659,0
389660,0
389661,0
389662,0
389663,0
389664,0
389665,0
389666,0
389667,0
389668,0
389669,0
389670,0
389671,0
389672,0
389673,0
389674,12
389675,0
389676,0
389677,0
389678,14
389679,0
389680,0
389681,0
389682,0
389683,12
389684,11
389685,0
389686,0
389687,0
389688,0
389689,0
389690,0
389691,10
389692,13
389693,0
389694,10
389695,0
389696,9
389697,0
389698,0
389699,14
389700,0
389701,8
389702,16
389703,0
389704,0
389705,16
389706,0
389707,15
389708,0
389709,20
389710,0
389711,0
389712,0
389713,14
389714,0
389715,0
389716,0
389717,0
389718,0
389719,0
389720,0
389721,13
389722,10
389723,16
389724,0
389725,0
389726,0
389727,0
389728,0
389729,0
389730,14
389731,0
389732,0
389733,0
389734,0
389735,0
389736,0
389737,0
389738,0
389739,0
389740,0
389741,0
389742,14
389743,0
389744,0
389745,0
389746,0
389747,0
389748,10
389749,12
389750,0
389751,11
389752,0
389753,0
389754,24
389755,18
389756,0
389757,0
389758,0
389759,0
389760,14
389761,13
389762,0
389763,0
389764,9
389765,0
389766,0
389767,0
389768,0
389769,0
389770,0
389771,16
389772,0
389773,0
389774,9
389775,11
389776,0
389777,0
389778,0
389779,0
389780,0
389781,0
389782,20
389783,0
389784,0
389785,18
389786,0
389787,0
389788,0
389789,17
389790,10
389791,0
389792,0
389793,0
389794,0
389795,0
389796,0
389797,0
389798,0
389799,0
389800,0
389801,0
389802,0
389803,0
389804,0
389805,0
389806,0
389807,0
389808,7
389809,0
389810,20
389811,14
389812,0
389813,0
389814,0
389815,0
389816,0
389817,13
389818,0
389819,0
389820,0
389821,0
389822,0
389823,0
389824,8
389825,0
389826,17
389827,0
389828,0
389829,6
389830,0
389831,8
389832,0
389833,13
389834,17
389835,13
389836,0
389837,0
389838,0
389839,0
389840,0
389841,0
389842,0
389843,0
389844,0
389845,0
389846,26
389847,12
389848,13
389849,0
389850,0
389851,26
389852,0
389853,0
389854,0
389855,0
389856,0
389857,0
389858,33
389859,0
389860,0
389861,0
389862,0
389863,0
389864,0
389865,17
389866,0
389867,0
389868,0
389869,0
389870,0
389871,0
389872,0
389873,0
389874,28
389875,0
389876,0
389877,0
389878,0
389879,0
389880,0
389881,0
389882,0
389883,0
389884,0
389885,0
389886,0
389887,32
389888,0
389889,0
389890,31
389891,0
389892,0
389893,0
389894,0
389895,0
389896,0
389897,0
389898,28
389899,34
389900,0
389901,0
389902,0
389903,0
389904,0
389905,0
389906,0
389907,0
389908,30
389909,0
389910,0
389911,23
389912,0
389913,0
389914,0
389915,0
389916,0
389917,0
389918,0
389919,0
389920,20
389921,0
389922,31
389923,42
389924,0
389925,0
389926,0
389927,0
389928,0
389929,0
389930,0
389931,0
389932,0
389933,0
389934,0
389935,0
389936,0
389937,0
389938,0
389939,0
389940,0
389941,0
389942,33
389943,0
389944,0
389945,0
389946,26
389947,0
389948,0
389949,0
389950,0
389951,0
389952,0
389953,0
389954,0
389955,0
389956,0
389957,0
389958,28
389959,0
389960,27
389961,0
389962,0
389963,0
389964,0
389965,0
389966,0
389967,0
389968,0
389969,0
389970,0
389971,0
389972,0
389973,0
389974,0
389975,0
389976,0
389977,0
389978,0
389979,0
389980,0
389981,0
389982,0
389983,0
389984,0
389985,0
389986,0
389987,0
389988,0
389989,0
389990,0
389991,0
389992,0
389993,0
389994,0
389995,0
389996,0
389997,27
389998,0
389999,0
390000,24
390001,0
390002,0
390003,0
390004,0
390005,0
390006,0
390007,0
390008,0
390009,0
390010,0
390011,30
390012,29
390013,0
390014,0
390015,33
390016,0
390017,0
390018,0
390019,0
390020,0
390021,0
390022,17
390023,0
390024,37
390025,0
390026,24
390027,24
390028,0
390029,0
390030,0
390031,21
390032,0
390033,0
390034,0
390035,32
390036,0
390037,0
390038,0
390039,24
390040,0
390041,0
390042,0
390043,0
390044,0
390045,39
390046,0
390047,27
390048,0
390049,0
390050,0
390051,26
390052,0
390053,12
390054,33
390055,38
390056,0
390057,0
390058,0
390059,0
390060,0
390061,0
390062,0
390063,34
390064,0
390065,0
390066,31
390067,34
390068,0
390069,0
390070,0
390071,12
390072,41
390073,0
390074,0
390075,0
390076,0
390077,0
390078,0
390079,0
390080,0
390081,0
390082,0
390083,0
390084,0
390085,0
390086,0
390087,31
390088,0
390089,0
390090,30
390091,0
390092,36
390093,0
390094,0
390095,31
390096,0
390097,0
390098,0
390099,21
390100,22
390101,0
390102,0
390103,0
390104,34
390105,0
390106,0
390107,0
390108,0
390109,0
390110,0
390111,0
390112,0
390113,0
390114,0
390115,0
390116,31
390117,0
390118,0
390119,0
390120,0
390121,0
390122,0
390123,0
390124,0
390125,0
390126,0
390127,0
390128,0
390129,0
390130,34
390131,0
390132,0
390133,0
390134,48
390135,0
390136,0
390137,0
390138,0
390139,38
390140,0
390141,0
390142,0
390143,40
390144,33
390145,0
390146,0
390147,0
390148,0
390149,0
390150,0
390151,0
390152,0
390153,26
390154,0
390155,30
390156,0
390157,0
390158,0
390159,25
390160,34
390161,0
390162,0
390163,0
390164,0
390165,30
390166,0
390167,0
390168,0
390169,0
390170,0
390171,0
390172,0
390173,0
390174,0
390175,0
390176,0
390177,0
390178,0
390179,0
390180,0
390181,0
390182,0
390183,29
390184,0
390185,31
390186,0
390187,0
390188,0
390189,0
390190,0
390191,0
390192,0
390193,35
390194,0
390195,0
390196,0
390197,0
390198,0
390199,36
390200,0
390201,0
390202,32
390203,0
390204,0
390205,0
390206,0
390207,0
390208,0
390209,37
390210,23
390211,0
390212,0
390213,0
390214,0
390215,0
390216,0
390217,0
390218,0
390219,0
390220,0
390221,0
390222,0
390223,0
390224,0
390225,46
390226,0
390227,0
390228,0
390229,0
390230,0
390231,0
390232,23
390233,30
390234,0
390235,32
390236,0
390237,0
390238,0
390239,0
390240,0
390241,21
390242,0
390243,0
390244,0
390245,0
390246,0
390247,0
390248,0
390249,0
390250,41
390251,0
390252,0
390253,0
390254,42
390255,0
390256,0
390257,0
390258,0
390259,0
390260,28
390261,0
390262,0
390263,0
390264,24
390265,33
390266,0
390267,29
390268,32
390269,0
390270,0
390271,0
390272,25
390273,0
390274,0
390275,0
390276,0
390277,0
390278,0
390279,0
390280,0
390281,41
390282,0
390283,0
390284,0
390285,0
390286,0
390287,0
390288,33
390289,0
390290,34
390291,44
390292,0
390293,0
390294,0
390295,0
390296,0
390297,0
390298,38
390299,0
390300,0
390301,0
390302,0
390303,0
390304,30
390305,0
390306,0
390307,0
390308,0
390309,0
390310,0
390311,0
390312,0
390313,31
390314,0
390315,32
390316,0
390317,0
390318,0
390319,0
390320,26
390321,0
390322,35
390323,0
390324,0
390325,0
390326,0
390327,0
390328,0
390329,0
390330,0
390331,0
390332,0
390333,0
390334,0
390335,35
390336,0
390337,0
390338,0
390339,0
390340,0
390341,0
390342,0
390343,0
390344,0
390345,25
390346,0
390347,0
390348,0
390349,0
390350,0
390351,0
390352,0
390353,0
390354,0
390355,0
390356,0
390357,0
390358,0
390359,38
390360,0
390361,0
390362,46
390363,0
390364,0
390365,0
390366,0
390367,0
390368,0
390369,0
390370,29
390371,0
390372,0
390373,0
390374,39
390375,0
390376,0
390377,0
390378,0
390379,0
390380,0
390381,0
390382,0
390383,0
390384,0
390385,22
390386,0
390387,29
390388,0
390389,0
390390,0
390391,0
390392,0
390393,0
390394,0
390395,0
390396,0
390397,0
390398,0
390399,0
390400,0
390401,0
390402,0
390403,0
390404,0
390405,0
390406,0
390407,0
390408,0
390409,0
390410,0
390411,0
390412,0
390413,29
390414,0
390415,0
390416,0
390417,0
390418,33
390419,0
390420,0
390421,0
390422,0
390423,0
390424,0
390425,26
390426,0
390427,0
390428,0
390429,0
390430,0
390431,0
390432,0
390433,0
390434,0
390435,0
390436,0
390437,0
390438,0
390439,0
390440,0
390441,27
390442,0
390443,0
390444,0
390445,0
390446,0
390447,0
390448,0
390449,0
390450,0
390451,0
390452,0
390453,0
390454,0
390455,0
390456,0
390457,0
390458,0
390459,0
390460,0
390461,0
390462,0
390463,26
390464,0
390465,0
390466,0
390467,0
390468,0
390469,0
390470,0
390471,0
390472,0
390473,0
390474,0
390475,0
390476,0
390477,0
390478,0
390479,0
390480,0
390481,0
390482,0
390483,0
390484,0
390485,0
390486,34
390487,0
390488,27
390489,0
390490,0
390491,0
390492,37
390493,34
390494,0
390495,0
390496,0
390497,0
390498,0
390499,0
390500,0
390501,0
390502,0
390503,0
390504,0
390505,0
390506,0
390507,0
390508,0
390509,0
390510,0
390511,0
390512,0
390513,0
390514,35
390515,46
390516,0
390517,0
390518,0
390519,0
390520,0
390521,0
390522,0
390523,0
390524,0
390525,0
390526,41
390527,0
390528,0
390529,0
390530,0
390531,0
390532,0
390533,0
390534,0
390535,0
390536,0
390537,0
390538,0
390539,0
390540,0
390541,42
390542,0
390543,0
390544,0
390545,0
390546,0
390547,0
390548,0
390549,0
390550,0
390551,0
390552,0
390553,0
390554,0
390555,0
390556,20
390557,0
390558,0
390559,30
390560,0
390561,28
390562,0
390563,0
390564,25
390565,26
390566,0
390567,38
390568,0
390569,0
390570,25
390571,0
390572,16
390573,0
390574,0
390575,0
390576,0
390577,0
390578,0
390579,19
390580,0
390581,0
390582,0
390583,33
390584,0
390585,0
390586,0
390587,0
390588,0
390589,0
390590,16
390591,0
390592,23
390593,0
390594,0
390595,0
390596,0
390597,0
390598,21
390599,0
390600,0
390601,0
390602,25
390603,0
390604,32
390605,0
390606,0
390607,0
390608,0
390609,30
390610,0
390611,0
390612,19
390613,13
390614,0
390615,0
390616,0
390617,0
390618,25
390619,0
390620,22
390621,0
390622,0
390623,0
390624,22
390625,0
390626,0
390627,0
390628,0
390629,0
390630,0
390631,0
390632,32
390633,24
390634,0
390635,0
390636,23
390637,0
390638,0
390639,0
390640,23
390641,0
390642,0
390643,16
390644,19
390645,0
390646,0
390647,25
390648,0
390649,0
390650,37
390651,31
390652,0
390653,43
390654,0
390655,0
390656,0
390657,0
390658,0
390659,0
390660,26
390661,0
390662,0
390663,25
390664,0
390665,27
390666,0
390667,0
390668,24
390669,25
390670,0
390671,0
390672,27
390673,0
390674,0
390675,0
390676,32
390677,0
390678,10
390679,0
390680,20
390681,0
390682,0
390683,0
390684,17
390685,0
390686,0
390687,0
390688,0
390689,0
390690,0
390691,0
390692,0
390693,0
390694,0
390695,0
390696,0
390697,0
390698,0
390699,0
390700,0
390701,0
390702,15
390703,33
390704,0
390705,21
390706,0
390707,32
390708,17
390709,0
390710,0
390711,33
390712,28
390713,0
390714,16
390715,0
390716,20
390717,0
390718,0
390719,34
390720,36
390721,0
390722,21
390723,0
390724,0
390725,0
390726,0
390727,0
390728,0
390729,0
390730,0
390731,0
390732,0
390733,0
390734,0
390735,0
390736,0
390737,0
390738,0
390739,0
390740,0
390741,0
390742,0
390743,0
390744,0
390745,0
390746,24
390747,0
390748,0
390749,0
390750,0
390751,0
390752,32
390753,0
390754,0
390755,0
390756,0
390757,0
390758,22
390759,0
390760,0
390761,0
390762,0
390763,0
390764,0
390765,0
390766,0
390767,0
390768,0
390769,32
390770,17
390771,12
390772,0
390773,0
390774,32
390775,0
390776,0
390777,22
390778,20
390779,0
390780,0
390781,34
390782,0
390783,0
390784,0
390785,0
390786,24
390787,0
390788,24
390789,0
390790,0
390791,0
390792,0
390793,0
390794,0
390795,0
390796,0
390797,26
390798,0
390799,0
390800,0
390801,0
390802,0
390803,0
390804,0
390805,20
390806,0
390807,0
390808,42
390809,24
390810,0
390811,16
390812,0
390813,0
390814,10
390815,0
390816,0
390817,0
390818,0
390819,0
390820,0
390821,37
390822,24
390823,0
390824,0
390825,0
390826,0
390827,39
390828,0
390829,0
390830,0
390831,29
390832,0
390833,23
390834,29
390835,14
390836,0
390837,0
390838,0
390839,42
390840,0
390841,0
390842,0
390843,0
390844,0
390845,15
390846,0
390847,0
390848,29
390849,0
390850,0
390851,0
390852,13
390853,0
390854,0
390855,0
390856,0
390857,0
390858,0
390859,0
390860,0
390861,0
390862,17
390863,0
390864,0
390865,21
390866,0
390867,0
390868,0
390869,0
390870,32
390871,0
390872,0
390873,0
390874,0
390875,25
390876,18
390877,0
390878,0
390879,0
390880,0
390881,0
390882,22
390883,29
390884,0
390885,32
390886,0
390887,0
390888,0
390889,0
390890,0
390891,0
390892,24
390893,0
390894,27
390895,0
390896,0
390897,0
390898,32
390899,15
390900,0
390901,0
390902,33
390903,20
390904,33
390905,0
390906,0
390907,0
390908,17
390909,0
390910,0
390911,0
390912,18
390913,0
390914,0
390915,0
390916,0
390917,26
390918,25
390919,0
390920,25
390921,28
390922,0
390923,0
390924,0
390925,27
390926,15
390927,30
390928,0
390929,0
390930,0
390931,27
390932,24
390933,0
390934,0
390935,0
390936,0
390937,0
390938,0
390939,23
390940,0
390941,0
390942,0
390943,28
390944,0
390945,0
390946,34
390947,0
390948,0
390949,0
390950,0
390951,0
390952,0
390953,0
390954,0
390955,0
390956,29
390957,0
390958,31
390959,0
390960,22
390961,0
390962,0
390963,0
390964,0
390965,21
390966,0
390967,36
390968,0
390969,24
390970,0
390971,0
390972,0
390973,0
390974,0
390975,25
390976,0
390977,26
390978,0
390979,0
390980,0
390981,0
390982,0
390983,0
390984,0
390985,0
390986,13
390987,0
390988,0
390989,0
390990,0
390991,0
390992,20
390993,0
390994,0
390995,16
390996,0
390997,28
390998,0
390999,0
391000,0
391001,0
391002,0
391003,0
391004,31
391005,27
391006,21
391007,16
391008,23
391009,0
391010,0
391011,0
391012,0
391013,0
391014,0
391015,0
391016,18
391017,0
391018,0
391019,0
391020,26
391021,0
391022,0
391023,0
391024,0
391025,0
391026,0
391027,0
391028,0
391029,0
391030,0
391031,0
391032,0
391033,0
391034,0
391035,26
391036,18
391037,0
391038,0
391039,21
391040,18
391041,0
391042,15
391043,0
391044,0
391045,16
391046,27
391047,0
391048,17
391049,0
391050,19
391051,0
391052,0
391053,0
391054,0
391055,36
391056,0
391057,34
391058,0
391059,15
391060,0
391061,21
391062,0
391063,0
391064,0
391065,0
391066,0
391067,21
391068,22
391069,0
391070,25
391071,21
391072,0
391073,28
391074,24
391075,0
391076,0
391077,23
391078,0
391079,21
391080,0
391081,17
391082,0
391083,0
391084,0
391085,0
391086,0
391087,0
391088,0
391089,24
391090,33
391091,0
391092,0
391093,38
391094,31
391095,0
391096,0
391097,0
391098,0
391099,0
391100,0
391101,10
391102,0
391103,0
391104,0
391105,0
391106,0
391107,0
391108,0
391109,12
391110,29
391111,0
391112,0
391113,26
391114,0
391115,0
391116,0
391117,0
391118,21
391119,0
391120,0
391121,0
391122,0
391123,0
391124,21
391125,24
391126,0
391127,21
391128,0
391129,0
391130,0
391131,20
391132,0
391133,0
391134,0
391135,0
391136,0
391137,0
391138,0
391139,0
391140,0
391141,0
391142,27
391143,0
391144,30
391145,0
391146,0
391147,0
391148,0
391149,0
391150,22
391151,19
391152,0
391153,0
391154,0
391155,0
391156,0
391157,0
391158,0
391159,25
391160,20
391161,0
391162,0
391163,0
391164,0
391165,0
391166,0
391167,0
391168,0
391169,27
391170,0
391171,20
391172,17
391173,0
391174,18
391175,19
391176,0
391177,0
391178,0
391179,0
391180,20
391181,0
391182,31
391183,0
391184,24
391185,0
391186,0
391187,0
391188,0
391189,0
391190,0
391191,26
391192,16
391193,0
391194,0
391195,0
391196,18
391197,0
391198,0
391199,0
391200,9
391201,0
391202,0
391203,0
391204,0
391205,0
391206,0
391207,0
391208,18
391209,0
391210,0
391211,0
391212,0
391213,0
391214,0
391215,0
391216,0
391217,0
391218,0
391219,23
391220,0
391221,0
391222,0
391223,0
391224,0
391225,0
391226,16
391227,0
391228,24
391229,21
391230,0
391231,0
391232,0
391233,0
391234,24
391235,0
391236,0
391237,0
391238,0
391239,0
391240,0
391241,0
391242,0
391243,0
391244,0
391245,0
391246,27
391247,32
391248,0
391249,0
391250,0
391251,0
391252,0
391253,0
391254,0
391255,0
391256,0
391257,0
391258,0
391259,0
391260,0
391261,0
391262,29
391263,0
391264,0
391265,0
391266,0
391267,0
391268,0
391269,0
391270,0
391271,35
391272,33
391273,0
391274,0
391275,0
391276,0
391277,32
391278,0
391279,0
391280,0
391281,0
391282,17
391283,0
391284,0
391285,0
391286,32
391287,0
391288,0
391289,0
391290,0
391291,0
391292,0
391293,0
391294,0
391295,22
391296,0
391297,0
391298,0
391299,0
391300,0
391301,0
391302,0
391303,0
391304,0
391305,0
391306,0
391307,0
391308,0
391309,0
391310,0
391311,34
391312,0
391313,0
391314,0
391315,0
391316,0
391317,0
391318,0
391319,40
391320,0
391321,0
391322,0
391323,18
391324,0
391325,20
391326,0
391327,0
391328,0
391329,0
391330,0
391331,0
391332,0
391333,0
391334,0
391335,0
391336,40
391337,0
391338,0
391339,0
391340,0
391341,25
391342,0
391343,18
391344,0
391345,0
391346,0
391347,23
391348,0
391349,0
391350,0
391351,0
391352,0
391353,0
391354,0
391355,0
391356,0
391357,17
391358,0
391359,30
391360,0
391361,0
391362,0
391363,0
391364,0
391365,36
391366,0
391367,0
391368,0
391369,0
391370,0
391371,34
391372,0
391373,35
391374,0
391375,32
391376,0
391377,31
391378,0
391379,0
391380,0
391381,0
391382,0
391383,0
391384,0
391385,0
391386,0
391387,0
391388,0
391389,0
391390,0
391391,0
391392,0
391393,0
391394,0
391395,0
391396,0
391397,0
391398,0
391399,0
391400,25
391401,0
391402,0
391403,30
391404,27
391405,25
391406,0
391407,0
391408,31
391409,36
391410,0
391411,34
391412,0
391413,0
391414,0
391415,0
391416,0
391417,34
391418,0
391419,29
391420,0
391421,0
391422,0
391423,22
391424,33
391425,0
391426,0
391427,33
391428,0
391429,31
391430,0
391431,0
391432,0
391433,41
391434,0
391435,30
391436,0
391437,31
391438,38
391439,18
391440,0
391441,0
391442,30
391443,26
391444,0
391445,0
391446,0
391447,0
391448,0
391449,0
391450,0
391451,46
391452,0
391453,35
391454,0
391455,25
391456,0
391457,0
391458,22
391459,0
391460,0
391461,25
391462,0
391463,0
391464,0
391465,0
391466,17
391467,0
391468,0
391469,0
391470,0
391471,0
391472,0
391473,0
391474,25
391475,0
391476,0
391477,0
391478,0
391479,0
391480,0
391481,20
391482,0
391483,0
391484,0
391485,0
391486,0
391487,23
391488,26
391489,0
391490,0
391491,0
391492,23
391493,0
391494,0
391495,0
391496,0
391497,0
391498,17
391499,26
391500,0
391501,0
391502,0
391503,0
391504,0
391505,4
391506,0
391507,0
391508,0
391509,0
391510,37
391511,0
391512,0
391513,0
391514,0
391515,0
391516,37
391517,0
391518,17
391519,0
391520,0
391521,9
391522,0
391523,0
391524,0
391525,0
391526,0
391527,0
391528,0
391529,11
391530,0
391531,0
391532,0
391533,0
391534,0
391535,18
391536,0
391537,0
391538,13
391539,0
391540,0
391541,0
391542,18
391543,0
391544,12
391545,0
391546,15
391547,19
391548,12
391549,19
391550,0
391551,0
391552,0
391553,0
391554,0
391555,0
391556,0
391557,0
391558,19
391559,12
391560,5
391561,0
391562,0
391563,0
391564,0
391565,0
391566,0
391567,0
391568,0
391569,6
391570,0
391571,0
391572,0
391573,0
391574,0
391575,0
391576,0
391577,0
391578,0
391579,0
391580,0
391581,0
391582,0
391583,11
391584,0
391585,14
391586,0
391587,0
391588,0
391589,6
391590,22
391591,0
391592,0
391593,18
391594,0
391595,0
391596,0
391597,0
391598,0
391599,0
391600,0
391601,0
391602,0
391603,0
391604,0
391605,0
391606,0
391607,0
391608,0
391609,0
391610,0
391611,0
391612,0
391613,21
391614,0
391615,0
391616,0
391617,0
391618,0
391619,11
391620,0
391621,0
391622,0
391623,0
391624,0
391625,25
391626,0
391627,0
391628,0
391629,0
391630,0
391631,0
391632,0
391633,14
391634,14
391635,0
391636,0
391637,0
391638,0
391639,0
391640,0
391641,0
391642,12
391643,0
391644,0
391645,26
391646,0
391647,0
391648,0
391649,0
391650,0
391651,0
391652,0
391653,0
391654,0
391655,0
391656,0
391657,0
391658,0
391659,0
391660,0
391661,0
391662,0
391663,0
391664,33
391665,0
391666,0
391667,0
391668,0
391669,0
391670,7
391671,0
391672,0
391673,0
391674,36
391675,0
391676,0
391677,0
391678,0
391679,0
391680,0
391681,0
391682,0
391683,0
391684,8
391685,0
391686,0
391687,0
391688,0
391689,0
391690,0
391691,0
391692,0
391693,0
391694,0
391695,25
391696,0
391697,0
391698,0
391699,0
391700,0
391701,0
391702,0
391703,0
391704,0
391705,23
391706,0
391707,28
391708,23
391709,17
391710,0
391711,0
391712,0
391713,22
391714,0
391715,0
391716,0
391717,0
391718,0
391719,0
391720,0
391721,0
391722,0
391723,0
391724,0
391725,0
391726,0
391727,0
391728,0
391729,0
391730,0
391731,14
391732,0
391733,0
391734,0
391735,0
391736,0
391737,0
391738,0
391739,0
391740,0
391741,0
391742,0
391743,13
391744,0
391745,30
391746,0
391747,0
391748,0
391749,0
391750,0
391751,0
391752,13
391753,0
391754,0
391755,25
391756,0
391757,0
391758,0
391759,14
391760,0
391761,0
391762,0
391763,20
391764,15
391765,0
391766,0
391767,0
391768,0
391769,0
391770,0
391771,0
391772,0
391773,0
391774,9
391775,0
391776,0
391777,10
391778,21
391779,0
391780,17
391781,14
391782,0
391783,0
391784,0
391785,0
391786,0
391787,0
391788,21
391789,0
391790,0
391791,8
391792,0
391793,0
391794,0
391795,0
391796,0
391797,0
391798,0
391799,0
391800,0
391801,0
391802,0
391803,0
391804,9
391805,0
391806,32
391807,0
391808,0
391809,0
391810,18
391811,0
391812,0
391813,0
391814,0
391815,0
391816,0
391817,0
391818,0
391819,0
391820,0
391821,0
391822,0
391823,0
391824,12
391825,0
391826,41
391827,0
391828,0
391829,0
391830,0
391831,0
391832,0
391833,0
391834,0
391835,0
391836,0
391837,0
391838,0
391839,0
391840,28
391841,0
391842,0
391843,0
391844,12
391845,16
391846,0
391847,0
391848,0
391849,0
391850,0
391851,0
391852,0
391853,0
391854,29
391855,20
391856,0
391857,23
391858,0
391859,0
391860,0
391861,0
391862,0
391863,0
391864,0
391865,28
391866,0
391867,0
391868,19
391869,0
391870,0
391871,0
391872,0
391873,0
391874,0
391875,0
391876,0
391877,0
391878,0
391879,0
391880,0
391881,0
391882,0
391883,0
391884,0
391885,0
391886,0
391887,0
391888,0
391889,0
391890,0
391891,0
391892,0
391893,0
391894,0
391895,0
391896,0
391897,0
391898,0
391899,0
391900,0
391901,0
391902,0
391903,13
391904,0
391905,0
391906,0
391907,0
391908,0
391909,0
391910,5
391911,0
391912,0
391913,0
391914,0
391915,0
391916,0
391917,0
391918,0
391919,0
391920,12
391921,0
391922,13
391923,0
391924,0
391925,8
391926,0
391927,0
391928,0
391929,0
391930,12
391931,21
391932,0
391933,14
391934,13
391935,0
391936,0
391937,0
391938,24
391939,21
391940,7
391941,0
391942,0
391943,0
391944,0
391945,0
391946,0
391947,13
391948,0
391949,0
391950,0
391951,0
391952,0
391953,0
391954,5
391955,0
391956,10
391957,0
391958,0
391959,0
391960,0
391961,0
391962,0
391963,0
391964,8
391965,0
391966,0
391967,0
391968,0
391969,0
391970,0
391971,0
391972,0
391973,9
391974,0
391975,0
391976,0
391977,0
391978,0
391979,0
391980,11
391981,8
391982,0
391983,0
391984,0
391985,9
391986,13
391987,0
391988,22
391989,10
391990,0
391991,0
391992,0
391993,0
391994,0
391995,0
391996,0
391997,0
391998,0
391999,0
392000,0
392001,6
392002,0
392003,15
392004,0
392005,19
392006,0
392007,0
392008,0
392009,22
392010,0
392011,0
392012,0
392013,22
392014,5
392015,0
392016,0
392017,0
392018,9
392019,14
392020,0
392021,14
392022,0
392023,0
392024,0
392025,0
392026,0
392027,0
392028,10
392029,0
392030,0
392031,0
392032,0
392033,0
392034,0
392035,0
392036,0
392037,0
392038,13
392039,0
392040,0
392041,0
392042,0
392043,17
392044,0
392045,0
392046,0
392047,0
392048,0
392049,15
392050,0
392051,0
392052,0
392053,0
392054,18
392055,0
392056,17
392057,0
392058,0
392059,0
392060,0
392061,0
392062,0
392063,0
392064,0
392065,0
392066,0
392067,0
392068,9
392069,0
392070,0
392071,0
392072,20
392073,0
392074,0
392075,0
392076,0
392077,0
392078,0
392079,3
392080,9
392081,0
392082,0
392083,23
392084,0
392085,16
392086,0
392087,0
392088,0
392089,10
392090,0
392091,0
392092,0
392093,0
392094,8
392095,0
392096,0
392097,0
392098,0
392099,0
392100,0
392101,0
392102,0
392103,0
392104,0
392105,0
392106,0
392107,0
392108,0
392109,0
392110,0
392111,13
392112,0
392113,0
392114,0
392115,0
392116,18
392117,0
392118,0
392119,0
392120,0
392121,0
392122,0
392123,19
392124,0
392125,0
392126,0
392127,0
392128,0
392129,0
392130,12
392131,9
392132,0
392133,10
392134,23
392135,0
392136,0
392137,0
392138,10
392139,0
392140,0
392141,0
392142,8
392143,0
392144,0
392145,0
392146,0
392147,0
392148,20
392149,0
392150,0
392151,0
392152,0
392153,0
392154,0
392155,0
392156,18
392157,0
392158,11
392159,0
392160,0
392161,0
392162,0
392163,0
392164,0
392165,8
392166,0
392167,20
392168,0
392169,0
392170,8
392171,0
392172,0
392173,13
392174,0
392175,0
392176,0
392177,0
392178,0
392179,0
392180,0
392181,15
392182,0
392183,0
392184,0
392185,11
392186,0
392187,0
392188,0
392189,0
392190,0
392191,10
392192,0
392193,0
392194,19
392195,0
392196,0
392197,0
392198,0
392199,0
392200,6
392201,0
392202,0
392203,0
392204,0
392205,13
392206,0
392207,0
392208,0
392209,0
392210,0
392211,0
392212,0
392213,0
392214,0
392215,0
392216,0
392217,0
392218,9
392219,0
392220,0
392221,0
392222,16
392223,0
392224,0
392225,0
392226,0
392227,0
392228,16
392229,0
392230,10
392231,0
392232,0
392233,2
392234,0
392235,0
392236,0
392237,0
392238,0
392239,0
392240,14
392241,0
392242,0
392243,0
392244,0
392245,9
392246,0
392247,0
392248,7
392249,0
392250,0
392251,0
392252,0
392253,16
392254,0
392255,0
392256,0
392257,13
392258,12
392259,0
392260,0
392261,13
392262,0
392263,7
392264,0
392265,0
392266,0
392267,0
392268,0
392269,10
392270,0
392271,0
392272,17
392273,0
392274,11
392275,0
392276,0
392277,0
392278,0
392279,0
392280,0
392281,9
392282,0
392283,0
392284,0
392285,8
392286,0
392287,0
392288,0
392289,0
392290,0
392291,20
392292,11
392293,0
392294,0
392295,0
392296,8
392297,13
392298,0
392299,0
392300,0
392301,10
392302,0
392303,0
392304,11
392305,0
392306,13
392307,0
392308,0
392309,0
392310,0
392311,0
392312,0
392313,0
392314,0
392315,0
392316,0
392317,0
392318,15
392319,0
392320,0
392321,0
392322,0
392323,0
392324,0
392325,0
392326,0
392327,0
392328,10
392329,0
392330,14
392331,12
392332,0
392333,0
392334,0
392335,0
392336,0
392337,0
392338,8
392339,0
392340,0
392341,0
392342,0
392343,0
392344,11
392345,0
392346,0
392347,15
392348,0
392349,0
392350,17
392351,0
392352,0
392353,0
392354,0
392355,0
392356,0
392357,11
392358,0
392359,0
392360,12
392361,0
392362,11
392363,0
392364,0
392365,0
392366,0
392367,0
392368,0
392369,0
392370,0
392371,0
392372,17
392373,14
392374,0
392375,0
392376,0
392377,0
392378,0
392379,0
392380,0
392381,0
392382,13
392383,0
392384,0
392385,0
392386,0
392387,0
392388,0
392389,0
392390,0
392391,10
392392,0
392393,0
392394,0
392395,0
392396,0
392397,0
392398,0
392399,0
392400,0
392401,0
392402,0
392403,0
392404,0
392405,0
392406,7
392407,14
392408,12
392409,0
392410,10
392411,0
392412,0
392413,0
392414,0
392415,0
392416,0
392417,0
392418,0
392419,12
392420,0
392421,13
392422,12
392423,9
392424,0
392425,0
392426,0
392427,0
392428,0
392429,0
392430,6
392431,9
392432,0
392433,12
392434,0
392435,0
392436,0
392437,18
392438,10
392439,0
392440,0
392441,0
392442,0
392443,0
392444,10
392445,0
392446,0
392447,0
392448,0
392449,0
392450,0
392451,0
392452,0
392453,0
392454,11
392455,0
392456,0
392457,0
392458,12
392459,0
392460,0
392461,0
392462,16
392463,0
392464,0
392465,0
392466,0
392467,0
392468,0
392469,10
392470,0
392471,0
392472,0
392473,0
392474,30
392475,18
392476,0
392477,0
392478,0
392479,0
392480,0
392481,0
392482,13
392483,22
392484,9
392485,0
392486,0
392487,0
392488,0
392489,0
392490,15
392491,0
392492,13
392493,15
392494,0
392495,0
392496,0
392497,16
392498,18
392499,0
392500,0
392501,0
392502,0
392503,0
392504,0
392505,19
392506,0
392507,0
392508,0
392509,0
392510,13
392511,13
392512,15
392513,0
392514,0
392515,0
392516,18
392517,18
392518,0
392519,0
392520,0
392521,0
392522,0
392523,0
392524,0
392525,0
392526,0
392527,0
392528,0
392529,0
392530,0
392531,0
392532,15
392533,0
392534,0
392535,0
392536,0
392537,0
392538,14
392539,0
392540,0
392541,0
392542,0
392543,0
392544,0
392545,6
392546,12
392547,0
392548,0
392549,0
392550,0
392551,0
392552,0
392553,0
392554,0
392555,0
392556,0
392557,0
392558,19
392559,0
392560,0
392561,0
392562,0
392563,11
392564,0
392565,0
392566,0
392567,12
392568,0
392569,0
392570,0
392571,0
392572,15
392573,11
392574,0
392575,0
392576,0
392577,0
392578,0
392579,14
392580,0
392581,0
392582,0
392583,0
392584,0
392585,0
392586,10
392587,0
392588,0
392589,16
392590,0
392591,0
392592,0
392593,0
392594,0
392595,0
392596,0
392597,0
392598,0
392599,0
392600,0
392601,0
392602,0
392603,0
392604,0
392605,0
392606,8
392607,11
392608,0
392609,0
392610,0
392611,0
392612,0
392613,14
392614,9
392615,0
392616,0
392617,0
392618,0
392619,0
392620,0
392621,0
392622,0
392623,0
392624,0
392625,0
392626,3
392627,0
392628,18
392629,0
392630,0
392631,10
392632,0
392633,0
392634,0
392635,0
392636,0
392637,0
392638,0
392639,10
392640,0
392641,0
392642,14
392643,0
392644,0
392645,0
392646,0
392647,0
392648,0
392649,17
392650,20
392651,0
392652,0
392653,14
392654,21
392655,0
392656,0
392657,0
392658,0
392659,0
392660,0
392661,0
392662,0
392663,10
392664,0
392665,0
392666,0
392667,0
392668,0
392669,0
392670,15
392671,0
392672,0
392673,16
392674,0
392675,5
392676,5
392677,0
392678,0
392679,0
392680,0
392681,0
392682,0
392683,0
392684,0
392685,0
392686,0
392687,0
392688,0
392689,0
392690,11
392691,0
392692,0
392693,11
392694,0
392695,0
392696,0
392697,17
392698,0
392699,0
392700,0
392701,0
392702,14
392703,0
392704,0
392705,0
392706,8
392707,0
392708,0
392709,0
392710,0
392711,0
392712,9
392713,0
392714,0
392715,0
392716,10
392717,0
392718,0
392719,0
392720,10
392721,0
392722,0
392723,0
392724,0
392725,0
392726,0
392727,0
392728,0
392729,0
392730,0
392731,0
392732,10
392733,0
392734,0
392735,10
392736,0
392737,0
392738,7
392739,0
392740,0
392741,0
392742,0
392743,0
392744,6
392745,0
392746,0
392747,0
392748,0
392749,0
392750,7
392751,0
392752,0
392753,0
392754,11
392755,0
392756,0
392757,0
392758,0
392759,0
392760,0
392761,0
392762,0
392763,8
392764,0
392765,0
392766,0
392767,0
392768,10
392769,0
392770,0
392771,0
392772,0
392773,9
392774,0
392775,7
392776,0
392777,0
392778,0
392779,11
392780,0
392781,0
392782,0
392783,0
392784,8
392785,0
392786,0
392787,0
392788,5
392789,0
392790,0
392791,2
392792,0
392793,0
392794,7
392795,0
392796,13
392797,0
392798,0
392799,0
392800,7
392801,0
392802,0
392803,0
392804,0
392805,0
392806,0
392807,0
392808,9
392809,3
392810,0
392811,0
392812,6
392813,0
392814,11
392815,7
392816,0
392817,0
392818,0
392819,0
392820,14
392821,0
392822,0
392823,0
392824,9
392825,0
392826,0
392827,11
392828,0
392829,0
392830,0
392831,0
392832,0
392833,0
392834,0
392835,0
392836,0
392837,0
392838,0
392839,5
392840,0
392841,0
392842,0
392843,0
392844,7
392845,5
392846,0
392847,0
392848,0
392849,0
392850,0
392851,0
392852,0
392853,10
392854,0
392855,0
392856,7
392857,0
392858,0
392859,0
392860,0
392861,0
392862,0
392863,0
392864,5
392865,0
392866,10
392867,0
392868,0
392869,0
392870,0
392871,0
392872,0
392873,0
392874,9
392875,0
392876,0
392877,0
392878,0
392879,0
392880,0
392881,0
392882,6
392883,8
392884,0
392885,0
392886,0
392887,0
392888,0
392889,8
392890,0
392891,0
392892,0
392893,0
392894,0
392895,10
392896,7
392897,0
392898,0
392899,9
392900,0
392901,0
392902,0
392903,0
392904,0
392905,0
392906,13
392907,8
392908,0
392909,4
392910,0
392911,0
392912,5
392913,0
392914,0
392915,14
392916,9
392917,0
392918,4
392919,0
392920,10
392921,12
392922,0
392923,0
392924,0
392925,0
392926,0
392927,0
392928,0
392929,0
392930,0
392931,6
392932,8
392933,0
392934,0
392935,11
392936,0
392937,0
392938,0
392939,10
392940,8
392941,7
392942,0
392943,0
392944,0
392945,0
392946,0
392947,0
392948,0
392949,0
392950,0
392951,6
392952,11
392953,0
392954,0
392955,0
392956,0
392957,0
392958,0
392959,0
392960,0
392961,0
392962,0
392963,0
392964,5
392965,13
392966,0
392967,7
392968,6
392969,0
392970,0
392971,11
392972,0
392973,0
392974,0
392975,0
392976,0
392977,4
392978,0
392979,0
392980,0
392981,11
392982,8
392983,11
392984,0
392985,0
392986,15
392987,0
392988,9
392989,0
392990,0
392991,0
392992,4
392993,0
392994,0
392995,0
392996,0
392997,10
392998,0
392999,0
393000,9
393001,7
393002,11
393003,0
393004,0
393005,3
393006,7
393007,0
393008,0
393009,0
393010,9
393011,0
393012,0
393013,0
393014,13
393015,8
393016,0
393017,0
393018,7
393019,0
393020,10
393021,0
393022,0
393023,0
393024,0
393025,0
393026,8
393027,4
393028,0
393029,0
393030,3
393031,0
393032,5
393033,7
393034,0
393035,0
393036,0
393037,0
393038,0
393039,0
393040,8
393041,8
393042,13
393043,0
393044,0
393045,0
393046,0
393047,0
393048,0
393049,14
393050,0
393051,0
393052,5
393053,0
393054,10
393055,0
393056,0
393057,0
393058,0
393059,0
393060,0
393061,0
393062,8
393063,0
393064,0
393065,3
393066,0
393067,9
393068,0
393069,7
393070,0
393071,0
393072,0
393073,10
393074,0
393075,0
393076,0
393077,11
393078,0
393079,0
393080,0
393081,6
393082,0
393083,0
393084,8
393085,0
393086,0
393087,0
393088,0
393089,10
393090,0
393091,5
393092,0
393093,8
393094,17
393095,0
393096,0
393097,0
393098,0
393099,0
393100,0
393101,0
393102,0
393103,0
393104,0
393105,0
393106,0
393107,0
393108,6
393109,14
393110,0
393111,11
393112,0
393113,0
393114,0
393115,0
393116,0
393117,0
393118,0
393119,12
393120,0
393121,0
393122,7
393123,7
393124,0
393125,0
393126,0
393127,0
393128,0
393129,0
393130,18
393131,0
393132,0
393133,4
393134,9
393135,0
393136,8
393137,15
393138,0
393139,0
393140,15
393141,0
393142,0
393143,0
393144,0
393145,16
393146,9
393147,0
393148,0
393149,2
393150,0
393151,8
393152,4
393153,0
393154,0
393155,5
393156,0
393157,8
393158,13
393159,0
393160,0
393161,0
393162,0
393163,11
393164,7
393165,0
393166,5
393167,0
393168,9
393169,0
393170,0
393171,0
393172,0
393173,0
393174,0
393175,0
393176,0
393177,0
393178,0
393179,0
393180,0
393181,0
393182,0
393183,14
393184,0
393185,0
393186,0
393187,0
393188,6
393189,0
393190,0
393191,0
393192,0
393193,0
393194,8
393195,0
393196,0
393197,0
393198,0
393199,0
393200,13
393201,0
393202,0
393203,0
393204,0
393205,14
393206,0
393207,7
393208,4
393209,0
393210,11
393211,0
393212,11
393213,0
393214,0
393215,0
393216,6
393217,0
393218,0
393219,0
393220,0
393221,0
393222,0
393223,0
393224,17
393225,0
393226,0
393227,17
393228,10
393229,0
393230,11
393231,0
393232,0
393233,0
393234,15
393235,0
393236,0
393237,0
393238,0
393239,0
393240,0
393241,0
393242,0
393243,12
393244,0
393245,0
393246,0
393247,0
393248,14
393249,0
393250,0
393251,15
393252,14
393253,0
393254,0
393255,0
393256,0
393257,0
393258,0
393259,0
393260,0
393261,0
393262,0
393263,0
393264,0
393265,0
393266,0
393267,0
393268,0
393269,0
393270,0
393271,0
393272,0
393273,11
393274,17
393275,9
393276,0
393277,0
393278,0
393279,0
393280,13
393281,0
393282,0
393283,0
393284,0
393285,0
393286,0
393287,0
393288,12
393289,0
393290,0
393291,0
393292,19
393293,17
393294,0
393295,0
393296,18
393297,0
393298,0
393299,0
393300,11
393301,0
393302,0
393303,0
393304,0
393305,0
393306,0
393307,0
393308,0
393309,0
393310,0
393311,0
393312,0
393313,0
393314,0
393315,15
393316,0
393317,0
393318,0
393319,17
393320,0
393321,0
393322,12
393323,0
393324,0
393325,0
393326,0
393327,0
393328,0
393329,0
393330,0
393331,15
393332,12
393333,11
393334,0
393335,0
393336,0
393337,0
393338,0
393339,0
393340,0
393341,10
393342,0
393343,0
393344,0
393345,0
393346,0
393347,0
393348,0
393349,0
393350,0
393351,0
393352,0
393353,0
393354,0
393355,14
393356,0
393357,0
393358,0
393359,0
393360,0
393361,9
393362,0
393363,0
393364,0
393365,0
393366,0
393367,0
393368,0
393369,15
393370,0
393371,0
393372,0
393373,0
393374,0
393375,0
393376,0
393377,15
393378,0
393379,0
393380,0
393381,13
393382,0
393383,0
393384,0
393385,11
393386,0
393387,0
393388,0
393389,0
393390,0
393391,0
393392,0
393393,0
393394,0
393395,0
393396,0
393397,0
393398,0
393399,0
393400,12
393401,0
393402,18
393403,0
393404,0
393405,0
393406,0
393407,0
393408,0
393409,0
393410,11
393411,0
393412,0
393413,0
393414,0
393415,0
393416,0
393417,22
393418,0
393419,0
393420,0
393421,0
393422,0
393423,0
393424,0
393425,0
393426,0
393427,0
393428,19
393429,0
393430,0
393431,0
393432,0
393433,0
393434,0
393435,17
393436,14
393437,14
393438,0
393439,0
393440,11
393441,0
393442,17
393443,0
393444,0
393445,0
393446,0
393447,0
393448,0
393449,0
393450,8
393451,0
393452,0
393453,0
393454,18
393455,13
393456,0
393457,0
393458,0
393459,0
393460,13
393461,0
393462,12
393463,0
393464,0
393465,0
393466,0
393467,0
393468,0
393469,0
393470,0
393471,0
393472,0
393473,0
393474,0
393475,0
393476,0
393477,0
393478,0
393479,0
393480,0
393481,0
393482,0
393483,0
393484,0
393485,0
393486,0
393487,0
393488,0
393489,0
393490,0
393491,12
393492,0
393493,0
393494,0
393495,0
393496,0
393497,0
393498,0
393499,0
393500,0
393501,14
393502,0
393503,0
393504,18
393505,0
393506,0
393507,11
393508,0
393509,12
393510,0
393511,0
393512,0
393513,0
393514,0
393515,0
393516,0
393517,0
393518,0
393519,0
393520,0
393521,0
393522,0
393523,0
393524,0
393525,0
393526,0
393527,14
393528,10
393529,0
393530,0
393531,0
393532,0
393533,0
393534,0
393535,0
393536,0
393537,0
393538,15
393539,0
393540,0
393541,0
393542,0
393543,0
393544,0
393545,0
393546,0
393547,13
393548,0
393549,0
393550,0
393551,0
393552,0
393553,0
393554,0
393555,0
393556,0
393557,0
393558,0
393559,0
393560,12
393561,0
393562,0
393563,0
393564,0
393565,0
393566,0
393567,15
393568,0
393569,0
393570,9
393571,0
393572,0
393573,17
393574,0
393575,0
393576,0
393577,18
393578,0
393579,0
393580,11
393581,0
393582,0
393583,0
393584,0
393585,17
393586,0
393587,0
393588,0
393589,0
393590,0
393591,0
393592,0
393593,0
393594,0
393595,11
393596,0
393597,0
393598,0
393599,0
393600,0
393601,12
393602,0
393603,0
393604,0
393605,11
393606,0
393607,11
393608,0
393609,0
393610,0
393611,0
393612,0
393613,0
393614,0
393615,18
393616,0
393617,0
393618,0
393619,16
393620,0
393621,0
393622,0
393623,0
393624,0
393625,0
393626,0
393627,0
393628,0
393629,0
393630,0
393631,20
393632,0
393633,15
393634,0
393635,0
393636,0
393637,0
393638,0
393639,0
393640,13
393641,0
393642,0
393643,0
393644,10
393645,0
393646,0
393647,0
393648,0
393649,0
393650,0
393651,0
393652,0
393653,0
393654,12
393655,0
393656,0
393657,0
393658,0
393659,0
393660,0
393661,0
393662,0
393663,0
393664,0
393665,0
393666,0
393667,0
393668,0
393669,0
393670,0
393671,0
393672,0
393673,0
393674,0
393675,0
393676,0
393677,0
393678,0
393679,0
393680,0
393681,0
393682,0
393683,0
393684,0
393685,0
393686,0
393687,0
393688,0
393689,0
393690,0
393691,0
393692,0
393693,0
393694,0
393695,0
393696,0
393697,0
393698,0
393699,0
393700,0
393701,0
393702,0
393703,0
393704,0
393705,0
393706,0
393707,0
393708,0
393709,0
393710,0
393711,0
393712,0
393713,0
393714,0
393715,0
393716,0
393717,0
393718,0
393719,0
393720,0
393721,0
393722,0
393723,0
393724,0
393725,0
393726,0
393727,0
393728,0
393729,0
393730,0
393731,0
393732,0
393733,0
393734,0
393735,0
393736,0
393737,0
393738,0
393739,0
393740,0
393741,0
393742,0
393743,0
393744,0
393745,0
393746,0
393747,0
393748,0
393749,0
393750,0
393751,0
393752,0
393753,0
393754,0
393755,0
393756,0
393757,0
393758,0
393759,0
393760,0
393761,0
393762,0
393763,0
393764,0
393765,0
393766,0
393767,0
393768,0
393769,0
393770,0
393771,0
393772,0
393773,0
393774,0
393775,0
393776,0
393777,0
393778,0
393779,0
393780,0
393781,0
393782,0
393783,0
393784,0
393785,0
393786,0
393787,0
393788,0
393789,0
393790,0
393791,0
393792,0
393793,0
393794,0
393795,0
393796,0
393797,0
393798,0
393799,0
393800,0
393801,0
393802,0
393803,0
393804,0
393805,0
393806,0
393807,0
393808,0
393809,0
393810,0
393811,0
393812,0
393813,0
393814,0
393815,0
393816,0
393817,0
393818,0
393819,0
393820,0
393821,0
393822,0
393823,0
393824,0
393825,0
393826,0
393827,0
393828,0
393829,0
393830,0
393831,0
393832,0
393833,0
393834,0
393835,0
393836,0
393837,0
393838,0
393839,0
393840,0
393841,0
393842,0
393843,0
393844,0
393845,0
393846,0
393847,0
393848,0
393849,0
393850,0
393851,0
393852,0
393853,0
393854,0
393855,0
393856,0
393857,0
393858,0
393859,0
393860,0
393861,0
393862,0
393863,0
393864,0
393865,0
393866,0
393867,0
393868,0
393869,0
393870,0
393871,0
393872,0
393873,0
393874,0
393875,0
393876,0
393877,0
393878,0
393879,0
393880,0
393881,0
393882,0
393883,0
393884,0
393885,1
393886,0
393887,0
393888,0
393889,0
393890,0
393891,0
393892,0
393893,0
393894,0
393895,0
393896,0
393897,0
393898,0
393899,0
393900,0
393901,0
393902,0
393903,0
393904,0
393905,0
393906,0
393907,0
393908,0
393909,0
393910,0
393911,0
393912,0
393913,0
393914,0
393915,0
393916,0
393917,0
393918,0
393919,0
393920,0
393921,0
393922,0
393923,0
393924,0
393925,0
393926,0
393927,0
393928,0
393929,0
393930,0
393931,0
393932,0
393933,0
393934,0
393935,0
393936,0
393937,0
393938,0
393939,0
393940,0
393941,0
393942,0
393943,0
393944,0
393945,0
393946,0
393947,0
393948,0
393949,0
393950,0
393951,0
393952,0
393953,0
393954,0
393955,0
393956,0
393957,0
393958,0
393959,0
393960,0
393961,0
393962,0
393963,0
393964,0
393965,0
393966,0
393967,0
393968,0
393969,0
393970,0
393971,0
393972,0
393973,0
393974,0
393975,0
393976,0
393977,0
393978,0
393979,0
393980,0
393981,0
393982,0
393983,0
393984,0
393985,0
393986,0
393987,0
393988,0
393989,0
393990,0
393991,0
393992,0
393993,0
393994,0
393995,0
393996,0
393997,0
393998,0
393999,0
394000,0
394001,0
394002,0
394003,0
394004,0
394005,0
394006,0
394007,0
394008,0
394009,0
394010,0
394011,0
394012,0
394013,0
394014,0
394015,0
394016,0
394017,0
394018,0
394019,0
394020,0
394021,0
394022,0
394023,0
394024,0
394025,0
394026,0
394027,0
394028,0
394029,0
394030,0
394031,0
394032,0
394033,0
394034,0
394035,0
394036,0
394037,0
394038,0
394039,0
394040,0
394041,0
394042,0
394043,0
394044,0
394045,0
394046,0
394047,0
394048,0
394049,0
394050,0
394051,0
394052,0
394053,0
394054,0
394055,0
394056,0
394057,0
394058,0
394059,0
394060,0
394061,0
394062,0
394063,0
394064,0
394065,0
394066,0
394067,0
394068,0
394069,0
394070,0
394071,0
394072,0
394073,0
394074,0
394075,0
394076,0
394077,0
394078,0
394079,0
394080,0
394081,0
394082,0
394083,0
394084,0
394085,0
394086,0
394087,0
394088,0
394089,0
394090,0
394091,0
394092,0
394093,0
394094,0
394095,0
394096,0
394097,0
394098,0
394099,0
394100,0
394101,0
394102,0
394103,0
394104,0
394105,0
394106,0
394107,0
394108,0
394109,0
394110,0
394111,0
394112,0
394113,0
394114,0
394115,0
394116,0
394117,0
394118,0
394119,0
394120,0
394121,0
394122,0
394123,0
394124,0
394125,0
394126,0
394127,0
394128,0
394129,0
394130,0
394131,0
394132,0
394133,0
394134,0
394135,0
394136,0
394137,0
394138,0
394139,0
394140,1
394141,0
394142,0
394143,0
394144,0
394145,0
394146,0
394147,0
394148,0
394149,0
394150,0
394151,0
394152,0
394153,0
394154,0
394155,0
394156,0
394157,0
394158,0
394159,0
394160,0
394161,0
394162,0
394163,0
394164,0
394165,0
394166,0
394167,0
394168,0
394169,0
394170,0
394171,0
394172,0
394173,0
394174,0
394175,0
394176,0
394177,0
394178,0
394179,0
394180,0
394181,0
394182,0
394183,0
394184,0
394185,0
394186,0
394187,0
394188,0
394189,0
394190,0
394191,0
394192,0
394193,0
394194,0
394195,0
394196,0
394197,0
394198,0
394199,0
394200,0
394201,0
394202,0
394203,0
394204,0
394205,0
394206,0
394207,0
394208,0
394209,0
394210,0
394211,0
394212,0
394213,0
394214,0
394215,0
394216,0
394217,0
394218,0
394219,0
394220,0
394221,0
394222,0
394223,0
394224,0
394225,0
394226,0
394227,0
394228,0
394229,0
394230,0
394231,0
394232,0
394233,0
394234,0
394235,0
394236,0
394237,0
394238,0
394239,0
394240,0
394241,0
394242,0
394243,0
394244,0
394245,0
394246,0
394247,0
394248,0
394249,0
394250,0
394251,0
394252,0
394253,0
394254,0
394255,0
394256,0
394257,0
394258,0
394259,0
394260,0
394261,0
394262,0
394263,0
394264,0
394265,0
394266,0
394267,0
394268,0
394269,0
394270,0
394271,0
394272,0
394273,0
394274,0
394275,0
394276,0
394277,0
394278,0
394279,0
394280,0
394281,0
394282,0
394283,0
394284,0
394285,0
394286,0
394287,0
394288,0
394289,0
394290,0
394291,0
394292,0
394293,0
394294,0
394295,0
394296,0
394297,0
394298,0
394299,0
394300,0
394301,0
394302,0
394303,0
394304,1
394305,0
394306,0
394307,0
394308,0
394309,0
394310,0
394311,0
394312,0
394313,0
394314,0
394315,0
394316,0
394317,0
394318,0
394319,0
394320,0
394321,0
394322,0
394323,0
394324,0
394325,0
394326,0
394327,0
394328,0
394329,0
394330,0
394331,0
394332,0
394333,0
394334,0
394335,0
394336,0
394337,0
394338,0
394339,0
394340,0
394341,0
394342,0
394343,0
394344,0
394345,0
394346,0
394347,0
394348,0
394349,0
394350,0
394351,0
394352,0
394353,0
394354,0
394355,0
394356,0
394357,0
394358,0
394359,0
394360,0
394361,0
394362,0
394363,0
394364,0
394365,0
394366,0
394367,0
394368,0
394369,0
394370,1
394371,0
394372,0
394373,0
394374,0
394375,0
394376,0
394377,0
394378,0
394379,0
394380,0
394381,0
394382,0
394383,0
394384,0
394385,0
394386,0
394387,0
394388,0
394389,0
394390,0
394391,0
394392,0
394393,0
394394,0
394395,0
394396,0
394397,0
394398,0
394399,0
394400,0
394401,0
394402,0
394403,0
394404,0
394405,0
394406,0
394407,0
394408,0
394409,0
394410,0
394411,0
394412,0
394413,0
394414,0
394415,0
394416,0
394417,0
394418,0
394419,0
394420,0
394421,0
394422,0
394423,0
394424,0
394425,0
394426,0
394427,0
394428,0
394429,0
394430,0
394431,0
394432,0
394433,0
394434,0
394435,0
394436,0
394437,0
394438,0
394439,0
394440,0
394441,0
394442,0
394443,0
394444,0
394445,0
394446,0
394447,0
394448,0
394449,0
394450,0
394451,0
394452,0
394453,0
394454,0
394455,0
394456,0
394457,0
394458,0
394459,0
394460,0
394461,0
394462,0
394463,0
394464,0
394465,0
394466,0
394467,0
394468,0
394469,0
394470,0
394471,0
394472,0
394473,0
394474,0
394475,0
394476,0
394477,0
394478,33
394479,0
394480,0
394481,29
394482,0
394483,0
394484,0
394485,0
394486,0
394487,0
394488,0
394489,0
394490,0
394491,0
394492,0
394493,0
394494,0
394495,0
394496,28
394497,20
394498,0
394499,0
394500,0
394501,0
394502,0
394503,22
394504,0
394505,0
394506,0
394507,0
394508,0
394509,35
394510,17
394511,0
394512,0
394513,0
394514,0
394515,0
394516,25
394517,0
394518,0
394519,0
394520,28
394521,0
394522,0
394523,0
394524,0
394525,0
394526,0
394527,0
394528,0
394529,0
394530,0
394531,0
394532,0
394533,0
394534,0
394535,0
394536,0
394537,0
394538,0
394539,0
394540,0
394541,0
394542,0
394543,17
394544,0
394545,0
394546,0
394547,0
394548,0
394549,0
394550,0
394551,0
394552,31
394553,0
394554,18
394555,0
394556,0
394557,0
394558,0
394559,0
394560,17
394561,0
394562,0
394563,0
394564,0
394565,0
394566,0
394567,20
394568,29
394569,0
394570,35
394571,11
394572,15
394573,0
394574,0
394575,0
394576,0
394577,0
394578,0
394579,0
394580,31
394581,22
394582,0
394583,0
394584,38
394585,0
394586,21
394587,0
394588,17
394589,27
394590,23
394591,26
394592,0
394593,0
394594,0
394595,0
394596,0
394597,0
394598,0
394599,0
394600,0
394601,27
394602,0
394603,32
394604,20
394605,0
394606,34
394607,0
394608,0
394609,26
394610,17
394611,0
394612,0
394613,0
394614,0
394615,0
394616,0
394617,0
394618,0
394619,21
394620,0
394621,0
394622,0
394623,17
394624,0
394625,34
394626,0
394627,31
394628,0
394629,0
394630,0
394631,24
394632,0
394633,0
394634,32
394635,0
394636,33
394637,0
394638,0
394639,0
394640,0
394641,23
394642,0
394643,26
394644,0
394645,0
394646,0
394647,0
394648,0
394649,0
394650,0
394651,0
394652,26
394653,0
394654,25
394655,24
394656,21
394657,16
394658,38
394659,0
394660,21
394661,25
394662,29
394663,0
394664,0
394665,0
394666,0
394667,0
394668,0
394669,0
394670,0
394671,15
394672,29
394673,0
394674,0
394675,0
394676,0
394677,0
394678,0
394679,20
394680,0
394681,13
394682,24
394683,0
394684,0
394685,0
394686,0
394687,0
394688,21
394689,0
394690,0
394691,28
394692,0
394693,0
394694,0
394695,0
394696,24
394697,0
394698,39
394699,0
394700,0
394701,0
394702,0
394703,0
394704,0
394705,0
394706,0
394707,21
394708,0
394709,0
394710,0
394711,0
394712,0
394713,0
394714,0
394715,13
394716,0
394717,24
394718,0
394719,25
394720,0
394721,0
394722,0
394723,0
394724,0
394725,0
394726,0
394727,0
394728,32
394729,34
394730,23
394731,0
394732,33
394733,0
394734,0
394735,0
394736,0
394737,22
394738,0
394739,0
394740,0
394741,24
394742,0
394743,0
394744,0
394745,0
394746,0
394747,0
394748,0
394749,0
394750,0
394751,0
394752,0
394753,27
394754,0
394755,0
394756,0
394757,0
394758,19
394759,0
394760,0
394761,0
394762,0
394763,0
394764,28
394765,32
394766,0
394767,0
394768,33
394769,12
394770,0
394771,20
394772,0
394773,15
394774,0
394775,0
394776,0
394777,0
394778,24
394779,0
394780,0
394781,0
394782,0
394783,26
394784,0
394785,0
394786,0
394787,38
394788,0
394789,0
394790,0
394791,18
394792,0
394793,0
394794,0
394795,0
394796,27
394797,0
394798,0
394799,0
394800,0
394801,0
394802,0
394803,0
394804,0
394805,0
394806,0
394807,0
394808,27
394809,0
394810,35
394811,24
394812,0
394813,20
394814,0
394815,0
394816,0
394817,28
394818,0
394819,0
394820,0
394821,0
394822,0
394823,18
394824,0
394825,13
394826,0
394827,0
394828,0
394829,0
394830,0
394831,0
394832,0
394833,0
394834,43
394835,0
394836,42
394837,27
394838,0
394839,0
394840,0
394841,35
394842,28
394843,0
394844,0
394845,0
394846,23
394847,0
394848,0
394849,0
394850,0
394851,25
394852,0
394853,0
394854,36
394855,0
394856,0
394857,30
394858,0
394859,0
394860,0
394861,31
394862,0
394863,0
394864,18
394865,0
394866,0
394867,0
394868,0
394869,0
394870,0
394871,0
394872,0
394873,0
394874,0
394875,0
394876,12
394877,0
394878,0
394879,0
394880,33
394881,19
394882,0
394883,0
394884,0
394885,0
394886,0
394887,19
394888,0
394889,41
394890,0
394891,0
394892,0
394893,0
394894,38
394895,0
394896,0
394897,0
394898,0
394899,57
394900,0
394901,0
394902,45
394903,0
394904,0
394905,0
394906,0
394907,0
394908,0
394909,7
394910,0
394911,0
394912,19
394913,33
394914,0
394915,0
394916,0
394917,0
394918,25
394919,0
394920,0
394921,0
394922,0
394923,0
394924,0
394925,0
394926,0
394927,0
394928,0
394929,0
394930,0
394931,0
394932,0
394933,0
394934,36
394935,0
394936,24
394937,0
394938,0
394939,0
394940,0
394941,0
394942,0
394943,0
394944,0
394945,28
394946,0
394947,0
394948,0
394949,0
394950,0
394951,0
394952,0
394953,0
394954,0
394955,31
394956,0
394957,0
394958,0
394959,0
394960,26
394961,0
394962,0
394963,0
394964,0
394965,0
394966,0
394967,31
394968,0
394969,16
394970,0
394971,0
394972,0
394973,0
394974,0
394975,0
394976,0
394977,0
394978,0
394979,0
394980,0
394981,0
394982,0
394983,0
394984,0
394985,0
394986,0
394987,0
394988,0
394989,0
394990,0
394991,0
394992,29
394993,0
394994,33
394995,0
394996,0
394997,32
394998,0
394999,0
395000,0
395001,0
395002,0
395003,0
395004,0
395005,0
395006,26
395007,0
395008,25
395009,0
395010,0
395011,0
395012,19
395013,0
395014,0
395015,34
395016,0
395017,0
395018,0
395019,23
395020,0
395021,0
395022,0
395023,0
395024,30
395025,0
395026,32
395027,0
395028,0
395029,13
395030,17
395031,0
395032,0
395033,0
395034,0
395035,19
395036,0
395037,33
395038,0
395039,0
395040,0
395041,0
395042,0
395043,19
395044,0
395045,0
395046,0
395047,0
395048,25
395049,0
395050,43
395051,31
395052,0
395053,24
395054,0
395055,0
395056,0
395057,0
395058,30
395059,0
395060,0
395061,25
395062,0
395063,0
395064,30
395065,20
395066,0
395067,34
395068,0
395069,0
395070,39
395071,0
395072,0
395073,41
395074,0
395075,0
395076,0
395077,0
395078,0
395079,0
395080,0
395081,34
395082,33
395083,24
395084,0
395085,18
395086,0
395087,28
395088,0
395089,0
395090,0
395091,0
395092,30
395093,0
395094,32
395095,0
395096,0
395097,0
395098,0
395099,0
395100,15
395101,0
395102,7
395103,0
395104,0
395105,0
395106,0
395107,0
395108,25
395109,0
395110,26
395111,29
395112,31
395113,43
395114,0
395115,0
395116,40
395117,0
395118,0
395119,0
395120,0
395121,0
395122,25
395123,0
395124,0
395125,0
395126,0
395127,0
395128,13
395129,0
395130,0
395131,0
395132,0
395133,0
395134,0
395135,0
395136,0
395137,0
395138,19
395139,0
395140,0
395141,0
395142,0
395143,0
395144,0
395145,0
395146,0
395147,0
395148,28
395149,0
395150,41
395151,0
395152,0
395153,0
395154,0
395155,18
395156,0
395157,0
395158,40
395159,0
395160,36
395161,33
395162,0
395163,0
395164,40
395165,0
395166,0
395167,0
395168,21
395169,0
395170,0
395171,0
395172,0
395173,0
395174,36
395175,0
395176,52
395177,0
395178,0
395179,0
395180,0
395181,32
395182,0
395183,0
395184,0
395185,14
395186,0
395187,13
395188,0
395189,0
395190,0
395191,0
395192,0
395193,0
395194,0
395195,0
395196,0
395197,0
395198,0
395199,0
395200,29
395201,0
395202,48
395203,0
395204,0
395205,0
395206,0
395207,34
395208,0
395209,21
395210,0
395211,0
395212,21
395213,0
395214,0
395215,0
395216,0
395217,0
395218,0
395219,0
395220,25
395221,0
395222,0
395223,0
395224,41
395225,0
395226,0
395227,0
395228,0
395229,0
395230,0
395231,0
395232,0
395233,0
395234,0
395235,0
395236,0
395237,0
395238,0
395239,27
395240,0
395241,0
395242,0
395243,0
395244,0
395245,33
395246,0
395247,0
395248,0
395249,0
395250,0
395251,28
395252,36
395253,0
395254,0
395255,0
395256,0
395257,0
395258,0
395259,0
395260,33
395261,28
395262,0
395263,0
395264,0
395265,0
395266,0
395267,0
395268,0
395269,0
395270,0
395271,0
395272,0
395273,31
395274,16
395275,0
395276,0
395277,0
395278,0
395279,0
395280,0
395281,29
395282,0
395283,0
395284,0
395285,0
395286,0
395287,0
395288,0
395289,0
395290,0
395291,0
395292,17
395293,0
395294,0
395295,0
395296,0
395297,0
395298,0
395299,21
395300,0
395301,42
395302,0
395303,0
395304,0
395305,0
395306,27
395307,0
395308,32
395309,0
395310,0
395311,35
395312,0
395313,0
395314,0
395315,30
395316,0
395317,0
395318,0
395319,0
395320,26
395321,0
395322,0
395323,0
395324,0
395325,0
395326,0
395327,26
395328,0
395329,0
395330,19
395331,0
395332,0
395333,0
395334,0
395335,22
395336,0
395337,0
395338,0
395339,0
395340,0
395341,0
395342,25
395343,0
395344,0
395345,0
395346,0
395347,0
395348,6
395349,0
395350,0
395351,0
395352,7
395353,0
395354,0
395355,1
395356,0
395357,0
395358,0
395359,0
395360,0
395361,0
395362,0
395363,0
395364,0
395365,0
395366,0
395367,0
395368,6
395369,0
395370,0
395371,0
395372,5
395373,5
395374,0
395375,0
395376,0
395377,5
395378,0
395379,0
395380,0
395381,0
395382,0
395383,0
395384,0
395385,0
395386,0
395387,0
395388,4
395389,0
395390,0
395391,0
395392,0
395393,0
395394,0
395395,0
395396,0
395397,0
395398,4
395399,0
395400,0
395401,0
395402,0
395403,0
395404,0
395405,0
395406,0
395407,0
395408,0
395409,0
395410,0
395411,0
395412,0
395413,0
395414,0
395415,0
395416,0
395417,0
395418,0
395419,0
395420,0
395421,0
395422,0
395423,0
395424,0
395425,0
395426,0
395427,0
395428,0
395429,0
395430,0
395431,0
395432,0
395433,0
395434,0
395435,0
395436,0
395437,0
395438,0
395439,0
395440,5
395441,0
395442,0
395443,0
395444,0
395445,0
395446,0
395447,0
395448,0
395449,0
395450,0
395451,0
395452,0
395453,6
395454,3
395455,0
395456,0
395457,0
395458,0
395459,0
395460,0
395461,0
395462,2
395463,0
395464,0
395465,0
395466,0
395467,0
395468,0
395469,0
395470,4
395471,0
395472,0
395473,0
395474,0
395475,0
395476,0
395477,0
395478,0
395479,0
395480,0
395481,0
395482,0
395483,0
395484,9
395485,0
395486,0
395487,0
395488,0
395489,0
395490,0
395491,0
395492,0
395493,2
395494,0
395495,0
395496,0
395497,0
395498,0
395499,0
395500,0
395501,0
395502,0
395503,0
395504,0
395505,2
395506,0
395507,0
395508,0
395509,0
395510,7
395511,1
395512,5
395513,0
395514,0
395515,0
395516,0
395517,0
395518,0
395519,0
395520,0
395521,0
395522,0
395523,0
395524,0
395525,0
395526,0
395527,0
395528,3
395529,2
395530,0
395531,0
395532,0
395533,5
395534,0
395535,0
395536,0
395537,0
395538,0
395539,0
395540,0
395541,0
395542,0
395543,0
395544,0
395545,0
395546,0
395547,0
395548,0
395549,0
395550,0
395551,0
395552,0
395553,11
395554,0
395555,0
395556,0
395557,0
395558,0
395559,0
395560,0
395561,0
395562,0
395563,0
395564,0
395565,0
395566,0
395567,0
395568,0
395569,3
395570,0
395571,0
395572,0
395573,0
395574,0
395575,0
395576,0
395577,0
395578,0
395579,0
395580,0
395581,0
395582,0
395583,0
395584,0
395585,0
395586,0
395587,5
395588,0
395589,0
395590,0
395591,0
395592,0
395593,0
395594,0
395595,0
395596,0
395597,0
395598,0
395599,0
395600,0
395601,0
395602,0
395603,0
395604,0
395605,0
395606,0
395607,0
395608,0
395609,0
395610,0
395611,0
395612,0
395613,0
395614,0
395615,0
395616,0
395617,0
395618,0
395619,5
395620,0
395621,0
395622,1
395623,0
395624,0
395625,0
395626,0
395627,0
395628,0
395629,0
395630,0
395631,0
395632,0
395633,8
395634,0
395635,0
395636,0
395637,0
395638,0
395639,0
395640,0
395641,0
395642,0
395643,0
395644,0
395645,0
395646,0
395647,0
395648,0
395649,0
395650,0
395651,0
395652,0
395653,0
395654,0
395655,0
395656,0
395657,0
395658,0
395659,0
395660,0
395661,0
395662,0
395663,0
395664,0
395665,0
395666,0
395667,0
395668,0
395669,0
395670,0
395671,0
395672,0
395673,0
395674,0
395675,0
395676,0
395677,0
395678,0
395679,0
395680,0
395681,0
395682,2
395683,0
395684,0
395685,0
395686,0
395687,0
395688,0
395689,0
395690,0
395691,0
395692,0
395693,0
395694,0
395695,0
395696,0
395697,0
395698,0
395699,0
395700,0
395701,3
395702,0
395703,2
395704,0
395705,0
395706,0
395707,0
395708,0
395709,0
395710,0
395711,0
395712,0
395713,0
395714,0
395715,0
395716,0
395717,0
395718,0
395719,6
395720,0
395721,0
395722,0
395723,0
395724,2
395725,0
395726,0
395727,0
395728,0
395729,0
395730,0
395731,0
395732,0
395733,0
395734,0
395735,0
395736,0
395737,0
395738,0
395739,0
395740,0
395741,0
395742,0
395743,0
395744,0
395745,3
395746,1
395747,0
395748,0
395749,0
395750,0
395751,0
395752,8
395753,6
395754,0
395755,0
395756,0
395757,0
395758,3
395759,0
395760,0
395761,0
395762,0
395763,0
395764,0
395765,0
395766,0
395767,0
395768,0
395769,0
395770,0
395771,0
395772,0
395773,0
395774,0
395775,0
395776,0
395777,0
395778,0
395779,0
395780,0
395781,0
395782,0
395783,0
395784,0
395785,0
395786,0
395787,0
395788,0
395789,0
395790,0
395791,0
395792,0
395793,0
395794,0
395795,0
395796,4
395797,0
395798,0
395799,0
395800,0
395801,0
395802,0
395803,0
395804,0
395805,0
395806,0
395807,0
395808,0
395809,0
395810,0
395811,0
395812,0
395813,0
395814,0
395815,0
395816,0
395817,0
395818,5
395819,0
395820,0
395821,0
395822,0
395823,0
395824,0
395825,0
395826,5
395827,0
395828,0
395829,0
395830,0
395831,0
395832,0
395833,0
395834,8
395835,0
395836,0
395837,0
395838,0
395839,0
395840,0
395841,0
395842,0
395843,0
395844,0
395845,0
395846,0
395847,0
395848,0
395849,0
395850,0
395851,0
395852,0
395853,0
395854,0
395855,0
395856,0
395857,0
395858,0
395859,7
395860,0
395861,4
395862,0
395863,0
395864,0
395865,0
395866,0
395867,0
395868,0
395869,0
395870,0
395871,0
395872,0
395873,0
395874,0
395875,0
395876,0
395877,0
395878,0
395879,0
395880,2
395881,0
395882,0
395883,0
395884,0
395885,0
395886,0
395887,0
395888,0
395889,0
395890,0
395891,0
395892,0
395893,0
395894,0
395895,0
395896,0
395897,0
395898,0
395899,0
395900,0
395901,5
395902,10
395903,0
395904,0
395905,0
395906,0
395907,0
395908,0
395909,0
395910,0
395911,0
395912,0
395913,0
395914,4
395915,0
395916,0
395917,0
395918,0
395919,0
395920,0
395921,0
395922,0
395923,0
395924,0
395925,0
395926,0
395927,0
395928,0
395929,0
395930,0
395931,0
395932,0
395933,0
395934,0
395935,0
395936,7
395937,0
395938,0
395939,0
395940,0
395941,0
395942,0
395943,0
395944,0
395945,0
395946,0
395947,0
395948,0
395949,4
395950,0
395951,0
395952,0
395953,0
395954,0
395955,0
395956,0
395957,0
395958,0
395959,0
395960,0
395961,0
395962,0
395963,0
395964,6
395965,0
395966,0
395967,0
395968,0
395969,0
395970,0
395971,0
395972,0
395973,0
395974,0
395975,4
395976,0
395977,0
395978,0
395979,0
395980,0
395981,0
395982,0
395983,3
395984,0
395985,0
395986,0
395987,0
395988,0
395989,0
395990,2
395991,0
395992,0
395993,0
395994,0
395995,2
395996,0
395997,0
395998,0
395999,0
396000,0
396001,0
396002,0
396003,0
396004,0
396005,0
396006,0
396007,0
396008,0
396009,0
396010,0
396011,0
396012,0
396013,0
396014,0
396015,0
396016,0
396017,0
396018,0
396019,0
396020,0
396021,0
396022,0
396023,0
396024,0
396025,3
396026,0
396027,0
396028,0
396029,0
396030,0
396031,0
396032,0
396033,0
396034,0
396035,0
396036,0
396037,7
396038,0
396039,0
396040,0
396041,0
396042,0
396043,0
396044,0
396045,0
396046,0
396047,0
396048,0
396049,0
396050,0
396051,0
396052,0
396053,0
396054,0
396055,0
396056,0
396057,0
396058,4
396059,6
396060,0
396061,0
396062,0
396063,0
396064,0
396065,0
396066,0
396067,0
396068,0
396069,0
396070,0
396071,0
396072,0
396073,0
396074,0
396075,0
396076,0
396077,0
396078,0
396079,0
396080,0
396081,0
396082,0
396083,6
396084,0
396085,0
396086,0
396087,0
396088,0
396089,0
396090,0
396091,10
396092,0
396093,5
396094,0
396095,0
396096,0
396097,0
396098,0
396099,8
396100,0
396101,0
396102,0
396103,0
396104,10
396105,0
396106,0
396107,0
396108,0
396109,0
396110,8
396111,6
396112,0
396113,0
396114,0
396115,0
396116,0
396117,0
396118,0
396119,0
396120,10
396121,0
396122,0
396123,15
396124,0
396125,0
396126,0
396127,0
396128,0
396129,0
396130,0
396131,8
396132,0
396133,0
396134,0
396135,4
396136,0
396137,0
396138,9
396139,10
396140,0
396141,0
396142,0
396143,4
396144,8
396145,0
396146,0
396147,0
396148,0
396149,10
396150,0
396151,0
396152,0
396153,0
396154,0
396155,0
396156,0
396157,0
396158,0
396159,0
396160,15
396161,0
396162,0
396163,0
396164,0
396165,0
396166,0
396167,0
396168,5
396169,13
396170,0
396171,0
396172,0
396173,0
396174,0
396175,0
396176,0
396177,0
396178,0
396179,0
396180,0
396181,0
396182,0
396183,0
396184,4
396185,0
396186,0
396187,0
396188,0
396189,0
396190,0
396191,12
396192,0
396193,0
396194,0
396195,0
396196,0
396197,0
396198,0
396199,0
396200,0
396201,7
396202,0
396203,0
396204,0
396205,0
396206,5
396207,0
396208,0
396209,0
396210,0
396211,0
396212,0
396213,0
396214,0
396215,0
396216,0
396217,0
396218,0
396219,0
396220,3
396221,0
396222,0
396223,13
396224,0
396225,0
396226,5
396227,0
396228,0
396229,0
396230,0
396231,0
396232,0
396233,0
396234,0
396235,0
396236,0
396237,0
396238,0
396239,0
396240,0
396241,0
396242,3
396243,0
396244,0
396245,0
396246,0
396247,10
396248,0
396249,0
396250,0
396251,0
396252,0
396253,0
396254,0
396255,0
396256,0
396257,0
396258,0
396259,0
396260,0
396261,9
396262,0
396263,0
396264,0
396265,11
396266,0
396267,6
396268,0
396269,0
396270,0
396271,0
396272,0
396273,0
396274,0
396275,13
396276,0
396277,0
396278,0
396279,0
396280,0
396281,0
396282,0
396283,0
396284,0
396285,0
396286,0
396287,0
396288,0
396289,0
396290,0
396291,0
396292,0
396293,0
396294,0
396295,0
396296,0
396297,0
396298,0
396299,0
396300,0
396301,0
396302,10
396303,0
396304,0
396305,0
396306,0
396307,0
396308,0
396309,0
396310,0
396311,0
396312,0
396313,0
396314,0
396315,0
396316,0
396317,0
396318,11
396319,0
396320,0
396321,0
396322,0
396323,0
396324,0
396325,13
396326,0
396327,0
396328,0
396329,0
396330,0
396331,8
396332,11
396333,0
396334,0
396335,0
396336,8
396337,0
396338,7
396339,0
396340,0
396341,0
396342,0
396343,0
396344,0
396345,0
396346,0
396347,0
396348,0
396349,9
396350,3
396351,0
396352,0
396353,0
396354,0
396355,0
396356,0
396357,0
396358,0
396359,0
396360,0
396361,0
396362,0
396363,0
396364,0
396365,12
396366,0
396367,0
396368,11
396369,0
396370,11
396371,11
396372,0
396373,0
396374,0
396375,0
396376,0
396377,0
396378,0
396379,0
396380,10
396381,0
396382,0
396383,7
396384,0
396385,0
396386,0
396387,0
396388,0
396389,0
396390,0
396391,0
396392,0
396393,0
396394,0
396395,0
396396,6
396397,0
396398,0
396399,0
396400,0
396401,0
396402,0
396403,10
396404,0
396405,0
396406,0
396407,8
396408,0
396409,0
396410,0
396411,0
396412,0
396413,0
396414,0
396415,0
396416,0
396417,0
396418,4
396419,0
396420,0
396421,0
396422,11
396423,0
396424,0
396425,0
396426,0
396427,6
396428,0
396429,0
396430,0
396431,0
396432,11
396433,0
396434,0
396435,0
396436,0
396437,13
396438,0
396439,0
396440,11
396441,12
396442,0
396443,0
396444,0
396445,0
396446,0
396447,0
396448,0
396449,0
396450,0
396451,11
396452,0
396453,0
396454,0
396455,10
396456,0
396457,0
396458,0
396459,0
396460,0
396461,0
396462,0
396463,0
396464,0
396465,6
396466,0
396467,8
396468,0
396469,0
396470,0
396471,0
396472,0
396473,0
396474,0
396475,6
396476,0
396477,0
396478,0
396479,0
396480,0
396481,0
396482,0
396483,0
396484,0
396485,0
396486,0
396487,0
396488,0
396489,0
396490,0
396491,4
396492,0
396493,0
396494,0
396495,0
396496,2
396497,0
396498,0
396499,0
396500,3
396501,0
396502,0
396503,0
396504,2
396505,0
396506,2
396507,0
396508,0
396509,0
396510,0
396511,0
396512,2
396513,0
396514,0
396515,3
396516,0
396517,0
396518,5
396519,0
396520,0
396521,0
396522,0
396523,0
396524,2
396525,0
396526,0
396527,2
396528,0
396529,0
396530,5
396531,0
396532,0
396533,0
396534,0
396535,2
396536,0
396537,2
396538,0
396539,0
396540,0
396541,0
396542,0
396543,0
396544,0
396545,3
396546,0
396547,0
396548,0
396549,0
396550,3
396551,0
396552,8
396553,0
396554,0
396555,3
396556,0
396557,2
396558,0
396559,0
396560,0
396561,0
396562,0
396563,0
396564,0
396565,0
396566,0
396567,0
396568,7
396569,0
396570,0
396571,0
396572,0
396573,0
396574,0
396575,0
396576,0
396577,0
396578,4
396579,6
396580,0
396581,1
396582,0
396583,3
396584,0
396585,0
396586,0
396587,0
396588,0
396589,0
396590,0
396591,4
396592,0
396593,0
396594,0
396595,0
396596,0
396597,0
396598,0
396599,0
396600,0
396601,0
396602,1
396603,0
396604,0
396605,0
396606,0
396607,0
396608,0
396609,0
396610,0
396611,0
396612,1
396613,0
396614,0
396615,0
396616,0
396617,0
396618,0
396619,2
396620,0
396621,0
396622,0
396623,0
396624,0
396625,3
396626,0
396627,0
396628,0
396629,0
396630,0
396631,1
396632,0
396633,0
396634,4
396635,0
396636,0
396637,0
396638,0
396639,0
396640,0
396641,0
396642,0
396643,3
396644,3
396645,0
396646,0
396647,0
396648,0
396649,0
396650,0
396651,0
396652,0
396653,0
396654,0
396655,4
396656,0
396657,4
396658,0
396659,0
396660,3
396661,3
396662,5
396663,2
396664,0
396665,4
396666,0
396667,0
396668,0
396669,3
396670,0
396671,0
396672,0
396673,0
396674,7
396675,0
396676,3
396677,0
396678,4
396679,0
396680,0
396681,0
396682,0
396683,0
396684,1
396685,0
396686,0
396687,0
396688,0
396689,1
396690,0
396691,3
396692,0
396693,0
396694,0
396695,0
396696,0
396697,0
396698,0
396699,7
396700,2
396701,0
396702,0
396703,0
396704,0
396705,0
396706,0
396707,0
396708,0
396709,0
396710,0
396711,6
396712,0
396713,0
396714,0
396715,0
396716,0
396717,6
396718,0
396719,0
396720,0
396721,0
396722,0
396723,0
396724,2
396725,0
396726,0
396727,0
396728,0
396729,0
396730,0
396731,0
396732,0
396733,0
396734,0
396735,2
396736,0
396737,0
396738,4
396739,4
396740,5
396741,0
396742,5
396743,0
396744,4
396745,0
396746,0
396747,0
396748,4
396749,0
396750,0
396751,0
396752,0
396753,7
396754,3
396755,0
396756,0
396757,0
396758,0
396759,0
396760,0
396761,2
396762,0
396763,0
396764,0
396765,0
396766,0
396767,0
396768,0
396769,0
396770,0
396771,0
396772,0
396773,0
396774,0
396775,0
396776,0
396777,0
396778,0
396779,0
396780,5
396781,0
396782,0
396783,0
396784,0
396785,0
396786,6
396787,4
396788,0
396789,0
396790,0
396791,0
396792,3
396793,0
396794,0
396795,0
396796,0
396797,0
396798,0
396799,0
396800,0
396801,0
396802,0
396803,0
396804,0
396805,0
396806,0
396807,0
396808,0
396809,0
396810,0
396811,0
396812,5
396813,0
396814,0
396815,0
396816,0
396817,0
396818,2
396819,0
396820,4
396821,0
396822,0
396823,0
396824,1
396825,0
396826,0
396827,1
396828,0
396829,0
396830,0
396831,0
396832,3
396833,0
396834,0
396835,0
396836,0
396837,0
396838,0
396839,0
396840,0
396841,1
396842,0
396843,0
396844,0
396845,2
396846,0
396847,0
396848,0
396849,0
396850,0
396851,0
396852,0
396853,0
396854,0
396855,0
396856,0
396857,4
396858,0
396859,0
396860,0
396861,3
396862,0
396863,0
396864,0
396865,6
396866,0
396867,0
396868,2
396869,4
396870,0
396871,0
396872,0
396873,0
396874,0
396875,0
396876,0
396877,3
396878,0
396879,3
396880,0
396881,0
396882,0
396883,0
396884,4
396885,0
396886,1
396887,8
396888,0
396889,0
396890,0
396891,0
396892,0
396893,0
396894,3
396895,0
396896,5
396897,0
396898,0
396899,4
396900,0
396901,0
396902,0
396903,0
396904,0
396905,0
396906,0
396907,0
396908,0
396909,0
396910,7
396911,0
396912,0
396913,0
396914,0
396915,0
396916,0
396917,0
396918,0
396919,0
396920,0
396921,0
396922,0
396923,0
396924,2
396925,3
396926,3
396927,0
396928,0
396929,0
396930,0
396931,5
396932,0
396933,0
396934,3
396935,3
396936,6
396937,0
396938,0
396939,0
396940,0
396941,0
396942,0
396943,0
396944,0
396945,0
396946,0
396947,0
396948,0
396949,0
396950,0
396951,0
396952,4
396953,0
396954,0
396955,1
396956,0
396957,0
396958,0
396959,0
396960,0
396961,0
396962,3
396963,0
396964,0
396965,4
396966,6
396967,0
396968,0
396969,0
396970,0
396971,0
396972,0
396973,0
396974,0
396975,3
396976,0
396977,0
396978,7
396979,0
396980,0
396981,0
396982,0
396983,0
396984,1
396985,0
396986,6
396987,0
396988,6
396989,0
396990,0
396991,0
396992,0
396993,0
396994,0
396995,3
396996,0
396997,9
396998,0
396999,6
397000,0
397001,3
397002,0
397003,0
397004,0
397005,0
397006,0
397007,0
397008,0
397009,0
397010,0
397011,0
397012,0
397013,0
397014,0
397015,0
397016,0
397017,0
397018,0
397019,0
397020,6
397021,0
397022,0
397023,0
397024,0
397025,1
397026,0
397027,0
397028,0
397029,0
397030,0
397031,0
397032,0
397033,0
397034,5
397035,0
397036,0
397037,0
397038,6
397039,0
397040,0
397041,4
397042,7
397043,0
397044,0
397045,0
397046,0
397047,0
397048,0
397049,0
397050,1
397051,0
397052,0
397053,0
397054,0
397055,0
397056,2
397057,0
397058,0
397059,0
397060,3
397061,0
397062,0
397063,0
397064,0
397065,0
397066,0
397067,0
397068,0
397069,0
397070,0
397071,0
397072,0
397073,0
397074,0
397075,0
397076,0
397077,0
397078,0
397079,0
397080,0
397081,0
397082,0
397083,0
397084,0
397085,0
397086,0
397087,0
397088,0
397089,0
397090,0
397091,0
397092,7
397093,0
397094,1
397095,0
397096,0
397097,0
397098,0
397099,0
397100,0
397101,0
397102,0
397103,0
397104,0
397105,4
397106,0
397107,0
397108,1
397109,0
397110,0
397111,0
397112,0
397113,0
397114,0
397115,0
397116,0
397117,0
397118,0
397119,0
397120,0
397121,0
397122,4
397123,0
397124,0
397125,0
397126,5
397127,0
397128,0
397129,0
397130,0
397131,0
397132,0
397133,0
397134,0
397135,0
397136,0
397137,4
397138,0
397139,0
397140,0
397141,0
397142,0
397143,0
397144,0
397145,0
397146,0
397147,0
397148,0
397149,6
397150,0
397151,0
397152,0
397153,0
397154,0
397155,0
397156,0
397157,0
397158,0
397159,0
397160,4
397161,0
397162,0
397163,0
397164,0
397165,0
397166,0
397167,0
397168,0
397169,0
397170,0
397171,0
397172,0
397173,0
397174,7
397175,0
397176,0
397177,3
397178,0
397179,0
397180,0
397181,0
397182,0
397183,0
397184,0
397185,0
397186,0
397187,0
397188,0
397189,0
397190,0
397191,0
397192,0
397193,0
397194,0
397195,6
397196,0
397197,0
397198,0
397199,0
397200,5
397201,0
397202,0
397203,0
397204,1
397205,0
397206,1
397207,7
397208,0
397209,0
397210,0
397211,0
397212,0
397213,0
397214,0
397215,0
397216,0
397217,0
397218,0
397219,0
397220,0
397221,6
397222,4
397223,0
397224,0
397225,0
397226,9
397227,0
397228,0
397229,0
397230,0
397231,7
397232,0
397233,0
397234,0
397235,7
397236,0
397237,0
397238,0
397239,0
397240,0
397241,7
397242,0
397243,2
397244,0
397245,4
397246,0
397247,0
397248,0
397249,3
397250,0
397251,0
397252,3
397253,0
397254,0
397255,0
397256,0
397257,0
397258,0
397259,0
397260,0
397261,5
397262,5
397263,3
397264,0
397265,1
397266,0
397267,0
397268,3
397269,0
397270,0
397271,0
397272,2
397273,0
397274,0
397275,0
397276,0
397277,0
397278,0
397279,3
397280,0
397281,0
397282,5
397283,0
397284,0
397285,0
397286,0
397287,0
397288,0
397289,7
397290,0
397291,0
397292,0
397293,0
397294,0
397295,0
397296,0
397297,0
397298,0
397299,0
397300,0
397301,3
397302,0
397303,5
397304,3
397305,7
397306,0
397307,0
397308,0
397309,5
397310,2
397311,6
397312,5
397313,0
397314,0
397315,0
397316,0
397317,0
397318,0
397319,0
397320,0
397321,0
397322,0
397323,0
397324,0
397325,5
397326,0
397327,0
397328,0
397329,0
397330,0
397331,0
397332,4
397333,0
397334,0
397335,0
397336,2
397337,4
397338,6
397339,0
397340,0
397341,0
397342,0
397343,0
397344,0
397345,0
397346,0
397347,0
397348,7
397349,0
397350,3
397351,0
397352,0
397353,0
397354,0
397355,0
397356,0
397357,3
397358,0
397359,0
397360,0
397361,0
397362,7
397363,0
397364,0
397365,0
397366,0
397367,0
397368,3
397369,2
397370,2
397371,0
397372,0
397373,0
397374,0
397375,0
397376,0
397377,1
397378,7
397379,1
397380,0
397381,0
397382,0
397383,0
397384,0
397385,0
397386,5
397387,0
397388,0
397389,0
397390,3
397391,0
397392,0
397393,0
397394,4
397395,0
397396,0
397397,0
397398,0
397399,0
397400,0
397401,0
397402,3
397403,0
397404,0
397405,0
397406,8
397407,3
397408,0
397409,3
397410,0
397411,7
397412,0
397413,2
397414,0
397415,0
397416,0
397417,0
397418,0
397419,0
397420,0
397421,4
397422,0
397423,0
397424,0
397425,0
397426,0
397427,0
397428,0
397429,0
397430,0
397431,0
397432,6
397433,0
397434,0
397435,0
397436,0
397437,0
397438,4
397439,0
397440,0
397441,0
397442,0
397443,0
397444,0
397445,0
397446,0
397447,0
397448,3
397449,0
397450,9
397451,0
397452,0
397453,0
397454,0
397455,0
397456,0
397457,0
397458,0
397459,0
397460,0
397461,0
397462,0
397463,0
397464,0
397465,0
397466,0
397467,2
397468,0
397469,0
397470,0
397471,0
397472,0
397473,0
397474,0
397475,0
397476,0
397477,0
397478,0
397479,0
397480,0
397481,0
397482,0
397483,0
397484,0
397485,0
397486,0
397487,0
397488,0
397489,0
397490,0
397491,0
397492,0
397493,0
397494,0
397495,0
397496,0
397497,4
397498,0
397499,0
397500,0
397501,0
397502,0
397503,0
397504,4
397505,0
397506,0
397507,0
397508,0
397509,0
397510,0
397511,0
397512,5
397513,0
397514,0
397515,0
397516,0
397517,2
397518,0
397519,0
397520,0
397521,0
397522,0
397523,0
397524,0
397525,0
397526,0
397527,6
397528,0
397529,0
397530,0
397531,0
397532,2
397533,0
397534,0
397535,0
397536,0
397537,0
397538,0
397539,0
397540,0
397541,0
397542,0
397543,0
397544,0
397545,0
397546,1
397547,0
397548,6
397549,0
397550,0
397551,0
397552,0
397553,0
397554,0
397555,0
397556,0
397557,0
397558,0
397559,0
397560,0
397561,0
397562,0
397563,0
397564,0
397565,9
397566,14
397567,0
397568,0
397569,6
397570,6
397571,0
397572,0
397573,0
397574,8
397575,0
397576,0
397577,0
397578,0
397579,0
397580,3
397581,0
397582,0
397583,0
397584,0
397585,0
397586,0
397587,0
397588,0
397589,0
397590,0
397591,0
397592,0
397593,0
397594,0
397595,0
397596,0
397597,0
397598,0
397599,0
397600,4
397601,0
397602,0
397603,0
397604,0
397605,6
397606,0
397607,0
397608,0
397609,0
397610,0
397611,0
397612,0
397613,0
397614,0
397615,0
397616,0
397617,0
397618,0
397619,0
397620,0
397621,0
397622,0
397623,0
397624,0
397625,0
397626,0
397627,0
397628,0
397629,0
397630,0
397631,0
397632,0
397633,4
397634,0
397635,0
397636,5
397637,4
397638,0
397639,0
397640,0
397641,0
397642,0
397643,0
397644,0
397645,0
397646,0
397647,0
397648,0
397649,0
397650,4
397651,0
397652,0
397653,0
397654,0
397655,0
397656,0
397657,0
397658,0
397659,0
397660,0
397661,0
397662,0
397663,0
397664,0
397665,0
397666,0
397667,0
397668,0
397669,0
397670,0
397671,0
397672,0
397673,0
397674,0
397675,0
397676,0
397677,0
397678,0
397679,0
397680,0
397681,0
397682,0
397683,0
397684,0
397685,0
397686,0
397687,0
397688,0
397689,0
397690,0
397691,4
397692,0
397693,0
397694,0
397695,0
397696,0
397697,0
397698,0
397699,0
397700,2
397701,0
397702,0
397703,0
397704,9
397705,0
397706,0
397707,0
397708,0
397709,0
397710,6
397711,0
397712,0
397713,0
397714,0
397715,1
397716,0
397717,0
397718,0
397719,0
397720,0
397721,0
397722,0
397723,0
397724,0
397725,0
397726,0
397727,0
397728,0
397729,0
397730,0
397731,0
397732,0
397733,0
397734,0
397735,0
397736,0
397737,0
397738,0
397739,0
397740,0
397741,0
397742,0
397743,0
397744,0
397745,0
397746,0
397747,0
397748,0
397749,0
397750,0
397751,0
397752,0
397753,0
397754,5
397755,11
397756,0
397757,0
397758,5
397759,0
397760,0
397761,0
397762,0
397763,0
397764,27
397765,0
397766,0
397767,0
397768,0
397769,0
397770,0
397771,0
397772,0
397773,0
397774,0
397775,0
397776,0
397777,0
397778,23
397779,0
397780,0
397781,28
397782,0
397783,25
397784,12
397785,0
397786,0
397787,0
397788,0
397789,0
397790,0
397791,33
397792,0
397793,24
397794,0
397795,19
397796,0
397797,0
397798,19
397799,17
397800,0
397801,0
397802,0
397803,0
397804,23
397805,0
397806,0
397807,0
397808,28
397809,25
397810,0
397811,25
397812,0
397813,0
397814,0
397815,0
397816,0
397817,25
397818,0
397819,0
397820,0
397821,31
397822,0
397823,0
397824,0
397825,0
397826,0
397827,0
397828,18
397829,0
397830,0
397831,20
397832,0
397833,0
397834,14
397835,17
397836,0
397837,0
397838,0
397839,0
397840,18
397841,0
397842,0
397843,0
397844,15
397845,0
397846,0
397847,12
397848,0
397849,17
397850,30
397851,0
397852,0
397853,0
397854,0
397855,0
397856,0
397857,0
397858,0
397859,0
397860,0
397861,0
397862,22
397863,0
397864,0
397865,0
397866,0
397867,24
397868,0
397869,37
397870,26
397871,0
397872,0
397873,0
397874,0
397875,0
397876,14
397877,0
397878,0
397879,0
397880,21
397881,0
397882,0
397883,0
397884,0
397885,17
397886,0
397887,0
397888,0
397889,0
397890,22
397891,26
397892,0
397893,0
397894,0
397895,19
397896,15
397897,0
397898,0
397899,0
397900,0
397901,0
397902,0
397903,0
397904,0
397905,0
397906,0
397907,0
397908,0
397909,0
397910,0
397911,0
397912,0
397913,0
397914,0
397915,0
397916,24
397917,0
397918,0
397919,0
397920,0
397921,0
397922,29
397923,0
397924,0
397925,0
397926,19
397927,0
397928,0
397929,28
397930,0
397931,0
397932,0
397933,0
397934,0
397935,0
397936,0
397937,0
397938,0
397939,15
397940,0
397941,0
397942,0
397943,16
397944,0
397945,0
397946,0
397947,0
397948,0
397949,0
397950,0
397951,0
397952,0
397953,0
397954,0
397955,21
397956,0
397957,0
397958,0
397959,0
397960,0
397961,0
397962,0
397963,0
397964,0
397965,0
397966,20
397967,23
397968,0
397969,0
397970,0
397971,0
397972,0
397973,19
397974,0
397975,18
397976,0
397977,0
397978,0
397979,0
397980,19
397981,24
397982,0
397983,0
397984,0
397985,0
397986,0
397987,0
397988,0
397989,0
397990,0
397991,0
397992,0
397993,0
397994,0
397995,0
397996,0
397997,0
397998,0
397999,0
398000,0
398001,20
398002,22
398003,22
398004,0
398005,0
398006,0
398007,19
398008,0
398009,24
398010,14
398011,0
398012,0
398013,0
398014,19
398015,0
398016,0
398017,28
398018,0
398019,0
398020,0
398021,21
398022,14
398023,25
398024,0
398025,0
398026,0
398027,21
398028,14
398029,0
398030,0
398031,0
398032,0
398033,17
398034,0
398035,0
398036,0
398037,0
398038,27
398039,0
398040,29
398041,0
398042,0
398043,0
398044,0
398045,0
398046,0
398047,0
398048,0
398049,0
398050,0
398051,0
398052,0
398053,0
398054,0
398055,0
398056,0
398057,0
398058,0
398059,19
398060,0
398061,0
398062,18
398063,26
398064,0
398065,0
398066,0
398067,0
398068,0
398069,0
398070,0
398071,0
398072,21
398073,14
398074,0
398075,0
398076,0
398077,12
398078,0
398079,0
398080,0
398081,0
398082,0
398083,0
398084,0
398085,0
398086,0
398087,37
398088,22
398089,28
398090,0
398091,0
398092,0
398093,0
398094,17
398095,0
398096,0
398097,0
398098,0
398099,20
398100,0
398101,23
398102,21
398103,0
398104,0
398105,30
398106,25
398107,0
398108,0
398109,0
398110,0
398111,0
398112,0
398113,0
398114,0
398115,0
398116,0
398117,29
398118,0
398119,27
398120,24
398121,0
398122,0
398123,24
398124,20
398125,0
398126,0
398127,0
398128,0
398129,0
398130,0
398131,18
398132,0
398133,0
398134,0
398135,0
398136,32
398137,23
398138,0
398139,27
398140,0
398141,0
398142,0
398143,0
398144,0
398145,0
398146,16
398147,0
398148,0
398149,0
398150,0
398151,0
398152,0
398153,0
398154,0
398155,24
398156,26
398157,28
398158,24
398159,0
398160,0
398161,0
398162,0
398163,0
398164,0
398165,0
398166,0
398167,25
398168,20
398169,0
398170,0
398171,13
398172,0
398173,0
398174,0
398175,24
398176,0
398177,0
398178,0
398179,0
398180,28
398181,22
398182,0
398183,0
398184,0
398185,0
398186,0
398187,0
398188,0
398189,0
398190,0
398191,0
398192,0
398193,0
398194,21
398195,0
398196,0
398197,0
398198,0
398199,0
398200,0
398201,0
398202,0
398203,0
398204,0
398205,0
398206,0
398207,0
398208,0
398209,0
398210,0
398211,14
398212,21
398213,0
398214,0
398215,0
398216,0
398217,0
398218,0
398219,0
398220,0
398221,0
398222,0
398223,21
398224,0
398225,26
398226,0
398227,0
398228,0
398229,0
398230,0
398231,0
398232,0
398233,0
398234,0
398235,0
398236,0
398237,0
398238,26
398239,0
398240,0
398241,0
398242,0
398243,0
398244,0
398245,0
398246,0
398247,0
398248,0
398249,0
398250,0
398251,34
398252,24
398253,0
398254,0
398255,0
398256,0
398257,0
398258,0
398259,0
398260,0
398261,0
398262,0
398263,0
398264,0
398265,0
398266,0
398267,0
398268,0
398269,0
398270,0
398271,32
398272,0
398273,20
398274,0
398275,0
398276,0
398277,0
398278,0
398279,0
398280,0
398281,18
398282,27
398283,0
398284,0
398285,0
398286,20
398287,0
398288,0
398289,0
398290,0
398291,0
398292,0
398293,0
398294,30
398295,34
398296,0
398297,0
398298,0
398299,0
398300,0
398301,0
398302,0
398303,0
398304,0
398305,0
398306,0
398307,0
398308,26
398309,23
398310,15
398311,0
398312,0
398313,0
398314,0
398315,16
398316,0
398317,18
398318,0
398319,27
398320,0
398321,0
398322,0
398323,23
398324,0
398325,0
398326,0
398327,0
398328,0
398329,0
398330,0
398331,16
398332,0
398333,0
398334,21
398335,0
398336,20
398337,24
398338,0
398339,0
398340,0
398341,0
398342,17
398343,22
398344,0
398345,0
398346,19
398347,0
398348,0
398349,0
398350,0
398351,0
398352,0
398353,0
398354,0
398355,0
398356,0
398357,0
398358,0
398359,0
398360,0
398361,0
398362,29
398363,0
398364,0
398365,18
398366,23
398367,0
398368,0
398369,0
398370,0
398371,0
398372,0
398373,23
398374,0
398375,0
398376,28
398377,0
398378,0
398379,31
398380,0
398381,0
398382,0
398383,0
398384,0
398385,0
398386,21
398387,34
398388,0
398389,0
398390,20
398391,0
398392,0
398393,16
398394,0
398395,0
398396,0
398397,0
398398,20
398399,0
398400,25
398401,0
398402,16
398403,19
398404,0
398405,0
398406,22
398407,0
398408,18
398409,0
398410,0
398411,0
398412,17
398413,28
398414,0
398415,0
398416,0
398417,0
398418,0
398419,0
398420,0
398421,0
398422,0
398423,0
398424,0
398425,28
398426,0
398427,22
398428,22
398429,14
398430,0
398431,0
398432,0
398433,0
398434,0
398435,0
398436,0
398437,0
398438,0
398439,24
398440,0
398441,22
398442,29
398443,0
398444,0
398445,23
398446,0
398447,0
398448,25
398449,0
398450,0
398451,19
398452,0
398453,0
398454,0
398455,26
398456,0
398457,0
398458,0
398459,13
398460,0
398461,0
398462,0
398463,0
398464,0
398465,0
398466,0
398467,0
398468,0
398469,0
398470,0
398471,0
398472,0
398473,0
398474,0
398475,0
398476,0
398477,0
398478,0
398479,0
398480,0
398481,0
398482,0
398483,0
398484,0
398485,0
398486,0
398487,0
398488,0
398489,0
398490,0
398491,0
398492,0
398493,0
398494,0
398495,0
398496,14
398497,0
398498,0
398499,0
398500,0
398501,0
398502,0
398503,0
398504,0
398505,0
398506,0
398507,0
398508,0
398509,0
398510,0
398511,0
398512,0
398513,0
398514,0
398515,0
398516,0
398517,0
398518,0
398519,0
398520,0
398521,0
398522,0
398523,0
398524,0
398525,0
398526,0
398527,0
398528,0
398529,0
398530,12
398531,0
398532,0
398533,0
398534,0
398535,0
398536,0
398537,0
398538,0
398539,0
398540,0
398541,0
398542,0
398543,0
398544,0
398545,0
398546,0
398547,0
398548,0
398549,0
398550,0
398551,0
398552,0
398553,0
398554,0
398555,0
398556,0
398557,0
398558,0
398559,0
398560,0
398561,0
398562,0
398563,0
398564,0
398565,7
398566,0
398567,0
398568,0
398569,0
398570,0
398571,0
398572,0
398573,0
398574,0
398575,0
398576,16
398577,0
398578,0
398579,0
398580,0
398581,0
398582,0
398583,0
398584,0
398585,0
398586,0
398587,0
398588,0
398589,0
398590,0
398591,0
398592,0
398593,0
398594,0
398595,0
398596,0
398597,0
398598,0
398599,0
398600,0
398601,12
398602,0
398603,0
398604,0
398605,0
398606,0
398607,0
398608,0
398609,0
398610,0
398611,0
398612,0
398613,0
398614,0
398615,0
398616,0
398617,0
398618,12
398619,0
398620,0
398621,0
398622,0
398623,7
398624,0
398625,0
398626,0
398627,0
398628,0
398629,0
398630,0
398631,12
398632,0
398633,0
398634,0
398635,0
398636,0
398637,0
398638,0
398639,0
398640,0
398641,0
398642,0
398643,0
398644,0
398645,0
398646,0
398647,0
398648,0
398649,0
398650,0
398651,0
398652,0
398653,0
398654,15
398655,0
398656,0
398657,10
398658,0
398659,6
398660,0
398661,0
398662,0
398663,0
398664,0
398665,0
398666,0
398667,0
398668,0
398669,0
398670,0
398671,0
398672,0
398673,0
398674,0
398675,0
398676,0
398677,9
398678,0
398679,0
398680,0
398681,17
398682,0
398683,0
398684,0
398685,0
398686,0
398687,0
398688,0
398689,0
398690,0
398691,0
398692,0
398693,0
398694,0
398695,0
398696,0
398697,13
398698,0
398699,0
398700,0
398701,0
398702,0
398703,0
398704,0
398705,0
398706,0
398707,0
398708,0
398709,0
398710,0
398711,0
398712,0
398713,0
398714,0
398715,0
398716,0
398717,0
398718,0
398719,0
398720,0
398721,0
398722,0
398723,14
398724,0
398725,0
398726,21
398727,0
398728,0
398729,0
398730,0
398731,0
398732,0
398733,0
398734,0
398735,0
398736,0
398737,0
398738,0
398739,0
398740,0
398741,0
398742,0
398743,0
398744,0
398745,0
398746,0
398747,0
398748,0
398749,0
398750,0
398751,7
398752,0
398753,0
398754,0
398755,0
398756,0
398757,0
398758,0
398759,0
398760,0
398761,0
398762,0
398763,10
398764,15
398765,0
398766,0
398767,0
398768,0
398769,0
398770,0
398771,8
398772,0
398773,0
398774,0
398775,0
398776,0
398777,0
398778,0
398779,0
398780,0
398781,0
398782,0
398783,0
398784,0
398785,0
398786,0
398787,0
398788,0
398789,0
398790,18
398791,0
398792,0
398793,0
398794,0
398795,0
398796,0
398797,0
398798,0
398799,0
398800,0
398801,0
398802,0
398803,0
398804,0
398805,0
398806,0
398807,13
398808,0
398809,0
398810,0
398811,0
398812,0
398813,5
398814,0
398815,0
398816,0
398817,0
398818,0
398819,0
398820,0
398821,0
398822,19
398823,0
398824,0
398825,0
398826,0
398827,0
398828,0
398829,0
398830,0
398831,0
398832,0
398833,0
398834,0
398835,0
398836,0
398837,0
398838,0
398839,0
398840,0
398841,0
398842,0
398843,0
398844,0
398845,0
398846,0
398847,0
398848,0
398849,0
398850,0
398851,0
398852,0
398853,0
398854,0
398855,0
398856,0
398857,0
398858,0
398859,0
398860,0
398861,0
398862,0
398863,0
398864,0
398865,0
398866,0
398867,0
398868,12
398869,0
398870,0
398871,0
398872,0
398873,0
398874,0
398875,0
398876,0
398877,0
398878,0
398879,0
398880,11
398881,0
398882,0
398883,0
398884,0
398885,0
398886,0
398887,0
398888,0
398889,0
398890,0
398891,0
398892,0
398893,0
398894,0
398895,0
398896,0
398897,12
398898,0
398899,0
398900,0
398901,0
398902,0
398903,17
398904,0
398905,0
398906,0
398907,0
398908,0
398909,5
398910,0
398911,0
398912,0
398913,0
398914,0
398915,0
398916,0
398917,0
398918,7
398919,0
398920,0
398921,0
398922,0
398923,0
398924,14
398925,0
398926,0
398927,0
398928,0
398929,0
398930,0
398931,10
398932,0
398933,0
398934,0
398935,0
398936,0
398937,0
398938,0
398939,0
398940,0
398941,0
398942,0
398943,0
398944,0
398945,0
398946,0
398947,0
398948,0
398949,0
398950,0
398951,0
398952,0
398953,0
398954,0
398955,9
398956,0
398957,0
398958,0
398959,0
398960,0
398961,0
398962,0
398963,0
398964,0
398965,0
398966,10
398967,0
398968,0
398969,0
398970,0
398971,0
398972,0
398973,0
398974,0
398975,0
398976,0
398977,0
398978,0
398979,0
398980,16
398981,0
398982,0
398983,0
398984,0
398985,0
398986,11
398987,0
398988,0
398989,0
398990,0
398991,0
398992,0
398993,0
398994,0
398995,0
398996,0
398997,0
398998,0
398999,0
399000,0
399001,0
399002,0
399003,0
399004,0
399005,0
399006,0
399007,13
399008,0
399009,0
399010,0
399011,0
399012,0
399013,0
399014,10
399015,0
399016,0
399017,0
399018,0
399019,11
399020,0
399021,0
399022,0
399023,0
399024,0
399025,0
399026,0
399027,0
399028,0
399029,0
399030,0
399031,0
399032,0
399033,0
399034,0
399035,0
399036,0
399037,0
399038,0
399039,0
399040,0
399041,0
399042,0
399043,0
399044,0
399045,0
399046,0
399047,0
399048,0
399049,0
399050,0
399051,0
399052,0
399053,0
399054,0
399055,0
399056,0
399057,0
399058,0
399059,0
399060,0
399061,19
399062,0
399063,0
399064,0
399065,0
399066,0
399067,0
399068,0
399069,0
399070,0
399071,0
399072,0
399073,0
399074,0
399075,0
399076,0
399077,0
399078,0
399079,0
399080,0
399081,0
399082,0
399083,0
399084,0
399085,0
399086,0
399087,0
399088,0
399089,0
399090,0
399091,0
399092,18
399093,0
399094,0
399095,0
399096,0
399097,0
399098,0
399099,0
399100,0
399101,0
399102,0
399103,0
399104,0
399105,0
399106,0
399107,0
399108,0
399109,0
399110,0
399111,0
399112,0
399113,0
399114,0
399115,0
399116,0
399117,0
399118,0
399119,0
399120,0
399121,0
399122,0
399123,0
399124,0
399125,0
399126,0
399127,0
399128,0
399129,0
399130,0
399131,0
399132,0
399133,0
399134,0
399135,0
399136,0
399137,0
399138,0
399139,0
399140,0
399141,0
399142,0
399143,0
399144,0
399145,0
399146,0
399147,0
399148,0
399149,11
399150,0
399151,0
399152,0
399153,0
399154,0
399155,0
399156,0
399157,0
399158,15
399159,0
399160,0
399161,0
399162,0
399163,0
399164,0
399165,0
399166,0
399167,0
399168,0
399169,0
399170,0
399171,0
399172,0
399173,8
399174,0
399175,0
399176,0
399177,0
399178,0
399179,0
399180,0
399181,0
399182,0
399183,0
399184,0
399185,0
399186,0
399187,0
399188,0
399189,0
399190,0
399191,17
399192,0
399193,0
399194,0
399195,0
399196,0
399197,0
399198,0
399199,0
399200,7
399201,0
399202,0
399203,0
399204,0
399205,0
399206,0
399207,0
399208,0
399209,0
399210,0
399211,0
399212,0
399213,0
399214,0
399215,0
399216,0
399217,0
399218,0
399219,0
399220,0
399221,0
399222,0
399223,0
399224,0
399225,0
399226,0
399227,0
399228,0
399229,0
399230,0
399231,0
399232,0
399233,0
399234,9
399235,17
399236,0
399237,0
399238,0
399239,0
399240,0
399241,0
399242,0
399243,0
399244,0
399245,0
399246,0
399247,0
399248,0
399249,0
399250,0
399251,0
399252,0
399253,11
399254,0
399255,0
399256,13
399257,0
399258,0
399259,15
399260,0
399261,0
399262,0
399263,0
399264,0
399265,0
399266,0
399267,0
399268,0
399269,0
399270,0
399271,0
399272,0
399273,0
399274,0
399275,0
399276,0
399277,0
399278,0
399279,0
399280,0
399281,0
399282,0
399283,0
399284,0
399285,0
399286,0
399287,13
399288,0
399289,0
399290,11
399291,0
399292,0
399293,0
399294,0
399295,0
399296,0
399297,0
399298,0
399299,0
399300,0
399301,0
399302,0
399303,0
399304,0
399305,0
399306,0
399307,0
399308,0
399309,0
399310,0
399311,0
399312,0
399313,0
399314,0
399315,0
399316,0
399317,0
399318,0
399319,0
399320,9
399321,0
399322,0
399323,0
399324,0
399325,0
399326,0
399327,0
399328,0
399329,0
399330,0
399331,0
399332,0
399333,0
399334,0
399335,21
399336,0
399337,0
399338,0
399339,0
399340,14
399341,0
399342,0
399343,9
399344,0
399345,0
399346,0
399347,0
399348,0
399349,13
399350,0
399351,0
399352,17
399353,0
399354,0
399355,0
399356,15
399357,0
399358,0
399359,0
399360,0
399361,0
399362,0
399363,0
399364,0
399365,0
399366,8
399367,0
399368,0
399369,0
399370,0
399371,0
399372,0
399373,0
399374,0
399375,0
399376,0
399377,0
399378,0
399379,0
399380,0
399381,16
399382,0
399383,0
399384,0
399385,0
399386,0
399387,0
399388,0
399389,0
399390,0
399391,0
399392,0
399393,0
399394,0
399395,0
399396,13
399397,0
399398,0
399399,18
399400,0
399401,0
399402,0
399403,0
399404,0
399405,0
399406,0
399407,0
399408,0
399409,0
399410,0
399411,17
399412,0
399413,0
399414,0
399415,0
399416,0
399417,0
399418,0
399419,0
399420,0
399421,0
399422,0
399423,0
399424,16
399425,21
399426,26
399427,0
399428,0
399429,0
399430,0
399431,0
399432,0
399433,0
399434,25
399435,0
399436,0
399437,0
399438,0
399439,0
399440,0
399441,0
399442,0
399443,0
399444,0
399445,0
399446,0
399447,0
399448,0
399449,0
399450,31
399451,0
399452,29
399453,23
399454,0
399455,0
399456,0
399457,0
399458,0
399459,0
399460,0
399461,29
399462,0
399463,0
399464,0
399465,29
399466,0
399467,30
399468,0
399469,0
399470,0
399471,0
399472,17
399473,19
399474,0
399475,0
399476,0
399477,0
399478,0
399479,0
399480,0
399481,27
399482,0
399483,0
399484,0
399485,0
399486,0
399487,0
399488,0
399489,0
399490,0
399491,0
399492,0
399493,0
399494,0
399495,0
399496,0
399497,0
399498,23
399499,0
399500,0
399501,0
399502,23
399503,0
399504,0
399505,27
399506,20
399507,0
399508,0
399509,0
399510,31
399511,0
399512,0
399513,0
399514,0
399515,0
399516,19
399517,0
399518,0
399519,0
399520,0
399521,12
399522,0
399523,0
399524,0
399525,0
399526,36
399527,0
399528,24
399529,0
399530,0
399531,0
399532,23
399533,0
399534,0
399535,0
399536,23
399537,0
399538,0
399539,0
399540,0
399541,0
399542,0
399543,26
399544,0
399545,0
399546,0
399547,20
399548,0
399549,0
399550,0
399551,0
399552,0
399553,0
399554,0
399555,0
399556,0
399557,0
399558,0
399559,39
399560,0
399561,0
399562,0
399563,0
399564,0
399565,0
399566,32
399567,0
399568,24
399569,0
399570,0
399571,0
399572,0
399573,0
399574,0
399575,0
399576,0
399577,33
399578,0
399579,0
399580,0
399581,0
399582,0
399583,0
399584,0
399585,17
399586,25
399587,0
399588,0
399589,0
399590,0
399591,0
399592,0
399593,27
399594,0
399595,0
399596,11
399597,27
399598,0
399599,0
399600,0
399601,0
399602,0
399603,0
399604,0
399605,0
399606,0
399607,0
399608,0
399609,0
399610,0
399611,30
399612,0
399613,0
399614,0
399615,0
399616,0
399617,21
399618,11
399619,0
399620,0
399621,0
399622,0
399623,0
399624,0
399625,0
399626,0
399627,0
399628,29
399629,13
399630,0
399631,0
399632,0
399633,0
399634,0
399635,0
399636,0
399637,0
399638,0
399639,19
399640,0
399641,0
399642,0
399643,25
399644,0
399645,0
399646,0
399647,0
399648,0
399649,23
399650,0
399651,0
399652,0
399653,18
399654,30
399655,0
399656,0
399657,0
399658,30
399659,0
399660,0
399661,22
399662,0
399663,0
399664,0
399665,0
399666,25
399667,0
399668,0
399669,0
399670,0
399671,0
399672,0
399673,0
399674,26
399675,0
399676,34
399677,0
399678,0
399679,27
399680,30
399681,0
399682,28
399683,27
399684,0
399685,0
399686,17
399687,0
399688,0
399689,22
399690,0
399691,0
399692,0
399693,0
399694,0
399695,0
399696,0
399697,0
399698,25
399699,0
399700,0
399701,0
399702,0
399703,13
399704,0
399705,0
399706,0
399707,0
399708,0
399709,0
399710,0
399711,0
399712,0
399713,0
399714,0
399715,22
399716,0
399717,0
399718,0
399719,18
399720,0
399721,0
399722,0
399723,0
399724,0
399725,0
399726,0
399727,0
399728,0
399729,0
399730,39
399731,29
399732,0
399733,41
399734,15
399735,0
399736,0
399737,0
399738,0
399739,20
399740,0
399741,0
399742,0
399743,0
399744,0
399745,0
399746,0
399747,0
399748,0
399749,0
399750,0
399751,0
399752,0
399753,0
399754,0
399755,0
399756,0
399757,0
399758,0
399759,0
399760,0
399761,0
399762,24
399763,0
399764,0
399765,0
399766,0
399767,0
399768,0
399769,0
399770,0
399771,0
399772,0
399773,0
399774,0
399775,0
399776,0
399777,0
399778,25
399779,32
399780,18
399781,0
399782,0
399783,0
399784,0
399785,0
399786,29
399787,14
399788,0
399789,0
399790,0
399791,0
399792,23
399793,0
399794,0
399795,10
399796,0
399797,0
399798,0
399799,25
399800,0
399801,0
399802,0
399803,0
399804,0
399805,0
399806,0
399807,0
399808,0
399809,0
399810,0
399811,0
399812,0
399813,0
399814,30
399815,0
399816,0
399817,24
399818,17
399819,0
399820,0
399821,0
399822,29
399823,0
399824,0
399825,0
399826,0
399827,0
399828,0
399829,0
399830,0
399831,0
399832,0
399833,0
399834,0
399835,0
399836,0
399837,28
399838,0
399839,0
399840,0
399841,29
399842,0
399843,0
399844,0
399845,0
399846,0
399847,0
399848,0
399849,0
399850,0
399851,0
399852,0
399853,0
399854,0
399855,0
399856,0
399857,0
399858,27
399859,0
399860,0
399861,15
399862,0
399863,0
399864,0
399865,28
399866,0
399867,0
399868,0
399869,0
399870,0
399871,0
399872,0
399873,0
399874,0
399875,27
399876,0
399877,0
399878,0
399879,29
399880,0
399881,0
399882,0
399883,0
399884,0
399885,0
399886,0
399887,0
399888,0
399889,0
399890,0
399891,0
399892,0
399893,0
399894,0
399895,0
399896,30
399897,0
399898,22
399899,0
399900,22
399901,24
399902,38
399903,0
399904,0
399905,0
399906,0
399907,32
399908,31
399909,0
399910,22
399911,0
399912,0
399913,24
399914,0
399915,0
399916,0
399917,0
399918,0
399919,0
399920,0
399921,0
399922,0
399923,22
399924,0
399925,0
399926,0
399927,0
399928,0
399929,0
399930,0
399931,24
399932,0
399933,0
399934,0
399935,0
399936,0
399937,0
399938,27
399939,15
399940,28
399941,29
399942,0
399943,0
399944,0
399945,0
399946,0
399947,0
399948,0
399949,19
399950,0
399951,0
399952,0
399953,27
399954,0
399955,0
399956,0
399957,20
399958,27
399959,0
399960,0
399961,0
399962,0
399963,0
399964,0
399965,0
399966,0
399967,0
399968,17
399969,22
399970,0
399971,0
399972,0
399973,0
399974,0
399975,0
399976,0
399977,0
399978,0
399979,30
399980,0
399981,0
399982,0
399983,0
399984,0
399985,23
399986,0
399987,0
399988,34
399989,0
399990,0
399991,32
399992,0
399993,0
399994,0
399995,21
399996,0
399997,0
399998,0
399999,26
400000,0
400001,23
400002,0
400003,39
400004,0
400005,0
400006,0
400007,0
400008,0
400009,0
400010,0
400011,0
400012,0
400013,0
400014,0
400015,0
400016,0
400017,0
400018,0
400019,0
400020,0
400021,0
400022,0
400023,0
400024,0
400025,0
400026,39
400027,34
400028,0
400029,0
400030,0
400031,15
400032,0
400033,0
400034,0
400035,0
400036,0
400037,0
400038,0
400039,0
400040,0
400041,0
400042,23
400043,0
400044,0
400045,0
400046,0
400047,0
400048,0
400049,0
400050,0
400051,0
400052,0
400053,0
400054,0
400055,0
400056,0
400057,0
400058,0
400059,0
400060,0
400061,0
400062,0
400063,25
400064,0
400065,0
400066,0
400067,0
400068,0
400069,0
400070,0
400071,0
400072,0
400073,0
400074,0
400075,0
400076,34
400077,29
400078,28
400079,27
400080,0
400081,0
400082,0
400083,27
400084,0
400085,20
400086,0
400087,0
400088,0
400089,0
400090,0
400091,0
400092,30
400093,0
400094,24
400095,0
400096,0
400097,0
400098,0
400099,0
400100,0
400101,31
400102,25
400103,0
400104,0
400105,20
400106,0
400107,0
400108,0
400109,0
400110,0
400111,0
400112,0
400113,0
400114,0
400115,0
400116,0
400117,0
400118,0
400119,0
400120,0
400121,0
400122,33
400123,0
400124,0
400125,24
400126,0
400127,0
400128,0
400129,0
400130,0
400131,0
400132,0
400133,24
400134,0
400135,0
400136,0
400137,24
400138,0
400139,0
400140,19
400141,0
400142,0
400143,0
400144,0
400145,0
400146,20
400147,0
400148,0
400149,0
400150,0
400151,0
400152,0
400153,16
400154,0
400155,23
400156,0
400157,26
400158,0
400159,0
400160,0
400161,30
400162,32
400163,0
400164,0
400165,0
400166,28
400167,0
400168,29
400169,0
400170,0
400171,0
400172,0
400173,24
400174,0
400175,0
400176,0
400177,0
400178,0
400179,0
400180,33
400181,0
400182,0
400183,0
400184,20
400185,0
400186,0
400187,0
400188,21
400189,0
400190,29
400191,22
400192,0
400193,20
400194,0
400195,0
400196,37
400197,22
400198,0
400199,0
400200,0
400201,0
400202,0
400203,0
400204,0
400205,0
400206,0
400207,0
400208,32
400209,52
400210,0
400211,0
400212,0
400213,23
400214,0
400215,0
400216,0
400217,22
400218,0
400219,0
400220,0
400221,0
400222,35
400223,0
400224,0
400225,0
400226,0
400227,0
400228,0
400229,0
400230,21
400231,17
400232,0
400233,0
400234,30
400235,0
400236,0
400237,0
400238,0
400239,0
400240,0
400241,31
400242,0
400243,0
400244,0
400245,0
400246,0
400247,0
400248,36
400249,0
400250,0
400251,0
400252,28
400253,0
400254,0
400255,0
400256,0
400257,0
400258,0
400259,0
400260,0
400261,0
400262,0
400263,26
400264,0
400265,0
400266,0
400267,0
400268,0
400269,28
400270,28
400271,39
400272,26
400273,0
400274,0
400275,20
400276,0
400277,0
400278,29
400279,0
400280,29
400281,0
400282,0
400283,0
400284,38
400285,0
400286,27
400287,0
400288,0
400289,0
400290,0
400291,0
400292,0
400293,0
400294,30
400295,0
400296,38
400297,0
400298,35
400299,0
400300,0
400301,34
400302,47
400303,0
400304,24
400305,0
400306,0
400307,0
400308,34
400309,25
400310,28
400311,0
400312,23
400313,0
400314,0
400315,0
400316,0
400317,0
400318,0
400319,0
400320,0
400321,0
400322,0
400323,36
400324,0
400325,29
400326,0
400327,0
400328,0
400329,0
400330,0
400331,0
400332,0
400333,0
400334,0
400335,0
400336,0
400337,0
400338,39
400339,0
400340,0
400341,0
400342,0
400343,0
400344,0
400345,19
400346,0
400347,0
400348,0
400349,29
400350,0
400351,37
400352,0
400353,0
400354,0
400355,0
400356,0
400357,40
400358,0
400359,0
400360,0
400361,0
400362,0
400363,0
400364,26
400365,0
400366,23
400367,0
400368,0
400369,23
400370,0
400371,29
400372,0
400373,28
400374,0
400375,0
400376,0
400377,0
400378,36
400379,38
400380,0
400381,0
400382,0
400383,0
400384,0
400385,0
400386,0
400387,0
400388,0
400389,0
400390,0
400391,0
400392,19
400393,0
400394,21
400395,0
400396,0
400397,0
400398,0
400399,29
400400,26
400401,0
400402,0
400403,0
400404,0
400405,29
400406,0
400407,0
400408,36
400409,25
400410,31
400411,0
400412,0
400413,0
400414,0
400415,0
400416,0
400417,0
400418,0
400419,21
400420,37
400421,0
400422,0
400423,0
400424,0
400425,0
400426,0
400427,32
400428,0
400429,37
400430,0
400431,0
400432,30
400433,0
400434,24
400435,0
400436,0
400437,0
400438,0
400439,26
400440,0
400441,0
400442,30
400443,31
400444,40
400445,24
400446,0
400447,0
400448,0
400449,27
400450,0
400451,22
400452,0
400453,0
400454,0
400455,0
400456,43
400457,30
400458,26
400459,0
400460,0
400461,0
400462,0
400463,0
400464,0
400465,0
400466,27
400467,0
400468,0
400469,0
400470,31
400471,0
400472,0
400473,0
400474,0
400475,0
400476,31
400477,0
400478,0
400479,25
400480,0
400481,0
400482,0
400483,0
400484,0
400485,25
400486,0
400487,0
400488,0
400489,0
400490,0
400491,0
400492,0
400493,0
400494,25
400495,0
400496,0
400497,0
400498,29
400499,0
400500,26
400501,20
400502,0
400503,28
400504,0
400505,0
400506,0
400507,27
400508,24
400509,0
400510,0
400511,0
400512,0
400513,0
400514,0
400515,0
400516,0
400517,0
400518,0
400519,0
400520,0
400521,25
400522,44
400523,0
400524,0
400525,0
400526,0
400527,28
400528,0
400529,0
400530,0
400531,0
400532,36
400533,26
400534,0
400535,15
400536,0
400537,0
400538,23
400539,27
400540,31
400541,0
400542,0
400543,0
400544,0
400545,0
400546,0
400547,0
400548,0
400549,27
400550,0
400551,46
400552,0
400553,27
400554,0
400555,0
400556,0
400557,0
400558,0
400559,0
400560,29
400561,17
400562,0
400563,29
400564,0
400565,0
400566,0
400567,0
400568,0
400569,0
400570,0
400571,32
400572,0
400573,0
400574,0
400575,0
400576,0
400577,17
400578,0
400579,0
400580,0
400581,0
400582,0
400583,27
400584,0
400585,0
400586,0
400587,0
400588,0
400589,0
400590,35
400591,0
400592,0
400593,0
400594,0
400595,0
400596,0
400597,0
400598,0
400599,17
400600,0
400601,29
400602,0
400603,0
400604,0
400605,0
400606,0
400607,0
400608,0
400609,23
400610,0
400611,0
400612,0
400613,0
400614,13
400615,41
400616,23
400617,0
400618,0
400619,0
400620,0
400621,37
400622,0
400623,0
400624,0
400625,0
400626,0
400627,0
400628,0
400629,27
400630,34
400631,0
400632,29
400633,0
400634,0
400635,0
400636,42
400637,0
400638,0
400639,18
400640,34
400641,32
400642,34
400643,0
400644,0
400645,31
400646,0
400647,0
400648,0
400649,0
400650,20
400651,0
400652,35
400653,34
400654,0
400655,0
400656,0
400657,0
400658,0
400659,0
400660,0
400661,47
400662,0
400663,0
400664,0
400665,45
400666,0
400667,0
400668,0
400669,0
400670,0
400671,0
400672,0
400673,0
400674,29
400675,33
400676,0
400677,0
400678,0
400679,32
400680,0
400681,0
400682,34
400683,0
400684,0
400685,43
400686,0
400687,0
400688,0
400689,0
400690,36
400691,0
400692,0
400693,0
400694,0
400695,0
400696,0
400697,0
400698,0
400699,0
400700,0
400701,0
400702,0
400703,0
400704,24
400705,0
400706,0
400707,0
400708,0
400709,0
400710,0
400711,0
400712,51
400713,0
400714,0
400715,0
400716,28
400717,0
400718,0
400719,0
400720,0
400721,0
400722,0
400723,0
400724,0
400725,0
400726,45
400727,0
400728,0
400729,43
400730,0
400731,0
400732,0
400733,0
400734,0
400735,0
400736,50
400737,0
400738,0
400739,0
400740,0
400741,0
400742,0
400743,0
400744,29
400745,29
400746,0
400747,0
400748,0
400749,0
400750,0
400751,0
400752,0
400753,0
400754,33
400755,47
400756,36
400757,0
400758,0
400759,0
400760,43
400761,0
400762,38
400763,31
400764,0
400765,0
400766,34
400767,0
400768,0
400769,0
400770,37
400771,0
400772,0
400773,0
400774,0
400775,0
400776,30
400777,0
400778,0
400779,32
400780,0
400781,0
400782,0
400783,32
400784,0
400785,0
400786,0
400787,0
400788,0
400789,0
400790,0
400791,18
400792,0
400793,0
400794,0
400795,0
400796,0
400797,31
400798,0
400799,0
400800,36
400801,0
400802,0
400803,0
400804,59
400805,0
400806,0
400807,0
400808,0
400809,0
400810,50
400811,0
400812,0
400813,0
400814,0
400815,0
400816,0
400817,26
400818,0
400819,0
400820,0
400821,0
400822,0
400823,0
400824,0
400825,0
400826,0
400827,0
400828,0
400829,0
400830,0
400831,0
400832,0
400833,0
400834,0
400835,0
400836,0
400837,0
400838,0
400839,0
400840,30
400841,0
400842,0
400843,0
400844,0
400845,0
400846,26
400847,0
400848,34
400849,0
400850,0
400851,0
400852,0
400853,0
400854,35
400855,0
400856,42
400857,37
400858,0
400859,0
400860,0
400861,0
400862,0
400863,0
400864,0
400865,35
400866,0
400867,22
400868,42
400869,0
400870,0
400871,30
400872,0
400873,39
400874,0
400875,43
400876,0
400877,35
400878,0
400879,0
400880,35
400881,0
400882,29
400883,0
400884,0
400885,0
400886,60
400887,0
400888,33
400889,23
400890,0
400891,0
400892,37
400893,44
400894,0
400895,38
400896,0
400897,0
400898,0
400899,0
400900,0
400901,36
400902,0
400903,29
400904,30
400905,27
400906,0
400907,0
400908,0
400909,0
400910,0
400911,25
400912,0
400913,25
400914,0
400915,0
400916,0
400917,24
400918,29
400919,0
400920,32
400921,27
400922,0
400923,0
400924,39
400925,34
400926,26
400927,31
400928,46
400929,0
400930,0
400931,20
400932,40
400933,0
400934,0
400935,0
400936,0
400937,0
400938,0
400939,24
400940,0
400941,0
400942,44
400943,0
400944,38
400945,0
400946,0
400947,0
400948,44
400949,35
400950,0
400951,0
400952,44
400953,0
400954,0
400955,44
400956,0
400957,0
400958,0
400959,0
400960,0
400961,23
400962,0
400963,0
400964,0
400965,0
400966,0
400967,0
400968,0
400969,0
400970,0
400971,0
400972,35
400973,29
400974,0
400975,0
400976,31
400977,33
400978,0
400979,27
400980,32
400981,0
400982,35
400983,0
400984,0
400985,0
400986,23
400987,0
400988,0
400989,0
400990,0
400991,0
400992,0
400993,37
400994,0
400995,21
400996,0
400997,0
400998,0
400999,0
401000,0
401001,0
401002,0
401003,0
401004,0
401005,50
401006,0
401007,0
401008,29
401009,0
401010,38
401011,0
401012,0
401013,48
401014,0
401015,0
401016,0
401017,0
401018,0
401019,0
401020,0
401021,0
401022,0
401023,0
401024,48
401025,0
401026,0
401027,0
401028,0
401029,0
401030,0
401031,0
401032,0
401033,0
401034,0
401035,34
401036,0
401037,35
401038,0
401039,42
401040,0
401041,0
401042,0
401043,0
401044,0
401045,0
401046,0
401047,0
401048,34
401049,0
401050,27
401051,0
401052,0
401053,0
401054,0
401055,0
401056,30
401057,0
401058,0
401059,0
401060,0
401061,0
401062,0
401063,0
401064,55
401065,0
401066,0
401067,34
401068,20
401069,0
401070,0
401071,0
401072,0
401073,0
401074,0
401075,0
401076,0
401077,0
401078,0
401079,29
401080,0
401081,0
401082,0
401083,0
401084,0
401085,0
401086,0
401087,0
401088,0
401089,0
401090,0
401091,0
401092,0
401093,0
401094,0
401095,0
401096,34
401097,0
401098,0
401099,0
401100,0
401101,30
401102,0
401103,0
401104,0
401105,39
401106,36
401107,34
401108,0
401109,0
401110,0
401111,43
401112,0
401113,0
401114,0
401115,0
401116,27
401117,38
401118,0
401119,0
401120,0
401121,0
401122,0
401123,0
401124,0
401125,0
401126,0
401127,0
401128,39
401129,0
401130,22
401131,0
401132,0
401133,31
401134,0
401135,0
401136,0
401137,0
401138,0
401139,0
401140,0
401141,0
401142,0
401143,0
401144,0
401145,0
401146,0
401147,0
401148,0
401149,0
401150,0
401151,0
401152,37
401153,0
401154,0
401155,0
401156,0
401157,0
401158,0
401159,0
401160,21
401161,0
401162,41
401163,0
401164,0
401165,31
401166,0
401167,0
401168,0
401169,50
401170,0
401171,0
401172,23
401173,0
401174,0
401175,0
401176,0
401177,0
401178,35
401179,35
401180,0
401181,0
401182,0
401183,0
401184,0
401185,0
401186,0
401187,0
401188,0
401189,0
401190,0
401191,0
401192,0
401193,0
401194,0
401195,0
401196,0
401197,0
401198,7
401199,0
401200,6
401201,0
401202,0
401203,0
401204,7
401205,0
401206,0
401207,0
401208,0
401209,13
401210,0
401211,0
401212,0
401213,0
401214,0
401215,0
401216,0
401217,0
401218,8
401219,0
401220,6
401221,13
401222,7
401223,0
401224,11
401225,0
401226,13
401227,0
401228,0
401229,0
401230,6
401231,0
401232,0
401233,0
401234,11
401235,0
401236,13
401237,0
401238,0
401239,0
401240,9
401241,0
401242,13
401243,8
401244,0
401245,0
401246,0
401247,0
401248,0
401249,7
401250,0
401251,0
401252,0
401253,0
401254,0
401255,6
401256,0
401257,0
401258,4
401259,0
401260,0
401261,0
401262,0
401263,11
401264,0
401265,9
401266,0
401267,0
401268,11
401269,0
401270,0
401271,0
401272,13
401273,0
401274,0
401275,0
401276,10
401277,9
401278,0
401279,0
401280,0
401281,11
401282,2
401283,0
401284,0
401285,7
401286,0
401287,0
401288,0
401289,0
401290,0
401291,10
401292,0
401293,18
401294,0
401295,0
401296,0
401297,7
401298,0
401299,0
401300,0
401301,0
401302,6
401303,0
401304,0
401305,0
401306,0
401307,0
401308,0
401309,7
401310,0
401311,7
401312,0
401313,0
401314,13
401315,0
401316,5
401317,0
401318,0
401319,0
401320,0
401321,6
401322,0
401323,12
401324,0
401325,0
401326,2
401327,0
401328,0
401329,11
401330,13
401331,0
401332,0
401333,8
401334,0
401335,5
401336,5
401337,0
401338,0
401339,11
401340,0
401341,0
401342,0
401343,14
401344,0
401345,0
401346,10
401347,0
401348,0
401349,0
401350,0
401351,0
401352,0
401353,10
401354,11
401355,0
401356,0
401357,0
401358,0
401359,0
401360,0
401361,0
401362,8
401363,0
401364,0
401365,0
401366,0
401367,2
401368,0
401369,0
401370,12
401371,6
401372,0
401373,12
401374,12
401375,12
401376,0
401377,8
401378,0
401379,0
401380,0
401381,0
401382,0
401383,0
401384,0
401385,0
401386,0
401387,11
401388,0
401389,7
401390,0
401391,0
401392,0
401393,23
401394,13
401395,9
401396,0
401397,14
401398,0
401399,0
401400,0
401401,0
401402,0
401403,0
401404,0
401405,0
401406,0
401407,0
401408,15
401409,6
401410,0
401411,9
401412,0
401413,13
401414,8
401415,10
401416,5
401417,10
401418,0
401419,0
401420,0
401421,0
401422,0
401423,0
401424,0
401425,0
401426,0
401427,0
401428,5
401429,0
401430,0
401431,0
401432,0
401433,0
401434,0
401435,0
401436,0
401437,0
401438,0
401439,0
401440,0
401441,0
401442,7
401443,19
401444,0
401445,0
401446,0
401447,5
401448,11
401449,0
401450,0
401451,0
401452,0
401453,11
401454,0
401455,0
401456,6
401457,0
401458,9
401459,0
401460,0
401461,0
401462,0
401463,0
401464,15
401465,0
401466,0
401467,11
401468,0
401469,0
401470,0
401471,9
401472,0
401473,10
401474,0
401475,0
401476,0
401477,0
401478,0
401479,0
401480,0
401481,0
401482,0
401483,0
401484,15
401485,0
401486,0
401487,0
401488,0
401489,0
401490,0
401491,12
401492,0
401493,0
401494,0
401495,0
401496,0
401497,0
401498,9
401499,5
401500,0
401501,0
401502,14
401503,0
401504,0
401505,0
401506,0
401507,18
401508,0
401509,0
401510,0
401511,0
401512,0
401513,0
401514,0
401515,0
401516,0
401517,0
401518,0
401519,0
401520,0
401521,10
401522,0
401523,0
401524,0
401525,0
401526,0
401527,0
401528,0
401529,11
401530,7
401531,0
401532,0
401533,8
401534,8
401535,0
401536,0
401537,0
401538,0
401539,0
401540,0
401541,0
401542,0
401543,8
401544,0
401545,0
401546,0
401547,0
401548,11
401549,0
401550,0
401551,0
401552,7
401553,0
401554,10
401555,0
401556,0
401557,11
401558,11
401559,0
401560,0
401561,0
401562,0
401563,21
401564,0
401565,0
401566,18
401567,0
401568,0
401569,19
401570,0
401571,0
401572,0
401573,0
401574,0
401575,0
401576,20
401577,0
401578,20
401579,21
401580,0
401581,0
401582,33
401583,0
401584,0
401585,0
401586,0
401587,0
401588,0
401589,0
401590,0
401591,0
401592,0
401593,0
401594,0
401595,23
401596,14
401597,0
401598,0
401599,18
401600,0
401601,36
401602,0
401603,0
401604,0
401605,0
401606,0
401607,8
401608,22
401609,0
401610,0
401611,0
401612,0
401613,0
401614,0
401615,0
401616,0
401617,0
401618,0
401619,0
401620,0
401621,28
401622,0
401623,0
401624,0
401625,0
401626,0
401627,0
401628,0
401629,0
401630,0
401631,0
401632,0
401633,21
401634,8
401635,0
401636,24
401637,0
401638,0
401639,0
401640,0
401641,0
401642,0
401643,0
401644,0
401645,41
401646,0
401647,0
401648,0
401649,0
401650,29
401651,17
401652,19
401653,0
401654,0
401655,0
401656,0
401657,0
401658,25
401659,0
401660,17
401661,0
401662,0
401663,0
401664,0
401665,0
401666,0
401667,0
401668,0
401669,0
401670,0
401671,0
401672,0
401673,0
401674,0
401675,0
401676,25
401677,0
401678,0
401679,16
401680,12
401681,0
401682,0
401683,0
401684,0
401685,0
401686,0
401687,0
401688,0
401689,0
401690,0
401691,29
401692,17
401693,15
401694,0
401695,20
401696,0
401697,0
401698,0
401699,0
401700,0
401701,0
401702,0
401703,0
401704,0
401705,11
401706,0
401707,0
401708,0
401709,0
401710,0
401711,0
401712,0
401713,0
401714,0
401715,0
401716,0
401717,0
401718,0
401719,29
401720,0
401721,0
401722,0
401723,0
401724,30
401725,0
401726,0
401727,0
401728,0
401729,0
401730,0
401731,0
401732,0
401733,0
401734,29
401735,25
401736,0
401737,0
401738,42
401739,0
401740,0
401741,0
401742,31
401743,0
401744,0
401745,0
401746,0
401747,0
401748,24
401749,0
401750,0
401751,0
401752,0
401753,0
401754,0
401755,0
401756,0
401757,0
401758,0
401759,0
401760,0
401761,0
401762,0
401763,0
401764,0
401765,0
401766,0
401767,0
401768,34
401769,0
401770,0
401771,0
401772,0
401773,0
401774,0
401775,0
401776,0
401777,0
401778,0
401779,20
401780,0
401781,0
401782,39
401783,44
401784,0
401785,0
401786,0
401787,0
401788,0
401789,0
401790,0
401791,0
401792,0
401793,0
401794,27
401795,0
401796,0
401797,0
401798,0
401799,0
401800,0
401801,0
401802,0
401803,0
401804,29
401805,32
401806,0
401807,0
401808,0
401809,0
401810,44
401811,31
401812,0
401813,0
401814,0
401815,0
401816,0
401817,0
401818,45
401819,37
401820,0
401821,0
401822,0
401823,0
401824,15
401825,0
401826,0
401827,0
401828,0
401829,0
401830,0
401831,0
401832,0
401833,46
401834,30
401835,21
401836,40
401837,0
401838,0
401839,0
401840,0
401841,0
401842,0
401843,0
401844,0
401845,0
401846,0
401847,0
401848,0
401849,0
401850,0
401851,20
401852,0
401853,0
401854,29
401855,0
401856,0
401857,0
401858,0
401859,25
401860,17
401861,0
401862,23
401863,0
401864,0
401865,0
401866,26
401867,0
401868,19
401869,33
401870,0
401871,0
401872,0
401873,0
401874,41
401875,0
401876,0
401877,0
401878,0
401879,39
401880,0
401881,0
401882,28
401883,0
401884,0
401885,0
401886,0
401887,0
401888,0
401889,0
401890,26
401891,33
401892,0
401893,0
401894,0
401895,36
401896,0
401897,0
401898,0
401899,0
401900,0
401901,19
401902,35
401903,0
401904,0
401905,39
401906,0
401907,26
401908,0
401909,0
401910,31
401911,26
401912,34
401913,0
401914,0
401915,36
401916,0
401917,40
401918,0
401919,0
401920,0
401921,0
401922,0
401923,45
401924,0
401925,0
401926,27
401927,0
401928,35
401929,0
401930,25
401931,0
401932,0
401933,42
401934,0
401935,26
401936,0
401937,35
401938,0
401939,0
401940,0
401941,0
401942,20
401943,0
401944,35
401945,0
401946,0
401947,0
401948,23
401949,0
401950,0
401951,0
401952,31
401953,0
401954,0
401955,0
401956,0
401957,37
401958,0
401959,0
401960,34
401961,26
401962,0
401963,0
401964,0
401965,0
401966,0
401967,0
401968,0
401969,0
401970,15
401971,0
401972,0
401973,0
401974,20
401975,0
401976,0
401977,0
401978,0
401979,0
401980,0
401981,38
401982,0
401983,0
401984,0
401985,0
401986,0
401987,0
401988,35
401989,0
401990,0
401991,31
401992,0
401993,0
401994,0
401995,0
401996,0
401997,0
401998,0
401999,0
402000,0
402001,0
402002,0
402003,0
402004,0
402005,0
402006,0
402007,0
402008,21
402009,0
402010,0
402011,32
402012,0
402013,0
402014,0
402015,0
402016,33
402017,0
402018,0
402019,0
402020,0
402021,0
402022,0
402023,28
402024,0
402025,0
402026,0
402027,0
402028,0
402029,0
402030,0
402031,0
402032,0
402033,0
402034,0
402035,0
402036,0
402037,0
402038,0
402039,0
402040,0
402041,0
402042,0
402043,0
402044,0
402045,0
402046,23
402047,0
402048,32
402049,42
402050,0
402051,26
402052,0
402053,0
402054,30
402055,0
402056,51
402057,0
402058,37
402059,0
402060,0
402061,0
402062,0
402063,0
402064,0
402065,0
402066,0
402067,38
402068,0
402069,0
402070,0
402071,0
402072,0
402073,0
402074,0
402075,43
402076,0
402077,19
402078,0
402079,0
402080,0
402081,32
402082,0
402083,0
402084,24
402085,0
402086,0
402087,0
402088,0
402089,0
402090,32
402091,40
402092,0
402093,0
402094,0
402095,0
402096,28
402097,0
402098,0
402099,0
402100,0
402101,0
402102,25
402103,0
402104,0
402105,0
402106,0
402107,0
402108,0
402109,0
402110,0
402111,0
402112,0
402113,27
402114,0
402115,0
402116,0
402117,44
402118,24
402119,0
402120,0
402121,25
402122,0
402123,0
402124,0
402125,0
402126,30
402127,0
402128,0
402129,0
402130,0
402131,0
402132,0
402133,0
402134,39
402135,0
402136,0
402137,0
402138,0
402139,0
402140,0
402141,0
402142,0
402143,0
402144,0
402145,0
402146,0
402147,34
402148,31
402149,35
402150,0
402151,0
402152,0
402153,0
402154,37
402155,0
402156,0
402157,0
402158,0
402159,0
402160,0
402161,0
402162,48
402163,0
402164,25
402165,0
402166,0
402167,0
402168,0
402169,28
402170,0
402171,33
402172,41
402173,20
402174,0
402175,30
402176,0
402177,0
402178,0
402179,0
402180,0
402181,0
402182,0
402183,0
402184,0
402185,0
402186,24
402187,27
402188,0
402189,0
402190,0
402191,0
402192,0
402193,0
402194,0
402195,0
402196,0
402197,28
402198,0
402199,42
402200,43
402201,0
402202,0
402203,41
402204,0
402205,0
402206,0
402207,0
402208,0
402209,0
402210,0
402211,0
402212,0
402213,0
402214,0
402215,0
402216,31
402217,31
402218,0
402219,0
402220,0
402221,0
402222,0
402223,50
402224,0
402225,0
402226,26
402227,31
402228,0
402229,0
402230,36
402231,0
402232,33
402233,0
402234,0
402235,0
402236,0
402237,39
402238,0
402239,0
402240,17
402241,0
402242,0
402243,0
402244,0
402245,0
402246,25
402247,0
402248,33
402249,0
402250,0
402251,0
402252,0
402253,0
402254,25
402255,0
402256,0
402257,32
402258,0
402259,0
402260,0
402261,0
402262,38
402263,0
402264,0
402265,0
402266,37
402267,48
402268,0
402269,0
402270,0
402271,0
402272,0
402273,0
402274,0
402275,0
402276,0
402277,0
402278,0
402279,0
402280,0
402281,0
402282,0
402283,0
402284,0
402285,0
402286,0
402287,0
402288,0
402289,0
402290,35
402291,27
402292,0
402293,0
402294,0
402295,0
402296,0
402297,0
402298,0
402299,0
402300,0
402301,0
402302,0
402303,0
402304,0
402305,0
402306,0
402307,27
402308,0
402309,0
402310,0
402311,0
402312,11
402313,38
402314,0
402315,0
402316,0
402317,0
402318,27
402319,0
402320,0
402321,23
402322,0
402323,0
402324,0
402325,0
402326,30
402327,0
402328,0
402329,0
402330,27
402331,0
402332,0
402333,0
402334,0
402335,0
402336,0
402337,41
402338,34
402339,0
402340,0
402341,0
402342,0
402343,0
402344,30
402345,0
402346,25
402347,0
402348,0
402349,0
402350,0
402351,0
402352,0
402353,30
402354,32
402355,20
402356,0
402357,30
402358,26
402359,0
402360,0
402361,0
402362,0
402363,0
402364,27
402365,0
402366,32
402367,0
402368,0
402369,25
402370,0
402371,0
402372,0
402373,33
402374,0
402375,33
402376,0
402377,29
402378,0
402379,0
402380,0
402381,49
402382,0
402383,0
402384,0
402385,35
402386,0
402387,29
402388,28
402389,0
402390,0
402391,0
402392,0
402393,0
402394,0
402395,0
402396,0
402397,0
402398,35
402399,34
402400,0
402401,38
402402,0
402403,0
402404,0
402405,0
402406,0
402407,0
402408,0
402409,0
402410,0
402411,0
402412,39
402413,0
402414,54
402415,0
402416,0
402417,0
402418,39
402419,36
402420,23
402421,0
402422,0
402423,0
402424,0
402425,28
402426,35
402427,0
402428,0
402429,37
402430,0
402431,0
402432,0
402433,0
402434,0
402435,0
402436,23
402437,0
402438,0
402439,30
402440,0
402441,0
402442,31
402443,0
402444,0
402445,33
402446,26
402447,0
402448,23
402449,0
402450,0
402451,0
402452,0
402453,0
402454,0
402455,0
402456,0
402457,33
402458,0
402459,0
402460,0
402461,0
402462,0
402463,0
402464,0
402465,0
402466,0
402467,29
402468,0
402469,0
402470,0
402471,46
402472,36
402473,0
402474,0
402475,0
402476,0
402477,0
402478,0
402479,0
402480,0
402481,0
402482,33
402483,0
402484,0
402485,0
402486,0
402487,0
402488,0
402489,26
402490,0
402491,0
402492,27
402493,0
402494,35
402495,0
402496,0
402497,0
402498,0
402499,0
402500,25
402501,33
402502,0
402503,0
402504,0
402505,0
402506,0
402507,0
402508,0
402509,0
402510,38
402511,0
402512,0
402513,0
402514,0
402515,0
402516,0
402517,26
402518,0
402519,0
402520,0
402521,0
402522,0
402523,42
402524,0
402525,0
402526,26
402527,44
402528,0
402529,0
402530,0
402531,0
402532,0
402533,0
402534,0
402535,0
402536,0
402537,0
402538,0
402539,0
402540,0
402541,0
402542,0
402543,0
402544,0
402545,0
402546,0
402547,0
402548,0
402549,0
402550,32
402551,25
402552,0
402553,0
402554,0
402555,0
402556,0
402557,0
402558,0
402559,0
402560,27
402561,0
402562,0
402563,28
402564,0
402565,0
402566,26
402567,0
402568,39
402569,0
402570,18
402571,0
402572,0
402573,0
402574,30
402575,0
402576,0
402577,29
402578,0
402579,0
402580,0
402581,27
402582,0
402583,0
402584,34
402585,0
402586,0
402587,0
402588,21
402589,0
402590,37
402591,0
402592,0
402593,39
402594,0
402595,0
402596,30
402597,0
402598,0
402599,43
402600,33
402601,0
402602,0
402603,29
402604,0
402605,0
402606,41
402607,23
402608,0
402609,0
402610,0
402611,0
402612,0
402613,0
402614,34
402615,0
402616,0
402617,0
402618,0
402619,0
402620,29
402621,0
402622,0
402623,0
402624,0
402625,0
402626,0
402627,0
402628,0
402629,0
402630,27
402631,0
402632,27
402633,0
402634,0
402635,0
402636,31
402637,34
402638,0
402639,0
402640,0
402641,0
402642,0
402643,0
402644,0
402645,0
402646,0
402647,0
402648,0
402649,0
402650,0
402651,35
402652,0
402653,42
402654,0
402655,0
402656,0
402657,0
402658,31
402659,0
402660,0
402661,0
402662,0
402663,0
402664,0
402665,42
402666,40
402667,0
402668,45
402669,0
402670,22
402671,0
402672,0
402673,36
402674,0
402675,0
402676,0
402677,33
402678,0
402679,0
402680,0
402681,0
402682,38
402683,0
402684,0
402685,0
402686,36
402687,0
402688,0
402689,0
402690,40
402691,0
402692,0
402693,0
402694,32
402695,0
402696,0
402697,0
402698,0
402699,0
402700,0
402701,0
402702,0
402703,0
402704,0
402705,0
402706,0
402707,0
402708,29
402709,37
402710,0
402711,0
402712,0
402713,0
402714,0
402715,33
402716,26
402717,0
402718,0
402719,0
402720,0
402721,0
402722,0
402723,0
402724,0
402725,26
402726,34
402727,0
402728,35
402729,0
402730,0
402731,0
402732,0
402733,0
402734,0
402735,0
402736,0
402737,0
402738,39
402739,0
402740,0
402741,0
402742,0
402743,0
402744,40
402745,0
402746,0
402747,0
402748,0
402749,0
402750,0
402751,0
402752,0
402753,0
402754,0
402755,0
402756,35
402757,0
402758,0
402759,0
402760,0
402761,0
402762,0
402763,0
402764,34
402765,0
402766,0
402767,0
402768,40
402769,0
402770,0
402771,0
402772,0
402773,0
402774,0
402775,0
402776,0
402777,0
402778,0
402779,0
402780,29
402781,0
402782,0
402783,0
402784,0
402785,0
402786,0
402787,37
402788,0
402789,0
402790,0
402791,0
402792,42
402793,0
402794,20
402795,0
402796,0
402797,0
402798,0
402799,0
402800,0
402801,0
402802,31
402803,0
402804,24
402805,0
402806,0
402807,0
402808,0
402809,0
402810,17
402811,0
402812,0
402813,0
402814,18
402815,0
402816,0
402817,0
402818,6
402819,0
402820,0
402821,0
402822,0
402823,0
402824,17
402825,0
402826,0
402827,0
402828,0
402829,0
402830,0
402831,16
402832,0
402833,0
402834,0
402835,0
402836,0
402837,0
402838,0
402839,0
402840,0
402841,13
402842,17
402843,0
402844,0
402845,0
402846,0
402847,0
402848,0
402849,0
402850,0
402851,0
402852,0
402853,0
402854,0
402855,0
402856,0
402857,0
402858,0
402859,0
402860,0
402861,0
402862,0
402863,0
402864,20
402865,28
402866,0
402867,0
402868,0
402869,0
402870,0
402871,0
402872,0
402873,0
402874,0
402875,18
402876,0
402877,0
402878,0
402879,0
402880,19
402881,0
402882,0
402883,0
402884,0
402885,0
402886,9
402887,0
402888,17
402889,0
402890,8
402891,16
402892,0
402893,0
402894,0
402895,0
402896,5
402897,0
402898,0
402899,0
402900,0
402901,0
402902,8
402903,0
402904,0
402905,8
402906,0
402907,0
402908,0
402909,0
402910,0
402911,0
402912,0
402913,0
402914,0
402915,0
402916,0
402917,0
402918,0
402919,0
402920,0
402921,0
402922,0
402923,16
402924,0
402925,0
402926,0
402927,0
402928,14
402929,0
402930,0
402931,0
402932,0
402933,0
402934,0
402935,0
402936,0
402937,17
402938,0
402939,0
402940,17
402941,0
402942,0
402943,0
402944,13
402945,0
402946,14
402947,0
402948,0
402949,0
402950,0
402951,0
402952,0
402953,16
402954,0
402955,5
402956,0
402957,0
402958,0
402959,0
402960,11
402961,0
402962,0
402963,10
402964,0
402965,0
402966,0
402967,19
402968,20
402969,0
402970,0
402971,0
402972,0
402973,0
402974,0
402975,0
402976,0
402977,0
402978,0
402979,0
402980,0
402981,0
402982,0
402983,0
402984,0
402985,0
402986,0
402987,16
402988,0
402989,0
402990,0
402991,13
402992,0
402993,0
402994,0
402995,0
402996,0
402997,10
402998,0
402999,0
403000,18
403001,0
403002,0
403003,0
403004,0
403005,0
403006,0
403007,0
403008,16
403009,0
403010,0
403011,14
403012,0
403013,0
403014,0
403015,0
403016,16
403017,0
403018,0
403019,0
403020,0
403021,0
403022,0
403023,0
403024,0
403025,0
403026,0
403027,0
403028,0
403029,15
403030,0
403031,18
403032,0
403033,0
403034,0
403035,0
403036,0
403037,0
403038,10
403039,0
403040,11
403041,0
403042,0
403043,0
403044,0
403045,0
403046,0
403047,0
403048,0
403049,0
403050,0
403051,0
403052,0
403053,0
403054,0
403055,0
403056,0
403057,0
403058,0
403059,27
403060,0
403061,0
403062,0
403063,0
403064,0
403065,0
403066,0
403067,0
403068,0
403069,0
403070,0
403071,0
403072,0
403073,0
403074,0
403075,0
403076,0
403077,0
403078,0
403079,26
403080,28
403081,0
403082,0
403083,0
403084,0
403085,0
403086,0
403087,0
403088,0
403089,0
403090,0
403091,18
403092,29
403093,0
403094,0
403095,0
403096,0
403097,0
403098,0
403099,0
403100,0
403101,0
403102,0
403103,0
403104,0
403105,18
403106,0
403107,0
403108,16
403109,0
403110,0
403111,0
403112,0
403113,0
403114,0
403115,0
403116,0
403117,0
403118,0
403119,0
403120,0
403121,0
403122,0
403123,0
403124,0
403125,0
403126,0
403127,0
403128,0
403129,21
403130,0
403131,0
403132,29
403133,0
403134,0
403135,0
403136,0
403137,23
403138,0
403139,0
403140,0
403141,0
403142,0
403143,0
403144,0
403145,0
403146,0
403147,19
403148,0
403149,0
403150,0
403151,0
403152,0
403153,0
403154,0
403155,0
403156,24
403157,0
403158,0
403159,0
403160,0
403161,0
403162,0
403163,0
403164,0
403165,0
403166,0
403167,0
403168,0
403169,0
403170,0
403171,0
403172,0
403173,0
403174,26
403175,0
403176,0
403177,23
403178,0
403179,0
403180,0
403181,0
403182,0
403183,0
403184,0
403185,0
403186,28
403187,0
403188,0
403189,23
403190,0
403191,0
403192,0
403193,0
403194,0
403195,0
403196,0
403197,0
403198,22
403199,0
403200,0
403201,0
403202,0
403203,0
403204,0
403205,0
403206,19
403207,0
403208,0
403209,20
403210,0
403211,0
403212,0
403213,0
403214,33
403215,0
403216,0
403217,0
403218,22
403219,0
403220,0
403221,0
403222,0
403223,0
403224,26
403225,36
403226,0
403227,0
403228,0
403229,17
403230,0
403231,0
403232,0
403233,0
403234,40
403235,0
403236,0
403237,0
403238,0
403239,0
403240,0
403241,0
403242,0
403243,0
403244,0
403245,0
403246,0
403247,0
403248,27
403249,0
403250,0
403251,0
403252,0
403253,0
403254,0
403255,0
403256,0
403257,0
403258,0
403259,0
403260,0
403261,0
403262,0
403263,0
403264,0
403265,0
403266,29
403267,0
403268,0
403269,0
403270,22
403271,0
403272,0
403273,0
403274,0
403275,0
403276,22
403277,0
403278,0
403279,0
403280,0
403281,0
403282,0
403283,33
403284,27
403285,0
403286,0
403287,0
403288,0
403289,0
403290,0
403291,0
403292,0
403293,0
403294,0
403295,21
403296,0
403297,0
403298,0
403299,0
403300,0
403301,0
403302,0
403303,0
403304,0
403305,0
403306,0
403307,0
403308,0
403309,0
403310,39
403311,0
403312,0
403313,0
403314,0
403315,0
403316,25
403317,0
403318,0
403319,0
403320,0
403321,0
403322,0
403323,0
403324,0
403325,0
403326,0
403327,0
403328,0
403329,0
403330,0
403331,0
403332,0
403333,0
403334,0
403335,0
403336,0
403337,0
403338,28
403339,0
403340,28
403341,0
403342,0
403343,0
403344,0
403345,0
403346,0
403347,0
403348,0
403349,0
403350,0
403351,0
403352,0
403353,0
403354,0
403355,0
403356,0
403357,0
403358,0
403359,22
403360,0
403361,0
403362,16
403363,0
403364,0
403365,0
403366,0
403367,0
403368,0
403369,19
403370,0
403371,0
403372,0
403373,0
403374,0
403375,35
403376,0
403377,0
403378,0
403379,0
403380,0
403381,0
403382,0
403383,0
403384,0
403385,0
403386,0
403387,0
403388,0
403389,0
403390,23
403391,0
403392,0
403393,0
403394,0
403395,0
403396,0
403397,0
403398,0
403399,0
403400,0
403401,0
403402,0
403403,0
403404,0
403405,0
403406,0
403407,0
403408,0
403409,26
403410,0
403411,0
403412,0
403413,0
403414,0
403415,0
403416,0
403417,29
403418,0
403419,0
403420,0
403421,33
403422,0
403423,0
403424,0
403425,19
403426,0
403427,0
403428,0
403429,0
403430,0
403431,0
403432,31
403433,37
403434,0
403435,0
403436,0
403437,0
403438,0
403439,0
403440,20
403441,0
403442,0
403443,0
403444,0
403445,0
403446,0
403447,0
403448,0
403449,0
403450,0
403451,0
403452,0
403453,27
403454,0
403455,0
403456,0
403457,27
403458,31
403459,0
403460,0
403461,0
403462,0
403463,0
403464,0
403465,0
403466,0
403467,0
403468,0
403469,0
403470,0
403471,0
403472,0
403473,0
403474,0
403475,25
403476,33
403477,0
403478,0
403479,0
403480,0
403481,0
403482,0
403483,35
403484,0
403485,0
403486,0
403487,0
403488,0
403489,0
403490,0
403491,0
403492,24
403493,0
403494,0
403495,0
403496,0
403497,0
403498,0
403499,0
403500,23
403501,0
403502,0
403503,0
403504,0
403505,0
403506,0
403507,0
403508,0
403509,12
403510,0
403511,0
403512,0
403513,19
403514,0
403515,0
403516,0
403517,0
403518,0
403519,0
403520,0
403521,0
403522,0
403523,0
403524,0
403525,0
403526,0
403527,32
403528,0
403529,0
403530,0
403531,0
403532,0
403533,0
403534,0
403535,0
403536,0
403537,0
403538,0
403539,0
403540,0
403541,0
403542,0
403543,0
403544,0
403545,19
403546,0
403547,0
403548,0
403549,0
403550,0
403551,0
403552,0
403553,0
403554,0
403555,0
403556,0
403557,0
403558,0
403559,0
403560,0
403561,28
403562,0
403563,0
403564,0
403565,0
403566,0
403567,0
403568,0
403569,0
403570,0
403571,0
403572,0
403573,0
403574,0
403575,16
403576,0
403577,0
403578,0
403579,0
403580,0
403581,0
403582,0
403583,0
403584,0
403585,0
403586,0
403587,0
403588,0
403589,0
403590,0
403591,0
403592,0
403593,0
403594,0
403595,0
403596,0
403597,0
403598,21
403599,0
403600,0
403601,0
403602,0
403603,0
403604,0
403605,0
403606,0
403607,0
403608,26
403609,29
403610,0
403611,0
403612,0
403613,0
403614,0
403615,0
403616,0
403617,0
403618,0
403619,0
403620,0
403621,0
403622,0
403623,0
403624,0
403625,0
403626,0
403627,0
403628,0
403629,0
403630,0
403631,0
403632,0
403633,0
403634,0
403635,0
403636,0
403637,0
403638,0
403639,0
403640,0
403641,27
403642,0
403643,0
403644,0
403645,0
403646,0
403647,0
403648,0
403649,0
403650,0
403651,20
403652,0
403653,0
403654,0
403655,22
403656,0
403657,0
403658,0
403659,0
403660,0
403661,0
403662,0
403663,0
403664,0
403665,0
403666,0
403667,0
403668,15
403669,0
403670,0
403671,0
403672,0
403673,0
403674,0
403675,0
403676,16
403677,0
403678,0
403679,0
403680,0
403681,0
403682,0
403683,31
403684,0
403685,0
403686,0
403687,0
403688,31
403689,0
403690,0
403691,16
403692,0
403693,0
403694,0
403695,0
403696,0
403697,0
403698,0
403699,0
403700,0
403701,0
403702,0
403703,0
403704,0
403705,0
403706,0
403707,0
403708,0
403709,22
403710,0
403711,32
403712,0
403713,0
403714,0
403715,0
403716,0
403717,0
403718,0
403719,28
403720,0
403721,0
403722,0
403723,0
403724,27
403725,0
403726,0
403727,0
403728,0
403729,0
403730,0
403731,0
403732,0
403733,0
403734,0
403735,0
403736,0
403737,0
403738,0
403739,0
403740,0
403741,0
403742,0
403743,0
403744,0
403745,0
403746,0
403747,0
403748,0
403749,0
403750,0
403751,0
403752,0
403753,0
403754,0
403755,0
403756,0
403757,0
403758,0
403759,0
403760,0
403761,27
403762,0
403763,0
403764,0
403765,25
403766,0
403767,0
403768,21
403769,25
403770,0
403771,0
403772,0
403773,0
403774,0
403775,0
403776,0
403777,0
403778,0
403779,0
403780,0
403781,0
403782,0
403783,28
403784,0
403785,0
403786,0
403787,0
403788,0
403789,0
403790,0
403791,0
403792,0
403793,0
403794,0
403795,0
403796,0
403797,19
403798,0
403799,0
403800,0
403801,0
403802,22
403803,0
403804,0
403805,0
403806,0
403807,0
403808,0
403809,21
403810,0
403811,0
403812,0
403813,0
403814,26
403815,0
403816,0
403817,0
403818,20
403819,0
403820,0
403821,0
403822,0
403823,0
403824,0
403825,0
403826,0
403827,25
403828,0
403829,0
403830,0
403831,21
403832,22
403833,0
403834,0
403835,0
403836,0
403837,0
403838,0
403839,0
403840,0
403841,0
403842,0
403843,0
403844,0
403845,0
403846,0
403847,0
403848,0
403849,0
403850,0
403851,0
403852,0
403853,27
403854,0
403855,0
403856,0
403857,0
403858,0
403859,0
403860,0
403861,0
403862,0
403863,0
403864,26
403865,0
403866,0
403867,0
403868,0
403869,0
403870,0
403871,0
403872,0
403873,0
403874,0
403875,0
403876,0
403877,0
403878,30
403879,13
403880,0
403881,0
403882,0
403883,0
403884,31
403885,0
403886,0
403887,0
403888,0
403889,23
403890,0
403891,0
403892,0
403893,0
403894,23
403895,21
403896,0
403897,19
403898,0
403899,0
403900,0
403901,0
403902,0
403903,0
403904,0
403905,0
403906,17
403907,21
403908,0
403909,0
403910,0
403911,0
403912,0
403913,0
403914,0
403915,0
403916,0
403917,21
403918,0
403919,0
403920,22
403921,22
403922,22
403923,5
403924,0
403925,0
403926,0
403927,0
403928,0
403929,0
403930,0
403931,0
403932,0
403933,19
403934,0
403935,0
403936,0
403937,0
403938,7
403939,0
403940,0
403941,0
403942,11
403943,0
403944,0
403945,0
403946,0
403947,0
403948,0
403949,0
403950,18
403951,0
403952,0
403953,0
403954,0
403955,20
403956,0
403957,0
403958,0
403959,0
403960,0
403961,0
403962,0
403963,11
403964,21
403965,0
403966,0
403967,0
403968,25
403969,0
403970,0
403971,0
403972,0
403973,0
403974,0
403975,30
403976,0
403977,14
403978,0
403979,13
403980,0
403981,0
403982,15
403983,0
403984,26
403985,0
403986,14
403987,13
403988,0
403989,0
403990,0
403991,0
403992,0
403993,0
403994,0
403995,24
403996,0
403997,0
403998,0
403999,9
404000,0
404001,0
404002,0
404003,0
404004,0
404005,0
404006,0
404007,0
404008,0
404009,0
404010,0
404011,0
404012,0
404013,0
404014,28
404015,0
404016,11
404017,0
404018,0
404019,16
404020,0
404021,0
404022,0
404023,14
404024,0
404025,0
404026,9
404027,25
404028,0
404029,0
404030,16
404031,0
404032,24
404033,13
404034,0
404035,24
404036,17
404037,13
404038,0
404039,12
404040,17
404041,0
404042,0
404043,0
404044,11
404045,0
404046,0
404047,0
404048,0
404049,0
404050,0
404051,0
404052,0
404053,27
404054,0
404055,0
404056,0
404057,0
404058,0
404059,0
404060,0
404061,0
404062,0
404063,0
404064,0
404065,0
404066,0
404067,16
404068,0
404069,0
404070,0
404071,0
404072,24
404073,14
404074,15
404075,0
404076,0
404077,0
404078,0
404079,0
404080,0
404081,0
404082,0
404083,17
404084,0
404085,0
404086,0
404087,0
404088,0
404089,0
404090,0
404091,0
404092,0
404093,0
404094,17
404095,0
404096,15
404097,0
404098,22
404099,0
404100,0
404101,0
404102,0
404103,0
404104,0
404105,0
404106,0
404107,0
404108,0
404109,25
404110,0
404111,0
404112,22
404113,0
404114,0
404115,0
404116,0
404117,0
404118,0
404119,0
404120,0
404121,0
404122,0
404123,0
404124,0
404125,0
404126,0
404127,0
404128,0
404129,0
404130,0
404131,0
404132,0
404133,23
404134,10
404135,0
404136,0
404137,19
404138,17
404139,17
404140,0
404141,16
404142,0
404143,0
404144,0
404145,0
404146,17
404147,0
404148,0
404149,0
404150,20
404151,0
404152,0
404153,0
404154,0
404155,27
404156,0
404157,0
404158,0
404159,0
404160,26
404161,0
404162,0
404163,0
404164,19
404165,0
404166,0
404167,0
404168,0
404169,0
404170,0
404171,14
404172,0
404173,0
404174,0
404175,0
404176,0
404177,0
404178,0
404179,18
404180,0
404181,16
404182,0
404183,0
404184,23
404185,0
404186,24
404187,16
404188,0
404189,11
404190,0
404191,0
404192,0
404193,14
404194,26
404195,14
404196,0
404197,0
404198,0
404199,0
404200,0
404201,15
404202,0
404203,0
404204,0
404205,0
404206,0
404207,0
404208,0
404209,18
404210,0
404211,0
404212,0
404213,0
404214,0
404215,0
404216,0
404217,0
404218,0
404219,0
404220,0
404221,0
404222,0
404223,0
404224,25
404225,0
404226,0
404227,9
404228,0
404229,0
404230,24
404231,0
404232,0
404233,0
404234,0
404235,0
404236,18
404237,0
404238,0
404239,0
404240,0
404241,0
404242,20
404243,0
404244,0
404245,17
404246,0
404247,0
404248,0
404249,0
404250,0
404251,0
404252,0
404253,13
404254,0
404255,0
404256,0
404257,0
404258,0
404259,0
404260,0
404261,0
404262,18
404263,0
404264,0
404265,0
404266,0
404267,0
404268,24
404269,0
404270,0
404271,0
404272,0
404273,0
404274,0
404275,0
404276,0
404277,0
404278,0
404279,26
404280,29
404281,0
404282,0
404283,0
404284,0
404285,13
404286,0
404287,0
404288,0
404289,0
404290,17
404291,14
404292,0
404293,23
404294,0
404295,0
404296,0
404297,0
404298,16
404299,0
404300,0
404301,0
404302,0
404303,22
404304,0
404305,0
404306,14
404307,0
404308,0
404309,0
404310,0
404311,0
404312,0
404313,0
404314,20
404315,0
404316,0
404317,0
404318,16
404319,0
404320,0
404321,0
404322,19
404323,0
404324,0
404325,0
404326,0
404327,0
404328,0
404329,22
404330,0
404331,0
404332,24
404333,12
404334,0
404335,0
404336,0
404337,14
404338,0
404339,0
404340,0
404341,0
404342,0
404343,0
404344,0
404345,0
404346,0
404347,21
404348,19
404349,0
404350,0
404351,16
404352,0
404353,0
404354,0
404355,0
404356,0
404357,0
404358,14
404359,0
404360,14
404361,0
404362,29
404363,0
404364,0
404365,0
404366,0
404367,0
404368,0
404369,0
404370,0
404371,0
404372,0
404373,0
404374,0
404375,0
404376,0
404377,0
404378,0
404379,0
404380,13
404381,0
404382,0
404383,0
404384,0
404385,0
404386,0
404387,11
404388,0
404389,23
404390,0
404391,0
404392,22
404393,0
404394,0
404395,0
404396,19
404397,0
404398,21
404399,0
404400,0
404401,0
404402,0
404403,19
404404,0
404405,0
404406,0
404407,0
404408,0
404409,0
404410,0
404411,0
404412,0
404413,0
404414,0
404415,0
404416,0
404417,0
404418,0
404419,0
404420,0
404421,18
404422,23
404423,26
404424,0
404425,19
404426,0
404427,0
404428,10
404429,0
404430,0
404431,0
404432,0
404433,0
404434,0
404435,0
404436,0
404437,0
404438,17
404439,0
404440,0
404441,13
404442,23
404443,0
404444,0
404445,0
404446,0
404447,0
404448,0
404449,21
404450,0
404451,0
404452,0
404453,26
404454,0
404455,0
404456,0
404457,0
404458,0
404459,0
404460,18
404461,0
404462,0
404463,0
404464,0
404465,14
404466,0
404467,0
404468,0
404469,0
404470,0
404471,0
404472,0
404473,0
404474,30
404475,0
404476,20
404477,19
404478,0
404479,0
404480,0
404481,0
404482,19
404483,0
404484,0
404485,0
404486,16
404487,0
404488,0
404489,20
404490,0
404491,14
404492,0
404493,0
404494,0
404495,0
404496,0
404497,0
404498,0
404499,0
404500,29
404501,0
404502,0
404503,0
404504,0
404505,0
404506,12
404507,0
404508,0
404509,0
404510,22
404511,21
404512,0
404513,0
404514,0
404515,0
404516,0
404517,0
404518,0
404519,0
404520,0
404521,0
404522,0
404523,12
404524,11
404525,0
404526,6
404527,0
404528,30
404529,0
404530,0
404531,28
404532,0
404533,0
404534,0
404535,0
404536,0
404537,12
404538,0
404539,0
404540,0
404541,0
404542,0
404543,0
404544,0
404545,0
404546,0
404547,0
404548,0
404549,0
404550,0
404551,0
404552,0
404553,0
404554,0
404555,0
404556,0
404557,0
404558,14
404559,0
404560,0
404561,0
404562,14
404563,19
404564,0
404565,0
404566,0
404567,0
404568,0
404569,0
404570,0
404571,0
404572,0
404573,0
404574,19
404575,0
404576,15
404577,0
404578,0
404579,0
404580,0
404581,30
404582,0
404583,25
404584,19
404585,9
404586,0
404587,16
404588,0
404589,0
404590,0
404591,0
404592,0
404593,0
404594,20
404595,0
404596,23
404597,0
404598,0
404599,0
404600,0
404601,0
404602,0
404603,0
404604,0
404605,0
404606,0
404607,0
404608,0
404609,0
404610,0
404611,0
404612,0
404613,0
404614,19
404615,0
404616,20
404617,13
404618,0
404619,0
404620,19
404621,0
404622,0
404623,0
404624,0
404625,16
404626,0
404627,0
404628,0
404629,0
404630,0
404631,0
404632,0
404633,0
404634,0
404635,0
404636,33
404637,0
404638,20
404639,21
404640,0
404641,0
404642,0
404643,0
404644,0
404645,12
404646,14
404647,0
404648,0
404649,19
404650,0
404651,0
404652,0
404653,0
404654,0
404655,25
404656,0
404657,0
404658,13
404659,0
404660,0
404661,21
404662,0
404663,0
404664,0
404665,0
404666,0
404667,0
404668,0
404669,16
404670,24
404671,28
404672,0
404673,0
404674,0
404675,0
404676,0
404677,0
404678,23
404679,0
404680,0
404681,0
404682,23
404683,0
404684,0
404685,0
404686,18
404687,0
404688,26
404689,0
404690,0
404691,18
404692,15
404693,0
404694,0
404695,26
404696,0
404697,0
404698,0
404699,0
404700,0
404701,0
404702,0
404703,0
404704,0
404705,0
404706,0
404707,0
404708,0
404709,0
404710,0
404711,0
404712,0
404713,0
404714,24
404715,0
404716,0
404717,0
404718,0
404719,0
404720,0
404721,0
404722,0
404723,16
404724,0
404725,0
404726,0
404727,0
404728,13
404729,0
404730,21
404731,0
404732,0
404733,0
404734,0
404735,0
404736,18
404737,0
404738,0
404739,0
404740,0
404741,0
404742,0
404743,0
404744,0
404745,0
404746,22
404747,0
404748,19
404749,0
404750,0
404751,21
404752,0
404753,24
404754,0
404755,0
404756,0
404757,11
404758,0
404759,19
404760,0
404761,0
404762,16
404763,0
404764,0
404765,0
404766,0
404767,0
404768,0
404769,23
404770,0
404771,18
404772,0
404773,21
404774,0
404775,0
404776,16
404777,0
404778,0
404779,0
404780,0
404781,0
404782,0
404783,0
404784,0
404785,22
404786,0
404787,0
404788,0
404789,22
404790,0
404791,0
404792,12
404793,0
404794,0
404795,0
404796,0
404797,0
404798,0
404799,18
404800,0
404801,0
404802,0
404803,0
404804,0
404805,0
404806,0
404807,0
404808,0
404809,0
404810,0
404811,0
404812,0
404813,0
404814,0
404815,16
404816,0
404817,0
404818,14
404819,0
404820,0
404821,20
404822,21
404823,0
404824,0
404825,0
404826,0
404827,0
404828,0
404829,0
404830,0
404831,23
404832,0
404833,0
404834,0
404835,0
404836,0
404837,0
404838,11
404839,0
404840,0
404841,0
404842,0
404843,17
404844,0
404845,0
404846,21
404847,13
404848,0
404849,17
404850,0
404851,25
404852,0
404853,0
404854,0
404855,0
404856,0
404857,0
404858,0
404859,19
404860,0
404861,0
404862,17
404863,0
404864,23
404865,0
404866,0
404867,31
404868,0
404869,0
404870,0
404871,0
404872,0
404873,0
404874,0
404875,0
404876,0
404877,0
404878,0
404879,0
404880,0
404881,22
404882,0
404883,0
404884,0
404885,0
404886,0
404887,0
404888,0
404889,0
404890,0
404891,25
404892,22
404893,23
404894,0
404895,26
404896,33
404897,22
404898,0
404899,0
404900,0
404901,29
404902,0
404903,26
404904,0
404905,14
404906,0
404907,0
404908,0
404909,0
404910,0
404911,0
404912,0
404913,24
404914,0
404915,0
404916,43
404917,36
404918,34
404919,29
404920,24
404921,0
404922,29
404923,0
404924,18
404925,0
404926,0
404927,0
404928,0
404929,0
404930,0
404931,0
404932,22
404933,0
404934,0
404935,0
404936,22
404937,0
404938,32
404939,0
404940,0
404941,0
404942,0
404943,0
404944,27
404945,27
404946,0
404947,0
404948,0
404949,0
404950,0
404951,0
404952,0
404953,0
404954,0
404955,0
404956,0
404957,34
404958,0
404959,0
404960,26
404961,0
404962,0
404963,16
404964,0
404965,0
404966,0
404967,0
404968,0
404969,22
404970,0
404971,0
404972,0
404973,0
404974,0
404975,0
404976,27
404977,15
404978,28
404979,31
404980,25
404981,37
404982,0
404983,17
404984,24
404985,31
404986,0
404987,0
404988,0
404989,27
404990,0
404991,0
404992,34
404993,28
404994,14
404995,0
404996,20
404997,23
404998,20
404999,0
405000,0
405001,29
405002,0
405003,0
405004,0
405005,0
405006,0
405007,0
405008,0
405009,0
405010,0
405011,0
405012,21
405013,0
405014,0
405015,0
405016,20
405017,0
405018,0
405019,0
405020,23
405021,24
405022,31
405023,0
405024,0
405025,0
405026,0
405027,33
405028,0
405029,0
405030,24
405031,0
405032,29
405033,0
405034,0
405035,24
405036,0
405037,0
405038,0
405039,0
405040,0
405041,0
405042,31
405043,34
405044,0
405045,0
405046,30
405047,18
405048,19
405049,29
405050,0
405051,0
405052,0
405053,34
405054,0
405055,0
405056,36
405057,0
405058,0
405059,0
405060,0
405061,0
405062,27
405063,22
405064,0
405065,0
405066,0
405067,0
405068,0
405069,0
405070,21
405071,13
405072,0
405073,0
405074,23
405075,0
405076,0
405077,0
405078,0
405079,0
405080,0
405081,0
405082,0
405083,0
405084,0
405085,0
405086,29
405087,0
405088,0
405089,0
405090,18
405091,0
405092,20
405093,0
405094,0
405095,0
405096,0
405097,0
405098,0
405099,25
405100,37
405101,0
405102,0
405103,0
405104,0
405105,25
405106,0
405107,29
405108,0
405109,0
405110,0
405111,0
405112,0
405113,0
405114,0
405115,40
405116,0
405117,0
405118,0
405119,0
405120,0
405121,0
405122,0
405123,0
405124,0
405125,0
405126,0
405127,0
405128,0
405129,0
405130,22
405131,0
405132,0
405133,0
405134,0
405135,0
405136,19
405137,23
405138,0
405139,0
405140,0
405141,0
405142,0
405143,0
405144,0
405145,0
405146,30
405147,0
405148,30
405149,0
405150,0
405151,0
405152,0
405153,0
405154,33
405155,0
405156,24
405157,0
405158,24
405159,0
405160,0
405161,0
405162,0
405163,0
405164,0
405165,0
405166,0
405167,36
405168,0
405169,0
405170,25
405171,0
405172,43
405173,0
405174,22
405175,0
405176,0
405177,0
405178,0
405179,0
405180,0
405181,0
405182,0
405183,0
405184,0
405185,0
405186,22
405187,34
405188,0
405189,24
405190,0
405191,0
405192,24
405193,0
405194,24
405195,38
405196,0
405197,23
405198,0
405199,0
405200,0
405201,0
405202,0
405203,0
405204,0
405205,0
405206,0
405207,0
405208,0
405209,0
405210,30
405211,0
405212,0
405213,0
405214,0
405215,0
405216,0
405217,24
405218,27
405219,0
405220,28
405221,30
405222,0
405223,0
405224,0
405225,20
405226,0
405227,0
405228,0
405229,0
405230,28
405231,35
405232,0
405233,0
405234,0
405235,0
405236,0
405237,0
405238,20
405239,0
405240,0
405241,21
405242,0
405243,27
405244,0
405245,15
405246,0
405247,25
405248,24
405249,27
405250,30
405251,29
405252,0
405253,0
405254,0
405255,0
405256,19
405257,0
405258,0
405259,21
405260,0
405261,0
405262,0
405263,0
405264,0
405265,0
405266,0
405267,0
405268,0
405269,0
405270,0
405271,0
405272,0
405273,0
405274,0
405275,0
405276,0
405277,0
405278,0
405279,0
405280,0
405281,0
405282,0
405283,34
405284,0
405285,18
405286,23
405287,0
405288,0
405289,0
405290,0
405291,20
405292,29
405293,13
405294,0
405295,0
405296,0
405297,20
405298,0
405299,16
405300,0
405301,0
405302,0
405303,0
405304,0
405305,0
405306,0
405307,0
405308,0
405309,0
405310,17
405311,0
405312,24
405313,19
405314,0
405315,0
405316,17
405317,0
405318,0
405319,0
405320,16
405321,0
405322,17
405323,0
405324,0
405325,0
405326,0
405327,0
405328,0
405329,0
405330,0
405331,20
405332,0
405333,0
405334,18
405335,0
405336,0
405337,36
405338,22
405339,0
405340,19
405341,0
405342,0
405343,0
405344,14
405345,0
405346,33
405347,0
405348,0
405349,0
405350,0
405351,0
405352,0
405353,25
405354,0
405355,0
405356,26
405357,18
405358,0
405359,25
405360,0
405361,0
405362,0
405363,0
405364,0
405365,31
405366,0
405367,23
405368,0
405369,0
405370,29
405371,24
405372,34
405373,0
405374,0
405375,0
405376,0
405377,0
405378,0
405379,0
405380,0
405381,0
405382,0
405383,0
405384,0
405385,0
405386,0
405387,0
405388,0
405389,0
405390,0
405391,0
405392,0
405393,0
405394,0
405395,0
405396,0
405397,0
405398,0
405399,0
405400,0
405401,0
405402,0
405403,20
405404,0
405405,0
405406,31
405407,30
405408,0
405409,19
405410,0
405411,0
405412,0
405413,31
405414,0
405415,0
405416,0
405417,32
405418,0
405419,0
405420,0
405421,0
405422,0
405423,0
405424,0
405425,0
405426,0
405427,0
405428,0
405429,0
405430,0
405431,27
405432,27
405433,0
405434,18
405435,27
405436,0
405437,21
405438,18
405439,29
405440,0
405441,30
405442,0
405443,0
405444,27
405445,0
405446,0
405447,24
405448,0
405449,20
405450,0
405451,0
405452,28
405453,0
405454,0
405455,0
405456,0
405457,28
405458,31
405459,0
405460,0
405461,0
405462,0
405463,0
405464,0
405465,0
405466,0
405467,0
405468,0
405469,14
405470,0
405471,0
405472,0
405473,0
405474,0
405475,0
405476,35
405477,31
405478,0
405479,0
405480,0
405481,0
405482,0
405483,0
405484,0
405485,0
405486,20
405487,0
405488,30
405489,0
405490,0
405491,0
405492,28
405493,27
405494,39
405495,0
405496,22
405497,0
405498,21
405499,0
405500,27
405501,0
405502,0
405503,0
405504,23
405505,31
405506,0
405507,0
405508,0
405509,26
405510,35
405511,0
405512,0
405513,0
405514,0
405515,22
405516,0
405517,0
405518,0
405519,19
405520,0
405521,0
405522,17
405523,0
405524,0
405525,0
405526,0
405527,0
405528,0
405529,0
405530,0
405531,40
405532,15
405533,0
405534,0
405535,28
405536,0
405537,25
405538,0
405539,0
405540,30
405541,0
405542,20
405543,0
405544,0
405545,0
405546,0
405547,0
405548,32
405549,0
405550,0
405551,0
405552,0
405553,36
405554,0
405555,34
405556,29
405557,0
405558,0
405559,0
405560,24
405561,0
405562,0
405563,0
405564,0
405565,0
405566,0
405567,0
405568,0
405569,0
405570,0
405571,18
405572,0
405573,0
405574,24
405575,0
405576,26
405577,0
405578,20
405579,0
405580,0
405581,0
405582,25
405583,0
405584,23
405585,0
405586,0
405587,26
405588,0
405589,0
405590,0
405591,0
405592,0
405593,0
405594,0
405595,0
405596,37
405597,0
405598,27
405599,29
405600,18
405601,0
405602,0
405603,0
405604,23
405605,30
405606,0
405607,22
405608,0
405609,24
405610,0
405611,29
405612,20
405613,0
405614,0
405615,0
405616,0
405617,17
405618,0
405619,0
405620,29
405621,0
405622,0
405623,0
405624,22
405625,23
405626,0
405627,24
405628,21
405629,16
405630,29
405631,0
405632,0
405633,0
405634,25
405635,24
405636,0
405637,0
405638,0
405639,30
405640,0
405641,0
405642,25
405643,0
405644,24
405645,19
405646,0
405647,28
405648,23
405649,0
405650,27
405651,0
405652,0
405653,0
405654,0
405655,0
405656,26
405657,0
405658,30
405659,0
405660,0
405661,0
405662,0
405663,0
405664,0
405665,0
405666,0
405667,0
405668,19
405669,0
405670,0
405671,33
405672,0
405673,0
405674,0
405675,0
405676,31
405677,0
405678,0
405679,0
405680,20
405681,0
405682,0
405683,0
405684,0
405685,0
405686,0
405687,0
405688,21
405689,0
405690,0
405691,31
405692,0
405693,0
405694,0
405695,0
405696,0
405697,0
405698,0
405699,0
405700,14
405701,0
405702,19
405703,0
405704,0
405705,24
405706,0
405707,27
405708,0
405709,0
405710,0
405711,0
405712,0
405713,0
405714,0
405715,0
405716,0
405717,0
405718,0
405719,0
405720,0
405721,22
405722,0
405723,0
405724,0
405725,0
405726,0
405727,0
405728,0
405729,0
405730,19
405731,0
405732,0
405733,0
405734,24
405735,0
405736,0
405737,0
405738,0
405739,20
405740,0
405741,0
405742,31
405743,0
405744,0
405745,0
405746,22
405747,0
405748,26
405749,20
405750,16
405751,36
405752,0
405753,0
405754,0
405755,26
405756,0
405757,0
405758,35
405759,0
405760,0
405761,0
405762,0
405763,0
405764,29
405765,0
405766,0
405767,0
405768,0
405769,0
405770,0
405771,41
405772,0
405773,0
405774,0
405775,0
405776,0
405777,0
405778,25
405779,0
405780,0
405781,0
405782,0
405783,0
405784,0
405785,38
405786,0
405787,0
405788,16
405789,0
405790,28
405791,20
405792,0
405793,33
405794,16
405795,0
405796,0
405797,17
405798,0
405799,0
405800,0
405801,18
405802,0
405803,0
405804,0
405805,0
405806,0
405807,0
405808,19
405809,13
405810,23
405811,0
405812,0
405813,0
405814,0
405815,0
405816,0
405817,0
405818,21
405819,0
405820,0
405821,0
405822,0
405823,30
405824,16
405825,31
405826,0
405827,0
405828,28
405829,0
405830,33
405831,0
405832,0
405833,24
405834,0
405835,23
405836,23
405837,0
405838,0
405839,0
405840,0
405841,0
405842,0
405843,0
405844,0
405845,0
405846,0
405847,0
405848,26
405849,15
405850,0
405851,0
405852,0
405853,0
405854,0
405855,23
405856,0
405857,28
405858,0
405859,0
405860,32
405861,30
405862,29
405863,0
405864,0
405865,35
405866,0
405867,0
405868,0
405869,0
405870,0
405871,0
405872,29
405873,34
405874,28
405875,0
405876,34
405877,21
405878,0
405879,0
405880,34
405881,0
405882,0
405883,0
405884,0
405885,26
405886,14
405887,40
405888,0
405889,0
405890,0
405891,0
405892,0
405893,0
405894,37
405895,14
405896,0
405897,0
405898,0
405899,0
405900,0
405901,32
405902,0
405903,16
405904,0
405905,34
405906,0
405907,0
405908,0
405909,0
405910,0
405911,0
405912,0
405913,40
405914,32
405915,0
405916,0
405917,20
405918,0
405919,0
405920,0
405921,42
405922,0
405923,36
405924,31
405925,20
405926,0
405927,0
405928,0
405929,0
405930,40
405931,40
405932,21
405933,49
405934,0
405935,0
405936,33
405937,0
405938,35
405939,0
405940,0
405941,0
405942,34
405943,0
405944,0
405945,0
405946,32
405947,0
405948,0
405949,0
405950,0
405951,0
405952,0
405953,53
405954,0
405955,27
405956,0
405957,0
405958,0
405959,34
405960,0
405961,0
405962,26
405963,0
405964,0
405965,0
405966,0
405967,0
405968,0
405969,22
405970,0
405971,0
405972,0
405973,0
405974,37
405975,31
405976,0
405977,38
405978,0
405979,43
405980,0
405981,21
405982,0
405983,0
405984,0
405985,0
405986,0
405987,0
405988,0
405989,0
405990,0
405991,0
405992,40
405993,24
405994,32
405995,0
405996,28
405997,0
405998,27
405999,0
406000,0
406001,33
406002,0
406003,0
406004,0
406005,0
406006,0
406007,27
406008,22
406009,0
406010,16
406011,35
406012,0
406013,0
406014,38
406015,0
406016,0
406017,0
406018,0
406019,33
406020,0
406021,0
406022,0
406023,0
406024,0
406025,0
406026,0
406027,0
406028,0
406029,0
406030,0
406031,0
406032,34
406033,0
406034,0
406035,0
406036,0
406037,0
406038,30
406039,0
406040,0
406041,0
406042,21
406043,0
406044,0
406045,0
406046,0
406047,0
406048,0
406049,41
406050,18
406051,0
406052,0
406053,0
406054,18
406055,0
406056,0
406057,0
406058,16
406059,0
406060,18
406061,0
406062,0
406063,0
406064,36
406065,0
406066,0
406067,0
406068,35
406069,0
406070,0
406071,0
406072,0
406073,0
406074,27
406075,0
406076,0
406077,0
406078,0
406079,0
406080,0
406081,0
406082,0
406083,42
406084,0
406085,0
406086,0
406087,24
406088,0
406089,0
406090,26
406091,0
406092,0
406093,26
406094,0
406095,0
406096,0
406097,29
406098,0
406099,13
406100,0
406101,0
406102,36
406103,0
406104,0
406105,0
406106,0
406107,33
406108,0
406109,0
406110,31
406111,0
406112,42
406113,0
406114,31
406115,0
406116,0
406117,0
406118,0
406119,0
406120,0
406121,0
406122,15
406123,0
406124,0
406125,0
406126,0
406127,0
406128,0
406129,0
406130,0
406131,0
406132,30
406133,0
406134,0
406135,30
406136,0
406137,40
406138,29
406139,0
406140,0
406141,0
406142,25
406143,0
406144,0
406145,0
406146,0
406147,0
406148,0
406149,0
406150,0
406151,29
406152,0
406153,25
406154,29
406155,25
406156,0
406157,0
406158,32
406159,0
406160,0
406161,0
406162,0
406163,28
406164,32
406165,0
406166,0
406167,0
406168,31
406169,0
406170,0
406171,0
406172,35
406173,0
406174,0
406175,0
406176,0
406177,27
406178,0
406179,14
406180,31
406181,25
406182,26
406183,23
406184,0
406185,0
406186,0
406187,20
406188,19
406189,0
406190,31
406191,19
406192,34
406193,0
406194,0
406195,0
406196,0
406197,0
406198,0
406199,0
406200,0
406201,29
406202,28
406203,0
406204,0
406205,24
406206,0
406207,27
406208,0
406209,34
406210,0
406211,0
406212,0
406213,0
406214,0
406215,0
406216,0
406217,22
406218,0
406219,0
406220,0
406221,32
406222,0
406223,0
406224,0
406225,0
406226,0
406227,0
406228,33
406229,0
406230,43
406231,0
406232,0
406233,0
406234,24
406235,0
406236,0
406237,0
406238,0
406239,0
406240,0
406241,0
406242,0
406243,0
406244,0
406245,0
406246,0
406247,0
406248,0
406249,0
406250,23
406251,23
406252,0
406253,0
406254,0
406255,0
406256,0
406257,0
406258,0
406259,0
406260,0
406261,0
406262,0
406263,0
406264,0
406265,0
406266,0
406267,23
406268,0
406269,0
406270,0
406271,28
406272,0
406273,0
406274,29
406275,0
406276,0
406277,0
406278,0
406279,47
406280,30
406281,0
406282,0
406283,0
406284,25
406285,28
406286,0
406287,26
406288,25
406289,33
406290,0
406291,23
406292,25
406293,0
406294,0
406295,0
406296,0
406297,0
406298,0
406299,16
406300,16
406301,0
406302,18
406303,27
406304,30
406305,32
406306,0
406307,28
406308,0
406309,0
406310,0
406311,0
406312,0
406313,0
406314,65
406315,0
406316,0
406317,0
406318,40
406319,22
406320,36
406321,0
406322,0
406323,0
406324,0
406325,25
406326,0
406327,0
406328,0
406329,0
406330,0
406331,32
406332,26
406333,31
406334,21
406335,0
406336,0
406337,0
406338,23
406339,0
406340,0
406341,16
406342,0
406343,18
406344,30
406345,0
406346,0
406347,0
406348,0
406349,0
406350,0
406351,23
406352,0
406353,0
406354,0
406355,0
406356,33
406357,0
406358,0
406359,0
406360,37
406361,0
406362,37
406363,0
406364,0
406365,0
406366,0
406367,0
406368,35
406369,40
406370,23
406371,0
406372,0
406373,0
406374,0
406375,0
406376,0
406377,0
406378,0
406379,0
406380,25
406381,0
406382,24
406383,0
406384,0
406385,31
406386,0
406387,0
406388,0
406389,0
406390,0
406391,0
406392,34
406393,28
406394,0
406395,0
406396,0
406397,0
406398,0
406399,29
406400,0
406401,0
406402,0
406403,36
406404,0
406405,0
406406,0
406407,0
406408,41
406409,0
406410,0
406411,0
406412,22
406413,0
406414,0
406415,22
406416,0
406417,20
406418,0
406419,34
406420,0
406421,16
406422,0
406423,38
406424,0
406425,0
406426,0
406427,0
406428,0
406429,0
406430,0
406431,0
406432,31
406433,29
406434,0
406435,0
406436,0
406437,0
406438,26
406439,0
406440,25
406441,20
406442,0
406443,41
406444,0
406445,24
406446,0
406447,0
406448,0
406449,0
406450,0
406451,0
406452,0
406453,0
406454,0
406455,27
406456,0
406457,0
406458,38
406459,0
406460,19
406461,0
406462,0
406463,0
406464,0
406465,0
406466,0
406467,0
406468,38
406469,0
406470,0
406471,0
406472,0
406473,0
406474,0
406475,0
406476,0
406477,0
406478,0
406479,0
406480,0
406481,23
406482,0
406483,24
406484,27
406485,0
406486,32
406487,0
406488,0
406489,0
406490,15
406491,0
406492,0
406493,0
406494,33
406495,0
406496,0
406497,0
406498,0
406499,26
406500,0
406501,0
406502,0
406503,0
406504,31
406505,0
406506,34
406507,0
406508,30
406509,0
406510,0
406511,0
406512,58
406513,0
406514,0
406515,0
406516,27
406517,0
406518,0
406519,0
406520,0
406521,0
406522,30
406523,32
406524,0
406525,40
406526,0
406527,25
406528,0
406529,0
406530,0
406531,0
406532,0
406533,0
406534,8
406535,0
406536,0
406537,19
406538,0
406539,35
406540,32
406541,0
406542,38
406543,37
406544,0
406545,28
406546,29
406547,0
406548,31
406549,0
406550,0
406551,0
406552,0
406553,0
406554,18
406555,0
406556,28
406557,30
406558,0
406559,0
406560,0
406561,34
406562,0
406563,0
406564,33
406565,0
406566,0
406567,0
406568,0
406569,0
406570,0
406571,0
406572,33
406573,0
406574,35
406575,23
406576,0
406577,33
406578,0
406579,0
406580,37
406581,0
406582,22
406583,0
406584,0
406585,0
406586,22
406587,0
406588,0
406589,0
406590,0
406591,0
406592,0
406593,0
406594,0
406595,40
406596,35
406597,24
406598,0
406599,0
406600,23
406601,0
406602,0
406603,0
406604,0
406605,0
406606,0
406607,0
406608,0
406609,0
406610,0
406611,35
406612,18
406613,0
406614,0
406615,37
406616,0
406617,0
406618,0
406619,0
406620,28
406621,0
406622,52
406623,18
406624,39
406625,0
406626,40
406627,35
406628,0
406629,38
406630,32
406631,28
406632,42
406633,0
406634,0
406635,0
406636,43
406637,0
406638,40
406639,30
406640,0
406641,0
406642,0
406643,30
406644,0
406645,0
406646,0
406647,0
406648,0
406649,32
406650,0
406651,29
406652,37
406653,19
406654,0
406655,0
406656,0
406657,0
406658,0
406659,0
406660,0
406661,0
406662,0
406663,45
406664,0
406665,0
406666,0
406667,40
406668,0
406669,16
406670,0
406671,0
406672,0
406673,0
406674,0
406675,17
406676,0
406677,0
406678,0
406679,0
406680,0
406681,0
406682,26
406683,0
406684,25
406685,0
406686,27
406687,0
406688,0
406689,0
406690,0
406691,0
406692,0
406693,0
406694,0
406695,0
406696,29
406697,0
406698,0
406699,0
406700,0
406701,0
406702,20
406703,39
406704,0
406705,0
406706,19
406707,44
406708,0
406709,0
406710,0
406711,0
406712,30
406713,0
406714,0
406715,0
406716,33
406717,26
406718,0
406719,0
406720,29
406721,0
406722,0
406723,14
406724,36
406725,0
406726,0
406727,0
406728,0
406729,0
406730,0
406731,0
406732,30
406733,21
406734,0
406735,0
406736,0
406737,16
406738,0
406739,0
406740,0
406741,44
406742,0
406743,0
406744,17
406745,23
406746,35
406747,0
406748,0
406749,0
406750,22
406751,26
406752,30
406753,0
406754,0
406755,25
406756,24
406757,19
406758,0
406759,0
406760,0
406761,26
406762,0
406763,0
406764,23
406765,0
406766,0
406767,0
406768,23
406769,37
406770,0
406771,0
406772,0
406773,0
406774,0
406775,42
406776,30
406777,0
406778,42
406779,0
406780,32
406781,0
406782,0
406783,0
406784,38
406785,32
406786,0
406787,0
406788,0
406789,32
406790,0
406791,0
406792,36
406793,0
406794,0
406795,37
406796,0
406797,0
406798,0
406799,0
406800,0
406801,22
406802,0
406803,0
406804,0
406805,0
406806,0
406807,24
406808,0
406809,38
406810,0
406811,0
406812,41
406813,0
406814,0
406815,0
406816,0
406817,0
406818,0
406819,0
406820,0
406821,0
406822,0
406823,0
406824,0
406825,0
406826,0
406827,16
406828,0
406829,0
406830,0
406831,0
406832,0
406833,0
406834,28
406835,0
406836,0
406837,0
406838,0
406839,0
406840,0
406841,0
406842,0
406843,0
406844,30
406845,0
406846,0
406847,28
406848,0
406849,0
406850,0
406851,0
406852,0
406853,0
406854,0
406855,0
406856,0
406857,0
406858,32
406859,0
406860,0
406861,0
406862,0
406863,0
406864,0
406865,0
406866,0
406867,23
406868,0
406869,0
406870,0
406871,0
406872,0
406873,0
406874,28
406875,0
406876,0
406877,0
406878,0
406879,0
406880,0
406881,0
406882,0
406883,0
406884,0
406885,0
406886,0
406887,0
406888,0
406889,0
406890,0
406891,0
406892,0
406893,0
406894,0
406895,0
406896,0
406897,24
406898,0
406899,0
406900,0
406901,0
406902,0
406903,0
406904,0
406905,0
406906,0
406907,0
406908,0
406909,0
406910,0
406911,0
406912,0
406913,0
406914,0
406915,0
406916,0
406917,37
406918,0
406919,0
406920,0
406921,20
406922,26
406923,0
406924,0
406925,26
406926,0
406927,0
406928,0
406929,0
406930,0
406931,0
406932,0
406933,0
406934,0
406935,0
406936,0
406937,25
406938,21
406939,0
406940,0
406941,0
406942,0
406943,0
406944,0
406945,0
406946,0
406947,0
406948,0
406949,0
406950,0
406951,0
406952,0
406953,0
406954,0
406955,0
406956,0
406957,0
406958,31
406959,0
406960,0
406961,0
406962,0
406963,0
406964,0
406965,31
406966,0
406967,0
406968,0
406969,0
406970,37
406971,0
406972,0
406973,20
406974,0
406975,0
406976,0
406977,0
406978,0
406979,0
406980,0
406981,0
406982,0
406983,0
406984,0
406985,20
406986,0
406987,0
406988,0
406989,0
406990,0
406991,0
406992,0
406993,0
406994,21
406995,0
406996,0
406997,0
406998,16
406999,0
407000,0
407001,0
407002,0
407003,0
407004,0
407005,0
407006,22
407007,0
407008,0
407009,0
407010,0
407011,0
407012,0
407013,0
407014,0
407015,0
407016,0
407017,0
407018,0
407019,0
407020,0
407021,0
407022,0
407023,0
407024,0
407025,0
407026,28
407027,32
407028,50
407029,16
407030,0
407031,33
407032,0
407033,38
407034,0
407035,0
407036,0
407037,0
407038,0
407039,0
407040,0
407041,0
407042,0
407043,0
407044,0
407045,0
407046,0
407047,0
407048,0
407049,0
407050,0
407051,31
407052,22
407053,0
407054,0
407055,27
407056,0
407057,30
407058,0
407059,0
407060,0
407061,23
407062,0
407063,0
407064,0
407065,0
407066,26
407067,0
407068,0
407069,0
407070,0
407071,0
407072,0
407073,0
407074,0
407075,0
407076,30
407077,37
407078,0
407079,0
407080,32
407081,28
407082,0
407083,47
407084,26
407085,0
407086,0
407087,0
407088,0
407089,30
407090,0
407091,35
407092,21
407093,0
407094,0
407095,33
407096,0
407097,0
407098,0
407099,0
407100,0
407101,0
407102,0
407103,0
407104,0
407105,0
407106,0
407107,0
407108,37
407109,40
407110,0
407111,0
407112,0
407113,0
407114,0
407115,0
407116,18
407117,0
407118,0
407119,31
407120,0
407121,0
407122,0
407123,0
407124,0
407125,32
407126,27
407127,0
407128,36
407129,29
407130,0
407131,22
407132,0
407133,0
407134,0
407135,0
407136,0
407137,0
407138,0
407139,0
407140,0
407141,0
407142,0
407143,0
407144,0
407145,35
407146,0
407147,0
407148,0
407149,27
407150,0
407151,0
407152,0
407153,35
407154,29
407155,0
407156,24
407157,35
407158,0
407159,0
407160,0
407161,27
407162,28
407163,0
407164,0
407165,33
407166,0
407167,0
407168,39
407169,0
407170,0
407171,0
407172,26
407173,0
407174,20
407175,24
407176,30
407177,0
407178,0
407179,0
407180,0
407181,0
407182,0
407183,0
407184,0
407185,0
407186,0
407187,0
407188,0
407189,0
407190,0
407191,0
407192,0
407193,0
407194,31
407195,0
407196,25
407197,36
407198,0
407199,0
407200,0
407201,35
407202,0
407203,0
407204,0
407205,0
407206,0
407207,25
407208,28
407209,37
407210,0
407211,0
407212,0
407213,26
407214,0
407215,0
407216,0
407217,0
407218,48
407219,0
407220,0
407221,0
407222,33
407223,0
407224,0
407225,0
407226,0
407227,0
407228,0
407229,0
407230,0
407231,0
407232,0
407233,20
407234,29
407235,29
407236,0
407237,0
407238,0
407239,0
407240,0
407241,0
407242,0
407243,0
407244,0
407245,18
407246,0
407247,30
407248,20
407249,0
407250,0
407251,35
407252,29
407253,0
407254,0
407255,25
407256,0
407257,0
407258,0
407259,0
407260,0
407261,0
407262,0
407263,0
407264,0
407265,0
407266,17
407267,22
407268,0
407269,0
407270,0
407271,0
407272,30
407273,26
407274,0
407275,0
407276,41
407277,36
407278,0
407279,0
407280,0
407281,0
407282,0
407283,37
407284,0
407285,0
407286,0
407287,0
407288,39
407289,0
407290,26
407291,0
407292,0
407293,0
407294,40
407295,0
407296,0
407297,42
407298,0
407299,0
407300,31
407301,18
407302,0
407303,26
407304,0
407305,24
407306,0
407307,0
407308,0
407309,0
407310,0
407311,30
407312,38
407313,0
407314,0
407315,0
407316,0
407317,0
407318,0
407319,0
407320,0
407321,0
407322,22
407323,24
407324,0
407325,0
407326,0
407327,31
407328,0
407329,28
407330,36
407331,0
407332,0
407333,0
407334,0
407335,0
407336,0
407337,32
407338,0
407339,0
407340,0
407341,0
407342,0
407343,0
407344,0
407345,0
407346,0
407347,0
407348,0
407349,0
407350,0
407351,0
407352,0
407353,0
407354,0
407355,0
407356,26
407357,0
407358,0
407359,0
407360,0
407361,0
407362,0
407363,0
407364,0
407365,0
407366,35
407367,0
407368,0
407369,19
407370,0
407371,0
407372,0
407373,36
407374,29
407375,0
407376,0
407377,0
407378,0
407379,26
407380,0
407381,0
407382,0
407383,0
407384,0
407385,0
407386,21
407387,0
407388,0
407389,0
407390,36
407391,0
407392,15
407393,0
407394,0
407395,25
407396,0
407397,0
407398,0
407399,25
407400,29
407401,0
407402,20
407403,0
407404,0
407405,0
407406,0
407407,38
407408,0
407409,0
407410,0
407411,27
407412,0
407413,23
407414,0
407415,0
407416,0
407417,0
407418,43
407419,0
407420,0
407421,29
407422,0
407423,0
407424,0
407425,32
407426,0
407427,0
407428,0
407429,26
407430,0
407431,0
407432,32
407433,31
407434,0
407435,0
407436,43
407437,0
407438,0
407439,0
407440,0
407441,15
407442,0
407443,0
407444,0
407445,25
407446,24
407447,0
407448,28
407449,0
407450,0
407451,35
407452,29
407453,26
407454,0
407455,33
407456,0
407457,0
407458,28
407459,0
407460,0
407461,0
407462,0
407463,0
407464,16
407465,0
407466,0
407467,0
407468,0
407469,0
407470,0
407471,0
407472,0
407473,0
407474,0
407475,19
407476,0
407477,0
407478,0
407479,0
407480,33
407481,0
407482,33
407483,0
407484,24
407485,0
407486,28
407487,0
407488,0
407489,0
407490,35
407491,0
407492,0
407493,25
407494,0
407495,40
407496,0
407497,0
407498,0
407499,17
407500,26
407501,0
407502,22
407503,0
407504,0
407505,0
407506,0
407507,0
407508,0
407509,0
407510,0
407511,0
407512,0
407513,0
407514,35
407515,25
407516,0
407517,0
407518,0
407519,31
407520,0
407521,0
407522,0
407523,0
407524,38
407525,0
407526,0
407527,0
407528,0
407529,0
407530,32
407531,0
407532,28
407533,0
407534,0
407535,0
407536,0
407537,27
407538,32
407539,30
407540,0
407541,0
407542,0
407543,28
407544,35
407545,35
407546,0
407547,0
407548,0
407549,0
407550,0
407551,27
407552,0
407553,0
407554,0
407555,47
407556,0
407557,0
407558,0
407559,34
407560,35
407561,0
407562,0
407563,0
407564,0
407565,25
407566,0
407567,0
407568,0
407569,0
407570,0
407571,32
407572,0
407573,38
407574,0
407575,0
407576,0
407577,0
407578,0
407579,24
407580,0
407581,0
407582,0
407583,34
407584,0
407585,0
407586,0
407587,47
407588,0
407589,0
407590,47
407591,29
407592,0
407593,35
407594,0
407595,0
407596,0
407597,25
407598,23
407599,0
407600,0
407601,0
407602,0
407603,0
407604,0
407605,0
407606,32
407607,0
407608,26
407609,0
407610,21
407611,0
407612,0
407613,47
407614,29
407615,0
407616,0
407617,0
407618,0
407619,0
407620,0
407621,0
407622,0
407623,0
407624,0
407625,0
407626,0
407627,0
407628,18
407629,0
407630,0
407631,15
407632,33
407633,0
407634,0
407635,0
407636,0
407637,0
407638,0
407639,0
407640,0
407641,35
407642,22
407643,0
407644,0
407645,46
407646,28
407647,0
407648,0
407649,0
407650,0
407651,0
407652,0
407653,40
407654,0
407655,49
407656,0
407657,0
407658,0
407659,0
407660,0
407661,0
407662,19
407663,24
407664,34
407665,26
407666,26
407667,0
407668,0
407669,0
407670,0
407671,0
407672,0
407673,0
407674,0
407675,36
407676,0
407677,31
407678,0
407679,0
407680,0
407681,47
407682,0
407683,0
407684,28
407685,28
407686,39
407687,0
407688,0
407689,0
407690,0
407691,28
407692,0
407693,0
407694,0
407695,0
407696,0
407697,0
407698,0
407699,0
407700,0
407701,0
407702,0
407703,0
407704,0
407705,0
407706,0
407707,0
407708,0
407709,0
407710,34
407711,0
407712,0
407713,22
407714,0
407715,0
407716,0
407717,0
407718,0
407719,23
407720,0
407721,24
407722,0
407723,0
407724,0
407725,0
407726,35
407727,0
407728,0
407729,0
407730,25
407731,0
407732,26
407733,0
407734,29
407735,33
407736,0
407737,0
407738,0
407739,38
407740,0
407741,0
407742,27
407743,0
407744,0
407745,0
407746,0
407747,0
407748,0
407749,0
407750,35
407751,0
407752,0
407753,0
407754,0
407755,0
407756,50
407757,27
407758,0
407759,0
407760,0
407761,29
407762,37
407763,28
407764,0
407765,0
407766,0
407767,0
407768,0
407769,31
407770,0
407771,0
407772,0
407773,0
407774,0
407775,0
407776,0
407777,25
407778,31
407779,0
407780,0
407781,0
407782,0
407783,0
407784,0
407785,0
407786,0
407787,0
407788,0
407789,0
407790,39
407791,0
407792,0
407793,0
407794,0
407795,40
407796,0
407797,0
407798,44
407799,26
407800,0
407801,0
407802,38
407803,0
407804,0
407805,0
407806,0
407807,0
407808,32
407809,0
407810,27
407811,0
407812,22
407813,0
407814,26
407815,0
407816,50
407817,0
407818,0
407819,0
407820,0
407821,0
407822,0
407823,0
407824,0
407825,0
407826,0
407827,31
407828,0
407829,37
407830,0
407831,30
407832,39
407833,0
407834,0
407835,0
407836,0
407837,36
407838,0
407839,28
407840,38
407841,0
407842,0
407843,35
407844,0
407845,0
407846,31
407847,0
407848,30
407849,0
407850,0
407851,0
407852,13
407853,0
407854,0
407855,0
407856,0
407857,34
407858,0
407859,18
407860,27
407861,0
407862,0
407863,0
407864,0
407865,0
407866,0
407867,19
407868,0
407869,0
407870,27
407871,0
407872,0
407873,0
407874,0
407875,0
407876,0
407877,0
407878,26
407879,0
407880,0
407881,34
407882,0
407883,0
407884,0
407885,0
407886,50
407887,0
407888,0
407889,0
407890,24
407891,0
407892,25
407893,0
407894,40
407895,0
407896,0
407897,0
407898,0
407899,0
407900,0
407901,0
407902,0
407903,0
407904,22
407905,0
407906,31
407907,0
407908,21
407909,0
407910,33
407911,0
407912,0
407913,0
407914,30
407915,0
407916,0
407917,21
407918,0
407919,34
407920,0
407921,33
407922,0
407923,0
407924,0
407925,0
407926,0
407927,0
407928,0
407929,24
407930,31
407931,0
407932,0
407933,26
407934,0
407935,0
407936,0
407937,0
407938,0
407939,0
407940,0
407941,0
407942,0
407943,0
407944,0
407945,0
407946,0
407947,0
407948,0
407949,0
407950,0
407951,38
407952,25
407953,0
407954,0
407955,38
407956,0
407957,28
407958,0
407959,0
407960,33
407961,0
407962,35
407963,0
407964,0
407965,0
407966,20
407967,37
407968,29
407969,20
407970,0
407971,0
407972,0
407973,0
407974,0
407975,0
407976,0
407977,24
407978,0
407979,0
407980,32
407981,0
407982,0
407983,27
407984,0
407985,0
407986,0
407987,23
407988,0
407989,0
407990,0
407991,0
407992,0
407993,0
407994,0
407995,0
407996,0
407997,0
407998,0
407999,0
408000,0
408001,0
408002,34
408003,0
408004,42
408005,0
408006,0
408007,0
408008,0
408009,32
408010,28
408011,0
408012,0
408013,0
408014,0
408015,42
408016,23
408017,0
408018,0
408019,0
408020,38
408021,0
408022,0
408023,0
408024,0
408025,0
408026,0
408027,0
408028,0
408029,0
408030,0
408031,0
408032,0
408033,0
408034,0
408035,0
408036,0
408037,0
408038,0
408039,0
408040,0
408041,0
408042,0
408043,0
408044,0
408045,0
408046,0
408047,0
408048,0
408049,0
408050,0
408051,0
408052,0
408053,0
408054,0
408055,0
408056,0
408057,0
408058,0
408059,0
408060,0
408061,0
408062,0
408063,0
408064,0
408065,0
408066,0
408067,28
408068,0
408069,0
408070,0
408071,0
408072,0
408073,0
408074,0
408075,0
408076,0
408077,0
408078,0
408079,0
408080,0
408081,0
408082,0
408083,0
408084,0
408085,0
408086,0
408087,0
408088,0
408089,0
408090,0
408091,0
408092,0
408093,0
408094,0
408095,33
408096,0
408097,0
408098,0
408099,0
408100,0
408101,0
408102,0
408103,0
408104,0
408105,0
408106,44
408107,0
408108,38
408109,0
408110,0
408111,0
408112,0
408113,0
408114,0
408115,0
408116,0
408117,0
408118,0
408119,0
408120,0
408121,0
408122,0
408123,0
408124,0
408125,0
408126,0
408127,0
408128,0
408129,0
408130,0
408131,0
408132,0
408133,0
408134,0
408135,0
408136,0
408137,0
408138,0
408139,0
408140,0
408141,0
408142,0
408143,0
408144,0
408145,0
408146,0
408147,0
408148,0
408149,0
408150,0
408151,35
408152,0
408153,0
408154,0
408155,0
408156,0
408157,0
408158,0
408159,0
408160,0
408161,33
408162,0
408163,0
408164,0
408165,0
408166,0
408167,0
408168,0
408169,0
408170,0
408171,0
408172,0
408173,0
408174,0
408175,0
408176,0
408177,0
408178,0
408179,0
408180,0
408181,0
408182,0
408183,0
408184,0
408185,0
408186,0
408187,19
408188,22
408189,0
408190,0
408191,45
408192,0
408193,0
408194,0
408195,0
408196,0
408197,0
408198,29
408199,28
408200,52
408201,0
408202,0
408203,0
408204,25
408205,0
408206,0
408207,26
408208,0
408209,0
408210,0
408211,0
408212,0
408213,32
408214,0
408215,22
408216,20
408217,24
408218,42
408219,0
408220,0
408221,0
408222,0
408223,0
408224,29
408225,0
408226,0
408227,21
408228,0
408229,40
408230,0
408231,0
408232,0
408233,0
408234,26
408235,0
408236,0
408237,0
408238,0
408239,0
408240,0
408241,0
408242,0
408243,0
408244,0
408245,0
408246,0
408247,0
408248,0
408249,19
408250,0
408251,0
408252,0
408253,31
408254,0
408255,46
408256,0
408257,0
408258,16
408259,18
408260,0
408261,25
408262,32
408263,0
408264,23
408265,0
408266,28
408267,0
408268,0
408269,0
408270,0
408271,0
408272,0
408273,0
408274,0
408275,33
408276,0
408277,22
408278,31
408279,0
408280,0
408281,0
408282,63
408283,0
408284,0
408285,0
408286,0
408287,0
408288,33
408289,22
408290,0
408291,0
408292,0
408293,0
408294,0
408295,28
408296,0
408297,0
408298,0
408299,35
408300,28
408301,0
408302,0
408303,0
408304,0
408305,0
408306,39
408307,38
408308,0
408309,0
408310,0
408311,30
408312,0
408313,49
408314,0
408315,0
408316,0
408317,0
408318,0
408319,0
408320,0
408321,0
408322,0
408323,0
408324,0
408325,0
408326,0
408327,0
408328,0
408329,0
408330,44
408331,0
408332,0
408333,25
408334,45
408335,0
408336,0
408337,0
408338,37
408339,0
408340,0
408341,44
408342,0
408343,0
408344,0
408345,0
408346,35
408347,39
408348,0
408349,40
408350,0
408351,0
408352,40
408353,33
408354,22
408355,39
408356,0
408357,0
408358,0
408359,0
408360,26
408361,38
408362,0
408363,0
408364,0
408365,0
408366,37
408367,0
408368,0
408369,0
408370,0
408371,0
408372,0
408373,0
408374,33
408375,0
408376,33
408377,0
408378,20
408379,0
408380,0
408381,0
408382,31
408383,0
408384,0
408385,0
408386,26
408387,0
408388,0
408389,0
408390,0
408391,34
408392,26
408393,0
408394,0
408395,0
408396,0
408397,0
408398,0
408399,42
408400,22
408401,41
408402,0
408403,0
408404,27
408405,0
408406,33
408407,0
408408,0
408409,0
408410,29
408411,41
408412,29
408413,0
408414,0
408415,0
408416,0
408417,0
408418,0
408419,0
408420,0
408421,25
408422,0
408423,0
408424,0
408425,0
408426,0
408427,45
408428,0
408429,0
408430,0
408431,0
408432,0
408433,0
408434,0
408435,0
408436,0
408437,30
408438,0
408439,0
408440,23
408441,0
408442,0
408443,0
408444,34
408445,0
408446,0
408447,45
408448,0
408449,0
408450,0
408451,31
408452,0
408453,0
408454,30
408455,0
408456,0
408457,0
408458,0
408459,0
408460,0
408461,28
408462,34
408463,0
408464,0
408465,0
408466,0
408467,0
408468,26
408469,0
408470,0
408471,37
408472,0
408473,0
408474,32
408475,32
408476,0
408477,0
408478,37
408479,0
408480,0
408481,45
408482,0
408483,0
408484,26
408485,0
408486,0
408487,0
408488,0
408489,42
408490,0
408491,0
408492,25
408493,0
408494,0
408495,0
408496,0
408497,0
408498,0
408499,0
408500,0
408501,40
408502,0
408503,0
408504,0
408505,32
408506,32
408507,23
408508,0
408509,29
408510,35
408511,0
408512,0
408513,0
408514,0
408515,24
408516,0
408517,27
408518,0
408519,0
408520,0
408521,0
408522,32
408523,0
408524,0
408525,0
408526,0
408527,0
408528,0
408529,0
408530,0
408531,32
408532,0
408533,0
408534,0
408535,0
408536,0
408537,0
408538,43
408539,28
408540,33
408541,0
408542,0
408543,26
408544,0
408545,0
408546,0
408547,0
408548,0
408549,0
408550,39
408551,0
408552,0
408553,0
408554,0
408555,0
408556,0
408557,0
408558,0
408559,0
408560,0
408561,35
408562,0
408563,0
408564,0
408565,0
408566,0
408567,0
408568,26
408569,0
408570,0
408571,24
408572,27
408573,0
408574,0
408575,25
408576,0
408577,59
408578,36
408579,0
408580,23
408581,33
408582,0
408583,0
408584,0
408585,0
408586,0
408587,0
408588,0
408589,0
408590,0
408591,0
408592,0
408593,0
408594,21
408595,0
408596,34
408597,0
408598,0
408599,0
408600,24
408601,25
408602,0
408603,0
408604,0
408605,0
408606,0
408607,0
408608,0
408609,36
408610,0
408611,30
408612,40
408613,0
408614,0
408615,0
408616,0
408617,0
408618,45
408619,25
408620,0
408621,30
408622,0
408623,0
408624,0
408625,21
408626,0
408627,0
408628,0
408629,0
408630,0
408631,0
408632,23
408633,34
408634,0
408635,44
408636,23
408637,0
408638,0
408639,0
408640,0
408641,0
408642,30
408643,0
408644,0
408645,0
408646,23
408647,0
408648,0
408649,0
408650,0
408651,0
408652,0
408653,34
408654,0
408655,0
408656,0
408657,28
408658,0
408659,0
408660,0
408661,0
408662,0
408663,0
408664,0
408665,0
408666,0
408667,0
408668,0
408669,37
408670,0
408671,0
408672,0
408673,0
408674,0
408675,8
408676,0
408677,0
408678,0
408679,37
408680,0
408681,0
408682,0
408683,0
408684,0
408685,0
408686,30
408687,0
408688,0
408689,0
408690,0
408691,38
408692,0
408693,0
408694,25
408695,0
408696,0
408697,0
408698,0
408699,0
408700,0
408701,34
408702,0
408703,0
408704,0
408705,0
408706,26
408707,0
408708,28
408709,0
408710,0
408711,26
408712,0
408713,0
408714,0
408715,23
408716,0
408717,0
408718,39
408719,0
408720,0
408721,0
408722,0
408723,0
408724,0
408725,33
408726,0
408727,0
408728,0
408729,38
408730,0
408731,0
408732,0
408733,0
408734,0
408735,0
408736,25
408737,0
408738,0
408739,0
408740,34
408741,0
408742,0
408743,0
408744,0
408745,0
408746,0
408747,32
408748,0
408749,0
408750,0
408751,0
408752,0
408753,21
408754,0
408755,0
408756,0
408757,0
408758,35
408759,31
408760,0
408761,27
408762,0
408763,0
408764,0
408765,0
408766,21
408767,0
408768,0
408769,0
408770,0
408771,0
408772,0
408773,0
408774,43
408775,0
408776,45
408777,0
408778,22
408779,0
408780,0
408781,0
408782,43
408783,0
408784,0
408785,0
408786,24
408787,0
408788,31
408789,0
408790,0
408791,0
408792,43
408793,0
408794,0
408795,0
408796,0
408797,0
408798,0
408799,0
408800,0
408801,0
408802,0
408803,0
408804,0
408805,0
408806,0
408807,46
408808,28
408809,0
408810,0
408811,40
408812,0
408813,0
408814,22
408815,0
408816,0
408817,0
408818,0
408819,0
408820,0
408821,0
408822,42
408823,0
408824,0
408825,0
408826,0
408827,0
408828,0
408829,45
408830,38
408831,22
408832,0
408833,0
408834,0
408835,0
408836,27
408837,0
408838,0
408839,38
408840,0
408841,25
408842,25
408843,0
408844,0
408845,0
408846,0
408847,0
408848,0
408849,0
408850,0
408851,29
408852,0
408853,0
408854,23
408855,38
408856,0
408857,0
408858,0
408859,0
408860,0
408861,33
408862,23
408863,28
408864,0
408865,0
408866,33
408867,0
408868,0
408869,0
408870,0
408871,0
408872,0
408873,0
408874,0
408875,30
408876,0
408877,0
408878,21
408879,0
408880,0
408881,0
408882,25
408883,0
408884,0
408885,0
408886,0
408887,39
408888,0
408889,0
408890,0
408891,0
408892,32
408893,0
408894,0
408895,29
408896,32
408897,0
408898,0
408899,34
408900,0
408901,0
408902,0
408903,42
408904,0
408905,26
408906,36
408907,33
408908,0
408909,0
408910,0
408911,0
408912,32
408913,19
408914,22
408915,0
408916,20
408917,0
408918,0
408919,39
408920,25
408921,30
408922,0
408923,0
408924,0
408925,0
408926,0
408927,0
408928,0
408929,22
408930,0
408931,41
408932,0
408933,0
408934,0
408935,35
408936,0
408937,33
408938,0
408939,34
408940,0
408941,0
408942,0
408943,0
408944,0
408945,0
408946,24
408947,27
408948,28
408949,0
408950,39
408951,21
408952,0
408953,0
408954,0
408955,47
408956,0
408957,0
408958,0
408959,0
408960,0
408961,0
408962,0
408963,0
408964,0
408965,0
408966,39
408967,0
408968,0
408969,0
408970,0
408971,36
408972,0
408973,0
408974,0
408975,0
408976,0
408977,29
408978,0
408979,0
408980,0
408981,0
408982,0
408983,0
408984,0
408985,0
408986,24
408987,0
408988,0
408989,0
408990,40
408991,0
408992,0
408993,0
408994,0
408995,0
408996,25
408997,0
408998,0
408999,0
409000,0
409001,0
409002,30
409003,0
409004,0
409005,29
409006,0
409007,0
409008,11
409009,0
409010,0
409011,21
409012,0
409013,0
409014,0
409015,0
409016,0
409017,0
409018,30
409019,36
409020,0
409021,33
409022,0
409023,0
409024,0
409025,0
409026,0
409027,28
409028,0
409029,0
409030,28
409031,0
409032,0
409033,0
409034,0
409035,0
409036,0
409037,0
409038,0
409039,21
409040,39
409041,0
409042,0
409043,0
409044,0
409045,0
409046,41
409047,0
409048,33
409049,34
409050,0
409051,0
409052,0
409053,0
409054,0
409055,30
409056,0
409057,0
409058,0
409059,0
409060,0
409061,0
409062,40
409063,27
409064,0
409065,0
409066,33
409067,0
409068,0
409069,25
409070,0
409071,0
409072,0
409073,0
409074,0
409075,0
409076,32
409077,0
409078,0
409079,0
409080,0
409081,0
409082,0
409083,0
409084,36
409085,0
409086,0
409087,0
409088,0
409089,19
409090,33
409091,0
409092,37
409093,0
409094,30
409095,0
409096,19
409097,27
409098,0
409099,0
409100,0
409101,0
409102,35
409103,0
409104,0
409105,14
409106,18
409107,0
409108,0
409109,0
409110,0
409111,0
409112,38
409113,0
409114,34
409115,0
409116,0
409117,27
409118,0
409119,0
409120,0
409121,0
409122,0
409123,0
409124,0
409125,0
409126,0
409127,0
409128,0
409129,0
409130,0
409131,0
409132,0
409133,0
409134,29
409135,25
409136,0
409137,36
409138,0
409139,0
409140,0
409141,0
409142,39
409143,0
409144,36
409145,0
409146,0
409147,0
409148,0
409149,24
409150,0
409151,26
409152,0
409153,0
409154,0
409155,35
409156,0
409157,0
409158,0
409159,0
409160,0
409161,18
409162,44
409163,0
409164,0
409165,28
409166,0
409167,0
409168,24
409169,0
409170,31
409171,33
409172,35
409173,0
409174,0
409175,0
409176,41
409177,0
409178,0
409179,46
409180,0
409181,17
409182,0
409183,0
409184,39
409185,24
409186,0
409187,0
409188,0
409189,0
409190,0
409191,0
409192,29
409193,0
409194,26
409195,0
409196,0
409197,0
409198,19
409199,23
409200,0
409201,30
409202,0
409203,0
409204,0
409205,0
409206,0
409207,26
409208,0
409209,0
409210,24
409211,27
409212,0
409213,0
409214,0
409215,0
409216,23
409217,0
409218,0
409219,0
409220,0
409221,34
409222,0
409223,38
409224,0
409225,0
409226,37
409227,0
409228,0
409229,0
409230,0
409231,26
409232,29
409233,40
409234,31
409235,32
409236,0
409237,0
409238,0
409239,0
409240,0
409241,0
409242,0
409243,0
409244,0
409245,0
409246,0
409247,0
409248,0
409249,0
409250,0
409251,48
409252,31
409253,33
409254,0
409255,29
409256,19
409257,0
409258,0
409259,31
409260,0
409261,0
409262,0
409263,0
409264,0
409265,0
409266,0
409267,0
409268,0
409269,0
409270,43
409271,0
409272,33
409273,0
409274,0
409275,0
409276,0
409277,22
409278,31
409279,0
409280,0
409281,0
409282,0
409283,0
409284,0
409285,0
409286,0
409287,49
409288,0
409289,27
409290,0
409291,0
409292,0
409293,0
409294,0
409295,0
409296,0
409297,0
409298,36
409299,31
409300,0
409301,28
409302,29
409303,0
409304,0
409305,0
409306,62
409307,26
409308,0
409309,0
409310,27
409311,0
409312,20
409313,0
409314,0
409315,0
409316,0
409317,27
409318,0
409319,0
409320,0
409321,0
409322,0
409323,0
409324,0
409325,0
409326,41
409327,0
409328,0
409329,0
409330,24
409331,0
409332,0
409333,0
409334,0
409335,0
409336,0
409337,0
409338,0
409339,0
409340,26
409341,0
409342,0
409343,36
409344,0
409345,0
409346,35
409347,0
409348,0
409349,0
409350,0
409351,0
409352,0
409353,0
409354,0
409355,25
409356,0
409357,0
409358,0
409359,0
409360,0
409361,0
409362,0
409363,0
409364,0
409365,0
409366,0
409367,0
409368,0
409369,16
409370,0
409371,0
409372,0
409373,0
409374,0
409375,33
409376,0
409377,20
409378,32
409379,33
409380,0
409381,0
409382,0
409383,39
409384,24
409385,30
409386,0
409387,0
409388,0
409389,0
409390,0
409391,37
409392,43
409393,38
409394,0
409395,28
409396,0
409397,0
409398,0
409399,0
409400,0
409401,31
409402,0
409403,0
409404,0
409405,0
409406,0
409407,0
409408,0
409409,0
409410,0
409411,0
409412,44
409413,0
409414,29
409415,0
409416,0
409417,0
409418,33
409419,0
409420,0
409421,0
409422,38
409423,40
409424,37
409425,0
409426,0
409427,32
409428,0
409429,39
409430,33
409431,0
409432,0
409433,0
409434,28
409435,0
409436,0
409437,35
409438,0
409439,0
409440,0
409441,0
409442,0
409443,0
409444,0
409445,0
409446,31
409447,0
409448,0
409449,0
409450,0
409451,0
409452,28
409453,0
409454,31
409455,30
409456,36
409457,22
409458,28
409459,22
409460,0
409461,0
409462,0
409463,32
409464,0
409465,0
409466,0
409467,0
409468,0
409469,40
409470,0
409471,0
409472,24
409473,0
409474,29
409475,0
409476,0
409477,0
409478,0
409479,31
409480,25
409481,25
409482,0
409483,0
409484,0
409485,25
409486,0
409487,0
409488,0
409489,21
409490,23
409491,42
409492,38
409493,0
409494,0
409495,0
409496,34
409497,0
409498,0
409499,0
409500,0
409501,0
409502,36
409503,19
409504,41
409505,0
409506,38
409507,0
409508,0
409509,0
409510,30
409511,0
409512,0
409513,0
409514,28
409515,0
409516,0
409517,39
409518,0
409519,50
409520,36
409521,0
409522,0
409523,0
409524,0
409525,26
409526,0
409527,40
409528,0
409529,0
409530,0
409531,0
409532,0
409533,0
409534,0
409535,0
409536,0
409537,0
409538,0
409539,0
409540,0
409541,27
409542,0
409543,33
409544,0
409545,22
409546,0
409547,0
409548,30
409549,25
409550,0
409551,0
409552,0
409553,0
409554,0
409555,0
409556,0
409557,0
409558,0
409559,29
409560,0
409561,0
409562,0
409563,40
409564,0
409565,0
409566,30
409567,0
409568,35
409569,0
409570,21
409571,0
409572,0
409573,0
409574,0
409575,0
409576,0
409577,0
409578,0
409579,0
409580,0
409581,0
409582,30
409583,37
409584,0
409585,0
409586,37
409587,0
409588,0
409589,0
409590,0
409591,0
409592,0
409593,0
409594,34
409595,35
409596,37
409597,0
409598,0
409599,0
409600,0
409601,34
409602,0
409603,0
409604,38
409605,0
409606,0
409607,0
409608,0
409609,0
409610,31
409611,0
409612,0
409613,0
409614,39
409615,0
409616,35
409617,41
409618,27
409619,13
409620,0
409621,0
409622,0
409623,0
409624,0
409625,0
409626,35
409627,38
409628,27
409629,0
409630,0
409631,21
409632,0
409633,38
409634,0
409635,0
409636,0
409637,0
409638,0
409639,0
409640,31
409641,0
409642,27
409643,32
409644,0
409645,0
409646,0
409647,21
409648,0
409649,0
409650,0
409651,0
409652,0
409653,0
409654,26
409655,0
409656,0
409657,0
409658,23
409659,32
409660,0
409661,32
409662,0
409663,0
409664,0
409665,0
409666,0
409667,0
409668,24
409669,25
409670,0
409671,0
409672,0
409673,0
409674,0
409675,0
409676,0
409677,0
409678,0
409679,0
409680,0
409681,0
409682,0
409683,21
409684,35
409685,0
409686,0
409687,35
409688,27
409689,27
409690,0
409691,0
409692,0
409693,0
409694,0
409695,18
409696,0
409697,0
409698,0
409699,0
409700,0
409701,0
409702,0
409703,0
409704,0
409705,0
409706,40
409707,0
409708,0
409709,0
409710,37
409711,0
409712,0
409713,0
409714,0
409715,0
409716,0
409717,0
409718,0
409719,25
409720,0
409721,0
409722,0
409723,0
409724,0
409725,0
409726,27
409727,0
409728,31
409729,39
409730,30
409731,46
409732,0
409733,0
409734,0
409735,26
409736,0
409737,0
409738,0
409739,41
409740,0
409741,25
409742,0
409743,0
409744,0
409745,0
409746,0
409747,0
409748,0
409749,0
409750,0
409751,0
409752,30
409753,0
409754,37
409755,50
409756,0
409757,0
409758,0
409759,0
409760,0
409761,0
409762,0
409763,0
409764,0
409765,31
409766,0
409767,0
409768,0
409769,0
409770,40
409771,0
409772,0
409773,0
409774,0
409775,0
409776,0
409777,0
409778,25
409779,28
409780,28
409781,27
409782,0
409783,0
409784,0
409785,0
409786,0
409787,0
409788,0
409789,35
409790,0
409791,0
409792,32
409793,0
409794,0
409795,0
409796,21
409797,34
409798,34
409799,19
409800,0
409801,0
409802,34
409803,0
409804,0
409805,0
409806,0
409807,0
409808,0
409809,0
409810,0
409811,0
409812,0
409813,0
409814,0
409815,0
409816,0
409817,0
409818,0
409819,33
409820,0
409821,33
409822,0
409823,0
409824,0
409825,35
409826,0
409827,30
409828,0
409829,29
409830,31
409831,0
409832,0
409833,0
409834,33
409835,0
409836,0
409837,0
409838,0
409839,0
409840,27
409841,0
409842,0
409843,0
409844,31
409845,32
409846,36
409847,0
409848,0
409849,26
409850,0
409851,0
409852,0
409853,0
409854,0
409855,0
409856,0
409857,0
409858,0
409859,0
409860,0
409861,47
409862,0
409863,0
409864,0
409865,0
409866,0
409867,0
409868,0
409869,31
409870,0
409871,33
409872,0
409873,0
409874,0
409875,0
409876,0
409877,29
409878,0
409879,0
409880,0
409881,20
409882,0
409883,0
409884,0
409885,32
409886,0
409887,0
409888,0
409889,0
409890,0
409891,0
409892,33
409893,0
409894,0
409895,0
409896,0
409897,0
409898,33
409899,0
409900,32
409901,0
409902,0
409903,0
409904,0
409905,0
409906,33
409907,0
409908,0
409909,0
409910,0
409911,0
409912,0
409913,0
409914,0
409915,0
409916,0
409917,0
409918,20
409919,0
409920,0
409921,0
409922,0
409923,35
409924,29
409925,0
409926,0
409927,26
409928,48
409929,0
409930,0
409931,0
409932,0
409933,0
409934,0
409935,0
409936,0
409937,0
409938,0
409939,0
409940,0
409941,0
409942,0
409943,14
409944,0
409945,0
409946,0
409947,0
409948,0
409949,0
409950,0
409951,0
409952,0
409953,0
409954,0
409955,0
409956,0
409957,0
409958,0
409959,0
409960,0
409961,16
409962,0
409963,13
409964,0
409965,0
409966,0
409967,0
409968,0
409969,0
409970,0
409971,0
409972,0
409973,0
409974,0
409975,0
409976,0
409977,0
409978,0
409979,0
409980,0
409981,0
409982,0
409983,0
409984,0
409985,0
409986,0
409987,17
409988,0
409989,0
409990,0
409991,16
409992,0
409993,25
409994,0
409995,27
409996,0
409997,0
409998,0
409999,29
410000,12
410001,0
410002,0
410003,0
410004,21
410005,0
410006,0
410007,0
410008,14
410009,0
410010,0
410011,0
410012,0
410013,0
410014,0
410015,0
410016,0
410017,9
410018,0
410019,0
410020,0
410021,0
410022,0
410023,0
410024,0
410025,17
410026,0
410027,17
410028,0
410029,0
410030,0
410031,0
410032,23
410033,0
410034,0
410035,0
410036,12
410037,0
410038,0
410039,0
410040,0
410041,0
410042,0
410043,0
410044,0
410045,0
410046,0
410047,0
410048,0
410049,0
410050,0
410051,0
410052,0
410053,0
410054,0
410055,0
410056,0
410057,0
410058,0
410059,0
410060,0
410061,0
410062,0
410063,0
410064,0
410065,0
410066,0
410067,0
410068,0
410069,0
410070,14
410071,0
410072,0
410073,0
410074,0
410075,0
410076,0
410077,0
410078,0
410079,0
410080,0
410081,0
410082,0
410083,0
410084,0
410085,11
410086,0
410087,8
410088,14
410089,0
410090,0
410091,27
410092,19
410093,0
410094,0
410095,0
410096,28
410097,6
410098,0
410099,0
410100,0
410101,0
410102,0
410103,0
410104,0
410105,12
410106,0
410107,0
410108,0
410109,0
410110,0
410111,0
410112,0
410113,0
410114,0
410115,0
410116,18
410117,0
410118,36
410119,0
410120,0
410121,0
410122,0
410123,0
410124,0
410125,0
410126,37
410127,0
410128,0
410129,0
410130,0
410131,0
410132,17
410133,0
410134,0
410135,0
410136,0
410137,0
410138,0
410139,0
410140,0
410141,0
410142,0
410143,12
410144,0
410145,0
410146,8
410147,0
410148,0
410149,0
410150,0
410151,0
410152,0
410153,0
410154,0
410155,0
410156,14
410157,0
410158,0
410159,28
410160,0
410161,0
410162,0
410163,0
410164,21
410165,0
410166,0
410167,25
410168,0
410169,0
410170,0
410171,0
410172,0
410173,0
410174,0
410175,0
410176,0
410177,24
410178,0
410179,0
410180,0
410181,24
410182,0
410183,21
410184,24
410185,0
410186,0
410187,0
410188,0
410189,0
410190,0
410191,19
410192,0
410193,0
410194,24
410195,25
410196,0
410197,0
410198,28
410199,0
410200,0
410201,5
410202,0
410203,0
410204,0
410205,0
410206,0
410207,0
410208,0
410209,0
410210,0
410211,15
410212,0
410213,0
410214,0
410215,0
410216,0
410217,29
410218,0
410219,25
410220,0
410221,0
410222,0
410223,21
410224,0
410225,14
410226,0
410227,0
410228,0
410229,0
410230,21
410231,0
410232,19
410233,0
410234,21
410235,15
410236,0
410237,0
410238,0
410239,0
410240,0
410241,0
410242,0
410243,9
410244,0
410245,0
410246,0
410247,0
410248,0
410249,0
410250,11
410251,17
410252,20
410253,18
410254,0
410255,0
410256,0
410257,0
410258,0
410259,0
410260,0
410261,13
410262,0
410263,0
410264,0
410265,0
410266,0
410267,0
410268,10
410269,0
410270,0
410271,0
410272,0
410273,15
410274,0
410275,0
410276,0
410277,0
410278,0
410279,18
410280,0
410281,11
410282,0
410283,0
410284,0
410285,0
410286,9
410287,6
410288,0
410289,0
410290,0
410291,0
410292,21
410293,0
410294,0
410295,0
410296,0
410297,0
410298,0
410299,22
410300,15
410301,0
410302,0
410303,0
410304,0
410305,0
410306,0
410307,0
410308,0
410309,0
410310,0
410311,0
410312,0
410313,0
410314,0
410315,0
410316,9
410317,21
410318,0
410319,0
410320,0
410321,0
410322,0
410323,0
410324,0
410325,0
410326,0
410327,0
410328,0
410329,0
410330,0
410331,0
410332,0
410333,0
410334,0
410335,32
410336,0
410337,15
410338,0
410339,0
410340,0
410341,0
410342,0
410343,0
410344,0
410345,0
410346,11
410347,0
410348,0
410349,0
410350,10
410351,0
410352,0
410353,0
410354,0
410355,0
410356,0
410357,0
410358,0
410359,7
410360,0
410361,0
410362,0
410363,0
410364,0
410365,0
410366,0
410367,0
410368,0
410369,0
410370,0
410371,0
410372,0
410373,25
410374,0
410375,0
410376,0
410377,0
410378,0
410379,0
410380,0
410381,0
410382,0
410383,0
410384,0
410385,0
410386,0
410387,0
410388,0
410389,0
410390,0
410391,0
410392,33
410393,19
410394,0
410395,0
410396,0
410397,27
410398,17
410399,0
410400,0
410401,0
410402,0
410403,0
410404,0
410405,0
410406,11
410407,0
410408,0
410409,0
410410,14
410411,0
410412,20
410413,0
410414,0
410415,0
410416,0
410417,0
410418,0
410419,0
410420,9
410421,14
410422,0
410423,0
410424,0
410425,0
410426,0
410427,0
410428,0
410429,0
410430,0
410431,0
410432,0
410433,0
410434,0
410435,0
410436,0
410437,0
410438,9
410439,0
410440,0
410441,0
410442,0
410443,0
410444,0
410445,0
410446,0
410447,0
410448,0
410449,0
410450,0
410451,0
410452,18
410453,10
410454,0
410455,0
410456,0
410457,0
410458,19
410459,0
410460,0
410461,0
410462,0
410463,0
410464,0
410465,13
410466,0
410467,4
410468,0
410469,0
410470,0
410471,0
410472,7
410473,0
410474,0
410475,0
410476,0
410477,0
410478,0
410479,12
410480,0
410481,0
410482,0
410483,15
410484,0
410485,0
410486,0
410487,0
410488,0
410489,0
410490,0
410491,0
410492,0
410493,0
410494,0
410495,0
410496,0
410497,27
410498,0
410499,0
410500,0
410501,0
410502,0
410503,0
410504,0
410505,0
410506,9
410507,0
410508,0
410509,18
410510,0
410511,0
410512,0
410513,26
410514,0
410515,15
410516,16
410517,14
410518,20
410519,0
410520,0
410521,0
410522,0
410523,0
410524,0
410525,0
410526,0
410527,0
410528,17
410529,0
410530,0
410531,0
410532,19
410533,17
410534,0
410535,14
410536,0
410537,0
410538,0
410539,0
410540,0
410541,32
410542,0
410543,19
410544,0
410545,0
410546,30
410547,0
410548,26
410549,0
410550,0
410551,29
410552,25
410553,0
410554,0
410555,0
410556,0
410557,14
410558,0
410559,0
410560,0
410561,24
410562,0
410563,0
410564,0
410565,0
410566,0
410567,0
410568,0
410569,0
410570,0
410571,0
410572,0
410573,0
410574,0
410575,0
410576,0
410577,0
410578,0
410579,0
410580,19
410581,11
410582,0
410583,0
410584,0
410585,0
410586,0
410587,0
410588,22
410589,0
410590,22
410591,0
410592,0
410593,0
410594,0
410595,0
410596,0
410597,10
410598,0
410599,14
410600,16
410601,0
410602,0
410603,0
410604,0
410605,0
410606,0
410607,0
410608,15
410609,0
410610,19
410611,13
410612,0
410613,0
410614,0
410615,0
410616,0
410617,0
410618,17
410619,0
410620,0
410621,0
410622,13
410623,0
410624,10
410625,0
410626,0
410627,0
410628,22
410629,0
410630,0
410631,24
410632,17
410633,0
410634,0
410635,0
410636,0
410637,0
410638,13
410639,0
410640,6
410641,0
410642,14
410643,0
410644,29
410645,0
410646,17
410647,0
410648,0
410649,0
410650,8
410651,0
410652,19
410653,0
410654,0
410655,0
410656,0
410657,0
410658,0
410659,0
410660,0
410661,0
410662,0
410663,0
410664,0
410665,0
410666,0
410667,0
410668,0
410669,0
410670,18
410671,0
410672,15
410673,0
410674,0
410675,0
410676,12
410677,0
410678,24
410679,0
410680,0
410681,0
410682,0
410683,0
410684,0
410685,0
410686,0
410687,15
410688,0
410689,0
410690,0
410691,11
410692,0
410693,0
410694,0
410695,0
410696,10
410697,0
410698,0
410699,0
410700,25
410701,0
410702,0
410703,0
410704,0
410705,23
410706,15
410707,0
410708,0
410709,0
410710,0
410711,0
410712,0
410713,0
410714,0
410715,0
410716,0
410717,14
410718,12
410719,0
410720,20
410721,0
410722,0
410723,16
410724,17
410725,0
410726,21
410727,0
410728,0
410729,0
410730,0
410731,0
410732,0
410733,11
410734,0
410735,0
410736,0
410737,24
410738,0
410739,0
410740,0
410741,0
410742,0
410743,10
410744,0
410745,0
410746,0
410747,0
410748,0
410749,0
410750,0
410751,0
410752,0
410753,9
410754,0
410755,0
410756,0
410757,0
410758,0
410759,0
410760,17
410761,0
410762,0
410763,20
410764,0
410765,0
410766,18
410767,11
410768,0
410769,0
410770,0
410771,0
410772,0
410773,17
410774,0
410775,0
410776,0
410777,0
410778,0
410779,0
410780,0
410781,0
410782,10
410783,0
410784,0
410785,0
410786,0
410787,0
410788,0
410789,0
410790,0
410791,0
410792,0
410793,0
410794,0
410795,31
410796,0
410797,0
410798,0
410799,25
410800,0
410801,0
410802,0
410803,46
410804,28
410805,0
410806,0
410807,0
410808,0
410809,0
410810,0
410811,29
410812,37
410813,0
410814,27
410815,0
410816,0
410817,0
410818,0
410819,0
410820,0
410821,0
410822,0
410823,0
410824,0
410825,0
410826,0
410827,31
410828,47
410829,0
410830,0
410831,0
410832,0
410833,0
410834,29
410835,0
410836,0
410837,0
410838,38
410839,28
410840,0
410841,0
410842,0
410843,0
410844,30
410845,0
410846,0
410847,0
410848,0
410849,0
410850,0
410851,0
410852,0
410853,0
410854,0
410855,33
410856,0
410857,0
410858,23
410859,0
410860,0
410861,31
410862,0
410863,0
410864,38
410865,33
410866,0
410867,37
410868,0
410869,0
410870,0
410871,0
410872,38
410873,28
410874,0
410875,37
410876,0
410877,0
410878,0
410879,0
410880,0
410881,0
410882,0
410883,39
410884,0
410885,0
410886,0
410887,0
410888,0
410889,0
410890,35
410891,0
410892,0
410893,23
410894,27
410895,0
410896,0
410897,0
410898,0
410899,0
410900,0
410901,0
410902,0
410903,26
410904,0
410905,0
410906,0
410907,0
410908,0
410909,0
410910,0
410911,0
410912,40
410913,29
410914,0
410915,0
410916,0
410917,0
410918,0
410919,0
410920,0
410921,0
410922,0
410923,0
410924,0
410925,0
410926,0
410927,0
410928,0
410929,0
410930,0
410931,0
410932,0
410933,0
410934,0
410935,0
410936,0
410937,0
410938,34
410939,35
410940,0
410941,0
410942,0
410943,0
410944,0
410945,43
410946,0
410947,0
410948,0
410949,0
410950,0
410951,0
410952,21
410953,0
410954,39
410955,0
410956,34
410957,0
410958,0
410959,0
410960,0
410961,0
410962,0
410963,0
410964,0
410965,0
410966,0
410967,0
410968,0
410969,0
410970,42
410971,0
410972,42
410973,0
410974,0
410975,0
410976,27
410977,0
410978,0
410979,0
410980,0
410981,0
410982,0
410983,0
410984,0
410985,20
410986,26
410987,0
410988,0
410989,26
410990,0
410991,0
410992,0
410993,0
410994,0
410995,0
410996,0
410997,32
410998,0
410999,0
411000,36
411001,0
411002,0
411003,0
411004,0
411005,0
411006,0
411007,0
411008,0
411009,0
411010,0
411011,0
411012,0
411013,37
411014,0
411015,0
411016,0
411017,0
411018,0
411019,0
411020,0
411021,0
411022,0
411023,0
411024,0
411025,29
411026,0
411027,24
411028,0
411029,0
411030,0
411031,0
411032,0
411033,34
411034,0
411035,0
411036,0
411037,0
411038,0
411039,0
411040,0
411041,0
411042,0
411043,31
411044,0
411045,0
411046,0
411047,36
411048,24
411049,0
411050,0
411051,0
411052,0
411053,0
411054,24
411055,0
411056,0
411057,39
411058,31
411059,0
411060,39
411061,0
411062,0
411063,0
411064,0
411065,0
411066,0
411067,26
411068,24
411069,0
411070,41
411071,0
411072,0
411073,0
411074,31
411075,0
411076,28
411077,0
411078,0
411079,0
411080,0
411081,0
411082,0
411083,27
411084,0
411085,0
411086,0
411087,0
411088,0
411089,0
411090,0
411091,0
411092,46
411093,52
411094,0
411095,0
411096,0
411097,0
411098,0
411099,0
411100,0
411101,0
411102,0
411103,34
411104,35
411105,24
411106,0
411107,0
411108,36
411109,0
411110,22
411111,0
411112,0
411113,0
411114,21
411115,0
411116,52
411117,28
411118,36
411119,0
411120,0
411121,23
411122,31
411123,0
411124,24
411125,0
411126,0
411127,0
411128,0
411129,0
411130,38
411131,0
411132,0
411133,18
411134,0
411135,0
411136,25
411137,23
411138,29
411139,0
411140,0
411141,0
411142,0
411143,0
411144,45
411145,0
411146,40
411147,0
411148,0
411149,0
411150,0
411151,0
411152,0
411153,0
411154,0
411155,0
411156,0
411157,27
411158,0
411159,0
411160,0
411161,0
411162,36
411163,0
411164,0
411165,0
411166,41
411167,0
411168,0
411169,0
411170,0
411171,25
411172,0
411173,0
411174,0
411175,0
411176,0
411177,0
411178,0
411179,0
411180,0
411181,35
411182,0
411183,0
411184,0
411185,28
411186,0
411187,0
411188,0
411189,22
411190,0
411191,29
411192,0
411193,0
411194,0
411195,0
411196,41
411197,0
411198,0
411199,0
411200,0
411201,0
411202,0
411203,37
411204,0
411205,36
411206,24
411207,0
411208,36
411209,0
411210,0
411211,33
411212,0
411213,0
411214,0
411215,38
411216,0
411217,0
411218,26
411219,0
411220,0
411221,0
411222,0
411223,0
411224,31
411225,0
411226,0
411227,0
411228,0
411229,0
411230,0
411231,0
411232,0
411233,0
411234,0
411235,19
411236,0
411237,0
411238,0
411239,0
411240,0
411241,0
411242,0
411243,34
411244,0
411245,33
411246,0
411247,0
411248,0
411249,0
411250,0
411251,0
411252,38
411253,0
411254,0
411255,0
411256,0
411257,34
411258,0
411259,0
411260,0
411261,0
411262,41
411263,0
411264,0
411265,29
411266,32
411267,0
411268,0
411269,0
411270,30
411271,0
411272,43
411273,0
411274,0
411275,0
411276,0
411277,0
411278,32
411279,0
411280,0
411281,0
411282,0
411283,0
411284,0
411285,30
411286,45
411287,41
411288,0
411289,0
411290,0
411291,0
411292,0
411293,33
411294,0
411295,0
411296,0
411297,40
411298,0
411299,0
411300,0
411301,0
411302,0
411303,0
411304,0
411305,0
411306,0
411307,0
411308,0
411309,0
411310,29
411311,0
411312,30
411313,0
411314,0
411315,0
411316,0
411317,0
411318,32
411319,0
411320,0
411321,0
411322,0
411323,0
411324,41
411325,0
411326,30
411327,0
411328,0
411329,0
411330,37
411331,0
411332,0
411333,0
411334,0
411335,30
411336,0
411337,0
411338,0
411339,0
411340,0
411341,25
411342,0
411343,0
411344,0
411345,0
411346,0
411347,0
411348,39
411349,0
411350,29
411351,33
411352,36
411353,0
411354,0
411355,0
411356,0
411357,0
411358,0
411359,0
411360,0
411361,0
411362,0
411363,35
411364,0
411365,0
411366,0
411367,32
411368,0
411369,0
411370,0
411371,0
411372,0
411373,31
411374,0
411375,0
411376,0
411377,42
411378,46
411379,38
411380,0
411381,0
411382,0
411383,0
411384,0
411385,28
411386,0
411387,0
411388,0
411389,28
411390,38
411391,0
411392,0
411393,0
411394,0
411395,20
411396,0
411397,0
411398,33
411399,0
411400,0
411401,0
411402,0
411403,0
411404,0
411405,0
411406,0
411407,0
411408,0
411409,0
411410,0
411411,0
411412,0
411413,0
411414,0
411415,35
411416,0
411417,29
411418,0
411419,33
411420,27
411421,32
411422,0
411423,0
411424,17
411425,0
411426,30
411427,0
411428,0
411429,25
411430,0
411431,30
411432,0
411433,0
411434,0
411435,0
411436,34
411437,0
411438,0
411439,0
411440,43
411441,0
411442,0
411443,38
411444,22
411445,0
411446,0
411447,0
411448,0
411449,44
411450,0
411451,25
411452,0
411453,20
411454,0
411455,0
411456,0
411457,0
411458,0
411459,24
411460,24
411461,0
411462,0
411463,35
411464,0
411465,0
411466,0
411467,34
411468,0
411469,0
411470,24
411471,0
411472,0
411473,0
411474,0
411475,0
411476,19
411477,37
411478,0
411479,24
411480,0
411481,0
411482,0
411483,0
411484,37
411485,0
411486,0
411487,0
411488,30
411489,0
411490,42
411491,0
411492,0
411493,0
411494,0
411495,0
411496,0
411497,0
411498,0
411499,0
411500,0
411501,34
411502,0
411503,0
411504,0
411505,0
411506,0
411507,30
411508,0
411509,0
411510,0
411511,0
411512,0
411513,19
411514,0
411515,0
411516,17
411517,0
411518,0
411519,0
411520,0
411521,0
411522,32
411523,27
411524,0
411525,0
411526,0
411527,0
411528,0
411529,0
411530,0
411531,0
411532,0
411533,0
411534,0
411535,0
411536,0
411537,0
411538,0
411539,0
411540,0
411541,0
411542,35
411543,0
411544,0
411545,37
411546,31
411547,43
411548,0
411549,0
411550,0
411551,0
411552,0
411553,0
411554,0
411555,0
411556,0
411557,0
411558,38
411559,0
411560,43
411561,0
411562,0
411563,34
411564,24
411565,30
411566,0
411567,0
411568,0
411569,0
411570,0
411571,22
411572,0
411573,0
411574,0
411575,0
411576,42
411577,0
411578,0
411579,0
411580,33
411581,0
411582,0
411583,44
411584,0
411585,37
411586,0
411587,0
411588,0
411589,0
411590,35
411591,0
411592,0
411593,0
411594,0
411595,0
411596,0
411597,0
411598,0
411599,34
411600,43
411601,0
411602,0
411603,0
411604,0
411605,0
411606,41
411607,0
411608,0
411609,0
411610,0
411611,0
411612,0
411613,0
411614,0
411615,0
411616,0
411617,0
411618,0
411619,0
411620,0
411621,0
411622,0
411623,40
411624,0
411625,0
411626,33
411627,0
411628,0
411629,0
411630,0
411631,28
411632,0
411633,0
411634,0
411635,0
411636,0
411637,0
411638,0
411639,0
411640,27
411641,0
411642,0
411643,0
411644,0
411645,0
411646,0
411647,0
411648,0
411649,0
411650,0
411651,0
411652,0
411653,0
411654,0
411655,0
411656,0
411657,0
411658,0
411659,31
411660,0
411661,0
411662,0
411663,0
411664,0
411665,27
411666,0
411667,0
411668,0
411669,0
411670,0
411671,0
411672,0
411673,0
411674,0
411675,0
411676,0
411677,35
411678,0
411679,0
411680,0
411681,0
411682,0
411683,0
411684,0
411685,0
411686,0
411687,0
411688,38
411689,32
411690,33
411691,35
411692,0
411693,0
411694,0
411695,0
411696,0
411697,0
411698,0
411699,0
411700,0
411701,0
411702,45
411703,0
411704,40
411705,0
411706,0
411707,0
411708,0
411709,31
411710,0
411711,0
411712,0
411713,0
411714,0
411715,0
411716,0
411717,0
411718,52
411719,0
411720,0
411721,0
411722,0
411723,0
411724,0
411725,0
411726,0
411727,0
411728,0
411729,0
411730,0
411731,0
411732,49
411733,0
411734,0
411735,0
411736,0
411737,34
411738,0
411739,0
411740,0
411741,0
411742,0
411743,0
411744,0
411745,0
411746,0
411747,0
411748,0
411749,0
411750,0
411751,0
411752,0
411753,0
411754,0
411755,0
411756,0
411757,0
411758,0
411759,0
411760,0
411761,0
411762,0
411763,0
411764,0
411765,0
411766,0
411767,0
411768,0
411769,0
411770,0
411771,0
411772,0
411773,0
411774,0
411775,0
411776,0
411777,0
411778,0
411779,0
411780,0
411781,0
411782,0
411783,0
411784,0
411785,0
411786,0
411787,0
411788,43
411789,0
411790,0
411791,0
411792,0
411793,18
411794,0
411795,55
411796,39
411797,0
411798,17
411799,0
411800,0
411801,0
411802,0
411803,0
411804,0
411805,0
411806,0
411807,0
411808,0
411809,0
411810,34
411811,0
411812,0
411813,0
411814,23
411815,30
411816,0
411817,0
411818,0
411819,0
411820,0
411821,0
411822,0
411823,0
411824,0
411825,0
411826,0
411827,0
411828,0
411829,0
411830,0
411831,0
411832,0
411833,0
411834,0
411835,30
411836,0
411837,0
411838,0
411839,0
411840,0
411841,0
411842,0
411843,0
411844,0
411845,0
411846,0
411847,0
411848,0
411849,0
411850,0
411851,0
411852,0
411853,0
411854,0
411855,0
411856,0
411857,0
411858,34
411859,54
411860,0
411861,0
411862,0
411863,0
411864,0
411865,41
411866,0
411867,0
411868,0
411869,0
411870,0
411871,0
411872,0
411873,0
411874,0
411875,0
411876,0
411877,27
411878,0
411879,0
411880,0
411881,0
411882,0
411883,33
411884,0
411885,0
411886,0
411887,0
411888,0
411889,35
411890,0
411891,41
411892,42
411893,43
411894,0
411895,0
411896,0
411897,24
411898,0
411899,0
411900,0
411901,0
411902,0
411903,0
411904,0
411905,0
411906,0
411907,0
411908,52
411909,0
411910,0
411911,0
411912,49
411913,0
411914,0
411915,0
411916,0
411917,0
411918,0
411919,0
411920,0
411921,0
411922,0
411923,0
411924,0
411925,0
411926,0
411927,0
411928,0
411929,0
411930,21
411931,0
411932,0
411933,0
411934,0
411935,0
411936,0
411937,0
411938,0
411939,0
411940,0
411941,0
411942,29
411943,0
411944,0
411945,0
411946,0
411947,0
411948,0
411949,0
411950,0
411951,0
411952,0
411953,0
411954,0
411955,26
411956,0
411957,0
411958,38
411959,36
411960,0
411961,27
411962,0
411963,0
411964,0
411965,0
411966,0
411967,0
411968,0
411969,0
411970,34
411971,0
411972,0
411973,0
411974,0
411975,0
411976,0
411977,0
411978,0
411979,0
411980,0
411981,0
411982,0
411983,0
411984,0
411985,0
411986,24
411987,0
411988,24
411989,35
411990,0
411991,0
411992,0
411993,0
411994,0
411995,0
411996,0
411997,0
411998,0
411999,0
412000,0
412001,32
412002,0
412003,38
412004,0
412005,26
412006,0
412007,0
412008,0
412009,0
412010,0
412011,0
412012,34
412013,0
412014,0
412015,0
412016,28
412017,0
412018,0
412019,0
412020,0
412021,0
412022,0
412023,0
412024,0
412025,0
412026,0
412027,0
412028,0
412029,0
412030,0
412031,0
412032,0
412033,0
412034,0
412035,0
412036,0
412037,0
412038,0
412039,0
412040,36
412041,0
412042,0
412043,0
412044,0
412045,0
412046,0
412047,0
412048,0
412049,0
412050,23
412051,26
412052,0
412053,36
412054,0
412055,0
412056,0
412057,0
412058,0
412059,0
412060,0
412061,0
412062,0
412063,0
412064,0
412065,33
412066,0
412067,0
412068,0
412069,32
412070,0
412071,0
412072,0
412073,0
412074,0
412075,0
412076,0
412077,0
412078,0
412079,0
412080,0
412081,0
412082,0
412083,0
412084,0
412085,0
412086,0
412087,0
412088,0
412089,0
412090,0
412091,0
412092,0
412093,0
412094,0
412095,0
412096,0
412097,0
412098,0
412099,34
412100,0
412101,43
412102,0
412103,0
412104,0
412105,0
412106,0
412107,0
412108,0
412109,0
412110,0
412111,0
412112,0
412113,0
412114,31
412115,0
412116,0
412117,0
412118,0
412119,0
412120,37
412121,34
412122,0
412123,0
412124,0
412125,0
412126,0
412127,0
412128,0
412129,0
412130,30
412131,0
412132,0
412133,7
412134,0
412135,0
412136,0
412137,14
412138,0
412139,0
412140,9
412141,0
412142,8
412143,0
412144,0
412145,0
412146,0
412147,0
412148,0
412149,0
412150,0
412151,0
412152,0
412153,0
412154,0
412155,0
412156,16
412157,0
412158,6
412159,0
412160,0
412161,0
412162,0
412163,0
412164,16
412165,0
412166,0
412167,0
412168,0
412169,0
412170,0
412171,0
412172,0
412173,0
412174,9
412175,0
412176,0
412177,12
412178,0
412179,0
412180,0
412181,12
412182,0
412183,13
412184,0
412185,9
412186,18
412187,0
412188,0
412189,0
412190,21
412191,14
412192,0
412193,0
412194,0
412195,0
412196,0
412197,0
412198,0
412199,6
412200,0
412201,12
412202,0
412203,0
412204,0
412205,0
412206,9
412207,0
412208,0
412209,0
412210,0
412211,0
412212,19
412213,11
412214,0
412215,0
412216,0
412217,0
412218,18
412219,0
412220,10
412221,0
412222,5
412223,0
412224,0
412225,0
412226,10
412227,0
412228,0
412229,9
412230,10
412231,0
412232,0
412233,0
412234,8
412235,0
412236,0
412237,0
412238,0
412239,0
412240,0
412241,0
412242,0
412243,0
412244,14
412245,0
412246,0
412247,0
412248,0
412249,0
412250,0
412251,0
412252,0
412253,0
412254,0
412255,0
412256,0
412257,11
412258,0
412259,0
412260,0
412261,0
412262,13
412263,0
412264,0
412265,0
412266,0
412267,0
412268,0
412269,11
412270,0
412271,0
412272,13
412273,0
412274,0
412275,0
412276,11
412277,0
412278,0
412279,0
412280,15
412281,9
412282,0
412283,0
412284,0
412285,0
412286,0
412287,0
412288,0
412289,0
412290,0
412291,7
412292,0
412293,0
412294,0
412295,9
412296,0
412297,0
412298,0
412299,0
412300,0
412301,0
412302,0
412303,0
412304,0
412305,0
412306,10
412307,0
412308,0
412309,0
412310,16
412311,0
412312,0
412313,0
412314,0
412315,0
412316,0
412317,0
412318,0
412319,0
412320,0
412321,0
412322,0
412323,0
412324,0
412325,0
412326,0
412327,12
412328,0
412329,0
412330,0
412331,0
412332,0
412333,0
412334,0
412335,0
412336,0
412337,0
412338,20
412339,0
412340,0
412341,18
412342,13
412343,0
412344,10
412345,15
412346,0
412347,0
412348,0
412349,0
412350,6
412351,0
412352,0
412353,0
412354,0
412355,0
412356,0
412357,8
412358,0
412359,0
412360,0
412361,18
412362,0
412363,0
412364,0
412365,0
412366,0
412367,0
412368,0
412369,0
412370,0
412371,0
412372,0
412373,9
412374,0
412375,0
412376,0
412377,0
412378,0
412379,0
412380,0
412381,0
412382,0
412383,28
412384,0
412385,0
412386,0
412387,0
412388,0
412389,0
412390,0
412391,0
412392,0
412393,0
412394,0
412395,23
412396,0
412397,0
412398,0
412399,0
412400,0
412401,0
412402,0
412403,0
412404,20
412405,0
412406,0
412407,0
412408,27
412409,0
412410,27
412411,0
412412,0
412413,0
412414,0
412415,0
412416,0
412417,25
412418,0
412419,0
412420,0
412421,36
412422,0
412423,0
412424,0
412425,0
412426,29
412427,0
412428,0
412429,0
412430,0
412431,0
412432,0
412433,0
412434,0
412435,0
412436,21
412437,0
412438,0
412439,0
412440,0
412441,0
412442,0
412443,0
412444,0
412445,0
412446,0
412447,0
412448,0
412449,0
412450,0
412451,0
412452,0
412453,0
412454,0
412455,24
412456,0
412457,0
412458,0
412459,0
412460,0
412461,0
412462,0
412463,0
412464,21
412465,0
412466,29
412467,28
412468,22
412469,0
412470,24
412471,0
412472,28
412473,23
412474,33
412475,0
412476,0
412477,0
412478,0
412479,0
412480,0
412481,0
412482,0
412483,0
412484,0
412485,30
412486,0
412487,0
412488,0
412489,0
412490,0
412491,37
412492,19
412493,0
412494,0
412495,0
412496,22
412497,27
412498,0
412499,20
412500,0
412501,0
412502,0
412503,0
412504,0
412505,41
412506,36
412507,0
412508,0
412509,0
412510,0
412511,0
412512,0
412513,0
412514,0
412515,0
412516,19
412517,0
412518,0
412519,0
412520,0
412521,0
412522,0
412523,0
412524,0
412525,27
412526,0
412527,0
412528,0
412529,0
412530,0
412531,0
412532,25
412533,0
412534,0
412535,0
412536,0
412537,0
412538,0
412539,0
412540,0
412541,41
412542,0
412543,69
412544,43
412545,0
412546,0
412547,0
412548,0
412549,0
412550,35
412551,0
412552,0
412553,0
412554,0
412555,0
412556,34
412557,0
412558,0
412559,0
412560,0
412561,32
412562,46
412563,0
412564,0
412565,0
412566,0
412567,0
412568,0
412569,0
412570,0
412571,0
412572,47
412573,68
412574,0
412575,0
412576,0
412577,0
412578,34
412579,0
412580,27
412581,0
412582,32
412583,0
412584,0
412585,0
412586,0
412587,0
412588,31
412589,0
412590,0
412591,27
412592,0
412593,0
412594,0
412595,0
412596,0
412597,0
412598,0
412599,0
412600,0
412601,0
412602,0
412603,0
412604,34
412605,0
412606,0
412607,0
412608,0
412609,0
412610,0
412611,0
412612,0
412613,32
412614,72
412615,62
412616,0
412617,0
412618,0
412619,0
412620,0
412621,54
412622,0
412623,0
412624,0
412625,0
412626,0
412627,0
412628,47
412629,47
412630,0
412631,44
412632,0
412633,63
412634,0
412635,0
412636,0
412637,28
412638,0
412639,0
412640,20
412641,0
412642,0
412643,0
412644,26
412645,0
412646,47
412647,0
412648,0
412649,62
412650,0
412651,0
412652,0
412653,22
412654,0
412655,24
412656,0
412657,0
412658,54
412659,0
412660,0
412661,28
412662,30
412663,34
412664,0
412665,32
412666,0
412667,37
412668,0
412669,69
412670,0
412671,0
412672,32
412673,0
412674,0
412675,0
412676,0
412677,0
412678,41
412679,0
412680,0
412681,0
412682,0
412683,0
412684,52
412685,42
412686,0
412687,0
412688,36
412689,0
412690,0
412691,0
412692,0
412693,32
412694,0
412695,0
412696,0
412697,0
412698,0
412699,0
412700,38
412701,0
412702,0
412703,0
412704,0
412705,0
412706,0
412707,0
412708,0
412709,0
412710,0
412711,22
412712,0
412713,0
412714,0
412715,0
412716,0
412717,0
412718,0
412719,26
412720,0
412721,39
412722,0
412723,0
412724,0
412725,58
412726,0
412727,0
412728,0
412729,0
412730,0
412731,0
412732,0
412733,0
412734,0
412735,61
412736,0
412737,0
412738,0
412739,0
412740,0
412741,0
412742,0
412743,18
412744,22
412745,13
412746,0
412747,0
412748,0
412749,0
412750,0
412751,4
412752,0
412753,0
412754,0
412755,0
412756,0
412757,0
412758,0
412759,0
412760,0
412761,0
412762,0
412763,0
412764,0
412765,0
412766,0
412767,0
412768,0
412769,0
412770,10
412771,0
412772,0
412773,26
412774,43
412775,22
412776,0
412777,0
412778,13
412779,0
412780,0
412781,0
412782,0
412783,0
412784,0
412785,0
412786,0
412787,0
412788,32
412789,0
412790,0
412791,0
412792,21
412793,0
412794,29
412795,0
412796,22
412797,15
412798,0
412799,0
412800,0
412801,0
412802,0
412803,0
412804,0
412805,0
412806,0
412807,0
412808,0
412809,0
412810,0
412811,0
412812,12
412813,5
412814,0
412815,24
412816,0
412817,0
412818,0
412819,0
412820,0
412821,0
412822,0
412823,0
412824,0
412825,0
412826,0
412827,0
412828,0
412829,0
412830,0
412831,0
412832,0
412833,0
412834,0
412835,0
412836,0
412837,0
412838,0
412839,0
412840,0
412841,0
412842,0
412843,0
412844,11
412845,0
412846,0
412847,0
412848,0
412849,0
412850,0
412851,0
412852,0
412853,0
412854,0
412855,0
412856,0
412857,0
412858,0
412859,0
412860,0
412861,0
412862,0
412863,0
412864,0
412865,0
412866,0
412867,0
412868,0
412869,0
412870,41
412871,0
412872,0
412873,0
412874,0
412875,0
412876,0
412877,0
412878,0
412879,0
412880,0
412881,0
412882,0
412883,0
412884,0
412885,0
412886,0
412887,0
412888,0
412889,0
412890,0
412891,0
412892,0
412893,0
412894,0
412895,0
412896,0
412897,0
412898,0
412899,0
412900,0
412901,0
412902,0
412903,0
412904,0
412905,0
412906,0
412907,0
412908,0
412909,0
412910,0
412911,0
412912,0
412913,0
412914,0
412915,0
412916,0
412917,0
412918,0
412919,0
412920,0
412921,0
412922,0
412923,0
412924,0
412925,0
412926,0
412927,0
412928,0
412929,0
412930,0
412931,0
412932,0
412933,0
412934,43
412935,0
412936,36
412937,47
412938,0
412939,0
412940,0
412941,0
412942,0
412943,0
412944,0
412945,39
412946,0
412947,0
412948,0
412949,0
412950,0
412951,0
412952,0
412953,0
412954,0
412955,0
412956,0
412957,0
412958,0
412959,0
412960,0
412961,0
412962,0
412963,0
412964,0
412965,0
412966,0
412967,0
412968,44
412969,0
412970,0
412971,39
412972,0
412973,0
412974,0
412975,0
412976,0
412977,47
412978,36
412979,0
412980,0
412981,48
412982,0
412983,0
412984,27
412985,0
412986,0
412987,0
412988,0
412989,0
412990,0
412991,0
412992,0
412993,0
412994,0
412995,0
412996,0
412997,0
412998,0
412999,0
413000,0
413001,0
413002,0
413003,0
413004,0
413005,0
413006,0
413007,0
413008,0
413009,0
413010,0
413011,0
413012,0
413013,0
413014,0
413015,0
413016,0
413017,0
413018,40
413019,0
413020,52
413021,0
413022,0
413023,0
413024,0
413025,0
413026,0
413027,0
413028,0
413029,0
413030,0
413031,0
413032,0
413033,0
413034,0
413035,0
413036,0
413037,41
413038,42
413039,0
413040,0
413041,0
413042,0
413043,0
413044,31
413045,0
413046,0
413047,0
413048,0
413049,0
413050,0
413051,0
413052,0
413053,50
413054,0
413055,0
413056,0
413057,0
413058,0
413059,0
413060,0
413061,0
413062,0
413063,0
413064,0
413065,0
413066,34
413067,0
413068,0
413069,0
413070,0
413071,0
413072,0
413073,54
413074,0
413075,0
413076,0
413077,0
413078,0
413079,23
413080,0
413081,0
413082,0
413083,48
413084,37
413085,0
413086,0
413087,0
413088,0
413089,34
413090,0
413091,0
413092,27
413093,0
413094,0
413095,0
413096,0
413097,24
413098,0
413099,0
413100,0
413101,0
413102,0
413103,0
413104,0
413105,0
413106,0
413107,0
413108,0
413109,0
413110,0
413111,0
413112,0
413113,0
413114,0
413115,0
413116,0
413117,0
413118,0
413119,0
413120,0
413121,0
413122,0
413123,0
413124,0
413125,0
413126,0
413127,43
413128,0
413129,0
413130,0
413131,0
413132,0
413133,0
413134,0
413135,0
413136,0
413137,0
413138,0
413139,0
413140,0
413141,0
413142,0
413143,0
413144,0
413145,0
413146,0
413147,0
413148,0
413149,0
413150,38
413151,0
413152,0
413153,0
413154,0
413155,0
413156,0
413157,0
413158,0
413159,42
413160,0
413161,0
413162,41
413163,0
413164,0
413165,0
413166,0
413167,0
413168,0
413169,0
413170,0
413171,0
413172,0
413173,0
413174,0
413175,0
413176,0
413177,0
413178,0
413179,0
413180,0
413181,30
413182,0
413183,0
413184,0
413185,39
413186,47
413187,0
413188,0
413189,0
413190,0
413191,0
413192,0
413193,0
413194,0
413195,0
413196,0
413197,0
413198,0
413199,0
413200,0
413201,0
413202,0
413203,0
413204,0
413205,0
413206,0
413207,0
413208,0
413209,0
413210,0
413211,0
413212,0
413213,0
413214,0
413215,0
413216,67
413217,0
413218,0
413219,0
413220,0
413221,40
413222,0
413223,0
413224,0
413225,0
413226,0
413227,50
413228,0
413229,0
413230,0
413231,33
413232,0
413233,0
413234,0
413235,46
413236,0
413237,0
413238,0
413239,0
413240,0
413241,0
413242,0
413243,0
413244,0
413245,0
413246,0
413247,0
413248,0
413249,0
413250,0
413251,0
413252,0
413253,0
413254,0
413255,0
413256,0
413257,0
413258,0
413259,0
413260,37
413261,0
413262,0
413263,0
413264,32
413265,0
413266,0
413267,0
413268,0
413269,0
413270,0
413271,0
413272,0
413273,0
413274,0
413275,0
413276,0
413277,33
413278,0
413279,0
413280,0
413281,0
413282,0
413283,0
413284,0
413285,0
413286,0
413287,0
413288,0
413289,0
413290,0
413291,0
413292,0
413293,0
413294,0
413295,0
413296,0
413297,0
413298,0
413299,0
413300,36
413301,0
413302,0
413303,0
413304,41
413305,0
413306,0
413307,0
413308,0
413309,0
413310,0
413311,0
413312,0
413313,0
413314,0
413315,0
413316,0
413317,0
413318,0
413319,0
413320,0
413321,0
413322,0
413323,0
413324,0
413325,0
413326,0
413327,0
413328,0
413329,0
413330,0
413331,0
413332,0
413333,31
413334,0
413335,0
413336,0
413337,0
413338,0
413339,0
413340,0
413341,0
413342,0
413343,0
413344,0
413345,0
413346,0
413347,47
413348,0
413349,38
413350,0
413351,0
413352,0
413353,0
413354,0
413355,0
413356,0
413357,0
413358,0
413359,0
413360,0
413361,0
413362,0
413363,0
413364,0
413365,0
413366,0
413367,0
413368,0
413369,0
413370,0
413371,0
413372,0
413373,0
413374,0
413375,0
413376,0
413377,0
413378,0
413379,0
413380,0
413381,0
413382,0
413383,0
413384,0
413385,0
413386,39
413387,0
413388,0
413389,0
413390,0
413391,0
413392,0
413393,0
413394,0
413395,0
413396,0
413397,0
413398,44
413399,0
413400,0
413401,27
413402,0
413403,0
413404,0
413405,0
413406,0
413407,0
413408,0
413409,0
413410,0
413411,0
413412,0
413413,0
413414,0
413415,0
413416,0
413417,0
413418,0
413419,0
413420,0
413421,0
413422,0
413423,0
413424,0
413425,0
413426,0
413427,0
413428,0
413429,0
413430,0
413431,0
413432,34
413433,0
413434,0
413435,0
413436,25
413437,0
413438,0
413439,0
413440,0
413441,0
413442,0
413443,0
413444,36
413445,0
413446,0
413447,0
413448,0
413449,0
413450,0
413451,0
413452,0
413453,22
413454,0
413455,0
413456,0
413457,0
413458,0
413459,0
413460,0
413461,0
413462,0
413463,32
413464,38
413465,0
413466,0
413467,0
413468,0
413469,0
413470,0
413471,0
413472,0
413473,0
413474,0
413475,0
413476,0
413477,0
413478,0
413479,0
413480,0
413481,0
413482,0
413483,0
413484,0
413485,0
413486,0
413487,0
413488,0
413489,0
413490,0
413491,0
413492,0
413493,0
413494,0
413495,35
413496,0
413497,0
413498,0
413499,0
413500,0
413501,0
413502,0
413503,0
413504,0
413505,0
413506,0
413507,0
413508,0
413509,0
413510,0
413511,0
413512,60
413513,0
413514,0
413515,0
413516,0
413517,0
413518,0
413519,0
413520,0
413521,0
413522,0
413523,0
413524,0
413525,0
413526,0
413527,33
413528,0
413529,0
413530,0
413531,0
413532,0
413533,0
413534,0
413535,0
413536,0
413537,0
413538,0
413539,0
413540,0
413541,0
413542,0
413543,0
413544,0
413545,0
413546,0
413547,29
413548,0
413549,0
413550,0
413551,0
413552,0
413553,0
413554,0
413555,0
413556,0
413557,0
413558,0
413559,0
413560,0
413561,42
413562,0
413563,0
413564,0
413565,0
413566,17
413567,0
413568,0
413569,0
413570,0
413571,0
413572,0
413573,0
413574,0
413575,0
413576,0
413577,0
413578,0
413579,0
413580,0
413581,0
413582,0
413583,0
413584,0
413585,0
413586,42
413587,0
413588,0
413589,52
413590,0
413591,0
413592,0
413593,0
413594,0
413595,0
413596,0
413597,0
413598,0
413599,0
413600,0
413601,0
413602,0
413603,0
413604,0
413605,0
413606,0
413607,0
413608,0
413609,0
413610,0
413611,0
413612,0
413613,0
413614,0
413615,0
413616,0
413617,0
413618,0
413619,0
413620,0
413621,0
413622,0
413623,0
413624,0
413625,0
413626,0
413627,34
413628,0
413629,0
413630,0
413631,0
413632,0
413633,0
413634,0
413635,0
413636,0
413637,23
413638,0
413639,0
413640,0
413641,0
413642,0
413643,0
413644,0
413645,0
413646,0
413647,0
413648,0
413649,0
413650,0
413651,0
413652,0
413653,0
413654,0
413655,0
413656,0
413657,40
413658,0
413659,0
413660,0
413661,0
413662,0
413663,0
413664,0
413665,35
413666,0
413667,0
413668,0
413669,36
413670,0
413671,0
413672,0
413673,0
413674,0
413675,0
413676,0
413677,0
413678,0
413679,46
413680,0
413681,0
413682,0
413683,0
413684,0
413685,0
413686,0
413687,0
413688,30
413689,0
413690,0
413691,0
413692,0
413693,0
413694,0
413695,0
413696,0
413697,0
413698,0
413699,0
413700,0
413701,0
413702,0
413703,0
413704,0
413705,0
413706,0
413707,0
413708,0
413709,0
413710,29
413711,0
413712,0
413713,0
413714,0
413715,0
413716,0
413717,0
413718,0
413719,0
413720,0
413721,0
413722,0
413723,0
413724,0
413725,0
413726,0
413727,0
413728,7
413729,0
413730,17
413731,0
413732,0
413733,0
413734,0
413735,0
413736,0
413737,0
413738,0
413739,0
413740,0
413741,0
413742,0
413743,0
413744,12
413745,0
413746,0
413747,0
413748,0
413749,0
413750,0
413751,0
413752,0
413753,0
413754,0
413755,0
413756,0
413757,0
413758,0
413759,0
413760,0
413761,0
413762,0
413763,0
413764,0
413765,0
413766,0
413767,0
413768,0
413769,0
413770,0
413771,0
413772,0
413773,0
413774,0
413775,11
413776,0
413777,13
413778,0
413779,0
413780,0
413781,0
413782,0
413783,0
413784,0
413785,0
413786,0
413787,0
413788,0
413789,0
413790,0
413791,13
413792,0
413793,0
413794,0
413795,0
413796,0
413797,20
413798,0
413799,0
413800,0
413801,0
413802,0
413803,11
413804,0
413805,0
413806,0
413807,0
413808,0
413809,0
413810,0
413811,0
413812,0
413813,0
413814,0
413815,0
413816,0
413817,0
413818,0
413819,0
413820,0
413821,0
413822,0
413823,0
413824,0
413825,0
413826,0
413827,14
413828,0
413829,0
413830,0
413831,0
413832,0
413833,0
413834,0
413835,0
413836,0
413837,0
413838,0
413839,0
413840,0
413841,0
413842,0
413843,0
413844,0
413845,0
413846,11
413847,0
413848,0
413849,0
413850,0
413851,12
413852,0
413853,0
413854,0
413855,0
413856,0
413857,0
413858,0
413859,0
413860,0
413861,0
413862,13
413863,9
413864,0
413865,0
413866,0
413867,0
413868,0
413869,0
413870,0
413871,0
413872,0
413873,0
413874,0
413875,0
413876,0
413877,0
413878,0
413879,0
413880,0
413881,0
413882,0
413883,0
413884,0
413885,0
413886,0
413887,0
413888,0
413889,0
413890,0
413891,0
413892,0
413893,0
413894,0
413895,0
413896,0
413897,0
413898,0
413899,0
413900,0
413901,0
413902,0
413903,0
413904,0
413905,0
413906,7
413907,0
413908,0
413909,0
413910,0
413911,0
413912,16
413913,0
413914,0
413915,0
413916,0
413917,0
413918,0
413919,0
413920,0
413921,0
413922,0
413923,0
413924,0
413925,0
413926,0
413927,0
413928,0
413929,0
413930,0
413931,0
413932,0
413933,0
413934,0
413935,0
413936,0
413937,0
413938,0
413939,0
413940,0
413941,0
413942,0
413943,0
413944,0
413945,0
413946,0
413947,0
413948,0
413949,0
413950,0
413951,0
413952,0
413953,18
413954,14
413955,12
413956,0
413957,0
413958,0
413959,0
413960,0
413961,0
413962,0
413963,0
413964,0
413965,0
413966,0
413967,0
413968,0
413969,0
413970,0
413971,0
413972,0
413973,0
413974,0
413975,0
413976,0
413977,0
413978,0
413979,0
413980,0
413981,0
413982,0
413983,0
413984,0
413985,0
413986,0
413987,0
413988,0
413989,0
413990,0
413991,0
413992,0
413993,0
413994,0
413995,0
413996,17
413997,0
413998,0
413999,0
414000,0
414001,0
414002,0
414003,0
414004,0
414005,0
414006,0
414007,0
414008,0
414009,0
414010,0
414011,0
414012,0
414013,0
414014,14
414015,0
414016,0
414017,0
414018,0
414019,0
414020,0
414021,0
414022,0
414023,0
414024,0
414025,0
414026,0
414027,0
414028,0
414029,16
414030,10
414031,0
414032,0
414033,0
414034,0
414035,0
414036,0
414037,0
414038,0
414039,0
414040,4
414041,0
414042,0
414043,0
414044,0
414045,0
414046,0
414047,0
414048,0
414049,0
414050,0
414051,0
414052,0
414053,0
414054,0
414055,0
414056,11
414057,0
414058,0
414059,0
414060,0
414061,0
414062,0
414063,0
414064,0
414065,0
414066,0
414067,0
414068,0
414069,0
414070,0
414071,0
414072,0
414073,12
414074,0
414075,0
414076,0
414077,0
414078,0
414079,0
414080,0
414081,0
414082,0
414083,0
414084,0
414085,0
414086,0
414087,0
414088,0
414089,0
414090,0
414091,10
414092,0
414093,0
414094,0
414095,0
414096,0
414097,0
414098,0
414099,0
414100,0
414101,0
414102,0
414103,0
414104,0
414105,0
414106,0
414107,0
414108,13
414109,0
414110,0
414111,8
414112,0
414113,16
414114,0
414115,0
414116,0
414117,0
414118,0
414119,0
414120,0
414121,0
414122,0
414123,0
414124,0
414125,21
414126,0
414127,0
414128,0
414129,0
414130,8
414131,0
414132,0
414133,0
414134,0
414135,0
414136,0
414137,0
414138,0
414139,0
414140,0
414141,0
414142,0
414143,0
414144,0
414145,0
414146,0
414147,0
414148,0
414149,0
414150,0
414151,0
414152,0
414153,0
414154,0
414155,0
414156,0
414157,0
414158,0
414159,0
414160,0
414161,0
414162,0
414163,15
414164,0
414165,0
414166,0
414167,0
414168,0
414169,0
414170,0
414171,0
414172,0
414173,11
414174,0
414175,0
414176,0
414177,0
414178,0
414179,0
414180,0
414181,0
414182,0
414183,0
414184,0
414185,0
414186,0
414187,0
414188,5
414189,0
414190,0
414191,0
414192,0
414193,0
414194,0
414195,0
414196,0
414197,0
414198,0
414199,0
414200,0
414201,0
414202,0
414203,0
414204,0
414205,0
414206,0
414207,0
414208,0
414209,0
414210,0
414211,0
414212,0
414213,0
414214,0
414215,0
414216,0
414217,0
414218,0
414219,0
414220,0
414221,0
414222,0
414223,0
414224,0
414225,0
414226,0
414227,0
414228,0
414229,0
414230,0
414231,0
414232,0
414233,0
414234,0
414235,0
414236,0
414237,0
414238,0
414239,0
414240,0
414241,0
414242,0
414243,0
414244,13
414245,0
414246,0
414247,0
414248,0
414249,0
414250,0
414251,0
414252,0
414253,19
414254,0
414255,0
414256,0
414257,0
414258,0
414259,0
414260,0
414261,0
414262,0
414263,0
414264,0
414265,0
414266,0
414267,0
414268,0
414269,0
414270,0
414271,0
414272,0
414273,0
414274,0
414275,0
414276,0
414277,0
414278,0
414279,0
414280,0
414281,0
414282,0
414283,0
414284,0
414285,0
414286,0
414287,0
414288,0
414289,0
414290,0
414291,0
414292,0
414293,8
414294,0
414295,0
414296,0
414297,0
414298,0
414299,0
414300,0
414301,0
414302,0
414303,0
414304,0
414305,0
414306,0
414307,0
414308,0
414309,0
414310,0
414311,11
414312,0
414313,0
414314,0
414315,0
414316,0
414317,0
414318,0
414319,0
414320,0
414321,0
414322,0
414323,0
414324,0
414325,0
414326,0
414327,0
414328,0
414329,0
414330,0
414331,0
414332,0
414333,0
414334,0
414335,12
414336,0
414337,8
414338,0
414339,0
414340,0
414341,0
414342,0
414343,0
414344,0
414345,0
414346,0
414347,0
414348,0
414349,0
414350,0
414351,0
414352,0
414353,0
414354,0
414355,0
414356,0
414357,0
414358,0
414359,0
414360,0
414361,0
414362,0
414363,0
414364,0
414365,11
414366,0
414367,0
414368,0
414369,0
414370,0
414371,0
414372,0
414373,0
414374,0
414375,0
414376,0
414377,0
414378,0
414379,0
414380,0
414381,0
414382,0
414383,0
414384,0
414385,0
414386,0
414387,0
414388,0
414389,0
414390,0
414391,0
414392,0
414393,0
414394,0
414395,0
414396,0
414397,0
414398,0
414399,0
414400,0
414401,0
414402,0
414403,0
414404,13
414405,0
414406,0
414407,0
414408,0
414409,0
414410,0
414411,0
414412,0
414413,0
414414,0
414415,15
414416,0
414417,0
414418,0
414419,0
414420,0
414421,0
414422,0
414423,0
414424,0
414425,0
414426,0
414427,0
414428,15
414429,0
414430,5
414431,0
414432,0
414433,0
414434,0
414435,0
414436,0
414437,0
414438,0
414439,0
414440,0
414441,0
414442,0
414443,0
414444,14
414445,0
414446,0
414447,8
414448,0
414449,0
414450,0
414451,0
414452,0
414453,0
414454,0
414455,0
414456,0
414457,0
414458,0
414459,0
414460,0
414461,0
414462,10
414463,0
414464,0
414465,9
414466,0
414467,0
414468,0
414469,0
414470,0
414471,0
414472,0
414473,0
414474,0
414475,0
414476,0
414477,0
414478,0
414479,0
414480,0
414481,0
414482,0
414483,17
414484,0
414485,0
414486,0
414487,0
414488,0
414489,0
414490,0
414491,0
414492,0
414493,0
414494,15
414495,0
414496,0
414497,0
414498,0
414499,0
414500,0
414501,0
414502,0
414503,0
414504,0
414505,0
414506,0
414507,0
414508,0
414509,0
414510,0
414511,0
414512,0
414513,0
414514,12
414515,0
414516,0
414517,0
414518,0
414519,0
414520,0
414521,0
414522,0
414523,0
414524,0
414525,0
414526,0
414527,0
414528,0
414529,0
414530,10
414531,0
414532,0
414533,0
414534,16
414535,0
414536,0
414537,0
414538,0
414539,0
414540,0
414541,0
414542,0
414543,0
414544,0
414545,0
414546,0
414547,0
414548,0
414549,0
414550,0
414551,0
414552,0
414553,18
414554,0
414555,0
414556,0
414557,0
414558,0
414559,0
414560,0
414561,0
414562,0
414563,0
414564,0
414565,0
414566,0
414567,0
414568,0
414569,0
414570,0
414571,0
414572,0
414573,0
414574,0
414575,0
414576,0
414577,0
414578,0
414579,7
414580,0
414581,0
414582,0
414583,0
414584,0
414585,0
414586,0
414587,0
414588,0
414589,0
414590,0
414591,0
414592,17
414593,0
414594,0
414595,0
414596,0
414597,0
414598,0
414599,14
414600,3
414601,0
414602,0
414603,0
414604,0
414605,0
414606,0
414607,0
414608,0
414609,0
414610,0
414611,0
414612,0
414613,0
414614,0
414615,0
414616,0
414617,0
414618,0
414619,0
414620,0
414621,0
414622,0
414623,0
414624,0
414625,0
414626,0
414627,0
414628,0
414629,0
414630,0
414631,0
414632,0
414633,0
414634,0
414635,0
414636,0
414637,0
414638,0
414639,0
414640,0
414641,0
414642,0
414643,17
414644,0
414645,0
414646,0
414647,0
414648,0
414649,0
414650,12
414651,0
414652,0
414653,0
414654,0
414655,0
414656,0
414657,0
414658,0
414659,0
414660,0
414661,0
414662,0
414663,0
414664,0
414665,0
414666,0
414667,0
414668,0
414669,0
414670,36
414671,0
414672,0
414673,0
414674,37
414675,0
414676,0
414677,0
414678,0
414679,0
414680,40
414681,0
414682,0
414683,0
414684,0
414685,0
414686,0
414687,0
414688,0
414689,0
414690,0
414691,29
414692,0
414693,0
414694,0
414695,0
414696,18
414697,24
414698,27
414699,0
414700,0
414701,0
414702,27
414703,0
414704,0
414705,0
414706,0
414707,0
414708,0
414709,0
414710,0
414711,32
414712,0
414713,0
414714,37
414715,0
414716,0
414717,0
414718,0
414719,0
414720,0
414721,0
414722,0
414723,0
414724,0
414725,0
414726,0
414727,0
414728,0
414729,31
414730,0
414731,0
414732,35
414733,0
414734,0
414735,0
414736,0
414737,48
414738,25
414739,0
414740,0
414741,30
414742,0
414743,0
414744,0
414745,0
414746,0
414747,0
414748,0
414749,0
414750,0
414751,0
414752,0
414753,0
414754,0
414755,0
414756,0
414757,0
414758,0
414759,0
414760,0
414761,0
414762,0
414763,0
414764,0
414765,36
414766,0
414767,0
414768,0
414769,0
414770,0
414771,0
414772,0
414773,0
414774,23
414775,45
414776,0
414777,0
414778,0
414779,0
414780,0
414781,45
414782,0
414783,0
414784,0
414785,0
414786,0
414787,0
414788,0
414789,0
414790,0
414791,0
414792,36
414793,0
414794,0
414795,0
414796,0
414797,0
414798,0
414799,0
414800,0
414801,0
414802,0
414803,0
414804,0
414805,36
414806,0
414807,0
414808,0
414809,16
414810,0
414811,0
414812,0
414813,0
414814,0
414815,0
414816,0
414817,0
414818,0
414819,0
414820,36
414821,37
414822,0
414823,0
414824,0
414825,0
414826,0
414827,16
414828,0
414829,0
414830,28
414831,0
414832,40
414833,0
414834,0
414835,0
414836,47
414837,0
414838,44
414839,0
414840,0
414841,0
414842,0
414843,0
414844,26
414845,0
414846,0
414847,0
414848,0
414849,0
414850,0
414851,0
414852,41
414853,0
414854,0
414855,0
414856,0
414857,0
414858,0
414859,0
414860,0
414861,0
414862,0
414863,0
414864,0
414865,0
414866,0
414867,0
414868,27
414869,22
414870,0
414871,37
414872,0
414873,0
414874,0
414875,23
414876,26
414877,0
414878,0
414879,0
414880,0
414881,0
414882,0
414883,0
414884,0
414885,0
414886,0
414887,0
414888,0
414889,0
414890,0
414891,0
414892,0
414893,0
414894,43
414895,0
414896,0
414897,0
414898,0
414899,0
414900,0
414901,0
414902,0
414903,0
414904,0
414905,0
414906,0
414907,0
414908,0
414909,0
414910,0
414911,0
414912,0
414913,0
414914,0
414915,0
414916,30
414917,0
414918,0
414919,30
414920,29
414921,0
414922,0
414923,0
414924,0
414925,39
414926,37
414927,0
414928,0
414929,0
414930,0
414931,0
414932,0
414933,0
414934,0
414935,0
414936,0
414937,0
414938,0
414939,0
414940,0
414941,39
414942,0
414943,0
414944,0
414945,0
414946,0
414947,0
414948,0
414949,0
414950,0
414951,0
414952,27
414953,0
414954,0
414955,0
414956,0
414957,0
414958,30
414959,0
414960,0
414961,0
414962,0
414963,0
414964,0
414965,0
414966,0
414967,0
414968,23
414969,0
414970,0
414971,0
414972,0
414973,0
414974,0
414975,0
414976,0
414977,0
414978,0
414979,0
414980,0
414981,0
414982,0
414983,0
414984,0
414985,0
414986,0
414987,0
414988,0
414989,0
414990,0
414991,0
414992,0
414993,0
414994,0
414995,0
414996,0
414997,22
414998,0
414999,0
415000,0
415001,0
415002,0
415003,0
415004,0
415005,0
415006,0
415007,0
415008,35
415009,0
415010,0
415011,0
415012,0
415013,0
415014,34
415015,0
415016,0
415017,0
415018,0
415019,0
415020,27
415021,0
415022,0
415023,0
415024,38
415025,0
415026,0
415027,0
415028,0
415029,0
415030,0
415031,0
415032,0
415033,0
415034,0
415035,0
415036,0
415037,0
415038,0
415039,18
415040,0
415041,0
415042,0
415043,0
415044,0
415045,32
415046,0
415047,0
415048,0
415049,39
415050,0
415051,0
415052,0
415053,0
415054,0
415055,0
415056,0
415057,0
415058,0
415059,0
415060,0
415061,0
415062,0
415063,0
415064,0
415065,0
415066,0
415067,0
415068,0
415069,0
415070,0
415071,0
415072,0
415073,0
415074,0
415075,0
415076,0
415077,0
415078,0
415079,0
415080,0
415081,0
415082,40
415083,0
415084,0
415085,0
415086,22
415087,0
415088,0
415089,0
415090,0
415091,0
415092,0
415093,0
415094,0
415095,0
415096,0
415097,0
415098,0
415099,0
415100,0
415101,0
415102,0
415103,0
415104,0
415105,0
415106,0
415107,0
415108,0
415109,0
415110,0
415111,0
415112,0
415113,0
415114,38
415115,0
415116,0
415117,0
415118,0
415119,0
415120,0
415121,0
415122,0
415123,0
415124,0
415125,0
415126,0
415127,0
415128,0
415129,0
415130,37
415131,0
415132,0
415133,0
415134,0
415135,43
415136,0
415137,0
415138,0
415139,0
415140,24
415141,0
415142,0
415143,0
415144,0
415145,0
415146,0
415147,0
415148,0
415149,0
415150,0
415151,0
415152,0
415153,0
415154,0
415155,0
415156,0
415157,31
415158,0
415159,33
415160,0
415161,0
415162,0
415163,33
415164,0
415165,0
415166,0
415167,0
415168,0
415169,0
415170,0
415171,0
415172,0
415173,0
415174,0
415175,21
415176,0
415177,0
415178,0
415179,29
415180,0
415181,0
415182,0
415183,0
415184,0
415185,0
415186,46
415187,0
415188,0
415189,0
415190,0
415191,33
415192,0
415193,0
415194,0
415195,0
415196,0
415197,0
415198,0
415199,30
415200,31
415201,0
415202,0
415203,0
415204,0
415205,0
415206,0
415207,0
415208,0
415209,0
415210,0
415211,0
415212,0
415213,0
415214,0
415215,28
415216,36
415217,0
415218,0
415219,0
415220,0
415221,0
415222,35
415223,0
415224,0
415225,0
415226,39
415227,0
415228,0
415229,0
415230,42
415231,0
415232,0
415233,0
415234,0
415235,0
415236,40
415237,0
415238,0
415239,0
415240,27
415241,0
415242,0
415243,0
415244,0
415245,0
415246,0
415247,0
415248,0
415249,0
415250,0
415251,0
415252,0
415253,0
415254,0
415255,0
415256,0
415257,0
415258,0
415259,0
415260,32
415261,0
415262,0
415263,0
415264,24
415265,0
415266,0
415267,0
415268,36
415269,0
415270,0
415271,0
415272,25
415273,0
415274,0
415275,37
415276,0
415277,0
415278,0
415279,0
415280,0
415281,0
415282,0
415283,0
415284,39
415285,0
415286,0
415287,0
415288,0
415289,0
415290,42
415291,0
415292,0
415293,0
415294,31
415295,0
415296,0
415297,0
415298,0
415299,0
415300,0
415301,32
415302,0
415303,0
415304,0
415305,0
415306,0
415307,0
415308,0
415309,0
415310,23
415311,0
415312,0
415313,0
415314,25
415315,27
415316,0
415317,0
415318,0
415319,0
415320,0
415321,0
415322,0
415323,0
415324,0
415325,0
415326,0
415327,0
415328,0
415329,0
415330,0
415331,0
415332,0
415333,0
415334,0
415335,0
415336,0
415337,0
415338,0
415339,0
415340,0
415341,0
415342,27
415343,0
415344,0
415345,0
415346,0
415347,0
415348,0
415349,0
415350,0
415351,0
415352,0
415353,0
415354,28
415355,0
415356,0
415357,27
415358,0
415359,0
415360,0
415361,0
415362,0
415363,29
415364,0
415365,0
415366,45
415367,0
415368,0
415369,0
415370,0
415371,27
415372,0
415373,0
415374,0
415375,0
415376,0
415377,0
415378,0
415379,19
415380,0
415381,0
415382,0
415383,0
415384,0
415385,0
415386,0
415387,0
415388,0
415389,0
415390,28
415391,21
415392,0
415393,0
415394,0
415395,0
415396,0
415397,0
415398,0
415399,0
415400,0
415401,0
415402,0
415403,0
415404,36
415405,0
415406,0
415407,0
415408,0
415409,0
415410,0
415411,24
415412,40
415413,0
415414,0
415415,0
415416,0
415417,0
415418,0
415419,0
415420,0
415421,0
415422,0
415423,0
415424,0
415425,0
415426,44
415427,0
415428,28
415429,0
415430,0
415431,21
415432,0
415433,0
415434,0
415435,26
415436,29
415437,23
415438,0
415439,0
415440,0
415441,0
415442,0
415443,0
415444,0
415445,0
415446,0
415447,0
415448,0
415449,0
415450,38
415451,0
415452,0
415453,0
415454,0
415455,0
415456,0
415457,0
415458,0
415459,0
415460,0
415461,0
415462,0
415463,0
415464,0
415465,0
415466,0
415467,0
415468,0
415469,29
415470,0
415471,0
415472,30
415473,0
415474,0
415475,0
415476,46
415477,0
415478,0
415479,0
415480,0
415481,0
415482,0
415483,32
415484,0
415485,0
415486,0
415487,0
415488,0
415489,0
415490,0
415491,0
415492,0
415493,0
415494,0
415495,0
415496,0
415497,24
415498,0
415499,0
415500,0
415501,0
415502,0
415503,0
415504,0
415505,0
415506,0
415507,0
415508,0
415509,0
415510,0
415511,0
415512,0
415513,0
415514,0
415515,0
415516,40
415517,0
415518,0
415519,41
415520,32
415521,0
415522,0
415523,0
415524,0
415525,0
415526,0
415527,0
415528,0
415529,0
415530,0
415531,0
415532,0
415533,0
415534,0
415535,0
415536,0
415537,0
415538,0
415539,0
415540,0
415541,0
415542,0
415543,0
415544,0
415545,0
415546,0
415547,0
415548,0
415549,0
415550,0
415551,31
415552,0
415553,0
415554,34
415555,0
415556,0
415557,0
415558,0
415559,0
415560,0
415561,0
415562,0
415563,28
415564,0
415565,0
415566,0
415567,0
415568,27
415569,0
415570,0
415571,0
415572,0
415573,0
415574,0
415575,0
415576,0
415577,0
415578,0
415579,0
415580,0
415581,0
415582,0
415583,0
415584,31
415585,0
415586,0
415587,0
415588,0
415589,0
415590,0
415591,0
415592,0
415593,0
415594,0
415595,0
415596,0
415597,0
415598,0
415599,0
415600,0
415601,0
415602,0
415603,0
415604,0
415605,0
415606,0
415607,0
415608,0
415609,0
415610,17
415611,0
415612,0
415613,20
415614,0
415615,0
415616,21
415617,0
415618,0
415619,0
415620,0
415621,0
415622,0
415623,20
415624,0
415625,0
415626,0
415627,0
415628,0
415629,0
415630,0
415631,0
415632,12
415633,0
415634,0
415635,0
415636,0
415637,11
415638,0
415639,0
415640,0
415641,0
415642,20
415643,0
415644,0
415645,10
415646,17
415647,19
415648,0
415649,19
415650,0
415651,0
415652,0
415653,11
415654,7
415655,11
415656,0
415657,0
415658,0
415659,0
415660,0
415661,0
415662,25
415663,0
415664,0
415665,0
415666,0
415667,0
415668,0
415669,0
415670,17
415671,0
415672,0
415673,0
415674,0
415675,0
415676,0
415677,0
415678,0
415679,14
415680,0
415681,0
415682,0
415683,0
415684,13
415685,0
415686,23
415687,0
415688,0
415689,0
415690,14
415691,0
415692,0
415693,13
415694,0
415695,0
415696,0
415697,0
415698,0
415699,0
415700,23
415701,7
415702,0
415703,0
415704,27
415705,0
415706,0
415707,0
415708,8
415709,0
415710,0
415711,0
415712,0
415713,0
415714,24
415715,0
415716,0
415717,0
415718,19
415719,19
415720,0
415721,29
415722,0
415723,0
415724,0
415725,0
415726,0
415727,0
415728,17
415729,0
415730,13
415731,0
415732,0
415733,7
415734,16
415735,0
415736,0
415737,0
415738,0
415739,0
415740,0
415741,0
415742,24
415743,0
415744,0
415745,0
415746,0
415747,0
415748,18
415749,17
415750,0
415751,0
415752,0
415753,0
415754,0
415755,0
415756,14
415757,0
415758,0
415759,0
415760,0
415761,0
415762,0
415763,18
415764,0
415765,0
415766,0
415767,0
415768,0
415769,0
415770,0
415771,14
415772,0
415773,0
415774,0
415775,0
415776,19
415777,0
415778,0
415779,0
415780,0
415781,0
415782,12
415783,0
415784,0
415785,0
415786,0
415787,0
415788,15
415789,0
415790,0
415791,0
415792,12
415793,15
415794,0
415795,0
415796,0
415797,0
415798,0
415799,0
415800,0
415801,0
415802,15
415803,0
415804,10
415805,6
415806,0
415807,0
415808,0
415809,0
415810,0
415811,0
415812,0
415813,0
415814,0
415815,10
415816,6
415817,17
415818,16
415819,0
415820,0
415821,0
415822,6
415823,0
415824,0
415825,0
415826,0
415827,0
415828,0
415829,0
415830,0
415831,0
415832,12
415833,14
415834,0
415835,0
415836,0
415837,0
415838,0
415839,0
415840,0
415841,0
415842,0
415843,10
415844,9
415845,0
415846,0
415847,0
415848,0
415849,0
415850,0
415851,0
415852,18
415853,0
415854,0
415855,0
415856,9
415857,0
415858,11
415859,14
415860,0
415861,21
415862,0
415863,0
415864,11
415865,11
415866,0
415867,0
415868,0
415869,0
415870,0
415871,16
415872,17
415873,23
415874,9
415875,12
415876,0
415877,0
415878,0
415879,0
415880,0
415881,14
415882,0
415883,0
415884,0
415885,11
415886,9
415887,0
415888,18
415889,0
415890,0
415891,14
415892,0
415893,0
415894,0
415895,0
415896,16
415897,14
415898,0
415899,0
415900,0
415901,3
415902,10
415903,0
415904,0
415905,0
415906,11
415907,14
415908,0
415909,0
415910,0
415911,0
415912,0
415913,11
415914,0
415915,0
415916,16
415917,0
415918,0
415919,0
415920,26
415921,17
415922,0
415923,0
415924,0
415925,0
415926,7
415927,18
415928,0
415929,10
415930,0
415931,0
415932,0
415933,0
415934,0
415935,0
415936,8
415937,0
415938,16
415939,18
415940,0
415941,0
415942,20
415943,0
415944,0
415945,0
415946,26
415947,15
415948,16
415949,0
415950,25
415951,0
415952,0
415953,0
415954,17
415955,0
415956,0
415957,8
415958,0
415959,15
415960,0
415961,15
415962,0
415963,0
415964,14
415965,0
415966,0
415967,0
415968,0
415969,0
415970,0
415971,17
415972,0
415973,0
415974,0
415975,0
415976,0
415977,0
415978,0
415979,0
415980,0
415981,0
415982,0
415983,0
415984,0
415985,0
415986,0
415987,0
415988,0
415989,0
415990,0
415991,0
415992,0
415993,0
415994,0
415995,0
415996,0
415997,0
415998,0
415999,0
416000,1
416001,0
416002,0
416003,0
416004,0
416005,0
416006,0
416007,0
416008,0
416009,0
416010,0
416011,0
416012,0
416013,0
416014,0
416015,0
416016,0
416017,0
416018,0
416019,0
416020,0
416021,0
416022,0
416023,0
416024,0
416025,0
416026,0
416027,0
416028,0
416029,0
416030,0
416031,0
416032,0
416033,0
416034,0
416035,0
416036,0
416037,0
416038,0
416039,0
416040,0
416041,0
416042,0
416043,0
416044,0
416045,0
416046,0
416047,0
416048,0
416049,0
416050,0
416051,0
416052,0
416053,0
416054,0
416055,0
416056,0
416057,0
416058,0
416059,0
416060,0
416061,0
416062,0
416063,0
416064,0
416065,0
416066,0
416067,0
416068,0
416069,0
416070,0
416071,0
416072,0
416073,0
416074,0
416075,0
416076,0
416077,0
416078,0
416079,0
416080,0
416081,0
416082,0
416083,0
416084,0
416085,0
416086,0
416087,0
416088,0
416089,0
416090,0
416091,0
416092,0
416093,0
416094,0
416095,0
416096,0
416097,0
416098,0
416099,0
416100,0
416101,0
416102,0
416103,0
416104,0
416105,0
416106,0
416107,0
416108,0
416109,0
416110,0
416111,0
416112,0
416113,0
416114,0
416115,0
416116,0
416117,0
416118,0
416119,0
416120,0
416121,0
416122,0
416123,0
416124,0
416125,0
416126,0
416127,0
416128,0
416129,0
416130,0
416131,0
416132,0
416133,0
416134,0
416135,0
416136,0
416137,0
416138,0
416139,0
416140,0
416141,0
416142,0
416143,0
416144,0
416145,0
416146,0
416147,0
416148,0
416149,0
416150,0
416151,0
416152,0
416153,0
416154,0
416155,0
416156,0
416157,0
416158,0
416159,0
416160,0
416161,0
416162,0
416163,0
416164,0
416165,0
416166,0
416167,0
416168,0
416169,0
416170,0
416171,0
416172,0
416173,0
416174,0
416175,0
416176,0
416177,0
416178,0
416179,0
416180,28
416181,0
416182,0
416183,0
416184,0
416185,28
416186,0
416187,0
416188,0
416189,0
416190,0
416191,0
416192,0
416193,0
416194,0
416195,0
416196,0
416197,0
416198,0
416199,0
416200,0
416201,0
416202,0
416203,0
416204,0
416205,0
416206,0
416207,0
416208,0
416209,0
416210,18
416211,0
416212,0
416213,0
416214,0
416215,0
416216,0
416217,0
416218,0
416219,0
416220,0
416221,0
416222,28
416223,0
416224,0
416225,0
416226,0
416227,0
416228,0
416229,0
416230,0
416231,0
416232,0
416233,0
416234,25
416235,0
416236,0
416237,0
416238,0
416239,0
416240,0
416241,0
416242,27
416243,0
416244,0
416245,28
416246,0
416247,0
416248,0
416249,0
416250,25
416251,28
416252,0
416253,0
416254,0
416255,0
416256,0
416257,0
416258,0
416259,0
416260,0
416261,0
416262,0
416263,0
416264,0
416265,0
416266,0
416267,0
416268,0
416269,41
416270,0
416271,0
416272,43
416273,0
416274,0
416275,0
416276,0
416277,0
416278,0
416279,0
416280,0
416281,0
416282,23
416283,0
416284,0
416285,0
416286,0
416287,0
416288,0
416289,0
416290,0
416291,0
416292,0
416293,0
416294,0
416295,0
416296,0
416297,0
416298,0
416299,0
416300,29
416301,0
416302,0
416303,0
416304,0
416305,0
416306,0
416307,0
416308,0
416309,0
416310,0
416311,0
416312,0
416313,0
416314,0
416315,0
416316,0
416317,0
416318,0
416319,0
416320,0
416321,0
416322,0
416323,0
416324,0
416325,34
416326,0
416327,0
416328,0
416329,15
416330,0
416331,0
416332,0
416333,0
416334,0
416335,0
416336,0
416337,0
416338,0
416339,0
416340,0
416341,0
416342,22
416343,0
416344,0
416345,0
416346,0
416347,0
416348,0
416349,0
416350,0
416351,0
416352,0
416353,0
416354,0
416355,31
416356,0
416357,0
416358,0
416359,0
416360,0
416361,0
416362,0
416363,0
416364,0
416365,0
416366,0
416367,0
416368,0
416369,23
416370,0
416371,0
416372,0
416373,0
416374,0
416375,0
416376,31
416377,0
416378,0
416379,0
416380,23
416381,0
416382,0
416383,0
416384,0
416385,0
416386,0
416387,0
416388,21
416389,0
416390,0
416391,0
416392,0
416393,0
416394,0
416395,0
416396,0
416397,0
416398,0
416399,0
416400,0
416401,0
416402,0
416403,0
416404,0
416405,0
416406,0
416407,0
416408,0
416409,0
416410,0
416411,0
416412,0
416413,0
416414,0
416415,0
416416,0
416417,26
416418,0
416419,0
416420,0
416421,0
416422,0
416423,30
416424,0
416425,28
416426,0
416427,0
416428,0
416429,0
416430,0
416431,0
416432,0
416433,0
416434,39
416435,0
416436,0
416437,28
416438,0
416439,0
416440,0
416441,0
416442,0
416443,0
416444,0
416445,0
416446,24
416447,0
416448,0
416449,0
416450,0
416451,0
416452,0
416453,0
416454,0
416455,0
416456,0
416457,0
416458,0
416459,0
416460,0
416461,0
416462,0
416463,14
416464,0
416465,0
416466,0
416467,0
416468,0
416469,0
416470,0
416471,0
416472,0
416473,26
416474,0
416475,0
416476,0
416477,0
416478,0
416479,22
416480,0
416481,0
416482,0
416483,0
416484,0
416485,0
416486,0
416487,0
416488,0
416489,0
416490,0
416491,0
416492,0
416493,0
416494,0
416495,0
416496,0
416497,0
416498,0
416499,0
416500,0
416501,0
416502,0
416503,0
416504,0
416505,0
416506,0
416507,0
416508,0
416509,0
416510,0
416511,0
416512,0
416513,0
416514,0
416515,0
416516,0
416517,0
416518,0
416519,0
416520,0
416521,0
416522,0
416523,0
416524,0
416525,0
416526,0
416527,0
416528,0
416529,0
416530,0
416531,0
416532,0
416533,0
416534,0
416535,0
416536,0
416537,0
416538,0
416539,0
416540,0
416541,0
416542,0
416543,38
416544,0
416545,0
416546,0
416547,0
416548,0
416549,0
416550,0
416551,0
416552,0
416553,0
416554,27
416555,0
416556,0
416557,0
416558,0
416559,0
416560,0
416561,0
416562,0
416563,0
416564,0
416565,0
416566,0
416567,0
416568,0
416569,0
416570,0
416571,0
416572,0
416573,0
416574,0
416575,0
416576,0
416577,0
416578,0
416579,0
416580,0
416581,0
416582,21
416583,0
416584,0
416585,0
416586,0
416587,27
416588,0
416589,0
416590,0
416591,0
416592,0
416593,0
416594,0
416595,0
416596,0
416597,0
416598,0
416599,0
416600,0
416601,0
416602,17
416603,0
416604,0
416605,0
416606,0
416607,0
416608,0
416609,0
416610,0
416611,0
416612,0
416613,37
416614,0
416615,0
416616,0
416617,0
416618,0
416619,0
416620,0
416621,0
416622,0
416623,0
416624,0
416625,0
416626,0
416627,0
416628,0
416629,0
416630,0
416631,0
416632,0
416633,0
416634,0
416635,0
416636,0
416637,0
416638,0
416639,0
416640,0
416641,0
416642,0
416643,0
416644,0
416645,0
416646,0
416647,0
416648,0
416649,0
416650,0
416651,0
416652,0
416653,0
416654,0
416655,0
416656,0
416657,0
416658,0
416659,0
416660,29
416661,0
416662,0
416663,0
416664,0
416665,0
416666,0
416667,0
416668,0
416669,0
416670,0
416671,0
416672,0
416673,0
416674,0
416675,0
416676,0
416677,0
416678,0
416679,0
416680,0
416681,0
416682,0
416683,0
416684,0
416685,0
416686,0
416687,0
416688,0
416689,0
416690,0
416691,0
416692,0
416693,0
416694,0
416695,0
416696,0
416697,0
416698,1
416699,1
416700,0
416701,0
416702,0
416703,0
416704,0
416705,4
416706,0
416707,0
416708,3
416709,3
416710,0
416711,0
416712,0
416713,2
416714,0
416715,0
416716,0
416717,0
416718,0
416719,0
416720,0
416721,0
416722,2
416723,0
416724,3
416725,0
416726,0
416727,0
416728,1
416729,2
416730,0
416731,0
416732,0
416733,0
416734,0
416735,0
416736,0
416737,0
416738,2
416739,0
416740,0
416741,0
416742,0
416743,0
416744,0
416745,0
416746,0
416747,0
416748,0
416749,0
416750,0
416751,0
416752,0
416753,0
416754,0
416755,2
416756,0
416757,0
416758,0
416759,0
416760,0
416761,0
416762,0
416763,0
416764,0
416765,0
416766,0
416767,0
416768,5
416769,0
416770,1
416771,0
416772,0
416773,0
416774,1
416775,0
416776,1
416777,0
416778,0
416779,3
416780,0
416781,0
416782,0
416783,0
416784,0
416785,0
416786,0
416787,0
416788,0
416789,0
416790,0
416791,1
416792,0
416793,1
416794,0
416795,0
416796,0
416797,0
416798,0
416799,3
416800,0
416801,0
416802,0
416803,3
416804,0
416805,4
416806,0
416807,0
416808,0
416809,0
416810,0
416811,3
416812,1
416813,0
416814,0
416815,0
416816,2
416817,0
416818,0
416819,1
416820,2
416821,0
416822,0
416823,4
416824,0
416825,0
416826,0
416827,0
416828,0
416829,0
416830,0
416831,0
416832,0
416833,0
416834,0
416835,2
416836,0
416837,0
416838,0
416839,4
416840,0
416841,1
416842,0
416843,0
416844,0
416845,0
416846,0
416847,0
416848,0
416849,0
416850,0
416851,2
416852,0
416853,0
416854,4
416855,2
416856,0
416857,0
416858,2
416859,1
416860,0
416861,0
416862,4
416863,0
416864,3
416865,4
416866,0
416867,0
416868,0
416869,0
416870,2
416871,0
416872,0
416873,1
416874,0
416875,0
416876,0
416877,0
416878,1
416879,0
416880,0
416881,0
416882,0
416883,2
416884,0
416885,0
416886,0
416887,0
416888,0
416889,0
416890,0
416891,0
416892,0
416893,0
416894,0
416895,0
416896,0
416897,0
416898,1
416899,2
416900,6
416901,2
416902,0
416903,0
416904,0
416905,1
416906,0
416907,2
416908,1
416909,0
416910,0
416911,0
416912,0
416913,0
416914,0
416915,0
416916,1
416917,2
416918,0
416919,0
416920,0
416921,0
416922,0
416923,0
416924,0
416925,0
416926,1
416927,0
416928,0
416929,0
416930,1
416931,0
416932,0
416933,0
416934,0
416935,0
416936,0
416937,0
416938,0
416939,0
416940,0
416941,0
416942,0
416943,0
416944,4
416945,2
416946,0
416947,0
416948,1
416949,0
416950,1
416951,0
416952,0
416953,0
416954,0
416955,0
416956,0
416957,2
416958,0
416959,3
416960,0
416961,0
416962,0
416963,0
416964,0
416965,0
416966,0
416967,0
416968,0
416969,0
416970,0
416971,0
416972,2
416973,0
416974,0
416975,0
416976,0
416977,4
416978,3
416979,0
416980,0
416981,0
416982,0
416983,0
416984,0
416985,0
416986,4
416987,0
416988,0
416989,0
416990,2
416991,2
416992,1
416993,0
416994,0
416995,0
416996,4
416997,2
416998,0
416999,0
417000,0
417001,2
417002,0
417003,4
417004,0
417005,0
417006,0
417007,0
417008,0
417009,3
417010,4
417011,0
417012,0
417013,0
417014,0
417015,1
417016,0
417017,0
417018,0
417019,0
417020,0
417021,0
417022,0
417023,0
417024,0
417025,3
417026,0
417027,0
417028,0
417029,6
417030,0
417031,0
417032,0
417033,0
417034,0
417035,0
417036,2
417037,0
417038,0
417039,0
417040,0
417041,0
417042,2
417043,0
417044,2
417045,0
417046,1
417047,0
417048,0
417049,0
417050,0
417051,0
417052,0
417053,0
417054,0
417055,3
417056,0
417057,0
417058,0
417059,0
417060,0
417061,0
417062,0
417063,0
417064,0
417065,3
417066,0
417067,0
417068,4
417069,0
417070,0
417071,0
417072,2
417073,2
417074,0
417075,0
417076,0
417077,5
417078,0
417079,0
417080,0
417081,0
417082,0
417083,0
417084,0
417085,1
417086,1
417087,3
417088,2
417089,0
417090,0
417091,0
417092,4
417093,0
417094,0
417095,0
417096,0
417097,2
417098,2
417099,0
417100,0
417101,0
417102,1
417103,0
417104,0
417105,0
417106,2
417107,0
417108,3
417109,0
417110,0
417111,0
417112,0
417113,0
417114,0
417115,0
417116,0
417117,0
417118,4
417119,1
417120,0
417121,0
417122,0
417123,0
417124,1
417125,0
417126,2
417127,0
417128,0
417129,0
417130,5
417131,0
417132,0
417133,0
417134,0
417135,2
417136,0
417137,0
417138,0
417139,0
417140,0
417141,0
417142,0
417143,0
417144,0
417145,0
417146,1
417147,3
417148,3
417149,0
417150,0
417151,0
417152,1
417153,0
417154,0
417155,0
417156,1
417157,0
417158,0
417159,2
417160,0
417161,0
417162,0
417163,0
417164,0
417165,0
417166,0
417167,2
417168,2
417169,0
417170,0
417171,0
417172,2
417173,0
417174,0
417175,0
417176,0
417177,0
417178,2
417179,0
417180,0
417181,2
417182,0
417183,0
417184,0
417185,0
417186,4
417187,0
417188,0
417189,0
417190,0
417191,0
417192,0
417193,2
417194,0
417195,0
417196,1
417197,0
417198,0
417199,0
417200,2
417201,0
417202,0
417203,0
417204,1
417205,0
417206,0
417207,3
417208,0
417209,0
417210,6
417211,2
417212,0
417213,0
417214,0
417215,5
417216,0
417217,0
417218,0
417219,0
417220,4
417221,0
417222,0
417223,0
417224,0
417225,1
417226,0
417227,0
417228,0
417229,0
417230,0
417231,0
417232,2
417233,2
417234,0
417235,0
417236,3
417237,0
417238,0
417239,0
417240,1
417241,0
417242,0
417243,0
417244,0
417245,2
417246,0
417247,0
417248,0
417249,0
417250,0
417251,0
417252,5
417253,2
417254,0
417255,0
417256,0
417257,0
417258,0
417259,0
417260,2
417261,6
417262,2
417263,1
417264,0
417265,0
417266,1
417267,0
417268,0
417269,0
417270,0
417271,0
417272,0
417273,0
417274,0
417275,2
417276,0
417277,2
417278,0
417279,0
417280,0
417281,2
417282,0
417283,0
417284,1
417285,0
417286,0
417287,0
417288,0
417289,0
417290,0
417291,2
417292,1
417293,0
417294,0
417295,0
417296,0
417297,0
417298,0
417299,0
417300,0
417301,0
417302,0
417303,3
417304,0
417305,5
417306,0
417307,1
417308,0
417309,0
417310,3
417311,0
417312,0
417313,0
417314,0
417315,0
417316,0
417317,0
417318,0
417319,1
417320,0
417321,3
417322,0
417323,1
417324,0
417325,0
417326,0
417327,1
417328,2
417329,0
417330,0
417331,0
417332,0
417333,0
417334,0
417335,0
417336,1
417337,0
417338,0
417339,0
417340,4
417341,0
417342,1
417343,1
417344,0
417345,0
417346,0
417347,0
417348,1
417349,0
417350,0
417351,3
417352,0
417353,0
417354,0
417355,0
417356,0
417357,0
417358,0
417359,0
417360,2
417361,0
417362,0
417363,0
417364,0
417365,0
417366,1
417367,0
417368,0
417369,0
417370,0
417371,0
417372,0
417373,0
417374,0
417375,1
417376,0
417377,3
417378,0
417379,0
417380,0
417381,3
417382,1
417383,0
417384,1
417385,1
417386,0
417387,0
417388,0
417389,0
417390,0
417391,2
417392,0
417393,0
417394,0
417395,1
417396,0
417397,0
417398,0
417399,0
417400,3
417401,0
417402,0
417403,28
417404,0
417405,0
417406,0
417407,0
417408,26
417409,25
417410,0
417411,21
417412,30
417413,31
417414,20
417415,0
417416,25
417417,0
417418,0
417419,35
417420,19
417421,0
417422,0
417423,0
417424,0
417425,0
417426,0
417427,20
417428,0
417429,0
417430,0
417431,0
417432,0
417433,24
417434,0
417435,0
417436,0
417437,0
417438,0
417439,0
417440,0
417441,0
417442,0
417443,0
417444,0
417445,31
417446,0
417447,0
417448,22
417449,20
417450,0
417451,0
417452,25
417453,14
417454,0
417455,18
417456,0
417457,0
417458,24
417459,0
417460,15
417461,0
417462,0
417463,0
417464,0
417465,21
417466,0
417467,0
417468,0
417469,0
417470,0
417471,0
417472,0
417473,0
417474,0
417475,21
417476,0
417477,29
417478,16
417479,0
417480,0
417481,24
417482,30
417483,13
417484,36
417485,0
417486,0
417487,0
417488,33
417489,0
417490,0
417491,0
417492,0
417493,9
417494,0
417495,4
417496,0
417497,0
417498,0
417499,0
417500,0
417501,0
417502,0
417503,0
417504,0
417505,0
417506,0
417507,0
417508,0
417509,0
417510,0
417511,7
417512,0
417513,0
417514,0
417515,10
417516,16
417517,0
417518,0
417519,7
417520,25
417521,0
417522,0
417523,0
417524,0
417525,0
417526,0
417527,0
417528,0
417529,0
417530,0
417531,0
417532,0
417533,0
417534,0
417535,0
417536,14
417537,0
417538,0
417539,0
417540,5
417541,0
417542,0
417543,0
417544,0
417545,0
417546,0
417547,0
417548,0
417549,0
417550,0
417551,0
417552,0
417553,0
417554,0
417555,0
417556,0
417557,0
417558,45
417559,0
417560,0
417561,0
417562,0
417563,0
417564,0
417565,0
417566,0
417567,0
417568,0
417569,0
417570,0
417571,0
417572,0
417573,31
417574,0
417575,47
417576,0
417577,0
417578,0
417579,0
417580,0
417581,0
417582,0
417583,0
417584,46
417585,0
417586,0
417587,0
417588,0
417589,0
417590,0
417591,0
417592,0
417593,0
417594,0
417595,0
417596,23
417597,0
417598,0
417599,0
417600,0
417601,0
417602,0
417603,0
417604,0
417605,0
417606,0
417607,0
417608,0
417609,0
417610,0
417611,0
417612,0
417613,33
417614,26
417615,0
417616,55
417617,0
417618,0
417619,0
417620,0
417621,0
417622,0
417623,0
417624,0
417625,0
417626,0
417627,0
417628,0
417629,0
417630,0
417631,0
417632,0
417633,0
417634,15
417635,0
417636,0
417637,0
417638,0
417639,0
417640,0
417641,0
417642,0
417643,0
417644,0
417645,0
417646,20
417647,0
417648,0
417649,0
417650,0
417651,0
417652,40
417653,0
417654,0
417655,21
417656,0
417657,0
417658,0
417659,0
417660,0
417661,0
417662,36
417663,0
417664,0
417665,40
417666,0
417667,24
417668,0
417669,0
417670,0
417671,0
417672,0
417673,0
417674,0
417675,0
417676,0
417677,0
417678,0
417679,0
417680,0
417681,0
417682,0
417683,0
417684,0
417685,0
417686,0
417687,0
417688,14
417689,0
417690,0
417691,0
417692,24
417693,0
417694,0
417695,0
417696,0
417697,0
417698,0
417699,0
417700,0
417701,0
417702,0
417703,0
417704,0
417705,0
417706,0
417707,0
417708,20
417709,0
417710,0
417711,0
417712,0
417713,0
417714,0
417715,0
417716,0
417717,0
417718,0
417719,0
417720,0
417721,0
417722,0
417723,0
417724,54
417725,0
417726,0
417727,0
417728,0
417729,0
417730,0
417731,0
417732,0
417733,0
417734,0
417735,0
417736,0
417737,0
417738,0
417739,0
417740,0
417741,0
417742,0
417743,0
417744,0
417745,0
417746,0
417747,0
417748,0
417749,0
417750,0
417751,0
417752,40
417753,0
417754,25
417755,0
417756,0
417757,0
417758,0
417759,0
417760,0
417761,0
417762,0
417763,0
417764,0
417765,0
417766,0
417767,0
417768,0
417769,0
417770,0
417771,0
417772,0
417773,28
417774,0
417775,0
417776,0
417777,0
417778,0
417779,0
417780,0
417781,0
417782,0
417783,0
417784,0
417785,0
417786,0
417787,0
417788,0
417789,0
417790,0
417791,0
417792,0
417793,0
417794,0
417795,0
417796,0
417797,0
417798,35
417799,0
417800,0
417801,0
417802,0
417803,30
417804,0
417805,0
417806,0
417807,0
417808,0
417809,0
417810,0
417811,57
417812,0
417813,0
417814,0
417815,0
417816,0
417817,0
417818,0
417819,0
417820,0
417821,0
417822,0
417823,0
417824,0
417825,0
417826,0
417827,0
417828,0
417829,0
417830,0
417831,0
417832,0
417833,0
417834,0
417835,35
417836,0
417837,0
417838,0
417839,39
417840,0
417841,0
417842,0
417843,0
417844,0
417845,0
417846,41
417847,0
417848,0
417849,0
417850,0
417851,0
417852,0
417853,0
417854,39
417855,0
417856,39
417857,0
417858,0
417859,0
417860,0
417861,0
417862,0
417863,0
417864,0
417865,0
417866,0
417867,0
417868,0
417869,0
417870,0
417871,0
417872,0
417873,0
417874,27
417875,0
417876,0
417877,0
417878,0
417879,0
417880,0
417881,46
417882,0
417883,0
417884,0
417885,0
417886,43
417887,16
417888,0
417889,0
417890,0
417891,0
417892,0
417893,0
417894,0
417895,0
417896,0
417897,0
417898,0
417899,34
417900,0
417901,0
417902,41
417903,0
417904,0
417905,0
417906,0
417907,0
417908,0
417909,0
417910,0
417911,0
417912,0
417913,0
417914,47
417915,0
417916,57
417917,44
417918,0
417919,45
417920,0
417921,0
417922,0
417923,0
417924,0
417925,39
417926,0
417927,0
417928,0
417929,0
417930,0
417931,0
417932,0
417933,0
417934,0
417935,0
417936,0
417937,0
417938,0
417939,0
417940,0
417941,0
417942,0
417943,0
417944,0
417945,50
417946,0
417947,38
417948,59
417949,0
417950,0
417951,0
417952,0
417953,0
417954,0
417955,0
417956,0
417957,0
417958,0
417959,0
417960,0
417961,0
417962,38
417963,0
417964,0
417965,0
417966,0
417967,0
417968,0
417969,0
417970,0
417971,0
417972,0
417973,0
417974,0
417975,0
417976,0
417977,0
417978,0
417979,0
417980,30
417981,0
417982,0
417983,0
417984,32
417985,0
417986,0
417987,0
417988,0
417989,0
417990,31
417991,0
417992,0
417993,0
417994,0
417995,0
417996,15
417997,0
417998,0
417999,0
418000,16
418001,0
418002,0
418003,0
418004,0
418005,0
418006,0
418007,0
418008,0
418009,0
418010,0
418011,0
418012,0
418013,15
418014,0
418015,0
418016,0
418017,0
418018,0
418019,0
418020,0
418021,0
418022,0
418023,0
418024,0
418025,0
418026,0
418027,0
418028,0
418029,0
418030,0
418031,0
418032,0
418033,0
418034,0
418035,21
418036,0
418037,0
418038,0
418039,0
418040,18
418041,0
418042,0
418043,0
418044,0
418045,0
418046,0
418047,0
418048,0
418049,65
418050,0
418051,0
418052,39
418053,0
418054,0
418055,0
418056,0
418057,0
418058,22
418059,0
418060,0
418061,0
418062,0
418063,0
418064,0
418065,0
418066,0
418067,0
418068,0
418069,0
418070,0
418071,0
418072,0
418073,0
418074,0
418075,0
418076,0
418077,0
418078,0
418079,0
418080,0
418081,0
418082,13
418083,0
418084,0
418085,0
418086,0
418087,30
418088,0
418089,0
418090,0
418091,0
418092,0
418093,0
418094,0
418095,0
418096,0
418097,45
418098,0
418099,0
418100,0
418101,0
418102,0
418103,0
418104,0
418105,0
418106,0
418107,0
418108,18
418109,0
418110,0
418111,0
418112,0
418113,0
418114,0
418115,0
418116,24
418117,0
418118,0
418119,23
418120,0
418121,0
418122,0
418123,0
418124,0
418125,0
418126,0
418127,0
418128,0
418129,0
418130,0
418131,10
418132,0
418133,0
418134,0
418135,0
418136,0
418137,0
418138,0
418139,0
418140,13
418141,0
418142,0
418143,0
418144,0
418145,0
418146,0
418147,0
418148,0
418149,0
418150,0
418151,0
418152,0
418153,0
418154,35
418155,0
418156,0
418157,0
418158,0
418159,0
418160,0
418161,0
418162,38
418163,0
418164,20
418165,0
418166,0
418167,26
418168,0
418169,0
418170,22
418171,0
418172,17
418173,0
418174,25
418175,0
418176,0
418177,0
418178,8
418179,0
418180,0
418181,0
418182,0
418183,8
418184,0
418185,0
418186,0
418187,0
418188,0
418189,0
418190,0
418191,0
418192,0
418193,0
418194,0
418195,0
418196,0
418197,0
418198,0
418199,0
418200,0
418201,0
418202,0
418203,0
418204,0
418205,34
418206,0
418207,0
418208,0
418209,0
418210,41
418211,0
418212,0
418213,0
418214,0
418215,0
418216,0
418217,0
418218,0
418219,0
418220,0
418221,0
418222,0
418223,0
418224,0
418225,0
418226,0
418227,0
418228,26
418229,0
418230,0
418231,0
418232,38
418233,41
418234,0
418235,0
418236,0
418237,0
418238,0
418239,0
418240,0
418241,37
418242,0
418243,0
418244,0
418245,0
418246,0
418247,0
418248,0
418249,0
418250,0
418251,0
418252,0
418253,0
418254,0
418255,16
418256,0
418257,0
418258,0
418259,0
418260,0
418261,0
418262,0
418263,0
418264,0
418265,0
418266,0
418267,16
418268,0
418269,0
418270,0
418271,0
418272,0
418273,0
418274,0
418275,0
418276,0
418277,0
418278,0
418279,0
418280,26
418281,0
418282,0
418283,0
418284,0
418285,0
418286,0
418287,0
418288,0
418289,0
418290,0
418291,0
418292,0
418293,17
418294,0
418295,0
418296,0
418297,0
418298,0
418299,0
418300,0
418301,0
418302,0
418303,0
418304,0
418305,0
418306,15
418307,0
418308,28
418309,18
418310,0
418311,0
418312,0
418313,27
418314,15
418315,0
418316,0
418317,0
418318,0
418319,33
418320,0
418321,0
418322,0
418323,0
418324,0
418325,0
418326,0
418327,30
418328,0
418329,0
418330,0
418331,0
418332,0
418333,0
418334,0
418335,30
418336,50
418337,0
418338,8
418339,48
418340,0
418341,0
418342,0
418343,0
418344,0
418345,0
418346,0
418347,0
418348,0
418349,0
418350,0
418351,0
418352,0
418353,0
418354,0
418355,0
418356,0
418357,0
418358,0
418359,0
418360,0
418361,11
418362,25
418363,0
418364,0
418365,0
418366,0
418367,0
418368,0
418369,0
418370,0
418371,0
418372,0
418373,0
418374,0
418375,0
418376,0
418377,0
418378,0
418379,0
418380,0
418381,0
418382,0
418383,0
418384,0
418385,0
418386,0
418387,0
418388,0
418389,0
418390,0
418391,0
418392,0
418393,0
418394,0
418395,0
418396,0
418397,0
418398,0
418399,22
418400,0
418401,0
418402,0
418403,0
418404,0
418405,0
418406,0
418407,0
418408,0
418409,0
418410,0
418411,0
418412,0
418413,0
418414,0
418415,0
418416,0
418417,0
418418,19
418419,0
418420,0
418421,0
418422,0
418423,0
418424,0
418425,0
418426,0
418427,0
418428,0
418429,0
418430,21
418431,0
418432,15
418433,0
418434,0
418435,0
418436,0
418437,0
418438,0
418439,0
418440,0
418441,0
418442,0
418443,0
418444,0
418445,0
418446,23
418447,0
418448,0
418449,0
418450,0
418451,0
418452,0
418453,0
418454,0
418455,0
418456,0
418457,0
418458,0
418459,0
418460,0
418461,0
418462,0
418463,0
418464,0
418465,0
418466,32
418467,0
418468,46
418469,0
418470,0
418471,0
418472,0
418473,0
418474,29
418475,0
418476,0
418477,0
418478,0
418479,0
418480,0
418481,0
418482,0
418483,0
418484,0
418485,0
418486,0
418487,0
418488,0
418489,0
418490,0
418491,42
418492,0
418493,22
418494,0
418495,0
418496,0
418497,0
418498,0
418499,0
418500,0
418501,0
418502,0
418503,0
418504,25
418505,0
418506,0
418507,0
418508,0
418509,0
418510,0
418511,36
418512,0
418513,0
418514,0
418515,0
418516,0
418517,0
418518,0
418519,0
418520,0
418521,0
418522,0
418523,0
418524,0
418525,0
418526,0
418527,0
418528,0
418529,0
418530,0
418531,0
418532,0
418533,0
418534,0
418535,0
418536,0
418537,0
418538,0
418539,0
418540,0
418541,0
418542,0
418543,0
418544,0
418545,0
418546,0
418547,0
418548,0
418549,0
418550,0
418551,0
418552,0
418553,0
418554,0
418555,0
418556,0
418557,0
418558,0
418559,0
418560,0
418561,0
418562,0
418563,0
418564,0
418565,0
418566,39
418567,0
418568,0
418569,0
418570,0
418571,0
418572,0
418573,0
418574,0
418575,0
418576,0
418577,0
418578,0
418579,0
418580,0
418581,0
418582,0
418583,0
418584,0
418585,0
418586,0
418587,0
418588,0
418589,0
418590,0
418591,0
418592,0
418593,0
418594,0
418595,0
418596,0
418597,0
418598,0
418599,0
418600,0
418601,0
418602,0
418603,0
418604,0
418605,0
418606,0
418607,0
418608,0
418609,0
418610,0
418611,0
418612,20
418613,0
418614,0
418615,0
418616,0
418617,20
418618,0
418619,0
418620,0
418621,0
418622,0
418623,0
418624,25
418625,0
418626,0
418627,0
418628,0
418629,0
418630,0
418631,0
418632,0
418633,0
418634,0
418635,0
418636,0
418637,0
418638,19
418639,0
418640,0
418641,0
418642,0
418643,0
418644,0
418645,0
418646,0
418647,0
418648,0
418649,0
418650,62
418651,0
418652,0
418653,0
418654,0
418655,0
418656,0
418657,0
418658,0
418659,0
418660,0
418661,0
418662,0
418663,0
418664,0
418665,0
418666,0
418667,0
418668,0
418669,0
418670,0
418671,0
418672,0
418673,0
418674,0
418675,0
418676,0
418677,0
418678,12
418679,0
418680,0
418681,0
418682,0
418683,0
418684,0
418685,0
418686,0
418687,0
418688,0
418689,0
418690,0
418691,0
418692,0
418693,0
418694,0
418695,36
418696,0
418697,0
418698,0
418699,0
418700,0
418701,0
418702,0
418703,0
418704,0
418705,0
418706,0
418707,0
418708,0
418709,0
418710,0
418711,0
418712,0
418713,0
418714,0
418715,0
418716,0
418717,0
418718,0
418719,0
418720,0
418721,0
418722,0
418723,0
418724,0
418725,0
418726,0
418727,0
418728,0
418729,0
418730,0
418731,0
418732,0
418733,0
418734,0
418735,0
418736,25
418737,0
418738,40
418739,14
418740,0
418741,0
418742,0
418743,0
418744,0
418745,13
418746,0
418747,32
418748,0
418749,0
418750,0
418751,0
418752,18
418753,0
418754,0
418755,0
418756,0
418757,0
418758,0
418759,0
418760,0
418761,0
418762,0
418763,44
418764,0
418765,0
418766,0
418767,0
418768,0
418769,0
418770,0
418771,0
418772,0
418773,21
418774,0
418775,0
418776,0
418777,0
418778,0
418779,0
418780,0
418781,0
418782,68
418783,0
418784,0
418785,0
418786,0
418787,0
418788,0
418789,0
418790,0
418791,0
418792,0
418793,0
418794,0
418795,0
418796,0
418797,0
418798,0
418799,0
418800,11
418801,0
418802,0
418803,0
418804,0
418805,0
418806,0
418807,0
418808,0
418809,0
418810,0
418811,0
418812,0
418813,0
418814,49
418815,0
418816,0
418817,0
418818,0
418819,0
418820,0
418821,0
418822,0
418823,0
418824,0
418825,0
418826,0
418827,0
418828,0
418829,24
418830,0
418831,0
418832,0
418833,0
418834,0
418835,0
418836,0
418837,33
418838,0
418839,0
418840,0
418841,0
418842,24
418843,0
418844,0
418845,0
418846,0
418847,0
418848,0
418849,0
418850,0
418851,0
418852,16
418853,0
418854,0
418855,0
418856,0
418857,0
418858,0
418859,0
418860,0
418861,0
418862,0
418863,0
418864,0
418865,0
418866,0
418867,0
418868,0
418869,0
418870,0
418871,0
418872,0
418873,0
418874,0
418875,0
418876,0
418877,0
418878,0
418879,0
418880,0
418881,0
418882,0
418883,0
418884,0
418885,0
418886,0
418887,0
418888,0
418889,0
418890,0
418891,0
418892,0
418893,0
418894,0
418895,0
418896,0
418897,0
418898,10
418899,0
418900,0
418901,0
418902,0
418903,0
418904,0
418905,0
418906,0
418907,0
418908,8
418909,0
418910,0
418911,0
418912,0
418913,0
418914,0
418915,0
418916,0
418917,0
418918,0
418919,0
418920,0
418921,0
418922,0
418923,0
418924,0
418925,0
418926,0
418927,0
418928,0
418929,0
418930,0
418931,6
418932,5
418933,0
418934,0
418935,0
418936,0
418937,0
418938,0
418939,0
418940,0
418941,0
418942,0
418943,0
418944,0
418945,0
418946,0
418947,0
418948,0
418949,0
418950,0
418951,0
418952,0
418953,0
418954,0
418955,0
418956,0
418957,0
418958,0
418959,0
418960,0
418961,0
418962,0
418963,0
418964,0
418965,0
418966,0
418967,0
418968,0
418969,0
418970,0
418971,0
418972,0
418973,0
418974,0
418975,0
418976,0
418977,0
418978,0
418979,0
418980,0
418981,0
418982,0
418983,0
418984,0
418985,0
418986,0
418987,4
418988,0
418989,0
418990,0
418991,0
418992,0
418993,0
418994,0
418995,0
418996,0
418997,0
418998,0
418999,0
419000,0
419001,0
419002,0
419003,0
419004,0
419005,0
419006,0
419007,0
419008,0
419009,0
419010,7
419011,0
419012,7
419013,2
419014,0
419015,0
419016,0
419017,0
419018,0
419019,0
419020,0
419021,0
419022,0
419023,0
419024,0
419025,0
419026,0
419027,0
419028,0
419029,0
419030,0
419031,10
419032,6
419033,0
419034,0
419035,0
419036,0
419037,0
419038,0
419039,0
419040,0
419041,0
419042,12
419043,0
419044,0
419045,0
419046,0
419047,0
419048,0
419049,0
419050,0
419051,0
419052,0
419053,0
419054,0
419055,0
419056,0
419057,0
419058,8
419059,0
419060,0
419061,0
419062,0
419063,0
419064,2
419065,0
419066,11
419067,0
419068,0
419069,0
419070,0
419071,0
419072,0
419073,0
419074,0
419075,0
419076,0
419077,0
419078,7
419079,0
419080,0
419081,0
419082,0
419083,0
419084,0
419085,0
419086,0
419087,0
419088,0
419089,0
419090,0
419091,0
419092,0
419093,7
419094,0
419095,0
419096,0
419097,0
419098,0
419099,0
419100,8
419101,0
419102,5
419103,0
419104,0
419105,11
419106,0
419107,0
419108,0
419109,0
419110,0
419111,0
419112,0
419113,0
419114,0
419115,0
419116,7
419117,0
419118,0
419119,0
419120,0
419121,0
419122,0
419123,0
419124,0
419125,0
419126,0
419127,0
419128,0
419129,0
419130,0
419131,0
419132,0
419133,0
419134,0
419135,0
419136,0
419137,0
419138,0
419139,0
419140,0
419141,0
419142,0
419143,0
419144,5
419145,0
419146,0
419147,0
419148,0
419149,0
419150,4
419151,0
419152,0
419153,0
419154,0
419155,0
419156,0
419157,0
419158,0
419159,0
419160,0
419161,0
419162,0
419163,0
419164,0
419165,0
419166,0
419167,9
419168,0
419169,0
419170,0
419171,0
419172,0
419173,0
419174,0
419175,0
419176,0
419177,0
419178,0
419179,0
419180,0
419181,0
419182,0
419183,0
419184,0
419185,0
419186,0
419187,0
419188,0
419189,6
419190,0
419191,0
419192,0
419193,0
419194,0
419195,0
419196,0
419197,0
419198,0
419199,0
419200,0
419201,0
419202,0
419203,0
419204,0
419205,0
419206,0
419207,0
419208,0
419209,0
419210,0
419211,0
419212,0
419213,0
419214,0
419215,0
419216,6
419217,0
419218,0
419219,0
419220,0
419221,0
419222,7
419223,0
419224,0
419225,0
419226,0
419227,0
419228,0
419229,0
419230,0
419231,0
419232,0
419233,0
419234,0
419235,0
419236,0
419237,0
419238,0
419239,0
419240,0
419241,0
419242,0
419243,0
419244,0
419245,0
419246,0
419247,0
419248,0
419249,0
419250,0
419251,0
419252,0
419253,0
419254,0
419255,4
419256,0
419257,0
419258,3
419259,7
419260,0
419261,0
419262,0
419263,0
419264,5
419265,0
419266,0
419267,0
419268,0
419269,0
419270,3
419271,0
419272,0
419273,0
419274,0
419275,0
419276,4
419277,0
419278,8
419279,0
419280,0
419281,0
419282,0
419283,0
419284,0
419285,0
419286,7
419287,0
419288,0
419289,0
419290,0
419291,0
419292,0
419293,0
419294,0
419295,0
419296,0
419297,0
419298,0
419299,0
419300,0
419301,0
419302,0
419303,0
419304,0
419305,0
419306,0
419307,0
419308,0
419309,0
419310,5
419311,0
419312,0
419313,0
419314,0
419315,0
419316,0
419317,0
419318,0
419319,0
419320,0
419321,0
419322,0
419323,0
419324,0
419325,0
419326,0
419327,0
419328,0
419329,0
419330,0
419331,0
419332,0
419333,0
419334,0
419335,0
419336,3
419337,0
419338,0
419339,0
419340,0
419341,9
419342,0
419343,0
419344,0
419345,0
419346,0
419347,0
419348,0
419349,0
419350,0
419351,0
419352,0
419353,0
419354,0
419355,0
419356,0
419357,0
419358,0
419359,0
419360,7
419361,0
419362,0
419363,0
419364,0
419365,0
419366,0
419367,0
419368,0
419369,0
419370,0
419371,0
419372,0
419373,0
419374,0
419375,0
419376,0
419377,0
419378,0
419379,0
419380,0
419381,0
419382,0
419383,9
419384,0
419385,0
419386,0
419387,0
419388,0
419389,0
419390,0
419391,0
419392,0
419393,0
419394,0
419395,0
419396,0
419397,0
419398,0
419399,0
419400,0
419401,0
419402,0
419403,0
419404,0
419405,8
419406,0
419407,0
419408,0
419409,0
419410,0
419411,0
419412,0
419413,0
419414,0
419415,0
419416,0
419417,0
419418,0
419419,0
419420,0
419421,0
419422,0
419423,0
419424,0
419425,0
419426,0
419427,0
419428,0
419429,0
419430,0
419431,5
419432,0
419433,0
419434,0
419435,0
419436,0
419437,0
419438,0
419439,0
419440,0
419441,0
419442,0
419443,0
419444,10
419445,0
419446,0
419447,0
419448,0
419449,0
419450,0
419451,4
419452,0
419453,0
419454,0
419455,0
419456,0
419457,7
419458,5
419459,0
419460,0
419461,0
419462,0
419463,0
419464,0
419465,0
419466,0
419467,0
419468,0
419469,0
419470,0
419471,0
419472,0
419473,0
419474,0
419475,8
419476,0
419477,0
419478,0
419479,0
419480,0
419481,0
419482,0
419483,0
419484,0
419485,0
419486,0
419487,0
419488,0
419489,0
419490,0
419491,0
419492,0
419493,0
419494,0
419495,0
419496,0
419497,0
419498,0
419499,0
419500,0
419501,0
419502,0
419503,0
419504,0
419505,0
419506,0
419507,0
419508,0
419509,0
419510,0
419511,0
419512,0
419513,0
419514,0
419515,0
419516,0
419517,0
419518,0
419519,0
419520,0
419521,0
419522,0
419523,8
419524,0
419525,5
419526,0
419527,0
419528,0
419529,9
419530,0
419531,0
419532,0
419533,0
419534,0
419535,0
419536,0
419537,0
419538,0
419539,0
419540,0
419541,0
419542,0
419543,0
419544,0
419545,0
419546,0
419547,0
419548,0
419549,0
419550,18
419551,31
419552,28
419553,26
419554,0
419555,0
419556,0
419557,0
419558,0
419559,0
419560,0
419561,0
419562,0
419563,0
419564,0
419565,0
419566,0
419567,33
419568,0
419569,0
419570,47
419571,0
419572,30
419573,0
419574,0
419575,36
419576,0
419577,0
419578,0
419579,0
419580,0
419581,35
419582,0
419583,0
419584,0
419585,0
419586,0
419587,39
419588,0
419589,0
419590,27
419591,0
419592,0
419593,25
419594,0
419595,0
419596,0
419597,24
419598,0
419599,0
419600,0
419601,0
419602,0
419603,0
419604,0
419605,29
419606,0
419607,0
419608,0
419609,0
419610,24
419611,0
419612,0
419613,0
419614,0
419615,0
419616,0
419617,18
419618,0
419619,0
419620,0
419621,0
419622,0
419623,0
419624,0
419625,0
419626,0
419627,0
419628,0
419629,0
419630,0
419631,27
419632,32
419633,0
419634,0
419635,15
419636,0
419637,0
419638,0
419639,0
419640,0
419641,0
419642,23
419643,0
419644,0
419645,0
419646,0
419647,29
419648,0
419649,0
419650,0
419651,0
419652,0
419653,0
419654,0
419655,31
419656,0
419657,19
419658,0
419659,0
419660,0
419661,0
419662,0
419663,20
419664,31
419665,0
419666,0
419667,0
419668,0
419669,0
419670,0
419671,0
419672,0
419673,0
419674,20
419675,0
419676,0
419677,0
419678,0
419679,0
419680,0
419681,0
419682,0
419683,0
419684,0
419685,0
419686,0
419687,0
419688,0
419689,0
419690,0
419691,0
419692,17
419693,0
419694,0
419695,0
419696,19
419697,0
419698,21
419699,0
419700,0
419701,0
419702,0
419703,4
419704,0
419705,19
419706,0
419707,0
419708,27
419709,18
419710,0
419711,0
419712,0
419713,0
419714,0
419715,0
419716,14
419717,0
419718,9
419719,0
419720,0
419721,0
419722,11
419723,0
419724,23
419725,0
419726,0
419727,0
419728,0
419729,0
419730,0
419731,0
419732,0
419733,0
419734,8
419735,0
419736,0
419737,0
419738,0
419739,18
419740,0
419741,0
419742,0
419743,0
419744,0
419745,0
419746,0
419747,0
419748,0
419749,0
419750,0
419751,11
419752,0
419753,0
419754,0
419755,0
419756,0
419757,0
419758,0
419759,0
419760,0
419761,0
419762,0
419763,14
419764,12
419765,0
419766,0
419767,0
419768,0
419769,0
419770,13
419771,0
419772,11
419773,0
419774,0
419775,0
419776,0
419777,0
419778,0
419779,0
419780,0
419781,10
419782,0
419783,0
419784,15
419785,0
419786,17
419787,0
419788,0
419789,0
419790,0
419791,10
419792,0
419793,14
419794,0
419795,0
419796,0
419797,0
419798,0
419799,0
419800,0
419801,0
419802,6
419803,0
419804,0
419805,13
419806,21
419807,0
419808,9
419809,0
419810,17
419811,0
419812,14
419813,0
419814,10
419815,0
419816,0
419817,0
419818,0
419819,0
419820,0
419821,0
419822,0
419823,11
419824,0
419825,0
419826,16
419827,0
419828,0
419829,20
419830,0
419831,0
419832,17
419833,0
419834,0
419835,0
419836,22
419837,0
419838,0
419839,0
419840,0
419841,12
419842,11
419843,0
419844,0
419845,20
419846,0
419847,0
419848,0
419849,0
419850,18
419851,22
419852,23
419853,23
419854,0
419855,0
419856,0
419857,0
419858,0
419859,0
419860,12
419861,0
419862,0
419863,0
419864,0
419865,0
419866,0
419867,0
419868,0
419869,17
419870,11
419871,0
419872,0
419873,0
419874,0
419875,17
419876,0
419877,0
419878,0
419879,0
419880,0
419881,0
419882,0
419883,0
419884,10
419885,0
419886,0
419887,7
419888,12
419889,0
419890,19
419891,11
419892,0
419893,0
419894,0
419895,0
419896,0
419897,0
419898,0
419899,15
419900,0
419901,0
419902,0
419903,15
419904,0
419905,0
419906,0
419907,0
419908,0
419909,0
419910,0
419911,14
419912,16
419913,0
419914,0
419915,0
419916,0
419917,16
419918,17
419919,16
419920,11
419921,11
419922,18
419923,14
419924,0
419925,0
419926,19
419927,0
419928,0
419929,0
419930,24
419931,0
419932,0
419933,0
419934,0
419935,0
419936,0
419937,22
419938,0
419939,0
419940,0
419941,14
419942,0
419943,0
419944,0
419945,15
419946,0
419947,14
419948,0
419949,0
419950,0
419951,0
419952,0
419953,13
419954,0
419955,0
419956,10
419957,0
419958,0
419959,0
419960,0
419961,0
419962,0
419963,20
419964,0
419965,15
419966,0
419967,15
419968,0
419969,0
419970,13
419971,14
419972,10
419973,0
419974,0
419975,20
419976,0
419977,0
419978,0
419979,16
419980,0
419981,0
419982,0
419983,8
419984,0
419985,26
419986,0
419987,0
419988,9
419989,18
419990,16
419991,0
419992,0
419993,0
419994,11
419995,15
419996,0
419997,0
419998,0
419999,13
420000,16
420001,0
420002,0
420003,0
420004,25
420005,0
420006,0
420007,0
420008,0
420009,0
420010,0
420011,42
420012,0
420013,0
420014,26
420015,0
420016,26
420017,26
420018,0
420019,0
420020,0
420021,0
420022,0
420023,0
420024,26
420025,0
420026,0
420027,25
420028,17
420029,0
420030,0
420031,0
420032,26
420033,0
420034,23
420035,0
420036,0
420037,0
420038,23
420039,0
420040,0
420041,0
420042,0
420043,21
420044,0
420045,0
420046,23
420047,0
420048,35
420049,0
420050,0
420051,13
420052,0
420053,0
420054,0
420055,0
420056,23
420057,0
420058,0
420059,0
420060,29
420061,0
420062,0
420063,0
420064,20
420065,0
420066,0
420067,0
420068,0
420069,16
420070,24
420071,17
420072,0
420073,0
420074,0
420075,22
420076,0
420077,0
420078,0
420079,0
420080,0
420081,0
420082,20
420083,20
420084,0
420085,0
420086,0
420087,29
420088,0
420089,0
420090,0
420091,0
420092,0
420093,0
420094,0
420095,0
420096,0
420097,0
420098,0
420099,0
420100,0
420101,30
420102,0
420103,21
420104,0
420105,0
420106,0
420107,0
420108,24
420109,0
420110,0
420111,27
420112,0
420113,25
420114,0
420115,0
420116,21
420117,0
420118,0
420119,25
420120,0
420121,20
420122,0
420123,0
420124,0
420125,0
420126,0
420127,0
420128,0
420129,0
420130,28
420131,0
420132,0
420133,0
420134,0
420135,0
420136,23
420137,0
420138,0
420139,0
420140,0
420141,25
420142,0
420143,0
420144,0
420145,0
420146,0
420147,21
420148,15
420149,0
420150,0
420151,0
420152,0
420153,0
420154,0
420155,0
420156,0
420157,24
420158,31
420159,0
420160,0
420161,0
420162,29
420163,0
420164,25
420165,0
420166,17
420167,17
420168,0
420169,0
420170,0
420171,0
420172,26
420173,22
420174,0
420175,0
420176,21
420177,0
420178,0
420179,0
420180,0
420181,0
420182,19
420183,34
420184,0
420185,0
420186,24
420187,20
420188,0
420189,0
420190,12
420191,22
420192,0
420193,30
420194,0
420195,23
420196,21
420197,0
420198,0
420199,0
420200,0
420201,0
420202,23
420203,0
420204,0
420205,27
420206,0
420207,0
420208,20
420209,0
420210,18
420211,0
420212,25
420213,0
420214,25
420215,0
420216,0
420217,0
420218,0
420219,15
420220,0
420221,0
420222,16
420223,0
420224,0
420225,0
420226,0
420227,0
420228,9
420229,0
420230,0
420231,0
420232,0
420233,0
420234,0
420235,0
420236,0
420237,0
420238,0
420239,0
420240,0
420241,0
420242,0
420243,0
420244,0
420245,0
420246,0
420247,0
420248,0
420249,0
420250,0
420251,0
420252,0
420253,0
420254,0
420255,0
420256,0
420257,0
420258,0
420259,0
420260,0
420261,18
420262,0
420263,0
420264,0
420265,0
420266,0
420267,0
420268,0
420269,0
420270,0
420271,0
420272,0
420273,0
420274,0
420275,0
420276,0
420277,0
420278,0
420279,0
420280,0
420281,0
420282,0
420283,0
420284,0
420285,0
420286,0
420287,0
420288,0
420289,0
420290,18
420291,0
420292,0
420293,0
420294,0
420295,0
420296,0
420297,0
420298,0
420299,0
420300,0
420301,0
420302,0
420303,0
420304,0
420305,0
420306,0
420307,0
420308,0
420309,8
420310,0
420311,0
420312,0
420313,0
420314,0
420315,0
420316,0
420317,0
420318,0
420319,0
420320,0
420321,32
420322,0
420323,0
420324,0
420325,0
420326,0
420327,0
420328,0
420329,0
420330,0
420331,0
420332,0
420333,0
420334,0
420335,0
420336,0
420337,0
420338,15
420339,0
420340,0
420341,0
420342,0
420343,0
420344,0
420345,0
420346,0
420347,0
420348,0
420349,0
420350,0
420351,0
420352,0
420353,0
420354,0
420355,0
420356,0
420357,0
420358,10
420359,0
420360,0
420361,0
420362,0
420363,0
420364,25
420365,0
420366,0
420367,20
420368,0
420369,0
420370,0
420371,0
420372,21
420373,0
420374,0
420375,0
420376,0
420377,0
420378,0
420379,20
420380,0
420381,0
420382,15
420383,0
420384,0
420385,0
420386,0
420387,0
420388,0
420389,0
420390,0
420391,0
420392,0
420393,0
420394,0
420395,0
420396,0
420397,0
420398,0
420399,0
420400,0
420401,0
420402,0
420403,0
420404,0
420405,0
420406,0
420407,0
420408,0
420409,11
420410,0
420411,0
420412,0
420413,0
420414,0
420415,0
420416,0
420417,0
420418,0
420419,3
420420,0
420421,0
420422,0
420423,14
420424,0
420425,0
420426,0
420427,0
420428,0
420429,0
420430,0
420431,0
420432,0
420433,0
420434,0
420435,0
420436,0
420437,0
420438,0
420439,0
420440,0
420441,0
420442,0
420443,0
420444,0
420445,0
420446,0
420447,0
420448,0
420449,0
420450,0
420451,0
420452,0
420453,0
420454,0
420455,0
420456,7
420457,0
420458,0
420459,0
420460,0
420461,0
420462,0
420463,0
420464,0
420465,0
420466,0
420467,0
420468,0
420469,0
420470,0
420471,0
420472,0
420473,0
420474,0
420475,0
420476,0
420477,0
420478,0
420479,0
420480,0
420481,0
420482,0
420483,0
420484,0
420485,16
420486,0
420487,0
420488,25
420489,17
420490,0
420491,0
420492,0
420493,0
420494,29
420495,0
420496,0
420497,0
420498,18
420499,0
420500,23
420501,0
420502,0
420503,0
420504,0
420505,0
420506,0
420507,0
420508,0
420509,0
420510,0
420511,0
420512,0
420513,0
420514,0
420515,0
420516,0
420517,0
420518,0
420519,0
420520,0
420521,17
420522,0
420523,0
420524,0
420525,0
420526,0
420527,0
420528,0
420529,0
420530,0
420531,0
420532,0
420533,0
420534,0
420535,0
420536,13
420537,20
420538,0
420539,0
420540,0
420541,15
420542,0
420543,0
420544,11
420545,0
420546,0
420547,0
420548,0
420549,0
420550,0
420551,0
420552,0
420553,0
420554,0
420555,5
420556,0
420557,0
420558,0
420559,0
420560,0
420561,0
420562,0
420563,0
420564,0
420565,21
420566,0
420567,0
420568,0
420569,0
420570,0
420571,0
420572,0
420573,0
420574,0
420575,0
420576,31
420577,0
420578,0
420579,29
420580,0
420581,0
420582,0
420583,0
420584,0
420585,0
420586,0
420587,0
420588,0
420589,0
420590,0
420591,0
420592,0
420593,0
420594,0
420595,0
420596,0
420597,0
420598,0
420599,0
420600,0
420601,0
420602,0
420603,0
420604,0
420605,0
420606,0
420607,0
420608,22
420609,0
420610,0
420611,0
420612,0
420613,0
420614,0
420615,0
420616,0
420617,0
420618,0
420619,16
420620,0
420621,0
420622,0
420623,0
420624,0
420625,0
420626,0
420627,13
420628,0
420629,0
420630,0
420631,0
420632,0
420633,0
420634,0
420635,0
420636,0
420637,0
420638,0
420639,0
420640,0
420641,0
420642,0
420643,0
420644,0
420645,0
420646,0
420647,0
420648,0
420649,0
420650,0
420651,0
420652,15
420653,0
420654,0
420655,12
420656,0
420657,0
420658,0
420659,0
420660,0
420661,0
420662,13
420663,19
420664,0
420665,0
420666,11
420667,0
420668,0
420669,11
420670,0
420671,0
420672,0
420673,0
420674,0
420675,0
420676,0
420677,0
420678,0
420679,0
420680,0
420681,0
420682,0
420683,0
420684,0
420685,30
420686,0
420687,0
420688,0
420689,0
420690,0
420691,0
420692,0
420693,0
420694,13
420695,0
420696,6
420697,0
420698,0
420699,0
420700,0
420701,0
420702,0
420703,0
420704,5
420705,0
420706,0
420707,0
420708,0
420709,26
420710,10
420711,8
420712,0
420713,0
420714,0
420715,0
420716,0
420717,0
420718,0
420719,0
420720,16
420721,0
420722,0
420723,0
420724,0
420725,0
420726,0
420727,8
420728,0
420729,7
420730,0
420731,0
420732,0
420733,0
420734,17
420735,0
420736,0
420737,0
420738,0
420739,0
420740,0
420741,7
420742,0
420743,0
420744,20
420745,0
420746,0
420747,0
420748,0
420749,20
420750,0
420751,0
420752,0
420753,0
420754,0
420755,21
420756,0
420757,0
420758,0
420759,0
420760,0
420761,0
420762,0
420763,16
420764,0
420765,8
420766,0
420767,0
420768,0
420769,0
420770,0
420771,0
420772,13
420773,0
420774,20
420775,0
420776,0
420777,0
420778,0
420779,0
420780,0
420781,0
420782,0
420783,0
420784,0
420785,0
420786,0
420787,0
420788,0
420789,9
420790,0
420791,6
420792,0
420793,11
420794,9
420795,18
420796,0
420797,12
420798,0
420799,0
420800,0
420801,0
420802,0
420803,0
420804,0
420805,0
420806,0
420807,16
420808,0
420809,0
420810,0
420811,0
420812,0
420813,0
420814,0
420815,0
420816,0
420817,20
420818,0
420819,0
420820,14
420821,0
420822,0
420823,0
420824,0
420825,0
420826,0
420827,0
420828,15
420829,0
420830,0
420831,12
420832,0
420833,0
420834,0
420835,0
420836,0
420837,0
420838,10
420839,0
420840,10
420841,21
420842,0
420843,0
420844,0
420845,0
420846,0
420847,0
420848,0
420849,22
420850,0
420851,0
420852,0
420853,0
420854,0
420855,0
420856,0
420857,13
420858,0
420859,0
420860,0
420861,0
420862,0
420863,0
420864,0
420865,0
420866,0
420867,0
420868,0
420869,21
420870,0
420871,0
420872,0
420873,0
420874,0
420875,7
420876,21
420877,0
420878,0
420879,0
420880,5
420881,0
420882,8
420883,0
420884,0
420885,0
420886,0
420887,0
420888,15
420889,11
420890,0
420891,0
420892,0
420893,0
420894,16
420895,0
420896,16
420897,0
420898,0
420899,0
420900,0
420901,0
420902,18
420903,9
420904,0
420905,0
420906,0
420907,0
420908,0
420909,0
420910,0
420911,0
420912,0
420913,0
420914,0
420915,0
420916,0
420917,0
420918,0
420919,0
420920,0
420921,0
420922,0
420923,23
420924,23
420925,13
420926,22
420927,0
420928,0
420929,0
420930,0
420931,11
420932,0
420933,0
420934,0
420935,0
420936,0
420937,0
420938,0
420939,0
420940,0
420941,0
420942,0
420943,8
420944,0
420945,0
420946,0
420947,12
420948,0
420949,0
420950,6
420951,0
420952,0
420953,0
420954,11
420955,0
420956,0
420957,0
420958,0
420959,0
420960,7
420961,7
420962,18
420963,0
420964,0
420965,0
420966,11
420967,0
420968,0
420969,0
420970,0
420971,0
420972,6
420973,0
420974,0
420975,10
420976,0
420977,0
420978,0
420979,0
420980,0
420981,6
420982,0
420983,22
420984,0
420985,11
420986,0
420987,18
420988,0
420989,0
420990,0
420991,0
420992,0
420993,17
420994,0
420995,0
420996,0
420997,0
420998,0
420999,0
421000,0
421001,0
421002,13
421003,0
421004,0
421005,14
421006,7
421007,11
421008,0
421009,0
421010,0
421011,2
421012,15
421013,0
421014,0
421015,0
421016,13
421017,0
421018,0
421019,0
421020,0
421021,0
421022,17
421023,0
421024,0
421025,0
421026,14
421027,0
421028,0
421029,0
421030,0
421031,23
421032,0
421033,0
421034,0
421035,0
421036,0
421037,0
421038,0
421039,0
421040,5
421041,26
421042,0
421043,0
421044,0
421045,0
421046,0
421047,0
421048,0
421049,18
421050,0
421051,0
421052,0
421053,0
421054,0
421055,14
421056,0
421057,0
421058,0
421059,0
421060,0
421061,0
421062,0
421063,0
421064,3
421065,0
421066,0
421067,8
421068,0
421069,11
421070,0
421071,0
421072,0
421073,0
421074,0
421075,0
421076,12
421077,0
421078,0
421079,0
421080,24
421081,0
421082,0
421083,0
421084,0
421085,0
421086,0
421087,28
421088,0
421089,0
421090,44
421091,0
421092,40
421093,0
421094,25
421095,0
421096,16
421097,0
421098,0
421099,0
421100,0
421101,0
421102,42
421103,0
421104,0
421105,46
421106,36
421107,0
421108,51
421109,0
421110,0
421111,0
421112,0
421113,0
421114,0
421115,24
421116,35
421117,0
421118,0
421119,0
421120,0
421121,0
421122,26
421123,0
421124,19
421125,0
421126,44
421127,0
421128,0
421129,0
421130,27
421131,26
421132,0
421133,0
421134,0
421135,0
421136,23
421137,0
421138,20
421139,0
421140,0
421141,0
421142,0
421143,0
421144,0
421145,26
421146,0
421147,0
421148,22
421149,33
421150,0
421151,0
421152,0
421153,0
421154,37
421155,27
421156,0
421157,51
421158,0
421159,0
421160,31
421161,38
421162,0
421163,0
421164,0
421165,0
421166,32
421167,0
421168,0
421169,0
421170,0
421171,50
421172,0
421173,0
421174,0
421175,0
421176,40
421177,0
421178,0
421179,0
421180,0
421181,28
421182,0
421183,0
421184,0
421185,0
421186,0
421187,0
421188,0
421189,48
421190,32
421191,0
421192,0
421193,0
421194,0
421195,0
421196,0
421197,0
421198,0
421199,39
421200,0
421201,0
421202,0
421203,0
421204,30
421205,0
421206,28
421207,0
421208,0
421209,0
421210,0
421211,0
421212,30
421213,0
421214,0
421215,0
421216,0
421217,0
421218,0
421219,0
421220,0
421221,34
421222,0
421223,0
421224,0
421225,13
421226,0
421227,0
421228,0
421229,28
421230,0
421231,39
421232,66
421233,0
421234,0
421235,39
421236,0
421237,0
421238,0
421239,0
421240,0
421241,0
421242,0
421243,0
421244,0
421245,45
421246,0
421247,45
421248,0
421249,29
421250,0
421251,0
421252,0
421253,0
421254,56
421255,50
421256,0
421257,36
421258,55
421259,39
421260,0
421261,40
421262,40
421263,0
421264,0
421265,0
421266,48
421267,0
421268,21
421269,0
421270,0
421271,0
421272,33
421273,0
421274,0
421275,0
421276,0
421277,0
421278,0
421279,0
421280,0
421281,0
421282,0
421283,0
421284,0
421285,0
421286,0
421287,77
421288,54
421289,0
421290,0
421291,0
421292,9
421293,0
421294,0
421295,30
421296,0
421297,46
421298,0
421299,0
421300,0
421301,0
421302,0
421303,64
421304,0
421305,48
421306,0
421307,41
421308,0
421309,0
421310,0
421311,0
421312,0
421313,27
421314,0
421315,37
421316,0
421317,0
421318,0
421319,29
421320,42
421321,0
421322,0
421323,0
421324,0
421325,0
421326,0
421327,0
421328,0
421329,0
421330,0
421331,0
421332,47
421333,43
421334,0
421335,0
421336,18
421337,0
421338,0
421339,0
421340,0
421341,0
421342,0
421343,33
421344,0
421345,0
421346,46
421347,0
421348,0
421349,0
421350,0
421351,0
421352,0
421353,0
421354,0
421355,0
421356,0
421357,0
421358,0
421359,0
421360,0
421361,0
421362,23
421363,0
421364,0
421365,0
421366,37
421367,0
421368,0
421369,0
421370,0
421371,0
421372,60
421373,27
421374,0
421375,0
421376,36
421377,0
421378,0
421379,0
421380,0
421381,50
421382,0
421383,0
421384,0
421385,0
421386,0
421387,0
421388,0
421389,34
421390,0
421391,0
421392,0
421393,0
421394,46
421395,23
421396,0
421397,0
421398,0
421399,0
421400,0
421401,0
421402,40
421403,0
421404,0
421405,0
421406,23
421407,0
421408,0
421409,0
421410,0
421411,0
421412,0
421413,0
421414,54
421415,0
421416,17
421417,0
421418,70
421419,0
421420,0
421421,0
421422,0
421423,0
421424,32
421425,0
421426,0
421427,0
421428,0
421429,0
421430,0
421431,0
421432,0
421433,23
421434,30
421435,40
421436,47
421437,0
421438,0
421439,0
421440,0
421441,21
421442,0
421443,0
421444,0
421445,0
421446,40
421447,0
421448,0
421449,0
421450,29
421451,0
421452,0
421453,0
421454,0
421455,0
421456,0
421457,0
421458,0
421459,0
421460,69
421461,19
421462,0
421463,0
421464,0
421465,0
421466,0
421467,24
421468,0
421469,44
421470,0
421471,0
421472,0
421473,23
421474,32
421475,42
421476,41
421477,0
421478,0
421479,23
421480,40
421481,31
421482,0
421483,0
421484,0
421485,0
421486,0
421487,0
421488,0
421489,0
421490,0
421491,41
421492,0
421493,35
421494,52
421495,0
421496,0
421497,53
421498,0
421499,0
421500,0
421501,32
421502,0
421503,34
421504,0
421505,0
421506,0
421507,0
421508,0
421509,0
421510,0
421511,0
421512,38
421513,0
421514,0
421515,0
421516,0
421517,0
421518,0
421519,0
421520,0
421521,0
421522,50
421523,0
421524,0
421525,0
421526,0
421527,0
421528,0
421529,0
421530,0
421531,33
421532,41
421533,18
421534,27
421535,0
421536,0
421537,0
421538,0
421539,0
421540,0
421541,0
421542,0
421543,16
421544,0
421545,0
421546,0
421547,0
421548,44
421549,0
421550,0
421551,0
421552,0
421553,0
421554,0
421555,35
421556,0
421557,0
421558,0
421559,44
421560,0
421561,0
421562,39
421563,0
421564,0
421565,0
421566,48
421567,0
421568,29
421569,0
421570,0
421571,0
421572,0
421573,0
421574,0
421575,0
421576,0
421577,0
421578,0
421579,0
421580,0
421581,0
421582,0
421583,0
421584,0
421585,0
421586,0
421587,26
421588,0
421589,0
421590,0
421591,0
421592,0
421593,0
421594,0
421595,0
421596,0
421597,42
421598,0
421599,20
421600,16
421601,0
421602,0
421603,0
421604,0
421605,0
421606,22
421607,0
421608,0
421609,0
421610,0
421611,18
421612,0
421613,0
421614,0
421615,0
421616,0
421617,0
421618,0
421619,0
421620,0
421621,0
421622,0
421623,17
421624,0
421625,0
421626,0
421627,0
421628,0
421629,25
421630,0
421631,0
421632,11
421633,0
421634,0
421635,0
421636,0
421637,20
421638,0
421639,28
421640,0
421641,13
421642,0
421643,19
421644,11
421645,0
421646,11
421647,0
421648,0
421649,0
421650,0
421651,0
421652,0
421653,0
421654,0
421655,0
421656,0
421657,0
421658,25
421659,0
421660,0
421661,0
421662,0
421663,27
421664,0
421665,12
421666,0
421667,0
421668,0
421669,34
421670,21
421671,0
421672,22
421673,0
421674,0
421675,0
421676,0
421677,0
421678,0
421679,0
421680,0
421681,0
421682,0
421683,24
421684,0
421685,0
421686,0
421687,0
421688,0
421689,0
421690,0
421691,8
421692,0
421693,0
421694,0
421695,0
421696,0
421697,0
421698,6
421699,0
421700,0
421701,0
421702,0
421703,0
421704,6
421705,0
421706,0
421707,9
421708,0
421709,0
421710,0
421711,0
421712,5
421713,0
421714,0
421715,0
421716,0
421717,0
421718,0
421719,0
421720,7
421721,14
421722,0
421723,0
421724,0
421725,0
421726,0
421727,0
421728,3
421729,0
421730,9
421731,0
421732,11
421733,0
421734,9
421735,0
421736,0
421737,0
421738,0
421739,0
421740,4
421741,0
421742,0
421743,0
421744,0
421745,0
421746,0
421747,0
421748,0
421749,0
421750,0
421751,0
421752,7
421753,11
421754,0
421755,0
421756,0
421757,0
421758,8
421759,0
421760,0
421761,0
421762,13
421763,0
421764,0
421765,0
421766,17
421767,0
421768,0
421769,0
421770,0
421771,0
421772,0
421773,10
421774,12
421775,0
421776,0
421777,0
421778,0
421779,6
421780,0
421781,6
421782,0
421783,14
421784,0
421785,0
421786,6
421787,0
421788,0
421789,0
421790,5
421791,0
421792,0
421793,0
421794,0
421795,9
421796,0
421797,8
421798,10
421799,0
421800,9
421801,0
421802,8
421803,0
421804,6
421805,0
421806,10
421807,6
421808,0
421809,0
421810,0
421811,0
421812,0
421813,3
421814,5
421815,0
421816,0
421817,0
421818,0
421819,0
421820,0
421821,0
421822,6
421823,0
421824,0
421825,0
421826,0
421827,0
421828,0
421829,0
421830,0
421831,0
421832,4
421833,0
421834,0
421835,6
421836,0
421837,0
421838,0
421839,0
421840,0
421841,0
421842,0
421843,0
421844,7
421845,0
421846,0
421847,0
421848,0
421849,3
421850,0
421851,0
421852,0
421853,0
421854,1
421855,0
421856,0
421857,16
421858,0
421859,10
421860,2
421861,13
421862,5
421863,12
421864,0
421865,0
421866,0
421867,0
421868,0
421869,0
421870,0
421871,0
421872,0
421873,0
421874,0
421875,0
421876,0
421877,0
421878,0
421879,0
421880,1
421881,4
421882,0
421883,0
421884,0
421885,0
421886,6
421887,0
421888,0
421889,0
421890,0
421891,0
421892,0
421893,0
421894,0
421895,0
421896,6
421897,11
421898,5
421899,0
421900,6
421901,0
421902,0
421903,0
421904,0
421905,0
421906,0
421907,0
421908,0
421909,11
421910,10
421911,0
421912,0
421913,0
421914,0
421915,0
421916,0
421917,0
421918,0
421919,0
421920,0
421921,0
421922,0
421923,0
421924,0
421925,0
421926,9
421927,0
421928,0
421929,0
421930,13
421931,0
421932,0
421933,0
421934,0
421935,0
421936,0
421937,4
421938,9
421939,0
421940,0
421941,0
421942,0
421943,0
421944,0
421945,0
421946,0
421947,9
421948,0
421949,0
421950,13
421951,9
421952,0
421953,0
421954,12
421955,8
421956,5
421957,9
421958,9
421959,0
421960,0
421961,0
421962,13
421963,0
421964,0
421965,0
421966,0
421967,13
421968,16
421969,0
421970,0
421971,0
421972,0
421973,0
421974,0
421975,0
421976,0
421977,7
421978,0
421979,0
421980,9
421981,0
421982,0
421983,0
421984,2
421985,8
421986,0
421987,10
421988,0
421989,13
421990,0
421991,6
421992,0
421993,0
421994,0
421995,0
421996,5
421997,11
421998,14
421999,0
422000,14
422001,0
422002,0
422003,10
422004,8
422005,0
422006,0
422007,0
422008,0
422009,5
422010,0
422011,10
422012,0
422013,0
422014,17
422015,0
422016,0
422017,6
422018,0
422019,0
422020,0
422021,0
422022,6
422023,0
422024,9
422025,0
422026,4
422027,0
422028,0
422029,0
422030,0
422031,0
422032,0
422033,0
422034,0
422035,0
422036,7
422037,0
422038,0
422039,0
422040,13
422041,11
422042,0
422043,0
422044,14
422045,0
422046,0
422047,0
422048,12
422049,7
422050,9
422051,0
422052,0
422053,0
422054,8
422055,6
422056,0
422057,0
422058,0
422059,12
422060,0
422061,9
422062,0
422063,0
422064,0
422065,13
422066,11
422067,0
422068,7
422069,0
422070,6
422071,0
422072,0
422073,0
422074,0
422075,0
422076,0
422077,0
422078,9
422079,0
422080,10
422081,0
422082,0
422083,0
422084,0
422085,7
422086,0
422087,0
422088,0
422089,0
422090,10
422091,0
422092,0
422093,0
422094,0
422095,0
422096,0
422097,0
422098,8
422099,0
422100,13
422101,7
422102,0
422103,3
422104,0
422105,0
422106,0
422107,0
422108,0
422109,0
422110,0
422111,0
422112,13
422113,9
422114,0
422115,0
422116,0
422117,0
422118,0
422119,0
422120,0
422121,8
422122,6
422123,9
422124,3
422125,0
422126,0
422127,0
422128,0
422129,0
422130,0
422131,7
422132,0
422133,0
422134,0
422135,0
422136,0
422137,0
422138,0
422139,0
422140,0
422141,7
422142,0
422143,0
422144,0
422145,0
422146,6
422147,0
422148,0
422149,0
422150,0
422151,11
422152,0
422153,0
422154,0
422155,0
422156,0
422157,0
422158,0
422159,5
422160,0
422161,10
422162,0
422163,0
422164,0
422165,0
422166,0
422167,0
422168,0
422169,0
422170,5
422171,0
422172,0
422173,0
422174,6
422175,0
422176,0
422177,9
422178,10
422179,0
422180,0
422181,0
422182,8
422183,5
422184,0
422185,0
422186,9
422187,0
422188,0
422189,0
422190,0
422191,0
422192,10
422193,9
422194,9
422195,0
422196,0
422197,0
422198,0
422199,0
422200,12
422201,3
422202,0
422203,0
422204,13
422205,0
422206,0
422207,0
422208,13
422209,12
422210,10
422211,13
422212,0
422213,0
422214,0
422215,0
422216,0
422217,0
422218,0
422219,0
422220,0
422221,9
422222,0
422223,13
422224,0
422225,0
422226,0
422227,0
422228,0
422229,6
422230,0
422231,0
422232,0
422233,0
422234,0
422235,0
422236,0
422237,0
422238,0
422239,0
422240,0
422241,0
422242,0
422243,0
422244,13
422245,10
422246,0
422247,0
422248,0
422249,0
422250,0
422251,0
422252,0
422253,0
422254,0
422255,0
422256,0
422257,5
422258,0
422259,7
422260,0
422261,10
422262,12
422263,0
422264,0
422265,9
422266,0
422267,0
422268,0
422269,0
422270,5
422271,0
422272,0
422273,0
422274,0
422275,0
422276,0
422277,13
422278,0
422279,0
422280,0
422281,9
422282,13
422283,9
422284,0
422285,9
422286,0
422287,0
422288,5
422289,0
422290,0
422291,0
422292,5
422293,0
422294,0
422295,0
422296,0
422297,0
422298,0
422299,14
422300,0
422301,0
422302,0
422303,0
422304,10
422305,0
422306,0
422307,0
422308,0
422309,0
422310,0
422311,0
422312,9
422313,0
422314,0
422315,0
422316,0
422317,0
422318,0
422319,8
422320,0
422321,11
422322,0
422323,0
422324,7
422325,0
422326,0
422327,0
422328,5
422329,0
422330,0
422331,0
422332,0
422333,0
422334,0
422335,0
422336,0
422337,0
422338,0
422339,0
422340,0
422341,0
422342,6
422343,0
422344,0
422345,0
422346,4
422347,0
422348,0
422349,0
422350,0
422351,0
422352,0
422353,3
422354,0
422355,0
422356,11
422357,0
422358,0
422359,0
422360,0
422361,0
422362,0
422363,1
422364,0
422365,0
422366,6
422367,0
422368,0
422369,0
422370,0
422371,0
422372,0
422373,0
422374,0
422375,0
422376,1
422377,0
422378,0
422379,0
422380,0
422381,0
422382,0
422383,0
422384,0
422385,0
422386,0
422387,0
422388,6
422389,0
422390,0
422391,0
422392,0
422393,0
422394,5
422395,0
422396,0
422397,4
422398,0
422399,0
422400,0
422401,0
422402,0
422403,0
422404,0
422405,0
422406,0
422407,0
422408,0
422409,12
422410,0
422411,0
422412,5
422413,0
422414,0
422415,0
422416,0
422417,0
422418,0
422419,0
422420,0
422421,0
422422,0
422423,0
422424,0
422425,0
422426,8
422427,0
422428,0
422429,0
422430,0
422431,0
422432,0
422433,0
422434,0
422435,0
422436,0
422437,0
422438,0
422439,0
422440,0
422441,0
422442,0
422443,0
422444,0
422445,0
422446,0
422447,0
422448,4
422449,0
422450,0
422451,7
422452,7
422453,0
422454,0
422455,0
422456,0
422457,0
422458,0
422459,0
422460,0
422461,5
422462,0
422463,0
422464,0
422465,0
422466,1
422467,0
422468,0
422469,0
422470,0
422471,2
422472,0
422473,0
422474,0
422475,0
422476,0
422477,0
422478,0
422479,0
422480,1
422481,0
422482,0
422483,0
422484,0
422485,0
422486,0
422487,0
422488,0
422489,0
422490,0
422491,0
422492,0
422493,0
422494,0
422495,0
422496,0
422497,0
422498,0
422499,0
422500,0
422501,0
422502,0
422503,0
422504,0
422505,3
422506,0
422507,0
422508,0
422509,0
422510,0
422511,0
422512,0
422513,0
422514,0
422515,0
422516,4
422517,0
422518,0
422519,0
422520,0
422521,0
422522,0
422523,0
422524,0
422525,0
422526,0
422527,2
422528,0
422529,0
422530,0
422531,0
422532,0
422533,0
422534,1
422535,0
422536,0
422537,0
422538,0
422539,0
422540,0
422541,0
422542,0
422543,9
422544,0
422545,0
422546,0
422547,5
422548,0
422549,0
422550,0
422551,0
422552,0
422553,0
422554,0
422555,12
422556,3
422557,0
422558,0
422559,0
422560,0
422561,0
422562,0
422563,7
422564,0
422565,0
422566,0
422567,0
422568,0
422569,0
422570,0
422571,0
422572,5
422573,0
422574,0
422575,0
422576,0
422577,0
422578,0
422579,0
422580,0
422581,0
422582,2
422583,0
422584,0
422585,0
422586,0
422587,0
422588,4
422589,0
422590,0
422591,0
422592,0
422593,0
422594,0
422595,0
422596,0
422597,0
422598,4
422599,0
422600,0
422601,0
422602,0
422603,0
422604,0
422605,10
422606,1
422607,0
422608,0
422609,0
422610,0
422611,0
422612,0
422613,0
422614,8
422615,0
422616,0
422617,0
422618,0
422619,0
422620,1
422621,0
422622,5
422623,0
422624,0
422625,2
422626,0
422627,4
422628,1
422629,0
422630,0
422631,0
422632,0
422633,0
422634,0
422635,0
422636,2
422637,0
422638,0
422639,0
422640,0
422641,0
422642,0
422643,0
422644,0
422645,0
422646,0
422647,0
422648,0
422649,0
422650,7
422651,0
422652,0
422653,0
422654,0
422655,0
422656,0
422657,3
422658,0
422659,0
422660,7
422661,0
422662,0
422663,5
422664,0
422665,0
422666,0
422667,0
422668,0
422669,0
422670,0
422671,0
422672,0
422673,0
422674,0
422675,0
422676,0
422677,0
422678,7
422679,0
422680,0
422681,0
422682,0
422683,0
422684,0
422685,3
422686,9
422687,0
422688,0
422689,0
422690,3
422691,0
422692,0
422693,5
422694,0
422695,0
422696,10
422697,0
422698,0
422699,0
422700,0
422701,0
422702,0
422703,0
422704,0
422705,7
422706,0
422707,0
422708,0
422709,0
422710,0
422711,0
422712,0
422713,0
422714,3
422715,0
422716,0
422717,0
422718,0
422719,0
422720,7
422721,0
422722,0
422723,0
422724,0
422725,0
422726,0
422727,0
422728,7
422729,0
422730,0
422731,0
422732,0
422733,0
422734,0
422735,0
422736,0
422737,2
422738,0
422739,5
422740,0
422741,0
422742,0
422743,0
422744,0
422745,2
422746,0
422747,0
422748,0
422749,5
422750,0
422751,0
422752,0
422753,0
422754,0
422755,0
422756,0
422757,0
422758,4
422759,3
422760,0
422761,0
422762,0
422763,0
422764,2
422765,0
422766,0
422767,0
422768,0
422769,0
422770,0
422771,0
422772,0
422773,0
422774,0
422775,0
422776,0
422777,0
422778,0
422779,0
422780,0
422781,0
422782,0
422783,0
422784,0
422785,0
422786,0
422787,0
422788,0
422789,0
422790,0
422791,0
422792,0
422793,0
422794,0
422795,0
422796,0
422797,5
422798,0
422799,0
422800,0
422801,0
422802,0
422803,0
422804,0
422805,0
422806,0
422807,0
422808,0
422809,2
422810,0
422811,0
422812,0
422813,0
422814,0
422815,0
422816,6
422817,0
422818,0
422819,0
422820,0
422821,2
422822,0
422823,0
422824,0
422825,0
422826,4
422827,0
422828,3
422829,0
422830,0
422831,0
422832,0
422833,0
422834,0
422835,0
422836,0
422837,5
422838,0
422839,5
422840,0
422841,0
422842,0
422843,0
422844,5
422845,0
422846,0
422847,8
422848,0
422849,0
422850,0
422851,7
422852,3
422853,0
422854,0
422855,0
422856,0
422857,0
422858,0
422859,0
422860,4
422861,0
422862,0
422863,3
422864,0
422865,0
422866,0
422867,0
422868,4
422869,5
422870,0
422871,0
422872,0
422873,0
422874,0
422875,0
422876,3
422877,0
422878,0
422879,4
422880,0
422881,0
422882,0
422883,0
422884,0
422885,2
422886,0
422887,0
422888,0
422889,0
422890,0
422891,0
422892,0
422893,0
422894,0
422895,0
422896,0
422897,0
422898,1
422899,0
422900,0
422901,3
422902,0
422903,0
422904,0
422905,0
422906,0
422907,0
422908,9
422909,0
422910,0
422911,0
422912,0
422913,0
422914,0
422915,0
422916,0
422917,0
422918,0
422919,0
422920,0
422921,0
422922,0
422923,6
422924,0
422925,2
422926,0
422927,0
422928,0
422929,0
422930,7
422931,3
422932,0
422933,0
422934,0
422935,0
422936,0
422937,0
422938,0
422939,0
422940,0
422941,0
422942,0
422943,8
422944,0
422945,0
422946,0
422947,0
422948,0
422949,1
422950,2
422951,0
422952,0
422953,0
422954,0
422955,1
422956,0
422957,0
422958,0
422959,0
422960,0
422961,0
422962,0
422963,0
422964,0
422965,0
422966,2
422967,0
422968,0
422969,0
422970,0
422971,0
422972,0
422973,0
422974,0
422975,0
422976,0
422977,0
422978,0
422979,0
422980,0
422981,0
422982,0
422983,0
422984,0
422985,0
422986,6
422987,6
422988,0
422989,0
422990,2
422991,0
422992,0
422993,0
422994,0
422995,0
422996,0
422997,3
422998,4
422999,0
423000,0
423001,0
423002,0
423003,0
423004,0
423005,0
423006,0
423007,2
423008,0
423009,0
423010,0
423011,0
423012,0
423013,0
423014,0
423015,0
423016,0
423017,0
423018,0
423019,0
423020,0
423021,6
423022,0
423023,0
423024,0
423025,0
423026,0
423027,0
423028,0
423029,0
423030,0
423031,0
423032,0
423033,0
423034,0
423035,0
423036,4
423037,0
423038,0
423039,0
423040,1
423041,0
423042,0
423043,0
423044,0
423045,0
423046,0
423047,0
423048,1
423049,0
423050,0
423051,5
423052,3
423053,0
423054,0
423055,6
423056,27
423057,0
423058,0
423059,0
423060,0
423061,14
423062,0
423063,0
423064,0
423065,0
423066,18
423067,0
423068,0
423069,0
423070,0
423071,0
423072,0
423073,0
423074,0
423075,0
423076,0
423077,0
423078,0
423079,0
423080,0
423081,0
423082,0
423083,0
423084,0
423085,0
423086,0
423087,0
423088,19
423089,0
423090,0
423091,0
423092,0
423093,0
423094,0
423095,0
423096,0
423097,0
423098,0
423099,0
423100,0
423101,0
423102,0
423103,0
423104,0
423105,0
423106,0
423107,13
423108,10
423109,0
423110,0
423111,0
423112,0
423113,0
423114,0
423115,0
423116,14
423117,0
423118,0
423119,0
423120,0
423121,0
423122,13
423123,0
423124,0
423125,0
423126,14
423127,0
423128,0
423129,0
423130,0
423131,0
423132,13
423133,13
423134,0
423135,0
423136,0
423137,0
423138,12
423139,0
423140,0
423141,0
423142,0
423143,0
423144,0
423145,0
423146,0
423147,21
423148,0
423149,0
423150,0
423151,0
423152,0
423153,0
423154,0
423155,7
423156,0
423157,0
423158,0
423159,11
423160,0
423161,0
423162,0
423163,0
423164,0
423165,0
423166,0
423167,0
423168,0
423169,0
423170,20
423171,0
423172,8
423173,0
423174,0
423175,0
423176,0
423177,0
423178,0
423179,0
423180,0
423181,0
423182,0
423183,0
423184,0
423185,12
423186,0
423187,12
423188,0
423189,0
423190,0
423191,0
423192,0
423193,0
423194,12
423195,0
423196,0
423197,0
423198,0
423199,0
423200,0
423201,0
423202,19
423203,21
423204,14
423205,0
423206,0
423207,0
423208,0
423209,0
423210,0
423211,0
423212,0
423213,0
423214,0
423215,0
423216,0
423217,11
423218,0
423219,0
423220,12
423221,0
423222,0
423223,0
423224,0
423225,0
423226,0
423227,0
423228,0
423229,8
423230,0
423231,0
423232,0
423233,20
423234,16
423235,12
423236,0
423237,0
423238,0
423239,0
423240,0
423241,14
423242,12
423243,0
423244,0
423245,0
423246,0
423247,0
423248,0
423249,14
423250,12
423251,0
423252,0
423253,0
423254,0
423255,0
423256,0
423257,22
423258,0
423259,21
423260,0
423261,19
423262,0
423263,0
423264,0
423265,0
423266,0
423267,0
423268,0
423269,0
423270,0
423271,0
423272,0
423273,15
423274,0
423275,0
423276,0
423277,0
423278,0
423279,0
423280,0
423281,18
423282,0
423283,0
423284,0
423285,13
423286,0
423287,0
423288,0
423289,0
423290,0
423291,0
423292,0
423293,16
423294,0
423295,0
423296,0
423297,17
423298,0
423299,0
423300,0
423301,0
423302,23
423303,0
423304,0
423305,0
423306,0
423307,0
423308,14
423309,0
423310,0
423311,16
423312,0
423313,8
423314,0
423315,0
423316,0
423317,0
423318,0
423319,0
423320,0
423321,0
423322,0
423323,0
423324,0
423325,0
423326,0
423327,0
423328,12
423329,0
423330,23
423331,0
423332,0
423333,11
423334,0
423335,0
423336,30
423337,0
423338,19
423339,12
423340,12
423341,0
423342,0
423343,0
423344,0
423345,0
423346,0
423347,0
423348,0
423349,0
423350,0
423351,12
423352,0
423353,0
423354,0
423355,0
423356,0
423357,0
423358,0
423359,0
423360,0
423361,0
423362,21
423363,0
423364,0
423365,0
423366,0
423367,0
423368,20
423369,0
423370,0
423371,0
423372,21
423373,27
423374,0
423375,0
423376,0
423377,0
423378,0
423379,0
423380,0
423381,0
423382,0
423383,0
423384,0
423385,26
423386,0
423387,0
423388,0
423389,0
423390,0
423391,0
423392,0
423393,0
423394,0
423395,0
423396,0
423397,0
423398,24
423399,0
423400,0
423401,0
423402,0
423403,0
423404,20
423405,0
423406,0
423407,0
423408,0
423409,0
423410,0
423411,0
423412,0
423413,19
423414,0
423415,0
423416,21
423417,0
423418,0
423419,0
423420,0
423421,23
423422,0
423423,0
423424,23
423425,0
423426,0
423427,0
423428,0
423429,0
423430,0
423431,0
423432,0
423433,0
423434,0
423435,0
423436,0
423437,0
423438,0
423439,0
423440,0
423441,0
423442,0
423443,31
423444,0
423445,0
423446,0
423447,0
423448,0
423449,0
423450,0
423451,0
423452,0
423453,0
423454,25
423455,0
423456,0
423457,0
423458,0
423459,18
423460,0
423461,0
423462,0
423463,17
423464,0
423465,0
423466,0
423467,0
423468,0
423469,0
423470,0
423471,33
423472,25
423473,0
423474,0
423475,0
423476,0
423477,0
423478,0
423479,0
423480,0
423481,0
423482,0
423483,0
423484,0
423485,0
423486,0
423487,0
423488,0
423489,0
423490,0
423491,0
423492,0
423493,0
423494,0
423495,24
423496,0
423497,0
423498,29
423499,29
423500,0
423501,0
423502,22
423503,15
423504,0
423505,0
423506,0
423507,0
423508,0
423509,0
423510,0
423511,0
423512,0
423513,0
423514,28
423515,0
423516,0
423517,0
423518,0
423519,0
423520,0
423521,0
423522,0
423523,0
423524,0
423525,26
423526,37
423527,0
423528,0
423529,13
423530,0
423531,0
423532,0
423533,0
423534,18
423535,0
423536,15
423537,0
423538,0
423539,0
423540,0
423541,0
423542,0
423543,0
423544,0
423545,0
423546,0
423547,0
423548,30
423549,0
423550,0
423551,0
423552,0
423553,23
423554,0
423555,0
423556,0
423557,0
423558,0
423559,0
423560,0
423561,0
423562,0
423563,0
423564,0
423565,0
423566,0
423567,0
423568,0
423569,0
423570,0
423571,0
423572,0
423573,0
423574,0
423575,0
423576,16
423577,0
423578,17
423579,24
423580,0
423581,0
423582,0
423583,21
423584,0
423585,0
423586,0
423587,0
423588,0
423589,0
423590,27
423591,0
423592,0
423593,0
423594,0
423595,0
423596,0
423597,0
423598,0
423599,0
423600,0
423601,0
423602,0
423603,0
423604,0
423605,23
423606,0
423607,0
423608,0
423609,0
423610,0
423611,23
423612,41
423613,0
423614,0
423615,0
423616,0
423617,0
423618,0
423619,0
423620,0
423621,31
423622,29
423623,0
423624,0
423625,0
423626,25
423627,0
423628,0
423629,29
423630,0
423631,0
423632,0
423633,0
423634,0
423635,0
423636,0
423637,0
423638,0
423639,0
423640,0
423641,17
423642,0
423643,0
423644,0
423645,0
423646,0
423647,0
423648,0
423649,0
423650,0
423651,0
423652,0
423653,0
423654,0
423655,30
423656,0
423657,0
423658,0
423659,0
423660,0
423661,0
423662,0
423663,0
423664,0
423665,0
423666,13
423667,0
423668,19
423669,0
423670,0
423671,0
423672,0
423673,0
423674,0
423675,0
423676,0
423677,0
423678,0
423679,0
423680,0
423681,23
423682,24
423683,0
423684,0
423685,0
423686,0
423687,0
423688,0
423689,0
423690,0
423691,0
423692,0
423693,0
423694,0
423695,0
423696,23
423697,0
423698,0
423699,0
423700,0
423701,0
423702,0
423703,26
423704,0
423705,0
423706,28
423707,0
423708,0
423709,0
423710,0
423711,0
423712,0
423713,0
423714,0
423715,0
423716,14
423717,0
423718,0
423719,24
423720,0
423721,0
423722,0
423723,0
423724,0
423725,0
423726,0
423727,0
423728,0
423729,0
423730,0
423731,0
423732,0
423733,0
423734,0
423735,0
423736,0
423737,0
423738,0
423739,0
423740,0
423741,0
423742,0
423743,0
423744,0
423745,0
423746,0
423747,0
423748,0
423749,0
423750,0
423751,0
423752,0
423753,0
423754,0
423755,0
423756,0
423757,0
423758,37
423759,0
423760,0
423761,0
423762,0
423763,0
423764,0
423765,0
423766,0
423767,0
423768,0
423769,0
423770,0
423771,0
423772,0
423773,0
423774,0
423775,0
423776,22
423777,0
423778,0
423779,0
423780,0
423781,0
423782,0
423783,0
423784,0
423785,0
423786,0
423787,0
423788,0
423789,24
423790,0
423791,0
423792,0
423793,0
423794,16
423795,0
423796,0
423797,0
423798,12
423799,0
423800,0
423801,0
423802,0
423803,0
423804,0
423805,26
423806,0
423807,31
423808,0
423809,0
423810,0
423811,0
423812,0
423813,16
423814,0
423815,0
423816,0
423817,0
423818,0
423819,0
423820,24
423821,0
423822,0
423823,0
423824,0
423825,0
423826,0
423827,0
423828,0
423829,0
423830,0
423831,0
423832,0
423833,0
423834,0
423835,0
423836,0
423837,0
423838,0
423839,0
423840,0
423841,0
423842,0
423843,0
423844,0
423845,0
423846,0
423847,21
423848,0
423849,0
423850,29
423851,0
423852,0
423853,0
423854,0
423855,0
423856,0
423857,0
423858,33
423859,0
423860,0
423861,0
423862,0
423863,0
423864,0
423865,0
423866,0
423867,31
423868,0
423869,0
423870,0
423871,8
423872,0
423873,0
423874,0
423875,16
423876,0
423877,0
423878,0
423879,0
423880,0
423881,0
423882,0
423883,0
423884,0
423885,0
423886,0
423887,33
423888,33
423889,0
423890,0
423891,31
423892,0
423893,0
423894,0
423895,31
423896,0
423897,0
423898,29
423899,22
423900,0
423901,0
423902,0
423903,0
423904,0
423905,0
423906,0
423907,0
423908,18
423909,0
423910,0
423911,0
423912,0
423913,0
423914,24
423915,0
423916,0
423917,0
423918,33
423919,0
423920,0
423921,0
423922,16
423923,0
423924,0
423925,0
423926,0
423927,0
423928,0
423929,0
423930,0
423931,0
423932,0
423933,0
423934,34
423935,0
423936,0
423937,0
423938,26
423939,21
423940,0
423941,0
423942,0
423943,24
423944,0
423945,0
423946,0
423947,0
423948,0
423949,0
423950,0
423951,0
423952,17
423953,0
423954,0
423955,0
423956,0
423957,0
423958,0
423959,18
423960,0
423961,0
423962,0
423963,0
423964,0
423965,0
423966,0
423967,0
423968,0
423969,0
423970,0
423971,0
423972,0
423973,0
423974,0
423975,0
423976,0
423977,0
423978,0
423979,0
423980,25
423981,0
423982,28
423983,19
423984,0
423985,0
423986,0
423987,24
423988,0
423989,0
423990,0
423991,0
423992,0
423993,0
423994,0
423995,0
423996,0
423997,0
423998,0
423999,0
424000,0
424001,0
424002,0
424003,15
424004,0
424005,0
424006,0
424007,0
424008,0
424009,0
424010,0
424011,0
424012,27
424013,0
424014,0
424015,0
424016,0
424017,0
424018,0
424019,25
424020,0
424021,22
424022,0
424023,0
424024,0
424025,20
424026,17
424027,25
424028,0
424029,0
424030,0
424031,0
424032,0
424033,0
424034,0
424035,0
424036,0
424037,0
424038,0
424039,0
424040,0
424041,0
424042,0
424043,21
424044,0
424045,0
424046,0
424047,0
424048,27
424049,0
424050,30
424051,0
424052,0
424053,30
424054,0
424055,0
424056,0
424057,0
424058,0
424059,0
424060,0
424061,0
424062,0
424063,0
424064,0
424065,0
424066,0
424067,0
424068,0
424069,0
424070,0
424071,0
424072,20
424073,0
424074,0
424075,20
424076,0
424077,0
424078,21
424079,0
424080,28
424081,0
424082,14
424083,0
424084,0
424085,0
424086,0
424087,0
424088,0
424089,0
424090,0
424091,16
424092,0
424093,26
424094,0
424095,19
424096,18
424097,0
424098,0
424099,0
424100,24
424101,0
424102,0
424103,0
424104,0
424105,0
424106,0
424107,0
424108,0
424109,0
424110,0
424111,15
424112,0
424113,0
424114,19
424115,0
424116,0
424117,0
424118,33
424119,0
424120,0
424121,0
424122,0
424123,0
424124,24
424125,22
424126,0
424127,0
424128,0
424129,27
424130,0
424131,0
424132,0
424133,0
424134,0
424135,19
424136,0
424137,0
424138,0
424139,0
424140,22
424141,0
424142,0
424143,0
424144,0
424145,0
424146,0
424147,0
424148,0
424149,14
424150,15
424151,21
424152,0
424153,0
424154,0
424155,0
424156,0
424157,0
424158,0
424159,0
424160,0
424161,0
424162,0
424163,0
424164,24
424165,0
424166,0
424167,0
424168,0
424169,0
424170,0
424171,36
424172,0
424173,0
424174,0
424175,0
424176,0
424177,0
424178,27
424179,0
424180,0
424181,0
424182,0
424183,0
424184,0
424185,0
424186,0
424187,0
424188,19
424189,0
424190,0
424191,0
424192,0
424193,0
424194,0
424195,0
424196,32
424197,0
424198,0
424199,0
424200,0
424201,0
424202,0
424203,0
424204,0
424205,25
424206,0
424207,0
424208,0
424209,0
424210,0
424211,0
424212,28
424213,32
424214,25
424215,0
424216,0
424217,18
424218,0
424219,0
424220,0
424221,0
424222,0
424223,0
424224,0
424225,0
424226,0
424227,0
424228,0
424229,19
424230,0
424231,19
424232,0
424233,0
424234,0
424235,0
424236,27
424237,0
424238,0
424239,0
424240,0
424241,0
424242,14
424243,0
424244,20
424245,25
424246,0
424247,0
424248,0
424249,0
424250,0
424251,0
424252,0
424253,0
424254,0
424255,0
424256,17
424257,0
424258,14
424259,0
424260,0
424261,0
424262,0
424263,0
424264,0
424265,0
424266,0
424267,0
424268,0
424269,0
424270,0
424271,0
424272,20
424273,0
424274,0
424275,0
424276,0
424277,0
424278,0
424279,0
424280,0
424281,0
424282,0
424283,0
424284,0
424285,0
424286,0
424287,0
424288,0
424289,0
424290,0
424291,0
424292,0
424293,19
424294,22
424295,0
424296,0
424297,0
424298,0
424299,0
424300,0
424301,0
424302,0
424303,0
424304,39
424305,0
424306,0
424307,0
424308,0
424309,0
424310,35
424311,0
424312,0
424313,0
424314,28
424315,0
424316,0
424317,0
424318,0
424319,0
424320,0
424321,0
424322,37
424323,0
424324,0
424325,27
424326,0
424327,0
424328,0
424329,0
424330,0
424331,22
424332,0
424333,0
424334,25
424335,27
424336,0
424337,0
424338,0
424339,0
424340,0
424341,45
424342,0
424343,0
424344,0
424345,0
424346,0
424347,0
424348,0
424349,0
424350,0
424351,0
424352,0
424353,0
424354,0
424355,49
424356,0
424357,0
424358,0
424359,0
424360,0
424361,0
424362,0
424363,0
424364,31
424365,0
424366,0
424367,0
424368,0
424369,0
424370,0
424371,0
424372,0
424373,0
424374,42
424375,0
424376,0
424377,0
424378,0
424379,0
424380,0
424381,0
424382,0
424383,0
424384,32
424385,0
424386,0
424387,0
424388,29
424389,0
424390,0
424391,32
424392,0
424393,0
424394,0
424395,0
424396,0
424397,0
424398,0
424399,0
424400,0
424401,0
424402,0
424403,0
424404,0
424405,0
424406,41
424407,0
424408,58
424409,36
424410,0
424411,0
424412,0
424413,42
424414,0
424415,0
424416,0
424417,0
424418,0
424419,0
424420,0
424421,53
424422,0
424423,0
424424,0
424425,0
424426,0
424427,0
424428,35
424429,0
424430,0
424431,0
424432,30
424433,53
424434,0
424435,0
424436,0
424437,0
424438,0
424439,0
424440,0
424441,0
424442,0
424443,31
424444,0
424445,0
424446,0
424447,0
424448,0
424449,30
424450,0
424451,34
424452,35
424453,36
424454,0
424455,0
424456,0
424457,0
424458,0
424459,0
424460,0
424461,0
424462,0
424463,0
424464,0
424465,0
424466,0
424467,0
424468,33
424469,0
424470,0
424471,47
424472,0
424473,0
424474,0
424475,58
424476,0
424477,0
424478,0
424479,0
424480,0
424481,0
424482,0
424483,0
424484,0
424485,0
424486,0
424487,0
424488,0
424489,46
424490,41
424491,0
424492,0
424493,0
424494,0
424495,0
424496,0
424497,0
424498,0
424499,37
424500,0
424501,33
424502,0
424503,0
424504,0
424505,30
424506,0
424507,0
424508,33
424509,0
424510,0
424511,0
424512,34
424513,0
424514,0
424515,0
424516,0
424517,0
424518,0
424519,0
424520,19
424521,0
424522,0
424523,0
424524,0
424525,0
424526,0
424527,0
424528,38
424529,0
424530,0
424531,0
424532,22
424533,0
424534,0
424535,0
424536,0
424537,0
424538,28
424539,0
424540,0
424541,0
424542,0
424543,0
424544,0
424545,0
424546,31
424547,0
424548,0
424549,0
424550,30
424551,0
424552,0
424553,0
424554,23
424555,36
424556,0
424557,0
424558,0
424559,0
424560,0
424561,0
424562,0
424563,0
424564,0
424565,0
424566,0
424567,0
424568,0
424569,0
424570,0
424571,0
424572,45
424573,41
424574,0
424575,0
424576,0
424577,0
424578,0
424579,0
424580,0
424581,0
424582,0
424583,48
424584,0
424585,0
424586,0
424587,40
424588,33
424589,0
424590,0
424591,35
424592,0
424593,0
424594,34
424595,0
424596,0
424597,0
424598,0
424599,0
424600,0
424601,0
424602,0
424603,0
424604,0
424605,52
424606,0
424607,0
424608,46
424609,0
424610,0
424611,42
424612,0
424613,0
424614,0
424615,0
424616,0
424617,0
424618,0
424619,40
424620,51
424621,0
424622,43
424623,0
424624,0
424625,0
424626,0
424627,43
424628,0
424629,34
424630,0
424631,0
424632,0
424633,0
424634,0
424635,42
424636,0
424637,0
424638,0
424639,0
424640,41
424641,0
424642,35
424643,0
424644,0
424645,0
424646,0
424647,0
424648,0
424649,0
424650,29
424651,0
424652,0
424653,29
424654,28
424655,45
424656,0
424657,0
424658,0
424659,0
424660,0
424661,0
424662,43
424663,0
424664,0
424665,0
424666,0
424667,43
424668,0
424669,0
424670,0
424671,0
424672,0
424673,0
424674,0
424675,44
424676,0
424677,0
424678,0
424679,0
424680,0
424681,0
424682,0
424683,30
424684,0
424685,0
424686,0
424687,37
424688,0
424689,0
424690,44
424691,42
424692,65
424693,0
424694,0
424695,0
424696,0
424697,0
424698,0
424699,0
424700,0
424701,0
424702,0
424703,0
424704,37
424705,0
424706,0
424707,0
424708,0
424709,0
424710,0
424711,0
424712,40
424713,0
424714,0
424715,0
424716,0
424717,0
424718,40
424719,46
424720,0
424721,0
424722,35
424723,0
424724,0
424725,0
424726,0
424727,0
424728,0
424729,0
424730,24
424731,0
424732,41
424733,0
424734,0
424735,0
424736,0
424737,0
424738,38
424739,0
424740,0
424741,35
424742,27
424743,0
424744,0
424745,0
424746,0
424747,40
424748,0
424749,0
424750,0
424751,0
424752,0
424753,0
424754,0
424755,0
424756,0
424757,43
424758,30
424759,0
424760,0
424761,0
424762,0
424763,0
424764,0
424765,41
424766,0
424767,47
424768,0
424769,0
424770,0
424771,41
424772,25
424773,0
424774,47
424775,0
424776,0
424777,0
424778,0
424779,0
424780,0
424781,0
424782,34
424783,0
424784,0
424785,0
424786,0
424787,0
424788,0
424789,0
424790,0
424791,0
424792,0
424793,0
424794,34
424795,0
424796,0
424797,0
424798,0
424799,0
424800,0
424801,31
424802,33
424803,0
424804,0
424805,0
424806,0
424807,0
424808,0
424809,0
424810,0
424811,0
424812,0
424813,0
424814,0
424815,0
424816,0
424817,0
424818,0
424819,33
424820,0
424821,0
424822,0
424823,0
424824,0
424825,0
424826,0
424827,0
424828,0
424829,0
424830,0
424831,0
424832,0
424833,0
424834,0
424835,0
424836,0
424837,0
424838,0
424839,0
424840,0
424841,0
424842,32
424843,0
424844,0
424845,39
424846,0
424847,33
424848,0
424849,0
424850,0
424851,0
424852,0
424853,0
424854,0
424855,0
424856,0
424857,35
424858,40
424859,0
424860,0
424861,0
424862,32
424863,0
424864,0
424865,0
424866,0
424867,0
424868,0
424869,25
424870,45
424871,0
424872,33
424873,0
424874,41
424875,0
424876,18
424877,0
424878,0
424879,47
424880,0
424881,32
424882,0
424883,0
424884,0
424885,38
424886,0
424887,39
424888,31
424889,0
424890,0
424891,0
424892,35
424893,0
424894,0
424895,0
424896,0
424897,0
424898,0
424899,0
424900,0
424901,0
424902,0
424903,0
424904,0
424905,0
424906,0
424907,0
424908,0
424909,0
424910,0
424911,0
424912,0
424913,0
424914,0
424915,38
424916,0
424917,0
424918,0
424919,0
424920,0
424921,0
424922,32
424923,0
424924,0
424925,0
424926,0
424927,0
424928,0
424929,38
424930,0
424931,0
424932,0
424933,0
424934,0
424935,0
424936,0
424937,0
424938,26
424939,0
424940,0
424941,0
424942,0
424943,0
424944,0
424945,0
424946,0
424947,0
424948,0
424949,32
424950,0
424951,43
424952,0
424953,0
424954,0
424955,0
424956,0
424957,0
424958,0
424959,0
424960,0
424961,31
424962,0
424963,0
424964,0
424965,47
424966,54
424967,56
424968,43
424969,0
424970,0
424971,0
424972,38
424973,0
424974,0
424975,0
424976,0
424977,0
424978,0
424979,0
424980,0
424981,39
424982,0
424983,0
424984,36
424985,0
424986,0
424987,0
424988,0
424989,0
424990,0
424991,0
424992,0
424993,0
424994,0
424995,47
424996,0
424997,0
424998,0
424999,0
425000,0
425001,0
425002,0
425003,0
425004,0
425005,0
425006,0
425007,0
425008,0
425009,0
425010,53
425011,0
425012,0
425013,39
425014,0
425015,0
425016,0
425017,0
425018,0
425019,0
425020,45
425021,0
425022,0
425023,0
425024,0
425025,0
425026,0
425027,0
425028,37
425029,0
425030,39
425031,0
425032,38
425033,0
425034,0
425035,0
425036,33
425037,0
425038,0
425039,0
425040,0
425041,0
425042,29
425043,28
425044,0
425045,0
425046,0
425047,0
425048,0
425049,0
425050,0
425051,0
425052,0
425053,0
425054,0
425055,31
425056,0
425057,0
425058,0
425059,0
425060,0
425061,0
425062,0
425063,0
425064,0
425065,0
425066,0
425067,0
425068,40
425069,0
425070,40
425071,0
425072,0
425073,0
425074,42
425075,0
425076,0
425077,0
425078,0
425079,0
425080,0
425081,0
425082,0
425083,22
425084,0
425085,0
425086,0
425087,0
425088,0
425089,0
425090,0
425091,0
425092,26
425093,0
425094,37
425095,38
425096,0
425097,0
425098,0
425099,0
425100,0
425101,0
425102,0
425103,0
425104,0
425105,0
425106,33
425107,32
425108,0
425109,0
425110,0
425111,0
425112,0
425113,0
425114,0
425115,0
425116,0
425117,0
425118,0
425119,0
425120,0
425121,0
425122,0
425123,0
425124,0
425125,0
425126,0
425127,0
425128,0
425129,0
425130,0
425131,0
425132,0
425133,0
425134,0
425135,0
425136,0
425137,0
425138,0
425139,0
425140,0
425141,31
425142,0
425143,0
425144,0
425145,0
425146,0
425147,0
425148,0
425149,43
425150,0
425151,0
425152,0
425153,0
425154,0
425155,28
425156,0
425157,0
425158,23
425159,0
425160,0
425161,0
425162,0
425163,0
425164,0
425165,0
425166,0
425167,0
425168,0
425169,52
425170,0
425171,0
425172,0
425173,23
425174,35
425175,0
425176,0
425177,0
425178,0
425179,46
425180,0
425181,0
425182,0
425183,0
425184,34
425185,0
425186,0
425187,0
425188,0
425189,0
425190,0
425191,0
425192,0
425193,0
425194,42
425195,29
425196,0
425197,0
425198,0
425199,0
425200,0
425201,0
425202,24
425203,0
425204,40
425205,0
425206,0
425207,0
425208,0
425209,0
425210,0
425211,0
425212,0
425213,0
425214,0
425215,0
425216,0
425217,0
425218,0
425219,0
425220,0
425221,0
425222,33
425223,36
425224,0
425225,53
425226,0
425227,36
425228,0
425229,0
425230,0
425231,0
425232,0
425233,0
425234,0
425235,0
425236,0
425237,0
425238,0
425239,0
425240,35
425241,0
425242,0
425243,0
425244,0
425245,0
425246,0
425247,0
425248,0
425249,0
425250,0
425251,0
425252,48
425253,0
425254,0
425255,0
425256,0
425257,0
425258,0
425259,0
425260,0
425261,0
425262,0
425263,0
425264,0
425265,0
425266,0
425267,0
425268,0
425269,26
425270,0
425271,35
425272,0
425273,0
425274,33
425275,0
425276,0
425277,0
425278,0
425279,26
425280,31
425281,0
425282,47
425283,0
425284,0
425285,0
425286,0
425287,33
425288,0
425289,0
425290,0
425291,38
425292,0
425293,0
425294,48
425295,0
425296,0
425297,0
425298,0
425299,0
425300,50
425301,49
425302,0
425303,0
425304,0
425305,40
425306,0
425307,53
425308,30
425309,0
425310,37
425311,33
425312,0
425313,0
425314,28
425315,0
425316,0
425317,0
425318,0
425319,0
425320,0
425321,0
425322,0
425323,0
425324,0
425325,14
425326,0
425327,0
425328,0
425329,0
425330,0
425331,0
425332,0
425333,0
425334,0
425335,0
425336,0
425337,42
425338,0
425339,0
425340,0
425341,0
425342,0
425343,0
425344,0
425345,37
425346,0
425347,0
425348,0
425349,0
425350,0
425351,0
425352,0
425353,25
425354,0
425355,0
425356,0
425357,44
425358,33
425359,0
425360,30
425361,0
425362,0
425363,0
425364,0
425365,0
425366,0
425367,0
425368,0
425369,0
425370,0
425371,0
425372,0
425373,0
425374,0
425375,28
425376,0
425377,0
425378,0
425379,0
425380,0
425381,0
425382,0
425383,40
425384,0
425385,30
425386,0
425387,0
425388,0
425389,0
425390,26
425391,0
425392,0
425393,26
425394,38
425395,32
425396,0
425397,28
425398,0
425399,0
425400,0
425401,0
425402,0
425403,0
425404,0
425405,0
425406,0
425407,0
425408,0
425409,0
425410,0
425411,35
425412,0
425413,0
425414,0
425415,33
425416,0
425417,0
425418,0
425419,0
425420,45
425421,43
425422,0
425423,0
425424,0
425425,0
425426,0
425427,0
425428,0
425429,0
425430,36
425431,0
425432,36
425433,0
425434,31
425435,0
425436,0
425437,0
425438,0
425439,0
425440,23
425441,0
425442,0
425443,0
425444,0
425445,0
425446,0
425447,0
425448,0
425449,0
425450,0
425451,0
425452,0
425453,0
425454,0
425455,44
425456,0
425457,0
425458,0
425459,0
425460,0
425461,0
425462,0
425463,0
425464,0
425465,0
425466,0
425467,0
425468,0
425469,0
425470,0
425471,48
425472,0
425473,0
425474,0
425475,0
425476,41
425477,41
425478,0
425479,0
425480,0
425481,0
425482,0
425483,0
425484,0
425485,0
425486,47
425487,0
425488,47
425489,0
425490,0
425491,0
425492,0
425493,0
425494,0
425495,0
425496,0
425497,0
425498,0
425499,0
425500,0
425501,0
425502,0
425503,36
425504,0
425505,0
425506,0
425507,0
425508,0
425509,0
425510,0
425511,0
425512,0
425513,0
425514,42
425515,0
425516,0
425517,0
425518,43
425519,21
425520,32
425521,32
425522,0
425523,0
425524,0
425525,0
425526,28
425527,37
425528,0
425529,0
425530,0
425531,0
425532,0
425533,0
425534,0
425535,28
425536,0
425537,0
425538,35
425539,0
425540,0
425541,0
425542,0
425543,0
425544,0
425545,0
425546,0
425547,0
425548,0
425549,0
425550,0
425551,0
425552,0
425553,0
425554,0
425555,33
425556,0
425557,0
425558,0
425559,0
425560,0
425561,0
425562,26
425563,0
425564,0
425565,0
425566,0
425567,0
425568,0
425569,0
425570,0
425571,30
425572,27
425573,0
425574,0
425575,0
425576,0
425577,0
425578,0
425579,0
425580,0
425581,26
425582,0
425583,0
425584,0
425585,0
425586,0
425587,0
425588,0
425589,38
425590,0
425591,0
425592,0
425593,0
425594,0
425595,0
425596,50
425597,0
425598,0
425599,0
425600,0
425601,0
425602,41
425603,0
425604,0
425605,0
425606,0
425607,0
425608,0
425609,0
425610,0
425611,0
425612,26
425613,0
425614,0
425615,0
425616,0
425617,0
425618,0
425619,42
425620,0
425621,0
425622,0
425623,0
425624,0
425625,0
425626,0
425627,0
425628,0
425629,0
425630,40
425631,0
425632,0
425633,0
425634,0
425635,0
425636,0
425637,0
425638,30
425639,41
425640,0
425641,0
425642,0
425643,42
425644,0
425645,45
425646,0
425647,0
425648,0
425649,0
425650,0
425651,0
425652,0
425653,20
425654,0
425655,0
425656,0
425657,0
425658,0
425659,0
425660,0
425661,0
425662,0
425663,0
425664,0
425665,0
425666,0
425667,0
425668,0
425669,0
425670,0
425671,0
425672,0
425673,0
425674,0
425675,0
425676,0
425677,0
425678,0
425679,32
425680,0
425681,0
425682,0
425683,0
425684,0
425685,0
425686,40
425687,0
425688,0
425689,0
425690,25
425691,0
425692,34
425693,0
425694,0
425695,0
425696,0
425697,0
425698,0
425699,0
425700,27
425701,28
425702,0
425703,0
425704,0
425705,0
425706,0
425707,30
425708,0
425709,0
425710,0
425711,0
425712,0
425713,0
425714,0
425715,0
425716,0
425717,0
425718,0
425719,0
425720,0
425721,0
425722,0
425723,0
425724,0
425725,0
425726,0
425727,0
425728,0
425729,0
425730,26
425731,0
425732,0
425733,0
425734,0
425735,0
425736,0
425737,0
425738,0
425739,0
425740,0
425741,0
425742,0
425743,0
425744,0
425745,0
425746,0
425747,0
425748,34
425749,0
425750,0
425751,0
425752,0
425753,0
425754,0
425755,0
425756,0
425757,0
425758,0
425759,0
425760,0
425761,0
425762,0
425763,37
425764,0
425765,0
425766,27
425767,0
425768,0
425769,0
425770,40
425771,27
425772,0
425773,0
425774,0
425775,55
425776,0
425777,0
425778,34
425779,0
425780,26
425781,0
425782,43
425783,32
425784,28
425785,0
425786,0
425787,0
425788,0
425789,0
425790,0
425791,0
425792,43
425793,0
425794,0
425795,0
425796,37
425797,0
425798,0
425799,0
425800,17
425801,0
425802,0
425803,0
425804,55
425805,38
425806,0
425807,0
425808,0
425809,0
425810,50
425811,48
425812,41
425813,0
425814,0
425815,30
425816,0
425817,0
425818,0
425819,0
425820,0
425821,0
425822,37
425823,0
425824,0
425825,33
425826,0
425827,0
425828,0
425829,0
425830,0
425831,0
425832,36
425833,0
425834,0
425835,0
425836,0
425837,0
425838,0
425839,0
425840,0
425841,0
425842,0
425843,0
425844,0
425845,0
425846,0
425847,0
425848,0
425849,54
425850,0
425851,0
425852,0
425853,0
425854,0
425855,0
425856,0
425857,0
425858,69
425859,0
425860,0
425861,0
425862,0
425863,55
425864,0
425865,0
425866,0
425867,0
425868,0
425869,0
425870,0
425871,0
425872,0
425873,0
425874,0
425875,35
425876,23
425877,0
425878,0
425879,0
425880,0
425881,0
425882,0
425883,0
425884,0
425885,0
425886,0
425887,0
425888,0
425889,0
425890,0
425891,0
425892,0
425893,23
425894,0
425895,0
425896,0
425897,0
425898,0
425899,0
425900,0
425901,0
425902,0
425903,0
425904,16
425905,0
425906,15
425907,0
425908,0
425909,0
425910,13
425911,0
425912,0
425913,0
425914,0
425915,0
425916,0
425917,16
425918,0
425919,0
425920,0
425921,0
425922,0
425923,0
425924,0
425925,18
425926,0
425927,0
425928,0
425929,10
425930,0
425931,0
425932,0
425933,0
425934,0
425935,0
425936,0
425937,0
425938,0
425939,0
425940,0
425941,0
425942,0
425943,0
425944,0
425945,15
425946,0
425947,0
425948,0
425949,0
425950,0
425951,0
425952,0
425953,0
425954,0
425955,0
425956,0
425957,0
425958,0
425959,22
425960,0
425961,0
425962,0
425963,0
425964,0
425965,0
425966,0
425967,21
425968,0
425969,0
425970,0
425971,0
425972,0
425973,0
425974,0
425975,0
425976,14
425977,12
425978,0
425979,0
425980,0
425981,0
425982,0
425983,0
425984,16
425985,0
425986,0
425987,0
425988,0
425989,0
425990,0
425991,0
425992,0
425993,0
425994,0
425995,0
425996,0
425997,0
425998,0
425999,0
426000,0
426001,0
426002,0
426003,0
426004,15
426005,0
426006,0
426007,0
426008,0
426009,0
426010,0
426011,0
426012,0
426013,0
426014,0
426015,0
426016,0
426017,0
426018,0
426019,0
426020,0
426021,0
426022,0
426023,0
426024,0
426025,0
426026,0
426027,0
426028,0
426029,13
426030,0
426031,0
426032,0
426033,0
426034,0
426035,0
426036,22
426037,13
426038,0
426039,0
426040,0
426041,0
426042,0
426043,0
426044,0
426045,0
426046,0
426047,0
426048,0
426049,0
426050,12
426051,0
426052,0
426053,0
426054,0
426055,0
426056,0
426057,0
426058,8
426059,0
426060,0
426061,0
426062,0
426063,15
426064,0
426065,0
426066,0
426067,0
426068,0
426069,0
426070,0
426071,0
426072,0
426073,0
426074,0
426075,26
426076,17
426077,0
426078,10
426079,0
426080,0
426081,0
426082,0
426083,0
426084,0
426085,0
426086,0
426087,0
426088,0
426089,0
426090,23
426091,0
426092,0
426093,0
426094,0
426095,0
426096,0
426097,0
426098,0
426099,0
426100,0
426101,0
426102,0
426103,0
426104,0
426105,0
426106,0
426107,0
426108,10
426109,0
426110,0
426111,0
426112,0
426113,0
426114,18
426115,0
426116,0
426117,0
426118,19
426119,0
426120,0
426121,0
426122,0
426123,0
426124,0
426125,0
426126,0
426127,25
426128,0
426129,0
426130,0
426131,0
426132,0
426133,0
426134,36
426135,0
426136,0
426137,0
426138,0
426139,0
426140,0
426141,0
426142,0
426143,23
426144,0
426145,0
426146,0
426147,0
426148,0
426149,0
426150,0
426151,0
426152,0
426153,0
426154,0
426155,0
426156,0
426157,0
426158,21
426159,0
426160,0
426161,0
426162,21
426163,0
426164,0
426165,0
426166,0
426167,0
426168,0
426169,0
426170,0
426171,0
426172,0
426173,0
426174,0
426175,0
426176,0
426177,0
426178,0
426179,0
426180,0
426181,0
426182,0
426183,0
426184,0
426185,0
426186,10
426187,0
426188,0
426189,0
426190,28
426191,0
426192,0
426193,0
426194,0
426195,0
426196,13
426197,0
426198,0
426199,0
426200,0
426201,0
426202,0
426203,0
426204,0
426205,0
426206,18
426207,0
426208,0
426209,7
426210,0
426211,16
426212,0
426213,0
426214,0
426215,0
426216,0
426217,0
426218,14
426219,0
426220,0
426221,0
426222,0
426223,0
426224,0
426225,31
426226,0
426227,0
426228,27
426229,0
426230,0
426231,0
426232,0
426233,21
426234,0
426235,0
426236,12
426237,0
426238,0
426239,0
426240,0
426241,0
426242,0
426243,17
426244,0
426245,0
426246,0
426247,14
426248,0
426249,0
426250,0
426251,17
426252,15
426253,0
426254,0
426255,0
426256,15
426257,0
426258,0
426259,0
426260,0
426261,0
426262,0
426263,0
426264,31
426265,0
426266,0
426267,0
426268,15
426269,0
426270,24
426271,0
426272,0
426273,0
426274,0
426275,0
426276,0
426277,0
426278,0
426279,0
426280,0
426281,17
426282,0
426283,0
426284,0
426285,0
426286,0
426287,0
426288,0
426289,0
426290,0
426291,13
426292,0
426293,0
426294,15
426295,0
426296,0
426297,0
426298,15
426299,0
426300,23
426301,12
426302,0
426303,0
426304,22
426305,0
426306,0
426307,0
426308,25
426309,0
426310,0
426311,0
426312,0
426313,0
426314,0
426315,0
426316,17
426317,0
426318,9
426319,0
426320,0
426321,14
426322,0
426323,0
426324,0
426325,0
426326,0
426327,0
426328,0
426329,0
426330,0
426331,0
426332,0
426333,0
426334,0
426335,16
426336,0
426337,0
426338,0
426339,0
426340,0
426341,0
426342,0
426343,0
426344,0
426345,0
426346,0
426347,20
426348,0
426349,0
426350,19
426351,0
426352,0
426353,0
426354,0
426355,0
426356,0
426357,24
426358,0
426359,0
426360,13
426361,0
426362,10
426363,0
426364,0
426365,0
426366,0
426367,13
426368,0
426369,12
426370,16
426371,0
426372,22
426373,0
426374,0
426375,23
426376,0
426377,0
426378,0
426379,0
426380,0
426381,0
426382,0
426383,0
426384,0
426385,0
426386,0
426387,0
426388,0
426389,0
426390,0
426391,0
426392,0
426393,0
426394,0
426395,0
426396,0
426397,10
426398,35
426399,0
426400,0
426401,0
426402,0
426403,0
426404,0
426405,0
426406,16
426407,0
426408,0
426409,0
426410,0
426411,0
426412,0
426413,0
426414,0
426415,0
426416,0
426417,0
426418,0
426419,0
426420,24
426421,0
426422,0
426423,0
426424,0
426425,0
426426,0
426427,0
426428,17
426429,0
426430,0
426431,0
426432,0
426433,0
426434,0
426435,0
426436,0
426437,0
426438,0
426439,0
426440,0
426441,0
426442,0
426443,0
426444,0
426445,0
426446,0
426447,0
426448,0
426449,0
426450,0
426451,0
426452,11
426453,0
426454,0
426455,0
426456,0
426457,0
426458,0
426459,0
426460,0
426461,19
426462,0
426463,0
426464,0
426465,0
426466,14
426467,0
426468,0
426469,0
426470,0
426471,0
426472,0
426473,0
426474,24
426475,0
426476,0
426477,0
426478,22
426479,0
426480,0
426481,25
426482,0
426483,0
426484,22
426485,0
426486,0
426487,0
426488,0
426489,0
426490,20
426491,0
426492,0
426493,0
426494,0
426495,0
426496,0
426497,0
426498,0
426499,0
426500,0
426501,0
426502,0
426503,9
426504,0
426505,0
426506,24
426507,0
426508,19
426509,0
426510,25
426511,0
426512,0
426513,0
426514,0
426515,0
426516,0
426517,0
426518,0
426519,22
426520,16
426521,0
426522,0
426523,0
426524,0
426525,0
426526,22
426527,0
426528,10
426529,0
426530,0
426531,0
426532,0
426533,0
426534,0
426535,0
426536,0
426537,0
426538,25
426539,0
426540,0
426541,0
426542,0
426543,17
426544,0
426545,0
426546,22
426547,0
426548,0
426549,14
426550,0
426551,0
426552,0
426553,0
426554,0
426555,0
426556,14
426557,0
426558,0
426559,0
426560,0
426561,0
426562,0
426563,0
426564,17
426565,0
426566,0
426567,0
426568,0
426569,0
426570,0
426571,0
426572,0
426573,0
426574,0
426575,0
426576,0
426577,0
426578,0
426579,29
426580,0
426581,0
426582,0
426583,0
426584,0
426585,0
426586,22
426587,0
426588,0
426589,0
426590,0
426591,0
426592,0
426593,26
426594,0
426595,17
426596,0
426597,0
426598,21
426599,0
426600,0
426601,0
426602,28
426603,0
426604,0
426605,0
426606,15
426607,0
426608,0
426609,0
426610,17
426611,0
426612,0
426613,0
426614,21
426615,0
426616,19
426617,0
426618,0
426619,21
426620,0
426621,0
426622,0
426623,0
426624,0
426625,0
426626,0
426627,0
426628,0
426629,0
426630,0
426631,0
426632,0
426633,0
426634,0
426635,0
426636,0
426637,0
426638,0
426639,0
426640,0
426641,0
426642,0
426643,19
426644,0
426645,0
426646,15
426647,0
426648,0
426649,0
426650,0
426651,0
426652,0
426653,0
426654,0
426655,11
426656,0
426657,0
426658,0
426659,0
426660,0
426661,0
426662,0
426663,0
426664,0
426665,0
426666,0
426667,0
426668,0
426669,0
426670,23
426671,0
426672,18
426673,0
426674,0
426675,0
426676,0
426677,0
426678,0
426679,0
426680,0
426681,0
426682,33
426683,8
426684,0
426685,11
426686,0
426687,0
426688,0
426689,0
426690,0
426691,0
426692,0
426693,0
426694,0
426695,0
426696,0
426697,0
426698,0
426699,0
426700,0
426701,0
426702,0
426703,0
426704,0
426705,23
426706,0
426707,18
426708,0
426709,0
426710,8
426711,0
426712,0
426713,20
426714,0
426715,0
426716,0
426717,0
426718,0
426719,0
426720,0
426721,0
426722,0
426723,0
426724,0
426725,0
426726,0
426727,0
426728,0
426729,0
426730,0
426731,23
426732,0
426733,0
426734,14
426735,0
426736,0
426737,17
426738,0
426739,0
426740,0
426741,0
426742,0
426743,0
426744,23
426745,0
426746,0
426747,0
426748,0
426749,0
426750,0
426751,0
426752,0
426753,17
426754,0
426755,0
426756,0
426757,0
426758,0
426759,0
426760,0
426761,0
426762,0
426763,0
426764,0
426765,0
426766,7
426767,0
426768,13
426769,0
426770,20
426771,0
426772,0
426773,15
426774,0
426775,15
426776,0
426777,0
426778,23
426779,0
426780,0
426781,0
426782,0
426783,0
426784,0
426785,0
426786,0
426787,0
426788,22
426789,0
426790,18
426791,20
426792,0
426793,0
426794,0
426795,0
426796,0
426797,0
426798,13
426799,0
426800,15
426801,0
426802,0
426803,0
426804,0
426805,0
426806,0
426807,0
426808,0
426809,0
426810,0
426811,0
426812,9
426813,0
426814,0
426815,0
426816,0
426817,0
426818,0
426819,0
426820,0
426821,0
426822,11
426823,0
426824,0
426825,0
426826,0
426827,0
426828,16
426829,0
426830,0
426831,0
426832,0
426833,0
426834,0
426835,0
426836,0
426837,16
426838,0
426839,10
426840,16
426841,0
426842,0
426843,25
426844,0
426845,0
426846,22
426847,0
426848,0
426849,0
426850,0
426851,0
426852,0
426853,0
426854,18
426855,0
426856,0
426857,0
426858,0
426859,0
426860,0
426861,0
426862,0
426863,0
426864,0
426865,0
426866,0
426867,0
426868,0
426869,0
426870,0
426871,21
426872,0
426873,11
426874,0
426875,0
426876,0
426877,0
426878,0
426879,0
426880,0
426881,0
426882,19
426883,9
426884,0
426885,0
426886,0
426887,0
426888,0
426889,7
426890,0
426891,0
426892,0
426893,0
426894,0
426895,14
426896,17
426897,0
426898,0
426899,0
426900,0
426901,0
426902,0
426903,0
426904,0
426905,10
426906,0
426907,0
426908,0
426909,0
426910,0
426911,0
426912,0
426913,17
426914,0
426915,15
426916,0
426917,0
426918,0
426919,0
426920,0
426921,0
426922,0
426923,0
426924,0
426925,17
426926,0
426927,6
426928,0
426929,0
426930,0
426931,0
426932,0
426933,0
426934,0
426935,0
426936,0
426937,0
426938,0
426939,18
426940,0
426941,0
426942,0
426943,0
426944,0
426945,0
426946,0
426947,11
426948,16
426949,0
426950,13
426951,23
426952,0
426953,0
426954,19
426955,0
426956,0
426957,6
426958,5
426959,29
426960,0
426961,0
426962,0
426963,0
426964,0
426965,0
426966,0
426967,0
426968,21
426969,0
426970,0
426971,22
426972,0
426973,0
426974,0
426975,0
426976,0
426977,10
426978,23
426979,0
426980,0
426981,17
426982,0
426983,0
426984,0
426985,0
426986,0
426987,0
426988,0
426989,0
426990,13
426991,0
426992,0
426993,0
426994,0
426995,0
426996,0
426997,0
426998,0
426999,0
427000,8
427001,0
427002,0
427003,0
427004,0
427005,0
427006,7
427007,0
427008,19
427009,0
427010,0
427011,10
427012,0
427013,0
427014,0
427015,0
427016,14
427017,21
427018,0
427019,0
427020,0
427021,16
427022,0
427023,0
427024,0
427025,0
427026,0
427027,17
427028,0
427029,12
427030,0
427031,0
427032,0
427033,0
427034,0
427035,18
427036,0
427037,0
427038,0
427039,0
427040,0
427041,0
427042,0
427043,0
427044,0
427045,7
427046,8
427047,0
427048,0
427049,0
427050,0
427051,0
427052,10
427053,0
427054,0
427055,0
427056,7
427057,20
427058,0
427059,0
427060,15
427061,24
427062,13
427063,0
427064,0
427065,0
427066,0
427067,0
427068,0
427069,0
427070,0
427071,0
427072,0
427073,0
427074,0
427075,0
427076,0
427077,0
427078,0
427079,0
427080,22
427081,0
427082,0
427083,0
427084,0
427085,0
427086,11
427087,0
427088,0
427089,0
427090,0
427091,0
427092,18
427093,0
427094,16
427095,19
427096,0
427097,0
427098,0
427099,0
427100,0
427101,0
427102,0
427103,0
427104,0
427105,16
427106,0
427107,8
427108,0
427109,0
427110,9
427111,0
427112,0
427113,0
427114,0
427115,17
427116,5
427117,0
427118,0
427119,0
427120,0
427121,0
427122,12
427123,0
427124,0
427125,0
427126,11
427127,14
427128,13
427129,0
427130,0
427131,0
427132,0
427133,0
427134,9
427135,15
427136,0
427137,0
427138,0
427139,0
427140,0
427141,0
427142,0
427143,0
427144,0
427145,0
427146,17
427147,0
427148,0
427149,0
427150,0
427151,0
427152,0
427153,16
427154,12
427155,17
427156,0
427157,17
427158,0
427159,0
427160,0
427161,0
427162,0
427163,0
427164,0
427165,0
427166,0
427167,0
427168,0
427169,17
427170,0
427171,10
427172,0
427173,0
427174,0
427175,20
427176,13
427177,0
427178,0
427179,0
427180,0
427181,0
427182,0
427183,17
427184,9
427185,0
427186,0
427187,0
427188,0
427189,0
427190,0
427191,0
427192,0
427193,0
427194,0
427195,0
427196,14
427197,0
427198,0
427199,0
427200,0
427201,0
427202,0
427203,0
427204,0
427205,0
427206,0
427207,0
427208,17
427209,0
427210,0
427211,13
427212,0
427213,0
427214,0
427215,0
427216,24
427217,0
427218,0
427219,0
427220,0
427221,16
427222,11
427223,0
427224,0
427225,0
427226,0
427227,0
427228,0
427229,0
427230,0
427231,9
427232,0
427233,0
427234,0
427235,0
427236,0
427237,0
427238,0
427239,0
427240,0
427241,0
427242,12
427243,0
427244,14
427245,0
427246,0
427247,9
427248,0
427249,0
427250,0
427251,21
427252,9
427253,0
427254,0
427255,0
427256,0
427257,14
427258,0
427259,0
427260,17
427261,0
427262,0
427263,25
427264,0
427265,0
427266,0
427267,0
427268,0
427269,32
427270,0
427271,0
427272,0
427273,0
427274,0
427275,0
427276,0
427277,0
427278,0
427279,0
427280,15
427281,0
427282,0
427283,0
427284,0
427285,0
427286,12
427287,16
427288,0
427289,0
427290,10
427291,0
427292,0
427293,0
427294,0
427295,15
427296,0
427297,0
427298,0
427299,0
427300,0
427301,0
427302,0
427303,0
427304,0
427305,0
427306,0
427307,0
427308,12
427309,0
427310,0
427311,0
427312,0
427313,18
427314,0
427315,24
427316,17
427317,0
427318,0
427319,0
427320,0
427321,0
427322,0
427323,0
427324,0
427325,0
427326,0
427327,0
427328,0
427329,0
427330,0
427331,0
427332,0
427333,0
427334,0
427335,7
427336,19
427337,0
427338,0
427339,0
427340,0
427341,0
427342,0
427343,0
427344,0
427345,0
427346,0
427347,0
427348,0
427349,0
427350,9
427351,18
427352,0
427353,0
427354,0
427355,0
427356,0
427357,7
427358,15
427359,0
427360,0
427361,0
427362,11
427363,0
427364,0
427365,0
427366,0
427367,0
427368,0
427369,0
427370,0
427371,0
427372,0
427373,0
427374,0
427375,0
427376,0
427377,0
427378,0
427379,0
427380,0
427381,0
427382,0
427383,0
427384,0
427385,0
427386,0
427387,0
427388,10
427389,0
427390,0
427391,0
427392,0
427393,0
427394,0
427395,0
427396,0
427397,0
427398,0
427399,0
427400,0
427401,0
427402,0
427403,0
427404,0
427405,0
427406,0
427407,0
427408,0
427409,0
427410,0
427411,0
427412,0
427413,0
427414,0
427415,0
427416,10
427417,0
427418,6
427419,0
427420,0
427421,0
427422,0
427423,0
427424,0
427425,0
427426,0
427427,0
427428,0
427429,0
427430,0
427431,0
427432,0
427433,0
427434,0
427435,0
427436,27
427437,0
427438,0
427439,0
427440,0
427441,0
427442,0
427443,0
427444,0
427445,0
427446,0
427447,0
427448,0
427449,0
427450,0
427451,0
427452,0
427453,23
427454,0
427455,0
427456,0
427457,0
427458,0
427459,0
427460,0
427461,0
427462,27
427463,0
427464,0
427465,0
427466,39
427467,0
427468,0
427469,0
427470,0
427471,0
427472,0
427473,0
427474,0
427475,0
427476,0
427477,0
427478,0
427479,0
427480,0
427481,0
427482,0
427483,57
427484,0
427485,34
427486,0
427487,0
427488,0
427489,0
427490,27
427491,0
427492,0
427493,0
427494,0
427495,0
427496,0
427497,0
427498,0
427499,0
427500,0
427501,0
427502,0
427503,0
427504,0
427505,0
427506,0
427507,0
427508,0
427509,0
427510,0
427511,0
427512,0
427513,0
427514,0
427515,0
427516,0
427517,0
427518,0
427519,0
427520,0
427521,0
427522,0
427523,0
427524,0
427525,0
427526,0
427527,0
427528,0
427529,0
427530,0
427531,0
427532,0
427533,0
427534,0
427535,0
427536,0
427537,0
427538,0
427539,0
427540,0
427541,0
427542,0
427543,0
427544,0
427545,0
427546,0
427547,0
427548,0
427549,0
427550,0
427551,0
427552,25
427553,0
427554,0
427555,27
427556,0
427557,0
427558,0
427559,0
427560,0
427561,0
427562,59
427563,0
427564,0
427565,0
427566,0
427567,0
427568,0
427569,0
427570,0
427571,41
427572,0
427573,0
427574,0
427575,0
427576,0
427577,0
427578,20
427579,0
427580,0
427581,0
427582,26
427583,0
427584,0
427585,0
427586,0
427587,0
427588,0
427589,0
427590,0
427591,0
427592,0
427593,0
427594,0
427595,0
427596,0
427597,0
427598,0
427599,0
427600,23
427601,35
427602,0
427603,0
427604,0
427605,0
427606,0
427607,0
427608,0
427609,0
427610,0
427611,0
427612,0
427613,0
427614,34
427615,0
427616,0
427617,0
427618,0
427619,0
427620,40
427621,0
427622,0
427623,0
427624,0
427625,0
427626,0
427627,0
427628,0
427629,0
427630,0
427631,0
427632,0
427633,0
427634,0
427635,0
427636,0
427637,0
427638,0
427639,0
427640,0
427641,0
427642,0
427643,0
427644,0
427645,0
427646,0
427647,0
427648,0
427649,0
427650,0
427651,0
427652,0
427653,0
427654,0
427655,0
427656,0
427657,0
427658,0
427659,0
427660,0
427661,0
427662,0
427663,0
427664,0
427665,0
427666,0
427667,0
427668,0
427669,0
427670,0
427671,0
427672,0
427673,0
427674,0
427675,0
427676,0
427677,0
427678,0
427679,0
427680,0
427681,0
427682,0
427683,0
427684,0
427685,0
427686,0
427687,0
427688,0
427689,0
427690,0
427691,1
427692,0
427693,0
427694,0
427695,0
427696,0
427697,0
427698,0
427699,0
427700,0
427701,0
427702,0
427703,0
427704,0
427705,0
427706,0
427707,0
427708,0
427709,0
427710,0
427711,0
427712,0
427713,0
427714,0
427715,0
427716,0
427717,0
427718,0
427719,0
427720,0
427721,0
427722,0
427723,0
427724,0
427725,0
427726,0
427727,0
427728,0
427729,0
427730,0
427731,0
427732,0
427733,0
427734,0
427735,0
427736,0
427737,0
427738,0
427739,0
427740,0
427741,0
427742,0
427743,0
427744,0
427745,0
427746,0
427747,0
427748,0
427749,0
427750,0
427751,0
427752,0
427753,0
427754,0
427755,0
427756,0
427757,0
427758,0
427759,0
427760,0
427761,0
427762,0
427763,0
427764,0
427765,0
427766,0
427767,0
427768,0
427769,0
427770,0
427771,0
427772,0
427773,0
427774,0
427775,0
427776,0
427777,0
427778,0
427779,0
427780,0
427781,0
427782,0
427783,0
427784,0
427785,0
427786,0
427787,0
427788,0
427789,0
427790,0
427791,0
427792,0
427793,0
427794,0
427795,0
427796,0
427797,0
427798,0
427799,0
427800,0
427801,0
427802,0
427803,0
427804,0
427805,0
427806,0
427807,0
427808,0
427809,0
427810,0
427811,0
427812,0
427813,0
427814,0
427815,0
427816,0
427817,0
427818,0
427819,0
427820,0
427821,0
427822,0
427823,0
427824,0
427825,0
427826,0
427827,0
427828,0
427829,0
427830,0
427831,0
427832,0
427833,0
427834,0
427835,0
427836,0
427837,0
427838,0
427839,0
427840,0
427841,0
427842,0
427843,0
427844,0
427845,0
427846,0
427847,0
427848,0
427849,0
427850,0
427851,0
427852,0
427853,0
427854,0
427855,0
427856,0
427857,0
427858,0
427859,0
427860,0
427861,0
427862,0
427863,0
427864,0
427865,0
427866,0
427867,0
427868,0
427869,0
427870,0
427871,0
427872,0
427873,0
427874,0
427875,0
427876,0
427877,0
427878,0
427879,0
427880,0
427881,0
427882,0
427883,0
427884,0
427885,0
427886,0
427887,0
427888,0
427889,0
427890,0
427891,0
427892,0
427893,0
427894,0
427895,0
427896,0
427897,0
427898,0
427899,0
427900,0
427901,0
427902,0
427903,0
427904,0
427905,0
427906,0
427907,0
427908,0
427909,0
427910,0
427911,0
427912,0
427913,0
427914,0
427915,0
427916,0
427917,0
427918,0
427919,0
427920,0
427921,0
427922,0
427923,0
427924,0
427925,0
427926,0
427927,0
427928,0
427929,0
427930,0
427931,0
427932,0
427933,0
427934,0
427935,0
427936,0
427937,0
427938,0
427939,0
427940,0
427941,0
427942,0
427943,0
427944,0
427945,0
427946,0
427947,0
427948,0
427949,0
427950,0
427951,0
427952,0
427953,0
427954,0
427955,0
427956,0
427957,0
427958,0
427959,0
427960,0
427961,0
427962,0
427963,0
427964,0
427965,0
427966,0
427967,0
427968,0
427969,0
427970,0
427971,0
427972,0
427973,0
427974,0
427975,0
427976,0
427977,0
427978,0
427979,0
427980,0
427981,0
427982,0
427983,0
427984,0
427985,0
427986,0
427987,0
427988,0
427989,0
427990,0
427991,0
427992,0
427993,0
427994,0
427995,0
427996,0
427997,0
427998,0
427999,0
428000,0
428001,0
428002,0
428003,0
428004,0
428005,0
428006,0
428007,0
428008,0
428009,0
428010,0
428011,0
428012,0
428013,0
428014,0
428015,0
428016,0
428017,0
428018,0
428019,0
428020,0
428021,0
428022,0
428023,0
428024,0
428025,0
428026,0
428027,0
428028,0
428029,0
428030,0
428031,0
428032,0
428033,0
428034,0
428035,0
428036,0
428037,0
428038,0
428039,0
428040,0
428041,0
428042,0
428043,0
428044,0
428045,0
428046,0
428047,0
428048,0
428049,0
428050,0
428051,0
428052,0
428053,0
428054,0
428055,0
428056,0
428057,0
428058,0
428059,0
428060,0
428061,0
428062,0
428063,0
428064,0
428065,0
428066,0
428067,0
428068,0
428069,1
428070,0
428071,0
428072,0
428073,0
428074,0
428075,0
428076,0
428077,0
428078,0
428079,0
428080,0
428081,0
428082,0
428083,0
428084,0
428085,0
428086,0
428087,0
428088,0
428089,0
428090,0
428091,0
428092,0
428093,0
428094,0
428095,0
428096,0
428097,0
428098,0
428099,0
428100,0
428101,0
428102,0
428103,0
428104,0
428105,0
428106,0
428107,0
428108,0
428109,0
428110,0
428111,0
428112,0
428113,0
428114,0
428115,0
428116,0
428117,0
428118,0
428119,0
428120,0
428121,0
428122,0
428123,0
428124,0
428125,0
428126,0
428127,0
428128,0
428129,0
428130,0
428131,0
428132,0
428133,0
428134,0
428135,0
428136,0
428137,0
428138,0
428139,0
428140,0
428141,0
428142,0
428143,0
428144,0
428145,0
428146,0
428147,0
428148,0
428149,0
428150,0
428151,0
428152,0
428153,0
428154,0
428155,0
428156,0
428157,0
428158,0
428159,0
428160,0
428161,0
428162,0
428163,0
428164,0
428165,0
428166,0
428167,0
428168,0
428169,0
428170,0
428171,0
428172,0
428173,0
428174,0
428175,0
428176,0
428177,0
428178,0
428179,0
428180,0
428181,0
428182,0
428183,0
428184,0
428185,0
428186,0
428187,0
428188,0
428189,0
428190,0
428191,0
428192,0
428193,0
428194,0
428195,0
428196,0
428197,0
428198,0
428199,0
428200,0
428201,0
428202,0
428203,0
428204,0
428205,0
428206,0
428207,0
428208,0
428209,0
428210,0
428211,0
428212,0
428213,0
428214,0
428215,0
428216,0
428217,0
428218,0
428219,0
428220,0
428221,0
428222,0
428223,0
428224,0
428225,0
428226,0
428227,0
428228,0
428229,0
428230,0
428231,0
428232,0
428233,0
428234,0
428235,0
428236,0
428237,0
428238,0
428239,0
428240,0
428241,0
428242,0
428243,0
428244,0
428245,0
428246,0
428247,0
428248,0
428249,0
428250,0
428251,0
428252,0
428253,0
428254,0
428255,0
428256,0
428257,0
428258,0
428259,0
428260,0
428261,0
428262,0
428263,0
428264,0
428265,0
428266,0
428267,0
428268,0
428269,0
428270,0
428271,0
428272,0
428273,0
428274,0
428275,0
428276,0
428277,0
428278,0
428279,0
428280,0
428281,0
428282,0
428283,0
428284,0
428285,0
428286,0
428287,0
428288,0
428289,0
428290,0
428291,0
428292,0
428293,0
428294,0
428295,0
428296,0
428297,0
428298,0
428299,0
428300,0
428301,0
428302,0
428303,0
428304,0
428305,0
428306,0
428307,0
428308,0
428309,0
428310,0
428311,0
428312,0
428313,0
428314,0
428315,0
428316,0
428317,0
428318,0
428319,0
428320,0
428321,0
428322,0
428323,1
428324,0
428325,0
428326,0
428327,0
428328,0
428329,0
428330,0
428331,1
428332,0
428333,0
428334,0
428335,0
428336,0
428337,0
428338,0
428339,0
428340,0
428341,0
428342,0
428343,0
428344,0
428345,0
428346,0
428347,0
428348,0
428349,0
428350,0
428351,0
428352,0
428353,0
428354,0
428355,0
428356,0
428357,0
428358,0
428359,0
428360,0
428361,0
428362,0
428363,0
428364,0
428365,0
428366,0
428367,0
428368,0
428369,0
428370,0
428371,0
428372,0
428373,0
428374,0
428375,0
428376,0
428377,0
428378,0
428379,0
428380,0
428381,0
428382,0
428383,0
428384,0
428385,0
428386,0
428387,0
428388,0
428389,0
428390,0
428391,0
428392,0
428393,0
428394,0
428395,0
428396,0
428397,0
428398,0
428399,0
428400,0
428401,0
428402,0
428403,0
428404,0
428405,0
428406,0
428407,0
428408,0
428409,0
428410,0
428411,0
428412,0
428413,0
428414,0
428415,0
428416,0
428417,0
428418,0
428419,0
428420,0
428421,0
428422,0
428423,0
428424,0
428425,0
428426,0
428427,0
428428,0
428429,0
428430,0
428431,0
428432,0
428433,0
428434,0
428435,0
428436,0
428437,0
428438,0
428439,0
428440,0
428441,0
428442,0
428443,0
428444,0
428445,0
428446,0
428447,0
428448,0
428449,0
428450,0
428451,0
428452,0
428453,0
428454,0
428455,0
428456,0
428457,0
428458,0
428459,0
428460,5
428461,12
428462,0
428463,9
428464,0
428465,9
428466,0
428467,0
428468,11
428469,0
428470,0
428471,11
428472,0
428473,0
428474,0
428475,12
428476,0
428477,0
428478,0
428479,0
428480,16
428481,0
428482,0
428483,0
428484,0
428485,0
428486,0
428487,12
428488,0
428489,0
428490,0
428491,0
428492,0
428493,0
428494,0
428495,0
428496,12
428497,0
428498,0
428499,0
428500,0
428501,0
428502,0
428503,0
428504,0
428505,0
428506,0
428507,14
428508,0
428509,0
428510,8
428511,0
428512,0
428513,0
428514,0
428515,0
428516,0
428517,0
428518,0
428519,0
428520,0
428521,0
428522,0
428523,10
428524,9
428525,0
428526,7
428527,0
428528,0
428529,0
428530,14
428531,0
428532,0
428533,0
428534,0
428535,14
428536,0
428537,0
428538,0
428539,0
428540,0
428541,0
428542,8
428543,0
428544,0
428545,0
428546,0
428547,0
428548,0
428549,0
428550,0
428551,0
428552,0
428553,0
428554,9
428555,0
428556,0
428557,0
428558,0
428559,0
428560,0
428561,0
428562,0
428563,0
428564,0
428565,0
428566,0
428567,11
428568,0
428569,0
428570,0
428571,0
428572,0
428573,0
428574,0
428575,11
428576,0
428577,0
428578,0
428579,0
428580,11
428581,0
428582,0
428583,13
428584,0
428585,0
428586,0
428587,0
428588,11
428589,0
428590,0
428591,0
428592,0
428593,0
428594,0
428595,0
428596,0
428597,0
428598,0
428599,0
428600,12
428601,0
428602,0
428603,0
428604,0
428605,0
428606,0
428607,0
428608,0
428609,0
428610,0
428611,9
428612,0
428613,0
428614,0
428615,0
428616,0
428617,0
428618,0
428619,0
428620,0
428621,0
428622,0
428623,0
428624,0
428625,0
428626,14
428627,0
428628,0
428629,11
428630,0
428631,0
428632,15
428633,0
428634,0
428635,0
428636,0
428637,0
428638,11
428639,7
428640,0
428641,0
428642,0
428643,0
428644,8
428645,0
428646,0
428647,0
428648,0
428649,0
428650,0
428651,0
428652,0
428653,0
428654,10
428655,0
428656,10
428657,0
428658,12
428659,0
428660,0
428661,0
428662,0
428663,0
428664,0
428665,0
428666,0
428667,0
428668,3
428669,0
428670,0
428671,14
428672,0
428673,0
428674,0
428675,0
428676,20
428677,0
428678,0
428679,0
428680,0
428681,0
428682,0
428683,0
428684,0
428685,0
428686,0
428687,11
428688,0
428689,0
428690,0
428691,0
428692,0
428693,19
428694,0
428695,0
428696,0
428697,0
428698,0
428699,0
428700,10
428701,14
428702,0
428703,0
428704,0
428705,0
428706,0
428707,0
428708,11
428709,0
428710,0
428711,0
428712,0
428713,0
428714,0
428715,0
428716,0
428717,0
428718,12
428719,11
428720,0
428721,0
428722,0
428723,16
428724,0
428725,0
428726,0
428727,0
428728,0
428729,0
428730,9
428731,0
428732,0
428733,0
428734,14
428735,0
428736,0
428737,0
428738,0
428739,0
428740,0
428741,0
428742,0
428743,0
428744,0
428745,0
428746,0
428747,0
428748,0
428749,0
428750,0
428751,0
428752,0
428753,0
428754,0
428755,0
428756,17
428757,0
428758,0
428759,0
428760,0
428761,0
428762,0
428763,5
428764,0
428765,11
428766,0
428767,0
428768,0
428769,11
428770,0
428771,0
428772,12
428773,7
428774,0
428775,0
428776,0
428777,0
428778,0
428779,0
428780,0
428781,0
428782,0
428783,0
428784,0
428785,0
428786,0
428787,0
428788,0
428789,0
428790,0
428791,0
428792,0
428793,0
428794,0
428795,0
428796,0
428797,0
428798,0
428799,0
428800,0
428801,0
428802,11
428803,0
428804,0
428805,0
428806,0
428807,4
428808,0
428809,0
428810,0
428811,0
428812,23
428813,8
428814,0
428815,0
428816,0
428817,0
428818,0
428819,0
428820,0
428821,0
428822,20
428823,0
428824,0
428825,0
428826,10
428827,0
428828,0
428829,12
428830,0
428831,0
428832,14
428833,0
428834,0
428835,0
428836,10
428837,0
428838,0
428839,0
428840,18
428841,0
428842,0
428843,0
428844,9
428845,0
428846,0
428847,0
428848,16
428849,7
428850,0
428851,0
428852,0
428853,0
428854,0
428855,0
428856,0
428857,0
428858,12
428859,0
428860,0
428861,0
428862,0
428863,8
428864,0
428865,16
428866,14
428867,0
428868,0
428869,0
428870,7
428871,0
428872,0
428873,0
428874,0
428875,0
428876,0
428877,0
428878,0
428879,0
428880,0
428881,0
428882,0
428883,0
428884,15
428885,0
428886,0
428887,0
428888,0
428889,0
428890,0
428891,0
428892,14
428893,0
428894,0
428895,0
428896,0
428897,0
428898,0
428899,0
428900,0
428901,0
428902,0
428903,0
428904,0
428905,0
428906,0
428907,0
428908,0
428909,0
428910,0
428911,0
428912,12
428913,0
428914,0
428915,0
428916,16
428917,0
428918,0
428919,0
428920,0
428921,0
428922,0
428923,0
428924,0
428925,0
428926,0
428927,0
428928,0
428929,0
428930,0
428931,12
428932,0
428933,0
428934,0
428935,0
428936,0
428937,0
428938,0
428939,0
428940,0
428941,12
428942,0
428943,0
428944,0
428945,0
428946,15
428947,0
428948,13
428949,0
428950,0
428951,9
428952,0
428953,8
428954,0
428955,0
428956,0
428957,0
428958,0
428959,0
428960,0
428961,0
428962,0
428963,0
428964,9
428965,6
428966,0
428967,0
428968,0
428969,0
428970,14
428971,0
428972,0
428973,0
428974,0
428975,0
428976,0
428977,0
428978,0
428979,0
428980,0
428981,0
428982,0
428983,0
428984,0
428985,18
428986,0
428987,0
428988,0
428989,14
428990,0
428991,0
428992,0
428993,0
428994,0
428995,0
428996,0
428997,0
428998,0
428999,17
429000,0
429001,0
429002,8
429003,0
429004,0
429005,0
429006,0
429007,0
429008,0
429009,7
429010,0
429011,0
429012,0
429013,8
429014,0
429015,11
429016,0
429017,0
429018,0
429019,0
429020,10
429021,19
429022,0
429023,0
429024,0
429025,0
429026,0
429027,11
429028,0
429029,0
429030,0
429031,13
429032,0
429033,0
429034,0
429035,0
429036,0
429037,0
429038,0
429039,0
429040,0
429041,7
429042,0
429043,0
429044,0
429045,0
429046,0
429047,0
429048,0
429049,0
429050,0
429051,0
429052,0
429053,0
429054,0
429055,0
429056,14
429057,0
429058,0
429059,11
429060,0
429061,0
429062,0
429063,0
429064,0
429065,12
429066,0
429067,0
429068,0
429069,0
429070,0
429071,13
429072,19
429073,7
429074,0
429075,0
429076,0
429077,0
429078,0
429079,0
429080,13
429081,0
429082,0
429083,0
429084,0
429085,0
429086,0
429087,0
429088,0
429089,0
429090,0
429091,0
429092,0
429093,0
429094,0
429095,16
429096,0
429097,0
429098,0
429099,0
429100,0
429101,0
429102,0
429103,8
429104,0
429105,0
429106,0
429107,0
429108,0
429109,0
429110,0
429111,0
429112,0
429113,0
429114,0
429115,14
429116,0
429117,0
429118,0
429119,0
429120,0
429121,0
429122,6
429123,0
429124,9
429125,0
429126,0
429127,0
429128,0
429129,9
429130,0
429131,16
429132,0
429133,0
429134,0
429135,0
429136,0
429137,0
429138,0
429139,0
429140,0
429141,0
429142,0
429143,0
429144,0
429145,0
429146,0
429147,0
429148,0
429149,0
429150,0
429151,0
429152,0
429153,0
429154,0
429155,0
429156,0
429157,0
429158,0
429159,0
429160,0
429161,0
429162,0
429163,0
429164,0
429165,6
429166,0
429167,0
429168,0
429169,0
429170,0
429171,0
429172,0
429173,15
429174,13
429175,0
429176,0
429177,0
429178,11
429179,0
429180,0
429181,0
429182,0
429183,0
429184,0
429185,0
429186,0
429187,0
429188,0
429189,0
429190,0
429191,14
429192,0
429193,13
429194,14
429195,0
429196,0
429197,0
429198,0
429199,0
429200,0
429201,0
429202,0
429203,13
429204,0
429205,10
429206,0
429207,0
429208,14
429209,0
429210,10
429211,0
429212,0
429213,0
429214,0
429215,0
429216,0
429217,0
429218,0
429219,0
429220,0
429221,21
429222,0
429223,0
429224,0
429225,0
429226,0
429227,0
429228,0
429229,0
429230,0
429231,0
429232,13
429233,0
429234,0
429235,0
429236,0
429237,0
429238,0
429239,0
429240,0
429241,0
429242,0
429243,0
429244,0
429245,0
429246,15
429247,0
429248,0
429249,23
429250,0
429251,0
429252,0
429253,0
429254,18
429255,15
429256,16
429257,10
429258,0
429259,0
429260,0
429261,0
429262,0
429263,0
429264,11
429265,6
429266,0
429267,0
429268,0
429269,0
429270,0
429271,0
429272,6
429273,0
429274,15
429275,0
429276,0
429277,0
429278,0
429279,12
429280,0
429281,11
429282,0
429283,0
429284,0
429285,0
429286,0
429287,20
429288,0
429289,0
429290,0
429291,0
429292,0
429293,0
429294,0
429295,0
429296,0
429297,0
429298,0
429299,0
429300,0
429301,0
429302,0
429303,0
429304,0
429305,18
429306,0
429307,0
429308,0
429309,0
429310,0
429311,0
429312,0
429313,0
429314,0
429315,0
429316,0
429317,0
429318,0
429319,0
429320,0
429321,0
429322,0
429323,0
429324,0
429325,0
429326,0
429327,0
429328,0
429329,0
429330,0
429331,0
429332,0
429333,0
429334,0
429335,25
429336,22
429337,0
429338,0
429339,0
429340,0
429341,0
429342,0
429343,0
429344,25
429345,0
429346,0
429347,0
429348,0
429349,19
429350,0
429351,0
429352,0
429353,0
429354,0
429355,0
429356,0
429357,0
429358,0
429359,0
429360,0
429361,0
429362,31
429363,0
429364,0
429365,0
429366,0
429367,0
429368,0
429369,0
429370,0
429371,0
429372,16
429373,0
429374,0
429375,0
429376,0
429377,0
429378,0
429379,0
429380,0
429381,0
429382,0
429383,0
429384,0
429385,0
429386,0
429387,0
429388,0
429389,0
429390,0
429391,0
429392,0
429393,0
429394,0
429395,0
429396,0
429397,0
429398,0
429399,0
429400,0
429401,0
429402,19
429403,0
429404,0
429405,0
429406,0
429407,0
429408,0
429409,29
429410,0
429411,0
429412,0
429413,0
429414,0
429415,0
429416,0
429417,0
429418,20
429419,0
429420,0
429421,0
429422,0
429423,0
429424,0
429425,19
429426,0
429427,0
429428,0
429429,0
429430,0
429431,0
429432,0
429433,0
429434,0
429435,0
429436,0
429437,11
429438,0
429439,0
429440,0
429441,0
429442,0
429443,0
429444,0
429445,0
429446,0
429447,0
429448,0
429449,0
429450,0
429451,0
429452,0
429453,0
429454,0
429455,0
429456,0
429457,0
429458,0
429459,0
429460,16
429461,0
429462,0
429463,0
429464,0
429465,0
429466,31
429467,24
429468,0
429469,0
429470,0
429471,0
429472,0
429473,0
429474,0
429475,0
429476,0
429477,0
429478,0
429479,0
429480,0
429481,0
429482,0
429483,0
429484,0
429485,0
429486,7
429487,0
429488,0
429489,0
429490,0
429491,0
429492,0
429493,0
429494,0
429495,0
429496,0
429497,0
429498,0
429499,0
429500,0
429501,0
429502,0
429503,0
429504,0
429505,0
429506,23
429507,0
429508,0
429509,0
429510,0
429511,0
429512,0
429513,0
429514,0
429515,0
429516,0
429517,0
429518,0
429519,0
429520,0
429521,0
429522,0
429523,0
429524,0
429525,0
429526,0
429527,0
429528,0
429529,0
429530,21
429531,16
429532,0
429533,0
429534,0
429535,0
429536,0
429537,0
429538,0
429539,0
429540,0
429541,0
429542,0
429543,0
429544,0
429545,0
429546,0
429547,0
429548,0
429549,0
429550,0
429551,0
429552,0
429553,0
429554,0
429555,0
429556,29
429557,0
429558,26
429559,0
429560,0
429561,0
429562,0
429563,0
429564,22
429565,0
429566,0
429567,0
429568,0
429569,0
429570,0
429571,27
429572,0
429573,23
429574,22
429575,0
429576,0
429577,0
429578,0
429579,0
429580,0
429581,0
429582,16
429583,0
429584,0
429585,0
429586,0
429587,0
429588,0
429589,0
429590,10
429591,0
429592,0
429593,0
429594,0
429595,0
429596,0
429597,0
429598,23
429599,0
429600,0
429601,0
429602,0
429603,0
429604,0
429605,0
429606,0
429607,0
429608,0
429609,0
429610,0
429611,0
429612,0
429613,0
429614,0
429615,0
429616,0
429617,0
429618,0
429619,0
429620,0
429621,0
429622,0
429623,0
429624,0
429625,0
429626,0
429627,0
429628,0
429629,0
429630,0
429631,0
429632,21
429633,0
429634,0
429635,0
429636,0
429637,0
429638,0
429639,0
429640,0
429641,0
429642,0
429643,0
429644,0
429645,0
429646,0
429647,0
429648,0
429649,0
429650,0
429651,0
429652,0
429653,0
429654,0
429655,24
429656,0
429657,24
429658,0
429659,0
429660,0
429661,0
429662,27
429663,0
429664,0
429665,0
429666,0
429667,17
429668,0
429669,0
429670,26
429671,0
429672,0
429673,0
429674,0
429675,0
429676,0
429677,18
429678,0
429679,0
429680,0
429681,0
429682,0
429683,0
429684,0
429685,0
429686,0
429687,0
429688,0
429689,0
429690,0
429691,0
429692,0
429693,0
429694,0
429695,0
429696,0
429697,0
429698,0
429699,0
429700,0
429701,0
429702,0
429703,0
429704,0
429705,0
429706,0
429707,25
429708,0
429709,0
429710,0
429711,15
429712,22
429713,0
429714,0
429715,0
429716,0
429717,0
429718,0
429719,0
429720,25
429721,0
429722,0
429723,0
429724,0
429725,0
429726,0
429727,0
429728,0
429729,0
429730,29
429731,0
429732,0
429733,0
429734,0
429735,0
429736,0
429737,0
429738,20
429739,0
429740,0
429741,0
429742,0
429743,13
429744,0
429745,0
429746,13
429747,0
429748,0
429749,0
429750,0
429751,0
429752,7
429753,0
429754,0
429755,0
429756,0
429757,19
429758,8
429759,0
429760,0
429761,0
429762,10
429763,10
429764,0
429765,7
429766,0
429767,0
429768,15
429769,0
429770,11
429771,0
429772,24
429773,10
429774,0
429775,0
429776,15
429777,0
429778,0
429779,0
429780,0
429781,0
429782,0
429783,0
429784,0
429785,0
429786,0
429787,0
429788,12
429789,17
429790,0
429791,0
429792,0
429793,13
429794,0
429795,8
429796,0
429797,0
429798,0
429799,0
429800,0
429801,0
429802,0
429803,0
429804,0
429805,0
429806,0
429807,0
429808,0
429809,0
429810,0
429811,0
429812,10
429813,8
429814,0
429815,0
429816,25
429817,0
429818,0
429819,21
429820,0
429821,0
429822,0
429823,0
429824,0
429825,8
429826,17
429827,11
429828,0
429829,0
429830,0
429831,20
429832,15
429833,0
429834,0
429835,7
429836,0
429837,0
429838,7
429839,0
429840,0
429841,0
429842,0
429843,0
429844,0
429845,0
429846,0
429847,0
429848,2
429849,0
429850,0
429851,0
429852,0
429853,0
429854,1
429855,2
429856,0
429857,0
429858,0
429859,0
429860,0
429861,2
429862,0
429863,0
429864,0
429865,0
429866,2
429867,0
429868,0
429869,0
429870,0
429871,1
429872,0
429873,0
429874,0
429875,0
429876,0
429877,0
429878,1
429879,2
429880,3
429881,1
429882,0
429883,0
429884,0
429885,0
429886,4
429887,3
429888,0
429889,0
429890,0
429891,1
429892,0
429893,5
429894,4
429895,0
429896,0
429897,0
429898,0
429899,0
429900,4
429901,0
429902,0
429903,0
429904,1
429905,0
429906,0
429907,1
429908,0
429909,6
429910,0
429911,0
429912,0
429913,1
429914,0
429915,0
429916,0
429917,0
429918,1
429919,1
429920,0
429921,0
429922,0
429923,0
429924,7
429925,0
429926,0
429927,4
429928,0
429929,0
429930,0
429931,0
429932,0
429933,0
429934,0
429935,0
429936,0
429937,0
429938,0
429939,0
429940,0
429941,2
429942,0
429943,0
429944,0
429945,0
429946,3
429947,0
429948,0
429949,0
429950,0
429951,0
429952,0
429953,0
429954,0
429955,0
429956,0
429957,3
429958,0
429959,3
429960,0
429961,0
429962,0
429963,0
429964,0
429965,0
429966,0
429967,0
429968,0
429969,3
429970,0
429971,0
429972,0
429973,0
429974,0
429975,0
429976,0
429977,0
429978,0
429979,2
429980,0
429981,0
429982,0
429983,0
429984,0
429985,0
429986,0
429987,0
429988,0
429989,0
429990,0
429991,1
429992,0
429993,1
429994,0
429995,0
429996,0
429997,0
429998,0
429999,0
430000,0
430001,0
430002,4
430003,3
430004,0
430005,0
430006,0
430007,0
430008,0
430009,2
430010,3
430011,0
430012,2
430013,2
430014,0
430015,0
430016,0
430017,1
430018,0
430019,0
430020,0
430021,0
430022,0
430023,0
430024,0
430025,0
430026,0
430027,0
430028,0
430029,0
430030,0
430031,0
430032,0
430033,0
430034,2
430035,0
430036,0
430037,0
430038,0
430039,3
430040,1
430041,0
430042,0
430043,0
430044,4
430045,0
430046,0
430047,1
430048,0
430049,0
430050,0
430051,0
430052,6
430053,0
430054,0
430055,2
430056,0
430057,0
430058,0
430059,0
430060,0
430061,0
430062,0
430063,1
430064,1
430065,0
430066,2
430067,0
430068,0
430069,0
430070,0
430071,1
430072,3
430073,2
430074,0
430075,0
430076,0
430077,3
430078,0
430079,0
430080,0
430081,0
430082,0
430083,2
430084,0
430085,0
430086,2
430087,0
430088,0
430089,0
430090,0
430091,0
430092,0
430093,0
430094,0
430095,0
430096,0
430097,0
430098,2
430099,1
430100,0
430101,0
430102,3
430103,0
430104,0
430105,0
430106,0
430107,0
430108,0
430109,2
430110,0
430111,0
430112,0
430113,2
430114,3
430115,0
430116,0
430117,0
430118,0
430119,0
430120,0
430121,0
430122,1
430123,0
430124,0
430125,2
430126,0
430127,2
430128,0
430129,0
430130,0
430131,0
430132,0
430133,0
430134,0
430135,3
430136,0
430137,0
430138,0
430139,3
430140,0
430141,0
430142,3
430143,0
430144,1
430145,3
430146,0
430147,0
430148,0
430149,2
430150,4
430151,0
430152,0
430153,0
430154,0
430155,0
430156,0
430157,0
430158,0
430159,0
430160,0
430161,0
430162,1
430163,0
430164,0
430165,0
430166,0
430167,0
430168,0
430169,3
430170,3
430171,0
430172,0
430173,1
430174,0
430175,0
430176,0
430177,0
430178,0
430179,0
430180,0
430181,4
430182,0
430183,5
430184,0
430185,0
430186,0
430187,0
430188,0
430189,0
430190,0
430191,0
430192,0
430193,0
430194,0
430195,3
430196,5
430197,0
430198,0
430199,0
430200,0
430201,0
430202,0
430203,0
430204,0
430205,3
430206,0
430207,0
430208,0
430209,0
430210,0
430211,0
430212,0
430213,1
430214,0
430215,0
430216,0
430217,3
430218,1
430219,0
430220,2
430221,0
430222,3
430223,0
430224,0
430225,0
430226,0
430227,0
430228,2
430229,2
430230,0
430231,0
430232,0
430233,0
430234,0
430235,0
430236,0
430237,0
430238,1
430239,0
430240,0
430241,0
430242,0
430243,0
430244,0
430245,2
430246,0
430247,3
430248,0
430249,0
430250,0
430251,0
430252,4
430253,2
430254,1
430255,0
430256,0
430257,0
430258,0
430259,0
430260,0
430261,2
430262,0
430263,0
430264,0
430265,0
430266,4
430267,0
430268,0
430269,0
430270,0
430271,0
430272,0
430273,3
430274,2
430275,3
430276,4
430277,0
430278,0
430279,0
430280,0
430281,0
430282,0
430283,0
430284,5
430285,1
430286,0
430287,3
430288,0
430289,0
430290,0
430291,0
430292,0
430293,0
430294,0
430295,0
430296,6
430297,0
430298,0
430299,0
430300,0
430301,0
430302,0
430303,0
430304,4
430305,0
430306,1
430307,1
430308,0
430309,5
430310,0
430311,0
430312,2
430313,2
430314,0
430315,0
430316,0
430317,0
430318,0
430319,0
430320,0
430321,1
430322,0
430323,0
430324,0
430325,0
430326,0
430327,0
430328,0
430329,0
430330,0
430331,0
430332,0
430333,0
430334,0
430335,0
430336,0
430337,0
430338,0
430339,0
430340,1
430341,0
430342,0
430343,0
430344,0
430345,0
430346,4
430347,0
430348,0
430349,0
430350,3
430351,0
430352,0
430353,0
430354,0
430355,0
430356,0
430357,0
430358,0
430359,0
430360,0
430361,2
430362,5
430363,0
430364,1
430365,0
430366,0
430367,0
430368,0
430369,0
430370,0
430371,0
430372,0
430373,0
430374,0
430375,0
430376,0
430377,0
430378,0
430379,0
430380,4
430381,0
430382,3
430383,0
430384,0
430385,0
430386,1
430387,0
430388,0
430389,0
430390,0
430391,0
430392,0
430393,0
430394,0
430395,0
430396,0
430397,0
430398,2
430399,0
430400,2
430401,2
430402,4
430403,1
430404,0
430405,2
430406,4
430407,0
430408,0
430409,5
430410,0
430411,1
430412,0
430413,0
430414,0
430415,2
430416,0
430417,0
430418,0
430419,0
430420,6
430421,3
430422,0
430423,0
430424,0
430425,0
430426,0
430427,0
430428,0
430429,1
430430,0
430431,0
430432,0
430433,0
430434,0
430435,0
430436,0
430437,1
430438,0
430439,0
430440,0
430441,0
430442,1
430443,3
430444,0
430445,0
430446,0
430447,0
430448,0
430449,0
430450,4
430451,0
430452,2
430453,0
430454,2
430455,0
430456,3
430457,0
430458,0
430459,0
430460,1
430461,0
430462,4
430463,0
430464,0
430465,2
430466,0
430467,0
430468,1
430469,0
430470,0
430471,0
430472,0
430473,0
430474,3
430475,0
430476,0
430477,1
430478,0
430479,0
430480,0
430481,0
430482,0
430483,0
430484,0
430485,0
430486,0
430487,0
430488,1
430489,0
430490,0
430491,0
430492,0
430493,0
430494,0
430495,0
430496,0
430497,5
430498,4
430499,0
430500,3
430501,1
430502,0
430503,0
430504,0
430505,0
430506,0
430507,5
430508,0
430509,0
430510,0
430511,0
430512,0
430513,0
430514,0
430515,2
430516,0
430517,0
430518,0
430519,0
430520,0
430521,0
430522,0
430523,0
430524,7
430525,0
430526,0
430527,0
430528,0
430529,17
430530,8
430531,9
430532,0
430533,0
430534,0
430535,13
430536,0
430537,0
430538,0
430539,0
430540,0
430541,0
430542,0
430543,16
430544,0
430545,0
430546,0
430547,0
430548,0
430549,0
430550,0
430551,0
430552,0
430553,0
430554,10
430555,0
430556,0
430557,0
430558,15
430559,0
430560,0
430561,0
430562,0
430563,0
430564,0
430565,0
430566,8
430567,12
430568,9
430569,22
430570,0
430571,0
430572,6
430573,0
430574,0
430575,0
430576,0
430577,21
430578,8
430579,0
430580,13
430581,0
430582,0
430583,8
430584,0
430585,0
430586,11
430587,15
430588,0
430589,9
430590,0
430591,0
430592,0
430593,0
430594,0
430595,0
430596,13
430597,0
430598,0
430599,17
430600,0
430601,0
430602,0
430603,10
430604,0
430605,11
430606,0
430607,0
430608,15
430609,0
430610,0
430611,0
430612,0
430613,0
430614,0
430615,0
430616,17
430617,0
430618,0
430619,0
430620,0
430621,10
430622,0
430623,0
430624,9
430625,7
430626,0
430627,16
430628,0
430629,12
430630,0
430631,0
430632,0
430633,0
430634,0
430635,0
430636,0
430637,0
430638,0
430639,10
430640,13
430641,0
430642,0
430643,6
430644,0
430645,8
430646,0
430647,0
430648,4
430649,0
430650,0
430651,10
430652,13
430653,11
430654,0
430655,0
430656,0
430657,5
430658,5
430659,0
430660,0
430661,0
430662,0
430663,8
430664,0
430665,15
430666,7
430667,0
430668,0
430669,13
430670,0
430671,0
430672,0
430673,0
430674,0
430675,14
430676,0
430677,0
430678,0
430679,5
430680,0
430681,0
430682,9
430683,0
430684,0
430685,10
430686,0
430687,13
430688,0
430689,0
430690,0
430691,24
430692,0
430693,15
430694,0
430695,0
430696,0
430697,0
430698,0
430699,0
430700,0
430701,0
430702,0
430703,0
430704,0
430705,0
430706,17
430707,0
430708,0
430709,0
430710,12
430711,0
430712,0
430713,0
430714,0
430715,14
430716,0
430717,0
430718,0
430719,0
430720,0
430721,12
430722,0
430723,0
430724,0
430725,0
430726,0
430727,0
430728,0
430729,0
430730,0
430731,0
430732,0
430733,0
430734,0
430735,0
430736,13
430737,0
430738,15
430739,0
430740,0
430741,11
430742,0
430743,8
430744,0
430745,17
430746,0
430747,0
430748,0
430749,14
430750,0
430751,0
430752,0
430753,0
430754,0
430755,10
430756,0
430757,0
430758,0
430759,0
430760,0
430761,7
430762,8
430763,0
430764,0
430765,10
430766,0
430767,0
430768,0
430769,0
430770,0
430771,14
430772,0
430773,0
430774,0
430775,0
430776,0
430777,0
430778,0
430779,0
430780,0
430781,12
430782,0
430783,11
430784,0
430785,0
430786,0
430787,16
430788,0
430789,13
430790,0
430791,0
430792,0
430793,0
430794,7
430795,20
430796,0
430797,0
430798,0
430799,16
430800,0
430801,11
430802,0
430803,0
430804,0
430805,0
430806,0
430807,0
430808,0
430809,0
430810,13
430811,0
430812,0
430813,15
430814,0
430815,9
430816,0
430817,0
430818,18
430819,0
430820,0
430821,0
430822,11
430823,13
430824,0
430825,0
430826,5
430827,0
430828,0
430829,0
430830,0
430831,0
430832,0
430833,8
430834,0
430835,0
430836,0
430837,15
430838,0
430839,8
430840,0
430841,0
430842,8
430843,0
430844,0
430845,0
430846,0
430847,0
430848,0
430849,14
430850,14
430851,0
430852,0
430853,0
430854,0
430855,0
430856,0
430857,0
430858,0
430859,0
430860,10
430861,12
430862,15
430863,0
430864,0
430865,8
430866,0
430867,0
430868,0
430869,17
430870,0
430871,0
430872,0
430873,4
430874,0
430875,0
430876,0
430877,0
430878,0
430879,3
430880,0
430881,0
430882,0
430883,19
430884,9
430885,0
430886,0
430887,6
430888,10
430889,22
430890,0
430891,0
430892,0
430893,0
430894,0
430895,0
430896,0
430897,12
430898,0
430899,0
430900,10
430901,9
430902,0
430903,0
430904,13
430905,0
430906,0
430907,0
430908,0
430909,0
430910,0
430911,7
430912,0
430913,0
430914,0
430915,0
430916,0
430917,7
430918,0
430919,0
430920,9
430921,10
430922,0
430923,5
430924,0
430925,0
430926,0
430927,10
430928,0
430929,0
430930,9
430931,8
430932,0
430933,0
430934,0
430935,0
430936,0
430937,0
430938,0
430939,0
430940,10
430941,18
430942,0
430943,0
430944,0
430945,0
430946,14
430947,0
430948,0
430949,6
430950,5
430951,0
430952,0
430953,4
430954,0
430955,0
430956,8
430957,0
430958,0
430959,11
430960,0
430961,0
430962,0
430963,0
430964,9
430965,7
430966,0
430967,0
430968,22
430969,0
430970,0
430971,12
430972,0
430973,0
430974,0
430975,8
430976,12
430977,15
430978,0
430979,0
430980,0
430981,0
430982,0
430983,0
430984,0
430985,0
430986,18
430987,0
430988,10
430989,0
430990,0
430991,0
430992,0
430993,0
430994,0
430995,14
430996,0
430997,3
430998,0
430999,0
431000,0
431001,0
431002,6
431003,0
431004,0
431005,0
431006,0
431007,12
431008,0
431009,0
431010,0
431011,0
431012,0
431013,7
431014,0
431015,0
431016,0
431017,14
431018,0
431019,0
431020,0
431021,0
431022,0
431023,0
431024,0
431025,9
431026,0
431027,15
431028,0
431029,0
431030,0
431031,0
431032,13
431033,9
431034,18
431035,0
431036,0
431037,0
431038,0
431039,0
431040,0
431041,0
431042,13
431043,0
431044,0
431045,0
431046,0
431047,0
431048,0
431049,0
431050,0
431051,0
431052,0
431053,0
431054,13
431055,6
431056,0
431057,0
431058,0
431059,0
431060,0
431061,0
431062,0
431063,17
431064,9
431065,13
431066,0
431067,0
431068,0
431069,0
431070,0
431071,11
431072,0
431073,0
431074,0
431075,0
431076,0
431077,0
431078,0
431079,0
431080,0
431081,0
431082,0
431083,0
431084,11
431085,0
431086,0
431087,0
431088,0
431089,0
431090,0
431091,15
431092,6
431093,10
431094,10
431095,0
431096,0
431097,0
431098,0
431099,0
431100,0
431101,0
431102,0
431103,7
431104,0
431105,13
431106,0
431107,0
431108,0
431109,0
431110,7
431111,0
431112,0
431113,11
431114,0
431115,0
431116,13
431117,5
431118,0
431119,9
431120,0
431121,0
431122,0
431123,0
431124,20
431125,13
431126,0
431127,0
431128,0
431129,9
431130,0
431131,0
431132,0
431133,15
431134,0
431135,0
431136,0
431137,13
431138,0
431139,0
431140,12
431141,0
431142,13
431143,0
431144,0
431145,12
431146,13
431147,8
431148,0
431149,0
431150,0
431151,0
431152,0
431153,12
431154,0
431155,0
431156,0
431157,0
431158,0
431159,0
431160,0
431161,11
431162,0
431163,0
431164,13
431165,0
431166,12
431167,0
431168,0
431169,0
431170,0
431171,0
431172,8
431173,0
431174,0
431175,0
431176,12
431177,0
431178,11
431179,0
431180,0
431181,7
431182,0
431183,20
431184,12
431185,0
431186,0
431187,14
431188,0
431189,0
431190,0
431191,8
431192,0
431193,11
431194,0
431195,15
431196,0
431197,0
431198,0
431199,0
431200,9
431201,0
431202,0
431203,0
431204,0
431205,7
431206,0
431207,8
431208,0
431209,0
431210,9
431211,13
431212,0
431213,0
431214,0
431215,0
431216,0
431217,0
431218,10
431219,0
431220,4
431221,0
431222,0
431223,0
431224,12
431225,0
431226,0
431227,11
431228,0
431229,0
431230,0
431231,0
431232,0
431233,0
431234,0
431235,0
431236,0
431237,0
431238,7
431239,0
431240,0
431241,0
431242,12
431243,0
431244,12
431245,0
431246,10
431247,0
431248,0
431249,0
431250,9
431251,11
431252,9
431253,0
431254,0
431255,12
431256,0
431257,0
431258,0
431259,0
431260,0
431261,0
431262,13
431263,0
431264,0
431265,0
431266,0
431267,6
431268,0
431269,12
431270,0
431271,0
431272,0
431273,9
431274,0
431275,0
431276,0
431277,9
431278,0
431279,0
431280,0
431281,35
431282,0
431283,0
431284,0
431285,0
431286,0
431287,0
431288,0
431289,0
431290,0
431291,0
431292,33
431293,25
431294,0
431295,0
431296,0
431297,49
431298,34
431299,0
431300,0
431301,42
431302,20
431303,0
431304,0
431305,0
431306,0
431307,0
431308,0
431309,0
431310,0
431311,0
431312,0
431313,19
431314,0
431315,0
431316,0
431317,0
431318,0
431319,0
431320,0
431321,0
431322,0
431323,0
431324,0
431325,0
431326,0
431327,0
431328,0
431329,0
431330,28
431331,0
431332,0
431333,28
431334,0
431335,0
431336,0
431337,0
431338,0
431339,0
431340,0
431341,0
431342,0
431343,0
431344,30
431345,0
431346,0
431347,0
431348,0
431349,0
431350,0
431351,33
431352,0
431353,0
431354,27
431355,0
431356,0
431357,0
431358,0
431359,32
431360,0
431361,0
431362,27
431363,0
431364,0
431365,0
431366,0
431367,34
431368,0
431369,0
431370,0
431371,0
431372,0
431373,0
431374,38
431375,0
431376,0
431377,0
431378,0
431379,0
431380,0
431381,0
431382,0
431383,0
431384,33
431385,0
431386,0
431387,0
431388,0
431389,0
431390,0
431391,0
431392,25
431393,0
431394,0
431395,35
431396,33
431397,0
431398,0
431399,30
431400,0
431401,0
431402,0
431403,0
431404,0
431405,0
431406,0
431407,0
431408,32
431409,0
431410,0
431411,0
431412,0
431413,0
431414,0
431415,0
431416,0
431417,0
431418,0
431419,0
431420,0
431421,25
431422,0
431423,0
431424,0
431425,0
431426,0
431427,0
431428,0
431429,0
431430,0
431431,0
431432,0
431433,0
431434,0
431435,0
431436,37
431437,0
431438,30
431439,0
431440,0
431441,0
431442,0
431443,0
431444,0
431445,0
431446,0
431447,0
431448,26
431449,0
431450,0
431451,0
431452,0
431453,0
431454,22
431455,0
431456,0
431457,0
431458,0
431459,0
431460,0
431461,0
431462,20
431463,0
431464,0
431465,0
431466,0
431467,0
431468,0
431469,0
431470,0
431471,0
431472,0
431473,0
431474,0
431475,0
431476,0
431477,37
431478,0
431479,0
431480,26
431481,0
431482,0
431483,24
431484,0
431485,23
431486,26
431487,0
431488,0
431489,0
431490,0
431491,0
431492,0
431493,0
431494,34
431495,0
431496,41
431497,0
431498,29
431499,0
431500,0
431501,29
431502,0
431503,0
431504,0
431505,0
431506,0
431507,20
431508,0
431509,0
431510,30
431511,0
431512,0
431513,0
431514,0
431515,0
431516,0
431517,0
431518,0
431519,0
431520,34
431521,0
431522,0
431523,0
431524,0
431525,0
431526,0
431527,0
431528,0
431529,0
431530,30
431531,0
431532,0
431533,0
431534,14
431535,0
431536,0
431537,0
431538,35
431539,0
431540,31
431541,39
431542,0
431543,0
431544,36
431545,30
431546,28
431547,34
431548,0
431549,0
431550,0
431551,29
431552,0
431553,0
431554,22
431555,30
431556,0
431557,37
431558,30
431559,0
431560,0
431561,33
431562,0
431563,0
431564,0
431565,0
431566,0
431567,0
431568,0
431569,0
431570,0
431571,0
431572,17
431573,38
431574,0
431575,0
431576,0
431577,0
431578,0
431579,0
431580,34
431581,0
431582,0
431583,0
431584,0
431585,0
431586,0
431587,0
431588,0
431589,31
431590,0
431591,0
431592,0
431593,0
431594,0
431595,0
431596,0
431597,0
431598,0
431599,36
431600,0
431601,0
431602,0
431603,0
431604,38
431605,0
431606,0
431607,0
431608,0
431609,0
431610,0
431611,0
431612,0
431613,0
431614,47
431615,0
431616,0
431617,0
431618,0
431619,0
431620,28
431621,0
431622,0
431623,45
431624,0
431625,0
431626,0
431627,0
431628,0
431629,0
431630,0
431631,28
431632,0
431633,0
431634,0
431635,0
431636,0
431637,0
431638,0
431639,0
431640,0
431641,0
431642,0
431643,0
431644,34
431645,0
431646,0
431647,0
431648,32
431649,0
431650,0
431651,0
431652,0
431653,0
431654,0
431655,0
431656,0
431657,0
431658,32
431659,37
431660,0
431661,29
431662,0
431663,0
431664,0
431665,0
431666,0
431667,0
431668,0
431669,0
431670,31
431671,0
431672,0
431673,0
431674,0
431675,0
431676,37
431677,0
431678,0
431679,0
431680,0
431681,0
431682,0
431683,0
431684,0
431685,0
431686,0
431687,0
431688,36
431689,31
431690,0
431691,0
431692,0
431693,0
431694,0
431695,0
431696,0
431697,0
431698,42
431699,0
431700,0
431701,0
431702,0
431703,0
431704,0
431705,0
431706,0
431707,41
431708,0
431709,0
431710,0
431711,0
431712,21
431713,0
431714,0
431715,0
431716,0
431717,0
431718,0
431719,0
431720,0
431721,0
431722,0
431723,0
431724,0
431725,0
431726,0
431727,38
431728,0
431729,0
431730,0
431731,0
431732,0
431733,28
431734,0
431735,0
431736,0
431737,0
431738,31
431739,0
431740,31
431741,0
431742,27
431743,0
431744,0
431745,29
431746,0
431747,44
431748,0
431749,0
431750,0
431751,0
431752,0
431753,0
431754,0
431755,0
431756,0
431757,37
431758,0
431759,26
431760,0
431761,33
431762,0
431763,0
431764,34
431765,0
431766,0
431767,0
431768,35
431769,0
431770,0
431771,0
431772,0
431773,37
431774,0
431775,0
431776,0
431777,0
431778,0
431779,0
431780,0
431781,0
431782,0
431783,0
431784,44
431785,0
431786,0
431787,34
431788,0
431789,31
431790,0
431791,0
431792,0
431793,0
431794,0
431795,0
431796,0
431797,0
431798,29
431799,0
431800,0
431801,0
431802,0
431803,38
431804,45
431805,0
431806,0
431807,0
431808,0
431809,38
431810,0
431811,0
431812,0
431813,0
431814,0
431815,0
431816,0
431817,0
431818,0
431819,34
431820,0
431821,0
431822,0
431823,0
431824,0
431825,0
431826,0
431827,0
431828,0
431829,0
431830,0
431831,0
431832,0
431833,0
431834,0
431835,0
431836,36
431837,35
431838,0
431839,0
431840,0
431841,29
431842,0
431843,0
431844,23
431845,0
431846,0
431847,40
431848,0
431849,0
431850,44
431851,0
431852,0
431853,0
431854,0
431855,47
431856,0
431857,57
431858,0
431859,0
431860,0
431861,0
431862,0
431863,0
431864,0
431865,49
431866,0
431867,0
431868,0
431869,27
431870,0
431871,34
431872,0
431873,0
431874,0
431875,0
431876,0
431877,0
431878,0
431879,0
431880,0
431881,53
431882,45
431883,21
431884,0
431885,0
431886,0
431887,33
431888,52
431889,0
431890,0
431891,0
431892,0
431893,0
431894,0
431895,0
431896,0
431897,0
431898,0
431899,0
431900,0
431901,0
431902,0
431903,0
431904,0
431905,0
431906,0
431907,0
431908,0
431909,0
431910,0
431911,0
431912,41
431913,0
431914,0
431915,0
431916,0
431917,53
431918,0
431919,0
431920,0
431921,0
431922,0
431923,0
431924,0
431925,0
431926,0
431927,0
431928,0
431929,0
431930,0
431931,51
431932,0
431933,47
431934,0
431935,0
431936,0
431937,0
431938,31
431939,0
431940,0
431941,0
431942,0
431943,0
431944,0
431945,0
431946,41
431947,39
431948,0
431949,0
431950,0
431951,46
431952,0
431953,0
431954,0
431955,38
431956,0
431957,37
431958,0
431959,0
431960,0
431961,0
431962,0
431963,0
431964,0
431965,0
431966,0
431967,46
431968,0
431969,0
431970,47
431971,0
431972,0
431973,23
431974,0
431975,0
431976,0
431977,31
431978,0
431979,30
431980,0
431981,0
431982,33
431983,0
431984,0
431985,40
431986,0
431987,33
431988,0
431989,0
431990,0
431991,0
431992,29
431993,0
431994,31
431995,25
431996,0
431997,0
431998,46
431999,0
432000,38
432001,0
432002,0
432003,0
432004,39
432005,0
432006,0
432007,0
432008,0
432009,0
432010,0
432011,0
432012,46
432013,0
432014,0
432015,0
432016,0
432017,36
432018,0
432019,0
432020,0
432021,46
432022,0
432023,0
432024,0
432025,0
432026,50
432027,0
432028,0
432029,0
432030,0
432031,0
432032,0
432033,0
432034,0
432035,0
432036,40
432037,36
432038,0
432039,0
432040,0
432041,0
432042,0
432043,33
432044,47
432045,0
432046,35
432047,0
432048,0
432049,50
432050,0
432051,0
432052,0
432053,41
432054,41
432055,0
432056,0
432057,0
432058,0
432059,0
432060,0
432061,0
432062,0
432063,45
432064,0
432065,0
432066,43
432067,0
432068,33
432069,0
432070,47
432071,0
432072,0
432073,0
432074,0
432075,0
432076,0
432077,0
432078,0
432079,44
432080,0
432081,0
432082,0
432083,0
432084,0
432085,0
432086,0
432087,0
432088,0
432089,41
432090,0
432091,48
432092,43
432093,32
432094,39
432095,0
432096,0
432097,0
432098,0
432099,0
432100,46
432101,0
432102,0
432103,0
432104,0
432105,0
432106,0
432107,42
432108,0
432109,54
432110,0
432111,0
432112,0
432113,0
432114,0
432115,0
432116,0
432117,0
432118,0
432119,0
432120,0
432121,41
432122,0
432123,0
432124,0
432125,0
432126,0
432127,0
432128,0
432129,0
432130,0
432131,0
432132,0
432133,0
432134,42
432135,0
432136,0
432137,0
432138,40
432139,0
432140,0
432141,0
432142,0
432143,0
432144,0
432145,0
432146,0
432147,0
432148,0
432149,0
432150,0
432151,33
432152,0
432153,0
432154,0
432155,0
432156,0
432157,0
432158,0
432159,0
432160,0
432161,0
432162,39
432163,0
432164,0
432165,0
432166,0
432167,0
432168,0
432169,0
432170,0
432171,0
432172,0
432173,38
432174,0
432175,0
432176,28
432177,0
432178,0
432179,0
432180,0
432181,0
432182,27
432183,0
432184,0
432185,0
432186,0
432187,33
432188,0
432189,0
432190,0
432191,0
432192,47
432193,0
432194,46
432195,0
432196,0
432197,38
432198,0
432199,43
432200,0
432201,16
432202,0
432203,0
432204,50
432205,0
432206,0
432207,33
432208,0
432209,0
432210,34
432211,27
432212,0
432213,46
432214,0
432215,0
432216,0
432217,53
432218,0
432219,0
432220,0
432221,0
432222,0
432223,0
432224,0
432225,0
432226,0
432227,0
432228,0
432229,0
432230,0
432231,0
432232,0
432233,0
432234,0
432235,0
432236,0
432237,0
432238,0
432239,0
432240,36
432241,0
432242,0
432243,0
432244,0
432245,44
432246,0
432247,44
432248,0
432249,33
432250,34
432251,0
432252,0
432253,41
432254,0
432255,0
432256,34
432257,0
432258,0
432259,0
432260,0
432261,0
432262,0
432263,33
432264,0
432265,0
432266,0
432267,0
432268,0
432269,0
432270,0
432271,55
432272,0
432273,0
432274,36
432275,39
432276,0
432277,0
432278,39
432279,0
432280,0
432281,0
432282,0
432283,0
432284,0
432285,0
432286,0
432287,0
432288,0
432289,0
432290,0
432291,43
432292,0
432293,0
432294,0
432295,0
432296,30
432297,0
432298,0
432299,0
432300,0
432301,0
432302,0
432303,0
432304,41
432305,0
432306,0
432307,0
432308,0
432309,0
432310,0
432311,0
432312,0
432313,0
432314,0
432315,0
432316,0
432317,0
432318,0
432319,0
432320,0
432321,0
432322,53
432323,0
432324,46
432325,0
432326,28
432327,0
432328,0
432329,0
432330,0
432331,35
432332,0
432333,50
432334,0
432335,0
432336,0
432337,0
432338,0
432339,43
432340,0
432341,0
432342,0
432343,0
432344,0
432345,0
432346,48
432347,0
432348,0
432349,44
432350,0
432351,0
432352,51
432353,0
432354,0
432355,47
432356,0
432357,0
432358,40
432359,0
432360,25
432361,0
432362,56
432363,0
432364,0
432365,61
432366,36
432367,43
432368,0
432369,0
432370,0
432371,0
432372,0
432373,0
432374,0
432375,0
432376,0
432377,35
432378,49
432379,0
432380,0
432381,0
432382,0
432383,0
432384,0
432385,53
432386,0
432387,0
432388,28
432389,22
432390,0
432391,45
432392,0
432393,48
432394,0
432395,0
432396,0
432397,0
432398,0
432399,37
432400,0
432401,0
432402,0
432403,0
432404,35
432405,0
432406,0
432407,0
432408,0
432409,0
432410,39
432411,0
432412,0
432413,0
432414,0
432415,0
432416,0
432417,0
432418,0
432419,0
432420,47
432421,0
432422,0
432423,43
432424,0
432425,0
432426,35
432427,29
432428,0
432429,0
432430,0
432431,0
432432,0
432433,0
432434,0
432435,0
432436,0
432437,40
432438,38
432439,0
432440,0
432441,0
432442,0
432443,0
432444,0
432445,48
432446,0
432447,0
432448,48
432449,0
432450,0
432451,0
432452,0
432453,0
432454,0
432455,0
432456,0
432457,0
432458,0
432459,0
432460,65
432461,0
432462,42
432463,0
432464,0
432465,0
432466,28
432467,0
432468,0
432469,0
432470,0
432471,0
432472,0
432473,0
432474,0
432475,0
432476,37
432477,0
432478,0
432479,0
432480,0
432481,0
432482,0
432483,0
432484,0
432485,0
432486,0
432487,0
432488,0
432489,0
432490,0
432491,0
432492,27
432493,0
432494,27
432495,0
432496,54
432497,0
432498,0
432499,0
432500,0
432501,0
432502,0
432503,0
432504,45
432505,0
432506,0
432507,0
432508,0
432509,0
432510,51
432511,0
432512,0
432513,0
432514,0
432515,45
432516,0
432517,0
432518,0
432519,42
432520,0
432521,0
432522,0
432523,0
432524,0
432525,0
432526,0
432527,0
432528,0
432529,0
432530,0
432531,0
432532,0
432533,0
432534,0
432535,0
432536,33
432537,0
432538,0
432539,0
432540,0
432541,0
432542,0
432543,0
432544,0
432545,0
432546,0
432547,54
432548,0
432549,37
432550,45
432551,49
432552,0
432553,0
432554,0
432555,0
432556,0
432557,0
432558,0
432559,40
432560,45
432561,0
432562,0
432563,51
432564,0
432565,0
432566,0
432567,0
432568,47
432569,0
432570,0
432571,0
432572,0
432573,0
432574,0
432575,0
432576,27
432577,0
432578,0
432579,51
432580,0
432581,0
432582,0
432583,0
432584,0
432585,0
432586,0
432587,0
432588,0
432589,0
432590,40
432591,0
432592,0
432593,0
432594,0
432595,0
432596,0
432597,0
432598,0
432599,43
432600,58
432601,0
432602,0
432603,0
432604,0
432605,29
432606,0
432607,0
432608,0
432609,31
432610,0
432611,0
432612,0
432613,42
432614,0
432615,0
432616,0
432617,0
432618,43
432619,0
432620,42
432621,0
432622,0
432623,45
432624,0
432625,39
432626,0
432627,0
432628,0
432629,0
432630,0
432631,0
432632,41
432633,0
432634,0
432635,32
432636,0
432637,0
432638,0
432639,49
432640,46
432641,0
432642,0
432643,0
432644,37
432645,0
432646,0
432647,0
432648,0
432649,0
432650,0
432651,0
432652,0
432653,0
432654,0
432655,0
432656,0
432657,0
432658,34
432659,0
432660,0
432661,0
432662,0
432663,28
432664,0
432665,32
432666,0
432667,0
432668,0
432669,29
432670,0
432671,0
432672,0
432673,0
432674,54
432675,0
432676,0
432677,0
432678,52
432679,0
432680,0
432681,0
432682,0
432683,0
432684,0
432685,0
432686,47
432687,0
432688,0
432689,0
432690,0
432691,0
432692,0
432693,0
432694,40
432695,0
432696,40
432697,31
432698,0
432699,0
432700,0
432701,0
432702,0
432703,0
432704,0
432705,0
432706,0
432707,0
432708,0
432709,0
432710,0
432711,0
432712,33
432713,0
432714,0
432715,0
432716,0
432717,0
432718,0
432719,43
432720,41
432721,31
432722,0
432723,0
432724,46
432725,0
432726,42
432727,31
432728,27
432729,27
432730,38
432731,0
432732,33
432733,51
432734,0
432735,0
432736,0
432737,0
432738,0
432739,0
432740,0
432741,0
432742,0
432743,0
432744,0
432745,0
432746,0
432747,0
432748,0
432749,0
432750,0
432751,0
432752,0
432753,0
432754,0
432755,0
432756,0
432757,0
432758,0
432759,0
432760,0
432761,0
432762,0
432763,0
432764,0
432765,0
432766,0
432767,0
432768,0
432769,0
432770,0
432771,0
432772,1
432773,0
432774,0
432775,0
432776,0
432777,0
432778,0
432779,0
432780,0
432781,0
432782,0
432783,0
432784,0
432785,0
432786,0
432787,0
432788,0
432789,0
432790,0
432791,0
432792,0
432793,0
432794,0
432795,0
432796,0
432797,0
432798,0
432799,0
432800,0
432801,0
432802,0
432803,0
432804,0
432805,0
432806,0
432807,0
432808,0
432809,0
432810,0
432811,0
432812,0
432813,0
432814,0
432815,0
432816,0
432817,0
432818,0
432819,0
432820,0
432821,0
432822,0
432823,0
432824,0
432825,0
432826,0
432827,0
432828,0
432829,0
432830,0
432831,0
432832,0
432833,0
432834,0
432835,0
432836,0
432837,0
432838,1
432839,0
432840,0
432841,0
432842,0
432843,0
432844,0
432845,0
432846,0
432847,0
432848,0
432849,0
432850,0
432851,0
432852,0
432853,0
432854,0
432855,0
432856,0
432857,0
432858,0
432859,0
432860,0
432861,0
432862,0
432863,0
432864,0
432865,0
432866,0
432867,0
432868,0
432869,0
432870,0
432871,0
432872,0
432873,0
432874,0
432875,0
432876,0
432877,0
432878,1
432879,0
432880,0
432881,0
432882,0
432883,0
432884,0
432885,0
432886,0
432887,0
432888,0
432889,0
432890,0
432891,0
432892,0
432893,0
432894,0
432895,0
432896,0
432897,0
432898,0
432899,0
432900,0
432901,0
432902,0
432903,0
432904,0
432905,0
432906,0
432907,0
432908,0
432909,0
432910,0
432911,0
432912,0
432913,0
432914,0
432915,0
432916,0
432917,0
432918,0
432919,0
432920,0
432921,0
432922,0
432923,0
432924,0
432925,0
432926,0
432927,0
432928,0
432929,0
432930,0
432931,0
432932,0
432933,1
432934,0
432935,0
432936,0
432937,0
432938,0
432939,0
432940,0
432941,0
432942,0
432943,0
432944,0
432945,0
432946,0
432947,0
432948,0
432949,0
432950,0
432951,0
432952,0
432953,0
432954,0
432955,0
432956,0
432957,0
432958,0
432959,0
432960,0
432961,0
432962,0
432963,0
432964,0
432965,0
432966,0
432967,0
432968,0
432969,0
432970,0
432971,0
432972,0
432973,0
432974,0
432975,0
432976,0
432977,0
432978,0
432979,0
432980,0
432981,0
432982,0
432983,0
432984,0
432985,0
432986,0
432987,0
432988,0
432989,0
432990,0
432991,0
432992,0
432993,0
432994,0
432995,0
432996,0
432997,0
432998,0
432999,0
433000,0
433001,0
433002,0
433003,0
433004,0
433005,0
433006,0
433007,0
433008,0
433009,0
433010,0
433011,0
433012,0
433013,0
433014,0
433015,0
433016,0
433017,0
433018,0
433019,0
433020,0
433021,0
433022,0
433023,0
433024,0
433025,0
433026,0
433027,0
433028,0
433029,0
433030,0
433031,0
433032,1
433033,0
433034,0
433035,0
433036,0
433037,0
433038,0
433039,0
433040,0
433041,0
433042,0
433043,0
433044,0
433045,0
433046,0
433047,0
433048,0
433049,0
433050,0
433051,0
433052,0
433053,0
433054,0
433055,0
433056,0
433057,0
433058,0
433059,0
433060,0
433061,0
433062,0
433063,0
433064,0
433065,0
433066,0
433067,0
433068,0
433069,0
433070,0
433071,0
433072,0
433073,0
433074,0
433075,0
433076,0
433077,0
433078,0
433079,0
433080,0
433081,0
433082,0
433083,0
433084,0
433085,0
433086,0
433087,0
433088,0
433089,0
433090,0
433091,0
433092,0
433093,0
433094,0
433095,0
433096,0
433097,0
433098,0
433099,0
433100,0
433101,0
433102,0
433103,0
433104,0
433105,0
433106,0
433107,0
433108,0
433109,0
433110,0
433111,0
433112,0
433113,0
433114,0
433115,0
433116,0
433117,0
433118,0
433119,0
433120,0
433121,0
433122,0
433123,0
433124,0
433125,0
433126,0
433127,0
433128,0
433129,0
433130,0
433131,0
433132,0
433133,0
433134,0
433135,0
433136,0
433137,0
433138,0
433139,0
433140,0
433141,0
433142,0
433143,0
433144,0
433145,0
433146,0
433147,0
433148,0
433149,0
433150,0
433151,0
433152,0
433153,0
433154,0
433155,0
433156,0
433157,0
433158,0
433159,0
433160,0
433161,0
433162,0
433163,1
433164,0
433165,0
433166,0
433167,0
433168,0
433169,0
433170,0
433171,0
433172,2
433173,0
433174,0
433175,0
433176,0
433177,0
433178,0
433179,0
433180,0
433181,1
433182,0
433183,0
433184,0
433185,0
433186,0
433187,0
433188,0
433189,0
433190,0
433191,0
433192,0
433193,0
433194,0
433195,0
433196,0
433197,0
433198,0
433199,0
433200,0
433201,0
433202,0
433203,0
433204,0
433205,0
433206,0
433207,0
433208,0
433209,0
433210,0
433211,0
433212,0
433213,0
433214,0
433215,0
433216,0
433217,0
433218,0
433219,0
433220,0
433221,0
433222,0
433223,0
433224,0
433225,0
433226,0
433227,0
433228,0
433229,0
433230,0
433231,0
433232,0
433233,0
433234,0
433235,0
433236,0
433237,0
433238,0
433239,0
433240,0
433241,0
433242,0
433243,0
433244,0
433245,0
433246,0
433247,0
433248,0
433249,0
433250,0
433251,0
433252,0
433253,0
433254,0
433255,0
433256,0
433257,0
433258,0
433259,0
433260,0
433261,0
433262,0
433263,0
433264,0
433265,0
433266,0
433267,0
433268,0
433269,0
433270,0
433271,0
433272,0
433273,0
433274,0
433275,0
433276,0
433277,0
433278,0
433279,0
433280,0
433281,0
433282,0
433283,0
433284,0
433285,0
433286,0
433287,0
433288,0
433289,0
433290,1
433291,0
433292,0
433293,0
433294,0
433295,0
433296,0
433297,0
433298,0
433299,0
433300,0
433301,0
433302,0
433303,0
433304,0
433305,0
433306,0
433307,0
433308,0
433309,0
433310,0
433311,0
433312,0
433313,0
433314,0
433315,0
433316,0
433317,0
433318,0
433319,0
433320,0
433321,0
433322,0
433323,0
433324,0
433325,0
433326,0
433327,0
433328,0
433329,0
433330,0
433331,0
433332,0
433333,0
433334,0
433335,0
433336,0
433337,0
433338,1
433339,0
433340,0
433341,0
433342,0
433343,0
433344,0
433345,0
433346,0
433347,0
433348,0
433349,0
433350,0
433351,0
433352,0
433353,0
433354,0
433355,0
433356,0
433357,0
433358,0
433359,0
433360,0
433361,0
433362,0
433363,0
433364,0
433365,0
433366,0
433367,0
433368,0
433369,0
433370,0
433371,0
433372,0
433373,0
433374,0
433375,0
433376,0
433377,0
433378,0
433379,0
433380,0
433381,0
433382,0
433383,0
433384,0
433385,0
433386,0
433387,0
433388,0
433389,0
433390,0
433391,0
433392,0
433393,0
433394,0
433395,0
433396,0
433397,0
433398,0
433399,0
433400,0
433401,0
433402,0
433403,0
433404,0
433405,0
433406,23
433407,0
433408,0
433409,0
433410,0
433411,0
433412,0
433413,0
433414,0
433415,0
433416,0
433417,0
433418,0
433419,0
433420,0
433421,0
433422,0
433423,0
433424,0
433425,0
433426,0
433427,0
433428,0
433429,11
433430,0
433431,0
433432,0
433433,0
433434,10
433435,0
433436,0
433437,0
433438,0
433439,0
433440,0
433441,0
433442,0
433443,0
433444,0
433445,0
433446,0
433447,0
433448,0
433449,0
433450,0
433451,0
433452,0
433453,0
433454,0
433455,0
433456,0
433457,0
433458,0
433459,0
433460,0
433461,0
433462,0
433463,0
433464,0
433465,0
433466,0
433467,0
433468,0
433469,0
433470,0
433471,0
433472,0
433473,0
433474,0
433475,0
433476,0
433477,0
433478,0
433479,0
433480,0
433481,0
433482,14
433483,0
433484,0
433485,0
433486,5
433487,0
433488,0
433489,0
433490,0
433491,0
433492,0
433493,0
433494,0
433495,0
433496,0
433497,17
433498,0
433499,0
433500,17
433501,0
433502,0
433503,0
433504,0
433505,0
433506,0
433507,0
433508,0
433509,0
433510,0
433511,0
433512,0
433513,0
433514,0
433515,0
433516,0
433517,0
433518,0
433519,0
433520,0
433521,0
433522,0
433523,0
433524,0
433525,0
433526,0
433527,0
433528,0
433529,0
433530,0
433531,0
433532,0
433533,0
433534,0
433535,0
433536,0
433537,0
433538,0
433539,0
433540,0
433541,0
433542,0
433543,0
433544,0
433545,0
433546,0
433547,0
433548,0
433549,0
433550,0
433551,0
433552,0
433553,0
433554,14
433555,0
433556,0
433557,0
433558,0
433559,0
433560,0
433561,0
433562,0
433563,0
433564,0
433565,0
433566,0
433567,0
433568,12
433569,0
433570,0
433571,0
433572,0
433573,0
433574,0
433575,0
433576,0
433577,0
433578,0
433579,0
433580,0
433581,0
433582,16
433583,0
433584,0
433585,0
433586,0
433587,0
433588,11
433589,0
433590,0
433591,0
433592,0
433593,0
433594,0
433595,0
433596,0
433597,0
433598,0
433599,0
433600,0
433601,0
433602,0
433603,0
433604,0
433605,0
433606,0
433607,0
433608,0
433609,0
433610,0
433611,0
433612,0
433613,0
433614,0
433615,0
433616,0
433617,0
433618,0
433619,0
433620,0
433621,0
433622,0
433623,0
433624,0
433625,20
433626,0
433627,0
433628,0
433629,0
433630,0
433631,10
433632,0
433633,0
433634,0
433635,0
433636,0
433637,0
433638,0
433639,0
433640,0
433641,0
433642,0
433643,0
433644,0
433645,0
433646,0
433647,0
433648,0
433649,0
433650,0
433651,0
433652,0
433653,0
433654,0
433655,0
433656,0
433657,0
433658,0
433659,0
433660,0
433661,0
433662,0
433663,0
433664,0
433665,0
433666,0
433667,0
433668,0
433669,0
433670,0
433671,0
433672,0
433673,0
433674,0
433675,0
433676,0
433677,0
433678,9
433679,0
433680,0
433681,0
433682,0
433683,0
433684,0
433685,0
433686,0
433687,0
433688,0
433689,0
433690,0
433691,13
433692,0
433693,0
433694,0
433695,0
433696,0
433697,0
433698,0
433699,0
433700,0
433701,0
433702,0
433703,0
433704,0
433705,0
433706,0
433707,0
433708,0
433709,0
433710,0
433711,0
433712,0
433713,0
433714,0
433715,0
433716,0
433717,0
433718,0
433719,0
433720,9
433721,0
433722,10
433723,0
433724,0
433725,0
433726,13
433727,0
433728,0
433729,0
433730,0
433731,0
433732,0
433733,0
433734,0
433735,0
433736,0
433737,0
433738,0
433739,0
433740,0
433741,5
433742,0
433743,0
433744,0
433745,0
433746,0
433747,0
433748,0
433749,0
433750,0
433751,0
433752,0
433753,0
433754,14
433755,0
433756,0
433757,0
433758,0
433759,0
433760,0
433761,0
433762,0
433763,0
433764,0
433765,0
433766,0
433767,0
433768,15
433769,0
433770,0
433771,0
433772,11
433773,9
433774,0
433775,0
433776,0
433777,0
433778,0
433779,0
433780,0
433781,0
433782,0
433783,0
433784,0
433785,0
433786,0
433787,0
433788,0
433789,0
433790,0
433791,9
433792,0
433793,14
433794,0
433795,0
433796,15
433797,0
433798,0
433799,0
433800,0
433801,0
433802,0
433803,0
433804,0
433805,0
433806,0
433807,0
433808,0
433809,0
433810,0
433811,0
433812,20
433813,0
433814,0
433815,0
433816,0
433817,0
433818,0
433819,0
433820,0
433821,0
433822,0
433823,0
433824,0
433825,0
433826,0
433827,0
433828,0
433829,0
433830,0
433831,0
433832,0
433833,0
433834,0
433835,0
433836,0
433837,0
433838,0
433839,0
433840,0
433841,13
433842,0
433843,0
433844,0
433845,0
433846,0
433847,0
433848,0
433849,0
433850,0
433851,0
433852,0
433853,0
433854,0
433855,0
433856,0
433857,0
433858,0
433859,0
433860,0
433861,0
433862,0
433863,0
433864,0
433865,0
433866,0
433867,0
433868,0
433869,0
433870,0
433871,0
433872,0
433873,0
433874,0
433875,0
433876,0
433877,0
433878,0
433879,0
433880,0
433881,0
433882,0
433883,0
433884,0
433885,0
433886,0
433887,0
433888,0
433889,0
433890,0
433891,0
433892,0
433893,0
433894,0
433895,0
433896,0
433897,0
433898,5
433899,0
433900,0
433901,0
433902,0
433903,0
433904,0
433905,0
433906,0
433907,0
433908,0
433909,0
433910,0
433911,0
433912,0
433913,0
433914,0
433915,0
433916,0
433917,0
433918,0
433919,0
433920,0
433921,0
433922,0
433923,0
433924,0
433925,0
433926,0
433927,0
433928,0
433929,0
433930,0
433931,0
433932,0
433933,0
433934,0
433935,0
433936,0
433937,0
433938,0
433939,0
433940,0
433941,0
433942,0
433943,0
433944,0
433945,0
433946,0
433947,0
433948,0
433949,0
433950,0
433951,0
433952,14
433953,0
433954,0
433955,0
433956,0
433957,9
433958,0
433959,0
433960,0
433961,0
433962,0
433963,0
433964,0
433965,0
433966,0
433967,0
433968,0
433969,0
433970,21
433971,0
433972,0
433973,0
433974,17
433975,0
433976,0
433977,0
433978,0
433979,0
433980,0
433981,0
433982,0
433983,18
433984,0
433985,0
433986,0
433987,0
433988,0
433989,13
433990,0
433991,0
433992,0
433993,0
433994,0
433995,0
433996,0
433997,0
433998,0
433999,0
434000,0
434001,0
434002,0
434003,0
434004,0
434005,0
434006,0
434007,0
434008,12
434009,0
434010,0
434011,0
434012,0
434013,0
434014,0
434015,0
434016,0
434017,0
434018,0
434019,12
434020,0
434021,0
434022,0
434023,0
434024,0
434025,0
434026,0
434027,0
434028,0
434029,0
434030,0
434031,0
434032,0
434033,0
434034,0
434035,0
434036,0
434037,0
434038,0
434039,0
434040,0
434041,0
434042,0
434043,0
434044,0
434045,0
434046,0
434047,7
434048,0
434049,0
434050,0
434051,0
434052,0
434053,0
434054,0
434055,0
434056,0
434057,0
434058,0
434059,0
434060,0
434061,0
434062,0
434063,0
434064,0
434065,0
434066,0
434067,0
434068,0
434069,0
434070,0
434071,0
434072,0
434073,0
434074,0
434075,0
434076,0
434077,0
434078,0
434079,0
434080,0
434081,0
434082,0
434083,0
434084,0
434085,0
434086,0
434087,0
434088,0
434089,0
434090,0
434091,0
434092,0
434093,0
434094,0
434095,0
434096,0
434097,0
434098,0
434099,0
434100,0
434101,20
434102,0
434103,0
434104,0
434105,0
434106,0
434107,0
434108,0
434109,0
434110,0
434111,0
434112,0
434113,20
434114,0
434115,0
434116,0
434117,0
434118,0
434119,0
434120,0
434121,0
434122,0
434123,0
434124,0
434125,13
434126,15
434127,0
434128,0
434129,9
434130,0
434131,0
434132,0
434133,0
434134,0
434135,0
434136,0
434137,15
434138,0
434139,0
434140,0
434141,0
434142,0
434143,0
434144,0
434145,0
434146,0
434147,0
434148,0
434149,0
434150,0
434151,0
434152,0
434153,0
434154,0
434155,0
434156,0
434157,0
434158,0
434159,0
434160,0
434161,0
434162,16
434163,0
434164,0
434165,0
434166,0
434167,0
434168,0
434169,0
434170,0
434171,0
434172,0
434173,0
434174,0
434175,0
434176,0
434177,0
434178,0
434179,0
434180,0
434181,0
434182,0
434183,0
434184,0
434185,0
434186,0
434187,0
434188,10
434189,0
434190,0
434191,0
434192,0
434193,0
434194,9
434195,0
434196,0
434197,0
434198,0
434199,0
434200,0
434201,0
434202,0
434203,0
434204,0
434205,0
434206,0
434207,0
434208,0
434209,0
434210,0
434211,0
434212,0
434213,0
434214,0
434215,0
434216,0
434217,0
434218,0
434219,0
434220,0
434221,0
434222,0
434223,0
434224,1
434225,0
434226,0
434227,0
434228,0
434229,0
434230,0
434231,0
434232,0
434233,0
434234,0
434235,0
434236,0
434237,0
434238,0
434239,0
434240,0
434241,0
434242,0
434243,0
434244,0
434245,0
434246,0
434247,1
434248,0
434249,0
434250,0
434251,0
434252,0
434253,0
434254,0
434255,0
434256,0
434257,0
434258,0
434259,0
434260,0
434261,0
434262,0
434263,0
434264,0
434265,0
434266,0
434267,0
434268,0
434269,0
434270,0
434271,0
434272,0
434273,0
434274,0
434275,0
434276,0
434277,0
434278,0
434279,0
434280,0
434281,0
434282,0
434283,0
434284,0
434285,0
434286,0
434287,0
434288,0
434289,0
434290,0
434291,0
434292,0
434293,0
434294,0
434295,0
434296,0
434297,0
434298,0
434299,0
434300,0
434301,0
434302,0
434303,0
434304,0
434305,0
434306,0
434307,0
434308,0
434309,0
434310,0
434311,0
434312,0
434313,0
434314,0
434315,0
434316,0
434317,0
434318,0
434319,0
434320,0
434321,0
434322,0
434323,0
434324,0
434325,0
434326,0
434327,0
434328,0
434329,0
434330,0
434331,0
434332,0
434333,0
434334,0
434335,0
434336,0
434337,0
434338,0
434339,0
434340,0
434341,0
434342,0
434343,0
434344,0
434345,0
434346,0
434347,0
434348,0
434349,0
434350,0
434351,0
434352,0
434353,0
434354,0
434355,0
434356,0
434357,0
434358,0
434359,0
434360,0
434361,0
434362,0
434363,0
434364,0
434365,0
434366,0
434367,0
434368,0
434369,0
434370,0
434371,0
434372,0
434373,0
434374,0
434375,0
434376,0
434377,0
434378,0
434379,0
434380,0
434381,0
434382,0
434383,0
434384,0
434385,0
434386,0
434387,0
434388,0
434389,0
434390,0
434391,0
434392,0
434393,0
434394,0
434395,0
434396,0
434397,0
434398,0
434399,0
434400,0
434401,0
434402,0
434403,0
434404,0
434405,0
434406,0
434407,0
434408,0
434409,0
434410,0
434411,0
434412,0
434413,0
434414,0
434415,0
434416,0
434417,0
434418,0
434419,0
434420,0
434421,0
434422,0
434423,0
434424,0
434425,0
434426,0
434427,0
434428,0
434429,0
434430,0
434431,0
434432,0
434433,0
434434,0
434435,0
434436,0
434437,0
434438,0
434439,0
434440,0
434441,0
434442,0
434443,0
434444,0
434445,0
434446,0
434447,0
434448,0
434449,0
434450,0
434451,0
434452,0
434453,0
434454,0
434455,0
434456,0
434457,0
434458,0
434459,0
434460,0
434461,0
434462,0
434463,0
434464,0
434465,0
434466,0
434467,0
434468,0
434469,0
434470,0
434471,0
434472,0
434473,0
434474,0
434475,0
434476,0
434477,0
434478,0
434479,0
434480,0
434481,0
434482,0
434483,0
434484,0
434485,0
434486,0
434487,1
434488,0
434489,0
434490,0
434491,0
434492,0
434493,0
434494,0
434495,0
434496,0
434497,0
434498,0
434499,0
434500,0
434501,0
434502,0
434503,0
434504,0
434505,0
434506,0
434507,46
434508,0
434509,0
434510,0
434511,0
434512,48
434513,0
434514,0
434515,46
434516,0
434517,38
434518,0
434519,0
434520,24
434521,30
434522,39
434523,0
434524,38
434525,47
434526,21
434527,0
434528,0
434529,0
434530,0
434531,0
434532,29
434533,0
434534,0
434535,0
434536,0
434537,0
434538,40
434539,0
434540,0
434541,0
434542,0
434543,0
434544,0
434545,0
434546,0
434547,0
434548,0
434549,0
434550,0
434551,0
434552,0
434553,0
434554,0
434555,0
434556,36
434557,0
434558,0
434559,39
434560,0
434561,55
434562,0
434563,0
434564,0
434565,0
434566,0
434567,0
434568,0
434569,0
434570,0
434571,0
434572,37
434573,0
434574,0
434575,45
434576,0
434577,0
434578,0
434579,37
434580,0
434581,0
434582,0
434583,36
434584,0
434585,0
434586,0
434587,0
434588,0
434589,22
434590,0
434591,0
434592,0
434593,0
434594,0
434595,0
434596,0
434597,0
434598,0
434599,0
434600,0
434601,0
434602,29
434603,0
434604,0
434605,0
434606,0
434607,0
434608,0
434609,0
434610,35
434611,0
434612,0
434613,0
434614,0
434615,0
434616,0
434617,0
434618,0
434619,38
434620,0
434621,0
434622,0
434623,0
434624,0
434625,0
434626,43
434627,0
434628,0
434629,40
434630,0
434631,0
434632,0
434633,42
434634,0
434635,0
434636,0
434637,0
434638,0
434639,0
434640,0
434641,34
434642,0
434643,0
434644,0
434645,0
434646,0
434647,0
434648,41
434649,0
434650,34
434651,45
434652,0
434653,33
434654,0
434655,0
434656,54
434657,29
434658,0
434659,0
434660,0
434661,0
434662,0
434663,0
434664,29
434665,34
434666,0
434667,0
434668,0
434669,0
434670,0
434671,0
434672,0
434673,0
434674,0
434675,0
434676,43
434677,0
434678,0
434679,0
434680,0
434681,0
434682,0
434683,0
434684,0
434685,0
434686,33
434687,0
434688,0
434689,0
434690,39
434691,0
434692,0
434693,0
434694,33
434695,41
434696,26
434697,35
434698,0
434699,44
434700,0
434701,0
434702,0
434703,0
434704,0
434705,0
434706,0
434707,41
434708,0
434709,0
434710,0
434711,0
434712,0
434713,0
434714,36
434715,33
434716,24
434717,0
434718,0
434719,0
434720,0
434721,0
434722,0
434723,0
434724,29
434725,0
434726,0
434727,0
434728,0
434729,0
434730,29
434731,35
434732,0
434733,0
434734,0
434735,0
434736,0
434737,0
434738,35
434739,0
434740,0
434741,29
434742,0
434743,0
434744,35
434745,0
434746,0
434747,0
434748,0
434749,30
434750,0
434751,0
434752,0
434753,0
434754,0
434755,0
434756,0
434757,31
434758,0
434759,37
434760,38
434761,0
434762,0
434763,0
434764,0
434765,0
434766,0
434767,30
434768,0
434769,0
434770,0
434771,0
434772,0
434773,39
434774,0
434775,0
434776,0
434777,51
434778,0
434779,0
434780,41
434781,0
434782,0
434783,0
434784,0
434785,0
434786,0
434787,0
434788,0
434789,0
434790,0
434791,0
434792,0
434793,37
434794,0
434795,0
434796,0
434797,0
434798,0
434799,34
434800,0
434801,0
434802,0
434803,0
434804,40
434805,0
434806,0
434807,0
434808,44
434809,0
434810,0
434811,0
434812,0
434813,0
434814,0
434815,0
434816,0
434817,47
434818,0
434819,0
434820,0
434821,0
434822,0
434823,0
434824,0
434825,28
434826,0
434827,44
434828,0
434829,0
434830,48
434831,0
434832,0
434833,49
434834,0
434835,49
434836,0
434837,0
434838,0
434839,39
434840,0
434841,0
434842,0
434843,0
434844,0
434845,0
434846,25
434847,0
434848,0
434849,0
434850,0
434851,0
434852,0
434853,27
434854,0
434855,0
434856,0
434857,0
434858,0
434859,0
434860,0
434861,0
434862,34
434863,0
434864,0
434865,0
434866,0
434867,32
434868,0
434869,0
434870,54
434871,26
434872,36
434873,0
434874,0
434875,0
434876,0
434877,0
434878,0
434879,32
434880,0
434881,37
434882,35
434883,0
434884,30
434885,0
434886,39
434887,0
434888,0
434889,0
434890,0
434891,0
434892,35
434893,0
434894,0
434895,0
434896,0
434897,31
434898,37
434899,28
434900,0
434901,0
434902,32
434903,0
434904,0
434905,0
434906,28
434907,0
434908,40
434909,0
434910,0
434911,0
434912,0
434913,57
434914,0
434915,29
434916,0
434917,44
434918,30
434919,31
434920,0
434921,0
434922,0
434923,0
434924,0
434925,0
434926,0
434927,28
434928,0
434929,0
434930,39
434931,0
434932,37
434933,0
434934,0
434935,29
434936,0
434937,37
434938,35
434939,0
434940,28
434941,0
434942,0
434943,33
434944,51
434945,0
434946,0
434947,0
434948,0
434949,32
434950,0
434951,0
434952,38
434953,0
434954,0
434955,0
434956,0
434957,0
434958,49
434959,0
434960,0
434961,0
434962,48
434963,0
434964,0
434965,0
434966,0
434967,0
434968,0
434969,0
434970,0
434971,0
434972,0
434973,46
434974,0
434975,0
434976,0
434977,0
434978,31
434979,0
434980,0
434981,0
434982,44
434983,29
434984,0
434985,41
434986,40
434987,0
434988,39
434989,0
434990,0
434991,0
434992,24
434993,36
434994,0
434995,0
434996,0
434997,43
434998,0
434999,0
435000,0
435001,0
435002,0
435003,35
435004,0
435005,0
435006,0
435007,0
435008,0
435009,0
435010,0
435011,0
435012,32
435013,0
435014,54
435015,0
435016,0
435017,0
435018,0
435019,24
435020,0
435021,0
435022,29
435023,0
435024,39
435025,0
435026,0
435027,0
435028,43
435029,0
435030,0
435031,45
435032,0
435033,0
435034,34
435035,0
435036,0
435037,0
435038,0
435039,0
435040,0
435041,42
435042,0
435043,0
435044,0
435045,0
435046,38
435047,0
435048,0
435049,0
435050,29
435051,0
435052,0
435053,0
435054,32
435055,0
435056,0
435057,0
435058,38
435059,42
435060,0
435061,29
435062,23
435063,35
435064,0
435065,0
435066,0
435067,0
435068,0
435069,0
435070,27
435071,0
435072,0
435073,0
435074,0
435075,51
435076,0
435077,0
435078,34
435079,0
435080,42
435081,60
435082,0
435083,0
435084,0
435085,0
435086,0
435087,0
435088,0
435089,0
435090,0
435091,43
435092,0
435093,0
435094,0
435095,0
435096,0
435097,35
435098,0
435099,0
435100,0
435101,32
435102,0
435103,0
435104,30
435105,31
435106,36
435107,31
435108,0
435109,0
435110,0
435111,0
435112,0
435113,40
435114,0
435115,0
435116,0
435117,0
435118,0
435119,44
435120,0
435121,0
435122,0
435123,0
435124,0
435125,0
435126,39
435127,44
435128,0
435129,0
435130,0
435131,0
435132,0
435133,0
435134,0
435135,0
435136,51
435137,0
435138,0
435139,0
435140,0
435141,0
435142,27
435143,0
435144,0
435145,43
435146,0
435147,0
435148,0
435149,0
435150,0
435151,37
435152,0
435153,0
435154,21
435155,0
435156,0
435157,0
435158,0
435159,0
435160,0
435161,0
435162,0
435163,0
435164,0
435165,0
435166,0
435167,0
435168,0
435169,35
435170,0
435171,0
435172,0
435173,0
435174,0
435175,0
435176,0
435177,17
435178,0
435179,0
435180,0
435181,0
435182,0
435183,0
435184,0
435185,0
435186,0
435187,0
435188,0
435189,0
435190,0
435191,0
435192,0
435193,0
435194,0
435195,0
435196,0
435197,0
435198,0
435199,0
435200,0
435201,0
435202,0
435203,0
435204,0
435205,0
435206,0
435207,0
435208,0
435209,0
435210,0
435211,0
435212,0
435213,0
435214,33
435215,0
435216,0
435217,0
435218,0
435219,0
435220,0
435221,0
435222,0
435223,0
435224,0
435225,0
435226,0
435227,0
435228,0
435229,0
435230,27
435231,0
435232,0
435233,0
435234,0
435235,0
435236,0
435237,0
435238,0
435239,0
435240,0
435241,0
435242,0
435243,0
435244,0
435245,0
435246,0
435247,0
435248,0
435249,0
435250,0
435251,39
435252,0
435253,0
435254,0
435255,38
435256,0
435257,0
435258,0
435259,29
435260,0
435261,0
435262,0
435263,0
435264,0
435265,0
435266,0
435267,0
435268,0
435269,0
435270,0
435271,0
435272,28
435273,0
435274,22
435275,0
435276,0
435277,0
435278,0
435279,0
435280,19
435281,0
435282,0
435283,0
435284,0
435285,0
435286,0
435287,0
435288,0
435289,0
435290,0
435291,0
435292,0
435293,0
435294,0
435295,30
435296,0
435297,0
435298,31
435299,0
435300,32
435301,0
435302,0
435303,27
435304,33
435305,0
435306,0
435307,0
435308,0
435309,0
435310,0
435311,0
435312,0
435313,0
435314,0
435315,0
435316,0
435317,0
435318,0
435319,0
435320,0
435321,24
435322,0
435323,0
435324,0
435325,0
435326,0
435327,0
435328,0
435329,0
435330,0
435331,0
435332,0
435333,0
435334,35
435335,15
435336,0
435337,33
435338,0
435339,29
435340,0
435341,36
435342,0
435343,0
435344,0
435345,0
435346,0
435347,0
435348,0
435349,0
435350,0
435351,0
435352,0
435353,0
435354,25
435355,0
435356,0
435357,0
435358,0
435359,0
435360,0
435361,0
435362,0
435363,0
435364,0
435365,0
435366,0
435367,0
435368,0
435369,0
435370,0
435371,0
435372,0
435373,29
435374,0
435375,0
435376,0
435377,0
435378,0
435379,0
435380,0
435381,0
435382,0
435383,0
435384,0
435385,28
435386,0
435387,0
435388,0
435389,0
435390,0
435391,0
435392,0
435393,0
435394,0
435395,0
435396,0
435397,0
435398,0
435399,0
435400,0
435401,0
435402,0
435403,0
435404,0
435405,0
435406,0
435407,0
435408,0
435409,0
435410,32
435411,0
435412,19
435413,0
435414,0
435415,0
435416,0
435417,0
435418,0
435419,26
435420,0
435421,0
435422,0
435423,0
435424,26
435425,0
435426,0
435427,0
435428,0
435429,0
435430,0
435431,0
435432,0
435433,0
435434,0
435435,0
435436,27
435437,0
435438,0
435439,0
435440,0
435441,0
435442,0
435443,0
435444,0
435445,0
435446,0
435447,47
435448,0
435449,0
435450,0
435451,20
435452,0
435453,0
435454,0
435455,0
435456,0
435457,0
435458,0
435459,0
435460,0
435461,0
435462,0
435463,0
435464,0
435465,0
435466,0
435467,28
435468,0
435469,0
435470,0
435471,0
435472,0
435473,0
435474,0
435475,0
435476,25
435477,0
435478,0
435479,0
435480,0
435481,0
435482,0
435483,42
435484,19
435485,0
435486,0
435487,0
435488,0
435489,15
435490,0
435491,0
435492,0
435493,0
435494,0
435495,0
435496,0
435497,0
435498,0
435499,0
435500,0
435501,0
435502,0
435503,0
435504,0
435505,0
435506,0
435507,0
435508,0
435509,0
435510,0
435511,31
435512,0
435513,0
435514,0
435515,34
435516,0
435517,0
435518,0
435519,0
435520,0
435521,0
435522,0
435523,0
435524,0
435525,0
435526,0
435527,0
435528,0
435529,0
435530,0
435531,0
435532,0
435533,24
435534,0
435535,0
435536,0
435537,0
435538,0
435539,0
435540,0
435541,0
435542,0
435543,0
435544,0
435545,0
435546,0
435547,0
435548,0
435549,0
435550,0
435551,0
435552,0
435553,0
435554,0
435555,0
435556,0
435557,0
435558,0
435559,0
435560,0
435561,0
435562,0
435563,19
435564,0
435565,0
435566,0
435567,0
435568,0
435569,0
435570,0
435571,23
435572,0
435573,0
435574,0
435575,18
435576,0
435577,0
435578,0
435579,0
435580,0
435581,0
435582,0
435583,0
435584,0
435585,0
435586,0
435587,0
435588,0
435589,0
435590,0
435591,0
435592,8
435593,0
435594,17
435595,0
435596,0
435597,0
435598,0
435599,0
435600,0
435601,0
435602,0
435603,0
435604,0
435605,0
435606,0
435607,0
435608,0
435609,0
435610,0
435611,0
435612,0
435613,0
435614,0
435615,0
435616,0
435617,0
435618,9
435619,0
435620,0
435621,0
435622,0
435623,0
435624,0
435625,0
435626,0
435627,0
435628,0
435629,0
435630,0
435631,12
435632,0
435633,0
435634,0
435635,0
435636,0
435637,0
435638,0
435639,0
435640,0
435641,0
435642,0
435643,0
435644,0
435645,0
435646,0
435647,0
435648,0
435649,8
435650,0
435651,0
435652,0
435653,0
435654,0
435655,0
435656,0
435657,0
435658,0
435659,0
435660,8
435661,0
435662,0
435663,0
435664,0
435665,0
435666,0
435667,0
435668,0
435669,0
435670,0
435671,0
435672,0
435673,0
435674,0
435675,0
435676,0
435677,0
435678,9
435679,0
435680,0
435681,0
435682,0
435683,8
435684,0
435685,0
435686,0
435687,0
435688,0
435689,0
435690,0
435691,0
435692,0
435693,0
435694,0
435695,0
435696,0
435697,0
435698,0
435699,0
435700,0
435701,5
435702,0
435703,0
435704,0
435705,0
435706,0
435707,0
435708,0
435709,0
435710,0
435711,0
435712,0
435713,0
435714,0
435715,0
435716,0
435717,0
435718,0
435719,0
435720,0
435721,0
435722,0
435723,0
435724,0
435725,0
435726,0
435727,0
435728,0
435729,0
435730,10
435731,0
435732,0
435733,0
435734,0
435735,0
435736,0
435737,0
435738,0
435739,0
435740,0
435741,0
435742,0
435743,0
435744,0
435745,0
435746,0
435747,0
435748,0
435749,0
435750,0
435751,0
435752,9
435753,0
435754,0
435755,0
435756,0
435757,0
435758,0
435759,0
435760,0
435761,15
435762,0
435763,0
435764,0
435765,0
435766,0
435767,0
435768,0
435769,0
435770,0
435771,0
435772,0
435773,0
435774,0
435775,0
435776,0
435777,0
435778,0
435779,0
435780,0
435781,0
435782,0
435783,0
435784,0
435785,0
435786,0
435787,0
435788,0
435789,15
435790,0
435791,0
435792,0
435793,16
435794,0
435795,0
435796,0
435797,0
435798,11
435799,8
435800,0
435801,0
435802,0
435803,0
435804,0
435805,0
435806,0
435807,0
435808,0
435809,0
435810,0
435811,0
435812,10
435813,0
435814,0
435815,0
435816,0
435817,0
435818,0
435819,0
435820,0
435821,0
435822,15
435823,0
435824,10
435825,0
435826,0
435827,0
435828,0
435829,0
435830,10
435831,0
435832,0
435833,0
435834,0
435835,0
435836,0
435837,9
435838,0
435839,0
435840,0
435841,0
435842,15
435843,0
435844,0
435845,0
435846,0
435847,0
435848,9
435849,12
435850,0
435851,0
435852,0
435853,0
435854,0
435855,0
435856,0
435857,0
435858,0
435859,0
435860,0
435861,0
435862,0
435863,0
435864,0
435865,0
435866,0
435867,0
435868,0
435869,18
435870,0
435871,0
435872,0
435873,0
435874,0
435875,11
435876,0
435877,0
435878,0
435879,0
435880,0
435881,16
435882,0
435883,0
435884,17
435885,0
435886,14
435887,0
435888,0
435889,0
435890,20
435891,0
435892,0
435893,0
435894,0
435895,0
435896,0
435897,11
435898,0
435899,0
435900,0
435901,0
435902,0
435903,16
435904,12
435905,0
435906,0
435907,0
435908,0
435909,0
435910,0
435911,22
435912,0
435913,0
435914,0
435915,0
435916,0
435917,0
435918,0
435919,0
435920,0
435921,15
435922,27
435923,0
435924,13
435925,0
435926,0
435927,0
435928,0
435929,0
435930,0
435931,0
435932,1
435933,0
435934,0
435935,1
435936,0
435937,0
435938,0
435939,0
435940,1
435941,0
435942,0
435943,0
435944,0
435945,0
435946,0
435947,0
435948,0
435949,0
435950,0
435951,0
435952,0
435953,0
435954,0
435955,0
435956,0
435957,0
435958,0
435959,0
435960,0
435961,0
435962,0
435963,0
435964,0
435965,0
435966,1
435967,0
435968,0
435969,0
435970,0
435971,0
435972,0
435973,0
435974,0
435975,0
435976,0
435977,0
435978,0
435979,0
435980,0
435981,0
435982,0
435983,0
435984,0
435985,0
435986,0
435987,0
435988,0
435989,1
435990,0
435991,0
435992,0
435993,0
435994,0
435995,0
435996,0
435997,0
435998,0
435999,0
436000,0
436001,0
436002,0
436003,0
436004,0
436005,0
436006,0
436007,0
436008,0
436009,0
436010,0
436011,0
436012,0
436013,0
436014,0
436015,0
436016,0
436017,0
436018,0
436019,0
436020,0
436021,0
436022,0
436023,0
436024,0
436025,0
436026,0
436027,0
436028,0
436029,0
436030,0
436031,0
436032,0
436033,0
436034,0
436035,0
436036,0
436037,0
436038,0
436039,0
436040,0
436041,0
436042,0
436043,0
436044,0
436045,0
436046,0
436047,0
436048,0
436049,0
436050,0
436051,0
436052,0
436053,0
436054,0
436055,3
436056,0
436057,0
436058,0
436059,0
436060,0
436061,0
436062,0
436063,0
436064,0
436065,0
436066,0
436067,0
436068,0
436069,1
436070,0
436071,0
436072,0
436073,0
436074,0
436075,0
436076,0
436077,2
436078,0
436079,0
436080,0
436081,0
436082,0
436083,0
436084,0
436085,0
436086,0
436087,0
436088,0
436089,0
436090,0
436091,0
436092,0
436093,0
436094,0
436095,0
436096,2
436097,0
436098,0
436099,0
436100,0
436101,0
436102,0
436103,0
436104,0
436105,0
436106,0
436107,0
436108,0
436109,0
436110,0
436111,0
436112,0
436113,0
436114,0
436115,0
436116,0
436117,0
436118,0
436119,0
436120,0
436121,0
436122,0
436123,0
436124,0
436125,0
436126,0
436127,0
436128,0
436129,0
436130,0
436131,0
436132,0
436133,0
436134,0
436135,0
436136,0
436137,21
436138,0
436139,0
436140,0
436141,0
436142,0
436143,0
436144,0
436145,0
436146,34
436147,0
436148,0
436149,0
436150,0
436151,19
436152,0
436153,0
436154,0
436155,0
436156,0
436157,0
436158,0
436159,0
436160,0
436161,0
436162,0
436163,0
436164,0
436165,0
436166,0
436167,0
436168,0
436169,29
436170,0
436171,0
436172,24
436173,30
436174,0
436175,0
436176,0
436177,0
436178,0
436179,0
436180,21
436181,0
436182,0
436183,0
436184,24
436185,26
436186,0
436187,0
436188,0
436189,28
436190,29
436191,0
436192,0
436193,0
436194,30
436195,0
436196,0
436197,0
436198,20
436199,0
436200,0
436201,0
436202,0
436203,0
436204,27
436205,44
436206,0
436207,0
436208,0
436209,0
436210,0
436211,0
436212,0
436213,0
436214,0
436215,0
436216,28
436217,0
436218,0
436219,0
436220,0
436221,0
436222,0
436223,27
436224,0
436225,0
436226,27
436227,0
436228,34
436229,0
436230,0
436231,0
436232,0
436233,0
436234,0
436235,0
436236,0
436237,0
436238,0
436239,0
436240,0
436241,0
436242,0
436243,0
436244,0
436245,0
436246,0
436247,0
436248,0
436249,0
436250,0
436251,0
436252,0
436253,0
436254,0
436255,0
436256,0
436257,24
436258,0
436259,0
436260,0
436261,26
436262,0
436263,0
436264,42
436265,0
436266,0
436267,0
436268,0
436269,0
436270,0
436271,0
436272,0
436273,30
436274,0
436275,0
436276,0
436277,0
436278,0
436279,0
436280,0
436281,0
436282,0
436283,0
436284,0
436285,0
436286,0
436287,0
436288,0
436289,0
436290,0
436291,0
436292,0
436293,0
436294,0
436295,0
436296,0
436297,0
436298,0
436299,0
436300,0
436301,0
436302,0
436303,0
436304,0
436305,0
436306,0
436307,0
436308,0
436309,0
436310,0
436311,0
436312,0
436313,0
436314,0
436315,18
436316,0
436317,0
436318,0
436319,0
436320,0
436321,0
436322,0
436323,0
436324,0
436325,0
436326,0
436327,0
436328,30
436329,0
436330,19
436331,0
436332,0
436333,0
436334,0
436335,25
436336,0
436337,0
436338,0
436339,0
436340,0
436341,0
436342,24
436343,0
436344,0
436345,0
436346,0
436347,0
436348,23
436349,24
436350,0
436351,0
436352,0
436353,0
436354,0
436355,0
436356,0
436357,0
436358,0
436359,0
436360,0
436361,0
436362,0
436363,0
436364,0
436365,0
436366,0
436367,0
436368,35
436369,26
436370,0
436371,0
436372,0
436373,0
436374,0
436375,0
436376,0
436377,0
436378,0
436379,0
436380,27
436381,27
436382,0
436383,0
436384,0
436385,0
436386,0
436387,0
436388,19
436389,0
436390,23
436391,0
436392,0
436393,0
436394,0
436395,0
436396,0
436397,0
436398,24
436399,0
436400,0
436401,0
436402,0
436403,0
436404,0
436405,0
436406,33
436407,29
436408,0
436409,28
436410,0
436411,0
436412,0
436413,21
436414,0
436415,0
436416,0
436417,0
436418,0
436419,0
436420,0
436421,32
436422,0
436423,0
436424,0
436425,0
436426,28
436427,0
436428,0
436429,29
436430,0
436431,0
436432,0
436433,0
436434,0
436435,0
436436,0
436437,0
436438,0
436439,0
436440,0
436441,0
436442,0
436443,0
436444,27
436445,0
436446,0
436447,0
436448,42
436449,18
436450,0
436451,0
436452,0
436453,0
436454,0
436455,0
436456,0
436457,0
436458,0
436459,0
436460,0
436461,0
436462,0
436463,0
436464,28
436465,0
436466,0
436467,0
436468,24
436469,0
436470,16
436471,0
436472,0
436473,18
436474,0
436475,0
436476,0
436477,0
436478,0
436479,0
436480,0
436481,0
436482,32
436483,0
436484,0
436485,0
436486,0
436487,0
436488,0
436489,0
436490,0
436491,0
436492,25
436493,0
436494,0
436495,0
436496,0
436497,0
436498,0
436499,0
436500,0
436501,0
436502,0
436503,0
436504,26
436505,0
436506,0
436507,0
436508,0
436509,0
436510,22
436511,0
436512,30
436513,0
436514,29
436515,32
436516,0
436517,0
436518,0
436519,31
436520,0
436521,0
436522,0
436523,0
436524,0
436525,27
436526,0
436527,35
436528,0
436529,0
436530,0
436531,26
436532,0
436533,0
436534,0
436535,0
436536,0
436537,0
436538,17
436539,0
436540,21
436541,25
436542,0
436543,0
436544,0
436545,0
436546,0
436547,0
436548,0
436549,0
436550,0
436551,0
436552,0
436553,28
436554,0
436555,0
436556,0
436557,0
436558,0
436559,0
436560,0
436561,28
436562,0
436563,25
436564,28
436565,0
436566,0
436567,0
436568,0
436569,0
436570,0
436571,0
436572,0
436573,0
436574,0
436575,0
436576,0
436577,0
436578,0
436579,0
436580,38
436581,0
436582,0
436583,0
436584,0
436585,0
436586,0
436587,31
436588,0
436589,0
436590,21
436591,0
436592,0
436593,0
436594,0
436595,18
436596,23
436597,25
436598,0
436599,0
436600,0
436601,21
436602,0
436603,23
436604,0
436605,0
436606,0
436607,0
436608,0
436609,0
436610,0
436611,0
436612,0
436613,0
436614,0
436615,0
436616,0
436617,29
436618,0
436619,0
436620,0
436621,0
436622,0
436623,0
436624,0
436625,0
436626,0
436627,0
436628,0
436629,0
436630,0
436631,0
436632,0
436633,0
436634,0
436635,33
436636,0
436637,0
436638,0
436639,0
436640,0
436641,28
436642,0
436643,0
436644,0
436645,18
436646,0
436647,0
436648,0
436649,0
436650,0
436651,0
436652,27
436653,0
436654,0
436655,0
436656,0
436657,0
436658,0
436659,23
436660,20
436661,0
436662,0
436663,0
436664,0
436665,24
436666,0
436667,0
436668,0
436669,25
436670,0
436671,0
436672,0
436673,0
436674,0
436675,22
436676,0
436677,0
436678,24
436679,0
436680,0
436681,0
436682,0
436683,0
436684,0
436685,0
436686,0
436687,0
436688,0
436689,31
436690,0
436691,0
436692,0
436693,0
436694,0
436695,0
436696,0
436697,0
436698,0
436699,0
436700,0
436701,0
436702,0
436703,0
436704,0
436705,0
436706,0
436707,0
436708,0
436709,0
436710,0
436711,0
436712,0
436713,0
436714,0
436715,0
436716,0
436717,0
436718,0
436719,0
436720,0
436721,0
436722,23
436723,0
436724,0
436725,0
436726,0
436727,0
436728,0
436729,0
436730,0
436731,31
436732,0
436733,0
436734,0
436735,0
436736,0
436737,0
436738,0
436739,0
436740,0
436741,0
436742,0
436743,0
436744,0
436745,0
436746,0
436747,0
436748,0
436749,0
436750,0
436751,0
436752,0
436753,0
436754,0
436755,0
436756,0
436757,22
436758,0
436759,0
436760,0
436761,0
436762,0
436763,0
436764,0
436765,0
436766,0
436767,0
436768,41
436769,0
436770,0
436771,0
436772,0
436773,0
436774,0
436775,0
436776,0
436777,0
436778,45
436779,0
436780,0
436781,0
436782,21
436783,24
436784,0
436785,15
436786,0
436787,0
436788,0
436789,0
436790,0
436791,0
436792,0
436793,0
436794,0
436795,0
436796,0
436797,0
436798,0
436799,0
436800,0
436801,0
436802,0
436803,0
436804,0
436805,0
436806,0
436807,0
436808,0
436809,24
436810,0
436811,0
436812,0
436813,0
436814,0
436815,0
436816,0
436817,0
436818,33
436819,32
436820,0
436821,20
436822,0
436823,0
436824,0
436825,0
436826,0
436827,0
436828,0
436829,0
436830,0
436831,0
436832,0
436833,0
436834,0
436835,0
436836,0
436837,26
436838,0
436839,29
436840,25
436841,0
436842,0
436843,0
436844,0
436845,0
436846,0
436847,0
436848,0
436849,0
436850,0
436851,0
436852,0
436853,0
436854,0
436855,0
436856,0
436857,18
436858,0
436859,0
436860,0
436861,0
436862,0
436863,0
436864,17
436865,24
436866,0
436867,0
436868,0
436869,0
436870,0
436871,0
436872,0
436873,0
436874,0
436875,0
436876,31
436877,0
436878,0
436879,0
436880,0
436881,40
436882,34
436883,22
436884,0
436885,0
436886,0
436887,0
436888,0
436889,0
436890,0
436891,0
436892,0
436893,0
436894,0
436895,0
436896,0
436897,0
436898,0
436899,0
436900,0
436901,0
436902,0
436903,0
436904,0
436905,0
436906,0
436907,0
436908,0
436909,0
436910,0
436911,0
436912,0
436913,0
436914,14
436915,0
436916,0
436917,0
436918,28
436919,0
436920,0
436921,0
436922,0
436923,0
436924,0
436925,0
436926,0
436927,0
436928,0
436929,0
436930,0
436931,0
436932,0
436933,0
436934,0
436935,0
436936,29
436937,0
436938,0
436939,0
436940,0
436941,0
436942,0
436943,0
436944,0
436945,0
436946,0
436947,0
436948,36
436949,0
436950,23
436951,0
436952,0
436953,0
436954,0
436955,20
436956,0
436957,0
436958,0
436959,0
436960,0
436961,0
436962,0
436963,0
436964,0
436965,0
436966,0
436967,0
436968,0
436969,0
436970,24
436971,0
436972,0
436973,0
436974,0
436975,0
436976,0
436977,0
436978,0
436979,34
436980,0
436981,0
436982,0
436983,0
436984,0
436985,0
436986,0
436987,0
436988,0
436989,0
436990,0
436991,0
436992,0
436993,0
436994,0
436995,0
436996,0
436997,0
436998,0
436999,0
437000,0
437001,0
437002,0
437003,0
437004,0
437005,0
437006,0
437007,0
437008,0
437009,0
437010,0
437011,0
437012,0
437013,0
437014,0
437015,0
437016,2
437017,0
437018,1
437019,0
437020,0
437021,0
437022,0
437023,0
437024,2
437025,0
437026,0
437027,0
437028,0
437029,0
437030,0
437031,0
437032,3
437033,0
437034,0
437035,0
437036,0
437037,0
437038,0
437039,0
437040,0
437041,0
437042,0
437043,0
437044,0
437045,0
437046,0
437047,0
437048,0
437049,0
437050,0
437051,0
437052,0
437053,0
437054,3
437055,0
437056,0
437057,0
437058,0
437059,0
437060,0
437061,0
437062,0
437063,0
437064,0
437065,0
437066,0
437067,0
437068,0
437069,0
437070,3
437071,3
437072,0
437073,0
437074,0
437075,0
437076,0
437077,0
437078,0
437079,0
437080,0
437081,0
437082,0
437083,0
437084,0
437085,0
437086,0
437087,0
437088,0
437089,0
437090,0
437091,0
437092,0
437093,0
437094,0
437095,0
437096,0
437097,0
437098,0
437099,0
437100,0
437101,0
437102,0
437103,0
437104,0
437105,0
437106,0
437107,0
437108,0
437109,0
437110,0
437111,0
437112,0
437113,0
437114,0
437115,0
437116,0
437117,0
437118,0
437119,0
437120,0
437121,0
437122,0
437123,0
437124,0
437125,0
437126,0
437127,0
437128,0
437129,0
437130,0
437131,0
437132,0
437133,0
437134,0
437135,0
437136,0
437137,0
437138,3
437139,0
437140,0
437141,0
437142,2
437143,0
437144,0
437145,0
437146,0
437147,0
437148,0
437149,0
437150,0
437151,0
437152,0
437153,0
437154,0
437155,0
437156,0
437157,0
437158,3
437159,0
437160,0
437161,2
437162,0
437163,0
437164,0
437165,0
437166,0
437167,0
437168,0
437169,0
437170,0
437171,0
437172,0
437173,0
437174,0
437175,0
437176,0
437177,0
437178,0
437179,0
437180,0
437181,0
437182,4
437183,0
437184,0
437185,4
437186,0
437187,0
437188,0
437189,5
437190,0
437191,0
437192,1
437193,0
437194,0
437195,0
437196,0
437197,0
437198,0
437199,0
437200,0
437201,0
437202,0
437203,0
437204,0
437205,0
437206,0
437207,0
437208,0
437209,0
437210,0
437211,0
437212,0
437213,0
437214,0
437215,0
437216,0
437217,0
437218,0
437219,0
437220,0
437221,0
437222,0
437223,0
437224,0
437225,0
437226,0
437227,0
437228,0
437229,0
437230,0
437231,0
437232,0
437233,0
437234,0
437235,0
437236,0
437237,0
437238,0
437239,3
437240,0
437241,2
437242,0
437243,0
437244,0
437245,0
437246,0
437247,0
437248,0
437249,0
437250,2
437251,0
437252,0
437253,0
437254,0
437255,0
437256,0
437257,0
437258,4
437259,0
437260,0
437261,0
437262,0
437263,0
437264,0
437265,0
437266,0
437267,0
437268,0
437269,0
437270,6
437271,7
437272,0
437273,0
437274,1
437275,0
437276,0
437277,0
437278,1
437279,0
437280,0
437281,0
437282,4
437283,0
437284,0
437285,0
437286,0
437287,0
437288,0
437289,4
437290,0
437291,0
437292,0
437293,0
437294,0
437295,0
437296,0
437297,0
437298,0
437299,0
437300,3
437301,0
437302,0
437303,0
437304,0
437305,0
437306,0
437307,0
437308,0
437309,0
437310,0
437311,0
437312,0
437313,0
437314,0
437315,0
437316,0
437317,0
437318,0
437319,0
437320,0
437321,0
437322,0
437323,0
437324,3
437325,0
437326,1
437327,0
437328,0
437329,0
437330,0
437331,0
437332,0
437333,0
437334,0
437335,0
437336,0
437337,0
437338,0
437339,1
437340,0
437341,0
437342,0
437343,0
437344,0
437345,0
437346,4
437347,0
437348,0
437349,0
437350,0
437351,0
437352,0
437353,0
437354,0
437355,0
437356,0
437357,0
437358,2
437359,0
437360,0
437361,0
437362,0
437363,0
437364,0
437365,0
437366,0
437367,0
437368,0
437369,0
437370,0
437371,0
437372,0
437373,0
437374,0
437375,0
437376,0
437377,0
437378,0
437379,0
437380,0
437381,0
437382,0
437383,0
437384,0
437385,0
437386,0
437387,0
437388,0
437389,0
437390,4
437391,0
437392,0
437393,0
437394,0
437395,0
437396,0
437397,0
437398,0
437399,0
437400,0
437401,4
437402,0
437403,0
437404,0
437405,0
437406,0
437407,0
437408,0
437409,0
437410,0
437411,0
437412,0
437413,0
437414,0
437415,0
437416,0
437417,0
437418,0
437419,0
437420,0
437421,0
437422,2
437423,0
437424,0
437425,0
437426,0
437427,0
437428,0
437429,0
437430,0
437431,0
437432,0
437433,0
437434,0
437435,0
437436,0
437437,4
437438,0
437439,0
437440,0
437441,0
437442,0
437443,0
437444,0
437445,0
437446,0
437447,0
437448,6
437449,0
437450,0
437451,0
437452,0
437453,0
437454,0
437455,0
437456,0
437457,0
437458,0
437459,0
437460,0
437461,0
437462,0
437463,0
437464,0
437465,0
437466,3
437467,0
437468,0
437469,1
437470,0
437471,0
437472,0
437473,0
437474,0
437475,0
437476,0
437477,0
437478,0
437479,0
437480,0
437481,0
437482,0
437483,0
437484,0
437485,0
437486,0
437487,0
437488,0
437489,0
437490,0
437491,0
437492,0
437493,0
437494,0
437495,0
437496,0
437497,0
437498,0
437499,0
437500,0
437501,0
437502,0
437503,0
437504,0
437505,0
437506,0
437507,0
437508,0
437509,0
437510,0
437511,0
437512,2
437513,0
437514,0
437515,0
437516,0
437517,0
437518,0
437519,0
437520,0
437521,0
437522,0
437523,0
437524,0
437525,2
437526,4
437527,0
437528,0
437529,1
437530,0
437531,0
437532,0
437533,0
437534,0
437535,0
437536,0
437537,0
437538,0
437539,0
437540,0
437541,0
437542,0
437543,0
437544,0
437545,0
437546,0
437547,0
437548,0
437549,4
437550,0
437551,0
437552,0
437553,0
437554,1
437555,0
437556,0
437557,0
437558,0
437559,0
437560,0
437561,2
437562,3
437563,0
437564,0
437565,0
437566,0
437567,2
437568,0
437569,0
437570,0
437571,0
437572,0
437573,0
437574,0
437575,0
437576,0
437577,0
437578,0
437579,0
437580,0
437581,0
437582,34
437583,0
437584,0
437585,0
437586,0
437587,0
437588,0
437589,0
437590,0
437591,29
437592,0
437593,36
437594,0
437595,0
437596,0
437597,0
437598,0
437599,33
437600,30
437601,34
437602,0
437603,0
437604,48
437605,0
437606,0
437607,0
437608,0
437609,0
437610,0
437611,0
437612,0
437613,0
437614,38
437615,0
437616,0
437617,0
437618,0
437619,24
437620,0
437621,0
437622,0
437623,0
437624,0
437625,0
437626,0
437627,30
437628,0
437629,34
437630,0
437631,0
437632,0
437633,0
437634,51
437635,0
437636,0
437637,0
437638,25
437639,0
437640,0
437641,0
437642,25
437643,0
437644,39
437645,0
437646,0
437647,0
437648,0
437649,0
437650,0
437651,0
437652,0
437653,0
437654,0
437655,16
437656,0
437657,19
437658,0
437659,0
437660,20
437661,0
437662,21
437663,19
437664,20
437665,0
437666,0
437667,0
437668,0
437669,0
437670,0
437671,0
437672,0
437673,0
437674,0
437675,0
437676,0
437677,0
437678,19
437679,0
437680,0
437681,20
437682,26
437683,0
437684,0
437685,27
437686,0
437687,0
437688,0
437689,0
437690,0
437691,0
437692,0
437693,0
437694,25
437695,0
437696,0
437697,0
437698,0
437699,0
437700,11
437701,0
437702,0
437703,0
437704,0
437705,0
437706,0
437707,0
437708,0
437709,0
437710,0
437711,0
437712,0
437713,0
437714,0
437715,0
437716,0
437717,0
437718,0
437719,0
437720,0
437721,0
437722,18
437723,0
437724,0
437725,0
437726,12
437727,18
437728,0
437729,0
437730,0
437731,0
437732,21
437733,0
437734,0
437735,0
437736,0
437737,0
437738,0
437739,0
437740,0
437741,0
437742,0
437743,0
437744,0
437745,0
437746,0
437747,0
437748,25
437749,0
437750,0
437751,0
437752,0
437753,0
437754,0
437755,0
437756,0
437757,0
437758,0
437759,0
437760,16
437761,34
437762,0
437763,0
437764,0
437765,0
437766,13
437767,19
437768,0
437769,0
437770,0
437771,0
437772,0
437773,0
437774,16
437775,0
437776,0
437777,0
437778,0
437779,0
437780,0
437781,17
437782,0
437783,20
437784,0
437785,13
437786,0
437787,0
437788,0
437789,0
437790,0
437791,0
437792,0
437793,0
437794,0
437795,30
437796,18
437797,0
437798,0
437799,0
437800,0
437801,0
437802,0
437803,0
437804,0
437805,0
437806,0
437807,0
437808,0
437809,0
437810,0
437811,0
437812,0
437813,0
437814,20
437815,0
437816,0
437817,0
437818,0
437819,0
437820,19
437821,0
437822,0
437823,0
437824,0
437825,0
437826,0
437827,17
437828,0
437829,0
437830,0
437831,0
437832,0
437833,0
437834,0
437835,0
437836,0
437837,0
437838,0
437839,0
437840,0
437841,0
437842,0
437843,0
437844,0
437845,28
437846,0
437847,0
437848,17
437849,0
437850,0
437851,26
437852,0
437853,0
437854,20
437855,0
437856,29
437857,0
437858,0
437859,0
437860,0
437861,0
437862,0
437863,0
437864,10
437865,0
437866,0
437867,22
437868,0
437869,16
437870,0
437871,0
437872,0
437873,23
437874,0
437875,0
437876,0
437877,0
437878,0
437879,23
437880,0
437881,0
437882,0
437883,0
437884,0
437885,0
437886,15
437887,19
437888,21
437889,0
437890,0
437891,13
437892,0
437893,0
437894,0
437895,0
437896,0
437897,0
437898,11
437899,0
437900,0
437901,0
437902,0
437903,0
437904,0
437905,0
437906,0
437907,0
437908,0
437909,25
437910,23
437911,0
437912,26
437913,0
437914,29
437915,25
437916,0
437917,0
437918,0
437919,0
437920,21
437921,0
437922,0
437923,0
437924,0
437925,0
437926,0
437927,0
437928,0
437929,0
437930,0
437931,0
437932,0
437933,0
437934,0
437935,0
437936,0
437937,9
437938,0
437939,0
437940,22
437941,0
437942,0
437943,0
437944,0
437945,0
437946,0
437947,0
437948,0
437949,13
437950,0
437951,0
437952,0
437953,0
437954,0
437955,0
437956,0
437957,0
437958,0
437959,0
437960,0
437961,0
437962,0
437963,0
437964,0
437965,0
437966,0
437967,0
437968,0
437969,21
437970,0
437971,12
437972,0
437973,0
437974,0
437975,0
437976,0
437977,20
437978,23
437979,0
437980,15
437981,0
437982,0
437983,0
437984,0
437985,0
437986,12
437987,0
437988,0
437989,25
437990,0
437991,0
437992,0
437993,0
437994,0
437995,0
437996,0
437997,0
437998,0
437999,0
438000,0
438001,0
438002,0
438003,0
438004,0
438005,0
438006,0
438007,16
438008,14
438009,0
438010,0
438011,0
438012,0
438013,20
438014,0
438015,0
438016,0
438017,0
438018,0
438019,0
438020,0
438021,0
438022,0
438023,0
438024,0
438025,0
438026,0
438027,0
438028,15
438029,27
438030,0
438031,0
438032,17
438033,0
438034,0
438035,0
438036,0
438037,0
438038,0
438039,19
438040,0
438041,0
438042,18
438043,0
438044,0
438045,0
438046,0
438047,0
438048,0
438049,0
438050,0
438051,0
438052,0
438053,0
438054,0
438055,16
438056,27
438057,0
438058,0
438059,0
438060,0
438061,0
438062,0
438063,0
438064,21
438065,0
438066,0
438067,0
438068,29
438069,0
438070,27
438071,25
438072,0
438073,0
438074,0
438075,0
438076,0
438077,0
438078,0
438079,26
438080,0
438081,0
438082,0
438083,0
438084,26
438085,22
438086,0
438087,20
438088,17
438089,0
438090,0
438091,0
438092,0
438093,0
438094,0
438095,29
438096,0
438097,0
438098,0
438099,0
438100,13
438101,0
438102,0
438103,0
438104,25
438105,0
438106,0
438107,0
438108,0
438109,16
438110,0
438111,0
438112,0
438113,0
438114,0
438115,0
438116,0
438117,12
438118,0
438119,0
438120,0
438121,0
438122,0
438123,0
438124,0
438125,0
438126,0
438127,0
438128,0
438129,0
438130,0
438131,0
438132,0
438133,19
438134,0
438135,0
438136,0
438137,0
438138,0
438139,0
438140,0
438141,0
438142,0
438143,0
438144,0
438145,20
438146,0
438147,0
438148,0
438149,0
438150,0
438151,0
438152,0
438153,0
438154,0
438155,0
438156,12
438157,0
438158,0
438159,0
438160,0
438161,18
438162,20
438163,0
438164,12
438165,0
438166,21
438167,17
438168,0
438169,15
438170,0
438171,12
438172,0
438173,0
438174,25
438175,0
438176,0
438177,20
438178,0
438179,0
438180,22
438181,0
438182,0
438183,0
438184,0
438185,0
438186,26
438187,0
438188,0
438189,0
438190,0
438191,0
438192,0
438193,18
438194,0
438195,0
438196,24
438197,0
438198,0
438199,0
438200,17
438201,15
438202,0
438203,16
438204,0
438205,0
438206,0
438207,18
438208,0
438209,0
438210,0
438211,0
438212,18
438213,0
438214,7
438215,0
438216,0
438217,0
438218,0
438219,0
438220,16
438221,0
438222,12
438223,0
438224,17
438225,0
438226,0
438227,0
438228,0
438229,0
438230,0
438231,0
438232,0
438233,15
438234,0
438235,0
438236,0
438237,17
438238,0
438239,0
438240,20
438241,0
438242,0
438243,0
438244,0
438245,0
438246,0
438247,0
438248,20
438249,0
438250,14
438251,0
438252,0
438253,0
438254,0
438255,0
438256,0
438257,0
438258,0
438259,0
438260,0
438261,0
438262,17
438263,0
438264,0
438265,0
438266,0
438267,0
438268,0
438269,0
438270,0
438271,22
438272,0
438273,28
438274,0
438275,0
438276,0
438277,0
438278,12
438279,15
438280,0
438281,14
438282,0
438283,0
438284,0
438285,0
438286,0
438287,0
438288,0
438289,0
438290,0
438291,27
438292,0
438293,0
438294,0
438295,21
438296,0
438297,0
438298,0
438299,0
438300,0
438301,0
438302,0
438303,0
438304,0
438305,0
438306,0
438307,0
438308,0
438309,0
438310,0
438311,0
438312,0
438313,0
438314,0
438315,0
438316,0
438317,0
438318,17
438319,0
438320,0
438321,0
438322,0
438323,0
438324,0
438325,0
438326,0
438327,0
438328,0
438329,0
438330,0
438331,0
438332,12
438333,0
438334,0
438335,0
438336,0
438337,0
438338,19
438339,0
438340,0
438341,0
438342,0
438343,0
438344,0
438345,0
438346,0
438347,0
438348,0
438349,0
438350,0
438351,0
438352,0
438353,0
438354,0
438355,14
438356,0
438357,0
438358,0
438359,0
438360,0
438361,25
438362,0
438363,0
438364,0
438365,0
438366,0
438367,0
438368,0
438369,0
438370,0
438371,0
438372,15
438373,13
438374,13
438375,0
438376,0
438377,0
438378,0
438379,0
438380,13
438381,0
438382,0
438383,0
438384,36
438385,0
438386,12
438387,0
438388,0
438389,0
438390,18
438391,0
438392,0
438393,0
438394,0
438395,0
438396,17
438397,12
438398,0
438399,0
438400,0
438401,0
438402,0
438403,0
438404,23
438405,0
438406,0
438407,0
438408,35
438409,10
438410,19
438411,0
438412,0
438413,0
438414,0
438415,0
438416,0
438417,0
438418,32
438419,0
438420,0
438421,0
438422,0
438423,0
438424,0
438425,0
438426,18
438427,30
438428,0
438429,0
438430,0
438431,18
438432,0
438433,0
438434,0
438435,0
438436,0
438437,0
438438,20
438439,0
438440,0
438441,0
438442,13
438443,0
438444,0
438445,0
438446,0
438447,0
438448,12
438449,15
438450,0
438451,0
438452,0
438453,0
438454,0
438455,0
438456,0
438457,0
438458,0
438459,0
438460,13
438461,0
438462,15
438463,0
438464,0
438465,0
438466,5
438467,0
438468,0
438469,21
438470,0
438471,0
438472,0
438473,0
438474,0
438475,0
438476,0
438477,0
438478,0
438479,21
438480,0
438481,0
438482,0
438483,0
438484,0
438485,0
438486,0
438487,0
438488,0
438489,0
438490,0
438491,0
438492,0
438493,0
438494,0
438495,0
438496,0
438497,0
438498,0
438499,0
438500,5
438501,0
438502,0
438503,0
438504,0
438505,0
438506,0
438507,0
438508,0
438509,0
438510,0
438511,0
438512,0
438513,0
438514,0
438515,0
438516,0
438517,0
438518,0
438519,0
438520,0
438521,0
438522,0
438523,0
438524,0
438525,0
438526,0
438527,0
438528,0
438529,0
438530,0
438531,0
438532,9
438533,0
438534,0
438535,0
438536,10
438537,10
438538,0
438539,0
438540,0
438541,0
438542,0
438543,0
438544,0
438545,22
438546,0
438547,0
438548,0
438549,0
438550,0
438551,0
438552,0
438553,0
438554,0
438555,0
438556,0
438557,0
438558,0
438559,0
438560,0
438561,0
438562,0
438563,0
438564,0
438565,0
438566,0
438567,0
438568,0
438569,0
438570,0
438571,0
438572,11
438573,0
438574,0
438575,0
438576,10
438577,0
438578,0
438579,0
438580,0
438581,21
438582,0
438583,0
438584,0
438585,0
438586,0
438587,0
438588,7
438589,0
438590,0
438591,0
438592,0
438593,0
438594,0
438595,0
438596,0
438597,0
438598,0
438599,0
438600,0
438601,0
438602,0
438603,0
438604,0
438605,0
438606,0
438607,0
438608,0
438609,0
438610,0
438611,0
438612,0
438613,10
438614,0
438615,0
438616,0
438617,0
438618,0
438619,0
438620,22
438621,0
438622,0
438623,0
438624,0
438625,0
438626,0
438627,0
438628,18
438629,0
438630,12
438631,0
438632,0
438633,0
438634,0
438635,0
438636,0
438637,0
438638,0
438639,0
438640,0
438641,0
438642,0
438643,0
438644,0
438645,0
438646,0
438647,0
438648,0
438649,0
438650,13
438651,0
438652,0
438653,0
438654,0
438655,11
438656,0
438657,0
438658,0
438659,0
438660,0
438661,10
438662,10
438663,0
438664,0
438665,0
438666,0
438667,0
438668,0
438669,0
438670,0
438671,0
438672,0
438673,0
438674,13
438675,0
438676,0
438677,0
438678,0
438679,0
438680,0
438681,0
438682,0
438683,0
438684,0
438685,0
438686,0
438687,0
438688,0
438689,0
438690,0
438691,0
438692,0
438693,0
438694,15
438695,0
438696,0
438697,0
438698,0
438699,0
438700,0
438701,0
438702,0
438703,0
438704,0
438705,0
438706,0
438707,0
438708,0
438709,0
438710,18
438711,18
438712,0
438713,0
438714,0
438715,0
438716,0
438717,0
438718,0
438719,0
438720,0
438721,0
438722,0
438723,0
438724,0
438725,0
438726,0
438727,0
438728,0
438729,0
438730,0
438731,0
438732,0
438733,0
438734,0
438735,0
438736,0
438737,0
438738,0
438739,0
438740,0
438741,0
438742,0
438743,0
438744,0
438745,0
438746,0
438747,0
438748,0
438749,0
438750,0
438751,0
438752,0
438753,0
438754,20
438755,0
438756,14
438757,0
438758,0
438759,0
438760,0
438761,0
438762,9
438763,0
438764,0
438765,12
438766,0
438767,0
438768,0
438769,0
438770,0
438771,0
438772,0
438773,0
438774,0
438775,0
438776,0
438777,0
438778,0
438779,0
438780,0
438781,0
438782,0
438783,0
438784,0
438785,0
438786,0
438787,0
438788,0
438789,0
438790,0
438791,0
438792,0
438793,0
438794,0
438795,0
438796,0
438797,0
438798,0
438799,0
438800,0
438801,0
438802,0
438803,0
438804,0
438805,0
438806,0
438807,0
438808,0
438809,0
438810,0
438811,0
438812,0
438813,0
438814,0
438815,0
438816,0
438817,0
438818,0
438819,0
438820,15
438821,0
438822,0
438823,0
438824,0
438825,13
438826,0
438827,0
438828,0
438829,0
438830,0
438831,0
438832,0
438833,0
438834,0
438835,0
438836,0
438837,0
438838,0
438839,0
438840,0
438841,0
438842,0
438843,0
438844,0
438845,0
438846,0
438847,0
438848,0
438849,0
438850,0
438851,0
438852,0
438853,0
438854,0
438855,0
438856,0
438857,0
438858,0
438859,14
438860,0
438861,0
438862,0
438863,0
438864,0
438865,0
438866,0
438867,0
438868,0
438869,0
438870,7
438871,16
438872,0
438873,0
438874,0
438875,0
438876,0
438877,0
438878,0
438879,0
438880,0
438881,22
438882,0
438883,19
438884,0
438885,0
438886,0
438887,0
438888,13
438889,0
438890,16
438891,0
438892,0
438893,0
438894,0
438895,0
438896,0
438897,0
438898,0
438899,0
438900,0
438901,0
438902,0
438903,0
438904,0
438905,0
438906,0
438907,0
438908,0
438909,0
438910,0
438911,11
438912,0
438913,0
438914,9
438915,0
438916,0
438917,0
438918,0
438919,0
438920,0
438921,0
438922,0
438923,0
438924,0
438925,0
438926,0
438927,0
438928,0
438929,0
438930,0
438931,0
438932,0
438933,0
438934,0
438935,0
438936,0
438937,0
438938,0
438939,0
438940,0
438941,0
438942,0
438943,0
438944,0
438945,0
438946,0
438947,0
438948,0
438949,0
438950,0
438951,0
438952,0
438953,0
438954,0
438955,0
438956,0
438957,0
438958,0
438959,0
438960,0
438961,0
438962,0
438963,14
438964,0
438965,0
438966,0
438967,10
438968,0
438969,0
438970,0
438971,0
438972,0
438973,0
438974,0
438975,0
438976,0
438977,0
438978,0
438979,0
438980,0
438981,0
438982,0
438983,0
438984,0
438985,0
438986,0
438987,0
438988,0
438989,0
438990,0
438991,0
438992,0
438993,0
438994,0
438995,0
438996,0
438997,0
438998,0
438999,0
439000,0
439001,0
439002,0
439003,13
439004,0
439005,0
439006,0
439007,0
439008,0
439009,9
439010,0
439011,0
439012,0
439013,0
439014,0
439015,0
439016,0
439017,0
439018,0
439019,0
439020,0
439021,0
439022,0
439023,0
439024,0
439025,0
439026,0
439027,14
439028,0
439029,0
439030,0
439031,0
439032,0
439033,0
439034,0
439035,0
439036,0
439037,19
439038,0
439039,0
439040,0
439041,0
439042,0
439043,0
439044,0
439045,0
439046,0
439047,0
439048,0
439049,0
439050,0
439051,0
439052,0
439053,8
439054,0
439055,0
439056,0
439057,0
439058,0
439059,0
439060,0
439061,0
439062,0
439063,0
439064,12
439065,0
439066,0
439067,0
439068,0
439069,0
439070,0
439071,0
439072,0
439073,0
439074,0
439075,0
439076,0
439077,0
439078,0
439079,0
439080,13
439081,0
439082,0
439083,3
439084,0
439085,0
439086,0
439087,7
439088,0
439089,0
439090,0
439091,0
439092,0
439093,0
439094,0
439095,0
439096,0
439097,0
439098,0
439099,0
439100,0
439101,0
439102,0
439103,0
439104,0
439105,0
439106,0
439107,0
439108,0
439109,0
439110,0
439111,11
439112,0
439113,0
439114,0
439115,0
439116,0
439117,0
439118,0
439119,0
439120,0
439121,0
439122,0
439123,0
439124,0
439125,0
439126,0
439127,0
439128,0
439129,0
439130,0
439131,9
439132,16
439133,0
439134,0
439135,0
439136,0
439137,0
439138,0
439139,0
439140,0
439141,0
439142,0
439143,0
439144,0
439145,0
439146,0
439147,0
439148,0
439149,0
439150,0
439151,0
439152,0
439153,0
439154,0
439155,0
439156,0
439157,0
439158,0
439159,0
439160,0
439161,0
439162,0
439163,0
439164,0
439165,0
439166,0
439167,0
439168,0
439169,12
439170,0
439171,0
439172,0
439173,8
439174,0
439175,0
439176,0
439177,0
439178,0
439179,0
439180,0
439181,0
439182,0
439183,0
439184,13
439185,0
439186,0
439187,0
439188,0
439189,0
439190,0
439191,0
439192,0
439193,0
439194,0
439195,0
439196,0
439197,0
439198,0
439199,0
439200,0
439201,0
439202,0
439203,0
439204,17
439205,0
439206,0
439207,0
439208,0
439209,0
439210,0
439211,0
439212,0
439213,0
439214,13
439215,0
439216,0
439217,16
439218,0
439219,0
439220,0
439221,0
439222,0
439223,0
439224,0
439225,0
439226,0
439227,14
439228,0
439229,0
439230,0
439231,0
439232,0
439233,0
439234,0
439235,0
439236,0
439237,14
439238,0
439239,0
439240,0
439241,0
439242,0
439243,0
439244,0
439245,0
439246,0
439247,35
439248,28
439249,0
439250,0
439251,0
439252,0
439253,0
439254,0
439255,0
439256,0
439257,0
439258,0
439259,0
439260,0
439261,0
439262,0
439263,0
439264,0
439265,0
439266,0
439267,0
439268,0
439269,12
439270,0
439271,0
439272,0
439273,0
439274,0
439275,0
439276,15
439277,0
439278,0
439279,0
439280,0
439281,0
439282,26
439283,0
439284,0
439285,0
439286,25
439287,0
439288,0
439289,0
439290,31
439291,0
439292,0
439293,0
439294,0
439295,0
439296,0
439297,0
439298,0
439299,0
439300,0
439301,0
439302,0
439303,0
439304,0
439305,0
439306,0
439307,0
439308,0
439309,0
439310,0
439311,24
439312,0
439313,0
439314,0
439315,0
439316,0
439317,0
439318,0
439319,0
439320,0
439321,0
439322,0
439323,0
439324,23
439325,0
439326,0
439327,32
439328,0
439329,0
439330,0
439331,34
439332,0
439333,43
439334,0
439335,0
439336,0
439337,0
439338,0
439339,0
439340,0
439341,0
439342,0
439343,0
439344,0
439345,0
439346,0
439347,0
439348,0
439349,0
439350,0
439351,0
439352,0
439353,0
439354,26
439355,0
439356,0
439357,16
439358,0
439359,0
439360,0
439361,0
439362,0
439363,0
439364,0
439365,0
439366,0
439367,0
439368,0
439369,0
439370,0
439371,0
439372,0
439373,0
439374,18
439375,0
439376,0
439377,0
439378,0
439379,0
439380,0
439381,0
439382,0
439383,0
439384,0
439385,0
439386,0
439387,0
439388,0
439389,0
439390,0
439391,0
439392,38
439393,0
439394,0
439395,0
439396,0
439397,0
439398,0
439399,0
439400,0
439401,0
439402,0
439403,28
439404,0
439405,0
439406,33
439407,0
439408,0
439409,0
439410,0
439411,0
439412,0
439413,0
439414,32
439415,0
439416,0
439417,0
439418,23
439419,0
439420,0
439421,0
439422,0
439423,0
439424,0
439425,0
439426,0
439427,33
439428,0
439429,0
439430,14
439431,0
439432,0
439433,23
439434,0
439435,0
439436,0
439437,0
439438,0
439439,0
439440,0
439441,0
439442,0
439443,20
439444,0
439445,33
439446,0
439447,0
439448,0
439449,0
439450,0
439451,0
439452,0
439453,0
439454,0
439455,0
439456,0
439457,0
439458,0
439459,30
439460,25
439461,0
439462,0
439463,0
439464,0
439465,0
439466,0
439467,0
439468,0
439469,0
439470,0
439471,0
439472,0
439473,0
439474,0
439475,0
439476,0
439477,0
439478,0
439479,0
439480,0
439481,0
439482,0
439483,0
439484,23
439485,0
439486,0
439487,0
439488,0
439489,0
439490,0
439491,0
439492,0
439493,0
439494,0
439495,0
439496,0
439497,0
439498,0
439499,0
439500,0
439501,0
439502,0
439503,34
439504,0
439505,0
439506,0
439507,0
439508,0
439509,26
439510,0
439511,0
439512,0
439513,33
439514,0
439515,0
439516,27
439517,0
439518,0
439519,0
439520,0
439521,0
439522,0
439523,20
439524,0
439525,0
439526,0
439527,0
439528,37
439529,0
439530,0
439531,0
439532,0
439533,0
439534,0
439535,0
439536,0
439537,0
439538,0
439539,0
439540,0
439541,28
439542,0
439543,0
439544,0
439545,0
439546,0
439547,0
439548,0
439549,0
439550,0
439551,0
439552,0
439553,0
439554,0
439555,0
439556,0
439557,0
439558,0
439559,0
439560,0
439561,0
439562,22
439563,0
439564,0
439565,31
439566,0
439567,0
439568,31
439569,0
439570,0
439571,0
439572,0
439573,0
439574,0
439575,0
439576,0
439577,33
439578,0
439579,0
439580,0
439581,0
439582,0
439583,0
439584,0
439585,0
439586,0
439587,0
439588,0
439589,0
439590,0
439591,0
439592,0
439593,0
439594,0
439595,0
439596,0
439597,0
439598,0
439599,0
439600,0
439601,0
439602,0
439603,0
439604,0
439605,0
439606,0
439607,0
439608,0
439609,0
439610,0
439611,0
439612,0
439613,0
439614,0
439615,0
439616,0
439617,0
439618,0
439619,0
439620,0
439621,0
439622,0
439623,0
439624,0
439625,0
439626,0
439627,0
439628,0
439629,0
439630,0
439631,29
439632,38
439633,0
439634,0
439635,0
439636,0
439637,0
439638,0
439639,0
439640,0
439641,0
439642,9
439643,0
439644,12
439645,0
439646,0
439647,0
439648,0
439649,29
439650,0
439651,43
439652,0
439653,0
439654,0
439655,0
439656,0
439657,0
439658,0
439659,0
439660,14
439661,0
439662,0
439663,0
439664,0
439665,0
439666,0
439667,0
439668,0
439669,0
439670,26
439671,0
439672,0
439673,0
439674,0
439675,0
439676,0
439677,0
439678,0
439679,0
439680,0
439681,0
439682,0
439683,0
439684,0
439685,0
439686,0
439687,0
439688,0
439689,0
439690,0
439691,0
439692,0
439693,0
439694,0
439695,34
439696,0
439697,0
439698,0
439699,0
439700,0
439701,18
439702,0
439703,31
439704,0
439705,0
439706,0
439707,18
439708,0
439709,0
439710,0
439711,0
439712,0
439713,32
439714,0
439715,17
439716,0
439717,0
439718,0
439719,0
439720,0
439721,0
439722,0
439723,0
439724,29
439725,0
439726,20
439727,0
439728,0
439729,0
439730,0
439731,0
439732,0
439733,0
439734,0
439735,32
439736,0
439737,0
439738,0
439739,31
439740,0
439741,0
439742,0
439743,0
439744,0
439745,0
439746,20
439747,0
439748,0
439749,0
439750,0
439751,0
439752,0
439753,0
439754,0
439755,0
439756,0
439757,0
439758,0
439759,0
439760,0
439761,0
439762,0
439763,0
439764,0
439765,0
439766,0
439767,22
439768,0
439769,0
439770,0
439771,0
439772,0
439773,0
439774,0
439775,0
439776,0
439777,0
439778,0
439779,0
439780,0
439781,0
439782,0
439783,0
439784,0
439785,0
439786,28
439787,0
439788,0
439789,26
439790,0
439791,0
439792,0
439793,0
439794,0
439795,0
439796,0
439797,0
439798,0
439799,0
439800,0
439801,0
439802,0
439803,0
439804,0
439805,0
439806,0
439807,0
439808,0
439809,0
439810,0
439811,0
439812,0
439813,0
439814,0
439815,0
439816,0
439817,0
439818,0
439819,0
439820,0
439821,0
439822,0
439823,0
439824,0
439825,0
439826,0
439827,0
439828,0
439829,0
439830,0
439831,26
439832,0
439833,0
439834,0
439835,28
439836,0
439837,0
439838,0
439839,0
439840,0
439841,0
439842,0
439843,27
439844,19
439845,0
439846,0
439847,0
439848,0
439849,0
439850,0
439851,0
439852,0
439853,0
439854,0
439855,0
439856,0
439857,0
439858,0
439859,0
439860,0
439861,36
439862,0
439863,0
439864,0
439865,0
439866,0
439867,0
439868,0
439869,0
439870,0
439871,0
439872,0
439873,0
439874,0
439875,0
439876,0
439877,0
439878,0
439879,0
439880,27
439881,0
439882,0
439883,0
439884,0
439885,0
439886,0
439887,0
439888,0
439889,0
439890,0
439891,0
439892,0
439893,0
439894,0
439895,0
439896,0
439897,0
439898,0
439899,3
439900,0
439901,0
439902,0
439903,0
439904,0
439905,0
439906,0
439907,0
439908,0
439909,0
439910,0
439911,0
439912,0
439913,0
439914,0
439915,9
439916,0
439917,0
439918,0
439919,0
439920,0
439921,7
439922,0
439923,0
439924,0
439925,0
439926,10
439927,0
439928,0
439929,0
439930,0
439931,0
439932,0
439933,0
439934,8
439935,10
439936,0
439937,0
439938,14
439939,0
439940,0
439941,0
439942,7
439943,0
439944,0
439945,0
439946,0
439947,0
439948,0
439949,0
439950,0
439951,0
439952,0
439953,0
439954,0
439955,0
439956,7
439957,7
439958,0
439959,0
439960,0
439961,0
439962,0
439963,0
439964,0
439965,0
439966,0
439967,0
439968,8
439969,0
439970,0
439971,0
439972,20
439973,13
439974,0
439975,0
439976,0
439977,0
439978,0
439979,0
439980,0
439981,0
439982,0
439983,0
439984,0
439985,0
439986,0
439987,0
439988,0
439989,0
439990,0
439991,9
439992,15
439993,12
439994,0
439995,0
439996,0
439997,18
439998,0
439999,0
440000,0
440001,8
440002,0
440003,0
440004,0
440005,0
440006,21
440007,23
440008,0
440009,0
440010,0
440011,0
440012,0
440013,0
440014,0
440015,0
440016,0
440017,0
440018,0
440019,0
440020,0
440021,32
440022,0
440023,13
440024,0
440025,0
440026,0
440027,0
440028,29
440029,12
440030,0
440031,31
440032,26
440033,0
440034,23
440035,0
440036,0
440037,0
440038,16
440039,0
440040,0
440041,19
440042,23
440043,23
440044,0
440045,0
440046,0
440047,0
440048,0
440049,0
440050,0
440051,0
440052,0
440053,0
440054,0
440055,0
440056,0
440057,0
440058,24
440059,0
440060,0
440061,0
440062,0
440063,0
440064,21
440065,0
440066,0
440067,0
440068,0
440069,0
440070,20
440071,0
440072,0
440073,0
440074,0
440075,0
440076,0
440077,0
440078,0
440079,0
440080,0
440081,0
440082,0
440083,0
440084,0
440085,0
440086,21
440087,25
440088,0
440089,0
440090,0
440091,0
440092,0
440093,0
440094,0
440095,0
440096,0
440097,14
440098,0
440099,0
440100,0
440101,17
440102,27
440103,0
440104,0
440105,0
440106,0
440107,0
440108,9
440109,0
440110,0
440111,0
440112,22
440113,0
440114,0
440115,0
440116,0
440117,0
440118,0
440119,0
440120,0
440121,0
440122,0
440123,0
440124,25
440125,0
440126,0
440127,0
440128,28
440129,0
440130,0
440131,0
440132,0
440133,32
440134,0
440135,0
440136,18
440137,0
440138,24
440139,0
440140,14
440141,23
440142,0
440143,0
440144,0
440145,0
440146,31
440147,0
440148,0
440149,20
440150,0
440151,21
440152,14
440153,11
440154,0
440155,24
440156,14
440157,0
440158,15
440159,0
440160,17
440161,0
440162,0
440163,0
440164,0
440165,0
440166,0
440167,32
440168,0
440169,0
440170,0
440171,14
440172,0
440173,0
440174,0
440175,42
440176,0
440177,0
440178,0
440179,0
440180,0
440181,0
440182,0
440183,0
440184,0
440185,0
440186,0
440187,0
440188,0
440189,0
440190,0
440191,0
440192,0
440193,0
440194,0
440195,0
440196,0
440197,23
440198,0
440199,0
440200,0
440201,0
440202,8
440203,0
440204,38
440205,0
440206,0
440207,17
440208,0
440209,19
440210,22
440211,0
440212,0
440213,0
440214,0
440215,0
440216,0
440217,0
440218,0
440219,0
440220,36
440221,0
440222,18
440223,19
440224,0
440225,0
440226,0
440227,0
440228,0
440229,0
440230,0
440231,0
440232,0
440233,0
440234,0
440235,0
440236,0
440237,0
440238,0
440239,24
440240,0
440241,0
440242,0
440243,0
440244,0
440245,14
440246,0
440247,0
440248,14
440249,0
440250,0
440251,0
440252,0
440253,0
440254,0
440255,0
440256,0
440257,0
440258,0
440259,0
440260,0
440261,0
440262,0
440263,0
440264,0
440265,22
440266,0
440267,0
440268,15
440269,0
440270,0
440271,8
440272,0
440273,0
440274,0
440275,0
440276,0
440277,0
440278,0
440279,26
440280,0
440281,23
440282,0
440283,0
440284,0
440285,0
440286,0
440287,0
440288,0
440289,0
440290,0
440291,0
440292,0
440293,0
440294,0
440295,0
440296,11
440297,0
440298,0
440299,0
440300,0
440301,11
440302,30
440303,0
440304,0
440305,0
440306,25
440307,0
440308,0
440309,0
440310,0
440311,0
440312,0
440313,0
440314,0
440315,0
440316,0
440317,18
440318,16
440319,0
440320,19
440321,0
440322,0
440323,0
440324,0
440325,0
440326,0
440327,0
440328,0
440329,14
440330,23
440331,20
440332,0
440333,0
440334,21
440335,0
440336,0
440337,31
440338,9
440339,0
440340,0
440341,0
440342,0
440343,23
440344,0
440345,32
440346,0
440347,0
440348,22
440349,0
440350,0
440351,0
440352,0
440353,0
440354,0
440355,0
440356,0
440357,0
440358,0
440359,31
440360,0
440361,0
440362,0
440363,0
440364,0
440365,0
440366,29
440367,0
440368,0
440369,14
440370,0
440371,22
440372,0
440373,0
440374,0
440375,0
440376,0
440377,0
440378,0
440379,0
440380,21
440381,0
440382,0
440383,24
440384,0
440385,0
440386,0
440387,0
440388,0
440389,0
440390,0
440391,0
440392,0
440393,0
440394,0
440395,11
440396,18
440397,10
440398,25
440399,0
440400,0
440401,26
440402,0
440403,0
440404,0
440405,0
440406,0
440407,0
440408,0
440409,0
440410,0
440411,0
440412,0
440413,17
440414,0
440415,0
440416,0
440417,28
440418,0
440419,15
440420,19
440421,0
440422,0
440423,0
440424,0
440425,0
440426,0
440427,0
440428,0
440429,0
440430,0
440431,0
440432,20
440433,0
440434,0
440435,0
440436,0
440437,0
440438,18
440439,0
440440,0
440441,28
440442,0
440443,0
440444,0
440445,27
440446,0
440447,0
440448,0
440449,0
440450,0
440451,0
440452,27
440453,30
440454,0
440455,0
440456,0
440457,20
440458,34
440459,0
440460,0
440461,0
440462,24
440463,12
440464,0
440465,0
440466,0
440467,28
440468,24
440469,0
440470,0
440471,28
440472,24
440473,0
440474,0
440475,0
440476,0
440477,38
440478,0
440479,0
440480,21
440481,0
440482,0
440483,23
440484,13
440485,0
440486,0
440487,15
440488,0
440489,0
440490,16
440491,0
440492,31
440493,0
440494,0
440495,0
440496,0
440497,0
440498,0
440499,0
440500,0
440501,0
440502,17
440503,0
440504,22
440505,0
440506,0
440507,0
440508,0
440509,24
440510,0
440511,0
440512,0
440513,0
440514,0
440515,0
440516,0
440517,0
440518,0
440519,0
440520,20
440521,0
440522,0
440523,0
440524,0
440525,19
440526,0
440527,0
440528,0
440529,0
440530,16
440531,17
440532,0
440533,0
440534,0
440535,0
440536,0
440537,0
440538,0
440539,0
440540,16
440541,0
440542,0
440543,0
440544,0
440545,0
440546,27
440547,0
440548,0
440549,0
440550,0
440551,0
440552,0
440553,25
440554,0
440555,14
440556,16
440557,0
440558,0
440559,0
440560,0
440561,0
440562,0
440563,0
440564,26
440565,0
440566,0
440567,0
440568,0
440569,0
440570,0
440571,0
440572,0
440573,0
440574,0
440575,0
440576,0
440577,0
440578,0
440579,0
440580,0
440581,0
440582,0
440583,0
440584,0
440585,31
440586,0
440587,23
440588,0
440589,17
440590,0
440591,16
440592,19
440593,0
440594,0
440595,23
440596,0
440597,0
440598,0
440599,22
440600,0
440601,0
440602,0
440603,0
440604,0
440605,0
440606,23
440607,0
440608,0
440609,18
440610,33
440611,0
440612,27
440613,0
440614,0
440615,0
440616,0
440617,0
440618,0
440619,0
440620,13
440621,0
440622,0
440623,0
440624,18
440625,0
440626,0
440627,0
440628,0
440629,27
440630,24
440631,0
440632,0
440633,0
440634,13
440635,35
440636,23
440637,0
440638,19
440639,0
440640,0
440641,0
440642,0
440643,0
440644,27
440645,0
440646,0
440647,0
440648,0
440649,0
440650,20
440651,15
440652,35
440653,0
440654,0
440655,10
440656,0
440657,23
440658,14
440659,0
440660,0
440661,0
440662,0
440663,0
440664,0
440665,21
440666,0
440667,28
440668,0
440669,0
440670,0
440671,0
440672,25
440673,0
440674,21
440675,29
440676,0
440677,24
440678,0
440679,0
440680,0
440681,0
440682,0
440683,0
440684,0
440685,0
440686,21
440687,0
440688,0
440689,0
440690,0
440691,0
440692,0
440693,0
440694,0
440695,0
440696,0
440697,0
440698,0
440699,0
440700,0
440701,0
440702,0
440703,0
440704,0
440705,0
440706,0
440707,0
440708,0
440709,0
440710,0
440711,0
440712,0
440713,0
440714,0
440715,0
440716,0
440717,0
440718,0
440719,0
440720,0
440721,0
440722,0
440723,0
440724,0
440725,0
440726,0
440727,0
440728,0
440729,0
440730,0
440731,0
440732,0
440733,0
440734,0
440735,0
440736,0
440737,0
440738,0
440739,0
440740,0
440741,0
440742,0
440743,0
440744,0
440745,0
440746,0
440747,0
440748,0
440749,0
440750,0
440751,0
440752,0
440753,0
440754,0
440755,0
440756,0
440757,0
440758,0
440759,0
440760,0
440761,0
440762,0
440763,0
440764,0
440765,0
440766,0
440767,0
440768,0
440769,0
440770,0
440771,0
440772,0
440773,0
440774,0
440775,0
440776,0
440777,0
440778,0
440779,0
440780,0
440781,0
440782,0
440783,0
440784,0
440785,0
440786,0
440787,0
440788,0
440789,0
440790,0
440791,0
440792,0
440793,0
440794,0
440795,0
440796,0
440797,0
440798,0
440799,0
440800,0
440801,0
440802,0
440803,0
440804,0
440805,0
440806,0
440807,0
440808,0
440809,0
440810,0
440811,0
440812,0
440813,0
440814,0
440815,0
440816,0
440817,0
440818,0
440819,0
440820,0
440821,0
440822,0
440823,0
440824,0
440825,29
440826,0
440827,0
440828,0
440829,0
440830,0
440831,0
440832,0
440833,0
440834,0
440835,24
440836,0
440837,0
440838,0
440839,30
440840,0
440841,0
440842,0
440843,38
440844,0
440845,0
440846,0
440847,0
440848,33
440849,0
440850,0
440851,0
440852,42
440853,0
440854,0
440855,0
440856,20
440857,0
440858,0
440859,0
440860,0
440861,0
440862,0
440863,0
440864,0
440865,0
440866,0
440867,0
440868,31
440869,0
440870,0
440871,0
440872,0
440873,0
440874,0
440875,46
440876,43
440877,0
440878,0
440879,0
440880,0
440881,0
440882,0
440883,0
440884,0
440885,0
440886,0
440887,0
440888,0
440889,0
440890,0
440891,0
440892,0
440893,0
440894,0
440895,0
440896,0
440897,0
440898,0
440899,0
440900,0
440901,0
440902,0
440903,19
440904,0
440905,0
440906,0
440907,38
440908,22
440909,0
440910,37
440911,0
440912,0
440913,0
440914,0
440915,0
440916,52
440917,0
440918,0
440919,0
440920,39
440921,0
440922,0
440923,0
440924,0
440925,0
440926,44
440927,42
440928,0
440929,0
440930,43
440931,0
440932,31
440933,0
440934,43
440935,0
440936,0
440937,0
440938,0
440939,0
440940,0
440941,0
440942,0
440943,0
440944,0
440945,0
440946,0
440947,0
440948,42
440949,30
440950,0
440951,31
440952,0
440953,0
440954,0
440955,0
440956,57
440957,0
440958,0
440959,0
440960,0
440961,0
440962,0
440963,0
440964,56
440965,0
440966,0
440967,30
440968,0
440969,0
440970,0
440971,0
440972,0
440973,0
440974,29
440975,0
440976,42
440977,0
440978,0
440979,0
440980,0
440981,0
440982,0
440983,0
440984,0
440985,0
440986,0
440987,0
440988,0
440989,0
440990,0
440991,0
440992,0
440993,0
440994,0
440995,41
440996,0
440997,0
440998,0
440999,0
441000,0
441001,0
441002,0
441003,0
441004,0
441005,0
441006,0
441007,0
441008,38
441009,0
441010,0
441011,0
441012,34
441013,0
441014,0
441015,0
441016,0
441017,0
441018,0
441019,0
441020,0
441021,0
441022,0
441023,0
441024,0
441025,0
441026,0
441027,0
441028,0
441029,0
441030,30
441031,26
441032,0
441033,32
441034,40
441035,0
441036,0
441037,0
441038,0
441039,0
441040,0
441041,0
441042,58
441043,0
441044,35
441045,45
441046,46
441047,48
441048,0
441049,0
441050,43
441051,0
441052,0
441053,0
441054,0
441055,0
441056,33
441057,0
441058,0
441059,0
441060,0
441061,0
441062,38
441063,0
441064,0
441065,0
441066,0
441067,0
441068,0
441069,0
441070,0
441071,0
441072,0
441073,34
441074,0
441075,42
441076,40
441077,0
441078,0
441079,44
441080,0
441081,0
441082,42
441083,0
441084,0
441085,0
441086,47
441087,0
441088,0
441089,0
441090,0
441091,34
441092,0
441093,0
441094,0
441095,0
441096,0
441097,51
441098,0
441099,26
441100,47
441101,0
441102,0
441103,34
441104,0
441105,50
441106,33
441107,0
441108,0
441109,41
441110,35
441111,37
441112,0
441113,0
441114,0
441115,0
441116,0
441117,0
441118,0
441119,0
441120,0
441121,27
441122,49
441123,0
441124,0
441125,0
441126,54
441127,0
441128,23
441129,29
441130,0
441131,0
441132,0
441133,0
441134,41
441135,0
441136,0
441137,0
441138,35
441139,35
441140,0
441141,0
441142,0
441143,0
441144,0
441145,0
441146,0
441147,28
441148,37
441149,0
441150,35
441151,0
441152,0
441153,0
441154,0
441155,0
441156,0
441157,34
441158,0
441159,0
441160,0
441161,0
441162,0
441163,0
441164,0
441165,33
441166,0
441167,0
441168,0
441169,0
441170,0
441171,0
441172,0
441173,0
441174,49
441175,0
441176,0
441177,48
441178,0
441179,0
441180,0
441181,0
441182,44
441183,0
441184,0
441185,0
441186,0
441187,0
441188,0
441189,0
441190,0
441191,0
441192,0
441193,0
441194,52
441195,51
441196,0
441197,0
441198,0
441199,0
441200,0
441201,0
441202,0
441203,0
441204,0
441205,0
441206,0
441207,0
441208,0
441209,0
441210,0
441211,0
441212,27
441213,0
441214,0
441215,0
441216,0
441217,46
441218,0
441219,0
441220,0
441221,0
441222,0
441223,0
441224,0
441225,0
441226,0
441227,24
441228,41
441229,0
441230,0
441231,34
441232,31
441233,53
441234,0
441235,41
441236,0
441237,33
441238,0
441239,0
441240,20
441241,0
441242,34
441243,0
441244,0
441245,0
441246,0
441247,31
441248,40
441249,0
441250,0
441251,62
441252,0
441253,47
441254,0
441255,0
441256,0
441257,56
441258,0
441259,41
441260,0
441261,0
441262,37
441263,0
441264,0
441265,0
441266,0
441267,0
441268,0
441269,0
441270,39
441271,0
441272,0
441273,53
441274,0
441275,0
441276,0
441277,0
441278,43
441279,0
441280,0
441281,0
441282,37
441283,0
441284,0
441285,0
441286,49
441287,0
441288,0
441289,0
441290,0
441291,0
441292,0
441293,0
441294,0
441295,0
441296,0
441297,0
441298,0
441299,0
441300,0
441301,0
441302,40
441303,0
441304,40
441305,39
441306,0
441307,0
441308,39
441309,0
441310,40
441311,0
441312,28
441313,54
441314,38
441315,0
441316,21
441317,0
441318,0
441319,0
441320,33
441321,0
441322,0
441323,27
441324,0
441325,0
441326,18
441327,0
441328,0
441329,0
441330,44
441331,38
441332,0
441333,0
441334,0
441335,0
441336,48
441337,0
441338,0
441339,41
441340,0
441341,0
441342,23
441343,49
441344,22
441345,0
441346,0
441347,38
441348,0
441349,0
441350,31
441351,0
441352,0
441353,0
441354,0
441355,0
441356,0
441357,0
441358,32
441359,0
441360,0
441361,0
441362,0
441363,0
441364,0
441365,0
441366,47
441367,0
441368,0
441369,43
441370,0
441371,40
441372,44
441373,38
441374,0
441375,35
441376,34
441377,38
441378,0
441379,0
441380,0
441381,0
441382,0
441383,0
441384,0
441385,0
441386,0
441387,41
441388,33
441389,0
441390,0
441391,0
441392,46
441393,0
441394,0
441395,38
441396,0
441397,0
441398,0
441399,32
441400,0
441401,0
441402,0
441403,0
441404,0
441405,0
441406,0
441407,38
441408,0
441409,36
441410,61
441411,0
441412,52
441413,34
441414,0
441415,0
441416,0
441417,0
441418,56
441419,0
441420,0
441421,0
441422,0
441423,0
441424,0
441425,0
441426,38
441427,0
441428,34
441429,0
441430,0
441431,33
441432,0
441433,0
441434,0
441435,0
441436,27
441437,0
441438,0
441439,35
441440,0
441441,0
441442,0
441443,0
441444,0
441445,0
441446,0
441447,0
441448,0
441449,51
441450,42
441451,27
441452,22
441453,37
441454,0
441455,0
441456,0
441457,0
441458,46
441459,43
441460,0
441461,0
441462,0
441463,0
441464,0
441465,0
441466,0
441467,0
441468,28
441469,0
441470,33
441471,0
441472,0
441473,0
441474,0
441475,0
441476,0
441477,0
441478,0
441479,0
441480,0
441481,41
441482,32
441483,0
441484,0
441485,44
441486,52
441487,0
441488,0
441489,0
441490,0
441491,50
441492,0
441493,0
441494,0
441495,0
441496,0
441497,0
441498,54
441499,0
441500,0
441501,0
441502,0
441503,0
441504,36
441505,0
441506,0
441507,0
441508,0
441509,0
441510,29
441511,34
441512,0
441513,0
441514,0
441515,0
441516,38
441517,27
441518,0
441519,0
441520,0
441521,0
441522,0
441523,0
441524,36
441525,42
441526,0
441527,31
441528,0
441529,0
441530,0
441531,0
441532,0
441533,0
441534,34
441535,0
441536,0
441537,0
441538,42
441539,0
441540,0
441541,41
441542,0
441543,0
441544,0
441545,26
441546,0
441547,0
441548,0
441549,0
441550,0
441551,0
441552,0
441553,0
441554,26
441555,0
441556,0
441557,35
441558,0
441559,0
441560,0
441561,0
441562,0
441563,32
441564,42
441565,0
441566,0
441567,0
441568,0
441569,0
441570,24
441571,0
441572,0
441573,0
441574,0
441575,0
441576,0
441577,0
441578,0
441579,0
441580,42
441581,0
441582,27
441583,0
441584,48
441585,25
441586,0
441587,0
441588,0
441589,0
441590,0
441591,0
441592,0
441593,0
441594,31
441595,0
441596,0
441597,0
441598,0
441599,0
441600,0
441601,0
441602,41
441603,30
441604,0
441605,37
441606,0
441607,31
441608,0
441609,0
441610,0
441611,0
441612,0
441613,0
441614,0
441615,0
441616,0
441617,30
441618,38
441619,0
441620,0
441621,0
441622,29
441623,0
441624,28
441625,0
441626,0
441627,0
441628,25
441629,0
441630,41
441631,0
441632,34
441633,46
441634,37
441635,0
441636,0
441637,0
441638,0
441639,33
441640,0
441641,0
441642,0
441643,0
441644,0
441645,0
441646,35
441647,0
441648,0
441649,0
441650,0
441651,0
441652,0
441653,27
441654,45
441655,0
441656,0
441657,0
441658,36
441659,0
441660,43
441661,0
441662,48
441663,0
441664,0
441665,0
441666,0
441667,0
441668,0
441669,43
441670,0
441671,0
441672,0
441673,0
441674,0
441675,0
441676,49
441677,36
441678,36
441679,0
441680,0
441681,0
441682,0
441683,0
441684,30
441685,0
441686,0
441687,0
441688,0
441689,0
441690,0
441691,44
441692,0
441693,0
441694,0
441695,0
441696,0
441697,0
441698,0
441699,0
441700,0
441701,0
441702,0
441703,0
441704,0
441705,36
441706,37
441707,0
441708,21
441709,23
441710,0
441711,53
441712,0
441713,0
441714,0
441715,0
441716,51
441717,39
441718,0
441719,0
441720,0
441721,0
441722,39
441723,0
441724,0
441725,0
441726,0
441727,0
441728,0
441729,0
441730,0
441731,0
441732,0
441733,0
441734,45
441735,41
441736,32
441737,26
441738,0
441739,20
441740,0
441741,0
441742,0
441743,0
441744,0
441745,38
441746,0
441747,48
441748,0
441749,0
441750,0
441751,0
441752,0
441753,0
441754,0
441755,37
441756,0
441757,0
441758,0
441759,24
441760,0
441761,0
441762,32
441763,30
441764,45
441765,0
441766,48
441767,32
441768,0
441769,0
441770,31
441771,37
441772,0
441773,0
441774,0
441775,0
441776,0
441777,0
441778,0
441779,40
441780,0
441781,0
441782,0
441783,0
441784,0
441785,0
441786,46
441787,0
441788,0
441789,0
441790,0
441791,31
441792,39
441793,45
441794,0
441795,0
441796,0
441797,0
441798,0
441799,28
441800,29
441801,0
441802,0
441803,0
441804,0
441805,0
441806,0
441807,0
441808,0
441809,0
441810,44
441811,0
441812,0
441813,50
441814,0
441815,0
441816,34
441817,35
441818,0
441819,46
441820,0
441821,32
441822,0
441823,0
441824,39
441825,0
441826,43
441827,40
441828,0
441829,41
441830,0
441831,0
441832,0
441833,41
441834,32
441835,0
441836,36
441837,0
441838,31
441839,31
441840,0
441841,0
441842,0
441843,0
441844,0
441845,41
441846,0
441847,0
441848,0
441849,0
441850,0
441851,0
441852,0
441853,0
441854,39
441855,0
441856,0
441857,0
441858,0
441859,0
441860,45
441861,0
441862,39
441863,37
441864,0
441865,0
441866,0
441867,0
441868,0
441869,37
441870,0
441871,0
441872,24
441873,0
441874,0
441875,0
441876,0
441877,0
441878,0
441879,0
441880,34
441881,0
441882,0
441883,0
441884,36
441885,0
441886,0
441887,28
441888,0
441889,0
441890,37
441891,33
441892,35
441893,42
441894,0
441895,45
441896,33
441897,0
441898,40
441899,48
441900,0
441901,0
441902,0
441903,29
441904,0
441905,0
441906,0
441907,0
441908,0
441909,0
441910,0
441911,0
441912,0
441913,0
441914,0
441915,0
441916,0
441917,0
441918,43
441919,0
441920,0
441921,0
441922,0
441923,0
441924,38
441925,0
441926,0
441927,0
441928,0
441929,28
441930,0
441931,0
441932,0
441933,33
441934,0
441935,0
441936,0
441937,0
441938,0
441939,0
441940,0
441941,0
441942,0
441943,0
441944,0
441945,0
441946,0
441947,0
441948,27
441949,0
441950,0
441951,32
441952,31
441953,0
441954,0
441955,0
441956,0
441957,0
441958,0
441959,45
441960,0
441961,0
441962,0
441963,0
441964,43
441965,29
441966,0
441967,0
441968,53
441969,0
441970,0
441971,16
441972,0
441973,41
441974,0
441975,0
441976,31
441977,34
441978,0
441979,0
441980,35
441981,0
441982,0
441983,0
441984,0
441985,40
441986,0
441987,0
441988,0
441989,44
441990,0
441991,0
441992,0
441993,0
441994,30
441995,0
441996,0
441997,0
441998,0
441999,0
442000,0
442001,0
442002,28
442003,0
442004,0
442005,0
442006,0
442007,0
442008,35
442009,0
442010,0
442011,0
442012,0
442013,0
442014,0
442015,43
442016,32
442017,24
442018,36
442019,0
442020,60
442021,39
442022,0
442023,0
442024,21
442025,0
442026,57
442027,0
442028,32
442029,0
442030,0
442031,0
442032,34
442033,39
442034,0
442035,0
442036,0
442037,0
442038,0
442039,0
442040,0
442041,44
442042,0
442043,0
442044,43
442045,0
442046,0
442047,0
442048,34
442049,0
442050,36
442051,0
442052,0
442053,0
442054,48
442055,31
442056,37
442057,0
442058,0
442059,34
442060,0
442061,48
442062,0
442063,0
442064,0
442065,0
442066,0
442067,0
442068,32
442069,0
442070,0
442071,0
442072,15
442073,0
442074,0
442075,9
442076,0
442077,0
442078,0
442079,0
442080,0
442081,0
442082,12
442083,0
442084,0
442085,0
442086,0
442087,12
442088,0
442089,0
442090,0
442091,0
442092,0
442093,0
442094,13
442095,0
442096,11
442097,0
442098,0
442099,0
442100,15
442101,0
442102,0
442103,0
442104,0
442105,0
442106,12
442107,0
442108,0
442109,0
442110,0
442111,0
442112,0
442113,0
442114,0
442115,0
442116,0
442117,11
442118,8
442119,0
442120,0
442121,0
442122,17
442123,12
442124,0
442125,20
442126,0
442127,0
442128,15
442129,0
442130,7
442131,0
442132,0
442133,0
442134,17
442135,0
442136,0
442137,0
442138,0
442139,0
442140,10
442141,0
442142,0
442143,0
442144,0
442145,0
442146,0
442147,0
442148,15
442149,0
442150,10
442151,0
442152,0
442153,0
442154,0
442155,0
442156,0
442157,0
442158,0
442159,0
442160,0
442161,0
442162,0
442163,0
442164,0
442165,0
442166,0
442167,0
442168,0
442169,0
442170,0
442171,0
442172,0
442173,0
442174,0
442175,0
442176,0
442177,0
442178,0
442179,9
442180,0
442181,0
442182,0
442183,0
442184,0
442185,11
442186,0
442187,0
442188,0
442189,0
442190,0
442191,0
442192,0
442193,0
442194,0
442195,11
442196,11
442197,0
442198,0
442199,0
442200,0
442201,0
442202,0
442203,0
442204,0
442205,0
442206,9
442207,0
442208,0
442209,0
442210,0
442211,0
442212,0
442213,0
442214,0
442215,17
442216,0
442217,0
442218,13
442219,0
442220,0
442221,0
442222,13
442223,24
442224,0
442225,16
442226,0
442227,0
442228,0
442229,18
442230,9
442231,0
442232,0
442233,0
442234,0
442235,0
442236,0
442237,0
442238,13
442239,16
442240,0
442241,11
442242,5
442243,0
442244,0
442245,0
442246,16
442247,0
442248,0
442249,23
442250,14
442251,0
442252,0
442253,0
442254,0
442255,0
442256,0
442257,21
442258,0
442259,0
442260,16
442261,13
442262,0
442263,0
442264,0
442265,0
442266,0
442267,0
442268,15
442269,0
442270,18
442271,0
442272,0
442273,0
442274,9
442275,0
442276,0
442277,0
442278,0
442279,13
442280,12
442281,0
442282,18
442283,0
442284,0
442285,0
442286,0
442287,0
442288,0
442289,0
442290,16
442291,0
442292,17
442293,0
442294,11
442295,16
442296,0
442297,0
442298,14
442299,7
442300,12
442301,0
442302,0
442303,0
442304,0
442305,0
442306,9
442307,0
442308,0
442309,0
442310,0
442311,13
442312,0
442313,13
442314,0
442315,12
442316,14
442317,0
442318,0
442319,0
442320,0
442321,0
442322,0
442323,0
442324,15
442325,0
442326,0
442327,0
442328,0
442329,0
442330,18
442331,0
442332,0
442333,10
442334,0
442335,0
442336,0
442337,13
442338,10
442339,0
442340,13
442341,0
442342,0
442343,12
442344,0
442345,0
442346,0
442347,19
442348,0
442349,0
442350,0
442351,0
442352,0
442353,0
442354,0
442355,0
442356,13
442357,11
442358,0
442359,0
442360,6
442361,0
442362,0
442363,0
442364,0
442365,0
442366,11
442367,0
442368,0
442369,0
442370,8
442371,0
442372,0
442373,0
442374,0
442375,0
442376,0
442377,11
442378,0
442379,0
442380,0
442381,6
442382,0
442383,0
442384,0
442385,0
442386,14
442387,14
442388,13
442389,18
442390,0
442391,0
442392,0
442393,0
442394,12
442395,10
442396,0
442397,7
442398,0
442399,10
442400,0
442401,14
442402,17
442403,0
442404,0
442405,0
442406,0
442407,18
442408,0
442409,0
442410,0
442411,0
442412,17
442413,0
442414,17
442415,0
442416,14
442417,15
442418,0
442419,0
442420,14
442421,12
442422,0
442423,10
442424,0
442425,0
442426,0
442427,0
442428,0
442429,0
442430,0
442431,0
442432,0
442433,10
442434,0
442435,0
442436,0
442437,0
442438,0
442439,0
442440,0
442441,0
442442,0
442443,0
442444,0
442445,0
442446,0
442447,0
442448,0
442449,0
442450,0
442451,12
442452,0
442453,0
442454,0
442455,0
442456,0
442457,0
442458,0
442459,0
442460,0
442461,14
442462,21
442463,0
442464,0
442465,0
442466,9
442467,0
442468,0
442469,0
442470,13
442471,9
442472,11
442473,15
442474,0
442475,0
442476,12
442477,0
442478,18
442479,0
442480,0
442481,0
442482,0
442483,11
442484,0
442485,0
442486,0
442487,0
442488,0
442489,17
442490,0
442491,0
442492,0
442493,0
442494,0
442495,0
442496,0
442497,0
442498,0
442499,0
442500,0
442501,11
442502,0
442503,0
442504,0
442505,0
442506,0
442507,0
442508,0
442509,0
442510,0
442511,0
442512,0
442513,9
442514,0
442515,0
442516,0
442517,0
442518,15
442519,0
442520,0
442521,10
442522,0
442523,0
442524,0
442525,11
442526,0
442527,0
442528,0
442529,0
442530,13
442531,0
442532,8
442533,0
442534,0
442535,18
442536,0
442537,16
442538,0
442539,0
442540,0
442541,0
442542,0
442543,0
442544,0
442545,0
442546,0
442547,0
442548,0
442549,0
442550,0
442551,11
442552,7
442553,0
442554,0
442555,0
442556,0
442557,0
442558,0
442559,22
442560,0
442561,0
442562,0
442563,0
442564,0
442565,0
442566,0
442567,0
442568,0
442569,9
442570,0
442571,0
442572,0
442573,0
442574,0
442575,0
442576,0
442577,0
442578,0
442579,11
442580,0
442581,18
442582,0
442583,0
442584,9
442585,11
442586,0
442587,0
442588,0
442589,0
442590,0
442591,0
442592,0
442593,0
442594,15
442595,0
442596,0
442597,0
442598,0
442599,0
442600,0
442601,0
442602,0
442603,0
442604,0
442605,0
442606,0
442607,0
442608,0
442609,0
442610,13
442611,0
442612,0
442613,0
442614,0
442615,0
442616,0
442617,0
442618,13
442619,27
442620,0
442621,0
442622,0
442623,0
442624,0
442625,0
442626,7
442627,0
442628,7
442629,16
442630,0
442631,0
442632,0
442633,0
442634,21
442635,18
442636,0
442637,0
442638,11
442639,0
442640,0
442641,0
442642,0
442643,18
442644,16
442645,0
442646,0
442647,0
442648,11
442649,0
442650,0
442651,0
442652,0
442653,0
442654,0
442655,22
442656,0
442657,17
442658,0
442659,0
442660,22
442661,0
442662,0
442663,0
442664,18
442665,12
442666,0
442667,0
442668,0
442669,0
442670,0
442671,0
442672,0
442673,15
442674,11
442675,0
442676,0
442677,0
442678,0
442679,0
442680,0
442681,0
442682,17
442683,0
442684,0
442685,0
442686,0
442687,0
442688,0
442689,0
442690,0
442691,7
442692,0
442693,0
442694,0
442695,26
442696,0
442697,0
442698,0
442699,0
442700,12
442701,12
442702,0
442703,0
442704,0
442705,0
442706,7
442707,24
442708,0
442709,0
442710,9
442711,19
442712,0
442713,0
442714,0
442715,0
442716,0
442717,12
442718,0
442719,0
442720,0
442721,0
442722,0
442723,16
442724,13
442725,0
442726,0
442727,0
442728,0
442729,0
442730,19
442731,0
442732,0
442733,0
442734,0
442735,0
442736,0
442737,22
442738,0
442739,0
442740,7
442741,0
442742,0
442743,0
442744,0
442745,11
442746,9
442747,0
442748,0
442749,0
442750,0
442751,0
442752,0
442753,0
442754,0
442755,0
442756,12
442757,12
442758,0
442759,0
442760,20
442761,14
442762,13
442763,9
442764,0
442765,0
442766,16
442767,0
442768,12
442769,0
442770,0
442771,0
442772,9
442773,0
442774,0
442775,12
442776,0
442777,0
442778,0
442779,0
442780,0
442781,17
442782,0
442783,22
442784,0
442785,0
442786,0
442787,0
442788,0
442789,0
442790,0
442791,0
442792,0
442793,0
442794,0
442795,0
442796,0
442797,0
442798,0
442799,0
442800,10
442801,0
442802,16
442803,0
442804,0
442805,0
442806,19
442807,0
442808,0
442809,10
442810,0
442811,16
442812,9
442813,0
442814,0
442815,0
442816,14
442817,0
442818,0
442819,13
442820,15
442821,0
442822,0
442823,14
442824,19
442825,0
442826,0
442827,13
442828,0
442829,0
442830,0
442831,14
442832,0
442833,0
442834,0
442835,0
442836,13
442837,0
442838,22
442839,0
442840,0
442841,0
442842,0
442843,0
442844,0
442845,0
442846,0
442847,0
442848,0
442849,18
442850,0
442851,0
442852,0
442853,0
442854,10
442855,0
442856,0
442857,17
442858,0
442859,0
442860,0
442861,18
442862,0
442863,0
442864,0
442865,10
442866,0
442867,0
442868,0
442869,0
442870,0
442871,0
442872,0
442873,0
442874,0
442875,0
442876,0
442877,0
442878,0
442879,0
442880,0
442881,9
442882,0
442883,0
442884,0
442885,0
442886,0
442887,0
442888,0
442889,0
442890,0
442891,0
442892,7
442893,22
442894,14
442895,0
442896,0
442897,0
442898,15
442899,0
442900,0
442901,0
442902,0
442903,0
442904,0
442905,10
442906,0
442907,0
442908,0
442909,0
442910,0
442911,0
442912,0
442913,0
442914,0
442915,0
442916,0
442917,18
442918,0
442919,0
442920,0
442921,13
442922,0
442923,0
442924,0
442925,0
442926,0
442927,0
442928,8
442929,0
442930,0
442931,0
442932,0
442933,0
442934,0
442935,0
442936,0
442937,0
442938,0
442939,0
442940,0
442941,0
442942,0
442943,0
442944,0
442945,0
442946,0
442947,0
442948,12
442949,23
442950,0
442951,23
442952,0
442953,0
442954,0
442955,0
442956,14
442957,0
442958,0
442959,0
442960,10
442961,0
442962,0
442963,16
442964,0
442965,0
442966,0
442967,0
442968,0
442969,0
442970,0
442971,0
442972,0
442973,0
442974,8
442975,16
442976,0
442977,0
442978,0
442979,0
442980,0
442981,0
442982,0
442983,0
442984,0
442985,0
442986,0
442987,0
442988,0
442989,12
442990,13
442991,0
442992,16
442993,0
442994,0
442995,0
442996,0
442997,0
442998,18
442999,0
443000,0
443001,0
443002,0
443003,0
443004,0
443005,0
443006,11
443007,0
443008,0
443009,0
443010,0
443011,0
443012,0
443013,0
443014,0
443015,0
443016,0
443017,0
443018,0
443019,0
443020,0
443021,0
443022,0
443023,0
443024,0
443025,0
443026,0
443027,0
443028,0
443029,0
443030,0
443031,0
443032,0
443033,0
443034,0
443035,0
443036,0
443037,0
443038,0
443039,0
443040,0
443041,0
443042,0
443043,0
443044,0
443045,0
443046,0
443047,0
443048,0
443049,0
443050,0
443051,0
443052,0
443053,0
443054,0
443055,0
443056,0
443057,0
443058,0
443059,0
443060,0
443061,0
443062,0
443063,0
443064,0
443065,0
443066,0
443067,0
443068,0
443069,0
443070,0
443071,0
443072,0
443073,1
443074,0
443075,0
443076,0
443077,0
443078,0
443079,0
443080,0
443081,0
443082,0
443083,0
443084,0
443085,0
443086,0
443087,0
443088,0
443089,0
443090,0
443091,0
443092,0
443093,0
443094,0
443095,0
443096,0
443097,0
443098,0
443099,0
443100,0
443101,0
443102,0
443103,0
443104,0
443105,0
443106,0
443107,0
443108,0
443109,0
443110,0
443111,0
443112,0
443113,0
443114,0
443115,0
443116,0
443117,0
443118,0
443119,0
443120,0
443121,0
443122,0
443123,0
443124,0
443125,0
443126,0
443127,0
443128,0
443129,0
443130,0
443131,0
443132,0
443133,0
443134,0
443135,0
443136,0
443137,0
443138,0
443139,0
443140,0
443141,1
443142,0
443143,0
443144,0
443145,0
443146,0
443147,0
443148,0
443149,0
443150,0
443151,0
443152,0
443153,0
443154,0
443155,0
443156,0
443157,0
443158,0
443159,0
443160,0
443161,0
443162,0
443163,0
443164,0
443165,0
443166,0
443167,0
443168,0
443169,0
443170,0
443171,0
443172,0
443173,0
443174,0
443175,0
443176,0
443177,0
443178,0
443179,0
443180,0
443181,0
443182,0
443183,0
443184,0
443185,0
443186,0
443187,0
443188,0
443189,0
443190,0
443191,0
443192,0
443193,0
443194,0
443195,0
443196,0
443197,0
443198,0
443199,0
443200,0
443201,0
443202,0
443203,0
443204,0
443205,0
443206,0
443207,0
443208,0
443209,0
443210,0
443211,0
443212,0
443213,0
443214,0
443215,0
443216,0
443217,0
443218,0
443219,0
443220,0
443221,0
443222,0
443223,0
443224,0
443225,0
443226,0
443227,0
443228,0
443229,0
443230,0
443231,0
443232,0
443233,0
443234,0
443235,0
443236,0
443237,0
443238,0
443239,0
443240,0
443241,0
443242,0
443243,0
443244,0
443245,0
443246,0
443247,0
443248,0
443249,0
443250,0
443251,0
443252,1
443253,0
443254,2
443255,0
443256,0
443257,0
443258,0
443259,0
443260,0
443261,0
443262,0
443263,0
443264,0
443265,0
443266,0
443267,0
443268,0
443269,0
443270,0
443271,0
443272,0
443273,0
443274,0
443275,0
443276,0
443277,0
443278,0
443279,0
443280,0
443281,0
443282,0
443283,0
443284,0
443285,0
443286,0
443287,0
443288,0
443289,0
443290,0
443291,0
443292,0
443293,0
443294,0
443295,0
443296,0
443297,0
443298,0
443299,0
443300,0
443301,0
443302,0
443303,0
443304,0
443305,0
443306,0
443307,0
443308,0
443309,0
443310,0
443311,0
443312,0
443313,0
443314,0
443315,0
443316,0
443317,0
443318,0
443319,0
443320,0
443321,0
443322,0
443323,0
443324,0
443325,0
443326,0
443327,0
443328,0
443329,0
443330,0
443331,0
443332,0
443333,0
443334,0
443335,0
443336,0
443337,0
443338,0
443339,0
443340,0
443341,0
443342,0
443343,0
443344,0
443345,0
443346,0
443347,0
443348,0
443349,0
443350,0
443351,0
443352,0
443353,0
443354,0
443355,0
443356,0
443357,0
443358,0
443359,0
443360,0
443361,0
443362,0
443363,0
443364,0
443365,0
443366,0
443367,0
443368,0
443369,0
443370,0
443371,0
443372,0
443373,0
443374,0
443375,0
443376,0
443377,0
443378,0
443379,0
443380,0
443381,0
443382,0
443383,0
443384,0
443385,0
443386,0
443387,0
443388,0
443389,0
443390,0
443391,0
443392,0
443393,0
443394,1
443395,0
443396,0
443397,0
443398,0
443399,0
443400,0
443401,0
443402,0
443403,0
443404,0
443405,0
443406,0
443407,0
443408,0
443409,0
443410,0
443411,0
443412,0
443413,0
443414,0
443415,0
443416,0
443417,0
443418,0
443419,0
443420,0
443421,0
443422,0
443423,0
443424,0
443425,0
443426,0
443427,0
443428,0
443429,0
443430,0
443431,0
443432,0
443433,0
443434,0
443435,0
443436,0
443437,0
443438,0
443439,0
443440,0
443441,0
443442,0
443443,0
443444,0
443445,0
443446,0
443447,0
443448,0
443449,0
443450,0
443451,0
443452,0
443453,0
443454,0
443455,0
443456,0
443457,0
443458,0
443459,0
443460,0
443461,0
443462,0
443463,0
443464,0
443465,0
443466,0
443467,0
443468,0
443469,0
443470,0
443471,0
443472,0
443473,0
443474,0
443475,0
443476,0
443477,0
443478,0
443479,0
443480,0
443481,0
443482,0
443483,0
443484,0
443485,0
443486,0
443487,0
443488,0
443489,0
443490,0
443491,0
443492,0
443493,0
443494,0
443495,0
443496,0
443497,0
443498,0
443499,0
443500,0
443501,0
443502,0
443503,0
443504,0
443505,0
443506,0
443507,0
443508,0
443509,0
443510,0
443511,0
443512,0
443513,0
443514,0
443515,0
443516,0
443517,0
443518,0
443519,0
443520,0
443521,0
443522,0
443523,0
443524,0
443525,0
443526,0
443527,0
443528,0
443529,0
443530,0
443531,0
443532,0
443533,0
443534,0
443535,0
443536,0
443537,0
443538,0
443539,0
443540,0
443541,0
443542,0
443543,0
443544,0
443545,0
443546,0
443547,0
443548,0
443549,0
443550,0
443551,0
443552,0
443553,0
443554,0
443555,0
443556,0
443557,0
443558,0
443559,0
443560,0
443561,0
443562,0
443563,0
443564,0
443565,0
443566,0
443567,0
443568,0
443569,0
443570,0
443571,0
443572,0
443573,0
443574,0
443575,0
443576,0
443577,0
443578,0
443579,0
443580,0
443581,0
443582,0
443583,0
443584,0
443585,0
443586,0
443587,0
443588,0
443589,0
443590,0
443591,0
443592,0
443593,0
443594,0
443595,0
443596,0
443597,0
443598,0
443599,0
443600,0
443601,0
443602,0
443603,0
443604,0
443605,0
443606,0
443607,0
443608,1
443609,0
443610,0
443611,0
443612,0
443613,0
443614,0
443615,0
443616,0
443617,0
443618,0
443619,0
443620,0
443621,0
443622,0
443623,0
443624,0
443625,0
443626,0
443627,0
443628,0
443629,0
443630,0
443631,0
443632,0
443633,0
443634,0
443635,0
443636,2
443637,0
443638,0
443639,0
443640,0
443641,0
443642,0
443643,0
443644,0
443645,0
443646,0
443647,0
443648,0
443649,0
443650,0
443651,0
443652,0
443653,0
443654,0
443655,0
443656,0
443657,0
443658,0
443659,0
443660,0
443661,0
443662,0
443663,1
443664,0
443665,0
443666,0
443667,0
443668,0
443669,0
443670,0
443671,0
443672,0
443673,0
443674,0
443675,0
443676,0
443677,0
443678,0
443679,0
443680,0
443681,0
443682,0
443683,0
443684,0
443685,0
443686,0
443687,0
443688,0
443689,0
443690,0
443691,0
443692,0
443693,0
443694,0
443695,0
443696,0
443697,0
443698,0
443699,0
443700,0
443701,0
443702,0
443703,0
443704,0
443705,0
443706,0
443707,0
443708,0
443709,0
443710,0
443711,0
443712,0
443713,0
443714,0
443715,0
443716,0
443717,0
443718,0
443719,0
443720,0
443721,0
443722,0
443723,0
443724,0
443725,0
443726,0
443727,0
443728,0
443729,0
443730,0
443731,0
443732,0
443733,0
443734,0
443735,0
443736,0
443737,0
443738,0
443739,0
443740,0
443741,0
443742,0
443743,0
443744,0
443745,0
443746,0
443747,0
443748,0
443749,0
443750,0
443751,0
443752,0
443753,0
443754,0
443755,0
443756,0
443757,0
443758,0
443759,0
443760,0
443761,0
443762,0
443763,0
443764,0
443765,0
443766,0
443767,0
443768,0
443769,0
443770,0
443771,0
443772,0
443773,0
443774,0
443775,0
443776,0
443777,0
443778,0
443779,0
443780,0
443781,0
443782,0
443783,0
443784,0
443785,0
443786,0
443787,0
443788,0
443789,0
443790,0
443791,0
443792,0
443793,0
443794,0
443795,0
443796,0
443797,0
443798,37
443799,32
443800,0
443801,32
443802,0
443803,0
443804,0
443805,0
443806,0
443807,0
443808,0
443809,35
443810,0
443811,0
443812,0
443813,0
443814,0
443815,32
443816,0
443817,27
443818,0
443819,0
443820,0
443821,0
443822,33
443823,0
443824,0
443825,0
443826,33
443827,0
443828,0
443829,0
443830,0
443831,0
443832,27
443833,0
443834,0
443835,27
443836,0
443837,28
443838,22
443839,33
443840,0
443841,31
443842,0
443843,0
443844,0
443845,0
443846,31
443847,35
443848,25
443849,0
443850,0
443851,0
443852,0
443853,0
443854,0
443855,0
443856,0
443857,0
443858,0
443859,30
443860,38
443861,0
443862,0
443863,0
443864,0
443865,0
443866,0
443867,0
443868,0
443869,0
443870,0
443871,0
443872,0
443873,0
443874,0
443875,0
443876,0
443877,0
443878,22
443879,36
443880,0
443881,26
443882,0
443883,40
443884,0
443885,0
443886,0
443887,0
443888,0
443889,0
443890,0
443891,0
443892,0
443893,24
443894,0
443895,0
443896,0
443897,0
443898,0
443899,0
443900,40
443901,0
443902,0
443903,39
443904,0
443905,0
443906,0
443907,34
443908,0
443909,0
443910,34
443911,37
443912,0
443913,30
443914,47
443915,0
443916,0
443917,0
443918,0
443919,28
443920,0
443921,0
443922,0
443923,0
443924,0
443925,0
443926,39
443927,0
443928,41
443929,0
443930,0
443931,49
443932,0
443933,32
443934,36
443935,24
443936,0
443937,0
443938,0
443939,42
443940,28
443941,27
443942,0
443943,0
443944,0
443945,0
443946,0
443947,0
443948,37
443949,0
443950,40
443951,0
443952,30
443953,0
443954,0
443955,0
443956,0
443957,0
443958,0
443959,0
443960,0
443961,0
443962,32
443963,0
443964,0
443965,0
443966,0
443967,0
443968,28
443969,40
443970,0
443971,31
443972,28
443973,0
443974,0
443975,0
443976,0
443977,40
443978,0
443979,0
443980,0
443981,34
443982,0
443983,0
443984,0
443985,0
443986,0
443987,33
443988,0
443989,0
443990,0
443991,0
443992,0
443993,0
443994,0
443995,0
443996,0
443997,0
443998,0
443999,0
444000,0
444001,0
444002,0
444003,0
444004,0
444005,0
444006,0
444007,0
444008,0
444009,0
444010,0
444011,0
444012,0
444013,0
444014,0
444015,0
444016,0
444017,0
444018,0
444019,33
444020,0
444021,25
444022,0
444023,0
444024,0
444025,0
444026,0
444027,0
444028,0
444029,29
444030,0
444031,0
444032,29
444033,0
444034,0
444035,32
444036,0
444037,0
444038,0
444039,0
444040,20
444041,35
444042,0
444043,27
444044,0
444045,0
444046,0
444047,0
444048,25
444049,0
444050,0
444051,0
444052,0
444053,0
444054,0
444055,0
444056,0
444057,0
444058,32
444059,0
444060,42
444061,0
444062,0
444063,0
444064,0
444065,0
444066,43
444067,46
444068,38
444069,0
444070,0
444071,0
444072,0
444073,35
444074,30
444075,0
444076,24
444077,0
444078,0
444079,0
444080,0
444081,0
444082,34
444083,40
444084,0
444085,0
444086,0
444087,0
444088,0
444089,0
444090,0
444091,0
444092,0
444093,0
444094,37
444095,0
444096,0
444097,0
444098,0
444099,0
444100,0
444101,53
444102,0
444103,0
444104,0
444105,0
444106,48
444107,30
444108,36
444109,0
444110,42
444111,0
444112,0
444113,0
444114,0
444115,0
444116,0
444117,0
444118,0
444119,26
444120,0
444121,0
444122,0
444123,46
444124,0
444125,44
444126,0
444127,0
444128,0
444129,0
444130,0
444131,26
444132,0
444133,0
444134,0
444135,0
444136,16
444137,0
444138,24
444139,0
444140,0
444141,0
444142,23
444143,40
444144,0
444145,0
444146,0
444147,0
444148,0
444149,0
444150,31
444151,0
444152,0
444153,0
444154,0
444155,0
444156,53
444157,0
444158,0
444159,0
444160,0
444161,0
444162,0
444163,0
444164,32
444165,38
444166,0
444167,0
444168,0
444169,0
444170,0
444171,0
444172,34
444173,0
444174,0
444175,0
444176,0
444177,0
444178,0
444179,0
444180,0
444181,0
444182,0
444183,0
444184,0
444185,0
444186,19
444187,24
444188,29
444189,0
444190,0
444191,0
444192,0
444193,40
444194,0
444195,0
444196,25
444197,31
444198,41
444199,0
444200,34
444201,0
444202,30
444203,29
444204,43
444205,0
444206,0
444207,0
444208,0
444209,27
444210,0
444211,0
444212,0
444213,53
444214,0
444215,0
444216,0
444217,32
444218,36
444219,0
444220,0
444221,0
444222,0
444223,0
444224,30
444225,0
444226,0
444227,36
444228,31
444229,0
444230,0
444231,0
444232,0
444233,15
444234,0
444235,0
444236,0
444237,0
444238,33
444239,0
444240,36
444241,0
444242,0
444243,30
444244,0
444245,0
444246,0
444247,0
444248,0
444249,36
444250,34
444251,0
444252,0
444253,0
444254,0
444255,33
444256,0
444257,0
444258,41
444259,0
444260,0
444261,0
444262,0
444263,26
444264,0
444265,0
444266,0
444267,47
444268,0
444269,0
444270,43
444271,0
444272,0
444273,0
444274,0
444275,20
444276,23
444277,0
444278,0
444279,25
444280,30
444281,0
444282,0
444283,0
444284,33
444285,0
444286,0
444287,23
444288,0
444289,0
444290,0
444291,0
444292,0
444293,0
444294,0
444295,35
444296,0
444297,0
444298,0
444299,0
444300,0
444301,35
444302,0
444303,0
444304,0
444305,26
444306,43
444307,0
444308,0
444309,0
444310,0
444311,0
444312,23
444313,0
444314,0
444315,0
444316,0
444317,0
444318,0
444319,34
444320,26
444321,42
444322,0
444323,0
444324,0
444325,0
444326,0
444327,0
444328,0
444329,0
444330,34
444331,0
444332,0
444333,0
444334,0
444335,0
444336,0
444337,0
444338,0
444339,0
444340,32
444341,29
444342,0
444343,0
444344,38
444345,35
444346,0
444347,0
444348,27
444349,0
444350,0
444351,36
444352,22
444353,0
444354,0
444355,0
444356,29
444357,0
444358,33
444359,0
444360,0
444361,0
444362,42
444363,0
444364,0
444365,0
444366,41
444367,30
444368,0
444369,0
444370,0
444371,0
444372,0
444373,0
444374,0
444375,0
444376,0
444377,0
444378,33
444379,0
444380,27
444381,28
444382,25
444383,0
444384,0
444385,0
444386,0
444387,0
444388,39
444389,0
444390,33
444391,33
444392,0
444393,40
444394,0
444395,29
444396,0
444397,0
444398,0
444399,0
444400,25
444401,0
444402,0
444403,0
444404,0
444405,0
444406,0
444407,0
444408,0
444409,0
444410,0
444411,0
444412,0
444413,0
444414,0
444415,0
444416,0
444417,0
444418,43
444419,0
444420,43
444421,0
444422,0
444423,0
444424,0
444425,0
444426,0
444427,42
444428,0
444429,0
444430,39
444431,29
444432,0
444433,32
444434,0
444435,0
444436,35
444437,0
444438,0
444439,29
444440,37
444441,0
444442,0
444443,31
444444,0
444445,0
444446,0
444447,0
444448,28
444449,37
444450,0
444451,0
444452,0
444453,0
444454,0
444455,0
444456,0
444457,0
444458,0
444459,0
444460,40
444461,0
444462,31
444463,0
444464,26
444465,0
444466,0
444467,0
444468,24
444469,0
444470,0
444471,0
444472,0
444473,0
444474,0
444475,40
444476,0
444477,34
444478,0
444479,21
444480,41
444481,35
444482,0
444483,0
444484,0
444485,0
444486,35
444487,0
444488,0
444489,0
444490,28
444491,0
444492,0
444493,0
444494,0
444495,24
444496,0
444497,0
444498,0
444499,33
444500,0
444501,0
444502,0
444503,29
444504,0
444505,34
444506,0
444507,0
444508,0
444509,0
444510,41
444511,25
444512,0
444513,0
444514,0
444515,30
444516,0
444517,46
444518,0
444519,0
444520,0
444521,0
444522,38
444523,0
444524,20
444525,0
444526,0
444527,16
444528,0
444529,0
444530,0
444531,0
444532,0
444533,0
444534,23
444535,0
444536,0
444537,0
444538,0
444539,24
444540,45
444541,0
444542,0
444543,0
444544,0
444545,29
444546,0
444547,0
444548,0
444549,0
444550,20
444551,0
444552,0
444553,0
444554,0
444555,0
444556,0
444557,0
444558,0
444559,0
444560,0
444561,30
444562,0
444563,41
444564,0
444565,0
444566,0
444567,0
444568,0
444569,0
444570,0
444571,0
444572,0
444573,48
444574,0
444575,20
444576,0
444577,0
444578,0
444579,0
444580,0
444581,0
444582,32
444583,0
444584,0
444585,0
444586,0
444587,0
444588,0
444589,35
444590,0
444591,32
444592,0
444593,0
444594,0
444595,0
444596,0
444597,0
444598,44
444599,0
444600,0
444601,0
444602,0
444603,0
444604,0
444605,0
444606,0
444607,29
444608,0
444609,0
444610,0
444611,0
444612,0
444613,0
444614,0
444615,25
444616,0
444617,0
444618,0
444619,0
444620,0
444621,0
444622,30
444623,0
444624,0
444625,0
444626,0
444627,34
444628,0
444629,0
444630,0
444631,0
444632,0
444633,0
444634,0
444635,0
444636,0
444637,24
444638,0
444639,0
444640,0
444641,22
444642,35
444643,51
444644,0
444645,0
444646,29
444647,0
444648,0
444649,0
444650,0
444651,0
444652,27
444653,0
444654,36
444655,0
444656,0
444657,0
444658,0
444659,0
444660,0
444661,23
444662,0
444663,0
444664,23
444665,0
444666,22
444667,33
444668,30
444669,29
444670,0
444671,0
444672,0
444673,24
444674,28
444675,0
444676,27
444677,34
444678,33
444679,0
444680,0
444681,23
444682,0
444683,0
444684,34
444685,33
444686,0
444687,0
444688,27
444689,0
444690,0
444691,27
444692,0
444693,0
444694,33
444695,30
444696,40
444697,35
444698,0
444699,0
444700,0
444701,0
444702,26
444703,23
444704,0
444705,0
444706,0
444707,0
444708,31
444709,0
444710,25
444711,0
444712,34
444713,0
444714,0
444715,0
444716,53
444717,0
444718,0
444719,0
444720,0
444721,27
444722,0
444723,0
444724,0
444725,0
444726,0
444727,30
444728,40
444729,0
444730,0
444731,27
444732,0
444733,0
444734,0
444735,0
444736,0
444737,0
444738,0
444739,39
444740,26
444741,0
444742,27
444743,0
444744,0
444745,0
444746,0
444747,0
444748,27
444749,0
444750,0
444751,0
444752,0
444753,41
444754,46
444755,0
444756,42
444757,40
444758,0
444759,0
444760,0
444761,36
444762,0
444763,0
444764,0
444765,0
444766,0
444767,0
444768,0
444769,0
444770,0
444771,0
444772,0
444773,4
444774,5
444775,0
444776,0
444777,0
444778,0
444779,0
444780,0
444781,0
444782,0
444783,0
444784,0
444785,5
444786,0
444787,5
444788,3
444789,0
444790,0
444791,4
444792,0
444793,2
444794,0
444795,0
444796,0
444797,0
444798,0
444799,0
444800,0
444801,0
444802,0
444803,0
444804,0
444805,0
444806,0
444807,0
444808,0
444809,0
444810,3
444811,0
444812,5
444813,0
444814,0
444815,0
444816,0
444817,0
444818,0
444819,3
444820,0
444821,0
444822,0
444823,0
444824,0
444825,0
444826,0
444827,2
444828,0
444829,0
444830,0
444831,0
444832,0
444833,0
444834,0
444835,0
444836,0
444837,0
444838,0
444839,0
444840,0
444841,0
444842,0
444843,0
444844,0
444845,0
444846,0
444847,0
444848,0
444849,0
444850,0
444851,0
444852,0
444853,0
444854,0
444855,4
444856,0
444857,0
444858,2
444859,0
444860,0
444861,0
444862,0
444863,0
444864,5
444865,0
444866,0
444867,0
444868,0
444869,5
444870,0
444871,0
444872,0
444873,0
444874,0
444875,0
444876,0
444877,0
444878,0
444879,5
444880,0
444881,1
444882,3
444883,3
444884,0
444885,0
444886,0
444887,0
444888,0
444889,0
444890,0
444891,0
444892,0
444893,0
444894,0
444895,0
444896,0
444897,6
444898,0
444899,0
444900,1
444901,0
444902,0
444903,2
444904,0
444905,0
444906,0
444907,0
444908,0
444909,0
444910,0
444911,0
444912,1
444913,0
444914,2
444915,4
444916,0
444917,0
444918,0
444919,0
444920,0
444921,0
444922,0
444923,1
444924,0
444925,0
444926,0
444927,0
444928,0
444929,0
444930,0
444931,2
444932,1
444933,0
444934,0
444935,2
444936,0
444937,0
444938,4
444939,0
444940,0
444941,6
444942,0
444943,0
444944,0
444945,0
444946,0
444947,0
444948,0
444949,2
444950,0
444951,0
444952,2
444953,0
444954,0
444955,3
444956,0
444957,0
444958,0
444959,0
444960,0
444961,5
444962,0
444963,0
444964,0
444965,0
444966,0
444967,0
444968,0
444969,0
444970,0
444971,0
444972,3
444973,0
444974,0
444975,0
444976,0
444977,0
444978,0
444979,0
444980,0
444981,0
444982,0
444983,0
444984,0
444985,0
444986,0
444987,0
444988,0
444989,0
444990,0
444991,0
444992,0
444993,0
444994,0
444995,0
444996,2
444997,0
444998,0
444999,0
445000,0
445001,0
445002,0
445003,0
445004,0
445005,0
445006,0
445007,0
445008,3
445009,0
445010,0
445011,2
445012,1
445013,0
445014,0
445015,0
445016,0
445017,0
445018,7
445019,0
445020,0
445021,0
445022,0
445023,0
445024,0
445025,0
445026,5
445027,0
445028,0
445029,0
445030,0
445031,0
445032,0
445033,0
445034,0
445035,0
445036,0
445037,1
445038,0
445039,0
445040,0
445041,0
445042,0
445043,0
445044,1
445045,0
445046,0
445047,0
445048,0
445049,0
445050,0
445051,0
445052,0
445053,0
445054,0
445055,0
445056,0
445057,8
445058,0
445059,0
445060,0
445061,0
445062,0
445063,0
445064,0
445065,0
445066,0
445067,0
445068,0
445069,6
445070,0
445071,0
445072,4
445073,0
445074,0
445075,7
445076,0
445077,3
445078,0
445079,0
445080,0
445081,0
445082,0
445083,0
445084,0
445085,0
445086,0
445087,0
445088,0
445089,4
445090,0
445091,0
445092,0
445093,0
445094,0
445095,0
445096,0
445097,0
445098,0
445099,0
445100,0
445101,0
445102,0
445103,0
445104,0
445105,0
445106,0
445107,0
445108,0
445109,0
445110,0
445111,2
445112,0
445113,0
445114,0
445115,0
445116,0
445117,0
445118,9
445119,0
445120,2
445121,0
445122,0
445123,0
445124,0
445125,0
445126,2
445127,0
445128,0
445129,0
445130,0
445131,0
445132,0
445133,4
445134,0
445135,0
445136,0
445137,1
445138,0
445139,0
445140,0
445141,0
445142,0
445143,0
445144,0
445145,0
445146,0
445147,0
445148,0
445149,0
445150,0
445151,0
445152,0
445153,0
445154,0
445155,4
445156,0
445157,0
445158,0
445159,0
445160,0
445161,0
445162,0
445163,0
445164,0
445165,0
445166,0
445167,0
445168,0
445169,0
445170,5
445171,1
445172,2
445173,0
445174,0
445175,0
445176,0
445177,0
445178,7
445179,0
445180,0
445181,0
445182,5
445183,0
445184,0
445185,0
445186,0
445187,3
445188,0
445189,0
445190,0
445191,0
445192,0
445193,0
445194,0
445195,0
445196,0
445197,4
445198,0
445199,0
445200,0
445201,0
445202,0
445203,0
445204,0
445205,0
445206,0
445207,0
445208,0
445209,0
445210,0
445211,0
445212,0
445213,0
445214,0
445215,0
445216,0
445217,0
445218,1
445219,0
445220,0
445221,0
445222,0
445223,4
445224,0
445225,0
445226,0
445227,0
445228,0
445229,0
445230,0
445231,0
445232,4
445233,0
445234,0
445235,0
445236,0
445237,0
445238,0
445239,0
445240,0
445241,0
445242,0
445243,0
445244,2
445245,0
445246,0
445247,0
445248,5
445249,0
445250,1
445251,0
445252,0
445253,0
445254,0
445255,0
445256,0
445257,0
445258,0
445259,0
445260,0
445261,0
445262,1
445263,0
445264,0
445265,0
445266,0
445267,0
445268,0
445269,0
445270,0
445271,0
445272,0
445273,0
445274,0
445275,4
445276,0
445277,0
445278,0
445279,0
445280,0
445281,0
445282,0
445283,0
445284,0
445285,0
445286,0
445287,0
445288,0
445289,0
445290,0
445291,0
445292,0
445293,0
445294,0
445295,0
445296,0
445297,0
445298,0
445299,0
445300,0
445301,0
445302,0
445303,0
445304,0
445305,0
445306,0
445307,0
445308,4
445309,0
445310,6
445311,0
445312,0
445313,0
445314,0
445315,0
445316,0
445317,0
445318,0
445319,2
445320,0
445321,0
445322,0
445323,0
445324,0
445325,2
445326,0
445327,0
445328,3
445329,0
445330,0
445331,0
445332,4
445333,4
445334,0
445335,0
445336,0
445337,0
445338,0
445339,2
445340,0
445341,0
445342,0
445343,0
445344,0
445345,0
445346,0
445347,0
445348,4
445349,0
445350,0
445351,4
445352,2
445353,0
445354,5
445355,1
445356,0
445357,0
445358,0
445359,0
445360,0
445361,3
445362,2
445363,0
445364,0
445365,0
445366,3
445367,0
445368,2
445369,0
445370,0
445371,0
445372,2
445373,0
445374,0
445375,0
445376,0
445377,0
445378,8
445379,0
445380,0
445381,0
445382,0
445383,0
445384,0
445385,0
445386,3
445387,0
445388,0
445389,4
445390,0
445391,0
445392,1
445393,0
445394,0
445395,5
445396,0
445397,0
445398,0
445399,0
445400,0
445401,0
445402,5
445403,0
445404,0
445405,0
445406,0
445407,0
445408,0
445409,0
445410,0
445411,0
445412,0
445413,0
445414,0
445415,26
445416,24
445417,0
445418,0
445419,21
445420,0
445421,0
445422,0
445423,0
445424,0
445425,0
445426,22
445427,0
445428,0
445429,0
445430,20
445431,0
445432,0
445433,0
445434,0
445435,0
445436,0
445437,0
445438,0
445439,0
445440,0
445441,0
445442,0
445443,0
445444,0
445445,0
445446,0
445447,0
445448,0
445449,0
445450,0
445451,0
445452,0
445453,25
445454,0
445455,0
445456,40
445457,0
445458,0
445459,0
445460,0
445461,0
445462,22
445463,0
445464,0
445465,25
445466,0
445467,0
445468,40
445469,29
445470,0
445471,41
445472,0
445473,0
445474,0
445475,0
445476,0
445477,0
445478,0
445479,0
445480,0
445481,26
445482,0
445483,0
445484,0
445485,0
445486,0
445487,0
445488,0
445489,0
445490,0
445491,0
445492,0
445493,0
445494,0
445495,24
445496,0
445497,0
445498,0
445499,33
445500,0
445501,0
445502,0
445503,0
445504,27
445505,0
445506,0
445507,0
445508,0
445509,0
445510,0
445511,25
445512,0
445513,0
445514,0
445515,0
445516,0
445517,0
445518,0
445519,0
445520,0
445521,0
445522,0
445523,28
445524,0
445525,0
445526,0
445527,31
445528,0
445529,33
445530,0
445531,0
445532,0
445533,0
445534,0
445535,0
445536,0
445537,0
445538,0
445539,39
445540,0
445541,0
445542,25
445543,0
445544,0
445545,0
445546,0
445547,0
445548,0
445549,0
445550,0
445551,0
445552,0
445553,0
445554,0
445555,0
445556,35
445557,0
445558,0
445559,0
445560,0
445561,0
445562,0
445563,12
445564,0
445565,0
445566,0
445567,0
445568,20
445569,0
445570,0
445571,0
445572,0
445573,0
445574,0
445575,0
445576,0
445577,0
445578,0
445579,0
445580,0
445581,20
445582,27
445583,19
445584,0
445585,0
445586,0
445587,0
445588,0
445589,0
445590,0
445591,0
445592,0
445593,0
445594,0
445595,0
445596,35
445597,0
445598,28
445599,28
445600,36
445601,0
445602,0
445603,0
445604,0
445605,0
445606,24
445607,0
445608,33
445609,23
445610,0
445611,22
445612,0
445613,24
445614,0
445615,0
445616,0
445617,0
445618,0
445619,0
445620,23
445621,0
445622,0
445623,30
445624,0
445625,0
445626,0
445627,23
445628,6
445629,0
445630,0
445631,0
445632,0
445633,14
445634,0
445635,11
445636,0
445637,0
445638,0
445639,0
445640,6
445641,0
445642,17
445643,0
445644,0
445645,11
445646,0
445647,0
445648,0
445649,0
445650,0
445651,0
445652,0
445653,0
445654,0
445655,14
445656,0
445657,0
445658,5
445659,0
445660,0
445661,0
445662,14
445663,19
445664,0
445665,0
445666,0
445667,0
445668,10
445669,0
445670,0
445671,0
445672,0
445673,0
445674,0
445675,0
445676,17
445677,0
445678,0
445679,0
445680,0
445681,0
445682,13
445683,19
445684,0
445685,21
445686,0
445687,13
445688,0
445689,7
445690,0
445691,0
445692,12
445693,0
445694,0
445695,0
445696,0
445697,11
445698,0
445699,0
445700,0
445701,12
445702,0
445703,0
445704,0
445705,10
445706,0
445707,0
445708,8
445709,0
445710,0
445711,0
445712,0
445713,0
445714,16
445715,0
445716,0
445717,0
445718,0
445719,0
445720,6
445721,0
445722,0
445723,0
445724,0
445725,0
445726,0
445727,0
445728,0
445729,0
445730,0
445731,0
445732,16
445733,0
445734,0
445735,17
445736,8
445737,0
445738,0
445739,0
445740,0
445741,0
445742,0
445743,13
445744,0
445745,0
445746,0
445747,0
445748,0
445749,11
445750,0
445751,0
445752,0
445753,0
445754,0
445755,0
445756,0
445757,12
445758,0
445759,21
445760,17
445761,0
445762,0
445763,0
445764,0
445765,0
445766,0
445767,0
445768,0
445769,0
445770,18
445771,0
445772,0
445773,0
445774,0
445775,0
445776,0
445777,0
445778,0
445779,0
445780,0
445781,0
445782,18
445783,0
445784,0
445785,0
445786,0
445787,0
445788,0
445789,0
445790,9
445791,0
445792,0
445793,0
445794,0
445795,0
445796,0
445797,15
445798,0
445799,0
445800,0
445801,0
445802,0
445803,0
445804,0
445805,0
445806,10
445807,0
445808,0
445809,0
445810,0
445811,12
445812,0
445813,0
445814,0
445815,0
445816,19
445817,0
445818,0
445819,0
445820,0
445821,0
445822,12
445823,0
445824,0
445825,17
445826,12
445827,0
445828,0
445829,0
445830,0
445831,13
445832,0
445833,0
445834,0
445835,13
445836,0
445837,9
445838,0
445839,10
445840,0
445841,0
445842,0
445843,0
445844,0
445845,12
445846,0
445847,0
445848,0
445849,15
445850,0
445851,11
445852,0
445853,0
445854,0
445855,12
445856,0
445857,15
445858,0
445859,14
445860,12
445861,16
445862,0
445863,0
445864,0
445865,0
445866,0
445867,0
445868,0
445869,0
445870,0
445871,0
445872,0
445873,0
445874,0
445875,0
445876,0
445877,0
445878,0
445879,0
445880,0
445881,0
445882,10
445883,13
445884,21
445885,0
445886,0
445887,0
445888,0
445889,0
445890,0
445891,0
445892,0
445893,0
445894,16
445895,9
445896,0
445897,0
445898,0
445899,11
445900,11
445901,0
445902,0
445903,0
445904,0
445905,13
445906,0
445907,16
445908,21
445909,14
445910,0
445911,0
445912,0
445913,0
445914,0
445915,0
445916,0
445917,0
445918,10
445919,0
445920,0
445921,0
445922,0
445923,0
445924,0
445925,0
445926,0
445927,6
445928,0
445929,0
445930,0
445931,0
445932,0
445933,0
445934,15
445935,0
445936,0
445937,0
445938,0
445939,0
445940,0
445941,0
445942,14
445943,8
445944,0
445945,15
445946,0
445947,0
445948,0
445949,19
445950,0
445951,0
445952,11
445953,4
445954,0
445955,0
445956,0
445957,13
445958,0
445959,0
445960,0
445961,0
445962,0
445963,14
445964,14
445965,0
445966,0
445967,13
445968,0
445969,0
445970,0
445971,0
445972,0
445973,0
445974,19
445975,0
445976,17
445977,0
445978,0
445979,0
445980,0
445981,0
445982,0
445983,0
445984,12
445985,0
445986,0
445987,0
445988,0
445989,0
445990,0
445991,19
445992,13
445993,0
445994,0
445995,0
445996,0
445997,0
445998,0
445999,0
446000,0
446001,0
446002,0
446003,0
446004,8
446005,19
446006,0
446007,12
446008,0
446009,0
446010,0
446011,15
446012,0
446013,18
446014,0
446015,0
446016,14
446017,0
446018,10
446019,0
446020,0
446021,0
446022,19
446023,0
446024,10
446025,0
446026,0
446027,0
446028,18
446029,0
446030,0
446031,0
446032,0
446033,21
446034,0
446035,0
446036,4
446037,0
446038,13
446039,0
446040,0
446041,20
446042,0
446043,0
446044,8
446045,0
446046,0
446047,0
446048,0
446049,11
446050,0
446051,0
446052,12
446053,0
446054,10
446055,0
446056,0
446057,0
446058,16
446059,0
446060,0
446061,12
446062,0
446063,0
446064,10
446065,0
446066,13
446067,0
446068,0
446069,0
446070,0
446071,0
446072,0
446073,0
446074,14
446075,0
446076,10
446077,0
446078,0
446079,0
446080,0
446081,0
446082,11
446083,14
446084,0
446085,0
446086,0
446087,13
446088,0
446089,0
446090,0
446091,12
446092,0
446093,8
446094,0
446095,0
446096,0
446097,0
446098,0
446099,27
446100,14
446101,7
446102,17
446103,0
446104,0
446105,0
446106,0
446107,0
446108,0
446109,0
446110,0
446111,0
446112,10
446113,12
446114,0
446115,0
446116,0
446117,0
446118,0
446119,0
446120,23
446121,0
446122,0
446123,0
446124,0
446125,0
446126,0
446127,0
446128,0
446129,0
446130,0
446131,0
446132,0
446133,0
446134,20
446135,0
446136,11
446137,0
446138,0
446139,20
446140,0
446141,0
446142,0
446143,0
446144,0
446145,0
446146,18
446147,0
446148,0
446149,0
446150,0
446151,0
446152,0
446153,0
446154,10
446155,0
446156,0
446157,0
446158,0
446159,0
446160,0
446161,0
446162,13
446163,0
446164,0
446165,0
446166,12
446167,11
446168,0
446169,0
446170,0
446171,0
446172,0
446173,0
446174,0
446175,15
446176,0
446177,0
446178,0
446179,0
446180,0
446181,0
446182,0
446183,0
446184,0
446185,0
446186,0
446187,0
446188,18
446189,0
446190,11
446191,0
446192,0
446193,0
446194,0
446195,0
446196,0
446197,0
446198,0
446199,0
446200,0
446201,0
446202,0
446203,7
446204,0
446205,0
446206,0
446207,0
446208,0
446209,0
446210,0
446211,16
446212,0
446213,0
446214,0
446215,0
446216,0
446217,0
446218,0
446219,0
446220,0
446221,0
446222,0
446223,0
446224,0
446225,0
446226,0
446227,0
446228,0
446229,0
446230,16
446231,14
446232,0
446233,0
446234,0
446235,6
446236,19
446237,18
446238,0
446239,15
446240,18
446241,0
446242,0
446243,0
446244,0
446245,8
446246,9
446247,9
446248,0
446249,0
446250,0
446251,0
446252,0
446253,0
446254,0
446255,0
446256,0
446257,0
446258,0
446259,0
446260,0
446261,0
446262,0
446263,0
446264,0
446265,0
446266,7
446267,0
446268,0
446269,0
446270,0
446271,0
446272,7
446273,0
446274,0
446275,0
446276,0
446277,0
446278,8
446279,0
446280,0
446281,0
446282,13
446283,0
446284,11
446285,0
446286,0
446287,0
446288,16
446289,0
446290,0
446291,0
446292,0
446293,0
446294,0
446295,0
446296,0
446297,12
446298,0
446299,0
446300,0
446301,0
446302,0
446303,0
446304,0
446305,12
446306,16
446307,0
446308,0
446309,0
446310,0
446311,18
446312,0
446313,0
446314,0
446315,0
446316,13
446317,12
446318,0
446319,11
446320,0
446321,0
446322,0
446323,0
446324,0
446325,0
446326,0
446327,0
446328,0
446329,0
446330,0
446331,0
446332,0
446333,0
446334,0
446335,0
446336,0
446337,0
446338,0
446339,0
446340,0
446341,0
446342,0
446343,0
446344,0
446345,0
446346,0
446347,0
446348,0
446349,0
446350,0
446351,0
446352,0
446353,0
446354,0
446355,0
446356,30
446357,0
446358,0
446359,15
446360,0
446361,0
446362,0
446363,0
446364,0
446365,19
446366,0
446367,0
446368,0
446369,0
446370,0
446371,0
446372,0
446373,0
446374,0
446375,3
446376,0
446377,0
446378,0
446379,0
446380,0
446381,0
446382,0
446383,0
446384,0
446385,0
446386,0
446387,0
446388,0
446389,0
446390,0
446391,13
446392,10
446393,0
446394,18
446395,0
446396,0
446397,12
446398,14
446399,0
446400,0
446401,0
446402,8
446403,0
446404,0
446405,13
446406,7
446407,0
446408,0
446409,0
446410,0
446411,0
446412,18
446413,9
446414,16
446415,0
446416,0
446417,0
446418,0
446419,0
446420,9
446421,0
446422,0
446423,0
446424,0
446425,0
446426,0
446427,0
446428,0
446429,0
446430,0
446431,0
446432,0
446433,0
446434,0
446435,0
446436,0
446437,0
446438,0
446439,0
446440,0
446441,4
446442,0
446443,0
446444,0
446445,0
446446,0
446447,0
446448,0
446449,0
446450,0
446451,0
446452,0
446453,1
446454,0
446455,0
446456,0
446457,0
446458,6
446459,0
446460,0
446461,0
446462,0
446463,0
446464,0
446465,0
446466,0
446467,0
446468,0
446469,0
446470,7
446471,0
446472,0
446473,0
446474,0
446475,0
446476,3
446477,0
446478,0
446479,0
446480,0
446481,0
446482,0
446483,0
446484,0
446485,0
446486,0
446487,0
446488,0
446489,0
446490,0
446491,0
446492,2
446493,0
446494,0
446495,0
446496,0
446497,0
446498,0
446499,0
446500,0
446501,0
446502,0
446503,0
446504,7
446505,0
446506,0
446507,0
446508,0
446509,0
446510,0
446511,0
446512,0
446513,0
446514,0
446515,0
446516,0
446517,7
446518,0
446519,0
446520,0
446521,0
446522,6
446523,0
446524,0
446525,0
446526,0
446527,0
446528,0
446529,0
446530,0
446531,0
446532,1
446533,0
446534,6
446535,0
446536,0
446537,0
446538,0
446539,0
446540,0
446541,0
446542,0
446543,0
446544,0
446545,0
446546,6
446547,0
446548,5
446549,7
446550,0
446551,0
446552,0
446553,0
446554,0
446555,0
446556,2
446557,0
446558,0
446559,0
446560,0
446561,4
446562,0
446563,0
446564,0
446565,0
446566,0
446567,0
446568,0
446569,0
446570,0
446571,0
446572,8
446573,0
446574,0
446575,0
446576,5
446577,0
446578,0
446579,0
446580,0
446581,0
446582,0
446583,0
446584,0
446585,0
446586,0
446587,0
446588,0
446589,0
446590,0
446591,0
446592,0
446593,7
446594,0
446595,0
446596,0
446597,0
446598,0
446599,0
446600,0
446601,0
446602,0
446603,0
446604,0
446605,0
446606,0
446607,0
446608,5
446609,7
446610,4
446611,0
446612,0
446613,0
446614,0
446615,0
446616,0
446617,0
446618,3
446619,0
446620,0
446621,0
446622,0
446623,0
446624,0
446625,0
446626,0
446627,0
446628,0
446629,0
446630,0
446631,0
446632,7
446633,0
446634,0
446635,0
446636,0
446637,2
446638,0
446639,0
446640,0
446641,0
446642,0
446643,0
446644,0
446645,0
446646,0
446647,0
446648,0
446649,0
446650,2
446651,2
446652,0
446653,5
446654,0
446655,8
446656,0
446657,0
446658,0
446659,0
446660,0
446661,0
446662,0
446663,1
446664,0
446665,0
446666,0
446667,0
446668,0
446669,0
446670,0
446671,0
446672,0
446673,0
446674,0
446675,0
446676,0
446677,0
446678,0
446679,0
446680,0
446681,0
446682,0
446683,0
446684,0
446685,0
446686,6
446687,4
446688,0
446689,0
446690,0
446691,0
446692,0
446693,0
446694,0
446695,0
446696,0
446697,0
446698,0
446699,0
446700,0
446701,1
446702,0
446703,0
446704,0
446705,0
446706,0
446707,0
446708,0
446709,0
446710,0
446711,0
446712,0
446713,0
446714,0
446715,0
446716,0
446717,0
446718,0
446719,5
446720,0
446721,0
446722,0
446723,0
446724,0
446725,0
446726,0
446727,0
446728,0
446729,0
446730,0
446731,0
446732,0
446733,2
446734,0
446735,0
446736,0
446737,0
446738,0
446739,0
446740,0
446741,0
446742,0
446743,0
446744,0
446745,0
446746,0
446747,0
446748,2
446749,0
446750,0
446751,0
446752,0
446753,0
446754,5
446755,0
446756,0
446757,0
446758,0
446759,0
446760,0
446761,0
446762,0
446763,5
446764,0
446765,2
446766,0
446767,0
446768,0
446769,2
446770,7
446771,0
446772,0
446773,0
446774,0
446775,0
446776,0
446777,0
446778,0
446779,0
446780,4
446781,0
446782,0
446783,0
446784,0
446785,2
446786,0
446787,0
446788,0
446789,0
446790,0
446791,0
446792,0
446793,0
446794,0
446795,0
446796,0
446797,0
446798,0
446799,0
446800,0
446801,0
446802,0
446803,0
446804,0
446805,0
446806,0
446807,0
446808,0
446809,0
446810,0
446811,0
446812,0
446813,0
446814,0
446815,0
446816,0
446817,0
446818,0
446819,0
446820,0
446821,2
446822,0
446823,0
446824,0
446825,0
446826,0
446827,0
446828,0
446829,0
446830,0
446831,0
446832,0
446833,0
446834,0
446835,0
446836,0
446837,0
446838,0
446839,0
446840,0
446841,0
446842,0
446843,0
446844,0
446845,0
446846,0
446847,0
446848,6
446849,0
446850,2
446851,0
446852,0
446853,0
446854,0
446855,0
446856,0
446857,0
446858,4
446859,0
446860,0
446861,0
446862,0
446863,3
446864,2
446865,6
446866,0
446867,0
446868,0
446869,0
446870,0
446871,3
446872,0
446873,0
446874,0
446875,0
446876,0
446877,0
446878,0
446879,0
446880,0
446881,0
446882,0
446883,0
446884,0
446885,0
446886,0
446887,0
446888,0
446889,8
446890,0
446891,0
446892,0
446893,0
446894,0
446895,0
446896,0
446897,0
446898,6
446899,0
446900,0
446901,0
446902,0
446903,0
446904,0
446905,0
446906,0
446907,0
446908,0
446909,0
446910,0
446911,0
446912,0
446913,8
446914,0
446915,0
446916,0
446917,0
446918,0
446919,0
446920,0
446921,0
446922,0
446923,0
446924,0
446925,0
446926,3
446927,0
446928,0
446929,3
446930,0
446931,0
446932,0
446933,0
446934,0
446935,0
446936,0
446937,0
446938,0
446939,0
446940,0
446941,0
446942,0
446943,0
446944,0
446945,0
446946,0
446947,0
446948,0
446949,0
446950,0
446951,0
446952,0
446953,0
446954,0
446955,4
446956,0
446957,0
446958,0
446959,0
446960,0
446961,0
446962,3
446963,0
446964,0
446965,0
446966,0
446967,0
446968,7
446969,0
446970,8
446971,0
446972,0
446973,0
446974,0
446975,0
446976,1
446977,0
446978,0
446979,0
446980,0
446981,0
446982,10
446983,2
446984,0
446985,0
446986,0
446987,0
446988,0
446989,0
446990,0
446991,6
446992,0
446993,0
446994,0
446995,0
446996,5
446997,0
446998,0
446999,0
447000,0
447001,0
447002,0
447003,0
447004,0
447005,0
447006,0
447007,0
447008,0
447009,0
447010,8
447011,0
447012,3
447013,2
447014,0
447015,0
447016,0
447017,0
447018,7
447019,0
447020,0
447021,0
447022,0
447023,0
447024,0
447025,0
447026,0
447027,4
447028,0
447029,0
447030,3
447031,0
447032,0
447033,0
447034,0
447035,0
447036,0
447037,0
447038,0
447039,0
447040,0
447041,0
447042,0
447043,0
447044,0
447045,0
447046,0
447047,4
447048,10
447049,0
447050,0
447051,0
447052,0
447053,0
447054,0
447055,4
447056,0
447057,0
447058,0
447059,0
447060,0
447061,0
447062,0
447063,0
447064,0
447065,0
447066,0
447067,0
447068,0
447069,0
447070,0
447071,0
447072,0
447073,1
447074,0
447075,0
447076,0
447077,0
447078,0
447079,7
447080,0
447081,0
447082,0
447083,0
447084,5
447085,0
447086,0
447087,4
447088,0
447089,2
447090,0
447091,0
447092,0
447093,0
447094,0
447095,0
447096,0
447097,0
447098,0
447099,6
447100,0
447101,0
447102,0
447103,0
447104,0
447105,0
447106,0
447107,3
447108,0
447109,0
447110,0
447111,0
447112,0
447113,0
447114,5
447115,0
447116,0
447117,0
447118,0
447119,0
447120,0
447121,0
447122,0
447123,0
447124,0
447125,0
447126,0
447127,3
447128,0
447129,0
447130,0
447131,0
447132,0
447133,1
447134,0
447135,0
447136,4
447137,0
447138,0
447139,0
447140,0
447141,0
447142,0
447143,0
447144,0
447145,0
447146,0
447147,0
447148,0
447149,0
447150,5
447151,0
447152,0
447153,0
447154,0
447155,4
447156,0
447157,0
447158,0
447159,0
447160,0
447161,0
447162,0
447163,0
447164,0
447165,5
447166,0
447167,0
447168,0
447169,0
447170,0
447171,0
447172,0
447173,0
447174,0
447175,5
447176,0
447177,0
447178,0
447179,0
447180,0
447181,0
447182,0
447183,0
447184,0
447185,0
447186,0
447187,0
447188,0
447189,0
447190,0
447191,0
447192,0
447193,0
447194,0
447195,0
447196,0
447197,0
447198,0
447199,6
447200,0
447201,0
447202,0
447203,0
447204,0
447205,0
447206,2
447207,0
447208,0
447209,0
447210,0
447211,0
447212,5
447213,0
447214,2
447215,0
447216,1
447217,0
447218,0
447219,0
447220,0
447221,3
447222,0
447223,0
447224,0
447225,0
447226,0
447227,0
447228,0
447229,0
447230,0
447231,0
447232,0
447233,0
447234,34
447235,0
447236,0
447237,0
447238,0
447239,0
447240,0
447241,0
447242,0
447243,0
447244,0
447245,27
447246,0
447247,0
447248,0
447249,0
447250,0
447251,0
447252,0
447253,0
447254,0
447255,0
447256,0
447257,0
447258,0
447259,0
447260,0
447261,32
447262,0
447263,0
447264,0
447265,0
447266,0
447267,0
447268,51
447269,0
447270,0
447271,42
447272,39
447273,0
447274,0
447275,36
447276,0
447277,0
447278,0
447279,0
447280,0
447281,0
447282,0
447283,0
447284,0
447285,0
447286,0
447287,0
447288,0
447289,0
447290,0
447291,0
447292,0
447293,0
447294,0
447295,0
447296,0
447297,0
447298,0
447299,0
447300,0
447301,0
447302,0
447303,0
447304,0
447305,0
447306,0
447307,42
447308,0
447309,35
447310,0
447311,0
447312,0
447313,0
447314,0
447315,0
447316,0
447317,0
447318,0
447319,0
447320,0
447321,0
447322,33
447323,0
447324,0
447325,0
447326,0
447327,0
447328,17
447329,0
447330,0
447331,0
447332,42
447333,0
447334,0
447335,0
447336,0
447337,0
447338,0
447339,0
447340,0
447341,35
447342,60
447343,0
447344,0
447345,0
447346,0
447347,0
447348,43
447349,0
447350,0
447351,0
447352,0
447353,0
447354,0
447355,0
447356,0
447357,32
447358,0
447359,42
447360,0
447361,0
447362,0
447363,0
447364,40
447365,0
447366,0
447367,0
447368,0
447369,0
447370,0
447371,28
447372,0
447373,0
447374,0
447375,0
447376,0
447377,0
447378,0
447379,0
447380,0
447381,0
447382,0
447383,0
447384,0
447385,41
447386,0
447387,0
447388,0
447389,0
447390,0
447391,0
447392,36
447393,0
447394,0
447395,38
447396,0
447397,0
447398,0
447399,0
447400,0
447401,0
447402,0
447403,0
447404,0
447405,0
447406,33
447407,0
447408,0
447409,0
447410,0
447411,0
447412,0
447413,0
447414,0
447415,30
447416,0
447417,0
447418,0
447419,0
447420,0
447421,0
447422,0
447423,0
447424,0
447425,0
447426,0
447427,0
447428,0
447429,0
447430,0
447431,0
447432,0
447433,37
447434,0
447435,0
447436,0
447437,0
447438,0
447439,0
447440,0
447441,0
447442,0
447443,0
447444,39
447445,0
447446,0
447447,0
447448,0
447449,0
447450,0
447451,0
447452,0
447453,0
447454,0
447455,0
447456,0
447457,0
447458,0
447459,0
447460,0
447461,0
447462,25
447463,0
447464,0
447465,38
447466,0
447467,0
447468,0
447469,0
447470,34
447471,0
447472,0
447473,40
447474,0
447475,0
447476,0
447477,0
447478,0
447479,0
447480,0
447481,0
447482,0
447483,0
447484,0
447485,0
447486,39
447487,0
447488,0
447489,0
447490,0
447491,0
447492,0
447493,0
447494,0
447495,0
447496,0
447497,0
447498,0
447499,0
447500,0
447501,0
447502,0
447503,0
447504,0
447505,0
447506,0
447507,0
447508,0
447509,0
447510,0
447511,42
447512,0
447513,0
447514,0
447515,0
447516,36
447517,0
447518,0
447519,0
447520,0
447521,0
447522,0
447523,0
447524,0
447525,0
447526,0
447527,0
447528,0
447529,0
447530,0
447531,0
447532,0
447533,0
447534,0
447535,0
447536,0
447537,0
447538,0
447539,0
447540,0
447541,0
447542,39
447543,0
447544,0
447545,0
447546,0
447547,0
447548,50
447549,0
447550,0
447551,0
447552,0
447553,0
447554,0
447555,0
447556,0
447557,0
447558,0
447559,0
447560,0
447561,0
447562,0
447563,0
447564,33
447565,0
447566,29
447567,0
447568,33
447569,0
447570,20
447571,0
447572,0
447573,0
447574,14
447575,17
447576,0
447577,0
447578,24
447579,0
447580,0
447581,0
447582,0
447583,16
447584,0
447585,0
447586,0
447587,0
447588,0
447589,0
447590,0
447591,0
447592,0
447593,0
447594,14
447595,0
447596,16
447597,0
447598,0
447599,0
447600,12
447601,14
447602,0
447603,0
447604,0
447605,0
447606,0
447607,0
447608,0
447609,12
447610,0
447611,18
447612,0
447613,0
447614,0
447615,15
447616,19
447617,12
447618,17
447619,0
447620,37
447621,0
447622,0
447623,0
447624,15
447625,27
447626,31
447627,0
447628,17
447629,0
447630,0
447631,0
447632,0
447633,0
447634,0
447635,16
447636,0
447637,0
447638,0
447639,0
447640,0
447641,0
447642,0
447643,0
447644,0
447645,0
447646,0
447647,0
447648,22
447649,0
447650,0
447651,12
447652,0
447653,0
447654,0
447655,0
447656,17
447657,0
447658,20
447659,17
447660,24
447661,0
447662,0
447663,0
447664,0
447665,0
447666,13
447667,0
447668,0
447669,0
447670,0
447671,0
447672,0
447673,0
447674,6
447675,0
447676,0
447677,0
447678,0
447679,0
447680,0
447681,15
447682,0
447683,0
447684,0
447685,17
447686,0
447687,25
447688,0
447689,0
447690,0
447691,19
447692,0
447693,0
447694,0
447695,0
447696,0
447697,0
447698,18
447699,0
447700,0
447701,0
447702,0
447703,0
447704,0
447705,0
447706,0
447707,0
447708,0
447709,0
447710,21
447711,0
447712,0
447713,0
447714,0
447715,0
447716,0
447717,0
447718,27
447719,0
447720,0
447721,0
447722,0
447723,30
447724,0
447725,0
447726,25
447727,0
447728,0
447729,0
447730,0
447731,0
447732,27
447733,0
447734,0
447735,7
447736,0
447737,0
447738,0
447739,0
447740,0
447741,0
447742,31
447743,14
447744,0
447745,0
447746,0
447747,0
447748,0
447749,0
447750,0
447751,0
447752,0
447753,0
447754,0
447755,23
447756,0
447757,16
447758,0
447759,29
447760,0
447761,23
447762,0
447763,0
447764,23
447765,20
447766,13
447767,0
447768,0
447769,0
447770,0
447771,0
447772,0
447773,12
447774,0
447775,0
447776,17
447777,0
447778,0
447779,0
447780,0
447781,0
447782,0
447783,0
447784,0
447785,0
447786,0
447787,20
447788,0
447789,0
447790,0
447791,13
447792,0
447793,0
447794,0
447795,0
447796,22
447797,16
447798,0
447799,0
447800,0
447801,0
447802,0
447803,0
447804,0
447805,0
447806,0
447807,0
447808,0
447809,0
447810,17
447811,0
447812,0
447813,0
447814,0
447815,0
447816,0
447817,0
447818,0
447819,0
447820,0
447821,0
447822,0
447823,10
447824,0
447825,0
447826,0
447827,0
447828,22
447829,0
447830,0
447831,0
447832,0
447833,0
447834,0
447835,0
447836,13
447837,10
447838,0
447839,0
447840,28
447841,0
447842,0
447843,8
447844,0
447845,0
447846,0
447847,0
447848,0
447849,0
447850,0
447851,0
447852,0
447853,10
447854,0
447855,0
447856,0
447857,0
447858,0
447859,0
447860,0
447861,0
447862,0
447863,0
447864,0
447865,0
447866,0
447867,0
447868,0
447869,0
447870,0
447871,0
447872,0
447873,23
447874,0
447875,0
447876,0
447877,12
447878,0
447879,0
447880,23
447881,23
447882,10
447883,0
447884,0
447885,23
447886,15
447887,18
447888,0
447889,28
447890,0
447891,0
447892,0
447893,0
447894,0
447895,0
447896,16
447897,0
447898,0
447899,0
447900,0
447901,0
447902,0
447903,0
447904,0
447905,0
447906,11
447907,0
447908,0
447909,7
447910,0
447911,0
447912,0
447913,0
447914,26
447915,13
447916,0
447917,26
447918,7
447919,15
447920,0
447921,0
447922,0
447923,10
447924,0
447925,0
447926,0
447927,0
447928,33
447929,0
447930,0
447931,0
447932,0
447933,0
447934,0
447935,0
447936,0
447937,0
447938,0
447939,20
447940,0
447941,0
447942,0
447943,0
447944,0
447945,0
447946,16
447947,0
447948,0
447949,0
447950,0
447951,0
447952,0
447953,0
447954,0
447955,0
447956,0
447957,0
447958,0
447959,11
447960,0
447961,0
447962,0
447963,0
447964,0
447965,10
447966,0
447967,0
447968,0
447969,0
447970,15
447971,12
447972,19
447973,0
447974,0
447975,0
447976,13
447977,0
447978,0
447979,22
447980,0
447981,0
447982,0
447983,0
447984,0
447985,0
447986,0
447987,0
447988,0
447989,0
447990,0
447991,0
447992,0
447993,0
447994,0
447995,12
447996,0
447997,23
447998,11
447999,0
448000,0
448001,0
448002,0
448003,0
448004,18
448005,0
448006,0
448007,0
448008,0
448009,17
448010,0
448011,0
448012,0
448013,0
448014,0
448015,0
448016,18
448017,0
448018,0
448019,21
448020,0
448021,12
448022,0
448023,0
448024,0
448025,0
448026,0
448027,0
448028,0
448029,0
448030,0
448031,13
448032,0
448033,0
448034,36
448035,0
448036,0
448037,0
448038,19
448039,0
448040,0
448041,0
448042,0
448043,0
448044,0
448045,0
448046,0
448047,0
448048,0
448049,0
448050,0
448051,0
448052,22
448053,0
448054,0
448055,16
448056,0
448057,0
448058,0
448059,0
448060,0
448061,0
448062,14
448063,0
448064,0
448065,0
448066,0
448067,0
448068,0
448069,0
448070,0
448071,0
448072,0
448073,0
448074,0
448075,0
448076,0
448077,0
448078,0
448079,10
448080,18
448081,12
448082,0
448083,22
448084,0
448085,0
448086,0
448087,0
448088,8
448089,0
448090,0
448091,0
448092,0
448093,9
448094,0
448095,0
448096,0
448097,0
448098,28
448099,0
448100,0
448101,9
448102,0
448103,0
448104,0
448105,0
448106,0
448107,0
448108,13
448109,0
448110,0
448111,12
448112,0
448113,0
448114,25
448115,0
448116,10
448117,0
448118,0
448119,0
448120,0
448121,0
448122,0
448123,0
448124,0
448125,0
448126,0
448127,0
448128,0
448129,0
448130,0
448131,0
448132,0
448133,0
448134,0
448135,0
448136,0
448137,0
448138,20
448139,16
448140,0
448141,0
448142,4
448143,0
448144,11
448145,0
448146,0
448147,0
448148,0
448149,0
448150,13
448151,0
448152,0
448153,0
448154,0
448155,0
448156,0
448157,10
448158,0
448159,11
448160,0
448161,0
448162,12
448163,0
448164,0
448165,17
448166,0
448167,14
448168,0
448169,22
448170,13
448171,0
448172,0
448173,19
448174,0
448175,17
448176,32
448177,0
448178,0
448179,19
448180,0
448181,11
448182,0
448183,11
448184,0
448185,0
448186,0
448187,0
448188,0
448189,0
448190,15
448191,0
448192,0
448193,0
448194,0
448195,14
448196,0
448197,0
448198,0
448199,0
448200,0
448201,23
448202,0
448203,0
448204,0
448205,0
448206,0
448207,0
448208,0
448209,0
448210,8
448211,0
448212,16
448213,0
448214,8
448215,0
448216,0
448217,20
448218,0
448219,21
448220,0
448221,0
448222,0
448223,0
448224,0
448225,0
448226,0
448227,20
448228,16
448229,16
448230,0
448231,0
448232,0
448233,0
448234,16
448235,0
448236,0
448237,0
448238,0
448239,18
448240,0
448241,0
448242,14
448243,20
448244,0
448245,0
448246,0
448247,0
448248,16
448249,0
448250,0
448251,0
448252,0
448253,0
448254,16
448255,0
448256,0
448257,17
448258,15
448259,0
448260,0
448261,0
448262,0
448263,0
448264,0
448265,0
448266,0
448267,0
448268,0
448269,0
448270,0
448271,0
448272,0
448273,0
448274,0
448275,20
448276,0
448277,0
448278,0
448279,0
448280,0
448281,0
448282,0
448283,0
448284,30
448285,0
448286,0
448287,0
448288,0
448289,0
448290,9
448291,0
448292,19
448293,0
448294,0
448295,17
448296,0
448297,0
448298,15
448299,20
448300,0
448301,0
448302,0
448303,0
448304,0
448305,0
448306,0
448307,0
448308,16
448309,0
448310,20
448311,0
448312,29
448313,22
448314,0
448315,13
448316,0
448317,0
448318,0
448319,0
448320,0
448321,21
448322,0
448323,0
448324,0
448325,0
448326,0
448327,0
448328,22
448329,0
448330,0
448331,12
448332,0
448333,0
448334,0
448335,0
448336,0
448337,15
448338,19
448339,0
448340,0
448341,0
448342,15
448343,27
448344,0
448345,0
448346,8
448347,0
448348,11
448349,0
448350,0
448351,17
448352,0
448353,0
448354,0
448355,19
448356,0
448357,0
448358,0
448359,0
448360,0
448361,0
448362,0
448363,0
448364,0
448365,0
448366,0
448367,0
448368,0
448369,0
448370,0
448371,11
448372,0
448373,0
448374,0
448375,0
448376,0
448377,0
448378,0
448379,0
448380,20
448381,18
448382,0
448383,16
448384,0
448385,0
448386,0
448387,26
448388,0
448389,0
448390,19
448391,0
448392,0
448393,11
448394,0
448395,0
448396,8
448397,0
448398,0
448399,12
448400,15
448401,0
448402,0
448403,0
448404,0
448405,0
448406,22
448407,0
448408,0
448409,26
448410,0
448411,0
448412,0
448413,0
448414,11
448415,0
448416,9
448417,0
448418,0
448419,19
448420,20
448421,21
448422,0
448423,0
448424,0
448425,0
448426,0
448427,0
448428,0
448429,0
448430,0
448431,19
448432,0
448433,0
448434,0
448435,26
448436,20
448437,0
448438,12
448439,0
448440,0
448441,0
448442,0
448443,25
448444,0
448445,19
448446,0
448447,0
448448,0
448449,0
448450,18
448451,0
448452,0
448453,0
448454,0
448455,0
448456,15
448457,0
448458,20
448459,0
448460,0
448461,0
448462,0
448463,0
448464,0
448465,0
448466,0
448467,0
448468,0
448469,0
448470,0
448471,0
448472,17
448473,0
448474,0
448475,0
448476,0
448477,0
448478,0
448479,21
448480,0
448481,0
448482,0
448483,0
448484,0
448485,0
448486,0
448487,0
448488,14
448489,0
448490,0
448491,0
448492,0
448493,19
448494,15
448495,27
448496,0
448497,9
448498,0
448499,0
448500,0
448501,0
448502,9
448503,0
448504,0
448505,10
448506,0
448507,0
448508,0
448509,0
448510,0
448511,18
448512,0
448513,0
448514,24
448515,14
448516,0
448517,0
448518,0
448519,0
448520,0
448521,0
448522,12
448523,0
448524,12
448525,0
448526,0
448527,0
448528,0
448529,16
448530,0
448531,0
448532,0
448533,30
448534,0
448535,0
448536,0
448537,0
448538,0
448539,25
448540,0
448541,0
448542,21
448543,0
448544,15
448545,0
448546,0
448547,13
448548,0
448549,0
448550,22
448551,0
448552,0
448553,0
448554,27
448555,16
448556,0
448557,24
448558,0
448559,12
448560,0
448561,20
448562,28
448563,19
448564,0
448565,0
448566,0
448567,0
448568,0
448569,12
448570,0
448571,23
448572,0
448573,0
448574,0
448575,15
448576,0
448577,0
448578,0
448579,0
448580,13
448581,0
448582,0
448583,0
448584,9
448585,0
448586,0
448587,7
448588,0
448589,13
448590,0
448591,0
448592,0
448593,0
448594,0
448595,0
448596,19
448597,0
448598,15
448599,0
448600,26
448601,16
448602,0
448603,0
448604,0
448605,0
448606,21
448607,0
448608,0
448609,0
448610,17
448611,0
448612,0
448613,0
448614,0
448615,0
448616,0
448617,0
448618,0
448619,0
448620,0
448621,0
448622,13
448623,0
448624,26
448625,20
448626,0
448627,12
448628,0
448629,0
448630,0
448631,8
448632,16
448633,0
448634,14
448635,0
448636,10
448637,0
448638,0
448639,26
448640,0
448641,0
448642,0
448643,15
448644,0
448645,25
448646,0
448647,14
448648,7
448649,0
448650,0
448651,0
448652,0
448653,0
448654,0
448655,0
448656,0
448657,6
448658,0
448659,0
448660,0
448661,13
448662,0
448663,0
448664,0
448665,0
448666,0
448667,0
448668,0
448669,0
448670,0
448671,0
448672,0
448673,0
448674,0
448675,21
448676,0
448677,0
448678,15
448679,0
448680,0
448681,0
448682,12
448683,0
448684,0
448685,0
448686,0
448687,0
448688,0
448689,14
448690,21
448691,0
448692,0
448693,0
448694,0
448695,0
448696,0
448697,0
448698,20
448699,0
448700,18
448701,0
448702,0
448703,0
448704,0
448705,0
448706,0
448707,12
448708,0
448709,0
448710,12
448711,0
448712,13
448713,0
448714,0
448715,0
448716,0
448717,0
448718,0
448719,0
448720,0
448721,17
448722,0
448723,0
448724,0
448725,0
448726,10
448727,23
448728,15
448729,15
448730,26
448731,12
448732,0
448733,0
448734,0
448735,14
448736,0
448737,0
448738,7
448739,0
448740,15
448741,0
448742,0
448743,0
448744,27
448745,0
448746,0
448747,0
448748,0
448749,0
448750,0
448751,0
448752,0
448753,0
448754,0
448755,0
448756,0
448757,0
448758,0
448759,12
448760,0
448761,20
448762,15
448763,16
448764,0
448765,0
448766,0
448767,0
448768,0
448769,0
448770,0
448771,15
448772,0
448773,16
448774,0
448775,12
448776,0
448777,0
448778,0
448779,0
448780,0
448781,0
448782,0
448783,0
448784,0
448785,0
448786,0
448787,0
448788,0
448789,0
448790,11
448791,0
448792,9
448793,0
448794,0
448795,20
448796,0
448797,0
448798,0
448799,0
448800,0
448801,14
448802,11
448803,0
448804,0
448805,12
448806,11
448807,0
448808,0
448809,0
448810,0
448811,13
448812,16
448813,0
448814,0
448815,16
448816,0
448817,0
448818,0
448819,0
448820,0
448821,0
448822,0
448823,0
448824,0
448825,0
448826,0
448827,10
448828,0
448829,0
448830,0
448831,0
448832,0
448833,0
448834,11
448835,10
448836,18
448837,16
448838,0
448839,0
448840,0
448841,0
448842,24
448843,0
448844,0
448845,0
448846,0
448847,0
448848,18
448849,0
448850,18
448851,22
448852,0
448853,13
448854,28
448855,0
448856,0
448857,17
448858,0
448859,0
448860,18
448861,0
448862,20
448863,0
448864,0
448865,18
448866,0
448867,0
448868,0
448869,0
448870,0
448871,0
448872,14
448873,19
448874,0
448875,0
448876,0
448877,0
448878,17
448879,0
448880,13
448881,15
448882,0
448883,0
448884,0
448885,0
448886,17
448887,16
448888,0
448889,0
448890,0
448891,0
448892,0
448893,18
448894,11
448895,0
448896,17
448897,0
448898,0
448899,15
448900,12
448901,17
448902,0
448903,0
448904,0
448905,15
448906,0
448907,0
448908,0
448909,0
448910,12
448911,0
448912,0
448913,17
448914,0
448915,23
448916,0
448917,20
448918,24
448919,0
448920,0
448921,10
448922,0
448923,0
448924,0
448925,0
448926,0
448927,0
448928,23
448929,0
448930,19
448931,0
448932,0
448933,0
448934,0
448935,0
448936,21
448937,0
448938,21
448939,0
448940,0
448941,0
448942,35
448943,0
448944,0
448945,0
448946,18
448947,13
448948,0
448949,18
448950,14
448951,0
448952,0
448953,26
448954,13
448955,18
448956,0
448957,0
448958,0
448959,0
448960,18
448961,0
448962,0
448963,0
448964,0
448965,0
448966,0
448967,0
448968,0
448969,0
448970,0
448971,19
448972,0
448973,0
448974,0
448975,21
448976,0
448977,0
448978,0
448979,0
448980,0
448981,28
448982,0
448983,0
448984,9
448985,0
448986,0
448987,16
448988,0
448989,19
448990,0
448991,17
448992,16
448993,0
448994,19
448995,0
448996,0
448997,15
448998,0
448999,9
449000,0
449001,0
449002,0
449003,0
449004,0
449005,18
449006,0
449007,0
449008,0
449009,0
449010,19
449011,0
449012,0
449013,19
449014,0
449015,0
449016,0
449017,0
449018,15
449019,0
449020,0
449021,12
449022,0
449023,0
449024,0
449025,0
449026,18
449027,0
449028,0
449029,23
449030,0
449031,0
449032,0
449033,16
449034,0
449035,15
449036,11
449037,0
449038,11
449039,12
449040,0
449041,0
449042,0
449043,17
449044,0
449045,0
449046,0
449047,0
449048,17
449049,29
449050,0
449051,0
449052,0
449053,28
449054,16
449055,0
449056,0
449057,0
449058,0
449059,0
449060,0
449061,0
449062,11
449063,19
449064,0
449065,0
449066,0
449067,0
449068,15
449069,10
449070,0
449071,0
449072,0
449073,0
449074,16
449075,0
449076,0
449077,0
449078,0
449079,9
449080,0
449081,0
449082,19
449083,17
449084,0
449085,0
449086,0
449087,0
449088,0
449089,0
449090,9
449091,18
449092,0
449093,21
449094,11
449095,0
449096,0
449097,0
449098,0
449099,0
449100,0
449101,0
449102,0
449103,0
449104,14
449105,22
449106,19
449107,0
449108,14
449109,0
449110,24
449111,0
449112,0
449113,0
449114,0
449115,17
449116,0
449117,0
449118,0
449119,0
449120,0
449121,0
449122,0
449123,0
449124,0
449125,0
449126,0
449127,34
449128,0
449129,69
449130,0
449131,41
449132,0
449133,46
449134,0
449135,0
449136,0
449137,0
449138,0
449139,0
449140,41
449141,0
449142,0
449143,0
449144,0
449145,0
449146,0
449147,0
449148,0
449149,0
449150,0
449151,0
449152,45
449153,0
449154,0
449155,0
449156,0
449157,0
449158,0
449159,0
449160,0
449161,0
449162,48
449163,0
449164,0
449165,0
449166,44
449167,19
449168,0
449169,0
449170,0
449171,0
449172,0
449173,0
449174,0
449175,0
449176,0
449177,0
449178,0
449179,0
449180,33
449181,0
449182,0
449183,56
449184,0
449185,38
449186,0
449187,41
449188,0
449189,0
449190,0
449191,0
449192,0
449193,31
449194,0
449195,0
449196,0
449197,0
449198,0
449199,0
449200,0
449201,0
449202,26
449203,39
449204,0
449205,0
449206,0
449207,0
449208,0
449209,0
449210,0
449211,0
449212,0
449213,0
449214,41
449215,0
449216,26
449217,0
449218,36
449219,0
449220,0
449221,0
449222,0
449223,0
449224,47
449225,0
449226,0
449227,0
449228,0
449229,0
449230,0
449231,59
449232,0
449233,0
449234,0
449235,48
449236,0
449237,0
449238,0
449239,0
449240,0
449241,0
449242,0
449243,0
449244,0
449245,0
449246,19
449247,0
449248,0
449249,0
449250,0
449251,0
449252,0
449253,46
449254,0
449255,30
449256,0
449257,0
449258,0
449259,0
449260,0
449261,0
449262,0
449263,0
449264,0
449265,0
449266,0
449267,37
449268,0
449269,0
449270,31
449271,0
449272,0
449273,0
449274,0
449275,0
449276,0
449277,0
449278,34
449279,58
449280,0
449281,0
449282,0
449283,0
449284,0
449285,0
449286,0
449287,66
449288,40
449289,18
449290,0
449291,0
449292,0
449293,0
449294,0
449295,0
449296,0
449297,0
449298,0
449299,0
449300,0
449301,0
449302,0
449303,0
449304,32
449305,0
449306,43
449307,0
449308,51
449309,0
449310,0
449311,29
449312,0
449313,0
449314,0
449315,0
449316,0
449317,0
449318,35
449319,0
449320,23
449321,23
449322,0
449323,0
449324,30
449325,31
449326,0
449327,0
449328,0
449329,0
449330,35
449331,0
449332,0
449333,0
449334,0
449335,0
449336,0
449337,0
449338,50
449339,0
449340,0
449341,0
449342,0
449343,0
449344,0
449345,0
449346,0
449347,0
449348,0
449349,0
449350,0
449351,0
449352,0
449353,40
449354,53
449355,0
449356,0
449357,0
449358,0
449359,0
449360,0
449361,0
449362,0
449363,0
449364,0
449365,0
449366,32
449367,0
449368,58
449369,39
449370,0
449371,0
449372,0
449373,0
449374,0
449375,0
449376,0
449377,0
449378,0
449379,0
449380,0
449381,0
449382,0
449383,0
449384,0
449385,0
449386,0
449387,24
449388,0
449389,0
449390,18
449391,0
449392,0
449393,0
449394,0
449395,0
449396,0
449397,0
449398,0
449399,35
449400,0
449401,0
449402,0
449403,0
449404,0
449405,0
449406,0
449407,0
449408,0
449409,0
449410,0
449411,0
449412,48
449413,42
449414,41
449415,0
449416,0
449417,0
449418,0
449419,0
449420,0
449421,0
449422,0
449423,0
449424,0
449425,0
449426,30
449427,0
449428,57
449429,30
449430,31
449431,0
449432,43
449433,0
449434,30
449435,0
449436,0
449437,0
449438,0
449439,0
449440,0
449441,0
449442,0
449443,60
449444,0
449445,0
449446,0
449447,0
449448,0
449449,0
449450,43
449451,43
449452,0
449453,42
449454,0
449455,0
449456,0
449457,34
449458,0
449459,0
449460,0
449461,0
449462,0
449463,0
449464,0
449465,0
449466,0
449467,25
449468,0
449469,0
449470,19
449471,0
449472,0
449473,45
449474,0
449475,0
449476,23
449477,0
449478,0
449479,0
449480,41
449481,0
449482,0
449483,0
449484,0
449485,0
449486,0
449487,0
449488,0
449489,22
449490,0
449491,0
449492,0
449493,0
449494,0
449495,0
449496,0
449497,0
449498,35
449499,0
449500,0
449501,0
449502,0
449503,0
449504,41
449505,0
449506,0
449507,0
449508,0
449509,0
449510,33
449511,0
449512,49
449513,0
449514,43
449515,0
449516,0
449517,0
449518,0
449519,0
449520,0
449521,0
449522,41
449523,0
449524,0
449525,0
449526,0
449527,33
449528,0
449529,0
449530,0
449531,66
449532,0
449533,40
449534,0
449535,0
449536,40
449537,41
449538,0
449539,0
449540,38
449541,0
449542,0
449543,0
449544,0
449545,33
449546,33
449547,0
449548,0
449549,0
449550,0
449551,0
449552,33
449553,22
449554,0
449555,45
449556,36
449557,0
449558,0
449559,0
449560,0
449561,0
449562,0
449563,0
449564,0
449565,0
449566,0
449567,0
449568,0
449569,31
449570,0
449571,0
449572,45
449573,0
449574,0
449575,0
449576,0
449577,39
449578,0
449579,0
449580,0
449581,0
449582,0
449583,0
449584,0
449585,0
449586,0
449587,0
449588,0
449589,34
449590,0
449591,32
449592,45
449593,36
449594,0
449595,27
449596,0
449597,0
449598,0
449599,0
449600,0
449601,0
449602,0
449603,0
449604,0
449605,0
449606,0
449607,0
449608,0
449609,0
449610,0
449611,28
449612,31
449613,0
449614,0
449615,0
449616,0
449617,0
449618,0
449619,0
449620,0
449621,31
449622,0
449623,31
449624,0
449625,34
449626,60
449627,0
449628,46
449629,0
449630,0
449631,0
449632,0
449633,0
449634,0
449635,0
449636,29
449637,0
449638,44
449639,0
449640,0
449641,0
449642,0
449643,46
449644,0
449645,0
449646,42
449647,0
449648,0
449649,0
449650,0
449651,0
449652,0
449653,0
449654,0
449655,0
449656,0
449657,0
449658,0
449659,0
449660,0
449661,0
449662,0
449663,0
449664,0
449665,36
449666,0
449667,0
449668,0
449669,0
449670,0
449671,0
449672,0
449673,0
449674,0
449675,28
449676,44
449677,0
449678,0
449679,0
449680,0
449681,0
449682,0
449683,0
449684,0
449685,54
449686,0
449687,0
449688,35
449689,0
449690,0
449691,0
449692,0
449693,40
449694,0
449695,0
449696,39
449697,0
449698,0
449699,0
449700,0
449701,0
449702,0
449703,0
449704,22
449705,0
449706,0
449707,0
449708,53
449709,0
449710,0
449711,0
449712,0
449713,0
449714,33
449715,0
449716,0
449717,0
449718,0
449719,0
449720,0
449721,0
449722,0
449723,0
449724,0
449725,0
449726,23
449727,0
449728,0
449729,0
449730,42
449731,33
449732,0
449733,0
449734,0
449735,0
449736,0
449737,0
449738,25
449739,0
449740,42
449741,0
449742,0
449743,0
449744,0
449745,0
449746,0
449747,0
449748,0
449749,56
449750,0
449751,18
449752,44
449753,0
449754,0
449755,0
449756,0
449757,0
449758,0
449759,38
449760,0
449761,0
449762,0
449763,0
449764,0
449765,44
449766,0
449767,0
449768,0
449769,0
449770,0
449771,0
449772,0
449773,37
449774,0
449775,50
449776,0
449777,0
449778,0
449779,0
449780,0
449781,0
449782,38
449783,0
449784,0
449785,0
449786,0
449787,0
449788,0
449789,22
449790,0
449791,0
449792,48
449793,0
449794,51
449795,0
449796,0
449797,0
449798,30
449799,0
449800,0
449801,46
449802,0
449803,0
449804,25
449805,0
449806,28
449807,0
449808,0
449809,0
449810,64
449811,0
449812,0
449813,0
449814,0
449815,0
449816,26
449817,0
449818,0
449819,0
449820,0
449821,0
449822,0
449823,0
449824,13
449825,0
449826,0
449827,0
449828,0
449829,0
449830,0
449831,0
449832,0
449833,50
449834,0
449835,27
449836,0
449837,0
449838,0
449839,0
449840,0
449841,0
449842,24
449843,0
449844,0
449845,0
449846,0
449847,0
449848,0
449849,46
449850,0
449851,0
449852,0
449853,0
449854,61
449855,0
449856,0
449857,0
449858,0
449859,0
449860,0
449861,0
449862,0
449863,0
449864,0
449865,0
449866,0
449867,0
449868,0
449869,0
449870,0
449871,0
449872,0
449873,0
449874,25
449875,0
449876,0
449877,0
449878,0
449879,0
449880,0
449881,0
449882,40
449883,0
449884,0
449885,0
449886,0
449887,0
449888,30
449889,0
449890,0
449891,43
449892,0
449893,50
449894,37
449895,0
449896,30
449897,35
449898,0
449899,48
449900,30
449901,0
449902,0
449903,0
449904,39
449905,0
449906,0
449907,0
449908,0
449909,0
449910,0
449911,0
449912,0
449913,0
449914,0
449915,35
449916,0
449917,0
449918,0
449919,0
449920,0
449921,0
449922,55
449923,0
449924,0
449925,0
449926,0
449927,45
449928,0
449929,0
449930,0
449931,0
449932,0
449933,0
449934,0
449935,0
449936,0
449937,0
449938,0
449939,0
449940,0
449941,0
449942,54
449943,0
449944,46
449945,0
449946,0
449947,27
449948,0
449949,20
449950,0
449951,0
449952,0
449953,0
449954,0
449955,0
449956,0
449957,0
449958,0
449959,0
449960,43
449961,0
449962,0
449963,0
449964,0
449965,0
449966,34
449967,0
449968,37
449969,26
449970,0
449971,0
449972,0
449973,0
449974,0
449975,22
449976,0
449977,0
449978,0
449979,34
449980,0
449981,0
449982,0
449983,34
449984,0
449985,42
449986,0
449987,27
449988,24
449989,0
449990,0
449991,0
449992,0
449993,0
449994,43
449995,0
449996,0
449997,34
449998,0
449999,47
450000,0
450001,42
450002,0
450003,46
450004,0
450005,47
450006,0
450007,0
450008,0
450009,0
450010,0
450011,0
450012,0
450013,0
450014,0
450015,0
450016,0
450017,0
450018,0
450019,0
450020,18
450021,0
450022,19
450023,0
450024,0
450025,0
450026,0
450027,0
450028,0
450029,0
450030,26
450031,0
450032,0
450033,0
450034,0
450035,0
450036,0
450037,0
450038,41
450039,37
450040,0
450041,0
450042,0
450043,0
450044,0
450045,0
450046,0
450047,0
450048,0
450049,41
450050,43
450051,0
450052,0
450053,0
450054,0
450055,0
450056,0
450057,0
450058,0
450059,0
450060,0
450061,0
450062,0
450063,0
450064,0
450065,17
450066,0
450067,0
450068,20
450069,17
450070,0
450071,0
450072,0
450073,21
450074,0
450075,17
450076,0
450077,0
450078,0
450079,15
450080,26
450081,21
450082,26
450083,19
450084,0
450085,0
450086,11
450087,23
450088,0
450089,0
450090,0
450091,0
450092,0
450093,0
450094,24
450095,16
450096,0
450097,24
450098,0
450099,0
450100,0
450101,0
450102,0
450103,0
450104,0
450105,0
450106,0
450107,24
450108,25
450109,0
450110,0
450111,20
450112,17
450113,0
450114,0
450115,0
450116,0
450117,23
450118,19
450119,0
450120,0
450121,20
450122,23
450123,0
450124,25
450125,0
450126,21
450127,19
450128,0
450129,32
450130,0
450131,17
450132,16
450133,0
450134,0
450135,0
450136,0
450137,18
450138,26
450139,33
450140,24
450141,25
450142,15
450143,0
450144,0
450145,0
450146,0
450147,11
450148,0
450149,18
450150,23
450151,0
450152,0
450153,25
450154,0
450155,0
450156,21
450157,22
450158,0
450159,0
450160,25
450161,0
450162,14
450163,0
450164,27
450165,0
450166,0
450167,17
450168,0
450169,0
450170,19
450171,0
450172,0
450173,17
450174,0
450175,0
450176,20
450177,0
450178,0
450179,0
450180,23
450181,0
450182,17
450183,0
450184,0
450185,0
450186,0
450187,16
450188,0
450189,26
450190,26
450191,0
450192,0
450193,25
450194,12
450195,0
450196,0
450197,0
450198,25
450199,24
450200,0
450201,0
450202,21
450203,25
450204,0
450205,18
450206,0
450207,0
450208,0
450209,0
450210,0
450211,0
450212,0
450213,0
450214,0
450215,0
450216,0
450217,0
450218,27
450219,0
450220,0
450221,0
450222,19
450223,0
450224,0
450225,21
450226,0
450227,0
450228,0
450229,0
450230,0
450231,29
450232,0
450233,0
450234,16
450235,0
450236,12
450237,25
450238,19
450239,0
450240,0
450241,0
450242,16
450243,27
450244,0
450245,0
450246,0
450247,0
450248,0
450249,0
450250,0
450251,0
450252,0
450253,18
450254,0
450255,0
450256,19
450257,17
450258,0
450259,12
450260,15
450261,0
450262,22
450263,35
450264,22
450265,0
450266,0
450267,0
450268,0
450269,27
450270,0
450271,19
450272,0
450273,0
450274,0
450275,0
450276,0
450277,0
450278,12
450279,0
450280,0
450281,0
450282,21
450283,0
450284,0
450285,0
450286,0
450287,0
450288,18
450289,0
450290,0
450291,0
450292,0
450293,20
450294,0
450295,15
450296,0
450297,0
450298,18
450299,0
450300,21
450301,0
450302,0
450303,0
450304,0
450305,0
450306,0
450307,0
450308,32
450309,25
450310,0
450311,0
450312,0
450313,0
450314,0
450315,0
450316,0
450317,0
450318,0
450319,0
450320,25
450321,0
450322,0
450323,0
450324,0
450325,0
450326,0
450327,0
450328,0
450329,25
450330,27
450331,0
450332,28
450333,0
450334,0
450335,0
450336,0
450337,0
450338,0
450339,0
450340,0
450341,0
450342,0
450343,21
450344,0
450345,0
450346,15
450347,20
450348,26
450349,27
450350,0
450351,0
450352,0
450353,16
450354,0
450355,17
450356,0
450357,0
450358,24
450359,0
450360,0
450361,25
450362,0
450363,0
450364,0
450365,0
450366,19
450367,0
450368,0
450369,0
450370,12
450371,0
450372,0
450373,0
450374,0
450375,17
450376,0
450377,0
450378,19
450379,0
450380,0
450381,0
450382,0
450383,0
450384,0
450385,21
450386,29
450387,18
450388,0
450389,0
450390,23
450391,20
450392,0
450393,0
450394,20
450395,0
450396,0
450397,0
450398,0
450399,0
450400,21
450401,0
450402,17
450403,0
450404,0
450405,0
450406,0
450407,0
450408,25
450409,26
450410,0
450411,0
450412,30
450413,0
450414,15
450415,0
450416,0
450417,0
450418,0
450419,0
450420,0
450421,18
450422,0
450423,0
450424,24
450425,0
450426,0
450427,17
450428,0
450429,0
450430,0
450431,40
450432,0
450433,0
450434,0
450435,0
450436,25
450437,0
450438,0
450439,0
450440,0
450441,0
450442,20
450443,0
450444,0
450445,0
450446,0
450447,0
450448,9
450449,22
450450,22
450451,0
450452,0
450453,19
450454,23
450455,23
450456,0
450457,12
450458,0
450459,21
450460,0
450461,0
450462,26
450463,0
450464,21
450465,25
450466,22
450467,28
450468,0
450469,0
450470,26
450471,17
450472,0
450473,27
450474,0
450475,16
450476,0
450477,23
450478,17
450479,0
450480,23
450481,0
450482,0
450483,0
450484,0
450485,0
450486,18
450487,25
450488,0
450489,0
450490,24
450491,12
450492,17
450493,0
450494,0
450495,24
450496,0
450497,0
450498,0
450499,0
450500,16
450501,0
450502,0
450503,0
450504,15
450505,0
450506,0
450507,0
450508,23
450509,0
450510,0
450511,0
450512,0
450513,0
450514,0
450515,0
450516,0
450517,0
450518,0
450519,0
450520,0
450521,0
450522,0
450523,0
450524,0
450525,0
450526,0
450527,0
450528,10
450529,28
450530,0
450531,8
450532,0
450533,0
450534,0
450535,0
450536,0
450537,0
450538,0
450539,25
450540,0
450541,0
450542,32
450543,0
450544,25
450545,29
450546,0
450547,0
450548,0
450549,0
450550,0
450551,0
450552,0
450553,0
450554,0
450555,0
450556,0
450557,0
450558,0
450559,0
450560,0
450561,0
450562,28
450563,0
450564,21
450565,0
450566,0
450567,29
450568,0
450569,18
450570,0
450571,0
450572,0
450573,0
450574,20
450575,0
450576,0
450577,0
450578,0
450579,27
450580,18
450581,19
450582,0
450583,0
450584,0
450585,18
450586,0
450587,13
450588,0
450589,0
450590,21
450591,0
450592,0
450593,13
450594,19
450595,0
450596,18
450597,0
450598,0
450599,0
450600,0
450601,0
450602,21
450603,0
450604,0
450605,0
450606,0
450607,0
450608,13
450609,0
450610,0
450611,29
450612,0
450613,0
450614,0
450615,0
450616,0
450617,0
450618,0
450619,0
450620,0
450621,0
450622,16
450623,29
450624,0
450625,0
450626,0
450627,0
450628,25
450629,0
450630,19
450631,0
450632,22
450633,23
450634,0
450635,0
450636,12
450637,26
450638,0
450639,0
450640,0
450641,0
450642,0
450643,0
450644,0
450645,0
450646,26
450647,0
450648,22
450649,20
450650,0
450651,0
450652,12
450653,0
450654,23
450655,0
450656,0
450657,0
450658,0
450659,0
450660,0
450661,0
450662,0
450663,0
450664,17
450665,0
450666,0
450667,0
450668,0
450669,21
450670,0
450671,0
450672,0
450673,27
450674,19
450675,0
450676,21
450677,23
450678,25
450679,0
450680,0
450681,0
450682,20
450683,0
450684,0
450685,0
450686,0
450687,0
450688,22
450689,8
450690,0
450691,0
450692,0
450693,19
450694,0
450695,0
450696,0
450697,0
450698,0
450699,0
450700,0
450701,18
450702,0
450703,0
450704,0
450705,25
450706,18
450707,0
450708,20
450709,24
450710,0
450711,17
450712,0
450713,0
450714,17
450715,18
450716,0
450717,0
450718,0
450719,0
450720,0
450721,0
450722,0
450723,0
450724,26
450725,0
450726,17
450727,0
450728,23
450729,0
450730,18
450731,0
450732,0
450733,0
450734,0
450735,0
450736,0
450737,17
450738,0
450739,0
450740,13
450741,24
450742,0
450743,0
450744,19
450745,0
450746,0
450747,27
450748,0
450749,24
450750,0
450751,0
450752,0
450753,0
450754,0
450755,0
450756,0
450757,0
450758,20
450759,15
450760,0
450761,0
450762,0
450763,0
450764,27
450765,0
450766,0
450767,0
450768,14
450769,22
450770,14
450771,0
450772,0
450773,0
450774,0
450775,0
450776,0
450777,0
450778,0
450779,0
450780,0
450781,0
450782,19
450783,0
450784,0
450785,0
450786,0
450787,0
450788,0
450789,18
450790,22
450791,0
450792,22
450793,17
450794,33
450795,0
450796,0
450797,0
450798,0
450799,0
450800,0
450801,0
450802,0
450803,0
450804,0
450805,15
450806,0
450807,0
450808,13
450809,11
450810,0
450811,24
450812,0
450813,0
450814,0
450815,0
450816,0
450817,0
450818,0
450819,19
450820,22
450821,18
450822,0
450823,0
450824,0
450825,0
450826,0
450827,0
450828,0
450829,0
450830,0
450831,0
450832,0
450833,21
450834,0
450835,24
450836,21
450837,0
450838,0
450839,0
450840,0
450841,0
450842,0
450843,0
450844,0
450845,0
450846,0
450847,0
450848,0
450849,0
450850,0
450851,0
450852,0
450853,23
450854,0
450855,0
450856,0
450857,35
450858,0
450859,18
450860,19
450861,29
450862,0
450863,27
450864,0
450865,0
450866,0
450867,0
450868,0
450869,0
450870,19
450871,16
450872,0
450873,0
450874,0
450875,0
450876,13
450877,0
450878,0
450879,23
450880,0
450881,0
450882,0
450883,18
450884,0
450885,19
450886,0
450887,28
450888,0
450889,0
450890,0
450891,0
450892,0
450893,21
450894,16
450895,37
450896,0
450897,7
450898,0
450899,0
450900,0
450901,0
450902,0
450903,0
450904,0
450905,0
450906,0
450907,0
450908,0
450909,0
450910,0
450911,17
450912,0
450913,9
450914,0
450915,0
450916,0
450917,0
450918,0
450919,22
450920,0
450921,0
450922,0
450923,0
450924,0
450925,0
450926,0
450927,0
450928,0
450929,0
450930,0
450931,0
450932,0
450933,0
450934,1
450935,0
450936,0
450937,0
450938,0
450939,0
450940,1
450941,0
450942,0
450943,0
450944,0
450945,0
450946,0
450947,0
450948,2
450949,0
450950,0
450951,1
450952,0
450953,0
450954,0
450955,0
450956,0
450957,0
450958,0
450959,0
450960,0
450961,0
450962,0
450963,0
450964,0
450965,0
450966,0
450967,0
450968,0
450969,0
450970,0
450971,0
450972,0
450973,0
450974,0
450975,0
450976,0
450977,0
450978,0
450979,0
450980,0
450981,0
450982,1
450983,0
450984,0
450985,0
450986,1
450987,0
450988,0
450989,0
450990,0
450991,0
450992,0
450993,0
450994,0
450995,0
450996,0
450997,0
450998,0
450999,0
451000,0
451001,0
451002,0
451003,0
451004,0
451005,0
451006,0
451007,0
451008,0
451009,0
451010,0
451011,0
451012,0
451013,0
451014,0
451015,0
451016,0
451017,0
451018,0
451019,0
451020,0
451021,0
451022,0
451023,0
451024,0
451025,0
451026,0
451027,0
451028,0
451029,0
451030,0
451031,0
451032,0
451033,0
451034,0
451035,0
451036,0
451037,0
451038,0
451039,0
451040,0
451041,0
451042,0
451043,0
451044,0
451045,0
451046,0
451047,0
451048,0
451049,0
451050,0
451051,0
451052,0
451053,0
451054,0
451055,0
451056,0
451057,0
451058,0
451059,0
451060,1
451061,1
451062,0
451063,0
451064,0
451065,0
451066,0
451067,0
451068,0
451069,0
451070,0
451071,1
451072,0
451073,0
451074,0
451075,0
451076,0
451077,0
451078,0
451079,0
451080,0
451081,0
451082,0
451083,0
451084,0
451085,0
451086,0
451087,0
451088,0
451089,0
451090,0
451091,0
451092,0
451093,0
451094,0
451095,0
451096,0
451097,0
451098,0
451099,0
451100,0
451101,0
451102,0
451103,0
451104,0
451105,0
451106,0
451107,0
451108,0
451109,0
451110,1
451111,0
451112,0
451113,0
451114,0
451115,0
451116,0
451117,1
451118,1
451119,0
451120,0
451121,1
451122,0
451123,0
451124,0
451125,0
451126,0
451127,0
451128,0
451129,0
451130,0
451131,0
451132,0
451133,0
451134,0
451135,0
451136,0
451137,0
451138,0
451139,0
451140,0
451141,0
451142,0
451143,0
451144,0
451145,0
451146,0
451147,0
451148,0
451149,0
451150,0
451151,0
451152,0
451153,0
451154,0
451155,0
451156,0
451157,0
451158,0
451159,0
451160,0
451161,0
451162,0
451163,0
451164,0
451165,0
451166,0
451167,0
451168,0
451169,0
451170,1
451171,0
451172,0
451173,0
451174,0
451175,0
451176,0
451177,0
451178,0
451179,0
451180,0
451181,0
451182,0
451183,0
451184,0
451185,0
451186,0
451187,0
451188,0
451189,0
451190,1
451191,0
451192,0
451193,0
451194,0
451195,0
451196,0
451197,0
451198,0
451199,0
451200,0
451201,0
451202,2
451203,0
451204,0
451205,0
451206,0
451207,0
451208,0
451209,0
451210,0
451211,0
451212,0
451213,0
451214,0
451215,0
451216,0
451217,0
451218,0
451219,0
451220,0
451221,0
451222,0
451223,0
451224,0
451225,0
451226,0
451227,0
451228,0
451229,0
451230,0
451231,1
451232,0
451233,0
451234,0
451235,0
451236,0
451237,0
451238,0
451239,0
451240,0
451241,0
451242,0
451243,0
451244,0
451245,0
451246,1
451247,0
451248,0
451249,0
451250,0
451251,0
451252,0
451253,0
451254,0
451255,0
451256,0
451257,0
451258,0
451259,0
451260,0
451261,0
451262,0
451263,0
451264,0
451265,0
451266,0
451267,0
451268,0
451269,0
451270,0
451271,0
451272,0
451273,0
451274,0
451275,0
451276,0
451277,0
451278,0
451279,0
451280,0
451281,0
451282,0
451283,0
451284,0
451285,0
451286,0
451287,1
451288,0
451289,0
451290,0
451291,0
451292,0
451293,0
451294,0
451295,0
451296,0
451297,0
451298,0
451299,0
451300,0
451301,0
451302,0
451303,0
451304,0
451305,1
451306,0
451307,0
451308,0
451309,0
451310,0
451311,0
451312,0
451313,0
451314,0
451315,1
451316,0
451317,0
451318,0
451319,0
451320,0
451321,0
451322,0
451323,0
451324,0
451325,0
451326,0
451327,0
451328,0
451329,0
451330,0
451331,0
451332,0
451333,0
451334,0
451335,0
451336,0
451337,0
451338,1
451339,0
451340,3
451341,0
451342,0
451343,0
451344,0
451345,0
451346,0
451347,0
451348,0
451349,0
451350,0
451351,0
451352,0
451353,0
451354,0
451355,0
451356,2
451357,0
451358,0
451359,0
451360,0
451361,0
451362,0
451363,0
451364,0
451365,0
451366,0
451367,0
451368,0
451369,0
451370,0
451371,0
451372,1
451373,0
451374,0
451375,0
451376,0
451377,0
451378,1
451379,0
451380,0
451381,0
451382,0
451383,0
451384,0
451385,0
451386,0
451387,0
451388,0
451389,0
451390,0
451391,0
451392,0
451393,0
451394,0
451395,0
451396,0
451397,0
451398,0
451399,0
451400,1
451401,0
451402,0
451403,0
451404,0
451405,0
451406,0
451407,0
451408,0
451409,0
451410,0
451411,0
451412,0
451413,0
451414,0
451415,0
451416,0
451417,0
451418,0
451419,0
451420,0
451421,0
451422,0
451423,0
451424,0
451425,0
451426,1
451427,0
451428,0
451429,0
451430,0
451431,0
451432,0
451433,0
451434,0
451435,0
451436,0
451437,0
451438,0
451439,0
451440,0
451441,0
451442,0
451443,0
451444,0
451445,0
451446,0
451447,0
451448,0
451449,0
451450,0
451451,0
451452,0
451453,0
451454,0
451455,1
451456,0
451457,0
451458,0
451459,0
451460,0
451461,0
451462,0
451463,0
451464,0
451465,0
451466,0
451467,0
451468,0
451469,0
451470,0
451471,0
451472,0
451473,0
451474,0
451475,0
451476,0
451477,0
451478,2
451479,0
451480,0
451481,0
451482,0
451483,0
451484,0
451485,0
451486,0
451487,0
451488,0
451489,0
451490,0
451491,0
451492,1
451493,0
451494,0
451495,0
451496,0
451497,2
451498,0
451499,0
451500,0
451501,0
451502,0
451503,0
451504,0
451505,0
451506,0
451507,0
451508,0
451509,0
451510,0
451511,0
451512,0
451513,1
451514,0
451515,0
451516,0
451517,0
451518,0
451519,0
451520,0
451521,0
451522,0
451523,0
451524,0
451525,0
451526,0
451527,0
451528,0
451529,0
451530,0
451531,0
451532,0
451533,0
451534,0
451535,0
451536,0
451537,0
451538,0
451539,0
451540,0
451541,0
451542,0
451543,0
451544,0
451545,0
451546,0
451547,0
451548,0
451549,0
451550,0
451551,0
451552,0
451553,0
451554,0
451555,0
451556,2
451557,0
451558,0
451559,0
451560,0
451561,0
451562,0
451563,0
451564,0
451565,0
451566,0
451567,0
451568,0
451569,0
451570,0
451571,0
451572,0
451573,0
451574,0
451575,0
451576,0
451577,0
451578,0
451579,0
451580,0
451581,0
451582,0
451583,0
451584,0
451585,0
451586,0
451587,0
451588,0
451589,4
451590,0
451591,0
451592,0
451593,0
451594,0
451595,0
451596,0
451597,0
451598,1
451599,0
451600,0
451601,0
451602,0
451603,0
451604,0
451605,0
451606,0
451607,0
451608,0
451609,0
451610,0
451611,0
451612,1
451613,2
451614,0
451615,0
451616,0
451617,0
451618,0
451619,0
451620,0
451621,0
451622,0
451623,4
451624,0
451625,0
451626,0
451627,0
451628,0
451629,0
451630,2
451631,0
451632,0
451633,0
451634,0
451635,0
451636,0
451637,0
451638,0
451639,0
451640,0
451641,0
451642,0
451643,0
451644,2
451645,0
451646,0
451647,0
451648,0
451649,0
451650,0
451651,0
451652,0
451653,0
451654,0
451655,1
451656,0
451657,0
451658,0
451659,2
451660,0
451661,1
451662,6
451663,0
451664,0
451665,0
451666,0
451667,0
451668,0
451669,0
451670,0
451671,0
451672,0
451673,0
451674,0
451675,0
451676,0
451677,53
451678,29
451679,0
451680,0
451681,0
451682,0
451683,0
451684,0
451685,0
451686,0
451687,0
451688,46
451689,37
451690,0
451691,0
451692,0
451693,0
451694,47
451695,0
451696,0
451697,0
451698,0
451699,0
451700,0
451701,46
451702,27
451703,38
451704,30
451705,0
451706,31
451707,0
451708,0
451709,55
451710,0
451711,0
451712,0
451713,33
451714,0
451715,0
451716,0
451717,0
451718,0
451719,0
451720,45
451721,0
451722,0
451723,32
451724,51
451725,0
451726,0
451727,0
451728,0
451729,23
451730,0
451731,47
451732,0
451733,0
451734,0
451735,0
451736,0
451737,0
451738,0
451739,0
451740,33
451741,0
451742,0
451743,0
451744,0
451745,0
451746,0
451747,0
451748,0
451749,41
451750,0
451751,31
451752,0
451753,34
451754,0
451755,0
451756,0
451757,0
451758,28
451759,0
451760,0
451761,0
451762,43
451763,0
451764,0
451765,0
451766,0
451767,0
451768,40
451769,47
451770,0
451771,43
451772,40
451773,0
451774,41
451775,0
451776,0
451777,36
451778,0
451779,0
451780,0
451781,0
451782,0
451783,0
451784,0
451785,0
451786,0
451787,0
451788,0
451789,0
451790,0
451791,24
451792,59
451793,0
451794,0
451795,0
451796,0
451797,0
451798,0
451799,0
451800,0
451801,0
451802,0
451803,0
451804,0
451805,0
451806,0
451807,0
451808,26
451809,32
451810,0
451811,0
451812,0
451813,0
451814,34
451815,0
451816,0
451817,28
451818,56
451819,0
451820,0
451821,0
451822,0
451823,53
451824,0
451825,0
451826,0
451827,0
451828,28
451829,0
451830,0
451831,0
451832,38
451833,0
451834,41
451835,0
451836,0
451837,26
451838,0
451839,0
451840,0
451841,36
451842,0
451843,0
451844,0
451845,0
451846,0
451847,0
451848,0
451849,0
451850,0
451851,0
451852,0
451853,1
451854,0
451855,0
451856,0
451857,0
451858,0
451859,0
451860,1
451861,0
451862,0
451863,0
451864,0
451865,0
451866,0
451867,1
451868,0
451869,0
451870,0
451871,0
451872,0
451873,0
451874,0
451875,0
451876,0
451877,0
451878,0
451879,1
451880,0
451881,0
451882,0
451883,0
451884,0
451885,0
451886,0
451887,0
451888,0
451889,0
451890,0
451891,2
451892,0
451893,0
451894,0
451895,0
451896,0
451897,1
451898,0
451899,0
451900,0
451901,4
451902,0
451903,0
451904,1
451905,0
451906,0
451907,0
451908,0
451909,0
451910,0
451911,0
451912,0
451913,0
451914,0
451915,0
451916,1
451917,0
451918,0
451919,2
451920,0
451921,0
451922,0
451923,0
451924,0
451925,2
451926,0
451927,0
451928,0
451929,0
451930,0
451931,0
451932,0
451933,0
451934,0
451935,0
451936,0
451937,0
451938,0
451939,0
451940,0
451941,0
451942,2
451943,0
451944,0
451945,0
451946,0
451947,0
451948,0
451949,0
451950,0
451951,0
451952,0
451953,0
451954,0
451955,0
451956,0
451957,0
451958,0
451959,0
451960,5
451961,0
451962,0
451963,0
451964,0
451965,0
451966,0
451967,0
451968,0
451969,0
451970,0
451971,0
451972,0
451973,0
451974,0
451975,0
451976,0
451977,0
451978,0
451979,0
451980,0
451981,0
451982,0
451983,0
451984,0
451985,0
451986,0
451987,0
451988,0
451989,0
451990,0
451991,0
451992,0
451993,0
451994,0
451995,0
451996,0
451997,0
451998,0
451999,0
452000,0
452001,0
452002,0
452003,0
452004,0
452005,0
452006,0
452007,0
452008,0
452009,0
452010,0
452011,3
452012,0
452013,0
452014,0
452015,0
452016,0
452017,0
452018,0
452019,0
452020,0
452021,0
452022,0
452023,0
452024,0
452025,0
452026,0
452027,0
452028,1
452029,0
452030,0
452031,0
452032,3
452033,0
452034,0
452035,0
452036,0
452037,0
452038,0
452039,0
452040,0
452041,0
452042,0
452043,0
452044,0
452045,0
452046,1
452047,0
452048,3
452049,0
452050,0
452051,0
452052,0
452053,0
452054,0
452055,0
452056,0
452057,0
452058,0
452059,0
452060,0
452061,0
452062,0
452063,0
452064,0
452065,0
452066,0
452067,0
452068,0
452069,0
452070,0
452071,0
452072,0
452073,0
452074,0
452075,0
452076,0
452077,0
452078,0
452079,0
452080,0
452081,0
452082,0
452083,0
452084,0
452085,0
452086,2
452087,0
452088,0
452089,0
452090,0
452091,0
452092,0
452093,0
452094,0
452095,0
452096,0
452097,0
452098,0
452099,0
452100,0
452101,0
452102,1
452103,3
452104,0
452105,0
452106,0
452107,1
452108,0
452109,0
452110,3
452111,0
452112,0
452113,0
452114,0
452115,0
452116,0
452117,0
452118,0
452119,0
452120,0
452121,0
452122,0
452123,0
452124,0
452125,0
452126,0
452127,0
452128,0
452129,1
452130,0
452131,0
452132,0
452133,0
452134,0
452135,0
452136,0
452137,0
452138,0
452139,0
452140,2
452141,0
452142,0
452143,0
452144,0
452145,1
452146,0
452147,0
452148,0
452149,0
452150,2
452151,0
452152,0
452153,0
452154,0
452155,0
452156,2
452157,0
452158,0
452159,0
452160,0
452161,0
452162,0
452163,0
452164,0
452165,0
452166,0
452167,0
452168,0
452169,0
452170,0
452171,0
452172,0
452173,0
452174,0
452175,0
452176,0
452177,0
452178,0
452179,0
452180,0
452181,0
452182,0
452183,2
452184,0
452185,0
452186,0
452187,0
452188,0
452189,0
452190,0
452191,0
452192,0
452193,0
452194,0
452195,0
452196,0
452197,0
452198,0
452199,3
452200,0
452201,0
452202,0
452203,0
452204,0
452205,0
452206,0
452207,0
452208,0
452209,0
452210,0
452211,0
452212,0
452213,0
452214,0
452215,0
452216,4
452217,0
452218,0
452219,0
452220,0
452221,0
452222,0
452223,0
452224,0
452225,0
452226,2
452227,0
452228,0
452229,0
452230,0
452231,0
452232,0
452233,0
452234,0
452235,1
452236,0
452237,0
452238,0
452239,0
452240,0
452241,0
452242,0
452243,0
452244,0
452245,1
452246,0
452247,0
452248,1
452249,0
452250,0
452251,0
452252,0
452253,0
452254,0
452255,0
452256,0
452257,3
452258,0
452259,0
452260,0
452261,0
452262,0
452263,0
452264,0
452265,0
452266,0
452267,0
452268,0
452269,0
452270,0
452271,0
452272,0
452273,0
452274,0
452275,0
452276,0
452277,0
452278,0
452279,0
452280,0
452281,0
452282,0
452283,0
452284,0
452285,0
452286,0
452287,0
452288,0
452289,0
452290,0
452291,0
452292,0
452293,0
452294,0
452295,0
452296,0
452297,1
452298,0
452299,0
452300,0
452301,0
452302,0
452303,0
452304,0
452305,0
452306,0
452307,0
452308,0
452309,0
452310,0
452311,0
452312,0
452313,0
452314,0
452315,0
452316,0
452317,0
452318,0
452319,0
452320,0
452321,0
452322,0
452323,0
452324,0
452325,0
452326,0
452327,0
452328,0
452329,4
452330,0
452331,0
452332,0
452333,0
452334,0
452335,0
452336,0
452337,0
452338,0
452339,0
452340,0
452341,0
452342,0
452343,1
452344,0
452345,0
452346,0
452347,0
452348,0
452349,0
452350,0
452351,0
452352,0
452353,2
452354,0
452355,0
452356,0
452357,0
452358,0
452359,0
452360,0
452361,0
452362,0
452363,0
452364,1
452365,0
452366,0
452367,0
452368,0
452369,0
452370,0
452371,0
452372,0
452373,0
452374,0
452375,0
452376,0
452377,0
452378,0
452379,0
452380,0
452381,0
452382,0
452383,0
452384,0
452385,0
452386,0
452387,0
452388,0
452389,0
452390,2
452391,0
452392,0
452393,0
452394,0
452395,0
452396,0
452397,0
452398,0
452399,0
452400,0
452401,0
452402,4
452403,0
452404,0
452405,2
452406,0
452407,0
452408,0
452409,0
452410,0
452411,0
452412,0
452413,0
452414,0
452415,0
452416,1
452417,0
452418,1
452419,4
452420,0
452421,0
452422,0
452423,0
452424,0
452425,0
452426,0
452427,0
452428,0
452429,1
452430,0
452431,0
452432,0
452433,1
452434,0
452435,0
452436,0
452437,0
452438,0
452439,0
452440,0
452441,0
452442,0
452443,0
452444,0
452445,0
452446,0
452447,0
452448,1
452449,0
452450,0
452451,0
452452,0
452453,3
452454,0
452455,2
452456,0
452457,0
452458,0
452459,0
452460,0
452461,2
452462,0
452463,0
452464,0
452465,0
452466,0
452467,0
452468,0
452469,0
452470,0
452471,0
452472,0
452473,0
452474,0
452475,2
452476,0
452477,0
452478,0
452479,0
452480,0
452481,0
452482,0
452483,0
452484,0
452485,1
452486,0
452487,0
452488,0
452489,0
452490,0
452491,0
452492,0
452493,0
452494,0
452495,0
452496,0
452497,0
452498,2
452499,0
452500,0
452501,0
452502,0
452503,0
452504,0
452505,0
452506,0
452507,0
452508,0
452509,0
452510,0
452511,0
452512,2
452513,0
452514,1
452515,1
452516,0
452517,0
452518,1
452519,0
452520,21
452521,33
452522,0
452523,0
452524,0
452525,0
452526,0
452527,0
452528,14
452529,10
452530,0
452531,25
452532,5
452533,0
452534,9
452535,0
452536,0
452537,18
452538,0
452539,10
452540,0
452541,18
452542,0
452543,15
452544,0
452545,22
452546,0
452547,0
452548,11
452549,0
452550,0
452551,0
452552,0
452553,25
452554,18
452555,0
452556,0
452557,0
452558,0
452559,23
452560,0
452561,13
452562,0
452563,0
452564,0
452565,0
452566,0
452567,0
452568,18
452569,0
452570,15
452571,0
452572,17
452573,0
452574,0
452575,0
452576,0
452577,0
452578,0
452579,0
452580,0
452581,0
452582,0
452583,0
452584,0
452585,0
452586,0
452587,0
452588,34
452589,0
452590,0
452591,0
452592,0
452593,0
452594,0
452595,0
452596,29
452597,0
452598,0
452599,0
452600,0
452601,39
452602,0
452603,0
452604,0
452605,0
452606,0
452607,0
452608,0
452609,0
452610,0
452611,0
452612,0
452613,0
452614,30
452615,0
452616,0
452617,0
452618,0
452619,0
452620,0
452621,0
452622,0
452623,0
452624,0
452625,0
452626,0
452627,0
452628,0
452629,0
452630,0
452631,0
452632,0
452633,0
452634,0
452635,0
452636,0
452637,0
452638,0
452639,0
452640,0
452641,34
452642,0
452643,0
452644,0
452645,0
452646,0
452647,0
452648,0
452649,0
452650,0
452651,36
452652,0
452653,0
452654,0
452655,0
452656,0
452657,21
452658,0
452659,0
452660,32
452661,24
452662,0
452663,0
452664,0
452665,0
452666,0
452667,27
452668,0
452669,0
452670,0
452671,0
452672,48
452673,0
452674,0
452675,0
452676,34
452677,0
452678,0
452679,18
452680,0
452681,0
452682,0
452683,0
452684,45
452685,0
452686,34
452687,0
452688,33
452689,0
452690,0
452691,0
452692,0
452693,0
452694,0
452695,0
452696,0
452697,0
452698,0
452699,0
452700,0
452701,0
452702,0
452703,0
452704,0
452705,0
452706,0
452707,0
452708,36
452709,47
452710,0
452711,0
452712,0
452713,0
452714,0
452715,27
452716,0
452717,0
452718,41
452719,0
452720,0
452721,0
452722,46
452723,0
452724,0
452725,0
452726,0
452727,0
452728,0
452729,0
452730,34
452731,0
452732,0
452733,0
452734,0
452735,0
452736,26
452737,0
452738,0
452739,0
452740,0
452741,25
452742,0
452743,0
452744,0
452745,0
452746,0
452747,0
452748,0
452749,0
452750,0
452751,0
452752,0
452753,0
452754,0
452755,0
452756,0
452757,0
452758,0
452759,0
452760,45
452761,0
452762,29
452763,0
452764,0
452765,0
452766,0
452767,0
452768,0
452769,0
452770,0
452771,0
452772,20
452773,0
452774,41
452775,0
452776,0
452777,0
452778,0
452779,31
452780,0
452781,31
452782,0
452783,0
452784,0
452785,0
452786,0
452787,0
452788,0
452789,0
452790,0
452791,0
452792,0
452793,0
452794,0
452795,43
452796,0
452797,0
452798,0
452799,0
452800,0
452801,0
452802,0
452803,0
452804,26
452805,0
452806,0
452807,0
452808,0
452809,0
452810,0
452811,0
452812,0
452813,0
452814,0
452815,0
452816,0
452817,64
452818,0
452819,0
452820,0
452821,0
452822,0
452823,0
452824,0
452825,0
452826,23
452827,0
452828,0
452829,0
452830,0
452831,0
452832,42
452833,27
452834,0
452835,0
452836,0
452837,0
452838,0
452839,0
452840,0
452841,0
452842,0
452843,0
452844,0
452845,0
452846,0
452847,0
452848,0
452849,27
452850,31
452851,0
452852,25
452853,0
452854,0
452855,0
452856,0
452857,0
452858,0
452859,0
452860,0
452861,0
452862,0
452863,0
452864,0
452865,38
452866,0
452867,0
452868,0
452869,35
452870,0
452871,0
452872,0
452873,0
452874,0
452875,0
452876,0
452877,0
452878,0
452879,0
452880,45
452881,0
452882,0
452883,0
452884,36
452885,0
452886,0
452887,0
452888,0
452889,0
452890,0
452891,45
452892,0
452893,39
452894,0
452895,0
452896,0
452897,0
452898,0
452899,34
452900,0
452901,0
452902,0
452903,0
452904,0
452905,31
452906,0
452907,0
452908,0
452909,0
452910,0
452911,0
452912,0
452913,0
452914,0
452915,0
452916,0
452917,0
452918,0
452919,0
452920,0
452921,0
452922,0
452923,0
452924,0
452925,0
452926,0
452927,0
452928,0
452929,26
452930,0
452931,46
452932,0
452933,0
452934,0
452935,0
452936,0
452937,0
452938,0
452939,43
452940,21
452941,35
452942,26
452943,0
452944,0
452945,0
452946,0
452947,0
452948,0
452949,0
452950,0
452951,31
452952,26
452953,0
452954,0
452955,0
452956,0
452957,43
452958,47
452959,31
452960,0
452961,29
452962,0
452963,0
452964,37
452965,0
452966,0
452967,0
452968,0
452969,0
452970,0
452971,0
452972,0
452973,0
452974,0
452975,0
452976,0
452977,0
452978,0
452979,0
452980,0
452981,0
452982,0
452983,0
452984,33
452985,0
452986,0
452987,34
452988,25
452989,0
452990,0
452991,37
452992,0
452993,28
452994,0
452995,0
452996,0
452997,0
452998,0
452999,51
453000,0
453001,0
453002,0
453003,0
453004,0
453005,0
453006,0
453007,0
453008,0
453009,0
453010,0
453011,0
453012,0
453013,0
453014,0
453015,30
453016,0
453017,0
453018,0
453019,50
453020,0
453021,0
453022,0
453023,0
453024,0
453025,0
453026,0
453027,0
453028,0
453029,0
453030,0
453031,0
453032,0
453033,0
453034,0
453035,0
453036,0
453037,21
453038,49
453039,0
453040,33
453041,0
453042,50
453043,0
453044,0
453045,0
453046,0
453047,0
453048,0
453049,0
453050,0
453051,0
453052,0
453053,0
453054,0
453055,0
453056,0
453057,0
453058,0
453059,0
453060,0
453061,0
453062,0
453063,0
453064,0
453065,0
453066,36
453067,0
453068,0
453069,24
453070,0
453071,0
453072,0
453073,0
453074,0
453075,0
453076,0
453077,34
453078,0
453079,0
453080,0
453081,38
453082,0
453083,0
453084,0
453085,41
453086,40
453087,0
453088,0
453089,0
453090,0
453091,0
453092,0
453093,0
453094,0
453095,0
453096,0
453097,0
453098,0
453099,0
453100,0
453101,0
453102,0
453103,0
453104,0
453105,0
453106,0
453107,0
453108,0
453109,0
453110,0
453111,0
453112,0
453113,0
453114,0
453115,35
453116,0
453117,35
453118,41
453119,0
453120,0
453121,25
453122,0
453123,0
453124,0
453125,0
453126,0
453127,0
453128,0
453129,0
453130,0
453131,29
453132,0
453133,0
453134,0
453135,0
453136,0
453137,0
453138,0
453139,0
453140,0
453141,0
453142,0
453143,0
453144,0
453145,0
453146,0
453147,0
453148,0
453149,0
453150,0
453151,0
453152,0
453153,0
453154,0
453155,0
453156,0
453157,0
453158,0
453159,0
453160,0
453161,0
453162,0
453163,0
453164,0
453165,0
453166,0
453167,0
453168,0
453169,0
453170,0
453171,0
453172,0
453173,0
453174,0
453175,0
453176,0
453177,0
453178,0
453179,0
453180,0
453181,0
453182,0
453183,0
453184,0
453185,25
453186,0
453187,0
453188,0
453189,0
453190,0
453191,0
453192,0
453193,0
453194,0
453195,0
453196,0
453197,0
453198,0
453199,0
453200,0
453201,0
453202,0
453203,0
453204,0
453205,0
453206,0
453207,0
453208,0
453209,0
453210,0
453211,0
453212,0
453213,0
453214,0
453215,0
453216,0
453217,0
453218,0
453219,0
453220,13
453221,0
453222,0
453223,0
453224,0
453225,0
453226,0
453227,0
453228,0
453229,0
453230,25
453231,0
453232,0
453233,0
453234,0
453235,0
453236,0
453237,0
453238,0
453239,0
453240,0
453241,0
453242,0
453243,0
453244,0
453245,0
453246,0
453247,0
453248,0
453249,0
453250,0
453251,24
453252,0
453253,0
453254,0
453255,0
453256,0
453257,0
453258,0
453259,0
453260,13
453261,0
453262,0
453263,19
453264,0
453265,0
453266,0
453267,0
453268,0
453269,0
453270,0
453271,0
453272,0
453273,0
453274,0
453275,0
453276,0
453277,0
453278,0
453279,0
453280,0
453281,0
453282,0
453283,0
453284,0
453285,0
453286,0
453287,0
453288,0
453289,0
453290,0
453291,0
453292,0
453293,0
453294,0
453295,0
453296,0
453297,0
453298,0
453299,0
453300,0
453301,0
453302,0
453303,0
453304,0
453305,0
453306,41
453307,0
453308,0
453309,0
453310,0
453311,0
453312,0
453313,0
453314,0
453315,0
453316,0
453317,0
453318,0
453319,0
453320,0
453321,0
453322,0
453323,0
453324,0
453325,0
453326,0
453327,0
453328,0
453329,0
453330,12
453331,0
453332,0
453333,0
453334,0
453335,0
453336,0
453337,0
453338,0
453339,0
453340,22
453341,0
453342,0
453343,16
453344,0
453345,0
453346,0
453347,0
453348,0
453349,0
453350,0
453351,0
453352,0
453353,0
453354,0
453355,0
453356,0
453357,0
453358,0
453359,0
453360,0
453361,0
453362,0
453363,0
453364,0
453365,0
453366,21
453367,0
453368,0
453369,20
453370,0
453371,0
453372,0
453373,0
453374,0
453375,0
453376,0
453377,17
453378,14
453379,0
453380,0
453381,17
453382,0
453383,0
453384,0
453385,0
453386,0
453387,0
453388,0
453389,0
453390,0
453391,0
453392,0
453393,0
453394,0
453395,15
453396,0
453397,0
453398,0
453399,0
453400,0
453401,0
453402,0
453403,0
453404,22
453405,0
453406,0
453407,0
453408,0
453409,0
453410,0
453411,0
453412,0
453413,0
453414,0
453415,0
453416,0
453417,0
453418,0
453419,0
453420,0
453421,0
453422,0
453423,0
453424,0
453425,0
453426,0
453427,16
453428,0
453429,0
453430,0
453431,14
453432,0
453433,28
453434,0
453435,0
453436,0
453437,0
453438,0
453439,0
453440,0
453441,0
453442,0
453443,0
453444,0
453445,0
453446,0
453447,0
453448,0
453449,0
453450,0
453451,0
453452,0
453453,0
453454,0
453455,0
453456,24
453457,0
453458,0
453459,0
453460,0
453461,24
453462,0
453463,0
453464,0
453465,0
453466,0
453467,0
453468,0
453469,0
453470,0
453471,0
453472,0
453473,0
453474,0
453475,0
453476,0
453477,0
453478,0
453479,0
453480,0
453481,0
453482,0
453483,0
453484,0
453485,0
453486,0
453487,0
453488,0
453489,0
453490,15
453491,0
453492,0
453493,0
453494,0
453495,0
453496,0
453497,0
453498,0
453499,0
453500,0
453501,0
453502,0
453503,0
453504,0
453505,0
453506,0
453507,0
453508,0
453509,0
453510,37
453511,0
453512,0
453513,0
453514,0
453515,17
453516,0
453517,0
453518,0
453519,0
453520,0
453521,0
453522,0
453523,0
453524,20
453525,0
453526,0
453527,0
453528,0
453529,0
453530,0
453531,0
453532,0
453533,0
453534,0
453535,20
453536,0
453537,0
453538,0
453539,0
453540,0
453541,0
453542,0
453543,0
453544,0
453545,0
453546,0
453547,0
453548,0
453549,0
453550,0
453551,0
453552,0
453553,0
453554,0
453555,0
453556,23
453557,0
453558,0
453559,0
453560,0
453561,0
453562,0
453563,0
453564,0
453565,0
453566,0
453567,0
453568,17
453569,0
453570,0
453571,0
453572,0
453573,0
453574,0
453575,0
453576,38
453577,0
453578,0
453579,0
453580,0
453581,0
453582,0
453583,0
453584,0
453585,0
453586,14
453587,0
453588,24
453589,0
453590,0
453591,0
453592,0
453593,0
453594,14
453595,0
453596,0
453597,35
453598,0
453599,0
453600,0
453601,0
453602,14
453603,0
453604,30
453605,0
453606,0
453607,0
453608,0
453609,0
453610,0
453611,0
453612,0
453613,0
453614,0
453615,0
453616,0
453617,0
453618,0
453619,0
453620,0
453621,0
453622,0
453623,0
453624,0
453625,0
453626,0
453627,0
453628,0
453629,0
453630,0
453631,22
453632,0
453633,22
453634,0
453635,0
453636,0
453637,0
453638,0
453639,0
453640,0
453641,0
453642,0
453643,0
453644,0
453645,0
453646,0
453647,0
453648,0
453649,15
453650,0
453651,0
453652,0
453653,0
453654,47
453655,0
453656,0
453657,0
453658,0
453659,0
453660,0
453661,0
453662,0
453663,0
453664,0
453665,0
453666,0
453667,0
453668,0
453669,0
453670,0
453671,0
453672,0
453673,0
453674,0
453675,0
453676,0
453677,18
453678,0
453679,0
453680,0
453681,0
453682,0
453683,0
453684,0
453685,0
453686,0
453687,0
453688,0
453689,0
453690,0
453691,0
453692,0
453693,0
453694,0
453695,0
453696,0
453697,0
453698,0
453699,0
453700,0
453701,0
453702,0
453703,0
453704,0
453705,0
453706,0
453707,0
453708,0
453709,0
453710,0
453711,0
453712,0
453713,0
453714,0
453715,0
453716,0
453717,0
453718,21
453719,0
453720,0
453721,0
453722,0
453723,0
453724,0
453725,0
453726,0
453727,0
453728,17
453729,0
453730,0
453731,15
453732,0
453733,0
453734,0
453735,0
453736,0
453737,22
453738,0
453739,12
453740,0
453741,0
453742,0
453743,15
453744,0
453745,21
453746,22
453747,0
453748,0
453749,0
453750,0
453751,16
453752,21
453753,0
453754,0
453755,0
453756,0
453757,23
453758,16
453759,20
453760,0
453761,0
453762,0
453763,0
453764,0
453765,0
453766,0
453767,0
453768,0
453769,23
453770,0
453771,0
453772,0
453773,0
453774,0
453775,14
453776,0
453777,0
453778,0
453779,0
453780,0
453781,0
453782,0
453783,0
453784,0
453785,0
453786,0
453787,0
453788,19
453789,0
453790,22
453791,0
453792,12
453793,0
453794,0
453795,0
453796,0
453797,0
453798,0
453799,30
453800,0
453801,0
453802,0
453803,0
453804,0
453805,26
453806,0
453807,0
453808,0
453809,27
453810,0
453811,0
453812,25
453813,0
453814,0
453815,12
453816,0
453817,0
453818,15
453819,0
453820,0
453821,23
453822,0
453823,0
453824,17
453825,0
453826,0
453827,0
453828,0
453829,0
453830,0
453831,0
453832,0
453833,0
453834,0
453835,23
453836,21
453837,21
453838,0
453839,0
453840,0
453841,0
453842,17
453843,0
453844,0
453845,0
453846,0
453847,0
453848,0
453849,0
453850,0
453851,0
453852,0
453853,18
453854,0
453855,0
453856,18
453857,22
453858,13
453859,0
453860,24
453861,0
453862,0
453863,0
453864,0
453865,0
453866,0
453867,30
453868,27
453869,0
453870,0
453871,21
453872,0
453873,19
453874,0
453875,0
453876,10
453877,0
453878,22
453879,0
453880,26
453881,0
453882,0
453883,14
453884,26
453885,0
453886,0
453887,0
453888,22
453889,26
453890,0
453891,0
453892,0
453893,0
453894,0
453895,0
453896,22
453897,21
453898,0
453899,0
453900,0
453901,0
453902,28
453903,0
453904,0
453905,0
453906,0
453907,0
453908,15
453909,23
453910,26
453911,0
453912,30
453913,0
453914,17
453915,32
453916,16
453917,0
453918,0
453919,13
453920,0
453921,0
453922,0
453923,16
453924,11
453925,0
453926,0
453927,0
453928,19
453929,0
453930,0
453931,26
453932,0
453933,0
453934,0
453935,0
453936,0
453937,0
453938,0
453939,0
453940,19
453941,0
453942,20
453943,0
453944,0
453945,0
453946,0
453947,0
453948,0
453949,20
453950,29
453951,13
453952,0
453953,13
453954,18
453955,29
453956,0
453957,0
453958,0
453959,0
453960,0
453961,13
453962,0
453963,0
453964,0
453965,0
453966,19
453967,0
453968,0
453969,0
453970,0
453971,14
453972,0
453973,0
453974,0
453975,20
453976,0
453977,14
453978,0
453979,0
453980,17
453981,0
453982,0
453983,0
453984,0
453985,0
453986,0
453987,0
453988,15
453989,0
453990,0
453991,0
453992,21
453993,0
453994,0
453995,0
453996,0
453997,0
453998,0
453999,0
454000,0
454001,0
454002,0
454003,16
454004,0
454005,26
454006,0
454007,16
454008,28
454009,18
454010,17
454011,0
454012,0
454013,0
454014,0
454015,0
454016,0
454017,0
454018,0
454019,0
454020,0
454021,0
454022,0
454023,0
454024,0
454025,0
454026,0
454027,0
454028,0
454029,52
454030,44
454031,0
454032,0
454033,37
454034,0
454035,25
454036,0
454037,0
454038,0
454039,0
454040,0
454041,0
454042,0
454043,35
454044,0
454045,15
454046,0
454047,0
454048,0
454049,0
454050,0
454051,0
454052,0
454053,0
454054,0
454055,0
454056,0
454057,0
454058,0
454059,0
454060,0
454061,0
454062,29
454063,0
454064,17
454065,0
454066,30
454067,0
454068,0
454069,0
454070,0
454071,0
454072,0
454073,26
454074,0
454075,29
454076,0
454077,20
454078,34
454079,0
454080,0
454081,0
454082,0
454083,0
454084,0
454085,34
454086,0
454087,0
454088,0
454089,0
454090,0
454091,0
454092,0
454093,0
454094,0
454095,0
454096,0
454097,0
454098,0
454099,41
454100,0
454101,37
454102,0
454103,0
454104,41
454105,0
454106,0
454107,31
454108,42
454109,0
454110,0
454111,45
454112,0
454113,0
454114,38
454115,29
454116,0
454117,0
454118,0
454119,0
454120,0
454121,0
454122,0
454123,0
454124,0
454125,0
454126,0
454127,0
454128,0
454129,0
454130,0
454131,0
454132,32
454133,0
454134,0
454135,40
454136,0
454137,0
454138,0
454139,0
454140,0
454141,0
454142,0
454143,0
454144,0
454145,0
454146,0
454147,38
454148,0
454149,0
454150,30
454151,0
454152,0
454153,32
454154,0
454155,0
454156,0
454157,0
454158,0
454159,0
454160,0
454161,0
454162,0
454163,0
454164,0
454165,36
454166,0
454167,0
454168,0
454169,0
454170,0
454171,0
454172,0
454173,0
454174,0
454175,0
454176,0
454177,0
454178,28
454179,0
454180,44
454181,39
454182,0
454183,0
454184,47
454185,33
454186,26
454187,0
454188,0
454189,44
454190,0
454191,0
454192,0
454193,0
454194,0
454195,0
454196,0
454197,0
454198,0
454199,36
454200,0
454201,0
454202,0
454203,0
454204,0
454205,31
454206,0
454207,0
454208,0
454209,0
454210,0
454211,0
454212,0
454213,0
454214,0
454215,32
454216,0
454217,0
454218,32
454219,0
454220,0
454221,0
454222,0
454223,0
454224,0
454225,0
454226,0
454227,0
454228,0
454229,0
454230,0
454231,0
454232,0
454233,0
454234,0
454235,0
454236,35
454237,0
454238,0
454239,0
454240,0
454241,0
454242,0
454243,0
454244,0
454245,0
454246,30
454247,0
454248,0
454249,0
454250,35
454251,0
454252,0
454253,0
454254,0
454255,0
454256,0
454257,0
454258,28
454259,0
454260,0
454261,0
454262,0
454263,0
454264,0
454265,35
454266,0
454267,0
454268,0
454269,0
454270,0
454271,0
454272,0
454273,35
454274,41
454275,0
454276,0
454277,0
454278,45
454279,0
454280,0
454281,0
454282,0
454283,29
454284,0
454285,0
454286,0
454287,0
454288,34
454289,0
454290,0
454291,0
454292,0
454293,0
454294,0
454295,0
454296,0
454297,0
454298,0
454299,0
454300,29
454301,26
454302,0
454303,0
454304,0
454305,0
454306,0
454307,34
454308,0
454309,0
454310,0
454311,0
454312,0
454313,0
454314,0
454315,0
454316,0
454317,34
454318,0
454319,0
454320,0
454321,0
454322,0
454323,0
454324,0
454325,28
454326,0
454327,0
454328,0
454329,0
454330,0
454331,0
454332,46
454333,0
454334,0
454335,0
454336,0
454337,0
454338,0
454339,0
454340,0
454341,0
454342,0
454343,0
454344,0
454345,0
454346,0
454347,0
454348,0
454349,0
454350,0
454351,0
454352,0
454353,0
454354,0
454355,44
454356,0
454357,0
454358,0
454359,0
454360,0
454361,0
454362,39
454363,0
454364,0
454365,0
454366,0
454367,0
454368,0
454369,0
454370,0
454371,28
454372,0
454373,0
454374,0
454375,0
454376,0
454377,0
454378,56
454379,0
454380,23
454381,30
454382,31
454383,0
454384,0
454385,0
454386,0
454387,0
454388,0
454389,37
454390,0
454391,0
454392,0
454393,33
454394,0
454395,0
454396,0
454397,0
454398,0
454399,46
454400,39
454401,0
454402,0
454403,0
454404,0
454405,0
454406,0
454407,35
454408,0
454409,0
454410,0
454411,0
454412,0
454413,0
454414,0
454415,0
454416,0
454417,0
454418,0
454419,0
454420,0
454421,0
454422,0
454423,0
454424,0
454425,0
454426,0
454427,0
454428,0
454429,0
454430,0
454431,0
454432,0
454433,0
454434,40
454435,0
454436,0
454437,0
454438,0
454439,0
454440,0
454441,0
454442,0
454443,0
454444,0
454445,0
454446,0
454447,0
454448,0
454449,0
454450,0
454451,37
454452,0
454453,0
454454,0
454455,0
454456,0
454457,0
454458,0
454459,0
454460,0
454461,0
454462,0
454463,0
454464,0
454465,0
454466,34
454467,0
454468,0
454469,0
454470,38
454471,35
454472,0
454473,0
454474,0
454475,0
454476,35
454477,0
454478,0
454479,0
454480,0
454481,0
454482,0
454483,0
454484,0
454485,0
454486,0
454487,0
454488,0
454489,0
454490,0
454491,30
454492,0
454493,0
454494,35
454495,0
454496,0
454497,0
454498,0
454499,0
454500,0
454501,0
454502,0
454503,0
454504,0
454505,0
454506,0
454507,0
454508,20
454509,0
454510,0
454511,0
454512,0
454513,31
454514,0
454515,31
454516,0
454517,0
454518,0
454519,37
454520,0
454521,0
454522,0
454523,41
454524,0
454525,0
454526,0
454527,0
454528,0
454529,0
454530,0
454531,0
454532,7
454533,0
454534,0
454535,0
454536,0
454537,0
454538,0
454539,0
454540,0
454541,0
454542,0
454543,0
454544,1
454545,0
454546,0
454547,0
454548,0
454549,0
454550,0
454551,0
454552,0
454553,0
454554,0
454555,0
454556,0
454557,0
454558,0
454559,0
454560,0
454561,0
454562,0
454563,4
454564,0
454565,0
454566,0
454567,0
454568,0
454569,0
454570,0
454571,0
454572,0
454573,0
454574,0
454575,0
454576,2
454577,0
454578,0
454579,0
454580,0
454581,0
454582,0
454583,0
454584,7
454585,0
454586,0
454587,0
454588,0
454589,0
454590,0
454591,0
454592,0
454593,0
454594,0
454595,0
454596,0
454597,0
454598,4
454599,0
454600,0
454601,0
454602,0
454603,0
454604,0
454605,0
454606,6
454607,0
454608,15
454609,0
454610,0
454611,0
454612,0
454613,0
454614,0
454615,7
454616,4
454617,0
454618,0
454619,0
454620,6
454621,0
454622,0
454623,0
454624,0
454625,0
454626,0
454627,0
454628,0
454629,7
454630,0
454631,6
454632,0
454633,3
454634,2
454635,4
454636,0
454637,0
454638,0
454639,0
454640,0
454641,0
454642,0
454643,0
454644,0
454645,0
454646,0
454647,0
454648,5
454649,0
454650,0
454651,7
454652,0
454653,0
454654,0
454655,5
454656,0
454657,0
454658,0
454659,1
454660,0
454661,0
454662,0
454663,0
454664,0
454665,0
454666,0
454667,0
454668,4
454669,0
454670,0
454671,0
454672,0
454673,0
454674,0
454675,0
454676,0
454677,0
454678,0
454679,0
454680,0
454681,0
454682,0
454683,0
454684,0
454685,6
454686,0
454687,0
454688,0
454689,4
454690,0
454691,0
454692,0
454693,0
454694,0
454695,0
454696,0
454697,0
454698,0
454699,0
454700,0
454701,0
454702,0
454703,0
454704,0
454705,0
454706,0
454707,0
454708,0
454709,0
454710,0
454711,0
454712,0
454713,3
454714,0
454715,8
454716,0
454717,0
454718,5
454719,0
454720,0
454721,0
454722,0
454723,0
454724,0
454725,0
454726,0
454727,0
454728,6
454729,0
454730,0
454731,0
454732,0
454733,0
454734,0
454735,0
454736,0
454737,0
454738,0
454739,0
454740,0
454741,0
454742,0
454743,0
454744,0
454745,0
454746,0
454747,0
454748,0
454749,6
454750,0
454751,0
454752,0
454753,0
454754,0
454755,0
454756,0
454757,0
454758,0
454759,0
454760,0
454761,0
454762,0
454763,0
454764,0
454765,0
454766,0
454767,0
454768,0
454769,0
454770,0
454771,0
454772,0
454773,0
454774,9
454775,3
454776,0
454777,0
454778,0
454779,0
454780,0
454781,0
454782,0
454783,0
454784,0
454785,0
454786,0
454787,0
454788,0
454789,0
454790,0
454791,5
454792,0
454793,2
454794,0
454795,6
454796,0
454797,3
454798,0
454799,0
454800,0
454801,0
454802,0
454803,0
454804,0
454805,0
454806,0
454807,0
454808,0
454809,13
454810,0
454811,0
454812,0
454813,2
454814,0
454815,0
454816,0
454817,0
454818,0
454819,0
454820,0
454821,0
454822,6
454823,0
454824,0
454825,0
454826,0
454827,0
454828,0
454829,0
454830,12
454831,0
454832,0
454833,0
454834,0
454835,0
454836,0
454837,0
454838,0
454839,0
454840,0
454841,0
454842,0
454843,0
454844,0
454845,0
454846,0
454847,0
454848,19
454849,0
454850,0
454851,0
454852,0
454853,0
454854,18
454855,22
454856,0
454857,0
454858,0
454859,0
454860,0
454861,0
454862,0
454863,0
454864,19
454865,0
454866,0
454867,0
454868,0
454869,24
454870,0
454871,0
454872,0
454873,0
454874,0
454875,0
454876,0
454877,0
454878,0
454879,0
454880,0
454881,0
454882,0
454883,0
454884,0
454885,0
454886,0
454887,0
454888,0
454889,0
454890,0
454891,0
454892,0
454893,0
454894,0
454895,0
454896,0
454897,0
454898,0
454899,0
454900,0
454901,0
454902,0
454903,0
454904,0
454905,0
454906,0
454907,0
454908,0
454909,0
454910,0
454911,0
454912,0
454913,0
454914,0
454915,0
454916,25
454917,0
454918,0
454919,0
454920,0
454921,0
454922,21
454923,0
454924,0
454925,0
454926,0
454927,26
454928,0
454929,0
454930,23
454931,0
454932,0
454933,0
454934,0
454935,0
454936,0
454937,0
454938,11
454939,0
454940,0
454941,0
454942,0
454943,0
454944,0
454945,0
454946,0
454947,0
454948,0
454949,0
454950,0
454951,0
454952,0
454953,0
454954,0
454955,0
454956,19
454957,0
454958,0
454959,0
454960,0
454961,0
454962,0
454963,0
454964,0
454965,0
454966,21
454967,0
454968,0
454969,0
454970,0
454971,0
454972,0
454973,0
454974,0
454975,0
454976,0
454977,36
454978,0
454979,0
454980,0
454981,0
454982,0
454983,0
454984,0
454985,0
454986,0
454987,0
454988,0
454989,26
454990,0
454991,0
454992,0
454993,0
454994,0
454995,0
454996,0
454997,0
454998,0
454999,0
455000,38
455001,28
455002,0
455003,38
455004,0
455005,0
455006,36
455007,0
455008,25
455009,0
455010,19
455011,0
455012,0
455013,0
455014,30
455015,0
455016,0
455017,0
455018,0
455019,26
455020,0
455021,0
455022,0
455023,0
455024,38
455025,28
455026,46
455027,33
455028,0
455029,0
455030,0
455031,27
455032,28
455033,29
455034,0
455035,0
455036,29
455037,0
455038,0
455039,0
455040,0
455041,0
455042,0
455043,37
455044,26
455045,29
455046,0
455047,0
455048,36
455049,0
455050,47
455051,0
455052,0
455053,0
455054,29
455055,21
455056,0
455057,0
455058,0
455059,0
455060,0
455061,0
455062,0
455063,27
455064,0
455065,0
455066,0
455067,0
455068,0
455069,0
455070,0
455071,0
455072,0
455073,0
455074,0
455075,0
455076,0
455077,0
455078,0
455079,0
455080,0
455081,23
455082,0
455083,37
455084,0
455085,0
455086,0
455087,0
455088,0
455089,0
455090,0
455091,0
455092,30
455093,0
455094,0
455095,0
455096,0
455097,36
455098,0
455099,26
455100,0
455101,0
455102,0
455103,0
455104,32
455105,0
455106,0
455107,0
455108,0
455109,0
455110,0
455111,0
455112,0
455113,29
455114,0
455115,0
455116,0
455117,0
455118,0
455119,0
455120,0
455121,0
455122,0
455123,30
455124,28
455125,38
455126,0
455127,34
455128,33
455129,0
455130,0
455131,0
455132,41
455133,31
455134,0
455135,25
455136,0
455137,33
455138,0
455139,0
455140,0
455141,0
455142,0
455143,26
455144,0
455145,0
455146,0
455147,33
455148,28
455149,0
455150,0
455151,0
455152,0
455153,0
455154,0
455155,0
455156,0
455157,0
455158,0
455159,42
455160,21
455161,0
455162,0
455163,0
455164,0
455165,0
455166,0
455167,44
455168,0
455169,0
455170,0
455171,0
455172,14
455173,0
455174,0
455175,0
455176,0
455177,0
455178,40
455179,0
455180,0
455181,0
455182,0
455183,0
455184,0
455185,0
455186,0
455187,0
455188,0
455189,0
455190,0
455191,0
455192,0
455193,0
455194,0
455195,0
455196,0
455197,0
455198,0
455199,0
455200,35
455201,0
455202,0
455203,0
455204,29
455205,46
455206,0
455207,24
455208,0
455209,0
455210,0
455211,0
455212,0
455213,0
455214,52
455215,21
455216,0
455217,0
455218,0
455219,40
455220,25
455221,29
455222,35
455223,0
455224,0
455225,0
455226,0
455227,0
455228,32
455229,0
455230,0
455231,25
455232,0
455233,0
455234,33
455235,29
455236,0
455237,0
455238,0
455239,0
455240,29
455241,0
455242,0
455243,0
455244,0
455245,0
455246,0
455247,42
455248,0
455249,0
455250,0
455251,50
455252,50
455253,0
455254,0
455255,0
455256,0
455257,0
455258,38
455259,46
455260,0
455261,0
455262,0
455263,0
455264,0
455265,0
455266,0
455267,0
455268,0
455269,0
455270,0
455271,23
455272,37
455273,0
455274,0
455275,0
455276,0
455277,0
455278,0
455279,36
455280,0
455281,0
455282,26
455283,0
455284,0
455285,0
455286,0
455287,24
455288,0
455289,0
455290,40
455291,0
455292,0
455293,0
455294,0
455295,0
455296,0
455297,0
455298,0
455299,45
455300,0
455301,19
455302,0
455303,0
455304,0
455305,0
455306,0
455307,0
455308,25
455309,0
455310,0
455311,21
455312,0
455313,0
455314,37
455315,0
455316,0
455317,0
455318,0
455319,0
455320,0
455321,0
455322,26
455323,25
455324,0
455325,0
455326,0
455327,0
455328,0
455329,0
455330,0
455331,0
455332,0
455333,28
455334,0
455335,0
455336,49
455337,0
455338,0
455339,0
455340,41
455341,31
455342,0
455343,0
455344,0
455345,0
455346,37
455347,0
455348,0
455349,0
455350,32
455351,0
455352,40
455353,0
455354,0
455355,0
455356,0
455357,46
455358,0
455359,0
455360,0
455361,0
455362,0
455363,48
455364,0
455365,0
455366,0
455367,0
455368,32
455369,0
455370,0
455371,0
455372,0
455373,31
455374,40
455375,0
455376,0
455377,0
455378,0
455379,0
455380,0
455381,34
455382,0
455383,0
455384,0
455385,0
455386,47
455387,27
455388,0
455389,0
455390,0
455391,0
455392,0
455393,0
455394,25
455395,0
455396,60
455397,0
455398,0
455399,0
455400,0
455401,0
455402,0
455403,0
455404,0
455405,0
455406,0
455407,0
455408,0
455409,36
455410,0
455411,28
455412,0
455413,0
455414,0
455415,0
455416,0
455417,0
455418,0
455419,0
455420,0
455421,0
455422,0
455423,0
455424,0
455425,0
455426,0
455427,35
455428,0
455429,0
455430,0
455431,0
455432,0
455433,0
455434,0
455435,0
455436,0
455437,35
455438,0
455439,0
455440,30
455441,0
455442,33
455443,0
455444,0
455445,0
455446,0
455447,53
455448,0
455449,34
455450,0
455451,0
455452,0
455453,41
455454,24
455455,0
455456,0
455457,53
455458,37
455459,0
455460,0
455461,32
455462,32
455463,0
455464,0
455465,0
455466,0
455467,0
455468,42
455469,39
455470,28
455471,0
455472,0
455473,0
455474,0
455475,0
455476,0
455477,0
455478,0
455479,27
455480,0
455481,29
455482,35
455483,43
455484,24
455485,42
455486,0
455487,45
455488,46
455489,0
455490,0
455491,0
455492,0
455493,0
455494,41
455495,0
455496,0
455497,0
455498,0
455499,0
455500,0
455501,0
455502,0
455503,26
455504,0
455505,0
455506,0
455507,0
455508,0
455509,47
455510,28
455511,0
455512,0
455513,0
455514,0
455515,49
455516,0
455517,0
455518,24
455519,0
455520,0
455521,0
455522,41
455523,0
455524,0
455525,0
455526,0
455527,0
455528,0
455529,0
455530,0
455531,0
455532,0
455533,0
455534,0
455535,0
455536,0
455537,0
455538,0
455539,0
455540,0
455541,0
455542,0
455543,0
455544,0
455545,0
455546,0
455547,24
455548,0
455549,0
455550,20
455551,0
455552,37
455553,34
455554,35
455555,0
455556,0
455557,39
455558,0
455559,0
455560,0
455561,48
455562,0
455563,0
455564,0
455565,0
455566,0
455567,0
455568,0
455569,0
455570,0
455571,0
455572,0
455573,0
455574,0
455575,28
455576,0
455577,0
455578,32
455579,0
455580,32
455581,0
455582,0
455583,0
455584,0
455585,0
455586,0
455587,39
455588,34
455589,37
455590,0
455591,0
455592,0
455593,0
455594,0
455595,0
455596,0
455597,0
455598,37
455599,44
455600,0
455601,0
455602,0
455603,0
455604,0
455605,0
455606,0
455607,54
455608,0
455609,0
455610,0
455611,0
455612,0
455613,40
455614,0
455615,0
455616,25
455617,0
455618,33
455619,38
455620,0
455621,39
455622,21
455623,0
455624,0
455625,0
455626,0
455627,0
455628,0
455629,0
455630,0
455631,0
455632,0
455633,0
455634,0
455635,0
455636,0
455637,0
455638,31
455639,0
455640,0
455641,36
455642,0
455643,0
455644,0
455645,0
455646,0
455647,39
455648,50
455649,0
455650,0
455651,0
455652,0
455653,0
455654,31
455655,0
455656,0
455657,0
455658,41
455659,0
455660,36
455661,0
455662,46
455663,44
455664,0
455665,0
455666,0
455667,0
455668,0
455669,0
455670,0
455671,0
455672,0
455673,54
455674,0
455675,0
455676,0
455677,0
455678,0
455679,0
455680,0
455681,0
455682,0
455683,0
455684,0
455685,38
455686,0
455687,0
455688,0
455689,0
455690,0
455691,0
455692,0
455693,48
455694,0
455695,0
455696,43
455697,0
455698,23
455699,0
455700,40
455701,0
455702,38
455703,0
455704,0
455705,0
455706,0
455707,29
455708,0
455709,0
455710,44
455711,0
455712,0
455713,0
455714,33
455715,0
455716,0
455717,0
455718,31
455719,33
455720,41
455721,0
455722,34
455723,0
455724,0
455725,0
455726,27
455727,0
455728,0
455729,34
455730,0
455731,39
455732,0
455733,0
455734,31
455735,0
455736,0
455737,24
455738,0
455739,0
455740,0
455741,0
455742,0
455743,0
455744,0
455745,0
455746,28
455747,0
455748,0
455749,0
455750,28
455751,0
455752,0
455753,0
455754,0
455755,0
455756,0
455757,0
455758,0
455759,0
455760,26
455761,18
455762,0
455763,40
455764,0
455765,0
455766,0
455767,0
455768,0
455769,0
455770,40
455771,0
455772,23
455773,0
455774,31
455775,36
455776,0
455777,0
455778,0
455779,35
455780,0
455781,0
455782,0
455783,0
455784,0
455785,38
455786,42
455787,33
455788,0
455789,30
455790,0
455791,0
455792,34
455793,0
455794,0
455795,0
455796,0
455797,0
455798,0
455799,0
455800,0
455801,0
455802,0
455803,39
455804,0
455805,33
455806,0
455807,0
455808,0
455809,0
455810,0
455811,0
455812,0
455813,41
455814,0
455815,0
455816,0
455817,0
455818,0
455819,0
455820,41
455821,0
455822,0
455823,29
455824,0
455825,0
455826,30
455827,0
455828,0
455829,0
455830,0
455831,0
455832,0
455833,0
455834,0
455835,0
455836,29
455837,0
455838,0
455839,0
455840,0
455841,0
455842,0
455843,0
455844,35
455845,0
455846,0
455847,0
455848,0
455849,0
455850,0
455851,0
455852,0
455853,19
455854,0
455855,0
455856,45
455857,0
455858,0
455859,0
455860,0
455861,0
455862,0
455863,0
455864,0
455865,0
455866,0
455867,0
455868,0
455869,0
455870,0
455871,0
455872,0
455873,0
455874,0
455875,0
455876,31
455877,0
455878,0
455879,38
455880,30
455881,0
455882,0
455883,40
455884,0
455885,39
455886,0
455887,33
455888,0
455889,0
455890,0
455891,39
455892,37
455893,0
455894,39
455895,0
455896,0
455897,28
455898,0
455899,0
455900,44
455901,0
455902,32
455903,0
455904,0
455905,0
455906,0
455907,0
455908,0
455909,0
455910,0
455911,0
455912,0
455913,0
455914,0
455915,0
455916,0
455917,11
455918,0
455919,0
455920,9
455921,0
455922,0
455923,0
455924,0
455925,0
455926,0
455927,0
455928,0
455929,0
455930,0
455931,25
455932,0
455933,7
455934,14
455935,0
455936,0
455937,0
455938,0
455939,0
455940,21
455941,0
455942,0
455943,0
455944,0
455945,0
455946,14
455947,0
455948,0
455949,0
455950,0
455951,0
455952,0
455953,0
455954,22
455955,0
455956,0
455957,0
455958,13
455959,19
455960,0
455961,0
455962,24
455963,0
455964,0
455965,18
455966,0
455967,0
455968,0
455969,0
455970,0
455971,0
455972,17
455973,0
455974,18
455975,0
455976,0
455977,14
455978,0
455979,20
455980,16
455981,11
455982,0
455983,0
455984,20
455985,0
455986,0
455987,0
455988,0
455989,0
455990,16
455991,0
455992,14
455993,0
455994,18
455995,11
455996,0
455997,21
455998,0
455999,0
456000,0
456001,0
456002,0
456003,19
456004,0
456005,0
456006,0
456007,0
456008,20
456009,0
456010,17
456011,0
456012,17
456013,0
456014,17
456015,0
456016,13
456017,0
456018,0
456019,0
456020,0
456021,18
456022,0
456023,0
456024,0
456025,0
456026,0
456027,0
456028,0
456029,8
456030,0
456031,0
456032,0
456033,0
456034,0
456035,0
456036,10
456037,18
456038,0
456039,0
456040,0
456041,0
456042,0
456043,11
456044,0
456045,0
456046,0
456047,0
456048,0
456049,0
456050,0
456051,13
456052,0
456053,0
456054,10
456055,0
456056,21
456057,10
456058,0
456059,0
456060,0
456061,0
456062,0
456063,0
456064,0
456065,0
456066,0
456067,14
456068,24
456069,11
456070,0
456071,0
456072,0
456073,0
456074,0
456075,0
456076,0
456077,13
456078,0
456079,17
456080,14
456081,0
456082,0
456083,0
456084,0
456085,12
456086,0
456087,0
456088,0
456089,0
456090,0
456091,0
456092,0
456093,0
456094,0
456095,0
456096,29
456097,0
456098,0
456099,17
456100,0
456101,12
456102,14
456103,13
456104,16
456105,0
456106,0
456107,0
456108,0
456109,0
456110,0
456111,16
456112,0
456113,12
456114,0
456115,0
456116,0
456117,0
456118,16
456119,0
456120,0
456121,0
456122,0
456123,15
456124,9
456125,9
456126,15
456127,0
456128,13
456129,0
456130,0
456131,0
456132,0
456133,12
456134,16
456135,0
456136,20
456137,18
456138,0
456139,13
456140,0
456141,0
456142,0
456143,0
456144,0
456145,0
456146,0
456147,0
456148,0
456149,16
456150,21
456151,0
456152,17
456153,0
456154,0
456155,7
456156,0
456157,0
456158,0
456159,0
456160,0
456161,21
456162,0
456163,0
456164,13
456165,0
456166,0
456167,0
456168,0
456169,0
456170,0
456171,0
456172,0
456173,15
456174,0
456175,0
456176,0
456177,15
456178,0
456179,29
456180,0
456181,22
456182,0
456183,0
456184,0
456185,8
456186,0
456187,0
456188,0
456189,0
456190,0
456191,0
456192,0
456193,0
456194,15
456195,14
456196,5
456197,0
456198,0
456199,0
456200,0
456201,0
456202,12
456203,0
456204,0
456205,20
456206,17
456207,0
456208,0
456209,0
456210,0
456211,15
456212,0
456213,0
456214,0
456215,10
456216,0
456217,0
456218,13
456219,0
456220,0
456221,23
456222,0
456223,19
456224,0
456225,15
456226,0
456227,16
456228,18
456229,0
456230,0
456231,0
456232,0
456233,0
456234,0
456235,16
456236,0
456237,0
456238,0
456239,0
456240,0
456241,0
456242,14
456243,0
456244,19
456245,0
456246,0
456247,0
456248,0
456249,0
456250,0
456251,0
456252,0
456253,13
456254,0
456255,0
456256,0
456257,0
456258,0
456259,0
456260,0
456261,0
456262,0
456263,11
456264,0
456265,0
456266,0
456267,15
456268,0
456269,0
456270,12
456271,0
456272,0
456273,0
456274,0
456275,25
456276,31
456277,0
456278,0
456279,0
456280,0
456281,17
456282,11
456283,0
456284,16
456285,13
456286,18
456287,0
456288,0
456289,0
456290,0
456291,0
456292,0
456293,0
456294,0
456295,0
456296,0
456297,0
456298,0
456299,15
456300,0
456301,10
456302,0
456303,14
456304,0
456305,0
456306,0
456307,0
456308,0
456309,0
456310,0
456311,0
456312,18
456313,0
456314,0
456315,0
456316,12
456317,0
456318,16
456319,0
456320,0
456321,0
456322,0
456323,0
456324,8
456325,19
456326,14
456327,0
456328,0
456329,0
456330,0
456331,0
456332,25
456333,0
456334,0
456335,0
456336,22
456337,14
456338,0
456339,13
456340,0
456341,0
456342,0
456343,15
456344,17
456345,9
456346,0
456347,0
456348,0
456349,0
456350,0
456351,18
456352,0
456353,0
456354,0
456355,28
456356,0
456357,0
456358,0
456359,0
456360,0
456361,0
456362,28
456363,22
456364,24
456365,0
456366,0
456367,0
456368,0
456369,0
456370,0
456371,0
456372,0
456373,0
456374,0
456375,0
456376,0
456377,0
456378,0
456379,0
456380,21
456381,0
456382,0
456383,0
456384,33
456385,0
456386,0
456387,0
456388,0
456389,25
456390,0
456391,0
456392,0
456393,0
456394,0
456395,0
456396,0
456397,0
456398,0
456399,0
456400,0
456401,0
456402,0
456403,0
456404,28
456405,0
456406,0
456407,0
456408,15
456409,0
456410,0
456411,0
456412,0
456413,0
456414,0
456415,31
456416,0
456417,0
456418,0
456419,27
456420,0
456421,0
456422,0
456423,28
456424,0
456425,0
456426,0
456427,0
456428,0
456429,0
456430,0
456431,38
456432,0
456433,18
456434,0
456435,0
456436,0
456437,0
456438,21
456439,0
456440,0
456441,22
456442,0
456443,0
456444,0
456445,0
456446,31
456447,26
456448,0
456449,0
456450,0
456451,0
456452,0
456453,0
456454,0
456455,0
456456,0
456457,33
456458,0
456459,0
456460,19
456461,0
456462,0
456463,21
456464,0
456465,0
456466,0
456467,0
456468,0
456469,0
456470,0
456471,0
456472,0
456473,0
456474,0
456475,0
456476,0
456477,0
456478,0
456479,0
456480,0
456481,0
456482,0
456483,0
456484,0
456485,0
456486,0
456487,21
456488,0
456489,0
456490,0
456491,0
456492,0
456493,0
456494,0
456495,0
456496,0
456497,0
456498,0
456499,0
456500,0
456501,0
456502,0
456503,0
456504,0
456505,0
456506,19
456507,24
456508,0
456509,0
456510,24
456511,0
456512,0
456513,0
456514,0
456515,0
456516,19
456517,0
456518,0
456519,0
456520,0
456521,21
456522,0
456523,0
456524,0
456525,0
456526,0
456527,0
456528,0
456529,0
456530,0
456531,0
456532,34
456533,0
456534,0
456535,0
456536,0
456537,0
456538,26
456539,0
456540,0
456541,0
456542,0
456543,0
456544,0
456545,0
456546,0
456547,0
456548,0
456549,26
456550,0
456551,0
456552,0
456553,0
456554,0
456555,0
456556,38
456557,0
456558,0
456559,0
456560,0
456561,0
456562,0
456563,41
456564,0
456565,0
456566,0
456567,0
456568,0
456569,0
456570,0
456571,0
456572,0
456573,0
456574,0
456575,0
456576,30
456577,0
456578,0
456579,24
456580,0
456581,0
456582,26
456583,0
456584,0
456585,0
456586,0
456587,0
456588,26
456589,0
456590,0
456591,0
456592,0
456593,0
456594,0
456595,0
456596,0
456597,0
456598,0
456599,0
456600,0
456601,0
456602,0
456603,0
456604,17
456605,0
456606,0
456607,0
456608,0
456609,26
456610,0
456611,0
456612,0
456613,0
456614,0
456615,0
456616,0
456617,0
456618,31
456619,0
456620,0
456621,25
456622,0
456623,0
456624,0
456625,0
456626,30
456627,0
456628,0
456629,0
456630,0
456631,0
456632,0
456633,0
456634,0
456635,21
456636,48
456637,0
456638,24
456639,0
456640,0
456641,0
456642,0
456643,0
456644,0
456645,0
456646,0
456647,0
456648,0
456649,0
456650,0
456651,0
456652,0
456653,0
456654,0
456655,0
456656,0
456657,0
456658,0
456659,0
456660,32
456661,0
456662,0
456663,0
456664,0
456665,0
456666,0
456667,0
456668,0
456669,0
456670,0
456671,0
456672,0
456673,0
456674,0
456675,0
456676,0
456677,18
456678,0
456679,0
456680,0
456681,21
456682,0
456683,35
456684,0
456685,0
456686,0
456687,0
456688,25
456689,0
456690,0
456691,0
456692,0
456693,0
456694,0
456695,0
456696,0
456697,0
456698,0
456699,0
456700,23
456701,0
456702,0
456703,0
456704,0
456705,0
456706,0
456707,0
456708,23
456709,0
456710,0
456711,0
456712,0
456713,0
456714,0
456715,21
456716,0
456717,0
456718,14
456719,0
456720,0
456721,0
456722,0
456723,0
456724,28
456725,0
456726,32
456727,0
456728,0
456729,31
456730,0
456731,0
456732,21
456733,0
456734,0
456735,0
456736,0
456737,0
456738,0
456739,0
456740,0
456741,0
456742,0
456743,0
456744,0
456745,0
456746,0
456747,0
456748,0
456749,0
456750,33
456751,0
456752,0
456753,0
456754,22
456755,0
456756,26
456757,0
456758,0
456759,0
456760,21
456761,0
456762,0
456763,0
456764,26
456765,0
456766,0
456767,0
456768,0
456769,0
456770,0
456771,0
456772,0
456773,0
456774,0
456775,29
456776,26
456777,0
456778,0
456779,0
456780,0
456781,0
456782,0
456783,0
456784,0
456785,0
456786,0
456787,28
456788,0
456789,0
456790,0
456791,0
456792,0
456793,35
456794,0
456795,29
456796,0
456797,0
456798,0
456799,0
456800,0
456801,0
456802,0
456803,24
456804,30
456805,0
456806,0
456807,0
456808,0
456809,19
456810,0
456811,0
456812,0
456813,0
456814,29
456815,0
456816,0
456817,0
456818,0
456819,0
456820,0
456821,0
456822,0
456823,0
456824,0
456825,0
456826,21
456827,0
456828,0
456829,0
456830,0
456831,0
456832,0
456833,0
456834,0
456835,0
456836,0
456837,0
456838,31
456839,0
456840,0
456841,0
456842,0
456843,0
456844,0
456845,0
456846,0
456847,18
456848,0
456849,0
456850,15
456851,0
456852,0
456853,0
456854,0
456855,0
456856,0
456857,0
456858,0
456859,0
456860,0
456861,0
456862,0
456863,0
456864,23
456865,0
456866,0
456867,0
456868,0
456869,0
456870,0
456871,17
456872,0
456873,0
456874,0
456875,0
456876,0
456877,0
456878,0
456879,0
456880,0
456881,0
456882,16
456883,0
456884,0
456885,0
456886,0
456887,0
456888,0
456889,0
456890,0
456891,0
456892,0
456893,0
456894,0
456895,0
456896,0
456897,0
456898,0
456899,0
456900,0
456901,0
456902,0
456903,0
456904,0
456905,29
456906,0
456907,0
456908,0
456909,27
456910,0
456911,0
456912,0
456913,29
456914,38
456915,0
456916,0
456917,0
456918,21
456919,31
456920,0
456921,0
456922,0
456923,0
456924,0
456925,0
456926,0
456927,0
456928,0
456929,0
456930,0
456931,0
456932,0
456933,0
456934,0
456935,0
456936,0
456937,0
456938,0
456939,0
456940,40
456941,34
456942,0
456943,0
456944,0
456945,33
456946,0
456947,0
456948,0
456949,0
456950,0
456951,0
456952,0
456953,20
456954,0
456955,0
456956,0
456957,0
456958,26
456959,0
456960,0
456961,0
456962,0
456963,0
456964,0
456965,0
456966,0
456967,0
456968,0
456969,0
456970,0
456971,68
456972,0
456973,0
456974,32
456975,0
456976,0
456977,0
456978,0
456979,0
456980,0
456981,0
456982,0
456983,0
456984,0
456985,23
456986,0
456987,17
456988,0
456989,0
456990,0
456991,27
456992,0
456993,0
456994,0
456995,0
456996,47
456997,0
456998,0
456999,33
457000,0
457001,0
457002,0
457003,0
457004,0
457005,0
457006,0
457007,0
457008,0
457009,0
457010,0
457011,0
457012,0
457013,0
457014,0
457015,53
457016,0
457017,0
457018,0
457019,0
457020,0
457021,0
457022,0
457023,0
457024,0
457025,0
457026,31
457027,0
457028,0
457029,0
457030,0
457031,0
457032,23
457033,0
457034,0
457035,0
457036,0
457037,0
457038,0
457039,0
457040,0
457041,0
457042,0
457043,0
457044,0
457045,0
457046,20
457047,0
457048,0
457049,0
457050,63
457051,0
457052,0
457053,0
457054,0
457055,0
457056,0
457057,0
457058,0
457059,0
457060,0
457061,0
457062,33
457063,0
457064,0
457065,0
457066,36
457067,0
457068,0
457069,0
457070,0
457071,0
457072,0
457073,0
457074,0
457075,0
457076,0
457077,36
457078,15
457079,0
457080,0
457081,0
457082,35
457083,0
457084,0
457085,0
457086,0
457087,0
457088,0
457089,0
457090,0
457091,0
457092,0
457093,0
457094,0
457095,0
457096,0
457097,0
457098,0
457099,0
457100,0
457101,0
457102,0
457103,0
457104,0
457105,0
457106,0
457107,0
457108,47
457109,0
457110,42
457111,34
457112,49
457113,16
457114,0
457115,26
457116,0
457117,0
457118,0
457119,0
457120,36
457121,0
457122,0
457123,0
457124,0
457125,39
457126,0
457127,0
457128,0
457129,0
457130,0
457131,0
457132,37
457133,48
457134,39
457135,0
457136,0
457137,0
457138,0
457139,0
457140,0
457141,0
457142,0
457143,46
457144,0
457145,35
457146,0
457147,0
457148,0
457149,0
457150,0
457151,0
457152,38
457153,0
457154,0
457155,0
457156,0
457157,0
457158,41
457159,0
457160,0
457161,45
457162,0
457163,0
457164,0
457165,28
457166,0
457167,0
457168,25
457169,0
457170,0
457171,0
457172,0
457173,0
457174,45
457175,31
457176,0
457177,44
457178,0
457179,0
457180,0
457181,0
457182,0
457183,0
457184,0
457185,0
457186,0
457187,0
457188,0
457189,0
457190,0
457191,63
457192,0
457193,55
457194,0
457195,0
457196,0
457197,0
457198,0
457199,0
457200,0
457201,0
457202,0
457203,0
457204,0
457205,0
457206,0
457207,24
457208,0
457209,0
457210,0
457211,0
457212,0
457213,47
457214,0
457215,29
457216,0
457217,0
457218,0
457219,0
457220,0
457221,0
457222,0
457223,50
457224,0
457225,0
457226,0
457227,0
457228,0
457229,0
457230,0
457231,25
457232,0
457233,0
457234,0
457235,0
457236,58
457237,0
457238,0
457239,0
457240,0
457241,0
457242,0
457243,0
457244,0
457245,0
457246,0
457247,0
457248,0
457249,0
457250,0
457251,38
457252,0
457253,0
457254,0
457255,0
457256,0
457257,0
457258,0
457259,0
457260,18
457261,0
457262,27
457263,0
457264,0
457265,0
457266,0
457267,0
457268,34
457269,26
457270,0
457271,45
457272,0
457273,30
457274,0
457275,0
457276,0
457277,0
457278,0
457279,0
457280,25
457281,0
457282,0
457283,0
457284,0
457285,0
457286,0
457287,0
457288,0
457289,0
457290,0
457291,0
457292,31
457293,66
457294,31
457295,0
457296,0
457297,29
457298,0
457299,0
457300,29
457301,0
457302,50
457303,31
457304,0
457305,0
457306,0
457307,0
457308,0
457309,0
457310,52
457311,0
457312,18
457313,0
457314,0
457315,0
457316,40
457317,0
457318,0
457319,0
457320,0
457321,0
457322,0
457323,0
457324,0
457325,0
457326,0
457327,30
457328,0
457329,0
457330,0
457331,0
457332,0
457333,0
457334,0
457335,0
457336,0
457337,0
457338,0
457339,0
457340,0
457341,0
457342,46
457343,0
457344,0
457345,0
457346,0
457347,0
457348,0
457349,0
457350,32
457351,0
457352,0
457353,0
457354,0
457355,0
457356,0
457357,0
457358,0
457359,42
457360,45
457361,52
457362,0
457363,0
457364,31
457365,41
457366,40
457367,0
457368,0
457369,19
457370,0
457371,0
457372,0
457373,0
457374,0
457375,55
457376,0
457377,39
457378,0
457379,0
457380,46
457381,0
457382,0
457383,0
457384,44
457385,74
457386,0
457387,0
457388,0
457389,28
457390,0
457391,0
457392,0
457393,0
457394,33
457395,0
457396,0
457397,0
457398,0
457399,34
457400,0
457401,52
457402,0
457403,47
457404,0
457405,0
457406,0
457407,0
457408,0
457409,0
457410,37
457411,0
457412,0
457413,0
457414,0
457415,0
457416,0
457417,0
457418,0
457419,0
457420,0
457421,49
457422,0
457423,0
457424,0
457425,0
457426,0
457427,0
457428,0
457429,0
457430,51
457431,0
457432,0
457433,0
457434,0
457435,0
457436,37
457437,0
457438,0
457439,0
457440,56
457441,0
457442,0
457443,0
457444,0
457445,0
457446,0
457447,0
457448,0
457449,0
457450,0
457451,0
457452,0
457453,0
457454,0
457455,0
457456,0
457457,0
457458,37
457459,0
457460,0
457461,0
457462,0
457463,0
457464,39
457465,0
457466,0
457467,35
457468,0
457469,60
457470,47
457471,30
457472,30
457473,0
457474,0
457475,0
457476,0
457477,0
457478,0
457479,0
457480,0
457481,0
457482,39
457483,0
457484,0
457485,0
457486,0
457487,0
457488,0
457489,48
457490,0
457491,0
457492,0
457493,0
457494,52
457495,0
457496,0
457497,0
457498,0
457499,0
457500,0
457501,0
457502,0
457503,0
457504,57
457505,0
457506,0
457507,41
457508,37
457509,0
457510,0
457511,0
457512,0
457513,0
457514,0
457515,27
457516,34
457517,68
457518,0
457519,0
457520,0
457521,17
457522,0
457523,40
457524,37
457525,0
457526,30
457527,49
457528,0
457529,0
457530,0
457531,36
457532,0
457533,0
457534,0
457535,0
457536,0
457537,0
457538,0
457539,38
457540,0
457541,0
457542,0
457543,21
457544,0
457545,0
457546,0
457547,0
457548,0
457549,0
457550,0
457551,0
457552,0
457553,0
457554,0
457555,0
457556,43
457557,0
457558,0
457559,0
457560,0
457561,0
457562,0
457563,0
457564,0
457565,0
457566,20
457567,18
457568,33
457569,0
457570,0
457571,0
457572,0
457573,32
457574,0
457575,0
457576,39
457577,0
457578,32
457579,42
457580,0
457581,0
457582,0
457583,34
457584,0
457585,0
457586,0
457587,0
457588,0
457589,27
457590,0
457591,0
457592,0
457593,0
457594,0
457595,0
457596,52
457597,29
457598,0
457599,0
457600,0
457601,0
457602,0
457603,0
457604,0
457605,0
457606,0
457607,0
457608,32
457609,0
457610,0
457611,0
457612,0
457613,0
457614,34
457615,0
457616,0
457617,0
457618,42
457619,0
457620,0
457621,0
457622,46
457623,35
457624,0
457625,0
457626,0
457627,0
457628,0
457629,0
457630,0
457631,28
457632,0
457633,17
457634,0
457635,0
457636,0
457637,0
457638,0
457639,0
457640,0
457641,31
457642,0
457643,32
457644,0
457645,25
457646,0
457647,0
457648,0
457649,0
457650,0
457651,34
457652,60
457653,0
457654,0
457655,0
457656,29
457657,0
457658,0
457659,43
457660,0
457661,0
457662,0
457663,0
457664,0
457665,0
457666,0
457667,51
457668,39
457669,0
457670,29
457671,0
457672,0
457673,26
457674,0
457675,0
457676,27
457677,0
457678,31
457679,0
457680,0
457681,0
457682,0
457683,0
457684,0
457685,51
457686,0
457687,0
457688,0
457689,0
457690,0
457691,0
457692,0
457693,0
457694,0
457695,48
457696,0
457697,66
457698,0
457699,0
457700,0
457701,0
457702,0
457703,0
457704,15
457705,0
457706,0
457707,0
457708,0
457709,0
457710,0
457711,0
457712,0
457713,42
457714,0
457715,0
457716,65
457717,0
457718,0
457719,0
457720,0
457721,0
457722,0
457723,0
457724,0
457725,0
457726,0
457727,0
457728,0
457729,0
457730,51
457731,0
457732,0
457733,0
457734,0
457735,0
457736,0
457737,0
457738,0
457739,0
457740,0
457741,39
457742,37
457743,0
457744,0
457745,0
457746,0
457747,0
457748,0
457749,0
457750,0
457751,0
457752,0
457753,0
457754,37
457755,0
457756,0
457757,0
457758,0
457759,0
457760,0
457761,0
457762,0
457763,0
457764,0
457765,0
457766,29
457767,0
457768,0
457769,0
457770,0
457771,0
457772,0
457773,0
457774,37
457775,0
457776,23
457777,0
457778,0
457779,0
457780,0
457781,0
457782,0
457783,0
457784,0
457785,36
457786,25
457787,47
457788,0
457789,34
457790,0
457791,48
457792,0
457793,0
457794,36
457795,0
457796,0
457797,0
457798,0
457799,0
457800,0
457801,0
457802,0
457803,0
457804,0
457805,0
457806,31
457807,0
457808,0
457809,0
457810,0
457811,0
457812,0
457813,0
457814,0
457815,0
457816,35
457817,0
457818,0
457819,38
457820,39
457821,0
457822,0
457823,0
457824,0
457825,0
457826,34
457827,0
457828,39
457829,0
457830,0
457831,0
457832,0
457833,0
457834,0
457835,0
457836,0
457837,0
457838,0
457839,0
457840,32
457841,30
457842,25
457843,33
457844,0
457845,0
457846,0
457847,0
457848,0
457849,0
457850,0
457851,0
457852,63
457853,0
457854,0
457855,0
457856,0
457857,0
457858,0
457859,0
457860,0
457861,0
457862,0
457863,0
457864,0
457865,44
457866,0
457867,0
457868,0
457869,0
457870,22
457871,24
457872,0
457873,0
457874,31
457875,0
457876,9
457877,57
457878,0
457879,0
457880,0
457881,27
457882,37
457883,42
457884,0
457885,0
457886,0
457887,0
457888,0
457889,37
457890,0
457891,0
457892,0
457893,56
457894,0
457895,0
457896,26
457897,0
457898,0
457899,0
457900,0
457901,0
457902,0
457903,37
457904,0
457905,0
457906,0
457907,36
457908,0
457909,0
457910,0
457911,0
457912,0
457913,0
457914,0
457915,0
457916,35
457917,0
457918,0
457919,0
457920,0
457921,0
457922,0
457923,0
457924,0
457925,0
457926,0
457927,0
457928,0
457929,0
457930,0
457931,0
457932,0
457933,48
457934,0
457935,0
457936,0
457937,0
457938,0
457939,0
457940,0
457941,40
457942,45
457943,0
457944,0
457945,0
457946,8
457947,0
457948,0
457949,22
457950,0
457951,0
457952,19
457953,0
457954,0
457955,0
457956,0
457957,0
457958,0
457959,0
457960,0
457961,0
457962,18
457963,0
457964,0
457965,27
457966,0
457967,0
457968,0
457969,0
457970,0
457971,0
457972,15
457973,0
457974,0
457975,0
457976,24
457977,0
457978,0
457979,0
457980,0
457981,0
457982,0
457983,0
457984,0
457985,24
457986,0
457987,7
457988,0
457989,14
457990,0
457991,0
457992,0
457993,11
457994,0
457995,0
457996,0
457997,0
457998,0
457999,0
458000,0
458001,0
458002,0
458003,0
458004,0
458005,18
458006,0
458007,17
458008,24
458009,0
458010,0
458011,35
458012,0
458013,13
458014,0
458015,9
458016,0
458017,0
458018,0
458019,0
458020,0
458021,0
458022,0
458023,0
458024,19
458025,0
458026,0
458027,26
458028,0
458029,0
458030,28
458031,22
458032,0
458033,0
458034,18
458035,0
458036,0
458037,0
458038,0
458039,0
458040,0
458041,0
458042,0
458043,10
458044,0
458045,25
458046,0
458047,23
458048,0
458049,22
458050,0
458051,0
458052,13
458053,19
458054,0
458055,0
458056,0
458057,0
458058,0
458059,16
458060,0
458061,48
458062,21
458063,0
458064,0
458065,0
458066,0
458067,23
458068,24
458069,0
458070,0
458071,20
458072,0
458073,0
458074,0
458075,31
458076,0
458077,19
458078,20
458079,0
458080,18
458081,0
458082,34
458083,0
458084,0
458085,0
458086,0
458087,0
458088,0
458089,22
458090,0
458091,0
458092,18
458093,0
458094,0
458095,0
458096,0
458097,0
458098,0
458099,0
458100,0
458101,0
458102,0
458103,0
458104,0
458105,0
458106,0
458107,0
458108,0
458109,0
458110,28
458111,0
458112,22
458113,0
458114,20
458115,0
458116,16
458117,15
458118,16
458119,14
458120,0
458121,0
458122,0
458123,0
458124,0
458125,0
458126,25
458127,0
458128,0
458129,0
458130,0
458131,0
458132,0
458133,0
458134,0
458135,0
458136,0
458137,0
458138,0
458139,0
458140,0
458141,22
458142,0
458143,0
458144,27
458145,0
458146,19
458147,0
458148,0
458149,19
458150,0
458151,0
458152,19
458153,0
458154,0
458155,0
458156,21
458157,0
458158,0
458159,0
458160,0
458161,0
458162,0
458163,0
458164,0
458165,0
458166,0
458167,0
458168,0
458169,0
458170,22
458171,14
458172,0
458173,9
458174,0
458175,0
458176,0
458177,0
458178,0
458179,0
458180,0
458181,25
458182,0
458183,0
458184,0
458185,0
458186,0
458187,0
458188,0
458189,0
458190,0
458191,20
458192,0
458193,21
458194,17
458195,30
458196,0
458197,0
458198,0
458199,0
458200,0
458201,0
458202,0
458203,20
458204,0
458205,0
458206,24
458207,0
458208,0
458209,0
458210,0
458211,36
458212,0
458213,11
458214,0
458215,0
458216,0
458217,0
458218,0
458219,0
458220,0
458221,0
458222,0
458223,0
458224,0
458225,0
458226,0
458227,0
458228,15
458229,30
458230,0
458231,0
458232,11
458233,0
458234,0
458235,0
458236,18
458237,23
458238,0
458239,0
458240,0
458241,0
458242,25
458243,0
458244,0
458245,0
458246,24
458247,32
458248,0
458249,0
458250,21
458251,21
458252,0
458253,28
458254,12
458255,0
458256,17
458257,29
458258,0
458259,0
458260,0
458261,0
458262,0
458263,14
458264,0
458265,0
458266,0
458267,0
458268,0
458269,17
458270,0
458271,17
458272,26
458273,0
458274,0
458275,0
458276,0
458277,0
458278,0
458279,0
458280,23
458281,29
458282,18
458283,16
458284,0
458285,8
458286,0
458287,0
458288,0
458289,0
458290,21
458291,30
458292,18
458293,0
458294,0
458295,0
458296,26
458297,0
458298,0
458299,0
458300,0
458301,0
458302,0
458303,0
458304,0
458305,20
458306,0
458307,0
458308,0
458309,0
458310,0
458311,0
458312,0
458313,0
458314,15
458315,0
458316,0
458317,0
458318,0
458319,0
458320,0
458321,0
458322,0
458323,0
458324,0
458325,0
458326,0
458327,0
458328,63
458329,0
458330,0
458331,31
458332,51
458333,0
458334,29
458335,0
458336,0
458337,32
458338,0
458339,0
458340,0
458341,0
458342,0
458343,0
458344,0
458345,41
458346,0
458347,35
458348,0
458349,0
458350,0
458351,22
458352,0
458353,0
458354,0
458355,0
458356,0
458357,27
458358,0
458359,27
458360,0
458361,0
458362,0
458363,0
458364,0
458365,0
458366,0
458367,0
458368,27
458369,0
458370,0
458371,0
458372,0
458373,0
458374,0
458375,0
458376,0
458377,0
458378,32
458379,0
458380,0
458381,0
458382,0
458383,0
458384,27
458385,0
458386,0
458387,50
458388,0
458389,0
458390,0
458391,32
458392,17
458393,0
458394,0
458395,0
458396,30
458397,29
458398,32
458399,0
458400,26
458401,0
458402,0
458403,25
458404,0
458405,0
458406,10
458407,0
458408,0
458409,0
458410,0
458411,0
458412,0
458413,23
458414,0
458415,0
458416,0
458417,0
458418,0
458419,0
458420,0
458421,0
458422,22
458423,0
458424,0
458425,0
458426,0
458427,0
458428,20
458429,0
458430,0
458431,21
458432,18
458433,0
458434,18
458435,0
458436,0
458437,0
458438,0
458439,0
458440,14
458441,0
458442,23
458443,0
458444,0
458445,0
458446,23
458447,0
458448,0
458449,0
458450,0
458451,0
458452,0
458453,0
458454,0
458455,0
458456,0
458457,36
458458,0
458459,30
458460,0
458461,23
458462,44
458463,0
458464,0
458465,0
458466,26
458467,0
458468,0
458469,0
458470,35
458471,0
458472,0
458473,0
458474,0
458475,0
458476,0
458477,0
458478,0
458479,0
458480,0
458481,26
458482,27
458483,0
458484,0
458485,0
458486,29
458487,26
458488,0
458489,26
458490,24
458491,0
458492,0
458493,0
458494,29
458495,0
458496,0
458497,0
458498,0
458499,0
458500,21
458501,27
458502,0
458503,0
458504,23
458505,0
458506,23
458507,0
458508,0
458509,0
458510,0
458511,0
458512,20
458513,0
458514,0
458515,37
458516,0
458517,0
458518,0
458519,25
458520,15
458521,0
458522,29
458523,0
458524,29
458525,0
458526,0
458527,22
458528,0
458529,0
458530,25
458531,0
458532,0
458533,0
458534,0
458535,65
458536,0
458537,0
458538,23
458539,0
458540,0
458541,0
458542,28
458543,0
458544,0
458545,0
458546,0
458547,0
458548,25
458549,0
458550,0
458551,0
458552,0
458553,0
458554,18
458555,0
458556,0
458557,27
458558,27
458559,0
458560,0
458561,0
458562,24
458563,38
458564,0
458565,0
458566,35
458567,0
458568,0
458569,0
458570,0
458571,24
458572,30
458573,0
458574,0
458575,0
458576,0
458577,0
458578,0
458579,0
458580,0
458581,0
458582,0
458583,0
458584,27
458585,15
458586,0
458587,0
458588,0
458589,0
458590,0
458591,0
458592,0
458593,22
458594,25
458595,42
458596,0
458597,0
458598,0
458599,0
458600,0
458601,0
458602,26
458603,0
458604,0
458605,0
458606,0
458607,0
458608,32
458609,0
458610,36
458611,31
458612,0
458613,42
458614,0
458615,0
458616,0
458617,0
458618,0
458619,0
458620,26
458621,0
458622,0
458623,38
458624,0
458625,0
458626,0
458627,0
458628,0
458629,0
458630,0
458631,21
458632,21
458633,0
458634,0
458635,26
458636,26
458637,0
458638,21
458639,0
458640,0
458641,0
458642,0
458643,0
458644,0
458645,0
458646,0
458647,16
458648,0
458649,0
458650,30
458651,25
458652,0
458653,0
458654,0
458655,0
458656,0
458657,0
458658,0
458659,0
458660,0
458661,0
458662,0
458663,0
458664,0
458665,0
458666,0
458667,0
458668,0
458669,0
458670,0
458671,0
458672,0
458673,0
458674,0
458675,0
458676,8
458677,21
458678,0
458679,0
458680,0
458681,23
458682,0
458683,13
458684,24
458685,0
458686,0
458687,0
458688,0
458689,0
458690,0
458691,17
458692,0
458693,0
458694,0
458695,0
458696,0
458697,25
458698,0
458699,0
458700,0
458701,20
458702,48
458703,0
458704,31
458705,0
458706,18
458707,0
458708,10
458709,0
458710,0
458711,0
458712,0
458713,19
458714,0
458715,22
458716,0
458717,0
458718,0
458719,27
458720,0
458721,0
458722,0
458723,40
458724,0
458725,0
458726,0
458727,0
458728,0
458729,19
458730,23
458731,0
458732,0
458733,0
458734,0
458735,0
458736,25
458737,26
458738,0
458739,13
458740,19
458741,0
458742,0
458743,0
458744,0
458745,0
458746,0
458747,18
458748,0
458749,0
458750,25
458751,0
458752,20
458753,0
458754,0
458755,25
458756,0
458757,0
458758,0
458759,0
458760,0
458761,0
458762,0
458763,29
458764,22
458765,20
458766,38
458767,0
458768,33
458769,0
458770,20
458771,0
458772,0
458773,41
458774,0
458775,0
458776,15
458777,18
458778,12
458779,0
458780,33
458781,0
458782,0
458783,0
458784,0
458785,0
458786,26
458787,17
458788,31
458789,0
458790,0
458791,24
458792,0
458793,0
458794,0
458795,0
458796,35
458797,0
458798,0
458799,0
458800,0
458801,40
458802,0
458803,0
458804,26
458805,0
458806,30
458807,18
458808,17
458809,0
458810,41
458811,0
458812,0
458813,0
458814,0
458815,0
458816,0
458817,0
458818,0
458819,34
458820,0
458821,0
458822,0
458823,0
458824,0
458825,0
458826,22
458827,25
458828,0
458829,0
458830,0
458831,0
458832,0
458833,0
458834,0
458835,37
458836,0
458837,0
458838,0
458839,0
458840,35
458841,0
458842,44
458843,0
458844,23
458845,0
458846,0
458847,23
458848,0
458849,0
458850,36
458851,0
458852,0
458853,17
458854,28
458855,0
458856,0
458857,22
458858,0
458859,17
458860,0
458861,0
458862,0
458863,0
458864,0
458865,0
458866,0
458867,0
458868,0
458869,0
458870,0
458871,28
458872,21
458873,0
458874,0
458875,0
458876,0
458877,0
458878,0
458879,10
458880,0
458881,0
458882,0
458883,0
458884,14
458885,0
458886,0
458887,0
458888,0
458889,17
458890,0
458891,0
458892,0
458893,17
458894,0
458895,0
458896,0
458897,0
458898,12
458899,0
458900,0
458901,0
458902,0
458903,0
458904,0
458905,0
458906,13
458907,17
458908,0
458909,21
458910,0
458911,18
458912,14
458913,19
458914,0
458915,0
458916,0
458917,14
458918,0
458919,0
458920,0
458921,0
458922,0
458923,0
458924,0
458925,0
458926,0
458927,0
458928,8
458929,0
458930,0
458931,16
458932,31
458933,0
458934,5
458935,0
458936,0
458937,0
458938,0
458939,0
458940,20
458941,0
458942,11
458943,22
458944,0
458945,0
458946,8
458947,12
458948,0
458949,0
458950,0
458951,0
458952,9
458953,0
458954,0
458955,12
458956,0
458957,0
458958,0
458959,0
458960,0
458961,0
458962,0
458963,0
458964,0
458965,0
458966,0
458967,0
458968,0
458969,0
458970,0
458971,0
458972,0
458973,0
458974,0
458975,0
458976,0
458977,0
458978,0
458979,0
458980,0
458981,17
458982,0
458983,0
458984,0
458985,0
458986,0
458987,0
458988,0
458989,0
458990,18
458991,0
458992,0
458993,0
458994,0
458995,0
458996,0
458997,0
458998,0
458999,0
459000,0
459001,0
459002,0
459003,0
459004,0
459005,0
459006,9
459007,0
459008,0
459009,0
459010,0
459011,8
459012,0
459013,0
459014,0
459015,0
459016,0
459017,0
459018,0
459019,0
459020,0
459021,0
459022,0
459023,0
459024,16
459025,20
459026,0
459027,0
459028,0
459029,10
459030,21
459031,0
459032,0
459033,0
459034,0
459035,18
459036,0
459037,0
459038,0
459039,0
459040,0
459041,0
459042,0
459043,0
459044,0
459045,0
459046,0
459047,0
459048,0
459049,0
459050,0
459051,0
459052,0
459053,0
459054,0
459055,0
459056,0
459057,0
459058,14
459059,0
459060,0
459061,0
459062,0
459063,0
459064,0
459065,0
459066,0
459067,0
459068,0
459069,0
459070,13
459071,0
459072,0
459073,0
459074,0
459075,0
459076,0
459077,0
459078,0
459079,0
459080,0
459081,0
459082,0
459083,0
459084,0
459085,0
459086,0
459087,0
459088,0
459089,0
459090,0
459091,0
459092,0
459093,0
459094,0
459095,0
459096,0
459097,0
459098,0
459099,0
459100,0
459101,0
459102,0
459103,0
459104,0
459105,18
459106,0
459107,0
459108,0
459109,0
459110,0
459111,0
459112,0
459113,0
459114,0
459115,0
459116,0
459117,0
459118,0
459119,0
459120,0
459121,0
459122,0
459123,0
459124,0
459125,0
459126,0
459127,0
459128,0
459129,19
459130,0
459131,0
459132,0
459133,0
459134,0
459135,0
459136,0
459137,0
459138,0
459139,0
459140,0
459141,0
459142,0
459143,0
459144,0
459145,0
459146,12
459147,0
459148,0
459149,0
459150,0
459151,0
459152,0
459153,0
459154,0
459155,0
459156,0
459157,0
459158,17
459159,0
459160,0
459161,0
459162,0
459163,0
459164,0
459165,0
459166,0
459167,0
459168,0
459169,0
459170,6
459171,17
459172,0
459173,0
459174,0
459175,0
459176,7
459177,0
459178,0
459179,0
459180,20
459181,0
459182,0
459183,0
459184,16
459185,0
459186,0
459187,21
459188,0
459189,0
459190,0
459191,0
459192,0
459193,0
459194,0
459195,0
459196,0
459197,0
459198,0
459199,0
459200,0
459201,0
459202,11
459203,0
459204,0
459205,0
459206,0
459207,0
459208,12
459209,0
459210,0
459211,0
459212,0
459213,0
459214,0
459215,0
459216,0
459217,0
459218,0
459219,0
459220,17
459221,0
459222,0
459223,0
459224,0
459225,0
459226,0
459227,0
459228,0
459229,11
459230,0
459231,0
459232,0
459233,0
459234,16
459235,0
459236,0
459237,12
459238,0
459239,0
459240,0
459241,0
459242,0
459243,0
459244,0
459245,0
459246,0
459247,0
459248,0
459249,0
459250,0
459251,0
459252,0
459253,0
459254,18
459255,17
459256,16
459257,16
459258,0
459259,0
459260,0
459261,0
459262,0
459263,0
459264,15
459265,11
459266,0
459267,0
459268,0
459269,0
459270,0
459271,0
459272,0
459273,0
459274,0
459275,0
459276,10
459277,0
459278,0
459279,0
459280,15
459281,0
459282,0
459283,0
459284,0
459285,15
459286,0
459287,0
459288,0
459289,14
459290,0
459291,10
459292,0
459293,0
459294,0
459295,0
459296,0
459297,0
459298,0
459299,0
459300,11
459301,0
459302,0
459303,15
459304,0
459305,0
459306,0
459307,0
459308,20
459309,0
459310,0
459311,0
459312,0
459313,0
459314,17
459315,0
459316,0
459317,0
459318,0
459319,0
459320,0
459321,0
459322,0
459323,0
459324,0
459325,0
459326,0
459327,0
459328,14
459329,0
459330,0
459331,0
459332,0
459333,7
459334,0
459335,0
459336,0
459337,15
459338,0
459339,0
459340,0
459341,0
459342,0
459343,0
459344,0
459345,0
459346,0
459347,0
459348,0
459349,0
459350,0
459351,0
459352,0
459353,0
459354,0
459355,11
459356,0
459357,0
459358,0
459359,0
459360,0
459361,0
459362,0
459363,10
459364,0
459365,0
459366,15
459367,0
459368,0
459369,0
459370,0
459371,0
459372,0
459373,0
459374,13
459375,21
459376,13
459377,0
459378,0
459379,0
459380,0
459381,0
459382,0
459383,0
459384,0
459385,0
459386,0
459387,0
459388,12
459389,0
459390,0
459391,0
459392,0
459393,11
459394,0
459395,0
459396,0
459397,0
459398,0
459399,0
459400,0
459401,0
459402,0
459403,0
459404,0
459405,0
459406,0
459407,0
459408,0
459409,0
459410,0
459411,0
459412,0
459413,0
459414,0
459415,0
459416,0
459417,0
459418,0
459419,0
459420,0
459421,0
459422,0
459423,0
459424,20
459425,7
459426,0
459427,0
459428,0
459429,0
459430,0
459431,0
459432,0
459433,14
459434,0
459435,0
459436,0
459437,27
459438,0
459439,0
459440,0
459441,0
459442,0
459443,0
459444,0
459445,0
459446,0
459447,0
459448,0
459449,0
459450,0
459451,0
459452,9
459453,11
459454,9
459455,0
459456,0
459457,0
459458,0
459459,0
459460,11
459461,11
459462,0
459463,0
459464,0
459465,16
459466,0
459467,0
459468,0
459469,0
459470,0
459471,0
459472,11
459473,0
459474,0
459475,0
459476,0
459477,0
459478,0
459479,6
459480,0
459481,0
459482,0
459483,0
459484,0
459485,0
459486,0
459487,0
459488,0
459489,0
459490,0
459491,0
459492,17
459493,0
459494,0
459495,0
459496,0
459497,0
459498,0
459499,0
459500,0
459501,0
459502,0
459503,0
459504,0
459505,0
459506,0
459507,0
459508,18
459509,0
459510,0
459511,0
459512,0
459513,0
459514,0
459515,0
459516,8
459517,0
459518,0
459519,0
459520,0
459521,22
459522,0
459523,0
459524,0
459525,0
459526,0
459527,0
459528,0
459529,15
459530,0
459531,0
459532,0
459533,0
459534,15
459535,0
459536,0
459537,0
459538,0
459539,0
459540,0
459541,0
459542,0
459543,0
459544,0
459545,12
459546,0
459547,0
459548,9
459549,11
459550,0
459551,0
459552,0
459553,0
459554,0
459555,0
459556,0
459557,11
459558,0
459559,0
459560,22
459561,0
459562,0
459563,0
459564,0
459565,0
459566,0
459567,0
459568,0
459569,0
459570,0
459571,0
459572,0
459573,0
459574,0
459575,27
459576,0
459577,0
459578,0
459579,14
459580,0
459581,0
459582,0
459583,0
459584,0
459585,0
459586,0
459587,0
459588,0
459589,8
459590,0
459591,0
459592,0
459593,0
459594,0
459595,13
459596,0
459597,0
459598,0
459599,12
459600,0
459601,0
459602,0
459603,0
459604,0
459605,0
459606,0
459607,0
459608,0
459609,0
459610,0
459611,0
459612,0
459613,0
459614,0
459615,0
459616,0
459617,15
459618,0
459619,0
459620,0
459621,0
459622,0
459623,0
459624,0
459625,0
459626,0
459627,0
459628,0
459629,0
459630,0
459631,0
459632,0
459633,0
459634,0
459635,0
459636,21
459637,15
459638,0
459639,0
459640,0
459641,0
459642,0
459643,15
459644,15
459645,0
459646,0
459647,0
459648,0
459649,0
459650,0
459651,0
459652,0
459653,0
459654,0
459655,0
459656,0
459657,0
459658,0
459659,0
459660,0
459661,8
459662,11
459663,0
459664,0
459665,0
459666,0
459667,0
459668,0
459669,0
459670,0
459671,0
459672,0
459673,12
459674,0
459675,13
459676,0
459677,0
459678,0
459679,0
459680,0
459681,0
459682,0
459683,0
459684,0
459685,0
459686,10
459687,0
459688,0
459689,0
459690,0
459691,0
459692,0
459693,0
459694,0
459695,0
459696,0
459697,0
459698,0
459699,0
459700,0
459701,0
459702,0
459703,0
459704,0
459705,0
459706,0
459707,0
459708,0
459709,0
459710,0
459711,0
459712,0
459713,14
459714,0
459715,0
459716,9
459717,0
459718,0
459719,0
459720,15
459721,0
459722,0
459723,0
459724,0
459725,0
459726,0
459727,16
459728,0
459729,0
459730,0
459731,0
459732,0
459733,0
459734,0
459735,0
459736,0
459737,22
459738,0
459739,0
459740,0
459741,0
459742,0
459743,0
459744,0
459745,0
459746,0
459747,0
459748,0
459749,0
459750,0
459751,6
459752,0
459753,0
459754,0
459755,0
459756,17
459757,0
459758,0
459759,0
459760,0
459761,0
459762,0
459763,0
459764,0
459765,0
459766,0
459767,0
459768,11
459769,0
459770,0
459771,12
459772,0
459773,0
459774,0
459775,11
459776,12
459777,0
459778,16
459779,0
459780,0
459781,0
459782,11
459783,0
459784,0
459785,0
459786,16
459787,0
459788,0
459789,0
459790,0
459791,0
459792,8
459793,0
459794,0
459795,0
459796,0
459797,0
459798,0
459799,19
459800,0
459801,0
459802,0
459803,0
459804,0
459805,0
459806,0
459807,0
459808,9
459809,0
459810,0
459811,0
459812,0
459813,0
459814,9
459815,0
459816,11
459817,0
459818,0
459819,0
459820,0
459821,11
459822,16
459823,0
459824,0
459825,0
459826,9
459827,0
459828,0
459829,12
459830,0
459831,0
459832,0
459833,0
459834,0
459835,12
459836,21
459837,0
459838,0
459839,0
459840,0
459841,0
459842,12
459843,0
459844,0
459845,0
459846,0
459847,0
459848,0
459849,0
459850,0
459851,0
459852,0
459853,0
459854,0
459855,0
459856,0
459857,0
459858,0
459859,0
459860,0
459861,7
459862,0
459863,0
459864,0
459865,0
459866,0
459867,0
459868,0
459869,0
459870,13
459871,0
459872,0
459873,0
459874,0
459875,0
459876,8
459877,0
459878,0
459879,0
459880,0
459881,0
459882,0
459883,0
459884,0
459885,0
459886,0
459887,11
459888,0
459889,0
459890,12
459891,0
459892,0
459893,19
459894,0
459895,0
459896,0
459897,14
459898,0
459899,0
459900,0
459901,0
459902,11
459903,0
459904,0
459905,0
459906,0
459907,0
459908,0
459909,0
459910,0
459911,0
459912,0
459913,0
459914,0
459915,0
459916,0
459917,0
459918,0
459919,0
459920,0
459921,0
459922,0
459923,14
459924,0
459925,0
459926,9
459927,0
459928,0
459929,0
459930,0
459931,0
459932,0
459933,0
459934,0
459935,0
459936,0
459937,0
459938,0
459939,0
459940,20
459941,0
459942,0
459943,0
459944,0
459945,0
459946,0
459947,0
459948,0
459949,0
459950,0
459951,0
459952,0
459953,0
459954,0
459955,0
459956,0
459957,0
459958,0
459959,0
459960,0
459961,0
459962,0
459963,0
459964,4
459965,0
459966,0
459967,0
459968,0
459969,0
459970,0
459971,0
459972,0
459973,0
459974,0
459975,0
459976,0
459977,0
459978,5
459979,12
459980,0
459981,12
459982,0
459983,0
459984,0
459985,0
459986,0
459987,0
459988,0
459989,0
459990,0
459991,0
459992,0
459993,0
459994,0
459995,12
459996,0
459997,0
459998,13
459999,0
460000,0
460001,0
460002,0
460003,0
460004,0
460005,0
460006,0
460007,0
460008,0
460009,0
460010,15
460011,0
460012,0
460013,0
460014,0
460015,0
460016,0
460017,0
460018,0
460019,0
460020,0
460021,0
460022,0
460023,0
460024,0
460025,8
460026,0
460027,0
460028,0
460029,11
460030,0
460031,0
460032,19
460033,0
460034,0
460035,0
460036,0
460037,10
460038,0
460039,0
460040,0
460041,0
460042,12
460043,0
460044,16
460045,8
460046,12
460047,0
460048,15
460049,0
460050,0
460051,0
460052,0
460053,0
460054,0
460055,0
460056,0
460057,0
460058,0
460059,0
460060,0
460061,0
460062,0
460063,0
460064,0
460065,0
460066,0
460067,0
460068,0
460069,0
460070,0
460071,0
460072,0
460073,0
460074,0
460075,0
460076,0
460077,0
460078,0
460079,0
460080,0
460081,0
460082,0
460083,0
460084,5
460085,0
460086,0
460087,0
460088,0
460089,0
460090,0
460091,0
460092,17
460093,0
460094,0
460095,0
460096,0
460097,0
460098,0
460099,0
460100,0
460101,0
460102,0
460103,0
460104,12
460105,8
460106,0
460107,0
460108,0
460109,0
460110,0
460111,0
460112,0
460113,12
460114,0
460115,16
460116,0
460117,0
460118,0
460119,0
460120,0
460121,13
460122,0
460123,0
460124,0
460125,0
460126,0
460127,8
460128,0
460129,0
460130,0
460131,9
460132,0
460133,0
460134,0
460135,0
460136,0
460137,15
460138,0
460139,0
460140,0
460141,0
460142,0
460143,0
460144,0
460145,0
460146,19
460147,0
460148,0
460149,0
460150,13
460151,9
460152,0
460153,0
460154,0
460155,0
460156,0
460157,0
460158,0
460159,0
460160,0
460161,14
460162,0
460163,0
460164,9
460165,5
460166,0
460167,0
460168,0
460169,5
460170,0
460171,0
460172,0
460173,11
460174,17
460175,9
460176,0
460177,0
460178,0
460179,0
460180,0
460181,0
460182,0
460183,0
460184,0
460185,0
460186,0
460187,0
460188,0
460189,0
460190,0
460191,0
460192,0
460193,0
460194,0
460195,0
460196,0
460197,17
460198,0
460199,0
460200,0
460201,0
460202,0
460203,0
460204,0
460205,0
460206,0
460207,0
460208,0
460209,0
460210,0
460211,0
460212,0
460213,0
460214,0
460215,0
460216,0
460217,0
460218,0
460219,0
460220,0
460221,0
460222,0
460223,0
460224,0
460225,0
460226,0
460227,0
460228,0
460229,0
460230,0
460231,0
460232,13
460233,0
460234,0
460235,0
460236,0
460237,0
460238,0
460239,0
460240,0
460241,0
460242,0
460243,0
460244,0
460245,0
460246,0
460247,0
460248,0
460249,0
460250,0
460251,0
460252,0
460253,0
460254,0
460255,0
460256,0
460257,0
460258,0
460259,0
460260,26
460261,0
460262,0
460263,0
460264,0
460265,0
460266,0
460267,0
460268,0
460269,0
460270,0
460271,0
460272,0
460273,0
460274,0
460275,0
460276,0
460277,0
460278,0
460279,0
460280,0
460281,0
460282,0
460283,0
460284,27
460285,0
460286,0
460287,0
460288,28
460289,0
460290,0
460291,0
460292,0
460293,0
460294,0
460295,0
460296,0
460297,0
460298,0
460299,0
460300,0
460301,0
460302,0
460303,0
460304,0
460305,0
460306,0
460307,0
460308,0
460309,0
460310,0
460311,0
460312,0
460313,0
460314,0
460315,0
460316,0
460317,0
460318,0
460319,0
460320,0
460321,0
460322,0
460323,0
460324,0
460325,23
460326,0
460327,0
460328,0
460329,0
460330,0
460331,0
460332,0
460333,0
460334,0
460335,20
460336,0
460337,0
460338,0
460339,0
460340,0
460341,0
460342,0
460343,0
460344,0
460345,0
460346,0
460347,0
460348,0
460349,0
460350,0
460351,19
460352,0
460353,0
460354,0
460355,0
460356,0
460357,0
460358,0
460359,0
460360,0
460361,0
460362,0
460363,0
460364,0
460365,0
460366,0
460367,0
460368,0
460369,0
460370,0
460371,0
460372,0
460373,0
460374,24
460375,0
460376,0
460377,0
460378,0
460379,0
460380,0
460381,0
460382,0
460383,0
460384,0
460385,0
460386,22
460387,0
460388,0
460389,0
460390,0
460391,0
460392,0
460393,0
460394,0
460395,0
460396,0
460397,29
460398,0
460399,0
460400,0
460401,0
460402,0
460403,0
460404,0
460405,0
460406,0
460407,0
460408,0
460409,19
460410,0
460411,0
460412,0
460413,0
460414,0
460415,15
460416,0
460417,0
460418,0
460419,0
460420,0
460421,0
460422,0
460423,0
460424,0
460425,0
460426,0
460427,31
460428,0
460429,0
460430,0
460431,0
460432,0
460433,0
460434,0
460435,0
460436,0
460437,0
460438,0
460439,0
460440,0
460441,0
460442,0
460443,0
460444,0
460445,0
460446,0
460447,0
460448,0
460449,0
460450,0
460451,0
460452,0
460453,0
460454,0
460455,0
460456,35
460457,0
460458,0
460459,0
460460,0
460461,0
460462,0
460463,0
460464,0
460465,0
460466,0
460467,0
460468,0
460469,0
460470,0
460471,14
460472,0
460473,0
460474,0
460475,0
460476,0
460477,25
460478,0
460479,0
460480,0
460481,0
460482,0
460483,0
460484,0
460485,0
460486,0
460487,0
460488,0
460489,0
460490,0
460491,0
460492,0
460493,0
460494,0
460495,0
460496,0
460497,0
460498,0
460499,17
460500,0
460501,0
460502,0
460503,26
460504,0
460505,0
460506,0
460507,0
460508,0
460509,0
460510,0
460511,0
460512,0
460513,0
460514,0
460515,0
460516,0
460517,0
460518,0
460519,0
460520,0
460521,0
460522,0
460523,26
460524,0
460525,0
460526,0
460527,0
460528,0
460529,0
460530,0
460531,0
460532,0
460533,0
460534,0
460535,0
460536,0
460537,0
460538,0
460539,0
460540,26
460541,0
460542,0
460543,0
460544,0
460545,0
460546,0
460547,0
460548,0
460549,38
460550,0
460551,0
460552,0
460553,0
460554,0
460555,0
460556,0
460557,0
460558,0
460559,25
460560,0
460561,0
460562,0
460563,0
460564,0
460565,0
460566,0
460567,0
460568,0
460569,0
460570,0
460571,0
460572,0
460573,0
460574,0
460575,0
460576,0
460577,0
460578,0
460579,0
460580,0
460581,0
460582,0
460583,0
460584,0
460585,0
460586,0
460587,0
460588,39
460589,0
460590,0
460591,0
460592,0
460593,0
460594,0
460595,0
460596,0
460597,0
460598,0
460599,0
460600,21
460601,0
460602,0
460603,0
460604,0
460605,0
460606,0
460607,0
460608,0
460609,0
460610,0
460611,0
460612,0
460613,0
460614,0
460615,0
460616,0
460617,0
460618,0
460619,0
460620,0
460621,0
460622,0
460623,0
460624,25
460625,0
460626,0
460627,0
460628,0
460629,0
460630,0
460631,0
460632,0
460633,0
460634,0
460635,0
460636,0
460637,0
460638,0
460639,0
460640,0
460641,0
460642,0
460643,0
460644,15
460645,0
460646,0
460647,0
460648,0
460649,0
460650,0
460651,0
460652,0
460653,0
460654,0
460655,0
460656,0
460657,0
460658,0
460659,0
460660,0
460661,0
460662,0
460663,0
460664,0
460665,0
460666,0
460667,0
460668,0
460669,0
460670,0
460671,0
460672,0
460673,0
460674,0
460675,0
460676,0
460677,0
460678,0
460679,0
460680,0
460681,0
460682,0
460683,0
460684,0
460685,0
460686,0
460687,0
460688,0
460689,0
460690,0
460691,0
460692,0
460693,0
460694,0
460695,0
460696,0
460697,0
460698,0
460699,0
460700,0
460701,0
460702,0
460703,0
460704,0
460705,0
460706,0
460707,0
460708,0
460709,0
460710,0
460711,0
460712,0
460713,0
460714,0
460715,0
460716,0
460717,0
460718,0
460719,0
460720,0
460721,0
460722,0
460723,0
460724,0
460725,0
460726,0
460727,0
460728,0
460729,0
460730,0
460731,0
460732,0
460733,0
460734,0
460735,0
460736,0
460737,0
460738,0
460739,0
460740,0
460741,0
460742,0
460743,0
460744,0
460745,0
460746,0
460747,0
460748,0
460749,0
460750,0
460751,0
460752,0
460753,0
460754,0
460755,0
460756,0
460757,0
460758,0
460759,0
460760,0
460761,0
460762,0
460763,15
460764,0
460765,0
460766,32
460767,0
460768,0
460769,0
460770,0
460771,0
460772,0
460773,0
460774,0
460775,0
460776,0
460777,0
460778,0
460779,0
460780,0
460781,0
460782,0
460783,0
460784,17
460785,0
460786,0
460787,0
460788,0
460789,0
460790,0
460791,0
460792,0
460793,26
460794,25
460795,0
460796,0
460797,23
460798,0
460799,0
460800,24
460801,0
460802,0
460803,0
460804,0
460805,0
460806,0
460807,0
460808,0
460809,35
460810,0
460811,0
460812,0
460813,0
460814,0
460815,0
460816,0
460817,28
460818,35
460819,27
460820,0
460821,0
460822,27
460823,0
460824,0
460825,30
460826,0
460827,0
460828,0
460829,0
460830,34
460831,0
460832,0
460833,0
460834,0
460835,0
460836,0
460837,0
460838,0
460839,0
460840,0
460841,26
460842,0
460843,0
460844,25
460845,0
460846,0
460847,0
460848,0
460849,0
460850,29
460851,0
460852,0
460853,0
460854,0
460855,0
460856,0
460857,37
460858,0
460859,0
460860,0
460861,0
460862,0
460863,0
460864,0
460865,23
460866,0
460867,0
460868,0
460869,0
460870,0
460871,0
460872,0
460873,0
460874,39
460875,30
460876,22
460877,0
460878,0
460879,29
460880,27
460881,0
460882,26
460883,31
460884,18
460885,0
460886,0
460887,0
460888,0
460889,0
460890,0
460891,0
460892,0
460893,30
460894,0
460895,0
460896,0
460897,0
460898,0
460899,0
460900,0
460901,29
460902,0
460903,32
460904,0
460905,0
460906,0
460907,44
460908,0
460909,0
460910,0
460911,40
460912,20
460913,0
460914,36
460915,0
460916,0
460917,0
460918,0
460919,0
460920,21
460921,24
460922,0
460923,0
460924,0
460925,0
460926,0
460927,25
460928,0
460929,32
460930,0
460931,0
460932,33
460933,0
460934,0
460935,0
460936,0
460937,0
460938,0
460939,23
460940,0
460941,0
460942,0
460943,0
460944,0
460945,0
460946,0
460947,0
460948,0
460949,0
460950,0
460951,0
460952,28
460953,0
460954,0
460955,32
460956,31
460957,32
460958,0
460959,0
460960,0
460961,0
460962,0
460963,0
460964,37
460965,0
460966,0
460967,0
460968,0
460969,0
460970,0
460971,0
460972,31
460973,0
460974,0
460975,0
460976,0
460977,33
460978,0
460979,0
460980,0
460981,0
460982,0
460983,0
460984,34
460985,0
460986,23
460987,31
460988,0
460989,32
460990,0
460991,27
460992,0
460993,0
460994,0
460995,0
460996,0
460997,0
460998,0
460999,37
461000,0
461001,0
461002,0
461003,0
461004,0
461005,0
461006,0
461007,0
461008,0
461009,33
461010,0
461011,0
461012,0
461013,36
461014,25
461015,0
461016,0
461017,0
461018,18
461019,0
461020,31
461021,0
461022,0
461023,0
461024,0
461025,24
461026,0
461027,0
461028,27
461029,0
461030,16
461031,0
461032,0
461033,0
461034,0
461035,0
461036,0
461037,23
461038,0
461039,26
461040,0
461041,0
461042,0
461043,0
461044,0
461045,33
461046,0
461047,0
461048,0
461049,0
461050,24
461051,29
461052,0
461053,30
461054,41
461055,0
461056,0
461057,0
461058,0
461059,0
461060,19
461061,0
461062,0
461063,20
461064,0
461065,0
461066,0
461067,0
461068,0
461069,0
461070,0
461071,0
461072,37
461073,0
461074,0
461075,0
461076,0
461077,21
461078,24
461079,0
461080,0
461081,0
461082,0
461083,0
461084,0
461085,0
461086,0
461087,0
461088,36
461089,0
461090,0
461091,0
461092,0
461093,0
461094,38
461095,0
461096,0
461097,0
461098,26
461099,40
461100,0
461101,0
461102,0
461103,0
461104,0
461105,0
461106,0
461107,33
461108,0
461109,24
461110,0
461111,17
461112,0
461113,0
461114,30
461115,0
461116,0
461117,19
461118,0
461119,18
461120,0
461121,0
461122,29
461123,29
461124,0
461125,0
461126,0
461127,0
461128,0
461129,0
461130,0
461131,21
461132,0
461133,0
461134,30
461135,0
461136,22
461137,0
461138,45
461139,0
461140,28
461141,0
461142,0
461143,0
461144,34
461145,0
461146,27
461147,0
461148,0
461149,0
461150,0
461151,22
461152,0
461153,21
461154,0
461155,0
461156,0
461157,0
461158,0
461159,0
461160,0
461161,24
461162,0
461163,29
461164,0
461165,0
461166,40
461167,0
461168,0
461169,25
461170,0
461171,0
461172,0
461173,0
461174,0
461175,0
461176,0
461177,0
461178,33
461179,0
461180,0
461181,0
461182,35
461183,0
461184,0
461185,0
461186,0
461187,0
461188,0
461189,41
461190,0
461191,0
461192,0
461193,25
461194,30
461195,0
461196,0
461197,0
461198,0
461199,0
461200,0
461201,0
461202,27
461203,0
461204,0
461205,0
461206,0
461207,0
461208,0
461209,0
461210,0
461211,0
461212,17
461213,0
461214,34
461215,0
461216,0
461217,0
461218,0
461219,0
461220,0
461221,0
461222,0
461223,0
461224,36
461225,0
461226,0
461227,24
461228,0
461229,36
461230,0
461231,0
461232,32
461233,0
461234,0
461235,0
461236,25
461237,0
461238,0
461239,0
461240,0
461241,0
461242,0
461243,0
461244,20
461245,0
461246,0
461247,0
461248,0
461249,0
461250,0
461251,0
461252,0
461253,0
461254,26
461255,0
461256,0
461257,0
461258,30
461259,0
461260,0
461261,0
461262,0
461263,0
461264,0
461265,0
461266,39
461267,0
461268,0
461269,19
461270,0
461271,0
461272,0
461273,0
461274,0
461275,0
461276,0
461277,0
461278,0
461279,0
461280,35
461281,0
461282,0
461283,0
461284,0
461285,0
461286,24
461287,0
461288,0
461289,27
461290,0
461291,0
461292,0
461293,0
461294,0
461295,34
461296,0
461297,29
461298,43
461299,31
461300,0
461301,0
461302,0
461303,0
461304,16
461305,0
461306,0
461307,0
461308,0
461309,26
461310,31
461311,0
461312,0
461313,0
461314,41
461315,0
461316,0
461317,27
461318,0
461319,0
461320,24
461321,0
461322,0
461323,0
461324,0
461325,0
461326,0
461327,0
461328,0
461329,0
461330,0
461331,0
461332,0
461333,0
461334,0
461335,0
461336,43
461337,34
461338,0
461339,0
461340,0
461341,0
461342,0
461343,0
461344,32
461345,32
461346,33
461347,0
461348,0
461349,26
461350,37
461351,0
461352,22
461353,24
461354,0
461355,30
461356,0
461357,0
461358,0
461359,0
461360,0
461361,0
461362,20
461363,0
461364,0
461365,0
461366,0
461367,0
461368,28
461369,0
461370,0
461371,0
461372,0
461373,0
461374,0
461375,0
461376,0
461377,0
461378,0
461379,37
461380,0
461381,0
461382,0
461383,0
461384,0
461385,31
461386,25
461387,0
461388,0
461389,41
461390,0
461391,0
461392,32
461393,21
461394,0
461395,0
461396,29
461397,0
461398,0
461399,0
461400,31
461401,0
461402,0
461403,0
461404,0
461405,21
461406,34
461407,0
461408,0
461409,37
461410,0
461411,31
461412,0
461413,0
461414,0
461415,0
461416,0
461417,0
461418,18
461419,0
461420,0
461421,0
461422,0
461423,0
461424,27
461425,0
461426,0
461427,0
461428,0
461429,0
461430,37
461431,0
461432,0
461433,0
461434,54
461435,0
461436,0
461437,0
461438,0
461439,0
461440,0
461441,0
461442,0
461443,0
461444,0
461445,0
461446,0
461447,0
461448,0
461449,43
461450,0
461451,0
461452,0
461453,0
461454,0
461455,40
461456,0
461457,0
461458,0
461459,0
461460,52
461461,0
461462,37
461463,0
461464,0
461465,28
461466,0
461467,0
461468,0
461469,0
461470,0
461471,0
461472,0
461473,45
461474,0
461475,0
461476,24
461477,54
461478,35
461479,31
461480,0
461481,0
461482,0
461483,0
461484,0
461485,0
461486,0
461487,0
461488,0
461489,0
461490,0
461491,0
461492,0
461493,0
461494,0
461495,0
461496,0
461497,0
461498,0
461499,0
461500,0
461501,0
461502,0
461503,41
461504,0
461505,47
461506,0
461507,37
461508,0
461509,0
461510,0
461511,0
461512,0
461513,0
461514,0
461515,0
461516,0
461517,0
461518,0
461519,0
461520,0
461521,0
461522,0
461523,0
461524,0
461525,0
461526,0
461527,0
461528,0
461529,0
461530,0
461531,39
461532,0
461533,35
461534,0
461535,40
461536,0
461537,0
461538,0
461539,0
461540,0
461541,0
461542,0
461543,27
461544,0
461545,0
461546,0
461547,0
461548,0
461549,0
461550,39
461551,31
461552,0
461553,0
461554,0
461555,0
461556,30
461557,0
461558,0
461559,0
461560,0
461561,0
461562,0
461563,0
461564,0
461565,0
461566,0
461567,0
461568,0
461569,0
461570,0
461571,0
461572,0
461573,28
461574,0
461575,0
461576,0
461577,52
461578,0
461579,0
461580,0
461581,0
461582,38
461583,0
461584,0
461585,0
461586,0
461587,0
461588,33
461589,0
461590,0
461591,33
461592,0
461593,0
461594,0
461595,0
461596,0
461597,0
461598,40
461599,0
461600,0
461601,0
461602,0
461603,27
461604,0
461605,36
461606,0
461607,0
461608,0
461609,0
461610,0
461611,0
461612,0
461613,0
461614,0
461615,0
461616,32
461617,0
461618,0
461619,0
461620,0
461621,53
461622,0
461623,0
461624,0
461625,0
461626,0
461627,0
461628,0
461629,0
461630,0
461631,0
461632,0
461633,0
461634,0
461635,31
461636,0
461637,31
461638,0
461639,0
461640,0
461641,0
461642,0
461643,50
461644,0
461645,0
461646,0
461647,0
461648,0
461649,0
461650,0
461651,0
461652,0
461653,0
461654,0
461655,37
461656,0
461657,0
461658,33
461659,26
461660,60
461661,0
461662,0
461663,0
461664,29
461665,0
461666,0
461667,0
461668,0
461669,0
461670,0
461671,0
461672,0
461673,49
461674,18
461675,0
461676,0
461677,0
461678,25
461679,33
461680,20
461681,0
461682,0
461683,0
461684,33
461685,0
461686,0
461687,0
461688,0
461689,0
461690,0
461691,0
461692,0
461693,0
461694,0
461695,0
461696,0
461697,24
461698,25
461699,0
461700,0
461701,0
461702,0
461703,0
461704,0
461705,47
461706,0
461707,41
461708,0
461709,47
461710,0
461711,0
461712,38
461713,0
461714,27
461715,39
461716,0
461717,0
461718,0
461719,0
461720,0
461721,0
461722,38
461723,0
461724,0
461725,0
461726,0
461727,0
461728,0
461729,0
461730,0
461731,0
461732,0
461733,42
461734,0
461735,48
461736,32
461737,34
461738,0
461739,0
461740,0
461741,0
461742,0
461743,0
461744,0
461745,41
461746,0
461747,0
461748,0
461749,0
461750,0
461751,0
461752,0
461753,0
461754,33
461755,35
461756,0
461757,0
461758,35
461759,0
461760,0
461761,0
461762,0
461763,0
461764,0
461765,29
461766,0
461767,32
461768,0
461769,0
461770,0
461771,0
461772,0
461773,0
461774,0
461775,0
461776,0
461777,0
461778,0
461779,29
461780,0
461781,39
461782,0
461783,0
461784,0
461785,28
461786,0
461787,0
461788,0
461789,0
461790,0
461791,25
461792,0
461793,31
461794,27
461795,0
461796,25
461797,0
461798,0
461799,0
461800,0
461801,0
461802,0
461803,0
461804,0
461805,0
461806,0
461807,0
461808,0
461809,0
461810,0
461811,0
461812,0
461813,0
461814,0
461815,0
461816,0
461817,0
461818,0
461819,35
461820,0
461821,0
461822,0
461823,0
461824,29
461825,0
461826,0
461827,0
461828,0
461829,0
461830,0
461831,0
461832,0
461833,0
461834,0
461835,0
461836,22
461837,0
461838,0
461839,0
461840,0
461841,0
461842,0
461843,0
461844,0
461845,0
461846,0
461847,0
461848,0
461849,0
461850,0
461851,0
461852,0
461853,0
461854,0
461855,0
461856,0
461857,0
461858,0
461859,0
461860,31
461861,0
461862,0
461863,0
461864,0
461865,0
461866,0
461867,0
461868,0
461869,0
461870,28
461871,0
461872,31
461873,27
461874,0
461875,0
461876,0
461877,0
461878,0
461879,0
461880,19
461881,21
461882,0
461883,0
461884,0
461885,0
461886,0
461887,0
461888,0
461889,0
461890,0
461891,0
461892,0
461893,0
461894,0
461895,0
461896,0
461897,0
461898,0
461899,0
461900,0
461901,0
461902,0
461903,0
461904,0
461905,0
461906,0
461907,21
461908,25
461909,0
461910,0
461911,0
461912,0
461913,0
461914,0
461915,0
461916,0
461917,0
461918,22
461919,0
461920,0
461921,0
461922,0
461923,0
461924,0
461925,0
461926,0
461927,0
461928,22
461929,0
461930,0
461931,0
461932,0
461933,0
461934,31
461935,0
461936,0
461937,0
461938,0
461939,34
461940,0
461941,35
461942,0
461943,0
461944,0
461945,0
461946,0
461947,0
461948,0
461949,0
461950,30
461951,0
461952,0
461953,0
461954,0
461955,0
461956,0
461957,0
461958,0
461959,0
461960,0
461961,0
461962,0
461963,0
461964,0
461965,0
461966,0
461967,0
461968,0
461969,0
461970,0
461971,0
461972,0
461973,0
461974,0
461975,0
461976,0
461977,28
461978,0
461979,0
461980,0
461981,0
461982,0
461983,0
461984,0
461985,0
461986,0
461987,0
461988,0
461989,30
461990,0
461991,0
461992,0
461993,0
461994,0
461995,0
461996,0
461997,29
461998,0
461999,0
462000,0
462001,0
462002,0
462003,0
462004,0
462005,1
462006,0
462007,0
462008,0
462009,0
462010,0
462011,0
462012,1
462013,0
462014,0
462015,0
462016,0
462017,0
462018,0
462019,0
462020,0
462021,0
462022,0
462023,0
462024,0
462025,0
462026,2
462027,0
462028,0
462029,0
462030,0
462031,0
462032,2
462033,0
462034,0
462035,0
462036,0
462037,0
462038,0
462039,0
462040,0
462041,0
462042,0
462043,0
462044,0
462045,0
462046,0
462047,0
462048,0
462049,0
462050,1
462051,0
462052,0
462053,0
462054,0
462055,0
462056,0
462057,0
462058,0
462059,0
462060,0
462061,0
462062,0
462063,0
462064,0
462065,0
462066,0
462067,0
462068,0
462069,0
462070,0
462071,0
462072,0
462073,0
462074,0
462075,0
462076,1
462077,1
462078,0
462079,0
462080,1
462081,2
462082,0
462083,2
462084,0
462085,0
462086,0
462087,0
462088,0
462089,0
462090,0
462091,1
462092,0
462093,1
462094,1
462095,0
462096,0
462097,0
462098,0
462099,1
462100,0
462101,0
462102,0
462103,1
462104,0
462105,0
462106,0
462107,0
462108,1
462109,0
462110,0
462111,0
462112,0
462113,0
462114,0
462115,0
462116,2
462117,0
462118,0
462119,0
462120,0
462121,0
462122,0
462123,1
462124,0
462125,0
462126,0
462127,0
462128,0
462129,0
462130,0
462131,0
462132,0
462133,0
462134,0
462135,0
462136,0
462137,0
462138,0
462139,0
462140,0
462141,0
462142,0
462143,0
462144,0
462145,0
462146,0
462147,0
462148,0
462149,0
462150,0
462151,0
462152,0
462153,0
462154,0
462155,0
462156,0
462157,0
462158,0
462159,0
462160,0
462161,0
462162,0
462163,0
462164,0
462165,0
462166,0
462167,1
462168,0
462169,0
462170,0
462171,0
462172,0
462173,0
462174,0
462175,1
462176,0
462177,0
462178,0
462179,0
462180,1
462181,0
462182,0
462183,1
462184,0
462185,1
462186,2
462187,0
462188,0
462189,0
462190,0
462191,0
462192,0
462193,0
462194,0
462195,0
462196,0
462197,0
462198,0
462199,0
462200,0
462201,0
462202,0
462203,0
462204,0
462205,0
462206,0
462207,0
462208,0
462209,0
462210,0
462211,0
462212,0
462213,0
462214,0
462215,0
462216,0
462217,0
462218,0
462219,0
462220,0
462221,0
462222,0
462223,1
462224,0
462225,3
462226,0
462227,0
462228,0
462229,0
462230,0
462231,0
462232,0
462233,0
462234,0
462235,0
462236,1
462237,0
462238,0
462239,0
462240,0
462241,0
462242,0
462243,0
462244,0
462245,0
462246,1
462247,0
462248,0
462249,0
462250,0
462251,2
462252,0
462253,2
462254,0
462255,0
462256,0
462257,0
462258,0
462259,0
462260,0
462261,0
462262,0
462263,0
462264,0
462265,0
462266,0
462267,0
462268,1
462269,0
462270,0
462271,0
462272,0
462273,0
462274,0
462275,0
462276,1
462277,0
462278,0
462279,2
462280,0
462281,0
462282,0
462283,0
462284,2
462285,0
462286,0
462287,0
462288,0
462289,0
462290,0
462291,1
462292,0
462293,0
462294,0
462295,0
462296,0
462297,0
462298,0
462299,0
462300,0
462301,0
462302,0
462303,0
462304,0
462305,0
462306,0
462307,0
462308,1
462309,0
462310,2
462311,0
462312,2
462313,0
462314,0
462315,1
462316,0
462317,0
462318,0
462319,0
462320,0
462321,0
462322,0
462323,0
462324,0
462325,0
462326,0
462327,0
462328,0
462329,0
462330,0
462331,0
462332,1
462333,0
462334,0
462335,0
462336,0
462337,0
462338,0
462339,0
462340,0
462341,0
462342,0
462343,0
462344,0
462345,0
462346,0
462347,0
462348,0
462349,0
462350,0
462351,0
462352,0
462353,0
462354,0
462355,0
462356,0
462357,1
462358,0
462359,0
462360,0
462361,0
462362,0
462363,0
462364,0
462365,0
462366,0
462367,0
462368,0
462369,0
462370,0
462371,0
462372,0
462373,0
462374,0
462375,1
462376,0
462377,0
462378,0
462379,0
462380,0
462381,0
462382,0
462383,0
462384,0
462385,0
462386,0
462387,0
462388,0
462389,0
462390,0
462391,0
462392,0
462393,0
462394,0
462395,0
462396,0
462397,0
462398,0
462399,0
462400,0
462401,0
462402,0
462403,0
462404,0
462405,0
462406,0
462407,0
462408,0
462409,0
462410,0
462411,0
462412,0
462413,0
462414,0
462415,0
462416,0
462417,0
462418,0
462419,0
462420,0
462421,0
462422,1
462423,0
462424,0
462425,0
462426,0
462427,0
462428,0
462429,0
462430,0
462431,0
462432,0
462433,0
462434,0
462435,0
462436,1
462437,0
462438,1
462439,0
462440,0
462441,0
462442,0
462443,0
462444,0
462445,0
462446,0
462447,0
462448,0
462449,0
462450,0
462451,0
462452,0
462453,0
462454,0
462455,0
462456,0
462457,0
462458,2
462459,0
462460,0
462461,0
462462,0
462463,0
462464,1
462465,2
462466,0
462467,0
462468,0
462469,0
462470,0
462471,0
462472,0
462473,0
462474,0
462475,0
462476,0
462477,0
462478,0
462479,0
462480,0
462481,0
462482,0
462483,0
462484,0
462485,35
462486,19
462487,37
462488,0
462489,0
462490,33
462491,0
462492,0
462493,0
462494,0
462495,0
462496,0
462497,0
462498,0
462499,0
462500,0
462501,0
462502,44
462503,0
462504,0
462505,0
462506,0
462507,0
462508,0
462509,0
462510,35
462511,0
462512,0
462513,0
462514,0
462515,43
462516,0
462517,29
462518,29
462519,0
462520,31
462521,0
462522,0
462523,0
462524,0
462525,28
462526,0
462527,0
462528,0
462529,0
462530,0
462531,0
462532,0
462533,0
462534,0
462535,0
462536,0
462537,0
462538,52
462539,0
462540,34
462541,0
462542,21
462543,31
462544,0
462545,40
462546,0
462547,0
462548,20
462549,0
462550,28
462551,36
462552,0
462553,0
462554,0
462555,0
462556,35
462557,28
462558,0
462559,0
462560,0
462561,0
462562,0
462563,19
462564,0
462565,24
462566,0
462567,0
462568,44
462569,0
462570,25
462571,0
462572,0
462573,0
462574,0
462575,0
462576,0
462577,0
462578,0
462579,0
462580,0
462581,0
462582,0
462583,0
462584,37
462585,38
462586,0
462587,0
462588,0
462589,29
462590,0
462591,0
462592,36
462593,0
462594,0
462595,0
462596,28
462597,0
462598,0
462599,0
462600,0
462601,0
462602,0
462603,0
462604,43
462605,0
462606,0
462607,19
462608,0
462609,32
462610,0
462611,0
462612,27
462613,0
462614,0
462615,0
462616,0
462617,0
462618,28
462619,0
462620,0
462621,0
462622,0
462623,0
462624,49
462625,0
462626,0
462627,0
462628,0
462629,0
462630,0
462631,0
462632,27
462633,0
462634,0
462635,29
462636,0
462637,0
462638,0
462639,0
462640,0
462641,0
462642,0
462643,37
462644,0
462645,46
462646,0
462647,0
462648,0
462649,0
462650,31
462651,0
462652,0
462653,39
462654,0
462655,0
462656,22
462657,0
462658,42
462659,0
462660,0
462661,0
462662,0
462663,28
462664,36
462665,20
462666,28
462667,0
462668,0
462669,0
462670,0
462671,31
462672,0
462673,0
462674,38
462675,31
462676,0
462677,0
462678,0
462679,0
462680,36
462681,0
462682,0
462683,0
462684,0
462685,21
462686,0
462687,33
462688,0
462689,0
462690,0
462691,0
462692,0
462693,0
462694,0
462695,0
462696,0
462697,0
462698,0
462699,30
462700,0
462701,0
462702,0
462703,0
462704,0
462705,0
462706,39
462707,0
462708,25
462709,0
462710,0
462711,0
462712,0
462713,0
462714,0
462715,34
462716,43
462717,0
462718,27
462719,0
462720,37
462721,0
462722,0
462723,22
462724,0
462725,42
462726,0
462727,0
462728,0
462729,0
462730,39
462731,0
462732,40
462733,0
462734,0
462735,0
462736,0
462737,0
462738,0
462739,0
462740,32
462741,0
462742,18
462743,27
462744,35
462745,0
462746,0
462747,0
462748,28
462749,0
462750,0
462751,0
462752,0
462753,0
462754,0
462755,0
462756,62
462757,0
462758,0
462759,0
462760,0
462761,0
462762,0
462763,0
462764,25
462765,0
462766,0
462767,0
462768,0
462769,24
462770,0
462771,18
462772,0
462773,0
462774,27
462775,29
462776,0
462777,27
462778,0
462779,0
462780,21
462781,0
462782,0
462783,0
462784,39
462785,0
462786,0
462787,0
462788,31
462789,0
462790,0
462791,44
462792,0
462793,0
462794,41
462795,0
462796,0
462797,0
462798,30
462799,0
462800,0
462801,26
462802,45
462803,29
462804,0
462805,0
462806,15
462807,0
462808,0
462809,0
462810,31
462811,0
462812,0
462813,0
462814,32
462815,0
462816,0
462817,0
462818,0
462819,32
462820,24
462821,36
462822,0
462823,0
462824,0
462825,0
462826,0
462827,0
462828,0
462829,0
462830,48
462831,0
462832,25
462833,0
462834,0
462835,26
462836,0
462837,0
462838,0
462839,0
462840,0
462841,0
462842,0
462843,0
462844,0
462845,0
462846,0
462847,0
462848,0
462849,0
462850,0
462851,0
462852,0
462853,26
462854,0
462855,0
462856,0
462857,0
462858,0
462859,0
462860,38
462861,42
462862,0
462863,0
462864,0
462865,0
462866,0
462867,0
462868,0
462869,0
462870,0
462871,0
462872,0
462873,0
462874,0
462875,0
462876,30
462877,27
462878,0
462879,0
462880,0
462881,0
462882,0
462883,0
462884,0
462885,0
462886,0
462887,0
462888,38
462889,0
462890,24
462891,0
462892,0
462893,0
462894,28
462895,0
462896,0
462897,23
462898,35
462899,0
462900,0
462901,34
462902,38
462903,25
462904,40
462905,0
462906,30
462907,31
462908,0
462909,0
462910,46
462911,0
462912,0
462913,0
462914,0
462915,23
462916,0
462917,0
462918,0
462919,0
462920,0
462921,0
462922,0
462923,0
462924,0
462925,0
462926,0
462927,30
462928,30
462929,0
462930,0
462931,0
462932,29
462933,27
462934,26
462935,35
462936,0
462937,31
462938,0
462939,0
462940,29
462941,0
462942,0
462943,0
462944,0
462945,0
462946,0
462947,0
462948,0
462949,36
462950,0
462951,25
462952,0
462953,0
462954,30
462955,0
462956,0
462957,0
462958,24
462959,0
462960,41
462961,0
462962,0
462963,0
462964,0
462965,31
462966,0
462967,0
462968,0
462969,40
462970,0
462971,0
462972,0
462973,0
462974,0
462975,34
462976,0
462977,0
462978,38
462979,0
462980,0
462981,0
462982,0
462983,0
462984,0
462985,0
462986,0
462987,43
462988,0
462989,0
462990,0
462991,0
462992,0
462993,0
462994,0
462995,0
462996,0
462997,0
462998,20
462999,0
463000,0
463001,34
463002,23
463003,0
463004,0
463005,0
463006,31
463007,36
463008,0
463009,0
463010,0
463011,0
463012,24
463013,0
463014,0
463015,0
463016,0
463017,0
463018,0
463019,34
463020,37
463021,0
463022,0
463023,36
463024,0
463025,23
463026,0
463027,0
463028,21
463029,0
463030,0
463031,40
463032,25
463033,0
463034,0
463035,0
463036,0
463037,0
463038,0
463039,34
463040,32
463041,35
463042,0
463043,35
463044,0
463045,0
463046,23
463047,41
463048,24
463049,0
463050,0
463051,20
463052,0
463053,0
463054,27
463055,0
463056,0
463057,0
463058,31
463059,0
463060,38
463061,22
463062,0
463063,0
463064,0
463065,47
463066,30
463067,0
463068,31
463069,0
463070,0
463071,0
463072,0
463073,0
463074,0
463075,0
463076,40
463077,0
463078,0
463079,0
463080,0
463081,0
463082,0
463083,37
463084,0
463085,0
463086,0
463087,45
463088,19
463089,0
463090,0
463091,0
463092,0
463093,20
463094,0
463095,0
463096,0
463097,0
463098,37
463099,31
463100,0
463101,0
463102,0
463103,27
463104,30
463105,0
463106,29
463107,28
463108,0
463109,40
463110,37
463111,0
463112,0
463113,0
463114,31
463115,0
463116,0
463117,0
463118,0
463119,0
463120,0
463121,0
463122,31
463123,0
463124,32
463125,0
463126,22
463127,20
463128,0
463129,36
463130,0
463131,34
463132,22
463133,0
463134,0
463135,0
463136,0
463137,0
463138,30
463139,36
463140,0
463141,0
463142,29
463143,0
463144,0
463145,0
463146,0
463147,31
463148,0
463149,0
463150,0
463151,36
463152,0
463153,0
463154,0
463155,22
463156,22
463157,0
463158,0
463159,0
463160,0
463161,0
463162,46
463163,0
463164,0
463165,0
463166,0
463167,0
463168,28
463169,0
463170,0
463171,28
463172,0
463173,0
463174,0
463175,26
463176,31
463177,0
463178,0
463179,0
463180,26
463181,0
463182,30
463183,0
463184,0
463185,0
463186,0
463187,32
463188,25
463189,0
463190,0
463191,0
463192,39
463193,37
463194,0
463195,0
463196,32
463197,0
463198,0
463199,28
463200,0
463201,0
463202,49
463203,0
463204,0
463205,0
463206,0
463207,0
463208,0
463209,0
463210,32
463211,39
463212,0
463213,0
463214,0
463215,0
463216,0
463217,0
463218,31
463219,39
463220,0
463221,0
463222,29
463223,0
463224,0
463225,33
463226,0
463227,0
463228,0
463229,0
463230,0
463231,0
463232,0
463233,0
463234,0
463235,0
463236,0
463237,0
463238,37
463239,0
463240,0
463241,0
463242,43
463243,0
463244,0
463245,26
463246,0
463247,0
463248,0
463249,31
463250,32
463251,29
463252,0
463253,40
463254,39
463255,0
463256,0
463257,0
463258,50
463259,0
463260,0
463261,31
463262,0
463263,0
463264,0
463265,0
463266,0
463267,0
463268,0
463269,0
463270,0
463271,0
463272,0
463273,0
463274,19
463275,0
463276,0
463277,0
463278,0
463279,0
463280,0
463281,0
463282,0
463283,0
463284,15
463285,0
463286,0
463287,0
463288,0
463289,0
463290,0
463291,0
463292,0
463293,0
463294,0
463295,0
463296,0
463297,0
463298,0
463299,0
463300,0
463301,0
463302,0
463303,0
463304,0
463305,0
463306,0
463307,0
463308,0
463309,0
463310,0
463311,0
463312,0
463313,0
463314,0
463315,0
463316,0
463317,0
463318,0
463319,0
463320,0
463321,0
463322,0
463323,0
463324,0
463325,0
463326,0
463327,0
463328,0
463329,0
463330,0
463331,34
463332,0
463333,0
463334,0
463335,0
463336,0
463337,0
463338,0
463339,0
463340,0
463341,0
463342,0
463343,0
463344,14
463345,0
463346,0
463347,0
463348,0
463349,0
463350,0
463351,0
463352,0
463353,0
463354,0
463355,0
463356,0
463357,0
463358,0
463359,21
463360,0
463361,0
463362,0
463363,0
463364,17
463365,0
463366,0
463367,0
463368,0
463369,0
463370,0
463371,0
463372,0
463373,0
463374,0
463375,29
463376,0
463377,0
463378,0
463379,0
463380,0
463381,0
463382,0
463383,0
463384,0
463385,0
463386,0
463387,0
463388,0
463389,0
463390,0
463391,16
463392,0
463393,0
463394,0
463395,0
463396,0
463397,0
463398,0
463399,0
463400,0
463401,19
463402,13
463403,0
463404,0
463405,0
463406,0
463407,0
463408,0
463409,0
463410,0
463411,0
463412,0
463413,0
463414,0
463415,0
463416,0
463417,0
463418,0
463419,0
463420,0
463421,0
463422,0
463423,17
463424,0
463425,0
463426,0
463427,0
463428,10
463429,0
463430,13
463431,0
463432,34
463433,0
463434,0
463435,0
463436,0
463437,0
463438,0
463439,0
463440,0
463441,17
463442,0
463443,0
463444,0
463445,0
463446,0
463447,0
463448,0
463449,0
463450,0
463451,0
463452,0
463453,0
463454,0
463455,0
463456,0
463457,0
463458,13
463459,0
463460,0
463461,0
463462,0
463463,0
463464,0
463465,0
463466,19
463467,0
463468,0
463469,0
463470,0
463471,0
463472,0
463473,0
463474,0
463475,0
463476,0
463477,0
463478,0
463479,0
463480,19
463481,0
463482,0
463483,0
463484,0
463485,0
463486,0
463487,0
463488,0
463489,0
463490,0
463491,0
463492,0
463493,14
463494,0
463495,0
463496,0
463497,24
463498,0
463499,0
463500,0
463501,0
463502,11
463503,0
463504,0
463505,0
463506,0
463507,12
463508,0
463509,0
463510,0
463511,0
463512,0
463513,23
463514,15
463515,0
463516,0
463517,0
463518,23
463519,0
463520,0
463521,0
463522,0
463523,0
463524,0
463525,21
463526,0
463527,0
463528,0
463529,13
463530,16
463531,0
463532,0
463533,0
463534,0
463535,0
463536,0
463537,0
463538,0
463539,0
463540,0
463541,0
463542,14
463543,0
463544,0
463545,0
463546,0
463547,0
463548,0
463549,0
463550,0
463551,10
463552,0
463553,0
463554,0
463555,0
463556,0
463557,0
463558,0
463559,0
463560,0
463561,0
463562,0
463563,0
463564,0
463565,0
463566,0
463567,13
463568,0
463569,0
463570,0
463571,0
463572,0
463573,0
463574,0
463575,0
463576,11
463577,0
463578,0
463579,0
463580,0
463581,0
463582,8
463583,0
463584,0
463585,0
463586,0
463587,12
463588,0
463589,0
463590,0
463591,0
463592,0
463593,0
463594,0
463595,0
463596,0
463597,0
463598,10
463599,0
463600,5
463601,0
463602,0
463603,0
463604,0
463605,0
463606,0
463607,0
463608,0
463609,0
463610,0
463611,0
463612,19
463613,17
463614,0
463615,0
463616,0
463617,0
463618,0
463619,0
463620,0
463621,0
463622,0
463623,18
463624,0
463625,0
463626,0
463627,0
463628,0
463629,0
463630,0
463631,0
463632,0
463633,0
463634,0
463635,0
463636,0
463637,0
463638,0
463639,0
463640,0
463641,0
463642,0
463643,0
463644,0
463645,0
463646,0
463647,16
463648,21
463649,13
463650,0
463651,0
463652,0
463653,0
463654,0
463655,0
463656,0
463657,0
463658,0
463659,0
463660,0
463661,0
463662,0
463663,0
463664,0
463665,0
463666,0
463667,0
463668,0
463669,0
463670,0
463671,0
463672,0
463673,0
463674,0
463675,0
463676,0
463677,0
463678,17
463679,0
463680,0
463681,0
463682,0
463683,0
463684,0
463685,0
463686,0
463687,16
463688,0
463689,0
463690,0
463691,0
463692,0
463693,17
463694,0
463695,0
463696,0
463697,22
463698,0
463699,0
463700,0
463701,0
463702,0
463703,8
463704,0
463705,0
463706,0
463707,0
463708,0
463709,0
463710,0
463711,0
463712,42
463713,0
463714,0
463715,0
463716,32
463717,36
463718,0
463719,0
463720,46
463721,26
463722,0
463723,0
463724,0
463725,0
463726,0
463727,0
463728,0
463729,44
463730,0
463731,0
463732,29
463733,0
463734,46
463735,0
463736,0
463737,0
463738,0
463739,0
463740,42
463741,0
463742,0
463743,0
463744,0
463745,0
463746,0
463747,0
463748,28
463749,42
463750,0
463751,0
463752,0
463753,0
463754,0
463755,0
463756,0
463757,0
463758,0
463759,27
463760,0
463761,0
463762,0
463763,0
463764,0
463765,32
463766,27
463767,0
463768,37
463769,0
463770,0
463771,36
463772,22
463773,0
463774,0
463775,0
463776,38
463777,0
463778,36
463779,0
463780,0
463781,32
463782,30
463783,0
463784,0
463785,0
463786,0
463787,37
463788,0
463789,0
463790,0
463791,0
463792,0
463793,0
463794,35
463795,27
463796,34
463797,0
463798,0
463799,0
463800,0
463801,38
463802,0
463803,39
463804,0
463805,0
463806,0
463807,0
463808,0
463809,0
463810,0
463811,29
463812,0
463813,0
463814,0
463815,47
463816,0
463817,0
463818,0
463819,0
463820,0
463821,23
463822,0
463823,0
463824,0
463825,0
463826,24
463827,0
463828,0
463829,45
463830,0
463831,0
463832,42
463833,0
463834,0
463835,0
463836,0
463837,0
463838,0
463839,0
463840,0
463841,45
463842,0
463843,0
463844,41
463845,0
463846,45
463847,0
463848,0
463849,0
463850,0
463851,21
463852,0
463853,44
463854,0
463855,0
463856,0
463857,28
463858,31
463859,0
463860,0
463861,0
463862,0
463863,0
463864,0
463865,0
463866,0
463867,35
463868,32
463869,32
463870,0
463871,25
463872,0
463873,37
463874,0
463875,0
463876,0
463877,0
463878,30
463879,34
463880,34
463881,0
463882,0
463883,0
463884,0
463885,0
463886,0
463887,0
463888,0
463889,27
463890,0
463891,0
463892,0
463893,0
463894,0
463895,42
463896,0
463897,0
463898,50
463899,33
463900,0
463901,0
463902,0
463903,0
463904,30
463905,0
463906,0
463907,0
463908,0
463909,49
463910,0
463911,0
463912,0
463913,40
463914,0
463915,0
463916,0
463917,0
463918,0
463919,0
463920,29
463921,43
463922,0
463923,26
463924,0
463925,0
463926,0
463927,33
463928,0
463929,0
463930,0
463931,28
463932,38
463933,0
463934,36
463935,0
463936,0
463937,0
463938,0
463939,0
463940,0
463941,0
463942,0
463943,0
463944,0
463945,0
463946,0
463947,39
463948,33
463949,0
463950,0
463951,0
463952,0
463953,0
463954,0
463955,0
463956,48
463957,0
463958,41
463959,0
463960,0
463961,0
463962,0
463963,0
463964,0
463965,0
463966,0
463967,0
463968,0
463969,0
463970,0
463971,0
463972,0
463973,0
463974,0
463975,0
463976,50
463977,39
463978,0
463979,0
463980,0
463981,0
463982,0
463983,0
463984,0
463985,0
463986,0
463987,0
463988,29
463989,0
463990,0
463991,0
463992,0
463993,35
463994,0
463995,0
463996,0
463997,0
463998,0
463999,0
464000,0
464001,0
464002,0
464003,0
464004,39
464005,0
464006,29
464007,0
464008,0
464009,0
464010,31
464011,0
464012,0
464013,0
464014,0
464015,0
464016,39
464017,0
464018,0
464019,0
464020,0
464021,0
464022,38
464023,0
464024,0
464025,0
464026,40
464027,40
464028,0
464029,0
464030,0
464031,0
464032,0
464033,0
464034,41
464035,0
464036,0
464037,39
464038,0
464039,0
464040,20
464041,0
464042,31
464043,44
464044,0
464045,0
464046,0
464047,0
464048,39
464049,40
464050,0
464051,0
464052,0
464053,0
464054,0
464055,0
464056,0
464057,0
464058,0
464059,0
464060,0
464061,0
464062,0
464063,0
464064,30
464065,0
464066,0
464067,0
464068,0
464069,0
464070,0
464071,40
464072,0
464073,0
464074,42
464075,0
464076,0
464077,0
464078,0
464079,0
464080,0
464081,0
464082,0
464083,0
464084,0
464085,0
464086,0
464087,38
464088,0
464089,0
464090,0
464091,0
464092,0
464093,0
464094,25
464095,0
464096,0
464097,0
464098,0
464099,20
464100,0
464101,0
464102,35
464103,42
464104,0
464105,0
464106,0
464107,0
464108,42
464109,0
464110,0
464111,0
464112,0
464113,38
464114,0
464115,49
464116,0
464117,0
464118,37
464119,0
464120,0
464121,25
464122,0
464123,36
464124,0
464125,0
464126,0
464127,0
464128,0
464129,0
464130,0
464131,40
464132,0
464133,32
464134,0
464135,0
464136,0
464137,27
464138,0
464139,0
464140,0
464141,0
464142,0
464143,0
464144,0
464145,0
464146,0
464147,0
464148,31
464149,0
464150,0
464151,0
464152,0
464153,0
464154,41
464155,0
464156,0
464157,16
464158,35
464159,29
464160,0
464161,0
464162,40
464163,0
464164,27
464165,0
464166,0
464167,0
464168,0
464169,0
464170,0
464171,0
464172,0
464173,0
464174,0
464175,31
464176,31
464177,33
464178,0
464179,0
464180,28
464181,0
464182,0
464183,0
464184,0
464185,0
464186,0
464187,0
464188,31
464189,40
464190,0
464191,0
464192,0
464193,0
464194,0
464195,46
464196,24
464197,0
464198,0
464199,0
464200,0
464201,0
464202,0
464203,38
464204,0
464205,0
464206,0
464207,0
464208,0
464209,0
464210,0
464211,24
464212,0
464213,0
464214,0
464215,30
464216,0
464217,0
464218,32
464219,0
464220,0
464221,0
464222,32
464223,0
464224,0
464225,0
464226,0
464227,46
464228,0
464229,0
464230,0
464231,0
464232,41
464233,0
464234,56
464235,0
464236,39
464237,38
464238,0
464239,0
464240,39
464241,0
464242,48
464243,21
464244,0
464245,0
464246,39
464247,0
464248,53
464249,0
464250,0
464251,0
464252,0
464253,0
464254,0
464255,0
464256,0
464257,0
464258,41
464259,0
464260,42
464261,0
464262,0
464263,42
464264,28
464265,0
464266,0
464267,0
464268,33
464269,0
464270,0
464271,0
464272,0
464273,0
464274,35
464275,42
464276,0
464277,0
464278,0
464279,27
464280,27
464281,36
464282,0
464283,0
464284,0
464285,0
464286,0
464287,0
464288,0
464289,0
464290,25
464291,0
464292,0
464293,0
464294,50
464295,0
464296,0
464297,44
464298,0
464299,0
464300,0
464301,0
464302,0
464303,0
464304,31
464305,0
464306,0
464307,0
464308,0
464309,0
464310,23
464311,0
464312,0
464313,42
464314,0
464315,0
464316,0
464317,0
464318,0
464319,0
464320,0
464321,0
464322,0
464323,33
464324,0
464325,0
464326,0
464327,0
464328,0
464329,0
464330,39
464331,0
464332,0
464333,0
464334,0
464335,25
464336,0
464337,0
464338,0
464339,0
464340,0
464341,0
464342,0
464343,0
464344,39
464345,0
464346,0
464347,0
464348,0
464349,0
464350,34
464351,43
464352,0
464353,34
464354,32
464355,0
464356,0
464357,42
464358,0
464359,0
464360,0
464361,0
464362,0
464363,0
464364,0
464365,0
464366,0
464367,0
464368,0
464369,0
464370,0
464371,0
464372,0
464373,0
464374,0
464375,0
464376,0
464377,0
464378,0
464379,0
464380,0
464381,0
464382,0
464383,0
464384,3
464385,2
464386,0
464387,0
464388,0
464389,0
464390,0
464391,0
464392,4
464393,0
464394,0
464395,0
464396,0
464397,0
464398,0
464399,2
464400,0
464401,0
464402,0
464403,7
464404,0
464405,0
464406,0
464407,7
464408,0
464409,0
464410,5
464411,0
464412,0
464413,4
464414,0
464415,0
464416,0
464417,1
464418,0
464419,3
464420,0
464421,0
464422,0
464423,0
464424,0
464425,4
464426,0
464427,0
464428,0
464429,0
464430,0
464431,0
464432,0
464433,6
464434,0
464435,0
464436,3
464437,0
464438,4
464439,0
464440,0
464441,0
464442,0
464443,3
464444,0
464445,0
464446,0
464447,2
464448,0
464449,7
464450,0
464451,1
464452,0
464453,0
464454,4
464455,0
464456,0
464457,0
464458,0
464459,0
464460,0
464461,0
464462,6
464463,0
464464,0
464465,3
464466,0
464467,0
464468,0
464469,3
464470,0
464471,0
464472,0
464473,4
464474,0
464475,0
464476,0
464477,4
464478,0
464479,4
464480,0
464481,0
464482,0
464483,0
464484,0
464485,0
464486,0
464487,4
464488,0
464489,0
464490,0
464491,0
464492,0
464493,0
464494,0
464495,6
464496,3
464497,3
464498,0
464499,0
464500,0
464501,0
464502,0
464503,4
464504,0
464505,0
464506,0
464507,0
464508,4
464509,0
464510,0
464511,0
464512,0
464513,0
464514,0
464515,0
464516,3
464517,0
464518,5
464519,0
464520,0
464521,0
464522,0
464523,0
464524,2
464525,4
464526,0
464527,0
464528,0
464529,6
464530,0
464531,5
464532,9
464533,0
464534,0
464535,0
464536,0
464537,0
464538,0
464539,7
464540,5
464541,0
464542,0
464543,0
464544,0
464545,0
464546,0
464547,0
464548,0
464549,0
464550,0
464551,0
464552,0
464553,0
464554,0
464555,2
464556,0
464557,0
464558,0
464559,3
464560,0
464561,5
464562,0
464563,0
464564,3
464565,0
464566,0
464567,0
464568,0
464569,0
464570,4
464571,0
464572,0
464573,0
464574,0
464575,0
464576,0
464577,0
464578,3
464579,0
464580,0
464581,0
464582,0
464583,0
464584,2
464585,0
464586,0
464587,0
464588,0
464589,0
464590,0
464591,0
464592,0
464593,0
464594,4
464595,0
464596,0
464597,0
464598,0
464599,0
464600,0
464601,0
464602,9
464603,0
464604,2
464605,0
464606,0
464607,0
464608,0
464609,0
464610,0
464611,0
464612,0
464613,0
464614,0
464615,0
464616,0
464617,0
464618,0
464619,0
464620,0
464621,2
464622,0
464623,0
464624,6
464625,0
464626,0
464627,1
464628,0
464629,1
464630,0
464631,0
464632,0
464633,0
464634,0
464635,0
464636,0
464637,0
464638,0
464639,0
464640,1
464641,0
464642,0
464643,0
464644,0
464645,0
464646,0
464647,0
464648,0
464649,0
464650,3
464651,0
464652,0
464653,0
464654,0
464655,0
464656,0
464657,0
464658,0
464659,0
464660,0
464661,0
464662,0
464663,0
464664,0
464665,0
464666,0
464667,0
464668,0
464669,0
464670,2
464671,0
464672,0
464673,0
464674,0
464675,0
464676,0
464677,0
464678,0
464679,0
464680,0
464681,4
464682,0
464683,0
464684,4
464685,0
464686,0
464687,0
464688,8
464689,0
464690,2
464691,5
464692,3
464693,0
464694,0
464695,0
464696,0
464697,0
464698,0
464699,5
464700,0
464701,7
464702,0
464703,0
464704,7
464705,4
464706,0
464707,4
464708,0
464709,0
464710,0
464711,0
464712,4
464713,0
464714,0
464715,4
464716,0
464717,0
464718,5
464719,0
464720,5
464721,3
464722,0
464723,2
464724,4
464725,0
464726,0
464727,0
464728,0
464729,0
464730,0
464731,4
464732,2
464733,0
464734,5
464735,9
464736,0
464737,0
464738,0
464739,0
464740,4
464741,4
464742,0
464743,0
464744,0
464745,0
464746,5
464747,5
464748,3
464749,0
464750,2
464751,0
464752,0
464753,0
464754,0
464755,0
464756,2
464757,3
464758,0
464759,0
464760,8
464761,0
464762,0
464763,0
464764,0
464765,0
464766,0
464767,4
464768,0
464769,0
464770,0
464771,0
464772,4
464773,0
464774,0
464775,0
464776,0
464777,0
464778,0
464779,0
464780,0
464781,0
464782,0
464783,6
464784,0
464785,4
464786,0
464787,0
464788,0
464789,3
464790,0
464791,0
464792,6
464793,0
464794,0
464795,0
464796,0
464797,0
464798,0
464799,0
464800,0
464801,0
464802,4
464803,0
464804,0
464805,0
464806,0
464807,0
464808,0
464809,0
464810,0
464811,0
464812,0
464813,0
464814,0
464815,0
464816,7
464817,0
464818,0
464819,0
464820,0
464821,0
464822,0
464823,0
464824,0
464825,0
464826,0
464827,0
464828,0
464829,0
464830,0
464831,0
464832,0
464833,0
464834,0
464835,0
464836,0
464837,0
464838,0
464839,0
464840,2
464841,0
464842,0
464843,0
464844,0
464845,0
464846,0
464847,0
464848,0
464849,6
464850,3
464851,5
464852,0
464853,5
464854,3
464855,0
464856,0
464857,0
464858,0
464859,0
464860,0
464861,1
464862,2
464863,0
464864,0
464865,0
464866,3
464867,0
464868,4
464869,3
464870,1
464871,5
464872,0
464873,0
464874,0
464875,0
464876,0
464877,0
464878,0
464879,39
464880,27
464881,0
464882,44
464883,0
464884,34
464885,0
464886,0
464887,0
464888,34
464889,0
464890,0
464891,0
464892,0
464893,76
464894,41
464895,43
464896,0
464897,0
464898,0
464899,0
464900,34
464901,0
464902,0
464903,40
464904,26
464905,0
464906,0
464907,0
464908,0
464909,0
464910,42
464911,34
464912,0
464913,0
464914,0
464915,45
464916,39
464917,0
464918,0
464919,0
464920,27
464921,0
464922,34
464923,0
464924,0
464925,0
464926,0
464927,0
464928,0
464929,0
464930,47
464931,0
464932,52
464933,0
464934,43
464935,30
464936,0
464937,0
464938,36
464939,35
464940,0
464941,0
464942,43
464943,32
464944,0
464945,0
464946,0
464947,0
464948,0
464949,0
464950,0
464951,21
464952,50
464953,0
464954,0
464955,0
464956,0
464957,0
464958,0
464959,31
464960,0
464961,0
464962,0
464963,42
464964,0
464965,0
464966,0
464967,37
464968,0
464969,0
464970,0
464971,0
464972,0
464973,0
464974,0
464975,0
464976,0
464977,0
464978,0
464979,0
464980,42
464981,0
464982,0
464983,0
464984,41
464985,39
464986,0
464987,0
464988,43
464989,56
464990,0
464991,0
464992,0
464993,0
464994,0
464995,30
464996,0
464997,0
464998,0
464999,41
465000,0
465001,0
465002,0
465003,0
465004,0
465005,0
465006,34
465007,0
465008,0
465009,0
465010,0
465011,0
465012,0
465013,0
465014,0
465015,0
465016,0
465017,0
465018,42
465019,0
465020,0
465021,50
465022,35
465023,0
465024,0
465025,0
465026,0
465027,0
465028,0
465029,0
465030,0
465031,0
465032,0
465033,0
465034,0
465035,0
465036,0
465037,0
465038,0
465039,0
465040,0
465041,0
465042,0
465043,0
465044,0
465045,0
465046,0
465047,0
465048,0
465049,0
465050,0
465051,0
465052,0
465053,0
465054,30
465055,48
465056,47
465057,33
465058,53
465059,0
465060,0
465061,0
465062,0
465063,0
465064,46
465065,0
465066,0
465067,45
465068,0
465069,0
465070,38
465071,0
465072,0
465073,43
465074,0
465075,0
465076,40
465077,32
465078,0
465079,0
465080,0
465081,0
465082,0
465083,0
465084,0
465085,60
465086,38
465087,0
465088,0
465089,0
465090,0
465091,0
465092,0
465093,0
465094,0
465095,0
465096,45
465097,0
465098,0
465099,39
465100,50
465101,0
465102,34
465103,40
465104,0
465105,46
465106,65
465107,36
465108,0
465109,39
465110,39
465111,36
465112,0
465113,0
465114,0
465115,0
465116,28
465117,41
465118,0
465119,0
465120,0
465121,0
465122,0
465123,0
465124,0
465125,0
465126,0
465127,0
465128,0
465129,0
465130,0
465131,0
465132,42
465133,37
465134,0
465135,0
465136,0
465137,0
465138,22
465139,0
465140,0
465141,0
465142,30
465143,44
465144,20
465145,39
465146,0
465147,0
465148,0
465149,0
465150,0
465151,46
465152,35
465153,35
465154,47
465155,0
465156,0
465157,0
465158,0
465159,0
465160,0
465161,33
465162,0
465163,47
465164,0
465165,0
465166,34
465167,0
465168,0
465169,0
465170,0
465171,38
465172,0
465173,0
465174,0
465175,0
465176,0
465177,0
465178,0
465179,0
465180,0
465181,0
465182,0
465183,43
465184,0
465185,36
465186,0
465187,0
465188,47
465189,0
465190,0
465191,0
465192,32
465193,0
465194,0
465195,0
465196,0
465197,0
465198,47
465199,0
465200,48
465201,0
465202,0
465203,0
465204,0
465205,0
465206,0
465207,0
465208,38
465209,0
465210,39
465211,0
465212,0
465213,0
465214,0
465215,0
465216,32
465217,0
465218,0
465219,0
465220,42
465221,34
465222,48
465223,0
465224,0
465225,0
465226,0
465227,0
465228,0
465229,43
465230,0
465231,48
465232,0
465233,35
465234,0
465235,0
465236,31
465237,0
465238,0
465239,0
465240,47
465241,0
465242,34
465243,43
465244,0
465245,34
465246,0
465247,0
465248,0
465249,0
465250,0
465251,0
465252,0
465253,28
465254,0
465255,0
465256,0
465257,0
465258,38
465259,30
465260,0
465261,0
465262,0
465263,0
465264,40
465265,37
465266,0
465267,0
465268,0
465269,68
465270,0
465271,38
465272,0
465273,0
465274,53
465275,30
465276,0
465277,30
465278,0
465279,34
465280,30
465281,0
465282,0
465283,27
465284,35
465285,0
465286,42
465287,33
465288,0
465289,0
465290,0
465291,0
465292,39
465293,0
465294,0
465295,0
465296,0
465297,0
465298,0
465299,0
465300,0
465301,0
465302,47
465303,0
465304,0
465305,0
465306,0
465307,0
465308,0
465309,0
465310,0
465311,0
465312,0
465313,0
465314,0
465315,0
465316,0
465317,0
465318,0
465319,0
465320,45
465321,0
465322,0
465323,43
465324,0
465325,0
465326,0
465327,36
465328,0
465329,0
465330,0
465331,0
465332,36
465333,0
465334,0
465335,0
465336,0
465337,0
465338,0
465339,0
465340,46
465341,0
465342,0
465343,33
465344,0
465345,36
465346,0
465347,0
465348,0
465349,0
465350,0
465351,18
465352,36
465353,0
465354,0
465355,0
465356,46
465357,0
465358,0
465359,0
465360,0
465361,0
465362,0
465363,0
465364,0
465365,0
465366,30
465367,0
465368,33
465369,69
465370,45
465371,0
465372,0
465373,26
465374,0
465375,52
465376,48
465377,0
465378,0
465379,49
465380,0
465381,42
465382,22
465383,43
465384,0
465385,0
465386,0
465387,0
465388,0
465389,0
465390,63
465391,47
465392,0
465393,0
465394,45
465395,0
465396,0
465397,0
465398,0
465399,0
465400,0
465401,0
465402,51
465403,0
465404,45
465405,50
465406,0
465407,0
465408,0
465409,0
465410,0
465411,33
465412,47
465413,0
465414,38
465415,0
465416,0
465417,0
465418,0
465419,0
465420,0
465421,57
465422,0
465423,0
465424,0
465425,46
465426,0
465427,36
465428,0
465429,0
465430,54
465431,0
465432,0
465433,0
465434,43
465435,0
465436,23
465437,46
465438,43
465439,0
465440,0
465441,0
465442,0
465443,0
465444,29
465445,31
465446,0
465447,0
465448,0
465449,0
465450,0
465451,0
465452,0
465453,0
465454,0
465455,46
465456,0
465457,0
465458,0
465459,0
465460,0
465461,0
465462,28
465463,0
465464,36
465465,0
465466,23
465467,0
465468,26
465469,42
465470,0
465471,0
465472,0
465473,0
465474,0
465475,0
465476,0
465477,0
465478,57
465479,0
465480,0
465481,0
465482,0
465483,0
465484,0
465485,0
465486,0
465487,0
465488,0
465489,0
465490,37
465491,0
465492,0
465493,0
465494,0
465495,0
465496,0
465497,39
465498,0
465499,0
465500,0
465501,51
465502,0
465503,0
465504,0
465505,0
465506,0
465507,0
465508,33
465509,46
465510,0
465511,0
465512,41
465513,0
465514,0
465515,0
465516,0
465517,0
465518,0
465519,0
465520,0
465521,0
465522,0
465523,0
465524,0
465525,0
465526,32
465527,30
465528,0
465529,0
465530,0
465531,25
465532,0
465533,0
465534,0
465535,42
465536,49
465537,36
465538,0
465539,0
465540,0
465541,0
465542,35
465543,21
465544,0
465545,0
465546,15
465547,0
465548,12
465549,18
465550,13
465551,0
465552,0
465553,0
465554,0
465555,0
465556,25
465557,0
465558,0
465559,25
465560,25
465561,0
465562,24
465563,0
465564,20
465565,0
465566,0
465567,24
465568,0
465569,0
465570,0
465571,0
465572,0
465573,0
465574,0
465575,0
465576,0
465577,0
465578,0
465579,0
465580,0
465581,0
465582,0
465583,0
465584,0
465585,13
465586,0
465587,0
465588,0
465589,0
465590,0
465591,31
465592,11
465593,17
465594,0
465595,0
465596,0
465597,0
465598,0
465599,0
465600,0
465601,0
465602,25
465603,0
465604,15
465605,0
465606,0
465607,0
465608,0
465609,0
465610,0
465611,0
465612,0
465613,0
465614,0
465615,0
465616,0
465617,0
465618,0
465619,0
465620,0
465621,0
465622,0
465623,0
465624,0
465625,0
465626,0
465627,23
465628,0
465629,0
465630,0
465631,0
465632,0
465633,0
465634,10
465635,0
465636,0
465637,0
465638,26
465639,0
465640,0
465641,0
465642,0
465643,0
465644,0
465645,0
465646,0
465647,12
465648,0
465649,0
465650,0
465651,0
465652,0
465653,0
465654,0
465655,13
465656,0
465657,0
465658,0
465659,0
465660,0
465661,0
465662,0
465663,0
465664,0
465665,0
465666,0
465667,0
465668,0
465669,0
465670,0
465671,0
465672,0
465673,0
465674,0
465675,0
465676,0
465677,0
465678,0
465679,0
465680,0
465681,0
465682,0
465683,0
465684,0
465685,32
465686,0
465687,0
465688,0
465689,0
465690,0
465691,0
465692,0
465693,0
465694,0
465695,0
465696,0
465697,0
465698,0
465699,0
465700,0
465701,24
465702,0
465703,0
465704,0
465705,0
465706,0
465707,0
465708,0
465709,0
465710,0
465711,0
465712,0
465713,0
465714,19
465715,22
465716,0
465717,0
465718,0
465719,0
465720,0
465721,0
465722,0
465723,0
465724,0
465725,0
465726,0
465727,13
465728,0
465729,0
465730,0
465731,0
465732,0
465733,0
465734,0
465735,0
465736,0
465737,0
465738,0
465739,0
465740,0
465741,0
465742,0
465743,19
465744,16
465745,0
465746,0
465747,0
465748,21
465749,0
465750,0
465751,0
465752,0
465753,0
465754,0
465755,0
465756,0
465757,0
465758,0
465759,0
465760,0
465761,0
465762,0
465763,0
465764,0
465765,0
465766,0
465767,0
465768,0
465769,0
465770,0
465771,0
465772,0
465773,25
465774,0
465775,0
465776,24
465777,0
465778,0
465779,21
465780,0
465781,0
465782,0
465783,0
465784,0
465785,0
465786,18
465787,0
465788,0
465789,0
465790,0
465791,0
465792,0
465793,0
465794,0
465795,0
465796,0
465797,0
465798,0
465799,18
465800,0
465801,0
465802,0
465803,0
465804,30
465805,0
465806,0
465807,0
465808,0
465809,0
465810,0
465811,0
465812,0
465813,0
465814,19
465815,0
465816,14
465817,0
465818,0
465819,0
465820,0
465821,0
465822,15
465823,0
465824,0
465825,20
465826,0
465827,0
465828,0
465829,0
465830,0
465831,0
465832,0
465833,0
465834,28
465835,0
465836,0
465837,0
465838,0
465839,0
465840,26
465841,0
465842,0
465843,0
465844,0
465845,0
465846,0
465847,0
465848,0
465849,0
465850,0
465851,0
465852,20
465853,0
465854,0
465855,21
465856,0
465857,0
465858,0
465859,0
465860,0
465861,0
465862,0
465863,0
465864,0
465865,0
465866,0
465867,0
465868,0
465869,0
465870,0
465871,20
465872,35
465873,0
465874,21
465875,0
465876,0
465877,0
465878,0
465879,0
465880,10
465881,0
465882,0
465883,0
465884,0
465885,0
465886,15
465887,10
465888,0
465889,0
465890,0
465891,0
465892,0
465893,0
465894,0
465895,0
465896,0
465897,0
465898,0
465899,0
465900,0
465901,0
465902,0
465903,0
465904,19
465905,0
465906,0
465907,0
465908,24
465909,0
465910,15
465911,10
465912,0
465913,0
465914,0
465915,0
465916,0
465917,0
465918,23
465919,0
465920,0
465921,0
465922,0
465923,23
465924,0
465925,0
465926,0
465927,0
465928,0
465929,13
465930,0
465931,18
465932,0
465933,0
465934,0
465935,0
465936,22
465937,0
465938,0
465939,31
465940,0
465941,0
465942,0
465943,0
465944,0
465945,0
465946,0
465947,0
465948,17
465949,20
465950,0
465951,0
465952,0
465953,0
465954,0
465955,0
465956,0
465957,18
465958,0
465959,0
465960,0
465961,0
465962,0
465963,0
465964,0
465965,21
465966,0
465967,0
465968,0
465969,21
465970,0
465971,0
465972,0
465973,17
465974,0
465975,0
465976,0
465977,0
465978,0
465979,0
465980,0
465981,14
465982,0
465983,0
465984,0
465985,0
465986,0
465987,16
465988,0
465989,0
465990,0
465991,0
465992,0
465993,0
465994,0
465995,0
465996,0
465997,0
465998,0
465999,0
466000,0
466001,0
466002,0
466003,9
466004,0
466005,0
466006,0
466007,0
466008,0
466009,0
466010,21
466011,0
466012,17
466013,0
466014,0
466015,0
466016,0
466017,0
466018,0
466019,0
466020,0
466021,0
466022,0
466023,19
466024,0
466025,0
466026,0
466027,0
466028,15
466029,0
466030,0
466031,0
466032,0
466033,0
466034,0
466035,0
466036,8
466037,0
466038,0
466039,23
466040,0
466041,0
466042,0
466043,0
466044,0
466045,0
466046,0
466047,0
466048,0
466049,0
466050,0
466051,0
466052,0
466053,0
466054,0
466055,0
466056,0
466057,0
466058,0
466059,0
466060,0
466061,0
466062,0
466063,0
466064,0
466065,0
466066,20
466067,22
466068,0
466069,0
466070,0
466071,0
466072,0
466073,0
466074,0
466075,0
466076,0
466077,0
466078,0
466079,26
466080,18
466081,0
466082,0
466083,0
466084,0
466085,20
466086,0
466087,0
466088,0
466089,0
466090,0
466091,0
466092,0
466093,23
466094,19
466095,0
466096,30
466097,0
466098,19
466099,0
466100,0
466101,0
466102,12
466103,0
466104,0
466105,0
466106,0
466107,0
466108,0
466109,0
466110,0
466111,0
466112,0
466113,0
466114,0
466115,8
466116,0
466117,15
466118,0
466119,0
466120,0
466121,19
466122,19
466123,0
466124,0
466125,0
466126,24
466127,12
466128,0
466129,0
466130,0
466131,0
466132,24
466133,0
466134,0
466135,0
466136,0
466137,0
466138,0
466139,0
466140,19
466141,0
466142,0
466143,0
466144,0
466145,0
466146,0
466147,19
466148,18
466149,0
466150,0
466151,0
466152,0
466153,0
466154,0
466155,0
466156,0
466157,0
466158,0
466159,0
466160,0
466161,0
466162,0
466163,0
466164,0
466165,0
466166,0
466167,0
466168,0
466169,0
466170,0
466171,0
466172,0
466173,0
466174,0
466175,22
466176,0
466177,0
466178,0
466179,0
466180,0
466181,0
466182,0
466183,0
466184,0
466185,0
466186,0
466187,0
466188,0
466189,0
466190,0
466191,0
466192,0
466193,0
466194,0
466195,0
466196,0
466197,0
466198,0
466199,0
466200,0
466201,0
466202,0
466203,0
466204,0
466205,0
466206,0
466207,0
466208,0
466209,0
466210,0
466211,0
466212,0
466213,0
466214,0
466215,0
466216,0
466217,0
466218,0
466219,0
466220,0
466221,0
466222,0
466223,0
466224,0
466225,0
466226,19
466227,0
466228,0
466229,0
466230,0
466231,0
466232,0
466233,0
466234,0
466235,0
466236,28
466237,0
466238,0
466239,0
466240,0
466241,0
466242,0
466243,0
466244,0
466245,0
466246,0
466247,0
466248,0
466249,0
466250,0
466251,0
466252,0
466253,34
466254,0
466255,0
466256,0
466257,0
466258,0
466259,0
466260,0
466261,0
466262,0
466263,0
466264,0
466265,24
466266,0
466267,0
466268,0
466269,0
466270,0
466271,0
466272,0
466273,0
466274,0
466275,0
466276,0
466277,0
466278,0
466279,0
466280,0
466281,0
466282,0
466283,0
466284,0
466285,0
466286,0
466287,0
466288,0
466289,0
466290,0
466291,0
466292,0
466293,0
466294,0
466295,0
466296,0
466297,0
466298,0
466299,0
466300,0
466301,0
466302,21
466303,0
466304,0
466305,37
466306,0
466307,0
466308,0
466309,0
466310,0
466311,0
466312,0
466313,0
466314,0
466315,0
466316,0
466317,0
466318,0
466319,0
466320,0
466321,0
466322,0
466323,0
466324,0
466325,10
466326,0
466327,0
466328,0
466329,0
466330,0
466331,0
466332,0
466333,0
466334,0
466335,0
466336,0
466337,0
466338,0
466339,0
466340,24
466341,0
466342,0
466343,32
466344,0
466345,0
466346,0
466347,0
466348,0
466349,0
466350,0
466351,0
466352,0
466353,0
466354,11
466355,0
466356,0
466357,0
466358,0
466359,0
466360,0
466361,0
466362,0
466363,0
466364,0
466365,0
466366,20
466367,0
466368,0
466369,0
466370,17
466371,0
466372,0
466373,0
466374,0
466375,0
466376,0
466377,0
466378,0
466379,0
466380,0
466381,0
466382,0
466383,0
466384,0
466385,0
466386,0
466387,0
466388,9
466389,0
466390,0
466391,20
466392,0
466393,0
466394,0
466395,0
466396,0
466397,0
466398,0
466399,0
466400,0
466401,0
466402,0
466403,0
466404,0
466405,0
466406,0
466407,0
466408,0
466409,0
466410,0
466411,0
466412,0
466413,0
466414,0
466415,0
466416,0
466417,34
466418,0
466419,0
466420,0
466421,0
466422,0
466423,0
466424,0
466425,0
466426,0
466427,0
466428,0
466429,0
466430,0
466431,0
466432,0
466433,0
466434,29
466435,0
466436,0
466437,0
466438,0
466439,0
466440,0
466441,0
466442,0
466443,0
466444,0
466445,0
466446,0
466447,0
466448,29
466449,0
466450,0
466451,0
466452,0
466453,0
466454,0
466455,0
466456,35
466457,0
466458,0
466459,0
466460,0
466461,0
466462,22
466463,26
466464,27
466465,0
466466,0
466467,0
466468,0
466469,0
466470,0
466471,0
466472,0
466473,0
466474,0
466475,0
466476,22
466477,0
466478,43
466479,0
466480,0
466481,0
466482,0
466483,0
466484,0
466485,0
466486,0
466487,22
466488,0
466489,33
466490,0
466491,0
466492,17
466493,0
466494,0
466495,0
466496,0
466497,0
466498,0
466499,0
466500,0
466501,0
466502,27
466503,0
466504,27
466505,0
466506,0
466507,0
466508,0
466509,30
466510,0
466511,0
466512,0
466513,0
466514,0
466515,0
466516,0
466517,0
466518,0
466519,0
466520,0
466521,0
466522,0
466523,27
466524,0
466525,0
466526,31
466527,34
466528,30
466529,0
466530,29
466531,0
466532,0
466533,0
466534,0
466535,0
466536,0
466537,29
466538,0
466539,0
466540,0
466541,27
466542,0
466543,0
466544,0
466545,0
466546,0
466547,0
466548,0
466549,0
466550,0
466551,0
466552,0
466553,0
466554,0
466555,0
466556,0
466557,0
466558,0
466559,0
466560,0
466561,0
466562,0
466563,0
466564,31
466565,0
466566,0
466567,0
466568,0
466569,0
466570,0
466571,0
466572,0
466573,0
466574,0
466575,34
466576,0
466577,0
466578,0
466579,0
466580,0
466581,0
466582,0
466583,0
466584,27
466585,0
466586,0
466587,33
466588,27
466589,23
466590,0
466591,0
466592,0
466593,0
466594,20
466595,0
466596,0
466597,0
466598,0
466599,0
466600,0
466601,0
466602,22
466603,0
466604,29
466605,0
466606,0
466607,0
466608,0
466609,0
466610,0
466611,0
466612,0
466613,0
466614,0
466615,31
466616,0
466617,0
466618,0
466619,0
466620,0
466621,0
466622,0
466623,0
466624,0
466625,0
466626,0
466627,0
466628,0
466629,0
466630,0
466631,0
466632,0
466633,0
466634,0
466635,0
466636,0
466637,0
466638,0
466639,0
466640,0
466641,27
466642,0
466643,48
466644,0
466645,0
466646,0
466647,0
466648,0
466649,0
466650,21
466651,0
466652,0
466653,28
466654,0
466655,0
466656,0
466657,0
466658,0
466659,23
466660,0
466661,0
466662,0
466663,0
466664,0
466665,0
466666,0
466667,41
466668,0
466669,0
466670,0
466671,0
466672,0
466673,0
466674,0
466675,0
466676,0
466677,0
466678,0
466679,0
466680,0
466681,0
466682,0
466683,0
466684,0
466685,0
466686,0
466687,0
466688,0
466689,0
466690,0
466691,0
466692,0
466693,0
466694,0
466695,0
466696,0
466697,33
466698,0
466699,32
466700,0
466701,0
466702,22
466703,0
466704,0
466705,0
466706,0
466707,0
466708,0
466709,0
466710,0
466711,0
466712,0
466713,0
466714,30
466715,0
466716,0
466717,0
466718,0
466719,0
466720,0
466721,0
466722,0
466723,30
466724,0
466725,0
466726,0
466727,0
466728,0
466729,0
466730,0
466731,0
466732,0
466733,0
466734,0
466735,37
466736,0
466737,0
466738,0
466739,0
466740,0
466741,0
466742,0
466743,0
466744,0
466745,0
466746,0
466747,0
466748,0
466749,0
466750,0
466751,0
466752,0
466753,0
466754,0
466755,0
466756,0
466757,0
466758,0
466759,0
466760,0
466761,0
466762,0
466763,0
466764,0
466765,0
466766,0
466767,32
466768,0
466769,0
466770,0
466771,0
466772,0
466773,0
466774,0
466775,0
466776,0
466777,0
466778,0
466779,0
466780,0
466781,0
466782,0
466783,0
466784,0
466785,0
466786,0
466787,0
466788,0
466789,0
466790,43
466791,0
466792,0
466793,35
466794,0
466795,40
466796,0
466797,0
466798,0
466799,0
466800,0
466801,0
466802,0
466803,0
466804,0
466805,26
466806,0
466807,0
466808,0
466809,30
466810,0
466811,0
466812,0
466813,0
466814,0
466815,0
466816,0
466817,0
466818,0
466819,36
466820,0
466821,0
466822,0
466823,0
466824,0
466825,0
466826,0
466827,0
466828,0
466829,0
466830,0
466831,30
466832,29
466833,0
466834,0
466835,0
466836,0
466837,0
466838,0
466839,0
466840,0
466841,0
466842,0
466843,0
466844,0
466845,26
466846,0
466847,0
466848,0
466849,0
466850,0
466851,0
466852,0
466853,0
466854,0
466855,34
466856,0
466857,0
466858,0
466859,0
466860,0
466861,0
466862,0
466863,0
466864,0
466865,35
466866,0
466867,0
466868,0
466869,0
466870,0
466871,0
466872,0
466873,0
466874,0
466875,0
466876,0
466877,0
466878,0
466879,0
466880,0
466881,0
466882,0
466883,0
466884,0
466885,27
466886,0
466887,0
466888,0
466889,0
466890,26
466891,0
466892,0
466893,0
466894,0
466895,0
466896,0
466897,0
466898,0
466899,0
466900,0
466901,0
466902,0
466903,0
466904,0
466905,33
466906,0
466907,0
466908,0
466909,32
466910,0
466911,0
466912,0
466913,0
466914,0
466915,0
466916,0
466917,0
466918,0
466919,0
466920,0
466921,0
466922,0
466923,0
466924,0
466925,0
466926,0
466927,0
466928,0
466929,26
466930,0
466931,0
466932,0
466933,0
466934,0
466935,0
466936,0
466937,0
466938,0
466939,0
466940,0
466941,0
466942,0
466943,0
466944,0
466945,0
466946,0
466947,0
466948,25
466949,0
466950,0
466951,0
466952,0
466953,0
466954,0
466955,0
466956,25
466957,0
466958,0
466959,0
466960,17
466961,16
466962,0
466963,22
466964,0
466965,0
466966,0
466967,0
466968,0
466969,0
466970,0
466971,31
466972,0
466973,0
466974,0
466975,0
466976,0
466977,0
466978,0
466979,0
466980,0
466981,34
466982,0
466983,0
466984,0
466985,0
466986,0
466987,0
466988,0
466989,0
466990,0
466991,0
466992,29
466993,24
466994,35
466995,0
466996,0
466997,19
466998,0
466999,0
467000,30
467001,0
467002,24
467003,0
467004,0
467005,0
467006,0
467007,22
467008,0
467009,0
467010,0
467011,0
467012,0
467013,0
467014,0
467015,34
467016,0
467017,0
467018,35
467019,0
467020,0
467021,0
467022,0
467023,0
467024,0
467025,0
467026,0
467027,36
467028,0
467029,0
467030,0
467031,0
467032,0
467033,25
467034,31
467035,0
467036,0
467037,0
467038,0
467039,0
467040,0
467041,0
467042,0
467043,0
467044,0
467045,0
467046,20
467047,0
467048,22
467049,0
467050,0
467051,0
467052,0
467053,0
467054,35
467055,32
467056,0
467057,0
467058,0
467059,27
467060,0
467061,0
467062,32
467063,52
467064,0
467065,0
467066,0
467067,0
467068,20
467069,0
467070,0
467071,0
467072,0
467073,0
467074,0
467075,0
467076,0
467077,0
467078,33
467079,0
467080,0
467081,0
467082,0
467083,0
467084,0
467085,0
467086,40
467087,22
467088,0
467089,17
467090,0
467091,21
467092,0
467093,0
467094,0
467095,0
467096,0
467097,34
467098,23
467099,38
467100,0
467101,0
467102,0
467103,0
467104,0
467105,0
467106,0
467107,0
467108,0
467109,0
467110,0
467111,0
467112,0
467113,0
467114,0
467115,0
467116,0
467117,0
467118,0
467119,0
467120,0
467121,0
467122,0
467123,0
467124,0
467125,0
467126,0
467127,0
467128,0
467129,0
467130,0
467131,22
467132,0
467133,0
467134,0
467135,33
467136,0
467137,0
467138,0
467139,0
467140,0
467141,0
467142,0
467143,0
467144,29
467145,0
467146,0
467147,0
467148,0
467149,0
467150,0
467151,0
467152,0
467153,0
467154,0
467155,0
467156,0
467157,0
467158,0
467159,0
467160,0
467161,0
467162,0
467163,0
467164,31
467165,0
467166,31
467167,36
467168,0
467169,0
467170,32
467171,0
467172,0
467173,0
467174,31
467175,0
467176,25
467177,0
467178,29
467179,0
467180,0
467181,0
467182,0
467183,0
467184,0
467185,0
467186,13
467187,0
467188,0
467189,0
467190,0
467191,0
467192,0
467193,0
467194,0
467195,0
467196,0
467197,0
467198,0
467199,0
467200,0
467201,0
467202,36
467203,0
467204,0
467205,25
467206,0
467207,0
467208,0
467209,0
467210,0
467211,0
467212,0
467213,0
467214,24
467215,0
467216,0
467217,0
467218,0
467219,0
467220,0
467221,0
467222,0
467223,0
467224,0
467225,0
467226,39
467227,0
467228,0
467229,0
467230,0
467231,0
467232,0
467233,35
467234,0
467235,0
467236,0
467237,0
467238,0
467239,0
467240,21
467241,0
467242,0
467243,0
467244,0
467245,0
467246,0
467247,0
467248,0
467249,0
467250,0
467251,0
467252,0
467253,40
467254,0
467255,0
467256,0
467257,0
467258,15
467259,0
467260,28
467261,36
467262,0
467263,0
467264,0
467265,0
467266,0
467267,0
467268,0
467269,0
467270,0
467271,0
467272,0
467273,30
467274,0
467275,0
467276,0
467277,0
467278,0
467279,0
467280,0
467281,0
467282,0
467283,0
467284,0
467285,0
467286,0
467287,0
467288,0
467289,0
467290,0
467291,0
467292,0
467293,0
467294,36
467295,0
467296,0
467297,0
467298,0
467299,0
467300,0
467301,0
467302,0
467303,0
467304,0
467305,0
467306,0
467307,0
467308,0
467309,0
467310,0
467311,0
467312,0
467313,0
467314,0
467315,0
467316,0
467317,0
467318,0
467319,0
467320,0
467321,0
467322,28
467323,0
467324,0
467325,0
467326,0
467327,0
467328,0
467329,0
467330,0
467331,0
467332,0
467333,0
467334,0
467335,0
467336,0
467337,0
467338,0
467339,0
467340,0
467341,0
467342,0
467343,0
467344,0
467345,0
467346,0
467347,0
467348,0
467349,0
467350,0
467351,0
467352,0
467353,0
467354,0
467355,0
467356,0
467357,0
467358,0
467359,0
467360,0
467361,0
467362,0
467363,0
467364,0
467365,0
467366,0
467367,0
467368,0
467369,0
467370,0
467371,0
467372,0
467373,0
467374,0
467375,0
467376,0
467377,0
467378,0
467379,0
467380,0
467381,0
467382,0
467383,33
467384,0
467385,0
467386,0
467387,0
467388,0
467389,35
467390,0
467391,0
467392,0
467393,0
467394,0
467395,30
467396,0
467397,0
467398,0
467399,0
467400,24
467401,0
467402,0
467403,0
467404,0
467405,0
467406,0
467407,0
467408,0
467409,0
467410,0
467411,0
467412,0
467413,29
467414,0
467415,0
467416,35
467417,0
467418,0
467419,0
467420,0
467421,0
467422,0
467423,0
467424,0
467425,0
467426,0
467427,0
467428,0
467429,0
467430,0
467431,0
467432,0
467433,0
467434,0
467435,0
467436,0
467437,0
467438,36
467439,0
467440,0
467441,0
467442,0
467443,0
467444,0
467445,0
467446,0
467447,0
467448,0
467449,0
467450,0
467451,0
467452,0
467453,0
467454,0
467455,0
467456,0
467457,0
467458,0
467459,0
467460,0
467461,0
467462,0
467463,0
467464,0
467465,0
467466,42
467467,0
467468,0
467469,0
467470,0
467471,0
467472,0
467473,0
467474,0
467475,0
467476,0
467477,0
467478,0
467479,0
467480,0
467481,0
467482,0
467483,0
467484,0
467485,0
467486,0
467487,0
467488,0
467489,0
467490,0
467491,0
467492,0
467493,0
467494,29
467495,0
467496,0
467497,0
467498,0
467499,0
467500,0
467501,0
467502,0
467503,0
467504,0
467505,0
467506,0
467507,0
467508,0
467509,0
467510,0
467511,0
467512,0
467513,0
467514,0
467515,0
467516,0
467517,0
467518,0
467519,0
467520,0
467521,0
467522,0
467523,0
467524,0
467525,0
467526,0
467527,0
467528,0
467529,0
467530,0
467531,0
467532,0
467533,0
467534,0
467535,0
467536,0
467537,0
467538,0
467539,0
467540,52
467541,0
467542,0
467543,45
467544,0
467545,0
467546,0
467547,0
467548,0
467549,0
467550,0
467551,0
467552,0
467553,0
467554,0
467555,0
467556,0
467557,0
467558,0
467559,0
467560,0
467561,0
467562,0
467563,0
467564,0
467565,41
467566,0
467567,0
467568,0
467569,0
467570,0
467571,0
467572,0
467573,0
467574,0
467575,0
467576,0
467577,0
467578,0
467579,0
467580,0
467581,0
467582,0
467583,0
467584,0
467585,0
467586,0
467587,0
467588,0
467589,0
467590,0
467591,0
467592,0
467593,0
467594,0
467595,0
467596,0
467597,0
467598,0
467599,0
467600,0
467601,0
467602,0
467603,0
467604,0
467605,30
467606,0
467607,0
467608,0
467609,0
467610,0
467611,0
467612,0
467613,0
467614,39
467615,0
467616,0
467617,0
467618,0
467619,0
467620,0
467621,0
467622,0
467623,0
467624,0
467625,0
467626,0
467627,0
467628,0
467629,0
467630,0
467631,0
467632,0
467633,0
467634,0
467635,0
467636,0
467637,0
467638,0
467639,0
467640,0
467641,0
467642,0
467643,0
467644,0
467645,0
467646,0
467647,0
467648,0
467649,0
467650,0
467651,0
467652,0
467653,0
467654,0
467655,0
467656,0
467657,0
467658,0
467659,0
467660,0
467661,0
467662,0
467663,0
467664,0
467665,34
467666,0
467667,0
467668,0
467669,0
467670,0
467671,0
467672,0
467673,37
467674,0
467675,0
467676,0
467677,46
467678,0
467679,0
467680,0
467681,0
467682,0
467683,0
467684,40
467685,0
467686,0
467687,0
467688,0
467689,0
467690,0
467691,31
467692,0
467693,0
467694,0
467695,0
467696,0
467697,0
467698,0
467699,0
467700,0
467701,0
467702,0
467703,0
467704,0
467705,0
467706,0
467707,0
467708,0
467709,0
467710,0
467711,0
467712,0
467713,0
467714,0
467715,0
467716,0
467717,0
467718,0
467719,0
467720,0
467721,0
467722,0
467723,0
467724,0
467725,39
467726,0
467727,0
467728,0
467729,0
467730,0
467731,0
467732,0
467733,0
467734,0
467735,0
467736,0
467737,0
467738,0
467739,32
467740,0
467741,0
467742,0
467743,0
467744,0
467745,0
467746,0
467747,0
467748,0
467749,29
467750,42
467751,0
467752,49
467753,0
467754,0
467755,0
467756,0
467757,50
467758,0
467759,0
467760,0
467761,42
467762,0
467763,0
467764,0
467765,0
467766,0
467767,0
467768,0
467769,33
467770,39
467771,0
467772,0
467773,0
467774,0
467775,0
467776,0
467777,0
467778,0
467779,0
467780,31
467781,0
467782,0
467783,0
467784,0
467785,27
467786,0
467787,0
467788,0
467789,0
467790,0
467791,0
467792,0
467793,0
467794,0
467795,0
467796,0
467797,0
467798,24
467799,0
467800,36
467801,0
467802,0
467803,0
467804,0
467805,0
467806,0
467807,17
467808,0
467809,0
467810,0
467811,0
467812,26
467813,0
467814,0
467815,0
467816,0
467817,0
467818,0
467819,34
467820,0
467821,0
467822,0
467823,47
467824,48
467825,0
467826,0
467827,0
467828,34
467829,51
467830,0
467831,0
467832,37
467833,0
467834,0
467835,0
467836,0
467837,0
467838,0
467839,0
467840,0
467841,0
467842,0
467843,0
467844,0
467845,0
467846,0
467847,0
467848,0
467849,0
467850,0
467851,0
467852,0
467853,0
467854,0
467855,0
467856,0
467857,35
467858,0
467859,0
467860,0
467861,0
467862,0
467863,0
467864,38
467865,0
467866,0
467867,0
467868,0
467869,0
467870,0
467871,0
467872,0
467873,0
467874,0
467875,0
467876,28
467877,47
467878,0
467879,0
467880,0
467881,44
467882,0
467883,0
467884,28
467885,0
467886,0
467887,0
467888,0
467889,43
467890,34
467891,0
467892,34
467893,0
467894,0
467895,38
467896,0
467897,0
467898,0
467899,0
467900,0
467901,0
467902,0
467903,0
467904,27
467905,41
467906,0
467907,0
467908,0
467909,0
467910,0
467911,0
467912,50
467913,0
467914,42
467915,38
467916,0
467917,0
467918,0
467919,0
467920,0
467921,0
467922,0
467923,25
467924,42
467925,36
467926,0
467927,0
467928,0
467929,0
467930,0
467931,0
467932,0
467933,0
467934,0
467935,0
467936,0
467937,0
467938,0
467939,0
467940,0
467941,0
467942,0
467943,48
467944,0
467945,0
467946,0
467947,0
467948,0
467949,0
467950,0
467951,0
467952,0
467953,33
467954,0
467955,48
467956,32
467957,47
467958,0
467959,0
467960,0
467961,0
467962,0
467963,0
467964,0
467965,0
467966,0
467967,0
467968,0
467969,0
467970,0
467971,0
467972,0
467973,0
467974,0
467975,0
467976,0
467977,0
467978,0
467979,0
467980,49
467981,0
467982,0
467983,0
467984,39
467985,0
467986,0
467987,0
467988,0
467989,0
467990,43
467991,0
467992,0
467993,0
467994,0
467995,0
467996,41
467997,0
467998,0
467999,0
468000,0
468001,0
468002,0
468003,0
468004,0
468005,0
468006,0
468007,0
468008,0
468009,0
468010,0
468011,43
468012,0
468013,0
468014,0
468015,0
468016,45
468017,0
468018,37
468019,0
468020,0
468021,0
468022,0
468023,0
468024,0
468025,31
468026,0
468027,0
468028,0
468029,0
468030,0
468031,0
468032,0
468033,0
468034,0
468035,50
468036,0
468037,31
468038,22
468039,0
468040,0
468041,0
468042,37
468043,0
468044,0
468045,36
468046,0
468047,0
468048,33
468049,0
468050,0
468051,0
468052,0
468053,0
468054,0
468055,0
468056,0
468057,0
468058,0
468059,0
468060,0
468061,0
468062,0
468063,0
468064,0
468065,0
468066,24
468067,0
468068,0
468069,0
468070,0
468071,52
468072,0
468073,0
468074,0
468075,0
468076,0
468077,0
468078,0
468079,17
468080,0
468081,0
468082,0
468083,0
468084,0
468085,0
468086,40
468087,0
468088,0
468089,0
468090,0
468091,0
468092,0
468093,0
468094,0
468095,0
468096,0
468097,43
468098,0
468099,0
468100,0
468101,0
468102,47
468103,0
468104,0
468105,0
468106,0
468107,33
468108,0
468109,0
468110,47
468111,0
468112,45
468113,0
468114,0
468115,0
468116,0
468117,0
468118,0
468119,0
468120,49
468121,53
468122,0
468123,0
468124,0
468125,0
468126,0
468127,0
468128,0
468129,0
468130,0
468131,0
468132,0
468133,0
468134,39
468135,0
468136,0
468137,0
468138,0
468139,37
468140,0
468141,0
468142,32
468143,0
468144,0
468145,0
468146,0
468147,0
468148,51
468149,43
468150,0
468151,0
468152,0
468153,0
468154,32
468155,0
468156,0
468157,0
468158,39
468159,0
468160,39
468161,0
468162,0
468163,0
468164,0
468165,0
468166,0
468167,0
468168,0
468169,0
468170,0
468171,26
468172,0
468173,36
468174,0
468175,0
468176,0
468177,0
468178,0
468179,0
468180,0
468181,0
468182,0
468183,0
468184,0
468185,0
468186,0
468187,0
468188,0
468189,0
468190,0
468191,0
468192,0
468193,0
468194,53
468195,52
468196,0
468197,45
468198,0
468199,0
468200,0
468201,24
468202,0
468203,36
468204,0
468205,0
468206,0
468207,0
468208,0
468209,0
468210,0
468211,0
468212,0
468213,0
468214,0
468215,0
468216,0
468217,0
468218,0
468219,0
468220,0
468221,0
468222,0
468223,0
468224,0
468225,0
468226,0
468227,0
468228,0
468229,47
468230,42
468231,0
468232,31
468233,37
468234,0
468235,0
468236,0
468237,0
468238,0
468239,42
468240,43
468241,0
468242,0
468243,0
468244,0
468245,0
468246,0
468247,0
468248,0
468249,0
468250,48
468251,0
468252,0
468253,0
468254,0
468255,0
468256,0
468257,0
468258,0
468259,0
468260,0
468261,31
468262,0
468263,0
468264,0
468265,0
468266,42
468267,0
468268,0
468269,0
468270,0
468271,0
468272,0
468273,0
468274,39
468275,0
468276,0
468277,0
468278,0
468279,0
468280,0
468281,0
468282,0
468283,0
468284,0
468285,0
468286,0
468287,0
468288,38
468289,0
468290,0
468291,0
468292,39
468293,0
468294,33
468295,19
468296,0
468297,0
468298,0
468299,0
468300,32
468301,0
468302,0
468303,0
468304,22
468305,0
468306,31
468307,0
468308,0
468309,0
468310,0
468311,0
468312,0
468313,39
468314,40
468315,0
468316,0
468317,19
468318,0
468319,0
468320,0
468321,0
468322,23
468323,0
468324,0
468325,21
468326,0
468327,0
468328,0
468329,21
468330,0
468331,0
468332,0
468333,25
468334,0
468335,29
468336,0
468337,0
468338,0
468339,0
468340,0
468341,0
468342,0
468343,0
468344,0
468345,0
468346,0
468347,0
468348,0
468349,0
468350,0
468351,0
468352,18
468353,0
468354,0
468355,0
468356,0
468357,26
468358,0
468359,0
468360,28
468361,0
468362,33
468363,0
468364,0
468365,0
468366,22
468367,0
468368,0
468369,16
468370,0
468371,0
468372,0
468373,0
468374,0
468375,0
468376,0
468377,0
468378,0
468379,32
468380,20
468381,0
468382,0
468383,0
468384,0
468385,0
468386,28
468387,0
468388,0
468389,0
468390,0
468391,0
468392,0
468393,0
468394,0
468395,38
468396,0
468397,0
468398,24
468399,0
468400,0
468401,20
468402,0
468403,0
468404,0
468405,0
468406,0
468407,0
468408,34
468409,0
468410,0
468411,0
468412,0
468413,0
468414,31
468415,0
468416,0
468417,0
468418,0
468419,0
468420,0
468421,0
468422,0
468423,29
468424,22
468425,0
468426,41
468427,0
468428,0
468429,0
468430,0
468431,0
468432,0
468433,0
468434,0
468435,0
468436,35
468437,0
468438,0
468439,0
468440,0
468441,0
468442,0
468443,29
468444,0
468445,0
468446,0
468447,0
468448,26
468449,0
468450,0
468451,0
468452,29
468453,0
468454,0
468455,0
468456,38
468457,0
468458,0
468459,0
468460,0
468461,0
468462,0
468463,0
468464,0
468465,0
468466,0
468467,0
468468,0
468469,0
468470,0
468471,27
468472,0
468473,0
468474,0
468475,0
468476,0
468477,0
468478,0
468479,0
468480,22
468481,0
468482,0
468483,0
468484,0
468485,0
468486,0
468487,32
468488,0
468489,0
468490,0
468491,0
468492,0
468493,0
468494,0
468495,0
468496,0
468497,28
468498,38
468499,0
468500,0
468501,0
468502,0
468503,0
468504,0
468505,0
468506,21
468507,0
468508,0
468509,0
468510,0
468511,0
468512,0
468513,0
468514,21
468515,0
468516,32
468517,0
468518,0
468519,0
468520,0
468521,0
468522,0
468523,0
468524,0
468525,0
468526,28
468527,0
468528,24
468529,0
468530,27
468531,0
468532,0
468533,0
468534,0
468535,0
468536,0
468537,0
468538,0
468539,0
468540,0
468541,40
468542,0
468543,0
468544,18
468545,0
468546,0
468547,28
468548,0
468549,0
468550,0
468551,30
468552,19
468553,0
468554,0
468555,25
468556,0
468557,0
468558,23
468559,0
468560,0
468561,32
468562,0
468563,0
468564,0
468565,0
468566,22
468567,0
468568,0
468569,0
468570,0
468571,0
468572,23
468573,0
468574,0
468575,0
468576,0
468577,24
468578,0
468579,0
468580,0
468581,0
468582,0
468583,0
468584,0
468585,0
468586,0
468587,0
468588,0
468589,0
468590,0
468591,0
468592,0
468593,0
468594,0
468595,0
468596,33
468597,0
468598,0
468599,0
468600,0
468601,0
468602,0
468603,0
468604,0
468605,0
468606,0
468607,0
468608,26
468609,0
468610,0
468611,39
468612,0
468613,0
468614,0
468615,15
468616,0
468617,0
468618,0
468619,0
468620,0
468621,26
468622,19
468623,0
468624,0
468625,21
468626,0
468627,0
468628,0
468629,0
468630,28
468631,0
468632,0
468633,0
468634,0
468635,29
468636,0
468637,0
468638,28
468639,0
468640,0
468641,0
468642,17
468643,0
468644,0
468645,0
468646,0
468647,0
468648,24
468649,0
468650,0
468651,0
468652,0
468653,0
468654,0
468655,0
468656,0
468657,18
468658,0
468659,0
468660,0
468661,0
468662,0
468663,0
468664,0
468665,29
468666,0
468667,0
468668,0
468669,38
468670,21
468671,0
468672,0
468673,0
468674,0
468675,0
468676,0
468677,19
468678,0
468679,0
468680,0
468681,0
468682,0
468683,0
468684,0
468685,0
468686,0
468687,0
468688,0
468689,0
468690,0
468691,0
468692,0
468693,21
468694,23
468695,0
468696,0
468697,0
468698,0
468699,0
468700,0
468701,16
468702,35
468703,0
468704,0
468705,0
468706,0
468707,31
468708,25
468709,23
468710,0
468711,0
468712,0
468713,29
468714,0
468715,0
468716,40
468717,0
468718,22
468719,0
468720,0
468721,0
468722,0
468723,0
468724,0
468725,0
468726,26
468727,0
468728,0
468729,0
468730,0
468731,0
468732,0
468733,18
468734,0
468735,0
468736,0
468737,23
468738,0
468739,0
468740,15
468741,0
468742,0
468743,0
468744,0
468745,0
468746,24
468747,0
468748,0
468749,0
468750,0
468751,29
468752,0
468753,0
468754,0
468755,0
468756,0
468757,0
468758,0
468759,0
468760,0
468761,0
468762,0
468763,42
468764,0
468765,26
468766,0
468767,36
468768,28
468769,0
468770,0
468771,0
468772,26
468773,0
468774,0
468775,0
468776,23
468777,18
468778,0
468779,0
468780,0
468781,0
468782,0
468783,0
468784,0
468785,0
468786,0
468787,0
468788,0
468789,0
468790,0
468791,0
468792,0
468793,0
468794,26
468795,0
468796,0
468797,0
468798,0
468799,0
468800,35
468801,24
468802,0
468803,16
468804,22
468805,24
468806,0
468807,0
468808,0
468809,34
468810,0
468811,0
468812,0
468813,0
468814,0
468815,0
468816,0
468817,0
468818,0
468819,0
468820,0
468821,0
468822,0
468823,0
468824,0
468825,0
468826,0
468827,0
468828,0
468829,0
468830,0
468831,0
468832,0
468833,0
468834,32
468835,0
468836,0
468837,24
468838,0
468839,0
468840,0
468841,0
468842,0
468843,0
468844,21
468845,0
468846,0
468847,37
468848,0
468849,0
468850,34
468851,0
468852,0
468853,0
468854,0
468855,31
468856,0
468857,0
468858,0
468859,0
468860,0
468861,0
468862,0
468863,0
468864,0
468865,0
468866,0
468867,0
468868,41
468869,0
468870,0
468871,22
468872,33
468873,34
468874,44
468875,0
468876,0
468877,0
468878,0
468879,0
468880,0
468881,0
468882,0
468883,0
468884,0
468885,19
468886,0
468887,0
468888,0
468889,32
468890,0
468891,0
468892,0
468893,0
468894,21
468895,0
468896,0
468897,0
468898,28
468899,0
468900,0
468901,0
468902,34
468903,0
468904,0
468905,26
468906,0
468907,0
468908,0
468909,0
468910,0
468911,19
468912,0
468913,0
468914,0
468915,23
468916,0
468917,0
468918,0
468919,28
468920,35
468921,22
468922,0
468923,0
468924,23
468925,0
468926,0
468927,0
468928,0
468929,0
468930,0
468931,0
468932,29
468933,26
468934,0
468935,0
468936,22
468937,0
468938,0
468939,0
468940,0
468941,0
468942,0
468943,0
468944,0
468945,31
468946,0
468947,0
468948,0
468949,0
468950,0
468951,0
468952,0
468953,0
468954,0
468955,0
468956,0
468957,0
468958,27
468959,0
468960,0
468961,0
468962,0
468963,0
468964,0
468965,0
468966,0
468967,0
468968,0
468969,0
468970,0
468971,0
468972,0
468973,0
468974,0
468975,0
468976,0
468977,0
468978,0
468979,0
468980,0
468981,0
468982,0
468983,0
468984,0
468985,0
468986,0
468987,0
468988,0
468989,28
468990,0
468991,21
468992,0
468993,0
468994,0
468995,0
468996,0
468997,0
468998,0
468999,0
469000,32
469001,0
469002,0
469003,0
469004,0
469005,0
469006,25
469007,0
469008,0
469009,0
469010,0
469011,0
469012,0
469013,24
469014,39
469015,0
469016,0
469017,34
469018,0
469019,0
469020,0
469021,0
469022,0
469023,36
469024,0
469025,0
469026,0
469027,0
469028,0
469029,0
469030,0
469031,0
469032,0
469033,0
469034,0
469035,0
469036,0
469037,0
469038,0
469039,0
469040,0
469041,0
469042,0
469043,0
469044,0
469045,0
469046,28
469047,0
469048,0
469049,0
469050,0
469051,0
469052,0
469053,0
469054,0
469055,0
469056,0
469057,0
469058,0
469059,0
469060,0
469061,0
469062,0
469063,26
469064,0
469065,0
469066,0
469067,0
469068,0
469069,0
469070,0
469071,0
469072,33
469073,36
469074,0
469075,0
469076,0
469077,0
469078,0
469079,0
469080,0
469081,0
469082,0
469083,0
469084,0
469085,35
469086,0
469087,0
469088,0
469089,0
469090,34
469091,0
469092,0
469093,0
469094,0
469095,0
469096,0
469097,0
469098,0
469099,0
469100,0
469101,38
469102,0
469103,0
469104,0
469105,0
469106,0
469107,0
469108,0
469109,0
469110,0
469111,0
469112,0
469113,27
469114,0
469115,26
469116,0
469117,24
469118,0
469119,0
469120,0
469121,0
469122,0
469123,36
469124,30
469125,37
469126,38
469127,0
469128,38
469129,0
469130,0
469131,26
469132,0
469133,0
469134,0
469135,0
469136,0
469137,0
469138,0
469139,0
469140,0
469141,24
469142,0
469143,0
469144,0
469145,40
469146,0
469147,0
469148,0
469149,35
469150,0
469151,0
469152,0
469153,0
469154,34
469155,0
469156,0
469157,0
469158,0
469159,0
469160,0
469161,0
469162,0
469163,0
469164,0
469165,0
469166,33
469167,0
469168,0
469169,0
469170,0
469171,0
469172,0
469173,0
469174,0
469175,0
469176,0
469177,0
469178,0
469179,0
469180,0
469181,0
469182,0
469183,0
469184,27
469185,0
469186,39
469187,0
469188,0
469189,0
469190,27
469191,31
469192,0
469193,0
469194,35
469195,0
469196,0
469197,0
469198,0
469199,0
469200,0
469201,0
469202,0
469203,0
469204,0
469205,0
469206,0
469207,0
469208,0
469209,0
469210,0
469211,0
469212,38
469213,0
469214,0
469215,0
469216,0
469217,0
469218,36
469219,0
469220,0
469221,0
469222,0
469223,0
469224,0
469225,0
469226,0
469227,0
469228,0
469229,0
469230,0
469231,0
469232,0
469233,0
469234,0
469235,0
469236,0
469237,0
469238,0
469239,0
469240,0
469241,0
469242,38
469243,30
469244,36
469245,0
469246,0
469247,0
469248,0
469249,0
469250,0
469251,40
469252,0
469253,0
469254,0
469255,0
469256,0
469257,0
469258,0
469259,38
469260,0
469261,42
469262,0
469263,0
469264,0
469265,0
469266,0
469267,23
469268,20
469269,25
469270,0
469271,0
469272,0
469273,0
469274,0
469275,0
469276,0
469277,0
469278,0
469279,22
469280,0
469281,0
469282,0
469283,0
469284,0
469285,0
469286,22
469287,0
469288,0
469289,0
469290,0
469291,0
469292,0
469293,0
469294,0
469295,0
469296,0
469297,0
469298,0
469299,0
469300,0
469301,0
469302,0
469303,0
469304,0
469305,27
469306,25
469307,0
469308,0
469309,0
469310,42
469311,29
469312,29
469313,0
469314,0
469315,0
469316,0
469317,34
469318,0
469319,0
469320,0
469321,0
469322,0
469323,0
469324,25
469325,0
469326,0
469327,0
469328,0
469329,0
469330,0
469331,0
469332,0
469333,0
469334,0
469335,0
469336,0
469337,0
469338,0
469339,0
469340,0
469341,25
469342,0
469343,0
469344,0
469345,0
469346,0
469347,0
469348,0
469349,0
469350,0
469351,0
469352,0
469353,0
469354,0
469355,0
469356,35
469357,0
469358,31
469359,0
469360,35
469361,0
469362,30
469363,0
469364,0
469365,0
469366,28
469367,36
469368,0
469369,0
469370,0
469371,39
469372,0
469373,0
469374,0
469375,0
469376,0
469377,0
469378,0
469379,0
469380,0
469381,0
469382,0
469383,0
469384,0
469385,0
469386,0
469387,0
469388,28
469389,0
469390,0
469391,0
469392,0
469393,0
469394,0
469395,0
469396,0
469397,0
469398,34
469399,0
469400,0
469401,0
469402,0
469403,0
469404,28
469405,0
469406,29
469407,26
469408,0
469409,50
469410,0
469411,0
469412,0
469413,0
469414,0
469415,0
469416,0
469417,0
469418,0
469419,0
469420,0
469421,27
469422,0
469423,0
469424,0
469425,0
469426,0
469427,0
469428,0
469429,0
469430,0
469431,0
469432,0
469433,0
469434,32
469435,0
469436,0
469437,0
469438,0
469439,0
469440,0
469441,0
469442,0
469443,0
469444,0
469445,0
469446,0
469447,0
469448,0
469449,30
469450,0
469451,0
469452,0
469453,0
469454,30
469455,0
469456,0
469457,0
469458,0
469459,0
469460,0
469461,0
469462,0
469463,23
469464,0
469465,0
469466,41
469467,0
469468,40
469469,28
469470,22
469471,0
469472,0
469473,0
469474,0
469475,0
469476,0
469477,19
469478,0
469479,0
469480,28
469481,0
469482,30
469483,0
469484,29
469485,23
469486,0
469487,0
469488,38
469489,0
469490,0
469491,0
469492,0
469493,0
469494,0
469495,0
469496,24
469497,0
469498,50
469499,40
469500,0
469501,0
469502,0
469503,0
469504,0
469505,0
469506,0
469507,0
469508,0
469509,0
469510,38
469511,0
469512,0
469513,0
469514,0
469515,0
469516,29
469517,0
469518,38
469519,36
469520,0
469521,0
469522,0
469523,0
469524,0
469525,0
469526,0
469527,39
469528,0
469529,0
469530,0
469531,0
469532,0
469533,0
469534,34
469535,28
469536,0
469537,0
469538,0
469539,0
469540,0
469541,0
469542,0
469543,0
469544,0
469545,0
469546,0
469547,0
469548,0
469549,0
469550,0
469551,21
469552,0
469553,0
469554,0
469555,0
469556,0
469557,0
469558,0
469559,0
469560,0
469561,0
469562,0
469563,0
469564,0
469565,0
469566,0
469567,0
469568,0
469569,0
469570,0
469571,0
469572,0
469573,0
469574,0
469575,32
469576,0
469577,0
469578,0
469579,37
469580,36
469581,0
469582,0
469583,0
469584,0
469585,0
469586,0
469587,0
469588,0
469589,0
469590,38
469591,0
469592,0
469593,0
469594,0
469595,0
469596,0
469597,0
469598,0
469599,35
469600,0
469601,0
469602,0
469603,0
469604,27
469605,0
469606,0
469607,0
469608,35
469609,0
469610,0
469611,0
469612,0
469613,0
469614,0
469615,0
469616,0
469617,0
469618,32
469619,0
469620,0
469621,0
469622,0
469623,0
469624,0
469625,0
469626,0
469627,22
469628,0
469629,0
469630,0
469631,36
469632,0
469633,0
469634,0
469635,0
469636,0
469637,0
469638,0
469639,0
469640,0
469641,0
469642,0
469643,0
469644,0
469645,0
469646,0
469647,0
469648,0
469649,0
469650,0
469651,0
469652,32
469653,0
469654,0
469655,24
469656,0
469657,0
469658,0
469659,0
469660,0
469661,0
469662,16
469663,0
469664,15
469665,0
469666,0
469667,19
469668,0
469669,23
469670,25
469671,30
469672,0
469673,0
469674,0
469675,0
469676,0
469677,0
469678,0
469679,17
469680,0
469681,0
469682,0
469683,0
469684,0
469685,0
469686,0
469687,0
469688,11
469689,22
469690,0
469691,0
469692,20
469693,0
469694,14
469695,0
469696,15
469697,0
469698,0
469699,0
469700,10
469701,0
469702,0
469703,0
469704,0
469705,0
469706,21
469707,0
469708,0
469709,0
469710,0
469711,0
469712,0
469713,0
469714,0
469715,0
469716,0
469717,9
469718,16
469719,0
469720,0
469721,0
469722,0
469723,14
469724,0
469725,0
469726,0
469727,0
469728,0
469729,22
469730,0
469731,0
469732,16
469733,0
469734,15
469735,18
469736,0
469737,19
469738,0
469739,0
469740,20
469741,31
469742,16
469743,0
469744,0
469745,0
469746,0
469747,0
469748,0
469749,20
469750,0
469751,0
469752,0
469753,15
469754,0
469755,0
469756,0
469757,0
469758,0
469759,0
469760,0
469761,15
469762,0
469763,13
469764,15
469765,19
469766,16
469767,0
469768,0
469769,0
469770,16
469771,0
469772,23
469773,0
469774,0
469775,0
469776,0
469777,0
469778,15
469779,8
469780,0
469781,0
469782,20
469783,0
469784,0
469785,0
469786,0
469787,0
469788,0
469789,0
469790,0
469791,13
469792,0
469793,0
469794,0
469795,0
469796,0
469797,0
469798,0
469799,13
469800,0
469801,0
469802,0
469803,0
469804,0
469805,17
469806,0
469807,0
469808,0
469809,0
469810,14
469811,0
469812,17
469813,19
469814,12
469815,12
469816,0
469817,23
469818,0
469819,0
469820,18
469821,0
469822,0
469823,0
469824,34
469825,0
469826,0
469827,12
469828,0
469829,12
469830,11
469831,0
469832,0
469833,0
469834,0
469835,0
469836,0
469837,0
469838,0
469839,0
469840,0
469841,0
469842,0
469843,27
469844,18
469845,0
469846,0
469847,15
469848,0
469849,10
469850,16
469851,0
469852,16
469853,0
469854,12
469855,16
469856,0
469857,25
469858,0
469859,0
469860,0
469861,13
469862,13
469863,0
469864,0
469865,0
469866,0
469867,0
469868,0
469869,0
469870,0
469871,0
469872,0
469873,26
469874,0
469875,0
469876,10
469877,0
469878,18
469879,0
469880,0
469881,14
469882,0
469883,24
469884,0
469885,0
469886,21
469887,0
469888,0
469889,0
469890,0
469891,0
469892,18
469893,0
469894,0
469895,12
469896,24
469897,20
469898,14
469899,0
469900,0
469901,0
469902,0
469903,19
469904,18
469905,0
469906,0
469907,23
469908,13
469909,0
469910,0
469911,0
469912,14
469913,0
469914,0
469915,0
469916,0
469917,0
469918,12
469919,0
469920,0
469921,0
469922,15
469923,0
469924,0
469925,0
469926,0
469927,0
469928,0
469929,0
469930,0
469931,0
469932,0
469933,26
469934,10
469935,0
469936,0
469937,0
469938,0
469939,0
469940,24
469941,0
469942,0
469943,0
469944,22
469945,19
469946,0
469947,0
469948,0
469949,0
469950,0
469951,20
469952,17
469953,0
469954,0
469955,0
469956,0
469957,0
469958,0
469959,0
469960,18
469961,0
469962,0
469963,24
469964,0
469965,0
469966,0
469967,0
469968,21
469969,0
469970,19
469971,0
469972,0
469973,0
469974,0
469975,0
469976,14
469977,0
469978,0
469979,20
469980,0
469981,0
469982,9
469983,0
469984,0
469985,0
469986,0
469987,0
469988,13
469989,0
469990,0
469991,16
469992,14
469993,12
469994,15
469995,21
469996,0
469997,0
469998,0
469999,0
470000,0
470001,0
470002,0
470003,0
470004,0
470005,0
470006,0
470007,0
470008,0
470009,20
470010,0
470011,0
470012,0
470013,14
470014,0
470015,0
470016,0
470017,0
470018,33
470019,0
470020,0
470021,0
470022,0
470023,0
470024,0
470025,0
470026,0
470027,21
470028,25
470029,0
470030,0
470031,0
470032,0
470033,11
470034,0
470035,14
470036,0
470037,0
470038,0
470039,0
470040,0
470041,0
470042,18
470043,18
470044,16
470045,15
470046,0
470047,0
470048,0
470049,0
470050,0
470051,0
470052,0
470053,0
470054,0
470055,0
470056,0
470057,0
470058,0
470059,0
470060,0
470061,0
470062,0
470063,0
470064,0
470065,0
470066,0
470067,18
470068,0
470069,0
470070,0
470071,0
470072,18
470073,0
470074,0
470075,0
470076,0
470077,0
470078,0
470079,0
470080,0
470081,0
470082,0
470083,0
470084,0
470085,0
470086,0
470087,0
470088,0
470089,0
470090,0
470091,0
470092,0
470093,0
470094,0
470095,0
470096,0
470097,0
470098,0
470099,0
470100,5
470101,4
470102,0
470103,12
470104,0
470105,8
470106,8
470107,0
470108,3
470109,0
470110,0
470111,12
470112,0
470113,0
470114,0
470115,0
470116,7
470117,0
470118,7
470119,0
470120,0
470121,0
470122,6
470123,0
470124,8
470125,0
470126,0
470127,0
470128,0
470129,5
470130,0
470131,0
470132,0
470133,0
470134,0
470135,0
470136,0
470137,10
470138,0
470139,0
470140,0
470141,0
470142,0
470143,0
470144,0
470145,8
470146,4
470147,10
470148,9
470149,0
470150,7
470151,0
470152,11
470153,0
470154,0
470155,0
470156,0
470157,0
470158,0
470159,0
470160,0
470161,0
470162,0
470163,6
470164,6
470165,0
470166,0
470167,0
470168,0
470169,0
470170,0
470171,0
470172,0
470173,0
470174,0
470175,0
470176,0
470177,0
470178,0
470179,0
470180,7
470181,0
470182,0
470183,0
470184,15
470185,6
470186,0
470187,0
470188,0
470189,0
470190,0
470191,0
470192,10
470193,11
470194,5
470195,6
470196,8
470197,6
470198,0
470199,0
470200,0
470201,0
470202,0
470203,8
470204,0
470205,0
470206,8
470207,0
470208,0
470209,0
470210,0
470211,0
470212,0
470213,5
470214,12
470215,0
470216,4
470217,0
470218,0
470219,2
470220,0
470221,0
470222,0
470223,0
470224,0
470225,6
470226,0
470227,0
470228,0
470229,4
470230,0
470231,10
470232,0
470233,0
470234,10
470235,13
470236,0
470237,8
470238,10
470239,0
470240,0
470241,0
470242,0
470243,0
470244,8
470245,0
470246,12
470247,12
470248,0
470249,0
470250,0
470251,12
470252,0
470253,0
470254,0
470255,14
470256,0
470257,10
470258,0
470259,0
470260,7
470261,0
470262,7
470263,0
470264,0
470265,0
470266,0
470267,0
470268,0
470269,0
470270,0
470271,0
470272,0
470273,0
470274,0
470275,0
470276,0
470277,0
470278,0
470279,0
470280,0
470281,0
470282,0
470283,0
470284,0
470285,10
470286,9
470287,4
470288,0
470289,0
470290,11
470291,1
470292,0
470293,5
470294,0
470295,0
470296,0
470297,8
470298,5
470299,0
470300,0
470301,0
470302,4
470303,0
470304,5
470305,10
470306,0
470307,0
470308,6
470309,0
470310,0
470311,0
470312,0
470313,0
470314,0
470315,0
470316,7
470317,6
470318,9
470319,0
470320,0
470321,0
470322,8
470323,0
470324,7
470325,8
470326,8
470327,0
470328,0
470329,7
470330,0
470331,0
470332,0
470333,0
470334,9
470335,0
470336,0
470337,9
470338,0
470339,0
470340,0
470341,9
470342,0
470343,0
470344,0
470345,0
470346,0
470347,0
470348,0
470349,0
470350,0
470351,0
470352,0
470353,0
470354,0
470355,0
470356,8
470357,0
470358,0
470359,0
470360,0
470361,0
470362,5
470363,0
470364,12
470365,12
470366,0
470367,0
470368,0
470369,0
470370,0
470371,0
470372,0
470373,0
470374,0
470375,4
470376,10
470377,0
470378,0
470379,3
470380,0
470381,8
470382,0
470383,0
470384,0
470385,0
470386,0
470387,0
470388,0
470389,0
470390,14
470391,0
470392,0
470393,0
470394,0
470395,0
470396,9
470397,0
470398,0
470399,0
470400,0
470401,0
470402,0
470403,0
470404,0
470405,0
470406,0
470407,0
470408,0
470409,0
470410,0
470411,0
470412,0
470413,0
470414,0
470415,26
470416,23
470417,22
470418,30
470419,0
470420,0
470421,0
470422,0
470423,16
470424,0
470425,0
470426,0
470427,0
470428,0
470429,0
470430,0
470431,0
470432,0
470433,0
470434,0
470435,0
470436,0
470437,20
470438,20
470439,0
470440,0
470441,0
470442,0
470443,0
470444,0
470445,0
470446,0
470447,20
470448,0
470449,0
470450,0
470451,0
470452,0
470453,0
470454,0
470455,0
470456,0
470457,0
470458,0
470459,20
470460,0
470461,0
470462,0
470463,0
470464,0
470465,31
470466,0
470467,26
470468,0
470469,0
470470,0
470471,0
470472,25
470473,0
470474,0
470475,0
470476,0
470477,0
470478,19
470479,24
470480,25
470481,0
470482,0
470483,0
470484,0
470485,0
470486,22
470487,0
470488,18
470489,0
470490,28
470491,0
470492,0
470493,0
470494,0
470495,0
470496,0
470497,12
470498,0
470499,0
470500,0
470501,0
470502,0
470503,0
470504,0
470505,0
470506,0
470507,0
470508,0
470509,0
470510,0
470511,0
470512,0
470513,0
470514,0
470515,0
470516,26
470517,17
470518,0
470519,16
470520,0
470521,0
470522,0
470523,0
470524,21
470525,0
470526,24
470527,0
470528,0
470529,0
470530,0
470531,33
470532,27
470533,0
470534,0
470535,0
470536,36
470537,0
470538,24
470539,0
470540,0
470541,0
470542,0
470543,0
470544,0
470545,0
470546,18
470547,0
470548,0
470549,0
470550,0
470551,26
470552,23
470553,0
470554,0
470555,15
470556,0
470557,0
470558,28
470559,0
470560,0
470561,21
470562,0
470563,0
470564,0
470565,0
470566,0
470567,0
470568,0
470569,0
470570,0
470571,0
470572,26
470573,0
470574,0
470575,0
470576,0
470577,0
470578,0
470579,0
470580,0
470581,23
470582,15
470583,0
470584,0
470585,0
470586,0
470587,0
470588,0
470589,0
470590,0
470591,0
470592,23
470593,0
470594,0
470595,0
470596,0
470597,0
470598,0
470599,0
470600,0
470601,0
470602,13
470603,0
470604,24
470605,0
470606,0
470607,0
470608,16
470609,0
470610,0
470611,20
470612,0
470613,0
470614,0
470615,30
470616,27
470617,0
470618,0
470619,0
470620,0
470621,26
470622,0
470623,0
470624,19
470625,0
470626,30
470627,19
470628,25
470629,0
470630,25
470631,0
470632,0
470633,9
470634,0
470635,0
470636,0
470637,0
470638,0
470639,0
470640,0
470641,0
470642,0
470643,21
470644,18
470645,0
470646,0
470647,0
470648,0
470649,0
470650,0
470651,0
470652,0
470653,14
470654,0
470655,0
470656,0
470657,0
470658,0
470659,0
470660,0
470661,0
470662,0
470663,0
470664,0
470665,0
470666,0
470667,0
470668,0
470669,0
470670,0
470671,0
470672,0
470673,0
470674,0
470675,0
470676,0
470677,0
470678,0
470679,0
470680,0
470681,0
470682,0
470683,0
470684,0
470685,0
470686,0
470687,0
470688,0
470689,0
470690,0
470691,0
470692,0
470693,24
470694,0
470695,0
470696,0
470697,0
470698,0
470699,0
470700,16
470701,0
470702,0
470703,0
470704,0
470705,0
470706,0
470707,0
470708,17
470709,18
470710,0
470711,0
470712,0
470713,0
470714,0
470715,0
470716,0
470717,0
470718,0
470719,0
470720,0
470721,31
470722,28
470723,0
470724,0
470725,0
470726,21
470727,17
470728,0
470729,0
470730,29
470731,0
470732,18
470733,0
470734,0
470735,0
470736,0
470737,16
470738,0
470739,0
470740,26
470741,15
470742,0
470743,0
470744,0
470745,0
470746,27
470747,23
470748,16
470749,0
470750,0
470751,0
470752,0
470753,0
470754,0
470755,0
470756,0
470757,0
470758,0
470759,19
470760,24
470761,0
470762,0
470763,0
470764,0
470765,0
470766,0
470767,0
470768,0
470769,0
470770,28
470771,0
470772,34
470773,0
470774,24
470775,0
470776,0
470777,0
470778,0
470779,0
470780,0
470781,21
470782,0
470783,0
470784,25
470785,0
470786,0
470787,0
470788,0
470789,0
470790,0
470791,0
470792,0
470793,0
470794,0
470795,0
470796,0
470797,0
470798,0
470799,0
470800,0
470801,0
470802,23
470803,38
470804,0
470805,0
470806,0
470807,22
470808,0
470809,0
470810,0
470811,0
470812,0
470813,26
470814,0
470815,0
470816,0
470817,0
470818,0
470819,0
470820,0
470821,0
470822,0
470823,0
470824,15
470825,0
470826,0
470827,0
470828,0
470829,25
470830,0
470831,24
470832,0
470833,0
470834,0
470835,0
470836,0
470837,21
470838,0
470839,0
470840,25
470841,0
470842,21
470843,0
470844,0
470845,0
470846,0
470847,0
470848,0
470849,0
470850,0
470851,27
470852,19
470853,0
470854,0
470855,0
470856,0
470857,0
470858,17
470859,0
470860,0
470861,0
470862,0
470863,0
470864,0
470865,0
470866,0
470867,19
470868,0
470869,0
470870,0
470871,15
470872,37
470873,0
470874,25
470875,0
470876,0
470877,17
470878,0
470879,0
470880,0
470881,0
470882,0
470883,0
470884,0
470885,0
470886,34
470887,0
470888,0
470889,0
470890,0
470891,19
470892,0
470893,0
470894,0
470895,0
470896,0
470897,0
470898,19
470899,32
470900,0
470901,0
470902,0
470903,0
470904,0
470905,0
470906,0
470907,0
470908,0
470909,0
470910,0
470911,0
470912,0
470913,0
470914,29
470915,0
470916,0
470917,0
470918,0
470919,0
470920,0
470921,0
470922,0
470923,0
470924,0
470925,0
470926,0
470927,0
470928,16
470929,0
470930,0
470931,0
470932,0
470933,0
470934,0
470935,0
470936,0
470937,0
470938,0
470939,0
470940,0
470941,0
470942,0
470943,0
470944,19
470945,25
470946,12
470947,17
470948,0
470949,0
470950,0
470951,29
470952,0
470953,0
470954,0
470955,24
470956,0
470957,0
470958,0
470959,0
470960,29
470961,0
470962,0
470963,0
470964,0
470965,0
470966,0
470967,0
470968,0
470969,0
470970,0
470971,0
470972,24
470973,0
470974,22
470975,0
470976,0
470977,0
470978,0
470979,0
470980,0
470981,0
470982,0
470983,0
470984,0
470985,0
470986,0
470987,0
470988,0
470989,0
470990,0
470991,0
470992,0
470993,0
470994,0
470995,0
470996,0
470997,0
470998,0
470999,0
471000,0
471001,0
471002,0
471003,0
471004,0
471005,0
471006,0
471007,23
471008,23
471009,0
471010,0
471011,26
471012,0
471013,0
471014,0
471015,0
471016,0
471017,0
471018,0
471019,0
471020,0
471021,0
471022,0
471023,0
471024,26
471025,0
471026,0
471027,0
471028,29
471029,0
471030,0
471031,0
471032,0
471033,0
471034,0
471035,0
471036,0
471037,21
471038,0
471039,0
471040,0
471041,0
471042,0
471043,18
471044,0
471045,0
471046,0
471047,0
471048,0
471049,0
471050,0
471051,0
471052,0
471053,0
471054,0
471055,0
471056,0
471057,21
471058,0
471059,0
471060,0
471061,0
471062,30
471063,0
471064,0
471065,0
471066,0
471067,0
471068,0
471069,0
471070,0
471071,0
471072,0
471073,0
471074,0
471075,0
471076,0
471077,35
471078,0
471079,0
471080,0
471081,19
471082,0
471083,0
471084,0
471085,24
471086,0
471087,0
471088,0
471089,0
471090,13
471091,0
471092,0
471093,0
471094,0
471095,0
471096,0
471097,0
471098,0
471099,26
471100,0
471101,0
471102,18
471103,30
471104,0
471105,0
471106,0
471107,28
471108,0
471109,0
471110,0
471111,0
471112,0
471113,0
471114,25
471115,0
471116,0
471117,0
471118,0
471119,0
471120,0
471121,0
471122,23
471123,0
471124,0
471125,0
471126,0
471127,0
471128,0
471129,0
471130,0
471131,0
471132,0
471133,0
471134,19
471135,0
471136,0
471137,0
471138,0
471139,0
471140,0
471141,23
471142,0
471143,0
471144,0
471145,0
471146,0
471147,0
471148,0
471149,16
471150,0
471151,24
471152,18
471153,24
471154,13
471155,0
471156,22
471157,0
471158,37
471159,20
471160,16
471161,0
471162,0
471163,20
471164,0
471165,0
471166,0
471167,0
471168,30
471169,0
471170,0
471171,0
471172,0
471173,0
471174,0
471175,0
471176,0
471177,25
471178,0
471179,0
471180,0
471181,0
471182,0
471183,0
471184,0
471185,0
471186,0
471187,22
471188,0
471189,0
471190,0
471191,0
471192,0
471193,21
471194,0
471195,0
471196,0
471197,0
471198,0
471199,0
471200,26
471201,0
471202,0
471203,0
471204,0
471205,0
471206,0
471207,0
471208,27
471209,15
471210,0
471211,0
471212,0
471213,0
471214,0
471215,0
471216,0
471217,0
471218,0
471219,0
471220,21
471221,0
471222,0
471223,0
471224,0
471225,0
471226,0
471227,0
471228,0
471229,0
471230,0
471231,0
471232,0
471233,0
471234,0
471235,0
471236,0
471237,0
471238,0
471239,0
471240,0
471241,0
471242,22
471243,21
471244,20
471245,0
471246,0
471247,0
471248,0
471249,0
471250,20
471251,0
471252,0
471253,17
471254,0
471255,0
471256,16
471257,20
471258,0
471259,0
471260,0
471261,0
471262,0
471263,0
471264,0
471265,0
471266,26
471267,0
471268,0
471269,0
471270,24
471271,31
471272,33
471273,0
471274,0
471275,0
471276,0
471277,0
471278,0
471279,0
471280,0
471281,0
471282,0
471283,0
471284,20
471285,0
471286,0
471287,25
471288,0
471289,0
471290,0
471291,0
471292,0
471293,25
471294,0
471295,0
471296,0
471297,0
471298,0
471299,0
471300,0
471301,0
471302,22
471303,0
471304,0
471305,0
471306,0
471307,22
471308,0
471309,0
471310,0
471311,18
471312,0
471313,0
471314,23
471315,0
471316,0
471317,28
471318,0
471319,0
471320,0
471321,0
471322,0
471323,0
471324,18
471325,0
471326,0
471327,24
471328,31
471329,24
471330,0
471331,0
471332,0
471333,17
471334,0
471335,0
471336,0
471337,0
471338,0
471339,0
471340,0
471341,0
471342,0
471343,11
471344,0
471345,27
471346,0
471347,0
471348,0
471349,0
471350,0
471351,0
471352,20
471353,0
471354,0
471355,0
471356,0
471357,0
471358,30
471359,0
471360,0
471361,0
471362,0
471363,31
471364,14
471365,23
471366,0
471367,0
471368,0
471369,24
471370,0
471371,0
471372,0
471373,0
471374,0
471375,0
471376,0
471377,0
471378,0
471379,28
471380,0
471381,0
471382,0
471383,0
471384,0
471385,0
471386,0
471387,0
471388,0
471389,0
471390,13
471391,24
471392,0
471393,0
471394,0
471395,0
471396,0
471397,0
471398,26
471399,25
471400,0
471401,0
471402,0
471403,0
471404,0
471405,44
471406,30
471407,0
471408,0
471409,0
471410,0
471411,0
471412,0
471413,0
471414,0
471415,0
471416,0
471417,31
471418,0
471419,0
471420,0
471421,41
471422,0
471423,24
471424,0
471425,39
471426,44
471427,33
471428,0
471429,0
471430,0
471431,24
471432,0
471433,0
471434,0
471435,0
471436,0
471437,0
471438,0
471439,0
471440,0
471441,18
471442,0
471443,25
471444,0
471445,27
471446,0
471447,0
471448,33
471449,0
471450,0
471451,0
471452,34
471453,0
471454,0
471455,0
471456,0
471457,0
471458,0
471459,0
471460,0
471461,25
471462,0
471463,40
471464,0
471465,0
471466,0
471467,36
471468,0
471469,0
471470,0
471471,0
471472,36
471473,0
471474,18
471475,0
471476,20
471477,0
471478,0
471479,0
471480,0
471481,0
471482,0
471483,25
471484,27
471485,0
471486,0
471487,12
471488,0
471489,24
471490,33
471491,0
471492,0
471493,0
471494,0
471495,0
471496,26
471497,24
471498,26
471499,35
471500,0
471501,27
471502,0
471503,0
471504,0
471505,30
471506,0
471507,25
471508,0
471509,21
471510,29
471511,0
471512,0
471513,0
471514,0
471515,23
471516,0
471517,31
471518,0
471519,0
471520,0
471521,0
471522,0
471523,23
471524,0
471525,0
471526,0
471527,0
471528,0
471529,0
471530,0
471531,0
471532,0
471533,0
471534,0
471535,0
471536,0
471537,0
471538,0
471539,0
471540,0
471541,0
471542,0
471543,0
471544,0
471545,0
471546,0
471547,0
471548,0
471549,31
471550,0
471551,0
471552,32
471553,0
471554,0
471555,0
471556,0
471557,0
471558,0
471559,0
471560,0
471561,0
471562,0
471563,40
471564,0
471565,27
471566,0
471567,30
471568,0
471569,14
471570,0
471571,39
471572,0
471573,0
471574,0
471575,36
471576,0
471577,0
471578,0
471579,0
471580,0
471581,0
471582,19
471583,0
471584,0
471585,0
471586,33
471587,27
471588,40
471589,34
471590,0
471591,0
471592,38
471593,0
471594,0
471595,34
471596,27
471597,0
471598,0
471599,0
471600,0
471601,17
471602,0
471603,0
471604,0
471605,0
471606,34
471607,0
471608,0
471609,0
471610,18
471611,0
471612,40
471613,0
471614,0
471615,0
471616,0
471617,0
471618,0
471619,0
471620,0
471621,0
471622,0
471623,33
471624,33
471625,16
471626,0
471627,0
471628,0
471629,0
471630,28
471631,0
471632,0
471633,0
471634,0
471635,29
471636,0
471637,0
471638,0
471639,0
471640,0
471641,28
471642,0
471643,0
471644,0
471645,0
471646,0
471647,0
471648,28
471649,0
471650,0
471651,0
471652,0
471653,0
471654,31
471655,0
471656,0
471657,0
471658,0
471659,33
471660,0
471661,32
471662,0
471663,0
471664,0
471665,40
471666,0
471667,0
471668,0
471669,0
471670,0
471671,0
471672,27
471673,0
471674,0
471675,0
471676,0
471677,0
471678,0
471679,0
471680,27
471681,27
471682,0
471683,0
471684,0
471685,0
471686,0
471687,0
471688,0
471689,23
471690,0
471691,0
471692,0
471693,17
471694,0
471695,0
471696,0
471697,0
471698,0
471699,0
471700,0
471701,0
471702,38
471703,0
471704,16
471705,39
471706,0
471707,25
471708,26
471709,0
471710,0
471711,0
471712,27
471713,26
471714,0
471715,0
471716,0
471717,0
471718,31
471719,34
471720,23
471721,0
471722,0
471723,0
471724,0
471725,0
471726,0
471727,18
471728,0
471729,0
471730,0
471731,25
471732,0
471733,27
471734,0
471735,0
471736,0
471737,30
471738,37
471739,0
471740,20
471741,23
471742,0
471743,0
471744,0
471745,0
471746,0
471747,0
471748,21
471749,0
471750,21
471751,15
471752,0
471753,29
471754,0
471755,0
471756,0
471757,14
471758,0
471759,30
471760,0
471761,0
471762,0
471763,0
471764,0
471765,0
471766,0
471767,0
471768,0
471769,0
471770,0
471771,0
471772,44
471773,0
471774,0
471775,0
471776,40
471777,0
471778,0
471779,0
471780,14
471781,0
471782,0
471783,49
471784,0
471785,0
471786,0
471787,0
471788,0
471789,0
471790,0
471791,0
471792,39
471793,0
471794,0
471795,0
471796,0
471797,0
471798,0
471799,0
471800,0
471801,0
471802,0
471803,33
471804,0
471805,0
471806,26
471807,0
471808,0
471809,0
471810,0
471811,0
471812,0
471813,0
471814,0
471815,0
471816,32
471817,0
471818,0
471819,46
471820,0
471821,0
471822,31
471823,20
471824,0
471825,0
471826,0
471827,0
471828,0
471829,0
471830,0
471831,0
471832,0
471833,0
471834,0
471835,23
471836,0
471837,0
471838,0
471839,0
471840,0
471841,0
471842,43
471843,0
471844,0
471845,0
471846,0
471847,0
471848,0
471849,0
471850,0
471851,0
471852,0
471853,37
471854,15
471855,0
471856,0
471857,0
471858,28
471859,0
471860,0
471861,0
471862,0
471863,0
471864,36
471865,0
471866,0
471867,23
471868,0
471869,0
471870,16
471871,0
471872,0
471873,0
471874,0
471875,0
471876,0
471877,0
471878,20
471879,0
471880,46
471881,35
471882,0
471883,0
471884,0
471885,0
471886,0
471887,38
471888,0
471889,27
471890,30
471891,0
471892,28
471893,0
471894,0
471895,0
471896,34
471897,0
471898,0
471899,0
471900,0
471901,0
471902,0
471903,0
471904,0
471905,0
471906,0
471907,0
471908,0
471909,29
471910,37
471911,20
471912,0
471913,0
471914,0
471915,0
471916,0
471917,0
471918,0
471919,0
471920,0
471921,16
471922,0
471923,0
471924,0
471925,0
471926,20
471927,0
471928,0
471929,19
471930,25
471931,0
471932,29
471933,0
471934,25
471935,0
471936,0
471937,23
471938,0
471939,0
471940,0
471941,0
471942,0
471943,0
471944,0
471945,0
471946,40
471947,0
471948,0
471949,0
471950,0
471951,0
471952,28
471953,0
471954,0
471955,0
471956,0
471957,0
471958,0
471959,0
471960,0
471961,0
471962,0
471963,0
471964,0
471965,29
471966,0
471967,32
471968,0
471969,22
471970,0
471971,0
471972,0
471973,0
471974,0
471975,30
471976,22
471977,0
471978,0
471979,0
471980,0
471981,23
471982,0
471983,0
471984,37
471985,0
471986,0
471987,24
471988,0
471989,29
471990,26
471991,0
471992,0
471993,0
471994,0
471995,0
471996,0
471997,0
471998,0
471999,0
472000,0
472001,23
472002,0
472003,0
472004,0
472005,0
472006,0
472007,0
472008,29
472009,22
472010,0
472011,0
472012,0
472013,0
472014,0
472015,0
472016,0
472017,0
472018,0
472019,28
472020,0
472021,0
472022,0
472023,46
472024,0
472025,24
472026,0
472027,0
472028,25
472029,26
472030,30
472031,0
472032,0
472033,0
472034,0
472035,0
472036,0
472037,27
472038,0
472039,27
472040,0
472041,0
472042,0
472043,0
472044,0
472045,0
472046,0
472047,0
472048,0
472049,0
472050,0
472051,16
472052,27
472053,0
472054,23
472055,0
472056,0
472057,0
472058,0
472059,0
472060,0
472061,0
472062,0
472063,31
472064,0
472065,29
472066,38
472067,32
472068,23
472069,0
472070,0
472071,0
472072,41
472073,0
472074,0
472075,0
472076,0
472077,0
472078,0
472079,0
472080,12
472081,0
472082,0
472083,0
472084,11
472085,0
472086,14
472087,0
472088,0
472089,0
472090,17
472091,0
472092,0
472093,0
472094,0
472095,0
472096,0
472097,0
472098,0
472099,0
472100,0
472101,0
472102,0
472103,0
472104,0
472105,0
472106,0
472107,0
472108,0
472109,0
472110,0
472111,0
472112,0
472113,0
472114,0
472115,0
472116,9
472117,0
472118,8
472119,0
472120,0
472121,0
472122,0
472123,0
472124,14
472125,0
472126,0
472127,0
472128,0
472129,0
472130,0
472131,0
472132,0
472133,0
472134,16
472135,0
472136,0
472137,0
472138,0
472139,0
472140,0
472141,0
472142,0
472143,0
472144,0
472145,0
472146,0
472147,0
472148,0
472149,0
472150,0
472151,0
472152,0
472153,0
472154,0
472155,0
472156,0
472157,0
472158,0
472159,6
472160,0
472161,0
472162,0
472163,0
472164,12
472165,14
472166,0
472167,0
472168,0
472169,0
472170,8
472171,17
472172,0
472173,0
472174,0
472175,0
472176,0
472177,0
472178,0
472179,0
472180,0
472181,29
472182,0
472183,0
472184,0
472185,0
472186,0
472187,0
472188,0
472189,0
472190,0
472191,15
472192,0
472193,15
472194,13
472195,0
472196,0
472197,0
472198,0
472199,0
472200,11
472201,16
472202,14
472203,0
472204,0
472205,0
472206,0
472207,0
472208,0
472209,20
472210,28
472211,0
472212,0
472213,0
472214,0
472215,0
472216,0
472217,0
472218,0
472219,0
472220,0
472221,0
472222,0
472223,0
472224,0
472225,0
472226,13
472227,0
472228,0
472229,0
472230,18
472231,0
472232,0
472233,0
472234,0
472235,0
472236,0
472237,0
472238,0
472239,0
472240,0
472241,0
472242,0
472243,0
472244,0
472245,0
472246,0
472247,0
472248,0
472249,19
472250,11
472251,17
472252,0
472253,0
472254,0
472255,0
472256,0
472257,0
472258,0
472259,0
472260,0
472261,0
472262,0
472263,0
472264,0
472265,0
472266,18
472267,0
472268,0
472269,0
472270,14
472271,0
472272,0
472273,0
472274,0
472275,0
472276,0
472277,0
472278,13
472279,0
472280,0
472281,0
472282,0
472283,0
472284,0
472285,0
472286,17
472287,0
472288,0
472289,0
472290,8
472291,0
472292,0
472293,12
472294,0
472295,0
472296,13
472297,0
472298,0
472299,0
472300,0
472301,0
472302,0
472303,0
472304,0
472305,0
472306,20
472307,0
472308,0
472309,0
472310,0
472311,0
472312,0
472313,0
472314,0
472315,0
472316,0
472317,0
472318,0
472319,0
472320,0
472321,18
472322,0
472323,0
472324,0
472325,0
472326,0
472327,0
472328,0
472329,10
472330,0
472331,0
472332,0
472333,0
472334,0
472335,0
472336,10
472337,0
472338,0
472339,0
472340,0
472341,0
472342,15
472343,0
472344,0
472345,0
472346,0
472347,0
472348,0
472349,13
472350,0
472351,0
472352,0
472353,10
472354,8
472355,0
472356,11
472357,0
472358,0
472359,0
472360,17
472361,0
472362,0
472363,8
472364,0
472365,13
472366,0
472367,0
472368,0
472369,0
472370,19
472371,0
472372,0
472373,0
472374,0
472375,13
472376,0
472377,0
472378,0
472379,9
472380,0
472381,18
472382,0
472383,0
472384,0
472385,17
472386,0
472387,0
472388,0
472389,0
472390,9
472391,0
472392,0
472393,0
472394,0
472395,0
472396,0
472397,0
472398,0
472399,12
472400,24
472401,0
472402,0
472403,5
472404,0
472405,0
472406,15
472407,0
472408,0
472409,0
472410,0
472411,0
472412,0
472413,0
472414,0
472415,10
472416,0
472417,0
472418,6
472419,0
472420,0
472421,9
472422,0
472423,0
472424,0
472425,5
472426,0
472427,0
472428,0
472429,0
472430,0
472431,0
472432,0
472433,0
472434,0
472435,13
472436,0
472437,0
472438,0
472439,0
472440,0
472441,0
472442,0
472443,0
472444,13
472445,0
472446,0
472447,0
472448,0
472449,14
472450,0
472451,0
472452,0
472453,0
472454,0
472455,0
472456,0
472457,0
472458,0
472459,0
472460,0
472461,0
472462,0
472463,15
472464,8
472465,0
472466,0
472467,12
472468,0
472469,14
472470,0
472471,0
472472,0
472473,0
472474,0
472475,8
472476,4
472477,0
472478,0
472479,0
472480,0
472481,0
472482,0
472483,0
472484,7
472485,0
472486,0
472487,0
472488,0
472489,0
472490,0
472491,0
472492,0
472493,0
472494,0
472495,0
472496,0
472497,12
472498,0
472499,16
472500,9
472501,0
472502,0
472503,6
472504,0
472505,0
472506,0
472507,0
472508,0
472509,0
472510,0
472511,0
472512,0
472513,0
472514,9
472515,0
472516,16
472517,0
472518,0
472519,0
472520,0
472521,0
472522,0
472523,0
472524,0
472525,0
472526,0
472527,0
472528,0
472529,0
472530,23
472531,0
472532,0
472533,0
472534,0
472535,0
472536,0
472537,0
472538,0
472539,0
472540,0
472541,20
472542,0
472543,0
472544,17
472545,0
472546,0
472547,0
472548,0
472549,0
472550,0
472551,0
472552,0
472553,0
472554,15
472555,0
472556,0
472557,0
472558,0
472559,6
472560,0
472561,9
472562,0
472563,0
472564,0
472565,0
472566,0
472567,0
472568,0
472569,0
472570,16
472571,0
472572,0
472573,8
472574,0
472575,0
472576,0
472577,0
472578,8
472579,0
472580,0
472581,11
472582,0
472583,0
472584,0
472585,0
472586,0
472587,0
472588,0
472589,0
472590,0
472591,0
472592,0
472593,0
472594,22
472595,0
472596,0
472597,0
472598,0
472599,0
472600,0
472601,0
472602,0
472603,0
472604,16
472605,21
472606,0
472607,14
472608,0
472609,0
472610,0
472611,0
472612,0
472613,0
472614,17
472615,0
472616,16
472617,0
472618,0
472619,0
472620,0
472621,0
472622,0
472623,0
472624,0
472625,0
472626,0
472627,0
472628,0
472629,0
472630,0
472631,0
472632,0
472633,0
472634,0
472635,16
472636,0
472637,10
472638,0
472639,0
472640,12
472641,0
472642,0
472643,0
472644,0
472645,0
472646,0
472647,0
472648,0
472649,0
472650,0
472651,0
472652,0
472653,0
472654,0
472655,0
472656,0
472657,0
472658,10
472659,0
472660,0
472661,0
472662,0
472663,0
472664,0
472665,4
472666,0
472667,0
472668,14
472669,0
472670,27
472671,0
472672,0
472673,7
472674,0
472675,0
472676,0
472677,0
472678,0
472679,0
472680,0
472681,0
472682,0
472683,0
472684,0
472685,0
472686,0
472687,0
472688,0
472689,0
472690,0
472691,0
472692,0
472693,0
472694,0
472695,0
472696,0
472697,0
472698,0
472699,0
472700,16
472701,0
472702,0
472703,15
472704,0
472705,0
472706,0
472707,0
472708,0
472709,0
472710,0
472711,0
472712,0
472713,0
472714,0
472715,0
472716,0
472717,0
472718,0
472719,0
472720,14
472721,0
472722,0
472723,0
472724,0
472725,0
472726,0
472727,0
472728,0
472729,0
472730,0
472731,9
472732,0
472733,0
472734,0
472735,10
472736,0
472737,0
472738,0
472739,0
472740,0
472741,0
472742,21
472743,0
472744,0
472745,0
472746,0
472747,0
472748,9
472749,0
472750,0
472751,13
472752,0
472753,0
472754,0
472755,0
472756,14
472757,0
472758,0
472759,0
472760,16
472761,0
472762,17
472763,0
472764,0
472765,0
472766,0
472767,0
472768,0
472769,0
472770,22
472771,0
472772,0
472773,0
472774,9
472775,0
472776,18
472777,10
472778,0
472779,11
472780,0
472781,0
472782,0
472783,10
472784,0
472785,0
472786,0
472787,0
472788,0
472789,0
472790,0
472791,0
472792,0
472793,16
472794,0
472795,0
472796,0
472797,0
472798,13
472799,0
472800,0
472801,0
472802,0
472803,0
472804,0
472805,0
472806,0
472807,0
472808,0
472809,0
472810,0
472811,0
472812,26
472813,0
472814,0
472815,0
472816,0
472817,0
472818,0
472819,0
472820,0
472821,0
472822,0
472823,0
472824,0
472825,0
472826,0
472827,0
472828,0
472829,0
472830,0
472831,0
472832,13
472833,0
472834,0
472835,0
472836,0
472837,0
472838,6
472839,0
472840,0
472841,0
472842,6
472843,0
472844,0
472845,0
472846,0
472847,0
472848,0
472849,0
472850,0
472851,0
472852,0
472853,0
472854,0
472855,0
472856,0
472857,0
472858,0
472859,0
472860,0
472861,0
472862,0
472863,0
472864,0
472865,0
472866,5
472867,0
472868,0
472869,0
472870,0
472871,0
472872,13
472873,0
472874,0
472875,14
472876,5
472877,0
472878,11
472879,0
472880,0
472881,0
472882,0
472883,0
472884,0
472885,12
472886,0
472887,0
472888,0
472889,0
472890,0
472891,0
472892,0
472893,0
472894,13
472895,0
472896,12
472897,0
472898,0
472899,0
472900,0
472901,18
472902,0
472903,0
472904,0
472905,0
472906,0
472907,0
472908,0
472909,0
472910,0
472911,0
472912,0
472913,0
472914,16
472915,0
472916,0
472917,0
472918,12
472919,0
472920,0
472921,8
472922,0
472923,0
472924,0
472925,0
472926,0
472927,0
472928,17
472929,0
472930,0
472931,0
472932,0
472933,0
472934,0
472935,0
472936,0
472937,0
472938,0
472939,0
472940,0
472941,0
472942,0
472943,0
472944,0
472945,0
472946,0
472947,0
472948,0
472949,0
472950,0
472951,0
472952,22
472953,0
472954,0
472955,0
472956,0
472957,0
472958,0
472959,0
472960,0
472961,0
472962,0
472963,0
472964,0
472965,0
472966,0
472967,0
472968,0
472969,0
472970,7
472971,0
472972,0
472973,0
472974,0
472975,0
472976,0
472977,0
472978,0
472979,0
472980,0
472981,0
472982,0
472983,0
472984,0
472985,0
472986,19
472987,0
472988,0
472989,0
472990,0
472991,0
472992,0
472993,0
472994,0
472995,0
472996,0
472997,0
472998,12
472999,0
473000,0
473001,0
473002,0
473003,0
473004,0
473005,0
473006,0
473007,6
473008,0
473009,0
473010,0
473011,0
473012,0
473013,0
473014,0
473015,0
473016,0
473017,18
473018,0
473019,0
473020,0
473021,0
473022,0
473023,14
473024,0
473025,0
473026,0
473027,0
473028,0
473029,0
473030,0
473031,0
473032,0
473033,0
473034,0
473035,0
473036,15
473037,0
473038,0
473039,0
473040,0
473041,0
473042,0
473043,0
473044,0
473045,0
473046,0
473047,0
473048,0
473049,0
473050,0
473051,0
473052,0
473053,0
473054,10
473055,0
473056,0
473057,0
473058,25
473059,0
473060,0
473061,0
473062,0
473063,0
473064,0
473065,20
473066,20
473067,0
473068,0
473069,0
473070,0
473071,0
473072,0
473073,0
473074,0
473075,13
473076,0
473077,0
473078,5
473079,8
473080,0
473081,19
473082,0
473083,0
473084,0
473085,11
473086,0
473087,0
473088,0
473089,0
473090,0
473091,0
473092,0
473093,17
473094,0
473095,9
473096,17
473097,0
473098,0
473099,0
473100,0
473101,0
473102,10
473103,0
473104,0
473105,5
473106,0
473107,0
473108,0
473109,0
473110,30
473111,0
473112,25
473113,0
473114,13
473115,0
473116,0
473117,0
473118,0
473119,0
473120,0
473121,0
473122,10
473123,0
473124,0
473125,0
473126,0
473127,0
473128,0
473129,0
473130,0
473131,17
473132,0
473133,0
473134,20
473135,7
473136,0
473137,0
473138,12
473139,0
473140,6
473141,0
473142,0
473143,8
473144,11
473145,0
473146,0
473147,0
473148,0
473149,0
473150,0
473151,0
473152,0
473153,0
473154,0
473155,0
473156,20
473157,15
473158,0
473159,0
473160,0
473161,0
473162,0
473163,0
473164,16
473165,0
473166,0
473167,0
473168,0
473169,0
473170,0
473171,0
473172,0
473173,0
473174,0
473175,0
473176,0
473177,0
473178,10
473179,0
473180,0
473181,7
473182,0
473183,0
473184,0
473185,0
473186,12
473187,0
473188,11
473189,0
473190,0
473191,0
473192,0
473193,0
473194,0
473195,0
473196,0
473197,0
473198,0
473199,0
473200,0
473201,0
473202,0
473203,0
473204,0
473205,8
473206,0
473207,0
473208,0
473209,0
473210,12
473211,0
473212,24
473213,0
473214,0
473215,0
473216,0
473217,0
473218,12
473219,0
473220,0
473221,0
473222,0
473223,22
473224,0
473225,0
473226,0
473227,0
473228,0
473229,0
473230,0
473231,8
473232,0
473233,10
473234,0
473235,0
473236,8
473237,0
473238,0
473239,22
473240,0
473241,21
473242,0
473243,0
473244,12
473245,0
473246,8
473247,13
473248,0
473249,23
473250,0
473251,0
473252,13
473253,0
473254,0
473255,0
473256,0
473257,0
473258,0
473259,0
473260,0
473261,0
473262,0
473263,16
473264,7
473265,0
473266,12
473267,0
473268,0
473269,9
473270,0
473271,0
473272,0
473273,0
473274,0
473275,14
473276,12
473277,0
473278,0
473279,0
473280,0
473281,0
473282,0
473283,0
473284,0
473285,12
473286,0
473287,0
473288,0
473289,7
473290,0
473291,0
473292,0
473293,0
473294,15
473295,19
473296,0
473297,0
473298,20
473299,0
473300,0
473301,0
473302,0
473303,0
473304,20
473305,0
473306,25
473307,0
473308,0
473309,13
473310,19
473311,0
473312,0
473313,0
473314,0
473315,0
473316,0
473317,0
473318,0
473319,0
473320,0
473321,0
473322,0
473323,0
473324,0
473325,0
473326,0
473327,6
473328,0
473329,0
473330,0
473331,0
473332,5
473333,0
473334,0
473335,16
473336,0
473337,0
473338,0
473339,0
473340,0
473341,0
473342,20
473343,0
473344,0
473345,0
473346,0
473347,0
473348,0
473349,0
473350,0
473351,0
473352,14
473353,0
473354,4
473355,0
473356,31
473357,11
473358,9
473359,20
473360,11
473361,0
473362,5
473363,0
473364,0
473365,0
473366,0
473367,0
473368,0
473369,10
473370,0
473371,0
473372,0
473373,0
473374,16
473375,0
473376,0
473377,14
473378,14
473379,0
473380,0
473381,0
473382,0
473383,0
473384,0
473385,0
473386,0
473387,12
473388,0
473389,0
473390,0
473391,5
473392,0
473393,0
473394,0
473395,0
473396,0
473397,0
473398,0
473399,0
473400,9
473401,0
473402,0
473403,0
473404,0
473405,0
473406,20
473407,0
473408,0
473409,0
473410,0
473411,0
473412,0
473413,8
473414,0
473415,0
473416,0
473417,13
473418,0
473419,9
473420,0
473421,17
473422,0
473423,5
473424,0
473425,0
473426,0
473427,0
473428,0
473429,4
473430,0
473431,26
473432,0
473433,0
473434,25
473435,0
473436,0
473437,0
473438,5
473439,0
473440,0
473441,0
473442,0
473443,0
473444,0
473445,0
473446,0
473447,19
473448,9
473449,0
473450,0
473451,0
473452,0
473453,0
473454,13
473455,14
473456,0
473457,0
473458,8
473459,0
473460,0
473461,15
473462,0
473463,0
473464,0
473465,0
473466,0
473467,17
473468,0
473469,0
473470,0
473471,0
473472,12
473473,0
473474,0
473475,16
473476,0
473477,0
473478,0
473479,0
473480,0
473481,0
473482,0
473483,0
473484,0
473485,0
473486,0
473487,11
473488,0
473489,0
473490,14
473491,0
473492,0
473493,0
473494,0
473495,0
473496,0
473497,0
473498,0
473499,2
473500,13
473501,0
473502,0
473503,0
473504,0
473505,0
473506,9
473507,0
473508,0
473509,0
473510,0
473511,0
473512,0
473513,0
473514,0
473515,0
473516,0
473517,0
473518,19
473519,0
473520,17
473521,0
473522,18
473523,0
473524,0
473525,0
473526,23
473527,0
473528,0
473529,0
473530,0
473531,0
473532,0
473533,0
473534,0
473535,0
473536,11
473537,0
473538,13
473539,0
473540,0
473541,0
473542,0
473543,0
473544,0
473545,0
473546,14
473547,0
473548,0
473549,0
473550,0
473551,19
473552,0
473553,0
473554,0
473555,0
473556,22
473557,0
473558,0
473559,14
473560,0
473561,0
473562,0
473563,0
473564,0
473565,14
473566,10
473567,0
473568,0
473569,12
473570,0
473571,0
473572,0
473573,0
473574,0
473575,5
473576,16
473577,11
473578,0
473579,0
473580,0
473581,0
473582,0
473583,0
473584,0
473585,0
473586,0
473587,0
473588,0
473589,17
473590,0
473591,14
473592,18
473593,0
473594,10
473595,0
473596,0
473597,0
473598,0
473599,13
473600,0
473601,0
473602,10
473603,8
473604,0
473605,14
473606,0
473607,0
473608,6
473609,0
473610,0
473611,0
473612,0
473613,19
473614,0
473615,0
473616,0
473617,0
473618,5
473619,0
473620,0
473621,0
473622,0
473623,0
473624,0
473625,0
473626,0
473627,0
473628,0
473629,0
473630,0
473631,0
473632,0
473633,0
473634,12
473635,0
473636,0
473637,0
473638,8
473639,0
473640,0
473641,13
473642,0
473643,0
473644,0
473645,0
473646,19
473647,14
473648,0
473649,0
473650,0
473651,0
473652,0
473653,0
473654,0
473655,0
473656,0
473657,0
473658,0
473659,0
473660,26
473661,0
473662,0
473663,0
473664,0
473665,0
473666,0
473667,0
473668,18
473669,0
473670,0
473671,0
473672,0
473673,0
473674,0
473675,0
473676,0
473677,0
473678,0
473679,0
473680,0
473681,0
473682,0
473683,0
473684,0
473685,0
473686,0
473687,0
473688,0
473689,0
473690,0
473691,0
473692,0
473693,0
473694,11
473695,0
473696,0
473697,0
473698,0
473699,0
473700,0
473701,0
473702,0
473703,0
473704,11
473705,0
473706,0
473707,0
473708,0
473709,12
473710,14
473711,0
473712,0
473713,15
473714,0
473715,14
473716,0
473717,0
473718,0
473719,22
473720,0
473721,0
473722,0
473723,16
473724,0
473725,0
473726,0
473727,0
473728,11
473729,17
473730,24
473731,0
473732,18
473733,0
473734,0
473735,0
473736,0
473737,7
473738,17
473739,0
473740,0
473741,0
473742,14
473743,11
473744,0
473745,17
473746,0
473747,0
473748,0
473749,0
473750,0
473751,0
473752,0
473753,0
473754,0
473755,0
473756,0
473757,0
473758,0
473759,12
473760,7
473761,0
473762,0
473763,0
473764,7
473765,0
473766,0
473767,0
473768,0
473769,0
473770,0
473771,0
473772,0
473773,11
473774,0
473775,0
473776,0
473777,0
473778,0
473779,0
473780,24
473781,0
473782,0
473783,0
473784,0
473785,0
473786,0
473787,0
473788,0
473789,0
473790,0
473791,0
473792,0
473793,0
473794,0
473795,0
473796,28
473797,0
473798,0
473799,0
473800,0
473801,0
473802,0
473803,0
473804,39
473805,0
473806,0
473807,0
473808,0
473809,0
473810,0
473811,0
473812,0
473813,0
473814,0
473815,36
473816,0
473817,0
473818,0
473819,0
473820,39
473821,0
473822,0
473823,0
473824,0
473825,0
473826,0
473827,0
473828,0
473829,0
473830,0
473831,0
473832,0
473833,0
473834,0
473835,0
473836,0
473837,0
473838,0
473839,0
473840,0
473841,0
473842,0
473843,0
473844,28
473845,0
473846,0
473847,22
473848,0
473849,25
473850,0
473851,0
473852,0
473853,0
473854,0
473855,0
473856,37
473857,0
473858,0
473859,0
473860,0
473861,0
473862,0
473863,0
473864,0
473865,0
473866,0
473867,0
473868,0
473869,0
473870,0
473871,0
473872,0
473873,0
473874,40
473875,0
473876,0
473877,0
473878,0
473879,0
473880,0
473881,0
473882,0
473883,0
473884,0
473885,0
473886,27
473887,0
473888,0
473889,0
473890,0
473891,0
473892,0
473893,0
473894,0
473895,32
473896,0
473897,0
473898,39
473899,0
473900,0
473901,0
473902,0
473903,0
473904,0
473905,0
473906,0
473907,0
473908,0
473909,0
473910,0
473911,37
473912,0
473913,18
473914,0
473915,0
473916,0
473917,0
473918,0
473919,0
473920,0
473921,0
473922,0
473923,0
473924,0
473925,0
473926,0
473927,0
473928,0
473929,32
473930,0
473931,0
473932,0
473933,38
473934,0
473935,0
473936,26
473937,0
473938,0
473939,0
473940,0
473941,0
473942,0
473943,0
473944,0
473945,0
473946,0
473947,0
473948,0
473949,0
473950,0
473951,0
473952,0
473953,0
473954,0
473955,0
473956,0
473957,0
473958,0
473959,0
473960,45
473961,0
473962,0
473963,0
473964,0
473965,0
473966,38
473967,0
473968,0
473969,0
473970,0
473971,0
473972,0
473973,0
473974,0
473975,0
473976,35
473977,0
473978,0
473979,0
473980,0
473981,0
473982,0
473983,0
473984,0
473985,0
473986,0
473987,0
473988,0
473989,0
473990,0
473991,0
473992,0
473993,42
473994,0
473995,0
473996,0
473997,40
473998,0
473999,0
474000,0
474001,33
474002,0
474003,0
474004,0
474005,0
474006,0
474007,0
474008,0
474009,0
474010,0
474011,0
474012,0
474013,0
474014,0
474015,0
474016,0
474017,0
474018,0
474019,27
474020,0
474021,0
474022,0
474023,0
474024,0
474025,0
474026,25
474027,0
474028,0
474029,0
474030,0
474031,0
474032,0
474033,0
474034,0
474035,0
474036,0
474037,0
474038,0
474039,0
474040,0
474041,0
474042,0
474043,0
474044,0
474045,23
474046,0
474047,0
474048,0
474049,0
474050,0
474051,0
474052,31
474053,0
474054,37
474055,0
474056,0
474057,0
474058,0
474059,0
474060,16
474061,0
474062,0
474063,0
474064,0
474065,23
474066,0
474067,33
474068,0
474069,0
474070,0
474071,0
474072,0
474073,0
474074,0
474075,0
474076,0
474077,0
474078,36
474079,0
474080,0
474081,0
474082,0
474083,0
474084,0
474085,0
474086,0
474087,0
474088,0
474089,0
474090,0
474091,0
474092,23
474093,0
474094,0
474095,0
474096,0
474097,0
474098,0
474099,0
474100,0
474101,0
474102,26
474103,0
474104,0
474105,36
474106,0
474107,0
474108,0
474109,0
474110,0
474111,0
474112,41
474113,0
474114,0
474115,0
474116,0
474117,0
474118,0
474119,0
474120,0
474121,0
474122,0
474123,0
474124,45
474125,49
474126,0
474127,0
474128,0
474129,0
474130,0
474131,0
474132,0
474133,0
474134,0
474135,0
474136,0
474137,23
474138,0
474139,0
474140,0
474141,0
474142,0
474143,0
474144,0
474145,21
474146,0
474147,0
474148,0
474149,0
474150,40
474151,0
474152,0
474153,0
474154,0
474155,0
474156,0
474157,0
474158,0
474159,0
474160,0
474161,0
474162,0
474163,0
474164,17
474165,0
474166,0
474167,0
474168,0
474169,0
474170,0
474171,0
474172,0
474173,0
474174,38
474175,52
474176,0
474177,0
474178,0
474179,0
474180,0
474181,0
474182,0
474183,0
474184,0
474185,0
474186,0
474187,0
474188,0
474189,0
474190,0
474191,0
474192,0
474193,0
474194,0
474195,0
474196,0
474197,0
474198,0
474199,0
474200,0
474201,0
474202,0
474203,0
474204,0
474205,0
474206,0
474207,0
474208,0
474209,0
474210,0
474211,0
474212,0
474213,0
474214,0
474215,0
474216,0
474217,0
474218,0
474219,0
474220,0
474221,0
474222,0
474223,0
474224,0
474225,0
474226,30
474227,0
474228,0
474229,0
474230,0
474231,0
474232,0
474233,0
474234,0
474235,0
474236,0
474237,0
474238,0
474239,0
474240,0
474241,25
474242,0
474243,0
474244,42
474245,0
474246,0
474247,0
474248,0
474249,0
474250,0
474251,0
474252,0
474253,0
474254,0
474255,0
474256,0
474257,0
474258,0
474259,46
474260,0
474261,0
474262,0
474263,0
474264,39
474265,0
474266,0
474267,0
474268,0
474269,0
474270,0
474271,0
474272,0
474273,0
474274,0
474275,0
474276,27
474277,37
474278,0
474279,0
474280,0
474281,45
474282,0
474283,0
474284,0
474285,0
474286,0
474287,0
474288,0
474289,0
474290,0
474291,0
474292,0
474293,0
474294,0
474295,0
474296,0
474297,0
474298,0
474299,0
474300,0
474301,0
474302,0
474303,0
474304,0
474305,0
474306,0
474307,35
474308,41
474309,0
474310,0
474311,0
474312,0
474313,0
474314,0
474315,0
474316,0
474317,0
474318,0
474319,0
474320,0
474321,0
474322,0
474323,0
474324,0
474325,0
474326,0
474327,0
474328,0
474329,0
474330,0
474331,0
474332,0
474333,0
474334,0
474335,0
474336,0
474337,0
474338,0
474339,0
474340,0
474341,0
474342,0
474343,0
474344,0
474345,0
474346,0
474347,0
474348,0
474349,0
474350,0
474351,0
474352,0
474353,0
474354,0
474355,0
474356,0
474357,0
474358,0
474359,0
474360,0
474361,0
474362,0
474363,0
474364,0
474365,0
474366,0
474367,0
474368,0
474369,0
474370,0
474371,0
474372,1
474373,0
474374,0
474375,0
474376,0
474377,0
474378,0
474379,0
474380,0
474381,0
474382,0
474383,0
474384,0
474385,0
474386,0
474387,0
474388,0
474389,0
474390,0
474391,0
474392,0
474393,0
474394,0
474395,0
474396,0
474397,0
474398,0
474399,0
474400,0
474401,0
474402,0
474403,0
474404,0
474405,0
474406,0
474407,0
474408,0
474409,0
474410,0
474411,0
474412,0
474413,0
474414,0
474415,0
474416,0
474417,0
474418,0
474419,0
474420,0
474421,0
474422,0
474423,0
474424,0
474425,0
474426,0
474427,0
474428,0
474429,0
474430,0
474431,0
474432,0
474433,0
474434,0
474435,0
474436,0
474437,0
474438,0
474439,0
474440,0
474441,0
474442,0
474443,0
474444,0
474445,0
474446,0
474447,0
474448,1
474449,0
474450,0
474451,0
474452,0
474453,0
474454,0
474455,0
474456,0
474457,0
474458,0
474459,0
474460,0
474461,0
474462,0
474463,0
474464,0
474465,0
474466,0
474467,0
474468,0
474469,0
474470,0
474471,0
474472,0
474473,0
474474,0
474475,0
474476,0
474477,0
474478,0
474479,0
474480,0
474481,0
474482,0
474483,0
474484,0
474485,0
474486,0
474487,0
474488,0
474489,0
474490,0
474491,0
474492,0
474493,0
474494,0
474495,0
474496,0
474497,0
474498,0
474499,0
474500,0
474501,0
474502,0
474503,0
474504,0
474505,0
474506,0
474507,0
474508,0
474509,0
474510,0
474511,0
474512,0
474513,0
474514,0
474515,0
474516,0
474517,0
474518,0
474519,0
474520,0
474521,0
474522,0
474523,0
474524,0
474525,0
474526,0
474527,0
474528,0
474529,0
474530,0
474531,0
474532,0
474533,0
474534,0
474535,0
474536,0
474537,0
474538,0
474539,0
474540,0
474541,0
474542,0
474543,0
474544,0
474545,0
474546,0
474547,0
474548,0
474549,0
474550,0
474551,0
474552,0
474553,0
474554,0
474555,0
474556,0
474557,0
474558,0
474559,0
474560,1
474561,0
474562,0
474563,0
474564,0
474565,0
474566,0
474567,0
474568,0
474569,0
474570,0
474571,0
474572,0
474573,0
474574,0
474575,0
474576,0
474577,0
474578,0
474579,0
474580,0
474581,0
474582,0
474583,0
474584,0
474585,0
474586,0
474587,0
474588,0
474589,0
474590,0
474591,0
474592,0
474593,0
474594,0
474595,0
474596,0
474597,0
474598,0
474599,0
474600,0
474601,0
474602,0
474603,0
474604,0
474605,0
474606,0
474607,0
474608,0
474609,0
474610,0
474611,0
474612,0
474613,0
474614,0
474615,0
474616,0
474617,0
474618,0
474619,0
474620,0
474621,0
474622,0
474623,0
474624,0
474625,0
474626,0
474627,0
474628,0
474629,0
474630,0
474631,0
474632,0
474633,0
474634,0
474635,0
474636,0
474637,0
474638,0
474639,0
474640,0
474641,0
474642,0
474643,0
474644,0
474645,0
474646,0
474647,0
474648,0
474649,0
474650,0
474651,0
474652,0
474653,0
474654,0
474655,0
474656,0
474657,0
474658,0
474659,0
474660,0
474661,0
474662,0
474663,0
474664,0
474665,0
474666,0
474667,0
474668,0
474669,0
474670,0
474671,0
474672,0
474673,0
474674,0
474675,0
474676,0
474677,0
474678,0
474679,0
474680,0
474681,0
474682,0
474683,0
474684,0
474685,0
474686,0
474687,0
474688,0
474689,0
474690,0
474691,0
474692,0
474693,0
474694,0
474695,0
474696,0
474697,0
474698,0
474699,0
474700,0
474701,0
474702,0
474703,0
474704,0
474705,0
474706,0
474707,0
474708,0
474709,0
474710,0
474711,0
474712,0
474713,0
474714,0
474715,0
474716,0
474717,0
474718,0
474719,0
474720,0
474721,0
474722,0
474723,0
474724,0
474725,0
474726,0
474727,0
474728,0
474729,0
474730,0
474731,0
474732,0
474733,0
474734,0
474735,0
474736,0
474737,0
474738,17
474739,0
474740,0
474741,12
474742,0
474743,10
474744,0
474745,0
474746,0
474747,0
474748,0
474749,0
474750,0
474751,0
474752,12
474753,18
474754,15
474755,0
474756,0
474757,0
474758,0
474759,9
474760,0
474761,0
474762,0
474763,0
474764,0
474765,0
474766,0
474767,0
474768,0
474769,0
474770,0
474771,13
474772,0
474773,0
474774,16
474775,0
474776,0
474777,0
474778,0
474779,13
474780,13
474781,0
474782,0
474783,0
474784,0
474785,0
474786,0
474787,24
474788,20
474789,13
474790,14
474791,0
474792,0
474793,0
474794,0
474795,0
474796,21
474797,12
474798,0
474799,21
474800,13
474801,0
474802,12
474803,21
474804,0
474805,15
474806,0
474807,0
474808,21
474809,10
474810,0
474811,0
474812,0
474813,0
474814,0
474815,0
474816,18
474817,0
474818,0
474819,0
474820,0
474821,0
474822,0
474823,0
474824,0
474825,0
474826,0
474827,0
474828,17
474829,0
474830,0
474831,27
474832,0
474833,16
474834,0
474835,0
474836,0
474837,0
474838,0
474839,0
474840,0
474841,0
474842,0
474843,18
474844,13
474845,0
474846,0
474847,0
474848,17
474849,0
474850,0
474851,0
474852,8
474853,23
474854,19
474855,13
474856,0
474857,0
474858,0
474859,0
474860,0
474861,0
474862,0
474863,0
474864,17
474865,0
474866,0
474867,12
474868,0
474869,14
474870,22
474871,13
474872,0
474873,0
474874,10
474875,18
474876,0
474877,0
474878,0
474879,0
474880,13
474881,9
474882,0
474883,0
474884,16
474885,0
474886,0
474887,0
474888,0
474889,0
474890,0
474891,19
474892,0
474893,0
474894,11
474895,17
474896,0
474897,0
474898,0
474899,0
474900,0
474901,0
474902,0
474903,0
474904,0
474905,11
474906,17
474907,12
474908,12
474909,0
474910,0
474911,0
474912,0
474913,0
474914,15
474915,0
474916,19
474917,12
474918,0
474919,0
474920,0
474921,0
474922,0
474923,0
474924,0
474925,19
474926,0
474927,0
474928,11
474929,0
474930,0
474931,10
474932,0
474933,0
474934,12
474935,0
474936,0
474937,17
474938,19
474939,0
474940,0
474941,0
474942,0
474943,0
474944,0
474945,0
474946,0
474947,0
474948,0
474949,0
474950,12
474951,0
474952,0
474953,0
474954,0
474955,0
474956,12
474957,0
474958,0
474959,0
474960,0
474961,0
474962,0
474963,0
474964,0
474965,0
474966,7
474967,0
474968,0
474969,0
474970,0
474971,0
474972,0
474973,0
474974,19
474975,10
474976,0
474977,0
474978,0
474979,0
474980,0
474981,0
474982,0
474983,0
474984,0
474985,13
474986,15
474987,16
474988,0
474989,18
474990,13
474991,0
474992,0
474993,10
474994,0
474995,0
474996,0
474997,0
474998,0
474999,15
475000,0
475001,0
475002,0
475003,0
475004,0
475005,0
475006,0
475007,15
475008,20
475009,21
475010,0
475011,14
475012,10
475013,0
475014,0
475015,0
475016,0
475017,0
475018,0
475019,0
475020,9
475021,0
475022,0
475023,0
475024,19
475025,0
475026,0
475027,0
475028,0
475029,0
475030,0
475031,22
475032,0
475033,21
475034,0
475035,0
475036,0
475037,0
475038,0
475039,0
475040,0
475041,0
475042,0
475043,0
475044,25
475045,0
475046,9
475047,13
475048,0
475049,22
475050,0
475051,0
475052,0
475053,0
475054,0
475055,0
475056,18
475057,0
475058,0
475059,0
475060,0
475061,0
475062,0
475063,25
475064,20
475065,0
475066,0
475067,0
475068,0
475069,0
475070,0
475071,12
475072,24
475073,16
475074,21
475075,0
475076,0
475077,0
475078,0
475079,17
475080,19
475081,0
475082,0
475083,0
475084,0
475085,0
475086,23
475087,0
475088,0
475089,0
475090,0
475091,0
475092,0
475093,0
475094,0
475095,0
475096,0
475097,0
475098,0
475099,13
475100,0
475101,0
475102,19
475103,0
475104,18
475105,0
475106,5
475107,0
475108,17
475109,15
475110,0
475111,0
475112,0
475113,14
475114,11
475115,0
475116,0
475117,0
475118,15
475119,7
475120,0
475121,0
475122,0
475123,0
475124,0
475125,0
475126,6
475127,0
475128,0
475129,0
475130,0
475131,23
475132,0
475133,0
475134,0
475135,0
475136,0
475137,0
475138,0
475139,20
475140,29
475141,0
475142,0
475143,21
475144,6
475145,0
475146,0
475147,0
475148,21
475149,0
475150,0
475151,0
475152,0
475153,0
475154,0
475155,17
475156,0
475157,22
475158,0
475159,0
475160,0
475161,0
475162,0
475163,0
475164,14
475165,0
475166,0
475167,11
475168,0
475169,14
475170,10
475171,0
475172,18
475173,0
475174,0
475175,0
475176,0
475177,0
475178,0
475179,0
475180,0
475181,0
475182,0
475183,0
475184,11
475185,0
475186,0
475187,0
475188,0
475189,0
475190,21
475191,0
475192,0
475193,0
475194,0
475195,0
475196,19
475197,0
475198,0
475199,0
475200,0
475201,0
475202,0
475203,0
475204,0
475205,0
475206,0
475207,0
475208,0
475209,0
475210,0
475211,16
475212,0
475213,0
475214,12
475215,12
475216,19
475217,14
475218,0
475219,17
475220,0
475221,0
475222,0
475223,15
475224,0
475225,0
475226,0
475227,0
475228,0
475229,0
475230,18
475231,10
475232,0
475233,13
475234,0
475235,0
475236,0
475237,0
475238,0
475239,0
475240,0
475241,0
475242,0
475243,0
475244,0
475245,0
475246,0
475247,13
475248,0
475249,0
475250,19
475251,0
475252,0
475253,0
475254,0
475255,0
475256,0
475257,14
475258,0
475259,0
475260,18
475261,9
475262,16
475263,0
475264,0
475265,0
475266,0
475267,0
475268,0
475269,0
475270,2
475271,0
475272,0
475273,0
475274,0
475275,0
475276,3
475277,0
475278,5
475279,0
475280,0
475281,0
475282,0
475283,0
475284,0
475285,0
475286,0
475287,1
475288,0
475289,0
475290,0
475291,0
475292,0
475293,0
475294,1
475295,0
475296,0
475297,0
475298,4
475299,0
475300,0
475301,0
475302,0
475303,0
475304,0
475305,0
475306,0
475307,0
475308,0
475309,0
475310,0
475311,0
475312,0
475313,0
475314,0
475315,0
475316,0
475317,2
475318,0
475319,0
475320,2
475321,1
475322,0
475323,0
475324,3
475325,0
475326,0
475327,0
475328,0
475329,1
475330,0
475331,4
475332,4
475333,0
475334,1
475335,0
475336,0
475337,2
475338,0
475339,0
475340,0
475341,0
475342,0
475343,0
475344,0
475345,0
475346,0
475347,0
475348,3
475349,0
475350,9
475351,0
475352,0
475353,3
475354,0
475355,0
475356,0
475357,0
475358,0
475359,0
475360,1
475361,0
475362,0
475363,0
475364,0
475365,0
475366,0
475367,0
475368,2
475369,0
475370,0
475371,0
475372,0
475373,0
475374,4
475375,0
475376,0
475377,0
475378,0
475379,0
475380,0
475381,0
475382,0
475383,0
475384,0
475385,0
475386,0
475387,0
475388,0
475389,0
475390,0
475391,0
475392,0
475393,0
475394,0
475395,0
475396,0
475397,0
475398,0
475399,0
475400,0
475401,2
475402,0
475403,0
475404,0
475405,0
475406,0
475407,0
475408,0
475409,0
475410,0
475411,0
475412,0
475413,0
475414,0
475415,4
475416,0
475417,0
475418,0
475419,0
475420,0
475421,0
475422,0
475423,2
475424,0
475425,0
475426,0
475427,0
475428,6
475429,0
475430,0
475431,0
475432,0
475433,0
475434,0
475435,0
475436,0
475437,0
475438,0
475439,0
475440,0
475441,0
475442,0
475443,2
475444,0
475445,0
475446,0
475447,0
475448,0
475449,0
475450,0
475451,2
475452,0
475453,5
475454,0
475455,0
475456,0
475457,2
475458,0
475459,0
475460,0
475461,0
475462,0
475463,0
475464,0
475465,2
475466,4
475467,0
475468,1
475469,0
475470,4
475471,7
475472,0
475473,0
475474,0
475475,2
475476,1
475477,0
475478,0
475479,0
475480,0
475481,0
475482,0
475483,0
475484,0
475485,0
475486,0
475487,0
475488,0
475489,0
475490,0
475491,1
475492,0
475493,0
475494,0
475495,0
475496,0
475497,0
475498,0
475499,0
475500,1
475501,0
475502,0
475503,0
475504,0
475505,0
475506,0
475507,0
475508,0
475509,0
475510,0
475511,16
475512,30
475513,0
475514,0
475515,25
475516,0
475517,0
475518,0
475519,0
475520,0
475521,0
475522,0
475523,27
475524,0
475525,0
475526,0
475527,0
475528,31
475529,0
475530,18
475531,19
475532,0
475533,0
475534,0
475535,21
475536,22
475537,0
475538,0
475539,0
475540,0
475541,0
475542,0
475543,0
475544,0
475545,0
475546,0
475547,34
475548,0
475549,0
475550,20
475551,0
475552,0
475553,0
475554,0
475555,0
475556,0
475557,0
475558,0
475559,0
475560,0
475561,0
475562,0
475563,0
475564,22
475565,22
475566,0
475567,25
475568,0
475569,0
475570,0
475571,0
475572,0
475573,30
475574,0
475575,38
475576,0
475577,0
475578,0
475579,0
475580,0
475581,0
475582,0
475583,26
475584,26
475585,0
475586,0
475587,0
475588,18
475589,0
475590,0
475591,0
475592,0
475593,0
475594,0
475595,0
475596,0
475597,0
475598,0
475599,0
475600,0
475601,0
475602,0
475603,0
475604,0
475605,0
475606,0
475607,0
475608,0
475609,22
475610,0
475611,0
475612,0
475613,13
475614,0
475615,0
475616,0
475617,0
475618,0
475619,0
475620,0
475621,0
475622,0
475623,0
475624,0
475625,0
475626,0
475627,0
475628,0
475629,0
475630,0
475631,0
475632,0
475633,17
475634,0
475635,0
475636,25
475637,0
475638,0
475639,18
475640,0
475641,0
475642,0
475643,0
475644,0
475645,0
475646,0
475647,28
475648,0
475649,0
475650,22
475651,0
475652,0
475653,24
475654,0
475655,23
475656,0
475657,20
475658,19
475659,0
475660,0
475661,0
475662,0
475663,0
475664,0
475665,0
475666,0
475667,0
475668,0
475669,0
475670,0
475671,0
475672,0
475673,0
475674,0
475675,0
475676,0
475677,25
475678,0
475679,19
475680,0
475681,36
475682,0
475683,0
475684,20
475685,0
475686,0
475687,25
475688,0
475689,0
475690,23
475691,22
475692,0
475693,0
475694,0
475695,23
475696,0
475697,30
475698,0
475699,28
475700,0
475701,0
475702,0
475703,30
475704,0
475705,0
475706,0
475707,0
475708,0
475709,0
475710,0
475711,0
475712,0
475713,20
475714,34
475715,0
475716,0
475717,0
475718,0
475719,0
475720,0
475721,24
475722,33
475723,0
475724,0
475725,0
475726,0
475727,25
475728,25
475729,22
475730,19
475731,0
475732,0
475733,0
475734,18
475735,0
475736,0
475737,0
475738,0
475739,0
475740,16
475741,0
475742,24
475743,0
475744,19
475745,0
475746,29
475747,0
475748,0
475749,0
475750,0
475751,0
475752,15
475753,31
475754,28
475755,0
475756,0
475757,13
475758,0
475759,12
475760,0
475761,0
475762,0
475763,0
475764,35
475765,22
475766,0
475767,0
475768,29
475769,0
475770,0
475771,18
475772,0
475773,0
475774,0
475775,25
475776,23
475777,0
475778,0
475779,0
475780,0
475781,0
475782,0
475783,0
475784,0
475785,0
475786,0
475787,0
475788,26
475789,32
475790,32
475791,27
475792,0
475793,0
475794,0
475795,29
475796,0
475797,0
475798,0
475799,0
475800,30
475801,0
475802,0
475803,0
475804,0
475805,0
475806,0
475807,0
475808,0
475809,0
475810,0
475811,0
475812,0
475813,31
475814,33
475815,41
475816,0
475817,0
475818,0
475819,0
475820,0
475821,0
475822,0
475823,0
475824,24
475825,0
475826,0
475827,0
475828,0
475829,0
475830,0
475831,26
475832,0
475833,0
475834,0
475835,0
475836,0
475837,0
475838,0
475839,0
475840,39
475841,0
475842,0
475843,0
475844,0
475845,27
475846,0
475847,0
475848,0
475849,0
475850,0
475851,0
475852,0
475853,0
475854,0
475855,34
475856,0
475857,0
475858,35
475859,43
475860,52
475861,0
475862,0
475863,0
475864,0
475865,0
475866,0
475867,0
475868,0
475869,0
475870,0
475871,0
475872,0
475873,0
475874,31
475875,0
475876,0
475877,0
475878,0
475879,26
475880,0
475881,0
475882,0
475883,0
475884,0
475885,0
475886,0
475887,25
475888,37
475889,0
475890,24
475891,0
475892,0
475893,0
475894,0
475895,0
475896,0
475897,0
475898,21
475899,0
475900,0
475901,0
475902,0
475903,0
475904,37
475905,0
475906,31
475907,0
475908,0
475909,0
475910,34
475911,0
475912,0
475913,26
475914,0
475915,24
475916,0
475917,0
475918,0
475919,28
475920,0
475921,20
475922,0
475923,28
475924,11
475925,0
475926,0
475927,0
475928,47
475929,0
475930,0
475931,0
475932,0
475933,0
475934,0
475935,26
475936,21
475937,0
475938,0
475939,28
475940,0
475941,0
475942,0
475943,40
475944,0
475945,40
475946,0
475947,25
475948,0
475949,0
475950,0
475951,0
475952,25
475953,0
475954,0
475955,28
475956,0
475957,0
475958,28
475959,23
475960,0
475961,0
475962,0
475963,0
475964,0
475965,0
475966,0
475967,33
475968,0
475969,0
475970,0
475971,0
475972,0
475973,0
475974,0
475975,0
475976,0
475977,0
475978,0
475979,18
475980,0
475981,49
475982,0
475983,0
475984,0
475985,0
475986,0
475987,0
475988,0
475989,0
475990,0
475991,0
475992,0
475993,0
475994,0
475995,32
475996,0
475997,0
475998,0
475999,0
476000,0
476001,29
476002,0
476003,0
476004,0
476005,30
476006,29
476007,0
476008,0
476009,0
476010,0
476011,0
476012,35
476013,0
476014,0
476015,0
476016,0
476017,18
476018,0
476019,0
476020,0
476021,37
476022,0
476023,28
476024,0
476025,27
476026,0
476027,0
476028,0
476029,0
476030,0
476031,0
476032,33
476033,0
476034,0
476035,0
476036,21
476037,32
476038,0
476039,0
476040,0
476041,22
476042,56
476043,0
476044,0
476045,0
476046,0
476047,0
476048,0
476049,0
476050,29
476051,0
476052,0
476053,0
476054,0
476055,21
476056,0
476057,32
476058,0
476059,0
476060,0
476061,0
476062,0
476063,0
476064,30
476065,0
476066,0
476067,0
476068,0
476069,37
476070,0
476071,0
476072,0
476073,0
476074,0
476075,0
476076,17
476077,0
476078,0
476079,34
476080,0
476081,0
476082,0
476083,0
476084,41
476085,14
476086,0
476087,0
476088,0
476089,42
476090,0
476091,42
476092,0
476093,0
476094,37
476095,25
476096,15
476097,0
476098,28
476099,0
476100,0
476101,25
476102,0
476103,0
476104,0
476105,0
476106,0
476107,0
476108,0
476109,0
476110,0
476111,27
476112,0
476113,0
476114,0
476115,23
476116,0
476117,0
476118,0
476119,0
476120,17
476121,18
476122,0
476123,0
476124,0
476125,0
476126,21
476127,0
476128,20
476129,0
476130,0
476131,46
476132,0
476133,0
476134,0
476135,0
476136,0
476137,0
476138,36
476139,0
476140,0
476141,32
476142,0
476143,0
476144,0
476145,0
476146,0
476147,0
476148,36
476149,0
476150,31
476151,0
476152,0
476153,32
476154,0
476155,0
476156,25
476157,0
476158,0
476159,0
476160,0
476161,14
476162,0
476163,0
476164,30
476165,37
476166,0
476167,0
476168,0
476169,0
476170,0
476171,0
476172,0
476173,0
476174,0
476175,0
476176,0
476177,0
476178,0
476179,0
476180,0
476181,0
476182,0
476183,0
476184,0
476185,0
476186,0
476187,0
476188,0
476189,0
476190,0
476191,54
476192,39
476193,22
476194,26
476195,0
476196,0
476197,0
476198,22
476199,0
476200,0
476201,0
476202,0
476203,0
476204,0
476205,0
476206,33
476207,28
476208,0
476209,0
476210,33
476211,31
476212,0
476213,0
476214,0
476215,0
476216,39
476217,0
476218,0
476219,0
476220,0
476221,0
476222,0
476223,0
476224,0
476225,0
476226,0
476227,0
476228,25
476229,32
476230,0
476231,0
476232,0
476233,36
476234,0
476235,0
476236,26
476237,0
476238,0
476239,31
476240,0
476241,32
476242,0
476243,33
476244,0
476245,0
476246,0
476247,0
476248,30
476249,40
476250,0
476251,0
476252,0
476253,30
476254,0
476255,23
476256,0
476257,26
476258,0
476259,26
476260,0
476261,32
476262,0
476263,25
476264,30
476265,50
476266,19
476267,0
476268,0
476269,0
476270,38
476271,0
476272,28
476273,0
476274,28
476275,0
476276,0
476277,32
476278,0
476279,0
476280,0
476281,0
476282,0
476283,0
476284,0
476285,0
476286,0
476287,0
476288,0
476289,0
476290,39
476291,0
476292,0
476293,0
476294,36
476295,0
476296,0
476297,0
476298,40
476299,0
476300,0
476301,0
476302,0
476303,0
476304,0
476305,0
476306,0
476307,25
476308,0
476309,0
476310,0
476311,0
476312,31
476313,0
476314,0
476315,0
476316,0
476317,0
476318,0
476319,0
476320,44
476321,0
476322,0
476323,0
476324,0
476325,13
476326,31
476327,0
476328,0
476329,15
476330,0
476331,45
476332,0
476333,0
476334,0
476335,29
476336,0
476337,0
476338,0
476339,0
476340,33
476341,0
476342,0
476343,0
476344,36
476345,0
476346,0
476347,0
476348,32
476349,0
476350,40
476351,0
476352,21
476353,31
476354,0
476355,0
476356,33
476357,0
476358,0
476359,0
476360,24
476361,0
476362,26
476363,0
476364,0
476365,0
476366,41
476367,0
476368,0
476369,0
476370,23
476371,0
476372,0
476373,0
476374,0
476375,30
476376,0
476377,0
476378,28
476379,35
476380,0
476381,0
476382,29
476383,0
476384,0
476385,0
476386,31
476387,0
476388,27
476389,0
476390,0
476391,0
476392,29
476393,0
476394,27
476395,0
476396,25
476397,0
476398,0
476399,26
476400,0
476401,0
476402,0
476403,0
476404,32
476405,0
476406,23
476407,0
476408,0
476409,0
476410,29
476411,0
476412,0
476413,26
476414,0
476415,0
476416,0
476417,0
476418,0
476419,31
476420,0
476421,0
476422,0
476423,27
476424,30
476425,0
476426,0
476427,0
476428,0
476429,0
476430,0
476431,0
476432,0
476433,0
476434,0
476435,0
476436,16
476437,0
476438,0
476439,0
476440,0
476441,0
476442,0
476443,0
476444,0
476445,29
476446,0
476447,0
476448,0
476449,0
476450,0
476451,0
476452,0
476453,24
476454,0
476455,27
476456,0
476457,26
476458,0
476459,0
476460,0
476461,0
476462,0
476463,0
476464,0
476465,0
476466,0
476467,0
476468,0
476469,0
476470,25
476471,0
476472,0
476473,0
476474,0
476475,0
476476,0
476477,34
476478,33
476479,0
476480,0
476481,0
476482,0
476483,0
476484,0
476485,0
476486,0
476487,0
476488,23
476489,17
476490,0
476491,0
476492,30
476493,23
476494,0
476495,0
476496,0
476497,0
476498,0
476499,0
476500,0
476501,0
476502,0
476503,0
476504,0
476505,37
476506,0
476507,0
476508,0
476509,0
476510,0
476511,0
476512,40
476513,0
476514,0
476515,0
476516,0
476517,0
476518,0
476519,0
476520,0
476521,27
476522,28
476523,0
476524,0
476525,0
476526,0
476527,0
476528,0
476529,0
476530,0
476531,0
476532,0
476533,0
476534,35
476535,0
476536,0
476537,0
476538,0
476539,0
476540,0
476541,0
476542,0
476543,0
476544,19
476545,29
476546,26
476547,0
476548,34
476549,25
476550,0
476551,0
476552,30
476553,0
476554,0
476555,0
476556,0
476557,42
476558,0
476559,0
476560,0
476561,0
476562,0
476563,0
476564,0
476565,0
476566,0
476567,0
476568,0
476569,15
476570,0
476571,18
476572,0
476573,0
476574,0
476575,0
476576,0
476577,27
476578,0
476579,0
476580,0
476581,0
476582,0
476583,0
476584,0
476585,17
476586,0
476587,0
476588,0
476589,0
476590,0
476591,10
476592,0
476593,14
476594,0
476595,0
476596,0
476597,20
476598,31
476599,0
476600,0
476601,0
476602,0
476603,22
476604,0
476605,22
476606,0
476607,0
476608,0
476609,0
476610,16
476611,10
476612,0
476613,0
476614,0
476615,18
476616,0
476617,0
476618,12
476619,0
476620,0
476621,21
476622,26
476623,0
476624,0
476625,0
476626,0
476627,0
476628,0
476629,0
476630,0
476631,0
476632,0
476633,26
476634,0
476635,0
476636,0
476637,0
476638,0
476639,0
476640,0
476641,0
476642,0
476643,0
476644,0
476645,24
476646,0
476647,12
476648,0
476649,29
476650,11
476651,30
476652,0
476653,19
476654,24
476655,0
476656,30
476657,0
476658,0
476659,0
476660,29
476661,0
476662,0
476663,27
476664,0
476665,0
476666,0
476667,0
476668,0
476669,0
476670,0
476671,25
476672,0
476673,22
476674,0
476675,0
476676,0
476677,0
476678,0
476679,0
476680,0
476681,0
476682,0
476683,23
476684,0
476685,0
476686,0
476687,24
476688,24
476689,27
476690,0
476691,0
476692,20
476693,24
476694,0
476695,21
476696,24
476697,0
476698,0
476699,0
476700,21
476701,27
476702,0
476703,0
476704,0
476705,22
476706,0
476707,0
476708,0
476709,0
476710,0
476711,22
476712,20
476713,0
476714,0
476715,0
476716,0
476717,0
476718,0
476719,0
476720,0
476721,0
476722,0
476723,0
476724,31
476725,0
476726,0
476727,0
476728,0
476729,0
476730,0
476731,0
476732,0
476733,0
476734,0
476735,0
476736,0
476737,0
476738,0
476739,0
476740,0
476741,0
476742,0
476743,0
476744,0
476745,30
476746,0
476747,0
476748,0
476749,0
476750,0
476751,0
476752,0
476753,0
476754,0
476755,0
476756,0
476757,0
476758,0
476759,0
476760,0
476761,0
476762,0
476763,0
476764,0
476765,0
476766,25
476767,0
476768,0
476769,0
476770,0
476771,0
476772,0
476773,0
476774,0
476775,20
476776,0
476777,0
476778,0
476779,0
476780,0
476781,0
476782,0
476783,0
476784,0
476785,0
476786,0
476787,0
476788,0
476789,0
476790,0
476791,0
476792,0
476793,42
476794,0
476795,0
476796,0
476797,0
476798,0
476799,0
476800,0
476801,0
476802,0
476803,0
476804,0
476805,0
476806,0
476807,0
476808,0
476809,0
476810,0
476811,0
476812,0
476813,0
476814,0
476815,0
476816,0
476817,0
476818,0
476819,0
476820,0
476821,0
476822,0
476823,0
476824,0
476825,0
476826,0
476827,0
476828,0
476829,0
476830,0
476831,0
476832,45
476833,0
476834,0
476835,0
476836,0
476837,0
476838,0
476839,0
476840,0
476841,0
476842,0
476843,0
476844,0
476845,0
476846,0
476847,0
476848,0
476849,0
476850,32
476851,0
476852,0
476853,0
476854,43
476855,0
476856,0
476857,0
476858,0
476859,0
476860,0
476861,0
476862,0
476863,47
476864,0
476865,0
476866,40
476867,0
476868,0
476869,0
476870,0
476871,0
476872,30
476873,0
476874,0
476875,0
476876,0
476877,0
476878,0
476879,0
476880,0
476881,0
476882,0
476883,0
476884,0
476885,0
476886,0
476887,0
476888,0
476889,0
476890,0
476891,0
476892,0
476893,0
476894,0
476895,0
476896,0
476897,0
476898,0
476899,0
476900,0
476901,0
476902,0
476903,0
476904,0
476905,0
476906,0
476907,0
476908,0
476909,0
476910,0
476911,0
476912,0
476913,0
476914,0
476915,0
476916,0
476917,0
476918,0
476919,0
476920,0
476921,0
476922,0
476923,0
476924,0
476925,0
476926,0
476927,0
476928,0
476929,0
476930,0
476931,0
476932,27
476933,0
476934,0
476935,0
476936,0
476937,0
476938,0
476939,0
476940,0
476941,31
476942,43
476943,0
476944,0
476945,0
476946,0
476947,0
476948,0
476949,0
476950,0
476951,0
476952,0
476953,48
476954,0
476955,0
476956,0
476957,0
476958,0
476959,0
476960,0
476961,0
476962,0
476963,0
476964,0
476965,0
476966,0
476967,0
476968,0
476969,0
476970,0
476971,0
476972,0
476973,0
476974,0
476975,0
476976,0
476977,0
476978,0
476979,0
476980,0
476981,0
476982,0
476983,0
476984,0
476985,0
476986,0
476987,0
476988,0
476989,0
476990,0
476991,0
476992,0
476993,0
476994,0
476995,0
476996,39
476997,0
476998,0
476999,0
477000,0
477001,0
477002,0
477003,0
477004,0
477005,0
477006,0
477007,0
477008,0
477009,49
477010,0
477011,25
477012,0
477013,0
477014,0
477015,0
477016,0
477017,0
477018,0
477019,0
477020,0
477021,0
477022,0
477023,0
477024,32
477025,0
477026,0
477027,0
477028,0
477029,0
477030,0
477031,0
477032,0
477033,0
477034,0
477035,0
477036,36
477037,39
477038,0
477039,29
477040,0
477041,0
477042,0
477043,0
477044,0
477045,0
477046,0
477047,0
477048,0
477049,0
477050,0
477051,0
477052,25
477053,0
477054,0
477055,42
477056,0
477057,0
477058,0
477059,0
477060,0
477061,0
477062,44
477063,0
477064,0
477065,0
477066,0
477067,0
477068,0
477069,0
477070,0
477071,0
477072,0
477073,0
477074,0
477075,0
477076,0
477077,0
477078,0
477079,0
477080,0
477081,0
477082,0
477083,0
477084,0
477085,24
477086,0
477087,29
477088,32
477089,0
477090,0
477091,0
477092,0
477093,0
477094,0
477095,0
477096,0
477097,0
477098,0
477099,0
477100,0
477101,0
477102,0
477103,0
477104,0
477105,0
477106,0
477107,20
477108,0
477109,0
477110,0
477111,0
477112,0
477113,0
477114,0
477115,0
477116,0
477117,0
477118,0
477119,0
477120,0
477121,0
477122,0
477123,0
477124,0
477125,0
477126,28
477127,30
477128,0
477129,0
477130,0
477131,0
477132,0
477133,0
477134,0
477135,0
477136,0
477137,0
477138,0
477139,0
477140,0
477141,0
477142,0
477143,36
477144,0
477145,0
477146,0
477147,0
477148,0
477149,0
477150,39
477151,0
477152,0
477153,0
477154,0
477155,0
477156,0
477157,0
477158,0
477159,0
477160,0
477161,0
477162,0
477163,0
477164,0
477165,0
477166,0
477167,0
477168,0
477169,0
477170,43
477171,0
477172,0
477173,0
477174,24
477175,0
477176,0
477177,0
477178,0
477179,0
477180,0
477181,0
477182,0
477183,0
477184,0
477185,0
477186,0
477187,0
477188,0
477189,0
477190,0
477191,0
477192,0
477193,0
477194,0
477195,0
477196,0
477197,0
477198,0
477199,0
477200,20
477201,0
477202,0
477203,0
477204,0
477205,0
477206,0
477207,0
477208,0
477209,0
477210,0
477211,48
477212,0
477213,0
477214,0
477215,0
477216,0
477217,0
477218,0
477219,0
477220,0
477221,0
477222,0
477223,0
477224,0
477225,0
477226,0
477227,0
477228,0
477229,0
477230,0
477231,0
477232,0
477233,0
477234,0
477235,0
477236,0
477237,0
477238,0
477239,0
477240,0
477241,0
477242,31
477243,0
477244,0
477245,0
477246,0
477247,0
477248,0
477249,0
477250,0
477251,0
477252,0
477253,0
477254,0
477255,0
477256,0
477257,0
477258,0
477259,0
477260,0
477261,0
477262,0
477263,0
477264,31
477265,0
477266,0
477267,32
477268,0
477269,0
477270,0
477271,0
477272,0
477273,0
477274,0
477275,0
477276,0
477277,0
477278,0
477279,20
477280,0
477281,0
477282,0
477283,0
477284,0
477285,0
477286,0
477287,0
477288,51
477289,0
477290,0
477291,0
477292,28
477293,0
477294,0
477295,0
477296,0
477297,0
477298,0
477299,0
477300,0
477301,0
477302,0
477303,0
477304,0
477305,0
477306,0
477307,0
477308,0
477309,0
477310,0
477311,0
477312,0
477313,0
477314,0
477315,0
477316,0
477317,0
477318,27
477319,0
477320,0
477321,0
477322,0
477323,0
477324,0
477325,0
477326,0
477327,0
477328,0
477329,0
477330,0
477331,0
477332,0
477333,0
477334,0
477335,0
477336,0
477337,0
477338,0
477339,0
477340,0
477341,0
477342,0
477343,0
477344,22
477345,0
477346,0
477347,0
477348,0
477349,0
477350,25
477351,0
477352,0
477353,0
477354,0
477355,0
477356,0
477357,0
477358,0
477359,0
477360,0
477361,0
477362,0
477363,0
477364,0
477365,0
477366,0
477367,0
477368,0
477369,0
477370,0
477371,0
477372,0
477373,0
477374,0
477375,0
477376,0
477377,0
477378,0
477379,0
477380,0
477381,0
477382,0
477383,0
477384,0
477385,0
477386,0
477387,0
477388,0
477389,0
477390,0
477391,0
477392,0
477393,0
477394,0
477395,0
477396,0
477397,0
477398,0
477399,0
477400,0
477401,0
477402,0
477403,35
477404,0
477405,0
477406,0
477407,0
477408,0
477409,28
477410,0
477411,0
477412,0
477413,0
477414,0
477415,0
477416,0
477417,0
477418,0
477419,38
477420,0
477421,0
477422,0
477423,0
477424,0
477425,0
477426,0
477427,0
477428,0
477429,0
477430,42
477431,0
477432,0
477433,41
477434,0
477435,28
477436,0
477437,0
477438,0
477439,0
477440,0
477441,0
477442,0
477443,0
477444,0
477445,0
477446,0
477447,0
477448,0
477449,0
477450,0
477451,0
477452,0
477453,0
477454,0
477455,0
477456,0
477457,0
477458,0
477459,0
477460,30
477461,0
477462,0
477463,0
477464,0
477465,0
477466,0
477467,0
477468,0
477469,0
477470,0
477471,0
477472,0
477473,0
477474,0
477475,0
477476,0
477477,0
477478,0
477479,0
477480,0
477481,0
477482,0
477483,0
477484,0
477485,0
477486,0
477487,0
477488,0
477489,0
477490,0
477491,0
477492,0
477493,0
477494,0
477495,0
477496,0
477497,0
477498,0
477499,0
477500,0
477501,0
477502,0
477503,0
477504,0
477505,0
477506,0
477507,0
477508,0
477509,0
477510,0
477511,0
477512,0
477513,0
477514,0
477515,0
477516,0
477517,0
477518,0
477519,0
477520,0
477521,0
477522,0
477523,0
477524,0
477525,0
477526,0
477527,0
477528,0
477529,25
477530,0
477531,0
477532,27
477533,0
477534,0
477535,0
477536,0
477537,0
477538,0
477539,0
477540,0
477541,14
477542,0
477543,0
477544,27
477545,0
477546,25
477547,23
477548,0
477549,0
477550,0
477551,0
477552,0
477553,0
477554,0
477555,0
477556,0
477557,0
477558,0
477559,0
477560,0
477561,0
477562,0
477563,0
477564,0
477565,0
477566,0
477567,32
477568,0
477569,0
477570,0
477571,0
477572,28
477573,0
477574,17
477575,0
477576,0
477577,0
477578,0
477579,0
477580,0
477581,0
477582,0
477583,0
477584,0
477585,0
477586,0
477587,0
477588,0
477589,0
477590,0
477591,0
477592,0
477593,0
477594,0
477595,22
477596,0
477597,0
477598,0
477599,0
477600,0
477601,0
477602,0
477603,22
477604,0
477605,0
477606,0
477607,0
477608,0
477609,0
477610,0
477611,0
477612,0
477613,0
477614,0
477615,0
477616,0
477617,0
477618,0
477619,0
477620,38
477621,0
477622,0
477623,0
477624,0
477625,0
477626,0
477627,0
477628,0
477629,0
477630,0
477631,0
477632,0
477633,0
477634,0
477635,0
477636,0
477637,0
477638,0
477639,26
477640,24
477641,21
477642,0
477643,0
477644,0
477645,0
477646,0
477647,0
477648,0
477649,0
477650,0
477651,33
477652,0
477653,0
477654,0
477655,0
477656,0
477657,0
477658,0
477659,0
477660,0
477661,0
477662,0
477663,0
477664,0
477665,0
477666,0
477667,0
477668,0
477669,0
477670,0
477671,28
477672,0
477673,0
477674,33
477675,33
477676,0
477677,0
477678,0
477679,0
477680,0
477681,0
477682,0
477683,0
477684,0
477685,0
477686,0
477687,0
477688,0
477689,0
477690,0
477691,0
477692,0
477693,0
477694,0
477695,0
477696,36
477697,0
477698,0
477699,0
477700,0
477701,0
477702,0
477703,0
477704,0
477705,0
477706,0
477707,31
477708,0
477709,0
477710,22
477711,0
477712,27
477713,31
477714,0
477715,30
477716,0
477717,0
477718,0
477719,0
477720,0
477721,0
477722,0
477723,0
477724,0
477725,22
477726,38
477727,0
477728,0
477729,34
477730,0
477731,0
477732,0
477733,0
477734,0
477735,0
477736,33
477737,23
477738,0
477739,0
477740,0
477741,0
477742,0
477743,0
477744,0
477745,0
477746,0
477747,0
477748,0
477749,0
477750,0
477751,49
477752,0
477753,0
477754,0
477755,0
477756,29
477757,0
477758,0
477759,32
477760,0
477761,0
477762,0
477763,0
477764,0
477765,0
477766,36
477767,0
477768,0
477769,0
477770,40
477771,0
477772,0
477773,0
477774,0
477775,0
477776,0
477777,0
477778,29
477779,0
477780,0
477781,0
477782,0
477783,0
477784,0
477785,0
477786,0
477787,0
477788,0
477789,0
477790,0
477791,0
477792,0
477793,0
477794,0
477795,0
477796,0
477797,0
477798,0
477799,0
477800,30
477801,0
477802,0
477803,0
477804,0
477805,0
477806,0
477807,0
477808,0
477809,0
477810,32
477811,0
477812,0
477813,0
477814,0
477815,0
477816,40
477817,0
477818,0
477819,37
477820,0
477821,0
477822,0
477823,0
477824,0
477825,0
477826,0
477827,0
477828,0
477829,0
477830,33
477831,28
477832,29
477833,20
477834,0
477835,0
477836,0
477837,0
477838,0
477839,31
477840,0
477841,0
477842,0
477843,29
477844,0
477845,0
477846,0
477847,0
477848,0
477849,41
477850,0
477851,0
477852,0
477853,0
477854,0
477855,26
477856,0
477857,0
477858,29
477859,0
477860,0
477861,0
477862,0
477863,0
477864,0
477865,0
477866,0
477867,0
477868,0
477869,0
477870,0
477871,0
477872,0
477873,0
477874,0
477875,0
477876,0
477877,0
477878,0
477879,0
477880,32
477881,0
477882,0
477883,0
477884,0
477885,0
477886,42
477887,0
477888,0
477889,0
477890,0
477891,33
477892,0
477893,0
477894,33
477895,0
477896,24
477897,0
477898,29
477899,0
477900,0
477901,0
477902,0
477903,0
477904,0
477905,0
477906,0
477907,0
477908,0
477909,31
477910,0
477911,0
477912,0
477913,0
477914,28
477915,0
477916,43
477917,0
477918,0
477919,0
477920,0
477921,0
477922,0
477923,0
477924,0
477925,0
477926,0
477927,0
477928,0
477929,0
477930,0
477931,0
477932,0
477933,0
477934,0
477935,0
477936,0
477937,32
477938,0
477939,0
477940,0
477941,0
477942,0
477943,0
477944,28
477945,0
477946,0
477947,0
477948,0
477949,0
477950,0
477951,0
477952,0
477953,0
477954,0
477955,0
477956,0
477957,0
477958,0
477959,13
477960,36
477961,0
477962,0
477963,0
477964,0
477965,0
477966,0
477967,0
477968,0
477969,22
477970,0
477971,0
477972,0
477973,0
477974,0
477975,30
477976,0
477977,0
477978,0
477979,0
477980,22
477981,0
477982,42
477983,28
477984,0
477985,0
477986,0
477987,0
477988,0
477989,0
477990,0
477991,0
477992,0
477993,0
477994,0
477995,0
477996,0
477997,0
477998,0
477999,46
478000,0
478001,0
478002,0
478003,37
478004,0
478005,0
478006,0
478007,0
478008,0
478009,0
478010,0
478011,0
478012,0
478013,0
478014,0
478015,0
478016,29
478017,0
478018,0
478019,0
478020,0
478021,0
478022,39
478023,0
478024,0
478025,0
478026,51
478027,0
478028,31
478029,0
478030,0
478031,0
478032,0
478033,0
478034,31
478035,0
478036,26
478037,0
478038,0
478039,0
478040,0
478041,0
478042,0
478043,0
478044,0
478045,0
478046,0
478047,0
478048,0
478049,0
478050,0
478051,0
478052,0
478053,23
478054,27
478055,0
478056,21
478057,0
478058,0
478059,0
478060,0
478061,0
478062,27
478063,27
478064,0
478065,0
478066,0
478067,0
478068,0
478069,0
478070,0
478071,0
478072,0
478073,0
478074,0
478075,0
478076,0
478077,0
478078,0
478079,0
478080,0
478081,0
478082,49
478083,0
478084,0
478085,0
478086,0
478087,0
478088,0
478089,21
478090,0
478091,0
478092,39
478093,0
478094,0
478095,0
478096,51
478097,50
478098,0
478099,0
478100,0
478101,0
478102,0
478103,0
478104,32
478105,0
478106,0
478107,34
478108,0
478109,0
478110,0
478111,0
478112,0
478113,0
478114,0
478115,0
478116,0
478117,0
478118,27
478119,0
478120,0
478121,0
478122,0
478123,0
478124,0
478125,0
478126,0
478127,0
478128,24
478129,0
478130,0
478131,0
478132,0
478133,0
478134,0
478135,0
478136,0
478137,0
478138,0
478139,0
478140,0
478141,0
478142,30
478143,0
478144,0
478145,0
478146,0
478147,0
478148,0
478149,0
478150,25
478151,0
478152,0
478153,0
478154,0
478155,0
478156,28
478157,0
478158,0
478159,0
478160,0
478161,0
478162,0
478163,0
478164,40
478165,0
478166,0
478167,43
478168,0
478169,0
478170,0
478171,0
478172,0
478173,0
478174,0
478175,0
478176,12
478177,0
478178,0
478179,0
478180,0
478181,0
478182,0
478183,0
478184,0
478185,34
478186,31
478187,0
478188,0
478189,0
478190,0
478191,33
478192,0
478193,0
478194,24
478195,0
478196,0
478197,0
478198,0
478199,0
478200,0
478201,0
478202,0
478203,30
478204,0
478205,0
478206,34
478207,0
478208,0
478209,24
478210,0
478211,0
478212,0
478213,0
478214,16
478215,0
478216,0
478217,0
478218,0
478219,43
478220,0
478221,0
478222,0
478223,30
478224,0
478225,31
478226,0
478227,0
478228,0
478229,44
478230,0
478231,27
478232,0
478233,0
478234,0
478235,0
478236,0
478237,0
478238,0
478239,0
478240,47
478241,0
478242,0
478243,0
478244,0
478245,34
478246,0
478247,0
478248,0
478249,36
478250,0
478251,0
478252,0
478253,30
478254,0
478255,0
478256,0
478257,0
478258,0
478259,0
478260,0
478261,25
478262,0
478263,0
478264,0
478265,0
478266,0
478267,0
478268,0
478269,0
478270,0
478271,0
478272,21
478273,0
478274,0
478275,0
478276,0
478277,0
478278,0
478279,0
478280,9
478281,0
478282,0
478283,0
478284,0
478285,0
478286,0
478287,0
478288,0
478289,0
478290,11
478291,0
478292,0
478293,23
478294,0
478295,0
478296,0
478297,0
478298,15
478299,0
478300,0
478301,0
478302,0
478303,0
478304,15
478305,0
478306,0
478307,0
478308,0
478309,0
478310,13
478311,18
478312,0
478313,0
478314,0
478315,0
478316,0
478317,0
478318,0
478319,0
478320,0
478321,0
478322,0
478323,0
478324,18
478325,0
478326,22
478327,15
478328,0
478329,0
478330,0
478331,10
478332,0
478333,0
478334,0
478335,0
478336,0
478337,0
478338,0
478339,0
478340,0
478341,0
478342,0
478343,0
478344,0
478345,0
478346,0
478347,0
478348,0
478349,0
478350,0
478351,0
478352,0
478353,0
478354,0
478355,12
478356,16
478357,18
478358,0
478359,0
478360,16
478361,0
478362,11
478363,0
478364,20
478365,0
478366,0
478367,0
478368,0
478369,0
478370,0
478371,0
478372,0
478373,0
478374,0
478375,0
478376,0
478377,0
478378,0
478379,0
478380,0
478381,14
478382,0
478383,0
478384,0
478385,16
478386,0
478387,0
478388,0
478389,0
478390,0
478391,0
478392,16
478393,0
478394,0
478395,0
478396,0
478397,0
478398,0
478399,0
478400,0
478401,0
478402,0
478403,0
478404,0
478405,0
478406,0
478407,0
478408,0
478409,0
478410,0
478411,0
478412,0
478413,0
478414,0
478415,0
478416,0
478417,13
478418,0
478419,15
478420,0
478421,0
478422,0
478423,0
478424,0
478425,0
478426,0
478427,0
478428,11
478429,0
478430,0
478431,15
478432,0
478433,0
478434,0
478435,0
478436,0
478437,0
478438,0
478439,0
478440,0
478441,0
478442,0
478443,0
478444,0
478445,0
478446,0
478447,0
478448,0
478449,0
478450,0
478451,0
478452,15
478453,0
478454,0
478455,0
478456,0
478457,0
478458,0
478459,12
478460,0
478461,0
478462,0
478463,0
478464,0
478465,0
478466,0
478467,0
478468,0
478469,0
478470,0
478471,0
478472,0
478473,0
478474,0
478475,13
478476,0
478477,15
478478,0
478479,0
478480,0
478481,0
478482,0
478483,0
478484,23
478485,0
478486,0
478487,0
478488,0
478489,0
478490,0
478491,10
478492,20
478493,13
478494,0
478495,0
478496,0
478497,0
478498,0
478499,0
478500,0
478501,0
478502,0
478503,14
478504,0
478505,0
478506,0
478507,0
478508,0
478509,17
478510,0
478511,0
478512,0
478513,0
478514,0
478515,0
478516,16
478517,0
478518,0
478519,0
478520,0
478521,0
478522,0
478523,8
478524,0
478525,0
478526,0
478527,15
478528,0
478529,0
478530,0
478531,0
478532,0
478533,0
478534,5
478535,0
478536,0
478537,0
478538,19
478539,0
478540,0
478541,0
478542,0
478543,0
478544,11
478545,0
478546,0
478547,0
478548,0
478549,0
478550,11
478551,0
478552,0
478553,0
478554,0
478555,15
478556,0
478557,18
478558,0
478559,0
478560,8
478561,0
478562,0
478563,0
478564,16
478565,0
478566,0
478567,0
478568,0
478569,0
478570,17
478571,0
478572,0
478573,0
478574,0
478575,0
478576,0
478577,0
478578,12
478579,13
478580,0
478581,23
478582,14
478583,0
478584,13
478585,0
478586,3
478587,14
478588,0
478589,0
478590,13
478591,0
478592,0
478593,0
478594,0
478595,0
478596,0
478597,0
478598,18
478599,0
478600,0
478601,17
478602,0
478603,0
478604,0
478605,12
478606,0
478607,0
478608,19
478609,16
478610,0
478611,14
478612,0
478613,0
478614,0
478615,9
478616,12
478617,0
478618,0
478619,0
478620,0
478621,12
478622,0
478623,16
478624,0
478625,0
478626,0
478627,0
478628,0
478629,0
478630,0
478631,0
478632,0
478633,16
478634,24
478635,0
478636,0
478637,0
478638,0
478639,0
478640,0
478641,0
478642,0
478643,0
478644,0
478645,0
478646,0
478647,0
478648,0
478649,0
478650,13
478651,0
478652,0
478653,0
478654,0
478655,0
478656,0
478657,0
478658,0
478659,0
478660,0
478661,0
478662,0
478663,0
478664,0
478665,0
478666,0
478667,0
478668,24
478669,18
478670,0
478671,0
478672,18
478673,0
478674,0
478675,0
478676,0
478677,0
478678,0
478679,0
478680,0
478681,0
478682,0
478683,10
478684,0
478685,0
478686,0
478687,6
478688,0
478689,0
478690,0
478691,0
478692,0
478693,0
478694,0
478695,0
478696,0
478697,0
478698,0
478699,0
478700,0
478701,0
478702,0
478703,0
478704,0
478705,0
478706,0
478707,0
478708,0
478709,0
478710,13
478711,0
478712,0
478713,0
478714,0
478715,0
478716,0
478717,0
478718,0
478719,19
478720,14
478721,0
478722,0
478723,0
478724,0
478725,0
478726,0
478727,0
478728,15
478729,0
478730,0
478731,0
478732,0
478733,0
478734,0
478735,0
478736,0
478737,0
478738,0
478739,0
478740,0
478741,0
478742,0
478743,0
478744,9
478745,0
478746,0
478747,0
478748,0
478749,16
478750,0
478751,0
478752,0
478753,0
478754,0
478755,0
478756,18
478757,0
478758,0
478759,0
478760,0
478761,0
478762,28
478763,0
478764,17
478765,0
478766,0
478767,0
478768,0
478769,0
478770,0
478771,0
478772,0
478773,0
478774,0
478775,0
478776,0
478777,0
478778,0
478779,0
478780,0
478781,0
478782,0
478783,0
478784,0
478785,0
478786,0
478787,0
478788,0
478789,0
478790,0
478791,20
478792,0
478793,0
478794,0
478795,19
478796,0
478797,0
478798,0
478799,15
478800,0
478801,16
478802,0
478803,0
478804,0
478805,0
478806,0
478807,18
478808,0
478809,0
478810,0
478811,0
478812,0
478813,11
478814,0
478815,0
478816,12
478817,13
478818,0
478819,0
478820,0
478821,0
478822,18
478823,0
478824,10
478825,0
478826,0
478827,12
478828,0
478829,0
478830,0
478831,0
478832,0
478833,0
478834,0
478835,0
478836,0
478837,0
478838,0
478839,0
478840,0
478841,0
478842,0
478843,0
478844,0
478845,0
478846,10
478847,0
478848,18
478849,0
478850,11
478851,0
478852,0
478853,0
478854,0
478855,0
478856,0
478857,0
478858,0
478859,0
478860,12
478861,0
478862,0
478863,0
478864,0
478865,0
478866,17
478867,18
478868,16
478869,0
478870,0
478871,14
478872,0
478873,0
478874,0
478875,0
478876,0
478877,0
478878,0
478879,0
478880,0
478881,15
478882,0
478883,0
478884,0
478885,0
478886,0
478887,0
478888,16
478889,0
478890,0
478891,14
478892,0
478893,0
478894,0
478895,0
478896,0
478897,0
478898,0
478899,0
478900,0
478901,0
478902,0
478903,0
478904,0
478905,0
478906,0
478907,0
478908,0
478909,0
478910,0
478911,0
478912,0
478913,0
478914,0
478915,0
478916,0
478917,0
478918,0
478919,0
478920,0
478921,0
478922,0
478923,0
478924,0
478925,0
478926,0
478927,0
478928,0
478929,0
478930,0
478931,0
478932,0
478933,0
478934,0
478935,0
478936,0
478937,0
478938,0
478939,0
478940,0
478941,0
478942,0
478943,0
478944,0
478945,0
478946,0
478947,0
478948,0
478949,0
478950,0
478951,0
478952,0
478953,0
478954,0
478955,0
478956,0
478957,0
478958,0
478959,0
478960,0
478961,0
478962,0
478963,0
478964,0
478965,0
478966,0
478967,0
478968,0
478969,0
478970,0
478971,0
478972,0
478973,0
478974,0
478975,0
478976,0
478977,0
478978,0
478979,0
478980,0
478981,0
478982,0
478983,0
478984,0
478985,0
478986,0
478987,0
478988,0
478989,0
478990,0
478991,0
478992,0
478993,0
478994,0
478995,0
478996,0
478997,0
478998,0
478999,0
479000,0
479001,0
479002,0
479003,0
479004,0
479005,0
479006,0
479007,0
479008,0
479009,0
479010,0
479011,0
479012,0
479013,0
479014,0
479015,0
479016,0
479017,0
479018,0
479019,0
479020,0
479021,0
479022,0
479023,0
479024,0
479025,0
479026,1
479027,0
479028,0
479029,0
479030,0
479031,0
479032,0
479033,0
479034,0
479035,0
479036,0
479037,0
479038,0
479039,0
479040,0
479041,0
479042,0
479043,0
479044,0
479045,0
479046,0
479047,0
479048,0
479049,0
479050,0
479051,0
479052,0
479053,0
479054,0
479055,0
479056,0
479057,0
479058,0
479059,0
479060,0
479061,0
479062,0
479063,0
479064,0
479065,0
479066,1
479067,0
479068,0
479069,0
479070,0
479071,0
479072,0
479073,0
479074,0
479075,0
479076,0
479077,0
479078,0
479079,0
479080,0
479081,0
479082,0
479083,0
479084,0
479085,0
479086,0
479087,0
479088,0
479089,0
479090,0
479091,0
479092,0
479093,0
479094,0
479095,0
479096,0
479097,0
479098,0
479099,0
479100,0
479101,0
479102,0
479103,0
479104,0
479105,0
479106,0
479107,0
479108,0
479109,0
479110,0
479111,0
479112,0
479113,0
479114,0
479115,0
479116,0
479117,0
479118,0
479119,0
479120,0
479121,0
479122,0
479123,0
479124,0
479125,0
479126,0
479127,0
479128,0
479129,0
479130,0
479131,0
479132,0
479133,0
479134,0
479135,0
479136,0
479137,0
479138,0
479139,0
479140,0
479141,0
479142,0
479143,0
479144,0
479145,0
479146,0
479147,0
479148,0
479149,0
479150,0
479151,0
479152,0
479153,0
479154,0
479155,0
479156,0
479157,0
479158,0
479159,0
479160,0
479161,0
479162,0
479163,0
479164,0
479165,0
479166,0
479167,0
479168,0
479169,0
479170,0
479171,0
479172,0
479173,0
479174,0
479175,0
479176,0
479177,0
479178,0
479179,0
479180,0
479181,0
479182,0
479183,0
479184,0
479185,0
479186,2
479187,0
479188,0
479189,0
479190,0
479191,0
479192,0
479193,0
479194,0
479195,0
479196,0
479197,0
479198,0
479199,0
479200,0
479201,0
479202,0
479203,0
479204,0
479205,0
479206,0
479207,0
479208,0
479209,0
479210,0
479211,0
479212,0
479213,0
479214,0
479215,0
479216,0
479217,0
479218,0
479219,0
479220,0
479221,0
479222,0
479223,0
479224,0
479225,0
479226,0
479227,0
479228,0
479229,0
479230,0
479231,0
479232,0
479233,0
479234,0
479235,0
479236,0
479237,0
479238,0
479239,0
479240,0
479241,0
479242,0
479243,0
479244,0
479245,0
479246,0
479247,0
479248,0
479249,0
479250,0
479251,0
479252,0
479253,0
479254,0
479255,0
479256,0
479257,0
479258,0
479259,0
479260,10
479261,0
479262,0
479263,0
479264,0
479265,0
479266,0
479267,0
479268,0
479269,0
479270,0
479271,7
479272,16
479273,0
479274,6
479275,0
479276,0
479277,0
479278,11
479279,13
479280,0
479281,0
479282,0
479283,5
479284,9
479285,0
479286,0
479287,16
479288,0
479289,0
479290,0
479291,0
479292,0
479293,0
479294,0
479295,6
479296,0
479297,0
479298,0
479299,0
479300,0
479301,0
479302,0
479303,0
479304,0
479305,8
479306,10
479307,0
479308,9
479309,4
479310,0
479311,0
479312,0
479313,0
479314,7
479315,0
479316,5
479317,12
479318,0
479319,0
479320,0
479321,9
479322,14
479323,0
479324,0
479325,8
479326,0
479327,0
479328,10
479329,0
479330,0
479331,0
479332,0
479333,0
479334,0
479335,0
479336,0
479337,0
479338,0
479339,0
479340,0
479341,0
479342,0
479343,0
479344,13
479345,0
479346,0
479347,3
479348,0
479349,0
479350,0
479351,6
479352,0
479353,0
479354,0
479355,0
479356,11
479357,0
479358,0
479359,0
479360,0
479361,0
479362,0
479363,0
479364,14
479365,0
479366,7
479367,0
479368,8
479369,7
479370,0
479371,13
479372,9
479373,0
479374,0
479375,0
479376,7
479377,12
479378,0
479379,0
479380,0
479381,0
479382,9
479383,0
479384,0
479385,0
479386,9
479387,6
479388,8
479389,7
479390,0
479391,6
479392,0
479393,0
479394,0
479395,0
479396,0
479397,0
479398,8
479399,8
479400,0
479401,8
479402,6
479403,0
479404,0
479405,0
479406,7
479407,0
479408,9
479409,0
479410,8
479411,4
479412,11
479413,0
479414,8
479415,12
479416,0
479417,0
479418,0
479419,0
479420,0
479421,0
479422,0
479423,11
479424,0
479425,0
479426,0
479427,6
479428,0
479429,0
479430,6
479431,0
479432,12
479433,0
479434,13
479435,0
479436,6
479437,5
479438,5
479439,0
479440,7
479441,0
479442,0
479443,0
479444,0
479445,0
479446,0
479447,0
479448,10
479449,14
479450,0
479451,0
479452,0
479453,0
479454,11
479455,9
479456,0
479457,0
479458,0
479459,0
479460,0
479461,9
479462,11
479463,3
479464,0
479465,0
479466,0
479467,0
479468,0
479469,0
479470,0
479471,4
479472,0
479473,10
479474,11
479475,9
479476,0
479477,6
479478,7
479479,0
479480,0
479481,0
479482,0
479483,0
479484,0
479485,0
479486,10
479487,0
479488,0
479489,0
479490,3
479491,10
479492,12
479493,0
479494,0
479495,13
479496,0
479497,8
479498,10
479499,0
479500,0
479501,8
479502,9
479503,0
479504,0
479505,0
479506,0
479507,2
479508,6
479509,7
479510,0
479511,0
479512,0
479513,0
479514,0
479515,0
479516,0
479517,0
479518,0
479519,0
479520,0
479521,0
479522,0
479523,11
479524,13
479525,0
479526,0
479527,0
479528,0
479529,0
479530,0
479531,0
479532,10
479533,0
479534,0
479535,10
479536,0
479537,7
479538,0
479539,0
479540,9
479541,0
479542,10
479543,0
479544,0
479545,0
479546,0
479547,0
479548,0
479549,0
479550,7
479551,0
479552,0
479553,0
479554,0
479555,16
479556,11
479557,12
479558,0
479559,0
479560,0
479561,8
479562,9
479563,0
479564,14
479565,0
479566,0
479567,8
479568,0
479569,0
479570,8
479571,0
479572,10
479573,0
479574,0
479575,0
479576,6
479577,0
479578,0
479579,0
479580,12
479581,0
479582,0
479583,0
479584,0
479585,0
479586,0
479587,7
479588,0
479589,0
479590,0
479591,0
479592,5
479593,0
479594,0
479595,0
479596,0
479597,10
479598,0
479599,0
479600,0
479601,6
479602,0
479603,0
479604,0
479605,0
479606,0
479607,0
479608,0
479609,0
479610,0
479611,0
479612,6
479613,0
479614,0
479615,9
479616,0
479617,5
479618,0
479619,5
479620,0
479621,17
479622,8
479623,0
479624,0
479625,6
479626,0
479627,0
479628,0
479629,9
479630,0
479631,0
479632,0
479633,0
479634,0
479635,0
479636,10
479637,0
479638,4
479639,11
479640,0
479641,7
479642,8
479643,0
479644,0
479645,0
479646,0
479647,0
479648,0
479649,9
479650,0
479651,0
479652,0
479653,0
479654,0
479655,0
479656,0
479657,0
479658,0
479659,0
479660,7
479661,8
479662,0
479663,0
479664,3
479665,0
479666,22
479667,7
479668,9
479669,6
479670,10
479671,9
479672,4
479673,0
479674,12
479675,0
479676,5
479677,0
479678,0
479679,0
479680,0
479681,0
479682,8
479683,9
479684,0
479685,0
479686,0
479687,0
479688,0
479689,5
479690,0
479691,0
479692,4
479693,0
479694,0
479695,0
479696,7
479697,7
479698,16
479699,0
479700,0
479701,0
479702,1
479703,0
479704,0
479705,0
479706,0
479707,0
479708,0
479709,15
479710,0
479711,0
479712,8
479713,0
479714,0
479715,0
479716,0
479717,0
479718,10
479719,0
479720,8
479721,0
479722,0
479723,0
479724,13
479725,0
479726,0
479727,7
479728,0
479729,0
479730,8
479731,0
479732,0
479733,7
479734,7
479735,0
479736,0
479737,0
479738,8
479739,0
479740,0
479741,0
479742,0
479743,0
479744,0
479745,0
479746,0
479747,0
479748,0
479749,0
479750,0
479751,16
479752,0
479753,0
479754,7
479755,0
479756,0
479757,0
479758,0
479759,14
479760,7
479761,7
479762,0
479763,0
479764,0
479765,13
479766,6
479767,0
479768,7
479769,0
479770,0
479771,0
479772,0
479773,0
479774,10
479775,8
479776,9
479777,0
479778,0
479779,0
479780,8
479781,0
479782,0
479783,0
479784,0
479785,0
479786,6
479787,0
479788,0
479789,0
479790,0
479791,0
479792,0
479793,0
479794,0
479795,0
479796,0
479797,0
479798,0
479799,0
479800,0
479801,0
479802,0
479803,0
479804,0
479805,0
479806,0
479807,0
479808,0
479809,0
479810,0
479811,0
479812,0
479813,0
479814,0
479815,0
479816,1
479817,0
479818,0
479819,0
479820,0
479821,0
479822,0
479823,1
479824,0
479825,1
479826,0
479827,0
479828,0
479829,0
479830,0
479831,0
479832,0
479833,0
479834,0
479835,0
479836,0
479837,0
479838,0
479839,0
479840,0
479841,0
479842,0
479843,0
479844,0
479845,0
479846,0
479847,3
479848,0
479849,0
479850,0
479851,0
479852,0
479853,0
479854,0
479855,0
479856,0
479857,0
479858,0
479859,0
479860,0
479861,0
479862,0
479863,4
479864,0
479865,0
479866,1
479867,0
479868,0
479869,0
479870,0
479871,0
479872,0
479873,0
479874,0
479875,3
479876,0
479877,0
479878,0
479879,0
479880,0
479881,0
479882,0
479883,0
479884,0
479885,0
479886,0
479887,0
479888,0
479889,0
479890,0
479891,0
479892,0
479893,0
479894,0
479895,0
479896,0
479897,0
479898,0
479899,3
479900,0
479901,0
479902,0
479903,0
479904,0
479905,0
479906,0
479907,0
479908,0
479909,0
479910,0
479911,0
479912,3
479913,0
479914,0
479915,0
479916,0
479917,0
479918,0
479919,0
479920,0
479921,1
479922,0
479923,0
479924,0
479925,0
479926,0
479927,0
479928,0
479929,0
479930,0
479931,0
479932,0
479933,0
479934,0
479935,0
479936,0
479937,0
479938,1
479939,0
479940,0
479941,0
479942,0
479943,0
479944,0
479945,0
479946,0
479947,0
479948,0
479949,0
479950,0
479951,0
479952,0
479953,0
479954,0
479955,0
479956,0
479957,0
479958,3
479959,0
479960,0
479961,0
479962,0
479963,0
479964,0
479965,0
479966,0
479967,0
479968,46
479969,42
479970,0
479971,0
479972,0
479973,0
479974,0
479975,0
479976,0
479977,40
479978,0
479979,0
479980,0
479981,30
479982,0
479983,0
479984,13
479985,0
479986,64
479987,0
479988,29
479989,0
479990,0
479991,0
479992,0
479993,0
479994,0
479995,0
479996,17
479997,0
479998,70
479999,0
480000,0
480001,0
480002,0
480003,0
480004,30
480005,0
480006,0
480007,29
480008,60
480009,0
480010,33
480011,0
480012,66
480013,0
480014,0
480015,0
480016,44
480017,0
480018,0
480019,0
480020,0
480021,66
480022,0
480023,0
480024,0
480025,0
480026,0
480027,0
480028,0
480029,0
480030,0
480031,31
480032,0
480033,0
480034,0
480035,0
480036,0
480037,0
480038,0
480039,0
480040,0
480041,25
480042,0
480043,0
480044,20
480045,0
480046,39
480047,32
480048,0
480049,0
480050,38
480051,0
480052,0
480053,58
480054,0
480055,0
480056,18
480057,58
480058,11
480059,0
480060,0
480061,0
480062,0
480063,31
480064,0
480065,0
480066,26
480067,65
480068,30
480069,0
480070,66
480071,0
480072,51
480073,0
480074,0
480075,0
480076,0
480077,0
480078,49
480079,0
480080,27
480081,0
480082,0
480083,19
480084,18
480085,0
480086,0
480087,46
480088,24
480089,0
480090,50
480091,0
480092,0
480093,0
480094,20
480095,0
480096,47
480097,0
480098,0
480099,45
480100,0
480101,0
480102,36
480103,0
480104,26
480105,19
480106,0
480107,0
480108,0
480109,31
480110,0
480111,0
480112,0
480113,47
480114,29
480115,19
480116,0
480117,0
480118,21
480119,0
480120,0
480121,0
480122,0
480123,0
480124,0
480125,0
480126,45
480127,0
480128,0
480129,0
480130,0
480131,42
480132,15
480133,0
480134,0
480135,0
480136,0
480137,0
480138,44
480139,0
480140,0
480141,0
480142,33
480143,0
480144,20
480145,39
480146,0
480147,0
480148,0
480149,0
480150,67
480151,0
480152,0
480153,0
480154,0
480155,0
480156,0
480157,14
480158,0
480159,0
480160,60
480161,21
480162,0
480163,0
480164,0
480165,0
480166,0
480167,0
480168,0
480169,0
480170,0
480171,0
480172,77
480173,0
480174,22
480175,0
480176,18
480177,39
480178,0
480179,0
480180,0
480181,0
480182,0
480183,52
480184,0
480185,50
480186,0
480187,23
480188,60
480189,0
480190,26
480191,0
480192,33
480193,0
480194,41
480195,31
480196,0
480197,0
480198,36
480199,37
480200,0
480201,0
480202,17
480203,28
480204,0
480205,0
480206,0
480207,34
480208,0
480209,43
480210,0
480211,23
480212,0
480213,0
480214,0
480215,0
480216,24
480217,0
480218,0
480219,0
480220,39
480221,0
480222,0
480223,69
480224,0
480225,30
480226,0
480227,0
480228,0
480229,0
480230,0
480231,0
480232,42
480233,0
480234,0
480235,0
480236,0
480237,0
480238,33
480239,0
480240,0
480241,41
480242,0
480243,0
480244,0
480245,0
480246,0
480247,78
480248,22
480249,22
480250,0
480251,0
480252,33
480253,73
480254,0
480255,0
480256,20
480257,0
480258,0
480259,0
480260,37
480261,51
480262,93
480263,0
480264,27
480265,0
480266,0
480267,0
480268,0
480269,0
480270,0
480271,0
480272,0
480273,52
480274,0
480275,0
480276,0
480277,0
480278,0
480279,0
480280,0
480281,0
480282,0
480283,57
480284,43
480285,65
480286,0
480287,19
480288,0
480289,25
480290,0
480291,0
480292,0
480293,0
480294,0
480295,0
480296,0
480297,0
480298,0
480299,0
480300,17
480301,0
480302,0
480303,0
480304,21
480305,0
480306,0
480307,0
480308,0
480309,39
480310,0
480311,0
480312,83
480313,20
480314,0
480315,0
480316,0
480317,0
480318,18
480319,0
480320,0
480321,0
480322,26
480323,0
480324,0
480325,0
480326,33
480327,0
480328,0
480329,0
480330,0
480331,0
480332,0
480333,0
480334,0
480335,0
480336,0
480337,0
480338,20
480339,0
480340,0
480341,0
480342,0
480343,0
480344,0
480345,0
480346,0
480347,0
480348,0
480349,0
480350,0
480351,0
480352,0
480353,41
480354,0
480355,30
480356,0
480357,0
480358,0
480359,0
480360,0
480361,0
480362,0
480363,0
480364,0
480365,30
480366,60
480367,22
480368,0
480369,0
480370,0
480371,18
480372,0
480373,22
480374,0
480375,0
480376,0
480377,0
480378,0
480379,34
480380,0
480381,0
480382,18
480383,0
480384,0
480385,0
480386,22
480387,0
480388,0
480389,62
480390,0
480391,0
480392,0
480393,67
480394,0
480395,31
480396,0
480397,0
480398,0
480399,0
480400,0
480401,0
480402,67
480403,0
480404,0
480405,0
480406,0
480407,0
480408,37
480409,0
480410,38
480411,0
480412,0
480413,43
480414,0
480415,0
480416,0
480417,0
480418,33
480419,0
480420,0
480421,0
480422,0
480423,0
480424,0
480425,0
480426,36
480427,0
480428,0
480429,0
480430,0
480431,0
480432,35
480433,0
480434,0
480435,0
480436,0
480437,57
480438,0
480439,0
480440,0
480441,0
480442,47
480443,20
480444,0
480445,21
480446,0
480447,52
480448,0
480449,0
480450,0
480451,0
480452,0
480453,0
480454,0
480455,0
480456,0
480457,0
480458,0
480459,0
480460,0
480461,0
480462,0
480463,0
480464,0
480465,0
480466,31
480467,0
480468,26
480469,0
480470,0
480471,0
480472,23
480473,0
480474,0
480475,0
480476,0
480477,0
480478,0
480479,40
480480,0
480481,0
480482,0
480483,0
480484,0
480485,35
480486,45
480487,0
480488,0
480489,0
480490,0
480491,0
480492,0
480493,0
480494,52
480495,0
480496,35
480497,0
480498,0
480499,66
480500,27
480501,42
480502,0
480503,0
480504,0
480505,0
480506,0
480507,25
480508,0
480509,0
480510,0
480511,0
480512,0
480513,44
480514,0
480515,0
480516,0
480517,0
480518,33
480519,0
480520,13
480521,28
480522,0
480523,0
480524,0
480525,0
480526,49
480527,0
480528,48
480529,0
480530,0
480531,0
480532,0
480533,44
480534,52
480535,31
480536,46
480537,0
480538,0
480539,0
480540,0
480541,37
480542,0
480543,33
480544,0
480545,0
480546,0
480547,0
480548,0
480549,0
480550,0
480551,29
480552,0
480553,0
480554,0
480555,0
480556,0
480557,0
480558,0
480559,0
480560,0
480561,0
480562,0
480563,0
480564,0
480565,0
480566,0
480567,0
480568,22
480569,0
480570,0
480571,0
480572,0
480573,0
480574,0
480575,0
480576,0
480577,0
480578,0
480579,0
480580,0
480581,0
480582,0
480583,33
480584,0
480585,0
480586,0
480587,0
480588,0
480589,0
480590,0
480591,0
480592,0
480593,0
480594,0
480595,0
480596,0
480597,0
480598,40
480599,0
480600,34
480601,0
480602,0
480603,0
480604,0
480605,0
480606,0
480607,0
480608,0
480609,0
480610,0
480611,0
480612,61
480613,0
480614,36
480615,37
480616,0
480617,0
480618,0
480619,0
480620,0
480621,47
480622,52
480623,0
480624,0
480625,0
480626,0
480627,0
480628,0
480629,0
480630,0
480631,0
480632,35
480633,0
480634,52
480635,0
480636,0
480637,0
480638,0
480639,18
480640,0
480641,0
480642,0
480643,0
480644,0
480645,0
480646,0
480647,47
480648,0
480649,0
480650,14
480651,0
480652,0
480653,0
480654,23
480655,46
480656,0
480657,0
480658,44
480659,80
480660,0
480661,57
480662,0
480663,29
480664,22
480665,0
480666,0
480667,0
480668,20
480669,0
480670,0
480671,0
480672,0
480673,0
480674,0
480675,0
480676,0
480677,50
480678,0
480679,54
480680,0
480681,0
480682,0
480683,0
480684,0
480685,0
480686,0
480687,25
480688,0
480689,0
480690,0
480691,0
480692,40
480693,15
480694,0
480695,0
480696,40
480697,0
480698,0
480699,0
480700,36
480701,43
480702,0
480703,0
480704,0
480705,0
480706,0
480707,52
480708,14
480709,0
480710,49
480711,0
480712,50
480713,0
480714,0
480715,21
480716,0
480717,39
480718,0
480719,0
480720,0
480721,0
480722,35
480723,0
480724,0
480725,22
480726,0
480727,0
480728,0
480729,0
480730,0
480731,8
480732,0
480733,34
480734,0
480735,0
480736,0
480737,0
480738,0
480739,0
480740,0
480741,0
480742,0
480743,0
480744,31
480745,0
480746,0
480747,0
480748,0
480749,0
480750,0
480751,0
480752,0
480753,28
480754,0
480755,45
480756,0
480757,26
480758,0
480759,45
480760,0
480761,0
480762,24
480763,28
480764,29
480765,30
480766,0
480767,0
480768,62
480769,39
480770,0
480771,0
480772,0
480773,0
480774,16
480775,26
480776,0
480777,0
480778,0
480779,36
480780,0
480781,27
480782,0
480783,0
480784,0
480785,0
480786,0
480787,0
480788,24
480789,0
480790,0
480791,0
480792,18
480793,0
480794,14
480795,22
480796,0
480797,0
480798,0
480799,47
480800,99
480801,0
480802,0
480803,17
480804,46
480805,0
480806,37
480807,39
480808,0
480809,36
480810,0
480811,0
480812,0
480813,0
480814,44
480815,0
480816,0
480817,60
480818,50
480819,0
480820,0
480821,0
480822,40
480823,40
480824,0
480825,0
480826,0
480827,0
480828,26
480829,0
480830,0
480831,0
480832,42
480833,0
480834,0
480835,20
480836,0
480837,26
480838,39
480839,0
480840,0
480841,0
480842,0
480843,0
480844,0
480845,0
480846,0
480847,0
480848,25
480849,0
480850,0
480851,0
480852,61
480853,0
480854,0
480855,0
480856,19
480857,0
480858,0
480859,0
480860,1
480861,0
480862,0
480863,0
480864,0
480865,2
480866,4
480867,0
480868,2
480869,0
480870,0
480871,6
480872,0
480873,0
480874,2
480875,4
480876,0
480877,0
480878,0
480879,0
480880,0
480881,0
480882,4
480883,0
480884,0
480885,0
480886,0
480887,0
480888,6
480889,0
480890,1
480891,0
480892,0
480893,0
480894,3
480895,0
480896,2
480897,0
480898,3
480899,0
480900,0
480901,0
480902,2
480903,0
480904,0
480905,0
480906,0
480907,0
480908,0
480909,0
480910,0
480911,0
480912,0
480913,4
480914,3
480915,0
480916,0
480917,0
480918,0
480919,0
480920,0
480921,0
480922,0
480923,0
480924,0
480925,0
480926,0
480927,6
480928,0
480929,0
480930,0
480931,0
480932,0
480933,4
480934,0
480935,0
480936,0
480937,0
480938,0
480939,0
480940,0
480941,0
480942,0
480943,0
480944,2
480945,0
480946,0
480947,2
480948,0
480949,0
480950,0
480951,0
480952,0
480953,5
480954,2
480955,0
480956,0
480957,0
480958,3
480959,0
480960,0
480961,3
480962,0
480963,0
480964,0
480965,7
480966,0
480967,5
480968,0
480969,0
480970,0
480971,3
480972,0
480973,0
480974,0
480975,0
480976,0
480977,0
480978,0
480979,2
480980,0
480981,0
480982,0
480983,0
480984,5
480985,4
480986,0
480987,0
480988,0
480989,4
480990,9
480991,0
480992,0
480993,0
480994,0
480995,2
480996,5
480997,3
480998,0
480999,2
481000,0
481001,2
481002,0
481003,3
481004,4
481005,0
481006,0
481007,0
481008,0
481009,0
481010,0
481011,0
481012,2
481013,0
481014,0
481015,2
481016,3
481017,0
481018,0
481019,0
481020,4
481021,5
481022,0
481023,0
481024,2
481025,0
481026,0
481027,0
481028,0
481029,5
481030,0
481031,0
481032,0
481033,0
481034,0
481035,0
481036,0
481037,1
481038,0
481039,0
481040,0
481041,0
481042,0
481043,0
481044,0
481045,0
481046,0
481047,0
481048,1
481049,0
481050,0
481051,0
481052,0
481053,0
481054,0
481055,0
481056,0
481057,0
481058,0
481059,0
481060,0
481061,0
481062,0
481063,0
481064,0
481065,0
481066,0
481067,0
481068,0
481069,0
481070,0
481071,0
481072,0
481073,0
481074,0
481075,0
481076,0
481077,0
481078,0
481079,0
481080,0
481081,0
481082,0
481083,0
481084,0
481085,0
481086,0
481087,0
481088,0
481089,0
481090,0
481091,0
481092,0
481093,0
481094,0
481095,0
481096,0
481097,0
481098,0
481099,0
481100,0
481101,0
481102,0
481103,0
481104,0
481105,0
481106,0
481107,0
481108,0
481109,0
481110,0
481111,0
481112,0
481113,0
481114,0
481115,0
481116,0
481117,0
481118,0
481119,0
481120,0
481121,0
481122,0
481123,0
481124,0
481125,0
481126,0
481127,0
481128,0
481129,0
481130,0
481131,0
481132,0
481133,0
481134,0
481135,0
481136,0
481137,0
481138,0
481139,0
481140,0
481141,0
481142,0
481143,0
481144,0
481145,0
481146,0
481147,0
481148,0
481149,0
481150,0
481151,0
481152,0
481153,0
481154,0
481155,0
481156,0
481157,0
481158,0
481159,0
481160,0
481161,0
481162,0
481163,0
481164,0
481165,0
481166,0
481167,0
481168,0
481169,0
481170,0
481171,0
481172,0
481173,0
481174,0
481175,0
481176,0
481177,0
481178,0
481179,0
481180,0
481181,0
481182,0
481183,0
481184,0
481185,0
481186,0
481187,0
481188,0
481189,0
481190,0
481191,0
481192,0
481193,0
481194,0
481195,0
481196,0
481197,0
481198,0
481199,0
481200,0
481201,0
481202,0
481203,0
481204,0
481205,0
481206,0
481207,0
481208,0
481209,0
481210,0
481211,0
481212,0
481213,0
481214,0
481215,0
481216,0
481217,0
481218,0
481219,0
481220,0
481221,0
481222,0
481223,0
481224,0
481225,0
481226,0
481227,1
481228,0
481229,0
481230,0
481231,0
481232,0
481233,0
481234,0
481235,0
481236,0
481237,0
481238,0
481239,0
481240,0
481241,0
481242,0
481243,0
481244,0
481245,0
481246,0
481247,0
481248,0
481249,0
481250,0
481251,0
481252,0
481253,0
481254,0
481255,0
481256,0
481257,0
481258,0
481259,0
481260,0
481261,0
481262,0
481263,0
481264,0
481265,0
481266,0
481267,0
481268,0
481269,1
481270,0
481271,0
481272,0
481273,0
481274,0
481275,0
481276,0
481277,0
481278,0
481279,0
481280,0
481281,0
481282,0
481283,0
481284,0
481285,0
481286,0
481287,0
481288,0
481289,0
481290,0
481291,0
481292,0
481293,0
481294,0
481295,0
481296,0
481297,0
481298,0
481299,0
481300,0
481301,0
481302,0
481303,0
481304,0
481305,0
481306,0
481307,0
481308,0
481309,0
481310,0
481311,0
481312,0
481313,0
481314,0
481315,0
481316,0
481317,0
481318,0
481319,0
481320,0
481321,0
481322,0
481323,0
481324,0
481325,0
481326,0
481327,0
481328,0
481329,0
481330,0
481331,0
481332,0
481333,0
481334,0
481335,0
481336,0
481337,0
481338,0
481339,0
481340,0
481341,0
481342,0
481343,0
481344,0
481345,0
481346,0
481347,0
481348,0
481349,0
481350,0
481351,0
481352,0
481353,0
481354,0
481355,0
481356,0
481357,0
481358,0
481359,0
481360,0
481361,0
481362,0
481363,0
481364,0
481365,0
481366,0
481367,0
481368,0
481369,0
481370,0
481371,0
481372,0
481373,0
481374,0
481375,0
481376,0
481377,0
481378,0
481379,0
481380,0
481381,0
481382,0
481383,0
481384,0
481385,0
481386,0
481387,0
481388,0
481389,0
481390,0
481391,0
481392,0
481393,0
481394,0
481395,0
481396,0
481397,0
481398,0
481399,0
481400,0
481401,0
481402,0
481403,1
481404,0
481405,0
481406,0
481407,0
481408,0
481409,0
481410,0
481411,0
481412,0
481413,0
481414,0
481415,0
481416,0
481417,0
481418,0
481419,0
481420,0
481421,0
481422,0
481423,0
481424,0
481425,0
481426,0
481427,0
481428,0
481429,0
481430,0
481431,0
481432,0
481433,0
481434,0
481435,0
481436,0
481437,0
481438,0
481439,0
481440,0
481441,0
481442,0
481443,0
481444,0
481445,0
481446,0
481447,0
481448,0
481449,0
481450,0
481451,0
481452,0
481453,0
481454,0
481455,0
481456,0
481457,0
481458,0
481459,0
481460,0
481461,0
481462,0
481463,0
481464,0
481465,0
481466,0
481467,0
481468,0
481469,0
481470,0
481471,0
481472,0
481473,1
481474,0
481475,0
481476,0
481477,0
481478,0
481479,0
481480,0
481481,0
481482,0
481483,0
481484,0
481485,0
481486,0
481487,0
481488,0
481489,0
481490,0
481491,0
481492,0
481493,0
481494,0
481495,0
481496,0
481497,0
481498,0
481499,0
481500,0
481501,0
481502,0
481503,0
481504,0
481505,0
481506,0
481507,0
481508,0
481509,0
481510,0
481511,0
481512,0
481513,0
481514,0
481515,0
481516,0
481517,0
481518,0
481519,0
481520,0
481521,0
481522,0
481523,0
481524,0
481525,0
481526,0
481527,0
481528,0
481529,0
481530,0
481531,0
481532,0
481533,0
481534,0
481535,0
481536,0
481537,0
481538,0
481539,0
481540,0
481541,0
481542,0
481543,0
481544,0
481545,0
481546,0
481547,0
481548,0
481549,0
481550,0
481551,0
481552,0
481553,0
481554,0
481555,0
481556,0
481557,0
481558,0
481559,0
481560,0
481561,0
481562,0
481563,0
481564,0
481565,0
481566,0
481567,0
481568,0
481569,0
481570,0
481571,0
481572,1
481573,0
481574,0
481575,0
481576,0
481577,0
481578,0
481579,0
481580,0
481581,0
481582,0
481583,0
481584,0
481585,0
481586,0
481587,0
481588,0
481589,0
481590,0
481591,0
481592,0
481593,0
481594,0
481595,0
481596,0
481597,0
481598,0
481599,0
481600,0
481601,0
481602,0
481603,0
481604,0
481605,0
481606,0
481607,0
481608,0
481609,0
481610,0
481611,0
481612,0
481613,0
481614,0
481615,0
481616,0
481617,0
481618,0
481619,0
481620,0
481621,0
481622,0
481623,0
481624,0
481625,0
481626,0
481627,0
481628,0
481629,0
481630,0
481631,0
481632,0
481633,0
481634,0
481635,0
481636,0
481637,0
481638,0
481639,0
481640,0
481641,0
481642,0
481643,0
481644,0
481645,0
481646,0
481647,0
481648,0
481649,0
481650,0
481651,0
481652,0
481653,0
481654,0
481655,0
481656,0
481657,0
481658,0
481659,0
481660,0
481661,0
481662,0
481663,0
481664,0
481665,0
481666,0
481667,0
481668,0
481669,0
481670,0
481671,0
481672,0
481673,0
481674,0
481675,0
481676,0
481677,0
481678,0
481679,0
481680,0
481681,0
481682,0
481683,0
481684,0
481685,0
481686,0
481687,0
481688,0
481689,0
481690,0
481691,0
481692,0
481693,0
481694,0
481695,0
481696,0
481697,0
481698,0
481699,0
481700,0
481701,0
481702,0
481703,0
481704,0
481705,0
481706,0
481707,0
481708,0
481709,0
481710,0
481711,0
481712,0
481713,0
481714,0
481715,0
481716,0
481717,0
481718,0
481719,0
481720,0
481721,0
481722,0
481723,0
481724,0
481725,0
481726,0
481727,0
481728,0
481729,0
481730,0
481731,0
481732,0
481733,0
481734,0
481735,0
481736,0
481737,0
481738,0
481739,0
481740,0
481741,0
481742,0
481743,0
481744,0
481745,0
481746,0
481747,0
481748,0
481749,0
481750,0
481751,0
481752,0
481753,0
481754,4
481755,0
481756,0
481757,0
481758,0
481759,3
481760,4
481761,3
481762,0
481763,2
481764,0
481765,0
481766,0
481767,0
481768,0
481769,0
481770,2
481771,0
481772,0
481773,1
481774,0
481775,0
481776,0
481777,0
481778,0
481779,0
481780,0
481781,0
481782,0
481783,1
481784,0
481785,0
481786,0
481787,0
481788,4
481789,0
481790,0
481791,0
481792,0
481793,0
481794,0
481795,0
481796,0
481797,3
481798,0
481799,4
481800,0
481801,0
481802,0
481803,0
481804,0
481805,0
481806,0
481807,0
481808,0
481809,0
481810,0
481811,0
481812,2
481813,1
481814,0
481815,5
481816,2
481817,0
481818,0
481819,0
481820,0
481821,0
481822,4
481823,4
481824,0
481825,0
481826,3
481827,0
481828,0
481829,0
481830,0
481831,0
481832,0
481833,0
481834,0
481835,0
481836,4
481837,0
481838,0
481839,0
481840,0
481841,0
481842,0
481843,3
481844,0
481845,1
481846,0
481847,0
481848,0
481849,0
481850,0
481851,0
481852,0
481853,0
481854,3
481855,0
481856,0
481857,0
481858,1
481859,0
481860,0
481861,0
481862,0
481863,2
481864,0
481865,0
481866,0
481867,0
481868,0
481869,0
481870,0
481871,4
481872,0
481873,2
481874,0
481875,0
481876,0
481877,0
481878,2
481879,0
481880,0
481881,0
481882,0
481883,0
481884,2
481885,0
481886,1
481887,0
481888,0
481889,0
481890,0
481891,4
481892,0
481893,6
481894,0
481895,0
481896,0
481897,0
481898,0
481899,0
481900,0
481901,0
481902,0
481903,0
481904,0
481905,0
481906,0
481907,0
481908,0
481909,4
481910,0
481911,0
481912,0
481913,5
481914,0
481915,0
481916,0
481917,0
481918,1
481919,0
481920,0
481921,0
481922,0
481923,0
481924,0
481925,0
481926,0
481927,5
481928,0
481929,0
481930,0
481931,0
481932,4
481933,3
481934,0
481935,0
481936,6
481937,0
481938,0
481939,6
481940,0
481941,0
481942,0
481943,0
481944,1
481945,4
481946,4
481947,0
481948,0
481949,0
481950,0
481951,0
481952,0
481953,0
481954,0
481955,0
481956,0
481957,2
481958,4
481959,0
481960,1
481961,1
481962,0
481963,3
481964,0
481965,0
481966,0
481967,2
481968,0
481969,0
481970,0
481971,0
481972,3
481973,0
481974,0
481975,0
481976,0
481977,0
481978,0
481979,0
481980,1
481981,0
481982,0
481983,0
481984,0
481985,1
481986,0
481987,0
481988,0
481989,0
481990,0
481991,0
481992,0
481993,0
481994,0
481995,0
481996,0
481997,0
481998,0
481999,0
482000,0
482001,0
482002,2
482003,0
482004,0
482005,0
482006,0
482007,5
482008,3
482009,0
482010,0
482011,0
482012,0
482013,4
482014,1
482015,1
482016,3
482017,2
482018,0
482019,0
482020,0
482021,2
482022,0
482023,0
482024,3
482025,0
482026,0
482027,0
482028,0
482029,0
482030,0
482031,0
482032,5
482033,0
482034,0
482035,0
482036,0
482037,0
482038,0
482039,0
482040,0
482041,0
482042,0
482043,0
482044,0
482045,3
482046,0
482047,3
482048,3
482049,0
482050,3
482051,0
482052,2
482053,0
482054,0
482055,0
482056,0
482057,0
482058,0
482059,3
482060,0
482061,0
482062,0
482063,3
482064,0
482065,1
482066,0
482067,2
482068,0
482069,0
482070,4
482071,0
482072,3
482073,0
482074,0
482075,0
482076,0
482077,2
482078,0
482079,0
482080,0
482081,0
482082,0
482083,1
482084,0
482085,0
482086,0
482087,0
482088,3
482089,0
482090,0
482091,2
482092,0
482093,0
482094,1
482095,4
482096,0
482097,0
482098,1
482099,6
482100,0
482101,0
482102,3
482103,0
482104,4
482105,0
482106,1
482107,0
482108,0
482109,0
482110,0
482111,0
482112,0
482113,0
482114,0
482115,0
482116,6
482117,0
482118,3
482119,0
482120,0
482121,0
482122,0
482123,0
482124,6
482125,0
482126,0
482127,3
482128,0
482129,3
482130,0
482131,0
482132,0
482133,0
482134,1
482135,0
482136,0
482137,0
482138,4
482139,0
482140,0
482141,0
482142,0
482143,0
482144,0
482145,3
482146,0
482147,1
482148,0
482149,5
482150,0
482151,0
482152,4
482153,0
482154,0
482155,3
482156,0
482157,0
482158,0
482159,0
482160,0
482161,0
482162,0
482163,0
482164,0
482165,0
482166,4
482167,2
482168,0
482169,0
482170,0
482171,0
482172,4
482173,0
482174,0
482175,2
482176,0
482177,0
482178,0
482179,0
482180,0
482181,0
482182,0
482183,0
482184,0
482185,0
482186,0
482187,0
482188,5
482189,8
482190,0
482191,0
482192,2
482193,0
482194,0
482195,2
482196,4
482197,0
482198,0
482199,0
482200,0
482201,0
482202,1
482203,0
482204,0
482205,0
482206,0
482207,3
482208,0
482209,0
482210,0
482211,0
482212,0
482213,0
482214,0
482215,0
482216,0
482217,0
482218,0
482219,0
482220,1
482221,1
482222,0
482223,0
482224,0
482225,0
482226,0
482227,0
482228,5
482229,1
482230,0
482231,0
482232,0
482233,2
482234,1
482235,0
482236,2
482237,0
482238,0
482239,7
482240,0
482241,0
482242,0
482243,0
482244,0
482245,0
482246,0
482247,0
482248,0
482249,0
482250,4
482251,0
482252,2
482253,2
482254,0
482255,0
482256,0
482257,0
482258,0
482259,6
482260,0
482261,0
482262,0
482263,0
482264,0
482265,0
482266,0
482267,3
482268,11
482269,0
482270,0
482271,2
482272,0
482273,0
482274,0
482275,1
482276,0
482277,0
482278,0
482279,0
482280,1
482281,0
482282,0
482283,2
482284,0
482285,0
482286,0
482287,0
482288,0
482289,0
482290,2
482291,0
482292,0
482293,0
482294,0
482295,0
482296,2
482297,0
482298,0
482299,0
482300,0
482301,3
482302,0
482303,0
482304,0
482305,0
482306,0
482307,0
482308,0
482309,3
482310,2
482311,0
482312,0
482313,0
482314,3
482315,0
482316,0
482317,0
482318,6
482319,4
482320,0
482321,11
482322,0
482323,0
482324,0
482325,2
482326,1
482327,0
482328,0
482329,5
482330,0
482331,0
482332,0
482333,0
482334,5
482335,0
482336,0
482337,0
482338,0
482339,0
482340,0
482341,5
482342,0
482343,0
482344,0
482345,6
482346,0
482347,7
482348,0
482349,0
482350,0
482351,0
482352,0
482353,0
482354,0
482355,0
482356,0
482357,0
482358,0
482359,2
482360,0
482361,3
482362,0
482363,0
482364,0
482365,4
482366,0
482367,0
482368,4
482369,0
482370,0
482371,0
482372,6
482373,0
482374,0
482375,0
482376,0
482377,1
482378,2
482379,0
482380,0
482381,0
482382,0
482383,0
482384,2
482385,0
482386,1
482387,3
482388,0
482389,0
482390,0
482391,0
482392,0
482393,0
482394,0
482395,0
482396,0
482397,0
482398,0
482399,0
482400,2
482401,0
482402,0
482403,0
482404,3
482405,0
482406,0
482407,0
482408,0
482409,3
482410,2
482411,0
482412,0
482413,0
482414,1
482415,0
482416,0
482417,0
482418,0
482419,0
482420,1
482421,0
482422,0
482423,3
482424,0
482425,1
482426,3
482427,0
482428,0
482429,0
482430,1
482431,3
482432,0
482433,0
482434,0
482435,0
482436,0
482437,0
482438,0
482439,0
482440,0
482441,0
482442,0
482443,2
482444,0
482445,0
482446,0
482447,0
482448,0
482449,0
482450,0
482451,0
482452,0
482453,0
482454,1
482455,0
482456,0
482457,0
482458,6
482459,0
482460,4
482461,5
482462,3
482463,0
482464,0
482465,3
482466,0
482467,0
482468,0
482469,0
482470,0
482471,0
482472,4
482473,0
482474,0
482475,0
482476,0
482477,0
482478,0
482479,0
482480,0
482481,0
482482,3
482483,0
482484,0
482485,0
482486,0
482487,0
482488,0
482489,0
482490,0
482491,0
482492,0
482493,0
482494,0
482495,0
482496,0
482497,0
482498,0
482499,0
482500,21
482501,0
482502,0
482503,0
482504,0
482505,0
482506,0
482507,25
482508,0
482509,0
482510,0
482511,0
482512,0
482513,0
482514,0
482515,0
482516,0
482517,0
482518,0
482519,0
482520,0
482521,30
482522,0
482523,0
482524,0
482525,0
482526,0
482527,0
482528,13
482529,0
482530,0
482531,0
482532,0
482533,0
482534,0
482535,0
482536,0
482537,0
482538,0
482539,27
482540,0
482541,0
482542,0
482543,0
482544,0
482545,0
482546,0
482547,0
482548,18
482549,0
482550,0
482551,0
482552,0
482553,0
482554,0
482555,0
482556,0
482557,0
482558,0
482559,0
482560,0
482561,0
482562,0
482563,0
482564,0
482565,0
482566,0
482567,0
482568,0
482569,0
482570,0
482571,0
482572,0
482573,0
482574,0
482575,0
482576,0
482577,0
482578,0
482579,0
482580,0
482581,0
482582,0
482583,0
482584,0
482585,0
482586,0
482587,0
482588,0
482589,0
482590,0
482591,0
482592,0
482593,0
482594,0
482595,0
482596,0
482597,0
482598,0
482599,0
482600,0
482601,0
482602,0
482603,28
482604,0
482605,0
482606,0
482607,0
482608,0
482609,0
482610,0
482611,0
482612,0
482613,0
482614,0
482615,0
482616,0
482617,0
482618,0
482619,0
482620,0
482621,28
482622,13
482623,0
482624,0
482625,0
482626,0
482627,0
482628,0
482629,0
482630,0
482631,0
482632,0
482633,0
482634,0
482635,0
482636,0
482637,0
482638,0
482639,0
482640,0
482641,0
482642,0
482643,0
482644,0
482645,34
482646,0
482647,18
482648,0
482649,0
482650,0
482651,0
482652,0
482653,0
482654,0
482655,0
482656,0
482657,0
482658,0
482659,0
482660,0
482661,0
482662,0
482663,0
482664,0
482665,0
482666,0
482667,0
482668,0
482669,0
482670,0
482671,0
482672,0
482673,0
482674,0
482675,0
482676,0
482677,0
482678,19
482679,0
482680,0
482681,0
482682,0
482683,0
482684,0
482685,0
482686,0
482687,26
482688,0
482689,0
482690,0
482691,0
482692,0
482693,0
482694,0
482695,0
482696,0
482697,0
482698,0
482699,0
482700,0
482701,0
482702,0
482703,31
482704,0
482705,29
482706,0
482707,27
482708,0
482709,26
482710,0
482711,0
482712,0
482713,0
482714,0
482715,0
482716,0
482717,0
482718,0
482719,0
482720,0
482721,0
482722,0
482723,0
482724,0
482725,0
482726,0
482727,0
482728,0
482729,0
482730,33
482731,0
482732,0
482733,0
482734,0
482735,0
482736,0
482737,0
482738,0
482739,0
482740,31
482741,0
482742,0
482743,0
482744,0
482745,0
482746,0
482747,0
482748,0
482749,0
482750,30
482751,0
482752,0
482753,0
482754,0
482755,0
482756,0
482757,0
482758,0
482759,0
482760,0
482761,0
482762,0
482763,0
482764,24
482765,0
482766,0
482767,0
482768,0
482769,0
482770,25
482771,20
482772,0
482773,0
482774,0
482775,0
482776,0
482777,0
482778,0
482779,0
482780,0
482781,0
482782,0
482783,0
482784,0
482785,37
482786,0
482787,0
482788,25
482789,0
482790,0
482791,0
482792,0
482793,0
482794,0
482795,0
482796,0
482797,0
482798,0
482799,0
482800,25
482801,0
482802,0
482803,0
482804,0
482805,0
482806,0
482807,0
482808,0
482809,0
482810,0
482811,0
482812,0
482813,0
482814,0
482815,0
482816,0
482817,0
482818,0
482819,0
482820,0
482821,0
482822,0
482823,0
482824,0
482825,0
482826,0
482827,0
482828,0
482829,0
482830,0
482831,0
482832,0
482833,19
482834,0
482835,0
482836,0
482837,0
482838,0
482839,0
482840,0
482841,0
482842,0
482843,0
482844,0
482845,0
482846,21
482847,0
482848,0
482849,24
482850,0
482851,0
482852,0
482853,0
482854,0
482855,0
482856,0
482857,0
482858,0
482859,0
482860,0
482861,0
482862,0
482863,0
482864,0
482865,0
482866,0
482867,0
482868,0
482869,0
482870,0
482871,0
482872,0
482873,0
482874,0
482875,0
482876,0
482877,0
482878,0
482879,32
482880,0
482881,0
482882,0
482883,0
482884,0
482885,0
482886,0
482887,0
482888,33
482889,0
482890,0
482891,0
482892,0
482893,0
482894,0
482895,0
482896,0
482897,0
482898,0
482899,0
482900,0
482901,0
482902,0
482903,0
482904,0
482905,22
482906,0
482907,0
482908,0
482909,0
482910,0
482911,27
482912,0
482913,0
482914,0
482915,0
482916,0
482917,0
482918,0
482919,0
482920,0
482921,0
482922,0
482923,0
482924,0
482925,27
482926,0
482927,0
482928,0
482929,0
482930,0
482931,0
482932,0
482933,0
482934,0
482935,0
482936,17
482937,0
482938,0
482939,0
482940,0
482941,0
482942,0
482943,0
482944,0
482945,39
482946,0
482947,0
482948,0
482949,0
482950,0
482951,0
482952,0
482953,0
482954,0
482955,0
482956,0
482957,0
482958,0
482959,0
482960,0
482961,0
482962,0
482963,0
482964,0
482965,0
482966,0
482967,0
482968,0
482969,0
482970,0
482971,0
482972,0
482973,0
482974,0
482975,0
482976,0
482977,0
482978,0
482979,0
482980,1
482981,0
482982,0
482983,0
482984,0
482985,0
482986,0
482987,0
482988,0
482989,0
482990,0
482991,0
482992,0
482993,0
482994,0
482995,0
482996,0
482997,0
482998,0
482999,0
483000,0
483001,0
483002,0
483003,0
483004,0
483005,0
483006,0
483007,0
483008,0
483009,0
483010,0
483011,0
483012,0
483013,0
483014,0
483015,0
483016,0
483017,0
483018,0
483019,0
483020,0
483021,0
483022,0
483023,0
483024,0
483025,0
483026,0
483027,0
483028,0
483029,0
483030,0
483031,0
483032,0
483033,0
483034,0
483035,0
483036,0
483037,0
483038,0
483039,0
483040,0
483041,0
483042,0
483043,0
483044,0
483045,0
483046,0
483047,0
483048,0
483049,0
483050,0
483051,0
483052,0
483053,0
483054,0
483055,0
483056,0
483057,0
483058,0
483059,0
483060,0
483061,0
483062,0
483063,0
483064,0
483065,0
483066,0
483067,0
483068,0
483069,0
483070,0
483071,0
483072,0
483073,0
483074,0
483075,0
483076,0
483077,0
483078,0
483079,0
483080,0
483081,0
483082,0
483083,0
483084,0
483085,0
483086,0
483087,0
483088,0
483089,0
483090,0
483091,0
483092,0
483093,0
483094,0
483095,0
483096,0
483097,0
483098,0
483099,0
483100,0
483101,0
483102,0
483103,0
483104,0
483105,0
483106,0
483107,0
483108,0
483109,0
483110,0
483111,0
483112,0
483113,0
483114,0
483115,0
483116,0
483117,0
483118,0
483119,0
483120,0
483121,0
483122,0
483123,0
483124,0
483125,0
483126,0
483127,0
483128,0
483129,0
483130,0
483131,0
483132,0
483133,0
483134,0
483135,0
483136,0
483137,0
483138,0
483139,0
483140,0
483141,0
483142,0
483143,0
483144,0
483145,0
483146,0
483147,0
483148,0
483149,0
483150,0
483151,0
483152,0
483153,0
483154,0
483155,0
483156,0
483157,0
483158,0
483159,0
483160,0
483161,0
483162,0
483163,0
483164,0
483165,0
483166,0
483167,0
483168,0
483169,0
483170,0
483171,0
483172,0
483173,0
483174,0
483175,0
483176,0
483177,0
483178,0
483179,0
483180,0
483181,0
483182,0
483183,0
483184,0
483185,0
483186,0
483187,0
483188,0
483189,0
483190,0
483191,0
483192,0
483193,0
483194,0
483195,0
483196,0
483197,0
483198,0
483199,0
483200,0
483201,0
483202,0
483203,0
483204,0
483205,0
483206,0
483207,0
483208,0
483209,0
483210,0
483211,0
483212,0
483213,0
483214,0
483215,0
483216,0
483217,0
483218,0
483219,0
483220,0
483221,0
483222,0
483223,0
483224,0
483225,0
483226,0
483227,0
483228,0
483229,0
483230,0
483231,0
483232,0
483233,0
483234,0
483235,0
483236,0
483237,0
483238,0
483239,0
483240,0
483241,0
483242,0
483243,0
483244,0
483245,0
483246,0
483247,0
483248,0
483249,0
483250,0
483251,0
483252,0
483253,0
483254,0
483255,0
483256,0
483257,0
483258,0
483259,0
483260,0
483261,0
483262,0
483263,0
483264,0
483265,0
483266,0
483267,0
483268,0
483269,0
483270,0
483271,0
483272,0
483273,0
483274,0
483275,0
483276,0
483277,0
483278,0
483279,0
483280,0
483281,0
483282,0
483283,0
483284,0
483285,0
483286,0
483287,0
483288,0
483289,0
483290,0
483291,0
483292,0
483293,0
483294,0
483295,0
483296,0
483297,0
483298,0
483299,0
483300,0
483301,0
483302,0
483303,0
483304,0
483305,0
483306,0
483307,0
483308,0
483309,0
483310,0
483311,0
483312,0
483313,0
483314,0
483315,0
483316,0
483317,0
483318,0
483319,0
483320,0
483321,0
483322,0
483323,0
483324,0
483325,0
483326,0
483327,0
483328,0
483329,0
483330,0
483331,0
483332,0
483333,0
483334,0
483335,0
483336,0
483337,0
483338,0
483339,0
483340,0
483341,0
483342,0
483343,0
483344,0
483345,0
483346,0
483347,0
483348,0
483349,0
483350,0
483351,0
483352,0
483353,0
483354,0
483355,0
483356,0
483357,0
483358,0
483359,0
483360,0
483361,0
483362,0
483363,0
483364,0
483365,0
483366,0
483367,0
483368,0
483369,0
483370,0
483371,0
483372,0
483373,0
483374,0
483375,0
483376,0
483377,0
483378,0
483379,0
483380,0
483381,0
483382,0
483383,0
483384,0
483385,0
483386,0
483387,0
483388,0
483389,0
483390,0
483391,0
483392,0
483393,0
483394,0
483395,0
483396,0
483397,0
483398,0
483399,0
483400,0
483401,0
483402,0
483403,0
483404,0
483405,0
483406,0
483407,0
483408,0
483409,0
483410,0
483411,1
483412,0
483413,0
483414,0
483415,0
483416,0
483417,0
483418,0
483419,0
483420,0
483421,0
483422,0
483423,0
483424,0
483425,0
483426,0
483427,0
483428,0
483429,0
483430,0
483431,0
483432,0
483433,0
483434,0
483435,0
483436,0
483437,0
483438,1
483439,0
483440,0
483441,0
483442,0
483443,0
483444,0
483445,3
483446,5
483447,2
483448,0
483449,0
483450,0
483451,0
483452,0
483453,0
483454,0
483455,3
483456,0
483457,0
483458,0
483459,0
483460,0
483461,0
483462,0
483463,0
483464,0
483465,0
483466,0
483467,0
483468,0
483469,0
483470,0
483471,2
483472,0
483473,0
483474,0
483475,0
483476,7
483477,0
483478,0
483479,0
483480,0
483481,0
483482,0
483483,2
483484,0
483485,3
483486,0
483487,0
483488,0
483489,3
483490,0
483491,4
483492,4
483493,0
483494,0
483495,0
483496,0
483497,0
483498,0
483499,0
483500,0
483501,0
483502,4
483503,2
483504,0
483505,0
483506,0
483507,0
483508,0
483509,0
483510,0
483511,0
483512,0
483513,0
483514,0
483515,0
483516,0
483517,0
483518,0
483519,0
483520,0
483521,0
483522,0
483523,0
483524,0
483525,0
483526,0
483527,0
483528,0
483529,0
483530,0
483531,3
483532,0
483533,5
483534,0
483535,2
483536,0
483537,0
483538,0
483539,0
483540,0
483541,0
483542,0
483543,0
483544,0
483545,4
483546,0
483547,8
483548,0
483549,0
483550,0
483551,0
483552,0
483553,3
483554,4
483555,0
483556,0
483557,0
483558,2
483559,2
483560,0
483561,1
483562,4
483563,0
483564,0
483565,0
483566,0
483567,5
483568,0
483569,0
483570,0
483571,0
483572,1
483573,0
483574,0
483575,2
483576,0
483577,0
483578,0
483579,0
483580,0
483581,2
483582,0
483583,0
483584,3
483585,0
483586,0
483587,0
483588,3
483589,0
483590,0
483591,0
483592,1
483593,0
483594,0
483595,3
483596,0
483597,0
483598,0
483599,0
483600,0
483601,0
483602,2
483603,0
483604,0
483605,5
483606,0
483607,0
483608,0
483609,0
483610,0
483611,0
483612,5
483613,0
483614,0
483615,0
483616,0
483617,3
483618,0
483619,0
483620,0
483621,0
483622,0
483623,0
483624,0
483625,0
483626,0
483627,0
483628,0
483629,0
483630,0
483631,0
483632,0
483633,0
483634,6
483635,0
483636,0
483637,0
483638,2
483639,0
483640,0
483641,3
483642,0
483643,0
483644,0
483645,0
483646,0
483647,0
483648,0
483649,4
483650,0
483651,0
483652,0
483653,0
483654,5
483655,3
483656,0
483657,4
483658,4
483659,0
483660,0
483661,0
483662,0
483663,0
483664,0
483665,3
483666,4
483667,0
483668,0
483669,0
483670,0
483671,0
483672,0
483673,0
483674,0
483675,0
483676,0
483677,0
483678,0
483679,0
483680,0
483681,0
483682,0
483683,6
483684,0
483685,0
483686,0
483687,1
483688,0
483689,0
483690,4
483691,0
483692,4
483693,0
483694,0
483695,0
483696,0
483697,0
483698,0
483699,0
483700,0
483701,0
483702,1
483703,1
483704,0
483705,0
483706,0
483707,0
483708,0
483709,0
483710,0
483711,0
483712,0
483713,2
483714,0
483715,0
483716,0
483717,0
483718,0
483719,0
483720,0
483721,0
483722,0
483723,0
483724,0
483725,0
483726,1
483727,0
483728,0
483729,3
483730,0
483731,5
483732,1
483733,0
483734,0
483735,0
483736,1
483737,0
483738,0
483739,0
483740,0
483741,0
483742,0
483743,4
483744,2
483745,0
483746,0
483747,0
483748,0
483749,0
483750,0
483751,0
483752,3
483753,4
483754,0
483755,0
483756,0
483757,0
483758,0
483759,0
483760,0
483761,0
483762,0
483763,2
483764,2
483765,0
483766,0
483767,0
483768,0
483769,0
483770,0
483771,0
483772,3
483773,0
483774,0
483775,3
483776,0
483777,1
483778,0
483779,0
483780,0
483781,0
483782,7
483783,0
483784,0
483785,0
483786,2
483787,0
483788,0
483789,0
483790,0
483791,0
483792,0
483793,0
483794,0
483795,0
483796,0
483797,5
483798,0
483799,0
483800,0
483801,0
483802,0
483803,0
483804,0
483805,0
483806,1
483807,0
483808,0
483809,0
483810,0
483811,0
483812,0
483813,0
483814,0
483815,0
483816,0
483817,0
483818,0
483819,0
483820,0
483821,0
483822,0
483823,0
483824,0
483825,0
483826,0
483827,0
483828,0
483829,0
483830,0
483831,0
483832,0
483833,0
483834,0
483835,0
483836,0
483837,0
483838,0
483839,0
483840,0
483841,5
483842,0
483843,0
483844,0
483845,3
483846,0
483847,0
483848,1
483849,0
483850,0
483851,0
483852,0
483853,0
483854,0
483855,0
483856,0
483857,0
483858,0
483859,0
483860,0
483861,0
483862,0
483863,0
483864,0
483865,0
483866,0
483867,0
483868,0
483869,0
483870,0
483871,0
483872,0
483873,0
483874,0
483875,0
483876,0
483877,0
483878,0
483879,4
483880,0
483881,0
483882,0
483883,0
483884,0
483885,0
483886,0
483887,2
483888,0
483889,4
483890,0
483891,0
483892,3
483893,0
483894,0
483895,0
483896,0
483897,0
483898,0
483899,0
483900,0
483901,0
483902,2
483903,0
483904,0
483905,0
483906,0
483907,0
483908,0
483909,0
483910,0
483911,0
483912,0
483913,0
483914,0
483915,2
483916,0
483917,2
483918,1
483919,0
483920,0
483921,0
483922,0
483923,0
483924,0
483925,4
483926,0
483927,0
483928,0
483929,0
483930,0
483931,0
483932,0
483933,0
483934,0
483935,0
483936,0
483937,0
483938,0
483939,0
483940,0
483941,5
483942,0
483943,0
483944,0
483945,0
483946,0
483947,0
483948,0
483949,0
483950,0
483951,0
483952,0
483953,2
483954,0
483955,0
483956,0
483957,0
483958,0
483959,0
483960,0
483961,0
483962,0
483963,0
483964,0
483965,7
483966,0
483967,0
483968,0
483969,0
483970,0
483971,0
483972,0
483973,0
483974,0
483975,0
483976,0
483977,0
483978,0
483979,0
483980,0
483981,0
483982,0
483983,0
483984,0
483985,0
483986,3
483987,0
483988,0
483989,2
483990,0
483991,0
483992,0
483993,5
483994,0
483995,0
483996,2
483997,0
483998,0
483999,0
484000,0
484001,0
484002,1
484003,0
484004,2
484005,0
484006,4
484007,0
484008,0
484009,0
484010,0
484011,0
484012,0
484013,0
484014,0
484015,0
484016,0
484017,0
484018,0
484019,0
484020,0
484021,0
484022,0
484023,0
484024,3
484025,0
484026,0
484027,0
484028,0
484029,0
484030,0
484031,0
484032,0
484033,0
484034,0
484035,0
484036,0
484037,0
484038,0
484039,0
484040,0
484041,0
484042,6
484043,0
484044,0
484045,0
484046,3
484047,2
484048,0
484049,0
484050,0
484051,0
484052,0
484053,0
484054,0
484055,0
484056,0
484057,0
484058,0
484059,0
484060,0
484061,0
484062,0
484063,0
484064,0
484065,4
484066,0
484067,0
484068,0
484069,0
484070,0
484071,3
484072,0
484073,0
484074,0
484075,2
484076,2
484077,0
484078,0
484079,0
484080,0
484081,0
484082,0
484083,0
484084,0
484085,3
484086,0
484087,5
484088,0
484089,0
484090,0
484091,0
484092,0
484093,0
484094,2
484095,0
484096,0
484097,3
484098,0
484099,0
484100,0
484101,0
484102,0
484103,0
484104,0
484105,6
484106,0
484107,6
484108,0
484109,0
484110,3
484111,0
484112,0
484113,0
484114,0
484115,0
484116,0
484117,0
484118,0
484119,0
484120,0
484121,0
484122,0
484123,0
484124,0
484125,0
484126,0
484127,0
484128,0
484129,0
484130,2
484131,0
484132,0
484133,0
484134,0
484135,0
484136,4
484137,0
484138,0
484139,0
484140,0
484141,0
484142,2
484143,0
484144,0
484145,0
484146,0
484147,0
484148,0
484149,4
484150,0
484151,3
484152,0
484153,0
484154,0
484155,0
484156,0
484157,0
484158,0
484159,0
484160,0
484161,0
484162,0
484163,0
484164,0
484165,0
484166,0
484167,0
484168,0
484169,0
484170,0
484171,0
484172,0
484173,0
484174,0
484175,0
484176,0
484177,0
484178,0
484179,0
484180,0
484181,0
484182,0
484183,0
484184,0
484185,0
484186,0
484187,0
484188,0
484189,0
484190,0
484191,0
484192,0
484193,0
484194,0
484195,0
484196,0
484197,0
484198,0
484199,0
484200,0
484201,0
484202,0
484203,0
484204,0
484205,0
484206,0
484207,0
484208,5
484209,0
484210,7
484211,0
484212,0
484213,10
484214,0
484215,0
484216,0
484217,0
484218,0
484219,0
484220,0
484221,0
484222,6
484223,0
484224,0
484225,0
484226,0
484227,0
484228,6
484229,0
484230,0
484231,0
484232,0
484233,0
484234,0
484235,0
484236,0
484237,0
484238,0
484239,0
484240,0
484241,0
484242,3
484243,5
484244,0
484245,0
484246,0
484247,0
484248,0
484249,0
484250,0
484251,0
484252,0
484253,8
484254,0
484255,0
484256,0
484257,0
484258,5
484259,0
484260,0
484261,0
484262,0
484263,0
484264,6
484265,0
484266,0
484267,0
484268,0
484269,0
484270,0
484271,0
484272,0
484273,0
484274,0
484275,0
484276,5
484277,0
484278,0
484279,0
484280,0
484281,0
484282,12
484283,0
484284,0
484285,0
484286,0
484287,0
484288,0
484289,0
484290,0
484291,0
484292,0
484293,0
484294,0
484295,0
484296,0
484297,3
484298,0
484299,3
484300,0
484301,0
484302,0
484303,0
484304,0
484305,0
484306,0
484307,0
484308,6
484309,0
484310,10
484311,0
484312,0
484313,0
484314,0
484315,0
484316,0
484317,0
484318,0
484319,0
484320,0
484321,0
484322,0
484323,0
484324,0
484325,0
484326,0
484327,0
484328,0
484329,0
484330,0
484331,0
484332,0
484333,0
484334,0
484335,0
484336,0
484337,0
484338,0
484339,0
484340,0
484341,0
484342,0
484343,0
484344,0
484345,3
484346,0
484347,0
484348,0
484349,0
484350,0
484351,0
484352,0
484353,0
484354,0
484355,3
484356,0
484357,0
484358,0
484359,0
484360,0
484361,0
484362,0
484363,0
484364,0
484365,4
484366,0
484367,0
484368,0
484369,0
484370,0
484371,0
484372,0
484373,0
484374,0
484375,0
484376,0
484377,0
484378,0
484379,0
484380,0
484381,6
484382,0
484383,0
484384,0
484385,0
484386,0
484387,0
484388,0
484389,0
484390,0
484391,0
484392,0
484393,0
484394,0
484395,0
484396,0
484397,0
484398,0
484399,0
484400,0
484401,0
484402,0
484403,0
484404,0
484405,0
484406,0
484407,10
484408,0
484409,9
484410,5
484411,0
484412,0
484413,0
484414,0
484415,0
484416,0
484417,0
484418,0
484419,0
484420,0
484421,0
484422,0
484423,0
484424,0
484425,0
484426,6
484427,0
484428,0
484429,0
484430,0
484431,0
484432,0
484433,5
484434,0
484435,0
484436,0
484437,0
484438,0
484439,0
484440,0
484441,0
484442,0
484443,0
484444,0
484445,0
484446,0
484447,0
484448,0
484449,0
484450,0
484451,0
484452,0
484453,0
484454,0
484455,5
484456,0
484457,0
484458,0
484459,0
484460,0
484461,0
484462,0
484463,0
484464,0
484465,0
484466,0
484467,0
484468,0
484469,0
484470,0
484471,0
484472,0
484473,0
484474,0
484475,0
484476,8
484477,0
484478,0
484479,0
484480,0
484481,0
484482,3
484483,0
484484,7
484485,0
484486,0
484487,0
484488,0
484489,0
484490,0
484491,0
484492,0
484493,0
484494,0
484495,0
484496,0
484497,0
484498,0
484499,4
484500,0
484501,0
484502,0
484503,0
484504,0
484505,0
484506,0
484507,0
484508,0
484509,0
484510,41
484511,0
484512,0
484513,25
484514,0
484515,0
484516,31
484517,0
484518,47
484519,41
484520,0
484521,0
484522,0
484523,37
484524,0
484525,0
484526,25
484527,0
484528,0
484529,30
484530,26
484531,26
484532,39
484533,0
484534,0
484535,0
484536,0
484537,0
484538,0
484539,0
484540,48
484541,50
484542,0
484543,0
484544,0
484545,0
484546,33
484547,0
484548,0
484549,0
484550,0
484551,0
484552,0
484553,0
484554,0
484555,30
484556,0
484557,0
484558,0
484559,31
484560,0
484561,0
484562,0
484563,0
484564,0
484565,0
484566,0
484567,0
484568,0
484569,0
484570,37
484571,33
484572,37
484573,0
484574,0
484575,0
484576,33
484577,0
484578,40
484579,0
484580,48
484581,0
484582,24
484583,0
484584,0
484585,35
484586,23
484587,0
484588,67
484589,0
484590,0
484591,0
484592,0
484593,30
484594,52
484595,0
484596,39
484597,36
484598,34
484599,0
484600,39
484601,56
484602,0
484603,0
484604,0
484605,33
484606,0
484607,0
484608,30
484609,0
484610,51
484611,0
484612,0
484613,0
484614,0
484615,33
484616,0
484617,34
484618,0
484619,0
484620,0
484621,0
484622,0
484623,0
484624,0
484625,0
484626,0
484627,0
484628,0
484629,0
484630,0
484631,0
484632,33
484633,0
484634,0
484635,0
484636,42
484637,0
484638,0
484639,0
484640,0
484641,0
484642,0
484643,0
484644,0
484645,0
484646,0
484647,35
484648,0
484649,0
484650,26
484651,0
484652,0
484653,0
484654,0
484655,0
484656,0
484657,0
484658,0
484659,33
484660,0
484661,0
484662,0
484663,44
484664,0
484665,0
484666,0
484667,0
484668,0
484669,38
484670,0
484671,0
484672,0
484673,0
484674,0
484675,0
484676,30
484677,0
484678,0
484679,0
484680,0
484681,0
484682,0
484683,34
484684,0
484685,42
484686,0
484687,0
484688,38
484689,0
484690,52
484691,0
484692,0
484693,24
484694,0
484695,0
484696,0
484697,0
484698,0
484699,32
484700,0
484701,32
484702,0
484703,0
484704,0
484705,0
484706,0
484707,24
484708,29
484709,0
484710,0
484711,33
484712,0
484713,34
484714,0
484715,0
484716,0
484717,23
484718,32
484719,38
484720,0
484721,0
484722,0
484723,0
484724,22
484725,43
484726,0
484727,34
484728,43
484729,31
484730,0
484731,0
484732,0
484733,0
484734,0
484735,0
484736,0
484737,0
484738,41
484739,0
484740,0
484741,34
484742,0
484743,0
484744,31
484745,0
484746,20
484747,0
484748,0
484749,0
484750,0
484751,0
484752,0
484753,0
484754,0
484755,16
484756,0
484757,0
484758,0
484759,34
484760,21
484761,0
484762,51
484763,0
484764,0
484765,0
484766,36
484767,0
484768,0
484769,0
484770,0
484771,43
484772,46
484773,0
484774,0
484775,0
484776,36
484777,0
484778,0
484779,0
484780,45
484781,0
484782,0
484783,0
484784,0
484785,37
484786,0
484787,0
484788,36
484789,35
484790,0
484791,0
484792,0
484793,0
484794,0
484795,0
484796,37
484797,0
484798,0
484799,0
484800,35
484801,36
484802,37
484803,0
484804,0
484805,0
484806,36
484807,0
484808,0
484809,0
484810,34
484811,0
484812,34
484813,44
484814,0
484815,0
484816,0
484817,25
484818,0
484819,0
484820,0
484821,0
484822,0
484823,0
484824,0
484825,40
484826,0
484827,0
484828,44
484829,0
484830,0
484831,0
484832,0
484833,0
484834,0
484835,0
484836,0
484837,0
484838,0
484839,0
484840,0
484841,0
484842,0
484843,0
484844,0
484845,0
484846,0
484847,0
484848,32
484849,0
484850,0
484851,0
484852,0
484853,34
484854,0
484855,36
484856,0
484857,0
484858,42
484859,0
484860,0
484861,25
484862,0
484863,0
484864,0
484865,0
484866,0
484867,0
484868,0
484869,0
484870,32
484871,32
484872,0
484873,0
484874,0
484875,0
484876,0
484877,32
484878,0
484879,24
484880,0
484881,0
484882,41
484883,0
484884,0
484885,0
484886,0
484887,0
484888,26
484889,0
484890,0
484891,0
484892,0
484893,0
484894,45
484895,0
484896,0
484897,0
484898,0
484899,32
484900,0
484901,42
484902,0
484903,50
484904,0
484905,19
484906,0
484907,0
484908,0
484909,0
484910,0
484911,34
484912,0
484913,0
484914,43
484915,0
484916,29
484917,29
484918,0
484919,0
484920,38
484921,24
484922,0
484923,0
484924,0
484925,0
484926,33
484927,0
484928,0
484929,0
484930,0
484931,0
484932,39
484933,0
484934,0
484935,0
484936,0
484937,37
484938,49
484939,27
484940,34
484941,0
484942,50
484943,29
484944,0
484945,0
484946,0
484947,26
484948,21
484949,0
484950,0
484951,0
484952,0
484953,0
484954,31
484955,0
484956,0
484957,0
484958,0
484959,18
484960,0
484961,0
484962,37
484963,0
484964,37
484965,0
484966,0
484967,0
484968,0
484969,0
484970,0
484971,0
484972,0
484973,0
484974,0
484975,0
484976,35
484977,15
484978,0
484979,0
484980,36
484981,0
484982,40
484983,0
484984,0
484985,0
484986,0
484987,34
484988,0
484989,0
484990,49
484991,0
484992,0
484993,30
484994,0
484995,15
484996,0
484997,35
484998,0
484999,0
485000,31
485001,29
485002,0
485003,48
485004,0
485005,0
485006,0
485007,0
485008,0
485009,29
485010,23
485011,0
485012,0
485013,0
485014,0
485015,0
485016,0
485017,0
485018,49
485019,31
485020,0
485021,25
485022,0
485023,0
485024,0
485025,34
485026,0
485027,0
485028,0
485029,0
485030,19
485031,0
485032,0
485033,35
485034,0
485035,32
485036,30
485037,52
485038,38
485039,0
485040,36
485041,0
485042,0
485043,0
485044,33
485045,29
485046,0
485047,36
485048,35
485049,17
485050,0
485051,28
485052,38
485053,0
485054,0
485055,35
485056,0
485057,23
485058,0
485059,0
485060,35
485061,0
485062,0
485063,0
485064,0
485065,35
485066,0
485067,64
485068,0
485069,0
485070,0
485071,45
485072,0
485073,0
485074,36
485075,0
485076,30
485077,36
485078,0
485079,0
485080,0
485081,0
485082,29
485083,0
485084,28
485085,0
485086,0
485087,0
485088,29
485089,32
485090,31
485091,0
485092,0
485093,0
485094,0
485095,0
485096,42
485097,0
485098,0
485099,43
485100,48
485101,0
485102,0
485103,0
485104,0
485105,0
485106,33
485107,0
485108,0
485109,0
485110,0
485111,22
485112,0
485113,25
485114,0
485115,0
485116,0
485117,0
485118,0
485119,47
485120,0
485121,0
485122,0
485123,49
485124,25
485125,28
485126,0
485127,0
485128,22
485129,0
485130,0
485131,22
485132,32
485133,0
485134,36
485135,51
485136,0
485137,0
485138,0
485139,0
485140,0
485141,0
485142,0
485143,0
485144,20
485145,0
485146,0
485147,0
485148,0
485149,38
485150,0
485151,42
485152,26
485153,0
485154,0
485155,0
485156,26
485157,35
485158,40
485159,27
485160,32
485161,36
485162,0
485163,0
485164,0
485165,46
485166,0
485167,54
485168,0
485169,0
485170,0
485171,0
485172,0
485173,0
485174,0
485175,46
485176,0
485177,34
485178,0
485179,0
485180,0
485181,0
485182,0
485183,0
485184,0
485185,0
485186,0
485187,0
485188,0
485189,0
485190,30
485191,23
485192,0
485193,0
485194,0
485195,0
485196,0
485197,0
485198,0
485199,0
485200,0
485201,0
485202,0
485203,0
485204,51
485205,0
485206,24
485207,0
485208,0
485209,0
485210,0
485211,0
485212,0
485213,0
485214,37
485215,0
485216,31
485217,0
485218,36
485219,0
485220,0
485221,0
485222,0
485223,0
485224,0
485225,39
485226,0
485227,0
485228,51
485229,20
485230,43
485231,0
485232,0
485233,0
485234,0
485235,0
485236,0
485237,0
485238,47
485239,23
485240,0
485241,0
485242,0
485243,0
485244,0
485245,0
485246,36
485247,31
485248,24
485249,0
485250,0
485251,0
485252,45
485253,26
485254,45
485255,0
485256,0
485257,0
485258,0
485259,0
485260,0
485261,0
485262,0
485263,0
485264,0
485265,52
485266,0
485267,0
485268,0
485269,0
485270,0
485271,0
485272,0
485273,0
485274,0
485275,0
485276,38
485277,0
485278,0
485279,0
485280,0
485281,0
485282,0
485283,0
485284,0
485285,0
485286,0
485287,0
485288,0
485289,0
485290,0
485291,0
485292,0
485293,0
485294,0
485295,0
485296,0
485297,0
485298,0
485299,0
485300,0
485301,0
485302,0
485303,0
485304,0
485305,0
485306,0
485307,0
485308,0
485309,0
485310,0
485311,0
485312,0
485313,0
485314,0
485315,0
485316,0
485317,0
485318,0
485319,0
485320,0
485321,0
485322,0
485323,0
485324,0
485325,0
485326,0
485327,0
485328,0
485329,0
485330,0
485331,0
485332,0
485333,0
485334,0
485335,0
485336,0
485337,0
485338,0
485339,0
485340,0
485341,0
485342,0
485343,0
485344,1
485345,0
485346,0
485347,1
485348,0
485349,0
485350,0
485351,0
485352,0
485353,0
485354,0
485355,0
485356,0
485357,0
485358,0
485359,0
485360,0
485361,0
485362,0
485363,0
485364,0
485365,0
485366,0
485367,0
485368,0
485369,0
485370,0
485371,0
485372,0
485373,0
485374,0
485375,0
485376,0
485377,0
485378,0
485379,0
485380,0
485381,0
485382,0
485383,0
485384,0
485385,0
485386,0
485387,0
485388,0
485389,0
485390,0
485391,0
485392,0
485393,0
485394,0
485395,0
485396,0
485397,0
485398,0
485399,0
485400,0
485401,0
485402,0
485403,0
485404,0
485405,0
485406,0
485407,0
485408,0
485409,0
485410,0
485411,0
485412,0
485413,0
485414,0
485415,0
485416,0
485417,0
485418,0
485419,0
485420,0
485421,0
485422,0
485423,0
485424,0
485425,0
485426,0
485427,0
485428,0
485429,0
485430,0
485431,0
485432,0
485433,0
485434,0
485435,0
485436,0
485437,0
485438,0
485439,0
485440,0
485441,0
485442,0
485443,0
485444,0
485445,0
485446,0
485447,0
485448,0
485449,0
485450,0
485451,0
485452,0
485453,0
485454,0
485455,0
485456,0
485457,0
485458,0
485459,0
485460,0
485461,0
485462,0
485463,0
485464,0
485465,0
485466,0
485467,0
485468,0
485469,0
485470,0
485471,0
485472,0
485473,0
485474,0
485475,0
485476,0
485477,0
485478,0
485479,0
485480,0
485481,0
485482,0
485483,0
485484,0
485485,0
485486,0
485487,0
485488,0
485489,0
485490,0
485491,0
485492,0
485493,0
485494,0
485495,0
485496,0
485497,0
485498,0
485499,0
485500,0
485501,0
485502,0
485503,0
485504,0
485505,0
485506,0
485507,0
485508,0
485509,0
485510,0
485511,0
485512,0
485513,0
485514,0
485515,0
485516,0
485517,0
485518,0
485519,0
485520,0
485521,0
485522,0
485523,0
485524,0
485525,0
485526,0
485527,0
485528,0
485529,0
485530,0
485531,0
485532,0
485533,0
485534,0
485535,0
485536,0
485537,0
485538,0
485539,0
485540,0
485541,0
485542,0
485543,0
485544,0
485545,0
485546,0
485547,0
485548,0
485549,0
485550,0
485551,0
485552,0
485553,0
485554,0
485555,0
485556,0
485557,0
485558,0
485559,0
485560,0
485561,0
485562,0
485563,0
485564,0
485565,0
485566,0
485567,0
485568,0
485569,0
485570,0
485571,0
485572,0
485573,0
485574,0
485575,0
485576,0
485577,0
485578,0
485579,0
485580,0
485581,0
485582,0
485583,0
485584,0
485585,0
485586,0
485587,0
485588,0
485589,0
485590,0
485591,0
485592,0
485593,0
485594,0
485595,0
485596,0
485597,0
485598,0
485599,0
485600,0
485601,0
485602,0
485603,0
485604,0
485605,0
485606,0
485607,0
485608,0
485609,0
485610,0
485611,0
485612,0
485613,0
485614,0
485615,0
485616,0
485617,0
485618,0
485619,0
485620,0
485621,0
485622,0
485623,0
485624,0
485625,0
485626,0
485627,0
485628,0
485629,0
485630,0
485631,0
485632,0
485633,0
485634,0
485635,0
485636,0
485637,0
485638,0
485639,0
485640,0
485641,0
485642,0
485643,0
485644,0
485645,0
485646,0
485647,0
485648,0
485649,0
485650,0
485651,0
485652,0
485653,0
485654,0
485655,0
485656,0
485657,0
485658,0
485659,0
485660,0
485661,0
485662,0
485663,0
485664,0
485665,0
485666,0
485667,0
485668,0
485669,0
485670,0
485671,0
485672,0
485673,0
485674,0
485675,0
485676,0
485677,0
485678,0
485679,0
485680,0
485681,0
485682,0
485683,0
485684,0
485685,0
485686,0
485687,0
485688,0
485689,0
485690,0
485691,0
485692,0
485693,0
485694,0
485695,0
485696,0
485697,0
485698,0
485699,0
485700,0
485701,0
485702,0
485703,0
485704,0
485705,0
485706,0
485707,0
485708,0
485709,0
485710,0
485711,0
485712,0
485713,0
485714,0
485715,0
485716,0
485717,0
485718,0
485719,0
485720,0
485721,0
485722,0
485723,0
485724,0
485725,0
485726,0
485727,0
485728,0
485729,0
485730,0
485731,0
485732,0
485733,0
485734,0
485735,0
485736,0
485737,0
485738,0
485739,0
485740,0
485741,0
485742,0
485743,0
485744,0
485745,1
485746,0
485747,0
485748,0
485749,0
485750,0
485751,0
485752,0
485753,0
485754,0
485755,0
485756,0
485757,0
485758,0
485759,0
485760,0
485761,0
485762,0
485763,0
485764,0
485765,0
485766,0
485767,0
485768,0
485769,0
485770,0
485771,0
485772,0
485773,0
485774,0
485775,0
485776,0
485777,0
485778,0
485779,0
485780,0
485781,0
485782,0
485783,0
485784,0
485785,0
485786,0
485787,0
485788,0
485789,0
485790,0
485791,0
485792,0
485793,0
485794,0
485795,0
485796,0
485797,0
485798,0
485799,0
485800,0
485801,0
485802,0
485803,0
485804,0
485805,0
485806,0
485807,0
485808,0
485809,0
485810,0
485811,0
485812,0
485813,0
485814,0
485815,0
485816,0
485817,0
485818,0
485819,0
485820,0
485821,0
485822,0
485823,0
485824,0
485825,0
485826,0
485827,0
485828,0
485829,0
485830,0
485831,0
485832,0
485833,0
485834,0
485835,0
485836,0
485837,0
485838,0
485839,0
485840,0
485841,0
485842,0
485843,0
485844,0
485845,0
485846,0
485847,0
485848,0
485849,0
485850,1
485851,0
485852,0
485853,0
485854,0
485855,0
485856,0
485857,0
485858,0
485859,0
485860,0
485861,0
485862,0
485863,0
485864,0
485865,0
485866,0
485867,0
485868,0
485869,0
485870,0
485871,0
485872,0
485873,0
485874,0
485875,0
485876,0
485877,0
485878,0
485879,0
485880,0
485881,0
485882,0
485883,0
485884,0
485885,0
485886,0
485887,0
485888,0
485889,0
485890,0
485891,0
485892,0
485893,0
485894,0
485895,0
485896,0
485897,0
485898,0
485899,0
485900,0
485901,0
485902,0
485903,0
485904,0
485905,0
485906,0
485907,0
485908,0
485909,0
485910,0
485911,0
485912,0
485913,0
485914,0
485915,0
485916,0
485917,0
485918,0
485919,0
485920,0
485921,0
485922,0
485923,0
485924,0
485925,0
485926,0
485927,0
485928,0
485929,0
485930,0
485931,0
485932,0
485933,0
485934,0
485935,0
485936,0
485937,0
485938,0
485939,0
485940,0
485941,0
485942,0
485943,0
485944,0
485945,0
485946,0
485947,0
485948,0
485949,0
485950,0
485951,0
485952,0
485953,0
485954,0
485955,0
485956,0
485957,0
485958,0
485959,0
485960,0
485961,0
485962,0
485963,33
485964,35
485965,34
485966,18
485967,0
485968,0
485969,0
485970,35
485971,31
485972,0
485973,0
485974,39
485975,23
485976,0
485977,0
485978,30
485979,28
485980,0
485981,0
485982,32
485983,13
485984,0
485985,0
485986,0
485987,0
485988,0
485989,0
485990,0
485991,0
485992,0
485993,0
485994,0
485995,0
485996,0
485997,0
485998,0
485999,0
486000,0
486001,0
486002,0
486003,0
486004,0
486005,0
486006,0
486007,0
486008,0
486009,0
486010,0
486011,0
486012,23
486013,0
486014,0
486015,0
486016,33
486017,22
486018,0
486019,0
486020,0
486021,0
486022,0
486023,0
486024,29
486025,0
486026,0
486027,0
486028,41
486029,18
486030,0
486031,17
486032,0
486033,0
486034,0
486035,0
486036,19
486037,0
486038,40
486039,18
486040,0
486041,30
486042,22
486043,0
486044,0
486045,0
486046,0
486047,0
486048,0
486049,0
486050,0
486051,30
486052,24
486053,0
486054,0
486055,0
486056,36
486057,30
486058,33
486059,23
486060,0
486061,0
486062,0
486063,0
486064,0
486065,39
486066,0
486067,0
486068,0
486069,0
486070,33
486071,0
486072,0
486073,0
486074,0
486075,32
486076,0
486077,0
486078,0
486079,0
486080,0
486081,0
486082,28
486083,0
486084,0
486085,0
486086,24
486087,32
486088,0
486089,30
486090,0
486091,0
486092,0
486093,0
486094,0
486095,0
486096,24
486097,0
486098,21
486099,37
486100,0
486101,0
486102,0
486103,0
486104,0
486105,0
486106,0
486107,0
486108,0
486109,33
486110,46
486111,30
486112,36
486113,28
486114,0
486115,0
486116,0
486117,0
486118,0
486119,40
486120,0
486121,29
486122,0
486123,25
486124,0
486125,19
486126,0
486127,31
486128,33
486129,18
486130,0
486131,0
486132,19
486133,31
486134,0
486135,26
486136,0
486137,0
486138,36
486139,0
486140,0
486141,0
486142,0
486143,39
486144,0
486145,26
486146,0
486147,0
486148,0
486149,0
486150,0
486151,29
486152,24
486153,0
486154,0
486155,36
486156,0
486157,0
486158,0
486159,0
486160,20
486161,21
486162,0
486163,0
486164,0
486165,0
486166,0
486167,0
486168,23
486169,20
486170,32
486171,0
486172,0
486173,28
486174,34
486175,0
486176,21
486177,17
486178,0
486179,0
486180,24
486181,0
486182,0
486183,31
486184,0
486185,29
486186,37
486187,0
486188,0
486189,0
486190,17
486191,24
486192,0
486193,30
486194,0
486195,0
486196,0
486197,34
486198,0
486199,0
486200,0
486201,0
486202,0
486203,0
486204,0
486205,0
486206,0
486207,0
486208,0
486209,0
486210,0
486211,0
486212,15
486213,0
486214,0
486215,0
486216,0
486217,0
486218,0
486219,34
486220,0
486221,0
486222,34
486223,0
486224,0
486225,0
486226,0
486227,0
486228,0
486229,29
486230,25
486231,0
486232,0
486233,0
486234,25
486235,0
486236,0
486237,0
486238,0
486239,0
486240,37
486241,0
486242,0
486243,0
486244,0
486245,0
486246,0
486247,0
486248,26
486249,0
486250,32
486251,0
486252,0
486253,0
486254,0
486255,0
486256,0
486257,0
486258,0
486259,26
486260,0
486261,0
486262,0
486263,0
486264,28
486265,0
486266,0
486267,0
486268,0
486269,0
486270,0
486271,0
486272,0
486273,0
486274,0
486275,0
486276,0
486277,18
486278,0
486279,0
486280,0
486281,0
486282,25
486283,29
486284,0
486285,0
486286,0
486287,0
486288,0
486289,0
486290,0
486291,0
486292,0
486293,47
486294,0
486295,0
486296,0
486297,0
486298,0
486299,0
486300,22
486301,0
486302,0
486303,0
486304,52
486305,0
486306,0
486307,0
486308,0
486309,28
486310,38
486311,0
486312,0
486313,0
486314,26
486315,0
486316,37
486317,27
486318,0
486319,0
486320,0
486321,44
486322,0
486323,0
486324,0
486325,0
486326,0
486327,0
486328,0
486329,45
486330,31
486331,0
486332,30
486333,0
486334,0
486335,0
486336,0
486337,27
486338,0
486339,0
486340,0
486341,0
486342,0
486343,0
486344,35
486345,0
486346,0
486347,0
486348,0
486349,0
486350,0
486351,0
486352,0
486353,0
486354,0
486355,0
486356,0
486357,0
486358,0
486359,0
486360,0
486361,0
486362,0
486363,0
486364,0
486365,0
486366,0
486367,32
486368,0
486369,0
486370,0
486371,46
486372,0
486373,0
486374,38
486375,0
486376,34
486377,0
486378,0
486379,37
486380,0
486381,0
486382,25
486383,20
486384,0
486385,0
486386,0
486387,0
486388,0
486389,0
486390,0
486391,0
486392,0
486393,32
486394,0
486395,0
486396,0
486397,0
486398,0
486399,0
486400,0
486401,0
486402,38
486403,33
486404,0
486405,0
486406,0
486407,0
486408,24
486409,0
486410,0
486411,0
486412,0
486413,0
486414,27
486415,0
486416,0
486417,0
486418,0
486419,0
486420,0
486421,0
486422,35
486423,0
486424,0
486425,0
486426,44
486427,24
486428,0
486429,0
486430,0
486431,0
486432,0
486433,0
486434,0
486435,0
486436,0
486437,0
486438,0
486439,0
486440,0
486441,0
486442,0
486443,0
486444,34
486445,0
486446,0
486447,0
486448,32
486449,0
486450,22
486451,0
486452,45
486453,0
486454,0
486455,0
486456,36
486457,0
486458,0
486459,0
486460,43
486461,0
486462,0
486463,0
486464,0
486465,0
486466,0
486467,27
486468,0
486469,0
486470,38
486471,0
486472,0
486473,27
486474,0
486475,0
486476,0
486477,35
486478,0
486479,0
486480,0
486481,0
486482,0
486483,0
486484,44
486485,0
486486,0
486487,0
486488,0
486489,0
486490,0
486491,28
486492,0
486493,0
486494,0
486495,0
486496,0
486497,0
486498,0
486499,59
486500,0
486501,0
486502,0
486503,0
486504,0
486505,0
486506,32
486507,0
486508,0
486509,0
486510,0
486511,32
486512,0
486513,33
486514,0
486515,0
486516,0
486517,0
486518,0
486519,0
486520,26
486521,59
486522,0
486523,28
486524,0
486525,0
486526,25
486527,0
486528,0
486529,0
486530,50
486531,0
486532,15
486533,0
486534,0
486535,44
486536,0
486537,19
486538,0
486539,0
486540,0
486541,0
486542,0
486543,0
486544,0
486545,0
486546,0
486547,0
486548,0
486549,34
486550,0
486551,0
486552,0
486553,0
486554,0
486555,0
486556,0
486557,49
486558,0
486559,0
486560,0
486561,38
486562,0
486563,0
486564,35
486565,0
486566,0
486567,0
486568,0
486569,0
486570,0
486571,0
486572,30
486573,0
486574,0
486575,0
486576,49
486577,0
486578,0
486579,0
486580,46
486581,0
486582,0
486583,0
486584,48
486585,0
486586,0
486587,0
486588,0
486589,0
486590,0
486591,0
486592,0
486593,0
486594,0
486595,0
486596,0
486597,0
486598,0
486599,0
486600,0
486601,38
486602,0
486603,0
486604,0
486605,24
486606,0
486607,0
486608,0
486609,0
486610,0
486611,36
486612,0
486613,0
486614,0
486615,0
486616,0
486617,0
486618,33
486619,0
486620,0
486621,0
486622,0
486623,34
486624,0
486625,0
486626,37
486627,0
486628,0
486629,0
486630,0
486631,0
486632,0
486633,30
486634,0
486635,0
486636,0
486637,0
486638,0
486639,42
486640,0
486641,0
486642,0
486643,0
486644,27
486645,0
486646,0
486647,0
486648,0
486649,0
486650,46
486651,33
486652,0
486653,35
486654,32
486655,0
486656,0
486657,0
486658,33
486659,0
486660,0
486661,0
486662,0
486663,53
486664,0
486665,0
486666,0
486667,0
486668,30
486669,0
486670,0
486671,31
486672,0
486673,31
486674,0
486675,0
486676,0
486677,0
486678,0
486679,0
486680,0
486681,0
486682,0
486683,0
486684,0
486685,39
486686,0
486687,0
486688,0
486689,0
486690,0
486691,0
486692,0
486693,0
486694,38
486695,0
486696,33
486697,27
486698,24
486699,0
486700,40
486701,0
486702,42
486703,0
486704,51
486705,37
486706,0
486707,0
486708,27
486709,0
486710,0
486711,0
486712,0
486713,41
486714,0
486715,0
486716,0
486717,0
486718,0
486719,0
486720,0
486721,0
486722,0
486723,33
486724,40
486725,0
486726,0
486727,0
486728,36
486729,38
486730,0
486731,43
486732,0
486733,0
486734,0
486735,0
486736,0
486737,26
486738,0
486739,36
486740,0
486741,0
486742,0
486743,0
486744,0
486745,33
486746,0
486747,0
486748,0
486749,0
486750,44
486751,0
486752,0
486753,0
486754,0
486755,0
486756,27
486757,0
486758,0
486759,0
486760,0
486761,0
486762,0
486763,0
486764,0
486765,29
486766,31
486767,0
486768,0
486769,0
486770,43
486771,0
486772,0
486773,0
486774,0
486775,0
486776,0
486777,0
486778,0
486779,0
486780,37
486781,0
486782,39
486783,0
486784,0
486785,0
486786,0
486787,0
486788,0
486789,0
486790,0
486791,0
486792,0
486793,0
486794,35
486795,26
486796,0
486797,0
486798,43
486799,0
486800,0
486801,0
486802,47
486803,37
486804,0
486805,0
486806,0
486807,0
486808,0
486809,0
486810,0
486811,45
486812,0
486813,0
486814,0
486815,0
486816,0
486817,0
486818,0
486819,0
486820,0
486821,40
486822,0
486823,0
486824,0
486825,0
486826,0
486827,0
486828,0
486829,32
486830,34
486831,0
486832,0
486833,0
486834,0
486835,0
486836,28
486837,0
486838,0
486839,23
486840,33
486841,0
486842,0
486843,41
486844,0
486845,0
486846,40
486847,46
486848,31
486849,0
486850,49
486851,0
486852,50
486853,0
486854,0
486855,0
486856,0
486857,0
486858,28
486859,0
486860,0
486861,0
486862,0
486863,0
486864,0
486865,0
486866,0
486867,0
486868,0
486869,0
486870,0
486871,0
486872,0
486873,0
486874,0
486875,0
486876,0
486877,0
486878,0
486879,0
486880,24
486881,0
486882,0
486883,0
486884,0
486885,0
486886,0
486887,0
486888,40
486889,0
486890,0
486891,0
486892,24
486893,0
486894,37
486895,0
486896,0
486897,36
486898,0
486899,0
486900,0
486901,0
486902,0
486903,0
486904,0
486905,0
486906,0
486907,39
486908,8
486909,0
486910,0
486911,0
486912,0
486913,0
486914,0
486915,0
486916,0
486917,0
486918,0
486919,8
486920,7
486921,0
486922,0
486923,0
486924,0
486925,3
486926,0
486927,0
486928,3
486929,0
486930,0
486931,0
486932,3
486933,0
486934,0
486935,0
486936,0
486937,0
486938,0
486939,0
486940,0
486941,0
486942,0
486943,0
486944,0
486945,0
486946,0
486947,0
486948,0
486949,0
486950,0
486951,0
486952,0
486953,7
486954,0
486955,0
486956,0
486957,0
486958,10
486959,0
486960,0
486961,0
486962,0
486963,0
486964,0
486965,0
486966,0
486967,0
486968,0
486969,0
486970,0
486971,0
486972,0
486973,0
486974,12
486975,0
486976,0
486977,0
486978,5
486979,0
486980,0
486981,0
486982,0
486983,8
486984,16
486985,0
486986,16
486987,13
486988,0
486989,0
486990,0
486991,11
486992,0
486993,0
486994,12
486995,0
486996,0
486997,0
486998,0
486999,0
487000,0
487001,7
487002,7
487003,0
487004,0
487005,0
487006,0
487007,0
487008,12
487009,0
487010,12
487011,12
487012,6
487013,3
487014,10
487015,8
487016,5
487017,0
487018,0
487019,0
487020,0
487021,0
487022,0
487023,0
487024,5
487025,0
487026,0
487027,0
487028,11
487029,5
487030,13
487031,0
487032,15
487033,0
487034,0
487035,10
487036,0
487037,8
487038,0
487039,0
487040,11
487041,0
487042,0
487043,0
487044,0
487045,0
487046,0
487047,9
487048,0
487049,0
487050,10
487051,8
487052,10
487053,0
487054,0
487055,0
487056,0
487057,0
487058,10
487059,0
487060,14
487061,0
487062,0
487063,0
487064,0
487065,0
487066,8
487067,0
487068,0
487069,0
487070,0
487071,14
487072,11
487073,11
487074,0
487075,7
487076,0
487077,0
487078,0
487079,0
487080,10
487081,11
487082,0
487083,0
487084,0
487085,13
487086,0
487087,0
487088,0
487089,0
487090,0
487091,0
487092,8
487093,0
487094,0
487095,0
487096,0
487097,0
487098,0
487099,0
487100,0
487101,0
487102,0
487103,0
487104,5
487105,0
487106,7
487107,0
487108,10
487109,0
487110,0
487111,0
487112,14
487113,7
487114,0
487115,0
487116,0
487117,0
487118,0
487119,0
487120,0
487121,0
487122,7
487123,0
487124,10
487125,0
487126,0
487127,0
487128,6
487129,6
487130,0
487131,0
487132,0
487133,0
487134,0
487135,0
487136,0
487137,5
487138,0
487139,0
487140,0
487141,0
487142,0
487143,0
487144,0
487145,0
487146,0
487147,12
487148,12
487149,0
487150,0
487151,6
487152,0
487153,0
487154,0
487155,6
487156,0
487157,0
487158,0
487159,0
487160,0
487161,10
487162,13
487163,0
487164,7
487165,12
487166,0
487167,0
487168,0
487169,0
487170,0
487171,0
487172,0
487173,0
487174,15
487175,5
487176,5
487177,9
487178,0
487179,4
487180,0
487181,15
487182,0
487183,0
487184,0
487185,0
487186,16
487187,0
487188,0
487189,0
487190,0
487191,0
487192,0
487193,0
487194,0
487195,0
487196,0
487197,9
487198,0
487199,0
487200,0
487201,7
487202,8
487203,0
487204,0
487205,0
487206,0
487207,0
487208,13
487209,0
487210,0
487211,0
487212,0
487213,0
487214,0
487215,0
487216,13
487217,0
487218,5
487219,8
487220,0
487221,0
487222,7
487223,0
487224,0
487225,0
487226,0
487227,0
487228,0
487229,0
487230,0
487231,9
487232,0
487233,9
487234,0
487235,0
487236,0
487237,9
487238,0
487239,11
487240,0
487241,0
487242,0
487243,14
487244,0
487245,0
487246,0
487247,0
487248,10
487249,10
487250,0
487251,0
487252,0
487253,0
487254,0
487255,0
487256,0
487257,0
487258,0
487259,0
487260,8
487261,0
487262,0
487263,0
487264,0
487265,0
487266,10
487267,0
487268,0
487269,11
487270,0
487271,5
487272,0
487273,0
487274,0
487275,0
487276,0
487277,6
487278,12
487279,0
487280,11
487281,0
487282,6
487283,0
487284,0
487285,0
487286,0
487287,0
487288,10
487289,12
487290,0
487291,11
487292,8
487293,0
487294,0
487295,10
487296,11
487297,0
487298,0
487299,0
487300,0
487301,0
487302,0
487303,0
487304,0
487305,0
487306,0
487307,14
487308,8
487309,0
487310,0
487311,0
487312,0
487313,0
487314,0
487315,0
487316,0
487317,17
487318,0
487319,0
487320,0
487321,0
487322,0
487323,0
487324,0
487325,0
487326,0
487327,0
487328,0
487329,0
487330,0
487331,0
487332,0
487333,0
487334,0
487335,0
487336,12
487337,0
487338,0
487339,0
487340,0
487341,0
487342,0
487343,11
487344,10
487345,0
487346,0
487347,0
487348,9
487349,0
487350,5
487351,5
487352,0
487353,10
487354,0
487355,0
487356,0
487357,0
487358,0
487359,0
487360,0
487361,8
487362,7
487363,0
487364,0
487365,10
487366,0
487367,0
487368,0
487369,8
487370,0
487371,0
487372,0
487373,0
487374,11
487375,0
487376,0
487377,0
487378,0
487379,0
487380,0
487381,0
487382,0
487383,0
487384,0
487385,6
487386,0
487387,0
487388,0
487389,5
487390,13
487391,0
487392,0
487393,0
487394,0
487395,11
487396,0
487397,0
487398,0
487399,7
487400,0
487401,0
487402,0
487403,0
487404,0
487405,0
487406,5
487407,0
487408,0
487409,0
487410,0
487411,0
487412,0
487413,0
487414,0
487415,0
487416,0
487417,0
487418,0
487419,0
487420,0
487421,0
487422,0
487423,0
487424,0
487425,0
487426,14
487427,0
487428,0
487429,0
487430,0
487431,0
487432,0
487433,0
487434,0
487435,10
487436,0
487437,0
487438,0
487439,0
487440,0
487441,0
487442,0
487443,0
487444,0
487445,0
487446,0
487447,4
487448,0
487449,0
487450,16
487451,0
487452,0
487453,0
487454,0
487455,4
487456,11
487457,0
487458,0
487459,0
487460,0
487461,0
487462,0
487463,0
487464,0
487465,0
487466,0
487467,16
487468,0
487469,0
487470,0
487471,0
487472,0
487473,0
487474,0
487475,0
487476,0
487477,0
487478,0
487479,0
487480,0
487481,13
487482,0
487483,0
487484,0
487485,0
487486,0
487487,0
487488,0
487489,0
487490,0
487491,0
487492,0
487493,0
487494,0
487495,13
487496,0
487497,8
487498,9
487499,0
487500,0
487501,9
487502,0
487503,0
487504,0
487505,0
487506,0
487507,0
487508,0
487509,0
487510,0
487511,0
487512,0
487513,16
487514,14
487515,10
487516,0
487517,0
487518,0
487519,0
487520,0
487521,0
487522,0
487523,10
487524,0
487525,0
487526,0
487527,7
487528,0
487529,0
487530,14
487531,0
487532,17
487533,0
487534,0
487535,0
487536,0
487537,0
487538,0
487539,0
487540,0
487541,0
487542,0
487543,0
487544,23
487545,0
487546,0
487547,0
487548,0
487549,0
487550,0
487551,0
487552,0
487553,0
487554,0
487555,14
487556,0
487557,0
487558,0
487559,0
487560,0
487561,0
487562,0
487563,0
487564,0
487565,0
487566,0
487567,0
487568,0
487569,0
487570,0
487571,17
487572,0
487573,0
487574,0
487575,15
487576,0
487577,0
487578,15
487579,0
487580,0
487581,0
487582,10
487583,0
487584,0
487585,0
487586,0
487587,0
487588,0
487589,0
487590,0
487591,0
487592,0
487593,0
487594,0
487595,0
487596,0
487597,0
487598,0
487599,0
487600,0
487601,0
487602,0
487603,0
487604,0
487605,0
487606,0
487607,18
487608,0
487609,0
487610,0
487611,0
487612,0
487613,0
487614,0
487615,0
487616,21
487617,0
487618,0
487619,12
487620,0
487621,0
487622,0
487623,0
487624,0
487625,0
487626,0
487627,0
487628,0
487629,0
487630,0
487631,0
487632,0
487633,20
487634,0
487635,0
487636,0
487637,0
487638,0
487639,0
487640,0
487641,0
487642,0
487643,0
487644,0
487645,0
487646,0
487647,0
487648,0
487649,18
487650,0
487651,0
487652,0
487653,20
487654,0
487655,0
487656,0
487657,0
487658,19
487659,12
487660,9
487661,0
487662,16
487663,0
487664,0
487665,0
487666,0
487667,0
487668,0
487669,0
487670,0
487671,0
487672,0
487673,0
487674,0
487675,0
487676,0
487677,0
487678,0
487679,11
487680,0
487681,0
487682,0
487683,0
487684,0
487685,0
487686,0
487687,0
487688,0
487689,0
487690,0
487691,0
487692,0
487693,0
487694,0
487695,0
487696,0
487697,0
487698,10
487699,0
487700,31
487701,0
487702,0
487703,0
487704,0
487705,0
487706,0
487707,0
487708,0
487709,0
487710,0
487711,0
487712,0
487713,15
487714,0
487715,13
487716,0
487717,0
487718,0
487719,0
487720,18
487721,0
487722,0
487723,0
487724,28
487725,0
487726,0
487727,0
487728,0
487729,0
487730,0
487731,0
487732,0
487733,0
487734,0
487735,24
487736,0
487737,0
487738,0
487739,0
487740,0
487741,26
487742,0
487743,17
487744,14
487745,0
487746,26
487747,0
487748,15
487749,0
487750,0
487751,0
487752,0
487753,0
487754,18
487755,0
487756,0
487757,16
487758,0
487759,0
487760,0
487761,0
487762,0
487763,0
487764,0
487765,0
487766,0
487767,0
487768,0
487769,0
487770,0
487771,0
487772,0
487773,13
487774,0
487775,21
487776,0
487777,0
487778,0
487779,0
487780,0
487781,0
487782,0
487783,0
487784,0
487785,0
487786,0
487787,0
487788,0
487789,0
487790,0
487791,0
487792,13
487793,0
487794,23
487795,13
487796,0
487797,0
487798,0
487799,0
487800,0
487801,0
487802,0
487803,0
487804,0
487805,0
487806,0
487807,0
487808,0
487809,0
487810,0
487811,0
487812,24
487813,0
487814,0
487815,0
487816,0
487817,0
487818,0
487819,17
487820,0
487821,0
487822,0
487823,0
487824,0
487825,0
487826,0
487827,23
487828,0
487829,0
487830,0
487831,0
487832,9
487833,13
487834,0
487835,0
487836,0
487837,0
487838,0
487839,0
487840,0
487841,0
487842,0
487843,0
487844,0
487845,0
487846,24
487847,22
487848,0
487849,0
487850,0
487851,0
487852,0
487853,0
487854,0
487855,0
487856,0
487857,0
487858,0
487859,0
487860,0
487861,0
487862,0
487863,0
487864,0
487865,0
487866,0
487867,0
487868,0
487869,0
487870,30
487871,0
487872,0
487873,0
487874,0
487875,0
487876,0
487877,0
487878,0
487879,0
487880,0
487881,49
487882,0
487883,0
487884,0
487885,0
487886,0
487887,0
487888,0
487889,0
487890,0
487891,0
487892,0
487893,0
487894,0
487895,0
487896,0
487897,0
487898,0
487899,0
487900,0
487901,0
487902,0
487903,0
487904,0
487905,0
487906,0
487907,0
487908,0
487909,0
487910,0
487911,0
487912,0
487913,0
487914,0
487915,0
487916,0
487917,0
487918,21
487919,0
487920,0
487921,0
487922,0
487923,0
487924,0
487925,0
487926,0
487927,0
487928,0
487929,0
487930,0
487931,0
487932,0
487933,0
487934,0
487935,35
487936,0
487937,0
487938,0
487939,0
487940,0
487941,0
487942,0
487943,0
487944,0
487945,0
487946,0
487947,30
487948,0
487949,0
487950,0
487951,0
487952,0
487953,0
487954,0
487955,0
487956,0
487957,0
487958,0
487959,0
487960,0
487961,0
487962,0
487963,0
487964,27
487965,0
487966,0
487967,0
487968,0
487969,0
487970,0
487971,29
487972,0
487973,0
487974,0
487975,0
487976,0
487977,0
487978,0
487979,0
487980,0
487981,0
487982,0
487983,0
487984,0
487985,0
487986,0
487987,0
487988,0
487989,0
487990,0
487991,0
487992,0
487993,0
487994,0
487995,0
487996,0
487997,0
487998,0
487999,0
488000,0
488001,0
488002,0
488003,0
488004,0
488005,0
488006,0
488007,0
488008,0
488009,0
488010,0
488011,0
488012,24
488013,0
488014,0
488015,0
488016,0
488017,0
488018,0
488019,0
488020,0
488021,0
488022,0
488023,0
488024,0
488025,0
488026,0
488027,0
488028,0
488029,0
488030,0
488031,0
488032,0
488033,0
488034,0
488035,0
488036,0
488037,0
488038,0
488039,0
488040,0
488041,0
488042,0
488043,0
488044,0
488045,0
488046,0
488047,0
488048,0
488049,0
488050,0
488051,0
488052,0
488053,0
488054,39
488055,0
488056,0
488057,0
488058,0
488059,0
488060,0
488061,0
488062,0
488063,0
488064,0
488065,0
488066,0
488067,0
488068,0
488069,0
488070,0
488071,0
488072,0
488073,0
488074,0
488075,0
488076,0
488077,0
488078,0
488079,0
488080,0
488081,0
488082,0
488083,0
488084,0
488085,0
488086,0
488087,0
488088,0
488089,0
488090,0
488091,0
488092,0
488093,0
488094,0
488095,0
488096,0
488097,0
488098,0
488099,0
488100,0
488101,0
488102,0
488103,0
488104,0
488105,0
488106,0
488107,0
488108,0
488109,0
488110,0
488111,0
488112,0
488113,0
488114,0
488115,0
488116,0
488117,0
488118,0
488119,0
488120,0
488121,0
488122,0
488123,0
488124,0
488125,0
488126,0
488127,0
488128,0
488129,0
488130,0
488131,0
488132,0
488133,0
488134,0
488135,0
488136,0
488137,0
488138,0
488139,0
488140,0
488141,0
488142,0
488143,0
488144,29
488145,0
488146,0
488147,0
488148,0
488149,0
488150,0
488151,0
488152,0
488153,0
488154,0
488155,0
488156,0
488157,0
488158,0
488159,0
488160,0
488161,0
488162,0
488163,0
488164,0
488165,0
488166,0
488167,0
488168,0
488169,0
488170,0
488171,0
488172,0
488173,0
488174,0
488175,0
488176,0
488177,0
488178,0
488179,0
488180,0
488181,36
488182,0
488183,0
488184,0
488185,0
488186,0
488187,0
488188,0
488189,0
488190,26
488191,0
488192,0
488193,0
488194,22
488195,0
488196,0
488197,0
488198,0
488199,0
488200,0
488201,0
488202,0
488203,0
488204,0
488205,0
488206,0
488207,0
488208,33
488209,0
488210,0
488211,0
488212,0
488213,0
488214,0
488215,0
488216,0
488217,0
488218,0
488219,0
488220,0
488221,0
488222,0
488223,0
488224,0
488225,0
488226,0
488227,0
488228,0
488229,0
488230,0
488231,0
488232,0
488233,0
488234,0
488235,0
488236,0
488237,0
488238,0
488239,0
488240,0
488241,0
488242,0
488243,0
488244,0
488245,0
488246,0
488247,0
488248,0
488249,0
488250,0
488251,27
488252,0
488253,0
488254,0
488255,0
488256,0
488257,25
488258,0
488259,0
488260,0
488261,0
488262,0
488263,0
488264,0
488265,0
488266,0
488267,0
488268,0
488269,24
488270,0
488271,0
488272,0
488273,0
488274,0
488275,0
488276,0
488277,0
488278,0
488279,0
488280,0
488281,0
488282,0
488283,0
488284,0
488285,0
488286,0
488287,0
488288,0
488289,0
488290,0
488291,0
488292,0
488293,0
488294,32
488295,0
488296,0
488297,0
488298,0
488299,0
488300,0
488301,0
488302,0
488303,0
488304,0
488305,0
488306,0
488307,0
488308,0
488309,0
488310,0
488311,0
488312,33
488313,0
488314,31
488315,0
488316,0
488317,0
488318,0
488319,0
488320,0
488321,0
488322,0
488323,0
488324,0
488325,0
488326,0
488327,0
488328,0
488329,0
488330,0
488331,0
488332,0
488333,0
488334,0
488335,0
488336,0
488337,0
488338,0
488339,0
488340,0
488341,0
488342,0
488343,0
488344,0
488345,0
488346,0
488347,0
488348,0
488349,0
488350,0
488351,0
488352,0
488353,0
488354,0
488355,0
488356,27
488357,0
488358,0
488359,0
488360,0
488361,0
488362,0
488363,0
488364,0
488365,0
488366,0
488367,0
488368,0
488369,0
488370,0
488371,0
488372,0
488373,0
488374,39
488375,0
488376,27
488377,0
488378,0
488379,40
488380,0
488381,0
488382,0
488383,0
488384,32
488385,0
488386,0
488387,0
488388,0
488389,0
488390,0
488391,0
488392,0
488393,0
488394,0
488395,0
488396,0
488397,0
488398,0
488399,0
488400,0
488401,0
488402,0
488403,0
488404,0
488405,0
488406,0
488407,0
488408,0
488409,0
488410,0
488411,0
488412,0
488413,0
488414,0
488415,37
488416,0
488417,0
488418,0
488419,0
488420,0
488421,0
488422,0
488423,0
488424,0
488425,0
488426,0
488427,0
488428,35
488429,0
488430,0
488431,0
488432,0
488433,0
488434,0
488435,0
488436,0
488437,0
488438,0
488439,0
488440,0
488441,0
488442,0
488443,0
488444,0
488445,0
488446,0
488447,0
488448,0
488449,0
488450,0
488451,0
488452,0
488453,0
488454,0
488455,0
488456,16
488457,0
488458,0
488459,0
488460,0
488461,0
488462,0
488463,0
488464,0
488465,0
488466,0
488467,0
488468,46
488469,0
488470,0
488471,0
488472,0
488473,0
488474,0
488475,0
488476,0
488477,0
488478,0
488479,0
488480,0
488481,0
488482,0
488483,0
488484,37
488485,0
488486,23
488487,0
488488,0
488489,22
488490,30
488491,0
488492,0
488493,0
488494,0
488495,0
488496,0
488497,0
488498,0
488499,0
488500,0
488501,0
488502,0
488503,0
488504,0
488505,0
488506,0
488507,0
488508,0
488509,0
488510,0
488511,0
488512,0
488513,0
488514,0
488515,0
488516,0
488517,0
488518,0
488519,0
488520,0
488521,0
488522,0
488523,0
488524,0
488525,0
488526,0
488527,0
488528,0
488529,0
488530,0
488531,0
488532,0
488533,0
488534,0
488535,0
488536,0
488537,0
488538,0
488539,0
488540,0
488541,0
488542,30
488543,0
488544,0
488545,0
488546,0
488547,0
488548,0
488549,0
488550,0
488551,0
488552,0
488553,0
488554,35
488555,57
488556,0
488557,0
488558,0
488559,0
488560,0
488561,0
488562,0
488563,0
488564,0
488565,0
488566,0
488567,0
488568,0
488569,0
488570,0
488571,0
488572,0
488573,0
488574,0
488575,26
488576,0
488577,0
488578,0
488579,0
488580,0
488581,0
488582,0
488583,0
488584,0
488585,0
488586,0
488587,0
488588,0
488589,0
488590,0
488591,0
488592,0
488593,0
488594,0
488595,27
488596,0
488597,25
488598,0
488599,0
488600,0
488601,0
488602,0
488603,0
488604,0
488605,36
488606,0
488607,0
488608,0
488609,0
488610,0
488611,0
488612,0
488613,0
488614,0
488615,0
488616,0
488617,0
488618,0
488619,0
488620,0
488621,0
488622,39
488623,0
488624,0
488625,0
488626,0
488627,0
488628,0
488629,0
488630,0
488631,0
488632,0
488633,0
488634,0
488635,0
488636,0
488637,0
488638,0
488639,0
488640,0
488641,0
488642,0
488643,0
488644,0
488645,0
488646,0
488647,0
488648,0
488649,0
488650,0
488651,0
488652,0
488653,0
488654,0
488655,0
488656,25
488657,0
488658,0
488659,0
488660,0
488661,0
488662,0
488663,36
488664,0
488665,0
488666,0
488667,0
488668,0
488669,0
488670,0
488671,0
488672,0
488673,0
488674,0
488675,0
488676,0
488677,39
488678,0
488679,0
488680,0
488681,0
488682,23
488683,0
488684,0
488685,0
488686,0
488687,0
488688,23
488689,0
488690,0
488691,0
488692,0
488693,0
488694,0
488695,0
488696,0
488697,0
488698,0
488699,0
488700,0
488701,0
488702,0
488703,0
488704,0
488705,0
488706,0
488707,0
488708,0
488709,22
488710,0
488711,0
488712,0
488713,0
488714,0
488715,0
488716,0
488717,39
488718,0
488719,26
488720,0
488721,0
488722,0
488723,17
488724,0
488725,0
488726,31
488727,0
488728,30
488729,0
488730,0
488731,0
488732,0
488733,0
488734,0
488735,0
488736,0
488737,0
488738,0
488739,20
488740,34
488741,0
488742,0
488743,0
488744,0
488745,0
488746,0
488747,0
488748,0
488749,0
488750,27
488751,0
488752,37
488753,30
488754,0
488755,0
488756,30
488757,0
488758,0
488759,0
488760,0
488761,0
488762,0
488763,0
488764,0
488765,0
488766,0
488767,0
488768,0
488769,0
488770,0
488771,0
488772,0
488773,38
488774,0
488775,0
488776,0
488777,0
488778,0
488779,0
488780,0
488781,27
488782,0
488783,0
488784,0
488785,0
488786,0
488787,0
488788,0
488789,0
488790,0
488791,0
488792,0
488793,27
488794,0
488795,0
488796,0
488797,0
488798,0
488799,0
488800,58
488801,22
488802,0
488803,0
488804,0
488805,0
488806,0
488807,0
488808,0
488809,0
488810,0
488811,0
488812,0
488813,0
488814,23
488815,0
488816,36
488817,0
488818,49
488819,0
488820,0
488821,0
488822,41
488823,0
488824,58
488825,0
488826,0
488827,0
488828,0
488829,0
488830,21
488831,0
488832,0
488833,32
488834,0
488835,0
488836,0
488837,0
488838,51
488839,0
488840,23
488841,0
488842,0
488843,0
488844,40
488845,0
488846,0
488847,0
488848,0
488849,36
488850,34
488851,0
488852,0
488853,0
488854,0
488855,0
488856,0
488857,0
488858,40
488859,0
488860,0
488861,0
488862,0
488863,0
488864,0
488865,0
488866,0
488867,0
488868,0
488869,0
488870,0
488871,0
488872,0
488873,0
488874,0
488875,58
488876,0
488877,23
488878,0
488879,32
488880,0
488881,0
488882,0
488883,0
488884,0
488885,0
488886,0
488887,0
488888,0
488889,29
488890,0
488891,0
488892,0
488893,0
488894,0
488895,0
488896,0
488897,0
488898,0
488899,0
488900,0
488901,26
488902,0
488903,0
488904,0
488905,0
488906,0
488907,0
488908,0
488909,0
488910,0
488911,0
488912,0
488913,0
488914,0
488915,0
488916,0
488917,0
488918,0
488919,0
488920,0
488921,28
488922,0
488923,0
488924,0
488925,37
488926,0
488927,0
488928,0
488929,0
488930,0
488931,0
488932,0
488933,0
488934,0
488935,50
488936,0
488937,0
488938,0
488939,34
488940,0
488941,0
488942,0
488943,0
488944,0
488945,0
488946,0
488947,0
488948,0
488949,0
488950,0
488951,0
488952,0
488953,0
488954,0
488955,0
488956,0
488957,0
488958,0
488959,0
488960,0
488961,0
488962,0
488963,0
488964,0
488965,0
488966,0
488967,0
488968,0
488969,0
488970,0
488971,0
488972,0
488973,0
488974,0
488975,33
488976,0
488977,0
488978,0
488979,0
488980,0
488981,57
488982,0
488983,0
488984,0
488985,0
488986,33
488987,0
488988,37
488989,0
488990,39
488991,43
488992,30
488993,0
488994,0
488995,0
488996,0
488997,39
488998,0
488999,41
489000,36
489001,0
489002,29
489003,0
489004,0
489005,0
489006,0
489007,0
489008,0
489009,0
489010,0
489011,24
489012,0
489013,0
489014,0
489015,0
489016,0
489017,0
489018,0
489019,0
489020,0
489021,0
489022,0
489023,38
489024,35
489025,0
489026,0
489027,39
489028,24
489029,0
489030,0
489031,0
489032,0
489033,0
489034,0
489035,72
489036,80
489037,0
489038,0
489039,0
489040,0
489041,0
489042,0
489043,0
489044,24
489045,0
489046,0
489047,0
489048,0
489049,0
489050,0
489051,0
489052,0
489053,36
489054,0
489055,0
489056,37
489057,0
489058,0
489059,37
489060,0
489061,25
489062,0
489063,0
489064,37
489065,0
489066,0
489067,0
489068,0
489069,0
489070,0
489071,0
489072,0
489073,0
489074,0
489075,2
489076,0
489077,0
489078,0
489079,0
489080,0
489081,0
489082,0
489083,0
489084,0
489085,0
489086,0
489087,0
489088,0
489089,0
489090,0
489091,0
489092,2
489093,0
489094,1
489095,0
489096,0
489097,0
489098,0
489099,0
489100,1
489101,0
489102,0
489103,0
489104,0
489105,0
489106,0
489107,0
489108,0
489109,0
489110,2
489111,3
489112,0
489113,0
489114,0
489115,0
489116,0
489117,0
489118,6
489119,0
489120,0
489121,0
489122,0
489123,0
489124,0
489125,6
489126,0
489127,3
489128,0
489129,0
489130,4
489131,1
489132,0
489133,0
489134,0
489135,0
489136,0
489137,0
489138,0
489139,0
489140,0
489141,0
489142,0
489143,1
489144,0
489145,3
489146,0
489147,0
489148,0
489149,0
489150,0
489151,0
489152,0
489153,0
489154,0
489155,0
489156,0
489157,0
489158,0
489159,0
489160,0
489161,0
489162,0
489163,0
489164,0
489165,0
489166,1
489167,0
489168,0
489169,0
489170,0
489171,3
489172,2
489173,0
489174,0
489175,0
489176,0
489177,0
489178,0
489179,0
489180,0
489181,1
489182,3
489183,0
489184,0
489185,1
489186,0
489187,0
489188,0
489189,0
489190,0
489191,0
489192,0
489193,0
489194,0
489195,0
489196,0
489197,0
489198,0
489199,0
489200,0
489201,1
489202,0
489203,0
489204,0
489205,0
489206,0
489207,0
489208,0
489209,0
489210,0
489211,0
489212,2
489213,0
489214,0
489215,0
489216,0
489217,0
489218,0
489219,0
489220,0
489221,0
489222,0
489223,0
489224,0
489225,0
489226,0
489227,0
489228,0
489229,0
489230,0
489231,0
489232,5
489233,0
489234,7
489235,0
489236,0
489237,0
489238,0
489239,1
489240,0
489241,0
489242,0
489243,0
489244,0
489245,0
489246,0
489247,0
489248,0
489249,0
489250,2
489251,0
489252,0
489253,0
489254,0
489255,0
489256,0
489257,0
489258,0
489259,0
489260,0
489261,0
489262,0
489263,0
489264,0
489265,0
489266,0
489267,0
489268,0
489269,2
489270,0
489271,4
489272,0
489273,0
489274,0
489275,0
489276,0
489277,2
489278,0
489279,0
489280,0
489281,0
489282,0
489283,0
489284,0
489285,0
489286,0
489287,0
489288,0
489289,0
489290,4
489291,0
489292,0
489293,0
489294,0
489295,0
489296,0
489297,0
489298,0
489299,0
489300,0
489301,0
489302,0
489303,0
489304,0
489305,0
489306,2
489307,0
489308,0
489309,0
489310,0
489311,0
489312,0
489313,0
489314,0
489315,0
489316,0
489317,0
489318,0
489319,0
489320,0
489321,4
489322,0
489323,0
489324,0
489325,0
489326,0
489327,0
489328,0
489329,5
489330,0
489331,0
489332,0
489333,0
489334,0
489335,0
489336,0
489337,0
489338,0
489339,0
489340,3
489341,2
489342,0
489343,0
489344,0
489345,0
489346,0
489347,0
489348,0
489349,3
489350,0
489351,0
489352,0
489353,10
489354,0
489355,3
489356,0
489357,0
489358,0
489359,0
489360,0
489361,0
489362,0
489363,0
489364,0
489365,0
489366,0
489367,0
489368,0
489369,0
489370,0
489371,3
489372,0
489373,0
489374,0
489375,0
489376,0
489377,0
489378,2
489379,0
489380,0
489381,0
489382,0
489383,0
489384,0
489385,2
489386,0
489387,0
489388,0
489389,0
489390,0
489391,0
489392,0
489393,0
489394,0
489395,0
489396,0
489397,0
489398,0
489399,0
489400,0
489401,2
489402,0
489403,0
489404,0
489405,0
489406,0
489407,2
489408,0
489409,0
489410,0
489411,0
489412,0
489413,3
489414,0
489415,1
489416,0
489417,0
489418,0
489419,0
489420,0
489421,0
489422,0
489423,0
489424,3
489425,0
489426,0
489427,0
489428,2
489429,0
489430,0
489431,0
489432,0
489433,0
489434,0
489435,0
489436,5
489437,0
489438,0
489439,0
489440,2
489441,0
489442,0
489443,0
489444,0
489445,3
489446,0
489447,0
489448,7
489449,0
489450,0
489451,0
489452,0
489453,5
489454,0
489455,0
489456,0
489457,0
489458,0
489459,0
489460,0
489461,1
489462,0
489463,6
489464,0
489465,0
489466,0
489467,0
489468,0
489469,0
489470,0
489471,0
489472,2
489473,0
489474,3
489475,0
489476,0
489477,0
489478,0
489479,0
489480,0
489481,0
489482,0
489483,0
489484,0
489485,2
489486,0
489487,0
489488,0
489489,0
489490,0
489491,0
489492,4
489493,0
489494,0
489495,0
489496,0
489497,0
489498,0
489499,0
489500,0
489501,0
489502,4
489503,0
489504,2
489505,0
489506,0
489507,0
489508,0
489509,0
489510,0
489511,0
489512,0
489513,5
489514,0
489515,0
489516,0
489517,0
489518,0
489519,0
489520,0
489521,0
489522,0
489523,0
489524,5
489525,0
489526,0
489527,0
489528,0
489529,0
489530,0
489531,0
489532,0
489533,0
489534,0
489535,0
489536,0
489537,0
489538,0
489539,3
489540,0
489541,0
489542,0
489543,0
489544,0
489545,0
489546,0
489547,0
489548,0
489549,0
489550,0
489551,0
489552,0
489553,0
489554,0
489555,0
489556,0
489557,0
489558,0
489559,0
489560,3
489561,0
489562,0
489563,3
489564,0
489565,0
489566,0
489567,0
489568,0
489569,0
489570,0
489571,0
489572,0
489573,0
489574,0
489575,1
489576,0
489577,0
489578,0
489579,0
489580,0
489581,0
489582,0
489583,0
489584,0
489585,0
489586,3
489587,0
489588,0
489589,0
489590,0
489591,3
489592,0
489593,0
489594,0
489595,0
489596,0
489597,0
489598,0
489599,0
489600,0
489601,5
489602,0
489603,0
489604,0
489605,0
489606,0
489607,0
489608,0
489609,0
489610,0
489611,0
489612,0
489613,0
489614,2
489615,0
489616,0
489617,0
489618,0
489619,0
489620,0
489621,0
489622,0
489623,0
489624,0
489625,0
489626,0
489627,0
489628,2
489629,0
489630,0
489631,3
489632,0
489633,4
489634,0
489635,0
489636,0
489637,0
489638,0
489639,0
489640,0
489641,0
489642,0
489643,0
489644,3
489645,0
489646,0
489647,0
489648,0
489649,0
489650,0
489651,0
489652,0
489653,0
489654,0
489655,0
489656,2
489657,0
489658,0
489659,0
489660,0
489661,5
489662,2
489663,4
489664,0
489665,0
489666,0
489667,0
489668,0
489669,0
489670,0
489671,0
489672,0
489673,0
489674,0
489675,0
489676,0
489677,0
489678,0
489679,0
489680,0
489681,1
489682,0
489683,0
489684,0
489685,0
489686,0
489687,0
489688,0
489689,0
489690,5
489691,0
489692,0
489693,0
489694,0
489695,0
489696,4
489697,0
489698,0
489699,0
489700,2
489701,6
489702,0
489703,0
489704,0
489705,0
489706,0
489707,0
489708,0
489709,0
489710,3
489711,0
489712,0
489713,0
489714,0
489715,0
489716,0
489717,4
489718,0
489719,0
489720,3
489721,0
489722,0
489723,0
489724,2
489725,0
489726,0
489727,4
489728,0
489729,0
489730,2
489731,0
489732,0
489733,0
489734,0
489735,0
489736,0
489737,0
489738,0
489739,0
489740,0
489741,0
489742,0
489743,0
489744,0
489745,2
489746,0
489747,0
489748,0
489749,0
489750,0
489751,0
489752,0
489753,2
489754,0
489755,0
489756,2
489757,0
489758,0
489759,0
489760,0
489761,0
489762,0
489763,0
489764,0
489765,0
489766,0
489767,0
489768,0
489769,0
489770,2
489771,0
489772,0
489773,0
489774,0
489775,0
489776,7
489777,0
489778,0
489779,0
489780,0
489781,0
489782,0
489783,5
489784,0
489785,0
489786,0
489787,0
489788,0
489789,3
489790,0
489791,0
489792,0
489793,0
489794,0
489795,0
489796,0
489797,0
489798,0
489799,0
489800,0
489801,0
489802,2
489803,0
489804,0
489805,0
489806,0
489807,0
489808,0
489809,0
489810,0
489811,0
489812,0
489813,0
489814,0
489815,0
489816,0
489817,0
489818,0
489819,0
489820,0
489821,0
489822,0
489823,5
489824,0
489825,0
489826,0
489827,0
489828,0
489829,3
489830,0
489831,1
489832,3
489833,0
489834,0
489835,0
489836,0
489837,0
489838,0
489839,5
489840,0
489841,0
489842,0
489843,0
489844,0
489845,0
489846,0
489847,0
489848,0
489849,0
489850,0
489851,0
489852,0
489853,0
489854,0
489855,0
489856,9
489857,0
489858,0
489859,0
489860,0
489861,0
489862,0
489863,0
489864,0
489865,0
489866,0
489867,0
489868,0
489869,0
489870,0
489871,0
489872,5
489873,0
489874,0
489875,0
489876,0
489877,0
489878,0
489879,0
489880,0
489881,0
489882,0
489883,0
489884,0
489885,4
489886,0
489887,0
489888,0
489889,0
489890,0
489891,0
489892,0
489893,0
489894,0
489895,0
489896,0
489897,0
489898,0
489899,0
489900,0
489901,4
489902,8
489903,0
489904,0
489905,0
489906,0
489907,0
489908,0
489909,0
489910,0
489911,0
489912,0
489913,0
489914,0
489915,0
489916,0
489917,0
489918,0
489919,0
489920,0
489921,0
489922,7
489923,0
489924,0
489925,0
489926,0
489927,0
489928,0
489929,0
489930,0
489931,0
489932,0
489933,0
489934,0
489935,0
489936,7
489937,5
489938,0
489939,0
489940,0
489941,0
489942,0
489943,0
489944,0
489945,0
489946,0
489947,0
489948,0
489949,0
489950,0
489951,0
489952,0
489953,0
489954,0
489955,0
489956,0
489957,0
489958,0
489959,0
489960,0
489961,0
489962,0
489963,0
489964,0
489965,0
489966,2
489967,4
489968,0
489969,0
489970,0
489971,0
489972,0
489973,0
489974,0
489975,0
489976,0
489977,0
489978,0
489979,0
489980,0
489981,0
489982,0
489983,0
489984,0
489985,3
489986,0
489987,0
489988,11
489989,0
489990,0
489991,0
489992,0
489993,0
489994,2
489995,0
489996,2
489997,0
489998,0
489999,0
490000,0
490001,0
490002,0
490003,0
490004,7
490005,0
490006,0
490007,0
490008,0
490009,0
490010,5
490011,0
490012,0
490013,0
490014,0
490015,0
490016,0
490017,0
490018,0
490019,0
490020,0
490021,0
490022,3
490023,0
490024,0
490025,0
490026,0
490027,0
490028,0
490029,0
490030,0
490031,9
490032,0
490033,0
490034,0
490035,0
490036,0
490037,0
490038,0
490039,0
490040,0
490041,0
490042,0
490043,0
490044,0
490045,0
490046,0
490047,0
490048,0
490049,0
490050,0
490051,0
490052,0
490053,0
490054,0
490055,0
490056,6
490057,0
490058,0
490059,0
490060,0
490061,0
490062,5
490063,0
490064,0
490065,0
490066,0
490067,0
490068,0
490069,7
490070,0
490071,0
490072,0
490073,0
490074,0
490075,0
490076,0
490077,0
490078,0
490079,0
490080,0
490081,0
490082,0
490083,0
490084,0
490085,0
490086,0
490087,0
490088,0
490089,0
490090,0
490091,0
490092,0
490093,0
490094,0
490095,0
490096,0
490097,0
490098,0
490099,0
490100,0
490101,0
490102,0
490103,0
490104,0
490105,0
490106,3
490107,3
490108,0
490109,0
490110,0
490111,3
490112,0
490113,0
490114,0
490115,0
490116,0
490117,0
490118,0
490119,0
490120,0
490121,0
490122,0
490123,0
490124,8
490125,0
490126,0
490127,0
490128,0
490129,0
490130,0
490131,5
490132,0
490133,0
490134,0
490135,0
490136,0
490137,0
490138,0
490139,0
490140,0
490141,0
490142,0
490143,0
490144,0
490145,0
490146,0
490147,0
490148,0
490149,0
490150,0
490151,0
490152,0
490153,0
490154,4
490155,0
490156,0
490157,0
490158,0
490159,0
490160,0
490161,7
490162,0
490163,9
490164,0
490165,6
490166,7
490167,0
490168,0
490169,0
490170,0
490171,6
490172,0
490173,0
490174,0
490175,0
490176,0
490177,0
490178,0
490179,2
490180,0
490181,0
490182,5
490183,4
490184,0
490185,0
490186,0
490187,0
490188,0
490189,0
490190,0
490191,0
490192,3
490193,6
490194,0
490195,0
490196,0
490197,0
490198,0
490199,0
490200,0
490201,0
490202,0
490203,0
490204,0
490205,0
490206,0
490207,0
490208,0
490209,0
490210,0
490211,0
490212,0
490213,0
490214,0
490215,9
490216,8
490217,0
490218,0
490219,0
490220,0
490221,0
490222,0
490223,0
490224,0
490225,0
490226,0
490227,0
490228,0
490229,0
490230,0
490231,0
490232,0
490233,4
490234,0
490235,0
490236,0
490237,0
490238,0
490239,0
490240,0
490241,0
490242,0
490243,0
490244,0
490245,0
490246,0
490247,0
490248,0
490249,5
490250,0
490251,0
490252,0
490253,0
490254,0
490255,0
490256,9
490257,0
490258,0
490259,0
490260,0
490261,4
490262,0
490263,0
490264,0
490265,0
490266,0
490267,0
490268,0
490269,0
490270,0
490271,0
490272,10
490273,0
490274,0
490275,0
490276,0
490277,0
490278,0
490279,0
490280,0
490281,0
490282,0
490283,4
490284,0
490285,0
490286,0
490287,0
490288,0
490289,0
490290,0
490291,0
490292,0
490293,0
490294,0
490295,0
490296,0
490297,0
490298,2
490299,0
490300,6
490301,10
490302,0
490303,0
490304,0
490305,0
490306,0
490307,0
490308,0
490309,0
490310,5
490311,0
490312,0
490313,0
490314,0
490315,6
490316,0
490317,0
490318,0
490319,0
490320,10
490321,0
490322,0
490323,0
490324,0
490325,8
490326,0
490327,8
490328,0
490329,0
490330,0
490331,0
490332,0
490333,0
490334,0
490335,0
490336,9
490337,0
490338,0
490339,0
490340,0
490341,0
490342,0
490343,5
490344,0
490345,0
490346,0
490347,0
490348,0
490349,0
490350,0
490351,0
490352,6
490353,0
490354,0
490355,5
490356,0
490357,0
490358,0
490359,6
490360,0
490361,0
490362,0
490363,0
490364,5
490365,0
490366,0
490367,0
490368,0
490369,0
490370,0
490371,0
490372,0
490373,0
490374,0
490375,0
490376,0
490377,0
490378,0
490379,0
490380,3
490381,0
490382,0
490383,0
490384,0
490385,0
490386,0
490387,0
490388,0
490389,0
490390,7
490391,0
490392,0
490393,0
490394,0
490395,0
490396,0
490397,0
490398,0
490399,0
490400,3
490401,0
490402,0
490403,0
490404,0
490405,0
490406,0
490407,0
490408,0
490409,0
490410,0
490411,0
490412,0
490413,0
490414,0
490415,0
490416,4
490417,0
490418,0
490419,0
490420,0
490421,0
490422,0
490423,0
490424,0
490425,0
490426,0
490427,0
490428,0
490429,3
490430,0
490431,0
490432,0
490433,0
490434,0
490435,0
490436,4
490437,0
490438,0
490439,0
490440,0
490441,0
490442,0
490443,0
490444,0
490445,0
490446,0
490447,0
490448,0
490449,0
490450,0
490451,0
490452,0
490453,0
490454,0
490455,0
490456,0
490457,0
490458,0
490459,0
490460,8
490461,0
490462,0
490463,0
490464,0
490465,0
490466,0
490467,0
490468,0
490469,0
490470,0
490471,0
490472,0
490473,0
490474,0
490475,0
490476,6
490477,0
490478,0
490479,0
490480,0
490481,0
490482,0
490483,0
490484,0
490485,0
490486,0
490487,0
490488,0
490489,9
490490,0
490491,7
490492,0
490493,0
490494,0
490495,0
490496,0
490497,0
490498,0
490499,0
490500,0
490501,0
490502,0
490503,0
490504,0
490505,0
490506,0
490507,0
490508,0
490509,0
490510,0
490511,0
490512,0
490513,0
490514,7
490515,0
490516,0
490517,0
490518,0
490519,0
490520,0
490521,0
490522,0
490523,0
490524,0
490525,0
490526,0
490527,0
490528,0
490529,0
490530,6
490531,0
490532,0
490533,0
490534,7
490535,0
490536,0
490537,0
490538,0
490539,0
490540,0
490541,0
490542,0
490543,0
490544,0
490545,0
490546,0
490547,0
490548,0
490549,1
490550,0
490551,0
490552,0
490553,0
490554,0
490555,0
490556,0
490557,0
490558,0
490559,0
490560,0
490561,0
490562,0
490563,0
490564,0
490565,0
490566,0
490567,0
490568,0
490569,0
490570,0
490571,0
490572,0
490573,0
490574,0
490575,0
490576,0
490577,0
490578,0
490579,0
490580,0
490581,0
490582,0
490583,0
490584,0
490585,0
490586,0
490587,0
490588,0
490589,0
490590,0
490591,0
490592,0
490593,0
490594,1
490595,0
490596,0
490597,0
490598,0
490599,0
490600,0
490601,0
490602,0
490603,0
490604,0
490605,0
490606,0
490607,0
490608,0
490609,0
490610,0
490611,0
490612,0
490613,0
490614,0
490615,0
490616,0
490617,0
490618,0
490619,0
490620,0
490621,0
490622,0
490623,0
490624,0
490625,0
490626,0
490627,0
490628,0
490629,0
490630,0
490631,0
490632,0
490633,0
490634,0
490635,0
490636,0
490637,0
490638,0
490639,0
490640,0
490641,0
490642,0
490643,0
490644,0
490645,0
490646,0
490647,0
490648,0
490649,0
490650,0
490651,0
490652,0
490653,0
490654,0
490655,0
490656,0
490657,0
490658,0
490659,0
490660,0
490661,0
490662,0
490663,0
490664,0
490665,0
490666,0
490667,0
490668,0
490669,0
490670,0
490671,0
490672,0
490673,0
490674,0
490675,48
490676,0
490677,0
490678,29
490679,36
490680,0
490681,0
490682,0
490683,0
490684,0
490685,34
490686,0
490687,0
490688,0
490689,0
490690,0
490691,0
490692,0
490693,67
490694,0
490695,0
490696,0
490697,0
490698,0
490699,0
490700,0
490701,0
490702,0
490703,0
490704,0
490705,0
490706,0
490707,0
490708,0
490709,32
490710,0
490711,0
490712,0
490713,0
490714,0
490715,0
490716,0
490717,0
490718,0
490719,0
490720,0
490721,0
490722,0
490723,0
490724,22
490725,0
490726,0
490727,0
490728,53
490729,0
490730,28
490731,0
490732,25
490733,0
490734,0
490735,0
490736,23
490737,0
490738,0
490739,0
490740,0
490741,0
490742,0
490743,0
490744,0
490745,0
490746,63
490747,0
490748,0
490749,0
490750,0
490751,0
490752,0
490753,0
490754,0
490755,0
490756,0
490757,0
490758,0
490759,17
490760,20
490761,0
490762,23
490763,0
490764,0
490765,0
490766,0
490767,0
490768,0
490769,0
490770,0
490771,0
490772,0
490773,0
490774,48
490775,0
490776,0
490777,0
490778,0
490779,0
490780,25
490781,0
490782,0
490783,0
490784,0
490785,0
490786,0
490787,0
490788,0
490789,0
490790,0
490791,0
490792,17
490793,0
490794,0
490795,0
490796,0
490797,0
490798,0
490799,0
490800,47
490801,0
490802,0
490803,0
490804,0
490805,0
490806,0
490807,0
490808,0
490809,0
490810,0
490811,0
490812,0
490813,0
490814,0
490815,0
490816,0
490817,0
490818,0
490819,0
490820,19
490821,0
490822,38
490823,0
490824,0
490825,0
490826,0
490827,0
490828,0
490829,35
490830,0
490831,0
490832,0
490833,0
490834,0
490835,0
490836,0
490837,0
490838,0
490839,0
490840,0
490841,0
490842,0
490843,0
490844,0
490845,0
490846,27
490847,0
490848,0
490849,0
490850,0
490851,0
490852,0
490853,0
490854,0
490855,0
490856,0
490857,17
490858,0
490859,0
490860,0
490861,0
490862,0
490863,0
490864,0
490865,0
490866,0
490867,0
490868,0
490869,25
490870,0
490871,0
490872,0
490873,0
490874,0
490875,0
490876,0
490877,17
490878,0
490879,0
490880,0
490881,0
490882,29
490883,0
490884,24
490885,0
490886,25
490887,0
490888,0
490889,0
490890,0
490891,0
490892,0
490893,0
490894,0
490895,0
490896,0
490897,0
490898,0
490899,0
490900,0
490901,0
490902,0
490903,0
490904,0
490905,0
490906,0
490907,0
490908,30
490909,0
490910,0
490911,0
490912,0
490913,0
490914,0
490915,0
490916,0
490917,0
490918,0
490919,0
490920,0
490921,0
490922,0
490923,0
490924,0
490925,0
490926,0
490927,0
490928,28
490929,0
490930,0
490931,0
490932,0
490933,0
490934,38
490935,0
490936,0
490937,0
490938,0
490939,0
490940,0
490941,0
490942,0
490943,0
490944,0
490945,0
490946,0
490947,0
490948,0
490949,0
490950,0
490951,0
490952,0
490953,0
490954,0
490955,0
490956,0
490957,31
490958,0
490959,0
490960,0
490961,55
490962,0
490963,0
490964,0
490965,26
490966,0
490967,0
490968,0
490969,0
490970,0
490971,0
490972,0
490973,21
490974,0
490975,0
490976,0
490977,0
490978,18
490979,0
490980,0
490981,0
490982,0
490983,0
490984,0
490985,0
490986,0
490987,0
490988,0
490989,0
490990,0
490991,0
490992,0
490993,0
490994,0
490995,19
490996,0
490997,0
490998,0
490999,0
491000,0
491001,0
491002,0
491003,0
491004,0
491005,0
491006,0
491007,0
491008,0
491009,0
491010,39
491011,0
491012,0
491013,0
491014,0
491015,0
491016,0
491017,0
491018,0
491019,0
491020,0
491021,0
491022,0
491023,0
491024,0
491025,0
491026,0
491027,0
491028,0
491029,21
491030,0
491031,0
491032,0
491033,0
491034,0
491035,0
491036,0
491037,0
491038,0
491039,37
491040,0
491041,0
491042,0
491043,0
491044,12
491045,0
491046,30
491047,0
491048,0
491049,0
491050,0
491051,0
491052,0
491053,0
491054,0
491055,0
491056,0
491057,0
491058,0
491059,0
491060,0
491061,0
491062,47
491063,0
491064,0
491065,0
491066,41
491067,35
491068,0
491069,0
491070,0
491071,0
491072,0
491073,0
491074,0
491075,0
491076,0
491077,19
491078,0
491079,0
491080,0
491081,41
491082,0
491083,0
491084,0
491085,0
491086,0
491087,0
491088,0
491089,0
491090,12
491091,0
491092,35
491093,15
491094,0
491095,0
491096,0
491097,0
491098,0
491099,0
491100,0
491101,23
491102,0
491103,0
491104,0
491105,0
491106,0
491107,0
491108,0
491109,0
491110,0
491111,0
491112,0
491113,0
491114,0
491115,0
491116,50
491117,0
491118,0
491119,0
491120,0
491121,0
491122,0
491123,0
491124,0
491125,0
491126,0
491127,0
491128,0
491129,0
491130,0
491131,0
491132,0
491133,32
491134,0
491135,0
491136,0
491137,0
491138,0
491139,47
491140,39
491141,0
491142,0
491143,0
491144,0
491145,0
491146,0
491147,0
491148,0
491149,48
491150,0
491151,0
491152,0
491153,0
491154,0
491155,0
491156,0
491157,0
491158,0
491159,0
491160,0
491161,0
491162,0
491163,0
491164,0
491165,0
491166,0
491167,0
491168,0
491169,0
491170,0
491171,0
491172,0
491173,0
491174,0
491175,0
491176,41
491177,0
491178,0
491179,0
491180,0
491181,24
491182,0
491183,11
491184,33
491185,0
491186,0
491187,0
491188,0
491189,0
491190,0
491191,0
491192,0
491193,0
491194,0
491195,0
491196,24
491197,0
491198,0
491199,0
491200,0
491201,0
491202,0
491203,0
491204,0
491205,0
491206,0
491207,0
491208,0
491209,0
491210,0
491211,0
491212,0
491213,0
491214,0
491215,0
491216,0
491217,29
491218,19
491219,0
491220,0
491221,0
491222,0
491223,0
491224,0
491225,0
491226,0
491227,0
491228,21
491229,0
491230,37
491231,0
491232,39
491233,30
491234,0
491235,0
491236,0
491237,0
491238,0
491239,0
491240,0
491241,0
491242,0
491243,0
491244,0
491245,0
491246,0
491247,21
491248,0
491249,0
491250,0
491251,0
491252,0
491253,0
491254,24
491255,0
491256,0
491257,0
491258,0
491259,0
491260,0
491261,0
491262,0
491263,29
491264,0
491265,0
491266,44
491267,0
491268,0
491269,0
491270,0
491271,0
491272,25
491273,0
491274,38
491275,0
491276,0
491277,0
491278,0
491279,0
491280,0
491281,0
491282,0
491283,20
491284,0
491285,0
491286,0
491287,0
491288,0
491289,33
491290,0
491291,0
491292,0
491293,0
491294,0
491295,0
491296,0
491297,0
491298,0
491299,0
491300,0
491301,0
491302,0
491303,0
491304,0
491305,24
491306,0
491307,0
491308,0
491309,0
491310,0
491311,0
491312,0
491313,33
491314,0
491315,0
491316,0
491317,0
491318,0
491319,0
491320,61
491321,0
491322,43
491323,0
491324,0
491325,0
491326,0
491327,0
491328,0
491329,0
491330,0
491331,0
491332,0
491333,0
491334,0
491335,0
491336,0
491337,0
491338,0
491339,26
491340,0
491341,0
491342,0
491343,0
491344,12
491345,0
491346,33
491347,0
491348,45
491349,0
491350,0
491351,0
491352,32
491353,0
491354,0
491355,0
491356,0
491357,18
491358,0
491359,0
491360,0
491361,0
491362,0
491363,0
491364,0
491365,0
491366,0
491367,0
491368,0
491369,0
491370,0
491371,0
491372,0
491373,0
491374,0
491375,0
491376,0
491377,0
491378,0
491379,0
491380,0
491381,0
491382,0
491383,0
491384,0
491385,0
491386,25
491387,0
491388,0
491389,0
491390,0
491391,41
491392,45
491393,0
491394,0
491395,0
491396,0
491397,0
491398,0
491399,0
491400,0
491401,0
491402,18
491403,0
491404,0
491405,0
491406,0
491407,0
491408,0
491409,0
491410,0
491411,34
491412,45
491413,0
491414,0
491415,0
491416,0
491417,0
491418,0
491419,0
491420,0
491421,31
491422,0
491423,0
491424,0
491425,0
491426,0
491427,0
491428,0
491429,0
491430,0
491431,0
491432,0
491433,0
491434,0
491435,0
491436,0
491437,0
491438,0
491439,0
491440,0
491441,0
491442,0
491443,0
491444,0
491445,0
491446,0
491447,0
491448,0
491449,0
491450,0
491451,0
491452,0
491453,0
491454,0
491455,0
491456,0
491457,0
491458,0
491459,45
491460,0
491461,0
491462,0
491463,0
491464,0
491465,0
491466,0
491467,0
491468,48
491469,0
491470,0
491471,0
491472,0
491473,0
491474,0
491475,56
491476,0
491477,0
491478,0
491479,0
491480,0
491481,0
491482,0
491483,0
491484,0
491485,0
491486,0
491487,0
491488,0
491489,31
491490,0
491491,37
491492,0
491493,0
491494,0
491495,0
491496,0
491497,0
491498,0
491499,0
491500,0
491501,0
491502,0
491503,0
491504,70
491505,0
491506,30
491507,0
491508,0
491509,30
491510,45
491511,0
491512,0
491513,0
491514,0
491515,0
491516,34
491517,0
491518,0
491519,0
491520,0
491521,0
491522,0
491523,0
491524,0
491525,0
491526,0
491527,0
491528,0
491529,0
491530,28
491531,0
491532,0
491533,0
491534,19
491535,0
491536,0
491537,0
491538,0
491539,0
491540,0
491541,0
491542,18
491543,0
491544,0
491545,0
491546,0
491547,0
491548,0
491549,0
491550,0
491551,0
491552,0
491553,0
491554,0
491555,0
491556,0
491557,0
491558,0
491559,0
491560,0
491561,13
491562,0
491563,0
491564,0
491565,0
491566,0
491567,0
491568,11
491569,0
491570,0
491571,0
491572,0
491573,0
491574,0
491575,0
491576,0
491577,0
491578,8
491579,0
491580,0
491581,0
491582,0
491583,0
491584,0
491585,0
491586,0
491587,0
491588,12
491589,15
491590,0
491591,0
491592,0
491593,0
491594,0
491595,0
491596,0
491597,0
491598,0
491599,0
491600,0
491601,0
491602,0
491603,0
491604,0
491605,0
491606,0
491607,0
491608,0
491609,0
491610,0
491611,0
491612,0
491613,0
491614,0
491615,0
491616,0
491617,0
491618,0
491619,0
491620,0
491621,0
491622,0
491623,14
491624,16
491625,0
491626,0
491627,8
491628,0
491629,0
491630,0
491631,0
491632,0
491633,0
491634,0
491635,11
491636,13
491637,0
491638,0
491639,0
491640,0
491641,0
491642,0
491643,0
491644,0
491645,0
491646,0
491647,0
491648,0
491649,0
491650,0
491651,0
491652,0
491653,0
491654,0
491655,0
491656,0
491657,0
491658,9
491659,0
491660,0
491661,0
491662,0
491663,0
491664,0
491665,0
491666,0
491667,0
491668,0
491669,0
491670,0
491671,0
491672,0
491673,0
491674,1
491675,0
491676,0
491677,0
491678,0
491679,0
491680,0
491681,0
491682,0
491683,0
491684,0
491685,0
491686,0
491687,0
491688,0
491689,0
491690,0
491691,0
491692,0
491693,0
491694,0
491695,0
491696,0
491697,0
491698,0
491699,0
491700,0
491701,0
491702,0
491703,0
491704,0
491705,0
491706,0
491707,0
491708,0
491709,0
491710,0
491711,0
491712,0
491713,0
491714,0
491715,0
491716,0
491717,0
491718,0
491719,0
491720,0
491721,0
491722,0
491723,0
491724,0
491725,0
491726,0
491727,0
491728,0
491729,0
491730,0
491731,0
491732,0
491733,0
491734,0
491735,0
491736,0
491737,0
491738,1
491739,0
491740,0
491741,0
491742,0
491743,0
491744,0
491745,0
491746,0
491747,0
491748,0
491749,0
491750,0
491751,0
491752,0
491753,0
491754,1
491755,0
491756,0
491757,0
491758,0
491759,0
491760,0
491761,0
491762,0
491763,0
491764,0
491765,0
491766,0
491767,0
491768,0
491769,0
491770,0
491771,0
491772,0
491773,0
491774,0
491775,0
491776,0
491777,0
491778,0
491779,0
491780,0
491781,0
491782,0
491783,0
491784,0
491785,0
491786,0
491787,0
491788,0
491789,0
491790,0
491791,0
491792,0
491793,0
491794,0
491795,0
491796,0
491797,0
491798,0
491799,0
491800,0
491801,0
491802,0
491803,0
491804,0
491805,0
491806,0
491807,0
491808,0
491809,0
491810,0
491811,0
491812,0
491813,0
491814,0
491815,0
491816,0
491817,0
491818,0
491819,0
491820,0
491821,0
491822,0
491823,0
491824,0
491825,0
491826,0
491827,0
491828,0
491829,0
491830,0
491831,0
491832,0
491833,0
491834,0
491835,0
491836,0
491837,0
491838,0
491839,0
491840,0
491841,0
491842,0
491843,0
491844,0
491845,0
491846,0
491847,0
491848,0
491849,0
491850,0
491851,0
491852,0
491853,0
491854,0
491855,0
491856,0
491857,0
491858,0
491859,0
491860,0
491861,0
491862,0
491863,0
491864,0
491865,0
491866,0
491867,0
491868,0
491869,0
491870,0
491871,0
491872,0
491873,0
491874,0
491875,0
491876,0
491877,0
491878,0
491879,0
491880,0
491881,0
491882,0
491883,0
491884,1
491885,0
491886,0
491887,0
491888,0
491889,0
491890,0
491891,0
491892,0
491893,0
491894,0
491895,0
491896,0
491897,0
491898,0
491899,0
491900,0
491901,0
491902,0
491903,0
491904,0
491905,0
491906,0
491907,0
491908,0
491909,0
491910,0
491911,0
491912,0
491913,0
491914,0
491915,0
491916,0
491917,0
491918,0
491919,0
491920,0
491921,0
491922,0
491923,0
491924,0
491925,0
491926,1
491927,0
491928,0
491929,0
491930,0
491931,0
491932,0
491933,0
491934,0
491935,0
491936,0
491937,0
491938,0
491939,0
491940,0
491941,0
491942,0
491943,0
491944,0
491945,0
491946,0
491947,0
491948,0
491949,0
491950,0
491951,0
491952,0
491953,0
491954,0
491955,0
491956,0
491957,0
491958,0
491959,0
491960,0
491961,0
491962,0
491963,0
491964,0
491965,0
491966,0
491967,0
491968,0
491969,0
491970,0
491971,0
491972,0
491973,0
491974,0
491975,0
491976,0
491977,0
491978,0
491979,0
491980,0
491981,0
491982,0
491983,0
491984,0
491985,0
491986,0
491987,0
491988,0
491989,0
491990,0
491991,0
491992,0
491993,0
491994,0
491995,0
491996,0
491997,0
491998,0
491999,0
492000,0
492001,0
492002,0
492003,0
492004,0
492005,0
492006,0
492007,0
492008,0
492009,0
492010,0
492011,0
492012,1
492013,0
492014,0
492015,0
492016,0
492017,0
492018,0
492019,0
492020,0
492021,0
492022,0
492023,0
492024,0
492025,0
492026,0
492027,0
492028,0
492029,0
492030,0
492031,0
492032,0
492033,0
492034,0
492035,0
492036,0
492037,0
492038,0
492039,0
492040,0
492041,0
492042,0
492043,0
492044,0
492045,0
492046,0
492047,0
492048,0
492049,0
492050,0
492051,0
492052,0
492053,0
492054,0
492055,0
492056,0
492057,0
492058,0
492059,0
492060,0
492061,0
492062,0
492063,0
492064,0
492065,0
492066,0
492067,0
492068,0
492069,0
492070,0
492071,0
492072,0
492073,0
492074,0
492075,0
492076,0
492077,0
492078,0
492079,0
492080,0
492081,0
492082,0
492083,0
492084,0
492085,0
492086,0
492087,0
492088,0
492089,0
492090,0
492091,0
492092,0
492093,0
492094,0
492095,0
492096,0
492097,0
492098,0
492099,0
492100,0
492101,0
492102,0
492103,0
492104,0
492105,0
492106,0
492107,0
492108,0
492109,0
492110,0
492111,0
492112,0
492113,0
492114,0
492115,0
492116,0
492117,0
492118,0
492119,0
492120,0
492121,0
492122,0
492123,1
492124,0
492125,0
492126,0
492127,0
492128,0
492129,0
492130,0
492131,0
492132,0
492133,0
492134,0
492135,0
492136,0
492137,0
492138,0
492139,0
492140,0
492141,0
492142,0
492143,0
492144,0
492145,0
492146,0
492147,0
492148,0
492149,0
492150,0
492151,0
492152,0
492153,0
492154,0
492155,0
492156,0
492157,0
492158,0
492159,0
492160,0
492161,0
492162,0
492163,0
492164,0
492165,0
492166,0
492167,0
492168,0
492169,0
492170,0
492171,0
492172,0
492173,0
492174,0
492175,0
492176,0
492177,0
492178,0
492179,0
492180,0
492181,0
492182,0
492183,0
492184,0
492185,0
492186,0
492187,0
492188,0
492189,0
492190,0
492191,0
492192,0
492193,0
492194,0
492195,0
492196,0
492197,0
492198,0
492199,0
492200,0
492201,0
492202,0
492203,0
492204,0
492205,0
492206,0
492207,0
492208,0
492209,0
492210,0
492211,0
492212,0
492213,0
492214,0
492215,0
492216,0
492217,0
492218,0
492219,0
492220,0
492221,0
492222,0
492223,0
492224,0
492225,0
492226,0
492227,0
492228,0
492229,0
492230,0
492231,0
492232,0
492233,0
492234,0
492235,0
492236,0
492237,0
492238,1
492239,0
492240,0
492241,0
492242,0
492243,0
492244,0
492245,0
492246,0
492247,0
492248,0
492249,0
492250,0
492251,0
492252,0
492253,0
492254,0
492255,0
492256,0
492257,0
492258,0
492259,0
492260,0
492261,0
492262,0
492263,0
492264,0
492265,0
492266,0
492267,0
492268,0
492269,0
492270,0
492271,0
492272,0
492273,0
492274,0
492275,0
492276,0
492277,0
492278,0
492279,0
492280,0
492281,0
492282,0
492283,0
492284,0
492285,0
492286,0
492287,0
492288,0
492289,0
492290,0
492291,0
492292,0
492293,0
492294,0
492295,0
492296,0
492297,0
492298,0
492299,0
492300,0
492301,0
492302,0
492303,0
492304,0
492305,0
492306,0
492307,0
492308,0
492309,0
492310,0
492311,0
492312,0
492313,0
492314,0
492315,0
492316,0
492317,0
492318,0
492319,0
492320,0
492321,0
492322,0
492323,12
492324,0
492325,0
492326,0
492327,0
492328,0
492329,10
492330,0
492331,10
492332,0
492333,0
492334,18
492335,0
492336,0
492337,0
492338,0
492339,0
492340,0
492341,0
492342,0
492343,0
492344,11
492345,12
492346,0
492347,0
492348,0
492349,0
492350,0
492351,0
492352,0
492353,0
492354,14
492355,11
492356,0
492357,0
492358,0
492359,0
492360,0
492361,0
492362,10
492363,10
492364,0
492365,0
492366,0
492367,11
492368,0
492369,0
492370,0
492371,0
492372,0
492373,0
492374,0
492375,14
492376,0
492377,11
492378,0
492379,0
492380,0
492381,0
492382,6
492383,0
492384,0
492385,8
492386,0
492387,0
492388,0
492389,0
492390,0
492391,10
492392,14
492393,0
492394,0
492395,0
492396,0
492397,0
492398,4
492399,0
492400,5
492401,0
492402,0
492403,0
492404,0
492405,0
492406,0
492407,12
492408,2
492409,12
492410,0
492411,0
492412,0
492413,0
492414,0
492415,0
492416,0
492417,0
492418,0
492419,0
492420,0
492421,0
492422,0
492423,0
492424,0
492425,0
492426,0
492427,0
492428,0
492429,0
492430,0
492431,0
492432,0
492433,0
492434,0
492435,0
492436,0
492437,0
492438,0
492439,0
492440,0
492441,0
492442,0
492443,0
492444,0
492445,0
492446,0
492447,0
492448,0
492449,0
492450,0
492451,0
492452,0
492453,0
492454,11
492455,0
492456,0
492457,0
492458,0
492459,0
492460,0
492461,0
492462,0
492463,0
492464,7
492465,9
492466,0
492467,0
492468,0
492469,0
492470,0
492471,9
492472,0
492473,0
492474,0
492475,0
492476,0
492477,0
492478,0
492479,7
492480,0
492481,0
492482,0
492483,0
492484,0
492485,0
492486,0
492487,0
492488,0
492489,0
492490,0
492491,0
492492,0
492493,0
492494,0
492495,0
492496,0
492497,6
492498,0
492499,0
492500,0
492501,0
492502,0
492503,0
492504,0
492505,0
492506,0
492507,0
492508,0
492509,0
492510,0
492511,0
492512,0
492513,0
492514,0
492515,0
492516,0
492517,8
492518,0
492519,0
492520,0
492521,0
492522,0
492523,0
492524,0
492525,0
492526,0
492527,13
492528,0
492529,5
492530,0
492531,0
492532,0
492533,0
492534,0
492535,0
492536,0
492537,0
492538,0
492539,0
492540,10
492541,0
492542,0
492543,6
492544,0
492545,0
492546,0
492547,0
492548,0
492549,0
492550,0
492551,0
492552,0
492553,0
492554,0
492555,0
492556,0
492557,0
492558,0
492559,0
492560,0
492561,0
492562,0
492563,0
492564,0
492565,0
492566,0
492567,0
492568,0
492569,0
492570,0
492571,0
492572,0
492573,0
492574,0
492575,0
492576,0
492577,0
492578,0
492579,12
492580,0
492581,0
492582,0
492583,0
492584,0
492585,0
492586,0
492587,0
492588,0
492589,0
492590,0
492591,0
492592,0
492593,0
492594,0
492595,0
492596,0
492597,0
492598,0
492599,0
492600,0
492601,0
492602,9
492603,13
492604,0
492605,0
492606,0
492607,12
492608,0
492609,0
492610,0
492611,0
492612,0
492613,0
492614,0
492615,0
492616,0
492617,0
492618,0
492619,0
492620,23
492621,10
492622,0
492623,0
492624,0
492625,0
492626,0
492627,0
492628,0
492629,0
492630,0
492631,0
492632,0
492633,9
492634,0
492635,0
492636,0
492637,0
492638,0
492639,0
492640,0
492641,8
492642,0
492643,0
492644,0
492645,12
492646,10
492647,0
492648,0
492649,0
492650,0
492651,0
492652,0
492653,0
492654,0
492655,0
492656,0
492657,0
492658,0
492659,0
492660,0
492661,0
492662,0
492663,7
492664,0
492665,0
492666,7
492667,0
492668,0
492669,0
492670,0
492671,0
492672,0
492673,0
492674,0
492675,0
492676,0
492677,0
492678,0
492679,9
492680,0
492681,0
492682,0
492683,0
492684,0
492685,0
492686,0
492687,0
492688,0
492689,0
492690,0
492691,0
492692,0
492693,0
492694,0
492695,0
492696,0
492697,0
492698,0
492699,0
492700,0
492701,0
492702,0
492703,0
492704,0
492705,0
492706,0
492707,0
492708,9
492709,0
492710,0
492711,0
492712,0
492713,0
492714,10
492715,0
492716,0
492717,0
492718,0
492719,0
492720,0
492721,0
492722,0
492723,0
492724,0
492725,0
492726,0
492727,0
492728,0
492729,0
492730,0
492731,12
492732,0
492733,6
492734,0
492735,0
492736,0
492737,0
492738,0
492739,0
492740,7
492741,0
492742,0
492743,0
492744,0
492745,0
492746,0
492747,0
492748,11
492749,0
492750,0
492751,0
492752,0
492753,0
492754,0
492755,0
492756,0
492757,9
492758,0
492759,0
492760,0
492761,0
492762,0
492763,0
492764,16
492765,0
492766,0
492767,0
492768,0
492769,0
492770,0
492771,0
492772,17
492773,0
492774,0
492775,0
492776,0
492777,0
492778,8
492779,0
492780,0
492781,3
492782,0
492783,0
492784,0
492785,2
492786,0
492787,0
492788,0
492789,0
492790,0
492791,0
492792,0
492793,0
492794,0
492795,0
492796,8
492797,0
492798,0
492799,14
492800,0
492801,0
492802,0
492803,0
492804,0
492805,0
492806,0
492807,0
492808,0
492809,0
492810,0
492811,14
492812,0
492813,0
492814,0
492815,0
492816,0
492817,0
492818,0
492819,0
492820,9
492821,0
492822,0
492823,0
492824,0
492825,4
492826,0
492827,0
492828,12
492829,0
492830,0
492831,0
492832,0
492833,0
492834,0
492835,0
492836,0
492837,0
492838,0
492839,0
492840,0
492841,0
492842,0
492843,18
492844,13
492845,9
492846,0
492847,0
492848,0
492849,0
492850,0
492851,0
492852,0
492853,0
492854,0
492855,0
492856,0
492857,0
492858,0
492859,0
492860,0
492861,0
492862,0
492863,0
492864,0
492865,0
492866,0
492867,1
492868,0
492869,0
492870,0
492871,0
492872,0
492873,0
492874,0
492875,0
492876,0
492877,0
492878,0
492879,0
492880,0
492881,0
492882,0
492883,0
492884,0
492885,0
492886,0
492887,0
492888,0
492889,0
492890,0
492891,0
492892,0
492893,0
492894,0
492895,0
492896,0
492897,0
492898,0
492899,0
492900,0
492901,0
492902,0
492903,0
492904,0
492905,0
492906,0
492907,0
492908,0
492909,0
492910,1
492911,0
492912,0
492913,0
492914,0
492915,0
492916,0
492917,0
492918,0
492919,0
492920,0
492921,0
492922,0
492923,0
492924,0
492925,0
492926,0
492927,0
492928,0
492929,0
492930,16
492931,0
492932,0
492933,0
492934,0
492935,0
492936,0
492937,0
492938,0
492939,0
492940,0
492941,0
492942,0
492943,0
492944,0
492945,0
492946,0
492947,0
492948,0
492949,0
492950,0
492951,27
492952,0
492953,0
492954,0
492955,0
492956,0
492957,0
492958,0
492959,0
492960,0
492961,0
492962,0
492963,0
492964,0
492965,0
492966,0
492967,0
492968,0
492969,0
492970,0
492971,0
492972,0
492973,0
492974,23
492975,0
492976,0
492977,10
492978,0
492979,0
492980,0
492981,20
492982,0
492983,0
492984,0
492985,0
492986,0
492987,0
492988,0
492989,0
492990,0
492991,0
492992,0
492993,0
492994,0
492995,10
492996,0
492997,0
492998,0
492999,13
493000,0
493001,0
493002,0
493003,0
493004,16
493005,0
493006,0
493007,0
493008,0
493009,0
493010,18
493011,0
493012,0
493013,0
493014,0
493015,0
493016,0
493017,0
493018,0
493019,0
493020,0
493021,0
493022,0
493023,0
493024,0
493025,17
493026,0
493027,0
493028,0
493029,0
493030,0
493031,0
493032,0
493033,0
493034,0
493035,0
493036,0
493037,10
493038,29
493039,0
493040,0
493041,0
493042,0
493043,0
493044,0
493045,0
493046,0
493047,0
493048,0
493049,0
493050,0
493051,0
493052,0
493053,0
493054,13
493055,0
493056,0
493057,0
493058,0
493059,0
493060,0
493061,14
493062,25
493063,0
493064,0
493065,0
493066,0
493067,0
493068,0
493069,0
493070,0
493071,0
493072,0
493073,19
493074,0
493075,14
493076,0
493077,0
493078,0
493079,0
493080,0
493081,0
493082,0
493083,0
493084,0
493085,0
493086,0
493087,0
493088,24
493089,22
493090,0
493091,0
493092,0
493093,0
493094,0
493095,0
493096,0
493097,0
493098,0
493099,0
493100,0
493101,0
493102,0
493103,0
493104,0
493105,0
493106,0
493107,0
493108,0
493109,0
493110,0
493111,0
493112,0
493113,0
493114,0
493115,0
493116,0
493117,0
493118,0
493119,17
493120,0
493121,0
493122,0
493123,0
493124,0
493125,0
493126,0
493127,0
493128,0
493129,0
493130,0
493131,0
493132,0
493133,19
493134,0
493135,0
493136,0
493137,0
493138,0
493139,0
493140,0
493141,0
493142,0
493143,12
493144,0
493145,0
493146,0
493147,0
493148,25
493149,0
493150,0
493151,0
493152,0
493153,0
493154,0
493155,0
493156,0
493157,0
493158,0
493159,0
493160,0
493161,0
493162,0
493163,0
493164,0
493165,0
493166,12
493167,0
493168,0
493169,0
493170,0
493171,0
493172,0
493173,0
493174,0
493175,0
493176,0
493177,0
493178,0
493179,0
493180,0
493181,0
493182,0
493183,0
493184,0
493185,0
493186,0
493187,0
493188,0
493189,0
493190,0
493191,0
493192,0
493193,0
493194,0
493195,0
493196,0
493197,0
493198,0
493199,23
493200,0
493201,0
493202,0
493203,17
493204,0
493205,0
493206,0
493207,0
493208,0
493209,0
493210,0
493211,0
493212,22
493213,0
493214,0
493215,0
493216,0
493217,0
493218,0
493219,0
493220,0
493221,0
493222,0
493223,0
493224,0
493225,0
493226,0
493227,0
493228,0
493229,0
493230,0
493231,0
493232,0
493233,0
493234,0
493235,20
493236,0
493237,16
493238,0
493239,0
493240,0
493241,0
493242,0
493243,0
493244,0
493245,0
493246,0
493247,0
493248,0
493249,0
493250,0
493251,16
493252,0
493253,0
493254,0
493255,0
493256,0
493257,0
493258,0
493259,0
493260,0
493261,0
493262,0
493263,0
493264,0
493265,0
493266,0
493267,0
493268,0
493269,0
493270,0
493271,0
493272,0
493273,0
493274,0
493275,0
493276,0
493277,18
493278,0
493279,0
493280,0
493281,0
493282,0
493283,0
493284,0
493285,0
493286,0
493287,0
493288,0
493289,0
493290,0
493291,0
493292,0
493293,0
493294,0
493295,0
493296,0
493297,0
493298,0
493299,0
493300,16
493301,0
493302,0
493303,0
493304,0
493305,0
493306,19
493307,0
493308,0
493309,0
493310,0
493311,0
493312,0
493313,0
493314,0
493315,0
493316,0
493317,0
493318,0
493319,0
493320,0
493321,0
493322,0
493323,0
493324,0
493325,0
493326,0
493327,0
493328,25
493329,0
493330,0
493331,0
493332,0
493333,0
493334,0
493335,0
493336,0
493337,13
493338,0
493339,0
493340,0
493341,0
493342,0
493343,0
493344,0
493345,0
493346,20
493347,0
493348,0
493349,0
493350,0
493351,0
493352,0
493353,0
493354,0
493355,0
493356,0
493357,0
493358,18
493359,0
493360,0
493361,0
493362,0
493363,0
493364,0
493365,0
493366,0
493367,0
493368,0
493369,0
493370,0
493371,10
493372,0
493373,0
493374,0
493375,0
493376,0
493377,0
493378,0
493379,0
493380,0
493381,0
493382,0
493383,0
493384,21
493385,0
493386,0
493387,0
493388,0
493389,0
493390,0
493391,0
493392,0
493393,0
493394,0
493395,0
493396,0
493397,0
493398,16
493399,0
493400,0
493401,0
493402,0
493403,0
493404,0
493405,0
493406,0
493407,0
493408,0
493409,18
493410,0
493411,0
493412,0
493413,0
493414,22
493415,0
493416,0
493417,0
493418,0
493419,13
493420,0
493421,0
493422,0
493423,0
493424,0
493425,0
493426,0
493427,0
493428,0
493429,0
493430,0
493431,0
493432,0
493433,0
493434,12
493435,0
493436,0
493437,0
493438,0
493439,0
493440,0
493441,0
493442,0
493443,0
493444,0
493445,19
493446,0
493447,0
493448,0
493449,0
493450,0
493451,0
493452,0
493453,0
493454,0
493455,25
493456,0
493457,0
493458,0
493459,0
493460,0
493461,0
493462,0
493463,0
493464,0
493465,0
493466,0
493467,0
493468,22
493469,0
493470,0
493471,0
493472,0
493473,0
493474,0
493475,0
493476,0
493477,0
493478,0
493479,15
493480,0
493481,0
493482,0
493483,0
493484,0
493485,0
493486,0
493487,0
493488,0
493489,13
493490,13
493491,0
493492,0
493493,0
493494,0
493495,16
493496,11
493497,0
493498,0
493499,0
493500,0
493501,0
493502,0
493503,0
493504,0
493505,0
493506,24
493507,0
493508,0
493509,0
493510,0
493511,0
493512,0
493513,0
493514,0
493515,0
493516,0
493517,0
493518,0
493519,0
493520,11
493521,0
493522,0
493523,0
493524,0
493525,0
493526,0
493527,0
493528,0
493529,0
493530,0
493531,0
493532,0
493533,0
493534,18
493535,0
493536,0
493537,23
493538,0
493539,0
493540,0
493541,0
493542,0
493543,0
493544,0
493545,0
493546,0
493547,0
493548,0
493549,0
493550,0
493551,0
493552,0
493553,0
493554,0
493555,0
493556,21
493557,0
493558,0
493559,0
493560,0
493561,0
493562,0
493563,0
493564,0
493565,18
493566,0
493567,0
493568,0
493569,0
493570,0
493571,0
493572,0
493573,0
493574,0
493575,0
493576,0
493577,0
493578,0
493579,0
493580,0
493581,23
493582,0
493583,0
493584,0
493585,0
493586,0
493587,0
493588,0
493589,0
493590,0
493591,0
493592,0
493593,0
493594,0
493595,0
493596,0
493597,0
493598,0
493599,0
493600,0
493601,0
493602,0
493603,0
493604,0
493605,0
493606,0
493607,0
493608,0
493609,0
493610,0
493611,0
493612,24
493613,0
493614,0
493615,0
493616,0
493617,0
493618,0
493619,0
493620,0
493621,0
493622,0
493623,0
493624,0
493625,0
493626,0
493627,0
493628,0
493629,0
493630,0
493631,0
493632,0
493633,0
493634,0
493635,0
493636,0
493637,0
493638,0
493639,0
493640,0
493641,19
493642,0
493643,0
493644,0
493645,0
493646,0
493647,0
493648,0
493649,0
493650,0
493651,0
493652,0
493653,0
493654,0
493655,0
493656,0
493657,0
493658,0
493659,0
493660,0
493661,0
493662,0
493663,0
493664,0
493665,0
493666,0
493667,0
493668,0
493669,0
493670,0
493671,0
493672,0
493673,0
493674,0
493675,0
493676,0
493677,0
493678,0
493679,0
493680,0
493681,0
493682,0
493683,0
493684,0
493685,0
493686,0
493687,0
493688,0
493689,0
493690,0
493691,0
493692,0
493693,0
493694,0
493695,0
493696,0
493697,0
493698,0
493699,0
493700,0
493701,0
493702,0
493703,0
493704,0
493705,0
493706,0
493707,14
493708,11
493709,0
493710,0
493711,0
493712,0
493713,17
493714,0
493715,10
493716,0
493717,0
493718,0
493719,9
493720,0
493721,0
493722,0
493723,26
493724,0
493725,0
493726,0
493727,0
493728,0
493729,0
493730,0
493731,0
493732,0
493733,0
493734,0
493735,0
493736,0
493737,0
493738,0
493739,0
493740,0
493741,0
493742,0
493743,0
493744,0
493745,14
493746,0
493747,0
493748,0
493749,0
493750,0
493751,0
493752,0
493753,0
493754,0
493755,0
493756,26
493757,0
493758,0
493759,0
493760,0
493761,0
493762,16
493763,0
493764,0
493765,0
493766,0
493767,0
493768,0
493769,0
493770,0
493771,0
493772,16
493773,0
493774,0
493775,20
493776,0
493777,0
493778,20
493779,0
493780,0
493781,0
493782,0
493783,0
493784,0
493785,0
493786,0
493787,0
493788,0
493789,14
493790,0
493791,0
493792,0
493793,0
493794,0
493795,0
493796,11
493797,16
493798,0
493799,0
493800,0
493801,0
493802,0
493803,0
493804,0
493805,0
493806,0
493807,0
493808,0
493809,0
493810,0
493811,0
493812,0
493813,0
493814,0
493815,0
493816,0
493817,0
493818,0
493819,0
493820,14
493821,0
493822,0
493823,0
493824,0
493825,0
493826,0
493827,0
493828,0
493829,0
493830,0
493831,0
493832,0
493833,0
493834,13
493835,0
493836,0
493837,0
493838,0
493839,0
493840,0
493841,0
493842,0
493843,0
493844,0
493845,0
493846,0
493847,0
493848,0
493849,0
493850,0
493851,0
493852,0
493853,0
493854,0
493855,15
493856,0
493857,0
493858,18
493859,0
493860,0
493861,0
493862,0
493863,0
493864,0
493865,0
493866,0
493867,0
493868,0
493869,24
493870,0
493871,0
493872,0
493873,0
493874,0
493875,0
493876,0
493877,0
493878,0
493879,0
493880,0
493881,0
493882,0
493883,18
493884,0
493885,0
493886,0
493887,0
493888,0
493889,0
493890,0
493891,0
493892,0
493893,14
493894,0
493895,0
493896,20
493897,0
493898,0
493899,0
493900,0
493901,0
493902,0
493903,0
493904,14
493905,0
493906,0
493907,0
493908,0
493909,0
493910,0
493911,0
493912,0
493913,0
493914,0
493915,15
493916,25
493917,0
493918,0
493919,0
493920,14
493921,0
493922,0
493923,0
493924,0
493925,0
493926,0
493927,0
493928,0
493929,0
493930,0
493931,0
493932,0
493933,0
493934,15
493935,0
493936,0
493937,0
493938,0
493939,0
493940,0
493941,0
493942,16
493943,0
493944,16
493945,0
493946,0
493947,0
493948,18
493949,0
493950,0
493951,20
493952,12
493953,0
493954,0
493955,0
493956,0
493957,0
493958,0
493959,0
493960,0
493961,0
493962,0
493963,0
493964,17
493965,15
493966,17
493967,0
493968,0
493969,24
493970,22
493971,0
493972,0
493973,0
493974,0
493975,0
493976,0
493977,0
493978,0
493979,0
493980,0
493981,0
493982,0
493983,0
493984,0
493985,0
493986,0
493987,0
493988,0
493989,15
493990,0
493991,0
493992,0
493993,18
493994,14
493995,0
493996,14
493997,0
493998,0
493999,0
494000,0
494001,0
494002,0
494003,0
494004,0
494005,0
494006,26
494007,0
494008,0
494009,0
494010,0
494011,0
494012,0
494013,0
494014,18
494015,29
494016,0
494017,0
494018,0
494019,0
494020,0
494021,0
494022,0
494023,0
494024,0
494025,19
494026,0
494027,0
494028,0
494029,0
494030,12
494031,20
494032,0
494033,0
494034,0
494035,0
494036,0
494037,0
494038,0
494039,0
494040,0
494041,0
494042,0
494043,0
494044,0
494045,0
494046,0
494047,0
494048,0
494049,0
494050,0
494051,0
494052,0
494053,0
494054,17
494055,0
494056,26
494057,0
494058,0
494059,0
494060,22
494061,0
494062,0
494063,0
494064,0
494065,0
494066,0
494067,22
494068,0
494069,0
494070,0
494071,32
494072,0
494073,0
494074,0
494075,20
494076,24
494077,0
494078,14
494079,17
494080,0
494081,0
494082,18
494083,0
494084,14
494085,0
494086,0
494087,0
494088,0
494089,0
494090,0
494091,0
494092,0
494093,0
494094,0
494095,27
494096,0
494097,0
494098,0
494099,0
494100,0
494101,0
494102,0
494103,0
494104,12
494105,0
494106,0
494107,0
494108,0
494109,0
494110,0
494111,0
494112,10
494113,21
494114,0
494115,0
494116,0
494117,0
494118,0
494119,0
494120,0
494121,31
494122,0
494123,0
494124,0
494125,0
494126,0
494127,0
494128,0
494129,0
494130,0
494131,0
494132,0
494133,0
494134,11
494135,0
494136,28
494137,0
494138,0
494139,0
494140,0
494141,0
494142,0
494143,0
494144,0
494145,0
494146,0
494147,0
494148,0
494149,0
494150,17
494151,0
494152,0
494153,0
494154,0
494155,0
494156,0
494157,0
494158,0
494159,0
494160,21
494161,0
494162,0
494163,0
494164,22
494165,0
494166,0
494167,15
494168,0
494169,0
494170,0
494171,0
494172,0
494173,0
494174,19
494175,16
494176,0
494177,0
494178,0
494179,0
494180,0
494181,0
494182,0
494183,0
494184,21
494185,0
494186,0
494187,0
494188,15
494189,0
494190,0
494191,0
494192,0
494193,0
494194,0
494195,0
494196,0
494197,0
494198,0
494199,0
494200,21
494201,19
494202,0
494203,0
494204,0
494205,0
494206,0
494207,20
494208,0
494209,0
494210,0
494211,0
494212,0
494213,0
494214,0
494215,0
494216,0
494217,0
494218,0
494219,0
494220,19
494221,0
494222,0
494223,0
494224,0
494225,0
494226,0
494227,20
494228,0
494229,15
494230,0
494231,0
494232,0
494233,0
494234,0
494235,0
494236,19
494237,0
494238,0
494239,0
494240,0
494241,26
494242,0
494243,0
494244,0
494245,0
494246,0
494247,0
494248,0
494249,0
494250,17
494251,0
494252,0
494253,0
494254,0
494255,0
494256,26
494257,0
494258,0
494259,10
494260,0
494261,25
494262,0
494263,0
494264,0
494265,0
494266,28
494267,0
494268,0
494269,0
494270,0
494271,21
494272,14
494273,0
494274,0
494275,11
494276,0
494277,0
494278,0
494279,0
494280,0
494281,0
494282,15
494283,0
494284,0
494285,24
494286,0
494287,0
494288,0
494289,0
494290,0
494291,0
494292,0
494293,0
494294,0
494295,0
494296,0
494297,0
494298,0
494299,0
494300,0
494301,0
494302,0
494303,0
494304,0
494305,0
494306,0
494307,0
494308,12
494309,0
494310,0
494311,10
494312,0
494313,25
494314,0
494315,0
494316,14
494317,0
494318,0
494319,0
494320,0
494321,0
494322,0
494323,0
494324,17
494325,0
494326,0
494327,0
494328,21
494329,0
494330,10
494331,0
494332,0
494333,21
494334,0
494335,0
494336,0
494337,0
494338,0
494339,24
494340,0
494341,0
494342,0
494343,0
494344,0
494345,20
494346,0
494347,0
494348,0
494349,19
494350,0
494351,16
494352,0
494353,0
494354,0
494355,0
494356,26
494357,0
494358,0
494359,0
494360,0
494361,0
494362,0
494363,0
494364,0
494365,0
494366,0
494367,0
494368,0
494369,0
494370,16
494371,0
494372,0
494373,0
494374,0
494375,0
494376,0
494377,16
494378,14
494379,0
494380,0
494381,0
494382,0
494383,0
494384,0
494385,0
494386,18
494387,21
494388,0
494389,15
494390,0
494391,0
494392,26
494393,0
494394,0
494395,0
494396,0
494397,0
494398,0
494399,0
494400,0
494401,0
494402,0
494403,0
494404,0
494405,0
494406,0
494407,0
494408,0
494409,0
494410,32
494411,0
494412,13
494413,17
494414,0
494415,0
494416,0
494417,0
494418,0
494419,13
494420,0
494421,14
494422,0
494423,0
494424,0
494425,13
494426,29
494427,0
494428,0
494429,0
494430,20
494431,0
494432,0
494433,0
494434,0
494435,0
494436,18
494437,0
494438,0
494439,0
494440,0
494441,0
494442,24
494443,0
494444,0
494445,17
494446,0
494447,0
494448,0
494449,0
494450,0
494451,0
494452,25
494453,11
494454,0
494455,0
494456,0
494457,0
494458,0
494459,0
494460,0
494461,0
494462,0
494463,0
494464,12
494465,0
494466,0
494467,0
494468,0
494469,0
494470,0
494471,0
494472,0
494473,0
494474,0
494475,0
494476,0
494477,31
494478,0
494479,0
494480,0
494481,0
494482,14
494483,0
494484,14
494485,0
494486,16
494487,0
494488,0
494489,0
494490,0
494491,0
494492,0
494493,0
494494,0
494495,25
494496,0
494497,0
494498,0
494499,0
494500,20
494501,0
494502,16
494503,18
494504,25
494505,0
494506,0
494507,0
494508,0
494509,0
494510,0
494511,0
494512,0
494513,0
494514,0
494515,0
494516,0
494517,0
494518,0
494519,0
494520,0
494521,19
494522,0
494523,0
494524,0
494525,0
494526,0
494527,0
494528,0
494529,0
494530,0
494531,0
494532,0
494533,0
494534,0
494535,0
494536,0
494537,21
494538,0
494539,0
494540,0
494541,0
494542,0
494543,0
494544,0
494545,0
494546,0
494547,0
494548,0
494549,0
494550,0
494551,23
494552,18
494553,0
494554,0
494555,0
494556,15
494557,19
494558,0
494559,22
494560,0
494561,0
494562,0
494563,0
494564,15
494565,0
494566,25
494567,0
494568,13
494569,0
494570,0
494571,0
494572,0
494573,29
494574,55
494575,0
494576,0
494577,0
494578,0
494579,0
494580,17
494581,0
494582,0
494583,0
494584,0
494585,0
494586,22
494587,35
494588,0
494589,0
494590,0
494591,0
494592,0
494593,35
494594,0
494595,0
494596,0
494597,0
494598,22
494599,21
494600,0
494601,0
494602,0
494603,0
494604,0
494605,0
494606,0
494607,0
494608,32
494609,0
494610,0
494611,0
494612,0
494613,0
494614,28
494615,42
494616,0
494617,0
494618,37
494619,0
494620,0
494621,0
494622,0
494623,0
494624,0
494625,0
494626,39
494627,31
494628,24
494629,0
494630,0
494631,0
494632,0
494633,0
494634,0
494635,0
494636,0
494637,34
494638,0
494639,0
494640,0
494641,0
494642,41
494643,0
494644,0
494645,0
494646,0
494647,0
494648,0
494649,0
494650,0
494651,0
494652,0
494653,0
494654,38
494655,0
494656,0
494657,33
494658,0
494659,0
494660,0
494661,0
494662,27
494663,0
494664,0
494665,0
494666,0
494667,0
494668,19
494669,0
494670,0
494671,0
494672,0
494673,0
494674,0
494675,0
494676,43
494677,0
494678,0
494679,0
494680,0
494681,0
494682,0
494683,0
494684,52
494685,41
494686,30
494687,0
494688,0
494689,0
494690,0
494691,0
494692,0
494693,0
494694,23
494695,0
494696,0
494697,0
494698,0
494699,0
494700,0
494701,0
494702,0
494703,48
494704,0
494705,0
494706,0
494707,0
494708,0
494709,0
494710,0
494711,0
494712,0
494713,45
494714,0
494715,0
494716,0
494717,0
494718,0
494719,0
494720,0
494721,0
494722,29
494723,0
494724,0
494725,0
494726,48
494727,0
494728,37
494729,38
494730,0
494731,0
494732,0
494733,0
494734,0
494735,0
494736,0
494737,27
494738,32
494739,0
494740,0
494741,0
494742,0
494743,0
494744,0
494745,0
494746,0
494747,38
494748,0
494749,0
494750,0
494751,0
494752,0
494753,0
494754,27
494755,0
494756,0
494757,0
494758,30
494759,0
494760,0
494761,0
494762,40
494763,25
494764,0
494765,0
494766,0
494767,0
494768,0
494769,0
494770,40
494771,35
494772,40
494773,0
494774,0
494775,33
494776,25
494777,15
494778,0
494779,0
494780,0
494781,0
494782,0
494783,0
494784,0
494785,22
494786,0
494787,0
494788,44
494789,0
494790,0
494791,0
494792,0
494793,0
494794,0
494795,0
494796,0
494797,0
494798,0
494799,0
494800,32
494801,0
494802,0
494803,0
494804,24
494805,0
494806,0
494807,0
494808,0
494809,51
494810,0
494811,38
494812,0
494813,0
494814,0
494815,0
494816,0
494817,0
494818,0
494819,0
494820,28
494821,0
494822,0
494823,0
494824,0
494825,0
494826,0
494827,0
494828,0
494829,0
494830,21
494831,0
494832,0
494833,0
494834,0
494835,0
494836,0
494837,0
494838,0
494839,0
494840,0
494841,0
494842,0
494843,0
494844,22
494845,0
494846,0
494847,0
494848,23
494849,0
494850,0
494851,0
494852,0
494853,0
494854,0
494855,49
494856,0
494857,0
494858,0
494859,0
494860,0
494861,0
494862,0
494863,0
494864,34
494865,0
494866,0
494867,0
494868,0
494869,0
494870,0
494871,54
494872,0
494873,21
494874,0
494875,42
494876,0
494877,21
494878,0
494879,0
494880,0
494881,27
494882,29
494883,0
494884,34
494885,28
494886,0
494887,0
494888,0
494889,0
494890,40
494891,0
494892,0
494893,36
494894,0
494895,0
494896,0
494897,33
494898,0
494899,0
494900,0
494901,50
494902,0
494903,0
494904,47
494905,0
494906,0
494907,0
494908,0
494909,0
494910,0
494911,24
494912,49
494913,0
494914,0
494915,27
494916,33
494917,0
494918,0
494919,0
494920,0
494921,0
494922,11
494923,0
494924,0
494925,0
494926,23
494927,0
494928,25
494929,0
494930,0
494931,0
494932,0
494933,0
494934,0
494935,0
494936,22
494937,0
494938,0
494939,0
494940,32
494941,26
494942,47
494943,0
494944,0
494945,0
494946,0
494947,29
494948,0
494949,0
494950,0
494951,0
494952,0
494953,0
494954,26
494955,0
494956,0
494957,0
494958,0
494959,0
494960,0
494961,0
494962,0
494963,0
494964,0
494965,0
494966,34
494967,0
494968,38
494969,0
494970,0
494971,18
494972,0
494973,30
494974,0
494975,38
494976,0
494977,24
494978,0
494979,0
494980,0
494981,0
494982,0
494983,0
494984,0
494985,0
494986,39
494987,0
494988,0
494989,0
494990,0
494991,0
494992,0
494993,0
494994,0
494995,0
494996,28
494997,0
494998,0
494999,0
495000,0
495001,0
495002,28
495003,0
495004,28
495005,38
495006,0
495007,0
495008,0
495009,0
495010,0
495011,0
495012,0
495013,0
495014,41
495015,0
495016,0
495017,0
495018,0
495019,0
495020,17
495021,27
495022,32
495023,0
495024,0
495025,0
495026,0
495027,0
495028,0
495029,0
495030,0
495031,25
495032,25
495033,0
495034,0
495035,0
495036,0
495037,32
495038,0
495039,0
495040,0
495041,0
495042,0
495043,0
495044,0
495045,0
495046,37
495047,0
495048,36
495049,0
495050,0
495051,0
495052,30
495053,0
495054,0
495055,0
495056,0
495057,0
495058,0
495059,0
495060,0
495061,0
495062,0
495063,0
495064,0
495065,0
495066,0
495067,0
495068,30
495069,0
495070,40
495071,38
495072,0
495073,0
495074,0
495075,23
495076,0
495077,45
495078,0
495079,0
495080,25
495081,36
495082,0
495083,0
495084,0
495085,35
495086,0
495087,0
495088,20
495089,0
495090,0
495091,0
495092,38
495093,0
495094,37
495095,0
495096,0
495097,0
495098,0
495099,0
495100,0
495101,30
495102,0
495103,0
495104,0
495105,0
495106,0
495107,38
495108,0
495109,27
495110,0
495111,0
495112,0
495113,0
495114,36
495115,0
495116,0
495117,0
495118,0
495119,0
495120,0
495121,0
495122,38
495123,46
495124,0
495125,0
495126,0
495127,0
495128,0
495129,0
495130,0
495131,0
495132,0
495133,42
495134,0
495135,0
495136,0
495137,0
495138,0
495139,44
495140,0
495141,0
495142,0
495143,0
495144,0
495145,0
495146,0
495147,0
495148,0
495149,21
495150,0
495151,33
495152,0
495153,19
495154,44
495155,0
495156,35
495157,0
495158,0
495159,0
495160,0
495161,0
495162,0
495163,36
495164,0
495165,0
495166,0
495167,0
495168,0
495169,0
495170,0
495171,0
495172,0
495173,32
495174,0
495175,0
495176,30
495177,0
495178,0
495179,0
495180,0
495181,0
495182,47
495183,0
495184,0
495185,0
495186,0
495187,0
495188,0
495189,0
495190,0
495191,0
495192,0
495193,33
495194,0
495195,0
495196,22
495197,50
495198,0
495199,21
495200,37
495201,0
495202,0
495203,14
495204,0
495205,0
495206,0
495207,0
495208,0
495209,0
495210,0
495211,0
495212,0
495213,0
495214,0
495215,0
495216,0
495217,0
495218,29
495219,0
495220,39
495221,0
495222,0
495223,0
495224,0
495225,0
495226,0
495227,34
495228,0
495229,0
495230,0
495231,0
495232,0
495233,0
495234,0
495235,0
495236,0
495237,0
495238,39
495239,0
495240,0
495241,0
495242,0
495243,36
495244,0
495245,0
495246,0
495247,0
495248,0
495249,36
495250,25
495251,0
495252,0
495253,35
495254,16
495255,0
495256,37
495257,0
495258,0
495259,0
495260,0
495261,0
495262,0
495263,0
495264,0
495265,36
495266,0
495267,0
495268,0
495269,0
495270,0
495271,0
495272,0
495273,0
495274,0
495275,0
495276,40
495277,0
495278,0
495279,24
495280,0
495281,0
495282,0
495283,0
495284,0
495285,0
495286,0
495287,0
495288,0
495289,0
495290,0
495291,0
495292,32
495293,0
495294,0
495295,40
495296,0
495297,0
495298,0
495299,0
495300,0
495301,0
495302,0
495303,0
495304,0
495305,0
495306,0
495307,38
495308,51
495309,0
495310,0
495311,0
495312,34
495313,0
495314,0
495315,0
495316,29
495317,24
495318,0
495319,0
495320,0
495321,51
495322,0
495323,0
495324,0
495325,0
495326,0
495327,0
495328,0
495329,0
495330,0
495331,0
495332,0
495333,0
495334,0
495335,0
495336,0
495337,0
495338,28
495339,0
495340,27
495341,0
495342,0
495343,22
495344,0
495345,25
495346,0
495347,0
495348,0
495349,0
495350,0
495351,0
495352,0
495353,37
495354,0
495355,0
495356,0
495357,0
495358,34
495359,0
495360,38
495361,0
495362,0
495363,0
495364,0
495365,0
495366,0
495367,0
495368,29
495369,0
495370,0
495371,0
495372,0
495373,0
495374,0
495375,25
495376,0
495377,0
495378,0
495379,0
495380,0
495381,0
495382,0
495383,0
495384,0
495385,0
495386,0
495387,0
495388,0
495389,0
495390,0
495391,0
495392,25
495393,0
495394,0
495395,0
495396,0
495397,0
495398,0
495399,0
495400,0
495401,0
495402,0
495403,0
495404,0
495405,0
495406,0
495407,0
495408,0
495409,0
495410,0
495411,0
495412,0
495413,0
495414,0
495415,26
495416,0
495417,0
495418,0
495419,0
495420,0
495421,0
495422,0
495423,0
495424,0
495425,0
495426,0
495427,0
495428,0
495429,0
495430,0
495431,0
495432,0
495433,31
495434,0
495435,0
495436,0
495437,0
495438,0
495439,0
495440,26
495441,0
495442,0
495443,0
495444,0
495445,0
495446,0
495447,0
495448,0
495449,34
495450,0
495451,0
495452,0
495453,0
495454,26
495455,0
495456,39
495457,0
495458,0
495459,0
495460,52
495461,0
495462,0
495463,0
495464,0
495465,0
495466,0
495467,0
495468,0
495469,0
495470,0
495471,0
495472,0
495473,0
495474,0
495475,0
495476,0
495477,0
495478,0
495479,0
495480,0
495481,0
495482,0
495483,0
495484,0
495485,0
495486,39
495487,0
495488,0
495489,0
495490,0
495491,0
495492,0
495493,0
495494,0
495495,0
495496,42
495497,0
495498,0
495499,0
495500,0
495501,0
495502,0
495503,0
495504,0
495505,0
495506,0
495507,25
495508,0
495509,0
495510,0
495511,0
495512,0
495513,0
495514,0
495515,0
495516,0
495517,0
495518,0
495519,22
495520,0
495521,0
495522,0
495523,0
495524,0
495525,0
495526,0
495527,0
495528,34
495529,0
495530,0
495531,0
495532,0
495533,0
495534,0
495535,0
495536,0
495537,0
495538,0
495539,0
495540,25
495541,0
495542,0
495543,0
495544,0
495545,0
495546,0
495547,28
495548,0
495549,0
495550,0
495551,0
495552,0
495553,0
495554,0
495555,23
495556,0
495557,0
495558,0
495559,0
495560,0
495561,0
495562,0
495563,39
495564,0
495565,0
495566,0
495567,0
495568,0
495569,0
495570,0
495571,0
495572,0
495573,0
495574,0
495575,0
495576,0
495577,25
495578,0
495579,0
495580,26
495581,0
495582,0
495583,0
495584,0
495585,0
495586,0
495587,0
495588,0
495589,0
495590,0
495591,0
495592,0
495593,0
495594,0
495595,0
495596,0
495597,0
495598,0
495599,0
495600,0
495601,28
495602,0
495603,0
495604,0
495605,0
495606,0
495607,0
495608,0
495609,0
495610,0
495611,0
495612,0
495613,0
495614,0
495615,0
495616,0
495617,0
495618,0
495619,0
495620,0
495621,0
495622,0
495623,0
495624,0
495625,0
495626,0
495627,0
495628,0
495629,0
495630,0
495631,0
495632,0
495633,0
495634,0
495635,0
495636,0
495637,0
495638,23
495639,0
495640,0
495641,0
495642,0
495643,0
495644,0
495645,0
495646,0
495647,0
495648,0
495649,0
495650,0
495651,0
495652,0
495653,0
495654,0
495655,0
495656,0
495657,0
495658,0
495659,0
495660,0
495661,0
495662,0
495663,0
495664,0
495665,0
495666,0
495667,0
495668,0
495669,0
495670,0
495671,0
495672,0
495673,0
495674,0
495675,0
495676,0
495677,0
495678,0
495679,0
495680,0
495681,0
495682,40
495683,0
495684,0
495685,0
495686,0
495687,0
495688,0
495689,0
495690,0
495691,0
495692,0
495693,0
495694,0
495695,0
495696,0
495697,0
495698,32
495699,0
495700,0
495701,0
495702,0
495703,0
495704,0
495705,34
495706,0
495707,0
495708,0
495709,0
495710,0
495711,0
495712,0
495713,0
495714,0
495715,31
495716,29
495717,0
495718,0
495719,35
495720,0
495721,0
495722,0
495723,0
495724,0
495725,0
495726,0
495727,0
495728,0
495729,0
495730,0
495731,0
495732,0
495733,0
495734,0
495735,0
495736,0
495737,0
495738,0
495739,0
495740,0
495741,0
495742,0
495743,0
495744,0
495745,0
495746,35
495747,0
495748,0
495749,34
495750,0
495751,0
495752,0
495753,0
495754,0
495755,0
495756,0
495757,0
495758,23
495759,0
495760,0
495761,0
495762,30
495763,0
495764,0
495765,28
495766,0
495767,0
495768,0
495769,0
495770,0
495771,0
495772,0
495773,0
495774,0
495775,0
495776,0
495777,0
495778,0
495779,0
495780,0
495781,0
495782,0
495783,0
495784,0
495785,25
495786,0
495787,0
495788,0
495789,0
495790,0
495791,0
495792,0
495793,0
495794,0
495795,21
495796,0
495797,0
495798,37
495799,0
495800,0
495801,0
495802,0
495803,0
495804,0
495805,0
495806,0
495807,0
495808,0
495809,0
495810,0
495811,0
495812,0
495813,0
495814,0
495815,0
495816,0
495817,0
495818,0
495819,0
495820,0
495821,0
495822,0
495823,0
495824,0
495825,42
495826,0
495827,0
495828,0
495829,0
495830,0
495831,0
495832,34
495833,0
495834,0
495835,0
495836,0
495837,0
495838,0
495839,0
495840,0
495841,0
495842,0
495843,0
495844,0
495845,0
495846,0
495847,0
495848,0
495849,0
495850,0
495851,0
495852,0
495853,0
495854,0
495855,0
495856,0
495857,0
495858,31
495859,0
495860,0
495861,0
495862,0
495863,0
495864,33
495865,0
495866,0
495867,0
495868,0
495869,0
495870,0
495871,0
495872,0
495873,0
495874,0
495875,0
495876,31
495877,0
495878,0
495879,0
495880,0
495881,0
495882,0
495883,0
495884,0
495885,0
495886,27
495887,0
495888,0
495889,0
495890,0
495891,0
495892,0
495893,34
495894,0
495895,0
495896,0
495897,0
495898,0
495899,0
495900,0
495901,0
495902,0
495903,28
495904,0
495905,0
495906,0
495907,0
495908,0
495909,0
495910,0
495911,0
495912,0
495913,0
495914,0
495915,0
495916,0
495917,12
495918,0
495919,0
495920,0
495921,0
495922,0
495923,0
495924,0
495925,0
495926,0
495927,3
495928,18
495929,0
495930,0
495931,0
495932,0
495933,0
495934,0
495935,0
495936,0
495937,0
495938,28
495939,0
495940,0
495941,0
495942,0
495943,0
495944,0
495945,23
495946,0
495947,0
495948,0
495949,26
495950,19
495951,47
495952,0
495953,0
495954,0
495955,0
495956,0
495957,0
495958,0
495959,26
495960,0
495961,0
495962,0
495963,0
495964,0
495965,0
495966,0
495967,16
495968,0
495969,0
495970,0
495971,31
495972,0
495973,0
495974,31
495975,0
495976,0
495977,0
495978,0
495979,22
495980,0
495981,23
495982,0
495983,38
495984,0
495985,0
495986,0
495987,0
495988,0
495989,0
495990,0
495991,0
495992,0
495993,0
495994,0
495995,0
495996,0
495997,23
495998,19
495999,0
496000,0
496001,0
496002,0
496003,0
496004,8
496005,0
496006,0
496007,16
496008,23
496009,0
496010,0
496011,0
496012,0
496013,11
496014,0
496015,0
496016,0
496017,0
496018,0
496019,0
496020,0
496021,13
496022,0
496023,0
496024,0
496025,21
496026,21
496027,0
496028,0
496029,0
496030,0
496031,9
496032,17
496033,21
496034,0
496035,0
496036,0
496037,0
496038,0
496039,0
496040,19
496041,0
496042,0
496043,0
496044,0
496045,0
496046,0
496047,0
496048,0
496049,0
496050,0
496051,0
496052,0
496053,0
496054,8
496055,0
496056,0
496057,27
496058,0
496059,0
496060,0
496061,17
496062,0
496063,0
496064,0
496065,0
496066,0
496067,24
496068,14
496069,26
496070,0
496071,0
496072,31
496073,0
496074,0
496075,19
496076,26
496077,0
496078,0
496079,0
496080,0
496081,0
496082,12
496083,0
496084,0
496085,0
496086,23
496087,20
496088,0
496089,13
496090,0
496091,6
496092,0
496093,0
496094,0
496095,18
496096,0
496097,0
496098,0
496099,0
496100,0
496101,0
496102,0
496103,17
496104,0
496105,0
496106,0
496107,0
496108,0
496109,0
496110,11
496111,0
496112,0
496113,20
496114,0
496115,0
496116,0
496117,0
496118,0
496119,0
496120,7
496121,0
496122,0
496123,0
496124,0
496125,0
496126,0
496127,0
496128,0
496129,8
496130,0
496131,0
496132,16
496133,0
496134,0
496135,0
496136,0
496137,0
496138,11
496139,0
496140,20
496141,23
496142,23
496143,0
496144,0
496145,0
496146,0
496147,12
496148,0
496149,0
496150,0
496151,0
496152,28
496153,16
496154,0
496155,0
496156,21
496157,0
496158,0
496159,0
496160,0
496161,0
496162,6
496163,0
496164,0
496165,13
496166,0
496167,27
496168,0
496169,0
496170,0
496171,0
496172,0
496173,0
496174,0
496175,0
496176,0
496177,0
496178,22
496179,0
496180,4
496181,0
496182,16
496183,0
496184,0
496185,21
496186,0
496187,15
496188,14
496189,0
496190,13
496191,12
496192,0
496193,0
496194,32
496195,0
496196,0
496197,0
496198,0
496199,0
496200,21
496201,0
496202,0
496203,0
496204,0
496205,0
496206,0
496207,34
496208,0
496209,0
496210,0
496211,0
496212,0
496213,21
496214,0
496215,0
496216,6
496217,0
496218,0
496219,24
496220,27
496221,21
496222,0
496223,0
496224,0
496225,0
496226,0
496227,0
496228,0
496229,45
496230,0
496231,0
496232,21
496233,23
496234,0
496235,7
496236,0
496237,17
496238,0
496239,0
496240,15
496241,0
496242,0
496243,0
496244,19
496245,0
496246,18
496247,0
496248,0
496249,0
496250,0
496251,23
496252,0
496253,0
496254,0
496255,0
496256,0
496257,0
496258,0
496259,0
496260,19
496261,0
496262,0
496263,21
496264,0
496265,10
496266,28
496267,0
496268,0
496269,0
496270,19
496271,0
496272,18
496273,12
496274,16
496275,0
496276,19
496277,11
496278,0
496279,0
496280,0
496281,0
496282,0
496283,0
496284,0
496285,0
496286,11
496287,0
496288,0
496289,0
496290,0
496291,21
496292,27
496293,0
496294,13
496295,23
496296,0
496297,0
496298,0
496299,0
496300,0
496301,9
496302,0
496303,0
496304,16
496305,0
496306,34
496307,19
496308,0
496309,21
496310,21
496311,19
496312,20
496313,0
496314,0
496315,0
496316,0
496317,0
496318,8
496319,17
496320,26
496321,0
496322,15
496323,0
496324,51
496325,0
496326,23
496327,23
496328,0
496329,0
496330,27
496331,36
496332,11
496333,0
496334,0
496335,31
496336,14
496337,0
496338,0
496339,0
496340,9
496341,0
496342,29
496343,0
496344,0
496345,0
496346,0
496347,0
496348,0
496349,0
496350,14
496351,0
496352,0
496353,0
496354,0
496355,14
496356,0
496357,0
496358,0
496359,0
496360,28
496361,30
496362,0
496363,0
496364,0
496365,0
496366,0
496367,28
496368,16
496369,0
496370,15
496371,0
496372,0
496373,0
496374,0
496375,0
496376,0
496377,15
496378,0
496379,19
496380,0
496381,0
496382,13
496383,0
496384,0
496385,13
496386,23
496387,0
496388,0
496389,0
496390,23
496391,0
496392,0
496393,20
496394,0
496395,25
496396,29
496397,0
496398,20
496399,0
496400,0
496401,44
496402,0
496403,0
496404,0
496405,0
496406,0
496407,0
496408,0
496409,0
496410,20
496411,0
496412,16
496413,0
496414,0
496415,0
496416,18
496417,27
496418,0
496419,27
496420,0
496421,16
496422,0
496423,0
496424,0
496425,0
496426,18
496427,0
496428,0
496429,44
496430,0
496431,0
496432,0
496433,0
496434,0
496435,18
496436,0
496437,17
496438,0
496439,0
496440,0
496441,0
496442,0
496443,0
496444,0
496445,16
496446,0
496447,0
496448,0
496449,0
496450,0
496451,0
496452,0
496453,15
496454,12
496455,18
496456,0
496457,15
496458,0
496459,24
496460,0
496461,0
496462,0
496463,0
496464,6
496465,0
496466,0
496467,0
496468,0
496469,0
496470,0
496471,0
496472,32
496473,5
496474,0
496475,0
496476,0
496477,21
496478,13
496479,0
496480,0
496481,0
496482,0
496483,0
496484,0
496485,19
496486,0
496487,12
496488,23
496489,11
496490,16
496491,0
496492,17
496493,0
496494,39
496495,0
496496,0
496497,0
496498,0
496499,11
496500,0
496501,0
496502,0
496503,39
496504,0
496505,27
496506,19
496507,0
496508,25
496509,0
496510,5
496511,0
496512,0
496513,0
496514,0
496515,19
496516,0
496517,0
496518,24
496519,17
496520,0
496521,0
496522,0
496523,0
496524,15
496525,0
496526,0
496527,10
496528,0
496529,0
496530,0
496531,0
496532,7
496533,0
496534,0
496535,0
496536,32
496537,0
496538,0
496539,0
496540,40
496541,12
496542,17
496543,0
496544,0
496545,0
496546,0
496547,28
496548,12
496549,17
496550,0
496551,0
496552,0
496553,0
496554,9
496555,0
496556,0
496557,0
496558,36
496559,11
496560,0
496561,0
496562,0
496563,29
496564,0
496565,0
496566,0
496567,0
496568,0
496569,0
496570,0
496571,0
496572,22
496573,0
496574,21
496575,18
496576,0
496577,16
496578,0
496579,0
496580,30
496581,0
496582,0
496583,19
496584,0
496585,0
496586,0
496587,15
496588,0
496589,0
496590,23
496591,0
496592,0
496593,0
496594,54
496595,0
496596,0
496597,0
496598,13
496599,11
496600,0
496601,0
496602,30
496603,0
496604,18
496605,0
496606,24
496607,28
496608,0
496609,0
496610,25
496611,0
496612,0
496613,0
496614,7
496615,0
496616,0
496617,0
496618,41
496619,15
496620,0
496621,0
496622,0
496623,0
496624,0
496625,0
496626,0
496627,0
496628,0
496629,0
496630,0
496631,24
496632,0
496633,0
496634,0
496635,0
496636,0
496637,0
496638,0
496639,17
496640,0
496641,6
496642,0
496643,0
496644,41
496645,0
496646,17
496647,10
496648,0
496649,0
496650,0
496651,18
496652,0
496653,0
496654,5
496655,0
496656,17
496657,0
496658,0
496659,10
496660,32
496661,6
496662,0
496663,0
496664,0
496665,17
496666,22
496667,0
496668,20
496669,22
496670,0
496671,0
496672,0
496673,0
496674,0
496675,0
496676,0
496677,0
496678,0
496679,0
496680,0
496681,0
496682,20
496683,0
496684,0
496685,19
496686,0
496687,10
496688,0
496689,16
496690,16
496691,0
496692,0
496693,0
496694,0
496695,0
496696,0
496697,25
496698,0
496699,8
496700,0
496701,0
496702,0
496703,0
496704,22
496705,0
496706,17
496707,0
496708,0
496709,0
496710,17
496711,16
496712,0
496713,0
496714,19
496715,0
496716,0
496717,0
496718,0
496719,0
496720,0
496721,0
496722,0
496723,0
496724,0
496725,0
496726,0
496727,0
496728,18
496729,0
496730,0
496731,0
496732,0
496733,0
496734,22
496735,0
496736,0
496737,0
496738,38
496739,0
496740,15
496741,2
496742,32
496743,0
496744,0
496745,0
496746,0
496747,0
496748,0
496749,11
496750,0
496751,0
496752,0
496753,0
496754,0
496755,0
496756,0
496757,0
496758,0
496759,0
496760,0
496761,23
496762,0
496763,0
496764,0
496765,19
496766,21
496767,8
496768,0
496769,34
496770,0
496771,0
496772,41
496773,0
496774,0
496775,16
496776,0
496777,0
496778,0
496779,24
496780,0
496781,0
496782,23
496783,0
496784,36
496785,0
496786,0
496787,20
496788,0
496789,20
496790,0
496791,0
496792,20
496793,0
496794,0
496795,0
496796,0
496797,0
496798,0
496799,17
496800,0
496801,0
496802,0
496803,0
496804,0
496805,0
496806,0
496807,0
496808,0
496809,0
496810,0
496811,0
496812,0
496813,0
496814,0
496815,0
496816,0
496817,0
496818,0
496819,0
496820,0
496821,0
496822,0
496823,0
496824,0
496825,0
496826,0
496827,0
496828,0
496829,0
496830,0
496831,0
496832,0
496833,0
496834,0
496835,0
496836,0
496837,0
496838,0
496839,0
496840,0
496841,0
496842,0
496843,0
496844,0
496845,0
496846,0
496847,0
496848,0
496849,0
496850,0
496851,0
496852,0
496853,0
496854,0
496855,0
496856,0
496857,0
496858,0
496859,0
496860,0
496861,0
496862,0
496863,0
496864,0
496865,0
496866,0
496867,0
496868,0
496869,0
496870,0
496871,0
496872,0
496873,0
496874,0
496875,0
496876,0
496877,0
496878,0
496879,0
496880,0
496881,0
496882,0
496883,0
496884,0
496885,0
496886,0
496887,0
496888,0
496889,0
496890,0
496891,0
496892,0
496893,0
496894,0
496895,0
496896,0
496897,0
496898,0
496899,0
496900,0
496901,0
496902,0
496903,0
496904,0
496905,0
496906,0
496907,0
496908,0
496909,0
496910,0
496911,0
496912,0
496913,0
496914,0
496915,0
496916,0
496917,0
496918,0
496919,0
496920,0
496921,0
496922,0
496923,0
496924,0
496925,0
496926,0
496927,0
496928,0
496929,0
496930,0
496931,0
496932,0
496933,0
496934,0
496935,0
496936,0
496937,0
496938,0
496939,0
496940,0
496941,0
496942,0
496943,0
496944,0
496945,0
496946,0
496947,0
496948,0
496949,0
496950,0
496951,0
496952,0
496953,0
496954,0
496955,0
496956,0
496957,0
496958,0
496959,0
496960,0
496961,0
496962,0
496963,0
496964,0
496965,0
496966,0
496967,0
496968,0
496969,0
496970,0
496971,0
496972,0
496973,0
496974,0
496975,0
496976,0
496977,0
496978,0
496979,0
496980,0
496981,0
496982,0
496983,0
496984,1
496985,0
496986,0
496987,0
496988,0
496989,0
496990,0
496991,0
496992,0
496993,0
496994,0
496995,0
496996,0
496997,0
496998,0
496999,0
497000,0
497001,0
497002,0
497003,0
497004,0
497005,0
497006,0
497007,0
497008,0
497009,0
497010,0
497011,0
497012,0
497013,0
497014,0
497015,0
497016,0
497017,0
497018,0
497019,0
497020,0
497021,0
497022,0
497023,0
497024,0
497025,0
497026,0
497027,0
497028,0
497029,0
497030,0
497031,0
497032,0
497033,0
497034,0
497035,0
497036,0
497037,0
497038,0
497039,0
497040,0
497041,0
497042,0
497043,0
497044,0
497045,0
497046,0
497047,0
497048,0
497049,0
497050,0
497051,0
497052,0
497053,0
497054,0
497055,0
497056,0
497057,0
497058,0
497059,0
497060,0
497061,0
497062,0
497063,0
497064,0
497065,0
497066,0
497067,0
497068,0
497069,0
497070,0
497071,0
497072,0
497073,0
497074,0
497075,0
497076,0
497077,0
497078,0
497079,0
497080,0
497081,0
497082,0
497083,0
497084,0
497085,0
497086,0
497087,0
497088,0
497089,0
497090,0
497091,0
497092,0
497093,0
497094,0
497095,0
497096,0
497097,0
497098,0
497099,0
497100,0
497101,0
497102,0
497103,0
497104,0
497105,0
497106,0
497107,0
497108,0
497109,0
497110,0
497111,0
497112,0
497113,0
497114,0
497115,0
497116,0
497117,0
497118,0
497119,0
497120,0
497121,0
497122,0
497123,0
497124,0
497125,0
497126,0
497127,0
497128,0
497129,0
497130,0
497131,0
497132,0
497133,0
497134,0
497135,0
497136,0
497137,0
497138,1
497139,0
497140,0
497141,0
497142,0
497143,0
497144,0
497145,0
497146,0
497147,0
497148,0
497149,0
497150,0
497151,0
497152,0
497153,0
497154,0
497155,0
497156,0
497157,0
497158,0
497159,0
497160,0
497161,0
497162,0
497163,0
497164,0
497165,0
497166,0
497167,0
497168,0
497169,0
497170,0
497171,0
497172,0
497173,0
497174,0
497175,1
497176,0
497177,0
497178,0
497179,0
497180,0
497181,0
497182,0
497183,0
497184,0
497185,0
497186,0
497187,0
497188,0
497189,0
497190,0
497191,0
497192,0
497193,0
497194,0
497195,0
497196,0
497197,0
497198,0
497199,0
497200,0
497201,0
497202,0
497203,0
497204,0
497205,0
497206,0
497207,0
497208,0
497209,0
497210,0
497211,0
497212,0
497213,0
497214,0
497215,0
497216,0
497217,0
497218,0
497219,0
497220,0
497221,0
497222,0
497223,0
497224,0
497225,0
497226,0
497227,0
497228,0
497229,1
497230,0
497231,0
497232,0
497233,0
497234,0
497235,0
497236,0
497237,0
497238,0
497239,0
497240,0
497241,0
497242,0
497243,0
497244,0
497245,0
497246,0
497247,0
497248,0
497249,0
497250,0
497251,0
497252,0
497253,0
497254,0
497255,0
497256,0
497257,0
497258,0
497259,0
497260,0
497261,0
497262,0
497263,0
497264,0
497265,0
497266,0
497267,0
497268,0
497269,0
497270,0
497271,1
497272,0
497273,0
497274,0
497275,0
497276,0
497277,0
497278,1
497279,0
497280,0
497281,0
497282,0
497283,0
497284,0
497285,0
497286,0
497287,0
497288,0
497289,0
497290,0
497291,0
497292,0
497293,0
497294,0
497295,0
497296,0
497297,0
497298,0
497299,0
497300,0
497301,0
497302,0
497303,0
497304,0
497305,0
497306,0
497307,0
497308,0
497309,0
497310,0
497311,0
497312,0
497313,0
497314,0
497315,0
497316,0
497317,0
497318,0
497319,0
497320,0
497321,0
497322,0
497323,0
497324,0
497325,0
497326,0
497327,0
497328,0
497329,0
497330,0
497331,0
497332,0
497333,0
497334,0
497335,0
497336,0
497337,0
497338,0
497339,0
497340,0
497341,0
497342,0
497343,0
497344,0
497345,0
497346,0
497347,0
497348,0
497349,0
497350,0
497351,0
497352,0
497353,0
497354,0
497355,0
497356,0
497357,0
497358,0
497359,1
497360,0
497361,0
497362,0
497363,0
497364,0
497365,0
497366,0
497367,0
497368,0
497369,0
497370,0
497371,0
497372,0
497373,0
497374,0
497375,0
497376,0
497377,0
497378,0
497379,0
497380,0
497381,0
497382,0
497383,0
497384,0
497385,0
497386,0
497387,0
497388,0
497389,0
497390,0
497391,0
497392,0
497393,0
497394,0
497395,0
497396,0
497397,0
497398,0
497399,0
497400,0
497401,0
497402,0
497403,0
497404,0
497405,0
497406,0
497407,0
497408,0
497409,0
497410,0
497411,0
497412,0
497413,0
497414,0
497415,0
497416,0
497417,0
497418,0
497419,0
497420,0
497421,0
497422,0
497423,0
497424,0
497425,0
497426,0
497427,0
497428,0
497429,0
497430,0
497431,0
497432,0
497433,0
497434,0
497435,0
497436,0
497437,0
497438,0
497439,0
497440,0
497441,0
497442,0
497443,1
497444,0
497445,0
497446,0
497447,0
497448,0
497449,0
497450,0
497451,0
497452,0
497453,0
497454,0
497455,0
497456,0
497457,0
497458,0
497459,0
497460,0
497461,0
497462,0
497463,0
497464,0
497465,0
497466,0
497467,0
497468,0
497469,0
497470,0
497471,0
497472,0
497473,0
497474,0
497475,0
497476,0
497477,0
497478,0
497479,0
497480,0
497481,0
497482,0
497483,0
497484,0
497485,0
497486,0
497487,0
497488,0
497489,0
497490,0
497491,0
497492,0
497493,0
497494,0
497495,0
497496,0
497497,0
497498,0
497499,0
497500,0
497501,0
497502,0
497503,0
497504,1
497505,0
497506,0
497507,0
497508,0
497509,0
497510,0
497511,0
497512,0
497513,0
497514,0
497515,0
497516,0
497517,0
497518,0
497519,0
497520,0
497521,0
497522,0
497523,0
497524,0
497525,0
497526,0
497527,0
497528,0
497529,0
497530,0
497531,0
497532,0
497533,0
497534,0
497535,0
497536,0
497537,0
497538,0
497539,0
497540,0
497541,0
497542,0
497543,0
497544,0
497545,0
497546,0
497547,0
497548,0
497549,0
497550,0
497551,0
497552,0
497553,0
497554,0
497555,0
497556,0
497557,0
497558,0
497559,0
497560,0
497561,0
497562,0
497563,0
497564,0
497565,0
497566,0
497567,0
497568,0
497569,0
497570,0
497571,0
497572,0
497573,0
497574,0
497575,0
497576,0
497577,0
497578,0
497579,0
497580,0
497581,0
497582,0
497583,0
497584,0
497585,0
497586,0
497587,0
497588,0
497589,0
497590,0
497591,0
497592,0
497593,0
497594,0
497595,0
497596,0
497597,0
497598,0
497599,0
497600,0
497601,0
497602,0
497603,0
497604,0
497605,0
497606,0
497607,0
497608,0
497609,0
497610,0
497611,0
497612,0
497613,0
497614,0
497615,0
497616,0
497617,0
497618,0
497619,0
497620,0
497621,0
497622,0
497623,0
497624,0
497625,0
497626,0
497627,0
497628,0
497629,0
497630,0
497631,0
497632,0
497633,0
497634,0
497635,0
497636,0
497637,0
497638,0
497639,0
497640,0
497641,0
497642,0
497643,0
497644,0
497645,0
497646,0
497647,0
497648,0
497649,0
497650,0
497651,0
497652,0
497653,0
497654,0
497655,0
497656,0
497657,0
497658,0
497659,0
497660,0
497661,0
497662,0
497663,0
497664,0
497665,0
497666,0
497667,0
497668,0
497669,0
497670,0
497671,0
497672,0
497673,0
497674,0
497675,0
497676,0
497677,0
497678,0
497679,0
497680,0
497681,0
497682,0
497683,0
497684,0
497685,0
497686,0
497687,0
497688,0
497689,0
497690,0
497691,0
497692,0
497693,0
497694,1
497695,0
497696,0
497697,0
497698,0
497699,0
497700,0
497701,0
497702,0
497703,0
497704,0
497705,0
497706,0
497707,0
497708,0
497709,0
497710,0
497711,0
497712,0
497713,0
497714,0
497715,0
497716,0
497717,0
497718,0
497719,0
497720,0
497721,0
497722,0
497723,0
497724,0
497725,0
497726,0
497727,0
497728,0
497729,0
497730,0
497731,0
497732,0
497733,0
497734,0
497735,0
497736,0
497737,0
497738,0
497739,0
497740,0
497741,0
497742,0
497743,0
497744,0
497745,0
497746,0
497747,0
497748,0
497749,0
497750,0
497751,0
497752,0
497753,0
497754,0
497755,0
497756,0
497757,0
497758,0
497759,0
497760,0
497761,0
497762,0
497763,0
497764,0
497765,0
497766,0
497767,0
497768,0
497769,0
497770,0
497771,0
497772,0
497773,0
497774,0
497775,0
497776,0
497777,0
497778,0
497779,0
497780,0
497781,0
497782,0
497783,0
497784,0
497785,0
497786,0
497787,0
497788,0
497789,0
497790,0
497791,0
497792,0
497793,0
497794,0
497795,0
497796,0
497797,0
497798,0
497799,0
497800,0
497801,0
497802,0
497803,0
497804,0
497805,0
497806,0
497807,0
497808,0
497809,0
497810,0
497811,0
497812,0
497813,0
497814,0
497815,0
497816,0
497817,0
497818,0
497819,0
497820,0
497821,0
497822,0
497823,0
497824,0
497825,0
497826,0
497827,0
497828,0
497829,0
497830,0
497831,0
497832,0
497833,0
497834,0
497835,0
497836,0
497837,0
497838,0
497839,0
497840,0
497841,0
497842,0
497843,0
497844,0
497845,0
497846,0
497847,0
497848,0
497849,0
497850,0
497851,0
497852,0
497853,0
497854,0
497855,0
497856,0
497857,0
497858,0
497859,0
497860,0
497861,0
497862,0
497863,0
497864,0
497865,0
497866,0
497867,0
497868,0
497869,0
497870,0
497871,0
497872,0
497873,0
497874,0
497875,0
497876,0
497877,0
497878,0
497879,0
497880,0
497881,0
497882,1
497883,0
497884,0
497885,0
497886,0
497887,0
497888,0
497889,0
497890,0
497891,0
497892,0
497893,0
497894,0
497895,0
497896,0
497897,0
497898,0
497899,0
497900,1
497901,0
497902,0
497903,0
497904,0
497905,0
497906,0
497907,0
497908,0
497909,0
497910,0
497911,0
497912,0
497913,0
497914,0
497915,0
497916,0
497917,0
497918,0
497919,0
497920,0
497921,1
497922,0
497923,0
497924,0
497925,0
497926,0
497927,0
497928,0
497929,0
497930,0
497931,0
497932,0
497933,0
497934,0
497935,0
497936,0
497937,0
497938,0
497939,0
497940,0
497941,0
497942,0
497943,0
497944,0
497945,0
497946,0
497947,0
497948,0
497949,0
497950,0
497951,0
497952,0
497953,1
497954,0
497955,0
497956,0
497957,0
497958,0
497959,0
497960,0
497961,0
497962,1
497963,0
497964,0
497965,0
497966,0
497967,0
497968,0
497969,0
497970,0
497971,0
497972,0
497973,0
497974,0
497975,0
497976,0
497977,0
497978,0
497979,0
497980,0
497981,0
497982,0
497983,0
497984,0
497985,0
497986,0
497987,0
497988,0
497989,0
497990,0
497991,0
497992,0
497993,1
497994,0
497995,0
497996,0
497997,0
497998,0
497999,0
498000,0
498001,0
498002,0
498003,0
498004,0
498005,0
498006,0
498007,0
498008,0
498009,0
498010,0
498011,0
498012,0
498013,0
498014,0
498015,0
498016,0
498017,0
498018,0
498019,0
498020,0
498021,0
498022,0
498023,0
498024,0
498025,0
498026,0
498027,0
498028,0
498029,0
498030,0
498031,0
498032,0
498033,0
498034,0
498035,0
498036,0
498037,0
498038,0
498039,0
498040,0
498041,0
498042,0
498043,0
498044,0
498045,0
498046,0
498047,0
498048,0
498049,0
498050,0
498051,0
498052,0
498053,0
498054,0
498055,0
498056,0
498057,0
498058,0
498059,0
498060,0
498061,0
498062,0
498063,0
498064,0
498065,0
498066,0
498067,0
498068,0
498069,0
498070,0
498071,0
498072,0
498073,0
498074,0
498075,0
498076,0
498077,0
498078,0
498079,0
498080,0
498081,0
498082,0
498083,0
498084,0
498085,0
498086,0
498087,0
498088,0
498089,0
498090,0
498091,0
498092,0
498093,0
498094,1
498095,0
498096,0
498097,0
498098,0
498099,0
498100,0
498101,0
498102,0
498103,0
498104,0
498105,0
498106,0
498107,0
498108,0
498109,0
498110,0
498111,0
498112,0
498113,0
498114,0
498115,0
498116,0
498117,0
498118,0
498119,0
498120,0
498121,0
498122,0
498123,0
498124,0
498125,0
498126,0
498127,0
498128,0
498129,0
498130,0
498131,0
498132,0
498133,0
498134,0
498135,0
498136,0
498137,0
498138,0
498139,1
498140,0
498141,0
498142,0
498143,0
498144,0
498145,0
498146,0
498147,0
498148,0
498149,1
498150,0
498151,0
498152,0
498153,0
498154,1
498155,0
498156,0
498157,0
498158,0
498159,0
498160,0
498161,0
498162,0
498163,0
498164,0
498165,0
498166,0
498167,0
498168,0
498169,0
498170,0
498171,0
498172,0
498173,0
498174,0
498175,0
498176,0
498177,0
498178,0
498179,0
498180,0
498181,0
498182,0
498183,0
498184,0
498185,0
498186,0
498187,0
498188,0
498189,0
498190,1
498191,0
498192,0
498193,0
498194,0
498195,0
498196,0
498197,0
498198,0
498199,0
498200,0
498201,0
498202,0
498203,0
498204,0
498205,0
498206,0
498207,0
498208,0
498209,0
498210,0
498211,0
498212,0
498213,0
498214,0
498215,0
498216,0
498217,0
498218,0
498219,0
498220,0
498221,0
498222,0
498223,0
498224,0
498225,0
498226,0
498227,0
498228,0
498229,0
498230,0
498231,0
498232,0
498233,0
498234,0
498235,0
498236,0
498237,0
498238,0
498239,0
498240,0
498241,0
498242,0
498243,0
498244,0
498245,0
498246,0
498247,0
498248,0
498249,0
498250,0
498251,0
498252,0
498253,0
498254,0
498255,0
498256,0
498257,0
498258,0
498259,0
498260,0
498261,0
498262,0
498263,0
498264,0
498265,0
498266,0
498267,0
498268,0
498269,0
498270,0
498271,0
498272,0
498273,0
498274,0
498275,0
498276,0
498277,0
498278,0
498279,0
498280,0
498281,0
498282,0
498283,0
498284,0
498285,0
498286,0
498287,0
498288,0
498289,0
498290,0
498291,0
498292,0
498293,0
498294,0
498295,0
498296,0
498297,0
498298,0
498299,0
498300,0
498301,0
498302,0
498303,0
498304,0
498305,0
498306,0
498307,0
498308,0
498309,0
498310,0
498311,0
498312,0
498313,1
498314,0
498315,0
498316,0
498317,0
498318,0
498319,0
498320,0
498321,0
498322,0
498323,0
498324,0
498325,0
498326,0
498327,0
498328,0
498329,0
498330,0
498331,0
498332,0
498333,0
498334,0
498335,0
498336,0
498337,0
498338,0
498339,0
498340,0
498341,0
498342,0
498343,0
498344,0
498345,0
498346,0
498347,0
498348,0
498349,0
498350,0
498351,0
498352,0
498353,0
498354,0
498355,0
498356,0
498357,0
498358,0
498359,0
498360,0
498361,1
498362,0
498363,0
498364,0
498365,0
498366,0
498367,0
498368,0
498369,0
498370,2
498371,0
498372,0
498373,0
498374,0
498375,0
498376,0
498377,0
498378,0
498379,0
498380,0
498381,0
498382,0
498383,0
498384,0
498385,0
498386,0
498387,0
498388,0
498389,0
498390,0
498391,0
498392,0
498393,0
498394,0
498395,0
498396,0
498397,0
498398,0
498399,0
498400,0
498401,0
498402,0
498403,0
498404,0
498405,0
498406,0
498407,0
498408,0
498409,0
498410,0
498411,0
498412,0
498413,0
498414,0
498415,0
498416,0
498417,0
498418,0
498419,0
498420,0
498421,0
498422,0
498423,0
498424,0
498425,0
498426,0
498427,0
498428,0
498429,0
498430,0
498431,0
498432,1
498433,0
498434,0
498435,0
498436,0
498437,0
498438,0
498439,0
498440,0
498441,0
498442,0
498443,0
498444,0
498445,0
498446,0
498447,0
498448,0
498449,0
498450,0
498451,0
498452,0
498453,0
498454,0
498455,0
498456,0
498457,0
498458,0
498459,0
498460,0
498461,0
498462,0
498463,0
498464,0
498465,0
498466,0
498467,0
498468,0
498469,0
498470,0
498471,0
498472,0
498473,0
498474,0
498475,0
498476,0
498477,0
498478,0
498479,0
498480,0
498481,0
498482,0
498483,0
498484,0
498485,0
498486,0
498487,0
498488,0
498489,0
498490,0
498491,0
498492,0
498493,0
498494,0
498495,0
498496,0
498497,0
498498,0
498499,0
498500,0
498501,0
498502,0
498503,0
498504,0
498505,0
498506,0
498507,0
498508,0
498509,0
498510,0
498511,0
498512,0
498513,0
498514,0
498515,0
498516,0
498517,0
498518,0
498519,0
498520,0
498521,0
498522,0
498523,0
498524,0
498525,0
498526,0
498527,0
498528,0
498529,0
498530,0
498531,0
498532,0
498533,0
498534,0
498535,0
498536,0
498537,0
498538,0
498539,0
498540,0
498541,0
498542,0
498543,0
498544,0
498545,0
498546,0
498547,0
498548,0
498549,0
498550,0
498551,0
498552,0
498553,0
498554,0
498555,0
498556,0
498557,0
498558,0
498559,11
498560,0
498561,0
498562,0
498563,0
498564,0
498565,0
498566,0
498567,0
498568,0
498569,10
498570,0
498571,0
498572,0
498573,0
498574,0
498575,0
498576,0
498577,0
498578,0
498579,0
498580,8
498581,0
498582,0
498583,0
498584,0
498585,0
498586,0
498587,0
498588,0
498589,14
498590,0
498591,6
498592,0
498593,13
498594,0
498595,0
498596,0
498597,0
498598,0
498599,0
498600,0
498601,0
498602,0
498603,0
498604,0
498605,9
498606,0
498607,0
498608,0
498609,0
498610,0
498611,15
498612,0
498613,17
498614,11
498615,7
498616,0
498617,0
498618,0
498619,0
498620,0
498621,0
498622,0
498623,0
498624,0
498625,0
498626,18
498627,0
498628,8
498629,0
498630,0
498631,0
498632,0
498633,0
498634,0
498635,0
498636,0
498637,0
498638,21
498639,0
498640,0
498641,0
498642,9
498643,0
498644,18
498645,0
498646,0
498647,11
498648,22
498649,11
498650,0
498651,13
498652,12
498653,18
498654,0
498655,0
498656,6
498657,0
498658,0
498659,0
498660,0
498661,0
498662,19
498663,0
498664,0
498665,0
498666,0
498667,0
498668,0
498669,0
498670,0
498671,7
498672,17
498673,0
498674,0
498675,0
498676,0
498677,0
498678,11
498679,16
498680,0
498681,0
498682,0
498683,0
498684,0
498685,0
498686,0
498687,0
498688,0
498689,0
498690,9
498691,10
498692,19
498693,0
498694,0
498695,0
498696,0
498697,9
498698,0
498699,0
498700,12
498701,0
498702,0
498703,0
498704,0
498705,0
498706,8
498707,8
498708,0
498709,0
498710,0
498711,12
498712,0
498713,0
498714,0
498715,0
498716,9
498717,0
498718,0
498719,0
498720,4
498721,12
498722,0
498723,0
498724,0
498725,0
498726,0
498727,0
498728,8
498729,11
498730,9
498731,0
498732,0
498733,0
498734,0
498735,0
498736,7
498737,18
498738,0
498739,0
498740,0
498741,14
498742,0
498743,0
498744,0
498745,8
498746,13
498747,0
498748,0
498749,5
498750,12
498751,0
498752,0
498753,0
498754,7
498755,14
498756,0
498757,0
498758,15
498759,0
498760,14
498761,0
498762,0
498763,0
498764,0
498765,0
498766,0
498767,0
498768,9
498769,0
498770,0
498771,18
498772,0
498773,13
498774,0
498775,0
498776,12
498777,0
498778,0
498779,0
498780,0
498781,0
498782,0
498783,0
498784,0
498785,0
498786,0
498787,10
498788,0
498789,0
498790,0
498791,10
498792,0
498793,0
498794,0
498795,13
498796,0
498797,0
498798,0
498799,0
498800,0
498801,6
498802,0
498803,0
498804,0
498805,0
498806,0
498807,0
498808,0
498809,0
498810,0
498811,0
498812,0
498813,0
498814,10
498815,0
498816,13
498817,0
498818,0
498819,19
498820,0
498821,0
498822,0
498823,8
498824,0
498825,0
498826,0
498827,0
498828,0
498829,0
498830,7
498831,0
498832,0
498833,0
498834,0
498835,0
498836,0
498837,0
498838,0
498839,0
498840,0
498841,11
498842,0
498843,0
498844,0
498845,0
498846,0
498847,0
498848,9
498849,0
498850,0
498851,0
498852,8
498853,9
498854,0
498855,0
498856,0
498857,12
498858,12
498859,0
498860,0
498861,0
498862,0
498863,0
498864,0
498865,0
498866,0
498867,0
498868,0
498869,9
498870,0
498871,0
498872,10
498873,0
498874,0
498875,0
498876,15
498877,0
498878,0
498879,0
498880,0
498881,0
498882,0
498883,12
498884,14
498885,13
498886,0
498887,0
498888,0
498889,0
498890,0
498891,0
498892,0
498893,0
498894,0
498895,0
498896,0
498897,0
498898,9
498899,0
498900,0
498901,0
498902,0
498903,12
498904,0
498905,0
498906,0
498907,0
498908,0
498909,6
498910,0
498911,0
498912,11
498913,0
498914,0
498915,0
498916,8
498917,0
498918,0
498919,18
498920,9
498921,0
498922,13
498923,0
498924,0
498925,0
498926,0
498927,0
498928,0
498929,0
498930,0
498931,0
498932,0
498933,0
498934,25
498935,12
498936,0
498937,0
498938,0
498939,0
498940,0
498941,7
498942,0
498943,0
498944,14
498945,0
498946,13
498947,0
498948,0
498949,0
498950,0
498951,0
498952,0
498953,9
498954,0
498955,0
498956,0
498957,0
498958,0
498959,0
498960,0
498961,0
498962,11
498963,0
498964,0
498965,0
498966,0
498967,0
498968,0
498969,10
498970,0
498971,0
498972,13
498973,0
498974,17
498975,0
498976,0
498977,12
498978,0
498979,0
498980,0
498981,0
498982,0
498983,0
498984,0
498985,0
498986,0
498987,0
498988,15
498989,0
498990,13
498991,0
498992,0
498993,0
498994,0
498995,0
498996,0
498997,10
498998,0
498999,11
499000,0
499001,0
499002,0
499003,0
499004,11
499005,0
499006,0
499007,14
499008,0
499009,0
499010,0
499011,0
499012,0
499013,0
499014,0
499015,5
499016,0
499017,10
499018,11
499019,0
499020,13
499021,0
499022,11
499023,0
499024,0
499025,13
499026,0
499027,19
499028,0
499029,0
499030,0
499031,0
499032,9
499033,0
499034,0
499035,0
499036,9
499037,0
499038,0
499039,0
499040,0
499041,0
499042,10
499043,0
499044,0
499045,0
499046,0
499047,0
499048,0
499049,0
499050,0
499051,0
499052,0
499053,0
499054,0
499055,0
499056,0
499057,0
499058,13
499059,5
499060,0
499061,0
499062,8
499063,10
499064,0
499065,13
499066,0
499067,0
499068,0
499069,0
499070,0
499071,16
499072,0
499073,0
499074,5
499075,5
499076,0
499077,9
499078,0
499079,8
499080,0
499081,0
499082,0
499083,0
499084,7
499085,6
499086,0
499087,0
499088,0
499089,8
499090,0
499091,19
499092,0
499093,0
499094,0
499095,0
499096,14
499097,0
499098,0
499099,0
499100,0
499101,0
499102,0
499103,0
499104,0
499105,0
499106,0
499107,0
499108,26
499109,0
499110,27
499111,0
499112,0
499113,0
499114,20
499115,18
499116,37
499117,26
499118,0
499119,0
499120,36
499121,0
499122,13
499123,0
499124,0
499125,0
499126,17
499127,21
499128,21
499129,0
499130,0
499131,0
499132,0
499133,20
499134,0
499135,0
499136,15
499137,0
499138,0
499139,0
499140,14
499141,0
499142,0
499143,36
499144,0
499145,0
499146,0
499147,0
499148,0
499149,0
499150,0
499151,0
499152,0
499153,0
499154,23
499155,0
499156,29
499157,0
499158,0
499159,0
499160,0
499161,36
499162,0
499163,0
499164,0
499165,0
499166,0
499167,0
499168,0
499169,0
499170,0
499171,0
499172,0
499173,0
499174,19
499175,0
499176,0
499177,0
499178,0
499179,0
499180,25
499181,0
499182,18
499183,0
499184,17
499185,29
499186,0
499187,0
499188,0
499189,0
499190,31
499191,0
499192,0
499193,0
499194,0
499195,0
499196,0
499197,0
499198,0
499199,33
499200,0
499201,0
499202,0
499203,19
499204,0
499205,0
499206,0
499207,0
499208,0
499209,0
499210,0
499211,16
499212,0
499213,0
499214,0
499215,0
499216,0
499217,0
499218,0
499219,17
499220,0
499221,0
499222,0
499223,0
499224,18
499225,49
499226,0
499227,17
499228,0
499229,0
499230,0
499231,24
499232,0
499233,0
499234,0
499235,0
499236,0
499237,0
499238,0
499239,0
499240,0
499241,0
499242,0
499243,0
499244,0
499245,0
499246,0
499247,0
499248,0
499249,0
499250,0
499251,29
499252,0
499253,0
499254,0
499255,0
499256,0
499257,0
499258,0
499259,11
499260,0
499261,0
499262,0
499263,0
499264,0
499265,0
499266,0
499267,28
499268,0
499269,0
499270,33
499271,0
499272,0
499273,0
499274,0
499275,0
499276,0
499277,0
499278,21
499279,31
499280,0
499281,0
499282,0
499283,22
499284,0
499285,0
499286,0
499287,0
499288,0
499289,0
499290,19
499291,29
499292,0
499293,0
499294,0
499295,0
499296,0
499297,0
499298,0
499299,0
499300,0
499301,0
499302,0
499303,0
499304,0
499305,0
499306,15
499307,0
499308,0
499309,0
499310,0
499311,0
499312,0
499313,0
499314,0
499315,0
499316,0
499317,34
499318,0
499319,29
499320,0
499321,0
499322,0
499323,25
499324,46
499325,0
499326,0
499327,0
499328,0
499329,0
499330,32
499331,0
499332,0
499333,0
499334,0
499335,0
499336,15
499337,0
499338,0
499339,46
499340,35
499341,0
499342,0
499343,0
499344,0
499345,32
499346,0
499347,0
499348,0
499349,0
499350,18
499351,0
499352,0
499353,0
499354,39
499355,0
499356,0
499357,33
499358,20
499359,0
499360,0
499361,19
499362,0
499363,0
499364,0
499365,24
499366,0
499367,27
499368,0
499369,0
499370,0
499371,0
499372,0
499373,0
499374,0
499375,35
499376,0
499377,0
499378,0
499379,32
499380,0
499381,0
499382,0
499383,0
499384,0
499385,0
499386,37
499387,0
499388,0
499389,0
499390,0
499391,0
499392,0
499393,22
499394,0
499395,0
499396,0
499397,0
499398,0
499399,0
499400,0
499401,0
499402,0
499403,0
499404,0
499405,0
499406,15
499407,0
499408,0
499409,26
499410,19
499411,0
499412,0
499413,25
499414,0
499415,20
499416,0
499417,0
499418,0
499419,0
499420,0
499421,0
499422,0
499423,29
499424,0
499425,20
499426,0
499427,0
499428,0
499429,0
499430,14
499431,0
499432,0
499433,0
499434,0
499435,0
499436,0
499437,0
499438,0
499439,0
499440,0
499441,0
499442,16
499443,0
499444,0
499445,32
499446,14
499447,0
499448,0
499449,0
499450,25
499451,0
499452,0
499453,0
499454,0
499455,0
499456,16
499457,0
499458,20
499459,0
499460,0
499461,0
499462,0
499463,0
499464,0
499465,0
499466,0
499467,0
499468,0
499469,0
499470,0
499471,15
499472,0
499473,0
499474,0
499475,22
499476,24
499477,22
499478,45
499479,0
499480,0
499481,0
499482,0
499483,0
499484,0
499485,0
499486,0
499487,0
499488,0
499489,41
499490,0
499491,0
499492,0
499493,0
499494,0
499495,0
499496,0
499497,0
499498,0
499499,0
499500,0
499501,0
499502,0
499503,0
499504,0
499505,0
499506,0
499507,0
499508,0
499509,0
499510,0
499511,0
499512,42
499513,0
499514,0
499515,0
499516,0
499517,0
499518,31
499519,0
499520,0
499521,0
499522,0
499523,30
499524,0
499525,0
499526,50
499527,0
499528,0
499529,0
499530,0
499531,0
499532,0
499533,0
499534,15
499535,0
499536,54
499537,0
499538,0
499539,0
499540,0
499541,26
499542,0
499543,0
499544,0
499545,37
499546,0
499547,0
499548,0
499549,0
499550,0
499551,50
499552,0
499553,0
499554,0
499555,0
499556,0
499557,0
499558,0
499559,31
499560,32
499561,17
499562,0
499563,42
499564,0
499565,0
499566,34
499567,0
499568,19
499569,0
499570,0
499571,0
499572,0
499573,0
499574,27
499575,0
499576,0
499577,0
499578,0
499579,0
499580,0
499581,0
499582,0
499583,0
499584,0
499585,0
499586,0
499587,0
499588,0
499589,0
499590,25
499591,0
499592,38
499593,0
499594,0
499595,0
499596,0
499597,0
499598,0
499599,22
499600,0
499601,0
499602,0
499603,14
499604,0
499605,0
499606,0
499607,22
499608,0
499609,0
499610,0
499611,0
499612,0
499613,0
499614,0
499615,0
499616,0
499617,0
499618,0
499619,0
499620,0
499621,0
499622,0
499623,0
499624,0
499625,0
499626,0
499627,27
499628,0
499629,26
499630,0
499631,13
499632,13
499633,0
499634,0
499635,23
499636,0
499637,0
499638,0
499639,0
499640,0
499641,18
499642,0
499643,0
499644,0
499645,0
499646,0
499647,0
499648,0
499649,0
499650,0
499651,25
499652,34
499653,0
499654,0
499655,0
499656,28
499657,0
499658,0
499659,0
499660,0
499661,0
499662,0
499663,0
499664,0
499665,0
499666,0
499667,0
499668,0
499669,0
499670,30
499671,0
499672,17
499673,0
499674,24
499675,0
499676,20
499677,0
499678,0
499679,0
499680,14
499681,0
499682,0
499683,0
499684,0
499685,0
499686,0
499687,0
499688,0
499689,0
499690,0
499691,0
499692,0
499693,0
499694,0
499695,0
499696,0
499697,40
499698,0
499699,0
499700,0
499701,0
499702,0
499703,0
499704,0
499705,0
499706,0
499707,0
499708,0
499709,0
499710,0
499711,0
499712,0
499713,0
499714,0
499715,0
499716,0
499717,0
499718,0
499719,0
499720,0
499721,0
499722,0
499723,0
499724,0
499725,0
499726,0
499727,21
499728,0
499729,0
499730,0
499731,0
499732,0
499733,0
499734,0
499735,0
499736,0
499737,0
499738,0
499739,0
499740,0
499741,0
499742,0
499743,0
499744,0
499745,0
499746,0
499747,0
499748,0
499749,0
499750,0
499751,0
499752,0
499753,0
499754,0
499755,22
499756,28
499757,0
499758,0
499759,0
499760,0
499761,0
499762,0
499763,0
499764,17
499765,0
499766,0
499767,0
499768,0
499769,0
499770,0
499771,14
499772,0
499773,0
499774,21
499775,0
499776,0
499777,0
499778,0
499779,15
499780,0
499781,0
499782,0
499783,0
499784,0
499785,31
499786,0
499787,0
499788,0
499789,0
499790,0
499791,0
499792,12
499793,0
499794,18
499795,24
499796,0
499797,0
499798,0
499799,0
499800,24
499801,0
499802,16
499803,13
499804,0
499805,0
499806,19
499807,0
499808,0
499809,0
499810,0
499811,0
499812,0
499813,0
499814,17
499815,0
499816,0
499817,0
499818,22
499819,0
499820,0
499821,0
499822,10
499823,0
499824,0
499825,0
499826,0
499827,0
499828,0
499829,15
499830,0
499831,0
499832,0
499833,0
499834,0
499835,0
499836,0
499837,19
499838,0
499839,0
499840,0
499841,0
499842,0
499843,18
499844,20
499845,0
499846,19
499847,0
499848,0
499849,0
499850,0
499851,0
499852,0
499853,0
499854,0
499855,0
499856,0
499857,9
499858,0
499859,0
499860,0
499861,0
499862,0
499863,0
499864,0
499865,0
499866,0
499867,0
499868,21
499869,0
499870,0
499871,0
499872,0
499873,0
499874,17
499875,0
499876,0
499877,0
499878,0
499879,15
499880,7
499881,0
499882,0
499883,0
499884,0
499885,0
499886,0
499887,7
499888,0
499889,0
499890,0
499891,0
499892,0
499893,0
499894,0
499895,0
499896,0
499897,13
499898,19
499899,16
499900,0
499901,14
499902,0
499903,0
499904,0
499905,0
499906,20
499907,17
499908,0
499909,21
499910,0
499911,0
499912,9
499913,0
499914,0
499915,15
499916,12
499917,14
499918,0
499919,0
499920,0
499921,0
499922,21
499923,0
499924,16
499925,0
499926,0
499927,0
499928,0
499929,0
499930,0
499931,23
499932,0
499933,15
499934,0
499935,0
499936,0
499937,0
499938,0
499939,0
499940,0
499941,0
499942,11
499943,0
499944,13
499945,0
499946,0
499947,0
499948,0
499949,21
499950,0
499951,0
499952,13
499953,0
499954,0
499955,0
499956,18
499957,0
499958,0
499959,0
499960,0
499961,14
499962,9
499963,5
499964,0
499965,12
499966,0
499967,0
499968,0
499969,0
499970,0
499971,0
499972,8
499973,0
499974,10
499975,0
499976,0
499977,0
499978,0
499979,16
499980,11
499981,0
499982,13
499983,0
499984,0
499985,0
499986,10
499987,0
499988,0
499989,0
499990,0
499991,0
499992,0
499993,0
499994,18
499995,0
499996,0
499997,18
499998,16
499999,10
500000,9
500001,0
500002,18
500003,15
500004,15
500005,0
500006,18
500007,0
500008,0
500009,14
500010,0
500011,0
500012,13
500013,15
500014,0
500015,0
500016,0
500017,0
500018,0
500019,0
500020,14
500021,0
500022,0
500023,0
500024,0
500025,10
500026,0
500027,11
500028,0
500029,23
500030,0
500031,0
500032,0
500033,20
500034,0
500035,0
500036,20
500037,0
500038,0
500039,12
500040,0
500041,15
500042,0
500043,22
500044,0
500045,17
500046,0
500047,0
500048,23
500049,0
500050,0
500051,14
500052,0
500053,22
500054,24
500055,0
500056,0
500057,0
500058,0
500059,0
500060,15
500061,0
500062,12
500063,0
500064,0
500065,0
500066,0
500067,24
500068,0
500069,19
500070,0
500071,0
500072,16
500073,19
500074,0
500075,0
500076,0
500077,0
500078,0
500079,0
500080,10
500081,0
500082,0
500083,0
500084,0
500085,0
500086,0
500087,12
500088,0
500089,15
500090,0
500091,0
500092,14
500093,0
500094,0
500095,0
500096,0
500097,0
500098,0
500099,0
500100,0
500101,0
500102,0
500103,0
500104,0
500105,0
500106,0
500107,0
500108,0
500109,0
500110,0
500111,0
500112,0
500113,0
500114,0
500115,0
500116,7
500117,0
500118,14
500119,22
500120,0
500121,0
500122,0
500123,18
500124,0
500125,0
500126,0
500127,0
500128,0
500129,18
500130,0
500131,0
500132,0
500133,0
500134,12
500135,16
500136,0
500137,0
500138,0
500139,0
500140,0
500141,0
500142,18
500143,0
500144,14
500145,0
500146,1
500147,0
500148,20
500149,0
500150,0
500151,24
500152,11
500153,13
500154,0
500155,21
500156,19
500157,6
500158,0
500159,0
500160,0
500161,8
500162,0
500163,21
500164,17
500165,0
500166,30
500167,0
500168,0
500169,13
500170,0
500171,0
500172,0
500173,0
500174,0
500175,0
500176,9
500177,0
500178,0
500179,0
500180,0
500181,0
500182,0
500183,0
500184,0
500185,0
500186,0
500187,0
500188,15
500189,0
500190,0
500191,0
500192,0
500193,0
500194,9
500195,0
500196,0
500197,0
500198,0
500199,0
500200,0
500201,0
500202,0
500203,0
500204,0
500205,9
500206,0
500207,0
500208,24
500209,18
500210,0
500211,0
500212,0
500213,0
500214,6
500215,23
500216,16
500217,12
500218,0
500219,0
500220,0
500221,20
500222,17
500223,0
500224,20
500225,0
500226,0
500227,7
500228,0
500229,0
500230,0
500231,0
500232,0
500233,0
500234,0
500235,18
500236,10
500237,0
500238,25
500239,0
500240,13
500241,0
500242,0
500243,0
500244,17
500245,10
500246,0
500247,0
500248,25
500249,20
500250,0
500251,0
500252,0
500253,0
500254,0
500255,0
500256,20
500257,0
500258,0
500259,0
500260,16
500261,11
500262,10
500263,0
500264,0
500265,13
500266,0
500267,14
500268,18
500269,0
500270,19
500271,0
500272,0
500273,11
500274,0
500275,0
500276,0
500277,0
500278,25
500279,19
500280,0
500281,0
500282,0
500283,0
500284,0
500285,0
500286,30
500287,0
500288,0
500289,0
500290,0
500291,0
500292,0
500293,15
500294,0
500295,0
500296,21
500297,0
500298,14
500299,0
500300,11
500301,0
500302,0
500303,0
500304,0
500305,0
500306,0
500307,0
500308,0
500309,0
500310,16
500311,0
500312,0
500313,0
500314,11
500315,0
500316,0
500317,0
500318,15
500319,0
500320,0
500321,16
500322,18
500323,0
500324,0
500325,0
500326,0
500327,17
500328,0
500329,9
500330,0
500331,12
500332,0
500333,15
500334,12
500335,0
500336,20
500337,0
500338,0
500339,12
500340,0
500341,0
500342,0
500343,20
500344,0
500345,19
500346,0
500347,14
500348,0
500349,0
500350,0
500351,0
500352,17
500353,16
500354,0
500355,0
500356,15
500357,20
500358,0
500359,0
500360,0
500361,0
500362,0
500363,12
500364,0
500365,0
500366,0
500367,16
500368,0
500369,5
500370,12
500371,0
500372,0
500373,0
500374,0
500375,0
500376,0
500377,12
500378,26
500379,0
500380,15
500381,0
500382,0
500383,0
500384,23
500385,0
500386,12
500387,0
500388,14
500389,0
500390,12
500391,23
500392,0
500393,0
500394,0
500395,0
500396,0
500397,0
500398,0
500399,0
500400,0
500401,0
500402,0
500403,7
500404,7
500405,0
500406,0
500407,0
500408,11
500409,0
500410,25
500411,10
500412,0
500413,15
500414,0
500415,11
500416,14
500417,0
500418,14
500419,0
500420,0
500421,0
500422,14
500423,0
500424,0
500425,0
500426,21
500427,6
500428,0
500429,0
500430,0
500431,0
500432,0
500433,0
500434,0
500435,0
500436,15
500437,0
500438,0
500439,19
500440,0
500441,0
500442,0
500443,0
500444,0
500445,0
500446,0
500447,0
500448,0
500449,17
500450,0
500451,0
500452,0
500453,0
500454,15
500455,13
500456,0
500457,0
500458,0
500459,7
500460,0
500461,8
500462,13
500463,15
500464,0
500465,0
500466,11
500467,0
500468,15
500469,0
500470,0
500471,12
500472,0
500473,15
500474,11
500475,0
500476,0
500477,0
500478,0
500479,0
500480,0
500481,0
500482,0
500483,0
500484,6
500485,0
500486,9
500487,0
500488,0
500489,0
500490,0
500491,22
500492,0
500493,0
500494,0
500495,18
500496,20
500497,0
500498,0
500499,0
500500,0
500501,0
500502,0
500503,0
500504,0
500505,10
500506,27
500507,0
500508,0
500509,17
500510,10
500511,0
500512,0
500513,0
500514,0
500515,0
500516,0
500517,0
500518,0
500519,0
500520,7
500521,0
500522,0
500523,0
500524,0
500525,0
500526,0
500527,0
500528,0
500529,10
500530,15
500531,0
500532,0
500533,0
500534,0
500535,11
500536,0
500537,0
500538,19
500539,0
500540,0
500541,13
500542,13
500543,5
500544,0
500545,0
500546,0
500547,13
500548,0
500549,16
500550,0
500551,0
500552,0
500553,0
500554,46
500555,0
500556,0
500557,32
500558,0
500559,0
500560,0
500561,0
500562,0
500563,0
500564,0
500565,0
500566,38
500567,0
500568,0
500569,0
500570,0
500571,0
500572,0
500573,0
500574,49
500575,0
500576,0
500577,0
500578,57
500579,0
500580,0
500581,0
500582,0
500583,0
500584,0
500585,0
500586,0
500587,0
500588,0
500589,33
500590,0
500591,0
500592,31
500593,0
500594,0
500595,31
500596,39
500597,0
500598,0
500599,0
500600,0
500601,0
500602,0
500603,0
500604,0
500605,0
500606,0
500607,19
500608,0
500609,0
500610,0
500611,34
500612,0
500613,0
500614,0
500615,0
500616,0
500617,0
500618,0
500619,29
500620,0
500621,27
500622,32
500623,0
500624,0
500625,0
500626,0
500627,0
500628,33
500629,0
500630,0
500631,0
500632,0
500633,0
500634,0
500635,0
500636,0
500637,0
500638,0
500639,0
500640,0
500641,0
500642,0
500643,0
500644,0
500645,38
500646,0
500647,0
500648,0
500649,0
500650,0
500651,0
500652,26
500653,0
500654,0
500655,0
500656,0
500657,33
500658,0
500659,0
500660,32
500661,0
500662,0
500663,0
500664,0
500665,0
500666,0
500667,0
500668,0
500669,0
500670,0
500671,0
500672,0
500673,0
500674,0
500675,53
500676,44
500677,0
500678,0
500679,0
500680,0
500681,0
500682,30
500683,0
500684,0
500685,35
500686,0
500687,0
500688,0
500689,0
500690,0
500691,0
500692,34
500693,0
500694,0
500695,0
500696,0
500697,0
500698,0
500699,41
500700,0
500701,0
500702,0
500703,0
500704,0
500705,47
500706,0
500707,39
500708,0
500709,0
500710,0
500711,0
500712,0
500713,0
500714,0
500715,0
500716,0
500717,0
500718,0
500719,0
500720,0
500721,0
500722,0
500723,45
500724,0
500725,37
500726,0
500727,0
500728,0
500729,20
500730,0
500731,0
500732,0
500733,31
500734,0
500735,0
500736,0
500737,0
500738,0
500739,0
500740,0
500741,0
500742,0
500743,0
500744,0
500745,0
500746,0
500747,0
500748,0
500749,0
500750,0
500751,0
500752,0
500753,0
500754,0
500755,0
500756,0
500757,0
500758,0
500759,0
500760,0
500761,0
500762,0
500763,0
500764,0
500765,0
500766,0
500767,35
500768,0
500769,0
500770,51
500771,0
500772,0
500773,0
500774,0
500775,0
500776,0
500777,26
500778,31
500779,0
500780,33
500781,0
500782,0
500783,0
500784,0
500785,0
500786,0
500787,0
500788,0
500789,0
500790,0
500791,0
500792,0
500793,0
500794,0
500795,0
500796,0
500797,0
500798,0
500799,0
500800,0
500801,0
500802,0
500803,0
500804,0
500805,0
500806,0
500807,0
500808,0
500809,0
500810,20
500811,0
500812,0
500813,0
500814,0
500815,0
500816,0
500817,0
500818,31
500819,0
500820,0
500821,0
500822,0
500823,0
500824,0
500825,0
500826,40
500827,0
500828,0
500829,0
500830,0
500831,0
500832,0
500833,0
500834,0
500835,40
500836,0
500837,0
500838,36
500839,39
500840,0
500841,0
500842,0
500843,0
500844,0
500845,0
500846,0
500847,0
500848,0
500849,0
500850,0
500851,0
500852,0
500853,0
500854,0
500855,0
500856,0
500857,0
500858,0
500859,0
500860,0
500861,0
500862,0
500863,0
500864,0
500865,0
500866,0
500867,0
500868,0
500869,39
500870,0
500871,0
500872,0
500873,0
500874,0
500875,0
500876,40
500877,0
500878,0
500879,0
500880,46
500881,27
500882,0
500883,0
500884,0
500885,0
500886,0
500887,0
500888,0
500889,0
500890,0
500891,0
500892,33
500893,0
500894,32
500895,0
500896,0
500897,0
500898,0
500899,0
500900,0
500901,0
500902,26
500903,0
500904,40
500905,0
500906,0
500907,0
500908,0
500909,0
500910,0
500911,55
500912,0
500913,42
500914,0
500915,0
500916,33
500917,0
500918,40
500919,0
500920,0
500921,0
500922,0
500923,0
500924,0
500925,31
500926,0
500927,0
500928,0
500929,0
500930,0
500931,32
500932,35
500933,0
500934,0
500935,0
500936,0
500937,0
500938,0
500939,0
500940,0
500941,0
500942,30
500943,0
500944,0
500945,0
500946,0
500947,0
500948,0
500949,0
500950,0
500951,0
500952,0
500953,0
500954,0
500955,0
500956,0
500957,0
500958,0
500959,0
500960,0
500961,0
500962,0
500963,0
500964,0
500965,0
500966,0
500967,51
500968,0
500969,0
500970,0
500971,0
500972,0
500973,0
500974,0
500975,0
500976,0
500977,0
500978,0
500979,0
500980,0
500981,0
500982,0
500983,0
500984,0
500985,0
500986,0
500987,0
500988,0
500989,24
500990,0
500991,0
500992,0
500993,0
500994,0
500995,0
500996,0
500997,0
500998,25
500999,0
501000,0
501001,0
501002,0
501003,35
501004,0
501005,0
501006,0
501007,0
501008,0
501009,0
501010,0
501011,0
501012,0
501013,0
501014,0
501015,0
501016,0
501017,0
501018,0
501019,0
501020,0
501021,0
501022,0
501023,0
501024,0
501025,0
501026,0
501027,0
501028,30
501029,0
501030,0
501031,0
501032,0
501033,0
501034,0
501035,0
501036,0
501037,0
501038,0
501039,0
501040,0
501041,0
501042,0
501043,0
501044,0
501045,0
501046,36
501047,0
501048,0
501049,0
501050,0
501051,0
501052,44
501053,37
501054,0
501055,0
501056,0
501057,0
501058,0
501059,0
501060,0
501061,0
501062,0
501063,0
501064,0
501065,0
501066,0
501067,0
501068,0
501069,0
501070,0
501071,0
501072,0
501073,0
501074,17
501075,0
501076,0
501077,0
501078,0
501079,29
501080,0
501081,0
501082,0
501083,0
501084,0
501085,29
501086,0
501087,0
501088,0
501089,0
501090,0
501091,0
501092,0
501093,0
501094,0
501095,36
501096,0
501097,0
501098,0
501099,0
501100,0
501101,0
501102,0
501103,0
501104,0
501105,0
501106,0
501107,0
501108,0
501109,0
501110,0
501111,0
501112,0
501113,0
501114,0
501115,0
501116,0
501117,0
501118,0
501119,0
501120,29
501121,38
501122,0
501123,0
501124,0
501125,0
501126,0
501127,0
501128,0
501129,0
501130,0
501131,0
501132,0
501133,0
501134,0
501135,0
501136,0
501137,0
501138,0
501139,0
501140,0
501141,0
501142,24
501143,0
501144,0
501145,0
501146,0
501147,33
501148,20
501149,0
501150,0
501151,0
501152,0
501153,0
501154,0
501155,29
501156,0
501157,0
501158,0
501159,0
501160,0
501161,0
501162,0
501163,0
501164,0
501165,0
501166,0
501167,0
501168,41
501169,0
501170,0
501171,0
501172,0
501173,0
501174,0
501175,44
501176,0
501177,0
501178,0
501179,32
501180,0
501181,0
501182,0
501183,42
501184,40
501185,0
501186,42
501187,0
501188,0
501189,0
501190,0
501191,0
501192,0
501193,0
501194,0
501195,0
501196,25
501197,0
501198,0
501199,0
501200,50
501201,0
501202,0
501203,0
501204,0
501205,0
501206,0
501207,0
501208,0
501209,0
501210,0
501211,0
501212,0
501213,0
501214,0
501215,0
501216,31
501217,0
501218,0
501219,0
501220,0
501221,0
501222,0
501223,0
501224,0
501225,0
501226,0
501227,0
501228,0
501229,0
501230,0
501231,0
501232,0
501233,25
501234,0
501235,0
501236,0
501237,0
501238,0
501239,0
501240,0
501241,0
501242,0
501243,0
501244,0
501245,27
501246,0
501247,0
501248,17
501249,0
501250,0
501251,0
501252,0
501253,0
501254,0
501255,0
501256,26
501257,27
501258,0
501259,0
501260,51
501261,23
501262,27
501263,27
501264,30
501265,0
501266,0
501267,0
501268,0
501269,0
501270,0
501271,23
501272,0
501273,0
501274,0
501275,29
501276,0
501277,0
501278,0
501279,0
501280,0
501281,0
501282,0
501283,34
501284,0
501285,0
501286,0
501287,32
501288,0
501289,0
501290,0
501291,0
501292,27
501293,0
501294,0
501295,28
501296,0
501297,0
501298,38
501299,0
501300,14
501301,0
501302,0
501303,0
501304,0
501305,0
501306,28
501307,0
501308,33
501309,0
501310,29
501311,0
501312,0
501313,0
501314,28
501315,0
501316,0
501317,0
501318,0
501319,18
501320,0
501321,0
501322,0
501323,0
501324,0
501325,0
501326,0
501327,35
501328,0
501329,0
501330,0
501331,19
501332,0
501333,0
501334,0
501335,0
501336,0
501337,31
501338,27
501339,0
501340,0
501341,0
501342,0
501343,0
501344,0
501345,0
501346,0
501347,0
501348,0
501349,0
501350,0
501351,35
501352,0
501353,0
501354,0
501355,37
501356,30
501357,0
501358,23
501359,0
501360,47
501361,29
501362,0
501363,0
501364,0
501365,0
501366,0
501367,0
501368,0
501369,0
501370,0
501371,29
501372,0
501373,30
501374,24
501375,21
501376,20
501377,20
501378,0
501379,29
501380,0
501381,0
501382,0
501383,0
501384,16
501385,0
501386,21
501387,0
501388,0
501389,25
501390,34
501391,31
501392,0
501393,0
501394,20
501395,0
501396,0
501397,16
501398,0
501399,0
501400,0
501401,0
501402,0
501403,36
501404,0
501405,0
501406,0
501407,22
501408,0
501409,0
501410,28
501411,0
501412,34
501413,17
501414,0
501415,0
501416,0
501417,0
501418,17
501419,39
501420,0
501421,0
501422,0
501423,15
501424,0
501425,29
501426,19
501427,0
501428,0
501429,8
501430,0
501431,34
501432,25
501433,0
501434,28
501435,0
501436,0
501437,0
501438,42
501439,31
501440,13
501441,0
501442,0
501443,21
501444,0
501445,30
501446,0
501447,0
501448,0
501449,0
501450,25
501451,0
501452,28
501453,0
501454,0
501455,0
501456,19
501457,16
501458,0
501459,0
501460,0
501461,35
501462,0
501463,0
501464,0
501465,0
501466,0
501467,0
501468,19
501469,0
501470,31
501471,0
501472,0
501473,0
501474,30
501475,19
501476,18
501477,0
501478,0
501479,0
501480,39
501481,0
501482,0
501483,0
501484,24
501485,27
501486,0
501487,0
501488,23
501489,0
501490,27
501491,0
501492,0
501493,35
501494,0
501495,0
501496,0
501497,0
501498,0
501499,28
501500,36
501501,0
501502,13
501503,0
501504,0
501505,0
501506,13
501507,0
501508,0
501509,0
501510,0
501511,0
501512,0
501513,14
501514,34
501515,27
501516,0
501517,0
501518,0
501519,0
501520,0
501521,0
501522,0
501523,0
501524,0
501525,0
501526,0
501527,0
501528,0
501529,0
501530,0
501531,0
501532,19
501533,0
501534,0
501535,0
501536,27
501537,0
501538,25
501539,0
501540,0
501541,0
501542,42
501543,22
501544,24
501545,27
501546,0
501547,0
501548,0
501549,0
501550,0
501551,0
501552,0
501553,38
501554,0
501555,0
501556,0
501557,0
501558,0
501559,0
501560,0
501561,0
501562,0
501563,0
501564,0
501565,15
501566,0
501567,0
501568,0
501569,0
501570,32
501571,0
501572,21
501573,0
501574,34
501575,0
501576,0
501577,0
501578,20
501579,17
501580,0
501581,0
501582,0
501583,0
501584,0
501585,0
501586,40
501587,26
501588,20
501589,0
501590,34
501591,0
501592,22
501593,0
501594,0
501595,37
501596,0
501597,19
501598,0
501599,0
501600,0
501601,0
501602,32
501603,0
501604,0
501605,0
501606,19
501607,0
501608,0
501609,0
501610,0
501611,0
501612,0
501613,22
501614,0
501615,0
501616,23
501617,0
501618,0
501619,25
501620,0
501621,0
501622,0
501623,0
501624,0
501625,0
501626,0
501627,0
501628,0
501629,0
501630,0
501631,0
501632,0
501633,0
501634,0
501635,24
501636,31
501637,0
501638,0
501639,0
501640,22
501641,0
501642,0
501643,0
501644,0
501645,0
501646,0
501647,25
501648,0
501649,0
501650,0
501651,0
501652,0
501653,0
501654,0
501655,0
501656,0
501657,0
501658,0
501659,26
501660,15
501661,25
501662,12
501663,0
501664,0
501665,0
501666,0
501667,0
501668,0
501669,0
501670,0
501671,0
501672,0
501673,0
501674,13
501675,25
501676,0
501677,0
501678,0
501679,0
501680,14
501681,0
501682,0
501683,0
501684,0
501685,22
501686,0
501687,0
501688,0
501689,0
501690,0
501691,25
501692,21
501693,10
501694,0
501695,0
501696,18
501697,20
501698,0
501699,0
501700,0
501701,0
501702,0
501703,0
501704,0
501705,0
501706,0
501707,0
501708,0
501709,0
501710,0
501711,0
501712,0
501713,22
501714,0
501715,18
501716,0
501717,0
501718,0
501719,0
501720,0
501721,0
501722,0
501723,13
501724,0
501725,15
501726,0
501727,0
501728,17
501729,0
501730,0
501731,0
501732,0
501733,0
501734,13
501735,0
501736,0
501737,0
501738,32
501739,0
501740,0
501741,0
501742,14
501743,0
501744,0
501745,0
501746,0
501747,18
501748,0
501749,0
501750,0
501751,0
501752,0
501753,0
501754,0
501755,0
501756,0
501757,24
501758,0
501759,0
501760,0
501761,0
501762,0
501763,0
501764,0
501765,0
501766,0
501767,0
501768,0
501769,15
501770,16
501771,0
501772,0
501773,24
501774,0
501775,13
501776,0
501777,0
501778,0
501779,0
501780,0
501781,0
501782,0
501783,0
501784,0
501785,0
501786,0
501787,0
501788,0
501789,0
501790,0
501791,0
501792,0
501793,0
501794,0
501795,23
501796,0
501797,0
501798,0
501799,0
501800,0
501801,0
501802,0
501803,0
501804,0
501805,0
501806,0
501807,0
501808,0
501809,0
501810,0
501811,0
501812,0
501813,0
501814,0
501815,0
501816,0
501817,0
501818,0
501819,0
501820,0
501821,0
501822,0
501823,0
501824,0
501825,0
501826,0
501827,0
501828,0
501829,0
501830,0
501831,15
501832,18
501833,0
501834,0
501835,0
501836,0
501837,0
501838,40
501839,0
501840,0
501841,0
501842,0
501843,0
501844,0
501845,0
501846,0
501847,0
501848,31
501849,0
501850,0
501851,0
501852,0
501853,0
501854,0
501855,31
501856,0
501857,0
501858,0
501859,34
501860,0
501861,0
501862,0
501863,0
501864,0
501865,20
501866,0
501867,0
501868,31
501869,0
501870,59
501871,0
501872,0
501873,0
501874,0
501875,28
501876,32
501877,0
501878,0
501879,0
501880,0
501881,39
501882,29
501883,0
501884,0
501885,0
501886,0
501887,0
501888,0
501889,0
501890,0
501891,35
501892,0
501893,0
501894,44
501895,0
501896,0
501897,0
501898,0
501899,0
501900,32
501901,0
501902,0
501903,0
501904,40
501905,0
501906,0
501907,0
501908,0
501909,0
501910,0
501911,46
501912,20
501913,34
501914,0
501915,0
501916,32
501917,0
501918,0
501919,0
501920,19
501921,40
501922,30
501923,0
501924,0
501925,0
501926,0
501927,27
501928,0
501929,0
501930,0
501931,0
501932,0
501933,29
501934,0
501935,0
501936,0
501937,17
501938,0
501939,0
501940,0
501941,0
501942,0
501943,0
501944,33
501945,0
501946,0
501947,0
501948,0
501949,0
501950,21
501951,30
501952,0
501953,46
501954,0
501955,36
501956,46
501957,0
501958,0
501959,29
501960,0
501961,32
501962,0
501963,0
501964,0
501965,0
501966,35
501967,34
501968,0
501969,0
501970,0
501971,0
501972,0
501973,0
501974,28
501975,0
501976,0
501977,0
501978,22
501979,33
501980,0
501981,0
501982,34
501983,33
501984,27
501985,33
501986,0
501987,41
501988,0
501989,0
501990,34
501991,0
501992,0
501993,0
501994,0
501995,0
501996,0
501997,26
501998,32
501999,0
502000,0
502001,0
502002,0
502003,23
502004,31
502005,36
502006,0
502007,0
502008,34
502009,0
502010,0
502011,0
502012,0
502013,0
502014,0
502015,0
502016,29
502017,0
502018,0
502019,0
502020,0
502021,0
502022,0
502023,0
502024,0
502025,0
502026,43
502027,0
502028,0
502029,0
502030,17
502031,0
502032,26
502033,0
502034,37
502035,0
502036,0
502037,0
502038,24
502039,39
502040,24
502041,0
502042,0
502043,0
502044,0
502045,34
502046,0
502047,21
502048,34
502049,42
502050,37
502051,38
502052,0
502053,0
502054,40
502055,0
502056,0
502057,0
502058,23
502059,0
502060,0
502061,32
502062,20
502063,23
502064,0
502065,31
502066,0
502067,0
502068,0
502069,0
502070,0
502071,29
502072,0
502073,0
502074,0
502075,0
502076,34
502077,28
502078,0
502079,0
502080,0
502081,31
502082,31
502083,0
502084,0
502085,0
502086,0
502087,0
502088,0
502089,0
502090,0
502091,0
502092,31
502093,21
502094,0
502095,0
502096,0
502097,0
502098,27
502099,0
502100,0
502101,0
502102,0
502103,0
502104,0
502105,0
502106,0
502107,0
502108,0
502109,0
502110,0
502111,0
502112,31
502113,31
502114,0
502115,45
502116,0
502117,0
502118,0
502119,0
502120,0
502121,0
502122,0
502123,0
502124,0
502125,0
502126,0
502127,0
502128,0
502129,0
502130,28
502131,0
502132,20
502133,0
502134,0
502135,0
502136,0
502137,0
502138,0
502139,0
502140,0
502141,0
502142,0
502143,0
502144,0
502145,0
502146,0
502147,19
502148,0
502149,0
502150,0
502151,0
502152,27
502153,0
502154,0
502155,20
502156,26
502157,0
502158,0
502159,0
502160,0
502161,0
502162,0
502163,0
502164,0
502165,0
502166,0
502167,0
502168,25
502169,0
502170,45
502171,44
502172,0
502173,39
502174,30
502175,25
502176,0
502177,0
502178,30
502179,0
502180,0
502181,0
502182,0
502183,0
502184,0
502185,0
502186,0
502187,0
502188,18
502189,0
502190,0
502191,24
502192,0
502193,0
502194,38
502195,0
502196,0
502197,0
502198,0
502199,34
502200,0
502201,0
502202,0
502203,0
502204,0
502205,0
502206,0
502207,0
502208,0
502209,0
502210,0
502211,27
502212,0
502213,32
502214,0
502215,0
502216,0
502217,0
502218,0
502219,0
502220,24
502221,0
502222,0
502223,0
502224,35
502225,0
502226,0
502227,0
502228,0
502229,0
502230,0
502231,0
502232,0
502233,0
502234,0
502235,0
502236,0
502237,0
502238,0
502239,0
502240,37
502241,0
502242,29
502243,43
502244,0
502245,0
502246,0
502247,0
502248,28
502249,0
502250,0
502251,0
502252,0
502253,0
502254,0
502255,34
502256,0
502257,30
502258,0
502259,0
502260,0
502261,0
502262,0
502263,0
502264,0
502265,0
502266,0
502267,0
502268,0
502269,0
502270,33
502271,0
502272,0
502273,0
502274,0
502275,0
502276,0
502277,0
502278,0
502279,34
502280,0
502281,0
502282,0
502283,39
502284,0
502285,0
502286,0
502287,0
502288,31
502289,0
502290,0
502291,0
502292,0
502293,0
502294,0
502295,30
502296,0
502297,39
502298,0
502299,28
502300,0
502301,37
502302,0
502303,0
502304,0
502305,0
502306,0
502307,0
502308,0
502309,0
502310,0
502311,0
502312,0
502313,0
502314,0
502315,0
502316,0
502317,0
502318,20
502319,0
502320,42
502321,0
502322,34
502323,40
502324,0
502325,0
502326,17
502327,0
502328,0
502329,0
502330,0
502331,0
502332,25
502333,0
502334,0
502335,0
502336,0
502337,0
502338,33
502339,41
502340,0
502341,0
502342,36
502343,0
502344,0
502345,0
502346,34
502347,0
502348,0
502349,38
502350,0
502351,21
502352,37
502353,0
502354,0
502355,0
502356,33
502357,0
502358,0
502359,29
502360,34
502361,0
502362,0
502363,0
502364,28
502365,0
502366,0
502367,0
502368,0
502369,0
502370,0
502371,0
502372,30
502373,55
502374,0
502375,45
502376,0
502377,0
502378,27
502379,49
502380,0
502381,0
502382,22
502383,0
502384,27
502385,33
502386,0
502387,0
502388,0
502389,0
502390,0
502391,0
502392,0
502393,0
502394,31
502395,38
502396,40
502397,21
502398,0
502399,0
502400,0
502401,29
502402,0
502403,0
502404,21
502405,0
502406,0
502407,0
502408,33
502409,0
502410,0
502411,20
502412,0
502413,0
502414,0
502415,20
502416,0
502417,40
502418,0
502419,0
502420,0
502421,14
502422,23
502423,0
502424,0
502425,24
502426,14
502427,26
502428,0
502429,0
502430,26
502431,20
502432,0
502433,0
502434,0
502435,0
502436,18
502437,0
502438,26
502439,0
502440,0
502441,0
502442,0
502443,34
502444,0
502445,0
502446,0
502447,0
502448,0
502449,0
502450,0
502451,0
502452,0
502453,0
502454,0
502455,38
502456,0
502457,0
502458,30
502459,42
502460,17
502461,38
502462,0
502463,27
502464,0
502465,0
502466,22
502467,0
502468,26
502469,46
502470,0
502471,0
502472,0
502473,0
502474,0
502475,39
502476,0
502477,0
502478,0
502479,45
502480,0
502481,0
502482,0
502483,0
502484,0
502485,24
502486,0
502487,0
502488,0
502489,35
502490,0
502491,0
502492,0
502493,0
502494,0
502495,0
502496,40
502497,0
502498,0
502499,34
502500,83
502501,0
502502,0
502503,0
502504,0
502505,23
502506,53
502507,35
502508,0
502509,30
502510,0
502511,30
502512,37
502513,44
502514,19
502515,0
502516,0
502517,43
502518,0
502519,0
502520,0
502521,0
502522,0
502523,0
502524,0
502525,0
502526,0
502527,0
502528,0
502529,36
502530,27
502531,0
502532,0
502533,0
502534,0
502535,0
502536,0
502537,0
502538,0
502539,0
502540,0
502541,0
502542,0
502543,0
502544,0
502545,0
502546,0
502547,0
502548,0
502549,0
502550,0
502551,0
502552,0
502553,48
502554,0
502555,27
502556,0
502557,32
502558,60
502559,0
502560,28
502561,0
502562,0
502563,0
502564,0
502565,0
502566,0
502567,0
502568,0
502569,0
502570,0
502571,0
502572,46
502573,47
502574,0
502575,0
502576,47
502577,40
502578,0
502579,34
502580,0
502581,0
502582,0
502583,35
502584,29
502585,0
502586,0
502587,0
502588,0
502589,0
502590,0
502591,0
502592,0
502593,0
502594,0
502595,0
502596,0
502597,0
502598,0
502599,0
502600,0
502601,0
502602,43
502603,0
502604,0
502605,0
502606,0
502607,0
502608,0
502609,0
502610,28
502611,38
502612,56
502613,0
502614,0
502615,0
502616,0
502617,0
502618,0
502619,29
502620,0
502621,0
502622,0
502623,36
502624,0
502625,0
502626,0
502627,22
502628,0
502629,0
502630,44
502631,33
502632,0
502633,0
502634,0
502635,0
502636,0
502637,30
502638,19
502639,0
502640,0
502641,0
502642,34
502643,0
502644,0
502645,0
502646,0
502647,0
502648,40
502649,0
502650,0
502651,0
502652,0
502653,22
502654,0
502655,0
502656,0
502657,0
502658,0
502659,29
502660,0
502661,0
502662,0
502663,0
502664,0
502665,0
502666,0
502667,0
502668,0
502669,0
502670,0
502671,0
502672,0
502673,37
502674,0
502675,0
502676,0
502677,0
502678,0
502679,0
502680,0
502681,0
502682,0
502683,0
502684,0
502685,22
502686,0
502687,30
502688,25
502689,0
502690,34
502691,0
502692,0
502693,0
502694,41
502695,0
502696,0
502697,0
502698,0
502699,0
502700,0
502701,0
502702,0
502703,0
502704,0
502705,0
502706,0
502707,0
502708,0
502709,32
502710,0
502711,32
502712,0
502713,37
502714,0
502715,43
502716,0
502717,32
502718,0
502719,0
502720,0
502721,39
502722,0
502723,0
502724,0
502725,0
502726,30
502727,31
502728,0
502729,0
502730,0
502731,0
502732,0
502733,26
502734,0
502735,0
502736,56
502737,41
502738,0
502739,30
502740,0
502741,49
502742,66
502743,0
502744,0
502745,0
502746,0
502747,0
502748,36
502749,0
502750,0
502751,38
502752,0
502753,0
502754,0
502755,38
502756,42
502757,31
502758,0
502759,0
502760,0
502761,0
502762,21
502763,28
502764,0
502765,0
502766,32
502767,13
502768,0
502769,32
502770,0
502771,0
502772,0
502773,32
502774,0
502775,37
502776,0
502777,0
502778,0
502779,0
502780,34
502781,0
502782,0
502783,41
502784,17
502785,0
502786,0
502787,0
502788,0
502789,44
502790,47
502791,46
502792,0
502793,0
502794,0
502795,0
502796,0
502797,52
502798,0
502799,0
502800,0
502801,0
502802,0
502803,37
502804,35
502805,0
502806,37
502807,14
502808,46
502809,0
502810,15
502811,0
502812,30
502813,31
502814,33
502815,0
502816,0
502817,0
502818,37
502819,0
502820,29
502821,0
502822,0
502823,0
502824,0
502825,0
502826,0
502827,0
502828,0
502829,0
502830,0
502831,0
502832,30
502833,0
502834,0
502835,0
502836,27
502837,0
502838,0
502839,24
502840,0
502841,0
502842,0
502843,0
502844,0
502845,15
502846,28
502847,0
502848,0
502849,0
502850,0
502851,70
502852,0
502853,0
502854,0
502855,0
502856,17
502857,20
502858,0
502859,0
502860,0
502861,18
502862,0
502863,0
502864,0
502865,0
502866,17
502867,0
502868,0
502869,0
502870,0
502871,0
502872,0
502873,15
502874,13
502875,0
502876,11
502877,0
502878,8
502879,0
502880,0
502881,0
502882,0
502883,0
502884,14
502885,0
502886,17
502887,0
502888,0
502889,0
502890,13
502891,16
502892,0
502893,11
502894,0
502895,0
502896,0
502897,0
502898,0
502899,18
502900,21
502901,7
502902,0
502903,0
502904,0
502905,0
502906,6
502907,0
502908,0
502909,0
502910,0
502911,0
502912,0
502913,0
502914,0
502915,0
502916,0
502917,7
502918,0
502919,0
502920,18
502921,10
502922,0
502923,6
502924,0
502925,0
502926,17
502927,0
502928,0
502929,0
502930,21
502931,0
502932,0
502933,0
502934,17
502935,0
502936,0
502937,0
502938,0
502939,0
502940,0
502941,0
502942,0
502943,0
502944,0
502945,0
502946,27
502947,17
502948,25
502949,0
502950,0
502951,0
502952,0
502953,0
502954,0
502955,0
502956,14
502957,0
502958,0
502959,0
502960,10
502961,0
502962,0
502963,0
502964,0
502965,0
502966,0
502967,0
502968,15
502969,0
502970,0
502971,13
502972,19
502973,12
502974,19
502975,0
502976,0
502977,0
502978,12
502979,0
502980,0
502981,0
502982,0
502983,0
502984,0
502985,17
502986,0
502987,0
502988,22
502989,13
502990,0
502991,0
502992,0
502993,0
502994,0
502995,0
502996,0
502997,0
502998,0
502999,16
503000,0
503001,0
503002,0
503003,0
503004,0
503005,13
503006,0
503007,0
503008,0
503009,0
503010,0
503011,0
503012,0
503013,0
503014,11
503015,26
503016,0
503017,0
503018,0
503019,0
503020,0
503021,0
503022,0
503023,11
503024,13
503025,13
503026,13
503027,0
503028,18
503029,0
503030,0
503031,0
503032,18
503033,15
503034,0
503035,0
503036,11
503037,0
503038,0
503039,0
503040,0
503041,0
503042,0
503043,0
503044,7
503045,16
503046,0
503047,14
503048,16
503049,0
503050,6
503051,15
503052,8
503053,12
503054,12
503055,0
503056,0
503057,0
503058,17
503059,0
503060,0
503061,0
503062,0
503063,0
503064,0
503065,0
503066,0
503067,0
503068,17
503069,20
503070,0
503071,9
503072,9
503073,0
503074,0
503075,0
503076,18
503077,0
503078,6
503079,17
503080,0
503081,0
503082,0
503083,0
503084,0
503085,0
503086,0
503087,0
503088,0
503089,0
503090,0
503091,0
503092,0
503093,0
503094,0
503095,6
503096,9
503097,0
503098,0
503099,12
503100,17
503101,0
503102,10
503103,0
503104,12
503105,0
503106,0
503107,0
503108,0
503109,0
503110,0
503111,12
503112,0
503113,0
503114,8
503115,0
503116,0
503117,0
503118,0
503119,18
503120,0
503121,0
503122,15
503123,0
503124,0
503125,0
503126,0
503127,0
503128,7
503129,0
503130,0
503131,0
503132,17
503133,0
503134,13
503135,14
503136,0
503137,0
503138,0
503139,16
503140,0
503141,0
503142,0
503143,0
503144,15
503145,17
503146,0
503147,0
503148,0
503149,0
503150,0
503151,14
503152,9
503153,12
503154,8
503155,0
503156,0
503157,0
503158,0
503159,0
503160,0
503161,0
503162,17
503163,19
503164,7
503165,0
503166,0
503167,10
503168,15
503169,0
503170,0
503171,0
503172,0
503173,0
503174,0
503175,11
503176,0
503177,0
503178,0
503179,0
503180,0
503181,18
503182,10
503183,0
503184,0
503185,0
503186,0
503187,0
503188,0
503189,0
503190,0
503191,17
503192,0
503193,0
503194,12
503195,0
503196,17
503197,0
503198,0
503199,0
503200,0
503201,0
503202,0
503203,16
503204,0
503205,0
503206,0
503207,12
503208,0
503209,0
503210,0
503211,0
503212,0
503213,0
503214,0
503215,0
503216,0
503217,0
503218,0
503219,0
503220,0
503221,0
503222,0
503223,0
503224,0
503225,0
503226,15
503227,19
503228,0
503229,0
503230,0
503231,14
503232,21
503233,0
503234,17
503235,0
503236,12
503237,15
503238,0
503239,0
503240,0
503241,0
503242,0
503243,0
503244,0
503245,0
503246,0
503247,0
503248,10
503249,12
503250,0
503251,0
503252,0
503253,0
503254,0
503255,0
503256,16
503257,0
503258,0
503259,0
503260,19
503261,8
503262,10
503263,12
503264,0
503265,18
503266,7
503267,0
503268,0
503269,0
503270,0
503271,0
503272,10
503273,0
503274,0
503275,0
503276,13
503277,0
503278,0
503279,0
503280,0
503281,16
503282,0
503283,0
503284,5
503285,0
503286,14
503287,0
503288,0
503289,19
503290,0
503291,0
503292,0
503293,13
503294,0
503295,0
503296,13
503297,0
503298,0
503299,0
503300,0
503301,0
503302,0
503303,12
503304,13
503305,0
503306,0
503307,7
503308,0
503309,0
503310,16
503311,0
503312,11
503313,0
503314,0
503315,0
503316,15
503317,0
503318,0
503319,0
503320,0
503321,0
503322,0
503323,0
503324,12
503325,0
503326,0
503327,0
503328,0
503329,0
503330,0
503331,4
503332,0
503333,0
503334,0
503335,6
503336,16
503337,0
503338,0
503339,0
503340,0
503341,0
503342,6
503343,15
503344,12
503345,15
503346,0
503347,16
503348,0
503349,0
503350,0
503351,0
503352,0
503353,19
503354,0
503355,0
503356,0
503357,14
503358,0
503359,0
503360,0
503361,0
503362,6
503363,0
503364,12
503365,12
503366,0
503367,0
503368,0
503369,0
503370,0
503371,0
503372,0
503373,19
503374,0
503375,0
503376,23
503377,17
503378,0
503379,9
503380,13
503381,0
503382,0
503383,14
503384,0
503385,19
503386,0
503387,0
503388,0
503389,0
503390,0
503391,0
503392,0
503393,0
503394,0
503395,0
503396,0
503397,0
503398,0
503399,0
503400,0
503401,9
503402,0
503403,7
503404,0
503405,0
503406,14
503407,0
503408,0
503409,22
503410,15
503411,0
503412,0
503413,0
503414,0
503415,0
503416,12
503417,0
503418,0
503419,14
503420,0
503421,9
503422,0
503423,0
503424,0
503425,0
503426,14
503427,12
503428,0
503429,0
503430,0
503431,0
503432,0
503433,0
503434,12
503435,0
503436,0
503437,14
503438,0
503439,0
503440,0
503441,0
503442,11
503443,0
503444,0
503445,0
503446,0
503447,0
503448,0
503449,0
503450,0
503451,0
503452,0
503453,0
503454,0
503455,0
503456,0
503457,0
503458,0
503459,18
503460,0
503461,0
503462,0
503463,0
503464,0
503465,4
503466,10
503467,0
503468,0
503469,12
503470,0
503471,0
503472,0
503473,0
503474,0
503475,0
503476,10
503477,13
503478,0
503479,0
503480,0
503481,0
503482,0
503483,7
503484,0
503485,0
503486,0
503487,0
503488,0
503489,0
503490,12
503491,0
503492,0
503493,0
503494,15
503495,0
503496,0
503497,0
503498,0
503499,8
503500,0
503501,16
503502,0
503503,0
503504,20
503505,0
503506,0
503507,13
503508,8
503509,0
503510,0
503511,0
503512,0
503513,15
503514,0
503515,0
503516,0
503517,0
503518,0
503519,0
503520,20
503521,0
503522,11
503523,0
503524,0
503525,0
503526,19
503527,0
503528,13
503529,0
503530,17
503531,0
503532,11
503533,0
503534,0
503535,17
503536,8
503537,0
503538,14
503539,14
503540,21
503541,11
503542,0
503543,9
503544,12
503545,0
503546,17
503547,10
503548,0
503549,0
503550,8
503551,0
503552,0
503553,0
503554,13
503555,0
503556,0
503557,0
503558,10
503559,0
503560,14
503561,0
503562,0
503563,0
503564,0
503565,13
503566,0
503567,0
503568,0
503569,0
503570,0
503571,13
503572,0
503573,0
503574,7
503575,0
503576,0
503577,9
503578,0
503579,20
503580,0
503581,0
503582,12
503583,10
503584,13
503585,0
503586,0
503587,0
503588,20
503589,0
503590,0
503591,0
503592,0
503593,0
503594,0
503595,9
503596,0
503597,0
503598,12
503599,0
503600,0
503601,13
503602,17
503603,0
503604,0
503605,14
503606,0
503607,0
503608,0
503609,0
503610,11
503611,0
503612,0
503613,12
503614,0
503615,16
503616,0
503617,13
503618,0
503619,0
503620,0
503621,0
503622,0
503623,0
503624,0
503625,0
503626,0
503627,0
503628,0
503629,0
503630,0
503631,12
503632,0
503633,0
503634,0
503635,0
503636,0
503637,0
503638,0
503639,14
503640,0
503641,0
503642,0
503643,0
503644,0
503645,0
503646,0
503647,10
503648,0
503649,0
503650,0
503651,0
503652,0
503653,14
503654,0
503655,0
503656,0
503657,0
503658,0
503659,0
503660,0
503661,16
503662,0
503663,0
503664,0
503665,20
503666,0
503667,19
503668,0
503669,0
503670,13
503671,10
503672,11
503673,11
503674,0
503675,0
503676,12
503677,0
503678,0
503679,0
503680,0
503681,0
503682,12
503683,0
503684,0
503685,0
503686,0
503687,9
503688,15
503689,0
503690,0
503691,0
503692,5
503693,0
503694,0
503695,0
503696,10
503697,0
503698,0
503699,0
503700,18
503701,0
503702,0
503703,0
503704,0
503705,0
503706,0
503707,0
503708,11
503709,0
503710,0
503711,0
503712,0
503713,0
503714,0
503715,0
503716,0
503717,0
503718,13
503719,0
503720,0
503721,0
503722,0
503723,0
503724,0
503725,0
503726,0
503727,0
503728,0
503729,0
503730,0
503731,0
503732,21
503733,0
503734,0
503735,0
503736,0
503737,0
503738,36
503739,18
503740,0
503741,0
503742,0
503743,0
503744,0
503745,0
503746,0
503747,30
503748,0
503749,0
503750,32
503751,0
503752,0
503753,0
503754,0
503755,29
503756,0
503757,52
503758,0
503759,0
503760,0
503761,0
503762,0
503763,0
503764,0
503765,0
503766,0
503767,50
503768,0
503769,0
503770,0
503771,0
503772,0
503773,0
503774,0
503775,0
503776,0
503777,38
503778,34
503779,0
503780,39
503781,46
503782,37
503783,0
503784,31
503785,0
503786,0
503787,0
503788,0
503789,0
503790,35
503791,0
503792,0
503793,0
503794,54
503795,0
503796,0
503797,25
503798,37
503799,0
503800,28
503801,34
503802,0
503803,0
503804,0
503805,44
503806,0
503807,29
503808,29
503809,0
503810,0
503811,29
503812,0
503813,47
503814,0
503815,0
503816,19
503817,0
503818,27
503819,0
503820,0
503821,0
503822,0
503823,31
503824,0
503825,0
503826,0
503827,0
503828,0
503829,33
503830,0
503831,0
503832,0
503833,31
503834,0
503835,0
503836,0
503837,0
503838,0
503839,22
503840,37
503841,0
503842,0
503843,0
503844,0
503845,26
503846,53
503847,0
503848,0
503849,0
503850,0
503851,0
503852,0
503853,0
503854,0
503855,0
503856,21
503857,0
503858,0
503859,0
503860,0
503861,31
503862,0
503863,0
503864,0
503865,0
503866,0
503867,0
503868,0
503869,42
503870,0
503871,47
503872,40
503873,0
503874,0
503875,0
503876,0
503877,0
503878,44
503879,25
503880,0
503881,0
503882,0
503883,0
503884,0
503885,0
503886,49
503887,0
503888,36
503889,0
503890,0
503891,0
503892,0
503893,0
503894,26
503895,0
503896,0
503897,0
503898,0
503899,0
503900,0
503901,0
503902,0
503903,0
503904,0
503905,0
503906,0
503907,0
503908,0
503909,0
503910,37
503911,0
503912,40
503913,0
503914,0
503915,0
503916,37
503917,35
503918,0
503919,0
503920,0
503921,0
503922,34
503923,0
503924,0
503925,0
503926,0
503927,0
503928,0
503929,50
503930,0
503931,0
503932,0
503933,0
503934,0
503935,36
503936,39
503937,0
503938,0
503939,32
503940,0
503941,0
503942,45
503943,36
503944,0
503945,0
503946,0
503947,0
503948,0
503949,0
503950,21
503951,0
503952,0
503953,0
503954,0
503955,24
503956,0
503957,0
503958,30
503959,31
503960,0
503961,0
503962,0
503963,0
503964,0
503965,0
503966,0
503967,0
503968,33
503969,20
503970,0
503971,17
503972,0
503973,0
503974,0
503975,0
503976,0
503977,0
503978,0
503979,28
503980,19
503981,0
503982,0
503983,0
503984,0
503985,28
503986,31
503987,0
503988,0
503989,41
503990,0
503991,0
503992,0
503993,0
503994,0
503995,0
503996,30
503997,0
503998,0
503999,0
504000,50
504001,31
504002,19
504003,21
504004,49
504005,30
504006,0
504007,41
504008,0
504009,27
504010,0
504011,31
504012,38
504013,0
504014,45
504015,0
504016,0
504017,0
504018,0
504019,0
504020,0
504021,0
504022,0
504023,0
504024,0
504025,0
504026,33
504027,35
504028,0
504029,0
504030,0
504031,0
504032,0
504033,32
504034,0
504035,0
504036,29
504037,0
504038,0
504039,46
504040,26
504041,26
504042,0
504043,39
504044,0
504045,0
504046,38
504047,0
504048,0
504049,38
504050,42
504051,26
504052,0
504053,0
504054,40
504055,27
504056,38
504057,38
504058,0
504059,41
504060,29
504061,51
504062,38
504063,14
504064,0
504065,0
504066,0
504067,0
504068,0
504069,0
504070,0
504071,0
504072,0
504073,0
504074,0
504075,0
504076,0
504077,0
504078,19
504079,0
504080,27
504081,0
504082,18
504083,0
504084,0
504085,24
504086,44
504087,0
504088,25
504089,0
504090,0
504091,0
504092,33
504093,0
504094,0
504095,0
504096,0
504097,0
504098,34
504099,0
504100,0
504101,0
504102,0
504103,0
504104,0
504105,0
504106,0
504107,0
504108,0
504109,0
504110,0
504111,0
504112,24
504113,0
504114,0
504115,0
504116,0
504117,0
504118,0
504119,0
504120,0
504121,0
504122,0
504123,0
504124,0
504125,0
504126,0
504127,0
504128,0
504129,24
504130,37
504131,0
504132,0
504133,38
504134,23
504135,0
504136,0
504137,0
504138,0
504139,0
504140,0
504141,0
504142,28
504143,21
504144,29
504145,0
504146,0
504147,30
504148,0
504149,0
504150,0
504151,0
504152,0
504153,0
504154,0
504155,0
504156,0
504157,0
504158,0
504159,0
504160,47
504161,0
504162,41
504163,0
504164,0
504165,0
504166,0
504167,0
504168,0
504169,0
504170,0
504171,0
504172,0
504173,0
504174,0
504175,0
504176,23
504177,0
504178,0
504179,47
504180,0
504181,0
504182,0
504183,0
504184,0
504185,0
504186,0
504187,45
504188,0
504189,0
504190,0
504191,49
504192,0
504193,0
504194,0
504195,0
504196,38
504197,0
504198,39
504199,0
504200,46
504201,0
504202,0
504203,0
504204,41
504205,20
504206,0
504207,28
504208,51
504209,0
504210,0
504211,0
504212,0
504213,0
504214,0
504215,38
504216,35
504217,38
504218,0
504219,38
504220,0
504221,0
504222,0
504223,0
504224,0
504225,0
504226,0
504227,28
504228,19
504229,0
504230,0
504231,0
504232,42
504233,0
504234,20
504235,0
504236,0
504237,0
504238,20
504239,46
504240,35
504241,0
504242,0
504243,0
504244,0
504245,0
504246,0
504247,30
504248,29
504249,0
504250,33
504251,0
504252,37
504253,0
504254,23
504255,0
504256,0
504257,0
504258,51
504259,0
504260,0
504261,0
504262,0
504263,0
504264,0
504265,41
504266,0
504267,0
504268,0
504269,0
504270,0
504271,26
504272,24
504273,0
504274,0
504275,0
504276,0
504277,0
504278,0
504279,0
504280,0
504281,0
504282,0
504283,0
504284,0
504285,0
504286,28
504287,0
504288,0
504289,0
504290,0
504291,0
504292,0
504293,0
504294,34
504295,0
504296,34
504297,0
504298,31
504299,35
504300,0
504301,55
504302,0
504303,34
504304,0
504305,0
504306,46
504307,24
504308,0
504309,0
504310,0
504311,0
504312,0
504313,0
504314,64
504315,0
504316,0
504317,0
504318,0
504319,0
504320,27
504321,0
504322,32
504323,0
504324,0
504325,46
504326,0
504327,0
504328,27
504329,0
504330,0
504331,0
504332,0
504333,0
504334,0
504335,0
504336,0
504337,0
504338,0
504339,0
504340,42
504341,0
504342,0
504343,0
504344,24
504345,45
504346,20
504347,0
504348,0
504349,0
504350,0
504351,0
504352,0
504353,24
504354,33
504355,0
504356,28
504357,27
504358,0
504359,0
504360,0
504361,35
504362,0
504363,20
504364,0
504365,0
504366,44
504367,0
504368,0
504369,0
504370,0
504371,39
504372,41
504373,46
504374,20
504375,0
504376,26
504377,0
504378,0
504379,26
504380,0
504381,0
504382,27
504383,27
504384,36
504385,30
504386,13
504387,0
504388,28
504389,0
504390,0
504391,0
504392,24
504393,0
504394,0
504395,33
504396,0
504397,0
504398,31
504399,0
504400,40
504401,31
504402,0
504403,0
504404,0
504405,0
504406,0
504407,0
504408,27
504409,0
504410,27
504411,0
504412,0
504413,0
504414,0
504415,0
504416,0
504417,0
504418,0
504419,0
504420,0
504421,0
504422,0
504423,0
504424,0
504425,34
504426,38
504427,0
504428,0
504429,0
504430,0
504431,0
504432,0
504433,0
504434,0
504435,32
504436,0
504437,0
504438,0
504439,0
504440,30
504441,0
504442,64
504443,34
504444,0
504445,0
504446,49
504447,41
504448,0
504449,0
504450,29
504451,0
504452,0
504453,0
504454,0
504455,0
504456,0
504457,0
504458,0
504459,23
504460,22
504461,0
504462,0
504463,0
504464,0
504465,24
504466,27
504467,0
504468,0
504469,0
504470,0
504471,0
504472,0
504473,0
504474,0
504475,0
504476,33
504477,43
504478,0
504479,30
504480,0
504481,22
504482,0
504483,0
504484,0
504485,0
504486,0
504487,31
504488,0
504489,26
504490,0
504491,0
504492,0
504493,0
504494,32
504495,0
504496,0
504497,0
504498,0
504499,0
504500,0
504501,0
504502,0
504503,0
504504,0
504505,0
504506,32
504507,0
504508,0
504509,0
504510,43
504511,0
504512,0
504513,0
504514,0
504515,0
504516,0
504517,0
504518,0
504519,45
504520,0
504521,33
504522,0
504523,34
504524,0
504525,0
504526,0
504527,0
504528,24
504529,38
504530,0
504531,0
504532,16
504533,0
504534,0
504535,0
504536,0
504537,25
504538,37
504539,35
504540,0
504541,21
504542,0
504543,45
504544,0
504545,29
504546,0
504547,0
504548,0
504549,29
504550,0
504551,0
504552,0
504553,0
504554,0
504555,0
504556,0
504557,0
504558,0
504559,0
504560,35
504561,0
504562,27
504563,0
504564,0
504565,29
504566,0
504567,0
504568,0
504569,0
504570,0
504571,0
504572,35
504573,56
504574,0
504575,29
504576,0
504577,0
504578,29
504579,0
504580,0
504581,0
504582,0
504583,0
504584,32
504585,0
504586,0
504587,0
504588,0
504589,0
504590,0
504591,0
504592,0
504593,35
504594,33
504595,0
504596,0
504597,0
504598,0
504599,0
504600,0
504601,0
504602,29
504603,0
504604,0
504605,0
504606,28
504607,0
504608,35
504609,0
504610,0
504611,0
504612,0
504613,0
504614,32
504615,0
504616,0
504617,0
504618,0
504619,0
504620,0
504621,35
504622,0
504623,0
504624,0
504625,0
504626,0
504627,0
504628,25
504629,30
504630,0
504631,0
504632,0
504633,0
504634,0
504635,22
504636,0
504637,0
504638,0
504639,0
504640,0
504641,0
504642,0
504643,0
504644,0
504645,0
504646,0
504647,44
504648,0
504649,0
504650,0
504651,0
504652,42
504653,0
504654,0
504655,0
504656,0
504657,0
504658,0
504659,34
504660,0
504661,0
504662,0
504663,0
504664,0
504665,0
504666,0
504667,0
504668,0
504669,0
504670,0
504671,0
504672,35
504673,0
504674,34
504675,0
504676,0
504677,0
504678,0
504679,0
504680,0
504681,0
504682,0
504683,0
504684,0
504685,37
504686,0
504687,0
504688,19
504689,0
504690,0
504691,0
504692,0
504693,0
504694,0
504695,0
504696,0
504697,0
504698,0
504699,0
504700,0
504701,0
504702,0
504703,0
504704,0
504705,0
504706,0
504707,0
504708,0
504709,0
504710,0
504711,0
504712,0
504713,0
504714,0
504715,0
504716,0
504717,0
504718,0
504719,0
504720,0
504721,0
504722,0
504723,0
504724,0
504725,0
504726,0
504727,0
504728,0
504729,0
504730,1
504731,0
504732,0
504733,0
504734,0
504735,0
504736,0
504737,0
504738,0
504739,0
504740,0
504741,0
504742,0
504743,0
504744,0
504745,0
504746,0
504747,0
504748,0
504749,0
504750,0
504751,0
504752,0
504753,0
504754,0
504755,0
504756,0
504757,0
504758,0
504759,0
504760,0
504761,0
504762,0
504763,0
504764,0
504765,0
504766,0
504767,0
504768,0
504769,0
504770,0
504771,0
504772,0
504773,0
504774,0
504775,0
504776,0
504777,0
504778,0
504779,0
504780,0
504781,0
504782,0
504783,0
504784,0
504785,0
504786,0
504787,0
504788,0
504789,0
504790,0
504791,0
504792,0
504793,0
504794,0
504795,0
504796,0
504797,0
504798,0
504799,0
504800,0
504801,0
504802,0
504803,0
504804,0
504805,0
504806,0
504807,0
504808,0
504809,0
504810,0
504811,0
504812,0
504813,0
504814,0
504815,0
504816,0
504817,0
504818,0
504819,0
504820,0
504821,0
504822,0
504823,0
504824,0
504825,0
504826,0
504827,0
504828,0
504829,0
504830,0
504831,0
504832,0
504833,0
504834,0
504835,0
504836,0
504837,0
504838,0
504839,0
504840,0
504841,0
504842,0
504843,0
504844,0
504845,0
504846,0
504847,0
504848,0
504849,0
504850,0
504851,0
504852,0
504853,0
504854,0
504855,0
504856,0
504857,0
504858,0
504859,0
504860,0
504861,0
504862,0
504863,0
504864,0
504865,0
504866,0
504867,0
504868,0
504869,0
504870,0
504871,0
504872,0
504873,0
504874,0
504875,0
504876,0
504877,0
504878,0
504879,0
504880,0
504881,0
504882,0
504883,0
504884,0
504885,0
504886,0
504887,0
504888,0
504889,0
504890,0
504891,0
504892,0
504893,0
504894,0
504895,0
504896,0
504897,0
504898,0
504899,0
504900,0
504901,0
504902,0
504903,0
504904,0
504905,0
504906,0
504907,0
504908,0
504909,0
504910,0
504911,0
504912,0
504913,0
504914,0
504915,0
504916,0
504917,0
504918,0
504919,0
504920,0
504921,0
504922,0
504923,0
504924,0
504925,0
504926,0
504927,0
504928,0
504929,0
504930,0
504931,0
504932,0
504933,0
504934,0
504935,0
504936,0
504937,0
504938,0
504939,0
504940,0
504941,0
504942,0
504943,0
504944,0
504945,0
504946,0
504947,0
504948,0
504949,0
504950,0
504951,0
504952,0
504953,0
504954,0
504955,0
504956,0
504957,0
504958,0
504959,0
504960,0
504961,0
504962,0
504963,0
504964,0
504965,0
504966,0
504967,0
504968,0
504969,0
504970,0
504971,0
504972,0
504973,0
504974,0
504975,0
504976,0
504977,0
504978,0
504979,0
504980,0
504981,0
504982,0
504983,0
504984,0
504985,0
504986,0
504987,0
504988,0
504989,0
504990,0
504991,0
504992,0
504993,0
504994,0
504995,0
504996,0
504997,0
504998,0
504999,0
505000,0
505001,0
505002,0
505003,0
505004,0
505005,0
505006,0
505007,0
505008,0
505009,0
505010,0
505011,0
505012,0
505013,0
505014,0
505015,0
505016,0
505017,0
505018,0
505019,0
505020,0
505021,0
505022,0
505023,0
505024,0
505025,0
505026,0
505027,0
505028,0
505029,0
505030,0
505031,0
505032,0
505033,0
505034,0
505035,0
505036,0
505037,0
505038,0
505039,0
505040,0
505041,0
505042,0
505043,0
505044,0
505045,0
505046,0
505047,0
505048,0
505049,0
505050,0
505051,0
505052,0
505053,0
505054,0
505055,0
505056,0
505057,0
505058,0
505059,0
505060,0
505061,0
505062,0
505063,0
505064,0
505065,0
505066,0
505067,0
505068,0
505069,0
505070,0
505071,0
505072,0
505073,0
505074,0
505075,0
505076,0
505077,0
505078,0
505079,0
505080,0
505081,0
505082,0
505083,0
505084,1
505085,0
505086,0
505087,0
505088,0
505089,0
505090,1
505091,0
505092,0
505093,0
505094,0
505095,0
505096,0
505097,0
505098,0
505099,0
505100,0
505101,0
505102,0
505103,0
505104,0
505105,0
505106,0
505107,0
505108,0
505109,0
505110,0
505111,0
505112,0
505113,0
505114,0
505115,0
505116,0
505117,0
505118,0
505119,0
505120,0
505121,0
505122,0
505123,0
505124,0
505125,0
505126,0
505127,0
505128,0
505129,0
505130,0
505131,0
505132,0
505133,0
505134,0
505135,0
505136,0
505137,0
505138,0
505139,0
505140,0
505141,0
505142,0
505143,0
505144,0
505145,0
505146,0
505147,0
505148,0
505149,0
505150,0
505151,0
505152,0
505153,0
505154,0
505155,0
505156,0
505157,0
505158,0
505159,0
505160,0
505161,0
505162,0
505163,0
505164,0
505165,0
505166,0
505167,0
505168,0
505169,0
505170,0
505171,0
505172,0
505173,0
505174,0
505175,0
505176,0
505177,0
505178,0
505179,0
505180,0
505181,0
505182,0
505183,0
505184,0
505185,0
505186,0
505187,0
505188,0
505189,0
505190,0
505191,0
505192,0
505193,0
505194,0
505195,0
505196,0
505197,0
505198,0
505199,0
505200,0
505201,0
505202,0
505203,0
505204,0
505205,0
505206,0
505207,0
505208,0
505209,0
505210,0
505211,0
505212,0
505213,0
505214,0
505215,0
505216,0
505217,0
505218,0
505219,0
505220,0
505221,0
505222,0
505223,0
505224,0
505225,0
505226,0
505227,0
505228,0
505229,0
505230,0
505231,0
505232,0
505233,0
505234,0
505235,0
505236,0
505237,0
505238,0
505239,0
505240,0
505241,0
505242,0
505243,0
505244,0
505245,0
505246,0
505247,0
505248,0
505249,0
505250,0
505251,0
505252,0
505253,0
505254,0
505255,0
505256,0
505257,0
505258,0
505259,0
505260,0
505261,0
505262,0
505263,0
505264,0
505265,0
505266,0
505267,0
505268,0
505269,0
505270,0
505271,0
505272,0
505273,0
505274,0
505275,0
505276,0
505277,0
505278,0
505279,0
505280,0
505281,0
505282,0
505283,0
505284,0
505285,0
505286,0
505287,0
505288,0
505289,0
505290,0
505291,0
505292,0
505293,0
505294,0
505295,0
505296,0
505297,0
505298,0
505299,0
505300,0
505301,0
505302,0
505303,0
505304,0
505305,0
505306,0
505307,0
505308,0
505309,0
505310,0
505311,0
505312,0
505313,0
505314,0
505315,0
505316,0
505317,0
505318,0
505319,0
505320,0
505321,0
505322,0
505323,0
505324,0
505325,0
505326,0
505327,0
505328,0
505329,0
505330,0
505331,0
505332,0
505333,0
505334,0
505335,0
505336,0
505337,0
505338,0
505339,0
505340,0
505341,27
505342,34
505343,0
505344,0
505345,20
505346,0
505347,0
505348,0
505349,0
505350,0
505351,0
505352,0
505353,0
505354,0
505355,0
505356,0
505357,0
505358,0
505359,0
505360,0
505361,0
505362,0
505363,0
505364,0
505365,0
505366,27
505367,0
505368,0
505369,0
505370,0
505371,12
505372,0
505373,27
505374,0
505375,0
505376,0
505377,0
505378,29
505379,0
505380,0
505381,34
505382,0
505383,0
505384,0
505385,0
505386,0
505387,0
505388,0
505389,0
505390,0
505391,57
505392,0
505393,46
505394,0
505395,0
505396,0
505397,23
505398,24
505399,0
505400,0
505401,0
505402,0
505403,0
505404,0
505405,0
505406,0
505407,27
505408,0
505409,0
505410,0
505411,0
505412,0
505413,0
505414,0
505415,0
505416,31
505417,0
505418,0
505419,0
505420,0
505421,0
505422,0
505423,16
505424,0
505425,0
505426,0
505427,0
505428,0
505429,21
505430,0
505431,0
505432,30
505433,0
505434,0
505435,0
505436,0
505437,0
505438,0
505439,0
505440,21
505441,0
505442,0
505443,0
505444,0
505445,0
505446,0
505447,0
505448,0
505449,0
505450,25
505451,0
505452,0
505453,0
505454,0
505455,0
505456,0
505457,0
505458,0
505459,0
505460,0
505461,0
505462,24
505463,0
505464,0
505465,0
505466,0
505467,0
505468,0
505469,0
505470,0
505471,0
505472,0
505473,0
505474,0
505475,0
505476,0
505477,0
505478,16
505479,0
505480,0
505481,0
505482,0
505483,0
505484,0
505485,27
505486,0
505487,0
505488,0
505489,0
505490,0
505491,0
505492,0
505493,28
505494,0
505495,0
505496,0
505497,0
505498,0
505499,0
505500,0
505501,0
505502,0
505503,26
505504,0
505505,0
505506,0
505507,0
505508,0
505509,0
505510,0
505511,0
505512,22
505513,24
505514,0
505515,0
505516,0
505517,0
505518,0
505519,0
505520,0
505521,0
505522,22
505523,0
505524,0
505525,21
505526,24
505527,0
505528,24
505529,0
505530,0
505531,0
505532,14
505533,0
505534,43
505535,0
505536,0
505537,0
505538,0
505539,0
505540,0
505541,0
505542,0
505543,0
505544,0
505545,0
505546,0
505547,0
505548,0
505549,0
505550,0
505551,0
505552,0
505553,18
505554,0
505555,0
505556,0
505557,0
505558,0
505559,0
505560,0
505561,0
505562,0
505563,34
505564,23
505565,19
505566,44
505567,35
505568,38
505569,0
505570,0
505571,0
505572,0
505573,0
505574,0
505575,0
505576,0
505577,0
505578,0
505579,0
505580,0
505581,27
505582,25
505583,22
505584,0
505585,0
505586,0
505587,0
505588,0
505589,0
505590,0
505591,0
505592,0
505593,0
505594,0
505595,0
505596,0
505597,0
505598,0
505599,0
505600,23
505601,40
505602,0
505603,0
505604,35
505605,0
505606,0
505607,0
505608,0
505609,0
505610,0
505611,40
505612,0
505613,0
505614,0
505615,0
505616,0
505617,39
505618,0
505619,0
505620,0
505621,0
505622,0
505623,0
505624,0
505625,0
505626,0
505627,30
505628,0
505629,0
505630,0
505631,0
505632,40
505633,0
505634,0
505635,0
505636,0
505637,17
505638,0
505639,0
505640,0
505641,0
505642,0
505643,0
505644,0
505645,0
505646,0
505647,0
505648,0
505649,0
505650,45
505651,0
505652,35
505653,0
505654,0
505655,0
505656,0
505657,0
505658,0
505659,0
505660,0
505661,0
505662,0
505663,0
505664,0
505665,0
505666,0
505667,16
505668,0
505669,0
505670,0
505671,0
505672,0
505673,0
505674,0
505675,0
505676,0
505677,0
505678,0
505679,0
505680,0
505681,0
505682,0
505683,0
505684,0
505685,0
505686,0
505687,40
505688,0
505689,0
505690,0
505691,0
505692,0
505693,0
505694,0
505695,0
505696,51
505697,0
505698,0
505699,0
505700,0
505701,0
505702,0
505703,0
505704,0
505705,0
505706,0
505707,0
505708,0
505709,0
505710,0
505711,0
505712,40
505713,0
505714,0
505715,0
505716,0
505717,0
505718,0
505719,0
505720,0
505721,0
505722,0
505723,0
505724,25
505725,0
505726,0
505727,0
505728,0
505729,31
505730,0
505731,0
505732,0
505733,0
505734,0
505735,0
505736,0
505737,0
505738,0
505739,0
505740,0
505741,0
505742,0
505743,0
505744,0
505745,0
505746,0
505747,29
505748,0
505749,0
505750,0
505751,0
505752,0
505753,0
505754,17
505755,26
505756,27
505757,7
505758,0
505759,0
505760,33
505761,0
505762,17
505763,0
505764,19
505765,0
505766,12
505767,0
505768,27
505769,0
505770,23
505771,13
505772,17
505773,0
505774,0
505775,0
505776,0
505777,0
505778,0
505779,23
505780,0
505781,0
505782,0
505783,0
505784,0
505785,0
505786,0
505787,0
505788,13
505789,0
505790,0
505791,19
505792,0
505793,21
505794,0
505795,9
505796,0
505797,0
505798,0
505799,0
505800,13
505801,0
505802,14
505803,19
505804,23
505805,0
505806,0
505807,0
505808,0
505809,8
505810,16
505811,0
505812,18
505813,0
505814,0
505815,0
505816,32
505817,25
505818,0
505819,0
505820,0
505821,0
505822,0
505823,0
505824,0
505825,0
505826,26
505827,23
505828,30
505829,0
505830,16
505831,0
505832,23
505833,0
505834,0
505835,20
505836,0
505837,22
505838,35
505839,0
505840,28
505841,0
505842,0
505843,0
505844,0
505845,10
505846,0
505847,0
505848,0
505849,0
505850,20
505851,0
505852,0
505853,21
505854,0
505855,0
505856,0
505857,0
505858,17
505859,0
505860,0
505861,0
505862,0
505863,0
505864,0
505865,0
505866,0
505867,0
505868,0
505869,0
505870,0
505871,0
505872,0
505873,0
505874,0
505875,0
505876,18
505877,0
505878,0
505879,0
505880,31
505881,0
505882,0
505883,15
505884,0
505885,0
505886,0
505887,0
505888,0
505889,0
505890,16
505891,0
505892,0
505893,0
505894,0
505895,0
505896,0
505897,0
505898,0
505899,28
505900,0
505901,20
505902,0
505903,0
505904,0
505905,0
505906,0
505907,33
505908,0
505909,0
505910,0
505911,0
505912,0
505913,0
505914,22
505915,14
505916,0
505917,0
505918,30
505919,0
505920,0
505921,0
505922,0
505923,0
505924,0
505925,0
505926,0
505927,0
505928,0
505929,0
505930,0
505931,17
505932,0
505933,0
505934,0
505935,22
505936,0
505937,0
505938,19
505939,0
505940,13
505941,0
505942,0
505943,0
505944,15
505945,0
505946,13
505947,0
505948,8
505949,0
505950,0
505951,34
505952,23
505953,0
505954,0
505955,0
505956,0
505957,0
505958,29
505959,22
505960,18
505961,0
505962,0
505963,0
505964,0
505965,0
505966,15
505967,0
505968,21
505969,0
505970,24
505971,30
505972,0
505973,26
505974,0
505975,0
505976,24
505977,0
505978,23
505979,20
505980,0
505981,0
505982,21
505983,20
505984,18
505985,0
505986,0
505987,0
505988,0
505989,0
505990,15
505991,15
505992,0
505993,0
505994,6
505995,0
505996,0
505997,0
505998,0
505999,0
506000,0
506001,0
506002,39
506003,0
506004,0
506005,0
506006,0
506007,0
506008,0
506009,0
506010,0
506011,0
506012,0
506013,0
506014,0
506015,0
506016,0
506017,0
506018,14
506019,19
506020,0
506021,0
506022,19
506023,17
506024,0
506025,0
506026,0
506027,0
506028,0
506029,0
506030,0
506031,0
506032,0
506033,0
506034,0
506035,0
506036,0
506037,0
506038,10
506039,0
506040,0
506041,12
506042,0
506043,35
506044,21
506045,16
506046,0
506047,16
506048,0
506049,0
506050,0
506051,0
506052,0
506053,0
506054,0
506055,29
506056,24
506057,18
506058,0
506059,0
506060,27
506061,0
506062,0
506063,0
506064,0
506065,0
506066,0
506067,10
506068,14
506069,0
506070,0
506071,0
506072,0
506073,35
506074,0
506075,0
506076,0
506077,0
506078,0
506079,18
506080,0
506081,0
506082,0
506083,30
506084,0
506085,0
506086,0
506087,0
506088,34
506089,17
506090,0
506091,0
506092,0
506093,0
506094,23
506095,0
506096,0
506097,24
506098,0
506099,28
506100,0
506101,23
506102,0
506103,0
506104,0
506105,28
506106,0
506107,22
506108,0
506109,0
506110,18
506111,18
506112,31
506113,0
506114,0
506115,0
506116,0
506117,0
506118,0
506119,0
506120,0
506121,0
506122,0
506123,14
506124,0
506125,0
506126,0
506127,0
506128,0
506129,0
506130,0
506131,18
506132,0
506133,36
506134,0
506135,0
506136,0
506137,20
506138,0
506139,0
506140,46
506141,15
506142,0
506143,0
506144,28
506145,18
506146,35
506147,22
506148,0
506149,23
506150,36
506151,0
506152,0
506153,0
506154,17
506155,0
506156,0
506157,23
506158,0
506159,0
506160,0
506161,0
506162,0
506163,0
506164,0
506165,19
506166,0
506167,15
506168,0
506169,0
506170,0
506171,0
506172,0
506173,0
506174,0
506175,19
506176,0
506177,18
506178,0
506179,0
506180,0
506181,0
506182,0
506183,33
506184,0
506185,0
506186,0
506187,20
506188,19
506189,0
506190,0
506191,28
506192,0
506193,0
506194,15
506195,0
506196,0
506197,0
506198,13
506199,0
506200,0
506201,0
506202,0
506203,0
506204,0
506205,0
506206,35
506207,0
506208,31
506209,0
506210,0
506211,0
506212,14
506213,25
506214,37
506215,0
506216,0
506217,19
506218,0
506219,0
506220,15
506221,0
506222,0
506223,16
506224,0
506225,0
506226,29
506227,0
506228,0
506229,0
506230,0
506231,21
506232,11
506233,0
506234,0
506235,0
506236,0
506237,23
506238,0
506239,0
506240,0
506241,15
506242,0
506243,0
506244,32
506245,0
506246,0
506247,6
506248,0
506249,45
506250,0
506251,0
506252,0
506253,25
506254,0
506255,0
506256,0
506257,20
506258,0
506259,0
506260,24
506261,0
506262,27
506263,0
506264,0
506265,0
506266,0
506267,0
506268,0
506269,9
506270,38
506271,0
506272,0
506273,0
506274,0
506275,16
506276,31
506277,0
506278,19
506279,0
506280,26
506281,0
506282,0
506283,0
506284,0
506285,15
506286,22
506287,33
506288,0
506289,20
506290,0
506291,0
506292,0
506293,29
506294,0
506295,8
506296,0
506297,0
506298,0
506299,0
506300,0
506301,0
506302,22
506303,21
506304,0
506305,0
506306,17
506307,0
506308,25
506309,0
506310,29
506311,0
506312,20
506313,0
506314,13
506315,0
506316,0
506317,0
506318,0
506319,0
506320,0
506321,0
506322,0
506323,0
506324,0
506325,27
506326,0
506327,0
506328,0
506329,0
506330,0
506331,0
506332,0
506333,0
506334,0
506335,21
506336,29
506337,0
506338,0
506339,28
506340,0
506341,0
506342,0
506343,19
506344,29
506345,17
506346,0
506347,0
506348,0
506349,0
506350,0
506351,0
506352,0
506353,0
506354,0
506355,0
506356,33
506357,24
506358,0
506359,0
506360,0
506361,17
506362,0
506363,15
506364,37
506365,0
506366,0
506367,0
506368,21
506369,29
506370,26
506371,0
506372,20
506373,0
506374,0
506375,24
506376,20
506377,0
506378,0
506379,0
506380,31
506381,0
506382,0
506383,0
506384,13
506385,0
506386,0
506387,0
506388,0
506389,16
506390,0
506391,0
506392,0
506393,21
506394,14
506395,29
506396,0
506397,0
506398,0
506399,0
506400,0
506401,0
506402,16
506403,0
506404,0
506405,0
506406,0
506407,29
506408,0
506409,0
506410,0
506411,0
506412,0
506413,21
506414,0
506415,25
506416,0
506417,0
506418,26
506419,0
506420,0
506421,22
506422,26
506423,0
506424,26
506425,12
506426,0
506427,0
506428,0
506429,0
506430,0
506431,0
506432,0
506433,0
506434,0
506435,5
506436,0
506437,0
506438,0
506439,0
506440,6
506441,2
506442,0
506443,0
506444,0
506445,0
506446,0
506447,0
506448,0
506449,0
506450,0
506451,2
506452,0
506453,0
506454,0
506455,0
506456,0
506457,0
506458,0
506459,7
506460,0
506461,0
506462,0
506463,0
506464,0
506465,0
506466,6
506467,2
506468,0
506469,0
506470,0
506471,5
506472,3
506473,9
506474,0
506475,0
506476,0
506477,0
506478,0
506479,3
506480,0
506481,0
506482,0
506483,0
506484,0
506485,0
506486,0
506487,0
506488,0
506489,3
506490,2
506491,0
506492,0
506493,4
506494,2
506495,0
506496,0
506497,0
506498,5
506499,0
506500,0
506501,0
506502,0
506503,0
506504,0
506505,0
506506,0
506507,0
506508,0
506509,3
506510,0
506511,0
506512,0
506513,1
506514,0
506515,0
506516,3
506517,3
506518,0
506519,0
506520,0
506521,0
506522,6
506523,3
506524,2
506525,5
506526,0
506527,0
506528,4
506529,0
506530,2
506531,0
506532,0
506533,2
506534,0
506535,0
506536,7
506537,0
506538,0
506539,4
506540,0
506541,0
506542,0
506543,0
506544,0
506545,0
506546,0
506547,0
506548,3
506549,4
506550,0
506551,1
506552,0
506553,0
506554,0
506555,0
506556,0
506557,0
506558,0
506559,0
506560,0
506561,2
506562,0
506563,4
506564,0
506565,0
506566,0
506567,0
506568,0
506569,2
506570,0
506571,0
506572,0
506573,0
506574,0
506575,3
506576,0
506577,0
506578,0
506579,0
506580,0
506581,0
506582,3
506583,0
506584,5
506585,0
506586,0
506587,0
506588,0
506589,0
506590,0
506591,3
506592,0
506593,0
506594,0
506595,0
506596,0
506597,0
506598,0
506599,0
506600,0
506601,11
506602,0
506603,0
506604,0
506605,0
506606,0
506607,0
506608,0
506609,0
506610,0
506611,0
506612,0
506613,0
506614,0
506615,0
506616,0
506617,0
506618,0
506619,0
506620,0
506621,0
506622,0
506623,0
506624,0
506625,0
506626,0
506627,0
506628,0
506629,0
506630,21
506631,0
506632,0
506633,0
506634,0
506635,0
506636,0
506637,30
506638,0
506639,0
506640,27
506641,0
506642,0
506643,0
506644,0
506645,0
506646,0
506647,0
506648,0
506649,0
506650,0
506651,0
506652,0
506653,0
506654,0
506655,0
506656,0
506657,0
506658,0
506659,0
506660,0
506661,0
506662,0
506663,26
506664,0
506665,0
506666,0
506667,0
506668,0
506669,0
506670,0
506671,15
506672,0
506673,0
506674,0
506675,0
506676,0
506677,0
506678,0
506679,20
506680,0
506681,0
506682,0
506683,0
506684,0
506685,0
506686,0
506687,0
506688,0
506689,0
506690,0
506691,0
506692,0
506693,29
506694,0
506695,0
506696,0
506697,0
506698,0
506699,0
506700,0
506701,0
506702,0
506703,0
506704,0
506705,0
506706,0
506707,0
506708,0
506709,0
506710,0
506711,0
506712,40
506713,0
506714,0
506715,0
506716,0
506717,0
506718,0
506719,0
506720,0
506721,0
506722,0
506723,0
506724,0
506725,0
506726,0
506727,0
506728,0
506729,0
506730,0
506731,0
506732,0
506733,0
506734,0
506735,0
506736,0
506737,0
506738,0
506739,0
506740,0
506741,0
506742,0
506743,0
506744,0
506745,0
506746,0
506747,0
506748,0
506749,0
506750,0
506751,0
506752,0
506753,0
506754,27
506755,0
506756,0
506757,0
506758,0
506759,0
506760,14
506761,0
506762,0
506763,0
506764,0
506765,0
506766,0
506767,0
506768,0
506769,0
506770,0
506771,0
506772,0
506773,0
506774,0
506775,34
506776,0
506777,0
506778,0
506779,0
506780,0
506781,0
506782,0
506783,0
506784,0
506785,0
506786,0
506787,0
506788,0
506789,0
506790,0
506791,0
506792,0
506793,0
506794,0
506795,0
506796,0
506797,0
506798,0
506799,0
506800,0
506801,0
506802,0
506803,1
506804,0
506805,0
506806,0
506807,0
506808,0
506809,1
506810,0
506811,0
506812,0
506813,0
506814,0
506815,0
506816,0
506817,0
506818,0
506819,0
506820,0
506821,0
506822,0
506823,0
506824,0
506825,0
506826,0
506827,0
506828,0
506829,0
506830,0
506831,0
506832,0
506833,0
506834,0
506835,0
506836,0
506837,0
506838,0
506839,0
506840,0
506841,0
506842,0
506843,0
506844,0
506845,0
506846,0
506847,0
506848,0
506849,9
506850,0
506851,0
506852,1
506853,0
506854,0
506855,1
506856,0
506857,0
506858,0
506859,0
506860,0
506861,3
506862,0
506863,1
506864,0
506865,0
506866,0
506867,0
506868,0
506869,0
506870,0
506871,0
506872,0
506873,0
506874,0
506875,0
506876,4
506877,0
506878,0
506879,0
506880,0
506881,0
506882,0
506883,8
506884,0
506885,8
506886,0
506887,2
506888,0
506889,0
506890,0
506891,8
506892,0
506893,0
506894,2
506895,0
506896,0
506897,0
506898,0
506899,0
506900,0
506901,0
506902,0
506903,7
506904,0
506905,0
506906,0
506907,0
506908,0
506909,0
506910,0
506911,3
506912,0
506913,0
506914,0
506915,0
506916,0
506917,3
506918,0
506919,0
506920,0
506921,0
506922,0
506923,0
506924,3
506925,0
506926,4
506927,0
506928,0
506929,0
506930,0
506931,0
506932,0
506933,1
506934,0
506935,0
506936,0
506937,0
506938,0
506939,0
506940,0
506941,0
506942,0
506943,0
506944,0
506945,3
506946,0
506947,0
506948,4
506949,0
506950,0
506951,0
506952,2
506953,0
506954,0
506955,0
506956,0
506957,0
506958,0
506959,0
506960,0
506961,4
506962,0
506963,0
506964,0
506965,0
506966,0
506967,0
506968,1
506969,0
506970,0
506971,0
506972,0
506973,0
506974,4
506975,0
506976,0
506977,0
506978,0
506979,4
506980,0
506981,3
506982,0
506983,0
506984,0
506985,0
506986,0
506987,7
506988,0
506989,0
506990,0
506991,0
506992,0
506993,0
506994,0
506995,0
506996,0
506997,3
506998,0
506999,0
507000,2
507001,0
507002,0
507003,0
507004,0
507005,0
507006,0
507007,0
507008,0
507009,0
507010,0
507011,0
507012,3
507013,0
507014,0
507015,0
507016,0
507017,0
507018,0
507019,0
507020,0
507021,2
507022,0
507023,0
507024,0
507025,3
507026,0
507027,0
507028,0
507029,5
507030,0
507031,5
507032,0
507033,2
507034,0
507035,0
507036,0
507037,0
507038,0
507039,0
507040,0
507041,2
507042,0
507043,1
507044,0
507045,0
507046,3
507047,4
507048,0
507049,1
507050,0
507051,0
507052,0
507053,0
507054,0
507055,0
507056,0
507057,0
507058,0
507059,0
507060,0
507061,0
507062,0
507063,0
507064,0
507065,0
507066,4
507067,0
507068,3
507069,0
507070,0
507071,0
507072,0
507073,0
507074,3
507075,0
507076,0
507077,0
507078,0
507079,0
507080,0
507081,0
507082,0
507083,0
507084,4
507085,0
507086,0
507087,3
507088,0
507089,0
507090,0
507091,0
507092,0
507093,0
507094,0
507095,5
507096,5
507097,0
507098,0
507099,0
507100,0
507101,4
507102,0
507103,0
507104,0
507105,0
507106,0
507107,0
507108,0
507109,0
507110,0
507111,0
507112,0
507113,5
507114,0
507115,0
507116,0
507117,0
507118,0
507119,0
507120,0
507121,0
507122,0
507123,0
507124,0
507125,0
507126,0
507127,7
507128,0
507129,0
507130,0
507131,0
507132,0
507133,3
507134,0
507135,0
507136,0
507137,0
507138,0
507139,0
507140,0
507141,0
507142,3
507143,0
507144,1
507145,3
507146,0
507147,0
507148,0
507149,1
507150,0
507151,0
507152,0
507153,0
507154,0
507155,0
507156,0
507157,0
507158,0
507159,0
507160,0
507161,0
507162,0
507163,0
507164,4
507165,0
507166,0
507167,0
507168,0
507169,0
507170,0
507171,1
507172,0
507173,0
507174,0
507175,0
507176,4
507177,0
507178,0
507179,0
507180,0
507181,0
507182,0
507183,0
507184,1
507185,0
507186,0
507187,0
507188,0
507189,0
507190,0
507191,0
507192,0
507193,0
507194,0
507195,2
507196,3
507197,4
507198,0
507199,0
507200,0
507201,0
507202,2
507203,0
507204,0
507205,0
507206,0
507207,0
507208,0
507209,5
507210,0
507211,0
507212,0
507213,0
507214,0
507215,0
507216,0
507217,0
507218,0
507219,0
507220,0
507221,4
507222,0
507223,2
507224,0
507225,0
507226,0
507227,0
507228,0
507229,0
507230,0
507231,0
507232,3
507233,0
507234,0
507235,0
507236,0
507237,0
507238,0
507239,0
507240,0
507241,0
507242,0
507243,0
507244,0
507245,2
507246,1
507247,0
507248,0
507249,0
507250,0
507251,3
507252,0
507253,5
507254,0
507255,0
507256,4
507257,0
507258,0
507259,0
507260,5
507261,0
507262,0
507263,6
507264,0
507265,4
507266,0
507267,0
507268,0
507269,0
507270,0
507271,0
507272,0
507273,0
507274,0
507275,0
507276,0
507277,0
507278,0
507279,0
507280,0
507281,0
507282,0
507283,0
507284,4
507285,0
507286,0
507287,0
507288,7
507289,1
507290,0
507291,0
507292,0
507293,0
507294,0
507295,0
507296,0
507297,0
507298,0
507299,0
507300,0
507301,0
507302,0
507303,2
507304,0
507305,1
507306,0
507307,0
507308,0
507309,0
507310,0
507311,0
507312,1
507313,0
507314,0
507315,0
507316,0
507317,0
507318,0
507319,0
507320,0
507321,0
507322,0
507323,0
507324,0
507325,0
507326,7
507327,0
507328,0
507329,0
507330,0
507331,0
507332,0
507333,0
507334,0
507335,0
507336,2
507337,0
507338,0
507339,0
507340,0
507341,0
507342,0
507343,0
507344,0
507345,0
507346,3
507347,0
507348,0
507349,0
507350,0
507351,7
507352,0
507353,0
507354,0
507355,0
507356,0
507357,3
507358,0
507359,0
507360,0
507361,0
507362,0
507363,4
507364,0
507365,6
507366,0
507367,2
507368,0
507369,0
507370,0
507371,0
507372,0
507373,0
507374,0
507375,0
507376,2
507377,0
507378,0
507379,0
507380,0
507381,0
507382,0
507383,0
507384,0
507385,0
507386,0
507387,0
507388,0
507389,3
507390,0
507391,0
507392,0
507393,0
507394,0
507395,0
507396,0
507397,0
507398,0
507399,0
507400,0
507401,0
507402,0
507403,0
507404,0
507405,2
507406,6
507407,0
507408,3
507409,0
507410,0
507411,3
507412,0
507413,5
507414,0
507415,0
507416,5
507417,0
507418,0
507419,0
507420,0
507421,0
507422,0
507423,0
507424,0
507425,0
507426,3
507427,0
507428,0
507429,1
507430,7
507431,0
507432,0
507433,3
507434,2
507435,0
507436,0
507437,0
507438,0
507439,0
507440,4
507441,2
507442,7
507443,0
507444,0
507445,0
507446,2
507447,0
507448,0
507449,6
507450,0
507451,0
507452,0
507453,0
507454,3
507455,0
507456,0
507457,1
507458,0
507459,0
507460,0
507461,0
507462,1
507463,0
507464,0
507465,0
507466,0
507467,0
507468,0
507469,2
507470,7
507471,0
507472,0
507473,0
507474,3
507475,0
507476,0
507477,2
507478,0
507479,0
507480,0
507481,0
507482,0
507483,0
507484,0
507485,0
507486,0
507487,0
507488,0
507489,0
507490,0
507491,0
507492,0
507493,0
507494,2
507495,0
507496,0
507497,0
507498,0
507499,0
507500,0
507501,0
507502,4
507503,0
507504,0
507505,0
507506,2
507507,0
507508,0
507509,0
507510,0
507511,0
507512,4
507513,0
507514,0
507515,0
507516,0
507517,0
507518,4
507519,0
507520,0
507521,0
507522,0
507523,0
507524,0
507525,0
507526,0
507527,0
507528,6
507529,0
507530,0
507531,0
507532,0
507533,0
507534,0
507535,1
507536,0
507537,0
507538,0
507539,0
507540,0
507541,0
507542,0
507543,0
507544,0
507545,0
507546,0
507547,0
507548,0
507549,0
507550,0
507551,0
507552,0
507553,0
507554,0
507555,0
507556,0
507557,3
507558,0
507559,0
507560,0
507561,0
507562,0
507563,0
507564,0
507565,0
507566,5
507567,0
507568,0
507569,4
507570,0
507571,0
507572,0
507573,0
507574,0
507575,0
507576,0
507577,0
507578,0
507579,0
507580,0
507581,0
507582,0
507583,0
507584,3
507585,0
507586,0
507587,0
507588,0
507589,0
507590,0
507591,0
507592,0
507593,0
507594,0
507595,0
507596,0
507597,0
507598,0
507599,5
507600,0
507601,0
507602,0
507603,0
507604,0
507605,3
507606,0
507607,0
507608,0
507609,0
507610,0
507611,0
507612,0
507613,2
507614,0
507615,0
507616,0
507617,0
507618,0
507619,0
507620,0
507621,0
507622,0
507623,0
507624,4
507625,4
507626,0
507627,1
507628,0
507629,5
507630,0
507631,0
507632,0
507633,0
507634,2
507635,0
507636,0
507637,2
507638,0
507639,0
507640,3
507641,0
507642,0
507643,0
507644,0
507645,0
507646,0
507647,0
507648,0
507649,0
507650,0
507651,0
507652,6
507653,0
507654,3
507655,0
507656,0
507657,0
507658,0
507659,0
507660,23
507661,32
507662,35
507663,0
507664,0
507665,0
507666,0
507667,0
507668,31
507669,0
507670,0
507671,0
507672,0
507673,0
507674,52
507675,25
507676,0
507677,24
507678,0
507679,0
507680,0
507681,0
507682,0
507683,0
507684,45
507685,39
507686,40
507687,50
507688,43
507689,36
507690,25
507691,0
507692,0
507693,41
507694,0
507695,34
507696,0
507697,0
507698,0
507699,19
507700,41
507701,0
507702,0
507703,0
507704,0
507705,35
507706,0
507707,0
507708,0
507709,53
507710,0
507711,0
507712,34
507713,25
507714,39
507715,0
507716,0
507717,0
507718,0
507719,0
507720,0
507721,0
507722,0
507723,0
507724,0
507725,0
507726,0
507727,0
507728,0
507729,0
507730,0
507731,0
507732,0
507733,0
507734,0
507735,46
507736,0
507737,0
507738,0
507739,32
507740,36
507741,0
507742,0
507743,54
507744,0
507745,0
507746,38
507747,0
507748,24
507749,0
507750,0
507751,0
507752,0
507753,0
507754,0
507755,35
507756,34
507757,0
507758,31
507759,0
507760,0
507761,0
507762,0
507763,0
507764,0
507765,0
507766,29
507767,0
507768,29
507769,0
507770,0
507771,0
507772,0
507773,33
507774,42
507775,0
507776,0
507777,0
507778,29
507779,0
507780,0
507781,30
507782,0
507783,0
507784,26
507785,0
507786,30
507787,0
507788,0
507789,0
507790,0
507791,0
507792,44
507793,0
507794,35
507795,0
507796,0
507797,24
507798,0
507799,0
507800,52
507801,0
507802,0
507803,0
507804,24
507805,28
507806,29
507807,0
507808,0
507809,31
507810,0
507811,0
507812,32
507813,0
507814,0
507815,57
507816,0
507817,27
507818,31
507819,0
507820,0
507821,0
507822,34
507823,0
507824,32
507825,0
507826,0
507827,0
507828,0
507829,0
507830,0
507831,0
507832,0
507833,0
507834,0
507835,0
507836,0
507837,39
507838,0
507839,0
507840,0
507841,0
507842,0
507843,0
507844,0
507845,0
507846,0
507847,0
507848,0
507849,0
507850,22
507851,39
507852,0
507853,0
507854,0
507855,0
507856,0
507857,0
507858,0
507859,0
507860,0
507861,0
507862,0
507863,0
507864,0
507865,0
507866,0
507867,42
507868,0
507869,0
507870,22
507871,0
507872,39
507873,0
507874,0
507875,0
507876,0
507877,0
507878,49
507879,0
507880,0
507881,0
507882,0
507883,0
507884,0
507885,38
507886,0
507887,0
507888,0
507889,0
507890,40
507891,0
507892,0
507893,22
507894,0
507895,0
507896,37
507897,0
507898,44
507899,0
507900,0
507901,0
507902,0
507903,39
507904,0
507905,0
507906,0
507907,0
507908,0
507909,0
507910,0
507911,0
507912,0
507913,0
507914,0
507915,0
507916,0
507917,0
507918,0
507919,0
507920,35
507921,0
507922,0
507923,0
507924,33
507925,0
507926,37
507927,0
507928,0
507929,40
507930,0
507931,44
507932,0
507933,0
507934,0
507935,44
507936,35
507937,0
507938,27
507939,0
507940,0
507941,47
507942,29
507943,30
507944,0
507945,0
507946,35
507947,0
507948,25
507949,0
507950,0
507951,29
507952,0
507953,0
507954,0
507955,31
507956,0
507957,0
507958,0
507959,0
507960,0
507961,0
507962,0
507963,0
507964,0
507965,0
507966,43
507967,0
507968,0
507969,0
507970,31
507971,25
507972,0
507973,0
507974,0
507975,0
507976,0
507977,0
507978,0
507979,0
507980,0
507981,0
507982,53
507983,0
507984,0
507985,0
507986,0
507987,0
507988,0
507989,0
507990,0
507991,0
507992,0
507993,0
507994,0
507995,0
507996,0
507997,49
507998,0
507999,0
508000,41
508001,52
508002,31
508003,28
508004,0
508005,0
508006,0
508007,0
508008,0
508009,0
508010,0
508011,0
508012,0
508013,38
508014,0
508015,0
508016,0
508017,0
508018,0
508019,0
508020,0
508021,0
508022,0
508023,0
508024,0
508025,0
508026,0
508027,0
508028,0
508029,0
508030,0
508031,0
508032,0
508033,0
508034,0
508035,22
508036,0
508037,0
508038,0
508039,0
508040,0
508041,0
508042,0
508043,0
508044,0
508045,0
508046,29
508047,0
508048,0
508049,0
508050,0
508051,0
508052,0
508053,20
508054,0
508055,32
508056,0
508057,0
508058,49
508059,0
508060,34
508061,0
508062,48
508063,0
508064,41
508065,0
508066,0
508067,0
508068,0
508069,0
508070,0
508071,0
508072,40
508073,0
508074,0
508075,0
508076,37
508077,0
508078,33
508079,0
508080,0
508081,0
508082,0
508083,0
508084,0
508085,44
508086,33
508087,0
508088,0
508089,0
508090,0
508091,0
508092,0
508093,0
508094,40
508095,0
508096,0
508097,0
508098,0
508099,16
508100,0
508101,0
508102,41
508103,0
508104,0
508105,0
508106,36
508107,30
508108,0
508109,0
508110,0
508111,0
508112,41
508113,0
508114,0
508115,0
508116,0
508117,0
508118,0
508119,0
508120,33
508121,37
508122,39
508123,0
508124,0
508125,0
508126,41
508127,0
508128,0
508129,0
508130,0
508131,0
508132,42
508133,33
508134,0
508135,0
508136,0
508137,0
508138,0
508139,0
508140,0
508141,0
508142,0
508143,0
508144,0
508145,0
508146,0
508147,0
508148,0
508149,0
508150,0
508151,24
508152,0
508153,0
508154,0
508155,0
508156,0
508157,38
508158,0
508159,0
508160,35
508161,0
508162,0
508163,0
508164,30
508165,0
508166,0
508167,0
508168,0
508169,50
508170,0
508171,0
508172,0
508173,0
508174,0
508175,0
508176,0
508177,0
508178,0
508179,41
508180,0
508181,30
508182,0
508183,42
508184,39
508185,21
508186,0
508187,0
508188,27
508189,0
508190,35
508191,0
508192,49
508193,0
508194,0
508195,0
508196,41
508197,0
508198,0
508199,0
508200,0
508201,0
508202,42
508203,0
508204,57
508205,0
508206,37
508207,0
508208,0
508209,31
508210,0
508211,0
508212,0
508213,0
508214,0
508215,0
508216,0
508217,31
508218,0
508219,0
508220,0
508221,0
508222,0
508223,38
508224,0
508225,0
508226,0
508227,0
508228,0
508229,0
508230,30
508231,0
508232,0
508233,20
508234,0
508235,0
508236,0
508237,0
508238,0
508239,0
508240,38
508241,0
508242,0
508243,31
508244,26
508245,0
508246,0
508247,0
508248,0
508249,0
508250,41
508251,0
508252,60
508253,0
508254,0
508255,46
508256,0
508257,0
508258,0
508259,0
508260,0
508261,0
508262,0
508263,0
508264,27
508265,0
508266,0
508267,0
508268,21
508269,0
508270,0
508271,0
508272,38
508273,29
508274,0
508275,0
508276,30
508277,0
508278,37
508279,34
508280,0
508281,0
508282,27
508283,38
508284,25
508285,0
508286,0
508287,31
508288,27
508289,0
508290,0
508291,0
508292,0
508293,0
508294,32
508295,31
508296,0
508297,0
508298,0
508299,0
508300,0
508301,0
508302,42
508303,0
508304,0
508305,0
508306,0
508307,0
508308,0
508309,0
508310,40
508311,27
508312,0
508313,31
508314,0
508315,0
508316,0
508317,0
508318,0
508319,0
508320,0
508321,0
508322,0
508323,28
508324,37
508325,47
508326,0
508327,0
508328,0
508329,0
508330,53
508331,31
508332,0
508333,0
508334,21
508335,0
508336,36
508337,0
508338,0
508339,0
508340,21
508341,0
508342,0
508343,0
508344,45
508345,0
508346,0
508347,0
508348,0
508349,0
508350,33
508351,0
508352,0
508353,0
508354,0
508355,29
508356,0
508357,0
508358,0
508359,0
508360,0
508361,0
508362,0
508363,0
508364,13
508365,23
508366,0
508367,0
508368,0
508369,0
508370,0
508371,0
508372,0
508373,0
508374,0
508375,0
508376,40
508377,0
508378,0
508379,35
508380,0
508381,0
508382,0
508383,0
508384,0
508385,0
508386,35
508387,0
508388,0
508389,0
508390,37
508391,0
508392,0
508393,0
508394,0
508395,0
508396,18
508397,34
508398,0
508399,0
508400,0
508401,0
508402,0
508403,0
508404,0
508405,0
508406,0
508407,0
508408,0
508409,24
508410,26
508411,35
508412,0
508413,0
508414,0
508415,0
508416,0
508417,29
508418,0
508419,21
508420,36
508421,0
508422,0
508423,0
508424,0
508425,0
508426,0
508427,0
508428,0
508429,0
508430,32
508431,0
508432,43
508433,0
508434,0
508435,0
508436,0
508437,0
508438,26
508439,0
508440,0
508441,0
508442,0
508443,0
508444,0
508445,0
508446,0
508447,0
508448,19
508449,0
508450,0
508451,0
508452,0
508453,0
508454,0
508455,0
508456,0
508457,0
508458,0
508459,37
508460,0
508461,0
508462,13
508463,34
508464,0
508465,0
508466,0
508467,0
508468,0
508469,0
508470,0
508471,0
508472,0
508473,32
508474,0
508475,0
508476,0
508477,0
508478,0
508479,0
508480,0
508481,0
508482,0
508483,0
508484,18
508485,0
508486,0
508487,0
508488,0
508489,0
508490,0
508491,18
508492,0
508493,0
508494,0
508495,0
508496,0
508497,0
508498,0
508499,35
508500,0
508501,0
508502,0
508503,0
508504,0
508505,0
508506,0
508507,35
508508,0
508509,0
508510,0
508511,0
508512,0
508513,0
508514,0
508515,0
508516,0
508517,0
508518,0
508519,0
508520,0
508521,0
508522,0
508523,0
508524,0
508525,0
508526,0
508527,21
508528,0
508529,0
508530,0
508531,0
508532,0
508533,0
508534,0
508535,0
508536,0
508537,0
508538,0
508539,0
508540,0
508541,0
508542,0
508543,0
508544,0
508545,0
508546,0
508547,0
508548,0
508549,0
508550,0
508551,0
508552,0
508553,0
508554,0
508555,0
508556,0
508557,0
508558,0
508559,35
508560,0
508561,0
508562,0
508563,0
508564,0
508565,0
508566,0
508567,0
508568,0
508569,0
508570,18
508571,0
508572,0
508573,0
508574,0
508575,0
508576,21
508577,0
508578,0
508579,0
508580,29
508581,0
508582,0
508583,10
508584,0
508585,0
508586,13
508587,0
508588,0
508589,0
508590,0
508591,0
508592,0
508593,0
508594,19
508595,0
508596,0
508597,20
508598,0
508599,32
508600,24
508601,0
508602,0
508603,0
508604,0
508605,0
508606,0
508607,0
508608,0
508609,0
508610,0
508611,0
508612,24
508613,0
508614,15
508615,0
508616,0
508617,0
508618,0
508619,0
508620,0
508621,28
508622,0
508623,0
508624,0
508625,0
508626,0
508627,0
508628,0
508629,0
508630,0
508631,0
508632,0
508633,0
508634,0
508635,32
508636,15
508637,0
508638,0
508639,0
508640,0
508641,0
508642,0
508643,0
508644,0
508645,0
508646,0
508647,16
508648,0
508649,0
508650,19
508651,0
508652,29
508653,0
508654,0
508655,0
508656,0
508657,25
508658,0
508659,0
508660,23
508661,0
508662,21
508663,19
508664,0
508665,0
508666,24
508667,0
508668,17
508669,0
508670,0
508671,0
508672,0
508673,0
508674,0
508675,0
508676,32
508677,0
508678,0
508679,0
508680,30
508681,21
508682,0
508683,0
508684,0
508685,0
508686,0
508687,0
508688,0
508689,0
508690,0
508691,0
508692,0
508693,0
508694,0
508695,0
508696,0
508697,0
508698,0
508699,20
508700,0
508701,0
508702,0
508703,0
508704,0
508705,0
508706,37
508707,0
508708,0
508709,0
508710,0
508711,0
508712,0
508713,0
508714,24
508715,0
508716,0
508717,0
508718,0
508719,0
508720,0
508721,37
508722,0
508723,0
508724,0
508725,0
508726,0
508727,0
508728,24
508729,0
508730,0
508731,0
508732,0
508733,0
508734,0
508735,0
508736,0
508737,0
508738,0
508739,0
508740,0
508741,0
508742,0
508743,0
508744,0
508745,0
508746,30
508747,0
508748,12
508749,0
508750,19
508751,0
508752,0
508753,0
508754,0
508755,0
508756,0
508757,0
508758,35
508759,0
508760,0
508761,0
508762,21
508763,0
508764,0
508765,24
508766,36
508767,0
508768,0
508769,0
508770,35
508771,0
508772,0
508773,0
508774,0
508775,17
508776,0
508777,0
508778,0
508779,0
508780,0
508781,0
508782,0
508783,0
508784,0
508785,0
508786,0
508787,0
508788,0
508789,0
508790,0
508791,27
508792,0
508793,0
508794,0
508795,0
508796,0
508797,0
508798,0
508799,0
508800,0
508801,0
508802,0
508803,0
508804,21
508805,15
508806,0
508807,0
508808,0
508809,0
508810,0
508811,0
508812,0
508813,0
508814,0
508815,0
508816,0
508817,25
508818,23
508819,0
508820,0
508821,23
508822,0
508823,0
508824,0
508825,0
508826,0
508827,0
508828,0
508829,0
508830,0
508831,0
508832,0
508833,0
508834,0
508835,0
508836,0
508837,0
508838,0
508839,33
508840,26
508841,0
508842,0
508843,0
508844,16
508845,25
508846,0
508847,0
508848,0
508849,0
508850,0
508851,0
508852,0
508853,37
508854,0
508855,0
508856,0
508857,0
508858,0
508859,0
508860,0
508861,0
508862,0
508863,0
508864,0
508865,0
508866,0
508867,0
508868,0
508869,0
508870,0
508871,0
508872,0
508873,0
508874,23
508875,0
508876,0
508877,0
508878,0
508879,0
508880,0
508881,0
508882,0
508883,0
508884,15
508885,17
508886,0
508887,0
508888,0
508889,0
508890,0
508891,0
508892,0
508893,30
508894,0
508895,0
508896,0
508897,0
508898,0
508899,0
508900,10
508901,26
508902,0
508903,16
508904,0
508905,0
508906,0
508907,0
508908,0
508909,0
508910,0
508911,40
508912,0
508913,0
508914,0
508915,0
508916,0
508917,0
508918,0
508919,0
508920,21
508921,0
508922,0
508923,0
508924,0
508925,0
508926,0
508927,0
508928,26
508929,18
508930,26
508931,0
508932,0
508933,0
508934,0
508935,18
508936,24
508937,0
508938,0
508939,0
508940,0
508941,0
508942,21
508943,0
508944,0
508945,0
508946,0
508947,0
508948,21
508949,26
508950,25
508951,0
508952,0
508953,23
508954,0
508955,0
508956,0
508957,0
508958,0
508959,0
508960,35
508961,0
508962,24
508963,0
508964,31
508965,0
508966,0
508967,20
508968,0
508969,19
508970,18
508971,0
508972,20
508973,0
508974,0
508975,0
508976,0
508977,0
508978,35
508979,0
508980,0
508981,0
508982,0
508983,0
508984,0
508985,24
508986,0
508987,0
508988,30
508989,0
508990,23
508991,0
508992,0
508993,0
508994,0
508995,0
508996,0
508997,0
508998,0
508999,0
509000,0
509001,0
509002,0
509003,0
509004,0
509005,0
509006,31
509007,0
509008,0
509009,0
509010,0
509011,17
509012,0
509013,0
509014,0
509015,0
509016,0
509017,0
509018,0
509019,0
509020,0
509021,0
509022,19
509023,0
509024,0
509025,0
509026,0
509027,0
509028,0
509029,0
509030,0
509031,34
509032,0
509033,0
509034,0
509035,0
509036,0
509037,0
509038,0
509039,0
509040,0
509041,13
509042,0
509043,0
509044,0
509045,0
509046,0
509047,0
509048,0
509049,0
509050,0
509051,0
509052,36
509053,0
509054,0
509055,0
509056,40
509057,31
509058,0
509059,0
509060,0
509061,21
509062,0
509063,0
509064,0
509065,0
509066,16
509067,0
509068,0
509069,21
509070,0
509071,0
509072,0
509073,0
509074,0
509075,0
509076,0
509077,36
509078,29
509079,0
509080,0
509081,22
509082,0
509083,20
509084,0
509085,0
509086,0
509087,19
509088,0
509089,0
509090,0
509091,0
509092,0
509093,0
509094,0
509095,0
509096,0
509097,22
509098,25
509099,0
509100,0
509101,0
509102,0
509103,0
509104,0
509105,23
509106,0
509107,0
509108,0
509109,0
509110,0
509111,0
509112,9
509113,0
509114,22
509115,0
509116,0
509117,0
509118,0
509119,0
509120,24
509121,0
509122,0
509123,0
509124,0
509125,0
509126,0
509127,0
509128,0
509129,0
509130,0
509131,0
509132,0
509133,0
509134,0
509135,28
509136,0
509137,28
509138,0
509139,0
509140,0
509141,0
509142,0
509143,0
509144,0
509145,0
509146,0
509147,0
509148,0
509149,0
509150,20
509151,0
509152,0
509153,0
509154,0
509155,30
509156,0
509157,0
509158,0
509159,0
509160,0
509161,0
509162,0
509163,0
509164,24
509165,0
509166,0
509167,0
509168,0
509169,0
509170,0
509171,0
509172,0
509173,0
509174,0
509175,0
509176,20
509177,0
509178,0
509179,0
509180,13
509181,0
509182,0
509183,25
509184,0
509185,15
509186,0
509187,17
509188,0
509189,0
509190,0
509191,0
509192,0
509193,0
509194,0
509195,0
509196,0
509197,0
509198,26
509199,0
509200,29
509201,0
509202,0
509203,21
509204,0
509205,0
509206,0
509207,0
509208,0
509209,0
509210,0
509211,0
509212,0
509213,18
509214,0
509215,0
509216,0
509217,0
509218,0
509219,0
509220,0
509221,0
509222,0
509223,0
509224,0
509225,0
509226,0
509227,21
509228,0
509229,0
509230,0
509231,0
509232,0
509233,0
509234,0
509235,0
509236,0
509237,0
509238,0
509239,0
509240,22
509241,0
509242,0
509243,0
509244,0
509245,0
509246,0
509247,0
509248,0
509249,0
509250,0
509251,0
509252,0
509253,0
509254,0
509255,0
509256,0
509257,0
509258,0
509259,0
509260,0
509261,0
509262,0
509263,15
509264,0
509265,0
509266,0
509267,0
509268,0
509269,0
509270,29
509271,0
509272,0
509273,0
509274,0
509275,0
509276,0
509277,0
509278,0
509279,0
509280,0
509281,0
509282,0
509283,0
509284,0
509285,0
509286,0
509287,0
509288,0
509289,0
509290,0
509291,0
509292,0
509293,0
509294,0
509295,0
509296,0
509297,0
509298,0
509299,16
509300,21
509301,11
509302,0
509303,24
509304,0
509305,0
509306,17
509307,0
509308,27
509309,0
509310,0
509311,20
509312,0
509313,30
509314,0
509315,19
509316,0
509317,21
509318,0
509319,18
509320,0
509321,0
509322,0
509323,25
509324,0
509325,0
509326,0
509327,23
509328,0
509329,0
509330,0
509331,0
509332,0
509333,0
509334,0
509335,15
509336,22
509337,23
509338,0
509339,0
509340,0
509341,0
509342,0
509343,0
509344,21
509345,0
509346,34
509347,23
509348,0
509349,0
509350,0
509351,0
509352,0
509353,0
509354,0
509355,0
509356,20
509357,0
509358,0
509359,0
509360,0
509361,0
509362,0
509363,0
509364,36
509365,34
509366,0
509367,19
509368,0
509369,0
509370,0
509371,32
509372,19
509373,0
509374,0
509375,0
509376,0
509377,0
509378,19
509379,0
509380,0
509381,0
509382,0
509383,0
509384,0
509385,0
509386,0
509387,0
509388,0
509389,0
509390,0
509391,0
509392,0
509393,0
509394,0
509395,0
509396,0
509397,0
509398,0
509399,0
509400,0
509401,0
509402,0
509403,0
509404,0
509405,4
509406,0
509407,0
509408,0
509409,0
509410,0
509411,0
509412,0
509413,0
509414,0
509415,0
509416,0
509417,0
509418,0
509419,0
509420,0
509421,0
509422,0
509423,0
509424,0
509425,0
509426,0
509427,0
509428,0
509429,0
509430,0
509431,0
509432,36
509433,0
509434,0
509435,0
509436,41
509437,0
509438,0
509439,40
509440,0
509441,33
509442,0
509443,0
509444,0
509445,0
509446,0
509447,0
509448,0
509449,43
509450,0
509451,0
509452,38
509453,0
509454,0
509455,0
509456,0
509457,0
509458,0
509459,0
509460,0
509461,0
509462,0
509463,0
509464,0
509465,25
509466,31
509467,0
509468,0
509469,0
509470,24
509471,0
509472,0
509473,40
509474,0
509475,0
509476,0
509477,0
509478,0
509479,0
509480,0
509481,0
509482,0
509483,0
509484,0
509485,0
509486,38
509487,32
509488,0
509489,0
509490,0
509491,0
509492,0
509493,0
509494,20
509495,0
509496,0
509497,0
509498,42
509499,0
509500,0
509501,0
509502,0
509503,0
509504,0
509505,0
509506,0
509507,0
509508,0
509509,0
509510,0
509511,0
509512,29
509513,31
509514,0
509515,20
509516,0
509517,0
509518,0
509519,0
509520,0
509521,0
509522,0
509523,0
509524,0
509525,33
509526,0
509527,0
509528,0
509529,0
509530,0
509531,0
509532,0
509533,0
509534,0
509535,0
509536,24
509537,0
509538,19
509539,0
509540,0
509541,0
509542,0
509543,0
509544,0
509545,0
509546,0
509547,39
509548,0
509549,45
509550,0
509551,0
509552,0
509553,0
509554,0
509555,0
509556,0
509557,0
509558,0
509559,0
509560,0
509561,0
509562,0
509563,0
509564,26
509565,0
509566,0
509567,28
509568,0
509569,0
509570,0
509571,0
509572,0
509573,45
509574,0
509575,0
509576,28
509577,0
509578,0
509579,0
509580,0
509581,0
509582,0
509583,0
509584,0
509585,0
509586,0
509587,0
509588,23
509589,0
509590,0
509591,0
509592,0
509593,0
509594,0
509595,0
509596,0
509597,0
509598,0
509599,0
509600,0
509601,0
509602,0
509603,0
509604,0
509605,0
509606,0
509607,0
509608,0
509609,0
509610,0
509611,0
509612,0
509613,0
509614,0
509615,0
509616,0
509617,0
509618,0
509619,19
509620,0
509621,0
509622,0
509623,0
509624,0
509625,0
509626,0
509627,28
509628,0
509629,0
509630,0
509631,0
509632,29
509633,0
509634,0
509635,0
509636,34
509637,0
509638,0
509639,32
509640,0
509641,0
509642,0
509643,0
509644,0
509645,0
509646,0
509647,0
509648,0
509649,0
509650,23
509651,0
509652,39
509653,0
509654,0
509655,0
509656,16
509657,0
509658,51
509659,0
509660,0
509661,0
509662,0
509663,33
509664,0
509665,0
509666,0
509667,0
509668,0
509669,0
509670,0
509671,0
509672,0
509673,0
509674,0
509675,0
509676,0
509677,25
509678,0
509679,0
509680,0
509681,43
509682,0
509683,0
509684,0
509685,0
509686,0
509687,0
509688,0
509689,0
509690,0
509691,0
509692,20
509693,0
509694,0
509695,0
509696,0
509697,0
509698,27
509699,19
509700,0
509701,0
509702,0
509703,0
509704,41
509705,43
509706,0
509707,0
509708,0
509709,38
509710,34
509711,0
509712,0
509713,0
509714,0
509715,0
509716,52
509717,0
509718,0
509719,0
509720,0
509721,27
509722,0
509723,0
509724,0
509725,0
509726,0
509727,0
509728,0
509729,0
509730,40
509731,25
509732,0
509733,0
509734,0
509735,0
509736,0
509737,0
509738,0
509739,0
509740,0
509741,0
509742,0
509743,0
509744,0
509745,0
509746,0
509747,0
509748,0
509749,0
509750,33
509751,0
509752,0
509753,34
509754,0
509755,0
509756,0
509757,0
509758,28
509759,0
509760,0
509761,0
509762,0
509763,0
509764,0
509765,0
509766,0
509767,0
509768,0
509769,0
509770,0
509771,0
509772,28
509773,0
509774,0
509775,0
509776,0
509777,41
509778,0
509779,0
509780,0
509781,42
509782,26
509783,30
509784,49
509785,0
509786,0
509787,0
509788,0
509789,0
509790,0
509791,0
509792,0
509793,0
509794,0
509795,0
509796,0
509797,0
509798,0
509799,0
509800,0
509801,0
509802,0
509803,33
509804,0
509805,0
509806,0
509807,0
509808,26
509809,0
509810,0
509811,29
509812,0
509813,0
509814,0
509815,0
509816,0
509817,0
509818,38
509819,0
509820,27
509821,0
509822,41
509823,0
509824,0
509825,0
509826,0
509827,0
509828,0
509829,0
509830,26
509831,0
509832,0
509833,0
509834,41
509835,0
509836,0
509837,0
509838,0
509839,0
509840,0
509841,0
509842,0
509843,32
509844,31
509845,0
509846,0
509847,0
509848,0
509849,0
509850,26
509851,0
509852,0
509853,0
509854,0
509855,0
509856,0
509857,0
509858,0
509859,0
509860,0
509861,0
509862,28
509863,0
509864,0
509865,0
509866,0
509867,0
509868,0
509869,0
509870,0
509871,0
509872,0
509873,0
509874,0
509875,0
509876,0
509877,0
509878,0
509879,0
509880,0
509881,0
509882,0
509883,0
509884,0
509885,0
509886,0
509887,0
509888,20
509889,0
509890,0
509891,0
509892,0
509893,0
509894,13
509895,0
509896,0
509897,0
509898,0
509899,0
509900,0
509901,0
509902,0
509903,0
509904,0
509905,16
509906,0
509907,0
509908,0
509909,0
509910,0
509911,0
509912,0
509913,0
509914,0
509915,0
509916,19
509917,0
509918,0
509919,0
509920,0
509921,0
509922,17
509923,0
509924,0
509925,34
509926,0
509927,0
509928,0
509929,19
509930,21
509931,28
509932,0
509933,0
509934,12
509935,0
509936,21
509937,0
509938,0
509939,0
509940,0
509941,12
509942,12
509943,0
509944,16
509945,0
509946,0
509947,20
509948,0
509949,0
509950,0
509951,0
509952,21
509953,0
509954,19
509955,0
509956,0
509957,0
509958,0
509959,29
509960,0
509961,0
509962,0
509963,24
509964,26
509965,0
509966,0
509967,0
509968,0
509969,0
509970,0
509971,0
509972,0
509973,20
509974,14
509975,0
509976,14
509977,0
509978,0
509979,0
509980,0
509981,0
509982,0
509983,0
509984,25
509985,0
509986,0
509987,0
509988,0
509989,0
509990,18
509991,0
509992,0
509993,0
509994,0
509995,0
509996,29
509997,25
509998,24
509999,0
510000,0
510001,21
510002,0
510003,14
510004,0
510005,0
510006,0
510007,0
510008,22
510009,0
510010,0
510011,0
510012,0
510013,10
510014,0
510015,0
510016,0
510017,0
510018,19
510019,0
510020,0
510021,0
510022,0
510023,16
510024,0
510025,21
510026,0
510027,0
510028,0
510029,0
510030,0
510031,0
510032,18
510033,0
510034,0
510035,0
510036,0
510037,0
510038,14
510039,0
510040,0
510041,0
510042,0
510043,0
510044,0
510045,16
510046,0
510047,0
510048,13
510049,0
510050,28
510051,0
510052,0
510053,18
510054,0
510055,26
510056,19
510057,0
510058,0
510059,0
510060,30
510061,0
510062,0
510063,0
510064,13
510065,20
510066,0
510067,14
510068,0
510069,0
510070,0
510071,0
510072,0
510073,0
510074,0
510075,16
510076,0
510077,0
510078,0
510079,20
510080,0
510081,0
510082,0
510083,0
510084,16
510085,18
510086,0
510087,24
510088,0
510089,0
510090,0
510091,0
510092,0
510093,0
510094,0
510095,0
510096,0
510097,0
510098,0
510099,0
510100,0
510101,0
510102,0
510103,26
510104,19
510105,13
510106,23
510107,0
510108,0
510109,0
510110,0
510111,0
510112,0
510113,0
510114,0
510115,14
510116,0
510117,0
510118,19
510119,26
510120,0
510121,0
510122,0
510123,0
510124,0
510125,0
510126,0
510127,15
510128,0
510129,0
510130,30
510131,0
510132,0
510133,0
510134,18
510135,0
510136,16
510137,0
510138,0
510139,0
510140,33
510141,0
510142,19
510143,32
510144,0
510145,0
510146,0
510147,13
510148,0
510149,0
510150,17
510151,23
510152,0
510153,13
510154,16
510155,0
510156,0
510157,0
510158,0
510159,21
510160,0
510161,0
510162,19
510163,0
510164,21
510165,16
510166,0
510167,0
510168,0
510169,0
510170,0
510171,0
510172,27
510173,0
510174,23
510175,0
510176,24
510177,0
510178,0
510179,0
510180,30
510181,24
510182,36
510183,0
510184,17
510185,9
510186,22
510187,0
510188,0
510189,0
510190,0
510191,0
510192,0
510193,0
510194,0
510195,0
510196,0
510197,0
510198,0
510199,0
510200,0
510201,0
510202,34
510203,57
510204,0
510205,0
510206,0
510207,0
510208,29
510209,35
510210,35
510211,0
510212,0
510213,38
510214,0
510215,0
510216,0
510217,34
510218,53
510219,24
510220,46
510221,0
510222,0
510223,35
510224,0
510225,28
510226,35
510227,0
510228,22
510229,0
510230,0
510231,0
510232,0
510233,43
510234,0
510235,0
510236,0
510237,0
510238,22
510239,0
510240,26
510241,0
510242,0
510243,0
510244,0
510245,31
510246,0
510247,0
510248,34
510249,0
510250,0
510251,0
510252,0
510253,41
510254,34
510255,0
510256,0
510257,0
510258,0
510259,0
510260,0
510261,23
510262,0
510263,0
510264,35
510265,0
510266,0
510267,81
510268,0
510269,34
510270,0
510271,0
510272,0
510273,31
510274,0
510275,0
510276,0
510277,0
510278,29
510279,0
510280,0
510281,47
510282,0
510283,0
510284,0
510285,0
510286,0
510287,0
510288,0
510289,25
510290,0
510291,0
510292,0
510293,0
510294,46
510295,0
510296,33
510297,0
510298,0
510299,48
510300,0
510301,0
510302,0
510303,39
510304,35
510305,0
510306,42
510307,0
510308,0
510309,0
510310,0
510311,0
510312,44
510313,27
510314,0
510315,0
510316,30
510317,0
510318,0
510319,0
510320,0
510321,0
510322,0
510323,0
510324,67
510325,54
510326,0
510327,51
510328,0
510329,0
510330,37
510331,0
510332,21
510333,0
510334,0
510335,0
510336,0
510337,0
510338,0
510339,24
510340,24
510341,0
510342,24
510343,0
510344,0
510345,0
510346,0
510347,0
510348,0
510349,0
510350,0
510351,0
510352,47
510353,0
510354,0
510355,0
510356,25
510357,0
510358,0
510359,0
510360,0
510361,46
510362,0
510363,0
510364,0
510365,0
510366,35
510367,0
510368,38
510369,45
510370,0
510371,0
510372,0
510373,0
510374,0
510375,0
510376,35
510377,0
510378,46
510379,0
510380,0
510381,31
510382,0
510383,32
510384,0
510385,0
510386,36
510387,0
510388,0
510389,0
510390,0
510391,0
510392,0
510393,0
510394,22
510395,0
510396,0
510397,0
510398,0
510399,32
510400,0
510401,0
510402,0
510403,0
510404,0
510405,0
510406,43
510407,0
510408,0
510409,31
510410,0
510411,0
510412,53
510413,0
510414,0
510415,0
510416,0
510417,0
510418,24
510419,46
510420,0
510421,44
510422,31
510423,23
510424,0
510425,42
510426,0
510427,0
510428,0
510429,37
510430,0
510431,0
510432,0
510433,0
510434,0
510435,0
510436,0
510437,0
510438,0
510439,28
510440,50
510441,0
510442,36
510443,28
510444,44
510445,0
510446,0
510447,0
510448,0
510449,30
510450,0
510451,38
510452,52
510453,0
510454,0
510455,51
510456,30
510457,0
510458,40
510459,0
510460,0
510461,43
510462,0
510463,0
510464,0
510465,0
510466,0
510467,0
510468,0
510469,45
510470,37
510471,36
510472,0
510473,0
510474,0
510475,38
510476,35
510477,0
510478,0
510479,0
510480,0
510481,28
510482,0
510483,0
510484,0
510485,45
510486,0
510487,0
510488,54
510489,0
510490,25
510491,31
510492,24
510493,41
510494,0
510495,33
510496,23
510497,29
510498,0
510499,49
510500,46
510501,0
510502,0
510503,0
510504,27
510505,0
510506,65
510507,48
510508,0
510509,24
510510,0
510511,44
510512,0
510513,54
510514,0
510515,0
510516,0
510517,0
510518,0
510519,0
510520,0
510521,0
510522,0
510523,0
510524,0
510525,33
510526,0
510527,0
510528,50
510529,0
510530,39
510531,34
510532,0
510533,0
510534,0
510535,30
510536,0
510537,0
510538,0
510539,36
510540,0
510541,40
510542,0
510543,48
510544,0
510545,0
510546,0
510547,0
510548,40
510549,0
510550,0
510551,31
510552,0
510553,0
510554,0
510555,31
510556,37
510557,0
510558,0
510559,0
510560,0
510561,0
510562,0
510563,0
510564,0
510565,0
510566,34
510567,0
510568,0
510569,0
510570,0
510571,45
510572,0
510573,0
510574,56
510575,0
510576,0
510577,0
510578,24
510579,0
510580,0
510581,19
510582,0
510583,0
510584,0
510585,33
510586,0
510587,0
510588,0
510589,25
510590,28
510591,0
510592,38
510593,29
510594,0
510595,0
510596,0
510597,0
510598,0
510599,27
510600,0
510601,25
510602,0
510603,43
510604,31
510605,0
510606,25
510607,0
510608,36
510609,0
510610,0
510611,17
510612,20
510613,0
510614,0
510615,0
510616,0
510617,0
510618,23
510619,0
510620,20
510621,0
510622,0
510623,18
510624,0
510625,19
510626,0
510627,0
510628,0
510629,19
510630,0
510631,0
510632,0
510633,0
510634,0
510635,0
510636,0
510637,0
510638,0
510639,0
510640,18
510641,0
510642,26
510643,0
510644,0
510645,0
510646,0
510647,0
510648,22
510649,22
510650,0
510651,0
510652,0
510653,23
510654,0
510655,22
510656,17
510657,0
510658,0
510659,0
510660,0
510661,21
510662,29
510663,19
510664,0
510665,0
510666,15
510667,20
510668,0
510669,0
510670,0
510671,0
510672,0
510673,21
510674,0
510675,0
510676,0
510677,0
510678,0
510679,0
510680,22
510681,20
510682,0
510683,0
510684,0
510685,0
510686,0
510687,20
510688,0
510689,0
510690,0
510691,0
510692,12
510693,0
510694,0
510695,0
510696,0
510697,0
510698,0
510699,0
510700,0
510701,20
510702,35
510703,0
510704,0
510705,0
510706,0
510707,18
510708,19
510709,32
510710,0
510711,14
510712,0
510713,0
510714,0
510715,0
510716,18
510717,0
510718,0
510719,0
510720,0
510721,0
510722,13
510723,21
510724,0
510725,0
510726,0
510727,0
510728,14
510729,0
510730,30
510731,15
510732,0
510733,0
510734,14
510735,0
510736,0
510737,0
510738,25
510739,0
510740,17
510741,0
510742,0
510743,16
510744,0
510745,0
510746,0
510747,0
510748,17
510749,0
510750,0
510751,0
510752,0
510753,0
510754,0
510755,14
510756,0
510757,0
510758,0
510759,16
510760,0
510761,0
510762,19
510763,0
510764,0
510765,26
510766,0
510767,30
510768,20
510769,18
510770,19
510771,0
510772,11
510773,0
510774,0
510775,0
510776,18
510777,0
510778,0
510779,18
510780,0
510781,0
510782,0
510783,17
510784,0
510785,0
510786,0
510787,0
510788,0
510789,0
510790,0
510791,0
510792,0
510793,33
510794,0
510795,0
510796,0
510797,18
510798,0
510799,32
510800,0
510801,0
510802,0
510803,0
510804,0
510805,0
510806,0
510807,0
510808,0
510809,24
510810,0
510811,0
510812,0
510813,22
510814,0
510815,19
510816,0
510817,0
510818,0
510819,0
510820,0
510821,0
510822,0
510823,32
510824,0
510825,0
510826,0
510827,0
510828,23
510829,0
510830,0
510831,0
510832,11
510833,0
510834,0
510835,16
510836,0
510837,23
510838,0
510839,15
510840,0
510841,0
510842,0
510843,0
510844,0
510845,0
510846,0
510847,0
510848,0
510849,0
510850,27
510851,13
510852,20
510853,23
510854,0
510855,0
510856,0
510857,0
510858,0
510859,0
510860,0
510861,0
510862,0
510863,0
510864,0
510865,20
510866,0
510867,0
510868,0
510869,0
510870,0
510871,0
510872,0
510873,0
510874,0
510875,0
510876,0
510877,0
510878,0
510879,0
510880,0
510881,25
510882,0
510883,35
510884,27
510885,0
510886,18
510887,11
510888,22
510889,0
510890,0
510891,0
510892,0
510893,0
510894,0
510895,0
510896,0
510897,0
510898,0
510899,0
510900,0
510901,0
510902,0
510903,0
510904,0
510905,0
510906,0
510907,0
510908,0
510909,0
510910,0
510911,12
510912,23
510913,33
510914,0
510915,0
510916,18
510917,0
510918,0
510919,0
510920,0
510921,0
510922,18
510923,16
510924,0
510925,0
510926,13
510927,18
510928,0
510929,0
510930,0
510931,19
510932,25
510933,24
510934,0
510935,0
510936,21
510937,0
510938,0
510939,24
510940,0
510941,0
510942,0
510943,0
510944,0
510945,0
510946,0
510947,17
510948,0
510949,0
510950,0
510951,0
510952,0
510953,0
510954,17
510955,0
510956,0
510957,22
510958,0
510959,0
510960,22
510961,0
510962,22
510963,0
510964,0
510965,0
510966,23
510967,0
510968,0
510969,0
510970,13
510971,0
510972,0
510973,0
510974,0
510975,0
510976,29
510977,0
510978,0
510979,0
510980,0
510981,0
510982,0
510983,0
510984,0
510985,18
510986,0
510987,0
510988,32
510989,0
510990,0
510991,0
510992,0
510993,0
510994,0
510995,0
510996,0
510997,0
510998,0
510999,0
511000,0
511001,8
511002,0
511003,12
511004,0
511005,15
511006,0
511007,0
511008,0
511009,0
511010,0
511011,22
511012,0
511013,0
511014,0
511015,0
511016,0
511017,30
511018,0
511019,0
511020,0
511021,0
511022,0
511023,15
511024,0
511025,0
511026,0
511027,37
511028,22
511029,0
511030,18
511031,16
511032,0
511033,0
511034,0
511035,0
511036,0
511037,21
511038,8
511039,0
511040,10
511041,0
511042,0
511043,0
511044,25
511045,0
511046,8
511047,0
511048,16
511049,14
511050,0
511051,0
511052,0
511053,0
511054,0
511055,28
511056,25
511057,10
511058,0
511059,0
511060,0
511061,13
511062,0
511063,14
511064,0
511065,0
511066,18
511067,12
511068,0
511069,0
511070,0
511071,0
511072,0
511073,13
511074,0
511075,16
511076,23
511077,0
511078,22
511079,18
511080,15
511081,0
511082,0
511083,0
511084,0
511085,0
511086,0
511087,0
511088,0
511089,0
511090,0
511091,0
511092,0
511093,0
511094,0
511095,0
511096,0
511097,36
511098,0
511099,25
511100,26
511101,0
511102,0
511103,0
511104,0
511105,38
511106,0
511107,0
511108,0
511109,0
511110,0
511111,0
511112,22
511113,0
511114,24
511115,0
511116,25
511117,15
511118,0
511119,19
511120,0
511121,16
511122,15
511123,25
511124,0
511125,0
511126,0
511127,0
511128,0
511129,0
511130,0
511131,0
511132,0
511133,24
511134,17
511135,0
511136,0
511137,19
511138,0
511139,0
511140,18
511141,0
511142,0
511143,21
511144,0
511145,0
511146,15
511147,0
511148,0
511149,0
511150,0
511151,0
511152,14
511153,0
511154,0
511155,0
511156,0
511157,21
511158,19
511159,0
511160,0
511161,0
511162,27
511163,13
511164,0
511165,0
511166,0
511167,0
511168,0
511169,35
511170,20
511171,25
511172,0
511173,12
511174,0
511175,24
511176,0
511177,10
511178,0
511179,19
511180,0
511181,14
511182,0
511183,0
511184,0
511185,0
511186,0
511187,0
511188,0
511189,0
511190,24
511191,0
511192,0
511193,7
511194,25
511195,23
511196,13
511197,0
511198,18
511199,26
511200,0
511201,0
511202,0
511203,10
511204,25
511205,0
511206,0
511207,0
511208,0
511209,0
511210,0
511211,0
511212,0
511213,0
511214,0
511215,23
511216,0
511217,0
511218,0
511219,0
511220,0
511221,0
511222,0
511223,0
511224,0
511225,16
511226,0
511227,0
511228,0
511229,0
511230,0
511231,0
511232,9
511233,0
511234,16
511235,0
511236,0
511237,0
511238,0
511239,16
511240,0
511241,0
511242,0
511243,22
511244,0
511245,9
511246,0
511247,0
511248,0
511249,0
511250,15
511251,0
511252,0
511253,0
511254,0
511255,0
511256,0
511257,0
511258,23
511259,21
511260,0
511261,0
511262,0
511263,27
511264,13
511265,0
511266,18
511267,0
511268,0
511269,11
511270,0
511271,0
511272,0
511273,0
511274,0
511275,0
511276,0
511277,0
511278,19
511279,16
511280,0
511281,0
511282,13
511283,0
511284,0
511285,0
511286,0
511287,0
511288,0
511289,16
511290,0
511291,0
511292,0
511293,23
511294,0
511295,18
511296,22
511297,0
511298,0
511299,0
511300,0
511301,0
511302,0
511303,0
511304,0
511305,0
511306,0
511307,25
511308,10
511309,0
511310,0
511311,0
511312,0
511313,16
511314,0
511315,0
511316,0
511317,0
511318,27
511319,0
511320,0
511321,0
511322,0
511323,0
511324,0
511325,0
511326,0
511327,0
511328,0
511329,15
511330,20
511331,0
511332,0
511333,0
511334,21
511335,0
511336,12
511337,0
511338,0
511339,0
511340,0
511341,19
511342,0
511343,0
511344,0
511345,0
511346,0
511347,11
511348,0
511349,0
511350,0
511351,0
511352,0
511353,0
511354,0
511355,0
511356,0
511357,0
511358,33
511359,0
511360,23
511361,0
511362,7
511363,0
511364,7
511365,0
511366,0
511367,9
511368,0
511369,0
511370,0
511371,0
511372,5
511373,8
511374,0
511375,0
511376,0
511377,6
511378,0
511379,0
511380,6
511381,12
511382,0
511383,9
511384,6
511385,0
511386,0
511387,0
511388,13
511389,0
511390,0
511391,11
511392,0
511393,0
511394,0
511395,0
511396,0
511397,8
511398,6
511399,0
511400,0
511401,0
511402,0
511403,0
511404,0
511405,0
511406,0
511407,0
511408,0
511409,0
511410,0
511411,0
511412,0
511413,9
511414,0
511415,0
511416,11
511417,0
511418,0
511419,0
511420,0
511421,0
511422,0
511423,5
511424,0
511425,0
511426,0
511427,9
511428,0
511429,7
511430,0
511431,7
511432,0
511433,0
511434,0
511435,0
511436,0
511437,10
511438,6
511439,6
511440,0
511441,0
511442,0
511443,0
511444,0
511445,0
511446,0
511447,0
511448,0
511449,0
511450,5
511451,0
511452,0
511453,0
511454,0
511455,13
511456,0
511457,0
511458,0
511459,0
511460,0
511461,0
511462,0
511463,0
511464,0
511465,0
511466,0
511467,0
511468,0
511469,0
511470,0
511471,0
511472,0
511473,0
511474,0
511475,0
511476,0
511477,0
511478,9
511479,5
511480,9
511481,0
511482,0
511483,0
511484,0
511485,5
511486,12
511487,3
511488,14
511489,0
511490,0
511491,0
511492,0
511493,0
511494,0
511495,0
511496,0
511497,0
511498,0
511499,0
511500,0
511501,0
511502,0
511503,0
511504,0
511505,3
511506,0
511507,0
511508,0
511509,0
511510,0
511511,14
511512,0
511513,0
511514,0
511515,9
511516,5
511517,10
511518,0
511519,0
511520,0
511521,0
511522,0
511523,0
511524,0
511525,0
511526,6
511527,0
511528,0
511529,9
511530,12
511531,0
511532,0
511533,0
511534,0
511535,0
511536,0
511537,0
511538,0
511539,0
511540,3
511541,9
511542,0
511543,0
511544,10
511545,3
511546,0
511547,0
511548,0
511549,7
511550,0
511551,0
511552,5
511553,0
511554,0
511555,10
511556,0
511557,0
511558,7
511559,0
511560,0
511561,0
511562,7
511563,9
511564,0
511565,11
511566,0
511567,0
511568,6
511569,0
511570,0
511571,0
511572,6
511573,9
511574,9
511575,14
511576,0
511577,6
511578,0
511579,0
511580,8
511581,0
511582,0
511583,0
511584,7
511585,0
511586,0
511587,0
511588,13
511589,0
511590,0
511591,14
511592,0
511593,8
511594,0
511595,11
511596,0
511597,0
511598,0
511599,0
511600,0
511601,0
511602,13
511603,0
511604,0
511605,0
511606,0
511607,0
511608,0
511609,0
511610,0
511611,0
511612,0
511613,11
511614,0
511615,0
511616,0
511617,0
511618,1
511619,0
511620,0
511621,8
511622,5
511623,0
511624,0
511625,0
511626,0
511627,0
511628,5
511629,0
511630,0
511631,0
511632,9
511633,0
511634,0
511635,0
511636,7
511637,11
511638,0
511639,0
511640,0
511641,10
511642,0
511643,0
511644,0
511645,0
511646,0
511647,0
511648,0
511649,0
511650,0
511651,0
511652,0
511653,11
511654,0
511655,0
511656,9
511657,3
511658,0
511659,0
511660,0
511661,0
511662,13
511663,0
511664,0
511665,0
511666,0
511667,0
511668,0
511669,0
511670,0
511671,0
511672,0
511673,0
511674,0
511675,0
511676,12
511677,0
511678,0
511679,0
511680,0
511681,0
511682,0
511683,8
511684,0
511685,0
511686,0
511687,0
511688,7
511689,0
511690,0
511691,0
511692,4
511693,5
511694,5
511695,0
511696,0
511697,0
511698,0
511699,0
511700,0
511701,0
511702,0
511703,6
511704,9
511705,0
511706,0
511707,0
511708,0
511709,7
511710,0
511711,0
511712,9
511713,3
511714,0
511715,0
511716,0
511717,8
511718,0
511719,0
511720,6
511721,0
511722,0
511723,0
511724,9
511725,6
511726,0
511727,0
511728,0
511729,0
511730,8
511731,0
511732,0
511733,0
511734,0
511735,0
511736,6
511737,0
511738,0
511739,6
511740,0
511741,4
511742,0
511743,0
511744,0
511745,0
511746,0
511747,0
511748,0
511749,0
511750,10
511751,0
511752,0
511753,0
511754,0
511755,0
511756,0
511757,0
511758,0
511759,0
511760,11
511761,0
511762,0
511763,0
511764,0
511765,0
511766,0
511767,0
511768,0
511769,0
511770,0
511771,0
511772,0
511773,0
511774,0
511775,0
511776,0
511777,0
511778,0
511779,0
511780,0
511781,0
511782,4
511783,0
511784,0
511785,9
511786,0
511787,0
511788,0
511789,8
511790,0
511791,0
511792,4
511793,5
511794,0
511795,0
511796,0
511797,0
511798,0
511799,0
511800,0
511801,0
511802,5
511803,0
511804,8
511805,0
511806,6
511807,0
511808,0
511809,0
511810,8
511811,0
511812,0
511813,0
511814,0
511815,0
511816,9
511817,12
511818,0
511819,6
511820,0
511821,11
511822,0
511823,0
511824,0
511825,11
511826,0
511827,0
511828,9
511829,0
511830,0
511831,0
511832,0
511833,5
511834,0
511835,0
511836,0
511837,0
511838,0
511839,0
511840,0
511841,0
511842,2
511843,0
511844,0
511845,0
511846,13
511847,0
511848,0
511849,0
511850,8
511851,0
511852,0
511853,0
511854,0
511855,0
511856,0
511857,0
511858,0
511859,0
511860,0
511861,0
511862,0
511863,12
511864,14
511865,0
511866,0
511867,0
511868,0
511869,8
511870,0
511871,8
511872,0
511873,5
511874,0
511875,6
511876,0
511877,0
511878,0
511879,0
511880,0
511881,0
511882,7
511883,0
511884,0
511885,0
511886,0
511887,0
511888,0
511889,0
511890,0
511891,0
511892,0
511893,0
511894,0
511895,6
511896,0
511897,0
511898,0
511899,0
511900,0
511901,0
511902,0
511903,0
511904,0
511905,0
511906,0
511907,5
511908,0
511909,0
511910,0
511911,0
511912,4
511913,0
511914,8
511915,0
511916,0
511917,0
511918,0
511919,3
511920,0
511921,0
511922,0
511923,0
511924,5
511925,0
511926,0
511927,0
511928,0
511929,7
511930,0
511931,0
511932,10
511933,0
511934,0
511935,0
511936,0
511937,0
511938,0
511939,0
511940,0
511941,0
511942,0
511943,0
511944,0
511945,0
511946,0
511947,0
511948,27
511949,0
511950,0
511951,0
511952,26
511953,37
511954,0
511955,46
511956,25
511957,0
511958,0
511959,0
511960,0
511961,0
511962,0
511963,32
511964,0
511965,0
511966,0
511967,0
511968,0
511969,0
511970,0
511971,0
511972,0
511973,0
511974,0
511975,0
511976,0
511977,53
511978,0
511979,0
511980,24
511981,0
511982,61
511983,0
511984,49
511985,0
511986,47
511987,37
511988,0
511989,0
511990,0
511991,0
511992,0
511993,0
511994,28
511995,0
511996,0
511997,30
511998,0
511999,14
512000,0
512001,18
512002,59
512003,26
512004,0
512005,35
512006,31
512007,0
512008,34
512009,0
512010,0
512011,0
512012,0
512013,0
512014,0
512015,0
512016,28
512017,0
512018,0
512019,34
512020,0
512021,52
512022,0
512023,40
512024,0
512025,0
512026,0
512027,0
512028,29
512029,0
512030,0
512031,19
512032,0
512033,0
512034,0
512035,38
512036,0
512037,0
512038,0
512039,0
512040,24
512041,0
512042,0
512043,18
512044,0
512045,0
512046,28
512047,0
512048,0
512049,0
512050,0
512051,0
512052,38
512053,0
512054,0
512055,0
512056,0
512057,0
512058,0
512059,0
512060,0
512061,0
512062,22
512063,0
512064,0
512065,0
512066,0
512067,17
512068,0
512069,39
512070,30
512071,0
512072,0
512073,0
512074,0
512075,0
512076,0
512077,0
512078,0
512079,0
512080,0
512081,47
512082,28
512083,26
512084,0
512085,0
512086,29
512087,0
512088,0
512089,0
512090,0
512091,0
512092,18
512093,17
512094,0
512095,0
512096,0
512097,0
512098,43
512099,0
512100,0
512101,0
512102,0
512103,0
512104,0
512105,0
512106,0
512107,52
512108,0
512109,0
512110,0
512111,19
512112,0
512113,0
512114,0
512115,0
512116,0
512117,0
512118,0
512119,0
512120,0
512121,0
512122,0
512123,0
512124,33
512125,0
512126,0
512127,0
512128,0
512129,0
512130,0
512131,0
512132,0
512133,37
512134,0
512135,0
512136,0
512137,0
512138,44
512139,0
512140,0
512141,22
512142,0
512143,0
512144,0
512145,0
512146,0
512147,19
512148,0
512149,0
512150,0
512151,0
512152,0
512153,23
512154,0
512155,50
512156,24
512157,0
512158,31
512159,0
512160,0
512161,0
512162,0
512163,11
512164,0
512165,0
512166,0
512167,32
512168,0
512169,0
512170,0
512171,0
512172,44
512173,0
512174,34
512175,0
512176,0
512177,0
512178,0
512179,0
512180,17
512181,38
512182,24
512183,0
512184,45
512185,0
512186,39
512187,0
512188,35
512189,25
512190,0
512191,62
512192,38
512193,0
512194,0
512195,0
512196,0
512197,0
512198,21
512199,0
512200,45
512201,0
512202,0
512203,30
512204,28
512205,0
512206,24
512207,0
512208,0
512209,0
512210,0
512211,16
512212,0
512213,0
512214,37
512215,18
512216,24
512217,21
512218,23
512219,0
512220,0
512221,0
512222,30
512223,0
512224,49
512225,18
512226,0
512227,27
512228,0
512229,0
512230,0
512231,0
512232,0
512233,43
512234,0
512235,0
512236,0
512237,0
512238,0
512239,50
512240,0
512241,0
512242,0
512243,0
512244,0
512245,0
512246,0
512247,0
512248,0
512249,39
512250,0
512251,0
512252,0
512253,20
512254,0
512255,0
512256,0
512257,0
512258,0
512259,0
512260,0
512261,0
512262,0
512263,0
512264,0
512265,0
512266,0
512267,24
512268,0
512269,0
512270,41
512271,0
512272,0
512273,0
512274,0
512275,25
512276,0
512277,0
512278,0
512279,0
512280,0
512281,0
512282,0
512283,0
512284,0
512285,0
512286,37
512287,0
512288,0
512289,0
512290,23
512291,0
512292,0
512293,0
512294,0
512295,0
512296,6
512297,41
512298,41
512299,0
512300,0
512301,38
512302,0
512303,21
512304,0
512305,0
512306,0
512307,0
512308,0
512309,25
512310,0
512311,0
512312,0
512313,30
512314,0
512315,0
512316,16
512317,45
512318,0
512319,0
512320,34
512321,0
512322,0
512323,0
512324,37
512325,25
512326,0
512327,0
512328,0
512329,0
512330,0
512331,0
512332,0
512333,39
512334,20
512335,18
512336,0
512337,29
512338,0
512339,0
512340,0
512341,0
512342,0
512343,0
512344,17
512345,0
512346,0
512347,0
512348,0
512349,0
512350,31
512351,0
512352,0
512353,0
512354,0
512355,42
512356,0
512357,0
512358,23
512359,31
512360,22
512361,0
512362,0
512363,38
512364,25
512365,0
512366,0
512367,0
512368,0
512369,0
512370,0
512371,0
512372,16
512373,0
512374,0
512375,0
512376,0
512377,0
512378,22
512379,0
512380,0
512381,0
512382,0
512383,28
512384,20
512385,28
512386,0
512387,0
512388,27
512389,0
512390,0
512391,0
512392,38
512393,0
512394,8
512395,33
512396,0
512397,0
512398,40
512399,0
512400,0
512401,0
512402,0
512403,42
512404,0
512405,26
512406,8
512407,0
512408,0
512409,0
512410,0
512411,0
512412,0
512413,0
512414,0
512415,19
512416,69
512417,0
512418,0
512419,0
512420,38
512421,14
512422,0
512423,0
512424,26
512425,0
512426,29
512427,0
512428,0
512429,0
512430,0
512431,0
512432,0
512433,0
512434,0
512435,0
512436,0
512437,0
512438,0
512439,0
512440,0
512441,0
512442,0
512443,0
512444,0
512445,0
512446,0
512447,0
512448,0
512449,33
512450,0
512451,0
512452,68
512453,0
512454,0
512455,34
512456,0
512457,0
512458,0
512459,0
512460,0
512461,0
512462,0
512463,16
512464,0
512465,23
512466,0
512467,0
512468,0
512469,21
512470,11
512471,0
512472,0
512473,0
512474,0
512475,0
512476,20
512477,0
512478,15
512479,0
512480,0
512481,0
512482,0
512483,0
512484,0
512485,35
512486,15
512487,0
512488,0
512489,0
512490,0
512491,0
512492,0
512493,0
512494,0
512495,16
512496,0
512497,0
512498,0
512499,0
512500,0
512501,22
512502,13
512503,19
512504,0
512505,0
512506,0
512507,0
512508,0
512509,13
512510,0
512511,22
512512,0
512513,26
512514,0
512515,0
512516,0
512517,0
512518,0
512519,11
512520,0
512521,0
512522,0
512523,0
512524,0
512525,15
512526,0
512527,0
512528,0
512529,0
512530,18
512531,0
512532,0
512533,0
512534,15
512535,0
512536,0
512537,0
512538,0
512539,0
512540,0
512541,0
512542,0
512543,0
512544,13
512545,9
512546,0
512547,15
512548,23
512549,12
512550,21
512551,0
512552,0
512553,0
512554,0
512555,0
512556,0
512557,26
512558,12
512559,0
512560,0
512561,0
512562,0
512563,0
512564,0
512565,0
512566,11
512567,0
512568,0
512569,0
512570,0
512571,0
512572,14
512573,0
512574,0
512575,0
512576,0
512577,0
512578,13
512579,0
512580,14
512581,0
512582,0
512583,0
512584,0
512585,0
512586,15
512587,18
512588,19
512589,0
512590,0
512591,0
512592,0
512593,0
512594,0
512595,0
512596,0
512597,13
512598,0
512599,0
512600,22
512601,0
512602,0
512603,0
512604,0
512605,0
512606,0
512607,0
512608,0
512609,0
512610,17
512611,17
512612,0
512613,0
512614,0
512615,0
512616,0
512617,19
512618,0
512619,0
512620,0
512621,18
512622,0
512623,10
512624,0
512625,0
512626,0
512627,0
512628,0
512629,12
512630,0
512631,16
512632,0
512633,0
512634,0
512635,15
512636,0
512637,0
512638,0
512639,0
512640,0
512641,14
512642,0
512643,0
512644,0
512645,11
512646,0
512647,18
512648,16
512649,0
512650,0
512651,14
512652,11
512653,0
512654,20
512655,0
512656,0
512657,0
512658,20
512659,0
512660,18
512661,14
512662,0
512663,0
512664,0
512665,0
512666,0
512667,12
512668,0
512669,0
512670,0
512671,0
512672,0
512673,20
512674,0
512675,0
512676,0
512677,26
512678,0
512679,23
512680,11
512681,0
512682,0
512683,0
512684,0
512685,0
512686,0
512687,0
512688,0
512689,9
512690,14
512691,0
512692,0
512693,18
512694,0
512695,0
512696,20
512697,0
512698,0
512699,0
512700,0
512701,0
512702,9
512703,0
512704,0
512705,0
512706,0
512707,0
512708,0
512709,17
512710,0
512711,0
512712,14
512713,0
512714,0
512715,0
512716,14
512717,11
512718,0
512719,0
512720,0
512721,14
512722,0
512723,0
512724,19
512725,16
512726,12
512727,0
512728,25
512729,0
512730,0
512731,0
512732,13
512733,0
512734,0
512735,0
512736,0
512737,0
512738,0
512739,0
512740,14
512741,0
512742,0
512743,0
512744,0
512745,0
512746,0
512747,23
512748,0
512749,0
512750,15
512751,0
512752,0
512753,0
512754,21
512755,28
512756,0
512757,0
512758,23
512759,0
512760,0
512761,17
512762,27
512763,0
512764,0
512765,0
512766,21
512767,0
512768,19
512769,0
512770,0
512771,0
512772,15
512773,0
512774,21
512775,0
512776,0
512777,0
512778,0
512779,0
512780,0
512781,24
512782,18
512783,0
512784,0
512785,11
512786,0
512787,0
512788,0
512789,0
512790,0
512791,0
512792,0
512793,0
512794,19
512795,15
512796,0
512797,0
512798,0
512799,0
512800,19
512801,0
512802,0
512803,0
512804,0
512805,0
512806,0
512807,0
512808,0
512809,0
512810,0
512811,18
512812,0
512813,0
512814,23
512815,0
512816,0
512817,0
512818,0
512819,0
512820,0
512821,20
512822,0
512823,20
512824,0
512825,0
512826,0
512827,0
512828,0
512829,0
512830,0
512831,0
512832,0
512833,0
512834,0
512835,14
512836,0
512837,0
512838,20
512839,0
512840,0
512841,17
512842,0
512843,0
512844,0
512845,0
512846,15
512847,0
512848,0
512849,21
512850,0
512851,0
512852,0
512853,0
512854,0
512855,18
512856,0
512857,0
512858,0
512859,0
512860,25
512861,0
512862,0
512863,0
512864,20
512865,0
512866,13
512867,0
512868,12
512869,0
512870,14
512871,0
512872,0
512873,0
512874,0
512875,0
512876,0
512877,0
512878,12
512879,24
512880,0
512881,0
512882,0
512883,0
512884,0
512885,17
512886,22
512887,0
512888,16
512889,0
512890,0
512891,18
512892,28
512893,0
512894,0
512895,14
512896,0
512897,20
512898,0
512899,0
512900,0
512901,17
512902,0
512903,0
512904,12
512905,12
512906,0
512907,7
512908,11
512909,17
512910,0
512911,15
512912,0
512913,0
512914,0
512915,0
512916,0
512917,0
512918,0
512919,13
512920,15
512921,16
512922,0
512923,0
512924,0
512925,0
512926,19
512927,18
512928,0
512929,0
512930,0
512931,0
512932,0
512933,0
512934,0
512935,0
512936,0
512937,17
512938,0
512939,0
512940,0
512941,0
512942,13
512943,0
512944,0
512945,23
512946,0
512947,0
512948,14
512949,0
512950,0
512951,0
512952,0
512953,0
512954,0
512955,0
512956,28
512957,0
512958,0
512959,0
512960,13
512961,14
512962,19
512963,0
512964,0
512965,0
512966,15
512967,0
512968,0
512969,13
512970,0
512971,0
512972,0
512973,0
512974,0
512975,0
512976,0
512977,0
512978,0
512979,8
512980,0
512981,0
512982,0
512983,0
512984,0
512985,0
512986,0
512987,0
512988,0
512989,0
512990,0
512991,0
512992,0
512993,0
512994,0
512995,20
512996,0
512997,19
512998,0
512999,0
513000,0
513001,20
513002,0
513003,0
513004,0
513005,0
513006,0
513007,14
513008,15
513009,0
513010,15
513011,17
513012,17
513013,0
513014,27
513015,0
513016,0
513017,0
513018,0
513019,0
513020,21
513021,15
513022,13
513023,0
513024,0
513025,14
513026,0
513027,0
513028,16
513029,0
513030,0
513031,0
513032,0
513033,0
513034,0
513035,27
513036,0
513037,0
513038,0
513039,0
513040,0
513041,0
513042,0
513043,0
513044,0
513045,0
513046,0
513047,0
513048,0
513049,17
513050,0
513051,0
513052,0
513053,0
513054,19
513055,0
513056,0
513057,0
513058,0
513059,0
513060,0
513061,0
513062,0
513063,0
513064,0
513065,0
513066,0
513067,0
513068,0
513069,13
513070,0
513071,0
513072,0
513073,0
513074,0
513075,10
513076,0
513077,0
513078,0
513079,0
513080,0
513081,0
513082,0
513083,0
513084,12
513085,11
513086,0
513087,0
513088,0
513089,0
513090,6
513091,0
513092,9
513093,0
513094,0
513095,0
513096,0
513097,0
513098,0
513099,0
513100,0
513101,8
513102,0
513103,0
513104,0
513105,0
513106,0
513107,0
513108,8
513109,19
513110,0
513111,0
513112,0
513113,0
513114,0
513115,0
513116,0
513117,0
513118,17
513119,14
513120,0
513121,0
513122,0
513123,14
513124,14
513125,0
513126,0
513127,0
513128,0
513129,0
513130,0
513131,0
513132,0
513133,0
513134,0
513135,0
513136,0
513137,25
513138,0
513139,16
513140,0
513141,0
513142,0
513143,0
513144,0
513145,0
513146,0
513147,0
513148,19
513149,0
513150,0
513151,15
513152,0
513153,0
513154,32
513155,0
513156,0
513157,0
513158,0
513159,0
513160,0
513161,0
513162,0
513163,38
513164,0
513165,0
513166,0
513167,44
513168,0
513169,0
513170,0
513171,30
513172,0
513173,0
513174,29
513175,0
513176,32
513177,0
513178,39
513179,0
513180,0
513181,0
513182,0
513183,0
513184,0
513185,0
513186,0
513187,0
513188,0
513189,49
513190,45
513191,0
513192,0
513193,0
513194,0
513195,51
513196,0
513197,0
513198,0
513199,0
513200,0
513201,0
513202,45
513203,0
513204,0
513205,0
513206,0
513207,35
513208,0
513209,0
513210,0
513211,38
513212,0
513213,35
513214,0
513215,0
513216,0
513217,0
513218,32
513219,0
513220,0
513221,0
513222,0
513223,0
513224,54
513225,0
513226,0
513227,33
513228,0
513229,0
513230,0
513231,0
513232,0
513233,0
513234,0
513235,0
513236,0
513237,24
513238,0
513239,0
513240,0
513241,0
513242,30
513243,0
513244,40
513245,0
513246,0
513247,0
513248,50
513249,0
513250,34
513251,0
513252,0
513253,0
513254,0
513255,0
513256,38
513257,41
513258,0
513259,0
513260,0
513261,0
513262,0
513263,39
513264,0
513265,45
513266,0
513267,0
513268,0
513269,0
513270,0
513271,0
513272,0
513273,0
513274,0
513275,17
513276,37
513277,0
513278,0
513279,33
513280,0
513281,0
513282,0
513283,50
513284,43
513285,0
513286,0
513287,49
513288,47
513289,0
513290,0
513291,0
513292,0
513293,0
513294,0
513295,0
513296,0
513297,0
513298,0
513299,0
513300,0
513301,0
513302,0
513303,0
513304,0
513305,0
513306,39
513307,43
513308,0
513309,0
513310,0
513311,38
513312,0
513313,0
513314,0
513315,0
513316,42
513317,0
513318,0
513319,0
513320,0
513321,0
513322,25
513323,0
513324,0
513325,0
513326,0
513327,0
513328,0
513329,34
513330,0
513331,42
513332,0
513333,0
513334,0
513335,0
513336,0
513337,0
513338,0
513339,0
513340,0
513341,0
513342,0
513343,0
513344,0
513345,0
513346,46
513347,56
513348,39
513349,0
513350,0
513351,0
513352,0
513353,54
513354,0
513355,0
513356,0
513357,35
513358,0
513359,0
513360,0
513361,0
513362,0
513363,0
513364,0
513365,0
513366,0
513367,0
513368,0
513369,0
513370,43
513371,0
513372,0
513373,49
513374,0
513375,0
513376,0
513377,31
513378,0
513379,0
513380,0
513381,58
513382,0
513383,40
513384,29
513385,0
513386,0
513387,0
513388,47
513389,0
513390,0
513391,0
513392,0
513393,0
513394,0
513395,0
513396,0
513397,0
513398,0
513399,0
513400,39
513401,0
513402,0
513403,0
513404,0
513405,0
513406,0
513407,0
513408,0
513409,16
513410,0
513411,0
513412,0
513413,0
513414,0
513415,0
513416,0
513417,0
513418,0
513419,10
513420,0
513421,0
513422,0
513423,0
513424,0
513425,0
513426,0
513427,0
513428,0
513429,0
513430,0
513431,0
513432,16
513433,0
513434,0
513435,0
513436,0
513437,0
513438,0
513439,0
513440,0
513441,0
513442,0
513443,0
513444,0
513445,0
513446,0
513447,0
513448,0
513449,0
513450,0
513451,0
513452,0
513453,0
513454,0
513455,0
513456,0
513457,0
513458,0
513459,0
513460,0
513461,0
513462,0
513463,0
513464,0
513465,0
513466,0
513467,0
513468,0
513469,0
513470,0
513471,0
513472,0
513473,0
513474,0
513475,0
513476,0
513477,0
513478,0
513479,0
513480,0
513481,0
513482,0
513483,0
513484,0
513485,0
513486,0
513487,0
513488,0
513489,12
513490,0
513491,0
513492,0
513493,0
513494,0
513495,0
513496,0
513497,0
513498,0
513499,0
513500,17
513501,0
513502,0
513503,13
513504,0
513505,0
513506,0
513507,0
513508,0
513509,0
513510,0
513511,0
513512,0
513513,0
513514,0
513515,0
513516,0
513517,0
513518,0
513519,0
513520,0
513521,0
513522,0
513523,0
513524,0
513525,0
513526,0
513527,0
513528,0
513529,0
513530,0
513531,0
513532,0
513533,0
513534,0
513535,0
513536,0
513537,0
513538,0
513539,0
513540,0
513541,0
513542,28
513543,0
513544,0
513545,0
513546,0
513547,11
513548,0
513549,0
513550,0
513551,0
513552,0
513553,0
513554,0
513555,0
513556,0
513557,0
513558,0
513559,18
513560,0
513561,11
513562,21
513563,0
513564,0
513565,17
513566,0
513567,0
513568,0
513569,0
513570,0
513571,0
513572,13
513573,0
513574,0
513575,0
513576,0
513577,0
513578,0
513579,0
513580,0
513581,15
513582,0
513583,25
513584,0
513585,0
513586,0
513587,0
513588,0
513589,0
513590,0
513591,0
513592,0
513593,0
513594,0
513595,16
513596,0
513597,0
513598,0
513599,8
513600,0
513601,0
513602,0
513603,0
513604,0
513605,12
513606,0
513607,0
513608,0
513609,0
513610,0
513611,0
513612,0
513613,0
513614,0
513615,12
513616,0
513617,0
513618,0
513619,14
513620,0
513621,10
513622,0
513623,0
513624,0
513625,0
513626,0
513627,0
513628,0
513629,0
513630,0
513631,0
513632,0
513633,12
513634,0
513635,11
513636,0
513637,0
513638,0
513639,0
513640,0
513641,0
513642,0
513643,0
513644,0
513645,0
513646,0
513647,0
513648,0
513649,0
513650,0
513651,0
513652,12
513653,16
513654,0
513655,0
513656,0
513657,0
513658,11
513659,16
513660,0
513661,0
513662,0
513663,0
513664,0
513665,0
513666,0
513667,0
513668,0
513669,0
513670,0
513671,0
513672,0
513673,0
513674,0
513675,0
513676,0
513677,0
513678,0
513679,0
513680,0
513681,0
513682,0
513683,0
513684,0
513685,0
513686,0
513687,13
513688,0
513689,0
513690,0
513691,0
513692,0
513693,0
513694,0
513695,0
513696,0
513697,0
513698,0
513699,0
513700,0
513701,0
513702,0
513703,0
513704,0
513705,0
513706,0
513707,0
513708,0
513709,13
513710,0
513711,0
513712,0
513713,0
513714,0
513715,0
513716,14
513717,0
513718,0
513719,0
513720,0
513721,0
513722,0
513723,0
513724,0
513725,0
513726,0
513727,0
513728,0
513729,17
513730,0
513731,0
513732,0
513733,0
513734,0
513735,13
513736,0
513737,0
513738,0
513739,0
513740,0
513741,0
513742,0
513743,0
513744,0
513745,0
513746,0
513747,0
513748,0
513749,0
513750,0
513751,0
513752,0
513753,0
513754,0
513755,10
513756,0
513757,0
513758,0
513759,0
513760,0
513761,0
513762,0
513763,0
513764,0
513765,0
513766,0
513767,0
513768,14
513769,0
513770,16
513771,0
513772,0
513773,0
513774,0
513775,0
513776,0
513777,13
513778,0
513779,0
513780,13
513781,0
513782,0
513783,13
513784,0
513785,0
513786,0
513787,0
513788,0
513789,0
513790,0
513791,0
513792,0
513793,0
513794,0
513795,15
513796,0
513797,0
513798,0
513799,0
513800,0
513801,0
513802,0
513803,0
513804,0
513805,0
513806,0
513807,17
513808,0
513809,0
513810,0
513811,0
513812,0
513813,0
513814,0
513815,0
513816,0
513817,0
513818,28
513819,0
513820,0
513821,0
513822,23
513823,0
513824,32
513825,37
513826,0
513827,19
513828,0
513829,0
513830,0
513831,0
513832,0
513833,0
513834,0
513835,91
513836,0
513837,0
513838,0
513839,0
513840,0
513841,0
513842,0
513843,0
513844,0
513845,0
513846,59
513847,19
513848,0
513849,31
513850,0
513851,0
513852,0
513853,0
513854,0
513855,0
513856,42
513857,0
513858,0
513859,0
513860,0
513861,0
513862,0
513863,0
513864,0
513865,0
513866,0
513867,0
513868,0
513869,35
513870,0
513871,0
513872,0
513873,0
513874,0
513875,0
513876,0
513877,0
513878,13
513879,0
513880,0
513881,0
513882,31
513883,0
513884,0
513885,0
513886,30
513887,0
513888,0
513889,35
513890,0
513891,0
513892,0
513893,0
513894,0
513895,0
513896,0
513897,0
513898,38
513899,37
513900,0
513901,0
513902,41
513903,0
513904,0
513905,0
513906,0
513907,0
513908,0
513909,25
513910,0
513911,0
513912,0
513913,0
513914,0
513915,44
513916,0
513917,38
513918,0
513919,0
513920,0
513921,0
513922,0
513923,38
513924,36
513925,0
513926,28
513927,0
513928,37
513929,0
513930,23
513931,0
513932,0
513933,0
513934,0
513935,16
513936,0
513937,0
513938,0
513939,0
513940,49
513941,22
513942,0
513943,0
513944,37
513945,0
513946,0
513947,39
513948,26
513949,0
513950,0
513951,22
513952,0
513953,34
513954,0
513955,0
513956,0
513957,0
513958,0
513959,0
513960,0
513961,40
513962,0
513963,28
513964,0
513965,0
513966,0
513967,24
513968,43
513969,49
513970,0
513971,29
513972,0
513973,24
513974,0
513975,0
513976,0
513977,0
513978,0
513979,0
513980,0
513981,0
513982,0
513983,0
513984,0
513985,0
513986,0
513987,0
513988,0
513989,0
513990,0
513991,35
513992,0
513993,0
513994,33
513995,0
513996,0
513997,0
513998,0
513999,0
514000,0
514001,48
514002,0
514003,51
514004,24
514005,48
514006,0
514007,0
514008,26
514009,38
514010,0
514011,38
514012,0
514013,0
514014,0
514015,43
514016,0
514017,0
514018,0
514019,18
514020,0
514021,0
514022,41
514023,0
514024,0
514025,39
514026,41
514027,0
514028,0
514029,0
514030,0
514031,0
514032,0
514033,0
514034,0
514035,0
514036,0
514037,0
514038,0
514039,0
514040,47
514041,72
514042,0
514043,0
514044,0
514045,0
514046,0
514047,0
514048,0
514049,0
514050,23
514051,0
514052,0
514053,22
514054,0
514055,24
514056,0
514057,0
514058,0
514059,0
514060,0
514061,0
514062,0
514063,28
514064,0
514065,0
514066,0
514067,0
514068,0
514069,0
514070,0
514071,0
514072,0
514073,0
514074,30
514075,38
514076,0
514077,0
514078,0
514079,26
514080,0
514081,32
514082,0
514083,0
514084,0
514085,0
514086,0
514087,0
514088,0
514089,0
514090,15
514091,0
514092,27
514093,0
514094,0
514095,0
514096,0
514097,0
514098,0
514099,0
514100,0
514101,28
514102,0
514103,0
514104,0
514105,0
514106,0
514107,0
514108,42
514109,0
514110,0
514111,0
514112,0
514113,23
514114,51
514115,0
514116,0
514117,0
514118,34
514119,58
514120,13
514121,26
514122,34
514123,0
514124,0
514125,0
514126,0
514127,0
514128,0
514129,0
514130,0
514131,52
514132,0
514133,0
514134,44
514135,0
514136,0
514137,26
514138,28
514139,0
514140,0
514141,0
514142,24
514143,0
514144,35
514145,0
514146,0
514147,0
514148,0
514149,44
514150,45
514151,0
514152,54
514153,0
514154,0
514155,32
514156,0
514157,0
514158,0
514159,0
514160,0
514161,0
514162,0
514163,0
514164,0
514165,0
514166,0
514167,0
514168,25
514169,0
514170,0
514171,0
514172,0
514173,21
514174,0
514175,0
514176,22
514177,36
514178,41
514179,0
514180,0
514181,0
514182,0
514183,0
514184,0
514185,0
514186,0
514187,30
514188,52
514189,0
514190,0
514191,0
514192,0
514193,16
514194,0
514195,0
514196,0
514197,0
514198,13
514199,0
514200,0
514201,0
514202,0
514203,52
514204,0
514205,63
514206,0
514207,0
514208,0
514209,0
514210,0
514211,0
514212,41
514213,43
514214,0
514215,0
514216,0
514217,0
514218,0
514219,0
514220,26
514221,28
514222,44
514223,0
514224,0
514225,0
514226,0
514227,0
514228,0
514229,0
514230,0
514231,0
514232,0
514233,0
514234,0
514235,35
514236,0
514237,0
514238,0
514239,0
514240,0
514241,36
514242,0
514243,0
514244,0
514245,0
514246,23
514247,0
514248,0
514249,0
514250,0
514251,39
514252,60
514253,0
514254,0
514255,58
514256,0
514257,31
514258,0
514259,0
514260,0
514261,0
514262,29
514263,0
514264,0
514265,0
514266,0
514267,0
514268,0
514269,0
514270,53
514271,0
514272,0
514273,43
514274,37
514275,0
514276,0
514277,0
514278,0
514279,0
514280,0
514281,0
514282,0
514283,0
514284,0
514285,0
514286,0
514287,38
514288,0
514289,0
514290,0
514291,0
514292,0
514293,26
514294,0
514295,0
514296,0
514297,0
514298,0
514299,0
514300,0
514301,0
514302,0
514303,32
514304,57
514305,0
514306,0
514307,0
514308,0
514309,0
514310,0
514311,0
514312,33
514313,29
514314,0
514315,0
514316,0
514317,0
514318,0
514319,0
514320,19
514321,0
514322,0
514323,0
514324,0
514325,0
514326,0
514327,0
514328,36
514329,0
514330,0
514331,0
514332,0
514333,0
514334,0
514335,0
514336,0
514337,0
514338,0
514339,0
514340,0
514341,32
514342,0
514343,0
514344,0
514345,0
514346,0
514347,0
514348,0
514349,0
514350,0
514351,38
514352,0
514353,0
514354,0
514355,0
514356,0
514357,0
514358,0
514359,0
514360,32
514361,0
514362,0
514363,0
514364,0
514365,0
514366,0
514367,0
514368,0
514369,0
514370,0
514371,0
514372,27
514373,0
514374,0
514375,0
514376,0
514377,0
514378,0
514379,0
514380,0
514381,0
514382,0
514383,0
514384,0
514385,0
514386,0
514387,0
514388,0
514389,0
514390,0
514391,0
514392,0
514393,26
514394,0
514395,25
514396,0
514397,47
514398,0
514399,0
514400,0
514401,0
514402,0
514403,37
514404,0
514405,0
514406,0
514407,0
514408,54
514409,0
514410,0
514411,0
514412,0
514413,0
514414,23
514415,0
514416,0
514417,0
514418,0
514419,0
514420,0
514421,0
514422,0
514423,0
514424,0
514425,0
514426,0
514427,0
514428,0
514429,0
514430,0
514431,0
514432,0
514433,0
514434,0
514435,0
514436,0
514437,0
514438,0
514439,0
514440,0
514441,35
514442,37
514443,0
514444,0
514445,0
514446,0
514447,0
514448,0
514449,0
514450,0
514451,24
514452,0
514453,0
514454,0
514455,18
514456,30
514457,0
514458,0
514459,0
514460,0
514461,0
514462,0
514463,0
514464,0
514465,0
514466,0
514467,27
514468,0
514469,24
514470,0
514471,0
514472,0
514473,0
514474,0
514475,0
514476,0
514477,0
514478,0
514479,0
514480,27
514481,0
514482,0
514483,0
514484,0
514485,0
514486,0
514487,10
514488,0
514489,0
514490,0
514491,0
514492,0
514493,0
514494,0
514495,17
514496,0
514497,0
514498,0
514499,33
514500,0
514501,0
514502,0
514503,0
514504,0
514505,0
514506,0
514507,0
514508,0
514509,0
514510,0
514511,0
514512,0
514513,0
514514,0
514515,0
514516,0
514517,0
514518,0
514519,0
514520,0
514521,0
514522,0
514523,0
514524,0
514525,0
514526,0
514527,0
514528,0
514529,0
514530,0
514531,0
514532,0
514533,0
514534,0
514535,0
514536,0
514537,0
514538,0
514539,0
514540,0
514541,0
514542,0
514543,0
514544,0
514545,0
514546,0
514547,0
514548,0
514549,0
514550,0
514551,0
514552,0
514553,0
514554,0
514555,0
514556,0
514557,0
514558,0
514559,0
514560,0
514561,0
514562,0
514563,0
514564,0
514565,0
514566,0
514567,0
514568,0
514569,0
514570,0
514571,0
514572,0
514573,0
514574,17
514575,0
514576,12
514577,20
514578,0
514579,0
514580,0
514581,0
514582,0
514583,0
514584,24
514585,0
514586,0
514587,0
514588,0
514589,0
514590,0
514591,0
514592,0
514593,0
514594,0
514595,0
514596,0
514597,0
514598,0
514599,0
514600,0
514601,0
514602,0
514603,0
514604,32
514605,27
514606,0
514607,0
514608,0
514609,0
514610,0
514611,0
514612,0
514613,0
514614,0
514615,0
514616,0
514617,0
514618,27
514619,0
514620,0
514621,0
514622,17
514623,0
514624,0
514625,0
514626,0
514627,0
514628,0
514629,22
514630,8
514631,0
514632,0
514633,0
514634,0
514635,0
514636,0
514637,0
514638,0
514639,0
514640,0
514641,0
514642,0
514643,0
514644,0
514645,0
514646,0
514647,0
514648,0
514649,0
514650,31
514651,0
514652,0
514653,0
514654,0
514655,0
514656,0
514657,0
514658,0
514659,0
514660,0
514661,0
514662,0
514663,0
514664,0
514665,0
514666,0
514667,0
514668,0
514669,0
514670,0
514671,0
514672,0
514673,0
514674,0
514675,0
514676,27
514677,0
514678,0
514679,0
514680,0
514681,0
514682,0
514683,0
514684,0
514685,0
514686,0
514687,0
514688,0
514689,0
514690,0
514691,0
514692,20
514693,0
514694,0
514695,0
514696,0
514697,0
514698,33
514699,0
514700,0
514701,0
514702,0
514703,0
514704,0
514705,0
514706,0
514707,0
514708,0
514709,0
514710,0
514711,0
514712,0
514713,0
514714,0
514715,0
514716,0
514717,22
514718,0
514719,0
514720,0
514721,0
514722,0
514723,0
514724,0
514725,0
514726,0
514727,0
514728,19
514729,0
514730,24
514731,0
514732,0
514733,0
514734,0
514735,0
514736,0
514737,0
514738,0
514739,0
514740,0
514741,0
514742,0
514743,0
514744,0
514745,0
514746,0
514747,26
514748,0
514749,0
514750,0
514751,0
514752,0
514753,0
514754,0
514755,0
514756,0
514757,0
514758,0
514759,0
514760,0
514761,0
514762,0
514763,0
514764,0
514765,0
514766,0
514767,0
514768,40
514769,0
514770,0
514771,0
514772,0
514773,0
514774,0
514775,0
514776,0
514777,0
514778,24
514779,0
514780,0
514781,0
514782,0
514783,0
514784,0
514785,0
514786,0
514787,0
514788,0
514789,17
514790,16
514791,0
514792,0
514793,0
514794,0
514795,0
514796,0
514797,0
514798,12
514799,0
514800,0
514801,40
514802,0
514803,0
514804,0
514805,0
514806,0
514807,0
514808,0
514809,0
514810,0
514811,24
514812,0
514813,0
514814,0
514815,0
514816,0
514817,0
514818,0
514819,0
514820,0
514821,0
514822,0
514823,0
514824,0
514825,0
514826,0
514827,0
514828,0
514829,0
514830,0
514831,0
514832,0
514833,0
514834,0
514835,0
514836,0
514837,0
514838,0
514839,0
514840,0
514841,0
514842,0
514843,0
514844,36
514845,0
514846,0
514847,0
514848,0
514849,0
514850,0
514851,0
514852,0
514853,0
514854,0
514855,0
514856,0
514857,0
514858,0
514859,0
514860,16
514861,0
514862,0
514863,0
514864,0
514865,0
514866,0
514867,22
514868,0
514869,0
514870,0
514871,0
514872,0
514873,0
514874,0
514875,0
514876,0
514877,0
514878,0
514879,0
514880,29
514881,0
514882,0
514883,0
514884,0
514885,0
514886,0
514887,0
514888,0
514889,0
514890,10
514891,0
514892,0
514893,0
514894,24
514895,0
514896,0
514897,0
514898,0
514899,0
514900,0
514901,0
514902,0
514903,0
514904,0
514905,0
514906,0
514907,0
514908,0
514909,0
514910,0
514911,0
514912,0
514913,0
514914,0
514915,0
514916,0
514917,0
514918,22
514919,0
514920,0
514921,0
514922,0
514923,0
514924,0
514925,0
514926,0
514927,0
514928,0
514929,0
514930,0
514931,0
514932,0
514933,0
514934,0
514935,0
514936,0
514937,0
514938,0
514939,0
514940,0
514941,0
514942,0
514943,0
514944,0
514945,0
514946,0
514947,0
514948,0
514949,0
514950,0
514951,0
514952,0
514953,0
514954,0
514955,0
514956,0
514957,0
514958,0
514959,0
514960,0
514961,0
514962,0
514963,0
514964,21
514965,0
514966,0
514967,0
514968,0
514969,0
514970,0
514971,0
514972,0
514973,0
514974,0
514975,0
514976,0
514977,0
514978,0
514979,29
514980,0
514981,0
514982,0
514983,0
514984,0
514985,0
514986,0
514987,0
514988,0
514989,0
514990,0
514991,0
514992,0
514993,0
514994,0
514995,0
514996,0
514997,0
514998,0
514999,0
515000,0
515001,0
515002,0
515003,0
515004,0
515005,0
515006,0
515007,35
515008,0
515009,0
515010,0
515011,0
515012,0
515013,0
515014,0
515015,0
515016,0
515017,0
515018,0
515019,0
515020,25
515021,0
515022,0
515023,0
515024,0
515025,0
515026,0
515027,0
515028,0
515029,0
515030,0
515031,0
515032,0
515033,0
515034,0
515035,0
515036,0
515037,0
515038,0
515039,0
515040,0
515041,0
515042,0
515043,0
515044,13
515045,0
515046,0
515047,0
515048,0
515049,0
515050,0
515051,0
515052,0
515053,0
515054,23
515055,0
515056,0
515057,0
515058,0
515059,0
515060,0
515061,0
515062,0
515063,0
515064,0
515065,0
515066,0
515067,0
515068,0
515069,0
515070,0
515071,0
515072,0
515073,0
515074,0
515075,0
515076,0
515077,0
515078,0
515079,0
515080,0
515081,0
515082,0
515083,0
515084,0
515085,0
515086,0
515087,0
515088,0
515089,0
515090,0
515091,0
515092,20
515093,0
515094,26
515095,0
515096,0
515097,0
515098,0
515099,0
515100,0
515101,0
515102,0
515103,0
515104,16
515105,0
515106,0
515107,28
515108,0
515109,0
515110,0
515111,0
515112,0
515113,0
515114,0
515115,0
515116,0
515117,0
515118,0
515119,0
515120,0
515121,0
515122,0
515123,0
515124,19
515125,0
515126,0
515127,42
515128,0
515129,0
515130,0
515131,0
515132,0
515133,0
515134,0
515135,0
515136,0
515137,0
515138,0
515139,0
515140,0
515141,0
515142,0
515143,0
515144,0
515145,34
515146,0
515147,0
515148,0
515149,0
515150,0
515151,0
515152,30
515153,0
515154,0
515155,0
515156,0
515157,0
515158,0
515159,0
515160,0
515161,0
515162,37
515163,0
515164,26
515165,30
515166,0
515167,0
515168,0
515169,0
515170,0
515171,0
515172,0
515173,0
515174,0
515175,43
515176,0
515177,0
515178,0
515179,24
515180,25
515181,0
515182,0
515183,0
515184,0
515185,0
515186,0
515187,0
515188,35
515189,0
515190,0
515191,0
515192,34
515193,27
515194,0
515195,0
515196,18
515197,35
515198,0
515199,0
515200,0
515201,0
515202,0
515203,38
515204,0
515205,0
515206,0
515207,0
515208,0
515209,42
515210,0
515211,0
515212,0
515213,0
515214,0
515215,0
515216,0
515217,0
515218,0
515219,0
515220,24
515221,0
515222,0
515223,0
515224,17
515225,0
515226,0
515227,0
515228,0
515229,0
515230,26
515231,0
515232,0
515233,0
515234,0
515235,0
515236,0
515237,0
515238,0
515239,31
515240,26
515241,0
515242,0
515243,0
515244,0
515245,0
515246,0
515247,0
515248,18
515249,0
515250,24
515251,0
515252,0
515253,0
515254,0
515255,0
515256,0
515257,0
515258,0
515259,0
515260,28
515261,0
515262,0
515263,0
515264,31
515265,40
515266,0
515267,0
515268,21
515269,0
515270,0
515271,0
515272,0
515273,0
515274,0
515275,0
515276,0
515277,32
515278,24
515279,0
515280,46
515281,0
515282,0
515283,0
515284,0
515285,0
515286,41
515287,24
515288,0
515289,0
515290,0
515291,0
515292,0
515293,0
515294,33
515295,28
515296,0
515297,0
515298,29
515299,25
515300,0
515301,0
515302,0
515303,0
515304,0
515305,0
515306,0
515307,21
515308,0
515309,31
515310,0
515311,0
515312,0
515313,0
515314,0
515315,0
515316,0
515317,0
515318,0
515319,0
515320,31
515321,0
515322,0
515323,0
515324,0
515325,38
515326,0
515327,38
515328,30
515329,0
515330,0
515331,0
515332,0
515333,0
515334,0
515335,40
515336,0
515337,0
515338,0
515339,0
515340,0
515341,0
515342,0
515343,0
515344,0
515345,32
515346,0
515347,0
515348,0
515349,27
515350,23
515351,0
515352,0
515353,0
515354,20
515355,39
515356,0
515357,0
515358,0
515359,0
515360,0
515361,0
515362,0
515363,0
515364,0
515365,30
515366,0
515367,0
515368,0
515369,0
515370,0
515371,0
515372,44
515373,39
515374,0
515375,0
515376,0
515377,0
515378,0
515379,33
515380,0
515381,0
515382,0
515383,0
515384,0
515385,0
515386,35
515387,38
515388,0
515389,27
515390,0
515391,0
515392,0
515393,28
515394,0
515395,0
515396,0
515397,0
515398,46
515399,0
515400,32
515401,0
515402,0
515403,0
515404,0
515405,0
515406,0
515407,0
515408,0
515409,0
515410,0
515411,32
515412,0
515413,0
515414,0
515415,0
515416,0
515417,0
515418,0
515419,31
515420,26
515421,0
515422,0
515423,0
515424,0
515425,0
515426,0
515427,0
515428,30
515429,0
515430,0
515431,0
515432,40
515433,0
515434,0
515435,0
515436,0
515437,0
515438,0
515439,0
515440,49
515441,0
515442,0
515443,0
515444,0
515445,0
515446,0
515447,23
515448,0
515449,0
515450,0
515451,0
515452,0
515453,0
515454,0
515455,43
515456,0
515457,0
515458,0
515459,0
515460,17
515461,33
515462,0
515463,0
515464,0
515465,0
515466,0
515467,0
515468,0
515469,0
515470,0
515471,20
515472,21
515473,0
515474,0
515475,20
515476,0
515477,0
515478,0
515479,0
515480,0
515481,0
515482,24
515483,0
515484,0
515485,0
515486,0
515487,0
515488,26
515489,0
515490,0
515491,0
515492,0
515493,17
515494,0
515495,0
515496,0
515497,0
515498,0
515499,0
515500,0
515501,29
515502,0
515503,0
515504,33
515505,0
515506,0
515507,0
515508,33
515509,0
515510,0
515511,0
515512,0
515513,27
515514,22
515515,0
515516,0
515517,0
515518,0
515519,0
515520,0
515521,0
515522,0
515523,0
515524,14
515525,0
515526,0
515527,0
515528,0
515529,0
515530,0
515531,0
515532,16
515533,31
515534,0
515535,0
515536,0
515537,34
515538,0
515539,13
515540,0
515541,0
515542,0
515543,0
515544,0
515545,0
515546,0
515547,0
515548,0
515549,0
515550,0
515551,17
515552,0
515553,0
515554,0
515555,24
515556,0
515557,0
515558,21
515559,0
515560,37
515561,0
515562,0
515563,28
515564,0
515565,0
515566,0
515567,0
515568,0
515569,0
515570,31
515571,0
515572,0
515573,0
515574,0
515575,0
515576,0
515577,0
515578,0
515579,31
515580,44
515581,0
515582,0
515583,0
515584,0
515585,33
515586,0
515587,0
515588,0
515589,0
515590,0
515591,0
515592,34
515593,0
515594,0
515595,0
515596,0
515597,0
515598,0
515599,0
515600,0
515601,0
515602,0
515603,0
515604,0
515605,0
515606,0
515607,0
515608,0
515609,0
515610,0
515611,0
515612,0
515613,0
515614,23
515615,0
515616,36
515617,20
515618,0
515619,0
515620,0
515621,0
515622,27
515623,0
515624,0
515625,0
515626,0
515627,31
515628,0
515629,0
515630,0
515631,0
515632,24
515633,0
515634,0
515635,0
515636,0
515637,0
515638,0
515639,0
515640,27
515641,0
515642,0
515643,0
515644,0
515645,0
515646,0
515647,0
515648,0
515649,0
515650,0
515651,0
515652,0
515653,0
515654,20
515655,0
515656,0
515657,0
515658,0
515659,0
515660,0
515661,0
515662,0
515663,0
515664,0
515665,0
515666,0
515667,0
515668,0
515669,33
515670,0
515671,0
515672,0
515673,0
515674,0
515675,0
515676,0
515677,0
515678,0
515679,0
515680,0
515681,0
515682,0
515683,0
515684,0
515685,0
515686,0
515687,0
515688,31
515689,0
515690,0
515691,0
515692,0
515693,29
515694,0
515695,0
515696,0
515697,0
515698,0
515699,0
515700,0
515701,0
515702,0
515703,0
515704,0
515705,0
515706,0
515707,29
515708,37
515709,0
515710,23
515711,0
515712,34
515713,0
515714,0
515715,27
515716,0
515717,0
515718,0
515719,0
515720,39
515721,0
515722,0
515723,40
515724,0
515725,0
515726,0
515727,0
515728,20
515729,23
515730,0
515731,0
515732,44
515733,0
515734,0
515735,0
515736,0
515737,0
515738,0
515739,0
515740,0
515741,0
515742,20
515743,29
515744,0
515745,0
515746,34
515747,30
515748,0
515749,0
515750,0
515751,28
515752,0
515753,0
515754,0
515755,0
515756,0
515757,0
515758,19
515759,0
515760,0
515761,0
515762,0
515763,0
515764,0
515765,0
515766,0
515767,0
515768,0
515769,0
515770,24
515771,0
515772,0
515773,30
515774,34
515775,0
515776,0
515777,0
515778,0
515779,0
515780,31
515781,21
515782,0
515783,0
515784,0
515785,33
515786,31
515787,0
515788,0
515789,0
515790,0
515791,0
515792,0
515793,0
515794,0
515795,0
515796,0
515797,0
515798,0
515799,33
515800,0
515801,0
515802,0
515803,0
515804,0
515805,0
515806,0
515807,0
515808,29
515809,39
515810,0
515811,0
515812,0
515813,0
515814,0
515815,0
515816,0
515817,30
515818,0
515819,38
515820,0
515821,0
515822,21
515823,0
515824,0
515825,0
515826,17
515827,0
515828,0
515829,0
515830,26
515831,25
515832,0
515833,0
515834,0
515835,0
515836,0
515837,0
515838,0
515839,0
515840,0
515841,0
515842,0
515843,0
515844,0
515845,0
515846,0
515847,0
515848,0
515849,30
515850,40
515851,29
515852,39
515853,0
515854,0
515855,0
515856,0
515857,0
515858,0
515859,0
515860,0
515861,0
515862,33
515863,0
515864,0
515865,24
515866,0
515867,0
515868,0
515869,0
515870,0
515871,0
515872,0
515873,0
515874,0
515875,0
515876,0
515877,0
515878,0
515879,0
515880,0
515881,32
515882,0
515883,0
515884,0
515885,0
515886,0
515887,0
515888,0
515889,0
515890,0
515891,0
515892,0
515893,26
515894,28
515895,0
515896,16
515897,32
515898,31
515899,0
515900,0
515901,0
515902,0
515903,0
515904,0
515905,0
515906,0
515907,0
515908,0
515909,23
515910,0
515911,0
515912,44
515913,54
515914,26
515915,0
515916,58
515917,0
515918,0
515919,0
515920,0
515921,0
515922,0
515923,0
515924,0
515925,0
515926,38
515927,25
515928,0
515929,0
515930,0
515931,0
515932,21
515933,0
515934,0
515935,0
515936,0
515937,0
515938,0
515939,0
515940,0
515941,0
515942,0
515943,28
515944,27
515945,0
515946,28
515947,0
515948,29
515949,22
515950,23
515951,0
515952,0
515953,0
515954,0
515955,0
515956,0
515957,0
515958,0
515959,0
515960,0
515961,0
515962,0
515963,25
515964,0
515965,0
515966,22
515967,0
515968,0
515969,0
515970,29
515971,0
515972,25
515973,0
515974,0
515975,0
515976,0
515977,0
515978,0
515979,0
515980,0
515981,0
515982,0
515983,0
515984,0
515985,0
515986,0
515987,0
515988,0
515989,19
515990,0
515991,24
515992,0
515993,0
515994,13
515995,0
515996,0
515997,0
515998,0
515999,19
516000,0
516001,0
516002,0
516003,14
516004,0
516005,0
516006,23
516007,12
516008,0
516009,13
516010,0
516011,0
516012,0
516013,15
516014,0
516015,0
516016,0
516017,0
516018,0
516019,0
516020,0
516021,0
516022,0
516023,0
516024,0
516025,0
516026,0
516027,14
516028,0
516029,0
516030,0
516031,0
516032,0
516033,0
516034,0
516035,10
516036,12
516037,0
516038,18
516039,14
516040,0
516041,0
516042,0
516043,0
516044,0
516045,0
516046,6
516047,0
516048,0
516049,0
516050,19
516051,0
516052,0
516053,0
516054,0
516055,0
516056,0
516057,16
516058,0
516059,0
516060,0
516061,0
516062,0
516063,0
516064,0
516065,0
516066,0
516067,22
516068,17
516069,0
516070,0
516071,0
516072,0
516073,0
516074,0
516075,0
516076,0
516077,0
516078,0
516079,0
516080,0
516081,0
516082,0
516083,0
516084,12
516085,13
516086,0
516087,0
516088,0
516089,0
516090,0
516091,0
516092,0
516093,0
516094,0
516095,0
516096,0
516097,0
516098,0
516099,0
516100,0
516101,0
516102,0
516103,0
516104,0
516105,0
516106,0
516107,0
516108,0
516109,0
516110,0
516111,17
516112,0
516113,0
516114,0
516115,0
516116,0
516117,0
516118,0
516119,0
516120,0
516121,0
516122,0
516123,0
516124,0
516125,0
516126,0
516127,0
516128,0
516129,0
516130,0
516131,0
516132,0
516133,0
516134,0
516135,7
516136,0
516137,0
516138,0
516139,19
516140,0
516141,0
516142,19
516143,10
516144,0
516145,0
516146,17
516147,0
516148,0
516149,0
516150,0
516151,0
516152,0
516153,0
516154,0
516155,0
516156,0
516157,12
516158,0
516159,0
516160,0
516161,13
516162,0
516163,0
516164,0
516165,9
516166,0
516167,0
516168,13
516169,0
516170,18
516171,0
516172,0
516173,0
516174,0
516175,0
516176,0
516177,0
516178,0
516179,0
516180,0
516181,0
516182,0
516183,0
516184,0
516185,19
516186,0
516187,0
516188,0
516189,0
516190,8
516191,14
516192,16
516193,0
516194,0
516195,0
516196,11
516197,0
516198,0
516199,0
516200,16
516201,0
516202,0
516203,0
516204,0
516205,0
516206,0
516207,0
516208,13
516209,0
516210,0
516211,0
516212,0
516213,0
516214,0
516215,12
516216,0
516217,0
516218,0
516219,0
516220,0
516221,0
516222,15
516223,0
516224,0
516225,14
516226,7
516227,0
516228,0
516229,0
516230,0
516231,0
516232,0
516233,0
516234,0
516235,0
516236,16
516237,0
516238,0
516239,9
516240,0
516241,0
516242,0
516243,0
516244,0
516245,0
516246,0
516247,0
516248,0
516249,15
516250,0
516251,0
516252,15
516253,0
516254,18
516255,0
516256,0
516257,0
516258,0
516259,0
516260,23
516261,0
516262,0
516263,0
516264,0
516265,22
516266,0
516267,0
516268,0
516269,20
516270,0
516271,0
516272,0
516273,18
516274,0
516275,0
516276,0
516277,0
516278,0
516279,0
516280,0
516281,14
516282,11
516283,0
516284,0
516285,0
516286,14
516287,10
516288,0
516289,0
516290,24
516291,0
516292,0
516293,0
516294,0
516295,13
516296,0
516297,0
516298,0
516299,0
516300,0
516301,0
516302,0
516303,11
516304,12
516305,0
516306,0
516307,0
516308,0
516309,0
516310,0
516311,0
516312,0
516313,0
516314,0
516315,0
516316,0
516317,0
516318,0
516319,0
516320,0
516321,0
516322,0
516323,0
516324,0
516325,0
516326,13
516327,0
516328,0
516329,0
516330,19
516331,0
516332,0
516333,0
516334,0
516335,0
516336,0
516337,15
516338,9
516339,15
516340,0
516341,0
516342,9
516343,0
516344,8
516345,0
516346,18
516347,0
516348,0
516349,0
516350,0
516351,0
516352,0
516353,0
516354,0
516355,0
516356,0
516357,0
516358,18
516359,0
516360,0
516361,12
516362,0
516363,0
516364,0
516365,0
516366,0
516367,0
516368,0
516369,0
516370,0
516371,0
516372,0
516373,0
516374,0
516375,0
516376,0
516377,0
516378,0
516379,0
516380,0
516381,0
516382,0
516383,0
516384,0
516385,0
516386,0
516387,0
516388,11
516389,0
516390,0
516391,0
516392,0
516393,0
516394,0
516395,0
516396,13
516397,0
516398,0
516399,0
516400,0
516401,0
516402,0
516403,0
516404,0
516405,0
516406,11
516407,0
516408,12
516409,0
516410,11
516411,0
516412,23
516413,0
516414,14
516415,0
516416,0
516417,0
516418,0
516419,0
516420,0
516421,0
516422,0
516423,0
516424,0
516425,0
516426,0
516427,0
516428,15
516429,0
516430,0
516431,0
516432,0
516433,0
516434,0
516435,0
516436,11
516437,0
516438,0
516439,0
516440,0
516441,10
516442,0
516443,0
516444,0
516445,0
516446,0
516447,0
516448,0
516449,0
516450,0
516451,11
516452,0
516453,0
516454,0
516455,0
516456,13
516457,0
516458,0
516459,17
516460,0
516461,0
516462,0
516463,0
516464,0
516465,0
516466,0
516467,0
516468,0
516469,0
516470,0
516471,0
516472,0
516473,0
516474,0
516475,0
516476,12
516477,0
516478,16
516479,0
516480,0
516481,0
516482,0
516483,0
516484,0
516485,0
516486,0
516487,0
516488,0
516489,0
516490,0
516491,0
516492,0
516493,0
516494,0
516495,13
516496,0
516497,0
516498,0
516499,15
516500,0
516501,0
516502,0
516503,0
516504,0
516505,0
516506,0
516507,0
516508,10
516509,0
516510,0
516511,0
516512,0
516513,11
516514,0
516515,37
516516,0
516517,0
516518,0
516519,0
516520,0
516521,0
516522,19
516523,0
516524,0
516525,0
516526,0
516527,0
516528,19
516529,20
516530,0
516531,0
516532,0
516533,0
516534,0
516535,0
516536,0
516537,26
516538,0
516539,0
516540,0
516541,0
516542,0
516543,0
516544,0
516545,0
516546,23
516547,0
516548,0
516549,0
516550,0
516551,0
516552,0
516553,0
516554,27
516555,23
516556,0
516557,0
516558,0
516559,0
516560,17
516561,0
516562,0
516563,0
516564,0
516565,38
516566,0
516567,0
516568,0
516569,0
516570,0
516571,25
516572,0
516573,0
516574,0
516575,0
516576,24
516577,0
516578,27
516579,0
516580,0
516581,18
516582,0
516583,0
516584,0
516585,0
516586,32
516587,0
516588,0
516589,0
516590,0
516591,0
516592,0
516593,0
516594,20
516595,0
516596,0
516597,0
516598,0
516599,0
516600,0
516601,0
516602,0
516603,0
516604,0
516605,0
516606,0
516607,26
516608,0
516609,33
516610,0
516611,0
516612,0
516613,0
516614,0
516615,0
516616,0
516617,0
516618,0
516619,0
516620,0
516621,0
516622,0
516623,0
516624,0
516625,0
516626,25
516627,0
516628,0
516629,0
516630,0
516631,15
516632,0
516633,0
516634,0
516635,0
516636,0
516637,0
516638,0
516639,15
516640,0
516641,0
516642,0
516643,0
516644,30
516645,0
516646,0
516647,0
516648,0
516649,27
516650,16
516651,0
516652,0
516653,0
516654,0
516655,0
516656,31
516657,23
516658,0
516659,0
516660,0
516661,0
516662,0
516663,0
516664,22
516665,0
516666,0
516667,0
516668,0
516669,0
516670,16
516671,0
516672,0
516673,0
516674,0
516675,27
516676,29
516677,0
516678,0
516679,19
516680,0
516681,0
516682,0
516683,24
516684,0
516685,0
516686,0
516687,0
516688,0
516689,19
516690,0
516691,0
516692,0
516693,23
516694,0
516695,0
516696,27
516697,0
516698,23
516699,0
516700,0
516701,0
516702,0
516703,0
516704,0
516705,0
516706,0
516707,0
516708,26
516709,0
516710,0
516711,30
516712,0
516713,0
516714,0
516715,0
516716,0
516717,26
516718,0
516719,26
516720,0
516721,23
516722,0
516723,0
516724,0
516725,0
516726,30
516727,0
516728,0
516729,0
516730,0
516731,0
516732,0
516733,0
516734,0
516735,0
516736,19
516737,18
516738,0
516739,26
516740,0
516741,0
516742,34
516743,0
516744,0
516745,0
516746,0
516747,0
516748,0
516749,0
516750,0
516751,0
516752,0
516753,0
516754,0
516755,0
516756,0
516757,0
516758,31
516759,0
516760,13
516761,0
516762,0
516763,0
516764,22
516765,19
516766,0
516767,0
516768,23
516769,0
516770,0
516771,0
516772,0
516773,0
516774,0
516775,0
516776,31
516777,0
516778,0
516779,0
516780,0
516781,0
516782,0
516783,23
516784,0
516785,36
516786,0
516787,0
516788,35
516789,41
516790,0
516791,0
516792,0
516793,28
516794,0
516795,0
516796,0
516797,0
516798,0
516799,0
516800,0
516801,0
516802,0
516803,24
516804,0
516805,0
516806,27
516807,0
516808,0
516809,0
516810,0
516811,0
516812,0
516813,0
516814,0
516815,0
516816,0
516817,0
516818,0
516819,0
516820,0
516821,40
516822,23
516823,0
516824,0
516825,0
516826,0
516827,0
516828,0
516829,0
516830,24
516831,0
516832,0
516833,0
516834,0
516835,0
516836,26
516837,0
516838,0
516839,24
516840,0
516841,0
516842,25
516843,0
516844,22
516845,0
516846,0
516847,34
516848,0
516849,0
516850,0
516851,0
516852,0
516853,0
516854,0
516855,0
516856,0
516857,0
516858,0
516859,0
516860,0
516861,20
516862,0
516863,0
516864,0
516865,0
516866,0
516867,0
516868,0
516869,20
516870,0
516871,0
516872,0
516873,22
516874,0
516875,0
516876,0
516877,0
516878,24
516879,21
516880,0
516881,0
516882,0
516883,0
516884,0
516885,0
516886,0
516887,0
516888,15
516889,0
516890,0
516891,22
516892,0
516893,0
516894,0
516895,0
516896,22
516897,0
516898,0
516899,0
516900,0
516901,0
516902,0
516903,0
516904,15
516905,0
516906,0
516907,0
516908,0
516909,0
516910,0
516911,25
516912,0
516913,0
516914,0
516915,23
516916,14
516917,0
516918,0
516919,0
516920,0
516921,0
516922,0
516923,40
516924,0
516925,0
516926,0
516927,0
516928,0
516929,0
516930,0
516931,22
516932,0
516933,0
516934,0
516935,27
516936,26
516937,0
516938,19
516939,0
516940,27
516941,0
516942,0
516943,0
516944,0
516945,32
516946,0
516947,19
516948,0
516949,26
516950,0
516951,0
516952,18
516953,0
516954,25
516955,0
516956,0
516957,0
516958,38
516959,0
516960,0
516961,0
516962,0
516963,0
516964,21
516965,0
516966,0
516967,0
516968,0
516969,0
516970,0
516971,0
516972,0
516973,29
516974,0
516975,0
516976,0
516977,0
516978,0
516979,21
516980,0
516981,0
516982,19
516983,0
516984,0
516985,0
516986,0
516987,0
516988,0
516989,25
516990,0
516991,0
516992,0
516993,0
516994,26
516995,0
516996,0
516997,0
516998,0
516999,0
517000,19
517001,0
517002,32
517003,0
517004,0
517005,0
517006,13
517007,0
517008,0
517009,0
517010,37
517011,28
517012,0
517013,0
517014,0
517015,0
517016,0
517017,0
517018,18
517019,22
517020,0
517021,0
517022,0
517023,0
517024,0
517025,0
517026,0
517027,0
517028,0
517029,0
517030,0
517031,0
517032,0
517033,29
517034,24
517035,31
517036,30
517037,17
517038,0
517039,0
517040,0
517041,18
517042,0
517043,0
517044,0
517045,0
517046,20
517047,0
517048,0
517049,0
517050,0
517051,33
517052,0
517053,0
517054,0
517055,0
517056,0
517057,0
517058,0
517059,0
517060,21
517061,29
517062,0
517063,0
517064,0
517065,31
517066,0
517067,0
517068,0
517069,0
517070,0
517071,0
517072,37
517073,0
517074,0
517075,0
517076,0
517077,0
517078,0
517079,0
517080,0
517081,32
517082,35
517083,0
517084,37
517085,0
517086,24
517087,0
517088,28
517089,27
517090,0
517091,0
517092,0
517093,0
517094,0
517095,0
517096,0
517097,20
517098,10
517099,0
517100,0
517101,0
517102,0
517103,0
517104,21
517105,20
517106,0
517107,0
517108,0
517109,0
517110,0
517111,0
517112,0
517113,0
517114,24
517115,0
517116,26
517117,0
517118,33
517119,26
517120,0
517121,0
517122,0
517123,31
517124,0
517125,0
517126,0
517127,0
517128,0
517129,0
517130,26
517131,0
517132,0
517133,0
517134,0
517135,0
517136,0
517137,0
517138,24
517139,0
517140,0
517141,0
517142,0
517143,0
517144,0
517145,0
517146,0
517147,0
517148,0
517149,0
517150,27
517151,0
517152,0
517153,0
517154,25
517155,0
517156,0
517157,0
517158,0
517159,0
517160,30
517161,0
517162,0
517163,0
517164,0
517165,0
517166,0
517167,0
517168,0
517169,0
517170,13
517171,25
517172,0
517173,0
517174,25
517175,0
517176,0
517177,28
517178,29
517179,0
517180,19
517181,20
517182,22
517183,0
517184,0
517185,0
517186,0
517187,0
517188,19
517189,18
517190,0
517191,24
517192,0
517193,0
517194,0
517195,0
517196,32
517197,0
517198,0
517199,0
517200,0
517201,0
517202,0
517203,0
517204,0
517205,0
517206,0
517207,0
517208,17
517209,0
517210,40
517211,0
517212,0
517213,0
517214,0
517215,0
517216,0
517217,0
517218,0
517219,0
517220,0
517221,0
517222,0
517223,0
517224,28
517225,23
517226,24
517227,0
517228,0
517229,0
517230,0
517231,0
517232,0
517233,0
517234,0
517235,21
517236,14
517237,0
517238,25
517239,0
517240,0
517241,0
517242,20
517243,0
517244,0
517245,27
517246,0
517247,28
517248,0
517249,0
517250,0
517251,0
517252,0
517253,24
517254,22
517255,27
517256,0
517257,0
517258,0
517259,0
517260,0
517261,0
517262,0
517263,0
517264,21
517265,0
517266,13
517267,22
517268,0
517269,0
517270,32
517271,16
517272,0
517273,0
517274,17
517275,0
517276,0
517277,0
517278,0
517279,0
517280,21
517281,0
517282,0
517283,0
517284,0
517285,22
517286,0
517287,31
517288,0
517289,19
517290,31
517291,0
517292,20
517293,0
517294,0
517295,0
517296,0
517297,0
517298,25
517299,0
517300,0
517301,0
517302,0
517303,0
517304,0
517305,0
517306,21
517307,28
517308,0
517309,0
517310,0
517311,0
517312,39
517313,0
517314,0
517315,0
517316,0
517317,31
517318,0
517319,0
517320,0
517321,0
517322,0
517323,0
517324,0
517325,0
517326,30
517327,0
517328,0
517329,0
517330,0
517331,0
517332,27
517333,34
517334,0
517335,0
517336,0
517337,0
517338,0
517339,0
517340,0
517341,23
517342,0
517343,23
517344,0
517345,27
517346,0
517347,0
517348,0
517349,0
517350,0
517351,25
517352,0
517353,0
517354,22
517355,0
517356,0
517357,0
517358,0
517359,35
517360,25
517361,0
517362,0
517363,0
517364,20
517365,26
517366,0
517367,0
517368,0
517369,0
517370,38
517371,0
517372,0
517373,0
517374,0
517375,0
517376,0
517377,0
517378,0
517379,0
517380,0
517381,0
517382,0
517383,0
517384,0
517385,0
517386,0
517387,0
517388,0
517389,0
517390,0
517391,32
517392,19
517393,0
517394,0
517395,0
517396,0
517397,31
517398,0
517399,0
517400,0
517401,0
517402,27
517403,0
517404,0
517405,20
517406,13
517407,0
517408,0
517409,0
517410,0
517411,24
517412,0
517413,0
517414,0
517415,0
517416,20
517417,0
517418,16
517419,0
517420,0
517421,29
517422,0
517423,23
517424,0
517425,0
517426,0
517427,0
517428,0
517429,0
517430,0
517431,0
517432,0
517433,0
517434,0
517435,0
517436,0
517437,0
517438,0
517439,0
517440,0
517441,0
517442,0
517443,0
517444,0
517445,0
517446,0
517447,0
517448,0
517449,0
517450,0
517451,17
517452,0
517453,26
517454,22
517455,0
517456,0
517457,0
517458,0
517459,0
517460,0
517461,0
517462,0
517463,0
517464,0
517465,0
517466,0
517467,0
517468,0
517469,0
517470,25
517471,0
517472,0
517473,0
517474,0
517475,26
517476,0
517477,0
517478,37
517479,0
517480,0
517481,0
517482,0
517483,5
517484,0
517485,0
517486,0
517487,10
517488,10
517489,0
517490,0
517491,8
517492,0
517493,0
517494,0
517495,0
517496,0
517497,0
517498,0
517499,0
517500,0
517501,11
517502,0
517503,9
517504,0
517505,0
517506,0
517507,0
517508,0
517509,0
517510,0
517511,0
517512,0
517513,0
517514,0
517515,0
517516,0
517517,0
517518,0
517519,0
517520,6
517521,0
517522,0
517523,5
517524,0
517525,0
517526,0
517527,0
517528,0
517529,6
517530,0
517531,0
517532,0
517533,0
517534,10
517535,4
517536,0
517537,6
517538,0
517539,0
517540,0
517541,0
517542,0
517543,0
517544,7
517545,0
517546,0
517547,0
517548,7
517549,0
517550,0
517551,0
517552,0
517553,0
517554,0
517555,0
517556,11
517557,0
517558,0
517559,10
517560,0
517561,0
517562,0
517563,0
517564,0
517565,0
517566,2
517567,0
517568,0
517569,2
517570,15
517571,0
517572,0
517573,8
517574,0
517575,0
517576,0
517577,0
517578,0
517579,0
517580,0
517581,0
517582,0
517583,0
517584,0
517585,0
517586,0
517587,0
517588,0
517589,9
517590,0
517591,0
517592,9
517593,0
517594,0
517595,0
517596,0
517597,0
517598,0
517599,0
517600,0
517601,0
517602,9
517603,0
517604,0
517605,0
517606,0
517607,0
517608,13
517609,0
517610,0
517611,0
517612,0
517613,0
517614,0
517615,0
517616,0
517617,0
517618,0
517619,0
517620,0
517621,5
517622,0
517623,0
517624,0
517625,0
517626,0
517627,0
517628,0
517629,0
517630,0
517631,15
517632,0
517633,0
517634,0
517635,5
517636,0
517637,0
517638,0
517639,3
517640,0
517641,0
517642,0
517643,0
517644,0
517645,3
517646,0
517647,0
517648,0
517649,0
517650,0
517651,0
517652,0
517653,0
517654,0
517655,0
517656,0
517657,0
517658,0
517659,0
517660,0
517661,0
517662,0
517663,14
517664,0
517665,12
517666,7
517667,0
517668,0
517669,8
517670,14
517671,0
517672,0
517673,0
517674,11
517675,0
517676,5
517677,0
517678,0
517679,0
517680,0
517681,0
517682,0
517683,0
517684,0
517685,7
517686,0
517687,0
517688,0
517689,0
517690,0
517691,0
517692,0
517693,0
517694,0
517695,0
517696,0
517697,7
517698,0
517699,0
517700,0
517701,0
517702,0
517703,0
517704,0
517705,0
517706,0
517707,0
517708,0
517709,9
517710,0
517711,0
517712,7
517713,0
517714,0
517715,0
517716,0
517717,7
517718,9
517719,0
517720,0
517721,0
517722,8
517723,5
517724,0
517725,0
517726,4
517727,0
517728,0
517729,0
517730,0
517731,0
517732,0
517733,0
517734,8
517735,5
517736,0
517737,0
517738,0
517739,0
517740,0
517741,0
517742,0
517743,0
517744,0
517745,6
517746,0
517747,0
517748,0
517749,0
517750,0
517751,0
517752,7
517753,0
517754,0
517755,0
517756,0
517757,7
517758,0
517759,0
517760,0
517761,0
517762,0
517763,0
517764,0
517765,0
517766,0
517767,7
517768,0
517769,8
517770,7
517771,0
517772,0
517773,0
517774,0
517775,0
517776,0
517777,0
517778,0
517779,0
517780,0
517781,0
517782,10
517783,0
517784,0
517785,0
517786,0
517787,0
517788,0
517789,0
517790,0
517791,0
517792,7
517793,0
517794,0
517795,0
517796,7
517797,0
517798,0
517799,0
517800,0
517801,5
517802,0
517803,6
517804,5
517805,0
517806,0
517807,0
517808,0
517809,0
517810,7
517811,0
517812,0
517813,0
517814,0
517815,3
517816,0
517817,0
517818,0
517819,0
517820,0
517821,0
517822,0
517823,0
517824,0
517825,0
517826,0
517827,0
517828,0
517829,0
517830,0
517831,0
517832,0
517833,0
517834,0
517835,10
517836,10
517837,9
517838,6
517839,0
517840,0
517841,6
517842,0
517843,0
517844,0
517845,0
517846,0
517847,0
517848,13
517849,0
517850,0
517851,0
517852,4
517853,0
517854,0
517855,0
517856,0
517857,0
517858,0
517859,0
517860,9
517861,0
517862,0
517863,0
517864,0
517865,0
517866,0
517867,0
517868,0
517869,0
517870,0
517871,0
517872,0
517873,0
517874,0
517875,0
517876,15
517877,5
517878,0
517879,0
517880,0
517881,0
517882,0
517883,17
517884,0
517885,0
517886,11
517887,3
517888,0
517889,0
517890,4
517891,0
517892,3
517893,0
517894,0
517895,0
517896,0
517897,0
517898,11
517899,0
517900,10
517901,6
517902,0
517903,0
517904,0
517905,10
517906,0
517907,0
517908,0
517909,0
517910,0
517911,0
517912,0
517913,0
517914,6
517915,12
517916,0
517917,0
517918,0
517919,16
517920,5
517921,0
517922,0
517923,0
517924,0
517925,0
517926,0
517927,0
517928,0
517929,0
517930,0
517931,0
517932,0
517933,9
517934,11
517935,8
517936,6
517937,0
517938,13
517939,7
517940,0
517941,0
517942,0
517943,0
517944,8
517945,4
517946,7
517947,0
517948,0
517949,9
517950,9
517951,0
517952,0
517953,0
517954,0
517955,7
517956,3
517957,5
517958,6
517959,0
517960,0
517961,0
517962,0
517963,0
517964,0
517965,0
517966,11
517967,7
517968,3
517969,0
517970,0
517971,7
517972,0
517973,0
517974,0
517975,0
517976,0
517977,0
517978,8
517979,3
517980,3
517981,0
517982,6
517983,8
517984,0
517985,0
517986,0
517987,11
517988,0
517989,10
517990,0
517991,0
517992,0
517993,0
517994,7
517995,0
517996,0
517997,0
517998,0
517999,0
518000,0
518001,0
518002,7
518003,0
518004,0
518005,0
518006,10
518007,0
518008,6
518009,10
518010,0
518011,0
518012,0
518013,0
518014,0
518015,0
518016,3
518017,0
518018,0
518019,0
518020,0
518021,0
518022,0
518023,8
518024,0
518025,0
518026,0
518027,0
518028,0
518029,0
518030,0
518031,0
518032,0
518033,0
518034,0
518035,0
518036,10
518037,0
518038,0
518039,8
518040,0
518041,0
518042,0
518043,0
518044,0
518045,0
518046,0
518047,0
518048,5
518049,0
518050,0
518051,0
518052,0
518053,7
518054,0
518055,0
518056,0
518057,0
518058,0
518059,0
518060,0
518061,4
518062,6
518063,0
518064,0
518065,0
518066,0
518067,0
518068,4
518069,0
518070,0
518071,0
518072,0
518073,0
518074,0
518075,0
518076,0
518077,0
518078,0
518079,0
518080,0
518081,0
518082,0
518083,0
518084,0
518085,8
518086,0
518087,0
518088,0
518089,0
518090,0
518091,0
518092,0
518093,0
518094,0
518095,4
518096,0
518097,0
518098,0
518099,9
518100,10
518101,8
518102,0
518103,0
518104,0
518105,0
518106,0
518107,0
518108,9
518109,5
518110,0
518111,0
518112,0
518113,0
518114,0
518115,0
518116,0
518117,0
518118,0
518119,0
518120,3
518121,0
518122,0
518123,0
518124,7
518125,0
518126,0
518127,5
518128,9
518129,0
518130,13
518131,0
518132,0
518133,0
518134,0
518135,0
518136,5
518137,0
518138,0
518139,0
518140,0
518141,0
518142,4
518143,0
518144,0
518145,0
518146,0
518147,0
518148,0
518149,0
518150,0
518151,5
518152,9
518153,0
518154,0
518155,0
518156,0
518157,0
518158,0
518159,11
518160,0
518161,0
518162,0
518163,4
518164,0
518165,0
518166,0
518167,0
518168,0
518169,11
518170,0
518171,0
518172,0
518173,10
518174,0
518175,0
518176,0
518177,0
518178,0
518179,0
518180,0
518181,0
518182,0
518183,0
518184,0
518185,7
518186,0
518187,0
518188,0
518189,0
518190,0
518191,0
518192,0
518193,0
518194,12
518195,4
518196,0
518197,10
518198,0
518199,0
518200,0
518201,9
518202,0
518203,0
518204,0
518205,8
518206,0
518207,0
518208,0
518209,0
518210,0
518211,0
518212,0
518213,0
518214,6
518215,0
518216,0
518217,0
518218,0
518219,0
518220,0
518221,0
518222,0
518223,0
518224,0
518225,7
518226,0
518227,0
518228,0
518229,0
518230,0
518231,0
518232,0
518233,0
518234,0
518235,0
518236,10
518237,0
518238,0
518239,9
518240,0
518241,0
518242,8
518243,0
518244,5
518245,0
518246,0
518247,0
518248,0
518249,0
518250,0
518251,0
518252,0
518253,7
518254,13
518255,0
518256,7
518257,0
518258,0
518259,0
518260,0
518261,0
518262,0
518263,0
518264,0
518265,5
518266,6
518267,0
518268,0
518269,0
518270,0
518271,4
518272,0
518273,0
518274,0
518275,0
518276,8
518277,10
518278,0
518279,0
518280,0
518281,0
518282,0
518283,6
518284,0
518285,0
518286,0
518287,0
518288,0
518289,8
518290,10
518291,0
518292,0
518293,0
518294,0
518295,0
518296,0
518297,0
518298,0
518299,0
518300,0
518301,10
518302,0
518303,0
518304,0
518305,0
518306,11
518307,0
518308,0
518309,11
518310,0
518311,8
518312,0
518313,0
518314,8
518315,7
518316,0
518317,0
518318,15
518319,5
518320,0
518321,0
518322,0
518323,0
518324,0
518325,0
518326,0
518327,0
518328,0
518329,0
518330,0
518331,0
518332,0
518333,4
518334,0
518335,0
518336,0
518337,0
518338,0
518339,0
518340,0
518341,8
518342,11
518343,0
518344,0
518345,0
518346,0
518347,0
518348,0
518349,0
518350,0
518351,0
518352,0
518353,11
518354,0
518355,0
518356,0
518357,0
518358,0
518359,0
518360,0
518361,0
518362,0
518363,0
518364,0
518365,0
518366,0
518367,0
518368,0
518369,0
518370,0
518371,0
518372,0
518373,0
518374,0
518375,0
518376,0
518377,0
518378,9
518379,7
518380,0
518381,0
518382,0
518383,0
518384,0
518385,0
518386,0
518387,0
518388,0
518389,5
518390,0
518391,0
518392,0
518393,0
518394,2
518395,0
518396,6
518397,0
518398,6
518399,10
518400,0
518401,0
518402,10
518403,0
518404,6
518405,0
518406,0
518407,12
518408,0
518409,0
518410,0
518411,5
518412,7
518413,8
518414,3
518415,0
518416,6
518417,0
518418,7
518419,0
518420,0
518421,0
518422,6
518423,0
518424,0
518425,8
518426,0
518427,7
518428,0
518429,6
518430,0
518431,6
518432,0
518433,0
518434,0
518435,0
518436,0
518437,0
518438,0
518439,0
518440,0
518441,0
518442,0
518443,12
518444,0
518445,0
518446,0
518447,0
518448,0
518449,0
518450,0
518451,0
518452,0
518453,0
518454,0
518455,0
518456,0
518457,8
518458,8
518459,10
518460,0
518461,8
518462,10
518463,0
518464,0
518465,0
518466,0
518467,4
518468,0
518469,0
518470,9
518471,0
518472,0
518473,4
518474,0
518475,0
518476,0
518477,0
518478,0
518479,11
518480,0
518481,0
518482,0
518483,0
518484,0
518485,0
518486,0
518487,0
518488,0
518489,6
518490,0
518491,0
518492,0
518493,4
518494,0
518495,10
518496,4
518497,0
518498,4
518499,10
518500,0
518501,0
518502,12
518503,0
518504,0
518505,0
518506,0
518507,0
518508,4
518509,0
518510,0
518511,0
518512,10
518513,0
518514,4
518515,4
518516,0
518517,0
518518,0
518519,0
518520,0
518521,0
518522,0
518523,0
518524,0
518525,0
518526,0
518527,10
518528,11
518529,0
518530,0
518531,19
518532,0
518533,0
518534,0
518535,10
518536,5
518537,0
518538,5
518539,0
518540,10
518541,0
518542,0
518543,0
518544,0
518545,0
518546,0
518547,0
518548,0
518549,7
518550,0
518551,0
518552,0
518553,0
518554,6
518555,0
518556,0
518557,0
518558,0
518559,0
518560,0
518561,0
518562,8
518563,0
518564,0
518565,0
518566,10
518567,0
518568,0
518569,0
518570,8
518571,6
518572,0
518573,0
518574,0
518575,9
518576,13
518577,9
518578,10
518579,0
518580,0
518581,0
518582,0
518583,10
518584,0
518585,0
518586,0
518587,9
518588,0
518589,0
518590,0
518591,0
518592,6
518593,0
518594,3
518595,0
518596,0
518597,0
518598,0
518599,0
518600,3
518601,0
518602,0
518603,0
518604,0
518605,0
518606,0
518607,0
518608,0
518609,0
518610,0
518611,0
518612,0
518613,9
518614,9
518615,0
518616,0
518617,0
518618,7
518619,4
518620,0
518621,0
518622,0
518623,0
518624,7
518625,5
518626,6
518627,7
518628,10
518629,0
518630,0
518631,0
518632,8
518633,0
518634,5
518635,11
518636,0
518637,6
518638,0
518639,8
518640,0
518641,0
518642,0
518643,6
518644,0
518645,0
518646,11
518647,8
518648,0
518649,8
518650,8
518651,7
518652,0
518653,0
518654,0
518655,0
518656,2
518657,8
518658,10
518659,10
518660,0
518661,0
518662,8
518663,0
518664,0
518665,10
518666,4
518667,0
518668,0
518669,0
518670,0
518671,0
518672,0
518673,0
518674,10
518675,0
518676,0
518677,10
518678,0
518679,7
518680,0
518681,0
518682,0
518683,0
518684,0
518685,0
518686,0
518687,0
518688,0
518689,0
518690,0
518691,0
518692,0
518693,0
518694,0
518695,0
518696,0
518697,4
518698,0
518699,0
518700,0
518701,3
518702,0
518703,7
518704,0
518705,0
518706,0
518707,0
518708,0
518709,0
518710,8
518711,0
518712,6
518713,0
518714,0
518715,0
518716,0
518717,11
518718,0
518719,7
518720,0
518721,0
518722,0
518723,0
518724,0
518725,0
518726,0
518727,0
518728,0
518729,11
518730,6
518731,0
518732,0
518733,0
518734,0
518735,5
518736,0
518737,0
518738,0
518739,0
518740,0
518741,0
518742,7
518743,0
518744,0
518745,0
518746,0
518747,0
518748,0
518749,0
518750,6
518751,11
518752,0
518753,0
518754,7
518755,13
518756,0
518757,0
518758,0
518759,0
518760,0
518761,0
518762,0
518763,0
518764,0
518765,0
518766,0
518767,0
518768,0
518769,0
518770,0
518771,0
518772,0
518773,0
518774,0
518775,0
518776,0
518777,7
518778,0
518779,0
518780,0
518781,0
518782,0
518783,0
518784,0
518785,11
518786,0
518787,0
518788,9
518789,13
518790,0
518791,15
518792,9
518793,7
518794,6
518795,0
518796,0
518797,0
518798,0
518799,0
518800,0
518801,0
518802,7
518803,10
518804,0
518805,0
518806,7
518807,0
518808,0
518809,0
518810,0
518811,0
518812,0
518813,0
518814,0
518815,0
518816,0
518817,11
518818,0
518819,0
518820,0
518821,11
518822,0
518823,0
518824,0
518825,9
518826,0
518827,0
518828,0
518829,0
518830,0
518831,0
518832,0
518833,0
518834,0
518835,0
518836,8
518837,0
518838,0
518839,0
518840,0
518841,0
518842,6
518843,0
518844,0
518845,0
518846,0
518847,5
518848,0
518849,0
518850,0
518851,8
518852,0
518853,0
518854,6
518855,0
518856,8
518857,0
518858,0
518859,0
518860,0
518861,0
518862,0
518863,0
518864,0
518865,0
518866,0
518867,0
518868,0
518869,0
518870,10
518871,0
518872,0
518873,9
518874,5
518875,0
518876,9
518877,0
518878,8
518879,0
518880,7
518881,0
518882,0
518883,0
518884,0
518885,0
518886,11
518887,9
518888,0
518889,3
518890,0
518891,0
518892,0
518893,0
518894,5
518895,0
518896,5
518897,0
518898,0
518899,0
518900,0
518901,4
518902,0
518903,0
518904,8
518905,0
518906,0
518907,6
518908,0
518909,0
518910,8
518911,6
518912,0
518913,0
518914,4
518915,0
518916,10
518917,0
518918,0
518919,5
518920,0
518921,11
518922,0
518923,12
518924,0
518925,0
518926,6
518927,5
518928,0
518929,0
518930,0
518931,0
518932,0
518933,0
518934,0
518935,0
518936,0
518937,0
518938,0
518939,0
518940,0
518941,4
518942,0
518943,0
518944,0
518945,4
518946,7
518947,8
518948,0
518949,0
518950,0
518951,0
518952,11
518953,0
518954,0
518955,6
518956,0
518957,0
518958,0
518959,0
518960,0
518961,0
518962,12
518963,0
518964,0
518965,0
518966,8
518967,0
518968,0
518969,0
518970,2
518971,0
518972,17
518973,0
518974,0
518975,0
518976,0
518977,0
518978,9
518979,0
518980,0
518981,0
518982,0
518983,0
518984,0
518985,0
518986,8
518987,4
518988,13
518989,7
518990,0
518991,3
518992,1
518993,0
518994,0
518995,0
518996,8
518997,0
518998,11
518999,6
519000,0
519001,0
519002,3
519003,0
519004,0
519005,0
519006,0
519007,1
519008,0
519009,0
519010,4
519011,7
519012,0
519013,0
519014,0
519015,0
519016,0
519017,0
519018,0
519019,0
519020,0
519021,5
519022,0
519023,0
519024,0
519025,0
519026,0
519027,0
519028,10
519029,0
519030,0
519031,0
519032,5
519033,0
519034,0
519035,0
519036,0
519037,0
519038,5
519039,0
519040,10
519041,3
519042,0
519043,0
519044,0
519045,0
519046,0
519047,0
519048,3
519049,0
519050,0
519051,0
519052,0
519053,0
519054,0
519055,3
519056,0
519057,13
519058,0
519059,0
519060,0
519061,0
519062,7
519063,0
519064,0
519065,0
519066,0
519067,0
519068,0
519069,0
519070,10
519071,0
519072,0
519073,0
519074,0
519075,4
519076,0
519077,0
519078,9
519079,0
519080,0
519081,3
519082,0
519083,0
519084,0
519085,0
519086,12
519087,4
519088,0
519089,13
519090,5
519091,0
519092,0
519093,0
519094,0
519095,0
519096,9
519097,8
519098,0
519099,4
519100,0
519101,0
519102,7
519103,0
519104,11
519105,11
519106,0
519107,0
519108,0
519109,0
519110,0
519111,0
519112,0
519113,0
519114,0
519115,0
519116,0
519117,11
519118,6
519119,0
519120,0
519121,3
519122,0
519123,0
519124,0
519125,0
519126,0
519127,0
519128,0
519129,0
519130,4
519131,0
519132,6
519133,0
519134,6
519135,0
519136,0
519137,8
519138,0
519139,0
519140,0
519141,12
519142,0
519143,0
519144,0
519145,0
519146,0
519147,0
519148,8
519149,0
519150,0
519151,0
519152,0
519153,0
519154,0
519155,5
519156,15
519157,0
519158,0
519159,14
519160,11
519161,0
519162,4
519163,0
519164,7
519165,0
519166,0
519167,0
519168,5
519169,0
519170,0
519171,0
519172,0
519173,7
519174,0
519175,0
519176,0
519177,6
519178,0
519179,0
519180,0
519181,0
519182,11
519183,0
519184,0
519185,0
519186,0
519187,0
519188,0
519189,0
519190,0
519191,10
519192,0
519193,0
519194,0
519195,0
519196,0
519197,0
519198,0
519199,0
519200,0
519201,12
519202,0
519203,0
519204,0
519205,0
519206,11
519207,0
519208,5
519209,3
519210,11
519211,0
519212,0
519213,0
519214,0
519215,0
519216,0
519217,10
519218,0
519219,0
519220,0
519221,0
519222,0
519223,0
519224,7
519225,0
519226,0
519227,0
519228,0
519229,0
519230,0
519231,26
519232,0
519233,0
519234,0
519235,0
519236,0
519237,0
519238,0
519239,0
519240,0
519241,0
519242,0
519243,0
519244,0
519245,0
519246,24
519247,0
519248,20
519249,36
519250,0
519251,54
519252,0
519253,0
519254,0
519255,0
519256,0
519257,0
519258,0
519259,20
519260,0
519261,0
519262,0
519263,48
519264,28
519265,0
519266,0
519267,0
519268,0
519269,37
519270,0
519271,0
519272,0
519273,0
519274,0
519275,0
519276,15
519277,45
519278,0
519279,26
519280,0
519281,0
519282,42
519283,0
519284,0
519285,0
519286,39
519287,0
519288,0
519289,0
519290,0
519291,0
519292,30
519293,0
519294,0
519295,21
519296,51
519297,0
519298,0
519299,0
519300,0
519301,0
519302,0
519303,0
519304,0
519305,32
519306,0
519307,0
519308,0
519309,0
519310,0
519311,28
519312,0
519313,0
519314,0
519315,0
519316,0
519317,0
519318,0
519319,0
519320,0
519321,0
519322,42
519323,31
519324,0
519325,26
519326,0
519327,0
519328,26
519329,33
519330,0
519331,47
519332,38
519333,0
519334,0
519335,0
519336,29
519337,0
519338,0
519339,0
519340,56
519341,0
519342,0
519343,48
519344,0
519345,0
519346,0
519347,0
519348,24
519349,21
519350,22
519351,0
519352,0
519353,0
519354,30
519355,0
519356,0
519357,0
519358,0
519359,0
519360,47
519361,39
519362,0
519363,0
519364,0
519365,0
519366,0
519367,0
519368,0
519369,0
519370,54
519371,0
519372,0
519373,45
519374,0
519375,0
519376,0
519377,34
519378,0
519379,0
519380,0
519381,24
519382,0
519383,0
519384,0
519385,0
519386,0
519387,25
519388,0
519389,36
519390,23
519391,0
519392,0
519393,0
519394,28
519395,0
519396,0
519397,13
519398,0
519399,0
519400,0
519401,32
519402,0
519403,0
519404,0
519405,0
519406,0
519407,44
519408,0
519409,0
519410,0
519411,25
519412,0
519413,0
519414,0
519415,45
519416,35
519417,0
519418,0
519419,0
519420,0
519421,0
519422,0
519423,0
519424,0
519425,0
519426,0
519427,22
519428,0
519429,0
519430,0
519431,0
519432,0
519433,0
519434,40
519435,0
519436,0
519437,0
519438,0
519439,0
519440,27
519441,0
519442,0
519443,0
519444,0
519445,0
519446,0
519447,0
519448,0
519449,0
519450,0
519451,0
519452,58
519453,0
519454,0
519455,0
519456,0
519457,27
519458,38
519459,30
519460,0
519461,0
519462,0
519463,0
519464,16
519465,0
519466,0
519467,0
519468,0
519469,0
519470,0
519471,27
519472,0
519473,0
519474,22
519475,21
519476,0
519477,0
519478,0
519479,0
519480,0
519481,0
519482,0
519483,0
519484,0
519485,0
519486,0
519487,0
519488,0
519489,0
519490,0
519491,27
519492,0
519493,0
519494,0
519495,34
519496,35
519497,0
519498,0
519499,0
519500,0
519501,0
519502,18
519503,0
519504,0
519505,0
519506,0
519507,0
519508,0
519509,0
519510,0
519511,0
519512,0
519513,0
519514,0
519515,0
519516,0
519517,0
519518,29
519519,50
519520,0
519521,0
519522,0
519523,0
519524,0
519525,0
519526,0
519527,0
519528,0
519529,0
519530,0
519531,0
519532,0
519533,0
519534,0
519535,0
519536,0
519537,0
519538,0
519539,41
519540,0
519541,0
519542,0
519543,32
519544,0
519545,0
519546,0
519547,0
519548,45
519549,18
519550,39
519551,0
519552,0
519553,0
519554,0
519555,0
519556,0
519557,0
519558,0
519559,0
519560,39
519561,0
519562,0
519563,0
519564,25
519565,0
519566,0
519567,0
519568,68
519569,0
519570,0
519571,32
519572,0
519573,0
519574,0
519575,40
519576,0
519577,59
519578,0
519579,37
519580,0
519581,0
519582,0
519583,0
519584,0
519585,0
519586,33
519587,44
519588,0
519589,0
519590,0
519591,0
519592,0
519593,0
519594,0
519595,0
519596,0
519597,0
519598,0
519599,0
519600,0
519601,0
519602,0
519603,34
519604,0
519605,0
519606,0
519607,0
519608,0
519609,0
519610,19
519611,63
519612,0
519613,0
519614,68
519615,0
519616,0
519617,19
519618,0
519619,0
519620,0
519621,0
519622,38
519623,0
519624,0
519625,0
519626,40
519627,38
519628,0
519629,0
519630,0
519631,33
519632,0
519633,0
519634,0
519635,0
519636,0
519637,0
519638,0
519639,49
519640,0
519641,34
519642,0
519643,32
519644,0
519645,0
519646,0
519647,33
519648,0
519649,37
519650,0
519651,50
519652,0
519653,0
519654,33
519655,32
519656,0
519657,0
519658,29
519659,0
519660,0
519661,31
519662,0
519663,0
519664,0
519665,43
519666,0
519667,38
519668,0
519669,0
519670,0
519671,0
519672,34
519673,0
519674,0
519675,0
519676,0
519677,0
519678,29
519679,53
519680,24
519681,0
519682,0
519683,60
519684,0
519685,0
519686,20
519687,0
519688,0
519689,0
519690,0
519691,0
519692,0
519693,0
519694,0
519695,62
519696,0
519697,44
519698,0
519699,0
519700,0
519701,0
519702,0
519703,43
519704,31
519705,0
519706,0
519707,0
519708,34
519709,0
519710,0
519711,33
519712,21
519713,59
519714,0
519715,0
519716,0
519717,0
519718,0
519719,0
519720,45
519721,29
519722,25
519723,0
519724,0
519725,0
519726,0
519727,0
519728,0
519729,27
519730,0
519731,0
519732,0
519733,34
519734,0
519735,0
519736,0
519737,0
519738,0
519739,0
519740,49
519741,0
519742,43
519743,0
519744,0
519745,23
519746,0
519747,0
519748,0
519749,0
519750,0
519751,0
519752,0
519753,0
519754,0
519755,0
519756,0
519757,39
519758,0
519759,47
519760,33
519761,0
519762,0
519763,0
519764,0
519765,27
519766,0
519767,0
519768,0
519769,0
519770,21
519771,27
519772,0
519773,0
519774,0
519775,26
519776,0
519777,0
519778,0
519779,0
519780,0
519781,18
519782,0
519783,0
519784,0
519785,46
519786,0
519787,0
519788,0
519789,0
519790,44
519791,0
519792,32
519793,0
519794,0
519795,0
519796,0
519797,0
519798,0
519799,0
519800,34
519801,0
519802,0
519803,0
519804,0
519805,0
519806,0
519807,0
519808,0
519809,54
519810,13
519811,0
519812,0
519813,0
519814,0
519815,0
519816,0
519817,0
519818,14
519819,0
519820,0
519821,0
519822,0
519823,0
519824,0
519825,0
519826,0
519827,25
519828,0
519829,0
519830,0
519831,0
519832,0
519833,0
519834,0
519835,0
519836,0
519837,0
519838,0
519839,0
519840,0
519841,0
519842,0
519843,0
519844,0
519845,19
519846,0
519847,0
519848,0
519849,0
519850,0
519851,15
519852,0
519853,0
519854,22
519855,0
519856,0
519857,20
519858,0
519859,21
519860,0
519861,0
519862,0
519863,0
519864,0
519865,0
519866,16
519867,0
519868,0
519869,0
519870,0
519871,0
519872,0
519873,0
519874,0
519875,11
519876,0
519877,29
519878,0
519879,0
519880,0
519881,0
519882,22
519883,0
519884,20
519885,0
519886,0
519887,0
519888,0
519889,0
519890,0
519891,0
519892,0
519893,0
519894,0
519895,0
519896,0
519897,0
519898,0
519899,0
519900,0
519901,0
519902,0
519903,0
519904,0
519905,0
519906,0
519907,0
519908,26
519909,0
519910,0
519911,0
519912,0
519913,0
519914,0
519915,0
519916,0
519917,0
519918,0
519919,0
519920,0
519921,0
519922,0
519923,0
519924,20
519925,0
519926,0
519927,0
519928,0
519929,0
519930,0
519931,0
519932,0
519933,0
519934,22
519935,0
519936,0
519937,13
519938,0
519939,0
519940,0
519941,0
519942,0
519943,0
519944,0
519945,0
519946,0
519947,0
519948,0
519949,16
519950,0
519951,0
519952,14
519953,0
519954,0
519955,7
519956,0
519957,0
519958,0
519959,0
519960,0
519961,0
519962,0
519963,0
519964,0
519965,0
519966,0
519967,0
519968,0
519969,0
519970,0
519971,0
519972,0
519973,0
519974,0
519975,0
519976,19
519977,0
519978,21
519979,19
519980,0
519981,0
519982,0
519983,0
519984,0
519985,0
519986,0
519987,0
519988,0
519989,0
519990,0
519991,0
519992,0
519993,0
519994,0
519995,0
519996,0
519997,0
519998,14
519999,0
520000,18
520001,0
520002,0
520003,0
520004,0
520005,0
520006,0
520007,0
520008,0
520009,0
520010,0
520011,0
520012,0
520013,0
520014,11
520015,0
520016,0
520017,0
520018,0
520019,0
520020,0
520021,0
520022,15
520023,0
520024,14
520025,0
520026,0
520027,0
520028,0
520029,0
520030,0
520031,0
520032,0
520033,0
520034,0
520035,20
520036,0
520037,0
520038,0
520039,0
520040,0
520041,0
520042,0
520043,0
520044,0
520045,0
520046,0
520047,0
520048,0
520049,0
520050,0
520051,14
520052,15
520053,0
520054,0
520055,0
520056,0
520057,0
520058,0
520059,0
520060,0
520061,0
520062,0
520063,0
520064,15
520065,0
520066,0
520067,0
520068,0
520069,0
520070,0
520071,0
520072,0
520073,0
520074,0
520075,0
520076,0
520077,0
520078,0
520079,0
520080,0
520081,0
520082,0
520083,0
520084,0
520085,0
520086,0
520087,0
520088,0
520089,0
520090,0
520091,0
520092,0
520093,22
520094,0
520095,0
520096,0
520097,0
520098,0
520099,0
520100,0
520101,0
520102,0
520103,0
520104,0
520105,0
520106,0
520107,15
520108,0
520109,0
520110,0
520111,24
520112,0
520113,0
520114,0
520115,0
520116,0
520117,0
520118,0
520119,0
520120,18
520121,0
520122,0
520123,0
520124,0
520125,0
520126,0
520127,0
520128,24
520129,0
520130,0
520131,0
520132,12
520133,0
520134,0
520135,0
520136,0
520137,0
520138,20
520139,0
520140,0
520141,0
520142,24
520143,0
520144,26
520145,0
520146,0
520147,15
520148,0
520149,0
520150,0
520151,0
520152,0
520153,0
520154,0
520155,0
520156,0
520157,0
520158,18
520159,0
520160,0
520161,0
520162,0
520163,0
520164,19
520165,0
520166,0
520167,0
520168,0
520169,0
520170,0
520171,0
520172,25
520173,22
520174,0
520175,0
520176,16
520177,0
520178,0
520179,0
520180,0
520181,0
520182,0
520183,9
520184,0
520185,0
520186,0
520187,0
520188,11
520189,0
520190,0
520191,0
520192,0
520193,0
520194,0
520195,0
520196,0
520197,0
520198,0
520199,0
520200,0
520201,0
520202,0
520203,0
520204,0
520205,0
520206,0
520207,0
520208,0
520209,0
520210,0
520211,0
520212,0
520213,0
520214,0
520215,0
520216,0
520217,0
520218,0
520219,0
520220,14
520221,0
520222,0
520223,0
520224,0
520225,0
520226,0
520227,0
520228,29
520229,0
520230,24
520231,0
520232,20
520233,0
520234,0
520235,0
520236,0
520237,0
520238,0
520239,0
520240,0
520241,0
520242,0
520243,0
520244,0
520245,23
520246,0
520247,0
520248,0
520249,0
520250,0
520251,0
520252,0
520253,0
520254,0
520255,0
520256,0
520257,0
520258,20
520259,17
520260,0
520261,0
520262,0
520263,0
520264,0
520265,0
520266,0
520267,0
520268,0
520269,0
520270,0
520271,0
520272,0
520273,0
520274,17
520275,0
520276,0
520277,0
520278,0
520279,0
520280,0
520281,0
520282,0
520283,0
520284,0
520285,0
520286,0
520287,0
520288,0
520289,0
520290,0
520291,0
520292,0
520293,0
520294,0
520295,0
520296,0
520297,0
520298,0
520299,0
520300,0
520301,0
520302,17
520303,0
520304,0
520305,0
520306,0
520307,0
520308,0
520309,0
520310,0
520311,20
520312,0
520313,0
520314,0
520315,0
520316,0
520317,0
520318,0
520319,0
520320,0
520321,0
520322,0
520323,0
520324,0
520325,0
520326,0
520327,28
520328,0
520329,0
520330,0
520331,18
520332,0
520333,0
520334,0
520335,0
520336,0
520337,0
520338,0
520339,16
520340,24
520341,0
520342,0
520343,0
520344,0
520345,0
520346,28
520347,0
520348,0
520349,0
520350,0
520351,0
520352,0
520353,0
520354,0
520355,35
520356,0
520357,0
520358,0
520359,0
520360,0
520361,0
520362,0
520363,0
520364,0
520365,0
520366,0
520367,0
520368,0
520369,23
520370,0
520371,0
520372,0
520373,0
520374,0
520375,0
520376,0
520377,0
520378,0
520379,0
520380,0
520381,0
520382,0
520383,0
520384,0
520385,0
520386,0
520387,0
520388,0
520389,0
520390,0
520391,0
520392,0
520393,0
520394,0
520395,0
520396,0
520397,0
520398,0
520399,0
520400,0
520401,0
520402,0
520403,0
520404,0
520405,0
520406,0
520407,0
520408,0
520409,0
520410,0
520411,0
520412,0
520413,0
520414,0
520415,0
520416,0
520417,0
520418,0
520419,0
520420,0
520421,0
520422,0
520423,0
520424,0
520425,0
520426,0
520427,0
520428,0
520429,0
520430,0
520431,0
520432,0
520433,0
520434,0
520435,0
520436,0
520437,0
520438,0
520439,0
520440,0
520441,0
520442,1
520443,0
520444,0
520445,0
520446,0
520447,0
520448,0
520449,0
520450,0
520451,0
520452,0
520453,0
520454,0
520455,0
520456,0
520457,0
520458,0
520459,0
520460,0
520461,0
520462,0
520463,0
520464,0
520465,0
520466,0
520467,0
520468,0
520469,0
520470,0
520471,0
520472,0
520473,0
520474,0
520475,0
520476,0
520477,0
520478,0
520479,0
520480,0
520481,0
520482,0
520483,0
520484,0
520485,0
520486,0
520487,0
520488,0
520489,0
520490,0
520491,0
520492,0
520493,0
520494,0
520495,0
520496,0
520497,0
520498,0
520499,0
520500,0
520501,0
520502,0
520503,0
520504,0
520505,0
520506,0
520507,0
520508,0
520509,0
520510,0
520511,0
520512,0
520513,0
520514,0
520515,0
520516,0
520517,0
520518,0
520519,0
520520,0
520521,0
520522,0
520523,0
520524,0
520525,0
520526,0
520527,0
520528,0
520529,0
520530,0
520531,0
520532,0
520533,0
520534,0
520535,0
520536,0
520537,0
520538,0
520539,0
520540,0
520541,0
520542,0
520543,0
520544,0
520545,0
520546,0
520547,0
520548,0
520549,0
520550,0
520551,0
520552,0
520553,0
520554,0
520555,0
520556,0
520557,0
520558,0
520559,0
520560,0
520561,0
520562,0
520563,0
520564,0
520565,0
520566,0
520567,0
520568,0
520569,0
520570,0
520571,0
520572,0
520573,0
520574,0
520575,0
520576,0
520577,0
520578,0
520579,0
520580,0
520581,0
520582,0
520583,0
520584,0
520585,0
520586,0
520587,0
520588,0
520589,0
520590,0
520591,0
520592,0
520593,0
520594,0
520595,0
520596,0
520597,0
520598,0
520599,0
520600,0
520601,0
520602,0
520603,0
520604,0
520605,0
520606,0
520607,0
520608,0
520609,0
520610,0
520611,0
520612,0
520613,0
520614,0
520615,0
520616,0
520617,0
520618,0
520619,0
520620,0
520621,0
520622,0
520623,0
520624,0
520625,1
520626,0
520627,0
520628,0
520629,0
520630,0
520631,0
520632,0
520633,0
520634,0
520635,0
520636,0
520637,0
520638,0
520639,0
520640,0
520641,0
520642,0
520643,0
520644,0
520645,0
520646,0
520647,0
520648,0
520649,0
520650,0
520651,0
520652,0
520653,0
520654,0
520655,0
520656,0
520657,0
520658,0
520659,0
520660,0
520661,0
520662,0
520663,0
520664,0
520665,0
520666,0
520667,0
520668,0
520669,0
520670,0
520671,0
520672,0
520673,0
520674,0
520675,0
520676,0
520677,0
520678,0
520679,0
520680,0
520681,0
520682,0
520683,0
520684,0
520685,0
520686,0
520687,0
520688,0
520689,0
520690,0
520691,0
520692,0
520693,0
520694,0
520695,0
520696,0
520697,0
520698,0
520699,0
520700,0
520701,0
520702,0
520703,0
520704,0
520705,0
520706,0
520707,0
520708,0
520709,0
520710,0
520711,0
520712,0
520713,0
520714,0
520715,0
520716,0
520717,0
520718,0
520719,0
520720,0
520721,0
520722,0
520723,0
520724,0
520725,0
520726,0
520727,0
520728,0
520729,0
520730,0
520731,0
520732,0
520733,0
520734,0
520735,0
520736,0
520737,0
520738,0
520739,0
520740,0
520741,0
520742,0
520743,0
520744,0
520745,0
520746,0
520747,0
520748,0
520749,0
520750,0
520751,0
520752,0
520753,0
520754,0
520755,0
520756,0
520757,0
520758,0
520759,0
520760,0
520761,0
520762,0
520763,0
520764,0
520765,0
520766,0
520767,0
520768,0
520769,0
520770,0
520771,0
520772,0
520773,0
520774,0
520775,0
520776,0
520777,0
520778,0
520779,0
520780,0
520781,0
520782,0
520783,0
520784,0
520785,0
520786,0
520787,0
520788,0
520789,0
520790,0
520791,0
520792,0
520793,0
520794,0
520795,0
520796,0
520797,0
520798,0
520799,0
520800,0
520801,0
520802,0
520803,0
520804,0
520805,0
520806,0
520807,0
520808,0
520809,0
520810,0
520811,0
520812,0
520813,0
520814,0
520815,0
520816,0
520817,0
520818,0
520819,0
520820,0
520821,0
520822,0
520823,0
520824,0
520825,0
520826,0
520827,0
520828,0
520829,0
520830,0
520831,0
520832,0
520833,0
520834,0
520835,0
520836,0
520837,0
520838,0
520839,0
520840,0
520841,0
520842,0
520843,0
520844,0
520845,0
520846,0
520847,0
520848,0
520849,0
520850,0
520851,0
520852,0
520853,0
520854,0
520855,0
520856,0
520857,0
520858,0
520859,0
520860,0
520861,0
520862,0
520863,0
520864,0
520865,0
520866,0
520867,0
520868,0
520869,0
520870,0
520871,0
520872,0
520873,0
520874,0
520875,0
520876,0
520877,0
520878,0
520879,0
520880,0
520881,0
520882,0
520883,0
520884,0
520885,0
520886,0
520887,0
520888,0
520889,0
520890,0
520891,0
520892,0
520893,0
520894,0
520895,0
520896,0
520897,0
520898,0
520899,0
520900,0
520901,0
520902,0
520903,0
520904,0
520905,0
520906,0
520907,0
520908,0
520909,0
520910,0
520911,0
520912,0
520913,0
520914,0
520915,0
520916,0
520917,0
520918,0
520919,0
520920,0
520921,0
520922,0
520923,0
520924,0
520925,0
520926,0
520927,0
520928,0
520929,0
520930,0
520931,0
520932,0
520933,0
520934,0
520935,0
520936,0
520937,0
520938,0
520939,0
520940,0
520941,0
520942,0
520943,0
520944,0
520945,0
520946,0
520947,0
520948,0
520949,0
520950,0
520951,0
520952,0
520953,0
520954,0
520955,0
520956,0
520957,0
520958,0
520959,0
520960,0
520961,0
520962,0
520963,0
520964,0
520965,0
520966,0
520967,0
520968,0
520969,0
520970,0
520971,0
520972,0
520973,0
520974,0
520975,0
520976,0
520977,0
520978,0
520979,0
520980,0
520981,0
520982,0
520983,0
520984,0
520985,0
520986,0
520987,0
520988,0
520989,0
520990,0
520991,0
520992,0
520993,0
520994,0
520995,0
520996,0
520997,0
520998,0
520999,0
521000,0
521001,0
521002,0
521003,0
521004,0
521005,0
521006,0
521007,0
521008,0
521009,0
521010,0
521011,0
521012,0
521013,0
521014,0
521015,0
521016,0
521017,0
521018,0
521019,0
521020,0
521021,0
521022,0
521023,0
521024,0
521025,0
521026,0
521027,0
521028,0
521029,0
521030,0
521031,0
521032,0
521033,0
521034,0
521035,0
521036,0
521037,0
521038,0
521039,0
521040,0
521041,0
521042,0
521043,0
521044,0
521045,0
521046,0
521047,0
521048,0
521049,0
521050,0
521051,0
521052,0
521053,0
521054,0
521055,0
521056,0
521057,0
521058,0
521059,0
521060,0
521061,0
521062,0
521063,0
521064,0
521065,0
521066,0
521067,0
521068,0
521069,0
521070,0
521071,0
521072,0
521073,0
521074,0
521075,0
521076,0
521077,0
521078,0
521079,0
521080,0
521081,0
521082,1
521083,0
521084,0
521085,0
521086,0
521087,0
521088,0
521089,0
521090,0
521091,0
521092,0
521093,0
521094,0
521095,0
521096,0
521097,0
521098,0
521099,0
521100,0
521101,0
521102,0
521103,0
521104,0
521105,0
521106,0
521107,0
521108,0
521109,0
521110,0
521111,0
521112,0
521113,0
521114,0
521115,0
521116,0
521117,0
521118,0
521119,0
521120,0
521121,0
521122,0
521123,0
521124,0
521125,0
521126,0
521127,0
521128,0
521129,0
521130,0
521131,0
521132,0
521133,0
521134,0
521135,0
521136,0
521137,0
521138,0
521139,0
521140,0
521141,0
521142,0
521143,0
521144,0
521145,0
521146,0
521147,0
521148,0
521149,0
521150,0
521151,0
521152,0
521153,0
521154,0
521155,0
521156,0
521157,0
521158,0
521159,0
521160,0
521161,0
521162,0
521163,0
521164,0
521165,0
521166,0
521167,0
521168,0
521169,0
521170,0
521171,0
521172,0
521173,0
521174,0
521175,0
521176,0
521177,0
521178,1
521179,0
521180,0
521181,0
521182,0
521183,0
521184,0
521185,0
521186,0
521187,0
521188,0
521189,0
521190,0
521191,0
521192,0
521193,0
521194,0
521195,0
521196,0
521197,0
521198,0
521199,0
521200,0
521201,0
521202,0
521203,0
521204,0
521205,0
521206,0
521207,0
521208,0
521209,0
521210,0
521211,0
521212,0
521213,0
521214,0
521215,0
521216,0
521217,0
521218,0
521219,0
521220,0
521221,0
521222,0
521223,0
521224,0
521225,0
521226,0
521227,0
521228,0
521229,0
521230,0
521231,0
521232,0
521233,0
521234,0
521235,0
521236,0
521237,0
521238,0
521239,0
521240,0
521241,0
521242,0
521243,0
521244,0
521245,0
521246,0
521247,0
521248,0
521249,0
521250,0
521251,0
521252,0
521253,0
521254,0
521255,0
521256,0
521257,0
521258,0
521259,0
521260,0
521261,0
521262,0
521263,0
521264,0
521265,0
521266,0
521267,0
521268,0
521269,0
521270,0
521271,0
521272,0
521273,0
521274,0
521275,0
521276,0
521277,0
521278,0
521279,0
521280,0
521281,0
521282,0
521283,0
521284,0
521285,0
521286,0
521287,0
521288,0
521289,0
521290,0
521291,0
521292,0
521293,0
521294,0
521295,0
521296,0
521297,0
521298,0
521299,0
521300,0
521301,0
521302,0
521303,0
521304,0
521305,0
521306,0
521307,0
521308,0
521309,0
521310,0
521311,0
521312,0
521313,0
521314,0
521315,0
521316,0
521317,0
521318,0
521319,0
521320,0
521321,0
521322,0
521323,0
521324,0
521325,0
521326,0
521327,0
521328,0
521329,0
521330,0
521331,0
521332,0
521333,0
521334,0
521335,0
521336,0
521337,0
521338,0
521339,0
521340,0
521341,0
521342,0
521343,0
521344,0
521345,0
521346,0
521347,0
521348,0
521349,0
521350,0
521351,0
521352,0
521353,0
521354,0
521355,0
521356,0
521357,0
521358,0
521359,0
521360,0
521361,0
521362,0
521363,0
521364,0
521365,0
521366,0
521367,0
521368,0
521369,0
521370,0
521371,0
521372,0
521373,0
521374,0
521375,0
521376,0
521377,0
521378,0
521379,0
521380,0
521381,0
521382,0
521383,0
521384,0
521385,0
521386,0
521387,0
521388,0
521389,0
521390,0
521391,0
521392,0
521393,0
521394,0
521395,0
521396,0
521397,0
521398,0
521399,0
521400,0
521401,0
521402,0
521403,0
521404,0
521405,0
521406,0
521407,0
521408,0
521409,0
521410,0
521411,0
521412,0
521413,0
521414,0
521415,0
521416,0
521417,0
521418,0
521419,0
521420,0
521421,0
521422,0
521423,0
521424,0
521425,0
521426,0
521427,0
521428,0
521429,0
521430,0
521431,0
521432,0
521433,0
521434,0
521435,0
521436,0
521437,0
521438,0
521439,0
521440,0
521441,0
521442,0
521443,0
521444,0
521445,0
521446,0
521447,0
521448,0
521449,0
521450,0
521451,0
521452,0
521453,0
521454,0
521455,0
521456,0
521457,0
521458,0
521459,0
521460,0
521461,0
521462,0
521463,0
521464,0
521465,0
521466,0
521467,0
521468,0
521469,0
521470,0
521471,0
521472,0
521473,0
521474,0
521475,0
521476,0
521477,0
521478,1
521479,0
521480,0
521481,0
521482,0
521483,0
521484,0
521485,0
521486,1
521487,0
521488,0
521489,0
521490,0
521491,0
521492,0
521493,0
521494,0
521495,0
521496,0
521497,0
521498,0
521499,0
521500,0
521501,0
521502,0
521503,0
521504,0
521505,0
521506,0
521507,0
521508,0
521509,0
521510,0
521511,0
521512,0
521513,0
521514,0
521515,0
521516,0
521517,0
521518,0
521519,0
521520,0
521521,0
521522,0
521523,0
521524,0
521525,0
521526,0
521527,0
521528,0
521529,0
521530,0
521531,0
521532,0
521533,0
521534,0
521535,0
521536,0
521537,0
521538,0
521539,0
521540,1
521541,0
521542,0
521543,0
521544,0
521545,0
521546,0
521547,0
521548,0
521549,0
521550,0
521551,0
521552,0
521553,0
521554,0
521555,0
521556,0
521557,0
521558,0
521559,0
521560,0
521561,0
521562,0
521563,0
521564,0
521565,0
521566,0
521567,0
521568,0
521569,0
521570,0
521571,0
521572,0
521573,0
521574,0
521575,0
521576,0
521577,0
521578,0
521579,0
521580,0
521581,0
521582,0
521583,0
521584,0
521585,0
521586,0
521587,0
521588,0
521589,0
521590,0
521591,0
521592,0
521593,0
521594,0
521595,0
521596,0
521597,0
521598,0
521599,0
521600,0
521601,0
521602,0
521603,0
521604,0
521605,0
521606,0
521607,0
521608,0
521609,0
521610,0
521611,0
521612,0
521613,0
521614,0
521615,0
521616,0
521617,0
521618,0
521619,0
521620,0
521621,0
521622,0
521623,0
521624,0
521625,0
521626,0
521627,0
521628,0
521629,0
521630,0
521631,0
521632,0
521633,0
521634,0
521635,0
521636,0
521637,0
521638,0
521639,0
521640,0
521641,0
521642,0
521643,0
521644,0
521645,0
521646,0
521647,0
521648,0
521649,0
521650,0
521651,0
521652,0
521653,0
521654,0
521655,0
521656,0
521657,0
521658,0
521659,0
521660,0
521661,0
521662,0
521663,0
521664,0
521665,0
521666,0
521667,0
521668,0
521669,0
521670,0
521671,0
521672,0
521673,0
521674,0
521675,1
521676,0
521677,0
521678,0
521679,0
521680,0
521681,0
521682,0
521683,0
521684,0
521685,0
521686,0
521687,0
521688,0
521689,0
521690,0
521691,0
521692,0
521693,0
521694,0
521695,0
521696,0
521697,0
521698,0
521699,0
521700,0
521701,0
521702,0
521703,0
521704,0
521705,0
521706,0
521707,0
521708,0
521709,0
521710,0
521711,0
521712,0
521713,0
521714,0
521715,0
521716,0
521717,0
521718,0
521719,0
521720,0
521721,0
521722,0
521723,0
521724,0
521725,0
521726,0
521727,0
521728,0
521729,0
521730,0
521731,0
521732,0
521733,0
521734,0
521735,0
521736,0
521737,0
521738,0
521739,0
521740,0
521741,0
521742,0
521743,0
521744,0
521745,0
521746,0
521747,0
521748,0
521749,0
521750,0
521751,0
521752,0
521753,0
521754,0
521755,0
521756,0
521757,0
521758,0
521759,0
521760,0
521761,0
521762,0
521763,0
521764,0
521765,0
521766,0
521767,0
521768,0
521769,0
521770,0
521771,0
521772,0
521773,0
521774,0
521775,0
521776,0
521777,0
521778,0
521779,0
521780,0
521781,0
521782,0
521783,0
521784,0
521785,0
521786,0
521787,0
521788,0
521789,0
521790,0
521791,0
521792,0
521793,0
521794,0
521795,0
521796,0
521797,0
521798,0
521799,0
521800,0
521801,0
521802,0
521803,0
521804,0
521805,0
521806,0
521807,0
521808,0
521809,0
521810,0
521811,0
521812,0
521813,0
521814,0
521815,0
521816,0
521817,0
521818,0
521819,0
521820,0
521821,0
521822,0
521823,0
521824,0
521825,0
521826,0
521827,0
521828,0
521829,0
521830,0
521831,0
521832,0
521833,0
521834,0
521835,0
521836,0
521837,0
521838,0
521839,0
521840,0
521841,0
521842,0
521843,0
521844,0
521845,0
521846,0
521847,0
521848,0
521849,0
521850,0
521851,0
521852,0
521853,0
521854,0
521855,0
521856,0
521857,0
521858,0
521859,0
521860,0
521861,0
521862,0
521863,0
521864,0
521865,0
521866,0
521867,0
521868,0
521869,0
521870,1
521871,0
521872,0
521873,0
521874,0
521875,0
521876,0
521877,0
521878,0
521879,0
521880,0
521881,0
521882,0
521883,0
521884,0
521885,0
521886,0
521887,0
521888,0
521889,0
521890,0
521891,0
521892,0
521893,0
521894,0
521895,0
521896,0
521897,0
521898,1
521899,0
521900,0
521901,0
521902,0
521903,0
521904,0
521905,0
521906,0
521907,0
521908,0
521909,0
521910,0
521911,0
521912,0
521913,0
521914,0
521915,0
521916,0
521917,0
521918,0
521919,0
521920,0
521921,0
521922,0
521923,0
521924,0
521925,0
521926,0
521927,0
521928,0
521929,0
521930,0
521931,0
521932,0
521933,0
521934,0
521935,0
521936,0
521937,0
521938,0
521939,0
521940,0
521941,0
521942,0
521943,0
521944,0
521945,0
521946,0
521947,0
521948,0
521949,0
521950,0
521951,0
521952,0
521953,0
521954,0
521955,0
521956,0
521957,0
521958,0
521959,0
521960,0
521961,0
521962,0
521963,0
521964,0
521965,0
521966,0
521967,0
521968,0
521969,0
521970,0
521971,0
521972,0
521973,0
521974,0
521975,0
521976,0
521977,0
521978,0
521979,0
521980,0
521981,0
521982,0
521983,0
521984,0
521985,0
521986,0
521987,0
521988,0
521989,0
521990,0
521991,0
521992,0
521993,0
521994,0
521995,0
521996,0
521997,0
521998,0
521999,1
522000,0
522001,0
522002,0
522003,0
522004,0
522005,0
522006,0
522007,4
522008,0
522009,0
522010,0
522011,0
522012,0
522013,0
522014,0
522015,0
522016,0
522017,0
522018,0
522019,0
522020,0
522021,8
522022,0
522023,0
522024,0
522025,0
522026,0
522027,0
522028,0
522029,0
522030,0
522031,0
522032,0
522033,0
522034,0
522035,0
522036,0
522037,0
522038,0
522039,0
522040,0
522041,0
522042,0
522043,0
522044,0
522045,0
522046,0
522047,0
522048,0
522049,0
522050,0
522051,0
522052,0
522053,0
522054,0
522055,5
522056,0
522057,0
522058,0
522059,5
522060,0
522061,0
522062,0
522063,0
522064,0
522065,0
522066,0
522067,0
522068,6
522069,0
522070,0
522071,0
522072,0
522073,0
522074,0
522075,0
522076,0
522077,0
522078,0
522079,0
522080,0
522081,0
522082,0
522083,0
522084,0
522085,0
522086,0
522087,0
522088,0
522089,0
522090,0
522091,0
522092,0
522093,0
522094,0
522095,0
522096,0
522097,0
522098,0
522099,0
522100,0
522101,0
522102,0
522103,0
522104,0
522105,0
522106,0
522107,0
522108,0
522109,0
522110,0
522111,0
522112,0
522113,0
522114,0
522115,0
522116,0
522117,0
522118,0
522119,2
522120,0
522121,0
522122,0
522123,0
522124,0
522125,0
522126,0
522127,0
522128,0
522129,0
522130,2
522131,4
522132,0
522133,0
522134,3
522135,3
522136,0
522137,0
522138,0
522139,0
522140,0
522141,4
522142,0
522143,0
522144,0
522145,5
522146,0
522147,0
522148,0
522149,0
522150,0
522151,0
522152,0
522153,0
522154,0
522155,0
522156,0
522157,0
522158,0
522159,0
522160,0
522161,0
522162,0
522163,0
522164,0
522165,0
522166,0
522167,0
522168,0
522169,0
522170,0
522171,0
522172,1
522173,0
522174,0
522175,0
522176,4
522177,0
522178,0
522179,0
522180,0
522181,0
522182,0
522183,0
522184,0
522185,0
522186,0
522187,0
522188,0
522189,0
522190,0
522191,0
522192,5
522193,0
522194,0
522195,0
522196,0
522197,0
522198,0
522199,0
522200,0
522201,0
522202,0
522203,0
522204,0
522205,0
522206,0
522207,0
522208,0
522209,0
522210,0
522211,0
522212,0
522213,0
522214,0
522215,5
522216,0
522217,0
522218,0
522219,0
522220,0
522221,1
522222,0
522223,0
522224,2
522225,7
522226,0
522227,0
522228,0
522229,0
522230,0
522231,0
522232,0
522233,4
522234,0
522235,8
522236,0
522237,0
522238,0
522239,0
522240,0
522241,0
522242,0
522243,0
522244,1
522245,0
522246,0
522247,0
522248,0
522249,0
522250,0
522251,0
522252,0
522253,0
522254,0
522255,0
522256,0
522257,0
522258,0
522259,0
522260,0
522261,0
522262,0
522263,0
522264,0
522265,0
522266,0
522267,0
522268,0
522269,0
522270,0
522271,0
522272,0
522273,0
522274,0
522275,0
522276,2
522277,0
522278,0
522279,0
522280,0
522281,0
522282,0
522283,4
522284,0
522285,0
522286,0
522287,0
522288,0
522289,0
522290,0
522291,0
522292,0
522293,0
522294,0
522295,0
522296,0
522297,0
522298,4
522299,0
522300,0
522301,0
522302,0
522303,0
522304,0
522305,0
522306,0
522307,0
522308,0
522309,0
522310,0
522311,0
522312,0
522313,0
522314,0
522315,0
522316,0
522317,0
522318,0
522319,0
522320,0
522321,0
522322,0
522323,0
522324,0
522325,0
522326,0
522327,0
522328,0
522329,0
522330,0
522331,0
522332,0
522333,0
522334,0
522335,0
522336,0
522337,0
522338,0
522339,0
522340,0
522341,0
522342,0
522343,0
522344,0
522345,0
522346,0
522347,0
522348,0
522349,0
522350,0
522351,0
522352,0
522353,0
522354,0
522355,0
522356,0
522357,0
522358,0
522359,0
522360,0
522361,0
522362,2
522363,0
522364,0
522365,0
522366,0
522367,0
522368,0
522369,0
522370,0
522371,0
522372,0
522373,0
522374,0
522375,0
522376,0
522377,0
522378,0
522379,0
522380,3
522381,0
522382,0
522383,0
522384,0
522385,0
522386,0
522387,0
522388,0
522389,0
522390,0
522391,0
522392,0
522393,0
522394,0
522395,0
522396,0
522397,0
522398,0
522399,0
522400,0
522401,0
522402,0
522403,0
522404,2
522405,0
522406,0
522407,0
522408,0
522409,2
522410,0
522411,0
522412,0
522413,4
522414,0
522415,0
522416,0
522417,0
522418,0
522419,0
522420,0
522421,0
522422,0
522423,0
522424,0
522425,0
522426,0
522427,0
522428,0
522429,0
522430,0
522431,0
522432,0
522433,0
522434,0
522435,0
522436,0
522437,0
522438,0
522439,0
522440,0
522441,0
522442,0
522443,0
522444,0
522445,0
522446,0
522447,0
522448,0
522449,0
522450,0
522451,0
522452,0
522453,0
522454,0
522455,0
522456,0
522457,0
522458,0
522459,0
522460,0
522461,0
522462,0
522463,0
522464,0
522465,0
522466,0
522467,0
522468,0
522469,0
522470,0
522471,0
522472,0
522473,0
522474,0
522475,0
522476,6
522477,0
522478,0
522479,0
522480,0
522481,0
522482,0
522483,0
522484,0
522485,0
522486,0
522487,0
522488,2
522489,0
522490,0
522491,0
522492,0
522493,0
522494,0
522495,0
522496,0
522497,0
522498,0
522499,0
522500,0
522501,0
522502,0
522503,0
522504,0
522505,0
522506,0
522507,0
522508,0
522509,0
522510,0
522511,0
522512,0
522513,0
522514,0
522515,0
522516,0
522517,0
522518,0
522519,0
522520,1
522521,0
522522,0
522523,0
522524,0
522525,0
522526,0
522527,0
522528,0
522529,0
522530,0
522531,0
522532,0
522533,0
522534,0
522535,5
522536,0
522537,0
522538,1
522539,0
522540,0
522541,0
522542,0
522543,0
522544,0
522545,0
522546,0
522547,0
522548,0
522549,5
522550,0
522551,0
522552,0
522553,0
522554,0
522555,0
522556,0
522557,0
522558,0
522559,0
522560,0
522561,0
522562,0
522563,0
522564,6
522565,0
522566,0
522567,0
522568,0
522569,0
522570,0
522571,0
522572,0
522573,0
522574,0
522575,0
522576,0
522577,0
522578,0
522579,0
522580,0
522581,0
522582,0
522583,0
522584,0
522585,3
522586,7
522587,0
522588,0
522589,0
522590,0
522591,0
522592,0
522593,0
522594,0
522595,8
522596,0
522597,0
522598,0
522599,0
522600,0
522601,0
522602,0
522603,0
522604,0
522605,0
522606,0
522607,0
522608,0
522609,0
522610,0
522611,0
522612,0
522613,0
522614,4
522615,3
522616,5
522617,0
522618,0
522619,0
522620,0
522621,0
522622,0
522623,2
522624,0
522625,0
522626,0
522627,0
522628,0
522629,0
522630,0
522631,0
522632,0
522633,0
522634,0
522635,0
522636,0
522637,0
522638,0
522639,0
522640,0
522641,0
522642,2
522643,0
522644,0
522645,0
522646,0
522647,0
522648,0
522649,2
522650,0
522651,0
522652,0
522653,0
522654,0
522655,0
522656,0
522657,0
522658,0
522659,4
522660,0
522661,0
522662,0
522663,0
522664,0
522665,1
522666,0
522667,0
522668,0
522669,0
522670,0
522671,0
522672,0
522673,0
522674,0
522675,0
522676,0
522677,0
522678,0
522679,0
522680,0
522681,0
522682,0
522683,0
522684,0
522685,0
522686,0
522687,0
522688,0
522689,0
522690,0
522691,0
522692,0
522693,0
522694,0
522695,0
522696,0
522697,0
522698,0
522699,0
522700,0
522701,0
522702,0
522703,0
522704,0
522705,0
522706,0
522707,0
522708,0
522709,0
522710,0
522711,0
522712,0
522713,0
522714,0
522715,0
522716,0
522717,0
522718,0
522719,0
522720,0
522721,0
522722,0
522723,0
522724,0
522725,2
522726,0
522727,0
522728,3
522729,0
522730,0
522731,0
522732,0
522733,0
522734,0
522735,0
522736,0
522737,0
522738,0
522739,5
522740,0
522741,0
522742,0
522743,0
522744,0
522745,0
522746,0
522747,0
522748,0
522749,0
522750,0
522751,0
522752,0
522753,0
522754,0
522755,0
522756,0
522757,0
522758,0
522759,0
522760,0
522761,0
522762,0
522763,0
522764,0
522765,0
522766,0
522767,0
522768,0
522769,0
522770,0
522771,0
522772,0
522773,0
522774,0
522775,0
522776,0
522777,0
522778,0
522779,0
522780,0
522781,0
522782,0
522783,0
522784,0
522785,0
522786,0
522787,0
522788,0
522789,0
522790,0
522791,0
522792,1
522793,0
522794,0
522795,0
522796,0
522797,0
522798,0
522799,0
522800,0
522801,0
522802,0
522803,0
522804,0
522805,0
522806,0
522807,0
522808,0
522809,0
522810,0
522811,0
522812,0
522813,0
522814,0
522815,0
522816,0
522817,0
522818,0
522819,0
522820,0
522821,0
522822,0
522823,0
522824,0
522825,0
522826,0
522827,0
522828,0
522829,4
522830,0
522831,0
522832,0
522833,0
522834,0
522835,0
522836,3
522837,0
522838,0
522839,0
522840,0
522841,0
522842,0
522843,0
522844,0
522845,0
522846,0
522847,0
522848,0
522849,0
522850,2
522851,0
522852,0
522853,3
522854,0
522855,0
522856,0
522857,0
522858,0
522859,0
522860,0
522861,0
522862,0
522863,0
522864,0
522865,0
522866,0
522867,12
522868,0
522869,0
522870,0
522871,0
522872,0
522873,0
522874,0
522875,0
522876,0
522877,5
522878,0
522879,0
522880,0
522881,0
522882,6
522883,0
522884,0
522885,0
522886,0
522887,0
522888,0
522889,0
522890,0
522891,0
522892,0
522893,0
522894,0
522895,0
522896,0
522897,0
522898,0
522899,0
522900,0
522901,0
522902,0
522903,0
522904,0
522905,0
522906,0
522907,0
522908,0
522909,0
522910,0
522911,0
522912,0
522913,0
522914,0
522915,0
522916,0
522917,0
522918,0
522919,0
522920,0
522921,0
522922,20
522923,0
522924,0
522925,0
522926,0
522927,0
522928,0
522929,0
522930,0
522931,0
522932,0
522933,0
522934,0
522935,0
522936,0
522937,0
522938,0
522939,0
522940,0
522941,0
522942,0
522943,0
522944,0
522945,0
522946,15
522947,0
522948,0
522949,0
522950,0
522951,0
522952,0
522953,0
522954,0
522955,0
522956,0
522957,0
522958,0
522959,0
522960,0
522961,0
522962,0
522963,0
522964,0
522965,0
522966,0
522967,0
522968,0
522969,0
522970,0
522971,0
522972,0
522973,0
522974,0
522975,0
522976,0
522977,0
522978,0
522979,0
522980,0
522981,32
522982,0
522983,0
522984,0
522985,0
522986,0
522987,0
522988,0
522989,0
522990,0
522991,5
522992,11
522993,13
522994,0
522995,0
522996,0
522997,0
522998,0
522999,0
523000,5
523001,0
523002,0
523003,0
523004,0
523005,0
523006,0
523007,0
523008,0
523009,0
523010,9
523011,0
523012,0
523013,0
523014,0
523015,0
523016,0
523017,0
523018,0
523019,0
523020,0
523021,0
523022,0
523023,0
523024,0
523025,0
523026,0
523027,0
523028,0
523029,0
523030,0
523031,0
523032,0
523033,0
523034,0
523035,0
523036,0
523037,0
523038,0
523039,11
523040,0
523041,0
523042,0
523043,0
523044,0
523045,0
523046,0
523047,0
523048,0
523049,0
523050,0
523051,0
523052,0
523053,0
523054,0
523055,0
523056,0
523057,0
523058,0
523059,0
523060,0
523061,0
523062,0
523063,0
523064,0
523065,0
523066,0
523067,0
523068,0
523069,0
523070,0
523071,0
523072,0
523073,0
523074,0
523075,0
523076,0
523077,0
523078,0
523079,0
523080,0
523081,0
523082,0
523083,0
523084,0
523085,0
523086,0
523087,0
523088,0
523089,0
523090,0
523091,0
523092,0
523093,0
523094,0
523095,0
523096,0
523097,0
523098,0
523099,0
523100,0
523101,0
523102,0
523103,0
523104,0
523105,0
523106,0
523107,0
523108,0
523109,0
523110,0
523111,0
523112,0
523113,0
523114,0
523115,0
523116,0
523117,0
523118,0
523119,0
523120,0
523121,0
523122,0
523123,0
523124,0
523125,0
523126,0
523127,0
523128,0
523129,0
523130,0
523131,0
523132,0
523133,0
523134,0
523135,0
523136,0
523137,0
523138,0
523139,0
523140,0
523141,0
523142,0
523143,0
523144,0
523145,0
523146,0
523147,0
523148,0
523149,0
523150,0
523151,0
523152,0
523153,0
523154,0
523155,0
523156,0
523157,0
523158,0
523159,0
523160,0
523161,0
523162,0
523163,0
523164,0
523165,0
523166,0
523167,0
523168,0
523169,0
523170,0
523171,0
523172,0
523173,0
523174,0
523175,0
523176,0
523177,0
523178,0
523179,0
523180,0
523181,0
523182,0
523183,0
523184,0
523185,0
523186,15
523187,0
523188,0
523189,0
523190,0
523191,0
523192,0
523193,0
523194,0
523195,0
523196,0
523197,0
523198,0
523199,0
523200,0
523201,0
523202,0
523203,0
523204,0
523205,14
523206,0
523207,0
523208,0
523209,0
523210,0
523211,0
523212,0
523213,0
523214,0
523215,0
523216,0
523217,0
523218,0
523219,0
523220,0
523221,0
523222,0
523223,0
523224,0
523225,0
523226,0
523227,0
523228,0
523229,0
523230,0
523231,0
523232,0
523233,0
523234,0
523235,0
523236,0
523237,0
523238,0
523239,0
523240,0
523241,0
523242,0
523243,0
523244,0
523245,0
523246,0
523247,0
523248,0
523249,0
523250,0
523251,0
523252,0
523253,0
523254,0
523255,0
523256,0
523257,0
523258,12
523259,0
523260,0
523261,0
523262,0
523263,0
523264,0
523265,0
523266,0
523267,0
523268,0
523269,0
523270,0
523271,0
523272,0
523273,0
523274,0
523275,0
523276,0
523277,0
523278,0
523279,0
523280,0
523281,0
523282,0
523283,0
523284,0
523285,0
523286,0
523287,0
523288,0
523289,0
523290,0
523291,0
523292,0
523293,0
523294,0
523295,0
523296,0
523297,0
523298,0
523299,0
523300,0
523301,0
523302,0
523303,0
523304,0
523305,0
523306,0
523307,0
523308,0
523309,0
523310,0
523311,0
523312,0
523313,0
523314,0
523315,0
523316,0
523317,0
523318,0
523319,0
523320,0
523321,0
523322,0
523323,0
523324,0
523325,0
523326,0
523327,0
523328,0
523329,0
523330,0
523331,0
523332,8
523333,0
523334,0
523335,0
523336,0
523337,0
523338,0
523339,0
523340,0
523341,12
523342,0
523343,0
523344,0
523345,0
523346,0
523347,0
523348,0
523349,0
523350,0
523351,0
523352,0
523353,0
523354,0
523355,0
523356,0
523357,0
523358,0
523359,0
523360,0
523361,0
523362,0
523363,13
523364,0
523365,0
523366,0
523367,0
523368,0
523369,0
523370,0
523371,0
523372,0
523373,0
523374,7
523375,0
523376,0
523377,0
523378,0
523379,0
523380,0
523381,0
523382,0
523383,0
523384,0
523385,0
523386,0
523387,0
523388,0
523389,0
523390,0
523391,0
523392,0
523393,16
523394,0
523395,0
523396,0
523397,0
523398,0
523399,0
523400,0
523401,0
523402,0
523403,0
523404,0
523405,0
523406,0
523407,0
523408,0
523409,0
523410,0
523411,0
523412,0
523413,0
523414,17
523415,0
523416,0
523417,0
523418,0
523419,0
523420,0
523421,0
523422,0
523423,0
523424,0
523425,0
523426,0
523427,0
523428,0
523429,0
523430,0
523431,0
523432,0
523433,0
523434,27
523435,0
523436,0
523437,0
523438,6
523439,0
523440,0
523441,0
523442,0
523443,0
523444,0
523445,0
523446,0
523447,0
523448,0
523449,0
523450,0
523451,0
523452,0
523453,0
523454,0
523455,0
523456,5
523457,0
523458,0
523459,0
523460,0
523461,0
523462,0
523463,0
523464,0
523465,0
523466,0
523467,0
523468,0
523469,0
523470,0
523471,0
523472,0
523473,0
523474,0
523475,0
523476,10
523477,0
523478,0
523479,0
523480,0
523481,0
523482,0
523483,12
523484,0
523485,0
523486,0
523487,0
523488,0
523489,0
523490,0
523491,0
523492,0
523493,0
523494,0
523495,0
523496,0
523497,0
523498,0
523499,0
523500,0
523501,0
523502,0
523503,0
523504,0
523505,0
523506,0
523507,0
523508,0
523509,0
523510,0
523511,0
523512,0
523513,0
523514,0
523515,0
523516,0
523517,0
523518,0
523519,0
523520,0
523521,0
523522,0
523523,0
523524,0
523525,0
523526,0
523527,0
523528,0
523529,0
523530,0
523531,0
523532,0
523533,0
523534,0
523535,0
523536,0
523537,0
523538,0
523539,0
523540,0
523541,0
523542,0
523543,0
523544,0
523545,0
523546,0
523547,0
523548,0
523549,0
523550,0
523551,0
523552,0
523553,0
523554,0
523555,0
523556,20
523557,0
523558,0
523559,0
523560,0
523561,0
523562,0
523563,0
523564,13
523565,0
523566,0
523567,0
523568,0
523569,0
523570,0
523571,0
523572,0
523573,0
523574,0
523575,0
523576,0
523577,0
523578,0
523579,0
523580,0
523581,0
523582,0
523583,0
523584,0
523585,0
523586,0
523587,0
523588,0
523589,0
523590,0
523591,0
523592,0
523593,0
523594,0
523595,0
523596,0
523597,0
523598,0
523599,0
523600,0
523601,0
523602,0
523603,0
523604,0
523605,0
523606,0
523607,0
523608,0
523609,0
523610,0
523611,0
523612,0
523613,0
523614,0
523615,0
523616,0
523617,0
523618,0
523619,0
523620,0
523621,0
523622,0
523623,0
523624,0
523625,0
523626,0
523627,0
523628,0
523629,0
523630,0
523631,0
523632,0
523633,0
523634,9
523635,0
523636,0
523637,0
523638,0
523639,0
523640,0
523641,0
523642,0
523643,0
523644,0
523645,0
523646,0
523647,0
523648,0
523649,0
523650,0
523651,0
523652,0
523653,0
523654,45
523655,24
523656,0
523657,0
523658,0
523659,0
523660,0
523661,36
523662,0
523663,0
523664,0
523665,0
523666,53
523667,0
523668,0
523669,0
523670,0
523671,0
523672,0
523673,0
523674,0
523675,0
523676,0
523677,0
523678,0
523679,0
523680,0
523681,0
523682,0
523683,0
523684,0
523685,48
523686,0
523687,0
523688,0
523689,0
523690,0
523691,0
523692,21
523693,0
523694,0
523695,0
523696,0
523697,0
523698,0
523699,0
523700,37
523701,0
523702,0
523703,0
523704,0
523705,0
523706,0
523707,42
523708,0
523709,0
523710,60
523711,0
523712,0
523713,0
523714,60
523715,52
523716,0
523717,0
523718,37
523719,0
523720,0
523721,0
523722,0
523723,0
523724,40
523725,0
523726,0
523727,23
523728,32
523729,0
523730,0
523731,0
523732,0
523733,0
523734,0
523735,0
523736,0
523737,0
523738,73
523739,46
523740,0
523741,0
523742,0
523743,0
523744,57
523745,0
523746,0
523747,0
523748,0
523749,0
523750,0
523751,0
523752,0
523753,0
523754,0
523755,0
523756,0
523757,0
523758,0
523759,47
523760,0
523761,0
523762,0
523763,0
523764,0
523765,0
523766,39
523767,0
523768,0
523769,0
523770,0
523771,0
523772,0
523773,0
523774,0
523775,0
523776,0
523777,0
523778,0
523779,0
523780,0
523781,0
523782,0
523783,0
523784,0
523785,0
523786,0
523787,0
523788,0
523789,0
523790,0
523791,0
523792,0
523793,0
523794,0
523795,0
523796,0
523797,0
523798,37
523799,0
523800,49
523801,0
523802,51
523803,0
523804,0
523805,0
523806,0
523807,0
523808,41
523809,0
523810,0
523811,0
523812,0
523813,0
523814,0
523815,0
523816,0
523817,53
523818,0
523819,0
523820,0
523821,49
523822,0
523823,28
523824,0
523825,0
523826,0
523827,0
523828,0
523829,0
523830,19
523831,0
523832,0
523833,0
523834,0
523835,0
523836,0
523837,0
523838,52
523839,0
523840,0
523841,0
523842,31
523843,0
523844,0
523845,0
523846,47
523847,0
523848,34
523849,0
523850,0
523851,0
523852,0
523853,0
523854,0
523855,27
523856,0
523857,0
523858,0
523859,0
523860,38
523861,0
523862,0
523863,0
523864,0
523865,0
523866,42
523867,0
523868,37
523869,0
523870,0
523871,0
523872,0
523873,0
523874,41
523875,59
523876,0
523877,0
523878,0
523879,0
523880,0
523881,0
523882,34
523883,0
523884,47
523885,0
523886,0
523887,0
523888,38
523889,0
523890,0
523891,0
523892,0
523893,0
523894,0
523895,0
523896,0
523897,0
523898,0
523899,26
523900,0
523901,0
523902,0
523903,0
523904,0
523905,0
523906,37
523907,50
523908,0
523909,0
523910,32
523911,18
523912,0
523913,0
523914,25
523915,0
523916,0
523917,0
523918,0
523919,0
523920,0
523921,0
523922,0
523923,35
523924,0
523925,0
523926,0
523927,0
523928,0
523929,0
523930,0
523931,0
523932,0
523933,35
523934,0
523935,0
523936,0
523937,0
523938,38
523939,0
523940,0
523941,0
523942,0
523943,27
523944,0
523945,0
523946,36
523947,36
523948,0
523949,0
523950,0
523951,0
523952,0
523953,0
523954,0
523955,0
523956,0
523957,0
523958,0
523959,0
523960,0
523961,0
523962,0
523963,47
523964,0
523965,0
523966,40
523967,0
523968,0
523969,0
523970,28
523971,0
523972,0
523973,0
523974,0
523975,34
523976,0
523977,0
523978,0
523979,43
523980,0
523981,0
523982,0
523983,34
523984,0
523985,0
523986,0
523987,0
523988,0
523989,0
523990,0
523991,58
523992,0
523993,0
523994,28
523995,0
523996,0
523997,0
523998,0
523999,20
524000,0
524001,0
524002,0
524003,0
524004,0
524005,33
524006,40
524007,38
524008,0
524009,0
524010,0
524011,0
524012,0
524013,0
524014,0
524015,0
524016,0
524017,0
524018,30
524019,0
524020,0
524021,0
524022,0
524023,0
524024,0
524025,0
524026,0
524027,0
524028,0
524029,41
524030,0
524031,0
524032,0
524033,0
524034,0
524035,0
524036,0
524037,0
524038,0
524039,0
524040,0
524041,0
524042,0
524043,0
524044,0
524045,0
524046,0
524047,0
524048,0
524049,0
524050,0
524051,0
524052,0
524053,0
524054,0
524055,0
524056,0
524057,35
524058,0
524059,63
524060,0
524061,0
524062,0
524063,35
524064,30
524065,40
524066,0
524067,0
524068,0
524069,0
524070,0
524071,0
524072,0
524073,50
524074,0
524075,0
524076,0
524077,0
524078,0
524079,0
524080,30
524081,0
524082,0
524083,0
524084,0
524085,0
524086,0
524087,0
524088,0
524089,0
524090,0
524091,0
524092,0
524093,0
524094,0
524095,0
524096,36
524097,0
524098,0
524099,0
524100,0
524101,0
524102,0
524103,40
524104,0
524105,48
524106,0
524107,0
524108,0
524109,0
524110,39
524111,0
524112,24
524113,44
524114,0
524115,33
524116,0
524117,28
524118,0
524119,0
524120,0
524121,0
524122,0
524123,0
524124,0
524125,0
524126,0
524127,40
524128,0
524129,55
524130,47
524131,0
524132,0
524133,0
524134,0
524135,0
524136,30
524137,0
524138,0
524139,0
524140,0
524141,0
524142,47
524143,55
524144,0
524145,0
524146,0
524147,0
524148,0
524149,67
524150,33
524151,0
524152,0
524153,0
524154,0
524155,0
524156,29
524157,0
524158,0
524159,0
524160,52
524161,0
524162,0
524163,0
524164,32
524165,0
524166,0
524167,0
524168,0
524169,0
524170,0
524171,0
524172,0
524173,0
524174,0
524175,0
524176,0
524177,33
524178,0
524179,32
524180,24
524181,0
524182,0
524183,0
524184,0
524185,0
524186,51
524187,0
524188,51
524189,0
524190,24
524191,0
524192,0
524193,0
524194,0
524195,0
524196,0
524197,0
524198,0
524199,0
524200,0
524201,0
524202,20
524203,0
524204,0
524205,0
524206,0
524207,0
524208,0
524209,0
524210,0
524211,0
524212,0
524213,0
524214,0
524215,0
524216,46
524217,0
524218,0
524219,0
524220,0
524221,0
524222,0
524223,0
524224,50
524225,0
524226,40
524227,0
524228,0
524229,0
524230,0
524231,45
524232,0
524233,0
524234,42
524235,0
524236,0
524237,0
524238,0
524239,0
524240,0
524241,0
524242,0
524243,0
524244,16
524245,0
524246,0
524247,0
524248,0
524249,0
524250,0
524251,0
524252,0
524253,0
524254,0
524255,0
524256,46
524257,0
524258,0
524259,0
524260,0
524261,0
524262,0
524263,0
524264,0
524265,42
524266,0
524267,0
524268,0
524269,0
524270,0
524271,0
524272,47
524273,30
524274,0
524275,37
524276,0
524277,0
524278,0
524279,0
524280,0
524281,0
524282,47
524283,0
524284,51
524285,0
524286,0
524287,0
524288,0
524289,0
524290,0
524291,0
524292,0
524293,0
524294,0
524295,0
524296,0
524297,0
524298,0
524299,0
524300,0
524301,0
524302,0
524303,0
524304,0
524305,0
524306,0
524307,0
524308,66
524309,0
524310,0
524311,34
524312,0
524313,0
524314,0
524315,28
524316,0
524317,0
524318,0
524319,0
524320,47
524321,0
524322,0
524323,0
524324,0
524325,0
524326,0
524327,39
524328,15
524329,0
524330,0
524331,35
524332,0
524333,0
524334,0
524335,0
524336,0
524337,0
524338,0
524339,0
524340,0
524341,0
524342,0
524343,0
524344,0
524345,0
524346,0
524347,0
524348,0
524349,0
524350,0
524351,0
524352,0
524353,0
524354,0
524355,0
524356,0
524357,0
524358,0
524359,0
524360,0
524361,0
524362,0
524363,0
524364,0
524365,0
524366,0
524367,0
524368,0
524369,0
524370,0
524371,0
524372,0
524373,0
524374,0
524375,0
524376,0
524377,0
524378,0
524379,0
524380,0
524381,0
524382,0
524383,0
524384,0
524385,0
524386,0
524387,0
524388,0
524389,0
524390,0
524391,0
524392,0
524393,0
524394,0
524395,0
524396,0
524397,0
524398,0
524399,0
524400,0
524401,0
524402,0
524403,0
524404,0
524405,0
524406,0
524407,0
524408,0
524409,0
524410,0
524411,0
524412,0
524413,0
524414,0
524415,0
524416,0
524417,0
524418,0
524419,0
524420,0
524421,0
524422,0
524423,0
524424,0
524425,0
524426,0
524427,0
524428,0
524429,0
524430,0
524431,0
524432,0
524433,0
524434,0
524435,0
524436,0
524437,0
524438,0
524439,0
524440,0
524441,0
524442,0
524443,0
524444,0
524445,0
524446,0
524447,0
524448,0
524449,0
524450,0
524451,0
524452,0
524453,0
524454,0
524455,0
524456,0
524457,0
524458,0
524459,0
524460,0
524461,0
524462,0
524463,0
524464,0
524465,0
524466,0
524467,0
524468,0
524469,0
524470,0
524471,0
524472,0
524473,0
524474,0
524475,0
524476,0
524477,0
524478,0
524479,0
524480,0
524481,0
524482,0
524483,0
524484,0
524485,0
524486,0
524487,0
524488,0
524489,0
524490,0
524491,0
524492,0
524493,0
524494,0
524495,0
524496,0
524497,0
524498,0
524499,0
524500,0
524501,0
524502,0
524503,0
524504,0
524505,0
524506,0
524507,0
524508,0
524509,0
524510,0
524511,0
524512,0
524513,0
524514,0
524515,0
524516,0
524517,0
524518,0
524519,0
524520,0
524521,0
524522,0
524523,0
524524,0
524525,0
524526,0
524527,0
524528,0
524529,0
524530,0
524531,0
524532,0
524533,0
524534,0
524535,0
524536,0
524537,0
524538,0
524539,0
524540,0
524541,0
524542,0
524543,0
524544,0
524545,0
524546,1
524547,0
524548,0
524549,0
524550,0
524551,0
524552,0
524553,0
524554,0
524555,0
524556,0
524557,0
524558,0
524559,0
524560,0
524561,0
524562,0
524563,0
524564,0
524565,0
524566,0
524567,0
524568,0
524569,0
524570,0
524571,0
524572,0
524573,0
524574,0
524575,0
524576,0
524577,0
524578,0
524579,0
524580,0
524581,0
524582,0
524583,0
524584,0
524585,0
524586,0
524587,0
524588,0
524589,0
524590,0
524591,0
524592,0
524593,0
524594,0
524595,0
524596,0
524597,0
524598,0
524599,0
524600,0
524601,0
524602,0
524603,0
524604,0
524605,0
524606,0
524607,0
524608,0
524609,0
524610,0
524611,0
524612,0
524613,0
524614,0
524615,0
524616,0
524617,0
524618,0
524619,0
524620,0
524621,0
524622,0
524623,0
524624,0
524625,0
524626,0
524627,0
524628,0
524629,0
524630,0
524631,0
524632,0
524633,0
524634,0
524635,0
524636,0
524637,1
524638,0
524639,0
524640,0
524641,0
524642,0
524643,0
524644,0
524645,0
524646,0
524647,0
524648,0
524649,0
524650,0
524651,0
524652,0
524653,0
524654,0
524655,0
524656,0
524657,0
524658,0
524659,0
524660,0
524661,0
524662,0
524663,0
524664,0
524665,0
524666,0
524667,0
524668,0
524669,0
524670,0
524671,0
524672,0
524673,0
524674,0
524675,0
524676,0
524677,0
524678,0
524679,0
524680,0
524681,0
524682,0
524683,0
524684,0
524685,0
524686,0
524687,0
524688,0
524689,0
524690,0
524691,0
524692,0
524693,0
524694,0
524695,0
524696,0
524697,0
524698,0
524699,0
524700,0
524701,0
524702,0
524703,0
524704,0
524705,0
524706,0
524707,0
524708,0
524709,0
524710,0
524711,0
524712,0
524713,0
524714,0
524715,0
524716,0
524717,0
524718,0
524719,0
524720,0
524721,0
524722,0
524723,0
524724,0
524725,0
524726,0
524727,0
524728,0
524729,0
524730,0
524731,0
524732,0
524733,0
524734,0
524735,0
524736,0
524737,0
524738,0
524739,0
524740,0
524741,0
524742,0
524743,0
524744,0
524745,0
524746,0
524747,0
524748,0
524749,0
524750,0
524751,0
524752,0
524753,0
524754,0
524755,0
524756,0
524757,0
524758,0
524759,0
524760,0
524761,0
524762,0
524763,0
524764,0
524765,0
524766,0
524767,0
524768,0
524769,0
524770,0
524771,0
524772,0
524773,0
524774,0
524775,0
524776,0
524777,0
524778,0
524779,0
524780,0
524781,0
524782,0
524783,0
524784,0
524785,0
524786,0
524787,0
524788,0
524789,0
524790,0
524791,0
524792,0
524793,0
524794,0
524795,0
524796,0
524797,0
524798,0
524799,0
524800,0
524801,0
524802,0
524803,0
524804,0
524805,0
524806,0
524807,0
524808,0
524809,0
524810,0
524811,0
524812,0
524813,0
524814,0
524815,0
524816,0
524817,0
524818,0
524819,0
524820,0
524821,0
524822,0
524823,0
524824,0
524825,0
524826,0
524827,0
524828,0
524829,0
524830,0
524831,0
524832,0
524833,0
524834,0
524835,0
524836,0
524837,0
524838,0
524839,0
524840,0
524841,0
524842,0
524843,0
524844,0
524845,0
524846,0
524847,0
524848,0
524849,0
524850,0
524851,0
524852,0
524853,0
524854,0
524855,0
524856,0
524857,0
524858,0
524859,0
524860,0
524861,0
524862,0
524863,0
524864,0
524865,0
524866,0
524867,0
524868,0
524869,0
524870,0
524871,0
524872,0
524873,0
524874,0
524875,0
524876,0
524877,0
524878,0
524879,0
524880,0
524881,0
524882,0
524883,0
524884,0
524885,0
524886,0
524887,0
524888,0
524889,0
524890,0
524891,0
524892,0
524893,0
524894,0
524895,0
524896,0
524897,0
524898,0
524899,0
524900,0
524901,0
524902,0
524903,0
524904,0
524905,0
524906,0
524907,0
524908,0
524909,0
524910,0
524911,0
524912,0
524913,0
524914,0
524915,0
524916,0
524917,0
524918,0
524919,0
524920,0
524921,0
524922,0
524923,0
524924,0
524925,0
524926,0
524927,0
524928,0
524929,0
524930,0
524931,0
524932,0
524933,0
524934,0
524935,0
524936,0
524937,0
524938,0
524939,0
524940,1
524941,0
524942,0
524943,0
524944,0
524945,0
524946,0
524947,0
524948,0
524949,0
524950,0
524951,0
524952,0
524953,0
524954,0
524955,0
524956,0
524957,0
524958,0
524959,0
524960,0
524961,0
524962,0
524963,0
524964,0
524965,0
524966,0
524967,0
524968,0
524969,0
524970,0
524971,0
524972,0
524973,0
524974,0
524975,0
524976,0
524977,0
524978,0
524979,0
524980,0
524981,0
524982,0
524983,0
524984,0
524985,0
524986,0
524987,0
524988,0
524989,0
524990,0
524991,0
524992,0
524993,0
524994,0
524995,0
524996,2
524997,0
524998,0
524999,0
525000,0
525001,0
525002,0
525003,0
525004,0
525005,0
525006,0
525007,0
525008,0
525009,0
525010,0
525011,0
525012,0
525013,0
525014,0
525015,0
525016,0
525017,0
525018,0
525019,0
525020,0
525021,0
525022,0
525023,0
525024,0
525025,0
525026,0
525027,0
525028,0
525029,0
525030,0
525031,0
525032,0
525033,0
525034,0
525035,0
525036,0
525037,0
525038,0
525039,0
525040,0
525041,0
525042,0
525043,0
525044,0
525045,0
525046,0
525047,0
525048,0
525049,0
525050,0
525051,0
525052,0
525053,0
525054,0
525055,0
525056,0
525057,0
525058,0
525059,0
525060,0
525061,0
525062,0
525063,0
525064,0
525065,0
525066,0
525067,0
525068,0
525069,0
525070,0
525071,0
525072,0
525073,0
525074,0
525075,0
525076,0
525077,0
525078,0
525079,1
525080,0
525081,0
525082,0
525083,0
525084,0
525085,0
525086,0
525087,0
525088,0
525089,0
525090,0
525091,0
525092,0
525093,0
525094,0
525095,0
525096,0
525097,0
525098,0
525099,0
525100,0
525101,0
525102,0
525103,0
525104,0
525105,0
525106,0
525107,0
525108,0
525109,0
525110,0
525111,0
525112,0
525113,0
525114,0
525115,0
525116,0
525117,0
525118,0
525119,0
525120,0
525121,0
525122,0
525123,0
525124,0
525125,0
525126,0
525127,0
525128,0
525129,0
525130,0
525131,0
525132,0
525133,0
525134,0
525135,0
525136,0
525137,0
525138,0
525139,0
525140,0
525141,0
525142,0
525143,0
525144,0
525145,0
525146,0
525147,0
525148,0
525149,0
525150,0
525151,0
525152,0
525153,0
525154,0
525155,0
525156,0
525157,0
525158,0
525159,0
525160,0
525161,0
525162,0
525163,0
525164,0
525165,0
525166,0
525167,0
525168,0
525169,0
525170,0
525171,1
525172,0
525173,0
525174,0
525175,0
525176,0
525177,0
525178,0
525179,0
525180,0
525181,0
525182,0
525183,0
525184,0
525185,0
525186,0
525187,0
525188,0
525189,0
525190,0
525191,0
525192,0
525193,0
525194,0
525195,0
525196,0
525197,0
525198,0
525199,0
525200,0
525201,0
525202,0
525203,0
525204,0
525205,0
525206,0
525207,0
525208,0
525209,0
525210,0
525211,0
525212,0
525213,0
525214,0
525215,0
525216,0
525217,0
525218,0
525219,0
525220,0
525221,0
525222,0
525223,0
525224,0
525225,0
525226,0
525227,0
525228,0
525229,0
525230,0
525231,0
525232,0
525233,0
525234,0
525235,0
525236,0
525237,0
525238,0
525239,0
525240,0
525241,0
525242,0
525243,0
525244,1
525245,0
525246,0
525247,0
525248,0
525249,0
525250,0
525251,0
525252,0
525253,0
525254,0
525255,0
525256,0
525257,0
525258,0
525259,0
525260,0
525261,0
525262,0
525263,0
525264,0
525265,0
525266,0
525267,0
525268,0
525269,0
525270,0
525271,0
525272,0
525273,0
525274,0
525275,0
525276,0
525277,0
525278,0
525279,0
525280,0
525281,0
525282,0
525283,0
525284,0
525285,0
525286,0
525287,0
525288,0
525289,0
525290,0
525291,0
525292,0
525293,0
525294,0
525295,1
525296,0
525297,0
525298,0
525299,0
525300,0
525301,0
525302,0
525303,0
525304,0
525305,0
525306,0
525307,0
525308,0
525309,0
525310,0
525311,0
525312,0
525313,0
525314,0
525315,0
525316,0
525317,0
525318,0
525319,0
525320,0
525321,0
525322,0
525323,0
525324,0
525325,0
525326,0
525327,0
525328,0
525329,0
525330,31
525331,0
525332,0
525333,0
525334,0
525335,51
525336,0
525337,0
525338,0
525339,0
525340,0
525341,0
525342,0
525343,0
525344,0
525345,0
525346,0
525347,0
525348,0
525349,0
525350,55
525351,0
525352,0
525353,0
525354,22
525355,0
525356,0
525357,0
525358,0
525359,0
525360,0
525361,0
525362,0
525363,0
525364,0
525365,24
525366,0
525367,0
525368,0
525369,0
525370,0
525371,0
525372,0
525373,0
525374,0
525375,0
525376,0
525377,0
525378,0
525379,0
525380,0
525381,0
525382,0
525383,0
525384,0
525385,0
525386,0
525387,0
525388,0
525389,0
525390,0
525391,0
525392,0
525393,0
525394,0
525395,0
525396,0
525397,0
525398,0
525399,0
525400,19
525401,25
525402,0
525403,0
525404,0
525405,0
525406,0
525407,0
525408,0
525409,0
525410,0
525411,0
525412,36
525413,0
525414,0
525415,0
525416,0
525417,0
525418,0
525419,0
525420,0
525421,35
525422,0
525423,33
525424,0
525425,0
525426,0
525427,0
525428,0
525429,0
525430,0
525431,0
525432,0
525433,0
525434,0
525435,0
525436,0
525437,0
525438,0
525439,0
525440,0
525441,0
525442,0
525443,0
525444,0
525445,0
525446,0
525447,0
525448,0
525449,0
525450,0
525451,0
525452,0
525453,0
525454,0
525455,0
525456,0
525457,0
525458,28
525459,0
525460,0
525461,0
525462,0
525463,0
525464,0
525465,0
525466,0
525467,0
525468,0
525469,0
525470,0
525471,0
525472,0
525473,0
525474,0
525475,0
525476,0
525477,0
525478,0
525479,0
525480,0
525481,0
525482,0
525483,0
525484,0
525485,35
525486,0
525487,0
525488,0
525489,0
525490,0
525491,0
525492,0
525493,0
525494,0
525495,0
525496,0
525497,0
525498,0
525499,0
525500,0
525501,0
525502,0
525503,0
525504,0
525505,0
525506,0
525507,0
525508,0
525509,0
525510,0
525511,45
525512,0
525513,0
525514,0
525515,0
525516,0
525517,0
525518,0
525519,0
525520,0
525521,0
525522,0
525523,0
525524,0
525525,0
525526,0
525527,65
525528,0
525529,0
525530,0
525531,0
525532,0
525533,0
525534,0
525535,0
525536,0
525537,0
525538,0
525539,0
525540,0
525541,0
525542,0
525543,0
525544,0
525545,0
525546,40
525547,0
525548,0
525549,0
525550,0
525551,0
525552,0
525553,25
525554,0
525555,17
525556,0
525557,0
525558,0
525559,38
525560,0
525561,0
525562,0
525563,0
525564,0
525565,0
525566,0
525567,0
525568,0
525569,0
525570,0
525571,0
525572,0
525573,0
525574,0
525575,0
525576,0
525577,0
525578,0
525579,26
525580,0
525581,0
525582,0
525583,0
525584,0
525585,0
525586,0
525587,0
525588,0
525589,0
525590,0
525591,0
525592,0
525593,0
525594,0
525595,0
525596,0
525597,0
525598,0
525599,0
525600,0
525601,0
525602,45
525603,0
525604,0
525605,0
525606,0
525607,0
525608,18
525609,0
525610,0
525611,0
525612,0
525613,0
525614,0
525615,0
525616,0
525617,0
525618,0
525619,0
525620,0
525621,0
525622,18
525623,0
525624,0
525625,0
525626,0
525627,0
525628,0
525629,0
525630,0
525631,0
525632,0
525633,0
525634,0
525635,0
525636,0
525637,0
525638,0
525639,79
525640,0
525641,0
525642,0
525643,0
525644,0
525645,0
525646,0
525647,0
525648,0
525649,0
525650,0
525651,0
525652,0
525653,0
525654,0
525655,0
525656,0
525657,0
525658,0
525659,0
525660,0
525661,0
525662,0
525663,0
525664,0
525665,0
525666,0
525667,0
525668,0
525669,0
525670,0
525671,0
525672,45
525673,0
525674,0
525675,0
525676,0
525677,0
525678,0
525679,0
525680,0
525681,0
525682,0
525683,0
525684,0
525685,42
525686,0
525687,0
525688,0
525689,0
525690,0
525691,0
525692,0
525693,0
525694,0
525695,0
525696,0
525697,0
525698,0
525699,0
525700,0
525701,0
525702,0
525703,47
525704,0
525705,0
525706,0
525707,0
525708,0
525709,0
525710,0
525711,0
525712,0
525713,0
525714,0
525715,0
525716,0
525717,0
525718,0
525719,0
525720,0
525721,53
525722,0
525723,0
525724,0
525725,0
525726,0
525727,33
525728,0
525729,0
525730,0
525731,0
525732,0
525733,0
525734,0
525735,23
525736,0
525737,0
525738,0
525739,0
525740,0
525741,0
525742,0
525743,0
525744,0
525745,0
525746,0
525747,0
525748,0
525749,0
525750,0
525751,38
525752,27
525753,0
525754,22
525755,0
525756,0
525757,0
525758,0
525759,0
525760,0
525761,0
525762,0
525763,0
525764,0
525765,0
525766,0
525767,0
525768,0
525769,0
525770,0
525771,0
525772,0
525773,0
525774,0
525775,0
525776,0
525777,0
525778,0
525779,0
525780,0
525781,27
525782,0
525783,0
525784,0
525785,35
525786,0
525787,0
525788,0
525789,0
525790,0
525791,0
525792,0
525793,0
525794,0
525795,0
525796,0
525797,0
525798,16
525799,0
525800,0
525801,0
525802,0
525803,0
525804,0
525805,0
525806,0
525807,0
525808,0
525809,0
525810,0
525811,0
525812,0
525813,0
525814,0
525815,0
525816,0
525817,0
525818,0
525819,0
525820,0
525821,0
525822,0
525823,30
525824,0
525825,0
525826,58
525827,0
525828,51
525829,0
525830,32
525831,0
525832,56
525833,0
525834,0
525835,0
525836,0
525837,0
525838,0
525839,53
525840,0
525841,0
525842,0
525843,0
525844,0
525845,32
525846,0
525847,0
525848,0
525849,0
525850,0
525851,0
525852,0
525853,27
525854,0
525855,0
525856,0
525857,0
525858,0
525859,0
525860,0
525861,0
525862,0
525863,0
525864,0
525865,0
525866,0
525867,40
525868,0
525869,0
525870,0
525871,0
525872,0
525873,0
525874,0
525875,0
525876,0
525877,0
525878,0
525879,0
525880,0
525881,0
525882,0
525883,0
525884,0
525885,0
525886,0
525887,0
525888,26
525889,0
525890,26
525891,0
525892,0
525893,0
525894,0
525895,0
525896,0
525897,0
525898,0
525899,60
525900,0
525901,60
525902,0
525903,0
525904,0
525905,0
525906,0
525907,0
525908,0
525909,0
525910,0
525911,0
525912,0
525913,0
525914,0
525915,0
525916,0
525917,0
525918,0
525919,0
525920,0
525921,0
525922,36
525923,0
525924,24
525925,0
525926,0
525927,0
525928,0
525929,0
525930,0
525931,0
525932,0
525933,0
525934,0
525935,0
525936,0
525937,0
525938,0
525939,0
525940,24
525941,0
525942,0
525943,0
525944,0
525945,0
525946,0
525947,0
525948,0
525949,0
525950,0
525951,0
525952,0
525953,0
525954,0
525955,0
525956,0
525957,0
525958,0
525959,0
525960,0
525961,0
525962,0
525963,0
525964,0
525965,0
525966,0
525967,0
525968,0
525969,0
525970,0
525971,27
525972,0
525973,40
525974,0
525975,0
525976,0
525977,0
525978,0
525979,0
525980,0
525981,0
525982,0
525983,0
525984,0
525985,0
525986,13
525987,0
525988,0
525989,0
525990,0
525991,0
525992,0
525993,0
525994,0
525995,0
525996,0
525997,0
525998,0
525999,0
526000,0
526001,0
526002,0
526003,0
526004,0
526005,43
526006,0
526007,0
526008,0
526009,0
526010,0
526011,0
526012,0
526013,0
526014,0
526015,0
526016,0
526017,51
526018,0
526019,0
526020,0
526021,0
526022,0
526023,0
526024,0
526025,0
526026,0
526027,46
526028,0
526029,0
526030,0
526031,0
526032,11
526033,0
526034,0
526035,68
526036,0
526037,51
526038,0
526039,0
526040,0
526041,0
526042,0
526043,0
526044,0
526045,0
526046,0
526047,0
526048,0
526049,0
526050,0
526051,0
526052,0
526053,0
526054,0
526055,0
526056,0
526057,0
526058,0
526059,0
526060,0
526061,0
526062,0
526063,0
526064,0
526065,0
526066,0
526067,0
526068,52
526069,0
526070,0
526071,0
526072,0
526073,0
526074,0
526075,0
526076,0
526077,0
526078,0
526079,0
526080,0
526081,0
526082,0
526083,0
526084,0
526085,0
526086,0
526087,0
526088,0
526089,0
526090,0
526091,0
526092,0
526093,0
526094,49
526095,43
526096,0
526097,44
526098,0
526099,0
526100,19
526101,28
526102,0
526103,21
526104,21
526105,0
526106,0
526107,0
526108,42
526109,0
526110,0
526111,0
526112,19
526113,22
526114,36
526115,0
526116,0
526117,0
526118,39
526119,0
526120,0
526121,0
526122,0
526123,40
526124,0
526125,0
526126,0
526127,0
526128,0
526129,0
526130,0
526131,20
526132,0
526133,0
526134,0
526135,0
526136,28
526137,0
526138,0
526139,0
526140,0
526141,0
526142,0
526143,0
526144,0
526145,0
526146,0
526147,0
526148,19
526149,0
526150,0
526151,0
526152,37
526153,0
526154,0
526155,0
526156,0
526157,0
526158,22
526159,0
526160,21
526161,0
526162,11
526163,0
526164,0
526165,0
526166,27
526167,0
526168,0
526169,0
526170,0
526171,0
526172,0
526173,0
526174,22
526175,32
526176,0
526177,0
526178,0
526179,0
526180,0
526181,0
526182,0
526183,18
526184,0
526185,33
526186,34
526187,0
526188,0
526189,26
526190,0
526191,0
526192,0
526193,0
526194,34
526195,20
526196,0
526197,0
526198,0
526199,0
526200,0
526201,22
526202,28
526203,25
526204,13
526205,0
526206,0
526207,0
526208,0
526209,0
526210,0
526211,0
526212,0
526213,0
526214,0
526215,0
526216,14
526217,19
526218,0
526219,12
526220,0
526221,20
526222,0
526223,15
526224,0
526225,0
526226,0
526227,38
526228,0
526229,0
526230,26
526231,0
526232,25
526233,0
526234,0
526235,0
526236,30
526237,0
526238,0
526239,0
526240,0
526241,0
526242,0
526243,19
526244,0
526245,0
526246,0
526247,0
526248,0
526249,42
526250,0
526251,26
526252,0
526253,0
526254,0
526255,30
526256,0
526257,0
526258,13
526259,0
526260,0
526261,0
526262,33
526263,0
526264,0
526265,0
526266,0
526267,0
526268,0
526269,0
526270,0
526271,30
526272,0
526273,23
526274,10
526275,48
526276,0
526277,10
526278,0
526279,0
526280,12
526281,0
526282,0
526283,0
526284,0
526285,0
526286,0
526287,0
526288,32
526289,26
526290,0
526291,0
526292,0
526293,11
526294,0
526295,0
526296,0
526297,0
526298,26
526299,0
526300,0
526301,20
526302,22
526303,0
526304,0
526305,0
526306,0
526307,0
526308,0
526309,0
526310,0
526311,33
526312,0
526313,0
526314,0
526315,0
526316,0
526317,0
526318,0
526319,24
526320,27
526321,0
526322,0
526323,0
526324,0
526325,0
526326,0
526327,0
526328,17
526329,0
526330,0
526331,0
526332,40
526333,0
526334,0
526335,0
526336,39
526337,0
526338,0
526339,0
526340,12
526341,0
526342,0
526343,0
526344,0
526345,18
526346,46
526347,0
526348,29
526349,0
526350,0
526351,0
526352,26
526353,38
526354,0
526355,0
526356,0
526357,0
526358,0
526359,0
526360,0
526361,0
526362,22
526363,0
526364,0
526365,0
526366,9
526367,0
526368,0
526369,0
526370,0
526371,0
526372,0
526373,0
526374,24
526375,0
526376,0
526377,0
526378,0
526379,34
526380,56
526381,0
526382,24
526383,0
526384,26
526385,0
526386,0
526387,0
526388,0
526389,0
526390,0
526391,0
526392,27
526393,19
526394,0
526395,0
526396,27
526397,0
526398,25
526399,24
526400,25
526401,0
526402,0
526403,0
526404,0
526405,0
526406,17
526407,35
526408,9
526409,47
526410,0
526411,0
526412,0
526413,0
526414,0
526415,0
526416,0
526417,0
526418,0
526419,24
526420,0
526421,0
526422,0
526423,0
526424,0
526425,0
526426,0
526427,52
526428,0
526429,0
526430,0
526431,0
526432,0
526433,9
526434,0
526435,0
526436,0
526437,0
526438,0
526439,25
526440,0
526441,0
526442,0
526443,0
526444,0
526445,22
526446,0
526447,34
526448,0
526449,25
526450,0
526451,20
526452,0
526453,41
526454,0
526455,0
526456,26
526457,28
526458,0
526459,0
526460,0
526461,48
526462,34
526463,0
526464,0
526465,0
526466,0
526467,0
526468,0
526469,0
526470,0
526471,23
526472,19
526473,42
526474,28
526475,24
526476,37
526477,0
526478,0
526479,23
526480,28
526481,0
526482,0
526483,0
526484,0
526485,0
526486,0
526487,0
526488,0
526489,0
526490,0
526491,24
526492,0
526493,0
526494,0
526495,0
526496,0
526497,0
526498,0
526499,0
526500,24
526501,0
526502,0
526503,0
526504,0
526505,0
526506,0
526507,0
526508,0
526509,0
526510,0
526511,17
526512,0
526513,0
526514,0
526515,27
526516,0
526517,31
526518,0
526519,22
526520,0
526521,0
526522,0
526523,0
526524,20
526525,13
526526,46
526527,0
526528,0
526529,0
526530,0
526531,0
526532,0
526533,48
526534,14
526535,0
526536,18
526537,0
526538,21
526539,0
526540,0
526541,18
526542,0
526543,0
526544,43
526545,0
526546,0
526547,0
526548,0
526549,27
526550,0
526551,0
526552,0
526553,0
526554,29
526555,0
526556,0
526557,0
526558,0
526559,0
526560,14
526561,0
526562,0
526563,36
526564,38
526565,0
526566,13
526567,0
526568,0
526569,63
526570,0
526571,0
526572,0
526573,0
526574,0
526575,0
526576,0
526577,28
526578,0
526579,27
526580,28
526581,0
526582,0
526583,0
526584,33
526585,14
526586,0
526587,0
526588,0
526589,0
526590,0
526591,26
526592,0
526593,0
526594,0
526595,0
526596,0
526597,0
526598,0
526599,27
526600,0
526601,0
526602,0
526603,0
526604,0
526605,24
526606,0
526607,0
526608,0
526609,0
526610,0
526611,0
526612,17
526613,0
526614,0
526615,23
526616,0
526617,0
526618,0
526619,0
526620,0
526621,0
526622,0
526623,0
526624,0
526625,0
526626,0
526627,19
526628,17
526629,33
526630,0
526631,22
526632,0
526633,0
526634,0
526635,0
526636,11
526637,11
526638,0
526639,0
526640,12
526641,37
526642,0
526643,0
526644,32
526645,0
526646,0
526647,0
526648,0
526649,0
526650,30
526651,0
526652,0
526653,42
526654,0
526655,33
526656,26
526657,0
526658,0
526659,0
526660,33
526661,33
526662,0
526663,0
526664,0
526665,0
526666,0
526667,35
526668,0
526669,0
526670,0
526671,28
526672,0
526673,0
526674,0
526675,0
526676,0
526677,0
526678,27
526679,39
526680,0
526681,0
526682,0
526683,24
526684,28
526685,0
526686,28
526687,27
526688,32
526689,19
526690,0
526691,0
526692,0
526693,34
526694,0
526695,34
526696,0
526697,0
526698,14
526699,0
526700,0
526701,0
526702,0
526703,10
526704,0
526705,0
526706,33
526707,0
526708,0
526709,0
526710,16
526711,0
526712,0
526713,0
526714,0
526715,21
526716,0
526717,0
526718,0
526719,0
526720,0
526721,0
526722,0
526723,0
526724,0
526725,0
526726,0
526727,0
526728,57
526729,0
526730,41
526731,0
526732,0
526733,0
526734,19
526735,0
526736,0
526737,31
526738,0
526739,12
526740,0
526741,0
526742,0
526743,11
526744,0
526745,0
526746,0
526747,6
526748,0
526749,0
526750,26
526751,0
526752,0
526753,0
526754,0
526755,24
526756,0
526757,0
526758,0
526759,26
526760,0
526761,23
526762,0
526763,21
526764,0
526765,0
526766,0
526767,0
526768,27
526769,17
526770,0
526771,29
526772,0
526773,0
526774,0
526775,37
526776,29
526777,0
526778,0
526779,0
526780,0
526781,0
526782,24
526783,0
526784,0
526785,29
526786,0
526787,0
526788,0
526789,0
526790,0
526791,20
526792,0
526793,23
526794,34
526795,0
526796,29
526797,14
526798,0
526799,48
526800,0
526801,18
526802,0
526803,0
526804,27
526805,0
526806,0
526807,30
526808,30
526809,10
526810,14
526811,0
526812,0
526813,23
526814,26
526815,25
526816,0
526817,0
526818,24
526819,0
526820,0
526821,0
526822,0
526823,16
526824,0
526825,0
526826,27
526827,15
526828,0
526829,0
526830,31
526831,0
526832,14
526833,0
526834,30
526835,17
526836,4
526837,21
526838,0
526839,0
526840,0
526841,0
526842,0
526843,0
526844,16
526845,0
526846,14
526847,0
526848,9
526849,13
526850,0
526851,0
526852,21
526853,14
526854,0
526855,15
526856,12
526857,0
526858,0
526859,0
526860,0
526861,0
526862,0
526863,15
526864,0
526865,0
526866,0
526867,0
526868,0
526869,18
526870,17
526871,0
526872,0
526873,0
526874,0
526875,0
526876,0
526877,0
526878,14
526879,19
526880,0
526881,0
526882,0
526883,0
526884,16
526885,0
526886,0
526887,0
526888,0
526889,0
526890,0
526891,0
526892,0
526893,0
526894,19
526895,0
526896,16
526897,0
526898,17
526899,16
526900,0
526901,0
526902,0
526903,22
526904,0
526905,20
526906,21
526907,14
526908,0
526909,0
526910,29
526911,0
526912,0
526913,0
526914,0
526915,0
526916,9
526917,0
526918,21
526919,0
526920,0
526921,0
526922,14
526923,0
526924,0
526925,0
526926,0
526927,0
526928,0
526929,24
526930,23
526931,0
526932,0
526933,11
526934,0
526935,20
526936,0
526937,22
526938,0
526939,17
526940,0
526941,0
526942,0
526943,0
526944,0
526945,0
526946,0
526947,0
526948,28
526949,0
526950,0
526951,0
526952,20
526953,0
526954,0
526955,0
526956,0
526957,0
526958,0
526959,0
526960,0
526961,0
526962,0
526963,0
526964,0
526965,0
526966,0
526967,0
526968,16
526969,0
526970,0
526971,17
526972,0
526973,17
526974,0
526975,0
526976,0
526977,5
526978,9
526979,23
526980,0
526981,0
526982,0
526983,19
526984,22
526985,0
526986,0
526987,0
526988,0
526989,0
526990,0
526991,15
526992,0
526993,0
526994,0
526995,0
526996,0
526997,17
526998,0
526999,0
527000,0
527001,17
527002,0
527003,0
527004,0
527005,0
527006,0
527007,0
527008,0
527009,22
527010,15
527011,11
527012,0
527013,0
527014,0
527015,0
527016,12
527017,0
527018,11
527019,27
527020,0
527021,0
527022,0
527023,0
527024,0
527025,17
527026,0
527027,0
527028,0
527029,0
527030,0
527031,22
527032,0
527033,0
527034,0
527035,9
527036,0
527037,0
527038,0
527039,11
527040,0
527041,0
527042,0
527043,0
527044,29
527045,0
527046,0
527047,0
527048,0
527049,0
527050,0
527051,27
527052,0
527053,23
527054,0
527055,0
527056,0
527057,0
527058,0
527059,0
527060,14
527061,17
527062,0
527063,0
527064,28
527065,0
527066,0
527067,0
527068,0
527069,0
527070,14
527071,0
527072,17
527073,0
527074,0
527075,0
527076,0
527077,0
527078,0
527079,17
527080,16
527081,0
527082,21
527083,0
527084,0
527085,0
527086,16
527087,0
527088,0
527089,0
527090,0
527091,19
527092,0
527093,0
527094,10
527095,0
527096,0
527097,20
527098,15
527099,17
527100,15
527101,17
527102,0
527103,0
527104,0
527105,0
527106,0
527107,0
527108,0
527109,26
527110,13
527111,0
527112,0
527113,0
527114,12
527115,0
527116,12
527117,0
527118,0
527119,0
527120,0
527121,0
527122,0
527123,0
527124,0
527125,0
527126,0
527127,0
527128,11
527129,17
527130,0
527131,0
527132,18
527133,0
527134,16
527135,15
527136,0
527137,0
527138,0
527139,0
527140,0
527141,0
527142,0
527143,16
527144,0
527145,0
527146,0
527147,0
527148,0
527149,0
527150,0
527151,23
527152,0
527153,0
527154,0
527155,17
527156,0
527157,14
527158,18
527159,0
527160,16
527161,0
527162,0
527163,0
527164,0
527165,18
527166,0
527167,10
527168,0
527169,0
527170,0
527171,19
527172,0
527173,0
527174,18
527175,0
527176,0
527177,13
527178,26
527179,0
527180,0
527181,11
527182,0
527183,0
527184,0
527185,0
527186,0
527187,0
527188,0
527189,0
527190,0
527191,0
527192,0
527193,0
527194,15
527195,12
527196,0
527197,0
527198,0
527199,0
527200,0
527201,0
527202,0
527203,24
527204,0
527205,0
527206,0
527207,24
527208,0
527209,15
527210,0
527211,20
527212,0
527213,0
527214,0
527215,0
527216,0
527217,0
527218,0
527219,0
527220,0
527221,0
527222,0
527223,0
527224,0
527225,0
527226,0
527227,0
527228,13
527229,0
527230,0
527231,15
527232,0
527233,0
527234,0
527235,18
527236,0
527237,0
527238,0
527239,0
527240,0
527241,0
527242,0
527243,20
527244,0
527245,0
527246,9
527247,0
527248,0
527249,0
527250,0
527251,0
527252,0
527253,0
527254,0
527255,11
527256,0
527257,19
527258,0
527259,0
527260,0
527261,0
527262,0
527263,22
527264,0
527265,0
527266,0
527267,11
527268,0
527269,0
527270,0
527271,0
527272,11
527273,26
527274,0
527275,0
527276,0
527277,0
527278,0
527279,0
527280,0
527281,0
527282,0
527283,17
527284,0
527285,0
527286,24
527287,0
527288,0
527289,14
527290,0
527291,21
527292,0
527293,0
527294,0
527295,0
527296,0
527297,0
527298,22
527299,0
527300,0
527301,0
527302,0
527303,0
527304,0
527305,30
527306,0
527307,0
527308,0
527309,0
527310,0
527311,0
527312,0
527313,11
527314,17
527315,0
527316,0
527317,21
527318,0
527319,18
527320,25
527321,0
527322,23
527323,12
527324,12
527325,0
527326,0
527327,0
527328,0
527329,0
527330,0
527331,15
527332,0
527333,0
527334,0
527335,0
527336,0
527337,0
527338,0
527339,16
527340,0
527341,11
527342,0
527343,0
527344,0
527345,0
527346,0
527347,0
527348,0
527349,0
527350,15
527351,0
527352,23
527353,0
527354,0
527355,0
527356,15
527357,0
527358,0
527359,0
527360,22
527361,0
527362,12
527363,14
527364,0
527365,0
527366,20
527367,0
527368,0
527369,19
527370,15
527371,0
527372,0
527373,0
527374,0
527375,0
527376,0
527377,20
527378,19
527379,31
527380,0
527381,0
527382,0
527383,0
527384,0
527385,0
527386,11
527387,17
527388,0
527389,0
527390,0
527391,0
527392,13
527393,0
527394,0
527395,0
527396,0
527397,0
527398,0
527399,14
527400,14
527401,0
527402,0
527403,0
527404,0
527405,19
527406,0
527407,0
527408,0
527409,0
527410,0
527411,14
527412,0
527413,13
527414,0
527415,0
527416,19
527417,17
527418,0
527419,0
527420,25
527421,18
527422,0
527423,0
527424,0
527425,0
527426,14
527427,0
527428,21
527429,0
527430,13
527431,7
527432,8
527433,5
527434,0
527435,0
527436,0
527437,0
527438,0
527439,0
527440,0
527441,7
527442,0
527443,10
527444,0
527445,6
527446,0
527447,8
527448,5
527449,0
527450,0
527451,0
527452,0
527453,0
527454,10
527455,0
527456,0
527457,2
527458,8
527459,0
527460,0
527461,0
527462,0
527463,0
527464,0
527465,9
527466,0
527467,0
527468,9
527469,0
527470,10
527471,0
527472,0
527473,0
527474,0
527475,2
527476,0
527477,0
527478,0
527479,0
527480,6
527481,0
527482,0
527483,4
527484,0
527485,0
527486,0
527487,6
527488,0
527489,0
527490,0
527491,0
527492,0
527493,0
527494,0
527495,0
527496,0
527497,0
527498,0
527499,0
527500,9
527501,0
527502,0
527503,0
527504,0
527505,0
527506,0
527507,0
527508,0
527509,0
527510,0
527511,0
527512,5
527513,0
527514,0
527515,0
527516,9
527517,0
527518,12
527519,10
527520,0
527521,0
527522,6
527523,8
527524,0
527525,0
527526,0
527527,0
527528,0
527529,0
527530,0
527531,3
527532,0
527533,0
527534,0
527535,0
527536,0
527537,5
527538,0
527539,0
527540,0
527541,0
527542,0
527543,0
527544,0
527545,0
527546,0
527547,0
527548,12
527549,7
527550,0
527551,0
527552,0
527553,0
527554,0
527555,1
527556,0
527557,5
527558,0
527559,7
527560,12
527561,0
527562,0
527563,0
527564,0
527565,0
527566,0
527567,0
527568,0
527569,5
527570,5
527571,0
527572,6
527573,5
527574,0
527575,0
527576,0
527577,0
527578,0
527579,0
527580,0
527581,0
527582,0
527583,0
527584,0
527585,0
527586,13
527587,0
527588,12
527589,0
527590,0
527591,0
527592,5
527593,0
527594,0
527595,0
527596,0
527597,9
527598,0
527599,0
527600,0
527601,8
527602,8
527603,0
527604,9
527605,0
527606,0
527607,0
527608,0
527609,0
527610,4
527611,0
527612,0
527613,0
527614,0
527615,0
527616,0
527617,8
527618,12
527619,0
527620,7
527621,0
527622,7
527623,0
527624,0
527625,0
527626,0
527627,0
527628,5
527629,0
527630,0
527631,0
527632,0
527633,0
527634,0
527635,0
527636,5
527637,0
527638,0
527639,0
527640,0
527641,0
527642,0
527643,0
527644,0
527645,0
527646,0
527647,0
527648,0
527649,0
527650,0
527651,0
527652,0
527653,0
527654,6
527655,0
527656,0
527657,0
527658,0
527659,0
527660,8
527661,0
527662,0
527663,0
527664,0
527665,0
527666,0
527667,0
527668,0
527669,9
527670,9
527671,6
527672,9
527673,12
527674,8
527675,7
527676,0
527677,0
527678,0
527679,0
527680,0
527681,6
527682,7
527683,0
527684,10
527685,0
527686,0
527687,0
527688,10
527689,11
527690,0
527691,0
527692,6
527693,10
527694,0
527695,0
527696,9
527697,0
527698,0
527699,3
527700,0
527701,0
527702,0
527703,0
527704,9
527705,0
527706,0
527707,0
527708,0
527709,0
527710,9
527711,0
527712,10
527713,6
527714,6
527715,0
527716,7
527717,0
527718,0
527719,0
527720,0
527721,0
527722,0
527723,0
527724,5
527725,0
527726,0
527727,0
527728,7
527729,0
527730,5
527731,0
527732,0
527733,5
527734,0
527735,0
527736,0
527737,6
527738,0
527739,0
527740,0
527741,0
527742,0
527743,0
527744,0
527745,0
527746,0
527747,0
527748,0
527749,0
527750,4
527751,8
527752,0
527753,0
527754,8
527755,0
527756,0
527757,0
527758,0
527759,6
527760,0
527761,0
527762,0
527763,14
527764,0
527765,0
527766,0
527767,7
527768,0
527769,0
527770,16
527771,3
527772,0
527773,8
527774,10
527775,0
527776,0
527777,0
527778,0
527779,8
527780,0
527781,0
527782,13
527783,8
527784,0
527785,0
527786,49
527787,0
527788,0
527789,0
527790,0
527791,0
527792,0
527793,0
527794,0
527795,0
527796,0
527797,0
527798,10
527799,7
527800,0
527801,0
527802,0
527803,38
527804,0
527805,46
527806,57
527807,0
527808,0
527809,0
527810,0
527811,0
527812,0
527813,0
527814,0
527815,0
527816,0
527817,0
527818,25
527819,17
527820,0
527821,0
527822,0
527823,0
527824,0
527825,36
527826,0
527827,54
527828,17
527829,0
527830,54
527831,29
527832,0
527833,0
527834,22
527835,51
527836,0
527837,47
527838,0
527839,0
527840,0
527841,0
527842,0
527843,0
527844,0
527845,0
527846,0
527847,0
527848,0
527849,0
527850,0
527851,0
527852,0
527853,0
527854,0
527855,41
527856,0
527857,0
527858,0
527859,0
527860,0
527861,0
527862,0
527863,0
527864,0
527865,0
527866,43
527867,42
527868,0
527869,0
527870,0
527871,47
527872,0
527873,23
527874,0
527875,73
527876,0
527877,0
527878,0
527879,0
527880,39
527881,0
527882,0
527883,0
527884,0
527885,45
527886,69
527887,0
527888,0
527889,0
527890,0
527891,0
527892,0
527893,0
527894,0
527895,0
527896,44
527897,0
527898,0
527899,0
527900,0
527901,0
527902,0
527903,0
527904,0
527905,0
527906,0
527907,0
527908,0
527909,0
527910,0
527911,0
527912,0
527913,0
527914,0
527915,0
527916,0
527917,32
527918,0
527919,0
527920,0
527921,0
527922,0
527923,0
527924,0
527925,31
527926,0
527927,48
527928,0
527929,0
527930,0
527931,0
527932,0
527933,71
527934,0
527935,0
527936,0
527937,50
527938,0
527939,0
527940,0
527941,0
527942,0
527943,48
527944,0
527945,0
527946,0
527947,0
527948,0
527949,0
527950,0
527951,59
527952,0
527953,0
527954,0
527955,25
527956,0
527957,0
527958,0
527959,0
527960,0
527961,0
527962,39
527963,0
527964,0
527965,0
527966,0
527967,0
527968,0
527969,23
527970,0
527971,0
527972,0
527973,0
527974,0
527975,0
527976,0
527977,39
527978,0
527979,0
527980,0
527981,52
527982,0
527983,0
527984,55
527985,0
527986,31
527987,0
527988,15
527989,0
527990,55
527991,0
527992,0
527993,0
527994,0
527995,56
527996,0
527997,0
527998,26
527999,0
528000,0
528001,0
528002,0
528003,0
528004,0
528005,0
528006,0
528007,0
528008,0
528009,0
528010,0
528011,0
528012,0
528013,0
528014,0
528015,42
528016,0
528017,0
528018,36
528019,0
528020,0
528021,40
528022,43
528023,43
528024,0
528025,0
528026,19
528027,0
528028,0
528029,0
528030,0
528031,51
528032,0
528033,54
528034,0
528035,0
528036,0
528037,0
528038,0
528039,0
528040,0
528041,0
528042,0
528043,46
528044,0
528045,46
528046,0
528047,25
528048,0
528049,34
528050,0
528051,0
528052,20
528053,0
528054,0
528055,0
528056,0
528057,49
528058,0
528059,0
528060,0
528061,0
528062,0
528063,0
528064,0
528065,53
528066,0
528067,24
528068,0
528069,51
528070,0
528071,0
528072,0
528073,0
528074,40
528075,33
528076,0
528077,0
528078,0
528079,0
528080,0
528081,0
528082,0
528083,0
528084,27
528085,40
528086,25
528087,26
528088,0
528089,0
528090,49
528091,0
528092,0
528093,33
528094,0
528095,0
528096,0
528097,0
528098,26
528099,0
528100,0
528101,0
528102,0
528103,39
528104,0
528105,0
528106,0
528107,0
528108,0
528109,0
528110,0
528111,0
528112,0
528113,0
528114,0
528115,0
528116,0
528117,28
528118,42
528119,0
528120,46
528121,0
528122,0
528123,0
528124,0
528125,0
528126,31
528127,0
528128,0
528129,0
528130,0
528131,0
528132,37
528133,0
528134,0
528135,0
528136,0
528137,0
528138,0
528139,0
528140,0
528141,0
528142,0
528143,0
528144,0
528145,0
528146,33
528147,57
528148,0
528149,0
528150,0
528151,0
528152,0
528153,0
528154,22
528155,0
528156,0
528157,45
528158,0
528159,0
528160,0
528161,0
528162,0
528163,0
528164,0
528165,0
528166,0
528167,31
528168,16
528169,34
528170,32
528171,33
528172,0
528173,0
528174,0
528175,0
528176,0
528177,0
528178,0
528179,0
528180,0
528181,0
528182,0
528183,0
528184,0
528185,0
528186,56
528187,0
528188,0
528189,0
528190,0
528191,0
528192,0
528193,0
528194,0
528195,0
528196,0
528197,0
528198,28
528199,0
528200,0
528201,0
528202,0
528203,68
528204,29
528205,0
528206,0
528207,0
528208,37
528209,0
528210,0
528211,0
528212,0
528213,44
528214,0
528215,0
528216,37
528217,39
528218,0
528219,0
528220,0
528221,0
528222,0
528223,0
528224,0
528225,0
528226,0
528227,0
528228,0
528229,0
528230,0
528231,0
528232,0
528233,0
528234,0
528235,0
528236,37
528237,0
528238,0
528239,0
528240,0
528241,0
528242,0
528243,0
528244,44
528245,30
528246,0
528247,0
528248,0
528249,0
528250,0
528251,0
528252,0
528253,0
528254,0
528255,0
528256,0
528257,0
528258,13
528259,0
528260,0
528261,17
528262,0
528263,0
528264,31
528265,54
528266,0
528267,39
528268,24
528269,23
528270,0
528271,0
528272,21
528273,44
528274,0
528275,0
528276,16
528277,0
528278,0
528279,0
528280,42
528281,0
528282,0
528283,0
528284,29
528285,33
528286,0
528287,0
528288,41
528289,0
528290,9
528291,49
528292,0
528293,61
528294,27
528295,0
528296,0
528297,0
528298,0
528299,0
528300,32
528301,0
528302,19
528303,0
528304,0
528305,40
528306,0
528307,0
528308,0
528309,0
528310,0
528311,0
528312,0
528313,0
528314,0
528315,23
528316,21
528317,0
528318,0
528319,47
528320,0
528321,0
528322,0
528323,0
528324,0
528325,0
528326,31
528327,0
528328,0
528329,0
528330,0
528331,38
528332,33
528333,0
528334,23
528335,0
528336,0
528337,45
528338,0
528339,42
528340,0
528341,0
528342,0
528343,0
528344,32
528345,34
528346,0
528347,0
528348,0
528349,0
528350,47
528351,0
528352,0
528353,0
528354,40
528355,0
528356,0
528357,0
528358,0
528359,0
528360,0
528361,0
528362,0
528363,34
528364,23
528365,0
528366,0
528367,0
528368,21
528369,25
528370,42
528371,0
528372,0
528373,0
528374,37
528375,0
528376,0
528377,0
528378,0
528379,0
528380,0
528381,31
528382,0
528383,0
528384,0
528385,24
528386,0
528387,33
528388,0
528389,19
528390,0
528391,0
528392,0
528393,0
528394,0
528395,0
528396,0
528397,0
528398,0
528399,0
528400,29
528401,0
528402,0
528403,0
528404,64
528405,0
528406,0
528407,0
528408,0
528409,0
528410,0
528411,25
528412,39
528413,18
528414,0
528415,0
528416,0
528417,46
528418,0
528419,0
528420,0
528421,0
528422,70
528423,0
528424,0
528425,0
528426,0
528427,0
528428,0
528429,0
528430,34
528431,0
528432,0
528433,29
528434,0
528435,0
528436,0
528437,0
528438,73
528439,0
528440,43
528441,27
528442,0
528443,0
528444,0
528445,0
528446,38
528447,0
528448,0
528449,32
528450,23
528451,0
528452,0
528453,0
528454,0
528455,0
528456,32
528457,43
528458,0
528459,0
528460,0
528461,0
528462,0
528463,0
528464,0
528465,0
528466,0
528467,0
528468,0
528469,0
528470,0
528471,13
528472,0
528473,0
528474,0
528475,0
528476,0
528477,0
528478,0
528479,0
528480,0
528481,54
528482,24
528483,0
528484,0
528485,39
528486,0
528487,0
528488,0
528489,0
528490,0
528491,0
528492,0
528493,0
528494,0
528495,48
528496,0
528497,30
528498,0
528499,26
528500,39
528501,0
528502,0
528503,0
528504,0
528505,0
528506,0
528507,15
528508,0
528509,49
528510,0
528511,0
528512,0
528513,48
528514,0
528515,0
528516,0
528517,0
528518,0
528519,0
528520,24
528521,0
528522,38
528523,0
528524,0
528525,0
528526,0
528527,0
528528,0
528529,0
528530,0
528531,0
528532,0
528533,0
528534,0
528535,0
528536,39
528537,40
528538,0
528539,0
528540,19
528541,0
528542,0
528543,0
528544,0
528545,0
528546,0
528547,0
528548,0
528549,0
528550,0
528551,0
528552,26
528553,32
528554,0
528555,0
528556,0
528557,0
528558,34
528559,0
528560,0
528561,0
528562,37
528563,62
528564,0
528565,0
528566,0
528567,25
528568,0
528569,0
528570,0
528571,0
528572,0
528573,0
528574,0
528575,0
528576,0
528577,0
528578,0
528579,0
528580,0
528581,0
528582,0
528583,0
528584,0
528585,0
528586,0
528587,0
528588,45
528589,0
528590,28
528591,0
528592,60
528593,0
528594,0
528595,0
528596,0
528597,29
528598,0
528599,26
528600,0
528601,0
528602,0
528603,39
528604,0
528605,0
528606,0
528607,54
528608,0
528609,0
528610,0
528611,0
528612,0
528613,0
528614,33
528615,34
528616,0
528617,0
528618,66
528619,0
528620,0
528621,0
528622,0
528623,0
528624,0
528625,0
528626,68
528627,40
528628,39
528629,0
528630,0
528631,0
528632,0
528633,0
528634,0
528635,0
528636,46
528637,0
528638,0
528639,0
528640,0
528641,0
528642,82
528643,0
528644,0
528645,0
528646,36
528647,0
528648,0
528649,35
528650,48
528651,0
528652,0
528653,0
528654,0
528655,0
528656,0
528657,0
528658,0
528659,0
528660,36
528661,0
528662,0
528663,27
528664,0
528665,0
528666,0
528667,40
528668,0
528669,0
528670,0
528671,0
528672,0
528673,4
528674,0
528675,0
528676,0
528677,9
528678,0
528679,6
528680,0
528681,3
528682,9
528683,7
528684,9
528685,4
528686,0
528687,5
528688,0
528689,0
528690,0
528691,8
528692,0
528693,0
528694,0
528695,0
528696,6
528697,0
528698,5
528699,2
528700,0
528701,0
528702,0
528703,7
528704,0
528705,0
528706,3
528707,0
528708,0
528709,0
528710,0
528711,0
528712,0
528713,0
528714,1
528715,0
528716,0
528717,0
528718,4
528719,0
528720,9
528721,0
528722,4
528723,7
528724,0
528725,0
528726,0
528727,0
528728,0
528729,6
528730,5
528731,0
528732,0
528733,0
528734,0
528735,0
528736,0
528737,0
528738,0
528739,0
528740,7
528741,0
528742,0
528743,0
528744,0
528745,0
528746,0
528747,0
528748,6
528749,0
528750,4
528751,0
528752,0
528753,0
528754,0
528755,0
528756,0
528757,3
528758,4
528759,0
528760,6
528761,0
528762,0
528763,0
528764,0
528765,2
528766,0
528767,0
528768,0
528769,0
528770,4
528771,0
528772,0
528773,0
528774,4
528775,3
528776,0
528777,6
528778,0
528779,0
528780,0
528781,0
528782,0
528783,0
528784,0
528785,0
528786,0
528787,10
528788,6
528789,0
528790,0
528791,0
528792,0
528793,0
528794,0
528795,8
528796,0
528797,7
528798,0
528799,0
528800,0
528801,0
528802,0
528803,0
528804,5
528805,0
528806,0
528807,0
528808,0
528809,0
528810,0
528811,0
528812,0
528813,2
528814,0
528815,0
528816,0
528817,0
528818,0
528819,0
528820,0
528821,0
528822,0
528823,0
528824,0
528825,0
528826,0
528827,0
528828,0
528829,0
528830,4
528831,0
528832,3
528833,0
528834,0
528835,0
528836,0
528837,0
528838,0
528839,0
528840,8
528841,0
528842,8
528843,0
528844,3
528845,0
528846,0
528847,0
528848,0
528849,0
528850,0
528851,0
528852,0
528853,9
528854,6
528855,0
528856,0
528857,0
528858,0
528859,0
528860,0
528861,0
528862,1
528863,0
528864,0
528865,0
528866,0
528867,0
528868,0
528869,0
528870,0
528871,0
528872,0
528873,6
528874,0
528875,0
528876,5
528877,0
528878,0
528879,0
528880,5
528881,0
528882,0
528883,0
528884,0
528885,6
528886,0
528887,3
528888,0
528889,0
528890,0
528891,0
528892,2
528893,0
528894,0
528895,0
528896,2
528897,0
528898,0
528899,0
528900,0
528901,0
528902,0
528903,0
528904,0
528905,0
528906,0
528907,4
528908,0
528909,0
528910,0
528911,0
528912,5
528913,7
528914,0
528915,0
528916,3
528917,0
528918,6
528919,0
528920,0
528921,0
528922,9
528923,7
528924,2
528925,7
528926,3
528927,0
528928,0
528929,0
528930,0
528931,3
528932,0
528933,0
528934,0
528935,0
528936,0
528937,0
528938,4
528939,0
528940,0
528941,0
528942,0
528943,8
528944,5
528945,0
528946,0
528947,0
528948,0
528949,0
528950,7
528951,0
528952,0
528953,5
528954,4
528955,0
528956,0
528957,10
528958,0
528959,0
528960,7
528961,0
528962,4
528963,0
528964,7
528965,0
528966,4
528967,6
528968,8
528969,0
528970,0
528971,5
528972,0
528973,3
528974,0
528975,8
528976,2
528977,0
528978,8
528979,0
528980,0
528981,0
528982,0
528983,8
528984,0
528985,0
528986,0
528987,2
528988,0
528989,0
528990,5
528991,0
528992,0
528993,0
528994,0
528995,8
528996,0
528997,0
528998,0
528999,0
529000,0
529001,0
529002,0
529003,0
529004,0
529005,5
529006,7
529007,0
529008,0
529009,0
529010,4
529011,0
529012,0
529013,0
529014,0
529015,8
529016,0
529017,0
529018,0
529019,0
529020,29
529021,0
529022,0
529023,0
529024,0
529025,0
529026,0
529027,0
529028,0
529029,0
529030,18
529031,0
529032,0
529033,0
529034,0
529035,16
529036,18
529037,0
529038,0
529039,0
529040,0
529041,17
529042,0
529043,0
529044,0
529045,0
529046,0
529047,23
529048,0
529049,0
529050,14
529051,18
529052,0
529053,0
529054,32
529055,0
529056,9
529057,15
529058,0
529059,22
529060,0
529061,0
529062,0
529063,0
529064,24
529065,0
529066,0
529067,0
529068,22
529069,0
529070,25
529071,0
529072,16
529073,0
529074,0
529075,0
529076,0
529077,0
529078,0
529079,0
529080,0
529081,0
529082,17
529083,19
529084,0
529085,0
529086,0
529087,0
529088,0
529089,0
529090,0
529091,0
529092,0
529093,0
529094,23
529095,0
529096,0
529097,0
529098,0
529099,0
529100,0
529101,0
529102,0
529103,0
529104,0
529105,7
529106,0
529107,0
529108,0
529109,25
529110,0
529111,0
529112,0
529113,0
529114,21
529115,0
529116,0
529117,0
529118,13
529119,0
529120,0
529121,21
529122,0
529123,0
529124,0
529125,0
529126,0
529127,0
529128,15
529129,0
529130,0
529131,0
529132,0
529133,0
529134,12
529135,0
529136,17
529137,16
529138,0
529139,0
529140,23
529141,0
529142,22
529143,0
529144,0
529145,0
529146,16
529147,0
529148,0
529149,0
529150,0
529151,25
529152,22
529153,0
529154,0
529155,0
529156,23
529157,0
529158,28
529159,0
529160,14
529161,0
529162,0
529163,0
529164,0
529165,28
529166,0
529167,0
529168,0
529169,13
529170,16
529171,0
529172,0
529173,0
529174,0
529175,0
529176,0
529177,0
529178,0
529179,14
529180,8
529181,0
529182,0
529183,0
529184,22
529185,17
529186,26
529187,19
529188,0
529189,19
529190,0
529191,18
529192,0
529193,0
529194,0
529195,0
529196,0
529197,0
529198,0
529199,0
529200,0
529201,0
529202,10
529203,25
529204,16
529205,19
529206,18
529207,0
529208,16
529209,0
529210,0
529211,15
529212,0
529213,17
529214,10
529215,23
529216,0
529217,27
529218,0
529219,28
529220,18
529221,0
529222,0
529223,0
529224,20
529225,17
529226,22
529227,13
529228,0
529229,0
529230,0
529231,0
529232,0
529233,14
529234,0
529235,10
529236,0
529237,27
529238,0
529239,18
529240,0
529241,0
529242,0
529243,0
529244,0
529245,19
529246,0
529247,0
529248,0
529249,29
529250,0
529251,0
529252,0
529253,0
529254,0
529255,20
529256,7
529257,11
529258,16
529259,0
529260,0
529261,26
529262,17
529263,0
529264,0
529265,9
529266,21
529267,0
529268,0
529269,0
529270,0
529271,0
529272,0
529273,0
529274,14
529275,0
529276,0
529277,0
529278,0
529279,0
529280,0
529281,17
529282,21
529283,0
529284,0
529285,0
529286,0
529287,0
529288,0
529289,0
529290,0
529291,0
529292,0
529293,0
529294,0
529295,0
529296,0
529297,0
529298,0
529299,0
529300,0
529301,0
529302,0
529303,0
529304,18
529305,0
529306,0
529307,0
529308,0
529309,0
529310,0
529311,0
529312,0
529313,0
529314,0
529315,0
529316,0
529317,24
529318,0
529319,0
529320,0
529321,19
529322,0
529323,0
529324,0
529325,14
529326,0
529327,0
529328,0
529329,0
529330,14
529331,0
529332,0
529333,0
529334,0
529335,0
529336,0
529337,16
529338,0
529339,0
529340,0
529341,0
529342,21
529343,21
529344,19
529345,17
529346,0
529347,0
529348,13
529349,30
529350,15
529351,0
529352,0
529353,25
529354,0
529355,0
529356,0
529357,14
529358,0
529359,11
529360,0
529361,0
529362,0
529363,23
529364,0
529365,14
529366,0
529367,0
529368,0
529369,15
529370,0
529371,22
529372,9
529373,0
529374,0
529375,0
529376,0
529377,0
529378,0
529379,12
529380,0
529381,0
529382,0
529383,0
529384,0
529385,0
529386,0
529387,0
529388,0
529389,0
529390,19
529391,0
529392,0
529393,0
529394,20
529395,16
529396,15
529397,20
529398,12
529399,0
529400,0
529401,0
529402,0
529403,0
529404,0
529405,14
529406,0
529407,0
529408,0
529409,0
529410,0
529411,0
529412,0
529413,10
529414,18
529415,0
529416,19
529417,21
529418,0
529419,0
529420,29
529421,0
529422,0
529423,0
529424,0
529425,0
529426,0
529427,0
529428,0
529429,0
529430,0
529431,0
529432,0
529433,0
529434,0
529435,0
529436,0
529437,15
529438,0
529439,0
529440,0
529441,24
529442,0
529443,0
529444,0
529445,24
529446,27
529447,0
529448,15
529449,0
529450,0
529451,0
529452,0
529453,0
529454,0
529455,0
529456,0
529457,0
529458,0
529459,13
529460,0
529461,16
529462,0
529463,0
529464,0
529465,0
529466,17
529467,15
529468,0
529469,15
529470,0
529471,0
529472,0
529473,17
529474,19
529475,15
529476,26
529477,0
529478,0
529479,0
529480,0
529481,0
529482,0
529483,13
529484,0
529485,4
529486,0
529487,0
529488,0
529489,0
529490,0
529491,0
529492,0
529493,20
529494,12
529495,0
529496,0
529497,0
529498,0
529499,0
529500,0
529501,0
529502,0
529503,0
529504,20
529505,0
529506,0
529507,0
529508,0
529509,19
529510,10
529511,18
529512,0
529513,0
529514,0
529515,0
529516,21
529517,0
529518,0
529519,0
529520,20
529521,0
529522,20
529523,0
529524,0
529525,0
529526,0
529527,0
529528,12
529529,10
529530,0
529531,0
529532,0
529533,0
529534,0
529535,0
529536,0
529537,0
529538,26
529539,0
529540,0
529541,0
529542,11
529543,0
529544,29
529545,0
529546,0
529547,0
529548,0
529549,0
529550,21
529551,0
529552,0
529553,0
529554,0
529555,26
529556,0
529557,0
529558,0
529559,0
529560,0
529561,12
529562,20
529563,0
529564,0
529565,0
529566,0
529567,0
529568,0
529569,0
529570,0
529571,0
529572,0
529573,0
529574,17
529575,15
529576,18
529577,0
529578,21
529579,27
529580,0
529581,0
529582,18
529583,22
529584,0
529585,0
529586,0
529587,0
529588,0
529589,0
529590,15
529591,0
529592,0
529593,0
529594,0
529595,0
529596,0
529597,0
529598,25
529599,0
529600,0
529601,0
529602,0
529603,0
529604,0
529605,0
529606,0
529607,0
529608,17
529609,0
529610,0
529611,0
529612,23
529613,0
529614,0
529615,19
529616,0
529617,5
529618,0
529619,0
529620,0
529621,0
529622,0
529623,0
529624,0
529625,0
529626,0
529627,0
529628,0
529629,0
529630,0
529631,0
529632,0
529633,0
529634,0
529635,0
529636,0
529637,0
529638,0
529639,0
529640,0
529641,0
529642,0
529643,0
529644,0
529645,0
529646,0
529647,0
529648,0
529649,0
529650,0
529651,0
529652,0
529653,0
529654,0
529655,0
529656,0
529657,0
529658,0
529659,0
529660,0
529661,30
529662,0
529663,0
529664,0
529665,22
529666,0
529667,0
529668,79
529669,0
529670,0
529671,0
529672,0
529673,0
529674,0
529675,0
529676,0
529677,0
529678,0
529679,18
529680,0
529681,0
529682,0
529683,0
529684,0
529685,0
529686,0
529687,0
529688,0
529689,0
529690,0
529691,0
529692,0
529693,0
529694,0
529695,0
529696,0
529697,0
529698,0
529699,0
529700,58
529701,0
529702,0
529703,0
529704,60
529705,0
529706,0
529707,0
529708,0
529709,0
529710,0
529711,0
529712,0
529713,0
529714,0
529715,0
529716,0
529717,0
529718,0
529719,0
529720,56
529721,0
529722,0
529723,0
529724,0
529725,0
529726,0
529727,51
529728,0
529729,0
529730,0
529731,0
529732,0
529733,0
529734,0
529735,0
529736,0
529737,0
529738,0
529739,0
529740,0
529741,0
529742,0
529743,0
529744,0
529745,0
529746,0
529747,0
529748,0
529749,0
529750,0
529751,0
529752,0
529753,0
529754,0
529755,0
529756,0
529757,0
529758,0
529759,0
529760,0
529761,0
529762,0
529763,0
529764,0
529765,0
529766,0
529767,0
529768,0
529769,0
529770,0
529771,0
529772,0
529773,0
529774,0
529775,0
529776,0
529777,0
529778,0
529779,0
529780,0
529781,0
529782,0
529783,0
529784,0
529785,0
529786,0
529787,0
529788,0
529789,36
529790,0
529791,0
529792,0
529793,0
529794,0
529795,0
529796,0
529797,0
529798,0
529799,0
529800,0
529801,0
529802,0
529803,0
529804,0
529805,0
529806,0
529807,0
529808,0
529809,0
529810,0
529811,0
529812,0
529813,0
529814,0
529815,22
529816,0
529817,0
529818,0
529819,0
529820,0
529821,0
529822,0
529823,0
529824,0
529825,0
529826,0
529827,0
529828,0
529829,0
529830,0
529831,0
529832,0
529833,0
529834,0
529835,24
529836,0
529837,0
529838,0
529839,0
529840,0
529841,25
529842,0
529843,0
529844,0
529845,27
529846,0
529847,0
529848,0
529849,0
529850,0
529851,0
529852,0
529853,0
529854,0
529855,0
529856,0
529857,0
529858,0
529859,0
529860,0
529861,0
529862,0
529863,0
529864,0
529865,0
529866,19
529867,0
529868,0
529869,0
529870,0
529871,0
529872,0
529873,0
529874,0
529875,0
529876,0
529877,0
529878,0
529879,0
529880,0
529881,0
529882,0
529883,0
529884,25
529885,0
529886,0
529887,0
529888,0
529889,0
529890,0
529891,0
529892,0
529893,0
529894,0
529895,0
529896,0
529897,0
529898,43
529899,0
529900,0
529901,0
529902,0
529903,0
529904,0
529905,0
529906,0
529907,0
529908,0
529909,0
529910,0
529911,0
529912,0
529913,0
529914,0
529915,0
529916,0
529917,0
529918,0
529919,0
529920,0
529921,0
529922,0
529923,0
529924,0
529925,0
529926,0
529927,0
529928,0
529929,0
529930,0
529931,0
529932,0
529933,0
529934,0
529935,0
529936,0
529937,0
529938,0
529939,0
529940,0
529941,0
529942,61
529943,0
529944,0
529945,0
529946,0
529947,0
529948,0
529949,0
529950,57
529951,0
529952,0
529953,0
529954,38
529955,0
529956,0
529957,0
529958,0
529959,0
529960,0
529961,0
529962,0
529963,0
529964,0
529965,0
529966,0
529967,0
529968,0
529969,0
529970,0
529971,13
529972,0
529973,0
529974,0
529975,0
529976,0
529977,0
529978,0
529979,0
529980,0
529981,0
529982,0
529983,0
529984,31
529985,0
529986,0
529987,0
529988,0
529989,49
529990,0
529991,0
529992,0
529993,0
529994,0
529995,0
529996,0
529997,0
529998,0
529999,0
530000,0
530001,0
530002,0
530003,0
530004,0
530005,0
530006,0
530007,0
530008,0
530009,0
530010,0
530011,0
530012,0
530013,0
530014,0
530015,0
530016,0
530017,0
530018,0
530019,0
530020,0
530021,0
530022,0
530023,0
530024,0
530025,0
530026,0
530027,0
530028,0
530029,0
530030,0
530031,0
530032,0
530033,0
530034,0
530035,0
530036,0
530037,0
530038,0
530039,0
530040,0
530041,0
530042,0
530043,0
530044,0
530045,0
530046,0
530047,0
530048,0
530049,0
530050,0
530051,18
530052,0
530053,0
530054,0
530055,0
530056,53
530057,0
530058,0
530059,0
530060,0
530061,0
530062,0
530063,0
530064,0
530065,0
530066,0
530067,0
530068,0
530069,0
530070,0
530071,0
530072,0
530073,0
530074,0
530075,0
530076,0
530077,0
530078,0
530079,0
530080,0
530081,0
530082,0
530083,0
530084,0
530085,0
530086,0
530087,0
530088,0
530089,0
530090,0
530091,0
530092,0
530093,0
530094,0
530095,26
530096,0
530097,0
530098,0
530099,0
530100,0
530101,0
530102,0
530103,0
530104,0
530105,0
530106,0
530107,0
530108,0
530109,0
530110,0
530111,0
530112,0
530113,0
530114,0
530115,0
530116,0
530117,0
530118,0
530119,0
530120,0
530121,0
530122,0
530123,0
530124,0
530125,0
530126,25
530127,0
530128,0
530129,0
530130,0
530131,0
530132,0
530133,0
530134,0
530135,0
530136,0
530137,0
530138,0
530139,0
530140,0
530141,0
530142,0
530143,0
530144,0
530145,0
530146,0
530147,0
530148,0
530149,0
530150,0
530151,0
530152,0
530153,0
530154,24
530155,0
530156,0
530157,32
530158,0
530159,0
530160,0
530161,30
530162,0
530163,0
530164,0
530165,0
530166,0
530167,0
530168,0
530169,0
530170,0
530171,0
530172,0
530173,0
530174,0
530175,0
530176,0
530177,0
530178,0
530179,0
530180,0
530181,0
530182,0
530183,0
530184,0
530185,0
530186,0
530187,0
530188,0
530189,0
530190,0
530191,0
530192,0
530193,32
530194,20
530195,0
530196,0
530197,0
530198,0
530199,0
530200,0
530201,0
530202,0
530203,0
530204,0
530205,0
530206,0
530207,0
530208,0
530209,0
530210,0
530211,0
530212,0
530213,0
530214,0
530215,0
530216,0
530217,0
530218,0
530219,0
530220,0
530221,0
530222,0
530223,0
530224,0
530225,0
530226,0
530227,0
530228,0
530229,0
530230,0
530231,0
530232,0
530233,0
530234,0
530235,0
530236,0
530237,0
530238,0
530239,0
530240,0
530241,0
530242,0
530243,0
530244,0
530245,0
530246,0
530247,0
530248,0
530249,0
530250,0
530251,0
530252,0
530253,0
530254,0
530255,0
530256,0
530257,0
530258,0
530259,0
530260,24
530261,0
530262,0
530263,0
530264,0
530265,0
530266,0
530267,0
530268,0
530269,0
530270,0
530271,0
530272,0
530273,0
530274,0
530275,0
530276,0
530277,0
530278,21
530279,0
530280,0
530281,18
530282,0
530283,0
530284,0
530285,0
530286,0
530287,0
530288,0
530289,0
530290,47
530291,0
530292,0
530293,0
530294,0
530295,0
530296,0
530297,0
530298,0
530299,0
530300,0
530301,0
530302,0
530303,0
530304,0
530305,23
530306,0
530307,0
530308,0
530309,0
530310,0
530311,0
530312,0
530313,75
530314,0
530315,0
530316,0
530317,0
530318,0
530319,0
530320,0
530321,32
530322,0
530323,0
530324,0
530325,0
530326,0
530327,42
530328,0
530329,16
530330,0
530331,0
530332,0
530333,0
530334,0
530335,0
530336,0
530337,0
530338,0
530339,0
530340,0
530341,0
530342,0
530343,0
530344,0
530345,32
530346,10
530347,0
530348,0
530349,0
530350,0
530351,0
530352,0
530353,0
530354,0
530355,0
530356,0
530357,0
530358,0
530359,0
530360,0
530361,0
530362,0
530363,0
530364,26
530365,0
530366,0
530367,0
530368,0
530369,0
530370,21
530371,0
530372,34
530373,0
530374,0
530375,0
530376,0
530377,0
530378,0
530379,0
530380,26
530381,0
530382,0
530383,20
530384,0
530385,0
530386,0
530387,28
530388,0
530389,17
530390,16
530391,0
530392,0
530393,24
530394,0
530395,0
530396,0
530397,0
530398,0
530399,0
530400,23
530401,0
530402,0
530403,0
530404,0
530405,0
530406,0
530407,16
530408,16
530409,0
530410,0
530411,0
530412,0
530413,0
530414,0
530415,0
530416,14
530417,0
530418,0
530419,0
530420,26
530421,0
530422,0
530423,0
530424,0
530425,0
530426,0
530427,0
530428,0
530429,29
530430,0
530431,0
530432,0
530433,0
530434,0
530435,22
530436,0
530437,0
530438,0
530439,19
530440,17
530441,0
530442,0
530443,0
530444,0
530445,0
530446,0
530447,0
530448,0
530449,0
530450,25
530451,22
530452,32
530453,17
530454,0
530455,0
530456,0
530457,0
530458,0
530459,0
530460,0
530461,22
530462,0
530463,0
530464,0
530465,32
530466,0
530467,24
530468,23
530469,0
530470,0
530471,0
530472,0
530473,0
530474,0
530475,0
530476,0
530477,0
530478,0
530479,48
530480,0
530481,0
530482,0
530483,0
530484,0
530485,0
530486,0
530487,0
530488,0
530489,0
530490,0
530491,0
530492,0
530493,0
530494,0
530495,0
530496,0
530497,0
530498,0
530499,0
530500,0
530501,23
530502,0
530503,0
530504,0
530505,0
530506,0
530507,0
530508,0
530509,0
530510,0
530511,0
530512,0
530513,0
530514,0
530515,0
530516,0
530517,0
530518,0
530519,0
530520,0
530521,0
530522,0
530523,0
530524,0
530525,0
530526,0
530527,0
530528,0
530529,0
530530,0
530531,0
530532,0
530533,0
530534,0
530535,0
530536,0
530537,0
530538,0
530539,0
530540,0
530541,0
530542,0
530543,0
530544,0
530545,0
530546,0
530547,0
530548,0
530549,0
530550,0
530551,0
530552,0
530553,0
530554,0
530555,0
530556,0
530557,0
530558,0
530559,0
530560,0
530561,0
530562,0
530563,0
530564,0
530565,0
530566,0
530567,0
530568,0
530569,0
530570,17
530571,0
530572,0
530573,0
530574,0
530575,0
530576,19
530577,0
530578,0
530579,0
530580,0
530581,0
530582,0
530583,0
530584,0
530585,0
530586,0
530587,0
530588,0
530589,0
530590,0
530591,0
530592,17
530593,0
530594,0
530595,0
530596,0
530597,0
530598,0
530599,0
530600,0
530601,0
530602,0
530603,0
530604,0
530605,0
530606,0
530607,0
530608,0
530609,0
530610,0
530611,22
530612,0
530613,0
530614,0
530615,0
530616,0
530617,0
530618,0
530619,0
530620,0
530621,0
530622,25
530623,0
530624,0
530625,0
530626,0
530627,0
530628,0
530629,0
530630,0
530631,0
530632,0
530633,0
530634,0
530635,0
530636,0
530637,0
530638,0
530639,0
530640,0
530641,0
530642,40
530643,22
530644,0
530645,0
530646,0
530647,0
530648,0
530649,0
530650,0
530651,0
530652,0
530653,0
530654,0
530655,0
530656,0
530657,0
530658,0
530659,0
530660,0
530661,0
530662,0
530663,0
530664,0
530665,0
530666,0
530667,0
530668,0
530669,0
530670,0
530671,0
530672,0
530673,0
530674,0
530675,0
530676,0
530677,0
530678,0
530679,0
530680,0
530681,0
530682,0
530683,0
530684,0
530685,0
530686,0
530687,0
530688,0
530689,0
530690,0
530691,0
530692,0
530693,0
530694,0
530695,0
530696,0
530697,0
530698,0
530699,0
530700,0
530701,0
530702,0
530703,0
530704,0
530705,0
530706,0
530707,0
530708,0
530709,0
530710,0
530711,0
530712,34
530713,0
530714,0
530715,0
530716,0
530717,0
530718,0
530719,0
530720,0
530721,0
530722,0
530723,0
530724,0
530725,4
530726,6
530727,0
530728,0
530729,0
530730,0
530731,8
530732,8
530733,6
530734,0
530735,0
530736,0
530737,0
530738,0
530739,0
530740,0
530741,0
530742,0
530743,0
530744,0
530745,0
530746,0
530747,5
530748,0
530749,6
530750,4
530751,0
530752,1
530753,0
530754,0
530755,0
530756,7
530757,0
530758,0
530759,4
530760,0
530761,0
530762,0
530763,0
530764,7
530765,0
530766,0
530767,0
530768,0
530769,5
530770,5
530771,0
530772,0
530773,0
530774,0
530775,9
530776,0
530777,0
530778,0
530779,0
530780,0
530781,0
530782,9
530783,0
530784,0
530785,0
530786,0
530787,0
530788,0
530789,0
530790,4
530791,4
530792,0
530793,5
530794,6
530795,0
530796,0
530797,0
530798,0
530799,0
530800,0
530801,10
530802,0
530803,0
530804,0
530805,0
530806,0
530807,0
530808,0
530809,0
530810,0
530811,0
530812,0
530813,0
530814,0
530815,2
530816,10
530817,0
530818,0
530819,0
530820,11
530821,0
530822,0
530823,5
530824,7
530825,0
530826,0
530827,0
530828,0
530829,0
530830,0
530831,7
530832,0
530833,0
530834,0
530835,0
530836,0
530837,0
530838,0
530839,0
530840,0
530841,5
530842,0
530843,0
530844,0
530845,0
530846,0
530847,0
530848,2
530849,0
530850,0
530851,0
530852,0
530853,0
530854,0
530855,0
530856,5
530857,0
530858,0
530859,0
530860,0
530861,0
530862,0
530863,0
530864,0
530865,0
530866,0
530867,0
530868,0
530869,0
530870,0
530871,0
530872,0
530873,0
530874,0
530875,0
530876,0
530877,0
530878,3
530879,0
530880,3
530881,0
530882,0
530883,0
530884,0
530885,0
530886,0
530887,0
530888,0
530889,0
530890,0
530891,0
530892,0
530893,0
530894,0
530895,0
530896,0
530897,0
530898,0
530899,0
530900,0
530901,0
530902,0
530903,0
530904,0
530905,0
530906,0
530907,0
530908,0
530909,0
530910,2
530911,0
530912,0
530913,0
530914,0
530915,0
530916,0
530917,0
530918,0
530919,0
530920,0
530921,0
530922,0
530923,0
530924,0
530925,0
530926,0
530927,0
530928,7
530929,0
530930,0
530931,0
530932,0
530933,0
530934,0
530935,0
530936,0
530937,0
530938,0
530939,0
530940,0
530941,0
530942,0
530943,0
530944,0
530945,0
530946,0
530947,0
530948,18
530949,18
530950,0
530951,0
530952,0
530953,0
530954,0
530955,0
530956,0
530957,0
530958,0
530959,16
530960,0
530961,0
530962,16
530963,0
530964,0
530965,0
530966,0
530967,0
530968,0
530969,14
530970,0
530971,0
530972,0
530973,0
530974,0
530975,0
530976,0
530977,11
530978,0
530979,0
530980,0
530981,13
530982,0
530983,0
530984,0
530985,0
530986,0
530987,0
530988,0
530989,0
530990,12
530991,0
530992,0
530993,0
530994,0
530995,26
530996,0
530997,0
530998,0
530999,0
531000,0
531001,0
531002,0
531003,0
531004,0
531005,0
531006,15
531007,13
531008,0
531009,25
531010,0
531011,17
531012,0
531013,0
531014,0
531015,24
531016,0
531017,29
531018,0
531019,0
531020,0
531021,0
531022,0
531023,25
531024,0
531025,19
531026,0
531027,0
531028,9
531029,0
531030,0
531031,0
531032,0
531033,0
531034,28
531035,0
531036,0
531037,21
531038,16
531039,0
531040,0
531041,19
531042,0
531043,13
531044,0
531045,16
531046,7
531047,0
531048,0
531049,0
531050,0
531051,0
531052,22
531053,0
531054,0
531055,0
531056,0
531057,0
531058,14
531059,0
531060,19
531061,0
531062,14
531063,0
531064,0
531065,0
531066,0
531067,0
531068,0
531069,11
531070,13
531071,0
531072,0
531073,0
531074,21
531075,0
531076,0
531077,18
531078,0
531079,0
531080,0
531081,0
531082,0
531083,0
531084,0
531085,0
531086,0
531087,0
531088,0
531089,0
531090,0
531091,0
531092,18
531093,0
531094,0
531095,10
531096,0
531097,0
531098,10
531099,0
531100,0
531101,0
531102,0
531103,0
531104,0
531105,0
531106,0
531107,0
531108,0
531109,0
531110,0
531111,0
531112,0
531113,0
531114,0
531115,0
531116,10
531117,17
531118,0
531119,0
531120,0
531121,9
531122,0
531123,13
531124,0
531125,0
531126,0
531127,0
531128,0
531129,0
531130,0
531131,0
531132,0
531133,0
531134,23
531135,13
531136,0
531137,0
531138,0
531139,0
531140,0
531141,0
531142,17
531143,0
531144,23
531145,0
531146,0
531147,0
531148,17
531149,0
531150,0
531151,0
531152,0
531153,0
531154,10
531155,8
531156,0
531157,12
531158,0
531159,0
531160,0
531161,0
531162,7
531163,0
531164,13
531165,0
531166,0
531167,0
531168,0
531169,10
531170,0
531171,0
531172,0
531173,0
531174,11
531175,0
531176,0
531177,0
531178,15
531179,0
531180,22
531181,0
531182,17
531183,0
531184,14
531185,20
531186,0
531187,0
531188,0
531189,17
531190,0
531191,0
531192,0
531193,0
531194,0
531195,0
531196,0
531197,14
531198,0
531199,0
531200,0
531201,0
531202,14
531203,17
531204,0
531205,18
531206,13
531207,0
531208,13
531209,0
531210,12
531211,0
531212,0
531213,0
531214,0
531215,0
531216,5
531217,16
531218,13
531219,0
531220,0
531221,12
531222,0
531223,0
531224,0
531225,0
531226,19
531227,0
531228,15
531229,28
531230,0
531231,15
531232,0
531233,0
531234,0
531235,0
531236,0
531237,0
531238,0
531239,21
531240,19
531241,13
531242,0
531243,0
531244,0
531245,0
531246,0
531247,0
531248,13
531249,0
531250,0
531251,0
531252,0
531253,0
531254,0
531255,0
531256,0
531257,0
531258,25
531259,0
531260,19
531261,0
531262,0
531263,0
531264,0
531265,22
531266,18
531267,0
531268,13
531269,0
531270,0
531271,16
531272,11
531273,0
531274,23
531275,9
531276,0
531277,0
531278,0
531279,0
531280,0
531281,0
531282,0
531283,0
531284,0
531285,0
531286,0
531287,18
531288,11
531289,18
531290,10
531291,7
531292,8
531293,10
531294,0
531295,0
531296,18
531297,0
531298,23
531299,0
531300,0
531301,0
531302,17
531303,9
531304,0
531305,0
531306,0
531307,0
531308,0
531309,0
531310,0
531311,0
531312,0
531313,0
531314,0
531315,0
531316,22
531317,0
531318,0
531319,0
531320,0
531321,0
531322,0
531323,27
531324,0
531325,0
531326,0
531327,0
531328,0
531329,0
531330,0
531331,0
531332,24
531333,31
531334,0
531335,0
531336,0
531337,0
531338,0
531339,0
531340,0
531341,0
531342,0
531343,0
531344,0
531345,0
531346,0
531347,15
531348,0
531349,0
531350,0
531351,0
531352,0
531353,10
531354,0
531355,0
531356,0
531357,0
531358,0
531359,0
531360,0
531361,0
531362,0
531363,0
531364,0
531365,0
531366,0
531367,0
531368,0
531369,0
531370,0
531371,23
531372,8
531373,0
531374,0
531375,0
531376,0
531377,0
531378,0
531379,16
531380,0
531381,13
531382,0
531383,0
531384,22
531385,21
531386,0
531387,0
531388,0
531389,0
531390,7
531391,0
531392,0
531393,0
531394,0
531395,0
531396,19
531397,0
531398,0
531399,0
531400,0
531401,0
531402,0
531403,0
531404,0
531405,12
531406,13
531407,0
531408,0
531409,0
531410,0
531411,18
531412,0
531413,0
531414,0
531415,15
531416,0
531417,0
531418,0
531419,0
531420,18
531421,0
531422,0
531423,0
531424,0
531425,0
531426,0
531427,10
531428,0
531429,0
531430,0
531431,0
531432,0
531433,0
531434,18
531435,0
531436,0
531437,0
531438,0
531439,0
531440,0
531441,0
531442,0
531443,12
531444,17
531445,0
531446,11
531447,0
531448,0
531449,0
531450,0
531451,0
531452,0
531453,0
531454,0
531455,0
531456,0
531457,10
531458,0
531459,19
531460,0
531461,0
531462,10
531463,0
531464,0
531465,0
531466,15
531467,0
531468,0
531469,0
531470,11
531471,24
531472,0
531473,0
531474,0
531475,0
531476,0
531477,0
531478,12
531479,0
531480,0
531481,0
531482,0
531483,0
531484,0
531485,0
531486,0
531487,0
531488,9
531489,0
531490,20
531491,0
531492,0
531493,0
531494,0
531495,0
531496,0
531497,11
531498,0
531499,0
531500,8
531501,0
531502,0
531503,0
531504,12
531505,0
531506,0
531507,14
531508,0
531509,0
531510,0
531511,6
531512,0
531513,0
531514,0
531515,13
531516,13
531517,0
531518,0
531519,0
531520,15
531521,0
531522,0
531523,0
531524,0
531525,0
531526,0
531527,0
531528,0
531529,0
531530,0
531531,0
531532,13
531533,0
531534,0
531535,0
531536,0
531537,19
531538,0
531539,0
531540,0
531541,0
531542,0
531543,0
531544,0
531545,0
531546,0
531547,0
531548,0
531549,0
531550,0
531551,0
531552,0
531553,0
531554,0
531555,0
531556,0
531557,0
531558,0
531559,0
531560,0
531561,0
531562,0
531563,0
531564,12
531565,0
531566,0
531567,0
531568,10
531569,0
531570,0
531571,0
531572,0
531573,0
531574,12
531575,0
531576,24
531577,0
531578,0
531579,0
531580,0
531581,0
531582,0
531583,0
531584,0
531585,0
531586,0
531587,0
531588,21
531589,18
531590,0
531591,22
531592,0
531593,23
531594,0
531595,0
531596,0
531597,0
531598,0
531599,19
531600,0
531601,0
531602,0
531603,0
531604,18
531605,14
531606,0
531607,0
531608,0
531609,0
531610,0
531611,0
531612,0
531613,0
531614,0
531615,0
531616,0
531617,0
531618,0
531619,0
531620,13
531621,0
531622,0
531623,0
531624,14
531625,0
531626,15
531627,0
531628,0
531629,13
531630,0
531631,0
531632,0
531633,19
531634,0
531635,17
531636,0
531637,0
531638,0
531639,0
531640,0
531641,0
531642,0
531643,0
531644,0
531645,20
531646,0
531647,0
531648,0
531649,0
531650,0
531651,0
531652,0
531653,19
531654,0
531655,0
531656,0
531657,0
531658,0
531659,0
531660,0
531661,13
531662,0
531663,0
531664,0
531665,0
531666,0
531667,0
531668,0
531669,0
531670,0
531671,19
531672,9
531673,0
531674,0
531675,0
531676,0
531677,0
531678,0
531679,0
531680,16
531681,0
531682,0
531683,0
531684,0
531685,0
531686,0
531687,0
531688,0
531689,0
531690,0
531691,0
531692,0
531693,0
531694,0
531695,7
531696,10
531697,0
531698,0
531699,0
531700,0
531701,0
531702,0
531703,0
531704,0
531705,0
531706,0
531707,0
531708,0
531709,0
531710,0
531711,0
531712,11
531713,0
531714,0
531715,11
531716,0
531717,17
531718,0
531719,17
531720,0
531721,0
531722,0
531723,16
531724,0
531725,20
531726,10
531727,0
531728,0
531729,0
531730,0
531731,0
531732,0
531733,0
531734,0
531735,11
531736,19
531737,0
531738,0
531739,0
531740,0
531741,0
531742,0
531743,0
531744,0
531745,12
531746,0
531747,20
531748,0
531749,18
531750,15
531751,0
531752,0
531753,0
531754,18
531755,0
531756,0
531757,0
531758,12
531759,0
531760,11
531761,0
531762,0
531763,0
531764,0
531765,14
531766,0
531767,0
531768,0
531769,0
531770,0
531771,17
531772,0
531773,0
531774,0
531775,0
531776,13
531777,11
531778,0
531779,14
531780,0
531781,0
531782,0
531783,0
531784,15
531785,0
531786,0
531787,0
531788,0
531789,0
531790,0
531791,0
531792,0
531793,13
531794,0
531795,0
531796,0
531797,0
531798,15
531799,0
531800,0
531801,0
531802,0
531803,12
531804,0
531805,13
531806,0
531807,0
531808,16
531809,0
531810,0
531811,0
531812,0
531813,16
531814,10
531815,0
531816,0
531817,13
531818,0
531819,0
531820,11
531821,0
531822,0
531823,0
531824,0
531825,0
531826,0
531827,0
531828,16
531829,0
531830,10
531831,0
531832,0
531833,0
531834,0
531835,12
531836,0
531837,0
531838,9
531839,0
531840,0
531841,0
531842,12
531843,0
531844,0
531845,27
531846,0
531847,0
531848,0
531849,0
531850,18
531851,8
531852,17
531853,0
531854,0
531855,0
531856,0
531857,8
531858,0
531859,0
531860,20
531861,0
531862,0
531863,0
531864,0
531865,0
531866,9
531867,0
531868,0
531869,0
531870,15
531871,0
531872,0
531873,0
531874,0
531875,0
531876,0
531877,0
531878,0
531879,9
531880,0
531881,0
531882,17
531883,0
531884,15
531885,15
531886,0
531887,20
531888,0
531889,12
531890,16
531891,15
531892,0
531893,11
531894,0
531895,0
531896,7
531897,0
531898,0
531899,0
531900,12
531901,0
531902,0
531903,15
531904,0
531905,0
531906,0
531907,0
531908,0
531909,0
531910,0
531911,0
531912,0
531913,0
531914,0
531915,0
531916,0
531917,0
531918,12
531919,0
531920,20
531921,0
531922,0
531923,0
531924,19
531925,14
531926,18
531927,0
531928,18
531929,0
531930,0
531931,26
531932,17
531933,20
531934,0
531935,26
531936,0
531937,0
531938,0
531939,0
531940,0
531941,0
531942,0
531943,18
531944,0
531945,0
531946,0
531947,0
531948,0
531949,0
531950,0
531951,0
531952,0
531953,20
531954,0
531955,0
531956,0
531957,0
531958,0
531959,0
531960,0
531961,24
531962,16
531963,0
531964,0
531965,16
531966,0
531967,0
531968,11
531969,0
531970,0
531971,11
531972,0
531973,0
531974,0
531975,0
531976,21
531977,0
531978,16
531979,0
531980,15
531981,0
531982,0
531983,0
531984,0
531985,0
531986,0
531987,0
531988,31
531989,0
531990,0
531991,0
531992,0
531993,0
531994,0
531995,0
531996,22
531997,0
531998,0
531999,12
532000,0
532001,23
532002,16
532003,27
532004,0
532005,0
532006,16
532007,11
532008,0
532009,0
532010,0
532011,16
532012,28
532013,0
532014,0
532015,0
532016,23
532017,0
532018,0
532019,0
532020,0
532021,11
532022,11
532023,0
532024,0
532025,0
532026,0
532027,17
532028,0
532029,0
532030,22
532031,0
532032,0
532033,23
532034,0
532035,18
532036,0
532037,0
532038,0
532039,0
532040,0
532041,15
532042,8
532043,0
532044,0
532045,0
532046,0
532047,0
532048,0
532049,0
532050,0
532051,0
532052,0
532053,0
532054,27
532055,0
532056,0
532057,0
532058,18
532059,19
532060,0
532061,0
532062,11
532063,0
532064,0
532065,0
532066,0
532067,0
532068,0
532069,0
532070,0
532071,10
532072,0
532073,15
532074,14
532075,0
532076,0
532077,22
532078,0
532079,31
532080,0
532081,14
532082,0
532083,0
532084,0
532085,18
532086,31
532087,0
532088,14
532089,0
532090,0
532091,0
532092,21
532093,21
532094,0
532095,0
532096,0
532097,19
532098,0
532099,0
532100,0
532101,0
532102,12
532103,19
532104,0
532105,0
532106,0
532107,0
532108,0
532109,0
532110,0
532111,0
532112,0
532113,0
532114,0
532115,0
532116,0
532117,20
532118,0
532119,11
532120,0
532121,0
532122,0
532123,27
532124,0
532125,13
532126,0
532127,0
532128,14
532129,0
532130,0
532131,0
532132,0
532133,14
532134,0
532135,0
532136,0
532137,0
532138,0
532139,0
532140,0
532141,8
532142,0
532143,19
532144,0
532145,0
532146,0
532147,0
532148,0
532149,0
532150,0
532151,0
532152,0
532153,0
532154,27
532155,0
532156,0
532157,0
532158,0
532159,0
532160,0
532161,0
532162,0
532163,12
532164,0
532165,0
532166,0
532167,24
532168,0
532169,0
532170,0
532171,7
532172,0
532173,0
532174,0
532175,0
532176,15
532177,0
532178,17
532179,0
532180,18
532181,0
532182,0
532183,17
532184,0
532185,0
532186,0
532187,0
532188,0
532189,0
532190,26
532191,0
532192,16
532193,0
532194,0
532195,0
532196,0
532197,0
532198,0
532199,0
532200,0
532201,0
532202,19
532203,0
532204,0
532205,0
532206,0
532207,0
532208,0
532209,40
532210,0
532211,0
532212,20
532213,0
532214,0
532215,19
532216,26
532217,0
532218,0
532219,0
532220,0
532221,0
532222,0
532223,0
532224,0
532225,0
532226,0
532227,0
532228,0
532229,19
532230,13
532231,0
532232,0
532233,0
532234,0
532235,0
532236,0
532237,8
532238,0
532239,15
532240,0
532241,18
532242,0
532243,0
532244,0
532245,0
532246,19
532247,0
532248,0
532249,0
532250,0
532251,15
532252,26
532253,0
532254,0
532255,0
532256,0
532257,0
532258,13
532259,0
532260,0
532261,19
532262,0
532263,20
532264,19
532265,0
532266,0
532267,0
532268,0
532269,0
532270,0
532271,0
532272,10
532273,0
532274,0
532275,10
532276,0
532277,0
532278,0
532279,0
532280,0
532281,0
532282,16
532283,30
532284,0
532285,19
532286,0
532287,0
532288,0
532289,22
532290,0
532291,0
532292,0
532293,13
532294,0
532295,0
532296,0
532297,0
532298,20
532299,0
532300,0
532301,0
532302,0
532303,18
532304,20
532305,0
532306,0
532307,18
532308,11
532309,0
532310,0
532311,0
532312,0
532313,24
532314,0
532315,0
532316,0
532317,0
532318,0
532319,17
532320,0
532321,20
532322,0
532323,0
532324,0
532325,0
532326,19
532327,0
532328,21
532329,0
532330,0
532331,20
532332,0
532333,0
532334,0
532335,0
532336,24
532337,0
532338,0
532339,20
532340,0
532341,0
532342,0
532343,0
532344,0
532345,23
532346,13
532347,0
532348,0
532349,0
532350,0
532351,0
532352,17
532353,30
532354,0
532355,0
532356,0
532357,0
532358,0
532359,14
532360,19
532361,20
532362,0
532363,0
532364,0
532365,0
532366,0
532367,20
532368,0
532369,0
532370,24
532371,20
532372,0
532373,18
532374,0
532375,0
532376,0
532377,0
532378,0
532379,0
532380,0
532381,0
532382,12
532383,0
532384,21
532385,0
532386,17
532387,27
532388,16
532389,0
532390,0
532391,0
532392,36
532393,0
532394,0
532395,0
532396,0
532397,0
532398,0
532399,0
532400,0
532401,0
532402,0
532403,0
532404,20
532405,21
532406,14
532407,0
532408,26
532409,26
532410,0
532411,0
532412,0
532413,0
532414,0
532415,0
532416,36
532417,22
532418,16
532419,0
532420,0
532421,0
532422,0
532423,0
532424,0
532425,13
532426,19
532427,0
532428,14
532429,22
532430,0
532431,0
532432,0
532433,0
532434,17
532435,26
532436,0
532437,18
532438,0
532439,0
532440,0
532441,0
532442,0
532443,0
532444,18
532445,0
532446,24
532447,10
532448,0
532449,15
532450,0
532451,22
532452,17
532453,0
532454,26
532455,0
532456,14
532457,0
532458,0
532459,0
532460,0
532461,25
532462,0
532463,0
532464,0
532465,0
532466,13
532467,0
532468,14
532469,19
532470,0
532471,0
532472,0
532473,0
532474,22
532475,29
532476,0
532477,0
532478,13
532479,0
532480,23
532481,0
532482,20
532483,0
532484,20
532485,0
532486,0
532487,0
532488,0
532489,0
532490,0
532491,0
532492,20
532493,0
532494,0
532495,25
532496,0
532497,0
532498,20
532499,0
532500,0
532501,23
532502,0
532503,0
532504,0
532505,23
532506,0
532507,27
532508,0
532509,26
532510,0
532511,27
532512,0
532513,11
532514,0
532515,0
532516,0
532517,12
532518,0
532519,9
532520,0
532521,0
532522,0
532523,23
532524,19
532525,18
532526,0
532527,0
532528,0
532529,24
532530,0
532531,0
532532,0
532533,16
532534,0
532535,0
532536,24
532537,0
532538,20
532539,21
532540,0
532541,0
532542,0
532543,0
532544,0
532545,0
532546,0
532547,0
532548,0
532549,0
532550,16
532551,13
532552,0
532553,0
532554,15
532555,0
532556,27
532557,12
532558,0
532559,23
532560,18
532561,0
532562,0
532563,0
532564,19
532565,18
532566,0
532567,0
532568,0
532569,0
532570,27
532571,26
532572,18
532573,0
532574,0
532575,0
532576,0
532577,0
532578,0
532579,0
532580,0
532581,0
532582,0
532583,0
532584,22
532585,15
532586,0
532587,0
532588,0
532589,0
532590,0
532591,20
532592,0
532593,0
532594,0
532595,0
532596,0
532597,31
532598,0
532599,0
532600,25
532601,27
532602,0
532603,0
532604,0
532605,20
532606,21
532607,24
532608,0
532609,14
532610,0
532611,19
532612,0
532613,19
532614,0
532615,0
532616,0
532617,0
532618,0
532619,0
532620,19
532621,0
532622,17
532623,15
532624,0
532625,0
532626,0
532627,0
532628,0
532629,25
532630,0
532631,19
532632,0
532633,16
532634,0
532635,28
532636,0
532637,18
532638,0
532639,0
532640,24
532641,0
532642,0
532643,0
532644,19
532645,0
532646,0
532647,22
532648,20
532649,22
532650,0
532651,16
532652,0
532653,0
532654,0
532655,0
532656,0
532657,0
532658,0
532659,0
532660,0
532661,0
532662,0
532663,0
532664,0
532665,0
532666,0
532667,22
532668,0
532669,15
532670,0
532671,22
532672,0
532673,0
532674,0
532675,0
532676,0
532677,0
532678,0
532679,0
532680,24
532681,0
532682,0
532683,0
532684,0
532685,0
532686,0
532687,0
532688,0
532689,0
532690,0
532691,25
532692,12
532693,0
532694,0
532695,0
532696,0
532697,25
532698,0
532699,0
532700,0
532701,0
532702,0
532703,21
532704,0
532705,0
532706,0
532707,0
532708,0
532709,0
532710,24
532711,18
532712,10
532713,0
532714,28
532715,0
532716,0
532717,15
532718,26
532719,20
532720,0
532721,0
532722,0
532723,0
532724,18
532725,18
532726,0
532727,0
532728,0
532729,0
532730,0
532731,0
532732,0
532733,0
532734,21
532735,0
532736,0
532737,0
532738,0
532739,14
532740,0
532741,0
532742,0
532743,9
532744,16
532745,14
532746,0
532747,0
532748,0
532749,0
532750,16
532751,0
532752,0
532753,0
532754,0
532755,0
532756,0
532757,0
532758,0
532759,0
532760,14
532761,30
532762,0
532763,0
532764,0
532765,21
532766,0
532767,0
532768,14
532769,0
532770,0
532771,0
532772,0
532773,0
532774,0
532775,15
532776,0
532777,0
532778,25
532779,0
532780,0
532781,0
532782,20
532783,25
532784,0
532785,0
532786,0
532787,0
532788,23
532789,24
532790,0
532791,19
532792,0
532793,0
532794,0
532795,0
532796,0
532797,0
532798,0
532799,0
532800,0
532801,10
532802,0
532803,0
532804,14
532805,0
532806,0
532807,0
532808,0
532809,0
532810,0
532811,0
532812,28
532813,0
532814,0
532815,19
532816,0
532817,20
532818,19
532819,0
532820,0
532821,0
532822,29
532823,0
532824,0
532825,19
532826,0
532827,0
532828,0
532829,0
532830,0
532831,0
532832,0
532833,0
532834,0
532835,16
532836,0
532837,18
532838,0
532839,0
532840,0
532841,0
532842,0
532843,0
532844,0
532845,26
532846,0
532847,0
532848,0
532849,0
532850,0
532851,20
532852,0
532853,0
532854,0
532855,0
532856,0
532857,0
532858,0
532859,0
532860,0
532861,25
532862,0
532863,0
532864,0
532865,0
532866,0
532867,0
532868,0
532869,24
532870,18
532871,0
532872,0
532873,23
532874,20
532875,0
532876,10
532877,0
532878,22
532879,0
532880,0
532881,0
532882,0
532883,0
532884,0
532885,0
532886,0
532887,0
532888,0
532889,0
532890,0
532891,0
532892,0
532893,20
532894,16
532895,0
532896,21
532897,0
532898,24
532899,20
532900,0
532901,0
532902,29
532903,30
532904,0
532905,0
532906,31
532907,25
532908,0
532909,0
532910,0
532911,23
532912,0
532913,0
532914,17
532915,0
532916,0
532917,19
532918,0
532919,0
532920,0
532921,0
532922,0
532923,0
532924,14
532925,0
532926,0
532927,15
532928,0
532929,0
532930,16
532931,0
532932,25
532933,0
532934,0
532935,18
532936,23
532937,0
532938,0
532939,28
532940,0
532941,0
532942,34
532943,0
532944,0
532945,0
532946,0
532947,24
532948,26
532949,19
532950,19
532951,0
532952,0
532953,0
532954,0
532955,0
532956,0
532957,0
532958,0
532959,0
532960,18
532961,0
532962,0
532963,0
532964,17
532965,0
532966,0
532967,0
532968,17
532969,0
532970,0
532971,21
532972,23
532973,0
532974,0
532975,26
532976,0
532977,0
532978,0
532979,19
532980,0
532981,0
532982,0
532983,18
532984,0
532985,0
532986,0
532987,14
532988,0
532989,0
532990,0
532991,19
532992,0
532993,27
532994,0
532995,0
532996,20
532997,0
532998,20
532999,0
533000,0
533001,24
533002,0
533003,0
533004,0
533005,0
533006,0
533007,0
533008,0
533009,19
533010,0
533011,19
533012,21
533013,0
533014,21
533015,0
533016,0
533017,30
533018,0
533019,0
533020,0
533021,29
533022,13
533023,0
533024,22
533025,0
533026,0
533027,14
533028,22
533029,0
533030,22
533031,0
533032,0
533033,0
533034,26
533035,0
533036,0
533037,0
533038,0
533039,17
533040,0
533041,0
533042,0
533043,0
533044,18
533045,23
533046,28
533047,0
533048,0
533049,0
533050,0
533051,24
533052,0
533053,22
533054,0
533055,0
533056,0
533057,18
533058,0
533059,0
533060,18
533061,0
533062,0
533063,21
533064,0
533065,0
533066,0
533067,0
533068,0
533069,17
533070,16
533071,15
533072,0
533073,0
533074,16
533075,0
533076,0
533077,0
533078,0
533079,0
533080,15
533081,0
533082,30
533083,0
533084,18
533085,26
533086,21
533087,0
533088,0
533089,23
533090,19
533091,0
533092,0
533093,0
533094,0
533095,0
533096,14
533097,10
533098,0
533099,0
533100,0
533101,0
533102,0
533103,0
533104,0
533105,0
533106,0
533107,0
533108,0
533109,24
533110,28
533111,0
533112,0
533113,0
533114,27
533115,0
533116,0
533117,0
533118,0
533119,12
533120,0
533121,0
533122,0
533123,18
533124,0
533125,0
533126,20
533127,0
533128,0
533129,19
533130,0
533131,25
533132,25
533133,0
533134,0
533135,0
533136,0
533137,0
533138,0
533139,0
533140,0
533141,0
533142,0
533143,0
533144,0
533145,0
533146,0
533147,0
533148,0
533149,0
533150,0
533151,0
533152,0
533153,0
533154,0
533155,0
533156,0
533157,0
533158,0
533159,0
533160,0
533161,25
533162,0
533163,0
533164,0
533165,0
533166,0
533167,0
533168,0
533169,0
533170,22
533171,0
533172,0
533173,0
533174,25
533175,0
533176,0
533177,0
533178,12
533179,0
533180,0
533181,0
533182,0
533183,13
533184,11
533185,0
533186,19
533187,0
533188,0
533189,0
533190,24
533191,0
533192,0
533193,0
533194,0
533195,0
533196,0
533197,17
533198,0
533199,0
533200,0
533201,0
533202,0
533203,8
533204,8
533205,0
533206,0
533207,0
533208,0
533209,19
533210,0
533211,0
533212,0
533213,0
533214,0
533215,0
533216,0
533217,0
533218,0
533219,0
533220,0
533221,0
533222,0
533223,0
533224,35
533225,0
533226,22
533227,0
533228,28
533229,0
533230,0
533231,0
533232,0
533233,0
533234,9
533235,0
533236,0
533237,0
533238,0
533239,24
533240,0
533241,0
533242,0
533243,0
533244,0
533245,0
533246,0
533247,0
533248,0
533249,0
533250,13
533251,20
533252,0
533253,19
533254,0
533255,0
533256,0
533257,0
533258,0
533259,0
533260,0
533261,0
533262,0
533263,0
533264,0
533265,0
533266,20
533267,0
533268,0
533269,0
533270,0
533271,0
533272,23
533273,26
533274,0
533275,0
533276,17
533277,0
533278,11
533279,0
533280,0
533281,14
533282,0
533283,0
533284,0
533285,20
533286,0
533287,0
533288,0
533289,20
533290,0
533291,0
533292,0
533293,0
533294,0
533295,0
533296,0
533297,0
533298,0
533299,0
533300,0
533301,0
533302,15
533303,16
533304,0
533305,0
533306,0
533307,0
533308,22
533309,0
533310,18
533311,0
533312,0
533313,0
533314,0
533315,0
533316,0
533317,0
533318,0
533319,0
533320,0
533321,27
533322,0
533323,0
533324,16
533325,0
533326,0
533327,0
533328,0
533329,0
533330,0
533331,21
533332,0
533333,0
533334,0
533335,0
533336,0
533337,0
533338,23
533339,0
533340,23
533341,15
533342,0
533343,0
533344,0
533345,0
533346,0
533347,0
533348,24
533349,0
533350,11
533351,0
533352,0
533353,0
533354,16
533355,25
533356,0
533357,18
533358,0
533359,0
533360,0
533361,24
533362,0
533363,0
533364,23
533365,0
533366,0
533367,0
533368,0
533369,0
533370,0
533371,0
533372,0
533373,0
533374,0
533375,0
533376,0
533377,0
533378,27
533379,0
533380,0
533381,17
533382,0
533383,0
533384,0
533385,0
533386,25
533387,0
533388,15
533389,0
533390,0
533391,0
533392,0
533393,0
533394,0
533395,0
533396,0
533397,0
533398,0
533399,0
533400,0
533401,0
533402,0
533403,10
533404,0
533405,0
533406,22
533407,0
533408,0
533409,0
533410,0
533411,0
533412,0
533413,0
533414,0
533415,0
533416,0
533417,26
533418,0
533419,25
533420,0
533421,18
533422,0
533423,0
533424,0
533425,0
533426,0
533427,0
533428,0
533429,0
533430,0
533431,0
533432,0
533433,0
533434,6
533435,25
533436,0
533437,0
533438,0
533439,0
533440,0
533441,0
533442,0
533443,0
533444,17
533445,0
533446,0
533447,16
533448,0
533449,0
533450,21
533451,20
533452,19
533453,0
533454,23
533455,17
533456,0
533457,0
533458,0
533459,0
533460,0
533461,0
533462,21
533463,8
533464,0
533465,0
533466,0
533467,0
533468,0
533469,14
533470,0
533471,0
533472,0
533473,0
533474,0
533475,0
533476,0
533477,0
533478,0
533479,0
533480,22
533481,25
533482,0
533483,9
533484,0
533485,0
533486,0
533487,0
533488,0
533489,0
533490,0
533491,0
533492,0
533493,12
533494,0
533495,0
533496,0
533497,0
533498,0
533499,0
533500,17
533501,0
533502,19
533503,22
533504,0
533505,0
533506,0
533507,0
533508,0
533509,0
533510,0
533511,0
533512,0
533513,0
533514,0
533515,0
533516,20
533517,0
533518,0
533519,0
533520,0
533521,0
533522,0
533523,0
533524,0
533525,0
533526,20
533527,0
533528,0
533529,0
533530,0
533531,0
533532,0
533533,0
533534,0
533535,0
533536,0
533537,0
533538,0
533539,0
533540,0
533541,0
533542,0
533543,0
533544,0
533545,0
533546,0
533547,25
533548,0
533549,15
533550,21
533551,0
533552,0
533553,9
533554,0
533555,0
533556,0
533557,30
533558,0
533559,22
533560,26
533561,0
533562,0
533563,0
533564,0
533565,0
533566,0
533567,0
533568,0
533569,17
533570,26
533571,20
533572,0
533573,0
533574,0
533575,0
533576,0
533577,0
533578,0
533579,25
533580,0
533581,0
533582,0
533583,0
533584,0
533585,0
533586,0
533587,0
533588,0
533589,0
533590,0
533591,0
533592,11
533593,0
533594,0
533595,0
533596,0
533597,0
533598,0
533599,19
533600,0
533601,0
533602,0
533603,0
533604,0
533605,0
533606,0
533607,0
533608,0
533609,0
533610,0
533611,0
533612,0
533613,0
533614,0
533615,0
533616,0
533617,0
533618,0
533619,0
533620,0
533621,0
533622,27
533623,0
533624,0
533625,0
533626,23
533627,0
533628,0
533629,0
533630,0
533631,17
533632,0
533633,0
533634,0
533635,13
533636,23
533637,0
533638,0
533639,0
533640,26
533641,0
533642,0
533643,0
533644,0
533645,0
533646,0
533647,0
533648,0
533649,0
533650,0
533651,0
533652,0
533653,0
533654,0
533655,0
533656,0
533657,0
533658,0
533659,0
533660,0
533661,18
533662,0
533663,26
533664,22
533665,0
533666,0
533667,0
533668,0
533669,21
533670,17
533671,0
533672,0
533673,0
533674,0
533675,0
533676,0
533677,0
533678,25
533679,0
533680,0
533681,0
533682,0
533683,0
533684,0
533685,0
533686,0
533687,0
533688,0
533689,0
533690,0
533691,0
533692,0
533693,0
533694,17
533695,0
533696,0
533697,0
533698,0
533699,31
533700,0
533701,16
533702,0
533703,0
533704,0
533705,0
533706,0
533707,9
533708,0
533709,0
533710,0
533711,0
533712,18
533713,22
533714,23
533715,0
533716,0
533717,0
533718,0
533719,0
533720,0
533721,23
533722,0
533723,13
533724,18
533725,0
533726,11
533727,14
533728,0
533729,0
533730,0
533731,0
533732,0
533733,0
533734,0
533735,0
533736,0
533737,25
533738,25
533739,0
533740,0
533741,0
533742,0
533743,0
533744,0
533745,0
533746,0
533747,0
533748,0
533749,0
533750,0
533751,0
533752,15
533753,0
533754,26
533755,0
533756,0
533757,0
533758,0
533759,0
533760,21
533761,15
533762,10
533763,0
533764,0
533765,0
533766,19
533767,0
533768,24
533769,0
533770,0
533771,0
533772,30
533773,0
533774,0
533775,0
533776,0
533777,0
533778,0
533779,0
533780,0
533781,0
533782,23
533783,17
533784,0
533785,18
533786,0
533787,0
533788,0
533789,0
533790,0
533791,0
533792,0
533793,0
533794,0
533795,12
533796,0
533797,21
533798,0
533799,0
533800,0
533801,0
533802,0
533803,0
533804,28
533805,0
533806,0
533807,0
533808,0
533809,13
533810,0
533811,25
533812,0
533813,0
533814,0
533815,0
533816,0
533817,0
533818,0
533819,0
533820,25
533821,0
533822,9
533823,0
533824,0
533825,0
533826,40
533827,0
533828,23
533829,14
533830,33
533831,0
533832,0
533833,0
533834,18
533835,0
533836,0
533837,0
533838,0
533839,20
533840,0
533841,0
533842,17
533843,0
533844,0
533845,0
533846,0
533847,23
533848,0
533849,0
533850,0
533851,12
533852,22
533853,0
533854,0
533855,0
533856,0
533857,0
533858,20
533859,0
533860,0
533861,27
533862,0
533863,0
533864,0
533865,0
533866,0
533867,0
533868,21
533869,0
533870,0
533871,0
533872,0
533873,0
533874,0
533875,0
533876,0
533877,0
533878,0
533879,0
533880,0
533881,0
533882,0
533883,0
533884,0
533885,0
533886,0
533887,0
533888,16
533889,0
533890,0
533891,0
533892,9
533893,0
533894,0
533895,23
533896,0
533897,19
533898,18
533899,0
533900,0
533901,0
533902,0
533903,15
533904,0
533905,0
533906,21
533907,0
533908,0
533909,0
533910,0
533911,0
533912,0
533913,26
533914,0
533915,16
533916,0
533917,0
533918,0
533919,0
533920,0
533921,0
533922,0
533923,10
533924,0
533925,19
533926,0
533927,0
533928,0
533929,21
533930,0
533931,0
533932,0
533933,22
533934,0
533935,0
533936,12
533937,0
533938,0
533939,0
533940,16
533941,0
533942,0
533943,0
533944,0
533945,0
533946,0
533947,27
533948,0
533949,0
533950,0
533951,0
533952,0
533953,0
533954,0
533955,0
533956,0
533957,0
533958,0
533959,0
533960,0
533961,0
533962,0
533963,0
533964,0
533965,0
533966,0
533967,0
533968,0
533969,21
533970,0
533971,0
533972,0
533973,0
533974,0
533975,0
533976,15
533977,0
533978,0
533979,0
533980,0
533981,33
533982,28
533983,0
533984,0
533985,0
533986,21
533987,0
533988,0
533989,0
533990,0
533991,0
533992,0
533993,0
533994,0
533995,0
533996,0
533997,0
533998,0
533999,0
534000,0
534001,0
534002,20
534003,0
534004,0
534005,8
534006,0
534007,0
534008,0
534009,0
534010,0
534011,0
534012,31
534013,14
534014,0
534015,0
534016,0
534017,0
534018,0
534019,0
534020,0
534021,20
534022,0
534023,0
534024,0
534025,0
534026,0
534027,0
534028,11
534029,0
534030,0
534031,0
534032,16
534033,0
534034,0
534035,0
534036,0
534037,0
534038,0
534039,20
534040,0
534041,0
534042,0
534043,0
534044,0
534045,0
534046,0
534047,0
534048,0
534049,0
534050,0
534051,0
534052,0
534053,11
534054,0
534055,0
534056,0
534057,17
534058,0
534059,0
534060,0
534061,0
534062,16
534063,0
534064,0
534065,0
534066,7
534067,0
534068,13
534069,0
534070,0
534071,0
534072,23
534073,0
534074,0
534075,0
534076,0
534077,0
534078,0
534079,15
534080,0
534081,0
534082,17
534083,0
534084,18
534085,15
534086,0
534087,0
534088,0
534089,0
534090,0
534091,0
534092,0
534093,0
534094,0
534095,0
534096,0
534097,0
534098,0
534099,0
534100,0
534101,0
534102,0
534103,0
534104,0
534105,0
534106,0
534107,0
534108,0
534109,0
534110,0
534111,0
534112,0
534113,0
534114,0
534115,0
534116,0
534117,0
534118,0
534119,0
534120,0
534121,0
534122,0
534123,0
534124,0
534125,0
534126,0
534127,0
534128,11
534129,0
534130,13
534131,0
534132,0
534133,16
534134,0
534135,0
534136,0
534137,0
534138,0
534139,20
534140,0
534141,0
534142,0
534143,0
534144,0
534145,0
534146,0
534147,0
534148,0
534149,0
534150,0
534151,0
534152,0
534153,0
534154,0
534155,0
534156,0
534157,0
534158,0
534159,0
534160,0
534161,0
534162,0
534163,0
534164,0
534165,0
534166,0
534167,0
534168,0
534169,0
534170,0
534171,0
534172,0
534173,0
534174,0
534175,0
534176,0
534177,0
534178,0
534179,0
534180,0
534181,0
534182,0
534183,0
534184,0
534185,0
534186,0
534187,0
534188,0
534189,0
534190,0
534191,0
534192,0
534193,0
534194,0
534195,9
534196,0
534197,0
534198,0
534199,0
534200,0
534201,0
534202,0
534203,0
534204,0
534205,0
534206,0
534207,0
534208,0
534209,0
534210,0
534211,16
534212,0
534213,0
534214,0
534215,0
534216,0
534217,0
534218,0
534219,0
534220,0
534221,0
534222,0
534223,0
534224,14
534225,0
534226,0
534227,0
534228,0
534229,0
534230,0
534231,0
534232,0
534233,0
534234,0
534235,0
534236,0
534237,0
534238,0
534239,0
534240,0
534241,0
534242,0
534243,0
534244,16
534245,0
534246,0
534247,0
534248,0
534249,0
534250,0
534251,0
534252,0
534253,0
534254,0
534255,0
534256,0
534257,0
534258,0
534259,0
534260,0
534261,0
534262,0
534263,0
534264,0
534265,0
534266,0
534267,0
534268,0
534269,0
534270,0
534271,0
534272,0
534273,0
534274,0
534275,10
534276,0
534277,0
534278,0
534279,0
534280,0
534281,0
534282,12
534283,0
534284,0
534285,0
534286,0
534287,0
534288,0
534289,0
534290,0
534291,0
534292,0
534293,16
534294,0
534295,0
534296,0
534297,15
534298,20
534299,0
534300,0
534301,13
534302,0
534303,0
534304,0
534305,0
534306,0
534307,0
534308,0
534309,0
534310,0
534311,0
534312,0
534313,0
534314,0
534315,0
534316,0
534317,0
534318,0
534319,0
534320,0
534321,0
534322,0
534323,0
534324,0
534325,7
534326,0
534327,0
534328,0
534329,0
534330,0
534331,10
534332,0
534333,0
534334,0
534335,0
534336,0
534337,0
534338,0
534339,0
534340,0
534341,0
534342,0
534343,0
534344,0
534345,0
534346,0
534347,0
534348,0
534349,0
534350,0
534351,0
534352,0
534353,0
534354,0
534355,0
534356,0
534357,0
534358,0
534359,0
534360,0
534361,0
534362,0
534363,0
534364,0
534365,0
534366,0
534367,0
534368,0
534369,0
534370,0
534371,0
534372,0
534373,0
534374,0
534375,0
534376,0
534377,0
534378,0
534379,0
534380,0
534381,0
534382,0
534383,0
534384,0
534385,0
534386,0
534387,0
534388,0
534389,0
534390,0
534391,0
534392,0
534393,0
534394,0
534395,18
534396,0
534397,0
534398,0
534399,0
534400,0
534401,0
534402,0
534403,17
534404,0
534405,0
534406,0
534407,16
534408,0
534409,0
534410,0
534411,0
534412,0
534413,17
534414,0
534415,0
534416,0
534417,39
534418,0
534419,0
534420,0
534421,0
534422,0
534423,0
534424,0
534425,0
534426,0
534427,0
534428,0
534429,0
534430,0
534431,0
534432,0
534433,14
534434,0
534435,0
534436,0
534437,0
534438,0
534439,0
534440,0
534441,0
534442,0
534443,0
534444,0
534445,0
534446,0
534447,11
534448,0
534449,17
534450,0
534451,0
534452,0
534453,0
534454,0
534455,0
534456,0
534457,0
534458,8
534459,0
534460,0
534461,0
534462,0
534463,0
534464,0
534465,0
534466,0
534467,0
534468,0
534469,0
534470,0
534471,0
534472,0
534473,0
534474,0
534475,0
534476,0
534477,0
534478,0
534479,0
534480,0
534481,0
534482,0
534483,0
534484,0
534485,0
534486,0
534487,0
534488,0
534489,0
534490,0
534491,0
534492,0
534493,0
534494,0
534495,0
534496,0
534497,0
534498,0
534499,0
534500,0
534501,0
534502,7
534503,0
534504,0
534505,0
534506,0
534507,0
534508,0
534509,0
534510,0
534511,0
534512,0
534513,0
534514,0
534515,0
534516,0
534517,0
534518,0
534519,0
534520,0
534521,0
534522,0
534523,7
534524,0
534525,0
534526,0
534527,0
534528,0
534529,0
534530,0
534531,0
534532,0
534533,0
534534,0
534535,0
534536,0
534537,0
534538,0
534539,0
534540,0
534541,11
534542,0
534543,0
534544,0
534545,0
534546,0
534547,0
534548,0
534549,0
534550,0
534551,0
534552,0
534553,0
534554,0
534555,0
534556,0
534557,0
534558,0
534559,0
534560,0
534561,0
534562,0
534563,0
534564,0
534565,0
534566,0
534567,14
534568,0
534569,0
534570,0
534571,0
534572,0
534573,0
534574,0
534575,0
534576,0
534577,0
534578,0
534579,0
534580,0
534581,0
534582,0
534583,0
534584,0
534585,0
534586,0
534587,0
534588,0
534589,0
534590,0
534591,0
534592,0
534593,0
534594,0
534595,0
534596,0
534597,0
534598,0
534599,13
534600,0
534601,0
534602,0
534603,0
534604,0
534605,0
534606,0
534607,22
534608,0
534609,0
534610,0
534611,0
534612,0
534613,0
534614,0
534615,0
534616,0
534617,0
534618,0
534619,0
534620,0
534621,0
534622,19
534623,0
534624,0
534625,0
534626,0
534627,0
534628,0
534629,0
534630,0
534631,0
534632,0
534633,0
534634,0
534635,0
534636,0
534637,0
534638,0
534639,12
534640,0
534641,0
534642,0
534643,0
534644,0
534645,13
534646,0
534647,0
534648,0
534649,0
534650,0
534651,0
534652,0
534653,0
534654,0
534655,0
534656,0
534657,0
534658,0
534659,0
534660,0
534661,0
534662,0
534663,0
534664,0
534665,0
534666,29
534667,0
534668,0
534669,0
534670,0
534671,0
534672,0
534673,0
534674,0
534675,0
534676,0
534677,0
534678,0
534679,0
534680,0
534681,0
534682,0
534683,0
534684,0
534685,0
534686,0
534687,0
534688,10
534689,0
534690,0
534691,0
534692,0
534693,11
534694,0
534695,0
534696,0
534697,0
534698,0
534699,0
534700,0
534701,0
534702,15
534703,0
534704,0
534705,0
534706,0
534707,0
534708,0
534709,0
534710,0
534711,0
534712,0
534713,16
534714,0
534715,0
534716,0
534717,0
534718,0
534719,0
534720,0
534721,0
534722,0
534723,0
534724,0
534725,0
534726,0
534727,0
534728,0
534729,0
534730,0
534731,0
534732,0
534733,0
534734,0
534735,0
534736,0
534737,0
534738,0
534739,0
534740,0
534741,0
534742,0
534743,0
534744,0
534745,0
534746,0
534747,0
534748,0
534749,0
534750,0
534751,0
534752,0
534753,0
534754,0
534755,0
534756,0
534757,0
534758,0
534759,0
534760,0
534761,0
534762,0
534763,0
534764,0
534765,0
534766,0
534767,0
534768,23
534769,0
534770,0
534771,0
534772,0
534773,4
534774,0
534775,0
534776,0
534777,0
534778,0
534779,0
534780,0
534781,0
534782,0
534783,0
534784,0
534785,0
534786,0
534787,0
534788,0
534789,0
534790,0
534791,0
534792,0
534793,0
534794,0
534795,0
534796,0
534797,0
534798,0
534799,0
534800,0
534801,0
534802,0
534803,0
534804,13
534805,0
534806,0
534807,0
534808,0
534809,0
534810,0
534811,0
534812,0
534813,15
534814,0
534815,0
534816,0
534817,0
534818,0
534819,0
534820,0
534821,0
534822,0
534823,0
534824,0
534825,0
534826,0
534827,0
534828,20
534829,0
534830,0
534831,0
534832,0
534833,0
534834,0
534835,0
534836,0
534837,0
534838,0
534839,0
534840,0
534841,0
534842,0
534843,0
534844,0
534845,0
534846,0
534847,0
534848,0
534849,0
534850,0
534851,0
534852,0
534853,0
534854,17
534855,0
534856,0
534857,0
534858,0
534859,0
534860,0
534861,0
534862,0
534863,0
534864,0
534865,0
534866,0
534867,0
534868,0
534869,14
534870,0
534871,0
534872,0
534873,0
534874,0
534875,0
534876,0
534877,0
534878,0
534879,0
534880,0
534881,0
534882,0
534883,0
534884,0
534885,13
534886,0
534887,0
534888,9
534889,0
534890,10
534891,0
534892,0
534893,0
534894,0
534895,0
534896,0
534897,0
534898,0
534899,0
534900,0
534901,0
534902,14
534903,0
534904,0
534905,0
534906,0
534907,0
534908,0
534909,0
534910,0
534911,0
534912,0
534913,0
534914,0
534915,0
534916,0
534917,0
534918,0
534919,0
534920,0
534921,0
534922,0
534923,0
534924,5
534925,0
534926,0
534927,0
534928,0
534929,0
534930,0
534931,0
534932,0
534933,0
534934,0
534935,0
534936,0
534937,0
534938,0
534939,0
534940,0
534941,0
534942,17
534943,0
534944,0
534945,0
534946,0
534947,0
534948,0
534949,0
534950,0
534951,0
534952,0
534953,0
534954,0
534955,0
534956,0
534957,0
534958,0
534959,0
534960,0
534961,0
534962,0
534963,0
534964,0
534965,0
534966,0
534967,0
534968,0
534969,0
534970,0
534971,0
534972,0
534973,0
534974,0
534975,0
534976,0
534977,0
534978,0
534979,0
534980,14
534981,0
534982,0
534983,0
534984,0
534985,0
534986,0
534987,0
534988,0
534989,0
534990,0
534991,0
534992,0
534993,0
534994,10
534995,0
534996,15
534997,0
534998,0
534999,0
535000,0
535001,0
535002,0
535003,0
535004,0
535005,20
535006,0
535007,18
535008,0
535009,0
535010,0
535011,19
535012,0
535013,11
535014,0
535015,0
535016,0
535017,0
535018,0
535019,0
535020,0
535021,21
535022,0
535023,0
535024,10
535025,0
535026,0
535027,0
535028,0
535029,0
535030,0
535031,0
535032,0
535033,0
535034,0
535035,0
535036,0
535037,0
535038,0
535039,0
535040,0
535041,0
535042,0
535043,0
535044,0
535045,0
535046,0
535047,0
535048,0
535049,0
535050,13
535051,0
535052,0
535053,0
535054,0
535055,0
535056,0
535057,0
535058,0
535059,0
535060,0
535061,13
535062,0
535063,0
535064,0
535065,0
535066,0
535067,0
535068,0
535069,0
535070,0
535071,0
535072,0
535073,13
535074,0
535075,0
535076,12
535077,0
535078,0
535079,0
535080,0
535081,0
535082,0
535083,0
535084,0
535085,0
535086,0
535087,0
535088,0
535089,0
535090,0
535091,0
535092,0
535093,0
535094,0
535095,0
535096,0
535097,0
535098,0
535099,0
535100,13
535101,0
535102,0
535103,0
535104,0
535105,0
535106,0
535107,0
535108,0
535109,0
535110,0
535111,0
535112,0
535113,0
535114,0
535115,0
535116,0
535117,31
535118,0
535119,0
535120,0
535121,22
535122,0
535123,0
535124,0
535125,0
535126,0
535127,0
535128,0
535129,0
535130,0
535131,0
535132,0
535133,0
535134,0
535135,0
535136,0
535137,0
535138,14
535139,0
535140,0
535141,10
535142,0
535143,0
535144,0
535145,0
535146,0
535147,0
535148,0
535149,0
535150,0
535151,0
535152,0
535153,0
535154,0
535155,0
535156,0
535157,0
535158,14
535159,19
535160,0
535161,0
535162,0
535163,15
535164,0
535165,17
535166,17
535167,0
535168,0
535169,17
535170,0
535171,0
535172,0
535173,0
535174,0
535175,0
535176,0
535177,0
535178,18
535179,0
535180,0
535181,0
535182,0
535183,0
535184,0
535185,0
535186,16
535187,0
535188,0
535189,0
535190,0
535191,0
535192,0
535193,0
535194,0
535195,0
535196,0
535197,0
535198,0
535199,0
535200,0
535201,0
535202,0
535203,0
535204,0
535205,0
535206,0
535207,0
535208,0
535209,0
535210,0
535211,0
535212,0
535213,0
535214,0
535215,0
535216,12
535217,0
535218,0
535219,0
535220,0
535221,0
535222,25
535223,17
535224,11
535225,14
535226,14
535227,20
535228,0
535229,0
535230,0
535231,0
535232,0
535233,0
535234,20
535235,0
535236,24
535237,0
535238,0
535239,0
535240,14
535241,0
535242,0
535243,0
535244,0
535245,0
535246,0
535247,20
535248,0
535249,0
535250,0
535251,22
535252,0
535253,0
535254,0
535255,0
535256,0
535257,15
535258,13
535259,0
535260,0
535261,0
535262,0
535263,0
535264,0
535265,0
535266,12
535267,14
535268,0
535269,0
535270,0
535271,0
535272,0
535273,0
535274,0
535275,0
535276,0
535277,0
535278,10
535279,0
535280,0
535281,0
535282,0
535283,0
535284,0
535285,0
535286,15
535287,0
535288,0
535289,0
535290,0
535291,0
535292,0
535293,0
535294,22
535295,29
535296,0
535297,19
535298,16
535299,0
535300,0
535301,13
535302,0
535303,13
535304,24
535305,0
535306,22
535307,25
535308,24
535309,0
535310,0
535311,0
535312,0
535313,0
535314,0
535315,0
535316,0
535317,0
535318,0
535319,0
535320,0
535321,0
535322,0
535323,14
535324,0
535325,18
535326,0
535327,0
535328,0
535329,0
535330,0
535331,0
535332,0
535333,0
535334,0
535335,0
535336,0
535337,0
535338,0
535339,26
535340,0
535341,0
535342,0
535343,12
535344,0
535345,0
535346,0
535347,0
535348,0
535349,0
535350,0
535351,0
535352,0
535353,0
535354,0
535355,0
535356,0
535357,0
535358,16
535359,0
535360,0
535361,0
535362,13
535363,0
535364,0
535365,11
535366,0
535367,0
535368,18
535369,0
535370,0
535371,0
535372,0
535373,0
535374,0
535375,0
535376,0
535377,20
535378,0
535379,0
535380,0
535381,0
535382,0
535383,0
535384,0
535385,0
535386,0
535387,0
535388,23
535389,0
535390,21
535391,0
535392,0
535393,0
535394,0
535395,19
535396,0
535397,19
535398,0
535399,0
535400,0
535401,0
535402,0
535403,0
535404,0
535405,0
535406,0
535407,0
535408,14
535409,0
535410,0
535411,0
535412,0
535413,0
535414,0
535415,22
535416,0
535417,0
535418,0
535419,0
535420,0
535421,23
535422,21
535423,0
535424,16
535425,18
535426,0
535427,10
535428,0
535429,0
535430,0
535431,0
535432,0
535433,0
535434,0
535435,0
535436,0
535437,0
535438,0
535439,12
535440,0
535441,25
535442,0
535443,0
535444,0
535445,0
535446,19
535447,0
535448,0
535449,0
535450,11
535451,0
535452,0
535453,0
535454,21
535455,0
535456,0
535457,0
535458,0
535459,16
535460,0
535461,0
535462,12
535463,25
535464,17
535465,0
535466,0
535467,0
535468,0
535469,0
535470,0
535471,0
535472,0
535473,22
535474,0
535475,9
535476,0
535477,0
535478,0
535479,29
535480,0
535481,0
535482,0
535483,0
535484,15
535485,0
535486,0
535487,0
535488,0
535489,0
535490,23
535491,0
535492,0
535493,0
535494,0
535495,0
535496,0
535497,0
535498,0
535499,0
535500,0
535501,13
535502,23
535503,32
535504,22
535505,0
535506,0
535507,0
535508,12
535509,0
535510,0
535511,15
535512,0
535513,0
535514,0
535515,0
535516,0
535517,0
535518,0
535519,21
535520,0
535521,0
535522,0
535523,0
535524,0
535525,14
535526,0
535527,16
535528,0
535529,0
535530,0
535531,0
535532,15
535533,0
535534,0
535535,0
535536,0
535537,0
535538,0
535539,14
535540,21
535541,0
535542,10
535543,14
535544,0
535545,18
535546,0
535547,0
535548,14
535549,0
535550,0
535551,22
535552,22
535553,19
535554,0
535555,7
535556,0
535557,0
535558,0
535559,0
535560,24
535561,0
535562,0
535563,0
535564,0
535565,0
535566,0
535567,10
535568,0
535569,0
535570,0
535571,0
535572,15
535573,14
535574,0
535575,0
535576,0
535577,0
535578,0
535579,0
535580,0
535581,21
535582,0
535583,0
535584,0
535585,0
535586,18
535587,0
535588,0
535589,0
535590,0
535591,12
535592,0
535593,0
535594,0
535595,0
535596,20
535597,0
535598,0
535599,0
535600,0
535601,0
535602,0
535603,0
535604,0
535605,0
535606,0
535607,0
535608,0
535609,0
535610,0
535611,0
535612,0
535613,0
535614,12
535615,0
535616,0
535617,0
535618,0
535619,0
535620,0
535621,19
535622,0
535623,0
535624,0
535625,20
535626,0
535627,0
535628,0
535629,0
535630,0
535631,0
535632,0
535633,0
535634,0
535635,15
535636,0
535637,19
535638,0
535639,13
535640,0
535641,18
535642,22
535643,0
535644,0
535645,0
535646,21
535647,0
535648,0
535649,0
535650,0
535651,0
535652,0
535653,0
535654,0
535655,0
535656,0
535657,0
535658,0
535659,18
535660,0
535661,0
535662,0
535663,22
535664,0
535665,0
535666,0
535667,12
535668,0
535669,0
535670,0
535671,0
535672,0
535673,15
535674,27
535675,0
535676,0
535677,0
535678,0
535679,0
535680,14
535681,0
535682,22
535683,0
535684,0
535685,0
535686,26
535687,0
535688,0
535689,14
535690,19
535691,16
535692,12
535693,0
535694,0
535695,18
535696,22
535697,0
535698,0
535699,0
535700,8
535701,17
535702,0
535703,0
535704,0
535705,0
535706,0
535707,18
535708,0
535709,0
535710,17
535711,0
535712,0
535713,0
535714,0
535715,0
535716,0
535717,0
535718,0
535719,0
535720,0
535721,19
535722,10
535723,20
535724,0
535725,0
535726,0
535727,0
535728,0
535729,0
535730,0
535731,0
535732,0
535733,0
535734,0
535735,0
535736,0
535737,0
535738,0
535739,13
535740,0
535741,16
535742,0
535743,0
535744,22
535745,0
535746,27
535747,0
535748,21
535749,26
535750,0
535751,0
535752,0
535753,0
535754,0
535755,0
535756,0
535757,12
535758,0
535759,0
535760,0
535761,0
535762,0
535763,23
535764,13
535765,0
535766,0
535767,0
535768,0
535769,0
535770,0
535771,23
535772,0
535773,8
535774,0
535775,0
535776,0
535777,0
535778,20
535779,0
535780,0
535781,0
535782,0
535783,0
535784,0
535785,0
535786,0
535787,0
535788,0
535789,0
535790,0
535791,0
535792,0
535793,21
535794,0
535795,0
535796,24
535797,0
535798,0
535799,0
535800,0
535801,17
535802,0
535803,0
535804,25
535805,0
535806,0
535807,0
535808,0
535809,31
535810,0
535811,0
535812,0
535813,0
535814,0
535815,0
535816,17
535817,0
535818,0
535819,0
535820,0
535821,0
535822,0
535823,0
535824,0
535825,19
535826,17
535827,23
535828,26
535829,0
535830,26
535831,0
535832,0
535833,0
535834,0
535835,0
535836,14
535837,24
535838,0
535839,0
535840,0
535841,0
535842,0
535843,24
535844,0
535845,21
535846,0
535847,0
535848,0
535849,0
535850,0
535851,20
535852,0
535853,14
535854,0
535855,0
535856,0
535857,0
535858,0
535859,11
535860,13
535861,0
535862,0
535863,0
535864,0
535865,20
535866,0
535867,0
535868,0
535869,0
535870,0
535871,0
535872,0
535873,0
535874,0
535875,0
535876,24
535877,0
535878,0
535879,0
535880,0
535881,0
535882,0
535883,18
535884,0
535885,0
535886,0
535887,0
535888,16
535889,0
535890,23
535891,0
535892,0
535893,18
535894,0
535895,0
535896,0
535897,0
535898,0
535899,0
535900,0
535901,0
535902,23
535903,0
535904,0
535905,22
535906,0
535907,22
535908,20
535909,0
535910,27
535911,21
535912,0
535913,0
535914,19
535915,0
535916,0
535917,19
535918,0
535919,0
535920,0
535921,28
535922,19
535923,16
535924,0
535925,0
535926,0
535927,0
535928,5
535929,24
535930,0
535931,0
535932,0
535933,19
535934,0
535935,0
535936,0
535937,0
535938,0
535939,0
535940,0
535941,21
535942,0
535943,21
535944,0
535945,0
535946,0
535947,9
535948,0
535949,0
535950,0
535951,0
535952,0
535953,22
535954,0
535955,0
535956,17
535957,0
535958,0
535959,0
535960,24
535961,0
535962,0
535963,0
535964,0
535965,0
535966,0
535967,0
535968,0
535969,0
535970,0
535971,0
535972,0
535973,0
535974,0
535975,0
535976,0
535977,0
535978,0
535979,0
535980,0
535981,0
535982,12
535983,0
535984,16
535985,0
535986,0
535987,0
535988,0
535989,0
535990,23
535991,13
535992,0
535993,0
535994,0
535995,0
535996,12
535997,22
535998,0
535999,16
536000,0
536001,0
536002,0
536003,0
536004,24
536005,0
536006,0
536007,20
536008,0
536009,23
536010,0
536011,0
536012,0
536013,0
536014,18
536015,0
536016,0
536017,0
536018,21
536019,0
536020,0
536021,16
536022,0
536023,17
536024,0
536025,0
536026,0
536027,0
536028,0
536029,17
536030,0
536031,0
536032,0
536033,0
536034,0
536035,18
536036,0
536037,0
536038,20
536039,16
536040,0
536041,0
536042,0
536043,24
536044,0
536045,0
536046,0
536047,0
536048,27
536049,0
536050,0
536051,0
536052,14
536053,16
536054,0
536055,0
536056,15
536057,0
536058,0
536059,0
536060,0
536061,21
536062,0
536063,14
536064,0
536065,14
536066,0
536067,0
536068,13
536069,0
536070,29
536071,17
536072,0
536073,20
536074,0
536075,0
536076,0
536077,0
536078,0
536079,18
536080,0
536081,10
536082,18
536083,0
536084,0
536085,16
536086,0
536087,0
536088,0
536089,0
536090,0
536091,0
536092,0
536093,0
536094,0
536095,0
536096,0
536097,0
536098,0
536099,0
536100,0
536101,0
536102,0
536103,0
536104,0
536105,0
536106,0
536107,0
536108,0
536109,0
536110,0
536111,1
536112,1
536113,0
536114,0
536115,0
536116,0
536117,0
536118,0
536119,0
536120,0
536121,0
536122,0
536123,0
536124,0
536125,0
536126,0
536127,0
536128,0
536129,0
536130,0
536131,0
536132,0
536133,0
536134,0
536135,0
536136,0
536137,0
536138,0
536139,0
536140,0
536141,0
536142,0
536143,0
536144,0
536145,0
536146,0
536147,0
536148,0
536149,0
536150,0
536151,0
536152,0
536153,0
536154,0
536155,0
536156,0
536157,0
536158,0
536159,0
536160,0
536161,0
536162,0
536163,0
536164,0
536165,0
536166,0
536167,0
536168,0
536169,0
536170,0
536171,0
536172,0
536173,0
536174,0
536175,0
536176,0
536177,0
536178,0
536179,0
536180,0
536181,0
536182,0
536183,0
536184,0
536185,0
536186,0
536187,0
536188,0
536189,0
536190,0
536191,0
536192,0
536193,0
536194,0
536195,0
536196,0
536197,0
536198,0
536199,0
536200,0
536201,0
536202,0
536203,0
536204,0
536205,0
536206,0
536207,0
536208,0
536209,0
536210,1
536211,0
536212,0
536213,0
536214,0
536215,0
536216,0
536217,0
536218,0
536219,0
536220,0
536221,0
536222,0
536223,0
536224,0
536225,0
536226,0
536227,0
536228,0
536229,0
536230,1
536231,0
536232,0
536233,0
536234,0
536235,0
536236,0
536237,0
536238,0
536239,0
536240,0
536241,0
536242,0
536243,0
536244,0
536245,0
536246,0
536247,1
536248,0
536249,0
536250,0
536251,0
536252,0
536253,0
536254,0
536255,0
536256,0
536257,0
536258,0
536259,0
536260,0
536261,0
536262,0
536263,0
536264,0
536265,0
536266,0
536267,0
536268,0
536269,0
536270,0
536271,0
536272,0
536273,0
536274,0
536275,0
536276,0
536277,0
536278,0
536279,0
536280,0
536281,0
536282,0
536283,0
536284,0
536285,0
536286,0
536287,0
536288,0
536289,0
536290,0
536291,0
536292,0
536293,0
536294,0
536295,0
536296,0
536297,0
536298,0
536299,0
536300,0
536301,0
536302,0
536303,0
536304,0
536305,0
536306,0
536307,0
536308,0
536309,0
536310,0
536311,0
536312,0
536313,0
536314,1
536315,0
536316,0
536317,0
536318,0
536319,0
536320,0
536321,0
536322,0
536323,0
536324,0
536325,0
536326,0
536327,0
536328,0
536329,0
536330,0
536331,0
536332,0
536333,0
536334,0
536335,0
536336,0
536337,0
536338,0
536339,0
536340,0
536341,0
536342,0
536343,0
536344,0
536345,0
536346,0
536347,0
536348,0
536349,0
536350,0
536351,0
536352,0
536353,0
536354,0
536355,0
536356,0
536357,0
536358,0
536359,0
536360,0
536361,0
536362,0
536363,0
536364,0
536365,0
536366,0
536367,0
536368,0
536369,0
536370,0
536371,0
536372,0
536373,0
536374,0
536375,0
536376,0
536377,0
536378,0
536379,0
536380,0
536381,0
536382,0
536383,0
536384,0
536385,0
536386,0
536387,0
536388,0
536389,0
536390,0
536391,0
536392,0
536393,0
536394,0
536395,0
536396,0
536397,0
536398,0
536399,0
536400,0
536401,0
536402,0
536403,0
536404,1
536405,0
536406,0
536407,0
536408,0
536409,0
536410,0
536411,0
536412,0
536413,0
536414,0
536415,0
536416,0
536417,0
536418,0
536419,0
536420,0
536421,0
536422,0
536423,0
536424,0
536425,0
536426,0
536427,0
536428,0
536429,0
536430,0
536431,0
536432,0
536433,0
536434,0
536435,0
536436,0
536437,0
536438,0
536439,0
536440,0
536441,0
536442,0
536443,0
536444,0
536445,0
536446,0
536447,0
536448,0
536449,0
536450,0
536451,0
536452,0
536453,0
536454,0
536455,0
536456,0
536457,0
536458,0
536459,0
536460,0
536461,0
536462,0
536463,0
536464,0
536465,0
536466,0
536467,0
536468,0
536469,0
536470,0
536471,0
536472,0
536473,0
536474,0
536475,0
536476,0
536477,0
536478,0
536479,0
536480,0
536481,0
536482,0
536483,0
536484,0
536485,0
536486,0
536487,0
536488,0
536489,0
536490,0
536491,0
536492,0
536493,0
536494,0
536495,0
536496,0
536497,0
536498,0
536499,0
536500,0
536501,0
536502,0
536503,0
536504,0
536505,0
536506,0
536507,0
536508,0
536509,0
536510,0
536511,0
536512,0
536513,0
536514,0
536515,0
536516,1
536517,0
536518,0
536519,0
536520,0
536521,0
536522,0
536523,0
536524,0
536525,0
536526,0
536527,0
536528,0
536529,0
536530,0
536531,0
536532,0
536533,0
536534,0
536535,0
536536,0
536537,0
536538,0
536539,0
536540,0
536541,0
536542,0
536543,0
536544,0
536545,0
536546,0
536547,0
536548,0
536549,0
536550,0
536551,0
536552,1
536553,0
536554,0
536555,0
536556,0
536557,1
536558,0
536559,0
536560,0
536561,0
536562,0
536563,0
536564,0
536565,0
536566,0
536567,0
536568,0
536569,0
536570,0
536571,0
536572,0
536573,1
536574,0
536575,0
536576,0
536577,0
536578,0
536579,0
536580,0
536581,0
536582,0
536583,0
536584,0
536585,0
536586,0
536587,0
536588,0
536589,0
536590,0
536591,0
536592,0
536593,0
536594,0
536595,0
536596,0
536597,0
536598,0
536599,0
536600,0
536601,0
536602,0
536603,0
536604,0
536605,0
536606,0
536607,0
536608,0
536609,0
536610,0
536611,0
536612,0
536613,0
536614,0
536615,0
536616,0
536617,0
536618,0
536619,0
536620,0
536621,0
536622,0
536623,0
536624,0
536625,0
536626,0
536627,0
536628,0
536629,0
536630,0
536631,0
536632,0
536633,0
536634,0
536635,0
536636,0
536637,0
536638,0
536639,0
536640,0
536641,0
536642,34
536643,0
536644,29
536645,0
536646,0
536647,0
536648,0
536649,0
536650,49
536651,0
536652,25
536653,0
536654,0
536655,0
536656,36
536657,39
536658,0
536659,0
536660,0
536661,39
536662,0
536663,0
536664,25
536665,0
536666,0
536667,0
536668,0
536669,0
536670,0
536671,0
536672,0
536673,0
536674,18
536675,34
536676,0
536677,0
536678,0
536679,0
536680,0
536681,0
536682,0
536683,0
536684,0
536685,0
536686,0
536687,0
536688,0
536689,0
536690,29
536691,0
536692,43
536693,0
536694,0
536695,0
536696,40
536697,0
536698,35
536699,39
536700,0
536701,0
536702,34
536703,38
536704,0
536705,0
536706,0
536707,0
536708,0
536709,54
536710,0
536711,0
536712,0
536713,0
536714,0
536715,0
536716,0
536717,36
536718,0
536719,0
536720,0
536721,0
536722,0
536723,0
536724,36
536725,0
536726,45
536727,0
536728,0
536729,16
536730,42
536731,41
536732,0
536733,0
536734,0
536735,0
536736,0
536737,0
536738,0
536739,37
536740,26
536741,33
536742,28
536743,0
536744,0
536745,0
536746,0
536747,0
536748,32
536749,0
536750,27
536751,35
536752,0
536753,30
536754,0
536755,0
536756,0
536757,32
536758,69
536759,0
536760,0
536761,0
536762,0
536763,0
536764,0
536765,0
536766,0
536767,0
536768,0
536769,24
536770,0
536771,0
536772,0
536773,0
536774,18
536775,23
536776,22
536777,0
536778,0
536779,0
536780,0
536781,16
536782,23
536783,20
536784,0
536785,0
536786,0
536787,0
536788,17
536789,0
536790,0
536791,0
536792,0
536793,23
536794,0
536795,0
536796,0
536797,21
536798,0
536799,21
536800,22
536801,0
536802,0
536803,23
536804,0
536805,20
536806,0
536807,0
536808,0
536809,0
536810,24
536811,23
536812,0
536813,33
536814,0
536815,0
536816,0
536817,14
536818,24
536819,23
536820,15
536821,21
536822,0
536823,19
536824,17
536825,31
536826,0
536827,0
536828,0
536829,0
536830,0
536831,0
536832,0
536833,0
536834,18
536835,0
536836,0
536837,0
536838,0
536839,18
536840,0
536841,0
536842,18
536843,0
536844,0
536845,16
536846,0
536847,0
536848,0
536849,0
536850,0
536851,0
536852,16
536853,0
536854,0
536855,0
536856,0
536857,0
536858,19
536859,0
536860,0
536861,17
536862,0
536863,28
536864,0
536865,16
536866,0
536867,28
536868,0
536869,29
536870,15
536871,21
536872,16
536873,0
536874,24
536875,0
536876,0
536877,0
536878,0
536879,0
536880,0
536881,16
536882,26
536883,0
536884,0
536885,21
536886,0
536887,18
536888,0
536889,0
536890,0
536891,17
536892,14
536893,0
536894,22
536895,0
536896,0
536897,0
536898,0
536899,0
536900,0
536901,0
536902,16
536903,0
536904,0
536905,0
536906,24
536907,13
536908,0
536909,22
536910,22
536911,0
536912,0
536913,0
536914,25
536915,0
536916,31
536917,0
536918,0
536919,0
536920,0
536921,15
536922,0
536923,0
536924,0
536925,20
536926,23
536927,14
536928,0
536929,0
536930,0
536931,18
536932,0
536933,0
536934,0
536935,0
536936,0
536937,0
536938,20
536939,0
536940,0
536941,0
536942,19
536943,15
536944,16
536945,15
536946,0
536947,0
536948,19
536949,0
536950,0
536951,23
536952,0
536953,0
536954,15
536955,0
536956,30
536957,0
536958,22
536959,0
536960,17
536961,0
536962,0
536963,17
536964,0
536965,0
536966,0
536967,21
536968,21
536969,0
536970,0
536971,0
536972,0
536973,0
536974,0
536975,22
536976,0
536977,0
536978,0
536979,0
536980,0
536981,0
536982,16
536983,0
536984,0
536985,0
536986,16
536987,0
536988,0
536989,25
536990,0
536991,0
536992,0
536993,0
536994,14
536995,10
536996,0
536997,0
536998,0
536999,0
537000,33
537001,20
537002,23
537003,25
537004,0
537005,0
537006,0
537007,0
537008,16
537009,0
537010,0
537011,0
537012,0
537013,20
537014,0
537015,0
537016,0
537017,0
537018,0
537019,25
537020,0
537021,0
537022,0
537023,0
537024,13
537025,0
537026,0
537027,0
537028,24
537029,17
537030,0
537031,0
537032,0
537033,0
537034,0
537035,20
537036,33
537037,0
537038,23
537039,0
537040,0
537041,0
537042,0
537043,0
537044,0
537045,0
537046,0
537047,0
537048,0
537049,0
537050,0
537051,0
537052,0
537053,0
537054,0
537055,0
537056,17
537057,22
537058,8
537059,18
537060,0
537061,17
537062,0
537063,0
537064,0
537065,0
537066,16
537067,0
537068,0
537069,0
537070,0
537071,19
537072,0
537073,0
537074,18
537075,0
537076,0
537077,0
537078,15
537079,0
537080,0
537081,0
537082,0
537083,0
537084,22
537085,18
537086,0
537087,21
537088,0
537089,0
537090,0
537091,0
537092,0
537093,24
537094,0
537095,0
537096,0
537097,0
537098,0
537099,0
537100,0
537101,0
537102,0
537103,50
537104,0
537105,0
537106,0
537107,0
537108,0
537109,0
537110,0
537111,0
537112,0
537113,0
537114,0
537115,0
537116,0
537117,0
537118,0
537119,0
537120,0
537121,0
537122,0
537123,0
537124,0
537125,0
537126,0
537127,21
537128,0
537129,0
537130,0
537131,0
537132,0
537133,0
537134,0
537135,0
537136,0
537137,0
537138,0
537139,0
537140,0
537141,0
537142,0
537143,0
537144,0
537145,0
537146,0
537147,0
537148,0
537149,0
537150,0
537151,0
537152,31
537153,0
537154,0
537155,0
537156,0
537157,0
537158,33
537159,0
537160,0
537161,0
537162,29
537163,0
537164,42
537165,0
537166,38
537167,0
537168,0
537169,0
537170,0
537171,0
537172,0
537173,0
537174,0
537175,0
537176,0
537177,0
537178,0
537179,0
537180,0
537181,0
537182,0
537183,0
537184,0
537185,0
537186,0
537187,0
537188,36
537189,28
537190,38
537191,0
537192,0
537193,0
537194,0
537195,0
537196,0
537197,0
537198,32
537199,0
537200,41
537201,0
537202,0
537203,0
537204,0
537205,0
537206,0
537207,0
537208,0
537209,0
537210,0
537211,0
537212,0
537213,0
537214,0
537215,0
537216,0
537217,50
537218,0
537219,0
537220,0
537221,30
537222,0
537223,0
537224,0
537225,0
537226,0
537227,0
537228,20
537229,0
537230,0
537231,0
537232,0
537233,0
537234,0
537235,0
537236,0
537237,0
537238,50
537239,0
537240,0
537241,0
537242,0
537243,0
537244,0
537245,0
537246,0
537247,0
537248,0
537249,0
537250,34
537251,0
537252,0
537253,0
537254,0
537255,43
537256,0
537257,0
537258,0
537259,0
537260,0
537261,0
537262,0
537263,0
537264,0
537265,0
537266,0
537267,0
537268,0
537269,0
537270,0
537271,0
537272,0
537273,0
537274,0
537275,0
537276,0
537277,0
537278,0
537279,39
537280,0
537281,0
537282,0
537283,38
537284,0
537285,0
537286,0
537287,0
537288,42
537289,0
537290,0
537291,0
537292,0
537293,0
537294,0
537295,25
537296,0
537297,0
537298,0
537299,0
537300,0
537301,0
537302,0
537303,0
537304,0
537305,0
537306,0
537307,0
537308,0
537309,0
537310,0
537311,0
537312,0
537313,0
537314,0
537315,0
537316,0
537317,0
537318,0
537319,0
537320,0
537321,37
537322,0
537323,0
537324,0
537325,0
537326,0
537327,0
537328,0
537329,0
537330,0
537331,0
537332,0
537333,0
537334,0
537335,0
537336,0
537337,0
537338,0
537339,0
537340,0
537341,0
537342,0
537343,0
537344,0
537345,0
537346,0
537347,0
537348,35
537349,0
537350,0
537351,0
537352,0
537353,0
537354,0
537355,0
537356,0
537357,0
537358,0
537359,0
537360,0
537361,0
537362,0
537363,0
537364,0
537365,0
537366,0
537367,0
537368,0
537369,34
537370,0
537371,0
537372,0
537373,0
537374,0
537375,0
537376,0
537377,0
537378,0
537379,0
537380,0
537381,0
537382,0
537383,0
537384,0
537385,0
537386,0
537387,0
537388,0
537389,0
537390,0
537391,0
537392,0
537393,0
537394,0
537395,0
537396,0
537397,0
537398,0
537399,33
537400,0
537401,0
537402,0
537403,0
537404,0
537405,0
537406,0
537407,0
537408,0
537409,0
537410,0
537411,0
537412,0
537413,0
537414,0
537415,0
537416,0
537417,0
537418,0
537419,0
537420,0
537421,0
537422,0
537423,0
537424,0
537425,0
537426,0
537427,0
537428,0
537429,0
537430,0
537431,40
537432,0
537433,0
537434,0
537435,0
537436,0
537437,0
537438,0
537439,0
537440,43
537441,0
537442,0
537443,0
537444,0
537445,0
537446,0
537447,0
537448,0
537449,0
537450,0
537451,0
537452,0
537453,0
537454,0
537455,0
537456,0
537457,0
537458,0
537459,0
537460,0
537461,0
537462,0
537463,0
537464,0
537465,0
537466,0
537467,0
537468,0
537469,0
537470,0
537471,0
537472,0
537473,0
537474,0
537475,0
537476,0
537477,0
537478,0
537479,0
537480,38
537481,0
537482,0
537483,0
537484,0
537485,0
537486,0
537487,0
537488,0
537489,0
537490,0
537491,0
537492,0
537493,0
537494,0
537495,0
537496,0
537497,0
537498,0
537499,0
537500,0
537501,0
537502,0
537503,0
537504,0
537505,0
537506,0
537507,0
537508,0
537509,0
537510,0
537511,0
537512,0
537513,0
537514,0
537515,0
537516,0
537517,0
537518,0
537519,41
537520,0
537521,0
537522,0
537523,43
537524,0
537525,0
537526,0
537527,0
537528,0
537529,41
537530,0
537531,0
537532,0
537533,0
537534,0
537535,0
537536,0
537537,0
537538,0
537539,0
537540,0
537541,0
537542,0
537543,0
537544,0
537545,41
537546,0
537547,0
537548,0
537549,0
537550,0
537551,0
537552,0
537553,0
537554,41
537555,0
537556,0
537557,41
537558,0
537559,0
537560,0
537561,0
537562,0
537563,0
537564,0
537565,0
537566,0
537567,0
537568,0
537569,0
537570,0
537571,0
537572,0
537573,0
537574,0
537575,0
537576,0
537577,0
537578,0
537579,0
537580,29
537581,0
537582,36
537583,0
537584,0
537585,0
537586,0
537587,0
537588,0
537589,0
537590,25
537591,0
537592,0
537593,0
537594,0
537595,0
537596,0
537597,0
537598,0
537599,0
537600,0
537601,0
537602,0
537603,0
537604,0
537605,0
537606,0
537607,0
537608,0
537609,54
537610,0
537611,0
537612,51
537613,50
537614,0
537615,0
537616,0
537617,0
537618,0
537619,0
537620,0
537621,0
537622,41
537623,0
537624,0
537625,0
537626,0
537627,0
537628,0
537629,0
537630,0
537631,0
537632,0
537633,0
537634,0
537635,0
537636,0
537637,0
537638,0
537639,29
537640,0
537641,0
537642,0
537643,0
537644,0
537645,0
537646,0
537647,48
537648,0
537649,0
537650,0
537651,0
537652,0
537653,32
537654,0
537655,0
537656,33
537657,0
537658,0
537659,32
537660,0
537661,0
537662,0
537663,25
537664,0
537665,0
537666,0
537667,0
537668,0
537669,0
537670,0
537671,0
537672,0
537673,0
537674,0
537675,0
537676,0
537677,0
537678,0
537679,0
537680,0
537681,0
537682,0
537683,0
537684,37
537685,0
537686,0
537687,0
537688,0
537689,0
537690,0
537691,0
537692,0
537693,0
537694,0
537695,0
537696,0
537697,0
537698,0
537699,0
537700,0
537701,0
537702,0
537703,0
537704,0
537705,0
537706,0
537707,0
537708,0
537709,0
537710,0
537711,0
537712,0
537713,0
537714,0
537715,0
537716,0
537717,0
537718,0
537719,45
537720,0
537721,0
537722,0
537723,0
537724,0
537725,0
537726,0
537727,0
537728,0
537729,0
537730,0
537731,0
537732,0
537733,0
537734,0
537735,48
537736,0
537737,0
537738,0
537739,0
537740,0
537741,0
537742,0
537743,0
537744,0
537745,0
537746,0
537747,0
537748,0
537749,0
537750,44
537751,0
537752,0
537753,0
537754,27
537755,0
537756,0
537757,0
537758,0
537759,0
537760,0
537761,0
537762,0
537763,0
537764,0
537765,0
537766,0
537767,0
537768,0
537769,0
537770,0
537771,0
537772,0
537773,0
537774,0
537775,0
537776,0
537777,0
537778,0
537779,0
537780,0
537781,0
537782,0
537783,0
537784,0
537785,0
537786,0
537787,0
537788,0
537789,0
537790,0
537791,0
537792,0
537793,0
537794,31
537795,0
537796,0
537797,0
537798,0
537799,0
537800,36
537801,0
537802,0
537803,0
537804,0
537805,0
537806,0
537807,0
537808,0
537809,0
537810,0
537811,0
537812,0
537813,0
537814,0
537815,0
537816,0
537817,0
537818,0
537819,0
537820,0
537821,33
537822,0
537823,0
537824,0
537825,0
537826,0
537827,0
537828,0
537829,0
537830,30
537831,0
537832,0
537833,36
537834,32
537835,0
537836,0
537837,0
537838,0
537839,0
537840,0
537841,0
537842,0
537843,0
537844,0
537845,0
537846,0
537847,0
537848,0
537849,0
537850,0
537851,0
537852,0
537853,0
537854,0
537855,0
537856,0
537857,0
537858,0
537859,0
537860,0
537861,0
537862,0
537863,0
537864,0
537865,0
537866,0
537867,0
537868,0
537869,0
537870,0
537871,0
537872,0
537873,0
537874,0
537875,0
537876,0
537877,0
537878,0
537879,0
537880,0
537881,0
537882,0
537883,0
537884,0
537885,0
537886,0
537887,0
537888,0
537889,0
537890,0
537891,0
537892,0
537893,35
537894,0
537895,0
537896,0
537897,0
537898,0
537899,0
537900,0
537901,0
537902,0
537903,0
537904,0
537905,0
537906,27
537907,0
537908,0
537909,36
537910,0
537911,0
537912,0
537913,0
537914,0
537915,0
537916,0
537917,0
537918,0
537919,0
537920,0
537921,0
537922,0
537923,30
537924,0
537925,0
537926,0
537927,0
537928,0
537929,0
537930,0
537931,0
537932,0
537933,0
537934,0
537935,37
537936,0
537937,28
537938,0
537939,0
537940,0
537941,0
537942,0
537943,0
537944,0
537945,0
537946,0
537947,0
537948,32
537949,0
537950,0
537951,0
537952,0
537953,0
537954,0
537955,0
537956,0
537957,0
537958,0
537959,0
537960,0
537961,0
537962,0
537963,0
537964,40
537965,0
537966,0
537967,0
537968,0
537969,0
537970,0
537971,0
537972,0
537973,0
537974,0
537975,0
537976,0
537977,0
537978,0
537979,0
537980,0
537981,0
537982,46
537983,0
537984,0
537985,0
537986,0
537987,0
537988,0
537989,0
537990,0
537991,0
537992,0
537993,0
537994,0
537995,0
537996,0
537997,0
537998,0
537999,0
538000,0
538001,0
538002,0
538003,0
538004,0
538005,0
538006,30
538007,0
538008,0
538009,0
538010,0
538011,0
538012,0
538013,0
538014,0
538015,0
538016,0
538017,0
538018,0
538019,43
538020,0
538021,0
538022,43
538023,0
538024,30
538025,0
538026,0
538027,0
538028,0
538029,0
538030,0
538031,0
538032,0
538033,0
538034,42
538035,0
538036,0
538037,0
538038,0
538039,0
538040,0
538041,0
538042,0
538043,0
538044,38
538045,0
538046,0
538047,0
538048,0
538049,0
538050,0
538051,0
538052,0
538053,0
538054,0
538055,0
538056,0
538057,0
538058,0
538059,0
538060,0
538061,0
538062,0
538063,0
538064,0
538065,0
538066,0
538067,0
538068,0
538069,0
538070,0
538071,0
538072,0
538073,0
538074,0
538075,0
538076,0
538077,0
538078,0
538079,0
538080,0
538081,0
538082,0
538083,0
538084,0
538085,0
538086,0
538087,0
538088,0
538089,0
538090,0
538091,0
538092,0
538093,0
538094,0
538095,0
538096,0
538097,0
538098,0
538099,0
538100,0
538101,0
538102,0
538103,0
538104,0
538105,0
538106,0
538107,0
538108,0
538109,0
538110,0
538111,0
538112,0
538113,0
538114,0
538115,0
538116,0
538117,0
538118,0
538119,0
538120,0
538121,0
538122,0
538123,0
538124,0
538125,0
538126,0
538127,0
538128,0
538129,0
538130,0
538131,0
538132,0
538133,0
538134,0
538135,0
538136,0
538137,0
538138,0
538139,0
538140,0
538141,0
538142,0
538143,0
538144,0
538145,0
538146,0
538147,0
538148,0
538149,0
538150,0
538151,0
538152,0
538153,0
538154,0
538155,0
538156,0
538157,0
538158,0
538159,0
538160,0
538161,0
538162,0
538163,0
538164,0
538165,0
538166,0
538167,0
538168,0
538169,0
538170,0
538171,0
538172,0
538173,0
538174,0
538175,0
538176,0
538177,0
538178,0
538179,0
538180,0
538181,0
538182,0
538183,0
538184,0
538185,0
538186,0
538187,0
538188,0
538189,0
538190,0
538191,0
538192,0
538193,0
538194,0
538195,0
538196,0
538197,0
538198,0
538199,0
538200,0
538201,0
538202,0
538203,0
538204,0
538205,0
538206,0
538207,0
538208,0
538209,0
538210,0
538211,0
538212,0
538213,0
538214,0
538215,0
538216,0
538217,0
538218,0
538219,0
538220,0
538221,0
538222,0
538223,0
538224,0
538225,0
538226,0
538227,0
538228,0
538229,0
538230,0
538231,0
538232,0
538233,0
538234,0
538235,0
538236,0
538237,0
538238,0
538239,0
538240,0
538241,0
538242,0
538243,0
538244,0
538245,0
538246,0
538247,1
538248,0
538249,0
538250,0
538251,0
538252,0
538253,0
538254,0
538255,0
538256,0
538257,0
538258,0
538259,0
538260,0
538261,0
538262,0
538263,0
538264,0
538265,0
538266,0
538267,0
538268,0
538269,0
538270,0
538271,0
538272,0
538273,0
538274,0
538275,0
538276,0
538277,0
538278,0
538279,0
538280,0
538281,0
538282,0
538283,0
538284,0
538285,0
538286,0
538287,0
538288,0
538289,0
538290,0
538291,0
538292,0
538293,0
538294,0
538295,0
538296,0
538297,0
538298,0
538299,0
538300,0
538301,0
538302,0
538303,0
538304,0
538305,0
538306,0
538307,0
538308,0
538309,0
538310,0
538311,0
538312,0
538313,0
538314,0
538315,0
538316,0
538317,0
538318,0
538319,0
538320,0
538321,0
538322,0
538323,0
538324,0
538325,0
538326,0
538327,0
538328,0
538329,0
538330,0
538331,0
538332,0
538333,0
538334,0
538335,0
538336,0
538337,0
538338,0
538339,0
538340,0
538341,0
538342,0
538343,0
538344,0
538345,0
538346,0
538347,0
538348,0
538349,0
538350,0
538351,0
538352,0
538353,0
538354,0
538355,0
538356,0
538357,0
538358,0
538359,0
538360,0
538361,0
538362,0
538363,0
538364,0
538365,0
538366,0
538367,0
538368,0
538369,0
538370,0
538371,0
538372,0
538373,0
538374,0
538375,0
538376,0
538377,0
538378,0
538379,0
538380,0
538381,0
538382,0
538383,0
538384,0
538385,0
538386,0
538387,0
538388,0
538389,0
538390,0
538391,0
538392,0
538393,0
538394,0
538395,0
538396,0
538397,0
538398,0
538399,0
538400,0
538401,0
538402,0
538403,0
538404,0
538405,0
538406,0
538407,0
538408,0
538409,0
538410,0
538411,0
538412,0
538413,0
538414,0
538415,0
538416,0
538417,0
538418,0
538419,0
538420,0
538421,0
538422,0
538423,0
538424,0
538425,0
538426,0
538427,0
538428,0
538429,0
538430,0
538431,0
538432,0
538433,0
538434,0
538435,0
538436,0
538437,0
538438,0
538439,0
538440,0
538441,0
538442,0
538443,0
538444,0
538445,0
538446,0
538447,0
538448,0
538449,0
538450,0
538451,0
538452,0
538453,0
538454,0
538455,0
538456,0
538457,0
538458,0
538459,0
538460,0
538461,0
538462,0
538463,0
538464,16
538465,0
538466,0
538467,0
538468,0
538469,0
538470,21
538471,0
538472,0
538473,0
538474,0
538475,0
538476,0
538477,0
538478,0
538479,0
538480,0
538481,19
538482,15
538483,0
538484,0
538485,25
538486,0
538487,0
538488,0
538489,0
538490,0
538491,0
538492,0
538493,0
538494,0
538495,0
538496,28
538497,0
538498,0
538499,0
538500,0
538501,0
538502,22
538503,20
538504,0
538505,0
538506,0
538507,0
538508,17
538509,0
538510,0
538511,0
538512,19
538513,0
538514,26
538515,0
538516,0
538517,27
538518,0
538519,0
538520,37
538521,0
538522,0
538523,15
538524,0
538525,0
538526,26
538527,0
538528,0
538529,0
538530,24
538531,0
538532,25
538533,0
538534,30
538535,0
538536,0
538537,0
538538,0
538539,0
538540,0
538541,0
538542,21
538543,0
538544,0
538545,30
538546,0
538547,0
538548,27
538549,0
538550,29
538551,0
538552,0
538553,0
538554,0
538555,0
538556,0
538557,0
538558,0
538559,26
538560,0
538561,17
538562,0
538563,0
538564,0
538565,0
538566,0
538567,20
538568,23
538569,0
538570,0
538571,0
538572,22
538573,0
538574,0
538575,21
538576,0
538577,0
538578,20
538579,0
538580,25
538581,20
538582,35
538583,0
538584,17
538585,19
538586,28
538587,37
538588,0
538589,0
538590,0
538591,0
538592,0
538593,0
538594,0
538595,0
538596,27
538597,0
538598,22
538599,25
538600,0
538601,0
538602,0
538603,0
538604,0
538605,0
538606,0
538607,0
538608,0
538609,19
538610,0
538611,0
538612,0
538613,0
538614,31
538615,0
538616,17
538617,24
538618,31
538619,0
538620,0
538621,16
538622,0
538623,0
538624,0
538625,33
538626,18
538627,0
538628,18
538629,0
538630,0
538631,0
538632,0
538633,21
538634,28
538635,0
538636,0
538637,0
538638,0
538639,18
538640,20
538641,0
538642,0
538643,0
538644,0
538645,0
538646,0
538647,0
538648,0
538649,0
538650,0
538651,0
538652,0
538653,0
538654,0
538655,26
538656,30
538657,0
538658,0
538659,0
538660,0
538661,0
538662,0
538663,0
538664,6
538665,0
538666,0
538667,0
538668,25
538669,0
538670,20
538671,0
538672,25
538673,0
538674,0
538675,23
538676,0
538677,0
538678,0
538679,18
538680,0
538681,21
538682,0
538683,0
538684,0
538685,29
538686,20
538687,0
538688,0
538689,0
538690,0
538691,0
538692,14
538693,0
538694,0
538695,0
538696,24
538697,25
538698,0
538699,0
538700,0
538701,0
538702,0
538703,0
538704,0
538705,0
538706,0
538707,0
538708,0
538709,0
538710,0
538711,0
538712,0
538713,0
538714,22
538715,25
538716,0
538717,0
538718,0
538719,0
538720,0
538721,0
538722,0
538723,16
538724,0
538725,0
538726,0
538727,0
538728,0
538729,0
538730,0
538731,22
538732,0
538733,0
538734,0
538735,0
538736,0
538737,0
538738,0
538739,25
538740,0
538741,0
538742,0
538743,0
538744,0
538745,0
538746,0
538747,0
538748,0
538749,19
538750,0
538751,0
538752,0
538753,0
538754,0
538755,0
538756,0
538757,0
538758,0
538759,0
538760,0
538761,23
538762,0
538763,0
538764,0
538765,31
538766,20
538767,0
538768,29
538769,24
538770,0
538771,0
538772,0
538773,27
538774,28
538775,0
538776,0
538777,0
538778,0
538779,0
538780,20
538781,0
538782,0
538783,0
538784,0
538785,23
538786,0
538787,23
538788,0
538789,0
538790,0
538791,0
538792,0
538793,21
538794,22
538795,0
538796,0
538797,0
538798,0
538799,0
538800,0
538801,0
538802,0
538803,0
538804,18
538805,0
538806,0
538807,0
538808,0
538809,26
538810,0
538811,0
538812,16
538813,0
538814,23
538815,30
538816,0
538817,0
538818,0
538819,0
538820,0
538821,0
538822,0
538823,0
538824,27
538825,0
538826,0
538827,0
538828,23
538829,0
538830,0
538831,0
538832,0
538833,26
538834,0
538835,0
538836,0
538837,0
538838,0
538839,30
538840,0
538841,0
538842,0
538843,0
538844,0
538845,14
538846,0
538847,27
538848,0
538849,27
538850,0
538851,0
538852,0
538853,0
538854,0
538855,19
538856,0
538857,0
538858,0
538859,0
538860,0
538861,0
538862,0
538863,0
538864,33
538865,0
538866,0
538867,0
538868,0
538869,0
538870,28
538871,0
538872,0
538873,0
538874,24
538875,0
538876,0
538877,0
538878,0
538879,0
538880,30
538881,0
538882,27
538883,0
538884,0
538885,29
538886,0
538887,0
538888,0
538889,28
538890,16
538891,0
538892,22
538893,0
538894,0
538895,0
538896,32
538897,0
538898,0
538899,0
538900,0
538901,27
538902,0
538903,0
538904,0
538905,0
538906,0
538907,0
538908,22
538909,0
538910,0
538911,16
538912,0
538913,0
538914,24
538915,0
538916,0
538917,0
538918,0
538919,0
538920,0
538921,30
538922,0
538923,28
538924,0
538925,17
538926,0
538927,0
538928,0
538929,0
538930,0
538931,22
538932,0
538933,0
538934,0
538935,0
538936,0
538937,26
538938,0
538939,0
538940,17
538941,0
538942,0
538943,0
538944,0
538945,23
538946,0
538947,28
538948,0
538949,21
538950,0
538951,0
538952,0
538953,0
538954,22
538955,0
538956,0
538957,0
538958,0
538959,0
538960,27
538961,0
538962,0
538963,0
538964,33
538965,22
538966,0
538967,0
538968,29
538969,0
538970,27
538971,0
538972,0
538973,20
538974,0
538975,26
538976,19
538977,0
538978,0
538979,0
538980,20
538981,0
538982,0
538983,0
538984,0
538985,0
538986,0
538987,23
538988,21
538989,0
538990,0
538991,0
538992,0
538993,0
538994,0
538995,35
538996,13
538997,0
538998,24
538999,0
539000,0
539001,28
539002,23
539003,0
539004,0
539005,19
539006,0
539007,0
539008,0
539009,0
539010,0
539011,0
539012,32
539013,0
539014,34
539015,28
539016,0
539017,13
539018,16
539019,23
539020,0
539021,0
539022,20
539023,0
539024,0
539025,0
539026,0
539027,27
539028,0
539029,0
539030,0
539031,24
539032,0
539033,38
539034,0
539035,20
539036,19
539037,0
539038,22
539039,29
539040,0
539041,0
539042,0
539043,19
539044,0
539045,19
539046,36
539047,18
539048,27
539049,0
539050,0
539051,0
539052,0
539053,0
539054,0
539055,0
539056,0
539057,29
539058,0
539059,29
539060,19
539061,0
539062,0
539063,0
539064,0
539065,0
539066,0
539067,0
539068,16
539069,0
539070,24
539071,0
539072,0
539073,0
539074,0
539075,0
539076,0
539077,0
539078,0
539079,31
539080,0
539081,0
539082,0
539083,0
539084,0
539085,0
539086,0
539087,0
539088,0
539089,0
539090,0
539091,21
539092,0
539093,28
539094,15
539095,24
539096,0
539097,35
539098,0
539099,29
539100,16
539101,21
539102,0
539103,0
539104,0
539105,0
539106,0
539107,15
539108,0
539109,0
539110,13
539111,20
539112,0
539113,0
539114,0
539115,0
539116,0
539117,0
539118,17
539119,0
539120,0
539121,0
539122,27
539123,0
539124,0
539125,15
539126,22
539127,18
539128,0
539129,0
539130,10
539131,0
539132,0
539133,0
539134,0
539135,0
539136,0
539137,34
539138,33
539139,0
539140,21
539141,0
539142,0
539143,15
539144,0
539145,0
539146,0
539147,20
539148,31
539149,0
539150,0
539151,24
539152,0
539153,0
539154,18
539155,0
539156,23
539157,0
539158,0
539159,0
539160,13
539161,0
539162,0
539163,22
539164,0
539165,0
539166,29
539167,0
539168,0
539169,35
539170,0
539171,32
539172,18
539173,0
539174,0
539175,0
539176,24
539177,0
539178,0
539179,24
539180,0
539181,0
539182,0
539183,0
539184,0
539185,0
539186,13
539187,0
539188,0
539189,0
539190,0
539191,23
539192,0
539193,0
539194,19
539195,0
539196,0
539197,25
539198,32
539199,0
539200,0
539201,0
539202,0
539203,18
539204,0
539205,20
539206,0
539207,18
539208,0
539209,0
539210,0
539211,0
539212,0
539213,0
539214,21
539215,31
539216,0
539217,0
539218,0
539219,0
539220,0
539221,0
539222,10
539223,0
539224,0
539225,0
539226,0
539227,31
539228,19
539229,21
539230,0
539231,0
539232,0
539233,0
539234,0
539235,0
539236,29
539237,0
539238,0
539239,0
539240,14
539241,0
539242,0
539243,0
539244,0
539245,25
539246,30
539247,0
539248,0
539249,0
539250,0
539251,0
539252,0
539253,0
539254,0
539255,23
539256,26
539257,29
539258,27
539259,0
539260,0
539261,0
539262,0
539263,42
539264,22
539265,0
539266,0
539267,0
539268,18
539269,0
539270,0
539271,21
539272,23
539273,0
539274,0
539275,0
539276,0
539277,0
539278,27
539279,0
539280,0
539281,22
539282,0
539283,0
539284,0
539285,21
539286,0
539287,0
539288,0
539289,0
539290,0
539291,0
539292,0
539293,0
539294,0
539295,0
539296,0
539297,0
539298,0
539299,0
539300,0
539301,27
539302,0
539303,0
539304,0
539305,0
539306,0
539307,23
539308,0
539309,0
539310,0
539311,19
539312,31
539313,0
539314,0
539315,0
539316,0
539317,0
539318,22
539319,0
539320,0
539321,15
539322,0
539323,0
539324,0
539325,0
539326,0
539327,29
539328,31
539329,0
539330,0
539331,22
539332,0
539333,20
539334,0
539335,0
539336,29
539337,0
539338,0
539339,0
539340,0
539341,0
539342,0
539343,0
539344,0
539345,23
539346,35
539347,16
539348,27
539349,0
539350,9
539351,0
539352,26
539353,0
539354,37
539355,20
539356,22
539357,0
539358,0
539359,0
539360,28
539361,0
539362,0
539363,0
539364,0
539365,15
539366,0
539367,0
539368,19
539369,0
539370,0
539371,0
539372,0
539373,0
539374,0
539375,0
539376,0
539377,24
539378,0
539379,0
539380,0
539381,0
539382,0
539383,0
539384,0
539385,0
539386,0
539387,0
539388,0
539389,0
539390,17
539391,12
539392,0
539393,20
539394,0
539395,0
539396,0
539397,0
539398,0
539399,36
539400,0
539401,0
539402,0
539403,0
539404,29
539405,9
539406,0
539407,0
539408,7
539409,21
539410,0
539411,36
539412,0
539413,0
539414,0
539415,42
539416,0
539417,30
539418,0
539419,0
539420,0
539421,30
539422,0
539423,0
539424,0
539425,0
539426,0
539427,0
539428,0
539429,0
539430,0
539431,0
539432,0
539433,0
539434,0
539435,7
539436,0
539437,0
539438,0
539439,0
539440,0
539441,0
539442,0
539443,0
539444,0
539445,42
539446,0
539447,0
539448,20
539449,0
539450,20
539451,29
539452,63
539453,0
539454,0
539455,0
539456,0
539457,22
539458,0
539459,0
539460,0
539461,0
539462,0
539463,0
539464,0
539465,0
539466,29
539467,0
539468,0
539469,0
539470,0
539471,0
539472,0
539473,0
539474,28
539475,0
539476,0
539477,0
539478,0
539479,0
539480,0
539481,0
539482,0
539483,0
539484,0
539485,0
539486,0
539487,0
539488,0
539489,0
539490,0
539491,0
539492,40
539493,0
539494,0
539495,0
539496,0
539497,0
539498,0
539499,45
539500,0
539501,0
539502,0
539503,0
539504,0
539505,0
539506,0
539507,0
539508,0
539509,0
539510,14
539511,0
539512,0
539513,0
539514,0
539515,0
539516,0
539517,8
539518,0
539519,0
539520,0
539521,0
539522,0
539523,0
539524,26
539525,0
539526,0
539527,0
539528,0
539529,0
539530,0
539531,0
539532,26
539533,18
539534,0
539535,0
539536,0
539537,18
539538,0
539539,0
539540,0
539541,0
539542,0
539543,0
539544,0
539545,0
539546,0
539547,0
539548,0
539549,0
539550,0
539551,0
539552,0
539553,0
539554,18
539555,0
539556,0
539557,0
539558,0
539559,0
539560,0
539561,0
539562,0
539563,0
539564,0
539565,0
539566,0
539567,31
539568,0
539569,0
539570,0
539571,0
539572,51
539573,0
539574,0
539575,0
539576,0
539577,0
539578,0
539579,55
539580,0
539581,0
539582,0
539583,0
539584,0
539585,0
539586,0
539587,0
539588,31
539589,0
539590,0
539591,0
539592,20
539593,37
539594,21
539595,0
539596,0
539597,12
539598,0
539599,0
539600,0
539601,0
539602,36
539603,17
539604,0
539605,0
539606,8
539607,0
539608,0
539609,0
539610,0
539611,21
539612,0
539613,0
539614,0
539615,45
539616,0
539617,0
539618,39
539619,0
539620,0
539621,0
539622,0
539623,0
539624,0
539625,0
539626,0
539627,12
539628,0
539629,39
539630,0
539631,0
539632,0
539633,0
539634,0
539635,0
539636,0
539637,0
539638,0
539639,0
539640,0
539641,0
539642,25
539643,0
539644,22
539645,0
539646,0
539647,0
539648,0
539649,0
539650,0
539651,0
539652,0
539653,0
539654,0
539655,0
539656,0
539657,0
539658,0
539659,0
539660,16
539661,30
539662,0
539663,0
539664,0
539665,40
539666,31
539667,0
539668,0
539669,14
539670,0
539671,0
539672,0
539673,10
539674,0
539675,0
539676,0
539677,0
539678,34
539679,0
539680,22
539681,0
539682,0
539683,0
539684,0
539685,0
539686,0
539687,0
539688,0
539689,0
539690,0
539691,0
539692,0
539693,0
539694,0
539695,0
539696,0
539697,0
539698,22
539699,0
539700,0
539701,0
539702,0
539703,0
539704,0
539705,0
539706,56
539707,0
539708,0
539709,0
539710,43
539711,46
539712,0
539713,0
539714,26
539715,0
539716,0
539717,0
539718,0
539719,0
539720,0
539721,0
539722,0
539723,0
539724,0
539725,0
539726,0
539727,0
539728,0
539729,89
539730,0
539731,0
539732,0
539733,0
539734,0
539735,49
539736,0
539737,0
539738,0
539739,0
539740,0
539741,0
539742,0
539743,0
539744,0
539745,24
539746,0
539747,13
539748,0
539749,0
539750,35
539751,0
539752,29
539753,0
539754,0
539755,0
539756,0
539757,0
539758,0
539759,0
539760,0
539761,25
539762,0
539763,0
539764,0
539765,45
539766,0
539767,0
539768,33
539769,0
539770,0
539771,0
539772,0
539773,0
539774,0
539775,0
539776,0
539777,0
539778,0
539779,0
539780,0
539781,0
539782,13
539783,0
539784,0
539785,0
539786,0
539787,0
539788,0
539789,0
539790,0
539791,25
539792,0
539793,0
539794,23
539795,0
539796,0
539797,0
539798,0
539799,0
539800,0
539801,0
539802,0
539803,0
539804,0
539805,9
539806,0
539807,0
539808,0
539809,0
539810,0
539811,43
539812,0
539813,0
539814,0
539815,0
539816,0
539817,0
539818,0
539819,0
539820,0
539821,0
539822,0
539823,0
539824,0
539825,0
539826,0
539827,0
539828,0
539829,0
539830,0
539831,0
539832,0
539833,12
539834,0
539835,0
539836,0
539837,22
539838,0
539839,0
539840,0
539841,0
539842,0
539843,0
539844,0
539845,0
539846,0
539847,0
539848,0
539849,0
539850,0
539851,0
539852,0
539853,0
539854,11
539855,0
539856,0
539857,0
539858,0
539859,27
539860,0
539861,0
539862,0
539863,21
539864,20
539865,0
539866,0
539867,0
539868,0
539869,0
539870,0
539871,0
539872,0
539873,0
539874,0
539875,0
539876,0
539877,0
539878,0
539879,0
539880,0
539881,0
539882,0
539883,0
539884,0
539885,0
539886,0
539887,0
539888,24
539889,0
539890,0
539891,0
539892,0
539893,0
539894,0
539895,0
539896,0
539897,0
539898,0
539899,0
539900,0
539901,0
539902,0
539903,0
539904,0
539905,0
539906,0
539907,0
539908,0
539909,0
539910,0
539911,0
539912,0
539913,0
539914,17
539915,0
539916,21
539917,0
539918,0
539919,0
539920,0
539921,0
539922,0
539923,0
539924,0
539925,0
539926,0
539927,0
539928,0
539929,0
539930,0
539931,0
539932,0
539933,12
539934,0
539935,0
539936,0
539937,0
539938,0
539939,0
539940,0
539941,0
539942,0
539943,0
539944,0
539945,0
539946,12
539947,0
539948,14
539949,0
539950,0
539951,0
539952,0
539953,0
539954,0
539955,0
539956,0
539957,0
539958,0
539959,0
539960,0
539961,0
539962,0
539963,0
539964,0
539965,0
539966,0
539967,0
539968,0
539969,0
539970,0
539971,0
539972,0
539973,0
539974,0
539975,0
539976,0
539977,0
539978,0
539979,0
539980,0
539981,0
539982,0
539983,0
539984,0
539985,0
539986,0
539987,0
539988,0
539989,0
539990,0
539991,0
539992,0
539993,0
539994,0
539995,0
539996,0
539997,0
539998,0
539999,0
540000,0
540001,0
540002,0
540003,0
540004,0
540005,0
540006,0
540007,28
540008,0
540009,0
540010,0
540011,12
540012,0
540013,0
540014,0
540015,0
540016,0
540017,0
540018,13
540019,0
540020,0
540021,0
540022,0
540023,0
540024,0
540025,0
540026,0
540027,0
540028,0
540029,0
540030,0
540031,0
540032,0
540033,0
540034,0
540035,0
540036,0
540037,0
540038,0
540039,0
540040,22
540041,0
540042,0
540043,0
540044,0
540045,0
540046,0
540047,18
540048,0
540049,0
540050,0
540051,10
540052,0
540053,0
540054,0
540055,0
540056,0
540057,0
540058,0
540059,0
540060,0
540061,0
540062,0
540063,0
540064,19
540065,0
540066,11
540067,0
540068,0
540069,0
540070,0
540071,0
540072,0
540073,0
540074,0
540075,0
540076,0
540077,0
540078,0
540079,0
540080,0
540081,0
540082,0
540083,16
540084,0
540085,0
540086,0
540087,11
540088,0
540089,0
540090,0
540091,0
540092,0
540093,0
540094,0
540095,0
540096,0
540097,0
540098,19
540099,0
540100,23
540101,0
540102,0
540103,0
540104,0
540105,0
540106,0
540107,0
540108,0
540109,0
540110,0
540111,0
540112,0
540113,0
540114,0
540115,0
540116,0
540117,0
540118,7
540119,0
540120,0
540121,0
540122,0
540123,0
540124,0
540125,0
540126,0
540127,0
540128,18
540129,0
540130,0
540131,0
540132,0
540133,0
540134,0
540135,0
540136,0
540137,0
540138,0
540139,17
540140,0
540141,0
540142,0
540143,0
540144,16
540145,0
540146,0
540147,0
540148,0
540149,0
540150,0
540151,0
540152,13
540153,0
540154,0
540155,0
540156,0
540157,0
540158,0
540159,0
540160,0
540161,0
540162,0
540163,0
540164,0
540165,0
540166,0
540167,0
540168,0
540169,15
540170,0
540171,0
540172,0
540173,0
540174,0
540175,0
540176,0
540177,0
540178,0
540179,0
540180,0
540181,0
540182,0
540183,0
540184,0
540185,0
540186,0
540187,0
540188,0
540189,0
540190,0
540191,0
540192,0
540193,0
540194,0
540195,0
540196,0
540197,0
540198,0
540199,0
540200,0
540201,0
540202,0
540203,0
540204,0
540205,0
540206,0
540207,15
540208,0
540209,0
540210,0
540211,0
540212,0
540213,0
540214,0
540215,0
540216,0
540217,0
540218,0
540219,0
540220,25
540221,0
540222,0
540223,0
540224,0
540225,0
540226,0
540227,0
540228,0
540229,0
540230,0
540231,0
540232,0
540233,0
540234,0
540235,19
540236,0
540237,0
540238,0
540239,0
540240,0
540241,0
540242,0
540243,0
540244,0
540245,0
540246,11
540247,10
540248,13
540249,0
540250,0
540251,0
540252,0
540253,0
540254,0
540255,0
540256,17
540257,0
540258,0
540259,0
540260,0
540261,0
540262,0
540263,0
540264,0
540265,0
540266,0
540267,0
540268,0
540269,0
540270,0
540271,0
540272,0
540273,0
540274,0
540275,0
540276,0
540277,0
540278,0
540279,0
540280,0
540281,0
540282,0
540283,0
540284,0
540285,0
540286,0
540287,0
540288,0
540289,0
540290,0
540291,0
540292,0
540293,0
540294,0
540295,0
540296,16
540297,0
540298,0
540299,0
540300,0
540301,0
540302,0
540303,0
540304,0
540305,0
540306,0
540307,0
540308,0
540309,0
540310,0
540311,0
540312,0
540313,0
540314,0
540315,0
540316,0
540317,0
540318,0
540319,0
540320,0
540321,0
540322,0
540323,0
540324,0
540325,0
540326,0
540327,0
540328,0
540329,0
540330,0
540331,0
540332,0
540333,0
540334,0
540335,0
540336,0
540337,0
540338,0
540339,0
540340,0
540341,0
540342,0
540343,0
540344,0
540345,0
540346,0
540347,0
540348,0
540349,0
540350,0
540351,0
540352,0
540353,0
540354,0
540355,0
540356,0
540357,19
540358,10
540359,0
540360,0
540361,0
540362,0
540363,0
540364,0
540365,0
540366,0
540367,14
540368,0
540369,0
540370,0
540371,0
540372,0
540373,0
540374,0
540375,0
540376,0
540377,0
540378,0
540379,0
540380,0
540381,0
540382,0
540383,0
540384,25
540385,0
540386,0
540387,0
540388,0
540389,0
540390,0
540391,0
540392,0
540393,0
540394,0
540395,0
540396,0
540397,0
540398,0
540399,0
540400,0
540401,0
540402,0
540403,0
540404,0
540405,0
540406,0
540407,0
540408,0
540409,0
540410,0
540411,0
540412,0
540413,0
540414,0
540415,0
540416,0
540417,0
540418,0
540419,0
540420,0
540421,23
540422,0
540423,0
540424,0
540425,0
540426,0
540427,0
540428,0
540429,0
540430,0
540431,0
540432,0
540433,0
540434,10
540435,0
540436,0
540437,0
540438,0
540439,0
540440,3
540441,0
540442,1
540443,0
540444,0
540445,0
540446,0
540447,0
540448,2
540449,0
540450,0
540451,0
540452,3
540453,0
540454,0
540455,0
540456,4
540457,0
540458,2
540459,1
540460,0
540461,1
540462,0
540463,0
540464,0
540465,0
540466,0
540467,0
540468,0
540469,0
540470,4
540471,0
540472,0
540473,0
540474,0
540475,4
540476,0
540477,4
540478,0
540479,0
540480,0
540481,0
540482,0
540483,0
540484,0
540485,0
540486,0
540487,0
540488,0
540489,0
540490,0
540491,0
540492,0
540493,0
540494,0
540495,0
540496,0
540497,1
540498,4
540499,0
540500,0
540501,0
540502,0
540503,0
540504,0
540505,5
540506,0
540507,0
540508,0
540509,3
540510,2
540511,0
540512,0
540513,0
540514,0
540515,0
540516,0
540517,0
540518,0
540519,0
540520,0
540521,0
540522,0
540523,0
540524,0
540525,3
540526,0
540527,0
540528,0
540529,2
540530,0
540531,0
540532,0
540533,0
540534,0
540535,0
540536,3
540537,0
540538,0
540539,0
540540,0
540541,0
540542,0
540543,0
540544,0
540545,0
540546,1
540547,0
540548,0
540549,1
540550,0
540551,4
540552,0
540553,0
540554,0
540555,0
540556,0
540557,0
540558,0
540559,0
540560,0
540561,0
540562,0
540563,0
540564,2
540565,0
540566,0
540567,0
540568,0
540569,0
540570,0
540571,2
540572,0
540573,0
540574,0
540575,0
540576,0
540577,0
540578,0
540579,0
540580,0
540581,0
540582,0
540583,4
540584,0
540585,0
540586,0
540587,0
540588,4
540589,0
540590,0
540591,0
540592,0
540593,0
540594,0
540595,0
540596,3
540597,0
540598,5
540599,0
540600,0
540601,0
540602,0
540603,0
540604,5
540605,0
540606,0
540607,4
540608,0
540609,5
540610,0
540611,0
540612,0
540613,0
540614,0
540615,0
540616,0
540617,0
540618,0
540619,0
540620,0
540621,0
540622,2
540623,0
540624,0
540625,0
540626,0
540627,0
540628,0
540629,0
540630,0
540631,0
540632,0
540633,0
540634,0
540635,0
540636,0
540637,0
540638,0
540639,0
540640,1
540641,0
540642,3
540643,0
540644,0
540645,0
540646,0
540647,0
540648,6
540649,0
540650,0
540651,0
540652,0
540653,3
540654,0
540655,0
540656,2
540657,0
540658,0
540659,0
540660,0
540661,0
540662,0
540663,0
540664,0
540665,0
540666,0
540667,0
540668,0
540669,0
540670,0
540671,0
540672,0
540673,0
540674,0
540675,0
540676,0
540677,0
540678,0
540679,0
540680,0
540681,0
540682,0
540683,0
540684,0
540685,0
540686,0
540687,0
540688,2
540689,0
540690,0
540691,3
540692,0
540693,0
540694,0
540695,0
540696,0
540697,0
540698,0
540699,0
540700,0
540701,0
540702,2
540703,0
540704,0
540705,0
540706,0
540707,0
540708,0
540709,0
540710,2
540711,0
540712,0
540713,0
540714,0
540715,0
540716,0
540717,0
540718,0
540719,0
540720,1
540721,0
540722,0
540723,0
540724,0
540725,0
540726,0
540727,0
540728,0
540729,5
540730,0
540731,0
540732,0
540733,0
540734,0
540735,4
540736,2
540737,0
540738,0
540739,0
540740,0
540741,0
540742,0
540743,0
540744,1
540745,0
540746,0
540747,0
540748,1
540749,3
540750,0
540751,0
540752,0
540753,1
540754,0
540755,0
540756,0
540757,1
540758,0
540759,3
540760,0
540761,0
540762,0
540763,0
540764,0
540765,0
540766,0
540767,0
540768,0
540769,2
540770,0
540771,0
540772,5
540773,3
540774,0
540775,0
540776,0
540777,0
540778,4
540779,0
540780,5
540781,0
540782,1
540783,0
540784,0
540785,0
540786,0
540787,0
540788,0
540789,0
540790,0
540791,0
540792,0
540793,0
540794,0
540795,0
540796,2
540797,0
540798,2
540799,0
540800,0
540801,0
540802,0
540803,0
540804,0
540805,0
540806,0
540807,0
540808,0
540809,0
540810,0
540811,1
540812,0
540813,4
540814,1
540815,0
540816,0
540817,1
540818,4
540819,0
540820,0
540821,0
540822,1
540823,0
540824,0
540825,0
540826,0
540827,3
540828,0
540829,0
540830,0
540831,0
540832,0
540833,0
540834,0
540835,0
540836,0
540837,0
540838,0
540839,0
540840,0
540841,0
540842,0
540843,0
540844,0
540845,0
540846,0
540847,0
540848,0
540849,0
540850,0
540851,5
540852,0
540853,0
540854,2
540855,0
540856,0
540857,0
540858,0
540859,0
540860,0
540861,0
540862,0
540863,5
540864,0
540865,0
540866,5
540867,0
540868,0
540869,0
540870,0
540871,1
540872,0
540873,0
540874,0
540875,0
540876,0
540877,0
540878,5
540879,0
540880,0
540881,5
540882,0
540883,0
540884,0
540885,0
540886,0
540887,3
540888,0
540889,0
540890,0
540891,0
540892,0
540893,0
540894,0
540895,0
540896,0
540897,0
540898,0
540899,0
540900,0
540901,0
540902,0
540903,0
540904,0
540905,0
540906,0
540907,0
540908,0
540909,0
540910,0
540911,0
540912,0
540913,0
540914,0
540915,0
540916,0
540917,0
540918,0
540919,0
540920,0
540921,0
540922,0
540923,0
540924,0
540925,0
540926,0
540927,0
540928,0
540929,0
540930,0
540931,0
540932,0
540933,0
540934,0
540935,0
540936,0
540937,0
540938,0
540939,0
540940,0
540941,0
540942,0
540943,0
540944,0
540945,0
540946,0
540947,0
540948,0
540949,0
540950,0
540951,0
540952,0
540953,0
540954,0
540955,0
540956,0
540957,0
540958,0
540959,0
540960,0
540961,0
540962,0
540963,0
540964,0
540965,0
540966,0
540967,0
540968,0
540969,0
540970,0
540971,0
540972,0
540973,0
540974,0
540975,0
540976,0
540977,0
540978,0
540979,0
540980,0
540981,0
540982,0
540983,0
540984,0
540985,0
540986,0
540987,0
540988,0
540989,0
540990,0
540991,0
540992,0
540993,0
540994,0
540995,0
540996,0
540997,0
540998,0
540999,0
541000,0
541001,0
541002,0
541003,0
541004,0
541005,0
541006,0
541007,0
541008,0
541009,0
541010,0
541011,0
541012,0
541013,0
541014,0
541015,0
541016,0
541017,0
541018,0
541019,1
541020,0
541021,0
541022,0
541023,0
541024,0
541025,0
541026,0
541027,0
541028,0
541029,0
541030,0
541031,0
541032,0
541033,0
541034,0
541035,0
541036,0
541037,0
541038,0
541039,0
541040,0
541041,0
541042,0
541043,0
541044,0
541045,0
541046,0
541047,0
541048,0
541049,0
541050,0
541051,0
541052,0
541053,0
541054,0
541055,0
541056,0
541057,0
541058,0
541059,0
541060,0
541061,0
541062,0
541063,0
541064,0
541065,0
541066,0
541067,0
541068,0
541069,0
541070,0
541071,0
541072,0
541073,0
541074,0
541075,0
541076,0
541077,0
541078,0
541079,0
541080,0
541081,0
541082,0
541083,0
541084,0
541085,0
541086,0
541087,0
541088,0
541089,0
541090,0
541091,0
541092,0
541093,0
541094,0
541095,0
541096,0
541097,0
541098,0
541099,0
541100,0
541101,0
541102,0
541103,0
541104,0
541105,0
541106,0
541107,0
541108,0
541109,0
541110,0
541111,0
541112,0
541113,0
541114,0
541115,0
541116,0
541117,0
541118,0
541119,0
541120,0
541121,0
541122,0
541123,0
541124,0
541125,0
541126,0
541127,0
541128,0
541129,0
541130,0
541131,0
541132,0
541133,0
541134,0
541135,0
541136,0
541137,0
541138,0
541139,0
541140,0
541141,0
541142,0
541143,0
541144,0
541145,0
541146,0
541147,0
541148,0
541149,0
541150,0
541151,0
541152,0
541153,0
541154,0
541155,0
541156,0
541157,0
541158,0
541159,0
541160,0
541161,0
541162,0
541163,0
541164,0
541165,0
541166,0
541167,0
541168,0
541169,0
541170,0
541171,0
541172,0
541173,0
541174,0
541175,0
541176,0
541177,0
541178,0
541179,0
541180,0
541181,1
541182,0
541183,0
541184,0
541185,0
541186,0
541187,0
541188,0
541189,0
541190,0
541191,0
541192,0
541193,0
541194,0
541195,0
541196,0
541197,0
541198,0
541199,0
541200,0
541201,0
541202,0
541203,0
541204,0
541205,0
541206,0
541207,0
541208,0
541209,0
541210,0
541211,0
541212,0
541213,0
541214,0
541215,0
541216,0
541217,0
541218,0
541219,0
541220,0
541221,0
541222,0
541223,0
541224,0
541225,0
541226,0
541227,0
541228,0
541229,0
541230,0
541231,0
541232,0
541233,0
541234,0
541235,0
541236,0
541237,0
541238,0
541239,0
541240,0
541241,0
541242,0
541243,0
541244,0
541245,0
541246,0
541247,0
541248,0
541249,0
541250,0
541251,0
541252,0
541253,0
541254,0
541255,0
541256,0
541257,0
541258,0
541259,0
541260,0
541261,0
541262,0
541263,0
541264,0
541265,0
541266,0
541267,0
541268,0
541269,0
541270,0
541271,0
541272,0
541273,0
541274,0
541275,0
541276,0
541277,0
541278,0
541279,0
541280,0
541281,0
541282,0
541283,0
541284,0
541285,0
541286,0
541287,0
541288,0
541289,0
541290,0
541291,0
541292,0
541293,0
541294,0
541295,0
541296,0
541297,0
541298,0
541299,0
541300,0
541301,0
541302,0
541303,0
541304,0
541305,0
541306,0
541307,0
541308,0
541309,0
541310,0
541311,0
541312,0
541313,0
541314,0
541315,0
541316,0
541317,0
541318,0
541319,0
541320,0
541321,0
541322,0
541323,0
541324,0
541325,0
541326,0
541327,0
541328,0
541329,0
541330,0
541331,0
541332,0
541333,0
541334,0
541335,0
541336,0
541337,0
541338,0
541339,0
541340,0
541341,0
541342,0
541343,0
541344,0
541345,0
541346,0
541347,0
541348,0
541349,0
541350,0
541351,0
541352,0
541353,0
541354,0
541355,0
541356,0
541357,0
541358,0
541359,34
541360,0
541361,24
541362,0
541363,0
541364,0
541365,23
541366,0
541367,0
541368,0
541369,0
541370,0
541371,0
541372,0
541373,0
541374,23
541375,20
541376,0
541377,0
541378,0
541379,0
541380,0
541381,0
541382,0
541383,0
541384,39
541385,0
541386,0
541387,0
541388,0
541389,27
541390,0
541391,0
541392,0
541393,0
541394,0
541395,0
541396,0
541397,0
541398,0
541399,23
541400,42
541401,26
541402,26
541403,27
541404,32
541405,0
541406,0
541407,0
541408,0
541409,0
541410,29
541411,0
541412,38
541413,29
541414,26
541415,0
541416,0
541417,0
541418,33
541419,25
541420,0
541421,31
541422,0
541423,0
541424,0
541425,0
541426,0
541427,24
541428,0
541429,0
541430,25
541431,0
541432,0
541433,33
541434,19
541435,0
541436,28
541437,0
541438,18
541439,0
541440,0
541441,0
541442,0
541443,0
541444,0
541445,22
541446,0
541447,30
541448,0
541449,0
541450,35
541451,0
541452,0
541453,0
541454,0
541455,0
541456,0
541457,0
541458,0
541459,0
541460,0
541461,0
541462,0
541463,38
541464,0
541465,0
541466,0
541467,34
541468,0
541469,0
541470,25
541471,0
541472,0
541473,30
541474,16
541475,0
541476,0
541477,0
541478,0
541479,30
541480,0
541481,0
541482,0
541483,0
541484,0
541485,0
541486,0
541487,0
541488,0
541489,0
541490,0
541491,0
541492,0
541493,0
541494,18
541495,22
541496,0
541497,0
541498,0
541499,0
541500,32
541501,0
541502,0
541503,0
541504,0
541505,0
541506,0
541507,28
541508,0
541509,18
541510,0
541511,29
541512,31
541513,0
541514,0
541515,24
541516,0
541517,0
541518,0
541519,0
541520,30
541521,0
541522,0
541523,0
541524,0
541525,0
541526,0
541527,34
541528,0
541529,0
541530,0
541531,0
541532,25
541533,0
541534,37
541535,0
541536,0
541537,0
541538,20
541539,0
541540,0
541541,0
541542,0
541543,24
541544,0
541545,0
541546,27
541547,31
541548,0
541549,0
541550,0
541551,0
541552,0
541553,0
541554,21
541555,0
541556,0
541557,0
541558,0
541559,0
541560,0
541561,0
541562,31
541563,0
541564,0
541565,0
541566,0
541567,0
541568,0
541569,0
541570,0
541571,0
541572,0
541573,0
541574,22
541575,0
541576,0
541577,0
541578,0
541579,0
541580,0
541581,0
541582,0
541583,0
541584,0
541585,29
541586,0
541587,0
541588,0
541589,24
541590,0
541591,27
541592,40
541593,0
541594,0
541595,0
541596,0
541597,0
541598,0
541599,0
541600,0
541601,0
541602,0
541603,0
541604,0
541605,0
541606,0
541607,0
541608,0
541609,26
541610,0
541611,0
541612,29
541613,0
541614,26
541615,0
541616,0
541617,27
541618,0
541619,0
541620,0
541621,0
541622,33
541623,0
541624,38
541625,24
541626,29
541627,0
541628,0
541629,22
541630,0
541631,0
541632,0
541633,0
541634,37
541635,0
541636,0
541637,30
541638,0
541639,0
541640,0
541641,0
541642,0
541643,0
541644,0
541645,0
541646,0
541647,0
541648,0
541649,0
541650,0
541651,0
541652,0
541653,0
541654,0
541655,0
541656,0
541657,0
541658,0
541659,28
541660,0
541661,0
541662,0
541663,0
541664,30
541665,0
541666,0
541667,0
541668,0
541669,0
541670,0
541671,0
541672,0
541673,0
541674,33
541675,0
541676,21
541677,0
541678,24
541679,0
541680,25
541681,0
541682,0
541683,0
541684,35
541685,0
541686,0
541687,0
541688,0
541689,40
541690,0
541691,0
541692,0
541693,0
541694,0
541695,0
541696,0
541697,0
541698,0
541699,0
541700,31
541701,18
541702,0
541703,26
541704,0
541705,0
541706,0
541707,0
541708,0
541709,25
541710,34
541711,0
541712,20
541713,0
541714,0
541715,0
541716,29
541717,0
541718,0
541719,0
541720,0
541721,0
541722,0
541723,0
541724,39
541725,0
541726,0
541727,25
541728,0
541729,0
541730,0
541731,0
541732,0
541733,0
541734,0
541735,0
541736,0
541737,0
541738,33
541739,0
541740,0
541741,0
541742,30
541743,33
541744,0
541745,0
541746,21
541747,0
541748,0
541749,0
541750,0
541751,0
541752,0
541753,0
541754,0
541755,0
541756,0
541757,0
541758,0
541759,0
541760,16
541761,0
541762,0
541763,0
541764,0
541765,0
541766,0
541767,0
541768,0
541769,0
541770,0
541771,0
541772,0
541773,0
541774,0
541775,0
541776,22
541777,0
541778,30
541779,0
541780,0
541781,0
541782,24
541783,0
541784,18
541785,0
541786,0
541787,0
541788,0
541789,0
541790,0
541791,0
541792,0
541793,0
541794,0
541795,0
541796,0
541797,31
541798,0
541799,0
541800,0
541801,0
541802,0
541803,34
541804,0
541805,0
541806,0
541807,0
541808,0
541809,0
541810,0
541811,0
541812,0
541813,0
541814,26
541815,28
541816,24
541817,0
541818,34
541819,0
541820,20
541821,0
541822,31
541823,0
541824,0
541825,34
541826,0
541827,21
541828,0
541829,0
541830,0
541831,0
541832,0
541833,0
541834,0
541835,0
541836,0
541837,0
541838,0
541839,0
541840,0
541841,0
541842,32
541843,0
541844,0
541845,30
541846,0
541847,0
541848,0
541849,0
541850,0
541851,0
541852,0
541853,0
541854,0
541855,0
541856,0
541857,20
541858,0
541859,0
541860,35
541861,40
541862,0
541863,0
541864,0
541865,0
541866,0
541867,0
541868,0
541869,38
541870,30
541871,0
541872,23
541873,0
541874,0
541875,0
541876,0
541877,28
541878,29
541879,0
541880,26
541881,21
541882,30
541883,0
541884,27
541885,0
541886,20
541887,0
541888,0
541889,0
541890,0
541891,0
541892,34
541893,0
541894,0
541895,0
541896,0
541897,28
541898,0
541899,0
541900,23
541901,0
541902,0
541903,0
541904,0
541905,0
541906,0
541907,0
541908,0
541909,0
541910,23
541911,0
541912,0
541913,0
541914,0
541915,24
541916,17
541917,0
541918,0
541919,0
541920,0
541921,0
541922,0
541923,0
541924,0
541925,0
541926,0
541927,0
541928,0
541929,0
541930,0
541931,0
541932,0
541933,0
541934,0
541935,0
541936,0
541937,0
541938,0
541939,0
541940,0
541941,0
541942,0
541943,0
541944,0
541945,0
541946,0
541947,31
541948,37
541949,0
541950,30
541951,0
541952,0
541953,0
541954,0
541955,0
541956,0
541957,0
541958,0
541959,0
541960,0
541961,0
541962,0
541963,0
541964,0
541965,0
541966,0
541967,0
541968,39
541969,0
541970,0
541971,0
541972,0
541973,0
541974,0
541975,0
541976,27
541977,0
541978,0
541979,0
541980,0
541981,0
541982,33
541983,0
541984,38
541985,0
541986,0
541987,29
541988,0
541989,0
541990,0
541991,0
541992,0
541993,0
541994,0
541995,0
541996,0
541997,0
541998,0
541999,0
542000,0
542001,0
542002,33
542003,0
542004,0
542005,0
542006,24
542007,0
542008,0
542009,0
542010,0
542011,0
542012,0
542013,0
542014,0
542015,0
542016,0
542017,34
542018,26
542019,0
542020,0
542021,0
542022,0
542023,0
542024,0
542025,0
542026,0
542027,0
542028,0
542029,0
542030,0
542031,0
542032,23
542033,0
542034,24
542035,0
542036,0
542037,0
542038,0
542039,0
542040,0
542041,31
542042,17
542043,0
542044,0
542045,28
542046,0
542047,0
542048,0
542049,0
542050,0
542051,0
542052,0
542053,37
542054,0
542055,0
542056,0
542057,0
542058,37
542059,0
542060,0
542061,0
542062,0
542063,0
542064,0
542065,0
542066,0
542067,0
542068,0
542069,0
542070,0
542071,0
542072,0
542073,0
542074,0
542075,0
542076,0
542077,0
542078,0
542079,0
542080,0
542081,0
542082,0
542083,0
542084,0
542085,0
542086,0
542087,0
542088,0
542089,0
542090,0
542091,0
542092,0
542093,0
542094,0
542095,0
542096,0
542097,0
542098,0
542099,0
542100,0
542101,0
542102,0
542103,0
542104,0
542105,0
542106,0
542107,0
542108,0
542109,0
542110,0
542111,0
542112,0
542113,0
542114,0
542115,0
542116,0
542117,0
542118,0
542119,0
542120,0
542121,0
542122,0
542123,0
542124,0
542125,0
542126,0
542127,0
542128,0
542129,1
542130,0
542131,0
542132,0
542133,0
542134,0
542135,0
542136,0
542137,0
542138,0
542139,0
542140,0
542141,0
542142,0
542143,0
542144,0
542145,0
542146,0
542147,0
542148,0
542149,0
542150,0
542151,0
542152,0
542153,0
542154,0
542155,0
542156,0
542157,0
542158,0
542159,0
542160,0
542161,0
542162,0
542163,0
542164,0
542165,0
542166,0
542167,0
542168,0
542169,0
542170,0
542171,0
542172,0
542173,0
542174,0
542175,0
542176,0
542177,0
542178,0
542179,0
542180,0
542181,0
542182,0
542183,0
542184,0
542185,0
542186,0
542187,0
542188,0
542189,0
542190,0
542191,0
542192,0
542193,0
542194,0
542195,0
542196,0
542197,0
542198,0
542199,0
542200,0
542201,0
542202,0
542203,0
542204,0
542205,0
542206,0
542207,0
542208,0
542209,0
542210,0
542211,0
542212,0
542213,0
542214,0
542215,0
542216,0
542217,0
542218,0
542219,0
542220,0
542221,0
542222,0
542223,0
542224,0
542225,0
542226,0
542227,0
542228,0
542229,0
542230,0
542231,0
542232,0
542233,0
542234,0
542235,0
542236,0
542237,0
542238,0
542239,0
542240,0
542241,0
542242,0
542243,0
542244,0
542245,0
542246,0
542247,0
542248,0
542249,0
542250,0
542251,0
542252,0
542253,0
542254,0
542255,0
542256,0
542257,0
542258,0
542259,0
542260,0
542261,0
542262,0
542263,0
542264,0
542265,0
542266,0
542267,0
542268,0
542269,0
542270,0
542271,0
542272,0
542273,0
542274,0
542275,0
542276,0
542277,0
542278,0
542279,0
542280,0
542281,0
542282,0
542283,0
542284,0
542285,0
542286,0
542287,0
542288,0
542289,0
542290,0
542291,0
542292,0
542293,0
542294,0
542295,0
542296,0
542297,0
542298,0
542299,0
542300,0
542301,0
542302,0
542303,0
542304,0
542305,0
542306,0
542307,0
542308,0
542309,0
542310,0
542311,0
542312,0
542313,0
542314,0
542315,0
542316,0
542317,0
542318,0
542319,0
542320,0
542321,0
542322,0
542323,0
542324,0
542325,0
542326,0
542327,0
542328,0
542329,0
542330,0
542331,0
542332,0
542333,0
542334,0
542335,0
542336,0
542337,0
542338,0
542339,0
542340,0
542341,0
542342,0
542343,0
542344,0
542345,0
542346,0
542347,0
542348,0
542349,0
542350,0
542351,0
542352,0
542353,0
542354,0
542355,0
542356,0
542357,0
542358,0
542359,0
542360,0
542361,0
542362,0
542363,0
542364,0
542365,0
542366,0
542367,0
542368,0
542369,0
542370,0
542371,0
542372,0
542373,0
542374,0
542375,0
542376,0
542377,0
542378,0
542379,0
542380,0
542381,0
542382,0
542383,0
542384,0
542385,0
542386,0
542387,0
542388,0
542389,0
542390,0
542391,0
542392,0
542393,0
542394,0
542395,0
542396,0
542397,0
542398,0
542399,0
542400,0
542401,0
542402,0
542403,0
542404,0
542405,0
542406,0
542407,0
542408,0
542409,0
542410,0
542411,0
542412,0
542413,0
542414,0
542415,0
542416,0
542417,0
542418,0
542419,0
542420,0
542421,0
542422,0
542423,0
542424,0
542425,0
542426,0
542427,0
542428,0
542429,0
542430,0
542431,0
542432,0
542433,1
542434,0
542435,0
542436,0
542437,0
542438,0
542439,0
542440,0
542441,0
542442,0
542443,0
542444,0
542445,0
542446,0
542447,0
542448,0
542449,0
542450,0
542451,0
542452,0
542453,0
542454,0
542455,1
542456,0
542457,0
542458,0
542459,0
542460,0
542461,0
542462,0
542463,0
542464,0
542465,0
542466,0
542467,0
542468,0
542469,0
542470,0
542471,0
542472,0
542473,0
542474,0
542475,0
542476,0
542477,0
542478,0
542479,0
542480,0
542481,0
542482,0
542483,0
542484,0
542485,0
542486,0
542487,1
542488,0
542489,0
542490,0
542491,1
542492,0
542493,0
542494,0
542495,0
542496,0
542497,0
542498,0
542499,0
542500,0
542501,0
542502,0
542503,0
542504,0
542505,0
542506,0
542507,0
542508,0
542509,0
542510,0
542511,0
542512,0
542513,0
542514,0
542515,0
542516,0
542517,0
542518,0
542519,0
542520,0
542521,0
542522,0
542523,0
542524,0
542525,0
542526,0
542527,0
542528,0
542529,0
542530,0
542531,0
542532,0
542533,0
542534,0
542535,0
542536,0
542537,0
542538,0
542539,0
542540,0
542541,0
542542,0
542543,0
542544,0
542545,0
542546,0
542547,0
542548,0
542549,0
542550,0
542551,0
542552,0
542553,0
542554,0
542555,0
542556,0
542557,0
542558,0
542559,0
542560,0
542561,0
542562,0
542563,0
542564,0
542565,0
542566,0
542567,1
542568,0
542569,0
542570,0
542571,0
542572,0
542573,0
542574,0
542575,0
542576,0
542577,0
542578,0
542579,0
542580,0
542581,0
542582,0
542583,0
542584,0
542585,0
542586,0
542587,0
542588,0
542589,0
542590,0
542591,0
542592,0
542593,0
542594,0
542595,0
542596,0
542597,0
542598,1
542599,0
542600,0
542601,0
542602,0
542603,0
542604,0
542605,0
542606,0
542607,0
542608,0
542609,0
542610,0
542611,0
542612,0
542613,0
542614,0
542615,0
542616,0
542617,0
542618,0
542619,0
542620,0
542621,0
542622,0
542623,0
542624,0
542625,0
542626,0
542627,0
542628,0
542629,0
542630,0
542631,0
542632,0
542633,0
542634,0
542635,0
542636,0
542637,0
542638,0
542639,0
542640,0
542641,0
542642,0
542643,0
542644,0
542645,0
542646,0
542647,0
542648,0
542649,0
542650,0
542651,0
542652,0
542653,0
542654,0
542655,0
542656,0
542657,0
542658,0
542659,0
542660,0
542661,0
542662,0
542663,0
542664,0
542665,0
542666,0
542667,0
542668,0
542669,0
542670,0
542671,0
542672,0
542673,0
542674,0
542675,0
542676,0
542677,0
542678,0
542679,0
542680,0
542681,0
542682,0
542683,0
542684,0
542685,1
542686,0
542687,0
542688,0
542689,0
542690,0
542691,0
542692,0
542693,0
542694,0
542695,0
542696,0
542697,0
542698,0
542699,0
542700,0
542701,0
542702,0
542703,0
542704,0
542705,0
542706,0
542707,0
542708,0
542709,0
542710,0
542711,0
542712,0
542713,0
542714,0
542715,0
542716,0
542717,0
542718,0
542719,0
542720,0
542721,0
542722,0
542723,0
542724,0
542725,0
542726,0
542727,1
542728,0
542729,0
542730,0
542731,0
542732,0
542733,0
542734,0
542735,0
542736,0
542737,0
542738,0
542739,0
542740,0
542741,0
542742,0
542743,0
542744,0
542745,0
542746,0
542747,0
542748,0
542749,0
542750,0
542751,0
542752,0
542753,0
542754,0
542755,0
542756,0
542757,0
542758,0
542759,0
542760,0
542761,0
542762,0
542763,0
542764,0
542765,0
542766,0
542767,0
542768,0
542769,0
542770,0
542771,0
542772,0
542773,0
542774,0
542775,0
542776,0
542777,0
542778,0
542779,0
542780,0
542781,0
542782,0
542783,0
542784,0
542785,0
542786,0
542787,0
542788,0
542789,0
542790,0
542791,0
542792,0
542793,0
542794,0
542795,0
542796,0
542797,0
542798,0
542799,0
542800,0
542801,0
542802,0
542803,0
542804,0
542805,0
542806,0
542807,0
542808,0
542809,0
542810,0
542811,0
542812,0
542813,0
542814,0
542815,0
542816,0
542817,0
542818,0
542819,0
542820,0
542821,0
542822,0
542823,0
542824,0
542825,0
542826,0
542827,0
542828,0
542829,0
542830,0
542831,0
542832,0
542833,0
542834,0
542835,0
542836,0
542837,0
542838,0
542839,0
542840,0
542841,0
542842,0
542843,0
542844,0
542845,0
542846,0
542847,0
542848,0
542849,0
542850,0
542851,0
542852,0
542853,0
542854,0
542855,0
542856,0
542857,0
542858,0
542859,0
542860,0
542861,0
542862,0
542863,0
542864,0
542865,0
542866,0
542867,0
542868,0
542869,0
542870,0
542871,0
542872,0
542873,0
542874,0
542875,0
542876,0
542877,0
542878,0
542879,0
542880,0
542881,0
542882,0
542883,0
542884,0
542885,0
542886,0
542887,0
542888,0
542889,0
542890,0
542891,0
542892,0
542893,0
542894,0
542895,0
542896,0
542897,0
542898,0
542899,0
542900,0
542901,0
542902,0
542903,0
542904,0
542905,0
542906,1
542907,0
542908,0
542909,0
542910,0
542911,0
542912,0
542913,0
542914,0
542915,0
542916,0
542917,0
542918,0
542919,0
542920,0
542921,0
542922,0
542923,0
542924,0
542925,0
542926,0
542927,0
542928,0
542929,0
542930,0
542931,0
542932,0
542933,0
542934,0
542935,0
542936,0
542937,0
542938,0
542939,0
542940,0
542941,0
542942,0
542943,0
542944,0
542945,0
542946,0
542947,0
542948,0
542949,0
542950,0
542951,0
542952,0
542953,0
542954,0
542955,0
542956,0
542957,0
542958,0
542959,0
542960,0
542961,0
542962,0
542963,0
542964,0
542965,0
542966,0
542967,0
542968,0
542969,0
542970,0
542971,0
542972,0
542973,0
542974,0
542975,0
542976,0
542977,0
542978,0
542979,0
542980,0
542981,0
542982,0
542983,0
542984,0
542985,0
542986,0
542987,0
542988,0
542989,0
542990,0
542991,0
542992,0
542993,0
542994,0
542995,0
542996,0
542997,0
542998,0
542999,0
543000,0
543001,0
543002,0
543003,0
543004,0
543005,0
543006,0
543007,0
543008,0
543009,0
543010,0
543011,0
543012,0
543013,0
543014,0
543015,0
543016,0
543017,0
543018,0
543019,0
543020,0
543021,0
543022,0
543023,0
543024,0
543025,0
543026,0
543027,0
543028,0
543029,0
543030,0
543031,0
543032,0
543033,0
543034,0
543035,0
543036,1
543037,0
543038,0
543039,0
543040,0
543041,0
543042,0
543043,0
543044,0
543045,0
543046,0
543047,0
543048,0
543049,0
543050,0
543051,0
543052,0
543053,0
543054,0
543055,0
543056,0
543057,0
543058,0
543059,0
543060,0
543061,0
543062,0
543063,0
543064,0
543065,0
543066,0
543067,0
543068,0
543069,0
543070,0
543071,0
543072,0
543073,0
543074,0
543075,0
543076,0
543077,0
543078,0
543079,0
543080,0
543081,0
543082,0
543083,0
543084,0
543085,0
543086,0
543087,0
543088,0
543089,0
543090,0
543091,0
543092,0
543093,0
543094,0
543095,0
543096,0
543097,0
543098,0
543099,0
543100,0
543101,0
543102,0
543103,0
543104,0
543105,0
543106,0
543107,0
543108,0
543109,0
543110,0
543111,0
543112,0
543113,0
543114,0
543115,0
543116,0
543117,0
543118,0
543119,0
543120,0
543121,0
543122,0
543123,0
543124,0
543125,0
543126,0
543127,0
543128,0
543129,0
543130,0
543131,0
543132,0
543133,0
543134,0
543135,0
543136,0
543137,0
543138,0
543139,0
543140,0
543141,0
543142,0
543143,0
543144,0
543145,0
543146,0
543147,0
543148,0
543149,0
543150,0
543151,0
543152,0
543153,0
543154,0
543155,0
543156,0
543157,0
543158,0
543159,0
543160,0
543161,0
543162,0
543163,0
543164,0
543165,0
543166,0
543167,0
543168,0
543169,0
543170,0
543171,0
543172,0
543173,0
543174,0
543175,0
543176,0
543177,0
543178,0
543179,0
543180,0
543181,0
543182,0
543183,0
543184,0
543185,0
543186,0
543187,0
543188,0
543189,0
543190,0
543191,0
543192,0
543193,0
543194,0
543195,0
543196,0
543197,0
543198,0
543199,0
543200,0
543201,0
543202,0
543203,0
543204,0
543205,0
543206,0
543207,0
543208,0
543209,0
543210,0
543211,0
543212,0
543213,0
543214,0
543215,0
543216,0
543217,0
543218,0
543219,0
543220,0
543221,0
543222,0
543223,0
543224,0
543225,0
543226,0
543227,0
543228,0
543229,0
543230,1
543231,0
543232,0
543233,0
543234,0
543235,0
543236,0
543237,0
543238,0
543239,0
543240,0
543241,0
543242,0
543243,0
543244,0
543245,0
543246,0
543247,0
543248,0
543249,0
543250,0
543251,0
543252,0
543253,0
543254,0
543255,0
543256,0
543257,0
543258,0
543259,0
543260,0
543261,0
543262,0
543263,0
543264,0
543265,0
543266,0
543267,0
543268,0
543269,0
543270,0
543271,0
543272,0
543273,0
543274,0
543275,0
543276,0
543277,0
543278,0
543279,0
543280,0
543281,0
543282,0
543283,0
543284,0
543285,0
543286,0
543287,0
543288,0
543289,0
543290,0
543291,0
543292,0
543293,0
543294,0
543295,0
543296,0
543297,0
543298,0
543299,0
543300,0
543301,0
543302,0
543303,0
543304,0
543305,0
543306,0
543307,0
543308,0
543309,0
543310,0
543311,0
543312,0
543313,0
543314,0
543315,0
543316,0
543317,0
543318,0
543319,0
543320,0
543321,0
543322,0
543323,0
543324,0
543325,0
543326,0
543327,0
543328,0
543329,0
543330,0
543331,0
543332,0
543333,0
543334,0
543335,0
543336,0
543337,0
543338,0
543339,0
543340,0
543341,0
543342,0
543343,0
543344,0
543345,0
543346,0
543347,0
543348,0
543349,0
543350,0
543351,0
543352,0
543353,0
543354,0
543355,0
543356,0
543357,0
543358,0
543359,0
543360,0
543361,0
543362,0
543363,0
543364,0
543365,0
543366,0
543367,0
543368,0
543369,0
543370,0
543371,0
543372,0
543373,0
543374,0
543375,0
543376,0
543377,0
543378,0
543379,0
543380,0
543381,0
543382,0
543383,0
543384,0
543385,0
543386,0
543387,0
543388,0
543389,0
543390,0
543391,0
543392,0
543393,0
543394,0
543395,0
543396,0
543397,0
543398,0
543399,0
543400,0
543401,0
543402,0
543403,0
543404,0
543405,0
543406,0
543407,0
543408,0
543409,0
543410,0
543411,0
543412,0
543413,0
543414,0
543415,0
543416,0
543417,0
543418,0
543419,0
543420,0
543421,0
543422,0
543423,0
543424,0
543425,0
543426,0
543427,0
543428,0
543429,0
543430,0
543431,0
543432,0
543433,0
543434,0
543435,0
543436,0
543437,0
543438,0
543439,0
543440,0
543441,0
543442,0
543443,0
543444,0
543445,0
543446,0
543447,0
543448,0
543449,0
543450,0
543451,0
543452,0
543453,0
543454,0
543455,0
543456,0
543457,0
543458,0
543459,0
543460,0
543461,0
543462,0
543463,0
543464,0
543465,0
543466,0
543467,0
543468,0
543469,0
543470,0
543471,0
543472,0
543473,0
543474,0
543475,0
543476,0
543477,0
543478,0
543479,0
543480,0
543481,0
543482,0
543483,0
543484,0
543485,0
543486,0
543487,0
543488,0
543489,0
543490,0
543491,0
543492,0
543493,0
543494,0
543495,0
543496,0
543497,0
543498,0
543499,0
543500,0
543501,0
543502,0
543503,0
543504,0
543505,0
543506,0
543507,0
543508,0
543509,0
543510,0
543511,0
543512,0
543513,0
543514,0
543515,0
543516,0
543517,0
543518,0
543519,0
543520,0
543521,0
543522,0
543523,0
543524,0
543525,0
543526,0
543527,0
543528,0
543529,0
543530,0
543531,0
543532,0
543533,0
543534,0
543535,0
543536,0
543537,0
543538,0
543539,0
543540,0
543541,0
543542,0
543543,0
543544,0
543545,0
543546,0
543547,0
543548,0
543549,0
543550,0
543551,0
543552,0
543553,0
543554,0
543555,0
543556,0
543557,0
543558,0
543559,0
543560,0
543561,0
543562,0
543563,0
543564,0
543565,0
543566,0
543567,0
543568,0
543569,0
543570,0
543571,0
543572,0
543573,0
543574,0
543575,0
543576,0
543577,0
543578,0
543579,0
543580,0
543581,0
543582,0
543583,0
543584,0
543585,0
543586,0
543587,0
543588,0
543589,0
543590,0
543591,0
543592,0
543593,0
543594,0
543595,0
543596,0
543597,0
543598,0
543599,0
543600,0
543601,0
543602,0
543603,0
543604,0
543605,0
543606,0
543607,0
543608,0
543609,0
543610,0
543611,0
543612,0
543613,1
543614,0
543615,0
543616,0
543617,0
543618,0
543619,0
543620,0
543621,0
543622,0
543623,0
543624,0
543625,0
543626,1
543627,0
543628,0
543629,0
543630,0
543631,0
543632,0
543633,0
543634,0
543635,0
543636,0
543637,0
543638,0
543639,0
543640,0
543641,0
543642,0
543643,0
543644,0
543645,0
543646,0
543647,0
543648,0
543649,0
543650,0
543651,0
543652,0
543653,0
543654,0
543655,0
543656,0
543657,0
543658,0
543659,0
543660,0
543661,0
543662,0
543663,0
543664,0
543665,0
543666,0
543667,0
543668,0
543669,0
543670,0
543671,0
543672,0
543673,0
543674,0
543675,0
543676,0
543677,0
543678,0
543679,0
543680,0
543681,0
543682,0
543683,0
543684,0
543685,0
543686,0
543687,0
543688,0
543689,0
543690,0
543691,0
543692,0
543693,0
543694,0
543695,0
543696,0
543697,0
543698,0
543699,0
543700,0
543701,0
543702,0
543703,0
543704,0
543705,0
543706,0
543707,0
543708,0
543709,0
543710,0
543711,0
543712,0
543713,0
543714,0
543715,0
543716,0
543717,0
543718,0
543719,0
543720,0
543721,0
543722,0
543723,0
543724,0
543725,0
543726,0
543727,0
543728,0
543729,0
543730,0
543731,0
543732,0
543733,0
543734,0
543735,0
543736,0
543737,0
543738,0
543739,0
543740,0
543741,27
543742,0
543743,0
543744,0
543745,0
543746,0
543747,0
543748,0
543749,32
543750,22
543751,0
543752,0
543753,0
543754,0
543755,0
543756,0
543757,0
543758,0
543759,0
543760,0
543761,0
543762,0
543763,0
543764,0
543765,0
543766,0
543767,0
543768,0
543769,0
543770,0
543771,26
543772,33
543773,0
543774,0
543775,0
543776,0
543777,0
543778,0
543779,0
543780,0
543781,0
543782,0
543783,0
543784,0
543785,0
543786,0
543787,0
543788,0
543789,0
543790,0
543791,0
543792,0
543793,0
543794,0
543795,16
543796,0
543797,0
543798,0
543799,0
543800,0
543801,0
543802,28
543803,0
543804,0
543805,0
543806,0
543807,0
543808,0
543809,0
543810,0
543811,0
543812,0
543813,0
543814,0
543815,0
543816,0
543817,0
543818,0
543819,0
543820,0
543821,0
543822,0
543823,0
543824,0
543825,0
543826,0
543827,0
543828,0
543829,19
543830,0
543831,0
543832,25
543833,0
543834,0
543835,0
543836,0
543837,0
543838,0
543839,0
543840,0
543841,0
543842,0
543843,0
543844,0
543845,0
543846,0
543847,27
543848,0
543849,0
543850,0
543851,0
543852,0
543853,0
543854,0
543855,0
543856,25
543857,0
543858,0
543859,0
543860,0
543861,0
543862,0
543863,0
543864,22
543865,0
543866,0
543867,0
543868,0
543869,0
543870,26
543871,36
543872,0
543873,0
543874,0
543875,0
543876,0
543877,0
543878,0
543879,0
543880,0
543881,0
543882,0
543883,0
543884,0
543885,0
543886,0
543887,0
543888,0
543889,0
543890,21
543891,0
543892,0
543893,0
543894,0
543895,0
543896,0
543897,0
543898,0
543899,0
543900,0
543901,0
543902,0
543903,0
543904,0
543905,0
543906,0
543907,0
543908,0
543909,0
543910,0
543911,0
543912,0
543913,0
543914,0
543915,0
543916,0
543917,0
543918,0
543919,0
543920,0
543921,47
543922,25
543923,0
543924,0
543925,0
543926,0
543927,14
543928,0
543929,0
543930,0
543931,0
543932,0
543933,0
543934,0
543935,0
543936,0
543937,0
543938,0
543939,0
543940,0
543941,27
543942,0
543943,0
543944,0
543945,0
543946,0
543947,0
543948,0
543949,0
543950,0
543951,0
543952,0
543953,0
543954,0
543955,0
543956,0
543957,0
543958,0
543959,0
543960,0
543961,0
543962,0
543963,0
543964,0
543965,0
543966,0
543967,0
543968,0
543969,0
543970,0
543971,0
543972,0
543973,0
543974,0
543975,0
543976,0
543977,0
543978,0
543979,0
543980,0
543981,0
543982,0
543983,0
543984,0
543985,0
543986,0
543987,0
543988,24
543989,0
543990,0
543991,0
543992,17
543993,0
543994,0
543995,0
543996,0
543997,0
543998,0
543999,0
544000,0
544001,0
544002,0
544003,0
544004,0
544005,0
544006,0
544007,0
544008,0
544009,0
544010,0
544011,0
544012,0
544013,0
544014,0
544015,0
544016,0
544017,0
544018,0
544019,22
544020,0
544021,0
544022,0
544023,0
544024,0
544025,0
544026,0
544027,0
544028,0
544029,0
544030,0
544031,0
544032,0
544033,0
544034,0
544035,0
544036,0
544037,0
544038,0
544039,0
544040,0
544041,0
544042,0
544043,0
544044,0
544045,0
544046,0
544047,24
544048,0
544049,0
544050,0
544051,0
544052,0
544053,0
544054,26
544055,0
544056,0
544057,0
544058,20
544059,0
544060,0
544061,0
544062,0
544063,30
544064,0
544065,23
544066,0
544067,0
544068,0
544069,0
544070,0
544071,0
544072,33
544073,0
544074,31
544075,0
544076,0
544077,0
544078,0
544079,0
544080,0
544081,0
544082,0
544083,0
544084,0
544085,0
544086,0
544087,0
544088,0
544089,0
544090,0
544091,0
544092,0
544093,46
544094,0
544095,23
544096,0
544097,14
544098,0
544099,0
544100,0
544101,0
544102,24
544103,40
544104,0
544105,0
544106,0
544107,0
544108,0
544109,0
544110,0
544111,0
544112,0
544113,0
544114,0
544115,0
544116,0
544117,0
544118,0
544119,0
544120,0
544121,0
544122,0
544123,0
544124,0
544125,0
544126,0
544127,0
544128,0
544129,0
544130,0
544131,0
544132,0
544133,0
544134,0
544135,0
544136,0
544137,0
544138,0
544139,20
544140,0
544141,0
544142,0
544143,0
544144,0
544145,0
544146,0
544147,0
544148,0
544149,0
544150,0
544151,0
544152,0
544153,0
544154,26
544155,0
544156,0
544157,0
544158,0
544159,0
544160,0
544161,0
544162,0
544163,0
544164,0
544165,0
544166,0
544167,0
544168,0
544169,17
544170,31
544171,0
544172,0
544173,0
544174,0
544175,0
544176,0
544177,0
544178,33
544179,14
544180,0
544181,0
544182,0
544183,0
544184,0
544185,0
544186,0
544187,0
544188,39
544189,20
544190,0
544191,0
544192,0
544193,27
544194,0
544195,0
544196,0
544197,0
544198,0
544199,0
544200,0
544201,0
544202,0
544203,0
544204,0
544205,17
544206,0
544207,0
544208,0
544209,0
544210,31
544211,25
544212,0
544213,0
544214,0
544215,0
544216,0
544217,0
544218,0
544219,0
544220,0
544221,0
544222,0
544223,0
544224,0
544225,0
544226,0
544227,0
544228,0
544229,0
544230,0
544231,0
544232,23
544233,0
544234,22
544235,0
544236,0
544237,27
544238,0
544239,25
544240,0
544241,0
544242,0
544243,0
544244,0
544245,0
544246,0
544247,0
544248,0
544249,0
544250,0
544251,0
544252,0
544253,29
544254,0
544255,0
544256,22
544257,0
544258,0
544259,35
544260,0
544261,0
544262,0
544263,0
544264,32
544265,24
544266,0
544267,0
544268,0
544269,0
544270,0
544271,0
544272,0
544273,0
544274,0
544275,0
544276,0
544277,0
544278,24
544279,0
544280,0
544281,0
544282,0
544283,0
544284,0
544285,0
544286,35
544287,32
544288,0
544289,0
544290,25
544291,0
544292,0
544293,0
544294,0
544295,0
544296,31
544297,0
544298,0
544299,26
544300,0
544301,23
544302,0
544303,0
544304,0
544305,0
544306,0
544307,0
544308,0
544309,0
544310,0
544311,34
544312,0
544313,0
544314,0
544315,0
544316,0
544317,0
544318,0
544319,0
544320,0
544321,23
544322,0
544323,0
544324,0
544325,37
544326,0
544327,0
544328,0
544329,0
544330,0
544331,0
544332,0
544333,0
544334,0
544335,0
544336,0
544337,0
544338,0
544339,0
544340,0
544341,0
544342,0
544343,0
544344,0
544345,0
544346,8
544347,0
544348,0
544349,0
544350,11
544351,0
544352,0
544353,0
544354,0
544355,0
544356,0
544357,0
544358,0
544359,0
544360,0
544361,17
544362,0
544363,0
544364,0
544365,0
544366,0
544367,0
544368,0
544369,0
544370,0
544371,0
544372,0
544373,0
544374,0
544375,0
544376,0
544377,0
544378,0
544379,15
544380,0
544381,0
544382,0
544383,0
544384,0
544385,0
544386,0
544387,0
544388,0
544389,0
544390,8
544391,0
544392,0
544393,0
544394,0
544395,0
544396,0
544397,0
544398,0
544399,0
544400,0
544401,0
544402,0
544403,0
544404,0
544405,0
544406,0
544407,0
544408,0
544409,0
544410,0
544411,19
544412,0
544413,0
544414,0
544415,0
544416,0
544417,0
544418,0
544419,0
544420,0
544421,0
544422,0
544423,0
544424,0
544425,0
544426,0
544427,0
544428,0
544429,0
544430,0
544431,21
544432,0
544433,0
544434,0
544435,0
544436,0
544437,0
544438,0
544439,0
544440,0
544441,0
544442,0
544443,0
544444,0
544445,0
544446,0
544447,0
544448,0
544449,0
544450,0
544451,0
544452,0
544453,0
544454,0
544455,0
544456,0
544457,0
544458,0
544459,0
544460,0
544461,0
544462,0
544463,0
544464,0
544465,0
544466,0
544467,0
544468,0
544469,0
544470,0
544471,0
544472,0
544473,0
544474,0
544475,0
544476,0
544477,0
544478,0
544479,0
544480,0
544481,15
544482,0
544483,17
544484,0
544485,0
544486,0
544487,0
544488,0
544489,0
544490,0
544491,0
544492,0
544493,7
544494,0
544495,0
544496,0
544497,0
544498,0
544499,0
544500,0
544501,13
544502,0
544503,0
544504,0
544505,0
544506,0
544507,0
544508,16
544509,0
544510,0
544511,0
544512,0
544513,0
544514,0
544515,0
544516,0
544517,0
544518,0
544519,0
544520,13
544521,0
544522,0
544523,0
544524,0
544525,0
544526,0
544527,0
544528,0
544529,0
544530,0
544531,11
544532,0
544533,0
544534,0
544535,0
544536,10
544537,0
544538,0
544539,0
544540,0
544541,0
544542,0
544543,0
544544,0
544545,0
544546,0
544547,0
544548,0
544549,0
544550,0
544551,12
544552,0
544553,0
544554,0
544555,0
544556,0
544557,0
544558,0
544559,0
544560,0
544561,9
544562,0
544563,0
544564,10
544565,0
544566,0
544567,0
544568,0
544569,0
544570,0
544571,0
544572,0
544573,0
544574,0
544575,0
544576,0
544577,11
544578,0
544579,11
544580,0
544581,0
544582,0
544583,0
544584,0
544585,0
544586,0
544587,0
544588,0
544589,0
544590,0
544591,0
544592,0
544593,0
544594,0
544595,11
544596,0
544597,0
544598,0
544599,0
544600,0
544601,0
544602,0
544603,0
544604,0
544605,0
544606,0
544607,0
544608,0
544609,0
544610,0
544611,0
544612,0
544613,0
544614,0
544615,0
544616,0
544617,0
544618,0
544619,0
544620,0
544621,0
544622,3
544623,0
544624,0
544625,0
544626,0
544627,0
544628,0
544629,0
544630,0
544631,0
544632,0
544633,0
544634,0
544635,0
544636,0
544637,0
544638,0
544639,8
544640,0
544641,0
544642,0
544643,0
544644,0
544645,0
544646,0
544647,0
544648,0
544649,0
544650,0
544651,0
544652,0
544653,0
544654,0
544655,0
544656,0
544657,7
544658,0
544659,16
544660,0
544661,0
544662,0
544663,13
544664,0
544665,0
544666,0
544667,0
544668,0
544669,0
544670,0
544671,0
544672,0
544673,0
544674,0
544675,0
544676,0
544677,0
544678,0
544679,0
544680,0
544681,7
544682,0
544683,0
544684,0
544685,0
544686,0
544687,0
544688,0
544689,0
544690,0
544691,0
544692,0
544693,0
544694,0
544695,10
544696,0
544697,0
544698,0
544699,0
544700,0
544701,0
544702,0
544703,0
544704,0
544705,0
544706,0
544707,0
544708,0
544709,0
544710,0
544711,0
544712,0
544713,0
544714,0
544715,0
544716,0
544717,0
544718,0
544719,0
544720,0
544721,0
544722,0
544723,0
544724,0
544725,0
544726,0
544727,0
544728,0
544729,0
544730,13
544731,0
544732,0
544733,0
544734,0
544735,0
544736,0
544737,0
544738,0
544739,0
544740,0
544741,0
544742,0
544743,0
544744,10
544745,0
544746,0
544747,0
544748,0
544749,0
544750,0
544751,0
544752,0
544753,0
544754,0
544755,0
544756,0
544757,0
544758,0
544759,0
544760,0
544761,0
544762,0
544763,0
544764,0
544765,20
544766,0
544767,0
544768,0
544769,11
544770,0
544771,0
544772,0
544773,0
544774,0
544775,0
544776,0
544777,0
544778,0
544779,0
544780,0
544781,0
544782,0
544783,0
544784,1
544785,0
544786,0
544787,0
544788,0
544789,0
544790,0
544791,0
544792,7
544793,0
544794,0
544795,0
544796,0
544797,0
544798,0
544799,0
544800,0
544801,0
544802,16
544803,0
544804,0
544805,0
544806,0
544807,0
544808,0
544809,0
544810,0
544811,0
544812,0
544813,0
544814,0
544815,0
544816,0
544817,0
544818,0
544819,0
544820,0
544821,29
544822,0
544823,0
544824,0
544825,6
544826,0
544827,0
544828,0
544829,0
544830,0
544831,0
544832,0
544833,0
544834,0
544835,0
544836,0
544837,0
544838,0
544839,0
544840,15
544841,0
544842,0
544843,0
544844,0
544845,0
544846,0
544847,0
544848,0
544849,0
544850,0
544851,0
544852,0
544853,0
544854,0
544855,0
544856,0
544857,0
544858,0
544859,5
544860,0
544861,0
544862,0
544863,0
544864,0
544865,0
544866,0
544867,0
544868,0
544869,0
544870,0
544871,0
544872,0
544873,0
544874,0
544875,0
544876,16
544877,0
544878,0
544879,0
544880,0
544881,0
544882,0
544883,0
544884,0
544885,0
544886,0
544887,9
544888,0
544889,0
544890,11
544891,0
544892,0
544893,0
544894,0
544895,0
544896,0
544897,0
544898,0
544899,0
544900,0
544901,0
544902,0
544903,0
544904,11
544905,0
544906,0
544907,0
544908,0
544909,0
544910,0
544911,0
544912,0
544913,0
544914,0
544915,0
544916,0
544917,0
544918,0
544919,0
544920,0
544921,0
544922,0
544923,0
544924,0
544925,0
544926,11
544927,0
544928,0
544929,0
544930,0
544931,0
544932,0
544933,21
544934,0
544935,0
544936,0
544937,0
544938,0
544939,19
544940,0
544941,0
544942,0
544943,21
544944,0
544945,0
544946,0
544947,0
544948,0
544949,21
544950,13
544951,0
544952,0
544953,0
544954,13
544955,22
544956,0
544957,0
544958,0
544959,23
544960,0
544961,16
544962,0
544963,0
544964,0
544965,0
544966,0
544967,11
544968,0
544969,24
544970,0
544971,0
544972,0
544973,0
544974,0
544975,18
544976,27
544977,12
544978,0
544979,0
544980,0
544981,0
544982,0
544983,21
544984,0
544985,0
544986,9
544987,23
544988,19
544989,0
544990,22
544991,0
544992,15
544993,0
544994,28
544995,0
544996,0
544997,0
544998,0
544999,20
545000,0
545001,22
545002,24
545003,0
545004,0
545005,0
545006,0
545007,11
545008,0
545009,20
545010,0
545011,0
545012,0
545013,0
545014,0
545015,0
545016,0
545017,10
545018,0
545019,0
545020,0
545021,0
545022,0
545023,12
545024,20
545025,10
545026,0
545027,0
545028,0
545029,0
545030,18
545031,0
545032,22
545033,0
545034,0
545035,0
545036,0
545037,0
545038,15
545039,32
545040,0
545041,0
545042,0
545043,24
545044,0
545045,0
545046,0
545047,0
545048,0
545049,0
545050,0
545051,0
545052,0
545053,22
545054,0
545055,0
545056,0
545057,0
545058,0
545059,0
545060,0
545061,18
545062,0
545063,0
545064,0
545065,22
545066,13
545067,0
545068,0
545069,0
545070,0
545071,0
545072,30
545073,0
545074,17
545075,0
545076,0
545077,0
545078,24
545079,12
545080,0
545081,0
545082,0
545083,16
545084,15
545085,0
545086,0
545087,22
545088,0
545089,19
545090,24
545091,0
545092,0
545093,0
545094,0
545095,0
545096,20
545097,0
545098,14
545099,0
545100,0
545101,0
545102,0
545103,0
545104,0
545105,0
545106,0
545107,0
545108,17
545109,28
545110,0
545111,0
545112,0
545113,0
545114,0
545115,0
545116,0
545117,0
545118,0
545119,0
545120,0
545121,0
545122,0
545123,10
545124,26
545125,0
545126,0
545127,0
545128,13
545129,0
545130,0
545131,0
545132,26
545133,0
545134,16
545135,0
545136,0
545137,0
545138,19
545139,0
545140,0
545141,0
545142,0
545143,15
545144,0
545145,0
545146,15
545147,0
545148,0
545149,0
545150,0
545151,8
545152,0
545153,0
545154,0
545155,22
545156,0
545157,22
545158,0
545159,0
545160,0
545161,29
545162,30
545163,7
545164,0
545165,0
545166,0
545167,0
545168,0
545169,0
545170,0
545171,0
545172,16
545173,0
545174,0
545175,0
545176,0
545177,17
545178,16
545179,0
545180,0
545181,0
545182,0
545183,0
545184,0
545185,23
545186,0
545187,0
545188,19
545189,0
545190,0
545191,0
545192,0
545193,0
545194,0
545195,0
545196,0
545197,0
545198,0
545199,19
545200,16
545201,0
545202,0
545203,0
545204,15
545205,0
545206,0
545207,16
545208,0
545209,11
545210,0
545211,0
545212,0
545213,0
545214,0
545215,0
545216,0
545217,18
545218,16
545219,0
545220,0
545221,0
545222,0
545223,0
545224,0
545225,0
545226,0
545227,27
545228,25
545229,0
545230,0
545231,0
545232,0
545233,0
545234,23
545235,0
545236,0
545237,0
545238,0
545239,0
545240,0
545241,21
545242,0
545243,0
545244,13
545245,25
545246,0
545247,0
545248,0
545249,0
545250,18
545251,0
545252,0
545253,27
545254,0
545255,18
545256,0
545257,0
545258,0
545259,0
545260,0
545261,0
545262,0
545263,0
545264,0
545265,0
545266,0
545267,16
545268,16
545269,12
545270,17
545271,0
545272,0
545273,0
545274,16
545275,0
545276,0
545277,0
545278,0
545279,22
545280,0
545281,0
545282,0
545283,0
545284,0
545285,0
545286,19
545287,19
545288,18
545289,0
545290,20
545291,24
545292,0
545293,18
545294,23
545295,0
545296,21
545297,19
545298,0
545299,0
545300,0
545301,0
545302,0
545303,19
545304,0
545305,0
545306,23
545307,0
545308,0
545309,0
545310,0
545311,0
545312,0
545313,0
545314,0
545315,17
545316,0
545317,0
545318,0
545319,20
545320,0
545321,0
545322,19
545323,0
545324,20
545325,0
545326,0
545327,0
545328,0
545329,0
545330,0
545331,11
545332,0
545333,0
545334,0
545335,0
545336,17
545337,0
545338,10
545339,8
545340,0
545341,11
545342,19
545343,0
545344,0
545345,0
545346,16
545347,0
545348,0
545349,16
545350,0
545351,0
545352,0
545353,0
545354,0
545355,0
545356,17
545357,0
545358,0
545359,0
545360,0
545361,0
545362,18
545363,0
545364,0
545365,0
545366,18
545367,22
545368,0
545369,0
545370,0
545371,0
545372,26
545373,0
545374,0
545375,20
545376,19
545377,0
545378,0
545379,21
545380,21
545381,0
545382,0
545383,0
545384,27
545385,26
545386,0
545387,0
545388,0
545389,24
545390,0
545391,0
545392,0
545393,22
545394,0
545395,0
545396,15
545397,0
545398,0
545399,21
545400,0
545401,0
545402,0
545403,20
545404,0
545405,0
545406,0
545407,0
545408,0
545409,0
545410,0
545411,0
545412,0
545413,0
545414,0
545415,0
545416,0
545417,0
545418,22
545419,0
545420,20
545421,0
545422,21
545423,29
545424,0
545425,0
545426,13
545427,0
545428,0
545429,0
545430,0
545431,7
545432,0
545433,0
545434,0
545435,22
545436,26
545437,0
545438,0
545439,0
545440,0
545441,0
545442,0
545443,0
545444,14
545445,0
545446,22
545447,0
545448,0
545449,0
545450,13
545451,0
545452,0
545453,0
545454,0
545455,0
545456,21
545457,0
545458,0
545459,0
545460,0
545461,0
545462,22
545463,0
545464,18
545465,0
545466,0
545467,0
545468,27
545469,0
545470,0
545471,0
545472,0
545473,0
545474,0
545475,0
545476,0
545477,19
545478,0
545479,0
545480,0
545481,0
545482,0
545483,0
545484,25
545485,0
545486,0
545487,18
545488,20
545489,15
545490,0
545491,0
545492,24
545493,0
545494,0
545495,26
545496,0
545497,7
545498,27
545499,0
545500,8
545501,0
545502,0
545503,0
545504,0
545505,13
545506,0
545507,9
545508,29
545509,0
545510,0
545511,0
545512,0
545513,0
545514,11
545515,0
545516,0
545517,15
545518,0
545519,0
545520,0
545521,0
545522,0
545523,0
545524,26
545525,0
545526,0
545527,0
545528,0
545529,0
545530,18
545531,0
545532,14
545533,0
545534,0
545535,0
545536,13
545537,25
545538,21
545539,0
545540,27
545541,0
545542,0
545543,17
545544,28
545545,0
545546,0
545547,0
545548,0
545549,0
545550,0
545551,21
545552,11
545553,0
545554,0
545555,23
545556,0
545557,0
545558,0
545559,22
545560,0
545561,24
545562,0
545563,17
545564,0
545565,0
545566,0
545567,0
545568,0
545569,0
545570,0
545571,0
545572,0
545573,0
545574,29
545575,0
545576,0
545577,10
545578,0
545579,0
545580,29
545581,0
545582,0
545583,0
545584,16
545585,0
545586,20
545587,0
545588,19
545589,0
545590,21
545591,0
545592,0
545593,0
545594,16
545595,0
545596,0
545597,0
545598,0
545599,0
545600,0
545601,0
545602,0
545603,0
545604,13
545605,0
545606,0
545607,0
545608,0
545609,0
545610,24
545611,0
545612,0
545613,0
545614,12
545615,0
545616,0
545617,0
545618,20
545619,0
545620,0
545621,22
545622,0
545623,19
545624,0
545625,0
545626,0
545627,0
545628,0
545629,0
545630,0
545631,0
545632,0
545633,18
545634,12
545635,0
545636,0
545637,0
545638,0
545639,0
545640,0
545641,11
545642,0
545643,22
545644,0
545645,0
545646,13
545647,18
545648,0
545649,15
545650,11
545651,0
545652,0
545653,0
545654,0
545655,0
545656,0
545657,23
545658,17
545659,0
545660,27
545661,0
545662,23
545663,0
545664,16
545665,0
545666,21
545667,15
545668,0
545669,0
545670,0
545671,0
545672,22
545673,0
545674,15
545675,0
545676,0
545677,0
545678,0
545679,0
545680,0
545681,14
545682,0
545683,0
545684,0
545685,0
545686,0
545687,0
545688,0
545689,0
545690,0
545691,0
545692,0
545693,0
545694,0
545695,0
545696,0
545697,16
545698,0
545699,0
545700,0
545701,0
545702,0
545703,8
545704,0
545705,0
545706,0
545707,0
545708,0
545709,27
545710,0
545711,0
545712,0
545713,0
545714,0
545715,0
545716,0
545717,0
545718,0
545719,0
545720,0
545721,20
545722,25
545723,0
545724,0
545725,17
545726,0
545727,0
545728,0
545729,0
545730,0
545731,0
545732,13
545733,23
545734,23
545735,0
545736,0
545737,0
545738,17
545739,10
545740,0
545741,0
545742,0
545743,0
545744,15
545745,0
545746,0
545747,0
545748,0
545749,0
545750,0
545751,0
545752,0
545753,0
545754,0
545755,0
545756,23
545757,0
545758,0
545759,0
545760,0
545761,19
545762,0
545763,0
545764,0
545765,0
545766,17
545767,0
545768,0
545769,0
545770,0
545771,23
545772,0
545773,0
545774,32
545775,0
545776,0
545777,0
545778,0
545779,0
545780,22
545781,0
545782,14
545783,0
545784,0
545785,0
545786,0
545787,0
545788,0
545789,12
545790,0
545791,24
545792,0
545793,0
545794,0
545795,0
545796,0
545797,0
545798,0
545799,0
545800,0
545801,15
545802,0
545803,0
545804,0
545805,0
545806,0
545807,0
545808,23
545809,0
545810,0
545811,0
545812,24
545813,0
545814,0
545815,13
545816,17
545817,19
545818,15
545819,12
545820,21
545821,0
545822,0
545823,0
545824,0
545825,25
545826,0
545827,0
545828,0
545829,0
545830,15
545831,0
545832,0
545833,0
545834,0
545835,15
545836,4
545837,9
545838,9
545839,0
545840,13
545841,0
545842,7
545843,12
545844,0
545845,10
545846,0
545847,16
545848,8
545849,17
545850,0
545851,0
545852,10
545853,0
545854,13
545855,0
545856,0
545857,0
545858,14
545859,6
545860,11
545861,0
545862,11
545863,0
545864,0
545865,0
545866,0
545867,15
545868,0
545869,0
545870,0
545871,0
545872,5
545873,15
545874,0
545875,13
545876,6
545877,0
545878,16
545879,0
545880,0
545881,0
545882,0
545883,0
545884,9
545885,0
545886,0
545887,9
545888,8
545889,0
545890,0
545891,0
545892,0
545893,0
545894,0
545895,15
545896,9
545897,0
545898,10
545899,0
545900,0
545901,0
545902,9
545903,0
545904,10
545905,0
545906,8
545907,0
545908,0
545909,0
545910,0
545911,14
545912,0
545913,0
545914,12
545915,0
545916,0
545917,0
545918,0
545919,10
545920,0
545921,16
545922,0
545923,0
545924,0
545925,0
545926,11
545927,0
545928,0
545929,0
545930,0
545931,0
545932,9
545933,0
545934,0
545935,0
545936,0
545937,0
545938,0
545939,0
545940,0
545941,9
545942,0
545943,0
545944,10
545945,8
545946,0
545947,0
545948,0
545949,18
545950,0
545951,0
545952,11
545953,17
545954,0
545955,11
545956,0
545957,0
545958,0
545959,0
545960,12
545961,0
545962,0
545963,0
545964,0
545965,0
545966,0
545967,0
545968,6
545969,0
545970,0
545971,0
545972,0
545973,0
545974,12
545975,0
545976,0
545977,0
545978,0
545979,0
545980,6
545981,0
545982,0
545983,0
545984,14
545985,7
545986,0
545987,12
545988,0
545989,0
545990,0
545991,0
545992,13
545993,0
545994,0
545995,0
545996,0
545997,12
545998,6
545999,0
546000,6
546001,0
546002,0
546003,0
546004,0
546005,8
546006,0
546007,0
546008,0
546009,6
546010,8
546011,0
546012,0
546013,0
546014,10
546015,0
546016,12
546017,12
546018,10
546019,4
546020,0
546021,39
546022,0
546023,0
546024,27
546025,19
546026,0
546027,0
546028,0
546029,34
546030,31
546031,0
546032,0
546033,0
546034,0
546035,27
546036,0
546037,0
546038,0
546039,34
546040,0
546041,0
546042,0
546043,0
546044,0
546045,0
546046,0
546047,0
546048,0
546049,0
546050,36
546051,0
546052,25
546053,0
546054,32
546055,0
546056,47
546057,0
546058,0
546059,0
546060,0
546061,40
546062,0
546063,42
546064,0
546065,49
546066,0
546067,40
546068,0
546069,0
546070,17
546071,30
546072,0
546073,0
546074,0
546075,0
546076,0
546077,36
546078,0
546079,0
546080,0
546081,0
546082,0
546083,40
546084,0
546085,35
546086,20
546087,0
546088,0
546089,0
546090,0
546091,0
546092,0
546093,0
546094,0
546095,25
546096,29
546097,32
546098,0
546099,0
546100,0
546101,0
546102,0
546103,0
546104,0
546105,0
546106,26
546107,0
546108,32
546109,0
546110,0
546111,0
546112,0
546113,0
546114,0
546115,0
546116,31
546117,0
546118,0
546119,20
546120,0
546121,57
546122,0
546123,0
546124,0
546125,0
546126,0
546127,0
546128,26
546129,0
546130,0
546131,0
546132,0
546133,0
546134,0
546135,24
546136,0
546137,0
546138,38
546139,22
546140,0
546141,29
546142,18
546143,53
546144,0
546145,0
546146,0
546147,0
546148,0
546149,28
546150,0
546151,0
546152,0
546153,0
546154,0
546155,0
546156,0
546157,0
546158,30
546159,0
546160,0
546161,0
546162,0
546163,47
546164,0
546165,0
546166,24
546167,0
546168,39
546169,0
546170,0
546171,0
546172,0
546173,0
546174,0
546175,0
546176,0
546177,0
546178,0
546179,24
546180,26
546181,0
546182,0
546183,0
546184,23
546185,0
546186,0
546187,27
546188,0
546189,0
546190,0
546191,20
546192,40
546193,30
546194,50
546195,0
546196,35
546197,0
546198,0
546199,0
546200,54
546201,0
546202,0
546203,22
546204,0
546205,0
546206,0
546207,29
546208,25
546209,0
546210,0
546211,0
546212,0
546213,0
546214,0
546215,0
546216,0
546217,0
546218,0
546219,0
546220,0
546221,33
546222,0
546223,41
546224,22
546225,0
546226,22
546227,0
546228,0
546229,0
546230,0
546231,0
546232,29
546233,39
546234,0
546235,0
546236,58
546237,0
546238,48
546239,39
546240,0
546241,0
546242,19
546243,24
546244,49
546245,0
546246,16
546247,29
546248,55
546249,0
546250,0
546251,0
546252,0
546253,0
546254,0
546255,0
546256,0
546257,0
546258,23
546259,42
546260,0
546261,26
546262,0
546263,33
546264,0
546265,0
546266,30
546267,0
546268,39
546269,29
546270,0
546271,58
546272,0
546273,0
546274,0
546275,18
546276,0
546277,0
546278,0
546279,0
546280,0
546281,38
546282,0
546283,0
546284,0
546285,37
546286,62
546287,18
546288,0
546289,27
546290,0
546291,65
546292,0
546293,0
546294,0
546295,26
546296,65
546297,0
546298,0
546299,0
546300,0
546301,31
546302,0
546303,0
546304,26
546305,0
546306,0
546307,0
546308,27
546309,19
546310,0
546311,0
546312,23
546313,0
546314,23
546315,0
546316,0
546317,39
546318,0
546319,0
546320,0
546321,43
546322,0
546323,0
546324,38
546325,0
546326,0
546327,0
546328,0
546329,0
546330,0
546331,0
546332,20
546333,35
546334,0
546335,33
546336,0
546337,0
546338,0
546339,0
546340,31
546341,0
546342,0
546343,33
546344,23
546345,0
546346,0
546347,33
546348,0
546349,0
546350,53
546351,0
546352,0
546353,40
546354,0
546355,37
546356,0
546357,0
546358,0
546359,0
546360,0
546361,0
546362,0
546363,0
546364,0
546365,0
546366,0
546367,0
546368,0
546369,0
546370,42
546371,0
546372,0
546373,20
546374,0
546375,0
546376,0
546377,0
546378,0
546379,40
546380,22
546381,0
546382,53
546383,0
546384,0
546385,43
546386,0
546387,0
546388,50
546389,10
546390,0
546391,0
546392,12
546393,0
546394,52
546395,23
546396,0
546397,0
546398,0
546399,41
546400,30
546401,17
546402,37
546403,0
546404,31
546405,0
546406,0
546407,0
546408,0
546409,0
546410,0
546411,0
546412,36
546413,33
546414,0
546415,23
546416,49
546417,41
546418,0
546419,46
546420,38
546421,0
546422,0
546423,21
546424,0
546425,0
546426,0
546427,0
546428,24
546429,0
546430,0
546431,0
546432,0
546433,0
546434,35
546435,43
546436,28
546437,0
546438,20
546439,20
546440,40
546441,0
546442,37
546443,49
546444,0
546445,0
546446,24
546447,46
546448,0
546449,0
546450,0
546451,0
546452,0
546453,30
546454,45
546455,0
546456,0
546457,0
546458,0
546459,37
546460,0
546461,36
546462,0
546463,0
546464,12
546465,0
546466,0
546467,37
546468,0
546469,0
546470,0
546471,0
546472,50
546473,24
546474,0
546475,0
546476,0
546477,0
546478,0
546479,0
546480,0
546481,39
546482,20
546483,0
546484,0
546485,0
546486,0
546487,0
546488,27
546489,0
546490,0
546491,0
546492,0
546493,0
546494,0
546495,0
546496,0
546497,39
546498,0
546499,0
546500,36
546501,0
546502,0
546503,0
546504,0
546505,41
546506,0
546507,0
546508,0
546509,13
546510,30
546511,28
546512,21
546513,0
546514,0
546515,0
546516,0
546517,0
546518,0
546519,0
546520,0
546521,23
546522,0
546523,23
546524,0
546525,0
546526,0
546527,39
546528,0
546529,0
546530,44
546531,38
546532,41
546533,26
546534,0
546535,0
546536,0
546537,0
546538,48
546539,0
546540,0
546541,0
546542,31
546543,34
546544,0
546545,31
546546,0
546547,0
546548,0
546549,0
546550,0
546551,0
546552,20
546553,39
546554,0
546555,25
546556,19
546557,0
546558,0
546559,0
546560,0
546561,0
546562,0
546563,0
546564,0
546565,0
546566,28
546567,63
546568,60
546569,48
546570,0
546571,20
546572,28
546573,0
546574,0
546575,0
546576,0
546577,0
546578,0
546579,0
546580,0
546581,0
546582,25
546583,0
546584,0
546585,0
546586,0
546587,0
546588,0
546589,0
546590,0
546591,0
546592,0
546593,0
546594,0
546595,0
546596,0
546597,0
546598,0
546599,0
546600,33
546601,0
546602,0
546603,0
546604,0
546605,0
546606,0
546607,24
546608,0
546609,0
546610,0
546611,0
546612,0
546613,0
546614,0
546615,21
546616,0
546617,0
546618,36
546619,27
546620,57
546621,0
546622,21
546623,0
546624,0
546625,0
546626,30
546627,24
546628,0
546629,0
546630,0
546631,0
546632,0
546633,33
546634,0
546635,50
546636,0
546637,0
546638,0
546639,0
546640,0
546641,0
546642,0
546643,35
546644,0
546645,17
546646,28
546647,0
546648,21
546649,29
546650,38
546651,0
546652,0
546653,0
546654,0
546655,0
546656,0
546657,0
546658,32
546659,0
546660,0
546661,0
546662,44
546663,31
546664,0
546665,38
546666,0
546667,0
546668,0
546669,0
546670,0
546671,0
546672,0
546673,24
546674,0
546675,0
546676,0
546677,0
546678,74
546679,22
546680,41
546681,0
546682,40
546683,0
546684,0
546685,0
546686,0
546687,29
546688,0
546689,0
546690,0
546691,13
546692,0
546693,0
546694,0
546695,0
546696,0
546697,0
546698,0
546699,0
546700,49
546701,33
546702,0
546703,0
546704,0
546705,0
546706,0
546707,0
546708,0
546709,0
546710,0
546711,0
546712,50
546713,0
546714,0
546715,0
546716,0
546717,50
546718,0
546719,25
546720,0
546721,0
546722,0
546723,0
546724,0
546725,0
546726,0
546727,0
546728,0
546729,0
546730,0
546731,0
546732,0
546733,0
546734,0
546735,0
546736,0
546737,0
546738,23
546739,43
546740,41
546741,0
546742,0
546743,0
546744,0
546745,53
546746,0
546747,0
546748,0
546749,0
546750,0
546751,0
546752,0
546753,2
546754,0
546755,0
546756,0
546757,3
546758,1
546759,1
546760,0
546761,0
546762,0
546763,0
546764,0
546765,0
546766,0
546767,0
546768,0
546769,0
546770,0
546771,0
546772,0
546773,0
546774,0
546775,1
546776,2
546777,4
546778,0
546779,3
546780,0
546781,0
546782,0
546783,0
546784,0
546785,0
546786,0
546787,0
546788,0
546789,0
546790,0
546791,0
546792,0
546793,0
546794,0
546795,0
546796,2
546797,0
546798,3
546799,0
546800,0
546801,0
546802,0
546803,2
546804,0
546805,1
546806,0
546807,1
546808,0
546809,1
546810,0
546811,0
546812,0
546813,3
546814,0
546815,3
546816,0
546817,0
546818,0
546819,1
546820,0
546821,0
546822,0
546823,0
546824,4
546825,0
546826,0
546827,0
546828,3
546829,0
546830,0
546831,2
546832,3
546833,0
546834,0
546835,0
546836,0
546837,2
546838,0
546839,2
546840,0
546841,0
546842,3
546843,3
546844,4
546845,1
546846,0
546847,0
546848,0
546849,3
546850,0
546851,0
546852,2
546853,1
546854,1
546855,0
546856,0
546857,0
546858,0
546859,0
546860,0
546861,0
546862,0
546863,0
546864,0
546865,0
546866,0
546867,1
546868,0
546869,0
546870,0
546871,0
546872,0
546873,0
546874,5
546875,1
546876,2
546877,0
546878,0
546879,1
546880,0
546881,0
546882,0
546883,1
546884,1
546885,0
546886,0
546887,0
546888,2
546889,3
546890,0
546891,0
546892,0
546893,1
546894,0
546895,0
546896,2
546897,0
546898,0
546899,0
546900,0
546901,3
546902,0
546903,0
546904,0
546905,0
546906,0
546907,0
546908,2
546909,4
546910,0
546911,0
546912,0
546913,0
546914,0
546915,4
546916,0
546917,0
546918,0
546919,0
546920,0
546921,0
546922,3
546923,0
546924,3
546925,0
546926,0
546927,0
546928,2
546929,0
546930,0
546931,1
546932,2
546933,0
546934,0
546935,2
546936,0
546937,0
546938,4
546939,0
546940,0
546941,0
546942,0
546943,0
546944,0
546945,0
546946,4
546947,0
546948,0
546949,0
546950,0
546951,0
546952,1
546953,0
546954,0
546955,0
546956,0
546957,0
546958,0
546959,0
546960,0
546961,0
546962,0
546963,0
546964,0
546965,2
546966,0
546967,0
546968,0
546969,2
546970,0
546971,0
546972,0
546973,0
546974,0
546975,0
546976,0
546977,0
546978,2
546979,0
546980,1
546981,0
546982,0
546983,3
546984,0
546985,0
546986,0
546987,2
546988,0
546989,2
546990,0
546991,0
546992,0
546993,0
546994,0
546995,0
546996,0
546997,0
546998,6
546999,0
547000,0
547001,0
547002,0
547003,0
547004,0
547005,1
547006,0
547007,0
547008,0
547009,0
547010,0
547011,0
547012,0
547013,1
547014,0
547015,4
547016,0
547017,0
547018,0
547019,0
547020,0
547021,2
547022,0
547023,0
547024,4
547025,2
547026,0
547027,1
547028,0
547029,0
547030,0
547031,0
547032,0
547033,2
547034,0
547035,0
547036,0
547037,0
547038,2
547039,0
547040,1
547041,5
547042,0
547043,0
547044,0
547045,0
547046,0
547047,0
547048,0
547049,0
547050,0
547051,5
547052,0
547053,0
547054,0
547055,0
547056,2
547057,0
547058,3
547059,0
547060,0
547061,0
547062,0
547063,1
547064,0
547065,0
547066,0
547067,0
547068,0
547069,0
547070,0
547071,1
547072,2
547073,0
547074,0
547075,0
547076,0
547077,0
547078,0
547079,0
547080,0
547081,0
547082,0
547083,0
547084,0
547085,1
547086,0
547087,0
547088,0
547089,0
547090,0
547091,3
547092,0
547093,0
547094,2
547095,0
547096,0
547097,0
547098,0
547099,0
547100,0
547101,0
547102,4
547103,0
547104,0
547105,0
547106,0
547107,0
547108,0
547109,1
547110,0
547111,0
547112,2
547113,0
547114,0
547115,0
547116,0
547117,0
547118,0
547119,1
547120,0
547121,0
547122,0
547123,2
547124,0
547125,0
547126,0
547127,0
547128,0
547129,0
547130,0
547131,0
547132,0
547133,0
547134,0
547135,0
547136,0
547137,0
547138,0
547139,4
547140,0
547141,3
547142,0
547143,0
547144,0
547145,0
547146,0
547147,0
547148,1
547149,0
547150,0
547151,5
547152,0
547153,0
547154,0
547155,5
547156,2
547157,0
547158,3
547159,5
547160,0
547161,0
547162,1
547163,6
547164,0
547165,2
547166,0
547167,0
547168,0
547169,1
547170,0
547171,0
547172,2
547173,0
547174,0
547175,0
547176,0
547177,2
547178,0
547179,0
547180,0
547181,1
547182,0
547183,0
547184,0
547185,0
547186,0
547187,0
547188,0
547189,0
547190,0
547191,2
547192,0
547193,0
547194,0
547195,0
547196,2
547197,4
547198,3
547199,0
547200,3
547201,0
547202,0
547203,0
547204,0
547205,0
547206,0
547207,0
547208,0
547209,0
547210,2
547211,2
547212,2
547213,0
547214,0
547215,0
547216,0
547217,0
547218,0
547219,3
547220,0
547221,0
547222,0
547223,0
547224,0
547225,0
547226,0
547227,0
547228,2
547229,0
547230,2
547231,0
547232,0
547233,0
547234,0
547235,0
547236,0
547237,4
547238,4
547239,0
547240,0
547241,0
547242,0
547243,0
547244,0
547245,0
547246,0
547247,0
547248,0
547249,0
547250,0
547251,0
547252,0
547253,0
547254,1
547255,0
547256,1
547257,0
547258,1
547259,0
547260,0
547261,0
547262,0
547263,0
547264,2
547265,0
547266,0
547267,0
547268,0
547269,0
547270,2
547271,0
547272,0
547273,0
547274,0
547275,0
547276,1
547277,2
547278,0
547279,0
547280,0
547281,0
547282,0
547283,0
547284,0
547285,0
547286,0
547287,0
547288,0
547289,0
547290,5
547291,0
547292,0
547293,0
547294,0
547295,0
547296,0
547297,2
547298,0
547299,0
547300,1
547301,0
547302,0
547303,1
547304,0
547305,0
547306,0
547307,0
547308,0
547309,3
547310,0
547311,0
547312,0
547313,0
547314,0
547315,0
547316,1
547317,0
547318,0
547319,3
547320,0
547321,0
547322,0
547323,0
547324,0
547325,0
547326,0
547327,0
547328,0
547329,6
547330,0
547331,4
547332,1
547333,3
547334,2
547335,3
547336,0
547337,5
547338,0
547339,0
547340,0
547341,1
547342,0
547343,0
547344,0
547345,0
547346,0
547347,0
547348,1
547349,0
547350,0
547351,3
547352,4
547353,0
547354,0
547355,0
547356,0
547357,1
547358,0
547359,0
547360,0
547361,0
547362,0
547363,0
547364,0
547365,0
547366,0
547367,0
547368,0
547369,0
547370,0
547371,0
547372,0
547373,37
547374,0
547375,34
547376,0
547377,0
547378,0
547379,0
547380,0
547381,0
547382,0
547383,0
547384,0
547385,0
547386,45
547387,0
547388,0
547389,0
547390,0
547391,0
547392,0
547393,0
547394,0
547395,0
547396,0
547397,0
547398,0
547399,0
547400,0
547401,0
547402,0
547403,0
547404,0
547405,0
547406,0
547407,0
547408,34
547409,0
547410,0
547411,0
547412,0
547413,0
547414,0
547415,0
547416,54
547417,56
547418,30
547419,0
547420,0
547421,0
547422,0
547423,0
547424,0
547425,0
547426,19
547427,0
547428,0
547429,0
547430,0
547431,0
547432,0
547433,0
547434,0
547435,0
547436,0
547437,0
547438,0
547439,0
547440,0
547441,0
547442,0
547443,0
547444,0
547445,0
547446,0
547447,0
547448,0
547449,0
547450,0
547451,38
547452,0
547453,0
547454,37
547455,0
547456,0
547457,0
547458,0
547459,0
547460,0
547461,0
547462,0
547463,0
547464,0
547465,0
547466,0
547467,0
547468,0
547469,0
547470,0
547471,0
547472,0
547473,0
547474,0
547475,0
547476,0
547477,0
547478,0
547479,0
547480,35
547481,0
547482,0
547483,0
547484,0
547485,0
547486,0
547487,0
547488,0
547489,14
547490,0
547491,0
547492,0
547493,0
547494,0
547495,0
547496,36
547497,0
547498,0
547499,0
547500,0
547501,0
547502,0
547503,45
547504,0
547505,0
547506,0
547507,0
547508,0
547509,0
547510,0
547511,0
547512,45
547513,0
547514,0
547515,0
547516,0
547517,0
547518,0
547519,0
547520,0
547521,0
547522,0
547523,0
547524,0
547525,0
547526,0
547527,0
547528,0
547529,0
547530,0
547531,35
547532,0
547533,0
547534,0
547535,0
547536,0
547537,0
547538,0
547539,0
547540,0
547541,0
547542,33
547543,0
547544,0
547545,42
547546,0
547547,0
547548,0
547549,0
547550,0
547551,0
547552,0
547553,0
547554,0
547555,0
547556,0
547557,0
547558,0
547559,0
547560,0
547561,47
547562,0
547563,0
547564,0
547565,40
547566,0
547567,0
547568,30
547569,0
547570,0
547571,0
547572,0
547573,0
547574,0
547575,0
547576,0
547577,0
547578,0
547579,0
547580,51
547581,0
547582,0
547583,0
547584,0
547585,0
547586,0
547587,0
547588,0
547589,0
547590,0
547591,0
547592,19
547593,0
547594,0
547595,0
547596,0
547597,0
547598,44
547599,0
547600,0
547601,38
547602,63
547603,0
547604,0
547605,0
547606,0
547607,0
547608,27
547609,0
547610,0
547611,0
547612,0
547613,0
547614,0
547615,0
547616,0
547617,0
547618,0
547619,0
547620,0
547621,0
547622,0
547623,0
547624,0
547625,0
547626,0
547627,0
547628,0
547629,0
547630,0
547631,44
547632,0
547633,0
547634,0
547635,0
547636,0
547637,0
547638,48
547639,0
547640,0
547641,47
547642,25
547643,0
547644,0
547645,0
547646,23
547647,0
547648,0
547649,0
547650,0
547651,0
547652,0
547653,0
547654,0
547655,0
547656,0
547657,0
547658,0
547659,0
547660,0
547661,0
547662,0
547663,0
547664,0
547665,39
547666,0
547667,0
547668,0
547669,70
547670,0
547671,0
547672,0
547673,0
547674,30
547675,0
547676,0
547677,0
547678,0
547679,0
547680,0
547681,0
547682,0
547683,0
547684,32
547685,0
547686,0
547687,0
547688,0
547689,0
547690,0
547691,0
547692,0
547693,0
547694,0
547695,0
547696,0
547697,0
547698,0
547699,25
547700,40
547701,0
547702,43
547703,0
547704,0
547705,0
547706,0
547707,0
547708,0
547709,59
547710,0
547711,0
547712,0
547713,0
547714,0
547715,0
547716,0
547717,0
547718,0
547719,49
547720,0
547721,0
547722,0
547723,0
547724,0
547725,33
547726,46
547727,0
547728,0
547729,0
547730,0
547731,0
547732,0
547733,20
547734,0
547735,0
547736,0
547737,0
547738,35
547739,0
547740,0
547741,39
547742,0
547743,0
547744,0
547745,0
547746,0
547747,0
547748,0
547749,0
547750,0
547751,0
547752,0
547753,0
547754,0
547755,0
547756,0
547757,0
547758,0
547759,0
547760,0
547761,0
547762,0
547763,0
547764,0
547765,38
547766,0
547767,0
547768,0
547769,44
547770,0
547771,0
547772,0
547773,0
547774,0
547775,0
547776,0
547777,0
547778,0
547779,0
547780,0
547781,0
547782,0
547783,0
547784,0
547785,0
547786,0
547787,0
547788,0
547789,14
547790,0
547791,0
547792,0
547793,0
547794,0
547795,0
547796,0
547797,0
547798,0
547799,0
547800,0
547801,0
547802,0
547803,40
547804,0
547805,0
547806,0
547807,0
547808,32
547809,0
547810,41
547811,0
547812,0
547813,0
547814,0
547815,22
547816,41
547817,0
547818,31
547819,0
547820,0
547821,0
547822,0
547823,0
547824,0
547825,21
547826,0
547827,0
547828,0
547829,0
547830,0
547831,19
547832,0
547833,0
547834,0
547835,0
547836,0
547837,0
547838,0
547839,0
547840,0
547841,0
547842,0
547843,39
547844,0
547845,0
547846,0
547847,0
547848,37
547849,0
547850,0
547851,0
547852,0
547853,0
547854,0
547855,0
547856,0
547857,0
547858,0
547859,0
547860,0
547861,0
547862,0
547863,37
547864,0
547865,0
547866,0
547867,0
547868,0
547869,0
547870,0
547871,0
547872,0
547873,0
547874,28
547875,0
547876,0
547877,31
547878,0
547879,0
547880,0
547881,0
547882,0
547883,0
547884,23
547885,0
547886,46
547887,18
547888,0
547889,0
547890,0
547891,0
547892,36
547893,43
547894,0
547895,0
547896,0
547897,0
547898,36
547899,28
547900,0
547901,0
547902,0
547903,0
547904,0
547905,0
547906,0
547907,0
547908,0
547909,0
547910,0
547911,0
547912,0
547913,0
547914,0
547915,0
547916,0
547917,0
547918,0
547919,0
547920,0
547921,0
547922,0
547923,0
547924,0
547925,22
547926,0
547927,36
547928,55
547929,26
547930,0
547931,0
547932,0
547933,23
547934,0
547935,0
547936,0
547937,0
547938,0
547939,0
547940,0
547941,0
547942,0
547943,0
547944,0
547945,0
547946,33
547947,0
547948,0
547949,0
547950,0
547951,0
547952,0
547953,0
547954,0
547955,0
547956,42
547957,0
547958,0
547959,0
547960,0
547961,0
547962,0
547963,0
547964,0
547965,0
547966,42
547967,0
547968,0
547969,0
547970,0
547971,0
547972,0
547973,47
547974,0
547975,48
547976,0
547977,0
547978,28
547979,0
547980,0
547981,0
547982,0
547983,0
547984,0
547985,0
547986,0
547987,0
547988,0
547989,0
547990,0
547991,0
547992,33
547993,0
547994,35
547995,0
547996,0
547997,25
547998,0
547999,33
548000,0
548001,0
548002,0
548003,0
548004,0
548005,0
548006,0
548007,0
548008,0
548009,21
548010,0
548011,0
548012,0
548013,0
548014,0
548015,0
548016,0
548017,9
548018,0
548019,0
548020,0
548021,0
548022,0
548023,0
548024,0
548025,0
548026,0
548027,0
548028,0
548029,0
548030,0
548031,0
548032,0
548033,0
548034,4
548035,5
548036,0
548037,0
548038,14
548039,9
548040,0
548041,12
548042,12
548043,0
548044,5
548045,0
548046,0
548047,0
548048,0
548049,0
548050,0
548051,0
548052,0
548053,0
548054,0
548055,0
548056,9
548057,0
548058,0
548059,0
548060,15
548061,13
548062,9
548063,0
548064,0
548065,0
548066,0
548067,0
548068,0
548069,0
548070,0
548071,12
548072,0
548073,0
548074,0
548075,0
548076,0
548077,0
548078,0
548079,0
548080,0
548081,0
548082,0
548083,0
548084,0
548085,0
548086,0
548087,0
548088,0
548089,0
548090,0
548091,0
548092,0
548093,0
548094,0
548095,0
548096,0
548097,0
548098,0
548099,0
548100,0
548101,0
548102,0
548103,0
548104,0
548105,0
548106,0
548107,0
548108,0
548109,0
548110,0
548111,0
548112,0
548113,0
548114,0
548115,0
548116,0
548117,0
548118,0
548119,0
548120,0
548121,0
548122,0
548123,1
548124,0
548125,0
548126,0
548127,0
548128,0
548129,0
548130,0
548131,0
548132,0
548133,0
548134,0
548135,0
548136,0
548137,0
548138,0
548139,0
548140,0
548141,0
548142,0
548143,0
548144,0
548145,0
548146,0
548147,0
548148,0
548149,0
548150,0
548151,0
548152,0
548153,0
548154,0
548155,0
548156,0
548157,0
548158,0
548159,1
548160,0
548161,0
548162,0
548163,0
548164,0
548165,0
548166,0
548167,0
548168,0
548169,0
548170,0
548171,0
548172,0
548173,0
548174,0
548175,0
548176,0
548177,0
548178,0
548179,0
548180,0
548181,0
548182,0
548183,0
548184,0
548185,0
548186,0
548187,0
548188,0
548189,0
548190,0
548191,0
548192,0
548193,0
548194,0
548195,0
548196,0
548197,0
548198,0
548199,0
548200,0
548201,0
548202,0
548203,0
548204,0
548205,0
548206,0
548207,0
548208,0
548209,0
548210,0
548211,0
548212,0
548213,0
548214,0
548215,0
548216,0
548217,0
548218,0
548219,0
548220,0
548221,0
548222,0
548223,0
548224,0
548225,0
548226,0
548227,0
548228,0
548229,0
548230,0
548231,0
548232,0
548233,0
548234,0
548235,0
548236,0
548237,0
548238,0
548239,0
548240,0
548241,0
548242,0
548243,0
548244,0
548245,0
548246,0
548247,0
548248,0
548249,0
548250,0
548251,0
548252,0
548253,0
548254,0
548255,0
548256,0
548257,0
548258,0
548259,0
548260,0
548261,0
548262,0
548263,0
548264,0
548265,0
548266,0
548267,0
548268,0
548269,0
548270,0
548271,0
548272,0
548273,0
548274,0
548275,0
548276,0
548277,0
548278,0
548279,0
548280,0
548281,0
548282,0
548283,0
548284,0
548285,0
548286,0
548287,0
548288,0
548289,0
548290,0
548291,0
548292,0
548293,0
548294,0
548295,0
548296,0
548297,0
548298,0
548299,0
548300,0
548301,0
548302,0
548303,0
548304,0
548305,0
548306,0
548307,0
548308,0
548309,0
548310,0
548311,0
548312,0
548313,0
548314,0
548315,0
548316,0
548317,0
548318,0
548319,0
548320,0
548321,0
548322,0
548323,0
548324,0
548325,0
548326,0
548327,0
548328,0
548329,0
548330,0
548331,0
548332,0
548333,0
548334,0
548335,0
548336,0
548337,0
548338,0
548339,0
548340,0
548341,0
548342,0
548343,0
548344,0
548345,0
548346,0
548347,0
548348,0
548349,0
548350,0
548351,0
548352,0
548353,0
548354,0
548355,0
548356,0
548357,0
548358,0
548359,0
548360,0
548361,0
548362,0
548363,0
548364,0
548365,0
548366,0
548367,0
548368,0
548369,0
548370,0
548371,0
548372,0
548373,0
548374,0
548375,0
548376,0
548377,0
548378,0
548379,0
548380,0
548381,0
548382,0
548383,0
548384,0
548385,0
548386,0
548387,0
548388,0
548389,0
548390,0
548391,0
548392,0
548393,0
548394,0
548395,0
548396,0
548397,0
548398,0
548399,0
548400,0
548401,0
548402,0
548403,0
548404,0
548405,0
548406,0
548407,0
548408,0
548409,0
548410,0
548411,0
548412,0
548413,0
548414,0
548415,0
548416,0
548417,0
548418,0
548419,0
548420,0
548421,0
548422,0
548423,0
548424,0
548425,0
548426,0
548427,0
548428,0
548429,0
548430,0
548431,0
548432,0
548433,0
548434,0
548435,0
548436,0
548437,1
548438,0
548439,0
548440,0
548441,0
548442,0
548443,0
548444,0
548445,0
548446,0
548447,0
548448,0
548449,0
548450,0
548451,0
548452,0
548453,0
548454,0
548455,0
548456,0
548457,0
548458,0
548459,0
548460,0
548461,0
548462,0
548463,0
548464,0
548465,0
548466,0
548467,0
548468,0
548469,0
548470,0
548471,0
548472,0
548473,0
548474,0
548475,0
548476,0
548477,0
548478,0
548479,1
548480,0
548481,0
548482,0
548483,0
548484,0
548485,0
548486,0
548487,0
548488,0
548489,0
548490,0
548491,0
548492,0
548493,0
548494,0
548495,0
548496,0
548497,0
548498,0
548499,0
548500,0
548501,0
548502,0
548503,0
548504,0
548505,0
548506,0
548507,0
548508,0
548509,0
548510,0
548511,0
548512,0
548513,0
548514,0
548515,0
548516,0
548517,0
548518,0
548519,0
548520,0
548521,0
548522,0
548523,0
548524,0
548525,0
548526,0
548527,0
548528,0
548529,0
548530,0
548531,0
548532,0
548533,0
548534,0
548535,0
548536,0
548537,0
548538,1
548539,0
548540,0
548541,0
548542,0
548543,0
548544,0
548545,0
548546,0
548547,0
548548,0
548549,0
548550,0
548551,0
548552,0
548553,0
548554,0
548555,0
548556,0
548557,0
548558,0
548559,0
548560,0
548561,0
548562,0
548563,0
548564,0
548565,0
548566,0
548567,0
548568,0
548569,0
548570,0
548571,0
548572,0
548573,0
548574,0
548575,0
548576,0
548577,0
548578,0
548579,0
548580,0
548581,0
548582,0
548583,0
548584,0
548585,0
548586,0
548587,0
548588,0
548589,0
548590,0
548591,0
548592,0
548593,0
548594,0
548595,0
548596,0
548597,0
548598,0
548599,0
548600,0
548601,0
548602,0
548603,0
548604,0
548605,0
548606,0
548607,0
548608,0
548609,0
548610,0
548611,0
548612,0
548613,0
548614,0
548615,0
548616,0
548617,0
548618,0
548619,0
548620,0
548621,0
548622,0
548623,0
548624,0
548625,0
548626,0
548627,0
548628,0
548629,0
548630,0
548631,0
548632,0
548633,0
548634,0
548635,0
548636,0
548637,0
548638,0
548639,0
548640,0
548641,0
548642,0
548643,0
548644,0
548645,0
548646,0
548647,0
548648,0
548649,0
548650,0
548651,0
548652,0
548653,0
548654,0
548655,0
548656,0
548657,0
548658,0
548659,0
548660,0
548661,0
548662,0
548663,0
548664,0
548665,0
548666,0
548667,0
548668,0
548669,0
548670,0
548671,0
548672,0
548673,0
548674,0
548675,0
548676,0
548677,0
548678,0
548679,0
548680,0
548681,0
548682,0
548683,0
548684,0
548685,0
548686,0
548687,0
548688,0
548689,0
548690,0
548691,0
548692,34
548693,0
548694,0
548695,0
548696,0
548697,0
548698,42
548699,0
548700,0
548701,0
548702,0
548703,0
548704,39
548705,0
548706,0
548707,0
548708,29
548709,0
548710,0
548711,0
548712,0
548713,0
548714,0
548715,0
548716,31
548717,0
548718,0
548719,0
548720,0
548721,0
548722,0
548723,0
548724,46
548725,0
548726,0
548727,38
548728,44
548729,0
548730,0
548731,0
548732,40
548733,37
548734,0
548735,0
548736,0
548737,0
548738,0
548739,0
548740,0
548741,0
548742,0
548743,0
548744,0
548745,0
548746,0
548747,39
548748,0
548749,37
548750,51
548751,27
548752,0
548753,0
548754,0
548755,45
548756,61
548757,66
548758,0
548759,0
548760,28
548761,0
548762,0
548763,0
548764,0
548765,0
548766,40
548767,0
548768,0
548769,0
548770,0
548771,48
548772,0
548773,0
548774,0
548775,0
548776,40
548777,0
548778,0
548779,45
548780,43
548781,0
548782,0
548783,32
548784,0
548785,0
548786,45
548787,0
548788,0
548789,0
548790,0
548791,34
548792,0
548793,47
548794,0
548795,0
548796,32
548797,0
548798,53
548799,0
548800,40
548801,0
548802,63
548803,0
548804,19
548805,0
548806,0
548807,0
548808,0
548809,38
548810,56
548811,0
548812,0
548813,43
548814,28
548815,0
548816,0
548817,0
548818,40
548819,0
548820,0
548821,0
548822,41
548823,34
548824,0
548825,0
548826,56
548827,46
548828,0
548829,0
548830,0
548831,0
548832,0
548833,0
548834,0
548835,35
548836,0
548837,0
548838,36
548839,0
548840,0
548841,0
548842,0
548843,0
548844,0
548845,0
548846,0
548847,28
548848,0
548849,0
548850,46
548851,37
548852,0
548853,0
548854,47
548855,42
548856,0
548857,0
548858,0
548859,0
548860,0
548861,21
548862,0
548863,27
548864,0
548865,0
548866,0
548867,0
548868,0
548869,0
548870,0
548871,43
548872,0
548873,0
548874,0
548875,41
548876,0
548877,0
548878,0
548879,32
548880,0
548881,0
548882,40
548883,0
548884,0
548885,0
548886,0
548887,0
548888,48
548889,0
548890,29
548891,0
548892,0
548893,0
548894,0
548895,36
548896,0
548897,0
548898,47
548899,28
548900,0
548901,26
548902,0
548903,0
548904,0
548905,0
548906,0
548907,52
548908,0
548909,0
548910,0
548911,0
548912,39
548913,0
548914,0
548915,0
548916,36
548917,35
548918,0
548919,51
548920,37
548921,20
548922,0
548923,0
548924,36
548925,0
548926,24
548927,0
548928,0
548929,0
548930,32
548931,0
548932,0
548933,0
548934,0
548935,24
548936,0
548937,34
548938,64
548939,0
548940,0
548941,0
548942,0
548943,42
548944,28
548945,0
548946,39
548947,0
548948,0
548949,0
548950,0
548951,0
548952,0
548953,0
548954,0
548955,27
548956,0
548957,0
548958,0
548959,48
548960,0
548961,0
548962,0
548963,28
548964,0
548965,31
548966,0
548967,33
548968,45
548969,22
548970,0
548971,0
548972,0
548973,0
548974,0
548975,0
548976,0
548977,51
548978,31
548979,0
548980,0
548981,0
548982,0
548983,0
548984,0
548985,0
548986,0
548987,0
548988,0
548989,42
548990,0
548991,37
548992,42
548993,41
548994,0
548995,0
548996,0
548997,50
548998,35
548999,0
549000,0
549001,0
549002,0
549003,0
549004,0
549005,48
549006,0
549007,0
549008,0
549009,0
549010,0
549011,0
549012,0
549013,29
549014,0
549015,45
549016,46
549017,38
549018,0
549019,0
549020,0
549021,0
549022,31
549023,0
549024,0
549025,0
549026,0
549027,0
549028,0
549029,0
549030,46
549031,0
549032,0
549033,36
549034,34
549035,26
549036,0
549037,40
549038,0
549039,0
549040,0
549041,0
549042,0
549043,0
549044,0
549045,0
549046,0
549047,0
549048,0
549049,0
549050,0
549051,0
549052,0
549053,34
549054,45
549055,36
549056,0
549057,0
549058,38
549059,0
549060,0
549061,0
549062,0
549063,0
549064,50
549065,0
549066,0
549067,0
549068,41
549069,0
549070,0
549071,0
549072,0
549073,0
549074,0
549075,0
549076,31
549077,44
549078,0
549079,35
549080,0
549081,0
549082,36
549083,0
549084,0
549085,0
549086,37
549087,41
549088,53
549089,38
549090,0
549091,30
549092,55
549093,0
549094,0
549095,0
549096,0
549097,37
549098,0
549099,49
549100,0
549101,0
549102,26
549103,0
549104,45
549105,0
549106,0
549107,0
549108,44
549109,0
549110,0
549111,20
549112,45
549113,33
549114,0
549115,0
549116,0
549117,0
549118,41
549119,0
549120,45
549121,53
549122,0
549123,47
549124,0
549125,0
549126,31
549127,0
549128,49
549129,0
549130,0
549131,0
549132,36
549133,0
549134,0
549135,37
549136,0
549137,0
549138,0
549139,0
549140,0
549141,0
549142,0
549143,0
549144,0
549145,0
549146,0
549147,0
549148,0
549149,23
549150,0
549151,0
549152,0
549153,0
549154,0
549155,0
549156,0
549157,0
549158,41
549159,0
549160,0
549161,39
549162,69
549163,0
549164,0
549165,0
549166,41
549167,0
549168,0
549169,0
549170,0
549171,0
549172,0
549173,0
549174,0
549175,0
549176,0
549177,0
549178,0
549179,0
549180,23
549181,0
549182,0
549183,0
549184,36
549185,64
549186,0
549187,0
549188,0
549189,0
549190,0
549191,0
549192,0
549193,0
549194,19
549195,0
549196,0
549197,0
549198,0
549199,0
549200,0
549201,0
549202,0
549203,49
549204,0
549205,0
549206,0
549207,0
549208,0
549209,34
549210,0
549211,28
549212,0
549213,0
549214,0
549215,0
549216,57
549217,0
549218,30
549219,0
549220,0
549221,0
549222,0
549223,0
549224,37
549225,0
549226,35
549227,0
549228,24
549229,0
549230,31
549231,0
549232,0
549233,0
549234,0
549235,0
549236,0
549237,0
549238,0
549239,0
549240,46
549241,24
549242,0
549243,0
549244,0
549245,0
549246,0
549247,0
549248,30
549249,43
549250,33
549251,57
549252,40
549253,0
549254,32
549255,0
549256,30
549257,0
549258,0
549259,0
549260,35
549261,41
549262,0
549263,0
549264,0
549265,0
549266,0
549267,29
549268,0
549269,0
549270,45
549271,48
549272,0
549273,0
549274,0
549275,0
549276,0
549277,0
549278,59
549279,0
549280,0
549281,0
549282,0
549283,0
549284,29
549285,0
549286,35
549287,0
549288,0
549289,0
549290,0
549291,0
549292,50
549293,0
549294,0
549295,35
549296,0
549297,52
549298,0
549299,0
549300,0
549301,42
549302,40
549303,49
549304,45
549305,60
549306,0
549307,0
549308,0
549309,23
549310,0
549311,0
549312,32
549313,0
549314,49
549315,39
549316,33
549317,0
549318,39
549319,0
549320,0
549321,39
549322,0
549323,0
549324,60
549325,0
549326,0
549327,0
549328,0
549329,41
549330,0
549331,24
549332,0
549333,0
549334,60
549335,0
549336,30
549337,47
549338,0
549339,46
549340,31
549341,0
549342,65
549343,0
549344,0
549345,0
549346,38
549347,0
549348,28
549349,0
549350,31
549351,20
549352,0
549353,46
549354,0
549355,0
549356,0
549357,0
549358,0
549359,0
549360,0
549361,0
549362,0
549363,0
549364,43
549365,0
549366,0
549367,0
549368,0
549369,0
549370,55
549371,0
549372,0
549373,0
549374,0
549375,40
549376,0
549377,0
549378,29
549379,0
549380,0
549381,0
549382,0
549383,32
549384,53
549385,0
549386,47
549387,44
549388,0
549389,0
549390,0
549391,0
549392,0
549393,0
549394,0
549395,0
549396,0
549397,0
549398,0
549399,0
549400,0
549401,39
549402,0
549403,38
549404,45
549405,44
549406,0
549407,0
549408,0
549409,0
549410,39
549411,0
549412,0
549413,48
549414,0
549415,44
549416,0
549417,0
549418,0
549419,0
549420,43
549421,0
549422,0
549423,44
549424,0
549425,0
549426,0
549427,36
549428,0
549429,0
549430,0
549431,0
549432,0
549433,0
549434,0
549435,0
549436,22
549437,0
549438,0
549439,0
549440,34
549441,0
549442,0
549443,0
549444,0
549445,0
549446,0
549447,34
549448,0
549449,0
549450,28
549451,0
549452,0
549453,0
549454,0
549455,0
549456,0
549457,0
549458,0
549459,0
549460,21
549461,0
549462,0
549463,0
549464,0
549465,0
549466,0
549467,0
549468,0
549469,0
549470,0
549471,0
549472,0
549473,19
549474,0
549475,0
549476,0
549477,0
549478,0
549479,0
549480,0
549481,0
549482,0
549483,0
549484,43
549485,0
549486,0
549487,0
549488,20
549489,0
549490,0
549491,0
549492,0
549493,40
549494,51
549495,25
549496,0
549497,0
549498,22
549499,0
549500,0
549501,0
549502,0
549503,28
549504,0
549505,0
549506,0
549507,0
549508,0
549509,0
549510,0
549511,0
549512,0
549513,0
549514,0
549515,0
549516,0
549517,0
549518,0
549519,26
549520,37
549521,0
549522,0
549523,0
549524,0
549525,28
549526,0
549527,0
549528,32
549529,0
549530,0
549531,0
549532,0
549533,0
549534,0
549535,0
549536,19
549537,0
549538,0
549539,0
549540,0
549541,0
549542,0
549543,0
549544,45
549545,0
549546,0
549547,0
549548,35
549549,0
549550,0
549551,0
549552,35
549553,38
549554,0
549555,37
549556,0
549557,0
549558,0
549559,0
549560,0
549561,0
549562,40
549563,0
549564,0
549565,0
549566,0
549567,34
549568,0
549569,0
549570,0
549571,0
549572,0
549573,0
549574,0
549575,0
549576,27
549577,0
549578,0
549579,0
549580,0
549581,30
549582,0
549583,0
549584,0
549585,0
549586,0
549587,42
549588,0
549589,0
549590,0
549591,0
549592,0
549593,40
549594,0
549595,0
549596,0
549597,0
549598,0
549599,0
549600,25
549601,0
549602,33
549603,0
549604,0
549605,0
549606,0
549607,0
549608,0
549609,0
549610,0
549611,0
549612,27
549613,0
549614,42
549615,0
549616,0
549617,36
549618,0
549619,31
549620,42
549621,0
549622,31
549623,0
549624,32
549625,0
549626,0
549627,0
549628,24
549629,0
549630,42
549631,0
549632,0
549633,0
549634,0
549635,0
549636,32
549637,0
549638,0
549639,0
549640,35
549641,0
549642,0
549643,0
549644,0
549645,0
549646,34
549647,0
549648,0
549649,0
549650,27
549651,0
549652,0
549653,0
549654,0
549655,0
549656,0
549657,25
549658,0
549659,0
549660,0
549661,0
549662,30
549663,0
549664,0
549665,0
549666,0
549667,0
549668,0
549669,0
549670,0
549671,0
549672,0
549673,0
549674,0
549675,0
549676,35
549677,0
549678,0
549679,0
549680,0
549681,0
549682,33
549683,0
549684,0
549685,0
549686,0
549687,0
549688,0
549689,0
549690,0
549691,31
549692,0
549693,0
549694,0
549695,0
549696,0
549697,21
549698,29
549699,0
549700,0
549701,36
549702,0
549703,0
549704,31
549705,0
549706,0
549707,29
549708,0
549709,0
549710,0
549711,0
549712,0
549713,0
549714,0
549715,0
549716,0
549717,32
549718,0
549719,0
549720,0
549721,0
549722,0
549723,36
549724,0
549725,0
549726,0
549727,0
549728,0
549729,0
549730,0
549731,0
549732,0
549733,0
549734,0
549735,0
549736,35
549737,0
549738,35
549739,18
549740,0
549741,0
549742,0
549743,25
549744,0
549745,0
549746,0
549747,0
549748,43
549749,37
549750,0
549751,0
549752,0
549753,0
549754,0
549755,0
549756,0
549757,0
549758,0
549759,0
549760,0
549761,0
549762,0
549763,39
549764,0
549765,0
549766,0
549767,0
549768,0
549769,0
549770,30
549771,38
549772,0
549773,0
549774,26
549775,0
549776,0
549777,26
549778,0
549779,32
549780,0
549781,0
549782,0
549783,0
549784,0
549785,0
549786,0
549787,0
549788,0
549789,0
549790,43
549791,0
549792,0
549793,0
549794,33
549795,0
549796,0
549797,0
549798,0
549799,0
549800,0
549801,36
549802,0
549803,0
549804,0
549805,0
549806,0
549807,0
549808,0
549809,0
549810,32
549811,29
549812,0
549813,0
549814,42
549815,0
549816,0
549817,0
549818,0
549819,41
549820,0
549821,0
549822,31
549823,0
549824,0
549825,0
549826,0
549827,34
549828,0
549829,0
549830,0
549831,0
549832,0
549833,0
549834,0
549835,0
549836,0
549837,0
549838,0
549839,0
549840,0
549841,0
549842,0
549843,0
549844,0
549845,0
549846,0
549847,0
549848,0
549849,0
549850,0
549851,0
549852,0
549853,29
549854,0
549855,0
549856,0
549857,0
549858,0
549859,38
549860,26
549861,0
549862,0
549863,53
549864,0
549865,0
549866,0
549867,0
549868,0
549869,0
549870,0
549871,0
549872,17
549873,0
549874,0
549875,0
549876,0
549877,0
549878,0
549879,27
549880,0
549881,0
549882,0
549883,0
549884,0
549885,0
549886,16
549887,0
549888,0
549889,43
549890,0
549891,0
549892,0
549893,0
549894,0
549895,0
549896,0
549897,0
549898,23
549899,0
549900,0
549901,0
549902,0
549903,0
549904,0
549905,0
549906,29
549907,36
549908,0
549909,0
549910,0
549911,0
549912,28
549913,0
549914,0
549915,21
549916,0
549917,0
549918,0
549919,0
549920,0
549921,0
549922,0
549923,0
549924,0
549925,0
549926,0
549927,0
549928,0
549929,0
549930,34
549931,53
549932,0
549933,0
549934,45
549935,31
549936,0
549937,0
549938,0
549939,35
549940,0
549941,0
549942,27
549943,0
549944,0
549945,0
549946,0
549947,0
549948,0
549949,32
549950,0
549951,0
549952,0
549953,0
549954,0
549955,0
549956,37
549957,0
549958,37
549959,0
549960,0
549961,40
549962,0
549963,0
549964,0
549965,0
549966,0
549967,0
549968,34
549969,0
549970,0
549971,0
549972,0
549973,0
549974,0
549975,0
549976,0
549977,26
549978,0
549979,0
549980,0
549981,0
549982,0
549983,0
549984,0
549985,33
549986,0
549987,25
549988,0
549989,0
549990,28
549991,0
549992,13
549993,0
549994,0
549995,36
549996,0
549997,0
549998,37
549999,0
550000,0
550001,0
550002,0
550003,0
550004,0
550005,31
550006,43
550007,0
550008,35
550009,24
550010,0
550011,42
550012,32
550013,0
550014,27
550015,0
550016,0
550017,0
550018,42
550019,35
550020,0
550021,36
550022,0
550023,0
550024,0
550025,0
550026,0
550027,0
550028,0
550029,0
550030,0
550031,0
550032,0
550033,0
550034,0
550035,0
550036,0
550037,0
550038,0
550039,0
550040,0
550041,0
550042,0
550043,0
550044,22
550045,0
550046,0
550047,0
550048,26
550049,0
550050,0
550051,0
550052,0
550053,27
550054,0
550055,0
550056,0
550057,29
550058,0
550059,0
550060,0
550061,0
550062,0
550063,0
550064,0
550065,0
550066,0
550067,0
550068,29
550069,32
550070,0
550071,0
550072,0
550073,0
550074,0
550075,0
550076,0
550077,0
550078,0
550079,0
550080,0
550081,0
550082,0
550083,0
550084,0
550085,0
550086,0
550087,0
550088,0
550089,0
550090,35
550091,0
550092,0
550093,0
550094,33
550095,36
550096,29
550097,43
550098,0
550099,12
550100,0
550101,0
550102,0
550103,0
550104,0
550105,36
550106,35
550107,0
550108,0
550109,28
550110,17
550111,0
550112,0
550113,0
550114,19
550115,0
550116,35
550117,0
550118,0
550119,32
550120,0
550121,0
550122,0
550123,0
550124,0
550125,0
550126,36
550127,0
550128,0
550129,0
550130,0
550131,0
550132,0
550133,0
550134,0
550135,28
550136,0
550137,33
550138,0
550139,0
550140,0
550141,0
550142,0
550143,0
550144,34
550145,0
550146,0
550147,0
550148,27
550149,0
550150,0
550151,0
550152,0
550153,0
550154,0
550155,0
550156,0
550157,34
550158,0
550159,33
550160,0
550161,0
550162,45
550163,0
550164,27
550165,0
550166,0
550167,0
550168,0
550169,0
550170,0
550171,35
550172,29
550173,0
550174,30
550175,0
550176,38
550177,0
550178,0
550179,0
550180,0
550181,0
550182,30
550183,0
550184,0
550185,0
550186,0
550187,0
550188,0
550189,0
550190,0
550191,0
550192,41
550193,0
550194,0
550195,0
550196,0
550197,0
550198,0
550199,0
550200,0
550201,0
550202,0
550203,0
550204,0
550205,0
550206,0
550207,0
550208,0
550209,0
550210,33
550211,0
550212,0
550213,0
550214,36
550215,0
550216,38
550217,0
550218,0
550219,0
550220,0
550221,0
550222,0
550223,0
550224,0
550225,0
550226,36
550227,0
550228,0
550229,0
550230,0
550231,0
550232,0
550233,0
550234,0
550235,0
550236,0
550237,0
550238,0
550239,0
550240,0
550241,27
550242,0
550243,0
550244,0
550245,0
550246,0
550247,30
550248,0
550249,30
550250,0
550251,0
550252,0
550253,0
550254,0
550255,0
550256,0
550257,0
550258,0
550259,0
550260,43
550261,0
550262,0
550263,0
550264,33
550265,0
550266,0
550267,0
550268,0
550269,0
550270,0
550271,0
550272,0
550273,0
550274,0
550275,29
550276,0
550277,0
550278,0
550279,0
550280,0
550281,0
550282,0
550283,0
550284,0
550285,0
550286,0
550287,0
550288,0
550289,0
550290,0
550291,26
550292,0
550293,0
550294,0
550295,0
550296,0
550297,0
550298,0
550299,0
550300,31
550301,0
550302,27
550303,32
550304,0
550305,0
550306,0
550307,49
550308,0
550309,0
550310,0
550311,0
550312,28
550313,0
550314,0
550315,0
550316,0
550317,32
550318,25
550319,0
550320,0
550321,0
550322,0
550323,0
550324,0
550325,0
550326,0
550327,0
550328,32
550329,0
550330,0
550331,0
550332,0
550333,23
550334,0
550335,0
550336,0
550337,0
550338,0
550339,0
550340,0
550341,0
550342,0
550343,0
550344,0
550345,0
550346,0
550347,27
550348,0
550349,0
550350,0
550351,0
550352,0
550353,0
550354,0
550355,0
550356,0
550357,34
550358,0
550359,0
550360,0
550361,0
550362,0
550363,0
550364,0
550365,0
550366,0
550367,0
550368,0
550369,0
550370,0
550371,0
550372,0
550373,0
550374,0
550375,28
550376,0
550377,0
550378,0
550379,0
550380,0
550381,0
550382,30
550383,0
550384,0
550385,0
550386,0
550387,0
550388,0
550389,0
550390,0
550391,0
550392,0
550393,0
550394,0
550395,0
550396,0
550397,0
550398,0
550399,0
550400,0
550401,0
550402,0
550403,0
550404,0
550405,0
550406,0
550407,0
550408,0
550409,0
550410,0
550411,0
550412,0
550413,0
550414,0
550415,0
550416,0
550417,0
550418,0
550419,0
550420,0
550421,0
550422,0
550423,0
550424,0
550425,0
550426,0
550427,0
550428,0
550429,0
550430,0
550431,0
550432,0
550433,0
550434,0
550435,0
550436,0
550437,0
550438,0
550439,0
550440,0
550441,0
550442,0
550443,0
550444,0
550445,0
550446,0
550447,0
550448,0
550449,0
550450,0
550451,0
550452,0
550453,0
550454,0
550455,0
550456,0
550457,0
550458,0
550459,0
550460,0
550461,0
550462,0
550463,0
550464,0
550465,0
550466,0
550467,0
550468,0
550469,0
550470,0
550471,0
550472,0
550473,0
550474,0
550475,0
550476,0
550477,0
550478,0
550479,0
550480,0
550481,0
550482,0
550483,0
550484,0
550485,0
550486,0
550487,0
550488,0
550489,0
550490,0
550491,0
550492,0
550493,0
550494,0
550495,0
550496,0
550497,0
550498,0
550499,0
550500,0
550501,0
550502,0
550503,0
550504,0
550505,0
550506,0
550507,0
550508,0
550509,0
550510,0
550511,0
550512,0
550513,0
550514,0
550515,0
550516,0
550517,0
550518,0
550519,0
550520,0
550521,0
550522,0
550523,0
550524,0
550525,0
550526,0
550527,0
550528,0
550529,0
550530,0
550531,0
550532,0
550533,0
550534,0
550535,0
550536,0
550537,0
550538,0
550539,1
550540,0
550541,0
550542,0
550543,0
550544,0
550545,0
550546,0
550547,0
550548,0
550549,0
550550,0
550551,0
550552,0
550553,0
550554,0
550555,0
550556,0
550557,0
550558,0
550559,0
550560,0
550561,0
550562,1
550563,0
550564,0
550565,0
550566,0
550567,0
550568,0
550569,0
550570,0
550571,0
550572,0
550573,0
550574,0
550575,0
550576,0
550577,0
550578,0
550579,0
550580,0
550581,0
550582,0
550583,0
550584,0
550585,0
550586,0
550587,0
550588,0
550589,0
550590,0
550591,0
550592,0
550593,0
550594,0
550595,0
550596,0
550597,0
550598,0
550599,0
550600,0
550601,0
550602,0
550603,0
550604,0
550605,0
550606,0
550607,0
550608,0
550609,0
550610,0
550611,0
550612,0
550613,0
550614,0
550615,0
550616,0
550617,0
550618,0
550619,0
550620,0
550621,0
550622,0
550623,0
550624,0
550625,0
550626,0
550627,0
550628,0
550629,0
550630,0
550631,0
550632,0
550633,0
550634,0
550635,0
550636,0
550637,0
550638,0
550639,0
550640,0
550641,1
550642,0
550643,0
550644,0
550645,0
550646,0
550647,0
550648,0
550649,0
550650,0
550651,0
550652,0
550653,0
550654,0
550655,0
550656,0
550657,0
550658,0
550659,0
550660,0
550661,0
550662,0
550663,0
550664,0
550665,0
550666,0
550667,0
550668,0
550669,0
550670,0
550671,0
550672,0
550673,0
550674,0
550675,0
550676,0
550677,0
550678,0
550679,0
550680,0
550681,0
550682,0
550683,0
550684,0
550685,0
550686,0
550687,0
550688,0
550689,0
550690,0
550691,0
550692,0
550693,0
550694,0
550695,0
550696,0
550697,0
550698,0
550699,0
550700,0
550701,0
550702,0
550703,0
550704,0
550705,0
550706,0
550707,0
550708,0
550709,0
550710,0
550711,0
550712,0
550713,0
550714,0
550715,0
550716,0
550717,0
550718,0
550719,0
550720,0
550721,0
550722,0
550723,0
550724,0
550725,0
550726,0
550727,0
550728,0
550729,0
550730,0
550731,0
550732,0
550733,0
550734,0
550735,0
550736,1
550737,0
550738,0
550739,0
550740,0
550741,0
550742,0
550743,0
550744,0
550745,0
550746,0
550747,0
550748,0
550749,0
550750,0
550751,0
550752,0
550753,0
550754,0
550755,0
550756,0
550757,0
550758,0
550759,0
550760,0
550761,0
550762,0
550763,0
550764,0
550765,0
550766,0
550767,0
550768,0
550769,0
550770,0
550771,0
550772,0
550773,0
550774,0
550775,0
550776,0
550777,0
550778,0
550779,0
550780,0
550781,0
550782,0
550783,0
550784,0
550785,0
550786,0
550787,0
550788,0
550789,0
550790,0
550791,0
550792,0
550793,0
550794,0
550795,0
550796,0
550797,0
550798,0
550799,0
550800,0
550801,0
550802,0
550803,0
550804,0
550805,0
550806,0
550807,0
550808,0
550809,0
550810,0
550811,0
550812,0
550813,0
550814,0
550815,0
550816,0
550817,0
550818,0
550819,0
550820,0
550821,0
550822,0
550823,0
550824,0
550825,0
550826,0
550827,0
550828,0
550829,0
550830,0
550831,0
550832,0
550833,0
550834,0
550835,0
550836,16
550837,0
550838,22
550839,0
550840,0
550841,0
550842,0
550843,0
550844,17
550845,0
550846,12
550847,0
550848,17
550849,18
550850,0
550851,0
550852,18
550853,16
550854,16
550855,0
550856,0
550857,24
550858,0
550859,0
550860,0
550861,20
550862,0
550863,12
550864,0
550865,0
550866,0
550867,0
550868,0
550869,0
550870,0
550871,0
550872,0
550873,15
550874,0
550875,0
550876,0
550877,16
550878,0
550879,0
550880,0
550881,0
550882,0
550883,0
550884,0
550885,0
550886,0
550887,0
550888,15
550889,15
550890,0
550891,11
550892,0
550893,0
550894,19
550895,0
550896,0
550897,0
550898,0
550899,16
550900,0
550901,0
550902,0
550903,0
550904,0
550905,0
550906,0
550907,0
550908,0
550909,0
550910,0
550911,26
550912,0
550913,18
550914,0
550915,0
550916,0
550917,16
550918,8
550919,0
550920,0
550921,16
550922,0
550923,0
550924,0
550925,0
550926,23
550927,0
550928,0
550929,0
550930,0
550931,0
550932,0
550933,20
550934,20
550935,20
550936,8
550937,0
550938,20
550939,0
550940,0
550941,16
550942,0
550943,0
550944,0
550945,0
550946,0
550947,11
550948,0
550949,0
550950,0
550951,0
550952,16
550953,0
550954,0
550955,19
550956,14
550957,0
550958,0
550959,12
550960,0
550961,0
550962,21
550963,26
550964,0
550965,0
550966,0
550967,0
550968,0
550969,0
550970,0
550971,20
550972,0
550973,0
550974,0
550975,13
550976,28
550977,0
550978,17
550979,0
550980,0
550981,0
550982,17
550983,0
550984,0
550985,0
550986,0
550987,8
550988,0
550989,0
550990,0
550991,31
550992,0
550993,16
550994,0
550995,0
550996,0
550997,0
550998,21
550999,0
551000,0
551001,0
551002,16
551003,0
551004,0
551005,0
551006,0
551007,0
551008,23
551009,0
551010,0
551011,10
551012,0
551013,0
551014,0
551015,0
551016,26
551017,0
551018,0
551019,0
551020,0
551021,0
551022,0
551023,0
551024,0
551025,0
551026,0
551027,0
551028,0
551029,0
551030,0
551031,0
551032,0
551033,22
551034,0
551035,16
551036,0
551037,0
551038,26
551039,0
551040,10
551041,0
551042,0
551043,0
551044,0
551045,16
551046,0
551047,0
551048,0
551049,0
551050,0
551051,14
551052,0
551053,0
551054,0
551055,13
551056,0
551057,0
551058,0
551059,0
551060,0
551061,0
551062,0
551063,0
551064,0
551065,21
551066,0
551067,0
551068,0
551069,17
551070,13
551071,19
551072,0
551073,20
551074,0
551075,0
551076,0
551077,0
551078,0
551079,0
551080,0
551081,0
551082,0
551083,0
551084,0
551085,0
551086,0
551087,0
551088,0
551089,24
551090,0
551091,0
551092,0
551093,0
551094,8
551095,0
551096,0
551097,0
551098,17
551099,13
551100,20
551101,28
551102,0
551103,0
551104,0
551105,0
551106,0
551107,13
551108,0
551109,15
551110,0
551111,0
551112,18
551113,0
551114,13
551115,0
551116,0
551117,21
551118,0
551119,0
551120,0
551121,0
551122,0
551123,0
551124,0
551125,0
551126,0
551127,0
551128,21
551129,0
551130,0
551131,0
551132,0
551133,0
551134,0
551135,0
551136,0
551137,18
551138,0
551139,0
551140,0
551141,0
551142,0
551143,17
551144,0
551145,0
551146,0
551147,0
551148,11
551149,9
551150,0
551151,0
551152,0
551153,0
551154,0
551155,0
551156,0
551157,0
551158,0
551159,0
551160,0
551161,13
551162,15
551163,0
551164,0
551165,0
551166,18
551167,0
551168,0
551169,0
551170,0
551171,13
551172,0
551173,19
551174,0
551175,0
551176,0
551177,0
551178,14
551179,18
551180,16
551181,13
551182,18
551183,0
551184,11
551185,16
551186,0
551187,0
551188,0
551189,0
551190,15
551191,0
551192,0
551193,0
551194,0
551195,0
551196,0
551197,0
551198,0
551199,17
551200,0
551201,0
551202,0
551203,0
551204,0
551205,0
551206,0
551207,16
551208,0
551209,0
551210,0
551211,0
551212,20
551213,0
551214,0
551215,0
551216,0
551217,0
551218,16
551219,0
551220,20
551221,14
551222,15
551223,0
551224,0
551225,0
551226,0
551227,15
551228,0
551229,0
551230,0
551231,16
551232,0
551233,13
551234,0
551235,15
551236,0
551237,0
551238,11
551239,0
551240,17
551241,0
551242,0
551243,0
551244,0
551245,0
551246,0
551247,0
551248,0
551249,0
551250,0
551251,0
551252,0
551253,17
551254,0
551255,18
551256,0
551257,19
551258,0
551259,12
551260,0
551261,0
551262,0
551263,0
551264,29
551265,28
551266,0
551267,0
551268,0
551269,0
551270,0
551271,0
551272,6
551273,12
551274,0
551275,15
551276,0
551277,0
551278,0
551279,0
551280,0
551281,25
551282,12
551283,15
551284,12
551285,0
551286,0
551287,22
551288,0
551289,0
551290,0
551291,0
551292,17
551293,15
551294,16
551295,0
551296,0
551297,14
551298,0
551299,17
551300,0
551301,0
551302,0
551303,11
551304,0
551305,17
551306,0
551307,0
551308,0
551309,0
551310,21
551311,0
551312,0
551313,0
551314,0
551315,22
551316,0
551317,0
551318,0
551319,17
551320,0
551321,0
551322,20
551323,0
551324,12
551325,0
551326,0
551327,16
551328,0
551329,0
551330,0
551331,18
551332,0
551333,0
551334,0
551335,0
551336,13
551337,13
551338,0
551339,0
551340,0
551341,18
551342,0
551343,0
551344,0
551345,0
551346,0
551347,14
551348,27
551349,20
551350,11
551351,17
551352,0
551353,0
551354,0
551355,0
551356,0
551357,0
551358,0
551359,0
551360,0
551361,0
551362,0
551363,0
551364,14
551365,11
551366,0
551367,23
551368,0
551369,0
551370,18
551371,0
551372,0
551373,0
551374,0
551375,0
551376,0
551377,0
551378,18
551379,0
551380,0
551381,0
551382,18
551383,0
551384,0
551385,0
551386,0
551387,0
551388,11
551389,0
551390,0
551391,0
551392,12
551393,0
551394,0
551395,0
551396,0
551397,0
551398,0
551399,0
551400,0
551401,0
551402,0
551403,17
551404,0
551405,0
551406,0
551407,18
551408,12
551409,18
551410,24
551411,0
551412,0
551413,15
551414,0
551415,0
551416,0
551417,11
551418,0
551419,0
551420,0
551421,31
551422,0
551423,17
551424,0
551425,0
551426,0
551427,0
551428,0
551429,0
551430,0
551431,0
551432,0
551433,0
551434,0
551435,0
551436,0
551437,0
551438,0
551439,15
551440,0
551441,0
551442,18
551443,0
551444,0
551445,16
551446,21
551447,0
551448,0
551449,0
551450,0
551451,14
551452,0
551453,12
551454,0
551455,0
551456,0
551457,0
551458,8
551459,0
551460,0
551461,17
551462,16
551463,0
551464,0
551465,0
551466,17
551467,17
551468,0
551469,0
551470,0
551471,0
551472,0
551473,0
551474,0
551475,0
551476,0
551477,33
551478,0
551479,0
551480,0
551481,0
551482,0
551483,0
551484,0
551485,17
551486,0
551487,0
551488,0
551489,0
551490,0
551491,19
551492,16
551493,0
551494,0
551495,0
551496,20
551497,13
551498,0
551499,0
551500,0
551501,0
551502,0
551503,0
551504,0
551505,0
551506,18
551507,0
551508,0
551509,0
551510,20
551511,0
551512,0
551513,8
551514,0
551515,0
551516,0
551517,20
551518,0
551519,0
551520,13
551521,0
551522,0
551523,0
551524,0
551525,0
551526,0
551527,0
551528,0
551529,0
551530,11
551531,0
551532,29
551533,0
551534,6
551535,0
551536,0
551537,20
551538,0
551539,0
551540,24
551541,0
551542,21
551543,0
551544,0
551545,0
551546,0
551547,0
551548,0
551549,13
551550,20
551551,0
551552,0
551553,0
551554,12
551555,0
551556,0
551557,18
551558,0
551559,20
551560,0
551561,13
551562,0
551563,0
551564,21
551565,16
551566,7
551567,0
551568,0
551569,12
551570,15
551571,0
551572,0
551573,14
551574,0
551575,0
551576,0
551577,0
551578,0
551579,0
551580,0
551581,0
551582,0
551583,12
551584,0
551585,16
551586,25
551587,18
551588,0
551589,0
551590,0
551591,0
551592,15
551593,0
551594,0
551595,16
551596,0
551597,0
551598,0
551599,0
551600,0
551601,0
551602,20
551603,0
551604,0
551605,21
551606,0
551607,16
551608,18
551609,0
551610,21
551611,0
551612,19
551613,0
551614,0
551615,20
551616,0
551617,0
551618,0
551619,0
551620,0
551621,12
551622,0
551623,0
551624,0
551625,0
551626,0
551627,0
551628,23
551629,0
551630,0
551631,12
551632,0
551633,0
551634,0
551635,18
551636,0
551637,0
551638,0
551639,0
551640,0
551641,0
551642,16
551643,0
551644,18
551645,0
551646,10
551647,0
551648,0
551649,0
551650,0
551651,0
551652,12
551653,22
551654,0
551655,0
551656,15
551657,0
551658,14
551659,0
551660,0
551661,19
551662,0
551663,12
551664,15
551665,0
551666,0
551667,0
551668,0
551669,19
551670,12
551671,0
551672,0
551673,0
551674,0
551675,21
551676,19
551677,0
551678,0
551679,0
551680,0
551681,9
551682,0
551683,0
551684,15
551685,0
551686,0
551687,0
551688,0
551689,0
551690,14
551691,0
551692,0
551693,0
551694,0
551695,0
551696,0
551697,18
551698,0
551699,0
551700,0
551701,0
551702,0
551703,0
551704,12
551705,0
551706,0
551707,0
551708,11
551709,12
551710,0
551711,0
551712,0
551713,0
551714,0
551715,0
551716,18
551717,15
551718,17
551719,0
551720,0
551721,10
551722,0
551723,0
551724,0
551725,17
551726,0
551727,0
551728,0
551729,0
551730,0
551731,0
551732,0
551733,0
551734,24
551735,0
551736,25
551737,18
551738,0
551739,0
551740,0
551741,21
551742,14
551743,0
551744,0
551745,0
551746,0
551747,14
551748,26
551749,0
551750,0
551751,0
551752,0
551753,0
551754,0
551755,0
551756,0
551757,0
551758,0
551759,0
551760,21
551761,0
551762,0
551763,0
551764,0
551765,0
551766,0
551767,0
551768,0
551769,0
551770,0
551771,0
551772,16
551773,0
551774,0
551775,0
551776,0
551777,24
551778,10
551779,0
551780,0
551781,0
551782,0
551783,0
551784,0
551785,0
551786,0
551787,0
551788,0
551789,0
551790,0
551791,30
551792,34
551793,0
551794,0
551795,36
551796,0
551797,0
551798,0
551799,0
551800,0
551801,0
551802,0
551803,0
551804,0
551805,0
551806,0
551807,0
551808,0
551809,0
551810,0
551811,29
551812,0
551813,0
551814,0
551815,0
551816,0
551817,0
551818,0
551819,0
551820,0
551821,0
551822,0
551823,0
551824,0
551825,0
551826,0
551827,0
551828,0
551829,0
551830,0
551831,0
551832,0
551833,0
551834,0
551835,0
551836,0
551837,0
551838,0
551839,0
551840,0
551841,38
551842,0
551843,0
551844,0
551845,0
551846,31
551847,0
551848,0
551849,0
551850,39
551851,26
551852,0
551853,0
551854,0
551855,0
551856,0
551857,0
551858,38
551859,0
551860,35
551861,31
551862,8
551863,0
551864,0
551865,0
551866,48
551867,0
551868,0
551869,0
551870,0
551871,0
551872,31
551873,0
551874,0
551875,0
551876,0
551877,0
551878,22
551879,0
551880,0
551881,0
551882,0
551883,0
551884,31
551885,24
551886,0
551887,0
551888,0
551889,0
551890,22
551891,29
551892,36
551893,0
551894,0
551895,0
551896,0
551897,41
551898,0
551899,0
551900,0
551901,0
551902,0
551903,0
551904,39
551905,0
551906,0
551907,0
551908,0
551909,0
551910,18
551911,0
551912,27
551913,0
551914,0
551915,38
551916,0
551917,0
551918,0
551919,40
551920,0
551921,0
551922,33
551923,0
551924,36
551925,0
551926,0
551927,0
551928,0
551929,0
551930,0
551931,0
551932,24
551933,0
551934,0
551935,0
551936,0
551937,19
551938,0
551939,0
551940,0
551941,0
551942,0
551943,0
551944,0
551945,0
551946,0
551947,0
551948,0
551949,0
551950,0
551951,0
551952,0
551953,0
551954,0
551955,0
551956,0
551957,0
551958,43
551959,23
551960,15
551961,0
551962,0
551963,0
551964,0
551965,17
551966,33
551967,28
551968,0
551969,0
551970,0
551971,0
551972,10
551973,7
551974,0
551975,7
551976,0
551977,0
551978,0
551979,0
551980,0
551981,4
551982,6
551983,0
551984,0
551985,0
551986,0
551987,0
551988,14
551989,16
551990,6
551991,3
551992,0
551993,0
551994,0
551995,0
551996,0
551997,0
551998,0
551999,0
552000,15
552001,0
552002,7
552003,7
552004,0
552005,0
552006,0
552007,0
552008,0
552009,0
552010,9
552011,0
552012,4
552013,0
552014,0
552015,9
552016,7
552017,0
552018,0
552019,9
552020,0
552021,0
552022,0
552023,0
552024,0
552025,6
552026,0
552027,9
552028,0
552029,0
552030,0
552031,0
552032,0
552033,8
552034,0
552035,0
552036,0
552037,11
552038,0
552039,0
552040,0
552041,0
552042,0
552043,9
552044,9
552045,7
552046,0
552047,0
552048,6
552049,0
552050,0
552051,7
552052,0
552053,0
552054,13
552055,10
552056,0
552057,0
552058,0
552059,0
552060,0
552061,0
552062,0
552063,0
552064,0
552065,6
552066,0
552067,0
552068,0
552069,0
552070,5
552071,14
552072,0
552073,0
552074,0
552075,11
552076,0
552077,0
552078,0
552079,0
552080,0
552081,0
552082,0
552083,6
552084,0
552085,5
552086,9
552087,0
552088,11
552089,0
552090,0
552091,0
552092,0
552093,0
552094,0
552095,0
552096,4
552097,0
552098,0
552099,13
552100,0
552101,8
552102,0
552103,0
552104,0
552105,0
552106,7
552107,3
552108,12
552109,17
552110,6
552111,0
552112,0
552113,0
552114,0
552115,16
552116,9
552117,0
552118,0
552119,6
552120,0
552121,0
552122,0
552123,6
552124,0
552125,0
552126,8
552127,0
552128,0
552129,0
552130,0
552131,0
552132,10
552133,0
552134,0
552135,8
552136,0
552137,0
552138,7
552139,9
552140,7
552141,6
552142,0
552143,0
552144,6
552145,3
552146,0
552147,0
552148,0
552149,0
552150,0
552151,10
552152,0
552153,0
552154,12
552155,10
552156,0
552157,0
552158,0
552159,0
552160,0
552161,0
552162,0
552163,0
552164,0
552165,0
552166,0
552167,0
552168,0
552169,0
552170,5
552171,6
552172,0
552173,0
552174,6
552175,8
552176,0
552177,0
552178,5
552179,0
552180,10
552181,0
552182,0
552183,6
552184,0
552185,0
552186,0
552187,0
552188,0
552189,0
552190,0
552191,11
552192,0
552193,8
552194,0
552195,11
552196,0
552197,0
552198,0
552199,0
552200,0
552201,0
552202,0
552203,0
552204,0
552205,0
552206,0
552207,0
552208,0
552209,12
552210,0
552211,0
552212,0
552213,0
552214,0
552215,0
552216,0
552217,7
552218,11
552219,0
552220,0
552221,0
552222,0
552223,7
552224,0
552225,0
552226,0
552227,0
552228,0
552229,0
552230,0
552231,0
552232,0
552233,0
552234,0
552235,8
552236,0
552237,0
552238,0
552239,0
552240,0
552241,0
552242,0
552243,0
552244,0
552245,0
552246,0
552247,0
552248,0
552249,5
552250,0
552251,0
552252,8
552253,0
552254,0
552255,0
552256,13
552257,0
552258,7
552259,0
552260,0
552261,4
552262,0
552263,0
552264,0
552265,0
552266,0
552267,0
552268,7
552269,4
552270,0
552271,0
552272,8
552273,0
552274,0
552275,5
552276,9
552277,0
552278,0
552279,7
552280,0
552281,0
552282,0
552283,0
552284,0
552285,0
552286,0
552287,7
552288,13
552289,0
552290,0
552291,0
552292,8
552293,0
552294,0
552295,7
552296,0
552297,0
552298,11
552299,0
552300,0
552301,7
552302,5
552303,0
552304,0
552305,0
552306,5
552307,7
552308,0
552309,8
552310,0
552311,0
552312,4
552313,0
552314,4
552315,0
552316,0
552317,0
552318,0
552319,6
552320,0
552321,7
552322,0
552323,0
552324,0
552325,0
552326,0
552327,0
552328,0
552329,0
552330,11
552331,0
552332,7
552333,0
552334,0
552335,0
552336,0
552337,0
552338,7
552339,0
552340,10
552341,0
552342,0
552343,0
552344,0
552345,7
552346,0
552347,0
552348,0
552349,0
552350,0
552351,0
552352,0
552353,0
552354,0
552355,0
552356,0
552357,0
552358,0
552359,4
552360,6
552361,0
552362,0
552363,0
552364,0
552365,8
552366,0
552367,10
552368,0
552369,0
552370,0
552371,0
552372,0
552373,0
552374,0
552375,0
552376,0
552377,13
552378,0
552379,0
552380,0
552381,0
552382,0
552383,0
552384,0
552385,0
552386,0
552387,0
552388,0
552389,0
552390,0
552391,0
552392,0
552393,10
552394,0
552395,0
552396,7
552397,0
552398,0
552399,0
552400,0
552401,5
552402,5
552403,0
552404,11
552405,0
552406,0
552407,0
552408,0
552409,7
552410,0
552411,0
552412,0
552413,0
552414,0
552415,0
552416,0
552417,0
552418,0
552419,0
552420,0
552421,0
552422,0
552423,0
552424,0
552425,0
552426,0
552427,0
552428,0
552429,0
552430,0
552431,0
552432,10
552433,0
552434,3
552435,0
552436,0
552437,10
552438,0
552439,0
552440,0
552441,0
552442,0
552443,0
552444,0
552445,0
552446,7
552447,0
552448,0
552449,0
552450,0
552451,0
552452,0
552453,0
552454,11
552455,10
552456,0
552457,0
552458,0
552459,0
552460,0
552461,9
552462,0
552463,0
552464,0
552465,0
552466,0
552467,0
552468,8
552469,5
552470,15
552471,0
552472,0
552473,0
552474,0
552475,0
552476,14
552477,8
552478,0
552479,10
552480,5
552481,11
552482,0
552483,0
552484,0
552485,0
552486,0
552487,6
552488,0
552489,0
552490,0
552491,0
552492,0
552493,11
552494,0
552495,0
552496,7
552497,0
552498,0
552499,11
552500,3
552501,5
552502,0
552503,0
552504,4
552505,0
552506,0
552507,0
552508,0
552509,0
552510,10
552511,0
552512,0
552513,0
552514,0
552515,0
552516,0
552517,0
552518,0
552519,0
552520,0
552521,0
552522,0
552523,0
552524,13
552525,9
552526,9
552527,0
552528,0
552529,12
552530,0
552531,0
552532,0
552533,0
552534,0
552535,0
552536,0
552537,9
552538,0
552539,0
552540,6
552541,0
552542,0
552543,0
552544,0
552545,0
552546,4
552547,0
552548,0
552549,0
552550,0
552551,0
552552,0
552553,0
552554,6
552555,0
552556,0
552557,0
552558,0
552559,0
552560,8
552561,0
552562,0
552563,0
552564,0
552565,0
552566,0
552567,0
552568,7
552569,0
552570,4
552571,9
552572,9
552573,4
552574,0
552575,0
552576,0
552577,6
552578,0
552579,0
552580,10
552581,8
552582,9
552583,0
552584,0
552585,0
552586,8
552587,0
552588,8
552589,9
552590,0
552591,6
552592,0
552593,5
552594,6
552595,0
552596,6
552597,0
552598,11
552599,7
552600,0
552601,0
552602,9
552603,12
552604,8
552605,5
552606,12
552607,0
552608,0
552609,0
552610,0
552611,0
552612,0
552613,0
552614,0
552615,0
552616,0
552617,8
552618,6
552619,0
552620,0
552621,0
552622,0
552623,0
552624,0
552625,0
552626,0
552627,11
552628,0
552629,0
552630,0
552631,6
552632,12
552633,0
552634,0
552635,0
552636,7
552637,0
552638,0
552639,7
552640,0
552641,0
552642,0
552643,0
552644,0
552645,0
552646,0
552647,12
552648,10
552649,0
552650,0
552651,0
552652,0
552653,0
552654,17
552655,10
552656,0
552657,0
552658,0
552659,0
552660,0
552661,0
552662,0
552663,0
552664,0
552665,0
552666,0
552667,8
552668,0
552669,0
552670,0
552671,3
552672,0
552673,0
552674,0
552675,9
552676,0
552677,5
552678,0
552679,0
552680,0
552681,0
552682,8
552683,0
552684,0
552685,11
552686,0
552687,7
552688,9
552689,0
552690,0
552691,0
552692,0
552693,0
552694,9
552695,0
552696,0
552697,9
552698,0
552699,0
552700,0
552701,0
552702,0
552703,12
552704,7
552705,0
552706,0
552707,0
552708,0
552709,9
552710,0
552711,0
552712,0
552713,0
552714,6
552715,0
552716,0
552717,8
552718,0
552719,0
552720,0
552721,0
552722,0
552723,0
552724,11
552725,0
552726,0
552727,0
552728,12
552729,0
552730,0
552731,5
552732,0
552733,0
552734,8
552735,0
552736,10
552737,0
552738,0
552739,12
552740,0
552741,7
552742,0
552743,38
552744,31
552745,33
552746,0
552747,0
552748,0
552749,0
552750,0
552751,0
552752,0
552753,0
552754,0
552755,0
552756,0
552757,0
552758,0
552759,0
552760,20
552761,0
552762,0
552763,38
552764,28
552765,0
552766,0
552767,0
552768,0
552769,31
552770,0
552771,0
552772,0
552773,0
552774,0
552775,0
552776,0
552777,30
552778,0
552779,0
552780,0
552781,0
552782,0
552783,0
552784,0
552785,0
552786,0
552787,0
552788,25
552789,34
552790,0
552791,0
552792,0
552793,0
552794,0
552795,0
552796,0
552797,0
552798,0
552799,0
552800,0
552801,27
552802,0
552803,0
552804,0
552805,0
552806,29
552807,0
552808,0
552809,0
552810,27
552811,0
552812,28
552813,0
552814,0
552815,26
552816,36
552817,0
552818,0
552819,0
552820,0
552821,0
552822,0
552823,34
552824,0
552825,0
552826,28
552827,0
552828,36
552829,0
552830,26
552831,0
552832,0
552833,0
552834,29
552835,0
552836,0
552837,20
552838,13
552839,0
552840,0
552841,0
552842,0
552843,0
552844,0
552845,0
552846,0
552847,0
552848,0
552849,30
552850,0
552851,29
552852,0
552853,0
552854,0
552855,0
552856,0
552857,0
552858,0
552859,0
552860,0
552861,37
552862,0
552863,0
552864,0
552865,0
552866,0
552867,23
552868,0
552869,0
552870,0
552871,0
552872,0
552873,33
552874,0
552875,0
552876,0
552877,29
552878,27
552879,30
552880,0
552881,31
552882,0
552883,0
552884,0
552885,0
552886,0
552887,0
552888,37
552889,0
552890,0
552891,27
552892,0
552893,0
552894,0
552895,0
552896,22
552897,0
552898,41
552899,0
552900,0
552901,0
552902,0
552903,22
552904,0
552905,22
552906,0
552907,26
552908,0
552909,0
552910,0
552911,0
552912,0
552913,0
552914,0
552915,0
552916,0
552917,0
552918,0
552919,0
552920,0
552921,0
552922,0
552923,19
552924,0
552925,0
552926,0
552927,37
552928,0
552929,0
552930,0
552931,0
552932,0
552933,0
552934,27
552935,0
552936,20
552937,36
552938,31
552939,0
552940,0
552941,0
552942,0
552943,0
552944,32
552945,0
552946,0
552947,0
552948,35
552949,0
552950,0
552951,0
552952,0
552953,26
552954,0
552955,0
552956,0
552957,30
552958,0
552959,0
552960,14
552961,0
552962,0
552963,0
552964,0
552965,0
552966,22
552967,0
552968,35
552969,0
552970,0
552971,0
552972,0
552973,0
552974,0
552975,0
552976,0
552977,0
552978,0
552979,0
552980,0
552981,20
552982,0
552983,0
552984,0
552985,0
552986,0
552987,0
552988,27
552989,30
552990,0
552991,0
552992,0
552993,0
552994,25
552995,0
552996,0
552997,0
552998,0
552999,0
553000,0
553001,0
553002,0
553003,0
553004,0
553005,22
553006,0
553007,0
553008,0
553009,33
553010,0
553011,0
553012,0
553013,0
553014,0
553015,0
553016,0
553017,0
553018,39
553019,0
553020,0
553021,33
553022,28
553023,0
553024,0
553025,0
553026,0
553027,0
553028,0
553029,0
553030,0
553031,0
553032,0
553033,0
553034,0
553035,20
553036,30
553037,0
553038,0
553039,0
553040,0
553041,0
553042,0
553043,0
553044,0
553045,21
553046,0
553047,0
553048,0
553049,0
553050,0
553051,0
553052,30
553053,0
553054,37
553055,0
553056,20
553057,25
553058,0
553059,0
553060,0
553061,28
553062,0
553063,32
553064,0
553065,0
553066,0
553067,0
553068,36
553069,0
553070,0
553071,0
553072,0
553073,25
553074,0
553075,0
553076,35
553077,0
553078,0
553079,0
553080,0
553081,0
553082,0
553083,0
553084,0
553085,0
553086,44
553087,27
553088,0
553089,0
553090,30
553091,0
553092,0
553093,0
553094,0
553095,0
553096,0
553097,0
553098,0
553099,0
553100,29
553101,0
553102,22
553103,0
553104,25
553105,0
553106,0
553107,0
553108,37
553109,0
553110,0
553111,26
553112,0
553113,0
553114,0
553115,0
553116,0
553117,0
553118,0
553119,0
553120,0
553121,0
553122,0
553123,43
553124,0
553125,0
553126,0
553127,0
553128,0
553129,0
553130,0
553131,0
553132,38
553133,36
553134,0
553135,0
553136,33
553137,0
553138,0
553139,21
553140,0
553141,0
553142,0
553143,0
553144,0
553145,30
553146,0
553147,0
553148,0
553149,0
553150,0
553151,0
553152,0
553153,0
553154,0
553155,24
553156,29
553157,0
553158,0
553159,0
553160,0
553161,37
553162,0
553163,0
553164,0
553165,0
553166,21
553167,0
553168,0
553169,0
553170,0
553171,0
553172,0
553173,0
553174,0
553175,0
553176,0
553177,0
553178,0
553179,0
553180,18
553181,0
553182,0
553183,0
553184,0
553185,38
553186,0
553187,0
553188,0
553189,0
553190,34
553191,0
553192,0
553193,0
553194,0
553195,34
553196,0
553197,0
553198,28
553199,0
553200,0
553201,28
553202,0
553203,0
553204,0
553205,23
553206,0
553207,0
553208,0
553209,0
553210,0
553211,0
553212,0
553213,0
553214,0
553215,36
553216,0
553217,0
553218,0
553219,30
553220,0
553221,0
553222,41
553223,36
553224,0
553225,0
553226,37
553227,0
553228,0
553229,43
553230,0
553231,24
553232,0
553233,0
553234,0
553235,27
553236,29
553237,0
553238,30
553239,20
553240,0
553241,0
553242,0
553243,25
553244,0
553245,0
553246,27
553247,0
553248,0
553249,0
553250,0
553251,0
553252,0
553253,0
553254,0
553255,0
553256,24
553257,0
553258,0
553259,0
553260,0
553261,0
553262,0
553263,0
553264,20
553265,0
553266,0
553267,22
553268,0
553269,0
553270,0
553271,39
553272,0
553273,32
553274,21
553275,28
553276,0
553277,0
553278,38
553279,0
553280,0
553281,25
553282,0
553283,0
553284,0
553285,0
553286,32
553287,35
553288,0
553289,0
553290,0
553291,0
553292,16
553293,0
553294,24
553295,32
553296,0
553297,0
553298,0
553299,0
553300,32
553301,35
553302,0
553303,0
553304,0
553305,0
553306,0
553307,0
553308,0
553309,0
553310,0
553311,0
553312,0
553313,0
553314,0
553315,19
553316,0
553317,0
553318,0
553319,0
553320,0
553321,0
553322,35
553323,0
553324,28
553325,0
553326,0
553327,0
553328,27
553329,0
553330,35
553331,0
553332,0
553333,0
553334,0
553335,0
553336,46
553337,0
553338,25
553339,17
553340,0
553341,0
553342,0
553343,0
553344,0
553345,0
553346,0
553347,50
553348,0
553349,0
553350,26
553351,0
553352,0
553353,0
553354,0
553355,25
553356,18
553357,0
553358,0
553359,0
553360,0
553361,0
553362,0
553363,0
553364,18
553365,0
553366,0
553367,0
553368,0
553369,0
553370,0
553371,0
553372,27
553373,33
553374,0
553375,30
553376,22
553377,0
553378,0
553379,20
553380,0
553381,0
553382,0
553383,0
553384,0
553385,0
553386,0
553387,18
553388,0
553389,0
553390,29
553391,33
553392,0
553393,0
553394,0
553395,0
553396,26
553397,0
553398,0
553399,0
553400,0
553401,0
553402,0
553403,0
553404,0
553405,0
553406,0
553407,0
553408,18
553409,0
553410,0
553411,48
553412,0
553413,0
553414,0
553415,0
553416,0
553417,37
553418,36
553419,0
553420,0
553421,0
553422,0
553423,0
553424,0
553425,0
553426,14
553427,28
553428,0
553429,34
553430,0
553431,31
553432,0
553433,0
553434,0
553435,0
553436,0
553437,21
553438,29
553439,0
553440,0
553441,30
553442,0
553443,0
553444,0
553445,42
553446,50
553447,25
553448,0
553449,39
553450,33
553451,0
553452,0
553453,26
553454,25
553455,0
553456,0
553457,22
553458,27
553459,0
553460,31
553461,34
553462,0
553463,0
553464,0
553465,38
553466,0
553467,20
553468,0
553469,0
553470,0
553471,0
553472,0
553473,0
553474,0
553475,0
553476,0
553477,0
553478,0
553479,0
553480,0
553481,0
553482,0
553483,22
553484,0
553485,0
553486,32
553487,0
553488,29
553489,0
553490,38
553491,0
553492,26
553493,52
553494,0
553495,27
553496,0
553497,0
553498,23
553499,0
553500,25
553501,0
553502,0
553503,22
553504,0
553505,0
553506,0
553507,0
553508,0
553509,0
553510,0
553511,0
553512,37
553513,0
553514,0
553515,23
553516,0
553517,0
553518,0
553519,44
553520,35
553521,32
553522,0
553523,22
553524,0
553525,29
553526,0
553527,0
553528,32
553529,21
553530,0
553531,0
553532,0
553533,33
553534,31
553535,0
553536,0
553537,0
553538,0
553539,0
553540,0
553541,0
553542,0
553543,0
553544,0
553545,42
553546,35
553547,0
553548,0
553549,0
553550,0
553551,0
553552,48
553553,0
553554,28
553555,0
553556,0
553557,21
553558,0
553559,0
553560,0
553561,0
553562,29
553563,32
553564,32
553565,0
553566,0
553567,0
553568,0
553569,44
553570,33
553571,0
553572,0
553573,46
553574,0
553575,32
553576,0
553577,0
553578,0
553579,0
553580,27
553581,0
553582,0
553583,0
553584,42
553585,25
553586,0
553587,32
553588,0
553589,0
553590,0
553591,0
553592,0
553593,0
553594,33
553595,0
553596,25
553597,0
553598,0
553599,0
553600,0
553601,0
553602,0
553603,0
553604,39
553605,0
553606,43
553607,0
553608,0
553609,32
553610,0
553611,0
553612,0
553613,35
553614,0
553615,0
553616,0
553617,0
553618,0
553619,36
553620,28
553621,24
553622,0
553623,0
553624,24
553625,25
553626,0
553627,0
553628,0
553629,0
553630,0
553631,30
553632,26
553633,41
553634,39
553635,0
553636,0
553637,0
553638,0
553639,26
553640,0
553641,0
553642,27
553643,0
553644,0
553645,0
553646,0
553647,35
553648,24
553649,0
553650,0
553651,22
553652,0
553653,36
553654,33
553655,34
553656,0
553657,0
553658,0
553659,27
553660,0
553661,0
553662,0
553663,36
553664,0
553665,0
553666,0
553667,0
553668,0
553669,0
553670,23
553671,0
553672,27
553673,0
553674,0
553675,0
553676,0
553677,0
553678,0
553679,0
553680,0
553681,0
553682,0
553683,0
553684,0
553685,0
553686,0
553687,33
553688,0
553689,0
553690,0
553691,0
553692,0
553693,0
553694,0
553695,0
553696,0
553697,0
553698,0
553699,0
553700,36
553701,0
553702,0
553703,0
553704,0
553705,0
553706,0
553707,31
553708,30
553709,0
553710,0
553711,0
553712,0
553713,22
553714,0
553715,0
553716,0
553717,0
553718,0
553719,0
553720,0
553721,0
553722,0
553723,0
553724,27
553725,19
553726,0
553727,0
553728,0
553729,0
553730,0
553731,27
553732,0
553733,32
553734,0
553735,0
553736,0
553737,0
553738,0
553739,0
553740,31
553741,0
553742,22
553743,0
553744,0
553745,0
553746,0
553747,22
553748,0
553749,0
553750,0
553751,25
553752,23
553753,0
553754,24
553755,0
553756,0
553757,0
553758,0
553759,0
553760,0
553761,0
553762,0
553763,34
553764,0
553765,0
553766,0
553767,0
553768,0
553769,0
553770,34
553771,26
553772,0
553773,0
553774,0
553775,0
553776,30
553777,26
553778,21
553779,0
553780,0
553781,25
553782,0
553783,0
553784,0
553785,0
553786,26
553787,0
553788,0
553789,35
553790,0
553791,0
553792,0
553793,18
553794,32
553795,17
553796,33
553797,0
553798,39
553799,23
553800,26
553801,0
553802,0
553803,0
553804,0
553805,0
553806,0
553807,46
553808,0
553809,0
553810,0
553811,11
553812,25
553813,15
553814,0
553815,42
553816,39
553817,0
553818,0
553819,24
553820,0
553821,0
553822,30
553823,0
553824,0
553825,0
553826,0
553827,0
553828,0
553829,46
553830,0
553831,0
553832,0
553833,0
553834,0
553835,0
553836,0
553837,45
553838,0
553839,0
553840,0
553841,0
553842,0
553843,27
553844,0
553845,0
553846,0
553847,0
553848,0
553849,0
553850,0
553851,0
553852,32
553853,19
553854,21
553855,0
553856,0
553857,0
553858,0
553859,0
553860,33
553861,0
553862,45
553863,0
553864,0
553865,0
553866,32
553867,0
553868,0
553869,0
553870,0
553871,0
553872,23
553873,0
553874,0
553875,0
553876,59
553877,0
553878,0
553879,0
553880,0
553881,0
553882,28
553883,0
553884,29
553885,0
553886,0
553887,22
553888,0
553889,0
553890,0
553891,17
553892,0
553893,0
553894,0
553895,28
553896,0
553897,0
553898,0
553899,0
553900,19
553901,0
553902,24
553903,0
553904,0
553905,38
553906,0
553907,0
553908,29
553909,0
553910,0
553911,0
553912,0
553913,20
553914,0
553915,0
553916,0
553917,0
553918,0
553919,27
553920,0
553921,25
553922,0
553923,0
553924,0
553925,33
553926,0
553927,36
553928,0
553929,0
553930,0
553931,18
553932,21
553933,0
553934,0
553935,0
553936,0
553937,0
553938,25
553939,0
553940,36
553941,28
553942,0
553943,0
553944,40
553945,31
553946,0
553947,0
553948,35
553949,17
553950,0
553951,0
553952,0
553953,0
553954,27
553955,0
553956,0
553957,26
553958,0
553959,0
553960,0
553961,0
553962,0
553963,0
553964,0
553965,0
553966,19
553967,0
553968,0
553969,49
553970,38
553971,0
553972,25
553973,0
553974,24
553975,40
553976,22
553977,0
553978,0
553979,0
553980,0
553981,33
553982,0
553983,0
553984,0
553985,31
553986,0
553987,0
553988,0
553989,0
553990,0
553991,23
553992,0
553993,0
553994,0
553995,0
553996,0
553997,0
553998,0
553999,0
554000,27
554001,0
554002,32
554003,0
554004,0
554005,0
554006,19
554007,0
554008,0
554009,0
554010,0
554011,0
554012,0
554013,0
554014,0
554015,0
554016,26
554017,0
554018,0
554019,0
554020,21
554021,0
554022,0
554023,19
554024,36
554025,0
554026,0
554027,34
554028,0
554029,0
554030,0
554031,0
554032,0
554033,0
554034,0
554035,0
554036,37
554037,0
554038,0
554039,0
554040,0
554041,0
554042,0
554043,0
554044,0
554045,0
554046,0
554047,38
554048,38
554049,0
554050,0
554051,0
554052,0
554053,0
554054,0
554055,0
554056,36
554057,0
554058,0
554059,31
554060,34
554061,42
554062,0
554063,0
554064,0
554065,0
554066,52
554067,0
554068,0
554069,0
554070,0
554071,0
554072,25
554073,0
554074,40
554075,0
554076,39
554077,0
554078,0
554079,0
554080,0
554081,0
554082,0
554083,0
554084,44
554085,34
554086,0
554087,0
554088,0
554089,0
554090,33
554091,34
554092,0
554093,0
554094,0
554095,0
554096,0
554097,0
554098,40
554099,31
554100,33
554101,0
554102,0
554103,32
554104,38
554105,0
554106,33
554107,34
554108,0
554109,0
554110,46
554111,0
554112,0
554113,0
554114,0
554115,0
554116,0
554117,0
554118,0
554119,0
554120,0
554121,0
554122,0
554123,0
554124,51
554125,0
554126,0
554127,45
554128,0
554129,0
554130,0
554131,0
554132,0
554133,0
554134,0
554135,0
554136,34
554137,37
554138,0
554139,0
554140,0
554141,33
554142,0
554143,0
554144,0
554145,0
554146,0
554147,0
554148,0
554149,0
554150,0
554151,0
554152,0
554153,0
554154,0
554155,0
554156,0
554157,0
554158,34
554159,0
554160,27
554161,0
554162,0
554163,0
554164,0
554165,33
554166,0
554167,0
554168,0
554169,0
554170,0
554171,0
554172,0
554173,0
554174,0
554175,0
554176,0
554177,0
554178,0
554179,0
554180,0
554181,0
554182,0
554183,0
554184,0
554185,0
554186,0
554187,0
554188,0
554189,0
554190,36
554191,35
554192,0
554193,0
554194,0
554195,0
554196,0
554197,0
554198,0
554199,0
554200,0
554201,0
554202,0
554203,0
554204,24
554205,0
554206,0
554207,40
554208,0
554209,0
554210,0
554211,0
554212,49
554213,0
554214,0
554215,29
554216,0
554217,38
554218,0
554219,0
554220,0
554221,0
554222,0
554223,0
554224,35
554225,0
554226,26
554227,0
554228,0
554229,0
554230,0
554231,46
554232,0
554233,28
554234,0
554235,0
554236,0
554237,0
554238,0
554239,0
554240,0
554241,0
554242,0
554243,0
554244,0
554245,0
554246,0
554247,37
554248,0
554249,48
554250,0
554251,28
554252,0
554253,0
554254,31
554255,0
554256,0
554257,0
554258,0
554259,42
554260,0
554261,44
554262,0
554263,0
554264,0
554265,0
554266,0
554267,0
554268,0
554269,45
554270,0
554271,0
554272,46
554273,0
554274,0
554275,39
554276,0
554277,0
554278,0
554279,0
554280,0
554281,0
554282,43
554283,0
554284,0
554285,49
554286,0
554287,29
554288,36
554289,0
554290,37
554291,0
554292,25
554293,54
554294,46
554295,33
554296,0
554297,0
554298,0
554299,42
554300,0
554301,0
554302,0
554303,0
554304,29
554305,0
554306,30
554307,34
554308,0
554309,29
554310,0
554311,27
554312,38
554313,0
554314,0
554315,0
554316,0
554317,0
554318,41
554319,36
554320,0
554321,0
554322,0
554323,0
554324,0
554325,0
554326,0
554327,0
554328,0
554329,0
554330,0
554331,0
554332,24
554333,0
554334,0
554335,27
554336,0
554337,0
554338,0
554339,0
554340,0
554341,0
554342,0
554343,0
554344,0
554345,0
554346,0
554347,0
554348,39
554349,0
554350,0
554351,0
554352,0
554353,0
554354,55
554355,0
554356,0
554357,0
554358,0
554359,33
554360,0
554361,0
554362,0
554363,0
554364,0
554365,50
554366,0
554367,0
554368,0
554369,0
554370,0
554371,0
554372,38
554373,0
554374,30
554375,0
554376,0
554377,0
554378,0
554379,0
554380,0
554381,0
554382,0
554383,0
554384,29
554385,0
554386,0
554387,0
554388,0
554389,0
554390,0
554391,0
554392,0
554393,0
554394,0
554395,0
554396,0
554397,0
554398,41
554399,0
554400,0
554401,0
554402,0
554403,0
554404,0
554405,0
554406,0
554407,0
554408,0
554409,0
554410,0
554411,41
554412,35
554413,0
554414,0
554415,0
554416,42
554417,0
554418,0
554419,0
554420,0
554421,26
554422,0
554423,0
554424,0
554425,0
554426,0
554427,0
554428,0
554429,0
554430,0
554431,0
554432,0
554433,0
554434,0
554435,0
554436,0
554437,0
554438,0
554439,0
554440,0
554441,51
554442,0
554443,0
554444,0
554445,0
554446,0
554447,0
554448,0
554449,0
554450,35
554451,0
554452,37
554453,32
554454,40
554455,0
554456,0
554457,49
554458,31
554459,0
554460,0
554461,0
554462,21
554463,0
554464,0
554465,0
554466,0
554467,0
554468,0
554469,0
554470,0
554471,29
554472,54
554473,0
554474,0
554475,40
554476,0
554477,0
554478,0
554479,0
554480,0
554481,0
554482,0
554483,0
554484,0
554485,0
554486,0
554487,0
554488,0
554489,0
554490,0
554491,0
554492,0
554493,31
554494,0
554495,0
554496,0
554497,0
554498,0
554499,0
554500,36
554501,0
554502,0
554503,0
554504,0
554505,49
554506,0
554507,0
554508,38
554509,45
554510,40
554511,0
554512,0
554513,0
554514,0
554515,0
554516,22
554517,37
554518,0
554519,36
554520,0
554521,0
554522,0
554523,0
554524,29
554525,0
554526,0
554527,21
554528,0
554529,0
554530,0
554531,0
554532,48
554533,0
554534,0
554535,0
554536,22
554537,0
554538,0
554539,0
554540,0
554541,0
554542,0
554543,0
554544,0
554545,0
554546,0
554547,0
554548,0
554549,0
554550,0
554551,0
554552,29
554553,0
554554,0
554555,0
554556,0
554557,0
554558,45
554559,0
554560,0
554561,44
554562,0
554563,0
554564,0
554565,0
554566,38
554567,0
554568,0
554569,0
554570,0
554571,0
554572,0
554573,0
554574,0
554575,0
554576,42
554577,0
554578,0
554579,0
554580,0
554581,0
554582,32
554583,26
554584,0
554585,0
554586,0
554587,0
554588,0
554589,36
554590,0
554591,0
554592,0
554593,31
554594,0
554595,0
554596,34
554597,0
554598,0
554599,0
554600,28
554601,0
554602,37
554603,0
554604,0
554605,0
554606,0
554607,0
554608,0
554609,33
554610,26
554611,0
554612,0
554613,0
554614,0
554615,38
554616,0
554617,0
554618,28
554619,0
554620,0
554621,0
554622,0
554623,0
554624,0
554625,0
554626,0
554627,0
554628,0
554629,0
554630,0
554631,0
554632,0
554633,41
554634,44
554635,0
554636,0
554637,32
554638,0
554639,0
554640,0
554641,0
554642,0
554643,0
554644,0
554645,0
554646,0
554647,0
554648,0
554649,0
554650,37
554651,22
554652,0
554653,0
554654,0
554655,31
554656,0
554657,0
554658,0
554659,0
554660,35
554661,0
554662,0
554663,0
554664,0
554665,0
554666,0
554667,0
554668,0
554669,42
554670,0
554671,29
554672,0
554673,38
554674,36
554675,0
554676,0
554677,0
554678,0
554679,0
554680,40
554681,0
554682,0
554683,0
554684,31
554685,0
554686,0
554687,0
554688,0
554689,51
554690,0
554691,43
554692,0
554693,0
554694,0
554695,0
554696,0
554697,34
554698,0
554699,0
554700,0
554701,0
554702,0
554703,0
554704,0
554705,31
554706,0
554707,37
554708,36
554709,0
554710,0
554711,0
554712,0
554713,0
554714,0
554715,0
554716,46
554717,0
554718,0
554719,0
554720,0
554721,0
554722,38
554723,0
554724,0
554725,0
554726,0
554727,0
554728,36
554729,0
554730,0
554731,0
554732,0
554733,0
554734,0
554735,0
554736,0
554737,52
554738,0
554739,0
554740,0
554741,0
554742,21
554743,49
554744,0
554745,0
554746,0
554747,0
554748,32
554749,0
554750,0
554751,33
554752,0
554753,0
554754,23
554755,0
554756,0
554757,0
554758,0
554759,28
554760,28
554761,0
554762,0
554763,0
554764,0
554765,0
554766,33
554767,35
554768,35
554769,42
554770,0
554771,0
554772,0
554773,0
554774,0
554775,0
554776,0
554777,0
554778,0
554779,44
554780,0
554781,0
554782,0
554783,0
554784,0
554785,40
554786,0
554787,0
554788,0
554789,0
554790,0
554791,0
554792,0
554793,0
554794,0
554795,0
554796,32
554797,0
554798,0
554799,0
554800,0
554801,0
554802,26
554803,0
554804,0
554805,0
554806,0
554807,30
554808,0
554809,0
554810,0
554811,0
554812,0
554813,0
554814,0
554815,0
554816,21
554817,0
554818,0
554819,0
554820,0
554821,0
554822,0
554823,0
554824,0
554825,0
554826,0
554827,0
554828,20
554829,0
554830,0
554831,0
554832,0
554833,0
554834,0
554835,0
554836,0
554837,0
554838,17
554839,0
554840,0
554841,0
554842,15
554843,0
554844,0
554845,0
554846,0
554847,0
554848,0
554849,0
554850,0
554851,0
554852,0
554853,0
554854,0
554855,0
554856,0
554857,0
554858,0
554859,0
554860,0
554861,0
554862,0
554863,0
554864,0
554865,0
554866,0
554867,16
554868,0
554869,0
554870,14
554871,0
554872,0
554873,0
554874,0
554875,0
554876,0
554877,0
554878,0
554879,0
554880,0
554881,0
554882,0
554883,0
554884,0
554885,0
554886,18
554887,29
554888,0
554889,0
554890,0
554891,0
554892,0
554893,0
554894,0
554895,0
554896,0
554897,0
554898,0
554899,13
554900,0
554901,0
554902,0
554903,0
554904,0
554905,0
554906,0
554907,0
554908,0
554909,0
554910,0
554911,0
554912,0
554913,17
554914,0
554915,0
554916,0
554917,0
554918,0
554919,0
554920,0
554921,0
554922,0
554923,0
554924,0
554925,23
554926,0
554927,0
554928,0
554929,0
554930,0
554931,0
554932,0
554933,0
554934,0
554935,0
554936,0
554937,0
554938,0
554939,0
554940,0
554941,19
554942,26
554943,0
554944,0
554945,23
554946,29
554947,0
554948,0
554949,16
554950,0
554951,0
554952,0
554953,20
554954,0
554955,0
554956,0
554957,0
554958,0
554959,0
554960,0
554961,0
554962,0
554963,0
554964,0
554965,0
554966,0
554967,0
554968,0
554969,0
554970,19
554971,0
554972,0
554973,0
554974,0
554975,0
554976,0
554977,0
554978,0
554979,0
554980,0
554981,0
554982,0
554983,26
554984,0
554985,0
554986,0
554987,0
554988,0
554989,0
554990,0
554991,0
554992,25
554993,0
554994,0
554995,0
554996,0
554997,0
554998,0
554999,0
555000,0
555001,0
555002,14
555003,0
555004,0
555005,0
555006,21
555007,16
555008,0
555009,0
555010,0
555011,0
555012,0
555013,0
555014,0
555015,17
555016,0
555017,0
555018,20
555019,0
555020,0
555021,0
555022,0
555023,0
555024,0
555025,8
555026,0
555027,0
555028,0
555029,0
555030,0
555031,0
555032,0
555033,0
555034,0
555035,0
555036,0
555037,0
555038,0
555039,0
555040,0
555041,0
555042,0
555043,0
555044,20
555045,0
555046,0
555047,0
555048,0
555049,0
555050,0
555051,0
555052,0
555053,0
555054,0
555055,0
555056,0
555057,14
555058,0
555059,0
555060,0
555061,0
555062,0
555063,0
555064,0
555065,0
555066,0
555067,0
555068,0
555069,0
555070,0
555071,0
555072,0
555073,0
555074,18
555075,0
555076,0
555077,19
555078,0
555079,0
555080,0
555081,0
555082,0
555083,0
555084,0
555085,0
555086,0
555087,0
555088,13
555089,0
555090,0
555091,0
555092,0
555093,0
555094,0
555095,0
555096,0
555097,0
555098,0
555099,0
555100,0
555101,0
555102,0
555103,0
555104,0
555105,0
555106,0
555107,0
555108,0
555109,0
555110,0
555111,0
555112,0
555113,0
555114,0
555115,0
555116,0
555117,0
555118,0
555119,0
555120,0
555121,0
555122,0
555123,0
555124,0
555125,0
555126,0
555127,0
555128,0
555129,30
555130,0
555131,0
555132,0
555133,0
555134,0
555135,0
555136,0
555137,0
555138,0
555139,0
555140,0
555141,0
555142,0
555143,0
555144,0
555145,0
555146,0
555147,0
555148,0
555149,0
555150,0
555151,0
555152,0
555153,0
555154,0
555155,0
555156,0
555157,0
555158,0
555159,0
555160,0
555161,27
555162,16
555163,0
555164,0
555165,0
555166,0
555167,0
555168,0
555169,0
555170,0
555171,0
555172,0
555173,24
555174,0
555175,0
555176,0
555177,0
555178,0
555179,0
555180,0
555181,0
555182,0
555183,0
555184,0
555185,0
555186,0
555187,0
555188,0
555189,0
555190,0
555191,15
555192,0
555193,0
555194,24
555195,0
555196,0
555197,0
555198,0
555199,0
555200,0
555201,0
555202,18
555203,0
555204,0
555205,0
555206,0
555207,0
555208,0
555209,0
555210,0
555211,0
555212,0
555213,0
555214,0
555215,16
555216,0
555217,0
555218,0
555219,0
555220,19
555221,0
555222,0
555223,0
555224,13
555225,0
555226,0
555227,0
555228,0
555229,0
555230,0
555231,0
555232,0
555233,0
555234,0
555235,0
555236,27
555237,0
555238,0
555239,0
555240,0
555241,0
555242,0
555243,0
555244,0
555245,18
555246,0
555247,0
555248,0
555249,0
555250,0
555251,23
555252,0
555253,21
555254,0
555255,0
555256,0
555257,0
555258,0
555259,0
555260,0
555261,0
555262,0
555263,0
555264,0
555265,0
555266,0
555267,0
555268,0
555269,0
555270,0
555271,0
555272,0
555273,19
555274,0
555275,21
555276,0
555277,0
555278,0
555279,0
555280,0
555281,0
555282,0
555283,0
555284,0
555285,19
555286,11
555287,0
555288,0
555289,0
555290,0
555291,0
555292,0
555293,0
555294,0
555295,0
555296,0
555297,0
555298,0
555299,0
555300,0
555301,0
555302,0
555303,0
555304,15
555305,18
555306,0
555307,0
555308,0
555309,0
555310,0
555311,0
555312,0
555313,0
555314,0
555315,0
555316,0
555317,0
555318,0
555319,0
555320,0
555321,0
555322,15
555323,0
555324,0
555325,0
555326,0
555327,0
555328,0
555329,0
555330,0
555331,0
555332,0
555333,26
555334,0
555335,0
555336,0
555337,0
555338,0
555339,0
555340,0
555341,0
555342,22
555343,0
555344,0
555345,18
555346,17
555347,0
555348,20
555349,0
555350,12
555351,21
555352,0
555353,0
555354,0
555355,0
555356,25
555357,19
555358,0
555359,18
555360,0
555361,20
555362,0
555363,22
555364,0
555365,21
555366,0
555367,0
555368,33
555369,0
555370,0
555371,0
555372,0
555373,0
555374,0
555375,0
555376,0
555377,0
555378,0
555379,0
555380,0
555381,0
555382,0
555383,0
555384,0
555385,0
555386,20
555387,0
555388,0
555389,0
555390,0
555391,0
555392,0
555393,0
555394,0
555395,0
555396,0
555397,0
555398,0
555399,24
555400,0
555401,0
555402,0
555403,0
555404,0
555405,0
555406,0
555407,0
555408,0
555409,0
555410,20
555411,0
555412,0
555413,0
555414,0
555415,0
555416,0
555417,0
555418,0
555419,0
555420,0
555421,0
555422,0
555423,0
555424,14
555425,22
555426,0
555427,0
555428,0
555429,0
555430,0
555431,0
555432,0
555433,0
555434,0
555435,0
555436,0
555437,0
555438,0
555439,31
555440,0
555441,0
555442,0
555443,22
555444,0
555445,8
555446,0
555447,14
555448,0
555449,0
555450,0
555451,0
555452,0
555453,0
555454,0
555455,0
555456,0
555457,0
555458,0
555459,0
555460,0
555461,0
555462,0
555463,0
555464,0
555465,0
555466,0
555467,0
555468,0
555469,15
555470,0
555471,0
555472,0
555473,0
555474,0
555475,0
555476,0
555477,0
555478,0
555479,0
555480,0
555481,16
555482,0
555483,0
555484,0
555485,0
555486,0
555487,0
555488,0
555489,0
555490,19
555491,0
555492,14
555493,0
555494,0
555495,0
555496,0
555497,0
555498,0
555499,0
555500,0
555501,0
555502,0
555503,0
555504,0
555505,9
555506,0
555507,0
555508,0
555509,0
555510,0
555511,0
555512,0
555513,0
555514,0
555515,0
555516,0
555517,0
555518,0
555519,0
555520,0
555521,0
555522,0
555523,0
555524,0
555525,0
555526,0
555527,0
555528,0
555529,0
555530,0
555531,18
555532,0
555533,0
555534,0
555535,0
555536,0
555537,0
555538,0
555539,0
555540,0
555541,0
555542,12
555543,0
555544,0
555545,0
555546,0
555547,0
555548,13
555549,0
555550,0
555551,10
555552,0
555553,0
555554,0
555555,0
555556,0
555557,11
555558,0
555559,0
555560,0
555561,0
555562,0
555563,0
555564,0
555565,0
555566,0
555567,0
555568,14
555569,0
555570,0
555571,0
555572,12
555573,0
555574,0
555575,0
555576,0
555577,0
555578,0
555579,0
555580,0
555581,0
555582,0
555583,0
555584,0
555585,0
555586,0
555587,0
555588,0
555589,0
555590,14
555591,0
555592,0
555593,0
555594,0
555595,0
555596,0
555597,0
555598,0
555599,0
555600,0
555601,0
555602,0
555603,0
555604,0
555605,0
555606,0
555607,0
555608,0
555609,0
555610,0
555611,0
555612,0
555613,0
555614,0
555615,0
555616,0
555617,0
555618,0
555619,0
555620,0
555621,0
555622,0
555623,0
555624,0
555625,0
555626,0
555627,0
555628,0
555629,0
555630,0
555631,0
555632,0
555633,0
555634,21
555635,0
555636,17
555637,0
555638,0
555639,0
555640,0
555641,0
555642,0
555643,0
555644,0
555645,0
555646,0
555647,0
555648,0
555649,0
555650,0
555651,0
555652,0
555653,0
555654,0
555655,0
555656,0
555657,0
555658,0
555659,0
555660,0
555661,0
555662,0
555663,0
555664,0
555665,0
555666,0
555667,0
555668,0
555669,0
555670,16
555671,0
555672,0
555673,0
555674,0
555675,0
555676,0
555677,17
555678,0
555679,0
555680,11
555681,0
555682,0
555683,0
555684,0
555685,0
555686,0
555687,0
555688,0
555689,0
555690,0
555691,0
555692,0
555693,0
555694,0
555695,0
555696,0
555697,0
555698,0
555699,0
555700,0
555701,0
555702,0
555703,0
555704,15
555705,0
555706,0
555707,0
555708,0
555709,0
555710,0
555711,0
555712,0
555713,0
555714,9
555715,0
555716,0
555717,0
555718,0
555719,0
555720,0
555721,0
555722,0
555723,0
555724,0
555725,0
555726,0
555727,0
555728,0
555729,0
555730,0
555731,0
555732,0
555733,14
555734,0
555735,0
555736,0
555737,0
555738,0
555739,0
555740,11
555741,0
555742,0
555743,0
555744,0
555745,0
555746,0
555747,0
555748,9
555749,0
555750,0
555751,0
555752,0
555753,0
555754,0
555755,0
555756,0
555757,0
555758,0
555759,0
555760,0
555761,0
555762,0
555763,0
555764,0
555765,0
555766,0
555767,0
555768,0
555769,0
555770,0
555771,0
555772,0
555773,0
555774,0
555775,0
555776,0
555777,0
555778,0
555779,14
555780,0
555781,0
555782,0
555783,0
555784,0
555785,0
555786,0
555787,0
555788,15
555789,0
555790,0
555791,0
555792,0
555793,11
555794,0
555795,0
555796,0
555797,0
555798,0
555799,15
555800,0
555801,0
555802,0
555803,0
555804,0
555805,0
555806,0
555807,0
555808,0
555809,0
555810,0
555811,0
555812,0
555813,0
555814,0
555815,0
555816,0
555817,0
555818,0
555819,0
555820,0
555821,8
555822,0
555823,0
555824,0
555825,0
555826,0
555827,0
555828,0
555829,0
555830,0
555831,0
555832,0
555833,9
555834,0
555835,0
555836,0
555837,0
555838,0
555839,0
555840,0
555841,0
555842,0
555843,0
555844,0
555845,0
555846,0
555847,0
555848,0
555849,0
555850,12
555851,8
555852,6
555853,0
555854,0
555855,0
555856,0
555857,0
555858,0
555859,0
555860,0
555861,0
555862,0
555863,0
555864,0
555865,0
555866,0
555867,0
555868,0
555869,0
555870,0
555871,0
555872,0
555873,0
555874,0
555875,0
555876,13
555877,0
555878,0
555879,0
555880,0
555881,0
555882,0
555883,0
555884,0
555885,0
555886,0
555887,0
555888,0
555889,0
555890,0
555891,0
555892,0
555893,0
555894,0
555895,0
555896,0
555897,0
555898,0
555899,0
555900,0
555901,0
555902,0
555903,0
555904,0
555905,0
555906,0
555907,0
555908,0
555909,0
555910,0
555911,0
555912,0
555913,0
555914,0
555915,0
555916,0
555917,0
555918,0
555919,0
555920,14
555921,0
555922,0
555923,26
555924,0
555925,0
555926,0
555927,0
555928,0
555929,0
555930,0
555931,0
555932,0
555933,0
555934,0
555935,0
555936,0
555937,0
555938,11
555939,0
555940,0
555941,0
555942,0
555943,0
555944,0
555945,10
555946,0
555947,0
555948,0
555949,0
555950,0
555951,0
555952,0
555953,16
555954,0
555955,0
555956,0
555957,0
555958,0
555959,0
555960,0
555961,0
555962,0
555963,0
555964,0
555965,0
555966,0
555967,0
555968,0
555969,0
555970,0
555971,0
555972,0
555973,0
555974,0
555975,0
555976,0
555977,13
555978,0
555979,0
555980,0
555981,0
555982,0
555983,8
555984,26
555985,21
555986,0
555987,12
555988,0
555989,0
555990,0
555991,0
555992,0
555993,0
555994,0
555995,0
555996,0
555997,0
555998,0
555999,19
556000,0
556001,0
556002,0
556003,0
556004,0
556005,0
556006,15
556007,0
556008,0
556009,0
556010,0
556011,0
556012,0
556013,0
556014,0
556015,0
556016,0
556017,0
556018,0
556019,0
556020,0
556021,0
556022,0
556023,0
556024,0
556025,8
556026,0
556027,0
556028,0
556029,0
556030,0
556031,0
556032,0
556033,9
556034,0
556035,0
556036,0
556037,0
556038,0
556039,0
556040,0
556041,0
556042,0
556043,9
556044,0
556045,0
556046,0
556047,0
556048,0
556049,0
556050,0
556051,0
556052,0
556053,0
556054,0
556055,0
556056,0
556057,0
556058,0
556059,0
556060,0
556061,0
556062,0
556063,0
556064,0
556065,0
556066,0
556067,0
556068,0
556069,18
556070,0
556071,0
556072,0
556073,0
556074,0
556075,0
556076,16
556077,0
556078,0
556079,0
556080,0
556081,0
556082,0
556083,0
556084,0
556085,24
556086,0
556087,0
556088,0
556089,0
556090,0
556091,0
556092,0
556093,0
556094,0
556095,0
556096,0
556097,0
556098,0
556099,0
556100,0
556101,0
556102,0
556103,0
556104,0
556105,0
556106,0
556107,0
556108,0
556109,0
556110,0
556111,0
556112,15
556113,0
556114,0
556115,0
556116,0
556117,0
556118,0
556119,0
556120,0
556121,17
556122,17
556123,21
556124,0
556125,0
556126,0
556127,0
556128,0
556129,0
556130,0
556131,0
556132,10
556133,7
556134,0
556135,0
556136,0
556137,0
556138,0
556139,0
556140,0
556141,0
556142,0
556143,0
556144,0
556145,0
556146,0
556147,19
556148,0
556149,0
556150,0
556151,0
556152,0
556153,0
556154,0
556155,0
556156,0
556157,0
556158,0
556159,0
556160,0
556161,0
556162,0
556163,0
556164,0
556165,0
556166,0
556167,0
556168,0
556169,0
556170,0
556171,13
556172,0
556173,0
556174,0
556175,0
556176,0
556177,0
556178,0
556179,0
556180,0
556181,0
556182,0
556183,0
556184,0
556185,0
556186,0
556187,0
556188,0
556189,0
556190,0
556191,18
556192,0
556193,0
556194,0
556195,0
556196,0
556197,0
556198,0
556199,0
556200,0
556201,0
556202,0
556203,0
556204,0
556205,0
556206,0
556207,0
556208,0
556209,0
556210,0
556211,0
556212,0
556213,0
556214,0
556215,0
556216,0
556217,0
556218,21
556219,10
556220,0
556221,0
556222,0
556223,0
556224,0
556225,0
556226,0
556227,0
556228,0
556229,0
556230,0
556231,0
556232,0
556233,12
556234,0
556235,0
556236,0
556237,0
556238,0
556239,0
556240,0
556241,0
556242,0
556243,0
556244,0
556245,0
556246,0
556247,0
556248,0
556249,0
556250,0
556251,0
556252,0
556253,20
556254,0
556255,0
556256,0
556257,0
556258,0
556259,0
556260,0
556261,0
556262,0
556263,0
556264,0
556265,0
556266,0
556267,0
556268,0
556269,12
556270,0
556271,18
556272,0
556273,0
556274,0
556275,0
556276,0
556277,0
556278,0
556279,0
556280,0
556281,0
556282,0
556283,0
556284,19
556285,0
556286,0
556287,0
556288,0
556289,0
556290,0
556291,0
556292,0
556293,0
556294,0
556295,0
556296,0
556297,0
556298,0
556299,0
556300,0
556301,0
556302,0
556303,0
556304,0
556305,0
556306,0
556307,0
556308,0
556309,10
556310,0
556311,0
556312,0
556313,0
556314,0
556315,0
556316,0
556317,0
556318,0
556319,0
556320,0
556321,0
556322,0
556323,0
556324,0
556325,0
556326,0
556327,14
556328,0
556329,0
556330,0
556331,0
556332,0
556333,0
556334,0
556335,0
556336,17
556337,0
556338,0
556339,0
556340,8
556341,0
556342,0
556343,0
556344,0
556345,0
556346,0
556347,0
556348,0
556349,0
556350,0
556351,0
556352,0
556353,20
556354,0
556355,0
556356,6
556357,0
556358,0
556359,0
556360,25
556361,0
556362,0
556363,15
556364,0
556365,0
556366,0
556367,0
556368,0
556369,0
556370,0
556371,0
556372,0
556373,0
556374,0
556375,15
556376,15
556377,0
556378,17
556379,0
556380,21
556381,20
556382,0
556383,0
556384,0
556385,0
556386,0
556387,16
556388,0
556389,0
556390,0
556391,0
556392,17
556393,0
556394,0
556395,0
556396,0
556397,0
556398,0
556399,18
556400,0
556401,0
556402,0
556403,0
556404,0
556405,0
556406,0
556407,0
556408,0
556409,7
556410,0
556411,0
556412,0
556413,0
556414,0
556415,14
556416,0
556417,0
556418,18
556419,0
556420,0
556421,0
556422,0
556423,0
556424,0
556425,0
556426,0
556427,12
556428,0
556429,0
556430,0
556431,0
556432,0
556433,0
556434,0
556435,0
556436,0
556437,0
556438,0
556439,10
556440,0
556441,6
556442,0
556443,0
556444,0
556445,0
556446,0
556447,0
556448,0
556449,0
556450,13
556451,0
556452,0
556453,19
556454,20
556455,0
556456,0
556457,0
556458,0
556459,0
556460,0
556461,0
556462,9
556463,0
556464,12
556465,0
556466,19
556467,0
556468,0
556469,16
556470,0
556471,0
556472,0
556473,0
556474,0
556475,0
556476,0
556477,16
556478,10
556479,0
556480,0
556481,0
556482,18
556483,17
556484,0
556485,0
556486,13
556487,0
556488,0
556489,0
556490,22
556491,0
556492,0
556493,0
556494,0
556495,16
556496,0
556497,0
556498,0
556499,18
556500,23
556501,10
556502,0
556503,0
556504,0
556505,0
556506,0
556507,0
556508,0
556509,0
556510,0
556511,19
556512,0
556513,21
556514,0
556515,0
556516,0
556517,0
556518,0
556519,11
556520,0
556521,0
556522,0
556523,0
556524,15
556525,0
556526,11
556527,0
556528,0
556529,0
556530,0
556531,0
556532,0
556533,0
556534,17
556535,0
556536,0
556537,0
556538,0
556539,0
556540,0
556541,0
556542,0
556543,19
556544,19
556545,0
556546,7
556547,0
556548,0
556549,0
556550,0
556551,0
556552,0
556553,0
556554,0
556555,0
556556,0
556557,0
556558,0
556559,0
556560,0
556561,14
556562,10
556563,12
556564,0
556565,0
556566,0
556567,16
556568,0
556569,0
556570,12
556571,0
556572,19
556573,0
556574,0
556575,0
556576,12
556577,0
556578,0
556579,0
556580,0
556581,0
556582,0
556583,0
556584,0
556585,0
556586,0
556587,0
556588,0
556589,0
556590,0
556591,12
556592,0
556593,0
556594,0
556595,0
556596,0
556597,0
556598,0
556599,0
556600,0
556601,0
556602,0
556603,12
556604,0
556605,0
556606,15
556607,0
556608,13
556609,0
556610,0
556611,0
556612,0
556613,0
556614,0
556615,0
556616,0
556617,0
556618,0
556619,0
556620,0
556621,0
556622,23
556623,0
556624,0
556625,0
556626,0
556627,0
556628,28
556629,0
556630,0
556631,29
556632,0
556633,38
556634,0
556635,0
556636,0
556637,30
556638,93
556639,0
556640,0
556641,45
556642,0
556643,51
556644,0
556645,0
556646,0
556647,53
556648,0
556649,0
556650,0
556651,0
556652,53
556653,45
556654,0
556655,53
556656,0
556657,0
556658,26
556659,0
556660,42
556661,0
556662,41
556663,24
556664,0
556665,52
556666,0
556667,0
556668,0
556669,0
556670,0
556671,0
556672,0
556673,59
556674,0
556675,0
556676,0
556677,0
556678,0
556679,63
556680,0
556681,0
556682,47
556683,0
556684,0
556685,34
556686,33
556687,31
556688,0
556689,57
556690,49
556691,44
556692,35
556693,50
556694,0
556695,0
556696,0
556697,0
556698,0
556699,42
556700,0
556701,0
556702,36
556703,0
556704,60
556705,0
556706,0
556707,0
556708,0
556709,0
556710,0
556711,0
556712,0
556713,23
556714,0
556715,0
556716,0
556717,0
556718,38
556719,50
556720,0
556721,0
556722,25
556723,0
556724,29
556725,0
556726,0
556727,0
556728,0
556729,0
556730,50
556731,0
556732,0
556733,0
556734,0
556735,0
556736,41
556737,42
556738,33
556739,0
556740,0
556741,49
556742,0
556743,0
556744,20
556745,0
556746,0
556747,0
556748,0
556749,39
556750,0
556751,0
556752,39
556753,37
556754,0
556755,0
556756,0
556757,0
556758,0
556759,0
556760,0
556761,0
556762,0
556763,37
556764,0
556765,0
556766,0
556767,0
556768,50
556769,0
556770,0
556771,58
556772,41
556773,68
556774,0
556775,0
556776,0
556777,0
556778,0
556779,0
556780,0
556781,0
556782,0
556783,0
556784,0
556785,0
556786,0
556787,0
556788,0
556789,0
556790,0
556791,0
556792,26
556793,0
556794,0
556795,0
556796,0
556797,0
556798,0
556799,0
556800,0
556801,42
556802,0
556803,0
556804,0
556805,32
556806,0
556807,32
556808,0
556809,0
556810,0
556811,29
556812,32
556813,57
556814,0
556815,0
556816,0
556817,0
556818,0
556819,0
556820,0
556821,0
556822,0
556823,0
556824,0
556825,0
556826,0
556827,0
556828,44
556829,45
556830,53
556831,45
556832,0
556833,0
556834,0
556835,0
556836,0
556837,0
556838,0
556839,0
556840,56
556841,0
556842,0
556843,0
556844,49
556845,0
556846,40
556847,0
556848,36
556849,0
556850,0
556851,0
556852,0
556853,0
556854,0
556855,58
556856,0
556857,0
556858,30
556859,0
556860,32
556861,0
556862,0
556863,0
556864,0
556865,0
556866,0
556867,43
556868,0
556869,0
556870,0
556871,0
556872,19
556873,0
556874,38
556875,0
556876,23
556877,0
556878,59
556879,0
556880,0
556881,0
556882,0
556883,0
556884,0
556885,0
556886,0
556887,0
556888,0
556889,37
556890,0
556891,46
556892,0
556893,30
556894,0
556895,26
556896,0
556897,0
556898,42
556899,39
556900,0
556901,53
556902,0
556903,0
556904,44
556905,0
556906,0
556907,0
556908,0
556909,0
556910,0
556911,0
556912,0
556913,0
556914,33
556915,0
556916,0
556917,56
556918,0
556919,0
556920,54
556921,0
556922,0
556923,0
556924,0
556925,0
556926,0
556927,0
556928,0
556929,0
556930,0
556931,0
556932,0
556933,41
556934,0
556935,0
556936,0
556937,0
556938,0
556939,0
556940,0
556941,79
556942,51
556943,0
556944,0
556945,34
556946,0
556947,0
556948,0
556949,0
556950,30
556951,0
556952,0
556953,35
556954,0
556955,0
556956,0
556957,0
556958,0
556959,77
556960,0
556961,24
556962,0
556963,42
556964,0
556965,28
556966,36
556967,14
556968,35
556969,26
556970,0
556971,0
556972,41
556973,0
556974,0
556975,29
556976,0
556977,0
556978,0
556979,0
556980,0
556981,0
556982,0
556983,13
556984,0
556985,0
556986,0
556987,0
556988,7
556989,0
556990,0
556991,0
556992,0
556993,0
556994,0
556995,6
556996,0
556997,0
556998,13
556999,0
557000,0
557001,0
557002,0
557003,0
557004,0
557005,0
557006,0
557007,0
557008,0
557009,0
557010,0
557011,12
557012,0
557013,0
557014,0
557015,0
557016,0
557017,0
557018,0
557019,0
557020,0
557021,0
557022,0
557023,0
557024,9
557025,0
557026,15
557027,12
557028,0
557029,0
557030,0
557031,0
557032,0
557033,0
557034,0
557035,0
557036,0
557037,0
557038,0
557039,0
557040,0
557041,0
557042,0
557043,0
557044,0
557045,27
557046,17
557047,0
557048,11
557049,18
557050,0
557051,0
557052,0
557053,18
557054,0
557055,0
557056,0
557057,0
557058,0
557059,0
557060,0
557061,0
557062,0
557063,0
557064,11
557065,0
557066,0
557067,0
557068,0
557069,0
557070,0
557071,0
557072,11
557073,16
557074,0
557075,0
557076,0
557077,0
557078,0
557079,0
557080,10
557081,0
557082,0
557083,6
557084,0
557085,0
557086,0
557087,0
557088,0
557089,0
557090,0
557091,8
557092,0
557093,0
557094,0
557095,0
557096,0
557097,0
557098,0
557099,0
557100,0
557101,21
557102,0
557103,0
557104,0
557105,0
557106,0
557107,0
557108,0
557109,0
557110,0
557111,0
557112,0
557113,0
557114,0
557115,0
557116,0
557117,0
557118,0
557119,0
557120,0
557121,0
557122,0
557123,0
557124,0
557125,0
557126,0
557127,0
557128,0
557129,0
557130,0
557131,0
557132,0
557133,0
557134,0
557135,0
557136,0
557137,0
557138,0
557139,0
557140,0
557141,0
557142,20
557143,0
557144,12
557145,17
557146,14
557147,0
557148,5
557149,0
557150,10
557151,14
557152,0
557153,0
557154,15
557155,8
557156,0
557157,0
557158,0
557159,0
557160,0
557161,0
557162,0
557163,0
557164,0
557165,0
557166,0
557167,0
557168,0
557169,0
557170,0
557171,0
557172,0
557173,0
557174,0
557175,0
557176,0
557177,0
557178,0
557179,0
557180,0
557181,0
557182,0
557183,0
557184,0
557185,0
557186,6
557187,0
557188,0
557189,0
557190,0
557191,0
557192,0
557193,0
557194,0
557195,0
557196,6
557197,0
557198,16
557199,0
557200,0
557201,0
557202,0
557203,0
557204,0
557205,0
557206,0
557207,0
557208,0
557209,0
557210,0
557211,0
557212,0
557213,0
557214,0
557215,7
557216,0
557217,0
557218,0
557219,0
557220,0
557221,0
557222,0
557223,0
557224,0
557225,0
557226,0
557227,0
557228,0
557229,0
557230,0
557231,0
557232,0
557233,0
557234,0
557235,0
557236,0
557237,0
557238,0
557239,0
557240,0
557241,0
557242,0
557243,0
557244,0
557245,0
557246,11
557247,0
557248,0
557249,10
557250,0
557251,0
557252,0
557253,0
557254,0
557255,0
557256,0
557257,12
557258,21
557259,15
557260,0
557261,0
557262,0
557263,0
557264,0
557265,0
557266,15
557267,0
557268,0
557269,0
557270,0
557271,0
557272,0
557273,0
557274,0
557275,0
557276,0
557277,0
557278,0
557279,0
557280,0
557281,0
557282,0
557283,12
557284,0
557285,0
557286,0
557287,0
557288,0
557289,0
557290,0
557291,0
557292,0
557293,0
557294,0
557295,0
557296,0
557297,0
557298,0
557299,0
557300,0
557301,0
557302,0
557303,0
557304,12
557305,0
557306,0
557307,7
557308,6
557309,0
557310,10
557311,0
557312,0
557313,0
557314,0
557315,0
557316,0
557317,0
557318,0
557319,0
557320,0
557321,0
557322,0
557323,0
557324,0
557325,0
557326,0
557327,0
557328,0
557329,0
557330,0
557331,13
557332,17
557333,0
557334,0
557335,0
557336,0
557337,0
557338,0
557339,0
557340,0
557341,0
557342,0
557343,0
557344,0
557345,0
557346,0
557347,0
557348,10
557349,0
557350,0
557351,0
557352,0
557353,0
557354,0
557355,0
557356,0
557357,0
557358,0
557359,0
557360,0
557361,0
557362,0
557363,0
557364,0
557365,0
557366,0
557367,0
557368,0
557369,0
557370,0
557371,0
557372,0
557373,0
557374,0
557375,0
557376,0
557377,0
557378,0
557379,0
557380,0
557381,0
557382,0
557383,0
557384,0
557385,0
557386,0
557387,0
557388,0
557389,0
557390,0
557391,0
557392,0
557393,0
557394,0
557395,0
557396,0
557397,0
557398,0
557399,0
557400,0
557401,0
557402,22
557403,0
557404,0
557405,0
557406,12
557407,0
557408,0
557409,0
557410,0
557411,0
557412,0
557413,0
557414,0
557415,0
557416,0
557417,0
557418,0
557419,0
557420,0
557421,14
557422,0
557423,0
557424,0
557425,0
557426,0
557427,0
557428,0
557429,13
557430,0
557431,0
557432,0
557433,0
557434,0
557435,0
557436,42
557437,0
557438,32
557439,0
557440,0
557441,0
557442,0
557443,44
557444,0
557445,0
557446,41
557447,0
557448,47
557449,0
557450,37
557451,42
557452,0
557453,32
557454,30
557455,0
557456,0
557457,53
557458,0
557459,41
557460,0
557461,0
557462,0
557463,35
557464,0
557465,0
557466,42
557467,40
557468,0
557469,0
557470,0
557471,0
557472,0
557473,47
557474,0
557475,0
557476,39
557477,0
557478,55
557479,0
557480,0
557481,0
557482,0
557483,0
557484,0
557485,0
557486,0
557487,0
557488,0
557489,30
557490,0
557491,0
557492,42
557493,0
557494,28
557495,0
557496,0
557497,25
557498,0
557499,0
557500,39
557501,0
557502,0
557503,42
557504,0
557505,45
557506,31
557507,25
557508,0
557509,0
557510,0
557511,0
557512,0
557513,0
557514,37
557515,0
557516,0
557517,0
557518,31
557519,28
557520,0
557521,43
557522,0
557523,0
557524,48
557525,0
557526,0
557527,0
557528,0
557529,38
557530,0
557531,0
557532,0
557533,0
557534,46
557535,0
557536,0
557537,43
557538,0
557539,0
557540,31
557541,0
557542,0
557543,28
557544,24
557545,35
557546,0
557547,42
557548,19
557549,0
557550,0
557551,37
557552,46
557553,0
557554,0
557555,0
557556,22
557557,0
557558,0
557559,0
557560,34
557561,27
557562,35
557563,46
557564,30
557565,59
557566,44
557567,0
557568,0
557569,0
557570,35
557571,0
557572,38
557573,0
557574,31
557575,0
557576,0
557577,0
557578,0
557579,0
557580,0
557581,46
557582,0
557583,42
557584,0
557585,35
557586,0
557587,41
557588,0
557589,39
557590,0
557591,0
557592,46
557593,41
557594,53
557595,0
557596,0
557597,0
557598,0
557599,34
557600,0
557601,0
557602,0
557603,45
557604,0
557605,0
557606,0
557607,0
557608,0
557609,0
557610,0
557611,0
557612,32
557613,44
557614,0
557615,0
557616,37
557617,0
557618,0
557619,24
557620,34
557621,0
557622,0
557623,32
557624,0
557625,39
557626,0
557627,0
557628,0
557629,43
557630,0
557631,0
557632,0
557633,0
557634,0
557635,0
557636,26
557637,44
557638,0
557639,0
557640,54
557641,0
557642,39
557643,0
557644,0
557645,0
557646,0
557647,0
557648,0
557649,26
557650,0
557651,0
557652,0
557653,0
557654,0
557655,0
557656,0
557657,0
557658,0
557659,0
557660,0
557661,28
557662,38
557663,0
557664,0
557665,36
557666,0
557667,0
557668,0
557669,0
557670,0
557671,0
557672,0
557673,39
557674,47
557675,0
557676,0
557677,31
557678,0
557679,0
557680,0
557681,0
557682,24
557683,0
557684,37
557685,0
557686,0
557687,0
557688,35
557689,50
557690,0
557691,0
557692,0
557693,0
557694,40
557695,0
557696,0
557697,43
557698,0
557699,0
557700,0
557701,0
557702,0
557703,0
557704,0
557705,56
557706,0
557707,44
557708,0
557709,44
557710,32
557711,0
557712,0
557713,0
557714,0
557715,0
557716,0
557717,0
557718,0
557719,31
557720,0
557721,0
557722,0
557723,21
557724,30
557725,0
557726,35
557727,43
557728,0
557729,0
557730,0
557731,0
557732,0
557733,0
557734,0
557735,0
557736,29
557737,45
557738,42
557739,0
557740,0
557741,58
557742,43
557743,0
557744,0
557745,0
557746,0
557747,42
557748,0
557749,32
557750,0
557751,0
557752,0
557753,0
557754,0
557755,0
557756,34
557757,0
557758,0
557759,46
557760,0
557761,39
557762,0
557763,0
557764,0
557765,58
557766,0
557767,0
557768,0
557769,0
557770,0
557771,36
557772,0
557773,0
557774,34
557775,0
557776,0
557777,0
557778,0
557779,0
557780,0
557781,0
557782,32
557783,0
557784,43
557785,0
557786,0
557787,0
557788,30
557789,0
557790,36
557791,0
557792,0
557793,34
557794,0
557795,0
557796,0
557797,0
557798,0
557799,0
557800,0
557801,0
557802,0
557803,0
557804,0
557805,36
557806,52
557807,0
557808,42
557809,26
557810,0
557811,0
557812,33
557813,0
557814,33
557815,0
557816,0
557817,0
557818,31
557819,37
557820,0
557821,0
557822,0
557823,0
557824,0
557825,0
557826,0
557827,40
557828,0
557829,0
557830,36
557831,36
557832,0
557833,47
557834,0
557835,0
557836,0
557837,0
557838,0
557839,28
557840,31
557841,0
557842,38
557843,0
557844,0
557845,0
557846,0
557847,0
557848,0
557849,0
557850,0
557851,0
557852,42
557853,0
557854,0
557855,0
557856,0
557857,37
557858,42
557859,0
557860,0
557861,0
557862,0
557863,0
557864,0
557865,0
557866,0
557867,41
557868,0
557869,0
557870,34
557871,27
557872,0
557873,0
557874,36
557875,0
557876,0
557877,0
557878,0
557879,0
557880,0
557881,0
557882,0
557883,0
557884,39
557885,0
557886,0
557887,0
557888,0
557889,0
557890,41
557891,0
557892,0
557893,0
557894,0
557895,0
557896,0
557897,0
557898,0
557899,0
557900,0
557901,0
557902,0
557903,0
557904,0
557905,39
557906,0
557907,40
557908,0
557909,0
557910,0
557911,0
557912,0
557913,27
557914,0
557915,49
557916,0
557917,0
557918,0
557919,0
557920,0
557921,40
557922,0
557923,39
557924,0
557925,0
557926,0
557927,0
557928,0
557929,0
557930,0
557931,0
557932,0
557933,0
557934,0
557935,38
557936,0
557937,34
557938,0
557939,0
557940,49
557941,0
557942,45
557943,0
557944,0
557945,0
557946,0
557947,0
557948,0
557949,0
557950,0
557951,0
557952,36
557953,0
557954,0
557955,0
557956,40
557957,0
557958,52
557959,0
557960,0
557961,0
557962,43
557963,0
557964,0
557965,0
557966,0
557967,0
557968,39
557969,25
557970,0
557971,0
557972,44
557973,0
557974,0
557975,0
557976,0
557977,0
557978,51
557979,0
557980,44
557981,0
557982,50
557983,0
557984,39
557985,0
557986,0
557987,36
557988,32
557989,0
557990,0
557991,30
557992,0
557993,0
557994,0
557995,27
557996,0
557997,0
557998,0
557999,0
558000,0
558001,0
558002,39
558003,0
558004,36
558005,35
558006,0
558007,0
558008,0
558009,0
558010,40
558011,39
558012,0
558013,38
558014,45
558015,0
558016,0
558017,41
558018,35
558019,39
558020,37
558021,0
558022,0
558023,46
558024,0
558025,0
558026,0
558027,39
558028,0
558029,0
558030,0
558031,35
558032,0
558033,0
558034,0
558035,0
558036,0
558037,0
558038,0
558039,0
558040,0
558041,41
558042,0
558043,0
558044,0
558045,0
558046,0
558047,0
558048,0
558049,0
558050,0
558051,0
558052,0
558053,0
558054,0
558055,0
558056,0
558057,0
558058,0
558059,0
558060,0
558061,0
558062,0
558063,0
558064,0
558065,0
558066,0
558067,0
558068,0
558069,0
558070,29
558071,0
558072,0
558073,0
558074,0
558075,0
558076,0
558077,0
558078,0
558079,0
558080,0
558081,0
558082,0
558083,0
558084,0
558085,0
558086,0
558087,0
558088,0
558089,0
558090,0
558091,0
558092,0
558093,0
558094,0
558095,0
558096,0
558097,0
558098,0
558099,0
558100,0
558101,0
558102,0
558103,0
558104,0
558105,0
558106,0
558107,0
558108,0
558109,0
558110,0
558111,0
558112,0
558113,0
558114,0
558115,0
558116,0
558117,0
558118,0
558119,0
558120,0
558121,19
558122,0
558123,0
558124,0
558125,0
558126,0
558127,0
558128,0
558129,0
558130,0
558131,0
558132,12
558133,0
558134,0
558135,0
558136,0
558137,0
558138,0
558139,0
558140,0
558141,0
558142,0
558143,0
558144,0
558145,0
558146,0
558147,0
558148,0
558149,0
558150,0
558151,0
558152,0
558153,0
558154,0
558155,0
558156,0
558157,28
558158,60
558159,0
558160,0
558161,0
558162,0
558163,0
558164,0
558165,0
558166,0
558167,0
558168,0
558169,0
558170,0
558171,0
558172,0
558173,0
558174,0
558175,10
558176,0
558177,0
558178,0
558179,0
558180,0
558181,0
558182,0
558183,27
558184,0
558185,0
558186,0
558187,0
558188,0
558189,0
558190,0
558191,0
558192,31
558193,0
558194,0
558195,0
558196,0
558197,0
558198,0
558199,0
558200,0
558201,0
558202,0
558203,0
558204,0
558205,0
558206,0
558207,0
558208,39
558209,0
558210,0
558211,0
558212,0
558213,0
558214,0
558215,0
558216,0
558217,0
558218,0
558219,0
558220,0
558221,0
558222,0
558223,13
558224,0
558225,0
558226,0
558227,0
558228,0
558229,0
558230,27
558231,0
558232,0
558233,0
558234,0
558235,0
558236,0
558237,0
558238,0
558239,0
558240,0
558241,0
558242,0
558243,0
558244,0
558245,0
558246,0
558247,0
558248,0
558249,0
558250,0
558251,0
558252,0
558253,0
558254,0
558255,0
558256,0
558257,0
558258,0
558259,0
558260,0
558261,0
558262,0
558263,0
558264,0
558265,0
558266,0
558267,0
558268,0
558269,0
558270,0
558271,0
558272,0
558273,0
558274,0
558275,0
558276,0
558277,29
558278,0
558279,0
558280,0
558281,0
558282,0
558283,0
558284,0
558285,0
558286,0
558287,0
558288,0
558289,0
558290,0
558291,0
558292,0
558293,0
558294,0
558295,0
558296,0
558297,0
558298,0
558299,0
558300,0
558301,0
558302,0
558303,0
558304,0
558305,0
558306,0
558307,16
558308,0
558309,0
558310,0
558311,0
558312,0
558313,0
558314,0
558315,0
558316,0
558317,0
558318,0
558319,0
558320,0
558321,0
558322,0
558323,0
558324,0
558325,0
558326,0
558327,0
558328,0
558329,0
558330,0
558331,0
558332,0
558333,0
558334,0
558335,0
558336,0
558337,59
558338,0
558339,0
558340,0
558341,0
558342,0
558343,0
558344,0
558345,0
558346,0
558347,0
558348,0
558349,0
558350,37
558351,0
558352,0
558353,0
558354,0
558355,0
558356,0
558357,0
558358,0
558359,0
558360,0
558361,0
558362,0
558363,0
558364,0
558365,0
558366,0
558367,0
558368,0
558369,0
558370,0
558371,0
558372,0
558373,0
558374,0
558375,0
558376,0
558377,0
558378,0
558379,0
558380,0
558381,0
558382,0
558383,0
558384,0
558385,27
558386,28
558387,0
558388,0
558389,0
558390,0
558391,0
558392,0
558393,33
558394,0
558395,0
558396,22
558397,0
558398,0
558399,0
558400,0
558401,0
558402,0
558403,0
558404,0
558405,0
558406,0
558407,0
558408,0
558409,0
558410,0
558411,0
558412,0
558413,0
558414,0
558415,0
558416,0
558417,0
558418,0
558419,0
558420,0
558421,28
558422,0
558423,0
558424,0
558425,0
558426,0
558427,0
558428,0
558429,0
558430,0
558431,0
558432,0
558433,0
558434,0
558435,0
558436,0
558437,0
558438,0
558439,0
558440,0
558441,0
558442,0
558443,0
558444,0
558445,0
558446,0
558447,0
558448,0
558449,0
558450,0
558451,0
558452,0
558453,0
558454,0
558455,0
558456,0
558457,0
558458,0
558459,0
558460,0
558461,0
558462,0
558463,0
558464,0
558465,0
558466,0
558467,0
558468,0
558469,0
558470,0
558471,0
558472,0
558473,0
558474,0
558475,0
558476,0
558477,25
558478,0
558479,0
558480,0
558481,0
558482,0
558483,0
558484,27
558485,0
558486,0
558487,0
558488,0
558489,40
558490,0
558491,0
558492,0
558493,0
558494,0
558495,0
558496,0
558497,0
558498,0
558499,0
558500,0
558501,0
558502,0
558503,0
558504,0
558505,0
558506,0
558507,0
558508,0
558509,0
558510,0
558511,0
558512,0
558513,0
558514,0
558515,0
558516,0
558517,0
558518,0
558519,0
558520,0
558521,0
558522,0
558523,0
558524,0
558525,0
558526,0
558527,0
558528,0
558529,0
558530,0
558531,17
558532,0
558533,0
558534,0
558535,0
558536,0
558537,0
558538,0
558539,0
558540,0
558541,0
558542,29
558543,0
558544,0
558545,0
558546,0
558547,0
558548,0
558549,0
558550,0
558551,0
558552,0
558553,0
558554,0
558555,0
558556,0
558557,0
558558,0
558559,0
558560,0
558561,0
558562,0
558563,0
558564,0
558565,0
558566,0
558567,0
558568,18
558569,0
558570,0
558571,0
558572,0
558573,0
558574,0
558575,0
558576,0
558577,0
558578,21
558579,0
558580,0
558581,0
558582,0
558583,24
558584,24
558585,0
558586,0
558587,0
558588,0
558589,0
558590,0
558591,0
558592,0
558593,0
558594,0
558595,20
558596,0
558597,20
558598,0
558599,0
558600,0
558601,0
558602,0
558603,0
558604,25
558605,0
558606,0
558607,0
558608,0
558609,0
558610,0
558611,0
558612,0
558613,0
558614,17
558615,0
558616,0
558617,0
558618,0
558619,18
558620,0
558621,0
558622,0
558623,0
558624,0
558625,9
558626,0
558627,29
558628,0
558629,0
558630,0
558631,0
558632,0
558633,0
558634,0
558635,0
558636,0
558637,14
558638,0
558639,0
558640,0
558641,0
558642,28
558643,14
558644,0
558645,0
558646,0
558647,15
558648,0
558649,16
558650,0
558651,0
558652,0
558653,0
558654,0
558655,0
558656,0
558657,0
558658,0
558659,0
558660,0
558661,0
558662,0
558663,0
558664,16
558665,0
558666,0
558667,0
558668,22
558669,18
558670,0
558671,0
558672,0
558673,0
558674,0
558675,0
558676,0
558677,0
558678,0
558679,0
558680,0
558681,0
558682,0
558683,0
558684,0
558685,0
558686,0
558687,0
558688,0
558689,0
558690,24
558691,0
558692,0
558693,0
558694,0
558695,0
558696,0
558697,0
558698,0
558699,0
558700,0
558701,0
558702,0
558703,0
558704,0
558705,0
558706,0
558707,18
558708,0
558709,0
558710,0
558711,0
558712,0
558713,0
558714,0
558715,28
558716,0
558717,0
558718,0
558719,16
558720,0
558721,0
558722,20
558723,0
558724,0
558725,25
558726,0
558727,0
558728,0
558729,0
558730,0
558731,0
558732,0
558733,0
558734,0
558735,0
558736,14
558737,0
558738,0
558739,0
558740,0
558741,0
558742,0
558743,0
558744,0
558745,0
558746,18
558747,0
558748,0
558749,0
558750,0
558751,0
558752,0
558753,0
558754,16
558755,23
558756,9
558757,0
558758,0
558759,0
558760,0
558761,0
558762,0
558763,0
558764,0
558765,0
558766,0
558767,0
558768,0
558769,0
558770,0
558771,0
558772,0
558773,19
558774,0
558775,0
558776,0
558777,0
558778,0
558779,0
558780,0
558781,0
558782,0
558783,0
558784,0
558785,0
558786,0
558787,0
558788,0
558789,0
558790,0
558791,0
558792,0
558793,32
558794,0
558795,0
558796,0
558797,0
558798,0
558799,23
558800,0
558801,21
558802,0
558803,0
558804,19
558805,0
558806,0
558807,0
558808,0
558809,23
558810,0
558811,0
558812,0
558813,0
558814,22
558815,0
558816,0
558817,0
558818,0
558819,0
558820,0
558821,0
558822,0
558823,23
558824,0
558825,0
558826,17
558827,0
558828,0
558829,0
558830,0
558831,0
558832,0
558833,0
558834,0
558835,0
558836,0
558837,0
558838,0
558839,0
558840,0
558841,0
558842,0
558843,0
558844,0
558845,0
558846,23
558847,23
558848,0
558849,0
558850,0
558851,0
558852,28
558853,0
558854,12
558855,0
558856,0
558857,0
558858,0
558859,0
558860,0
558861,0
558862,0
558863,31
558864,23
558865,0
558866,9
558867,0
558868,0
558869,18
558870,0
558871,0
558872,0
558873,22
558874,0
558875,0
558876,0
558877,0
558878,0
558879,0
558880,0
558881,0
558882,0
558883,0
558884,0
558885,0
558886,0
558887,19
558888,0
558889,0
558890,0
558891,17
558892,0
558893,0
558894,24
558895,0
558896,29
558897,0
558898,0
558899,0
558900,0
558901,13
558902,0
558903,0
558904,0
558905,0
558906,0
558907,0
558908,0
558909,0
558910,0
558911,32
558912,0
558913,0
558914,0
558915,0
558916,0
558917,0
558918,0
558919,0
558920,0
558921,0
558922,0
558923,0
558924,0
558925,0
558926,0
558927,16
558928,17
558929,0
558930,0
558931,0
558932,0
558933,0
558934,0
558935,0
558936,0
558937,0
558938,0
558939,0
558940,22
558941,0
558942,0
558943,0
558944,0
558945,22
558946,26
558947,0
558948,0
558949,0
558950,0
558951,0
558952,21
558953,0
558954,0
558955,19
558956,0
558957,0
558958,13
558959,0
558960,0
558961,0
558962,29
558963,0
558964,0
558965,0
558966,25
558967,0
558968,0
558969,0
558970,0
558971,0
558972,0
558973,0
558974,0
558975,0
558976,8
558977,0
558978,20
558979,18
558980,0
558981,0
558982,0
558983,20
558984,0
558985,25
558986,0
558987,0
558988,0
558989,0
558990,0
558991,0
558992,0
558993,0
558994,0
558995,0
558996,0
558997,0
558998,26
558999,0
559000,0
559001,0
559002,0
559003,0
559004,22
559005,0
559006,0
559007,0
559008,0
559009,0
559010,22
559011,0
559012,0
559013,0
559014,0
559015,0
559016,0
559017,0
559018,0
559019,0
559020,0
559021,0
559022,0
559023,28
559024,27
559025,30
559026,0
559027,0
559028,0
559029,0
559030,0
559031,0
559032,0
559033,17
559034,0
559035,22
559036,0
559037,0
559038,0
559039,0
559040,0
559041,0
559042,0
559043,0
559044,0
559045,0
559046,0
559047,0
559048,12
559049,0
559050,33
559051,0
559052,15
559053,0
559054,0
559055,0
559056,0
559057,0
559058,0
559059,0
559060,0
559061,0
559062,0
559063,0
559064,0
559065,0
559066,0
559067,0
559068,0
559069,0
559070,0
559071,22
559072,0
559073,0
559074,0
559075,0
559076,31
559077,0
559078,0
559079,1
559080,2
559081,0
559082,0
559083,2
559084,0
559085,1
559086,0
559087,0
559088,0
559089,1
559090,0
559091,0
559092,0
559093,0
559094,0
559095,0
559096,0
559097,2
559098,0
559099,0
559100,0
559101,0
559102,2
559103,1
559104,0
559105,0
559106,1
559107,0
559108,0
559109,2
559110,0
559111,0
559112,0
559113,0
559114,0
559115,0
559116,0
559117,0
559118,0
559119,0
559120,0
559121,0
559122,0
559123,0
559124,1
559125,0
559126,0
559127,0
559128,0
559129,0
559130,0
559131,0
559132,0
559133,1
559134,0
559135,0
559136,0
559137,0
559138,0
559139,0
559140,0
559141,0
559142,0
559143,2
559144,0
559145,0
559146,0
559147,0
559148,0
559149,0
559150,0
559151,0
559152,0
559153,0
559154,0
559155,1
559156,0
559157,0
559158,0
559159,0
559160,0
559161,0
559162,0
559163,0
559164,1
559165,2
559166,2
559167,0
559168,0
559169,0
559170,0
559171,0
559172,0
559173,0
559174,0
559175,2
559176,0
559177,0
559178,0
559179,0
559180,0
559181,0
559182,0
559183,0
559184,1
559185,0
559186,0
559187,0
559188,1
559189,3
559190,0
559191,0
559192,0
559193,0
559194,0
559195,0
559196,2
559197,1
559198,0
559199,0
559200,0
559201,0
559202,1
559203,0
559204,0
559205,0
559206,0
559207,0
559208,0
559209,0
559210,1
559211,1
559212,0
559213,1
559214,1
559215,0
559216,0
559217,0
559218,0
559219,1
559220,0
559221,0
559222,0
559223,0
559224,0
559225,0
559226,1
559227,1
559228,0
559229,0
559230,0
559231,0
559232,0
559233,0
559234,3
559235,0
559236,0
559237,0
559238,0
559239,0
559240,1
559241,0
559242,0
559243,1
559244,0
559245,0
559246,0
559247,0
559248,0
559249,0
559250,0
559251,0
559252,2
559253,0
559254,0
559255,0
559256,0
559257,0
559258,2
559259,0
559260,0
559261,1
559262,0
559263,1
559264,1
559265,0
559266,0
559267,0
559268,0
559269,0
559270,0
559271,0
559272,0
559273,1
559274,0
559275,0
559276,0
559277,0
559278,0
559279,0
559280,0
559281,0
559282,0
559283,0
559284,1
559285,2
559286,2
559287,0
559288,0
559289,0
559290,0
559291,0
559292,0
559293,0
559294,0
559295,0
559296,0
559297,0
559298,0
559299,0
559300,0
559301,1
559302,0
559303,0
559304,0
559305,0
559306,0
559307,0
559308,0
559309,3
559310,0
559311,1
559312,0
559313,0
559314,0
559315,0
559316,0
559317,0
559318,0
559319,0
559320,0
559321,0
559322,0
559323,0
559324,0
559325,1
559326,1
559327,1
559328,0
559329,0
559330,0
559331,0
559332,0
559333,0
559334,1
559335,0
559336,0
559337,1
559338,0
559339,0
559340,0
559341,0
559342,0
559343,2
559344,0
559345,0
559346,0
559347,2
559348,0
559349,2
559350,0
559351,0
559352,0
559353,0
559354,0
559355,0
559356,0
559357,2
559358,0
559359,0
559360,0
559361,0
559362,0
559363,1
559364,0
559365,0
559366,0
559367,0
559368,0
559369,0
559370,0
559371,0
559372,1
559373,0
559374,0
559375,0
559376,0
559377,0
559378,3
559379,0
559380,0
559381,0
559382,1
559383,0
559384,0
559385,0
559386,1
559387,0
559388,0
559389,0
559390,2
559391,0
559392,0
559393,0
559394,0
559395,0
559396,2
559397,0
559398,0
559399,0
559400,0
559401,0
559402,1
559403,0
559404,0
559405,0
559406,1
559407,0
559408,0
559409,0
559410,0
559411,0
559412,1
559413,2
559414,0
559415,0
559416,2
559417,0
559418,1
559419,0
559420,1
559421,0
559422,0
559423,0
559424,0
559425,0
559426,0
559427,1
559428,1
559429,0
559430,0
559431,0
559432,1
559433,1
559434,0
559435,0
559436,0
559437,0
559438,0
559439,0
559440,0
559441,0
559442,0
559443,3
559444,1
559445,1
559446,0
559447,0
559448,0
559449,0
559450,0
559451,0
559452,0
559453,0
559454,0
559455,0
559456,0
559457,0
559458,0
559459,0
559460,0
559461,0
559462,1
559463,0
559464,0
559465,2
559466,0
559467,0
559468,0
559469,0
559470,2
559471,2
559472,0
559473,0
559474,0
559475,0
559476,0
559477,2
559478,0
559479,1
559480,0
559481,0
559482,0
559483,0
559484,0
559485,1
559486,0
559487,0
559488,2
559489,0
559490,0
559491,0
559492,0
559493,0
559494,0
559495,0
559496,1
559497,0
559498,3
559499,0
559500,0
559501,0
559502,0
559503,0
559504,0
559505,0
559506,0
559507,0
559508,0
559509,0
559510,2
559511,0
559512,0
559513,0
559514,3
559515,0
559516,0
559517,0
559518,0
559519,0
559520,0
559521,0
559522,0
559523,0
559524,0
559525,0
559526,0
559527,0
559528,0
559529,0
559530,0
559531,0
559532,0
559533,0
559534,0
559535,1
559536,0
559537,0
559538,0
559539,0
559540,1
559541,0
559542,0
559543,0
559544,0
559545,0
559546,0
559547,1
559548,0
559549,0
559550,0
559551,0
559552,2
559553,0
559554,0
559555,1
559556,1
559557,0
559558,0
559559,0
559560,0
559561,0
559562,0
559563,0
559564,0
559565,1
559566,0
559567,0
559568,0
559569,0
559570,0
559571,0
559572,0
559573,0
559574,0
559575,0
559576,0
559577,0
559578,0
559579,0
559580,2
559581,1
559582,0
559583,3
559584,0
559585,0
559586,0
559587,0
559588,0
559589,0
559590,0
559591,0
559592,0
559593,0
559594,0
559595,0
559596,0
559597,1
559598,0
559599,0
559600,0
559601,0
559602,0
559603,0
559604,0
559605,1
559606,0
559607,0
559608,0
559609,0
559610,0
559611,0
559612,1
559613,1
559614,4
559615,0
559616,0
559617,0
559618,1
559619,0
559620,0
559621,0
559622,0
559623,0
559624,0
559625,1
559626,0
559627,0
559628,0
559629,2
559630,0
559631,0
559632,0
559633,0
559634,0
559635,0
559636,0
559637,0
559638,0
559639,0
559640,0
559641,0
559642,0
559643,0
559644,0
559645,0
559646,0
559647,0
559648,0
559649,0
559650,0
559651,0
559652,0
559653,0
559654,0
559655,0
559656,0
559657,0
559658,0
559659,0
559660,0
559661,1
559662,0
559663,0
559664,0
559665,0
559666,0
559667,0
559668,0
559669,0
559670,0
559671,0
559672,0
559673,0
559674,1
559675,0
559676,0
559677,0
559678,0
559679,1
559680,0
559681,0
559682,0
559683,0
559684,1
559685,0
559686,0
559687,0
559688,0
559689,0
559690,0
559691,0
559692,0
559693,0
559694,1
559695,0
559696,0
559697,0
559698,0
559699,0
559700,0
559701,0
559702,2
559703,0
559704,1
559705,1
559706,0
559707,1
559708,0
559709,0
559710,0
559711,0
559712,2
559713,0
559714,0
559715,0
559716,0
559717,0
559718,0
559719,0
559720,1
559721,0
559722,0
559723,0
559724,0
559725,0
559726,2
559727,0
559728,0
559729,0
559730,0
559731,0
559732,0
559733,0
559734,0
559735,0
559736,1
559737,0
559738,2
559739,0
559740,0
559741,0
559742,0
559743,0
559744,2
559745,0
559746,0
559747,0
559748,0
559749,0
559750,0
559751,0
559752,0
559753,0
559754,0
559755,2
559756,1
559757,2
559758,0
559759,0
559760,0
559761,0
559762,0
559763,1
559764,0
559765,0
559766,0
559767,1
559768,0
559769,0
559770,0
559771,0
559772,0
559773,0
559774,0
559775,0
559776,0
559777,0
559778,0
559779,0
559780,0
559781,0
559782,0
559783,1
559784,0
559785,0
559786,0
559787,0
559788,0
559789,0
559790,0
559791,0
559792,0
559793,0
559794,0
559795,0
559796,0
559797,1
559798,0
559799,1
559800,2
559801,0
559802,0
559803,0
559804,0
559805,0
559806,2
559807,2
559808,0
559809,0
559810,0
559811,0
559812,0
559813,2
559814,2
559815,1
559816,0
559817,0
559818,0
559819,0
559820,0
559821,0
559822,0
559823,0
559824,0
559825,1
559826,0
559827,0
559828,2
559829,0
559830,0
559831,0
559832,0
559833,0
559834,0
559835,0
559836,1
559837,0
559838,0
559839,0
559840,0
559841,0
559842,0
559843,0
559844,0
559845,0
559846,0
559847,0
559848,3
559849,0
559850,0
559851,0
559852,2
559853,0
559854,0
559855,0
559856,0
559857,0
559858,0
559859,0
559860,0
559861,0
559862,0
559863,0
559864,1
559865,0
559866,0
559867,0
559868,0
559869,0
559870,0
559871,0
559872,0
559873,0
559874,0
559875,0
559876,0
559877,0
559878,0
559879,3
559880,2
559881,0
559882,0
559883,1
559884,0
559885,0
559886,0
559887,0
559888,0
559889,0
559890,1
559891,0
559892,0
559893,0
559894,0
559895,0
559896,0
559897,0
559898,0
559899,3
559900,0
559901,0
559902,1
559903,0
559904,0
559905,0
559906,2
559907,0
559908,0
559909,0
559910,0
559911,0
559912,0
559913,1
559914,0
559915,0
559916,0
559917,0
559918,0
559919,0
559920,0
559921,0
559922,0
559923,1
559924,0
559925,0
559926,0
559927,0
559928,0
559929,0
559930,0
559931,0
559932,0
559933,0
559934,0
559935,0
559936,0
559937,0
559938,0
559939,0
559940,0
559941,0
559942,2
559943,0
559944,0
559945,0
559946,0
559947,0
559948,0
559949,0
559950,0
559951,0
559952,0
559953,1
559954,0
559955,0
559956,0
559957,0
559958,0
559959,0
559960,0
559961,0
559962,1
559963,0
559964,0
559965,0
559966,0
559967,0
559968,0
559969,0
559970,0
559971,1
559972,0
559973,0
559974,0
559975,0
559976,0
559977,0
559978,0
559979,0
559980,0
559981,0
559982,0
559983,1
559984,1
559985,0
559986,0
559987,2
559988,1
559989,0
559990,1
559991,1
559992,0
559993,0
559994,1
559995,0
559996,0
559997,2
559998,0
559999,1
560000,0
560001,0
560002,0
560003,0
560004,0
560005,0
560006,0
560007,0
560008,0
560009,0
560010,0
560011,0
560012,0
560013,0
560014,3
560015,0
560016,0
560017,0
560018,0
560019,0
560020,0
560021,0
560022,0
560023,0
560024,0
560025,0
560026,32
560027,0
560028,35
560029,20
560030,0
560031,0
560032,0
560033,0
560034,34
560035,0
560036,0
560037,0
560038,0
560039,0
560040,0
560041,0
560042,0
560043,0
560044,0
560045,0
560046,0
560047,0
560048,0
560049,0
560050,0
560051,0
560052,0
560053,0
560054,20
560055,0
560056,0
560057,39
560058,0
560059,30
560060,0
560061,0
560062,0
560063,20
560064,0
560065,0
560066,0
560067,0
560068,0
560069,12
560070,0
560071,0
560072,0
560073,23
560074,0
560075,25
560076,0
560077,25
560078,0
560079,0
560080,0
560081,0
560082,0
560083,0
560084,0
560085,0
560086,0
560087,0
560088,0
560089,44
560090,0
560091,0
560092,27
560093,0
560094,0
560095,0
560096,0
560097,0
560098,0
560099,0
560100,17
560101,0
560102,0
560103,0
560104,0
560105,0
560106,32
560107,0
560108,0
560109,0
560110,0
560111,28
560112,0
560113,0
560114,0
560115,0
560116,0
560117,0
560118,0
560119,0
560120,16
560121,0
560122,0
560123,0
560124,0
560125,28
560126,0
560127,0
560128,0
560129,0
560130,36
560131,23
560132,0
560133,0
560134,0
560135,29
560136,0
560137,0
560138,0
560139,0
560140,0
560141,0
560142,0
560143,0
560144,0
560145,0
560146,31
560147,0
560148,0
560149,0
560150,29
560151,0
560152,0
560153,0
560154,29
560155,0
560156,0
560157,0
560158,0
560159,18
560160,0
560161,0
560162,0
560163,35
560164,0
560165,0
560166,0
560167,0
560168,0
560169,0
560170,0
560171,0
560172,0
560173,0
560174,19
560175,0
560176,0
560177,0
560178,0
560179,0
560180,23
560181,0
560182,0
560183,0
560184,0
560185,0
560186,0
560187,0
560188,42
560189,22
560190,0
560191,0
560192,16
560193,0
560194,0
560195,33
560196,0
560197,0
560198,0
560199,33
560200,32
560201,24
560202,0
560203,0
560204,0
560205,0
560206,0
560207,0
560208,19
560209,0
560210,20
560211,0
560212,0
560213,29
560214,0
560215,0
560216,0
560217,0
560218,0
560219,0
560220,0
560221,33
560222,31
560223,38
560224,0
560225,0
560226,36
560227,0
560228,0
560229,0
560230,0
560231,0
560232,0
560233,0
560234,0
560235,0
560236,0
560237,0
560238,0
560239,32
560240,0
560241,31
560242,0
560243,0
560244,33
560245,0
560246,0
560247,0
560248,0
560249,0
560250,0
560251,0
560252,0
560253,0
560254,0
560255,0
560256,0
560257,0
560258,0
560259,0
560260,24
560261,0
560262,0
560263,0
560264,0
560265,0
560266,0
560267,20
560268,0
560269,24
560270,0
560271,0
560272,0
560273,27
560274,0
560275,0
560276,0
560277,0
560278,0
560279,0
560280,0
560281,0
560282,16
560283,15
560284,0
560285,0
560286,0
560287,0
560288,0
560289,0
560290,22
560291,26
560292,27
560293,22
560294,0
560295,21
560296,0
560297,0
560298,0
560299,19
560300,0
560301,0
560302,9
560303,0
560304,0
560305,0
560306,0
560307,0
560308,0
560309,0
560310,17
560311,0
560312,17
560313,0
560314,0
560315,28
560316,13
560317,0
560318,21
560319,0
560320,0
560321,25
560322,0
560323,24
560324,0
560325,21
560326,0
560327,0
560328,0
560329,0
560330,0
560331,16
560332,0
560333,16
560334,21
560335,0
560336,0
560337,0
560338,0
560339,16
560340,0
560341,21
560342,22
560343,0
560344,0
560345,0
560346,0
560347,23
560348,0
560349,0
560350,21
560351,0
560352,22
560353,0
560354,0
560355,21
560356,13
560357,0
560358,15
560359,0
560360,21
560361,0
560362,0
560363,0
560364,0
560365,11
560366,0
560367,0
560368,18
560369,0
560370,0
560371,30
560372,0
560373,0
560374,0
560375,0
560376,28
560377,0
560378,0
560379,0
560380,0
560381,22
560382,0
560383,0
560384,0
560385,0
560386,0
560387,16
560388,22
560389,0
560390,0
560391,13
560392,0
560393,0
560394,0
560395,17
560396,0
560397,32
560398,0
560399,0
560400,0
560401,0
560402,0
560403,0
560404,0
560405,23
560406,24
560407,0
560408,15
560409,18
560410,0
560411,0
560412,16
560413,25
560414,0
560415,0
560416,0
560417,22
560418,0
560419,14
560420,0
560421,19
560422,0
560423,15
560424,0
560425,23
560426,0
560427,0
560428,0
560429,18
560430,0
560431,0
560432,0
560433,16
560434,0
560435,14
560436,15
560437,0
560438,0
560439,0
560440,0
560441,42
560442,0
560443,0
560444,10
560445,0
560446,0
560447,19
560448,0
560449,22
560450,0
560451,21
560452,0
560453,0
560454,0
560455,0
560456,0
560457,0
560458,0
560459,21
560460,0
560461,0
560462,21
560463,0
560464,22
560465,0
560466,0
560467,0
560468,27
560469,0
560470,19
560471,0
560472,0
560473,0
560474,33
560475,0
560476,0
560477,0
560478,17
560479,0
560480,0
560481,0
560482,20
560483,0
560484,22
560485,0
560486,17
560487,0
560488,0
560489,23
560490,0
560491,0
560492,19
560493,22
560494,26
560495,0
560496,24
560497,0
560498,19
560499,0
560500,19
560501,25
560502,0
560503,15
560504,18
560505,0
560506,0
560507,0
560508,0
560509,18
560510,21
560511,0
560512,11
560513,20
560514,0
560515,0
560516,0
560517,0
560518,0
560519,25
560520,0
560521,0
560522,0
560523,11
560524,28
560525,0
560526,21
560527,0
560528,0
560529,18
560530,0
560531,0
560532,0
560533,0
560534,24
560535,26
560536,17
560537,0
560538,0
560539,0
560540,0
560541,25
560542,22
560543,0
560544,0
560545,0
560546,21
560547,24
560548,0
560549,0
560550,12
560551,0
560552,0
560553,0
560554,0
560555,20
560556,0
560557,7
560558,0
560559,0
560560,0
560561,26
560562,0
560563,0
560564,19
560565,0
560566,0
560567,0
560568,0
560569,0
560570,0
560571,0
560572,0
560573,0
560574,0
560575,0
560576,0
560577,15
560578,22
560579,0
560580,0
560581,0
560582,0
560583,0
560584,23
560585,0
560586,0
560587,0
560588,0
560589,0
560590,0
560591,0
560592,0
560593,0
560594,8
560595,0
560596,0
560597,0
560598,0
560599,0
560600,18
560601,0
560602,17
560603,0
560604,0
560605,0
560606,0
560607,0
560608,0
560609,0
560610,0
560611,0
560612,0
560613,21
560614,21
560615,0
560616,14
560617,0
560618,0
560619,0
560620,0
560621,0
560622,0
560623,15
560624,9
560625,0
560626,0
560627,0
560628,0
560629,0
560630,0
560631,0
560632,0
560633,0
560634,0
560635,0
560636,0
560637,0
560638,0
560639,0
560640,0
560641,15
560642,0
560643,0
560644,0
560645,0
560646,0
560647,12
560648,0
560649,0
560650,0
560651,0
560652,0
560653,0
560654,0
560655,0
560656,0
560657,0
560658,0
560659,0
560660,0
560661,0
560662,0
560663,0
560664,0
560665,0
560666,19
560667,32
560668,27
560669,0
560670,0
560671,0
560672,0
560673,0
560674,0
560675,0
560676,31
560677,0
560678,27
560679,0
560680,0
560681,26
560682,0
560683,0
560684,22
560685,0
560686,0
560687,42
560688,41
560689,0
560690,0
560691,0
560692,0
560693,25
560694,0
560695,0
560696,0
560697,0
560698,0
560699,26
560700,0
560701,0
560702,0
560703,0
560704,0
560705,0
560706,0
560707,0
560708,0
560709,0
560710,28
560711,0
560712,0
560713,0
560714,0
560715,0
560716,0
560717,21
560718,0
560719,29
560720,0
560721,0
560722,36
560723,25
560724,26
560725,0
560726,0
560727,45
560728,0
560729,0
560730,0
560731,0
560732,0
560733,20
560734,27
560735,0
560736,33
560737,0
560738,0
560739,0
560740,0
560741,0
560742,22
560743,0
560744,0
560745,0
560746,0
560747,0
560748,0
560749,0
560750,0
560751,0
560752,42
560753,0
560754,0
560755,0
560756,0
560757,0
560758,0
560759,34
560760,0
560761,0
560762,0
560763,25
560764,0
560765,30
560766,0
560767,21
560768,32
560769,0
560770,0
560771,0
560772,0
560773,0
560774,0
560775,0
560776,0
560777,39
560778,0
560779,0
560780,0
560781,33
560782,0
560783,0
560784,38
560785,0
560786,0
560787,0
560788,22
560789,0
560790,0
560791,0
560792,31
560793,0
560794,25
560795,0
560796,29
560797,0
560798,0
560799,0
560800,0
560801,0
560802,0
560803,30
560804,0
560805,0
560806,24
560807,0
560808,0
560809,0
560810,0
560811,0
560812,0
560813,0
560814,26
560815,0
560816,0
560817,0
560818,0
560819,25
560820,0
560821,0
560822,0
560823,0
560824,0
560825,0
560826,15
560827,0
560828,0
560829,0
560830,22
560831,27
560832,0
560833,28
560834,0
560835,0
560836,0
560837,0
560838,0
560839,17
560840,0
560841,0
560842,0
560843,30
560844,0
560845,30
560846,0
560847,0
560848,21
560849,34
560850,26
560851,0
560852,32
560853,0
560854,0
560855,19
560856,0
560857,0
560858,37
560859,35
560860,0
560861,0
560862,0
560863,0
560864,0
560865,25
560866,36
560867,0
560868,0
560869,0
560870,0
560871,0
560872,0
560873,37
560874,0
560875,0
560876,0
560877,0
560878,26
560879,0
560880,0
560881,0
560882,31
560883,19
560884,0
560885,0
560886,30
560887,27
560888,0
560889,21
560890,17
560891,0
560892,0
560893,0
560894,18
560895,0
560896,32
560897,0
560898,0
560899,0
560900,0
560901,0
560902,0
560903,0
560904,31
560905,0
560906,0
560907,0
560908,22
560909,0
560910,26
560911,0
560912,0
560913,0
560914,0
560915,0
560916,0
560917,0
560918,0
560919,0
560920,0
560921,0
560922,0
560923,33
560924,0
560925,0
560926,0
560927,0
560928,0
560929,0
560930,11
560931,16
560932,0
560933,0
560934,0
560935,0
560936,0
560937,0
560938,0
560939,7
560940,7
560941,0
560942,0
560943,0
560944,0
560945,0
560946,0
560947,0
560948,0
560949,0
560950,0
560951,0
560952,0
560953,0
560954,0
560955,0
560956,4
560957,0
560958,0
560959,0
560960,0
560961,0
560962,0
560963,0
560964,0
560965,7
560966,0
560967,0
560968,0
560969,0
560970,0
560971,0
560972,0
560973,0
560974,0
560975,13
560976,0
560977,0
560978,0
560979,0
560980,0
560981,0
560982,9
560983,0
560984,0
560985,0
560986,0
560987,0
560988,0
560989,5
560990,0
560991,0
560992,0
560993,0
560994,0
560995,0
560996,0
560997,0
560998,0
560999,0
561000,0
561001,0
561002,2
561003,0
561004,13
561005,0
561006,0
561007,15
561008,0
561009,0
561010,0
561011,0
561012,16
561013,0
561014,0
561015,0
561016,0
561017,0
561018,0
561019,0
561020,0
561021,0
561022,0
561023,0
561024,21
561025,15
561026,0
561027,0
561028,0
561029,0
561030,0
561031,0
561032,0
561033,0
561034,0
561035,0
561036,0
561037,0
561038,0
561039,0
561040,0
561041,0
561042,0
561043,0
561044,0
561045,7
561046,0
561047,0
561048,0
561049,0
561050,0
561051,0
561052,0
561053,0
561054,0
561055,0
561056,0
561057,0
561058,0
561059,0
561060,0
561061,0
561062,0
561063,0
561064,0
561065,0
561066,0
561067,0
561068,0
561069,0
561070,0
561071,0
561072,0
561073,0
561074,0
561075,0
561076,0
561077,0
561078,15
561079,0
561080,0
561081,0
561082,0
561083,0
561084,0
561085,0
561086,0
561087,0
561088,0
561089,0
561090,0
561091,0
561092,0
561093,0
561094,0
561095,0
561096,0
561097,9
561098,0
561099,0
561100,0
561101,16
561102,0
561103,0
561104,0
561105,0
561106,18
561107,0
561108,0
561109,0
561110,0
561111,0
561112,0
561113,0
561114,0
561115,0
561116,0
561117,0
561118,16
561119,0
561120,0
561121,0
561122,0
561123,0
561124,0
561125,7
561126,0
561127,0
561128,0
561129,0
561130,0
561131,0
561132,0
561133,0
561134,0
561135,0
561136,0
561137,0
561138,0
561139,0
561140,0
561141,0
561142,0
561143,0
561144,0
561145,0
561146,0
561147,15
561148,0
561149,0
561150,0
561151,0
561152,0
561153,0
561154,0
561155,0
561156,0
561157,0
561158,0
561159,0
561160,0
561161,0
561162,17
561163,0
561164,0
561165,0
561166,0
561167,0
561168,0
561169,0
561170,0
561171,0
561172,0
561173,0
561174,0
561175,0
561176,0
561177,0
561178,0
561179,0
561180,0
561181,0
561182,0
561183,0
561184,0
561185,0
561186,0
561187,0
561188,0
561189,0
561190,0
561191,0
561192,0
561193,0
561194,0
561195,0
561196,0
561197,0
561198,0
561199,13
561200,0
561201,0
561202,0
561203,0
561204,0
561205,0
561206,0
561207,11
561208,0
561209,11
561210,0
561211,0
561212,0
561213,0
561214,0
561215,0
561216,0
561217,0
561218,0
561219,14
561220,12
561221,0
561222,0
561223,0
561224,0
561225,20
561226,0
561227,10
561228,0
561229,16
561230,0
561231,0
561232,18
561233,0
561234,0
561235,0
561236,0
561237,0
561238,0
561239,0
561240,0
561241,0
561242,13
561243,0
561244,0
561245,0
561246,15
561247,13
561248,0
561249,0
561250,15
561251,0
561252,10
561253,0
561254,12
561255,0
561256,0
561257,0
561258,0
561259,0
561260,0
561261,0
561262,0
561263,0
561264,0
561265,0
561266,0
561267,0
561268,0
561269,0
561270,0
561271,0
561272,0
561273,0
561274,0
561275,0
561276,0
561277,0
561278,0
561279,0
561280,0
561281,15
561282,0
561283,11
561284,0
561285,0
561286,0
561287,0
561288,0
561289,0
561290,0
561291,0
561292,0
561293,0
561294,0
561295,0
561296,0
561297,0
561298,0
561299,0
561300,0
561301,9
561302,0
561303,0
561304,7
561305,0
561306,0
561307,0
561308,0
561309,0
561310,4
561311,0
561312,0
561313,0
561314,0
561315,0
561316,0
561317,0
561318,0
561319,0
561320,0
561321,16
561322,0
561323,17
561324,0
561325,2
561326,5
561327,0
561328,0
561329,0
561330,0
561331,0
561332,0
561333,13
561334,0
561335,0
561336,0
561337,0
561338,0
561339,0
561340,0
561341,0
561342,0
561343,32
561344,0
561345,0
561346,0
561347,28
561348,25
561349,0
561350,38
561351,0
561352,0
561353,0
561354,0
561355,0
561356,0
561357,0
561358,17
561359,0
561360,26
561361,0
561362,0
561363,0
561364,0
561365,0
561366,0
561367,21
561368,0
561369,0
561370,0
561371,31
561372,0
561373,0
561374,0
561375,19
561376,0
561377,0
561378,27
561379,0
561380,31
561381,0
561382,0
561383,22
561384,28
561385,0
561386,31
561387,0
561388,0
561389,0
561390,19
561391,0
561392,28
561393,0
561394,23
561395,0
561396,32
561397,0
561398,0
561399,0
561400,0
561401,15
561402,0
561403,0
561404,0
561405,0
561406,0
561407,0
561408,0
561409,0
561410,0
561411,0
561412,0
561413,0
561414,0
561415,0
561416,0
561417,0
561418,29
561419,25
561420,0
561421,0
561422,0
561423,30
561424,30
561425,0
561426,0
561427,0
561428,0
561429,29
561430,0
561431,36
561432,28
561433,21
561434,24
561435,0
561436,0
561437,0
561438,0
561439,21
561440,0
561441,0
561442,0
561443,0
561444,0
561445,25
561446,0
561447,0
561448,0
561449,0
561450,0
561451,0
561452,0
561453,33
561454,0
561455,0
561456,0
561457,0
561458,0
561459,0
561460,0
561461,0
561462,0
561463,0
561464,0
561465,23
561466,26
561467,0
561468,0
561469,0
561470,0
561471,0
561472,0
561473,24
561474,0
561475,0
561476,25
561477,26
561478,0
561479,0
561480,0
561481,33
561482,0
561483,0
561484,33
561485,0
561486,23
561487,24
561488,0
561489,0
561490,0
561491,0
561492,0
561493,0
561494,0
561495,0
561496,0
561497,0
561498,0
561499,29
561500,0
561501,0
561502,0
561503,0
561504,0
561505,0
561506,0
561507,0
561508,31
561509,23
561510,0
561511,0
561512,0
561513,0
561514,0
561515,0
561516,0
561517,0
561518,33
561519,0
561520,0
561521,35
561522,0
561523,0
561524,0
561525,0
561526,19
561527,0
561528,37
561529,30
561530,0
561531,0
561532,24
561533,32
561534,0
561535,20
561536,29
561537,0
561538,0
561539,0
561540,31
561541,0
561542,0
561543,0
561544,28
561545,0
561546,35
561547,0
561548,0
561549,0
561550,0
561551,0
561552,0
561553,24
561554,0
561555,0
561556,28
561557,0
561558,0
561559,0
561560,27
561561,31
561562,0
561563,0
561564,26
561565,0
561566,0
561567,26
561568,29
561569,0
561570,0
561571,0
561572,0
561573,0
561574,0
561575,0
561576,18
561577,0
561578,25
561579,0
561580,0
561581,25
561582,0
561583,0
561584,21
561585,0
561586,0
561587,0
561588,0
561589,0
561590,0
561591,35
561592,0
561593,0
561594,0
561595,0
561596,29
561597,0
561598,0
561599,0
561600,0
561601,45
561602,0
561603,0
561604,0
561605,31
561606,0
561607,0
561608,0
561609,0
561610,15
561611,18
561612,0
561613,0
561614,0
561615,0
561616,0
561617,0
561618,0
561619,0
561620,0
561621,0
561622,18
561623,0
561624,0
561625,0
561626,0
561627,0
561628,0
561629,0
561630,0
561631,0
561632,0
561633,26
561634,0
561635,0
561636,0
561637,0
561638,0
561639,24
561640,0
561641,0
561642,0
561643,0
561644,0
561645,0
561646,28
561647,0
561648,0
561649,0
561650,0
561651,22
561652,0
561653,23
561654,0
561655,0
561656,0
561657,0
561658,24
561659,0
561660,0
561661,24
561662,0
561663,0
561664,0
561665,0
561666,0
561667,0
561668,0
561669,15
561670,0
561671,27
561672,0
561673,0
561674,0
561675,0
561676,0
561677,0
561678,19
561679,0
561680,18
561681,24
561682,0
561683,37
561684,21
561685,0
561686,21
561687,0
561688,0
561689,0
561690,0
561691,0
561692,0
561693,0
561694,0
561695,0
561696,26
561697,19
561698,0
561699,27
561700,0
561701,0
561702,0
561703,0
561704,0
561705,32
561706,0
561707,34
561708,0
561709,38
561710,42
561711,26
561712,17
561713,0
561714,0
561715,0
561716,0
561717,0
561718,0
561719,0
561720,0
561721,0
561722,0
561723,31
561724,0
561725,0
561726,0
561727,0
561728,0
561729,0
561730,0
561731,0
561732,0
561733,0
561734,24
561735,35
561736,23
561737,45
561738,30
561739,0
561740,33
561741,0
561742,0
561743,0
561744,0
561745,0
561746,0
561747,0
561748,0
561749,17
561750,0
561751,0
561752,0
561753,23
561754,0
561755,0
561756,0
561757,0
561758,0
561759,0
561760,0
561761,0
561762,36
561763,0
561764,0
561765,0
561766,29
561767,22
561768,0
561769,0
561770,0
561771,0
561772,0
561773,0
561774,0
561775,0
561776,0
561777,0
561778,0
561779,0
561780,30
561781,28
561782,22
561783,0
561784,29
561785,29
561786,0
561787,39
561788,0
561789,0
561790,23
561791,0
561792,36
561793,21
561794,0
561795,0
561796,0
561797,0
561798,0
561799,47
561800,0
561801,0
561802,37
561803,48
561804,0
561805,21
561806,23
561807,0
561808,26
561809,0
561810,0
561811,0
561812,32
561813,27
561814,0
561815,0
561816,33
561817,30
561818,0
561819,0
561820,0
561821,22
561822,0
561823,22
561824,0
561825,0
561826,0
561827,25
561828,0
561829,34
561830,0
561831,32
561832,25
561833,19
561834,0
561835,23
561836,0
561837,53
561838,0
561839,0
561840,0
561841,0
561842,0
561843,23
561844,0
561845,0
561846,0
561847,0
561848,0
561849,27
561850,27
561851,0
561852,29
561853,0
561854,0
561855,0
561856,27
561857,0
561858,0
561859,0
561860,0
561861,0
561862,0
561863,0
561864,0
561865,25
561866,0
561867,0
561868,0
561869,37
561870,0
561871,0
561872,0
561873,33
561874,0
561875,0
561876,0
561877,0
561878,25
561879,0
561880,0
561881,0
561882,17
561883,0
561884,30
561885,0
561886,0
561887,24
561888,0
561889,41
561890,0
561891,0
561892,0
561893,32
561894,0
561895,0
561896,0
561897,0
561898,0
561899,0
561900,0
561901,0
561902,29
561903,0
561904,32
561905,0
561906,0
561907,0
561908,0
561909,0
561910,0
561911,0
561912,0
561913,32
561914,0
561915,24
561916,0
561917,35
561918,31
561919,29
561920,18
561921,0
561922,0
561923,14
561924,20
561925,30
561926,0
561927,0
561928,0
561929,21
561930,30
561931,32
561932,28
561933,0
561934,0
561935,0
561936,0
561937,20
561938,0
561939,0
561940,0
561941,0
561942,32
561943,0
561944,0
561945,0
561946,30
561947,28
561948,0
561949,0
561950,0
561951,0
561952,0
561953,0
561954,0
561955,12
561956,24
561957,31
561958,0
561959,0
561960,27
561961,0
561962,26
561963,0
561964,0
561965,25
561966,30
561967,22
561968,0
561969,0
561970,0
561971,0
561972,0
561973,0
561974,41
561975,23
561976,0
561977,0
561978,32
561979,0
561980,0
561981,0
561982,28
561983,37
561984,0
561985,0
561986,0
561987,0
561988,0
561989,0
561990,0
561991,0
561992,0
561993,0
561994,0
561995,0
561996,0
561997,27
561998,29
561999,0
562000,0
562001,0
562002,0
562003,0
562004,0
562005,0
562006,37
562007,0
562008,0
562009,0
562010,0
562011,0
562012,16
562013,0
562014,21
562015,0
562016,0
562017,0
562018,35
562019,0
562020,25
562021,0
562022,21
562023,17
562024,22
562025,22
562026,0
562027,0
562028,0
562029,0
562030,0
562031,0
562032,25
562033,0
562034,0
562035,0
562036,0
562037,0
562038,30
562039,0
562040,0
562041,0
562042,0
562043,0
562044,0
562045,0
562046,0
562047,36
562048,22
562049,0
562050,0
562051,0
562052,0
562053,0
562054,0
562055,0
562056,0
562057,0
562058,0
562059,0
562060,19
562061,27
562062,37
562063,30
562064,0
562065,0
562066,0
562067,0
562068,0
562069,0
562070,0
562071,20
562072,0
562073,0
562074,0
562075,0
562076,0
562077,30
562078,32
562079,0
562080,25
562081,0
562082,0
562083,0
562084,0
562085,31
562086,0
562087,0
562088,30
562089,0
562090,0
562091,0
562092,0
562093,27
562094,0
562095,0
562096,0
562097,31
562098,0
562099,0
562100,0
562101,0
562102,0
562103,0
562104,0
562105,0
562106,0
562107,17
562108,0
562109,0
562110,0
562111,0
562112,0
562113,0
562114,26
562115,0
562116,0
562117,0
562118,0
562119,16
562120,0
562121,0
562122,0
562123,0
562124,0
562125,0
562126,0
562127,0
562128,0
562129,0
562130,0
562131,0
562132,0
562133,0
562134,13
562135,0
562136,0
562137,29
562138,38
562139,0
562140,26
562141,0
562142,0
562143,0
562144,0
562145,0
562146,0
562147,0
562148,0
562149,0
562150,0
562151,0
562152,0
562153,0
562154,0
562155,0
562156,0
562157,0
562158,0
562159,0
562160,0
562161,0
562162,0
562163,0
562164,23
562165,23
562166,0
562167,0
562168,0
562169,22
562170,19
562171,25
562172,0
562173,0
562174,21
562175,0
562176,0
562177,0
562178,28
562179,0
562180,0
562181,0
562182,41
562183,0
562184,0
562185,0
562186,0
562187,0
562188,22
562189,0
562190,28
562191,0
562192,0
562193,0
562194,0
562195,23
562196,0
562197,0
562198,28
562199,0
562200,0
562201,0
562202,0
562203,0
562204,19
562205,0
562206,0
562207,0
562208,0
562209,0
562210,0
562211,37
562212,0
562213,0
562214,0
562215,36
562216,0
562217,0
562218,0
562219,0
562220,0
562221,18
562222,22
562223,0
562224,0
562225,0
562226,0
562227,0
562228,0
562229,0
562230,36
562231,0
562232,0
562233,38
562234,35
562235,25
562236,51
562237,0
562238,0
562239,0
562240,0
562241,0
562242,0
562243,0
562244,0
562245,0
562246,0
562247,0
562248,0
562249,0
562250,0
562251,0
562252,0
562253,27
562254,0
562255,19
562256,0
562257,0
562258,0
562259,0
562260,0
562261,0
562262,29
562263,24
562264,21
562265,0
562266,0
562267,0
562268,0
562269,0
562270,0
562271,0
562272,0
562273,0
562274,0
562275,0
562276,0
562277,0
562278,0
562279,12
562280,0
562281,0
562282,0
562283,0
562284,0
562285,0
562286,0
562287,0
562288,0
562289,0
562290,0
562291,0
562292,0
562293,0
562294,0
562295,0
562296,0
562297,27
562298,0
562299,0
562300,0
562301,0
562302,17
562303,0
562304,0
562305,0
562306,0
562307,13
562308,0
562309,0
562310,0
562311,0
562312,0
562313,0
562314,0
562315,0
562316,0
562317,0
562318,32
562319,0
562320,0
562321,0
562322,19
562323,0
562324,0
562325,0
562326,26
562327,26
562328,0
562329,0
562330,0
562331,0
562332,0
562333,0
562334,3
562335,0
562336,0
562337,0
562338,0
562339,0
562340,0
562341,0
562342,0
562343,0
562344,0
562345,0
562346,0
562347,0
562348,0
562349,0
562350,0
562351,0
562352,0
562353,0
562354,0
562355,0
562356,1
562357,4
562358,4
562359,0
562360,5
562361,0
562362,1
562363,0
562364,3
562365,0
562366,0
562367,0
562368,0
562369,0
562370,0
562371,0
562372,0
562373,0
562374,0
562375,0
562376,0
562377,0
562378,8
562379,0
562380,5
562381,0
562382,0
562383,0
562384,0
562385,4
562386,0
562387,0
562388,0
562389,0
562390,0
562391,2
562392,0
562393,0
562394,0
562395,12
562396,0
562397,0
562398,0
562399,0
562400,0
562401,0
562402,5
562403,0
562404,0
562405,0
562406,0
562407,0
562408,0
562409,0
562410,3
562411,6
562412,0
562413,2
562414,0
562415,0
562416,0
562417,0
562418,0
562419,0
562420,0
562421,0
562422,0
562423,1
562424,0
562425,0
562426,0
562427,0
562428,0
562429,0
562430,0
562431,0
562432,4
562433,0
562434,0
562435,0
562436,0
562437,5
562438,0
562439,0
562440,4
562441,0
562442,0
562443,0
562444,0
562445,0
562446,0
562447,0
562448,0
562449,0
562450,4
562451,1
562452,0
562453,0
562454,1
562455,0
562456,0
562457,0
562458,0
562459,0
562460,0
562461,0
562462,0
562463,0
562464,7
562465,0
562466,0
562467,2
562468,3
562469,4
562470,0
562471,0
562472,0
562473,0
562474,5
562475,0
562476,0
562477,7
562478,0
562479,1
562480,0
562481,0
562482,0
562483,3
562484,0
562485,0
562486,0
562487,0
562488,4
562489,0
562490,0
562491,0
562492,4
562493,0
562494,0
562495,0
562496,0
562497,0
562498,5
562499,0
562500,0
562501,0
562502,0
562503,0
562504,1
562505,0
562506,0
562507,5
562508,0
562509,0
562510,0
562511,0
562512,0
562513,0
562514,0
562515,0
562516,3
562517,0
562518,0
562519,0
562520,0
562521,0
562522,0
562523,0
562524,5
562525,0
562526,0
562527,0
562528,0
562529,0
562530,0
562531,3
562532,2
562533,0
562534,0
562535,0
562536,0
562537,0
562538,2
562539,0
562540,0
562541,0
562542,0
562543,0
562544,0
562545,0
562546,0
562547,0
562548,1
562549,0
562550,0
562551,0
562552,0
562553,0
562554,5
562555,7
562556,0
562557,0
562558,0
562559,0
562560,0
562561,0
562562,0
562563,0
562564,0
562565,0
562566,0
562567,0
562568,0
562569,0
562570,0
562571,0
562572,0
562573,0
562574,0
562575,0
562576,0
562577,0
562578,0
562579,0
562580,0
562581,0
562582,0
562583,0
562584,0
562585,0
562586,0
562587,5
562588,0
562589,0
562590,0
562591,0
562592,3
562593,0
562594,5
562595,0
562596,0
562597,0
562598,0
562599,0
562600,0
562601,5
562602,5
562603,0
562604,0
562605,0
562606,0
562607,0
562608,0
562609,0
562610,4
562611,0
562612,0
562613,0
562614,0
562615,0
562616,1
562617,0
562618,0
562619,4
562620,4
562621,0
562622,5
562623,0
562624,0
562625,2
562626,5
562627,0
562628,0
562629,0
562630,0
562631,0
562632,0
562633,0
562634,0
562635,0
562636,7
562637,0
562638,5
562639,4
562640,0
562641,0
562642,0
562643,0
562644,0
562645,0
562646,1
562647,0
562648,4
562649,0
562650,0
562651,0
562652,0
562653,3
562654,0
562655,0
562656,0
562657,0
562658,0
562659,0
562660,0
562661,0
562662,0
562663,0
562664,0
562665,4
562666,0
562667,0
562668,0
562669,0
562670,0
562671,0
562672,0
562673,0
562674,0
562675,6
562676,0
562677,0
562678,0
562679,0
562680,0
562681,0
562682,0
562683,0
562684,0
562685,0
562686,3
562687,0
562688,0
562689,0
562690,1
562691,0
562692,0
562693,0
562694,0
562695,3
562696,0
562697,0
562698,2
562699,0
562700,0
562701,0
562702,0
562703,0
562704,0
562705,0
562706,0
562707,0
562708,0
562709,5
562710,0
562711,7
562712,0
562713,0
562714,0
562715,0
562716,0
562717,0
562718,0
562719,0
562720,0
562721,0
562722,0
562723,0
562724,0
562725,0
562726,2
562727,4
562728,0
562729,4
562730,0
562731,0
562732,0
562733,0
562734,0
562735,0
562736,0
562737,0
562738,0
562739,0
562740,0
562741,0
562742,0
562743,0
562744,0
562745,0
562746,0
562747,0
562748,4
562749,0
562750,0
562751,0
562752,4
562753,0
562754,0
562755,0
562756,0
562757,0
562758,0
562759,0
562760,0
562761,0
562762,0
562763,0
562764,0
562765,0
562766,0
562767,0
562768,0
562769,0
562770,0
562771,0
562772,0
562773,0
562774,0
562775,6
562776,0
562777,0
562778,0
562779,0
562780,3
562781,0
562782,0
562783,0
562784,0
562785,0
562786,0
562787,0
562788,0
562789,5
562790,5
562791,0
562792,0
562793,4
562794,0
562795,0
562796,0
562797,0
562798,0
562799,0
562800,0
562801,0
562802,0
562803,0
562804,0
562805,7
562806,0
562807,0
562808,1
562809,0
562810,0
562811,0
562812,2
562813,5
562814,4
562815,0
562816,0
562817,0
562818,4
562819,0
562820,9
562821,3
562822,0
562823,2
562824,0
562825,0
562826,0
562827,0
562828,0
562829,0
562830,1
562831,0
562832,0
562833,0
562834,0
562835,0
562836,0
562837,0
562838,2
562839,0
562840,0
562841,3
562842,0
562843,0
562844,0
562845,0
562846,0
562847,0
562848,0
562849,0
562850,0
562851,0
562852,0
562853,0
562854,0
562855,0
562856,0
562857,0
562858,0
562859,0
562860,0
562861,0
562862,0
562863,0
562864,0
562865,5
562866,0
562867,0
562868,1
562869,0
562870,0
562871,0
562872,0
562873,0
562874,7
562875,0
562876,0
562877,0
562878,0
562879,0
562880,0
562881,0
562882,0
562883,4
562884,0
562885,1
562886,6
562887,8
562888,0
562889,8
562890,0
562891,0
562892,0
562893,0
562894,0
562895,15
562896,0
562897,0
562898,0
562899,0
562900,0
562901,0
562902,0
562903,0
562904,0
562905,0
562906,0
562907,0
562908,0
562909,0
562910,0
562911,0
562912,0
562913,0
562914,0
562915,0
562916,0
562917,0
562918,0
562919,0
562920,0
562921,0
562922,8
562923,18
562924,0
562925,0
562926,0
562927,0
562928,0
562929,0
562930,17
562931,0
562932,0
562933,21
562934,0
562935,0
562936,0
562937,0
562938,0
562939,0
562940,0
562941,0
562942,0
562943,21
562944,0
562945,0
562946,0
562947,0
562948,0
562949,0
562950,0
562951,0
562952,18
562953,0
562954,0
562955,0
562956,0
562957,0
562958,14
562959,0
562960,0
562961,17
562962,0
562963,0
562964,18
562965,0
562966,0
562967,0
562968,0
562969,0
562970,0
562971,0
562972,20
562973,0
562974,0
562975,0
562976,22
562977,0
562978,0
562979,0
562980,0
562981,0
562982,0
562983,0
562984,0
562985,0
562986,12
562987,17
562988,0
562989,0
562990,24
562991,16
562992,0
562993,0
562994,0
562995,0
562996,0
562997,0
562998,0
562999,14
563000,0
563001,0
563002,0
563003,0
563004,0
563005,0
563006,0
563007,0
563008,0
563009,0
563010,0
563011,0
563012,0
563013,0
563014,0
563015,0
563016,0
563017,0
563018,0
563019,0
563020,0
563021,0
563022,0
563023,0
563024,0
563025,0
563026,0
563027,0
563028,0
563029,0
563030,0
563031,0
563032,21
563033,0
563034,24
563035,0
563036,0
563037,0
563038,0
563039,0
563040,0
563041,23
563042,0
563043,0
563044,0
563045,0
563046,0
563047,0
563048,0
563049,0
563050,14
563051,0
563052,15
563053,19
563054,0
563055,0
563056,0
563057,0
563058,0
563059,0
563060,0
563061,0
563062,0
563063,0
563064,0
563065,23
563066,0
563067,0
563068,0
563069,0
563070,0
563071,0
563072,0
563073,0
563074,0
563075,0
563076,0
563077,0
563078,0
563079,0
563080,0
563081,0
563082,0
563083,0
563084,23
563085,0
563086,0
563087,0
563088,19
563089,14
563090,0
563091,0
563092,24
563093,22
563094,0
563095,0
563096,0
563097,20
563098,0
563099,0
563100,17
563101,0
563102,24
563103,25
563104,0
563105,0
563106,0
563107,0
563108,0
563109,11
563110,0
563111,0
563112,0
563113,10
563114,0
563115,20
563116,5
563117,0
563118,16
563119,0
563120,0
563121,0
563122,0
563123,0
563124,0
563125,0
563126,0
563127,0
563128,0
563129,0
563130,0
563131,0
563132,0
563133,18
563134,0
563135,0
563136,15
563137,0
563138,0
563139,0
563140,0
563141,0
563142,0
563143,0
563144,20
563145,0
563146,20
563147,0
563148,0
563149,0
563150,0
563151,0
563152,0
563153,0
563154,0
563155,24
563156,27
563157,0
563158,22
563159,0
563160,0
563161,0
563162,0
563163,0
563164,0
563165,0
563166,0
563167,0
563168,0
563169,17
563170,0
563171,0
563172,0
563173,0
563174,0
563175,0
563176,0
563177,0
563178,0
563179,0
563180,0
563181,12
563182,0
563183,0
563184,0
563185,0
563186,0
563187,0
563188,0
563189,0
563190,0
563191,0
563192,0
563193,0
563194,25
563195,0
563196,0
563197,0
563198,0
563199,12
563200,0
563201,0
563202,0
563203,0
563204,0
563205,0
563206,0
563207,0
563208,0
563209,0
563210,0
563211,0
563212,0
563213,0
563214,0
563215,0
563216,0
563217,0
563218,0
563219,17
563220,0
563221,0
563222,0
563223,0
563224,0
563225,0
563226,0
563227,0
563228,0
563229,11
563230,0
563231,0
563232,0
563233,0
563234,0
563235,0
563236,26
563237,0
563238,0
563239,0
563240,0
563241,0
563242,0
563243,0
563244,0
563245,0
563246,0
563247,27
563248,0
563249,0
563250,0
563251,0
563252,0
563253,13
563254,16
563255,0
563256,0
563257,0
563258,0
563259,0
563260,0
563261,0
563262,0
563263,0
563264,0
563265,15
563266,0
563267,0
563268,0
563269,0
563270,9
563271,0
563272,0
563273,0
563274,0
563275,0
563276,0
563277,0
563278,22
563279,0
563280,0
563281,19
563282,0
563283,0
563284,0
563285,0
563286,0
563287,0
563288,0
563289,0
563290,0
563291,0
563292,0
563293,0
563294,0
563295,0
563296,25
563297,0
563298,0
563299,0
563300,0
563301,0
563302,0
563303,0
563304,0
563305,0
563306,0
563307,0
563308,0
563309,0
563310,0
563311,0
563312,19
563313,0
563314,0
563315,0
563316,0
563317,0
563318,0
563319,0
563320,0
563321,0
563322,0
563323,33
563324,0
563325,0
563326,0
563327,0
563328,0
563329,0
563330,0
563331,0
563332,0
563333,0
563334,0
563335,0
563336,0
563337,0
563338,0
563339,0
563340,0
563341,19
563342,0
563343,20
563344,0
563345,0
563346,0
563347,12
563348,0
563349,0
563350,0
563351,27
563352,0
563353,0
563354,0
563355,0
563356,0
563357,0
563358,0
563359,0
563360,33
563361,0
563362,0
563363,0
563364,0
563365,0
563366,12
563367,17
563368,0
563369,0
563370,0
563371,0
563372,0
563373,13
563374,0
563375,0
563376,0
563377,0
563378,32
563379,0
563380,0
563381,0
563382,0
563383,0
563384,0
563385,0
563386,12
563387,0
563388,0
563389,0
563390,0
563391,0
563392,21
563393,0
563394,0
563395,0
563396,0
563397,0
563398,0
563399,0
563400,0
563401,0
563402,0
563403,0
563404,21
563405,0
563406,22
563407,0
563408,0
563409,0
563410,23
563411,0
563412,0
563413,0
563414,17
563415,0
563416,23
563417,0
563418,0
563419,0
563420,0
563421,0
563422,20
563423,0
563424,0
563425,0
563426,21
563427,0
563428,0
563429,0
563430,16
563431,0
563432,0
563433,0
563434,0
563435,12
563436,14
563437,0
563438,0
563439,0
563440,23
563441,0
563442,0
563443,0
563444,13
563445,0
563446,0
563447,0
563448,22
563449,15
563450,0
563451,0
563452,0
563453,0
563454,0
563455,18
563456,0
563457,22
563458,0
563459,0
563460,0
563461,0
563462,0
563463,0
563464,0
563465,0
563466,0
563467,0
563468,13
563469,0
563470,0
563471,0
563472,0
563473,0
563474,0
563475,13
563476,0
563477,0
563478,0
563479,0
563480,0
563481,0
563482,0
563483,0
563484,30
563485,0
563486,0
563487,17
563488,0
563489,16
563490,0
563491,0
563492,0
563493,20
563494,19
563495,0
563496,0
563497,0
563498,18
563499,23
563500,0
563501,0
563502,0
563503,0
563504,0
563505,0
563506,0
563507,0
563508,14
563509,0
563510,0
563511,0
563512,0
563513,0
563514,0
563515,0
563516,0
563517,0
563518,0
563519,0
563520,0
563521,15
563522,0
563523,0
563524,0
563525,0
563526,0
563527,0
563528,0
563529,0
563530,0
563531,0
563532,0
563533,0
563534,19
563535,0
563536,0
563537,0
563538,0
563539,18
563540,0
563541,0
563542,0
563543,0
563544,0
563545,0
563546,0
563547,0
563548,0
563549,0
563550,0
563551,0
563552,26
563553,0
563554,0
563555,0
563556,0
563557,0
563558,0
563559,0
563560,11
563561,0
563562,0
563563,0
563564,14
563565,0
563566,0
563567,0
563568,17
563569,0
563570,0
563571,0
563572,0
563573,0
563574,0
563575,14
563576,0
563577,0
563578,0
563579,0
563580,0
563581,25
563582,0
563583,0
563584,0
563585,0
563586,0
563587,0
563588,0
563589,0
563590,0
563591,0
563592,28
563593,0
563594,0
563595,0
563596,0
563597,0
563598,0
563599,0
563600,0
563601,0
563602,0
563603,14
563604,0
563605,0
563606,0
563607,0
563608,0
563609,0
563610,0
563611,0
563612,0
563613,0
563614,0
563615,0
563616,0
563617,0
563618,0
563619,0
563620,0
563621,0
563622,0
563623,0
563624,0
563625,0
563626,29
563627,0
563628,0
563629,0
563630,0
563631,0
563632,19
563633,0
563634,19
563635,0
563636,0
563637,0
563638,18
563639,20
563640,0
563641,0
563642,0
563643,0
563644,0
563645,14
563646,0
563647,0
563648,0
563649,0
563650,0
563651,0
563652,0
563653,0
563654,16
563655,0
563656,0
563657,21
563658,0
563659,17
563660,0
563661,0
563662,0
563663,0
563664,0
563665,0
563666,0
563667,0
563668,0
563669,0
563670,0
563671,0
563672,0
563673,15
563674,0
563675,0
563676,20
563677,0
563678,0
563679,0
563680,0
563681,0
563682,0
563683,0
563684,0
563685,0
563686,0
563687,0
563688,0
563689,0
563690,0
563691,0
563692,0
563693,0
563694,0
563695,0
563696,0
563697,22
563698,0
563699,0
563700,0
563701,0
563702,0
563703,0
563704,0
563705,0
563706,0
563707,0
563708,0
563709,0
563710,0
563711,0
563712,24
563713,0
563714,20
563715,0
563716,0
563717,0
563718,0
563719,0
563720,0
563721,0
563722,0
563723,0
563724,14
563725,0
563726,0
563727,0
563728,0
563729,0
563730,0
563731,0
563732,24
563733,0
563734,16
563735,22
563736,12
563737,0
563738,0
563739,0
563740,0
563741,0
563742,0
563743,0
563744,0
563745,0
563746,0
563747,0
563748,0
563749,0
563750,0
563751,0
563752,0
563753,0
563754,0
563755,0
563756,0
563757,0
563758,0
563759,28
563760,0
563761,0
563762,0
563763,15
563764,0
563765,16
563766,0
563767,0
563768,0
563769,0
563770,0
563771,0
563772,23
563773,0
563774,0
563775,0
563776,0
563777,0
563778,0
563779,0
563780,0
563781,0
563782,0
563783,0
563784,0
563785,17
563786,0
563787,18
563788,20
563789,0
563790,0
563791,0
563792,0
563793,0
563794,0
563795,0
563796,0
563797,25
563798,0
563799,0
563800,0
563801,27
563802,0
563803,0
563804,20
563805,0
563806,0
563807,0
563808,0
563809,14
563810,0
563811,0
563812,12
563813,16
563814,0
563815,0
563816,0
563817,0
563818,0
563819,10
563820,0
563821,20
563822,0
563823,0
563824,0
563825,0
563826,15
563827,0
563828,11
563829,0
563830,0
563831,0
563832,0
563833,19
563834,0
563835,0
563836,19
563837,0
563838,18
563839,0
563840,0
563841,0
563842,0
563843,0
563844,0
563845,0
563846,0
563847,0
563848,0
563849,0
563850,16
563851,24
563852,0
563853,0
563854,0
563855,0
563856,0
563857,0
563858,0
563859,19
563860,0
563861,18
563862,0
563863,0
563864,0
563865,0
563866,0
563867,0
563868,0
563869,0
563870,14
563871,0
563872,19
563873,0
563874,14
563875,0
563876,0
563877,0
563878,0
563879,0
563880,0
563881,0
563882,0
563883,0
563884,0
563885,0
563886,0
563887,0
563888,0
563889,0
563890,0
563891,0
563892,0
563893,0
563894,0
563895,0
563896,0
563897,0
563898,0
563899,0
563900,0
563901,0
563902,0
563903,0
563904,0
563905,0
563906,0
563907,0
563908,0
563909,0
563910,0
563911,0
563912,0
563913,0
563914,0
563915,0
563916,1
563917,0
563918,0
563919,0
563920,1
563921,0
563922,0
563923,0
563924,0
563925,0
563926,0
563927,0
563928,0
563929,0
563930,0
563931,0
563932,0
563933,0
563934,0
563935,0
563936,0
563937,0
563938,0
563939,0
563940,0
563941,0
563942,0
563943,0
563944,0
563945,0
563946,0
563947,0
563948,0
563949,0
563950,0
563951,0
563952,0
563953,0
563954,0
563955,0
563956,0
563957,0
563958,0
563959,0
563960,0
563961,0
563962,0
563963,0
563964,0
563965,0
563966,0
563967,0
563968,0
563969,0
563970,0
563971,0
563972,0
563973,0
563974,0
563975,0
563976,0
563977,0
563978,0
563979,0
563980,0
563981,0
563982,0
563983,0
563984,0
563985,0
563986,0
563987,0
563988,0
563989,0
563990,0
563991,0
563992,0
563993,0
563994,0
563995,0
563996,0
563997,0
563998,0
563999,0
564000,0
564001,0
564002,0
564003,0
564004,0
564005,0
564006,0
564007,0
564008,0
564009,0
564010,0
564011,0
564012,0
564013,0
564014,0
564015,0
564016,0
564017,0
564018,0
564019,0
564020,0
564021,0
564022,0
564023,0
564024,0
564025,0
564026,0
564027,0
564028,0
564029,0
564030,0
564031,0
564032,0
564033,0
564034,0
564035,0
564036,0
564037,0
564038,0
564039,0
564040,0
564041,0
564042,0
564043,0
564044,0
564045,0
564046,0
564047,0
564048,1
564049,0
564050,0
564051,0
564052,0
564053,0
564054,0
564055,0
564056,0
564057,0
564058,0
564059,0
564060,0
564061,0
564062,0
564063,0
564064,0
564065,0
564066,0
564067,0
564068,0
564069,0
564070,0
564071,0
564072,0
564073,0
564074,0
564075,0
564076,0
564077,1
564078,0
564079,0
564080,0
564081,1
564082,0
564083,0
564084,1
564085,0
564086,0
564087,0
564088,0
564089,0
564090,0
564091,0
564092,0
564093,0
564094,0
564095,0
564096,0
564097,0
564098,0
564099,0
564100,0
564101,0
564102,0
564103,0
564104,0
564105,0
564106,0
564107,0
564108,0
564109,0
564110,0
564111,0
564112,0
564113,0
564114,0
564115,0
564116,0
564117,0
564118,0
564119,0
564120,0
564121,0
564122,0
564123,0
564124,0
564125,0
564126,0
564127,0
564128,1
564129,0
564130,0
564131,0
564132,0
564133,0
564134,0
564135,0
564136,0
564137,0
564138,0
564139,0
564140,1
564141,0
564142,0
564143,0
564144,0
564145,0
564146,0
564147,0
564148,0
564149,0
564150,0
564151,0
564152,0
564153,0
564154,0
564155,0
564156,0
564157,0
564158,0
564159,0
564160,0
564161,0
564162,0
564163,0
564164,0
564165,0
564166,0
564167,0
564168,0
564169,0
564170,0
564171,0
564172,0
564173,0
564174,0
564175,0
564176,0
564177,0
564178,0
564179,0
564180,0
564181,0
564182,0
564183,1
564184,0
564185,0
564186,0
564187,0
564188,0
564189,0
564190,0
564191,0
564192,0
564193,0
564194,0
564195,0
564196,0
564197,0
564198,0
564199,0
564200,0
564201,0
564202,0
564203,0
564204,0
564205,0
564206,0
564207,0
564208,0
564209,0
564210,0
564211,0
564212,0
564213,0
564214,0
564215,0
564216,0
564217,0
564218,0
564219,0
564220,0
564221,0
564222,0
564223,0
564224,0
564225,0
564226,0
564227,0
564228,0
564229,0
564230,0
564231,0
564232,0
564233,0
564234,0
564235,0
564236,0
564237,0
564238,0
564239,0
564240,0
564241,0
564242,0
564243,1
564244,0
564245,0
564246,0
564247,0
564248,0
564249,0
564250,0
564251,0
564252,0
564253,0
564254,0
564255,0
564256,1
564257,0
564258,0
564259,0
564260,0
564261,0
564262,0
564263,0
564264,0
564265,0
564266,0
564267,0
564268,0
564269,0
564270,0
564271,0
564272,0
564273,0
564274,0
564275,0
564276,0
564277,0
564278,0
564279,0
564280,0
564281,0
564282,0
564283,0
564284,1
564285,0
564286,0
564287,0
564288,0
564289,0
564290,0
564291,0
564292,0
564293,0
564294,0
564295,0
564296,0
564297,0
564298,0
564299,0
564300,0
564301,0
564302,0
564303,0
564304,0
564305,0
564306,0
564307,0
564308,0
564309,0
564310,0
564311,0
564312,0
564313,0
564314,0
564315,0
564316,0
564317,0
564318,0
564319,0
564320,0
564321,0
564322,0
564323,0
564324,0
564325,0
564326,0
564327,0
564328,0
564329,0
564330,0
564331,0
564332,0
564333,0
564334,0
564335,0
564336,0
564337,0
564338,0
564339,0
564340,0
564341,0
564342,0
564343,0
564344,0
564345,0
564346,0
564347,0
564348,0
564349,0
564350,0
564351,0
564352,0
564353,0
564354,0
564355,0
564356,0
564357,0
564358,0
564359,0
564360,0
564361,0
564362,0
564363,0
564364,0
564365,0
564366,1
564367,0
564368,0
564369,0
564370,0
564371,0
564372,0
564373,0
564374,0
564375,0
564376,0
564377,0
564378,0
564379,0
564380,0
564381,0
564382,0
564383,0
564384,0
564385,1
564386,0
564387,0
564388,0
564389,0
564390,0
564391,0
564392,0
564393,0
564394,0
564395,1
564396,1
564397,0
564398,1
564399,0
564400,0
564401,0
564402,0
564403,0
564404,0
564405,0
564406,0
564407,0
564408,0
564409,0
564410,0
564411,0
564412,0
564413,0
564414,0
564415,0
564416,0
564417,0
564418,0
564419,0
564420,0
564421,0
564422,0
564423,0
564424,0
564425,0
564426,0
564427,0
564428,0
564429,0
564430,0
564431,0
564432,0
564433,0
564434,0
564435,0
564436,0
564437,0
564438,0
564439,0
564440,0
564441,0
564442,0
564443,0
564444,0
564445,0
564446,0
564447,0
564448,0
564449,0
564450,0
564451,1
564452,0
564453,0
564454,0
564455,0
564456,0
564457,0
564458,0
564459,0
564460,0
564461,0
564462,0
564463,0
564464,0
564465,0
564466,0
564467,0
564468,0
564469,0
564470,0
564471,0
564472,0
564473,0
564474,0
564475,0
564476,0
564477,0
564478,0
564479,0
564480,0
564481,0
564482,0
564483,0
564484,0
564485,0
564486,0
564487,0
564488,0
564489,0
564490,0
564491,0
564492,0
564493,0
564494,0
564495,0
564496,0
564497,0
564498,0
564499,0
564500,0
564501,0
564502,0
564503,0
564504,0
564505,0
564506,0
564507,0
564508,0
564509,0
564510,0
564511,0
564512,0
564513,0
564514,0
564515,0
564516,0
564517,0
564518,0
564519,0
564520,0
564521,0
564522,0
564523,0
564524,0
564525,0
564526,0
564527,0
564528,0
564529,0
564530,0
564531,0
564532,0
564533,0
564534,0
564535,0
564536,0
564537,0
564538,0
564539,0
564540,0
564541,0
564542,0
564543,0
564544,0
564545,0
564546,0
564547,0
564548,0
564549,0
564550,0
564551,0
564552,0
564553,0
564554,0
564555,0
564556,0
564557,0
564558,0
564559,0
564560,0
564561,0
564562,0
564563,0
564564,0
564565,0
564566,0
564567,0
564568,0
564569,0
564570,0
564571,0
564572,0
564573,0
564574,0
564575,0
564576,0
564577,0
564578,0
564579,0
564580,0
564581,0
564582,0
564583,0
564584,0
564585,0
564586,0
564587,0
564588,0
564589,0
564590,0
564591,0
564592,0
564593,0
564594,0
564595,0
564596,0
564597,0
564598,0
564599,0
564600,0
564601,0
564602,0
564603,0
564604,0
564605,0
564606,0
564607,0
564608,0
564609,0
564610,0
564611,0
564612,0
564613,0
564614,0
564615,0
564616,0
564617,0
564618,0
564619,0
564620,0
564621,0
564622,0
564623,0
564624,0
564625,0
564626,0
564627,0
564628,0
564629,0
564630,0
564631,0
564632,0
564633,0
564634,0
564635,0
564636,0
564637,0
564638,0
564639,0
564640,0
564641,0
564642,0
564643,0
564644,0
564645,0
564646,0
564647,0
564648,0
564649,0
564650,0
564651,0
564652,0
564653,0
564654,0
564655,0
564656,0
564657,0
564658,0
564659,0
564660,0
564661,0
564662,0
564663,0
564664,0
564665,0
564666,0
564667,0
564668,0
564669,0
564670,0
564671,0
564672,0
564673,0
564674,0
564675,0
564676,0
564677,0
564678,0
564679,0
564680,0
564681,0
564682,0
564683,0
564684,0
564685,0
564686,0
564687,0
564688,0
564689,0
564690,0
564691,0
564692,0
564693,0
564694,0
564695,0
564696,0
564697,0
564698,0
564699,0
564700,0
564701,0
564702,0
564703,0
564704,0
564705,0
564706,0
564707,0
564708,0
564709,0
564710,0
564711,0
564712,0
564713,0
564714,0
564715,0
564716,0
564717,0
564718,0
564719,0
564720,0
564721,0
564722,0
564723,0
564724,0
564725,0
564726,0
564727,0
564728,0
564729,0
564730,0
564731,0
564732,0
564733,0
564734,0
564735,0
564736,0
564737,1
564738,0
564739,0
564740,0
564741,0
564742,0
564743,0
564744,0
564745,0
564746,0
564747,0
564748,0
564749,0
564750,0
564751,0
564752,0
564753,0
564754,0
564755,0
564756,0
564757,0
564758,0
564759,0
564760,0
564761,0
564762,0
564763,0
564764,0
564765,0
564766,0
564767,0
564768,0
564769,0
564770,0
564771,0
564772,0
564773,0
564774,0
564775,0
564776,0
564777,0
564778,0
564779,0
564780,0
564781,0
564782,0
564783,0
564784,0
564785,0
564786,1
564787,0
564788,0
564789,0
564790,0
564791,0
564792,0
564793,0
564794,0
564795,0
564796,0
564797,0
564798,0
564799,0
564800,0
564801,0
564802,0
564803,0
564804,0
564805,0
564806,0
564807,0
564808,0
564809,0
564810,0
564811,0
564812,0
564813,0
564814,0
564815,0
564816,0
564817,0
564818,35
564819,0
564820,0
564821,0
564822,0
564823,0
564824,0
564825,0
564826,0
564827,0
564828,0
564829,39
564830,0
564831,0
564832,0
564833,0
564834,0
564835,0
564836,0
564837,0
564838,0
564839,0
564840,0
564841,36
564842,37
564843,0
564844,0
564845,0
564846,0
564847,0
564848,0
564849,0
564850,0
564851,0
564852,0
564853,0
564854,0
564855,0
564856,0
564857,0
564858,0
564859,0
564860,0
564861,32
564862,0
564863,39
564864,0
564865,0
564866,0
564867,0
564868,0
564869,0
564870,0
564871,0
564872,0
564873,0
564874,0
564875,0
564876,0
564877,0
564878,0
564879,0
564880,0
564881,35
564882,0
564883,41
564884,0
564885,0
564886,0
564887,0
564888,0
564889,0
564890,0
564891,0
564892,0
564893,0
564894,0
564895,0
564896,0
564897,32
564898,0
564899,0
564900,0
564901,0
564902,0
564903,34
564904,0
564905,0
564906,0
564907,0
564908,0
564909,0
564910,0
564911,0
564912,0
564913,24
564914,0
564915,0
564916,0
564917,0
564918,0
564919,0
564920,0
564921,0
564922,0
564923,0
564924,0
564925,0
564926,0
564927,0
564928,36
564929,0
564930,0
564931,0
564932,0
564933,0
564934,0
564935,0
564936,0
564937,0
564938,0
564939,0
564940,29
564941,29
564942,0
564943,0
564944,0
564945,0
564946,0
564947,0
564948,0
564949,0
564950,0
564951,24
564952,0
564953,0
564954,31
564955,0
564956,0
564957,0
564958,0
564959,0
564960,0
564961,0
564962,0
564963,0
564964,0
564965,0
564966,0
564967,0
564968,0
564969,0
564970,0
564971,0
564972,0
564973,0
564974,0
564975,0
564976,0
564977,20
564978,0
564979,0
564980,0
564981,0
564982,0
564983,0
564984,0
564985,0
564986,0
564987,0
564988,32
564989,19
564990,0
564991,0
564992,0
564993,0
564994,0
564995,0
564996,0
564997,0
564998,0
564999,0
565000,0
565001,0
565002,0
565003,0
565004,0
565005,0
565006,0
565007,0
565008,0
565009,38
565010,0
565011,0
565012,0
565013,0
565014,0
565015,0
565016,0
565017,0
565018,0
565019,0
565020,0
565021,35
565022,0
565023,0
565024,0
565025,0
565026,0
565027,45
565028,0
565029,0
565030,0
565031,0
565032,0
565033,0
565034,0
565035,0
565036,0
565037,0
565038,0
565039,32
565040,0
565041,0
565042,0
565043,0
565044,0
565045,0
565046,0
565047,0
565048,0
565049,0
565050,0
565051,0
565052,0
565053,0
565054,0
565055,0
565056,0
565057,0
565058,0
565059,0
565060,0
565061,0
565062,0
565063,0
565064,43
565065,0
565066,0
565067,0
565068,0
565069,0
565070,0
565071,0
565072,0
565073,0
565074,36
565075,0
565076,0
565077,0
565078,0
565079,0
565080,0
565081,0
565082,42
565083,0
565084,0
565085,0
565086,0
565087,0
565088,0
565089,0
565090,0
565091,0
565092,0
565093,32
565094,0
565095,0
565096,38
565097,0
565098,23
565099,0
565100,0
565101,0
565102,0
565103,0
565104,0
565105,0
565106,0
565107,0
565108,0
565109,27
565110,0
565111,0
565112,0
565113,0
565114,0
565115,0
565116,0
565117,0
565118,0
565119,0
565120,0
565121,0
565122,0
565123,0
565124,0
565125,0
565126,0
565127,0
565128,0
565129,0
565130,0
565131,0
565132,0
565133,0
565134,0
565135,0
565136,0
565137,0
565138,0
565139,0
565140,52
565141,39
565142,31
565143,0
565144,0
565145,0
565146,0
565147,0
565148,35
565149,34
565150,0
565151,0
565152,0
565153,0
565154,0
565155,0
565156,0
565157,0
565158,0
565159,0
565160,0
565161,0
565162,0
565163,0
565164,0
565165,0
565166,0
565167,0
565168,0
565169,0
565170,0
565171,0
565172,0
565173,0
565174,0
565175,0
565176,41
565177,0
565178,0
565179,0
565180,0
565181,0
565182,0
565183,0
565184,0
565185,0
565186,0
565187,0
565188,0
565189,0
565190,0
565191,0
565192,0
565193,0
565194,0
565195,0
565196,0
565197,0
565198,0
565199,0
565200,0
565201,0
565202,0
565203,0
565204,0
565205,0
565206,0
565207,0
565208,0
565209,0
565210,0
565211,0
565212,0
565213,0
565214,0
565215,52
565216,0
565217,0
565218,0
565219,0
565220,0
565221,0
565222,0
565223,0
565224,0
565225,0
565226,0
565227,0
565228,0
565229,0
565230,0
565231,0
565232,0
565233,0
565234,0
565235,0
565236,0
565237,0
565238,0
565239,0
565240,0
565241,0
565242,0
565243,0
565244,0
565245,0
565246,0
565247,0
565248,0
565249,0
565250,42
565251,0
565252,0
565253,0
565254,29
565255,0
565256,0
565257,0
565258,0
565259,0
565260,0
565261,0
565262,0
565263,0
565264,47
565265,36
565266,0
565267,0
565268,0
565269,0
565270,29
565271,0
565272,37
565273,0
565274,0
565275,0
565276,0
565277,0
565278,0
565279,0
565280,0
565281,0
565282,0
565283,0
565284,0
565285,0
565286,37
565287,0
565288,0
565289,0
565290,0
565291,0
565292,0
565293,0
565294,0
565295,0
565296,0
565297,0
565298,0
565299,0
565300,0
565301,0
565302,0
565303,0
565304,0
565305,43
565306,0
565307,0
565308,0
565309,0
565310,0
565311,0
565312,0
565313,0
565314,0
565315,0
565316,0
565317,0
565318,0
565319,0
565320,0
565321,0
565322,0
565323,0
565324,0
565325,34
565326,0
565327,0
565328,24
565329,0
565330,0
565331,28
565332,0
565333,0
565334,0
565335,0
565336,0
565337,29
565338,0
565339,36
565340,0
565341,0
565342,28
565343,0
565344,0
565345,0
565346,0
565347,0
565348,0
565349,0
565350,0
565351,0
565352,0
565353,0
565354,35
565355,0
565356,0
565357,0
565358,0
565359,0
565360,0
565361,0
565362,0
565363,0
565364,0
565365,0
565366,34
565367,0
565368,0
565369,0
565370,43
565371,0
565372,0
565373,0
565374,0
565375,0
565376,0
565377,0
565378,0
565379,0
565380,0
565381,0
565382,0
565383,0
565384,0
565385,42
565386,0
565387,0
565388,0
565389,0
565390,36
565391,0
565392,0
565393,32
565394,46
565395,0
565396,0
565397,38
565398,0
565399,0
565400,0
565401,50
565402,0
565403,24
565404,0
565405,0
565406,0
565407,0
565408,0
565409,42
565410,0
565411,0
565412,0
565413,0
565414,35
565415,0
565416,0
565417,0
565418,0
565419,0
565420,0
565421,0
565422,0
565423,0
565424,0
565425,0
565426,0
565427,32
565428,0
565429,0
565430,0
565431,0
565432,0
565433,46
565434,0
565435,42
565436,0
565437,0
565438,0
565439,0
565440,0
565441,41
565442,0
565443,0
565444,32
565445,0
565446,0
565447,40
565448,0
565449,0
565450,0
565451,0
565452,0
565453,0
565454,0
565455,0
565456,0
565457,0
565458,0
565459,0
565460,0
565461,0
565462,0
565463,0
565464,0
565465,0
565466,0
565467,0
565468,0
565469,0
565470,38
565471,0
565472,0
565473,0
565474,0
565475,41
565476,0
565477,0
565478,0
565479,0
565480,0
565481,0
565482,25
565483,0
565484,0
565485,0
565486,0
565487,0
565488,0
565489,0
565490,0
565491,33
565492,32
565493,0
565494,0
565495,0
565496,0
565497,0
565498,0
565499,0
565500,37
565501,0
565502,44
565503,0
565504,0
565505,0
565506,42
565507,0
565508,15
565509,0
565510,0
565511,0
565512,0
565513,0
565514,0
565515,0
565516,0
565517,0
565518,0
565519,0
565520,0
565521,0
565522,0
565523,0
565524,0
565525,0
565526,0
565527,0
565528,47
565529,0
565530,0
565531,0
565532,0
565533,0
565534,0
565535,0
565536,0
565537,0
565538,0
565539,0
565540,0
565541,0
565542,0
565543,38
565544,0
565545,0
565546,27
565547,0
565548,0
565549,0
565550,0
565551,29
565552,0
565553,0
565554,0
565555,0
565556,0
565557,0
565558,0
565559,0
565560,0
565561,0
565562,0
565563,0
565564,0
565565,0
565566,0
565567,0
565568,0
565569,49
565570,0
565571,0
565572,40
565573,0
565574,27
565575,0
565576,0
565577,0
565578,43
565579,0
565580,0
565581,0
565582,0
565583,0
565584,0
565585,0
565586,0
565587,0
565588,0
565589,0
565590,0
565591,0
565592,0
565593,0
565594,36
565595,0
565596,0
565597,0
565598,0
565599,0
565600,0
565601,0
565602,35
565603,0
565604,0
565605,0
565606,0
565607,0
565608,0
565609,0
565610,41
565611,0
565612,0
565613,0
565614,0
565615,0
565616,0
565617,0
565618,0
565619,0
565620,31
565621,0
565622,0
565623,0
565624,0
565625,0
565626,0
565627,0
565628,0
565629,0
565630,0
565631,0
565632,0
565633,0
565634,0
565635,0
565636,0
565637,0
565638,37
565639,34
565640,35
565641,0
565642,0
565643,0
565644,0
565645,0
565646,0
565647,0
565648,0
565649,0
565650,0
565651,0
565652,0
565653,35
565654,0
565655,0
565656,0
565657,0
565658,0
565659,35
565660,0
565661,0
565662,0
565663,0
565664,0
565665,0
565666,0
565667,0
565668,0
565669,0
565670,0
565671,48
565672,0
565673,0
565674,0
565675,0
565676,0
565677,0
565678,0
565679,0
565680,0
565681,0
565682,0
565683,0
565684,0
565685,0
565686,46
565687,0
565688,0
565689,0
565690,0
565691,0
565692,0
565693,0
565694,0
565695,0
565696,0
565697,0
565698,0
565699,0
565700,0
565701,43
565702,0
565703,0
565704,0
565705,0
565706,39
565707,0
565708,42
565709,0
565710,0
565711,0
565712,31
565713,0
565714,0
565715,0
565716,0
565717,0
565718,0
565719,0
565720,0
565721,0
565722,0
565723,0
565724,0
565725,0
565726,0
565727,0
565728,0
565729,0
565730,0
565731,37
565732,0
565733,0
565734,0
565735,0
565736,33
565737,0
565738,0
565739,0
565740,0
565741,0
565742,44
565743,0
565744,0
565745,0
565746,0
565747,0
565748,0
565749,0
565750,0
565751,0
565752,0
565753,0
565754,0
565755,0
565756,0
565757,0
565758,0
565759,0
565760,0
565761,0
565762,0
565763,0
565764,0
565765,0
565766,0
565767,50
565768,0
565769,0
565770,41
565771,0
565772,0
565773,0
565774,0
565775,0
565776,0
565777,0
565778,0
565779,0
565780,0
565781,0
565782,0
565783,0
565784,0
565785,0
565786,0
565787,0
565788,0
565789,10
565790,24
565791,0
565792,0
565793,0
565794,0
565795,0
565796,0
565797,0
565798,0
565799,18
565800,0
565801,24
565802,19
565803,0
565804,0
565805,0
565806,0
565807,0
565808,19
565809,0
565810,14
565811,0
565812,0
565813,0
565814,0
565815,0
565816,0
565817,21
565818,0
565819,0
565820,0
565821,0
565822,0
565823,0
565824,0
565825,0
565826,0
565827,0
565828,0
565829,0
565830,40
565831,0
565832,23
565833,21
565834,0
565835,0
565836,0
565837,16
565838,37
565839,0
565840,17
565841,0
565842,0
565843,0
565844,0
565845,0
565846,0
565847,0
565848,0
565849,0
565850,0
565851,0
565852,32
565853,0
565854,26
565855,0
565856,0
565857,0
565858,22
565859,0
565860,0
565861,17
565862,0
565863,0
565864,0
565865,24
565866,0
565867,0
565868,0
565869,0
565870,0
565871,5
565872,0
565873,0
565874,18
565875,15
565876,0
565877,25
565878,16
565879,0
565880,28
565881,0
565882,0
565883,19
565884,0
565885,26
565886,0
565887,25
565888,0
565889,17
565890,0
565891,19
565892,24
565893,17
565894,0
565895,19
565896,19
565897,0
565898,0
565899,34
565900,0
565901,0
565902,0
565903,0
565904,0
565905,23
565906,16
565907,0
565908,0
565909,0
565910,19
565911,21
565912,28
565913,0
565914,0
565915,0
565916,22
565917,0
565918,0
565919,0
565920,0
565921,15
565922,35
565923,0
565924,36
565925,0
565926,6
565927,0
565928,0
565929,0
565930,0
565931,0
565932,0
565933,0
565934,0
565935,0
565936,0
565937,36
565938,0
565939,0
565940,14
565941,18
565942,0
565943,29
565944,17
565945,0
565946,19
565947,0
565948,13
565949,0
565950,0
565951,0
565952,0
565953,0
565954,0
565955,24
565956,20
565957,19
565958,0
565959,0
565960,0
565961,0
565962,25
565963,0
565964,0
565965,0
565966,0
565967,11
565968,0
565969,25
565970,0
565971,0
565972,0
565973,0
565974,0
565975,0
565976,23
565977,0
565978,14
565979,0
565980,0
565981,0
565982,0
565983,0
565984,0
565985,0
565986,16
565987,0
565988,0
565989,0
565990,0
565991,19
565992,29
565993,0
565994,0
565995,0
565996,0
565997,0
565998,26
565999,0
566000,0
566001,0
566002,0
566003,0
566004,0
566005,0
566006,19
566007,0
566008,0
566009,19
566010,0
566011,0
566012,29
566013,0
566014,0
566015,0
566016,23
566017,0
566018,17
566019,0
566020,0
566021,0
566022,0
566023,0
566024,25
566025,21
566026,0
566027,0
566028,0
566029,25
566030,20
566031,0
566032,0
566033,0
566034,0
566035,0
566036,0
566037,0
566038,0
566039,0
566040,0
566041,0
566042,17
566043,0
566044,0
566045,0
566046,0
566047,0
566048,0
566049,0
566050,12
566051,0
566052,17
566053,0
566054,0
566055,0
566056,0
566057,24
566058,0
566059,0
566060,20
566061,14
566062,0
566063,0
566064,29
566065,27
566066,0
566067,19
566068,0
566069,15
566070,22
566071,13
566072,0
566073,10
566074,0
566075,0
566076,18
566077,0
566078,22
566079,0
566080,0
566081,0
566082,28
566083,33
566084,0
566085,0
566086,0
566087,18
566088,17
566089,28
566090,18
566091,0
566092,25
566093,0
566094,0
566095,0
566096,20
566097,0
566098,0
566099,0
566100,0
566101,0
566102,21
566103,0
566104,11
566105,0
566106,0
566107,7
566108,0
566109,0
566110,0
566111,13
566112,0
566113,21
566114,0
566115,0
566116,0
566117,0
566118,23
566119,0
566120,0
566121,17
566122,0
566123,16
566124,0
566125,0
566126,0
566127,0
566128,0
566129,0
566130,0
566131,0
566132,0
566133,20
566134,24
566135,0
566136,0
566137,0
566138,0
566139,16
566140,0
566141,0
566142,17
566143,22
566144,0
566145,12
566146,0
566147,0
566148,0
566149,0
566150,0
566151,0
566152,0
566153,34
566154,0
566155,0
566156,0
566157,0
566158,26
566159,17
566160,0
566161,0
566162,0
566163,0
566164,0
566165,0
566166,0
566167,12
566168,16
566169,0
566170,14
566171,0
566172,0
566173,0
566174,0
566175,16
566176,0
566177,0
566178,0
566179,0
566180,0
566181,16
566182,0
566183,12
566184,0
566185,29
566186,0
566187,0
566188,0
566189,18
566190,23
566191,35
566192,0
566193,0
566194,0
566195,0
566196,0
566197,0
566198,0
566199,0
566200,20
566201,29
566202,0
566203,48
566204,25
566205,0
566206,0
566207,0
566208,0
566209,0
566210,0
566211,0
566212,0
566213,0
566214,35
566215,0
566216,0
566217,0
566218,0
566219,0
566220,29
566221,0
566222,61
566223,0
566224,0
566225,0
566226,0
566227,0
566228,0
566229,0
566230,0
566231,21
566232,0
566233,39
566234,0
566235,0
566236,0
566237,0
566238,0
566239,0
566240,0
566241,35
566242,0
566243,0
566244,0
566245,0
566246,0
566247,0
566248,30
566249,0
566250,0
566251,0
566252,0
566253,0
566254,0
566255,0
566256,0
566257,0
566258,41
566259,0
566260,0
566261,23
566262,0
566263,0
566264,0
566265,0
566266,32
566267,0
566268,0
566269,0
566270,0
566271,0
566272,0
566273,32
566274,0
566275,0
566276,17
566277,0
566278,0
566279,0
566280,0
566281,0
566282,0
566283,38
566284,0
566285,0
566286,0
566287,0
566288,23
566289,0
566290,0
566291,0
566292,30
566293,0
566294,0
566295,0
566296,0
566297,0
566298,0
566299,0
566300,0
566301,0
566302,0
566303,0
566304,0
566305,0
566306,0
566307,0
566308,0
566309,0
566310,19
566311,0
566312,0
566313,0
566314,0
566315,0
566316,0
566317,0
566318,37
566319,0
566320,0
566321,0
566322,29
566323,54
566324,0
566325,0
566326,0
566327,42
566328,0
566329,38
566330,0
566331,0
566332,0
566333,0
566334,0
566335,0
566336,0
566337,0
566338,37
566339,0
566340,0
566341,0
566342,0
566343,0
566344,0
566345,0
566346,0
566347,0
566348,0
566349,0
566350,38
566351,0
566352,34
566353,30
566354,0
566355,0
566356,0
566357,20
566358,0
566359,0
566360,0
566361,0
566362,0
566363,41
566364,0
566365,0
566366,0
566367,37
566368,0
566369,0
566370,33
566371,0
566372,0
566373,0
566374,0
566375,20
566376,0
566377,0
566378,0
566379,0
566380,23
566381,38
566382,0
566383,19
566384,34
566385,22
566386,0
566387,0
566388,19
566389,37
566390,0
566391,0
566392,0
566393,16
566394,0
566395,22
566396,0
566397,0
566398,19
566399,25
566400,0
566401,26
566402,0
566403,0
566404,0
566405,0
566406,27
566407,0
566408,0
566409,0
566410,0
566411,0
566412,21
566413,0
566414,22
566415,0
566416,26
566417,0
566418,0
566419,0
566420,0
566421,38
566422,0
566423,8
566424,0
566425,0
566426,30
566427,46
566428,0
566429,0
566430,0
566431,0
566432,0
566433,18
566434,0
566435,0
566436,36
566437,0
566438,40
566439,0
566440,0
566441,0
566442,14
566443,0
566444,0
566445,0
566446,0
566447,27
566448,0
566449,0
566450,27
566451,0
566452,0
566453,0
566454,45
566455,24
566456,38
566457,0
566458,28
566459,0
566460,0
566461,0
566462,0
566463,24
566464,0
566465,0
566466,0
566467,31
566468,22
566469,0
566470,0
566471,0
566472,0
566473,40
566474,29
566475,0
566476,0
566477,0
566478,0
566479,26
566480,0
566481,15
566482,0
566483,0
566484,0
566485,0
566486,37
566487,0
566488,0
566489,27
566490,0
566491,0
566492,17
566493,31
566494,0
566495,0
566496,0
566497,18
566498,0
566499,0
566500,0
566501,0
566502,0
566503,0
566504,0
566505,16
566506,0
566507,47
566508,0
566509,23
566510,0
566511,0
566512,8
566513,0
566514,0
566515,0
566516,0
566517,32
566518,0
566519,20
566520,0
566521,0
566522,21
566523,0
566524,0
566525,0
566526,37
566527,16
566528,41
566529,0
566530,0
566531,22
566532,0
566533,0
566534,0
566535,0
566536,0
566537,39
566538,0
566539,0
566540,0
566541,0
566542,0
566543,24
566544,0
566545,31
566546,0
566547,0
566548,0
566549,0
566550,0
566551,14
566552,0
566553,0
566554,0
566555,32
566556,0
566557,0
566558,0
566559,31
566560,0
566561,0
566562,0
566563,0
566564,0
566565,0
566566,31
566567,0
566568,0
566569,0
566570,0
566571,0
566572,22
566573,15
566574,0
566575,0
566576,0
566577,27
566578,0
566579,0
566580,45
566581,0
566582,34
566583,0
566584,0
566585,0
566586,0
566587,30
566588,0
566589,0
566590,0
566591,0
566592,0
566593,35
566594,0
566595,32
566596,29
566597,26
566598,28
566599,0
566600,24
566601,0
566602,0
566603,0
566604,36
566605,0
566606,0
566607,0
566608,18
566609,0
566610,0
566611,0
566612,0
566613,26
566614,23
566615,0
566616,0
566617,0
566618,22
566619,0
566620,0
566621,0
566622,0
566623,0
566624,0
566625,0
566626,0
566627,0
566628,0
566629,0
566630,0
566631,0
566632,0
566633,0
566634,0
566635,15
566636,0
566637,0
566638,0
566639,0
566640,0
566641,0
566642,0
566643,0
566644,0
566645,0
566646,0
566647,26
566648,0
566649,0
566650,22
566651,12
566652,25
566653,0
566654,0
566655,0
566656,0
566657,0
566658,0
566659,0
566660,0
566661,0
566662,29
566663,0
566664,17
566665,0
566666,0
566667,34
566668,0
566669,0
566670,0
566671,0
566672,25
566673,0
566674,0
566675,0
566676,35
566677,0
566678,0
566679,26
566680,38
566681,0
566682,0
566683,0
566684,18
566685,0
566686,0
566687,24
566688,27
566689,0
566690,20
566691,0
566692,0
566693,0
566694,0
566695,0
566696,0
566697,0
566698,39
566699,0
566700,0
566701,0
566702,0
566703,0
566704,0
566705,0
566706,0
566707,30
566708,36
566709,0
566710,0
566711,0
566712,15
566713,0
566714,0
566715,0
566716,0
566717,0
566718,0
566719,0
566720,0
566721,0
566722,0
566723,24
566724,0
566725,0
566726,0
566727,0
566728,0
566729,0
566730,0
566731,0
566732,0
566733,0
566734,0
566735,0
566736,14
566737,0
566738,0
566739,22
566740,41
566741,0
566742,0
566743,0
566744,0
566745,0
566746,0
566747,0
566748,0
566749,14
566750,0
566751,24
566752,25
566753,27
566754,0
566755,0
566756,0
566757,26
566758,0
566759,0
566760,0
566761,0
566762,0
566763,24
566764,0
566765,9
566766,0
566767,0
566768,12
566769,18
566770,0
566771,0
566772,0
566773,0
566774,0
566775,0
566776,0
566777,0
566778,0
566779,0
566780,12
566781,0
566782,0
566783,0
566784,18
566785,0
566786,0
566787,31
566788,0
566789,0
566790,0
566791,0
566792,0
566793,24
566794,0
566795,0
566796,0
566797,0
566798,0
566799,0
566800,0
566801,0
566802,0
566803,0
566804,0
566805,0
566806,0
566807,0
566808,26
566809,0
566810,0
566811,0
566812,0
566813,0
566814,21
566815,0
566816,0
566817,0
566818,0
566819,26
566820,0
566821,0
566822,26
566823,0
566824,0
566825,33
566826,0
566827,0
566828,0
566829,0
566830,0
566831,0
566832,37
566833,0
566834,0
566835,0
566836,28
566837,0
566838,0
566839,0
566840,31
566841,0
566842,31
566843,22
566844,0
566845,0
566846,0
566847,0
566848,32
566849,27
566850,19
566851,0
566852,0
566853,0
566854,0
566855,0
566856,0
566857,0
566858,0
566859,0
566860,25
566861,0
566862,42
566863,29
566864,0
566865,0
566866,0
566867,23
566868,0
566869,0
566870,0
566871,21
566872,0
566873,0
566874,0
566875,0
566876,0
566877,0
566878,0
566879,23
566880,0
566881,17
566882,0
566883,0
566884,30
566885,0
566886,21
566887,0
566888,0
566889,28
566890,0
566891,0
566892,0
566893,37
566894,0
566895,0
566896,0
566897,0
566898,0
566899,15
566900,0
566901,0
566902,0
566903,34
566904,0
566905,0
566906,0
566907,27
566908,27
566909,0
566910,0
566911,0
566912,0
566913,37
566914,0
566915,0
566916,32
566917,16
566918,20
566919,21
566920,20
566921,0
566922,0
566923,41
566924,30
566925,41
566926,0
566927,27
566928,16
566929,0
566930,19
566931,0
566932,0
566933,0
566934,16
566935,0
566936,0
566937,0
566938,0
566939,25
566940,0
566941,0
566942,0
566943,0
566944,0
566945,0
566946,0
566947,0
566948,0
566949,23
566950,0
566951,0
566952,26
566953,0
566954,0
566955,0
566956,0
566957,19
566958,0
566959,0
566960,0
566961,0
566962,0
566963,0
566964,0
566965,28
566966,0
566967,0
566968,0
566969,0
566970,30
566971,22
566972,20
566973,0
566974,30
566975,29
566976,0
566977,31
566978,0
566979,0
566980,0
566981,0
566982,0
566983,0
566984,0
566985,0
566986,0
566987,0
566988,0
566989,0
566990,33
566991,24
566992,36
566993,0
566994,38
566995,35
566996,0
566997,0
566998,0
566999,11
567000,0
567001,0
567002,0
567003,0
567004,23
567005,0
567006,0
567007,0
567008,0
567009,0
567010,0
567011,0
567012,0
567013,0
567014,0
567015,13
567016,0
567017,0
567018,0
567019,0
567020,0
567021,22
567022,32
567023,0
567024,0
567025,0
567026,0
567027,0
567028,0
567029,0
567030,26
567031,0
567032,0
567033,0
567034,0
567035,26
567036,0
567037,0
567038,0
567039,29
567040,0
567041,0
567042,23
567043,16
567044,42
567045,33
567046,0
567047,16
567048,0
567049,0
567050,0
567051,0
567052,0
567053,0
567054,23
567055,0
567056,0
567057,24
567058,0
567059,17
567060,0
567061,0
567062,0
567063,0
567064,0
567065,0
567066,40
567067,0
567068,0
567069,0
567070,0
567071,0
567072,30
567073,0
567074,0
567075,0
567076,0
567077,0
567078,0
567079,0
567080,0
567081,0
567082,0
567083,0
567084,0
567085,0
567086,0
567087,0
567088,0
567089,0
567090,18
567091,27
567092,29
567093,0
567094,0
567095,40
567096,0
567097,0
567098,0
567099,0
567100,32
567101,0
567102,29
567103,0
567104,0
567105,0
567106,0
567107,0
567108,0
567109,0
567110,0
567111,0
567112,0
567113,0
567114,0
567115,38
567116,0
567117,0
567118,0
567119,0
567120,0
567121,0
567122,0
567123,0
567124,0
567125,0
567126,0
567127,0
567128,57
567129,0
567130,38
567131,0
567132,26
567133,0
567134,0
567135,0
567136,0
567137,0
567138,0
567139,0
567140,0
567141,0
567142,0
567143,26
567144,0
567145,0
567146,0
567147,0
567148,0
567149,0
567150,0
567151,0
567152,0
567153,0
567154,0
567155,0
567156,0
567157,0
567158,0
567159,0
567160,0
567161,0
567162,0
567163,0
567164,0
567165,0
567166,0
567167,0
567168,0
567169,0
567170,0
567171,0
567172,0
567173,0
567174,0
567175,0
567176,0
567177,0
567178,0
567179,0
567180,0
567181,0
567182,0
567183,42
567184,33
567185,0
567186,0
567187,0
567188,0
567189,25
567190,0
567191,0
567192,0
567193,0
567194,0
567195,0
567196,0
567197,0
567198,0
567199,0
567200,0
567201,0
567202,0
567203,0
567204,0
567205,0
567206,0
567207,0
567208,0
567209,0
567210,0
567211,0
567212,0
567213,0
567214,0
567215,0
567216,0
567217,0
567218,0
567219,0
567220,0
567221,0
567222,0
567223,34
567224,0
567225,0
567226,0
567227,0
567228,0
567229,0
567230,0
567231,0
567232,31
567233,0
567234,0
567235,0
567236,0
567237,0
567238,0
567239,0
567240,0
567241,0
567242,0
567243,45
567244,0
567245,0
567246,0
567247,0
567248,0
567249,0
567250,0
567251,36
567252,0
567253,0
567254,0
567255,0
567256,0
567257,0
567258,0
567259,0
567260,0
567261,0
567262,0
567263,0
567264,0
567265,0
567266,0
567267,0
567268,0
567269,0
567270,0
567271,0
567272,0
567273,0
567274,0
567275,0
567276,0
567277,0
567278,0
567279,0
567280,0
567281,0
567282,0
567283,0
567284,0
567285,0
567286,0
567287,0
567288,0
567289,0
567290,0
567291,0
567292,0
567293,0
567294,0
567295,0
567296,0
567297,0
567298,0
567299,0
567300,0
567301,0
567302,0
567303,0
567304,0
567305,0
567306,0
567307,0
567308,0
567309,0
567310,0
567311,0
567312,0
567313,0
567314,0
567315,0
567316,0
567317,0
567318,0
567319,0
567320,0
567321,0
567322,0
567323,0
567324,0
567325,0
567326,0
567327,0
567328,0
567329,0
567330,0
567331,0
567332,0
567333,0
567334,0
567335,0
567336,0
567337,0
567338,0
567339,0
567340,0
567341,0
567342,0
567343,0
567344,0
567345,0
567346,0
567347,0
567348,0
567349,0
567350,0
567351,0
567352,0
567353,0
567354,0
567355,0
567356,0
567357,0
567358,0
567359,0
567360,0
567361,0
567362,0
567363,0
567364,0
567365,0
567366,0
567367,0
567368,0
567369,0
567370,0
567371,0
567372,0
567373,0
567374,0
567375,0
567376,0
567377,0
567378,0
567379,0
567380,0
567381,0
567382,0
567383,0
567384,0
567385,0
567386,0
567387,0
567388,0
567389,0
567390,0
567391,0
567392,0
567393,0
567394,0
567395,0
567396,0
567397,0
567398,0
567399,0
567400,0
567401,0
567402,0
567403,0
567404,0
567405,0
567406,0
567407,0
567408,0
567409,0
567410,0
567411,0
567412,0
567413,0
567414,0
567415,0
567416,0
567417,0
567418,1
567419,0
567420,0
567421,0
567422,0
567423,0
567424,0
567425,0
567426,0
567427,0
567428,0
567429,0
567430,0
567431,0
567432,0
567433,0
567434,0
567435,0
567436,0
567437,0
567438,0
567439,0
567440,0
567441,0
567442,0
567443,0
567444,0
567445,0
567446,0
567447,0
567448,0
567449,0
567450,0
567451,0
567452,0
567453,0
567454,0
567455,0
567456,0
567457,0
567458,0
567459,0
567460,0
567461,0
567462,0
567463,0
567464,0
567465,0
567466,0
567467,0
567468,0
567469,0
567470,0
567471,0
567472,0
567473,0
567474,0
567475,0
567476,0
567477,0
567478,0
567479,0
567480,0
567481,0
567482,0
567483,0
567484,0
567485,0
567486,0
567487,0
567488,0
567489,0
567490,0
567491,0
567492,0
567493,0
567494,0
567495,0
567496,0
567497,0
567498,0
567499,0
567500,0
567501,0
567502,0
567503,0
567504,0
567505,0
567506,0
567507,0
567508,0
567509,0
567510,0
567511,0
567512,0
567513,0
567514,0
567515,0
567516,0
567517,0
567518,0
567519,0
567520,0
567521,0
567522,0
567523,0
567524,0
567525,0
567526,0
567527,0
567528,0
567529,0
567530,0
567531,0
567532,0
567533,0
567534,0
567535,0
567536,0
567537,0
567538,0
567539,0
567540,1
567541,0
567542,0
567543,0
567544,0
567545,0
567546,0
567547,0
567548,0
567549,0
567550,0
567551,0
567552,0
567553,0
567554,0
567555,0
567556,0
567557,0
567558,0
567559,0
567560,0
567561,0
567562,0
567563,0
567564,0
567565,0
567566,0
567567,0
567568,0
567569,0
567570,0
567571,0
567572,0
567573,0
567574,0
567575,0
567576,0
567577,0
567578,0
567579,0
567580,0
567581,0
567582,0
567583,0
567584,0
567585,0
567586,0
567587,0
567588,0
567589,0
567590,0
567591,0
567592,0
567593,0
567594,0
567595,0
567596,0
567597,0
567598,0
567599,0
567600,0
567601,0
567602,0
567603,0
567604,0
567605,0
567606,0
567607,0
567608,0
567609,0
567610,0
567611,0
567612,0
567613,0
567614,0
567615,0
567616,1
567617,0
567618,0
567619,0
567620,0
567621,0
567622,0
567623,0
567624,0
567625,0
567626,0
567627,0
567628,0
567629,0
567630,0
567631,0
567632,0
567633,0
567634,0
567635,0
567636,0
567637,0
567638,0
567639,0
567640,0
567641,15
567642,0
567643,0
567644,0
567645,0
567646,0
567647,0
567648,0
567649,0
567650,0
567651,0
567652,0
567653,0
567654,0
567655,0
567656,0
567657,0
567658,0
567659,0
567660,0
567661,0
567662,0
567663,0
567664,0
567665,0
567666,0
567667,0
567668,0
567669,0
567670,0
567671,0
567672,0
567673,0
567674,0
567675,16
567676,0
567677,0
567678,0
567679,0
567680,0
567681,0
567682,0
567683,0
567684,0
567685,0
567686,0
567687,0
567688,17
567689,0
567690,0
567691,0
567692,0
567693,0
567694,16
567695,0
567696,0
567697,13
567698,0
567699,0
567700,0
567701,0
567702,0
567703,0
567704,0
567705,0
567706,0
567707,0
567708,0
567709,0
567710,0
567711,0
567712,15
567713,0
567714,0
567715,0
567716,0
567717,0
567718,0
567719,0
567720,0
567721,0
567722,0
567723,0
567724,0
567725,0
567726,0
567727,0
567728,0
567729,0
567730,11
567731,0
567732,0
567733,0
567734,0
567735,0
567736,0
567737,0
567738,0
567739,0
567740,20
567741,0
567742,0
567743,0
567744,18
567745,0
567746,0
567747,0
567748,0
567749,0
567750,0
567751,0
567752,0
567753,0
567754,0
567755,0
567756,9
567757,0
567758,0
567759,0
567760,0
567761,25
567762,0
567763,14
567764,0
567765,15
567766,0
567767,18
567768,0
567769,0
567770,0
567771,0
567772,0
567773,0
567774,0
567775,0
567776,0
567777,15
567778,0
567779,11
567780,12
567781,15
567782,0
567783,0
567784,20
567785,0
567786,0
567787,0
567788,0
567789,12
567790,0
567791,0
567792,0
567793,0
567794,0
567795,0
567796,0
567797,0
567798,0
567799,0
567800,0
567801,20
567802,0
567803,0
567804,0
567805,0
567806,0
567807,0
567808,0
567809,0
567810,0
567811,0
567812,0
567813,24
567814,0
567815,0
567816,0
567817,14
567818,0
567819,0
567820,0
567821,0
567822,0
567823,0
567824,0
567825,0
567826,12
567827,0
567828,0
567829,0
567830,0
567831,0
567832,0
567833,0
567834,11
567835,0
567836,0
567837,14
567838,0
567839,0
567840,0
567841,0
567842,0
567843,9
567844,15
567845,0
567846,0
567847,0
567848,0
567849,0
567850,0
567851,0
567852,0
567853,0
567854,0
567855,0
567856,0
567857,0
567858,0
567859,22
567860,28
567861,0
567862,14
567863,0
567864,0
567865,18
567866,0
567867,0
567868,0
567869,0
567870,0
567871,18
567872,0
567873,0
567874,0
567875,0
567876,0
567877,0
567878,0
567879,0
567880,0
567881,0
567882,0
567883,0
567884,0
567885,0
567886,0
567887,0
567888,0
567889,0
567890,15
567891,11
567892,0
567893,0
567894,0
567895,12
567896,18
567897,0
567898,0
567899,0
567900,0
567901,0
567902,16
567903,0
567904,13
567905,0
567906,0
567907,0
567908,23
567909,0
567910,0
567911,13
567912,0
567913,0
567914,20
567915,14
567916,0
567917,0
567918,0
567919,0
567920,21
567921,0
567922,0
567923,0
567924,0
567925,0
567926,0
567927,0
567928,0
567929,0
567930,0
567931,0
567932,0
567933,0
567934,0
567935,19
567936,15
567937,0
567938,0
567939,19
567940,0
567941,10
567942,0
567943,0
567944,0
567945,0
567946,13
567947,0
567948,0
567949,0
567950,0
567951,0
567952,0
567953,0
567954,0
567955,0
567956,8
567957,0
567958,0
567959,0
567960,26
567961,0
567962,19
567963,16
567964,0
567965,0
567966,0
567967,0
567968,0
567969,13
567970,0
567971,0
567972,0
567973,0
567974,19
567975,9
567976,0
567977,0
567978,0
567979,0
567980,0
567981,0
567982,15
567983,0
567984,0
567985,0
567986,0
567987,0
567988,19
567989,0
567990,0
567991,0
567992,0
567993,0
567994,0
567995,0
567996,0
567997,0
567998,0
567999,0
568000,0
568001,0
568002,16
568003,0
568004,0
568005,0
568006,0
568007,0
568008,0
568009,0
568010,0
568011,13
568012,0
568013,0
568014,0
568015,0
568016,0
568017,14
568018,0
568019,0
568020,0
568021,0
568022,0
568023,13
568024,0
568025,0
568026,0
568027,0
568028,0
568029,0
568030,0
568031,0
568032,13
568033,0
568034,17
568035,19
568036,0
568037,0
568038,0
568039,0
568040,0
568041,0
568042,23
568043,0
568044,0
568045,0
568046,0
568047,0
568048,12
568049,0
568050,0
568051,16
568052,0
568053,15
568054,19
568055,0
568056,0
568057,0
568058,0
568059,0
568060,0
568061,0
568062,0
568063,0
568064,0
568065,0
568066,0
568067,21
568068,0
568069,0
568070,17
568071,0
568072,0
568073,18
568074,14
568075,0
568076,17
568077,0
568078,0
568079,0
568080,0
568081,14
568082,0
568083,0
568084,0
568085,5
568086,15
568087,0
568088,16
568089,0
568090,0
568091,0
568092,0
568093,0
568094,18
568095,0
568096,0
568097,0
568098,0
568099,0
568100,19
568101,0
568102,15
568103,0
568104,0
568105,0
568106,0
568107,0
568108,18
568109,0
568110,13
568111,0
568112,0
568113,0
568114,0
568115,0
568116,0
568117,17
568118,0
568119,0
568120,13
568121,0
568122,0
568123,18
568124,0
568125,0
568126,0
568127,0
568128,0
568129,0
568130,0
568131,0
568132,0
568133,0
568134,0
568135,0
568136,0
568137,0
568138,13
568139,0
568140,0
568141,0
568142,0
568143,0
568144,0
568145,0
568146,0
568147,0
568148,0
568149,0
568150,0
568151,21
568152,0
568153,0
568154,0
568155,0
568156,21
568157,0
568158,12
568159,0
568160,0
568161,0
568162,0
568163,0
568164,0
568165,14
568166,0
568167,0
568168,0
568169,0
568170,0
568171,12
568172,0
568173,19
568174,0
568175,0
568176,0
568177,0
568178,0
568179,0
568180,0
568181,0
568182,19
568183,0
568184,17
568185,14
568186,0
568187,0
568188,0
568189,0
568190,0
568191,0
568192,0
568193,0
568194,0
568195,0
568196,0
568197,0
568198,25
568199,0
568200,0
568201,0
568202,0
568203,22
568204,13
568205,0
568206,13
568207,17
568208,0
568209,0
568210,0
568211,0
568212,20
568213,0
568214,0
568215,0
568216,0
568217,16
568218,0
568219,0
568220,0
568221,0
568222,15
568223,0
568224,0
568225,14
568226,0
568227,0
568228,0
568229,0
568230,0
568231,0
568232,0
568233,15
568234,0
568235,0
568236,0
568237,0
568238,0
568239,0
568240,0
568241,21
568242,0
568243,0
568244,0
568245,10
568246,0
568247,0
568248,0
568249,22
568250,0
568251,12
568252,0
568253,0
568254,0
568255,0
568256,0
568257,0
568258,23
568259,0
568260,12
568261,0
568262,0
568263,18
568264,0
568265,0
568266,0
568267,0
568268,0
568269,0
568270,16
568271,0
568272,0
568273,0
568274,0
568275,0
568276,0
568277,0
568278,0
568279,0
568280,0
568281,0
568282,0
568283,0
568284,0
568285,0
568286,0
568287,0
568288,0
568289,0
568290,0
568291,0
568292,23
568293,0
568294,0
568295,0
568296,0
568297,0
568298,0
568299,13
568300,0
568301,11
568302,0
568303,0
568304,16
568305,0
568306,0
568307,0
568308,0
568309,24
568310,0
568311,0
568312,0
568313,0
568314,0
568315,0
568316,0
568317,0
568318,21
568319,0
568320,0
568321,0
568322,0
568323,0
568324,0
568325,28
568326,0
568327,0
568328,0
568329,0
568330,0
568331,0
568332,0
568333,18
568334,0
568335,0
568336,0
568337,0
568338,0
568339,0
568340,0
568341,0
568342,0
568343,0
568344,0
568345,19
568346,0
568347,0
568348,0
568349,0
568350,0
568351,0
568352,0
568353,0
568354,0
568355,0
568356,13
568357,0
568358,0
568359,0
568360,15
568361,11
568362,0
568363,0
568364,0
568365,0
568366,0
568367,0
568368,0
568369,12
568370,0
568371,0
568372,0
568373,0
568374,0
568375,0
568376,0
568377,0
568378,0
568379,0
568380,0
568381,20
568382,0
568383,0
568384,0
568385,0
568386,0
568387,0
568388,0
568389,21
568390,0
568391,0
568392,0
568393,28
568394,16
568395,0
568396,15
568397,13
568398,0
568399,0
568400,0
568401,0
568402,17
568403,13
568404,8
568405,0
568406,0
568407,0
568408,0
568409,16
568410,19
568411,0
568412,0
568413,11
568414,17
568415,0
568416,0
568417,0
568418,0
568419,0
568420,15
568421,11
568422,0
568423,0
568424,0
568425,0
568426,0
568427,20
568428,0
568429,0
568430,0
568431,0
568432,24
568433,0
568434,0
568435,0
568436,19
568437,24
568438,0
568439,0
568440,0
568441,0
568442,0
568443,0
568444,0
568445,0
568446,0
568447,0
568448,0
568449,0
568450,0
568451,0
568452,0
568453,0
568454,0
568455,19
568456,11
568457,0
568458,0
568459,0
568460,15
568461,0
568462,0
568463,16
568464,14
568465,0
568466,0
568467,20
568468,18
568469,14
568470,0
568471,16
568472,0
568473,0
568474,0
568475,0
568476,0
568477,0
568478,21
568479,0
568480,0
568481,22
568482,0
568483,0
568484,26
568485,0
568486,0
568487,0
568488,21
568489,0
568490,0
568491,0
568492,0
568493,0
568494,0
568495,0
568496,11
568497,0
568498,0
568499,0
568500,0
568501,0
568502,0
568503,0
568504,17
568505,0
568506,0
568507,24
568508,0
568509,0
568510,0
568511,0
568512,0
568513,0
568514,0
568515,0
568516,11
568517,0
568518,0
568519,0
568520,18
568521,16
568522,11
568523,20
568524,0
568525,12
568526,18
568527,0
568528,0
568529,0
568530,22
568531,0
568532,11
568533,0
568534,0
568535,0
568536,0
568537,15
568538,0
568539,0
568540,9
568541,0
568542,0
568543,0
568544,0
568545,12
568546,0
568547,0
568548,0
568549,9
568550,0
568551,0
568552,0
568553,9
568554,0
568555,13
568556,0
568557,0
568558,25
568559,13
568560,0
568561,0
568562,0
568563,0
568564,10
568565,0
568566,0
568567,0
568568,0
568569,14
568570,14
568571,0
568572,0
568573,0
568574,15
568575,13
568576,0
568577,0
568578,0
568579,0
568580,0
568581,0
568582,0
568583,0
568584,0
568585,12
568586,0
568587,20
568588,0
568589,0
568590,0
568591,14
568592,0
568593,0
568594,14
568595,12
568596,0
568597,0
568598,0
568599,0
568600,0
568601,0
568602,0
568603,12
568604,19
568605,0
568606,8
568607,20
568608,0
568609,0
568610,0
568611,0
568612,14
568613,0
568614,0
568615,0
568616,0
568617,0
568618,0
568619,0
568620,0
568621,0
568622,0
568623,0
568624,0
568625,0
568626,0
568627,0
568628,0
568629,0
568630,20
568631,0
568632,0
568633,0
568634,15
568635,16
568636,10
568637,0
568638,0
568639,0
568640,10
568641,0
568642,0
568643,13
568644,0
568645,0
568646,0
568647,14
568648,0
568649,0
568650,24
568651,0
568652,12
568653,0
568654,8
568655,16
568656,0
568657,13
568658,0
568659,0
568660,0
568661,0
568662,0
568663,0
568664,14
568665,14
568666,0
568667,14
568668,22
568669,0
568670,0
568671,0
568672,0
568673,0
568674,0
568675,0
568676,0
568677,20
568678,0
568679,16
568680,0
568681,0
568682,0
568683,10
568684,0
568685,0
568686,16
568687,0
568688,0
568689,0
568690,0
568691,0
568692,0
568693,0
568694,15
568695,0
568696,0
568697,9
568698,0
568699,0
568700,0
568701,17
568702,0
568703,0
568704,0
568705,0
568706,0
568707,9
568708,16
568709,0
568710,13
568711,17
568712,0
568713,0
568714,13
568715,0
568716,0
568717,13
568718,0
568719,0
568720,0
568721,20
568722,0
568723,0
568724,17
568725,0
568726,0
568727,0
568728,0
568729,16
568730,0
568731,0
568732,0
568733,0
568734,0
568735,0
568736,0
568737,0
568738,11
568739,0
568740,11
568741,17
568742,0
568743,0
568744,8
568745,0
568746,0
568747,12
568748,0
568749,0
568750,0
568751,0
568752,0
568753,13
568754,8
568755,0
568756,0
568757,8
568758,0
568759,0
568760,0
568761,0
568762,0
568763,14
568764,0
568765,13
568766,0
568767,0
568768,14
568769,0
568770,0
568771,0
568772,0
568773,0
568774,0
568775,0
568776,0
568777,0
568778,0
568779,0
568780,0
568781,0
568782,0
568783,5
568784,13
568785,0
568786,0
568787,13
568788,0
568789,0
568790,0
568791,18
568792,16
568793,0
568794,0
568795,17
568796,0
568797,0
568798,11
568799,0
568800,0
568801,0
568802,9
568803,0
568804,9
568805,0
568806,16
568807,0
568808,6
568809,26
568810,10
568811,12
568812,0
568813,0
568814,6
568815,0
568816,0
568817,0
568818,0
568819,0
568820,0
568821,0
568822,15
568823,0
568824,8
568825,14
568826,0
568827,0
568828,0
568829,0
568830,18
568831,0
568832,0
568833,0
568834,9
568835,0
568836,0
568837,11
568838,18
568839,0
568840,0
568841,0
568842,0
568843,0
568844,0
568845,0
568846,0
568847,0
568848,0
568849,0
568850,0
568851,0
568852,0
568853,0
568854,0
568855,0
568856,0
568857,0
568858,0
568859,0
568860,0
568861,0
568862,0
568863,0
568864,0
568865,0
568866,21
568867,0
568868,0
568869,0
568870,0
568871,0
568872,22
568873,0
568874,27
568875,0
568876,16
568877,14
568878,0
568879,14
568880,0
568881,0
568882,22
568883,0
568884,0
568885,23
568886,26
568887,0
568888,0
568889,18
568890,0
568891,7
568892,0
568893,0
568894,0
568895,0
568896,10
568897,0
568898,0
568899,0
568900,14
568901,0
568902,0
568903,0
568904,0
568905,0
568906,0
568907,0
568908,0
568909,9
568910,0
568911,0
568912,0
568913,29
568914,0
568915,0
568916,0
568917,18
568918,0
568919,0
568920,0
568921,0
568922,22
568923,0
568924,16
568925,0
568926,0
568927,0
568928,16
568929,0
568930,0
568931,0
568932,0
568933,0
568934,0
568935,0
568936,17
568937,0
568938,0
568939,0
568940,0
568941,0
568942,0
568943,0
568944,0
568945,26
568946,0
568947,0
568948,0
568949,0
568950,0
568951,0
568952,49
568953,0
568954,0
568955,0
568956,19
568957,0
568958,0
568959,0
568960,0
568961,0
568962,0
568963,0
568964,0
568965,0
568966,0
568967,0
568968,40
568969,0
568970,0
568971,0
568972,0
568973,0
568974,0
568975,0
568976,0
568977,0
568978,0
568979,0
568980,0
568981,0
568982,0
568983,39
568984,0
568985,25
568986,13
568987,0
568988,64
568989,0
568990,0
568991,0
568992,0
568993,0
568994,0
568995,0
568996,24
568997,0
568998,0
568999,0
569000,0
569001,0
569002,0
569003,20
569004,0
569005,33
569006,38
569007,0
569008,0
569009,0
569010,0
569011,0
569012,0
569013,0
569014,0
569015,0
569016,0
569017,0
569018,0
569019,0
569020,0
569021,0
569022,8
569023,24
569024,0
569025,0
569026,0
569027,31
569028,0
569029,0
569030,0
569031,39
569032,0
569033,35
569034,0
569035,0
569036,0
569037,0
569038,0
569039,0
569040,58
569041,50
569042,42
569043,0
569044,0
569045,0
569046,57
569047,0
569048,0
569049,0
569050,0
569051,0
569052,0
569053,0
569054,65
569055,32
569056,0
569057,0
569058,9
569059,19
569060,59
569061,0
569062,91
569063,0
569064,0
569065,0
569066,22
569067,0
569068,23
569069,0
569070,0
569071,60
569072,0
569073,48
569074,31
569075,0
569076,0
569077,15
569078,0
569079,0
569080,0
569081,0
569082,59
569083,15
569084,0
569085,0
569086,0
569087,0
569088,31
569089,0
569090,0
569091,0
569092,0
569093,0
569094,0
569095,0
569096,0
569097,0
569098,19
569099,0
569100,0
569101,0
569102,0
569103,0
569104,0
569105,0
569106,0
569107,0
569108,0
569109,0
569110,0
569111,0
569112,0
569113,0
569114,39
569115,0
569116,33
569117,0
569118,0
569119,0
569120,0
569121,0
569122,0
569123,0
569124,0
569125,0
569126,0
569127,0
569128,0
569129,53
569130,0
569131,0
569132,0
569133,0
569134,0
569135,0
569136,0
569137,0
569138,49
569139,0
569140,21
569141,17
569142,0
569143,0
569144,0
569145,46
569146,0
569147,18
569148,82
569149,14
569150,0
569151,0
569152,0
569153,0
569154,0
569155,0
569156,31
569157,48
569158,0
569159,0
569160,0
569161,14
569162,0
569163,35
569164,49
569165,0
569166,52
569167,0
569168,0
569169,0
569170,0
569171,20
569172,0
569173,0
569174,0
569175,0
569176,0
569177,0
569178,0
569179,0
569180,0
569181,0
569182,0
569183,0
569184,0
569185,0
569186,0
569187,0
569188,0
569189,0
569190,62
569191,0
569192,0
569193,0
569194,0
569195,35
569196,0
569197,0
569198,0
569199,36
569200,46
569201,26
569202,0
569203,30
569204,0
569205,0
569206,26
569207,0
569208,4
569209,0
569210,18
569211,0
569212,0
569213,0
569214,0
569215,0
569216,0
569217,0
569218,0
569219,42
569220,0
569221,0
569222,32
569223,0
569224,25
569225,57
569226,0
569227,0
569228,33
569229,0
569230,35
569231,51
569232,0
569233,0
569234,0
569235,14
569236,0
569237,0
569238,0
569239,15
569240,0
569241,0
569242,0
569243,0
569244,70
569245,29
569246,0
569247,0
569248,0
569249,0
569250,0
569251,0
569252,0
569253,0
569254,0
569255,0
569256,0
569257,33
569258,0
569259,32
569260,0
569261,0
569262,0
569263,0
569264,0
569265,0
569266,0
569267,0
569268,0
569269,38
569270,0
569271,0
569272,0
569273,0
569274,0
569275,0
569276,0
569277,0
569278,32
569279,69
569280,0
569281,0
569282,0
569283,0
569284,0
569285,0
569286,0
569287,0
569288,0
569289,0
569290,0
569291,0
569292,0
569293,0
569294,45
569295,48
569296,0
569297,25
569298,0
569299,50
569300,0
569301,0
569302,0
569303,0
569304,5
569305,0
569306,27
569307,0
569308,16
569309,0
569310,0
569311,11
569312,50
569313,0
569314,0
569315,0
569316,0
569317,0
569318,0
569319,0
569320,0
569321,0
569322,0
569323,0
569324,0
569325,0
569326,0
569327,59
569328,0
569329,46
569330,0
569331,0
569332,0
569333,23
569334,0
569335,0
569336,0
569337,0
569338,0
569339,0
569340,0
569341,0
569342,13
569343,0
569344,0
569345,0
569346,0
569347,0
569348,36
569349,0
569350,28
569351,0
569352,0
569353,0
569354,0
569355,0
569356,32
569357,0
569358,0
569359,0
569360,60
569361,0
569362,0
569363,34
569364,0
569365,0
569366,48
569367,0
569368,0
569369,43
569370,46
569371,0
569372,40
569373,0
569374,0
569375,41
569376,0
569377,0
569378,0
569379,0
569380,0
569381,40
569382,0
569383,0
569384,0
569385,0
569386,0
569387,0
569388,0
569389,0
569390,0
569391,0
569392,0
569393,0
569394,0
569395,0
569396,0
569397,47
569398,0
569399,0
569400,43
569401,0
569402,27
569403,27
569404,22
569405,0
569406,0
569407,27
569408,0
569409,0
569410,28
569411,0
569412,23
569413,0
569414,0
569415,0
569416,0
569417,0
569418,30
569419,0
569420,0
569421,0
569422,0
569423,0
569424,20
569425,0
569426,0
569427,31
569428,0
569429,18
569430,21
569431,0
569432,28
569433,23
569434,0
569435,38
569436,0
569437,29
569438,27
569439,0
569440,0
569441,0
569442,0
569443,0
569444,0
569445,28
569446,0
569447,0
569448,0
569449,0
569450,0
569451,0
569452,0
569453,0
569454,14
569455,0
569456,40
569457,0
569458,0
569459,0
569460,0
569461,0
569462,24
569463,35
569464,0
569465,0
569466,30
569467,0
569468,0
569469,0
569470,0
569471,0
569472,0
569473,37
569474,0
569475,0
569476,28
569477,0
569478,0
569479,21
569480,0
569481,0
569482,0
569483,0
569484,0
569485,0
569486,0
569487,19
569488,0
569489,0
569490,23
569491,0
569492,21
569493,0
569494,17
569495,0
569496,0
569497,0
569498,35
569499,0
569500,0
569501,0
569502,0
569503,0
569504,0
569505,42
569506,0
569507,0
569508,34
569509,0
569510,34
569511,22
569512,30
569513,32
569514,26
569515,0
569516,0
569517,0
569518,0
569519,19
569520,0
569521,0
569522,16
569523,0
569524,0
569525,0
569526,0
569527,0
569528,24
569529,33
569530,19
569531,0
569532,21
569533,0
569534,0
569535,0
569536,0
569537,0
569538,0
569539,33
569540,25
569541,24
569542,0
569543,0
569544,0
569545,0
569546,0
569547,0
569548,0
569549,0
569550,0
569551,29
569552,0
569553,0
569554,0
569555,0
569556,0
569557,0
569558,0
569559,22
569560,0
569561,32
569562,0
569563,19
569564,0
569565,0
569566,0
569567,0
569568,0
569569,0
569570,0
569571,26
569572,0
569573,0
569574,28
569575,41
569576,0
569577,0
569578,0
569579,0
569580,0
569581,0
569582,0
569583,0
569584,0
569585,0
569586,0
569587,0
569588,0
569589,0
569590,25
569591,0
569592,0
569593,37
569594,0
569595,0
569596,0
569597,0
569598,0
569599,0
569600,0
569601,0
569602,0
569603,0
569604,0
569605,17
569606,0
569607,0
569608,35
569609,0
569610,0
569611,0
569612,42
569613,0
569614,25
569615,0
569616,0
569617,24
569618,0
569619,0
569620,31
569621,0
569622,0
569623,0
569624,18
569625,0
569626,0
569627,0
569628,0
569629,0
569630,38
569631,0
569632,0
569633,0
569634,32
569635,0
569636,0
569637,0
569638,0
569639,14
569640,0
569641,0
569642,0
569643,0
569644,0
569645,0
569646,0
569647,0
569648,0
569649,23
569650,0
569651,27
569652,0
569653,0
569654,0
569655,0
569656,0
569657,0
569658,0
569659,0
569660,0
569661,0
569662,0
569663,0
569664,30
569665,0
569666,24
569667,0
569668,0
569669,47
569670,0
569671,0
569672,0
569673,33
569674,0
569675,0
569676,0
569677,0
569678,0
569679,28
569680,0
569681,31
569682,0
569683,0
569684,0
569685,0
569686,0
569687,0
569688,0
569689,0
569690,0
569691,0
569692,0
569693,0
569694,0
569695,21
569696,0
569697,0
569698,0
569699,32
569700,0
569701,0
569702,0
569703,0
569704,0
569705,33
569706,0
569707,0
569708,0
569709,16
569710,0
569711,25
569712,0
569713,0
569714,43
569715,0
569716,0
569717,0
569718,0
569719,0
569720,31
569721,0
569722,22
569723,0
569724,23
569725,0
569726,0
569727,0
569728,0
569729,34
569730,0
569731,0
569732,0
569733,0
569734,0
569735,25
569736,0
569737,0
569738,0
569739,0
569740,30
569741,46
569742,0
569743,0
569744,0
569745,0
569746,0
569747,0
569748,0
569749,0
569750,0
569751,0
569752,0
569753,0
569754,0
569755,0
569756,0
569757,0
569758,0
569759,0
569760,0
569761,0
569762,0
569763,32
569764,0
569765,20
569766,0
569767,0
569768,0
569769,0
569770,0
569771,20
569772,26
569773,0
569774,0
569775,0
569776,0
569777,0
569778,42
569779,0
569780,0
569781,0
569782,0
569783,0
569784,0
569785,0
569786,0
569787,40
569788,0
569789,0
569790,0
569791,0
569792,0
569793,45
569794,18
569795,0
569796,0
569797,0
569798,0
569799,0
569800,0
569801,0
569802,0
569803,0
569804,26
569805,0
569806,0
569807,0
569808,36
569809,0
569810,0
569811,0
569812,0
569813,0
569814,0
569815,0
569816,0
569817,47
569818,0
569819,0
569820,0
569821,17
569822,0
569823,0
569824,0
569825,0
569826,0
569827,0
569828,0
569829,0
569830,34
569831,0
569832,20
569833,0
569834,0
569835,0
569836,0
569837,0
569838,0
569839,0
569840,0
569841,0
569842,0
569843,0
569844,0
569845,0
569846,0
569847,0
569848,0
569849,0
569850,0
569851,0
569852,0
569853,0
569854,0
569855,0
569856,0
569857,0
569858,0
569859,48
569860,0
569861,0
569862,26
569863,23
569864,32
569865,0
569866,23
569867,21
569868,0
569869,0
569870,0
569871,0
569872,28
569873,0
569874,35
569875,0
569876,0
569877,0
569878,40
569879,0
569880,0
569881,0
569882,0
569883,0
569884,27
569885,0
569886,0
569887,0
569888,0
569889,0
569890,0
569891,0
569892,0
569893,0
569894,0
569895,0
569896,0
569897,0
569898,0
569899,0
569900,0
569901,0
569902,0
569903,45
569904,0
569905,0
569906,0
569907,0
569908,0
569909,0
569910,0
569911,34
569912,39
569913,0
569914,0
569915,0
569916,0
569917,0
569918,0
569919,20
569920,0
569921,27
569922,12
569923,0
569924,0
569925,35
569926,0
569927,32
569928,0
569929,0
569930,0
569931,0
569932,0
569933,0
569934,0
569935,0
569936,23
569937,0
569938,0
569939,0
569940,0
569941,0
569942,0
569943,36
569944,0
569945,0
569946,0
569947,0
569948,0
569949,0
569950,0
569951,0
569952,28
569953,0
569954,0
569955,0
569956,0
569957,0
569958,0
569959,22
569960,0
569961,19
569962,0
569963,0
569964,0
569965,0
569966,36
569967,0
569968,0
569969,0
569970,0
569971,0
569972,0
569973,0
569974,37
569975,0
569976,0
569977,16
569978,23
569979,0
569980,0
569981,0
569982,0
569983,0
569984,0
569985,0
569986,0
569987,26
569988,0
569989,0
569990,0
569991,0
569992,0
569993,0
569994,0
569995,0
569996,0
569997,34
569998,0
569999,0
570000,0
570001,0
570002,0
570003,0
570004,0
570005,0
570006,0
570007,0
570008,0
570009,0
570010,19
570011,0
570012,0
570013,0
570014,0
570015,0
570016,0
570017,0
570018,36
570019,0
570020,0
570021,0
570022,33
570023,0
570024,0
570025,23
570026,0
570027,0
570028,0
570029,0
570030,0
570031,0
570032,0
570033,0
570034,0
570035,0
570036,0
570037,42
570038,0
570039,0
570040,0
570041,0
570042,37
570043,0
570044,25
570045,0
570046,0
570047,0
570048,0
570049,0
570050,0
570051,0
570052,0
570053,0
570054,0
570055,0
570056,0
570057,0
570058,0
570059,0
570060,0
570061,0
570062,0
570063,0
570064,0
570065,38
570066,0
570067,30
570068,0
570069,0
570070,25
570071,0
570072,0
570073,0
570074,0
570075,0
570076,0
570077,0
570078,0
570079,24
570080,34
570081,0
570082,23
570083,25
570084,0
570085,0
570086,0
570087,0
570088,0
570089,0
570090,0
570091,0
570092,0
570093,0
570094,0
570095,0
570096,0
570097,0
570098,0
570099,0
570100,0
570101,0
570102,0
570103,0
570104,0
570105,0
570106,0
570107,0
570108,0
570109,0
570110,0
570111,0
570112,0
570113,0
570114,0
570115,0
570116,25
570117,0
570118,0
570119,41
570120,34
570121,0
570122,0
570123,0
570124,0
570125,0
570126,31
570127,0
570128,0
570129,0
570130,0
570131,0
570132,0
570133,0
570134,33
570135,0
570136,0
570137,0
570138,0
570139,0
570140,0
570141,0
570142,0
570143,0
570144,0
570145,0
570146,0
570147,0
570148,0
570149,0
570150,0
570151,0
570152,0
570153,0
570154,0
570155,0
570156,0
570157,0
570158,46
570159,24
570160,35
570161,0
570162,0
570163,0
570164,0
570165,0
570166,0
570167,0
570168,0
570169,0
570170,40
570171,0
570172,0
570173,0
570174,0
570175,45
570176,0
570177,0
570178,0
570179,0
570180,0
570181,35
570182,0
570183,0
570184,0
570185,0
570186,0
570187,0
570188,0
570189,30
570190,0
570191,0
570192,0
570193,27
570194,0
570195,0
570196,0
570197,0
570198,0
570199,0
570200,31
570201,38
570202,0
570203,0
570204,0
570205,38
570206,25
570207,0
570208,0
570209,35
570210,0
570211,0
570212,0
570213,0
570214,0
570215,0
570216,24
570217,0
570218,0
570219,24
570220,43
570221,0
570222,0
570223,0
570224,24
570225,40
570226,16
570227,0
570228,28
570229,0
570230,0
570231,0
570232,0
570233,0
570234,0
570235,0
570236,0
570237,0
570238,0
570239,0
570240,41
570241,0
570242,0
570243,0
570244,0
570245,0
570246,0
570247,18
570248,0
570249,0
570250,41
570251,0
570252,0
570253,0
570254,0
570255,0
570256,18
570257,0
570258,0
570259,0
570260,0
570261,0
570262,0
570263,0
570264,0
570265,0
570266,0
570267,25
570268,0
570269,0
570270,0
570271,0
570272,0
570273,0
570274,0
570275,0
570276,48
570277,0
570278,0
570279,0
570280,0
570281,0
570282,0
570283,0
570284,0
570285,0
570286,0
570287,0
570288,0
570289,0
570290,0
570291,0
570292,0
570293,26
570294,0
570295,0
570296,0
570297,0
570298,49
570299,0
570300,0
570301,0
570302,0
570303,0
570304,0
570305,0
570306,0
570307,0
570308,0
570309,0
570310,0
570311,0
570312,0
570313,0
570314,0
570315,0
570316,0
570317,0
570318,0
570319,0
570320,0
570321,0
570322,0
570323,0
570324,33
570325,0
570326,0
570327,0
570328,37
570329,33
570330,24
570331,0
570332,29
570333,0
570334,37
570335,0
570336,0
570337,39
570338,0
570339,0
570340,0
570341,0
570342,0
570343,0
570344,0
570345,0
570346,0
570347,0
570348,0
570349,0
570350,0
570351,0
570352,0
570353,0
570354,0
570355,0
570356,0
570357,0
570358,29
570359,0
570360,0
570361,0
570362,0
570363,22
570364,0
570365,0
570366,0
570367,0
570368,0
570369,0
570370,0
570371,0
570372,0
570373,0
570374,0
570375,0
570376,0
570377,0
570378,40
570379,0
570380,51
570381,0
570382,0
570383,47
570384,0
570385,28
570386,0
570387,0
570388,0
570389,0
570390,0
570391,0
570392,0
570393,0
570394,0
570395,0
570396,18
570397,26
570398,0
570399,0
570400,0
570401,0
570402,0
570403,39
570404,0
570405,30
570406,37
570407,0
570408,0
570409,0
570410,0
570411,0
570412,0
570413,0
570414,0
570415,0
570416,0
570417,0
570418,0
570419,0
570420,0
570421,0
570422,0
570423,0
570424,0
570425,0
570426,0
570427,0
570428,0
570429,0
570430,0
570431,0
570432,27
570433,0
570434,38
570435,0
570436,0
570437,0
570438,0
570439,0
570440,0
570441,0
570442,40
570443,0
570444,0
570445,0
570446,0
570447,0
570448,24
570449,27
570450,0
570451,0
570452,0
570453,28
570454,0
570455,0
570456,0
570457,0
570458,0
570459,39
570460,0
570461,0
570462,0
570463,41
570464,0
570465,0
570466,0
570467,0
570468,0
570469,0
570470,0
570471,0
570472,0
570473,0
570474,0
570475,0
570476,0
570477,0
570478,0
570479,0
570480,0
570481,24
570482,0
570483,0
570484,0
570485,0
570486,0
570487,0
570488,0
570489,0
570490,0
570491,0
570492,0
570493,0
570494,0
570495,29
570496,0
570497,0
570498,0
570499,0
570500,0
570501,0
570502,0
570503,0
570504,0
570505,0
570506,0
570507,0
570508,0
570509,0
570510,0
570511,0
570512,21
570513,23
570514,0
570515,23
570516,0
570517,0
570518,0
570519,0
570520,23
570521,0
570522,0
570523,0
570524,0
570525,0
570526,0
570527,0
570528,36
570529,0
570530,0
570531,0
570532,0
570533,0
570534,0
570535,33
570536,0
570537,0
570538,0
570539,0
570540,0
570541,0
570542,0
570543,0
570544,0
570545,0
570546,0
570547,0
570548,0
570549,0
570550,0
570551,0
570552,0
570553,0
570554,0
570555,0
570556,0
570557,0
570558,0
570559,0
570560,42
570561,0
570562,0
570563,23
570564,0
570565,0
570566,0
570567,0
570568,0
570569,0
570570,0
570571,0
570572,0
570573,0
570574,0
570575,0
570576,0
570577,0
570578,0
570579,0
570580,0
570581,0
570582,37
570583,0
570584,0
570585,0
570586,0
570587,0
570588,0
570589,0
570590,0
570591,0
570592,0
570593,0
570594,0
570595,0
570596,0
570597,0
570598,0
570599,0
570600,0
570601,0
570602,0
570603,0
570604,0
570605,0
570606,0
570607,0
570608,0
570609,0
570610,0
570611,0
570612,0
570613,0
570614,0
570615,0
570616,0
570617,0
570618,0
570619,0
570620,0
570621,0
570622,0
570623,0
570624,0
570625,0
570626,0
570627,0
570628,0
570629,0
570630,0
570631,0
570632,0
570633,0
570634,0
570635,0
570636,0
570637,0
570638,0
570639,0
570640,0
570641,0
570642,0
570643,0
570644,0
570645,0
570646,0
570647,0
570648,0
570649,0
570650,0
570651,0
570652,0
570653,39
570654,0
570655,0
570656,0
570657,0
570658,0
570659,0
570660,0
570661,0
570662,0
570663,0
570664,0
570665,0
570666,0
570667,0
570668,0
570669,0
570670,0
570671,0
570672,0
570673,0
570674,0
570675,0
570676,0
570677,0
570678,0
570679,0
570680,0
570681,0
570682,0
570683,0
570684,0
570685,0
570686,0
570687,0
570688,0
570689,0
570690,0
570691,0
570692,0
570693,0
570694,0
570695,0
570696,0
570697,0
570698,0
570699,0
570700,35
570701,0
570702,27
570703,0
570704,0
570705,0
570706,0
570707,0
570708,0
570709,0
570710,27
570711,0
570712,0
570713,0
570714,0
570715,0
570716,0
570717,0
570718,0
570719,0
570720,0
570721,0
570722,0
570723,0
570724,33
570725,0
570726,0
570727,0
570728,0
570729,0
570730,35
570731,0
570732,0
570733,0
570734,0
570735,0
570736,0
570737,0
570738,0
570739,0
570740,0
570741,0
570742,0
570743,36
570744,34
570745,0
570746,0
570747,0
570748,0
570749,0
570750,0
570751,0
570752,0
570753,0
570754,0
570755,0
570756,0
570757,0
570758,0
570759,0
570760,0
570761,0
570762,0
570763,0
570764,0
570765,0
570766,0
570767,0
570768,0
570769,0
570770,0
570771,0
570772,0
570773,0
570774,0
570775,0
570776,0
570777,0
570778,0
570779,0
570780,0
570781,0
570782,0
570783,0
570784,0
570785,0
570786,0
570787,0
570788,0
570789,0
570790,0
570791,0
570792,0
570793,0
570794,0
570795,0
570796,0
570797,0
570798,0
570799,37
570800,0
570801,0
570802,0
570803,0
570804,0
570805,0
570806,0
570807,0
570808,0
570809,0
570810,15
570811,0
570812,0
570813,0
570814,0
570815,0
570816,0
570817,0
570818,0
570819,0
570820,0
570821,0
570822,0
570823,0
570824,36
570825,0
570826,0
570827,0
570828,0
570829,0
570830,0
570831,0
570832,0
570833,0
570834,0
570835,0
570836,0
570837,0
570838,0
570839,0
570840,0
570841,0
570842,0
570843,0
570844,0
570845,0
570846,0
570847,0
570848,0
570849,0
570850,0
570851,0
570852,23
570853,0
570854,0
570855,0
570856,0
570857,0
570858,0
570859,0
570860,0
570861,0
570862,0
570863,0
570864,0
570865,0
570866,0
570867,0
570868,0
570869,0
570870,0
570871,28
570872,0
570873,0
570874,0
570875,0
570876,0
570877,0
570878,0
570879,43
570880,32
570881,0
570882,0
570883,0
570884,0
570885,0
570886,0
570887,0
570888,0
570889,0
570890,0
570891,0
570892,0
570893,42
570894,0
570895,0
570896,0
570897,0
570898,0
570899,0
570900,0
570901,0
570902,0
570903,0
570904,0
570905,0
570906,0
570907,32
570908,0
570909,0
570910,0
570911,0
570912,0
570913,0
570914,0
570915,0
570916,0
570917,0
570918,0
570919,0
570920,0
570921,0
570922,0
570923,0
570924,0
570925,0
570926,0
570927,0
570928,0
570929,0
570930,0
570931,0
570932,0
570933,0
570934,0
570935,0
570936,0
570937,0
570938,0
570939,0
570940,0
570941,0
570942,0
570943,0
570944,0
570945,0
570946,0
570947,0
570948,42
570949,27
570950,0
570951,0
570952,0
570953,0
570954,0
570955,0
570956,0
570957,0
570958,0
570959,27
570960,0
570961,0
570962,0
570963,28
570964,0
570965,0
570966,0
570967,0
570968,0
570969,0
570970,0
570971,0
570972,0
570973,0
570974,0
570975,0
570976,0
570977,0
570978,0
570979,0
570980,0
570981,0
570982,0
570983,0
570984,0
570985,28
570986,0
570987,0
570988,0
570989,0
570990,0
570991,0
570992,30
570993,0
570994,0
570995,0
570996,0
570997,0
570998,0
570999,0
571000,0
571001,0
571002,0
571003,0
571004,0
571005,0
571006,0
571007,45
571008,0
571009,0
571010,0
571011,0
571012,0
571013,0
571014,0
571015,19
571016,0
571017,0
571018,0
571019,0
571020,0
571021,0
571022,28
571023,0
571024,0
571025,0
571026,0
571027,0
571028,0
571029,0
571030,0
571031,0
571032,21
571033,36
571034,0
571035,0
571036,0
571037,0
571038,0
571039,0
571040,0
571041,0
571042,0
571043,0
571044,0
571045,0
571046,0
571047,0
571048,0
571049,0
571050,0
571051,0
571052,0
571053,0
571054,0
571055,0
571056,0
571057,0
571058,0
571059,21
571060,31
571061,0
571062,0
571063,0
571064,0
571065,0
571066,0
571067,0
571068,0
571069,0
571070,0
571071,0
571072,23
571073,33
571074,0
571075,13
571076,0
571077,0
571078,33
571079,0
571080,0
571081,31
571082,24
571083,21
571084,0
571085,34
571086,0
571087,39
571088,0
571089,0
571090,0
571091,0
571092,0
571093,0
571094,0
571095,0
571096,35
571097,37
571098,29
571099,0
571100,0
571101,0
571102,0
571103,0
571104,0
571105,0
571106,0
571107,17
571108,22
571109,0
571110,0
571111,0
571112,0
571113,42
571114,0
571115,0
571116,0
571117,0
571118,34
571119,0
571120,0
571121,0
571122,0
571123,0
571124,42
571125,0
571126,0
571127,21
571128,0
571129,0
571130,0
571131,24
571132,0
571133,0
571134,0
571135,0
571136,0
571137,0
571138,0
571139,0
571140,0
571141,29
571142,0
571143,0
571144,0
571145,0
571146,40
571147,23
571148,0
571149,0
571150,0
571151,0
571152,0
571153,0
571154,0
571155,0
571156,0
571157,0
571158,0
571159,0
571160,0
571161,0
571162,29
571163,0
571164,31
571165,0
571166,0
571167,0
571168,0
571169,0
571170,26
571171,0
571172,0
571173,0
571174,0
571175,0
571176,0
571177,0
571178,0
571179,0
571180,0
571181,0
571182,16
571183,0
571184,0
571185,0
571186,0
571187,0
571188,0
571189,3
571190,0
571191,0
571192,0
571193,0
571194,0
571195,0
571196,0
571197,0
571198,0
571199,4
571200,0
571201,0
571202,0
571203,0
571204,5
571205,0
571206,0
571207,0
571208,0
571209,0
571210,0
571211,0
571212,0
571213,0
571214,2
571215,0
571216,0
571217,0
571218,5
571219,0
571220,0
571221,0
571222,0
571223,0
571224,0
571225,0
571226,0
571227,0
571228,0
571229,0
571230,0
571231,0
571232,0
571233,0
571234,0
571235,0
571236,0
571237,0
571238,8
571239,0
571240,0
571241,0
571242,0
571243,0
571244,0
571245,9
571246,9
571247,0
571248,0
571249,0
571250,12
571251,8
571252,0
571253,0
571254,0
571255,0
571256,0
571257,8
571258,0
571259,0
571260,0
571261,4
571262,0
571263,0
571264,0
571265,0
571266,0
571267,0
571268,8
571269,0
571270,0
571271,10
571272,0
571273,6
571274,8
571275,8
571276,0
571277,0
571278,0
571279,7
571280,0
571281,0
571282,8
571283,0
571284,0
571285,0
571286,0
571287,0
571288,0
571289,0
571290,0
571291,0
571292,0
571293,0
571294,0
571295,7
571296,0
571297,0
571298,0
571299,0
571300,2
571301,0
571302,7
571303,0
571304,0
571305,0
571306,9
571307,0
571308,0
571309,5
571310,3
571311,8
571312,10
571313,0
571314,8
571315,0
571316,0
571317,0
571318,0
571319,7
571320,0
571321,0
571322,0
571323,0
571324,0
571325,0
571326,0
571327,0
571328,0
571329,0
571330,0
571331,0
571332,0
571333,0
571334,0
571335,0
571336,7
571337,0
571338,0
571339,0
571340,8
571341,0
571342,0
571343,9
571344,0
571345,3
571346,0
571347,9
571348,0
571349,9
571350,0
571351,0
571352,0
571353,0
571354,0
571355,0
571356,0
571357,0
571358,0
571359,0
571360,10
571361,0
571362,0
571363,0
571364,0
571365,0
571366,0
571367,4
571368,0
571369,0
571370,0
571371,4
571372,0
571373,0
571374,0
571375,0
571376,0
571377,0
571378,0
571379,0
571380,0
571381,0
571382,0
571383,0
571384,0
571385,0
571386,0
571387,8
571388,0
571389,0
571390,0
571391,0
571392,0
571393,0
571394,0
571395,0
571396,10
571397,3
571398,0
571399,0
571400,0
571401,0
571402,0
571403,5
571404,0
571405,0
571406,0
571407,0
571408,0
571409,0
571410,3
571411,0
571412,0
571413,0
571414,13
571415,0
571416,0
571417,7
571418,0
571419,0
571420,0
571421,0
571422,7
571423,6
571424,0
571425,0
571426,9
571427,0
571428,0
571429,0
571430,0
571431,0
571432,0
571433,0
571434,0
571435,0
571436,0
571437,10
571438,0
571439,0
571440,0
571441,0
571442,0
571443,7
571444,0
571445,0
571446,0
571447,0
571448,0
571449,0
571450,0
571451,0
571452,0
571453,0
571454,0
571455,7
571456,0
571457,0
571458,0
571459,6
571460,0
571461,0
571462,0
571463,0
571464,0
571465,0
571466,0
571467,0
571468,0
571469,0
571470,0
571471,0
571472,0
571473,0
571474,0
571475,0
571476,0
571477,0
571478,0
571479,10
571480,0
571481,0
571482,0
571483,8
571484,0
571485,0
571486,12
571487,11
571488,0
571489,0
571490,0
571491,0
571492,0
571493,0
571494,0
571495,0
571496,0
571497,0
571498,0
571499,0
571500,12
571501,0
571502,0
571503,0
571504,0
571505,0
571506,0
571507,0
571508,11
571509,0
571510,0
571511,0
571512,0
571513,0
571514,0
571515,0
571516,0
571517,0
571518,0
571519,0
571520,0
571521,0
571522,0
571523,0
571524,0
571525,0
571526,0
571527,0
571528,0
571529,0
571530,0
571531,0
571532,0
571533,0
571534,0
571535,0
571536,0
571537,0
571538,0
571539,0
571540,0
571541,0
571542,0
571543,0
571544,0
571545,0
571546,0
571547,0
571548,0
571549,0
571550,0
571551,0
571552,0
571553,0
571554,0
571555,0
571556,0
571557,0
571558,0
571559,0
571560,0
571561,0
571562,0
571563,0
571564,0
571565,0
571566,0
571567,0
571568,0
571569,0
571570,0
571571,0
571572,0
571573,0
571574,0
571575,1
571576,0
571577,0
571578,0
571579,0
571580,0
571581,0
571582,0
571583,0
571584,0
571585,0
571586,0
571587,0
571588,0
571589,0
571590,0
571591,0
571592,0
571593,0
571594,0
571595,0
571596,0
571597,0
571598,0
571599,0
571600,0
571601,0
571602,0
571603,0
571604,0
571605,0
571606,0
571607,0
571608,0
571609,0
571610,0
571611,0
571612,0
571613,0
571614,0
571615,0
571616,0
571617,0
571618,0
571619,0
571620,0
571621,0
571622,0
571623,0
571624,0
571625,0
571626,0
571627,0
571628,0
571629,0
571630,0
571631,0
571632,0
571633,0
571634,0
571635,0
571636,0
571637,0
571638,0
571639,0
571640,0
571641,0
571642,0
571643,0
571644,0
571645,0
571646,0
571647,0
571648,0
571649,0
571650,0
571651,0
571652,0
571653,0
571654,0
571655,0
571656,0
571657,0
571658,0
571659,0
571660,0
571661,0
571662,0
571663,0
571664,0
571665,0
571666,0
571667,0
571668,0
571669,0
571670,0
571671,0
571672,0
571673,0
571674,0
571675,0
571676,0
571677,0
571678,0
571679,0
571680,0
571681,0
571682,0
571683,0
571684,0
571685,0
571686,0
571687,0
571688,0
571689,0
571690,0
571691,0
571692,0
571693,0
571694,0
571695,0
571696,0
571697,0
571698,0
571699,0
571700,0
571701,0
571702,0
571703,0
571704,0
571705,0
571706,0
571707,0
571708,0
571709,0
571710,0
571711,0
571712,0
571713,0
571714,0
571715,0
571716,0
571717,0
571718,0
571719,0
571720,0
571721,0
571722,0
571723,0
571724,0
571725,0
571726,0
571727,0
571728,0
571729,0
571730,0
571731,0
571732,0
571733,0
571734,0
571735,0
571736,0
571737,0
571738,0
571739,0
571740,0
571741,0
571742,0
571743,0
571744,0
571745,0
571746,0
571747,0
571748,0
571749,0
571750,0
571751,0
571752,0
571753,0
571754,0
571755,0
571756,0
571757,0
571758,0
571759,0
571760,0
571761,0
571762,0
571763,0
571764,0
571765,0
571766,0
571767,0
571768,0
571769,0
571770,0
571771,0
571772,0
571773,0
571774,0
571775,0
571776,0
571777,0
571778,0
571779,0
571780,0
571781,0
571782,0
571783,0
571784,0
571785,0
571786,0
571787,0
571788,0
571789,0
571790,0
571791,0
571792,0
571793,0
571794,0
571795,0
571796,0
571797,0
571798,0
571799,0
571800,0
571801,0
571802,0
571803,0
571804,0
571805,0
571806,0
571807,0
571808,0
571809,0
571810,0
571811,0
571812,0
571813,0
571814,0
571815,0
571816,0
571817,0
571818,0
571819,0
571820,0
571821,0
571822,0
571823,0
571824,0
571825,0
571826,0
571827,0
571828,0
571829,0
571830,0
571831,0
571832,0
571833,0
571834,0
571835,0
571836,0
571837,0
571838,0
571839,0
571840,0
571841,0
571842,0
571843,0
571844,0
571845,0
571846,0
571847,0
571848,0
571849,0
571850,0
571851,0
571852,0
571853,0
571854,0
571855,0
571856,0
571857,0
571858,0
571859,0
571860,0
571861,0
571862,0
571863,0
571864,0
571865,0
571866,0
571867,0
571868,0
571869,0
571870,0
571871,0
571872,0
571873,0
571874,0
571875,0
571876,0
571877,0
571878,0
571879,0
571880,0
571881,0
571882,0
571883,0
571884,0
571885,0
571886,0
571887,0
571888,0
571889,0
571890,0
571891,0
571892,0
571893,0
571894,0
571895,0
571896,0
571897,0
571898,0
571899,0
571900,0
571901,0
571902,0
571903,0
571904,0
571905,0
571906,0
571907,0
571908,0
571909,0
571910,0
571911,0
571912,0
571913,0
571914,0
571915,0
571916,0
571917,0
571918,0
571919,0
571920,0
571921,0
571922,0
571923,0
571924,0
571925,0
571926,0
571927,0
571928,0
571929,0
571930,0
571931,0
571932,0
571933,0
571934,0
571935,0
571936,0
571937,0
571938,0
571939,0
571940,0
571941,0
571942,0
571943,0
571944,0
571945,0
571946,0
571947,0
571948,0
571949,0
571950,0
571951,0
571952,0
571953,0
571954,0
571955,0
571956,0
571957,0
571958,0
571959,0
571960,0
571961,0
571962,0
571963,0
571964,0
571965,0
571966,0
571967,0
571968,0
571969,0
571970,0
571971,0
571972,0
571973,0
571974,0
571975,0
571976,0
571977,0
571978,0
571979,0
571980,0
571981,0
571982,0
571983,0
571984,0
571985,0
571986,0
571987,0
571988,0
571989,0
571990,0
571991,0
571992,0
571993,0
571994,0
571995,0
571996,0
571997,0
571998,0
571999,0
572000,0
572001,0
572002,0
572003,0
572004,0
572005,0
572006,0
572007,0
572008,0
572009,0
572010,1
572011,0
572012,0
572013,0
572014,0
572015,0
572016,0
572017,0
572018,0
572019,0
572020,0
572021,0
572022,0
572023,0
572024,0
572025,0
572026,0
572027,0
572028,0
572029,0
572030,0
572031,0
572032,0
572033,0
572034,0
572035,0
572036,0
572037,0
572038,0
572039,0
572040,0
572041,0
572042,0
572043,0
572044,0
572045,0
572046,0
572047,0
572048,0
572049,0
572050,0
572051,0
572052,0
572053,0
572054,0
572055,0
572056,0
572057,0
572058,0
572059,0
572060,0
572061,0
572062,0
572063,0
572064,0
572065,0
572066,0
572067,0
572068,0
572069,0
572070,0
572071,0
572072,0
572073,1
572074,0
572075,0
572076,0
572077,0
572078,0
572079,0
572080,0
572081,0
572082,0
572083,0
572084,0
572085,0
572086,0
572087,0
572088,0
572089,0
572090,0
572091,0
572092,0
572093,0
572094,0
572095,0
572096,0
572097,0
572098,0
572099,0
572100,0
572101,0
572102,0
572103,0
572104,0
572105,0
572106,0
572107,0
572108,0
572109,0
572110,0
572111,0
572112,0
572113,0
572114,0
572115,0
572116,0
572117,0
572118,0
572119,0
572120,0
572121,0
572122,0
572123,0
572124,0
572125,0
572126,0
572127,0
572128,0
572129,0
572130,0
572131,0
572132,0
572133,0
572134,0
572135,0
572136,0
572137,0
572138,0
572139,0
572140,0
572141,0
572142,0
572143,0
572144,0
572145,0
572146,0
572147,0
572148,0
572149,0
572150,0
572151,0
572152,0
572153,0
572154,0
572155,0
572156,0
572157,0
572158,0
572159,0
572160,0
572161,0
572162,0
572163,0
572164,0
572165,0
572166,0
572167,0
572168,0
572169,0
572170,0
572171,0
572172,1
572173,0
572174,0
572175,0
572176,0
572177,0
572178,0
572179,0
572180,0
572181,0
572182,0
572183,0
572184,0
572185,0
572186,0
572187,0
572188,0
572189,0
572190,0
572191,0
572192,0
572193,0
572194,0
572195,0
572196,0
572197,0
572198,0
572199,0
572200,0
572201,0
572202,0
572203,0
572204,0
572205,0
572206,0
572207,0
572208,0
572209,0
572210,0
572211,0
572212,0
572213,0
572214,0
572215,0
572216,0
572217,0
572218,0
572219,0
572220,0
572221,0
572222,0
572223,0
572224,0
572225,0
572226,0
572227,0
572228,0
572229,0
572230,0
572231,0
572232,0
572233,0
572234,0
572235,0
572236,0
572237,0
572238,0
572239,0
572240,0
572241,0
572242,0
572243,0
572244,0
572245,0
572246,0
572247,0
572248,0
572249,0
572250,0
572251,0
572252,0
572253,0
572254,0
572255,0
572256,0
572257,0
572258,0
572259,0
572260,0
572261,0
572262,0
572263,0
572264,0
572265,0
572266,0
572267,0
572268,0
572269,0
572270,0
572271,0
572272,0
572273,0
572274,0
572275,0
572276,0
572277,0
572278,0
572279,0
572280,0
572281,0
572282,0
572283,0
572284,0
572285,0
572286,0
572287,0
572288,0
572289,0
572290,0
572291,0
572292,0
572293,0
572294,0
572295,0
572296,0
572297,0
572298,0
572299,0
572300,0
572301,0
572302,0
572303,0
572304,0
572305,0
572306,0
572307,0
572308,0
572309,0
572310,0
572311,0
572312,0
572313,0
572314,0
572315,0
572316,0
572317,0
572318,0
572319,0
572320,0
572321,0
572322,0
572323,0
572324,0
572325,0
572326,0
572327,0
572328,0
572329,0
572330,0
572331,0
572332,0
572333,0
572334,0
572335,0
572336,0
572337,7
572338,0
572339,0
572340,0
572341,0
572342,0
572343,0
572344,0
572345,10
572346,0
572347,0
572348,0
572349,0
572350,0
572351,0
572352,0
572353,0
572354,0
572355,0
572356,0
572357,8
572358,0
572359,0
572360,0
572361,0
572362,6
572363,0
572364,0
572365,0
572366,12
572367,0
572368,12
572369,0
572370,0
572371,0
572372,0
572373,0
572374,0
572375,0
572376,0
572377,0
572378,7
572379,0
572380,0
572381,0
572382,0
572383,0
572384,0
572385,0
572386,0
572387,0
572388,0
572389,4
572390,0
572391,0
572392,0
572393,0
572394,0
572395,0
572396,7
572397,0
572398,0
572399,10
572400,0
572401,0
572402,0
572403,0
572404,0
572405,8
572406,9
572407,0
572408,0
572409,0
572410,0
572411,0
572412,0
572413,0
572414,0
572415,0
572416,15
572417,0
572418,0
572419,0
572420,0
572421,13
572422,0
572423,8
572424,0
572425,0
572426,0
572427,0
572428,0
572429,4
572430,8
572431,0
572432,0
572433,0
572434,0
572435,0
572436,0
572437,0
572438,0
572439,0
572440,0
572441,0
572442,0
572443,0
572444,0
572445,8
572446,0
572447,0
572448,0
572449,0
572450,8
572451,0
572452,0
572453,0
572454,0
572455,8
572456,0
572457,0
572458,0
572459,0
572460,6
572461,0
572462,0
572463,0
572464,0
572465,0
572466,0
572467,0
572468,0
572469,0
572470,0
572471,0
572472,8
572473,0
572474,0
572475,0
572476,0
572477,0
572478,0
572479,0
572480,0
572481,8
572482,0
572483,0
572484,0
572485,0
572486,0
572487,0
572488,0
572489,0
572490,0
572491,0
572492,0
572493,0
572494,0
572495,0
572496,0
572497,0
572498,16
572499,0
572500,0
572501,0
572502,0
572503,0
572504,0
572505,0
572506,12
572507,0
572508,0
572509,0
572510,0
572511,0
572512,0
572513,0
572514,0
572515,0
572516,0
572517,0
572518,0
572519,4
572520,0
572521,11
572522,0
572523,0
572524,0
572525,11
572526,0
572527,0
572528,0
572529,0
572530,0
572531,0
572532,0
572533,13
572534,0
572535,0
572536,0
572537,0
572538,0
572539,0
572540,0
572541,0
572542,9
572543,4
572544,0
572545,10
572546,0
572547,0
572548,0
572549,4
572550,0
572551,0
572552,0
572553,8
572554,0
572555,0
572556,0
572557,0
572558,0
572559,0
572560,0
572561,0
572562,0
572563,0
572564,0
572565,0
572566,0
572567,0
572568,0
572569,0
572570,10
572571,11
572572,0
572573,0
572574,0
572575,0
572576,6
572577,0
572578,0
572579,0
572580,0
572581,0
572582,0
572583,0
572584,0
572585,0
572586,0
572587,0
572588,0
572589,0
572590,0
572591,0
572592,0
572593,0
572594,0
572595,17
572596,0
572597,0
572598,0
572599,0
572600,0
572601,0
572602,0
572603,0
572604,0
572605,0
572606,0
572607,0
572608,0
572609,0
572610,0
572611,0
572612,0
572613,0
572614,0
572615,0
572616,0
572617,0
572618,8
572619,0
572620,0
572621,11
572622,0
572623,0
572624,0
572625,0
572626,0
572627,0
572628,0
572629,0
572630,0
572631,0
572632,0
572633,0
572634,6
572635,0
572636,0
572637,0
572638,0
572639,0
572640,0
572641,0
572642,0
572643,0
572644,0
572645,0
572646,0
572647,0
572648,0
572649,0
572650,0
572651,0
572652,0
572653,0
572654,0
572655,0
572656,18
572657,0
572658,12
572659,0
572660,0
572661,0
572662,0
572663,0
572664,9
572665,0
572666,0
572667,0
572668,5
572669,0
572670,9
572671,0
572672,0
572673,0
572674,0
572675,0
572676,0
572677,0
572678,0
572679,0
572680,0
572681,10
572682,8
572683,0
572684,9
572685,0
572686,9
572687,0
572688,0
572689,8
572690,0
572691,8
572692,0
572693,0
572694,0
572695,0
572696,0
572697,0
572698,0
572699,13
572700,0
572701,0
572702,0
572703,17
572704,0
572705,0
572706,11
572707,9
572708,5
572709,0
572710,0
572711,0
572712,0
572713,0
572714,0
572715,0
572716,0
572717,0
572718,3
572719,0
572720,0
572721,0
572722,0
572723,5
572724,0
572725,0
572726,4
572727,0
572728,0
572729,0
572730,0
572731,10
572732,0
572733,0
572734,0
572735,0
572736,16
572737,0
572738,0
572739,6
572740,0
572741,0
572742,0
572743,0
572744,0
572745,0
572746,9
572747,0
572748,0
572749,0
572750,0
572751,0
572752,0
572753,0
572754,0
572755,0
572756,0
572757,0
572758,0
572759,0
572760,0
572761,9
572762,0
572763,0
572764,0
572765,9
572766,12
572767,0
572768,0
572769,0
572770,0
572771,0
572772,11
572773,0
572774,0
572775,0
572776,0
572777,0
572778,0
572779,0
572780,0
572781,0
572782,0
572783,0
572784,0
572785,0
572786,0
572787,3
572788,0
572789,0
572790,0
572791,0
572792,0
572793,0
572794,0
572795,0
572796,0
572797,0
572798,0
572799,0
572800,0
572801,0
572802,0
572803,7
572804,0
572805,0
572806,0
572807,0
572808,0
572809,7
572810,0
572811,9
572812,0
572813,0
572814,8
572815,0
572816,7
572817,0
572818,0
572819,11
572820,6
572821,6
572822,0
572823,11
572824,0
572825,0
572826,0
572827,0
572828,0
572829,0
572830,0
572831,0
572832,0
572833,0
572834,0
572835,0
572836,0
572837,8
572838,5
572839,0
572840,0
572841,6
572842,0
572843,0
572844,0
572845,0
572846,0
572847,5
572848,0
572849,9
572850,0
572851,0
572852,0
572853,0
572854,0
572855,0
572856,0
572857,5
572858,0
572859,16
572860,0
572861,0
572862,6
572863,0
572864,0
572865,0
572866,0
572867,0
572868,9
572869,0
572870,0
572871,0
572872,11
572873,0
572874,0
572875,9
572876,0
572877,0
572878,0
572879,0
572880,0
572881,0
572882,0
572883,0
572884,7
572885,0
572886,0
572887,0
572888,0
572889,0
572890,0
572891,0
572892,0
572893,0
572894,0
572895,12
572896,0
572897,0
572898,0
572899,0
572900,8
572901,0
572902,6
572903,0
572904,13
572905,0
572906,0
572907,0
572908,0
572909,0
572910,0
572911,0
572912,0
572913,0
572914,0
572915,0
572916,0
572917,5
572918,12
572919,0
572920,0
572921,8
572922,0
572923,0
572924,0
572925,0
572926,0
572927,0
572928,0
572929,0
572930,0
572931,4
572932,0
572933,0
572934,0
572935,0
572936,8
572937,0
572938,0
572939,0
572940,0
572941,9
572942,0
572943,0
572944,0
572945,0
572946,0
572947,0
572948,0
572949,0
572950,0
572951,14
572952,0
572953,17
572954,0
572955,0
572956,0
572957,0
572958,0
572959,0
572960,0
572961,0
572962,0
572963,0
572964,0
572965,0
572966,0
572967,0
572968,0
572969,0
572970,0
572971,0
572972,0
572973,0
572974,0
572975,0
572976,0
572977,10
572978,0
572979,0
572980,0
572981,0
572982,0
572983,0
572984,0
572985,0
572986,0
572987,0
572988,0
572989,0
572990,0
572991,0
572992,0
572993,7
572994,0
572995,7
572996,0
572997,0
572998,10
572999,11
573000,0
573001,0
573002,0
573003,0
573004,0
573005,0
573006,9
573007,0
573008,0
573009,0
573010,0
573011,0
573012,0
573013,0
573014,0
573015,12
573016,0
573017,0
573018,0
573019,0
573020,0
573021,0
573022,13
573023,0
573024,0
573025,0
573026,7
573027,16
573028,0
573029,0
573030,0
573031,0
573032,0
573033,5
573034,0
573035,0
573036,0
573037,0
573038,8
573039,0
573040,0
573041,0
573042,0
573043,0
573044,0
573045,0
573046,0
573047,5
573048,0
573049,0
573050,0
573051,12
573052,0
573053,7
573054,8
573055,0
573056,0
573057,0
573058,0
573059,0
573060,0
573061,0
573062,0
573063,0
573064,0
573065,6
573066,0
573067,7
573068,5
573069,0
573070,0
573071,0
573072,0
573073,0
573074,5
573075,0
573076,0
573077,0
573078,0
573079,0
573080,0
573081,0
573082,0
573083,5
573084,0
573085,0
573086,0
573087,0
573088,0
573089,2
573090,0
573091,0
573092,12
573093,0
573094,0
573095,0
573096,0
573097,0
573098,0
573099,0
573100,0
573101,0
573102,0
573103,0
573104,15
573105,0
573106,7
573107,0
573108,0
573109,0
573110,0
573111,0
573112,0
573113,0
573114,0
573115,0
573116,5
573117,0
573118,0
573119,12
573120,0
573121,0
573122,0
573123,4
573124,0
573125,7
573126,0
573127,0
573128,0
573129,0
573130,0
573131,0
573132,0
573133,0
573134,8
573135,0
573136,4
573137,0
573138,0
573139,0
573140,11
573141,0
573142,0
573143,0
573144,0
573145,0
573146,0
573147,11
573148,0
573149,7
573150,0
573151,0
573152,0
573153,9
573154,0
573155,0
573156,9
573157,0
573158,7
573159,14
573160,0
573161,0
573162,26
573163,0
573164,0
573165,0
573166,0
573167,0
573168,0
573169,0
573170,0
573171,0
573172,0
573173,0
573174,0
573175,0
573176,0
573177,0
573178,0
573179,0
573180,0
573181,40
573182,0
573183,0
573184,0
573185,0
573186,0
573187,0
573188,0
573189,43
573190,0
573191,0
573192,0
573193,0
573194,0
573195,46
573196,0
573197,0
573198,0
573199,0
573200,0
573201,0
573202,34
573203,0
573204,0
573205,0
573206,43
573207,0
573208,40
573209,35
573210,0
573211,31
573212,0
573213,0
573214,0
573215,0
573216,0
573217,0
573218,0
573219,0
573220,31
573221,0
573222,0
573223,0
573224,35
573225,0
573226,0
573227,0
573228,0
573229,33
573230,22
573231,0
573232,42
573233,27
573234,0
573235,0
573236,0
573237,0
573238,0
573239,0
573240,0
573241,0
573242,31
573243,0
573244,0
573245,0
573246,0
573247,34
573248,0
573249,0
573250,0
573251,0
573252,0
573253,0
573254,0
573255,0
573256,0
573257,0
573258,0
573259,0
573260,0
573261,0
573262,0
573263,57
573264,41
573265,0
573266,30
573267,0
573268,0
573269,0
573270,0
573271,0
573272,0
573273,0
573274,0
573275,0
573276,0
573277,0
573278,0
573279,0
573280,43
573281,0
573282,0
573283,34
573284,0
573285,0
573286,0
573287,0
573288,0
573289,0
573290,0
573291,0
573292,0
573293,0
573294,0
573295,0
573296,0
573297,0
573298,37
573299,0
573300,47
573301,0
573302,0
573303,0
573304,0
573305,0
573306,0
573307,39
573308,0
573309,0
573310,0
573311,37
573312,0
573313,0
573314,0
573315,0
573316,0
573317,0
573318,0
573319,36
573320,0
573321,27
573322,0
573323,0
573324,0
573325,0
573326,0
573327,0
573328,0
573329,0
573330,0
573331,0
573332,0
573333,26
573334,0
573335,0
573336,0
573337,0
573338,59
573339,0
573340,0
573341,35
573342,0
573343,0
573344,0
573345,0
573346,0
573347,0
573348,0
573349,0
573350,0
573351,0
573352,0
573353,0
573354,0
573355,30
573356,0
573357,0
573358,0
573359,0
573360,0
573361,0
573362,31
573363,0
573364,0
573365,0
573366,39
573367,0
573368,0
573369,0
573370,0
573371,0
573372,0
573373,0
573374,0
573375,0
573376,0
573377,46
573378,0
573379,39
573380,0
573381,0
573382,30
573383,0
573384,0
573385,0
573386,0
573387,0
573388,0
573389,0
573390,0
573391,0
573392,0
573393,0
573394,0
573395,0
573396,0
573397,0
573398,0
573399,0
573400,0
573401,0
573402,0
573403,0
573404,43
573405,0
573406,39
573407,0
573408,0
573409,0
573410,0
573411,0
573412,0
573413,0
573414,0
573415,0
573416,0
573417,0
573418,0
573419,0
573420,0
573421,0
573422,0
573423,0
573424,0
573425,0
573426,28
573427,0
573428,0
573429,0
573430,0
573431,0
573432,0
573433,0
573434,0
573435,0
573436,0
573437,39
573438,0
573439,0
573440,27
573441,38
573442,0
573443,0
573444,0
573445,0
573446,0
573447,0
573448,0
573449,0
573450,0
573451,0
573452,0
573453,0
573454,0
573455,0
573456,0
573457,0
573458,0
573459,42
573460,0
573461,0
573462,0
573463,0
573464,0
573465,0
573466,0
573467,0
573468,0
573469,0
573470,0
573471,39
573472,42
573473,0
573474,0
573475,43
573476,0
573477,0
573478,0
573479,0
573480,0
573481,0
573482,42
573483,0
573484,0
573485,0
573486,0
573487,0
573488,0
573489,26
573490,0
573491,0
573492,0
573493,44
573494,0
573495,0
573496,0
573497,0
573498,0
573499,0
573500,0
573501,33
573502,0
573503,0
573504,0
573505,0
573506,0
573507,0
573508,49
573509,0
573510,32
573511,0
573512,51
573513,0
573514,0
573515,0
573516,0
573517,27
573518,0
573519,0
573520,0
573521,0
573522,0
573523,0
573524,0
573525,0
573526,0
573527,0
573528,0
573529,0
573530,0
573531,0
573532,0
573533,0
573534,39
573535,0
573536,41
573537,0
573538,0
573539,0
573540,0
573541,0
573542,0
573543,0
573544,37
573545,0
573546,0
573547,0
573548,0
573549,0
573550,0
573551,0
573552,0
573553,0
573554,0
573555,0
573556,0
573557,0
573558,0
573559,0
573560,0
573561,26
573562,0
573563,0
573564,35
573565,0
573566,0
573567,0
573568,0
573569,0
573570,0
573571,0
573572,0
573573,0
573574,0
573575,0
573576,0
573577,0
573578,40
573579,0
573580,48
573581,0
573582,0
573583,49
573584,0
573585,0
573586,0
573587,0
573588,32
573589,0
573590,0
573591,0
573592,0
573593,0
573594,0
573595,64
573596,0
573597,0
573598,0
573599,0
573600,0
573601,0
573602,0
573603,0
573604,44
573605,0
573606,0
573607,0
573608,0
573609,0
573610,0
573611,0
573612,0
573613,0
573614,0
573615,0
573616,0
573617,0
573618,0
573619,0
573620,0
573621,0
573622,0
573623,0
573624,34
573625,0
573626,0
573627,0
573628,0
573629,35
573630,0
573631,0
573632,0
573633,0
573634,0
573635,0
573636,0
573637,35
573638,0
573639,57
573640,0
573641,0
573642,0
573643,0
573644,0
573645,0
573646,0
573647,0
573648,0
573649,0
573650,0
573651,0
573652,0
573653,0
573654,0
573655,0
573656,1
573657,0
573658,0
573659,0
573660,0
573661,0
573662,0
573663,1
573664,0
573665,0
573666,0
573667,0
573668,0
573669,0
573670,0
573671,0
573672,0
573673,0
573674,0
573675,0
573676,0
573677,0
573678,0
573679,0
573680,0
573681,0
573682,0
573683,0
573684,0
573685,0
573686,0
573687,0
573688,0
573689,0
573690,0
573691,0
573692,0
573693,0
573694,0
573695,0
573696,0
573697,0
573698,0
573699,0
573700,0
573701,0
573702,0
573703,0
573704,0
573705,0
573706,0
573707,0
573708,0
573709,0
573710,0
573711,1
573712,0
573713,0
573714,0
573715,0
573716,0
573717,0
573718,0
573719,0
573720,0
573721,1
573722,0
573723,0
573724,0
573725,0
573726,0
573727,0
573728,0
573729,0
573730,0
573731,0
573732,0
573733,0
573734,0
573735,0
573736,0
573737,0
573738,0
573739,0
573740,0
573741,0
573742,0
573743,0
573744,0
573745,0
573746,0
573747,0
573748,0
573749,0
573750,0
573751,0
573752,0
573753,0
573754,0
573755,0
573756,1
573757,0
573758,0
573759,0
573760,0
573761,0
573762,0
573763,0
573764,0
573765,0
573766,0
573767,0
573768,0
573769,0
573770,0
573771,0
573772,0
573773,0
573774,0
573775,0
573776,0
573777,0
573778,0
573779,0
573780,0
573781,0
573782,0
573783,0
573784,0
573785,0
573786,0
573787,0
573788,0
573789,0
573790,0
573791,0
573792,0
573793,0
573794,0
573795,0
573796,0
573797,0
573798,0
573799,0
573800,0
573801,0
573802,0
573803,0
573804,0
573805,0
573806,0
573807,0
573808,0
573809,0
573810,0
573811,0
573812,0
573813,1
573814,0
573815,0
573816,0
573817,0
573818,0
573819,0
573820,0
573821,0
573822,0
573823,0
573824,0
573825,0
573826,0
573827,0
573828,0
573829,0
573830,0
573831,0
573832,0
573833,0
573834,0
573835,0
573836,0
573837,0
573838,0
573839,0
573840,0
573841,0
573842,0
573843,0
573844,0
573845,0
573846,0
573847,0
573848,0
573849,0
573850,0
573851,0
573852,0
573853,0
573854,0
573855,0
573856,0
573857,0
573858,0
573859,0
573860,0
573861,0
573862,0
573863,2
573864,0
573865,0
573866,0
573867,0
573868,0
573869,0
573870,1
573871,0
573872,0
573873,0
573874,0
573875,0
573876,0
573877,0
573878,0
573879,0
573880,0
573881,0
573882,0
573883,0
573884,0
573885,0
573886,0
573887,0
573888,0
573889,0
573890,0
573891,0
573892,0
573893,0
573894,0
573895,0
573896,0
573897,0
573898,0
573899,0
573900,0
573901,0
573902,0
573903,0
573904,0
573905,0
573906,0
573907,0
573908,0
573909,0
573910,0
573911,0
573912,0
573913,0
573914,0
573915,0
573916,0
573917,0
573918,0
573919,0
573920,0
573921,0
573922,0
573923,0
573924,0
573925,0
573926,0
573927,0
573928,0
573929,0
573930,0
573931,0
573932,0
573933,0
573934,0
573935,0
573936,0
573937,0
573938,0
573939,0
573940,0
573941,0
573942,0
573943,0
573944,0
573945,0
573946,0
573947,0
573948,0
573949,0
573950,0
573951,0
573952,0
573953,0
573954,0
573955,0
573956,0
573957,0
573958,0
573959,0
573960,0
573961,0
573962,0
573963,0
573964,0
573965,0
573966,0
573967,0
573968,0
573969,0
573970,0
573971,0
573972,1
573973,0
573974,0
573975,0
573976,0
573977,0
573978,0
573979,0
573980,0
573981,0
573982,0
573983,0
573984,0
573985,0
573986,0
573987,0
573988,1
573989,0
573990,0
573991,0
573992,0
573993,0
573994,0
573995,0
573996,0
573997,0
573998,0
573999,0
574000,0
574001,0
574002,0
574003,0
574004,0
574005,0
574006,0
574007,0
574008,0
574009,0
574010,0
574011,0
574012,0
574013,0
574014,0
574015,0
574016,0
574017,0
574018,0
574019,0
574020,0
574021,0
574022,0
574023,0
574024,0
574025,0
574026,0
574027,0
574028,0
574029,0
574030,0
574031,0
574032,0
574033,0
574034,0
574035,0
574036,0
574037,0
574038,0
574039,0
574040,0
574041,0
574042,0
574043,0
574044,0
574045,0
574046,0
574047,0
574048,0
574049,0
574050,0
574051,0
574052,0
574053,0
574054,0
574055,0
574056,0
574057,0
574058,0
574059,0
574060,0
574061,0
574062,0
574063,0
574064,0
574065,0
574066,0
574067,0
574068,0
574069,0
574070,0
574071,0
574072,0
574073,0
574074,0
574075,0
574076,0
574077,0
574078,0
574079,0
574080,0
574081,0
574082,0
574083,0
574084,0
574085,0
574086,0
574087,0
574088,0
574089,0
574090,0
574091,0
574092,0
574093,0
574094,0
574095,0
574096,0
574097,0
574098,0
574099,0
574100,0
574101,0
574102,0
574103,0
574104,0
574105,0
574106,0
574107,0
574108,0
574109,0
574110,0
574111,0
574112,0
574113,0
574114,0
574115,0
574116,0
574117,0
574118,0
574119,0
574120,0
574121,0
574122,0
574123,0
574124,0
574125,0
574126,0
574127,0
574128,0
574129,0
574130,0
574131,0
574132,0
574133,0
574134,0
574135,0
574136,0
574137,0
574138,0
574139,0
574140,0
574141,0
574142,0
574143,0
574144,0
574145,0
574146,0
574147,0
574148,0
574149,0
574150,0
574151,0
574152,0
574153,0
574154,0
574155,0
574156,0
574157,0
574158,0
574159,0
574160,0
574161,0
574162,0
574163,0
574164,0
574165,0
574166,0
574167,0
574168,0
574169,0
574170,0
574171,0
574172,0
574173,0
574174,0
574175,0
574176,0
574177,0
574178,0
574179,0
574180,0
574181,0
574182,0
574183,0
574184,0
574185,0
574186,0
574187,0
574188,0
574189,0
574190,0
574191,0
574192,0
574193,0
574194,0
574195,0
574196,0
574197,0
574198,0
574199,0
574200,0
574201,0
574202,0
574203,0
574204,0
574205,0
574206,0
574207,0
574208,0
574209,0
574210,0
574211,0
574212,0
574213,0
574214,0
574215,0
574216,0
574217,0
574218,0
574219,0
574220,0
574221,0
574222,0
574223,0
574224,0
574225,0
574226,0
574227,0
574228,0
574229,0
574230,0
574231,0
574232,0
574233,0
574234,0
574235,0
574236,0
574237,0
574238,0
574239,0
574240,0
574241,0
574242,0
574243,0
574244,0
574245,0
574246,0
574247,0
574248,0
574249,0
574250,0
574251,0
574252,0
574253,0
574254,0
574255,0
574256,0
574257,0
574258,0
574259,0
574260,0
574261,0
574262,0
574263,0
574264,0
574265,0
574266,0
574267,0
574268,0
574269,0
574270,0
574271,0
574272,0
574273,0
574274,0
574275,0
574276,0
574277,0
574278,0
574279,0
574280,0
574281,0
574282,0
574283,0
574284,0
574285,0
574286,0
574287,0
574288,0
574289,0
574290,0
574291,0
574292,0
574293,0
574294,0
574295,0
574296,0
574297,0
574298,0
574299,0
574300,0
574301,0
574302,0
574303,0
574304,0
574305,0
574306,0
574307,0
574308,0
574309,0
574310,0
574311,0
574312,0
574313,0
574314,0
574315,0
574316,0
574317,0
574318,0
574319,0
574320,0
574321,0
574322,0
574323,0
574324,0
574325,0
574326,0
574327,0
574328,0
574329,0
574330,0
574331,0
574332,0
574333,0
574334,0
574335,0
574336,0
574337,0
574338,0
574339,0
574340,0
574341,0
574342,0
574343,0
574344,0
574345,0
574346,0
574347,0
574348,0
574349,0
574350,0
574351,0
574352,0
574353,0
574354,0
574355,0
574356,0
574357,0
574358,0
574359,0
574360,0
574361,0
574362,0
574363,0
574364,0
574365,0
574366,0
574367,0
574368,0
574369,0
574370,0
574371,0
574372,0
574373,0
574374,0
574375,0
574376,0
574377,0
574378,0
574379,0
574380,0
574381,0
574382,0
574383,0
574384,0
574385,0
574386,0
574387,0
574388,0
574389,0
574390,0
574391,0
574392,0
574393,0
574394,0
574395,0
574396,0
574397,0
574398,0
574399,0
574400,0
574401,0
574402,0
574403,0
574404,0
574405,0
574406,0
574407,0
574408,0
574409,0
574410,0
574411,0
574412,0
574413,0
574414,40
574415,35
574416,0
574417,0
574418,0
574419,0
574420,37
574421,0
574422,0
574423,24
574424,0
574425,0
574426,0
574427,0
574428,0
574429,0
574430,26
574431,0
574432,0
574433,0
574434,0
574435,0
574436,0
574437,23
574438,0
574439,0
574440,0
574441,0
574442,46
574443,0
574444,0
574445,0
574446,0
574447,0
574448,0
574449,0
574450,0
574451,0
574452,0
574453,0
574454,0
574455,0
574456,0
574457,0
574458,0
574459,0
574460,0
574461,0
574462,0
574463,0
574464,0
574465,0
574466,0
574467,0
574468,0
574469,28
574470,0
574471,0
574472,0
574473,39
574474,26
574475,0
574476,0
574477,0
574478,0
574479,0
574480,0
574481,29
574482,28
574483,0
574484,0
574485,0
574486,0
574487,0
574488,0
574489,0
574490,0
574491,0
574492,0
574493,0
574494,33
574495,0
574496,0
574497,0
574498,0
574499,47
574500,0
574501,34
574502,0
574503,0
574504,0
574505,0
574506,27
574507,0
574508,0
574509,0
574510,0
574511,0
574512,0
574513,36
574514,0
574515,0
574516,0
574517,36
574518,0
574519,38
574520,0
574521,0
574522,0
574523,0
574524,0
574525,0
574526,24
574527,24
574528,0
574529,0
574530,0
574531,27
574532,0
574533,37
574534,0
574535,35
574536,0
574537,28
574538,0
574539,31
574540,0
574541,0
574542,0
574543,0
574544,17
574545,0
574546,49
574547,26
574548,0
574549,0
574550,0
574551,23
574552,0
574553,0
574554,0
574555,0
574556,0
574557,0
574558,0
574559,0
574560,0
574561,0
574562,0
574563,36
574564,0
574565,32
574566,29
574567,0
574568,26
574569,0
574570,0
574571,0
574572,0
574573,38
574574,38
574575,43
574576,0
574577,0
574578,46
574579,25
574580,22
574581,0
574582,44
574583,0
574584,0
574585,0
574586,0
574587,0
574588,55
574589,0
574590,0
574591,0
574592,0
574593,0
574594,0
574595,0
574596,0
574597,0
574598,0
574599,0
574600,0
574601,0
574602,41
574603,0
574604,37
574605,0
574606,0
574607,0
574608,0
574609,0
574610,0
574611,0
574612,0
574613,0
574614,0
574615,0
574616,0
574617,0
574618,0
574619,0
574620,0
574621,0
574622,21
574623,0
574624,36
574625,37
574626,0
574627,0
574628,0
574629,0
574630,0
574631,19
574632,0
574633,0
574634,0
574635,0
574636,0
574637,50
574638,0
574639,0
574640,0
574641,34
574642,0
574643,24
574644,0
574645,0
574646,0
574647,0
574648,0
574649,0
574650,0
574651,0
574652,0
574653,22
574654,0
574655,16
574656,0
574657,0
574658,0
574659,24
574660,0
574661,0
574662,0
574663,22
574664,0
574665,29
574666,31
574667,23
574668,42
574669,0
574670,37
574671,0
574672,32
574673,0
574674,0
574675,36
574676,0
574677,0
574678,0
574679,0
574680,0
574681,0
574682,0
574683,27
574684,0
574685,26
574686,0
574687,0
574688,0
574689,34
574690,0
574691,0
574692,31
574693,0
574694,0
574695,0
574696,35
574697,0
574698,0
574699,31
574700,41
574701,0
574702,22
574703,0
574704,37
574705,0
574706,0
574707,31
574708,0
574709,0
574710,36
574711,0
574712,30
574713,44
574714,0
574715,19
574716,0
574717,0
574718,32
574719,35
574720,0
574721,0
574722,32
574723,42
574724,32
574725,0
574726,35
574727,0
574728,0
574729,0
574730,0
574731,0
574732,26
574733,37
574734,0
574735,0
574736,23
574737,0
574738,0
574739,0
574740,0
574741,0
574742,0
574743,0
574744,25
574745,34
574746,0
574747,0
574748,0
574749,30
574750,36
574751,0
574752,0
574753,0
574754,0
574755,38
574756,0
574757,0
574758,0
574759,0
574760,0
574761,0
574762,32
574763,42
574764,27
574765,0
574766,0
574767,0
574768,0
574769,0
574770,0
574771,26
574772,0
574773,0
574774,39
574775,0
574776,25
574777,38
574778,0
574779,32
574780,28
574781,0
574782,0
574783,0
574784,38
574785,45
574786,0
574787,0
574788,28
574789,33
574790,31
574791,0
574792,0
574793,0
574794,33
574795,0
574796,32
574797,0
574798,0
574799,0
574800,32
574801,0
574802,0
574803,0
574804,49
574805,0
574806,0
574807,0
574808,0
574809,0
574810,28
574811,17
574812,0
574813,0
574814,0
574815,0
574816,0
574817,0
574818,18
574819,0
574820,0
574821,47
574822,0
574823,31
574824,0
574825,0
574826,24
574827,0
574828,36
574829,39
574830,0
574831,43
574832,0
574833,30
574834,24
574835,19
574836,30
574837,0
574838,0
574839,0
574840,0
574841,0
574842,0
574843,45
574844,27
574845,0
574846,33
574847,43
574848,27
574849,0
574850,0
574851,32
574852,0
574853,0
574854,0
574855,27
574856,32
574857,0
574858,0
574859,0
574860,0
574861,0
574862,25
574863,0
574864,0
574865,0
574866,0
574867,0
574868,40
574869,0
574870,0
574871,0
574872,0
574873,0
574874,40
574875,30
574876,0
574877,0
574878,0
574879,0
574880,0
574881,36
574882,0
574883,0
574884,0
574885,0
574886,41
574887,0
574888,0
574889,35
574890,33
574891,0
574892,0
574893,0
574894,38
574895,0
574896,0
574897,33
574898,0
574899,0
574900,0
574901,0
574902,0
574903,0
574904,0
574905,49
574906,0
574907,0
574908,38
574909,0
574910,38
574911,36
574912,0
574913,0
574914,0
574915,21
574916,43
574917,28
574918,35
574919,27
574920,0
574921,0
574922,0
574923,0
574924,30
574925,21
574926,31
574927,0
574928,32
574929,0
574930,0
574931,0
574932,29
574933,22
574934,0
574935,0
574936,18
574937,29
574938,0
574939,0
574940,0
574941,0
574942,0
574943,0
574944,30
574945,0
574946,19
574947,0
574948,0
574949,0
574950,0
574951,29
574952,0
574953,0
574954,0
574955,39
574956,0
574957,30
574958,0
574959,29
574960,0
574961,0
574962,0
574963,30
574964,0
574965,0
574966,0
574967,0
574968,36
574969,0
574970,0
574971,23
574972,0
574973,0
574974,0
574975,0
574976,0
574977,34
574978,0
574979,0
574980,0
574981,0
574982,36
574983,35
574984,0
574985,0
574986,40
574987,30
574988,0
574989,0
574990,27
574991,0
574992,32
574993,28
574994,0
574995,0
574996,0
574997,0
574998,0
574999,0
575000,40
575001,0
575002,0
575003,30
575004,0
575005,0
575006,32
575007,0
575008,0
575009,25
575010,0
575011,0
575012,0
575013,0
575014,0
575015,0
575016,28
575017,0
575018,0
575019,0
575020,20
575021,0
575022,0
575023,0
575024,0
575025,0
575026,0
575027,36
575028,0
575029,30
575030,0
575031,0
575032,0
575033,0
575034,0
575035,0
575036,0
575037,18
575038,0
575039,34
575040,42
575041,0
575042,0
575043,36
575044,0
575045,21
575046,0
575047,21
575048,0
575049,27
575050,19
575051,0
575052,0
575053,0
575054,0
575055,0
575056,0
575057,0
575058,44
575059,0
575060,0
575061,0
575062,0
575063,0
575064,0
575065,34
575066,0
575067,0
575068,0
575069,45
575070,17
575071,29
575072,0
575073,0
575074,0
575075,0
575076,0
575077,0
575078,20
575079,0
575080,31
575081,37
575082,0
575083,0
575084,0
575085,0
575086,0
575087,0
575088,0
575089,0
575090,40
575091,0
575092,0
575093,0
575094,49
575095,27
575096,0
575097,24
575098,32
575099,0
575100,0
575101,0
575102,0
575103,0
575104,31
575105,0
575106,0
575107,0
575108,0
575109,0
575110,0
575111,38
575112,42
575113,0
575114,33
575115,0
575116,0
575117,0
575118,0
575119,0
575120,0
575121,0
575122,0
575123,0
575124,24
575125,34
575126,0
575127,35
575128,22
575129,0
575130,0
575131,0
575132,0
575133,0
575134,0
575135,0
575136,0
575137,0
575138,27
575139,0
575140,32
575141,38
575142,0
575143,25
575144,30
575145,39
575146,0
575147,0
575148,34
575149,0
575150,0
575151,41
575152,0
575153,0
575154,0
575155,31
575156,0
575157,0
575158,0
575159,32
575160,0
575161,0
575162,0
575163,0
575164,0
575165,0
575166,0
575167,0
575168,30
575169,0
575170,0
575171,0
575172,26
575173,0
575174,0
575175,0
575176,40
575177,0
575178,0
575179,0
575180,0
575181,35
575182,33
575183,0
575184,26
575185,0
575186,0
575187,0
575188,0
575189,0
575190,0
575191,0
575192,0
575193,25
575194,0
575195,34
575196,34
575197,0
575198,47
575199,0
575200,0
575201,0
575202,22
575203,25
575204,0
575205,40
575206,0
575207,0
575208,0
575209,0
575210,0
575211,44
575212,0
575213,0
575214,0
575215,26
575216,0
575217,22
575218,0
575219,33
575220,0
575221,37
575222,0
575223,0
575224,34
575225,23
575226,0
575227,0
575228,0
575229,0
575230,0
575231,0
575232,0
575233,0
575234,0
575235,0
575236,0
575237,39
575238,0
575239,0
575240,0
575241,0
575242,0
575243,0
575244,0
575245,0
575246,31
575247,0
575248,0
575249,0
575250,0
575251,51
575252,0
575253,0
575254,0
575255,29
575256,0
575257,0
575258,25
575259,0
575260,0
575261,0
575262,32
575263,0
575264,0
575265,38
575266,28
575267,0
575268,0
575269,0
575270,0
575271,33
575272,0
575273,24
575274,0
575275,0
575276,0
575277,0
575278,0
575279,49
575280,0
575281,0
575282,0
575283,0
575284,0
575285,0
575286,0
575287,0
575288,0
575289,0
575290,0
575291,0
575292,0
575293,0
575294,0
575295,0
575296,0
575297,0
575298,23
575299,46
575300,0
575301,22
575302,0
575303,0
575304,0
575305,0
575306,0
575307,0
575308,0
575309,0
575310,0
575311,0
575312,0
575313,0
575314,0
575315,0
575316,21
575317,0
575318,58
575319,0
575320,0
575321,0
575322,27
575323,0
575324,13
575325,0
575326,0
575327,0
575328,34
575329,0
575330,38
575331,0
575332,0
575333,0
575334,0
575335,0
575336,44
575337,0
575338,0
575339,0
575340,0
575341,0
575342,0
575343,0
575344,0
575345,0
575346,0
575347,0
575348,44
575349,0
575350,0
575351,0
575352,0
575353,53
575354,26
575355,0
575356,0
575357,0
575358,57
575359,0
575360,0
575361,12
575362,12
575363,0
575364,0
575365,0
575366,0
575367,42
575368,21
575369,47
575370,0
575371,0
575372,51
575373,0
575374,0
575375,0
575376,0
575377,0
575378,0
575379,15
575380,0
575381,30
575382,0
575383,0
575384,0
575385,0
575386,0
575387,0
575388,37
575389,0
575390,0
575391,22
575392,0
575393,13
575394,0
575395,0
575396,0
575397,0
575398,0
575399,0
575400,0
575401,0
575402,0
575403,0
575404,0
575405,0
575406,0
575407,0
575408,0
575409,0
575410,0
575411,0
575412,0
575413,0
575414,0
575415,0
575416,0
575417,0
575418,17
575419,0
575420,0
575421,32
575422,23
575423,17
575424,0
575425,0
575426,0
575427,0
575428,0
575429,0
575430,0
575431,0
575432,0
575433,0
575434,0
575435,0
575436,0
575437,0
575438,0
575439,0
575440,0
575441,34
575442,0
575443,0
575444,0
575445,0
575446,0
575447,45
575448,94
575449,66
575450,0
575451,0
575452,40
575453,0
575454,0
575455,0
575456,0
575457,0
575458,0
575459,0
575460,0
575461,0
575462,0
575463,0
575464,0
575465,0
575466,11
575467,0
575468,0
575469,0
575470,24
575471,26
575472,0
575473,18
575474,0
575475,45
575476,0
575477,0
575478,0
575479,0
575480,0
575481,16
575482,0
575483,0
575484,0
575485,0
575486,0
575487,44
575488,39
575489,0
575490,0
575491,0
575492,0
575493,0
575494,0
575495,0
575496,40
575497,0
575498,0
575499,0
575500,36
575501,0
575502,27
575503,0
575504,0
575505,0
575506,0
575507,0
575508,55
575509,0
575510,0
575511,0
575512,52
575513,77
575514,0
575515,0
575516,57
575517,0
575518,18
575519,0
575520,0
575521,0
575522,0
575523,0
575524,23
575525,0
575526,20
575527,0
575528,0
575529,0
575530,0
575531,36
575532,28
575533,0
575534,0
575535,0
575536,0
575537,53
575538,0
575539,0
575540,0
575541,0
575542,0
575543,25
575544,0
575545,0
575546,0
575547,0
575548,0
575549,7
575550,59
575551,0
575552,0
575553,36
575554,0
575555,0
575556,0
575557,0
575558,0
575559,0
575560,0
575561,0
575562,0
575563,0
575564,0
575565,28
575566,0
575567,0
575568,0
575569,0
575570,31
575571,0
575572,11
575573,8
575574,0
575575,0
575576,0
575577,0
575578,0
575579,0
575580,100
575581,0
575582,0
575583,0
575584,0
575585,0
575586,0
575587,0
575588,0
575589,41
575590,0
575591,0
575592,35
575593,0
575594,0
575595,0
575596,0
575597,29
575598,0
575599,0
575600,0
575601,0
575602,25
575603,23
575604,0
575605,0
575606,0
575607,0
575608,0
575609,21
575610,0
575611,0
575612,0
575613,0
575614,0
575615,42
575616,41
575617,0
575618,0
575619,0
575620,23
575621,0
575622,5
575623,0
575624,54
575625,26
575626,0
575627,0
575628,0
575629,0
575630,0
575631,0
575632,0
575633,30
575634,20
575635,0
575636,0
575637,0
575638,0
575639,0
575640,19
575641,18
575642,0
575643,0
575644,0
575645,36
575646,0
575647,0
575648,0
575649,32
575650,0
575651,0
575652,0
575653,0
575654,0
575655,0
575656,0
575657,0
575658,0
575659,0
575660,0
575661,0
575662,0
575663,0
575664,0
575665,0
575666,0
575667,0
575668,0
575669,0
575670,0
575671,0
575672,0
575673,0
575674,0
575675,0
575676,0
575677,0
575678,0
575679,0
575680,0
575681,0
575682,0
575683,0
575684,0
575685,0
575686,0
575687,0
575688,30
575689,0
575690,53
575691,0
575692,51
575693,0
575694,0
575695,0
575696,24
575697,0
575698,0
575699,0
575700,0
575701,0
575702,0
575703,0
575704,0
575705,4
575706,0
575707,0
575708,0
575709,0
575710,2
575711,0
575712,0
575713,0
575714,0
575715,0
575716,0
575717,0
575718,2
575719,6
575720,1
575721,0
575722,0
575723,0
575724,2
575725,0
575726,0
575727,0
575728,6
575729,0
575730,0
575731,0
575732,0
575733,0
575734,0
575735,0
575736,0
575737,4
575738,0
575739,0
575740,0
575741,0
575742,4
575743,0
575744,0
575745,0
575746,0
575747,0
575748,6
575749,3
575750,0
575751,3
575752,0
575753,0
575754,0
575755,4
575756,0
575757,0
575758,0
575759,0
575760,0
575761,0
575762,0
575763,0
575764,0
575765,0
575766,3
575767,5
575768,0
575769,5
575770,3
575771,4
575772,0
575773,0
575774,0
575775,3
575776,0
575777,0
575778,0
575779,0
575780,0
575781,0
575782,3
575783,0
575784,0
575785,0
575786,7
575787,0
575788,0
575789,2
575790,2
575791,2
575792,0
575793,1
575794,3
575795,2
575796,0
575797,0
575798,0
575799,6
575800,5
575801,0
575802,0
575803,0
575804,0
575805,4
575806,0
575807,0
575808,0
575809,0
575810,0
575811,0
575812,0
575813,2
575814,1
575815,0
575816,0
575817,0
575818,0
575819,0
575820,0
575821,0
575822,4
575823,2
575824,0
575825,2
575826,0
575827,0
575828,0
575829,0
575830,0
575831,4
575832,5
575833,1
575834,0
575835,1
575836,0
575837,0
575838,0
575839,0
575840,7
575841,0
575842,0
575843,0
575844,0
575845,0
575846,9
575847,0
575848,0
575849,0
575850,0
575851,0
575852,0
575853,4
575854,5
575855,0
575856,0
575857,0
575858,0
575859,0
575860,0
575861,0
575862,0
575863,0
575864,3
575865,8
575866,0
575867,11
575868,0
575869,0
575870,0
575871,5
575872,4
575873,6
575874,0
575875,3
575876,0
575877,0
575878,0
575879,0
575880,0
575881,0
575882,0
575883,0
575884,0
575885,3
575886,0
575887,0
575888,0
575889,0
575890,1
575891,0
575892,0
575893,0
575894,0
575895,0
575896,0
575897,3
575898,0
575899,0
575900,0
575901,0
575902,0
575903,3
575904,0
575905,0
575906,0
575907,0
575908,0
575909,3
575910,4
575911,0
575912,0
575913,2
575914,0
575915,0
575916,0
575917,2
575918,0
575919,0
575920,0
575921,0
575922,5
575923,0
575924,0
575925,0
575926,0
575927,0
575928,4
575929,0
575930,0
575931,3
575932,6
575933,0
575934,0
575935,0
575936,4
575937,0
575938,0
575939,0
575940,0
575941,0
575942,0
575943,0
575944,0
575945,0
575946,0
575947,0
575948,0
575949,0
575950,0
575951,0
575952,6
575953,0
575954,0
575955,3
575956,0
575957,4
575958,0
575959,0
575960,0
575961,0
575962,0
575963,2
575964,1
575965,0
575966,0
575967,0
575968,0
575969,0
575970,0
575971,0
575972,0
575973,0
575974,0
575975,0
575976,0
575977,0
575978,0
575979,0
575980,0
575981,0
575982,3
575983,0
575984,2
575985,2
575986,0
575987,0
575988,0
575989,0
575990,0
575991,0
575992,0
575993,0
575994,0
575995,0
575996,4
575997,0
575998,0
575999,6
576000,0
576001,0
576002,0
576003,0
576004,0
576005,0
576006,2
576007,0
576008,6
576009,0
576010,0
576011,0
576012,0
576013,0
576014,0
576015,0
576016,0
576017,0
576018,4
576019,0
576020,8
576021,0
576022,4
576023,0
576024,0
576025,0
576026,2
576027,0
576028,0
576029,0
576030,0
576031,0
576032,0
576033,0
576034,0
576035,0
576036,0
576037,0
576038,0
576039,0
576040,0
576041,0
576042,0
576043,0
576044,0
576045,0
576046,0
576047,0
576048,0
576049,0
576050,1
576051,0
576052,0
576053,0
576054,0
576055,0
576056,0
576057,0
576058,0
576059,0
576060,0
576061,0
576062,0
576063,0
576064,0
576065,0
576066,0
576067,0
576068,0
576069,0
576070,0
576071,0
576072,0
576073,0
576074,3
576075,0
576076,0
576077,0
576078,0
576079,0
576080,0
576081,0
576082,0
576083,0
576084,0
576085,2
576086,0
576087,0
576088,1
576089,0
576090,0
576091,0
576092,0
576093,0
576094,0
576095,0
576096,0
576097,0
576098,0
576099,0
576100,0
576101,0
576102,0
576103,0
576104,0
576105,0
576106,0
576107,0
576108,0
576109,0
576110,0
576111,0
576112,0
576113,0
576114,0
576115,0
576116,0
576117,0
576118,0
576119,0
576120,0
576121,0
576122,0
576123,0
576124,0
576125,0
576126,0
576127,0
576128,0
576129,0
576130,0
576131,0
576132,0
576133,0
576134,0
576135,0
576136,0
576137,0
576138,0
576139,0
576140,0
576141,0
576142,0
576143,0
576144,0
576145,0
576146,0
576147,0
576148,0
576149,0
576150,0
576151,0
576152,0
576153,0
576154,0
576155,0
576156,0
576157,0
576158,0
576159,0
576160,2
576161,0
576162,0
576163,0
576164,0
576165,0
576166,0
576167,0
576168,0
576169,0
576170,0
576171,0
576172,0
576173,0
576174,1
576175,0
576176,1
576177,0
576178,0
576179,0
576180,0
576181,0
576182,0
576183,0
576184,0
576185,2
576186,0
576187,0
576188,0
576189,0
576190,0
576191,0
576192,0
576193,0
576194,0
576195,0
576196,0
576197,0
576198,0
576199,0
576200,0
576201,0
576202,0
576203,0
576204,0
576205,0
576206,0
576207,1
576208,0
576209,0
576210,0
576211,0
576212,0
576213,0
576214,0
576215,0
576216,0
576217,0
576218,0
576219,0
576220,0
576221,0
576222,0
576223,0
576224,0
576225,0
576226,0
576227,0
576228,0
576229,0
576230,0
576231,0
576232,0
576233,0
576234,0
576235,0
576236,0
576237,0
576238,0
576239,0
576240,0
576241,0
576242,0
576243,0
576244,0
576245,0
576246,0
576247,0
576248,0
576249,0
576250,0
576251,0
576252,0
576253,0
576254,0
576255,0
576256,3
576257,0
576258,0
576259,0
576260,0
576261,2
576262,0
576263,0
576264,0
576265,0
576266,0
576267,1
576268,0
576269,0
576270,0
576271,0
576272,0
576273,2
576274,0
576275,0
576276,0
576277,0
576278,0
576279,0
576280,0
576281,0
576282,0
576283,0
576284,0
576285,0
576286,0
576287,0
576288,0
576289,0
576290,0
576291,0
576292,0
576293,0
576294,0
576295,0
576296,0
576297,0
576298,0
576299,0
576300,0
576301,0
576302,0
576303,0
576304,0
576305,0
576306,0
576307,0
576308,1
576309,0
576310,0
576311,0
576312,0
576313,0
576314,0
576315,0
576316,0
576317,2
576318,0
576319,0
576320,0
576321,0
576322,0
576323,0
576324,0
576325,0
576326,0
576327,0
576328,0
576329,0
576330,0
576331,0
576332,0
576333,0
576334,0
576335,0
576336,0
576337,0
576338,0
576339,0
576340,0
576341,0
576342,0
576343,0
576344,0
576345,0
576346,0
576347,0
576348,0
576349,0
576350,0
576351,0
576352,0
576353,0
576354,0
576355,0
576356,0
576357,3
576358,0
576359,0
576360,0
576361,0
576362,0
576363,0
576364,3
576365,0
576366,0
576367,0
576368,0
576369,0
576370,0
576371,0
576372,0
576373,0
576374,0
576375,0
576376,0
576377,3
576378,0
576379,0
576380,0
576381,0
576382,0
576383,0
576384,0
576385,0
576386,0
576387,0
576388,0
576389,0
576390,0
576391,0
576392,0
576393,0
576394,0
576395,0
576396,0
576397,0
576398,0
576399,0
576400,0
576401,0
576402,0
576403,1
576404,0
576405,0
576406,0
576407,0
576408,0
576409,0
576410,0
576411,0
576412,0
576413,0
576414,0
576415,0
576416,0
576417,0
576418,0
576419,0
576420,0
576421,0
576422,0
576423,0
576424,0
576425,0
576426,0
576427,0
576428,0
576429,0
576430,0
576431,0
576432,0
576433,0
576434,0
576435,0
576436,0
576437,0
576438,1
576439,0
576440,0
576441,0
576442,0
576443,0
576444,0
576445,1
576446,0
576447,0
576448,0
576449,0
576450,0
576451,0
576452,0
576453,0
576454,0
576455,0
576456,0
576457,0
576458,0
576459,0
576460,0
576461,0
576462,0
576463,0
576464,0
576465,0
576466,0
576467,0
576468,0
576469,0
576470,0
576471,0
576472,0
576473,2
576474,0
576475,3
576476,0
576477,0
576478,0
576479,0
576480,0
576481,0
576482,0
576483,0
576484,0
576485,0
576486,0
576487,0
576488,0
576489,0
576490,0
576491,0
576492,0
576493,0
576494,0
576495,0
576496,0
576497,0
576498,0
576499,0
576500,0
576501,0
576502,0
576503,0
576504,0
576505,0
576506,0
576507,0
576508,0
576509,0
576510,0
576511,0
576512,0
576513,1
576514,0
576515,0
576516,0
576517,0
576518,0
576519,0
576520,0
576521,0
576522,0
576523,0
576524,0
576525,0
576526,0
576527,0
576528,0
576529,0
576530,0
576531,0
576532,0
576533,0
576534,0
576535,0
576536,0
576537,2
576538,0
576539,0
576540,0
576541,0
576542,0
576543,0
576544,0
576545,0
576546,0
576547,0
576548,0
576549,0
576550,0
576551,0
576552,0
576553,0
576554,0
576555,0
576556,0
576557,0
576558,0
576559,0
576560,0
576561,0
576562,0
576563,0
576564,0
576565,0
576566,0
576567,0
576568,0
576569,0
576570,0
576571,0
576572,0
576573,0
576574,1
576575,0
576576,0
576577,0
576578,0
576579,0
576580,0
576581,0
576582,0
576583,0
576584,0
576585,0
576586,0
576587,0
576588,0
576589,0
576590,0
576591,0
576592,0
576593,0
576594,0
576595,0
576596,1
576597,0
576598,0
576599,0
576600,0
576601,0
576602,0
576603,1
576604,0
576605,0
576606,0
576607,0
576608,0
576609,0
576610,0
576611,0
576612,0
576613,1
576614,0
576615,0
576616,0
576617,1
576618,0
576619,1
576620,0
576621,0
576622,0
576623,0
576624,0
576625,0
576626,0
576627,0
576628,0
576629,0
576630,0
576631,4
576632,0
576633,0
576634,0
576635,0
576636,0
576637,0
576638,0
576639,0
576640,0
576641,0
576642,0
576643,0
576644,0
576645,0
576646,0
576647,0
576648,0
576649,0
576650,0
576651,0
576652,0
576653,0
576654,0
576655,0
576656,0
576657,0
576658,0
576659,0
576660,0
576661,0
576662,0
576663,0
576664,0
576665,0
576666,0
576667,0
576668,0
576669,0
576670,0
576671,0
576672,0
576673,0
576674,0
576675,0
576676,0
576677,0
576678,0
576679,0
576680,0
576681,0
576682,0
576683,0
576684,0
576685,0
576686,0
576687,0
576688,0
576689,0
576690,0
576691,1
576692,0
576693,0
576694,0
576695,0
576696,0
576697,0
576698,0
576699,0
576700,2
576701,0
576702,0
576703,0
576704,0
576705,0
576706,0
576707,0
576708,0
576709,0
576710,0
576711,0
576712,0
576713,0
576714,0
576715,0
576716,0
576717,0
576718,0
576719,0
576720,0
576721,0
576722,0
576723,0
576724,0
576725,0
576726,0
576727,0
576728,0
576729,0
576730,0
576731,0
576732,0
576733,0
576734,0
576735,0
576736,0
576737,0
576738,0
576739,0
576740,0
576741,0
576742,0
576743,0
576744,0
576745,0
576746,0
576747,0
576748,0
576749,0
576750,0
576751,0
576752,0
576753,0
576754,0
576755,0
576756,0
576757,0
576758,0
576759,0
576760,0
576761,0
576762,0
576763,0
576764,0
576765,0
576766,0
576767,0
576768,0
576769,0
576770,0
576771,0
576772,0
576773,0
576774,0
576775,0
576776,0
576777,0
576778,0
576779,0
576780,0
576781,0
576782,0
576783,0
576784,0
576785,0
576786,0
576787,0
576788,0
576789,0
576790,0
576791,0
576792,0
576793,0
576794,0
576795,0
576796,0
576797,0
576798,0
576799,0
576800,0
576801,0
576802,0
576803,0
576804,0
576805,0
576806,0
576807,0
576808,0
576809,0
576810,0
576811,0
576812,0
576813,0
576814,0
576815,0
576816,0
576817,0
576818,0
576819,0
576820,0
576821,0
576822,0
576823,0
576824,0
576825,0
576826,3
576827,0
576828,0
576829,0
576830,0
576831,2
576832,0
576833,0
576834,0
576835,0
576836,0
576837,0
576838,0
576839,0
576840,0
576841,0
576842,0
576843,0
576844,0
576845,0
576846,0
576847,0
576848,0
576849,0
576850,1
576851,0
576852,0
576853,0
576854,0
576855,0
576856,0
576857,0
576858,0
576859,0
576860,0
576861,0
576862,0
576863,0
576864,0
576865,0
576866,0
576867,0
576868,0
576869,0
576870,0
576871,0
576872,0
576873,0
576874,0
576875,0
576876,0
576877,0
576878,0
576879,0
576880,0
576881,0
576882,0
576883,0
576884,0
576885,0
576886,0
576887,0
576888,0
576889,0
576890,0
576891,0
576892,0
576893,0
576894,0
576895,0
576896,0
576897,0
576898,0
576899,0
576900,0
576901,0
576902,0
576903,3
576904,0
576905,0
576906,0
576907,0
576908,0
576909,0
576910,0
576911,0
576912,0
576913,0
576914,0
576915,0
576916,0
576917,0
576918,1
576919,2
576920,0
576921,0
576922,0
576923,0
576924,0
576925,0
576926,0
576927,0
576928,0
576929,0
576930,0
576931,0
576932,0
576933,0
576934,0
576935,0
576936,0
576937,0
576938,0
576939,0
576940,0
576941,0
576942,0
576943,0
576944,0
576945,0
576946,0
576947,0
576948,0
576949,0
576950,0
576951,0
576952,0
576953,0
576954,0
576955,0
576956,0
576957,0
576958,0
576959,0
576960,0
576961,0
576962,0
576963,0
576964,0
576965,0
576966,0
576967,0
576968,0
576969,0
576970,0
576971,0
576972,0
576973,0
576974,0
576975,0
576976,0
576977,0
576978,0
576979,0
576980,0
576981,0
576982,0
576983,0
576984,0
576985,0
576986,0
576987,0
576988,0
576989,0
576990,0
576991,0
576992,0
576993,0
576994,0
576995,0
576996,0
576997,0
576998,0
576999,0
577000,0
577001,0
577002,0
577003,0
577004,0
577005,0
577006,0
577007,0
577008,0
577009,0
577010,0
577011,0
577012,0
577013,0
577014,8
577015,0
577016,0
577017,0
577018,0
577019,8
577020,0
577021,8
577022,0
577023,0
577024,0
577025,0
577026,0
577027,9
577028,0
577029,0
577030,0
577031,0
577032,0
577033,0
577034,14
577035,0
577036,0
577037,0
577038,6
577039,0
577040,0
577041,8
577042,17
577043,10
577044,0
577045,0
577046,0
577047,0
577048,16
577049,0
577050,9
577051,0
577052,4
577053,0
577054,0
577055,0
577056,0
577057,6
577058,0
577059,12
577060,0
577061,0
577062,0
577063,0
577064,7
577065,0
577066,8
577067,0
577068,0
577069,0
577070,0
577071,0
577072,0
577073,0
577074,0
577075,0
577076,11
577077,0
577078,0
577079,0
577080,0
577081,3
577082,0
577083,10
577084,7
577085,0
577086,0
577087,0
577088,11
577089,0
577090,9
577091,0
577092,12
577093,7
577094,4
577095,10
577096,0
577097,0
577098,11
577099,16
577100,0
577101,0
577102,0
577103,0
577104,0
577105,0
577106,0
577107,0
577108,0
577109,0
577110,0
577111,0
577112,0
577113,10
577114,0
577115,0
577116,0
577117,0
577118,0
577119,0
577120,0
577121,5
577122,4
577123,0
577124,0
577125,0
577126,12
577127,0
577128,10
577129,0
577130,0
577131,0
577132,10
577133,5
577134,8
577135,0
577136,0
577137,0
577138,10
577139,0
577140,0
577141,0
577142,0
577143,0
577144,0
577145,0
577146,0
577147,11
577148,0
577149,0
577150,0
577151,14
577152,0
577153,0
577154,0
577155,0
577156,11
577157,0
577158,0
577159,0
577160,0
577161,0
577162,0
577163,0
577164,10
577165,0
577166,0
577167,17
577168,0
577169,0
577170,16
577171,14
577172,8
577173,0
577174,14
577175,0
577176,0
577177,14
577178,0
577179,0
577180,0
577181,0
577182,0
577183,12
577184,8
577185,8
577186,0
577187,0
577188,0
577189,0
577190,0
577191,0
577192,0
577193,0
577194,0
577195,8
577196,0
577197,0
577198,0
577199,0
577200,0
577201,0
577202,0
577203,0
577204,0
577205,0
577206,16
577207,11
577208,0
577209,18
577210,0
577211,7
577212,9
577213,0
577214,0
577215,0
577216,0
577217,3
577218,0
577219,0
577220,0
577221,0
577222,0
577223,0
577224,0
577225,8
577226,0
577227,0
577228,0
577229,0
577230,0
577231,11
577232,0
577233,0
577234,0
577235,0
577236,0
577237,0
577238,0
577239,0
577240,0
577241,7
577242,14
577243,0
577244,0
577245,0
577246,0
577247,0
577248,0
577249,0
577250,0
577251,0
577252,0
577253,0
577254,0
577255,12
577256,0
577257,9
577258,0
577259,8
577260,0
577261,0
577262,0
577263,0
577264,12
577265,12
577266,0
577267,4
577268,0
577269,0
577270,0
577271,8
577272,0
577273,17
577274,11
577275,8
577276,0
577277,12
577278,0
577279,0
577280,0
577281,9
577282,0
577283,0
577284,12
577285,0
577286,0
577287,0
577288,0
577289,0
577290,0
577291,0
577292,0
577293,0
577294,0
577295,5
577296,0
577297,0
577298,0
577299,10
577300,0
577301,0
577302,13
577303,0
577304,0
577305,0
577306,11
577307,0
577308,0
577309,0
577310,12
577311,0
577312,0
577313,10
577314,0
577315,0
577316,12
577317,0
577318,0
577319,13
577320,0
577321,0
577322,0
577323,16
577324,8
577325,0
577326,0
577327,0
577328,0
577329,1
577330,0
577331,0
577332,0
577333,0
577334,0
577335,0
577336,0
577337,0
577338,14
577339,0
577340,0
577341,0
577342,0
577343,0
577344,0
577345,7
577346,0
577347,0
577348,9
577349,0
577350,0
577351,0
577352,16
577353,0
577354,0
577355,0
577356,0
577357,7
577358,0
577359,0
577360,12
577361,0
577362,0
577363,0
577364,0
577365,0
577366,0
577367,0
577368,0
577369,9
577370,0
577371,0
577372,17
577373,0
577374,15
577375,4
577376,0
577377,16
577378,11
577379,9
577380,0
577381,10
577382,0
577383,0
577384,0
577385,0
577386,6
577387,4
577388,0
577389,0
577390,9
577391,0
577392,0
577393,11
577394,0
577395,0
577396,10
577397,10
577398,0
577399,0
577400,0
577401,0
577402,0
577403,8
577404,0
577405,0
577406,0
577407,13
577408,0
577409,9
577410,0
577411,16
577412,0
577413,0
577414,12
577415,0
577416,0
577417,11
577418,0
577419,14
577420,0
577421,0
577422,0
577423,0
577424,0
577425,8
577426,0
577427,0
577428,2
577429,0
577430,16
577431,0
577432,0
577433,0
577434,0
577435,0
577436,0
577437,0
577438,0
577439,0
577440,0
577441,0
577442,0
577443,0
577444,16
577445,0
577446,0
577447,0
577448,6
577449,0
577450,0
577451,0
577452,0
577453,0
577454,0
577455,7
577456,0
577457,0
577458,0
577459,3
577460,0
577461,10
577462,16
577463,0
577464,5
577465,0
577466,0
577467,12
577468,0
577469,10
577470,13
577471,0
577472,0
577473,9
577474,0
577475,0
577476,0
577477,0
577478,0
577479,0
577480,10
577481,0
577482,0
577483,0
577484,0
577485,10
577486,0
577487,9
577488,0
577489,0
577490,0
577491,0
577492,9
577493,0
577494,12
577495,0
577496,5
577497,17
577498,0
577499,15
577500,4
577501,7
577502,0
577503,0
577504,14
577505,0
577506,0
577507,0
577508,0
577509,0
577510,0
577511,11
577512,0
577513,11
577514,0
577515,0
577516,0
577517,5
577518,0
577519,10
577520,7
577521,0
577522,0
577523,0
577524,0
577525,0
577526,0
577527,0
577528,0
577529,0
577530,8
577531,0
577532,19
577533,0
577534,0
577535,0
577536,0
577537,0
577538,0
577539,0
577540,0
577541,0
577542,6
577543,0
577544,0
577545,0
577546,19
577547,11
577548,0
577549,0
577550,11
577551,6
577552,0
577553,19
577554,0
577555,0
577556,9
577557,0
577558,7
577559,11
577560,0
577561,0
577562,6
577563,0
577564,15
577565,0
577566,0
577567,0
577568,0
577569,0
577570,0
577571,0
577572,13
577573,0
577574,0
577575,10
577576,0
577577,0
577578,0
577579,16
577580,8
577581,0
577582,0
577583,0
577584,0
577585,0
577586,17
577587,0
577588,7
577589,11
577590,0
577591,10
577592,0
577593,0
577594,0
577595,0
577596,0
577597,13
577598,5
577599,0
577600,0
577601,0
577602,0
577603,0
577604,8
577605,14
577606,0
577607,0
577608,0
577609,0
577610,0
577611,0
577612,0
577613,0
577614,0
577615,0
577616,0
577617,0
577618,0
577619,12
577620,0
577621,0
577622,0
577623,0
577624,0
577625,17
577626,0
577627,12
577628,0
577629,13
577630,14
577631,0
577632,0
577633,17
577634,0
577635,0
577636,7
577637,0
577638,0
577639,0
577640,0
577641,0
577642,0
577643,0
577644,4
577645,0
577646,0
577647,0
577648,0
577649,0
577650,0
577651,10
577652,0
577653,3
577654,0
577655,0
577656,0
577657,0
577658,0
577659,12
577660,9
577661,11
577662,0
577663,0
577664,0
577665,7
577666,0
577667,0
577668,0
577669,5
577670,0
577671,13
577672,5
577673,0
577674,0
577675,0
577676,0
577677,0
577678,0
577679,6
577680,0
577681,11
577682,6
577683,0
577684,0
577685,0
577686,7
577687,0
577688,0
577689,0
577690,0
577691,7
577692,12
577693,0
577694,0
577695,0
577696,0
577697,10
577698,6
577699,10
577700,0
577701,0
577702,0
577703,0
577704,0
577705,0
577706,0
577707,0
577708,0
577709,32
577710,0
577711,0
577712,0
577713,0
577714,0
577715,0
577716,0
577717,0
577718,0
577719,0
577720,0
577721,0
577722,32
577723,0
577724,0
577725,24
577726,0
577727,0
577728,0
577729,0
577730,0
577731,0
577732,0
577733,0
577734,0
577735,0
577736,0
577737,0
577738,0
577739,0
577740,0
577741,0
577742,0
577743,0
577744,0
577745,0
577746,0
577747,0
577748,0
577749,0
577750,0
577751,0
577752,0
577753,0
577754,0
577755,0
577756,0
577757,0
577758,0
577759,0
577760,0
577761,0
577762,0
577763,0
577764,0
577765,0
577766,0
577767,0
577768,0
577769,0
577770,0
577771,0
577772,0
577773,24
577774,0
577775,0
577776,0
577777,0
577778,0
577779,0
577780,0
577781,0
577782,0
577783,0
577784,0
577785,0
577786,0
577787,0
577788,0
577789,0
577790,0
577791,0
577792,0
577793,0
577794,0
577795,0
577796,0
577797,0
577798,0
577799,0
577800,0
577801,0
577802,0
577803,0
577804,0
577805,0
577806,15
577807,0
577808,0
577809,0
577810,0
577811,0
577812,0
577813,16
577814,13
577815,0
577816,0
577817,0
577818,0
577819,0
577820,0
577821,0
577822,0
577823,0
577824,0
577825,0
577826,0
577827,0
577828,0
577829,0
577830,14
577831,0
577832,0
577833,0
577834,0
577835,0
577836,0
577837,0
577838,0
577839,0
577840,0
577841,0
577842,14
577843,0
577844,0
577845,0
577846,0
577847,0
577848,0
577849,6
577850,0
577851,0
577852,0
577853,19
577854,0
577855,0
577856,0
577857,0
577858,0
577859,0
577860,0
577861,0
577862,0
577863,0
577864,0
577865,0
577866,0
577867,0
577868,0
577869,0
577870,0
577871,0
577872,12
577873,0
577874,14
577875,0
577876,13
577877,0
577878,0
577879,0
577880,0
577881,15
577882,0
577883,3
577884,0
577885,0
577886,0
577887,0
577888,0
577889,0
577890,0
577891,0
577892,0
577893,0
577894,0
577895,0
577896,0
577897,0
577898,0
577899,0
577900,0
577901,0
577902,6
577903,0
577904,0
577905,0
577906,0
577907,0
577908,0
577909,0
577910,0
577911,0
577912,0
577913,0
577914,0
577915,0
577916,0
577917,0
577918,0
577919,0
577920,10
577921,0
577922,0
577923,0
577924,0
577925,0
577926,0
577927,0
577928,0
577929,0
577930,0
577931,0
577932,0
577933,0
577934,0
577935,0
577936,0
577937,0
577938,0
577939,0
577940,0
577941,19
577942,0
577943,0
577944,0
577945,0
577946,0
577947,0
577948,0
577949,0
577950,0
577951,0
577952,0
577953,0
577954,0
577955,0
577956,0
577957,0
577958,0
577959,0
577960,0
577961,0
577962,0
577963,12
577964,0
577965,0
577966,0
577967,0
577968,0
577969,9
577970,0
577971,0
577972,0
577973,0
577974,0
577975,0
577976,0
577977,0
577978,0
577979,0
577980,0
577981,0
577982,0
577983,0
577984,0
577985,0
577986,0
577987,0
577988,0
577989,0
577990,0
577991,0
577992,0
577993,0
577994,0
577995,5
577996,0
577997,0
577998,0
577999,0
578000,0
578001,0
578002,0
578003,0
578004,0
578005,0
578006,0
578007,0
578008,0
578009,7
578010,13
578011,15
578012,0
578013,0
578014,0
578015,0
578016,0
578017,6
578018,0
578019,0
578020,0
578021,0
578022,0
578023,0
578024,0
578025,0
578026,0
578027,22
578028,0
578029,0
578030,0
578031,0
578032,9
578033,0
578034,0
578035,0
578036,0
578037,5
578038,0
578039,0
578040,0
578041,0
578042,0
578043,0
578044,0
578045,0
578046,14
578047,0
578048,13
578049,0
578050,0
578051,0
578052,0
578053,0
578054,0
578055,0
578056,0
578057,0
578058,0
578059,0
578060,0
578061,0
578062,0
578063,8
578064,0
578065,0
578066,0
578067,10
578068,0
578069,0
578070,0
578071,0
578072,0
578073,0
578074,0
578075,0
578076,16
578077,0
578078,0
578079,0
578080,0
578081,0
578082,0
578083,0
578084,8
578085,0
578086,0
578087,0
578088,0
578089,0
578090,0
578091,0
578092,0
578093,0
578094,0
578095,0
578096,0
578097,0
578098,0
578099,0
578100,0
578101,0
578102,0
578103,0
578104,0
578105,0
578106,0
578107,0
578108,7
578109,0
578110,7
578111,0
578112,0
578113,0
578114,0
578115,16
578116,7
578117,3
578118,0
578119,0
578120,12
578121,0
578122,0
578123,0
578124,0
578125,0
578126,0
578127,0
578128,13
578129,0
578130,0
578131,9
578132,0
578133,0
578134,0
578135,0
578136,0
578137,0
578138,12
578139,9
578140,0
578141,0
578142,0
578143,0
578144,0
578145,7
578146,12
578147,0
578148,4
578149,10
578150,7
578151,11
578152,4
578153,10
578154,0
578155,0
578156,0
578157,0
578158,12
578159,0
578160,0
578161,4
578162,0
578163,0
578164,0
578165,0
578166,0
578167,0
578168,0
578169,0
578170,0
578171,0
578172,0
578173,0
578174,0
578175,0
578176,0
578177,0
578178,7
578179,0
578180,11
578181,0
578182,0
578183,7
578184,0
578185,0
578186,0
578187,0
578188,0
578189,0
578190,13
578191,0
578192,0
578193,1
578194,0
578195,13
578196,9
578197,0
578198,7
578199,11
578200,9
578201,12
578202,0
578203,0
578204,0
578205,5
578206,0
578207,5
578208,16
578209,0
578210,0
578211,9
578212,11
578213,11
578214,0
578215,12
578216,0
578217,9
578218,9
578219,0
578220,0
578221,0
578222,9
578223,7
578224,0
578225,0
578226,0
578227,8
578228,0
578229,0
578230,0
578231,2
578232,10
578233,0
578234,0
578235,0
578236,0
578237,0
578238,0
578239,0
578240,11
578241,0
578242,0
578243,0
578244,0
578245,11
578246,0
578247,13
578248,0
578249,0
578250,12
578251,10
578252,0
578253,10
578254,8
578255,0
578256,0
578257,0
578258,0
578259,0
578260,0
578261,4
578262,0
578263,7
578264,0
578265,7
578266,0
578267,5
578268,0
578269,0
578270,0
578271,13
578272,0
578273,0
578274,0
578275,0
578276,0
578277,0
578278,7
578279,12
578280,7
578281,15
578282,0
578283,11
578284,0
578285,5
578286,0
578287,0
578288,0
578289,10
578290,0
578291,8
578292,13
578293,7
578294,0
578295,2
578296,0
578297,0
578298,0
578299,0
578300,6
578301,0
578302,3
578303,8
578304,0
578305,8
578306,0
578307,0
578308,13
578309,0
578310,0
578311,11
578312,0
578313,0
578314,0
578315,0
578316,5
578317,0
578318,0
578319,0
578320,0
578321,0
578322,0
578323,4
578324,0
578325,8
578326,11
578327,0
578328,0
578329,0
578330,0
578331,0
578332,0
578333,11
578334,0
578335,0
578336,7
578337,0
578338,0
578339,0
578340,0
578341,0
578342,10
578343,0
578344,0
578345,8
578346,0
578347,0
578348,6
578349,0
578350,0
578351,0
578352,0
578353,0
578354,6
578355,9
578356,0
578357,12
578358,0
578359,0
578360,13
578361,8
578362,11
578363,4
578364,0
578365,8
578366,10
578367,0
578368,0
578369,7
578370,0
578371,0
578372,0
578373,13
578374,0
578375,7
578376,9
578377,0
578378,0
578379,0
578380,0
578381,0
578382,0
578383,0
578384,7
578385,16
578386,0
578387,0
578388,0
578389,0
578390,0
578391,0
578392,0
578393,0
578394,0
578395,0
578396,0
578397,0
578398,0
578399,0
578400,3
578401,0
578402,0
578403,0
578404,0
578405,3
578406,0
578407,0
578408,5
578409,0
578410,0
578411,0
578412,0
578413,14
578414,0
578415,0
578416,0
578417,0
578418,0
578419,0
578420,11
578421,4
578422,10
578423,0
578424,0
578425,0
578426,0
578427,14
578428,0
578429,0
578430,0
578431,9
578432,0
578433,7
578434,0
578435,0
578436,0
578437,0
578438,0
578439,0
578440,0
578441,18
578442,8
578443,6
578444,0
578445,0
578446,0
578447,19
578448,5
578449,0
578450,0
578451,0
578452,0
578453,0
578454,0
578455,0
578456,14
578457,8
578458,11
578459,0
578460,0
578461,6
578462,0
578463,0
578464,0
578465,0
578466,15
578467,0
578468,0
578469,0
578470,0
578471,0
578472,8
578473,0
578474,0
578475,0
578476,0
578477,7
578478,0
578479,8
578480,0
578481,14
578482,0
578483,0
578484,0
578485,0
578486,0
578487,0
578488,0
578489,0
578490,3
578491,0
578492,0
578493,0
578494,0
578495,0
578496,0
578497,0
578498,8
578499,0
578500,0
578501,0
578502,0
578503,19
578504,0
578505,16
578506,0
578507,0
578508,0
578509,8
578510,0
578511,14
578512,0
578513,10
578514,0
578515,0
578516,0
578517,0
578518,0
578519,0
578520,0
578521,9
578522,8
578523,0
578524,0
578525,0
578526,0
578527,0
578528,0
578529,0
578530,0
578531,0
578532,8
578533,7
578534,6
578535,6
578536,0
578537,7
578538,0
578539,0
578540,8
578541,0
578542,0
578543,9
578544,0
578545,0
578546,0
578547,0
578548,0
578549,0
578550,6
578551,0
578552,0
578553,0
578554,0
578555,0
578556,0
578557,0
578558,0
578559,0
578560,0
578561,0
578562,0
578563,10
578564,0
578565,0
578566,0
578567,15
578568,12
578569,5
578570,0
578571,0
578572,0
578573,0
578574,0
578575,0
578576,0
578577,0
578578,0
578579,0
578580,7
578581,7
578582,0
578583,0
578584,0
578585,12
578586,0
578587,0
578588,3
578589,0
578590,8
578591,0
578592,0
578593,0
578594,3
578595,0
578596,0
578597,12
578598,0
578599,0
578600,0
578601,11
578602,0
578603,4
578604,0
578605,11
578606,0
578607,0
578608,0
578609,0
578610,0
578611,0
578612,0
578613,0
578614,0
578615,0
578616,0
578617,0
578618,0
578619,0
578620,0
578621,0
578622,9
578623,4
578624,0
578625,0
578626,8
578627,0
578628,0
578629,0
578630,10
578631,3
578632,8
578633,10
578634,0
578635,0
578636,0
578637,0
578638,0
578639,8
578640,0
578641,0
578642,0
578643,0
578644,0
578645,0
578646,0
578647,0
578648,9
578649,0
578650,0
578651,0
578652,15
578653,6
578654,0
578655,0
578656,11
578657,0
578658,2
578659,0
578660,13
578661,0
578662,0
578663,11
578664,0
578665,0
578666,14
578667,0
578668,11
578669,0
578670,0
578671,0
578672,16
578673,0
578674,14
578675,0
578676,0
578677,0
578678,0
578679,0
578680,0
578681,0
578682,0
578683,0
578684,0
578685,0
578686,0
578687,0
578688,0
578689,0
578690,0
578691,3
578692,0
578693,0
578694,0
578695,0
578696,12
578697,0
578698,0
578699,0
578700,10
578701,0
578702,6
578703,0
578704,0
578705,0
578706,0
578707,0
578708,0
578709,0
578710,0
578711,0
578712,8
578713,7
578714,5
578715,0
578716,9
578717,0
578718,0
578719,0
578720,0
578721,0
578722,0
578723,0
578724,0
578725,13
578726,0
578727,0
578728,2
578729,0
578730,13
578731,0
578732,0
578733,0
578734,0
578735,0
578736,0
578737,0
578738,10
578739,0
578740,0
578741,0
578742,0
578743,0
578744,0
578745,0
578746,0
578747,0
578748,9
578749,0
578750,10
578751,15
578752,0
578753,0
578754,9
578755,10
578756,0
578757,0
578758,0
578759,0
578760,0
578761,8
578762,0
578763,0
578764,0
578765,12
578766,6
578767,0
578768,7
578769,11
578770,0
578771,6
578772,0
578773,0
578774,5
578775,0
578776,0
578777,4
578778,0
578779,0
578780,11
578781,6
578782,0
578783,0
578784,0
578785,0
578786,0
578787,18
578788,0
578789,0
578790,0
578791,0
578792,13
578793,22
578794,0
578795,0
578796,10
578797,0
578798,0
578799,0
578800,0
578801,12
578802,5
578803,5
578804,0
578805,0
578806,0
578807,0
578808,0
578809,0
578810,8
578811,5
578812,0
578813,0
578814,0
578815,15
578816,0
578817,0
578818,0
578819,0
578820,9
578821,0
578822,7
578823,0
578824,0
578825,11
578826,12
578827,0
578828,10
578829,6
578830,10
578831,0
578832,7
578833,12
578834,0
578835,0
578836,0
578837,0
578838,0
578839,0
578840,0
578841,0
578842,0
578843,0
578844,0
578845,0
578846,0
578847,0
578848,10
578849,16
578850,0
578851,0
578852,0
578853,0
578854,0
578855,0
578856,17
578857,0
578858,0
578859,5
578860,0
578861,0
578862,0
578863,0
578864,0
578865,8
578866,0
578867,12
578868,0
578869,0
578870,8
578871,0
578872,0
578873,16
578874,0
578875,0
578876,0
578877,0
578878,3
578879,10
578880,4
578881,0
578882,0
578883,5
578884,5
578885,0
578886,0
578887,0
578888,8
578889,3
578890,0
578891,21
578892,0
578893,0
578894,0
578895,0
578896,0
578897,0
578898,0
578899,0
578900,0
578901,0
578902,0
578903,0
578904,0
578905,0
578906,15
578907,0
578908,0
578909,0
578910,0
578911,0
578912,0
578913,0
578914,0
578915,0
578916,0
578917,0
578918,0
578919,0
578920,0
578921,0
578922,10
578923,10
578924,0
578925,0
578926,0
578927,0
578928,0
578929,0
578930,0
578931,0
578932,0
578933,0
578934,0
578935,0
578936,0
578937,0
578938,0
578939,0
578940,0
578941,0
578942,0
578943,0
578944,0
578945,0
578946,14
578947,0
578948,0
578949,0
578950,0
578951,0
578952,0
578953,0
578954,0
578955,0
578956,0
578957,0
578958,0
578959,0
578960,0
578961,0
578962,0
578963,0
578964,0
578965,0
578966,0
578967,0
578968,0
578969,0
578970,0
578971,0
578972,0
578973,0
578974,0
578975,0
578976,0
578977,0
578978,0
578979,0
578980,0
578981,0
578982,0
578983,10
578984,0
578985,0
578986,0
578987,0
578988,0
578989,0
578990,0
578991,0
578992,0
578993,0
578994,0
578995,0
578996,0
578997,0
578998,0
578999,0
579000,0
579001,15
579002,0
579003,0
579004,0
579005,0
579006,0
579007,0
579008,0
579009,0
579010,0
579011,0
579012,0
579013,0
579014,0
579015,0
579016,0
579017,0
579018,0
579019,0
579020,0
579021,0
579022,0
579023,0
579024,0
579025,0
579026,0
579027,0
579028,0
579029,0
579030,0
579031,0
579032,0
579033,0
579034,0
579035,17
579036,0
579037,0
579038,0
579039,0
579040,0
579041,0
579042,9
579043,0
579044,0
579045,0
579046,0
579047,0
579048,9
579049,0
579050,0
579051,0
579052,0
579053,0
579054,0
579055,0
579056,0
579057,0
579058,0
579059,0
579060,0
579061,0
579062,0
579063,0
579064,0
579065,0
579066,0
579067,13
579068,0
579069,0
579070,0
579071,0
579072,0
579073,0
579074,0
579075,0
579076,0
579077,0
579078,0
579079,0
579080,0
579081,0
579082,0
579083,0
579084,0
579085,0
579086,0
579087,0
579088,0
579089,0
579090,0
579091,0
579092,0
579093,0
579094,0
579095,0
579096,11
579097,0
579098,0
579099,0
579100,0
579101,11
579102,0
579103,0
579104,0
579105,0
579106,0
579107,0
579108,0
579109,0
579110,0
579111,0
579112,0
579113,0
579114,0
579115,0
579116,0
579117,0
579118,0
579119,0
579120,0
579121,0
579122,0
579123,0
579124,0
579125,0
579126,0
579127,0
579128,0
579129,0
579130,0
579131,0
579132,0
579133,11
579134,0
579135,0
579136,0
579137,0
579138,0
579139,0
579140,0
579141,0
579142,0
579143,0
579144,0
579145,0
579146,0
579147,0
579148,0
579149,0
579150,0
579151,0
579152,0
579153,0
579154,0
579155,0
579156,0
579157,0
579158,0
579159,0
579160,0
579161,7
579162,0
579163,0
579164,0
579165,0
579166,0
579167,0
579168,0
579169,0
579170,0
579171,0
579172,0
579173,0
579174,0
579175,0
579176,0
579177,0
579178,0
579179,0
579180,0
579181,0
579182,0
579183,0
579184,0
579185,0
579186,0
579187,6
579188,0
579189,0
579190,0
579191,0
579192,0
579193,0
579194,14
579195,0
579196,0
579197,0
579198,0
579199,18
579200,0
579201,15
579202,0
579203,0
579204,0
579205,0
579206,0
579207,0
579208,0
579209,0
579210,0
579211,12
579212,0
579213,0
579214,0
579215,0
579216,0
579217,0
579218,0
579219,0
579220,0
579221,0
579222,0
579223,0
579224,0
579225,0
579226,0
579227,0
579228,0
579229,0
579230,0
579231,0
579232,0
579233,0
579234,0
579235,0
579236,0
579237,0
579238,0
579239,0
579240,0
579241,0
579242,0
579243,0
579244,0
579245,0
579246,13
579247,0
579248,0
579249,0
579250,0
579251,15
579252,0
579253,0
579254,0
579255,0
579256,0
579257,0
579258,0
579259,0
579260,0
579261,0
579262,0
579263,0
579264,0
579265,0
579266,0
579267,0
579268,0
579269,0
579270,0
579271,0
579272,0
579273,0
579274,0
579275,0
579276,0
579277,0
579278,0
579279,0
579280,0
579281,0
579282,0
579283,0
579284,0
579285,0
579286,0
579287,0
579288,0
579289,0
579290,0
579291,0
579292,0
579293,0
579294,0
579295,0
579296,0
579297,0
579298,0
579299,0
579300,0
579301,0
579302,0
579303,0
579304,0
579305,0
579306,0
579307,0
579308,0
579309,0
579310,0
579311,0
579312,7
579313,0
579314,0
579315,0
579316,0
579317,0
579318,0
579319,0
579320,16
579321,0
579322,0
579323,0
579324,0
579325,0
579326,0
579327,0
579328,0
579329,0
579330,0
579331,0
579332,16
579333,0
579334,0
579335,0
579336,0
579337,0
579338,0
579339,0
579340,0
579341,0
579342,0
579343,0
579344,0
579345,0
579346,0
579347,0
579348,0
579349,0
579350,0
579351,0
579352,0
579353,11
579354,0
579355,0
579356,0
579357,0
579358,0
579359,0
579360,0
579361,0
579362,0
579363,0
579364,0
579365,0
579366,0
579367,0
579368,0
579369,0
579370,0
579371,0
579372,0
579373,0
579374,0
579375,0
579376,0
579377,0
579378,0
579379,0
579380,0
579381,0
579382,0
579383,0
579384,0
579385,0
579386,0
579387,0
579388,0
579389,0
579390,0
579391,0
579392,0
579393,0
579394,0
579395,0
579396,0
579397,0
579398,0
579399,0
579400,5
579401,0
579402,0
579403,0
579404,0
579405,0
579406,0
579407,0
579408,0
579409,14
579410,0
579411,0
579412,0
579413,0
579414,0
579415,0
579416,0
579417,0
579418,0
579419,0
579420,0
579421,0
579422,0
579423,0
579424,0
579425,0
579426,0
579427,0
579428,0
579429,0
579430,0
579431,0
579432,0
579433,0
579434,0
579435,0
579436,0
579437,0
579438,0
579439,0
579440,0
579441,13
579442,0
579443,0
579444,0
579445,0
579446,0
579447,0
579448,0
579449,0
579450,0
579451,0
579452,0
579453,0
579454,0
579455,0
579456,0
579457,0
579458,0
579459,0
579460,0
579461,0
579462,0
579463,0
579464,0
579465,0
579466,0
579467,0
579468,0
579469,0
579470,0
579471,0
579472,0
579473,0
579474,0
579475,0
579476,0
579477,0
579478,0
579479,0
579480,0
579481,0
579482,0
579483,0
579484,0
579485,0
579486,0
579487,0
579488,0
579489,0
579490,16
579491,0
579492,0
579493,0
579494,0
579495,0
579496,0
579497,0
579498,0
579499,0
579500,0
579501,0
579502,0
579503,0
579504,0
579505,0
579506,16
579507,0
579508,24
579509,0
579510,0
579511,0
579512,0
579513,0
579514,0
579515,0
579516,0
579517,0
579518,0
579519,0
579520,0
579521,0
579522,0
579523,0
579524,0
579525,0
579526,0
579527,0
579528,15
579529,0
579530,0
579531,0
579532,0
579533,0
579534,0
579535,0
579536,0
579537,15
579538,0
579539,0
579540,0
579541,0
579542,0
579543,0
579544,0
579545,0
579546,0
579547,0
579548,0
579549,0
579550,0
579551,0
579552,0
579553,0
579554,0
579555,0
579556,0
579557,0
579558,0
579559,0
579560,0
579561,25
579562,0
579563,0
579564,0
579565,0
579566,0
579567,0
579568,24
579569,0
579570,0
579571,0
579572,0
579573,0
579574,0
579575,0
579576,23
579577,0
579578,26
579579,0
579580,26
579581,0
579582,0
579583,17
579584,0
579585,33
579586,0
579587,0
579588,31
579589,34
579590,0
579591,0
579592,0
579593,0
579594,0
579595,24
579596,0
579597,0
579598,0
579599,0
579600,0
579601,0
579602,0
579603,0
579604,0
579605,0
579606,0
579607,0
579608,0
579609,0
579610,30
579611,32
579612,0
579613,0
579614,0
579615,0
579616,0
579617,0
579618,0
579619,42
579620,23
579621,32
579622,33
579623,0
579624,0
579625,0
579626,0
579627,0
579628,41
579629,0
579630,0
579631,0
579632,0
579633,19
579634,0
579635,23
579636,40
579637,0
579638,0
579639,26
579640,0
579641,0
579642,0
579643,0
579644,0
579645,21
579646,0
579647,0
579648,0
579649,0
579650,20
579651,0
579652,0
579653,19
579654,23
579655,0
579656,0
579657,25
579658,0
579659,0
579660,34
579661,0
579662,30
579663,0
579664,23
579665,18
579666,0
579667,0
579668,21
579669,0
579670,0
579671,0
579672,0
579673,0
579674,28
579675,0
579676,0
579677,0
579678,0
579679,0
579680,0
579681,0
579682,0
579683,0
579684,0
579685,0
579686,21
579687,0
579688,0
579689,17
579690,22
579691,35
579692,0
579693,0
579694,17
579695,27
579696,0
579697,0
579698,15
579699,0
579700,0
579701,17
579702,0
579703,0
579704,29
579705,28
579706,0
579707,0
579708,0
579709,0
579710,0
579711,0
579712,0
579713,0
579714,0
579715,0
579716,0
579717,0
579718,0
579719,22
579720,0
579721,0
579722,40
579723,32
579724,19
579725,0
579726,0
579727,0
579728,0
579729,0
579730,0
579731,0
579732,0
579733,25
579734,32
579735,0
579736,0
579737,0
579738,28
579739,0
579740,0
579741,0
579742,0
579743,50
579744,0
579745,0
579746,0
579747,0
579748,0
579749,28
579750,0
579751,0
579752,0
579753,0
579754,0
579755,0
579756,0
579757,0
579758,30
579759,0
579760,0
579761,0
579762,0
579763,0
579764,0
579765,0
579766,0
579767,0
579768,0
579769,0
579770,0
579771,0
579772,0
579773,0
579774,0
579775,0
579776,0
579777,20
579778,0
579779,29
579780,17
579781,0
579782,0
579783,0
579784,0
579785,28
579786,7
579787,11
579788,0
579789,0
579790,0
579791,11
579792,0
579793,0
579794,0
579795,29
579796,25
579797,20
579798,0
579799,0
579800,0
579801,0
579802,0
579803,0
579804,0
579805,13
579806,0
579807,0
579808,17
579809,0
579810,0
579811,0
579812,10
579813,0
579814,0
579815,33
579816,0
579817,0
579818,7
579819,0
579820,21
579821,0
579822,0
579823,0
579824,20
579825,0
579826,0
579827,16
579828,17
579829,0
579830,0
579831,0
579832,0
579833,0
579834,17
579835,7
579836,25
579837,17
579838,0
579839,0
579840,16
579841,22
579842,0
579843,0
579844,0
579845,0
579846,0
579847,0
579848,0
579849,0
579850,23
579851,13
579852,0
579853,0
579854,0
579855,0
579856,31
579857,0
579858,0
579859,0
579860,0
579861,11
579862,0
579863,0
579864,0
579865,0
579866,0
579867,14
579868,0
579869,0
579870,0
579871,0
579872,0
579873,0
579874,15
579875,0
579876,0
579877,0
579878,0
579879,0
579880,0
579881,0
579882,13
579883,0
579884,0
579885,0
579886,0
579887,0
579888,0
579889,0
579890,0
579891,0
579892,0
579893,0
579894,0
579895,13
579896,19
579897,0
579898,0
579899,0
579900,0
579901,0
579902,18
579903,25
579904,0
579905,0
579906,11
579907,14
579908,0
579909,22
579910,0
579911,0
579912,0
579913,13
579914,0
579915,0
579916,0
579917,9
579918,12
579919,0
579920,0
579921,0
579922,0
579923,0
579924,0
579925,0
579926,0
579927,0
579928,0
579929,30
579930,12
579931,20
579932,10
579933,0
579934,0
579935,0
579936,17
579937,0
579938,0
579939,0
579940,0
579941,0
579942,0
579943,0
579944,13
579945,0
579946,0
579947,0
579948,0
579949,0
579950,0
579951,0
579952,0
579953,0
579954,0
579955,0
579956,0
579957,0
579958,0
579959,0
579960,0
579961,0
579962,0
579963,21
579964,0
579965,0
579966,0
579967,0
579968,0
579969,0
579970,0
579971,17
579972,0
579973,0
579974,0
579975,0
579976,0
579977,22
579978,0
579979,0
579980,0
579981,15
579982,0
579983,0
579984,0
579985,0
579986,0
579987,0
579988,0
579989,0
579990,0
579991,0
579992,0
579993,15
579994,0
579995,0
579996,0
579997,0
579998,0
579999,0
580000,0
580001,0
580002,0
580003,18
580004,13
580005,0
580006,0
580007,0
580008,0
580009,0
580010,0
580011,0
580012,0
580013,14
580014,0
580015,0
580016,0
580017,0
580018,17
580019,0
580020,0
580021,0
580022,0
580023,0
580024,0
580025,24
580026,0
580027,0
580028,0
580029,0
580030,0
580031,0
580032,0
580033,0
580034,28
580035,19
580036,0
580037,17
580038,13
580039,0
580040,0
580041,0
580042,0
580043,0
580044,0
580045,16
580046,0
580047,0
580048,0
580049,0
580050,0
580051,0
580052,0
580053,0
580054,18
580055,0
580056,0
580057,12
580058,0
580059,0
580060,0
580061,0
580062,0
580063,0
580064,0
580065,0
580066,0
580067,0
580068,0
580069,0
580070,0
580071,0
580072,0
580073,0
580074,14
580075,0
580076,0
580077,0
580078,0
580079,0
580080,0
580081,0
580082,0
580083,0
580084,0
580085,0
580086,0
580087,0
580088,0
580089,0
580090,0
580091,0
580092,0
580093,0
580094,0
580095,0
580096,0
580097,22
580098,0
580099,0
580100,0
580101,0
580102,0
580103,0
580104,0
580105,0
580106,18
580107,0
580108,0
580109,0
580110,24
580111,0
580112,0
580113,0
580114,0
580115,0
580116,0
580117,0
580118,0
580119,0
580120,0
580121,0
580122,0
580123,0
580124,0
580125,0
580126,0
580127,0
580128,0
580129,0
580130,0
580131,21
580132,7
580133,0
580134,0
580135,0
580136,0
580137,0
580138,0
580139,0
580140,0
580141,17
580142,0
580143,0
580144,0
580145,0
580146,0
580147,0
580148,0
580149,0
580150,0
580151,0
580152,0
580153,0
580154,0
580155,0
580156,0
580157,0
580158,0
580159,0
580160,0
580161,0
580162,0
580163,0
580164,0
580165,0
580166,0
580167,0
580168,0
580169,0
580170,0
580171,0
580172,0
580173,0
580174,20
580175,0
580176,0
580177,0
580178,0
580179,0
580180,0
580181,22
580182,0
580183,0
580184,0
580185,0
580186,0
580187,0
580188,0
580189,22
580190,0
580191,27
580192,0
580193,0
580194,0
580195,0
580196,0
580197,0
580198,0
580199,0
580200,0
580201,0
580202,0
580203,0
580204,0
580205,0
580206,0
580207,0
580208,14
580209,0
580210,0
580211,0
580212,0
580213,0
580214,0
580215,0
580216,0
580217,0
580218,0
580219,0
580220,0
580221,0
580222,0
580223,0
580224,0
580225,0
580226,0
580227,0
580228,0
580229,0
580230,0
580231,0
580232,0
580233,0
580234,0
580235,0
580236,0
580237,0
580238,0
580239,0
580240,21
580241,0
580242,0
580243,0
580244,0
580245,0
580246,0
580247,0
580248,0
580249,0
580250,0
580251,0
580252,0
580253,9
580254,0
580255,0
580256,0
580257,0
580258,0
580259,0
580260,0
580261,0
580262,0
580263,0
580264,0
580265,0
580266,0
580267,0
580268,0
580269,0
580270,0
580271,0
580272,0
580273,0
580274,13
580275,0
580276,0
580277,0
580278,0
580279,0
580280,0
580281,0
580282,11
580283,0
580284,0
580285,0
580286,0
580287,0
580288,0
580289,0
580290,0
580291,0
580292,0
580293,16
580294,0
580295,0
580296,0
580297,0
580298,0
580299,0
580300,0
580301,0
580302,0
580303,15
580304,0
580305,0
580306,0
580307,0
580308,0
580309,0
580310,0
580311,0
580312,0
580313,0
580314,0
580315,24
580316,0
580317,0
580318,0
580319,0
580320,0
580321,0
580322,0
580323,0
580324,0
580325,0
580326,0
580327,0
580328,0
580329,0
580330,0
580331,0
580332,0
580333,0
580334,0
580335,0
580336,0
580337,0
580338,0
580339,17
580340,0
580341,0
580342,0
580343,0
580344,0
580345,0
580346,0
580347,0
580348,0
580349,0
580350,0
580351,0
580352,0
580353,0
580354,0
580355,0
580356,0
580357,0
580358,13
580359,0
580360,0
580361,0
580362,0
580363,16
580364,0
580365,0
580366,0
580367,9
580368,0
580369,0
580370,17
580371,0
580372,0
580373,0
580374,0
580375,0
580376,0
580377,22
580378,0
580379,0
580380,18
580381,0
580382,0
580383,0
580384,0
580385,0
580386,0
580387,0
580388,0
580389,0
580390,0
580391,0
580392,0
580393,0
580394,0
580395,0
580396,0
580397,0
580398,0
580399,0
580400,0
580401,0
580402,0
580403,0
580404,0
580405,0
580406,0
580407,0
580408,0
580409,0
580410,0
580411,0
580412,0
580413,0
580414,0
580415,0
580416,0
580417,0
580418,0
580419,0
580420,0
580421,0
580422,0
580423,0
580424,0
580425,0
580426,0
580427,0
580428,17
580429,0
580430,0
580431,17
580432,0
580433,0
580434,0
580435,0
580436,0
580437,0
580438,0
580439,0
580440,0
580441,0
580442,0
580443,0
580444,0
580445,0
580446,18
580447,0
580448,0
580449,0
580450,0
580451,0
580452,0
580453,0
580454,0
580455,0
580456,0
580457,0
580458,0
580459,0
580460,0
580461,0
580462,0
580463,15
580464,0
580465,0
580466,0
580467,0
580468,0
580469,0
580470,0
580471,0
580472,0
580473,16
580474,0
580475,0
580476,16
580477,12
580478,0
580479,0
580480,0
580481,0
580482,0
580483,12
580484,0
580485,0
580486,0
580487,0
580488,0
580489,0
580490,11
580491,0
580492,0
580493,0
580494,20
580495,15
580496,0
580497,0
580498,0
580499,0
580500,0
580501,0
580502,26
580503,0
580504,0
580505,0
580506,0
580507,0
580508,0
580509,0
580510,0
580511,0
580512,0
580513,0
580514,0
580515,20
580516,0
580517,0
580518,0
580519,0
580520,0
580521,0
580522,0
580523,0
580524,0
580525,0
580526,17
580527,0
580528,0
580529,18
580530,0
580531,0
580532,0
580533,0
580534,0
580535,0
580536,0
580537,0
580538,38
580539,0
580540,0
580541,0
580542,0
580543,0
580544,0
580545,0
580546,0
580547,0
580548,0
580549,0
580550,0
580551,0
580552,18
580553,0
580554,0
580555,0
580556,0
580557,0
580558,0
580559,0
580560,0
580561,0
580562,0
580563,0
580564,0
580565,0
580566,0
580567,0
580568,17
580569,0
580570,18
580571,0
580572,0
580573,18
580574,0
580575,0
580576,0
580577,0
580578,0
580579,0
580580,0
580581,0
580582,0
580583,0
580584,0
580585,0
580586,0
580587,0
580588,0
580589,0
580590,0
580591,0
580592,0
580593,0
580594,20
580595,0
580596,28
580597,0
580598,0
580599,0
580600,0
580601,0
580602,0
580603,0
580604,17
580605,0
580606,0
580607,0
580608,0
580609,0
580610,0
580611,0
580612,0
580613,0
580614,0
580615,0
580616,0
580617,0
580618,0
580619,0
580620,0
580621,0
580622,16
580623,0
580624,18
580625,19
580626,0
580627,0
580628,0
580629,0
580630,0
580631,0
580632,0
580633,0
580634,32
580635,0
580636,0
580637,0
580638,0
580639,0
580640,0
580641,0
580642,0
580643,0
580644,0
580645,0
580646,0
580647,0
580648,0
580649,0
580650,15
580651,0
580652,0
580653,0
580654,19
580655,0
580656,0
580657,0
580658,0
580659,0
580660,15
580661,0
580662,22
580663,0
580664,0
580665,0
580666,0
580667,0
580668,0
580669,0
580670,0
580671,0
580672,18
580673,0
580674,0
580675,17
580676,0
580677,0
580678,0
580679,0
580680,0
580681,0
580682,12
580683,0
580684,0
580685,0
580686,0
580687,0
580688,0
580689,0
580690,0
580691,0
580692,15
580693,0
580694,0
580695,0
580696,17
580697,0
580698,0
580699,20
580700,23
580701,19
580702,0
580703,0
580704,0
580705,0
580706,0
580707,0
580708,12
580709,0
580710,0
580711,0
580712,0
580713,0
580714,0
580715,0
580716,11
580717,0
580718,0
580719,0
580720,0
580721,0
580722,0
580723,0
580724,0
580725,0
580726,0
580727,0
580728,0
580729,0
580730,0
580731,0
580732,0
580733,0
580734,0
580735,0
580736,0
580737,0
580738,0
580739,0
580740,0
580741,0
580742,0
580743,0
580744,10
580745,0
580746,0
580747,28
580748,0
580749,0
580750,0
580751,0
580752,0
580753,0
580754,0
580755,0
580756,0
580757,0
580758,0
580759,10
580760,0
580761,0
580762,0
580763,0
580764,0
580765,0
580766,0
580767,0
580768,24
580769,0
580770,0
580771,0
580772,0
580773,0
580774,26
580775,0
580776,0
580777,0
580778,0
580779,0
580780,0
580781,0
580782,0
580783,0
580784,0
580785,0
580786,0
580787,0
580788,0
580789,15
580790,18
580791,0
580792,0
580793,0
580794,0
580795,0
580796,0
580797,0
580798,0
580799,0
580800,0
580801,0
580802,0
580803,0
580804,0
580805,0
580806,0
580807,0
580808,0
580809,0
580810,0
580811,0
580812,0
580813,0
580814,0
580815,0
580816,0
580817,0
580818,0
580819,19
580820,0
580821,0
580822,0
580823,11
580824,0
580825,0
580826,0
580827,0
580828,0
580829,0
580830,0
580831,0
580832,0
580833,0
580834,0
580835,0
580836,0
580837,0
580838,0
580839,13
580840,0
580841,19
580842,0
580843,0
580844,0
580845,22
580846,0
580847,0
580848,0
580849,0
580850,0
580851,0
580852,19
580853,0
580854,0
580855,0
580856,0
580857,0
580858,14
580859,23
580860,0
580861,0
580862,0
580863,0
580864,0
580865,0
580866,0
580867,0
580868,0
580869,0
580870,0
580871,0
580872,0
580873,0
580874,0
580875,0
580876,0
580877,8
580878,0
580879,0
580880,16
580881,11
580882,0
580883,0
580884,0
580885,0
580886,18
580887,0
580888,0
580889,0
580890,0
580891,0
580892,0
580893,0
580894,0
580895,0
580896,0
580897,0
580898,0
580899,0
580900,0
580901,0
580902,0
580903,0
580904,0
580905,0
580906,0
580907,0
580908,0
580909,0
580910,0
580911,14
580912,11
580913,0
580914,0
580915,0
580916,0
580917,0
580918,0
580919,0
580920,0
580921,0
580922,0
580923,13
580924,9
580925,0
580926,0
580927,0
580928,0
580929,0
580930,0
580931,0
580932,0
580933,0
580934,0
580935,0
580936,0
580937,3
580938,0
580939,0
580940,0
580941,0
580942,0
580943,0
580944,0
580945,0
580946,0
580947,0
580948,0
580949,0
580950,0
580951,0
580952,0
580953,0
580954,0
580955,6
580956,0
580957,0
580958,0
580959,0
580960,0
580961,0
580962,15
580963,0
580964,0
580965,0
580966,0
580967,0
580968,0
580969,0
580970,0
580971,4
580972,0
580973,0
580974,0
580975,0
580976,0
580977,0
580978,0
580979,0
580980,0
580981,0
580982,0
580983,13
580984,0
580985,0
580986,0
580987,0
580988,0
580989,0
580990,0
580991,0
580992,0
580993,0
580994,0
580995,0
580996,0
580997,0
580998,0
580999,0
581000,0
581001,0
581002,0
581003,0
581004,0
581005,0
581006,0
581007,0
581008,0
581009,0
581010,0
581011,0
581012,0
581013,0
581014,0
581015,0
581016,0
581017,0
581018,0
581019,0
581020,0
581021,0
581022,0
581023,0
581024,5
581025,0
581026,0
581027,0
581028,0
581029,0
581030,0
581031,0
581032,0
581033,0
581034,0
581035,0
581036,0
581037,0
581038,0
581039,0
581040,0
581041,0
581042,0
581043,0
581044,0
581045,0
581046,0
581047,0
581048,0
581049,0
581050,0
581051,0
581052,20
581053,0
581054,0
581055,0
581056,0
581057,0
581058,0
581059,0
581060,0
581061,0
581062,0
581063,0
581064,20
581065,0
581066,0
581067,0
581068,0
581069,0
581070,0
581071,0
581072,0
581073,0
581074,0
581075,0
581076,0
581077,0
581078,0
581079,0
581080,0
581081,0
581082,0
581083,0
581084,0
581085,0
581086,0
581087,0
581088,0
581089,0
581090,0
581091,0
581092,0
581093,0
581094,0
581095,0
581096,0
581097,0
581098,0
581099,0
581100,0
581101,0
581102,0
581103,0
581104,0
581105,14
581106,18
581107,0
581108,0
581109,0
581110,32
581111,0
581112,0
581113,0
581114,0
581115,0
581116,0
581117,0
581118,0
581119,0
581120,0
581121,0
581122,0
581123,0
581124,0
581125,0
581126,0
581127,0
581128,0
581129,0
581130,0
581131,0
581132,0
581133,0
581134,0
581135,0
581136,0
581137,0
581138,0
581139,9
581140,0
581141,0
581142,0
581143,0
581144,0
581145,0
581146,0
581147,0
581148,0
581149,0
581150,0
581151,0
581152,0
581153,0
581154,0
581155,0
581156,0
581157,0
581158,0
581159,0
581160,0
581161,0
581162,0
581163,0
581164,0
581165,0
581166,0
581167,0
581168,0
581169,0
581170,0
581171,0
581172,0
581173,0
581174,0
581175,0
581176,0
581177,0
581178,0
581179,0
581180,0
581181,0
581182,0
581183,0
581184,0
581185,19
581186,0
581187,0
581188,0
581189,12
581190,0
581191,14
581192,0
581193,0
581194,0
581195,0
581196,0
581197,0
581198,0
581199,0
581200,0
581201,0
581202,0
581203,0
581204,0
581205,0
581206,0
581207,0
581208,26
581209,0
581210,0
581211,0
581212,0
581213,0
581214,0
581215,0
581216,0
581217,0
581218,0
581219,0
581220,0
581221,0
581222,14
581223,0
581224,0
581225,0
581226,0
581227,0
581228,0
581229,0
581230,0
581231,0
581232,0
581233,17
581234,0
581235,0
581236,0
581237,0
581238,0
581239,30
581240,0
581241,0
581242,0
581243,0
581244,0
581245,21
581246,0
581247,0
581248,11
581249,0
581250,0
581251,0
581252,0
581253,0
581254,0
581255,0
581256,0
581257,0
581258,0
581259,0
581260,6
581261,0
581262,0
581263,0
581264,0
581265,0
581266,0
581267,0
581268,0
581269,0
581270,27
581271,0
581272,0
581273,19
581274,18
581275,0
581276,0
581277,0
581278,0
581279,0
581280,0
581281,0
581282,0
581283,0
581284,0
581285,21
581286,0
581287,0
581288,0
581289,0
581290,0
581291,0
581292,0
581293,0
581294,0
581295,0
581296,0
581297,0
581298,0
581299,0
581300,0
581301,0
581302,0
581303,0
581304,0
581305,0
581306,0
581307,0
581308,0
581309,0
581310,0
581311,0
581312,18
581313,0
581314,0
581315,11
581316,0
581317,0
581318,0
581319,0
581320,0
581321,0
581322,21
581323,0
581324,0
581325,0
581326,0
581327,0
581328,0
581329,21
581330,19
581331,0
581332,13
581333,0
581334,0
581335,0
581336,0
581337,22
581338,29
581339,0
581340,0
581341,0
581342,0
581343,0
581344,22
581345,0
581346,17
581347,27
581348,0
581349,0
581350,0
581351,0
581352,0
581353,0
581354,0
581355,0
581356,0
581357,0
581358,0
581359,0
581360,0
581361,0
581362,0
581363,0
581364,0
581365,0
581366,0
581367,0
581368,0
581369,0
581370,0
581371,0
581372,0
581373,0
581374,0
581375,0
581376,0
581377,0
581378,0
581379,0
581380,0
581381,0
581382,0
581383,0
581384,17
581385,0
581386,0
581387,0
581388,16
581389,0
581390,0
581391,0
581392,0
581393,0
581394,0
581395,0
581396,0
581397,12
581398,0
581399,0
581400,0
581401,0
581402,0
581403,0
581404,0
581405,0
581406,0
581407,0
581408,17
581409,0
581410,0
581411,0
581412,0
581413,0
581414,0
581415,0
581416,0
581417,0
581418,0
581419,0
581420,0
581421,0
581422,0
581423,0
581424,0
581425,16
581426,0
581427,0
581428,0
581429,0
581430,0
581431,0
581432,0
581433,0
581434,0
581435,0
581436,0
581437,0
581438,0
581439,0
581440,0
581441,0
581442,29
581443,0
581444,0
581445,0
581446,0
581447,17
581448,0
581449,0
581450,0
581451,0
581452,0
581453,0
581454,0
581455,0
581456,0
581457,0
581458,0
581459,23
581460,0
581461,0
581462,0
581463,0
581464,0
581465,0
581466,0
581467,0
581468,0
581469,0
581470,0
581471,0
581472,0
581473,0
581474,0
581475,0
581476,0
581477,0
581478,0
581479,27
581480,15
581481,32
581482,0
581483,0
581484,0
581485,18
581486,0
581487,0
581488,0
581489,0
581490,0
581491,0
581492,0
581493,0
581494,0
581495,0
581496,0
581497,0
581498,0
581499,0
581500,0
581501,0
581502,0
581503,0
581504,0
581505,25
581506,0
581507,0
581508,0
581509,0
581510,0
581511,0
581512,0
581513,0
581514,0
581515,0
581516,29
581517,0
581518,0
581519,0
581520,0
581521,0
581522,0
581523,23
581524,0
581525,0
581526,0
581527,0
581528,0
581529,0
581530,0
581531,0
581532,0
581533,0
581534,0
581535,0
581536,0
581537,0
581538,18
581539,0
581540,0
581541,22
581542,0
581543,0
581544,0
581545,0
581546,28
581547,19
581548,0
581549,0
581550,0
581551,0
581552,0
581553,0
581554,0
581555,0
581556,0
581557,0
581558,24
581559,0
581560,0
581561,0
581562,0
581563,0
581564,0
581565,0
581566,0
581567,0
581568,0
581569,0
581570,0
581571,0
581572,0
581573,29
581574,0
581575,0
581576,0
581577,15
581578,0
581579,24
581580,0
581581,20
581582,0
581583,0
581584,0
581585,0
581586,0
581587,0
581588,0
581589,0
581590,0
581591,0
581592,0
581593,14
581594,0
581595,0
581596,0
581597,0
581598,0
581599,0
581600,0
581601,0
581602,0
581603,0
581604,0
581605,0
581606,0
581607,0
581608,0
581609,0
581610,0
581611,0
581612,16
581613,0
581614,0
581615,0
581616,0
581617,0
581618,0
581619,0
581620,0
581621,0
581622,0
581623,0
581624,0
581625,0
581626,0
581627,0
581628,0
581629,0
581630,0
581631,0
581632,0
581633,0
581634,0
581635,12
581636,0
581637,0
581638,0
581639,0
581640,0
581641,0
581642,0
581643,0
581644,0
581645,0
581646,0
581647,0
581648,0
581649,0
581650,0
581651,0
581652,0
581653,0
581654,0
581655,0
581656,0
581657,0
581658,0
581659,0
581660,0
581661,0
581662,0
581663,0
581664,0
581665,18
581666,0
581667,0
581668,0
581669,0
581670,0
581671,0
581672,0
581673,0
581674,0
581675,0
581676,0
581677,0
581678,0
581679,21
581680,0
581681,0
581682,0
581683,0
581684,0
581685,0
581686,0
581687,0
581688,0
581689,24
581690,0
581691,0
581692,0
581693,0
581694,0
581695,0
581696,12
581697,0
581698,0
581699,0
581700,0
581701,0
581702,0
581703,0
581704,0
581705,0
581706,16
581707,0
581708,0
581709,26
581710,0
581711,0
581712,0
581713,0
581714,0
581715,0
581716,0
581717,0
581718,0
581719,0
581720,0
581721,0
581722,0
581723,15
581724,0
581725,0
581726,0
581727,13
581728,0
581729,0
581730,0
581731,0
581732,0
581733,0
581734,0
581735,0
581736,0
581737,0
581738,0
581739,0
581740,0
581741,21
581742,24
581743,0
581744,0
581745,0
581746,0
581747,0
581748,0
581749,0
581750,0
581751,16
581752,0
581753,0
581754,35
581755,0
581756,0
581757,19
581758,0
581759,0
581760,0
581761,0
581762,0
581763,0
581764,0
581765,0
581766,0
581767,0
581768,38
581769,0
581770,0
581771,0
581772,0
581773,0
581774,0
581775,0
581776,0
581777,0
581778,21
581779,0
581780,0
581781,0
581782,22
581783,16
581784,0
581785,0
581786,0
581787,0
581788,0
581789,0
581790,0
581791,37
581792,0
581793,19
581794,0
581795,0
581796,0
581797,0
581798,0
581799,0
581800,0
581801,0
581802,0
581803,0
581804,0
581805,0
581806,0
581807,33
581808,0
581809,45
581810,0
581811,0
581812,19
581813,0
581814,0
581815,0
581816,0
581817,0
581818,0
581819,0
581820,0
581821,0
581822,27
581823,0
581824,0
581825,0
581826,0
581827,0
581828,0
581829,25
581830,0
581831,0
581832,0
581833,0
581834,0
581835,25
581836,25
581837,0
581838,0
581839,0
581840,0
581841,19
581842,0
581843,0
581844,24
581845,0
581846,0
581847,0
581848,0
581849,0
581850,0
581851,0
581852,0
581853,0
581854,0
581855,0
581856,0
581857,0
581858,0
581859,0
581860,0
581861,0
581862,0
581863,0
581864,0
581865,0
581866,0
581867,0
581868,0
581869,0
581870,0
581871,0
581872,0
581873,0
581874,0
581875,0
581876,0
581877,0
581878,0
581879,0
581880,27
581881,9
581882,12
581883,10
581884,0
581885,0
581886,0
581887,0
581888,15
581889,0
581890,0
581891,0
581892,0
581893,8
581894,0
581895,0
581896,0
581897,0
581898,0
581899,0
581900,0
581901,0
581902,0
581903,0
581904,13
581905,7
581906,0
581907,0
581908,0
581909,0
581910,0
581911,0
581912,0
581913,0
581914,8
581915,0
581916,0
581917,11
581918,12
581919,0
581920,0
581921,0
581922,7
581923,14
581924,0
581925,0
581926,0
581927,12
581928,9
581929,0
581930,0
581931,0
581932,0
581933,0
581934,0
581935,8
581936,0
581937,8
581938,0
581939,9
581940,0
581941,12
581942,0
581943,0
581944,0
581945,14
581946,0
581947,11
581948,12
581949,0
581950,8
581951,0
581952,8
581953,12
581954,0
581955,16
581956,0
581957,0
581958,0
581959,14
581960,0
581961,0
581962,0
581963,0
581964,0
581965,0
581966,11
581967,0
581968,0
581969,13
581970,12
581971,0
581972,0
581973,0
581974,0
581975,0
581976,0
581977,0
581978,7
581979,0
581980,0
581981,0
581982,14
581983,0
581984,0
581985,0
581986,14
581987,0
581988,0
581989,0
581990,10
581991,0
581992,12
581993,0
581994,0
581995,0
581996,8
581997,0
581998,0
581999,0
582000,0
582001,0
582002,0
582003,9
582004,15
582005,0
582006,8
582007,0
582008,0
582009,0
582010,0
582011,8
582012,0
582013,10
582014,0
582015,0
582016,9
582017,0
582018,0
582019,0
582020,0
582021,9
582022,0
582023,0
582024,10
582025,11
582026,0
582027,12
582028,12
582029,0
582030,4
582031,9
582032,0
582033,15
582034,6
582035,9
582036,0
582037,0
582038,0
582039,14
582040,10
582041,0
582042,0
582043,0
582044,0
582045,0
582046,0
582047,0
582048,0
582049,0
582050,0
582051,0
582052,0
582053,0
582054,0
582055,0
582056,0
582057,0
582058,0
582059,0
582060,0
582061,12
582062,0
582063,0
582064,0
582065,0
582066,0
582067,0
582068,0
582069,9
582070,9
582071,0
582072,0
582073,0
582074,11
582075,0
582076,14
582077,0
582078,0
582079,9
582080,0
582081,0
582082,0
582083,0
582084,0
582085,0
582086,0
582087,0
582088,11
582089,0
582090,0
582091,0
582092,0
582093,0
582094,0
582095,0
582096,0
582097,9
582098,0
582099,14
582100,0
582101,6
582102,0
582103,0
582104,8
582105,0
582106,0
582107,11
582108,0
582109,0
582110,11
582111,12
582112,7
582113,0
582114,3
582115,0
582116,5
582117,0
582118,0
582119,0
582120,0
582121,0
582122,0
582123,0
582124,0
582125,0
582126,0
582127,0
582128,10
582129,0
582130,14
582131,0
582132,0
582133,14
582134,0
582135,0
582136,0
582137,12
582138,11
582139,0
582140,0
582141,15
582142,5
582143,0
582144,0
582145,0
582146,13
582147,0
582148,0
582149,0
582150,11
582151,9
582152,0
582153,0
582154,9
582155,0
582156,0
582157,0
582158,10
582159,0
582160,0
582161,0
582162,0
582163,0
582164,0
582165,0
582166,0
582167,0
582168,0
582169,12
582170,0
582171,0
582172,0
582173,0
582174,0
582175,12
582176,0
582177,0
582178,0
582179,9
582180,0
582181,13
582182,0
582183,0
582184,0
582185,0
582186,0
582187,0
582188,0
582189,0
582190,0
582191,0
582192,2
582193,0
582194,18
582195,0
582196,0
582197,0
582198,0
582199,0
582200,0
582201,0
582202,8
582203,12
582204,0
582205,0
582206,0
582207,0
582208,0
582209,11
582210,0
582211,0
582212,6
582213,0
582214,10
582215,0
582216,0
582217,9
582218,10
582219,0
582220,0
582221,0
582222,0
582223,0
582224,0
582225,0
582226,0
582227,0
582228,0
582229,12
582230,0
582231,10
582232,0
582233,0
582234,0
582235,0
582236,13
582237,0
582238,11
582239,15
582240,0
582241,0
582242,9
582243,0
582244,0
582245,0
582246,9
582247,0
582248,14
582249,14
582250,0
582251,13
582252,0
582253,0
582254,0
582255,11
582256,0
582257,0
582258,0
582259,0
582260,16
582261,8
582262,0
582263,0
582264,0
582265,0
582266,6
582267,10
582268,0
582269,0
582270,0
582271,0
582272,0
582273,0
582274,0
582275,0
582276,0
582277,9
582278,5
582279,0
582280,0
582281,0
582282,0
582283,6
582284,7
582285,0
582286,0
582287,15
582288,0
582289,10
582290,0
582291,0
582292,17
582293,9
582294,0
582295,0
582296,0
582297,0
582298,0
582299,11
582300,0
582301,7
582302,0
582303,9
582304,0
582305,0
582306,0
582307,0
582308,9
582309,9
582310,0
582311,0
582312,0
582313,0
582314,0
582315,7
582316,0
582317,0
582318,0
582319,0
582320,12
582321,0
582322,0
582323,0
582324,0
582325,11
582326,17
582327,5
582328,0
582329,9
582330,0
582331,0
582332,0
582333,0
582334,11
582335,12
582336,0
582337,0
582338,0
582339,0
582340,0
582341,0
582342,0
582343,0
582344,0
582345,14
582346,0
582347,0
582348,0
582349,0
582350,0
582351,0
582352,0
582353,0
582354,0
582355,0
582356,0
582357,0
582358,10
582359,0
582360,0
582361,7
582362,0
582363,9
582364,0
582365,0
582366,4
582367,7
582368,0
582369,8
582370,0
582371,0
582372,6
582373,0
582374,9
582375,0
582376,0
582377,0
582378,0
582379,0
582380,7
582381,0
582382,0
582383,0
582384,0
582385,0
582386,0
582387,0
582388,0
582389,0
582390,0
582391,0
582392,19
582393,0
582394,0
582395,0
582396,0
582397,0
582398,9
582399,4
582400,0
582401,0
582402,0
582403,9
582404,0
582405,0
582406,7
582407,0
582408,0
582409,0
582410,0
582411,0
582412,0
582413,0
582414,11
582415,0
582416,0
582417,7
582418,0
582419,0
582420,0
582421,0
582422,0
582423,0
582424,7
582425,0
582426,0
582427,0
582428,0
582429,0
582430,0
582431,0
582432,0
582433,0
582434,0
582435,0
582436,5
582437,11
582438,0
582439,0
582440,0
582441,8
582442,0
582443,12
582444,0
582445,11
582446,0
582447,0
582448,8
582449,0
582450,0
582451,0
582452,0
582453,0
582454,0
582455,12
582456,10
582457,15
582458,0
582459,12
582460,0
582461,16
582462,0
582463,8
582464,0
582465,0
582466,9
582467,8
582468,11
582469,0
582470,0
582471,0
582472,0
582473,0
582474,0
582475,8
582476,0
582477,0
582478,0
582479,0
582480,0
582481,13
582482,6
582483,13
582484,0
582485,0
582486,0
582487,0
582488,0
582489,0
582490,7
582491,0
582492,0
582493,10
582494,0
582495,10
582496,0
582497,0
582498,0
582499,0
582500,10
582501,0
582502,0
582503,17
582504,0
582505,0
582506,0
582507,13
582508,9
582509,0
582510,6
582511,0
582512,0
582513,0
582514,0
582515,0
582516,0
582517,0
582518,0
582519,0
582520,0
582521,11
582522,0
582523,0
582524,0
582525,5
582526,0
582527,0
582528,0
582529,0
582530,9
582531,8
582532,0
582533,9
582534,0
582535,0
582536,15
582537,0
582538,0
582539,0
582540,0
582541,0
582542,0
582543,9
582544,0
582545,20
582546,0
582547,0
582548,0
582549,0
582550,9
582551,11
582552,13
582553,0
582554,0
582555,0
582556,0
582557,0
582558,0
582559,6
582560,0
582561,0
582562,6
582563,0
582564,0
582565,0
582566,0
582567,8
582568,0
582569,6
582570,0
582571,17
582572,0
582573,0
582574,0
582575,0
582576,0
582577,0
582578,0
582579,0
582580,0
582581,12
582582,0
582583,14
582584,0
582585,7
582586,12
582587,0
582588,0
582589,11
582590,0
582591,0
582592,0
582593,0
582594,0
582595,0
582596,0
582597,0
582598,7
582599,0
582600,0
582601,10
582602,0
582603,0
582604,0
582605,0
582606,0
582607,0
582608,0
582609,7
582610,11
582611,0
582612,0
582613,0
582614,0
582615,0
582616,0
582617,25
582618,0
582619,0
582620,0
582621,12
582622,0
582623,0
582624,0
582625,0
582626,0
582627,0
582628,0
582629,0
582630,0
582631,9
582632,0
582633,0
582634,0
582635,15
582636,0
582637,10
582638,0
582639,7
582640,0
582641,0
582642,0
582643,0
582644,0
582645,0
582646,13
582647,0
582648,0
582649,0
582650,0
582651,0
582652,0
582653,0
582654,0
582655,0
582656,0
582657,0
582658,0
582659,0
582660,0
582661,0
582662,0
582663,0
582664,9
582665,0
582666,0
582667,0
582668,0
582669,0
582670,0
582671,0
582672,0
582673,0
582674,0
582675,0
582676,0
582677,0
582678,0
582679,0
582680,0
582681,0
582682,0
582683,0
582684,0
582685,9
582686,0
582687,0
582688,0
582689,0
582690,0
582691,0
582692,0
582693,11
582694,0
582695,0
582696,0
582697,0
582698,18
582699,0
582700,0
582701,0
582702,0
582703,0
582704,0
582705,0
582706,0
582707,6
582708,0
582709,0
582710,0
582711,5
582712,0
582713,0
582714,6
582715,0
582716,0
582717,0
582718,0
582719,9
582720,6
582721,0
582722,0
582723,0
582724,0
582725,11
582726,0
582727,0
582728,0
582729,0
582730,0
582731,0
582732,7
582733,0
582734,0
582735,0
582736,0
582737,0
582738,12
582739,0
582740,6
582741,0
582742,0
582743,13
582744,0
582745,0
582746,0
582747,0
582748,0
582749,0
582750,0
582751,0
582752,0
582753,0
582754,0
582755,0
582756,0
582757,0
582758,0
582759,0
582760,0
582761,0
582762,16
582763,0
582764,0
582765,0
582766,0
582767,0
582768,0
582769,15
582770,0
582771,0
582772,0
582773,0
582774,0
582775,0
582776,10
582777,0
582778,11
582779,0
582780,0
582781,0
582782,0
582783,0
582784,16
582785,0
582786,0
582787,0
582788,0
582789,0
582790,0
582791,0
582792,0
582793,0
582794,0
582795,0
582796,0
582797,0
582798,0
582799,0
582800,0
582801,14
582802,9
582803,0
582804,0
582805,0
582806,0
582807,0
582808,12
582809,0
582810,7
582811,0
582812,0
582813,0
582814,0
582815,0
582816,0
582817,14
582818,0
582819,0
582820,0
582821,0
582822,13
582823,11
582824,0
582825,7
582826,0
582827,0
582828,0
582829,0
582830,0
582831,13
582832,12
582833,0
582834,7
582835,0
582836,0
582837,0
582838,0
582839,0
582840,0
582841,0
582842,15
582843,0
582844,0
582845,0
582846,0
582847,0
582848,0
582849,14
582850,10
582851,0
582852,0
582853,0
582854,0
582855,0
582856,0
582857,0
582858,16
582859,8
582860,0
582861,3
582862,0
582863,0
582864,0
582865,0
582866,0
582867,0
582868,0
582869,0
582870,0
582871,0
582872,0
582873,0
582874,14
582875,0
582876,0
582877,0
582878,0
582879,33
582880,0
582881,0
582882,0
582883,0
582884,0
582885,0
582886,27
582887,34
582888,0
582889,33
582890,23
582891,24
582892,0
582893,31
582894,0
582895,0
582896,0
582897,0
582898,0
582899,0
582900,26
582901,0
582902,0
582903,0
582904,20
582905,0
582906,30
582907,0
582908,0
582909,25
582910,0
582911,0
582912,0
582913,0
582914,27
582915,0
582916,0
582917,0
582918,20
582919,0
582920,16
582921,0
582922,28
582923,0
582924,0
582925,0
582926,24
582927,25
582928,0
582929,0
582930,27
582931,0
582932,0
582933,0
582934,26
582935,0
582936,0
582937,0
582938,30
582939,0
582940,0
582941,24
582942,0
582943,22
582944,0
582945,0
582946,0
582947,25
582948,0
582949,0
582950,0
582951,25
582952,0
582953,0
582954,0
582955,0
582956,0
582957,17
582958,0
582959,27
582960,0
582961,0
582962,28
582963,0
582964,0
582965,0
582966,0
582967,0
582968,0
582969,0
582970,34
582971,0
582972,0
582973,12
582974,0
582975,0
582976,26
582977,26
582978,21
582979,0
582980,0
582981,0
582982,0
582983,24
582984,0
582985,0
582986,0
582987,18
582988,0
582989,0
582990,0
582991,0
582992,16
582993,0
582994,0
582995,33
582996,0
582997,0
582998,0
582999,0
583000,17
583001,0
583002,0
583003,0
583004,0
583005,0
583006,0
583007,0
583008,18
583009,0
583010,31
583011,0
583012,0
583013,0
583014,0
583015,0
583016,0
583017,0
583018,0
583019,0
583020,0
583021,19
583022,0
583023,20
583024,0
583025,25
583026,0
583027,0
583028,0
583029,0
583030,0
583031,0
583032,41
583033,24
583034,26
583035,34
583036,0
583037,0
583038,23
583039,0
583040,0
583041,21
583042,0
583043,20
583044,0
583045,0
583046,0
583047,28
583048,0
583049,0
583050,0
583051,0
583052,0
583053,0
583054,0
583055,0
583056,0
583057,0
583058,21
583059,0
583060,0
583061,0
583062,0
583063,18
583064,24
583065,0
583066,0
583067,0
583068,0
583069,0
583070,0
583071,0
583072,28
583073,31
583074,0
583075,0
583076,0
583077,0
583078,0
583079,0
583080,0
583081,0
583082,19
583083,0
583084,0
583085,28
583086,0
583087,0
583088,0
583089,0
583090,0
583091,1
583092,0
583093,0
583094,0
583095,0
583096,0
583097,0
583098,0
583099,2
583100,0
583101,0
583102,0
583103,0
583104,0
583105,0
583106,0
583107,2
583108,0
583109,0
583110,0
583111,0
583112,0
583113,0
583114,0
583115,2
583116,0
583117,1
583118,0
583119,2
583120,0
583121,0
583122,4
583123,5
583124,0
583125,0
583126,0
583127,0
583128,0
583129,0
583130,2
583131,0
583132,0
583133,0
583134,0
583135,0
583136,5
583137,0
583138,0
583139,0
583140,0
583141,0
583142,0
583143,0
583144,0
583145,0
583146,0
583147,0
583148,0
583149,0
583150,0
583151,0
583152,0
583153,0
583154,0
583155,0
583156,0
583157,0
583158,0
583159,2
583160,0
583161,0
583162,0
583163,0
583164,0
583165,0
583166,3
583167,0
583168,0
583169,0
583170,0
583171,0
583172,0
583173,0
583174,0
583175,0
583176,0
583177,0
583178,1
583179,0
583180,0
583181,0
583182,0
583183,2
583184,0
583185,0
583186,0
583187,0
583188,0
583189,0
583190,0
583191,3
583192,0
583193,0
583194,0
583195,1
583196,0
583197,0
583198,4
583199,0
583200,3
583201,0
583202,0
583203,0
583204,0
583205,0
583206,0
583207,0
583208,0
583209,0
583210,0
583211,5
583212,1
583213,2
583214,0
583215,0
583216,1
583217,0
583218,0
583219,0
583220,0
583221,0
583222,0
583223,0
583224,3
583225,0
583226,0
583227,0
583228,0
583229,0
583230,0
583231,0
583232,0
583233,0
583234,0
583235,0
583236,0
583237,0
583238,4
583239,0
583240,0
583241,0
583242,0
583243,0
583244,0
583245,0
583246,0
583247,0
583248,0
583249,1
583250,0
583251,0
583252,0
583253,0
583254,0
583255,0
583256,0
583257,0
583258,0
583259,0
583260,0
583261,0
583262,0
583263,0
583264,3
583265,0
583266,0
583267,1
583268,0
583269,1
583270,0
583271,0
583272,0
583273,0
583274,4
583275,0
583276,0
583277,2
583278,0
583279,0
583280,0
583281,0
583282,1
583283,1
583284,0
583285,0
583286,0
583287,1
583288,0
583289,0
583290,3
583291,0
583292,0
583293,0
583294,0
583295,0
583296,0
583297,3
583298,0
583299,0
583300,0
583301,0
583302,0
583303,0
583304,0
583305,0
583306,0
583307,0
583308,0
583309,0
583310,0
583311,0
583312,0
583313,3
583314,0
583315,0
583316,0
583317,0
583318,2
583319,0
583320,0
583321,0
583322,0
583323,0
583324,3
583325,0
583326,0
583327,0
583328,0
583329,0
583330,0
583331,0
583332,1
583333,0
583334,2
583335,0
583336,0
583337,0
583338,0
583339,0
583340,0
583341,0
583342,0
583343,0
583344,0
583345,0
583346,0
583347,0
583348,1
583349,0
583350,0
583351,0
583352,2
583353,0
583354,0
583355,0
583356,0
583357,3
583358,0
583359,0
583360,0
583361,0
583362,0
583363,0
583364,0
583365,0
583366,6
583367,0
583368,2
583369,0
583370,2
583371,2
583372,0
583373,0
583374,0
583375,0
583376,0
583377,0
583378,0
583379,5
583380,2
583381,3
583382,0
583383,0
583384,0
583385,0
583386,0
583387,0
583388,0
583389,0
583390,0
583391,0
583392,0
583393,3
583394,0
583395,1
583396,0
583397,25
583398,0
583399,0
583400,0
583401,28
583402,0
583403,0
583404,0
583405,31
583406,0
583407,0
583408,0
583409,13
583410,0
583411,37
583412,0
583413,33
583414,0
583415,39
583416,0
583417,0
583418,0
583419,0
583420,0
583421,0
583422,0
583423,0
583424,38
583425,23
583426,25
583427,0
583428,42
583429,0
583430,0
583431,33
583432,30
583433,0
583434,0
583435,0
583436,0
583437,31
583438,36
583439,0
583440,0
583441,0
583442,34
583443,0
583444,46
583445,0
583446,11
583447,0
583448,33
583449,0
583450,0
583451,0
583452,0
583453,0
583454,0
583455,0
583456,0
583457,0
583458,0
583459,0
583460,0
583461,0
583462,0
583463,0
583464,0
583465,0
583466,0
583467,0
583468,0
583469,29
583470,0
583471,0
583472,0
583473,0
583474,0
583475,33
583476,0
583477,0
583478,39
583479,0
583480,19
583481,0
583482,27
583483,0
583484,0
583485,0
583486,36
583487,0
583488,0
583489,0
583490,36
583491,0
583492,0
583493,0
583494,24
583495,0
583496,34
583497,0
583498,0
583499,0
583500,0
583501,29
583502,0
583503,0
583504,26
583505,33
583506,0
583507,0
583508,42
583509,0
583510,0
583511,0
583512,0
583513,0
583514,0
583515,0
583516,33
583517,0
583518,0
583519,0
583520,0
583521,0
583522,0
583523,0
583524,0
583525,0
583526,32
583527,0
583528,0
583529,0
583530,0
583531,0
583532,0
583533,21
583534,34
583535,0
583536,22
583537,0
583538,23
583539,0
583540,0
583541,0
583542,0
583543,38
583544,0
583545,0
583546,13
583547,28
583548,0
583549,0
583550,0
583551,0
583552,0
583553,0
583554,38
583555,41
583556,0
583557,0
583558,0
583559,0
583560,33
583561,0
583562,0
583563,39
583564,33
583565,0
583566,35
583567,26
583568,0
583569,26
583570,0
583571,0
583572,50
583573,0
583574,24
583575,40
583576,38
583577,0
583578,0
583579,43
583580,0
583581,0
583582,0
583583,0
583584,0
583585,30
583586,0
583587,0
583588,0
583589,0
583590,0
583591,37
583592,18
583593,27
583594,28
583595,0
583596,0
583597,0
583598,0
583599,0
583600,0
583601,0
583602,30
583603,40
583604,0
583605,0
583606,0
583607,0
583608,0
583609,39
583610,0
583611,19
583612,35
583613,0
583614,0
583615,0
583616,0
583617,0
583618,0
583619,36
583620,0
583621,0
583622,0
583623,44
583624,0
583625,22
583626,0
583627,0
583628,0
583629,26
583630,0
583631,0
583632,27
583633,27
583634,0
583635,0
583636,28
583637,0
583638,37
583639,0
583640,0
583641,0
583642,0
583643,0
583644,0
583645,0
583646,0
583647,23
583648,0
583649,0
583650,37
583651,0
583652,0
583653,0
583654,0
583655,41
583656,0
583657,0
583658,0
583659,22
583660,0
583661,0
583662,49
583663,26
583664,45
583665,0
583666,0
583667,0
583668,0
583669,0
583670,35
583671,37
583672,0
583673,36
583674,36
583675,21
583676,0
583677,0
583678,0
583679,0
583680,0
583681,0
583682,41
583683,0
583684,0
583685,36
583686,0
583687,0
583688,0
583689,42
583690,21
583691,0
583692,0
583693,0
583694,0
583695,31
583696,0
583697,35
583698,0
583699,0
583700,0
583701,0
583702,40
583703,0
583704,0
583705,38
583706,38
583707,47
583708,0
583709,0
583710,0
583711,23
583712,0
583713,0
583714,39
583715,0
583716,0
583717,0
583718,0
583719,24
583720,0
583721,0
583722,0
583723,0
583724,0
583725,0
583726,0
583727,0
583728,0
583729,0
583730,35
583731,19
583732,0
583733,0
583734,38
583735,0
583736,0
583737,0
583738,0
583739,0
583740,42
583741,0
583742,0
583743,0
583744,0
583745,0
583746,0
583747,0
583748,0
583749,25
583750,0
583751,0
583752,0
583753,0
583754,0
583755,0
583756,0
583757,36
583758,0
583759,0
583760,0
583761,0
583762,0
583763,28
583764,0
583765,0
583766,0
583767,0
583768,0
583769,0
583770,0
583771,0
583772,36
583773,31
583774,0
583775,0
583776,0
583777,0
583778,0
583779,0
583780,0
583781,0
583782,0
583783,26
583784,0
583785,0
583786,24
583787,43
583788,0
583789,0
583790,37
583791,17
583792,0
583793,31
583794,31
583795,0
583796,0
583797,0
583798,0
583799,0
583800,0
583801,0
583802,0
583803,38
583804,26
583805,0
583806,0
583807,0
583808,0
583809,0
583810,0
583811,0
583812,0
583813,0
583814,0
583815,0
583816,0
583817,0
583818,0
583819,0
583820,37
583821,0
583822,0
583823,0
583824,0
583825,0
583826,0
583827,0
583828,0
583829,48
583830,33
583831,26
583832,0
583833,0
583834,0
583835,30
583836,0
583837,0
583838,0
583839,0
583840,0
583841,0
583842,0
583843,0
583844,0
583845,0
583846,0
583847,0
583848,17
583849,0
583850,0
583851,24
583852,0
583853,30
583854,0
583855,33
583856,0
583857,0
583858,0
583859,0
583860,0
583861,0
583862,0
583863,0
583864,25
583865,0
583866,0
583867,32
583868,15
583869,48
583870,30
583871,0
583872,0
583873,0
583874,0
583875,0
583876,0
583877,34
583878,0
583879,0
583880,0
583881,0
583882,29
583883,0
583884,0
583885,0
583886,39
583887,28
583888,0
583889,0
583890,32
583891,0
583892,0
583893,0
583894,30
583895,0
583896,0
583897,0
583898,0
583899,23
583900,43
583901,0
583902,27
583903,0
583904,0
583905,46
583906,0
583907,0
583908,0
583909,0
583910,0
583911,0
583912,0
583913,0
583914,0
583915,29
583916,0
583917,35
583918,0
583919,18
583920,0
583921,26
583922,0
583923,37
583924,0
583925,25
583926,0
583927,0
583928,0
583929,0
583930,0
583931,0
583932,31
583933,36
583934,0
583935,0
583936,0
583937,0
583938,45
583939,0
583940,28
583941,31
583942,0
583943,0
583944,0
583945,0
583946,30
583947,0
583948,0
583949,0
583950,0
583951,40
583952,0
583953,0
583954,0
583955,30
583956,0
583957,0
583958,0
583959,28
583960,0
583961,0
583962,0
583963,0
583964,0
583965,41
583966,0
583967,0
583968,0
583969,0
583970,0
583971,0
583972,0
583973,0
583974,39
583975,0
583976,0
583977,0
583978,0
583979,0
583980,0
583981,0
583982,0
583983,46
583984,22
583985,0
583986,0
583987,0
583988,0
583989,26
583990,0
583991,0
583992,0
583993,0
583994,28
583995,0
583996,0
583997,0
583998,0
583999,0
584000,23
584001,18
584002,0
584003,0
584004,0
584005,35
584006,0
584007,35
584008,0
584009,0
584010,0
584011,0
584012,28
584013,0
584014,44
584015,0
584016,42
584017,0
584018,0
584019,0
584020,29
584021,0
584022,0
584023,20
584024,34
584025,0
584026,28
584027,0
584028,0
584029,16
584030,0
584031,0
584032,23
584033,0
584034,0
584035,0
584036,0
584037,0
584038,0
584039,22
584040,0
584041,0
584042,0
584043,0
584044,39
584045,0
584046,0
584047,0
584048,0
584049,0
584050,0
584051,0
584052,0
584053,31
584054,0
584055,0
584056,0
584057,38
584058,0
584059,0
584060,21
584061,37
584062,0
584063,35
584064,0
584065,0
584066,0
584067,0
584068,0
584069,0
584070,0
584071,0
584072,0
584073,0
584074,24
584075,41
584076,0
584077,40
584078,0
584079,0
584080,0
584081,0
584082,0
584083,0
584084,0
584085,33
584086,0
584087,27
584088,34
584089,0
584090,0
584091,0
584092,0
584093,0
584094,0
584095,0
584096,0
584097,35
584098,0
584099,0
584100,0
584101,0
584102,0
584103,0
584104,0
584105,46
584106,0
584107,0
584108,0
584109,0
584110,0
584111,41
584112,32
584113,0
584114,0
584115,0
584116,0
584117,0
584118,0
584119,0
584120,0
584121,0
584122,0
584123,31
584124,32
584125,0
584126,29
584127,0
584128,0
584129,0
584130,0
584131,0
584132,0
584133,0
584134,44
584135,0
584136,0
584137,0
584138,0
584139,0
584140,0
584141,34
584142,0
584143,0
584144,32
584145,0
584146,0
584147,32
584148,0
584149,0
584150,0
584151,0
584152,31
584153,0
584154,33
584155,0
584156,0
584157,35
584158,20
584159,0
584160,0
584161,22
584162,26
584163,44
584164,0
584165,0
584166,0
584167,34
584168,0
584169,36
584170,0
584171,0
584172,22
584173,0
584174,0
584175,0
584176,0
584177,0
584178,0
584179,23
584180,0
584181,0
584182,38
584183,0
584184,0
584185,0
584186,34
584187,0
584188,0
584189,0
584190,0
584191,0
584192,0
584193,31
584194,0
584195,0
584196,46
584197,0
584198,0
584199,28
584200,0
584201,0
584202,27
584203,0
584204,30
584205,38
584206,40
584207,0
584208,0
584209,0
584210,0
584211,48
584212,27
584213,0
584214,26
584215,27
584216,0
584217,0
584218,0
584219,0
584220,27
584221,0
584222,0
584223,44
584224,0
584225,0
584226,0
584227,0
584228,42
584229,0
584230,0
584231,0
584232,0
584233,0
584234,54
584235,0
584236,0
584237,0
584238,0
584239,0
584240,27
584241,32
584242,34
584243,28
584244,0
584245,0
584246,0
584247,0
584248,31
584249,0
584250,0
584251,26
584252,0
584253,0
584254,0
584255,0
584256,41
584257,0
584258,0
584259,0
584260,0
584261,0
584262,0
584263,0
584264,0
584265,0
584266,0
584267,0
584268,0
584269,5
584270,0
584271,8
584272,4
584273,0
584274,0
584275,0
584276,0
584277,0
584278,0
584279,0
584280,4
584281,0
584282,9
584283,0
584284,0
584285,5
584286,0
584287,0
584288,0
584289,0
584290,0
584291,0
584292,0
584293,0
584294,0
584295,0
584296,0
584297,7
584298,1
584299,0
584300,1
584301,0
584302,2
584303,3
584304,0
584305,0
584306,0
584307,0
584308,0
584309,0
584310,5
584311,0
584312,0
584313,0
584314,0
584315,0
584316,0
584317,0
584318,0
584319,0
584320,8
584321,0
584322,0
584323,0
584324,0
584325,8
584326,5
584327,0
584328,0
584329,0
584330,0
584331,0
584332,0
584333,0
584334,0
584335,0
584336,0
584337,0
584338,0
584339,0
584340,0
584341,0
584342,2
584343,0
584344,0
584345,4
584346,0
584347,0
584348,0
584349,0
584350,0
584351,0
584352,0
584353,4
584354,5
584355,0
584356,0
584357,0
584358,0
584359,8
584360,8
584361,0
584362,0
584363,0
584364,0
584365,0
584366,0
584367,0
584368,2
584369,5
584370,0
584371,0
584372,0
584373,0
584374,4
584375,7
584376,0
584377,9
584378,0
584379,0
584380,0
584381,0
584382,0
584383,0
584384,0
584385,0
584386,0
584387,0
584388,0
584389,0
584390,0
584391,0
584392,0
584393,0
584394,0
584395,0
584396,0
584397,0
584398,0
584399,4
584400,8
584401,0
584402,0
584403,4
584404,0
584405,0
584406,0
584407,4
584408,0
584409,0
584410,0
584411,0
584412,6
584413,0
584414,2
584415,0
584416,0
584417,0
584418,0
584419,0
584420,0
584421,0
584422,0
584423,0
584424,0
584425,0
584426,0
584427,5
584428,0
584429,0
584430,0
584431,0
584432,0
584433,6
584434,0
584435,0
584436,4
584437,4
584438,2
584439,0
584440,8
584441,0
584442,0
584443,0
584444,0
584445,7
584446,0
584447,0
584448,0
584449,4
584450,0
584451,6
584452,0
584453,4
584454,0
584455,0
584456,4
584457,0
584458,3
584459,0
584460,0
584461,0
584462,0
584463,0
584464,0
584465,0
584466,0
584467,0
584468,0
584469,0
584470,0
584471,4
584472,0
584473,0
584474,4
584475,0
584476,0
584477,0
584478,4
584479,0
584480,0
584481,0
584482,5
584483,0
584484,0
584485,0
584486,0
584487,0
584488,0
584489,0
584490,3
584491,0
584492,0
584493,0
584494,0
584495,0
584496,0
584497,0
584498,0
584499,0
584500,0
584501,9
584502,0
584503,0
584504,0
584505,0
584506,7
584507,0
584508,0
584509,0
584510,0
584511,0
584512,11
584513,0
584514,0
584515,6
584516,0
584517,0
584518,0
584519,0
584520,0
584521,0
584522,0
584523,3
584524,0
584525,0
584526,0
584527,0
584528,10
584529,0
584530,5
584531,0
584532,2
584533,0
584534,0
584535,0
584536,6
584537,0
584538,0
584539,0
584540,5
584541,0
584542,0
584543,0
584544,0
584545,4
584546,0
584547,0
584548,0
584549,6
584550,0
584551,0
584552,0
584553,0
584554,0
584555,0
584556,0
584557,0
584558,0
584559,0
584560,4
584561,0
584562,5
584563,0
584564,6
584565,5
584566,0
584567,0
584568,0
584569,0
584570,0
584571,0
584572,0
584573,0
584574,0
584575,0
584576,3
584577,0
584578,0
584579,3
584580,0
584581,0
584582,0
584583,0
584584,0
584585,0
584586,0
584587,0
584588,0
584589,0
584590,3
584591,0
584592,0
584593,0
584594,0
584595,1
584596,5
584597,5
584598,0
584599,0
584600,0
584601,0
584602,0
584603,0
584604,7
584605,12
584606,0
584607,0
584608,0
584609,0
584610,3
584611,0
584612,3
584613,0
584614,0
584615,4
584616,0
584617,0
584618,0
584619,9
584620,0
584621,0
584622,0
584623,0
584624,8
584625,0
584626,0
584627,0
584628,0
584629,0
584630,0
584631,0
584632,0
584633,0
584634,3
584635,0
584636,0
584637,0
584638,0
584639,0
584640,0
584641,0
584642,3
584643,0
584644,0
584645,0
584646,0
584647,4
584648,7
584649,0
584650,0
584651,4
584652,0
584653,0
584654,0
584655,0
584656,0
584657,0
584658,4
584659,0
584660,0
584661,0
584662,0
584663,0
584664,8
584665,4
584666,0
584667,0
584668,0
584669,4
584670,0
584671,0
584672,0
584673,0
584674,0
584675,0
584676,0
584677,8
584678,0
584679,0
584680,0
584681,0
584682,4
584683,0
584684,0
584685,0
584686,0
584687,0
584688,0
584689,0
584690,0
584691,0
584692,0
584693,0
584694,0
584695,0
584696,0
584697,0
584698,0
584699,0
584700,5
584701,2
584702,0
584703,0
584704,0
584705,6
584706,0
584707,0
584708,0
584709,3
584710,9
584711,0
584712,0
584713,0
584714,0
584715,0
584716,0
584717,4
584718,0
584719,6
584720,4
584721,0
584722,0
584723,0
584724,0
584725,0
584726,0
584727,0
584728,0
584729,0
584730,2
584731,0
584732,0
584733,7
584734,0
584735,0
584736,0
584737,0
584738,0
584739,0
584740,0
584741,0
584742,0
584743,0
584744,0
584745,0
584746,12
584747,0
584748,0
584749,0
584750,0
584751,0
584752,8
584753,0
584754,0
584755,0
584756,0
584757,0
584758,0
584759,0
584760,0
584761,0
584762,0
584763,8
584764,0
584765,0
584766,5
584767,0
584768,6
584769,0
584770,0
584771,0
584772,0
584773,0
584774,0
584775,0
584776,5
584777,0
584778,8
584779,0
584780,5
584781,6
584782,0
584783,0
584784,0
584785,0
584786,0
584787,0
584788,0
584789,0
584790,4
584791,0
584792,0
584793,0
584794,0
584795,0
584796,0
584797,0
584798,0
584799,0
584800,0
584801,0
584802,0
584803,0
584804,0
584805,0
584806,6
584807,0
584808,0
584809,0
584810,3
584811,0
584812,6
584813,0
584814,0
584815,0
584816,0
584817,0
584818,0
584819,0
584820,4
584821,5
584822,0
584823,0
584824,0
584825,0
584826,7
584827,0
584828,0
584829,0
584830,6
584831,0
584832,0
584833,2
584834,0
584835,0
584836,3
584837,0
584838,0
584839,7
584840,0
584841,0
584842,0
584843,0
584844,0
584845,0
584846,0
584847,0
584848,5
584849,0
584850,0
584851,0
584852,0
584853,0
584854,0
584855,0
584856,0
584857,0
584858,0
584859,0
584860,0
584861,9
584862,0
584863,0
584864,0
584865,0
584866,0
584867,0
584868,0
584869,6
584870,0
584871,4
584872,0
584873,0
584874,5
584875,0
584876,0
584877,0
584878,5
584879,0
584880,0
584881,0
584882,0
584883,0
584884,0
584885,0
584886,0
584887,0
584888,0
584889,0
584890,11
584891,0
584892,0
584893,0
584894,0
584895,0
584896,0
584897,0
584898,0
584899,0
584900,0
584901,0
584902,0
584903,13
584904,0
584905,0
584906,0
584907,0
584908,0
584909,0
584910,0
584911,0
584912,0
584913,19
584914,21
584915,0
584916,26
584917,0
584918,0
584919,0
584920,0
584921,0
584922,0
584923,0
584924,0
584925,0
584926,15
584927,0
584928,0
584929,15
584930,0
584931,0
584932,12
584933,0
584934,23
584935,13
584936,0
584937,0
584938,0
584939,0
584940,0
584941,7
584942,0
584943,0
584944,15
584945,0
584946,0
584947,0
584948,0
584949,28
584950,14
584951,0
584952,0
584953,0
584954,0
584955,0
584956,0
584957,0
584958,0
584959,0
584960,0
584961,0
584962,0
584963,0
584964,14
584965,0
584966,5
584967,0
584968,0
584969,28
584970,0
584971,0
584972,0
584973,0
584974,0
584975,0
584976,0
584977,10
584978,0
584979,0
584980,0
584981,0
584982,16
584983,0
584984,0
584985,9
584986,0
584987,0
584988,9
584989,0
584990,0
584991,0
584992,0
584993,0
584994,0
584995,0
584996,0
584997,0
584998,0
584999,0
585000,0
585001,20
585002,13
585003,0
585004,0
585005,0
585006,20
585007,0
585008,0
585009,0
585010,16
585011,0
585012,20
585013,8
585014,0
585015,0
585016,0
585017,0
585018,0
585019,0
585020,14
585021,10
585022,12
585023,0
585024,0
585025,10
585026,0
585027,0
585028,0
585029,0
585030,0
585031,0
585032,0
585033,0
585034,16
585035,0
585036,0
585037,0
585038,0
585039,0
585040,0
585041,0
585042,28
585043,0
585044,0
585045,0
585046,0
585047,0
585048,0
585049,0
585050,0
585051,11
585052,0
585053,0
585054,11
585055,0
585056,0
585057,0
585058,0
585059,0
585060,0
585061,6
585062,12
585063,0
585064,0
585065,0
585066,11
585067,2
585068,0
585069,0
585070,13
585071,32
585072,0
585073,0
585074,0
585075,0
585076,0
585077,19
585078,22
585079,0
585080,15
585081,0
585082,0
585083,0
585084,0
585085,18
585086,23
585087,0
585088,0
585089,0
585090,0
585091,0
585092,0
585093,0
585094,0
585095,11
585096,0
585097,0
585098,12
585099,0
585100,0
585101,8
585102,0
585103,0
585104,13
585105,0
585106,0
585107,0
585108,0
585109,0
585110,0
585111,0
585112,9
585113,0
585114,0
585115,0
585116,0
585117,0
585118,0
585119,0
585120,0
585121,0
585122,0
585123,0
585124,0
585125,12
585126,0
585127,0
585128,0
585129,0
585130,0
585131,0
585132,0
585133,8
585134,0
585135,0
585136,0
585137,0
585138,17
585139,0
585140,14
585141,0
585142,0
585143,0
585144,0
585145,0
585146,0
585147,0
585148,13
585149,0
585150,7
585151,17
585152,0
585153,0
585154,0
585155,0
585156,9
585157,0
585158,0
585159,0
585160,0
585161,0
585162,0
585163,0
585164,0
585165,0
585166,5
585167,0
585168,0
585169,0
585170,0
585171,0
585172,0
585173,22
585174,0
585175,17
585176,0
585177,0
585178,0
585179,0
585180,21
585181,0
585182,0
585183,0
585184,0
585185,0
585186,0
585187,0
585188,10
585189,0
585190,0
585191,0
585192,0
585193,0
585194,6
585195,0
585196,0
585197,0
585198,8
585199,0
585200,19
585201,0
585202,0
585203,18
585204,0
585205,0
585206,0
585207,0
585208,0
585209,14
585210,0
585211,0
585212,20
585213,0
585214,0
585215,0
585216,0
585217,0
585218,25
585219,0
585220,0
585221,0
585222,26
585223,0
585224,0
585225,0
585226,0
585227,0
585228,22
585229,0
585230,0
585231,0
585232,0
585233,0
585234,0
585235,0
585236,0
585237,0
585238,24
585239,0
585240,0
585241,0
585242,0
585243,9
585244,0
585245,4
585246,0
585247,0
585248,9
585249,0
585250,0
585251,0
585252,0
585253,0
585254,0
585255,0
585256,0
585257,0
585258,0
585259,0
585260,0
585261,0
585262,0
585263,0
585264,0
585265,17
585266,0
585267,0
585268,0
585269,0
585270,0
585271,12
585272,15
585273,0
585274,0
585275,12
585276,0
585277,14
585278,0
585279,5
585280,18
585281,0
585282,21
585283,0
585284,0
585285,0
585286,0
585287,0
585288,0
585289,0
585290,0
585291,9
585292,0
585293,0
585294,0
585295,0
585296,0
585297,0
585298,0
585299,0
585300,0
585301,0
585302,0
585303,0
585304,4
585305,0
585306,0
585307,0
585308,0
585309,0
585310,0
585311,0
585312,0
585313,0
585314,1
585315,0
585316,0
585317,0
585318,0
585319,0
585320,0
585321,0
585322,1
585323,0
585324,0
585325,0
585326,0
585327,0
585328,0
585329,0
585330,0
585331,0
585332,0
585333,0
585334,0
585335,0
585336,0
585337,0
585338,0
585339,0
585340,0
585341,0
585342,0
585343,1
585344,0
585345,0
585346,0
585347,0
585348,0
585349,0
585350,0
585351,0
585352,0
585353,0
585354,0
585355,0
585356,0
585357,0
585358,1
585359,0
585360,0
585361,0
585362,1
585363,0
585364,0
585365,0
585366,0
585367,0
585368,0
585369,0
585370,0
585371,0
585372,0
585373,0
585374,0
585375,0
585376,0
585377,0
585378,0
585379,0
585380,0
585381,0
585382,0
585383,0
585384,0
585385,0
585386,0
585387,0
585388,0
585389,0
585390,0
585391,0
585392,0
585393,0
585394,0
585395,0
585396,0
585397,0
585398,0
585399,0
585400,0
585401,0
585402,0
585403,0
585404,0
585405,0
585406,0
585407,0
585408,0
585409,0
585410,1
585411,0
585412,0
585413,0
585414,0
585415,0
585416,0
585417,0
585418,0
585419,0
585420,0
585421,0
585422,0
585423,0
585424,0
585425,0
585426,0
585427,0
585428,0
585429,0
585430,0
585431,0
585432,0
585433,0
585434,0
585435,0
585436,0
585437,0
585438,0
585439,0
585440,0
585441,0
585442,0
585443,0
585444,0
585445,0
585446,0
585447,2
585448,0
585449,0
585450,0
585451,0
585452,0
585453,0
585454,0
585455,0
585456,0
585457,0
585458,0
585459,0
585460,0
585461,0
585462,0
585463,0
585464,0
585465,0
585466,0
585467,2
585468,0
585469,0
585470,0
585471,0
585472,0
585473,1
585474,0
585475,0
585476,1
585477,0
585478,0
585479,0
585480,2
585481,0
585482,0
585483,0
585484,0
585485,0
585486,0
585487,2
585488,0
585489,0
585490,0
585491,0
585492,0
585493,1
585494,0
585495,0
585496,0
585497,0
585498,0
585499,0
585500,0
585501,0
585502,0
585503,0
585504,0
585505,0
585506,0
585507,0
585508,0
585509,0
585510,0
585511,0
585512,0
585513,0
585514,0
585515,0
585516,0
585517,0
585518,0
585519,0
585520,0
585521,0
585522,0
585523,0
585524,0
585525,0
585526,0
585527,0
585528,0
585529,0
585530,0
585531,0
585532,0
585533,0
585534,0
585535,0
585536,0
585537,0
585538,0
585539,0
585540,0
585541,0
585542,0
585543,0
585544,1
585545,0
585546,0
585547,0
585548,0
585549,0
585550,0
585551,0
585552,0
585553,0
585554,0
585555,0
585556,0
585557,0
585558,0
585559,0
585560,0
585561,0
585562,0
585563,0
585564,2
585565,0
585566,0
585567,0
585568,1
585569,0
585570,0
585571,0
585572,0
585573,0
585574,0
585575,1
585576,0
585577,2
585578,0
585579,0
585580,0
585581,0
585582,0
585583,0
585584,0
585585,0
585586,0
585587,0
585588,0
585589,0
585590,0
585591,0
585592,0
585593,0
585594,0
585595,2
585596,2
585597,0
585598,0
585599,0
585600,0
585601,0
585602,0
585603,0
585604,0
585605,0
585606,0
585607,0
585608,0
585609,0
585610,0
585611,0
585612,0
585613,0
585614,0
585615,0
585616,0
585617,0
585618,0
585619,0
585620,0
585621,0
585622,0
585623,0
585624,0
585625,0
585626,0
585627,0
585628,0
585629,0
585630,0
585631,0
585632,0
585633,0
585634,0
585635,0
585636,0
585637,0
585638,0
585639,0
585640,0
585641,0
585642,0
585643,0
585644,0
585645,0
585646,0
585647,1
585648,1
585649,0
585650,0
585651,1
585652,0
585653,0
585654,0
585655,0
585656,0
585657,0
585658,0
585659,0
585660,0
585661,0
585662,0
585663,0
585664,0
585665,0
585666,0
585667,0
585668,0
585669,2
585670,0
585671,0
585672,0
585673,0
585674,0
585675,0
585676,0
585677,0
585678,0
585679,0
585680,0
585681,0
585682,0
585683,0
585684,0
585685,0
585686,0
585687,0
585688,0
585689,0
585690,0
585691,3
585692,0
585693,0
585694,0
585695,0
585696,0
585697,0
585698,0
585699,0
585700,0
585701,0
585702,0
585703,0
585704,0
585705,0
585706,0
585707,0
585708,1
585709,0
585710,0
585711,0
585712,1
585713,0
585714,0
585715,0
585716,0
585717,0
585718,0
585719,0
585720,0
585721,0
585722,0
585723,0
585724,0
585725,0
585726,0
585727,0
585728,1
585729,0
585730,0
585731,0
585732,0
585733,0
585734,0
585735,0
585736,0
585737,0
585738,0
585739,0
585740,0
585741,0
585742,0
585743,0
585744,0
585745,0
585746,0
585747,0
585748,0
585749,0
585750,0
585751,0
585752,0
585753,0
585754,0
585755,0
585756,0
585757,0
585758,0
585759,1
585760,0
585761,0
585762,0
585763,0
585764,0
585765,0
585766,0
585767,3
585768,0
585769,0
585770,0
585771,0
585772,0
585773,0
585774,0
585775,0
585776,0
585777,0
585778,0
585779,0
585780,0
585781,0
585782,0
585783,0
585784,0
585785,0
585786,0
585787,0
585788,0
585789,0
585790,0
585791,0
585792,0
585793,4
585794,0
585795,0
585796,6
585797,8
585798,0
585799,0
585800,0
585801,11
585802,0
585803,0
585804,0
585805,0
585806,0
585807,5
585808,6
585809,0
585810,9
585811,0
585812,0
585813,0
585814,0
585815,14
585816,7
585817,0
585818,0
585819,0
585820,0
585821,0
585822,0
585823,10
585824,0
585825,0
585826,0
585827,0
585828,0
585829,0
585830,0
585831,0
585832,6
585833,0
585834,0
585835,0
585836,0
585837,0
585838,0
585839,0
585840,0
585841,0
585842,0
585843,7
585844,0
585845,0
585846,0
585847,9
585848,0
585849,7
585850,5
585851,0
585852,0
585853,0
585854,0
585855,14
585856,0
585857,0
585858,0
585859,0
585860,7
585861,0
585862,0
585863,0
585864,0
585865,0
585866,0
585867,9
585868,5
585869,5
585870,0
585871,0
585872,0
585873,6
585874,0
585875,9
585876,10
585877,0
585878,0
585879,0
585880,0
585881,0
585882,0
585883,0
585884,0
585885,0
585886,4
585887,0
585888,10
585889,0
585890,0
585891,5
585892,0
585893,0
585894,0
585895,4
585896,0
585897,0
585898,0
585899,8
585900,8
585901,0
585902,0
585903,0
585904,0
585905,0
585906,0
585907,0
585908,0
585909,0
585910,0
585911,0
585912,0
585913,0
585914,0
585915,0
585916,0
585917,0
585918,7
585919,0
585920,0
585921,0
585922,0
585923,7
585924,0
585925,0
585926,8
585927,0
585928,0
585929,0
585930,5
585931,0
585932,7
585933,0
585934,0
585935,0
585936,0
585937,6
585938,0
585939,0
585940,0
585941,8
585942,0
585943,0
585944,0
585945,0
585946,0
585947,7
585948,0
585949,7
585950,8
585951,0
585952,0
585953,14
585954,0
585955,0
585956,5
585957,10
585958,0
585959,0
585960,0
585961,0
585962,0
585963,0
585964,7
585965,0
585966,0
585967,0
585968,0
585969,0
585970,0
585971,0
585972,0
585973,0
585974,0
585975,0
585976,0
585977,0
585978,0
585979,0
585980,0
585981,0
585982,0
585983,0
585984,6
585985,0
585986,9
585987,0
585988,0
585989,5
585990,0
585991,0
585992,0
585993,0
585994,0
585995,0
585996,0
585997,0
585998,0
585999,0
586000,0
586001,0
586002,16
586003,0
586004,0
586005,0
586006,0
586007,0
586008,0
586009,2
586010,0
586011,0
586012,6
586013,0
586014,0
586015,0
586016,0
586017,0
586018,6
586019,7
586020,10
586021,0
586022,0
586023,0
586024,0
586025,0
586026,0
586027,0
586028,0
586029,0
586030,0
586031,0
586032,0
586033,0
586034,0
586035,0
586036,6
586037,4
586038,0
586039,6
586040,0
586041,0
586042,0
586043,0
586044,0
586045,0
586046,0
586047,0
586048,0
586049,0
586050,0
586051,0
586052,0
586053,0
586054,0
586055,0
586056,0
586057,0
586058,13
586059,0
586060,0
586061,0
586062,0
586063,0
586064,8
586065,0
586066,0
586067,0
586068,0
586069,0
586070,0
586071,0
586072,0
586073,0
586074,0
586075,0
586076,0
586077,0
586078,0
586079,0
586080,0
586081,0
586082,0
586083,0
586084,0
586085,0
586086,0
586087,0
586088,0
586089,0
586090,0
586091,0
586092,0
586093,0
586094,0
586095,0
586096,0
586097,0
586098,0
586099,0
586100,0
586101,0
586102,0
586103,0
586104,0
586105,0
586106,10
586107,0
586108,0
586109,0
586110,0
586111,0
586112,0
586113,0
586114,0
586115,0
586116,0
586117,0
586118,9
586119,0
586120,0
586121,0
586122,0
586123,0
586124,0
586125,0
586126,7
586127,0
586128,0
586129,0
586130,7
586131,0
586132,0
586133,0
586134,0
586135,0
586136,0
586137,0
586138,0
586139,0
586140,0
586141,0
586142,0
586143,0
586144,0
586145,0
586146,0
586147,0
586148,5
586149,8
586150,0
586151,0
586152,0
586153,0
586154,0
586155,0
586156,0
586157,0
586158,0
586159,0
586160,0
586161,0
586162,0
586163,0
586164,0
586165,0
586166,0
586167,0
586168,0
586169,0
586170,0
586171,10
586172,0
586173,0
586174,0
586175,0
586176,0
586177,0
586178,0
586179,0
586180,0
586181,0
586182,0
586183,0
586184,0
586185,0
586186,0
586187,0
586188,8
586189,0
586190,0
586191,6
586192,11
586193,0
586194,0
586195,0
586196,8
586197,0
586198,0
586199,10
586200,0
586201,0
586202,9
586203,7
586204,8
586205,0
586206,5
586207,0
586208,8
586209,0
586210,0
586211,0
586212,0
586213,0
586214,0
586215,0
586216,0
586217,0
586218,0
586219,0
586220,0
586221,0
586222,23
586223,28
586224,0
586225,0
586226,0
586227,18
586228,0
586229,0
586230,0
586231,0
586232,0
586233,0
586234,0
586235,0
586236,0
586237,0
586238,0
586239,0
586240,35
586241,22
586242,0
586243,0
586244,0
586245,0
586246,0
586247,46
586248,0
586249,0
586250,0
586251,0
586252,0
586253,40
586254,0
586255,0
586256,0
586257,0
586258,0
586259,36
586260,0
586261,0
586262,0
586263,0
586264,31
586265,0
586266,0
586267,32
586268,0
586269,0
586270,39
586271,28
586272,0
586273,0
586274,0
586275,0
586276,31
586277,0
586278,0
586279,0
586280,0
586281,0
586282,0
586283,0
586284,0
586285,42
586286,0
586287,0
586288,0
586289,46
586290,0
586291,0
586292,0
586293,43
586294,0
586295,0
586296,0
586297,0
586298,0
586299,0
586300,0
586301,0
586302,0
586303,0
586304,0
586305,0
586306,0
586307,0
586308,0
586309,0
586310,0
586311,0
586312,0
586313,31
586314,62
586315,0
586316,0
586317,0
586318,0
586319,0
586320,0
586321,0
586322,0
586323,0
586324,0
586325,0
586326,0
586327,61
586328,50
586329,0
586330,0
586331,43
586332,0
586333,0
586334,0
586335,0
586336,0
586337,0
586338,0
586339,0
586340,0
586341,27
586342,0
586343,0
586344,0
586345,0
586346,0
586347,0
586348,0
586349,0
586350,0
586351,0
586352,0
586353,0
586354,0
586355,0
586356,0
586357,0
586358,0
586359,0
586360,57
586361,46
586362,0
586363,0
586364,0
586365,0
586366,0
586367,0
586368,0
586369,0
586370,0
586371,0
586372,0
586373,0
586374,0
586375,51
586376,0
586377,0
586378,0
586379,0
586380,0
586381,0
586382,0
586383,0
586384,0
586385,32
586386,0
586387,0
586388,0
586389,0
586390,48
586391,0
586392,0
586393,0
586394,0
586395,0
586396,0
586397,0
586398,18
586399,0
586400,58
586401,0
586402,0
586403,0
586404,0
586405,34
586406,0
586407,0
586408,0
586409,0
586410,0
586411,0
586412,0
586413,0
586414,0
586415,0
586416,0
586417,0
586418,0
586419,0
586420,29
586421,0
586422,0
586423,0
586424,0
586425,0
586426,0
586427,0
586428,38
586429,0
586430,0
586431,0
586432,0
586433,0
586434,0
586435,27
586436,0
586437,0
586438,0
586439,0
586440,0
586441,0
586442,0
586443,0
586444,0
586445,0
586446,0
586447,0
586448,0
586449,0
586450,0
586451,0
586452,0
586453,0
586454,0
586455,0
586456,0
586457,0
586458,0
586459,0
586460,0
586461,0
586462,0
586463,0
586464,0
586465,0
586466,0
586467,25
586468,39
586469,25
586470,0
586471,0
586472,0
586473,0
586474,0
586475,0
586476,0
586477,0
586478,0
586479,0
586480,0
586481,0
586482,0
586483,0
586484,0
586485,0
586486,38
586487,0
586488,0
586489,0
586490,0
586491,0
586492,43
586493,0
586494,63
586495,0
586496,61
586497,0
586498,0
586499,0
586500,0
586501,0
586502,0
586503,0
586504,0
586505,0
586506,0
586507,0
586508,0
586509,0
586510,0
586511,0
586512,0
586513,0
586514,0
586515,30
586516,35
586517,27
586518,0
586519,0
586520,0
586521,0
586522,0
586523,0
586524,0
586525,0
586526,0
586527,0
586528,0
586529,0
586530,0
586531,0
586532,0
586533,0
586534,0
586535,0
586536,34
586537,0
586538,0
586539,0
586540,0
586541,0
586542,0
586543,0
586544,0
586545,0
586546,0
586547,0
586548,0
586549,0
586550,0
586551,0
586552,0
586553,0
586554,0
586555,0
586556,0
586557,0
586558,0
586559,0
586560,0
586561,0
586562,0
586563,57
586564,0
586565,0
586566,0
586567,0
586568,0
586569,0
586570,0
586571,0
586572,0
586573,0
586574,0
586575,0
586576,0
586577,0
586578,0
586579,0
586580,0
586581,0
586582,0
586583,0
586584,0
586585,0
586586,0
586587,42
586588,0
586589,0
586590,0
586591,0
586592,0
586593,0
586594,0
586595,0
586596,26
586597,23
586598,26
586599,0
586600,0
586601,0
586602,0
586603,0
586604,0
586605,0
586606,0
586607,0
586608,0
586609,0
586610,0
586611,0
586612,0
586613,11
586614,0
586615,13
586616,7
586617,0
586618,0
586619,0
586620,0
586621,0
586622,0
586623,19
586624,0
586625,0
586626,0
586627,0
586628,0
586629,0
586630,0
586631,0
586632,0
586633,0
586634,0
586635,0
586636,0
586637,0
586638,0
586639,0
586640,16
586641,0
586642,0
586643,0
586644,0
586645,0
586646,11
586647,0
586648,0
586649,0
586650,0
586651,14
586652,0
586653,0
586654,19
586655,0
586656,7
586657,0
586658,0
586659,0
586660,0
586661,0
586662,0
586663,0
586664,0
586665,0
586666,0
586667,0
586668,0
586669,0
586670,0
586671,0
586672,0
586673,0
586674,0
586675,0
586676,0
586677,0
586678,0
586679,0
586680,0
586681,14
586682,0
586683,0
586684,0
586685,0
586686,0
586687,0
586688,0
586689,0
586690,0
586691,21
586692,0
586693,7
586694,0
586695,0
586696,0
586697,0
586698,0
586699,0
586700,0
586701,16
586702,0
586703,18
586704,0
586705,0
586706,0
586707,0
586708,0
586709,0
586710,16
586711,0
586712,0
586713,0
586714,0
586715,0
586716,0
586717,0
586718,0
586719,0
586720,0
586721,0
586722,0
586723,0
586724,0
586725,0
586726,0
586727,8
586728,10
586729,13
586730,0
586731,0
586732,0
586733,0
586734,0
586735,0
586736,0
586737,0
586738,12
586739,0
586740,0
586741,0
586742,0
586743,0
586744,0
586745,0
586746,0
586747,15
586748,0
586749,0
586750,0
586751,0
586752,0
586753,0
586754,11
586755,0
586756,0
586757,0
586758,0
586759,0
586760,0
586761,0
586762,0
586763,0
586764,0
586765,0
586766,9
586767,0
586768,0
586769,0
586770,17
586771,10
586772,0
586773,0
586774,0
586775,0
586776,0
586777,0
586778,0
586779,0
586780,0
586781,0
586782,13
586783,0
586784,0
586785,0
586786,0
586787,0
586788,0
586789,18
586790,0
586791,24
586792,0
586793,0
586794,0
586795,0
586796,0
586797,0
586798,23
586799,0
586800,0
586801,0
586802,0
586803,0
586804,0
586805,0
586806,0
586807,0
586808,0
586809,0
586810,0
586811,0
586812,0
586813,0
586814,0
586815,0
586816,0
586817,0
586818,0
586819,0
586820,19
586821,0
586822,0
586823,0
586824,0
586825,21
586826,0
586827,12
586828,0
586829,0
586830,0
586831,0
586832,0
586833,0
586834,0
586835,15
586836,0
586837,0
586838,22
586839,0
586840,11
586841,0
586842,15
586843,0
586844,0
586845,0
586846,0
586847,0
586848,14
586849,10
586850,0
586851,11
586852,13
586853,13
586854,0
586855,8
586856,0
586857,0
586858,0
586859,13
586860,0
586861,0
586862,0
586863,16
586864,0
586865,0
586866,0
586867,0
586868,12
586869,0
586870,0
586871,0
586872,0
586873,0
586874,0
586875,0
586876,0
586877,0
586878,22
586879,0
586880,0
586881,0
586882,0
586883,0
586884,14
586885,0
586886,0
586887,19
586888,0
586889,9
586890,0
586891,17
586892,0
586893,0
586894,0
586895,0
586896,13
586897,0
586898,0
586899,11
586900,0
586901,0
586902,0
586903,9
586904,0
586905,12
586906,0
586907,0
586908,0
586909,0
586910,0
586911,16
586912,0
586913,0
586914,0
586915,0
586916,0
586917,0
586918,0
586919,12
586920,21
586921,14
586922,0
586923,0
586924,0
586925,0
586926,8
586927,0
586928,12
586929,0
586930,15
586931,0
586932,0
586933,0
586934,0
586935,0
586936,0
586937,0
586938,0
586939,21
586940,0
586941,0
586942,0
586943,0
586944,0
586945,0
586946,0
586947,16
586948,0
586949,0
586950,0
586951,0
586952,0
586953,0
586954,0
586955,0
586956,0
586957,16
586958,10
586959,0
586960,0
586961,0
586962,0
586963,0
586964,0
586965,12
586966,0
586967,0
586968,0
586969,11
586970,0
586971,0
586972,11
586973,0
586974,0
586975,13
586976,0
586977,0
586978,0
586979,15
586980,0
586981,0
586982,0
586983,0
586984,0
586985,11
586986,10
586987,0
586988,0
586989,0
586990,0
586991,0
586992,0
586993,0
586994,0
586995,0
586996,0
586997,0
586998,18
586999,8
587000,0
587001,0
587002,0
587003,0
587004,0
587005,0
587006,0
587007,0
587008,17
587009,0
587010,0
587011,0
587012,0
587013,0
587014,6
587015,0
587016,0
587017,0
587018,11
587019,0
587020,0
587021,0
587022,0
587023,17
587024,0
587025,17
587026,0
587027,7
587028,0
587029,0
587030,0
587031,0
587032,0
587033,0
587034,0
587035,0
587036,0
587037,0
587038,0
587039,0
587040,8
587041,0
587042,0
587043,0
587044,0
587045,12
587046,0
587047,0
587048,16
587049,0
587050,0
587051,0
587052,0
587053,0
587054,0
587055,16
587056,0
587057,0
587058,0
587059,5
587060,0
587061,0
587062,0
587063,0
587064,12
587065,0
587066,0
587067,0
587068,12
587069,0
587070,0
587071,0
587072,0
587073,0
587074,13
587075,0
587076,0
587077,11
587078,0
587079,0
587080,0
587081,11
587082,17
587083,0
587084,0
587085,0
587086,0
587087,0
587088,11
587089,0
587090,0
587091,0
587092,0
587093,0
587094,0
587095,0
587096,0
587097,0
587098,0
587099,0
587100,0
587101,0
587102,0
587103,0
587104,22
587105,0
587106,0
587107,0
587108,0
587109,0
587110,14
587111,0
587112,0
587113,0
587114,0
587115,0
587116,0
587117,0
587118,0
587119,0
587120,0
587121,8
587122,9
587123,0
587124,0
587125,0
587126,0
587127,13
587128,0
587129,0
587130,0
587131,0
587132,8
587133,0
587134,8
587135,15
587136,0
587137,0
587138,0
587139,14
587140,0
587141,0
587142,0
587143,0
587144,0
587145,0
587146,0
587147,0
587148,0
587149,11
587150,0
587151,23
587152,0
587153,0
587154,0
587155,0
587156,0
587157,7
587158,0
587159,0
587160,0
587161,0
587162,0
587163,0
587164,0
587165,0
587166,0
587167,0
587168,0
587169,0
587170,0
587171,25
587172,0
587173,0
587174,0
587175,0
587176,0
587177,18
587178,0
587179,0
587180,0
587181,0
587182,13
587183,0
587184,0
587185,0
587186,0
587187,0
587188,0
587189,16
587190,15
587191,6
587192,8
587193,0
587194,0
587195,10
587196,12
587197,0
587198,0
587199,0
587200,0
587201,0
587202,13
587203,0
587204,0
587205,0
587206,0
587207,0
587208,11
587209,0
587210,0
587211,0
587212,20
587213,0
587214,0
587215,0
587216,0
587217,0
587218,4
587219,0
587220,8
587221,0
587222,0
587223,8
587224,0
587225,0
587226,0
587227,10
587228,0
587229,0
587230,0
587231,19
587232,0
587233,0
587234,0
587235,0
587236,11
587237,0
587238,0
587239,9
587240,0
587241,0
587242,0
587243,12
587244,0
587245,0
587246,0
587247,0
587248,0
587249,0
587250,0
587251,0
587252,0
587253,7
587254,0
587255,0
587256,12
587257,0
587258,0
587259,0
587260,13
587261,0
587262,0
587263,0
587264,0
587265,0
587266,0
587267,7
587268,0
587269,0
587270,14
587271,0
587272,0
587273,0
587274,0
587275,0
587276,0
587277,0
587278,0
587279,16
587280,0
587281,0
587282,21
587283,24
587284,0
587285,0
587286,0
587287,0
587288,11
587289,0
587290,0
587291,18
587292,0
587293,0
587294,0
587295,12
587296,0
587297,0
587298,0
587299,0
587300,0
587301,0
587302,0
587303,0
587304,0
587305,10
587306,0
587307,0
587308,0
587309,0
587310,0
587311,0
587312,0
587313,0
587314,0
587315,0
587316,0
587317,0
587318,0
587319,11
587320,0
587321,0
587322,0
587323,0
587324,0
587325,19
587326,13
587327,10
587328,17
587329,0
587330,0
587331,16
587332,0
587333,11
587334,0
587335,0
587336,0
587337,0
587338,0
587339,0
587340,0
587341,0
587342,0
587343,0
587344,0
587345,0
587346,13
587347,0
587348,0
587349,0
587350,0
587351,0
587352,0
587353,0
587354,0
587355,12
587356,15
587357,0
587358,0
587359,17
587360,0
587361,0
587362,0
587363,0
587364,6
587365,0
587366,0
587367,0
587368,0
587369,0
587370,0
587371,4
587372,0
587373,0
587374,3
587375,0
587376,0
587377,1
587378,0
587379,0
587380,0
587381,3
587382,0
587383,0
587384,0
587385,0
587386,0
587387,0
587388,0
587389,0
587390,0
587391,0
587392,0
587393,0
587394,0
587395,0
587396,0
587397,3
587398,6
587399,0
587400,0
587401,0
587402,0
587403,0
587404,0
587405,0
587406,0
587407,0
587408,0
587409,0
587410,0
587411,0
587412,0
587413,2
587414,7
587415,3
587416,0
587417,4
587418,2
587419,4
587420,3
587421,3
587422,0
587423,2
587424,0
587425,0
587426,0
587427,0
587428,0
587429,0
587430,0
587431,0
587432,0
587433,1
587434,0
587435,2
587436,1
587437,5
587438,0
587439,0
587440,0
587441,3
587442,0
587443,0
587444,0
587445,0
587446,0
587447,7
587448,0
587449,0
587450,0
587451,0
587452,0
587453,0
587454,0
587455,0
587456,5
587457,3
587458,0
587459,0
587460,0
587461,0
587462,0
587463,2
587464,0
587465,1
587466,2
587467,1
587468,0
587469,0
587470,0
587471,0
587472,0
587473,0
587474,0
587475,0
587476,0
587477,0
587478,0
587479,0
587480,0
587481,0
587482,0
587483,0
587484,0
587485,6
587486,0
587487,0
587488,0
587489,0
587490,0
587491,0
587492,2
587493,0
587494,2
587495,0
587496,0
587497,0
587498,4
587499,0
587500,3
587501,0
587502,0
587503,3
587504,1
587505,0
587506,0
587507,0
587508,4
587509,1
587510,1
587511,3
587512,0
587513,0
587514,0
587515,0
587516,1
587517,0
587518,0
587519,0
587520,0
587521,0
587522,0
587523,0
587524,4
587525,0
587526,0
587527,0
587528,0
587529,0
587530,0
587531,0
587532,0
587533,2
587534,0
587535,2
587536,0
587537,0
587538,0
587539,0
587540,0
587541,0
587542,0
587543,0
587544,1
587545,0
587546,0
587547,0
587548,0
587549,0
587550,0
587551,0
587552,0
587553,1
587554,0
587555,0
587556,0
587557,0
587558,4
587559,6
587560,0
587561,0
587562,0
587563,0
587564,0
587565,2
587566,1
587567,3
587568,0
587569,0
587570,3
587571,0
587572,0
587573,0
587574,1
587575,0
587576,4
587577,0
587578,0
587579,0
587580,0
587581,0
587582,1
587583,3
587584,0
587585,0
587586,0
587587,0
587588,0
587589,0
587590,0
587591,1
587592,0
587593,0
587594,1
587595,0
587596,0
587597,0
587598,0
587599,0
587600,3
587601,3
587602,2
587603,0
587604,0
587605,0
587606,0
587607,0
587608,0
587609,0
587610,4
587611,0
587612,0
587613,3
587614,0
587615,3
587616,2
587617,0
587618,0
587619,0
587620,2
587621,0
587622,0
587623,0
587624,0
587625,3
587626,0
587627,0
587628,5
587629,3
587630,0
587631,0
587632,0
587633,0
587634,0
587635,0
587636,2
587637,1
587638,0
587639,0
587640,0
587641,0
587642,2
587643,0
587644,2
587645,0
587646,0
587647,0
587648,0
587649,2
587650,0
587651,0
587652,0
587653,0
587654,1
587655,2
587656,0
587657,0
587658,0
587659,0
587660,0
587661,0
587662,0
587663,0
587664,2
587665,3
587666,1
587667,0
587668,0
587669,0
587670,0
587671,0
587672,0
587673,0
587674,0
587675,0
587676,2
587677,0
587678,6
587679,5
587680,0
587681,0
587682,0
587683,5
587684,0
587685,0
587686,0
587687,0
587688,0
587689,2
587690,2
587691,0
587692,0
587693,0
587694,0
587695,3
587696,0
587697,2
587698,0
587699,0
587700,0
587701,0
587702,0
587703,0
587704,0
587705,0
587706,0
587707,3
587708,4
587709,0
587710,0
587711,0
587712,0
587713,0
587714,0
587715,0
587716,1
587717,0
587718,0
587719,0
587720,2
587721,0
587722,3
587723,3
587724,0
587725,0
587726,0
587727,0
587728,0
587729,1
587730,0
587731,0
587732,0
587733,0
587734,0
587735,2
587736,4
587737,0
587738,0
587739,3
587740,0
587741,0
587742,0
587743,0
587744,1
587745,0
587746,1
587747,0
587748,0
587749,1
587750,0
587751,0
587752,0
587753,0
587754,0
587755,2
587756,0
587757,2
587758,0
587759,1
587760,0
587761,0
587762,4
587763,0
587764,0
587765,0
587766,0
587767,3
587768,0
587769,0
587770,3
587771,0
587772,0
587773,0
587774,0
587775,0
587776,2
587777,0
587778,0
587779,0
587780,0
587781,2
587782,0
587783,2
587784,0
587785,2
587786,0
587787,0
587788,0
587789,0
587790,0
587791,0
587792,0
587793,0
587794,0
587795,0
587796,0
587797,0
587798,2
587799,0
587800,0
587801,1
587802,0
587803,0
587804,2
587805,0
587806,0
587807,0
587808,0
587809,0
587810,0
587811,0
587812,0
587813,5
587814,0
587815,0
587816,0
587817,0
587818,0
587819,0
587820,3
587821,0
587822,0
587823,0
587824,0
587825,0
587826,4
587827,0
587828,6
587829,3
587830,0
587831,0
587832,0
587833,0
587834,3
587835,0
587836,0
587837,2
587838,5
587839,0
587840,0
587841,2
587842,0
587843,0
587844,0
587845,0
587846,0
587847,0
587848,2
587849,0
587850,0
587851,0
587852,0
587853,0
587854,0
587855,0
587856,0
587857,4
587858,0
587859,2
587860,0
587861,0
587862,0
587863,0
587864,3
587865,0
587866,0
587867,1
587868,0
587869,4
587870,0
587871,0
587872,3
587873,0
587874,0
587875,0
587876,1
587877,0
587878,0
587879,3
587880,0
587881,0
587882,6
587883,0
587884,0
587885,0
587886,0
587887,0
587888,3
587889,0
587890,0
587891,0
587892,1
587893,0
587894,3
587895,0
587896,0
587897,0
587898,0
587899,0
587900,0
587901,0
587902,0
587903,0
587904,0
587905,0
587906,0
587907,0
587908,0
587909,0
587910,0
587911,1
587912,0
587913,0
587914,0
587915,0
587916,0
587917,0
587918,0
587919,0
587920,0
587921,0
587922,0
587923,6
587924,0
587925,0
587926,3
587927,0
587928,2
587929,0
587930,0
587931,0
587932,2
587933,0
587934,1
587935,0
587936,0
587937,0
587938,0
587939,0
587940,0
587941,1
587942,0
587943,0
587944,0
587945,2
587946,0
587947,3
587948,0
587949,0
587950,4
587951,0
587952,0
587953,5
587954,0
587955,0
587956,1
587957,3
587958,0
587959,0
587960,4
587961,3
587962,6
587963,0
587964,0
587965,0
587966,0
587967,1
587968,0
587969,0
587970,2
587971,0
587972,0
587973,0
587974,2
587975,0
587976,1
587977,2
587978,0
587979,0
587980,0
587981,0
587982,0
587983,0
587984,0
587985,0
587986,0
587987,3
587988,0
587989,3
587990,0
587991,0
587992,0
587993,0
587994,0
587995,0
587996,0
587997,2
587998,0
587999,0
588000,0
588001,2
588002,0
588003,0
588004,2
588005,2
588006,5
588007,0
588008,3
588009,2
588010,0
588011,3
588012,0
588013,0
588014,0
588015,3
588016,2
588017,0
588018,0
588019,0
588020,0
588021,0
588022,0
588023,3
588024,0
588025,0
588026,0
588027,0
588028,0
588029,0
588030,1
588031,0
588032,0
588033,0
588034,5
588035,0
588036,3
588037,2
588038,0
588039,0
588040,0
588041,0
588042,0
588043,1
588044,0
588045,0
588046,0
588047,1
588048,0
588049,0
588050,0
588051,0
588052,0
588053,0
588054,2
588055,0
588056,0
588057,0
588058,0
588059,0
588060,0
588061,6
588062,0
588063,0
588064,0
588065,2
588066,0
588067,2
588068,0
588069,0
588070,0
588071,1
588072,0
588073,0
588074,0
588075,0
588076,0
588077,0
588078,0
588079,3
588080,0
588081,0
588082,0
588083,0
588084,2
588085,0
588086,0
588087,0
588088,0
588089,0
588090,0
588091,5
588092,0
588093,0
588094,0
588095,0
588096,0
588097,1
588098,0
588099,5
588100,1
588101,1
588102,3
588103,0
588104,0
588105,0
588106,0
588107,0
588108,2
588109,0
588110,0
588111,0
588112,0
588113,0
588114,1
588115,0
588116,0
588117,2
588118,0
588119,0
588120,0
588121,0
588122,0
588123,0
588124,0
588125,0
588126,2
588127,4
588128,0
588129,0
588130,3
588131,0
588132,0
588133,0
588134,0
588135,0
588136,0
588137,0
588138,2
588139,0
588140,2
588141,0
588142,0
588143,0
588144,0
588145,3
588146,0
588147,0
588148,0
588149,0
588150,0
588151,0
588152,0
588153,0
588154,1
588155,0
588156,0
588157,0
588158,2
588159,0
588160,0
588161,1
588162,0
588163,0
588164,0
588165,1
588166,0
588167,0
588168,2
588169,0
588170,2
588171,0
588172,0
588173,0
588174,0
588175,0
588176,0
588177,0
588178,0
588179,0
588180,0
588181,2
588182,2
588183,5
588184,0
588185,0
588186,0
588187,0
588188,0
588189,1
588190,0
588191,0
588192,0
588193,0
588194,2
588195,0
588196,0
588197,3
588198,0
588199,6
588200,1
588201,0
588202,0
588203,2
588204,0
588205,0
588206,0
588207,1
588208,0
588209,0
588210,0
588211,0
588212,0
588213,0
588214,0
588215,0
588216,0
588217,0
588218,0
588219,0
588220,3
588221,3
588222,0
588223,0
588224,0
588225,0
588226,0
588227,0
588228,0
588229,0
588230,0
588231,0
588232,0
588233,0
588234,2
588235,2
588236,0
588237,3
588238,0
588239,2
588240,0
588241,0
588242,1
588243,0
588244,0
588245,0
588246,0
588247,0
588248,0
588249,0
588250,0
588251,1
588252,0
588253,2
588254,0
588255,3
588256,0
588257,3
588258,0
588259,0
588260,3
588261,0
588262,0
588263,0
588264,0
588265,5
588266,0
588267,0
588268,0
588269,0
588270,0
588271,0
588272,0
588273,0
588274,0
588275,0
588276,0
588277,0
588278,0
588279,0
588280,29
588281,0
588282,0
588283,48
588284,0
588285,0
588286,0
588287,36
588288,0
588289,61
588290,0
588291,0
588292,0
588293,0
588294,0
588295,0
588296,0
588297,0
588298,0
588299,0
588300,0
588301,0
588302,0
588303,0
588304,39
588305,52
588306,0
588307,26
588308,0
588309,27
588310,0
588311,19
588312,0
588313,0
588314,0
588315,0
588316,0
588317,0
588318,0
588319,0
588320,0
588321,35
588322,43
588323,0
588324,0
588325,41
588326,0
588327,24
588328,0
588329,0
588330,14
588331,0
588332,35
588333,0
588334,0
588335,38
588336,24
588337,0
588338,0
588339,45
588340,21
588341,57
588342,36
588343,0
588344,22
588345,0
588346,0
588347,0
588348,0
588349,0
588350,0
588351,0
588352,0
588353,42
588354,0
588355,0
588356,46
588357,0
588358,0
588359,0
588360,0
588361,0
588362,0
588363,0
588364,25
588365,0
588366,0
588367,0
588368,0
588369,0
588370,0
588371,0
588372,0
588373,49
588374,0
588375,0
588376,0
588377,0
588378,43
588379,0
588380,0
588381,0
588382,0
588383,0
588384,0
588385,0
588386,30
588387,0
588388,0
588389,0
588390,0
588391,46
588392,0
588393,0
588394,35
588395,31
588396,0
588397,0
588398,0
588399,51
588400,0
588401,0
588402,0
588403,0
588404,0
588405,49
588406,0
588407,0
588408,0
588409,0
588410,62
588411,33
588412,0
588413,0
588414,18
588415,0
588416,0
588417,0
588418,0
588419,0
588420,0
588421,0
588422,46
588423,0
588424,0
588425,39
588426,0
588427,30
588428,0
588429,0
588430,0
588431,24
588432,36
588433,0
588434,0
588435,0
588436,0
588437,35
588438,0
588439,0
588440,0
588441,0
588442,0
588443,0
588444,0
588445,0
588446,50
588447,48
588448,13
588449,0
588450,32
588451,0
588452,0
588453,0
588454,61
588455,0
588456,52
588457,48
588458,0
588459,0
588460,0
588461,0
588462,0
588463,0
588464,28
588465,0
588466,0
588467,0
588468,0
588469,43
588470,0
588471,32
588472,0
588473,0
588474,0
588475,0
588476,0
588477,0
588478,39
588479,0
588480,0
588481,0
588482,24
588483,0
588484,0
588485,0
588486,41
588487,49
588488,47
588489,0
588490,0
588491,39
588492,53
588493,0
588494,26
588495,0
588496,0
588497,0
588498,29
588499,0
588500,0
588501,0
588502,0
588503,70
588504,43
588505,0
588506,0
588507,0
588508,0
588509,45
588510,49
588511,18
588512,0
588513,0
588514,0
588515,31
588516,0
588517,0
588518,0
588519,0
588520,0
588521,0
588522,66
588523,30
588524,0
588525,0
588526,62
588527,37
588528,0
588529,34
588530,0
588531,0
588532,0
588533,0
588534,0
588535,0
588536,0
588537,0
588538,0
588539,0
588540,0
588541,0
588542,0
588543,0
588544,0
588545,53
588546,0
588547,0
588548,32
588549,0
588550,29
588551,0
588552,31
588553,0
588554,0
588555,0
588556,0
588557,0
588558,0
588559,0
588560,0
588561,0
588562,0
588563,41
588564,0
588565,0
588566,30
588567,0
588568,0
588569,0
588570,46
588571,0
588572,33
588573,0
588574,34
588575,36
588576,0
588577,0
588578,24
588579,28
588580,0
588581,35
588582,0
588583,0
588584,0
588585,0
588586,0
588587,0
588588,0
588589,49
588590,0
588591,0
588592,0
588593,0
588594,0
588595,69
588596,0
588597,32
588598,0
588599,0
588600,0
588601,0
588602,0
588603,0
588604,35
588605,0
588606,0
588607,0
588608,0
588609,0
588610,0
588611,0
588612,30
588613,0
588614,0
588615,0
588616,0
588617,33
588618,0
588619,35
588620,0
588621,0
588622,0
588623,0
588624,0
588625,0
588626,28
588627,0
588628,0
588629,0
588630,44
588631,0
588632,0
588633,0
588634,45
588635,23
588636,0
588637,24
588638,0
588639,26
588640,36
588641,0
588642,0
588643,45
588644,0
588645,42
588646,41
588647,0
588648,14
588649,0
588650,0
588651,0
588652,53
588653,43
588654,0
588655,0
588656,0
588657,0
588658,0
588659,0
588660,46
588661,46
588662,0
588663,0
588664,47
588665,60
588666,0
588667,34
588668,0
588669,0
588670,0
588671,0
588672,0
588673,15
588674,40
588675,0
588676,0
588677,0
588678,0
588679,0
588680,0
588681,0
588682,0
588683,0
588684,0
588685,0
588686,0
588687,0
588688,0
588689,0
588690,0
588691,46
588692,36
588693,39
588694,0
588695,0
588696,0
588697,0
588698,0
588699,0
588700,0
588701,0
588702,0
588703,0
588704,0
588705,0
588706,46
588707,31
588708,0
588709,28
588710,0
588711,0
588712,22
588713,0
588714,0
588715,0
588716,0
588717,45
588718,0
588719,0
588720,0
588721,34
588722,0
588723,0
588724,0
588725,21
588726,0
588727,0
588728,0
588729,0
588730,0
588731,0
588732,0
588733,0
588734,0
588735,0
588736,0
588737,23
588738,0
588739,0
588740,61
588741,60
588742,0
588743,0
588744,24
588745,0
588746,0
588747,0
588748,0
588749,0
588750,0
588751,0
588752,0
588753,0
588754,0
588755,35
588756,0
588757,0
588758,0
588759,0
588760,30
588761,54
588762,0
588763,0
588764,0
588765,0
588766,0
588767,0
588768,31
588769,0
588770,0
588771,0
588772,19
588773,0
588774,0
588775,35
588776,0
588777,0
588778,0
588779,0
588780,42
588781,35
588782,0
588783,0
588784,0
588785,0
588786,0
588787,35
588788,0
588789,0
588790,0
588791,42
588792,0
588793,0
588794,31
588795,37
588796,0
588797,0
588798,0
588799,45
588800,0
588801,0
588802,55
588803,0
588804,57
588805,0
588806,0
588807,0
588808,32
588809,18
588810,0
588811,0
588812,0
588813,0
588814,0
588815,37
588816,0
588817,0
588818,28
588819,0
588820,31
588821,0
588822,58
588823,0
588824,0
588825,0
588826,0
588827,0
588828,0
588829,0
588830,0
588831,20
588832,0
588833,0
588834,38
588835,53
588836,0
588837,0
588838,0
588839,0
588840,0
588841,56
588842,0
588843,0
588844,0
588845,0
588846,0
588847,0
588848,0
588849,0
588850,0
588851,0
588852,0
588853,0
588854,0
588855,0
588856,0
588857,0
588858,0
588859,0
588860,0
588861,0
588862,0
588863,0
588864,44
588865,0
588866,0
588867,0
588868,0
588869,0
588870,0
588871,0
588872,37
588873,0
588874,39
588875,0
588876,45
588877,0
588878,0
588879,22
588880,0
588881,0
588882,0
588883,0
588884,27
588885,29
588886,0
588887,0
588888,36
588889,0
588890,37
588891,0
588892,28
588893,38
588894,0
588895,0
588896,34
588897,0
588898,0
588899,0
588900,0
588901,0
588902,26
588903,0
588904,0
588905,0
588906,0
588907,33
588908,0
588909,0
588910,0
588911,0
588912,0
588913,44
588914,28
588915,50
588916,0
588917,0
588918,21
588919,38
588920,36
588921,0
588922,27
588923,0
588924,22
588925,44
588926,25
588927,38
588928,0
588929,56
588930,0
588931,34
588932,0
588933,0
588934,25
588935,0
588936,0
588937,0
588938,0
588939,0
588940,0
588941,0
588942,0
588943,0
588944,20
588945,22
588946,0
588947,30
588948,0
588949,0
588950,0
588951,0
588952,0
588953,0
588954,29
588955,0
588956,0
588957,0
588958,31
588959,0
588960,0
588961,0
588962,0
588963,0
588964,17
588965,17
588966,0
588967,0
588968,0
588969,0
588970,0
588971,0
588972,0
588973,0
588974,29
588975,0
588976,0
588977,0
588978,38
588979,0
588980,0
588981,0
588982,0
588983,0
588984,0
588985,0
588986,0
588987,0
588988,0
588989,0
588990,0
588991,31
588992,34
588993,0
588994,29
588995,0
588996,17
588997,27
588998,23
588999,0
589000,0
589001,0
589002,0
589003,0
589004,0
589005,0
589006,0
589007,0
589008,0
589009,0
589010,0
589011,31
589012,0
589013,0
589014,0
589015,0
589016,0
589017,28
589018,30
589019,0
589020,0
589021,0
589022,0
589023,0
589024,0
589025,0
589026,0
589027,0
589028,0
589029,0
589030,0
589031,0
589032,24
589033,0
589034,23
589035,0
589036,0
589037,0
589038,35
589039,0
589040,0
589041,0
589042,0
589043,52
589044,0
589045,21
589046,0
589047,0
589048,18
589049,0
589050,0
589051,0
589052,37
589053,31
589054,25
589055,0
589056,0
589057,23
589058,25
589059,0
589060,0
589061,0
589062,0
589063,0
589064,35
589065,0
589066,22
589067,14
589068,0
589069,0
589070,0
589071,35
589072,0
589073,0
589074,0
589075,0
589076,0
589077,0
589078,0
589079,0
589080,12
589081,0
589082,39
589083,0
589084,0
589085,0
589086,0
589087,0
589088,20
589089,0
589090,24
589091,0
589092,0
589093,0
589094,0
589095,32
589096,0
589097,21
589098,0
589099,0
589100,0
589101,0
589102,0
589103,0
589104,0
589105,0
589106,0
589107,0
589108,28
589109,0
589110,0
589111,0
589112,25
589113,0
589114,0
589115,0
589116,0
589117,0
589118,29
589119,0
589120,0
589121,0
589122,0
589123,0
589124,26
589125,0
589126,0
589127,0
589128,21
589129,34
589130,0
589131,0
589132,0
589133,0
589134,0
589135,28
589136,0
589137,0
589138,33
589139,0
589140,0
589141,18
589142,0
589143,0
589144,0
589145,0
589146,0
589147,35
589148,0
589149,0
589150,37
589151,0
589152,0
589153,0
589154,0
589155,0
589156,0
589157,0
589158,0
589159,0
589160,0
589161,25
589162,0
589163,0
589164,26
589165,0
589166,0
589167,0
589168,0
589169,0
589170,0
589171,0
589172,0
589173,31
589174,41
589175,25
589176,0
589177,0
589178,0
589179,0
589180,0
589181,23
589182,0
589183,0
589184,0
589185,0
589186,0
589187,0
589188,25
589189,0
589190,0
589191,0
589192,0
589193,30
589194,0
589195,0
589196,30
589197,0
589198,0
589199,0
589200,27
589201,0
589202,0
589203,0
589204,0
589205,23
589206,32
589207,27
589208,0
589209,0
589210,0
589211,0
589212,0
589213,0
589214,0
589215,0
589216,0
589217,0
589218,0
589219,0
589220,0
589221,0
589222,0
589223,0
589224,0
589225,0
589226,0
589227,26
589228,0
589229,0
589230,37
589231,0
589232,21
589233,0
589234,31
589235,0
589236,0
589237,23
589238,22
589239,0
589240,0
589241,0
589242,0
589243,0
589244,0
589245,0
589246,0
589247,0
589248,22
589249,0
589250,0
589251,19
589252,0
589253,0
589254,0
589255,23
589256,0
589257,0
589258,0
589259,0
589260,0
589261,0
589262,0
589263,0
589264,0
589265,0
589266,0
589267,0
589268,0
589269,35
589270,0
589271,0
589272,0
589273,0
589274,0
589275,12
589276,0
589277,0
589278,21
589279,30
589280,0
589281,0
589282,0
589283,0
589284,0
589285,0
589286,0
589287,0
589288,0
589289,0
589290,0
589291,0
589292,0
589293,0
589294,0
589295,52
589296,0
589297,0
589298,28
589299,0
589300,0
589301,0
589302,0
589303,30
589304,0
589305,0
589306,0
589307,0
589308,22
589309,0
589310,0
589311,27
589312,0
589313,0
589314,0
589315,23
589316,0
589317,18
589318,0
589319,0
589320,0
589321,0
589322,0
589323,0
589324,0
589325,19
589326,0
589327,0
589328,0
589329,0
589330,0
589331,0
589332,26
589333,0
589334,0
589335,0
589336,0
589337,0
589338,0
589339,38
589340,0
589341,26
589342,25
589343,28
589344,0
589345,0
589346,0
589347,0
589348,18
589349,0
589350,0
589351,0
589352,0
589353,0
589354,0
589355,26
589356,32
589357,22
589358,0
589359,0
589360,0
589361,0
589362,0
589363,0
589364,0
589365,0
589366,0
589367,0
589368,0
589369,0
589370,21
589371,0
589372,0
589373,0
589374,0
589375,0
589376,0
589377,0
589378,0
589379,0
589380,0
589381,0
589382,0
589383,0
589384,0
589385,0
589386,0
589387,0
589388,0
589389,0
589390,0
589391,0
589392,0
589393,0
589394,0
589395,0
589396,0
589397,0
589398,0
589399,0
589400,0
589401,0
589402,0
589403,0
589404,0
589405,0
589406,0
589407,0
589408,0
589409,0
589410,0
589411,0
589412,0
589413,0
589414,0
589415,0
589416,0
589417,0
589418,0
589419,0
589420,0
589421,0
589422,0
589423,0
589424,0
589425,0
589426,0
589427,0
589428,0
589429,0
589430,0
589431,0
589432,0
589433,0
589434,0
589435,0
589436,0
589437,0
589438,0
589439,0
589440,0
589441,0
589442,0
589443,0
589444,0
589445,0
589446,0
589447,0
589448,0
589449,0
589450,0
589451,0
589452,0
589453,0
589454,0
589455,0
589456,0
589457,0
589458,0
589459,0
589460,0
589461,0
589462,0
589463,0
589464,0
589465,0
589466,0
589467,0
589468,0
589469,0
589470,0
589471,0
589472,0
589473,0
589474,0
589475,0
589476,0
589477,0
589478,0
589479,0
589480,0
589481,0
589482,0
589483,0
589484,0
589485,0
589486,0
589487,0
589488,0
589489,0
589490,0
589491,0
589492,0
589493,0
589494,0
589495,0
589496,0
589497,0
589498,0
589499,0
589500,0
589501,0
589502,0
589503,0
589504,0
589505,0
589506,0
589507,0
589508,0
589509,0
589510,0
589511,0
589512,0
589513,0
589514,0
589515,0
589516,0
589517,0
589518,0
589519,0
589520,0
589521,0
589522,0
589523,0
589524,0
589525,0
589526,0
589527,0
589528,0
589529,0
589530,0
589531,0
589532,0
589533,0
589534,0
589535,0
589536,0
589537,0
589538,0
589539,0
589540,0
589541,0
589542,0
589543,0
589544,0
589545,0
589546,0
589547,0
589548,0
589549,0
589550,0
589551,0
589552,0
589553,0
589554,0
589555,0
589556,0
589557,0
589558,0
589559,0
589560,0
589561,0
589562,0
589563,0
589564,0
589565,0
589566,0
589567,0
589568,0
589569,0
589570,0
589571,0
589572,0
589573,0
589574,0
589575,0
589576,0
589577,0
589578,0
589579,0
589580,0
589581,0
589582,1
589583,0
589584,0
589585,0
589586,0
589587,0
589588,0
589589,0
589590,0
589591,0
589592,0
589593,0
589594,0
589595,0
589596,0
589597,0
589598,0
589599,0
589600,0
589601,0
589602,0
589603,0
589604,0
589605,0
589606,0
589607,0
589608,0
589609,0
589610,0
589611,0
589612,0
589613,0
589614,0
589615,0
589616,0
589617,0
589618,0
589619,1
589620,0
589621,0
589622,0
589623,0
589624,0
589625,0
589626,0
589627,0
589628,0
589629,0
589630,0
589631,0
589632,0
589633,0
589634,0
589635,0
589636,0
589637,0
589638,0
589639,0
589640,0
589641,0
589642,0
589643,1
589644,0
589645,0
589646,0
589647,0
589648,0
589649,0
589650,0
589651,0
589652,0
589653,0
589654,0
589655,0
589656,0
589657,0
589658,0
589659,0
589660,0
589661,0
589662,0
589663,0
589664,0
589665,0
589666,0
589667,0
589668,0
589669,0
589670,0
589671,0
589672,0
589673,0
589674,0
589675,0
589676,0
589677,0
589678,0
589679,0
589680,0
589681,0
589682,0
589683,0
589684,0
589685,0
589686,0
589687,0
589688,0
589689,0
589690,0
589691,0
589692,0
589693,0
589694,0
589695,0
589696,0
589697,0
589698,0
589699,0
589700,0
589701,0
589702,0
589703,0
589704,0
589705,0
589706,0
589707,0
589708,0
589709,0
589710,0
589711,0
589712,0
589713,0
589714,0
589715,0
589716,0
589717,0
589718,0
589719,0
589720,0
589721,0
589722,0
589723,0
589724,0
589725,0
589726,0
589727,0
589728,0
589729,0
589730,0
589731,0
589732,0
589733,0
589734,0
589735,0
589736,0
589737,0
589738,0
589739,0
589740,0
589741,0
589742,0
589743,0
589744,0
589745,0
589746,0
589747,0
589748,0
589749,0
589750,0
589751,0
589752,0
589753,0
589754,0
589755,0
589756,0
589757,0
589758,0
589759,0
589760,0
589761,0
589762,0
589763,0
589764,0
589765,0
589766,0
589767,0
589768,0
589769,0
589770,0
589771,0
589772,0
589773,0
589774,0
589775,0
589776,0
589777,0
589778,0
589779,0
589780,0
589781,0
589782,0
589783,0
589784,0
589785,0
589786,0
589787,0
589788,0
589789,0
589790,0
589791,0
589792,0
589793,0
589794,0
589795,0
589796,0
589797,0
589798,0
589799,0
589800,0
589801,0
589802,0
589803,0
589804,0
589805,0
589806,0
589807,0
589808,0
589809,0
589810,0
589811,0
589812,0
589813,0
589814,0
589815,0
589816,0
589817,0
589818,0
589819,0
589820,0
589821,0
589822,0
589823,0
589824,0
589825,0
589826,0
589827,0
589828,0
589829,0
589830,0
589831,0
589832,0
589833,0
589834,0
589835,41
589836,0
589837,0
589838,0
589839,0
589840,0
589841,0
589842,0
589843,0
589844,17
589845,0
589846,0
589847,0
589848,0
589849,17
589850,25
589851,27
589852,0
589853,18
589854,0
589855,0
589856,23
589857,0
589858,0
589859,0
589860,0
589861,0
589862,0
589863,0
589864,0
589865,0
589866,0
589867,0
589868,0
589869,0
589870,0
589871,0
589872,0
589873,40
589874,0
589875,0
589876,0
589877,0
589878,0
589879,0
589880,0
589881,0
589882,0
589883,0
589884,0
589885,0
589886,0
589887,0
589888,0
589889,0
589890,0
589891,36
589892,0
589893,0
589894,0
589895,0
589896,0
589897,0
589898,0
589899,0
589900,0
589901,0
589902,0
589903,0
589904,0
589905,0
589906,37
589907,0
589908,0
589909,0
589910,0
589911,28
589912,0
589913,0
589914,0
589915,0
589916,0
589917,0
589918,0
589919,0
589920,0
589921,0
589922,0
589923,0
589924,0
589925,0
589926,0
589927,0
589928,0
589929,0
589930,0
589931,0
589932,0
589933,0
589934,0
589935,0
589936,0
589937,0
589938,0
589939,0
589940,0
589941,0
589942,51
589943,0
589944,0
589945,0
589946,0
589947,0
589948,0
589949,0
589950,0
589951,0
589952,0
589953,0
589954,0
589955,0
589956,0
589957,0
589958,0
589959,0
589960,0
589961,0
589962,0
589963,0
589964,0
589965,0
589966,0
589967,0
589968,0
589969,0
589970,0
589971,0
589972,0
589973,0
589974,0
589975,0
589976,0
589977,0
589978,0
589979,0
589980,0
589981,0
589982,0
589983,0
589984,0
589985,0
589986,0
589987,0
589988,0
589989,0
589990,0
589991,0
589992,48
589993,0
589994,0
589995,0
589996,0
589997,0
589998,0
589999,0
590000,0
590001,0
590002,0
590003,9
590004,0
590005,0
590006,0
590007,0
590008,0
590009,44
590010,0
590011,0
590012,0
590013,0
590014,36
590015,0
590016,26
590017,0
590018,29
590019,0
590020,0
590021,0
590022,0
590023,0
590024,0
590025,0
590026,0
590027,0
590028,0
590029,0
590030,0
590031,0
590032,0
590033,0
590034,0
590035,0
590036,0
590037,0
590038,0
590039,0
590040,0
590041,0
590042,0
590043,0
590044,0
590045,0
590046,0
590047,0
590048,0
590049,0
590050,0
590051,0
590052,0
590053,0
590054,0
590055,0
590056,11
590057,0
590058,0
590059,29
590060,31
590061,0
590062,0
590063,0
590064,0
590065,0
590066,0
590067,0
590068,0
590069,0
590070,32
590071,0
590072,26
590073,0
590074,0
590075,0
590076,0
590077,0
590078,0
590079,0
590080,19
590081,0
590082,0
590083,0
590084,0
590085,0
590086,0
590087,0
590088,0
590089,0
590090,0
590091,0
590092,0
590093,0
590094,0
590095,0
590096,0
590097,30
590098,0
590099,0
590100,0
590101,0
590102,0
590103,0
590104,11
590105,0
590106,0
590107,0
590108,0
590109,0
590110,0
590111,0
590112,0
590113,0
590114,0
590115,0
590116,0
590117,0
590118,0
590119,0
590120,0
590121,34
590122,0
590123,36
590124,0
590125,0
590126,0
590127,37
590128,0
590129,0
590130,0
590131,0
590132,0
590133,0
590134,0
590135,0
590136,0
590137,0
590138,0
590139,0
590140,0
590141,0
590142,0
590143,0
590144,0
590145,0
590146,0
590147,0
590148,0
590149,0
590150,0
590151,0
590152,0
590153,0
590154,0
590155,0
590156,0
590157,0
590158,0
590159,0
590160,0
590161,0
590162,29
590163,0
590164,0
590165,0
590166,0
590167,0
590168,0
590169,0
590170,0
590171,0
590172,0
590173,33
590174,0
590175,0
590176,26
590177,0
590178,0
590179,0
590180,0
590181,0
590182,0
590183,0
590184,0
590185,0
590186,0
590187,0
590188,0
590189,19
590190,0
590191,0
590192,0
590193,0
590194,0
590195,0
590196,0
590197,0
590198,0
590199,41
590200,36
590201,28
590202,0
590203,0
590204,0
590205,0
590206,0
590207,0
590208,0
590209,0
590210,0
590211,0
590212,0
590213,0
590214,23
590215,0
590216,0
590217,0
590218,0
590219,0
590220,0
590221,0
590222,0
590223,0
590224,0
590225,0
590226,0
590227,0
590228,0
590229,0
590230,16
590231,0
590232,0
590233,0
590234,0
590235,0
590236,0
590237,0
590238,0
590239,0
590240,0
590241,0
590242,0
590243,0
590244,0
590245,36
590246,0
590247,0
590248,0
590249,0
590250,0
590251,0
590252,0
590253,23
590254,0
590255,0
590256,0
590257,0
590258,32
590259,0
590260,25
590261,0
590262,7
590263,0
590264,0
590265,0
590266,0
590267,0
590268,0
590269,0
590270,0
590271,0
590272,0
590273,0
590274,0
590275,0
590276,0
590277,28
590278,0
590279,0
590280,18
590281,0
590282,0
590283,0
590284,0
590285,11
590286,0
590287,0
590288,0
590289,14
590290,7
590291,0
590292,0
590293,0
590294,0
590295,0
590296,13
590297,0
590298,0
590299,0
590300,0
590301,0
590302,19
590303,0
590304,0
590305,26
590306,0
590307,10
590308,0
590309,9
590310,0
590311,18
590312,0
590313,0
590314,0
590315,21
590316,0
590317,36
590318,24
590319,13
590320,0
590321,0
590322,0
590323,0
590324,16
590325,0
590326,0
590327,0
590328,0
590329,0
590330,12
590331,0
590332,0
590333,9
590334,15
590335,10
590336,17
590337,0
590338,0
590339,17
590340,0
590341,0
590342,14
590343,0
590344,15
590345,0
590346,0
590347,0
590348,0
590349,0
590350,0
590351,0
590352,0
590353,0
590354,0
590355,0
590356,0
590357,0
590358,0
590359,0
590360,0
590361,0
590362,9
590363,0
590364,0
590365,0
590366,12
590367,0
590368,0
590369,0
590370,0
590371,11
590372,0
590373,0
590374,0
590375,0
590376,0
590377,28
590378,0
590379,0
590380,0
590381,14
590382,7
590383,15
590384,35
590385,0
590386,0
590387,0
590388,0
590389,0
590390,15
590391,0
590392,11
590393,0
590394,11
590395,0
590396,9
590397,15
590398,0
590399,0
590400,0
590401,0
590402,0
590403,0
590404,0
590405,0
590406,15
590407,0
590408,0
590409,0
590410,0
590411,0
590412,0
590413,17
590414,15
590415,8
590416,0
590417,0
590418,23
590419,0
590420,11
590421,0
590422,22
590423,0
590424,11
590425,0
590426,0
590427,0
590428,0
590429,0
590430,0
590431,0
590432,0
590433,17
590434,0
590435,0
590436,15
590437,0
590438,0
590439,0
590440,19
590441,0
590442,0
590443,0
590444,0
590445,0
590446,0
590447,18
590448,0
590449,0
590450,20
590451,0
590452,0
590453,0
590454,0
590455,0
590456,0
590457,0
590458,0
590459,0
590460,0
590461,18
590462,0
590463,0
590464,0
590465,0
590466,20
590467,0
590468,0
590469,0
590470,24
590471,0
590472,0
590473,0
590474,0
590475,0
590476,0
590477,0
590478,0
590479,0
590480,0
590481,0
590482,0
590483,0
590484,19
590485,0
590486,0
590487,0
590488,0
590489,0
590490,0
590491,0
590492,0
590493,0
590494,20
590495,0
590496,14
590497,11
590498,4
590499,0
590500,0
590501,9
590502,0
590503,19
590504,0
590505,0
590506,19
590507,0
590508,0
590509,0
590510,0
590511,0
590512,12
590513,16
590514,0
590515,0
590516,0
590517,18
590518,0
590519,0
590520,0
590521,0
590522,0
590523,0
590524,13
590525,0
590526,0
590527,0
590528,0
590529,13
590530,25
590531,0
590532,11
590533,10
590534,31
590535,0
590536,0
590537,0
590538,0
590539,0
590540,0
590541,0
590542,0
590543,0
590544,0
590545,0
590546,0
590547,0
590548,0
590549,0
590550,0
590551,0
590552,0
590553,0
590554,0
590555,0
590556,0
590557,0
590558,14
590559,0
590560,14
590561,0
590562,0
590563,0
590564,0
590565,22
590566,0
590567,0
590568,0
590569,0
590570,0
590571,0
590572,0
590573,0
590574,13
590575,0
590576,0
590577,0
590578,0
590579,0
590580,0
590581,0
590582,12
590583,18
590584,0
590585,0
590586,0
590587,0
590588,0
590589,0
590590,0
590591,0
590592,0
590593,0
590594,15
590595,0
590596,10
590597,0
590598,0
590599,0
590600,0
590601,0
590602,24
590603,0
590604,0
590605,0
590606,0
590607,0
590608,0
590609,0
590610,0
590611,0
590612,0
590613,0
590614,0
590615,0
590616,0
590617,0
590618,0
590619,0
590620,0
590621,22
590622,0
590623,0
590624,0
590625,0
590626,0
590627,0
590628,0
590629,0
590630,0
590631,0
590632,0
590633,0
590634,0
590635,0
590636,0
590637,0
590638,0
590639,0
590640,24
590641,16
590642,14
590643,11
590644,0
590645,0
590646,0
590647,20
590648,0
590649,0
590650,0
590651,0
590652,0
590653,0
590654,0
590655,0
590656,0
590657,0
590658,0
590659,0
590660,11
590661,0
590662,8
590663,0
590664,0
590665,0
590666,13
590667,0
590668,0
590669,0
590670,0
590671,0
590672,27
590673,0
590674,15
590675,9
590676,0
590677,0
590678,0
590679,0
590680,24
590681,0
590682,0
590683,0
590684,0
590685,0
590686,0
590687,0
590688,0
590689,0
590690,0
590691,12
590692,0
590693,0
590694,0
590695,0
590696,17
590697,0
590698,0
590699,0
590700,13
590701,0
590702,0
590703,20
590704,21
590705,0
590706,0
590707,0
590708,0
590709,11
590710,0
590711,0
590712,0
590713,0
590714,10
590715,0
590716,0
590717,0
590718,0
590719,0
590720,0
590721,0
590722,0
590723,14
590724,0
590725,0
590726,0
590727,14
590728,0
590729,0
590730,0
590731,24
590732,17
590733,18
590734,0
590735,0
590736,13
590737,0
590738,0
590739,0
590740,0
590741,0
590742,6
590743,0
590744,0
590745,0
590746,0
590747,0
590748,0
590749,0
590750,0
590751,0
590752,0
590753,0
590754,0
590755,0
590756,15
590757,24
590758,0
590759,0
590760,0
590761,0
590762,0
590763,0
590764,0
590765,0
590766,24
590767,0
590768,0
590769,0
590770,14
590771,0
590772,0
590773,0
590774,14
590775,0
590776,0
590777,17
590778,0
590779,0
590780,18
590781,13
590782,0
590783,0
590784,0
590785,18
590786,0
590787,0
590788,0
590789,0
590790,0
590791,23
590792,21
590793,0
590794,9
590795,0
590796,0
590797,0
590798,0
590799,0
590800,0
590801,0
590802,0
590803,20
590804,0
590805,35
590806,0
590807,0
590808,0
590809,15
590810,0
590811,0
590812,0
590813,0
590814,0
590815,0
590816,0
590817,0
590818,0
590819,0
590820,30
590821,18
590822,13
590823,0
590824,0
590825,14
590826,0
590827,0
590828,0
590829,0
590830,0
590831,21
590832,0
590833,0
590834,21
590835,14
590836,22
590837,10
590838,0
590839,12
590840,0
590841,0
590842,0
590843,0
590844,18
590845,0
590846,0
590847,0
590848,0
590849,0
590850,0
590851,0
590852,0
590853,0
590854,0
590855,0
590856,0
590857,0
590858,0
590859,7
590860,0
590861,18
590862,13
590863,22
590864,0
590865,0
590866,0
590867,0
590868,0
590869,13
590870,0
590871,22
590872,0
590873,0
590874,0
590875,0
590876,30
590877,0
590878,0
590879,0
590880,25
590881,0
590882,0
590883,0
590884,0
590885,0
590886,0
590887,20
590888,12
590889,21
590890,0
590891,20
590892,20
590893,0
590894,0
590895,0
590896,0
590897,0
590898,0
590899,8
590900,15
590901,0
590902,0
590903,0
590904,0
590905,0
590906,26
590907,0
590908,15
590909,15
590910,0
590911,0
590912,0
590913,0
590914,15
590915,0
590916,24
590917,0
590918,0
590919,0
590920,0
590921,0
590922,25
590923,6
590924,0
590925,0
590926,0
590927,0
590928,21
590929,20
590930,10
590931,0
590932,0
590933,32
590934,0
590935,0
590936,0
590937,0
590938,0
590939,0
590940,27
590941,0
590942,0
590943,16
590944,0
590945,0
590946,16
590947,18
590948,0
590949,17
590950,0
590951,0
590952,0
590953,0
590954,22
590955,0
590956,0
590957,0
590958,0
590959,0
590960,9
590961,0
590962,16
590963,0
590964,0
590965,0
590966,15
590967,0
590968,24
590969,0
590970,0
590971,18
590972,14
590973,0
590974,0
590975,0
590976,0
590977,0
590978,12
590979,0
590980,16
590981,0
590982,45
590983,0
590984,0
590985,0
590986,0
590987,0
590988,0
590989,0
590990,0
590991,0
590992,0
590993,0
590994,0
590995,0
590996,0
590997,0
590998,0
590999,0
591000,0
591001,0
591002,0
591003,0
591004,0
591005,0
591006,0
591007,0
591008,0
591009,0
591010,0
591011,0
591012,0
591013,24
591014,0
591015,0
591016,0
591017,0
591018,0
591019,16
591020,0
591021,40
591022,0
591023,8
591024,0
591025,0
591026,14
591027,22
591028,0
591029,20
591030,0
591031,14
591032,0
591033,0
591034,0
591035,0
591036,0
591037,0
591038,22
591039,0
591040,0
591041,0
591042,0
591043,10
591044,20
591045,17
591046,0
591047,0
591048,0
591049,23
591050,0
591051,0
591052,0
591053,12
591054,0
591055,0
591056,0
591057,0
591058,22
591059,9
591060,24
591061,0
591062,4
591063,0
591064,18
591065,0
591066,0
591067,16
591068,0
591069,0
591070,0
591071,14
591072,0
591073,0
591074,0
591075,0
591076,34
591077,0
591078,24
591079,16
591080,23
591081,17
591082,0
591083,15
591084,19
591085,21
591086,0
591087,0
591088,0
591089,13
591090,0
591091,0
591092,0
591093,0
591094,14
591095,0
591096,0
591097,19
591098,0
591099,0
591100,0
591101,0
591102,6
591103,0
591104,0
591105,0
591106,13
591107,0
591108,0
591109,0
591110,0
591111,0
591112,16
591113,0
591114,0
591115,0
591116,0
591117,0
591118,0
591119,0
591120,15
591121,0
591122,15
591123,0
591124,0
591125,18
591126,0
591127,0
591128,21
591129,0
591130,0
591131,0
591132,0
591133,0
591134,0
591135,0
591136,0
591137,0
591138,0
591139,0
591140,0
591141,0
591142,0
591143,0
591144,0
591145,0
591146,0
591147,20
591148,0
591149,0
591150,0
591151,0
591152,32
591153,0
591154,0
591155,0
591156,0
591157,0
591158,0
591159,0
591160,0
591161,0
591162,11
591163,0
591164,0
591165,0
591166,19
591167,0
591168,0
591169,0
591170,0
591171,0
591172,24
591173,0
591174,10
591175,0
591176,21
591177,0
591178,0
591179,0
591180,0
591181,0
591182,0
591183,0
591184,0
591185,11
591186,0
591187,0
591188,0
591189,21
591190,17
591191,0
591192,0
591193,0
591194,0
591195,20
591196,13
591197,0
591198,16
591199,0
591200,7
591201,0
591202,9
591203,0
591204,0
591205,0
591206,0
591207,26
591208,0
591209,0
591210,11
591211,0
591212,0
591213,0
591214,0
591215,0
591216,0
591217,0
591218,0
591219,0
591220,0
591221,0
591222,0
591223,0
591224,0
591225,0
591226,0
591227,0
591228,0
591229,0
591230,0
591231,0
591232,0
591233,0
591234,0
591235,0
591236,0
591237,0
591238,0
591239,0
591240,0
591241,0
591242,0
591243,0
591244,0
591245,0
591246,0
591247,0
591248,0
591249,0
591250,0
591251,0
591252,0
591253,0
591254,0
591255,0
591256,0
591257,0
591258,0
591259,0
591260,0
591261,0
591262,0
591263,0
591264,0
591265,0
591266,0
591267,0
591268,0
591269,0
591270,0
591271,0
591272,0
591273,0
591274,0
591275,0
591276,0
591277,0
591278,0
591279,0
591280,0
591281,0
591282,0
591283,0
591284,0
591285,0
591286,0
591287,0
591288,0
591289,0
591290,0
591291,0
591292,0
591293,0
591294,0
591295,0
591296,0
591297,0
591298,0
591299,0
591300,0
591301,0
591302,0
591303,0
591304,0
591305,0
591306,0
591307,0
591308,0
591309,0
591310,0
591311,0
591312,0
591313,0
591314,0
591315,0
591316,0
591317,0
591318,0
591319,0
591320,0
591321,0
591322,0
591323,0
591324,0
591325,0
591326,0
591327,0
591328,0
591329,0
591330,0
591331,0
591332,0
591333,0
591334,0
591335,0
591336,0
591337,0
591338,0
591339,0
591340,0
591341,0
591342,0
591343,0
591344,0
591345,0
591346,0
591347,0
591348,0
591349,0
591350,0
591351,0
591352,0
591353,0
591354,0
591355,0
591356,0
591357,0
591358,0
591359,0
591360,0
591361,0
591362,0
591363,0
591364,0
591365,0
591366,0
591367,0
591368,0
591369,0
591370,0
591371,0
591372,0
591373,0
591374,0
591375,0
591376,0
591377,0
591378,0
591379,0
591380,0
591381,0
591382,0
591383,0
591384,0
591385,0
591386,0
591387,0
591388,0
591389,0
591390,0
591391,0
591392,0
591393,0
591394,0
591395,0
591396,0
591397,0
591398,0
591399,0
591400,0
591401,0
591402,0
591403,0
591404,0
591405,0
591406,0
591407,0
591408,0
591409,0
591410,0
591411,0
591412,0
591413,0
591414,0
591415,0
591416,0
591417,0
591418,0
591419,0
591420,0
591421,0
591422,0
591423,0
591424,0
591425,0
591426,0
591427,0
591428,0
591429,0
591430,0
591431,0
591432,0
591433,0
591434,0
591435,0
591436,0
591437,0
591438,0
591439,0
591440,0
591441,0
591442,0
591443,0
591444,0
591445,0
591446,0
591447,0
591448,0
591449,0
591450,0
591451,0
591452,0
591453,0
591454,0
591455,0
591456,0
591457,0
591458,0
591459,0
591460,0
591461,0
591462,0
591463,0
591464,0
591465,0
591466,0
591467,0
591468,0
591469,0
591470,0
591471,0
591472,0
591473,0
591474,0
591475,0
591476,0
591477,0
591478,0
591479,0
591480,0
591481,0
591482,0
591483,0
591484,0
591485,0
591486,0
591487,0
591488,0
591489,0
591490,0
591491,0
591492,0
591493,0
591494,0
591495,0
591496,0
591497,0
591498,1
591499,0
591500,0
591501,0
591502,0
591503,0
591504,0
591505,0
591506,0
591507,0
591508,0
591509,0
591510,0
591511,0
591512,0
591513,0
591514,0
591515,0
591516,0
591517,0
591518,0
591519,0
591520,0
591521,0
591522,0
591523,0
591524,0
591525,0
591526,0
591527,0
591528,0
591529,0
591530,0
591531,0
591532,0
591533,0
591534,0
591535,0
591536,0
591537,0
591538,0
591539,0
591540,0
591541,0
591542,0
591543,0
591544,0
591545,0
591546,0
591547,0
591548,0
591549,0
591550,0
591551,0
591552,0
591553,0
591554,0
591555,0
591556,0
591557,0
591558,0
591559,0
591560,0
591561,0
591562,0
591563,0
591564,0
591565,0
591566,0
591567,0
591568,0
591569,0
591570,0
591571,0
591572,0
591573,0
591574,0
591575,0
591576,0
591577,0
591578,0
591579,0
591580,0
591581,0
591582,0
591583,0
591584,0
591585,0
591586,0
591587,0
591588,0
591589,0
591590,0
591591,0
591592,0
591593,0
591594,0
591595,0
591596,0
591597,0
591598,0
591599,0
591600,0
591601,0
591602,0
591603,0
591604,0
591605,0
591606,0
591607,0
591608,0
591609,0
591610,0
591611,0
591612,0
591613,0
591614,0
591615,0
591616,0
591617,0
591618,0
591619,0
591620,0
591621,0
591622,0
591623,0
591624,0
591625,0
591626,0
591627,0
591628,0
591629,0
591630,0
591631,0
591632,0
591633,0
591634,0
591635,0
591636,0
591637,0
591638,0
591639,0
591640,0
591641,0
591642,0
591643,0
591644,0
591645,0
591646,0
591647,0
591648,0
591649,0
591650,0
591651,0
591652,0
591653,0
591654,0
591655,0
591656,0
591657,0
591658,0
591659,0
591660,0
591661,0
591662,0
591663,0
591664,0
591665,0
591666,0
591667,0
591668,0
591669,0
591670,0
591671,0
591672,0
591673,0
591674,0
591675,0
591676,0
591677,0
591678,0
591679,0
591680,0
591681,0
591682,0
591683,0
591684,0
591685,0
591686,0
591687,0
591688,0
591689,0
591690,0
591691,0
591692,0
591693,0
591694,0
591695,0
591696,0
591697,0
591698,0
591699,1
591700,0
591701,0
591702,0
591703,0
591704,0
591705,0
591706,0
591707,0
591708,0
591709,0
591710,0
591711,0
591712,0
591713,0
591714,0
591715,0
591716,0
591717,0
591718,0
591719,0
591720,0
591721,0
591722,0
591723,0
591724,0
591725,0
591726,0
591727,0
591728,0
591729,0
591730,0
591731,0
591732,0
591733,0
591734,0
591735,0
591736,0
591737,0
591738,0
591739,0
591740,0
591741,0
591742,0
591743,0
591744,0
591745,0
591746,0
591747,0
591748,0
591749,0
591750,0
591751,0
591752,0
591753,0
591754,0
591755,0
591756,0
591757,0
591758,0
591759,0
591760,0
591761,0
591762,0
591763,0
591764,0
591765,0
591766,0
591767,0
591768,0
591769,0
591770,0
591771,0
591772,0
591773,0
591774,0
591775,0
591776,0
591777,0
591778,0
591779,0
591780,0
591781,0
591782,0
591783,0
591784,0
591785,0
591786,0
591787,0
591788,0
591789,1
591790,0
591791,0
591792,0
591793,0
591794,0
591795,0
591796,0
591797,0
591798,0
591799,0
591800,0
591801,0
591802,0
591803,0
591804,0
591805,0
591806,0
591807,0
591808,0
591809,0
591810,0
591811,0
591812,0
591813,0
591814,0
591815,0
591816,0
591817,0
591818,0
591819,0
591820,0
591821,0
591822,0
591823,0
591824,0
591825,0
591826,0
591827,1
591828,0
591829,0
591830,0
591831,0
591832,0
591833,0
591834,0
591835,0
591836,0
591837,0
591838,0
591839,0
591840,0
591841,0
591842,0
591843,0
591844,0
591845,0
591846,0
591847,0
591848,0
591849,0
591850,0
591851,1
591852,0
591853,0
591854,0
591855,0
591856,0
591857,0
591858,0
591859,0
591860,0
591861,0
591862,0
591863,0
591864,0
591865,0
591866,0
591867,0
591868,0
591869,0
591870,0
591871,0
591872,0
591873,0
591874,0
591875,0
591876,0
591877,0
591878,0
591879,0
591880,0
591881,0
591882,0
591883,0
591884,0
591885,0
591886,0
591887,0
591888,0
591889,0
591890,0
591891,0
591892,0
591893,0
591894,0
591895,0
591896,0
591897,0
591898,0
591899,0
591900,0
591901,0
591902,0
591903,0
591904,0
591905,0
591906,0
591907,0
591908,0
591909,0
591910,0
591911,0
591912,0
591913,0
591914,0
591915,0
591916,0
591917,0
591918,0
591919,0
591920,0
591921,0
591922,0
591923,0
591924,0
591925,0
591926,0
591927,0
591928,0
591929,0
591930,0
591931,0
591932,0
591933,0
591934,0
591935,0
591936,0
591937,0
591938,0
591939,0
591940,0
591941,0
591942,0
591943,0
591944,0
591945,0
591946,0
591947,0
591948,0
591949,0
591950,0
591951,0
591952,0
591953,0
591954,0
591955,0
591956,0
591957,0
591958,0
591959,0
591960,0
591961,0
591962,0
591963,0
591964,0
591965,0
591966,0
591967,0
591968,0
591969,0
591970,0
591971,0
591972,0
591973,0
591974,0
591975,0
591976,0
591977,0
591978,0
591979,0
591980,0
591981,0
591982,0
591983,0
591984,0
591985,0
591986,0
591987,0
591988,0
591989,0
591990,0
591991,0
591992,0
591993,0
591994,0
591995,0
591996,0
591997,1
591998,0
591999,0
592000,0
592001,0
592002,0
592003,0
592004,0
592005,0
592006,0
592007,0
592008,0
592009,0
592010,0
592011,0
592012,0
592013,0
592014,0
592015,0
592016,0
592017,0
592018,0
592019,0
592020,0
592021,0
592022,0
592023,0
592024,0
592025,0
592026,0
592027,0
592028,0
592029,0
592030,0
592031,0
592032,0
592033,0
592034,0
592035,0
592036,0
592037,0
592038,0
592039,0
592040,0
592041,0
592042,0
592043,0
592044,0
592045,0
592046,0
592047,0
592048,0
592049,0
592050,0
592051,0
592052,0
592053,0
592054,0
592055,0
592056,0
592057,0
592058,0
592059,0
592060,0
592061,0
592062,0
592063,0
592064,0
592065,0
592066,0
592067,0
592068,0
592069,0
592070,0
592071,0
592072,0
592073,0
592074,0
592075,0
592076,0
592077,0
592078,0
592079,0
592080,0
592081,0
592082,7
592083,0
592084,0
592085,0
592086,0
592087,0
592088,0
592089,0
592090,0
592091,0
592092,0
592093,0
592094,0
592095,10
592096,0
592097,0
592098,0
592099,0
592100,0
592101,0
592102,0
592103,0
592104,0
592105,0
592106,0
592107,0
592108,0
592109,0
592110,0
592111,0
592112,0
592113,0
592114,0
592115,0
592116,0
592117,0
592118,0
592119,0
592120,0
592121,0
592122,0
592123,0
592124,0
592125,0
592126,0
592127,0
592128,0
592129,0
592130,0
592131,0
592132,0
592133,0
592134,0
592135,0
592136,0
592137,0
592138,0
592139,0
592140,0
592141,0
592142,0
592143,0
592144,0
592145,0
592146,0
592147,0
592148,11
592149,0
592150,0
592151,0
592152,0
592153,0
592154,0
592155,0
592156,0
592157,0
592158,0
592159,0
592160,0
592161,11
592162,0
592163,0
592164,0
592165,0
592166,0
592167,0
592168,0
592169,0
592170,0
592171,0
592172,0
592173,0
592174,0
592175,0
592176,0
592177,0
592178,0
592179,0
592180,0
592181,0
592182,0
592183,0
592184,0
592185,0
592186,0
592187,0
592188,0
592189,0
592190,0
592191,0
592192,0
592193,0
592194,0
592195,0
592196,0
592197,0
592198,13
592199,0
592200,0
592201,0
592202,0
592203,0
592204,0
592205,0
592206,0
592207,0
592208,0
592209,0
592210,0
592211,0
592212,0
592213,0
592214,0
592215,0
592216,0
592217,0
592218,0
592219,0
592220,0
592221,0
592222,0
592223,0
592224,0
592225,0
592226,0
592227,0
592228,0
592229,0
592230,0
592231,0
592232,0
592233,0
592234,0
592235,0
592236,0
592237,0
592238,0
592239,0
592240,0
592241,0
592242,0
592243,0
592244,0
592245,0
592246,0
592247,0
592248,0
592249,0
592250,0
592251,0
592252,0
592253,0
592254,0
592255,0
592256,0
592257,0
592258,0
592259,0
592260,0
592261,0
592262,0
592263,0
592264,0
592265,0
592266,0
592267,0
592268,0
592269,0
592270,0
592271,0
592272,6
592273,0
592274,0
592275,0
592276,0
592277,0
592278,0
592279,5
592280,0
592281,0
592282,0
592283,0
592284,0
592285,0
592286,0
592287,0
592288,0
592289,0
592290,0
592291,0
592292,0
592293,0
592294,13
592295,0
592296,0
592297,0
592298,18
592299,0
592300,0
592301,0
592302,0
592303,0
592304,0
592305,0
592306,12
592307,0
592308,0
592309,0
592310,0
592311,0
592312,0
592313,13
592314,0
592315,21
592316,10
592317,0
592318,5
592319,10
592320,0
592321,0
592322,0
592323,0
592324,0
592325,10
592326,0
592327,14
592328,0
592329,0
592330,0
592331,10
592332,0
592333,0
592334,0
592335,0
592336,16
592337,0
592338,0
592339,0
592340,0
592341,4
592342,0
592343,0
592344,0
592345,0
592346,0
592347,17
592348,0
592349,0
592350,0
592351,14
592352,0
592353,0
592354,9
592355,0
592356,18
592357,0
592358,0
592359,0
592360,0
592361,0
592362,0
592363,0
592364,0
592365,9
592366,0
592367,0
592368,0
592369,0
592370,18
592371,12
592372,6
592373,9
592374,0
592375,0
592376,0
592377,0
592378,0
592379,0
592380,10
592381,0
592382,0
592383,0
592384,14
592385,0
592386,12
592387,18
592388,0
592389,12
592390,0
592391,0
592392,0
592393,11
592394,15
592395,0
592396,0
592397,0
592398,0
592399,9
592400,25
592401,18
592402,0
592403,0
592404,0
592405,0
592406,14
592407,0
592408,19
592409,0
592410,0
592411,13
592412,8
592413,0
592414,0
592415,0
592416,0
592417,0
592418,0
592419,0
592420,0
592421,0
592422,19
592423,14
592424,0
592425,0
592426,0
592427,0
592428,0
592429,0
592430,19
592431,0
592432,15
592433,0
592434,0
592435,0
592436,24
592437,12
592438,0
592439,0
592440,0
592441,0
592442,0
592443,14
592444,0
592445,0
592446,8
592447,0
592448,0
592449,0
592450,18
592451,11
592452,0
592453,14
592454,16
592455,0
592456,23
592457,0
592458,23
592459,0
592460,0
592461,0
592462,15
592463,17
592464,13
592465,0
592466,21
592467,24
592468,23
592469,0
592470,0
592471,0
592472,0
592473,0
592474,0
592475,0
592476,0
592477,0
592478,0
592479,0
592480,0
592481,0
592482,0
592483,0
592484,0
592485,0
592486,0
592487,0
592488,19
592489,0
592490,0
592491,0
592492,0
592493,0
592494,0
592495,0
592496,0
592497,0
592498,0
592499,0
592500,19
592501,0
592502,18
592503,0
592504,0
592505,0
592506,0
592507,0
592508,28
592509,20
592510,12
592511,0
592512,0
592513,0
592514,15
592515,0
592516,23
592517,0
592518,0
592519,0
592520,0
592521,0
592522,15
592523,0
592524,0
592525,17
592526,0
592527,0
592528,18
592529,0
592530,0
592531,0
592532,0
592533,0
592534,0
592535,14
592536,13
592537,0
592538,30
592539,0
592540,0
592541,0
592542,14
592543,0
592544,0
592545,0
592546,0
592547,11
592548,0
592549,23
592550,0
592551,0
592552,10
592553,0
592554,0
592555,0
592556,0
592557,0
592558,20
592559,0
592560,0
592561,9
592562,0
592563,0
592564,0
592565,19
592566,18
592567,0
592568,0
592569,0
592570,0
592571,0
592572,0
592573,0
592574,0
592575,0
592576,0
592577,0
592578,0
592579,0
592580,0
592581,0
592582,0
592583,0
592584,18
592585,22
592586,20
592587,0
592588,0
592589,18
592590,0
592591,0
592592,15
592593,0
592594,0
592595,13
592596,0
592597,15
592598,0
592599,9
592600,0
592601,0
592602,0
592603,0
592604,0
592605,0
592606,0
592607,21
592608,0
592609,20
592610,0
592611,0
592612,16
592613,0
592614,0
592615,0
592616,0
592617,0
592618,20
592619,0
592620,0
592621,0
592622,0
592623,0
592624,0
592625,17
592626,0
592627,17
592628,10
592629,0
592630,0
592631,0
592632,0
592633,0
592634,16
592635,0
592636,0
592637,0
592638,0
592639,0
592640,0
592641,0
592642,18
592643,0
592644,0
592645,0
592646,0
592647,0
592648,0
592649,0
592650,0
592651,0
592652,0
592653,0
592654,0
592655,0
592656,0
592657,0
592658,16
592659,0
592660,0
592661,21
592662,14
592663,0
592664,14
592665,0
592666,0
592667,9
592668,0
592669,0
592670,0
592671,0
592672,0
592673,0
592674,0
592675,0
592676,0
592677,0
592678,0
592679,0
592680,0
592681,0
592682,0
592683,0
592684,0
592685,0
592686,0
592687,0
592688,0
592689,14
592690,17
592691,0
592692,0
592693,0
592694,9
592695,0
592696,17
592697,0
592698,0
592699,0
592700,16
592701,0
592702,0
592703,0
592704,0
592705,0
592706,0
592707,24
592708,0
592709,0
592710,0
592711,0
592712,0
592713,17
592714,0
592715,0
592716,0
592717,0
592718,0
592719,0
592720,0
592721,0
592722,0
592723,0
592724,0
592725,0
592726,0
592727,0
592728,12
592729,10
592730,16
592731,0
592732,0
592733,0
592734,0
592735,0
592736,0
592737,0
592738,0
592739,0
592740,0
592741,17
592742,0
592743,0
592744,0
592745,19
592746,0
592747,0
592748,0
592749,0
592750,11
592751,0
592752,0
592753,0
592754,0
592755,0
592756,0
592757,0
592758,0
592759,0
592760,0
592761,0
592762,0
592763,0
592764,0
592765,0
592766,0
592767,0
592768,0
592769,0
592770,0
592771,0
592772,0
592773,0
592774,0
592775,0
592776,0
592777,0
592778,13
592779,0
592780,0
592781,11
592782,0
592783,0
592784,21
592785,0
592786,9
592787,0
592788,0
592789,0
592790,21
592791,0
592792,0
592793,0
592794,11
592795,0
592796,0
592797,0
592798,0
592799,0
592800,18
592801,0
592802,0
592803,0
592804,0
592805,0
592806,0
592807,0
592808,0
592809,0
592810,0
592811,0
592812,0
592813,0
592814,0
592815,0
592816,0
592817,12
592818,0
592819,0
592820,0
592821,0
592822,15
592823,16
592824,0
592825,0
592826,0
592827,0
592828,0
592829,0
592830,9
592831,0
592832,11
592833,0
592834,0
592835,0
592836,0
592837,0
592838,19
592839,0
592840,0
592841,0
592842,22
592843,0
592844,15
592845,0
592846,0
592847,17
592848,26
592849,0
592850,0
592851,0
592852,0
592853,0
592854,0
592855,0
592856,0
592857,0
592858,0
592859,0
592860,0
592861,0
592862,0
592863,0
592864,0
592865,0
592866,0
592867,0
592868,0
592869,7
592870,16
592871,0
592872,0
592873,14
592874,0
592875,0
592876,14
592877,16
592878,13
592879,0
592880,0
592881,0
592882,0
592883,0
592884,0
592885,0
592886,0
592887,0
592888,0
592889,0
592890,0
592891,19
592892,0
592893,0
592894,14
592895,0
592896,0
592897,0
592898,0
592899,0
592900,0
592901,0
592902,0
592903,0
592904,0
592905,0
592906,0
592907,0
592908,0
592909,0
592910,0
592911,0
592912,0
592913,16
592914,0
592915,0
592916,0
592917,0
592918,0
592919,0
592920,0
592921,17
592922,0
592923,9
592924,0
592925,0
592926,27
592927,0
592928,17
592929,0
592930,0
592931,16
592932,19
592933,0
592934,0
592935,0
592936,0
592937,0
592938,0
592939,14
592940,0
592941,8
592942,0
592943,0
592944,0
592945,0
592946,0
592947,0
592948,0
592949,16
592950,0
592951,0
592952,0
592953,0
592954,9
592955,0
592956,0
592957,13
592958,0
592959,0
592960,18
592961,14
592962,0
592963,18
592964,0
592965,0
592966,0
592967,27
592968,0
592969,0
592970,0
592971,0
592972,12
592973,15
592974,0
592975,0
592976,0
592977,0
592978,0
592979,0
592980,22
592981,0
592982,0
592983,0
592984,0
592985,21
592986,0
592987,0
592988,0
592989,0
592990,0
592991,0
592992,14
592993,0
592994,12
592995,11
592996,0
592997,0
592998,0
592999,0
593000,11
593001,0
593002,0
593003,15
593004,11
593005,0
593006,0
593007,0
593008,0
593009,0
593010,0
593011,0
593012,0
593013,0
593014,0
593015,8
593016,0
593017,20
593018,10
593019,0
593020,14
593021,0
593022,0
593023,0
593024,20
593025,0
593026,17
593027,12
593028,0
593029,0
593030,0
593031,0
593032,18
593033,13
593034,0
593035,0
593036,0
593037,0
593038,0
593039,0
593040,0
593041,11
593042,0
593043,0
593044,0
593045,0
593046,0
593047,14
593048,0
593049,0
593050,20
593051,0
593052,20
593053,19
593054,0
593055,0
593056,0
593057,0
593058,16
593059,0
593060,0
593061,0
593062,18
593063,16
593064,0
593065,27
593066,0
593067,0
593068,0
593069,0
593070,0
593071,0
593072,15
593073,10
593074,0
593075,0
593076,0
593077,17
593078,0
593079,0
593080,0
593081,0
593082,14
593083,19
593084,0
593085,14
593086,0
593087,0
593088,0
593089,0
593090,0
593091,0
593092,9
593093,0
593094,0
593095,0
593096,0
593097,0
593098,0
593099,24
593100,16
593101,0
593102,17
593103,0
593104,12
593105,17
593106,0
593107,13
593108,0
593109,0
593110,19
593111,0
593112,0
593113,21
593114,0
593115,0
593116,19
593117,0
593118,0
593119,19
593120,0
593121,0
593122,11
593123,0
593124,0
593125,0
593126,0
593127,0
593128,0
593129,0
593130,0
593131,0
593132,0
593133,0
593134,0
593135,0
593136,0
593137,0
593138,0
593139,0
593140,0
593141,0
593142,0
593143,22
593144,0
593145,0
593146,0
593147,0
593148,11
593149,0
593150,0
593151,0
593152,0
593153,10
593154,0
593155,15
593156,17
593157,17
593158,15
593159,0
593160,0
593161,0
593162,0
593163,0
593164,16
593165,0
593166,16
593167,0
593168,0
593169,0
593170,0
593171,0
593172,0
593173,0
593174,0
593175,0
593176,0
593177,0
593178,0
593179,24
593180,0
593181,0
593182,15
593183,20
593184,0
593185,0
593186,0
593187,0
593188,27
593189,0
593190,0
593191,0
593192,20
593193,15
593194,0
593195,0
593196,0
593197,20
593198,0
593199,0
593200,0
593201,0
593202,0
593203,0
593204,0
593205,0
593206,0
593207,0
593208,0
593209,0
593210,0
593211,0
593212,0
593213,0
593214,0
593215,25
593216,0
593217,0
593218,0
593219,0
593220,0
593221,21
593222,0
593223,0
593224,0
593225,16
593226,0
593227,0
593228,20
593229,0
593230,0
593231,0
593232,0
593233,0
593234,0
593235,23
593236,0
593237,18
593238,0
593239,0
593240,0
593241,0
593242,0
593243,27
593244,18
593245,0
593246,0
593247,24
593248,0
593249,0
593250,25
593251,0
593252,0
593253,0
593254,0
593255,0
593256,0
593257,0
593258,0
593259,0
593260,0
593261,0
593262,0
593263,17
593264,0
593265,0
593266,27
593267,0
593268,0
593269,0
593270,0
593271,0
593272,0
593273,0
593274,0
593275,21
593276,0
593277,24
593278,0
593279,0
593280,0
593281,0
593282,0
593283,0
593284,0
593285,0
593286,0
593287,0
593288,0
593289,0
593290,0
593291,0
593292,0
593293,0
593294,0
593295,0
593296,0
593297,0
593298,0
593299,0
593300,0
593301,21
593302,0
593303,0
593304,0
593305,0
593306,0
593307,0
593308,0
593309,0
593310,0
593311,0
593312,0
593313,14
593314,0
593315,0
593316,0
593317,0
593318,0
593319,16
593320,0
593321,0
593322,0
593323,0
593324,0
593325,0
593326,0
593327,0
593328,0
593329,14
593330,0
593331,0
593332,15
593333,0
593334,19
593335,0
593336,24
593337,0
593338,0
593339,0
593340,0
593341,0
593342,23
593343,27
593344,0
593345,0
593346,0
593347,0
593348,0
593349,0
593350,0
593351,0
593352,0
593353,0
593354,0
593355,0
593356,0
593357,0
593358,0
593359,0
593360,18
593361,0
593362,0
593363,0
593364,27
593365,0
593366,0
593367,0
593368,0
593369,0
593370,0
593371,0
593372,0
593373,0
593374,0
593375,0
593376,0
593377,0
593378,0
593379,0
593380,20
593381,0
593382,0
593383,0
593384,0
593385,0
593386,23
593387,22
593388,0
593389,0
593390,0
593391,0
593392,0
593393,0
593394,14
593395,0
593396,22
593397,0
593398,0
593399,0
593400,0
593401,0
593402,21
593403,0
593404,0
593405,0
593406,0
593407,0
593408,0
593409,0
593410,0
593411,0
593412,0
593413,0
593414,0
593415,0
593416,0
593417,0
593418,0
593419,30
593420,0
593421,0
593422,0
593423,0
593424,0
593425,0
593426,29
593427,0
593428,0
593429,0
593430,0
593431,0
593432,0
593433,0
593434,0
593435,0
593436,0
593437,0
593438,0
593439,0
593440,0
593441,0
593442,0
593443,0
593444,0
593445,32
593446,15
593447,0
593448,0
593449,0
593450,0
593451,0
593452,0
593453,0
593454,0
593455,0
593456,0
593457,25
593458,0
593459,25
593460,0
593461,0
593462,0
593463,0
593464,0
593465,0
593466,0
593467,0
593468,0
593469,0
593470,28
593471,0
593472,0
593473,0
593474,0
593475,0
593476,0
593477,0
593478,0
593479,0
593480,0
593481,0
593482,0
593483,0
593484,0
593485,0
593486,0
593487,0
593488,0
593489,0
593490,0
593491,0
593492,0
593493,0
593494,0
593495,0
593496,0
593497,0
593498,0
593499,18
593500,24
593501,0
593502,21
593503,0
593504,0
593505,17
593506,0
593507,0
593508,19
593509,0
593510,18
593511,0
593512,0
593513,0
593514,0
593515,0
593516,0
593517,0
593518,0
593519,0
593520,0
593521,34
593522,0
593523,0
593524,0
593525,0
593526,0
593527,0
593528,0
593529,0
593530,0
593531,0
593532,0
593533,0
593534,20
593535,0
593536,24
593537,0
593538,0
593539,17
593540,0
593541,0
593542,20
593543,0
593544,0
593545,0
593546,0
593547,0
593548,0
593549,0
593550,0
593551,0
593552,0
593553,11
593554,0
593555,0
593556,0
593557,0
593558,0
593559,20
593560,0
593561,0
593562,0
593563,0
593564,0
593565,0
593566,0
593567,36
593568,0
593569,0
593570,0
593571,19
593572,21
593573,0
593574,0
593575,0
593576,23
593577,0
593578,0
593579,0
593580,0
593581,15
593582,0
593583,0
593584,0
593585,0
593586,0
593587,0
593588,0
593589,0
593590,0
593591,0
593592,0
593593,0
593594,0
593595,0
593596,0
593597,0
593598,0
593599,0
593600,0
593601,0
593602,0
593603,22
593604,10
593605,0
593606,0
593607,22
593608,24
593609,19
593610,20
593611,0
593612,0
593613,0
593614,22
593615,0
593616,0
593617,0
593618,0
593619,0
593620,0
593621,0
593622,0
593623,0
593624,0
593625,0
593626,0
593627,0
593628,16
593629,0
593630,0
593631,0
593632,0
593633,0
593634,0
593635,0
593636,0
593637,0
593638,0
593639,0
593640,0
593641,0
593642,0
593643,0
593644,0
593645,16
593646,24
593647,0
593648,0
593649,0
593650,14
593651,0
593652,0
593653,0
593654,0
593655,0
593656,0
593657,0
593658,13
593659,0
593660,0
593661,0
593662,17
593663,25
593664,0
593665,0
593666,0
593667,0
593668,0
593669,0
593670,0
593671,0
593672,0
593673,0
593674,0
593675,0
593676,0
593677,0
593678,0
593679,25
593680,0
593681,0
593682,0
593683,0
593684,0
593685,0
593686,24
593687,0
593688,0
593689,0
593690,0
593691,0
593692,0
593693,0
593694,0
593695,0
593696,0
593697,0
593698,0
593699,16
593700,0
593701,0
593702,0
593703,0
593704,0
593705,0
593706,0
593707,21
593708,0
593709,19
593710,0
593711,0
593712,0
593713,0
593714,0
593715,25
593716,0
593717,0
593718,16
593719,0
593720,0
593721,0
593722,0
593723,0
593724,0
593725,0
593726,0
593727,0
593728,31
593729,20
593730,0
593731,0
593732,0
593733,0
593734,0
593735,0
593736,0
593737,0
593738,0
593739,0
593740,0
593741,0
593742,23
593743,22
593744,27
593745,0
593746,0
593747,23
593748,0
593749,0
593750,0
593751,0
593752,34
593753,0
593754,0
593755,0
593756,19
593757,0
593758,0
593759,14
593760,0
593761,0
593762,0
593763,0
593764,0
593765,0
593766,21
593767,0
593768,0
593769,0
593770,0
593771,0
593772,40
593773,0
593774,0
593775,0
593776,0
593777,0
593778,0
593779,0
593780,0
593781,0
593782,0
593783,0
593784,0
593785,0
593786,0
593787,28
593788,0
593789,0
593790,0
593791,0
593792,0
593793,0
593794,17
593795,0
593796,0
593797,0
593798,0
593799,0
593800,0
593801,0
593802,20
593803,0
593804,0
593805,0
593806,0
593807,0
593808,0
593809,0
593810,0
593811,0
593812,0
593813,0
593814,23
593815,0
593816,0
593817,0
593818,0
593819,0
593820,0
593821,0
593822,0
593823,0
593824,0
593825,0
593826,0
593827,0
593828,0
593829,0
593830,14
593831,0
593832,0
593833,0
593834,0
593835,22
593836,0
593837,0
593838,0
593839,0
593840,0
593841,0
593842,14
593843,26
593844,0
593845,0
593846,0
593847,0
593848,0
593849,0
593850,0
593851,0
593852,0
593853,0
593854,0
593855,0
593856,0
593857,0
593858,20
593859,0
593860,0
593861,23
593862,0
593863,0
593864,0
593865,0
593866,0
593867,0
593868,0
593869,0
593870,0
593871,0
593872,0
593873,13
593874,0
593875,0
593876,0
593877,22
593878,0
593879,16
593880,0
593881,0
593882,19
593883,0
593884,0
593885,0
593886,0
593887,0
593888,0
593889,0
593890,0
593891,0
593892,0
593893,0
593894,0
593895,0
593896,0
593897,24
593898,0
593899,0
593900,0
593901,0
593902,0
593903,0
593904,15
593905,0
593906,15
593907,0
593908,0
593909,0
593910,0
593911,0
593912,0
593913,0
593914,0
593915,0
593916,0
593917,0
593918,0
593919,0
593920,0
593921,4
593922,0
593923,0
593924,0
593925,0
593926,0
593927,0
593928,0
593929,0
593930,0
593931,0
593932,0
593933,0
593934,0
593935,0
593936,0
593937,0
593938,0
593939,0
593940,0
593941,0
593942,1
593943,0
593944,0
593945,0
593946,0
593947,0
593948,0
593949,0
593950,0
593951,0
593952,0
593953,0
593954,0
593955,0
593956,0
593957,0
593958,1
593959,0
593960,3
593961,0
593962,0
593963,0
593964,0
593965,0
593966,0
593967,0
593968,0
593969,0
593970,0
593971,0
593972,0
593973,0
593974,0
593975,0
593976,0
593977,0
593978,0
593979,0
593980,0
593981,0
593982,0
593983,0
593984,1
593985,0
593986,0
593987,0
593988,0
593989,0
593990,1
593991,0
593992,0
593993,0
593994,0
593995,0
593996,0
593997,0
593998,0
593999,0
594000,0
594001,0
594002,0
594003,0
594004,0
594005,0
594006,0
594007,0
594008,1
594009,0
594010,0
594011,0
594012,0
594013,0
594014,0
594015,0
594016,0
594017,0
594018,0
594019,0
594020,0
594021,0
594022,0
594023,0
594024,1
594025,0
594026,2
594027,0
594028,3
594029,0
594030,0
594031,3
594032,0
594033,1
594034,0
594035,0
594036,0
594037,3
594038,1
594039,0
594040,1
594041,0
594042,0
594043,0
594044,0
594045,0
594046,0
594047,0
594048,1
594049,0
594050,0
594051,1
594052,0
594053,0
594054,0
594055,0
594056,0
594057,0
594058,0
594059,0
594060,0
594061,1
594062,0
594063,0
594064,0
594065,0
594066,0
594067,0
594068,0
594069,0
594070,0
594071,0
594072,0
594073,0
594074,0
594075,0
594076,0
594077,0
594078,0
594079,0
594080,0
594081,0
594082,0
594083,0
594084,0
594085,0
594086,0
594087,0
594088,0
594089,0
594090,0
594091,0
594092,0
594093,0
594094,0
594095,0
594096,0
594097,0
594098,0
594099,0
594100,0
594101,0
594102,0
594103,0
594104,0
594105,0
594106,0
594107,0
594108,0
594109,0
594110,0
594111,0
594112,0
594113,0
594114,0
594115,0
594116,0
594117,0
594118,0
594119,0
594120,0
594121,0
594122,0
594123,0
594124,0
594125,0
594126,0
594127,0
594128,0
594129,0
594130,0
594131,0
594132,0
594133,0
594134,0
594135,0
594136,0
594137,0
594138,0
594139,0
594140,0
594141,0
594142,0
594143,0
594144,1
594145,0
594146,0
594147,0
594148,0
594149,0
594150,0
594151,0
594152,0
594153,0
594154,0
594155,0
594156,0
594157,0
594158,0
594159,0
594160,0
594161,0
594162,0
594163,0
594164,0
594165,0
594166,0
594167,0
594168,0
594169,0
594170,0
594171,0
594172,0
594173,0
594174,0
594175,0
594176,0
594177,0
594178,0
594179,0
594180,0
594181,0
594182,0
594183,0
594184,0
594185,0
594186,0
594187,0
594188,0
594189,0
594190,0
594191,0
594192,0
594193,0
594194,0
594195,0
594196,0
594197,0
594198,1
594199,0
594200,0
594201,0
594202,0
594203,0
594204,0
594205,0
594206,0
594207,0
594208,0
594209,0
594210,0
594211,0
594212,0
594213,0
594214,0
594215,0
594216,0
594217,0
594218,0
594219,0
594220,0
594221,0
594222,0
594223,0
594224,0
594225,0
594226,0
594227,0
594228,0
594229,0
594230,0
594231,0
594232,0
594233,0
594234,0
594235,0
594236,0
594237,0
594238,0
594239,0
594240,0
594241,0
594242,0
594243,0
594244,0
594245,0
594246,0
594247,0
594248,0
594249,0
594250,0
594251,0
594252,0
594253,0
594254,0
594255,0
594256,0
594257,0
594258,0
594259,0
594260,0
594261,0
594262,0
594263,0
594264,0
594265,0
594266,0
594267,0
594268,0
594269,0
594270,0
594271,0
594272,0
594273,0
594274,0
594275,0
594276,0
594277,0
594278,0
594279,0
594280,0
594281,0
594282,0
594283,0
594284,0
594285,0
594286,0
594287,0
594288,0
594289,0
594290,0
594291,0
594292,0
594293,0
594294,1
594295,0
594296,0
594297,0
594298,0
594299,0
594300,0
594301,0
594302,0
594303,0
594304,0
594305,0
594306,0
594307,0
594308,0
594309,0
594310,0
594311,0
594312,0
594313,0
594314,0
594315,0
594316,0
594317,0
594318,1
594319,0
594320,0
594321,0
594322,0
594323,0
594324,0
594325,0
594326,0
594327,0
594328,0
594329,0
594330,0
594331,0
594332,0
594333,0
594334,0
594335,0
594336,0
594337,0
594338,0
594339,0
594340,0
594341,0
594342,0
594343,0
594344,0
594345,0
594346,0
594347,0
594348,0
594349,0
594350,0
594351,0
594352,0
594353,0
594354,0
594355,0
594356,0
594357,0
594358,0
594359,0
594360,0
594361,0
594362,0
594363,0
594364,0
594365,0
594366,0
594367,0
594368,0
594369,0
594370,0
594371,0
594372,0
594373,0
594374,0
594375,0
594376,0
594377,0
594378,0
594379,0
594380,0
594381,0
594382,0
594383,0
594384,0
594385,0
594386,0
594387,0
594388,0
594389,0
594390,0
594391,0
594392,0
594393,0
594394,0
594395,0
594396,0
594397,0
594398,0
594399,0
594400,0
594401,0
594402,0
594403,0
594404,0
594405,0
594406,0
594407,0
594408,0
594409,0
594410,0
594411,0
594412,0
594413,0
594414,0
594415,0
594416,0
594417,0
594418,0
594419,0
594420,0
594421,0
594422,0
594423,0
594424,0
594425,0
594426,0
594427,0
594428,0
594429,0
594430,0
594431,0
594432,0
594433,0
594434,0
594435,1
594436,0
594437,0
594438,0
594439,0
594440,0
594441,0
594442,0
594443,0
594444,0
594445,1
594446,0
594447,0
594448,0
594449,0
594450,0
594451,0
594452,0
594453,0
594454,0
594455,0
594456,0
594457,0
594458,0
594459,0
594460,0
594461,0
594462,0
594463,0
594464,1
594465,0
594466,0
594467,0
594468,0
594469,0
594470,0
594471,0
594472,0
594473,0
594474,0
594475,0
594476,0
594477,0
594478,0
594479,0
594480,0
594481,0
594482,0
594483,0
594484,0
594485,0
594486,0
594487,0
594488,0
594489,0
594490,0
594491,0
594492,0
594493,0
594494,0
594495,0
594496,0
594497,0
594498,0
594499,0
594500,0
594501,0
594502,0
594503,0
594504,0
594505,0
594506,0
594507,0
594508,0
594509,0
594510,0
594511,0
594512,0
594513,0
594514,0
594515,0
594516,0
594517,0
594518,0
594519,0
594520,0
594521,0
594522,0
594523,0
594524,0
594525,0
594526,0
594527,0
594528,0
594529,0
594530,0
594531,0
594532,0
594533,0
594534,0
594535,0
594536,0
594537,0
594538,0
594539,1
594540,0
594541,0
594542,0
594543,0
594544,0
594545,0
594546,0
594547,0
594548,0
594549,0
594550,0
594551,0
594552,0
594553,0
594554,0
594555,0
594556,0
594557,0
594558,0
594559,0
594560,0
594561,0
594562,0
594563,0
594564,0
594565,0
594566,0
594567,0
594568,0
594569,0
594570,0
594571,1
594572,0
594573,0
594574,0
594575,0
594576,0
594577,0
594578,0
594579,0
594580,0
594581,0
594582,0
594583,0
594584,0
594585,0
594586,0
594587,0
594588,0
594589,0
594590,0
594591,0
594592,0
594593,0
594594,0
594595,0
594596,0
594597,0
594598,0
594599,0
594600,0
594601,0
594602,0
594603,0
594604,0
594605,0
594606,0
594607,0
594608,0
594609,0
594610,0
594611,0
594612,2
594613,0
594614,0
594615,0
594616,0
594617,0
594618,0
594619,0
594620,0
594621,0
594622,0
594623,0
594624,0
594625,0
594626,0
594627,0
594628,0
594629,0
594630,0
594631,0
594632,0
594633,0
594634,0
594635,0
594636,0
594637,0
594638,0
594639,0
594640,0
594641,0
594642,0
594643,0
594644,0
594645,0
594646,0
594647,0
594648,0
594649,0
594650,0
594651,0
594652,0
594653,0
594654,0
594655,0
594656,0
594657,0
594658,0
594659,0
594660,0
594661,0
594662,0
594663,0
594664,0
594665,0
594666,0
594667,0
594668,0
594669,0
594670,0
594671,0
594672,0
594673,0
594674,0
594675,0
594676,0
594677,0
594678,0
594679,0
594680,0
594681,0
594682,0
594683,0
594684,0
594685,0
594686,0
594687,0
594688,0
594689,0
594690,0
594691,0
594692,0
594693,0
594694,0
594695,0
594696,0
594697,0
594698,0
594699,0
594700,0
594701,0
594702,0
594703,0
594704,0
594705,0
594706,0
594707,0
594708,0
594709,0
594710,0
594711,0
594712,0
594713,0
594714,0
594715,0
594716,0
594717,0
594718,0
594719,0
594720,0
594721,0
594722,0
594723,0
594724,0
594725,2
594726,0
594727,0
594728,0
594729,0
594730,0
594731,0
594732,0
594733,0
594734,0
594735,0
594736,0
594737,0
594738,0
594739,0
594740,0
594741,0
594742,0
594743,0
594744,0
594745,0
594746,0
594747,0
594748,0
594749,0
594750,0
594751,0
594752,0
594753,0
594754,0
594755,0
594756,0
594757,0
594758,0
594759,0
594760,0
594761,0
594762,0
594763,0
594764,0
594765,0
594766,0
594767,0
594768,0
594769,0
594770,0
594771,0
594772,0
594773,0
594774,0
594775,0
594776,0
594777,0
594778,0
594779,0
594780,0
594781,0
594782,0
594783,0
594784,0
594785,0
594786,0
594787,0
594788,0
594789,0
594790,0
594791,0
594792,0
594793,0
594794,0
594795,0
594796,0
594797,0
594798,0
594799,0
594800,0
594801,0
594802,0
594803,0
594804,0
594805,0
594806,0
594807,0
594808,0
594809,0
594810,0
594811,0
594812,0
594813,0
594814,0
594815,0
594816,0
594817,0
594818,0
594819,0
594820,0
594821,0
594822,0
594823,0
594824,0
594825,0
594826,0
594827,0
594828,0
594829,0
594830,0
594831,0
594832,0
594833,0
594834,0
594835,0
594836,0
594837,0
594838,0
594839,0
594840,0
594841,0
594842,0
594843,0
594844,0
594845,0
594846,0
594847,0
594848,0
594849,0
594850,1
594851,0
594852,0
594853,0
594854,0
594855,0
594856,0
594857,0
594858,0
594859,0
594860,0
594861,0
594862,0
594863,0
594864,0
594865,0
594866,0
594867,0
594868,0
594869,0
594870,0
594871,0
594872,0
594873,0
594874,0
594875,0
594876,0
594877,0
594878,0
594879,0
594880,0
594881,0
594882,0
594883,0
594884,0
594885,0
594886,0
594887,0
594888,0
594889,0
594890,0
594891,0
594892,0
594893,0
594894,0
594895,0
594896,0
594897,0
594898,0
594899,0
594900,0
594901,0
594902,0
594903,0
594904,0
594905,0
594906,0
594907,0
594908,0
594909,0
594910,0
594911,0
594912,0
594913,0
594914,0
594915,0
594916,0
594917,0
594918,0
594919,0
594920,0
594921,0
594922,0
594923,0
594924,0
594925,0
594926,0
594927,0
594928,0
594929,0
594930,0
594931,0
594932,0
594933,0
594934,0
594935,0
594936,0
594937,0
594938,0
594939,0
594940,0
594941,0
594942,0
594943,0
594944,0
594945,0
594946,0
594947,0
594948,0
594949,0
594950,0
594951,0
594952,0
594953,0
594954,0
594955,0
594956,0
594957,0
594958,0
594959,0
594960,0
594961,0
594962,0
594963,0
594964,0
594965,0
594966,0
594967,0
594968,0
594969,0
594970,0
594971,0
594972,0
594973,0
594974,0
594975,0
594976,0
594977,0
594978,0
594979,0
594980,0
594981,0
594982,0
594983,0
594984,0
594985,0
594986,0
594987,0
594988,0
594989,0
594990,0
594991,0
594992,0
594993,0
594994,0
594995,0
594996,0
594997,0
594998,0
594999,0
595000,0
595001,0
595002,0
595003,0
595004,0
595005,0
595006,0
595007,0
595008,0
595009,0
595010,0
595011,0
595012,0
595013,0
595014,0
595015,0
595016,0
595017,0
595018,0
595019,0
595020,0
595021,0
595022,0
595023,0
595024,0
595025,0
595026,0
595027,0
595028,0
595029,0
595030,0
595031,0
595032,0
595033,0
595034,0
595035,0
595036,0
595037,0
595038,0
595039,0
595040,0
595041,0
595042,0
595043,0
595044,0
595045,0
595046,0
595047,0
595048,0
595049,0
595050,0
595051,0
595052,0
595053,0
595054,7
595055,0
595056,4
595057,0
595058,0
595059,0
595060,0
595061,0
595062,0
595063,0
595064,0
595065,0
595066,0
595067,0
595068,0
595069,0
595070,0
595071,7
595072,0
595073,0
595074,0
595075,0
595076,0
595077,0
595078,0
595079,10
595080,0
595081,0
595082,0
595083,0
595084,0
595085,0
595086,0
595087,0
595088,0
595089,9
595090,0
595091,0
595092,0
595093,0
595094,0
595095,0
595096,0
595097,0
595098,0
595099,3
595100,0
595101,0
595102,0
595103,0
595104,0
595105,0
595106,0
595107,0
595108,5
595109,0
595110,0
595111,0
595112,0
595113,0
595114,0
595115,0
595116,0
595117,0
595118,0
595119,0
595120,0
595121,0
595122,0
595123,0
595124,0
595125,0
595126,0
595127,0
595128,0
595129,0
595130,0
595131,0
595132,0
595133,0
595134,0
595135,0
595136,0
595137,0
595138,14
595139,0
595140,0
595141,0
595142,0
595143,0
595144,0
595145,0
595146,0
595147,0
595148,0
595149,0
595150,0
595151,0
595152,0
595153,0
595154,0
595155,16
595156,0
595157,0
595158,0
595159,0
595160,0
595161,0
595162,0
595163,0
595164,0
595165,0
595166,0
595167,0
595168,0
595169,0
595170,0
595171,0
595172,0
595173,0
595174,0
595175,0
595176,0
595177,0
595178,8
595179,0
595180,0
595181,0
595182,6
595183,0
595184,0
595185,0
595186,0
595187,0
595188,0
595189,0
595190,0
595191,0
595192,0
595193,0
595194,0
595195,0
595196,0
595197,4
595198,0
595199,0
595200,0
595201,0
595202,0
595203,5
595204,7
595205,0
595206,0
595207,0
595208,0
595209,4
595210,0
595211,0
595212,0
595213,0
595214,0
595215,0
595216,0
595217,0
595218,0
595219,0
595220,0
595221,0
595222,0
595223,9
595224,0
595225,0
595226,0
595227,0
595228,0
595229,0
595230,0
595231,0
595232,0
595233,0
595234,0
595235,0
595236,0
595237,0
595238,0
595239,0
595240,0
595241,0
595242,0
595243,0
595244,0
595245,0
595246,9
595247,0
595248,0
595249,0
595250,0
595251,0
595252,0
595253,0
595254,0
595255,0
595256,0
595257,0
595258,0
595259,0
595260,0
595261,0
595262,0
595263,0
595264,0
595265,0
595266,0
595267,0
595268,0
595269,0
595270,4
595271,0
595272,0
595273,0
595274,0
595275,0
595276,0
595277,0
595278,0
595279,0
595280,0
595281,0
595282,0
595283,0
595284,0
595285,0
595286,0
595287,10
595288,0
595289,0
595290,0
595291,0
595292,0
595293,0
595294,0
595295,0
595296,0
595297,0
595298,0
595299,0
595300,0
595301,0
595302,0
595303,0
595304,0
595305,0
595306,0
595307,11
595308,0
595309,4
595310,0
595311,0
595312,0
595313,0
595314,0
595315,0
595316,0
595317,3
595318,0
595319,0
595320,0
595321,0
595322,0
595323,0
595324,0
595325,0
595326,0
595327,0
595328,0
595329,0
595330,0
595331,0
595332,9
595333,0
595334,0
595335,0
595336,0
595337,0
595338,0
595339,0
595340,0
595341,0
595342,0
595343,0
595344,0
595345,0
595346,0
595347,0
595348,0
595349,0
595350,0
595351,0
595352,0
595353,0
595354,0
595355,0
595356,8
595357,0
595358,0
595359,0
595360,0
595361,0
595362,0
595363,0
595364,0
595365,7
595366,0
595367,0
595368,0
595369,0
595370,0
595371,0
595372,0
595373,0
595374,0
595375,0
595376,0
595377,0
595378,0
595379,6
595380,0
595381,0
595382,0
595383,0
595384,0
595385,0
595386,0
595387,0
595388,0
595389,0
595390,2
595391,0
595392,0
595393,0
595394,0
595395,0
595396,6
595397,0
595398,0
595399,0
595400,0
595401,0
595402,0
595403,0
595404,0
595405,0
595406,0
595407,0
595408,0
595409,0
595410,0
595411,13
595412,0
595413,0
595414,0
595415,0
595416,0
595417,0
595418,0
595419,0
595420,0
595421,0
595422,0
595423,0
595424,0
595425,0
595426,0
595427,0
595428,0
595429,0
595430,4
595431,0
595432,0
595433,0
595434,0
595435,0
595436,0
595437,0
595438,0
595439,9
595440,0
595441,0
595442,0
595443,0
595444,0
595445,10
595446,0
595447,0
595448,0
595449,0
595450,8
595451,0
595452,0
595453,0
595454,0
595455,0
595456,0
595457,0
595458,0
595459,0
595460,0
595461,0
595462,0
595463,0
595464,0
595465,0
595466,0
595467,0
595468,0
595469,0
595470,0
595471,0
595472,0
595473,0
595474,0
595475,0
595476,0
595477,0
595478,0
595479,0
595480,3
595481,0
595482,0
595483,0
595484,0
595485,9
595486,0
595487,0
595488,0
595489,0
595490,4
595491,0
595492,0
595493,0
595494,0
595495,0
595496,0
595497,0
595498,0
595499,0
595500,0
595501,0
595502,0
595503,0
595504,8
595505,0
595506,0
595507,0
595508,0
595509,0
595510,0
595511,0
595512,0
595513,0
595514,0
595515,0
595516,0
595517,0
595518,0
595519,6
595520,0
595521,0
595522,0
595523,0
595524,0
595525,9
595526,0
595527,0
595528,0
595529,0
595530,0
595531,0
595532,0
595533,0
595534,0
595535,0
595536,0
595537,0
595538,12
595539,0
595540,0
595541,0
595542,0
595543,0
595544,0
595545,0
595546,0
595547,0
595548,0
595549,0
595550,0
595551,7
595552,0
595553,0
595554,0
595555,0
595556,0
595557,0
595558,0
595559,0
595560,0
595561,0
595562,0
595563,0
595564,0
595565,0
595566,0
595567,0
595568,0
595569,0
595570,0
595571,0
595572,0
595573,0
595574,0
595575,0
595576,0
595577,0
595578,0
595579,0
595580,0
595581,0
595582,0
595583,0
595584,0
595585,13
595586,0
595587,0
595588,0
595589,0
595590,0
595591,0
595592,0
595593,0
595594,0
595595,0
595596,0
595597,0
595598,0
595599,0
595600,0
595601,0
595602,0
595603,0
595604,0
595605,0
595606,0
595607,5
595608,0
595609,0
595610,0
595611,0
595612,0
595613,0
595614,0
595615,0
595616,0
595617,0
595618,0
595619,0
595620,0
595621,0
595622,0
595623,0
595624,0
595625,0
595626,4
595627,0
595628,0
595629,0
595630,0
595631,0
595632,0
595633,0
595634,0
595635,0
595636,0
595637,0
595638,0
595639,9
595640,0
595641,0
595642,0
595643,0
595644,0
595645,0
595646,0
595647,0
595648,0
595649,9
595650,0
595651,0
595652,0
595653,0
595654,0
595655,0
595656,0
595657,0
595658,0
595659,0
595660,0
595661,0
595662,0
595663,0
595664,0
595665,8
595666,0
595667,0
595668,0
595669,0
595670,0
595671,0
595672,0
595673,0
595674,0
595675,0
595676,0
595677,0
595678,0
595679,0
595680,0
595681,0
595682,0
595683,0
595684,0
595685,0
595686,0
595687,4
595688,0
595689,0
595690,0
595691,0
595692,0
595693,0
595694,0
595695,0
595696,0
595697,0
595698,0
595699,0
595700,0
595701,0
595702,0
595703,0
595704,0
595705,0
595706,0
595707,6
595708,0
595709,0
595710,0
595711,0
595712,0
595713,0
595714,0
595715,0
595716,0
595717,0
595718,0
595719,0
595720,0
595721,0
595722,0
595723,0
595724,0
595725,0
595726,0
595727,0
595728,0
595729,0
595730,0
595731,0
595732,6
595733,0
595734,0
595735,0
595736,0
595737,0
595738,0
595739,0
595740,0
595741,0
595742,0
595743,0
595744,0
595745,0
595746,0
595747,0
595748,9
595749,0
595750,0
595751,0
595752,0
595753,0
595754,0
595755,0
595756,0
595757,0
595758,0
595759,0
595760,0
595761,0
595762,12
595763,0
595764,0
595765,0
595766,0
595767,0
595768,0
595769,0
595770,0
595771,0
595772,0
595773,0
595774,0
595775,0
595776,0
595777,0
595778,0
595779,0
595780,3
595781,0
595782,0
595783,0
595784,0
595785,0
595786,0
595787,0
595788,0
595789,4
595790,0
595791,0
595792,4
595793,0
595794,0
595795,7
595796,0
595797,0
595798,0
595799,0
595800,0
595801,0
595802,0
595803,0
595804,0
595805,0
595806,0
595807,0
595808,7
595809,0
595810,0
595811,0
595812,0
595813,0
595814,0
595815,0
595816,0
595817,0
595818,0
595819,0
595820,0
595821,0
595822,0
595823,0
595824,3
595825,0
595826,0
595827,29
595828,0
595829,13
595830,0
595831,31
595832,0
595833,0
595834,0
595835,0
595836,0
595837,0
595838,0
595839,0
595840,0
595841,0
595842,0
595843,0
595844,0
595845,0
595846,0
595847,0
595848,0
595849,0
595850,0
595851,29
595852,29
595853,0
595854,27
595855,0
595856,25
595857,0
595858,0
595859,0
595860,21
595861,0
595862,30
595863,0
595864,15
595865,18
595866,0
595867,0
595868,0
595869,24
595870,0
595871,0
595872,0
595873,0
595874,0
595875,0
595876,0
595877,0
595878,0
595879,0
595880,35
595881,0
595882,0
595883,0
595884,11
595885,0
595886,23
595887,0
595888,32
595889,34
595890,27
595891,0
595892,0
595893,0
595894,0
595895,0
595896,0
595897,0
595898,22
595899,30
595900,0
595901,0
595902,27
595903,0
595904,24
595905,0
595906,0
595907,0
595908,0
595909,0
595910,0
595911,0
595912,39
595913,18
595914,0
595915,0
595916,14
595917,0
595918,34
595919,0
595920,0
595921,22
595922,0
595923,40
595924,0
595925,15
595926,35
595927,0
595928,0
595929,0
595930,27
595931,0
595932,0
595933,17
595934,0
595935,0
595936,0
595937,0
595938,0
595939,0
595940,25
595941,0
595942,0
595943,0
595944,0
595945,34
595946,0
595947,0
595948,0
595949,0
595950,0
595951,0
595952,35
595953,0
595954,0
595955,0
595956,34
595957,25
595958,0
595959,0
595960,0
595961,0
595962,0
595963,0
595964,0
595965,13
595966,0
595967,0
595968,0
595969,0
595970,0
595971,0
595972,0
595973,0
595974,0
595975,28
595976,0
595977,33
595978,23
595979,37
595980,0
595981,26
595982,0
595983,0
595984,0
595985,28
595986,0
595987,0
595988,0
595989,0
595990,0
595991,0
595992,0
595993,27
595994,0
595995,0
595996,0
595997,0
595998,0
595999,27
596000,19
596001,0
596002,0
596003,24
596004,0
596005,15
596006,0
596007,0
596008,0
596009,30
596010,0
596011,16
596012,0
596013,0
596014,0
596015,0
596016,0
596017,0
596018,0
596019,0
596020,0
596021,0
596022,35
596023,24
596024,0
596025,28
596026,0
596027,23
596028,0
596029,0
596030,0
596031,0
596032,15
596033,0
596034,0
596035,0
596036,0
596037,32
596038,27
596039,0
596040,0
596041,38
596042,0
596043,0
596044,0
596045,0
596046,0
596047,0
596048,30
596049,0
596050,0
596051,0
596052,0
596053,50
596054,0
596055,0
596056,0
596057,0
596058,0
596059,0
596060,0
596061,0
596062,0
596063,0
596064,0
596065,43
596066,0
596067,0
596068,0
596069,0
596070,0
596071,0
596072,0
596073,0
596074,0
596075,0
596076,43
596077,39
596078,34
596079,0
596080,0
596081,32
596082,37
596083,0
596084,38
596085,0
596086,0
596087,0
596088,40
596089,0
596090,0
596091,28
596092,0
596093,0
596094,0
596095,0
596096,0
596097,0
596098,0
596099,0
596100,0
596101,0
596102,0
596103,0
596104,0
596105,29
596106,0
596107,0
596108,0
596109,43
596110,0
596111,0
596112,0
596113,0
596114,31
596115,0
596116,0
596117,0
596118,0
596119,0
596120,0
596121,36
596122,30
596123,0
596124,0
596125,0
596126,30
596127,0
596128,0
596129,0
596130,0
596131,33
596132,0
596133,41
596134,0
596135,0
596136,0
596137,0
596138,0
596139,0
596140,0
596141,54
596142,0
596143,0
596144,38
596145,0
596146,0
596147,35
596148,0
596149,0
596150,51
596151,0
596152,0
596153,0
596154,0
596155,0
596156,0
596157,0
596158,0
596159,0
596160,0
596161,0
596162,31
596163,34
596164,0
596165,0
596166,0
596167,0
596168,0
596169,0
596170,0
596171,0
596172,44
596173,0
596174,0
596175,0
596176,0
596177,0
596178,0
596179,45
596180,49
596181,0
596182,49
596183,0
596184,0
596185,31
596186,35
596187,0
596188,0
596189,26
596190,0
596191,0
596192,0
596193,0
596194,0
596195,0
596196,0
596197,0
596198,0
596199,0
596200,0
596201,0
596202,0
596203,0
596204,47
596205,0
596206,0
596207,0
596208,0
596209,35
596210,28
596211,0
596212,0
596213,0
596214,32
596215,0
596216,32
596217,0
596218,28
596219,0
596220,0
596221,37
596222,0
596223,0
596224,0
596225,0
596226,0
596227,0
596228,0
596229,37
596230,0
596231,0
596232,0
596233,0
596234,0
596235,0
596236,0
596237,0
596238,0
596239,0
596240,0
596241,31
596242,0
596243,0
596244,26
596245,0
596246,51
596247,0
596248,0
596249,0
596250,0
596251,0
596252,0
596253,0
596254,32
596255,0
596256,0
596257,0
596258,41
596259,0
596260,0
596261,0
596262,0
596263,39
596264,0
596265,0
596266,0
596267,40
596268,0
596269,31
596270,0
596271,0
596272,0
596273,0
596274,0
596275,54
596276,50
596277,0
596278,0
596279,38
596280,0
596281,0
596282,0
596283,0
596284,0
596285,0
596286,40
596287,0
596288,36
596289,0
596290,0
596291,0
596292,0
596293,0
596294,0
596295,25
596296,0
596297,0
596298,0
596299,0
596300,0
596301,0
596302,0
596303,37
596304,0
596305,0
596306,0
596307,0
596308,0
596309,0
596310,0
596311,0
596312,36
596313,0
596314,0
596315,0
596316,35
596317,0
596318,0
596319,0
596320,0
596321,0
596322,0
596323,0
596324,53
596325,0
596326,0
596327,45
596328,0
596329,16
596330,0
596331,0
596332,0
596333,0
596334,0
596335,0
596336,0
596337,0
596338,0
596339,0
596340,0
596341,0
596342,0
596343,61
596344,21
596345,0
596346,0
596347,0
596348,0
596349,0
596350,0
596351,0
596352,32
596353,0
596354,0
596355,0
596356,0
596357,0
596358,0
596359,0
596360,0
596361,24
596362,27
596363,0
596364,0
596365,35
596366,0
596367,0
596368,47
596369,0
596370,0
596371,42
596372,0
596373,0
596374,38
596375,0
596376,0
596377,0
596378,0
596379,29
596380,0
596381,26
596382,29
596383,0
596384,0
596385,0
596386,0
596387,40
596388,0
596389,0
596390,0
596391,0
596392,0
596393,0
596394,0
596395,0
596396,0
596397,0
596398,50
596399,0
596400,34
596401,0
596402,0
596403,0
596404,0
596405,0
596406,0
596407,0
596408,0
596409,0
596410,46
596411,0
596412,0
596413,0
596414,0
596415,0
596416,0
596417,0
596418,0
596419,0
596420,0
596421,0
596422,0
596423,0
596424,0
596425,0
596426,0
596427,0
596428,40
596429,0
596430,0
596431,0
596432,0
596433,40
596434,0
596435,0
596436,21
596437,0
596438,33
596439,38
596440,37
596441,0
596442,28
596443,42
596444,28
596445,0
596446,0
596447,0
596448,0
596449,0
596450,0
596451,0
596452,0
596453,0
596454,23
596455,0
596456,0
596457,0
596458,39
596459,0
596460,0
596461,0
596462,0
596463,0
596464,0
596465,54
596466,0
596467,24
596468,0
596469,0
596470,0
596471,0
596472,0
596473,31
596474,0
596475,0
596476,0
596477,0
596478,34
596479,0
596480,33
596481,0
596482,0
596483,0
596484,0
596485,0
596486,0
596487,0
596488,0
596489,34
596490,0
596491,0
596492,0
596493,0
596494,0
596495,0
596496,0
596497,0
596498,0
596499,0
596500,0
596501,0
596502,30
596503,0
596504,0
596505,0
596506,0
596507,0
596508,0
596509,27
596510,0
596511,48
596512,43
596513,0
596514,0
596515,55
596516,0
596517,0
596518,0
596519,0
596520,32
596521,0
596522,0
596523,25
596524,0
596525,0
596526,28
596527,0
596528,0
596529,0
596530,0
596531,0
596532,0
596533,0
596534,0
596535,0
596536,0
596537,0
596538,0
596539,0
596540,0
596541,0
596542,0
596543,0
596544,0
596545,0
596546,0
596547,0
596548,0
596549,0
596550,0
596551,0
596552,0
596553,0
596554,0
596555,0
596556,32
596557,0
596558,0
596559,0
596560,0
596561,0
596562,32
596563,0
596564,0
596565,0
596566,0
596567,0
596568,0
596569,0
596570,0
596571,0
596572,0
596573,0
596574,20
596575,0
596576,0
596577,0
596578,0
596579,44
596580,0
596581,0
596582,0
596583,40
596584,37
596585,0
596586,0
596587,0
596588,42
596589,31
596590,0
596591,0
596592,0
596593,0
596594,0
596595,0
596596,0
596597,0
596598,0
596599,0
596600,0
596601,0
596602,0
596603,0
596604,0
596605,0
596606,0
596607,0
596608,28
596609,37
596610,0
596611,0
596612,0
596613,0
596614,0
596615,0
596616,0
596617,0
596618,33
596619,34
596620,0
596621,50
596622,0
596623,0
596624,34
596625,0
596626,0
596627,0
596628,0
596629,0
596630,0
596631,0
596632,0
596633,0
596634,0
596635,53
596636,0
596637,31
596638,49
596639,0
596640,0
596641,0
596642,0
596643,0
596644,0
596645,0
596646,35
596647,0
596648,0
596649,20
596650,0
596651,0
596652,0
596653,0
596654,0
596655,0
596656,45
596657,0
596658,0
596659,0
596660,0
596661,0
596662,0
596663,0
596664,0
596665,0
596666,36
596667,0
596668,33
596669,30
596670,0
596671,0
596672,0
596673,0
596674,0
596675,0
596676,0
596677,0
596678,0
596679,0
596680,0
596681,0
596682,0
596683,6
596684,0
596685,0
596686,0
596687,0
596688,0
596689,0
596690,0
596691,0
596692,0
596693,0
596694,10
596695,0
596696,0
596697,0
596698,0
596699,0
596700,0
596701,0
596702,0
596703,15
596704,0
596705,0
596706,0
596707,9
596708,0
596709,0
596710,0
596711,0
596712,0
596713,0
596714,0
596715,0
596716,0
596717,0
596718,0
596719,0
596720,0
596721,0
596722,0
596723,0
596724,0
596725,0
596726,0
596727,0
596728,0
596729,9
596730,0
596731,0
596732,0
596733,0
596734,0
596735,0
596736,0
596737,0
596738,0
596739,11
596740,0
596741,0
596742,0
596743,0
596744,0
596745,0
596746,0
596747,0
596748,0
596749,0
596750,0
596751,0
596752,0
596753,0
596754,0
596755,0
596756,0
596757,0
596758,0
596759,0
596760,0
596761,0
596762,0
596763,0
596764,7
596765,0
596766,0
596767,0
596768,0
596769,9
596770,0
596771,0
596772,0
596773,0
596774,0
596775,0
596776,0
596777,10
596778,0
596779,0
596780,0
596781,0
596782,0
596783,0
596784,0
596785,3
596786,0
596787,0
596788,15
596789,0
596790,10
596791,0
596792,7
596793,0
596794,0
596795,0
596796,0
596797,0
596798,0
596799,0
596800,9
596801,9
596802,0
596803,0
596804,0
596805,0
596806,0
596807,0
596808,0
596809,0
596810,0
596811,10
596812,0
596813,0
596814,0
596815,12
596816,0
596817,0
596818,0
596819,0
596820,0
596821,0
596822,0
596823,9
596824,0
596825,0
596826,10
596827,0
596828,0
596829,0
596830,0
596831,6
596832,0
596833,0
596834,0
596835,0
596836,6
596837,8
596838,0
596839,0
596840,0
596841,0
596842,0
596843,0
596844,0
596845,0
596846,0
596847,8
596848,0
596849,0
596850,0
596851,0
596852,0
596853,0
596854,0
596855,0
596856,8
596857,0
596858,0
596859,0
596860,0
596861,0
596862,6
596863,11
596864,0
596865,0
596866,0
596867,0
596868,8
596869,0
596870,0
596871,8
596872,0
596873,8
596874,0
596875,0
596876,1
596877,8
596878,0
596879,7
596880,14
596881,0
596882,0
596883,0
596884,0
596885,0
596886,6
596887,0
596888,0
596889,0
596890,3
596891,0
596892,0
596893,9
596894,0
596895,0
596896,0
596897,0
596898,0
596899,0
596900,0
596901,0
596902,0
596903,9
596904,0
596905,0
596906,0
596907,0
596908,0
596909,0
596910,0
596911,0
596912,0
596913,0
596914,0
596915,0
596916,0
596917,0
596918,0
596919,0
596920,0
596921,0
596922,0
596923,0
596924,0
596925,5
596926,0
596927,0
596928,0
596929,0
596930,0
596931,0
596932,9
596933,12
596934,0
596935,0
596936,5
596937,15
596938,0
596939,0
596940,0
596941,0
596942,0
596943,0
596944,0
596945,0
596946,0
596947,0
596948,0
596949,6
596950,0
596951,5
596952,2
596953,0
596954,0
596955,3
596956,0
596957,0
596958,0
596959,0
596960,0
596961,0
596962,0
596963,0
596964,0
596965,0
596966,0
596967,0
596968,0
596969,0
596970,0
596971,0
596972,0
596973,0
596974,0
596975,0
596976,0
596977,0
596978,0
596979,0
596980,0
596981,0
596982,0
596983,0
596984,1
596985,0
596986,0
596987,0
596988,0
596989,0
596990,0
596991,0
596992,0
596993,0
596994,0
596995,0
596996,0
596997,0
596998,2
596999,0
597000,0
597001,0
597002,0
597003,0
597004,0
597005,6
597006,0
597007,0
597008,2
597009,0
597010,0
597011,0
597012,0
597013,0
597014,0
597015,0
597016,3
597017,3
597018,0
597019,0
597020,0
597021,0
597022,0
597023,0
597024,0
597025,0
597026,4
597027,3
597028,0
597029,0
597030,0
597031,10
597032,4
597033,2
597034,4
597035,0
597036,0
597037,0
597038,0
597039,0
597040,0
597041,2
597042,2
597043,0
597044,1
597045,0
597046,4
597047,0
597048,0
597049,1
597050,0
597051,0
597052,2
597053,1
597054,0
597055,0
597056,4
597057,0
597058,0
597059,0
597060,0
597061,0
597062,0
597063,0
597064,0
597065,0
597066,0
597067,0
597068,0
597069,0
597070,0
597071,0
597072,0
597073,0
597074,0
597075,2
597076,0
597077,0
597078,2
597079,4
597080,0
597081,0
597082,0
597083,0
597084,0
597085,2
597086,3
597087,0
597088,0
597089,0
597090,0
597091,0
597092,0
597093,0
597094,0
597095,0
597096,0
597097,0
597098,0
597099,0
597100,0
597101,0
597102,0
597103,0
597104,0
597105,0
597106,0
597107,0
597108,0
597109,0
597110,0
597111,0
597112,0
597113,0
597114,0
597115,0
597116,0
597117,0
597118,0
597119,0
597120,0
597121,0
597122,0
597123,0
597124,0
597125,0
597126,0
597127,0
597128,0
597129,0
597130,0
597131,0
597132,0
597133,0
597134,0
597135,0
597136,0
597137,0
597138,0
597139,6
597140,0
597141,0
597142,0
597143,0
597144,1
597145,0
597146,0
597147,0
597148,0
597149,0
597150,0
597151,5
597152,0
597153,3
597154,3
597155,0
597156,0
597157,0
597158,0
597159,0
597160,0
597161,0
597162,0
597163,0
597164,0
597165,0
597166,0
597167,0
597168,0
597169,0
597170,0
597171,0
597172,0
597173,2
597174,0
597175,0
597176,3
597177,0
597178,3
597179,1
597180,0
597181,0
597182,0
597183,0
597184,6
597185,0
597186,0
597187,0
597188,0
597189,0
597190,0
597191,0
597192,0
597193,0
597194,0
597195,0
597196,0
597197,1
597198,0
597199,2
597200,3
597201,0
597202,0
597203,0
597204,0
597205,0
597206,0
597207,0
597208,0
597209,0
597210,0
597211,0
597212,0
597213,0
597214,0
597215,0
597216,3
597217,0
597218,0
597219,0
597220,0
597221,0
597222,0
597223,0
597224,0
597225,0
597226,0
597227,0
597228,2
597229,0
597230,0
597231,0
597232,0
597233,0
597234,0
597235,0
597236,0
597237,0
597238,0
597239,0
597240,0
597241,0
597242,0
597243,1
597244,0
597245,0
597246,0
597247,0
597248,0
597249,0
597250,0
597251,1
597252,0
597253,1
597254,2
597255,0
597256,0
597257,0
597258,0
597259,0
597260,0
597261,0
597262,0
597263,0
597264,0
597265,0
597266,0
597267,4
597268,0
597269,0
597270,0
597271,2
597272,0
597273,0
597274,0
597275,0
597276,0
597277,0
597278,0
597279,0
597280,0
597281,0
597282,1
597283,0
597284,3
597285,0
597286,0
597287,0
597288,0
597289,0
597290,0
597291,1
597292,0
597293,0
597294,0
597295,0
597296,0
597297,0
597298,0
597299,0
597300,0
597301,0
597302,0
597303,0
597304,0
597305,0
597306,1
597307,0
597308,1
597309,0
597310,0
597311,0
597312,5
597313,0
597314,0
597315,0
597316,3
597317,3
597318,0
597319,0
597320,0
597321,0
597322,0
597323,0
597324,0
597325,0
597326,0
597327,0
597328,0
597329,0
597330,0
597331,5
597332,0
597333,0
597334,0
597335,0
597336,0
597337,2
597338,0
597339,0
597340,0
597341,0
597342,0
597343,0
597344,0
597345,0
597346,0
597347,0
597348,0
597349,0
597350,0
597351,0
597352,0
597353,0
597354,0
597355,0
597356,0
597357,0
597358,0
597359,0
597360,0
597361,0
597362,0
597363,0
597364,0
597365,0
597366,0
597367,0
597368,0
597369,0
597370,0
597371,0
597372,0
597373,0
597374,0
597375,0
597376,2
597377,0
597378,0
597379,0
597380,0
597381,0
597382,0
597383,0
597384,0
597385,0
597386,4
597387,0
597388,0
597389,0
597390,0
597391,0
597392,0
597393,0
597394,3
597395,0
597396,0
597397,0
597398,0
597399,5
597400,0
597401,2
597402,0
597403,0
597404,0
597405,0
597406,0
597407,0
597408,0
597409,0
597410,0
597411,0
597412,0
597413,0
597414,0
597415,0
597416,1
597417,0
597418,0
597419,0
597420,0
597421,4
597422,0
597423,0
597424,0
597425,0
597426,0
597427,0
597428,0
597429,0
597430,0
597431,0
597432,0
597433,0
597434,0
597435,0
597436,0
597437,0
597438,0
597439,0
597440,0
597441,6
597442,0
597443,0
597444,0
597445,0
597446,0
597447,0
597448,0
597449,0
597450,0
597451,5
597452,0
597453,0
597454,0
597455,0
597456,0
597457,0
597458,0
597459,0
597460,0
597461,0
597462,0
597463,0
597464,3
597465,0
597466,0
597467,0
597468,0
597469,0
597470,5
597471,0
597472,0
597473,0
597474,0
597475,0
597476,0
597477,0
597478,0
597479,0
597480,0
597481,0
597482,0
597483,0
597484,0
597485,0
597486,0
597487,0
597488,0
597489,2
597490,0
597491,0
597492,5
597493,0
597494,0
597495,0
597496,1
597497,0
597498,0
597499,1
597500,0
597501,4
597502,0
597503,0
597504,0
597505,0
597506,0
597507,0
597508,0
597509,0
597510,0
597511,0
597512,1
597513,0
597514,0
597515,0
597516,3
597517,2
597518,0
597519,0
597520,0
597521,0
597522,0
597523,0
597524,0
597525,0
597526,0
597527,0
597528,0
597529,6
597530,0
597531,1
597532,0
597533,3
597534,0
597535,0
597536,0
597537,0
597538,0
597539,0
597540,0
597541,2
597542,0
597543,1
597544,0
597545,0
597546,4
597547,3
597548,0
597549,0
597550,0
597551,0
597552,0
597553,0
597554,0
597555,0
597556,0
597557,1
597558,0
597559,5
597560,0
597561,0
597562,0
597563,0
597564,0
597565,0
597566,0
597567,0
597568,0
597569,0
597570,0
597571,0
597572,0
597573,0
597574,0
597575,0
597576,0
597577,0
597578,2
597579,0
597580,0
597581,0
597582,0
597583,0
597584,0
597585,0
597586,0
597587,0
597588,0
597589,0
597590,0
597591,0
597592,0
597593,19
597594,0
597595,0
597596,0
597597,23
597598,13
597599,0
597600,0
597601,0
597602,21
597603,6
597604,9
597605,0
597606,0
597607,5
597608,0
597609,16
597610,0
597611,0
597612,0
597613,0
597614,0
597615,0
597616,0
597617,0
597618,0
597619,0
597620,0
597621,0
597622,0
597623,0
597624,0
597625,0
597626,0
597627,0
597628,0
597629,0
597630,0
597631,0
597632,0
597633,0
597634,0
597635,0
597636,0
597637,21
597638,0
597639,0
597640,6
597641,0
597642,0
597643,0
597644,0
597645,0
597646,0
597647,0
597648,0
597649,0
597650,11
597651,0
597652,0
597653,10
597654,7
597655,0
597656,0
597657,0
597658,0
597659,0
597660,0
597661,0
597662,0
597663,11
597664,0
597665,0
597666,0
597667,0
597668,19
597669,0
597670,0
597671,17
597672,0
597673,0
597674,0
597675,0
597676,13
597677,0
597678,0
597679,0
597680,0
597681,0
597682,0
597683,0
597684,0
597685,0
597686,0
597687,0
597688,0
597689,0
597690,0
597691,0
597692,0
597693,0
597694,0
597695,0
597696,0
597697,0
597698,17
597699,0
597700,0
597701,0
597702,0
597703,0
597704,0
597705,18
597706,0
597707,0
597708,0
597709,0
597710,0
597711,0
597712,0
597713,11
597714,14
597715,0
597716,0
597717,0
597718,0
597719,27
597720,0
597721,19
597722,19
597723,14
597724,19
597725,0
597726,0
597727,6
597728,0
597729,20
597730,0
597731,17
597732,0
597733,0
597734,0
597735,14
597736,0
597737,0
597738,0
597739,0
597740,0
597741,0
597742,0
597743,0
597744,16
597745,0
597746,0
597747,19
597748,0
597749,0
597750,0
597751,0
597752,15
597753,0
597754,0
597755,0
597756,13
597757,0
597758,0
597759,0
597760,16
597761,14
597762,0
597763,0
597764,0
597765,0
597766,0
597767,0
597768,0
597769,11
597770,0
597771,8
597772,0
597773,0
597774,0
597775,0
597776,0
597777,0
597778,10
597779,0
597780,0
597781,0
597782,0
597783,0
597784,13
597785,0
597786,0
597787,0
597788,0
597789,0
597790,19
597791,0
597792,0
597793,0
597794,12
597795,0
597796,0
597797,0
597798,0
597799,25
597800,19
597801,0
597802,0
597803,0
597804,6
597805,0
597806,0
597807,0
597808,14
597809,11
597810,0
597811,0
597812,8
597813,0
597814,0
597815,14
597816,0
597817,0
597818,0
597819,0
597820,0
597821,0
597822,0
597823,0
597824,0
597825,5
597826,0
597827,12
597828,0
597829,23
597830,0
597831,0
597832,0
597833,0
597834,0
597835,0
597836,0
597837,0
597838,0
597839,18
597840,0
597841,0
597842,0
597843,0
597844,0
597845,0
597846,0
597847,0
597848,0
597849,0
597850,21
597851,0
597852,0
597853,0
597854,0
597855,0
597856,0
597857,0
597858,0
597859,0
597860,0
597861,8
597862,0
597863,20
597864,0
597865,0
597866,0
597867,0
597868,0
597869,0
597870,6
597871,0
597872,0
597873,0
597874,0
597875,0
597876,10
597877,0
597878,0
597879,19
597880,0
597881,0
597882,0
597883,0
597884,0
597885,17
597886,0
597887,0
597888,0
597889,25
597890,4
597891,13
597892,0
597893,21
597894,0
597895,0
597896,0
597897,0
597898,15
597899,0
597900,19
597901,0
597902,0
597903,0
597904,0
597905,0
597906,0
597907,0
597908,0
597909,0
597910,0
597911,0
597912,0
597913,0
597914,0
597915,0
597916,15
597917,0
597918,0
597919,12
597920,27
597921,0
597922,0
597923,0
597924,16
597925,0
597926,0
597927,0
597928,0
597929,0
597930,0
597931,0
597932,9
597933,0
597934,20
597935,24
597936,0
597937,0
597938,0
597939,0
597940,0
597941,0
597942,21
597943,0
597944,18
597945,0
597946,0
597947,0
597948,11
597949,0
597950,0
597951,13
597952,0
597953,0
597954,0
597955,0
597956,18
597957,0
597958,0
597959,12
597960,0
597961,0
597962,28
597963,0
597964,0
597965,0
597966,12
597967,0
597968,0
597969,17
597970,0
597971,0
597972,0
597973,16
597974,0
597975,0
597976,0
597977,21
597978,0
597979,10
597980,0
597981,0
597982,0
597983,0
597984,13
597985,0
597986,0
597987,0
597988,0
597989,22
597990,0
597991,0
597992,0
597993,19
597994,0
597995,0
597996,0
597997,0
597998,0
597999,0
598000,0
598001,11
598002,0
598003,0
598004,0
598005,0
598006,0
598007,16
598008,0
598009,0
598010,15
598011,0
598012,0
598013,10
598014,0
598015,0
598016,0
598017,0
598018,0
598019,0
598020,0
598021,0
598022,0
598023,0
598024,0
598025,0
598026,0
598027,0
598028,24
598029,0
598030,0
598031,0
598032,0
598033,0
598034,14
598035,0
598036,0
598037,0
598038,16
598039,0
598040,0
598041,0
598042,0
598043,0
598044,0
598045,0
598046,8
598047,0
598048,0
598049,0
598050,0
598051,0
598052,0
598053,0
598054,0
598055,0
598056,0
598057,9
598058,0
598059,0
598060,0
598061,15
598062,0
598063,0
598064,0
598065,0
598066,0
598067,0
598068,0
598069,0
598070,0
598071,0
598072,0
598073,0
598074,16
598075,0
598076,0
598077,0
598078,0
598079,0
598080,13
598081,0
598082,15
598083,0
598084,0
598085,0
598086,0
598087,0
598088,7
598089,0
598090,0
598091,0
598092,0
598093,0
598094,0
598095,0
598096,0
598097,0
598098,15
598099,0
598100,0
598101,0
598102,0
598103,0
598104,0
598105,0
598106,11
598107,0
598108,0
598109,24
598110,0
598111,0
598112,13
598113,0
598114,24
598115,0
598116,22
598117,17
598118,12
598119,0
598120,0
598121,0
598122,0
598123,31
598124,16
598125,0
598126,0
598127,12
598128,0
598129,0
598130,0
598131,0
598132,17
598133,0
598134,0
598135,0
598136,0
598137,0
598138,0
598139,0
598140,13
598141,16
598142,14
598143,17
598144,0
598145,9
598146,0
598147,0
598148,0
598149,0
598150,0
598151,0
598152,0
598153,0
598154,0
598155,0
598156,0
598157,0
598158,0
598159,0
598160,13
598161,0
598162,20
598163,0
598164,0
598165,0
598166,33
598167,19
598168,17
598169,9
598170,20
598171,30
598172,0
598173,0
598174,0
598175,8
598176,0
598177,0
598178,0
598179,0
598180,0
598181,16
598182,0
598183,0
598184,0
598185,0
598186,0
598187,0
598188,0
598189,0
598190,0
598191,0
598192,0
598193,0
598194,0
598195,0
598196,0
598197,0
598198,0
598199,0
598200,0
598201,0
598202,0
598203,0
598204,0
598205,0
598206,0
598207,0
598208,20
598209,0
598210,0
598211,0
598212,0
598213,24
598214,0
598215,0
598216,0
598217,0
598218,0
598219,0
598220,17
598221,0
598222,0
598223,11
598224,0
598225,0
598226,0
598227,0
598228,0
598229,0
598230,0
598231,0
598232,0
598233,0
598234,0
598235,0
598236,0
598237,0
598238,0
598239,12
598240,0
598241,0
598242,0
598243,16
598244,0
598245,20
598246,7
598247,0
598248,0
598249,0
598250,0
598251,0
598252,22
598253,18
598254,0
598255,0
598256,0
598257,0
598258,0
598259,0
598260,0
598261,0
598262,11
598263,11
598264,0
598265,0
598266,24
598267,0
598268,0
598269,0
598270,15
598271,0
598272,0
598273,0
598274,0
598275,12
598276,0
598277,0
598278,0
598279,0
598280,0
598281,0
598282,0
598283,0
598284,12
598285,0
598286,0
598287,16
598288,0
598289,0
598290,0
598291,15
598292,0
598293,0
598294,0
598295,26
598296,0
598297,0
598298,0
598299,0
598300,12
598301,0
598302,0
598303,0
598304,14
598305,0
598306,0
598307,0
598308,11
598309,13
598310,0
598311,20
598312,0
598313,0
598314,0
598315,0
598316,8
598317,16
598318,0
598319,0
598320,0
598321,0
598322,0
598323,0
598324,0
598325,0
598326,0
598327,13
598328,0
598329,0
598330,15
598331,0
598332,0
598333,0
598334,0
598335,24
598336,0
598337,0
598338,14
598339,0
598340,0
598341,0
598342,15
598343,0
598344,0
598345,0
598346,8
598347,0
598348,0
598349,0
598350,0
598351,0
598352,0
598353,0
598354,0
598355,0
598356,13
598357,0
598358,17
598359,15
598360,0
598361,0
598362,0
598363,0
598364,9
598365,0
598366,0
598367,0
598368,17
598369,11
598370,0
598371,0
598372,0
598373,0
598374,0
598375,15
598376,0
598377,0
598378,0
598379,0
598380,0
598381,0
598382,9
598383,0
598384,0
598385,0
598386,0
598387,0
598388,0
598389,0
598390,0
598391,30
598392,16
598393,0
598394,0
598395,0
598396,0
598397,0
598398,19
598399,0
598400,0
598401,0
598402,0
598403,0
598404,0
598405,0
598406,42
598407,0
598408,40
598409,0
598410,38
598411,0
598412,0
598413,0
598414,41
598415,0
598416,0
598417,0
598418,0
598419,0
598420,41
598421,47
598422,0
598423,31
598424,0
598425,0
598426,40
598427,0
598428,0
598429,35
598430,0
598431,0
598432,0
598433,0
598434,0
598435,6
598436,0
598437,0
598438,0
598439,8
598440,0
598441,0
598442,4
598443,0
598444,0
598445,0
598446,0
598447,0
598448,0
598449,0
598450,0
598451,0
598452,6
598453,0
598454,0
598455,0
598456,7
598457,9
598458,0
598459,4
598460,0
598461,0
598462,0
598463,0
598464,0
598465,6
598466,0
598467,0
598468,0
598469,6
598470,0
598471,0
598472,5
598473,0
598474,6
598475,0
598476,0
598477,0
598478,0
598479,0
598480,0
598481,6
598482,0
598483,0
598484,0
598485,0
598486,0
598487,0
598488,7
598489,7
598490,0
598491,0
598492,0
598493,0
598494,0
598495,0
598496,0
598497,0
598498,0
598499,0
598500,0
598501,0
598502,8
598503,0
598504,9
598505,0
598506,0
598507,0
598508,0
598509,0
598510,0
598511,0
598512,0
598513,0
598514,0
598515,0
598516,0
598517,0
598518,0
598519,6
598520,0
598521,0
598522,0
598523,0
598524,0
598525,0
598526,8
598527,0
598528,4
598529,6
598530,0
598531,0
598532,0
598533,0
598534,0
598535,0
598536,0
598537,0
598538,0
598539,0
598540,0
598541,0
598542,0
598543,0
598544,0
598545,0
598546,0
598547,0
598548,0
598549,0
598550,0
598551,0
598552,0
598553,6
598554,0
598555,0
598556,4
598557,4
598558,4
598559,0
598560,0
598561,0
598562,0
598563,0
598564,7
598565,0
598566,0
598567,0
598568,0
598569,0
598570,0
598571,0
598572,0
598573,0
598574,7
598575,0
598576,6
598577,0
598578,0
598579,7
598580,0
598581,0
598582,0
598583,0
598584,0
598585,0
598586,0
598587,0
598588,0
598589,5
598590,0
598591,0
598592,0
598593,0
598594,0
598595,0
598596,0
598597,18
598598,0
598599,0
598600,0
598601,0
598602,0
598603,0
598604,0
598605,6
598606,0
598607,6
598608,3
598609,0
598610,0
598611,0
598612,0
598613,0
598614,0
598615,0
598616,0
598617,0
598618,0
598619,0
598620,0
598621,7
598622,0
598623,0
598624,0
598625,0
598626,0
598627,3
598628,0
598629,0
598630,0
598631,0
598632,0
598633,0
598634,0
598635,6
598636,8
598637,0
598638,0
598639,0
598640,0
598641,12
598642,0
598643,7
598644,0
598645,7
598646,0
598647,0
598648,0
598649,0
598650,0
598651,0
598652,0
598653,0
598654,10
598655,0
598656,11
598657,0
598658,0
598659,0
598660,0
598661,0
598662,0
598663,0
598664,0
598665,0
598666,0
598667,0
598668,0
598669,8
598670,0
598671,0
598672,0
598673,0
598674,0
598675,0
598676,0
598677,0
598678,0
598679,9
598680,0
598681,5
598682,0
598683,0
598684,9
598685,4
598686,0
598687,7
598688,0
598689,0
598690,0
598691,0
598692,0
598693,0
598694,0
598695,0
598696,0
598697,5
598698,5
598699,0
598700,1
598701,0
598702,0
598703,0
598704,0
598705,0
598706,6
598707,0
598708,11
598709,0
598710,0
598711,0
598712,0
598713,0
598714,0
598715,0
598716,0
598717,0
598718,0
598719,0
598720,0
598721,0
598722,0
598723,0
598724,0
598725,0
598726,0
598727,0
598728,0
598729,0
598730,0
598731,0
598732,0
598733,0
598734,0
598735,0
598736,0
598737,0
598738,0
598739,0
598740,0
598741,0
598742,0
598743,0
598744,0
598745,0
598746,0
598747,0
598748,0
598749,0
598750,0
598751,1
598752,0
598753,5
598754,4
598755,0
598756,2
598757,0
598758,0
598759,0
598760,0
598761,0
598762,0
598763,0
598764,0
598765,0
598766,0
598767,7
598768,0
598769,2
598770,0
598771,0
598772,0
598773,0
598774,5
598775,0
598776,0
598777,6
598778,0
598779,0
598780,7
598781,0
598782,0
598783,0
598784,0
598785,0
598786,0
598787,0
598788,0
598789,0
598790,0
598791,0
598792,8
598793,0
598794,0
598795,0
598796,0
598797,5
598798,0
598799,0
598800,0
598801,0
598802,9
598803,0
598804,4
598805,0
598806,0
598807,0
598808,0
598809,0
598810,0
598811,0
598812,0
598813,0
598814,11
598815,0
598816,0
598817,0
598818,0
598819,0
598820,0
598821,0
598822,0
598823,0
598824,0
598825,6
598826,0
598827,0
598828,0
598829,0
598830,0
598831,0
598832,0
598833,0
598834,0
598835,7
598836,0
598837,0
598838,0
598839,0
598840,0
598841,0
598842,0
598843,0
598844,0
598845,0
598846,0
598847,0
598848,3
598849,0
598850,6
598851,0
598852,0
598853,0
598854,0
598855,0
598856,0
598857,0
598858,0
598859,0
598860,0
598861,0
598862,2
598863,0
598864,4
598865,0
598866,0
598867,5
598868,0
598869,0
598870,8
598871,5
598872,0
598873,0
598874,0
598875,0
598876,0
598877,0
598878,0
598879,0
598880,0
598881,0
598882,0
598883,0
598884,0
598885,0
598886,8
598887,0
598888,0
598889,7
598890,0
598891,0
598892,0
598893,6
598894,0
598895,0
598896,0
598897,0
598898,0
598899,0
598900,0
598901,0
598902,0
598903,0
598904,0
598905,0
598906,0
598907,0
598908,10
598909,0
598910,0
598911,0
598912,0
598913,0
598914,0
598915,0
598916,0
598917,0
598918,0
598919,0
598920,0
598921,0
598922,0
598923,0
598924,0
598925,0
598926,0
598927,0
598928,0
598929,0
598930,0
598931,0
598932,0
598933,0
598934,9
598935,0
598936,0
598937,0
598938,0
598939,0
598940,0
598941,0
598942,0
598943,0
598944,0
598945,0
598946,6
598947,0
598948,0
598949,0
598950,0
598951,10
598952,0
598953,0
598954,0
598955,10
598956,0
598957,0
598958,0
598959,0
598960,0
598961,0
598962,0
598963,0
598964,7
598965,0
598966,0
598967,2
598968,0
598969,0
598970,1
598971,0
598972,0
598973,6
598974,0
598975,0
598976,3
598977,0
598978,0
598979,0
598980,0
598981,0
598982,0
598983,0
598984,13
598985,7
598986,0
598987,11
598988,0
598989,0
598990,0
598991,0
598992,0
598993,0
598994,0
598995,0
598996,0
598997,0
598998,0
598999,0
599000,6
599001,0
599002,0
599003,0
599004,0
599005,0
599006,4
599007,0
599008,0
599009,0
599010,0
599011,0
599012,3
599013,0
599014,0
599015,5
599016,0
599017,0
599018,11
599019,9
599020,0
599021,0
599022,0
599023,0
599024,0
599025,0
599026,0
599027,0
599028,0
599029,0
599030,6
599031,3
599032,0
599033,0
599034,0
599035,0
599036,5
599037,0
599038,0
599039,0
599040,5
599041,0
599042,0
599043,0
599044,0
599045,0
599046,0
599047,0
599048,0
599049,0
599050,0
599051,0
599052,0
599053,0
599054,0
599055,0
599056,0
599057,0
599058,0
599059,0
599060,0
599061,0
599062,0
599063,0
599064,0
599065,0
599066,0
599067,0
599068,0
599069,8
599070,0
599071,0
599072,0
599073,0
599074,0
599075,0
599076,0
599077,4
599078,7
599079,0
599080,0
599081,0
599082,0
599083,7
599084,0
599085,6
599086,0
599087,4
599088,0
599089,10
599090,0
599091,0
599092,0
599093,0
599094,0
599095,0
599096,0
599097,0
599098,0
599099,0
599100,0
599101,0
599102,0
599103,9
599104,3
599105,0
599106,0
599107,0
599108,0
599109,0
599110,0
599111,6
599112,5
599113,0
599114,0
599115,0
599116,0
599117,1
599118,0
599119,10
599120,0
599121,0
599122,0
599123,0
599124,0
599125,8
599126,0
599127,0
599128,0
599129,6
599130,4
599131,0
599132,0
599133,0
599134,0
599135,0
599136,0
599137,0
599138,6
599139,0
599140,0
599141,0
599142,10
599143,6
599144,5
599145,0
599146,0
599147,10
599148,0
599149,0
599150,0
599151,0
599152,8
599153,0
599154,0
599155,0
599156,9
599157,0
599158,0
599159,0
599160,2
599161,0
599162,0
599163,0
599164,0
599165,0
599166,0
599167,0
599168,0
599169,0
599170,0
599171,0
599172,0
599173,0
599174,3
599175,0
599176,0
599177,0
599178,0
599179,0
599180,0
599181,0
599182,0
599183,0
599184,0
599185,0
599186,0
599187,0
599188,0
599189,10
599190,0
599191,0
599192,0
599193,13
599194,0
599195,0
599196,0
599197,5
599198,0
599199,0
599200,0
599201,0
599202,0
599203,0
599204,5
599205,5
599206,10
599207,0
599208,6
599209,0
599210,0
599211,0
599212,0
599213,0
599214,0
599215,0
599216,0
599217,0
599218,0
599219,0
599220,0
599221,11
599222,0
599223,0
599224,0
599225,0
599226,0
599227,0
599228,0
599229,1
599230,0
599231,10
599232,0
599233,7
599234,5
599235,0
599236,0
599237,0
599238,6
599239,7
599240,5
599241,0
599242,5
599243,12
599244,0
599245,0
599246,6
599247,0
599248,0
599249,0
599250,3
599251,0
599252,0
599253,0
599254,0
599255,0
599256,0
599257,0
599258,0
599259,0
599260,6
599261,0
599262,0
599263,2
599264,1
599265,0
599266,0
599267,0
599268,5
599269,0
599270,8
599271,0
599272,4
599273,0
599274,0
599275,0
599276,0
599277,0
599278,0
599279,0
599280,0
599281,6
599282,0
599283,0
599284,10
599285,0
599286,0
599287,0
599288,0
599289,0
599290,0
599291,0
599292,0
599293,0
599294,0
599295,0
599296,0
599297,0
599298,10
599299,0
599300,0
599301,0
599302,0
599303,0
599304,0
599305,0
599306,0
599307,0
599308,0
599309,0
599310,0
599311,0
599312,0
599313,0
599314,0
599315,0
599316,0
599317,0
599318,0
599319,4
599320,0
599321,5
599322,0
599323,0
599324,0
599325,0
599326,0
599327,0
599328,0
599329,0
599330,0
599331,0
599332,0
599333,0
599334,0
599335,0
599336,8
599337,0
599338,0
599339,0
599340,0
599341,0
599342,0
599343,0
599344,5
599345,0
599346,0
599347,0
599348,0
599349,0
599350,7
599351,0
599352,0
599353,0
599354,0
599355,0
599356,0
599357,0
599358,0
599359,0
599360,0
599361,0
599362,0
599363,0
599364,0
599365,0
599366,0
599367,0
599368,0
599369,0
599370,0
599371,0
599372,0
599373,0
599374,0
599375,0
599376,0
599377,0
599378,0
599379,0
599380,0
599381,0
599382,0
599383,0
599384,1
599385,0
599386,0
599387,0
599388,0
599389,0
599390,0
599391,0
599392,0
599393,0
599394,0
599395,0
599396,0
599397,0
599398,0
599399,0
599400,0
599401,0
599402,0
599403,0
599404,0
599405,0
599406,0
599407,0
599408,0
599409,0
599410,0
599411,0
599412,0
599413,0
599414,0
599415,0
599416,0
599417,0
599418,0
599419,0
599420,0
599421,0
599422,0
599423,0
599424,0
599425,0
599426,0
599427,0
599428,0
599429,0
599430,0
599431,0
599432,0
599433,0
599434,0
599435,0
599436,0
599437,0
599438,0
599439,0
599440,0
599441,0
599442,0
599443,0
599444,0
599445,0
599446,0
599447,0
599448,0
599449,0
599450,0
599451,0
599452,0
599453,0
599454,0
599455,0
599456,0
599457,0
599458,0
599459,0
599460,0
599461,0
599462,0
599463,0
599464,0
599465,0
599466,0
599467,0
599468,0
599469,0
599470,0
599471,0
599472,0
599473,0
599474,0
599475,0
599476,0
599477,0
599478,0
599479,0
599480,0
599481,0
599482,0
599483,0
599484,0
599485,0
599486,1
599487,0
599488,0
599489,0
599490,0
599491,0
599492,0
599493,0
599494,0
599495,0
599496,0
599497,0
599498,0
599499,0
599500,0
599501,0
599502,0
599503,0
599504,0
599505,0
599506,0
599507,0
599508,0
599509,0
599510,0
599511,0
599512,0
599513,1
599514,0
599515,0
599516,0
599517,0
599518,0
599519,0
599520,0
599521,0
599522,0
599523,0
599524,0
599525,0
599526,0
599527,0
599528,0
599529,0
599530,0
599531,0
599532,0
599533,0
599534,0
599535,0
599536,0
599537,0
599538,0
599539,0
599540,0
599541,0
599542,0
599543,0
599544,0
599545,0
599546,0
599547,0
599548,0
599549,0
599550,0
599551,0
599552,0
599553,0
599554,0
599555,0
599556,0
599557,0
599558,0
599559,0
599560,0
599561,0
599562,0
599563,0
599564,0
599565,0
599566,0
599567,0
599568,0
599569,0
599570,0
599571,0
599572,0
599573,0
599574,0
599575,0
599576,0
599577,0
599578,0
599579,0
599580,0
599581,0
599582,0
599583,0
599584,0
599585,0
599586,0
599587,0
599588,0
599589,0
599590,0
599591,0
599592,0
599593,0
599594,0
599595,0
599596,0
599597,0
599598,0
599599,0
599600,0
599601,0
599602,0
599603,0
599604,1
599605,0
599606,0
599607,0
599608,0
599609,0
599610,0
599611,0
599612,0
599613,0
599614,0
599615,1
599616,0
599617,0
599618,0
599619,0
599620,0
599621,0
599622,0
599623,0
599624,0
599625,0
599626,0
599627,0
599628,0
599629,0
599630,0
599631,0
599632,0
599633,0
599634,0
599635,0
599636,0
599637,0
599638,0
599639,0
599640,0
599641,0
599642,0
599643,0
599644,0
599645,0
599646,0
599647,0
599648,0
599649,0
599650,0
599651,0
599652,0
599653,0
599654,0
599655,0
599656,0
599657,0
599658,0
599659,0
599660,0
599661,0
599662,0
599663,0
599664,0
599665,0
599666,0
599667,0
599668,0
599669,0
599670,0
599671,0
599672,0
599673,0
599674,0
599675,0
599676,0
599677,0
599678,0
599679,1
599680,0
599681,0
599682,0
599683,0
599684,0
599685,0
599686,0
599687,0
599688,0
599689,0
599690,0
599691,0
599692,0
599693,0
599694,0
599695,0
599696,0
599697,0
599698,0
599699,0
599700,0
599701,0
599702,0
599703,0
599704,0
599705,0
599706,0
599707,0
599708,1
599709,0
599710,0
599711,0
599712,0
599713,0
599714,0
599715,0
599716,0
599717,0
599718,0
599719,0
599720,0
599721,0
599722,0
599723,0
599724,0
599725,0
599726,0
599727,0
599728,0
599729,0
599730,0
599731,0
599732,0
599733,0
599734,0
599735,0
599736,0
599737,0
599738,0
599739,0
599740,0
599741,0
599742,0
599743,0
599744,0
599745,0
599746,0
599747,0
599748,0
599749,0
599750,0
599751,0
599752,0
599753,0
599754,0
599755,0
599756,0
599757,0
599758,0
599759,0
599760,0
599761,0
599762,0
599763,0
599764,0
599765,0
599766,0
599767,0
599768,0
599769,0
599770,0
599771,0
599772,0
599773,0
599774,1
599775,0
599776,0
599777,0
599778,0
599779,0
599780,0
599781,0
599782,0
599783,0
599784,0
599785,0
599786,0
599787,0
599788,0
599789,0
599790,0
599791,0
599792,0
599793,0
599794,0
599795,0
599796,0
599797,0
599798,0
599799,0
599800,0
599801,0
599802,0
599803,0
599804,0
599805,0
599806,0
599807,0
599808,0
599809,0
599810,0
599811,0
599812,0
599813,0
599814,0
599815,0
599816,0
599817,0
599818,0
599819,0
599820,0
599821,0
599822,0
599823,0
599824,0
599825,0
599826,0
599827,0
599828,0
599829,0
599830,0
599831,0
599832,0
599833,0
599834,0
599835,0
599836,0
599837,0
599838,0
599839,0
599840,0
599841,0
599842,0
599843,0
599844,0
599845,0
599846,0
599847,1
599848,0
599849,0
599850,0
599851,0
599852,0
599853,0
599854,0
599855,0
599856,0
599857,0
599858,0
599859,0
599860,0
599861,0
599862,0
599863,0
599864,0
599865,0
599866,0
599867,0
599868,0
599869,0
599870,0
599871,0
599872,0
599873,0
599874,0
599875,0
599876,0
599877,0
599878,0
599879,0
599880,0
599881,0
599882,0
599883,0
599884,0
599885,0
599886,0
599887,0
599888,0
599889,0
599890,0
599891,0
599892,0
599893,0
599894,0
599895,0
599896,0
599897,0
599898,0
599899,0
599900,0
599901,0
599902,0
599903,0
599904,0
599905,0
599906,0
599907,0
599908,0
599909,0
599910,0
599911,0
599912,0
599913,0
599914,0
599915,0
599916,0
599917,0
599918,0
599919,0
599920,0
599921,0
599922,0
599923,0
599924,0
599925,0
599926,0
599927,0
599928,0
599929,0
599930,0
599931,0
599932,0
599933,0
599934,0
599935,0
599936,0
599937,0
599938,0
599939,0
599940,0
599941,0
599942,0
599943,0
599944,0
599945,0
599946,0
599947,0
599948,0
599949,0
599950,0
599951,0
599952,0
599953,0
599954,0
599955,0
599956,0
599957,0
599958,0
599959,0
599960,0
599961,0
599962,0
599963,0
599964,0
599965,0
599966,0
599967,0
599968,0
599969,0
599970,0
599971,0
599972,0
599973,0
599974,0
599975,0
599976,0
599977,0
599978,0
599979,0
599980,0
599981,0
599982,0
599983,0
599984,0
599985,0
599986,0
599987,0
599988,0
599989,0
599990,0
599991,0
599992,0
599993,0
599994,0
599995,0
599996,0
599997,0
599998,0
599999,0
600000,0
600001,0
600002,0
600003,0
600004,0
600005,0
600006,0
600007,0
600008,29
600009,0
600010,0
600011,0
600012,0
600013,0
600014,0
600015,0
600016,0
600017,0
600018,0
600019,0
600020,0
600021,0
600022,0
600023,34
600024,0
600025,0
600026,0
600027,0
600028,0
600029,0
600030,0
600031,0
600032,0
600033,0
600034,0
600035,0
600036,0
600037,0
600038,0
600039,0
600040,0
600041,0
600042,0
600043,0
600044,0
600045,0
600046,0
600047,0
600048,25
600049,0
600050,0
600051,0
600052,0
600053,0
600054,0
600055,0
600056,0
600057,0
600058,0
600059,0
600060,0
600061,0
600062,0
600063,0
600064,0
600065,0
600066,0
600067,0
600068,0
600069,0
600070,0
600071,25
600072,0
600073,0
600074,0
600075,0
600076,0
600077,0
600078,0
600079,0
600080,0
600081,0
600082,16
600083,0
600084,0
600085,0
600086,0
600087,0
600088,0
600089,0
600090,0
600091,0
600092,0
600093,0
600094,0
600095,0
600096,0
600097,0
600098,0
600099,0
600100,16
600101,0
600102,0
600103,0
600104,0
600105,0
600106,0
600107,0
600108,0
600109,0
600110,0
600111,0
600112,0
600113,0
600114,0
600115,27
600116,0
600117,0
600118,0
600119,0
600120,23
600121,0
600122,0
600123,0
600124,0
600125,0
600126,0
600127,0
600128,0
600129,0
600130,0
600131,0
600132,0
600133,0
600134,0
600135,0
600136,0
600137,0
600138,0
600139,0
600140,45
600141,0
600142,0
600143,0
600144,0
600145,0
600146,0
600147,0
600148,0
600149,28
600150,0
600151,0
600152,0
600153,0
600154,0
600155,0
600156,0
600157,0
600158,0
600159,0
600160,0
600161,0
600162,0
600163,0
600164,0
600165,0
600166,0
600167,0
600168,0
600169,0
600170,0
600171,58
600172,0
600173,0
600174,0
600175,0
600176,0
600177,0
600178,0
600179,0
600180,0
600181,0
600182,0
600183,26
600184,39
600185,0
600186,27
600187,0
600188,0
600189,0
600190,0
600191,0
600192,0
600193,0
600194,0
600195,58
600196,0
600197,0
600198,0
600199,0
600200,0
600201,36
600202,0
600203,0
600204,0
600205,0
600206,0
600207,0
600208,0
600209,0
600210,0
600211,0
600212,0
600213,0
600214,0
600215,0
600216,0
600217,0
600218,0
600219,0
600220,0
600221,0
600222,0
600223,0
600224,0
600225,0
600226,0
600227,0
600228,0
600229,0
600230,0
600231,0
600232,0
600233,0
600234,0
600235,0
600236,0
600237,0
600238,0
600239,0
600240,0
600241,0
600242,0
600243,0
600244,0
600245,0
600246,0
600247,0
600248,0
600249,0
600250,0
600251,0
600252,0
600253,0
600254,0
600255,0
600256,0
600257,0
600258,0
600259,0
600260,0
600261,0
600262,0
600263,34
600264,0
600265,0
600266,0
600267,0
600268,0
600269,0
600270,0
600271,0
600272,0
600273,0
600274,0
600275,0
600276,0
600277,0
600278,0
600279,0
600280,0
600281,0
600282,0
600283,0
600284,0
600285,0
600286,0
600287,0
600288,0
600289,0
600290,0
600291,0
600292,0
600293,0
600294,0
600295,0
600296,0
600297,0
600298,36
600299,0
600300,0
600301,0
600302,0
600303,0
600304,0
600305,0
600306,0
600307,29
600308,0
600309,0
600310,0
600311,0
600312,0
600313,0
600314,0
600315,0
600316,0
600317,0
600318,0
600319,0
600320,0
600321,0
600322,0
600323,0
600324,0
600325,0
600326,0
600327,0
600328,0
600329,0
600330,0
600331,0
600332,0
600333,0
600334,0
600335,0
600336,0
600337,0
600338,0
600339,0
600340,0
600341,0
600342,0
600343,0
600344,0
600345,0
600346,0
600347,0
600348,0
600349,0
600350,0
600351,0
600352,40
600353,0
600354,0
600355,0
600356,0
600357,0
600358,0
600359,0
600360,0
600361,0
600362,0
600363,0
600364,24
600365,0
600366,0
600367,0
600368,0
600369,0
600370,0
600371,0
600372,0
600373,0
600374,0
600375,0
600376,0
600377,0
600378,0
600379,0
600380,0
600381,0
600382,0
600383,0
600384,0
600385,0
600386,0
600387,0
600388,42
600389,0
600390,0
600391,0
600392,0
600393,0
600394,0
600395,0
600396,0
600397,0
600398,0
600399,0
600400,0
600401,0
600402,0
600403,0
600404,0
600405,0
600406,0
600407,0
600408,0
600409,0
600410,0
600411,0
600412,0
600413,0
600414,0
600415,0
600416,0
600417,0
600418,0
600419,0
600420,0
600421,0
600422,0
600423,0
600424,0
600425,0
600426,35
600427,0
600428,0
600429,0
600430,0
600431,0
600432,0
600433,0
600434,0
600435,0
600436,0
600437,0
600438,0
600439,0
600440,0
600441,0
600442,0
600443,0
600444,0
600445,0
600446,0
600447,0
600448,0
600449,0
600450,0
600451,0
600452,0
600453,0
600454,33
600455,0
600456,0
600457,0
600458,0
600459,0
600460,0
600461,0
600462,0
600463,0
600464,0
600465,27
600466,0
600467,23
600468,0
600469,0
600470,0
600471,0
600472,0
600473,0
600474,0
600475,0
600476,0
600477,0
600478,0
600479,0
600480,0
600481,0
600482,0
600483,0
600484,0
600485,0
600486,0
600487,0
600488,0
600489,0
600490,0
600491,0
600492,0
600493,0
600494,0
600495,0
600496,0
600497,0
600498,0
600499,30
600500,0
600501,0
600502,0
600503,0
600504,0
600505,0
600506,0
600507,0
600508,0
600509,0
600510,0
600511,0
600512,0
600513,35
600514,33
600515,0
600516,0
600517,0
600518,0
600519,0
600520,0
600521,28
600522,42
600523,0
600524,0
600525,0
600526,0
600527,0
600528,0
600529,0
600530,0
600531,0
600532,0
600533,0
600534,0
600535,0
600536,0
600537,0
600538,0
600539,0
600540,0
600541,0
600542,35
600543,0
600544,0
600545,0
600546,0
600547,0
600548,0
600549,0
600550,0
600551,0
600552,35
600553,0
600554,0
600555,0
600556,0
600557,0
600558,0
600559,0
600560,0
600561,0
600562,0
600563,0
600564,0
600565,0
600566,0
600567,0
600568,0
600569,0
600570,0
600571,0
600572,0
600573,0
600574,0
600575,0
600576,0
600577,0
600578,0
600579,0
600580,0
600581,0
600582,0
600583,0
600584,0
600585,0
600586,0
600587,0
600588,0
600589,0
600590,0
600591,29
600592,0
600593,0
600594,0
600595,0
600596,0
600597,0
600598,0
600599,0
600600,0
600601,0
600602,17
600603,0
600604,0
600605,0
600606,0
600607,0
600608,0
600609,0
600610,0
600611,0
600612,0
600613,0
600614,0
600615,0
600616,0
600617,28
600618,0
600619,0
600620,0
600621,0
600622,0
600623,0
600624,0
600625,25
600626,24
600627,0
600628,0
600629,0
600630,0
600631,0
600632,0
600633,0
600634,0
600635,0
600636,0
600637,0
600638,0
600639,0
600640,0
600641,0
600642,0
600643,0
600644,0
600645,0
600646,0
600647,0
600648,0
600649,0
600650,30
600651,0
600652,0
600653,0
600654,0
600655,0
600656,0
600657,0
600658,0
600659,0
600660,0
600661,0
600662,0
600663,0
600664,0
600665,0
600666,0
600667,0
600668,0
600669,0
600670,0
600671,0
600672,0
600673,0
600674,0
600675,0
600676,0
600677,0
600678,0
600679,0
600680,0
600681,0
600682,0
600683,0
600684,0
600685,0
600686,0
600687,0
600688,25
600689,0
600690,0
600691,0
600692,0
600693,0
600694,0
600695,0
600696,0
600697,0
600698,0
600699,0
600700,0
600701,0
600702,0
600703,0
600704,0
600705,0
600706,0
600707,0
600708,0
600709,0
600710,0
600711,0
600712,0
600713,36
600714,0
600715,0
600716,0
600717,0
600718,0
600719,0
600720,0
600721,0
600722,0
600723,0
600724,0
600725,0
600726,0
600727,0
600728,0
600729,0
600730,0
600731,0
600732,0
600733,0
600734,0
600735,0
600736,0
600737,0
600738,0
600739,0
600740,0
600741,0
600742,29
600743,0
600744,0
600745,0
600746,0
600747,0
600748,0
600749,0
600750,0
600751,0
600752,0
600753,0
600754,0
600755,0
600756,0
600757,0
600758,0
600759,0
600760,0
600761,0
600762,0
600763,0
600764,0
600765,0
600766,0
600767,0
600768,0
600769,0
600770,0
600771,0
600772,0
600773,0
600774,0
600775,0
600776,33
600777,0
600778,0
600779,0
600780,0
600781,0
600782,0
600783,0
600784,0
600785,0
600786,0
600787,0
600788,0
600789,0
600790,0
600791,0
600792,0
600793,0
600794,0
600795,0
600796,42
600797,0
600798,0
600799,0
600800,0
600801,0
600802,0
600803,0
600804,0
600805,0
600806,0
600807,0
600808,0
600809,0
600810,0
600811,0
600812,0
600813,0
600814,0
600815,0
600816,0
600817,0
600818,0
600819,0
600820,0
600821,0
600822,0
600823,0
600824,0
600825,0
600826,0
600827,0
600828,0
600829,0
600830,0
600831,0
600832,0
600833,0
600834,0
600835,0
600836,0
600837,0
600838,0
600839,0
600840,0
600841,0
600842,0
600843,0
600844,0
600845,0
600846,0
600847,0
600848,0
600849,0
600850,0
600851,0
600852,0
600853,0
600854,0
600855,0
600856,0
600857,0
600858,0
600859,0
600860,0
600861,0
600862,0
600863,0
600864,0
600865,0
600866,0
600867,0
600868,0
600869,0
600870,0
600871,0
600872,0
600873,0
600874,0
600875,0
600876,0
600877,0
600878,0
600879,0
600880,0
600881,0
600882,0
600883,0
600884,0
600885,0
600886,0
600887,0
600888,0
600889,0
600890,0
600891,0
600892,0
600893,0
600894,0
600895,0
600896,0
600897,0
600898,0
600899,0
600900,0
600901,0
600902,0
600903,0
600904,0
600905,0
600906,0
600907,0
600908,0
600909,0
600910,0
600911,0
600912,0
600913,0
600914,0
600915,0
600916,0
600917,0
600918,0
600919,0
600920,0
600921,0
600922,0
600923,0
600924,0
600925,47
600926,0
600927,0
600928,20
600929,0
600930,0
600931,0
600932,0
600933,0
600934,0
600935,0
600936,0
600937,0
600938,0
600939,0
600940,0
600941,0
600942,0
600943,0
600944,0
600945,0
600946,0
600947,0
600948,0
600949,28
600950,29
600951,0
600952,0
600953,0
600954,29
600955,0
600956,0
600957,26
600958,0
600959,0
600960,0
600961,0
600962,0
600963,0
600964,0
600965,0
600966,0
600967,0
600968,0
600969,0
600970,0
600971,0
600972,0
600973,0
600974,0
600975,0
600976,0
600977,0
600978,0
600979,0
600980,0
600981,0
600982,0
600983,0
600984,0
600985,0
600986,0
600987,0
600988,0
600989,0
600990,0
600991,0
600992,0
600993,0
600994,0
600995,0
600996,0
600997,0
600998,0
600999,0
601000,0
601001,0
601002,0
601003,0
601004,0
601005,0
601006,0
601007,0
601008,0
601009,0
601010,0
601011,0
601012,39
601013,0
601014,0
601015,0
601016,0
601017,0
601018,0
601019,0
601020,0
601021,30
601022,0
601023,0
601024,0
601025,0
601026,0
601027,0
601028,0
601029,0
601030,0
601031,0
601032,0
601033,0
601034,0
601035,32
601036,0
601037,0
601038,0
601039,0
601040,0
601041,36
601042,0
601043,0
601044,0
601045,0
601046,0
601047,0
601048,0
601049,0
601050,0
601051,0
601052,0
601053,0
601054,0
601055,0
601056,0
601057,0
601058,0
601059,0
601060,0
601061,0
601062,0
601063,0
601064,29
601065,0
601066,0
601067,0
601068,0
601069,0
601070,30
601071,0
601072,0
601073,0
601074,0
601075,0
601076,0
601077,41
601078,0
601079,0
601080,0
601081,30
601082,0
601083,15
601084,0
601085,0
601086,0
601087,0
601088,0
601089,0
601090,23
601091,0
601092,0
601093,15
601094,0
601095,0
601096,23
601097,14
601098,0
601099,0
601100,0
601101,0
601102,0
601103,0
601104,0
601105,0
601106,0
601107,12
601108,0
601109,21
601110,24
601111,0
601112,10
601113,0
601114,0
601115,0
601116,0
601117,14
601118,22
601119,0
601120,32
601121,0
601122,0
601123,14
601124,0
601125,0
601126,0
601127,13
601128,0
601129,0
601130,0
601131,0
601132,0
601133,22
601134,0
601135,20
601136,18
601137,23
601138,34
601139,0
601140,0
601141,0
601142,33
601143,0
601144,0
601145,0
601146,0
601147,0
601148,23
601149,0
601150,0
601151,0
601152,0
601153,0
601154,0
601155,0
601156,0
601157,20
601158,0
601159,0
601160,0
601161,0
601162,0
601163,0
601164,0
601165,0
601166,0
601167,0
601168,0
601169,0
601170,21
601171,0
601172,0
601173,0
601174,0
601175,27
601176,0
601177,0
601178,0
601179,0
601180,0
601181,23
601182,0
601183,0
601184,0
601185,0
601186,30
601187,0
601188,0
601189,18
601190,0
601191,15
601192,18
601193,0
601194,23
601195,24
601196,0
601197,0
601198,0
601199,19
601200,0
601201,22
601202,0
601203,0
601204,0
601205,17
601206,33
601207,0
601208,0
601209,0
601210,0
601211,0
601212,15
601213,0
601214,0
601215,0
601216,22
601217,15
601218,0
601219,0
601220,0
601221,0
601222,0
601223,0
601224,0
601225,0
601226,0
601227,0
601228,0
601229,0
601230,0
601231,0
601232,0
601233,0
601234,0
601235,0
601236,0
601237,0
601238,0
601239,22
601240,0
601241,26
601242,0
601243,0
601244,0
601245,36
601246,0
601247,0
601248,0
601249,0
601250,0
601251,14
601252,0
601253,19
601254,0
601255,0
601256,0
601257,0
601258,0
601259,10
601260,0
601261,0
601262,0
601263,0
601264,0
601265,0
601266,26
601267,0
601268,0
601269,0
601270,0
601271,18
601272,0
601273,0
601274,0
601275,28
601276,23
601277,0
601278,31
601279,26
601280,0
601281,0
601282,13
601283,0
601284,0
601285,0
601286,0
601287,0
601288,32
601289,0
601290,0
601291,0
601292,0
601293,24
601294,17
601295,0
601296,0
601297,0
601298,0
601299,26
601300,0
601301,0
601302,0
601303,0
601304,0
601305,0
601306,18
601307,29
601308,0
601309,0
601310,0
601311,0
601312,0
601313,13
601314,0
601315,33
601316,0
601317,0
601318,0
601319,0
601320,0
601321,0
601322,0
601323,0
601324,30
601325,0
601326,0
601327,0
601328,18
601329,0
601330,0
601331,0
601332,14
601333,0
601334,25
601335,0
601336,0
601337,0
601338,0
601339,0
601340,0
601341,0
601342,0
601343,0
601344,0
601345,0
601346,0
601347,0
601348,0
601349,0
601350,0
601351,0
601352,0
601353,0
601354,0
601355,0
601356,0
601357,0
601358,34
601359,43
601360,28
601361,0
601362,0
601363,0
601364,0
601365,0
601366,20
601367,0
601368,0
601369,0
601370,0
601371,29
601372,0
601373,0
601374,42
601375,0
601376,0
601377,0
601378,0
601379,0
601380,0
601381,0
601382,0
601383,0
601384,0
601385,0
601386,0
601387,34
601388,19
601389,0
601390,0
601391,0
601392,0
601393,0
601394,0
601395,0
601396,0
601397,0
601398,23
601399,0
601400,26
601401,0
601402,0
601403,0
601404,0
601405,31
601406,0
601407,31
601408,28
601409,0
601410,18
601411,32
601412,0
601413,0
601414,0
601415,0
601416,0
601417,0
601418,0
601419,0
601420,0
601421,0
601422,28
601423,33
601424,0
601425,0
601426,0
601427,0
601428,21
601429,0
601430,0
601431,0
601432,0
601433,0
601434,0
601435,0
601436,0
601437,0
601438,0
601439,0
601440,0
601441,0
601442,0
601443,33
601444,18
601445,0
601446,0
601447,0
601448,0
601449,0
601450,0
601451,0
601452,0
601453,0
601454,31
601455,0
601456,0
601457,26
601458,0
601459,25
601460,0
601461,30
601462,0
601463,0
601464,0
601465,0
601466,0
601467,0
601468,0
601469,0
601470,0
601471,0
601472,0
601473,0
601474,0
601475,0
601476,0
601477,0
601478,0
601479,0
601480,0
601481,0
601482,0
601483,0
601484,0
601485,0
601486,0
601487,0
601488,0
601489,0
601490,0
601491,0
601492,0
601493,0
601494,0
601495,0
601496,0
601497,0
601498,29
601499,0
601500,0
601501,0
601502,0
601503,0
601504,0
601505,0
601506,17
601507,37
601508,0
601509,0
601510,16
601511,0
601512,0
601513,0
601514,0
601515,0
601516,0
601517,0
601518,32
601519,24
601520,0
601521,0
601522,30
601523,35
601524,0
601525,0
601526,0
601527,0
601528,0
601529,0
601530,0
601531,0
601532,0
601533,0
601534,15
601535,0
601536,0
601537,0
601538,0
601539,0
601540,0
601541,0
601542,0
601543,0
601544,0
601545,30
601546,0
601547,0
601548,0
601549,0
601550,0
601551,0
601552,0
601553,0
601554,31
601555,13
601556,0
601557,0
601558,0
601559,0
601560,0
601561,0
601562,0
601563,0
601564,0
601565,13
601566,0
601567,0
601568,20
601569,0
601570,0
601571,0
601572,0
601573,0
601574,0
601575,0
601576,0
601577,0
601578,0
601579,0
601580,0
601581,0
601582,0
601583,0
601584,42
601585,0
601586,0
601587,0
601588,0
601589,0
601590,0
601591,0
601592,0
601593,0
601594,0
601595,0
601596,31
601597,0
601598,0
601599,0
601600,0
601601,0
601602,0
601603,0
601604,41
601605,37
601606,0
601607,0
601608,0
601609,0
601610,0
601611,0
601612,0
601613,0
601614,33
601615,13
601616,0
601617,0
601618,36
601619,34
601620,0
601621,0
601622,0
601623,0
601624,0
601625,0
601626,0
601627,0
601628,0
601629,0
601630,0
601631,0
601632,0
601633,0
601634,0
601635,27
601636,0
601637,0
601638,0
601639,0
601640,0
601641,0
601642,0
601643,0
601644,0
601645,0
601646,0
601647,0
601648,0
601649,0
601650,0
601651,0
601652,0
601653,0
601654,0
601655,0
601656,0
601657,0
601658,0
601659,0
601660,0
601661,0
601662,0
601663,0
601664,0
601665,0
601666,0
601667,0
601668,0
601669,0
601670,0
601671,36
601672,0
601673,0
601674,0
601675,0
601676,0
601677,0
601678,0
601679,0
601680,0
601681,24
601682,0
601683,0
601684,0
601685,12
601686,0
601687,0
601688,0
601689,0
601690,0
601691,0
601692,0
601693,0
601694,22
601695,0
601696,0
601697,20
601698,22
601699,0
601700,29
601701,0
601702,0
601703,0
601704,0
601705,0
601706,0
601707,0
601708,0
601709,0
601710,28
601711,0
601712,0
601713,0
601714,0
601715,0
601716,0
601717,0
601718,0
601719,27
601720,0
601721,0
601722,0
601723,0
601724,0
601725,0
601726,0
601727,0
601728,0
601729,0
601730,0
601731,0
601732,19
601733,0
601734,0
601735,0
601736,0
601737,0
601738,0
601739,27
601740,0
601741,0
601742,0
601743,0
601744,0
601745,0
601746,0
601747,0
601748,0
601749,0
601750,0
601751,0
601752,31
601753,0
601754,0
601755,0
601756,0
601757,0
601758,0
601759,0
601760,0
601761,36
601762,34
601763,0
601764,0
601765,0
601766,0
601767,0
601768,0
601769,0
601770,0
601771,0
601772,0
601773,28
601774,0
601775,0
601776,0
601777,30
601778,0
601779,0
601780,0
601781,25
601782,0
601783,0
601784,29
601785,0
601786,0
601787,0
601788,0
601789,0
601790,0
601791,0
601792,0
601793,33
601794,0
601795,0
601796,0
601797,0
601798,29
601799,0
601800,0
601801,0
601802,0
601803,0
601804,0
601805,0
601806,0
601807,32
601808,0
601809,0
601810,0
601811,0
601812,0
601813,24
601814,0
601815,0
601816,0
601817,0
601818,0
601819,0
601820,0
601821,0
601822,0
601823,0
601824,0
601825,0
601826,0
601827,0
601828,24
601829,0
601830,0
601831,0
601832,0
601833,0
601834,0
601835,0
601836,0
601837,0
601838,0
601839,0
601840,0
601841,0
601842,0
601843,0
601844,0
601845,0
601846,0
601847,0
601848,0
601849,0
601850,0
601851,35
601852,0
601853,35
601854,0
601855,0
601856,33
601857,0
601858,0
601859,0
601860,0
601861,0
601862,0
601863,19
601864,0
601865,0
601866,18
601867,0
601868,0
601869,0
601870,34
601871,0
601872,0
601873,0
601874,17
601875,0
601876,0
601877,0
601878,0
601879,0
601880,0
601881,0
601882,0
601883,25
601884,0
601885,0
601886,0
601887,0
601888,41
601889,0
601890,0
601891,0
601892,0
601893,0
601894,0
601895,0
601896,0
601897,0
601898,0
601899,0
601900,0
601901,30
601902,0
601903,0
601904,0
601905,0
601906,0
601907,0
601908,0
601909,0
601910,32
601911,0
601912,0
601913,0
601914,0
601915,0
601916,0
601917,0
601918,0
601919,0
601920,0
601921,0
601922,0
601923,0
601924,0
601925,0
601926,24
601927,23
601928,0
601929,0
601930,0
601931,0
601932,0
601933,0
601934,31
601935,0
601936,0
601937,0
601938,0
601939,0
601940,26
601941,0
601942,16
601943,0
601944,0
601945,23
601946,0
601947,0
601948,0
601949,0
601950,24
601951,0
601952,0
601953,0
601954,0
601955,0
601956,0
601957,0
601958,0
601959,0
601960,0
601961,0
601962,0
601963,0
601964,0
601965,0
601966,0
601967,0
601968,0
601969,0
601970,18
601971,0
601972,0
601973,0
601974,0
601975,24
601976,0
601977,0
601978,0
601979,0
601980,0
601981,0
601982,0
601983,0
601984,0
601985,0
601986,0
601987,0
601988,0
601989,0
601990,0
601991,0
601992,0
601993,0
601994,0
601995,0
601996,0
601997,0
601998,31
601999,43
602000,0
602001,0
602002,0
602003,0
602004,0
602005,0
602006,0
602007,31
602008,0
602009,39
602010,0
602011,11
602012,7
602013,0
602014,0
602015,0
602016,0
602017,0
602018,0
602019,0
602020,0
602021,0
602022,0
602023,0
602024,0
602025,0
602026,0
602027,0
602028,0
602029,0
602030,8
602031,0
602032,0
602033,0
602034,12
602035,0
602036,0
602037,0
602038,0
602039,0
602040,11
602041,0
602042,9
602043,7
602044,0
602045,0
602046,0
602047,0
602048,0
602049,13
602050,0
602051,0
602052,0
602053,0
602054,0
602055,0
602056,0
602057,0
602058,0
602059,0
602060,0
602061,0
602062,5
602063,0
602064,0
602065,0
602066,0
602067,4
602068,0
602069,0
602070,0
602071,0
602072,0
602073,0
602074,0
602075,0
602076,0
602077,0
602078,0
602079,10
602080,0
602081,9
602082,0
602083,0
602084,0
602085,6
602086,8
602087,0
602088,0
602089,0
602090,0
602091,0
602092,0
602093,0
602094,0
602095,0
602096,0
602097,0
602098,0
602099,0
602100,0
602101,0
602102,13
602103,0
602104,6
602105,0
602106,0
602107,6
602108,0
602109,0
602110,0
602111,0
602112,0
602113,0
602114,0
602115,12
602116,0
602117,0
602118,0
602119,0
602120,13
602121,18
602122,0
602123,0
602124,0
602125,0
602126,0
602127,0
602128,0
602129,0
602130,0
602131,0
602132,0
602133,0
602134,0
602135,0
602136,0
602137,0
602138,0
602139,0
602140,0
602141,0
602142,0
602143,0
602144,0
602145,0
602146,0
602147,0
602148,0
602149,0
602150,0
602151,0
602152,0
602153,0
602154,0
602155,0
602156,0
602157,0
602158,0
602159,0
602160,16
602161,0
602162,0
602163,0
602164,0
602165,9
602166,0
602167,0
602168,0
602169,0
602170,0
602171,0
602172,0
602173,0
602174,0
602175,6
602176,0
602177,0
602178,0
602179,0
602180,0
602181,9
602182,0
602183,13
602184,13
602185,0
602186,0
602187,0
602188,0
602189,0
602190,0
602191,0
602192,0
602193,0
602194,0
602195,0
602196,0
602197,16
602198,0
602199,0
602200,0
602201,0
602202,0
602203,0
602204,0
602205,0
602206,0
602207,0
602208,0
602209,12
602210,0
602211,0
602212,0
602213,0
602214,0
602215,0
602216,0
602217,0
602218,0
602219,12
602220,0
602221,0
602222,0
602223,0
602224,0
602225,0
602226,0
602227,0
602228,0
602229,0
602230,9
602231,0
602232,0
602233,0
602234,0
602235,0
602236,0
602237,0
602238,11
602239,0
602240,0
602241,0
602242,0
602243,0
602244,0
602245,0
602246,11
602247,0
602248,0
602249,0
602250,0
602251,0
602252,0
602253,0
602254,0
602255,0
602256,0
602257,0
602258,0
602259,11
602260,0
602261,0
602262,0
602263,0
602264,0
602265,0
602266,0
602267,0
602268,3
602269,9
602270,0
602271,0
602272,0
602273,11
602274,0
602275,0
602276,14
602277,0
602278,0
602279,0
602280,0
602281,0
602282,17
602283,8
602284,0
602285,0
602286,8
602287,0
602288,0
602289,0
602290,0
602291,0
602292,0
602293,0
602294,12
602295,0
602296,0
602297,0
602298,0
602299,9
602300,0
602301,0
602302,0
602303,0
602304,0
602305,0
602306,0
602307,0
602308,0
602309,0
602310,0
602311,0
602312,0
602313,0
602314,0
602315,0
602316,0
602317,0
602318,6
602319,0
602320,0
602321,0
602322,5
602323,0
602324,0
602325,0
602326,0
602327,0
602328,0
602329,0
602330,0
602331,0
602332,0
602333,0
602334,0
602335,0
602336,0
602337,0
602338,0
602339,0
602340,0
602341,0
602342,6
602343,0
602344,0
602345,0
602346,0
602347,0
602348,17
602349,0
602350,0
602351,0
602352,0
602353,10
602354,8
602355,0
602356,0
602357,0
602358,12
602359,0
602360,0
602361,0
602362,0
602363,0
602364,0
602365,0
602366,0
602367,0
602368,0
602369,0
602370,0
602371,0
602372,0
602373,16
602374,0
602375,0
602376,0
602377,0
602378,0
602379,0
602380,0
602381,10
602382,0
602383,0
602384,0
602385,0
602386,0
602387,0
602388,0
602389,0
602390,0
602391,7
602392,0
602393,0
602394,0
602395,0
602396,0
602397,0
602398,0
602399,0
602400,8
602401,13
602402,0
602403,10
602404,0
602405,0
602406,0
602407,0
602408,0
602409,0
602410,0
602411,0
602412,0
602413,0
602414,0
602415,0
602416,0
602417,0
602418,0
602419,0
602420,8
602421,0
602422,12
602423,0
602424,0
602425,9
602426,14
602427,0
602428,0
602429,0
602430,0
602431,9
602432,0
602433,0
602434,0
602435,0
602436,0
602437,0
602438,0
602439,0
602440,0
602441,0
602442,0
602443,0
602444,0
602445,0
602446,8
602447,0
602448,0
602449,0
602450,0
602451,0
602452,7
602453,0
602454,0
602455,0
602456,0
602457,0
602458,0
602459,6
602460,0
602461,0
602462,0
602463,0
602464,0
602465,0
602466,0
602467,0
602468,0
602469,5
602470,12
602471,0
602472,0
602473,0
602474,0
602475,9
602476,0
602477,0
602478,0
602479,0
602480,0
602481,0
602482,8
602483,0
602484,9
602485,0
602486,0
602487,0
602488,0
602489,0
602490,11
602491,13
602492,0
602493,0
602494,0
602495,0
602496,0
602497,0
602498,0
602499,0
602500,0
602501,14
602502,0
602503,0
602504,0
602505,0
602506,0
602507,0
602508,0
602509,0
602510,0
602511,0
602512,0
602513,11
602514,0
602515,0
602516,4
602517,0
602518,0
602519,9
602520,0
602521,0
602522,0
602523,0
602524,0
602525,9
602526,7
602527,0
602528,0
602529,0
602530,0
602531,0
602532,0
602533,0
602534,0
602535,0
602536,0
602537,0
602538,0
602539,0
602540,0
602541,0
602542,0
602543,0
602544,0
602545,0
602546,0
602547,0
602548,0
602549,0
602550,0
602551,10
602552,0
602553,0
602554,7
602555,0
602556,0
602557,18
602558,0
602559,0
602560,0
602561,0
602562,0
602563,0
602564,0
602565,0
602566,0
602567,0
602568,0
602569,0
602570,6
602571,0
602572,0
602573,0
602574,0
602575,0
602576,0
602577,0
602578,0
602579,0
602580,0
602581,0
602582,0
602583,0
602584,0
602585,10
602586,0
602587,0
602588,0
602589,0
602590,0
602591,0
602592,0
602593,0
602594,0
602595,0
602596,0
602597,0
602598,2
602599,0
602600,0
602601,0
602602,0
602603,0
602604,0
602605,0
602606,0
602607,0
602608,9
602609,13
602610,0
602611,0
602612,0
602613,0
602614,0
602615,0
602616,0
602617,0
602618,0
602619,0
602620,0
602621,0
602622,0
602623,0
602624,9
602625,0
602626,0
602627,0
602628,0
602629,0
602630,0
602631,0
602632,0
602633,0
602634,0
602635,0
602636,0
602637,0
602638,0
602639,0
602640,0
602641,0
602642,0
602643,0
602644,0
602645,0
602646,0
602647,0
602648,0
602649,0
602650,0
602651,0
602652,0
602653,0
602654,0
602655,0
602656,0
602657,0
602658,0
602659,0
602660,0
602661,0
602662,0
602663,0
602664,0
602665,0
602666,9
602667,0
602668,0
602669,0
602670,0
602671,0
602672,0
602673,0
602674,0
602675,0
602676,0
602677,0
602678,0
602679,0
602680,0
602681,0
602682,15
602683,13
602684,4
602685,0
602686,0
602687,0
602688,0
602689,0
602690,0
602691,0
602692,0
602693,0
602694,0
602695,0
602696,0
602697,0
602698,0
602699,0
602700,0
602701,0
602702,5
602703,0
602704,0
602705,0
602706,0
602707,0
602708,0
602709,0
602710,0
602711,0
602712,10
602713,0
602714,0
602715,19
602716,0
602717,0
602718,0
602719,0
602720,0
602721,0
602722,0
602723,0
602724,0
602725,0
602726,0
602727,0
602728,0
602729,0
602730,0
602731,0
602732,10
602733,0
602734,0
602735,0
602736,0
602737,0
602738,0
602739,0
602740,0
602741,0
602742,0
602743,0
602744,0
602745,0
602746,0
602747,0
602748,0
602749,0
602750,0
602751,0
602752,0
602753,0
602754,9
602755,0
602756,0
602757,0
602758,0
602759,0
602760,0
602761,0
602762,0
602763,0
602764,8
602765,0
602766,0
602767,0
602768,11
602769,0
602770,0
602771,0
602772,0
602773,0
602774,0
602775,0
602776,0
602777,0
602778,0
602779,0
602780,0
602781,0
602782,0
602783,0
602784,0
602785,0
602786,0
602787,0
602788,0
602789,0
602790,0
602791,0
602792,0
602793,0
602794,0
602795,0
602796,0
602797,0
602798,0
602799,0
602800,0
602801,0
602802,0
602803,0
602804,0
602805,0
602806,0
602807,0
602808,0
602809,0
602810,0
602811,0
602812,0
602813,0
602814,0
602815,6
602816,0
602817,0
602818,0
602819,10
602820,0
602821,0
602822,0
602823,0
602824,0
602825,9
602826,0
602827,0
602828,0
602829,0
602830,0
602831,0
602832,0
602833,0
602834,0
602835,0
602836,0
602837,0
602838,0
602839,0
602840,0
602841,8
602842,0
602843,0
602844,0
602845,0
602846,0
602847,0
602848,0
602849,0
602850,12
602851,0
602852,0
602853,0
602854,0
602855,0
602856,0
602857,0
602858,0
602859,0
602860,0
602861,0
602862,0
602863,0
602864,0
602865,0
602866,0
602867,0
602868,0
602869,0
602870,0
602871,0
602872,0
602873,14
602874,0
602875,0
602876,0
602877,0
602878,0
602879,0
602880,6
602881,13
602882,0
602883,0
602884,0
602885,0
602886,0
602887,0
602888,0
602889,0
602890,0
602891,0
602892,8
602893,0
602894,11
602895,0
602896,0
602897,0
602898,0
602899,0
602900,0
602901,0
602902,0
602903,0
602904,0
602905,0
602906,0
602907,0
602908,0
602909,0
602910,0
602911,0
602912,8
602913,0
602914,0
602915,0
602916,0
602917,0
602918,0
602919,7
602920,0
602921,0
602922,0
602923,0
602924,0
602925,8
602926,0
602927,6
602928,0
602929,0
602930,0
602931,0
602932,0
602933,0
602934,0
602935,0
602936,0
602937,10
602938,0
602939,0
602940,0
602941,0
602942,0
602943,0
602944,0
602945,0
602946,0
602947,0
602948,0
602949,0
602950,0
602951,0
602952,0
602953,0
602954,0
602955,0
602956,0
602957,0
602958,0
602959,0
602960,0
602961,0
602962,0
602963,0
602964,13
602965,0
602966,0
602967,0
602968,0
602969,0
602970,0
602971,0
602972,0
602973,2
602974,0
602975,0
602976,0
602977,0
602978,0
602979,6
602980,0
602981,0
602982,0
602983,0
602984,0
602985,0
602986,0
602987,0
602988,0
602989,0
602990,0
602991,0
602992,3
602993,0
602994,0
602995,4
602996,0
602997,0
602998,0
602999,7
603000,4
603001,0
603002,4
603003,4
603004,0
603005,0
603006,13
603007,0
603008,0
603009,7
603010,3
603011,7
603012,8
603013,0
603014,0
603015,0
603016,0
603017,0
603018,9
603019,0
603020,3
603021,0
603022,0
603023,0
603024,7
603025,0
603026,4
603027,0
603028,4
603029,0
603030,0
603031,0
603032,0
603033,7
603034,0
603035,0
603036,0
603037,0
603038,5
603039,0
603040,0
603041,11
603042,0
603043,7
603044,0
603045,0
603046,0
603047,1
603048,0
603049,0
603050,0
603051,8
603052,0
603053,0
603054,9
603055,0
603056,0
603057,0
603058,0
603059,0
603060,0
603061,0
603062,0
603063,0
603064,0
603065,8
603066,0
603067,5
603068,0
603069,6
603070,0
603071,10
603072,0
603073,0
603074,8
603075,0
603076,5
603077,0
603078,10
603079,5
603080,0
603081,0
603082,6
603083,0
603084,0
603085,0
603086,0
603087,1
603088,6
603089,0
603090,0
603091,0
603092,5
603093,0
603094,0
603095,1
603096,0
603097,0
603098,6
603099,5
603100,0
603101,6
603102,3
603103,1
603104,0
603105,0
603106,0
603107,0
603108,6
603109,0
603110,0
603111,0
603112,0
603113,0
603114,0
603115,0
603116,0
603117,0
603118,0
603119,0
603120,0
603121,0
603122,4
603123,0
603124,0
603125,0
603126,4
603127,0
603128,4
603129,0
603130,0
603131,10
603132,0
603133,0
603134,0
603135,0
603136,0
603137,0
603138,0
603139,0
603140,0
603141,0
603142,4
603143,9
603144,0
603145,0
603146,8
603147,10
603148,2
603149,0
603150,0
603151,0
603152,0
603153,7
603154,0
603155,3
603156,0
603157,0
603158,0
603159,0
603160,0
603161,0
603162,0
603163,0
603164,0
603165,0
603166,0
603167,3
603168,6
603169,0
603170,0
603171,0
603172,0
603173,0
603174,0
603175,0
603176,0
603177,0
603178,0
603179,0
603180,0
603181,0
603182,0
603183,0
603184,0
603185,0
603186,0
603187,3
603188,0
603189,0
603190,0
603191,0
603192,6
603193,2
603194,0
603195,7
603196,0
603197,0
603198,1
603199,0
603200,0
603201,0
603202,7
603203,5
603204,0
603205,8
603206,0
603207,0
603208,0
603209,9
603210,9
603211,0
603212,0
603213,0
603214,0
603215,3
603216,0
603217,0
603218,0
603219,0
603220,0
603221,0
603222,0
603223,2
603224,0
603225,7
603226,0
603227,5
603228,11
603229,0
603230,0
603231,0
603232,4
603233,0
603234,0
603235,7
603236,0
603237,0
603238,5
603239,8
603240,14
603241,0
603242,0
603243,3
603244,0
603245,0
603246,0
603247,0
603248,7
603249,6
603250,0
603251,0
603252,0
603253,0
603254,0
603255,0
603256,8
603257,10
603258,6
603259,0
603260,0
603261,0
603262,0
603263,0
603264,0
603265,10
603266,0
603267,0
603268,0
603269,0
603270,0
603271,0
603272,0
603273,8
603274,0
603275,9
603276,0
603277,10
603278,0
603279,0
603280,0
603281,0
603282,0
603283,0
603284,0
603285,0
603286,5
603287,7
603288,6
603289,0
603290,0
603291,0
603292,0
603293,0
603294,0
603295,0
603296,0
603297,0
603298,8
603299,0
603300,0
603301,0
603302,0
603303,0
603304,0
603305,0
603306,0
603307,0
603308,0
603309,0
603310,0
603311,12
603312,11
603313,0
603314,7
603315,0
603316,2
603317,0
603318,11
603319,0
603320,0
603321,8
603322,0
603323,5
603324,0
603325,0
603326,0
603327,0
603328,0
603329,0
603330,0
603331,4
603332,0
603333,0
603334,0
603335,0
603336,0
603337,0
603338,0
603339,0
603340,0
603341,0
603342,5
603343,3
603344,0
603345,0
603346,0
603347,0
603348,4
603349,0
603350,0
603351,0
603352,0
603353,5
603354,0
603355,0
603356,0
603357,4
603358,0
603359,0
603360,0
603361,0
603362,5
603363,0
603364,0
603365,0
603366,0
603367,0
603368,0
603369,0
603370,0
603371,0
603372,0
603373,0
603374,0
603375,0
603376,0
603377,9
603378,0
603379,0
603380,0
603381,0
603382,0
603383,0
603384,0
603385,9
603386,0
603387,0
603388,6
603389,0
603390,0
603391,0
603392,11
603393,9
603394,0
603395,0
603396,0
603397,0
603398,0
603399,0
603400,0
603401,0
603402,12
603403,0
603404,0
603405,0
603406,0
603407,0
603408,0
603409,10
603410,7
603411,0
603412,0
603413,0
603414,0
603415,0
603416,6
603417,0
603418,12
603419,0
603420,0
603421,0
603422,0
603423,0
603424,11
603425,0
603426,2
603427,0
603428,0
603429,0
603430,0
603431,0
603432,0
603433,0
603434,0
603435,0
603436,0
603437,0
603438,0
603439,0
603440,0
603441,7
603442,4
603443,0
603444,0
603445,0
603446,0
603447,0
603448,0
603449,0
603450,0
603451,0
603452,0
603453,0
603454,0
603455,0
603456,0
603457,0
603458,4
603459,0
603460,0
603461,0
603462,0
603463,0
603464,5
603465,0
603466,0
603467,6
603468,0
603469,0
603470,0
603471,0
603472,0
603473,0
603474,0
603475,0
603476,0
603477,7
603478,0
603479,9
603480,0
603481,0
603482,4
603483,0
603484,8
603485,0
603486,0
603487,0
603488,0
603489,0
603490,0
603491,0
603492,6
603493,6
603494,0
603495,6
603496,9
603497,0
603498,0
603499,6
603500,0
603501,0
603502,0
603503,0
603504,0
603505,0
603506,8
603507,0
603508,0
603509,7
603510,0
603511,0
603512,7
603513,0
603514,0
603515,5
603516,0
603517,0
603518,5
603519,0
603520,0
603521,8
603522,0
603523,0
603524,0
603525,0
603526,0
603527,0
603528,5
603529,0
603530,0
603531,0
603532,5
603533,0
603534,0
603535,12
603536,0
603537,10
603538,0
603539,7
603540,0
603541,0
603542,0
603543,0
603544,0
603545,8
603546,0
603547,0
603548,7
603549,0
603550,0
603551,0
603552,8
603553,0
603554,0
603555,0
603556,9
603557,0
603558,0
603559,9
603560,7
603561,0
603562,0
603563,6
603564,0
603565,0
603566,0
603567,0
603568,0
603569,0
603570,0
603571,0
603572,0
603573,5
603574,5
603575,9
603576,0
603577,0
603578,0
603579,0
603580,0
603581,0
603582,0
603583,0
603584,0
603585,4
603586,0
603587,0
603588,0
603589,0
603590,8
603591,0
603592,0
603593,10
603594,0
603595,8
603596,0
603597,0
603598,0
603599,0
603600,0
603601,0
603602,0
603603,0
603604,0
603605,6
603606,0
603607,0
603608,0
603609,0
603610,0
603611,0
603612,7
603613,0
603614,0
603615,0
603616,0
603617,0
603618,0
603619,8
603620,0
603621,0
603622,0
603623,0
603624,0
603625,0
603626,7
603627,0
603628,0
603629,0
603630,0
603631,0
603632,0
603633,6
603634,0
603635,0
603636,0
603637,0
603638,0
603639,5
603640,0
603641,0
603642,8
603643,0
603644,0
603645,0
603646,0
603647,0
603648,0
603649,0
603650,0
603651,0
603652,0
603653,5
603654,0
603655,6
603656,0
603657,0
603658,0
603659,5
603660,0
603661,0
603662,8
603663,0
603664,7
603665,0
603666,0
603667,6
603668,0
603669,0
603670,0
603671,0
603672,0
603673,6
603674,0
603675,0
603676,0
603677,7
603678,0
603679,0
603680,0
603681,5
603682,0
603683,0
603684,6
603685,0
603686,0
603687,0
603688,10
603689,0
603690,0
603691,0
603692,0
603693,0
603694,0
603695,0
603696,0
603697,2
603698,3
603699,11
603700,0
603701,0
603702,0
603703,0
603704,0
603705,0
603706,4
603707,0
603708,6
603709,0
603710,5
603711,0
603712,0
603713,8
603714,0
603715,7
603716,0
603717,0
603718,0
603719,0
603720,6
603721,0
603722,6
603723,7
603724,0
603725,0
603726,0
603727,0
603728,4
603729,0
603730,0
603731,0
603732,0
603733,0
603734,0
603735,0
603736,0
603737,0
603738,0
603739,6
603740,0
603741,0
603742,0
603743,1
603744,7
603745,0
603746,0
603747,5
603748,0
603749,0
603750,4
603751,0
603752,3
603753,7
603754,9
603755,0
603756,0
603757,0
603758,5
603759,0
603760,0
603761,6
603762,0
603763,0
603764,11
603765,0
603766,0
603767,4
603768,6
603769,0
603770,0
603771,4
603772,0
603773,9
603774,0
603775,6
603776,11
603777,0
603778,0
603779,0
603780,0
603781,0
603782,0
603783,0
603784,7
603785,7
603786,0
603787,7
603788,6
603789,0
603790,2
603791,0
603792,0
603793,0
603794,6
603795,0
603796,0
603797,0
603798,0
603799,0
603800,0
603801,2
603802,0
603803,6
603804,0
603805,2
603806,0
603807,0
603808,0
603809,0
603810,0
603811,9
603812,3
603813,0
603814,0
603815,0
603816,0
603817,0
603818,7
603819,0
603820,0
603821,5
603822,0
603823,0
603824,0
603825,0
603826,0
603827,0
603828,0
603829,0
603830,0
603831,0
603832,3
603833,7
603834,7
603835,0
603836,0
603837,5
603838,0
603839,8
603840,0
603841,0
603842,5
603843,0
603844,0
603845,0
603846,0
603847,0
603848,0
603849,0
603850,0
603851,4
603852,0
603853,0
603854,0
603855,6
603856,0
603857,0
603858,5
603859,0
603860,6
603861,7
603862,8
603863,0
603864,7
603865,0
603866,10
603867,0
603868,0
603869,0
603870,0
603871,0
603872,5
603873,4
603874,6
603875,0
603876,0
603877,6
603878,0
603879,11
603880,4
603881,9
603882,0
603883,0
603884,4
603885,2
603886,6
603887,5
603888,0
603889,0
603890,10
603891,0
603892,9
603893,0
603894,0
603895,6
603896,0
603897,0
603898,0
603899,7
603900,0
603901,0
603902,0
603903,0
603904,0
603905,0
603906,0
603907,0
603908,0
603909,0
603910,0
603911,0
603912,0
603913,5
603914,0
603915,0
603916,0
603917,6
603918,0
603919,0
603920,0
603921,0
603922,0
603923,0
603924,0
603925,13
603926,0
603927,0
603928,0
603929,0
603930,0
603931,0
603932,0
603933,0
603934,0
603935,0
603936,0
603937,0
603938,0
603939,0
603940,0
603941,0
603942,0
603943,0
603944,0
603945,0
603946,0
603947,0
603948,0
603949,0
603950,0
603951,0
603952,0
603953,1
603954,0
603955,0
603956,0
603957,0
603958,0
603959,0
603960,0
603961,0
603962,1
603963,0
603964,0
603965,0
603966,0
603967,0
603968,0
603969,0
603970,0
603971,0
603972,0
603973,0
603974,0
603975,0
603976,0
603977,0
603978,0
603979,1
603980,0
603981,0
603982,0
603983,0
603984,0
603985,0
603986,0
603987,0
603988,0
603989,0
603990,0
603991,0
603992,0
603993,0
603994,0
603995,0
603996,0
603997,0
603998,0
603999,0
604000,0
604001,0
604002,0
604003,0
604004,0
604005,0
604006,0
604007,0
604008,0
604009,0
604010,0
604011,1
604012,0
604013,0
604014,0
604015,0
604016,0
604017,0
604018,0
604019,0
604020,0
604021,1
604022,0
604023,0
604024,1
604025,0
604026,0
604027,0
604028,0
604029,2
604030,0
604031,0
604032,0
604033,0
604034,0
604035,0
604036,0
604037,0
604038,0
604039,0
604040,0
604041,0
604042,0
604043,0
604044,0
604045,0
604046,0
604047,0
604048,0
604049,0
604050,0
604051,0
604052,0
604053,0
604054,0
604055,0
604056,1
604057,0
604058,0
604059,0
604060,0
604061,0
604062,0
604063,0
604064,0
604065,0
604066,0
604067,0
604068,1
604069,0
604070,0
604071,0
604072,0
604073,0
604074,0
604075,0
604076,0
604077,0
604078,0
604079,2
604080,0
604081,2
604082,0
604083,0
604084,0
604085,0
604086,0
604087,0
604088,0
604089,0
604090,2
604091,0
604092,0
604093,0
604094,0
604095,0
604096,0
604097,0
604098,0
604099,0
604100,0
604101,0
604102,0
604103,0
604104,0
604105,0
604106,0
604107,0
604108,0
604109,0
604110,0
604111,0
604112,0
604113,0
604114,0
604115,1
604116,0
604117,0
604118,0
604119,0
604120,0
604121,0
604122,0
604123,0
604124,0
604125,0
604126,0
604127,0
604128,0
604129,0
604130,0
604131,0
604132,0
604133,0
604134,0
604135,0
604136,0
604137,0
604138,0
604139,0
604140,0
604141,0
604142,0
604143,0
604144,0
604145,0
604146,2
604147,0
604148,0
604149,0
604150,0
604151,0
604152,0
604153,0
604154,0
604155,0
604156,0
604157,0
604158,0
604159,0
604160,0
604161,0
604162,0
604163,0
604164,0
604165,0
604166,0
604167,0
604168,0
604169,0
604170,0
604171,0
604172,0
604173,0
604174,0
604175,0
604176,0
604177,1
604178,0
604179,0
604180,0
604181,0
604182,0
604183,0
604184,0
604185,0
604186,0
604187,0
604188,0
604189,0
604190,0
604191,0
604192,1
604193,0
604194,0
604195,0
604196,0
604197,1
604198,0
604199,0
604200,0
604201,0
604202,0
604203,0
604204,0
604205,0
604206,0
604207,0
604208,0
604209,0
604210,0
604211,0
604212,0
604213,0
604214,0
604215,0
604216,0
604217,0
604218,0
604219,0
604220,0
604221,0
604222,0
604223,0
604224,0
604225,0
604226,0
604227,0
604228,0
604229,0
604230,1
604231,0
604232,0
604233,0
604234,0
604235,0
604236,0
604237,0
604238,0
604239,0
604240,0
604241,0
604242,1
604243,0
604244,0
604245,0
604246,1
604247,0
604248,0
604249,0
604250,0
604251,0
604252,0
604253,0
604254,0
604255,0
604256,0
604257,0
604258,0
604259,0
604260,0
604261,0
604262,0
604263,0
604264,0
604265,1
604266,1
604267,0
604268,0
604269,0
604270,0
604271,0
604272,0
604273,0
604274,0
604275,0
604276,0
604277,0
604278,0
604279,0
604280,0
604281,0
604282,0
604283,0
604284,0
604285,0
604286,0
604287,0
604288,1
604289,0
604290,0
604291,0
604292,0
604293,0
604294,0
604295,0
604296,0
604297,0
604298,0
604299,0
604300,0
604301,41
604302,0
604303,39
604304,0
604305,0
604306,32
604307,0
604308,0
604309,0
604310,46
604311,0
604312,0
604313,0
604314,0
604315,0
604316,28
604317,0
604318,0
604319,0
604320,0
604321,0
604322,0
604323,0
604324,36
604325,0
604326,0
604327,22
604328,0
604329,0
604330,46
604331,0
604332,34
604333,41
604334,0
604335,0
604336,0
604337,0
604338,36
604339,40
604340,0
604341,22
604342,0
604343,0
604344,29
604345,0
604346,0
604347,25
604348,0
604349,0
604350,0
604351,0
604352,0
604353,21
604354,0
604355,0
604356,0
604357,0
604358,0
604359,0
604360,0
604361,0
604362,0
604363,0
604364,0
604365,0
604366,0
604367,0
604368,0
604369,0
604370,0
604371,0
604372,53
604373,18
604374,28
604375,0
604376,0
604377,0
604378,0
604379,0
604380,0
604381,36
604382,0
604383,33
604384,19
604385,0
604386,0
604387,0
604388,0
604389,0
604390,0
604391,0
604392,0
604393,0
604394,0
604395,0
604396,0
604397,0
604398,0
604399,30
604400,0
604401,43
604402,0
604403,0
604404,0
604405,0
604406,0
604407,34
604408,0
604409,0
604410,0
604411,0
604412,0
604413,0
604414,0
604415,31
604416,0
604417,0
604418,0
604419,33
604420,0
604421,0
604422,37
604423,0
604424,0
604425,0
604426,0
604427,0
604428,0
604429,0
604430,0
604431,41
604432,0
604433,0
604434,0
604435,0
604436,0
604437,0
604438,0
604439,0
604440,0
604441,0
604442,0
604443,0
604444,27
604445,13
604446,0
604447,0
604448,39
604449,0
604450,0
604451,0
604452,0
604453,0
604454,0
604455,0
604456,0
604457,35
604458,43
604459,21
604460,0
604461,0
604462,30
604463,0
604464,0
604465,42
604466,0
604467,0
604468,0
604469,33
604470,0
604471,0
604472,0
604473,0
604474,0
604475,34
604476,28
604477,0
604478,37
604479,31
604480,0
604481,0
604482,0
604483,0
604484,0
604485,44
604486,0
604487,0
604488,0
604489,0
604490,33
604491,0
604492,0
604493,0
604494,0
604495,0
604496,36
604497,0
604498,0
604499,0
604500,0
604501,0
604502,0
604503,0
604504,23
604505,0
604506,15
604507,0
604508,0
604509,40
604510,0
604511,0
604512,0
604513,0
604514,32
604515,0
604516,0
604517,0
604518,0
604519,0
604520,0
604521,0
604522,0
604523,0
604524,0
604525,0
604526,0
604527,27
604528,0
604529,0
604530,0
604531,28
604532,27
604533,0
604534,0
604535,0
604536,0
604537,0
604538,0
604539,20
604540,25
604541,0
604542,29
604543,0
604544,0
604545,0
604546,0
604547,0
604548,30
604549,0
604550,0
604551,0
604552,0
604553,0
604554,21
604555,30
604556,0
604557,0
604558,42
604559,21
604560,0
604561,0
604562,0
604563,0
604564,0
604565,0
604566,0
604567,0
604568,0
604569,0
604570,0
604571,0
604572,0
604573,0
604574,0
604575,0
604576,1
604577,0
604578,0
604579,1
604580,1
604581,0
604582,0
604583,0
604584,0
604585,1
604586,0
604587,0
604588,0
604589,0
604590,0
604591,0
604592,0
604593,0
604594,0
604595,0
604596,0
604597,0
604598,0
604599,0
604600,0
604601,0
604602,0
604603,0
604604,0
604605,0
604606,0
604607,0
604608,1
604609,1
604610,1
604611,0
604612,4
604613,0
604614,0
604615,0
604616,0
604617,0
604618,0
604619,0
604620,0
604621,0
604622,0
604623,0
604624,0
604625,0
604626,0
604627,0
604628,0
604629,0
604630,0
604631,0
604632,0
604633,0
604634,0
604635,0
604636,0
604637,0
604638,0
604639,0
604640,0
604641,0
604642,0
604643,0
604644,0
604645,0
604646,0
604647,0
604648,0
604649,0
604650,0
604651,0
604652,0
604653,0
604654,0
604655,0
604656,0
604657,0
604658,0
604659,0
604660,0
604661,0
604662,2
604663,0
604664,0
604665,0
604666,0
604667,0
604668,0
604669,0
604670,0
604671,0
604672,0
604673,0
604674,0
604675,1
604676,0
604677,0
604678,0
604679,0
604680,0
604681,0
604682,0
604683,0
604684,0
604685,0
604686,0
604687,0
604688,0
604689,0
604690,0
604691,0
604692,0
604693,1
604694,0
604695,2
604696,0
604697,0
604698,0
604699,0
604700,0
604701,0
604702,0
604703,0
604704,0
604705,0
604706,0
604707,0
604708,0
604709,0
604710,0
604711,0
604712,0
604713,0
604714,0
604715,0
604716,0
604717,0
604718,0
604719,1
604720,0
604721,0
604722,0
604723,0
604724,0
604725,0
604726,0
604727,2
604728,0
604729,0
604730,0
604731,0
604732,0
604733,0
604734,0
604735,0
604736,0
604737,0
604738,0
604739,0
604740,1
604741,0
604742,0
604743,0
604744,1
604745,2
604746,0
604747,0
604748,0
604749,0
604750,0
604751,0
604752,0
604753,0
604754,0
604755,0
604756,0
604757,0
604758,0
604759,0
604760,1
604761,0
604762,0
604763,0
604764,0
604765,0
604766,2
604767,0
604768,0
604769,0
604770,3
604771,0
604772,0
604773,0
604774,0
604775,0
604776,0
604777,0
604778,0
604779,0
604780,0
604781,0
604782,0
604783,0
604784,0
604785,0
604786,2
604787,0
604788,0
604789,0
604790,0
604791,1
604792,0
604793,0
604794,0
604795,4
604796,0
604797,0
604798,0
604799,0
604800,0
604801,0
604802,0
604803,0
604804,0
604805,0
604806,0
604807,0
604808,0
604809,0
604810,0
604811,0
604812,3
604813,0
604814,0
604815,0
604816,0
604817,0
604818,0
604819,0
604820,0
604821,0
604822,0
604823,0
604824,0
604825,0
604826,0
604827,0
604828,0
604829,0
604830,3
604831,0
604832,0
604833,0
604834,0
604835,0
604836,0
604837,0
604838,0
604839,0
604840,0
604841,3
604842,0
604843,0
604844,0
604845,0
604846,0
604847,0
604848,2
604849,0
604850,0
604851,0
604852,0
604853,0
604854,0
604855,0
604856,0
604857,0
604858,0
604859,0
604860,0
604861,0
604862,0
604863,0
604864,0
604865,0
604866,0
604867,0
604868,2
604869,0
604870,0
604871,2
604872,0
604873,0
604874,0
604875,1
604876,0
604877,0
604878,0
604879,5
604880,0
604881,0
604882,0
604883,0
604884,0
604885,0
604886,0
604887,0
604888,0
604889,0
604890,1
604891,0
604892,0
604893,0
604894,0
604895,0
604896,0
604897,0
604898,0
604899,0
604900,0
604901,0
604902,0
604903,2
604904,0
604905,0
604906,0
604907,0
604908,0
604909,0
604910,1
604911,0
604912,0
604913,0
604914,0
604915,0
604916,0
604917,0
604918,0
604919,0
604920,0
604921,0
604922,0
604923,0
604924,2
604925,0
604926,4
604927,0
604928,0
604929,0
604930,0
604931,0
604932,0
604933,0
604934,0
604935,0
604936,0
604937,0
604938,0
604939,0
604940,0
604941,0
604942,0
604943,3
604944,0
604945,0
604946,3
604947,0
604948,0
604949,0
604950,0
604951,0
604952,0
604953,0
604954,0
604955,0
604956,0
604957,0
604958,0
604959,0
604960,0
604961,0
604962,0
604963,0
604964,0
604965,0
604966,0
604967,0
604968,0
604969,0
604970,0
604971,0
604972,0
604973,0
604974,0
604975,0
604976,0
604977,0
604978,0
604979,0
604980,0
604981,0
604982,0
604983,0
604984,0
604985,0
604986,0
604987,0
604988,0
604989,0
604990,0
604991,0
604992,0
604993,0
604994,0
604995,0
604996,0
604997,0
604998,0
604999,0
605000,0
605001,0
605002,0
605003,0
605004,0
605005,0
605006,0
605007,0
605008,0
605009,0
605010,0
605011,0
605012,0
605013,0
605014,0
605015,0
605016,0
605017,0
605018,0
605019,0
605020,0
605021,0
605022,0
605023,0
605024,0
605025,0
605026,0
605027,0
605028,2
605029,0
605030,0
605031,0
605032,0
605033,0
605034,0
605035,0
605036,0
605037,0
605038,0
605039,0
605040,0
605041,0
605042,0
605043,0
605044,0
605045,0
605046,0
605047,0
605048,0
605049,0
605050,0
605051,0
605052,0
605053,0
605054,0
605055,0
605056,0
605057,1
605058,0
605059,0
605060,0
605061,0
605062,0
605063,0
605064,0
605065,0
605066,0
605067,0
605068,0
605069,0
605070,0
605071,0
605072,0
605073,0
605074,0
605075,0
605076,0
605077,0
605078,0
605079,0
605080,0
605081,0
605082,0
605083,0
605084,0
605085,0
605086,0
605087,0
605088,0
605089,0
605090,0
605091,0
605092,0
605093,0
605094,0
605095,0
605096,0
605097,0
605098,0
605099,0
605100,0
605101,0
605102,0
605103,0
605104,0
605105,0
605106,0
605107,0
605108,0
605109,0
605110,0
605111,0
605112,0
605113,0
605114,0
605115,0
605116,0
605117,0
605118,0
605119,0
605120,0
605121,0
605122,0
605123,0
605124,0
605125,0
605126,0
605127,0
605128,0
605129,0
605130,0
605131,0
605132,0
605133,0
605134,0
605135,0
605136,0
605137,0
605138,0
605139,0
605140,0
605141,0
605142,0
605143,0
605144,0
605145,0
605146,0
605147,0
605148,0
605149,0
605150,0
605151,0
605152,0
605153,0
605154,0
605155,0
605156,0
605157,0
605158,0
605159,0
605160,0
605161,0
605162,0
605163,0
605164,0
605165,0
605166,0
605167,0
605168,0
605169,0
605170,0
605171,0
605172,0
605173,0
605174,0
605175,0
605176,0
605177,0
605178,0
605179,0
605180,0
605181,0
605182,0
605183,0
605184,0
605185,0
605186,0
605187,0
605188,0
605189,0
605190,0
605191,0
605192,0
605193,0
605194,0
605195,0
605196,0
605197,0
605198,0
605199,0
605200,0
605201,0
605202,0
605203,0
605204,0
605205,0
605206,0
605207,0
605208,0
605209,0
605210,28
605211,0
605212,0
605213,39
605214,0
605215,0
605216,0
605217,0
605218,0
605219,0
605220,0
605221,0
605222,0
605223,0
605224,0
605225,0
605226,0
605227,0
605228,0
605229,0
605230,0
605231,0
605232,0
605233,0
605234,0
605235,0
605236,0
605237,0
605238,0
605239,0
605240,0
605241,0
605242,0
605243,0
605244,0
605245,0
605246,0
605247,0
605248,0
605249,0
605250,0
605251,0
605252,0
605253,0
605254,0
605255,0
605256,0
605257,0
605258,0
605259,0
605260,0
605261,0
605262,0
605263,0
605264,0
605265,0
605266,0
605267,0
605268,0
605269,0
605270,0
605271,0
605272,0
605273,0
605274,0
605275,0
605276,0
605277,0
605278,0
605279,0
605280,0
605281,0
605282,0
605283,0
605284,0
605285,0
605286,0
605287,0
605288,0
605289,0
605290,0
605291,0
605292,0
605293,37
605294,0
605295,0
605296,0
605297,49
605298,0
605299,0
605300,0
605301,0
605302,0
605303,0
605304,0
605305,0
605306,0
605307,0
605308,0
605309,0
605310,0
605311,0
605312,0
605313,0
605314,0
605315,37
605316,24
605317,0
605318,0
605319,47
605320,0
605321,0
605322,0
605323,0
605324,0
605325,0
605326,0
605327,0
605328,0
605329,0
605330,0
605331,0
605332,0
605333,0
605334,0
605335,38
605336,0
605337,0
605338,0
605339,0
605340,0
605341,0
605342,0
605343,0
605344,0
605345,0
605346,0
605347,0
605348,0
605349,0
605350,37
605351,0
605352,0
605353,0
605354,0
605355,0
605356,0
605357,40
605358,0
605359,0
605360,0
605361,0
605362,0
605363,0
605364,0
605365,0
605366,0
605367,0
605368,0
605369,0
605370,0
605371,0
605372,0
605373,0
605374,0
605375,0
605376,0
605377,0
605378,0
605379,0
605380,0
605381,0
605382,0
605383,0
605384,0
605385,0
605386,0
605387,0
605388,0
605389,0
605390,0
605391,0
605392,0
605393,0
605394,0
605395,0
605396,37
605397,0
605398,0
605399,0
605400,0
605401,0
605402,0
605403,0
605404,0
605405,0
605406,0
605407,0
605408,0
605409,0
605410,0
605411,39
605412,0
605413,0
605414,0
605415,0
605416,0
605417,0
605418,0
605419,0
605420,0
605421,0
605422,0
605423,0
605424,0
605425,0
605426,0
605427,0
605428,0
605429,0
605430,0
605431,0
605432,0
605433,0
605434,0
605435,0
605436,0
605437,0
605438,0
605439,0
605440,0
605441,0
605442,0
605443,0
605444,0
605445,0
605446,0
605447,0
605448,0
605449,0
605450,0
605451,0
605452,0
605453,0
605454,0
605455,27
605456,0
605457,0
605458,0
605459,0
605460,0
605461,0
605462,0
605463,0
605464,0
605465,0
605466,0
605467,0
605468,0
605469,0
605470,0
605471,0
605472,0
605473,0
605474,0
605475,0
605476,0
605477,0
605478,0
605479,0
605480,0
605481,0
605482,0
605483,0
605484,0
605485,0
605486,0
605487,0
605488,0
605489,0
605490,0
605491,0
605492,0
605493,0
605494,0
605495,0
605496,0
605497,0
605498,0
605499,0
605500,0
605501,0
605502,0
605503,0
605504,0
605505,0
605506,0
605507,0
605508,0
605509,0
605510,0
605511,0
605512,34
605513,0
605514,0
605515,0
605516,0
605517,0
605518,0
605519,0
605520,0
605521,0
605522,0
605523,0
605524,0
605525,0
605526,0
605527,0
605528,0
605529,0
605530,0
605531,0
605532,39
605533,0
605534,0
605535,0
605536,0
605537,46
605538,0
605539,0
605540,0
605541,0
605542,0
605543,0
605544,0
605545,0
605546,37
605547,0
605548,0
605549,0
605550,0
605551,0
605552,0
605553,0
605554,0
605555,0
605556,0
605557,0
605558,0
605559,0
605560,0
605561,0
605562,0
605563,0
605564,36
605565,0
605566,0
605567,0
605568,0
605569,0
605570,0
605571,0
605572,0
605573,0
605574,0
605575,0
605576,0
605577,0
605578,0
605579,0
605580,0
605581,0
605582,0
605583,0
605584,0
605585,0
605586,0
605587,0
605588,0
605589,0
605590,0
605591,0
605592,0
605593,0
605594,0
605595,0
605596,0
605597,0
605598,0
605599,0
605600,0
605601,0
605602,0
605603,0
605604,0
605605,0
605606,0
605607,0
605608,0
605609,0
605610,0
605611,0
605612,0
605613,39
605614,0
605615,0
605616,0
605617,0
605618,0
605619,0
605620,0
605621,0
605622,0
605623,0
605624,0
605625,0
605626,0
605627,0
605628,0
605629,0
605630,0
605631,0
605632,30
605633,0
605634,0
605635,0
605636,0
605637,0
605638,0
605639,0
605640,0
605641,0
605642,0
605643,0
605644,0
605645,0
605646,43
605647,0
605648,0
605649,0
605650,0
605651,0
605652,0
605653,0
605654,0
605655,0
605656,0
605657,0
605658,0
605659,0
605660,0
605661,0
605662,0
605663,0
605664,0
605665,0
605666,0
605667,0
605668,0
605669,0
605670,0
605671,0
605672,0
605673,0
605674,0
605675,0
605676,0
605677,0
605678,42
605679,0
605680,0
605681,0
605682,0
605683,0
605684,0
605685,0
605686,42
605687,0
605688,0
605689,0
605690,0
605691,0
605692,0
605693,0
605694,0
605695,0
605696,0
605697,0
605698,46
605699,0
605700,0
605701,0
605702,0
605703,0
605704,0
605705,0
605706,0
605707,0
605708,0
605709,37
605710,0
605711,51
605712,0
605713,0
605714,19
605715,0
605716,0
605717,0
605718,0
605719,27
605720,0
605721,0
605722,0
605723,0
605724,0
605725,0
605726,0
605727,0
605728,0
605729,0
605730,0
605731,0
605732,0
605733,0
605734,0
605735,28
605736,0
605737,31
605738,0
605739,0
605740,0
605741,0
605742,0
605743,0
605744,0
605745,0
605746,0
605747,0
605748,0
605749,0
605750,0
605751,0
605752,0
605753,0
605754,0
605755,0
605756,0
605757,0
605758,0
605759,0
605760,0
605761,0
605762,0
605763,0
605764,0
605765,0
605766,0
605767,0
605768,0
605769,36
605770,0
605771,0
605772,0
605773,0
605774,0
605775,0
605776,0
605777,0
605778,0
605779,0
605780,0
605781,27
605782,18
605783,0
605784,0
605785,0
605786,0
605787,0
605788,25
605789,0
605790,0
605791,0
605792,0
605793,0
605794,0
605795,0
605796,0
605797,0
605798,0
605799,0
605800,0
605801,0
605802,0
605803,0
605804,0
605805,0
605806,0
605807,0
605808,0
605809,0
605810,0
605811,0
605812,0
605813,0
605814,0
605815,0
605816,39
605817,0
605818,0
605819,0
605820,0
605821,0
605822,0
605823,0
605824,0
605825,0
605826,0
605827,21
605828,0
605829,0
605830,0
605831,0
605832,0
605833,0
605834,0
605835,0
605836,0
605837,0
605838,0
605839,0
605840,0
605841,0
605842,0
605843,0
605844,0
605845,0
605846,0
605847,27
605848,0
605849,0
605850,0
605851,0
605852,0
605853,0
605854,0
605855,0
605856,0
605857,0
605858,17
605859,0
605860,0
605861,0
605862,0
605863,0
605864,0
605865,0
605866,0
605867,0
605868,0
605869,0
605870,0
605871,0
605872,0
605873,0
605874,0
605875,0
605876,0
605877,0
605878,0
605879,0
605880,0
605881,19
605882,0
605883,27
605884,0
605885,0
605886,0
605887,0
605888,0
605889,0
605890,0
605891,0
605892,0
605893,0
605894,0
605895,0
605896,20
605897,0
605898,0
605899,0
605900,0
605901,0
605902,0
605903,0
605904,0
605905,0
605906,0
605907,0
605908,0
605909,0
605910,0
605911,0
605912,0
605913,0
605914,0
605915,31
605916,40
605917,0
605918,0
605919,0
605920,0
605921,0
605922,0
605923,0
605924,0
605925,0
605926,0
605927,0
605928,0
605929,0
605930,0
605931,0
605932,0
605933,0
605934,0
605935,30
605936,0
605937,0
605938,0
605939,0
605940,0
605941,0
605942,0
605943,0
605944,0
605945,0
605946,0
605947,0
605948,0
605949,0
605950,21
605951,0
605952,23
605953,0
605954,0
605955,0
605956,0
605957,0
605958,0
605959,0
605960,0
605961,0
605962,0
605963,0
605964,0
605965,0
605966,0
605967,0
605968,0
605969,0
605970,0
605971,19
605972,0
605973,0
605974,0
605975,0
605976,0
605977,0
605978,24
605979,0
605980,0
605981,0
605982,0
605983,0
605984,0
605985,0
605986,0
605987,0
605988,0
605989,0
605990,0
605991,0
605992,0
605993,0
605994,20
605995,0
605996,0
605997,0
605998,0
605999,0
606000,0
606001,0
606002,0
606003,0
606004,0
606005,0
606006,0
606007,26
606008,0
606009,0
606010,0
606011,28
606012,0
606013,0
606014,0
606015,0
606016,0
606017,0
606018,0
606019,0
606020,0
606021,0
606022,38
606023,0
606024,0
606025,0
606026,0
606027,0
606028,0
606029,0
606030,0
606031,0
606032,0
606033,0
606034,0
606035,0
606036,0
606037,0
606038,0
606039,0
606040,0
606041,0
606042,0
606043,0
606044,0
606045,0
606046,0
606047,0
606048,0
606049,0
606050,0
606051,0
606052,0
606053,0
606054,0
606055,0
606056,0
606057,0
606058,0
606059,0
606060,0
606061,0
606062,0
606063,0
606064,0
606065,0
606066,0
606067,0
606068,0
606069,0
606070,20
606071,21
606072,32
606073,0
606074,0
606075,0
606076,0
606077,0
606078,0
606079,0
606080,0
606081,0
606082,0
606083,0
606084,0
606085,0
606086,0
606087,0
606088,0
606089,0
606090,0
606091,0
606092,0
606093,0
606094,0
606095,0
606096,31
606097,0
606098,30
606099,0
606100,0
606101,0
606102,0
606103,0
606104,0
606105,0
606106,0
606107,0
606108,0
606109,0
606110,0
606111,0
606112,0
606113,0
606114,0
606115,0
606116,0
606117,0
606118,0
606119,0
606120,0
606121,0
606122,0
606123,0
606124,0
606125,0
606126,0
606127,0
606128,0
606129,0
606130,0
606131,0
606132,0
606133,0
606134,0
606135,22
606136,25
606137,0
606138,18
606139,0
606140,0
606141,0
606142,0
606143,0
606144,0
606145,0
606146,0
606147,0
606148,0
606149,0
606150,0
606151,0
606152,0
606153,0
606154,0
606155,0
606156,0
606157,0
606158,0
606159,0
606160,27
606161,0
606162,0
606163,0
606164,23
606165,0
606166,0
606167,0
606168,43
606169,0
606170,0
606171,0
606172,0
606173,0
606174,0
606175,0
606176,20
606177,0
606178,0
606179,0
606180,0
606181,0
606182,0
606183,0
606184,0
606185,0
606186,0
606187,0
606188,0
606189,0
606190,0
606191,0
606192,0
606193,0
606194,0
606195,0
606196,0
606197,0
606198,27
606199,0
606200,0
606201,36
606202,0
606203,0
606204,0
606205,0
606206,0
606207,0
606208,0
606209,0
606210,0
606211,21
606212,0
606213,0
606214,30
606215,33
606216,0
606217,26
606218,0
606219,0
606220,0
606221,0
606222,0
606223,0
606224,0
606225,0
606226,25
606227,0
606228,0
606229,0
606230,0
606231,0
606232,0
606233,0
606234,0
606235,0
606236,0
606237,0
606238,0
606239,0
606240,0
606241,0
606242,0
606243,0
606244,0
606245,0
606246,0
606247,0
606248,0
606249,0
606250,0
606251,0
606252,0
606253,0
606254,0
606255,0
606256,0
606257,0
606258,0
606259,0
606260,0
606261,0
606262,0
606263,0
606264,0
606265,0
606266,0
606267,0
606268,0
606269,0
606270,0
606271,0
606272,0
606273,0
606274,0
606275,0
606276,0
606277,0
606278,0
606279,0
606280,0
606281,0
606282,0
606283,0
606284,13
606285,0
606286,0
606287,0
606288,0
606289,0
606290,31
606291,0
606292,0
606293,0
606294,0
606295,0
606296,0
606297,0
606298,0
606299,0
606300,0
606301,0
606302,0
606303,0
606304,0
606305,0
606306,0
606307,0
606308,0
606309,0
606310,0
606311,0
606312,0
606313,40
606314,0
606315,0
606316,0
606317,0
606318,0
606319,0
606320,0
606321,0
606322,36
606323,0
606324,0
606325,0
606326,0
606327,0
606328,0
606329,0
606330,0
606331,0
606332,0
606333,0
606334,0
606335,0
606336,0
606337,0
606338,0
606339,0
606340,0
606341,0
606342,0
606343,0
606344,0
606345,0
606346,0
606347,0
606348,0
606349,0
606350,32
606351,28
606352,0
606353,0
606354,0
606355,0
606356,0
606357,0
606358,0
606359,0
606360,0
606361,0
606362,0
606363,0
606364,0
606365,35
606366,0
606367,0
606368,0
606369,0
606370,0
606371,0
606372,0
606373,0
606374,0
606375,0
606376,0
606377,0
606378,0
606379,0
606380,0
606381,0
606382,0
606383,0
606384,0
606385,0
606386,0
606387,0
606388,0
606389,0
606390,0
606391,0
606392,0
606393,0
606394,0
606395,0
606396,0
606397,0
606398,0
606399,0
606400,0
606401,0
606402,0
606403,32
606404,0
606405,0
606406,0
606407,31
606408,12
606409,0
606410,0
606411,0
606412,0
606413,23
606414,0
606415,0
606416,0
606417,0
606418,0
606419,0
606420,0
606421,0
606422,0
606423,0
606424,0
606425,0
606426,40
606427,27
606428,0
606429,0
606430,0
606431,24
606432,0
606433,0
606434,0
606435,0
606436,26
606437,0
606438,0
606439,0
606440,0
606441,0
606442,0
606443,0
606444,0
606445,0
606446,0
606447,0
606448,0
606449,26
606450,0
606451,30
606452,0
606453,40
606454,0
606455,25
606456,0
606457,0
606458,26
606459,0
606460,0
606461,0
606462,0
606463,0
606464,0
606465,0
606466,26
606467,0
606468,0
606469,31
606470,0
606471,0
606472,27
606473,0
606474,0
606475,31
606476,0
606477,0
606478,0
606479,0
606480,0
606481,17
606482,0
606483,0
606484,0
606485,17
606486,0
606487,0
606488,0
606489,0
606490,0
606491,0
606492,0
606493,0
606494,20
606495,0
606496,0
606497,0
606498,0
606499,0
606500,0
606501,0
606502,0
606503,19
606504,25
606505,25
606506,0
606507,0
606508,51
606509,0
606510,0
606511,0
606512,33
606513,0
606514,0
606515,29
606516,0
606517,0
606518,0
606519,18
606520,0
606521,0
606522,0
606523,0
606524,0
606525,0
606526,0
606527,0
606528,0
606529,0
606530,0
606531,0
606532,0
606533,0
606534,0
606535,0
606536,0
606537,0
606538,16
606539,0
606540,0
606541,0
606542,0
606543,0
606544,0
606545,0
606546,0
606547,0
606548,0
606549,0
606550,32
606551,24
606552,0
606553,0
606554,0
606555,0
606556,0
606557,0
606558,0
606559,0
606560,0
606561,0
606562,0
606563,0
606564,0
606565,35
606566,0
606567,0
606568,0
606569,0
606570,0
606571,0
606572,0
606573,0
606574,19
606575,0
606576,0
606577,0
606578,0
606579,0
606580,0
606581,0
606582,0
606583,0
606584,0
606585,0
606586,0
606587,0
606588,0
606589,0
606590,0
606591,0
606592,0
606593,0
606594,0
606595,0
606596,0
606597,0
606598,0
606599,0
606600,0
606601,0
606602,0
606603,0
606604,20
606605,0
606606,0
606607,0
606608,24
606609,0
606610,0
606611,0
606612,0
606613,0
606614,0
606615,0
606616,0
606617,0
606618,0
606619,26
606620,0
606621,0
606622,24
606623,33
606624,0
606625,0
606626,0
606627,0
606628,0
606629,0
606630,0
606631,0
606632,0
606633,0
606634,0
606635,0
606636,0
606637,0
606638,0
606639,0
606640,0
606641,0
606642,0
606643,0
606644,0
606645,0
606646,0
606647,0
606648,0
606649,0
606650,0
606651,0
606652,0
606653,0
606654,0
606655,0
606656,0
606657,0
606658,0
606659,0
606660,0
606661,0
606662,0
606663,0
606664,0
606665,0
606666,0
606667,0
606668,0
606669,0
606670,0
606671,0
606672,0
606673,0
606674,0
606675,0
606676,0
606677,0
606678,0
606679,0
606680,0
606681,0
606682,0
606683,0
606684,0
606685,0
606686,0
606687,0
606688,0
606689,0
606690,0
606691,0
606692,0
606693,1
606694,1
606695,0
606696,0
606697,0
606698,0
606699,0
606700,0
606701,0
606702,0
606703,0
606704,0
606705,0
606706,0
606707,0
606708,0
606709,0
606710,0
606711,0
606712,0
606713,1
606714,0
606715,0
606716,0
606717,0
606718,0
606719,1
606720,0
606721,0
606722,0
606723,0
606724,0
606725,0
606726,0
606727,0
606728,0
606729,1
606730,0
606731,0
606732,0
606733,0
606734,0
606735,0
606736,0
606737,0
606738,0
606739,0
606740,0
606741,0
606742,0
606743,0
606744,0
606745,0
606746,0
606747,0
606748,0
606749,0
606750,0
606751,0
606752,0
606753,1
606754,0
606755,0
606756,1
606757,1
606758,0
606759,0
606760,0
606761,0
606762,0
606763,0
606764,0
606765,0
606766,0
606767,0
606768,1
606769,0
606770,0
606771,0
606772,0
606773,0
606774,0
606775,0
606776,0
606777,0
606778,0
606779,0
606780,0
606781,0
606782,1
606783,0
606784,0
606785,0
606786,0
606787,0
606788,0
606789,0
606790,0
606791,0
606792,0
606793,0
606794,1
606795,0
606796,0
606797,0
606798,0
606799,0
606800,0
606801,0
606802,0
606803,0
606804,0
606805,0
606806,0
606807,0
606808,0
606809,0
606810,0
606811,0
606812,0
606813,0
606814,0
606815,0
606816,0
606817,1
606818,0
606819,0
606820,0
606821,0
606822,0
606823,0
606824,0
606825,0
606826,0
606827,0
606828,0
606829,0
606830,0
606831,0
606832,0
606833,1
606834,0
606835,0
606836,0
606837,0
606838,0
606839,0
606840,0
606841,0
606842,0
606843,0
606844,0
606845,0
606846,0
606847,0
606848,0
606849,0
606850,0
606851,0
606852,0
606853,0
606854,0
606855,0
606856,0
606857,0
606858,0
606859,0
606860,0
606861,0
606862,0
606863,0
606864,0
606865,0
606866,0
606867,0
606868,0
606869,0
606870,0
606871,0
606872,0
606873,0
606874,0
606875,0
606876,0
606877,0
606878,0
606879,0
606880,1
606881,0
606882,1
606883,0
606884,0
606885,0
606886,0
606887,0
606888,0
606889,0
606890,0
606891,0
606892,0
606893,0
606894,0
606895,0
606896,0
606897,0
606898,0
606899,0
606900,0
606901,0
606902,0
606903,0
606904,0
606905,0
606906,0
606907,0
606908,0
606909,0
606910,0
606911,0
606912,0
606913,0
606914,0
606915,0
606916,0
606917,0
606918,1
606919,0
606920,0
606921,0
606922,0
606923,0
606924,0
606925,0
606926,0
606927,0
606928,0
606929,0
606930,0
606931,0
606932,0
606933,0
606934,0
606935,0
606936,0
606937,0
606938,0
606939,0
606940,0
606941,0
606942,0
606943,0
606944,1
606945,0
606946,0
606947,0
606948,0
606949,0
606950,0
606951,0
606952,0
606953,0
606954,0
606955,0
606956,0
606957,0
606958,0
606959,0
606960,0
606961,0
606962,1
606963,0
606964,0
606965,0
606966,0
606967,0
606968,0
606969,0
606970,2
606971,0
606972,0
606973,0
606974,0
606975,0
606976,0
606977,0
606978,0
606979,0
606980,0
606981,0
606982,0
606983,0
606984,0
606985,0
606986,0
606987,0
606988,0
606989,0
606990,0
606991,0
606992,0
606993,0
606994,0
606995,0
606996,0
606997,0
606998,0
606999,0
607000,0
607001,0
607002,0
607003,0
607004,0
607005,0
607006,0
607007,0
607008,0
607009,0
607010,0
607011,0
607012,0
607013,0
607014,0
607015,0
607016,0
607017,0
607018,0
607019,0
607020,0
607021,0
607022,0
607023,0
607024,0
607025,0
607026,1
607027,0
607028,0
607029,0
607030,0
607031,0
607032,0
607033,0
607034,0
607035,0
607036,0
607037,0
607038,0
607039,0
607040,0
607041,0
607042,0
607043,0
607044,0
607045,0
607046,0
607047,0
607048,0
607049,2
607050,0
607051,0
607052,0
607053,0
607054,0
607055,0
607056,0
607057,0
607058,0
607059,0
607060,0
607061,0
607062,0
607063,0
607064,0
607065,0
607066,0
607067,0
607068,0
607069,0
607070,0
607071,0
607072,0
607073,0
607074,0
607075,0
607076,0
607077,0
607078,0
607079,0
607080,0
607081,0
607082,1
607083,0
607084,0
607085,0
607086,0
607087,0
607088,0
607089,0
607090,0
607091,0
607092,0
607093,0
607094,0
607095,1
607096,0
607097,0
607098,0
607099,0
607100,0
607101,0
607102,1
607103,0
607104,0
607105,0
607106,0
607107,0
607108,0
607109,0
607110,0
607111,0
607112,0
607113,0
607114,0
607115,0
607116,0
607117,0
607118,0
607119,0
607120,0
607121,0
607122,0
607123,0
607124,0
607125,0
607126,0
607127,0
607128,0
607129,0
607130,0
607131,1
607132,0
607133,0
607134,0
607135,1
607136,0
607137,0
607138,1
607139,0
607140,0
607141,0
607142,0
607143,0
607144,0
607145,0
607146,0
607147,0
607148,0
607149,0
607150,0
607151,0
607152,1
607153,0
607154,0
607155,0
607156,0
607157,0
607158,0
607159,0
607160,0
607161,0
607162,0
607163,0
607164,0
607165,0
607166,0
607167,0
607168,0
607169,0
607170,0
607171,0
607172,1
607173,0
607174,1
607175,0
607176,0
607177,0
607178,0
607179,0
607180,0
607181,0
607182,0
607183,1
607184,0
607185,0
607186,0
607187,0
607188,0
607189,0
607190,0
607191,0
607192,0
607193,0
607194,0
607195,0
607196,0
607197,0
607198,1
607199,0
607200,0
607201,0
607202,1
607203,0
607204,0
607205,0
607206,0
607207,0
607208,0
607209,0
607210,0
607211,0
607212,0
607213,0
607214,0
607215,0
607216,0
607217,0
607218,0
607219,0
607220,0
607221,0
607222,0
607223,0
607224,0
607225,1
607226,0
607227,0
607228,0
607229,0
607230,0
607231,0
607232,0
607233,0
607234,1
607235,0
607236,0
607237,1
607238,0
607239,0
607240,0
607241,0
607242,0
607243,0
607244,0
607245,0
607246,0
607247,0
607248,0
607249,0
607250,0
607251,0
607252,0
607253,0
607254,0
607255,0
607256,0
607257,0
607258,0
607259,0
607260,0
607261,0
607262,1
607263,0
607264,0
607265,0
607266,0
607267,0
607268,0
607269,0
607270,0
607271,0
607272,0
607273,0
607274,0
607275,0
607276,0
607277,0
607278,0
607279,0
607280,0
607281,1
607282,0
607283,0
607284,0
607285,1
607286,0
607287,0
607288,0
607289,0
607290,0
607291,0
607292,0
607293,0
607294,0
607295,0
607296,0
607297,0
607298,0
607299,0
607300,0
607301,0
607302,0
607303,0
607304,0
607305,0
607306,0
607307,0
607308,0
607309,0
607310,0
607311,0
607312,0
607313,0
607314,0
607315,0
607316,0
607317,0
607318,0
607319,0
607320,0
607321,0
607322,0
607323,0
607324,0
607325,0
607326,0
607327,0
607328,0
607329,0
607330,0
607331,0
607332,0
607333,0
607334,0
607335,1
607336,0
607337,1
607338,0
607339,0
607340,0
607341,0
607342,0
607343,0
607344,0
607345,0
607346,0
607347,0
607348,0
607349,0
607350,0
607351,0
607352,0
607353,0
607354,0
607355,0
607356,0
607357,0
607358,0
607359,0
607360,0
607361,0
607362,0
607363,0
607364,0
607365,0
607366,0
607367,0
607368,0
607369,0
607370,0
607371,0
607372,0
607373,0
607374,0
607375,0
607376,0
607377,0
607378,0
607379,0
607380,0
607381,0
607382,0
607383,0
607384,0
607385,0
607386,2
607387,0
607388,0
607389,0
607390,0
607391,0
607392,1
607393,0
607394,0
607395,0
607396,1
607397,0
607398,0
607399,0
607400,0
607401,0
607402,0
607403,1
607404,0
607405,0
607406,0
607407,0
607408,0
607409,0
607410,0
607411,0
607412,0
607413,0
607414,0
607415,0
607416,0
607417,0
607418,0
607419,0
607420,0
607421,0
607422,0
607423,0
607424,0
607425,0
607426,0
607427,0
607428,0
607429,0
607430,0
607431,0
607432,0
607433,0
607434,0
607435,0
607436,0
607437,0
607438,0
607439,0
607440,0
607441,0
607442,0
607443,0
607444,0
607445,0
607446,0
607447,41
607448,0
607449,0
607450,0
607451,0
607452,0
607453,0
607454,0
607455,0
607456,0
607457,0
607458,23
607459,0
607460,0
607461,0
607462,0
607463,0
607464,0
607465,0
607466,0
607467,0
607468,0
607469,0
607470,0
607471,0
607472,0
607473,0
607474,0
607475,22
607476,13
607477,45
607478,0
607479,0
607480,0
607481,0
607482,0
607483,0
607484,0
607485,0
607486,0
607487,0
607488,0
607489,0
607490,0
607491,0
607492,0
607493,0
607494,0
607495,0
607496,0
607497,0
607498,0
607499,0
607500,59
607501,0
607502,40
607503,0
607504,0
607505,0
607506,39
607507,0
607508,0
607509,37
607510,0
607511,0
607512,0
607513,0
607514,0
607515,0
607516,0
607517,0
607518,0
607519,0
607520,0
607521,45
607522,0
607523,0
607524,0
607525,45
607526,0
607527,0
607528,0
607529,0
607530,0
607531,0
607532,0
607533,0
607534,37
607535,0
607536,0
607537,0
607538,0
607539,0
607540,0
607541,0
607542,0
607543,0
607544,0
607545,0
607546,23
607547,0
607548,0
607549,0
607550,0
607551,0
607552,0
607553,0
607554,0
607555,0
607556,0
607557,0
607558,0
607559,0
607560,0
607561,0
607562,0
607563,0
607564,0
607565,0
607566,0
607567,0
607568,0
607569,0
607570,39
607571,0
607572,0
607573,52
607574,0
607575,0
607576,0
607577,0
607578,0
607579,0
607580,0
607581,0
607582,0
607583,0
607584,0
607585,0
607586,0
607587,0
607588,0
607589,0
607590,0
607591,0
607592,0
607593,0
607594,0
607595,49
607596,0
607597,50
607598,0
607599,0
607600,49
607601,0
607602,0
607603,0
607604,0
607605,0
607606,0
607607,0
607608,0
607609,0
607610,0
607611,0
607612,0
607613,0
607614,0
607615,0
607616,0
607617,0
607618,0
607619,46
607620,0
607621,0
607622,0
607623,0
607624,0
607625,0
607626,0
607627,0
607628,0
607629,0
607630,0
607631,0
607632,0
607633,0
607634,0
607635,0
607636,0
607637,28
607638,0
607639,0
607640,33
607641,0
607642,0
607643,0
607644,0
607645,0
607646,0
607647,0
607648,0
607649,52
607650,0
607651,0
607652,0
607653,0
607654,57
607655,0
607656,0
607657,0
607658,0
607659,0
607660,0
607661,0
607662,0
607663,0
607664,0
607665,0
607666,43
607667,0
607668,0
607669,0
607670,0
607671,46
607672,0
607673,0
607674,0
607675,0
607676,0
607677,0
607678,0
607679,0
607680,0
607681,0
607682,0
607683,0
607684,0
607685,41
607686,0
607687,0
607688,0
607689,0
607690,0
607691,0
607692,0
607693,0
607694,0
607695,0
607696,0
607697,0
607698,0
607699,0
607700,0
607701,0
607702,0
607703,0
607704,0
607705,0
607706,39
607707,0
607708,0
607709,0
607710,0
607711,0
607712,0
607713,0
607714,0
607715,0
607716,0
607717,0
607718,0
607719,0
607720,0
607721,0
607722,0
607723,0
607724,66
607725,0
607726,0
607727,0
607728,0
607729,0
607730,0
607731,0
607732,0
607733,0
607734,0
607735,0
607736,0
607737,0
607738,0
607739,0
607740,0
607741,0
607742,0
607743,0
607744,0
607745,0
607746,55
607747,0
607748,0
607749,0
607750,0
607751,0
607752,0
607753,0
607754,0
607755,0
607756,0
607757,0
607758,0
607759,0
607760,0
607761,0
607762,0
607763,0
607764,39
607765,0
607766,0
607767,33
607768,0
607769,0
607770,0
607771,0
607772,0
607773,0
607774,50
607775,0
607776,0
607777,0
607778,0
607779,0
607780,0
607781,0
607782,0
607783,20
607784,0
607785,0
607786,0
607787,0
607788,0
607789,41
607790,0
607791,0
607792,0
607793,0
607794,0
607795,0
607796,0
607797,0
607798,0
607799,0
607800,0
607801,32
607802,0
607803,0
607804,0
607805,0
607806,0
607807,0
607808,0
607809,0
607810,0
607811,0
607812,0
607813,0
607814,0
607815,0
607816,0
607817,0
607818,0
607819,0
607820,0
607821,0
607822,0
607823,0
607824,0
607825,0
607826,0
607827,0
607828,0
607829,0
607830,0
607831,0
607832,0
607833,0
607834,0
607835,0
607836,0
607837,0
607838,0
607839,0
607840,0
607841,0
607842,0
607843,0
607844,0
607845,0
607846,0
607847,0
607848,0
607849,0
607850,0
607851,0
607852,0
607853,0
607854,0
607855,0
607856,0
607857,0
607858,0
607859,0
607860,0
607861,0
607862,0
607863,0
607864,0
607865,0
607866,0
607867,0
607868,0
607869,0
607870,0
607871,0
607872,0
607873,0
607874,0
607875,0
607876,0
607877,0
607878,0
607879,0
607880,0
607881,0
607882,0
607883,0
607884,0
607885,0
607886,0
607887,0
607888,0
607889,0
607890,0
607891,0
607892,0
607893,0
607894,0
607895,0
607896,0
607897,0
607898,0
607899,0
607900,0
607901,0
607902,0
607903,0
607904,0
607905,0
607906,0
607907,0
607908,0
607909,0
607910,0
607911,0
607912,0
607913,0
607914,0
607915,0
607916,0
607917,0
607918,0
607919,0
607920,0
607921,0
607922,0
607923,0
607924,0
607925,0
607926,0
607927,0
607928,0
607929,0
607930,0
607931,0
607932,0
607933,0
607934,0
607935,0
607936,0
607937,0
607938,0
607939,0
607940,0
607941,0
607942,0
607943,0
607944,0
607945,0
607946,0
607947,0
607948,0
607949,0
607950,0
607951,0
607952,0
607953,0
607954,0
607955,0
607956,0
607957,0
607958,0
607959,0
607960,0
607961,0
607962,0
607963,0
607964,0
607965,0
607966,0
607967,0
607968,0
607969,0
607970,0
607971,0
607972,0
607973,0
607974,0
607975,0
607976,0
607977,0
607978,0
607979,0
607980,0
607981,0
607982,0
607983,0
607984,0
607985,0
607986,0
607987,0
607988,0
607989,0
607990,0
607991,0
607992,0
607993,0
607994,0
607995,0
607996,0
607997,0
607998,0
607999,0
608000,0
608001,0
608002,0
608003,0
608004,0
608005,0
608006,0
608007,0
608008,0
608009,0
608010,0
608011,0
608012,0
608013,0
608014,0
608015,0
608016,0
608017,0
608018,0
608019,0
608020,0
608021,0
608022,0
608023,0
608024,0
608025,0
608026,0
608027,0
608028,0
608029,0
608030,0
608031,0
608032,0
608033,0
608034,0
608035,0
608036,0
608037,0
608038,0
608039,0
608040,0
608041,0
608042,0
608043,0
608044,1
608045,0
608046,0
608047,0
608048,0
608049,0
608050,0
608051,0
608052,0
608053,0
608054,0
608055,0
608056,0
608057,0
608058,0
608059,0
608060,0
608061,0
608062,0
608063,0
608064,0
608065,0
608066,0
608067,0
608068,0
608069,0
608070,0
608071,0
608072,0
608073,0
608074,0
608075,0
608076,0
608077,0
608078,0
608079,0
608080,0
608081,0
608082,0
608083,0
608084,0
608085,0
608086,0
608087,0
608088,0
608089,0
608090,0
608091,0
608092,0
608093,0
608094,0
608095,0
608096,0
608097,0
608098,0
608099,0
608100,0
608101,0
608102,0
608103,0
608104,0
608105,0
608106,0
608107,0
608108,0
608109,0
608110,0
608111,0
608112,0
608113,0
608114,0
608115,0
608116,0
608117,0
608118,0
608119,0
608120,0
608121,0
608122,0
608123,0
608124,0
608125,0
608126,0
608127,0
608128,0
608129,0
608130,0
608131,0
608132,0
608133,0
608134,0
608135,0
608136,0
608137,0
608138,0
608139,0
608140,0
608141,0
608142,0
608143,0
608144,0
608145,0
608146,0
608147,0
608148,0
608149,0
608150,0
608151,0
608152,0
608153,0
608154,0
608155,0
608156,0
608157,0
608158,0
608159,0
608160,0
608161,0
608162,0
608163,0
608164,0
608165,0
608166,0
608167,0
608168,0
608169,0
608170,0
608171,0
608172,0
608173,0
608174,0
608175,0
608176,0
608177,0
608178,0
608179,0
608180,0
608181,0
608182,0
608183,0
608184,0
608185,0
608186,0
608187,0
608188,0
608189,0
608190,0
608191,0
608192,0
608193,0
608194,0
608195,0
608196,0
608197,0
608198,0
608199,0
608200,0
608201,0
608202,0
608203,0
608204,0
608205,0
608206,0
608207,0
608208,0
608209,0
608210,0
608211,0
608212,0
608213,0
608214,0
608215,0
608216,0
608217,0
608218,0
608219,0
608220,0
608221,0
608222,0
608223,0
608224,0
608225,0
608226,0
608227,0
608228,0
608229,0
608230,0
608231,0
608232,0
608233,0
608234,0
608235,0
608236,0
608237,0
608238,26
608239,18
608240,0
608241,0
608242,0
608243,0
608244,0
608245,0
608246,0
608247,0
608248,0
608249,0
608250,0
608251,0
608252,0
608253,0
608254,0
608255,21
608256,0
608257,0
608258,0
608259,0
608260,0
608261,0
608262,22
608263,0
608264,0
608265,27
608266,0
608267,0
608268,0
608269,42
608270,0
608271,0
608272,0
608273,33
608274,0
608275,0
608276,0
608277,0
608278,17
608279,0
608280,0
608281,0
608282,0
608283,0
608284,0
608285,0
608286,0
608287,0
608288,0
608289,0
608290,0
608291,0
608292,22
608293,0
608294,23
608295,0
608296,41
608297,0
608298,25
608299,0
608300,0
608301,0
608302,0
608303,0
608304,0
608305,0
608306,0
608307,0
608308,0
608309,0
608310,35
608311,0
608312,0
608313,0
608314,0
608315,0
608316,0
608317,27
608318,25
608319,0
608320,0
608321,0
608322,23
608323,0
608324,25
608325,0
608326,0
608327,0
608328,0
608329,0
608330,0
608331,0
608332,0
608333,0
608334,29
608335,0
608336,0
608337,0
608338,0
608339,0
608340,0
608341,0
608342,0
608343,0
608344,0
608345,0
608346,0
608347,32
608348,0
608349,0
608350,26
608351,20
608352,0
608353,0
608354,23
608355,14
608356,0
608357,0
608358,0
608359,0
608360,0
608361,28
608362,0
608363,0
608364,0
608365,30
608366,0
608367,35
608368,0
608369,0
608370,0
608371,0
608372,0
608373,0
608374,0
608375,0
608376,0
608377,16
608378,0
608379,20
608380,0
608381,0
608382,24
608383,11
608384,0
608385,24
608386,0
608387,0
608388,27
608389,0
608390,0
608391,0
608392,0
608393,0
608394,0
608395,0
608396,0
608397,44
608398,0
608399,30
608400,0
608401,0
608402,0
608403,0
608404,0
608405,0
608406,0
608407,0
608408,0
608409,0
608410,0
608411,0
608412,0
608413,0
608414,0
608415,0
608416,0
608417,0
608418,0
608419,0
608420,0
608421,0
608422,0
608423,0
608424,32
608425,24
608426,0
608427,0
608428,0
608429,0
608430,0
608431,0
608432,0
608433,0
608434,0
608435,0
608436,0
608437,25
608438,0
608439,0
608440,0
608441,0
608442,0
608443,0
608444,0
608445,0
608446,0
608447,0
608448,17
608449,25
608450,0
608451,0
608452,0
608453,0
608454,22
608455,0
608456,0
608457,0
608458,0
608459,0
608460,18
608461,0
608462,0
608463,35
608464,0
608465,0
608466,0
608467,0
608468,0
608469,0
608470,0
608471,0
608472,0
608473,0
608474,0
608475,0
608476,0
608477,0
608478,0
608479,0
608480,0
608481,0
608482,34
608483,0
608484,0
608485,0
608486,0
608487,0
608488,24
608489,0
608490,0
608491,0
608492,0
608493,0
608494,0
608495,0
608496,0
608497,0
608498,35
608499,0
608500,0
608501,0
608502,0
608503,0
608504,28
608505,0
608506,25
608507,0
608508,0
608509,0
608510,0
608511,0
608512,0
608513,0
608514,0
608515,0
608516,0
608517,0
608518,0
608519,0
608520,0
608521,0
608522,0
608523,0
608524,0
608525,0
608526,0
608527,0
608528,20
608529,0
608530,0
608531,0
608532,0
608533,0
608534,0
608535,14
608536,0
608537,0
608538,0
608539,0
608540,0
608541,37
608542,0
608543,0
608544,0
608545,0
608546,0
608547,0
608548,0
608549,0
608550,0
608551,0
608552,0
608553,0
608554,0
608555,0
608556,0
608557,0
608558,0
608559,0
608560,0
608561,14
608562,35
608563,0
608564,0
608565,0
608566,0
608567,0
608568,0
608569,0
608570,0
608571,0
608572,0
608573,30
608574,0
608575,0
608576,0
608577,0
608578,31
608579,32
608580,0
608581,0
608582,0
608583,0
608584,23
608585,0
608586,0
608587,0
608588,0
608589,0
608590,26
608591,30
608592,0
608593,0
608594,0
608595,35
608596,0
608597,0
608598,0
608599,0
608600,0
608601,0
608602,0
608603,0
608604,0
608605,0
608606,0
608607,0
608608,0
608609,0
608610,0
608611,0
608612,0
608613,0
608614,0
608615,0
608616,0
608617,0
608618,33
608619,0
608620,0
608621,0
608622,0
608623,0
608624,0
608625,0
608626,24
608627,18
608628,0
608629,0
608630,0
608631,0
608632,0
608633,0
608634,0
608635,0
608636,0
608637,0
608638,0
608639,0
608640,28
608641,0
608642,0
608643,0
608644,0
608645,0
608646,0
608647,36
608648,0
608649,0
608650,0
608651,0
608652,0
608653,0
608654,0
608655,0
608656,0
608657,0
608658,0
608659,29
608660,0
608661,0
608662,0
608663,0
608664,0
608665,0
608666,0
608667,0
608668,0
608669,17
608670,0
608671,0
608672,0
608673,0
608674,0
608675,22
608676,0
608677,0
608678,0
608679,0
608680,0
608681,0
608682,0
608683,27
608684,36
608685,0
608686,0
608687,0
608688,0
608689,0
608690,0
608691,0
608692,0
608693,0
608694,0
608695,0
608696,0
608697,0
608698,0
608699,32
608700,0
608701,0
608702,0
608703,0
608704,0
608705,0
608706,0
608707,0
608708,0
608709,0
608710,0
608711,0
608712,0
608713,37
608714,22
608715,0
608716,0
608717,0
608718,0
608719,21
608720,0
608721,0
608722,0
608723,0
608724,0
608725,0
608726,0
608727,0
608728,0
608729,0
608730,0
608731,0
608732,20
608733,0
608734,0
608735,0
608736,0
608737,0
608738,0
608739,0
608740,0
608741,0
608742,29
608743,0
608744,0
608745,0
608746,0
608747,0
608748,0
608749,0
608750,0
608751,0
608752,0
608753,0
608754,0
608755,0
608756,0
608757,0
608758,0
608759,0
608760,0
608761,0
608762,0
608763,35
608764,0
608765,0
608766,0
608767,0
608768,0
608769,0
608770,0
608771,0
608772,0
608773,0
608774,0
608775,0
608776,0
608777,26
608778,18
608779,0
608780,0
608781,0
608782,0
608783,30
608784,0
608785,0
608786,0
608787,0
608788,0
608789,0
608790,0
608791,0
608792,0
608793,0
608794,28
608795,0
608796,0
608797,0
608798,0
608799,0
608800,0
608801,0
608802,0
608803,0
608804,0
608805,0
608806,0
608807,0
608808,0
608809,0
608810,0
608811,0
608812,0
608813,0
608814,23
608815,0
608816,0
608817,25
608818,20
608819,0
608820,0
608821,0
608822,0
608823,0
608824,0
608825,0
608826,0
608827,0
608828,0
608829,0
608830,0
608831,0
608832,24
608833,0
608834,0
608835,0
608836,0
608837,0
608838,0
608839,0
608840,0
608841,0
608842,0
608843,0
608844,0
608845,33
608846,0
608847,0
608848,0
608849,0
608850,0
608851,0
608852,24
608853,0
608854,27
608855,0
608856,0
608857,0
608858,0
608859,0
608860,0
608861,0
608862,0
608863,0
608864,0
608865,0
608866,0
608867,0
608868,0
608869,0
608870,0
608871,22
608872,33
608873,0
608874,0
608875,0
608876,0
608877,0
608878,0
608879,0
608880,0
608881,24
608882,0
608883,0
608884,0
608885,0
608886,0
608887,0
608888,0
608889,0
608890,23
608891,0
608892,34
608893,0
608894,0
608895,0
608896,0
608897,29
608898,0
608899,0
608900,0
608901,24
608902,0
608903,0
608904,0
608905,0
608906,0
608907,0
608908,0
608909,0
608910,0
608911,0
608912,0
608913,0
608914,0
608915,0
608916,0
608917,0
608918,0
608919,0
608920,0
608921,0
608922,0
608923,22
608924,0
608925,0
608926,0
608927,20
608928,30
608929,0
608930,0
608931,0
608932,0
608933,0
608934,0
608935,0
608936,31
608937,0
608938,0
608939,0
608940,0
608941,0
608942,0
608943,0
608944,0
608945,0
608946,0
608947,0
608948,27
608949,0
608950,0
608951,0
608952,0
608953,0
608954,0
608955,0
608956,16
608957,0
608958,0
608959,0
608960,20
608961,29
608962,0
608963,0
608964,0
608965,0
608966,0
608967,0
608968,0
608969,0
608970,0
608971,0
608972,0
608973,0
608974,33
608975,0
608976,14
608977,0
608978,0
608979,27
608980,29
608981,0
608982,0
608983,0
608984,24
608985,0
608986,42
608987,30
608988,0
608989,0
608990,0
608991,0
608992,35
608993,0
608994,0
608995,0
608996,0
608997,0
608998,0
608999,23
609000,0
609001,0
609002,0
609003,0
609004,30
609005,30
609006,0
609007,0
609008,0
609009,29
609010,19
609011,0
609012,0
609013,0
609014,0
609015,0
609016,0
609017,0
609018,0
609019,0
609020,0
609021,0
609022,0
609023,0
609024,0
609025,0
609026,0
609027,0
609028,0
609029,0
609030,0
609031,25
609032,0
609033,0
609034,0
609035,0
609036,24
609037,0
609038,0
609039,0
609040,0
609041,0
609042,0
609043,0
609044,0
609045,34
609046,0
609047,0
609048,0
609049,0
609050,0
609051,0
609052,0
609053,0
609054,0
609055,27
609056,0
609057,0
609058,0
609059,0
609060,0
609061,0
609062,0
609063,0
609064,0
609065,0
609066,26
609067,0
609068,0
609069,0
609070,33
609071,0
609072,0
609073,0
609074,0
609075,0
609076,0
609077,0
609078,0
609079,0
609080,0
609081,34
609082,0
609083,0
609084,0
609085,0
609086,0
609087,0
609088,0
609089,0
609090,0
609091,0
609092,0
609093,0
609094,0
609095,0
609096,0
609097,0
609098,0
609099,0
609100,0
609101,0
609102,0
609103,0
609104,0
609105,27
609106,0
609107,0
609108,0
609109,0
609110,0
609111,35
609112,0
609113,0
609114,0
609115,0
609116,0
609117,0
609118,0
609119,0
609120,0
609121,0
609122,0
609123,0
609124,0
609125,0
609126,0
609127,0
609128,0
609129,0
609130,0
609131,0
609132,0
609133,0
609134,0
609135,21
609136,0
609137,31
609138,0
609139,0
609140,0
609141,0
609142,23
609143,32
609144,0
609145,0
609146,0
609147,0
609148,0
609149,0
609150,0
609151,0
609152,0
609153,0
609154,0
609155,11
609156,0
609157,0
609158,0
609159,0
609160,0
609161,0
609162,38
609163,0
609164,41
609165,0
609166,0
609167,0
609168,0
609169,37
609170,0
609171,0
609172,0
609173,0
609174,0
609175,0
609176,0
609177,0
609178,0
609179,0
609180,32
609181,9
609182,0
609183,0
609184,0
609185,0
609186,22
609187,0
609188,21
609189,0
609190,0
609191,24
609192,0
609193,0
609194,0
609195,0
609196,0
609197,0
609198,0
609199,0
609200,8
609201,0
609202,22
609203,17
609204,0
609205,17
609206,0
609207,22
609208,19
609209,8
609210,0
609211,18
609212,0
609213,0
609214,18
609215,0
609216,0
609217,0
609218,0
609219,0
609220,0
609221,0
609222,28
609223,0
609224,0
609225,24
609226,0
609227,0
609228,0
609229,0
609230,0
609231,0
609232,0
609233,0
609234,0
609235,9
609236,0
609237,18
609238,25
609239,0
609240,0
609241,0
609242,0
609243,0
609244,15
609245,0
609246,0
609247,0
609248,8
609249,0
609250,0
609251,0
609252,24
609253,13
609254,0
609255,0
609256,15
609257,0
609258,0
609259,0
609260,0
609261,0
609262,0
609263,0
609264,0
609265,0
609266,0
609267,0
609268,0
609269,0
609270,0
609271,0
609272,12
609273,17
609274,27
609275,0
609276,17
609277,0
609278,0
609279,0
609280,23
609281,14
609282,0
609283,0
609284,18
609285,0
609286,0
609287,0
609288,0
609289,0
609290,0
609291,0
609292,0
609293,0
609294,0
609295,0
609296,15
609297,0
609298,15
609299,27
609300,0
609301,0
609302,14
609303,0
609304,0
609305,0
609306,26
609307,0
609308,0
609309,0
609310,0
609311,0
609312,0
609313,12
609314,26
609315,17
609316,19
609317,0
609318,12
609319,0
609320,0
609321,0
609322,0
609323,0
609324,0
609325,0
609326,0
609327,0
609328,21
609329,0
609330,0
609331,0
609332,0
609333,17
609334,0
609335,0
609336,0
609337,0
609338,0
609339,0
609340,8
609341,0
609342,21
609343,0
609344,17
609345,0
609346,9
609347,0
609348,0
609349,0
609350,0
609351,14
609352,17
609353,0
609354,11
609355,0
609356,17
609357,0
609358,0
609359,16
609360,0
609361,0
609362,0
609363,0
609364,0
609365,13
609366,0
609367,0
609368,0
609369,0
609370,0
609371,0
609372,0
609373,25
609374,0
609375,0
609376,0
609377,0
609378,0
609379,0
609380,0
609381,22
609382,25
609383,0
609384,0
609385,0
609386,19
609387,0
609388,0
609389,0
609390,0
609391,0
609392,0
609393,0
609394,15
609395,0
609396,0
609397,20
609398,0
609399,0
609400,0
609401,14
609402,0
609403,0
609404,0
609405,0
609406,9
609407,0
609408,8
609409,0
609410,23
609411,0
609412,0
609413,0
609414,0
609415,0
609416,0
609417,15
609418,25
609419,0
609420,22
609421,24
609422,0
609423,19
609424,0
609425,0
609426,14
609427,0
609428,18
609429,0
609430,0
609431,0
609432,0
609433,17
609434,0
609435,0
609436,10
609437,21
609438,0
609439,15
609440,13
609441,0
609442,0
609443,0
609444,0
609445,17
609446,0
609447,0
609448,0
609449,0
609450,0
609451,0
609452,16
609453,0
609454,0
609455,19
609456,0
609457,0
609458,0
609459,23
609460,0
609461,0
609462,0
609463,17
609464,0
609465,0
609466,0
609467,0
609468,0
609469,0
609470,0
609471,23
609472,0
609473,0
609474,0
609475,19
609476,0
609477,0
609478,11
609479,0
609480,0
609481,0
609482,0
609483,0
609484,0
609485,22
609486,15
609487,0
609488,0
609489,13
609490,14
609491,0
609492,19
609493,0
609494,0
609495,0
609496,14
609497,0
609498,8
609499,0
609500,22
609501,0
609502,0
609503,0
609504,0
609505,20
609506,20
609507,0
609508,0
609509,0
609510,0
609511,0
609512,0
609513,16
609514,0
609515,0
609516,15
609517,0
609518,0
609519,0
609520,0
609521,0
609522,17
609523,0
609524,0
609525,0
609526,0
609527,0
609528,0
609529,0
609530,0
609531,0
609532,0
609533,0
609534,0
609535,0
609536,0
609537,0
609538,0
609539,0
609540,0
609541,0
609542,0
609543,0
609544,0
609545,25
609546,0
609547,0
609548,24
609549,0
609550,0
609551,0
609552,27
609553,24
609554,12
609555,15
609556,14
609557,0
609558,0
609559,0
609560,0
609561,0
609562,11
609563,0
609564,17
609565,15
609566,16
609567,0
609568,0
609569,0
609570,0
609571,0
609572,0
609573,7
609574,0
609575,0
609576,0
609577,0
609578,0
609579,17
609580,16
609581,0
609582,13
609583,0
609584,0
609585,0
609586,0
609587,0
609588,0
609589,19
609590,21
609591,0
609592,0
609593,16
609594,0
609595,0
609596,0
609597,0
609598,0
609599,0
609600,23
609601,25
609602,0
609603,0
609604,0
609605,0
609606,0
609607,0
609608,0
609609,0
609610,0
609611,0
609612,26
609613,0
609614,0
609615,0
609616,0
609617,8
609618,0
609619,0
609620,0
609621,14
609622,26
609623,21
609624,23
609625,0
609626,0
609627,19
609628,16
609629,20
609630,14
609631,0
609632,0
609633,0
609634,0
609635,13
609636,19
609637,11
609638,0
609639,0
609640,0
609641,0
609642,0
609643,20
609644,32
609645,0
609646,20
609647,0
609648,0
609649,0
609650,0
609651,0
609652,0
609653,0
609654,20
609655,18
609656,0
609657,0
609658,0
609659,13
609660,0
609661,0
609662,0
609663,0
609664,0
609665,0
609666,0
609667,0
609668,16
609669,0
609670,0
609671,0
609672,0
609673,0
609674,0
609675,12
609676,0
609677,0
609678,0
609679,0
609680,0
609681,23
609682,0
609683,0
609684,0
609685,0
609686,0
609687,0
609688,0
609689,0
609690,14
609691,12
609692,0
609693,0
609694,27
609695,0
609696,0
609697,6
609698,20
609699,23
609700,0
609701,0
609702,0
609703,0
609704,0
609705,0
609706,0
609707,0
609708,0
609709,0
609710,0
609711,0
609712,0
609713,0
609714,0
609715,0
609716,0
609717,22
609718,0
609719,0
609720,0
609721,0
609722,13
609723,0
609724,22
609725,16
609726,0
609727,14
609728,0
609729,22
609730,0
609731,0
609732,12
609733,0
609734,0
609735,0
609736,0
609737,13
609738,0
609739,25
609740,0
609741,0
609742,0
609743,0
609744,0
609745,0
609746,0
609747,12
609748,0
609749,0
609750,13
609751,0
609752,13
609753,0
609754,0
609755,0
609756,0
609757,14
609758,0
609759,0
609760,17
609761,16
609762,0
609763,0
609764,0
609765,0
609766,0
609767,0
609768,0
609769,20
609770,0
609771,24
609772,0
609773,0
609774,0
609775,17
609776,20
609777,0
609778,15
609779,0
609780,0
609781,0
609782,0
609783,0
609784,0
609785,0
609786,0
609787,0
609788,0
609789,0
609790,19
609791,0
609792,0
609793,0
609794,0
609795,0
609796,0
609797,11
609798,0
609799,0
609800,0
609801,0
609802,0
609803,0
609804,0
609805,0
609806,0
609807,14
609808,0
609809,0
609810,0
609811,0
609812,0
609813,26
609814,20
609815,8
609816,0
609817,0
609818,0
609819,22
609820,0
609821,0
609822,21
609823,17
609824,21
609825,0
609826,0
609827,0
609828,0
609829,0
609830,0
609831,0
609832,0
609833,0
609834,0
609835,0
609836,0
609837,0
609838,14
609839,11
609840,0
609841,0
609842,0
609843,0
609844,0
609845,13
609846,0
609847,0
609848,0
609849,0
609850,0
609851,0
609852,0
609853,0
609854,0
609855,0
609856,0
609857,0
609858,20
609859,17
609860,16
609861,0
609862,0
609863,0
609864,18
609865,0
609866,14
609867,0
609868,0
609869,0
609870,0
609871,0
609872,0
609873,0
609874,0
609875,0
609876,6
609877,15
609878,0
609879,0
609880,0
609881,0
609882,16
609883,0
609884,0
609885,0
609886,0
609887,0
609888,0
609889,0
609890,0
609891,0
609892,21
609893,0
609894,29
609895,0
609896,0
609897,0
609898,29
609899,19
609900,25
609901,0
609902,0
609903,0
609904,23
609905,0
609906,0
609907,0
609908,20
609909,26
609910,0
609911,17
609912,0
609913,17
609914,0
609915,21
609916,0
609917,16
609918,0
609919,0
609920,0
609921,0
609922,19
609923,0
609924,0
609925,0
609926,0
609927,0
609928,0
609929,0
609930,23
609931,0
609932,0
609933,0
609934,0
609935,0
609936,20
609937,0
609938,0
609939,0
609940,12
609941,0
609942,0
609943,0
609944,25
609945,0
609946,20
609947,15
609948,0
609949,0
609950,0
609951,0
609952,0
609953,0
609954,0
609955,0
609956,0
609957,0
609958,0
609959,0
609960,0
609961,0
609962,0
609963,0
609964,0
609965,0
609966,0
609967,0
609968,0
609969,0
609970,0
609971,0
609972,0
609973,0
609974,0
609975,0
609976,0
609977,0
609978,0
609979,0
609980,0
609981,0
609982,0
609983,0
609984,0
609985,0
609986,0
609987,0
609988,0
609989,0
609990,0
609991,0
609992,0
609993,0
609994,0
609995,0
609996,0
609997,0
609998,1
609999,0
610000,0
610001,0
610002,0
610003,0
610004,0
610005,0
610006,0
610007,0
610008,0
610009,0
610010,0
610011,0
610012,0
610013,0
610014,0
610015,0
610016,0
610017,0
610018,0
610019,0
610020,0
610021,0
610022,0
610023,0
610024,0
610025,0
610026,0
610027,0
610028,0
610029,0
610030,0
610031,0
610032,0
610033,0
610034,0
610035,1
610036,0
610037,0
610038,0
610039,0
610040,0
610041,0
610042,0
610043,0
610044,0
610045,0
610046,0
610047,0
610048,1
610049,0
610050,0
610051,0
610052,0
610053,0
610054,0
610055,0
610056,0
610057,0
610058,0
610059,0
610060,0
610061,0
610062,0
610063,0
610064,0
610065,0
610066,0
610067,0
610068,0
610069,0
610070,0
610071,0
610072,0
610073,0
610074,0
610075,0
610076,0
610077,0
610078,0
610079,0
610080,0
610081,0
610082,0
610083,0
610084,0
610085,0
610086,0
610087,0
610088,0
610089,0
610090,0
610091,0
610092,0
610093,0
610094,0
610095,0
610096,0
610097,0
610098,0
610099,0
610100,0
610101,0
610102,0
610103,0
610104,0
610105,0
610106,0
610107,0
610108,0
610109,0
610110,0
610111,0
610112,0
610113,0
610114,0
610115,0
610116,0
610117,0
610118,0
610119,0
610120,0
610121,0
610122,0
610123,0
610124,0
610125,0
610126,0
610127,0
610128,0
610129,0
610130,0
610131,0
610132,0
610133,0
610134,0
610135,0
610136,1
610137,0
610138,0
610139,0
610140,0
610141,0
610142,0
610143,0
610144,0
610145,1
610146,0
610147,0
610148,0
610149,0
610150,0
610151,0
610152,0
610153,0
610154,0
610155,0
610156,0
610157,0
610158,0
610159,0
610160,0
610161,0
610162,0
610163,0
610164,0
610165,0
610166,0
610167,0
610168,0
610169,0
610170,0
610171,0
610172,0
610173,0
610174,0
610175,0
610176,0
610177,0
610178,0
610179,0
610180,0
610181,0
610182,0
610183,0
610184,0
610185,0
610186,0
610187,0
610188,0
610189,0
610190,0
610191,0
610192,0
610193,0
610194,0
610195,0
610196,0
610197,0
610198,0
610199,0
610200,0
610201,0
610202,0
610203,0
610204,0
610205,0
610206,0
610207,0
610208,0
610209,0
610210,0
610211,0
610212,0
610213,0
610214,0
610215,0
610216,0
610217,0
610218,0
610219,0
610220,0
610221,0
610222,0
610223,0
610224,0
610225,0
610226,0
610227,0
610228,0
610229,0
610230,0
610231,0
610232,0
610233,0
610234,0
610235,0
610236,0
610237,0
610238,0
610239,0
610240,0
610241,0
610242,0
610243,0
610244,0
610245,0
610246,0
610247,0
610248,0
610249,0
610250,0
610251,0
610252,0
610253,0
610254,0
610255,0
610256,0
610257,0
610258,0
610259,0
610260,0
610261,0
610262,0
610263,0
610264,0
610265,0
610266,0
610267,0
610268,0
610269,0
610270,0
610271,0
610272,0
610273,0
610274,0
610275,0
610276,0
610277,0
610278,0
610279,0
610280,0
610281,0
610282,0
610283,0
610284,0
610285,0
610286,0
610287,0
610288,0
610289,0
610290,0
610291,0
610292,0
610293,0
610294,0
610295,0
610296,0
610297,0
610298,0
610299,0
610300,0
610301,0
610302,0
610303,0
610304,0
610305,0
610306,0
610307,0
610308,0
610309,0
610310,0
610311,0
610312,0
610313,0
610314,0
610315,0
610316,0
610317,0
610318,0
610319,0
610320,0
610321,1
610322,0
610323,0
610324,0
610325,0
610326,0
610327,0
610328,0
610329,0
610330,0
610331,0
610332,0
610333,0
610334,0
610335,0
610336,0
610337,0
610338,0
610339,0
610340,0
610341,0
610342,0
610343,0
610344,0
610345,0
610346,0
610347,0
610348,0
610349,0
610350,0
610351,0
610352,0
610353,0
610354,0
610355,0
610356,0
610357,0
610358,0
610359,0
610360,0
610361,0
610362,0
610363,0
610364,0
610365,0
610366,0
610367,0
610368,0
610369,0
610370,0
610371,0
610372,0
610373,0
610374,0
610375,0
610376,0
610377,0
610378,0
610379,0
610380,0
610381,0
610382,0
610383,0
610384,0
610385,0
610386,0
610387,0
610388,0
610389,0
610390,0
610391,0
610392,0
610393,0
610394,1
610395,0
610396,0
610397,0
610398,0
610399,0
610400,0
610401,0
610402,0
610403,0
610404,0
610405,0
610406,0
610407,0
610408,0
610409,0
610410,0
610411,0
610412,0
610413,0
610414,0
610415,0
610416,0
610417,0
610418,0
610419,0
610420,0
610421,0
610422,0
610423,0
610424,0
610425,0
610426,0
610427,0
610428,0
610429,0
610430,0
610431,0
610432,0
610433,0
610434,0
610435,0
610436,0
610437,0
610438,0
610439,0
610440,0
610441,0
610442,0
610443,0
610444,0
610445,0
610446,0
610447,0
610448,0
610449,0
610450,0
610451,0
610452,0
610453,0
610454,0
610455,0
610456,0
610457,0
610458,0
610459,0
610460,0
610461,0
610462,0
610463,0
610464,0
610465,0
610466,0
610467,0
610468,0
610469,0
610470,0
610471,0
610472,0
610473,0
610474,0
610475,0
610476,0
610477,0
610478,0
610479,0
610480,0
610481,0
610482,0
610483,0
610484,0
610485,0
610486,0
610487,0
610488,0
610489,0
610490,0
610491,0
610492,0
610493,0
610494,0
610495,0
610496,0
610497,0
610498,0
610499,0
610500,0
610501,0
610502,0
610503,0
610504,0
610505,0
610506,0
610507,0
610508,0
610509,0
610510,0
610511,0
610512,0
610513,0
610514,0
610515,0
610516,0
610517,0
610518,0
610519,0
610520,0
610521,0
610522,0
610523,0
610524,0
610525,0
610526,0
610527,0
610528,0
610529,0
610530,0
610531,0
610532,0
610533,0
610534,0
610535,0
610536,0
610537,0
610538,0
610539,0
610540,0
610541,0
610542,0
610543,0
610544,0
610545,1
610546,0
610547,0
610548,0
610549,0
610550,0
610551,0
610552,0
610553,0
610554,0
610555,0
610556,0
610557,0
610558,0
610559,0
610560,0
610561,0
610562,0
610563,0
610564,0
610565,0
610566,0
610567,0
610568,0
610569,0
610570,0
610571,0
610572,0
610573,0
610574,0
610575,0
610576,0
610577,0
610578,12
610579,23
610580,0
610581,0
610582,0
610583,0
610584,0
610585,0
610586,5
610587,0
610588,0
610589,0
610590,0
610591,0
610592,7
610593,0
610594,15
610595,0
610596,0
610597,0
610598,0
610599,0
610600,0
610601,0
610602,0
610603,0
610604,0
610605,0
610606,0
610607,0
610608,9
610609,10
610610,0
610611,9
610612,17
610613,7
610614,0
610615,13
610616,11
610617,13
610618,0
610619,0
610620,0
610621,0
610622,15
610623,10
610624,0
610625,0
610626,0
610627,0
610628,0
610629,0
610630,0
610631,0
610632,0
610633,0
610634,0
610635,0
610636,0
610637,11
610638,0
610639,6
610640,0
610641,0
610642,0
610643,0
610644,0
610645,0
610646,0
610647,0
610648,16
610649,0
610650,0
610651,0
610652,0
610653,0
610654,0
610655,6
610656,0
610657,0
610658,0
610659,0
610660,0
610661,0
610662,0
610663,5
610664,0
610665,12
610666,14
610667,7
610668,0
610669,0
610670,0
610671,0
610672,0
610673,16
610674,0
610675,0
610676,0
610677,0
610678,0
610679,0
610680,0
610681,0
610682,0
610683,0
610684,0
610685,0
610686,0
610687,0
610688,0
610689,0
610690,0
610691,0
610692,0
610693,13
610694,0
610695,0
610696,10
610697,0
610698,0
610699,0
610700,0
610701,0
610702,0
610703,8
610704,0
610705,9
610706,0
610707,11
610708,0
610709,0
610710,0
610711,8
610712,8
610713,0
610714,15
610715,12
610716,0
610717,0
610718,0
610719,8
610720,11
610721,0
610722,0
610723,14
610724,0
610725,0
610726,0
610727,0
610728,0
610729,6
610730,0
610731,12
610732,0
610733,0
610734,9
610735,0
610736,19
610737,10
610738,0
610739,8
610740,0
610741,0
610742,0
610743,0
610744,12
610745,0
610746,0
610747,8
610748,0
610749,0
610750,0
610751,11
610752,0
610753,0
610754,0
610755,0
610756,0
610757,11
610758,0
610759,0
610760,9
610761,0
610762,0
610763,0
610764,0
610765,0
610766,0
610767,8
610768,0
610769,0
610770,0
610771,0
610772,9
610773,0
610774,0
610775,10
610776,0
610777,8
610778,0
610779,0
610780,0
610781,11
610782,0
610783,0
610784,0
610785,0
610786,0
610787,0
610788,0
610789,0
610790,0
610791,0
610792,11
610793,0
610794,0
610795,0
610796,0
610797,0
610798,0
610799,0
610800,0
610801,13
610802,0
610803,11
610804,0
610805,0
610806,0
610807,10
610808,0
610809,0
610810,6
610811,0
610812,0
610813,0
610814,12
610815,9
610816,0
610817,0
610818,0
610819,0
610820,0
610821,0
610822,0
610823,0
610824,0
610825,0
610826,0
610827,0
610828,0
610829,0
610830,0
610831,0
610832,0
610833,0
610834,8
610835,15
610836,0
610837,0
610838,0
610839,10
610840,0
610841,10
610842,13
610843,0
610844,0
610845,0
610846,0
610847,9
610848,0
610849,16
610850,0
610851,0
610852,0
610853,0
610854,0
610855,8
610856,0
610857,0
610858,0
610859,0
610860,0
610861,6
610862,0
610863,0
610864,9
610865,0
610866,9
610867,9
610868,0
610869,0
610870,0
610871,0
610872,0
610873,0
610874,0
610875,0
610876,19
610877,0
610878,0
610879,0
610880,0
610881,9
610882,9
610883,0
610884,0
610885,0
610886,0
610887,0
610888,13
610889,0
610890,0
610891,0
610892,0
610893,0
610894,0
610895,0
610896,0
610897,16
610898,12
610899,0
610900,0
610901,0
610902,0
610903,0
610904,0
610905,0
610906,0
610907,0
610908,0
610909,13
610910,0
610911,9
610912,0
610913,7
610914,0
610915,0
610916,0
610917,7
610918,6
610919,0
610920,0
610921,15
610922,0
610923,0
610924,0
610925,0
610926,0
610927,0
610928,0
610929,11
610930,0
610931,0
610932,0
610933,0
610934,0
610935,0
610936,0
610937,0
610938,0
610939,0
610940,0
610941,0
610942,2
610943,15
610944,0
610945,10
610946,0
610947,0
610948,0
610949,0
610950,0
610951,0
610952,0
610953,0
610954,0
610955,0
610956,11
610957,0
610958,9
610959,10
610960,23
610961,0
610962,16
610963,0
610964,0
610965,0
610966,14
610967,0
610968,0
610969,0
610970,0
610971,0
610972,12
610973,13
610974,16
610975,5
610976,0
610977,0
610978,0
610979,0
610980,0
610981,0
610982,0
610983,0
610984,0
610985,0
610986,0
610987,13
610988,0
610989,0
610990,0
610991,23
610992,0
610993,0
610994,11
610995,0
610996,0
610997,0
610998,0
610999,0
611000,0
611001,0
611002,0
611003,0
611004,11
611005,0
611006,0
611007,13
611008,0
611009,9
611010,0
611011,0
611012,0
611013,0
611014,9
611015,0
611016,15
611017,0
611018,11
611019,0
611020,0
611021,0
611022,8
611023,0
611024,10
611025,0
611026,0
611027,0
611028,16
611029,12
611030,0
611031,0
611032,0
611033,0
611034,13
611035,0
611036,12
611037,0
611038,0
611039,0
611040,0
611041,0
611042,0
611043,11
611044,12
611045,0
611046,0
611047,9
611048,0
611049,9
611050,10
611051,0
611052,0
611053,0
611054,0
611055,8
611056,12
611057,0
611058,0
611059,0
611060,0
611061,0
611062,0
611063,0
611064,8
611065,0
611066,0
611067,0
611068,0
611069,12
611070,0
611071,0
611072,0
611073,0
611074,0
611075,0
611076,0
611077,0
611078,0
611079,0
611080,37
611081,0
611082,0
611083,33
611084,0
611085,0
611086,0
611087,31
611088,27
611089,28
611090,0
611091,36
611092,34
611093,0
611094,0
611095,36
611096,0
611097,0
611098,30
611099,36
611100,0
611101,0
611102,0
611103,0
611104,0
611105,0
611106,0
611107,0
611108,33
611109,27
611110,41
611111,39
611112,0
611113,0
611114,0
611115,0
611116,28
611117,0
611118,0
611119,20
611120,0
611121,0
611122,0
611123,0
611124,0
611125,35
611126,0
611127,0
611128,0
611129,31
611130,0
611131,0
611132,29
611133,0
611134,0
611135,0
611136,28
611137,0
611138,0
611139,0
611140,0
611141,0
611142,36
611143,0
611144,0
611145,0
611146,0
611147,0
611148,0
611149,0
611150,0
611151,41
611152,0
611153,29
611154,0
611155,0
611156,0
611157,0
611158,31
611159,0
611160,0
611161,0
611162,0
611163,25
611164,0
611165,0
611166,0
611167,0
611168,0
611169,0
611170,24
611171,0
611172,28
611173,0
611174,0
611175,0
611176,0
611177,0
611178,0
611179,38
611180,0
611181,0
611182,0
611183,0
611184,0
611185,0
611186,0
611187,0
611188,0
611189,0
611190,0
611191,0
611192,0
611193,0
611194,22
611195,0
611196,0
611197,30
611198,0
611199,0
611200,0
611201,0
611202,0
611203,0
611204,0
611205,45
611206,0
611207,0
611208,0
611209,0
611210,0
611211,0
611212,0
611213,0
611214,0
611215,0
611216,0
611217,28
611218,0
611219,32
611220,42
611221,0
611222,0
611223,0
611224,0
611225,59
611226,0
611227,47
611228,0
611229,43
611230,0
611231,0
611232,0
611233,0
611234,0
611235,0
611236,0
611237,0
611238,36
611239,0
611240,34
611241,0
611242,0
611243,0
611244,0
611245,0
611246,26
611247,0
611248,0
611249,24
611250,0
611251,0
611252,0
611253,0
611254,3
611255,0
611256,0
611257,4
611258,0
611259,0
611260,0
611261,2
611262,0
611263,0
611264,2
611265,0
611266,0
611267,3
611268,0
611269,0
611270,0
611271,0
611272,0
611273,2
611274,1
611275,0
611276,0
611277,4
611278,0
611279,2
611280,2
611281,0
611282,0
611283,3
611284,0
611285,1
611286,0
611287,0
611288,0
611289,0
611290,0
611291,0
611292,0
611293,1
611294,0
611295,0
611296,0
611297,0
611298,1
611299,0
611300,3
611301,0
611302,0
611303,0
611304,0
611305,0
611306,0
611307,0
611308,1
611309,0
611310,0
611311,0
611312,0
611313,0
611314,2
611315,0
611316,0
611317,0
611318,0
611319,3
611320,2
611321,0
611322,0
611323,2
611324,1
611325,0
611326,0
611327,0
611328,4
611329,0
611330,0
611331,0
611332,0
611333,0
611334,0
611335,0
611336,0
611337,0
611338,0
611339,0
611340,0
611341,0
611342,3
611343,0
611344,0
611345,0
611346,0
611347,0
611348,0
611349,0
611350,0
611351,0
611352,0
611353,0
611354,0
611355,0
611356,0
611357,0
611358,0
611359,1
611360,0
611361,0
611362,0
611363,0
611364,0
611365,0
611366,0
611367,4
611368,3
611369,0
611370,0
611371,1
611372,3
611373,3
611374,0
611375,0
611376,0
611377,0
611378,0
611379,0
611380,4
611381,0
611382,0
611383,0
611384,3
611385,0
611386,0
611387,0
611388,4
611389,3
611390,0
611391,0
611392,1
611393,0
611394,2
611395,0
611396,0
611397,0
611398,0
611399,0
611400,0
611401,0
611402,0
611403,0
611404,0
611405,0
611406,2
611407,0
611408,2
611409,1
611410,0
611411,0
611412,0
611413,0
611414,0
611415,0
611416,0
611417,3
611418,4
611419,0
611420,0
611421,0
611422,0
611423,0
611424,0
611425,0
611426,0
611427,0
611428,0
611429,0
611430,0
611431,1
611432,0
611433,1
611434,0
611435,0
611436,0
611437,1
611438,3
611439,0
611440,4
611441,0
611442,0
611443,0
611444,0
611445,0
611446,6
611447,0
611448,0
611449,0
611450,0
611451,0
611452,0
611453,3
611454,0
611455,2
611456,0
611457,0
611458,0
611459,0
611460,0
611461,0
611462,0
611463,0
611464,2
611465,0
611466,1
611467,2
611468,0
611469,0
611470,2
611471,0
611472,0
611473,0
611474,0
611475,0
611476,0
611477,0
611478,0
611479,0
611480,0
611481,0
611482,0
611483,0
611484,0
611485,0
611486,0
611487,0
611488,0
611489,0
611490,0
611491,0
611492,0
611493,0
611494,0
611495,0
611496,0
611497,0
611498,0
611499,0
611500,0
611501,0
611502,0
611503,0
611504,0
611505,0
611506,0
611507,0
611508,0
611509,0
611510,0
611511,0
611512,0
611513,0
611514,0
611515,0
611516,0
611517,0
611518,0
611519,0
611520,0
611521,0
611522,0
611523,0
611524,0
611525,0
611526,0
611527,0
611528,0
611529,0
611530,0
611531,0
611532,0
611533,0
611534,0
611535,0
611536,0
611537,0
611538,0
611539,0
611540,0
611541,0
611542,0
611543,0
611544,0
611545,0
611546,0
611547,0
611548,0
611549,0
611550,0
611551,0
611552,0
611553,0
611554,0
611555,0
611556,0
611557,0
611558,0
611559,0
611560,0
611561,0
611562,0
611563,0
611564,0
611565,0
611566,0
611567,0
611568,0
611569,0
611570,0
611571,0
611572,0
611573,0
611574,0
611575,0
611576,0
611577,0
611578,0
611579,0
611580,0
611581,0
611582,0
611583,0
611584,0
611585,0
611586,0
611587,0
611588,0
611589,0
611590,0
611591,0
611592,0
611593,0
611594,0
611595,0
611596,0
611597,0
611598,0
611599,0
611600,0
611601,0
611602,0
611603,0
611604,0
611605,0
611606,0
611607,0
611608,0
611609,0
611610,0
611611,0
611612,0
611613,0
611614,0
611615,0
611616,0
611617,0
611618,0
611619,0
611620,0
611621,0
611622,0
611623,0
611624,0
611625,0
611626,0
611627,0
611628,0
611629,0
611630,0
611631,0
611632,0
611633,0
611634,0
611635,0
611636,0
611637,0
611638,0
611639,0
611640,0
611641,0
611642,0
611643,0
611644,0
611645,0
611646,0
611647,0
611648,0
611649,0
611650,0
611651,0
611652,0
611653,0
611654,0
611655,0
611656,0
611657,0
611658,0
611659,0
611660,0
611661,0
611662,0
611663,0
611664,0
611665,0
611666,0
611667,0
611668,0
611669,0
611670,0
611671,0
611672,0
611673,0
611674,0
611675,0
611676,0
611677,0
611678,0
611679,0
611680,0
611681,0
611682,0
611683,0
611684,0
611685,0
611686,0
611687,0
611688,0
611689,0
611690,0
611691,0
611692,0
611693,0
611694,0
611695,0
611696,0
611697,0
611698,0
611699,0
611700,0
611701,0
611702,0
611703,0
611704,0
611705,0
611706,0
611707,0
611708,0
611709,0
611710,0
611711,0
611712,0
611713,0
611714,0
611715,0
611716,0
611717,0
611718,0
611719,0
611720,0
611721,0
611722,0
611723,0
611724,0
611725,0
611726,0
611727,0
611728,0
611729,0
611730,0
611731,0
611732,0
611733,0
611734,0
611735,0
611736,0
611737,0
611738,0
611739,0
611740,0
611741,0
611742,0
611743,0
611744,0
611745,0
611746,0
611747,0
611748,0
611749,0
611750,0
611751,0
611752,0
611753,0
611754,0
611755,0
611756,0
611757,0
611758,0
611759,0
611760,0
611761,0
611762,0
611763,0
611764,0
611765,0
611766,0
611767,0
611768,0
611769,0
611770,0
611771,0
611772,0
611773,0
611774,0
611775,0
611776,0
611777,0
611778,0
611779,0
611780,0
611781,0
611782,0
611783,0
611784,0
611785,0
611786,0
611787,0
611788,0
611789,0
611790,0
611791,0
611792,0
611793,0
611794,0
611795,0
611796,0
611797,0
611798,0
611799,0
611800,0
611801,0
611802,0
611803,0
611804,0
611805,0
611806,0
611807,0
611808,0
611809,0
611810,0
611811,0
611812,0
611813,0
611814,0
611815,0
611816,0
611817,0
611818,0
611819,0
611820,0
611821,0
611822,0
611823,0
611824,0
611825,0
611826,0
611827,0
611828,0
611829,0
611830,0
611831,0
611832,0
611833,0
611834,0
611835,0
611836,0
611837,0
611838,0
611839,0
611840,0
611841,0
611842,0
611843,0
611844,0
611845,0
611846,0
611847,0
611848,0
611849,0
611850,0
611851,0
611852,0
611853,0
611854,0
611855,0
611856,0
611857,0
611858,0
611859,0
611860,0
611861,0
611862,0
611863,0
611864,0
611865,0
611866,0
611867,0
611868,0
611869,0
611870,0
611871,0
611872,0
611873,0
611874,0
611875,0
611876,0
611877,0
611878,0
611879,0
611880,0
611881,0
611882,0
611883,0
611884,0
611885,0
611886,0
611887,0
611888,0
611889,0
611890,0
611891,0
611892,0
611893,0
611894,0
611895,0
611896,0
611897,0
611898,0
611899,0
611900,0
611901,0
611902,0
611903,0
611904,0
611905,0
611906,0
611907,0
611908,0
611909,0
611910,0
611911,0
611912,0
611913,0
611914,0
611915,0
611916,0
611917,0
611918,0
611919,0
611920,0
611921,0
611922,0
611923,0
611924,0
611925,0
611926,0
611927,0
611928,0
611929,0
611930,0
611931,0
611932,0
611933,0
611934,0
611935,0
611936,0
611937,0
611938,0
611939,0
611940,0
611941,0
611942,0
611943,0
611944,0
611945,0
611946,0
611947,0
611948,0
611949,0
611950,0
611951,0
611952,0
611953,0
611954,0
611955,0
611956,0
611957,0
611958,0
611959,0
611960,0
611961,0
611962,0
611963,0
611964,0
611965,0
611966,0
611967,0
611968,0
611969,0
611970,0
611971,0
611972,0
611973,0
611974,0
611975,0
611976,0
611977,0
611978,0
611979,0
611980,0
611981,0
611982,0
611983,0
611984,0
611985,0
611986,0
611987,0
611988,0
611989,0
611990,0
611991,0
611992,0
611993,0
611994,0
611995,0
611996,0
611997,0
611998,0
611999,0
612000,0
612001,0
612002,0
612003,0
612004,0
612005,0
612006,0
612007,0
612008,0
612009,0
612010,0
612011,0
612012,0
612013,0
612014,0
612015,0
612016,0
612017,0
612018,0
612019,0
612020,0
612021,0
612022,0
612023,0
612024,0
612025,0
612026,0
612027,0
612028,0
612029,0
612030,0
612031,0
612032,0
612033,0
612034,0
612035,0
612036,0
612037,0
612038,0
612039,0
612040,0
612041,0
612042,0
612043,0
612044,0
612045,0
612046,0
612047,0
612048,0
612049,0
612050,0
612051,0
612052,1
612053,0
612054,0
612055,0
612056,0
612057,0
612058,0
612059,0
612060,0
612061,0
612062,0
612063,0
612064,0
612065,0
612066,0
612067,0
612068,0
612069,0
612070,0
612071,0
612072,0
612073,0
612074,0
612075,0
612076,0
612077,0
612078,0
612079,0
612080,0
612081,0
612082,0
612083,0
612084,0
612085,0
612086,0
612087,0
612088,0
612089,0
612090,0
612091,0
612092,0
612093,0
612094,0
612095,0
612096,0
612097,0
612098,0
612099,0
612100,0
612101,0
612102,0
612103,0
612104,0
612105,0
612106,0
612107,0
612108,0
612109,0
612110,0
612111,0
612112,0
612113,0
612114,0
612115,0
612116,0
612117,0
612118,0
612119,0
612120,0
612121,0
612122,0
612123,0
612124,0
612125,0
612126,0
612127,0
612128,0
612129,0
612130,0
612131,0
612132,0
612133,0
612134,0
612135,0
612136,0
612137,0
612138,0
612139,0
612140,0
612141,0
612142,0
612143,0
612144,0
612145,0
612146,0
612147,0
612148,0
612149,0
612150,0
612151,0
612152,0
612153,0
612154,0
612155,0
612156,0
612157,0
612158,0
612159,0
612160,0
612161,0
612162,0
612163,0
612164,0
612165,0
612166,0
612167,0
612168,0
612169,0
612170,0
612171,0
612172,0
612173,0
612174,0
612175,0
612176,0
612177,0
612178,0
612179,0
612180,0
612181,0
612182,0
612183,0
612184,0
612185,0
612186,0
612187,0
612188,0
612189,0
612190,0
612191,0
612192,0
612193,0
612194,0
612195,0
612196,0
612197,0
612198,0
612199,0
612200,0
612201,0
612202,0
612203,0
612204,0
612205,0
612206,0
612207,0
612208,0
612209,0
612210,0
612211,0
612212,0
612213,0
612214,0
612215,0
612216,0
612217,0
612218,0
612219,0
612220,0
612221,0
612222,0
612223,1
612224,0
612225,0
612226,0
612227,0
612228,0
612229,0
612230,0
612231,0
612232,21
612233,0
612234,0
612235,0
612236,0
612237,0
612238,0
612239,0
612240,0
612241,0
612242,0
612243,0
612244,0
612245,0
612246,0
612247,0
612248,0
612249,0
612250,0
612251,0
612252,26
612253,0
612254,0
612255,0
612256,0
612257,0
612258,0
612259,0
612260,0
612261,19
612262,24
612263,0
612264,0
612265,0
612266,0
612267,0
612268,0
612269,0
612270,0
612271,0
612272,0
612273,0
612274,0
612275,0
612276,0
612277,0
612278,0
612279,0
612280,0
612281,0
612282,0
612283,0
612284,0
612285,0
612286,0
612287,0
612288,0
612289,0
612290,0
612291,0
612292,35
612293,0
612294,0
612295,0
612296,0
612297,0
612298,36
612299,0
612300,0
612301,0
612302,0
612303,0
612304,0
612305,0
612306,0
612307,0
612308,21
612309,0
612310,0
612311,0
612312,0
612313,0
612314,37
612315,0
612316,0
612317,25
612318,0
612319,0
612320,36
612321,0
612322,36
612323,0
612324,0
612325,0
612326,0
612327,0
612328,0
612329,0
612330,0
612331,0
612332,0
612333,0
612334,0
612335,0
612336,0
612337,0
612338,0
612339,0
612340,0
612341,0
612342,0
612343,0
612344,19
612345,0
612346,0
612347,0
612348,0
612349,0
612350,0
612351,0
612352,0
612353,0
612354,0
612355,0
612356,0
612357,0
612358,0
612359,0
612360,0
612361,0
612362,0
612363,0
612364,0
612365,0
612366,0
612367,0
612368,0
612369,0
612370,0
612371,0
612372,0
612373,0
612374,0
612375,25
612376,0
612377,0
612378,0
612379,0
612380,0
612381,0
612382,0
612383,0
612384,0
612385,0
612386,0
612387,41
612388,0
612389,0
612390,28
612391,0
612392,0
612393,0
612394,26
612395,0
612396,0
612397,0
612398,0
612399,0
612400,0
612401,0
612402,0
612403,0
612404,0
612405,0
612406,0
612407,0
612408,0
612409,0
612410,0
612411,0
612412,0
612413,0
612414,0
612415,0
612416,0
612417,0
612418,0
612419,0
612420,0
612421,0
612422,0
612423,0
612424,0
612425,0
612426,0
612427,0
612428,0
612429,0
612430,0
612431,0
612432,0
612433,0
612434,0
612435,0
612436,0
612437,36
612438,0
612439,0
612440,0
612441,0
612442,0
612443,0
612444,0
612445,0
612446,0
612447,0
612448,33
612449,0
612450,0
612451,0
612452,0
612453,0
612454,0
612455,0
612456,0
612457,0
612458,17
612459,0
612460,0
612461,0
612462,0
612463,0
612464,0
612465,0
612466,0
612467,37
612468,0
612469,0
612470,0
612471,0
612472,0
612473,0
612474,0
612475,0
612476,0
612477,0
612478,30
612479,0
612480,0
612481,0
612482,0
612483,0
612484,0
612485,0
612486,0
612487,0
612488,0
612489,0
612490,0
612491,0
612492,0
612493,0
612494,0
612495,0
612496,0
612497,0
612498,23
612499,0
612500,31
612501,0
612502,0
612503,33
612504,0
612505,0
612506,0
612507,0
612508,0
612509,0
612510,0
612511,0
612512,0
612513,0
612514,28
612515,0
612516,0
612517,0
612518,0
612519,0
612520,0
612521,0
612522,0
612523,15
612524,0
612525,0
612526,0
612527,0
612528,0
612529,0
612530,18
612531,0
612532,0
612533,46
612534,0
612535,0
612536,0
612537,0
612538,0
612539,21
612540,0
612541,0
612542,0
612543,0
612544,0
612545,0
612546,0
612547,0
612548,0
612549,27
612550,0
612551,28
612552,0
612553,0
612554,0
612555,34
612556,0
612557,0
612558,0
612559,0
612560,27
612561,0
612562,0
612563,0
612564,0
612565,0
612566,0
612567,0
612568,0
612569,46
612570,0
612571,18
612572,0
612573,0
612574,32
612575,0
612576,22
612577,0
612578,0
612579,0
612580,0
612581,0
612582,0
612583,0
612584,0
612585,27
612586,0
612587,0
612588,0
612589,0
612590,0
612591,0
612592,0
612593,0
612594,0
612595,26
612596,0
612597,0
612598,0
612599,0
612600,0
612601,0
612602,0
612603,0
612604,0
612605,0
612606,0
612607,0
612608,0
612609,0
612610,0
612611,0
612612,24
612613,0
612614,0
612615,0
612616,0
612617,0
612618,0
612619,0
612620,0
612621,0
612622,0
612623,27
612624,0
612625,0
612626,0
612627,0
612628,0
612629,0
612630,0
612631,0
612632,0
612633,0
612634,0
612635,0
612636,0
612637,0
612638,0
612639,0
612640,0
612641,29
612642,40
612643,0
612644,0
612645,0
612646,0
612647,0
612648,0
612649,0
612650,0
612651,0
612652,0
612653,0
612654,37
612655,0
612656,0
612657,0
612658,0
612659,0
612660,0
612661,0
612662,0
612663,30
612664,31
612665,0
612666,0
612667,0
612668,0
612669,0
612670,0
612671,0
612672,0
612673,0
612674,0
612675,42
612676,0
612677,26
612678,0
612679,0
612680,30
612681,0
612682,0
612683,0
612684,0
612685,0
612686,0
612687,0
612688,0
612689,0
612690,0
612691,0
612692,0
612693,0
612694,0
612695,0
612696,0
612697,0
612698,0
612699,0
612700,0
612701,0
612702,0
612703,0
612704,0
612705,0
612706,0
612707,34
612708,20
612709,0
612710,0
612711,0
612712,32
612713,0
612714,0
612715,0
612716,0
612717,0
612718,33
612719,30
612720,0
612721,0
612722,25
612723,0
612724,27
612725,0
612726,0
612727,0
612728,0
612729,0
612730,0
612731,0
612732,0
612733,0
612734,0
612735,0
612736,0
612737,0
612738,0
612739,0
612740,0
612741,20
612742,29
612743,0
612744,0
612745,0
612746,0
612747,0
612748,0
612749,0
612750,0
612751,0
612752,0
612753,0
612754,0
612755,0
612756,0
612757,0
612758,0
612759,0
612760,0
612761,0
612762,0
612763,0
612764,0
612765,0
612766,0
612767,0
612768,0
612769,0
612770,0
612771,0
612772,0
612773,0
612774,0
612775,0
612776,0
612777,0
612778,0
612779,0
612780,0
612781,0
612782,0
612783,0
612784,19
612785,0
612786,0
612787,33
612788,0
612789,0
612790,0
612791,0
612792,31
612793,0
612794,0
612795,0
612796,0
612797,0
612798,20
612799,0
612800,0
612801,0
612802,0
612803,0
612804,0
612805,0
612806,0
612807,22
612808,0
612809,0
612810,0
612811,0
612812,0
612813,0
612814,0
612815,29
612816,25
612817,0
612818,0
612819,0
612820,0
612821,0
612822,0
612823,0
612824,0
612825,0
612826,0
612827,0
612828,0
612829,15
612830,0
612831,0
612832,0
612833,0
612834,0
612835,0
612836,0
612837,0
612838,44
612839,0
612840,0
612841,0
612842,0
612843,0
612844,28
612845,0
612846,52
612847,0
612848,0
612849,0
612850,47
612851,0
612852,0
612853,0
612854,0
612855,0
612856,34
612857,33
612858,0
612859,28
612860,0
612861,0
612862,46
612863,0
612864,0
612865,0
612866,0
612867,29
612868,0
612869,27
612870,0
612871,22
612872,0
612873,0
612874,0
612875,41
612876,0
612877,0
612878,28
612879,0
612880,0
612881,0
612882,0
612883,0
612884,0
612885,31
612886,0
612887,0
612888,0
612889,35
612890,0
612891,23
612892,0
612893,31
612894,0
612895,0
612896,0
612897,0
612898,0
612899,0
612900,0
612901,0
612902,0
612903,33
612904,0
612905,0
612906,34
612907,0
612908,0
612909,0
612910,48
612911,0
612912,0
612913,0
612914,25
612915,0
612916,0
612917,0
612918,0
612919,0
612920,0
612921,0
612922,0
612923,0
612924,0
612925,0
612926,0
612927,0
612928,39
612929,0
612930,44
612931,0
612932,0
612933,0
612934,0
612935,0
612936,0
612937,0
612938,28
612939,0
612940,0
612941,0
612942,0
612943,0
612944,0
612945,45
612946,0
612947,0
612948,39
612949,0
612950,29
612951,0
612952,0
612953,0
612954,0
612955,30
612956,0
612957,0
612958,0
612959,0
612960,0
612961,0
612962,0
612963,0
612964,0
612965,0
612966,0
612967,0
612968,0
612969,0
612970,0
612971,0
612972,29
612973,0
612974,32
612975,0
612976,0
612977,38
612978,43
612979,0
612980,38
612981,38
612982,0
612983,26
612984,0
612985,0
612986,0
612987,0
612988,37
612989,0
612990,20
612991,30
612992,0
612993,0
612994,0
612995,0
612996,0
612997,0
612998,0
612999,0
613000,33
613001,0
613002,0
613003,0
613004,0
613005,0
613006,0
613007,0
613008,0
613009,0
613010,0
613011,0
613012,27
613013,0
613014,23
613015,0
613016,0
613017,0
613018,0
613019,0
613020,0
613021,0
613022,0
613023,0
613024,0
613025,0
613026,0
613027,0
613028,0
613029,23
613030,29
613031,0
613032,0
613033,0
613034,0
613035,0
613036,0
613037,0
613038,0
613039,18
613040,0
613041,0
613042,0
613043,0
613044,25
613045,0
613046,69
613047,0
613048,0
613049,0
613050,0
613051,0
613052,0
613053,0
613054,0
613055,0
613056,0
613057,35
613058,26
613059,0
613060,33
613061,27
613062,0
613063,0
613064,0
613065,32
613066,0
613067,0
613068,0
613069,0
613070,0
613071,0
613072,26
613073,0
613074,0
613075,29
613076,26
613077,27
613078,0
613079,0
613080,0
613081,0
613082,0
613083,0
613084,0
613085,0
613086,0
613087,0
613088,42
613089,0
613090,0
613091,0
613092,0
613093,0
613094,18
613095,29
613096,0
613097,24
613098,35
613099,0
613100,0
613101,0
613102,0
613103,0
613104,0
613105,0
613106,37
613107,36
613108,0
613109,0
613110,26
613111,0
613112,26
613113,0
613114,0
613115,39
613116,36
613117,0
613118,0
613119,0
613120,0
613121,0
613122,0
613123,30
613124,0
613125,0
613126,0
613127,0
613128,0
613129,0
613130,0
613131,0
613132,0
613133,0
613134,0
613135,0
613136,0
613137,0
613138,0
613139,34
613140,0
613141,0
613142,33
613143,0
613144,0
613145,0
613146,0
613147,34
613148,0
613149,0
613150,0
613151,0
613152,0
613153,20
613154,43
613155,0
613156,0
613157,0
613158,0
613159,0
613160,0
613161,26
613162,27
613163,20
613164,0
613165,0
613166,0
613167,0
613168,0
613169,29
613170,0
613171,0
613172,0
613173,0
613174,0
613175,0
613176,0
613177,0
613178,0
613179,0
613180,0
613181,0
613182,0
613183,0
613184,0
613185,0
613186,0
613187,0
613188,0
613189,0
613190,0
613191,0
613192,0
613193,0
613194,40
613195,0
613196,45
613197,0
613198,0
613199,18
613200,0
613201,0
613202,0
613203,35
613204,0
613205,57
613206,0
613207,0
613208,0
613209,0
613210,0
613211,36
613212,0
613213,0
613214,0
613215,33
613216,0
613217,0
613218,0
613219,0
613220,0
613221,0
613222,0
613223,0
613224,0
613225,0
613226,0
613227,0
613228,0
613229,0
613230,0
613231,0
613232,36
613233,0
613234,0
613235,0
613236,35
613237,0
613238,0
613239,0
613240,0
613241,0
613242,0
613243,0
613244,0
613245,0
613246,0
613247,0
613248,0
613249,0
613250,0
613251,0
613252,0
613253,0
613254,0
613255,0
613256,0
613257,0
613258,0
613259,0
613260,0
613261,37
613262,0
613263,0
613264,0
613265,0
613266,0
613267,0
613268,0
613269,0
613270,0
613271,31
613272,0
613273,0
613274,0
613275,0
613276,0
613277,21
613278,0
613279,0
613280,0
613281,0
613282,0
613283,0
613284,0
613285,43
613286,22
613287,0
613288,27
613289,0
613290,0
613291,0
613292,0
613293,37
613294,0
613295,0
613296,0
613297,0
613298,0
613299,31
613300,0
613301,0
613302,0
613303,0
613304,0
613305,0
613306,0
613307,0
613308,0
613309,0
613310,0
613311,0
613312,0
613313,0
613314,0
613315,0
613316,0
613317,0
613318,0
613319,0
613320,0
613321,0
613322,0
613323,0
613324,0
613325,0
613326,0
613327,20
613328,0
613329,0
613330,0
613331,23
613332,0
613333,27
613334,36
613335,0
613336,0
613337,33
613338,0
613339,0
613340,0
613341,0
613342,0
613343,0
613344,39
613345,31
613346,0
613347,30
613348,0
613349,0
613350,0
613351,0
613352,0
613353,0
613354,31
613355,0
613356,29
613357,0
613358,0
613359,17
613360,0
613361,0
613362,21
613363,0
613364,0
613365,0
613366,0
613367,0
613368,0
613369,0
613370,28
613371,0
613372,0
613373,0
613374,0
613375,33
613376,0
613377,0
613378,0
613379,0
613380,0
613381,32
613382,40
613383,0
613384,0
613385,0
613386,0
613387,0
613388,0
613389,0
613390,0
613391,27
613392,0
613393,0
613394,0
613395,0
613396,0
613397,0
613398,0
613399,0
613400,0
613401,0
613402,0
613403,24
613404,0
613405,0
613406,15
613407,0
613408,0
613409,0
613410,0
613411,0
613412,25
613413,0
613414,0
613415,34
613416,28
613417,0
613418,0
613419,0
613420,0
613421,0
613422,0
613423,0
613424,42
613425,18
613426,0
613427,0
613428,23
613429,0
613430,49
613431,0
613432,28
613433,0
613434,0
613435,31
613436,0
613437,0
613438,0
613439,0
613440,0
613441,31
613442,0
613443,0
613444,0
613445,0
613446,0
613447,0
613448,0
613449,0
613450,0
613451,0
613452,0
613453,0
613454,0
613455,21
613456,0
613457,0
613458,0
613459,42
613460,0
613461,0
613462,0
613463,0
613464,20
613465,0
613466,0
613467,0
613468,0
613469,0
613470,0
613471,0
613472,32
613473,35
613474,24
613475,35
613476,0
613477,0
613478,0
613479,0
613480,17
613481,19
613482,0
613483,0
613484,0
613485,0
613486,0
613487,23
613488,0
613489,42
613490,27
613491,24
613492,25
613493,0
613494,0
613495,0
613496,0
613497,41
613498,0
613499,0
613500,0
613501,0
613502,0
613503,37
613504,0
613505,0
613506,0
613507,0
613508,0
613509,0
613510,0
613511,0
613512,0
613513,0
613514,0
613515,0
613516,0
613517,0
613518,0
613519,21
613520,0
613521,0
613522,0
613523,0
613524,0
613525,0
613526,0
613527,0
613528,0
613529,21
613530,0
613531,0
613532,0
613533,0
613534,0
613535,0
613536,0
613537,0
613538,0
613539,0
613540,0
613541,0
613542,0
613543,0
613544,0
613545,0
613546,0
613547,0
613548,22
613549,0
613550,0
613551,0
613552,0
613553,0
613554,0
613555,0
613556,35
613557,34
613558,38
613559,0
613560,0
613561,0
613562,0
613563,30
613564,0
613565,35
613566,33
613567,0
613568,0
613569,19
613570,0
613571,0
613572,0
613573,0
613574,0
613575,0
613576,0
613577,0
613578,0
613579,0
613580,29
613581,0
613582,0
613583,0
613584,33
613585,0
613586,0
613587,24
613588,0
613589,15
613590,0
613591,0
613592,0
613593,0
613594,7
613595,0
613596,0
613597,0
613598,0
613599,0
613600,0
613601,0
613602,0
613603,0
613604,0
613605,0
613606,0
613607,0
613608,0
613609,0
613610,0
613611,0
613612,0
613613,0
613614,0
613615,0
613616,0
613617,5
613618,0
613619,0
613620,0
613621,12
613622,4
613623,0
613624,0
613625,11
613626,0
613627,12
613628,0
613629,0
613630,0
613631,0
613632,0
613633,0
613634,0
613635,0
613636,0
613637,7
613638,0
613639,8
613640,0
613641,0
613642,0
613643,0
613644,0
613645,0
613646,0
613647,0
613648,0
613649,0
613650,3
613651,0
613652,0
613653,0
613654,0
613655,11
613656,0
613657,0
613658,15
613659,0
613660,0
613661,0
613662,0
613663,0
613664,0
613665,15
613666,0
613667,0
613668,0
613669,9
613670,0
613671,0
613672,0
613673,9
613674,11
613675,0
613676,0
613677,0
613678,6
613679,7
613680,3
613681,0
613682,7
613683,0
613684,6
613685,0
613686,0
613687,0
613688,0
613689,7
613690,0
613691,0
613692,0
613693,0
613694,0
613695,0
613696,0
613697,0
613698,0
613699,0
613700,0
613701,0
613702,0
613703,0
613704,9
613705,0
613706,0
613707,0
613708,0
613709,5
613710,10
613711,0
613712,0
613713,0
613714,0
613715,0
613716,0
613717,6
613718,0
613719,0
613720,0
613721,0
613722,0
613723,7
613724,0
613725,0
613726,0
613727,0
613728,0
613729,8
613730,7
613731,0
613732,0
613733,0
613734,13
613735,11
613736,0
613737,0
613738,0
613739,12
613740,8
613741,0
613742,0
613743,0
613744,0
613745,6
613746,0
613747,0
613748,0
613749,0
613750,8
613751,11
613752,0
613753,0
613754,0
613755,0
613756,0
613757,0
613758,10
613759,0
613760,0
613761,0
613762,0
613763,0
613764,0
613765,11
613766,0
613767,0
613768,8
613769,0
613770,0
613771,0
613772,0
613773,0
613774,0
613775,0
613776,0
613777,0
613778,0
613779,0
613780,0
613781,0
613782,0
613783,0
613784,0
613785,0
613786,0
613787,0
613788,0
613789,0
613790,0
613791,0
613792,0
613793,0
613794,0
613795,0
613796,0
613797,0
613798,0
613799,0
613800,6
613801,0
613802,5
613803,0
613804,0
613805,0
613806,9
613807,11
613808,0
613809,0
613810,0
613811,0
613812,0
613813,0
613814,0
613815,10
613816,0
613817,0
613818,0
613819,0
613820,0
613821,0
613822,5
613823,0
613824,0
613825,0
613826,0
613827,7
613828,0
613829,0
613830,0
613831,0
613832,0
613833,0
613834,0
613835,10
613836,5
613837,0
613838,0
613839,0
613840,0
613841,0
613842,0
613843,0
613844,0
613845,0
613846,9
613847,0
613848,0
613849,0
613850,0
613851,11
613852,0
613853,0
613854,10
613855,11
613856,0
613857,8
613858,9
613859,0
613860,0
613861,11
613862,0
613863,0
613864,0
613865,0
613866,0
613867,12
613868,0
613869,0
613870,0
613871,0
613872,0
613873,0
613874,0
613875,0
613876,0
613877,0
613878,0
613879,0
613880,0
613881,0
613882,0
613883,0
613884,0
613885,0
613886,0
613887,0
613888,0
613889,14
613890,0
613891,0
613892,0
613893,0
613894,0
613895,0
613896,0
613897,0
613898,0
613899,5
613900,3
613901,9
613902,0
613903,11
613904,0
613905,0
613906,11
613907,0
613908,0
613909,0
613910,0
613911,0
613912,0
613913,13
613914,0
613915,0
613916,0
613917,0
613918,0
613919,0
613920,3
613921,0
613922,8
613923,0
613924,0
613925,0
613926,0
613927,0
613928,0
613929,0
613930,0
613931,13
613932,8
613933,0
613934,0
613935,0
613936,0
613937,0
613938,0
613939,0
613940,17
613941,0
613942,0
613943,0
613944,0
613945,0
613946,3
613947,0
613948,10
613949,0
613950,0
613951,7
613952,6
613953,0
613954,0
613955,0
613956,0
613957,0
613958,0
613959,0
613960,0
613961,0
613962,0
613963,0
613964,0
613965,8
613966,0
613967,11
613968,0
613969,10
613970,3
613971,0
613972,0
613973,0
613974,5
613975,0
613976,13
613977,0
613978,0
613979,0
613980,10
613981,0
613982,0
613983,0
613984,0
613985,0
613986,0
613987,0
613988,7
613989,0
613990,0
613991,0
613992,0
613993,0
613994,19
613995,0
613996,11
613997,0
613998,0
613999,15
614000,0
614001,5
614002,0
614003,4
614004,0
614005,0
614006,0
614007,0
614008,0
614009,0
614010,0
614011,0
614012,0
614013,9
614014,0
614015,0
614016,10
614017,11
614018,0
614019,0
614020,13
614021,0
614022,0
614023,0
614024,0
614025,0
614026,0
614027,0
614028,0
614029,11
614030,0
614031,0
614032,0
614033,0
614034,0
614035,0
614036,0
614037,0
614038,15
614039,0
614040,13
614041,0
614042,0
614043,13
614044,0
614045,0
614046,0
614047,0
614048,11
614049,0
614050,0
614051,0
614052,6
614053,0
614054,0
614055,0
614056,11
614057,0
614058,12
614059,13
614060,0
614061,0
614062,0
614063,0
614064,3
614065,0
614066,0
614067,11
614068,13
614069,0
614070,0
614071,0
614072,0
614073,0
614074,10
614075,0
614076,0
614077,0
614078,9
614079,0
614080,0
614081,0
614082,0
614083,0
614084,0
614085,0
614086,0
614087,0
614088,6
614089,0
614090,0
614091,6
614092,0
614093,0
614094,0
614095,7
614096,0
614097,0
614098,0
614099,8
614100,0
614101,0
614102,0
614103,0
614104,0
614105,0
614106,0
614107,0
614108,0
614109,0
614110,0
614111,0
614112,0
614113,0
614114,12
614115,0
614116,8
614117,0
614118,0
614119,0
614120,0
614121,10
614122,0
614123,0
614124,0
614125,0
614126,0
614127,6
614128,0
614129,0
614130,13
614131,0
614132,0
614133,0
614134,0
614135,0
614136,15
614137,0
614138,0
614139,1
614140,0
614141,0
614142,0
614143,0
614144,0
614145,8
614146,0
614147,0
614148,0
614149,0
614150,0
614151,0
614152,9
614153,0
614154,9
614155,0
614156,0
614157,8
614158,0
614159,0
614160,0
614161,0
614162,0
614163,0
614164,0
614165,13
614166,0
614167,0
614168,0
614169,11
614170,0
614171,0
614172,0
614173,0
614174,0
614175,0
614176,0
614177,0
614178,0
614179,0
614180,7
614181,0
614182,0
614183,0
614184,0
614185,0
614186,0
614187,0
614188,0
614189,0
614190,12
614191,0
614192,0
614193,0
614194,0
614195,0
614196,0
614197,11
614198,0
614199,0
614200,0
614201,0
614202,0
614203,0
614204,0
614205,0
614206,9
614207,0
614208,0
614209,0
614210,0
614211,0
614212,0
614213,0
614214,7
614215,0
614216,0
614217,0
614218,0
614219,0
614220,0
614221,0
614222,0
614223,0
614224,9
614225,0
614226,0
614227,6
614228,0
614229,0
614230,0
614231,0
614232,14
614233,9
614234,0
614235,0
614236,0
614237,0
614238,17
614239,0
614240,0
614241,0
614242,0
614243,0
614244,0
614245,10
614246,0
614247,0
614248,0
614249,0
614250,0
614251,0
614252,0
614253,0
614254,0
614255,9
614256,0
614257,0
614258,0
614259,0
614260,0
614261,14
614262,0
614263,7
614264,17
614265,0
614266,0
614267,2
614268,0
614269,0
614270,0
614271,0
614272,0
614273,0
614274,0
614275,0
614276,0
614277,0
614278,0
614279,0
614280,0
614281,0
614282,0
614283,0
614284,0
614285,0
614286,6
614287,0
614288,6
614289,0
614290,0
614291,0
614292,0
614293,0
614294,10
614295,0
614296,0
614297,0
614298,0
614299,0
614300,14
614301,0
614302,11
614303,0
614304,0
614305,12
614306,6
614307,0
614308,0
614309,0
614310,0
614311,0
614312,0
614313,0
614314,0
614315,4
614316,0
614317,17
614318,0
614319,0
614320,0
614321,0
614322,0
614323,4
614324,29
614325,0
614326,0
614327,0
614328,0
614329,0
614330,23
614331,37
614332,0
614333,0
614334,0
614335,0
614336,0
614337,0
614338,0
614339,0
614340,0
614341,28
614342,0
614343,0
614344,0
614345,0
614346,0
614347,0
614348,0
614349,0
614350,0
614351,0
614352,0
614353,33
614354,0
614355,0
614356,0
614357,0
614358,41
614359,0
614360,0
614361,0
614362,0
614363,0
614364,0
614365,0
614366,0
614367,51
614368,0
614369,0
614370,0
614371,0
614372,0
614373,0
614374,0
614375,0
614376,0
614377,0
614378,0
614379,0
614380,0
614381,0
614382,0
614383,0
614384,0
614385,0
614386,0
614387,18
614388,42
614389,0
614390,21
614391,0
614392,0
614393,18
614394,0
614395,0
614396,0
614397,0
614398,0
614399,0
614400,30
614401,0
614402,32
614403,0
614404,0
614405,0
614406,0
614407,0
614408,0
614409,19
614410,39
614411,0
614412,0
614413,0
614414,0
614415,0
614416,0
614417,0
614418,0
614419,14
614420,21
614421,0
614422,0
614423,0
614424,0
614425,0
614426,17
614427,37
614428,0
614429,13
614430,0
614431,11
614432,0
614433,0
614434,0
614435,0
614436,0
614437,0
614438,0
614439,0
614440,19
614441,31
614442,0
614443,0
614444,0
614445,15
614446,0
614447,0
614448,0
614449,0
614450,0
614451,0
614452,25
614453,28
614454,0
614455,0
614456,0
614457,46
614458,0
614459,22
614460,25
614461,0
614462,0
614463,0
614464,0
614465,25
614466,0
614467,0
614468,45
614469,0
614470,0
614471,35
614472,0
614473,0
614474,0
614475,0
614476,0
614477,0
614478,0
614479,23
614480,0
614481,0
614482,0
614483,0
614484,0
614485,20
614486,0
614487,0
614488,18
614489,0
614490,0
614491,0
614492,0
614493,0
614494,0
614495,0
614496,26
614497,0
614498,0
614499,31
614500,0
614501,0
614502,0
614503,0
614504,0
614505,42
614506,0
614507,0
614508,0
614509,0
614510,0
614511,0
614512,0
614513,0
614514,31
614515,0
614516,45
614517,0
614518,0
614519,0
614520,0
614521,0
614522,48
614523,38
614524,0
614525,0
614526,0
614527,0
614528,0
614529,0
614530,0
614531,0
614532,17
614533,0
614534,22
614535,0
614536,0
614537,0
614538,0
614539,30
614540,0
614541,0
614542,36
614543,21
614544,0
614545,0
614546,0
614547,0
614548,0
614549,0
614550,0
614551,0
614552,0
614553,0
614554,0
614555,0
614556,0
614557,0
614558,44
614559,0
614560,0
614561,17
614562,0
614563,0
614564,0
614565,0
614566,18
614567,0
614568,0
614569,0
614570,0
614571,19
614572,0
614573,37
614574,0
614575,15
614576,0
614577,0
614578,0
614579,0
614580,0
614581,0
614582,21
614583,0
614584,0
614585,0
614586,0
614587,0
614588,0
614589,0
614590,0
614591,0
614592,0
614593,0
614594,0
614595,0
614596,0
614597,0
614598,0
614599,20
614600,0
614601,0
614602,23
614603,0
614604,0
614605,26
614606,0
614607,35
614608,0
614609,0
614610,0
614611,0
614612,0
614613,0
614614,0
614615,32
614616,18
614617,0
614618,29
614619,0
614620,0
614621,36
614622,0
614623,32
614624,23
614625,0
614626,0
614627,0
614628,0
614629,0
614630,0
614631,0
614632,0
614633,0
614634,30
614635,0
614636,0
614637,0
614638,0
614639,0
614640,0
614641,33
614642,0
614643,19
614644,0
614645,0
614646,0
614647,0
614648,0
614649,0
614650,0
614651,0
614652,0
614653,0
614654,26
614655,28
614656,0
614657,9
614658,0
614659,0
614660,0
614661,0
614662,0
614663,0
614664,0
614665,0
614666,26
614667,0
614668,0
614669,0
614670,0
614671,26
614672,0
614673,0
614674,40
614675,0
614676,0
614677,0
614678,0
614679,0
614680,0
614681,31
614682,35
614683,0
614684,26
614685,0
614686,0
614687,0
614688,28
614689,0
614690,0
614691,0
614692,27
614693,20
614694,21
614695,0
614696,0
614697,0
614698,0
614699,29
614700,39
614701,0
614702,0
614703,0
614704,0
614705,0
614706,0
614707,0
614708,0
614709,0
614710,0
614711,0
614712,0
614713,0
614714,0
614715,0
614716,0
614717,0
614718,0
614719,0
614720,0
614721,0
614722,0
614723,0
614724,0
614725,0
614726,0
614727,0
614728,16
614729,0
614730,0
614731,0
614732,30
614733,20
614734,28
614735,0
614736,0
614737,0
614738,33
614739,23
614740,0
614741,18
614742,0
614743,41
614744,0
614745,0
614746,18
614747,0
614748,0
614749,0
614750,0
614751,0
614752,0
614753,39
614754,32
614755,0
614756,0
614757,0
614758,0
614759,0
614760,0
614761,0
614762,0
614763,31
614764,0
614765,22
614766,0
614767,0
614768,0
614769,0
614770,27
614771,0
614772,0
614773,0
614774,0
614775,0
614776,20
614777,0
614778,0
614779,0
614780,0
614781,0
614782,0
614783,0
614784,0
614785,0
614786,0
614787,0
614788,0
614789,0
614790,0
614791,0
614792,0
614793,0
614794,0
614795,0
614796,0
614797,0
614798,0
614799,0
614800,34
614801,0
614802,0
614803,19
614804,0
614805,0
614806,0
614807,0
614808,0
614809,0
614810,0
614811,0
614812,0
614813,23
614814,0
614815,0
614816,7
614817,0
614818,0
614819,28
614820,0
614821,0
614822,25
614823,0
614824,34
614825,0
614826,0
614827,0
614828,0
614829,0
614830,0
614831,0
614832,0
614833,0
614834,0
614835,0
614836,0
614837,0
614838,0
614839,0
614840,0
614841,0
614842,0
614843,37
614844,0
614845,0
614846,25
614847,33
614848,0
614849,0
614850,34
614851,0
614852,0
614853,0
614854,0
614855,0
614856,0
614857,0
614858,29
614859,0
614860,0
614861,0
614862,0
614863,0
614864,36
614865,0
614866,36
614867,0
614868,0
614869,0
614870,0
614871,29
614872,13
614873,0
614874,0
614875,0
614876,0
614877,0
614878,25
614879,36
614880,0
614881,0
614882,0
614883,0
614884,0
614885,17
614886,0
614887,0
614888,0
614889,0
614890,0
614891,0
614892,25
614893,0
614894,0
614895,0
614896,0
614897,0
614898,0
614899,0
614900,37
614901,0
614902,0
614903,0
614904,0
614905,0
614906,62
614907,38
614908,0
614909,0
614910,15
614911,0
614912,0
614913,0
614914,23
614915,0
614916,0
614917,0
614918,0
614919,0
614920,0
614921,0
614922,12
614923,0
614924,0
614925,0
614926,0
614927,0
614928,0
614929,0
614930,0
614931,0
614932,0
614933,0
614934,0
614935,0
614936,0
614937,0
614938,0
614939,0
614940,0
614941,0
614942,0
614943,51
614944,0
614945,0
614946,0
614947,0
614948,0
614949,0
614950,0
614951,0
614952,0
614953,0
614954,17
614955,0
614956,0
614957,28
614958,0
614959,0
614960,0
614961,0
614962,0
614963,0
614964,0
614965,0
614966,0
614967,0
614968,0
614969,0
614970,0
614971,0
614972,0
614973,0
614974,0
614975,0
614976,0
614977,0
614978,0
614979,20
614980,31
614981,0
614982,0
614983,0
614984,0
614985,32
614986,0
614987,23
614988,0
614989,0
614990,0
614991,38
614992,0
614993,0
614994,0
614995,0
614996,0
614997,30
614998,0
614999,0
615000,20
615001,0
615002,0
615003,0
615004,0
615005,24
615006,0
615007,26
615008,0
615009,0
615010,0
615011,0
615012,0
615013,0
615014,33
615015,0
615016,57
615017,0
615018,0
615019,0
615020,0
615021,0
615022,0
615023,0
615024,0
615025,0
615026,0
615027,0
615028,0
615029,21
615030,0
615031,0
615032,0
615033,0
615034,0
615035,27
615036,0
615037,0
615038,0
615039,0
615040,30
615041,0
615042,0
615043,31
615044,0
615045,0
615046,0
615047,0
615048,26
615049,0
615050,0
615051,19
615052,0
615053,35
615054,49
615055,0
615056,0
615057,0
615058,0
615059,32
615060,0
615061,21
615062,0
615063,0
615064,0
615065,0
615066,0
615067,0
615068,0
615069,0
615070,0
615071,0
615072,0
615073,0
615074,0
615075,0
615076,0
615077,0
615078,0
615079,43
615080,0
615081,0
615082,0
615083,0
615084,0
615085,0
615086,24
615087,0
615088,0
615089,0
615090,0
615091,24
615092,0
615093,0
615094,0
615095,0
615096,0
615097,52
615098,0
615099,0
615100,0
615101,0
615102,0
615103,0
615104,0
615105,0
615106,0
615107,0
615108,0
615109,0
615110,0
615111,0
615112,0
615113,0
615114,0
615115,0
615116,31
615117,0
615118,14
615119,0
615120,0
615121,34
615122,0
615123,23
615124,0
615125,0
615126,12
615127,0
615128,0
615129,0
615130,27
615131,16
615132,0
615133,0
615134,0
615135,26
615136,44
615137,0
615138,38
615139,0
615140,0
615141,0
615142,0
615143,0
615144,0
615145,20
615146,0
615147,0
615148,0
615149,0
615150,0
615151,34
615152,54
615153,0
615154,0
615155,0
615156,0
615157,0
615158,0
615159,0
615160,0
615161,0
615162,0
615163,0
615164,31
615165,32
615166,0
615167,0
615168,0
615169,0
615170,0
615171,29
615172,0
615173,0
615174,22
615175,0
615176,33
615177,0
615178,0
615179,0
615180,0
615181,0
615182,0
615183,0
615184,30
615185,0
615186,0
615187,0
615188,0
615189,0
615190,0
615191,0
615192,0
615193,0
615194,0
615195,0
615196,0
615197,35
615198,0
615199,0
615200,0
615201,0
615202,51
615203,0
615204,0
615205,0
615206,43
615207,56
615208,0
615209,0
615210,0
615211,0
615212,0
615213,0
615214,0
615215,0
615216,0
615217,32
615218,0
615219,0
615220,0
615221,0
615222,0
615223,0
615224,0
615225,0
615226,0
615227,0
615228,0
615229,30
615230,0
615231,0
615232,0
615233,0
615234,41
615235,0
615236,0
615237,0
615238,0
615239,0
615240,0
615241,0
615242,0
615243,18
615244,0
615245,0
615246,0
615247,38
615248,27
615249,0
615250,0
615251,0
615252,38
615253,22
615254,0
615255,0
615256,0
615257,0
615258,0
615259,20
615260,0
615261,0
615262,0
615263,0
615264,0
615265,0
615266,0
615267,0
615268,0
615269,0
615270,1
615271,0
615272,0
615273,0
615274,0
615275,3
615276,0
615277,2
615278,0
615279,0
615280,0
615281,0
615282,0
615283,0
615284,0
615285,0
615286,0
615287,0
615288,0
615289,0
615290,0
615291,0
615292,0
615293,0
615294,0
615295,0
615296,0
615297,0
615298,0
615299,0
615300,0
615301,0
615302,0
615303,0
615304,0
615305,0
615306,0
615307,0
615308,0
615309,0
615310,0
615311,0
615312,0
615313,0
615314,0
615315,0
615316,0
615317,0
615318,0
615319,4
615320,0
615321,0
615322,0
615323,0
615324,0
615325,0
615326,0
615327,0
615328,0
615329,0
615330,0
615331,0
615332,0
615333,0
615334,0
615335,0
615336,0
615337,0
615338,0
615339,0
615340,0
615341,0
615342,0
615343,0
615344,0
615345,0
615346,0
615347,0
615348,1
615349,0
615350,2
615351,0
615352,0
615353,0
615354,0
615355,0
615356,1
615357,0
615358,0
615359,0
615360,0
615361,0
615362,0
615363,0
615364,0
615365,0
615366,0
615367,0
615368,0
615369,0
615370,0
615371,0
615372,0
615373,0
615374,0
615375,0
615376,0
615377,0
615378,0
615379,0
615380,1
615381,0
615382,0
615383,0
615384,0
615385,0
615386,0
615387,0
615388,0
615389,0
615390,0
615391,0
615392,0
615393,0
615394,0
615395,0
615396,0
615397,0
615398,0
615399,0
615400,0
615401,0
615402,0
615403,0
615404,0
615405,0
615406,0
615407,0
615408,0
615409,0
615410,0
615411,0
615412,0
615413,0
615414,0
615415,0
615416,0
615417,0
615418,0
615419,0
615420,0
615421,0
615422,0
615423,0
615424,0
615425,0
615426,0
615427,0
615428,0
615429,0
615430,0
615431,0
615432,1
615433,0
615434,0
615435,0
615436,0
615437,0
615438,0
615439,0
615440,0
615441,0
615442,0
615443,0
615444,0
615445,0
615446,0
615447,0
615448,0
615449,0
615450,0
615451,0
615452,0
615453,0
615454,0
615455,0
615456,0
615457,0
615458,0
615459,0
615460,0
615461,0
615462,0
615463,0
615464,0
615465,0
615466,0
615467,0
615468,0
615469,0
615470,2
615471,0
615472,0
615473,0
615474,0
615475,0
615476,0
615477,0
615478,0
615479,0
615480,0
615481,0
615482,0
615483,0
615484,0
615485,0
615486,3
615487,0
615488,0
615489,0
615490,0
615491,0
615492,0
615493,0
615494,0
615495,2
615496,0
615497,0
615498,0
615499,0
615500,0
615501,0
615502,0
615503,0
615504,0
615505,0
615506,0
615507,0
615508,0
615509,0
615510,0
615511,0
615512,0
615513,4
615514,0
615515,0
615516,0
615517,0
615518,0
615519,0
615520,0
615521,0
615522,0
615523,0
615524,0
615525,0
615526,0
615527,0
615528,0
615529,0
615530,0
615531,0
615532,0
615533,0
615534,0
615535,0
615536,0
615537,0
615538,0
615539,0
615540,0
615541,0
615542,0
615543,0
615544,0
615545,2
615546,0
615547,0
615548,0
615549,0
615550,0
615551,0
615552,0
615553,0
615554,0
615555,0
615556,0
615557,0
615558,0
615559,0
615560,0
615561,0
615562,0
615563,0
615564,0
615565,0
615566,0
615567,0
615568,0
615569,0
615570,0
615571,0
615572,1
615573,0
615574,0
615575,0
615576,5
615577,0
615578,0
615579,0
615580,0
615581,0
615582,0
615583,0
615584,0
615585,0
615586,0
615587,0
615588,0
615589,0
615590,0
615591,0
615592,0
615593,0
615594,0
615595,0
615596,0
615597,0
615598,0
615599,0
615600,0
615601,0
615602,0
615603,0
615604,0
615605,0
615606,0
615607,0
615608,0
615609,0
615610,0
615611,0
615612,0
615613,0
615614,0
615615,0
615616,0
615617,0
615618,1
615619,0
615620,0
615621,0
615622,0
615623,0
615624,0
615625,0
615626,0
615627,0
615628,0
615629,0
615630,0
615631,0
615632,0
615633,0
615634,0
615635,0
615636,0
615637,0
615638,0
615639,0
615640,0
615641,0
615642,0
615643,0
615644,0
615645,0
615646,0
615647,0
615648,4
615649,0
615650,0
615651,0
615652,0
615653,0
615654,0
615655,0
615656,0
615657,0
615658,0
615659,0
615660,0
615661,0
615662,0
615663,0
615664,0
615665,0
615666,0
615667,0
615668,0
615669,2
615670,0
615671,0
615672,0
615673,0
615674,0
615675,2
615676,0
615677,0
615678,0
615679,0
615680,0
615681,0
615682,0
615683,0
615684,3
615685,0
615686,0
615687,0
615688,0
615689,0
615690,0
615691,0
615692,0
615693,0
615694,0
615695,0
615696,0
615697,0
615698,0
615699,0
615700,0
615701,0
615702,0
615703,0
615704,0
615705,0
615706,0
615707,0
615708,0
615709,0
615710,0
615711,0
615712,0
615713,0
615714,0
615715,0
615716,0
615717,0
615718,0
615719,0
615720,1
615721,0
615722,0
615723,0
615724,0
615725,0
615726,0
615727,0
615728,0
615729,0
615730,0
615731,0
615732,0
615733,0
615734,0
615735,0
615736,0
615737,0
615738,0
615739,0
615740,0
615741,0
615742,0
615743,0
615744,0
615745,0
615746,0
615747,0
615748,0
615749,0
615750,0
615751,0
615752,0
615753,1
615754,0
615755,0
615756,0
615757,0
615758,0
615759,0
615760,0
615761,0
615762,0
615763,0
615764,0
615765,0
615766,2
615767,0
615768,0
615769,0
615770,0
615771,0
615772,0
615773,0
615774,0
615775,0
615776,0
615777,0
615778,0
615779,0
615780,0
615781,0
615782,0
615783,0
615784,0
615785,0
615786,0
615787,3
615788,0
615789,0
615790,0
615791,0
615792,0
615793,0
615794,0
615795,0
615796,0
615797,0
615798,0
615799,1
615800,0
615801,0
615802,6
615803,1
615804,1
615805,0
615806,0
615807,0
615808,0
615809,1
615810,6
615811,0
615812,0
615813,0
615814,0
615815,0
615816,0
615817,0
615818,0
615819,0
615820,0
615821,0
615822,0
615823,0
615824,0
615825,0
615826,0
615827,0
615828,0
615829,0
615830,0
615831,0
615832,0
615833,0
615834,0
615835,0
615836,0
615837,0
615838,0
615839,0
615840,0
615841,0
615842,0
615843,0
615844,0
615845,0
615846,0
615847,0
615848,0
615849,0
615850,0
615851,0
615852,0
615853,0
615854,0
615855,0
615856,0
615857,0
615858,0
615859,0
615860,0
615861,0
615862,0
615863,0
615864,0
615865,0
615866,0
615867,0
615868,0
615869,0
615870,0
615871,2
615872,0
615873,0
615874,0
615875,0
615876,0
615877,0
615878,0
615879,0
615880,0
615881,0
615882,0
615883,0
615884,0
615885,0
615886,1
615887,0
615888,0
615889,1
615890,0
615891,1
615892,0
615893,0
615894,0
615895,0
615896,0
615897,0
615898,0
615899,0
615900,0
615901,0
615902,0
615903,0
615904,0
615905,0
615906,0
615907,0
615908,0
615909,0
615910,0
615911,0
615912,0
615913,0
615914,0
615915,0
615916,0
615917,0
615918,0
615919,0
615920,0
615921,0
615922,0
615923,0
615924,0
615925,0
615926,0
615927,0
615928,0
615929,0
615930,0
615931,0
615932,0
615933,0
615934,0
615935,0
615936,20
615937,0
615938,0
615939,0
615940,0
615941,0
615942,0
615943,0
615944,0
615945,0
615946,0
615947,0
615948,25
615949,0
615950,0
615951,0
615952,0
615953,0
615954,9
615955,0
615956,0
615957,0
615958,0
615959,0
615960,20
615961,0
615962,0
615963,0
615964,0
615965,0
615966,0
615967,0
615968,0
615969,0
615970,0
615971,0
615972,0
615973,0
615974,0
615975,0
615976,0
615977,28
615978,0
615979,0
615980,0
615981,0
615982,0
615983,0
615984,0
615985,0
615986,0
615987,25
615988,0
615989,21
615990,0
615991,0
615992,0
615993,0
615994,0
615995,0
615996,13
615997,0
615998,0
615999,0
616000,0
616001,0
616002,0
616003,0
616004,16
616005,0
616006,0
616007,0
616008,0
616009,14
616010,0
616011,0
616012,0
616013,0
616014,32
616015,0
616016,0
616017,0
616018,0
616019,0
616020,0
616021,0
616022,18
616023,0
616024,0
616025,0
616026,0
616027,0
616028,0
616029,0
616030,0
616031,0
616032,12
616033,18
616034,0
616035,0
616036,0
616037,0
616038,0
616039,0
616040,0
616041,0
616042,0
616043,0
616044,0
616045,0
616046,0
616047,0
616048,0
616049,0
616050,0
616051,11
616052,0
616053,0
616054,21
616055,0
616056,0
616057,0
616058,0
616059,0
616060,0
616061,0
616062,25
616063,0
616064,0
616065,0
616066,0
616067,0
616068,0
616069,0
616070,0
616071,0
616072,0
616073,0
616074,0
616075,0
616076,0
616077,0
616078,0
616079,0
616080,0
616081,0
616082,0
616083,0
616084,0
616085,0
616086,14
616087,0
616088,0
616089,0
616090,0
616091,15
616092,0
616093,10
616094,0
616095,0
616096,10
616097,0
616098,10
616099,14
616100,0
616101,0
616102,0
616103,15
616104,0
616105,12
616106,0
616107,9
616108,4
616109,5
616110,0
616111,0
616112,0
616113,0
616114,0
616115,13
616116,7
616117,0
616118,0
616119,0
616120,0
616121,0
616122,0
616123,0
616124,0
616125,0
616126,0
616127,0
616128,0
616129,14
616130,8
616131,0
616132,0
616133,4
616134,0
616135,0
616136,0
616137,0
616138,0
616139,0
616140,0
616141,0
616142,8
616143,10
616144,0
616145,0
616146,0
616147,0
616148,0
616149,0
616150,7
616151,0
616152,0
616153,0
616154,0
616155,0
616156,0
616157,0
616158,0
616159,0
616160,0
616161,0
616162,0
616163,0
616164,6
616165,0
616166,7
616167,0
616168,0
616169,3
616170,0
616171,0
616172,0
616173,0
616174,0
616175,14
616176,6
616177,0
616178,6
616179,0
616180,0
616181,9
616182,4
616183,10
616184,0
616185,0
616186,0
616187,0
616188,0
616189,0
616190,7
616191,7
616192,0
616193,0
616194,0
616195,13
616196,0
616197,15
616198,0
616199,0
616200,10
616201,6
616202,0
616203,7
616204,0
616205,0
616206,0
616207,14
616208,4
616209,0
616210,0
616211,0
616212,0
616213,0
616214,11
616215,0
616216,10
616217,0
616218,9
616219,0
616220,0
616221,0
616222,6
616223,0
616224,0
616225,0
616226,0
616227,0
616228,0
616229,0
616230,0
616231,0
616232,0
616233,10
616234,14
616235,0
616236,0
616237,10
616238,0
616239,9
616240,7
616241,0
616242,0
616243,9
616244,0
616245,0
616246,0
616247,0
616248,0
616249,0
616250,0
616251,0
616252,0
616253,0
616254,7
616255,0
616256,0
616257,0
616258,0
616259,0
616260,0
616261,7
616262,6
616263,0
616264,0
616265,0
616266,9
616267,0
616268,0
616269,0
616270,0
616271,0
616272,0
616273,0
616274,0
616275,4
616276,0
616277,0
616278,10
616279,0
616280,13
616281,0
616282,0
616283,8
616284,0
616285,11
616286,0
616287,6
616288,4
616289,0
616290,0
616291,0
616292,14
616293,0
616294,12
616295,0
616296,0
616297,9
616298,9
616299,0
616300,0
616301,0
616302,0
616303,0
616304,0
616305,16
616306,0
616307,0
616308,0
616309,0
616310,0
616311,0
616312,6
616313,0
616314,10
616315,0
616316,0
616317,10
616318,0
616319,0
616320,0
616321,0
616322,0
616323,34
616324,38
616325,0
616326,32
616327,0
616328,0
616329,26
616330,0
616331,0
616332,0
616333,26
616334,43
616335,0
616336,0
616337,0
616338,0
616339,0
616340,0
616341,0
616342,0
616343,0
616344,43
616345,0
616346,0
616347,0
616348,0
616349,35
616350,34
616351,0
616352,0
616353,0
616354,0
616355,0
616356,0
616357,0
616358,30
616359,0
616360,0
616361,0
616362,0
616363,0
616364,0
616365,0
616366,0
616367,0
616368,0
616369,0
616370,0
616371,0
616372,0
616373,0
616374,0
616375,0
616376,0
616377,0
616378,43
616379,0
616380,29
616381,0
616382,0
616383,0
616384,28
616385,0
616386,0
616387,0
616388,0
616389,0
616390,0
616391,0
616392,36
616393,0
616394,35
616395,0
616396,0
616397,0
616398,0
616399,0
616400,38
616401,0
616402,0
616403,0
616404,0
616405,26
616406,0
616407,0
616408,0
616409,0
616410,11
616411,0
616412,0
616413,0
616414,0
616415,0
616416,0
616417,0
616418,24
616419,0
616420,0
616421,0
616422,0
616423,0
616424,0
616425,0
616426,0
616427,0
616428,0
616429,0
616430,0
616431,0
616432,0
616433,0
616434,0
616435,0
616436,0
616437,0
616438,0
616439,0
616440,0
616441,0
616442,0
616443,0
616444,0
616445,0
616446,0
616447,0
616448,39
616449,0
616450,0
616451,0
616452,0
616453,0
616454,0
616455,0
616456,59
616457,0
616458,0
616459,0
616460,0
616461,26
616462,31
616463,27
616464,23
616465,0
616466,0
616467,0
616468,13
616469,0
616470,0
616471,0
616472,0
616473,0
616474,0
616475,0
616476,0
616477,37
616478,0
616479,0
616480,22
616481,0
616482,61
616483,0
616484,0
616485,0
616486,0
616487,0
616488,0
616489,0
616490,0
616491,41
616492,20
616493,0
616494,0
616495,0
616496,0
616497,0
616498,0
616499,0
616500,0
616501,0
616502,0
616503,25
616504,31
616505,0
616506,0
616507,0
616508,28
616509,0
616510,0
616511,0
616512,0
616513,0
616514,0
616515,0
616516,0
616517,0
616518,0
616519,0
616520,0
616521,0
616522,0
616523,0
616524,0
616525,0
616526,0
616527,0
616528,0
616529,0
616530,0
616531,0
616532,0
616533,0
616534,0
616535,28
616536,0
616537,25
616538,0
616539,36
616540,0
616541,0
616542,0
616543,0
616544,0
616545,0
616546,0
616547,0
616548,47
616549,0
616550,33
616551,0
616552,0
616553,0
616554,0
616555,0
616556,0
616557,0
616558,0
616559,0
616560,0
616561,0
616562,0
616563,0
616564,0
616565,0
616566,0
616567,0
616568,0
616569,0
616570,0
616571,50
616572,37
616573,0
616574,0
616575,37
616576,0
616577,0
616578,0
616579,0
616580,0
616581,0
616582,28
616583,26
616584,0
616585,0
616586,0
616587,0
616588,0
616589,0
616590,0
616591,0
616592,32
616593,0
616594,36
616595,27
616596,0
616597,0
616598,0
616599,0
616600,0
616601,0
616602,0
616603,20
616604,0
616605,35
616606,0
616607,0
616608,0
616609,0
616610,0
616611,0
616612,43
616613,0
616614,0
616615,0
616616,0
616617,0
616618,0
616619,0
616620,0
616621,0
616622,0
616623,0
616624,45
616625,50
616626,31
616627,25
616628,30
616629,0
616630,0
616631,32
616632,0
616633,0
616634,0
616635,0
616636,0
616637,0
616638,31
616639,0
616640,0
616641,0
616642,38
616643,0
616644,0
616645,0
616646,0
616647,0
616648,0
616649,0
616650,0
616651,35
616652,0
616653,0
616654,0
616655,0
616656,0
616657,0
616658,0
616659,0
616660,0
616661,0
616662,0
616663,0
616664,0
616665,0
616666,0
616667,25
616668,0
616669,0
616670,0
616671,0
616672,0
616673,0
616674,30
616675,24
616676,0
616677,0
616678,36
616679,0
616680,0
616681,0
616682,0
616683,0
616684,0
616685,0
616686,0
616687,0
616688,0
616689,0
616690,0
616691,0
616692,0
616693,0
616694,0
616695,0
616696,0
616697,0
616698,26
616699,0
616700,0
616701,0
616702,53
616703,0
616704,0
616705,0
616706,0
616707,0
616708,0
616709,7
616710,9
616711,0
616712,4
616713,0
616714,0
616715,8
616716,0
616717,0
616718,0
616719,12
616720,0
616721,16
616722,0
616723,0
616724,0
616725,11
616726,3
616727,0
616728,7
616729,3
616730,0
616731,0
616732,0
616733,6
616734,6
616735,0
616736,0
616737,0
616738,0
616739,0
616740,0
616741,11
616742,0
616743,0
616744,0
616745,0
616746,0
616747,0
616748,0
616749,0
616750,0
616751,0
616752,0
616753,0
616754,0
616755,0
616756,0
616757,5
616758,0
616759,6
616760,0
616761,0
616762,0
616763,0
616764,0
616765,0
616766,0
616767,0
616768,0
616769,0
616770,0
616771,0
616772,0
616773,0
616774,6
616775,0
616776,0
616777,4
616778,0
616779,0
616780,6
616781,0
616782,0
616783,0
616784,2
616785,0
616786,0
616787,3
616788,0
616789,0
616790,0
616791,0
616792,0
616793,0
616794,0
616795,13
616796,0
616797,0
616798,0
616799,0
616800,0
616801,0
616802,0
616803,0
616804,0
616805,0
616806,0
616807,0
616808,0
616809,0
616810,0
616811,0
616812,0
616813,0
616814,0
616815,0
616816,0
616817,0
616818,0
616819,10
616820,0
616821,0
616822,0
616823,0
616824,9
616825,0
616826,8
616827,0
616828,0
616829,0
616830,0
616831,0
616832,0
616833,6
616834,6
616835,0
616836,0
616837,0
616838,0
616839,0
616840,0
616841,0
616842,0
616843,0
616844,0
616845,0
616846,0
616847,5
616848,0
616849,0
616850,0
616851,0
616852,0
616853,11
616854,0
616855,0
616856,0
616857,0
616858,0
616859,12
616860,0
616861,0
616862,9
616863,0
616864,0
616865,0
616866,0
616867,0
616868,0
616869,0
616870,11
616871,0
616872,12
616873,0
616874,0
616875,0
616876,0
616877,0
616878,0
616879,4
616880,0
616881,0
616882,5
616883,17
616884,0
616885,0
616886,0
616887,8
616888,0
616889,0
616890,0
616891,11
616892,10
616893,0
616894,0
616895,0
616896,0
616897,0
616898,6
616899,0
616900,0
616901,13
616902,0
616903,0
616904,0
616905,0
616906,0
616907,0
616908,0
616909,9
616910,5
616911,0
616912,0
616913,6
616914,5
616915,0
616916,0
616917,3
616918,0
616919,0
616920,0
616921,0
616922,0
616923,0
616924,0
616925,0
616926,0
616927,0
616928,0
616929,0
616930,0
616931,4
616932,0
616933,0
616934,9
616935,10
616936,0
616937,0
616938,0
616939,7
616940,0
616941,0
616942,0
616943,8
616944,9
616945,0
616946,0
616947,12
616948,0
616949,11
616950,0
616951,0
616952,12
616953,0
616954,0
616955,0
616956,0
616957,5
616958,0
616959,0
616960,0
616961,0
616962,0
616963,0
616964,0
616965,10
616966,0
616967,0
616968,0
616969,0
616970,0
616971,0
616972,5
616973,0
616974,0
616975,0
616976,0
616977,0
616978,5
616979,0
616980,0
616981,0
616982,8
616983,0
616984,0
616985,0
616986,7
616987,0
616988,10
616989,0
616990,0
616991,5
616992,0
616993,13
616994,0
616995,0
616996,0
616997,0
616998,0
616999,0
617000,0
617001,0
617002,0
617003,0
617004,0
617005,0
617006,0
617007,0
617008,9
617009,0
617010,0
617011,0
617012,0
617013,5
617014,0
617015,0
617016,0
617017,5
617018,0
617019,7
617020,0
617021,0
617022,7
617023,9
617024,0
617025,0
617026,0
617027,11
617028,0
617029,0
617030,0
617031,0
617032,0
617033,7
617034,8
617035,0
617036,0
617037,14
617038,0
617039,0
617040,0
617041,0
617042,0
617043,0
617044,0
617045,0
617046,0
617047,0
617048,12
617049,4
617050,0
617051,0
617052,0
617053,0
617054,0
617055,0
617056,0
617057,0
617058,9
617059,10
617060,0
617061,0
617062,0
617063,0
617064,0
617065,6
617066,0
617067,0
617068,0
617069,11
617070,0
617071,9
617072,0
617073,0
617074,0
617075,0
617076,0
617077,0
617078,0
617079,0
617080,0
617081,0
617082,0
617083,0
617084,0
617085,0
617086,0
617087,0
617088,0
617089,0
617090,11
617091,0
617092,0
617093,5
617094,0
617095,4
617096,0
617097,0
617098,0
617099,0
617100,3
617101,0
617102,0
617103,0
617104,5
617105,0
617106,0
617107,0
617108,0
617109,0
617110,0
617111,0
617112,0
617113,9
617114,0
617115,6
617116,0
617117,0
617118,0
617119,0
617120,0
617121,0
617122,0
617123,0
617124,0
617125,0
617126,0
617127,8
617128,9
617129,0
617130,0
617131,0
617132,0
617133,0
617134,0
617135,0
617136,0
617137,0
617138,8
617139,0
617140,0
617141,0
617142,0
617143,0
617144,0
617145,6
617146,0
617147,0
617148,3
617149,0
617150,11
617151,0
617152,0
617153,5
617154,0
617155,0
617156,0
617157,0
617158,0
617159,0
617160,0
617161,0
617162,0
617163,0
617164,0
617165,0
617166,0
617167,7
617168,9
617169,0
617170,0
617171,0
617172,0
617173,0
617174,0
617175,0
617176,10
617177,0
617178,0
617179,4
617180,0
617181,0
617182,0
617183,5
617184,0
617185,0
617186,0
617187,0
617188,0
617189,0
617190,0
617191,8
617192,0
617193,0
617194,12
617195,0
617196,0
617197,5
617198,6
617199,0
617200,0
617201,0
617202,0
617203,4
617204,0
617205,0
617206,8
617207,7
617208,0
617209,0
617210,5
617211,0
617212,6
617213,7
617214,0
617215,0
617216,0
617217,0
617218,0
617219,3
617220,5
617221,0
617222,5
617223,0
617224,0
617225,0
617226,0
617227,0
617228,0
617229,0
617230,7
617231,0
617232,0
617233,0
617234,0
617235,0
617236,8
617237,6
617238,0
617239,0
617240,0
617241,0
617242,0
617243,0
617244,0
617245,0
617246,0
617247,1
617248,9
617249,0
617250,0
617251,0
617252,0
617253,0
617254,0
617255,4
617256,0
617257,0
617258,0
617259,5
617260,7
617261,8
617262,0
617263,9
617264,7
617265,0
617266,0
617267,0
617268,0
617269,0
617270,0
617271,0
617272,0
617273,0
617274,0
617275,0
617276,0
617277,0
617278,0
617279,0
617280,0
617281,0
617282,11
617283,0
617284,0
617285,0
617286,0
617287,0
617288,0
617289,0
617290,0
617291,0
617292,0
617293,0
617294,0
617295,0
617296,0
617297,0
617298,0
617299,0
617300,9
617301,0
617302,0
617303,0
617304,0
617305,0
617306,0
617307,0
617308,12
617309,0
617310,0
617311,0
617312,0
617313,0
617314,0
617315,0
617316,0
617317,0
617318,0
617319,0
617320,0
617321,0
617322,0
617323,11
617324,0
617325,0
617326,0
617327,0
617328,0
617329,0
617330,0
617331,0
617332,0
617333,0
617334,0
617335,0
617336,0
617337,0
617338,0
617339,0
617340,0
617341,0
617342,0
617343,0
617344,0
617345,0
617346,0
617347,0
617348,0
617349,0
617350,0
617351,0
617352,0
617353,0
617354,0
617355,0
617356,0
617357,0
617358,0
617359,0
617360,0
617361,0
617362,20
617363,0
617364,0
617365,0
617366,0
617367,0
617368,0
617369,0
617370,19
617371,0
617372,0
617373,0
617374,0
617375,0
617376,0
617377,0
617378,0
617379,0
617380,0
617381,0
617382,0
617383,0
617384,0
617385,0
617386,0
617387,0
617388,0
617389,0
617390,0
617391,0
617392,0
617393,0
617394,0
617395,0
617396,0
617397,0
617398,0
617399,0
617400,0
617401,0
617402,0
617403,0
617404,0
617405,0
617406,0
617407,0
617408,0
617409,0
617410,0
617411,0
617412,0
617413,0
617414,0
617415,0
617416,0
617417,0
617418,0
617419,0
617420,0
617421,0
617422,0
617423,0
617424,0
617425,0
617426,0
617427,0
617428,0
617429,0
617430,6
617431,0
617432,0
617433,0
617434,0
617435,14
617436,0
617437,0
617438,0
617439,0
617440,0
617441,0
617442,0
617443,15
617444,0
617445,0
617446,0
617447,0
617448,0
617449,0
617450,0
617451,0
617452,0
617453,0
617454,0
617455,0
617456,0
617457,0
617458,0
617459,0
617460,0
617461,0
617462,0
617463,0
617464,0
617465,0
617466,10
617467,0
617468,0
617469,0
617470,10
617471,0
617472,0
617473,0
617474,0
617475,0
617476,0
617477,0
617478,0
617479,0
617480,0
617481,0
617482,0
617483,0
617484,0
617485,0
617486,4
617487,0
617488,0
617489,0
617490,0
617491,0
617492,0
617493,0
617494,0
617495,0
617496,0
617497,6
617498,0
617499,0
617500,0
617501,0
617502,0
617503,0
617504,0
617505,0
617506,0
617507,0
617508,0
617509,0
617510,0
617511,0
617512,0
617513,19
617514,0
617515,0
617516,0
617517,0
617518,0
617519,0
617520,0
617521,0
617522,0
617523,0
617524,0
617525,0
617526,0
617527,0
617528,0
617529,0
617530,0
617531,0
617532,0
617533,9
617534,0
617535,0
617536,0
617537,0
617538,0
617539,0
617540,0
617541,0
617542,0
617543,0
617544,0
617545,0
617546,0
617547,0
617548,0
617549,0
617550,0
617551,5
617552,0
617553,0
617554,0
617555,0
617556,0
617557,0
617558,0
617559,0
617560,0
617561,0
617562,0
617563,0
617564,9
617565,9
617566,0
617567,0
617568,0
617569,0
617570,0
617571,0
617572,0
617573,0
617574,0
617575,0
617576,0
617577,10
617578,0
617579,0
617580,0
617581,0
617582,0
617583,0
617584,0
617585,0
617586,0
617587,0
617588,0
617589,0
617590,0
617591,0
617592,0
617593,0
617594,0
617595,0
617596,0
617597,0
617598,0
617599,8
617600,0
617601,0
617602,0
617603,12
617604,0
617605,0
617606,0
617607,0
617608,0
617609,0
617610,0
617611,0
617612,0
617613,0
617614,0
617615,0
617616,0
617617,0
617618,0
617619,0
617620,0
617621,0
617622,0
617623,0
617624,0
617625,0
617626,0
617627,9
617628,0
617629,0
617630,0
617631,0
617632,0
617633,0
617634,0
617635,0
617636,0
617637,0
617638,0
617639,0
617640,0
617641,0
617642,0
617643,0
617644,0
617645,0
617646,0
617647,0
617648,0
617649,0
617650,0
617651,0
617652,0
617653,14
617654,0
617655,0
617656,0
617657,0
617658,0
617659,0
617660,17
617661,0
617662,0
617663,0
617664,0
617665,0
617666,0
617667,0
617668,0
617669,0
617670,0
617671,0
617672,0
617673,0
617674,0
617675,0
617676,0
617677,0
617678,0
617679,17
617680,0
617681,0
617682,0
617683,0
617684,0
617685,0
617686,0
617687,30
617688,28
617689,0
617690,0
617691,0
617692,0
617693,0
617694,35
617695,0
617696,0
617697,0
617698,0
617699,0
617700,0
617701,31
617702,0
617703,0
617704,0
617705,0
617706,0
617707,39
617708,0
617709,0
617710,0
617711,0
617712,0
617713,0
617714,0
617715,0
617716,0
617717,0
617718,0
617719,0
617720,0
617721,0
617722,9
617723,0
617724,0
617725,0
617726,0
617727,0
617728,0
617729,0
617730,0
617731,25
617732,0
617733,0
617734,0
617735,0
617736,0
617737,0
617738,0
617739,0
617740,18
617741,0
617742,0
617743,0
617744,0
617745,0
617746,0
617747,0
617748,28
617749,0
617750,0
617751,0
617752,0
617753,0
617754,0
617755,0
617756,51
617757,0
617758,0
617759,0
617760,0
617761,0
617762,0
617763,0
617764,0
617765,23
617766,0
617767,0
617768,0
617769,0
617770,0
617771,0
617772,0
617773,0
617774,0
617775,0
617776,0
617777,0
617778,0
617779,0
617780,0
617781,0
617782,0
617783,0
617784,0
617785,20
617786,0
617787,0
617788,0
617789,0
617790,15
617791,0
617792,0
617793,0
617794,34
617795,0
617796,0
617797,0
617798,0
617799,0
617800,0
617801,0
617802,0
617803,31
617804,0
617805,33
617806,0
617807,0
617808,0
617809,0
617810,0
617811,36
617812,23
617813,22
617814,0
617815,21
617816,0
617817,26
617818,0
617819,0
617820,31
617821,0
617822,28
617823,0
617824,0
617825,0
617826,0
617827,0
617828,0
617829,0
617830,16
617831,0
617832,0
617833,0
617834,0
617835,0
617836,27
617837,0
617838,0
617839,0
617840,0
617841,0
617842,0
617843,0
617844,0
617845,15
617846,22
617847,0
617848,0
617849,0
617850,0
617851,25
617852,33
617853,0
617854,19
617855,0
617856,0
617857,0
617858,0
617859,0
617860,34
617861,0
617862,21
617863,0
617864,0
617865,0
617866,0
617867,24
617868,0
617869,0
617870,0
617871,15
617872,0
617873,0
617874,0
617875,0
617876,0
617877,0
617878,0
617879,0
617880,0
617881,0
617882,0
617883,0
617884,13
617885,0
617886,0
617887,34
617888,0
617889,0
617890,0
617891,0
617892,0
617893,0
617894,0
617895,0
617896,0
617897,0
617898,0
617899,0
617900,0
617901,14
617902,15
617903,0
617904,15
617905,0
617906,0
617907,24
617908,0
617909,0
617910,0
617911,0
617912,0
617913,0
617914,0
617915,0
617916,32
617917,0
617918,0
617919,0
617920,0
617921,0
617922,0
617923,0
617924,35
617925,0
617926,0
617927,0
617928,0
617929,0
617930,0
617931,0
617932,0
617933,0
617934,24
617935,20
617936,0
617937,25
617938,0
617939,22
617940,0
617941,0
617942,0
617943,0
617944,0
617945,0
617946,0
617947,20
617948,0
617949,0
617950,0
617951,0
617952,21
617953,0
617954,0
617955,0
617956,0
617957,25
617958,0
617959,0
617960,0
617961,0
617962,0
617963,0
617964,0
617965,0
617966,16
617967,0
617968,0
617969,0
617970,0
617971,0
617972,0
617973,0
617974,0
617975,0
617976,0
617977,0
617978,0
617979,0
617980,0
617981,0
617982,0
617983,0
617984,24
617985,30
617986,0
617987,0
617988,0
617989,0
617990,0
617991,26
617992,0
617993,0
617994,0
617995,0
617996,0
617997,0
617998,0
617999,0
618000,0
618001,0
618002,0
618003,0
618004,19
618005,28
618006,0
618007,0
618008,0
618009,0
618010,14
618011,0
618012,28
618013,0
618014,0
618015,0
618016,0
618017,0
618018,0
618019,0
618020,23
618021,0
618022,0
618023,0
618024,0
618025,0
618026,0
618027,0
618028,0
618029,0
618030,0
618031,0
618032,0
618033,0
618034,0
618035,0
618036,0
618037,0
618038,0
618039,0
618040,0
618041,36
618042,0
618043,0
618044,0
618045,0
618046,0
618047,0
618048,53
618049,0
618050,0
618051,0
618052,0
618053,0
618054,0
618055,0
618056,0
618057,0
618058,0
618059,0
618060,0
618061,0
618062,34
618063,0
618064,0
618065,0
618066,0
618067,0
618068,0
618069,0
618070,0
618071,27
618072,0
618073,0
618074,0
618075,0
618076,0
618077,0
618078,35
618079,0
618080,0
618081,0
618082,33
618083,32
618084,17
618085,0
618086,0
618087,18
618088,0
618089,0
618090,0
618091,0
618092,20
618093,0
618094,0
618095,0
618096,0
618097,36
618098,0
618099,0
618100,0
618101,0
618102,0
618103,0
618104,0
618105,16
618106,0
618107,0
618108,29
618109,0
618110,0
618111,0
618112,0
618113,0
618114,0
618115,0
618116,0
618117,0
618118,0
618119,0
618120,0
618121,0
618122,0
618123,0
618124,18
618125,0
618126,34
618127,0
618128,28
618129,0
618130,0
618131,0
618132,0
618133,0
618134,0
618135,0
618136,0
618137,0
618138,0
618139,0
618140,0
618141,30
618142,0
618143,37
618144,0
618145,25
618146,0
618147,0
618148,0
618149,0
618150,27
618151,0
618152,0
618153,0
618154,0
618155,26
618156,0
618157,25
618158,0
618159,35
618160,0
618161,28
618162,0
618163,0
618164,0
618165,0
618166,32
618167,0
618168,0
618169,18
618170,36
618171,0
618172,0
618173,0
618174,0
618175,0
618176,0
618177,0
618178,0
618179,0
618180,0
618181,0
618182,21
618183,17
618184,0
618185,0
618186,0
618187,0
618188,15
618189,0
618190,0
618191,0
618192,0
618193,0
618194,0
618195,0
618196,34
618197,19
618198,19
618199,26
618200,0
618201,0
618202,0
618203,0
618204,0
618205,0
618206,0
618207,0
618208,0
618209,0
618210,13
618211,0
618212,0
618213,0
618214,24
618215,0
618216,0
618217,0
618218,14
618219,0
618220,0
618221,0
618222,0
618223,0
618224,0
618225,0
618226,0
618227,0
618228,0
618229,0
618230,0
618231,0
618232,0
618233,0
618234,0
618235,0
618236,20
618237,0
618238,0
618239,0
618240,0
618241,0
618242,0
618243,0
618244,0
618245,0
618246,0
618247,0
618248,0
618249,0
618250,0
618251,0
618252,22
618253,0
618254,0
618255,18
618256,0
618257,49
618258,0
618259,0
618260,0
618261,0
618262,29
618263,0
618264,0
618265,0
618266,21
618267,12
618268,0
618269,0
618270,0
618271,0
618272,0
618273,0
618274,0
618275,0
618276,0
618277,17
618278,0
618279,0
618280,0
618281,0
618282,0
618283,0
618284,0
618285,0
618286,0
618287,25
618288,0
618289,0
618290,26
618291,11
618292,0
618293,0
618294,21
618295,0
618296,0
618297,0
618298,0
618299,0
618300,0
618301,0
618302,0
618303,0
618304,0
618305,19
618306,0
618307,29
618308,0
618309,0
618310,38
618311,0
618312,0
618313,30
618314,0
618315,0
618316,0
618317,31
618318,25
618319,0
618320,24
618321,20
618322,0
618323,0
618324,0
618325,0
618326,0
618327,0
618328,33
618329,0
618330,23
618331,0
618332,0
618333,23
618334,0
618335,0
618336,0
618337,0
618338,0
618339,21
618340,0
618341,0
618342,0
618343,14
618344,0
618345,0
618346,31
618347,0
618348,0
618349,0
618350,23
618351,0
618352,0
618353,0
618354,32
618355,0
618356,0
618357,0
618358,0
618359,0
618360,0
618361,0
618362,0
618363,0
618364,22
618365,0
618366,0
618367,0
618368,0
618369,20
618370,0
618371,0
618372,0
618373,0
618374,18
618375,0
618376,0
618377,0
618378,0
618379,0
618380,25
618381,0
618382,0
618383,0
618384,11
618385,14
618386,0
618387,0
618388,0
618389,0
618390,0
618391,0
618392,0
618393,0
618394,0
618395,0
618396,28
618397,0
618398,0
618399,0
618400,0
618401,20
618402,0
618403,21
618404,0
618405,0
618406,0
618407,0
618408,0
618409,0
618410,0
618411,0
618412,0
618413,0
618414,0
618415,0
618416,0
618417,0
618418,0
618419,25
618420,0
618421,0
618422,0
618423,0
618424,0
618425,0
618426,0
618427,0
618428,24
618429,0
618430,0
618431,18
618432,0
618433,0
618434,0
618435,0
618436,0
618437,20
618438,22
618439,0
618440,0
618441,0
618442,0
618443,21
618444,0
618445,0
618446,0
618447,13
618448,0
618449,0
618450,0
618451,0
618452,0
618453,0
618454,0
618455,0
618456,0
618457,0
618458,0
618459,0
618460,0
618461,0
618462,39
618463,0
618464,20
618465,19
618466,0
618467,0
618468,0
618469,0
618470,23
618471,0
618472,0
618473,0
618474,0
618475,0
618476,0
618477,0
618478,0
618479,0
618480,0
618481,0
618482,0
618483,0
618484,0
618485,0
618486,39
618487,0
618488,0
618489,0
618490,0
618491,0
618492,0
618493,0
618494,27
618495,36
618496,0
618497,0
618498,0
618499,0
618500,0
618501,0
618502,0
618503,0
618504,0
618505,0
618506,27
618507,0
618508,0
618509,0
618510,0
618511,0
618512,0
618513,24
618514,0
618515,0
618516,34
618517,0
618518,0
618519,0
618520,0
618521,0
618522,17
618523,26
618524,0
618525,0
618526,0
618527,0
618528,0
618529,0
618530,0
618531,0
618532,0
618533,0
618534,16
618535,29
618536,0
618537,0
618538,0
618539,0
618540,0
618541,21
618542,22
618543,0
618544,0
618545,24
618546,0
618547,0
618548,0
618549,0
618550,0
618551,0
618552,0
618553,28
618554,14
618555,0
618556,0
618557,0
618558,0
618559,0
618560,10
618561,0
618562,0
618563,0
618564,0
618565,0
618566,23
618567,20
618568,0
618569,0
618570,26
618571,0
618572,0
618573,8
618574,0
618575,0
618576,0
618577,0
618578,0
618579,0
618580,0
618581,0
618582,0
618583,0
618584,0
618585,0
618586,2
618587,0
618588,0
618589,0
618590,0
618591,3
618592,0
618593,0
618594,0
618595,0
618596,0
618597,0
618598,0
618599,0
618600,0
618601,0
618602,0
618603,0
618604,0
618605,0
618606,0
618607,0
618608,5
618609,0
618610,0
618611,0
618612,0
618613,0
618614,0
618615,0
618616,6
618617,0
618618,0
618619,0
618620,0
618621,0
618622,0
618623,0
618624,0
618625,0
618626,0
618627,0
618628,0
618629,0
618630,0
618631,0
618632,0
618633,0
618634,0
618635,0
618636,0
618637,0
618638,0
618639,0
618640,0
618641,0
618642,0
618643,0
618644,0
618645,0
618646,0
618647,0
618648,0
618649,0
618650,0
618651,0
618652,0
618653,0
618654,0
618655,0
618656,0
618657,0
618658,0
618659,0
618660,0
618661,0
618662,0
618663,0
618664,0
618665,0
618666,0
618667,0
618668,0
618669,0
618670,0
618671,0
618672,4
618673,0
618674,0
618675,0
618676,0
618677,0
618678,0
618679,6
618680,0
618681,0
618682,0
618683,0
618684,0
618685,0
618686,0
618687,0
618688,0
618689,0
618690,0
618691,0
618692,0
618693,0
618694,0
618695,0
618696,0
618697,0
618698,2
618699,0
618700,0
618701,0
618702,0
618703,0
618704,0
618705,0
618706,0
618707,0
618708,0
618709,0
618710,0
618711,0
618712,0
618713,0
618714,3
618715,0
618716,0
618717,0
618718,7
618719,0
618720,0
618721,0
618722,0
618723,0
618724,0
618725,0
618726,0
618727,0
618728,0
618729,0
618730,0
618731,0
618732,0
618733,0
618734,0
618735,0
618736,0
618737,0
618738,0
618739,0
618740,0
618741,0
618742,0
618743,0
618744,0
618745,0
618746,0
618747,0
618748,0
618749,0
618750,0
618751,0
618752,0
618753,0
618754,0
618755,0
618756,0
618757,0
618758,11
618759,0
618760,0
618761,0
618762,0
618763,0
618764,0
618765,8
618766,0
618767,0
618768,0
618769,0
618770,0
618771,0
618772,0
618773,7
618774,0
618775,0
618776,2
618777,0
618778,0
618779,0
618780,0
618781,0
618782,0
618783,0
618784,0
618785,0
618786,0
618787,0
618788,0
618789,0
618790,0
618791,0
618792,0
618793,0
618794,0
618795,0
618796,0
618797,2
618798,0
618799,0
618800,0
618801,0
618802,0
618803,0
618804,0
618805,0
618806,0
618807,0
618808,0
618809,0
618810,0
618811,0
618812,0
618813,0
618814,0
618815,0
618816,0
618817,0
618818,0
618819,0
618820,0
618821,0
618822,0
618823,0
618824,0
618825,0
618826,0
618827,0
618828,0
618829,0
618830,0
618831,0
618832,0
618833,0
618834,0
618835,0
618836,0
618837,0
618838,0
618839,0
618840,0
618841,0
618842,0
618843,0
618844,0
618845,0
618846,0
618847,0
618848,0
618849,0
618850,0
618851,0
618852,0
618853,0
618854,0
618855,0
618856,0
618857,0
618858,0
618859,0
618860,0
618861,0
618862,0
618863,0
618864,0
618865,0
618866,0
618867,0
618868,0
618869,0
618870,0
618871,0
618872,5
618873,0
618874,0
618875,1
618876,0
618877,0
618878,0
618879,0
618880,0
618881,0
618882,0
618883,0
618884,0
618885,0
618886,0
618887,0
618888,0
618889,0
618890,5
618891,0
618892,0
618893,4
618894,0
618895,0
618896,0
618897,0
618898,0
618899,0
618900,0
618901,0
618902,0
618903,0
618904,0
618905,0
618906,0
618907,0
618908,0
618909,0
618910,8
618911,0
618912,0
618913,0
618914,0
618915,0
618916,5
618917,0
618918,0
618919,0
618920,0
618921,0
618922,0
618923,0
618924,0
618925,0
618926,0
618927,0
618928,0
618929,0
618930,0
618931,0
618932,0
618933,0
618934,0
618935,0
618936,0
618937,0
618938,0
618939,0
618940,0
618941,0
618942,0
618943,3
618944,0
618945,0
618946,0
618947,0
618948,4
618949,0
618950,0
618951,0
618952,0
618953,0
618954,0
618955,0
618956,0
618957,0
618958,0
618959,4
618960,4
618961,0
618962,0
618963,0
618964,0
618965,0
618966,6
618967,0
618968,0
618969,0
618970,0
618971,0
618972,0
618973,0
618974,0
618975,0
618976,0
618977,0
618978,0
618979,0
618980,0
618981,0
618982,0
618983,0
618984,0
618985,0
618986,4
618987,0
618988,0
618989,0
618990,0
618991,0
618992,0
618993,0
618994,0
618995,0
618996,0
618997,0
618998,0
618999,0
619000,0
619001,0
619002,0
619003,0
619004,0
619005,5
619006,0
619007,0
619008,0
619009,0
619010,0
619011,0
619012,0
619013,0
619014,0
619015,0
619016,0
619017,0
619018,0
619019,0
619020,0
619021,0
619022,0
619023,0
619024,0
619025,0
619026,0
619027,0
619028,0
619029,0
619030,1
619031,0
619032,0
619033,0
619034,0
619035,0
619036,0
619037,0
619038,0
619039,0
619040,0
619041,0
619042,0
619043,3
619044,0
619045,0
619046,0
619047,0
619048,0
619049,0
619050,0
619051,6
619052,0
619053,0
619054,0
619055,0
619056,5
619057,0
619058,0
619059,0
619060,0
619061,4
619062,0
619063,0
619064,0
619065,0
619066,0
619067,0
619068,0
619069,0
619070,0
619071,0
619072,0
619073,0
619074,0
619075,0
619076,0
619077,0
619078,0
619079,0
619080,0
619081,0
619082,0
619083,3
619084,0
619085,0
619086,0
619087,0
619088,0
619089,0
619090,0
619091,0
619092,0
619093,0
619094,0
619095,0
619096,0
619097,3
619098,0
619099,0
619100,0
619101,0
619102,0
619103,0
619104,0
619105,0
619106,0
619107,0
619108,0
619109,0
619110,0
619111,0
619112,0
619113,0
619114,0
619115,0
619116,0
619117,0
619118,0
619119,0
619120,0
619121,7
619122,0
619123,0
619124,0
619125,0
619126,0
619127,0
619128,0
619129,0
619130,0
619131,7
619132,0
619133,0
619134,0
619135,0
619136,0
619137,0
619138,0
619139,0
619140,0
619141,0
619142,0
619143,0
619144,0
619145,0
619146,2
619147,0
619148,0
619149,0
619150,0
619151,0
619152,0
619153,0
619154,0
619155,0
619156,0
619157,2
619158,0
619159,0
619160,0
619161,0
619162,0
619163,0
619164,0
619165,0
619166,0
619167,0
619168,0
619169,0
619170,0
619171,0
619172,0
619173,0
619174,0
619175,4
619176,0
619177,0
619178,0
619179,0
619180,0
619181,0
619182,0
619183,0
619184,0
619185,0
619186,0
619187,0
619188,0
619189,0
619190,0
619191,2
619192,0
619193,0
619194,0
619195,0
619196,0
619197,0
619198,0
619199,0
619200,0
619201,0
619202,0
619203,0
619204,0
619205,0
619206,0
619207,0
619208,0
619209,0
619210,0
619211,0
619212,0
619213,0
619214,0
619215,0
619216,0
619217,0
619218,0
619219,0
619220,0
619221,0
619222,0
619223,0
619224,0
619225,0
619226,0
619227,0
619228,0
619229,0
619230,0
619231,0
619232,0
619233,0
619234,0
619235,0
619236,0
619237,0
619238,0
619239,0
619240,2
619241,0
619242,0
619243,0
619244,0
619245,0
619246,0
619247,0
619248,0
619249,0
619250,0
619251,0
619252,0
619253,0
619254,2
619255,0
619256,0
619257,0
619258,0
619259,0
619260,0
619261,0
619262,0
619263,0
619264,0
619265,0
619266,0
619267,0
619268,0
619269,0
619270,0
619271,0
619272,0
619273,0
619274,0
619275,0
619276,0
619277,0
619278,0
619279,0
619280,0
619281,0
619282,0
619283,0
619284,0
619285,0
619286,0
619287,0
619288,0
619289,0
619290,0
619291,0
619292,0
619293,0
619294,0
619295,0
619296,0
619297,0
619298,0
619299,0
619300,0
619301,0
619302,0
619303,0
619304,0
619305,0
619306,0
619307,0
619308,0
619309,0
619310,0
619311,0
619312,0
619313,0
619314,0
619315,0
619316,0
619317,0
619318,0
619319,0
619320,0
619321,0
619322,0
619323,0
619324,0
619325,0
619326,0
619327,0
619328,0
619329,0
619330,31
619331,0
619332,0
619333,0
619334,0
619335,0
619336,0
619337,0
619338,0
619339,0
619340,31
619341,0
619342,0
619343,0
619344,26
619345,0
619346,13
619347,0
619348,0
619349,0
619350,34
619351,0
619352,0
619353,0
619354,0
619355,0
619356,0
619357,0
619358,0
619359,38
619360,0
619361,0
619362,0
619363,0
619364,0
619365,0
619366,0
619367,0
619368,0
619369,0
619370,48
619371,42
619372,0
619373,43
619374,0
619375,0
619376,0
619377,0
619378,32
619379,0
619380,0
619381,0
619382,0
619383,0
619384,0
619385,0
619386,0
619387,0
619388,0
619389,15
619390,39
619391,0
619392,0
619393,0
619394,0
619395,0
619396,0
619397,0
619398,0
619399,0
619400,0
619401,0
619402,0
619403,29
619404,54
619405,0
619406,0
619407,0
619408,29
619409,0
619410,0
619411,21
619412,0
619413,0
619414,0
619415,0
619416,0
619417,0
619418,15
619419,0
619420,0
619421,0
619422,0
619423,0
619424,0
619425,31
619426,0
619427,0
619428,0
619429,0
619430,0
619431,0
619432,0
619433,0
619434,0
619435,0
619436,0
619437,0
619438,0
619439,0
619440,0
619441,25
619442,0
619443,0
619444,0
619445,0
619446,0
619447,64
619448,0
619449,21
619450,0
619451,0
619452,43
619453,0
619454,34
619455,0
619456,0
619457,44
619458,0
619459,23
619460,0
619461,0
619462,15
619463,0
619464,0
619465,0
619466,0
619467,0
619468,0
619469,0
619470,0
619471,48
619472,0
619473,0
619474,55
619475,90
619476,0
619477,0
619478,27
619479,22
619480,0
619481,0
619482,43
619483,0
619484,0
619485,0
619486,0
619487,0
619488,37
619489,0
619490,0
619491,0
619492,0
619493,0
619494,0
619495,0
619496,0
619497,0
619498,58
619499,0
619500,29
619501,0
619502,0
619503,0
619504,0
619505,0
619506,0
619507,0
619508,0
619509,0
619510,0
619511,0
619512,0
619513,0
619514,0
619515,0
619516,0
619517,0
619518,0
619519,0
619520,0
619521,0
619522,0
619523,0
619524,0
619525,0
619526,0
619527,0
619528,0
619529,0
619530,0
619531,0
619532,0
619533,0
619534,0
619535,0
619536,0
619537,0
619538,0
619539,0
619540,0
619541,0
619542,56
619543,0
619544,23
619545,0
619546,0
619547,0
619548,0
619549,0
619550,0
619551,0
619552,16
619553,0
619554,0
619555,0
619556,0
619557,35
619558,52
619559,0
619560,30
619561,0
619562,0
619563,0
619564,0
619565,0
619566,0
619567,0
619568,25
619569,0
619570,0
619571,0
619572,51
619573,0
619574,25
619575,0
619576,0
619577,17
619578,0
619579,0
619580,0
619581,0
619582,0
619583,0
619584,0
619585,25
619586,12
619587,0
619588,0
619589,0
619590,41
619591,0
619592,0
619593,0
619594,56
619595,0
619596,0
619597,0
619598,0
619599,45
619600,0
619601,36
619602,0
619603,0
619604,0
619605,0
619606,20
619607,0
619608,0
619609,0
619610,0
619611,0
619612,8
619613,0
619614,19
619615,0
619616,0
619617,54
619618,37
619619,0
619620,0
619621,0
619622,0
619623,0
619624,0
619625,0
619626,0
619627,0
619628,0
619629,0
619630,0
619631,0
619632,26
619633,0
619634,0
619635,23
619636,0
619637,0
619638,0
619639,0
619640,0
619641,0
619642,0
619643,0
619644,20
619645,17
619646,15
619647,0
619648,0
619649,0
619650,0
619651,0
619652,73
619653,0
619654,0
619655,0
619656,48
619657,0
619658,0
619659,0
619660,0
619661,30
619662,0
619663,0
619664,0
619665,0
619666,0
619667,0
619668,0
619669,54
619670,47
619671,0
619672,0
619673,0
619674,0
619675,0
619676,49
619677,42
619678,0
619679,0
619680,0
619681,0
619682,0
619683,30
619684,0
619685,0
619686,23
619687,24
619688,0
619689,0
619690,0
619691,0
619692,0
619693,0
619694,0
619695,0
619696,0
619697,0
619698,0
619699,0
619700,0
619701,0
619702,0
619703,0
619704,0
619705,0
619706,0
619707,84
619708,0
619709,0
619710,0
619711,0
619712,0
619713,0
619714,0
619715,0
619716,0
619717,21
619718,0
619719,0
619720,0
619721,38
619722,0
619723,0
619724,0
619725,0
619726,0
619727,0
619728,0
619729,0
619730,0
619731,0
619732,0
619733,79
619734,0
619735,0
619736,0
619737,0
619738,0
619739,0
619740,0
619741,0
619742,58
619743,0
619744,0
619745,0
619746,0
619747,38
619748,0
619749,0
619750,0
619751,0
619752,32
619753,40
619754,0
619755,0
619756,0
619757,28
619758,0
619759,0
619760,0
619761,54
619762,0
619763,0
619764,0
619765,0
619766,0
619767,0
619768,41
619769,0
619770,0
619771,0
619772,0
619773,0
619774,0
619775,0
619776,0
619777,0
619778,0
619779,0
619780,94
619781,0
619782,0
619783,0
619784,0
619785,0
619786,0
619787,14
619788,0
619789,0
619790,0
619791,0
619792,44
619793,52
619794,0
619795,0
619796,0
619797,0
619798,0
619799,0
619800,0
619801,28
619802,0
619803,0
619804,0
619805,0
619806,0
619807,24
619808,41
619809,0
619810,0
619811,0
619812,0
619813,0
619814,0
619815,0
619816,0
619817,0
619818,0
619819,51
619820,0
619821,27
619822,0
619823,37
619824,0
619825,0
619826,52
619827,0
619828,0
619829,0
619830,0
619831,0
619832,0
619833,0
619834,0
619835,0
619836,0
619837,0
619838,62
619839,0
619840,0
619841,0
619842,14
619843,14
619844,0
619845,65
619846,0
619847,0
619848,0
619849,0
619850,0
619851,0
619852,0
619853,0
619854,0
619855,27
619856,0
619857,31
619858,30
619859,0
619860,0
619861,0
619862,16
619863,0
619864,0
619865,0
619866,0
619867,0
619868,0
619869,0
619870,0
619871,32
619872,0
619873,0
619874,0
619875,0
619876,0
619877,0
619878,0
619879,0
619880,0
619881,0
619882,0
619883,35
619884,0
619885,0
619886,0
619887,0
619888,0
619889,0
619890,38
619891,0
619892,0
619893,0
619894,0
619895,38
619896,0
619897,0
619898,0
619899,24
619900,0
619901,0
619902,53
619903,0
619904,0
619905,0
619906,50
619907,0
619908,0
619909,27
619910,0
619911,0
619912,0
619913,0
619914,0
619915,0
619916,38
619917,49
619918,0
619919,0
619920,0
619921,0
619922,0
619923,0
619924,0
619925,0
619926,0
619927,0
619928,0
619929,0
619930,0
619931,0
619932,0
619933,27
619934,0
619935,0
619936,0
619937,0
619938,0
619939,0
619940,0
619941,0
619942,0
619943,0
619944,0
619945,0
619946,0
619947,0
619948,0
619949,0
619950,33
619951,36
619952,0
619953,0
619954,0
619955,10
619956,0
619957,0
619958,0
619959,0
619960,0
619961,0
619962,0
619963,73
619964,0
619965,0
619966,0
619967,0
619968,0
619969,0
619970,0
619971,0
619972,27
619973,0
619974,32
619975,0
619976,0
619977,25
619978,0
619979,0
619980,0
619981,0
619982,0
619983,0
619984,0
619985,0
619986,0
619987,0
619988,0
619989,0
619990,0
619991,0
619992,0
619993,34
619994,16
619995,0
619996,0
619997,0
619998,0
619999,0
620000,0
620001,0
620002,0
620003,0
620004,0
620005,0
620006,0
620007,0
620008,0
620009,27
620010,0
620011,0
620012,0
620013,0
620014,0
620015,0
620016,0
620017,0
620018,0
620019,30
620020,0
620021,0
620022,43
620023,0
620024,0
620025,32
620026,0
620027,0
620028,0
620029,0
620030,0
620031,0
620032,0
620033,0
620034,0
620035,0
620036,0
620037,0
620038,0
620039,0
620040,0
620041,0
620042,0
620043,64
620044,0
620045,0
620046,93
620047,6
620048,0
620049,0
620050,0
620051,0
620052,0
620053,0
620054,0
620055,0
620056,0
620057,0
620058,0
620059,0
620060,30
620061,0
620062,0
620063,0
620064,0
620065,0
620066,0
620067,0
620068,0
620069,0
620070,0
620071,0
620072,0
620073,0
620074,0
620075,0
620076,0
620077,0
620078,0
620079,0
620080,0
620081,33
620082,51
620083,0
620084,0
620085,17
620086,0
620087,0
620088,30
620089,0
620090,0
620091,0
620092,0
620093,0
620094,0
620095,0
620096,0
620097,31
620098,0
620099,0
620100,0
620101,29
620102,0
620103,0
620104,0
620105,0
620106,0
620107,0
620108,0
620109,0
620110,16
620111,0
620112,0
620113,0
620114,0
620115,0
620116,0
620117,0
620118,0
620119,0
620120,42
620121,0
620122,0
620123,45
620124,0
620125,0
620126,0
620127,0
620128,16
620129,0
620130,0
620131,0
620132,0
620133,43
620134,0
620135,0
620136,71
620137,0
620138,0
620139,0
620140,0
620141,0
620142,0
620143,0
620144,0
620145,0
620146,0
620147,0
620148,55
620149,0
620150,0
620151,0
620152,0
620153,0
620154,0
620155,33
620156,0
620157,0
620158,0
620159,0
620160,0
620161,0
620162,0
620163,0
620164,0
620165,0
620166,40
620167,0
620168,0
620169,44
620170,0
620171,0
620172,0
620173,0
620174,0
620175,0
620176,0
620177,42
620178,18
620179,0
620180,0
620181,0
620182,35
620183,60
620184,0
620185,0
620186,0
620187,15
620188,0
620189,0
620190,0
620191,0
620192,0
620193,0
620194,0
620195,10
620196,16
620197,0
620198,0
620199,0
620200,0
620201,0
620202,0
620203,0
620204,0
620205,0
620206,0
620207,0
620208,22
620209,0
620210,0
620211,0
620212,3
620213,0
620214,6
620215,14
620216,0
620217,0
620218,11
620219,28
620220,10
620221,38
620222,0
620223,13
620224,10
620225,0
620226,0
620227,6
620228,14
620229,0
620230,0
620231,0
620232,12
620233,0
620234,0
620235,24
620236,0
620237,0
620238,20
620239,0
620240,0
620241,0
620242,27
620243,0
620244,0
620245,21
620246,29
620247,0
620248,0
620249,0
620250,0
620251,0
620252,0
620253,17
620254,0
620255,0
620256,18
620257,0
620258,0
620259,23
620260,0
620261,26
620262,20
620263,0
620264,0
620265,0
620266,27
620267,30
620268,16
620269,0
620270,13
620271,18
620272,0
620273,44
620274,20
620275,13
620276,0
620277,30
620278,0
620279,0
620280,16
620281,18
620282,0
620283,0
620284,0
620285,0
620286,0
620287,0
620288,0
620289,0
620290,0
620291,0
620292,21
620293,0
620294,0
620295,0
620296,0
620297,0
620298,0
620299,22
620300,22
620301,0
620302,0
620303,0
620304,31
620305,17
620306,0
620307,0
620308,17
620309,0
620310,0
620311,0
620312,8
620313,27
620314,20
620315,0
620316,0
620317,0
620318,0
620319,17
620320,0
620321,0
620322,11
620323,0
620324,0
620325,7
620326,0
620327,17
620328,0
620329,0
620330,15
620331,0
620332,0
620333,0
620334,19
620335,0
620336,52
620337,20
620338,0
620339,0
620340,0
620341,0
620342,0
620343,0
620344,0
620345,0
620346,0
620347,0
620348,0
620349,17
620350,0
620351,0
620352,0
620353,0
620354,15
620355,18
620356,23
620357,0
620358,16
620359,0
620360,0
620361,0
620362,22
620363,17
620364,0
620365,0
620366,0
620367,24
620368,0
620369,8
620370,0
620371,20
620372,29
620373,58
620374,0
620375,0
620376,0
620377,0
620378,19
620379,36
620380,29
620381,0
620382,0
620383,0
620384,0
620385,0
620386,0
620387,24
620388,0
620389,0
620390,0
620391,24
620392,0
620393,0
620394,0
620395,17
620396,0
620397,0
620398,0
620399,0
620400,0
620401,0
620402,11
620403,0
620404,0
620405,11
620406,0
620407,0
620408,24
620409,20
620410,0
620411,0
620412,8
620413,25
620414,18
620415,0
620416,25
620417,0
620418,0
620419,0
620420,0
620421,0
620422,0
620423,16
620424,26
620425,0
620426,6
620427,18
620428,0
620429,0
620430,0
620431,15
620432,17
620433,0
620434,0
620435,14
620436,0
620437,0
620438,0
620439,0
620440,0
620441,0
620442,0
620443,0
620444,0
620445,0
620446,14
620447,0
620448,0
620449,0
620450,15
620451,0
620452,0
620453,16
620454,0
620455,29
620456,0
620457,0
620458,0
620459,21
620460,0
620461,0
620462,24
620463,0
620464,20
620465,0
620466,27
620467,0
620468,0
620469,0
620470,24
620471,0
620472,24
620473,18
620474,0
620475,0
620476,0
620477,39
620478,0
620479,20
620480,0
620481,19
620482,0
620483,0
620484,0
620485,0
620486,0
620487,0
620488,0
620489,0
620490,17
620491,0
620492,0
620493,0
620494,0
620495,0
620496,0
620497,0
620498,0
620499,0
620500,0
620501,11
620502,0
620503,0
620504,0
620505,0
620506,0
620507,0
620508,19
620509,0
620510,0
620511,0
620512,0
620513,13
620514,26
620515,0
620516,0
620517,21
620518,0
620519,0
620520,0
620521,0
620522,23
620523,0
620524,0
620525,0
620526,0
620527,0
620528,0
620529,0
620530,0
620531,0
620532,13
620533,0
620534,0
620535,12
620536,0
620537,0
620538,0
620539,0
620540,19
620541,0
620542,0
620543,10
620544,0
620545,0
620546,13
620547,0
620548,23
620549,21
620550,21
620551,0
620552,0
620553,0
620554,28
620555,25
620556,0
620557,0
620558,0
620559,0
620560,0
620561,30
620562,0
620563,0
620564,0
620565,21
620566,22
620567,0
620568,0
620569,0
620570,0
620571,0
620572,0
620573,0
620574,0
620575,0
620576,0
620577,0
620578,0
620579,0
620580,0
620581,0
620582,0
620583,0
620584,0
620585,0
620586,0
620587,0
620588,0
620589,0
620590,0
620591,0
620592,0
620593,0
620594,0
620595,0
620596,0
620597,0
620598,0
620599,0
620600,0
620601,0
620602,0
620603,0
620604,0
620605,0
620606,0
620607,0
620608,0
620609,0
620610,0
620611,0
620612,0
620613,0
620614,0
620615,0
620616,0
620617,0
620618,0
620619,0
620620,0
620621,0
620622,0
620623,0
620624,0
620625,0
620626,0
620627,0
620628,0
620629,0
620630,0
620631,0
620632,0
620633,0
620634,0
620635,0
620636,0
620637,0
620638,0
620639,0
620640,0
620641,0
620642,0
620643,0
620644,0
620645,0
620646,0
620647,21
620648,23
620649,34
620650,42
620651,0
620652,0
620653,0
620654,0
620655,0
620656,0
620657,0
620658,0
620659,0
620660,0
620661,0
620662,0
620663,0
620664,0
620665,0
620666,0
620667,0
620668,0
620669,0
620670,22
620671,30
620672,0
620673,0
620674,0
620675,0
620676,29
620677,0
620678,0
620679,0
620680,24
620681,0
620682,0
620683,24
620684,0
620685,0
620686,0
620687,41
620688,0
620689,0
620690,0
620691,0
620692,0
620693,0
620694,0
620695,0
620696,22
620697,0
620698,16
620699,0
620700,0
620701,0
620702,0
620703,0
620704,0
620705,24
620706,0
620707,31
620708,0
620709,0
620710,0
620711,0
620712,0
620713,0
620714,0
620715,20
620716,0
620717,0
620718,0
620719,0
620720,0
620721,0
620722,0
620723,0
620724,23
620725,39
620726,0
620727,0
620728,0
620729,0
620730,0
620731,0
620732,0
620733,22
620734,0
620735,0
620736,0
620737,0
620738,0
620739,0
620740,0
620741,0
620742,0
620743,30
620744,34
620745,0
620746,0
620747,0
620748,28
620749,0
620750,25
620751,0
620752,0
620753,0
620754,0
620755,0
620756,0
620757,30
620758,0
620759,0
620760,0
620761,0
620762,0
620763,0
620764,0
620765,0
620766,0
620767,0
620768,0
620769,23
620770,0
620771,25
620772,34
620773,0
620774,20
620775,35
620776,0
620777,0
620778,0
620779,0
620780,0
620781,0
620782,26
620783,22
620784,0
620785,11
620786,27
620787,0
620788,0
620789,0
620790,0
620791,0
620792,0
620793,0
620794,0
620795,0
620796,0
620797,30
620798,0
620799,0
620800,0
620801,27
620802,0
620803,0
620804,0
620805,0
620806,0
620807,0
620808,0
620809,0
620810,0
620811,0
620812,0
620813,0
620814,0
620815,37
620816,0
620817,30
620818,0
620819,46
620820,0
620821,20
620822,0
620823,0
620824,0
620825,0
620826,0
620827,29
620828,0
620829,25
620830,0
620831,0
620832,0
620833,0
620834,0
620835,16
620836,0
620837,27
620838,0
620839,0
620840,0
620841,36
620842,37
620843,0
620844,0
620845,28
620846,46
620847,0
620848,0
620849,0
620850,0
620851,31
620852,0
620853,0
620854,0
620855,0
620856,34
620857,28
620858,0
620859,27
620860,0
620861,0
620862,0
620863,23
620864,0
620865,0
620866,0
620867,22
620868,40
620869,0
620870,0
620871,0
620872,0
620873,29
620874,23
620875,32
620876,0
620877,0
620878,0
620879,0
620880,0
620881,0
620882,0
620883,32
620884,0
620885,0
620886,0
620887,21
620888,0
620889,0
620890,25
620891,0
620892,0
620893,0
620894,0
620895,28
620896,0
620897,22
620898,13
620899,0
620900,21
620901,0
620902,0
620903,0
620904,0
620905,0
620906,0
620907,0
620908,25
620909,0
620910,42
620911,24
620912,0
620913,0
620914,39
620915,0
620916,0
620917,0
620918,0
620919,34
620920,35
620921,0
620922,0
620923,22
620924,0
620925,0
620926,0
620927,0
620928,0
620929,0
620930,30
620931,0
620932,0
620933,37
620934,0
620935,0
620936,0
620937,0
620938,0
620939,0
620940,0
620941,0
620942,0
620943,0
620944,0
620945,0
620946,0
620947,0
620948,17
620949,0
620950,0
620951,0
620952,0
620953,36
620954,31
620955,0
620956,0
620957,17
620958,0
620959,0
620960,0
620961,0
620962,0
620963,0
620964,0
620965,0
620966,22
620967,0
620968,0
620969,0
620970,0
620971,0
620972,0
620973,0
620974,0
620975,0
620976,0
620977,0
620978,0
620979,30
620980,0
620981,0
620982,49
620983,0
620984,19
620985,0
620986,0
620987,0
620988,0
620989,25
620990,0
620991,0
620992,0
620993,38
620994,0
620995,0
620996,0
620997,26
620998,0
620999,0
621000,29
621001,0
621002,0
621003,20
621004,0
621005,0
621006,0
621007,0
621008,25
621009,0
621010,0
621011,33
621012,0
621013,0
621014,0
621015,20
621016,0
621017,0
621018,27
621019,0
621020,0
621021,11
621022,0
621023,0
621024,0
621025,31
621026,0
621027,0
621028,0
621029,0
621030,31
621031,34
621032,0
621033,0
621034,37
621035,0
621036,0
621037,30
621038,0
621039,0
621040,0
621041,21
621042,0
621043,0
621044,0
621045,29
621046,0
621047,0
621048,0
621049,21
621050,0
621051,0
621052,0
621053,0
621054,0
621055,22
621056,21
621057,0
621058,18
621059,0
621060,0
621061,0
621062,0
621063,30
621064,0
621065,0
621066,0
621067,24
621068,0
621069,0
621070,0
621071,35
621072,0
621073,0
621074,0
621075,30
621076,34
621077,0
621078,31
621079,0
621080,31
621081,0
621082,36
621083,0
621084,0
621085,0
621086,0
621087,0
621088,0
621089,0
621090,0
621091,0
621092,0
621093,0
621094,19
621095,0
621096,0
621097,0
621098,35
621099,0
621100,0
621101,0
621102,0
621103,0
621104,0
621105,0
621106,0
621107,0
621108,0
621109,0
621110,0
621111,0
621112,19
621113,0
621114,35
621115,0
621116,0
621117,0
621118,0
621119,0
621120,0
621121,0
621122,23
621123,35
621124,0
621125,0
621126,0
621127,0
621128,0
621129,31
621130,38
621131,0
621132,0
621133,0
621134,22
621135,0
621136,0
621137,0
621138,0
621139,29
621140,0
621141,0
621142,0
621143,0
621144,0
621145,0
621146,0
621147,0
621148,0
621149,0
621150,0
621151,21
621152,29
621153,0
621154,0
621155,0
621156,20
621157,0
621158,32
621159,0
621160,0
621161,0
621162,0
621163,0
621164,0
621165,47
621166,0
621167,0
621168,0
621169,0
621170,29
621171,0
621172,0
621173,0
621174,0
621175,0
621176,0
621177,0
621178,0
621179,0
621180,0
621181,0
621182,0
621183,0
621184,0
621185,0
621186,0
621187,0
621188,0
621189,0
621190,0
621191,0
621192,0
621193,22
621194,0
621195,19
621196,0
621197,26
621198,0
621199,0
621200,0
621201,0
621202,0
621203,0
621204,36
621205,18
621206,0
621207,24
621208,0
621209,0
621210,29
621211,0
621212,29
621213,28
621214,0
621215,24
621216,0
621217,0
621218,0
621219,0
621220,0
621221,0
621222,0
621223,25
621224,0
621225,0
621226,29
621227,36
621228,0
621229,0
621230,0
621231,0
621232,0
621233,0
621234,0
621235,0
621236,0
621237,0
621238,0
621239,0
621240,0
621241,0
621242,0
621243,0
621244,0
621245,0
621246,0
621247,0
621248,0
621249,0
621250,25
621251,26
621252,0
621253,0
621254,0
621255,0
621256,26
621257,0
621258,22
621259,29
621260,0
621261,0
621262,31
621263,0
621264,0
621265,0
621266,0
621267,0
621268,19
621269,37
621270,0
621271,22
621272,0
621273,28
621274,0
621275,0
621276,0
621277,0
621278,0
621279,0
621280,0
621281,0
621282,37
621283,25
621284,22
621285,29
621286,0
621287,22
621288,0
621289,37
621290,0
621291,0
621292,23
621293,0
621294,0
621295,36
621296,0
621297,27
621298,0
621299,0
621300,0
621301,0
621302,29
621303,22
621304,18
621305,0
621306,0
621307,0
621308,17
621309,20
621310,22
621311,0
621312,0
621313,0
621314,0
621315,0
621316,0
621317,0
621318,0
621319,0
621320,0
621321,0
621322,0
621323,0
621324,0
621325,0
621326,0
621327,0
621328,0
621329,0
621330,0
621331,0
621332,0
621333,0
621334,18
621335,0
621336,0
621337,0
621338,0
621339,0
621340,0
621341,0
621342,0
621343,13
621344,0
621345,20
621346,0
621347,29
621348,24
621349,19
621350,0
621351,0
621352,11
621353,0
621354,0
621355,28
621356,0
621357,0
621358,29
621359,0
621360,0
621361,0
621362,0
621363,18
621364,0
621365,0
621366,16
621367,0
621368,17
621369,0
621370,0
621371,0
621372,0
621373,0
621374,0
621375,0
621376,24
621377,0
621378,0
621379,20
621380,30
621381,0
621382,0
621383,25
621384,0
621385,36
621386,0
621387,0
621388,0
621389,0
621390,0
621391,0
621392,0
621393,0
621394,0
621395,16
621396,0
621397,0
621398,0
621399,0
621400,0
621401,0
621402,36
621403,0
621404,0
621405,21
621406,0
621407,0
621408,0
621409,0
621410,0
621411,26
621412,21
621413,18
621414,0
621415,0
621416,0
621417,0
621418,0
621419,17
621420,0
621421,0
621422,0
621423,0
621424,0
621425,0
621426,0
621427,0
621428,17
621429,0
621430,0
621431,0
621432,25
621433,0
621434,23
621435,0
621436,0
621437,0
621438,16
621439,0
621440,34
621441,0
621442,29
621443,0
621444,0
621445,0
621446,0
621447,0
621448,0
621449,23
621450,0
621451,0
621452,0
621453,0
621454,0
621455,0
621456,0
621457,25
621458,26
621459,0
621460,25
621461,22
621462,27
621463,0
621464,0
621465,0
621466,0
621467,0
621468,0
621469,0
621470,0
621471,0
621472,0
621473,0
621474,0
621475,0
621476,0
621477,0
621478,0
621479,19
621480,0
621481,0
621482,0
621483,0
621484,0
621485,0
621486,18
621487,0
621488,0
621489,0
621490,0
621491,14
621492,0
621493,0
621494,0
621495,26
621496,0
621497,33
621498,0
621499,0
621500,17
621501,0
621502,0
621503,23
621504,28
621505,0
621506,26
621507,17
621508,0
621509,0
621510,0
621511,0
621512,0
621513,27
621514,0
621515,39
621516,0
621517,0
621518,0
621519,19
621520,22
621521,24
621522,0
621523,0
621524,0
621525,0
621526,0
621527,30
621528,0
621529,0
621530,0
621531,0
621532,0
621533,0
621534,0
621535,0
621536,0
621537,9
621538,23
621539,0
621540,0
621541,0
621542,0
621543,15
621544,0
621545,28
621546,0
621547,0
621548,0
621549,16
621550,0
621551,0
621552,0
621553,0
621554,0
621555,0
621556,0
621557,0
621558,26
621559,0
621560,0
621561,0
621562,0
621563,15
621564,0
621565,0
621566,0
621567,33
621568,0
621569,17
621570,0
621571,22
621572,0
621573,0
621574,0
621575,0
621576,0
621577,0
621578,0
621579,22
621580,0
621581,13
621582,0
621583,0
621584,0
621585,28
621586,0
621587,0
621588,14
621589,0
621590,0
621591,0
621592,0
621593,0
621594,0
621595,43
621596,0
621597,17
621598,0
621599,0
621600,24
621601,29
621602,0
621603,0
621604,0
621605,0
621606,25
621607,0
621608,0
621609,0
621610,19
621611,0
621612,0
621613,0
621614,22
621615,21
621616,0
621617,0
621618,0
621619,0
621620,0
621621,0
621622,0
621623,0
621624,0
621625,0
621626,0
621627,0
621628,0
621629,20
621630,0
621631,0
621632,0
621633,0
621634,0
621635,0
621636,0
621637,25
621638,0
621639,0
621640,18
621641,0
621642,0
621643,0
621644,0
621645,0
621646,0
621647,0
621648,0
621649,0
621650,0
621651,0
621652,23
621653,0
621654,0
621655,0
621656,22
621657,0
621658,0
621659,0
621660,0
621661,0
621662,0
621663,23
621664,17
621665,0
621666,0
621667,0
621668,0
621669,0
621670,30
621671,0
621672,26
621673,37
621674,0
621675,28
621676,27
621677,0
621678,0
621679,13
621680,0
621681,15
621682,0
621683,0
621684,0
621685,0
621686,0
621687,0
621688,0
621689,0
621690,0
621691,0
621692,0
621693,22
621694,0
621695,0
621696,0
621697,0
621698,0
621699,0
621700,32
621701,27
621702,0
621703,19
621704,0
621705,0
621706,0
621707,0
621708,37
621709,0
621710,0
621711,0
621712,27
621713,0
621714,0
621715,0
621716,23
621717,0
621718,0
621719,32
621720,0
621721,0
621722,0
621723,0
621724,0
621725,21
621726,0
621727,15
621728,21
621729,0
621730,0
621731,0
621732,0
621733,0
621734,0
621735,0
621736,21
621737,0
621738,0
621739,0
621740,0
621741,0
621742,18
621743,0
621744,18
621745,0
621746,16
621747,0
621748,0
621749,19
621750,0
621751,0
621752,0
621753,0
621754,22
621755,0
621756,19
621757,0
621758,0
621759,0
621760,0
621761,0
621762,0
621763,0
621764,0
621765,0
621766,0
621767,0
621768,0
621769,22
621770,0
621771,0
621772,0
621773,20
621774,0
621775,0
621776,0
621777,0
621778,0
621779,31
621780,0
621781,34
621782,0
621783,0
621784,15
621785,0
621786,0
621787,0
621788,0
621789,0
621790,0
621791,0
621792,24
621793,0
621794,0
621795,0
621796,26
621797,10
621798,0
621799,0
621800,0
621801,0
621802,0
621803,24
621804,0
621805,0
621806,0
621807,0
621808,0
621809,21
621810,0
621811,0
621812,11
621813,17
621814,0
621815,22
621816,0
621817,0
621818,0
621819,25
621820,21
621821,0
621822,0
621823,19
621824,0
621825,0
621826,0
621827,0
621828,12
621829,0
621830,10
621831,0
621832,8
621833,20
621834,0
621835,0
621836,0
621837,0
621838,10
621839,0
621840,0
621841,7
621842,0
621843,0
621844,0
621845,10
621846,0
621847,0
621848,0
621849,0
621850,14
621851,0
621852,0
621853,0
621854,17
621855,0
621856,0
621857,0
621858,0
621859,16
621860,19
621861,0
621862,12
621863,21
621864,0
621865,0
621866,0
621867,0
621868,0
621869,25
621870,0
621871,0
621872,22
621873,28
621874,21
621875,0
621876,0
621877,0
621878,11
621879,0
621880,27
621881,0
621882,19
621883,0
621884,22
621885,0
621886,11
621887,15
621888,0
621889,15
621890,0
621891,0
621892,15
621893,20
621894,0
621895,0
621896,25
621897,0
621898,0
621899,0
621900,21
621901,0
621902,0
621903,0
621904,0
621905,19
621906,27
621907,0
621908,0
621909,23
621910,0
621911,0
621912,0
621913,19
621914,5
621915,12
621916,9
621917,0
621918,0
621919,0
621920,24
621921,21
621922,0
621923,0
621924,0
621925,14
621926,0
621927,15
621928,0
621929,20
621930,0
621931,0
621932,0
621933,16
621934,0
621935,9
621936,20
621937,0
621938,0
621939,0
621940,15
621941,0
621942,28
621943,0
621944,15
621945,10
621946,13
621947,0
621948,15
621949,0
621950,0
621951,0
621952,19
621953,0
621954,0
621955,19
621956,0
621957,0
621958,0
621959,0
621960,0
621961,30
621962,0
621963,0
621964,0
621965,0
621966,0
621967,17
621968,0
621969,0
621970,0
621971,0
621972,11
621973,0
621974,0
621975,0
621976,22
621977,0
621978,0
621979,0
621980,0
621981,0
621982,0
621983,20
621984,0
621985,19
621986,0
621987,0
621988,0
621989,0
621990,13
621991,19
621992,0
621993,0
621994,7
621995,0
621996,0
621997,0
621998,16
621999,0
622000,10
622001,11
622002,0
622003,0
622004,0
622005,0
622006,0
622007,0
622008,0
622009,23
622010,12
622011,0
622012,0
622013,0
622014,0
622015,0
622016,0
622017,0
622018,12
622019,31
622020,18
622021,0
622022,0
622023,16
622024,0
622025,26
622026,0
622027,0
622028,17
622029,10
622030,0
622031,0
622032,10
622033,0
622034,27
622035,0
622036,0
622037,0
622038,0
622039,0
622040,0
622041,0
622042,0
622043,34
622044,9
622045,18
622046,17
622047,0
622048,0
622049,0
622050,0
622051,0
622052,0
622053,10
622054,0
622055,0
622056,0
622057,11
622058,0
622059,0
622060,0
622061,0
622062,0
622063,0
622064,27
622065,21
622066,0
622067,0
622068,0
622069,0
622070,19
622071,0
622072,18
622073,33
622074,0
622075,0
622076,0
622077,0
622078,0
622079,0
622080,0
622081,0
622082,0
622083,0
622084,0
622085,0
622086,20
622087,0
622088,0
622089,20
622090,0
622091,0
622092,0
622093,0
622094,0
622095,0
622096,0
622097,0
622098,0
622099,0
622100,0
622101,0
622102,31
622103,0
622104,0
622105,10
622106,0
622107,12
622108,0
622109,0
622110,0
622111,0
622112,0
622113,25
622114,0
622115,0
622116,0
622117,0
622118,0
622119,0
622120,14
622121,0
622122,13
622123,14
622124,0
622125,10
622126,0
622127,9
622128,0
622129,18
622130,17
622131,0
622132,0
622133,0
622134,21
622135,0
622136,0
622137,20
622138,0
622139,0
622140,0
622141,0
622142,20
622143,0
622144,0
622145,23
622146,0
622147,0
622148,15
622149,10
622150,0
622151,0
622152,0
622153,0
622154,0
622155,0
622156,0
622157,0
622158,0
622159,0
622160,0
622161,17
622162,0
622163,0
622164,0
622165,0
622166,0
622167,23
622168,0
622169,0
622170,0
622171,0
622172,0
622173,0
622174,26
622175,0
622176,0
622177,0
622178,0
622179,0
622180,14
622181,16
622182,0
622183,0
622184,0
622185,0
622186,0
622187,0
622188,0
622189,0
622190,0
622191,0
622192,0
622193,24
622194,17
622195,0
622196,21
622197,0
622198,14
622199,0
622200,0
622201,11
622202,0
622203,0
622204,27
622205,0
622206,0
622207,23
622208,18
622209,0
622210,0
622211,0
622212,0
622213,15
622214,18
622215,0
622216,25
622217,0
622218,18
622219,23
622220,0
622221,0
622222,17
622223,0
622224,12
622225,17
622226,0
622227,0
622228,0
622229,21
622230,18
622231,0
622232,0
622233,0
622234,0
622235,0
622236,0
622237,0
622238,19
622239,0
622240,0
622241,0
622242,23
622243,0
622244,25
622245,0
622246,12
622247,0
622248,0
622249,0
622250,0
622251,20
622252,0
622253,27
622254,0
622255,0
622256,0
622257,0
622258,7
622259,14
622260,25
622261,22
622262,0
622263,0
622264,18
622265,0
622266,21
622267,0
622268,0
622269,0
622270,0
622271,0
622272,18
622273,0
622274,0
622275,0
622276,28
622277,0
622278,19
622279,0
622280,0
622281,0
622282,0
622283,0
622284,0
622285,26
622286,25
622287,0
622288,0
622289,0
622290,0
622291,0
622292,0
622293,0
622294,0
622295,0
622296,0
622297,0
622298,0
622299,0
622300,0
622301,0
622302,0
622303,19
622304,24
622305,9
622306,0
622307,0
622308,0
622309,0
622310,0
622311,0
622312,0
622313,12
622314,0
622315,13
622316,0
622317,18
622318,17
622319,0
622320,14
622321,9
622322,0
622323,10
622324,0
622325,24
622326,0
622327,0
622328,13
622329,21
622330,0
622331,9
622332,0
622333,0
622334,8
622335,0
622336,26
622337,0
622338,0
622339,0
622340,18
622341,0
622342,16
622343,12
622344,0
622345,23
622346,0
622347,0
622348,18
622349,0
622350,14
622351,0
622352,0
622353,0
622354,0
622355,0
622356,0
622357,11
622358,0
622359,12
622360,0
622361,0
622362,9
622363,15
622364,0
622365,17
622366,0
622367,0
622368,17
622369,12
622370,0
622371,0
622372,14
622373,22
622374,11
622375,0
622376,0
622377,0
622378,0
622379,0
622380,23
622381,0
622382,0
622383,17
622384,0
622385,0
622386,0
622387,26
622388,17
622389,0
622390,0
622391,0
622392,0
622393,0
622394,16
622395,0
622396,0
622397,15
622398,0
622399,14
622400,0
622401,0
622402,0
622403,12
622404,12
622405,0
622406,0
622407,0
622408,0
622409,0
622410,0
622411,0
622412,0
622413,0
622414,0
622415,0
622416,0
622417,0
622418,0
622419,0
622420,0
622421,0
622422,0
622423,0
622424,0
622425,0
622426,10
622427,17
622428,0
622429,0
622430,0
622431,0
622432,0
622433,0
622434,21
622435,0
622436,0
622437,13
622438,0
622439,0
622440,0
622441,0
622442,8
622443,0
622444,7
622445,0
622446,10
622447,13
622448,14
622449,0
622450,0
622451,0
622452,0
622453,0
622454,0
622455,0
622456,0
622457,0
622458,0
622459,0
622460,18
622461,17
622462,15
622463,0
622464,0
622465,0
622466,12
622467,0
622468,0
622469,21
622470,0
622471,0
622472,8
622473,0
622474,0
622475,5
622476,16
622477,0
622478,0
622479,0
622480,10
622481,0
622482,0
622483,21
622484,0
622485,26
622486,0
622487,0
622488,0
622489,0
622490,17
622491,0
622492,14
622493,0
622494,15
622495,0
622496,0
622497,0
622498,0
622499,0
622500,0
622501,0
622502,26
622503,0
622504,0
622505,0
622506,16
622507,0
622508,0
622509,0
622510,0
622511,18
622512,0
622513,0
622514,0
622515,0
622516,18
622517,0
622518,13
622519,17
622520,0
622521,22
622522,0
622523,0
622524,0
622525,0
622526,23
622527,0
622528,16
622529,0
622530,0
622531,0
622532,0
622533,0
622534,26
622535,0
622536,14
622537,13
622538,0
622539,22
622540,0
622541,26
622542,0
622543,0
622544,0
622545,22
622546,0
622547,0
622548,0
622549,17
622550,0
622551,16
622552,0
622553,0
622554,0
622555,16
622556,0
622557,0
622558,0
622559,0
622560,12
622561,0
622562,0
622563,0
622564,0
622565,0
622566,0
622567,0
622568,0
622569,9
622570,0
622571,15
622572,23
622573,0
622574,0
622575,21
622576,24
622577,20
622578,11
622579,0
622580,0
622581,0
622582,0
622583,0
622584,14
622585,0
622586,0
622587,25
622588,0
622589,17
622590,10
622591,0
622592,0
622593,0
622594,0
622595,25
622596,0
622597,10
622598,13
622599,0
622600,0
622601,14
622602,22
622603,0
622604,0
622605,14
622606,0
622607,0
622608,0
622609,13
622610,18
622611,19
622612,0
622613,14
622614,6
622615,0
622616,0
622617,0
622618,0
622619,9
622620,0
622621,8
622622,0
622623,0
622624,13
622625,24
622626,23
622627,0
622628,0
622629,0
622630,0
622631,0
622632,29
622633,0
622634,0
622635,9
622636,20
622637,0
622638,0
622639,8
622640,0
622641,20
622642,7
622643,0
622644,0
622645,18
622646,0
622647,0
622648,15
622649,0
622650,0
622651,0
622652,31
622653,0
622654,0
622655,0
622656,0
622657,0
622658,25
622659,0
622660,0
622661,0
622662,0
622663,0
622664,0
622665,0
622666,0
622667,0
622668,0
622669,14
622670,0
622671,14
622672,0
622673,12
622674,15
622675,0
622676,0
622677,0
622678,0
622679,0
622680,0
622681,0
622682,0
622683,14
622684,0
622685,0
622686,6
622687,0
622688,0
622689,0
622690,0
622691,9
622692,0
622693,18
622694,11
622695,0
622696,0
622697,10
622698,0
622699,0
622700,6
622701,0
622702,0
622703,0
622704,10
622705,0
622706,0
622707,0
622708,0
622709,13
622710,7
622711,0
622712,4
622713,0
622714,0
622715,13
622716,0
622717,0
622718,0
622719,0
622720,0
622721,0
622722,0
622723,0
622724,0
622725,0
622726,11
622727,0
622728,0
622729,8
622730,0
622731,0
622732,6
622733,0
622734,0
622735,18
622736,0
622737,0
622738,0
622739,0
622740,0
622741,14
622742,11
622743,10
622744,0
622745,0
622746,0
622747,0
622748,12
622749,0
622750,8
622751,0
622752,0
622753,0
622754,0
622755,0
622756,9
622757,6
622758,0
622759,0
622760,3
622761,0
622762,0
622763,0
622764,0
622765,0
622766,0
622767,0
622768,0
622769,9
622770,0
622771,0
622772,0
622773,0
622774,0
622775,0
622776,0
622777,0
622778,0
622779,0
622780,0
622781,4
622782,10
622783,0
622784,0
622785,0
622786,0
622787,2
622788,0
622789,0
622790,0
622791,0
622792,0
622793,0
622794,0
622795,0
622796,0
622797,0
622798,0
622799,0
622800,0
622801,0
622802,0
622803,0
622804,15
622805,0
622806,0
622807,0
622808,0
622809,0
622810,0
622811,0
622812,0
622813,0
622814,0
622815,0
622816,0
622817,15
622818,0
622819,0
622820,0
622821,10
622822,0
622823,0
622824,0
622825,11
622826,0
622827,0
622828,10
622829,0
622830,0
622831,0
622832,0
622833,15
622834,0
622835,0
622836,0
622837,0
622838,0
622839,0
622840,0
622841,0
622842,0
622843,0
622844,0
622845,0
622846,0
622847,0
622848,0
622849,0
622850,0
622851,9
622852,0
622853,6
622854,0
622855,0
622856,0
622857,0
622858,0
622859,0
622860,0
622861,0
622862,0
622863,0
622864,0
622865,0
622866,12
622867,0
622868,0
622869,9
622870,0
622871,0
622872,0
622873,0
622874,0
622875,0
622876,0
622877,0
622878,0
622879,15
622880,0
622881,0
622882,0
622883,0
622884,0
622885,0
622886,15
622887,0
622888,10
622889,0
622890,0
622891,0
622892,0
622893,0
622894,0
622895,0
622896,0
622897,0
622898,0
622899,0
622900,0
622901,0
622902,0
622903,0
622904,0
622905,0
622906,0
622907,10
622908,0
622909,0
622910,5
622911,0
622912,12
622913,0
622914,19
622915,0
622916,0
622917,0
622918,0
622919,0
622920,0
622921,0
622922,0
622923,3
622924,0
622925,0
622926,0
622927,0
622928,0
622929,0
622930,0
622931,0
622932,0
622933,0
622934,0
622935,0
622936,16
622937,0
622938,0
622939,0
622940,5
622941,0
622942,0
622943,0
622944,0
622945,9
622946,0
622947,0
622948,0
622949,12
622950,0
622951,0
622952,0
622953,0
622954,0
622955,4
622956,23
622957,0
622958,0
622959,0
622960,0
622961,0
622962,0
622963,0
622964,0
622965,0
622966,0
622967,0
622968,0
622969,0
622970,11
622971,0
622972,0
622973,0
622974,0
622975,0
622976,19
622977,0
622978,0
622979,0
622980,0
622981,0
622982,0
622983,0
622984,17
622985,0
622986,0
622987,0
622988,0
622989,0
622990,0
622991,0
622992,0
622993,0
622994,0
622995,0
622996,0
622997,0
622998,0
622999,3
623000,0
623001,0
623002,0
623003,0
623004,0
623005,0
623006,0
623007,0
623008,0
623009,0
623010,0
623011,0
623012,10
623013,14
623014,0
623015,0
623016,0
623017,0
623018,0
623019,0
623020,13
623021,0
623022,0
623023,0
623024,0
623025,0
623026,0
623027,13
623028,0
623029,0
623030,0
623031,0
623032,0
623033,11
623034,0
623035,0
623036,0
623037,0
623038,0
623039,0
623040,0
623041,0
623042,0
623043,0
623044,0
623045,13
623046,0
623047,6
623048,0
623049,0
623050,19
623051,0
623052,0
623053,17
623054,18
623055,0
623056,0
623057,0
623058,0
623059,0
623060,0
623061,0
623062,21
623063,0
623064,0
623065,0
623066,0
623067,0
623068,15
623069,0
623070,8
623071,0
623072,12
623073,0
623074,0
623075,0
623076,0
623077,0
623078,0
623079,0
623080,0
623081,0
623082,0
623083,0
623084,0
623085,0
623086,0
623087,0
623088,13
623089,0
623090,0
623091,0
623092,0
623093,0
623094,0
623095,0
623096,0
623097,0
623098,0
623099,12
623100,0
623101,0
623102,0
623103,0
623104,0
623105,8
623106,17
623107,0
623108,0
623109,0
623110,0
623111,0
623112,10
623113,6
623114,14
623115,0
623116,0
623117,0
623118,0
623119,0
623120,0
623121,17
623122,0
623123,0
623124,0
623125,0
623126,0
623127,0
623128,0
623129,0
623130,0
623131,0
623132,0
623133,0
623134,0
623135,0
623136,0
623137,12
623138,0
623139,0
623140,0
623141,0
623142,18
623143,0
623144,0
623145,0
623146,0
623147,0
623148,0
623149,0
623150,0
623151,0
623152,0
623153,0
623154,0
623155,0
623156,0
623157,0
623158,0
623159,0
623160,0
623161,0
623162,0
623163,0
623164,0
623165,0
623166,0
623167,0
623168,0
623169,0
623170,0
623171,0
623172,0
623173,0
623174,14
623175,0
623176,12
623177,0
623178,8
623179,0
623180,0
623181,0
623182,0
623183,0
623184,0
623185,0
623186,13
623187,9
623188,0
623189,5
623190,0
623191,0
623192,0
623193,0
623194,0
623195,0
623196,13
623197,0
623198,0
623199,18
623200,0
623201,0
623202,0
623203,0
623204,0
623205,0
623206,0
623207,0
623208,0
623209,0
623210,0
623211,13
623212,18
623213,0
623214,0
623215,0
623216,0
623217,0
623218,0
623219,0
623220,0
623221,7
623222,0
623223,16
623224,0
623225,16
623226,0
623227,0
623228,0
623229,14
623230,0
623231,15
623232,0
623233,0
623234,0
623235,0
623236,0
623237,0
623238,16
623239,11
623240,8
623241,0
623242,0
623243,0
623244,0
623245,0
623246,0
623247,0
623248,0
623249,0
623250,0
623251,0
623252,0
623253,0
623254,0
623255,0
623256,0
623257,0
623258,0
623259,0
623260,0
623261,0
623262,0
623263,0
623264,0
623265,0
623266,0
623267,0
623268,0
623269,0
623270,0
623271,0
623272,0
623273,0
623274,14
623275,0
623276,14
623277,0
623278,0
623279,0
623280,0
623281,0
623282,0
623283,0
623284,0
623285,0
623286,0
623287,0
623288,0
623289,0
623290,0
623291,0
623292,0
623293,0
623294,0
623295,0
623296,0
623297,17
623298,17
623299,0
623300,11
623301,0
623302,0
623303,0
623304,0
623305,14
623306,0
623307,18
623308,0
623309,0
623310,0
623311,0
623312,0
623313,0
623314,0
623315,0
623316,15
623317,0
623318,0
623319,4
623320,0
623321,0
623322,0
623323,0
623324,0
623325,0
623326,0
623327,0
623328,0
623329,0
623330,18
623331,0
623332,0
623333,0
623334,0
623335,0
623336,0
623337,0
623338,0
623339,9
623340,0
623341,0
623342,0
623343,0
623344,0
623345,0
623346,0
623347,0
623348,0
623349,0
623350,0
623351,0
623352,0
623353,0
623354,0
623355,0
623356,0
623357,0
623358,0
623359,14
623360,0
623361,0
623362,0
623363,0
623364,0
623365,0
623366,0
623367,0
623368,13
623369,0
623370,0
623371,0
623372,0
623373,0
623374,0
623375,0
623376,0
623377,0
623378,0
623379,0
623380,0
623381,0
623382,9
623383,15
623384,0
623385,0
623386,0
623387,0
623388,0
623389,0
623390,0
623391,0
623392,0
623393,14
623394,0
623395,0
623396,15
623397,0
623398,0
623399,0
623400,0
623401,0
623402,0
623403,0
623404,0
623405,0
623406,0
623407,0
623408,0
623409,0
623410,0
623411,0
623412,0
623413,19
623414,0
623415,0
623416,0
623417,0
623418,0
623419,0
623420,0
623421,0
623422,0
623423,0
623424,0
623425,0
623426,13
623427,0
623428,0
623429,0
623430,0
623431,0
623432,0
623433,0
623434,0
623435,0
623436,0
623437,0
623438,0
623439,0
623440,0
623441,7
623442,0
623443,13
623444,0
623445,0
623446,0
623447,0
623448,0
623449,14
623450,0
623451,0
623452,0
623453,0
623454,0
623455,0
623456,0
623457,8
623458,0
623459,0
623460,15
623461,0
623462,0
623463,0
623464,15
623465,0
623466,0
623467,0
623468,0
623469,0
623470,0
623471,0
623472,0
623473,0
623474,0
623475,0
623476,0
623477,0
623478,0
623479,0
623480,0
623481,0
623482,0
623483,0
623484,0
623485,0
623486,0
623487,0
623488,0
623489,0
623490,0
623491,0
623492,0
623493,0
623494,0
623495,0
623496,0
623497,0
623498,0
623499,0
623500,0
623501,0
623502,4
623503,0
623504,0
623505,0
623506,0
623507,0
623508,19
623509,0
623510,0
623511,0
623512,0
623513,0
623514,0
623515,9
623516,0
623517,0
623518,0
623519,0
623520,0
623521,0
623522,0
623523,0
623524,0
623525,0
623526,0
623527,0
623528,9
623529,0
623530,0
623531,0
623532,0
623533,0
623534,12
623535,0
623536,0
623537,0
623538,0
623539,0
623540,0
623541,0
623542,0
623543,0
623544,0
623545,0
623546,0
623547,0
623548,0
623549,0
623550,0
623551,0
623552,0
623553,0
623554,0
623555,0
623556,0
623557,17
623558,0
623559,0
623560,0
623561,0
623562,0
623563,0
623564,0
623565,0
623566,0
623567,0
623568,0
623569,14
623570,0
623571,4
623572,0
623573,0
623574,0
623575,20
623576,0
623577,0
623578,11
623579,16
623580,0
623581,0
623582,0
623583,0
623584,0
623585,0
623586,10
623587,0
623588,0
623589,0
623590,0
623591,0
623592,0
623593,0
623594,0
623595,0
623596,0
623597,10
623598,0
623599,0
623600,0
623601,0
623602,0
623603,11
623604,0
623605,0
623606,0
623607,0
623608,0
623609,0
623610,0
623611,0
623612,0
623613,0
623614,0
623615,0
623616,10
623617,0
623618,0
623619,0
623620,0
623621,0
623622,0
623623,0
623624,0
623625,0
623626,0
623627,15
623628,0
623629,0
623630,0
623631,0
623632,12
623633,0
623634,0
623635,0
623636,0
623637,0
623638,25
623639,0
623640,0
623641,0
623642,0
623643,0
623644,18
623645,0
623646,0
623647,0
623648,0
623649,0
623650,0
623651,0
623652,0
623653,0
623654,12
623655,0
623656,0
623657,0
623658,0
623659,0
623660,0
623661,0
623662,0
623663,0
623664,16
623665,0
623666,0
623667,0
623668,0
623669,0
623670,17
623671,0
623672,0
623673,0
623674,0
623675,0
623676,0
623677,0
623678,0
623679,15
623680,0
623681,0
623682,0
623683,0
623684,0
623685,0
623686,11
623687,13
623688,0
623689,0
623690,0
623691,15
623692,0
623693,0
623694,19
623695,0
623696,0
623697,0
623698,0
623699,0
623700,0
623701,0
623702,0
623703,0
623704,0
623705,0
623706,16
623707,0
623708,0
623709,0
623710,0
623711,9
623712,0
623713,0
623714,0
623715,0
623716,0
623717,16
623718,7
623719,18
623720,0
623721,17
623722,0
623723,0
623724,0
623725,14
623726,19
623727,0
623728,0
623729,0
623730,0
623731,0
623732,6
623733,0
623734,0
623735,0
623736,0
623737,0
623738,0
623739,0
623740,0
623741,0
623742,0
623743,0
623744,0
623745,0
623746,0
623747,0
623748,0
623749,0
623750,0
623751,0
623752,0
623753,0
623754,0
623755,0
623756,0
623757,0
623758,13
623759,0
623760,33
623761,0
623762,0
623763,0
623764,0
623765,0
623766,0
623767,22
623768,34
623769,0
623770,0
623771,0
623772,0
623773,0
623774,0
623775,0
623776,0
623777,0
623778,0
623779,0
623780,26
623781,26
623782,0
623783,0
623784,0
623785,0
623786,0
623787,27
623788,0
623789,0
623790,18
623791,0
623792,26
623793,22
623794,0
623795,0
623796,0
623797,0
623798,0
623799,0
623800,0
623801,0
623802,20
623803,0
623804,0
623805,0
623806,0
623807,0
623808,0
623809,0
623810,32
623811,0
623812,0
623813,0
623814,0
623815,0
623816,0
623817,0
623818,0
623819,0
623820,0
623821,29
623822,0
623823,0
623824,0
623825,0
623826,18
623827,0
623828,0
623829,32
623830,0
623831,42
623832,0
623833,0
623834,0
623835,0
623836,0
623837,0
623838,0
623839,27
623840,0
623841,0
623842,0
623843,39
623844,0
623845,0
623846,0
623847,31
623848,0
623849,0
623850,26
623851,21
623852,0
623853,0
623854,0
623855,14
623856,0
623857,0
623858,0
623859,0
623860,0
623861,0
623862,24
623863,0
623864,0
623865,0
623866,0
623867,0
623868,0
623869,0
623870,0
623871,0
623872,0
623873,0
623874,0
623875,26
623876,0
623877,0
623878,0
623879,0
623880,0
623881,0
623882,0
623883,0
623884,0
623885,0
623886,0
623887,0
623888,17
623889,0
623890,15
623891,0
623892,0
623893,0
623894,23
623895,29
623896,0
623897,0
623898,28
623899,0
623900,0
623901,0
623902,0
623903,21
623904,0
623905,0
623906,0
623907,0
623908,0
623909,0
623910,0
623911,0
623912,0
623913,0
623914,0
623915,0
623916,0
623917,0
623918,0
623919,33
623920,0
623921,0
623922,0
623923,0
623924,0
623925,0
623926,40
623927,0
623928,0
623929,0
623930,0
623931,0
623932,0
623933,0
623934,30
623935,0
623936,0
623937,29
623938,0
623939,0
623940,0
623941,31
623942,0
623943,0
623944,0
623945,0
623946,0
623947,0
623948,23
623949,38
623950,23
623951,0
623952,0
623953,0
623954,0
623955,0
623956,0
623957,38
623958,0
623959,0
623960,33
623961,0
623962,29
623963,0
623964,34
623965,25
623966,0
623967,0
623968,0
623969,33
623970,0
623971,0
623972,18
623973,0
623974,28
623975,0
623976,19
623977,0
623978,0
623979,0
623980,16
623981,0
623982,15
623983,22
623984,0
623985,28
623986,40
623987,0
623988,0
623989,0
623990,0
623991,0
623992,36
623993,0
623994,0
623995,32
623996,0
623997,36
623998,41
623999,32
624000,0
624001,0
624002,20
624003,0
624004,19
624005,0
624006,0
624007,0
624008,0
624009,0
624010,0
624011,0
624012,0
624013,22
624014,0
624015,0
624016,0
624017,0
624018,0
624019,0
624020,0
624021,0
624022,0
624023,0
624024,0
624025,0
624026,12
624027,14
624028,11
624029,0
624030,33
624031,0
624032,0
624033,0
624034,0
624035,28
624036,0
624037,0
624038,0
624039,0
624040,26
624041,0
624042,0
624043,0
624044,25
624045,0
624046,0
624047,0
624048,20
624049,0
624050,43
624051,0
624052,0
624053,0
624054,0
624055,0
624056,0
624057,32
624058,29
624059,0
624060,26
624061,0
624062,0
624063,0
624064,0
624065,25
624066,0
624067,0
624068,14
624069,0
624070,0
624071,0
624072,0
624073,42
624074,39
624075,35
624076,0
624077,0
624078,0
624079,23
624080,0
624081,0
624082,26
624083,0
624084,0
624085,0
624086,0
624087,0
624088,0
624089,0
624090,0
624091,0
624092,0
624093,0
624094,0
624095,0
624096,0
624097,0
624098,0
624099,0
624100,0
624101,0
624102,0
624103,0
624104,0
624105,0
624106,0
624107,22
624108,13
624109,0
624110,9
624111,35
624112,32
624113,0
624114,0
624115,0
624116,0
624117,24
624118,21
624119,0
624120,0
624121,0
624122,26
624123,0
624124,0
624125,17
624126,0
624127,0
624128,0
624129,0
624130,21
624131,0
624132,0
624133,0
624134,25
624135,0
624136,0
624137,0
624138,0
624139,26
624140,0
624141,0
624142,0
624143,0
624144,27
624145,28
624146,0
624147,0
624148,0
624149,0
624150,0
624151,0
624152,38
624153,0
624154,0
624155,0
624156,0
624157,0
624158,0
624159,0
624160,0
624161,0
624162,0
624163,0
624164,0
624165,22
624166,0
624167,0
624168,0
624169,22
624170,0
624171,0
624172,11
624173,17
624174,0
624175,31
624176,20
624177,0
624178,0
624179,41
624180,33
624181,0
624182,26
624183,0
624184,31
624185,16
624186,0
624187,0
624188,0
624189,0
624190,32
624191,17
624192,26
624193,24
624194,29
624195,0
624196,0
624197,0
624198,33
624199,0
624200,15
624201,32
624202,0
624203,31
624204,0
624205,32
624206,0
624207,0
624208,0
624209,0
624210,0
624211,32
624212,48
624213,0
624214,0
624215,17
624216,0
624217,0
624218,0
624219,0
624220,21
624221,0
624222,0
624223,26
624224,0
624225,0
624226,22
624227,15
624228,0
624229,0
624230,0
624231,24
624232,0
624233,0
624234,0
624235,22
624236,0
624237,23
624238,20
624239,0
624240,0
624241,55
624242,0
624243,0
624244,20
624245,0
624246,0
624247,0
624248,29
624249,0
624250,0
624251,0
624252,0
624253,32
624254,0
624255,0
624256,0
624257,0
624258,0
624259,0
624260,0
624261,0
624262,0
624263,0
624264,29
624265,0
624266,23
624267,0
624268,17
624269,44
624270,26
624271,0
624272,22
624273,0
624274,0
624275,0
624276,27
624277,0
624278,12
624279,0
624280,0
624281,0
624282,0
624283,37
624284,0
624285,32
624286,33
624287,0
624288,0
624289,0
624290,0
624291,0
624292,0
624293,24
624294,0
624295,35
624296,41
624297,0
624298,0
624299,0
624300,0
624301,0
624302,0
624303,0
624304,0
624305,0
624306,16
624307,0
624308,0
624309,0
624310,0
624311,40
624312,0
624313,0
624314,0
624315,0
624316,0
624317,0
624318,0
624319,0
624320,0
624321,0
624322,37
624323,16
624324,0
624325,0
624326,23
624327,0
624328,59
624329,0
624330,0
624331,0
624332,0
624333,0
624334,0
624335,42
624336,0
624337,0
624338,0
624339,0
624340,0
624341,0
624342,0
624343,0
624344,0
624345,0
624346,0
624347,0
624348,0
624349,0
624350,0
624351,0
624352,24
624353,28
624354,0
624355,0
624356,25
624357,0
624358,0
624359,0
624360,0
624361,0
624362,0
624363,0
624364,0
624365,0
624366,0
624367,38
624368,0
624369,0
624370,0
624371,0
624372,21
624373,0
624374,0
624375,0
624376,0
624377,0
624378,0
624379,17
624380,0
624381,34
624382,0
624383,0
624384,39
624385,20
624386,0
624387,0
624388,0
624389,0
624390,0
624391,0
624392,0
624393,0
624394,0
624395,0
624396,0
624397,0
624398,0
624399,0
624400,0
624401,0
624402,0
624403,0
624404,0
624405,24
624406,0
624407,0
624408,0
624409,0
624410,0
624411,24
624412,21
624413,0
624414,0
624415,0
624416,0
624417,0
624418,0
624419,33
624420,0
624421,0
624422,0
624423,0
624424,42
624425,0
624426,22
624427,0
624428,41
624429,47
624430,0
624431,0
624432,0
624433,0
624434,0
624435,0
624436,0
624437,0
624438,0
624439,0
624440,0
624441,0
624442,0
624443,0
624444,0
624445,0
624446,0
624447,46
624448,0
624449,0
624450,0
624451,0
624452,0
624453,0
624454,26
624455,0
624456,0
624457,0
624458,0
624459,0
624460,31
624461,0
624462,0
624463,0
624464,0
624465,0
624466,17
624467,0
624468,0
624469,0
624470,0
624471,0
624472,0
624473,0
624474,0
624475,0
624476,0
624477,0
624478,0
624479,27
624480,0
624481,0
624482,0
624483,0
624484,0
624485,0
624486,0
624487,0
624488,0
624489,0
624490,0
624491,0
624492,0
624493,0
624494,41
624495,0
624496,20
624497,0
624498,0
624499,0
624500,48
624501,0
624502,0
624503,0
624504,0
624505,0
624506,0
624507,0
624508,0
624509,0
624510,36
624511,0
624512,0
624513,35
624514,0
624515,0
624516,0
624517,0
624518,0
624519,0
624520,0
624521,0
624522,0
624523,0
624524,0
624525,33
624526,0
624527,0
624528,0
624529,0
624530,0
624531,0
624532,0
624533,0
624534,0
624535,0
624536,0
624537,0
624538,0
624539,31
624540,0
624541,0
624542,0
624543,0
624544,0
624545,0
624546,0
624547,33
624548,0
624549,0
624550,0
624551,0
624552,0
624553,58
624554,68
624555,48
624556,29
624557,0
624558,0
624559,0
624560,0
624561,0
624562,0
624563,0
624564,0
624565,0
624566,0
624567,0
624568,0
624569,13
624570,0
624571,0
624572,0
624573,3
624574,0
624575,11
624576,0
624577,0
624578,0
624579,0
624580,4
624581,0
624582,0
624583,0
624584,0
624585,0
624586,0
624587,0
624588,0
624589,0
624590,0
624591,0
624592,0
624593,0
624594,0
624595,4
624596,0
624597,0
624598,0
624599,0
624600,0
624601,0
624602,0
624603,0
624604,0
624605,0
624606,0
624607,0
624608,0
624609,0
624610,0
624611,0
624612,0
624613,0
624614,0
624615,0
624616,0
624617,4
624618,0
624619,0
624620,0
624621,0
624622,0
624623,0
624624,0
624625,0
624626,0
624627,7
624628,9
624629,0
624630,0
624631,0
624632,0
624633,0
624634,0
624635,0
624636,0
624637,0
624638,0
624639,0
624640,0
624641,0
624642,8
624643,0
624644,0
624645,0
624646,0
624647,0
624648,0
624649,0
624650,0
624651,0
624652,0
624653,0
624654,0
624655,0
624656,0
624657,0
624658,0
624659,0
624660,0
624661,0
624662,0
624663,0
624664,0
624665,0
624666,0
624667,8
624668,0
624669,9
624670,0
624671,0
624672,0
624673,0
624674,0
624675,0
624676,0
624677,0
624678,0
624679,5
624680,0
624681,0
624682,5
624683,0
624684,0
624685,0
624686,0
624687,0
624688,0
624689,0
624690,0
624691,0
624692,0
624693,0
624694,0
624695,0
624696,0
624697,2
624698,0
624699,0
624700,0
624701,0
624702,0
624703,0
624704,0
624705,0
624706,0
624707,0
624708,0
624709,0
624710,0
624711,0
624712,0
624713,0
624714,0
624715,0
624716,0
624717,0
624718,0
624719,0
624720,0
624721,0
624722,0
624723,0
624724,0
624725,0
624726,0
624727,0
624728,0
624729,0
624730,0
624731,0
624732,0
624733,3
624734,0
624735,5
624736,0
624737,0
624738,0
624739,7
624740,14
624741,0
624742,0
624743,0
624744,6
624745,0
624746,0
624747,0
624748,0
624749,0
624750,0
624751,0
624752,6
624753,0
624754,0
624755,0
624756,0
624757,0
624758,0
624759,12
624760,0
624761,0
624762,0
624763,0
624764,0
624765,0
624766,0
624767,7
624768,0
624769,0
624770,0
624771,0
624772,0
624773,0
624774,4
624775,0
624776,0
624777,9
624778,0
624779,0
624780,0
624781,0
624782,0
624783,0
624784,0
624785,0
624786,4
624787,0
624788,0
624789,0
624790,0
624791,0
624792,0
624793,0
624794,0
624795,0
624796,0
624797,8
624798,0
624799,0
624800,3
624801,0
624802,0
624803,8
624804,0
624805,0
624806,0
624807,0
624808,0
624809,0
624810,0
624811,0
624812,6
624813,0
624814,0
624815,0
624816,0
624817,0
624818,6
624819,0
624820,0
624821,0
624822,0
624823,0
624824,0
624825,0
624826,0
624827,0
624828,0
624829,0
624830,0
624831,0
624832,0
624833,0
624834,0
624835,0
624836,0
624837,0
624838,0
624839,0
624840,0
624841,0
624842,0
624843,5
624844,0
624845,0
624846,0
624847,0
624848,7
624849,0
624850,0
624851,0
624852,0
624853,4
624854,0
624855,0
624856,0
624857,0
624858,0
624859,8
624860,0
624861,0
624862,0
624863,0
624864,0
624865,0
624866,9
624867,0
624868,0
624869,0
624870,0
624871,0
624872,0
624873,0
624874,9
624875,0
624876,5
624877,0
624878,0
624879,0
624880,0
624881,0
624882,0
624883,0
624884,0
624885,0
624886,0
624887,5
624888,0
624889,0
624890,0
624891,0
624892,0
624893,0
624894,0
624895,0
624896,0
624897,0
624898,0
624899,0
624900,0
624901,0
624902,0
624903,0
624904,0
624905,0
624906,0
624907,0
624908,0
624909,0
624910,4
624911,0
624912,0
624913,0
624914,0
624915,0
624916,0
624917,0
624918,0
624919,0
624920,0
624921,0
624922,0
624923,0
624924,0
624925,0
624926,0
624927,0
624928,0
624929,0
624930,0
624931,3
624932,0
624933,0
624934,0
624935,0
624936,0
624937,0
624938,0
624939,0
624940,0
624941,0
624942,0
624943,0
624944,0
624945,0
624946,0
624947,0
624948,0
624949,0
624950,0
624951,0
624952,0
624953,0
624954,0
624955,0
624956,0
624957,0
624958,0
624959,0
624960,0
624961,3
624962,0
624963,0
624964,6
624965,0
624966,0
624967,0
624968,5
624969,0
624970,0
624971,6
624972,0
624973,0
624974,0
624975,0
624976,0
624977,0
624978,0
624979,0
624980,10
624981,0
624982,0
624983,0
624984,0
624985,0
624986,0
624987,0
624988,0
624989,0
624990,0
624991,0
624992,0
624993,0
624994,6
624995,5
624996,0
624997,0
624998,0
624999,0
625000,0
625001,0
625002,0
625003,0
625004,0
625005,0
625006,0
625007,0
625008,0
625009,0
625010,6
625011,8
625012,0
625013,0
625014,0
625015,0
625016,0
625017,0
625018,0
625019,0
625020,0
625021,0
625022,3
625023,0
625024,0
625025,0
625026,0
625027,0
625028,0
625029,0
625030,0
625031,0
625032,0
625033,0
625034,0
625035,10
625036,0
625037,0
625038,0
625039,0
625040,0
625041,0
625042,0
625043,0
625044,0
625045,0
625046,0
625047,0
625048,0
625049,0
625050,0
625051,0
625052,0
625053,0
625054,0
625055,0
625056,0
625057,0
625058,0
625059,0
625060,0
625061,0
625062,0
625063,0
625064,0
625065,4
625066,0
625067,0
625068,0
625069,0
625070,0
625071,0
625072,0
625073,0
625074,0
625075,0
625076,0
625077,0
625078,6
625079,0
625080,0
625081,0
625082,0
625083,0
625084,0
625085,0
625086,0
625087,0
625088,0
625089,0
625090,0
625091,0
625092,0
625093,0
625094,0
625095,0
625096,0
625097,0
625098,8
625099,8
625100,0
625101,0
625102,0
625103,4
625104,0
625105,0
625106,6
625107,0
625108,0
625109,0
625110,0
625111,0
625112,0
625113,0
625114,0
625115,0
625116,0
625117,0
625118,0
625119,0
625120,0
625121,0
625122,0
625123,0
625124,0
625125,0
625126,0
625127,0
625128,0
625129,0
625130,0
625131,0
625132,0
625133,0
625134,0
625135,0
625136,0
625137,0
625138,0
625139,0
625140,0
625141,0
625142,0
625143,0
625144,0
625145,0
625146,0
625147,0
625148,8
625149,2
625150,0
625151,0
625152,0
625153,0
625154,0
625155,6
625156,0
625157,0
625158,2
625159,0
625160,0
625161,0
625162,0
625163,4
625164,0
625165,0
625166,0
625167,0
625168,0
625169,0
625170,0
625171,0
625172,0
625173,0
625174,0
625175,0
625176,0
625177,0
625178,0
625179,0
625180,0
625181,0
625182,0
625183,0
625184,0
625185,0
625186,0
625187,0
625188,0
625189,0
625190,0
625191,0
625192,0
625193,0
625194,0
625195,0
625196,0
625197,0
625198,0
625199,0
625200,0
625201,0
625202,7
625203,0
625204,0
625205,0
625206,0
625207,0
625208,0
625209,0
625210,0
625211,0
625212,0
625213,0
625214,0
625215,0
625216,0
625217,0
625218,0
625219,0
625220,0
625221,0
625222,0
625223,0
625224,0
625225,0
625226,0
625227,7
625228,0
625229,0
625230,0
625231,6
625232,0
625233,3
625234,0
625235,3
625236,0
625237,0
625238,0
625239,0
625240,0
625241,0
625242,0
625243,0
625244,0
625245,0
625246,0
625247,0
625248,0
625249,0
625250,0
625251,0
625252,0
625253,0
625254,0
625255,0
625256,0
625257,0
625258,0
625259,0
625260,0
625261,0
625262,0
625263,0
625264,6
625265,0
625266,0
625267,0
625268,0
625269,0
625270,0
625271,0
625272,0
625273,0
625274,0
625275,0
625276,0
625277,0
625278,4
625279,0
625280,0
625281,8
625282,0
625283,0
625284,0
625285,0
625286,0
625287,0
625288,0
625289,0
625290,4
625291,0
625292,0
625293,0
625294,0
625295,0
625296,6
625297,0
625298,0
625299,0
625300,0
625301,0
625302,0
625303,9
625304,0
625305,12
625306,0
625307,0
625308,0
625309,0
625310,0
625311,4
625312,12
625313,0
625314,0
625315,0
625316,0
625317,11
625318,0
625319,0
625320,0
625321,0
625322,0
625323,0
625324,0
625325,0
625326,0
625327,0
625328,0
625329,0
625330,0
625331,0
625332,0
625333,0
625334,0
625335,0
625336,0
625337,12
625338,7
625339,0
625340,0
625341,0
625342,0
625343,14
625344,0
625345,0
625346,0
625347,0
625348,0
625349,0
625350,0
625351,0
625352,0
625353,0
625354,0
625355,0
625356,0
625357,0
625358,0
625359,0
625360,0
625361,0
625362,0
625363,0
625364,0
625365,0
625366,0
625367,0
625368,0
625369,0
625370,0
625371,0
625372,0
625373,0
625374,5
625375,0
625376,0
625377,0
625378,0
625379,0
625380,0
625381,0
625382,0
625383,0
625384,0
625385,5
625386,0
625387,0
625388,0
625389,0
625390,0
625391,0
625392,0
625393,0
625394,0
625395,0
625396,4
625397,0
625398,0
625399,0
625400,0
625401,0
625402,0
625403,0
625404,0
625405,0
625406,5
625407,0
625408,7
625409,0
625410,0
625411,0
625412,0
625413,12
625414,0
625415,0
625416,0
625417,0
625418,0
625419,0
625420,0
625421,0
625422,0
625423,0
625424,5
625425,0
625426,0
625427,3
625428,0
625429,0
625430,0
625431,0
625432,0
625433,0
625434,21
625435,25
625436,0
625437,0
625438,0
625439,48
625440,0
625441,0
625442,0
625443,30
625444,31
625445,0
625446,0
625447,0
625448,0
625449,0
625450,0
625451,0
625452,0
625453,0
625454,0
625455,0
625456,0
625457,31
625458,0
625459,0
625460,0
625461,0
625462,0
625463,0
625464,0
625465,0
625466,0
625467,0
625468,31
625469,0
625470,0
625471,0
625472,0
625473,0
625474,0
625475,0
625476,0
625477,0
625478,0
625479,34
625480,0
625481,0
625482,0
625483,0
625484,0
625485,0
625486,29
625487,0
625488,0
625489,0
625490,0
625491,0
625492,0
625493,0
625494,0
625495,0
625496,0
625497,0
625498,0
625499,0
625500,0
625501,0
625502,32
625503,0
625504,0
625505,16
625506,0
625507,19
625508,0
625509,0
625510,0
625511,0
625512,0
625513,0
625514,32
625515,0
625516,0
625517,0
625518,0
625519,0
625520,0
625521,0
625522,46
625523,0
625524,0
625525,0
625526,0
625527,0
625528,0
625529,0
625530,26
625531,0
625532,0
625533,32
625534,0
625535,0
625536,0
625537,0
625538,33
625539,30
625540,0
625541,0
625542,0
625543,0
625544,21
625545,0
625546,0
625547,0
625548,0
625549,0
625550,35
625551,0
625552,0
625553,0
625554,0
625555,0
625556,0
625557,0
625558,0
625559,0
625560,0
625561,0
625562,0
625563,0
625564,0
625565,26
625566,0
625567,18
625568,0
625569,0
625570,0
625571,0
625572,39
625573,0
625574,0
625575,0
625576,0
625577,0
625578,0
625579,29
625580,0
625581,26
625582,0
625583,0
625584,0
625585,0
625586,0
625587,0
625588,0
625589,0
625590,0
625591,0
625592,0
625593,0
625594,0
625595,0
625596,0
625597,0
625598,0
625599,0
625600,0
625601,0
625602,0
625603,32
625604,27
625605,0
625606,0
625607,0
625608,0
625609,0
625610,35
625611,0
625612,0
625613,0
625614,35
625615,0
625616,0
625617,0
625618,0
625619,0
625620,0
625621,0
625622,0
625623,0
625624,0
625625,0
625626,0
625627,0
625628,0
625629,32
625630,0
625631,0
625632,0
625633,25
625634,0
625635,0
625636,0
625637,0
625638,0
625639,0
625640,0
625641,0
625642,0
625643,0
625644,0
625645,0
625646,0
625647,0
625648,26
625649,0
625650,0
625651,32
625652,53
625653,32
625654,41
625655,0
625656,0
625657,0
625658,0
625659,0
625660,0
625661,0
625662,18
625663,0
625664,0
625665,0
625666,0
625667,0
625668,33
625669,23
625670,0
625671,30
625672,0
625673,0
625674,0
625675,0
625676,37
625677,23
625678,30
625679,0
625680,27
625681,0
625682,29
625683,0
625684,0
625685,0
625686,36
625687,0
625688,35
625689,28
625690,0
625691,0
625692,0
625693,0
625694,0
625695,0
625696,0
625697,22
625698,0
625699,0
625700,35
625701,0
625702,0
625703,0
625704,0
625705,0
625706,0
625707,0
625708,0
625709,0
625710,0
625711,0
625712,0
625713,0
625714,0
625715,0
625716,0
625717,0
625718,0
625719,0
625720,32
625721,26
625722,0
625723,0
625724,0
625725,0
625726,0
625727,0
625728,0
625729,0
625730,0
625731,28
625732,0
625733,0
625734,24
625735,0
625736,0
625737,0
625738,0
625739,42
625740,34
625741,0
625742,32
625743,0
625744,0
625745,0
625746,0
625747,0
625748,26
625749,0
625750,0
625751,0
625752,0
625753,0
625754,0
625755,0
625756,0
625757,30
625758,41
625759,0
625760,44
625761,34
625762,0
625763,26
625764,0
625765,0
625766,0
625767,0
625768,0
625769,0
625770,0
625771,0
625772,0
625773,0
625774,29
625775,0
625776,0
625777,0
625778,28
625779,0
625780,32
625781,35
625782,0
625783,26
625784,23
625785,0
625786,36
625787,0
625788,0
625789,0
625790,23
625791,33
625792,33
625793,31
625794,0
625795,31
625796,0
625797,0
625798,44
625799,0
625800,35
625801,0
625802,0
625803,0
625804,0
625805,0
625806,0
625807,0
625808,0
625809,0
625810,0
625811,0
625812,0
625813,27
625814,17
625815,0
625816,0
625817,0
625818,0
625819,0
625820,0
625821,0
625822,35
625823,0
625824,0
625825,0
625826,0
625827,35
625828,0
625829,0
625830,24
625831,0
625832,31
625833,0
625834,36
625835,0
625836,0
625837,0
625838,26
625839,0
625840,0
625841,0
625842,0
625843,29
625844,0
625845,0
625846,0
625847,0
625848,5
625849,0
625850,8
625851,0
625852,0
625853,3
625854,0
625855,7
625856,0
625857,0
625858,0
625859,0
625860,0
625861,0
625862,3
625863,8
625864,3
625865,4
625866,0
625867,0
625868,0
625869,0
625870,5
625871,5
625872,0
625873,0
625874,0
625875,0
625876,0
625877,0
625878,0
625879,0
625880,0
625881,0
625882,6
625883,0
625884,0
625885,0
625886,0
625887,0
625888,0
625889,0
625890,0
625891,0
625892,9
625893,4
625894,0
625895,0
625896,0
625897,0
625898,1
625899,4
625900,0
625901,0
625902,0
625903,0
625904,0
625905,0
625906,0
625907,4
625908,6
625909,0
625910,0
625911,0
625912,0
625913,0
625914,0
625915,0
625916,0
625917,2
625918,0
625919,5
625920,0
625921,0
625922,0
625923,0
625924,0
625925,0
625926,0
625927,0
625928,8
625929,0
625930,4
625931,0
625932,0
625933,0
625934,0
625935,0
625936,0
625937,0
625938,0
625939,0
625940,0
625941,0
625942,5
625943,2
625944,0
625945,5
625946,0
625947,6
625948,0
625949,0
625950,0
625951,0
625952,0
625953,0
625954,3
625955,7
625956,0
625957,0
625958,0
625959,0
625960,0
625961,4
625962,0
625963,0
625964,0
625965,0
625966,0
625967,0
625968,0
625969,0
625970,0
625971,0
625972,6
625973,0
625974,0
625975,4
625976,0
625977,4
625978,0
625979,0
625980,0
625981,0
625982,0
625983,0
625984,0
625985,0
625986,0
625987,0
625988,0
625989,0
625990,20
625991,0
625992,0
625993,0
625994,29
625995,0
625996,0
625997,0
625998,19
625999,0
626000,0
626001,0
626002,12
626003,0
626004,0
626005,0
626006,0
626007,0
626008,0
626009,0
626010,0
626011,0
626012,14
626013,16
626014,0
626015,0
626016,0
626017,0
626018,0
626019,0
626020,14
626021,0
626022,0
626023,0
626024,0
626025,0
626026,0
626027,0
626028,0
626029,0
626030,24
626031,0
626032,24
626033,22
626034,0
626035,0
626036,0
626037,29
626038,0
626039,22
626040,23
626041,17
626042,12
626043,18
626044,0
626045,0
626046,24
626047,16
626048,0
626049,0
626050,0
626051,0
626052,0
626053,0
626054,0
626055,0
626056,0
626057,0
626058,0
626059,30
626060,0
626061,0
626062,0
626063,0
626064,0
626065,0
626066,0
626067,0
626068,0
626069,0
626070,0
626071,0
626072,0
626073,17
626074,0
626075,16
626076,0
626077,0
626078,0
626079,0
626080,21
626081,0
626082,0
626083,11
626084,15
626085,0
626086,0
626087,0
626088,0
626089,0
626090,0
626091,0
626092,0
626093,0
626094,0
626095,0
626096,0
626097,0
626098,0
626099,32
626100,0
626101,0
626102,16
626103,14
626104,0
626105,0
626106,23
626107,0
626108,8
626109,0
626110,23
626111,0
626112,21
626113,16
626114,0
626115,13
626116,29
626117,0
626118,0
626119,27
626120,0
626121,0
626122,0
626123,0
626124,0
626125,0
626126,0
626127,0
626128,0
626129,0
626130,0
626131,0
626132,0
626133,0
626134,0
626135,0
626136,18
626137,0
626138,17
626139,0
626140,0
626141,16
626142,21
626143,0
626144,0
626145,0
626146,0
626147,0
626148,0
626149,0
626150,0
626151,0
626152,0
626153,0
626154,0
626155,0
626156,0
626157,0
626158,0
626159,28
626160,0
626161,0
626162,25
626163,0
626164,18
626165,18
626166,0
626167,25
626168,0
626169,13
626170,9
626171,19
626172,0
626173,0
626174,0
626175,0
626176,29
626177,10
626178,0
626179,0
626180,0
626181,0
626182,0
626183,0
626184,0
626185,0
626186,22
626187,0
626188,0
626189,0
626190,26
626191,0
626192,0
626193,0
626194,14
626195,26
626196,0
626197,0
626198,0
626199,0
626200,16
626201,0
626202,0
626203,0
626204,0
626205,0
626206,20
626207,0
626208,0
626209,0
626210,0
626211,0
626212,27
626213,0
626214,0
626215,0
626216,0
626217,0
626218,0
626219,19
626220,0
626221,0
626222,0
626223,24
626224,0
626225,0
626226,0
626227,0
626228,0
626229,0
626230,0
626231,14
626232,18
626233,20
626234,30
626235,0
626236,0
626237,0
626238,21
626239,18
626240,0
626241,0
626242,0
626243,26
626244,0
626245,0
626246,0
626247,18
626248,29
626249,23
626250,0
626251,0
626252,0
626253,14
626254,0
626255,19
626256,0
626257,0
626258,0
626259,0
626260,0
626261,0
626262,0
626263,0
626264,23
626265,31
626266,0
626267,0
626268,0
626269,0
626270,0
626271,0
626272,0
626273,0
626274,0
626275,0
626276,0
626277,0
626278,13
626279,14
626280,0
626281,0
626282,0
626283,26
626284,0
626285,0
626286,0
626287,0
626288,0
626289,0
626290,0
626291,0
626292,0
626293,0
626294,24
626295,0
626296,0
626297,0
626298,14
626299,0
626300,0
626301,0
626302,0
626303,0
626304,0
626305,17
626306,23
626307,0
626308,0
626309,0
626310,0
626311,21
626312,0
626313,0
626314,0
626315,32
626316,0
626317,0
626318,0
626319,0
626320,0
626321,0
626322,0
626323,0
626324,0
626325,0
626326,0
626327,22
626328,0
626329,0
626330,0
626331,26
626332,0
626333,0
626334,0
626335,0
626336,0
626337,0
626338,19
626339,0
626340,0
626341,14
626342,0
626343,0
626344,0
626345,0
626346,0
626347,0
626348,0
626349,0
626350,0
626351,0
626352,0
626353,0
626354,0
626355,0
626356,17
626357,10
626358,10
626359,0
626360,0
626361,0
626362,0
626363,0
626364,0
626365,0
626366,0
626367,0
626368,0
626369,0
626370,0
626371,0
626372,0
626373,0
626374,0
626375,0
626376,0
626377,0
626378,0
626379,18
626380,0
626381,0
626382,19
626383,30
626384,34
626385,0
626386,0
626387,0
626388,0
626389,0
626390,0
626391,0
626392,0
626393,0
626394,0
626395,0
626396,0
626397,0
626398,24
626399,18
626400,0
626401,0
626402,0
626403,0
626404,0
626405,0
626406,0
626407,0
626408,0
626409,0
626410,0
626411,0
626412,0
626413,0
626414,0
626415,0
626416,0
626417,0
626418,0
626419,0
626420,0
626421,0
626422,0
626423,0
626424,21
626425,0
626426,0
626427,0
626428,0
626429,0
626430,0
626431,0
626432,0
626433,0
626434,0
626435,28
626436,0
626437,0
626438,36
626439,0
626440,0
626441,0
626442,0
626443,0
626444,30
626445,25
626446,0
626447,0
626448,0
626449,0
626450,0
626451,0
626452,0
626453,31
626454,23
626455,0
626456,34
626457,0
626458,0
626459,29
626460,33
626461,0
626462,0
626463,0
626464,0
626465,33
626466,0
626467,30
626468,0
626469,0
626470,0
626471,39
626472,0
626473,0
626474,0
626475,0
626476,0
626477,0
626478,26
626479,0
626480,0
626481,29
626482,0
626483,0
626484,0
626485,0
626486,0
626487,19
626488,0
626489,0
626490,0
626491,0
626492,0
626493,0
626494,0
626495,0
626496,30
626497,0
626498,0
626499,0
626500,0
626501,0
626502,0
626503,0
626504,18
626505,22
626506,19
626507,30
626508,0
626509,0
626510,0
626511,28
626512,0
626513,0
626514,0
626515,0
626516,0
626517,0
626518,0
626519,0
626520,0
626521,0
626522,0
626523,0
626524,39
626525,0
626526,0
626527,0
626528,0
626529,0
626530,0
626531,0
626532,0
626533,0
626534,17
626535,0
626536,0
626537,22
626538,0
626539,0
626540,32
626541,26
626542,0
626543,0
626544,30
626545,0
626546,37
626547,0
626548,0
626549,24
626550,25
626551,0
626552,0
626553,0
626554,30
626555,25
626556,39
626557,0
626558,0
626559,0
626560,0
626561,0
626562,0
626563,0
626564,21
626565,22
626566,0
626567,0
626568,0
626569,25
626570,0
626571,23
626572,0
626573,0
626574,0
626575,0
626576,30
626577,0
626578,27
626579,0
626580,0
626581,19
626582,0
626583,0
626584,0
626585,0
626586,0
626587,0
626588,0
626589,0
626590,24
626591,0
626592,0
626593,0
626594,0
626595,0
626596,32
626597,0
626598,0
626599,0
626600,0
626601,0
626602,0
626603,0
626604,42
626605,0
626606,29
626607,0
626608,0
626609,26
626610,0
626611,21
626612,14
626613,0
626614,37
626615,0
626616,0
626617,0
626618,0
626619,0
626620,0
626621,0
626622,0
626623,0
626624,0
626625,0
626626,36
626627,0
626628,0
626629,0
626630,44
626631,0
626632,0
626633,0
626634,0
626635,0
626636,0
626637,31
626638,0
626639,0
626640,0
626641,23
626642,0
626643,36
626644,0
626645,0
626646,0
626647,0
626648,0
626649,25
626650,0
626651,0
626652,0
626653,0
626654,0
626655,44
626656,0
626657,0
626658,0
626659,0
626660,23
626661,0
626662,0
626663,0
626664,0
626665,0
626666,0
626667,0
626668,0
626669,0
626670,0
626671,0
626672,0
626673,0
626674,0
626675,19
626676,0
626677,18
626678,12
626679,0
626680,0
626681,0
626682,17
626683,16
626684,18
626685,15
626686,0
626687,0
626688,16
626689,0
626690,21
626691,0
626692,0
626693,0
626694,0
626695,0
626696,0
626697,0
626698,0
626699,0
626700,10
626701,0
626702,0
626703,0
626704,6
626705,0
626706,0
626707,0
626708,0
626709,0
626710,0
626711,13
626712,0
626713,0
626714,0
626715,0
626716,19
626717,0
626718,0
626719,0
626720,27
626721,0
626722,0
626723,0
626724,17
626725,0
626726,0
626727,0
626728,0
626729,0
626730,0
626731,0
626732,0
626733,0
626734,0
626735,10
626736,0
626737,0
626738,0
626739,14
626740,0
626741,0
626742,0
626743,0
626744,11
626745,16
626746,0
626747,0
626748,0
626749,0
626750,0
626751,0
626752,22
626753,13
626754,0
626755,0
626756,0
626757,0
626758,0
626759,0
626760,0
626761,9
626762,0
626763,0
626764,14
626765,21
626766,0
626767,0
626768,0
626769,0
626770,15
626771,18
626772,13
626773,0
626774,10
626775,0
626776,0
626777,18
626778,11
626779,16
626780,26
626781,13
626782,0
626783,0
626784,18
626785,12
626786,0
626787,0
626788,0
626789,0
626790,0
626791,0
626792,20
626793,0
626794,0
626795,0
626796,0
626797,0
626798,0
626799,0
626800,0
626801,0
626802,0
626803,0
626804,24
626805,0
626806,0
626807,0
626808,16
626809,0
626810,19
626811,0
626812,0
626813,13
626814,8
626815,14
626816,0
626817,0
626818,12
626819,12
626820,0
626821,0
626822,0
626823,24
626824,0
626825,0
626826,0
626827,0
626828,0
626829,0
626830,0
626831,0
626832,22
626833,0
626834,0
626835,0
626836,0
626837,0
626838,21
626839,23
626840,0
626841,0
626842,19
626843,17
626844,0
626845,0
626846,19
626847,0
626848,0
626849,0
626850,0
626851,0
626852,10
626853,0
626854,0
626855,0
626856,20
626857,18
626858,0
626859,0
626860,0
626861,0
626862,13
626863,15
626864,0
626865,0
626866,0
626867,17
626868,0
626869,0
626870,14
626871,0
626872,0
626873,0
626874,0
626875,0
626876,0
626877,0
626878,9
626879,0
626880,0
626881,0
626882,0
626883,0
626884,0
626885,0
626886,0
626887,0
626888,0
626889,21
626890,0
626891,0
626892,0
626893,0
626894,0
626895,16
626896,0
626897,0
626898,0
626899,0
626900,16
626901,0
626902,9
626903,0
626904,16
626905,0
626906,0
626907,16
626908,0
626909,0
626910,0
626911,0
626912,0
626913,0
626914,12
626915,19
626916,0
626917,20
626918,0
626919,0
626920,14
626921,16
626922,0
626923,16
626924,0
626925,0
626926,0
626927,23
626928,0
626929,0
626930,0
626931,0
626932,0
626933,0
626934,23
626935,0
626936,0
626937,20
626938,0
626939,0
626940,0
626941,0
626942,0
626943,22
626944,0
626945,0
626946,20
626947,0
626948,31
626949,0
626950,0
626951,0
626952,0
626953,22
626954,0
626955,16
626956,0
626957,0
626958,0
626959,0
626960,18
626961,0
626962,0
626963,0
626964,0
626965,0
626966,0
626967,0
626968,0
626969,0
626970,0
626971,0
626972,18
626973,0
626974,0
626975,0
626976,0
626977,0
626978,0
626979,0
626980,0
626981,0
626982,0
626983,0
626984,0
626985,0
626986,19
626987,0
626988,13
626989,0
626990,0
626991,13
626992,0
626993,0
626994,0
626995,0
626996,0
626997,20
626998,0
626999,17
627000,0
627001,0
627002,0
627003,0
627004,0
627005,0
627006,0
627007,22
627008,0
627009,0
627010,0
627011,0
627012,13
627013,29
627014,0
627015,0
627016,0
627017,9
627018,6
627019,0
627020,0
627021,0
627022,15
627023,0
627024,0
627025,0
627026,0
627027,0
627028,0
627029,0
627030,0
627031,0
627032,0
627033,0
627034,0
627035,0
627036,0
627037,0
627038,0
627039,0
627040,11
627041,0
627042,21
627043,0
627044,14
627045,0
627046,0
627047,0
627048,14
627049,0
627050,0
627051,0
627052,0
627053,0
627054,0
627055,0
627056,0
627057,15
627058,0
627059,0
627060,13
627061,0
627062,0
627063,0
627064,0
627065,0
627066,0
627067,22
627068,0
627069,0
627070,0
627071,0
627072,0
627073,27
627074,0
627075,15
627076,0
627077,0
627078,0
627079,12
627080,0
627081,18
627082,0
627083,0
627084,0
627085,0
627086,0
627087,0
627088,18
627089,0
627090,0
627091,0
627092,0
627093,15
627094,20
627095,0
627096,0
627097,16
627098,25
627099,0
627100,15
627101,0
627102,15
627103,19
627104,15
627105,0
627106,22
627107,0
627108,0
627109,0
627110,15
627111,0
627112,25
627113,15
627114,0
627115,0
627116,18
627117,0
627118,0
627119,24
627120,0
627121,9
627122,0
627123,0
627124,0
627125,16
627126,9
627127,16
627128,0
627129,20
627130,0
627131,0
627132,0
627133,0
627134,0
627135,0
627136,0
627137,22
627138,9
627139,0
627140,18
627141,0
627142,22
627143,16
627144,0
627145,0
627146,0
627147,20
627148,0
627149,0
627150,0
627151,0
627152,0
627153,21
627154,0
627155,0
627156,0
627157,0
627158,0
627159,22
627160,18
627161,0
627162,0
627163,0
627164,0
627165,16
627166,0
627167,0
627168,0
627169,0
627170,19
627171,0
627172,0
627173,0
627174,0
627175,0
627176,0
627177,0
627178,0
627179,0
627180,0
627181,24
627182,5
627183,0
627184,20
627185,0
627186,0
627187,0
627188,0
627189,0
627190,0
627191,10
627192,19
627193,0
627194,0
627195,0
627196,23
627197,0
627198,0
627199,16
627200,14
627201,0
627202,0
627203,9
627204,0
627205,23
627206,22
627207,0
627208,0
627209,12
627210,0
627211,0
627212,21
627213,0
627214,18
627215,0
627216,17
627217,0
627218,13
627219,0
627220,0
627221,0
627222,0
627223,10
627224,0
627225,0
627226,0
627227,25
627228,0
627229,19
627230,0
627231,0
627232,0
627233,0
627234,0
627235,0
627236,0
627237,0
627238,0
627239,0
627240,0
627241,0
627242,18
627243,0
627244,14
627245,0
627246,10
627247,21
627248,0
627249,0
627250,17
627251,0
627252,0
627253,0
627254,0
627255,15
627256,0
627257,0
627258,23
627259,0
627260,14
627261,0
627262,0
627263,0
627264,0
627265,0
627266,16
627267,24
627268,0
627269,0
627270,27
627271,0
627272,0
627273,11
627274,0
627275,20
627276,0
627277,12
627278,0
627279,0
627280,0
627281,0
627282,0
627283,0
627284,0
627285,0
627286,0
627287,0
627288,0
627289,0
627290,0
627291,21
627292,0
627293,0
627294,18
627295,0
627296,0
627297,19
627298,11
627299,0
627300,0
627301,10
627302,0
627303,0
627304,0
627305,0
627306,0
627307,0
627308,0
627309,0
627310,17
627311,0
627312,0
627313,0
627314,0
627315,0
627316,0
627317,23
627318,17
627319,0
627320,18
627321,0
627322,0
627323,0
627324,0
627325,0
627326,0
627327,17
627328,0
627329,0
627330,0
627331,11
627332,0
627333,20
627334,20
627335,0
627336,0
627337,0
627338,14
627339,0
627340,16
627341,18
627342,16
627343,22
627344,0
627345,0
627346,19
627347,0
627348,0
627349,0
627350,21
627351,18
627352,0
627353,0
627354,9
627355,0
627356,22
627357,0
627358,0
627359,0
627360,0
627361,13
627362,16
627363,0
627364,10
627365,22
627366,22
627367,0
627368,0
627369,0
627370,20
627371,0
627372,0
627373,18
627374,0
627375,0
627376,0
627377,18
627378,0
627379,0
627380,26
627381,0
627382,0
627383,0
627384,0
627385,0
627386,21
627387,0
627388,0
627389,0
627390,0
627391,19
627392,0
627393,0
627394,0
627395,0
627396,0
627397,0
627398,0
627399,0
627400,25
627401,16
627402,0
627403,15
627404,0
627405,0
627406,0
627407,0
627408,6
627409,15
627410,12
627411,0
627412,0
627413,0
627414,0
627415,0
627416,0
627417,0
627418,0
627419,0
627420,0
627421,22
627422,0
627423,0
627424,0
627425,21
627426,0
627427,0
627428,0
627429,0
627430,0
627431,0
627432,0
627433,0
627434,0
627435,0
627436,9
627437,0
627438,0
627439,0
627440,0
627441,0
627442,0
627443,0
627444,17
627445,0
627446,19
627447,0
627448,0
627449,0
627450,0
627451,0
627452,0
627453,0
627454,0
627455,12
627456,0
627457,0
627458,0
627459,0
627460,0
627461,0
627462,0
627463,0
627464,0
627465,0
627466,22
627467,0
627468,0
627469,0
627470,0
627471,15
627472,0
627473,0
627474,0
627475,0
627476,0
627477,0
627478,19
627479,0
627480,0
627481,0
627482,0
627483,0
627484,0
627485,0
627486,15
627487,24
627488,0
627489,0
627490,0
627491,13
627492,0
627493,31
627494,0
627495,0
627496,0
627497,0
627498,0
627499,0
627500,0
627501,0
627502,0
627503,26
627504,0
627505,0
627506,9
627507,14
627508,0
627509,0
627510,0
627511,0
627512,0
627513,0
627514,0
627515,15
627516,8
627517,0
627518,0
627519,0
627520,0
627521,0
627522,21
627523,9
627524,0
627525,0
627526,8
627527,0
627528,0
627529,21
627530,0
627531,10
627532,0
627533,0
627534,0
627535,0
627536,20
627537,0
627538,0
627539,0
627540,16
627541,0
627542,19
627543,13
627544,0
627545,0
627546,0
627547,0
627548,0
627549,20
627550,0
627551,0
627552,18
627553,24
627554,0
627555,13
627556,18
627557,0
627558,0
627559,18
627560,0
627561,0
627562,0
627563,0
627564,12
627565,0
627566,0
627567,0
627568,0
627569,0
627570,0
627571,15
627572,0
627573,0
627574,0
627575,0
627576,8
627577,0
627578,0
627579,16
627580,0
627581,0
627582,0
627583,25
627584,0
627585,0
627586,0
627587,0
627588,0
627589,0
627590,0
627591,0
627592,0
627593,0
627594,0
627595,15
627596,0
627597,16
627598,0
627599,0
627600,16
627601,0
627602,0
627603,0
627604,0
627605,0
627606,28
627607,0
627608,0
627609,0
627610,0
627611,9
627612,0
627613,0
627614,0
627615,0
627616,0
627617,0
627618,0
627619,0
627620,0
627621,0
627622,0
627623,0
627624,0
627625,0
627626,0
627627,17
627628,0
627629,0
627630,0
627631,0
627632,0
627633,0
627634,12
627635,0
627636,0
627637,0
627638,0
627639,21
627640,0
627641,0
627642,0
627643,0
627644,0
627645,25
627646,0
627647,0
627648,16
627649,0
627650,0
627651,0
627652,0
627653,0
627654,11
627655,0
627656,0
627657,0
627658,0
627659,22
627660,17
627661,0
627662,0
627663,0
627664,0
627665,0
627666,0
627667,15
627668,0
627669,0
627670,8
627671,20
627672,0
627673,0
627674,22
627675,0
627676,0
627677,0
627678,0
627679,0
627680,0
627681,0
627682,25
627683,0
627684,26
627685,0
627686,0
627687,0
627688,0
627689,0
627690,0
627691,28
627692,0
627693,0
627694,30
627695,21
627696,0
627697,0
627698,0
627699,0
627700,0
627701,0
627702,0
627703,0
627704,0
627705,0
627706,0
627707,0
627708,0
627709,0
627710,0
627711,0
627712,0
627713,0
627714,0
627715,0
627716,0
627717,0
627718,0
627719,0
627720,0
627721,0
627722,0
627723,0
627724,0
627725,0
627726,0
627727,0
627728,0
627729,0
627730,0
627731,0
627732,21
627733,0
627734,39
627735,0
627736,39
627737,0
627738,0
627739,0
627740,0
627741,0
627742,0
627743,0
627744,0
627745,0
627746,0
627747,0
627748,0
627749,0
627750,0
627751,0
627752,0
627753,0
627754,0
627755,0
627756,0
627757,0
627758,0
627759,0
627760,0
627761,34
627762,0
627763,39
627764,0
627765,0
627766,26
627767,0
627768,0
627769,0
627770,0
627771,0
627772,0
627773,0
627774,0
627775,36
627776,46
627777,43
627778,0
627779,0
627780,0
627781,0
627782,0
627783,0
627784,0
627785,0
627786,0
627787,0
627788,0
627789,0
627790,0
627791,0
627792,0
627793,0
627794,0
627795,0
627796,0
627797,0
627798,0
627799,0
627800,0
627801,0
627802,0
627803,0
627804,0
627805,0
627806,0
627807,0
627808,0
627809,0
627810,0
627811,0
627812,0
627813,0
627814,0
627815,0
627816,0
627817,0
627818,0
627819,27
627820,0
627821,0
627822,0
627823,0
627824,0
627825,34
627826,0
627827,0
627828,32
627829,0
627830,0
627831,0
627832,0
627833,0
627834,31
627835,0
627836,0
627837,0
627838,0
627839,0
627840,0
627841,0
627842,0
627843,0
627844,0
627845,44
627846,0
627847,28
627848,0
627849,0
627850,0
627851,0
627852,0
627853,0
627854,0
627855,41
627856,24
627857,37
627858,43
627859,0
627860,0
627861,0
627862,0
627863,0
627864,0
627865,0
627866,0
627867,0
627868,0
627869,0
627870,0
627871,0
627872,0
627873,25
627874,0
627875,0
627876,0
627877,0
627878,0
627879,0
627880,0
627881,32
627882,0
627883,0
627884,0
627885,0
627886,0
627887,29
627888,0
627889,0
627890,0
627891,0
627892,0
627893,0
627894,0
627895,28
627896,0
627897,30
627898,0
627899,0
627900,0
627901,34
627902,26
627903,0
627904,0
627905,0
627906,32
627907,0
627908,0
627909,0
627910,0
627911,0
627912,0
627913,0
627914,0
627915,0
627916,0
627917,0
627918,0
627919,0
627920,0
627921,51
627922,0
627923,0
627924,0
627925,0
627926,0
627927,0
627928,0
627929,0
627930,0
627931,0
627932,0
627933,0
627934,35
627935,0
627936,0
627937,29
627938,0
627939,0
627940,30
627941,0
627942,0
627943,0
627944,42
627945,34
627946,43
627947,0
627948,0
627949,24
627950,0
627951,0
627952,0
627953,32
627954,28
627955,53
627956,0
627957,0
627958,0
627959,0
627960,0
627961,0
627962,47
627963,26
627964,0
627965,0
627966,33
627967,0
627968,0
627969,0
627970,0
627971,0
627972,0
627973,24
627974,0
627975,0
627976,0
627977,0
627978,0
627979,0
627980,32
627981,0
627982,30
627983,0
627984,0
627985,22
627986,29
627987,0
627988,0
627989,0
627990,0
627991,0
627992,0
627993,0
627994,43
627995,0
627996,55
627997,0
627998,0
627999,0
628000,32
628001,0
628002,0
628003,0
628004,39
628005,0
628006,0
628007,0
628008,0
628009,0
628010,0
628011,0
628012,22
628013,0
628014,24
628015,0
628016,0
628017,0
628018,0
628019,0
628020,0
628021,0
628022,0
628023,0
628024,0
628025,0
628026,0
628027,0
628028,38
628029,28
628030,0
628031,0
628032,0
628033,0
628034,0
628035,22
628036,30
628037,0
628038,0
628039,27
628040,0
628041,0
628042,0
628043,0
628044,0
628045,40
628046,0
628047,0
628048,0
628049,0
628050,0
628051,0
628052,0
628053,0
628054,0
628055,39
628056,0
628057,32
628058,0
628059,0
628060,0
628061,0
628062,0
628063,0
628064,0
628065,0
628066,0
628067,0
628068,0
628069,0
628070,29
628071,0
628072,0
628073,34
628074,0
628075,0
628076,0
628077,0
628078,31
628079,43
628080,0
628081,0
628082,0
628083,0
628084,0
628085,0
628086,0
628087,0
628088,0
628089,0
628090,0
628091,40
628092,0
628093,0
628094,0
628095,0
628096,0
628097,0
628098,0
628099,0
628100,0
628101,22
628102,28
628103,0
628104,0
628105,0
628106,0
628107,0
628108,0
628109,0
628110,11
628111,0
628112,0
628113,22
628114,0
628115,18
628116,0
628117,0
628118,15
628119,11
628120,0
628121,0
628122,0
628123,0
628124,0
628125,0
628126,0
628127,0
628128,11
628129,20
628130,0
628131,0
628132,0
628133,0
628134,0
628135,0
628136,0
628137,0
628138,11
628139,0
628140,0
628141,0
628142,0
628143,0
628144,21
628145,0
628146,0
628147,16
628148,14
628149,0
628150,0
628151,8
628152,14
628153,0
628154,0
628155,0
628156,0
628157,0
628158,10
628159,0
628160,0
628161,0
628162,0
628163,11
628164,0
628165,0
628166,0
628167,0
628168,0
628169,0
628170,0
628171,15
628172,0
628173,12
628174,0
628175,0
628176,0
628177,0
628178,0
628179,15
628180,0
628181,0
628182,0
628183,0
628184,0
628185,0
628186,0
628187,0
628188,0
628189,0
628190,0
628191,15
628192,11
628193,0
628194,0
628195,0
628196,0
628197,0
628198,0
628199,0
628200,0
628201,0
628202,0
628203,0
628204,23
628205,0
628206,0
628207,15
628208,0
628209,17
628210,0
628211,20
628212,0
628213,0
628214,0
628215,16
628216,0
628217,11
628218,0
628219,0
628220,0
628221,0
628222,0
628223,23
628224,0
628225,0
628226,16
628227,0
628228,0
628229,0
628230,0
628231,19
628232,0
628233,0
628234,0
628235,0
628236,10
628237,0
628238,18
628239,0
628240,0
628241,0
628242,0
628243,7
628244,0
628245,0
628246,0
628247,0
628248,0
628249,0
628250,0
628251,0
628252,0
628253,0
628254,0
628255,0
628256,0
628257,0
628258,0
628259,0
628260,20
628261,16
628262,11
628263,0
628264,0
628265,0
628266,0
628267,0
628268,15
628269,0
628270,0
628271,0
628272,0
628273,0
628274,0
628275,10
628276,0
628277,0
628278,0
628279,0
628280,9
628281,0
628282,21
628283,17
628284,0
628285,0
628286,0
628287,0
628288,0
628289,0
628290,0
628291,10
628292,0
628293,0
628294,0
628295,0
628296,0
628297,0
628298,16
628299,0
628300,0
628301,0
628302,0
628303,13
628304,0
628305,9
628306,0
628307,0
628308,0
628309,0
628310,0
628311,0
628312,0
628313,0
628314,17
628315,13
628316,0
628317,0
628318,0
628319,0
628320,0
628321,0
628322,0
628323,11
628324,0
628325,17
628326,0
628327,17
628328,15
628329,0
628330,9
628331,14
628332,0
628333,11
628334,0
628335,0
628336,0
628337,13
628338,11
628339,12
628340,0
628341,0
628342,0
628343,13
628344,0
628345,16
628346,8
628347,0
628348,0
628349,11
628350,0
628351,0
628352,0
628353,0
628354,15
628355,15
628356,0
628357,0
628358,16
628359,0
628360,0
628361,0
628362,0
628363,0
628364,0
628365,16
628366,12
628367,0
628368,0
628369,0
628370,12
628371,25
628372,10
628373,0
628374,0
628375,22
628376,0
628377,23
628378,0
628379,0
628380,0
628381,0
628382,0
628383,0
628384,0
628385,17
628386,12
628387,0
628388,0
628389,0
628390,0
628391,11
628392,0
628393,0
628394,0
628395,0
628396,0
628397,0
628398,9
628399,12
628400,17
628401,7
628402,7
628403,12
628404,13
628405,0
628406,0
628407,0
628408,0
628409,0
628410,0
628411,0
628412,0
628413,0
628414,0
628415,0
628416,0
628417,0
628418,17
628419,0
628420,0
628421,0
628422,0
628423,0
628424,0
628425,0
628426,0
628427,0
628428,0
628429,0
628430,0
628431,9
628432,0
628433,0
628434,0
628435,0
628436,0
628437,11
628438,0
628439,0
628440,0
628441,0
628442,14
628443,14
628444,8
628445,0
628446,0
628447,0
628448,0
628449,0
628450,0
628451,0
628452,8
628453,14
628454,0
628455,0
628456,0
628457,0
628458,11
628459,7
628460,0
628461,0
628462,0
628463,0
628464,0
628465,0
628466,0
628467,0
628468,12
628469,0
628470,0
628471,0
628472,14
628473,14
628474,9
628475,0
628476,0
628477,0
628478,0
628479,0
628480,0
628481,15
628482,0
628483,0
628484,20
628485,0
628486,15
628487,0
628488,0
628489,0
628490,0
628491,15
628492,13
628493,10
628494,0
628495,18
628496,0
628497,0
628498,0
628499,0
628500,20
628501,12
628502,0
628503,0
628504,0
628505,0
628506,16
628507,0
628508,0
628509,0
628510,0
628511,0
628512,0
628513,0
628514,0
628515,0
628516,7
628517,0
628518,21
628519,19
628520,0
628521,0
628522,0
628523,8
628524,0
628525,0
628526,0
628527,0
628528,0
628529,0
628530,0
628531,0
628532,0
628533,0
628534,0
628535,0
628536,0
628537,0
628538,0
628539,0
628540,0
628541,11
628542,0
628543,0
628544,0
628545,0
628546,0
628547,0
628548,0
628549,0
628550,0
628551,0
628552,0
628553,0
628554,0
628555,0
628556,0
628557,0
628558,0
628559,15
628560,0
628561,13
628562,0
628563,0
628564,0
628565,0
628566,0
628567,3
628568,0
628569,0
628570,0
628571,16
628572,0
628573,0
628574,14
628575,0
628576,0
628577,0
628578,0
628579,0
628580,0
628581,0
628582,0
628583,0
628584,13
628585,0
628586,29
628587,0
628588,0
628589,0
628590,0
628591,0
628592,0
628593,0
628594,0
628595,0
628596,10
628597,0
628598,0
628599,0
628600,14
628601,17
628602,0
628603,0
628604,8
628605,0
628606,0
628607,0
628608,2
628609,0
628610,0
628611,11
628612,13
628613,0
628614,0
628615,0
628616,24
628617,0
628618,0
628619,0
628620,0
628621,0
628622,0
628623,17
628624,13
628625,0
628626,6
628627,0
628628,0
628629,0
628630,0
628631,7
628632,0
628633,18
628634,0
628635,0
628636,8
628637,0
628638,11
628639,0
628640,0
628641,0
628642,0
628643,13
628644,0
628645,18
628646,0
628647,0
628648,0
628649,13
628650,0
628651,0
628652,0
628653,0
628654,0
628655,18
628656,0
628657,10
628658,0
628659,0
628660,0
628661,0
628662,0
628663,0
628664,0
628665,0
628666,0
628667,15
628668,0
628669,0
628670,0
628671,0
628672,0
628673,0
628674,14
628675,11
628676,0
628677,0
628678,0
628679,13
628680,0
628681,0
628682,0
628683,0
628684,0
628685,0
628686,0
628687,0
628688,0
628689,0
628690,0
628691,0
628692,0
628693,0
628694,0
628695,0
628696,0
628697,0
628698,0
628699,0
628700,0
628701,11
628702,15
628703,0
628704,0
628705,0
628706,25
628707,0
628708,0
628709,0
628710,0
628711,0
628712,0
628713,0
628714,0
628715,0
628716,14
628717,0
628718,0
628719,0
628720,0
628721,0
628722,9
628723,15
628724,0
628725,0
628726,0
628727,0
628728,0
628729,0
628730,0
628731,10
628732,0
628733,0
628734,0
628735,0
628736,18
628737,0
628738,11
628739,0
628740,12
628741,0
628742,0
628743,0
628744,11
628745,0
628746,0
628747,0
628748,0
628749,0
628750,0
628751,0
628752,0
628753,0
628754,0
628755,0
628756,0
628757,0
628758,0
628759,0
628760,0
628761,0
628762,0
628763,0
628764,0
628765,0
628766,0
628767,0
628768,0
628769,0
628770,0
628771,0
628772,0
628773,0
628774,0
628775,0
628776,0
628777,0
628778,0
628779,0
628780,22
628781,0
628782,0
628783,0
628784,0
628785,0
628786,0
628787,0
628788,0
628789,0
628790,19
628791,0
628792,0
628793,0
628794,0
628795,0
628796,0
628797,0
628798,18
628799,0
628800,0
628801,0
628802,0
628803,0
628804,0
628805,0
628806,0
628807,0
628808,0
628809,0
628810,0
628811,0
628812,0
628813,0
628814,0
628815,0
628816,0
628817,0
628818,0
628819,0
628820,0
628821,0
628822,0
628823,0
628824,0
628825,0
628826,0
628827,0
628828,0
628829,0
628830,0
628831,46
628832,0
628833,0
628834,0
628835,0
628836,0
628837,0
628838,0
628839,0
628840,25
628841,0
628842,0
628843,0
628844,0
628845,0
628846,0
628847,0
628848,0
628849,0
628850,0
628851,0
628852,0
628853,0
628854,0
628855,33
628856,0
628857,0
628858,0
628859,0
628860,0
628861,0
628862,0
628863,0
628864,0
628865,0
628866,0
628867,0
628868,15
628869,0
628870,0
628871,0
628872,0
628873,0
628874,0
628875,0
628876,0
628877,0
628878,0
628879,0
628880,0
628881,0
628882,0
628883,0
628884,0
628885,0
628886,0
628887,0
628888,0
628889,0
628890,0
628891,0
628892,0
628893,27
628894,0
628895,0
628896,0
628897,0
628898,0
628899,0
628900,0
628901,14
628902,0
628903,0
628904,0
628905,0
628906,0
628907,0
628908,25
628909,22
628910,0
628911,0
628912,0
628913,0
628914,0
628915,0
628916,0
628917,0
628918,0
628919,49
628920,0
628921,0
628922,0
628923,0
628924,0
628925,24
628926,0
628927,0
628928,0
628929,0
628930,0
628931,0
628932,0
628933,0
628934,0
628935,37
628936,0
628937,0
628938,0
628939,0
628940,17
628941,0
628942,0
628943,0
628944,0
628945,0
628946,0
628947,0
628948,0
628949,0
628950,0
628951,0
628952,0
628953,0
628954,0
628955,0
628956,0
628957,0
628958,0
628959,39
628960,58
628961,0
628962,0
628963,0
628964,0
628965,0
628966,0
628967,0
628968,0
628969,0
628970,0
628971,0
628972,0
628973,0
628974,0
628975,0
628976,0
628977,44
628978,23
628979,0
628980,0
628981,0
628982,0
628983,0
628984,0
628985,0
628986,0
628987,0
628988,0
628989,0
628990,0
628991,0
628992,52
628993,0
628994,0
628995,0
628996,0
628997,0
628998,0
628999,0
629000,0
629001,0
629002,0
629003,0
629004,0
629005,0
629006,0
629007,0
629008,0
629009,0
629010,0
629011,0
629012,0
629013,0
629014,47
629015,0
629016,0
629017,0
629018,15
629019,0
629020,0
629021,0
629022,0
629023,0
629024,0
629025,0
629026,22
629027,0
629028,0
629029,41
629030,0
629031,0
629032,0
629033,17
629034,0
629035,0
629036,0
629037,0
629038,0
629039,0
629040,43
629041,26
629042,0
629043,0
629044,0
629045,24
629046,0
629047,0
629048,0
629049,0
629050,0
629051,0
629052,0
629053,0
629054,19
629055,0
629056,0
629057,0
629058,0
629059,0
629060,0
629061,0
629062,0
629063,0
629064,0
629065,0
629066,0
629067,0
629068,0
629069,0
629070,0
629071,0
629072,0
629073,0
629074,0
629075,0
629076,0
629077,0
629078,0
629079,0
629080,0
629081,0
629082,0
629083,0
629084,18
629085,24
629086,0
629087,0
629088,0
629089,0
629090,0
629091,0
629092,0
629093,0
629094,32
629095,0
629096,25
629097,0
629098,46
629099,12
629100,0
629101,0
629102,0
629103,0
629104,0
629105,0
629106,19
629107,0
629108,0
629109,20
629110,0
629111,0
629112,0
629113,0
629114,0
629115,0
629116,0
629117,0
629118,21
629119,0
629120,0
629121,0
629122,0
629123,0
629124,0
629125,0
629126,0
629127,0
629128,0
629129,0
629130,0
629131,0
629132,0
629133,15
629134,0
629135,0
629136,0
629137,0
629138,0
629139,0
629140,0
629141,0
629142,0
629143,11
629144,0
629145,0
629146,2
629147,10
629148,0
629149,0
629150,0
629151,0
629152,0
629153,0
629154,0
629155,0
629156,0
629157,0
629158,15
629159,0
629160,0
629161,0
629162,0
629163,0
629164,0
629165,18
629166,0
629167,0
629168,0
629169,0
629170,0
629171,0
629172,0
629173,0
629174,0
629175,0
629176,0
629177,0
629178,0
629179,0
629180,0
629181,0
629182,0
629183,0
629184,6
629185,0
629186,0
629187,0
629188,0
629189,0
629190,0
629191,0
629192,0
629193,17
629194,7
629195,0
629196,0
629197,0
629198,0
629199,0
629200,6
629201,0
629202,8
629203,0
629204,0
629205,0
629206,0
629207,0
629208,0
629209,0
629210,0
629211,0
629212,0
629213,0
629214,0
629215,0
629216,0
629217,5
629218,0
629219,0
629220,0
629221,0
629222,0
629223,6
629224,0
629225,0
629226,0
629227,0
629228,0
629229,0
629230,0
629231,0
629232,3
629233,0
629234,0
629235,0
629236,0
629237,0
629238,4
629239,0
629240,0
629241,0
629242,0
629243,0
629244,0
629245,0
629246,0
629247,0
629248,0
629249,0
629250,0
629251,15
629252,4
629253,0
629254,0
629255,8
629256,0
629257,0
629258,0
629259,0
629260,0
629261,0
629262,11
629263,0
629264,0
629265,0
629266,0
629267,0
629268,2
629269,0
629270,7
629271,0
629272,13
629273,0
629274,0
629275,0
629276,0
629277,0
629278,0
629279,0
629280,0
629281,0
629282,0
629283,0
629284,0
629285,0
629286,0
629287,0
629288,0
629289,0
629290,0
629291,0
629292,0
629293,0
629294,0
629295,0
629296,0
629297,0
629298,0
629299,0
629300,0
629301,6
629302,0
629303,0
629304,0
629305,0
629306,0
629307,0
629308,0
629309,0
629310,0
629311,0
629312,0
629313,0
629314,11
629315,0
629316,0
629317,0
629318,0
629319,0
629320,8
629321,0
629322,0
629323,0
629324,11
629325,0
629326,0
629327,0
629328,0
629329,0
629330,0
629331,0
629332,0
629333,0
629334,0
629335,0
629336,0
629337,0
629338,0
629339,0
629340,0
629341,0
629342,0
629343,6
629344,0
629345,0
629346,0
629347,0
629348,0
629349,0
629350,0
629351,0
629352,0
629353,0
629354,0
629355,0
629356,0
629357,0
629358,0
629359,0
629360,0
629361,0
629362,0
629363,0
629364,0
629365,0
629366,0
629367,0
629368,0
629369,0
629370,12
629371,19
629372,0
629373,0
629374,0
629375,0
629376,0
629377,0
629378,0
629379,0
629380,0
629381,0
629382,0
629383,0
629384,0
629385,0
629386,0
629387,0
629388,0
629389,0
629390,0
629391,0
629392,0
629393,0
629394,0
629395,0
629396,0
629397,0
629398,0
629399,0
629400,0
629401,0
629402,0
629403,0
629404,8
629405,0
629406,0
629407,0
629408,0
629409,0
629410,0
629411,0
629412,0
629413,0
629414,12
629415,0
629416,0
629417,0
629418,0
629419,0
629420,0
629421,0
629422,0
629423,0
629424,0
629425,0
629426,0
629427,0
629428,14
629429,0
629430,0
629431,0
629432,12
629433,0
629434,1
629435,0
629436,0
629437,0
629438,0
629439,0
629440,0
629441,0
629442,0
629443,0
629444,0
629445,0
629446,0
629447,0
629448,0
629449,0
629450,0
629451,12
629452,0
629453,0
629454,0
629455,0
629456,0
629457,7
629458,0
629459,0
629460,0
629461,0
629462,0
629463,0
629464,0
629465,0
629466,0
629467,0
629468,0
629469,0
629470,0
629471,0
629472,0
629473,0
629474,0
629475,0
629476,0
629477,0
629478,13
629479,0
629480,0
629481,7
629482,0
629483,0
629484,0
629485,12
629486,0
629487,0
629488,0
629489,0
629490,0
629491,0
629492,0
629493,0
629494,0
629495,0
629496,0
629497,0
629498,0
629499,0
629500,0
629501,0
629502,0
629503,0
629504,0
629505,0
629506,0
629507,0
629508,0
629509,0
629510,0
629511,0
629512,0
629513,0
629514,0
629515,0
629516,0
629517,0
629518,0
629519,0
629520,0
629521,0
629522,0
629523,0
629524,0
629525,0
629526,0
629527,0
629528,0
629529,0
629530,0
629531,0
629532,0
629533,0
629534,0
629535,0
629536,0
629537,0
629538,8
629539,7
629540,0
629541,0
629542,0
629543,0
629544,6
629545,0
629546,0
629547,0
629548,0
629549,0
629550,0
629551,0
629552,0
629553,0
629554,6
629555,0
629556,0
629557,0
629558,0
629559,0
629560,0
629561,0
629562,0
629563,0
629564,0
629565,0
629566,0
629567,0
629568,7
629569,0
629570,0
629571,0
629572,0
629573,0
629574,6
629575,0
629576,0
629577,0
629578,0
629579,0
629580,10
629581,0
629582,0
629583,0
629584,0
629585,0
629586,0
629587,0
629588,0
629589,0
629590,0
629591,0
629592,0
629593,0
629594,0
629595,0
629596,5
629597,11
629598,0
629599,0
629600,0
629601,0
629602,0
629603,0
629604,13
629605,0
629606,0
629607,0
629608,0
629609,0
629610,0
629611,0
629612,0
629613,0
629614,28
629615,0
629616,0
629617,0
629618,0
629619,0
629620,9
629621,7
629622,0
629623,0
629624,0
629625,0
629626,0
629627,0
629628,0
629629,0
629630,0
629631,3
629632,9
629633,0
629634,0
629635,0
629636,4
629637,0
629638,0
629639,0
629640,0
629641,2
629642,0
629643,0
629644,0
629645,0
629646,0
629647,0
629648,0
629649,0
629650,0
629651,0
629652,0
629653,0
629654,0
629655,0
629656,0
629657,0
629658,0
629659,0
629660,7
629661,0
629662,0
629663,0
629664,0
629665,0
629666,0
629667,0
629668,0
629669,0
629670,0
629671,0
629672,0
629673,14
629674,0
629675,0
629676,0
629677,0
629678,0
629679,11
629680,0
629681,0
629682,0
629683,3
629684,0
629685,0
629686,0
629687,0
629688,0
629689,0
629690,0
629691,0
629692,0
629693,0
629694,0
629695,0
629696,0
629697,0
629698,0
629699,0
629700,0
629701,0
629702,0
629703,0
629704,0
629705,0
629706,0
629707,0
629708,0
629709,0
629710,0
629711,0
629712,10
629713,0
629714,0
629715,0
629716,0
629717,0
629718,0
629719,14
629720,0
629721,0
629722,0
629723,0
629724,3
629725,0
629726,0
629727,0
629728,0
629729,0
629730,0
629731,0
629732,3
629733,0
629734,0
629735,0
629736,0
629737,0
629738,5
629739,0
629740,0
629741,0
629742,0
629743,0
629744,0
629745,0
629746,0
629747,0
629748,0
629749,0
629750,0
629751,0
629752,14
629753,0
629754,0
629755,0
629756,0
629757,0
629758,0
629759,0
629760,0
629761,0
629762,4
629763,0
629764,0
629765,0
629766,0
629767,0
629768,0
629769,0
629770,0
629771,0
629772,0
629773,0
629774,0
629775,0
629776,0
629777,0
629778,0
629779,0
629780,0
629781,0
629782,0
629783,0
629784,0
629785,0
629786,0
629787,0
629788,0
629789,0
629790,0
629791,0
629792,0
629793,0
629794,0
629795,0
629796,0
629797,0
629798,0
629799,8
629800,0
629801,0
629802,0
629803,0
629804,11
629805,0
629806,0
629807,0
629808,0
629809,0
629810,0
629811,0
629812,0
629813,0
629814,0
629815,0
629816,0
629817,0
629818,0
629819,0
629820,0
629821,0
629822,0
629823,0
629824,0
629825,0
629826,0
629827,0
629828,0
629829,0
629830,0
629831,0
629832,0
629833,0
629834,0
629835,0
629836,0
629837,0
629838,0
629839,0
629840,0
629841,0
629842,0
629843,0
629844,0
629845,0
629846,0
629847,0
629848,0
629849,0
629850,0
629851,0
629852,0
629853,0
629854,0
629855,0
629856,0
629857,0
629858,0
629859,8
629860,0
629861,0
629862,0
629863,0
629864,0
629865,0
629866,0
629867,0
629868,0
629869,0
629870,4
629871,0
629872,0
629873,0
629874,0
629875,0
629876,0
629877,0
629878,0
629879,0
629880,0
629881,0
629882,0
629883,0
629884,0
629885,0
629886,0
629887,0
629888,0
629889,0
629890,0
629891,0
629892,0
629893,0
629894,0
629895,0
629896,0
629897,0
629898,0
629899,0
629900,0
629901,0
629902,0
629903,0
629904,0
629905,0
629906,0
629907,0
629908,0
629909,0
629910,0
629911,0
629912,0
629913,0
629914,0
629915,0
629916,17
629917,0
629918,0
629919,0
629920,9
629921,0
629922,0
629923,0
629924,0
629925,0
629926,0
629927,0
629928,0
629929,0
629930,0
629931,0
629932,0
629933,0
629934,0
629935,0
629936,0
629937,0
629938,0
629939,0
629940,0
629941,0
629942,0
629943,0
629944,20
629945,0
629946,0
629947,0
629948,0
629949,0
629950,0
629951,0
629952,19
629953,0
629954,0
629955,0
629956,0
629957,0
629958,11
629959,0
629960,24
629961,32
629962,0
629963,0
629964,0
629965,0
629966,0
629967,0
629968,0
629969,0
629970,0
629971,0
629972,0
629973,0
629974,0
629975,9
629976,0
629977,14
629978,0
629979,0
629980,28
629981,0
629982,0
629983,0
629984,0
629985,0
629986,10
629987,0
629988,0
629989,0
629990,24
629991,0
629992,0
629993,0
629994,0
629995,0
629996,0
629997,0
629998,0
629999,0
630000,12
630001,0
630002,0
630003,0
630004,0
630005,0
630006,0
630007,0
630008,0
630009,0
630010,0
630011,0
630012,0
630013,0
630014,0
630015,0
630016,0
630017,0
630018,0
630019,0
630020,10
630021,18
630022,0
630023,0
630024,0
630025,0
630026,0
630027,0
630028,19
630029,0
630030,0
630031,0
630032,0
630033,0
630034,0
630035,13
630036,0
630037,0
630038,0
630039,0
630040,0
630041,0
630042,8
630043,0
630044,0
630045,0
630046,0
630047,0
630048,0
630049,0
630050,0
630051,0
630052,0
630053,14
630054,17
630055,0
630056,0
630057,0
630058,0
630059,0
630060,0
630061,0
630062,13
630063,20
630064,0
630065,0
630066,0
630067,0
630068,0
630069,0
630070,0
630071,0
630072,0
630073,0
630074,0
630075,12
630076,0
630077,0
630078,0
630079,0
630080,0
630081,0
630082,20
630083,0
630084,0
630085,0
630086,0
630087,0
630088,0
630089,0
630090,0
630091,0
630092,10
630093,0
630094,0
630095,0
630096,15
630097,11
630098,0
630099,8
630100,0
630101,0
630102,0
630103,0
630104,0
630105,0
630106,0
630107,0
630108,0
630109,0
630110,0
630111,0
630112,7
630113,5
630114,0
630115,24
630116,0
630117,0
630118,0
630119,0
630120,14
630121,0
630122,0
630123,0
630124,0
630125,0
630126,0
630127,0
630128,0
630129,0
630130,0
630131,0
630132,0
630133,0
630134,0
630135,0
630136,0
630137,0
630138,0
630139,0
630140,0
630141,0
630142,0
630143,0
630144,0
630145,0
630146,0
630147,0
630148,0
630149,0
630150,0
630151,0
630152,9
630153,0
630154,0
630155,0
630156,0
630157,0
630158,0
630159,0
630160,0
630161,0
630162,0
630163,0
630164,0
630165,0
630166,10
630167,0
630168,0
630169,0
630170,0
630171,0
630172,0
630173,0
630174,0
630175,0
630176,0
630177,0
630178,0
630179,0
630180,0
630181,0
630182,0
630183,0
630184,18
630185,0
630186,0
630187,0
630188,0
630189,0
630190,0
630191,0
630192,0
630193,0
630194,13
630195,0
630196,0
630197,0
630198,0
630199,14
630200,6
630201,0
630202,11
630203,0
630204,0
630205,0
630206,15
630207,0
630208,0
630209,0
630210,0
630211,0
630212,0
630213,0
630214,0
630215,0
630216,0
630217,0
630218,0
630219,0
630220,0
630221,0
630222,0
630223,0
630224,0
630225,17
630226,0
630227,0
630228,0
630229,6
630230,0
630231,0
630232,0
630233,0
630234,14
630235,10
630236,0
630237,0
630238,0
630239,0
630240,0
630241,0
630242,0
630243,0
630244,12
630245,0
630246,0
630247,17
630248,14
630249,27
630250,0
630251,0
630252,0
630253,0
630254,0
630255,0
630256,0
630257,0
630258,0
630259,0
630260,6
630261,0
630262,11
630263,19
630264,0
630265,17
630266,0
630267,0
630268,0
630269,0
630270,18
630271,0
630272,0
630273,0
630274,0
630275,0
630276,0
630277,0
630278,0
630279,0
630280,14
630281,0
630282,14
630283,0
630284,0
630285,0
630286,25
630287,0
630288,0
630289,0
630290,0
630291,0
630292,0
630293,0
630294,0
630295,0
630296,0
630297,0
630298,0
630299,0
630300,0
630301,14
630302,0
630303,0
630304,0
630305,0
630306,0
630307,0
630308,12
630309,0
630310,0
630311,0
630312,0
630313,0
630314,0
630315,0
630316,0
630317,0
630318,22
630319,19
630320,0
630321,19
630322,0
630323,0
630324,0
630325,0
630326,0
630327,0
630328,0
630329,9
630330,0
630331,11
630332,0
630333,0
630334,27
630335,0
630336,0
630337,0
630338,0
630339,0
630340,0
630341,0
630342,0
630343,0
630344,0
630345,0
630346,0
630347,0
630348,0
630349,0
630350,4
630351,0
630352,14
630353,0
630354,0
630355,0
630356,10
630357,12
630358,0
630359,7
630360,0
630361,0
630362,0
630363,0
630364,0
630365,0
630366,17
630367,0
630368,27
630369,0
630370,0
630371,0
630372,0
630373,17
630374,0
630375,0
630376,0
630377,0
630378,0
630379,0
630380,0
630381,0
630382,0
630383,0
630384,0
630385,0
630386,18
630387,0
630388,0
630389,0
630390,0
630391,15
630392,35
630393,4
630394,0
630395,0
630396,0
630397,0
630398,0
630399,0
630400,0
630401,0
630402,0
630403,0
630404,0
630405,0
630406,0
630407,0
630408,0
630409,0
630410,0
630411,0
630412,6
630413,0
630414,0
630415,11
630416,17
630417,0
630418,0
630419,0
630420,0
630421,0
630422,0
630423,0
630424,0
630425,0
630426,0
630427,0
630428,11
630429,14
630430,0
630431,0
630432,0
630433,0
630434,10
630435,0
630436,0
630437,0
630438,0
630439,0
630440,0
630441,11
630442,7
630443,0
630444,0
630445,0
630446,0
630447,0
630448,0
630449,0
630450,0
630451,0
630452,8
630453,0
630454,0
630455,0
630456,14
630457,0
630458,0
630459,0
630460,15
630461,25
630462,0
630463,0
630464,11
630465,0
630466,0
630467,0
630468,0
630469,0
630470,0
630471,0
630472,0
630473,0
630474,20
630475,0
630476,0
630477,0
630478,0
630479,0
630480,0
630481,0
630482,0
630483,0
630484,0
630485,0
630486,0
630487,0
630488,0
630489,0
630490,0
630491,0
630492,0
630493,0
630494,0
630495,0
630496,0
630497,0
630498,0
630499,9
630500,0
630501,16
630502,0
630503,0
630504,0
630505,22
630506,0
630507,0
630508,0
630509,0
630510,0
630511,0
630512,0
630513,0
630514,0
630515,0
630516,0
630517,0
630518,0
630519,0
630520,0
630521,21
630522,0
630523,0
630524,0
630525,0
630526,0
630527,15
630528,0
630529,15
630530,0
630531,19
630532,0
630533,0
630534,0
630535,0
630536,0
630537,9
630538,10
630539,0
630540,0
630541,23
630542,0
630543,0
630544,0
630545,0
630546,0
630547,0
630548,0
630549,0
630550,0
630551,0
630552,0
630553,0
630554,0
630555,0
630556,13
630557,13
630558,15
630559,0
630560,0
630561,0
630562,24
630563,28
630564,0
630565,0
630566,0
630567,0
630568,0
630569,0
630570,7
630571,0
630572,14
630573,0
630574,25
630575,0
630576,0
630577,0
630578,0
630579,0
630580,0
630581,0
630582,27
630583,0
630584,1
630585,0
630586,11
630587,0
630588,0
630589,0
630590,0
630591,5
630592,0
630593,0
630594,0
630595,9
630596,20
630597,0
630598,0
630599,0
630600,13
630601,0
630602,0
630603,0
630604,0
630605,0
630606,0
630607,0
630608,7
630609,13
630610,14
630611,0
630612,0
630613,10
630614,0
630615,0
630616,0
630617,14
630618,0
630619,0
630620,0
630621,0
630622,0
630623,0
630624,0
630625,0
630626,0
630627,0
630628,0
630629,0
630630,0
630631,0
630632,0
630633,23
630634,0
630635,0
630636,0
630637,0
630638,0
630639,7
630640,0
630641,0
630642,0
630643,0
630644,0
630645,0
630646,17
630647,0
630648,0
630649,0
630650,0
630651,0
630652,0
630653,0
630654,0
630655,0
630656,0
630657,0
630658,0
630659,7
630660,0
630661,0
630662,22
630663,16
630664,0
630665,0
630666,17
630667,0
630668,10
630669,0
630670,15
630671,0
630672,0
630673,4
630674,7
630675,0
630676,0
630677,0
630678,0
630679,0
630680,0
630681,0
630682,0
630683,13
630684,0
630685,0
630686,0
630687,11
630688,0
630689,0
630690,0
630691,0
630692,0
630693,0
630694,0
630695,0
630696,0
630697,0
630698,0
630699,0
630700,0
630701,0
630702,0
630703,0
630704,0
630705,0
630706,0
630707,0
630708,23
630709,0
630710,0
630711,0
630712,0
630713,0
630714,0
630715,22
630716,15
630717,9
630718,0
630719,0
630720,13
630721,0
630722,0
630723,0
630724,0
630725,0
630726,13
630727,16
630728,0
630729,21
630730,11
630731,0
630732,0
630733,0
630734,0
630735,12
630736,12
630737,0
630738,19
630739,20
630740,0
630741,0
630742,16
630743,0
630744,15
630745,0
630746,43
630747,0
630748,0
630749,0
630750,10
630751,0
630752,0
630753,0
630754,0
630755,0
630756,0
630757,0
630758,0
630759,0
630760,0
630761,23
630762,0
630763,0
630764,0
630765,0
630766,28
630767,0
630768,0
630769,0
630770,0
630771,0
630772,0
630773,0
630774,0
630775,0
630776,0
630777,0
630778,7
630779,0
630780,0
630781,0
630782,0
630783,0
630784,0
630785,0
630786,0
630787,0
630788,0
630789,0
630790,7
630791,0
630792,0
630793,0
630794,0
630795,0
630796,0
630797,10
630798,0
630799,0
630800,0
630801,9
630802,0
630803,28
630804,24
630805,0
630806,16
630807,0
630808,0
630809,0
630810,0
630811,0
630812,0
630813,0
630814,12
630815,0
630816,0
630817,0
630818,0
630819,0
630820,18
630821,0
630822,5
630823,0
630824,19
630825,0
630826,13
630827,21
630828,0
630829,5
630830,0
630831,0
630832,0
630833,0
630834,0
630835,8
630836,0
630837,0
630838,9
630839,0
630840,0
630841,0
630842,0
630843,0
630844,0
630845,0
630846,0
630847,10
630848,0
630849,0
630850,0
630851,0
630852,0
630853,0
630854,0
630855,0
630856,0
630857,0
630858,7
630859,0
630860,0
630861,12
630862,3
630863,0
630864,0
630865,0
630866,0
630867,0
630868,15
630869,0
630870,0
630871,0
630872,0
630873,0
630874,0
630875,15
630876,0
630877,0
630878,0
630879,19
630880,0
630881,0
630882,0
630883,0
630884,0
630885,0
630886,0
630887,0
630888,0
630889,0
630890,0
630891,0
630892,0
630893,0
630894,0
630895,0
630896,0
630897,0
630898,0
630899,0
630900,12
630901,0
630902,0
630903,0
630904,0
630905,0
630906,0
630907,0
630908,0
630909,0
630910,0
630911,0
630912,0
630913,0
630914,0
630915,0
630916,5
630917,17
630918,21
630919,0
630920,0
630921,0
630922,0
630923,0
630924,0
630925,0
630926,0
630927,0
630928,0
630929,0
630930,0
630931,0
630932,25
630933,0
630934,0
630935,0
630936,0
630937,0
630938,0
630939,0
630940,0
630941,0
630942,0
630943,0
630944,0
630945,0
630946,0
630947,0
630948,0
630949,0
630950,0
630951,0
630952,0
630953,0
630954,0
630955,0
630956,0
630957,0
630958,0
630959,32
630960,0
630961,42
630962,0
630963,0
630964,0
630965,0
630966,0
630967,0
630968,0
630969,0
630970,0
630971,0
630972,0
630973,0
630974,32
630975,0
630976,0
630977,28
630978,59
630979,0
630980,0
630981,0
630982,0
630983,29
630984,0
630985,0
630986,0
630987,0
630988,0
630989,0
630990,23
630991,0
630992,0
630993,0
630994,0
630995,0
630996,0
630997,0
630998,0
630999,0
631000,0
631001,0
631002,0
631003,0
631004,0
631005,0
631006,0
631007,0
631008,0
631009,0
631010,38
631011,0
631012,0
631013,44
631014,0
631015,0
631016,0
631017,0
631018,28
631019,0
631020,0
631021,0
631022,0
631023,0
631024,23
631025,0
631026,0
631027,0
631028,0
631029,0
631030,0
631031,0
631032,0
631033,0
631034,25
631035,0
631036,0
631037,0
631038,0
631039,0
631040,0
631041,0
631042,0
631043,0
631044,0
631045,45
631046,0
631047,0
631048,0
631049,0
631050,0
631051,40
631052,0
631053,0
631054,0
631055,0
631056,0
631057,0
631058,0
631059,0
631060,42
631061,0
631062,0
631063,0
631064,0
631065,22
631066,0
631067,0
631068,32
631069,0
631070,0
631071,0
631072,0
631073,0
631074,0
631075,37
631076,0
631077,0
631078,0
631079,0
631080,0
631081,0
631082,0
631083,0
631084,0
631085,0
631086,32
631087,0
631088,20
631089,0
631090,0
631091,0
631092,0
631093,0
631094,0
631095,0
631096,0
631097,28
631098,0
631099,16
631100,0
631101,0
631102,0
631103,0
631104,0
631105,0
631106,0
631107,0
631108,0
631109,0
631110,0
631111,0
631112,0
631113,0
631114,0
631115,0
631116,0
631117,0
631118,0
631119,0
631120,0
631121,27
631122,0
631123,0
631124,0
631125,0
631126,0
631127,0
631128,0
631129,0
631130,0
631131,0
631132,0
631133,0
631134,0
631135,0
631136,0
631137,0
631138,34
631139,0
631140,0
631141,0
631142,0
631143,34
631144,0
631145,0
631146,0
631147,0
631148,0
631149,0
631150,0
631151,0
631152,0
631153,0
631154,0
631155,0
631156,0
631157,0
631158,0
631159,0
631160,0
631161,0
631162,0
631163,0
631164,0
631165,0
631166,0
631167,0
631168,0
631169,0
631170,0
631171,0
631172,17
631173,0
631174,0
631175,0
631176,0
631177,0
631178,0
631179,0
631180,0
631181,42
631182,0
631183,0
631184,28
631185,0
631186,0
631187,0
631188,0
631189,0
631190,26
631191,0
631192,30
631193,0
631194,0
631195,0
631196,0
631197,0
631198,0
631199,0
631200,0
631201,0
631202,0
631203,0
631204,0
631205,0
631206,0
631207,0
631208,0
631209,21
631210,0
631211,0
631212,0
631213,0
631214,36
631215,0
631216,0
631217,0
631218,0
631219,0
631220,0
631221,0
631222,0
631223,0
631224,0
631225,0
631226,0
631227,0
631228,0
631229,0
631230,0
631231,0
631232,25
631233,0
631234,0
631235,21
631236,0
631237,0
631238,26
631239,0
631240,0
631241,0
631242,0
631243,0
631244,0
631245,0
631246,0
631247,0
631248,0
631249,0
631250,0
631251,0
631252,0
631253,0
631254,0
631255,0
631256,0
631257,0
631258,0
631259,0
631260,0
631261,0
631262,44
631263,0
631264,0
631265,0
631266,0
631267,0
631268,0
631269,0
631270,0
631271,0
631272,0
631273,0
631274,0
631275,0
631276,0
631277,0
631278,0
631279,0
631280,0
631281,0
631282,0
631283,0
631284,26
631285,35
631286,0
631287,0
631288,0
631289,0
631290,0
631291,36
631292,0
631293,0
631294,0
631295,0
631296,0
631297,0
631298,0
631299,0
631300,0
631301,0
631302,0
631303,0
631304,0
631305,33
631306,0
631307,0
631308,0
631309,0
631310,29
631311,0
631312,0
631313,0
631314,34
631315,0
631316,0
631317,0
631318,0
631319,32
631320,0
631321,28
631322,0
631323,0
631324,0
631325,0
631326,0
631327,0
631328,40
631329,0
631330,0
631331,0
631332,0
631333,0
631334,0
631335,37
631336,0
631337,0
631338,0
631339,0
631340,0
631341,0
631342,0
631343,0
631344,0
631345,0
631346,0
631347,0
631348,0
631349,0
631350,0
631351,0
631352,0
631353,0
631354,0
631355,0
631356,0
631357,0
631358,0
631359,0
631360,0
631361,0
631362,0
631363,0
631364,0
631365,0
631366,0
631367,0
631368,0
631369,0
631370,0
631371,0
631372,0
631373,0
631374,0
631375,0
631376,28
631377,0
631378,0
631379,0
631380,0
631381,0
631382,0
631383,0
631384,32
631385,0
631386,0
631387,0
631388,0
631389,0
631390,0
631391,0
631392,0
631393,0
631394,0
631395,0
631396,0
631397,0
631398,0
631399,0
631400,33
631401,26
631402,0
631403,0
631404,0
631405,28
631406,0
631407,0
631408,0
631409,0
631410,0
631411,0
631412,0
631413,0
631414,0
631415,0
631416,0
631417,0
631418,0
631419,0
631420,0
631421,0
631422,0
631423,0
631424,0
631425,0
631426,0
631427,0
631428,0
631429,0
631430,0
631431,0
631432,22
631433,0
631434,0
631435,0
631436,0
631437,0
631438,0
631439,15
631440,0
631441,0
631442,0
631443,0
631444,0
631445,0
631446,0
631447,0
631448,0
631449,0
631450,0
631451,0
631452,0
631453,0
631454,0
631455,0
631456,0
631457,0
631458,0
631459,0
631460,0
631461,0
631462,0
631463,0
631464,0
631465,0
631466,0
631467,0
631468,0
631469,0
631470,0
631471,0
631472,0
631473,0
631474,0
631475,0
631476,0
631477,31
631478,0
631479,0
631480,0
631481,0
631482,0
631483,0
631484,0
631485,0
631486,0
631487,0
631488,0
631489,0
631490,0
631491,0
631492,0
631493,0
631494,0
631495,0
631496,0
631497,0
631498,0
631499,0
631500,0
631501,0
631502,0
631503,0
631504,35
631505,0
631506,0
631507,0
631508,0
631509,0
631510,0
631511,0
631512,0
631513,0
631514,0
631515,0
631516,0
631517,0
631518,0
631519,0
631520,0
631521,0
631522,0
631523,0
631524,0
631525,12
631526,0
631527,28
631528,0
631529,0
631530,0
631531,0
631532,0
631533,0
631534,29
631535,0
631536,0
631537,0
631538,36
631539,0
631540,0
631541,0
631542,0
631543,0
631544,0
631545,0
631546,0
631547,0
631548,0
631549,0
631550,0
631551,0
631552,0
631553,32
631554,0
631555,0
631556,0
631557,0
631558,13
631559,0
631560,0
631561,0
631562,0
631563,0
631564,0
631565,0
631566,0
631567,0
631568,0
631569,0
631570,0
631571,0
631572,0
631573,0
631574,0
631575,0
631576,0
631577,0
631578,0
631579,0
631580,0
631581,0
631582,0
631583,0
631584,0
631585,0
631586,0
631587,0
631588,0
631589,0
631590,0
631591,0
631592,0
631593,0
631594,0
631595,0
631596,0
631597,0
631598,0
631599,0
631600,0
631601,0
631602,0
631603,0
631604,0
631605,0
631606,0
631607,0
631608,0
631609,0
631610,0
631611,0
631612,0
631613,0
631614,0
631615,0
631616,0
631617,38
631618,0
631619,0
631620,0
631621,0
631622,0
631623,0
631624,0
631625,0
631626,0
631627,0
631628,0
631629,0
631630,0
631631,0
631632,0
631633,0
631634,0
631635,0
631636,0
631637,0
631638,0
631639,31
631640,0
631641,0
631642,0
631643,0
631644,0
631645,0
631646,0
631647,0
631648,0
631649,0
631650,0
631651,0
631652,0
631653,34
631654,0
631655,0
631656,0
631657,26
631658,0
631659,0
631660,0
631661,0
631662,0
631663,0
631664,0
631665,0
631666,0
631667,0
631668,0
631669,0
631670,0
631671,0
631672,0
631673,0
631674,0
631675,0
631676,23
631677,0
631678,0
631679,0
631680,0
631681,0
631682,0
631683,0
631684,0
631685,0
631686,35
631687,0
631688,0
631689,0
631690,0
631691,0
631692,0
631693,0
631694,0
631695,34
631696,0
631697,0
631698,0
631699,0
631700,0
631701,0
631702,28
631703,0
631704,0
631705,0
631706,0
631707,32
631708,0
631709,0
631710,0
631711,0
631712,26
631713,0
631714,0
631715,0
631716,0
631717,0
631718,0
631719,0
631720,0
631721,0
631722,0
631723,0
631724,0
631725,0
631726,0
631727,0
631728,0
631729,0
631730,0
631731,0
631732,0
631733,0
631734,0
631735,0
631736,0
631737,0
631738,0
631739,0
631740,0
631741,0
631742,0
631743,0
631744,0
631745,0
631746,0
631747,0
631748,36
631749,0
631750,0
631751,0
631752,0
631753,0
631754,0
631755,0
631756,0
631757,0
631758,23
631759,0
631760,0
631761,0
631762,0
631763,0
631764,0
631765,0
631766,24
631767,0
631768,0
631769,0
631770,0
631771,19
631772,0
631773,0
631774,0
631775,27
631776,0
631777,0
631778,0
631779,0
631780,26
631781,0
631782,0
631783,0
631784,0
631785,0
631786,0
631787,0
631788,0
631789,0
631790,0
631791,0
631792,47
631793,0
631794,0
631795,0
631796,27
631797,0
631798,0
631799,0
631800,0
631801,0
631802,0
631803,0
631804,0
631805,0
631806,0
631807,0
631808,0
631809,0
631810,0
631811,0
631812,0
631813,0
631814,0
631815,0
631816,0
631817,0
631818,0
631819,0
631820,23
631821,0
631822,0
631823,0
631824,0
631825,14
631826,21
631827,0
631828,23
631829,0
631830,0
631831,15
631832,25
631833,0
631834,0
631835,0
631836,13
631837,21
631838,0
631839,19
631840,0
631841,15
631842,0
631843,0
631844,22
631845,0
631846,0
631847,9
631848,0
631849,0
631850,17
631851,12
631852,18
631853,0
631854,8
631855,17
631856,0
631857,26
631858,0
631859,23
631860,16
631861,0
631862,0
631863,0
631864,0
631865,0
631866,0
631867,0
631868,19
631869,26
631870,0
631871,0
631872,0
631873,0
631874,14
631875,0
631876,0
631877,0
631878,20
631879,15
631880,0
631881,0
631882,0
631883,0
631884,0
631885,0
631886,0
631887,0
631888,0
631889,0
631890,0
631891,15
631892,0
631893,15
631894,0
631895,0
631896,0
631897,0
631898,11
631899,27
631900,0
631901,0
631902,0
631903,14
631904,0
631905,0
631906,16
631907,0
631908,21
631909,0
631910,0
631911,0
631912,0
631913,0
631914,17
631915,0
631916,0
631917,20
631918,0
631919,23
631920,14
631921,0
631922,0
631923,24
631924,0
631925,13
631926,0
631927,16
631928,20
631929,0
631930,0
631931,0
631932,26
631933,8
631934,0
631935,23
631936,0
631937,18
631938,21
631939,0
631940,0
631941,0
631942,0
631943,11
631944,0
631945,15
631946,0
631947,16
631948,23
631949,0
631950,0
631951,0
631952,0
631953,25
631954,0
631955,23
631956,0
631957,0
631958,14
631959,0
631960,0
631961,0
631962,0
631963,0
631964,27
631965,20
631966,0
631967,0
631968,0
631969,0
631970,0
631971,0
631972,0
631973,0
631974,20
631975,0
631976,0
631977,0
631978,24
631979,12
631980,0
631981,0
631982,0
631983,23
631984,0
631985,0
631986,0
631987,18
631988,0
631989,0
631990,0
631991,0
631992,20
631993,0
631994,0
631995,0
631996,13
631997,0
631998,23
631999,0
632000,0
632001,21
632002,0
632003,0
632004,18
632005,0
632006,0
632007,0
632008,0
632009,0
632010,0
632011,0
632012,0
632013,0
632014,18
632015,0
632016,0
632017,0
632018,0
632019,0
632020,25
632021,0
632022,0
632023,0
632024,18
632025,0
632026,0
632027,23
632028,0
632029,0
632030,0
632031,0
632032,23
632033,0
632034,0
632035,0
632036,19
632037,0
632038,19
632039,12
632040,0
632041,8
632042,0
632043,0
632044,0
632045,16
632046,0
632047,12
632048,9
632049,23
632050,0
632051,0
632052,0
632053,10
632054,25
632055,0
632056,0
632057,21
632058,17
632059,0
632060,0
632061,0
632062,0
632063,7
632064,20
632065,0
632066,0
632067,0
632068,0
632069,0
632070,0
632071,0
632072,0
632073,14
632074,8
632075,0
632076,0
632077,12
632078,0
632079,0
632080,0
632081,0
632082,14
632083,0
632084,0
632085,0
632086,14
632087,16
632088,18
632089,0
632090,20
632091,0
632092,0
632093,0
632094,10
632095,27
632096,14
632097,0
632098,16
632099,0
632100,0
632101,0
632102,0
632103,0
632104,0
632105,0
632106,0
632107,12
632108,0
632109,0
632110,0
632111,0
632112,0
632113,0
632114,0
632115,0
632116,0
632117,0
632118,0
632119,0
632120,0
632121,0
632122,0
632123,0
632124,0
632125,12
632126,0
632127,12
632128,15
632129,18
632130,0
632131,0
632132,0
632133,0
632134,21
632135,16
632136,0
632137,0
632138,0
632139,14
632140,0
632141,0
632142,0
632143,21
632144,0
632145,0
632146,17
632147,0
632148,26
632149,0
632150,0
632151,16
632152,0
632153,0
632154,21
632155,0
632156,16
632157,0
632158,16
632159,0
632160,0
632161,0
632162,0
632163,0
632164,12
632165,0
632166,16
632167,0
632168,0
632169,18
632170,16
632171,10
632172,0
632173,0
632174,0
632175,19
632176,25
632177,13
632178,0
632179,17
632180,0
632181,21
632182,0
632183,0
632184,26
632185,0
632186,0
632187,11
632188,0
632189,0
632190,0
632191,17
632192,0
632193,0
632194,0
632195,0
632196,0
632197,0
632198,0
632199,0
632200,0
632201,12
632202,0
632203,16
632204,0
632205,0
632206,0
632207,0
632208,0
632209,0
632210,17
632211,10
632212,0
632213,13
632214,0
632215,0
632216,27
632217,0
632218,0
632219,0
632220,0
632221,0
632222,0
632223,0
632224,0
632225,12
632226,0
632227,0
632228,0
632229,0
632230,0
632231,0
632232,0
632233,20
632234,13
632235,0
632236,0
632237,17
632238,0
632239,0
632240,0
632241,27
632242,0
632243,0
632244,0
632245,12
632246,0
632247,17
632248,20
632249,0
632250,0
632251,0
632252,13
632253,15
632254,16
632255,0
632256,0
632257,0
632258,0
632259,0
632260,0
632261,19
632262,0
632263,0
632264,0
632265,0
632266,26
632267,0
632268,0
632269,0
632270,0
632271,0
632272,24
632273,0
632274,0
632275,13
632276,0
632277,18
632278,13
632279,0
632280,22
632281,12
632282,0
632283,0
632284,0
632285,0
632286,0
632287,0
632288,0
632289,0
632290,0
632291,14
632292,0
632293,0
632294,21
632295,0
632296,0
632297,20
632298,0
632299,0
632300,0
632301,22
632302,0
632303,0
632304,0
632305,0
632306,0
632307,0
632308,23
632309,13
632310,0
632311,0
632312,0
632313,0
632314,0
632315,0
632316,22
632317,14
632318,17
632319,0
632320,0
632321,0
632322,0
632323,0
632324,0
632325,0
632326,0
632327,0
632328,16
632329,0
632330,0
632331,0
632332,0
632333,0
632334,0
632335,0
632336,0
632337,0
632338,23
632339,0
632340,0
632341,20
632342,0
632343,0
632344,15
632345,0
632346,0
632347,20
632348,0
632349,12
632350,0
632351,0
632352,0
632353,0
632354,0
632355,0
632356,23
632357,0
632358,0
632359,0
632360,0
632361,0
632362,0
632363,0
632364,0
632365,0
632366,0
632367,0
632368,0
632369,0
632370,13
632371,0
632372,28
632373,22
632374,0
632375,25
632376,0
632377,18
632378,0
632379,0
632380,0
632381,0
632382,0
632383,0
632384,0
632385,12
632386,0
632387,0
632388,0
632389,0
632390,0
632391,0
632392,11
632393,16
632394,0
632395,0
632396,0
632397,10
632398,0
632399,0
632400,16
632401,0
632402,0
632403,0
632404,0
632405,0
632406,0
632407,0
632408,0
632409,0
632410,0
632411,0
632412,0
632413,25
632414,0
632415,15
632416,20
632417,26
632418,17
632419,0
632420,0
632421,0
632422,0
632423,0
632424,8
632425,32
632426,0
632427,8
632428,0
632429,0
632430,0
632431,15
632432,34
632433,0
632434,17
632435,15
632436,25
632437,0
632438,0
632439,15
632440,0
632441,12
632442,14
632443,0
632444,0
632445,0
632446,16
632447,0
632448,0
632449,12
632450,17
632451,0
632452,0
632453,0
632454,0
632455,15
632456,23
632457,0
632458,0
632459,18
632460,0
632461,23
632462,0
632463,0
632464,0
632465,15
632466,0
632467,0
632468,16
632469,0
632470,15
632471,0
632472,18
632473,0
632474,0
632475,0
632476,0
632477,0
632478,0
632479,0
632480,0
632481,18
632482,0
632483,0
632484,0
632485,18
632486,0
632487,0
632488,0
632489,0
632490,23
632491,0
632492,0
632493,0
632494,23
632495,24
632496,0
632497,22
632498,0
632499,0
632500,0
632501,24
632502,0
632503,0
632504,13
632505,0
632506,0
632507,0
632508,0
632509,0
632510,0
632511,0
632512,12
632513,0
632514,0
632515,0
632516,0
632517,24
632518,0
632519,0
632520,15
632521,0
632522,0
632523,0
632524,16
632525,0
632526,20
632527,0
632528,0
632529,19
632530,27
632531,0
632532,22
632533,27
632534,0
632535,0
632536,0
632537,15
632538,0
632539,35
632540,0
632541,0
632542,21
632543,0
632544,25
632545,0
632546,0
632547,28
632548,0
632549,0
632550,15
632551,0
632552,0
632553,19
632554,0
632555,0
632556,0
632557,0
632558,20
632559,20
632560,25
632561,19
632562,0
632563,0
632564,0
632565,0
632566,0
632567,0
632568,0
632569,0
632570,22
632571,0
632572,0
632573,0
632574,17
632575,15
632576,20
632577,16
632578,0
632579,15
632580,0
632581,0
632582,8
632583,0
632584,0
632585,8
632586,0
632587,0
632588,0
632589,0
632590,0
632591,0
632592,0
632593,0
632594,0
632595,0
632596,0
632597,8
632598,18
632599,0
632600,0
632601,0
632602,16
632603,0
632604,0
632605,0
632606,0
632607,0
632608,0
632609,0
632610,0
632611,0
632612,0
632613,0
632614,0
632615,0
632616,13
632617,10
632618,0
632619,0
632620,0
632621,0
632622,0
632623,0
632624,0
632625,0
632626,0
632627,0
632628,0
632629,14
632630,0
632631,0
632632,0
632633,0
632634,0
632635,19
632636,0
632637,0
632638,0
632639,0
632640,0
632641,15
632642,0
632643,13
632644,15
632645,0
632646,0
632647,0
632648,0
632649,0
632650,0
632651,0
632652,0
632653,0
632654,15
632655,0
632656,0
632657,19
632658,0
632659,21
632660,11
632661,0
632662,16
632663,0
632664,14
632665,0
632666,0
632667,22
632668,0
632669,0
632670,0
632671,26
632672,0
632673,0
632674,0
632675,0
632676,0
632677,0
632678,0
632679,0
632680,0
632681,0
632682,0
632683,0
632684,27
632685,0
632686,0
632687,0
632688,0
632689,0
632690,0
632691,0
632692,0
632693,0
632694,30
632695,0
632696,10
632697,7
632698,12
632699,0
632700,0
632701,0
632702,0
632703,0
632704,0
632705,0
632706,15
632707,0
632708,18
632709,16
632710,17
632711,0
632712,0
632713,0
632714,0
632715,19
632716,0
632717,0
632718,0
632719,0
632720,0
632721,0
632722,0
632723,0
632724,0
632725,0
632726,0
632727,0
632728,14
632729,0
632730,0
632731,13
632732,0
632733,0
632734,0
632735,0
632736,10
632737,0
632738,0
632739,0
632740,11
632741,14
632742,0
632743,0
632744,0
632745,0
632746,12
632747,0
632748,0
632749,0
632750,0
632751,0
632752,20
632753,0
632754,0
632755,0
632756,0
632757,0
632758,15
632759,0
632760,14
632761,0
632762,12
632763,0
632764,12
632765,22
632766,0
632767,0
632768,0
632769,0
632770,0
632771,0
632772,0
632773,0
632774,20
632775,0
632776,0
632777,0
632778,0
632779,0
632780,0
632781,0
632782,0
632783,0
632784,0
632785,0
632786,0
632787,0
632788,0
632789,0
632790,0
632791,0
632792,11
632793,0
632794,9
632795,13
632796,0
632797,19
632798,0
632799,17
632800,0
632801,0
632802,0
632803,0
632804,11
632805,0
632806,0
632807,0
632808,14
632809,0
632810,0
632811,20
632812,0
632813,21
632814,0
632815,22
632816,0
632817,19
632818,0
632819,0
632820,0
632821,16
632822,27
632823,0
632824,0
632825,18
632826,13
632827,0
632828,7
632829,17
632830,0
632831,0
632832,0
632833,0
632834,0
632835,0
632836,0
632837,0
632838,0
632839,0
632840,21
632841,0
632842,11
632843,0
632844,0
632845,19
632846,15
632847,0
632848,0
632849,16
632850,0
632851,0
632852,25
632853,0
632854,0
632855,0
632856,31
632857,0
632858,0
632859,0
632860,0
632861,0
632862,11
632863,0
632864,0
632865,0
632866,0
632867,0
632868,0
632869,0
632870,0
632871,0
632872,27
632873,0
632874,0
632875,0
632876,0
632877,0
632878,0
632879,0
632880,0
632881,0
632882,0
632883,0
632884,0
632885,18
632886,0
632887,0
632888,0
632889,29
632890,0
632891,0
632892,16
632893,35
632894,0
632895,0
632896,0
632897,0
632898,16
632899,16
632900,18
632901,0
632902,0
632903,0
632904,0
632905,0
632906,0
632907,0
632908,21
632909,0
632910,0
632911,10
632912,0
632913,0
632914,0
632915,20
632916,0
632917,0
632918,0
632919,0
632920,0
632921,0
632922,17
632923,0
632924,0
632925,0
632926,0
632927,0
632928,0
632929,0
632930,0
632931,0
632932,0
632933,22
632934,0
632935,0
632936,0
632937,13
632938,0
632939,0
632940,0
632941,0
632942,0
632943,0
632944,0
632945,0
632946,0
632947,0
632948,0
632949,0
632950,12
632951,0
632952,0
632953,10
632954,17
632955,0
632956,0
632957,0
632958,0
632959,0
632960,0
632961,0
632962,0
632963,0
632964,17
632965,0
632966,0
632967,0
632968,21
632969,0
632970,0
632971,0
632972,0
632973,11
632974,20
632975,0
632976,0
632977,0
632978,9
632979,0
632980,0
632981,0
632982,0
632983,0
632984,0
632985,0
632986,0
632987,0
632988,0
632989,0
632990,15
632991,0
632992,0
632993,0
632994,0
632995,14
632996,0
632997,21
632998,0
632999,0
633000,0
633001,0
633002,0
633003,0
633004,0
633005,0
633006,0
633007,0
633008,0
633009,0
633010,0
633011,0
633012,0
633013,0
633014,0
633015,0
633016,0
633017,12
633018,0
633019,10
633020,0
633021,0
633022,0
633023,0
633024,0
633025,0
633026,0
633027,0
633028,0
633029,0
633030,0
633031,0
633032,9
633033,14
633034,0
633035,0
633036,0
633037,0
633038,0
633039,12
633040,0
633041,0
633042,0
633043,0
633044,0
633045,20
633046,0
633047,0
633048,9
633049,0
633050,0
633051,0
633052,0
633053,0
633054,0
633055,0
633056,0
633057,0
633058,0
633059,0
633060,11
633061,0
633062,0
633063,0
633064,25
633065,0
633066,0
633067,0
633068,0
633069,0
633070,0
633071,0
633072,0
633073,11
633074,0
633075,0
633076,0
633077,0
633078,13
633079,12
633080,0
633081,0
633082,0
633083,0
633084,30
633085,19
633086,0
633087,0
633088,0
633089,0
633090,0
633091,32
633092,0
633093,0
633094,0
633095,0
633096,0
633097,0
633098,0
633099,16
633100,0
633101,0
633102,14
633103,0
633104,0
633105,0
633106,0
633107,0
633108,0
633109,0
633110,0
633111,0
633112,0
633113,0
633114,0
633115,0
633116,10
633117,0
633118,0
633119,0
633120,0
633121,0
633122,11
633123,22
633124,0
633125,0
633126,16
633127,24
633128,0
633129,0
633130,0
633131,0
633132,0
633133,0
633134,0
633135,16
633136,12
633137,11
633138,0
633139,0
633140,0
633141,0
633142,11
633143,0
633144,0
633145,0
633146,0
633147,0
633148,0
633149,0
633150,0
633151,17
633152,0
633153,0
633154,0
633155,12
633156,0
633157,0
633158,0
633159,13
633160,0
633161,0
633162,14
633163,0
633164,0
633165,0
633166,0
633167,16
633168,0
633169,0
633170,0
633171,18
633172,21
633173,13
633174,0
633175,0
633176,0
633177,0
633178,0
633179,0
633180,13
633181,13
633182,0
633183,0
633184,0
633185,0
633186,16
633187,12
633188,0
633189,0
633190,0
633191,0
633192,0
633193,0
633194,0
633195,0
633196,0
633197,13
633198,0
633199,0
633200,0
633201,20
633202,0
633203,16
633204,0
633205,0
633206,0
633207,14
633208,0
633209,0
633210,0
633211,0
633212,0
633213,0
633214,0
633215,0
633216,0
633217,0
633218,0
633219,0
633220,0
633221,26
633222,0
633223,0
633224,0
633225,0
633226,0
633227,0
633228,10
633229,0
633230,0
633231,0
633232,0
633233,0
633234,0
633235,0
633236,14
633237,18
633238,0
633239,0
633240,0
633241,0
633242,0
633243,0
633244,0
633245,0
633246,0
633247,0
633248,0
633249,0
633250,0
633251,0
633252,0
633253,0
633254,11
633255,0
633256,0
633257,0
633258,0
633259,0
633260,0
633261,12
633262,0
633263,0
633264,13
633265,0
633266,0
633267,13
633268,10
633269,0
633270,0
633271,0
633272,0
633273,0
633274,0
633275,0
633276,0
633277,0
633278,0
633279,15
633280,0
633281,0
633282,0
633283,0
633284,0
633285,0
633286,0
633287,0
633288,0
633289,0
633290,16
633291,0
633292,0
633293,0
633294,0
633295,0
633296,0
633297,0
633298,0
633299,14
633300,11
633301,0
633302,0
633303,0
633304,15
633305,0
633306,0
633307,0
633308,0
633309,0
633310,0
633311,0
633312,0
633313,0
633314,0
633315,0
633316,0
633317,0
633318,11
633319,0
633320,0
633321,14
633322,0
633323,16
633324,0
633325,0
633326,0
633327,0
633328,0
633329,0
633330,0
633331,9
633332,0
633333,0
633334,0
633335,0
633336,18
633337,0
633338,0
633339,0
633340,0
633341,0
633342,16
633343,22
633344,0
633345,0
633346,0
633347,0
633348,0
633349,0
633350,22
633351,0
633352,0
633353,0
633354,0
633355,0
633356,0
633357,0
633358,0
633359,0
633360,0
633361,0
633362,0
633363,16
633364,10
633365,0
633366,6
633367,0
633368,0
633369,0
633370,20
633371,14
633372,0
633373,0
633374,0
633375,0
633376,0
633377,0
633378,0
633379,0
633380,24
633381,0
633382,0
633383,0
633384,16
633385,0
633386,0
633387,0
633388,0
633389,0
633390,0
633391,0
633392,0
633393,0
633394,0
633395,30
633396,0
633397,0
633398,0
633399,0
633400,0
633401,0
633402,0
633403,0
633404,0
633405,0
633406,0
633407,0
633408,0
633409,0
633410,0
633411,0
633412,0
633413,0
633414,0
633415,0
633416,0
633417,0
633418,36
633419,0
633420,0
633421,0
633422,33
633423,0
633424,0
633425,0
633426,0
633427,20
633428,0
633429,7
633430,45
633431,0
633432,0
633433,0
633434,33
633435,0
633436,0
633437,0
633438,0
633439,0
633440,0
633441,0
633442,20
633443,0
633444,0
633445,0
633446,0
633447,0
633448,0
633449,0
633450,0
633451,0
633452,11
633453,0
633454,0
633455,0
633456,0
633457,0
633458,0
633459,0
633460,0
633461,0
633462,0
633463,0
633464,0
633465,26
633466,0
633467,0
633468,0
633469,0
633470,0
633471,0
633472,0
633473,0
633474,0
633475,0
633476,0
633477,0
633478,0
633479,0
633480,0
633481,49
633482,0
633483,19
633484,0
633485,0
633486,0
633487,0
633488,0
633489,0
633490,0
633491,0
633492,0
633493,0
633494,0
633495,0
633496,0
633497,0
633498,26
633499,0
633500,0
633501,0
633502,0
633503,0
633504,0
633505,0
633506,0
633507,0
633508,0
633509,0
633510,0
633511,0
633512,0
633513,0
633514,9
633515,0
633516,0
633517,0
633518,0
633519,0
633520,0
633521,0
633522,0
633523,0
633524,0
633525,0
633526,0
633527,0
633528,0
633529,0
633530,0
633531,0
633532,31
633533,0
633534,0
633535,0
633536,0
633537,0
633538,0
633539,0
633540,0
633541,0
633542,0
633543,0
633544,0
633545,0
633546,0
633547,0
633548,0
633549,0
633550,0
633551,0
633552,0
633553,0
633554,0
633555,15
633556,0
633557,0
633558,0
633559,0
633560,0
633561,0
633562,0
633563,0
633564,0
633565,0
633566,0
633567,0
633568,0
633569,0
633570,0
633571,0
633572,0
633573,0
633574,0
633575,0
633576,0
633577,0
633578,0
633579,0
633580,0
633581,0
633582,0
633583,0
633584,0
633585,0
633586,20
633587,0
633588,0
633589,0
633590,0
633591,0
633592,0
633593,0
633594,0
633595,0
633596,0
633597,0
633598,0
633599,14
633600,0
633601,0
633602,0
633603,0
633604,0
633605,0
633606,0
633607,0
633608,0
633609,0
633610,0
633611,0
633612,0
633613,0
633614,0
633615,0
633616,0
633617,0
633618,0
633619,37
633620,0
633621,0
633622,0
633623,0
633624,0
633625,0
633626,0
633627,0
633628,0
633629,0
633630,0
633631,0
633632,0
633633,0
633634,0
633635,0
633636,0
633637,0
633638,0
633639,0
633640,0
633641,23
633642,0
633643,0
633644,0
633645,19
633646,0
633647,0
633648,0
633649,0
633650,0
633651,33
633652,0
633653,0
633654,0
633655,13
633656,0
633657,0
633658,0
633659,0
633660,0
633661,0
633662,0
633663,0
633664,0
633665,0
633666,0
633667,0
633668,0
633669,0
633670,0
633671,0
633672,0
633673,0
633674,0
633675,0
633676,0
633677,0
633678,0
633679,0
633680,0
633681,0
633682,0
633683,0
633684,0
633685,0
633686,0
633687,0
633688,0
633689,0
633690,0
633691,0
633692,0
633693,0
633694,0
633695,0
633696,0
633697,0
633698,0
633699,0
633700,0
633701,0
633702,0
633703,0
633704,0
633705,0
633706,0
633707,0
633708,0
633709,0
633710,0
633711,0
633712,0
633713,0
633714,0
633715,42
633716,22
633717,0
633718,0
633719,0
633720,0
633721,0
633722,0
633723,0
633724,40
633725,0
633726,26
633727,0
633728,0
633729,0
633730,0
633731,0
633732,35
633733,0
633734,33
633735,0
633736,0
633737,0
633738,0
633739,0
633740,0
633741,0
633742,0
633743,0
633744,0
633745,0
633746,0
633747,0
633748,0
633749,43
633750,0
633751,0
633752,0
633753,0
633754,0
633755,0
633756,0
633757,0
633758,0
633759,0
633760,0
633761,0
633762,0
633763,0
633764,0
633765,0
633766,20
633767,0
633768,0
633769,0
633770,0
633771,0
633772,0
633773,37
633774,0
633775,0
633776,0
633777,0
633778,0
633779,0
633780,0
633781,0
633782,0
633783,0
633784,0
633785,0
633786,0
633787,0
633788,0
633789,0
633790,9
633791,0
633792,0
633793,0
633794,0
633795,0
633796,0
633797,0
633798,0
633799,0
633800,23
633801,0
633802,0
633803,15
633804,0
633805,0
633806,0
633807,0
633808,0
633809,0
633810,0
633811,0
633812,0
633813,0
633814,0
633815,0
633816,0
633817,0
633818,0
633819,0
633820,0
633821,0
633822,22
633823,0
633824,0
633825,0
633826,0
633827,30
633828,0
633829,0
633830,0
633831,0
633832,0
633833,25
633834,0
633835,0
633836,0
633837,0
633838,23
633839,0
633840,0
633841,0
633842,0
633843,0
633844,0
633845,0
633846,0
633847,0
633848,0
633849,0
633850,0
633851,0
633852,0
633853,0
633854,0
633855,0
633856,0
633857,0
633858,0
633859,0
633860,0
633861,0
633862,0
633863,0
633864,0
633865,17
633866,0
633867,0
633868,17
633869,0
633870,0
633871,0
633872,0
633873,0
633874,0
633875,0
633876,0
633877,0
633878,0
633879,0
633880,0
633881,0
633882,0
633883,0
633884,15
633885,0
633886,0
633887,0
633888,0
633889,0
633890,0
633891,0
633892,0
633893,0
633894,0
633895,0
633896,0
633897,0
633898,0
633899,0
633900,0
633901,0
633902,0
633903,0
633904,0
633905,0
633906,0
633907,0
633908,0
633909,0
633910,0
633911,0
633912,0
633913,0
633914,0
633915,0
633916,20
633917,12
633918,0
633919,0
633920,0
633921,0
633922,10
633923,0
633924,0
633925,0
633926,0
633927,0
633928,0
633929,0
633930,6
633931,0
633932,0
633933,0
633934,0
633935,0
633936,0
633937,0
633938,0
633939,0
633940,0
633941,0
633942,0
633943,0
633944,0
633945,15
633946,0
633947,0
633948,0
633949,0
633950,0
633951,0
633952,0
633953,0
633954,0
633955,0
633956,0
633957,0
633958,0
633959,0
633960,0
633961,0
633962,0
633963,0
633964,0
633965,0
633966,0
633967,0
633968,0
633969,0
633970,0
633971,0
633972,0
633973,0
633974,0
633975,0
633976,0
633977,0
633978,0
633979,0
633980,0
633981,0
633982,0
633983,0
633984,0
633985,0
633986,0
633987,0
633988,0
633989,0
633990,0
633991,0
633992,0
633993,0
633994,0
633995,0
633996,0
633997,0
633998,7
633999,0
634000,0
634001,10
634002,0
634003,0
634004,0
634005,0
634006,0
634007,0
634008,0
634009,0
634010,0
634011,0
634012,0
634013,0
634014,0
634015,0
634016,0
634017,0
634018,0
634019,0
634020,0
634021,0
634022,0
634023,0
634024,0
634025,0
634026,0
634027,0
634028,0
634029,0
634030,0
634031,0
634032,0
634033,0
634034,0
634035,0
634036,0
634037,15
634038,0
634039,0
634040,0
634041,0
634042,0
634043,0
634044,0
634045,0
634046,0
634047,0
634048,0
634049,0
634050,0
634051,0
634052,0
634053,0
634054,0
634055,0
634056,0
634057,0
634058,0
634059,0
634060,0
634061,0
634062,0
634063,0
634064,0
634065,0
634066,0
634067,0
634068,0
634069,0
634070,0
634071,0
634072,0
634073,0
634074,0
634075,0
634076,0
634077,0
634078,0
634079,0
634080,0
634081,0
634082,0
634083,0
634084,14
634085,13
634086,0
634087,0
634088,0
634089,0
634090,0
634091,0
634092,0
634093,0
634094,0
634095,0
634096,25
634097,0
634098,0
634099,0
634100,0
634101,0
634102,0
634103,0
634104,0
634105,0
634106,0
634107,0
634108,0
634109,0
634110,0
634111,0
634112,0
634113,0
634114,0
634115,0
634116,0
634117,0
634118,0
634119,0
634120,14
634121,0
634122,15
634123,0
634124,0
634125,0
634126,0
634127,0
634128,0
634129,0
634130,0
634131,0
634132,0
634133,0
634134,0
634135,0
634136,0
634137,0
634138,0
634139,0
634140,0
634141,0
634142,0
634143,0
634144,0
634145,0
634146,0
634147,0
634148,0
634149,0
634150,0
634151,0
634152,0
634153,23
634154,0
634155,0
634156,0
634157,0
634158,0
634159,0
634160,0
634161,0
634162,0
634163,0
634164,0
634165,0
634166,0
634167,0
634168,0
634169,14
634170,0
634171,0
634172,15
634173,0
634174,34
634175,0
634176,0
634177,0
634178,0
634179,0
634180,7
634181,0
634182,0
634183,0
634184,0
634185,0
634186,0
634187,0
634188,0
634189,0
634190,14
634191,0
634192,0
634193,0
634194,0
634195,10
634196,0
634197,0
634198,0
634199,0
634200,0
634201,0
634202,0
634203,0
634204,0
634205,0
634206,0
634207,13
634208,0
634209,0
634210,0
634211,0
634212,11
634213,0
634214,0
634215,0
634216,14
634217,0
634218,0
634219,0
634220,20
634221,0
634222,0
634223,0
634224,0
634225,0
634226,0
634227,17
634228,0
634229,0
634230,0
634231,0
634232,0
634233,0
634234,0
634235,0
634236,0
634237,0
634238,0
634239,0
634240,0
634241,0
634242,0
634243,9
634244,0
634245,0
634246,0
634247,0
634248,0
634249,0
634250,0
634251,14
634252,0
634253,0
634254,0
634255,0
634256,0
634257,0
634258,0
634259,0
634260,0
634261,0
634262,0
634263,14
634264,0
634265,0
634266,7
634267,0
634268,0
634269,17
634270,0
634271,17
634272,0
634273,12
634274,0
634275,0
634276,0
634277,0
634278,0
634279,0
634280,0
634281,6
634282,9
634283,0
634284,8
634285,0
634286,0
634287,0
634288,0
634289,0
634290,6
634291,0
634292,0
634293,0
634294,8
634295,0
634296,0
634297,0
634298,0
634299,0
634300,0
634301,0
634302,0
634303,0
634304,9
634305,0
634306,0
634307,0
634308,0
634309,0
634310,13
634311,0
634312,0
634313,12
634314,7
634315,6
634316,0
634317,7
634318,0
634319,0
634320,0
634321,0
634322,0
634323,0
634324,0
634325,0
634326,0
634327,0
634328,9
634329,0
634330,4
634331,0
634332,0
634333,0
634334,4
634335,0
634336,0
634337,0
634338,0
634339,0
634340,11
634341,0
634342,10
634343,0
634344,9
634345,0
634346,0
634347,0
634348,6
634349,0
634350,0
634351,0
634352,0
634353,0
634354,0
634355,0
634356,0
634357,0
634358,0
634359,0
634360,16
634361,0
634362,0
634363,0
634364,0
634365,0
634366,0
634367,0
634368,0
634369,0
634370,0
634371,0
634372,0
634373,0
634374,6
634375,8
634376,6
634377,0
634378,3
634379,0
634380,0
634381,4
634382,0
634383,0
634384,6
634385,0
634386,9
634387,0
634388,8
634389,0
634390,0
634391,0
634392,8
634393,0
634394,0
634395,0
634396,0
634397,0
634398,7
634399,0
634400,7
634401,0
634402,12
634403,0
634404,0
634405,0
634406,7
634407,6
634408,0
634409,0
634410,0
634411,0
634412,0
634413,0
634414,0
634415,0
634416,0
634417,14
634418,9
634419,0
634420,0
634421,0
634422,0
634423,0
634424,0
634425,0
634426,16
634427,0
634428,9
634429,0
634430,3
634431,0
634432,0
634433,0
634434,0
634435,5
634436,0
634437,0
634438,0
634439,0
634440,9
634441,0
634442,9
634443,0
634444,0
634445,0
634446,0
634447,0
634448,0
634449,0
634450,0
634451,0
634452,0
634453,0
634454,0
634455,0
634456,0
634457,0
634458,0
634459,7
634460,11
634461,0
634462,5
634463,0
634464,0
634465,7
634466,0
634467,0
634468,0
634469,0
634470,0
634471,0
634472,0
634473,8
634474,0
634475,0
634476,6
634477,0
634478,9
634479,0
634480,9
634481,0
634482,4
634483,0
634484,0
634485,11
634486,10
634487,0
634488,0
634489,0
634490,0
634491,0
634492,0
634493,0
634494,0
634495,0
634496,11
634497,0
634498,0
634499,0
634500,11
634501,0
634502,0
634503,0
634504,0
634505,0
634506,10
634507,2
634508,10
634509,0
634510,0
634511,0
634512,0
634513,0
634514,0
634515,0
634516,0
634517,3
634518,8
634519,0
634520,0
634521,0
634522,0
634523,0
634524,0
634525,0
634526,0
634527,0
634528,0
634529,0
634530,0
634531,0
634532,0
634533,0
634534,0
634535,0
634536,0
634537,0
634538,0
634539,0
634540,0
634541,0
634542,8
634543,0
634544,0
634545,0
634546,0
634547,0
634548,0
634549,8
634550,0
634551,0
634552,0
634553,0
634554,0
634555,0
634556,0
634557,0
634558,0
634559,0
634560,0
634561,9
634562,0
634563,10
634564,0
634565,0
634566,0
634567,0
634568,0
634569,0
634570,0
634571,11
634572,0
634573,0
634574,0
634575,12
634576,6
634577,7
634578,0
634579,0
634580,0
634581,6
634582,3
634583,0
634584,0
634585,0
634586,0
634587,0
634588,14
634589,0
634590,9
634591,0
634592,8
634593,9
634594,0
634595,0
634596,0
634597,0
634598,0
634599,0
634600,0
634601,0
634602,0
634603,0
634604,0
634605,0
634606,0
634607,0
634608,11
634609,9
634610,5
634611,8
634612,0
634613,0
634614,0
634615,0
634616,0
634617,0
634618,0
634619,0
634620,0
634621,0
634622,0
634623,0
634624,0
634625,0
634626,0
634627,2
634628,0
634629,0
634630,0
634631,0
634632,0
634633,0
634634,0
634635,0
634636,0
634637,0
634638,0
634639,0
634640,0
634641,0
634642,6
634643,13
634644,0
634645,0
634646,0
634647,0
634648,0
634649,5
634650,0
634651,0
634652,0
634653,0
634654,0
634655,0
634656,0
634657,0
634658,0
634659,0
634660,0
634661,0
634662,0
634663,0
634664,3
634665,0
634666,0
634667,0
634668,10
634669,10
634670,0
634671,0
634672,0
634673,0
634674,9
634675,2
634676,0
634677,0
634678,0
634679,0
634680,8
634681,0
634682,9
634683,0
634684,0
634685,0
634686,0
634687,0
634688,0
634689,0
634690,9
634691,0
634692,3
634693,0
634694,5
634695,6
634696,0
634697,0
634698,10
634699,0
634700,0
634701,11
634702,0
634703,0
634704,0
634705,0
634706,0
634707,0
634708,8
634709,0
634710,0
634711,0
634712,4
634713,0
634714,0
634715,0
634716,0
634717,6
634718,9
634719,0
634720,0
634721,12
634722,0
634723,0
634724,0
634725,0
634726,0
634727,0
634728,0
634729,0
634730,0
634731,7
634732,0
634733,0
634734,0
634735,0
634736,0
634737,0
634738,0
634739,5
634740,0
634741,0
634742,6
634743,0
634744,0
634745,0
634746,0
634747,0
634748,0
634749,0
634750,0
634751,0
634752,4
634753,7
634754,4
634755,0
634756,8
634757,0
634758,0
634759,0
634760,7
634761,0
634762,0
634763,0
634764,0
634765,15
634766,0
634767,5
634768,0
634769,0
634770,24
634771,0
634772,0
634773,0
634774,21
634775,0
634776,0
634777,0
634778,0
634779,0
634780,0
634781,0
634782,0
634783,0
634784,34
634785,0
634786,0
634787,0
634788,0
634789,0
634790,0
634791,0
634792,23
634793,0
634794,17
634795,0
634796,0
634797,0
634798,0
634799,0
634800,0
634801,0
634802,26
634803,25
634804,20
634805,0
634806,0
634807,0
634808,0
634809,19
634810,0
634811,0
634812,19
634813,0
634814,0
634815,0
634816,0
634817,28
634818,0
634819,0
634820,0
634821,0
634822,0
634823,16
634824,0
634825,24
634826,0
634827,0
634828,0
634829,0
634830,0
634831,21
634832,0
634833,0
634834,27
634835,0
634836,0
634837,0
634838,0
634839,33
634840,0
634841,0
634842,0
634843,0
634844,0
634845,20
634846,0
634847,0
634848,0
634849,0
634850,0
634851,30
634852,0
634853,0
634854,0
634855,0
634856,0
634857,0
634858,0
634859,0
634860,0
634861,0
634862,0
634863,0
634864,0
634865,0
634866,0
634867,21
634868,0
634869,0
634870,20
634871,0
634872,19
634873,0
634874,0
634875,12
634876,0
634877,0
634878,0
634879,0
634880,0
634881,0
634882,0
634883,0
634884,0
634885,0
634886,0
634887,0
634888,0
634889,0
634890,0
634891,35
634892,0
634893,20
634894,29
634895,0
634896,0
634897,23
634898,0
634899,0
634900,0
634901,0
634902,0
634903,0
634904,0
634905,0
634906,0
634907,0
634908,0
634909,24
634910,0
634911,0
634912,0
634913,0
634914,0
634915,0
634916,0
634917,0
634918,0
634919,21
634920,0
634921,22
634922,0
634923,31
634924,23
634925,24
634926,0
634927,0
634928,25
634929,0
634930,0
634931,0
634932,0
634933,19
634934,0
634935,0
634936,19
634937,0
634938,0
634939,0
634940,0
634941,0
634942,0
634943,0
634944,0
634945,0
634946,0
634947,33
634948,0
634949,0
634950,0
634951,0
634952,14
634953,0
634954,24
634955,0
634956,19
634957,0
634958,0
634959,0
634960,0
634961,0
634962,0
634963,0
634964,30
634965,0
634966,20
634967,0
634968,0
634969,0
634970,0
634971,0
634972,21
634973,0
634974,0
634975,35
634976,0
634977,0
634978,34
634979,0
634980,0
634981,44
634982,35
634983,0
634984,0
634985,32
634986,0
634987,0
634988,0
634989,0
634990,0
634991,0
634992,28
634993,0
634994,0
634995,0
634996,31
634997,0
634998,0
634999,0
635000,0
635001,0
635002,0
635003,0
635004,47
635005,47
635006,0
635007,41
635008,0
635009,0
635010,0
635011,22
635012,0
635013,47
635014,0
635015,0
635016,0
635017,0
635018,0
635019,0
635020,0
635021,0
635022,0
635023,0
635024,0
635025,0
635026,0
635027,43
635028,31
635029,0
635030,0
635031,0
635032,0
635033,0
635034,0
635035,0
635036,0
635037,0
635038,0
635039,0
635040,46
635041,16
635042,0
635043,0
635044,31
635045,52
635046,45
635047,35
635048,0
635049,0
635050,37
635051,0
635052,29
635053,0
635054,0
635055,0
635056,0
635057,0
635058,0
635059,45
635060,0
635061,0
635062,40
635063,0
635064,0
635065,37
635066,38
635067,0
635068,0
635069,0
635070,0
635071,0
635072,0
635073,41
635074,40
635075,0
635076,0
635077,0
635078,0
635079,0
635080,38
635081,0
635082,33
635083,0
635084,0
635085,0
635086,0
635087,0
635088,0
635089,38
635090,0
635091,37
635092,0
635093,0
635094,0
635095,0
635096,0
635097,48
635098,0
635099,0
635100,44
635101,0
635102,0
635103,0
635104,0
635105,0
635106,37
635107,0
635108,25
635109,0
635110,0
635111,0
635112,33
635113,0
635114,38
635115,0
635116,0
635117,28
635118,0
635119,0
635120,0
635121,0
635122,0
635123,36
635124,0
635125,38
635126,0
635127,0
635128,0
635129,0
635130,35
635131,0
635132,0
635133,47
635134,0
635135,37
635136,40
635137,0
635138,0
635139,0
635140,0
635141,38
635142,31
635143,38
635144,0
635145,0
635146,0
635147,30
635148,12
635149,0
635150,42
635151,0
635152,0
635153,0
635154,26
635155,0
635156,41
635157,56
635158,41
635159,0
635160,0
635161,0
635162,0
635163,0
635164,0
635165,0
635166,25
635167,0
635168,31
635169,0
635170,33
635171,0
635172,47
635173,0
635174,0
635175,36
635176,43
635177,0
635178,0
635179,0
635180,0
635181,0
635182,0
635183,50
635184,0
635185,32
635186,0
635187,0
635188,0
635189,0
635190,0
635191,0
635192,0
635193,0
635194,0
635195,43
635196,0
635197,0
635198,33
635199,0
635200,0
635201,0
635202,53
635203,0
635204,0
635205,0
635206,0
635207,0
635208,0
635209,0
635210,0
635211,0
635212,0
635213,0
635214,0
635215,37
635216,48
635217,0
635218,0
635219,42
635220,0
635221,0
635222,0
635223,31
635224,0
635225,0
635226,32
635227,0
635228,0
635229,0
635230,0
635231,0
635232,0
635233,39
635234,0
635235,39
635236,0
635237,31
635238,0
635239,0
635240,44
635241,0
635242,0
635243,0
635244,0
635245,0
635246,0
635247,39
635248,42
635249,0
635250,0
635251,0
635252,44
635253,0
635254,41
635255,0
635256,0
635257,0
635258,31
635259,0
635260,0
635261,0
635262,0
635263,0
635264,0
635265,0
635266,0
635267,17
635268,0
635269,0
635270,0
635271,28
635272,36
635273,40
635274,0
635275,0
635276,26
635277,0
635278,0
635279,0
635280,0
635281,0
635282,39
635283,0
635284,37
635285,34
635286,0
635287,0
635288,0
635289,0
635290,0
635291,0
635292,0
635293,40
635294,0
635295,0
635296,0
635297,0
635298,0
635299,0
635300,0
635301,0
635302,0
635303,0
635304,30
635305,33
635306,36
635307,52
635308,0
635309,0
635310,0
635311,0
635312,20
635313,26
635314,0
635315,0
635316,0
635317,0
635318,0
635319,0
635320,0
635321,28
635322,0
635323,28
635324,40
635325,0
635326,0
635327,0
635328,36
635329,28
635330,38
635331,0
635332,45
635333,0
635334,0
635335,33
635336,54
635337,0
635338,0
635339,0
635340,0
635341,0
635342,0
635343,0
635344,0
635345,0
635346,46
635347,0
635348,31
635349,33
635350,0
635351,0
635352,55
635353,0
635354,0
635355,0
635356,0
635357,50
635358,36
635359,0
635360,0
635361,0
635362,0
635363,40
635364,0
635365,41
635366,0
635367,0
635368,0
635369,35
635370,0
635371,31
635372,0
635373,0
635374,0
635375,0
635376,0
635377,0
635378,41
635379,35
635380,0
635381,35
635382,0
635383,0
635384,0
635385,0
635386,0
635387,0
635388,0
635389,0
635390,46
635391,0
635392,0
635393,37
635394,0
635395,0
635396,46
635397,0
635398,0
635399,29
635400,0
635401,0
635402,46
635403,0
635404,35
635405,0
635406,0
635407,0
635408,0
635409,0
635410,0
635411,0
635412,34
635413,32
635414,0
635415,34
635416,0
635417,0
635418,51
635419,0
635420,45
635421,33
635422,0
635423,0
635424,0
635425,0
635426,42
635427,0
635428,0
635429,40
635430,0
635431,0
635432,35
635433,0
635434,32
635435,0
635436,0
635437,0
635438,0
635439,0
635440,24
635441,0
635442,32
635443,34
635444,0
635445,0
635446,0
635447,0
635448,36
635449,37
635450,0
635451,0
635452,0
635453,0
635454,0
635455,0
635456,27
635457,0
635458,34
635459,39
635460,0
635461,0
635462,43
635463,39
635464,0
635465,0
635466,0
635467,0
635468,0
635469,34
635470,32
635471,0
635472,0
635473,26
635474,0
635475,0
635476,0
635477,0
635478,0
635479,0
635480,31
635481,29
635482,0
635483,0
635484,34
635485,0
635486,0
635487,0
635488,0
635489,0
635490,0
635491,34
635492,0
635493,35
635494,0
635495,0
635496,35
635497,0
635498,43
635499,0
635500,0
635501,0
635502,0
635503,0
635504,0
635505,0
635506,0
635507,0
635508,0
635509,0
635510,0
635511,28
635512,0
635513,30
635514,38
635515,0
635516,28
635517,0
635518,0
635519,30
635520,0
635521,41
635522,0
635523,0
635524,0
635525,0
635526,33
635527,29
635528,0
635529,0
635530,0
635531,0
635532,0
635533,0
635534,0
635535,35
635536,0
635537,27
635538,37
635539,0
635540,0
635541,40
635542,25
635543,0
635544,49
635545,43
635546,0
635547,0
635548,0
635549,0
635550,37
635551,0
635552,0
635553,0
635554,0
635555,0
635556,0
635557,49
635558,0
635559,0
635560,0
635561,33
635562,0
635563,0
635564,34
635565,0
635566,0
635567,45
635568,0
635569,0
635570,42
635571,0
635572,0
635573,0
635574,0
635575,0
635576,0
635577,0
635578,0
635579,0
635580,0
635581,0
635582,0
635583,0
635584,0
635585,32
635586,0
635587,0
635588,0
635589,0
635590,30
635591,0
635592,0
635593,0
635594,28
635595,23
635596,0
635597,33
635598,0
635599,0
635600,0
635601,50
635602,35
635603,0
635604,30
635605,0
635606,34
635607,0
635608,0
635609,22
635610,38
635611,0
635612,0
635613,60
635614,0
635615,0
635616,46
635617,43
635618,0
635619,0
635620,44
635621,30
635622,0
635623,0
635624,40
635625,0
635626,0
635627,43
635628,0
635629,34
635630,0
635631,28
635632,43
635633,0
635634,44
635635,25
635636,35
635637,0
635638,0
635639,0
635640,37
635641,0
635642,0
635643,42
635644,0
635645,0
635646,0
635647,0
635648,0
635649,0
635650,45
635651,0
635652,0
635653,0
635654,0
635655,29
635656,39
635657,0
635658,0
635659,0
635660,0
635661,0
635662,36
635663,0
635664,0
635665,0
635666,0
635667,0
635668,34
635669,42
635670,0
635671,27
635672,0
635673,38
635674,0
635675,0
635676,23
635677,0
635678,0
635679,0
635680,0
635681,0
635682,0
635683,0
635684,0
635685,33
635686,0
635687,41
635688,0
635689,32
635690,0
635691,43
635692,36
635693,0
635694,0
635695,0
635696,0
635697,0
635698,34
635699,0
635700,0
635701,0
635702,0
635703,47
635704,0
635705,39
635706,28
635707,0
635708,38
635709,57
635710,0
635711,31
635712,0
635713,0
635714,0
635715,0
635716,31
635717,25
635718,40
635719,29
635720,29
635721,31
635722,0
635723,0
635724,0
635725,35
635726,35
635727,0
635728,41
635729,0
635730,0
635731,0
635732,45
635733,0
635734,0
635735,0
635736,0
635737,33
635738,0
635739,0
635740,0
635741,0
635742,38
635743,0
635744,0
635745,0
635746,54
635747,0
635748,0
635749,0
635750,34
635751,0
635752,32
635753,0
635754,41
635755,16
635756,0
635757,0
635758,0
635759,0
635760,21
635761,0
635762,0
635763,0
635764,0
635765,35
635766,33
635767,0
635768,0
635769,0
635770,0
635771,35
635772,23
635773,0
635774,30
635775,0
635776,0
635777,0
635778,0
635779,0
635780,0
635781,0
635782,0
635783,0
635784,0
635785,0
635786,0
635787,0
635788,0
635789,47
635790,0
635791,27
635792,0
635793,0
635794,0
635795,0
635796,0
635797,21
635798,0
635799,50
635800,0
635801,0
635802,0
635803,0
635804,0
635805,0
635806,0
635807,0
635808,0
635809,0
635810,0
635811,0
635812,0
635813,0
635814,0
635815,0
635816,0
635817,0
635818,36
635819,0
635820,0
635821,0
635822,0
635823,32
635824,0
635825,0
635826,0
635827,37
635828,40
635829,0
635830,0
635831,0
635832,0
635833,33
635834,31
635835,0
635836,0
635837,0
635838,0
635839,0
635840,0
635841,0
635842,43
635843,46
635844,0
635845,0
635846,0
635847,34
635848,0
635849,0
635850,0
635851,0
635852,0
635853,0
635854,25
635855,0
635856,0
635857,0
635858,0
635859,34
635860,0
635861,0
635862,0
635863,0
635864,30
635865,0
635866,0
635867,0
635868,30
635869,0
635870,0
635871,0
635872,45
635873,0
635874,0
635875,0
635876,0
635877,0
635878,0
635879,0
635880,0
635881,0
635882,30
635883,0
635884,0
635885,0
635886,0
635887,0
635888,0
635889,31
635890,34
635891,0
635892,0
635893,0
635894,0
635895,39
635896,0
635897,0
635898,0
635899,26
635900,0
635901,0
635902,14
635903,0
635904,0
635905,0
635906,18
635907,0
635908,0
635909,0
635910,0
635911,0
635912,0
635913,0
635914,34
635915,0
635916,0
635917,0
635918,0
635919,0
635920,22
635921,18
635922,0
635923,0
635924,0
635925,0
635926,0
635927,0
635928,0
635929,0
635930,0
635931,24
635932,0
635933,0
635934,0
635935,0
635936,0
635937,14
635938,27
635939,26
635940,0
635941,0
635942,0
635943,0
635944,0
635945,0
635946,0
635947,0
635948,12
635949,0
635950,0
635951,0
635952,0
635953,19
635954,0
635955,0
635956,0
635957,0
635958,0
635959,16
635960,0
635961,0
635962,0
635963,0
635964,0
635965,0
635966,18
635967,0
635968,0
635969,0
635970,24
635971,0
635972,26
635973,0
635974,0
635975,0
635976,0
635977,29
635978,0
635979,0
635980,0
635981,0
635982,0
635983,0
635984,0
635985,0
635986,0
635987,0
635988,0
635989,19
635990,0
635991,0
635992,20
635993,0
635994,0
635995,0
635996,0
635997,0
635998,0
635999,0
636000,18
636001,0
636002,0
636003,0
636004,0
636005,21
636006,0
636007,0
636008,0
636009,23
636010,0
636011,0
636012,0
636013,17
636014,0
636015,26
636016,0
636017,0
636018,25
636019,0
636020,0
636021,0
636022,0
636023,0
636024,18
636025,0
636026,18
636027,0
636028,0
636029,0
636030,26
636031,0
636032,20
636033,0
636034,23
636035,20
636036,30
636037,15
636038,0
636039,0
636040,0
636041,24
636042,0
636043,0
636044,17
636045,17
636046,0
636047,0
636048,0
636049,0
636050,22
636051,33
636052,0
636053,0
636054,0
636055,0
636056,33
636057,0
636058,36
636059,16
636060,22
636061,0
636062,27
636063,23
636064,23
636065,0
636066,0
636067,20
636068,28
636069,0
636070,0
636071,27
636072,0
636073,59
636074,0
636075,0
636076,47
636077,0
636078,50
636079,28
636080,0
636081,0
636082,0
636083,0
636084,0
636085,0
636086,29
636087,0
636088,0
636089,0
636090,33
636091,0
636092,0
636093,0
636094,0
636095,25
636096,0
636097,0
636098,0
636099,0
636100,0
636101,0
636102,0
636103,0
636104,0
636105,0
636106,0
636107,0
636108,0
636109,0
636110,0
636111,0
636112,0
636113,0
636114,32
636115,0
636116,16
636117,0
636118,28
636119,0
636120,0
636121,0
636122,0
636123,0
636124,32
636125,0
636126,42
636127,0
636128,0
636129,0
636130,0
636131,0
636132,28
636133,0
636134,0
636135,0
636136,0
636137,0
636138,28
636139,0
636140,0
636141,26
636142,0
636143,0
636144,42
636145,0
636146,0
636147,0
636148,0
636149,0
636150,0
636151,0
636152,26
636153,0
636154,34
636155,25
636156,0
636157,0
636158,0
636159,0
636160,0
636161,0
636162,0
636163,0
636164,0
636165,0
636166,0
636167,0
636168,0
636169,47
636170,0
636171,29
636172,0
636173,56
636174,0
636175,0
636176,0
636177,0
636178,0
636179,0
636180,0
636181,0
636182,21
636183,0
636184,0
636185,31
636186,0
636187,0
636188,0
636189,11
636190,0
636191,0
636192,48
636193,0
636194,28
636195,44
636196,0
636197,21
636198,29
636199,0
636200,0
636201,0
636202,0
636203,0
636204,0
636205,0
636206,15
636207,0
636208,29
636209,0
636210,0
636211,0
636212,0
636213,27
636214,0
636215,0
636216,0
636217,0
636218,0
636219,0
636220,0
636221,0
636222,0
636223,0
636224,0
636225,0
636226,0
636227,0
636228,0
636229,0
636230,0
636231,0
636232,0
636233,0
636234,0
636235,0
636236,0
636237,58
636238,35
636239,0
636240,0
636241,0
636242,22
636243,0
636244,0
636245,0
636246,0
636247,0
636248,0
636249,0
636250,0
636251,0
636252,0
636253,0
636254,40
636255,42
636256,0
636257,0
636258,0
636259,0
636260,67
636261,0
636262,0
636263,66
636264,0
636265,0
636266,41
636267,0
636268,0
636269,0
636270,0
636271,31
636272,0
636273,0
636274,31
636275,0
636276,0
636277,0
636278,0
636279,0
636280,0
636281,0
636282,0
636283,0
636284,0
636285,0
636286,0
636287,0
636288,0
636289,0
636290,0
636291,0
636292,0
636293,0
636294,0
636295,35
636296,0
636297,0
636298,42
636299,39
636300,0
636301,0
636302,0
636303,0
636304,0
636305,0
636306,0
636307,0
636308,0
636309,38
636310,0
636311,0
636312,0
636313,0
636314,0
636315,42
636316,30
636317,0
636318,0
636319,0
636320,0
636321,0
636322,41
636323,0
636324,0
636325,0
636326,0
636327,0
636328,0
636329,0
636330,0
636331,0
636332,38
636333,0
636334,0
636335,0
636336,0
636337,0
636338,0
636339,0
636340,0
636341,0
636342,0
636343,0
636344,0
636345,0
636346,0
636347,0
636348,36
636349,0
636350,0
636351,0
636352,0
636353,0
636354,0
636355,0
636356,0
636357,0
636358,0
636359,0
636360,0
636361,0
636362,0
636363,0
636364,0
636365,0
636366,0
636367,0
636368,0
636369,0
636370,0
636371,0
636372,0
636373,0
636374,0
636375,0
636376,0
636377,0
636378,0
636379,0
636380,0
636381,0
636382,0
636383,41
636384,0
636385,0
636386,0
636387,0
636388,22
636389,0
636390,0
636391,32
636392,0
636393,0
636394,0
636395,0
636396,0
636397,0
636398,0
636399,0
636400,0
636401,0
636402,0
636403,0
636404,0
636405,37
636406,0
636407,26
636408,0
636409,0
636410,0
636411,0
636412,0
636413,0
636414,0
636415,0
636416,0
636417,0
636418,0
636419,0
636420,0
636421,0
636422,0
636423,0
636424,0
636425,0
636426,0
636427,0
636428,31
636429,0
636430,0
636431,0
636432,0
636433,0
636434,0
636435,0
636436,0
636437,0
636438,0
636439,0
636440,0
636441,0
636442,0
636443,0
636444,35
636445,0
636446,0
636447,0
636448,0
636449,0
636450,0
636451,0
636452,0
636453,0
636454,0
636455,0
636456,0
636457,0
636458,0
636459,0
636460,0
636461,0
636462,0
636463,0
636464,0
636465,0
636466,0
636467,0
636468,30
636469,45
636470,0
636471,0
636472,0
636473,0
636474,0
636475,0
636476,0
636477,0
636478,27
636479,0
636480,0
636481,0
636482,0
636483,0
636484,50
636485,0
636486,0
636487,0
636488,30
636489,0
636490,0
636491,0
636492,0
636493,0
636494,0
636495,0
636496,0
636497,0
636498,0
636499,0
636500,0
636501,0
636502,0
636503,0
636504,0
636505,0
636506,0
636507,0
636508,0
636509,0
636510,0
636511,0
636512,0
636513,0
636514,0
636515,0
636516,0
636517,0
636518,0
636519,0
636520,0
636521,22
636522,0
636523,0
636524,0
636525,0
636526,0
636527,30
636528,0
636529,0
636530,0
636531,0
636532,0
636533,0
636534,31
636535,0
636536,0
636537,0
636538,0
636539,0
636540,0
636541,0
636542,0
636543,0
636544,0
636545,0
636546,0
636547,0
636548,0
636549,0
636550,0
636551,29
636552,0
636553,0
636554,0
636555,0
636556,0
636557,0
636558,0
636559,0
636560,0
636561,0
636562,0
636563,0
636564,0
636565,0
636566,0
636567,0
636568,32
636569,0
636570,0
636571,0
636572,0
636573,0
636574,0
636575,0
636576,0
636577,0
636578,0
636579,0
636580,0
636581,0
636582,0
636583,0
636584,0
636585,0
636586,0
636587,36
636588,0
636589,0
636590,0
636591,0
636592,0
636593,0
636594,0
636595,0
636596,21
636597,0
636598,0
636599,0
636600,0
636601,0
636602,21
636603,23
636604,35
636605,0
636606,18
636607,0
636608,0
636609,0
636610,0
636611,0
636612,29
636613,0
636614,37
636615,0
636616,0
636617,0
636618,0
636619,0
636620,0
636621,43
636622,0
636623,0
636624,0
636625,0
636626,21
636627,0
636628,31
636629,0
636630,0
636631,0
636632,0
636633,0
636634,0
636635,0
636636,0
636637,0
636638,0
636639,0
636640,35
636641,0
636642,0
636643,0
636644,25
636645,20
636646,0
636647,0
636648,0
636649,0
636650,22
636651,0
636652,40
636653,0
636654,0
636655,0
636656,0
636657,0
636658,0
636659,0
636660,0
636661,34
636662,0
636663,0
636664,0
636665,0
636666,0
636667,0
636668,29
636669,0
636670,0
636671,30
636672,33
636673,0
636674,0
636675,0
636676,0
636677,0
636678,25
636679,23
636680,25
636681,0
636682,0
636683,0
636684,0
636685,0
636686,0
636687,0
636688,0
636689,19
636690,0
636691,0
636692,0
636693,0
636694,0
636695,0
636696,22
636697,21
636698,0
636699,0
636700,0
636701,20
636702,0
636703,0
636704,0
636705,0
636706,0
636707,21
636708,0
636709,0
636710,0
636711,0
636712,0
636713,18
636714,28
636715,0
636716,0
636717,0
636718,0
636719,0
636720,32
636721,32
636722,0
636723,0
636724,0
636725,0
636726,0
636727,0
636728,0
636729,0
636730,0
636731,0
636732,0
636733,0
636734,0
636735,0
636736,0
636737,0
636738,0
636739,0
636740,0
636741,0
636742,0
636743,34
636744,0
636745,0
636746,31
636747,0
636748,0
636749,0
636750,0
636751,0
636752,0
636753,0
636754,0
636755,0
636756,0
636757,0
636758,0
636759,0
636760,18
636761,0
636762,0
636763,0
636764,0
636765,0
636766,0
636767,24
636768,40
636769,0
636770,0
636771,32
636772,0
636773,0
636774,28
636775,0
636776,0
636777,0
636778,22
636779,0
636780,0
636781,0
636782,25
636783,0
636784,20
636785,36
636786,0
636787,0
636788,0
636789,0
636790,0
636791,0
636792,0
636793,24
636794,0
636795,0
636796,39
636797,0
636798,0
636799,0
636800,0
636801,29
636802,0
636803,0
636804,26
636805,0
636806,0
636807,0
636808,0
636809,22
636810,0
636811,42
636812,0
636813,18
636814,0
636815,24
636816,0
636817,0
636818,23
636819,24
636820,0
636821,0
636822,0
636823,26
636824,0
636825,0
636826,0
636827,0
636828,26
636829,0
636830,24
636831,0
636832,0
636833,0
636834,0
636835,27
636836,0
636837,0
636838,0
636839,0
636840,0
636841,0
636842,0
636843,0
636844,0
636845,0
636846,0
636847,0
636848,0
636849,32
636850,0
636851,26
636852,0
636853,0
636854,0
636855,0
636856,0
636857,0
636858,29
636859,0
636860,0
636861,29
636862,0
636863,0
636864,16
636865,0
636866,0
636867,34
636868,0
636869,0
636870,0
636871,0
636872,0
636873,0
636874,0
636875,21
636876,0
636877,0
636878,0
636879,0
636880,16
636881,0
636882,0
636883,0
636884,0
636885,0
636886,0
636887,0
636888,29
636889,0
636890,23
636891,0
636892,0
636893,0
636894,0
636895,0
636896,0
636897,28
636898,35
636899,0
636900,0
636901,0
636902,0
636903,0
636904,0
636905,0
636906,0
636907,0
636908,31
636909,18
636910,25
636911,24
636912,0
636913,19
636914,0
636915,0
636916,0
636917,0
636918,0
636919,0
636920,0
636921,30
636922,31
636923,0
636924,0
636925,0
636926,0
636927,0
636928,0
636929,0
636930,0
636931,0
636932,16
636933,11
636934,0
636935,0
636936,0
636937,0
636938,0
636939,0
636940,0
636941,0
636942,0
636943,0
636944,0
636945,0
636946,0
636947,0
636948,0
636949,0
636950,0
636951,12
636952,0
636953,0
636954,0
636955,0
636956,0
636957,0
636958,0
636959,0
636960,0
636961,0
636962,0
636963,0
636964,11
636965,0
636966,0
636967,0
636968,0
636969,0
636970,0
636971,0
636972,0
636973,0
636974,0
636975,0
636976,0
636977,0
636978,0
636979,0
636980,0
636981,0
636982,0
636983,0
636984,0
636985,0
636986,21
636987,0
636988,0
636989,0
636990,0
636991,0
636992,0
636993,0
636994,0
636995,0
636996,0
636997,0
636998,0
636999,0
637000,13
637001,16
637002,0
637003,18
637004,0
637005,0
637006,4
637007,0
637008,0
637009,15
637010,0
637011,0
637012,0
637013,0
637014,12
637015,0
637016,0
637017,0
637018,0
637019,0
637020,0
637021,0
637022,0
637023,10
637024,0
637025,0
637026,0
637027,0
637028,0
637029,0
637030,0
637031,0
637032,0
637033,0
637034,0
637035,0
637036,0
637037,0
637038,0
637039,0
637040,0
637041,5
637042,0
637043,0
637044,15
637045,0
637046,0
637047,0
637048,0
637049,4
637050,0
637051,0
637052,4
637053,11
637054,0
637055,0
637056,0
637057,0
637058,0
637059,0
637060,8
637061,0
637062,0
637063,0
637064,0
637065,0
637066,0
637067,0
637068,0
637069,16
637070,0
637071,8
637072,9
637073,0
637074,0
637075,10
637076,0
637077,0
637078,0
637079,0
637080,0
637081,9
637082,0
637083,0
637084,0
637085,0
637086,0
637087,9
637088,0
637089,0
637090,0
637091,0
637092,0
637093,0
637094,0
637095,0
637096,0
637097,0
637098,0
637099,0
637100,0
637101,0
637102,0
637103,19
637104,0
637105,8
637106,0
637107,0
637108,16
637109,0
637110,0
637111,0
637112,0
637113,19
637114,0
637115,0
637116,0
637117,0
637118,0
637119,0
637120,0
637121,0
637122,0
637123,0
637124,0
637125,0
637126,14
637127,0
637128,9
637129,0
637130,0
637131,0
637132,0
637133,16
637134,0
637135,0
637136,0
637137,0
637138,0
637139,0
637140,0
637141,9
637142,0
637143,0
637144,0
637145,0
637146,11
637147,0
637148,9
637149,20
637150,12
637151,0
637152,8
637153,0
637154,0
637155,0
637156,0
637157,7
637158,5
637159,0
637160,0
637161,0
637162,9
637163,0
637164,0
637165,17
637166,0
637167,0
637168,0
637169,13
637170,0
637171,0
637172,1
637173,7
637174,0
637175,20
637176,0
637177,0
637178,10
637179,0
637180,0
637181,6
637182,0
637183,3
637184,0
637185,0
637186,10
637187,0
637188,0
637189,0
637190,0
637191,0
637192,0
637193,18
637194,0
637195,10
637196,0
637197,0
637198,0
637199,0
637200,18
637201,0
637202,0
637203,0
637204,15
637205,0
637206,0
637207,0
637208,0
637209,0
637210,0
637211,0
637212,0
637213,0
637214,0
637215,0
637216,0
637217,0
637218,0
637219,0
637220,9
637221,0
637222,8
637223,8
637224,15
637225,0
637226,0
637227,0
637228,0
637229,0
637230,0
637231,0
637232,0
637233,0
637234,0
637235,0
637236,0
637237,0
637238,0
637239,0
637240,0
637241,0
637242,0
637243,0
637244,0
637245,0
637246,0
637247,19
637248,0
637249,9
637250,23
637251,0
637252,0
637253,0
637254,11
637255,0
637256,0
637257,0
637258,0
637259,0
637260,0
637261,0
637262,11
637263,0
637264,0
637265,0
637266,0
637267,0
637268,0
637269,10
637270,0
637271,0
637272,0
637273,8
637274,0
637275,0
637276,0
637277,0
637278,0
637279,0
637280,0
637281,0
637282,0
637283,0
637284,0
637285,0
637286,0
637287,0
637288,0
637289,0
637290,0
637291,0
637292,0
637293,0
637294,0
637295,7
637296,21
637297,10
637298,0
637299,0
637300,0
637301,0
637302,0
637303,10
637304,13
637305,16
637306,22
637307,10
637308,0
637309,0
637310,12
637311,0
637312,0
637313,0
637314,21
637315,0
637316,0
637317,0
637318,0
637319,8
637320,0
637321,0
637322,0
637323,0
637324,0
637325,0
637326,0
637327,0
637328,0
637329,0
637330,0
637331,0
637332,0
637333,0
637334,0
637335,0
637336,0
637337,0
637338,0
637339,0
637340,0
637341,0
637342,0
637343,0
637344,0
637345,0
637346,0
637347,0
637348,0
637349,0
637350,6
637351,0
637352,0
637353,9
637354,0
637355,14
637356,0
637357,10
637358,0
637359,0
637360,0
637361,14
637362,0
637363,0
637364,4
637365,0
637366,0
637367,0
637368,12
637369,0
637370,0
637371,0
637372,0
637373,0
637374,0
637375,0
637376,0
637377,0
637378,16
637379,0
637380,0
637381,5
637382,15
637383,10
637384,12
637385,0
637386,0
637387,8
637388,0
637389,11
637390,0
637391,0
637392,0
637393,16
637394,0
637395,15
637396,0
637397,0
637398,0
637399,0
637400,0
637401,12
637402,0
637403,0
637404,0
637405,0
637406,0
637407,0
637408,0
637409,0
637410,0
637411,0
637412,18
637413,0
637414,0
637415,0
637416,0
637417,0
637418,0
637419,14
637420,0
637421,0
637422,16
637423,0
637424,8
637425,15
637426,0
637427,0
637428,0
637429,0
637430,0
637431,0
637432,0
637433,7
637434,0
637435,5
637436,0
637437,0
637438,0
637439,4
637440,8
637441,0
637442,0
637443,0
637444,0
637445,0
637446,0
637447,0
637448,6
637449,11
637450,0
637451,0
637452,0
637453,12
637454,0
637455,0
637456,0
637457,0
637458,0
637459,0
637460,7
637461,0
637462,0
637463,12
637464,0
637465,0
637466,0
637467,9
637468,0
637469,0
637470,0
637471,0
637472,0
637473,0
637474,15
637475,8
637476,0
637477,7
637478,0
637479,0
637480,0
637481,0
637482,15
637483,0
637484,0
637485,0
637486,0
637487,0
637488,0
637489,0
637490,0
637491,0
637492,0
637493,0
637494,0
637495,0
637496,25
637497,0
637498,0
637499,0
637500,0
637501,0
637502,0
637503,0
637504,0
637505,0
637506,0
637507,10
637508,0
637509,0
637510,10
637511,4
637512,0
637513,5
637514,0
637515,20
637516,3
637517,0
637518,14
637519,0
637520,0
637521,0
637522,0
637523,4
637524,0
637525,0
637526,17
637527,0
637528,0
637529,0
637530,0
637531,6
637532,0
637533,0
637534,0
637535,7
637536,0
637537,0
637538,8
637539,0
637540,17
637541,0
637542,0
637543,0
637544,0
637545,0
637546,8
637547,13
637548,0
637549,0
637550,13
637551,0
637552,0
637553,0
637554,14
637555,0
637556,0
637557,0
637558,20
637559,8
637560,11
637561,0
637562,0
637563,0
637564,0
637565,0
637566,0
637567,18
637568,0
637569,0
637570,0
637571,0
637572,4
637573,0
637574,0
637575,0
637576,0
637577,0
637578,0
637579,0
637580,9
637581,0
637582,0
637583,15
637584,0
637585,0
637586,0
637587,15
637588,0
637589,0
637590,0
637591,0
637592,0
637593,0
637594,0
637595,0
637596,0
637597,6
637598,0
637599,0
637600,0
637601,0
637602,19
637603,0
637604,0
637605,0
637606,0
637607,0
637608,4
637609,0
637610,0
637611,11
637612,0
637613,0
637614,0
637615,0
637616,0
637617,6
637618,6
637619,0
637620,0
637621,18
637622,4
637623,0
637624,7
637625,0
637626,12
637627,0
637628,0
637629,0
637630,0
637631,0
637632,0
637633,0
637634,0
637635,0
637636,0
637637,0
637638,0
637639,0
637640,0
637641,0
637642,0
637643,0
637644,11
637645,0
637646,0
637647,6
637648,0
637649,11
637650,0
637651,0
637652,0
637653,0
637654,0
637655,0
637656,0
637657,0
637658,0
637659,0
637660,9
637661,9
637662,0
637663,21
637664,0
637665,0
637666,0
637667,0
637668,10
637669,5
637670,0
637671,0
637672,0
637673,0
637674,0
637675,18
637676,7
637677,0
637678,0
637679,0
637680,0
637681,0
637682,0
637683,0
637684,0
637685,0
637686,0
637687,0
637688,0
637689,0
637690,0
637691,0
637692,0
637693,0
637694,0
637695,0
637696,13
637697,0
637698,0
637699,0
637700,11
637701,0
637702,0
637703,0
637704,0
637705,0
637706,17
637707,6
637708,11
637709,0
637710,14
637711,0
637712,0
637713,0
637714,13
637715,18
637716,0
637717,0
637718,9
637719,0
637720,0
637721,0
637722,7
637723,0
637724,0
637725,0
637726,0
637727,15
637728,0
637729,0
637730,13
637731,0
637732,21
637733,0
637734,0
637735,6
637736,14
637737,0
637738,0
637739,0
637740,0
637741,0
637742,0
637743,11
637744,10
637745,0
637746,0
637747,0
637748,0
637749,0
637750,0
637751,0
637752,0
637753,11
637754,0
637755,0
637756,0
637757,0
637758,15
637759,0
637760,0
637761,0
637762,0
637763,0
637764,0
637765,0
637766,0
637767,0
637768,0
637769,0
637770,0
637771,0
637772,0
637773,16
637774,16
637775,0
637776,5
637777,0
637778,0
637779,0
637780,0
637781,0
637782,0
637783,10
637784,0
637785,0
637786,0
637787,0
637788,0
637789,0
637790,0
637791,0
637792,0
637793,11
637794,0
637795,0
637796,7
637797,0
637798,15
637799,0
637800,0
637801,9
637802,0
637803,17
637804,0
637805,0
637806,0
637807,0
637808,0
637809,0
637810,0
637811,0
637812,0
637813,9
637814,0
637815,0
637816,0
637817,10
637818,0
637819,0
637820,0
637821,0
637822,0
637823,0
637824,0
637825,0
637826,0
637827,0
637828,0
637829,0
637830,0
637831,7
637832,15
637833,0
637834,9
637835,14
637836,0
637837,0
637838,0
637839,0
637840,0
637841,0
637842,1
637843,0
637844,0
637845,0
637846,0
637847,0
637848,0
637849,0
637850,0
637851,0
637852,0
637853,0
637854,0
637855,0
637856,0
637857,0
637858,0
637859,0
637860,0
637861,0
637862,0
637863,0
637864,0
637865,0
637866,0
637867,0
637868,0
637869,0
637870,0
637871,0
637872,0
637873,0
637874,0
637875,0
637876,0
637877,0
637878,0
637879,0
637880,0
637881,0
637882,0
637883,0
637884,0
637885,0
637886,0
637887,0
637888,0
637889,0
637890,0
637891,0
637892,0
637893,0
637894,0
637895,0
637896,0
637897,0
637898,0
637899,0
637900,0
637901,0
637902,0
637903,0
637904,0
637905,0
637906,0
637907,0
637908,0
637909,0
637910,0
637911,0
637912,0
637913,0
637914,0
637915,0
637916,0
637917,0
637918,0
637919,0
637920,0
637921,0
637922,0
637923,0
637924,0
637925,0
637926,0
637927,0
637928,0
637929,0
637930,0
637931,0
637932,0
637933,0
637934,0
637935,0
637936,0
637937,0
637938,0
637939,0
637940,0
637941,0
637942,0
637943,0
637944,0
637945,0
637946,0
637947,0
637948,0
637949,0
637950,0
637951,0
637952,0
637953,0
637954,0
637955,0
637956,0
637957,0
637958,0
637959,0
637960,0
637961,0
637962,0
637963,0
637964,0
637965,0
637966,0
637967,0
637968,0
637969,0
637970,0
637971,0
637972,0
637973,0
637974,0
637975,0
637976,0
637977,0
637978,0
637979,0
637980,0
637981,0
637982,0
637983,0
637984,0
637985,0
637986,0
637987,0
637988,0
637989,0
637990,0
637991,0
637992,0
637993,0
637994,0
637995,0
637996,0
637997,0
637998,0
637999,0
638000,0
638001,0
638002,0
638003,0
638004,0
638005,0
638006,0
638007,0
638008,0
638009,0
638010,0
638011,0
638012,0
638013,0
638014,0
638015,0
638016,0
638017,0
638018,0
638019,0
638020,0
638021,0
638022,0
638023,0
638024,0
638025,0
638026,0
638027,0
638028,0
638029,0
638030,0
638031,0
638032,0
638033,0
638034,0
638035,0
638036,0
638037,0
638038,0
638039,0
638040,0
638041,0
638042,0
638043,0
638044,0
638045,0
638046,0
638047,0
638048,0
638049,0
638050,0
638051,0
638052,0
638053,0
638054,0
638055,0
638056,0
638057,0
638058,0
638059,0
638060,0
638061,0
638062,0
638063,0
638064,0
638065,0
638066,0
638067,0
638068,0
638069,0
638070,0
638071,0
638072,0
638073,0
638074,0
638075,0
638076,0
638077,0
638078,0
638079,0
638080,0
638081,0
638082,0
638083,0
638084,0
638085,0
638086,0
638087,0
638088,0
638089,0
638090,0
638091,0
638092,0
638093,0
638094,0
638095,0
638096,0
638097,0
638098,0
638099,0
638100,0
638101,0
638102,0
638103,0
638104,0
638105,0
638106,0
638107,0
638108,0
638109,0
638110,0
638111,0
638112,0
638113,0
638114,0
638115,0
638116,0
638117,0
638118,0
638119,0
638120,0
638121,0
638122,0
638123,0
638124,0
638125,0
638126,0
638127,0
638128,0
638129,0
638130,0
638131,0
638132,0
638133,0
638134,0
638135,0
638136,0
638137,0
638138,0
638139,0
638140,0
638141,0
638142,0
638143,0
638144,0
638145,0
638146,0
638147,0
638148,0
638149,0
638150,0
638151,0
638152,0
638153,0
638154,0
638155,0
638156,0
638157,0
638158,0
638159,0
638160,0
638161,0
638162,0
638163,0
638164,0
638165,0
638166,0
638167,0
638168,0
638169,0
638170,0
638171,0
638172,0
638173,0
638174,0
638175,0
638176,0
638177,0
638178,0
638179,0
638180,0
638181,0
638182,0
638183,0
638184,0
638185,0
638186,0
638187,0
638188,0
638189,0
638190,0
638191,0
638192,0
638193,0
638194,0
638195,0
638196,0
638197,0
638198,0
638199,0
638200,0
638201,0
638202,0
638203,0
638204,0
638205,0
638206,0
638207,0
638208,0
638209,0
638210,0
638211,0
638212,0
638213,0
638214,0
638215,0
638216,0
638217,0
638218,0
638219,0
638220,0
638221,0
638222,0
638223,0
638224,0
638225,0
638226,0
638227,0
638228,0
638229,0
638230,0
638231,0
638232,0
638233,0
638234,0
638235,0
638236,0
638237,0
638238,0
638239,0
638240,0
638241,0
638242,0
638243,0
638244,0
638245,0
638246,0
638247,0
638248,0
638249,0
638250,0
638251,0
638252,0
638253,0
638254,0
638255,0
638256,0
638257,0
638258,0
638259,0
638260,0
638261,0
638262,0
638263,0
638264,0
638265,0
638266,0
638267,0
638268,0
638269,0
638270,0
638271,0
638272,0
638273,0
638274,0
638275,0
638276,0
638277,23
638278,0
638279,0
638280,0
638281,0
638282,0
638283,27
638284,0
638285,0
638286,54
638287,0
638288,0
638289,0
638290,0
638291,0
638292,0
638293,0
638294,0
638295,0
638296,0
638297,0
638298,27
638299,0
638300,0
638301,0
638302,0
638303,0
638304,0
638305,0
638306,0
638307,0
638308,0
638309,0
638310,0
638311,0
638312,0
638313,25
638314,0
638315,0
638316,0
638317,0
638318,0
638319,16
638320,0
638321,0
638322,0
638323,24
638324,0
638325,0
638326,0
638327,0
638328,0
638329,0
638330,0
638331,0
638332,0
638333,0
638334,0
638335,18
638336,0
638337,54
638338,0
638339,0
638340,0
638341,0
638342,0
638343,16
638344,0
638345,33
638346,0
638347,0
638348,0
638349,0
638350,0
638351,0
638352,0
638353,0
638354,0
638355,0
638356,0
638357,0
638358,0
638359,0
638360,0
638361,0
638362,0
638363,0
638364,0
638365,0
638366,0
638367,31
638368,0
638369,20
638370,0
638371,0
638372,0
638373,0
638374,0
638375,0
638376,0
638377,0
638378,0
638379,25
638380,0
638381,0
638382,0
638383,0
638384,0
638385,0
638386,0
638387,0
638388,0
638389,0
638390,0
638391,0
638392,0
638393,0
638394,0
638395,0
638396,0
638397,0
638398,0
638399,26
638400,0
638401,0
638402,0
638403,0
638404,0
638405,0
638406,36
638407,0
638408,0
638409,0
638410,0
638411,11
638412,0
638413,0
638414,0
638415,0
638416,0
638417,29
638418,0
638419,0
638420,0
638421,0
638422,0
638423,0
638424,0
638425,0
638426,0
638427,0
638428,0
638429,0
638430,0
638431,0
638432,0
638433,0
638434,0
638435,20
638436,0
638437,0
638438,39
638439,0
638440,0
638441,39
638442,39
638443,0
638444,0
638445,0
638446,0
638447,0
638448,0
638449,0
638450,0
638451,0
638452,30
638453,0
638454,28
638455,0
638456,31
638457,0
638458,0
638459,0
638460,0
638461,31
638462,0
638463,0
638464,0
638465,0
638466,0
638467,0
638468,0
638469,0
638470,0
638471,0
638472,0
638473,13
638474,0
638475,0
638476,0
638477,31
638478,0
638479,0
638480,0
638481,0
638482,0
638483,0
638484,0
638485,0
638486,0
638487,0
638488,0
638489,0
638490,0
638491,0
638492,0
638493,0
638494,0
638495,0
638496,0
638497,0
638498,0
638499,0
638500,41
638501,0
638502,31
638503,0
638504,0
638505,0
638506,0
638507,0
638508,0
638509,0
638510,0
638511,0
638512,0
638513,0
638514,22
638515,0
638516,0
638517,0
638518,0
638519,18
638520,30
638521,0
638522,0
638523,0
638524,0
638525,0
638526,44
638527,0
638528,15
638529,0
638530,11
638531,0
638532,0
638533,0
638534,0
638535,0
638536,0
638537,0
638538,21
638539,0
638540,0
638541,0
638542,0
638543,0
638544,0
638545,19
638546,0
638547,0
638548,0
638549,0
638550,0
638551,0
638552,0
638553,0
638554,0
638555,0
638556,0
638557,0
638558,9
638559,0
638560,0
638561,0
638562,0
638563,0
638564,0
638565,0
638566,0
638567,0
638568,0
638569,0
638570,25
638571,0
638572,0
638573,24
638574,0
638575,0
638576,0
638577,0
638578,0
638579,0
638580,0
638581,0
638582,0
638583,0
638584,0
638585,0
638586,17
638587,0
638588,0
638589,0
638590,0
638591,0
638592,0
638593,0
638594,0
638595,0
638596,0
638597,0
638598,0
638599,0
638600,0
638601,14
638602,0
638603,38
638604,0
638605,0
638606,0
638607,0
638608,0
638609,0
638610,10
638611,0
638612,0
638613,0
638614,0
638615,0
638616,23
638617,25
638618,0
638619,0
638620,19
638621,0
638622,0
638623,0
638624,0
638625,0
638626,0
638627,0
638628,0
638629,0
638630,0
638631,0
638632,35
638633,0
638634,15
638635,0
638636,0
638637,13
638638,0
638639,0
638640,31
638641,0
638642,0
638643,0
638644,0
638645,19
638646,30
638647,27
638648,0
638649,0
638650,0
638651,0
638652,19
638653,16
638654,0
638655,0
638656,17
638657,14
638658,0
638659,0
638660,0
638661,0
638662,0
638663,0
638664,0
638665,0
638666,0
638667,0
638668,0
638669,0
638670,0
638671,0
638672,0
638673,0
638674,0
638675,0
638676,0
638677,0
638678,0
638679,0
638680,0
638681,0
638682,0
638683,0
638684,0
638685,0
638686,0
638687,0
638688,0
638689,0
638690,21
638691,0
638692,0
638693,0
638694,0
638695,0
638696,27
638697,0
638698,25
638699,0
638700,0
638701,0
638702,0
638703,25
638704,0
638705,0
638706,22
638707,0
638708,0
638709,0
638710,0
638711,0
638712,0
638713,0
638714,23
638715,0
638716,0
638717,0
638718,0
638719,0
638720,0
638721,17
638722,16
638723,0
638724,0
638725,0
638726,34
638727,0
638728,0
638729,21
638730,0
638731,0
638732,0
638733,0
638734,34
638735,0
638736,23
638737,28
638738,0
638739,0
638740,0
638741,0
638742,0
638743,21
638744,0
638745,0
638746,0
638747,0
638748,0
638749,0
638750,0
638751,32
638752,13
638753,0
638754,0
638755,0
638756,10
638757,0
638758,23
638759,0
638760,0
638761,0
638762,0
638763,0
638764,0
638765,0
638766,0
638767,0
638768,0
638769,0
638770,0
638771,0
638772,0
638773,24
638774,30
638775,13
638776,0
638777,0
638778,0
638779,0
638780,0
638781,0
638782,0
638783,0
638784,0
638785,23
638786,0
638787,0
638788,0
638789,33
638790,16
638791,0
638792,0
638793,0
638794,0
638795,0
638796,0
638797,0
638798,10
638799,0
638800,0
638801,0
638802,0
638803,0
638804,0
638805,0
638806,11
638807,0
638808,16
638809,0
638810,0
638811,0
638812,0
638813,17
638814,0
638815,0
638816,0
638817,0
638818,20
638819,0
638820,0
638821,0
638822,0
638823,0
638824,0
638825,0
638826,0
638827,20
638828,0
638829,0
638830,0
638831,15
638832,25
638833,0
638834,25
638835,25
638836,0
638837,0
638838,0
638839,28
638840,12
638841,16
638842,0
638843,0
638844,0
638845,0
638846,0
638847,13
638848,0
638849,0
638850,0
638851,0
638852,0
638853,24
638854,0
638855,0
638856,0
638857,29
638858,0
638859,0
638860,0
638861,20
638862,0
638863,21
638864,21
638865,0
638866,11
638867,14
638868,0
638869,0
638870,0
638871,17
638872,34
638873,0
638874,0
638875,0
638876,0
638877,0
638878,0
638879,0
638880,0
638881,0
638882,16
638883,0
638884,0
638885,0
638886,0
638887,0
638888,19
638889,0
638890,0
638891,0
638892,0
638893,0
638894,0
638895,0
638896,0
638897,21
638898,21
638899,0
638900,0
638901,0
638902,24
638903,0
638904,0
638905,0
638906,0
638907,0
638908,0
638909,0
638910,0
638911,36
638912,16
638913,0
638914,0
638915,21
638916,0
638917,29
638918,0
638919,0
638920,0
638921,0
638922,0
638923,0
638924,0
638925,0
638926,0
638927,0
638928,0
638929,11
638930,0
638931,0
638932,0
638933,0
638934,0
638935,0
638936,0
638937,0
638938,0
638939,0
638940,14
638941,34
638942,34
638943,28
638944,0
638945,0
638946,0
638947,23
638948,0
638949,23
638950,0
638951,0
638952,19
638953,0
638954,0
638955,0
638956,0
638957,0
638958,0
638959,0
638960,0
638961,0
638962,0
638963,0
638964,19
638965,32
638966,0
638967,0
638968,0
638969,0
638970,16
638971,0
638972,22
638973,0
638974,0
638975,17
638976,0
638977,0
638978,0
638979,0
638980,0
638981,16
638982,6
638983,0
638984,0
638985,0
638986,25
638987,0
638988,0
638989,0
638990,0
638991,0
638992,0
638993,0
638994,0
638995,20
638996,0
638997,14
638998,0
638999,0
639000,33
639001,0
639002,0
639003,14
639004,16
639005,0
639006,0
639007,0
639008,0
639009,22
639010,0
639011,0
639012,0
639013,19
639014,0
639015,0
639016,29
639017,0
639018,0
639019,0
639020,0
639021,0
639022,33
639023,0
639024,0
639025,0
639026,0
639027,0
639028,0
639029,13
639030,0
639031,0
639032,23
639033,0
639034,23
639035,4
639036,0
639037,0
639038,0
639039,0
639040,0
639041,0
639042,0
639043,0
639044,0
639045,0
639046,0
639047,0
639048,0
639049,0
639050,0
639051,0
639052,0
639053,0
639054,0
639055,0
639056,0
639057,39
639058,33
639059,0
639060,36
639061,0
639062,0
639063,0
639064,0
639065,0
639066,0
639067,0
639068,0
639069,0
639070,18
639071,0
639072,0
639073,0
639074,0
639075,0
639076,0
639077,0
639078,38
639079,0
639080,0
639081,0
639082,0
639083,0
639084,0
639085,34
639086,20
639087,0
639088,24
639089,0
639090,15
639091,14
639092,0
639093,0
639094,0
639095,0
639096,19
639097,0
639098,0
639099,0
639100,0
639101,0
639102,0
639103,0
639104,0
639105,0
639106,0
639107,13
639108,0
639109,34
639110,0
639111,0
639112,0
639113,0
639114,0
639115,0
639116,0
639117,19
639118,0
639119,0
639120,0
639121,0
639122,0
639123,0
639124,0
639125,0
639126,29
639127,0
639128,14
639129,26
639130,0
639131,0
639132,21
639133,0
639134,0
639135,0
639136,0
639137,0
639138,19
639139,0
639140,0
639141,0
639142,0
639143,37
639144,0
639145,0
639146,0
639147,30
639148,0
639149,20
639150,0
639151,0
639152,0
639153,0
639154,0
639155,0
639156,0
639157,0
639158,0
639159,0
639160,0
639161,0
639162,0
639163,0
639164,0
639165,0
639166,20
639167,11
639168,0
639169,0
639170,0
639171,0
639172,0
639173,0
639174,0
639175,0
639176,0
639177,0
639178,0
639179,0
639180,0
639181,0
639182,47
639183,0
639184,0
639185,26
639186,0
639187,0
639188,0
639189,11
639190,0
639191,0
639192,0
639193,0
639194,0
639195,21
639196,0
639197,0
639198,0
639199,0
639200,18
639201,21
639202,0
639203,0
639204,31
639205,0
639206,27
639207,0
639208,0
639209,0
639210,0
639211,0
639212,0
639213,24
639214,0
639215,0
639216,0
639217,0
639218,0
639219,0
639220,12
639221,0
639222,0
639223,0
639224,0
639225,0
639226,0
639227,0
639228,0
639229,18
639230,0
639231,0
639232,0
639233,0
639234,0
639235,0
639236,0
639237,0
639238,0
639239,0
639240,0
639241,0
639242,26
639243,0
639244,41
639245,0
639246,0
639247,0
639248,0
639249,0
639250,0
639251,0
639252,42
639253,0
639254,0
639255,32
639256,15
639257,26
639258,0
639259,0
639260,0
639261,24
639262,0
639263,0
639264,0
639265,0
639266,0
639267,0
639268,25
639269,0
639270,0
639271,0
639272,13
639273,0
639274,0
639275,0
639276,0
639277,0
639278,0
639279,28
639280,0
639281,0
639282,0
639283,17
639284,16
639285,0
639286,0
639287,35
639288,0
639289,0
639290,23
639291,19
639292,0
639293,0
639294,0
639295,0
639296,0
639297,0
639298,19
639299,0
639300,0
639301,0
639302,0
639303,0
639304,0
639305,0
639306,0
639307,32
639308,0
639309,0
639310,0
639311,0
639312,0
639313,0
639314,0
639315,0
639316,26
639317,0
639318,0
639319,0
639320,0
639321,0
639322,0
639323,0
639324,0
639325,0
639326,0
639327,0
639328,22
639329,0
639330,18
639331,0
639332,0
639333,0
639334,0
639335,0
639336,0
639337,0
639338,0
639339,21
639340,0
639341,0
639342,0
639343,0
639344,0
639345,10
639346,0
639347,14
639348,0
639349,0
639350,0
639351,0
639352,26
639353,0
639354,39
639355,21
639356,0
639357,0
639358,0
639359,0
639360,0
639361,0
639362,0
639363,0
639364,8
639365,22
639366,34
639367,19
639368,0
639369,0
639370,0
639371,16
639372,0
639373,0
639374,0
639375,10
639376,0
639377,0
639378,33
639379,0
639380,0
639381,20
639382,0
639383,0
639384,0
639385,0
639386,0
639387,0
639388,0
639389,0
639390,0
639391,0
639392,31
639393,0
639394,0
639395,0
639396,0
639397,13
639398,0
639399,0
639400,0
639401,0
639402,0
639403,0
639404,14
639405,0
639406,0
639407,0
639408,0
639409,0
639410,11
639411,20
639412,16
639413,15
639414,21
639415,0
639416,0
639417,0
639418,0
639419,0
639420,0
639421,0
639422,0
639423,0
639424,0
639425,0
639426,0
639427,0
639428,0
639429,0
639430,0
639431,25
639432,0
639433,23
639434,36
639435,0
639436,0
639437,0
639438,18
639439,0
639440,0
639441,0
639442,0
639443,0
639444,0
639445,42
639446,0
639447,0
639448,0
639449,0
639450,0
639451,0
639452,16
639453,0
639454,0
639455,0
639456,0
639457,0
639458,0
639459,0
639460,0
639461,0
639462,0
639463,0
639464,0
639465,0
639466,0
639467,24
639468,0
639469,0
639470,24
639471,0
639472,0
639473,0
639474,0
639475,0
639476,0
639477,0
639478,0
639479,17
639480,0
639481,0
639482,0
639483,41
639484,21
639485,0
639486,13
639487,16
639488,0
639489,28
639490,0
639491,0
639492,22
639493,0
639494,11
639495,12
639496,17
639497,0
639498,0
639499,0
639500,18
639501,0
639502,0
639503,10
639504,29
639505,0
639506,0
639507,11
639508,0
639509,0
639510,0
639511,0
639512,0
639513,0
639514,0
639515,0
639516,0
639517,0
639518,0
639519,0
639520,0
639521,0
639522,0
639523,0
639524,0
639525,0
639526,0
639527,22
639528,0
639529,0
639530,0
639531,14
639532,39
639533,0
639534,29
639535,0
639536,0
639537,0
639538,0
639539,0
639540,0
639541,0
639542,14
639543,0
639544,0
639545,0
639546,0
639547,24
639548,0
639549,0
639550,0
639551,27
639552,0
639553,0
639554,0
639555,23
639556,0
639557,0
639558,0
639559,0
639560,0
639561,22
639562,0
639563,24
639564,0
639565,0
639566,19
639567,24
639568,23
639569,0
639570,0
639571,0
639572,0
639573,0
639574,0
639575,0
639576,0
639577,0
639578,0
639579,0
639580,0
639581,0
639582,0
639583,0
639584,0
639585,19
639586,0
639587,0
639588,23
639589,0
639590,0
639591,0
639592,0
639593,0
639594,24
639595,12
639596,0
639597,0
639598,0
639599,0
639600,0
639601,31
639602,0
639603,0
639604,0
639605,0
639606,0
639607,0
639608,35
639609,16
639610,0
639611,0
639612,40
639613,0
639614,0
639615,0
639616,0
639617,0
639618,0
639619,0
639620,0
639621,0
639622,0
639623,0
639624,26
639625,11
639626,0
639627,0
639628,0
639629,22
639630,0
639631,0
639632,0
639633,0
639634,0
639635,0
639636,0
639637,0
639638,0
639639,25
639640,0
639641,0
639642,29
639643,22
639644,0
639645,0
639646,0
639647,0
639648,0
639649,0
639650,0
639651,0
639652,0
639653,0
639654,0
639655,0
639656,0
639657,0
639658,0
639659,0
639660,0
639661,0
639662,0
639663,20
639664,49
639665,50
639666,0
639667,0
639668,0
639669,0
639670,42
639671,20
639672,0
639673,0
639674,25
639675,0
639676,0
639677,0
639678,0
639679,0
639680,31
639681,0
639682,0
639683,0
639684,0
639685,0
639686,0
639687,0
639688,0
639689,0
639690,0
639691,0
639692,0
639693,0
639694,0
639695,0
639696,0
639697,0
639698,0
639699,0
639700,0
639701,0
639702,26
639703,0
639704,0
639705,30
639706,0
639707,19
639708,0
639709,0
639710,0
639711,0
639712,0
639713,0
639714,0
639715,0
639716,0
639717,0
639718,0
639719,29
639720,20
639721,23
639722,0
639723,0
639724,0
639725,24
639726,0
639727,0
639728,29
639729,0
639730,0
639731,31
639732,0
639733,0
639734,0
639735,0
639736,0
639737,40
639738,0
639739,0
639740,0
639741,0
639742,0
639743,0
639744,0
639745,0
639746,0
639747,33
639748,0
639749,0
639750,42
639751,0
639752,0
639753,0
639754,0
639755,0
639756,0
639757,26
639758,0
639759,0
639760,0
639761,35
639762,0
639763,32
639764,0
639765,0
639766,0
639767,0
639768,0
639769,0
639770,0
639771,0
639772,0
639773,18
639774,0
639775,28
639776,0
639777,0
639778,0
639779,0
639780,0
639781,0
639782,0
639783,0
639784,0
639785,0
639786,0
639787,0
639788,35
639789,0
639790,0
639791,0
639792,0
639793,0
639794,43
639795,0
639796,0
639797,0
639798,28
639799,0
639800,0
639801,0
639802,0
639803,0
639804,0
639805,14
639806,0
639807,0
639808,20
639809,34
639810,0
639811,0
639812,0
639813,0
639814,0
639815,28
639816,0
639817,0
639818,0
639819,0
639820,24
639821,14
639822,0
639823,0
639824,22
639825,34
639826,0
639827,0
639828,0
639829,0
639830,0
639831,0
639832,0
639833,0
639834,0
639835,0
639836,0
639837,0
639838,0
639839,0
639840,0
639841,0
639842,0
639843,0
639844,0
639845,0
639846,63
639847,0
639848,0
639849,25
639850,0
639851,0
639852,0
639853,0
639854,0
639855,50
639856,0
639857,0
639858,0
639859,0
639860,0
639861,0
639862,0
639863,0
639864,17
639865,53
639866,0
639867,0
639868,0
639869,28
639870,0
639871,0
639872,28
639873,0
639874,0
639875,0
639876,0
639877,0
639878,0
639879,0
639880,40
639881,0
639882,0
639883,0
639884,0
639885,0
639886,0
639887,0
639888,0
639889,0
639890,0
639891,0
639892,45
639893,0
639894,0
639895,0
639896,0
639897,0
639898,0
639899,0
639900,0
639901,0
639902,0
639903,0
639904,0
639905,0
639906,0
639907,0
639908,0
639909,39
639910,0
639911,19
639912,0
639913,0
639914,0
639915,14
639916,23
639917,0
639918,0
639919,47
639920,0
639921,0
639922,0
639923,0
639924,0
639925,0
639926,0
639927,0
639928,0
639929,0
639930,0
639931,0
639932,0
639933,23
639934,0
639935,0
639936,0
639937,0
639938,0
639939,0
639940,35
639941,0
639942,0
639943,0
639944,0
639945,0
639946,0
639947,0
639948,0
639949,0
639950,0
639951,0
639952,0
639953,0
639954,0
639955,0
639956,0
639957,0
639958,0
639959,0
639960,0
639961,0
639962,0
639963,0
639964,0
639965,0
639966,0
639967,0
639968,0
639969,0
639970,0
639971,0
639972,0
639973,0
639974,0
639975,0
639976,0
639977,0
639978,0
639979,0
639980,0
639981,0
639982,0
639983,16
639984,0
639985,0
639986,0
639987,0
639988,30
639989,0
639990,0
639991,0
639992,0
639993,0
639994,0
639995,26
639996,0
639997,0
639998,0
639999,0
640000,0
640001,0
640002,0
640003,0
640004,0
640005,0
640006,32
640007,0
640008,0
640009,0
640010,0
640011,0
640012,0
640013,0
640014,0
640015,37
640016,25
640017,0
640018,0
640019,0
640020,0
640021,0
640022,0
640023,0
640024,0
640025,0
640026,0
640027,0
640028,0
640029,0
640030,0
640031,0
640032,18
640033,0
640034,0
640035,0
640036,0
640037,18
640038,0
640039,0
640040,0
640041,47
640042,0
640043,0
640044,0
640045,0
640046,19
640047,0
640048,21
640049,0
640050,0
640051,0
640052,0
640053,0
640054,0
640055,0
640056,0
640057,0
640058,0
640059,0
640060,0
640061,0
640062,38
640063,0
640064,30
640065,0
640066,0
640067,0
640068,0
640069,24
640070,0
640071,13
640072,0
640073,24
640074,0
640075,0
640076,0
640077,32
640078,0
640079,37
640080,0
640081,0
640082,0
640083,0
640084,0
640085,0
640086,0
640087,22
640088,0
640089,21
640090,0
640091,0
640092,0
640093,25
640094,0
640095,0
640096,0
640097,0
640098,0
640099,22
640100,0
640101,0
640102,0
640103,0
640104,0
640105,28
640106,21
640107,0
640108,0
640109,0
640110,0
640111,37
640112,0
640113,0
640114,21
640115,0
640116,0
640117,0
640118,0
640119,0
640120,0
640121,25
640122,0
640123,0
640124,0
640125,0
640126,0
640127,0
640128,0
640129,0
640130,0
640131,0
640132,0
640133,16
640134,20
640135,0
640136,0
640137,0
640138,0
640139,18
640140,0
640141,0
640142,0
640143,0
640144,0
640145,0
640146,0
640147,21
640148,28
640149,0
640150,0
640151,0
640152,0
640153,0
640154,0
640155,0
640156,0
640157,0
640158,0
640159,18
640160,0
640161,0
640162,0
640163,0
640164,0
640165,0
640166,0
640167,0
640168,0
640169,0
640170,0
640171,0
640172,0
640173,31
640174,24
640175,31
640176,0
640177,0
640178,0
640179,0
640180,0
640181,24
640182,0
640183,0
640184,0
640185,0
640186,0
640187,0
640188,18
640189,22
640190,0
640191,0
640192,0
640193,0
640194,0
640195,0
640196,0
640197,0
640198,0
640199,0
640200,0
640201,0
640202,0
640203,0
640204,0
640205,0
640206,0
640207,0
640208,29
640209,0
640210,25
640211,38
640212,0
640213,17
640214,0
640215,0
640216,0
640217,0
640218,0
640219,0
640220,0
640221,0
640222,0
640223,0
640224,0
640225,0
640226,0
640227,0
640228,0
640229,0
640230,18
640231,0
640232,0
640233,0
640234,0
640235,0
640236,0
640237,0
640238,38
640239,0
640240,0
640241,0
640242,0
640243,0
640244,0
640245,46
640246,0
640247,0
640248,38
640249,0
640250,0
640251,0
640252,0
640253,39
640254,0
640255,0
640256,17
640257,0
640258,0
640259,0
640260,0
640261,20
640262,0
640263,0
640264,0
640265,0
640266,0
640267,0
640268,0
640269,0
640270,0
640271,11
640272,0
640273,42
640274,0
640275,0
640276,0
640277,0
640278,0
640279,0
640280,0
640281,0
640282,0
640283,0
640284,0
640285,0
640286,38
640287,0
640288,16
640289,0
640290,0
640291,0
640292,0
640293,0
640294,0
640295,0
640296,0
640297,0
640298,0
640299,0
640300,0
640301,0
640302,0
640303,0
640304,0
640305,0
640306,0
640307,0
640308,0
640309,0
640310,0
640311,0
640312,0
640313,0
640314,0
640315,0
640316,0
640317,27
640318,0
640319,0
640320,0
640321,0
640322,0
640323,0
640324,0
640325,0
640326,0
640327,0
640328,0
640329,0
640330,0
640331,0
640332,0
640333,34
640334,29
640335,0
640336,0
640337,0
640338,0
640339,0
640340,0
640341,33
640342,0
640343,0
640344,0
640345,20
640346,0
640347,0
640348,0
640349,0
640350,0
640351,0
640352,0
640353,0
640354,0
640355,0
640356,0
640357,26
640358,0
640359,0
640360,0
640361,0
640362,0
640363,0
640364,0
640365,26
640366,17
640367,0
640368,0
640369,0
640370,0
640371,38
640372,0
640373,0
640374,0
640375,0
640376,29
640377,0
640378,21
640379,0
640380,0
640381,0
640382,0
640383,0
640384,0
640385,0
640386,0
640387,23
640388,0
640389,27
640390,0
640391,0
640392,0
640393,0
640394,0
640395,0
640396,0
640397,0
640398,0
640399,0
640400,0
640401,22
640402,0
640403,0
640404,0
640405,0
640406,0
640407,0
640408,0
640409,0
640410,0
640411,0
640412,0
640413,0
640414,0
640415,0
640416,0
640417,0
640418,0
640419,0
640420,0
640421,0
640422,18
640423,0
640424,0
640425,0
640426,14
640427,0
640428,0
640429,0
640430,0
640431,0
640432,0
640433,0
640434,0
640435,0
640436,0
640437,0
640438,0
640439,0
640440,37
640441,0
640442,0
640443,0
640444,24
640445,14
640446,0
640447,0
640448,0
640449,0
640450,0
640451,25
640452,0
640453,0
640454,21
640455,0
640456,0
640457,0
640458,38
640459,0
640460,0
640461,0
640462,0
640463,0
640464,43
640465,0
640466,0
640467,0
640468,0
640469,0
640470,0
640471,0
640472,0
640473,0
640474,0
640475,40
640476,24
640477,0
640478,0
640479,0
640480,0
640481,0
640482,0
640483,0
640484,0
640485,0
640486,0
640487,0
640488,0
640489,0
640490,0
640491,23
640492,23
640493,0
640494,0
640495,0
640496,0
640497,0
640498,0
640499,0
640500,0
640501,24
640502,0
640503,0
640504,0
640505,0
640506,13
640507,0
640508,13
640509,0
640510,0
640511,0
640512,0
640513,14
640514,0
640515,0
640516,0
640517,0
640518,0
640519,15
640520,0
640521,0
640522,14
640523,0
640524,0
640525,0
640526,0
640527,0
640528,0
640529,0
640530,0
640531,0
640532,0
640533,0
640534,0
640535,0
640536,0
640537,0
640538,0
640539,0
640540,0
640541,0
640542,0
640543,0
640544,0
640545,0
640546,0
640547,0
640548,0
640549,10
640550,14
640551,0
640552,0
640553,0
640554,0
640555,0
640556,0
640557,0
640558,12
640559,0
640560,0
640561,0
640562,0
640563,0
640564,0
640565,0
640566,0
640567,0
640568,0
640569,0
640570,0
640571,19
640572,0
640573,0
640574,0
640575,0
640576,0
640577,13
640578,0
640579,6
640580,7
640581,0
640582,0
640583,0
640584,0
640585,0
640586,13
640587,0
640588,0
640589,14
640590,10
640591,10
640592,0
640593,0
640594,9
640595,0
640596,0
640597,0
640598,0
640599,0
640600,0
640601,0
640602,0
640603,0
640604,0
640605,0
640606,10
640607,0
640608,0
640609,0
640610,0
640611,0
640612,6
640613,12
640614,0
640615,0
640616,12
640617,0
640618,0
640619,10
640620,0
640621,11
640622,0
640623,0
640624,0
640625,0
640626,0
640627,0
640628,12
640629,10
640630,0
640631,0
640632,0
640633,26
640634,0
640635,0
640636,0
640637,0
640638,0
640639,0
640640,0
640641,12
640642,10
640643,0
640644,0
640645,0
640646,0
640647,0
640648,0
640649,0
640650,0
640651,0
640652,0
640653,0
640654,0
640655,0
640656,0
640657,0
640658,0
640659,0
640660,19
640661,0
640662,0
640663,0
640664,10
640665,0
640666,0
640667,0
640668,0
640669,0
640670,0
640671,0
640672,0
640673,0
640674,0
640675,4
640676,0
640677,0
640678,9
640679,15
640680,6
640681,10
640682,0
640683,0
640684,0
640685,0
640686,12
640687,0
640688,0
640689,0
640690,0
640691,12
640692,9
640693,0
640694,0
640695,9
640696,0
640697,0
640698,0
640699,0
640700,6
640701,0
640702,16
640703,0
640704,0
640705,0
640706,0
640707,0
640708,0
640709,10
640710,0
640711,0
640712,0
640713,0
640714,0
640715,0
640716,0
640717,12
640718,0
640719,0
640720,0
640721,0
640722,0
640723,0
640724,0
640725,17
640726,0
640727,11
640728,0
640729,0
640730,0
640731,14
640732,15
640733,10
640734,10
640735,0
640736,0
640737,0
640738,11
640739,17
640740,0
640741,0
640742,16
640743,0
640744,0
640745,0
640746,0
640747,0
640748,0
640749,0
640750,0
640751,0
640752,0
640753,0
640754,0
640755,0
640756,0
640757,0
640758,0
640759,0
640760,0
640761,0
640762,0
640763,0
640764,0
640765,0
640766,0
640767,0
640768,0
640769,0
640770,0
640771,0
640772,0
640773,0
640774,0
640775,0
640776,0
640777,0
640778,0
640779,0
640780,0
640781,0
640782,0
640783,0
640784,0
640785,0
640786,0
640787,0
640788,0
640789,0
640790,0
640791,0
640792,0
640793,0
640794,0
640795,24
640796,0
640797,0
640798,0
640799,23
640800,0
640801,0
640802,36
640803,0
640804,0
640805,29
640806,0
640807,0
640808,0
640809,0
640810,0
640811,0
640812,0
640813,0
640814,30
640815,0
640816,0
640817,0
640818,0
640819,0
640820,0
640821,0
640822,0
640823,0
640824,28
640825,26
640826,0
640827,26
640828,0
640829,0
640830,0
640831,0
640832,0
640833,0
640834,0
640835,0
640836,0
640837,29
640838,22
640839,0
640840,0
640841,0
640842,0
640843,0
640844,0
640845,0
640846,25
640847,0
640848,27
640849,0
640850,0
640851,17
640852,0
640853,32
640854,0
640855,0
640856,0
640857,0
640858,0
640859,0
640860,0
640861,0
640862,0
640863,0
640864,0
640865,0
640866,16
640867,31
640868,0
640869,0
640870,0
640871,0
640872,0
640873,16
640874,0
640875,0
640876,33
640877,0
640878,0
640879,0
640880,0
640881,0
640882,0
640883,0
640884,0
640885,28
640886,0
640887,0
640888,0
640889,0
640890,0
640891,0
640892,0
640893,0
640894,0
640895,0
640896,20
640897,30
640898,0
640899,31
640900,0
640901,0
640902,0
640903,37
640904,0
640905,41
640906,0
640907,0
640908,0
640909,0
640910,0
640911,38
640912,0
640913,0
640914,0
640915,0
640916,0
640917,0
640918,0
640919,0
640920,0
640921,0
640922,0
640923,0
640924,49
640925,0
640926,0
640927,0
640928,0
640929,0
640930,0
640931,0
640932,27
640933,0
640934,0
640935,0
640936,0
640937,25
640938,0
640939,0
640940,0
640941,20
640942,0
640943,28
640944,33
640945,0
640946,0
640947,28
640948,42
640949,29
640950,0
640951,0
640952,0
640953,0
640954,0
640955,0
640956,0
640957,0
640958,0
640959,0
640960,0
640961,30
640962,0
640963,29
640964,26
640965,0
640966,0
640967,0
640968,0
640969,23
640970,0
640971,0
640972,33
640973,0
640974,0
640975,0
640976,0
640977,0
640978,0
640979,0
640980,0
640981,0
640982,0
640983,0
640984,0
640985,0
640986,0
640987,0
640988,0
640989,0
640990,0
640991,0
640992,0
640993,0
640994,20
640995,0
640996,31
640997,0
640998,0
640999,26
641000,0
641001,0
641002,0
641003,26
641004,0
641005,33
641006,0
641007,0
641008,33
641009,0
641010,0
641011,0
641012,0
641013,0
641014,0
641015,0
641016,0
641017,0
641018,0
641019,0
641020,0
641021,0
641022,0
641023,22
641024,0
641025,0
641026,0
641027,0
641028,0
641029,21
641030,0
641031,0
641032,0
641033,0
641034,0
641035,0
641036,0
641037,0
641038,29
641039,0
641040,0
641041,0
641042,0
641043,0
641044,0
641045,0
641046,23
641047,0
641048,0
641049,0
641050,0
641051,0
641052,19
641053,20
641054,0
641055,0
641056,0
641057,0
641058,25
641059,0
641060,0
641061,0
641062,49
641063,0
641064,0
641065,22
641066,0
641067,18
641068,22
641069,0
641070,0
641071,0
641072,0
641073,0
641074,0
641075,34
641076,0
641077,0
641078,0
641079,0
641080,0
641081,0
641082,40
641083,0
641084,29
641085,0
641086,40
641087,0
641088,0
641089,36
641090,0
641091,0
641092,0
641093,0
641094,0
641095,0
641096,0
641097,0
641098,0
641099,0
641100,26
641101,0
641102,0
641103,0
641104,0
641105,0
641106,0
641107,23
641108,0
641109,0
641110,0
641111,0
641112,0
641113,0
641114,0
641115,0
641116,0
641117,25
641118,0
641119,0
641120,0
641121,0
641122,0
641123,0
641124,0
641125,0
641126,0
641127,0
641128,0
641129,0
641130,0
641131,0
641132,0
641133,0
641134,0
641135,0
641136,0
641137,0
641138,0
641139,0
641140,26
641141,0
641142,0
641143,0
641144,0
641145,33
641146,35
641147,0
641148,0
641149,0
641150,0
641151,0
641152,30
641153,0
641154,0
641155,0
641156,0
641157,0
641158,0
641159,30
641160,0
641161,0
641162,0
641163,0
641164,0
641165,35
641166,0
641167,0
641168,0
641169,0
641170,0
641171,0
641172,0
641173,0
641174,0
641175,0
641176,0
641177,0
641178,0
641179,34
641180,0
641181,0
641182,0
641183,0
641184,21
641185,30
641186,0
641187,0
641188,0
641189,0
641190,0
641191,0
641192,0
641193,0
641194,0
641195,32
641196,0
641197,0
641198,0
641199,0
641200,22
641201,0
641202,0
641203,0
641204,0
641205,0
641206,0
641207,0
641208,0
641209,0
641210,0
641211,0
641212,0
641213,0
641214,0
641215,0
641216,0
641217,0
641218,34
641219,0
641220,0
641221,0
641222,25
641223,0
641224,0
641225,0
641226,0
641227,0
641228,26
641229,15
641230,0
641231,28
641232,0
641233,0
641234,49
641235,0
641236,21
641237,21
641238,0
641239,0
641240,0
641241,0
641242,0
641243,25
641244,0
641245,0
641246,0
641247,0
641248,0
641249,0
641250,0
641251,0
641252,33
641253,37
641254,0
641255,0
641256,0
641257,0
641258,0
641259,0
641260,0
641261,30
641262,23
641263,0
641264,0
641265,0
641266,0
641267,0
641268,0
641269,0
641270,0
641271,0
641272,0
641273,0
641274,0
641275,36
641276,0
641277,0
641278,0
641279,0
641280,0
641281,0
641282,0
641283,0
641284,0
641285,0
641286,42
641287,0
641288,21
641289,0
641290,0
641291,0
641292,0
641293,0
641294,24
641295,0
641296,0
641297,0
641298,0
641299,0
641300,0
641301,0
641302,0
641303,0
641304,0
641305,0
641306,0
641307,13
641308,27
641309,17
641310,0
641311,0
641312,0
641313,20
641314,23
641315,20
641316,0
641317,0
641318,0
641319,0
641320,0
641321,0
641322,0
641323,22
641324,0
641325,25
641326,21
641327,0
641328,22
641329,0
641330,0
641331,10
641332,0
641333,0
641334,0
641335,0
641336,0
641337,0
641338,13
641339,0
641340,0
641341,0
641342,0
641343,0
641344,0
641345,0
641346,0
641347,39
641348,0
641349,0
641350,0
641351,0
641352,0
641353,0
641354,0
641355,24
641356,18
641357,0
641358,0
641359,0
641360,0
641361,0
641362,0
641363,0
641364,0
641365,0
641366,0
641367,0
641368,0
641369,8
641370,16
641371,0
641372,0
641373,0
641374,0
641375,0
641376,0
641377,0
641378,0
641379,0
641380,0
641381,0
641382,0
641383,0
641384,0
641385,0
641386,20
641387,0
641388,0
641389,0
641390,0
641391,0
641392,0
641393,0
641394,0
641395,0
641396,0
641397,21
641398,0
641399,0
641400,0
641401,0
641402,28
641403,0
641404,31
641405,10
641406,16
641407,0
641408,0
641409,18
641410,0
641411,0
641412,0
641413,0
641414,0
641415,31
641416,0
641417,17
641418,0
641419,0
641420,0
641421,0
641422,0
641423,0
641424,0
641425,0
641426,0
641427,0
641428,0
641429,0
641430,12
641431,0
641432,17
641433,0
641434,0
641435,0
641436,0
641437,0
641438,0
641439,0
641440,0
641441,0
641442,0
641443,0
641444,25
641445,0
641446,0
641447,17
641448,0
641449,0
641450,0
641451,0
641452,0
641453,25
641454,0
641455,0
641456,0
641457,0
641458,24
641459,26
641460,0
641461,0
641462,0
641463,0
641464,0
641465,7
641466,0
641467,0
641468,0
641469,0
641470,16
641471,0
641472,0
641473,0
641474,0
641475,0
641476,17
641477,0
641478,0
641479,0
641480,0
641481,0
641482,12
641483,0
641484,0
641485,0
641486,37
641487,0
641488,0
641489,18
641490,0
641491,0
641492,0
641493,0
641494,0
641495,0
641496,0
641497,0
641498,0
641499,0
641500,0
641501,0
641502,0
641503,0
641504,0
641505,0
641506,0
641507,0
641508,11
641509,0
641510,0
641511,0
641512,7
641513,0
641514,0
641515,0
641516,0
641517,0
641518,0
641519,0
641520,0
641521,7
641522,0
641523,0
641524,0
641525,0
641526,0
641527,0
641528,4
641529,0
641530,0
641531,0
641532,0
641533,0
641534,0
641535,0
641536,0
641537,0
641538,0
641539,0
641540,0
641541,0
641542,0
641543,0
641544,0
641545,0
641546,0
641547,0
641548,0
641549,0
641550,0
641551,0
641552,0
641553,0
641554,0
641555,0
641556,0
641557,0
641558,0
641559,0
641560,0
641561,0
641562,0
641563,0
641564,11
641565,0
641566,0
641567,0
641568,0
641569,0
641570,0
641571,0
641572,0
641573,0
641574,0
641575,8
641576,0
641577,0
641578,0
641579,8
641580,0
641581,0
641582,0
641583,0
641584,0
641585,0
641586,0
641587,0
641588,0
641589,0
641590,0
641591,0
641592,0
641593,0
641594,0
641595,0
641596,0
641597,0
641598,0
641599,0
641600,0
641601,0
641602,0
641603,0
641604,0
641605,0
641606,6
641607,0
641608,0
641609,0
641610,0
641611,0
641612,0
641613,0
641614,0
641615,0
641616,0
641617,0
641618,0
641619,0
641620,0
641621,7
641622,0
641623,0
641624,0
641625,0
641626,0
641627,0
641628,0
641629,0
641630,0
641631,0
641632,5
641633,0
641634,0
641635,0
641636,0
641637,0
641638,0
641639,0
641640,0
641641,0
641642,0
641643,0
641644,0
641645,0
641646,0
641647,12
641648,0
641649,0
641650,0
641651,0
641652,0
641653,0
641654,0
641655,0
641656,5
641657,9
641658,0
641659,0
641660,0
641661,0
641662,0
641663,0
641664,0
641665,0
641666,0
641667,0
641668,0
641669,0
641670,0
641671,0
641672,0
641673,0
641674,0
641675,0
641676,0
641677,0
641678,0
641679,0
641680,0
641681,9
641682,0
641683,0
641684,5
641685,0
641686,0
641687,0
641688,0
641689,0
641690,0
641691,0
641692,0
641693,0
641694,0
641695,0
641696,0
641697,0
641698,0
641699,7
641700,0
641701,0
641702,0
641703,0
641704,0
641705,5
641706,0
641707,0
641708,0
641709,0
641710,0
641711,0
641712,4
641713,0
641714,0
641715,0
641716,0
641717,0
641718,0
641719,0
641720,0
641721,0
641722,0
641723,0
641724,0
641725,0
641726,0
641727,0
641728,0
641729,0
641730,0
641731,0
641732,0
641733,0
641734,0
641735,9
641736,0
641737,0
641738,0
641739,0
641740,0
641741,10
641742,0
641743,0
641744,0
641745,0
641746,0
641747,0
641748,0
641749,0
641750,8
641751,0
641752,9
641753,0
641754,0
641755,0
641756,5
641757,0
641758,0
641759,0
641760,0
641761,0
641762,0
641763,0
641764,0
641765,0
641766,0
641767,0
641768,0
641769,0
641770,0
641771,0
641772,0
641773,0
641774,0
641775,0
641776,0
641777,0
641778,0
641779,0
641780,14
641781,0
641782,0
641783,0
641784,0
641785,0
641786,0
641787,0
641788,0
641789,0
641790,0
641791,0
641792,0
641793,0
641794,0
641795,0
641796,0
641797,0
641798,9
641799,0
641800,0
641801,0
641802,0
641803,0
641804,0
641805,0
641806,0
641807,0
641808,0
641809,6
641810,0
641811,0
641812,0
641813,0
641814,0
641815,4
641816,0
641817,0
641818,0
641819,0
641820,0
641821,0
641822,0
641823,0
641824,0
641825,0
641826,0
641827,0
641828,0
641829,0
641830,0
641831,0
641832,0
641833,0
641834,0
641835,0
641836,0
641837,0
641838,0
641839,0
641840,0
641841,0
641842,0
641843,0
641844,0
641845,0
641846,0
641847,0
641848,0
641849,6
641850,0
641851,0
641852,0
641853,0
641854,0
641855,0
641856,0
641857,0
641858,0
641859,0
641860,0
641861,0
641862,0
641863,0
641864,6
641865,0
641866,0
641867,0
641868,11
641869,0
641870,6
641871,0
641872,0
641873,0
641874,0
641875,0
641876,0
641877,0
641878,0
641879,3
641880,0
641881,0
641882,0
641883,7
641884,0
641885,0
641886,0
641887,0
641888,10
641889,0
641890,0
641891,0
641892,0
641893,0
641894,0
641895,0
641896,0
641897,0
641898,9
641899,8
641900,0
641901,0
641902,0
641903,0
641904,0
641905,0
641906,0
641907,0
641908,0
641909,0
641910,0
641911,0
641912,0
641913,7
641914,0
641915,0
641916,0
641917,0
641918,0
641919,0
641920,0
641921,0
641922,0
641923,0
641924,0
641925,3
641926,0
641927,0
641928,0
641929,0
641930,0
641931,0
641932,4
641933,0
641934,0
641935,0
641936,11
641937,0
641938,0
641939,0
641940,0
641941,0
641942,0
641943,0
641944,0
641945,0
641946,0
641947,10
641948,0
641949,0
641950,0
641951,0
641952,0
641953,0
641954,0
641955,0
641956,0
641957,0
641958,0
641959,0
641960,0
641961,0
641962,0
641963,0
641964,3
641965,0
641966,0
641967,0
641968,0
641969,0
641970,0
641971,0
641972,0
641973,0
641974,0
641975,0
641976,0
641977,0
641978,0
641979,0
641980,0
641981,0
641982,0
641983,0
641984,0
641985,0
641986,0
641987,0
641988,0
641989,6
641990,0
641991,10
641992,0
641993,0
641994,0
641995,0
641996,1
641997,0
641998,0
641999,0
642000,0
642001,0
642002,0
642003,0
642004,0
642005,0
642006,0
642007,0
642008,0
642009,0
642010,5
642011,0
642012,0
642013,0
642014,0
642015,0
642016,0
642017,0
642018,0
642019,0
642020,0
642021,0
642022,11
642023,0
642024,0
642025,0
642026,0
642027,0
642028,0
642029,0
642030,0
642031,0
642032,0
642033,0
642034,0
642035,10
642036,0
642037,0
642038,0
642039,0
642040,0
642041,0
642042,0
642043,0
642044,0
642045,0
642046,0
642047,0
642048,0
642049,5
642050,0
642051,0
642052,0
642053,0
642054,0
642055,0
642056,0
642057,0
642058,0
642059,0
642060,0
642061,0
642062,0
642063,0
642064,0
642065,0
642066,0
642067,0
642068,0
642069,0
642070,0
642071,0
642072,0
642073,0
642074,0
642075,0
642076,0
642077,0
642078,7
642079,0
642080,0
642081,0
642082,6
642083,0
642084,0
642085,0
642086,0
642087,0
642088,0
642089,0
642090,9
642091,0
642092,0
642093,0
642094,0
642095,0
642096,0
642097,0
642098,0
642099,7
642100,0
642101,4
642102,0
642103,0
642104,7
642105,0
642106,0
642107,0
642108,0
642109,0
642110,0
642111,0
642112,0
642113,0
642114,0
642115,0
642116,0
642117,6
642118,0
642119,0
642120,0
642121,0
642122,0
642123,0
642124,0
642125,0
642126,0
642127,0
642128,0
642129,0
642130,0
642131,0
642132,0
642133,0
642134,0
642135,0
642136,0
642137,0
642138,0
642139,0
642140,0
642141,0
642142,0
642143,0
642144,0
642145,0
642146,0
642147,0
642148,0
642149,0
642150,0
642151,0
642152,0
642153,0
642154,0
642155,0
642156,0
642157,0
642158,0
642159,0
642160,0
642161,14
642162,0
642163,4
642164,0
642165,0
642166,0
642167,8
642168,0
642169,0
642170,0
642171,0
642172,0
642173,0
642174,0
642175,0
642176,0
642177,0
642178,0
642179,0
642180,0
642181,0
642182,0
642183,0
642184,0
642185,0
642186,0
642187,0
642188,0
642189,0
642190,0
642191,0
642192,0
642193,0
642194,0
642195,0
642196,0
642197,0
642198,0
642199,0
642200,0
642201,0
642202,0
642203,0
642204,0
642205,0
642206,0
642207,0
642208,0
642209,0
642210,0
642211,0
642212,0
642213,0
642214,0
642215,0
642216,0
642217,0
642218,0
642219,0
642220,0
642221,0
642222,0
642223,0
642224,8
642225,0
642226,0
642227,0
642228,0
642229,0
642230,0
642231,0
642232,0
642233,0
642234,0
642235,0
642236,0
642237,0
642238,0
642239,0
642240,4
642241,0
642242,0
642243,0
642244,0
642245,0
642246,0
642247,0
642248,0
642249,0
642250,0
642251,0
642252,0
642253,0
642254,0
642255,0
642256,0
642257,0
642258,0
642259,0
642260,0
642261,9
642262,0
642263,0
642264,0
642265,0
642266,0
642267,0
642268,0
642269,0
642270,0
642271,0
642272,0
642273,0
642274,0
642275,0
642276,16
642277,0
642278,0
642279,0
642280,0
642281,0
642282,0
642283,0
642284,0
642285,6
642286,0
642287,0
642288,0
642289,0
642290,0
642291,0
642292,0
642293,0
642294,0
642295,0
642296,0
642297,0
642298,0
642299,0
642300,0
642301,1
642302,0
642303,0
642304,0
642305,0
642306,0
642307,0
642308,0
642309,0
642310,0
642311,0
642312,0
642313,0
642314,0
642315,3
642316,0
642317,6
642318,0
642319,0
642320,0
642321,0
642322,0
642323,0
642324,0
642325,0
642326,0
642327,3
642328,0
642329,0
642330,0
642331,0
642332,0
642333,2
642334,0
642335,0
642336,0
642337,0
642338,0
642339,0
642340,0
642341,0
642342,0
642343,0
642344,2
642345,0
642346,0
642347,2
642348,0
642349,1
642350,0
642351,0
642352,2
642353,0
642354,0
642355,0
642356,0
642357,0
642358,0
642359,0
642360,0
642361,0
642362,0
642363,0
642364,0
642365,0
642366,0
642367,0
642368,0
642369,0
642370,0
642371,0
642372,1
642373,0
642374,0
642375,0
642376,0
642377,0
642378,0
642379,1
642380,0
642381,2
642382,0
642383,0
642384,0
642385,0
642386,2
642387,0
642388,0
642389,0
642390,0
642391,0
642392,0
642393,0
642394,2
642395,0
642396,0
642397,0
642398,2
642399,4
642400,0
642401,0
642402,0
642403,0
642404,0
642405,0
642406,0
642407,0
642408,0
642409,0
642410,0
642411,0
642412,0
642413,0
642414,0
642415,2
642416,1
642417,0
642418,0
642419,3
642420,0
642421,0
642422,0
642423,5
642424,2
642425,0
642426,3
642427,0
642428,0
642429,0
642430,0
642431,0
642432,0
642433,0
642434,0
642435,0
642436,0
642437,0
642438,0
642439,0
642440,0
642441,0
642442,3
642443,0
642444,0
642445,0
642446,0
642447,0
642448,0
642449,0
642450,0
642451,0
642452,0
642453,3
642454,0
642455,0
642456,0
642457,0
642458,0
642459,0
642460,0
642461,0
642462,1
642463,0
642464,0
642465,3
642466,0
642467,0
642468,0
642469,1
642470,0
642471,0
642472,0
642473,0
642474,2
642475,0
642476,0
642477,0
642478,0
642479,2
642480,0
642481,0
642482,0
642483,0
642484,0
642485,0
642486,1
642487,0
642488,5
642489,0
642490,0
642491,0
642492,0
642493,0
642494,0
642495,0
642496,0
642497,0
642498,9
642499,0
642500,0
642501,0
642502,0
642503,0
642504,0
642505,6
642506,0
642507,0
642508,0
642509,0
642510,0
642511,0
642512,0
642513,0
642514,0
642515,0
642516,0
642517,0
642518,0
642519,0
642520,0
642521,0
642522,0
642523,0
642524,0
642525,0
642526,0
642527,0
642528,0
642529,0
642530,0
642531,0
642532,0
642533,0
642534,0
642535,0
642536,0
642537,0
642538,0
642539,0
642540,0
642541,0
642542,0
642543,2
642544,2
642545,0
642546,2
642547,0
642548,4
642549,0
642550,0
642551,0
642552,0
642553,0
642554,1
642555,0
642556,0
642557,0
642558,0
642559,1
642560,0
642561,0
642562,0
642563,0
642564,2
642565,0
642566,0
642567,0
642568,0
642569,0
642570,0
642571,0
642572,0
642573,2
642574,0
642575,0
642576,0
642577,0
642578,4
642579,0
642580,0
642581,0
642582,0
642583,0
642584,0
642585,2
642586,0
642587,0
642588,0
642589,0
642590,0
642591,0
642592,3
642593,0
642594,0
642595,2
642596,0
642597,0
642598,0
642599,0
642600,2
642601,0
642602,0
642603,0
642604,1
642605,0
642606,0
642607,0
642608,0
642609,0
642610,0
642611,0
642612,0
642613,0
642614,0
642615,0
642616,0
642617,0
642618,0
642619,0
642620,0
642621,8
642622,3
642623,0
642624,0
642625,0
642626,0
642627,0
642628,0
642629,0
642630,0
642631,0
642632,0
642633,0
642634,0
642635,0
642636,0
642637,0
642638,0
642639,4
642640,0
642641,0
642642,2
642643,0
642644,0
642645,0
642646,2
642647,9
642648,0
642649,3
642650,1
642651,0
642652,0
642653,0
642654,0
642655,0
642656,0
642657,0
642658,0
642659,3
642660,0
642661,3
642662,0
642663,4
642664,0
642665,0
642666,0
642667,0
642668,0
642669,0
642670,0
642671,0
642672,0
642673,0
642674,0
642675,0
642676,0
642677,0
642678,2
642679,0
642680,0
642681,0
642682,0
642683,0
642684,0
642685,2
642686,0
642687,0
642688,0
642689,3
642690,0
642691,0
642692,3
642693,1
642694,3
642695,0
642696,0
642697,0
642698,1
642699,0
642700,0
642701,0
642702,1
642703,0
642704,0
642705,5
642706,0
642707,0
642708,0
642709,0
642710,2
642711,0
642712,0
642713,0
642714,0
642715,0
642716,2
642717,0
642718,0
642719,2
642720,4
642721,0
642722,1
642723,0
642724,6
642725,2
642726,0
642727,0
642728,2
642729,0
642730,0
642731,0
642732,0
642733,0
642734,0
642735,0
642736,0
642737,4
642738,0
642739,0
642740,0
642741,0
642742,0
642743,0
642744,2
642745,0
642746,0
642747,2
642748,0
642749,0
642750,0
642751,0
642752,0
642753,0
642754,2
642755,0
642756,0
642757,0
642758,0
642759,0
642760,0
642761,3
642762,0
642763,0
642764,0
642765,0
642766,0
642767,0
642768,0
642769,0
642770,3
642771,0
642772,0
642773,0
642774,6
642775,5
642776,0
642777,0
642778,0
642779,3
642780,0
642781,0
642782,1
642783,0
642784,0
642785,0
642786,0
642787,2
642788,0
642789,0
642790,0
642791,0
642792,0
642793,0
642794,0
642795,0
642796,0
642797,0
642798,0
642799,0
642800,3
642801,1
642802,3
642803,0
642804,0
642805,0
642806,0
642807,0
642808,0
642809,0
642810,0
642811,0
642812,0
642813,0
642814,0
642815,0
642816,0
642817,0
642818,2
642819,0
642820,0
642821,0
642822,0
642823,0
642824,0
642825,0
642826,0
642827,0
642828,0
642829,0
642830,0
642831,0
642832,0
642833,3
642834,0
642835,3
642836,0
642837,0
642838,3
642839,0
642840,1
642841,0
642842,0
642843,0
642844,0
642845,0
642846,1
642847,5
642848,0
642849,0
642850,0
642851,4
642852,0
642853,0
642854,0
642855,3
642856,0
642857,5
642858,0
642859,3
642860,0
642861,0
642862,0
642863,0
642864,0
642865,4
642866,0
642867,0
642868,0
642869,0
642870,0
642871,0
642872,0
642873,0
642874,0
642875,0
642876,0
642877,0
642878,0
642879,0
642880,0
642881,0
642882,2
642883,0
642884,3
642885,0
642886,0
642887,0
642888,1
642889,1
642890,0
642891,0
642892,0
642893,0
642894,0
642895,0
642896,0
642897,0
642898,2
642899,2
642900,0
642901,0
642902,0
642903,0
642904,0
642905,0
642906,0
642907,0
642908,0
642909,0
642910,0
642911,0
642912,0
642913,0
642914,0
642915,1
642916,0
642917,0
642918,4
642919,0
642920,2
642921,0
642922,0
642923,0
642924,0
642925,0
642926,0
642927,0
642928,0
642929,4
642930,0
642931,0
642932,0
642933,0
642934,4
642935,0
642936,0
642937,0
642938,0
642939,0
642940,0
642941,0
642942,0
642943,0
642944,0
642945,0
642946,0
642947,0
642948,0
642949,0
642950,0
642951,0
642952,0
642953,0
642954,0
642955,0
642956,0
642957,0
642958,40
642959,33
642960,20
642961,0
642962,18
642963,0
642964,0
642965,0
642966,0
642967,0
642968,0
642969,0
642970,0
642971,0
642972,0
642973,16
642974,0
642975,0
642976,30
642977,0
642978,0
642979,0
642980,29
642981,0
642982,0
642983,0
642984,0
642985,0
642986,0
642987,0
642988,0
642989,15
642990,0
642991,0
642992,0
642993,0
642994,14
642995,0
642996,16
642997,0
642998,0
642999,0
643000,0
643001,0
643002,22
643003,0
643004,0
643005,0
643006,0
643007,0
643008,0
643009,0
643010,21
643011,0
643012,0
643013,0
643014,0
643015,0
643016,27
643017,0
643018,0
643019,0
643020,0
643021,0
643022,0
643023,0
643024,0
643025,0
643026,13
643027,0
643028,22
643029,13
643030,0
643031,0
643032,0
643033,27
643034,25
643035,0
643036,20
643037,0
643038,20
643039,31
643040,0
643041,29
643042,0
643043,0
643044,0
643045,0
643046,0
643047,0
643048,0
643049,0
643050,0
643051,18
643052,0
643053,0
643054,0
643055,0
643056,24
643057,18
643058,0
643059,0
643060,0
643061,0
643062,0
643063,0
643064,0
643065,22
643066,17
643067,0
643068,0
643069,0
643070,0
643071,0
643072,0
643073,0
643074,26
643075,0
643076,0
643077,0
643078,0
643079,0
643080,19
643081,0
643082,15
643083,0
643084,27
643085,27
643086,0
643087,0
643088,0
643089,36
643090,0
643091,0
643092,0
643093,0
643094,0
643095,35
643096,0
643097,0
643098,0
643099,0
643100,0
643101,0
643102,0
643103,0
643104,0
643105,0
643106,0
643107,0
643108,0
643109,0
643110,0
643111,0
643112,0
643113,24
643114,33
643115,0
643116,0
643117,0
643118,0
643119,0
643120,0
643121,0
643122,0
643123,0
643124,0
643125,0
643126,0
643127,0
643128,23
643129,0
643130,0
643131,32
643132,31
643133,0
643134,0
643135,0
643136,0
643137,31
643138,0
643139,0
643140,0
643141,0
643142,0
643143,0
643144,0
643145,0
643146,0
643147,0
643148,32
643149,0
643150,0
643151,19
643152,0
643153,15
643154,0
643155,0
643156,0
643157,0
643158,0
643159,0
643160,37
643161,0
643162,0
643163,0
643164,56
643165,0
643166,0
643167,0
643168,0
643169,0
643170,0
643171,0
643172,0
643173,0
643174,0
643175,20
643176,0
643177,21
643178,0
643179,0
643180,0
643181,0
643182,0
643183,0
643184,23
643185,11
643186,25
643187,30
643188,0
643189,0
643190,0
643191,0
643192,0
643193,0
643194,0
643195,0
643196,0
643197,0
643198,0
643199,26
643200,0
643201,0
643202,0
643203,0
643204,0
643205,0
643206,0
643207,0
643208,35
643209,0
643210,0
643211,0
643212,0
643213,0
643214,0
643215,0
643216,13
643217,0
643218,0
643219,0
643220,0
643221,36
643222,0
643223,0
643224,0
643225,0
643226,0
643227,0
643228,0
643229,0
643230,14
643231,0
643232,0
643233,0
643234,38
643235,21
643236,0
643237,0
643238,0
643239,0
643240,0
643241,0
643242,0
643243,0
643244,0
643245,0
643246,0
643247,0
643248,0
643249,31
643250,0
643251,0
643252,0
643253,0
643254,0
643255,0
643256,0
643257,0
643258,0
643259,23
643260,0
643261,0
643262,13
643263,0
643264,0
643265,0
643266,0
643267,0
643268,0
643269,0
643270,23
643271,0
643272,0
643273,17
643274,0
643275,12
643276,0
643277,0
643278,0
643279,0
643280,17
643281,0
643282,0
643283,0
643284,0
643285,0
643286,0
643287,0
643288,0
643289,0
643290,0
643291,0
643292,0
643293,0
643294,0
643295,0
643296,17
643297,43
643298,0
643299,24
643300,0
643301,18
643302,0
643303,0
643304,0
643305,0
643306,0
643307,0
643308,0
643309,0
643310,0
643311,21
643312,0
643313,0
643314,22
643315,26
643316,0
643317,0
643318,0
643319,25
643320,15
643321,0
643322,0
643323,0
643324,19
643325,14
643326,24
643327,0
643328,0
643329,0
643330,21
643331,20
643332,0
643333,25
643334,0
643335,0
643336,0
643337,0
643338,26
643339,0
643340,0
643341,0
643342,0
643343,0
643344,0
643345,0
643346,0
643347,0
643348,0
643349,0
643350,0
643351,0
643352,23
643353,0
643354,22
643355,25
643356,0
643357,0
643358,0
643359,0
643360,0
643361,0
643362,0
643363,20
643364,0
643365,0
643366,0
643367,0
643368,0
643369,0
643370,0
643371,26
643372,0
643373,37
643374,0
643375,16
643376,21
643377,12
643378,0
643379,0
643380,0
643381,25
643382,18
643383,32
643384,0
643385,33
643386,0
643387,0
643388,0
643389,0
643390,0
643391,0
643392,0
643393,25
643394,0
643395,0
643396,0
643397,0
643398,19
643399,0
643400,0
643401,0
643402,0
643403,0
643404,0
643405,0
643406,0
643407,0
643408,0
643409,14
643410,0
643411,0
643412,0
643413,0
643414,33
643415,0
643416,34
643417,0
643418,0
643419,0
643420,26
643421,29
643422,0
643423,18
643424,0
643425,0
643426,0
643427,0
643428,36
643429,0
643430,0
643431,0
643432,0
643433,20
643434,0
643435,0
643436,0
643437,0
643438,0
643439,25
643440,0
643441,0
643442,0
643443,0
643444,23
643445,0
643446,0
643447,0
643448,20
643449,30
643450,0
643451,18
643452,26
643453,40
643454,0
643455,29
643456,0
643457,0
643458,0
643459,0
643460,0
643461,0
643462,0
643463,0
643464,0
643465,0
643466,0
643467,0
643468,0
643469,0
643470,0
643471,0
643472,0
643473,0
643474,0
643475,0
643476,0
643477,16
643478,0
643479,0
643480,0
643481,0
643482,0
643483,0
643484,0
643485,0
643486,0
643487,0
643488,0
643489,13
643490,0
643491,0
643492,30
643493,30
643494,0
643495,0
643496,0
643497,0
643498,0
643499,19
643500,0
643501,28
643502,0
643503,0
643504,0
643505,0
643506,0
643507,0
643508,0
643509,0
643510,0
643511,0
643512,0
643513,0
643514,38
643515,27
643516,0
643517,18
643518,34
643519,0
643520,14
643521,0
643522,0
643523,0
643524,0
643525,0
643526,0
643527,0
643528,24
643529,0
643530,0
643531,0
643532,0
643533,0
643534,0
643535,0
643536,18
643537,0
643538,0
643539,0
643540,32
643541,0
643542,19
643543,13
643544,0
643545,0
643546,0
643547,0
643548,0
643549,0
643550,0
643551,0
643552,0
643553,0
643554,0
643555,0
643556,0
643557,0
643558,0
643559,0
643560,25
643561,0
643562,22
643563,0
643564,21
643565,19
643566,0
643567,22
643568,0
643569,0
643570,0
643571,0
643572,0
643573,0
643574,0
643575,32
643576,0
643577,0
643578,29
643579,0
643580,0
643581,0
643582,0
643583,21
643584,0
643585,0
643586,0
643587,23
643588,0
643589,0
643590,0
643591,33
643592,0
643593,0
643594,0
643595,0
643596,0
643597,0
643598,0
643599,0
643600,0
643601,0
643602,27
643603,0
643604,0
643605,26
643606,0
643607,0
643608,0
643609,0
643610,0
643611,0
643612,0
643613,0
643614,0
643615,0
643616,18
643617,38
643618,14
643619,0
643620,0
643621,0
643622,0
643623,0
643624,0
643625,0
643626,28
643627,24
643628,22
643629,21
643630,0
643631,0
643632,0
643633,0
643634,32
643635,26
643636,0
643637,0
643638,0
643639,0
643640,0
643641,0
643642,20
643643,0
643644,0
643645,32
643646,0
643647,0
643648,0
643649,7
643650,0
643651,0
643652,0
643653,25
643654,0
643655,29
643656,26
643657,22
643658,0
643659,24
643660,10
643661,0
643662,0
643663,23
643664,0
643665,0
643666,18
643667,0
643668,0
643669,0
643670,0
643671,0
643672,0
643673,0
643674,0
643675,0
643676,0
643677,0
643678,0
643679,0
643680,0
643681,0
643682,17
643683,0
643684,0
643685,18
643686,0
643687,0
643688,12
643689,0
643690,0
643691,25
643692,0
643693,0
643694,0
643695,0
643696,0
643697,0
643698,0
643699,0
643700,0
643701,32
643702,30
643703,25
643704,0
643705,0
643706,0
643707,0
643708,0
643709,0
643710,0
643711,0
643712,0
643713,0
643714,0
643715,0
643716,21
643717,0
643718,0
643719,24
643720,0
643721,0
643722,0
643723,0
643724,0
643725,0
643726,0
643727,0
643728,15
643729,9
643730,0
643731,0
643732,9
643733,0
643734,0
643735,0
643736,0
643737,0
643738,19
643739,0
643740,22
643741,0
643742,27
643743,0
643744,0
643745,0
643746,0
643747,0
643748,0
643749,0
643750,0
643751,0
643752,0
643753,0
643754,0
643755,0
643756,0
643757,0
643758,0
643759,0
643760,0
643761,0
643762,37
643763,0
643764,0
643765,0
643766,29
643767,27
643768,31
643769,0
643770,0
643771,0
643772,0
643773,0
643774,0
643775,0
643776,17
643777,0
643778,0
643779,0
643780,0
643781,0
643782,0
643783,0
643784,22
643785,0
643786,27
643787,0
643788,0
643789,0
643790,35
643791,0
643792,0
643793,0
643794,0
643795,0
643796,0
643797,0
643798,34
643799,0
643800,0
643801,0
643802,0
643803,0
643804,0
643805,0
643806,0
643807,0
643808,0
643809,0
643810,0
643811,0
643812,0
643813,0
643814,0
643815,0
643816,28
643817,0
643818,0
643819,0
643820,0
643821,0
643822,0
643823,26
643824,18
643825,0
643826,0
643827,18
643828,30
643829,0
643830,0
643831,0
643832,19
643833,0
643834,0
643835,0
643836,0
643837,0
643838,0
643839,0
643840,0
643841,0
643842,0
643843,0
643844,0
643845,0
643846,0
643847,0
643848,0
643849,0
643850,0
643851,0
643852,0
643853,0
643854,0
643855,0
643856,0
643857,0
643858,0
643859,0
643860,0
643861,0
643862,0
643863,0
643864,0
643865,0
643866,0
643867,0
643868,0
643869,0
643870,0
643871,21
643872,0
643873,0
643874,16
643875,0
643876,0
643877,0
643878,0
643879,0
643880,28
643881,0
643882,0
643883,21
643884,0
643885,0
643886,0
643887,0
643888,0
643889,0
643890,0
643891,0
643892,28
643893,0
643894,0
643895,0
643896,0
643897,0
643898,0
643899,0
643900,0
643901,0
643902,17
643903,0
643904,0
643905,0
643906,0
643907,8
643908,0
643909,0
643910,0
643911,0
643912,0
643913,0
643914,0
643915,13
643916,0
643917,0
643918,0
643919,0
643920,0
643921,0
643922,36
643923,0
643924,0
643925,58
643926,0
643927,0
643928,42
643929,0
643930,49
643931,0
643932,0
643933,0
643934,48
643935,46
643936,0
643937,0
643938,19
643939,0
643940,0
643941,38
643942,0
643943,0
643944,0
643945,25
643946,40
643947,55
643948,0
643949,0
643950,0
643951,24
643952,0
643953,0
643954,30
643955,0
643956,0
643957,46
643958,0
643959,0
643960,0
643961,0
643962,0
643963,66
643964,0
643965,0
643966,0
643967,0
643968,38
643969,0
643970,0
643971,0
643972,30
643973,0
643974,39
643975,0
643976,0
643977,0
643978,0
643979,28
643980,0
643981,47
643982,0
643983,55
643984,44
643985,0
643986,46
643987,46
643988,0
643989,0
643990,0
643991,42
643992,50
643993,0
643994,32
643995,0
643996,37
643997,0
643998,0
643999,0
644000,26
644001,0
644002,0
644003,0
644004,0
644005,0
644006,0
644007,0
644008,0
644009,0
644010,0
644011,33
644012,0
644013,0
644014,27
644015,0
644016,0
644017,0
644018,31
644019,0
644020,0
644021,0
644022,36
644023,0
644024,0
644025,0
644026,20
644027,34
644028,0
644029,0
644030,0
644031,0
644032,0
644033,0
644034,0
644035,0
644036,0
644037,0
644038,33
644039,40
644040,0
644041,0
644042,0
644043,0
644044,0
644045,0
644046,0
644047,0
644048,0
644049,0
644050,43
644051,21
644052,39
644053,41
644054,0
644055,0
644056,0
644057,0
644058,0
644059,0
644060,0
644061,17
644062,0
644063,31
644064,0
644065,53
644066,0
644067,0
644068,0
644069,0
644070,0
644071,0
644072,0
644073,34
644074,0
644075,0
644076,0
644077,31
644078,0
644079,0
644080,0
644081,0
644082,0
644083,0
644084,0
644085,0
644086,67
644087,22
644088,0
644089,0
644090,0
644091,0
644092,27
644093,0
644094,0
644095,33
644096,42
644097,42
644098,0
644099,0
644100,0
644101,0
644102,0
644103,0
644104,0
644105,19
644106,0
644107,0
644108,0
644109,0
644110,0
644111,0
644112,0
644113,42
644114,0
644115,0
644116,0
644117,0
644118,32
644119,45
644120,0
644121,0
644122,0
644123,35
644124,0
644125,21
644126,0
644127,0
644128,0
644129,0
644130,0
644131,0
644132,0
644133,35
644134,0
644135,54
644136,0
644137,0
644138,40
644139,0
644140,0
644141,0
644142,28
644143,0
644144,0
644145,0
644146,0
644147,51
644148,0
644149,31
644150,0
644151,0
644152,0
644153,0
644154,0
644155,0
644156,0
644157,0
644158,0
644159,0
644160,0
644161,0
644162,36
644163,0
644164,43
644165,0
644166,54
644167,0
644168,23
644169,0
644170,52
644171,0
644172,0
644173,0
644174,0
644175,49
644176,0
644177,0
644178,34
644179,0
644180,0
644181,44
644182,0
644183,0
644184,45
644185,0
644186,0
644187,50
644188,46
644189,41
644190,0
644191,45
644192,35
644193,0
644194,0
644195,0
644196,0
644197,0
644198,24
644199,0
644200,0
644201,0
644202,0
644203,45
644204,0
644205,0
644206,0
644207,0
644208,0
644209,0
644210,41
644211,27
644212,0
644213,0
644214,0
644215,40
644216,0
644217,49
644218,0
644219,0
644220,50
644221,38
644222,0
644223,31
644224,0
644225,0
644226,33
644227,0
644228,0
644229,0
644230,0
644231,32
644232,0
644233,31
644234,0
644235,31
644236,0
644237,31
644238,0
644239,0
644240,0
644241,0
644242,0
644243,0
644244,44
644245,29
644246,0
644247,0
644248,0
644249,0
644250,34
644251,0
644252,0
644253,0
644254,0
644255,47
644256,0
644257,0
644258,0
644259,0
644260,0
644261,0
644262,0
644263,0
644264,0
644265,0
644266,0
644267,0
644268,0
644269,47
644270,0
644271,0
644272,0
644273,23
644274,0
644275,0
644276,0
644277,0
644278,34
644279,0
644280,0
644281,0
644282,0
644283,0
644284,0
644285,0
644286,53
644287,32
644288,0
644289,49
644290,0
644291,0
644292,0
644293,31
644294,0
644295,0
644296,0
644297,0
644298,41
644299,28
644300,0
644301,0
644302,0
644303,44
644304,0
644305,35
644306,0
644307,0
644308,0
644309,0
644310,29
644311,36
644312,0
644313,41
644314,41
644315,0
644316,36
644317,41
644318,0
644319,0
644320,0
644321,0
644322,0
644323,0
644324,46
644325,0
644326,26
644327,0
644328,36
644329,0
644330,0
644331,41
644332,33
644333,31
644334,35
644335,42
644336,0
644337,0
644338,0
644339,0
644340,0
644341,39
644342,0
644343,31
644344,0
644345,0
644346,0
644347,0
644348,56
644349,0
644350,0
644351,0
644352,0
644353,0
644354,0
644355,39
644356,0
644357,63
644358,0
644359,0
644360,0
644361,0
644362,0
644363,46
644364,0
644365,0
644366,22
644367,0
644368,0
644369,0
644370,29
644371,0
644372,0
644373,0
644374,0
644375,0
644376,51
644377,0
644378,33
644379,0
644380,0
644381,0
644382,42
644383,39
644384,36
644385,0
644386,37
644387,35
644388,0
644389,24
644390,33
644391,0
644392,0
644393,0
644394,52
644395,0
644396,0
644397,44
644398,0
644399,0
644400,0
644401,49
644402,33
644403,0
644404,0
644405,0
644406,0
644407,42
644408,0
644409,0
644410,0
644411,47
644412,0
644413,39
644414,35
644415,0
644416,38
644417,26
644418,0
644419,0
644420,0
644421,0
644422,0
644423,0
644424,0
644425,0
644426,0
644427,0
644428,36
644429,0
644430,0
644431,0
644432,0
644433,35
644434,21
644435,0
644436,37
644437,0
644438,37
644439,0
644440,0
644441,0
644442,0
644443,0
644444,0
644445,0
644446,0
644447,0
644448,0
644449,0
644450,43
644451,0
644452,27
644453,29
644454,0
644455,36
644456,0
644457,0
644458,0
644459,0
644460,0
644461,45
644462,0
644463,46
644464,0
644465,49
644466,0
644467,0
644468,0
644469,0
644470,0
644471,0
644472,0
644473,0
644474,0
644475,45
644476,46
644477,0
644478,0
644479,0
644480,0
644481,0
644482,0
644483,0
644484,0
644485,0
644486,0
644487,36
644488,0
644489,0
644490,0
644491,0
644492,0
644493,0
644494,0
644495,34
644496,0
644497,0
644498,0
644499,41
644500,32
644501,39
644502,0
644503,0
644504,0
644505,0
644506,0
644507,0
644508,34
644509,0
644510,0
644511,30
644512,0
644513,0
644514,0
644515,0
644516,0
644517,0
644518,0
644519,0
644520,41
644521,0
644522,0
644523,37
644524,33
644525,37
644526,53
644527,0
644528,0
644529,0
644530,0
644531,0
644532,44
644533,38
644534,61
644535,0
644536,37
644537,37
644538,39
644539,0
644540,0
644541,0
644542,47
644543,0
644544,0
644545,56
644546,0
644547,37
644548,0
644549,0
644550,0
644551,0
644552,0
644553,0
644554,32
644555,41
644556,50
644557,0
644558,0
644559,0
644560,0
644561,0
644562,35
644563,0
644564,0
644565,0
644566,0
644567,0
644568,33
644569,0
644570,40
644571,0
644572,0
644573,0
644574,0
644575,0
644576,0
644577,0
644578,0
644579,0
644580,0
644581,0
644582,0
644583,0
644584,0
644585,28
644586,0
644587,0
644588,0
644589,47
644590,0
644591,0
644592,0
644593,0
644594,14
644595,0
644596,45
644597,35
644598,44
644599,42
644600,0
644601,46
644602,0
644603,40
644604,0
644605,0
644606,47
644607,0
644608,42
644609,0
644610,0
644611,0
644612,0
644613,36
644614,0
644615,0
644616,0
644617,0
644618,0
644619,0
644620,0
644621,0
644622,58
644623,46
644624,0
644625,0
644626,0
644627,0
644628,24
644629,0
644630,0
644631,0
644632,0
644633,0
644634,40
644635,0
644636,0
644637,0
644638,0
644639,32
644640,0
644641,0
644642,0
644643,34
644644,0
644645,0
644646,0
644647,22
644648,39
644649,0
644650,41
644651,0
644652,0
644653,0
644654,0
644655,0
644656,0
644657,0
644658,0
644659,0
644660,0
644661,22
644662,0
644663,0
644664,0
644665,0
644666,0
644667,0
644668,0
644669,0
644670,0
644671,0
644672,41
644673,0
644674,0
644675,0
644676,0
644677,0
644678,0
644679,26
644680,37
644681,0
644682,0
644683,19
644684,15
644685,0
644686,0
644687,22
644688,0
644689,0
644690,0
644691,0
644692,0
644693,16
644694,0
644695,0
644696,0
644697,0
644698,39
644699,0
644700,0
644701,0
644702,0
644703,0
644704,0
644705,0
644706,0
644707,0
644708,0
644709,0
644710,0
644711,34
644712,0
644713,0
644714,0
644715,34
644716,0
644717,0
644718,0
644719,0
644720,35
644721,0
644722,0
644723,0
644724,0
644725,0
644726,0
644727,0
644728,0
644729,38
644730,0
644731,0
644732,0
644733,0
644734,0
644735,0
644736,44
644737,51
644738,0
644739,38
644740,0
644741,0
644742,0
644743,0
644744,0
644745,0
644746,48
644747,0
644748,0
644749,0
644750,0
644751,46
644752,0
644753,0
644754,0
644755,68
644756,0
644757,40
644758,24
644759,0
644760,0
644761,0
644762,0
644763,0
644764,0
644765,0
644766,58
644767,0
644768,0
644769,0
644770,0
644771,0
644772,0
644773,0
644774,0
644775,0
644776,31
644777,0
644778,0
644779,0
644780,0
644781,0
644782,0
644783,0
644784,0
644785,0
644786,26
644787,0
644788,27
644789,0
644790,28
644791,28
644792,0
644793,24
644794,0
644795,22
644796,0
644797,0
644798,45
644799,0
644800,0
644801,0
644802,0
644803,0
644804,37
644805,0
644806,0
644807,0
644808,0
644809,0
644810,0
644811,54
644812,16
644813,28
644814,0
644815,0
644816,25
644817,0
644818,46
644819,0
644820,0
644821,0
644822,0
644823,0
644824,43
644825,0
644826,0
644827,48
644828,0
644829,29
644830,0
644831,31
644832,0
644833,0
644834,35
644835,25
644836,0
644837,0
644838,0
644839,0
644840,38
644841,24
644842,0
644843,0
644844,0
644845,0
644846,0
644847,0
644848,0
644849,0
644850,0
644851,0
644852,35
644853,0
644854,0
644855,0
644856,0
644857,36
644858,0
644859,0
644860,66
644861,0
644862,0
644863,0
644864,0
644865,0
644866,0
644867,0
644868,50
644869,0
644870,0
644871,0
644872,0
644873,0
644874,0
644875,0
644876,54
644877,0
644878,0
644879,0
644880,0
644881,51
644882,30
644883,0
644884,0
644885,0
644886,0
644887,0
644888,0
644889,0
644890,26
644891,0
644892,0
644893,0
644894,20
644895,0
644896,0
644897,28
644898,0
644899,0
644900,26
644901,29
644902,32
644903,0
644904,0
644905,35
644906,0
644907,0
644908,0
644909,0
644910,49
644911,0
644912,0
644913,0
644914,0
644915,40
644916,37
644917,0
644918,0
644919,0
644920,0
644921,0
644922,0
644923,0
644924,0
644925,0
644926,0
644927,0
644928,0
644929,0
644930,0
644931,0
644932,0
644933,0
644934,36
644935,0
644936,31
644937,0
644938,0
644939,0
644940,0
644941,0
644942,48
644943,0
644944,0
644945,0
644946,0
644947,0
644948,0
644949,0
644950,40
644951,0
644952,0
644953,0
644954,0
644955,0
644956,0
644957,0
644958,53
644959,0
644960,65
644961,0
644962,0
644963,0
644964,0
644965,0
644966,0
644967,0
644968,0
644969,0
644970,0
644971,0
644972,0
644973,0
644974,0
644975,0
644976,32
644977,0
644978,30
644979,42
644980,0
644981,0
644982,0
644983,0
644984,0
644985,0
644986,0
644987,0
644988,0
644989,0
644990,0
644991,43
644992,0
644993,0
644994,0
644995,37
644996,0
644997,0
644998,0
644999,0
645000,0
645001,0
645002,0
645003,0
645004,34
645005,20
645006,0
645007,0
645008,0
645009,36
645010,0
645011,0
645012,0
645013,0
645014,0
645015,28
645016,35
645017,0
645018,37
645019,0
645020,0
645021,0
645022,0
645023,0
645024,0
645025,0
645026,0
645027,0
645028,0
645029,0
645030,0
645031,26
645032,0
645033,0
645034,0
645035,0
645036,0
645037,0
645038,0
645039,0
645040,0
645041,0
645042,0
645043,0
645044,0
645045,0
645046,0
645047,0
645048,39
645049,39
645050,0
645051,0
645052,0
645053,0
645054,0
645055,0
645056,32
645057,0
645058,0
645059,0
645060,0
645061,0
645062,0
645063,0
645064,0
645065,0
645066,0
645067,0
645068,0
645069,0
645070,0
645071,0
645072,0
645073,0
645074,0
645075,0
645076,0
645077,49
645078,0
645079,0
645080,0
645081,0
645082,0
645083,0
645084,0
645085,0
645086,0
645087,33
645088,0
645089,0
645090,0
645091,0
645092,0
645093,0
645094,0
645095,0
645096,0
645097,0
645098,0
645099,0
645100,0
645101,0
645102,47
645103,27
645104,0
645105,0
645106,0
645107,0
645108,0
645109,0
645110,0
645111,0
645112,0
645113,0
645114,0
645115,0
645116,0
645117,0
645118,0
645119,0
645120,0
645121,0
645122,43
645123,38
645124,0
645125,0
645126,0
645127,0
645128,0
645129,0
645130,0
645131,0
645132,0
645133,0
645134,0
645135,0
645136,0
645137,0
645138,0
645139,0
645140,0
645141,0
645142,0
645143,0
645144,0
645145,0
645146,0
645147,0
645148,0
645149,0
645150,0
645151,0
645152,0
645153,28
645154,0
645155,0
645156,0
645157,0
645158,0
645159,0
645160,44
645161,0
645162,0
645163,0
645164,0
645165,0
645166,0
645167,0
645168,0
645169,0
645170,0
645171,0
645172,37
645173,0
645174,0
645175,39
645176,0
645177,0
645178,0
645179,0
645180,0
645181,0
645182,0
645183,0
645184,36
645185,0
645186,34
645187,0
645188,0
645189,0
645190,50
645191,35
645192,0
645193,0
645194,0
645195,0
645196,0
645197,0
645198,0
645199,0
645200,0
645201,0
645202,0
645203,0
645204,23
645205,0
645206,0
645207,0
645208,0
645209,0
645210,0
645211,0
645212,0
645213,0
645214,0
645215,0
645216,0
645217,0
645218,0
645219,0
645220,0
645221,0
645222,36
645223,0
645224,0
645225,0
645226,0
645227,0
645228,0
645229,0
645230,0
645231,0
645232,0
645233,0
645234,0
645235,0
645236,0
645237,0
645238,0
645239,0
645240,26
645241,0
645242,0
645243,38
645244,31
645245,0
645246,0
645247,33
645248,0
645249,0
645250,0
645251,0
645252,0
645253,0
645254,0
645255,0
645256,0
645257,0
645258,55
645259,0
645260,0
645261,0
645262,0
645263,0
645264,0
645265,0
645266,0
645267,0
645268,0
645269,0
645270,0
645271,0
645272,36
645273,0
645274,0
645275,0
645276,0
645277,39
645278,0
645279,0
645280,0
645281,0
645282,25
645283,0
645284,0
645285,0
645286,0
645287,0
645288,0
645289,0
645290,0
645291,0
645292,0
645293,0
645294,0
645295,0
645296,0
645297,40
645298,0
645299,0
645300,0
645301,0
645302,0
645303,31
645304,0
645305,0
645306,0
645307,0
645308,38
645309,0
645310,0
645311,0
645312,0
645313,0
645314,36
645315,0
645316,0
645317,0
645318,0
645319,0
645320,0
645321,0
645322,0
645323,0
645324,0
645325,36
645326,0
645327,0
645328,35
645329,0
645330,0
645331,0
645332,0
645333,0
645334,0
645335,46
645336,0
645337,0
645338,0
645339,38
645340,0
645341,0
645342,0
645343,0
645344,0
645345,0
645346,0
645347,0
645348,0
645349,0
645350,0
645351,0
645352,0
645353,0
645354,0
645355,0
645356,0
645357,0
645358,0
645359,0
645360,0
645361,0
645362,0
645363,0
645364,0
645365,0
645366,0
645367,0
645368,0
645369,39
645370,0
645371,27
645372,0
645373,32
645374,0
645375,0
645376,0
645377,0
645378,0
645379,0
645380,0
645381,0
645382,0
645383,0
645384,37
645385,0
645386,0
645387,0
645388,47
645389,0
645390,0
645391,0
645392,0
645393,0
645394,46
645395,0
645396,0
645397,39
645398,0
645399,0
645400,0
645401,0
645402,0
645403,0
645404,0
645405,0
645406,0
645407,0
645408,0
645409,0
645410,0
645411,0
645412,0
645413,0
645414,0
645415,0
645416,0
645417,0
645418,0
645419,0
645420,0
645421,0
645422,0
645423,0
645424,42
645425,29
645426,0
645427,0
645428,38
645429,0
645430,0
645431,0
645432,0
645433,0
645434,0
645435,0
645436,0
645437,0
645438,0
645439,0
645440,0
645441,0
645442,0
645443,0
645444,38
645445,0
645446,0
645447,0
645448,0
645449,0
645450,39
645451,0
645452,0
645453,30
645454,0
645455,0
645456,0
645457,0
645458,20
645459,0
645460,0
645461,0
645462,0
645463,0
645464,0
645465,0
645466,0
645467,0
645468,0
645469,0
645470,0
645471,45
645472,0
645473,0
645474,33
645475,0
645476,0
645477,0
645478,0
645479,0
645480,47
645481,0
645482,0
645483,0
645484,0
645485,0
645486,0
645487,0
645488,0
645489,0
645490,0
645491,0
645492,0
645493,0
645494,0
645495,0
645496,0
645497,0
645498,0
645499,0
645500,0
645501,0
645502,43
645503,0
645504,0
645505,0
645506,0
645507,0
645508,0
645509,37
645510,0
645511,0
645512,0
645513,0
645514,0
645515,0
645516,36
645517,0
645518,0
645519,0
645520,0
645521,0
645522,33
645523,0
645524,0
645525,0
645526,0
645527,0
645528,36
645529,31
645530,0
645531,0
645532,40
645533,32
645534,0
645535,0
645536,0
645537,37
645538,0
645539,0
645540,0
645541,0
645542,29
645543,0
645544,36
645545,0
645546,0
645547,0
645548,0
645549,31
645550,0
645551,0
645552,0
645553,29
645554,32
645555,0
645556,0
645557,0
645558,0
645559,0
645560,0
645561,0
645562,0
645563,0
645564,0
645565,0
645566,0
645567,0
645568,0
645569,0
645570,0
645571,0
645572,0
645573,0
645574,0
645575,0
645576,0
645577,0
645578,0
645579,0
645580,0
645581,0
645582,0
645583,0
645584,0
645585,43
645586,0
645587,0
645588,0
645589,0
645590,42
645591,0
645592,65
645593,0
645594,0
645595,0
645596,0
645597,0
645598,0
645599,0
645600,0
645601,0
645602,0
645603,0
645604,0
645605,0
645606,0
645607,0
645608,0
645609,0
645610,0
645611,0
645612,19
645613,0
645614,0
645615,0
645616,33
645617,34
645618,0
645619,0
645620,37
645621,0
645622,0
645623,0
645624,0
645625,0
645626,40
645627,0
645628,0
645629,0
645630,0
645631,0
645632,0
645633,0
645634,0
645635,39
645636,0
645637,0
645638,0
645639,0
645640,0
645641,0
645642,37
645643,0
645644,0
645645,32
645646,0
645647,0
645648,0
645649,0
645650,0
645651,0
645652,0
645653,27
645654,0
645655,0
645656,0
645657,0
645658,0
645659,0
645660,0
645661,0
645662,0
645663,0
645664,0
645665,0
645666,0
645667,0
645668,38
645669,39
645670,0
645671,0
645672,0
645673,0
645674,0
645675,34
645676,0
645677,0
645678,0
645679,0
645680,0
645681,0
645682,0
645683,41
645684,0
645685,0
645686,0
645687,0
645688,0
645689,0
645690,0
645691,0
645692,0
645693,0
645694,0
645695,0
645696,0
645697,0
645698,0
645699,0
645700,0
645701,37
645702,31
645703,53
645704,45
645705,0
645706,0
645707,0
645708,0
645709,0
645710,0
645711,0
645712,0
645713,0
645714,0
645715,0
645716,0
645717,0
645718,0
645719,0
645720,0
645721,25
645722,0
645723,0
645724,0
645725,0
645726,0
645727,0
645728,0
645729,0
645730,40
645731,0
645732,0
645733,0
645734,0
645735,0
645736,0
645737,0
645738,0
645739,0
645740,45
645741,0
645742,0
645743,0
645744,31
645745,0
645746,0
645747,0
645748,34
645749,42
645750,0
645751,0
645752,0
645753,0
645754,0
645755,0
645756,0
645757,0
645758,0
645759,0
645760,43
645761,0
645762,0
645763,0
645764,0
645765,0
645766,0
645767,0
645768,0
645769,0
645770,66
645771,0
645772,0
645773,0
645774,0
645775,0
645776,43
645777,41
645778,40
645779,0
645780,43
645781,0
645782,31
645783,0
645784,34
645785,0
645786,0
645787,0
645788,0
645789,0
645790,0
645791,0
645792,0
645793,39
645794,0
645795,0
645796,0
645797,44
645798,0
645799,0
645800,0
645801,0
645802,61
645803,32
645804,0
645805,0
645806,0
645807,0
645808,35
645809,0
645810,44
645811,0
645812,36
645813,0
645814,0
645815,0
645816,0
645817,0
645818,42
645819,0
645820,0
645821,0
645822,0
645823,0
645824,0
645825,0
645826,0
645827,0
645828,0
645829,0
645830,0
645831,0
645832,0
645833,0
645834,0
645835,41
645836,40
645837,53
645838,0
645839,0
645840,0
645841,0
645842,0
645843,0
645844,0
645845,0
645846,0
645847,0
645848,0
645849,0
645850,0
645851,0
645852,0
645853,0
645854,0
645855,0
645856,37
645857,0
645858,0
645859,48
645860,0
645861,37
645862,0
645863,0
645864,0
645865,0
645866,0
645867,0
645868,0
645869,0
645870,0
645871,0
645872,41
645873,0
645874,0
645875,46
645876,28
645877,0
645878,0
645879,0
645880,37
645881,0
645882,0
645883,34
645884,0
645885,36
645886,0
645887,0
645888,42
645889,0
645890,0
645891,0
645892,0
645893,0
645894,0
645895,0
645896,0
645897,30
645898,0
645899,45
645900,0
645901,36
645902,0
645903,33
645904,40
645905,0
645906,36
645907,0
645908,0
645909,0
645910,0
645911,52
645912,0
645913,0
645914,0
645915,0
645916,0
645917,0
645918,29
645919,71
645920,48
645921,0
645922,55
645923,0
645924,0
645925,0
645926,0
645927,0
645928,29
645929,0
645930,0
645931,0
645932,0
645933,0
645934,0
645935,0
645936,0
645937,0
645938,0
645939,0
645940,0
645941,0
645942,0
645943,0
645944,0
645945,0
645946,35
645947,0
645948,53
645949,0
645950,0
645951,0
645952,0
645953,0
645954,29
645955,0
645956,60
645957,0
645958,51
645959,0
645960,0
645961,0
645962,38
645963,0
645964,0
645965,0
645966,0
645967,0
645968,0
645969,56
645970,0
645971,0
645972,0
645973,0
645974,28
645975,0
645976,0
645977,0
645978,0
645979,0
645980,0
645981,0
645982,0
645983,0
645984,38
645985,0
645986,0
645987,0
645988,0
645989,46
645990,0
645991,0
645992,0
645993,0
645994,0
645995,0
645996,47
645997,0
645998,0
645999,0
646000,0
646001,0
646002,0
646003,0
646004,0
646005,0
646006,0
646007,0
646008,0
646009,0
646010,0
646011,0
646012,0
646013,0
646014,0
646015,0
646016,0
646017,0
646018,0
646019,0
646020,40
646021,0
646022,0
646023,0
646024,0
646025,35
646026,35
646027,0
646028,45
646029,0
646030,0
646031,0
646032,0
646033,0
646034,0
646035,40
646036,0
646037,0
646038,0
646039,0
646040,0
646041,35
646042,0
646043,0
646044,0
646045,0
646046,0
646047,0
646048,0
646049,39
646050,0
646051,31
646052,0
646053,41
646054,44
646055,38
646056,0
646057,0
646058,0
646059,13
646060,0
646061,0
646062,0
646063,0
646064,0
646065,0
646066,0
646067,0
646068,0
646069,0
646070,0
646071,15
646072,0
646073,0
646074,0
646075,18
646076,9
646077,0
646078,0
646079,0
646080,0
646081,0
646082,0
646083,20
646084,0
646085,0
646086,0
646087,0
646088,0
646089,0
646090,0
646091,0
646092,0
646093,0
646094,0
646095,0
646096,0
646097,0
646098,0
646099,0
646100,21
646101,0
646102,0
646103,0
646104,0
646105,0
646106,0
646107,0
646108,0
646109,0
646110,0
646111,0
646112,0
646113,0
646114,0
646115,0
646116,19
646117,0
646118,0
646119,0
646120,0
646121,0
646122,0
646123,0
646124,0
646125,0
646126,0
646127,0
646128,0
646129,26
646130,14
646131,0
646132,0
646133,0
646134,21
646135,0
646136,0
646137,0
646138,0
646139,0
646140,0
646141,0
646142,0
646143,0
646144,0
646145,0
646146,0
646147,14
646148,0
646149,0
646150,0
646151,0
646152,0
646153,0
646154,0
646155,0
646156,17
646157,0
646158,0
646159,0
646160,0
646161,16
646162,0
646163,0
646164,0
646165,0
646166,0
646167,0
646168,0
646169,0
646170,0
646171,0
646172,0
646173,0
646174,21
646175,0
646176,0
646177,0
646178,0
646179,0
646180,0
646181,0
646182,18
646183,0
646184,0
646185,0
646186,0
646187,0
646188,0
646189,0
646190,0
646191,0
646192,0
646193,0
646194,0
646195,0
646196,0
646197,0
646198,0
646199,0
646200,0
646201,19
646202,0
646203,0
646204,0
646205,0
646206,0
646207,0
646208,0
646209,0
646210,18
646211,0
646212,0
646213,0
646214,0
646215,0
646216,0
646217,17
646218,0
646219,12
646220,0
646221,0
646222,0
646223,17
646224,0
646225,0
646226,0
646227,0
646228,0
646229,0
646230,0
646231,0
646232,14
646233,0
646234,0
646235,0
646236,0
646237,0
646238,0
646239,18
646240,0
646241,0
646242,0
646243,0
646244,0
646245,0
646246,0
646247,0
646248,0
646249,0
646250,0
646251,0
646252,0
646253,0
646254,0
646255,0
646256,0
646257,0
646258,0
646259,19
646260,24
646261,0
646262,0
646263,0
646264,0
646265,0
646266,0
646267,0
646268,14
646269,15
646270,0
646271,0
646272,0
646273,0
646274,0
646275,0
646276,0
646277,0
646278,0
646279,0
646280,0
646281,0
646282,0
646283,0
646284,0
646285,0
646286,0
646287,0
646288,28
646289,0
646290,12
646291,0
646292,0
646293,0
646294,0
646295,0
646296,17
646297,18
646298,0
646299,0
646300,0
646301,0
646302,0
646303,0
646304,0
646305,0
646306,0
646307,0
646308,16
646309,0
646310,0
646311,31
646312,0
646313,0
646314,0
646315,0
646316,0
646317,0
646318,0
646319,0
646320,0
646321,19
646322,0
646323,12
646324,0
646325,0
646326,0
646327,0
646328,0
646329,0
646330,16
646331,0
646332,0
646333,0
646334,0
646335,0
646336,0
646337,0
646338,0
646339,0
646340,0
646341,0
646342,0
646343,0
646344,13
646345,0
646346,0
646347,21
646348,0
646349,0
646350,0
646351,0
646352,0
646353,0
646354,0
646355,0
646356,20
646357,0
646358,0
646359,0
646360,0
646361,0
646362,0
646363,0
646364,0
646365,0
646366,0
646367,0
646368,0
646369,0
646370,19
646371,26
646372,17
646373,0
646374,0
646375,0
646376,19
646377,0
646378,0
646379,0
646380,0
646381,0
646382,0
646383,0
646384,20
646385,15
646386,0
646387,0
646388,0
646389,23
646390,0
646391,0
646392,17
646393,0
646394,0
646395,0
646396,0
646397,0
646398,0
646399,0
646400,0
646401,0
646402,0
646403,0
646404,0
646405,0
646406,0
646407,0
646408,0
646409,0
646410,0
646411,0
646412,0
646413,0
646414,0
646415,0
646416,0
646417,0
646418,0
646419,0
646420,0
646421,23
646422,0
646423,0
646424,0
646425,0
646426,0
646427,0
646428,0
646429,0
646430,0
646431,0
646432,22
646433,15
646434,0
646435,0
646436,31
646437,17
646438,0
646439,0
646440,0
646441,24
646442,0
646443,0
646444,0
646445,0
646446,0
646447,0
646448,0
646449,0
646450,0
646451,0
646452,0
646453,9
646454,0
646455,22
646456,0
646457,0
646458,22
646459,0
646460,0
646461,0
646462,0
646463,0
646464,0
646465,0
646466,0
646467,0
646468,0
646469,0
646470,0
646471,15
646472,0
646473,0
646474,0
646475,0
646476,0
646477,0
646478,0
646479,0
646480,0
646481,0
646482,0
646483,0
646484,0
646485,0
646486,0
646487,0
646488,20
646489,0
646490,17
646491,0
646492,0
646493,0
646494,0
646495,0
646496,0
646497,0
646498,0
646499,0
646500,0
646501,0
646502,0
646503,0
646504,25
646505,0
646506,0
646507,0
646508,0
646509,0
646510,0
646511,0
646512,0
646513,0
646514,0
646515,17
646516,0
646517,0
646518,0
646519,0
646520,0
646521,0
646522,14
646523,0
646524,0
646525,0
646526,0
646527,0
646528,0
646529,0
646530,0
646531,0
646532,0
646533,35
646534,0
646535,0
646536,0
646537,21
646538,0
646539,0
646540,0
646541,0
646542,0
646543,0
646544,0
646545,0
646546,0
646547,0
646548,0
646549,0
646550,20
646551,0
646552,0
646553,0
646554,0
646555,0
646556,0
646557,0
646558,0
646559,0
646560,25
646561,10
646562,0
646563,0
646564,0
646565,0
646566,0
646567,0
646568,0
646569,0
646570,0
646571,0
646572,17
646573,0
646574,0
646575,0
646576,0
646577,0
646578,0
646579,0
646580,0
646581,0
646582,0
646583,0
646584,0
646585,0
646586,55
646587,0
646588,30
646589,45
646590,0
646591,25
646592,0
646593,27
646594,0
646595,0
646596,34
646597,0
646598,0
646599,0
646600,0
646601,15
646602,0
646603,0
646604,0
646605,0
646606,0
646607,0
646608,0
646609,0
646610,0
646611,0
646612,0
646613,0
646614,0
646615,37
646616,0
646617,0
646618,0
646619,0
646620,0
646621,0
646622,0
646623,0
646624,0
646625,0
646626,0
646627,0
646628,27
646629,0
646630,0
646631,0
646632,0
646633,54
646634,0
646635,0
646636,0
646637,0
646638,0
646639,0
646640,0
646641,0
646642,0
646643,30
646644,0
646645,31
646646,31
646647,25
646648,0
646649,0
646650,0
646651,34
646652,0
646653,0
646654,0
646655,0
646656,0
646657,41
646658,0
646659,0
646660,0
646661,0
646662,0
646663,0
646664,0
646665,0
646666,24
646667,83
646668,0
646669,0
646670,0
646671,0
646672,0
646673,48
646674,0
646675,0
646676,0
646677,0
646678,29
646679,45
646680,0
646681,0
646682,0
646683,0
646684,0
646685,0
646686,0
646687,0
646688,0
646689,0
646690,0
646691,0
646692,0
646693,0
646694,0
646695,0
646696,0
646697,0
646698,0
646699,0
646700,0
646701,0
646702,0
646703,0
646704,55
646705,0
646706,0
646707,35
646708,0
646709,0
646710,0
646711,0
646712,0
646713,0
646714,38
646715,0
646716,15
646717,0
646718,0
646719,0
646720,0
646721,0
646722,0
646723,0
646724,0
646725,0
646726,0
646727,0
646728,30
646729,0
646730,25
646731,0
646732,0
646733,0
646734,0
646735,0
646736,64
646737,0
646738,0
646739,0
646740,0
646741,0
646742,0
646743,0
646744,0
646745,0
646746,0
646747,0
646748,0
646749,0
646750,0
646751,20
646752,0
646753,0
646754,37
646755,0
646756,0
646757,27
646758,0
646759,0
646760,29
646761,0
646762,0
646763,0
646764,0
646765,0
646766,0
646767,47
646768,0
646769,0
646770,0
646771,29
646772,0
646773,0
646774,0
646775,0
646776,0
646777,0
646778,0
646779,0
646780,0
646781,0
646782,0
646783,0
646784,0
646785,0
646786,0
646787,30
646788,0
646789,0
646790,0
646791,0
646792,37
646793,0
646794,0
646795,0
646796,0
646797,0
646798,0
646799,0
646800,0
646801,0
646802,0
646803,75
646804,0
646805,0
646806,0
646807,0
646808,0
646809,51
646810,0
646811,0
646812,20
646813,0
646814,27
646815,0
646816,0
646817,0
646818,0
646819,38
646820,0
646821,0
646822,0
646823,0
646824,0
646825,0
646826,0
646827,0
646828,0
646829,0
646830,0
646831,0
646832,0
646833,33
646834,0
646835,0
646836,0
646837,0
646838,0
646839,0
646840,0
646841,0
646842,0
646843,0
646844,0
646845,0
646846,0
646847,0
646848,0
646849,0
646850,0
646851,0
646852,0
646853,0
646854,0
646855,0
646856,0
646857,67
646858,0
646859,0
646860,17
646861,35
646862,0
646863,0
646864,0
646865,0
646866,0
646867,0
646868,0
646869,0
646870,0
646871,0
646872,0
646873,0
646874,0
646875,0
646876,0
646877,1
646878,0
646879,0
646880,0
646881,0
646882,0
646883,0
646884,0
646885,0
646886,0
646887,0
646888,0
646889,0
646890,0
646891,0
646892,0
646893,0
646894,0
646895,0
646896,0
646897,0
646898,0
646899,0
646900,0
646901,0
646902,1
646903,0
646904,0
646905,0
646906,0
646907,0
646908,0
646909,0
646910,0
646911,0
646912,2
646913,0
646914,0
646915,0
646916,0
646917,0
646918,0
646919,1
646920,0
646921,0
646922,1
646923,0
646924,0
646925,0
646926,0
646927,0
646928,3
646929,0
646930,1
646931,0
646932,0
646933,0
646934,0
646935,0
646936,0
646937,1
646938,0
646939,0
646940,0
646941,0
646942,0
646943,0
646944,0
646945,1
646946,4
646947,0
646948,0
646949,0
646950,0
646951,0
646952,0
646953,0
646954,0
646955,0
646956,0
646957,2
646958,0
646959,0
646960,0
646961,0
646962,0
646963,1
646964,0
646965,0
646966,0
646967,0
646968,0
646969,0
646970,0
646971,0
646972,0
646973,0
646974,0
646975,0
646976,0
646977,0
646978,0
646979,0
646980,0
646981,1
646982,0
646983,0
646984,0
646985,0
646986,1
646987,0
646988,0
646989,0
646990,0
646991,0
646992,0
646993,0
646994,0
646995,0
646996,0
646997,0
646998,0
646999,0
647000,0
647001,0
647002,0
647003,0
647004,0
647005,0
647006,0
647007,0
647008,0
647009,0
647010,2
647011,0
647012,0
647013,0
647014,3
647015,0
647016,0
647017,0
647018,0
647019,0
647020,0
647021,0
647022,0
647023,0
647024,0
647025,0
647026,0
647027,0
647028,0
647029,0
647030,1
647031,0
647032,3
647033,0
647034,0
647035,0
647036,0
647037,0
647038,0
647039,0
647040,0
647041,0
647042,0
647043,0
647044,0
647045,0
647046,0
647047,0
647048,3
647049,0
647050,0
647051,0
647052,0
647053,0
647054,0
647055,0
647056,0
647057,1
647058,0
647059,0
647060,3
647061,0
647062,0
647063,0
647064,0
647065,4
647066,0
647067,0
647068,0
647069,0
647070,0
647071,0
647072,0
647073,0
647074,1
647075,0
647076,0
647077,0
647078,0
647079,0
647080,0
647081,0
647082,0
647083,1
647084,0
647085,2
647086,0
647087,0
647088,0
647089,0
647090,0
647091,0
647092,0
647093,0
647094,0
647095,0
647096,0
647097,0
647098,0
647099,1
647100,1
647101,0
647102,0
647103,0
647104,0
647105,0
647106,1
647107,0
647108,0
647109,0
647110,1
647111,2
647112,0
647113,0
647114,1
647115,1
647116,0
647117,0
647118,0
647119,0
647120,0
647121,3
647122,0
647123,1
647124,1
647125,2
647126,0
647127,0
647128,0
647129,0
647130,0
647131,0
647132,0
647133,0
647134,0
647135,0
647136,0
647137,0
647138,0
647139,0
647140,1
647141,0
647142,0
647143,0
647144,0
647145,0
647146,0
647147,0
647148,0
647149,0
647150,1
647151,0
647152,0
647153,0
647154,0
647155,0
647156,0
647157,0
647158,0
647159,0
647160,0
647161,0
647162,0
647163,0
647164,0
647165,0
647166,0
647167,0
647168,0
647169,0
647170,0
647171,3
647172,0
647173,0
647174,0
647175,0
647176,1
647177,0
647178,2
647179,0
647180,0
647181,0
647182,0
647183,4
647184,0
647185,0
647186,0
647187,0
647188,0
647189,2
647190,0
647191,0
647192,0
647193,0
647194,1
647195,3
647196,0
647197,0
647198,0
647199,0
647200,0
647201,2
647202,0
647203,0
647204,0
647205,0
647206,0
647207,0
647208,0
647209,0
647210,0
647211,0
647212,2
647213,0
647214,0
647215,0
647216,2
647217,0
647218,0
647219,0
647220,0
647221,0
647222,0
647223,0
647224,0
647225,0
647226,0
647227,0
647228,0
647229,0
647230,0
647231,0
647232,2
647233,1
647234,0
647235,1
647236,0
647237,0
647238,0
647239,0
647240,0
647241,0
647242,0
647243,0
647244,0
647245,0
647246,0
647247,3
647248,0
647249,0
647250,0
647251,0
647252,0
647253,0
647254,0
647255,0
647256,0
647257,0
647258,1
647259,0
647260,0
647261,0
647262,0
647263,3
647264,0
647265,0
647266,0
647267,0
647268,0
647269,1
647270,0
647271,0
647272,0
647273,0
647274,2
647275,0
647276,0
647277,0
647278,1
647279,0
647280,0
647281,0
647282,0
647283,0
647284,0
647285,0
647286,0
647287,0
647288,0
647289,0
647290,0
647291,2
647292,3
647293,2
647294,0
647295,0
647296,0
647297,1
647298,0
647299,0
647300,0
647301,0
647302,0
647303,0
647304,1
647305,0
647306,0
647307,0
647308,0
647309,0
647310,0
647311,2
647312,0
647313,0
647314,0
647315,0
647316,0
647317,0
647318,0
647319,0
647320,1
647321,0
647322,2
647323,0
647324,0
647325,0
647326,0
647327,0
647328,0
647329,0
647330,0
647331,0
647332,0
647333,0
647334,0
647335,0
647336,0
647337,0
647338,0
647339,0
647340,0
647341,0
647342,0
647343,1
647344,0
647345,2
647346,0
647347,0
647348,0
647349,0
647350,0
647351,0
647352,0
647353,1
647354,0
647355,0
647356,0
647357,0
647358,0
647359,0
647360,0
647361,1
647362,0
647363,0
647364,0
647365,0
647366,0
647367,0
647368,0
647369,0
647370,0
647371,0
647372,0
647373,0
647374,0
647375,0
647376,0
647377,3
647378,0
647379,0
647380,0
647381,0
647382,0
647383,0
647384,0
647385,1
647386,1
647387,0
647388,0
647389,0
647390,2
647391,0
647392,0
647393,0
647394,0
647395,0
647396,0
647397,0
647398,0
647399,0
647400,2
647401,0
647402,0
647403,0
647404,0
647405,0
647406,0
647407,1
647408,0
647409,0
647410,0
647411,0
647412,0
647413,0
647414,0
647415,0
647416,0
647417,0
647418,0
647419,4
647420,0
647421,2
647422,0
647423,0
647424,0
647425,0
647426,0
647427,3
647428,0
647429,1
647430,0
647431,0
647432,1
647433,0
647434,0
647435,0
647436,0
647437,0
647438,0
647439,0
647440,1
647441,0
647442,0
647443,0
647444,0
647445,0
647446,0
647447,0
647448,0
647449,0
647450,0
647451,0
647452,0
647453,0
647454,0
647455,0
647456,0
647457,0
647458,0
647459,0
647460,0
647461,0
647462,0
647463,0
647464,0
647465,0
647466,0
647467,0
647468,0
647469,0
647470,0
647471,0
647472,2
647473,0
647474,0
647475,2
647476,0
647477,0
647478,0
647479,0
647480,0
647481,0
647482,0
647483,0
647484,0
647485,0
647486,0
647487,0
647488,0
647489,0
647490,0
647491,1
647492,0
647493,0
647494,0
647495,0
647496,0
647497,0
647498,0
647499,0
647500,0
647501,0
647502,1
647503,0
647504,0
647505,0
647506,0
647507,0
647508,0
647509,0
647510,0
647511,0
647512,0
647513,0
647514,2
647515,1
647516,0
647517,1
647518,0
647519,0
647520,0
647521,0
647522,0
647523,0
647524,0
647525,1
647526,0
647527,0
647528,0
647529,0
647530,0
647531,0
647532,0
647533,0
647534,0
647535,0
647536,0
647537,0
647538,0
647539,0
647540,0
647541,0
647542,0
647543,0
647544,0
647545,0
647546,0
647547,0
647548,0
647549,1
647550,0
647551,0
647552,0
647553,2
647554,0
647555,1
647556,0
647557,4
647558,0
647559,0
647560,0
647561,0
647562,0
647563,0
647564,0
647565,0
647566,0
647567,0
647568,1
647569,0
647570,0
647571,0
647572,0
647573,0
647574,0
647575,3
647576,0
647577,0
647578,0
647579,0
647580,0
647581,0
647582,0
647583,0
647584,0
647585,0
647586,0
647587,0
647588,0
647589,1
647590,0
647591,0
647592,0
647593,1
647594,0
647595,0
647596,0
647597,0
647598,0
647599,0
647600,0
647601,0
647602,0
647603,0
647604,0
647605,3
647606,0
647607,0
647608,0
647609,0
647610,2
647611,0
647612,0
647613,1
647614,0
647615,0
647616,0
647617,0
647618,0
647619,0
647620,0
647621,0
647622,0
647623,0
647624,0
647625,0
647626,0
647627,0
647628,0
647629,0
647630,0
647631,3
647632,1
647633,2
647634,0
647635,0
647636,0
647637,1
647638,2
647639,0
647640,0
647641,0
647642,1
647643,2
647644,0
647645,0
647646,0
647647,0
647648,0
647649,0
647650,0
647651,0
647652,0
647653,0
647654,0
647655,0
647656,0
647657,0
647658,0
647659,0
647660,0
647661,1
647662,0
647663,0
647664,0
647665,0
647666,0
647667,2
647668,1
647669,0
647670,1
647671,0
647672,0
647673,0
647674,0
647675,0
647676,0
647677,0
647678,0
647679,0
647680,0
647681,0
647682,0
647683,0
647684,0
647685,0
647686,0
647687,0
647688,0
647689,0
647690,0
647691,0
647692,0
647693,0
647694,0
647695,0
647696,0
647697,0
647698,0
647699,0
647700,0
647701,2
647702,0
647703,0
647704,0
647705,0
647706,0
647707,1
647708,0
647709,0
647710,0
647711,0
647712,2
647713,0
647714,0
647715,0
647716,0
647717,2
647718,0
647719,0
647720,0
647721,0
647722,0
647723,0
647724,0
647725,2
647726,0
647727,0
647728,1
647729,0
647730,1
647731,0
647732,0
647733,0
647734,0
647735,3
647736,3
647737,0
647738,0
647739,1
647740,0
647741,1
647742,0
647743,0
647744,0
647745,0
647746,0
647747,16
647748,0
647749,0
647750,15
647751,15
647752,0
647753,0
647754,0
647755,0
647756,0
647757,22
647758,0
647759,0
647760,0
647761,0
647762,0
647763,0
647764,0
647765,0
647766,0
647767,15
647768,0
647769,11
647770,0
647771,0
647772,0
647773,0
647774,15
647775,0
647776,0
647777,0
647778,0
647779,0
647780,0
647781,0
647782,18
647783,17
647784,0
647785,0
647786,0
647787,0
647788,0
647789,0
647790,0
647791,0
647792,0
647793,0
647794,19
647795,0
647796,0
647797,0
647798,0
647799,0
647800,0
647801,0
647802,0
647803,0
647804,0
647805,0
647806,20
647807,0
647808,0
647809,0
647810,0
647811,0
647812,0
647813,0
647814,0
647815,16
647816,0
647817,0
647818,0
647819,0
647820,0
647821,5
647822,0
647823,0
647824,0
647825,13
647826,0
647827,15
647828,0
647829,9
647830,20
647831,0
647832,20
647833,0
647834,0
647835,0
647836,0
647837,0
647838,0
647839,0
647840,0
647841,0
647842,0
647843,0
647844,0
647845,0
647846,0
647847,0
647848,0
647849,0
647850,0
647851,20
647852,0
647853,0
647854,0
647855,0
647856,0
647857,0
647858,0
647859,0
647860,0
647861,0
647862,0
647863,14
647864,0
647865,19
647866,0
647867,22
647868,0
647869,7
647870,0
647871,13
647872,19
647873,0
647874,0
647875,0
647876,0
647877,0
647878,0
647879,18
647880,0
647881,0
647882,0
647883,0
647884,0
647885,0
647886,0
647887,18
647888,0
647889,0
647890,0
647891,0
647892,0
647893,0
647894,0
647895,0
647896,11
647897,0
647898,0
647899,0
647900,0
647901,18
647902,0
647903,0
647904,3
647905,0
647906,0
647907,0
647908,0
647909,12
647910,0
647911,0
647912,0
647913,0
647914,15
647915,0
647916,14
647917,0
647918,0
647919,0
647920,0
647921,0
647922,27
647923,0
647924,0
647925,0
647926,8
647927,0
647928,0
647929,0
647930,20
647931,0
647932,0
647933,14
647934,0
647935,20
647936,0
647937,19
647938,0
647939,0
647940,0
647941,25
647942,13
647943,14
647944,0
647945,0
647946,0
647947,0
647948,0
647949,0
647950,16
647951,17
647952,0
647953,0
647954,0
647955,0
647956,12
647957,0
647958,18
647959,0
647960,0
647961,0
647962,0
647963,0
647964,0
647965,0
647966,16
647967,0
647968,0
647969,26
647970,0
647971,16
647972,16
647973,0
647974,24
647975,0
647976,0
647977,26
647978,0
647979,13
647980,0
647981,26
647982,0
647983,0
647984,0
647985,0
647986,0
647987,19
647988,0
647989,20
647990,17
647991,0
647992,18
647993,0
647994,0
647995,0
647996,0
647997,0
647998,0
647999,12
648000,0
648001,24
648002,0
648003,9
648004,0
648005,0
648006,18
648007,0
648008,0
648009,0
648010,0
648011,0
648012,16
648013,29
648014,0
648015,11
648016,0
648017,0
648018,0
648019,0
648020,0
648021,0
648022,0
648023,0
648024,12
648025,0
648026,0
648027,0
648028,0
648029,0
648030,11
648031,0
648032,0
648033,0
648034,0
648035,0
648036,0
648037,0
648038,0
648039,16
648040,0
648041,25
648042,0
648043,0
648044,0
648045,0
648046,11
648047,0
648048,0
648049,0
648050,0
648051,0
648052,0
648053,0
648054,0
648055,0
648056,0
648057,0
648058,0
648059,0
648060,0
648061,0
648062,0
648063,0
648064,0
648065,0
648066,0
648067,0
648068,0
648069,0
648070,0
648071,0
648072,0
648073,0
648074,0
648075,0
648076,0
648077,0
648078,0
648079,0
648080,0
648081,0
648082,0
648083,0
648084,0
648085,0
648086,0
648087,0
648088,0
648089,0
648090,0
648091,0
648092,0
648093,0
648094,0
648095,0
648096,0
648097,0
648098,0
648099,0
648100,0
648101,0
648102,0
648103,0
648104,0
648105,0
648106,0
648107,0
648108,0
648109,0
648110,0
648111,0
648112,0
648113,0
648114,0
648115,0
648116,0
648117,0
648118,0
648119,0
648120,0
648121,0
648122,0
648123,0
648124,0
648125,0
648126,0
648127,0
648128,0
648129,0
648130,0
648131,0
648132,0
648133,0
648134,0
648135,0
648136,0
648137,0
648138,0
648139,0
648140,0
648141,0
648142,0
648143,0
648144,0
648145,0
648146,0
648147,0
648148,0
648149,0
648150,0
648151,0
648152,0
648153,0
648154,0
648155,0
648156,0
648157,0
648158,0
648159,0
648160,0
648161,0
648162,0
648163,0
648164,0
648165,0
648166,0
648167,0
648168,0
648169,0
648170,0
648171,0
648172,0
648173,0
648174,0
648175,0
648176,0
648177,0
648178,0
648179,0
648180,0
648181,0
648182,0
648183,1
648184,0
648185,0
648186,0
648187,0
648188,0
648189,0
648190,0
648191,0
648192,0
648193,0
648194,0
648195,0
648196,0
648197,0
648198,0
648199,0
648200,0
648201,0
648202,0
648203,0
648204,0
648205,0
648206,0
648207,0
648208,0
648209,0
648210,0
648211,0
648212,0
648213,0
648214,0
648215,0
648216,0
648217,0
648218,0
648219,0
648220,0
648221,0
648222,0
648223,0
648224,0
648225,0
648226,0
648227,0
648228,0
648229,0
648230,0
648231,0
648232,0
648233,0
648234,0
648235,0
648236,0
648237,0
648238,0
648239,0
648240,0
648241,0
648242,0
648243,0
648244,0
648245,0
648246,0
648247,0
648248,0
648249,0
648250,0
648251,0
648252,0
648253,0
648254,0
648255,0
648256,0
648257,0
648258,0
648259,0
648260,0
648261,0
648262,0
648263,0
648264,0
648265,0
648266,0
648267,0
648268,0
648269,0
648270,0
648271,0
648272,0
648273,0
648274,0
648275,0
648276,0
648277,0
648278,0
648279,0
648280,0
648281,0
648282,0
648283,0
648284,0
648285,0
648286,0
648287,0
648288,0
648289,0
648290,0
648291,0
648292,0
648293,0
648294,0
648295,0
648296,0
648297,0
648298,0
648299,0
648300,0
648301,0
648302,0
648303,0
648304,0
648305,0
648306,0
648307,0
648308,0
648309,0
648310,0
648311,0
648312,0
648313,0
648314,0
648315,0
648316,0
648317,0
648318,0
648319,0
648320,0
648321,0
648322,0
648323,0
648324,11
648325,0
648326,0
648327,12
648328,0
648329,0
648330,0
648331,0
648332,0
648333,22
648334,0
648335,0
648336,0
648337,0
648338,0
648339,0
648340,0
648341,11
648342,0
648343,0
648344,0
648345,0
648346,0
648347,0
648348,0
648349,0
648350,0
648351,0
648352,0
648353,29
648354,0
648355,0
648356,0
648357,0
648358,0
648359,0
648360,0
648361,0
648362,0
648363,0
648364,0
648365,0
648366,0
648367,0
648368,0
648369,0
648370,7
648371,0
648372,0
648373,5
648374,0
648375,0
648376,0
648377,17
648378,0
648379,0
648380,0
648381,30
648382,0
648383,0
648384,0
648385,0
648386,18
648387,0
648388,17
648389,14
648390,16
648391,0
648392,0
648393,7
648394,16
648395,0
648396,34
648397,0
648398,0
648399,26
648400,0
648401,0
648402,0
648403,0
648404,0
648405,8
648406,0
648407,0
648408,0
648409,0
648410,0
648411,0
648412,0
648413,0
648414,12
648415,0
648416,0
648417,14
648418,0
648419,6
648420,0
648421,0
648422,0
648423,0
648424,0
648425,10
648426,0
648427,0
648428,0
648429,21
648430,0
648431,26
648432,0
648433,0
648434,0
648435,0
648436,21
648437,19
648438,0
648439,21
648440,21
648441,24
648442,0
648443,15
648444,0
648445,0
648446,0
648447,0
648448,9
648449,11
648450,0
648451,0
648452,0
648453,0
648454,10
648455,0
648456,31
648457,0
648458,16
648459,0
648460,0
648461,24
648462,0
648463,0
648464,0
648465,0
648466,0
648467,24
648468,0
648469,0
648470,10
648471,14
648472,0
648473,0
648474,0
648475,0
648476,0
648477,0
648478,0
648479,0
648480,0
648481,0
648482,0
648483,0
648484,0
648485,0
648486,0
648487,0
648488,0
648489,0
648490,0
648491,0
648492,0
648493,0
648494,0
648495,41
648496,0
648497,0
648498,46
648499,0
648500,0
648501,0
648502,21
648503,0
648504,0
648505,0
648506,0
648507,27
648508,0
648509,0
648510,0
648511,0
648512,0
648513,0
648514,0
648515,0
648516,0
648517,33
648518,0
648519,0
648520,0
648521,0
648522,0
648523,45
648524,0
648525,0
648526,0
648527,0
648528,0
648529,41
648530,0
648531,0
648532,31
648533,0
648534,0
648535,0
648536,0
648537,0
648538,0
648539,0
648540,0
648541,0
648542,0
648543,0
648544,0
648545,0
648546,0
648547,0
648548,0
648549,0
648550,0
648551,0
648552,0
648553,0
648554,0
648555,0
648556,0
648557,0
648558,0
648559,0
648560,30
648561,0
648562,0
648563,0
648564,0
648565,0
648566,0
648567,0
648568,0
648569,0
648570,0
648571,0
648572,36
648573,0
648574,0
648575,0
648576,30
648577,0
648578,0
648579,0
648580,0
648581,0
648582,0
648583,0
648584,32
648585,0
648586,0
648587,0
648588,0
648589,0
648590,0
648591,0
648592,0
648593,44
648594,47
648595,0
648596,0
648597,0
648598,34
648599,0
648600,0
648601,0
648602,35
648603,0
648604,0
648605,0
648606,0
648607,0
648608,0
648609,0
648610,0
648611,0
648612,42
648613,38
648614,0
648615,30
648616,0
648617,0
648618,19
648619,0
648620,0
648621,0
648622,0
648623,34
648624,0
648625,0
648626,0
648627,0
648628,0
648629,0
648630,0
648631,0
648632,28
648633,37
648634,0
648635,0
648636,0
648637,0
648638,35
648639,0
648640,0
648641,0
648642,0
648643,45
648644,0
648645,0
648646,0
648647,0
648648,0
648649,0
648650,0
648651,0
648652,0
648653,0
648654,0
648655,0
648656,47
648657,0
648658,0
648659,0
648660,0
648661,32
648662,0
648663,0
648664,0
648665,0
648666,0
648667,0
648668,0
648669,0
648670,0
648671,0
648672,36
648673,0
648674,0
648675,39
648676,0
648677,0
648678,0
648679,0
648680,0
648681,0
648682,0
648683,0
648684,0
648685,50
648686,0
648687,0
648688,0
648689,0
648690,0
648691,0
648692,0
648693,0
648694,0
648695,0
648696,0
648697,0
648698,0
648699,0
648700,30
648701,0
648702,0
648703,0
648704,43
648705,0
648706,41
648707,0
648708,0
648709,0
648710,0
648711,40
648712,42
648713,0
648714,0
648715,0
648716,0
648717,0
648718,0
648719,0
648720,37
648721,0
648722,0
648723,0
648724,0
648725,22
648726,0
648727,0
648728,0
648729,0
648730,44
648731,38
648732,0
648733,0
648734,0
648735,0
648736,0
648737,36
648738,0
648739,0
648740,0
648741,0
648742,0
648743,0
648744,0
648745,0
648746,0
648747,0
648748,33
648749,0
648750,0
648751,0
648752,0
648753,23
648754,0
648755,49
648756,0
648757,0
648758,38
648759,0
648760,0
648761,0
648762,0
648763,0
648764,0
648765,0
648766,0
648767,0
648768,0
648769,0
648770,0
648771,0
648772,46
648773,0
648774,0
648775,0
648776,0
648777,52
648778,0
648779,0
648780,0
648781,0
648782,0
648783,0
648784,0
648785,0
648786,0
648787,0
648788,32
648789,0
648790,0
648791,0
648792,0
648793,44
648794,0
648795,0
648796,0
648797,0
648798,0
648799,0
648800,41
648801,0
648802,0
648803,0
648804,0
648805,0
648806,0
648807,0
648808,0
648809,0
648810,0
648811,0
648812,0
648813,0
648814,39
648815,0
648816,0
648817,0
648818,0
648819,0
648820,32
648821,0
648822,0
648823,0
648824,0
648825,0
648826,39
648827,0
648828,0
648829,0
648830,27
648831,0
648832,0
648833,0
648834,0
648835,0
648836,0
648837,0
648838,0
648839,0
648840,0
648841,0
648842,0
648843,0
648844,0
648845,42
648846,0
648847,41
648848,42
648849,0
648850,0
648851,0
648852,0
648853,0
648854,55
648855,0
648856,55
648857,0
648858,0
648859,0
648860,0
648861,0
648862,59
648863,0
648864,0
648865,0
648866,0
648867,0
648868,0
648869,0
648870,0
648871,0
648872,33
648873,0
648874,0
648875,0
648876,0
648877,0
648878,0
648879,0
648880,0
648881,0
648882,0
648883,0
648884,0
648885,0
648886,0
648887,24
648888,0
648889,0
648890,32
648891,0
648892,0
648893,0
648894,0
648895,0
648896,0
648897,0
648898,0
648899,26
648900,0
648901,0
648902,35
648903,0
648904,28
648905,0
648906,0
648907,0
648908,0
648909,0
648910,0
648911,0
648912,0
648913,0
648914,0
648915,0
648916,47
648917,0
648918,0
648919,0
648920,0
648921,30
648922,39
648923,0
648924,31
648925,0
648926,49
648927,0
648928,0
648929,0
648930,0
648931,0
648932,0
648933,0
648934,0
648935,0
648936,0
648937,0
648938,0
648939,0
648940,0
648941,0
648942,0
648943,32
648944,0
648945,23
648946,0
648947,0
648948,0
648949,0
648950,0
648951,0
648952,0
648953,0
648954,0
648955,0
648956,0
648957,0
648958,0
648959,0
648960,0
648961,0
648962,0
648963,0
648964,0
648965,0
648966,0
648967,0
648968,0
648969,0
648970,0
648971,0
648972,0
648973,0
648974,0
648975,0
648976,0
648977,0
648978,0
648979,0
648980,35
648981,0
648982,35
648983,0
648984,0
648985,0
648986,0
648987,0
648988,0
648989,0
648990,0
648991,0
648992,0
648993,0
648994,0
648995,0
648996,0
648997,0
648998,35
648999,0
649000,0
649001,0
649002,0
649003,0
649004,0
649005,0
649006,0
649007,37
649008,0
649009,0
649010,0
649011,0
649012,0
649013,55
649014,0
649015,26
649016,0
649017,0
649018,56
649019,0
649020,38
649021,38
649022,27
649023,37
649024,0
649025,31
649026,0
649027,0
649028,0
649029,41
649030,0
649031,31
649032,31
649033,53
649034,0
649035,0
649036,0
649037,0
649038,0
649039,0
649040,0
649041,0
649042,44
649043,30
649044,0
649045,0
649046,0
649047,0
649048,0
649049,0
649050,0
649051,0
649052,0
649053,52
649054,0
649055,0
649056,0
649057,0
649058,0
649059,0
649060,43
649061,0
649062,0
649063,0
649064,0
649065,0
649066,0
649067,0
649068,0
649069,0
649070,0
649071,0
649072,0
649073,0
649074,0
649075,0
649076,32
649077,0
649078,0
649079,0
649080,0
649081,35
649082,0
649083,0
649084,0
649085,0
649086,0
649087,0
649088,0
649089,0
649090,0
649091,0
649092,0
649093,0
649094,0
649095,0
649096,0
649097,0
649098,0
649099,0
649100,0
649101,0
649102,0
649103,0
649104,26
649105,0
649106,0
649107,0
649108,0
649109,0
649110,0
649111,0
649112,0
649113,0
649114,0
649115,0
649116,0
649117,0
649118,0
649119,0
649120,0
649121,0
649122,0
649123,0
649124,0
649125,0
649126,0
649127,0
649128,0
649129,0
649130,0
649131,57
649132,0
649133,0
649134,0
649135,0
649136,0
649137,0
649138,32
649139,0
649140,0
649141,45
649142,0
649143,38
649144,0
649145,0
649146,0
649147,0
649148,0
649149,0
649150,0
649151,0
649152,0
649153,0
649154,0
649155,0
649156,0
649157,0
649158,0
649159,28
649160,0
649161,0
649162,0
649163,0
649164,0
649165,0
649166,28
649167,0
649168,34
649169,27
649170,35
649171,0
649172,0
649173,30
649174,0
649175,0
649176,0
649177,0
649178,0
649179,0
649180,0
649181,31
649182,0
649183,0
649184,33
649185,0
649186,0
649187,0
649188,0
649189,31
649190,0
649191,0
649192,0
649193,0
649194,0
649195,0
649196,0
649197,26
649198,0
649199,23
649200,38
649201,0
649202,0
649203,0
649204,0
649205,0
649206,0
649207,0
649208,0
649209,0
649210,0
649211,0
649212,31
649213,0
649214,0
649215,0
649216,0
649217,0
649218,0
649219,38
649220,29
649221,0
649222,39
649223,41
649224,25
649225,0
649226,27
649227,0
649228,0
649229,26
649230,0
649231,40
649232,33
649233,0
649234,34
649235,0
649236,0
649237,35
649238,33
649239,0
649240,0
649241,33
649242,0
649243,21
649244,0
649245,33
649246,0
649247,0
649248,0
649249,26
649250,0
649251,25
649252,0
649253,0
649254,38
649255,0
649256,26
649257,0
649258,23
649259,0
649260,0
649261,35
649262,25
649263,34
649264,0
649265,42
649266,43
649267,0
649268,0
649269,0
649270,34
649271,0
649272,0
649273,22
649274,0
649275,18
649276,36
649277,0
649278,0
649279,0
649280,0
649281,37
649282,33
649283,0
649284,26
649285,24
649286,0
649287,49
649288,0
649289,0
649290,38
649291,0
649292,0
649293,0
649294,37
649295,0
649296,36
649297,0
649298,0
649299,38
649300,0
649301,0
649302,0
649303,0
649304,0
649305,0
649306,0
649307,0
649308,0
649309,0
649310,45
649311,0
649312,0
649313,0
649314,39
649315,0
649316,31
649317,0
649318,0
649319,35
649320,0
649321,30
649322,0
649323,29
649324,0
649325,0
649326,0
649327,25
649328,27
649329,34
649330,33
649331,29
649332,45
649333,33
649334,0
649335,0
649336,26
649337,29
649338,0
649339,23
649340,0
649341,0
649342,0
649343,23
649344,0
649345,30
649346,26
649347,37
649348,34
649349,0
649350,0
649351,0
649352,0
649353,0
649354,0
649355,0
649356,0
649357,0
649358,32
649359,36
649360,0
649361,0
649362,15
649363,0
649364,0
649365,36
649366,32
649367,30
649368,0
649369,18
649370,0
649371,0
649372,0
649373,0
649374,0
649375,0
649376,25
649377,20
649378,0
649379,0
649380,0
649381,0
649382,0
649383,0
649384,38
649385,0
649386,0
649387,41
649388,31
649389,28
649390,0
649391,0
649392,46
649393,0
649394,26
649395,42
649396,0
649397,0
649398,0
649399,0
649400,0
649401,0
649402,0
649403,0
649404,0
649405,45
649406,0
649407,0
649408,0
649409,0
649410,0
649411,0
649412,0
649413,0
649414,0
649415,0
649416,5
649417,0
649418,0
649419,0
649420,0
649421,0
649422,0
649423,0
649424,0
649425,0
649426,0
649427,0
649428,0
649429,0
649430,0
649431,8
649432,0
649433,0
649434,0
649435,0
649436,0
649437,0
649438,0
649439,0
649440,0
649441,0
649442,0
649443,0
649444,0
649445,0
649446,0
649447,0
649448,0
649449,0
649450,0
649451,0
649452,0
649453,0
649454,0
649455,0
649456,0
649457,11
649458,0
649459,0
649460,0
649461,0
649462,0
649463,0
649464,0
649465,0
649466,0
649467,0
649468,9
649469,0
649470,0
649471,0
649472,0
649473,0
649474,0
649475,0
649476,0
649477,0
649478,7
649479,0
649480,0
649481,0
649482,0
649483,0
649484,0
649485,0
649486,15
649487,0
649488,0
649489,0
649490,6
649491,10
649492,0
649493,0
649494,0
649495,0
649496,0
649497,0
649498,0
649499,0
649500,0
649501,0
649502,0
649503,0
649504,0
649505,0
649506,0
649507,0
649508,0
649509,0
649510,0
649511,0
649512,0
649513,0
649514,0
649515,0
649516,0
649517,0
649518,0
649519,0
649520,0
649521,0
649522,0
649523,0
649524,0
649525,0
649526,0
649527,0
649528,0
649529,0
649530,0
649531,0
649532,0
649533,0
649534,0
649535,0
649536,0
649537,0
649538,0
649539,15
649540,0
649541,12
649542,0
649543,0
649544,0
649545,0
649546,0
649547,0
649548,7
649549,0
649550,0
649551,0
649552,0
649553,0
649554,0
649555,0
649556,12
649557,0
649558,8
649559,0
649560,7
649561,0
649562,0
649563,0
649564,0
649565,0
649566,0
649567,0
649568,0
649569,0
649570,0
649571,0
649572,0
649573,0
649574,0
649575,12
649576,0
649577,0
649578,0
649579,0
649580,0
649581,0
649582,0
649583,0
649584,0
649585,0
649586,0
649587,0
649588,0
649589,0
649590,0
649591,0
649592,0
649593,0
649594,0
649595,0
649596,0
649597,0
649598,0
649599,0
649600,0
649601,10
649602,0
649603,0
649604,5
649605,0
649606,0
649607,0
649608,0
649609,0
649610,0
649611,0
649612,14
649613,0
649614,0
649615,0
649616,0
649617,0
649618,0
649619,0
649620,0
649621,0
649622,0
649623,0
649624,0
649625,0
649626,0
649627,0
649628,0
649629,8
649630,0
649631,0
649632,0
649633,0
649634,0
649635,0
649636,0
649637,14
649638,0
649639,8
649640,13
649641,0
649642,0
649643,9
649644,0
649645,0
649646,0
649647,0
649648,0
649649,0
649650,0
649651,0
649652,0
649653,0
649654,0
649655,14
649656,10
649657,0
649658,0
649659,0
649660,0
649661,0
649662,4
649663,0
649664,11
649665,7
649666,0
649667,0
649668,0
649669,0
649670,5
649671,0
649672,0
649673,0
649674,0
649675,0
649676,0
649677,0
649678,0
649679,0
649680,0
649681,0
649682,0
649683,8
649684,0
649685,0
649686,0
649687,0
649688,0
649689,0
649690,0
649691,0
649692,0
649693,9
649694,0
649695,0
649696,0
649697,0
649698,0
649699,8
649700,0
649701,0
649702,0
649703,0
649704,0
649705,0
649706,16
649707,0
649708,0
649709,0
649710,0
649711,0
649712,0
649713,0
649714,0
649715,10
649716,7
649717,0
649718,0
649719,0
649720,10
649721,0
649722,0
649723,0
649724,0
649725,0
649726,0
649727,0
649728,0
649729,0
649730,0
649731,0
649732,0
649733,0
649734,0
649735,0
649736,0
649737,0
649738,0
649739,0
649740,0
649741,0
649742,0
649743,0
649744,0
649745,0
649746,0
649747,0
649748,0
649749,0
649750,0
649751,0
649752,8
649753,0
649754,0
649755,0
649756,0
649757,15
649758,0
649759,0
649760,0
649761,0
649762,0
649763,0
649764,0
649765,0
649766,0
649767,0
649768,0
649769,0
649770,0
649771,0
649772,14
649773,0
649774,0
649775,0
649776,0
649777,0
649778,0
649779,0
649780,9
649781,0
649782,0
649783,0
649784,11
649785,0
649786,0
649787,0
649788,0
649789,0
649790,0
649791,0
649792,0
649793,0
649794,0
649795,0
649796,0
649797,0
649798,0
649799,0
649800,0
649801,0
649802,0
649803,0
649804,0
649805,0
649806,0
649807,0
649808,0
649809,0
649810,0
649811,0
649812,0
649813,0
649814,0
649815,0
649816,0
649817,0
649818,0
649819,0
649820,0
649821,0
649822,0
649823,0
649824,0
649825,0
649826,0
649827,0
649828,0
649829,0
649830,0
649831,0
649832,0
649833,0
649834,0
649835,0
649836,0
649837,0
649838,0
649839,0
649840,6
649841,0
649842,0
649843,0
649844,0
649845,0
649846,0
649847,0
649848,6
649849,0
649850,0
649851,0
649852,0
649853,0
649854,0
649855,0
649856,0
649857,0
649858,9
649859,0
649860,0
649861,0
649862,0
649863,0
649864,0
649865,11
649866,0
649867,0
649868,0
649869,0
649870,0
649871,0
649872,0
649873,0
649874,0
649875,0
649876,0
649877,0
649878,0
649879,0
649880,0
649881,0
649882,17
649883,0
649884,0
649885,0
649886,0
649887,9
649888,0
649889,0
649890,0
649891,0
649892,0
649893,0
649894,0
649895,0
649896,0
649897,0
649898,0
649899,0
649900,0
649901,0
649902,0
649903,0
649904,16
649905,0
649906,0
649907,0
649908,0
649909,0
649910,0
649911,0
649912,10
649913,8
649914,0
649915,10
649916,22
649917,0
649918,0
649919,0
649920,0
649921,0
649922,4
649923,0
649924,0
649925,0
649926,0
649927,0
649928,0
649929,14
649930,0
649931,0
649932,23
649933,0
649934,0
649935,0
649936,15
649937,0
649938,6
649939,0
649940,17
649941,14
649942,0
649943,0
649944,17
649945,0
649946,0
649947,0
649948,0
649949,0
649950,23
649951,0
649952,0
649953,0
649954,0
649955,0
649956,0
649957,0
649958,0
649959,0
649960,25
649961,0
649962,0
649963,21
649964,0
649965,0
649966,0
649967,0
649968,0
649969,0
649970,0
649971,0
649972,0
649973,0
649974,0
649975,21
649976,0
649977,29
649978,16
649979,0
649980,0
649981,0
649982,0
649983,0
649984,0
649985,0
649986,27
649987,0
649988,0
649989,0
649990,0
649991,25
649992,0
649993,24
649994,0
649995,0
649996,0
649997,6
649998,0
649999,0
650000,0
650001,0
650002,18
650003,0
650004,5
650005,0
650006,0
650007,0
650008,0
650009,7
650010,23
650011,0
650012,0
650013,0
650014,13
650015,0
650016,14
650017,0
650018,0
650019,0
650020,15
650021,13
650022,0
650023,0
650024,0
650025,8
650026,0
650027,8
650028,5
650029,0
650030,0
650031,0
650032,8
650033,0
650034,0
650035,0
650036,0
650037,0
650038,11
650039,0
650040,22
650041,27
650042,0
650043,0
650044,10
650045,0
650046,0
650047,0
650048,0
650049,12
650050,0
650051,0
650052,0
650053,2
650054,0
650055,0
650056,0
650057,0
650058,0
650059,0
650060,10
650061,0
650062,0
650063,0
650064,14
650065,12
650066,10
650067,22
650068,6
650069,0
650070,0
650071,0
650072,0
650073,0
650074,0
650075,0
650076,11
650077,14
650078,0
650079,0
650080,0
650081,35
650082,0
650083,0
650084,0
650085,8
650086,0
650087,15
650088,0
650089,0
650090,0
650091,13
650092,0
650093,13
650094,32
650095,0
650096,19
650097,24
650098,0
650099,0
650100,17
650101,14
650102,0
650103,0
650104,0
650105,0
650106,0
650107,0
650108,0
650109,10
650110,0
650111,0
650112,5
650113,3
650114,31
650115,0
650116,7
650117,20
650118,0
650119,0
650120,0
650121,0
650122,23
650123,0
650124,3
650125,0
650126,4
650127,0
650128,0
650129,0
650130,0
650131,14
650132,0
650133,28
650134,24
650135,0
650136,0
650137,0
650138,0
650139,9
650140,0
650141,0
650142,0
650143,19
650144,0
650145,12
650146,0
650147,0
650148,0
650149,11
650150,17
650151,0
650152,0
650153,0
650154,0
650155,0
650156,0
650157,0
650158,7
650159,0
650160,15
650161,0
650162,0
650163,15
650164,0
650165,0
650166,8
650167,0
650168,0
650169,8
650170,0
650171,0
650172,0
650173,0
650174,0
650175,5
650176,0
650177,12
650178,0
650179,0
650180,0
650181,0
650182,10
650183,0
650184,0
650185,0
650186,0
650187,0
650188,0
650189,0
650190,0
650191,0
650192,0
650193,0
650194,0
650195,0
650196,0
650197,0
650198,0
650199,12
650200,0
650201,0
650202,0
650203,0
650204,0
650205,0
650206,0
650207,0
650208,9
650209,22
650210,0
650211,0
650212,0
650213,0
650214,8
650215,0
650216,0
650217,0
650218,0
650219,0
650220,0
650221,17
650222,0
650223,0
650224,0
650225,0
650226,0
650227,0
650228,0
650229,0
650230,9
650231,10
650232,0
650233,7
650234,0
650235,16
650236,0
650237,0
650238,0
650239,0
650240,0
650241,8
650242,0
650243,0
650244,20
650245,0
650246,0
650247,0
650248,0
650249,0
650250,0
650251,0
650252,13
650253,7
650254,0
650255,0
650256,0
650257,0
650258,0
650259,28
650260,0
650261,0
650262,0
650263,17
650264,13
650265,24
650266,0
650267,19
650268,13
650269,0
650270,0
650271,0
650272,0
650273,0
650274,18
650275,0
650276,16
650277,0
650278,0
650279,0
650280,16
650281,0
650282,25
650283,13
650284,0
650285,0
650286,0
650287,0
650288,0
650289,21
650290,0
650291,12
650292,29
650293,0
650294,0
650295,0
650296,0
650297,0
650298,0
650299,0
650300,0
650301,0
650302,0
650303,0
650304,38
650305,0
650306,0
650307,0
650308,0
650309,0
650310,0
650311,0
650312,0
650313,0
650314,0
650315,0
650316,0
650317,0
650318,0
650319,0
650320,0
650321,0
650322,0
650323,0
650324,0
650325,41
650326,0
650327,0
650328,0
650329,0
650330,0
650331,0
650332,0
650333,0
650334,0
650335,0
650336,0
650337,0
650338,0
650339,0
650340,0
650341,0
650342,0
650343,0
650344,0
650345,0
650346,0
650347,0
650348,0
650349,0
650350,0
650351,0
650352,0
650353,0
650354,0
650355,0
650356,0
650357,0
650358,0
650359,34
650360,0
650361,0
650362,0
650363,0
650364,0
650365,0
650366,0
650367,0
650368,0
650369,0
650370,42
650371,0
650372,0
650373,0
650374,0
650375,0
650376,0
650377,0
650378,0
650379,33
650380,0
650381,0
650382,0
650383,0
650384,0
650385,31
650386,0
650387,0
650388,34
650389,0
650390,0
650391,0
650392,0
650393,0
650394,0
650395,0
650396,0
650397,0
650398,0
650399,0
650400,0
650401,24
650402,0
650403,0
650404,22
650405,0
650406,0
650407,56
650408,0
650409,0
650410,0
650411,0
650412,0
650413,0
650414,0
650415,0
650416,0
650417,0
650418,0
650419,0
650420,0
650421,0
650422,0
650423,0
650424,0
650425,0
650426,0
650427,0
650428,0
650429,0
650430,0
650431,0
650432,0
650433,0
650434,0
650435,0
650436,0
650437,0
650438,0
650439,0
650440,0
650441,0
650442,0
650443,0
650444,0
650445,0
650446,0
650447,0
650448,0
650449,0
650450,0
650451,34
650452,0
650453,50
650454,31
650455,0
650456,0
650457,0
650458,0
650459,0
650460,46
650461,32
650462,0
650463,0
650464,0
650465,0
650466,0
650467,0
650468,0
650469,49
650470,0
650471,0
650472,0
650473,0
650474,0
650475,0
650476,0
650477,0
650478,0
650479,0
650480,0
650481,36
650482,0
650483,42
650484,0
650485,0
650486,0
650487,0
650488,0
650489,0
650490,0
650491,0
650492,0
650493,0
650494,0
650495,18
650496,0
650497,0
650498,0
650499,0
650500,0
650501,0
650502,0
650503,21
650504,0
650505,0
650506,0
650507,0
650508,0
650509,17
650510,0
650511,0
650512,19
650513,18
650514,0
650515,0
650516,0
650517,18
650518,0
650519,0
650520,0
650521,0
650522,0
650523,0
650524,0
650525,16
650526,0
650527,0
650528,0
650529,0
650530,0
650531,0
650532,0
650533,0
650534,0
650535,0
650536,0
650537,0
650538,0
650539,0
650540,0
650541,24
650542,0
650543,0
650544,0
650545,0
650546,0
650547,0
650548,19
650549,0
650550,0
650551,0
650552,0
650553,0
650554,0
650555,0
650556,0
650557,0
650558,0
650559,0
650560,0
650561,0
650562,0
650563,0
650564,0
650565,13
650566,0
650567,0
650568,0
650569,0
650570,0
650571,19
650572,0
650573,0
650574,0
650575,0
650576,0
650577,0
650578,0
650579,0
650580,0
650581,0
650582,0
650583,0
650584,0
650585,0
650586,0
650587,15
650588,0
650589,0
650590,0
650591,0
650592,0
650593,0
650594,0
650595,0
650596,0
650597,0
650598,0
650599,9
650600,0
650601,0
650602,0
650603,0
650604,0
650605,0
650606,0
650607,0
650608,0
650609,0
650610,14
650611,0
650612,0
650613,0
650614,15
650615,0
650616,0
650617,0
650618,0
650619,0
650620,0
650621,0
650622,0
650623,16
650624,0
650625,19
650626,0
650627,0
650628,14
650629,0
650630,0
650631,0
650632,0
650633,0
650634,0
650635,0
650636,0
650637,19
650638,0
650639,0
650640,9
650641,18
650642,0
650643,17
650644,0
650645,0
650646,0
650647,0
650648,0
650649,0
650650,0
650651,0
650652,0
650653,0
650654,17
650655,0
650656,0
650657,0
650658,0
650659,0
650660,0
650661,13
650662,0
650663,0
650664,17
650665,23
650666,11
650667,0
650668,0
650669,0
650670,0
650671,0
650672,0
650673,10
650674,0
650675,0
650676,0
650677,0
650678,0
650679,0
650680,0
650681,0
650682,0
650683,0
650684,0
650685,0
650686,0
650687,0
650688,0
650689,0
650690,0
650691,15
650692,0
650693,0
650694,0
650695,0
650696,16
650697,0
650698,0
650699,0
650700,0
650701,0
650702,0
650703,20
650704,0
650705,0
650706,0
650707,0
650708,0
650709,0
650710,0
650711,0
650712,0
650713,0
650714,0
650715,0
650716,0
650717,0
650718,0
650719,0
650720,0
650721,0
650722,0
650723,0
650724,0
650725,19
650726,0
650727,0
650728,0
650729,0
650730,0
650731,0
650732,0
650733,0
650734,0
650735,21
650736,0
650737,0
650738,0
650739,0
650740,26
650741,0
650742,0
650743,0
650744,0
650745,0
650746,0
650747,0
650748,14
650749,0
650750,0
650751,17
650752,0
650753,0
650754,0
650755,20
650756,0
650757,0
650758,0
650759,0
650760,0
650761,0
650762,0
650763,0
650764,23
650765,0
650766,0
650767,0
650768,0
650769,0
650770,0
650771,0
650772,0
650773,0
650774,14
650775,0
650776,0
650777,0
650778,0
650779,0
650780,0
650781,0
650782,0
650783,0
650784,0
650785,0
650786,0
650787,0
650788,0
650789,0
650790,0
650791,0
650792,0
650793,0
650794,0
650795,0
650796,0
650797,0
650798,0
650799,0
650800,0
650801,0
650802,0
650803,0
650804,14
650805,0
650806,0
650807,0
650808,0
650809,0
650810,0
650811,0
650812,0
650813,0
650814,0
650815,0
650816,0
650817,0
650818,25
650819,0
650820,0
650821,0
650822,0
650823,0
650824,0
650825,0
650826,0
650827,0
650828,0
650829,0
650830,0
650831,0
650832,0
650833,0
650834,17
650835,0
650836,0
650837,0
650838,15
650839,0
650840,0
650841,0
650842,0
650843,0
650844,0
650845,0
650846,10
650847,0
650848,0
650849,0
650850,18
650851,18
650852,0
650853,0
650854,0
650855,0
650856,16
650857,0
650858,0
650859,0
650860,0
650861,11
650862,0
650863,0
650864,0
650865,0
650866,0
650867,0
650868,0
650869,0
650870,0
650871,0
650872,0
650873,0
650874,0
650875,0
650876,0
650877,0
650878,0
650879,0
650880,0
650881,0
650882,0
650883,0
650884,0
650885,0
650886,0
650887,12
650888,0
650889,13
650890,0
650891,0
650892,0
650893,0
650894,10
650895,0
650896,0
650897,0
650898,0
650899,0
650900,0
650901,15
650902,0
650903,0
650904,0
650905,13
650906,0
650907,0
650908,0
650909,15
650910,0
650911,0
650912,0
650913,0
650914,12
650915,0
650916,0
650917,0
650918,0
650919,0
650920,0
650921,0
650922,0
650923,0
650924,0
650925,0
650926,0
650927,0
650928,0
650929,0
650930,0
650931,0
650932,0
650933,0
650934,0
650935,0
650936,0
650937,0
650938,0
650939,0
650940,0
650941,0
650942,0
650943,0
650944,21
650945,12
650946,25
650947,0
650948,0
650949,0
650950,0
650951,0
650952,0
650953,0
650954,0
650955,0
650956,0
650957,0
650958,0
650959,0
650960,0
650961,0
650962,0
650963,0
650964,0
650965,0
650966,0
650967,0
650968,0
650969,18
650970,0
650971,0
650972,0
650973,11
650974,0
650975,0
650976,0
650977,0
650978,0
650979,0
650980,0
650981,0
650982,0
650983,0
650984,0
650985,0
650986,0
650987,0
650988,0
650989,0
650990,19
650991,0
650992,0
650993,0
650994,0
650995,0
650996,0
650997,0
650998,0
650999,0
651000,0
651001,0
651002,0
651003,0
651004,0
651005,0
651006,0
651007,0
651008,0
651009,0
651010,0
651011,0
651012,0
651013,0
651014,0
651015,0
651016,0
651017,0
651018,0
651019,16
651020,0
651021,0
651022,0
651023,0
651024,0
651025,0
651026,0
651027,0
651028,0
651029,0
651030,0
651031,0
651032,0
651033,0
651034,0
651035,0
651036,0
651037,0
651038,0
651039,0
651040,0
651041,0
651042,0
651043,0
651044,0
651045,0
651046,0
651047,0
651048,0
651049,0
651050,0
651051,14
651052,0
651053,0
651054,0
651055,0
651056,31
651057,0
651058,0
651059,0
651060,0
651061,0
651062,12
651063,0
651064,0
651065,0
651066,0
651067,0
651068,0
651069,0
651070,0
651071,0
651072,0
651073,0
651074,0
651075,0
651076,0
651077,0
651078,0
651079,0
651080,0
651081,0
651082,0
651083,0
651084,0
651085,0
651086,0
651087,0
651088,0
651089,0
651090,0
651091,0
651092,24
651093,0
651094,0
651095,0
651096,0
651097,0
651098,0
651099,0
651100,0
651101,0
651102,0
651103,0
651104,0
651105,0
651106,0
651107,0
651108,0
651109,0
651110,0
651111,0
651112,0
651113,0
651114,0
651115,2
651116,0
651117,2
651118,0
651119,0
651120,0
651121,0
651122,0
651123,0
651124,0
651125,3
651126,0
651127,0
651128,0
651129,0
651130,0
651131,0
651132,0
651133,0
651134,0
651135,0
651136,0
651137,0
651138,0
651139,2
651140,0
651141,0
651142,0
651143,0
651144,0
651145,0
651146,0
651147,0
651148,0
651149,0
651150,0
651151,0
651152,0
651153,0
651154,0
651155,0
651156,0
651157,0
651158,3
651159,0
651160,0
651161,0
651162,0
651163,0
651164,0
651165,0
651166,0
651167,0
651168,0
651169,0
651170,0
651171,0
651172,0
651173,0
651174,0
651175,0
651176,0
651177,0
651178,0
651179,0
651180,0
651181,0
651182,0
651183,0
651184,0
651185,0
651186,0
651187,0
651188,0
651189,0
651190,0
651191,0
651192,0
651193,1
651194,3
651195,0
651196,0
651197,0
651198,0
651199,0
651200,0
651201,0
651202,3
651203,0
651204,0
651205,0
651206,0
651207,0
651208,0
651209,0
651210,0
651211,0
651212,0
651213,0
651214,0
651215,0
651216,0
651217,0
651218,0
651219,0
651220,0
651221,0
651222,1
651223,0
651224,0
651225,0
651226,0
651227,0
651228,0
651229,0
651230,0
651231,0
651232,0
651233,0
651234,0
651235,0
651236,0
651237,0
651238,0
651239,0
651240,0
651241,0
651242,0
651243,0
651244,0
651245,0
651246,0
651247,0
651248,0
651249,0
651250,0
651251,0
651252,0
651253,0
651254,0
651255,0
651256,0
651257,0
651258,0
651259,0
651260,0
651261,0
651262,0
651263,0
651264,0
651265,0
651266,0
651267,0
651268,0
651269,0
651270,0
651271,0
651272,1
651273,0
651274,0
651275,0
651276,0
651277,0
651278,0
651279,0
651280,0
651281,0
651282,0
651283,0
651284,0
651285,0
651286,0
651287,0
651288,0
651289,0
651290,0
651291,0
651292,0
651293,0
651294,0
651295,0
651296,0
651297,0
651298,0
651299,0
651300,0
651301,0
651302,0
651303,0
651304,0
651305,0
651306,0
651307,0
651308,0
651309,0
651310,0
651311,0
651312,0
651313,0
651314,0
651315,0
651316,0
651317,0
651318,0
651319,0
651320,0
651321,4
651322,1
651323,6
651324,0
651325,0
651326,0
651327,0
651328,0
651329,0
651330,0
651331,0
651332,0
651333,0
651334,0
651335,0
651336,2
651337,0
651338,0
651339,0
651340,0
651341,0
651342,0
651343,0
651344,0
651345,0
651346,34
651347,0
651348,0
651349,0
651350,0
651351,0
651352,29
651353,0
651354,0
651355,43
651356,0
651357,46
651358,0
651359,0
651360,0
651361,0
651362,0
651363,0
651364,0
651365,0
651366,44
651367,0
651368,0
651369,0
651370,0
651371,0
651372,0
651373,29
651374,0
651375,34
651376,0
651377,0
651378,34
651379,0
651380,0
651381,53
651382,0
651383,0
651384,47
651385,0
651386,0
651387,0
651388,0
651389,0
651390,33
651391,0
651392,0
651393,32
651394,0
651395,0
651396,0
651397,33
651398,0
651399,0
651400,0
651401,58
651402,0
651403,56
651404,0
651405,0
651406,0
651407,27
651408,0
651409,47
651410,0
651411,0
651412,0
651413,0
651414,0
651415,0
651416,0
651417,0
651418,0
651419,29
651420,0
651421,52
651422,0
651423,33
651424,0
651425,0
651426,0
651427,0
651428,0
651429,0
651430,0
651431,0
651432,0
651433,0
651434,44
651435,0
651436,0
651437,0
651438,0
651439,0
651440,0
651441,48
651442,40
651443,40
651444,0
651445,0
651446,0
651447,45
651448,0
651449,0
651450,0
651451,0
651452,0
651453,0
651454,0
651455,0
651456,0
651457,31
651458,0
651459,40
651460,21
651461,0
651462,0
651463,0
651464,0
651465,0
651466,0
651467,44
651468,0
651469,0
651470,0
651471,42
651472,0
651473,0
651474,0
651475,0
651476,0
651477,0
651478,28
651479,0
651480,0
651481,0
651482,0
651483,0
651484,31
651485,0
651486,0
651487,0
651488,0
651489,0
651490,0
651491,0
651492,0
651493,0
651494,0
651495,33
651496,0
651497,0
651498,0
651499,0
651500,0
651501,0
651502,0
651503,0
651504,0
651505,0
651506,0
651507,34
651508,33
651509,0
651510,0
651511,0
651512,27
651513,39
651514,0
651515,0
651516,32
651517,0
651518,41
651519,0
651520,0
651521,0
651522,0
651523,0
651524,0
651525,0
651526,0
651527,30
651528,0
651529,0
651530,0
651531,0
651532,0
651533,37
651534,0
651535,39
651536,0
651537,0
651538,0
651539,0
651540,36
651541,0
651542,0
651543,0
651544,0
651545,42
651546,0
651547,0
651548,0
651549,36
651550,41
651551,41
651552,0
651553,0
651554,0
651555,0
651556,0
651557,0
651558,0
651559,0
651560,0
651561,0
651562,0
651563,45
651564,27
651565,43
651566,0
651567,51
651568,0
651569,30
651570,0
651571,0
651572,0
651573,0
651574,0
651575,0
651576,44
651577,0
651578,0
651579,40
651580,0
651581,0
651582,0
651583,0
651584,0
651585,0
651586,30
651587,0
651588,0
651589,0
651590,0
651591,0
651592,0
651593,0
651594,0
651595,0
651596,0
651597,0
651598,0
651599,0
651600,41
651601,0
651602,0
651603,0
651604,0
651605,0
651606,0
651607,0
651608,0
651609,0
651610,42
651611,0
651612,0
651613,0
651614,35
651615,0
651616,0
651617,40
651618,0
651619,0
651620,37
651621,0
651622,43
651623,0
651624,50
651625,0
651626,0
651627,0
651628,0
651629,0
651630,0
651631,0
651632,0
651633,38
651634,40
651635,0
651636,39
651637,0
651638,0
651639,0
651640,0
651641,0
651642,0
651643,0
651644,0
651645,0
651646,0
651647,0
651648,25
651649,0
651650,0
651651,0
651652,0
651653,0
651654,0
651655,0
651656,0
651657,0
651658,0
651659,0
651660,0
651661,36
651662,0
651663,30
651664,43
651665,0
651666,0
651667,0
651668,0
651669,0
651670,41
651671,36
651672,0
651673,35
651674,0
651675,0
651676,0
651677,31
651678,0
651679,49
651680,0
651681,0
651682,0
651683,0
651684,0
651685,0
651686,0
651687,0
651688,39
651689,0
651690,0
651691,0
651692,0
651693,42
651694,0
651695,38
651696,28
651697,0
651698,0
651699,38
651700,0
651701,0
651702,0
651703,0
651704,31
651705,0
651706,0
651707,0
651708,0
651709,0
651710,0
651711,0
651712,0
651713,0
651714,0
651715,0
651716,0
651717,0
651718,0
651719,0
651720,0
651721,0
651722,0
651723,0
651724,0
651725,0
651726,0
651727,0
651728,0
651729,0
651730,0
651731,0
651732,0
651733,0
651734,0
651735,0
651736,0
651737,0
651738,50
651739,0
651740,0
651741,44
651742,29
651743,0
651744,0
651745,0
651746,0
651747,0
651748,0
651749,0
651750,27
651751,0
651752,0
651753,34
651754,39
651755,0
651756,0
651757,0
651758,41
651759,35
651760,0
651761,0
651762,0
651763,0
651764,0
651765,0
651766,0
651767,0
651768,0
651769,0
651770,0
651771,0
651772,36
651773,44
651774,0
651775,34
651776,0
651777,21
651778,0
651779,0
651780,0
651781,0
651782,0
651783,32
651784,38
651785,0
651786,30
651787,33
651788,51
651789,33
651790,63
651791,0
651792,0
651793,48
651794,47
651795,0
651796,36
651797,0
651798,0
651799,0
651800,0
651801,0
651802,0
651803,0
651804,0
651805,25
651806,0
651807,0
651808,29
651809,0
651810,34
651811,0
651812,0
651813,0
651814,0
651815,0
651816,46
651817,0
651818,0
651819,0
651820,0
651821,0
651822,0
651823,0
651824,0
651825,0
651826,34
651827,0
651828,0
651829,0
651830,0
651831,0
651832,30
651833,0
651834,40
651835,0
651836,0
651837,0
651838,0
651839,0
651840,0
651841,0
651842,48
651843,0
651844,22
651845,0
651846,0
651847,0
651848,0
651849,32
651850,0
651851,0
651852,0
651853,0
651854,0
651855,0
651856,0
651857,0
651858,37
651859,30
651860,0
651861,0
651862,36
651863,0
651864,0
651865,0
651866,0
651867,0
651868,0
651869,0
651870,0
651871,0
651872,0
651873,0
651874,0
651875,0
651876,0
651877,0
651878,0
651879,29
651880,0
651881,0
651882,0
651883,0
651884,0
651885,0
651886,0
651887,0
651888,0
651889,0
651890,32
651891,0
651892,0
651893,0
651894,40
651895,0
651896,0
651897,0
651898,0
651899,0
651900,0
651901,0
651902,0
651903,0
651904,0
651905,31
651906,32
651907,0
651908,0
651909,31
651910,0
651911,41
651912,0
651913,0
651914,0
651915,0
651916,0
651917,0
651918,25
651919,0
651920,0
651921,0
651922,0
651923,0
651924,0
651925,26
651926,0
651927,51
651928,0
651929,0
651930,0
651931,46
651932,0
651933,37
651934,0
651935,21
651936,0
651937,0
651938,0
651939,0
651940,0
651941,46
651942,0
651943,0
651944,29
651945,0
651946,0
651947,29
651948,36
651949,0
651950,0
651951,38
651952,0
651953,0
651954,0
651955,0
651956,0
651957,0
651958,0
651959,0
651960,35
651961,0
651962,0
651963,0
651964,0
651965,0
651966,0
651967,0
651968,38
651969,0
651970,0
651971,0
651972,0
651973,0
651974,0
651975,32
651976,0
651977,0
651978,0
651979,0
651980,0
651981,0
651982,0
651983,23
651984,0
651985,0
651986,0
651987,0
651988,0
651989,0
651990,0
651991,30
651992,41
651993,0
651994,0
651995,0
651996,37
651997,0
651998,35
651999,0
652000,0
652001,0
652002,0
652003,0
652004,0
652005,0
652006,0
652007,0
652008,0
652009,38
652010,0
652011,44
652012,0
652013,0
652014,47
652015,22
652016,0
652017,0
652018,48
652019,36
652020,0
652021,0
652022,0
652023,0
652024,0
652025,40
652026,0
652027,0
652028,40
652029,0
652030,0
652031,49
652032,29
652033,0
652034,38
652035,0
652036,0
652037,38
652038,0
652039,0
652040,42
652041,0
652042,0
652043,0
652044,0
652045,0
652046,0
652047,0
652048,0
652049,0
652050,0
652051,0
652052,0
652053,0
652054,34
652055,0
652056,0
652057,46
652058,0
652059,0
652060,0
652061,0
652062,0
652063,0
652064,35
652065,31
652066,0
652067,0
652068,0
652069,0
652070,0
652071,0
652072,0
652073,0
652074,0
652075,27
652076,0
652077,0
652078,0
652079,0
652080,0
652081,0
652082,50
652083,30
652084,0
652085,0
652086,0
652087,0
652088,0
652089,0
652090,0
652091,0
652092,0
652093,0
652094,39
652095,0
652096,0
652097,31
652098,26
652099,0
652100,0
652101,0
652102,0
652103,0
652104,0
652105,0
652106,0
652107,33
652108,0
652109,0
652110,0
652111,0
652112,0
652113,0
652114,0
652115,0
652116,0
652117,0
652118,0
652119,0
652120,0
652121,0
652122,0
652123,0
652124,0
652125,0
652126,0
652127,0
652128,27
652129,37
652130,0
652131,39
652132,0
652133,0
652134,0
652135,0
652136,0
652137,45
652138,22
652139,0
652140,0
652141,0
652142,0
652143,0
652144,0
652145,0
652146,0
652147,0
652148,0
652149,0
652150,0
652151,0
652152,0
652153,19
652154,36
652155,0
652156,0
652157,0
652158,49
652159,0
652160,40
652161,0
652162,0
652163,25
652164,46
652165,35
652166,35
652167,0
652168,0
652169,0
652170,35
652171,0
652172,0
652173,0
652174,0
652175,0
652176,0
652177,0
652178,0
652179,0
652180,0
652181,0
652182,0
652183,0
652184,0
652185,0
652186,36
652187,0
652188,0
652189,0
652190,0
652191,0
652192,0
652193,0
652194,34
652195,37
652196,39
652197,0
652198,0
652199,0
652200,0
652201,0
652202,0
652203,0
652204,0
652205,30
652206,0
652207,0
652208,0
652209,0
652210,0
652211,0
652212,0
652213,0
652214,22
652215,0
652216,45
652217,0
652218,0
652219,0
652220,0
652221,36
652222,0
652223,0
652224,0
652225,0
652226,0
652227,0
652228,0
652229,40
652230,0
652231,0
652232,0
652233,35
652234,43
652235,0
652236,0
652237,43
652238,0
652239,0
652240,30
652241,0
652242,0
652243,0
652244,35
652245,0
652246,0
652247,0
652248,0
652249,0
652250,0
652251,0
652252,0
652253,0
652254,0
652255,0
652256,0
652257,0
652258,0
652259,0
652260,0
652261,0
652262,0
652263,0
652264,0
652265,36
652266,0
652267,0
652268,27
652269,47
652270,0
652271,0
652272,0
652273,0
652274,0
652275,31
652276,0
652277,38
652278,0
652279,0
652280,34
652281,0
652282,0
652283,0
652284,0
652285,0
652286,0
652287,0
652288,0
652289,0
652290,0
652291,0
652292,24
652293,40
652294,0
652295,0
652296,0
652297,51
652298,27
652299,0
652300,0
652301,0
652302,0
652303,0
652304,47
652305,0
652306,0
652307,0
652308,0
652309,0
652310,32
652311,0
652312,0
652313,0
652314,28
652315,33
652316,0
652317,0
652318,32
652319,0
652320,0
652321,0
652322,0
652323,0
652324,0
652325,0
652326,0
652327,0
652328,0
652329,0
652330,0
652331,0
652332,13
652333,0
652334,16
652335,0
652336,0
652337,0
652338,0
652339,6
652340,0
652341,0
652342,0
652343,0
652344,0
652345,0
652346,0
652347,0
652348,0
652349,0
652350,0
652351,0
652352,0
652353,0
652354,0
652355,0
652356,22
652357,0
652358,0
652359,0
652360,0
652361,0
652362,0
652363,17
652364,0
652365,0
652366,0
652367,0
652368,17
652369,0
652370,0
652371,0
652372,0
652373,4
652374,0
652375,0
652376,0
652377,0
652378,0
652379,0
652380,0
652381,18
652382,0
652383,0
652384,0
652385,0
652386,0
652387,0
652388,0
652389,0
652390,0
652391,9
652392,0
652393,0
652394,12
652395,0
652396,0
652397,0
652398,0
652399,0
652400,0
652401,0
652402,0
652403,0
652404,0
652405,0
652406,0
652407,0
652408,0
652409,0
652410,0
652411,0
652412,0
652413,0
652414,0
652415,0
652416,0
652417,17
652418,0
652419,0
652420,0
652421,0
652422,0
652423,0
652424,0
652425,0
652426,0
652427,0
652428,0
652429,0
652430,0
652431,0
652432,0
652433,6
652434,0
652435,0
652436,0
652437,0
652438,0
652439,0
652440,0
652441,0
652442,0
652443,0
652444,0
652445,0
652446,14
652447,0
652448,0
652449,0
652450,0
652451,0
652452,0
652453,0
652454,0
652455,0
652456,0
652457,0
652458,0
652459,0
652460,0
652461,0
652462,18
652463,0
652464,0
652465,0
652466,0
652467,18
652468,7
652469,0
652470,0
652471,0
652472,0
652473,0
652474,0
652475,0
652476,0
652477,0
652478,0
652479,0
652480,0
652481,0
652482,0
652483,0
652484,0
652485,4
652486,0
652487,16
652488,0
652489,0
652490,0
652491,0
652492,0
652493,5
652494,13
652495,0
652496,0
652497,7
652498,0
652499,9
652500,0
652501,0
652502,0
652503,0
652504,0
652505,0
652506,0
652507,0
652508,0
652509,0
652510,0
652511,0
652512,0
652513,0
652514,20
652515,0
652516,0
652517,0
652518,0
652519,0
652520,0
652521,0
652522,0
652523,17
652524,0
652525,0
652526,0
652527,0
652528,11
652529,0
652530,0
652531,0
652532,0
652533,0
652534,0
652535,0
652536,0
652537,0
652538,0
652539,0
652540,0
652541,0
652542,0
652543,0
652544,0
652545,0
652546,0
652547,0
652548,0
652549,0
652550,0
652551,0
652552,0
652553,0
652554,0
652555,0
652556,0
652557,0
652558,0
652559,0
652560,0
652561,0
652562,0
652563,19
652564,0
652565,0
652566,0
652567,0
652568,0
652569,0
652570,0
652571,0
652572,36
652573,0
652574,0
652575,0
652576,37
652577,0
652578,0
652579,51
652580,0
652581,0
652582,0
652583,0
652584,0
652585,0
652586,0
652587,0
652588,0
652589,0
652590,0
652591,0
652592,53
652593,0
652594,0
652595,0
652596,0
652597,0
652598,0
652599,32
652600,0
652601,21
652602,0
652603,0
652604,0
652605,21
652606,0
652607,0
652608,0
652609,0
652610,0
652611,0
652612,0
652613,0
652614,0
652615,36
652616,0
652617,0
652618,0
652619,43
652620,0
652621,0
652622,0
652623,0
652624,0
652625,0
652626,0
652627,0
652628,0
652629,0
652630,0
652631,0
652632,0
652633,0
652634,42
652635,0
652636,0
652637,0
652638,0
652639,0
652640,0
652641,0
652642,0
652643,0
652644,0
652645,0
652646,0
652647,25
652648,0
652649,0
652650,0
652651,0
652652,0
652653,0
652654,0
652655,37
652656,0
652657,0
652658,0
652659,0
652660,0
652661,0
652662,42
652663,0
652664,0
652665,42
652666,0
652667,0
652668,0
652669,0
652670,0
652671,0
652672,0
652673,0
652674,0
652675,0
652676,0
652677,0
652678,0
652679,0
652680,0
652681,0
652682,0
652683,0
652684,0
652685,0
652686,0
652687,0
652688,0
652689,0
652690,0
652691,0
652692,30
652693,0
652694,0
652695,0
652696,0
652697,0
652698,0
652699,0
652700,0
652701,0
652702,0
652703,0
652704,0
652705,0
652706,0
652707,0
652708,0
652709,0
652710,0
652711,0
652712,0
652713,32
652714,0
652715,0
652716,0
652717,45
652718,31
652719,0
652720,0
652721,35
652722,0
652723,58
652724,0
652725,0
652726,0
652727,0
652728,45
652729,0
652730,0
652731,0
652732,0
652733,0
652734,0
652735,0
652736,0
652737,0
652738,0
652739,0
652740,0
652741,0
652742,0
652743,0
652744,38
652745,0
652746,0
652747,31
652748,0
652749,0
652750,60
652751,0
652752,0
652753,0
652754,0
652755,0
652756,0
652757,0
652758,50
652759,0
652760,0
652761,0
652762,0
652763,0
652764,0
652765,40
652766,0
652767,35
652768,0
652769,22
652770,0
652771,0
652772,34
652773,0
652774,46
652775,0
652776,0
652777,0
652778,0
652779,0
652780,0
652781,0
652782,0
652783,0
652784,0
652785,21
652786,0
652787,0
652788,0
652789,0
652790,37
652791,40
652792,0
652793,0
652794,0
652795,0
652796,0
652797,0
652798,0
652799,0
652800,0
652801,0
652802,0
652803,0
652804,0
652805,36
652806,0
652807,0
652808,0
652809,0
652810,0
652811,0
652812,0
652813,0
652814,0
652815,0
652816,0
652817,0
652818,0
652819,0
652820,0
652821,0
652822,0
652823,0
652824,0
652825,0
652826,0
652827,0
652828,33
652829,0
652830,0
652831,0
652832,33
652833,0
652834,30
652835,0
652836,46
652837,0
652838,0
652839,0
652840,0
652841,0
652842,28
652843,0
652844,0
652845,0
652846,0
652847,0
652848,0
652849,0
652850,0
652851,0
652852,30
652853,0
652854,0
652855,0
652856,0
652857,36
652858,0
652859,0
652860,0
652861,0
652862,0
652863,0
652864,44
652865,0
652866,0
652867,0
652868,0
652869,46
652870,40
652871,0
652872,0
652873,0
652874,0
652875,0
652876,0
652877,0
652878,0
652879,0
652880,0
652881,0
652882,34
652883,0
652884,32
652885,0
652886,0
652887,0
652888,24
652889,0
652890,0
652891,52
652892,0
652893,0
652894,0
652895,0
652896,0
652897,0
652898,42
652899,0
652900,0
652901,0
652902,0
652903,0
652904,0
652905,0
652906,0
652907,0
652908,0
652909,0
652910,0
652911,0
652912,0
652913,0
652914,29
652915,0
652916,0
652917,0
652918,30
652919,0
652920,0
652921,0
652922,0
652923,0
652924,0
652925,22
652926,0
652927,0
652928,32
652929,0
652930,0
652931,0
652932,0
652933,0
652934,0
652935,0
652936,0
652937,34
652938,0
652939,0
652940,30
652941,22
652942,29
652943,0
652944,0
652945,0
652946,0
652947,0
652948,30
652949,0
652950,0
652951,27
652952,0
652953,0
652954,0
652955,31
652956,0
652957,0
652958,0
652959,0
652960,0
652961,0
652962,22
652963,0
652964,0
652965,0
652966,0
652967,0
652968,0
652969,30
652970,0
652971,0
652972,0
652973,20
652974,0
652975,0
652976,0
652977,0
652978,0
652979,0
652980,0
652981,0
652982,0
652983,0
652984,0
652985,0
652986,18
652987,25
652988,0
652989,0
652990,25
652991,0
652992,22
652993,0
652994,0
652995,0
652996,0
652997,0
652998,0
652999,21
653000,0
653001,0
653002,0
653003,31
653004,0
653005,0
653006,0
653007,0
653008,20
653009,0
653010,0
653011,0
653012,0
653013,0
653014,0
653015,0
653016,0
653017,0
653018,0
653019,24
653020,0
653021,0
653022,0
653023,12
653024,0
653025,0
653026,0
653027,0
653028,0
653029,14
653030,0
653031,0
653032,0
653033,0
653034,0
653035,0
653036,0
653037,0
653038,0
653039,0
653040,0
653041,0
653042,0
653043,0
653044,0
653045,0
653046,0
653047,0
653048,0
653049,0
653050,0
653051,0
653052,0
653053,0
653054,0
653055,0
653056,0
653057,0
653058,0
653059,0
653060,0
653061,0
653062,0
653063,0
653064,23
653065,0
653066,0
653067,0
653068,0
653069,0
653070,0
653071,0
653072,0
653073,29
653074,0
653075,0
653076,0
653077,0
653078,19
653079,0
653080,0
653081,0
653082,0
653083,0
653084,0
653085,0
653086,0
653087,0
653088,0
653089,0
653090,27
653091,0
653092,0
653093,0
653094,0
653095,0
653096,0
653097,0
653098,0
653099,0
653100,16
653101,0
653102,0
653103,0
653104,0
653105,0
653106,0
653107,0
653108,0
653109,0
653110,26
653111,0
653112,0
653113,27
653114,0
653115,0
653116,0
653117,0
653118,0
653119,0
653120,0
653121,18
653122,0
653123,0
653124,0
653125,0
653126,0
653127,34
653128,0
653129,0
653130,0
653131,0
653132,31
653133,0
653134,0
653135,0
653136,0
653137,0
653138,0
653139,0
653140,13
653141,0
653142,19
653143,0
653144,0
653145,0
653146,0
653147,0
653148,0
653149,33
653150,19
653151,0
653152,0
653153,0
653154,0
653155,0
653156,0
653157,0
653158,21
653159,0
653160,0
653161,0
653162,0
653163,0
653164,17
653165,0
653166,0
653167,0
653168,0
653169,17
653170,0
653171,0
653172,0
653173,0
653174,0
653175,0
653176,0
653177,0
653178,0
653179,0
653180,0
653181,0
653182,0
653183,0
653184,0
653185,0
653186,0
653187,0
653188,29
653189,0
653190,24
653191,0
653192,0
653193,26
653194,0
653195,0
653196,0
653197,0
653198,0
653199,0
653200,0
653201,0
653202,0
653203,0
653204,0
653205,0
653206,0
653207,0
653208,0
653209,0
653210,0
653211,0
653212,0
653213,19
653214,0
653215,0
653216,0
653217,0
653218,0
653219,0
653220,0
653221,0
653222,0
653223,0
653224,0
653225,0
653226,0
653227,28
653228,0
653229,23
653230,0
653231,0
653232,0
653233,0
653234,0
653235,0
653236,0
653237,0
653238,0
653239,0
653240,0
653241,0
653242,21
653243,0
653244,0
653245,0
653246,0
653247,0
653248,0
653249,0
653250,0
653251,0
653252,0
653253,0
653254,0
653255,0
653256,0
653257,0
653258,0
653259,0
653260,0
653261,0
653262,23
653263,0
653264,0
653265,0
653266,0
653267,0
653268,0
653269,0
653270,0
653271,0
653272,0
653273,0
653274,0
653275,0
653276,0
653277,0
653278,0
653279,0
653280,0
653281,0
653282,28
653283,0
653284,0
653285,0
653286,0
653287,0
653288,0
653289,27
653290,0
653291,0
653292,0
653293,0
653294,0
653295,0
653296,0
653297,21
653298,26
653299,0
653300,0
653301,31
653302,0
653303,0
653304,0
653305,0
653306,0
653307,0
653308,0
653309,0
653310,0
653311,0
653312,0
653313,0
653314,0
653315,0
653316,0
653317,0
653318,0
653319,0
653320,24
653321,0
653322,0
653323,0
653324,0
653325,0
653326,0
653327,0
653328,0
653329,0
653330,0
653331,0
653332,0
653333,0
653334,0
653335,0
653336,0
653337,0
653338,21
653339,0
653340,0
653341,0
653342,0
653343,0
653344,0
653345,0
653346,0
653347,0
653348,0
653349,0
653350,0
653351,0
653352,0
653353,30
653354,0
653355,0
653356,26
653357,0
653358,0
653359,0
653360,0
653361,0
653362,37
653363,0
653364,0
653365,0
653366,0
653367,0
653368,0
653369,0
653370,0
653371,0
653372,0
653373,0
653374,0
653375,0
653376,0
653377,0
653378,0
653379,0
653380,0
653381,0
653382,0
653383,0
653384,0
653385,0
653386,0
653387,0
653388,0
653389,0
653390,0
653391,0
653392,0
653393,0
653394,0
653395,0
653396,0
653397,0
653398,0
653399,0
653400,0
653401,0
653402,33
653403,0
653404,0
653405,0
653406,0
653407,0
653408,0
653409,0
653410,0
653411,0
653412,27
653413,0
653414,0
653415,0
653416,0
653417,0
653418,0
653419,0
653420,0
653421,0
653422,0
653423,0
653424,28
653425,0
653426,0
653427,0
653428,0
653429,0
653430,20
653431,30
653432,0
653433,0
653434,0
653435,0
653436,0
653437,0
653438,0
653439,0
653440,0
653441,0
653442,15
653443,0
653444,0
653445,0
653446,0
653447,0
653448,0
653449,0
653450,22
653451,0
653452,21
653453,0
653454,0
653455,0
653456,0
653457,0
653458,0
653459,0
653460,0
653461,0
653462,0
653463,24
653464,18
653465,0
653466,0
653467,0
653468,0
653469,26
653470,0
653471,0
653472,0
653473,0
653474,0
653475,0
653476,22
653477,14
653478,0
653479,0
653480,0
653481,0
653482,0
653483,0
653484,0
653485,0
653486,19
653487,0
653488,0
653489,0
653490,0
653491,0
653492,20
653493,0
653494,0
653495,0
653496,24
653497,0
653498,0
653499,0
653500,0
653501,0
653502,0
653503,0
653504,0
653505,0
653506,0
653507,0
653508,0
653509,30
653510,25
653511,0
653512,0
653513,0
653514,0
653515,0
653516,0
653517,0
653518,0
653519,0
653520,0
653521,17
653522,14
653523,0
653524,27
653525,0
653526,0
653527,0
653528,0
653529,0
653530,0
653531,0
653532,0
653533,0
653534,0
653535,0
653536,0
653537,0
653538,0
653539,0
653540,0
653541,18
653542,0
653543,0
653544,27
653545,0
653546,25
653547,0
653548,0
653549,19
653550,0
653551,0
653552,0
653553,0
653554,0
653555,22
653556,0
653557,0
653558,0
653559,29
653560,0
653561,28
653562,0
653563,0
653564,0
653565,0
653566,0
653567,44
653568,0
653569,0
653570,0
653571,0
653572,0
653573,0
653574,0
653575,35
653576,19
653577,0
653578,0
653579,0
653580,0
653581,0
653582,0
653583,0
653584,0
653585,0
653586,0
653587,0
653588,0
653589,0
653590,0
653591,23
653592,0
653593,0
653594,0
653595,0
653596,13
653597,0
653598,0
653599,0
653600,0
653601,0
653602,0
653603,0
653604,0
653605,31
653606,23
653607,23
653608,0
653609,0
653610,0
653611,0
653612,0
653613,0
653614,0
653615,0
653616,0
653617,0
653618,0
653619,26
653620,0
653621,0
653622,29
653623,0
653624,0
653625,0
653626,0
653627,0
653628,0
653629,33
653630,0
653631,0
653632,0
653633,16
653634,0
653635,0
653636,32
653637,0
653638,0
653639,0
653640,0
653641,36
653642,0
653643,0
653644,0
653645,27
653646,0
653647,0
653648,0
653649,29
653650,0
653651,0
653652,35
653653,0
653654,0
653655,0
653656,0
653657,0
653658,0
653659,0
653660,0
653661,0
653662,0
653663,0
653664,0
653665,0
653666,0
653667,0
653668,0
653669,0
653670,0
653671,0
653672,0
653673,27
653674,0
653675,0
653676,0
653677,0
653678,0
653679,0
653680,0
653681,0
653682,0
653683,25
653684,0
653685,0
653686,0
653687,21
653688,0
653689,0
653690,30
653691,0
653692,0
653693,0
653694,0
653695,0
653696,0
653697,0
653698,0
653699,0
653700,22
653701,0
653702,20
653703,0
653704,37
653705,21
653706,20
653707,0
653708,0
653709,21
653710,0
653711,29
653712,0
653713,0
653714,0
653715,0
653716,0
653717,0
653718,0
653719,0
653720,11
653721,0
653722,0
653723,0
653724,0
653725,0
653726,0
653727,0
653728,0
653729,0
653730,0
653731,0
653732,22
653733,0
653734,0
653735,0
653736,0
653737,0
653738,39
653739,0
653740,0
653741,0
653742,21
653743,0
653744,0
653745,0
653746,0
653747,43
653748,0
653749,0
653750,0
653751,0
653752,0
653753,0
653754,0
653755,0
653756,26
653757,0
653758,0
653759,0
653760,23
653761,0
653762,0
653763,0
653764,23
653765,0
653766,0
653767,0
653768,0
653769,0
653770,0
653771,0
653772,0
653773,25
653774,15
653775,0
653776,0
653777,0
653778,0
653779,0
653780,29
653781,0
653782,0
653783,0
653784,0
653785,0
653786,0
653787,0
653788,25
653789,16
653790,0
653791,23
653792,0
653793,0
653794,0
653795,0
653796,0
653797,0
653798,0
653799,0
653800,0
653801,0
653802,0
653803,0
653804,0
653805,0
653806,0
653807,0
653808,25
653809,0
653810,0
653811,0
653812,0
653813,0
653814,0
653815,0
653816,0
653817,0
653818,0
653819,0
653820,0
653821,0
653822,0
653823,17
653824,0
653825,0
653826,0
653827,0
653828,0
653829,0
653830,0
653831,0
653832,31
653833,0
653834,22
653835,0
653836,0
653837,0
653838,0
653839,0
653840,0
653841,0
653842,34
653843,0
653844,0
653845,38
653846,0
653847,0
653848,0
653849,25
653850,33
653851,0
653852,0
653853,0
653854,35
653855,0
653856,46
653857,0
653858,0
653859,24
653860,23
653861,0
653862,0
653863,0
653864,0
653865,0
653866,38
653867,0
653868,0
653869,0
653870,27
653871,0
653872,0
653873,0
653874,0
653875,19
653876,0
653877,0
653878,0
653879,0
653880,32
653881,0
653882,0
653883,38
653884,0
653885,0
653886,0
653887,23
653888,0
653889,0
653890,0
653891,0
653892,28
653893,0
653894,0
653895,0
653896,0
653897,0
653898,0
653899,0
653900,22
653901,0
653902,0
653903,0
653904,0
653905,25
653906,0
653907,0
653908,0
653909,0
653910,0
653911,0
653912,0
653913,0
653914,0
653915,0
653916,0
653917,28
653918,0
653919,0
653920,0
653921,0
653922,20
653923,0
653924,0
653925,0
653926,0
653927,0
653928,0
653929,0
653930,35
653931,0
653932,0
653933,0
653934,0
653935,0
653936,0
653937,0
653938,0
653939,0
653940,0
653941,0
653942,0
653943,0
653944,0
653945,0
653946,0
653947,0
653948,0
653949,0
653950,0
653951,0
653952,0
653953,0
653954,0
653955,0
653956,0
653957,0
653958,0
653959,0
653960,0
653961,0
653962,0
653963,0
653964,0
653965,0
653966,0
653967,0
653968,0
653969,0
653970,0
653971,0
653972,37
653973,0
653974,0
653975,41
653976,0
653977,0
653978,0
653979,0
653980,0
653981,0
653982,25
653983,0
653984,0
653985,28
653986,0
653987,0
653988,0
653989,22
653990,0
653991,27
653992,0
653993,0
653994,0
653995,20
653996,0
653997,0
653998,0
653999,0
654000,16
654001,30
654002,0
654003,15
654004,0
654005,0
654006,0
654007,0
654008,26
654009,0
654010,0
654011,0
654012,0
654013,0
654014,0
654015,18
654016,0
654017,0
654018,27
654019,35
654020,0
654021,0
654022,0
654023,0
654024,0
654025,0
654026,26
654027,0
654028,0
654029,33
654030,0
654031,0
654032,0
654033,0
654034,0
654035,42
654036,33
654037,34
654038,0
654039,0
654040,0
654041,0
654042,0
654043,34
654044,0
654045,0
654046,0
654047,0
654048,0
654049,27
654050,0
654051,19
654052,0
654053,0
654054,0
654055,0
654056,0
654057,0
654058,0
654059,0
654060,0
654061,31
654062,23
654063,0
654064,0
654065,0
654066,0
654067,19
654068,0
654069,0
654070,0
654071,0
654072,0
654073,0
654074,0
654075,0
654076,0
654077,0
654078,0
654079,0
654080,0
654081,28
654082,0
654083,27
654084,0
654085,0
654086,17
654087,0
654088,0
654089,0
654090,0
654091,0
654092,0
654093,0
654094,0
654095,0
654096,0
654097,0
654098,40
654099,0
654100,24
654101,0
654102,0
654103,0
654104,0
654105,0
654106,0
654107,0
654108,0
654109,0
654110,0
654111,0
654112,17
654113,0
654114,0
654115,0
654116,0
654117,0
654118,0
654119,0
654120,0
654121,30
654122,0
654123,0
654124,0
654125,0
654126,22
654127,0
654128,0
654129,0
654130,29
654131,0
654132,0
654133,0
654134,26
654135,0
654136,0
654137,0
654138,22
654139,16
654140,0
654141,0
654142,0
654143,0
654144,31
654145,0
654146,22
654147,0
654148,0
654149,32
654150,0
654151,0
654152,18
654153,0
654154,0
654155,0
654156,0
654157,0
654158,0
654159,0
654160,32
654161,25
654162,0
654163,0
654164,0
654165,0
654166,0
654167,0
654168,0
654169,0
654170,0
654171,0
654172,0
654173,0
654174,0
654175,0
654176,0
654177,0
654178,0
654179,0
654180,0
654181,25
654182,0
654183,0
654184,0
654185,20
654186,0
654187,0
654188,0
654189,0
654190,0
654191,0
654192,35
654193,0
654194,0
654195,14
654196,0
654197,0
654198,0
654199,0
654200,0
654201,0
654202,0
654203,23
654204,0
654205,0
654206,0
654207,0
654208,0
654209,32
654210,0
654211,37
654212,0
654213,0
654214,0
654215,0
654216,0
654217,0
654218,0
654219,0
654220,0
654221,0
654222,0
654223,0
654224,0
654225,25
654226,24
654227,0
654228,28
654229,30
654230,27
654231,0
654232,0
654233,0
654234,0
654235,0
654236,0
654237,32
654238,0
654239,0
654240,0
654241,0
654242,0
654243,0
654244,25
654245,0
654246,20
654247,21
654248,0
654249,0
654250,0
654251,0
654252,33
654253,40
654254,0
654255,0
654256,0
654257,0
654258,0
654259,25
654260,0
654261,0
654262,45
654263,25
654264,0
654265,0
654266,0
654267,0
654268,0
654269,0
654270,0
654271,0
654272,0
654273,0
654274,0
654275,0
654276,0
654277,27
654278,0
654279,0
654280,26
654281,0
654282,23
654283,0
654284,24
654285,0
654286,0
654287,0
654288,0
654289,0
654290,0
654291,0
654292,0
654293,0
654294,0
654295,34
654296,28
654297,0
654298,0
654299,0
654300,0
654301,0
654302,0
654303,36
654304,0
654305,0
654306,0
654307,0
654308,0
654309,16
654310,0
654311,0
654312,0
654313,0
654314,35
654315,0
654316,0
654317,0
654318,0
654319,0
654320,0
654321,0
654322,28
654323,0
654324,0
654325,0
654326,0
654327,0
654328,0
654329,0
654330,0
654331,0
654332,0
654333,0
654334,43
654335,29
654336,0
654337,18
654338,0
654339,0
654340,0
654341,0
654342,0
654343,12
654344,0
654345,23
654346,22
654347,0
654348,0
654349,0
654350,0
654351,0
654352,0
654353,0
654354,0
654355,20
654356,0
654357,0
654358,0
654359,0
654360,0
654361,0
654362,0
654363,0
654364,0
654365,0
654366,0
654367,0
654368,21
654369,0
654370,0
654371,22
654372,0
654373,34
654374,0
654375,0
654376,0
654377,0
654378,0
654379,0
654380,0
654381,23
654382,0
654383,0
654384,0
654385,0
654386,0
654387,34
654388,0
654389,0
654390,30
654391,0
654392,0
654393,34
654394,34
654395,0
654396,0
654397,14
654398,0
654399,0
654400,0
654401,0
654402,0
654403,0
654404,0
654405,19
654406,22
654407,0
654408,0
654409,0
654410,0
654411,0
654412,0
654413,0
654414,0
654415,0
654416,0
654417,0
654418,26
654419,0
654420,0
654421,0
654422,0
654423,0
654424,24
654425,0
654426,0
654427,11
654428,0
654429,0
654430,0
654431,0
654432,0
654433,28
654434,0
654435,35
654436,0
654437,0
654438,0
654439,0
654440,0
654441,0
654442,0
654443,0
654444,0
654445,0
654446,0
654447,0
654448,1
654449,0
654450,0
654451,0
654452,1
654453,0
654454,0
654455,0
654456,0
654457,0
654458,0
654459,0
654460,0
654461,0
654462,0
654463,0
654464,0
654465,0
654466,0
654467,0
654468,0
654469,0
654470,0
654471,0
654472,0
654473,0
654474,1
654475,0
654476,0
654477,0
654478,0
654479,0
654480,0
654481,0
654482,0
654483,0
654484,0
654485,0
654486,0
654487,0
654488,0
654489,0
654490,0
654491,0
654492,0
654493,0
654494,0
654495,0
654496,0
654497,1
654498,0
654499,0
654500,0
654501,0
654502,0
654503,0
654504,0
654505,0
654506,0
654507,0
654508,0
654509,0
654510,0
654511,0
654512,0
654513,0
654514,0
654515,0
654516,0
654517,0
654518,0
654519,0
654520,0
654521,0
654522,0
654523,0
654524,0
654525,0
654526,0
654527,0
654528,0
654529,0
654530,0
654531,0
654532,0
654533,0
654534,0
654535,0
654536,0
654537,0
654538,0
654539,0
654540,0
654541,0
654542,0
654543,0
654544,0
654545,0
654546,0
654547,0
654548,0
654549,0
654550,0
654551,0
654552,0
654553,0
654554,0
654555,0
654556,0
654557,0
654558,0
654559,0
654560,0
654561,0
654562,0
654563,0
654564,0
654565,0
654566,0
654567,0
654568,0
654569,0
654570,0
654571,0
654572,0
654573,0
654574,0
654575,0
654576,0
654577,0
654578,0
654579,0
654580,0
654581,0
654582,0
654583,0
654584,0
654585,0
654586,0
654587,0
654588,0
654589,0
654590,0
654591,0
654592,0
654593,0
654594,0
654595,0
654596,0
654597,0
654598,0
654599,0
654600,0
654601,0
654602,0
654603,0
654604,0
654605,0
654606,0
654607,0
654608,0
654609,0
654610,0
654611,0
654612,0
654613,0
654614,0
654615,0
654616,0
654617,0
654618,0
654619,0
654620,0
654621,0
654622,0
654623,0
654624,0
654625,0
654626,0
654627,0
654628,0
654629,0
654630,0
654631,0
654632,0
654633,0
654634,0
654635,0
654636,0
654637,0
654638,0
654639,0
654640,0
654641,0
654642,0
654643,0
654644,0
654645,0
654646,0
654647,0
654648,0
654649,0
654650,0
654651,0
654652,0
654653,0
654654,0
654655,0
654656,0
654657,0
654658,0
654659,0
654660,0
654661,0
654662,0
654663,0
654664,0
654665,0
654666,0
654667,0
654668,0
654669,0
654670,0
654671,0
654672,0
654673,0
654674,0
654675,0
654676,0
654677,0
654678,0
654679,0
654680,0
654681,0
654682,0
654683,0
654684,0
654685,0
654686,0
654687,0
654688,0
654689,0
654690,0
654691,0
654692,0
654693,1
654694,0
654695,0
654696,0
654697,0
654698,0
654699,0
654700,0
654701,0
654702,0
654703,0
654704,0
654705,1
654706,0
654707,0
654708,0
654709,0
654710,0
654711,0
654712,0
654713,0
654714,0
654715,0
654716,0
654717,0
654718,0
654719,0
654720,0
654721,0
654722,0
654723,0
654724,0
654725,0
654726,0
654727,0
654728,0
654729,0
654730,0
654731,0
654732,0
654733,0
654734,0
654735,0
654736,0
654737,0
654738,0
654739,0
654740,0
654741,0
654742,0
654743,0
654744,0
654745,0
654746,0
654747,0
654748,0
654749,0
654750,0
654751,0
654752,0
654753,0
654754,0
654755,0
654756,0
654757,0
654758,0
654759,0
654760,0
654761,0
654762,0
654763,0
654764,0
654765,0
654766,0
654767,0
654768,0
654769,0
654770,0
654771,0
654772,0
654773,0
654774,0
654775,0
654776,0
654777,0
654778,0
654779,0
654780,0
654781,0
654782,0
654783,0
654784,0
654785,0
654786,0
654787,0
654788,0
654789,0
654790,0
654791,0
654792,0
654793,0
654794,0
654795,0
654796,0
654797,0
654798,0
654799,0
654800,0
654801,0
654802,0
654803,0
654804,0
654805,0
654806,0
654807,0
654808,0
654809,0
654810,0
654811,0
654812,0
654813,1
654814,0
654815,0
654816,0
654817,0
654818,0
654819,0
654820,0
654821,0
654822,0
654823,0
654824,0
654825,0
654826,0
654827,0
654828,0
654829,0
654830,0
654831,0
654832,0
654833,0
654834,0
654835,0
654836,0
654837,0
654838,0
654839,0
654840,0
654841,0
654842,0
654843,0
654844,0
654845,0
654846,8
654847,0
654848,13
654849,0
654850,0
654851,7
654852,0
654853,0
654854,2
654855,0
654856,0
654857,0
654858,0
654859,0
654860,0
654861,5
654862,0
654863,0
654864,0
654865,0
654866,0
654867,0
654868,0
654869,0
654870,0
654871,0
654872,0
654873,0
654874,0
654875,0
654876,0
654877,0
654878,0
654879,11
654880,0
654881,0
654882,0
654883,0
654884,0
654885,0
654886,0
654887,11
654888,0
654889,8
654890,0
654891,0
654892,0
654893,3
654894,6
654895,0
654896,0
654897,0
654898,0
654899,10
654900,0
654901,4
654902,8
654903,0
654904,0
654905,0
654906,0
654907,0
654908,0
654909,0
654910,0
654911,0
654912,0
654913,0
654914,0
654915,0
654916,0
654917,0
654918,0
654919,7
654920,0
654921,0
654922,0
654923,0
654924,0
654925,0
654926,0
654927,0
654928,4
654929,0
654930,0
654931,0
654932,0
654933,0
654934,13
654935,0
654936,0
654937,5
654938,0
654939,0
654940,0
654941,0
654942,0
654943,0
654944,10
654945,13
654946,0
654947,5
654948,0
654949,0
654950,8
654951,0
654952,0
654953,0
654954,0
654955,0
654956,0
654957,0
654958,0
654959,9
654960,9
654961,0
654962,0
654963,8
654964,0
654965,0
654966,0
654967,0
654968,0
654969,0
654970,0
654971,9
654972,0
654973,0
654974,0
654975,0
654976,0
654977,0
654978,0
654979,0
654980,9
654981,0
654982,0
654983,0
654984,0
654985,0
654986,0
654987,0
654988,6
654989,0
654990,0
654991,0
654992,5
654993,0
654994,17
654995,0
654996,0
654997,0
654998,0
654999,0
655000,0
655001,0
655002,0
655003,0
655004,0
655005,0
655006,0
655007,3
655008,0
655009,0
655010,0
655011,0
655012,0
655013,0
655014,0
655015,0
655016,0
655017,0
655018,0
655019,3
655020,0
655021,0
655022,0
655023,0
655024,0
655025,3
655026,0
655027,0
655028,0
655029,10
655030,0
655031,0
655032,0
655033,0
655034,0
655035,0
655036,0
655037,0
655038,0
655039,0
655040,0
655041,0
655042,0
655043,0
655044,8
655045,0
655046,0
655047,0
655048,0
655049,6
655050,0
655051,0
655052,0
655053,0
655054,0
655055,0
655056,0
655057,0
655058,0
655059,0
655060,0
655061,0
655062,5
655063,0
655064,0
655065,0
655066,0
655067,0
655068,9
655069,0
655070,0
655071,8
655072,0
655073,0
655074,0
655075,0
655076,0
655077,0
655078,0
655079,8
655080,0
655081,0
655082,12
655083,0
655084,0
655085,0
655086,0
655087,0
655088,0
655089,0
655090,0
655091,5
655092,0
655093,0
655094,0
655095,3
655096,0
655097,0
655098,0
655099,0
655100,0
655101,6
655102,7
655103,0
655104,0
655105,0
655106,8
655107,0
655108,0
655109,0
655110,11
655111,0
655112,0
655113,0
655114,0
655115,0
655116,0
655117,0
655118,0
655119,0
655120,0
655121,0
655122,0
655123,0
655124,0
655125,0
655126,0
655127,0
655128,0
655129,0
655130,0
655131,0
655132,0
655133,0
655134,0
655135,0
655136,0
655137,0
655138,0
655139,0
655140,0
655141,0
655142,4
655143,0
655144,0
655145,0
655146,0
655147,0
655148,0
655149,0
655150,10
655151,0
655152,0
655153,3
655154,0
655155,0
655156,0
655157,0
655158,0
655159,0
655160,0
655161,0
655162,0
655163,0
655164,0
655165,0
655166,0
655167,0
655168,0
655169,0
655170,0
655171,0
655172,0
655173,0
655174,0
655175,0
655176,0
655177,5
655178,3
655179,0
655180,0
655181,0
655182,0
655183,0
655184,9
655185,0
655186,0
655187,0
655188,8
655189,0
655190,6
655191,0
655192,0
655193,0
655194,0
655195,0
655196,0
655197,0
655198,0
655199,0
655200,0
655201,8
655202,5
655203,0
655204,0
655205,0
655206,0
655207,0
655208,8
655209,0
655210,0
655211,10
655212,0
655213,0
655214,0
655215,0
655216,0
655217,0
655218,0
655219,0
655220,0
655221,0
655222,0
655223,0
655224,0
655225,0
655226,0
655227,0
655228,0
655229,0
655230,0
655231,0
655232,0
655233,7
655234,7
655235,0
655236,0
655237,0
655238,0
655239,0
655240,0
655241,12
655242,0
655243,0
655244,0
655245,0
655246,0
655247,0
655248,0
655249,9
655250,0
655251,4
655252,0
655253,0
655254,7
655255,5
655256,0
655257,0
655258,0
655259,2
655260,0
655261,0
655262,0
655263,0
655264,8
655265,0
655266,0
655267,9
655268,0
655269,0
655270,0
655271,0
655272,0
655273,0
655274,8
655275,0
655276,0
655277,0
655278,5
655279,0
655280,3
655281,0
655282,0
655283,0
655284,0
655285,0
655286,0
655287,11
655288,0
655289,0
655290,0
655291,0
655292,0
655293,0
655294,7
655295,16
655296,0
655297,0
655298,0
655299,0
655300,4
655301,0
655302,0
655303,0
655304,6
655305,0
655306,0
655307,0
655308,0
655309,0
655310,0
655311,0
655312,0
655313,0
655314,5
655315,2
655316,0
655317,9
655318,7
655319,11
655320,0
655321,0
655322,0
655323,0
655324,0
655325,0
655326,0
655327,0
655328,0
655329,0
655330,5
655331,5
655332,0
655333,5
655334,0
655335,0
655336,2
655337,0
655338,0
655339,0
655340,0
655341,0
655342,0
655343,2
655344,0
655345,0
655346,0
655347,0
655348,0
655349,0
655350,0
655351,0
655352,0
655353,7
655354,0
655355,0
655356,0
655357,0
655358,0
655359,0
655360,0
655361,0
655362,5
655363,4
655364,0
655365,0
655366,0
655367,0
655368,0
655369,0
655370,3
655371,0
655372,0
655373,0
655374,0
655375,0
655376,9
655377,0
655378,0
655379,0
655380,0
655381,0
655382,0
655383,0
655384,0
655385,6
655386,0
655387,0
655388,0
655389,0
655390,0
655391,7
655392,0
655393,0
655394,0
655395,0
655396,0
655397,0
655398,0
655399,8
655400,5
655401,0
655402,0
655403,0
655404,0
655405,0
655406,0
655407,0
655408,0
655409,6
655410,0
655411,0
655412,5
655413,5
655414,0
655415,0
655416,0
655417,0
655418,0
655419,0
655420,0
655421,0
655422,0
655423,0
655424,0
655425,0
655426,0
655427,0
655428,0
655429,0
655430,0
655431,0
655432,0
655433,0
655434,0
655435,0
655436,0
655437,0
655438,0
655439,10
655440,0
655441,0
655442,0
655443,0
655444,0
655445,0
655446,0
655447,0
655448,0
655449,0
655450,0
655451,0
655452,0
655453,0
655454,0
655455,0
655456,0
655457,0
655458,0
655459,0
655460,0
655461,0
655462,0
655463,0
655464,0
655465,0
655466,0
655467,0
655468,0
655469,0
655470,0
655471,0
655472,0
655473,0
655474,0
655475,0
655476,6
655477,10
655478,0
655479,0
655480,0
655481,0
655482,0
655483,0
655484,0
655485,0
655486,0
655487,0
655488,0
655489,0
655490,0
655491,4
655492,0
655493,12
655494,9
655495,0
655496,5
655497,0
655498,0
655499,0
655500,0
655501,0
655502,0
655503,0
655504,0
655505,0
655506,0
655507,0
655508,0
655509,2
655510,0
655511,0
655512,0
655513,0
655514,0
655515,0
655516,0
655517,0
655518,0
655519,12
655520,0
655521,0
655522,0
655523,0
655524,0
655525,0
655526,9
655527,0
655528,0
655529,12
655530,0
655531,0
655532,0
655533,0
655534,7
655535,0
655536,0
655537,0
655538,0
655539,7
655540,0
655541,7
655542,0
655543,0
655544,0
655545,0
655546,0
655547,0
655548,0
655549,0
655550,0
655551,0
655552,0
655553,0
655554,0
655555,0
655556,0
655557,0
655558,0
655559,0
655560,0
655561,0
655562,0
655563,0
655564,0
655565,0
655566,0
655567,0
655568,0
655569,0
655570,0
655571,0
655572,0
655573,0
655574,0
655575,0
655576,0
655577,0
655578,0
655579,0
655580,0
655581,5
655582,0
655583,0
655584,0
655585,0
655586,0
655587,0
655588,0
655589,9
655590,0
655591,6
655592,8
655593,0
655594,0
655595,0
655596,0
655597,0
655598,0
655599,0
655600,0
655601,0
655602,0
655603,0
655604,3
655605,0
655606,0
655607,0
655608,0
655609,7
655610,2
655611,0
655612,0
655613,0
655614,0
655615,0
655616,0
655617,0
655618,0
655619,0
655620,0
655621,0
655622,3
655623,0
655624,0
655625,0
655626,0
655627,10
655628,0
655629,0
655630,0
655631,0
655632,0
655633,0
655634,0
655635,0
655636,0
655637,0
655638,0
655639,0
655640,0
655641,0
655642,0
655643,0
655644,9
655645,0
655646,0
655647,0
655648,2
655649,0
655650,0
655651,0
655652,7
655653,0
655654,0
655655,0
655656,4
655657,0
655658,0
655659,0
655660,0
655661,0
655662,0
655663,0
655664,0
655665,0
655666,0
655667,0
655668,0
655669,7
655670,0
655671,10
655672,0
655673,8
655674,3
655675,6
655676,0
655677,7
655678,6
655679,0
655680,0
655681,0
655682,0
655683,0
655684,0
655685,0
655686,0
655687,0
655688,0
655689,0
655690,5
655691,0
655692,0
655693,0
655694,0
655695,0
655696,0
655697,0
655698,0
655699,0
655700,0
655701,21
655702,0
655703,0
655704,0
655705,0
655706,3
655707,7
655708,0
655709,0
655710,0
655711,7
655712,0
655713,0
655714,0
655715,0
655716,0
655717,0
655718,0
655719,0
655720,0
655721,0
655722,0
655723,0
655724,0
655725,0
655726,0
655727,8
655728,0
655729,0
655730,0
655731,0
655732,0
655733,0
655734,0
655735,0
655736,0
655737,0
655738,0
655739,0
655740,0
655741,7
655742,0
655743,12
655744,0
655745,0
655746,0
655747,0
655748,0
655749,0
655750,0
655751,0
655752,0
655753,0
655754,0
655755,0
655756,0
655757,0
655758,0
655759,0
655760,0
655761,0
655762,0
655763,0
655764,0
655765,7
655766,0
655767,0
655768,0
655769,0
655770,0
655771,0
655772,11
655773,0
655774,0
655775,0
655776,0
655777,0
655778,0
655779,0
655780,0
655781,0
655782,0
655783,0
655784,0
655785,0
655786,0
655787,0
655788,26
655789,31
655790,43
655791,0
655792,0
655793,20
655794,0
655795,0
655796,31
655797,0
655798,0
655799,0
655800,0
655801,0
655802,0
655803,0
655804,0
655805,31
655806,31
655807,0
655808,32
655809,0
655810,33
655811,0
655812,0
655813,0
655814,0
655815,0
655816,0
655817,29
655818,0
655819,0
655820,0
655821,0
655822,0
655823,0
655824,0
655825,29
655826,0
655827,0
655828,0
655829,0
655830,0
655831,26
655832,0
655833,0
655834,0
655835,0
655836,27
655837,0
655838,0
655839,0
655840,0
655841,26
655842,33
655843,29
655844,41
655845,41
655846,0
655847,0
655848,0
655849,30
655850,0
655851,0
655852,0
655853,0
655854,32
655855,0
655856,0
655857,0
655858,23
655859,0
655860,40
655861,0
655862,46
655863,0
655864,0
655865,28
655866,0
655867,0
655868,28
655869,0
655870,19
655871,0
655872,0
655873,0
655874,31
655875,0
655876,0
655877,0
655878,0
655879,26
655880,0
655881,0
655882,0
655883,0
655884,0
655885,0
655886,0
655887,0
655888,0
655889,0
655890,49
655891,0
655892,0
655893,0
655894,36
655895,0
655896,0
655897,0
655898,0
655899,0
655900,36
655901,0
655902,0
655903,0
655904,22
655905,0
655906,0
655907,0
655908,0
655909,0
655910,33
655911,24
655912,0
655913,0
655914,23
655915,0
655916,30
655917,0
655918,0
655919,34
655920,39
655921,0
655922,0
655923,42
655924,0
655925,0
655926,0
655927,0
655928,25
655929,33
655930,0
655931,0
655932,32
655933,0
655934,0
655935,0
655936,0
655937,48
655938,0
655939,44
655940,27
655941,0
655942,0
655943,25
655944,29
655945,0
655946,0
655947,0
655948,0
655949,0
655950,0
655951,0
655952,0
655953,30
655954,0
655955,0
655956,25
655957,21
655958,27
655959,31
655960,0
655961,0
655962,28
655963,0
655964,29
655965,0
655966,0
655967,0
655968,38
655969,0
655970,37
655971,0
655972,0
655973,29
655974,0
655975,0
655976,0
655977,33
655978,0
655979,21
655980,25
655981,0
655982,0
655983,0
655984,0
655985,0
655986,0
655987,0
655988,0
655989,0
655990,0
655991,0
655992,0
655993,0
655994,0
655995,0
655996,28
655997,0
655998,33
655999,0
656000,0
656001,0
656002,0
656003,43
656004,52
656005,0
656006,0
656007,0
656008,0
656009,29
656010,26
656011,33
656012,0
656013,0
656014,0
656015,0
656016,18
656017,21
656018,0
656019,0
656020,0
656021,0
656022,0
656023,43
656024,0
656025,0
656026,0
656027,0
656028,43
656029,0
656030,0
656031,0
656032,0
656033,23
656034,33
656035,0
656036,0
656037,34
656038,37
656039,22
656040,0
656041,0
656042,0
656043,29
656044,0
656045,37
656046,0
656047,0
656048,0
656049,0
656050,0
656051,0
656052,27
656053,0
656054,0
656055,28
656056,0
656057,26
656058,0
656059,0
656060,26
656061,0
656062,24
656063,0
656064,28
656065,19
656066,24
656067,0
656068,0
656069,0
656070,20
656071,0
656072,31
656073,33
656074,0
656075,34
656076,24
656077,0
656078,23
656079,0
656080,0
656081,0
656082,0
656083,0
656084,0
656085,0
656086,0
656087,28
656088,0
656089,0
656090,0
656091,34
656092,0
656093,0
656094,0
656095,35
656096,0
656097,0
656098,0
656099,0
656100,0
656101,0
656102,0
656103,28
656104,0
656105,0
656106,0
656107,18
656108,0
656109,0
656110,0
656111,0
656112,0
656113,0
656114,0
656115,0
656116,0
656117,17
656118,0
656119,0
656120,47
656121,0
656122,0
656123,0
656124,0
656125,0
656126,32
656127,0
656128,0
656129,0
656130,0
656131,0
656132,0
656133,0
656134,28
656135,0
656136,40
656137,31
656138,0
656139,19
656140,37
656141,40
656142,18
656143,27
656144,0
656145,26
656146,0
656147,0
656148,0
656149,33
656150,0
656151,0
656152,19
656153,0
656154,27
656155,0
656156,26
656157,0
656158,0
656159,0
656160,0
656161,0
656162,33
656163,24
656164,0
656165,0
656166,0
656167,0
656168,25
656169,0
656170,0
656171,0
656172,36
656173,0
656174,26
656175,0
656176,35
656177,0
656178,26
656179,0
656180,0
656181,38
656182,12
656183,22
656184,0
656185,25
656186,0
656187,0
656188,0
656189,0
656190,0
656191,0
656192,0
656193,0
656194,0
656195,0
656196,0
656197,0
656198,0
656199,0
656200,27
656201,37
656202,0
656203,0
656204,33
656205,27
656206,0
656207,0
656208,32
656209,0
656210,0
656211,0
656212,0
656213,0
656214,0
656215,0
656216,0
656217,0
656218,34
656219,0
656220,15
656221,0
656222,0
656223,0
656224,0
656225,38
656226,0
656227,19
656228,0
656229,28
656230,0
656231,31
656232,0
656233,34
656234,0
656235,0
656236,0
656237,0
656238,0
656239,0
656240,0
656241,0
656242,0
656243,0
656244,0
656245,28
656246,0
656247,40
656248,0
656249,0
656250,0
656251,0
656252,0
656253,10
656254,0
656255,0
656256,39
656257,25
656258,0
656259,0
656260,0
656261,0
656262,0
656263,0
656264,26
656265,17
656266,0
656267,16
656268,0
656269,0
656270,13
656271,0
656272,0
656273,0
656274,0
656275,0
656276,0
656277,0
656278,0
656279,0
656280,0
656281,37
656282,0
656283,0
656284,0
656285,0
656286,0
656287,0
656288,0
656289,0
656290,0
656291,0
656292,0
656293,0
656294,39
656295,0
656296,17
656297,27
656298,36
656299,0
656300,0
656301,30
656302,36
656303,0
656304,34
656305,0
656306,0
656307,0
656308,0
656309,0
656310,0
656311,35
656312,0
656313,0
656314,0
656315,29
656316,0
656317,0
656318,0
656319,0
656320,23
656321,0
656322,0
656323,0
656324,0
656325,30
656326,0
656327,0
656328,0
656329,0
656330,0
656331,39
656332,33
656333,0
656334,0
656335,0
656336,0
656337,34
656338,27
656339,34
656340,0
656341,0
656342,0
656343,0
656344,24
656345,0
656346,0
656347,0
656348,23
656349,43
656350,0
656351,0
656352,33
656353,0
656354,29
656355,31
656356,0
656357,0
656358,25
656359,34
656360,0
656361,0
656362,0
656363,0
656364,0
656365,29
656366,0
656367,0
656368,0
656369,25
656370,40
656371,0
656372,26
656373,29
656374,32
656375,0
656376,0
656377,0
656378,0
656379,0
656380,0
656381,0
656382,26
656383,27
656384,0
656385,0
656386,0
656387,24
656388,25
656389,33
656390,0
656391,28
656392,0
656393,0
656394,0
656395,0
656396,0
656397,27
656398,39
656399,0
656400,38
656401,0
656402,0
656403,0
656404,18
656405,0
656406,0
656407,0
656408,0
656409,0
656410,0
656411,0
656412,0
656413,0
656414,32
656415,34
656416,0
656417,0
656418,28
656419,0
656420,20
656421,0
656422,31
656423,0
656424,0
656425,0
656426,0
656427,0
656428,0
656429,0
656430,0
656431,19
656432,20
656433,0
656434,0
656435,0
656436,0
656437,0
656438,39
656439,0
656440,0
656441,0
656442,0
656443,0
656444,0
656445,25
656446,26
656447,31
656448,0
656449,0
656450,0
656451,0
656452,0
656453,29
656454,0
656455,33
656456,38
656457,28
656458,0
656459,43
656460,0
656461,20
656462,31
656463,30
656464,0
656465,0
656466,0
656467,25
656468,0
656469,23
656470,28
656471,0
656472,18
656473,0
656474,19
656475,40
656476,0
656477,0
656478,0
656479,0
656480,26
656481,37
656482,0
656483,0
656484,32
656485,0
656486,0
656487,0
656488,39
656489,0
656490,24
656491,0
656492,0
656493,0
656494,40
656495,33
656496,31
656497,0
656498,0
656499,0
656500,0
656501,0
656502,0
656503,0
656504,0
656505,0
656506,0
656507,0
656508,0
656509,0
656510,0
656511,0
656512,0
656513,0
656514,0
656515,0
656516,0
656517,0
656518,0
656519,0
656520,0
656521,0
656522,0
656523,0
656524,0
656525,0
656526,0
656527,0
656528,0
656529,0
656530,0
656531,0
656532,0
656533,0
656534,0
656535,0
656536,0
656537,0
656538,0
656539,0
656540,0
656541,0
656542,0
656543,0
656544,0
656545,0
656546,0
656547,0
656548,0
656549,0
656550,0
656551,0
656552,0
656553,0
656554,0
656555,0
656556,0
656557,0
656558,0
656559,0
656560,0
656561,0
656562,0
656563,0
656564,0
656565,0
656566,0
656567,0
656568,0
656569,0
656570,0
656571,0
656572,0
656573,0
656574,0
656575,0
656576,0
656577,0
656578,0
656579,0
656580,0
656581,1
656582,0
656583,0
656584,0
656585,0
656586,0
656587,0
656588,0
656589,0
656590,0
656591,0
656592,0
656593,0
656594,0
656595,0
656596,0
656597,0
656598,0
656599,0
656600,0
656601,0
656602,0
656603,0
656604,0
656605,0
656606,0
656607,1
656608,0
656609,0
656610,0
656611,0
656612,0
656613,0
656614,0
656615,0
656616,0
656617,0
656618,0
656619,0
656620,0
656621,0
656622,0
656623,0
656624,0
656625,0
656626,0
656627,0
656628,0
656629,0
656630,0
656631,0
656632,0
656633,0
656634,0
656635,0
656636,0
656637,0
656638,0
656639,0
656640,0
656641,0
656642,0
656643,0
656644,1
656645,0
656646,0
656647,1
656648,0
656649,0
656650,0
656651,0
656652,0
656653,0
656654,0
656655,0
656656,2
656657,0
656658,0
656659,0
656660,0
656661,0
656662,0
656663,0
656664,0
656665,0
656666,0
656667,0
656668,0
656669,0
656670,0
656671,0
656672,0
656673,0
656674,0
656675,0
656676,0
656677,0
656678,0
656679,0
656680,0
656681,0
656682,0
656683,0
656684,0
656685,0
656686,0
656687,0
656688,0
656689,1
656690,0
656691,0
656692,0
656693,0
656694,0
656695,0
656696,0
656697,0
656698,0
656699,0
656700,0
656701,0
656702,1
656703,0
656704,0
656705,1
656706,0
656707,0
656708,0
656709,0
656710,0
656711,0
656712,0
656713,0
656714,1
656715,0
656716,0
656717,2
656718,0
656719,0
656720,0
656721,0
656722,0
656723,0
656724,0
656725,0
656726,0
656727,0
656728,0
656729,0
656730,0
656731,0
656732,0
656733,0
656734,0
656735,0
656736,0
656737,0
656738,0
656739,0
656740,0
656741,2
656742,0
656743,0
656744,1
656745,0
656746,1
656747,0
656748,0
656749,0
656750,1
656751,0
656752,0
656753,0
656754,0
656755,0
656756,0
656757,0
656758,0
656759,0
656760,0
656761,2
656762,0
656763,0
656764,0
656765,0
656766,0
656767,1
656768,0
656769,0
656770,0
656771,0
656772,0
656773,1
656774,0
656775,0
656776,0
656777,0
656778,0
656779,0
656780,0
656781,0
656782,0
656783,0
656784,0
656785,0
656786,0
656787,0
656788,0
656789,0
656790,0
656791,0
656792,0
656793,0
656794,0
656795,0
656796,0
656797,0
656798,0
656799,0
656800,1
656801,1
656802,0
656803,0
656804,0
656805,0
656806,0
656807,0
656808,0
656809,0
656810,0
656811,0
656812,0
656813,0
656814,0
656815,0
656816,0
656817,0
656818,0
656819,0
656820,0
656821,0
656822,0
656823,0
656824,0
656825,0
656826,0
656827,0
656828,1
656829,0
656830,0
656831,0
656832,0
656833,0
656834,0
656835,0
656836,0
656837,1
656838,0
656839,0
656840,0
656841,0
656842,0
656843,0
656844,0
656845,0
656846,0
656847,0
656848,0
656849,0
656850,0
656851,0
656852,0
656853,0
656854,0
656855,0
656856,0
656857,0
656858,0
656859,0
656860,0
656861,0
656862,0
656863,0
656864,0
656865,0
656866,0
656867,0
656868,0
656869,1
656870,1
656871,0
656872,0
656873,0
656874,0
656875,0
656876,0
656877,0
656878,2
656879,0
656880,0
656881,0
656882,0
656883,0
656884,0
656885,0
656886,0
656887,0
656888,0
656889,0
656890,0
656891,0
656892,0
656893,0
656894,0
656895,0
656896,0
656897,0
656898,0
656899,1
656900,0
656901,0
656902,0
656903,0
656904,0
656905,0
656906,0
656907,0
656908,0
656909,0
656910,0
656911,0
656912,0
656913,0
656914,0
656915,0
656916,0
656917,0
656918,0
656919,0
656920,0
656921,0
656922,0
656923,0
656924,0
656925,1
656926,0
656927,0
656928,0
656929,0
656930,0
656931,0
656932,0
656933,0
656934,0
656935,0
656936,0
656937,0
656938,0
656939,0
656940,0
656941,1
656942,0
656943,0
656944,0
656945,0
656946,0
656947,0
656948,0
656949,0
656950,0
656951,0
656952,0
656953,0
656954,0
656955,0
656956,0
656957,0
656958,0
656959,0
656960,0
656961,0
656962,0
656963,0
656964,0
656965,0
656966,0
656967,0
656968,0
656969,0
656970,0
656971,0
656972,0
656973,0
656974,0
656975,0
656976,0
656977,0
656978,0
656979,0
656980,0
656981,0
656982,0
656983,0
656984,0
656985,0
656986,0
656987,0
656988,0
656989,0
656990,0
656991,0
656992,0
656993,0
656994,0
656995,0
656996,0
656997,0
656998,0
656999,0
657000,0
657001,0
657002,0
657003,0
657004,0
657005,0
657006,0
657007,0
657008,0
657009,0
657010,0
657011,0
657012,0
657013,0
657014,0
657015,0
657016,0
657017,0
657018,0
657019,0
657020,0
657021,0
657022,0
657023,0
657024,0
657025,0
657026,0
657027,0
657028,0
657029,0
657030,0
657031,0
657032,0
657033,0
657034,0
657035,0
657036,0
657037,0
657038,0
657039,0
657040,0
657041,0
657042,0
657043,0
657044,0
657045,0
657046,0
657047,0
657048,0
657049,0
657050,0
657051,0
657052,0
657053,0
657054,0
657055,0
657056,0
657057,0
657058,0
657059,0
657060,0
657061,0
657062,0
657063,0
657064,0
657065,0
657066,0
657067,0
657068,0
657069,0
657070,0
657071,0
657072,0
657073,0
657074,0
657075,0
657076,0
657077,0
657078,0
657079,0
657080,1
657081,0
657082,0
657083,0
657084,0
657085,0
657086,0
657087,0
657088,0
657089,0
657090,0
657091,0
657092,0
657093,0
657094,0
657095,0
657096,1
657097,1
657098,0
657099,0
657100,0
657101,0
657102,0
657103,0
657104,0
657105,0
657106,0
657107,0
657108,0
657109,0
657110,0
657111,0
657112,0
657113,0
657114,0
657115,0
657116,0
657117,0
657118,0
657119,0
657120,13
657121,0
657122,0
657123,0
657124,10
657125,0
657126,0
657127,8
657128,8
657129,7
657130,6
657131,0
657132,6
657133,0
657134,0
657135,11
657136,9
657137,0
657138,0
657139,0
657140,0
657141,0
657142,0
657143,0
657144,0
657145,8
657146,6
657147,0
657148,0
657149,0
657150,0
657151,0
657152,0
657153,0
657154,8
657155,0
657156,0
657157,3
657158,0
657159,0
657160,0
657161,0
657162,0
657163,14
657164,0
657165,11
657166,0
657167,8
657168,0
657169,5
657170,0
657171,0
657172,0
657173,5
657174,0
657175,0
657176,0
657177,0
657178,0
657179,0
657180,18
657181,0
657182,0
657183,0
657184,0
657185,0
657186,0
657187,0
657188,34
657189,24
657190,0
657191,0
657192,0
657193,0
657194,0
657195,0
657196,0
657197,27
657198,0
657199,0
657200,0
657201,33
657202,0
657203,0
657204,0
657205,36
657206,0
657207,34
657208,0
657209,0
657210,0
657211,46
657212,0
657213,0
657214,35
657215,0
657216,0
657217,33
657218,0
657219,30
657220,0
657221,34
657222,0
657223,0
657224,0
657225,42
657226,30
657227,27
657228,13
657229,32
657230,0
657231,0
657232,37
657233,0
657234,0
657235,0
657236,0
657237,0
657238,44
657239,33
657240,0
657241,0
657242,0
657243,0
657244,0
657245,38
657246,0
657247,0
657248,27
657249,0
657250,0
657251,0
657252,0
657253,0
657254,0
657255,34
657256,25
657257,38
657258,39
657259,0
657260,0
657261,0
657262,0
657263,47
657264,0
657265,18
657266,0
657267,42
657268,0
657269,0
657270,0
657271,31
657272,0
657273,0
657274,33
657275,0
657276,0
657277,24
657278,0
657279,35
657280,0
657281,0
657282,0
657283,0
657284,0
657285,0
657286,0
657287,29
657288,0
657289,30
657290,34
657291,0
657292,0
657293,0
657294,0
657295,0
657296,0
657297,29
657298,0
657299,0
657300,0
657301,0
657302,0
657303,0
657304,0
657305,41
657306,29
657307,0
657308,36
657309,30
657310,0
657311,39
657312,0
657313,0
657314,0
657315,0
657316,0
657317,0
657318,57
657319,0
657320,40
657321,43
657322,23
657323,0
657324,0
657325,0
657326,0
657327,38
657328,0
657329,29
657330,38
657331,0
657332,0
657333,36
657334,27
657335,0
657336,0
657337,0
657338,0
657339,0
657340,0
657341,0
657342,31
657343,0
657344,40
657345,0
657346,0
657347,0
657348,0
657349,0
657350,0
657351,0
657352,32
657353,37
657354,0
657355,32
657356,0
657357,0
657358,0
657359,35
657360,0
657361,0
657362,0
657363,0
657364,30
657365,0
657366,0
657367,0
657368,34
657369,42
657370,0
657371,0
657372,0
657373,46
657374,37
657375,26
657376,0
657377,0
657378,0
657379,0
657380,27
657381,0
657382,34
657383,0
657384,32
657385,0
657386,37
657387,0
657388,44
657389,0
657390,33
657391,0
657392,0
657393,0
657394,0
657395,0
657396,33
657397,0
657398,36
657399,0
657400,0
657401,39
657402,0
657403,0
657404,0
657405,0
657406,26
657407,0
657408,0
657409,0
657410,35
657411,0
657412,0
657413,36
657414,35
657415,0
657416,40
657417,25
657418,0
657419,27
657420,0
657421,0
657422,0
657423,0
657424,0
657425,0
657426,0
657427,0
657428,32
657429,0
657430,0
657431,0
657432,0
657433,0
657434,0
657435,52
657436,30
657437,0
657438,0
657439,37
657440,47
657441,17
657442,0
657443,0
657444,36
657445,0
657446,56
657447,34
657448,0
657449,0
657450,0
657451,0
657452,0
657453,0
657454,0
657455,51
657456,0
657457,0
657458,0
657459,0
657460,44
657461,0
657462,0
657463,0
657464,0
657465,48
657466,0
657467,38
657468,0
657469,0
657470,33
657471,49
657472,32
657473,0
657474,0
657475,0
657476,0
657477,0
657478,27
657479,34
657480,0
657481,45
657482,0
657483,0
657484,48
657485,0
657486,0
657487,47
657488,36
657489,0
657490,0
657491,0
657492,0
657493,0
657494,39
657495,0
657496,44
657497,0
657498,0
657499,26
657500,0
657501,0
657502,0
657503,0
657504,0
657505,0
657506,27
657507,0
657508,0
657509,38
657510,0
657511,35
657512,0
657513,0
657514,0
657515,0
657516,40
657517,0
657518,0
657519,0
657520,0
657521,51
657522,0
657523,37
657524,0
657525,30
657526,0
657527,0
657528,26
657529,0
657530,34
657531,46
657532,23
657533,0
657534,0
657535,36
657536,0
657537,0
657538,0
657539,0
657540,45
657541,0
657542,0
657543,0
657544,0
657545,0
657546,0
657547,0
657548,0
657549,0
657550,0
657551,0
657552,57
657553,0
657554,0
657555,0
657556,0
657557,0
657558,53
657559,0
657560,0
657561,0
657562,0
657563,30
657564,0
657565,0
657566,26
657567,0
657568,0
657569,0
657570,0
657571,0
657572,0
657573,0
657574,36
657575,24
657576,0
657577,0
657578,0
657579,35
657580,0
657581,23
657582,0
657583,47
657584,32
657585,0
657586,27
657587,0
657588,48
657589,27
657590,0
657591,0
657592,0
657593,36
657594,0
657595,0
657596,0
657597,0
657598,29
657599,0
657600,0
657601,0
657602,0
657603,0
657604,0
657605,0
657606,0
657607,0
657608,0
657609,0
657610,0
657611,0
657612,0
657613,0
657614,0
657615,26
657616,0
657617,0
657618,47
657619,0
657620,34
657621,0
657622,0
657623,0
657624,0
657625,0
657626,0
657627,0
657628,0
657629,46
657630,0
657631,0
657632,39
657633,0
657634,0
657635,38
657636,36
657637,0
657638,0
657639,30
657640,38
657641,0
657642,32
657643,0
657644,0
657645,0
657646,40
657647,0
657648,0
657649,42
657650,42
657651,28
657652,0
657653,0
657654,0
657655,0
657656,0
657657,0
657658,0
657659,0
657660,0
657661,0
657662,0
657663,0
657664,0
657665,0
657666,0
657667,0
657668,0
657669,0
657670,0
657671,29
657672,0
657673,0
657674,34
657675,44
657676,28
657677,31
657678,0
657679,0
657680,0
657681,48
657682,45
657683,35
657684,33
657685,0
657686,0
657687,27
657688,0
657689,0
657690,39
657691,32
657692,0
657693,0
657694,29
657695,0
657696,0
657697,38
657698,41
657699,34
657700,35
657701,0
657702,0
657703,0
657704,0
657705,43
657706,0
657707,0
657708,42
657709,39
657710,0
657711,0
657712,34
657713,32
657714,0
657715,39
657716,37
657717,0
657718,0
657719,0
657720,41
657721,0
657722,0
657723,50
657724,0
657725,0
657726,0
657727,42
657728,0
657729,48
657730,0
657731,0
657732,31
657733,0
657734,37
657735,37
657736,45
657737,0
657738,0
657739,0
657740,0
657741,40
657742,0
657743,0
657744,30
657745,0
657746,0
657747,0
657748,0
657749,48
657750,0
657751,39
657752,0
657753,41
657754,42
657755,45
657756,0
657757,38
657758,38
657759,0
657760,32
657761,0
657762,0
657763,0
657764,0
657765,22
657766,47
657767,25
657768,28
657769,47
657770,0
657771,33
657772,0
657773,36
657774,0
657775,0
657776,0
657777,0
657778,0
657779,0
657780,0
657781,0
657782,0
657783,26
657784,0
657785,49
657786,33
657787,0
657788,41
657789,42
657790,47
657791,0
657792,0
657793,0
657794,0
657795,0
657796,0
657797,0
657798,0
657799,39
657800,44
657801,0
657802,0
657803,31
657804,0
657805,0
657806,0
657807,31
657808,0
657809,0
657810,0
657811,0
657812,28
657813,0
657814,26
657815,0
657816,34
657817,0
657818,0
657819,40
657820,0
657821,0
657822,0
657823,0
657824,0
657825,0
657826,0
657827,0
657828,36
657829,0
657830,0
657831,0
657832,39
657833,0
657834,0
657835,0
657836,39
657837,0
657838,0
657839,0
657840,23
657841,0
657842,0
657843,43
657844,0
657845,0
657846,0
657847,49
657848,0
657849,0
657850,0
657851,0
657852,0
657853,0
657854,0
657855,0
657856,33
657857,0
657858,0
657859,0
657860,0
657861,0
657862,0
657863,0
657864,0
657865,47
657866,0
657867,0
657868,0
657869,0
657870,0
657871,0
657872,0
657873,0
657874,0
657875,0
657876,0
657877,0
657878,0
657879,0
657880,0
657881,0
657882,0
657883,23
657884,0
657885,0
657886,41
657887,0
657888,28
657889,23
657890,16
657891,0
657892,0
657893,0
657894,0
657895,33
657896,0
657897,0
657898,33
657899,34
657900,0
657901,0
657902,0
657903,0
657904,0
657905,0
657906,0
657907,0
657908,0
657909,0
657910,0
657911,0
657912,0
657913,0
657914,0
657915,0
657916,0
657917,0
657918,0
657919,0
657920,0
657921,0
657922,21
657923,0
657924,0
657925,0
657926,0
657927,0
657928,0
657929,30
657930,0
657931,0
657932,0
657933,0
657934,0
657935,0
657936,0
657937,25
657938,0
657939,0
657940,0
657941,23
657942,0
657943,0
657944,0
657945,19
657946,0
657947,0
657948,26
657949,20
657950,0
657951,0
657952,0
657953,0
657954,0
657955,37
657956,0
657957,0
657958,0
657959,0
657960,0
657961,16
657962,0
657963,0
657964,0
657965,0
657966,0
657967,0
657968,0
657969,24
657970,33
657971,0
657972,0
657973,29
657974,0
657975,0
657976,0
657977,0
657978,16
657979,0
657980,0
657981,0
657982,34
657983,0
657984,0
657985,0
657986,0
657987,0
657988,0
657989,34
657990,17
657991,0
657992,0
657993,0
657994,17
657995,0
657996,0
657997,0
657998,21
657999,0
658000,0
658001,0
658002,0
658003,0
658004,0
658005,0
658006,21
658007,26
658008,0
658009,0
658010,21
658011,0
658012,33
658013,30
658014,0
658015,0
658016,0
658017,0
658018,0
658019,0
658020,27
658021,23
658022,0
658023,0
658024,0
658025,0
658026,0
658027,0
658028,0
658029,0
658030,0
658031,0
658032,0
658033,0
658034,0
658035,0
658036,0
658037,0
658038,0
658039,0
658040,14
658041,0
658042,0
658043,0
658044,30
658045,0
658046,0
658047,0
658048,0
658049,0
658050,0
658051,31
658052,0
658053,0
658054,25
658055,24
658056,0
658057,0
658058,0
658059,0
658060,0
658061,0
658062,0
658063,0
658064,0
658065,19
658066,0
658067,0
658068,17
658069,0
658070,0
658071,0
658072,0
658073,28
658074,0
658075,0
658076,0
658077,0
658078,23
658079,32
658080,0
658081,0
658082,0
658083,0
658084,0
658085,0
658086,0
658087,23
658088,0
658089,0
658090,27
658091,0
658092,28
658093,0
658094,0
658095,0
658096,0
658097,0
658098,0
658099,0
658100,0
658101,0
658102,0
658103,23
658104,0
658105,0
658106,0
658107,0
658108,0
658109,0
658110,27
658111,0
658112,0
658113,0
658114,0
658115,0
658116,0
658117,0
658118,0
658119,0
658120,0
658121,0
658122,26
658123,0
658124,0
658125,0
658126,0
658127,0
658128,0
658129,0
658130,0
658131,0
658132,0
658133,0
658134,0
658135,28
658136,0
658137,0
658138,0
658139,0
658140,0
658141,0
658142,33
658143,0
658144,0
658145,0
658146,0
658147,0
658148,0
658149,0
658150,0
658151,0
658152,0
658153,15
658154,0
658155,12
658156,33
658157,0
658158,0
658159,0
658160,0
658161,0
658162,0
658163,0
658164,0
658165,0
658166,0
658167,0
658168,0
658169,0
658170,0
658171,0
658172,0
658173,0
658174,0
658175,25
658176,0
658177,32
658178,19
658179,0
658180,23
658181,0
658182,0
658183,0
658184,0
658185,0
658186,0
658187,0
658188,0
658189,0
658190,17
658191,0
658192,0
658193,0
658194,22
658195,0
658196,0
658197,0
658198,25
658199,0
658200,0
658201,32
658202,0
658203,0
658204,0
658205,0
658206,0
658207,0
658208,0
658209,0
658210,0
658211,0
658212,0
658213,0
658214,0
658215,0
658216,0
658217,0
658218,0
658219,0
658220,0
658221,34
658222,0
658223,0
658224,0
658225,0
658226,0
658227,0
658228,0
658229,0
658230,0
658231,0
658232,0
658233,0
658234,0
658235,0
658236,0
658237,0
658238,0
658239,25
658240,0
658241,0
658242,0
658243,0
658244,21
658245,0
658246,0
658247,0
658248,0
658249,0
658250,0
658251,0
658252,11
658253,0
658254,0
658255,21
658256,29
658257,0
658258,0
658259,0
658260,0
658261,0
658262,0
658263,0
658264,0
658265,0
658266,0
658267,0
658268,0
658269,0
658270,0
658271,18
658272,0
658273,0
658274,0
658275,0
658276,0
658277,0
658278,0
658279,0
658280,0
658281,0
658282,0
658283,0
658284,0
658285,0
658286,0
658287,0
658288,0
658289,0
658290,19
658291,0
658292,0
658293,0
658294,0
658295,0
658296,0
658297,0
658298,19
658299,0
658300,0
658301,21
658302,0
658303,0
658304,0
658305,0
658306,40
658307,0
658308,0
658309,0
658310,0
658311,0
658312,0
658313,0
658314,0
658315,0
658316,0
658317,0
658318,0
658319,0
658320,0
658321,0
658322,0
658323,0
658324,22
658325,0
658326,0
658327,0
658328,0
658329,0
658330,0
658331,0
658332,0
658333,0
658334,0
658335,0
658336,0
658337,0
658338,22
658339,0
658340,0
658341,0
658342,0
658343,0
658344,0
658345,46
658346,0
658347,0
658348,0
658349,0
658350,0
658351,0
658352,0
658353,0
658354,0
658355,0
658356,0
658357,0
658358,18
658359,0
658360,39
658361,0
658362,0
658363,0
658364,0
658365,0
658366,0
658367,0
658368,0
658369,0
658370,0
658371,0
658372,22
658373,0
658374,32
658375,0
658376,0
658377,0
658378,0
658379,0
658380,0
658381,0
658382,0
658383,0
658384,0
658385,0
658386,17
658387,0
658388,0
658389,0
658390,0
658391,23
658392,0
658393,0
658394,0
658395,0
658396,0
658397,0
658398,0
658399,0
658400,0
658401,21
658402,0
658403,0
658404,0
658405,0
658406,0
658407,0
658408,47
658409,0
658410,0
658411,0
658412,0
658413,0
658414,0
658415,0
658416,0
658417,0
658418,0
658419,0
658420,0
658421,0
658422,0
658423,27
658424,33
658425,0
658426,0
658427,0
658428,0
658429,0
658430,0
658431,0
658432,0
658433,0
658434,0
658435,0
658436,33
658437,0
658438,0
658439,0
658440,0
658441,0
658442,0
658443,0
658444,0
658445,0
658446,0
658447,0
658448,0
658449,0
658450,0
658451,0
658452,0
658453,0
658454,0
658455,0
658456,0
658457,0
658458,0
658459,23
658460,0
658461,0
658462,0
658463,0
658464,0
658465,0
658466,0
658467,0
658468,0
658469,0
658470,0
658471,0
658472,0
658473,0
658474,0
658475,0
658476,0
658477,37
658478,0
658479,0
658480,0
658481,0
658482,0
658483,0
658484,0
658485,0
658486,0
658487,0
658488,0
658489,0
658490,0
658491,0
658492,0
658493,0
658494,0
658495,0
658496,0
658497,0
658498,16
658499,0
658500,0
658501,28
658502,20
658503,0
658504,0
658505,0
658506,18
658507,0
658508,0
658509,0
658510,0
658511,0
658512,0
658513,0
658514,0
658515,0
658516,0
658517,0
658518,0
658519,0
658520,0
658521,0
658522,0
658523,0
658524,0
658525,0
658526,0
658527,0
658528,0
658529,0
658530,25
658531,0
658532,0
658533,0
658534,0
658535,0
658536,0
658537,0
658538,14
658539,0
658540,0
658541,0
658542,0
658543,0
658544,0
658545,0
658546,0
658547,0
658548,0
658549,0
658550,0
658551,0
658552,0
658553,0
658554,0
658555,0
658556,0
658557,0
658558,0
658559,0
658560,0
658561,0
658562,0
658563,0
658564,0
658565,0
658566,0
658567,0
658568,0
658569,0
658570,0
658571,0
658572,0
658573,0
658574,0
658575,0
658576,23
658577,0
658578,0
658579,0
658580,0
658581,0
658582,0
658583,0
658584,0
658585,0
658586,0
658587,0
658588,0
658589,0
658590,0
658591,0
658592,0
658593,0
658594,0
658595,0
658596,0
658597,0
658598,0
658599,0
658600,0
658601,0
658602,0
658603,0
658604,0
658605,0
658606,0
658607,0
658608,26
658609,0
658610,0
658611,0
658612,0
658613,0
658614,0
658615,0
658616,23
658617,25
658618,0
658619,0
658620,0
658621,0
658622,14
658623,0
658624,0
658625,0
658626,0
658627,0
658628,0
658629,0
658630,0
658631,22
658632,0
658633,0
658634,0
658635,0
658636,0
658637,0
658638,0
658639,0
658640,0
658641,0
658642,0
658643,0
658644,0
658645,0
658646,0
658647,0
658648,0
658649,0
658650,0
658651,0
658652,0
658653,33
658654,0
658655,0
658656,0
658657,0
658658,0
658659,0
658660,0
658661,34
658662,0
658663,0
658664,0
658665,0
658666,0
658667,0
658668,0
658669,0
658670,0
658671,31
658672,0
658673,0
658674,0
658675,0
658676,0
658677,0
658678,0
658679,0
658680,0
658681,41
658682,0
658683,0
658684,0
658685,0
658686,0
658687,0
658688,0
658689,0
658690,0
658691,0
658692,0
658693,0
658694,0
658695,0
658696,0
658697,38
658698,0
658699,0
658700,0
658701,0
658702,0
658703,0
658704,0
658705,0
658706,0
658707,0
658708,41
658709,42
658710,0
658711,0
658712,0
658713,0
658714,0
658715,0
658716,0
658717,0
658718,0
658719,0
658720,0
658721,0
658722,0
658723,0
658724,0
658725,0
658726,0
658727,0
658728,0
658729,0
658730,0
658731,0
658732,0
658733,0
658734,0
658735,20
658736,0
658737,0
658738,0
658739,22
658740,0
658741,0
658742,0
658743,17
658744,0
658745,0
658746,23
658747,0
658748,0
658749,0
658750,33
658751,16
658752,0
658753,17
658754,0
658755,0
658756,0
658757,0
658758,26
658759,0
658760,17
658761,17
658762,22
658763,0
658764,0
658765,0
658766,0
658767,0
658768,0
658769,19
658770,0
658771,0
658772,0
658773,0
658774,17
658775,18
658776,0
658777,18
658778,22
658779,0
658780,0
658781,26
658782,0
658783,0
658784,0
658785,0
658786,0
658787,18
658788,30
658789,0
658790,0
658791,14
658792,0
658793,0
658794,0
658795,0
658796,17
658797,14
658798,0
658799,0
658800,0
658801,0
658802,0
658803,0
658804,0
658805,0
658806,0
658807,0
658808,0
658809,13
658810,0
658811,7
658812,18
658813,18
658814,0
658815,0
658816,0
658817,0
658818,0
658819,16
658820,0
658821,0
658822,25
658823,20
658824,27
658825,24
658826,18
658827,0
658828,0
658829,0
658830,12
658831,0
658832,19
658833,0
658834,0
658835,0
658836,0
658837,23
658838,0
658839,0
658840,0
658841,23
658842,0
658843,19
658844,36
658845,0
658846,0
658847,0
658848,0
658849,0
658850,13
658851,0
658852,0
658853,0
658854,0
658855,0
658856,0
658857,0
658858,0
658859,0
658860,0
658861,20
658862,0
658863,0
658864,0
658865,14
658866,0
658867,15
658868,0
658869,0
658870,0
658871,21
658872,0
658873,0
658874,19
658875,21
658876,0
658877,0
658878,0
658879,0
658880,0
658881,0
658882,0
658883,0
658884,0
658885,0
658886,0
658887,0
658888,11
658889,13
658890,0
658891,0
658892,0
658893,0
658894,14
658895,0
658896,0
658897,0
658898,0
658899,0
658900,0
658901,0
658902,0
658903,0
658904,0
658905,0
658906,0
658907,20
658908,22
658909,0
658910,0
658911,0
658912,0
658913,0
658914,0
658915,0
658916,0
658917,0
658918,0
658919,0
658920,0
658921,13
658922,0
658923,19
658924,0
658925,0
658926,0
658927,0
658928,0
658929,17
658930,0
658931,0
658932,0
658933,0
658934,0
658935,0
658936,0
658937,0
658938,16
658939,0
658940,0
658941,0
658942,0
658943,10
658944,0
658945,0
658946,0
658947,22
658948,0
658949,0
658950,0
658951,0
658952,0
658953,0
658954,10
658955,12
658956,0
658957,0
658958,0
658959,18
658960,0
658961,0
658962,0
658963,0
658964,15
658965,0
658966,0
658967,0
658968,0
658969,0
658970,0
658971,21
658972,0
658973,0
658974,0
658975,22
658976,0
658977,0
658978,0
658979,0
658980,0
658981,16
658982,0
658983,0
658984,0
658985,0
658986,0
658987,0
658988,0
658989,14
658990,0
658991,0
658992,0
658993,0
658994,0
658995,0
658996,0
658997,0
658998,0
658999,0
659000,0
659001,0
659002,0
659003,10
659004,0
659005,19
659006,0
659007,0
659008,21
659009,0
659010,0
659011,0
659012,0
659013,0
659014,0
659015,0
659016,0
659017,0
659018,13
659019,0
659020,0
659021,18
659022,0
659023,18
659024,0
659025,0
659026,0
659027,0
659028,0
659029,0
659030,0
659031,0
659032,0
659033,0
659034,0
659035,17
659036,0
659037,0
659038,0
659039,24
659040,0
659041,17
659042,0
659043,0
659044,0
659045,0
659046,12
659047,0
659048,0
659049,0
659050,0
659051,0
659052,0
659053,0
659054,0
659055,0
659056,0
659057,0
659058,0
659059,22
659060,0
659061,0
659062,21
659063,0
659064,0
659065,35
659066,0
659067,0
659068,19
659069,0
659070,0
659071,0
659072,0
659073,0
659074,21
659075,20
659076,0
659077,0
659078,0
659079,0
659080,0
659081,0
659082,0
659083,0
659084,0
659085,0
659086,23
659087,0
659088,0
659089,0
659090,0
659091,0
659092,0
659093,0
659094,0
659095,0
659096,0
659097,0
659098,21
659099,21
659100,0
659101,0
659102,0
659103,0
659104,0
659105,28
659106,0
659107,0
659108,0
659109,0
659110,0
659111,0
659112,0
659113,0
659114,0
659115,0
659116,0
659117,0
659118,0
659119,0
659120,0
659121,0
659122,0
659123,13
659124,0
659125,0
659126,0
659127,0
659128,17
659129,0
659130,0
659131,0
659132,0
659133,0
659134,0
659135,0
659136,0
659137,0
659138,0
659139,0
659140,0
659141,11
659142,0
659143,18
659144,0
659145,0
659146,26
659147,0
659148,0
659149,0
659150,18
659151,0
659152,19
659153,19
659154,0
659155,0
659156,13
659157,0
659158,0
659159,16
659160,25
659161,16
659162,0
659163,0
659164,0
659165,0
659166,0
659167,0
659168,0
659169,0
659170,0
659171,0
659172,0
659173,0
659174,0
659175,22
659176,0
659177,17
659178,0
659179,0
659180,0
659181,0
659182,0
659183,19
659184,29
659185,0
659186,0
659187,0
659188,0
659189,13
659190,0
659191,0
659192,26
659193,0
659194,0
659195,0
659196,0
659197,0
659198,19
659199,23
659200,0
659201,0
659202,19
659203,0
659204,0
659205,0
659206,0
659207,0
659208,0
659209,36
659210,0
659211,0
659212,0
659213,0
659214,0
659215,0
659216,0
659217,0
659218,19
659219,0
659220,0
659221,0
659222,0
659223,0
659224,0
659225,0
659226,0
659227,16
659228,17
659229,0
659230,0
659231,0
659232,21
659233,0
659234,0
659235,0
659236,0
659237,0
659238,0
659239,0
659240,0
659241,0
659242,25
659243,0
659244,0
659245,0
659246,0
659247,0
659248,0
659249,0
659250,0
659251,0
659252,0
659253,0
659254,26
659255,0
659256,0
659257,0
659258,0
659259,0
659260,0
659261,0
659262,0
659263,19
659264,0
659265,0
659266,0
659267,28
659268,0
659269,0
659270,0
659271,0
659272,0
659273,0
659274,17
659275,0
659276,0
659277,0
659278,20
659279,0
659280,15
659281,22
659282,0
659283,0
659284,0
659285,20
659286,0
659287,0
659288,0
659289,0
659290,0
659291,0
659292,0
659293,0
659294,0
659295,0
659296,24
659297,21
659298,21
659299,0
659300,0
659301,11
659302,0
659303,0
659304,13
659305,0
659306,16
659307,0
659308,0
659309,0
659310,0
659311,0
659312,0
659313,0
659314,22
659315,0
659316,0
659317,15
659318,0
659319,26
659320,17
659321,0
659322,0
659323,0
659324,0
659325,0
659326,18
659327,0
659328,0
659329,0
659330,0
659331,0
659332,0
659333,0
659334,0
659335,0
659336,0
659337,28
659338,0
659339,0
659340,0
659341,27
659342,0
659343,0
659344,0
659345,0
659346,0
659347,0
659348,0
659349,0
659350,14
659351,0
659352,0
659353,0
659354,17
659355,0
659356,31
659357,0
659358,0
659359,0
659360,17
659361,0
659362,0
659363,0
659364,0
659365,0
659366,0
659367,0
659368,0
659369,0
659370,10
659371,0
659372,0
659373,0
659374,23
659375,16
659376,0
659377,0
659378,0
659379,0
659380,0
659381,0
659382,0
659383,0
659384,19
659385,0
659386,0
659387,0
659388,0
659389,22
659390,0
659391,0
659392,0
659393,0
659394,0
659395,0
659396,0
659397,0
659398,0
659399,20
659400,0
659401,0
659402,0
659403,0
659404,0
659405,0
659406,0
659407,0
659408,0
659409,0
659410,0
659411,13
659412,0
659413,0
659414,28
659415,0
659416,0
659417,0
659418,0
659419,0
659420,0
659421,0
659422,0
659423,26
659424,23
659425,0
659426,0
659427,18
659428,12
659429,0
659430,0
659431,22
659432,11
659433,0
659434,0
659435,25
659436,0
659437,0
659438,0
659439,0
659440,28
659441,0
659442,0
659443,30
659444,0
659445,0
659446,0
659447,0
659448,0
659449,22
659450,21
659451,0
659452,22
659453,0
659454,0
659455,0
659456,0
659457,0
659458,0
659459,0
659460,0
659461,0
659462,0
659463,0
659464,0
659465,15
659466,0
659467,0
659468,0
659469,19
659470,0
659471,23
659472,0
659473,12
659474,0
659475,0
659476,0
659477,0
659478,22
659479,0
659480,23
659481,0
659482,0
659483,0
659484,20
659485,0
659486,24
659487,0
659488,18
659489,0
659490,0
659491,0
659492,0
659493,0
659494,0
659495,0
659496,0
659497,0
659498,0
659499,0
659500,0
659501,0
659502,18
659503,0
659504,0
659505,0
659506,0
659507,0
659508,0
659509,0
659510,0
659511,0
659512,0
659513,0
659514,0
659515,22
659516,0
659517,0
659518,13
659519,0
659520,23
659521,0
659522,0
659523,0
659524,0
659525,0
659526,25
659527,0
659528,0
659529,0
659530,0
659531,0
659532,0
659533,0
659534,0
659535,0
659536,0
659537,20
659538,0
659539,19
659540,0
659541,0
659542,23
659543,0
659544,21
659545,0
659546,0
659547,0
659548,0
659549,0
659550,0
659551,0
659552,0
659553,0
659554,0
659555,0
659556,0
659557,0
659558,0
659559,0
659560,0
659561,0
659562,0
659563,20
659564,0
659565,0
659566,0
659567,0
659568,23
659569,0
659570,0
659571,0
659572,0
659573,0
659574,0
659575,0
659576,0
659577,19
659578,0
659579,0
659580,0
659581,0
659582,0
659583,0
659584,0
659585,0
659586,24
659587,17
659588,0
659589,0
659590,0
659591,0
659592,0
659593,0
659594,0
659595,0
659596,0
659597,0
659598,0
659599,0
659600,0
659601,0
659602,18
659603,0
659604,0
659605,32
659606,27
659607,0
659608,0
659609,19
659610,19
659611,28
659612,0
659613,0
659614,21
659615,0
659616,0
659617,0
659618,0
659619,25
659620,0
659621,0
659622,0
659623,0
659624,0
659625,20
659626,12
659627,0
659628,0
659629,16
659630,0
659631,0
659632,0
659633,0
659634,0
659635,0
659636,18
659637,0
659638,0
659639,0
659640,0
659641,0
659642,0
659643,20
659644,0
659645,11
659646,22
659647,0
659648,14
659649,0
659650,0
659651,0
659652,0
659653,0
659654,0
659655,0
659656,0
659657,0
659658,0
659659,0
659660,0
659661,40
659662,22
659663,18
659664,0
659665,0
659666,0
659667,0
659668,0
659669,19
659670,0
659671,0
659672,0
659673,0
659674,0
659675,0
659676,0
659677,0
659678,0
659679,20
659680,0
659681,0
659682,19
659683,0
659684,0
659685,0
659686,0
659687,0
659688,0
659689,0
659690,0
659691,0
659692,16
659693,0
659694,0
659695,0
659696,0
659697,0
659698,0
659699,18
659700,0
659701,0
659702,0
659703,0
659704,0
659705,0
659706,0
659707,0
659708,0
659709,0
659710,0
659711,0
659712,0
659713,0
659714,0
659715,0
659716,0
659717,0
659718,0
659719,0
659720,0
659721,0
659722,0
659723,0
659724,0
659725,0
659726,0
659727,0
659728,0
659729,0
659730,0
659731,0
659732,0
659733,0
659734,0
659735,0
659736,0
659737,0
659738,0
659739,0
659740,0
659741,0
659742,0
659743,0
659744,0
659745,0
659746,0
659747,0
659748,0
659749,0
659750,0
659751,0
659752,0
659753,0
659754,0
659755,0
659756,0
659757,24
659758,15
659759,0
659760,0
659761,0
659762,0
659763,0
659764,0
659765,0
659766,0
659767,0
659768,0
659769,0
659770,0
659771,0
659772,0
659773,0
659774,0
659775,0
659776,13
659777,0
659778,0
659779,0
659780,0
659781,0
659782,0
659783,0
659784,15
659785,0
659786,0
659787,0
659788,0
659789,0
659790,0
659791,0
659792,0
659793,0
659794,0
659795,0
659796,0
659797,22
659798,0
659799,0
659800,0
659801,0
659802,0
659803,0
659804,0
659805,0
659806,0
659807,0
659808,0
659809,30
659810,0
659811,0
659812,0
659813,0
659814,0
659815,0
659816,0
659817,18
659818,0
659819,0
659820,0
659821,0
659822,0
659823,0
659824,0
659825,0
659826,26
659827,0
659828,0
659829,0
659830,0
659831,0
659832,0
659833,0
659834,0
659835,0
659836,0
659837,0
659838,0
659839,0
659840,0
659841,0
659842,0
659843,0
659844,0
659845,0
659846,0
659847,0
659848,0
659849,0
659850,0
659851,0
659852,0
659853,0
659854,0
659855,0
659856,0
659857,0
659858,0
659859,0
659860,0
659861,0
659862,0
659863,0
659864,0
659865,0
659866,0
659867,0
659868,0
659869,0
659870,0
659871,0
659872,0
659873,0
659874,0
659875,0
659876,0
659877,0
659878,0
659879,0
659880,0
659881,0
659882,0
659883,0
659884,0
659885,0
659886,0
659887,0
659888,0
659889,0
659890,0
659891,0
659892,0
659893,0
659894,0
659895,0
659896,0
659897,0
659898,0
659899,0
659900,0
659901,0
659902,0
659903,0
659904,0
659905,0
659906,0
659907,0
659908,0
659909,0
659910,0
659911,0
659912,0
659913,0
659914,0
659915,0
659916,0
659917,0
659918,0
659919,0
659920,0
659921,0
659922,0
659923,0
659924,0
659925,0
659926,0
659927,0
659928,0
659929,0
659930,0
659931,0
659932,21
659933,0
659934,0
659935,0
659936,0
659937,0
659938,0
659939,0
659940,0
659941,0
659942,0
659943,0
659944,0
659945,0
659946,0
659947,0
659948,0
659949,0
659950,17
659951,0
659952,0
659953,0
659954,0
659955,0
659956,0
659957,0
659958,0
659959,0
659960,0
659961,0
659962,0
659963,0
659964,0
659965,26
659966,0
659967,0
659968,0
659969,0
659970,0
659971,0
659972,0
659973,0
659974,0
659975,0
659976,0
659977,0
659978,0
659979,0
659980,19
659981,0
659982,0
659983,0
659984,0
659985,0
659986,0
659987,0
659988,0
659989,0
659990,0
659991,0
659992,0
659993,0
659994,0
659995,0
659996,0
659997,0
659998,0
659999,0
660000,0
660001,0
660002,17
660003,0
660004,0
660005,0
660006,0
660007,0
660008,0
660009,0
660010,0
660011,0
660012,0
660013,0
660014,0
660015,0
660016,0
660017,0
660018,0
660019,0
660020,0
660021,0
660022,0
660023,0
660024,0
660025,0
660026,0
660027,0
660028,0
660029,0
660030,0
660031,0
660032,0
660033,0
660034,0
660035,0
660036,0
660037,0
660038,0
660039,0
660040,0
660041,0
660042,0
660043,0
660044,0
660045,0
660046,0
660047,0
660048,0
660049,0
660050,0
660051,0
660052,0
660053,23
660054,26
660055,0
660056,0
660057,0
660058,0
660059,0
660060,0
660061,0
660062,0
660063,0
660064,15
660065,0
660066,0
660067,0
660068,0
660069,0
660070,0
660071,0
660072,0
660073,0
660074,0
660075,0
660076,0
660077,0
660078,0
660079,0
660080,0
660081,0
660082,0
660083,0
660084,0
660085,0
660086,0
660087,0
660088,0
660089,0
660090,0
660091,0
660092,0
660093,0
660094,0
660095,0
660096,0
660097,0
660098,0
660099,0
660100,0
660101,0
660102,0
660103,0
660104,0
660105,0
660106,18
660107,0
660108,0
660109,0
660110,0
660111,0
660112,0
660113,0
660114,0
660115,0
660116,0
660117,27
660118,0
660119,0
660120,0
660121,0
660122,0
660123,0
660124,0
660125,0
660126,0
660127,0
660128,0
660129,0
660130,0
660131,0
660132,0
660133,0
660134,0
660135,0
660136,0
660137,0
660138,0
660139,0
660140,24
660141,0
660142,0
660143,0
660144,0
660145,0
660146,0
660147,0
660148,0
660149,0
660150,0
660151,0
660152,0
660153,0
660154,0
660155,0
660156,0
660157,0
660158,0
660159,0
660160,0
660161,0
660162,0
660163,0
660164,0
660165,0
660166,0
660167,0
660168,0
660169,0
660170,19
660171,0
660172,0
660173,0
660174,0
660175,0
660176,0
660177,0
660178,0
660179,0
660180,0
660181,0
660182,0
660183,0
660184,0
660185,0
660186,0
660187,0
660188,0
660189,0
660190,0
660191,0
660192,0
660193,25
660194,0
660195,0
660196,0
660197,0
660198,0
660199,0
660200,0
660201,0
660202,0
660203,0
660204,0
660205,0
660206,0
660207,0
660208,0
660209,0
660210,0
660211,0
660212,16
660213,0
660214,0
660215,0
660216,0
660217,0
660218,0
660219,0
660220,0
660221,0
660222,0
660223,0
660224,15
660225,0
660226,0
660227,0
660228,0
660229,0
660230,0
660231,0
660232,0
660233,0
660234,0
660235,0
660236,0
660237,0
660238,0
660239,0
660240,0
660241,0
660242,0
660243,16
660244,0
660245,14
660246,0
660247,0
660248,0
660249,0
660250,0
660251,0
660252,0
660253,0
660254,0
660255,0
660256,0
660257,0
660258,0
660259,0
660260,0
660261,0
660262,0
660263,0
660264,0
660265,0
660266,0
660267,0
660268,0
660269,0
660270,0
660271,0
660272,0
660273,0
660274,0
660275,0
660276,0
660277,0
660278,0
660279,0
660280,0
660281,0
660282,0
660283,0
660284,0
660285,0
660286,0
660287,25
660288,0
660289,0
660290,0
660291,0
660292,0
660293,0
660294,0
660295,0
660296,18
660297,0
660298,0
660299,0
660300,0
660301,0
660302,0
660303,0
660304,0
660305,0
660306,0
660307,0
660308,8
660309,12
660310,14
660311,0
660312,28
660313,0
660314,0
660315,0
660316,14
660317,0
660318,0
660319,0
660320,20
660321,0
660322,0
660323,0
660324,0
660325,0
660326,0
660327,0
660328,0
660329,0
660330,0
660331,0
660332,0
660333,0
660334,0
660335,0
660336,0
660337,0
660338,0
660339,0
660340,0
660341,0
660342,22
660343,5
660344,0
660345,0
660346,15
660347,0
660348,0
660349,0
660350,0
660351,0
660352,0
660353,0
660354,0
660355,0
660356,16
660357,0
660358,0
660359,0
660360,12
660361,0
660362,0
660363,0
660364,0
660365,10
660366,0
660367,0
660368,0
660369,0
660370,0
660371,18
660372,0
660373,20
660374,10
660375,20
660376,0
660377,0
660378,0
660379,0
660380,0
660381,0
660382,0
660383,29
660384,0
660385,0
660386,11
660387,0
660388,0
660389,0
660390,0
660391,0
660392,0
660393,0
660394,0
660395,19
660396,15
660397,0
660398,0
660399,13
660400,0
660401,0
660402,0
660403,0
660404,0
660405,0
660406,13
660407,0
660408,0
660409,0
660410,0
660411,0
660412,0
660413,0
660414,0
660415,0
660416,0
660417,0
660418,0
660419,0
660420,0
660421,0
660422,20
660423,0
660424,0
660425,0
660426,12
660427,0
660428,0
660429,24
660430,0
660431,0
660432,0
660433,9
660434,0
660435,16
660436,17
660437,15
660438,0
660439,0
660440,0
660441,0
660442,0
660443,0
660444,15
660445,0
660446,0
660447,0
660448,0
660449,0
660450,0
660451,14
660452,0
660453,0
660454,12
660455,0
660456,0
660457,0
660458,0
660459,0
660460,17
660461,24
660462,20
660463,9
660464,0
660465,0
660466,0
660467,0
660468,0
660469,0
660470,0
660471,0
660472,0
660473,0
660474,0
660475,20
660476,0
660477,0
660478,0
660479,0
660480,0
660481,0
660482,0
660483,0
660484,0
660485,0
660486,0
660487,20
660488,0
660489,0
660490,0
660491,0
660492,0
660493,0
660494,14
660495,17
660496,0
660497,0
660498,0
660499,0
660500,0
660501,0
660502,0
660503,0
660504,0
660505,19
660506,0
660507,0
660508,22
660509,0
660510,0
660511,13
660512,0
660513,0
660514,0
660515,11
660516,0
660517,18
660518,0
660519,0
660520,0
660521,0
660522,17
660523,17
660524,0
660525,0
660526,0
660527,0
660528,0
660529,10
660530,0
660531,0
660532,0
660533,0
660534,0
660535,0
660536,0
660537,0
660538,0
660539,0
660540,0
660541,0
660542,0
660543,16
660544,0
660545,0
660546,0
660547,0
660548,0
660549,13
660550,12
660551,14
660552,0
660553,0
660554,0
660555,0
660556,0
660557,8
660558,0
660559,0
660560,0
660561,0
660562,0
660563,10
660564,15
660565,8
660566,0
660567,15
660568,0
660569,0
660570,0
660571,0
660572,0
660573,0
660574,0
660575,0
660576,0
660577,17
660578,0
660579,0
660580,0
660581,0
660582,16
660583,0
660584,0
660585,0
660586,0
660587,0
660588,17
660589,0
660590,0
660591,0
660592,14
660593,0
660594,0
660595,0
660596,0
660597,14
660598,0
660599,9
660600,0
660601,0
660602,0
660603,0
660604,0
660605,0
660606,12
660607,0
660608,0
660609,0
660610,11
660611,0
660612,16
660613,0
660614,0
660615,0
660616,0
660617,0
660618,0
660619,0
660620,9
660621,0
660622,0
660623,0
660624,0
660625,0
660626,0
660627,0
660628,0
660629,0
660630,0
660631,0
660632,0
660633,0
660634,0
660635,0
660636,0
660637,0
660638,0
660639,0
660640,0
660641,0
660642,0
660643,0
660644,0
660645,0
660646,20
660647,0
660648,13
660649,0
660650,0
660651,17
660652,0
660653,8
660654,0
660655,0
660656,12
660657,0
660658,0
660659,0
660660,0
660661,0
660662,0
660663,0
660664,11
660665,0
660666,0
660667,0
660668,0
660669,0
660670,0
660671,0
660672,0
660673,0
660674,0
660675,0
660676,11
660677,0
660678,0
660679,0
660680,0
660681,0
660682,7
660683,0
660684,0
660685,0
660686,0
660687,0
660688,14
660689,0
660690,0
660691,12
660692,23
660693,0
660694,0
660695,0
660696,0
660697,0
660698,0
660699,0
660700,20
660701,0
660702,0
660703,0
660704,0
660705,0
660706,0
660707,0
660708,20
660709,0
660710,16
660711,0
660712,0
660713,0
660714,0
660715,0
660716,15
660717,0
660718,18
660719,0
660720,0
660721,0
660722,18
660723,0
660724,0
660725,35
660726,0
660727,9
660728,0
660729,0
660730,0
660731,0
660732,10
660733,0
660734,0
660735,0
660736,0
660737,0
660738,0
660739,0
660740,0
660741,0
660742,0
660743,0
660744,0
660745,0
660746,0
660747,0
660748,0
660749,0
660750,0
660751,0
660752,15
660753,0
660754,0
660755,0
660756,0
660757,0
660758,0
660759,0
660760,15
660761,0
660762,0
660763,0
660764,9
660765,0
660766,0
660767,29
660768,0
660769,0
660770,0
660771,0
660772,0
660773,0
660774,21
660775,0
660776,0
660777,0
660778,0
660779,15
660780,0
660781,0
660782,0
660783,19
660784,0
660785,0
660786,0
660787,0
660788,0
660789,0
660790,0
660791,0
660792,0
660793,0
660794,0
660795,0
660796,12
660797,0
660798,0
660799,0
660800,0
660801,0
660802,0
660803,0
660804,0
660805,18
660806,15
660807,13
660808,0
660809,0
660810,0
660811,0
660812,9
660813,0
660814,0
660815,0
660816,0
660817,0
660818,11
660819,0
660820,0
660821,17
660822,0
660823,0
660824,0
660825,0
660826,0
660827,0
660828,0
660829,0
660830,18
660831,19
660832,16
660833,0
660834,0
660835,0
660836,0
660837,0
660838,0
660839,0
660840,0
660841,0
660842,0
660843,0
660844,0
660845,22
660846,0
660847,15
660848,0
660849,0
660850,0
660851,0
660852,0
660853,0
660854,16
660855,9
660856,0
660857,0
660858,0
660859,0
660860,17
660861,0
660862,14
660863,0
660864,0
660865,0
660866,0
660867,0
660868,0
660869,0
660870,0
660871,0
660872,15
660873,0
660874,0
660875,0
660876,0
660877,0
660878,0
660879,0
660880,0
660881,12
660882,0
660883,0
660884,0
660885,0
660886,0
660887,0
660888,0
660889,19
660890,0
660891,0
660892,8
660893,0
660894,13
660895,10
660896,0
660897,18
660898,0
660899,23
660900,10
660901,0
660902,0
660903,0
660904,0
660905,0
660906,0
660907,0
660908,14
660909,18
660910,0
660911,0
660912,0
660913,0
660914,0
660915,0
660916,0
660917,0
660918,9
660919,0
660920,0
660921,0
660922,0
660923,0
660924,0
660925,0
660926,0
660927,0
660928,34
660929,0
660930,0
660931,0
660932,0
660933,0
660934,0
660935,0
660936,0
660937,0
660938,0
660939,0
660940,0
660941,0
660942,0
660943,34
660944,0
660945,0
660946,0
660947,0
660948,0
660949,27
660950,23
660951,0
660952,0
660953,0
660954,29
660955,0
660956,0
660957,24
660958,0
660959,0
660960,0
660961,0
660962,0
660963,0
660964,0
660965,0
660966,0
660967,0
660968,0
660969,0
660970,0
660971,0
660972,0
660973,0
660974,0
660975,0
660976,0
660977,0
660978,0
660979,0
660980,0
660981,0
660982,0
660983,0
660984,0
660985,0
660986,0
660987,0
660988,0
660989,32
660990,0
660991,0
660992,0
660993,26
660994,0
660995,0
660996,0
660997,0
660998,0
660999,26
661000,0
661001,0
661002,0
661003,0
661004,0
661005,35
661006,29
661007,38
661008,0
661009,0
661010,16
661011,0
661012,0
661013,0
661014,0
661015,0
661016,26
661017,0
661018,0
661019,0
661020,0
661021,0
661022,0
661023,0
661024,0
661025,0
661026,0
661027,0
661028,0
661029,0
661030,0
661031,0
661032,0
661033,0
661034,23
661035,0
661036,0
661037,0
661038,0
661039,0
661040,0
661041,0
661042,0
661043,0
661044,0
661045,0
661046,0
661047,0
661048,0
661049,0
661050,0
661051,0
661052,0
661053,0
661054,0
661055,0
661056,21
661057,0
661058,19
661059,0
661060,0
661061,0
661062,28
661063,0
661064,0
661065,0
661066,0
661067,0
661068,0
661069,0
661070,0
661071,0
661072,0
661073,0
661074,26
661075,0
661076,21
661077,0
661078,0
661079,0
661080,0
661081,0
661082,0
661083,0
661084,0
661085,0
661086,0
661087,0
661088,41
661089,0
661090,0
661091,0
661092,0
661093,0
661094,0
661095,36
661096,0
661097,0
661098,0
661099,0
661100,22
661101,25
661102,0
661103,0
661104,0
661105,0
661106,0
661107,0
661108,0
661109,0
661110,0
661111,0
661112,0
661113,0
661114,0
661115,0
661116,0
661117,0
661118,0
661119,0
661120,0
661121,0
661122,38
661123,0
661124,35
661125,0
661126,0
661127,0
661128,0
661129,0
661130,0
661131,0
661132,0
661133,0
661134,0
661135,0
661136,0
661137,0
661138,0
661139,0
661140,0
661141,0
661142,43
661143,0
661144,41
661145,0
661146,27
661147,0
661148,0
661149,29
661150,0
661151,0
661152,0
661153,0
661154,0
661155,0
661156,27
661157,0
661158,17
661159,0
661160,0
661161,0
661162,0
661163,0
661164,0
661165,0
661166,0
661167,0
661168,0
661169,0
661170,0
661171,0
661172,0
661173,29
661174,0
661175,0
661176,0
661177,0
661178,0
661179,0
661180,28
661181,0
661182,0
661183,0
661184,0
661185,0
661186,0
661187,0
661188,0
661189,0
661190,0
661191,0
661192,0
661193,0
661194,18
661195,0
661196,0
661197,0
661198,0
661199,0
661200,0
661201,31
661202,0
661203,0
661204,0
661205,0
661206,34
661207,0
661208,0
661209,23
661210,0
661211,0
661212,0
661213,0
661214,0
661215,0
661216,0
661217,0
661218,0
661219,0
661220,21
661221,25
661222,0
661223,0
661224,0
661225,0
661226,0
661227,0
661228,0
661229,0
661230,0
661231,0
661232,0
661233,0
661234,41
661235,0
661236,0
661237,0
661238,0
661239,0
661240,0
661241,0
661242,0
661243,0
661244,0
661245,0
661246,0
661247,0
661248,0
661249,0
661250,0
661251,0
661252,0
661253,29
661254,0
661255,0
661256,0
661257,0
661258,0
661259,37
661260,0
661261,0
661262,0
661263,0
661264,0
661265,0
661266,0
661267,0
661268,0
661269,0
661270,0
661271,24
661272,0
661273,0
661274,0
661275,0
661276,0
661277,0
661278,0
661279,0
661280,0
661281,0
661282,0
661283,29
661284,0
661285,0
661286,0
661287,0
661288,0
661289,0
661290,0
661291,0
661292,0
661293,0
661294,0
661295,0
661296,0
661297,0
661298,44
661299,30
661300,0
661301,0
661302,0
661303,0
661304,0
661305,0
661306,0
661307,0
661308,0
661309,23
661310,0
661311,0
661312,0
661313,0
661314,0
661315,0
661316,0
661317,27
661318,0
661319,0
661320,0
661321,34
661322,0
661323,0
661324,0
661325,0
661326,0
661327,0
661328,0
661329,0
661330,0
661331,0
661332,0
661333,0
661334,0
661335,0
661336,23
661337,0
661338,0
661339,0
661340,0
661341,0
661342,0
661343,0
661344,0
661345,0
661346,0
661347,0
661348,0
661349,0
661350,0
661351,0
661352,0
661353,0
661354,0
661355,0
661356,0
661357,0
661358,31
661359,0
661360,0
661361,0
661362,0
661363,23
661364,0
661365,0
661366,0
661367,0
661368,0
661369,0
661370,0
661371,0
661372,0
661373,0
661374,0
661375,0
661376,0
661377,0
661378,0
661379,0
661380,0
661381,21
661382,0
661383,0
661384,0
661385,0
661386,0
661387,0
661388,0
661389,0
661390,0
661391,0
661392,0
661393,0
661394,0
661395,0
661396,0
661397,0
661398,0
661399,0
661400,0
661401,0
661402,0
661403,0
661404,0
661405,0
661406,0
661407,0
661408,0
661409,0
661410,0
661411,0
661412,0
661413,0
661414,0
661415,0
661416,0
661417,0
661418,0
661419,0
661420,0
661421,0
661422,0
661423,0
661424,0
661425,0
661426,0
661427,0
661428,19
661429,0
661430,0
661431,22
661432,0
661433,0
661434,17
661435,0
661436,30
661437,0
661438,0
661439,33
661440,0
661441,0
661442,0
661443,0
661444,0
661445,0
661446,0
661447,0
661448,0
661449,28
661450,0
661451,0
661452,0
661453,0
661454,0
661455,0
661456,0
661457,0
661458,0
661459,0
661460,0
661461,29
661462,0
661463,0
661464,0
661465,0
661466,0
661467,0
661468,30
661469,0
661470,0
661471,0
661472,0
661473,24
661474,0
661475,0
661476,0
661477,29
661478,0
661479,0
661480,0
661481,0
661482,0
661483,0
661484,0
661485,0
661486,0
661487,0
661488,0
661489,0
661490,0
661491,0
661492,0
661493,0
661494,0
661495,0
661496,0
661497,0
661498,0
661499,0
661500,27
661501,0
661502,0
661503,0
661504,26
661505,0
661506,0
661507,0
661508,0
661509,0
661510,0
661511,0
661512,0
661513,0
661514,14
661515,0
661516,0
661517,0
661518,0
661519,28
661520,0
661521,0
661522,0
661523,0
661524,0
661525,0
661526,0
661527,0
661528,0
661529,0
661530,27
661531,0
661532,0
661533,0
661534,0
661535,0
661536,0
661537,0
661538,39
661539,0
661540,0
661541,0
661542,0
661543,0
661544,0
661545,0
661546,0
661547,0
661548,0
661549,0
661550,0
661551,0
661552,0
661553,0
661554,0
661555,26
661556,0
661557,0
661558,0
661559,0
661560,0
661561,0
661562,42
661563,0
661564,0
661565,0
661566,0
661567,25
661568,24
661569,0
661570,20
661571,0
661572,0
661573,0
661574,0
661575,0
661576,0
661577,0
661578,0
661579,0
661580,0
661581,0
661582,25
661583,0
661584,0
661585,0
661586,0
661587,0
661588,0
661589,0
661590,0
661591,0
661592,34
661593,0
661594,0
661595,0
661596,0
661597,0
661598,0
661599,0
661600,0
661601,0
661602,0
661603,0
661604,0
661605,0
661606,0
661607,0
661608,0
661609,0
661610,0
661611,0
661612,0
661613,0
661614,0
661615,0
661616,0
661617,0
661618,0
661619,0
661620,42
661621,0
661622,0
661623,0
661624,0
661625,0
661626,0
661627,0
661628,0
661629,0
661630,24
661631,0
661632,0
661633,0
661634,0
661635,0
661636,0
661637,0
661638,0
661639,0
661640,0
661641,0
661642,0
661643,31
661644,0
661645,0
661646,0
661647,0
661648,0
661649,0
661650,36
661651,0
661652,0
661653,0
661654,17
661655,0
661656,0
661657,0
661658,0
661659,0
661660,28
661661,0
661662,0
661663,0
661664,0
661665,0
661666,0
661667,0
661668,0
661669,0
661670,0
661671,0
661672,0
661673,0
661674,0
661675,0
661676,0
661677,0
661678,0
661679,0
661680,0
661681,32
661682,0
661683,43
661684,0
661685,0
661686,0
661687,0
661688,0
661689,0
661690,0
661691,0
661692,0
661693,22
661694,0
661695,0
661696,0
661697,0
661698,0
661699,0
661700,0
661701,0
661702,0
661703,0
661704,0
661705,0
661706,0
661707,0
661708,0
661709,0
661710,0
661711,0
661712,0
661713,0
661714,0
661715,0
661716,0
661717,0
661718,0
661719,0
661720,0
661721,0
661722,0
661723,0
661724,0
661725,29
661726,41
661727,0
661728,0
661729,0
661730,0
661731,0
661732,0
661733,29
661734,0
661735,0
661736,0
661737,0
661738,0
661739,0
661740,0
661741,0
661742,0
661743,0
661744,0
661745,0
661746,0
661747,35
661748,0
661749,0
661750,0
661751,0
661752,0
661753,0
661754,30
661755,0
661756,0
661757,33
661758,0
661759,0
661760,0
661761,0
661762,0
661763,0
661764,0
661765,0
661766,0
661767,0
661768,0
661769,25
661770,0
661771,0
661772,0
661773,0
661774,0
661775,0
661776,35
661777,0
661778,0
661779,0
661780,0
661781,0
661782,0
661783,0
661784,0
661785,0
661786,29
661787,0
661788,0
661789,0
661790,0
661791,0
661792,0
661793,0
661794,32
661795,0
661796,0
661797,0
661798,0
661799,0
661800,0
661801,0
661802,0
661803,0
661804,0
661805,0
661806,0
661807,0
661808,29
661809,0
661810,0
661811,0
661812,0
661813,0
661814,0
661815,0
661816,0
661817,0
661818,0
661819,27
661820,0
661821,21
661822,0
661823,0
661824,0
661825,0
661826,0
661827,0
661828,0
661829,0
661830,0
661831,0
661832,0
661833,0
661834,0
661835,0
661836,0
661837,0
661838,0
661839,0
661840,18
661841,0
661842,0
661843,0
661844,0
661845,0
661846,38
661847,0
661848,0
661849,0
661850,0
661851,0
661852,37
661853,0
661854,0
661855,0
661856,0
661857,0
661858,0
661859,0
661860,0
661861,0
661862,0
661863,0
661864,0
661865,0
661866,32
661867,0
661868,0
661869,0
661870,0
661871,0
661872,0
661873,0
661874,0
661875,0
661876,0
661877,0
661878,0
661879,0
661880,29
661881,27
661882,0
661883,0
661884,0
661885,0
661886,0
661887,0
661888,0
661889,0
661890,0
661891,0
661892,0
661893,0
661894,0
661895,0
661896,0
661897,0
661898,18
661899,0
661900,0
661901,21
661902,0
661903,0
661904,0
661905,0
661906,0
661907,0
661908,0
661909,0
661910,0
661911,0
661912,0
661913,0
661914,0
661915,0
661916,0
661917,0
661918,39
661919,0
661920,0
661921,0
661922,27
661923,0
661924,44
661925,41
661926,0
661927,23
661928,0
661929,0
661930,0
661931,0
661932,0
661933,26
661934,0
661935,0
661936,0
661937,38
661938,45
661939,0
661940,0
661941,0
661942,0
661943,0
661944,21
661945,29
661946,0
661947,0
661948,0
661949,0
661950,27
661951,0
661952,0
661953,0
661954,32
661955,0
661956,0
661957,0
661958,0
661959,0
661960,0
661961,0
661962,0
661963,0
661964,0
661965,0
661966,0
661967,0
661968,0
661969,0
661970,31
661971,0
661972,0
661973,0
661974,0
661975,0
661976,24
661977,0
661978,0
661979,0
661980,0
661981,33
661982,46
661983,0
661984,0
661985,0
661986,0
661987,0
661988,0
661989,0
661990,0
661991,0
661992,0
661993,0
661994,25
661995,17
661996,0
661997,0
661998,41
661999,33
662000,0
662001,0
662002,44
662003,23
662004,0
662005,0
662006,0
662007,31
662008,0
662009,0
662010,0
662011,0
662012,0
662013,0
662014,23
662015,48
662016,43
662017,0
662018,28
662019,0
662020,0
662021,28
662022,0
662023,0
662024,16
662025,44
662026,0
662027,26
662028,0
662029,0
662030,0
662031,0
662032,0
662033,37
662034,45
662035,0
662036,0
662037,0
662038,0
662039,0
662040,0
662041,41
662042,0
662043,0
662044,0
662045,0
662046,0
662047,32
662048,0
662049,0
662050,35
662051,0
662052,0
662053,0
662054,0
662055,30
662056,0
662057,0
662058,0
662059,0
662060,31
662061,30
662062,0
662063,0
662064,41
662065,0
662066,44
662067,0
662068,0
662069,0
662070,0
662071,20
662072,0
662073,0
662074,0
662075,0
662076,30
662077,0
662078,0
662079,0
662080,0
662081,0
662082,20
662083,28
662084,0
662085,0
662086,39
662087,0
662088,0
662089,28
662090,0
662091,0
662092,0
662093,0
662094,0
662095,40
662096,27
662097,0
662098,0
662099,0
662100,0
662101,0
662102,0
662103,0
662104,18
662105,0
662106,0
662107,0
662108,0
662109,0
662110,0
662111,0
662112,28
662113,0
662114,0
662115,34
662116,0
662117,42
662118,0
662119,0
662120,0
662121,29
662122,0
662123,29
662124,0
662125,0
662126,0
662127,0
662128,15
662129,0
662130,0
662131,22
662132,0
662133,0
662134,0
662135,0
662136,0
662137,33
662138,43
662139,29
662140,0
662141,0
662142,0
662143,0
662144,0
662145,0
662146,24
662147,16
662148,0
662149,0
662150,30
662151,0
662152,33
662153,0
662154,0
662155,0
662156,0
662157,0
662158,0
662159,0
662160,0
662161,30
662162,0
662163,0
662164,21
662165,0
662166,0
662167,0
662168,0
662169,31
662170,30
662171,0
662172,42
662173,0
662174,0
662175,23
662176,0
662177,30
662178,29
662179,0
662180,0
662181,0
662182,0
662183,0
662184,29
662185,0
662186,0
662187,0
662188,0
662189,0
662190,20
662191,0
662192,0
662193,0
662194,0
662195,20
662196,0
662197,0
662198,0
662199,0
662200,0
662201,0
662202,20
662203,0
662204,42
662205,0
662206,0
662207,0
662208,0
662209,0
662210,0
662211,0
662212,0
662213,0
662214,32
662215,0
662216,0
662217,0
662218,0
662219,0
662220,0
662221,0
662222,0
662223,0
662224,0
662225,0
662226,0
662227,0
662228,0
662229,16
662230,38
662231,35
662232,0
662233,0
662234,22
662235,27
662236,30
662237,27
662238,0
662239,0
662240,0
662241,28
662242,0
662243,0
662244,35
662245,45
662246,13
662247,0
662248,0
662249,0
662250,0
662251,0
662252,0
662253,0
662254,0
662255,0
662256,0
662257,0
662258,11
662259,0
662260,0
662261,0
662262,0
662263,10
662264,0
662265,0
662266,0
662267,0
662268,0
662269,0
662270,24
662271,0
662272,17
662273,8
662274,0
662275,0
662276,0
662277,0
662278,0
662279,0
662280,0
662281,0
662282,16
662283,0
662284,10
662285,0
662286,0
662287,8
662288,0
662289,0
662290,10
662291,0
662292,0
662293,0
662294,0
662295,0
662296,0
662297,0
662298,0
662299,0
662300,21
662301,0
662302,0
662303,0
662304,0
662305,0
662306,0
662307,0
662308,5
662309,0
662310,0
662311,0
662312,10
662313,0
662314,0
662315,0
662316,0
662317,0
662318,0
662319,0
662320,6
662321,0
662322,0
662323,0
662324,0
662325,7
662326,0
662327,0
662328,0
662329,0
662330,0
662331,0
662332,9
662333,0
662334,0
662335,0
662336,8
662337,0
662338,15
662339,0
662340,0
662341,0
662342,0
662343,17
662344,0
662345,0
662346,0
662347,0
662348,0
662349,0
662350,0
662351,0
662352,0
662353,0
662354,0
662355,0
662356,0
662357,0
662358,0
662359,0
662360,15
662361,0
662362,0
662363,0
662364,0
662365,0
662366,0
662367,0
662368,0
662369,0
662370,8
662371,0
662372,0
662373,0
662374,0
662375,21
662376,0
662377,0
662378,0
662379,0
662380,0
662381,0
662382,0
662383,0
662384,0
662385,0
662386,0
662387,0
662388,0
662389,0
662390,0
662391,0
662392,0
662393,0
662394,0
662395,0
662396,0
662397,0
662398,0
662399,0
662400,0
662401,0
662402,16
662403,0
662404,0
662405,0
662406,0
662407,0
662408,8
662409,0
662410,0
662411,0
662412,0
662413,0
662414,0
662415,0
662416,0
662417,0
662418,0
662419,0
662420,0
662421,0
662422,0
662423,0
662424,0
662425,0
662426,0
662427,0
662428,13
662429,0
662430,0
662431,0
662432,0
662433,0
662434,0
662435,0
662436,0
662437,0
662438,0
662439,20
662440,0
662441,0
662442,0
662443,0
662444,0
662445,0
662446,0
662447,0
662448,0
662449,0
662450,19
662451,0
662452,0
662453,0
662454,0
662455,0
662456,0
662457,0
662458,12
662459,0
662460,0
662461,0
662462,0
662463,0
662464,0
662465,0
662466,0
662467,11
662468,0
662469,0
662470,0
662471,0
662472,0
662473,0
662474,12
662475,0
662476,0
662477,0
662478,0
662479,0
662480,0
662481,0
662482,0
662483,0
662484,0
662485,0
662486,0
662487,0
662488,0
662489,0
662490,0
662491,0
662492,14
662493,0
662494,0
662495,0
662496,0
662497,0
662498,0
662499,0
662500,0
662501,0
662502,0
662503,0
662504,0
662505,0
662506,0
662507,0
662508,0
662509,0
662510,0
662511,0
662512,13
662513,16
662514,0
662515,8
662516,0
662517,0
662518,0
662519,0
662520,0
662521,0
662522,0
662523,0
662524,0
662525,0
662526,0
662527,0
662528,0
662529,0
662530,0
662531,0
662532,0
662533,0
662534,16
662535,0
662536,0
662537,0
662538,0
662539,0
662540,0
662541,0
662542,0
662543,7
662544,0
662545,0
662546,6
662547,0
662548,0
662549,0
662550,0
662551,10
662552,0
662553,0
662554,2
662555,0
662556,0
662557,0
662558,0
662559,5
662560,0
662561,0
662562,0
662563,0
662564,0
662565,0
662566,0
662567,7
662568,0
662569,0
662570,0
662571,0
662572,0
662573,0
662574,0
662575,0
662576,4
662577,0
662578,0
662579,0
662580,0
662581,0
662582,6
662583,0
662584,1
662585,0
662586,0
662587,0
662588,0
662589,0
662590,0
662591,0
662592,0
662593,4
662594,0
662595,0
662596,6
662597,0
662598,0
662599,0
662600,0
662601,0
662602,0
662603,0
662604,0
662605,0
662606,0
662607,4
662608,0
662609,7
662610,0
662611,0
662612,0
662613,2
662614,0
662615,0
662616,0
662617,0
662618,0
662619,0
662620,0
662621,0
662622,0
662623,0
662624,0
662625,0
662626,3
662627,0
662628,0
662629,0
662630,0
662631,0
662632,0
662633,0
662634,0
662635,0
662636,0
662637,0
662638,0
662639,0
662640,0
662641,0
662642,5
662643,0
662644,0
662645,0
662646,5
662647,0
662648,0
662649,2
662650,1
662651,0
662652,0
662653,0
662654,3
662655,3
662656,6
662657,4
662658,0
662659,8
662660,0
662661,0
662662,4
662663,0
662664,0
662665,0
662666,5
662667,0
662668,0
662669,0
662670,0
662671,4
662672,0
662673,0
662674,0
662675,0
662676,0
662677,0
662678,0
662679,0
662680,0
662681,0
662682,0
662683,0
662684,0
662685,0
662686,2
662687,0
662688,0
662689,0
662690,0
662691,4
662692,0
662693,0
662694,0
662695,3
662696,0
662697,0
662698,0
662699,3
662700,4
662701,0
662702,0
662703,0
662704,2
662705,5
662706,0
662707,0
662708,3
662709,0
662710,0
662711,0
662712,0
662713,0
662714,0
662715,0
662716,0
662717,7
662718,0
662719,3
662720,2
662721,0
662722,3
662723,0
662724,0
662725,1
662726,0
662727,0
662728,0
662729,0
662730,0
662731,0
662732,0
662733,0
662734,0
662735,0
662736,0
662737,6
662738,0
662739,0
662740,0
662741,0
662742,0
662743,0
662744,2
662745,0
662746,0
662747,0
662748,0
662749,0
662750,0
662751,0
662752,0
662753,35
662754,0
662755,0
662756,0
662757,38
662758,0
662759,0
662760,0
662761,46
662762,37
662763,38
662764,0
662765,38
662766,25
662767,0
662768,0
662769,0
662770,0
662771,28
662772,45
662773,39
662774,39
662775,46
662776,46
662777,0
662778,0
662779,35
662780,0
662781,0
662782,0
662783,0
662784,0
662785,0
662786,0
662787,0
662788,0
662789,0
662790,0
662791,0
662792,0
662793,35
662794,0
662795,0
662796,44
662797,0
662798,48
662799,0
662800,0
662801,0
662802,0
662803,0
662804,0
662805,47
662806,0
662807,0
662808,0
662809,0
662810,0
662811,0
662812,50
662813,0
662814,0
662815,47
662816,0
662817,0
662818,0
662819,0
662820,60
662821,0
662822,0
662823,31
662824,0
662825,0
662826,36
662827,0
662828,0
662829,46
662830,0
662831,45
662832,0
662833,44
662834,33
662835,44
662836,0
662837,0
662838,34
662839,0
662840,35
662841,41
662842,0
662843,0
662844,0
662845,0
662846,0
662847,0
662848,0
662849,0
662850,0
662851,0
662852,39
662853,0
662854,0
662855,0
662856,0
662857,0
662858,0
662859,0
662860,0
662861,0
662862,0
662863,0
662864,0
662865,0
662866,0
662867,0
662868,0
662869,0
662870,0
662871,0
662872,0
662873,0
662874,0
662875,0
662876,0
662877,0
662878,44
662879,0
662880,0
662881,39
662882,0
662883,0
662884,38
662885,0
662886,33
662887,0
662888,0
662889,38
662890,0
662891,0
662892,0
662893,0
662894,0
662895,41
662896,0
662897,0
662898,0
662899,0
662900,0
662901,0
662902,0
662903,0
662904,0
662905,0
662906,21
662907,0
662908,35
662909,0
662910,26
662911,0
662912,43
662913,0
662914,0
662915,0
662916,44
662917,0
662918,0
662919,0
662920,0
662921,0
662922,0
662923,0
662924,0
662925,42
662926,0
662927,0
662928,0
662929,0
662930,0
662931,0
662932,0
662933,0
662934,19
662935,0
662936,0
662937,39
662938,0
662939,0
662940,0
662941,0
662942,0
662943,0
662944,50
662945,0
662946,0
662947,0
662948,0
662949,44
662950,0
662951,0
662952,0
662953,38
662954,0
662955,0
662956,31
662957,0
662958,46
662959,0
662960,0
662961,24
662962,0
662963,0
662964,50
662965,0
662966,42
662967,0
662968,24
662969,0
662970,0
662971,29
662972,0
662973,0
662974,32
662975,45
662976,0
662977,0
662978,53
662979,48
662980,0
662981,60
662982,0
662983,38
662984,0
662985,46
662986,0
662987,33
662988,0
662989,0
662990,0
662991,42
662992,39
662993,0
662994,22
662995,0
662996,0
662997,0
662998,0
662999,42
663000,0
663001,0
663002,0
663003,0
663004,0
663005,17
663006,0
663007,0
663008,0
663009,0
663010,0
663011,0
663012,0
663013,0
663014,0
663015,0
663016,0
663017,0
663018,0
663019,0
663020,0
663021,0
663022,0
663023,0
663024,0
663025,0
663026,0
663027,13
663028,0
663029,0
663030,0
663031,0
663032,0
663033,0
663034,0
663035,0
663036,0
663037,0
663038,0
663039,0
663040,0
663041,0
663042,0
663043,0
663044,0
663045,0
663046,0
663047,0
663048,0
663049,0
663050,0
663051,0
663052,0
663053,0
663054,0
663055,0
663056,0
663057,11
663058,0
663059,0
663060,0
663061,0
663062,0
663063,0
663064,0
663065,0
663066,0
663067,0
663068,0
663069,8
663070,0
663071,8
663072,9
663073,0
663074,0
663075,0
663076,0
663077,0
663078,0
663079,0
663080,0
663081,0
663082,0
663083,7
663084,0
663085,0
663086,0
663087,0
663088,0
663089,0
663090,0
663091,0
663092,0
663093,0
663094,0
663095,0
663096,0
663097,0
663098,0
663099,0
663100,0
663101,0
663102,0
663103,0
663104,0
663105,0
663106,0
663107,0
663108,0
663109,0
663110,0
663111,4
663112,0
663113,0
663114,0
663115,0
663116,0
663117,0
663118,0
663119,0
663120,0
663121,0
663122,0
663123,0
663124,0
663125,0
663126,0
663127,0
663128,0
663129,0
663130,5
663131,0
663132,16
663133,0
663134,12
663135,0
663136,0
663137,0
663138,0
663139,0
663140,0
663141,0
663142,0
663143,0
663144,0
663145,0
663146,0
663147,0
663148,0
663149,0
663150,0
663151,0
663152,0
663153,0
663154,0
663155,0
663156,0
663157,0
663158,0
663159,19
663160,0
663161,0
663162,16
663163,11
663164,0
663165,0
663166,7
663167,0
663168,0
663169,0
663170,0
663171,0
663172,0
663173,0
663174,0
663175,0
663176,0
663177,0
663178,0
663179,0
663180,0
663181,0
663182,12
663183,0
663184,0
663185,0
663186,0
663187,0
663188,0
663189,0
663190,0
663191,0
663192,0
663193,0
663194,0
663195,0
663196,0
663197,0
663198,0
663199,0
663200,0
663201,0
663202,19
663203,12
663204,0
663205,0
663206,0
663207,0
663208,0
663209,0
663210,0
663211,0
663212,0
663213,8
663214,0
663215,0
663216,0
663217,0
663218,0
663219,0
663220,0
663221,0
663222,17
663223,0
663224,0
663225,0
663226,0
663227,0
663228,0
663229,0
663230,0
663231,0
663232,0
663233,0
663234,0
663235,0
663236,0
663237,0
663238,0
663239,0
663240,0
663241,0
663242,0
663243,0
663244,0
663245,0
663246,0
663247,0
663248,0
663249,0
663250,0
663251,0
663252,15
663253,8
663254,0
663255,0
663256,0
663257,0
663258,0
663259,0
663260,0
663261,0
663262,0
663263,0
663264,0
663265,0
663266,0
663267,0
663268,0
663269,0
663270,0
663271,0
663272,0
663273,0
663274,0
663275,0
663276,0
663277,0
663278,0
663279,0
663280,0
663281,0
663282,0
663283,0
663284,0
663285,0
663286,0
663287,0
663288,0
663289,0
663290,0
663291,0
663292,0
663293,0
663294,0
663295,0
663296,0
663297,0
663298,0
663299,0
663300,0
663301,0
663302,0
663303,0
663304,0
663305,0
663306,0
663307,0
663308,0
663309,0
663310,0
663311,0
663312,0
663313,0
663314,0
663315,0
663316,0
663317,0
663318,0
663319,0
663320,0
663321,0
663322,0
663323,0
663324,0
663325,0
663326,0
663327,0
663328,0
663329,0
663330,0
663331,0
663332,0
663333,0
663334,0
663335,0
663336,0
663337,0
663338,0
663339,0
663340,0
663341,0
663342,0
663343,0
663344,0
663345,0
663346,0
663347,0
663348,0
663349,0
663350,0
663351,0
663352,0
663353,0
663354,0
663355,0
663356,0
663357,0
663358,0
663359,0
663360,0
663361,0
663362,0
663363,0
663364,0
663365,0
663366,0
663367,0
663368,0
663369,0
663370,0
663371,0
663372,0
663373,0
663374,0
663375,0
663376,0
663377,0
663378,0
663379,0
663380,0
663381,0
663382,0
663383,0
663384,0
663385,0
663386,0
663387,0
663388,0
663389,0
663390,0
663391,0
663392,0
663393,0
663394,0
663395,0
663396,0
663397,0
663398,0
663399,0
663400,0
663401,0
663402,0
663403,0
663404,0
663405,0
663406,0
663407,0
663408,0
663409,0
663410,0
663411,0
663412,0
663413,0
663414,0
663415,11
663416,0
663417,3
663418,0
663419,0
663420,0
663421,0
663422,7
663423,0
663424,0
663425,0
663426,0
663427,0
663428,0
663429,0
663430,0
663431,0
663432,0
663433,11
663434,0
663435,0
663436,0
663437,0
663438,10
663439,7
663440,9
663441,0
663442,0
663443,0
663444,10
663445,3
663446,0
663447,0
663448,0
663449,0
663450,7
663451,8
663452,0
663453,0
663454,0
663455,0
663456,0
663457,0
663458,0
663459,11
663460,0
663461,0
663462,0
663463,0
663464,0
663465,0
663466,0
663467,0
663468,0
663469,0
663470,0
663471,0
663472,7
663473,0
663474,0
663475,8
663476,0
663477,0
663478,0
663479,0
663480,9
663481,0
663482,0
663483,0
663484,0
663485,8
663486,0
663487,0
663488,0
663489,0
663490,0
663491,0
663492,0
663493,9
663494,4
663495,0
663496,0
663497,4
663498,0
663499,7
663500,0
663501,0
663502,0
663503,0
663504,7
663505,0
663506,0
663507,8
663508,0
663509,0
663510,6
663511,0
663512,8
663513,0
663514,0
663515,0
663516,9
663517,14
663518,0
663519,0
663520,0
663521,0
663522,0
663523,0
663524,5
663525,0
663526,0
663527,0
663528,0
663529,0
663530,8
663531,0
663532,11
663533,0
663534,3
663535,12
663536,0
663537,0
663538,0
663539,7
663540,0
663541,0
663542,0
663543,0
663544,6
663545,7
663546,0
663547,11
663548,0
663549,6
663550,0
663551,0
663552,5
663553,0
663554,0
663555,0
663556,0
663557,0
663558,0
663559,0
663560,0
663561,0
663562,0
663563,0
663564,0
663565,0
663566,0
663567,0
663568,0
663569,0
663570,0
663571,7
663572,0
663573,0
663574,0
663575,0
663576,0
663577,0
663578,0
663579,0
663580,0
663581,0
663582,0
663583,0
663584,0
663585,8
663586,0
663587,0
663588,0
663589,7
663590,0
663591,0
663592,0
663593,0
663594,0
663595,0
663596,0
663597,0
663598,5
663599,7
663600,0
663601,9
663602,4
663603,6
663604,0
663605,0
663606,0
663607,0
663608,0
663609,0
663610,0
663611,0
663612,0
663613,10
663614,0
663615,0
663616,0
663617,7
663618,0
663619,6
663620,0
663621,0
663622,0
663623,0
663624,0
663625,0
663626,0
663627,6
663628,0
663629,0
663630,0
663631,5
663632,0
663633,0
663634,0
663635,0
663636,0
663637,0
663638,9
663639,0
663640,0
663641,5
663642,0
663643,0
663644,0
663645,0
663646,0
663647,0
663648,0
663649,7
663650,0
663651,0
663652,0
663653,0
663654,4
663655,0
663656,0
663657,0
663658,0
663659,3
663660,0
663661,0
663662,0
663663,7
663664,5
663665,0
663666,8
663667,0
663668,0
663669,0
663670,0
663671,0
663672,0
663673,0
663674,4
663675,0
663676,11
663677,0
663678,0
663679,8
663680,0
663681,0
663682,0
663683,0
663684,0
663685,0
663686,0
663687,7
663688,0
663689,0
663690,0
663691,0
663692,0
663693,5
663694,0
663695,0
663696,0
663697,0
663698,13
663699,0
663700,9
663701,0
663702,0
663703,0
663704,0
663705,0
663706,0
663707,0
663708,0
663709,0
663710,0
663711,0
663712,0
663713,5
663714,15
663715,0
663716,0
663717,0
663718,0
663719,0
663720,0
663721,0
663722,0
663723,0
663724,0
663725,0
663726,0
663727,0
663728,0
663729,0
663730,0
663731,0
663732,0
663733,4
663734,0
663735,0
663736,0
663737,0
663738,0
663739,0
663740,7
663741,12
663742,0
663743,0
663744,0
663745,0
663746,0
663747,0
663748,0
663749,0
663750,5
663751,6
663752,0
663753,0
663754,0
663755,0
663756,0
663757,0
663758,0
663759,0
663760,0
663761,5
663762,0
663763,0
663764,0
663765,0
663766,0
663767,6
663768,0
663769,0
663770,0
663771,0
663772,0
663773,0
663774,0
663775,0
663776,0
663777,0
663778,0
663779,0
663780,0
663781,0
663782,0
663783,2
663784,0
663785,0
663786,11
663787,0
663788,0
663789,0
663790,9
663791,0
663792,0
663793,10
663794,0
663795,0
663796,0
663797,0
663798,8
663799,9
663800,0
663801,0
663802,0
663803,0
663804,0
663805,4
663806,0
663807,0
663808,0
663809,0
663810,6
663811,0
663812,0
663813,0
663814,0
663815,12
663816,0
663817,12
663818,0
663819,0
663820,0
663821,6
663822,0
663823,0
663824,11
663825,0
663826,2
663827,5
663828,0
663829,0
663830,0
663831,0
663832,0
663833,0
663834,6
663835,0
663836,0
663837,0
663838,0
663839,0
663840,0
663841,0
663842,0
663843,8
663844,3
663845,0
663846,0
663847,0
663848,0
663849,10
663850,0
663851,0
663852,10
663853,0
663854,0
663855,0
663856,0
663857,0
663858,0
663859,6
663860,3
663861,0
663862,0
663863,0
663864,0
663865,0
663866,0
663867,0
663868,0
663869,8
663870,0
663871,0
663872,0
663873,0
663874,0
663875,0
663876,0
663877,10
663878,0
663879,0
663880,9
663881,4
663882,7
663883,0
663884,0
663885,0
663886,0
663887,0
663888,0
663889,0
663890,0
663891,10
663892,0
663893,0
663894,0
663895,0
663896,0
663897,0
663898,7
663899,0
663900,0
663901,7
663902,0
663903,10
663904,12
663905,0
663906,0
663907,5
663908,0
663909,0
663910,0
663911,11
663912,0
663913,0
663914,9
663915,0
663916,13
663917,0
663918,9
663919,0
663920,0
663921,14
663922,0
663923,0
663924,0
663925,0
663926,9
663927,0
663928,0
663929,0
663930,0
663931,5
663932,0
663933,0
663934,11
663935,12
663936,2
663937,6
663938,0
663939,10
663940,0
663941,4
663942,0
663943,0
663944,9
663945,0
663946,0
663947,0
663948,0
663949,0
663950,6
663951,0
663952,0
663953,0
663954,0
663955,0
663956,0
663957,5
663958,0
663959,7
663960,0
663961,0
663962,6
663963,0
663964,0
663965,0
663966,0
663967,0
663968,0
663969,4
663970,14
663971,0
663972,0
663973,0
663974,0
663975,0
663976,0
663977,4
663978,0
663979,0
663980,4
663981,0
663982,0
663983,5
663984,0
663985,0
663986,0
663987,0
663988,0
663989,0
663990,0
663991,0
663992,0
663993,0
663994,0
663995,0
663996,0
663997,5
663998,0
663999,0
664000,0
664001,8
664002,7
664003,3
664004,9
664005,0
664006,0
664007,8
664008,0
664009,0
664010,10
664011,0
664012,0
664013,4
664014,0
664015,0
664016,0
664017,0
664018,7
664019,0
664020,0
664021,0
664022,0
664023,0
664024,3
664025,0
664026,0
664027,0
664028,4
664029,0
664030,10
664031,0
664032,6
664033,0
664034,0
664035,0
664036,0
664037,5
664038,0
664039,0
664040,11
664041,0
664042,0
664043,0
664044,8
664045,0
664046,0
664047,2
664048,11
664049,0
664050,8
664051,7
664052,1
664053,0
664054,0
664055,5
664056,16
664057,0
664058,0
664059,0
664060,10
664061,0
664062,10
664063,0
664064,0
664065,10
664066,0
664067,0
664068,0
664069,0
664070,0
664071,0
664072,0
664073,0
664074,0
664075,0
664076,0
664077,0
664078,9
664079,0
664080,0
664081,0
664082,0
664083,3
664084,0
664085,0
664086,3
664087,8
664088,10
664089,11
664090,0
664091,0
664092,10
664093,5
664094,0
664095,0
664096,0
664097,0
664098,0
664099,12
664100,0
664101,6
664102,0
664103,0
664104,0
664105,4
664106,0
664107,8
664108,0
664109,0
664110,7
664111,8
664112,0
664113,0
664114,0
664115,16
664116,0
664117,7
664118,0
664119,0
664120,0
664121,0
664122,0
664123,8
664124,7
664125,0
664126,2
664127,9
664128,0
664129,0
664130,13
664131,0
664132,0
664133,0
664134,0
664135,0
664136,0
664137,7
664138,8
664139,0
664140,0
664141,0
664142,4
664143,0
664144,0
664145,0
664146,11
664147,0
664148,0
664149,0
664150,0
664151,0
664152,0
664153,0
664154,0
664155,0
664156,0
664157,0
664158,0
664159,0
664160,0
664161,12
664162,0
664163,7
664164,8
664165,0
664166,0
664167,0
664168,0
664169,0
664170,5
664171,0
664172,0
664173,0
664174,0
664175,0
664176,0
664177,0
664178,0
664179,0
664180,10
664181,0
664182,9
664183,0
664184,0
664185,0
664186,11
664187,10
664188,0
664189,0
664190,11
664191,0
664192,7
664193,0
664194,0
664195,0
664196,0
664197,0
664198,0
664199,0
664200,0
664201,0
664202,0
664203,5
664204,0
664205,0
664206,0
664207,0
664208,12
664209,4
664210,0
664211,0
664212,0
664213,0
664214,0
664215,4
664216,0
664217,0
664218,8
664219,0
664220,0
664221,5
664222,0
664223,4
664224,4
664225,8
664226,0
664227,3
664228,0
664229,0
664230,0
664231,0
664232,0
664233,0
664234,8
664235,0
664236,0
664237,8
664238,0
664239,0
664240,0
664241,12
664242,0
664243,0
664244,14
664245,0
664246,0
664247,0
664248,0
664249,0
664250,0
664251,0
664252,0
664253,0
664254,0
664255,0
664256,5
664257,0
664258,0
664259,9
664260,4
664261,14
664262,8
664263,0
664264,3
664265,0
664266,9
664267,0
664268,0
664269,8
664270,11
664271,0
664272,6
664273,0
664274,0
664275,0
664276,0
664277,0
664278,9
664279,2
664280,8
664281,3
664282,0
664283,5
664284,0
664285,8
664286,0
664287,4
664288,0
664289,0
664290,3
664291,14
664292,5
664293,0
664294,0
664295,6
664296,0
664297,0
664298,0
664299,0
664300,0
664301,0
664302,0
664303,0
664304,0
664305,0
664306,41
664307,0
664308,0
664309,0
664310,0
664311,0
664312,0
664313,0
664314,0
664315,0
664316,0
664317,0
664318,0
664319,0
664320,0
664321,0
664322,0
664323,0
664324,0
664325,0
664326,0
664327,0
664328,0
664329,0
664330,0
664331,0
664332,0
664333,0
664334,22
664335,0
664336,0
664337,0
664338,0
664339,0
664340,0
664341,0
664342,0
664343,29
664344,0
664345,0
664346,0
664347,28
664348,0
664349,0
664350,0
664351,0
664352,0
664353,0
664354,0
664355,0
664356,0
664357,0
664358,20
664359,0
664360,0
664361,0
664362,0
664363,0
664364,0
664365,15
664366,0
664367,0
664368,0
664369,0
664370,0
664371,0
664372,0
664373,0
664374,0
664375,0
664376,0
664377,0
664378,0
664379,0
664380,0
664381,0
664382,0
664383,0
664384,0
664385,0
664386,0
664387,0
664388,0
664389,0
664390,0
664391,0
664392,32
664393,0
664394,0
664395,0
664396,0
664397,0
664398,0
664399,0
664400,0
664401,0
664402,0
664403,0
664404,0
664405,0
664406,0
664407,0
664408,0
664409,25
664410,0
664411,0
664412,0
664413,0
664414,28
664415,0
664416,0
664417,0
664418,0
664419,0
664420,0
664421,23
664422,0
664423,0
664424,0
664425,0
664426,0
664427,0
664428,0
664429,0
664430,0
664431,51
664432,0
664433,0
664434,0
664435,0
664436,0
664437,0
664438,0
664439,0
664440,0
664441,0
664442,0
664443,0
664444,0
664445,0
664446,17
664447,0
664448,0
664449,0
664450,0
664451,0
664452,0
664453,0
664454,0
664455,0
664456,0
664457,0
664458,0
664459,41
664460,0
664461,0
664462,0
664463,0
664464,30
664465,0
664466,0
664467,0
664468,0
664469,0
664470,0
664471,0
664472,0
664473,0
664474,0
664475,0
664476,25
664477,0
664478,0
664479,0
664480,21
664481,0
664482,0
664483,0
664484,0
664485,0
664486,0
664487,0
664488,0
664489,0
664490,0
664491,0
664492,22
664493,0
664494,0
664495,0
664496,0
664497,0
664498,0
664499,0
664500,36
664501,0
664502,0
664503,0
664504,0
664505,0
664506,0
664507,0
664508,0
664509,0
664510,0
664511,0
664512,0
664513,0
664514,0
664515,0
664516,0
664517,0
664518,0
664519,0
664520,0
664521,0
664522,0
664523,0
664524,0
664525,0
664526,0
664527,0
664528,0
664529,0
664530,0
664531,0
664532,0
664533,0
664534,0
664535,0
664536,0
664537,0
664538,0
664539,0
664540,0
664541,0
664542,37
664543,0
664544,0
664545,0
664546,0
664547,0
664548,0
664549,0
664550,21
664551,0
664552,0
664553,0
664554,0
664555,0
664556,0
664557,0
664558,0
664559,0
664560,0
664561,0
664562,23
664563,0
664564,0
664565,25
664566,0
664567,0
664568,0
664569,0
664570,0
664571,0
664572,0
664573,0
664574,30
664575,0
664576,0
664577,0
664578,0
664579,0
664580,0
664581,0
664582,0
664583,0
664584,0
664585,0
664586,0
664587,0
664588,0
664589,22
664590,0
664591,0
664592,0
664593,24
664594,0
664595,0
664596,0
664597,0
664598,0
664599,0
664600,0
664601,0
664602,0
664603,0
664604,0
664605,0
664606,0
664607,0
664608,0
664609,0
664610,0
664611,0
664612,0
664613,0
664614,0
664615,0
664616,0
664617,21
664618,0
664619,0
664620,0
664621,0
664622,0
664623,0
664624,24
664625,0
664626,0
664627,0
664628,0
664629,0
664630,0
664631,0
664632,0
664633,32
664634,0
664635,0
664636,0
664637,0
664638,0
664639,0
664640,0
664641,0
664642,0
664643,0
664644,0
664645,0
664646,0
664647,0
664648,0
664649,0
664650,0
664651,0
664652,0
664653,0
664654,0
664655,0
664656,0
664657,0
664658,0
664659,0
664660,0
664661,0
664662,0
664663,0
664664,0
664665,0
664666,0
664667,0
664668,0
664669,0
664670,0
664671,0
664672,0
664673,0
664674,0
664675,0
664676,0
664677,0
664678,0
664679,0
664680,0
664681,0
664682,0
664683,0
664684,0
664685,0
664686,0
664687,0
664688,0
664689,7
664690,0
664691,0
664692,0
664693,0
664694,0
664695,0
664696,0
664697,0
664698,0
664699,0
664700,0
664701,0
664702,0
664703,4
664704,0
664705,0
664706,0
664707,0
664708,0
664709,0
664710,9
664711,0
664712,0
664713,0
664714,0
664715,0
664716,0
664717,0
664718,0
664719,0
664720,0
664721,0
664722,0
664723,0
664724,0
664725,0
664726,0
664727,0
664728,9
664729,0
664730,0
664731,0
664732,0
664733,0
664734,0
664735,0
664736,0
664737,0
664738,4
664739,0
664740,0
664741,0
664742,0
664743,0
664744,15
664745,0
664746,0
664747,0
664748,0
664749,6
664750,0
664751,0
664752,0
664753,0
664754,0
664755,0
664756,0
664757,0
664758,0
664759,0
664760,10
664761,0
664762,0
664763,0
664764,0
664765,0
664766,0
664767,0
664768,0
664769,0
664770,0
664771,0
664772,0
664773,0
664774,6
664775,0
664776,0
664777,0
664778,0
664779,0
664780,0
664781,0
664782,0
664783,0
664784,0
664785,0
664786,0
664787,0
664788,0
664789,0
664790,0
664791,0
664792,0
664793,0
664794,8
664795,0
664796,0
664797,0
664798,0
664799,0
664800,0
664801,0
664802,0
664803,0
664804,0
664805,0
664806,11
664807,0
664808,0
664809,0
664810,0
664811,0
664812,0
664813,0
664814,0
664815,0
664816,0
664817,0
664818,0
664819,0
664820,0
664821,0
664822,0
664823,0
664824,12
664825,0
664826,0
664827,0
664828,0
664829,0
664830,0
664831,0
664832,0
664833,0
664834,0
664835,3
664836,0
664837,8
664838,0
664839,0
664840,0
664841,0
664842,10
664843,0
664844,0
664845,0
664846,0
664847,0
664848,0
664849,0
664850,0
664851,0
664852,0
664853,0
664854,0
664855,0
664856,0
664857,0
664858,0
664859,0
664860,0
664861,0
664862,0
664863,0
664864,0
664865,0
664866,0
664867,0
664868,0
664869,0
664870,0
664871,0
664872,0
664873,0
664874,0
664875,0
664876,0
664877,0
664878,16
664879,0
664880,0
664881,0
664882,0
664883,0
664884,0
664885,0
664886,4
664887,0
664888,0
664889,0
664890,9
664891,0
664892,0
664893,0
664894,0
664895,0
664896,0
664897,0
664898,0
664899,0
664900,0
664901,0
664902,9
664903,0
664904,0
664905,0
664906,0
664907,0
664908,0
664909,0
664910,0
664911,0
664912,0
664913,0
664914,0
664915,0
664916,0
664917,0
664918,0
664919,0
664920,6
664921,0
664922,0
664923,4
664924,0
664925,0
664926,0
664927,0
664928,0
664929,0
664930,0
664931,0
664932,0
664933,0
664934,0
664935,0
664936,0
664937,0
664938,0
664939,0
664940,0
664941,0
664942,0
664943,0
664944,0
664945,0
664946,0
664947,0
664948,0
664949,0
664950,0
664951,0
664952,0
664953,0
664954,0
664955,0
664956,0
664957,0
664958,0
664959,0
664960,0
664961,0
664962,0
664963,0
664964,0
664965,0
664966,0
664967,0
664968,0
664969,0
664970,0
664971,0
664972,0
664973,4
664974,0
664975,0
664976,0
664977,0
664978,0
664979,0
664980,0
664981,12
664982,0
664983,12
664984,0
664985,0
664986,0
664987,0
664988,0
664989,0
664990,0
664991,0
664992,0
664993,0
664994,0
664995,10
664996,0
664997,0
664998,6
664999,0
665000,0
665001,0
665002,0
665003,0
665004,12
665005,0
665006,0
665007,0
665008,9
665009,0
665010,0
665011,0
665012,0
665013,0
665014,0
665015,0
665016,0
665017,0
665018,0
665019,0
665020,0
665021,0
665022,0
665023,0
665024,0
665025,0
665026,0
665027,0
665028,0
665029,0
665030,0
665031,0
665032,0
665033,0
665034,0
665035,0
665036,0
665037,0
665038,12
665039,0
665040,0
665041,0
665042,0
665043,0
665044,0
665045,0
665046,4
665047,0
665048,0
665049,0
665050,0
665051,0
665052,0
665053,0
665054,0
665055,0
665056,0
665057,0
665058,0
665059,0
665060,0
665061,0
665062,0
665063,0
665064,0
665065,0
665066,0
665067,8
665068,0
665069,0
665070,0
665071,0
665072,0
665073,0
665074,0
665075,0
665076,0
665077,0
665078,0
665079,0
665080,0
665081,0
665082,1
665083,10
665084,0
665085,0
665086,0
665087,0
665088,0
665089,0
665090,0
665091,0
665092,0
665093,0
665094,4
665095,0
665096,0
665097,0
665098,0
665099,0
665100,0
665101,0
665102,0
665103,0
665104,0
665105,0
665106,0
665107,0
665108,0
665109,0
665110,0
665111,0
665112,0
665113,0
665114,0
665115,0
665116,0
665117,0
665118,0
665119,0
665120,0
665121,0
665122,0
665123,0
665124,0
665125,0
665126,0
665127,0
665128,4
665129,0
665130,0
665131,0
665132,0
665133,0
665134,0
665135,0
665136,0
665137,0
665138,0
665139,0
665140,0
665141,0
665142,0
665143,0
665144,0
665145,0
665146,0
665147,0
665148,0
665149,0
665150,0
665151,0
665152,0
665153,0
665154,0
665155,0
665156,0
665157,0
665158,0
665159,0
665160,0
665161,0
665162,0
665163,0
665164,0
665165,0
665166,0
665167,0
665168,0
665169,0
665170,0
665171,0
665172,0
665173,0
665174,0
665175,0
665176,0
665177,0
665178,0
665179,0
665180,0
665181,0
665182,0
665183,0
665184,0
665185,0
665186,0
665187,0
665188,0
665189,0
665190,0
665191,0
665192,0
665193,10
665194,0
665195,0
665196,10
665197,0
665198,0
665199,0
665200,0
665201,0
665202,0
665203,0
665204,5
665205,0
665206,0
665207,14
665208,0
665209,0
665210,0
665211,0
665212,0
665213,0
665214,0
665215,0
665216,0
665217,0
665218,0
665219,0
665220,11
665221,0
665222,0
665223,0
665224,0
665225,0
665226,0
665227,0
665228,0
665229,0
665230,0
665231,0
665232,0
665233,0
665234,0
665235,0
665236,0
665237,0
665238,0
665239,0
665240,0
665241,0
665242,2
665243,0
665244,0
665245,0
665246,0
665247,0
665248,0
665249,0
665250,7
665251,0
665252,0
665253,0
665254,6
665255,0
665256,0
665257,0
665258,0
665259,10
665260,0
665261,0
665262,8
665263,0
665264,0
665265,0
665266,0
665267,0
665268,0
665269,5
665270,0
665271,0
665272,0
665273,0
665274,0
665275,0
665276,0
665277,0
665278,0
665279,0
665280,12
665281,11
665282,0
665283,0
665284,0
665285,0
665286,0
665287,0
665288,0
665289,0
665290,0
665291,0
665292,0
665293,0
665294,13
665295,0
665296,0
665297,0
665298,6
665299,0
665300,0
665301,0
665302,0
665303,0
665304,0
665305,0
665306,0
665307,0
665308,0
665309,0
665310,9
665311,0
665312,0
665313,0
665314,0
665315,0
665316,0
665317,0
665318,0
665319,0
665320,10
665321,0
665322,0
665323,0
665324,0
665325,0
665326,5
665327,0
665328,0
665329,0
665330,0
665331,0
665332,0
665333,0
665334,0
665335,0
665336,0
665337,0
665338,0
665339,8
665340,6
665341,0
665342,0
665343,0
665344,0
665345,0
665346,0
665347,0
665348,0
665349,0
665350,0
665351,0
665352,0
665353,0
665354,0
665355,0
665356,0
665357,0
665358,0
665359,0
665360,0
665361,6
665362,0
665363,0
665364,5
665365,0
665366,0
665367,0
665368,0
665369,0
665370,0
665371,0
665372,0
665373,0
665374,13
665375,0
665376,13
665377,0
665378,0
665379,0
665380,0
665381,0
665382,0
665383,12
665384,0
665385,0
665386,0
665387,7
665388,0
665389,0
665390,0
665391,0
665392,0
665393,8
665394,0
665395,0
665396,0
665397,0
665398,0
665399,0
665400,12
665401,0
665402,0
665403,0
665404,0
665405,0
665406,0
665407,0
665408,0
665409,11
665410,0
665411,0
665412,0
665413,0
665414,0
665415,0
665416,0
665417,0
665418,0
665419,0
665420,0
665421,0
665422,0
665423,0
665424,0
665425,0
665426,0
665427,0
665428,0
665429,0
665430,0
665431,0
665432,0
665433,0
665434,0
665435,0
665436,0
665437,0
665438,0
665439,0
665440,0
665441,0
665442,0
665443,0
665444,0
665445,0
665446,0
665447,0
665448,0
665449,0
665450,0
665451,0
665452,0
665453,0
665454,0
665455,0
665456,0
665457,0
665458,0
665459,0
665460,0
665461,0
665462,0
665463,0
665464,0
665465,0
665466,0
665467,0
665468,0
665469,0
665470,4
665471,0
665472,0
665473,0
665474,0
665475,0
665476,13
665477,7
665478,0
665479,0
665480,0
665481,0
665482,0
665483,0
665484,8
665485,0
665486,0
665487,0
665488,0
665489,0
665490,0
665491,0
665492,0
665493,0
665494,0
665495,0
665496,0
665497,0
665498,0
665499,0
665500,0
665501,0
665502,0
665503,0
665504,0
665505,0
665506,0
665507,0
665508,0
665509,0
665510,0
665511,0
665512,0
665513,0
665514,0
665515,0
665516,0
665517,0
665518,0
665519,0
665520,0
665521,0
665522,0
665523,0
665524,0
665525,0
665526,6
665527,0
665528,0
665529,10
665530,0
665531,6
665532,0
665533,0
665534,0
665535,0
665536,0
665537,0
665538,0
665539,0
665540,0
665541,0
665542,0
665543,0
665544,0
665545,0
665546,0
665547,0
665548,0
665549,0
665550,0
665551,0
665552,0
665553,0
665554,20
665555,15
665556,19
665557,0
665558,0
665559,0
665560,0
665561,0
665562,0
665563,0
665564,0
665565,0
665566,0
665567,0
665568,0
665569,0
665570,0
665571,0
665572,0
665573,0
665574,0
665575,0
665576,0
665577,0
665578,0
665579,6
665580,0
665581,0
665582,0
665583,0
665584,0
665585,0
665586,0
665587,0
665588,0
665589,0
665590,0
665591,0
665592,0
665593,0
665594,0
665595,0
665596,0
665597,0
665598,0
665599,0
665600,0
665601,0
665602,0
665603,0
665604,0
665605,0
665606,0
665607,0
665608,0
665609,0
665610,0
665611,0
665612,0
665613,0
665614,0
665615,0
665616,0
665617,0
665618,0
665619,0
665620,0
665621,4
665622,0
665623,10
665624,0
665625,0
665626,0
665627,0
665628,0
665629,12
665630,0
665631,0
665632,0
665633,0
665634,0
665635,0
665636,0
665637,0
665638,0
665639,0
665640,0
665641,0
665642,0
665643,0
665644,0
665645,0
665646,0
665647,0
665648,0
665649,0
665650,0
665651,0
665652,0
665653,0
665654,0
665655,0
665656,0
665657,0
665658,0
665659,0
665660,0
665661,0
665662,0
665663,0
665664,0
665665,0
665666,0
665667,0
665668,0
665669,0
665670,0
665671,0
665672,0
665673,0
665674,0
665675,0
665676,0
665677,0
665678,0
665679,0
665680,0
665681,0
665682,0
665683,0
665684,0
665685,0
665686,0
665687,0
665688,0
665689,0
665690,0
665691,0
665692,0
665693,0
665694,1
665695,0
665696,0
665697,0
665698,0
665699,0
665700,0
665701,0
665702,0
665703,0
665704,0
665705,0
665706,0
665707,0
665708,0
665709,0
665710,0
665711,0
665712,0
665713,0
665714,0
665715,0
665716,0
665717,0
665718,0
665719,0
665720,0
665721,0
665722,1
665723,0
665724,2
665725,0
665726,0
665727,0
665728,0
665729,0
665730,0
665731,0
665732,0
665733,0
665734,0
665735,0
665736,0
665737,0
665738,0
665739,4
665740,0
665741,0
665742,0
665743,0
665744,0
665745,0
665746,0
665747,0
665748,0
665749,0
665750,0
665751,0
665752,0
665753,0
665754,0
665755,0
665756,2
665757,0
665758,0
665759,0
665760,0
665761,0
665762,0
665763,0
665764,0
665765,0
665766,0
665767,0
665768,0
665769,0
665770,0
665771,0
665772,0
665773,0
665774,0
665775,0
665776,0
665777,1
665778,0
665779,0
665780,0
665781,0
665782,0
665783,0
665784,5
665785,0
665786,0
665787,0
665788,0
665789,0
665790,0
665791,0
665792,0
665793,0
665794,0
665795,0
665796,0
665797,0
665798,0
665799,0
665800,0
665801,1
665802,0
665803,2
665804,0
665805,0
665806,0
665807,0
665808,0
665809,0
665810,0
665811,0
665812,0
665813,0
665814,0
665815,0
665816,0
665817,0
665818,0
665819,0
665820,0
665821,0
665822,0
665823,0
665824,0
665825,0
665826,0
665827,0
665828,0
665829,0
665830,0
665831,0
665832,0
665833,0
665834,0
665835,0
665836,0
665837,0
665838,0
665839,0
665840,0
665841,0
665842,0
665843,0
665844,0
665845,0
665846,0
665847,0
665848,0
665849,0
665850,0
665851,0
665852,0
665853,0
665854,0
665855,0
665856,0
665857,0
665858,0
665859,0
665860,0
665861,0
665862,0
665863,0
665864,0
665865,0
665866,0
665867,0
665868,0
665869,0
665870,0
665871,0
665872,0
665873,0
665874,0
665875,0
665876,0
665877,0
665878,0
665879,0
665880,0
665881,0
665882,0
665883,0
665884,0
665885,0
665886,0
665887,0
665888,0
665889,0
665890,0
665891,0
665892,0
665893,0
665894,0
665895,0
665896,0
665897,0
665898,2
665899,0
665900,0
665901,0
665902,0
665903,0
665904,0
665905,0
665906,0
665907,0
665908,0
665909,0
665910,0
665911,2
665912,0
665913,0
665914,0
665915,0
665916,0
665917,0
665918,0
665919,0
665920,0
665921,0
665922,0
665923,0
665924,0
665925,0
665926,0
665927,0
665928,0
665929,0
665930,2
665931,0
665932,0
665933,0
665934,0
665935,0
665936,2
665937,0
665938,0
665939,0
665940,0
665941,0
665942,0
665943,0
665944,0
665945,0
665946,0
665947,0
665948,0
665949,0
665950,0
665951,0
665952,0
665953,0
665954,2
665955,0
665956,0
665957,0
665958,0
665959,0
665960,0
665961,0
665962,0
665963,0
665964,0
665965,0
665966,0
665967,2
665968,0
665969,0
665970,0
665971,0
665972,0
665973,0
665974,0
665975,0
665976,0
665977,0
665978,0
665979,0
665980,0
665981,0
665982,0
665983,0
665984,0
665985,0
665986,0
665987,0
665988,0
665989,0
665990,0
665991,0
665992,0
665993,0
665994,0
665995,0
665996,0
665997,0
665998,0
665999,0
666000,0
666001,0
666002,0
666003,0
666004,0
666005,0
666006,0
666007,0
666008,0
666009,3
666010,0
666011,0
666012,0
666013,0
666014,0
666015,0
666016,1
666017,0
666018,0
666019,0
666020,0
666021,4
666022,0
666023,0
666024,0
666025,1
666026,0
666027,0
666028,0
666029,0
666030,0
666031,0
666032,0
666033,0
666034,0
666035,0
666036,0
666037,0
666038,0
666039,0
666040,0
666041,0
666042,0
666043,0
666044,0
666045,0
666046,0
666047,0
666048,0
666049,4
666050,0
666051,0
666052,0
666053,0
666054,0
666055,1
666056,1
666057,0
666058,0
666059,0
666060,0
666061,0
666062,0
666063,0
666064,0
666065,0
666066,0
666067,0
666068,2
666069,0
666070,0
666071,0
666072,0
666073,0
666074,0
666075,0
666076,0
666077,0
666078,0
666079,0
666080,0
666081,0
666082,0
666083,0
666084,0
666085,0
666086,0
666087,0
666088,0
666089,0
666090,0
666091,0
666092,0
666093,0
666094,0
666095,0
666096,0
666097,0
666098,0
666099,0
666100,0
666101,0
666102,0
666103,0
666104,0
666105,0
666106,0
666107,0
666108,0
666109,0
666110,0
666111,0
666112,4
666113,0
666114,0
666115,1
666116,0
666117,0
666118,0
666119,0
666120,0
666121,0
666122,0
666123,0
666124,0
666125,0
666126,0
666127,3
666128,0
666129,1
666130,0
666131,0
666132,0
666133,0
666134,0
666135,0
666136,0
666137,0
666138,0
666139,0
666140,0
666141,0
666142,0
666143,0
666144,0
666145,0
666146,0
666147,5
666148,0
666149,0
666150,0
666151,0
666152,0
666153,0
666154,0
666155,0
666156,0
666157,0
666158,0
666159,0
666160,0
666161,0
666162,0
666163,0
666164,0
666165,0
666166,0
666167,0
666168,0
666169,0
666170,0
666171,0
666172,0
666173,0
666174,0
666175,0
666176,0
666177,0
666178,0
666179,0
666180,0
666181,0
666182,0
666183,0
666184,0
666185,0
666186,0
666187,0
666188,0
666189,2
666190,1
666191,0
666192,0
666193,0
666194,0
666195,0
666196,0
666197,0
666198,0
666199,0
666200,0
666201,0
666202,0
666203,0
666204,0
666205,1
666206,0
666207,0
666208,0
666209,0
666210,0
666211,0
666212,0
666213,0
666214,0
666215,0
666216,0
666217,0
666218,0
666219,0
666220,0
666221,0
666222,0
666223,0
666224,0
666225,0
666226,0
666227,0
666228,0
666229,0
666230,0
666231,0
666232,0
666233,0
666234,0
666235,0
666236,0
666237,0
666238,0
666239,0
666240,0
666241,0
666242,0
666243,0
666244,0
666245,0
666246,0
666247,0
666248,0
666249,0
666250,0
666251,0
666252,0
666253,0
666254,0
666255,0
666256,0
666257,0
666258,0
666259,0
666260,0
666261,0
666262,0
666263,1
666264,0
666265,0
666266,0
666267,0
666268,0
666269,0
666270,4
666271,0
666272,0
666273,0
666274,0
666275,0
666276,0
666277,0
666278,0
666279,0
666280,0
666281,0
666282,0
666283,0
666284,0
666285,0
666286,0
666287,0
666288,0
666289,0
666290,0
666291,1
666292,0
666293,0
666294,0
666295,0
666296,0
666297,0
666298,0
666299,0
666300,0
666301,0
666302,0
666303,0
666304,0
666305,0
666306,1
666307,0
666308,0
666309,0
666310,0
666311,0
666312,0
666313,0
666314,0
666315,0
666316,2
666317,0
666318,0
666319,0
666320,0
666321,0
666322,0
666323,0
666324,0
666325,0
666326,0
666327,0
666328,0
666329,0
666330,0
666331,0
666332,0
666333,0
666334,0
666335,0
666336,0
666337,0
666338,0
666339,0
666340,0
666341,0
666342,0
666343,0
666344,0
666345,0
666346,0
666347,0
666348,0
666349,0
666350,0
666351,0
666352,0
666353,0
666354,0
666355,0
666356,0
666357,0
666358,0
666359,2
666360,0
666361,0
666362,0
666363,0
666364,2
666365,0
666366,0
666367,0
666368,2
666369,0
666370,0
666371,0
666372,0
666373,0
666374,1
666375,0
666376,0
666377,0
666378,0
666379,0
666380,0
666381,0
666382,0
666383,0
666384,0
666385,0
666386,0
666387,2
666388,0
666389,3
666390,0
666391,0
666392,0
666393,0
666394,0
666395,0
666396,0
666397,0
666398,0
666399,0
666400,0
666401,0
666402,0
666403,0
666404,0
666405,1
666406,0
666407,0
666408,0
666409,0
666410,0
666411,0
666412,0
666413,0
666414,0
666415,0
666416,0
666417,0
666418,0
666419,0
666420,0
666421,0
666422,0
666423,0
666424,0
666425,0
666426,0
666427,0
666428,0
666429,0
666430,2
666431,2
666432,0
666433,0
666434,0
666435,0
666436,0
666437,1
666438,0
666439,0
666440,0
666441,0
666442,0
666443,0
666444,0
666445,0
666446,0
666447,0
666448,0
666449,0
666450,0
666451,0
666452,2
666453,0
666454,0
666455,0
666456,0
666457,0
666458,2
666459,0
666460,0
666461,6
666462,0
666463,0
666464,0
666465,0
666466,0
666467,0
666468,0
666469,0
666470,5
666471,0
666472,0
666473,0
666474,0
666475,0
666476,0
666477,0
666478,0
666479,0
666480,0
666481,0
666482,0
666483,0
666484,0
666485,0
666486,6
666487,0
666488,0
666489,0
666490,0
666491,6
666492,0
666493,0
666494,0
666495,0
666496,0
666497,0
666498,4
666499,0
666500,0
666501,0
666502,0
666503,0
666504,0
666505,0
666506,0
666507,0
666508,0
666509,15
666510,0
666511,0
666512,0
666513,0
666514,15
666515,0
666516,6
666517,11
666518,0
666519,12
666520,0
666521,0
666522,0
666523,0
666524,9
666525,0
666526,0
666527,0
666528,0
666529,0
666530,0
666531,0
666532,0
666533,10
666534,0
666535,7
666536,0
666537,0
666538,12
666539,0
666540,13
666541,0
666542,0
666543,0
666544,0
666545,0
666546,0
666547,7
666548,0
666549,0
666550,0
666551,0
666552,8
666553,11
666554,0
666555,8
666556,0
666557,0
666558,0
666559,0
666560,0
666561,0
666562,0
666563,0
666564,0
666565,0
666566,0
666567,0
666568,0
666569,14
666570,0
666571,0
666572,0
666573,0
666574,0
666575,11
666576,0
666577,0
666578,0
666579,0
666580,0
666581,7
666582,0
666583,0
666584,0
666585,5
666586,0
666587,0
666588,0
666589,0
666590,11
666591,14
666592,0
666593,10
666594,0
666595,0
666596,0
666597,0
666598,0
666599,0
666600,0
666601,0
666602,0
666603,0
666604,11
666605,6
666606,10
666607,0
666608,0
666609,0
666610,8
666611,0
666612,13
666613,0
666614,4
666615,0
666616,0
666617,0
666618,0
666619,0
666620,0
666621,0
666622,5
666623,0
666624,0
666625,10
666626,0
666627,9
666628,0
666629,8
666630,0
666631,6
666632,0
666633,0
666634,0
666635,0
666636,4
666637,0
666638,0
666639,0
666640,0
666641,0
666642,0
666643,0
666644,11
666645,0
666646,0
666647,0
666648,0
666649,0
666650,0
666651,6
666652,0
666653,0
666654,0
666655,0
666656,0
666657,9
666658,0
666659,13
666660,6
666661,0
666662,0
666663,0
666664,0
666665,0
666666,0
666667,0
666668,0
666669,0
666670,0
666671,0
666672,9
666673,6
666674,0
666675,0
666676,0
666677,0
666678,0
666679,0
666680,0
666681,0
666682,0
666683,0
666684,0
666685,0
666686,0
666687,0
666688,0
666689,0
666690,0
666691,0
666692,0
666693,0
666694,0
666695,0
666696,9
666697,0
666698,0
666699,0
666700,0
666701,0
666702,0
666703,0
666704,6
666705,0
666706,0
666707,0
666708,0
666709,12
666710,8
666711,0
666712,10
666713,0
666714,0
666715,0
666716,0
666717,0
666718,0
666719,0
666720,13
666721,7
666722,0
666723,8
666724,2
666725,12
666726,0
666727,0
666728,0
666729,0
666730,4
666731,0
666732,0
666733,13
666734,0
666735,5
666736,0
666737,4
666738,0
666739,10
666740,0
666741,13
666742,0
666743,9
666744,0
666745,0
666746,0
666747,0
666748,15
666749,0
666750,0
666751,0
666752,0
666753,0
666754,0
666755,0
666756,0
666757,0
666758,0
666759,13
666760,0
666761,8
666762,0
666763,0
666764,7
666765,0
666766,0
666767,5
666768,0
666769,0
666770,11
666771,0
666772,0
666773,0
666774,0
666775,0
666776,5
666777,5
666778,0
666779,0
666780,0
666781,0
666782,0
666783,0
666784,0
666785,0
666786,7
666787,0
666788,0
666789,0
666790,9
666791,0
666792,0
666793,0
666794,0
666795,0
666796,0
666797,0
666798,7
666799,0
666800,0
666801,6
666802,0
666803,6
666804,0
666805,0
666806,0
666807,0
666808,0
666809,0
666810,0
666811,9
666812,0
666813,0
666814,0
666815,7
666816,0
666817,0
666818,0
666819,0
666820,0
666821,0
666822,7
666823,0
666824,0
666825,11
666826,0
666827,0
666828,4
666829,10
666830,0
666831,0
666832,0
666833,0
666834,0
666835,0
666836,0
666837,0
666838,0
666839,0
666840,0
666841,0
666842,0
666843,0
666844,0
666845,0
666846,7
666847,0
666848,0
666849,0
666850,0
666851,0
666852,0
666853,0
666854,8
666855,13
666856,0
666857,0
666858,0
666859,0
666860,0
666861,2
666862,5
666863,11
666864,0
666865,4
666866,13
666867,0
666868,0
666869,0
666870,8
666871,0
666872,10
666873,0
666874,0
666875,0
666876,0
666877,7
666878,0
666879,0
666880,0
666881,0
666882,10
666883,0
666884,0
666885,9
666886,0
666887,0
666888,0
666889,0
666890,0
666891,0
666892,0
666893,12
666894,0
666895,6
666896,0
666897,0
666898,8
666899,0
666900,0
666901,0
666902,0
666903,8
666904,0
666905,0
666906,0
666907,0
666908,0
666909,8
666910,0
666911,0
666912,0
666913,0
666914,2
666915,0
666916,0
666917,0
666918,0
666919,8
666920,7
666921,0
666922,0
666923,0
666924,10
666925,11
666926,0
666927,0
666928,0
666929,0
666930,7
666931,0
666932,0
666933,8
666934,0
666935,0
666936,0
666937,0
666938,0
666939,0
666940,5
666941,0
666942,0
666943,0
666944,0
666945,12
666946,0
666947,7
666948,0
666949,0
666950,0
666951,10
666952,11
666953,4
666954,0
666955,13
666956,6
666957,0
666958,7
666959,0
666960,3
666961,0
666962,0
666963,0
666964,0
666965,0
666966,0
666967,0
666968,0
666969,0
666970,0
666971,0
666972,0
666973,0
666974,7
666975,0
666976,0
666977,0
666978,0
666979,7
666980,0
666981,8
666982,0
666983,0
666984,0
666985,8
666986,0
666987,6
666988,11
666989,0
666990,0
666991,0
666992,4
666993,0
666994,0
666995,8
666996,0
666997,10
666998,0
666999,0
667000,4
667001,0
667002,0
667003,2
667004,7
667005,0
667006,0
667007,0
667008,0
667009,0
667010,2
667011,0
667012,0
667013,8
667014,0
667015,0
667016,6
667017,0
667018,0
667019,4
667020,0
667021,0
667022,12
667023,0
667024,0
667025,0
667026,5
667027,0
667028,0
667029,8
667030,0
667031,0
667032,0
667033,0
667034,0
667035,0
667036,0
667037,8
667038,0
667039,0
667040,0
667041,12
667042,0
667043,0
667044,9
667045,0
667046,0
667047,0
667048,8
667049,0
667050,6
667051,11
667052,7
667053,0
667054,0
667055,0
667056,0
667057,0
667058,10
667059,0
667060,7
667061,0
667062,0
667063,0
667064,0
667065,0
667066,0
667067,4
667068,0
667069,0
667070,0
667071,0
667072,0
667073,3
667074,0
667075,4
667076,6
667077,0
667078,5
667079,0
667080,0
667081,0
667082,2
667083,0
667084,0
667085,0
667086,0
667087,0
667088,0
667089,8
667090,0
667091,0
667092,0
667093,0
667094,0
667095,0
667096,8
667097,8
667098,7
667099,0
667100,0
667101,0
667102,0
667103,0
667104,0
667105,0
667106,0
667107,0
667108,0
667109,0
667110,0
667111,0
667112,0
667113,0
667114,0
667115,0
667116,0
667117,0
667118,0
667119,3
667120,0
667121,0
667122,0
667123,5
667124,0
667125,0
667126,0
667127,6
667128,0
667129,0
667130,0
667131,0
667132,0
667133,14
667134,0
667135,0
667136,5
667137,0
667138,0
667139,0
667140,0
667141,10
667142,0
667143,0
667144,0
667145,0
667146,0
667147,0
667148,0
667149,0
667150,14
667151,0
667152,0
667153,7
667154,0
667155,0
667156,0
667157,0
667158,0
667159,0
667160,0
667161,11
667162,0
667163,0
667164,6
667165,0
667166,0
667167,0
667168,0
667169,0
667170,4
667171,0
667172,0
667173,0
667174,0
667175,8
667176,0
667177,4
667178,0
667179,0
667180,0
667181,0
667182,0
667183,11
667184,0
667185,0
667186,0
667187,0
667188,0
667189,4
667190,21
667191,13
667192,0
667193,0
667194,0
667195,0
667196,0
667197,6
667198,13
667199,0
667200,8
667201,0
667202,0
667203,0
667204,9
667205,0
667206,6
667207,0
667208,0
667209,0
667210,0
667211,0
667212,17
667213,0
667214,9
667215,0
667216,0
667217,12
667218,0
667219,0
667220,0
667221,0
667222,6
667223,0
667224,6
667225,0
667226,0
667227,0
667228,3
667229,0
667230,0
667231,11
667232,0
667233,0
667234,0
667235,0
667236,0
667237,0
667238,0
667239,0
667240,0
667241,0
667242,0
667243,0
667244,0
667245,0
667246,0
667247,16
667248,0
667249,0
667250,0
667251,0
667252,0
667253,0
667254,12
667255,0
667256,1
667257,0
667258,0
667259,0
667260,0
667261,14
667262,0
667263,0
667264,6
667265,14
667266,0
667267,0
667268,3
667269,0
667270,0
667271,0
667272,0
667273,0
667274,0
667275,0
667276,2
667277,0
667278,0
667279,0
667280,0
667281,0
667282,0
667283,0
667284,11
667285,0
667286,0
667287,18
667288,0
667289,0
667290,7
667291,0
667292,6
667293,0
667294,0
667295,0
667296,0
667297,14
667298,0
667299,0
667300,0
667301,0
667302,7
667303,0
667304,7
667305,0
667306,7
667307,0
667308,0
667309,0
667310,0
667311,0
667312,0
667313,0
667314,0
667315,0
667316,0
667317,0
667318,0
667319,10
667320,0
667321,0
667322,8
667323,0
667324,0
667325,10
667326,0
667327,0
667328,0
667329,0
667330,0
667331,0
667332,0
667333,11
667334,0
667335,0
667336,0
667337,0
667338,0
667339,0
667340,0
667341,0
667342,0
667343,0
667344,19
667345,0
667346,0
667347,0
667348,0
667349,0
667350,8
667351,0
667352,0
667353,0
667354,10
667355,13
667356,7
667357,0
667358,0
667359,15
667360,0
667361,0
667362,0
667363,0
667364,0
667365,0
667366,12
667367,0
667368,0
667369,0
667370,0
667371,0
667372,0
667373,0
667374,0
667375,0
667376,0
667377,0
667378,17
667379,0
667380,0
667381,0
667382,0
667383,0
667384,0
667385,4
667386,0
667387,0
667388,0
667389,6
667390,9
667391,0
667392,8
667393,0
667394,0
667395,0
667396,8
667397,5
667398,0
667399,7
667400,0
667401,0
667402,0
667403,0
667404,0
667405,12
667406,1
667407,0
667408,0
667409,0
667410,0
667411,0
667412,0
667413,13
667414,8
667415,0
667416,0
667417,0
667418,0
667419,0
667420,0
667421,0
667422,0
667423,0
667424,0
667425,0
667426,0
667427,13
667428,0
667429,0
667430,11
667431,5
667432,9
667433,0
667434,14
667435,0
667436,0
667437,11
667438,0
667439,7
667440,0
667441,0
667442,8
667443,0
667444,0
667445,0
667446,0
667447,6
667448,4
667449,2
667450,0
667451,0
667452,12
667453,12
667454,0
667455,0
667456,0
667457,0
667458,0
667459,10
667460,0
667461,0
667462,0
667463,0
667464,7
667465,5
667466,0
667467,0
667468,0
667469,0
667470,0
667471,0
667472,0
667473,0
667474,0
667475,0
667476,4
667477,0
667478,0
667479,0
667480,0
667481,9
667482,0
667483,0
667484,0
667485,0
667486,0
667487,6
667488,0
667489,0
667490,0
667491,0
667492,0
667493,0
667494,14
667495,9
667496,0
667497,0
667498,0
667499,0
667500,0
667501,0
667502,0
667503,0
667504,0
667505,9
667506,0
667507,0
667508,0
667509,0
667510,0
667511,0
667512,14
667513,6
667514,2
667515,0
667516,0
667517,0
667518,0
667519,0
667520,0
667521,0
667522,0
667523,0
667524,9
667525,0
667526,0
667527,0
667528,0
667529,0
667530,19
667531,0
667532,0
667533,0
667534,0
667535,0
667536,0
667537,0
667538,0
667539,14
667540,6
667541,6
667542,0
667543,0
667544,0
667545,7
667546,0
667547,7
667548,0
667549,15
667550,7
667551,0
667552,0
667553,0
667554,0
667555,0
667556,0
667557,0
667558,0
667559,0
667560,0
667561,0
667562,0
667563,0
667564,6
667565,0
667566,0
667567,0
667568,0
667569,0
667570,0
667571,6
667572,0
667573,0
667574,0
667575,3
667576,0
667577,0
667578,0
667579,0
667580,0
667581,0
667582,0
667583,0
667584,0
667585,0
667586,0
667587,5
667588,13
667589,0
667590,6
667591,0
667592,0
667593,13
667594,7
667595,0
667596,0
667597,0
667598,0
667599,0
667600,0
667601,0
667602,0
667603,0
667604,10
667605,0
667606,0
667607,4
667608,0
667609,0
667610,0
667611,11
667612,0
667613,0
667614,0
667615,0
667616,0
667617,0
667618,0
667619,0
667620,0
667621,0
667622,0
667623,0
667624,0
667625,0
667626,0
667627,0
667628,0
667629,0
667630,0
667631,0
667632,0
667633,0
667634,0
667635,0
667636,0
667637,0
667638,0
667639,0
667640,0
667641,0
667642,0
667643,0
667644,0
667645,5
667646,0
667647,6
667648,0
667649,0
667650,16
667651,0
667652,0
667653,0
667654,0
667655,0
667656,0
667657,0
667658,0
667659,0
667660,0
667661,0
667662,0
667663,0
667664,0
667665,0
667666,0
667667,15
667668,0
667669,13
667670,0
667671,0
667672,0
667673,0
667674,0
667675,0
667676,4
667677,0
667678,0
667679,0
667680,0
667681,0
667682,12
667683,0
667684,0
667685,0
667686,16
667687,0
667688,0
667689,9
667690,0
667691,6
667692,8
667693,0
667694,0
667695,0
667696,0
667697,21
667698,0
667699,9
667700,0
667701,0
667702,0
667703,0
667704,0
667705,0
667706,0
667707,0
667708,7
667709,0
667710,0
667711,0
667712,0
667713,0
667714,0
667715,0
667716,0
667717,0
667718,0
667719,0
667720,0
667721,18
667722,6
667723,0
667724,0
667725,0
667726,0
667727,0
667728,16
667729,0
667730,9
667731,0
667732,0
667733,10
667734,16
667735,0
667736,0
667737,5
667738,0
667739,0
667740,0
667741,0
667742,0
667743,0
667744,11
667745,0
667746,0
667747,10
667748,0
667749,0
667750,0
667751,4
667752,0
667753,8
667754,2
667755,0
667756,0
667757,0
667758,0
667759,0
667760,0
667761,0
667762,0
667763,0
667764,0
667765,0
667766,0
667767,0
667768,0
667769,0
667770,6
667771,24
667772,0
667773,0
667774,0
667775,0
667776,0
667777,0
667778,13
667779,0
667780,0
667781,0
667782,0
667783,0
667784,0
667785,11
667786,0
667787,10
667788,0
667789,0
667790,0
667791,0
667792,0
667793,0
667794,0
667795,9
667796,12
667797,0
667798,0
667799,0
667800,0
667801,0
667802,0
667803,0
667804,0
667805,0
667806,0
667807,5
667808,5
667809,0
667810,0
667811,0
667812,7
667813,15
667814,10
667815,0
667816,0
667817,15
667818,9
667819,0
667820,10
667821,0
667822,0
667823,0
667824,0
667825,0
667826,10
667827,0
667828,0
667829,4
667830,11
667831,0
667832,6
667833,0
667834,0
667835,0
667836,15
667837,0
667838,0
667839,8
667840,0
667841,0
667842,0
667843,0
667844,0
667845,0
667846,0
667847,7
667848,0
667849,0
667850,12
667851,5
667852,0
667853,0
667854,7
667855,0
667856,0
667857,0
667858,0
667859,0
667860,0
667861,0
667862,0
667863,0
667864,0
667865,9
667866,0
667867,3
667868,0
667869,0
667870,0
667871,0
667872,4
667873,0
667874,0
667875,0
667876,14
667877,0
667878,0
667879,0
667880,0
667881,0
667882,0
667883,0
667884,20
667885,0
667886,0
667887,0
667888,0
667889,0
667890,0
667891,8
667892,16
667893,0
667894,9
667895,10
667896,13
667897,0
667898,0
667899,0
667900,0
667901,0
667902,8
667903,0
667904,0
667905,0
667906,8
667907,0
667908,0
667909,0
667910,0
667911,0
667912,10
667913,0
667914,14
667915,0
667916,0
667917,0
667918,0
667919,0
667920,0
667921,0
667922,0
667923,0
667924,9
667925,11
667926,12
667927,0
667928,6
667929,0
667930,0
667931,16
667932,0
667933,0
667934,0
667935,0
667936,0
667937,0
667938,9
667939,0
667940,0
667941,0
667942,11
667943,0
667944,0
667945,0
667946,10
667947,0
667948,0
667949,0
667950,0
667951,0
667952,0
667953,0
667954,14
667955,16
667956,0
667957,0
667958,0
667959,0
667960,4
667961,0
667962,0
667963,8
667964,0
667965,0
667966,0
667967,0
667968,0
667969,0
667970,0
667971,0
667972,0
667973,0
667974,0
667975,0
667976,0
667977,0
667978,4
667979,0
667980,0
667981,0
667982,10
667983,0
667984,0
667985,0
667986,0
667987,0
667988,0
667989,0
667990,0
667991,0
667992,0
667993,9
667994,0
667995,0
667996,0
667997,0
667998,0
667999,0
668000,0
668001,0
668002,10
668003,0
668004,0
668005,0
668006,0
668007,12
668008,0
668009,0
668010,0
668011,0
668012,7
668013,13
668014,0
668015,0
668016,0
668017,12
668018,0
668019,0
668020,0
668021,14
668022,0
668023,7
668024,0
668025,18
668026,0
668027,0
668028,0
668029,0
668030,0
668031,0
668032,0
668033,0
668034,0
668035,14
668036,0
668037,0
668038,0
668039,0
668040,0
668041,0
668042,0
668043,0
668044,0
668045,7
668046,7
668047,0
668048,0
668049,13
668050,0
668051,0
668052,12
668053,0
668054,0
668055,0
668056,13
668057,11
668058,0
668059,0
668060,0
668061,0
668062,0
668063,0
668064,0
668065,0
668066,0
668067,0
668068,0
668069,0
668070,0
668071,0
668072,6
668073,0
668074,0
668075,0
668076,0
668077,9
668078,0
668079,0
668080,2
668081,17
668082,0
668083,0
668084,0
668085,0
668086,0
668087,0
668088,0
668089,0
668090,0
668091,0
668092,0
668093,0
668094,9
668095,0
668096,0
668097,0
668098,0
668099,11
668100,0
668101,0
668102,0
668103,11
668104,0
668105,6
668106,0
668107,0
668108,0
668109,0
668110,0
668111,0
668112,0
668113,0
668114,0
668115,0
668116,0
668117,4
668118,0
668119,0
668120,0
668121,0
668122,0
668123,15
668124,12
668125,0
668126,0
668127,0
668128,0
668129,0
668130,0
668131,0
668132,0
668133,8
668134,0
668135,0
668136,0
668137,0
668138,0
668139,0
668140,0
668141,0
668142,11
668143,0
668144,0
668145,0
668146,0
668147,0
668148,0
668149,0
668150,0
668151,7
668152,0
668153,0
668154,0
668155,7
668156,0
668157,0
668158,13
668159,0
668160,0
668161,0
668162,0
668163,6
668164,0
668165,0
668166,0
668167,0
668168,0
668169,0
668170,6
668171,0
668172,0
668173,0
668174,0
668175,0
668176,8
668177,0
668178,0
668179,0
668180,8
668181,0
668182,0
668183,14
668184,0
668185,0
668186,0
668187,0
668188,0
668189,0
668190,0
668191,0
668192,7
668193,0
668194,0
668195,0
668196,0
668197,0
668198,0
668199,11
668200,0
668201,0
668202,9
668203,7
668204,0
668205,0
668206,4
668207,9
668208,0
668209,0
668210,0
668211,0
668212,9
668213,10
668214,12
668215,0
668216,0
668217,17
668218,11
668219,0
668220,0
668221,0
668222,0
668223,12
668224,0
668225,6
668226,0
668227,0
668228,0
668229,0
668230,0
668231,6
668232,0
668233,0
668234,0
668235,0
668236,15
668237,13
668238,12
668239,0
668240,0
668241,0
668242,16
668243,0
668244,0
668245,15
668246,0
668247,0
668248,0
668249,0
668250,10
668251,0
668252,15
668253,0
668254,9
668255,10
668256,0
668257,0
668258,0
668259,0
668260,11
668261,0
668262,12
668263,0
668264,0
668265,0
668266,8
668267,0
668268,0
668269,0
668270,0
668271,0
668272,0
668273,0
668274,11
668275,0
668276,0
668277,0
668278,0
668279,0
668280,0
668281,0
668282,0
668283,0
668284,0
668285,11
668286,8
668287,0
668288,6
668289,0
668290,0
668291,0
668292,0
668293,26
668294,0
668295,10
668296,13
668297,0
668298,0
668299,3
668300,0
668301,0
668302,0
668303,15
668304,0
668305,10
668306,0
668307,0
668308,0
668309,0
668310,0
668311,0
668312,0
668313,0
668314,0
668315,0
668316,0
668317,0
668318,0
668319,0
668320,19
668321,0
668322,0
668323,10
668324,0
668325,0
668326,0
668327,0
668328,0
668329,0
668330,0
668331,18
668332,0
668333,0
668334,0
668335,0
668336,0
668337,0
668338,22
668339,0
668340,0
668341,0
668342,0
668343,8
668344,0
668345,0
668346,0
668347,0
668348,0
668349,0
668350,0
668351,0
668352,0
668353,0
668354,0
668355,10
668356,0
668357,0
668358,0
668359,0
668360,0
668361,0
668362,0
668363,0
668364,0
668365,8
668366,0
668367,0
668368,0
668369,0
668370,0
668371,0
668372,0
668373,0
668374,0
668375,0
668376,0
668377,0
668378,0
668379,0
668380,4
668381,12
668382,0
668383,0
668384,0
668385,0
668386,12
668387,0
668388,0
668389,0
668390,0
668391,7
668392,0
668393,6
668394,0
668395,0
668396,0
668397,16
668398,0
668399,0
668400,0
668401,0
668402,0
668403,0
668404,12
668405,12
668406,0
668407,0
668408,0
668409,3
668410,14
668411,0
668412,0
668413,0
668414,0
668415,17
668416,0
668417,0
668418,0
668419,7
668420,0
668421,0
668422,22
668423,0
668424,0
668425,11
668426,0
668427,0
668428,10
668429,8
668430,0
668431,0
668432,0
668433,0
668434,3
668435,0
668436,0
668437,13
668438,0
668439,0
668440,9
668441,15
668442,0
668443,0
668444,0
668445,0
668446,0
668447,0
668448,27
668449,39
668450,0
668451,38
668452,0
668453,0
668454,0
668455,0
668456,44
668457,0
668458,0
668459,0
668460,0
668461,0
668462,0
668463,0
668464,0
668465,0
668466,0
668467,0
668468,0
668469,0
668470,42
668471,43
668472,0
668473,0
668474,0
668475,0
668476,0
668477,0
668478,33
668479,0
668480,16
668481,0
668482,0
668483,0
668484,0
668485,0
668486,0
668487,0
668488,0
668489,0
668490,0
668491,0
668492,37
668493,0
668494,0
668495,0
668496,0
668497,0
668498,0
668499,0
668500,0
668501,0
668502,0
668503,0
668504,0
668505,0
668506,38
668507,0
668508,0
668509,0
668510,0
668511,0
668512,0
668513,0
668514,41
668515,0
668516,0
668517,0
668518,0
668519,36
668520,40
668521,0
668522,0
668523,0
668524,0
668525,0
668526,0
668527,0
668528,0
668529,0
668530,0
668531,0
668532,0
668533,0
668534,0
668535,0
668536,0
668537,14
668538,0
668539,0
668540,0
668541,0
668542,0
668543,0
668544,0
668545,0
668546,0
668547,0
668548,0
668549,0
668550,0
668551,0
668552,25
668553,0
668554,0
668555,35
668556,0
668557,0
668558,34
668559,0
668560,0
668561,0
668562,0
668563,34
668564,45
668565,0
668566,40
668567,0
668568,0
668569,0
668570,0
668571,0
668572,35
668573,0
668574,0
668575,44
668576,0
668577,0
668578,0
668579,26
668580,38
668581,0
668582,0
668583,0
668584,28
668585,27
668586,0
668587,25
668588,0
668589,0
668590,32
668591,0
668592,0
668593,0
668594,23
668595,43
668596,0
668597,0
668598,0
668599,0
668600,0
668601,32
668602,0
668603,0
668604,24
668605,0
668606,0
668607,0
668608,0
668609,0
668610,0
668611,0
668612,0
668613,0
668614,0
668615,21
668616,0
668617,0
668618,0
668619,0
668620,0
668621,0
668622,0
668623,0
668624,0
668625,0
668626,0
668627,32
668628,0
668629,0
668630,0
668631,32
668632,0
668633,0
668634,0
668635,0
668636,0
668637,0
668638,26
668639,19
668640,0
668641,0
668642,0
668643,0
668644,0
668645,0
668646,0
668647,0
668648,0
668649,0
668650,0
668651,0
668652,35
668653,0
668654,58
668655,31
668656,50
668657,0
668658,0
668659,0
668660,0
668661,0
668662,0
668663,0
668664,0
668665,0
668666,0
668667,0
668668,0
668669,0
668670,26
668671,43
668672,0
668673,0
668674,0
668675,0
668676,0
668677,32
668678,0
668679,0
668680,0
668681,17
668682,0
668683,0
668684,0
668685,18
668686,0
668687,0
668688,9
668689,0
668690,0
668691,0
668692,0
668693,0
668694,0
668695,0
668696,0
668697,21
668698,0
668699,0
668700,24
668701,0
668702,0
668703,0
668704,0
668705,0
668706,19
668707,0
668708,0
668709,27
668710,0
668711,0
668712,0
668713,0
668714,0
668715,57
668716,0
668717,0
668718,39
668719,0
668720,0
668721,0
668722,29
668723,0
668724,0
668725,0
668726,0
668727,0
668728,0
668729,0
668730,15
668731,0
668732,0
668733,0
668734,22
668735,0
668736,0
668737,24
668738,0
668739,0
668740,16
668741,0
668742,0
668743,0
668744,0
668745,0
668746,0
668747,0
668748,35
668749,0
668750,0
668751,0
668752,0
668753,0
668754,30
668755,0
668756,0
668757,0
668758,31
668759,47
668760,0
668761,0
668762,0
668763,0
668764,0
668765,19
668766,0
668767,0
668768,36
668769,0
668770,0
668771,18
668772,0
668773,0
668774,34
668775,33
668776,0
668777,22
668778,0
668779,22
668780,0
668781,0
668782,20
668783,0
668784,0
668785,0
668786,29
668787,28
668788,0
668789,21
668790,0
668791,0
668792,0
668793,0
668794,0
668795,31
668796,0
668797,0
668798,0
668799,25
668800,21
668801,0
668802,0
668803,28
668804,0
668805,0
668806,0
668807,0
668808,0
668809,0
668810,0
668811,31
668812,0
668813,0
668814,0
668815,0
668816,31
668817,0
668818,0
668819,0
668820,0
668821,0
668822,0
668823,0
668824,0
668825,39
668826,35
668827,0
668828,0
668829,0
668830,0
668831,0
668832,17
668833,0
668834,0
668835,0
668836,25
668837,0
668838,37
668839,0
668840,40
668841,0
668842,40
668843,0
668844,0
668845,0
668846,44
668847,0
668848,21
668849,0
668850,16
668851,0
668852,0
668853,0
668854,0
668855,0
668856,35
668857,0
668858,0
668859,25
668860,0
668861,0
668862,0
668863,0
668864,0
668865,0
668866,43
668867,0
668868,27
668869,0
668870,0
668871,29
668872,0
668873,0
668874,0
668875,0
668876,0
668877,0
668878,0
668879,0
668880,0
668881,19
668882,0
668883,0
668884,0
668885,18
668886,0
668887,0
668888,0
668889,0
668890,0
668891,0
668892,32
668893,0
668894,0
668895,0
668896,31
668897,45
668898,0
668899,0
668900,0
668901,0
668902,34
668903,0
668904,0
668905,0
668906,0
668907,37
668908,0
668909,44
668910,0
668911,0
668912,0
668913,23
668914,0
668915,0
668916,0
668917,0
668918,0
668919,0
668920,0
668921,0
668922,29
668923,0
668924,0
668925,0
668926,0
668927,0
668928,0
668929,15
668930,0
668931,0
668932,32
668933,0
668934,45
668935,0
668936,0
668937,43
668938,0
668939,0
668940,0
668941,0
668942,21
668943,0
668944,0
668945,0
668946,0
668947,0
668948,0
668949,31
668950,0
668951,0
668952,37
668953,0
668954,0
668955,0
668956,0
668957,0
668958,0
668959,0
668960,0
668961,0
668962,0
668963,0
668964,37
668965,0
668966,0
668967,0
668968,0
668969,19
668970,0
668971,0
668972,35
668973,0
668974,0
668975,26
668976,35
668977,21
668978,40
668979,0
668980,0
668981,0
668982,0
668983,55
668984,30
668985,24
668986,41
668987,38
668988,62
668989,0
668990,30
668991,0
668992,0
668993,0
668994,0
668995,58
668996,0
668997,0
668998,0
668999,0
669000,0
669001,0
669002,0
669003,0
669004,0
669005,0
669006,0
669007,0
669008,0
669009,0
669010,0
669011,58
669012,0
669013,0
669014,0
669015,12
669016,0
669017,0
669018,26
669019,0
669020,0
669021,0
669022,0
669023,0
669024,51
669025,0
669026,44
669027,0
669028,0
669029,0
669030,23
669031,31
669032,0
669033,0
669034,0
669035,0
669036,19
669037,23
669038,0
669039,33
669040,0
669041,0
669042,0
669043,0
669044,0
669045,0
669046,0
669047,0
669048,0
669049,0
669050,0
669051,23
669052,0
669053,0
669054,0
669055,0
669056,0
669057,30
669058,0
669059,0
669060,36
669061,53
669062,0
669063,0
669064,0
669065,0
669066,35
669067,0
669068,0
669069,0
669070,0
669071,0
669072,52
669073,0
669074,0
669075,0
669076,38
669077,0
669078,0
669079,29
669080,0
669081,0
669082,0
669083,20
669084,11
669085,0
669086,0
669087,0
669088,45
669089,0
669090,0
669091,55
669092,0
669093,30
669094,0
669095,32
669096,0
669097,0
669098,0
669099,0
669100,0
669101,0
669102,0
669103,0
669104,20
669105,65
669106,0
669107,0
669108,0
669109,0
669110,25
669111,0
669112,27
669113,0
669114,0
669115,0
669116,0
669117,31
669118,26
669119,0
669120,0
669121,0
669122,0
669123,22
669124,0
669125,0
669126,0
669127,0
669128,0
669129,0
669130,0
669131,0
669132,0
669133,0
669134,0
669135,0
669136,0
669137,0
669138,0
669139,21
669140,0
669141,0
669142,0
669143,29
669144,0
669145,26
669146,0
669147,0
669148,0
669149,0
669150,27
669151,0
669152,0
669153,0
669154,0
669155,0
669156,0
669157,0
669158,0
669159,13
669160,23
669161,20
669162,0
669163,0
669164,40
669165,22
669166,0
669167,11
669168,0
669169,0
669170,0
669171,0
669172,0
669173,30
669174,0
669175,0
669176,0
669177,39
669178,24
669179,0
669180,0
669181,0
669182,0
669183,0
669184,0
669185,0
669186,0
669187,0
669188,42
669189,0
669190,44
669191,28
669192,0
669193,31
669194,36
669195,0
669196,0
669197,0
669198,0
669199,14
669200,0
669201,0
669202,0
669203,30
669204,0
669205,62
669206,0
669207,0
669208,0
669209,29
669210,0
669211,0
669212,0
669213,0
669214,0
669215,51
669216,0
669217,47
669218,0
669219,0
669220,0
669221,0
669222,33
669223,18
669224,0
669225,0
669226,0
669227,58
669228,36
669229,0
669230,49
669231,39
669232,0
669233,0
669234,31
669235,0
669236,47
669237,0
669238,0
669239,0
669240,0
669241,54
669242,0
669243,0
669244,0
669245,0
669246,0
669247,0
669248,0
669249,11
669250,0
669251,0
669252,0
669253,0
669254,10
669255,9
669256,0
669257,0
669258,16
669259,0
669260,0
669261,0
669262,13
669263,22
669264,0
669265,0
669266,0
669267,0
669268,0
669269,0
669270,0
669271,0
669272,26
669273,0
669274,0
669275,0
669276,0
669277,0
669278,0
669279,0
669280,0
669281,0
669282,0
669283,0
669284,0
669285,0
669286,0
669287,0
669288,0
669289,33
669290,0
669291,0
669292,0
669293,28
669294,0
669295,0
669296,0
669297,26
669298,0
669299,0
669300,0
669301,14
669302,24
669303,18
669304,0
669305,0
669306,0
669307,0
669308,11
669309,0
669310,0
669311,0
669312,0
669313,0
669314,0
669315,0
669316,0
669317,17
669318,0
669319,0
669320,0
669321,0
669322,0
669323,19
669324,0
669325,0
669326,0
669327,0
669328,22
669329,0
669330,0
669331,0
669332,25
669333,0
669334,0
669335,0
669336,0
669337,0
669338,0
669339,0
669340,0
669341,0
669342,0
669343,0
669344,0
669345,0
669346,0
669347,0
669348,0
669349,0
669350,0
669351,0
669352,0
669353,0
669354,0
669355,0
669356,14
669357,0
669358,0
669359,0
669360,0
669361,0
669362,0
669363,10
669364,0
669365,0
669366,0
669367,0
669368,0
669369,0
669370,0
669371,0
669372,0
669373,0
669374,0
669375,0
669376,0
669377,0
669378,0
669379,0
669380,0
669381,0
669382,0
669383,0
669384,0
669385,10
669386,0
669387,0
669388,18
669389,0
669390,0
669391,0
669392,0
669393,0
669394,0
669395,0
669396,0
669397,0
669398,0
669399,0
669400,0
669401,0
669402,0
669403,0
669404,0
669405,0
669406,0
669407,0
669408,17
669409,24
669410,0
669411,15
669412,0
669413,18
669414,0
669415,0
669416,17
669417,0
669418,0
669419,0
669420,0
669421,0
669422,0
669423,0
669424,0
669425,0
669426,0
669427,0
669428,0
669429,0
669430,0
669431,0
669432,0
669433,0
669434,12
669435,16
669436,0
669437,0
669438,0
669439,0
669440,24
669441,0
669442,0
669443,12
669444,0
669445,0
669446,0
669447,11
669448,0
669449,15
669450,0
669451,16
669452,0
669453,0
669454,0
669455,13
669456,0
669457,0
669458,15
669459,18
669460,0
669461,0
669462,0
669463,0
669464,0
669465,16
669466,0
669467,0
669468,0
669469,0
669470,14
669471,0
669472,0
669473,0
669474,0
669475,0
669476,0
669477,0
669478,0
669479,0
669480,0
669481,0
669482,0
669483,0
669484,0
669485,24
669486,0
669487,0
669488,0
669489,0
669490,0
669491,32
669492,0
669493,0
669494,0
669495,0
669496,0
669497,0
669498,0
669499,0
669500,0
669501,0
669502,0
669503,0
669504,0
669505,0
669506,0
669507,0
669508,0
669509,0
669510,0
669511,15
669512,0
669513,0
669514,0
669515,0
669516,0
669517,0
669518,0
669519,17
669520,0
669521,0
669522,31
669523,17
669524,0
669525,0
669526,0
669527,0
669528,0
669529,0
669530,12
669531,0
669532,0
669533,22
669534,0
669535,0
669536,0
669537,0
669538,0
669539,0
669540,0
669541,27
669542,0
669543,0
669544,0
669545,25
669546,0
669547,0
669548,0
669549,0
669550,0
669551,0
669552,0
669553,0
669554,0
669555,0
669556,0
669557,23
669558,0
669559,0
669560,0
669561,22
669562,0
669563,0
669564,0
669565,0
669566,0
669567,13
669568,18
669569,0
669570,0
669571,0
669572,0
669573,0
669574,0
669575,0
669576,27
669577,0
669578,0
669579,20
669580,0
669581,0
669582,0
669583,0
669584,0
669585,23
669586,0
669587,8
669588,0
669589,0
669590,19
669591,25
669592,0
669593,0
669594,0
669595,0
669596,0
669597,0
669598,0
669599,16
669600,0
669601,0
669602,0
669603,0
669604,0
669605,0
669606,0
669607,0
669608,18
669609,10
669610,0
669611,0
669612,0
669613,0
669614,0
669615,0
669616,0
669617,0
669618,21
669619,0
669620,0
669621,0
669622,0
669623,0
669624,0
669625,0
669626,0
669627,0
669628,0
669629,0
669630,12
669631,0
669632,0
669633,0
669634,27
669635,28
669636,0
669637,0
669638,0
669639,16
669640,13
669641,0
669642,16
669643,0
669644,11
669645,0
669646,0
669647,0
669648,0
669649,0
669650,0
669651,25
669652,20
669653,0
669654,0
669655,0
669656,20
669657,0
669658,0
669659,0
669660,0
669661,0
669662,0
669663,0
669664,0
669665,0
669666,0
669667,0
669668,0
669669,7
669670,13
669671,21
669672,0
669673,0
669674,7
669675,20
669676,0
669677,18
669678,0
669679,0
669680,12
669681,0
669682,14
669683,0
669684,0
669685,0
669686,0
669687,15
669688,0
669689,0
669690,0
669691,0
669692,0
669693,0
669694,0
669695,0
669696,0
669697,0
669698,0
669699,0
669700,0
669701,0
669702,0
669703,11
669704,0
669705,15
669706,0
669707,0
669708,0
669709,0
669710,12
669711,0
669712,0
669713,0
669714,0
669715,0
669716,0
669717,6
669718,0
669719,0
669720,14
669721,0
669722,21
669723,16
669724,15
669725,0
669726,0
669727,0
669728,20
669729,19
669730,0
669731,0
669732,0
669733,28
669734,16
669735,0
669736,0
669737,0
669738,0
669739,0
669740,24
669741,0
669742,0
669743,0
669744,0
669745,16
669746,0
669747,0
669748,0
669749,0
669750,0
669751,0
669752,0
669753,17
669754,16
669755,0
669756,0
669757,0
669758,0
669759,18
669760,20
669761,0
669762,0
669763,0
669764,0
669765,22
669766,0
669767,0
669768,14
669769,0
669770,0
669771,0
669772,9
669773,0
669774,0
669775,0
669776,12
669777,14
669778,0
669779,0
669780,0
669781,0
669782,0
669783,0
669784,0
669785,0
669786,0
669787,0
669788,0
669789,0
669790,0
669791,0
669792,0
669793,17
669794,0
669795,0
669796,0
669797,0
669798,0
669799,0
669800,0
669801,0
669802,14
669803,0
669804,0
669805,0
669806,0
669807,16
669808,0
669809,6
669810,0
669811,0
669812,0
669813,0
669814,15
669815,0
669816,19
669817,13
669818,0
669819,0
669820,0
669821,0
669822,18
669823,0
669824,19
669825,0
669826,0
669827,0
669828,0
669829,0
669830,0
669831,0
669832,14
669833,0
669834,0
669835,0
669836,0
669837,0
669838,0
669839,0
669840,0
669841,0
669842,0
669843,0
669844,0
669845,0
669846,0
669847,0
669848,0
669849,0
669850,18
669851,0
669852,0
669853,0
669854,0
669855,9
669856,0
669857,0
669858,0
669859,0
669860,0
669861,0
669862,15
669863,0
669864,0
669865,0
669866,19
669867,0
669868,0
669869,0
669870,0
669871,15
669872,0
669873,0
669874,23
669875,8
669876,18
669877,0
669878,20
669879,0
669880,0
669881,22
669882,0
669883,0
669884,0
669885,16
669886,0
669887,0
669888,0
669889,0
669890,0
669891,0
669892,0
669893,0
669894,10
669895,0
669896,0
669897,0
669898,0
669899,0
669900,0
669901,11
669902,0
669903,0
669904,0
669905,14
669906,0
669907,0
669908,18
669909,0
669910,13
669911,0
669912,0
669913,21
669914,25
669915,15
669916,0
669917,0
669918,0
669919,0
669920,0
669921,0
669922,0
669923,0
669924,0
669925,0
669926,1
669927,0
669928,0
669929,0
669930,0
669931,0
669932,0
669933,0
669934,0
669935,0
669936,0
669937,0
669938,0
669939,0
669940,0
669941,0
669942,0
669943,2
669944,0
669945,0
669946,3
669947,0
669948,0
669949,0
669950,2
669951,0
669952,0
669953,0
669954,0
669955,2
669956,0
669957,0
669958,0
669959,1
669960,0
669961,0
669962,0
669963,0
669964,0
669965,1
669966,0
669967,0
669968,0
669969,0
669970,0
669971,0
669972,0
669973,1
669974,1
669975,1
669976,0
669977,0
669978,0
669979,0
669980,1
669981,0
669982,0
669983,0
669984,0
669985,0
669986,0
669987,0
669988,1
669989,0
669990,0
669991,0
669992,0
669993,0
669994,0
669995,0
669996,0
669997,0
669998,0
669999,0
670000,0
670001,0
670002,0
670003,0
670004,0
670005,0
670006,0
670007,0
670008,0
670009,0
670010,0
670011,0
670012,0
670013,0
670014,0
670015,0
670016,0
670017,0
670018,0
670019,1
670020,0
670021,1
670022,0
670023,2
670024,0
670025,0
670026,0
670027,0
670028,0
670029,0
670030,0
670031,0
670032,0
670033,0
670034,0
670035,0
670036,0
670037,0
670038,0
670039,0
670040,0
670041,0
670042,2
670043,0
670044,1
670045,0
670046,0
670047,0
670048,0
670049,1
670050,0
670051,0
670052,0
670053,0
670054,0
670055,0
670056,0
670057,0
670058,1
670059,0
670060,0
670061,1
670062,0
670063,0
670064,0
670065,0
670066,0
670067,0
670068,2
670069,0
670070,0
670071,0
670072,1
670073,0
670074,0
670075,0
670076,0
670077,0
670078,0
670079,0
670080,0
670081,0
670082,0
670083,0
670084,1
670085,0
670086,0
670087,2
670088,0
670089,0
670090,0
670091,2
670092,0
670093,0
670094,0
670095,0
670096,0
670097,0
670098,0
670099,0
670100,0
670101,0
670102,0
670103,0
670104,0
670105,0
670106,0
670107,0
670108,0
670109,0
670110,0
670111,0
670112,0
670113,0
670114,0
670115,0
670116,0
670117,0
670118,0
670119,0
670120,0
670121,2
670122,0
670123,1
670124,0
670125,0
670126,0
670127,0
670128,0
670129,0
670130,1
670131,0
670132,1
670133,0
670134,2
670135,0
670136,0
670137,1
670138,0
670139,0
670140,0
670141,0
670142,2
670143,0
670144,0
670145,0
670146,0
670147,0
670148,0
670149,0
670150,0
670151,0
670152,0
670153,0
670154,0
670155,1
670156,0
670157,1
670158,0
670159,0
670160,0
670161,0
670162,0
670163,1
670164,0
670165,0
670166,0
670167,0
670168,0
670169,0
670170,0
670171,0
670172,0
670173,0
670174,0
670175,0
670176,0
670177,0
670178,0
670179,0
670180,0
670181,0
670182,0
670183,1
670184,0
670185,0
670186,0
670187,0
670188,0
670189,0
670190,0
670191,0
670192,2
670193,0
670194,0
670195,0
670196,0
670197,0
670198,0
670199,0
670200,0
670201,0
670202,0
670203,0
670204,0
670205,0
670206,0
670207,0
670208,0
670209,0
670210,2
670211,0
670212,0
670213,0
670214,0
670215,0
670216,0
670217,0
670218,2
670219,1
670220,0
670221,0
670222,0
670223,1
670224,0
670225,1
670226,0
670227,0
670228,0
670229,0
670230,0
670231,2
670232,1
670233,0
670234,1
670235,0
670236,0
670237,0
670238,0
670239,0
670240,0
670241,1
670242,0
670243,0
670244,0
670245,0
670246,0
670247,1
670248,0
670249,0
670250,0
670251,0
670252,1
670253,0
670254,0
670255,0
670256,0
670257,0
670258,1
670259,0
670260,0
670261,0
670262,0
670263,0
670264,0
670265,0
670266,0
670267,0
670268,0
670269,0
670270,0
670271,0
670272,0
670273,0
670274,0
670275,0
670276,0
670277,0
670278,0
670279,1
670280,0
670281,0
670282,0
670283,0
670284,0
670285,0
670286,0
670287,0
670288,0
670289,0
670290,0
670291,0
670292,0
670293,0
670294,0
670295,0
670296,0
670297,0
670298,1
670299,0
670300,0
670301,0
670302,0
670303,0
670304,0
670305,0
670306,0
670307,0
670308,0
670309,0
670310,0
670311,0
670312,0
670313,0
670314,0
670315,0
670316,0
670317,0
670318,0
670319,0
670320,0
670321,0
670322,0
670323,0
670324,2
670325,0
670326,0
670327,0
670328,2
670329,0
670330,2
670331,0
670332,0
670333,0
670334,2
670335,0
670336,0
670337,0
670338,0
670339,0
670340,0
670341,0
670342,0
670343,0
670344,0
670345,0
670346,0
670347,2
670348,0
670349,0
670350,0
670351,0
670352,0
670353,0
670354,0
670355,1
670356,0
670357,1
670358,0
670359,0
670360,0
670361,0
670362,1
670363,0
670364,0
670365,2
670366,0
670367,0
670368,0
670369,0
670370,2
670371,0
670372,1
670373,0
670374,0
670375,0
670376,0
670377,0
670378,1
670379,0
670380,0
670381,0
670382,0
670383,1
670384,0
670385,0
670386,0
670387,0
670388,0
670389,1
670390,0
670391,0
670392,0
670393,1
670394,0
670395,0
670396,0
670397,0
670398,0
670399,10
670400,0
670401,0
670402,0
670403,0
670404,0
670405,25
670406,23
670407,0
670408,0
670409,0
670410,0
670411,0
670412,0
670413,0
670414,0
670415,13
670416,0
670417,0
670418,0
670419,0
670420,0
670421,15
670422,0
670423,20
670424,0
670425,0
670426,0
670427,62
670428,0
670429,30
670430,0
670431,0
670432,11
670433,0
670434,0
670435,0
670436,30
670437,18
670438,0
670439,0
670440,0
670441,47
670442,0
670443,0
670444,31
670445,0
670446,0
670447,28
670448,49
670449,0
670450,0
670451,25
670452,0
670453,22
670454,0
670455,0
670456,0
670457,0
670458,0
670459,33
670460,29
670461,0
670462,0
670463,22
670464,0
670465,0
670466,0
670467,0
670468,0
670469,0
670470,24
670471,50
670472,32
670473,0
670474,0
670475,26
670476,0
670477,0
670478,0
670479,0
670480,0
670481,0
670482,0
670483,0
670484,0
670485,0
670486,20
670487,27
670488,0
670489,0
670490,0
670491,0
670492,0
670493,0
670494,0
670495,34
670496,0
670497,18
670498,0
670499,0
670500,0
670501,0
670502,0
670503,0
670504,14
670505,18
670506,0
670507,0
670508,0
670509,0
670510,0
670511,0
670512,0
670513,0
670514,0
670515,37
670516,0
670517,26
670518,0
670519,25
670520,25
670521,0
670522,0
670523,0
670524,0
670525,0
670526,0
670527,41
670528,21
670529,0
670530,0
670531,0
670532,19
670533,55
670534,0
670535,32
670536,0
670537,28
670538,23
670539,35
670540,0
670541,0
670542,0
670543,0
670544,0
670545,0
670546,37
670547,0
670548,21
670549,31
670550,0
670551,0
670552,0
670553,0
670554,0
670555,0
670556,23
670557,0
670558,0
670559,0
670560,0
670561,0
670562,0
670563,0
670564,0
670565,26
670566,0
670567,0
670568,0
670569,0
670570,0
670571,0
670572,20
670573,0
670574,0
670575,0
670576,0
670577,0
670578,0
670579,20
670580,12
670581,0
670582,0
670583,55
670584,0
670585,0
670586,27
670587,0
670588,0
670589,50
670590,0
670591,0
670592,0
670593,15
670594,0
670595,0
670596,0
670597,0
670598,0
670599,0
670600,0
670601,0
670602,43
670603,0
670604,19
670605,0
670606,0
670607,35
670608,0
670609,0
670610,0
670611,0
670612,0
670613,0
670614,17
670615,0
670616,0
670617,0
670618,0
670619,0
670620,0
670621,25
670622,0
670623,0
670624,0
670625,0
670626,0
670627,0
670628,32
670629,0
670630,0
670631,0
670632,18
670633,20
670634,33
670635,0
670636,0
670637,0
670638,0
670639,0
670640,44
670641,41
670642,0
670643,0
670644,0
670645,0
670646,0
670647,0
670648,0
670649,0
670650,0
670651,0
670652,0
670653,0
670654,21
670655,17
670656,0
670657,0
670658,0
670659,13
670660,0
670661,0
670662,0
670663,0
670664,0
670665,19
670666,0
670667,0
670668,0
670669,0
670670,0
670671,0
670672,0
670673,31
670674,0
670675,0
670676,0
670677,0
670678,17
670679,0
670680,0
670681,0
670682,0
670683,0
670684,0
670685,0
670686,0
670687,0
670688,0
670689,53
670690,0
670691,0
670692,0
670693,0
670694,36
670695,0
670696,25
670697,38
670698,0
670699,34
670700,0
670701,32
670702,0
670703,28
670704,0
670705,0
670706,0
670707,0
670708,11
670709,0
670710,0
670711,0
670712,0
670713,0
670714,20
670715,0
670716,0
670717,0
670718,0
670719,0
670720,0
670721,41
670722,0
670723,14
670724,0
670725,0
670726,0
670727,0
670728,0
670729,33
670730,0
670731,0
670732,0
670733,0
670734,32
670735,0
670736,0
670737,31
670738,0
670739,0
670740,0
670741,0
670742,0
670743,0
670744,15
670745,0
670746,50
670747,0
670748,30
670749,0
670750,0
670751,0
670752,24
670753,0
670754,0
670755,0
670756,0
670757,0
670758,0
670759,0
670760,11
670761,22
670762,0
670763,0
670764,16
670765,0
670766,33
670767,29
670768,10
670769,0
670770,0
670771,31
670772,0
670773,19
670774,0
670775,0
670776,29
670777,33
670778,33
670779,0
670780,34
670781,0
670782,0
670783,31
670784,0
670785,0
670786,0
670787,0
670788,0
670789,0
670790,38
670791,0
670792,0
670793,40
670794,0
670795,0
670796,0
670797,35
670798,0
670799,0
670800,34
670801,0
670802,0
670803,0
670804,38
670805,0
670806,0
670807,46
670808,15
670809,0
670810,23
670811,0
670812,0
670813,0
670814,29
670815,0
670816,0
670817,30
670818,30
670819,0
670820,26
670821,0
670822,31
670823,0
670824,0
670825,0
670826,46
670827,23
670828,0
670829,0
670830,0
670831,13
670832,0
670833,0
670834,0
670835,0
670836,26
670837,0
670838,16
670839,16
670840,0
670841,0
670842,0
670843,0
670844,0
670845,0
670846,0
670847,0
670848,0
670849,0
670850,43
670851,0
670852,0
670853,0
670854,33
670855,0
670856,0
670857,0
670858,0
670859,0
670860,0
670861,0
670862,0
670863,0
670864,0
670865,16
670866,0
670867,54
670868,51
670869,0
670870,0
670871,0
670872,45
670873,0
670874,17
670875,0
670876,0
670877,28
670878,0
670879,0
670880,0
670881,0
670882,0
670883,0
670884,31
670885,0
670886,0
670887,27
670888,0
670889,41
670890,0
670891,0
670892,0
670893,0
670894,0
670895,15
670896,0
670897,0
670898,0
670899,0
670900,0
670901,0
670902,0
670903,25
670904,27
670905,0
670906,0
670907,17
670908,0
670909,0
670910,0
670911,0
670912,0
670913,0
670914,35
670915,0
670916,41
670917,0
670918,0
670919,0
670920,0
670921,21
670922,59
670923,0
670924,0
670925,0
670926,0
670927,0
670928,0
670929,0
670930,0
670931,51
670932,0
670933,0
670934,0
670935,43
670936,33
670937,38
670938,0
670939,22
670940,0
670941,25
670942,0
670943,34
670944,0
670945,0
670946,0
670947,36
670948,0
670949,24
670950,0
670951,0
670952,0
670953,28
670954,0
670955,0
670956,0
670957,30
670958,0
670959,0
670960,0
670961,0
670962,0
670963,0
670964,0
670965,0
670966,22
670967,41
670968,0
670969,0
670970,0
670971,0
670972,0
670973,0
670974,0
670975,0
670976,0
670977,0
670978,0
670979,0
670980,0
670981,0
670982,60
670983,0
670984,0
670985,0
670986,0
670987,31
670988,0
670989,16
670990,29
670991,0
670992,0
670993,0
670994,0
670995,0
670996,28
670997,0
670998,0
670999,55
671000,0
671001,27
671002,18
671003,0
671004,0
671005,24
671006,0
671007,0
671008,0
671009,0
671010,0
671011,0
671012,0
671013,0
671014,0
671015,27
671016,0
671017,0
671018,0
671019,30
671020,43
671021,0
671022,0
671023,0
671024,0
671025,22
671026,28
671027,34
671028,0
671029,0
671030,0
671031,26
671032,0
671033,0
671034,0
671035,0
671036,0
671037,0
671038,0
671039,0
671040,31
671041,0
671042,0
671043,25
671044,0
671045,0
671046,0
671047,0
671048,62
671049,0
671050,0
671051,0
671052,0
671053,0
671054,28
671055,0
671056,21
671057,0
671058,13
671059,0
671060,0
671061,0
671062,0
671063,0
671064,20
671065,0
671066,0
671067,0
671068,0
671069,0
671070,0
671071,0
671072,0
671073,0
671074,22
671075,0
671076,0
671077,23
671078,0
671079,0
671080,0
671081,21
671082,0
671083,0
671084,16
671085,0
671086,0
671087,19
671088,16
671089,0
671090,16
671091,0
671092,0
671093,0
671094,0
671095,0
671096,0
671097,0
671098,0
671099,51
671100,22
671101,0
671102,43
671103,0
671104,0
671105,0
671106,0
671107,0
671108,0
671109,0
671110,0
671111,31
671112,0
671113,0
671114,0
671115,0
671116,0
671117,0
671118,0
671119,0
671120,0
671121,0
671122,0
671123,0
671124,0
671125,0
671126,0
671127,0
671128,0
671129,0
671130,0
671131,0
671132,0
671133,0
671134,0
671135,0
671136,0
671137,22
671138,0
671139,0
671140,0
671141,0
671142,0
671143,0
671144,0
671145,0
671146,0
671147,0
671148,0
671149,0
671150,0
671151,0
671152,0
671153,0
671154,0
671155,0
671156,0
671157,0
671158,0
671159,0
671160,24
671161,25
671162,0
671163,0
671164,0
671165,0
671166,0
671167,40
671168,0
671169,0
671170,0
671171,0
671172,0
671173,0
671174,0
671175,0
671176,38
671177,0
671178,0
671179,41
671180,0
671181,0
671182,0
671183,0
671184,0
671185,0
671186,0
671187,29
671188,33
671189,0
671190,0
671191,0
671192,28
671193,0
671194,0
671195,0
671196,0
671197,0
671198,0
671199,36
671200,0
671201,0
671202,0
671203,0
671204,0
671205,0
671206,31
671207,0
671208,0
671209,0
671210,0
671211,0
671212,0
671213,0
671214,0
671215,0
671216,39
671217,0
671218,0
671219,0
671220,0
671221,29
671222,0
671223,0
671224,0
671225,0
671226,0
671227,0
671228,0
671229,0
671230,0
671231,0
671232,0
671233,36
671234,0
671235,0
671236,35
671237,0
671238,0
671239,0
671240,0
671241,0
671242,0
671243,0
671244,0
671245,0
671246,35
671247,0
671248,0
671249,0
671250,0
671251,0
671252,0
671253,0
671254,0
671255,0
671256,0
671257,0
671258,0
671259,0
671260,0
671261,0
671262,0
671263,0
671264,0
671265,0
671266,0
671267,0
671268,24
671269,39
671270,0
671271,31
671272,0
671273,38
671274,0
671275,36
671276,0
671277,0
671278,0
671279,0
671280,0
671281,0
671282,0
671283,0
671284,0
671285,0
671286,0
671287,0
671288,0
671289,0
671290,0
671291,0
671292,0
671293,0
671294,0
671295,0
671296,0
671297,0
671298,0
671299,0
671300,0
671301,33
671302,0
671303,0
671304,0
671305,0
671306,0
671307,0
671308,0
671309,0
671310,0
671311,0
671312,0
671313,0
671314,0
671315,0
671316,0
671317,0
671318,0
671319,0
671320,31
671321,0
671322,0
671323,0
671324,0
671325,0
671326,0
671327,0
671328,0
671329,0
671330,0
671331,0
671332,0
671333,0
671334,28
671335,0
671336,0
671337,0
671338,0
671339,0
671340,0
671341,0
671342,0
671343,0
671344,0
671345,0
671346,0
671347,0
671348,0
671349,0
671350,0
671351,0
671352,32
671353,0
671354,0
671355,15
671356,0
671357,0
671358,0
671359,0
671360,0
671361,0
671362,0
671363,0
671364,0
671365,0
671366,0
671367,0
671368,0
671369,0
671370,0
671371,30
671372,0
671373,0
671374,0
671375,0
671376,0
671377,0
671378,0
671379,0
671380,0
671381,0
671382,0
671383,0
671384,0
671385,0
671386,0
671387,0
671388,0
671389,0
671390,0
671391,0
671392,0
671393,0
671394,0
671395,0
671396,0
671397,0
671398,0
671399,0
671400,40
671401,0
671402,0
671403,0
671404,0
671405,0
671406,0
671407,0
671408,0
671409,0
671410,0
671411,0
671412,0
671413,0
671414,0
671415,0
671416,0
671417,0
671418,0
671419,0
671420,0
671421,0
671422,0
671423,0
671424,0
671425,0
671426,0
671427,0
671428,0
671429,0
671430,0
671431,0
671432,0
671433,13
671434,0
671435,0
671436,0
671437,0
671438,0
671439,0
671440,0
671441,0
671442,0
671443,0
671444,0
671445,0
671446,0
671447,0
671448,0
671449,0
671450,0
671451,0
671452,0
671453,0
671454,0
671455,0
671456,0
671457,0
671458,0
671459,0
671460,0
671461,0
671462,27
671463,0
671464,0
671465,0
671466,0
671467,0
671468,0
671469,0
671470,31
671471,0
671472,0
671473,0
671474,0
671475,0
671476,0
671477,0
671478,0
671479,0
671480,0
671481,28
671482,17
671483,0
671484,0
671485,0
671486,0
671487,0
671488,0
671489,0
671490,0
671491,0
671492,0
671493,0
671494,0
671495,0
671496,23
671497,0
671498,0
671499,0
671500,0
671501,0
671502,0
671503,0
671504,0
671505,0
671506,0
671507,0
671508,0
671509,0
671510,0
671511,0
671512,0
671513,0
671514,0
671515,38
671516,0
671517,0
671518,0
671519,0
671520,0
671521,0
671522,0
671523,0
671524,0
671525,0
671526,0
671527,0
671528,0
671529,0
671530,0
671531,0
671532,0
671533,0
671534,0
671535,0
671536,28
671537,0
671538,0
671539,22
671540,0
671541,0
671542,0
671543,0
671544,0
671545,0
671546,0
671547,0
671548,0
671549,0
671550,0
671551,0
671552,0
671553,0
671554,14
671555,0
671556,0
671557,0
671558,0
671559,0
671560,0
671561,0
671562,0
671563,0
671564,0
671565,0
671566,0
671567,0
671568,0
671569,34
671570,0
671571,0
671572,0
671573,24
671574,0
671575,0
671576,0
671577,0
671578,0
671579,0
671580,0
671581,0
671582,0
671583,0
671584,0
671585,0
671586,24
671587,0
671588,0
671589,0
671590,0
671591,0
671592,0
671593,0
671594,0
671595,0
671596,0
671597,0
671598,0
671599,0
671600,0
671601,0
671602,0
671603,0
671604,0
671605,0
671606,0
671607,0
671608,0
671609,0
671610,0
671611,0
671612,0
671613,0
671614,0
671615,0
671616,0
671617,0
671618,0
671619,0
671620,0
671621,0
671622,0
671623,0
671624,0
671625,0
671626,0
671627,0
671628,0
671629,0
671630,0
671631,0
671632,0
671633,0
671634,0
671635,0
671636,0
671637,0
671638,0
671639,0
671640,0
671641,0
671642,0
671643,0
671644,0
671645,0
671646,0
671647,21
671648,0
671649,0
671650,0
671651,0
671652,0
671653,0
671654,0
671655,0
671656,0
671657,0
671658,32
671659,0
671660,0
671661,0
671662,0
671663,0
671664,0
671665,0
671666,0
671667,0
671668,0
671669,0
671670,0
671671,0
671672,0
671673,0
671674,0
671675,0
671676,0
671677,18
671678,0
671679,0
671680,0
671681,0
671682,0
671683,0
671684,0
671685,0
671686,0
671687,0
671688,0
671689,0
671690,0
671691,0
671692,0
671693,0
671694,0
671695,27
671696,0
671697,0
671698,0
671699,0
671700,0
671701,0
671702,0
671703,0
671704,22
671705,0
671706,0
671707,0
671708,0
671709,0
671710,0
671711,0
671712,0
671713,0
671714,0
671715,0
671716,0
671717,0
671718,0
671719,0
671720,0
671721,0
671722,0
671723,0
671724,0
671725,0
671726,0
671727,24
671728,0
671729,0
671730,0
671731,0
671732,0
671733,0
671734,0
671735,0
671736,0
671737,0
671738,0
671739,0
671740,0
671741,0
671742,0
671743,0
671744,0
671745,0
671746,0
671747,44
671748,0
671749,0
671750,0
671751,0
671752,0
671753,0
671754,0
671755,0
671756,0
671757,0
671758,0
671759,0
671760,0
671761,0
671762,0
671763,32
671764,0
671765,0
671766,0
671767,0
671768,0
671769,0
671770,0
671771,0
671772,0
671773,0
671774,0
671775,0
671776,0
671777,0
671778,0
671779,0
671780,0
671781,0
671782,0
671783,0
671784,0
671785,0
671786,0
671787,24
671788,0
671789,0
671790,25
671791,0
671792,0
671793,0
671794,0
671795,0
671796,0
671797,0
671798,0
671799,0
671800,31
671801,0
671802,23
671803,0
671804,0
671805,0
671806,0
671807,0
671808,0
671809,0
671810,0
671811,0
671812,0
671813,0
671814,0
671815,0
671816,0
671817,0
671818,0
671819,0
671820,0
671821,0
671822,0
671823,0
671824,0
671825,0
671826,0
671827,0
671828,0
671829,0
671830,0
671831,0
671832,0
671833,0
671834,0
671835,0
671836,0
671837,0
671838,0
671839,0
671840,0
671841,0
671842,0
671843,0
671844,0
671845,0
671846,0
671847,0
671848,0
671849,0
671850,36
671851,0
671852,0
671853,28
671854,0
671855,0
671856,0
671857,0
671858,0
671859,0
671860,0
671861,0
671862,30
671863,30
671864,0
671865,0
671866,0
671867,0
671868,0
671869,0
671870,0
671871,0
671872,0
671873,0
671874,0
671875,0
671876,0
671877,18
671878,0
671879,0
671880,0
671881,0
671882,25
671883,0
671884,34
671885,0
671886,0
671887,0
671888,0
671889,30
671890,0
671891,0
671892,0
671893,0
671894,0
671895,0
671896,0
671897,0
671898,0
671899,0
671900,0
671901,0
671902,0
671903,0
671904,0
671905,0
671906,0
671907,0
671908,0
671909,0
671910,32
671911,0
671912,0
671913,0
671914,31
671915,0
671916,0
671917,28
671918,0
671919,0
671920,0
671921,0
671922,0
671923,0
671924,0
671925,0
671926,0
671927,0
671928,0
671929,0
671930,0
671931,0
671932,0
671933,0
671934,0
671935,0
671936,0
671937,0
671938,0
671939,0
671940,33
671941,0
671942,0
671943,0
671944,0
671945,0
671946,0
671947,0
671948,0
671949,33
671950,0
671951,0
671952,0
671953,0
671954,0
671955,0
671956,0
671957,0
671958,0
671959,24
671960,0
671961,0
671962,0
671963,0
671964,0
671965,0
671966,0
671967,0
671968,0
671969,0
671970,0
671971,0
671972,0
671973,0
671974,0
671975,0
671976,0
671977,0
671978,0
671979,0
671980,0
671981,0
671982,0
671983,0
671984,0
671985,0
671986,0
671987,0
671988,0
671989,0
671990,0
671991,0
671992,0
671993,0
671994,0
671995,0
671996,0
671997,0
671998,0
671999,0
672000,0
672001,0
672002,0
672003,0
672004,0
672005,0
672006,0
672007,0
672008,0
672009,0
672010,0
672011,0
672012,0
672013,0
672014,1
672015,0
672016,0
672017,0
672018,0
672019,0
672020,0
672021,0
672022,0
672023,0
672024,0
672025,0
672026,0
672027,0
672028,0
672029,0
672030,0
672031,0
672032,0
672033,0
672034,0
672035,0
672036,0
672037,0
672038,0
672039,0
672040,0
672041,0
672042,0
672043,0
672044,0
672045,0
672046,0
672047,0
672048,0
672049,0
672050,0
672051,0
672052,0
672053,0
672054,0
672055,0
672056,0
672057,0
672058,0
672059,0
672060,0
672061,1
672062,0
672063,0
672064,0
672065,0
672066,0
672067,0
672068,0
672069,0
672070,0
672071,0
672072,0
672073,0
672074,0
672075,0
672076,0
672077,0
672078,0
672079,0
672080,0
672081,0
672082,0
672083,0
672084,0
672085,0
672086,0
672087,0
672088,0
672089,0
672090,0
672091,0
672092,0
672093,0
672094,0
672095,0
672096,0
672097,0
672098,0
672099,0
672100,0
672101,0
672102,0
672103,0
672104,0
672105,0
672106,0
672107,0
672108,0
672109,0
672110,0
672111,0
672112,0
672113,0
672114,0
672115,0
672116,0
672117,0
672118,0
672119,0
672120,0
672121,0
672122,0
672123,0
672124,0
672125,0
672126,0
672127,0
672128,0
672129,0
672130,1
672131,0
672132,0
672133,0
672134,0
672135,0
672136,0
672137,0
672138,0
672139,0
672140,0
672141,0
672142,0
672143,0
672144,0
672145,0
672146,0
672147,0
672148,0
672149,0
672150,0
672151,0
672152,0
672153,0
672154,0
672155,0
672156,0
672157,0
672158,1
672159,0
672160,0
672161,0
672162,0
672163,0
672164,0
672165,0
672166,0
672167,0
672168,0
672169,0
672170,0
672171,0
672172,0
672173,0
672174,0
672175,0
672176,0
672177,0
672178,0
672179,0
672180,0
672181,0
672182,0
672183,0
672184,0
672185,0
672186,0
672187,0
672188,0
672189,0
672190,0
672191,0
672192,0
672193,0
672194,0
672195,0
672196,0
672197,0
672198,0
672199,0
672200,0
672201,0
672202,0
672203,0
672204,0
672205,0
672206,0
672207,0
672208,0
672209,0
672210,0
672211,0
672212,0
672213,0
672214,0
672215,0
672216,0
672217,0
672218,0
672219,0
672220,0
672221,0
672222,0
672223,0
672224,0
672225,0
672226,0
672227,0
672228,0
672229,0
672230,0
672231,0
672232,0
672233,0
672234,0
672235,0
672236,0
672237,0
672238,0
672239,0
672240,0
672241,0
672242,0
672243,0
672244,0
672245,0
672246,0
672247,0
672248,0
672249,0
672250,0
672251,0
672252,0
672253,0
672254,0
672255,0
672256,0
672257,0
672258,0
672259,0
672260,0
672261,0
672262,0
672263,0
672264,0
672265,0
672266,0
672267,0
672268,0
672269,0
672270,0
672271,0
672272,0
672273,0
672274,0
672275,0
672276,0
672277,0
672278,0
672279,0
672280,0
672281,0
672282,0
672283,0
672284,0
672285,0
672286,0
672287,0
672288,0
672289,0
672290,0
672291,0
672292,0
672293,0
672294,0
672295,0
672296,0
672297,0
672298,0
672299,0
672300,0
672301,0
672302,0
672303,0
672304,0
672305,0
672306,0
672307,0
672308,0
672309,0
672310,0
672311,0
672312,0
672313,0
672314,0
672315,0
672316,0
672317,0
672318,0
672319,0
672320,0
672321,0
672322,0
672323,0
672324,0
672325,0
672326,0
672327,0
672328,0
672329,0
672330,0
672331,0
672332,0
672333,0
672334,0
672335,0
672336,0
672337,0
672338,0
672339,0
672340,0
672341,0
672342,0
672343,0
672344,0
672345,0
672346,0
672347,0
672348,0
672349,0
672350,0
672351,0
672352,0
672353,0
672354,0
672355,0
672356,0
672357,0
672358,0
672359,0
672360,0
672361,0
672362,0
672363,0
672364,0
672365,0
672366,0
672367,0
672368,0
672369,0
672370,0
672371,0
672372,0
672373,0
672374,0
672375,0
672376,0
672377,0
672378,0
672379,0
672380,0
672381,0
672382,0
672383,0
672384,0
672385,0
672386,0
672387,0
672388,0
672389,0
672390,0
672391,0
672392,0
672393,0
672394,0
672395,0
672396,0
672397,0
672398,0
672399,0
672400,0
672401,0
672402,0
672403,0
672404,0
672405,0
672406,0
672407,0
672408,0
672409,0
672410,0
672411,0
672412,0
672413,0
672414,0
672415,0
672416,0
672417,0
672418,0
672419,0
672420,0
672421,0
672422,0
672423,0
672424,0
672425,0
672426,0
672427,0
672428,0
672429,0
672430,0
672431,0
672432,0
672433,0
672434,0
672435,0
672436,0
672437,0
672438,0
672439,0
672440,0
672441,0
672442,0
672443,0
672444,0
672445,0
672446,0
672447,0
672448,0
672449,0
672450,0
672451,0
672452,0
672453,0
672454,0
672455,0
672456,0
672457,0
672458,0
672459,0
672460,0
672461,0
672462,0
672463,0
672464,0
672465,0
672466,0
672467,0
672468,0
672469,0
672470,0
672471,0
672472,0
672473,0
672474,0
672475,0
672476,0
672477,0
672478,0
672479,0
672480,0
672481,0
672482,0
672483,0
672484,0
672485,0
672486,0
672487,0
672488,0
672489,0
672490,0
672491,0
672492,0
672493,0
672494,0
672495,0
672496,0
672497,0
672498,0
672499,0
672500,0
672501,0
672502,0
672503,0
672504,0
672505,0
672506,0
672507,0
672508,0
672509,0
672510,0
672511,0
672512,0
672513,0
672514,0
672515,0
672516,0
672517,0
672518,0
672519,0
672520,0
672521,0
672522,0
672523,0
672524,0
672525,0
672526,0
672527,0
672528,0
672529,0
672530,0
672531,0
672532,0
672533,0
672534,0
672535,0
672536,0
672537,0
672538,0
672539,0
672540,0
672541,0
672542,0
672543,0
672544,0
672545,0
672546,0
672547,0
672548,0
672549,0
672550,0
672551,0
672552,0
672553,0
672554,0
672555,0
672556,0
672557,0
672558,0
672559,0
672560,0
672561,0
672562,0
672563,0
672564,0
672565,0
672566,0
672567,0
672568,0
672569,0
672570,0
672571,0
672572,0
672573,0
672574,0
672575,0
672576,0
672577,0
672578,0
672579,0
672580,0
672581,0
672582,0
672583,0
672584,0
672585,0
672586,0
672587,0
672588,0
672589,0
672590,0
672591,0
672592,0
672593,0
672594,0
672595,0
672596,0
672597,0
672598,0
672599,0
672600,0
672601,0
672602,0
672603,0
672604,0
672605,0
672606,0
672607,0
672608,0
672609,0
672610,0
672611,0
672612,0
672613,0
672614,1
672615,0
672616,0
672617,0
672618,0
672619,0
672620,0
672621,0
672622,0
672623,0
672624,0
672625,0
672626,0
672627,0
672628,0
672629,0
672630,0
672631,0
672632,0
672633,0
672634,0
672635,0
672636,0
672637,0
672638,0
672639,0
672640,0
672641,0
672642,0
672643,0
672644,0
672645,0
672646,0
672647,0
672648,0
672649,0
672650,0
672651,0
672652,0
672653,0
672654,0
672655,0
672656,0
672657,0
672658,0
672659,0
672660,0
672661,0
672662,0
672663,0
672664,0
672665,0
672666,0
672667,0
672668,0
672669,0
672670,0
672671,0
672672,0
672673,0
672674,0
672675,0
672676,0
672677,0
672678,0
672679,0
672680,0
672681,0
672682,0
672683,0
672684,0
672685,0
672686,0
672687,0
672688,0
672689,0
672690,0
672691,0
672692,0
672693,0
672694,0
672695,0
672696,0
672697,0
672698,0
672699,0
672700,0
672701,0
672702,0
672703,0
672704,0
672705,0
672706,0
672707,0
672708,0
672709,0
672710,0
672711,0
672712,0
672713,0
672714,0
672715,1
672716,0
672717,0
672718,0
672719,0
672720,0
672721,0
672722,0
672723,0
672724,0
672725,0
672726,0
672727,0
672728,0
672729,0
672730,0
672731,0
672732,0
672733,0
672734,0
672735,0
672736,0
672737,0
672738,0
672739,0
672740,0
672741,0
672742,0
672743,0
672744,0
672745,0
672746,0
672747,0
672748,0
672749,0
672750,0
672751,0
672752,0
672753,0
672754,0
672755,0
672756,0
672757,0
672758,0
672759,1
672760,0
672761,0
672762,0
672763,0
672764,0
672765,0
672766,0
672767,0
672768,0
672769,0
672770,0
672771,0
672772,0
672773,0
672774,0
672775,0
672776,0
672777,0
672778,0
672779,0
672780,0
672781,0
672782,0
672783,0
672784,0
672785,0
672786,0
672787,0
672788,0
672789,0
672790,0
672791,0
672792,0
672793,0
672794,0
672795,0
672796,0
672797,0
672798,0
672799,0
672800,0
672801,0
672802,0
672803,0
672804,0
672805,0
672806,0
672807,0
672808,0
672809,0
672810,0
672811,0
672812,0
672813,0
672814,0
672815,0
672816,0
672817,0
672818,0
672819,0
672820,0
672821,0
672822,0
672823,0
672824,0
672825,0
672826,0
672827,0
672828,0
672829,0
672830,0
672831,33
672832,31
672833,0
672834,0
672835,0
672836,27
672837,0
672838,0
672839,0
672840,0
672841,0
672842,0
672843,42
672844,0
672845,0
672846,0
672847,0
672848,0
672849,0
672850,0
672851,0
672852,0
672853,0
672854,0
672855,0
672856,0
672857,27
672858,0
672859,0
672860,0
672861,0
672862,0
672863,0
672864,0
672865,0
672866,39
672867,0
672868,0
672869,0
672870,0
672871,37
672872,0
672873,43
672874,34
672875,0
672876,0
672877,0
672878,0
672879,41
672880,0
672881,36
672882,26
672883,46
672884,0
672885,0
672886,0
672887,0
672888,0
672889,0
672890,0
672891,0
672892,17
672893,29
672894,0
672895,0
672896,0
672897,0
672898,0
672899,0
672900,0
672901,0
672902,0
672903,0
672904,37
672905,0
672906,0
672907,0
672908,0
672909,0
672910,0
672911,0
672912,0
672913,0
672914,0
672915,0
672916,0
672917,0
672918,0
672919,34
672920,0
672921,0
672922,0
672923,0
672924,34
672925,0
672926,0
672927,39
672928,0
672929,0
672930,0
672931,0
672932,0
672933,0
672934,0
672935,0
672936,0
672937,0
672938,0
672939,0
672940,0
672941,0
672942,0
672943,0
672944,0
672945,0
672946,0
672947,0
672948,0
672949,0
672950,0
672951,0
672952,0
672953,0
672954,0
672955,0
672956,21
672957,0
672958,0
672959,0
672960,0
672961,0
672962,0
672963,0
672964,0
672965,0
672966,0
672967,0
672968,0
672969,53
672970,0
672971,0
672972,0
672973,0
672974,37
672975,0
672976,0
672977,0
672978,0
672979,0
672980,0
672981,0
672982,46
672983,31
672984,0
672985,41
672986,29
672987,33
672988,0
672989,0
672990,0
672991,34
672992,50
672993,0
672994,0
672995,0
672996,0
672997,0
672998,31
672999,0
673000,36
673001,35
673002,0
673003,37
673004,0
673005,0
673006,0
673007,0
673008,0
673009,0
673010,0
673011,0
673012,0
673013,0
673014,0
673015,0
673016,0
673017,0
673018,24
673019,0
673020,0
673021,0
673022,44
673023,0
673024,0
673025,30
673026,0
673027,0
673028,0
673029,0
673030,39
673031,0
673032,0
673033,0
673034,0
673035,0
673036,0
673037,0
673038,34
673039,0
673040,35
673041,0
673042,0
673043,0
673044,34
673045,0
673046,25
673047,58
673048,0
673049,0
673050,0
673051,0
673052,0
673053,0
673054,0
673055,48
673056,0
673057,0
673058,0
673059,0
673060,0
673061,0
673062,0
673063,31
673064,0
673065,0
673066,0
673067,0
673068,0
673069,39
673070,0
673071,0
673072,0
673073,46
673074,0
673075,0
673076,0
673077,0
673078,0
673079,0
673080,0
673081,0
673082,48
673083,0
673084,0
673085,0
673086,28
673087,0
673088,26
673089,0
673090,45
673091,33
673092,0
673093,0
673094,0
673095,37
673096,0
673097,0
673098,0
673099,0
673100,40
673101,0
673102,0
673103,0
673104,0
673105,29
673106,0
673107,0
673108,42
673109,0
673110,0
673111,0
673112,0
673113,0
673114,0
673115,0
673116,0
673117,39
673118,0
673119,0
673120,29
673121,0
673122,0
673123,0
673124,0
673125,0
673126,0
673127,0
673128,0
673129,0
673130,0
673131,0
673132,0
673133,26
673134,27
673135,0
673136,0
673137,36
673138,0
673139,0
673140,0
673141,0
673142,0
673143,0
673144,0
673145,20
673146,37
673147,0
673148,21
673149,0
673150,0
673151,0
673152,0
673153,0
673154,0
673155,0
673156,52
673157,0
673158,0
673159,0
673160,32
673161,0
673162,0
673163,0
673164,0
673165,37
673166,0
673167,0
673168,0
673169,0
673170,0
673171,0
673172,0
673173,47
673174,0
673175,0
673176,0
673177,0
673178,0
673179,0
673180,0
673181,0
673182,0
673183,0
673184,0
673185,0
673186,51
673187,0
673188,0
673189,0
673190,0
673191,0
673192,0
673193,0
673194,0
673195,0
673196,0
673197,0
673198,50
673199,28
673200,0
673201,0
673202,41
673203,0
673204,33
673205,0
673206,0
673207,33
673208,0
673209,0
673210,0
673211,0
673212,0
673213,0
673214,0
673215,0
673216,0
673217,0
673218,0
673219,0
673220,0
673221,0
673222,0
673223,0
673224,0
673225,0
673226,0
673227,0
673228,0
673229,0
673230,0
673231,0
673232,0
673233,0
673234,0
673235,0
673236,0
673237,44
673238,0
673239,0
673240,0
673241,0
673242,0
673243,0
673244,29
673245,0
673246,29
673247,47
673248,40
673249,47
673250,37
673251,0
673252,40
673253,0
673254,0
673255,0
673256,0
673257,0
673258,0
673259,0
673260,0
673261,0
673262,0
673263,36
673264,0
673265,39
673266,0
673267,0
673268,0
673269,41
673270,0
673271,0
673272,35
673273,0
673274,23
673275,27
673276,0
673277,0
673278,24
673279,0
673280,40
673281,0
673282,0
673283,31
673284,0
673285,33
673286,0
673287,0
673288,29
673289,0
673290,0
673291,0
673292,34
673293,0
673294,0
673295,0
673296,0
673297,30
673298,0
673299,0
673300,0
673301,0
673302,0
673303,40
673304,27
673305,0
673306,0
673307,0
673308,31
673309,0
673310,0
673311,0
673312,42
673313,0
673314,0
673315,0
673316,0
673317,0
673318,0
673319,0
673320,0
673321,0
673322,0
673323,0
673324,0
673325,0
673326,0
673327,0
673328,0
673329,0
673330,0
673331,0
673332,0
673333,0
673334,0
673335,37
673336,0
673337,0
673338,0
673339,0
673340,0
673341,0
673342,0
673343,0
673344,0
673345,17
673346,0
673347,0
673348,0
673349,0
673350,0
673351,33
673352,34
673353,0
673354,0
673355,0
673356,0
673357,0
673358,0
673359,0
673360,0
673361,0
673362,39
673363,46
673364,0
673365,0
673366,0
673367,0
673368,0
673369,0
673370,0
673371,36
673372,22
673373,0
673374,34
673375,0
673376,0
673377,0
673378,28
673379,37
673380,0
673381,0
673382,55
673383,0
673384,0
673385,0
673386,0
673387,31
673388,33
673389,0
673390,35
673391,0
673392,45
673393,0
673394,0
673395,0
673396,0
673397,0
673398,0
673399,0
673400,0
673401,0
673402,0
673403,0
673404,0
673405,0
673406,0
673407,0
673408,0
673409,0
673410,0
673411,0
673412,0
673413,0
673414,0
673415,0
673416,0
673417,0
673418,0
673419,0
673420,0
673421,0
673422,0
673423,29
673424,0
673425,0
673426,0
673427,0
673428,0
673429,0
673430,0
673431,0
673432,0
673433,0
673434,0
673435,30
673436,0
673437,0
673438,26
673439,0
673440,0
673441,0
673442,21
673443,0
673444,0
673445,50
673446,0
673447,0
673448,45
673449,36
673450,0
673451,0
673452,0
673453,0
673454,0
673455,0
673456,0
673457,0
673458,28
673459,0
673460,0
673461,0
673462,40
673463,0
673464,0
673465,0
673466,36
673467,0
673468,0
673469,0
673470,0
673471,0
673472,0
673473,0
673474,0
673475,0
673476,0
673477,27
673478,0
673479,0
673480,27
673481,0
673482,0
673483,0
673484,36
673485,0
673486,0
673487,0
673488,0
673489,0
673490,0
673491,0
673492,0
673493,0
673494,0
673495,28
673496,0
673497,0
673498,0
673499,0
673500,0
673501,0
673502,0
673503,0
673504,0
673505,0
673506,0
673507,0
673508,26
673509,0
673510,0
673511,0
673512,0
673513,0
673514,0
673515,0
673516,0
673517,0
673518,51
673519,0
673520,0
673521,0
673522,0
673523,0
673524,30
673525,33
673526,0
673527,28
673528,18
673529,0
673530,0
673531,0
673532,0
673533,0
673534,0
673535,40
673536,0
673537,0
673538,0
673539,33
673540,0
673541,0
673542,0
673543,0
673544,0
673545,0
673546,0
673547,0
673548,0
673549,0
673550,0
673551,0
673552,46
673553,0
673554,0
673555,0
673556,0
673557,0
673558,0
673559,0
673560,39
673561,24
673562,29
673563,25
673564,38
673565,0
673566,0
673567,0
673568,0
673569,20
673570,0
673571,0
673572,28
673573,0
673574,0
673575,26
673576,24
673577,0
673578,33
673579,0
673580,31
673581,0
673582,0
673583,0
673584,21
673585,0
673586,0
673587,0
673588,0
673589,19
673590,0
673591,35
673592,0
673593,0
673594,0
673595,0
673596,0
673597,0
673598,0
673599,22
673600,0
673601,30
673602,0
673603,35
673604,0
673605,0
673606,0
673607,0
673608,28
673609,0
673610,0
673611,31
673612,0
673613,0
673614,23
673615,0
673616,0
673617,0
673618,0
673619,0
673620,0
673621,26
673622,0
673623,0
673624,0
673625,27
673626,24
673627,21
673628,21
673629,26
673630,16
673631,0
673632,31
673633,30
673634,0
673635,0
673636,35
673637,0
673638,0
673639,0
673640,0
673641,0
673642,0
673643,0
673644,0
673645,47
673646,0
673647,0
673648,0
673649,20
673650,0
673651,0
673652,0
673653,0
673654,23
673655,0
673656,0
673657,32
673658,0
673659,0
673660,45
673661,0
673662,0
673663,22
673664,0
673665,0
673666,0
673667,0
673668,0
673669,35
673670,0
673671,28
673672,0
673673,0
673674,0
673675,0
673676,0
673677,19
673678,0
673679,0
673680,0
673681,0
673682,0
673683,0
673684,0
673685,0
673686,0
673687,0
673688,0
673689,0
673690,0
673691,0
673692,0
673693,0
673694,0
673695,0
673696,25
673697,0
673698,0
673699,25
673700,0
673701,21
673702,24
673703,0
673704,0
673705,29
673706,0
673707,25
673708,28
673709,0
673710,0
673711,22
673712,0
673713,0
673714,0
673715,21
673716,0
673717,19
673718,0
673719,0
673720,22
673721,0
673722,0
673723,0
673724,0
673725,21
673726,0
673727,0
673728,23
673729,0
673730,0
673731,0
673732,26
673733,0
673734,22
673735,0
673736,0
673737,0
673738,0
673739,0
673740,0
673741,31
673742,0
673743,0
673744,0
673745,0
673746,21
673747,31
673748,0
673749,0
673750,0
673751,0
673752,0
673753,0
673754,31
673755,0
673756,41
673757,0
673758,38
673759,0
673760,0
673761,0
673762,34
673763,33
673764,41
673765,0
673766,22
673767,0
673768,0
673769,36
673770,22
673771,0
673772,0
673773,24
673774,0
673775,0
673776,0
673777,0
673778,44
673779,0
673780,24
673781,0
673782,0
673783,0
673784,0
673785,0
673786,0
673787,0
673788,0
673789,0
673790,0
673791,0
673792,40
673793,0
673794,0
673795,0
673796,0
673797,0
673798,24
673799,17
673800,0
673801,41
673802,0
673803,0
673804,0
673805,0
673806,0
673807,25
673808,0
673809,0
673810,0
673811,0
673812,0
673813,0
673814,0
673815,0
673816,0
673817,0
673818,0
673819,0
673820,0
673821,0
673822,0
673823,0
673824,0
673825,29
673826,27
673827,0
673828,36
673829,28
673830,32
673831,0
673832,0
673833,0
673834,31
673835,26
673836,0
673837,0
673838,0
673839,0
673840,0
673841,0
673842,26
673843,0
673844,32
673845,31
673846,28
673847,0
673848,24
673849,0
673850,0
673851,0
673852,25
673853,0
673854,25
673855,37
673856,0
673857,0
673858,0
673859,34
673860,0
673861,0
673862,0
673863,0
673864,0
673865,0
673866,31
673867,0
673868,0
673869,0
673870,43
673871,0
673872,0
673873,0
673874,0
673875,0
673876,34
673877,0
673878,0
673879,0
673880,0
673881,35
673882,0
673883,0
673884,0
673885,0
673886,0
673887,0
673888,0
673889,0
673890,16
673891,0
673892,0
673893,0
673894,0
673895,30
673896,0
673897,0
673898,0
673899,0
673900,0
673901,37
673902,30
673903,18
673904,0
673905,0
673906,0
673907,37
673908,0
673909,0
673910,0
673911,0
673912,0
673913,0
673914,0
673915,0
673916,29
673917,30
673918,0
673919,0
673920,19
673921,0
673922,0
673923,0
673924,0
673925,0
673926,0
673927,0
673928,26
673929,0
673930,30
673931,20
673932,34
673933,0
673934,28
673935,20
673936,30
673937,0
673938,32
673939,0
673940,33
673941,29
673942,0
673943,0
673944,18
673945,27
673946,0
673947,0
673948,38
673949,0
673950,28
673951,0
673952,0
673953,0
673954,0
673955,51
673956,0
673957,0
673958,38
673959,25
673960,0
673961,33
673962,0
673963,0
673964,25
673965,0
673966,0
673967,0
673968,0
673969,0
673970,13
673971,17
673972,0
673973,0
673974,0
673975,0
673976,0
673977,34
673978,0
673979,0
673980,25
673981,0
673982,0
673983,0
673984,0
673985,0
673986,0
673987,0
673988,38
673989,0
673990,0
673991,26
673992,0
673993,0
673994,0
673995,0
673996,0
673997,0
673998,0
673999,21
674000,31
674001,49
674002,21
674003,0
674004,31
674005,0
674006,0
674007,0
674008,22
674009,0
674010,32
674011,23
674012,0
674013,29
674014,0
674015,31
674016,0
674017,0
674018,0
674019,0
674020,0
674021,0
674022,0
674023,0
674024,23
674025,0
674026,32
674027,0
674028,0
674029,0
674030,0
674031,0
674032,0
674033,0
674034,0
674035,20
674036,0
674037,18
674038,23
674039,31
674040,21
674041,0
674042,0
674043,0
674044,0
674045,34
674046,23
674047,0
674048,33
674049,0
674050,0
674051,0
674052,0
674053,0
674054,0
674055,0
674056,0
674057,0
674058,39
674059,0
674060,31
674061,0
674062,0
674063,0
674064,32
674065,0
674066,0
674067,23
674068,0
674069,0
674070,0
674071,0
674072,0
674073,0
674074,0
674075,0
674076,0
674077,0
674078,0
674079,0
674080,0
674081,0
674082,0
674083,0
674084,0
674085,0
674086,0
674087,0
674088,1
674089,0
674090,0
674091,0
674092,0
674093,0
674094,0
674095,0
674096,0
674097,0
674098,0
674099,0
674100,0
674101,0
674102,0
674103,0
674104,0
674105,0
674106,0
674107,0
674108,0
674109,0
674110,0
674111,0
674112,0
674113,0
674114,0
674115,0
674116,0
674117,0
674118,0
674119,0
674120,0
674121,0
674122,0
674123,0
674124,0
674125,0
674126,0
674127,0
674128,0
674129,1
674130,0
674131,0
674132,0
674133,0
674134,0
674135,0
674136,0
674137,0
674138,0
674139,0
674140,0
674141,0
674142,0
674143,0
674144,0
674145,0
674146,0
674147,0
674148,0
674149,0
674150,0
674151,0
674152,0
674153,0
674154,0
674155,0
674156,0
674157,0
674158,0
674159,0
674160,0
674161,0
674162,0
674163,0
674164,0
674165,0
674166,0
674167,0
674168,0
674169,0
674170,0
674171,0
674172,0
674173,0
674174,0
674175,0
674176,0
674177,0
674178,0
674179,0
674180,0
674181,0
674182,0
674183,0
674184,0
674185,0
674186,0
674187,0
674188,0
674189,0
674190,0
674191,0
674192,0
674193,0
674194,0
674195,0
674196,0
674197,0
674198,0
674199,0
674200,0
674201,0
674202,0
674203,0
674204,0
674205,0
674206,0
674207,0
674208,0
674209,0
674210,0
674211,0
674212,0
674213,0
674214,0
674215,0
674216,0
674217,0
674218,0
674219,0
674220,0
674221,0
674222,0
674223,0
674224,0
674225,0
674226,0
674227,0
674228,0
674229,0
674230,0
674231,0
674232,0
674233,0
674234,0
674235,0
674236,0
674237,0
674238,0
674239,0
674240,0
674241,0
674242,0
674243,0
674244,0
674245,0
674246,0
674247,0
674248,0
674249,0
674250,0
674251,0
674252,0
674253,0
674254,0
674255,0
674256,0
674257,0
674258,0
674259,0
674260,0
674261,0
674262,0
674263,0
674264,0
674265,0
674266,0
674267,0
674268,0
674269,0
674270,0
674271,0
674272,0
674273,0
674274,0
674275,0
674276,0
674277,0
674278,0
674279,0
674280,0
674281,0
674282,0
674283,0
674284,0
674285,0
674286,0
674287,0
674288,0
674289,0
674290,0
674291,0
674292,0
674293,0
674294,0
674295,0
674296,0
674297,0
674298,0
674299,0
674300,0
674301,0
674302,0
674303,0
674304,0
674305,0
674306,0
674307,0
674308,0
674309,0
674310,0
674311,0
674312,0
674313,0
674314,0
674315,0
674316,0
674317,0
674318,0
674319,0
674320,0
674321,0
674322,0
674323,0
674324,0
674325,0
674326,1
674327,0
674328,0
674329,0
674330,0
674331,0
674332,0
674333,0
674334,0
674335,0
674336,0
674337,0
674338,0
674339,0
674340,0
674341,0
674342,0
674343,0
674344,0
674345,0
674346,0
674347,0
674348,0
674349,0
674350,0
674351,0
674352,19
674353,0
674354,0
674355,0
674356,0
674357,0
674358,0
674359,39
674360,0
674361,23
674362,0
674363,30
674364,0
674365,0
674366,0
674367,0
674368,0
674369,33
674370,0
674371,0
674372,36
674373,0
674374,0
674375,0
674376,30
674377,0
674378,0
674379,0
674380,0
674381,0
674382,0
674383,0
674384,0
674385,0
674386,0
674387,0
674388,37
674389,46
674390,0
674391,0
674392,0
674393,0
674394,0
674395,25
674396,0
674397,0
674398,0
674399,0
674400,0
674401,0
674402,0
674403,0
674404,0
674405,0
674406,26
674407,0
674408,0
674409,0
674410,0
674411,32
674412,0
674413,0
674414,33
674415,21
674416,36
674417,0
674418,0
674419,0
674420,0
674421,0
674422,0
674423,0
674424,0
674425,48
674426,0
674427,0
674428,0
674429,0
674430,0
674431,0
674432,34
674433,0
674434,0
674435,0
674436,0
674437,0
674438,0
674439,0
674440,0
674441,0
674442,27
674443,0
674444,0
674445,0
674446,0
674447,0
674448,0
674449,0
674450,26
674451,0
674452,0
674453,0
674454,36
674455,0
674456,0
674457,0
674458,0
674459,0
674460,0
674461,42
674462,52
674463,0
674464,34
674465,0
674466,0
674467,0
674468,45
674469,0
674470,0
674471,0
674472,0
674473,0
674474,0
674475,0
674476,0
674477,0
674478,26
674479,0
674480,0
674481,0
674482,0
674483,0
674484,39
674485,0
674486,0
674487,0
674488,0
674489,0
674490,0
674491,0
674492,0
674493,23
674494,47
674495,0
674496,38
674497,0
674498,0
674499,0
674500,0
674501,0
674502,39
674503,0
674504,0
674505,0
674506,0
674507,0
674508,41
674509,0
674510,24
674511,0
674512,0
674513,27
674514,43
674515,0
674516,0
674517,29
674518,0
674519,0
674520,0
674521,0
674522,0
674523,0
674524,35
674525,0
674526,0
674527,0
674528,36
674529,0
674530,0
674531,0
674532,7
674533,57
674534,44
674535,0
674536,0
674537,0
674538,0
674539,0
674540,36
674541,0
674542,0
674543,0
674544,0
674545,0
674546,0
674547,0
674548,0
674549,0
674550,38
674551,0
674552,0
674553,0
674554,0
674555,0
674556,0
674557,0
674558,0
674559,0
674560,0
674561,31
674562,0
674563,0
674564,38
674565,0
674566,40
674567,0
674568,0
674569,0
674570,36
674571,37
674572,26
674573,0
674574,0
674575,0
674576,0
674577,33
674578,0
674579,0
674580,0
674581,0
674582,0
674583,0
674584,0
674585,42
674586,0
674587,0
674588,0
674589,18
674590,0
674591,0
674592,0
674593,0
674594,0
674595,15
674596,0
674597,22
674598,15
674599,0
674600,0
674601,18
674602,0
674603,15
674604,0
674605,0
674606,0
674607,0
674608,0
674609,0
674610,0
674611,0
674612,0
674613,0
674614,22
674615,0
674616,0
674617,0
674618,0
674619,0
674620,22
674621,0
674622,10
674623,0
674624,0
674625,0
674626,0
674627,27
674628,0
674629,0
674630,0
674631,0
674632,0
674633,0
674634,0
674635,17
674636,20
674637,0
674638,0
674639,0
674640,0
674641,0
674642,0
674643,12
674644,0
674645,0
674646,0
674647,0
674648,0
674649,0
674650,0
674651,0
674652,0
674653,0
674654,0
674655,0
674656,0
674657,0
674658,0
674659,0
674660,0
674661,0
674662,0
674663,37
674664,0
674665,25
674666,0
674667,0
674668,0
674669,0
674670,0
674671,0
674672,32
674673,0
674674,0
674675,0
674676,0
674677,31
674678,0
674679,0
674680,0
674681,0
674682,0
674683,0
674684,0
674685,21
674686,0
674687,0
674688,0
674689,0
674690,26
674691,0
674692,0
674693,0
674694,0
674695,0
674696,0
674697,0
674698,0
674699,0
674700,0
674701,0
674702,0
674703,0
674704,0
674705,37
674706,0
674707,0
674708,0
674709,41
674710,0
674711,0
674712,0
674713,28
674714,0
674715,0
674716,0
674717,0
674718,0
674719,0
674720,0
674721,0
674722,0
674723,0
674724,0
674725,0
674726,0
674727,34
674728,0
674729,0
674730,34
674731,0
674732,0
674733,46
674734,0
674735,0
674736,0
674737,0
674738,0
674739,0
674740,0
674741,0
674742,0
674743,0
674744,0
674745,0
674746,0
674747,0
674748,0
674749,0
674750,0
674751,0
674752,39
674753,16
674754,0
674755,0
674756,0
674757,0
674758,0
674759,0
674760,19
674761,0
674762,0
674763,0
674764,25
674765,0
674766,0
674767,0
674768,0
674769,0
674770,0
674771,0
674772,0
674773,0
674774,0
674775,0
674776,0
674777,0
674778,0
674779,0
674780,0
674781,22
674782,0
674783,0
674784,0
674785,0
674786,29
674787,0
674788,0
674789,0
674790,0
674791,0
674792,0
674793,0
674794,0
674795,0
674796,0
674797,0
674798,0
674799,15
674800,0
674801,0
674802,0
674803,0
674804,0
674805,30
674806,35
674807,0
674808,0
674809,0
674810,0
674811,0
674812,0
674813,0
674814,0
674815,0
674816,17
674817,0
674818,0
674819,0
674820,0
674821,0
674822,0
674823,27
674824,0
674825,0
674826,21
674827,0
674828,0
674829,0
674830,0
674831,40
674832,0
674833,0
674834,0
674835,0
674836,0
674837,43
674838,0
674839,0
674840,0
674841,26
674842,0
674843,0
674844,0
674845,0
674846,0
674847,0
674848,0
674849,0
674850,0
674851,0
674852,0
674853,34
674854,0
674855,42
674856,0
674857,0
674858,24
674859,0
674860,11
674861,0
674862,0
674863,21
674864,0
674865,0
674866,0
674867,0
674868,0
674869,0
674870,0
674871,0
674872,0
674873,0
674874,0
674875,50
674876,25
674877,0
674878,0
674879,0
674880,0
674881,0
674882,0
674883,0
674884,0
674885,0
674886,0
674887,0
674888,0
674889,22
674890,35
674891,0
674892,0
674893,0
674894,0
674895,0
674896,0
674897,0
674898,0
674899,22
674900,0
674901,0
674902,0
674903,0
674904,0
674905,0
674906,0
674907,0
674908,0
674909,45
674910,0
674911,0
674912,0
674913,0
674914,0
674915,0
674916,0
674917,0
674918,0
674919,0
674920,0
674921,0
674922,0
674923,13
674924,24
674925,0
674926,0
674927,30
674928,0
674929,0
674930,0
674931,0
674932,0
674933,35
674934,0
674935,0
674936,29
674937,0
674938,18
674939,0
674940,0
674941,0
674942,0
674943,0
674944,0
674945,0
674946,0
674947,0
674948,0
674949,0
674950,21
674951,0
674952,0
674953,0
674954,0
674955,0
674956,0
674957,0
674958,0
674959,0
674960,0
674961,37
674962,0
674963,0
674964,0
674965,42
674966,16
674967,0
674968,0
674969,0
674970,23
674971,0
674972,0
674973,0
674974,0
674975,0
674976,0
674977,0
674978,0
674979,0
674980,0
674981,0
674982,0
674983,0
674984,0
674985,0
674986,18
674987,26
674988,0
674989,0
674990,0
674991,0
674992,0
674993,0
674994,0
674995,0
674996,0
674997,0
674998,0
674999,52
675000,0
675001,0
675002,0
675003,0
675004,0
675005,0
675006,0
675007,0
675008,0
675009,28
675010,0
675011,0
675012,0
675013,0
675014,21
675015,23
675016,0
675017,0
675018,0
675019,0
675020,0
675021,0
675022,0
675023,0
675024,0
675025,0
675026,0
675027,0
675028,0
675029,0
675030,0
675031,0
675032,0
675033,0
675034,0
675035,0
675036,0
675037,0
675038,0
675039,0
675040,0
675041,25
675042,0
675043,0
675044,0
675045,44
675046,0
675047,12
675048,0
675049,0
675050,0
675051,0
675052,0
675053,0
675054,0
675055,0
675056,0
675057,0
675058,0
675059,0
675060,0
675061,0
675062,0
675063,0
675064,0
675065,0
675066,0
675067,0
675068,0
675069,0
675070,0
675071,44
675072,0
675073,0
675074,0
675075,32
675076,0
675077,11
675078,0
675079,0
675080,0
675081,0
675082,0
675083,0
675084,0
675085,0
675086,0
675087,0
675088,0
675089,0
675090,7
675091,0
675092,0
675093,0
675094,0
675095,0
675096,9
675097,19
675098,30
675099,0
675100,0
675101,0
675102,0
675103,0
675104,0
675105,0
675106,0
675107,0
675108,0
675109,0
675110,0
675111,0
675112,29
675113,18
675114,0
675115,33
675116,19
675117,0
675118,0
675119,0
675120,0
675121,0
675122,0
675123,0
675124,0
675125,0
675126,0
675127,0
675128,0
675129,30
675130,0
675131,0
675132,0
675133,27
675134,0
675135,0
675136,0
675137,28
675138,0
675139,0
675140,0
675141,0
675142,0
675143,0
675144,0
675145,0
675146,0
675147,0
675148,0
675149,0
675150,0
675151,0
675152,0
675153,0
675154,30
675155,0
675156,48
675157,0
675158,0
675159,0
675160,27
675161,0
675162,0
675163,0
675164,0
675165,0
675166,32
675167,0
675168,0
675169,0
675170,0
675171,0
675172,0
675173,0
675174,0
675175,0
675176,0
675177,0
675178,32
675179,0
675180,0
675181,0
675182,0
675183,0
675184,21
675185,0
675186,0
675187,0
675188,0
675189,0
675190,0
675191,0
675192,0
675193,0
675194,0
675195,0
675196,15
675197,0
675198,0
675199,0
675200,0
675201,0
675202,0
675203,0
675204,0
675205,25
675206,0
675207,0
675208,0
675209,0
675210,0
675211,0
675212,0
675213,0
675214,0
675215,0
675216,31
675217,0
675218,24
675219,0
675220,0
675221,0
675222,0
675223,0
675224,0
675225,0
675226,0
675227,0
675228,0
675229,0
675230,0
675231,0
675232,0
675233,0
675234,30
675235,0
675236,0
675237,0
675238,0
675239,0
675240,0
675241,0
675242,0
675243,0
675244,0
675245,0
675246,0
675247,0
675248,0
675249,0
675250,0
675251,0
675252,0
675253,0
675254,0
675255,0
675256,28
675257,52
675258,0
675259,0
675260,0
675261,0
675262,0
675263,44
675264,0
675265,0
675266,0
675267,0
675268,0
675269,0
675270,0
675271,31
675272,0
675273,17
675274,0
675275,0
675276,15
675277,0
675278,0
675279,30
675280,0
675281,0
675282,0
675283,0
675284,0
675285,11
675286,16
675287,0
675288,0
675289,0
675290,13
675291,0
675292,0
675293,0
675294,0
675295,0
675296,0
675297,0
675298,0
675299,0
675300,0
675301,0
675302,0
675303,0
675304,0
675305,0
675306,0
675307,0
675308,0
675309,0
675310,0
675311,0
675312,0
675313,0
675314,11
675315,0
675316,0
675317,0
675318,0
675319,0
675320,0
675321,0
675322,0
675323,7
675324,0
675325,0
675326,0
675327,0
675328,0
675329,0
675330,0
675331,0
675332,0
675333,0
675334,0
675335,0
675336,0
675337,0
675338,0
675339,0
675340,0
675341,0
675342,0
675343,8
675344,14
675345,0
675346,13
675347,0
675348,0
675349,0
675350,0
675351,0
675352,0
675353,16
675354,0
675355,0
675356,0
675357,0
675358,0
675359,0
675360,0
675361,0
675362,0
675363,0
675364,0
675365,0
675366,0
675367,0
675368,0
675369,0
675370,0
675371,0
675372,0
675373,0
675374,0
675375,0
675376,0
675377,8
675378,5
675379,8
675380,9
675381,0
675382,0
675383,19
675384,0
675385,0
675386,0
675387,0
675388,0
675389,0
675390,0
675391,0
675392,0
675393,0
675394,0
675395,0
675396,0
675397,0
675398,0
675399,0
675400,0
675401,0
675402,0
675403,0
675404,0
675405,0
675406,0
675407,2
675408,0
675409,0
675410,2
675411,0
675412,0
675413,0
675414,0
675415,0
675416,0
675417,0
675418,2
675419,0
675420,0
675421,0
675422,0
675423,0
675424,0
675425,0
675426,0
675427,3
675428,1
675429,0
675430,0
675431,0
675432,0
675433,0
675434,0
675435,0
675436,3
675437,0
675438,1
675439,0
675440,0
675441,0
675442,0
675443,0
675444,0
675445,1
675446,0
675447,0
675448,0
675449,0
675450,0
675451,0
675452,0
675453,0
675454,0
675455,0
675456,0
675457,0
675458,0
675459,0
675460,0
675461,0
675462,0
675463,0
675464,0
675465,0
675466,0
675467,1
675468,0
675469,0
675470,0
675471,0
675472,0
675473,0
675474,0
675475,0
675476,0
675477,0
675478,0
675479,0
675480,0
675481,0
675482,2
675483,0
675484,0
675485,0
675486,0
675487,0
675488,0
675489,0
675490,0
675491,0
675492,0
675493,0
675494,0
675495,0
675496,0
675497,0
675498,0
675499,0
675500,0
675501,0
675502,0
675503,0
675504,0
675505,0
675506,0
675507,0
675508,0
675509,0
675510,0
675511,0
675512,0
675513,1
675514,0
675515,0
675516,0
675517,0
675518,0
675519,0
675520,0
675521,0
675522,0
675523,0
675524,1
675525,2
675526,0
675527,0
675528,0
675529,0
675530,0
675531,4
675532,0
675533,0
675534,0
675535,0
675536,0
675537,0
675538,0
675539,0
675540,0
675541,0
675542,0
675543,0
675544,1
675545,0
675546,0
675547,0
675548,0
675549,0
675550,2
675551,0
675552,0
675553,0
675554,0
675555,0
675556,0
675557,0
675558,4
675559,0
675560,0
675561,0
675562,0
675563,0
675564,0
675565,0
675566,0
675567,0
675568,0
675569,0
675570,0
675571,0
675572,0
675573,0
675574,1
675575,0
675576,0
675577,0
675578,0
675579,0
675580,0
675581,0
675582,0
675583,0
675584,0
675585,0
675586,0
675587,0
675588,0
675589,0
675590,0
675591,0
675592,0
675593,0
675594,0
675595,0
675596,0
675597,0
675598,0
675599,0
675600,1
675601,3
675602,2
675603,0
675604,0
675605,0
675606,0
675607,0
675608,0
675609,2
675610,0
675611,0
675612,0
675613,0
675614,0
675615,0
675616,0
675617,0
675618,0
675619,0
675620,0
675621,0
675622,0
675623,0
675624,0
675625,0
675626,1
675627,0
675628,0
675629,0
675630,0
675631,0
675632,0
675633,0
675634,0
675635,0
675636,2
675637,0
675638,0
675639,0
675640,0
675641,0
675642,0
675643,0
675644,2
675645,0
675646,0
675647,0
675648,0
675649,0
675650,0
675651,0
675652,0
675653,0
675654,3
675655,0
675656,0
675657,3
675658,0
675659,1
675660,0
675661,0
675662,0
675663,0
675664,0
675665,0
675666,0
675667,0
675668,0
675669,0
675670,0
675671,0
675672,0
675673,3
675674,0
675675,0
675676,0
675677,0
675678,0
675679,0
675680,3
675681,0
675682,0
675683,0
675684,1
675685,0
675686,0
675687,2
675688,0
675689,0
675690,0
675691,0
675692,0
675693,0
675694,0
675695,0
675696,0
675697,0
675698,0
675699,0
675700,0
675701,2
675702,0
675703,0
675704,0
675705,2
675706,0
675707,0
675708,0
675709,0
675710,0
675711,0
675712,4
675713,0
675714,0
675715,0
675716,0
675717,0
675718,0
675719,0
675720,3
675721,0
675722,0
675723,0
675724,0
675725,0
675726,6
675727,0
675728,0
675729,0
675730,0
675731,0
675732,0
675733,3
675734,0
675735,0
675736,0
675737,0
675738,0
675739,0
675740,0
675741,0
675742,0
675743,0
675744,0
675745,0
675746,0
675747,0
675748,0
675749,0
675750,0
675751,0
675752,0
675753,0
675754,0
675755,0
675756,0
675757,0
675758,0
675759,0
675760,0
675761,0
675762,0
675763,0
675764,0
675765,0
675766,0
675767,0
675768,0
675769,0
675770,0
675771,1
675772,0
675773,0
675774,0
675775,2
675776,0
675777,0
675778,0
675779,0
675780,0
675781,0
675782,0
675783,0
675784,0
675785,0
675786,0
675787,0
675788,0
675789,2
675790,0
675791,0
675792,0
675793,3
675794,0
675795,0
675796,0
675797,0
675798,0
675799,0
675800,0
675801,0
675802,0
675803,1
675804,0
675805,0
675806,0
675807,0
675808,0
675809,0
675810,0
675811,0
675812,0
675813,0
675814,0
675815,0
675816,1
675817,0
675818,0
675819,0
675820,0
675821,0
675822,0
675823,3
675824,0
675825,0
675826,0
675827,0
675828,1
675829,0
675830,0
675831,0
675832,0
675833,1
675834,4
675835,0
675836,0
675837,0
675838,0
675839,0
675840,0
675841,0
675842,1
675843,0
675844,0
675845,0
675846,0
675847,0
675848,0
675849,0
675850,0
675851,0
675852,0
675853,0
675854,0
675855,1
675856,0
675857,0
675858,0
675859,0
675860,0
675861,0
675862,0
675863,0
675864,0
675865,0
675866,0
675867,0
675868,2
675869,0
675870,0
675871,0
675872,0
675873,0
675874,0
675875,0
675876,0
675877,0
675878,0
675879,0
675880,0
675881,0
675882,0
675883,0
675884,0
675885,0
675886,0
675887,0
675888,0
675889,0
675890,0
675891,0
675892,1
675893,0
675894,1
675895,0
675896,0
675897,0
675898,0
675899,0
675900,0
675901,0
675902,0
675903,0
675904,5
675905,0
675906,0
675907,0
675908,0
675909,0
675910,0
675911,0
675912,0
675913,0
675914,0
675915,0
675916,0
675917,0
675918,0
675919,1
675920,0
675921,0
675922,0
675923,0
675924,0
675925,0
675926,0
675927,1
675928,0
675929,0
675930,0
675931,0
675932,0
675933,0
675934,0
675935,0
675936,0
675937,0
675938,0
675939,0
675940,0
675941,1
675942,0
675943,0
675944,0
675945,0
675946,0
675947,0
675948,1
675949,0
675950,0
675951,0
675952,0
675953,0
675954,0
675955,0
675956,0
675957,0
675958,0
675959,0
675960,0
675961,1
675962,0
675963,0
675964,0
675965,0
675966,2
675967,0
675968,0
675969,0
675970,0
675971,0
675972,0
675973,0
675974,0
675975,0
675976,0
675977,0
675978,0
675979,0
675980,0
675981,0
675982,0
675983,1
675984,0
675985,0
675986,0
675987,0
675988,0
675989,0
675990,0
675991,0
675992,0
675993,0
675994,0
675995,0
675996,2
675997,0
675998,0
675999,0
676000,0
676001,0
676002,1
676003,0
676004,0
676005,0
676006,0
676007,0
676008,0
676009,0
676010,0
676011,1
676012,0
676013,0
676014,0
676015,0
676016,0
676017,0
676018,0
676019,0
676020,0
676021,0
676022,0
676023,0
676024,0
676025,0
676026,0
676027,0
676028,0
676029,0
676030,0
676031,0
676032,0
676033,0
676034,0
676035,0
676036,0
676037,0
676038,0
676039,0
676040,0
676041,2
676042,0
676043,0
676044,0
676045,0
676046,0
676047,2
676048,0
676049,0
676050,0
676051,0
676052,0
676053,0
676054,0
676055,0
676056,0
676057,0
676058,0
676059,0
676060,0
676061,0
676062,0
676063,1
676064,0
676065,0
676066,0
676067,0
676068,0
676069,0
676070,0
676071,0
676072,0
676073,0
676074,0
676075,0
676076,0
676077,0
676078,0
676079,0
676080,0
676081,0
676082,0
676083,0
676084,0
676085,0
676086,0
676087,0
676088,0
676089,0
676090,0
676091,0
676092,0
676093,0
676094,0
676095,0
676096,0
676097,0
676098,0
676099,0
676100,0
676101,0
676102,0
676103,0
676104,1
676105,0
676106,36
676107,0
676108,0
676109,0
676110,0
676111,0
676112,0
676113,33
676114,0
676115,0
676116,0
676117,0
676118,0
676119,0
676120,0
676121,0
676122,0
676123,0
676124,0
676125,0
676126,0
676127,0
676128,0
676129,0
676130,0
676131,0
676132,35
676133,0
676134,0
676135,0
676136,0
676137,37
676138,41
676139,28
676140,53
676141,0
676142,0
676143,0
676144,0
676145,0
676146,0
676147,0
676148,0
676149,0
676150,0
676151,0
676152,0
676153,0
676154,41
676155,0
676156,0
676157,0
676158,0
676159,0
676160,0
676161,47
676162,0
676163,0
676164,0
676165,0
676166,0
676167,0
676168,0
676169,0
676170,0
676171,0
676172,0
676173,0
676174,0
676175,0
676176,0
676177,0
676178,0
676179,0
676180,0
676181,0
676182,0
676183,0
676184,0
676185,41
676186,0
676187,0
676188,0
676189,0
676190,0
676191,0
676192,0
676193,0
676194,0
676195,0
676196,0
676197,0
676198,0
676199,0
676200,0
676201,0
676202,0
676203,0
676204,0
676205,37
676206,0
676207,0
676208,0
676209,0
676210,0
676211,32
676212,0
676213,0
676214,35
676215,56
676216,0
676217,0
676218,0
676219,0
676220,0
676221,0
676222,0
676223,0
676224,0
676225,0
676226,0
676227,0
676228,0
676229,0
676230,0
676231,0
676232,0
676233,0
676234,0
676235,0
676236,0
676237,0
676238,0
676239,0
676240,38
676241,0
676242,0
676243,0
676244,0
676245,47
676246,0
676247,0
676248,0
676249,36
676250,0
676251,43
676252,0
676253,39
676254,0
676255,0
676256,0
676257,0
676258,0
676259,0
676260,0
676261,0
676262,0
676263,0
676264,0
676265,0
676266,0
676267,0
676268,0
676269,33
676270,0
676271,42
676272,0
676273,0
676274,0
676275,0
676276,0
676277,0
676278,0
676279,0
676280,0
676281,35
676282,0
676283,0
676284,0
676285,0
676286,0
676287,0
676288,40
676289,39
676290,0
676291,0
676292,39
676293,0
676294,0
676295,0
676296,0
676297,0
676298,0
676299,0
676300,0
676301,0
676302,0
676303,0
676304,19
676305,0
676306,0
676307,0
676308,0
676309,0
676310,0
676311,0
676312,0
676313,0
676314,0
676315,0
676316,23
676317,0
676318,0
676319,0
676320,0
676321,0
676322,0
676323,0
676324,0
676325,0
676326,0
676327,0
676328,0
676329,0
676330,0
676331,0
676332,0
676333,17
676334,0
676335,0
676336,0
676337,0
676338,0
676339,0
676340,0
676341,0
676342,0
676343,25
676344,0
676345,0
676346,0
676347,0
676348,0
676349,29
676350,0
676351,0
676352,0
676353,0
676354,0
676355,0
676356,0
676357,0
676358,0
676359,0
676360,0
676361,0
676362,0
676363,0
676364,0
676365,0
676366,0
676367,0
676368,0
676369,0
676370,20
676371,0
676372,0
676373,0
676374,0
676375,0
676376,0
676377,0
676378,0
676379,0
676380,0
676381,0
676382,0
676383,0
676384,0
676385,0
676386,0
676387,0
676388,0
676389,0
676390,0
676391,45
676392,0
676393,0
676394,0
676395,18
676396,19
676397,0
676398,0
676399,0
676400,0
676401,0
676402,0
676403,0
676404,0
676405,23
676406,0
676407,0
676408,35
676409,31
676410,0
676411,0
676412,0
676413,0
676414,28
676415,0
676416,0
676417,0
676418,0
676419,0
676420,0
676421,0
676422,0
676423,0
676424,0
676425,0
676426,0
676427,19
676428,0
676429,0
676430,0
676431,0
676432,0
676433,0
676434,0
676435,0
676436,0
676437,18
676438,0
676439,0
676440,0
676441,0
676442,0
676443,0
676444,0
676445,0
676446,0
676447,0
676448,0
676449,27
676450,0
676451,0
676452,0
676453,18
676454,0
676455,0
676456,0
676457,0
676458,0
676459,0
676460,0
676461,0
676462,0
676463,40
676464,0
676465,0
676466,0
676467,0
676468,0
676469,0
676470,0
676471,0
676472,0
676473,0
676474,0
676475,0
676476,41
676477,0
676478,0
676479,0
676480,0
676481,0
676482,19
676483,0
676484,0
676485,0
676486,0
676487,14
676488,0
676489,0
676490,25
676491,0
676492,0
676493,17
676494,0
676495,0
676496,0
676497,27
676498,0
676499,0
676500,0
676501,0
676502,0
676503,0
676504,0
676505,0
676506,0
676507,0
676508,0
676509,0
676510,0
676511,0
676512,0
676513,0
676514,0
676515,0
676516,0
676517,0
676518,0
676519,0
676520,0
676521,0
676522,0
676523,0
676524,0
676525,0
676526,0
676527,0
676528,0
676529,0
676530,0
676531,0
676532,0
676533,0
676534,0
676535,0
676536,24
676537,31
676538,0
676539,0
676540,0
676541,0
676542,0
676543,0
676544,0
676545,0
676546,44
676547,0
676548,0
676549,0
676550,35
676551,53
676552,0
676553,0
676554,0
676555,0
676556,0
676557,0
676558,0
676559,0
676560,0
676561,0
676562,0
676563,0
676564,0
676565,0
676566,0
676567,0
676568,25
676569,0
676570,0
676571,0
676572,36
676573,0
676574,0
676575,0
676576,0
676577,0
676578,0
676579,0
676580,0
676581,0
676582,0
676583,0
676584,0
676585,0
676586,0
676587,0
676588,0
676589,0
676590,0
676591,0
676592,0
676593,0
676594,0
676595,0
676596,0
676597,0
676598,0
676599,0
676600,0
676601,0
676602,0
676603,0
676604,0
676605,0
676606,0
676607,0
676608,0
676609,0
676610,0
676611,40
676612,0
676613,42
676614,0
676615,0
676616,0
676617,0
676618,0
676619,0
676620,0
676621,24
676622,0
676623,0
676624,0
676625,0
676626,0
676627,0
676628,0
676629,0
676630,17
676631,0
676632,0
676633,0
676634,0
676635,0
676636,48
676637,0
676638,13
676639,0
676640,0
676641,0
676642,0
676643,0
676644,26
676645,27
676646,0
676647,0
676648,0
676649,34
676650,0
676651,0
676652,0
676653,0
676654,0
676655,0
676656,0
676657,0
676658,0
676659,42
676660,0
676661,0
676662,0
676663,0
676664,13
676665,0
676666,19
676667,0
676668,0
676669,0
676670,0
676671,0
676672,0
676673,0
676674,0
676675,20
676676,29
676677,20
676678,0
676679,0
676680,0
676681,0
676682,31
676683,0
676684,0
676685,0
676686,0
676687,0
676688,0
676689,0
676690,0
676691,0
676692,0
676693,0
676694,34
676695,0
676696,0
676697,0
676698,0
676699,0
676700,0
676701,0
676702,22
676703,0
676704,0
676705,0
676706,0
676707,0
676708,0
676709,0
676710,0
676711,0
676712,0
676713,0
676714,0
676715,0
676716,0
676717,0
676718,27
676719,0
676720,0
676721,0
676722,0
676723,0
676724,0
676725,0
676726,0
676727,0
676728,0
676729,0
676730,0
676731,0
676732,0
676733,39
676734,0
676735,0
676736,0
676737,0
676738,0
676739,0
676740,0
676741,0
676742,0
676743,0
676744,0
676745,0
676746,0
676747,0
676748,0
676749,0
676750,0
676751,0
676752,26
676753,25
676754,0
676755,0
676756,20
676757,0
676758,0
676759,0
676760,0
676761,0
676762,0
676763,0
676764,0
676765,0
676766,0
676767,0
676768,0
676769,0
676770,0
676771,0
676772,0
676773,0
676774,0
676775,36
676776,24
676777,0
676778,0
676779,0
676780,22
676781,0
676782,0
676783,0
676784,0
676785,17
676786,0
676787,0
676788,0
676789,0
676790,0
676791,0
676792,45
676793,0
676794,0
676795,0
676796,0
676797,0
676798,0
676799,0
676800,0
676801,0
676802,15
676803,0
676804,0
676805,0
676806,0
676807,35
676808,0
676809,0
676810,0
676811,0
676812,0
676813,0
676814,0
676815,0
676816,0
676817,0
676818,0
676819,0
676820,0
676821,0
676822,23
676823,0
676824,0
676825,0
676826,0
676827,0
676828,33
676829,0
676830,0
676831,0
676832,0
676833,0
676834,0
676835,0
676836,0
676837,0
676838,0
676839,0
676840,0
676841,35
676842,30
676843,0
676844,0
676845,0
676846,0
676847,0
676848,0
676849,0
676850,0
676851,0
676852,0
676853,0
676854,30
676855,0
676856,27
676857,0
676858,0
676859,0
676860,0
676861,0
676862,26
676863,0
676864,0
676865,0
676866,0
676867,30
676868,35
676869,0
676870,21
676871,0
676872,0
676873,0
676874,0
676875,0
676876,0
676877,0
676878,0
676879,0
676880,0
676881,0
676882,0
676883,0
676884,40
676885,0
676886,0
676887,25
676888,0
676889,0
676890,0
676891,0
676892,0
676893,0
676894,0
676895,0
676896,0
676897,0
676898,0
676899,0
676900,0
676901,0
676902,0
676903,0
676904,0
676905,0
676906,0
676907,0
676908,0
676909,0
676910,0
676911,0
676912,23
676913,0
676914,0
676915,0
676916,0
676917,0
676918,0
676919,0
676920,0
676921,0
676922,0
676923,0
676924,0
676925,27
676926,0
676927,0
676928,0
676929,0
676930,0
676931,0
676932,0
676933,0
676934,0
676935,0
676936,0
676937,0
676938,0
676939,0
676940,0
676941,0
676942,19
676943,0
676944,0
676945,0
676946,0
676947,0
676948,0
676949,0
676950,0
676951,0
676952,18
676953,0
676954,0
676955,0
676956,0
676957,0
676958,0
676959,0
676960,0
676961,0
676962,0
676963,14
676964,0
676965,0
676966,0
676967,0
676968,0
676969,0
676970,0
676971,0
676972,23
676973,0
676974,0
676975,0
676976,0
676977,0
676978,0
676979,0
676980,0
676981,0
676982,0
676983,0
676984,0
676985,0
676986,0
676987,0
676988,0
676989,0
676990,0
676991,0
676992,0
676993,0
676994,35
676995,0
676996,37
676997,24
676998,0
676999,0
677000,0
677001,0
677002,0
677003,43
677004,0
677005,15
677006,0
677007,0
677008,0
677009,0
677010,0
677011,0
677012,0
677013,0
677014,0
677015,0
677016,0
677017,0
677018,0
677019,0
677020,0
677021,0
677022,0
677023,11
677024,0
677025,0
677026,0
677027,0
677028,0
677029,0
677030,0
677031,0
677032,0
677033,35
677034,20
677035,0
677036,0
677037,0
677038,0
677039,0
677040,0
677041,0
677042,0
677043,0
677044,0
677045,25
677046,0
677047,0
677048,0
677049,0
677050,0
677051,0
677052,0
677053,27
677054,0
677055,0
677056,0
677057,0
677058,37
677059,0
677060,0
677061,0
677062,0
677063,35
677064,0
677065,0
677066,0
677067,0
677068,0
677069,0
677070,24
677071,0
677072,34
677073,0
677074,0
677075,0
677076,0
677077,0
677078,0
677079,0
677080,0
677081,0
677082,0
677083,0
677084,0
677085,0
677086,0
677087,0
677088,0
677089,0
677090,0
677091,0
677092,0
677093,0
677094,0
677095,0
677096,0
677097,15
677098,0
677099,0
677100,0
677101,0
677102,0
677103,0
677104,0
677105,0
677106,0
677107,0
677108,34
677109,0
677110,17
677111,0
677112,0
677113,0
677114,0
677115,0
677116,0
677117,0
677118,0
677119,0
677120,0
677121,0
677122,0
677123,0
677124,0
677125,0
677126,0
677127,0
677128,0
677129,22
677130,0
677131,0
677132,0
677133,0
677134,0
677135,0
677136,0
677137,0
677138,0
677139,0
677140,0
677141,0
677142,0
677143,0
677144,0
677145,0
677146,0
677147,0
677148,0
677149,0
677150,28
677151,0
677152,0
677153,0
677154,0
677155,0
677156,0
677157,0
677158,0
677159,0
677160,0
677161,0
677162,0
677163,0
677164,0
677165,0
677166,0
677167,0
677168,0
677169,0
677170,17
677171,0
677172,0
677173,0
677174,0
677175,0
677176,35
677177,0
677178,0
677179,34
677180,25
677181,0
677182,0
677183,0
677184,0
677185,0
677186,0
677187,0
677188,0
677189,20
677190,0
677191,0
677192,0
677193,22
677194,0
677195,0
677196,0
677197,0
677198,0
677199,23
677200,0
677201,0
677202,0
677203,0
677204,0
677205,0
677206,0
677207,0
677208,0
677209,0
677210,0
677211,0
677212,30
677213,0
677214,0
677215,0
677216,0
677217,0
677218,0
677219,33
677220,0
677221,28
677222,0
677223,0
677224,0
677225,0
677226,0
677227,0
677228,43
677229,0
677230,0
677231,18
677232,0
677233,0
677234,0
677235,0
677236,0
677237,26
677238,0
677239,0
677240,0
677241,0
677242,0
677243,0
677244,0
677245,0
677246,27
677247,0
677248,0
677249,0
677250,15
677251,0
677252,0
677253,22
677254,0
677255,0
677256,0
677257,0
677258,0
677259,0
677260,0
677261,0
677262,0
677263,0
677264,0
677265,39
677266,0
677267,0
677268,0
677269,0
677270,0
677271,0
677272,0
677273,0
677274,0
677275,0
677276,0
677277,0
677278,0
677279,0
677280,0
677281,0
677282,26
677283,0
677284,0
677285,0
677286,0
677287,0
677288,0
677289,0
677290,0
677291,24
677292,0
677293,33
677294,30
677295,0
677296,0
677297,0
677298,18
677299,0
677300,0
677301,0
677302,0
677303,0
677304,0
677305,37
677306,0
677307,22
677308,35
677309,0
677310,11
677311,23
677312,0
677313,0
677314,22
677315,0
677316,0
677317,33
677318,0
677319,0
677320,30
677321,0
677322,0
677323,0
677324,0
677325,0
677326,0
677327,0
677328,0
677329,0
677330,0
677331,0
677332,0
677333,0
677334,0
677335,0
677336,0
677337,0
677338,0
677339,0
677340,0
677341,0
677342,0
677343,0
677344,0
677345,22
677346,34
677347,0
677348,0
677349,0
677350,17
677351,0
677352,28
677353,0
677354,0
677355,0
677356,0
677357,26
677358,0
677359,0
677360,0
677361,0
677362,0
677363,0
677364,0
677365,0
677366,0
677367,41
677368,0
677369,31
677370,0
677371,0
677372,0
677373,0
677374,0
677375,0
677376,0
677377,0
677378,37
677379,24
677380,0
677381,0
677382,0
677383,0
677384,0
677385,0
677386,0
677387,0
677388,0
677389,0
677390,0
677391,0
677392,0
677393,27
677394,0
677395,0
677396,0
677397,0
677398,0
677399,0
677400,20
677401,0
677402,0
677403,0
677404,0
677405,0
677406,0
677407,0
677408,0
677409,0
677410,0
677411,0
677412,14
677413,0
677414,0
677415,0
677416,0
677417,0
677418,0
677419,47
677420,0
677421,0
677422,0
677423,0
677424,0
677425,0
677426,0
677427,0
677428,0
677429,0
677430,0
677431,0
677432,0
677433,0
677434,0
677435,0
677436,0
677437,0
677438,0
677439,0
677440,35
677441,0
677442,0
677443,0
677444,0
677445,0
677446,0
677447,0
677448,0
677449,0
677450,30
677451,0
677452,0
677453,0
677454,0
677455,0
677456,11
677457,0
677458,0
677459,0
677460,0
677461,0
677462,0
677463,0
677464,0
677465,0
677466,0
677467,41
677468,0
677469,0
677470,0
677471,25
677472,34
677473,0
677474,0
677475,0
677476,0
677477,0
677478,0
677479,0
677480,0
677481,0
677482,0
677483,0
677484,0
677485,0
677486,0
677487,0
677488,25
677489,0
677490,0
677491,0
677492,0
677493,14
677494,0
677495,0
677496,0
677497,26
677498,43
677499,0
677500,0
677501,0
677502,0
677503,0
677504,0
677505,0
677506,0
677507,0
677508,0
677509,34
677510,0
677511,19
677512,57
677513,0
677514,0
677515,0
677516,0
677517,0
677518,0
677519,0
677520,0
677521,0
677522,0
677523,0
677524,0
677525,0
677526,0
677527,39
677528,0
677529,13
677530,0
677531,0
677532,0
677533,0
677534,0
677535,0
677536,0
677537,0
677538,15
677539,0
677540,16
677541,0
677542,38
677543,0
677544,0
677545,0
677546,0
677547,0
677548,0
677549,43
677550,0
677551,0
677552,0
677553,0
677554,0
677555,0
677556,0
677557,36
677558,33
677559,0
677560,25
677561,0
677562,0
677563,0
677564,0
677565,0
677566,0
677567,14
677568,0
677569,32
677570,0
677571,0
677572,18
677573,0
677574,0
677575,0
677576,0
677577,0
677578,0
677579,0
677580,0
677581,0
677582,0
677583,0
677584,0
677585,0
677586,0
677587,0
677588,0
677589,32
677590,0
677591,0
677592,8
677593,0
677594,0
677595,26
677596,25
677597,38
677598,0
677599,0
677600,0
677601,0
677602,0
677603,16
677604,0
677605,0
677606,47
677607,0
677608,0
677609,0
677610,0
677611,0
677612,0
677613,0
677614,0
677615,0
677616,40
677617,0
677618,0
677619,0
677620,0
677621,0
677622,37
677623,31
677624,0
677625,0
677626,0
677627,0
677628,0
677629,0
677630,0
677631,0
677632,0
677633,36
677634,0
677635,0
677636,0
677637,0
677638,0
677639,0
677640,37
677641,0
677642,0
677643,0
677644,0
677645,39
677646,14
677647,0
677648,0
677649,0
677650,0
677651,0
677652,0
677653,0
677654,11
677655,0
677656,0
677657,0
677658,33
677659,0
677660,0
677661,16
677662,0
677663,0
677664,0
677665,0
677666,0
677667,0
677668,18
677669,0
677670,0
677671,0
677672,0
677673,0
677674,0
677675,0
677676,0
677677,0
677678,0
677679,0
677680,0
677681,0
677682,43
677683,0
677684,0
677685,0
677686,0
677687,0
677688,0
677689,0
677690,0
677691,12
677692,38
677693,0
677694,28
677695,0
677696,0
677697,0
677698,0
677699,0
677700,0
677701,0
677702,0
677703,21
677704,31
677705,0
677706,0
677707,19
677708,14
677709,0
677710,0
677711,0
677712,0
677713,18
677714,0
677715,0
677716,0
677717,0
677718,0
677719,0
677720,0
677721,0
677722,0
677723,0
677724,0
677725,39
677726,14
677727,0
677728,0
677729,27
677730,0
677731,0
677732,21
677733,0
677734,0
677735,0
677736,20
677737,0
677738,0
677739,0
677740,0
677741,0
677742,0
677743,0
677744,21
677745,0
677746,0
677747,0
677748,0
677749,0
677750,0
677751,0
677752,0
677753,21
677754,0
677755,0
677756,0
677757,0
677758,0
677759,33
677760,0
677761,0
677762,0
677763,0
677764,0
677765,27
677766,0
677767,0
677768,0
677769,0
677770,0
677771,0
677772,0
677773,0
677774,0
677775,0
677776,0
677777,0
677778,0
677779,0
677780,0
677781,0
677782,0
677783,0
677784,0
677785,0
677786,0
677787,0
677788,0
677789,0
677790,0
677791,0
677792,39
677793,0
677794,0
677795,0
677796,0
677797,0
677798,0
677799,14
677800,0
677801,0
677802,23
677803,14
677804,0
677805,0
677806,25
677807,0
677808,0
677809,0
677810,0
677811,0
677812,37
677813,0
677814,0
677815,0
677816,0
677817,0
677818,0
677819,17
677820,0
677821,0
677822,0
677823,0
677824,0
677825,0
677826,0
677827,0
677828,0
677829,0
677830,0
677831,0
677832,0
677833,0
677834,0
677835,0
677836,0
677837,0
677838,0
677839,0
677840,42
677841,0
677842,0
677843,0
677844,0
677845,0
677846,0
677847,0
677848,0
677849,0
677850,0
677851,14
677852,0
677853,0
677854,18
677855,0
677856,0
677857,0
677858,32
677859,0
677860,0
677861,36
677862,0
677863,0
677864,0
677865,0
677866,0
677867,0
677868,0
677869,17
677870,0
677871,0
677872,32
677873,0
677874,0
677875,0
677876,0
677877,0
677878,0
677879,0
677880,0
677881,0
677882,0
677883,0
677884,38
677885,0
677886,0
677887,0
677888,0
677889,0
677890,0
677891,20
677892,22
677893,42
677894,0
677895,0
677896,0
677897,0
677898,37
677899,27
677900,0
677901,0
677902,22
677903,0
677904,0
677905,0
677906,0
677907,0
677908,35
677909,0
677910,0
677911,0
677912,0
677913,0
677914,0
677915,24
677916,0
677917,0
677918,32
677919,0
677920,0
677921,0
677922,19
677923,0
677924,0
677925,37
677926,0
677927,0
677928,0
677929,0
677930,0
677931,0
677932,0
677933,0
677934,0
677935,0
677936,0
677937,10
677938,0
677939,0
677940,0
677941,0
677942,0
677943,0
677944,0
677945,0
677946,0
677947,0
677948,16
677949,0
677950,0
677951,0
677952,0
677953,8
677954,15
677955,0
677956,25
677957,0
677958,0
677959,0
677960,0
677961,0
677962,0
677963,0
677964,0
677965,0
677966,0
677967,0
677968,0
677969,0
677970,0
677971,0
677972,0
677973,0
677974,0
677975,15
677976,18
677977,0
677978,0
677979,0
677980,0
677981,0
677982,0
677983,0
677984,0
677985,12
677986,0
677987,27
677988,0
677989,0
677990,0
677991,21
677992,0
677993,19
677994,0
677995,0
677996,19
677997,22
677998,0
677999,28
678000,0
678001,0
678002,0
678003,24
678004,0
678005,0
678006,0
678007,0
678008,9
678009,0
678010,0
678011,0
678012,0
678013,24
678014,0
678015,0
678016,0
678017,0
678018,0
678019,0
678020,0
678021,0
678022,0
678023,0
678024,0
678025,0
678026,0
678027,3
678028,0
678029,8
678030,0
678031,0
678032,0
678033,0
678034,0
678035,0
678036,0
678037,0
678038,0
678039,0
678040,0
678041,0
678042,2
678043,0
678044,0
678045,0
678046,0
678047,0
678048,0
678049,8
678050,0
678051,0
678052,0
678053,0
678054,0
678055,0
678056,0
678057,0
678058,0
678059,0
678060,0
678061,4
678062,0
678063,0
678064,0
678065,5
678066,0
678067,0
678068,0
678069,4
678070,0
678071,0
678072,0
678073,0
678074,0
678075,0
678076,0
678077,0
678078,0
678079,0
678080,0
678081,0
678082,1
678083,0
678084,0
678085,2
678086,0
678087,0
678088,0
678089,0
678090,0
678091,0
678092,0
678093,0
678094,2
678095,0
678096,2
678097,0
678098,0
678099,0
678100,0
678101,0
678102,1
678103,0
678104,0
678105,0
678106,0
678107,0
678108,5
678109,0
678110,0
678111,0
678112,0
678113,1
678114,0
678115,0
678116,0
678117,0
678118,0
678119,0
678120,6
678121,0
678122,0
678123,0
678124,0
678125,0
678126,0
678127,0
678128,7
678129,0
678130,0
678131,0
678132,0
678133,0
678134,0
678135,0
678136,0
678137,0
678138,0
678139,0
678140,0
678141,0
678142,0
678143,0
678144,0
678145,0
678146,0
678147,0
678148,3
678149,0
678150,0
678151,0
678152,0
678153,0
678154,0
678155,0
678156,0
678157,0
678158,3
678159,0
678160,0
678161,0
678162,0
678163,0
678164,0
678165,0
678166,0
678167,4
678168,0
678169,3
678170,0
678171,0
678172,0
678173,0
678174,0
678175,0
678176,0
678177,0
678178,0
678179,0
678180,0
678181,5
678182,0
678183,0
678184,0
678185,3
678186,0
678187,0
678188,0
678189,0
678190,0
678191,0
678192,0
678193,11
678194,0
678195,0
678196,0
678197,0
678198,0
678199,0
678200,0
678201,2
678202,0
678203,0
678204,0
678205,0
678206,0
678207,0
678208,0
678209,0
678210,0
678211,0
678212,0
678213,0
678214,0
678215,0
678216,0
678217,0
678218,0
678219,4
678220,0
678221,0
678222,0
678223,0
678224,0
678225,0
678226,0
678227,0
678228,0
678229,0
678230,0
678231,0
678232,0
678233,0
678234,0
678235,0
678236,0
678237,0
678238,0
678239,0
678240,0
678241,0
678242,8
678243,0
678244,0
678245,0
678246,0
678247,5
678248,0
678249,0
678250,0
678251,0
678252,0
678253,0
678254,0
678255,0
678256,0
678257,0
678258,0
678259,1
678260,0
678261,0
678262,0
678263,0
678264,0
678265,0
678266,0
678267,0
678268,0
678269,0
678270,0
678271,0
678272,0
678273,0
678274,0
678275,0
678276,0
678277,0
678278,0
678279,0
678280,6
678281,0
678282,0
678283,0
678284,0
678285,0
678286,0
678287,0
678288,0
678289,0
678290,0
678291,0
678292,0
678293,6
678294,0
678295,0
678296,0
678297,0
678298,0
678299,5
678300,0
678301,0
678302,0
678303,0
678304,0
678305,0
678306,0
678307,2
678308,0
678309,0
678310,0
678311,0
678312,0
678313,0
678314,0
678315,0
678316,0
678317,0
678318,0
678319,0
678320,4
678321,0
678322,0
678323,0
678324,0
678325,0
678326,0
678327,8
678328,0
678329,0
678330,0
678331,0
678332,8
678333,0
678334,0
678335,0
678336,0
678337,0
678338,0
678339,0
678340,0
678341,0
678342,0
678343,0
678344,0
678345,0
678346,0
678347,0
678348,1
678349,6
678350,0
678351,0
678352,0
678353,0
678354,0
678355,3
678356,0
678357,0
678358,0
678359,0
678360,0
678361,5
678362,0
678363,0
678364,0
678365,0
678366,0
678367,1
678368,0
678369,0
678370,0
678371,0
678372,0
678373,2
678374,5
678375,0
678376,0
678377,0
678378,0
678379,0
678380,0
678381,0
678382,0
678383,2
678384,0
678385,0
678386,0
678387,0
678388,0
678389,0
678390,0
678391,0
678392,0
678393,0
678394,0
678395,0
678396,0
678397,0
678398,0
678399,0
678400,0
678401,0
678402,0
678403,0
678404,0
678405,0
678406,0
678407,0
678408,0
678409,0
678410,0
678411,0
678412,0
678413,4
678414,0
678415,1
678416,0
678417,0
678418,5
678419,0
678420,0
678421,6
678422,0
678423,0
678424,0
678425,0
678426,0
678427,0
678428,0
678429,0
678430,0
678431,0
678432,0
678433,0
678434,0
678435,0
678436,0
678437,0
678438,0
678439,0
678440,0
678441,0
678442,0
678443,0
678444,0
678445,0
678446,2
678447,0
678448,0
678449,0
678450,2
678451,3
678452,5
678453,0
678454,0
678455,0
678456,0
678457,0
678458,0
678459,0
678460,0
678461,0
678462,0
678463,2
678464,0
678465,6
678466,0
678467,0
678468,0
678469,0
678470,0
678471,0
678472,0
678473,0
678474,0
678475,0
678476,0
678477,4
678478,0
678479,0
678480,0
678481,0
678482,0
678483,0
678484,0
678485,0
678486,0
678487,0
678488,0
678489,0
678490,2
678491,0
678492,0
678493,0
678494,0
678495,0
678496,0
678497,0
678498,0
678499,0
678500,0
678501,0
678502,0
678503,0
678504,0
678505,0
678506,0
678507,0
678508,0
678509,0
678510,0
678511,4
678512,0
678513,0
678514,0
678515,0
678516,0
678517,0
678518,0
678519,0
678520,0
678521,0
678522,5
678523,0
678524,4
678525,0
678526,0
678527,0
678528,0
678529,0
678530,0
678531,0
678532,0
678533,0
678534,3
678535,0
678536,0
678537,0
678538,0
678539,0
678540,0
678541,0
678542,0
678543,0
678544,0
678545,0
678546,0
678547,0
678548,0
678549,0
678550,0
678551,0
678552,0
678553,0
678554,0
678555,0
678556,0
678557,0
678558,0
678559,0
678560,0
678561,0
678562,0
678563,0
678564,5
678565,0
678566,0
678567,0
678568,0
678569,0
678570,0
678571,0
678572,0
678573,0
678574,0
678575,0
678576,4
678577,0
678578,0
678579,0
678580,0
678581,0
678582,0
678583,0
678584,0
678585,0
678586,0
678587,0
678588,0
678589,0
678590,0
678591,0
678592,0
678593,0
678594,3
678595,0
678596,0
678597,0
678598,0
678599,0
678600,0
678601,0
678602,0
678603,0
678604,0
678605,0
678606,0
678607,0
678608,0
678609,0
678610,0
678611,0
678612,0
678613,0
678614,0
678615,0
678616,0
678617,0
678618,0
678619,0
678620,0
678621,0
678622,0
678623,0
678624,0
678625,0
678626,0
678627,0
678628,0
678629,0
678630,0
678631,0
678632,0
678633,0
678634,0
678635,0
678636,0
678637,0
678638,0
678639,0
678640,0
678641,0
678642,0
678643,0
678644,0
678645,0
678646,0
678647,0
678648,0
678649,0
678650,0
678651,0
678652,0
678653,0
678654,0
678655,0
678656,0
678657,0
678658,0
678659,0
678660,0
678661,0
678662,0
678663,0
678664,0
678665,2
678666,0
678667,0
678668,0
678669,0
678670,0
678671,0
678672,0
678673,0
678674,0
678675,0
678676,0
678677,0
678678,2
678679,0
678680,0
678681,0
678682,0
678683,0
678684,0
678685,0
678686,0
678687,0
678688,0
678689,0
678690,0
678691,1
678692,3
678693,0
678694,0
678695,0
678696,0
678697,0
678698,2
678699,0
678700,0
678701,0
678702,0
678703,0
678704,0
678705,0
678706,0
678707,3
678708,0
678709,0
678710,0
678711,0
678712,5
678713,0
678714,0
678715,0
678716,0
678717,0
678718,0
678719,0
678720,0
678721,0
678722,0
678723,0
678724,0
678725,0
678726,0
678727,0
678728,0
678729,0
678730,0
678731,6
678732,0
678733,0
678734,0
678735,0
678736,0
678737,0
678738,0
678739,0
678740,0
678741,2
678742,0
678743,0
678744,0
678745,0
678746,10
678747,0
678748,0
678749,0
678750,0
678751,0
678752,0
678753,0
678754,0
678755,0
678756,0
678757,0
678758,0
678759,0
678760,6
678761,0
678762,0
678763,0
678764,0
678765,0
678766,0
678767,0
678768,0
678769,0
678770,0
678771,0
678772,0
678773,0
678774,0
678775,0
678776,0
678777,0
678778,2
678779,0
678780,0
678781,0
678782,0
678783,0
678784,0
678785,5
678786,0
678787,0
678788,0
678789,0
678790,0
678791,0
678792,0
678793,0
678794,0
678795,0
678796,0
678797,0
678798,0
678799,0
678800,0
678801,0
678802,0
678803,0
678804,1
678805,0
678806,0
678807,0
678808,0
678809,0
678810,0
678811,0
678812,0
678813,0
678814,0
678815,0
678816,0
678817,0
678818,0
678819,0
678820,0
678821,0
678822,0
678823,0
678824,0
678825,0
678826,0
678827,0
678828,0
678829,0
678830,0
678831,0
678832,0
678833,0
678834,0
678835,0
678836,0
678837,0
678838,0
678839,0
678840,0
678841,0
678842,0
678843,0
678844,0
678845,0
678846,0
678847,0
678848,0
678849,0
678850,0
678851,0
678852,0
678853,0
678854,0
678855,0
678856,0
678857,0
678858,0
678859,0
678860,0
678861,0
678862,0
678863,0
678864,0
678865,0
678866,0
678867,0
678868,0
678869,0
678870,0
678871,0
678872,0
678873,0
678874,0
678875,0
678876,0
678877,0
678878,0
678879,0
678880,0
678881,0
678882,0
678883,0
678884,0
678885,0
678886,0
678887,0
678888,0
678889,0
678890,0
678891,0
678892,0
678893,0
678894,0
678895,0
678896,0
678897,0
678898,0
678899,0
678900,0
678901,0
678902,0
678903,0
678904,0
678905,0
678906,0
678907,0
678908,0
678909,0
678910,0
678911,0
678912,0
678913,0
678914,0
678915,0
678916,0
678917,0
678918,0
678919,0
678920,0
678921,0
678922,0
678923,0
678924,0
678925,0
678926,0
678927,0
678928,0
678929,0
678930,0
678931,0
678932,0
678933,1
678934,0
678935,0
678936,0
678937,0
678938,0
678939,0
678940,0
678941,0
678942,0
678943,0
678944,0
678945,0
678946,0
678947,0
678948,0
678949,0
678950,0
678951,0
678952,0
678953,0
678954,0
678955,0
678956,0
678957,0
678958,0
678959,0
678960,0
678961,0
678962,0
678963,0
678964,0
678965,0
678966,0
678967,0
678968,0
678969,0
678970,0
678971,0
678972,1
678973,0
678974,0
678975,0
678976,0
678977,0
678978,0
678979,0
678980,0
678981,0
678982,0
678983,0
678984,0
678985,0
678986,0
678987,0
678988,0
678989,0
678990,0
678991,0
678992,0
678993,0
678994,0
678995,0
678996,0
678997,0
678998,0
678999,0
679000,0
679001,0
679002,0
679003,0
679004,0
679005,0
679006,0
679007,0
679008,0
679009,0
679010,0
679011,0
679012,0
679013,1
679014,0
679015,0
679016,0
679017,0
679018,0
679019,0
679020,0
679021,0
679022,0
679023,0
679024,0
679025,0
679026,0
679027,0
679028,0
679029,0
679030,0
679031,0
679032,0
679033,0
679034,0
679035,0
679036,0
679037,0
679038,0
679039,0
679040,0
679041,0
679042,0
679043,0
679044,0
679045,0
679046,0
679047,0
679048,0
679049,0
679050,0
679051,0
679052,0
679053,0
679054,0
679055,0
679056,0
679057,0
679058,0
679059,0
679060,0
679061,0
679062,0
679063,0
679064,0
679065,0
679066,0
679067,0
679068,0
679069,0
679070,0
679071,0
679072,0
679073,0
679074,0
679075,0
679076,0
679077,0
679078,0
679079,0
679080,0
679081,0
679082,0
679083,1
679084,0
679085,0
679086,0
679087,0
679088,0
679089,0
679090,0
679091,0
679092,0
679093,0
679094,0
679095,0
679096,0
679097,0
679098,0
679099,0
679100,0
679101,0
679102,0
679103,0
679104,0
679105,0
679106,0
679107,0
679108,0
679109,0
679110,0
679111,0
679112,0
679113,0
679114,0
679115,0
679116,0
679117,0
679118,0
679119,0
679120,0
679121,0
679122,0
679123,0
679124,0
679125,0
679126,0
679127,0
679128,0
679129,0
679130,0
679131,0
679132,0
679133,0
679134,0
679135,0
679136,0
679137,0
679138,0
679139,0
679140,0
679141,0
679142,0
679143,0
679144,0
679145,0
679146,0
679147,0
679148,0
679149,0
679150,0
679151,0
679152,0
679153,0
679154,0
679155,0
679156,0
679157,0
679158,0
679159,0
679160,0
679161,0
679162,0
679163,0
679164,0
679165,0
679166,0
679167,0
679168,0
679169,0
679170,0
679171,0
679172,0
679173,0
679174,0
679175,0
679176,0
679177,0
679178,0
679179,0
679180,0
679181,0
679182,0
679183,0
679184,0
679185,0
679186,0
679187,0
679188,0
679189,0
679190,0
679191,1
679192,0
679193,0
679194,0
679195,0
679196,0
679197,0
679198,0
679199,0
679200,0
679201,0
679202,0
679203,0
679204,0
679205,0
679206,0
679207,0
679208,0
679209,0
679210,0
679211,0
679212,0
679213,0
679214,0
679215,0
679216,0
679217,0
679218,0
679219,0
679220,0
679221,0
679222,0
679223,0
679224,0
679225,0
679226,0
679227,0
679228,0
679229,0
679230,0
679231,0
679232,0
679233,0
679234,0
679235,0
679236,0
679237,0
679238,0
679239,0
679240,0
679241,0
679242,0
679243,0
679244,0
679245,0
679246,0
679247,0
679248,0
679249,0
679250,0
679251,0
679252,0
679253,0
679254,0
679255,0
679256,0
679257,0
679258,0
679259,0
679260,0
679261,0
679262,0
679263,0
679264,0
679265,0
679266,0
679267,0
679268,0
679269,0
679270,0
679271,0
679272,0
679273,0
679274,0
679275,0
679276,0
679277,0
679278,0
679279,0
679280,0
679281,0
679282,0
679283,0
679284,0
679285,0
679286,0
679287,0
679288,0
679289,0
679290,0
679291,0
679292,0
679293,0
679294,0
679295,0
679296,0
679297,0
679298,0
679299,0
679300,0
679301,0
679302,0
679303,0
679304,0
679305,0
679306,0
679307,0
679308,0
679309,0
679310,0
679311,0
679312,0
679313,0
679314,0
679315,0
679316,0
679317,0
679318,0
679319,0
679320,0
679321,0
679322,0
679323,0
679324,0
679325,0
679326,0
679327,0
679328,0
679329,0
679330,0
679331,0
679332,0
679333,0
679334,0
679335,0
679336,0
679337,0
679338,0
679339,0
679340,0
679341,0
679342,0
679343,0
679344,0
679345,0
679346,0
679347,0
679348,0
679349,0
679350,0
679351,0
679352,0
679353,0
679354,0
679355,0
679356,0
679357,0
679358,0
679359,0
679360,0
679361,0
679362,0
679363,0
679364,0
679365,0
679366,0
679367,0
679368,0
679369,0
679370,0
679371,0
679372,0
679373,0
679374,0
679375,0
679376,0
679377,0
679378,0
679379,0
679380,0
679381,0
679382,0
679383,0
679384,0
679385,0
679386,0
679387,0
679388,0
679389,0
679390,0
679391,0
679392,0
679393,0
679394,0
679395,0
679396,0
679397,0
679398,0
679399,0
679400,0
679401,0
679402,0
679403,0
679404,0
679405,0
679406,0
679407,0
679408,0
679409,0
679410,0
679411,0
679412,0
679413,0
679414,0
679415,0
679416,0
679417,0
679418,0
679419,0
679420,0
679421,0
679422,0
679423,0
679424,0
679425,0
679426,0
679427,0
679428,0
679429,0
679430,0
679431,0
679432,0
679433,0
679434,0
679435,0
679436,0
679437,0
679438,0
679439,0
679440,0
679441,0
679442,0
679443,0
679444,0
679445,0
679446,0
679447,0
679448,0
679449,0
679450,0
679451,0
679452,0
679453,0
679454,0
679455,0
679456,0
679457,0
679458,0
679459,0
679460,0
679461,0
679462,0
679463,0
679464,0
679465,0
679466,0
679467,0
679468,0
679469,0
679470,0
679471,0
679472,0
679473,0
679474,0
679475,0
679476,0
679477,0
679478,1
679479,0
679480,0
679481,0
679482,0
679483,0
679484,0
679485,0
679486,0
679487,0
679488,0
679489,0
679490,0
679491,0
679492,0
679493,0
679494,0
679495,0
679496,0
679497,0
679498,0
679499,0
679500,0
679501,0
679502,0
679503,0
679504,0
679505,0
679506,0
679507,0
679508,0
679509,0
679510,0
679511,0
679512,0
679513,0
679514,0
679515,0
679516,0
679517,0
679518,0
679519,0
679520,0
679521,0
679522,0
679523,0
679524,0
679525,0
679526,0
679527,0
679528,0
679529,0
679530,0
679531,0
679532,0
679533,0
679534,0
679535,0
679536,0
679537,0
679538,0
679539,0
679540,0
679541,0
679542,0
679543,13
679544,0
679545,0
679546,0
679547,0
679548,0
679549,0
679550,0
679551,13
679552,0
679553,16
679554,0
679555,7
679556,0
679557,0
679558,0
679559,0
679560,0
679561,0
679562,0
679563,0
679564,0
679565,0
679566,0
679567,0
679568,11
679569,0
679570,0
679571,0
679572,0
679573,9
679574,0
679575,12
679576,0
679577,0
679578,0
679579,0
679580,15
679581,0
679582,0
679583,0
679584,0
679585,0
679586,0
679587,12
679588,0
679589,0
679590,0
679591,16
679592,0
679593,0
679594,0
679595,0
679596,0
679597,0
679598,0
679599,11
679600,0
679601,0
679602,15
679603,0
679604,0
679605,0
679606,0
679607,0
679608,6
679609,0
679610,0
679611,0
679612,0
679613,0
679614,0
679615,0
679616,0
679617,0
679618,0
679619,0
679620,11
679621,0
679622,13
679623,0
679624,0
679625,0
679626,0
679627,0
679628,0
679629,0
679630,11
679631,0
679632,0
679633,0
679634,0
679635,0
679636,0
679637,0
679638,0
679639,0
679640,13
679641,7
679642,0
679643,0
679644,0
679645,0
679646,0
679647,0
679648,0
679649,0
679650,0
679651,0
679652,0
679653,0
679654,0
679655,0
679656,0
679657,0
679658,0
679659,0
679660,0
679661,0
679662,0
679663,0
679664,0
679665,0
679666,0
679667,0
679668,0
679669,0
679670,0
679671,0
679672,12
679673,0
679674,0
679675,0
679676,0
679677,13
679678,15
679679,12
679680,0
679681,0
679682,0
679683,11
679684,0
679685,0
679686,0
679687,0
679688,0
679689,0
679690,0
679691,0
679692,0
679693,0
679694,0
679695,0
679696,0
679697,0
679698,0
679699,0
679700,0
679701,6
679702,0
679703,0
679704,14
679705,17
679706,0
679707,0
679708,0
679709,0
679710,0
679711,0
679712,0
679713,0
679714,0
679715,0
679716,0
679717,0
679718,0
679719,0
679720,0
679721,0
679722,0
679723,9
679724,0
679725,0
679726,0
679727,0
679728,0
679729,0
679730,0
679731,0
679732,0
679733,0
679734,0
679735,0
679736,14
679737,0
679738,0
679739,0
679740,0
679741,0
679742,0
679743,0
679744,0
679745,0
679746,0
679747,0
679748,0
679749,0
679750,0
679751,0
679752,0
679753,0
679754,0
679755,0
679756,0
679757,0
679758,0
679759,0
679760,9
679761,0
679762,0
679763,0
679764,0
679765,0
679766,0
679767,0
679768,0
679769,0
679770,0
679771,0
679772,0
679773,0
679774,0
679775,0
679776,0
679777,0
679778,12
679779,0
679780,0
679781,0
679782,0
679783,0
679784,0
679785,0
679786,0
679787,0
679788,0
679789,0
679790,0
679791,0
679792,6
679793,0
679794,0
679795,14
679796,0
679797,0
679798,0
679799,0
679800,0
679801,0
679802,0
679803,0
679804,0
679805,0
679806,0
679807,0
679808,0
679809,0
679810,0
679811,0
679812,0
679813,0
679814,0
679815,9
679816,0
679817,0
679818,0
679819,0
679820,0
679821,0
679822,0
679823,0
679824,0
679825,0
679826,0
679827,0
679828,0
679829,0
679830,0
679831,0
679832,10
679833,0
679834,0
679835,0
679836,0
679837,0
679838,0
679839,0
679840,0
679841,0
679842,0
679843,0
679844,10
679845,0
679846,0
679847,0
679848,0
679849,0
679850,0
679851,0
679852,12
679853,0
679854,0
679855,0
679856,0
679857,0
679858,0
679859,0
679860,0
679861,0
679862,0
679863,0
679864,0
679865,0
679866,0
679867,0
679868,0
679869,0
679870,0
679871,0
679872,0
679873,0
679874,14
679875,0
679876,0
679877,10
679878,0
679879,0
679880,0
679881,0
679882,9
679883,0
679884,0
679885,0
679886,0
679887,0
679888,11
679889,0
679890,0
679891,0
679892,0
679893,10
679894,0
679895,0
679896,0
679897,0
679898,5
679899,0
679900,0
679901,0
679902,0
679903,0
679904,0
679905,7
679906,0
679907,0
679908,7
679909,0
679910,0
679911,0
679912,0
679913,0
679914,0
679915,0
679916,0
679917,0
679918,0
679919,9
679920,0
679921,0
679922,0
679923,0
679924,0
679925,0
679926,0
679927,0
679928,0
679929,0
679930,0
679931,0
679932,0
679933,0
679934,0
679935,0
679936,0
679937,0
679938,0
679939,7
679940,0
679941,0
679942,0
679943,0
679944,0
679945,0
679946,0
679947,0
679948,0
679949,0
679950,0
679951,0
679952,0
679953,11
679954,0
679955,0
679956,0
679957,0
679958,0
679959,0
679960,0
679961,0
679962,0
679963,0
679964,0
679965,0
679966,0
679967,0
679968,0
679969,0
679970,0
679971,0
679972,12
679973,0
679974,10
679975,0
679976,0
679977,0
679978,0
679979,0
679980,17
679981,0
679982,0
679983,0
679984,0
679985,0
679986,0
679987,0
679988,0
679989,0
679990,12
679991,0
679992,0
679993,0
679994,0
679995,0
679996,0
679997,0
679998,0
679999,0
680000,0
680001,12
680002,0
680003,0
680004,0
680005,0
680006,0
680007,0
680008,0
680009,4
680010,0
680011,0
680012,7
680013,0
680014,0
680015,0
680016,0
680017,0
680018,0
680019,0
680020,12
680021,0
680022,0
680023,9
680024,0
680025,0
680026,0
680027,0
680028,0
680029,0
680030,0
680031,10
680032,0
680033,0
680034,16
680035,11
680036,0
680037,6
680038,0
680039,0
680040,0
680041,0
680042,0
680043,19
680044,14
680045,0
680046,0
680047,9
680048,0
680049,0
680050,0
680051,0
680052,0
680053,0
680054,0
680055,0
680056,14
680057,0
680058,0
680059,0
680060,0
680061,0
680062,0
680063,0
680064,0
680065,0
680066,0
680067,0
680068,0
680069,0
680070,0
680071,0
680072,0
680073,6
680074,0
680075,0
680076,0
680077,0
680078,0
680079,0
680080,0
680081,0
680082,0
680083,0
680084,0
680085,9
680086,0
680087,0
680088,0
680089,0
680090,0
680091,0
680092,0
680093,0
680094,0
680095,0
680096,0
680097,0
680098,0
680099,0
680100,0
680101,0
680102,0
680103,13
680104,0
680105,7
680106,0
680107,0
680108,0
680109,0
680110,0
680111,0
680112,0
680113,0
680114,0
680115,0
680116,0
680117,0
680118,0
680119,0
680120,0
680121,0
680122,0
680123,0
680124,0
680125,0
680126,0
680127,0
680128,0
680129,0
680130,8
680131,0
680132,0
680133,0
680134,0
680135,0
680136,0
680137,0
680138,0
680139,0
680140,0
680141,0
680142,0
680143,0
680144,0
680145,0
680146,8
680147,0
680148,0
680149,0
680150,0
680151,0
680152,0
680153,0
680154,0
680155,0
680156,0
680157,0
680158,0
680159,0
680160,0
680161,0
680162,0
680163,0
680164,0
680165,0
680166,0
680167,0
680168,0
680169,0
680170,0
680171,0
680172,0
680173,0
680174,6
680175,0
680176,0
680177,0
680178,0
680179,0
680180,0
680181,0
680182,0
680183,0
680184,0
680185,0
680186,0
680187,0
680188,0
680189,14
680190,0
680191,0
680192,12
680193,0
680194,0
680195,13
680196,0
680197,0
680198,0
680199,0
680200,0
680201,0
680202,0
680203,0
680204,0
680205,0
680206,0
680207,0
680208,49
680209,0
680210,0
680211,0
680212,0
680213,0
680214,39
680215,0
680216,0
680217,0
680218,0
680219,0
680220,0
680221,0
680222,0
680223,0
680224,0
680225,0
680226,0
680227,42
680228,0
680229,0
680230,42
680231,0
680232,0
680233,28
680234,0
680235,0
680236,0
680237,44
680238,0
680239,0
680240,0
680241,0
680242,0
680243,0
680244,0
680245,0
680246,0
680247,0
680248,0
680249,0
680250,0
680251,0
680252,0
680253,0
680254,34
680255,0
680256,0
680257,0
680258,0
680259,0
680260,0
680261,0
680262,0
680263,0
680264,0
680265,0
680266,0
680267,0
680268,38
680269,0
680270,0
680271,40
680272,0
680273,0
680274,0
680275,0
680276,0
680277,0
680278,21
680279,0
680280,49
680281,0
680282,0
680283,0
680284,0
680285,0
680286,0
680287,0
680288,0
680289,0
680290,0
680291,0
680292,0
680293,47
680294,28
680295,0
680296,0
680297,0
680298,0
680299,0
680300,0
680301,39
680302,0
680303,0
680304,0
680305,0
680306,0
680307,0
680308,0
680309,0
680310,27
680311,25
680312,0
680313,30
680314,0
680315,0
680316,0
680317,41
680318,32
680319,0
680320,39
680321,0
680322,48
680323,0
680324,0
680325,0
680326,0
680327,0
680328,42
680329,45
680330,0
680331,0
680332,0
680333,36
680334,0
680335,0
680336,0
680337,0
680338,32
680339,0
680340,0
680341,0
680342,0
680343,0
680344,0
680345,0
680346,0
680347,36
680348,0
680349,0
680350,33
680351,0
680352,0
680353,0
680354,0
680355,0
680356,0
680357,34
680358,0
680359,0
680360,0
680361,40
680362,0
680363,0
680364,0
680365,0
680366,0
680367,0
680368,0
680369,0
680370,0
680371,53
680372,0
680373,0
680374,0
680375,41
680376,0
680377,28
680378,0
680379,0
680380,21
680381,0
680382,0
680383,0
680384,36
680385,0
680386,0
680387,0
680388,0
680389,36
680390,41
680391,0
680392,33
680393,0
680394,26
680395,0
680396,0
680397,0
680398,0
680399,0
680400,0
680401,36
680402,38
680403,0
680404,0
680405,0
680406,0
680407,0
680408,0
680409,0
680410,0
680411,40
680412,41
680413,0
680414,0
680415,0
680416,0
680417,0
680418,59
680419,34
680420,42
680421,0
680422,0
680423,0
680424,0
680425,0
680426,0
680427,0
680428,49
680429,0
680430,0
680431,0
680432,0
680433,0
680434,0
680435,0
680436,0
680437,34
680438,0
680439,51
680440,0
680441,0
680442,0
680443,0
680444,0
680445,29
680446,0
680447,0
680448,0
680449,45
680450,0
680451,33
680452,38
680453,0
680454,0
680455,0
680456,0
680457,0
680458,0
680459,0
680460,0
680461,0
680462,0
680463,0
680464,30
680465,0
680466,0
680467,0
680468,0
680469,0
680470,0
680471,0
680472,0
680473,0
680474,0
680475,0
680476,0
680477,0
680478,47
680479,0
680480,0
680481,0
680482,0
680483,0
680484,0
680485,0
680486,0
680487,0
680488,0
680489,0
680490,0
680491,0
680492,0
680493,0
680494,0
680495,0
680496,0
680497,0
680498,0
680499,0
680500,0
680501,0
680502,0
680503,0
680504,28
680505,0
680506,0
680507,0
680508,33
680509,27
680510,0
680511,0
680512,0
680513,38
680514,0
680515,0
680516,0
680517,0
680518,0
680519,40
680520,0
680521,0
680522,0
680523,0
680524,0
680525,0
680526,0
680527,54
680528,0
680529,38
680530,31
680531,0
680532,0
680533,35
680534,0
680535,33
680536,42
680537,31
680538,40
680539,42
680540,30
680541,45
680542,0
680543,0
680544,0
680545,0
680546,0
680547,0
680548,36
680549,0
680550,21
680551,47
680552,0
680553,0
680554,29
680555,0
680556,0
680557,0
680558,0
680559,0
680560,0
680561,0
680562,0
680563,43
680564,0
680565,0
680566,30
680567,0
680568,37
680569,0
680570,0
680571,0
680572,0
680573,0
680574,0
680575,0
680576,26
680577,0
680578,0
680579,0
680580,25
680581,31
680582,0
680583,34
680584,0
680585,0
680586,0
680587,0
680588,0
680589,0
680590,0
680591,0
680592,33
680593,0
680594,0
680595,0
680596,0
680597,0
680598,0
680599,0
680600,0
680601,0
680602,0
680603,35
680604,29
680605,0
680606,36
680607,31
680608,26
680609,0
680610,0
680611,0
680612,0
680613,0
680614,0
680615,0
680616,0
680617,0
680618,0
680619,0
680620,14
680621,0
680622,0
680623,0
680624,0
680625,0
680626,0
680627,0
680628,0
680629,45
680630,0
680631,0
680632,0
680633,0
680634,0
680635,0
680636,35
680637,35
680638,43
680639,43
680640,53
680641,0
680642,0
680643,0
680644,27
680645,0
680646,0
680647,34
680648,0
680649,0
680650,0
680651,35
680652,0
680653,0
680654,28
680655,0
680656,0
680657,39
680658,0
680659,0
680660,0
680661,0
680662,0
680663,0
680664,0
680665,0
680666,0
680667,0
680668,0
680669,0
680670,42
680671,0
680672,0
680673,0
680674,0
680675,0
680676,50
680677,0
680678,0
680679,0
680680,0
680681,0
680682,0
680683,0
680684,0
680685,0
680686,0
680687,32
680688,0
680689,0
680690,0
680691,36
680692,44
680693,0
680694,0
680695,0
680696,0
680697,0
680698,0
680699,0
680700,0
680701,0
680702,29
680703,0
680704,35
680705,0
680706,45
680707,0
680708,50
680709,0
680710,0
680711,53
680712,0
680713,0
680714,31
680715,0
680716,0
680717,0
680718,0
680719,0
680720,33
680721,0
680722,0
680723,0
680724,36
680725,0
680726,0
680727,31
680728,0
680729,0
680730,45
680731,31
680732,0
680733,0
680734,0
680735,0
680736,33
680737,0
680738,0
680739,0
680740,0
680741,31
680742,0
680743,48
680744,0
680745,0
680746,0
680747,36
680748,0
680749,0
680750,0
680751,40
680752,0
680753,0
680754,0
680755,0
680756,0
680757,49
680758,0
680759,0
680760,40
680761,35
680762,0
680763,0
680764,39
680765,39
680766,0
680767,0
680768,42
680769,0
680770,0
680771,0
680772,0
680773,28
680774,0
680775,0
680776,0
680777,31
680778,0
680779,41
680780,53
680781,0
680782,0
680783,0
680784,0
680785,0
680786,32
680787,0
680788,0
680789,0
680790,0
680791,42
680792,0
680793,0
680794,0
680795,0
680796,0
680797,32
680798,0
680799,30
680800,0
680801,0
680802,0
680803,0
680804,0
680805,26
680806,0
680807,0
680808,0
680809,0
680810,0
680811,0
680812,36
680813,0
680814,42
680815,41
680816,0
680817,0
680818,45
680819,0
680820,0
680821,0
680822,0
680823,38
680824,0
680825,0
680826,0
680827,0
680828,0
680829,0
680830,0
680831,0
680832,0
680833,0
680834,0
680835,0
680836,47
680837,0
680838,30
680839,0
680840,42
680841,35
680842,0
680843,0
680844,34
680845,31
680846,0
680847,31
680848,0
680849,0
680850,0
680851,0
680852,45
680853,0
680854,0
680855,0
680856,0
680857,0
680858,0
680859,0
680860,0
680861,0
680862,0
680863,0
680864,0
680865,48
680866,0
680867,0
680868,28
680869,28
680870,0
680871,0
680872,34
680873,0
680874,0
680875,38
680876,0
680877,38
680878,39
680879,0
680880,0
680881,0
680882,36
680883,0
680884,0
680885,0
680886,0
680887,0
680888,0
680889,0
680890,0
680891,0
680892,0
680893,0
680894,0
680895,0
680896,0
680897,40
680898,34
680899,0
680900,0
680901,0
680902,0
680903,0
680904,0
680905,28
680906,0
680907,0
680908,48
680909,0
680910,0
680911,0
680912,27
680913,0
680914,31
680915,0
680916,0
680917,0
680918,0
680919,45
680920,0
680921,41
680922,0
680923,0
680924,0
680925,0
680926,41
680927,0
680928,0
680929,0
680930,0
680931,0
680932,0
680933,0
680934,0
680935,0
680936,0
680937,0
680938,0
680939,0
680940,44
680941,0
680942,0
680943,0
680944,0
680945,0
680946,0
680947,0
680948,48
680949,0
680950,0
680951,36
680952,0
680953,0
680954,0
680955,0
680956,36
680957,0
680958,0
680959,0
680960,0
680961,0
680962,32
680963,0
680964,0
680965,0
680966,0
680967,0
680968,0
680969,0
680970,0
680971,0
680972,0
680973,0
680974,19
680975,0
680976,0
680977,0
680978,0
680979,0
680980,0
680981,36
680982,0
680983,0
680984,0
680985,0
680986,0
680987,0
680988,0
680989,37
680990,45
680991,0
680992,40
680993,0
680994,0
680995,44
680996,0
680997,0
680998,39
680999,37
681000,39
681001,0
681002,0
681003,36
681004,0
681005,0
681006,0
681007,0
681008,32
681009,0
681010,29
681011,26
681012,0
681013,0
681014,0
681015,0
681016,0
681017,0
681018,0
681019,0
681020,0
681021,0
681022,0
681023,54
681024,0
681025,46
681026,46
681027,0
681028,0
681029,0
681030,28
681031,0
681032,28
681033,0
681034,34
681035,44
681036,0
681037,0
681038,0
681039,0
681040,0
681041,0
681042,0
681043,0
681044,0
681045,0
681046,38
681047,0
681048,0
681049,51
681050,34
681051,33
681052,0
681053,0
681054,39
681055,0
681056,0
681057,0
681058,33
681059,0
681060,0
681061,37
681062,0
681063,0
681064,28
681065,0
681066,0
681067,0
681068,0
681069,39
681070,0
681071,0
681072,0
681073,0
681074,0
681075,0
681076,0
681077,0
681078,0
681079,28
681080,0
681081,42
681082,0
681083,0
681084,0
681085,0
681086,44
681087,0
681088,26
681089,0
681090,48
681091,31
681092,0
681093,0
681094,0
681095,0
681096,0
681097,0
681098,0
681099,0
681100,0
681101,0
681102,0
681103,0
681104,0
681105,0
681106,0
681107,0
681108,0
681109,23
681110,0
681111,48
681112,0
681113,0
681114,39
681115,0
681116,0
681117,39
681118,51
681119,0
681120,0
681121,0
681122,50
681123,0
681124,0
681125,0
681126,0
681127,0
681128,0
681129,0
681130,0
681131,0
681132,0
681133,0
681134,0
681135,0
681136,0
681137,0
681138,0
681139,0
681140,0
681141,0
681142,24
681143,0
681144,34
681145,0
681146,0
681147,0
681148,0
681149,24
681150,0
681151,0
681152,0
681153,0
681154,0
681155,0
681156,0
681157,34
681158,25
681159,0
681160,0
681161,22
681162,0
681163,0
681164,36
681165,45
681166,37
681167,0
681168,0
681169,0
681170,0
681171,0
681172,0
681173,0
681174,0
681175,0
681176,0
681177,0
681178,0
681179,0
681180,0
681181,0
681182,0
681183,0
681184,0
681185,0
681186,0
681187,0
681188,0
681189,0
681190,32
681191,0
681192,0
681193,0
681194,0
681195,30
681196,0
681197,37
681198,0
681199,0
681200,0
681201,0
681202,0
681203,0
681204,0
681205,0
681206,0
681207,0
681208,0
681209,33
681210,0
681211,35
681212,0
681213,0
681214,0
681215,0
681216,0
681217,0
681218,38
681219,0
681220,0
681221,27
681222,0
681223,0
681224,0
681225,0
681226,0
681227,0
681228,0
681229,0
681230,0
681231,0
681232,0
681233,0
681234,0
681235,24
681236,0
681237,0
681238,0
681239,0
681240,0
681241,0
681242,0
681243,0
681244,35
681245,0
681246,0
681247,35
681248,37
681249,0
681250,0
681251,39
681252,0
681253,50
681254,32
681255,0
681256,0
681257,0
681258,0
681259,0
681260,33
681261,0
681262,0
681263,0
681264,26
681265,0
681266,0
681267,46
681268,0
681269,21
681270,0
681271,0
681272,0
681273,0
681274,0
681275,0
681276,0
681277,41
681278,0
681279,28
681280,0
681281,50
681282,0
681283,0
681284,30
681285,0
681286,0
681287,0
681288,0
681289,0
681290,38
681291,0
681292,0
681293,0
681294,0
681295,41
681296,0
681297,0
681298,32
681299,52
681300,0
681301,0
681302,37
681303,33
681304,23
681305,0
681306,0
681307,0
681308,0
681309,0
681310,0
681311,49
681312,0
681313,48
681314,0
681315,0
681316,0
681317,0
681318,0
681319,0
681320,0
681321,0
681322,0
681323,27
681324,0
681325,0
681326,21
681327,0
681328,0
681329,0
681330,0
681331,0
681332,0
681333,0
681334,0
681335,0
681336,21
681337,0
681338,0
681339,41
681340,0
681341,0
681342,0
681343,0
681344,0
681345,0
681346,49
681347,0
681348,21
681349,0
681350,0
681351,0
681352,0
681353,0
681354,37
681355,0
681356,0
681357,32
681358,0
681359,0
681360,0
681361,0
681362,0
681363,0
681364,0
681365,0
681366,33
681367,0
681368,0
681369,44
681370,0
681371,0
681372,0
681373,0
681374,0
681375,0
681376,0
681377,28
681378,0
681379,0
681380,0
681381,30
681382,0
681383,0
681384,0
681385,0
681386,0
681387,0
681388,0
681389,40
681390,0
681391,0
681392,0
681393,42
681394,36
681395,0
681396,41
681397,0
681398,0
681399,0
681400,30
681401,0
681402,0
681403,47
681404,0
681405,0
681406,0
681407,0
681408,0
681409,0
681410,0
681411,0
681412,0
681413,0
681414,0
681415,0
681416,0
681417,0
681418,0
681419,0
681420,33
681421,35
681422,0
681423,0
681424,0
681425,0
681426,0
681427,0
681428,0
681429,0
681430,0
681431,0
681432,0
681433,33
681434,0
681435,38
681436,0
681437,0
681438,0
681439,0
681440,0
681441,0
681442,0
681443,0
681444,30
681445,0
681446,0
681447,0
681448,0
681449,37
681450,0
681451,0
681452,0
681453,0
681454,0
681455,32
681456,26
681457,0
681458,0
681459,0
681460,32
681461,0
681462,0
681463,0
681464,0
681465,0
681466,0
681467,38
681468,0
681469,0
681470,0
681471,0
681472,43
681473,38
681474,0
681475,0
681476,0
681477,0
681478,0
681479,0
681480,0
681481,0
681482,0
681483,0
681484,0
681485,0
681486,0
681487,0
681488,0
681489,0
681490,39
681491,0
681492,33
681493,0
681494,0
681495,0
681496,0
681497,27
681498,38
681499,23
681500,41
681501,19
681502,22
681503,0
681504,0
681505,0
681506,0
681507,0
681508,41
681509,0
681510,0
681511,0
681512,0
681513,0
681514,0
681515,50
681516,0
681517,0
681518,0
681519,0
681520,0
681521,44
681522,0
681523,0
681524,0
681525,39
681526,0
681527,0
681528,0
681529,36
681530,0
681531,0
681532,33
681533,0
681534,0
681535,31
681536,0
681537,0
681538,0
681539,37
681540,0
681541,0
681542,0
681543,0
681544,0
681545,0
681546,0
681547,0
681548,0
681549,0
681550,0
681551,0
681552,0
681553,0
681554,0
681555,0
681556,0
681557,0
681558,0
681559,0
681560,0
681561,39
681562,0
681563,35
681564,0
681565,0
681566,0
681567,0
681568,0
681569,0
681570,0
681571,24
681572,0
681573,0
681574,0
681575,37
681576,0
681577,0
681578,43
681579,0
681580,34
681581,0
681582,0
681583,0
681584,35
681585,0
681586,0
681587,0
681588,46
681589,39
681590,0
681591,36
681592,0
681593,34
681594,0
681595,51
681596,0
681597,0
681598,0
681599,0
681600,0
681601,0
681602,0
681603,0
681604,0
681605,0
681606,0
681607,0
681608,22
681609,0
681610,35
681611,0
681612,0
681613,0
681614,0
681615,0
681616,43
681617,0
681618,40
681619,0
681620,0
681621,34
681622,39
681623,0
681624,0
681625,37
681626,0
681627,0
681628,39
681629,0
681630,0
681631,0
681632,0
681633,0
681634,0
681635,37
681636,40
681637,0
681638,0
681639,0
681640,0
681641,0
681642,0
681643,0
681644,0
681645,0
681646,25
681647,0
681648,0
681649,0
681650,50
681651,0
681652,38
681653,45
681654,0
681655,0
681656,0
681657,42
681658,37
681659,0
681660,0
681661,0
681662,0
681663,0
681664,46
681665,0
681666,0
681667,0
681668,37
681669,0
681670,34
681671,0
681672,0
681673,0
681674,0
681675,0
681676,0
681677,0
681678,0
681679,0
681680,0
681681,0
681682,0
681683,0
681684,0
681685,0
681686,0
681687,0
681688,0
681689,0
681690,0
681691,0
681692,0
681693,0
681694,0
681695,0
681696,0
681697,0
681698,0
681699,0
681700,52
681701,0
681702,0
681703,0
681704,0
681705,0
681706,0
681707,0
681708,0
681709,0
681710,37
681711,0
681712,0
681713,0
681714,0
681715,0
681716,0
681717,0
681718,0
681719,0
681720,0
681721,0
681722,0
681723,0
681724,0
681725,0
681726,0
681727,0
681728,0
681729,0
681730,0
681731,0
681732,0
681733,0
681734,0
681735,0
681736,0
681737,0
681738,0
681739,30
681740,0
681741,0
681742,0
681743,23
681744,0
681745,0
681746,0
681747,0
681748,0
681749,31
681750,0
681751,0
681752,0
681753,30
681754,0
681755,0
681756,0
681757,0
681758,27
681759,0
681760,0
681761,0
681762,0
681763,0
681764,0
681765,0
681766,0
681767,0
681768,0
681769,0
681770,0
681771,0
681772,14
681773,0
681774,0
681775,0
681776,43
681777,0
681778,0
681779,0
681780,0
681781,0
681782,0
681783,42
681784,0
681785,0
681786,0
681787,30
681788,0
681789,0
681790,0
681791,34
681792,36
681793,0
681794,33
681795,0
681796,0
681797,0
681798,0
681799,0
681800,0
681801,0
681802,24
681803,44
681804,0
681805,50
681806,0
681807,0
681808,0
681809,33
681810,31
681811,0
681812,37
681813,0
681814,0
681815,0
681816,0
681817,0
681818,0
681819,0
681820,0
681821,0
681822,0
681823,0
681824,0
681825,0
681826,0
681827,0
681828,43
681829,0
681830,0
681831,0
681832,0
681833,36
681834,0
681835,31
681836,0
681837,0
681838,0
681839,40
681840,0
681841,0
681842,30
681843,0
681844,0
681845,0
681846,0
681847,0
681848,0
681849,0
681850,0
681851,29
681852,0
681853,0
681854,0
681855,0
681856,0
681857,0
681858,0
681859,39
681860,0
681861,31
681862,0
681863,38
681864,0
681865,0
681866,32
681867,0
681868,20
681869,26
681870,0
681871,0
681872,0
681873,35
681874,0
681875,0
681876,0
681877,0
681878,0
681879,0
681880,0
681881,0
681882,0
681883,0
681884,41
681885,0
681886,0
681887,28
681888,0
681889,0
681890,0
681891,0
681892,0
681893,29
681894,24
681895,0
681896,0
681897,0
681898,0
681899,0
681900,0
681901,0
681902,0
681903,0
681904,0
681905,0
681906,0
681907,0
681908,0
681909,33
681910,0
681911,0
681912,0
681913,0
681914,0
681915,25
681916,51
681917,0
681918,33
681919,0
681920,0
681921,38
681922,34
681923,0
681924,0
681925,0
681926,35
681927,0
681928,29
681929,0
681930,0
681931,0
681932,35
681933,0
681934,0
681935,0
681936,0
681937,0
681938,0
681939,33
681940,0
681941,0
681942,0
681943,0
681944,0
681945,0
681946,0
681947,0
681948,0
681949,0
681950,0
681951,0
681952,0
681953,0
681954,0
681955,0
681956,0
681957,36
681958,0
681959,40
681960,0
681961,0
681962,0
681963,38
681964,0
681965,0
681966,29
681967,0
681968,0
681969,0
681970,35
681971,0
681972,0
681973,0
681974,31
681975,0
681976,0
681977,0
681978,27
681979,0
681980,0
681981,40
681982,36
681983,0
681984,0
681985,31
681986,0
681987,0
681988,33
681989,0
681990,0
681991,0
681992,0
681993,38
681994,0
681995,42
681996,35
681997,0
681998,0
681999,0
682000,0
682001,50
682002,0
682003,0
682004,0
682005,0
682006,0
682007,0
682008,0
682009,0
682010,0
682011,0
682012,0
682013,45
682014,0
682015,36
682016,0
682017,0
682018,0
682019,0
682020,20
682021,27
682022,0
682023,0
682024,0
682025,0
682026,0
682027,44
682028,0
682029,0
682030,0
682031,0
682032,0
682033,0
682034,0
682035,22
682036,0
682037,0
682038,0
682039,0
682040,0
682041,0
682042,29
682043,0
682044,0
682045,0
682046,45
682047,45
682048,0
682049,0
682050,0
682051,0
682052,37
682053,0
682054,0
682055,0
682056,0
682057,0
682058,0
682059,0
682060,0
682061,0
682062,0
682063,50
682064,0
682065,0
682066,0
682067,0
682068,0
682069,0
682070,0
682071,0
682072,0
682073,0
682074,0
682075,0
682076,0
682077,33
682078,0
682079,0
682080,0
682081,0
682082,0
682083,38
682084,0
682085,0
682086,0
682087,42
682088,34
682089,0
682090,0
682091,0
682092,0
682093,0
682094,60
682095,0
682096,0
682097,33
682098,0
682099,0
682100,0
682101,0
682102,0
682103,0
682104,0
682105,0
682106,0
682107,0
682108,0
682109,0
682110,30
682111,0
682112,42
682113,0
682114,0
682115,40
682116,0
682117,0
682118,0
682119,0
682120,0
682121,34
682122,43
682123,0
682124,0
682125,0
682126,0
682127,0
682128,0
682129,38
682130,0
682131,0
682132,38
682133,0
682134,0
682135,0
682136,0
682137,0
682138,0
682139,0
682140,0
682141,0
682142,0
682143,0
682144,0
682145,0
682146,41
682147,0
682148,0
682149,0
682150,0
682151,0
682152,0
682153,0
682154,0
682155,0
682156,0
682157,0
682158,0
682159,0
682160,0
682161,0
682162,0
682163,0
682164,0
682165,33
682166,0
682167,0
682168,0
682169,43
682170,0
682171,0
682172,48
682173,0
682174,0
682175,0
682176,0
682177,0
682178,0
682179,53
682180,0
682181,0
682182,0
682183,0
682184,0
682185,0
682186,0
682187,0
682188,0
682189,0
682190,0
682191,0
682192,0
682193,0
682194,0
682195,0
682196,0
682197,0
682198,0
682199,0
682200,0
682201,0
682202,0
682203,0
682204,0
682205,0
682206,0
682207,0
682208,0
682209,0
682210,0
682211,0
682212,0
682213,47
682214,0
682215,47
682216,0
682217,0
682218,0
682219,0
682220,0
682221,0
682222,0
682223,0
682224,0
682225,0
682226,0
682227,0
682228,48
682229,0
682230,0
682231,0
682232,0
682233,0
682234,0
682235,0
682236,0
682237,0
682238,0
682239,0
682240,0
682241,0
682242,0
682243,0
682244,0
682245,0
682246,0
682247,0
682248,0
682249,0
682250,0
682251,35
682252,0
682253,0
682254,0
682255,0
682256,0
682257,0
682258,0
682259,41
682260,0
682261,0
682262,0
682263,0
682264,0
682265,0
682266,0
682267,0
682268,35
682269,0
682270,0
682271,0
682272,0
682273,0
682274,0
682275,0
682276,0
682277,0
682278,0
682279,0
682280,0
682281,0
682282,0
682283,0
682284,0
682285,0
682286,0
682287,0
682288,0
682289,0
682290,0
682291,0
682292,0
682293,0
682294,0
682295,0
682296,24
682297,0
682298,0
682299,0
682300,0
682301,0
682302,0
682303,0
682304,28
682305,0
682306,0
682307,0
682308,0
682309,0
682310,0
682311,0
682312,0
682313,0
682314,0
682315,0
682316,0
682317,0
682318,0
682319,0
682320,0
682321,0
682322,0
682323,0
682324,0
682325,0
682326,0
682327,0
682328,0
682329,0
682330,0
682331,0
682332,0
682333,0
682334,0
682335,0
682336,0
682337,0
682338,0
682339,0
682340,0
682341,0
682342,0
682343,0
682344,0
682345,0
682346,0
682347,0
682348,0
682349,0
682350,0
682351,0
682352,0
682353,0
682354,0
682355,0
682356,0
682357,0
682358,0
682359,0
682360,40
682361,0
682362,0
682363,0
682364,0
682365,0
682366,0
682367,0
682368,0
682369,0
682370,0
682371,0
682372,0
682373,0
682374,0
682375,0
682376,0
682377,0
682378,0
682379,0
682380,0
682381,0
682382,0
682383,0
682384,0
682385,0
682386,0
682387,0
682388,0
682389,45
682390,0
682391,0
682392,0
682393,0
682394,0
682395,43
682396,0
682397,0
682398,0
682399,0
682400,0
682401,0
682402,0
682403,0
682404,0
682405,0
682406,0
682407,0
682408,0
682409,0
682410,0
682411,0
682412,0
682413,0
682414,0
682415,0
682416,0
682417,0
682418,0
682419,0
682420,0
682421,0
682422,0
682423,0
682424,0
682425,0
682426,0
682427,0
682428,0
682429,0
682430,0
682431,0
682432,0
682433,0
682434,0
682435,28
682436,0
682437,0
682438,0
682439,0
682440,0
682441,0
682442,0
682443,0
682444,0
682445,0
682446,47
682447,0
682448,0
682449,0
682450,0
682451,0
682452,0
682453,0
682454,0
682455,0
682456,44
682457,0
682458,0
682459,0
682460,0
682461,0
682462,0
682463,0
682464,47
682465,39
682466,0
682467,0
682468,0
682469,0
682470,0
682471,0
682472,0
682473,0
682474,0
682475,29
682476,0
682477,0
682478,0
682479,0
682480,0
682481,0
682482,47
682483,0
682484,61
682485,0
682486,0
682487,0
682488,0
682489,34
682490,0
682491,0
682492,0
682493,0
682494,0
682495,0
682496,0
682497,0
682498,0
682499,0
682500,0
682501,0
682502,0
682503,29
682504,0
682505,33
682506,0
682507,0
682508,0
682509,0
682510,0
682511,0
682512,0
682513,0
682514,0
682515,0
682516,0
682517,0
682518,0
682519,0
682520,0
682521,0
682522,0
682523,0
682524,0
682525,0
682526,38
682527,0
682528,0
682529,0
682530,0
682531,0
682532,0
682533,0
682534,0
682535,0
682536,0
682537,0
682538,0
682539,0
682540,0
682541,48
682542,30
682543,0
682544,0
682545,0
682546,0
682547,0
682548,0
682549,0
682550,0
682551,31
682552,0
682553,0
682554,47
682555,0
682556,0
682557,0
682558,0
682559,0
682560,0
682561,0
682562,0
682563,0
682564,0
682565,0
682566,0
682567,29
682568,0
682569,0
682570,0
682571,0
682572,0
682573,0
682574,0
682575,0
682576,0
682577,0
682578,0
682579,0
682580,35
682581,0
682582,0
682583,35
682584,0
682585,0
682586,0
682587,0
682588,0
682589,43
682590,0
682591,0
682592,0
682593,0
682594,0
682595,0
682596,0
682597,0
682598,0
682599,0
682600,0
682601,0
682602,0
682603,0
682604,43
682605,0
682606,0
682607,0
682608,0
682609,0
682610,0
682611,0
682612,0
682613,44
682614,0
682615,0
682616,0
682617,0
682618,51
682619,0
682620,0
682621,0
682622,0
682623,0
682624,0
682625,0
682626,0
682627,34
682628,42
682629,0
682630,0
682631,35
682632,0
682633,0
682634,0
682635,0
682636,0
682637,0
682638,0
682639,0
682640,0
682641,0
682642,0
682643,0
682644,0
682645,0
682646,0
682647,0
682648,0
682649,25
682650,0
682651,0
682652,0
682653,0
682654,0
682655,37
682656,0
682657,0
682658,0
682659,0
682660,0
682661,0
682662,0
682663,0
682664,0
682665,0
682666,0
682667,0
682668,0
682669,0
682670,0
682671,0
682672,0
682673,0
682674,0
682675,0
682676,0
682677,0
682678,0
682679,0
682680,0
682681,0
682682,0
682683,0
682684,0
682685,0
682686,0
682687,0
682688,0
682689,0
682690,0
682691,0
682692,0
682693,0
682694,0
682695,0
682696,0
682697,0
682698,0
682699,0
682700,0
682701,0
682702,0
682703,0
682704,0
682705,0
682706,0
682707,0
682708,0
682709,0
682710,0
682711,0
682712,0
682713,24
682714,47
682715,0
682716,46
682717,0
682718,0
682719,0
682720,0
682721,0
682722,0
682723,0
682724,0
682725,0
682726,0
682727,0
682728,0
682729,0
682730,0
682731,0
682732,0
682733,0
682734,36
682735,0
682736,0
682737,0
682738,0
682739,0
682740,0
682741,0
682742,0
682743,0
682744,0
682745,29
682746,0
682747,0
682748,0
682749,0
682750,38
682751,0
682752,0
682753,0
682754,0
682755,0
682756,0
682757,0
682758,0
682759,0
682760,0
682761,0
682762,0
682763,0
682764,0
682765,50
682766,0
682767,0
682768,0
682769,0
682770,0
682771,0
682772,0
682773,0
682774,0
682775,0
682776,0
682777,0
682778,0
682779,0
682780,0
682781,0
682782,44
682783,0
682784,0
682785,0
682786,0
682787,35
682788,0
682789,0
682790,0
682791,0
682792,0
682793,0
682794,0
682795,0
682796,0
682797,0
682798,0
682799,0
682800,0
682801,39
682802,0
682803,0
682804,0
682805,0
682806,27
682807,0
682808,0
682809,0
682810,0
682811,0
682812,0
682813,0
682814,0
682815,0
682816,0
682817,0
682818,0
682819,0
682820,0
682821,0
682822,0
682823,0
682824,0
682825,0
682826,0
682827,0
682828,0
682829,0
682830,0
682831,0
682832,0
682833,0
682834,41
682835,0
682836,0
682837,0
682838,0
682839,0
682840,0
682841,0
682842,0
682843,0
682844,0
682845,0
682846,35
682847,0
682848,0
682849,0
682850,0
682851,0
682852,0
682853,0
682854,0
682855,0
682856,0
682857,0
682858,0
682859,0
682860,0
682861,0
682862,0
682863,0
682864,0
682865,28
682866,0
682867,0
682868,0
682869,0
682870,0
682871,31
682872,0
682873,0
682874,0
682875,0
682876,0
682877,0
682878,46
682879,0
682880,0
682881,0
682882,0
682883,0
682884,0
682885,0
682886,0
682887,58
682888,36
682889,0
682890,0
682891,36
682892,0
682893,0
682894,0
682895,0
682896,0
682897,0
682898,0
682899,39
682900,0
682901,0
682902,0
682903,0
682904,0
682905,46
682906,33
682907,0
682908,0
682909,0
682910,0
682911,27
682912,0
682913,0
682914,0
682915,0
682916,0
682917,0
682918,0
682919,0
682920,0
682921,0
682922,0
682923,0
682924,0
682925,0
682926,0
682927,0
682928,0
682929,0
682930,0
682931,0
682932,0
682933,0
682934,0
682935,0
682936,0
682937,0
682938,0
682939,0
682940,0
682941,0
682942,0
682943,0
682944,0
682945,0
682946,0
682947,0
682948,0
682949,0
682950,0
682951,0
682952,0
682953,0
682954,30
682955,0
682956,0
682957,0
682958,0
682959,0
682960,0
682961,28
682962,0
682963,0
682964,0
682965,0
682966,0
682967,0
682968,0
682969,26
682970,0
682971,0
682972,0
682973,0
682974,0
682975,0
682976,0
682977,0
682978,0
682979,0
682980,0
682981,0
682982,18
682983,0
682984,0
682985,0
682986,0
682987,0
682988,0
682989,0
682990,0
682991,0
682992,0
682993,26
682994,0
682995,0
682996,0
682997,0
682998,0
682999,0
683000,0
683001,0
683002,0
683003,23
683004,0
683005,0
683006,0
683007,0
683008,0
683009,0
683010,0
683011,19
683012,0
683013,0
683014,0
683015,0
683016,0
683017,0
683018,0
683019,0
683020,0
683021,0
683022,0
683023,0
683024,21
683025,0
683026,0
683027,0
683028,25
683029,0
683030,26
683031,0
683032,0
683033,26
683034,0
683035,0
683036,0
683037,29
683038,0
683039,0
683040,0
683041,0
683042,0
683043,0
683044,0
683045,0
683046,30
683047,0
683048,0
683049,0
683050,0
683051,0
683052,0
683053,0
683054,0
683055,0
683056,0
683057,0
683058,0
683059,0
683060,0
683061,0
683062,0
683063,0
683064,23
683065,0
683066,0
683067,0
683068,0
683069,0
683070,0
683071,0
683072,0
683073,0
683074,0
683075,0
683076,0
683077,0
683078,0
683079,0
683080,18
683081,0
683082,0
683083,0
683084,0
683085,33
683086,0
683087,0
683088,0
683089,0
683090,0
683091,30
683092,0
683093,0
683094,26
683095,0
683096,0
683097,0
683098,16
683099,0
683100,0
683101,0
683102,0
683103,28
683104,31
683105,0
683106,0
683107,0
683108,0
683109,0
683110,0
683111,22
683112,0
683113,38
683114,0
683115,0
683116,29
683117,0
683118,0
683119,21
683120,21
683121,0
683122,27
683123,0
683124,17
683125,0
683126,0
683127,0
683128,0
683129,0
683130,0
683131,0
683132,0
683133,0
683134,0
683135,0
683136,0
683137,0
683138,0
683139,0
683140,0
683141,30
683142,0
683143,23
683144,21
683145,0
683146,0
683147,30
683148,0
683149,0
683150,0
683151,0
683152,15
683153,0
683154,0
683155,0
683156,0
683157,0
683158,26
683159,0
683160,0
683161,0
683162,0
683163,0
683164,0
683165,0
683166,0
683167,0
683168,25
683169,26
683170,30
683171,0
683172,0
683173,0
683174,0
683175,0
683176,0
683177,0
683178,27
683179,0
683180,0
683181,0
683182,38
683183,0
683184,0
683185,0
683186,0
683187,0
683188,0
683189,0
683190,0
683191,0
683192,0
683193,0
683194,0
683195,18
683196,0
683197,0
683198,0
683199,19
683200,0
683201,17
683202,0
683203,0
683204,0
683205,0
683206,0
683207,27
683208,0
683209,0
683210,31
683211,0
683212,0
683213,0
683214,0
683215,0
683216,0
683217,0
683218,0
683219,18
683220,0
683221,0
683222,0
683223,0
683224,0
683225,0
683226,0
683227,30
683228,0
683229,0
683230,0
683231,0
683232,0
683233,29
683234,0
683235,0
683236,0
683237,0
683238,0
683239,0
683240,0
683241,0
683242,0
683243,0
683244,0
683245,0
683246,0
683247,0
683248,0
683249,0
683250,0
683251,0
683252,0
683253,0
683254,20
683255,0
683256,0
683257,37
683258,0
683259,0
683260,0
683261,0
683262,0
683263,0
683264,0
683265,0
683266,0
683267,0
683268,0
683269,0
683270,0
683271,0
683272,0
683273,26
683274,0
683275,13
683276,0
683277,0
683278,38
683279,0
683280,0
683281,0
683282,21
683283,0
683284,0
683285,0
683286,0
683287,0
683288,0
683289,0
683290,0
683291,0
683292,0
683293,24
683294,0
683295,25
683296,33
683297,0
683298,0
683299,0
683300,0
683301,0
683302,0
683303,0
683304,0
683305,0
683306,0
683307,0
683308,0
683309,0
683310,0
683311,0
683312,0
683313,0
683314,0
683315,0
683316,23
683317,0
683318,0
683319,0
683320,0
683321,0
683322,0
683323,0
683324,0
683325,0
683326,0
683327,0
683328,0
683329,0
683330,0
683331,0
683332,0
683333,0
683334,0
683335,0
683336,0
683337,0
683338,0
683339,0
683340,18
683341,0
683342,0
683343,0
683344,0
683345,0
683346,0
683347,0
683348,0
683349,0
683350,0
683351,0
683352,0
683353,0
683354,0
683355,0
683356,0
683357,0
683358,0
683359,0
683360,0
683361,0
683362,0
683363,0
683364,0
683365,0
683366,0
683367,0
683368,0
683369,0
683370,0
683371,0
683372,0
683373,0
683374,0
683375,0
683376,0
683377,0
683378,0
683379,0
683380,0
683381,0
683382,0
683383,0
683384,0
683385,0
683386,0
683387,0
683388,0
683389,0
683390,0
683391,0
683392,0
683393,0
683394,0
683395,0
683396,0
683397,0
683398,0
683399,0
683400,0
683401,0
683402,0
683403,0
683404,0
683405,0
683406,0
683407,0
683408,0
683409,0
683410,0
683411,0
683412,0
683413,0
683414,0
683415,0
683416,0
683417,0
683418,0
683419,0
683420,0
683421,0
683422,0
683423,0
683424,0
683425,0
683426,0
683427,0
683428,0
683429,0
683430,0
683431,0
683432,0
683433,0
683434,0
683435,0
683436,0
683437,0
683438,0
683439,0
683440,0
683441,0
683442,0
683443,0
683444,0
683445,0
683446,0
683447,0
683448,0
683449,0
683450,0
683451,0
683452,0
683453,0
683454,0
683455,0
683456,0
683457,0
683458,0
683459,0
683460,0
683461,0
683462,0
683463,0
683464,0
683465,0
683466,0
683467,0
683468,0
683469,0
683470,0
683471,0
683472,0
683473,0
683474,0
683475,0
683476,0
683477,0
683478,0
683479,0
683480,0
683481,0
683482,0
683483,0
683484,0
683485,0
683486,0
683487,0
683488,0
683489,0
683490,0
683491,0
683492,0
683493,1
683494,0
683495,0
683496,0
683497,0
683498,0
683499,0
683500,0
683501,0
683502,0
683503,0
683504,0
683505,0
683506,0
683507,0
683508,0
683509,0
683510,0
683511,0
683512,0
683513,0
683514,0
683515,0
683516,0
683517,0
683518,0
683519,0
683520,0
683521,0
683522,0
683523,0
683524,0
683525,0
683526,0
683527,0
683528,0
683529,0
683530,0
683531,0
683532,0
683533,0
683534,0
683535,0
683536,0
683537,0
683538,0
683539,0
683540,0
683541,0
683542,0
683543,0
683544,0
683545,0
683546,0
683547,0
683548,0
683549,0
683550,0
683551,0
683552,0
683553,0
683554,0
683555,0
683556,0
683557,0
683558,0
683559,0
683560,0
683561,0
683562,0
683563,0
683564,0
683565,0
683566,0
683567,0
683568,0
683569,0
683570,0
683571,0
683572,0
683573,0
683574,0
683575,0
683576,0
683577,0
683578,0
683579,0
683580,0
683581,0
683582,0
683583,0
683584,0
683585,0
683586,0
683587,0
683588,0
683589,0
683590,0
683591,0
683592,0
683593,0
683594,0
683595,0
683596,0
683597,0
683598,0
683599,0
683600,0
683601,0
683602,0
683603,0
683604,0
683605,0
683606,0
683607,0
683608,0
683609,0
683610,0
683611,0
683612,0
683613,0
683614,0
683615,0
683616,0
683617,0
683618,0
683619,0
683620,0
683621,0
683622,0
683623,0
683624,0
683625,0
683626,0
683627,0
683628,0
683629,0
683630,0
683631,0
683632,0
683633,0
683634,0
683635,0
683636,0
683637,0
683638,0
683639,0
683640,0
683641,0
683642,0
683643,0
683644,0
683645,0
683646,0
683647,0
683648,0
683649,0
683650,0
683651,0
683652,0
683653,0
683654,0
683655,0
683656,0
683657,0
683658,0
683659,0
683660,0
683661,0
683662,0
683663,0
683664,0
683665,0
683666,0
683667,0
683668,0
683669,0
683670,0
683671,0
683672,0
683673,0
683674,0
683675,0
683676,0
683677,0
683678,0
683679,0
683680,0
683681,0
683682,0
683683,0
683684,0
683685,0
683686,0
683687,0
683688,0
683689,2
683690,0
683691,0
683692,0
683693,0
683694,0
683695,0
683696,0
683697,0
683698,0
683699,0
683700,0
683701,0
683702,0
683703,0
683704,0
683705,0
683706,0
683707,0
683708,0
683709,0
683710,0
683711,0
683712,0
683713,0
683714,0
683715,0
683716,0
683717,1
683718,0
683719,0
683720,0
683721,0
683722,0
683723,0
683724,0
683725,0
683726,1
683727,0
683728,0
683729,0
683730,0
683731,0
683732,0
683733,0
683734,0
683735,0
683736,0
683737,0
683738,0
683739,0
683740,0
683741,0
683742,0
683743,0
683744,0
683745,0
683746,0
683747,0
683748,0
683749,0
683750,0
683751,0
683752,0
683753,0
683754,0
683755,0
683756,0
683757,0
683758,0
683759,0
683760,0
683761,0
683762,0
683763,0
683764,0
683765,0
683766,0
683767,0
683768,0
683769,0
683770,0
683771,0
683772,0
683773,0
683774,0
683775,0
683776,0
683777,0
683778,0
683779,0
683780,0
683781,0
683782,0
683783,0
683784,0
683785,0
683786,0
683787,0
683788,0
683789,0
683790,0
683791,0
683792,0
683793,0
683794,0
683795,0
683796,0
683797,0
683798,0
683799,0
683800,0
683801,0
683802,0
683803,0
683804,0
683805,0
683806,0
683807,0
683808,0
683809,0
683810,0
683811,0
683812,0
683813,0
683814,0
683815,0
683816,0
683817,0
683818,0
683819,0
683820,0
683821,0
683822,0
683823,0
683824,0
683825,0
683826,0
683827,0
683828,0
683829,0
683830,0
683831,0
683832,0
683833,0
683834,0
683835,0
683836,0
683837,0
683838,0
683839,0
683840,0
683841,0
683842,0
683843,0
683844,0
683845,0
683846,0
683847,0
683848,0
683849,0
683850,0
683851,0
683852,0
683853,0
683854,0
683855,0
683856,0
683857,0
683858,0
683859,0
683860,0
683861,0
683862,0
683863,0
683864,0
683865,0
683866,0
683867,0
683868,0
683869,0
683870,0
683871,0
683872,0
683873,0
683874,0
683875,0
683876,0
683877,0
683878,0
683879,0
683880,0
683881,0
683882,0
683883,0
683884,0
683885,0
683886,0
683887,0
683888,0
683889,0
683890,0
683891,0
683892,0
683893,0
683894,0
683895,0
683896,0
683897,0
683898,0
683899,0
683900,0
683901,0
683902,0
683903,0
683904,0
683905,0
683906,0
683907,1
683908,0
683909,0
683910,0
683911,0
683912,0
683913,0
683914,0
683915,0
683916,0
683917,0
683918,0
683919,0
683920,0
683921,0
683922,0
683923,0
683924,0
683925,0
683926,0
683927,0
683928,0
683929,0
683930,0
683931,0
683932,0
683933,0
683934,0
683935,0
683936,0
683937,0
683938,0
683939,0
683940,0
683941,0
683942,0
683943,0
683944,0
683945,0
683946,0
683947,0
683948,0
683949,0
683950,0
683951,0
683952,0
683953,0
683954,0
683955,0
683956,0
683957,0
683958,0
683959,0
683960,0
683961,0
683962,0
683963,0
683964,0
683965,0
683966,0
683967,0
683968,0
683969,0
683970,0
683971,0
683972,0
683973,0
683974,0
683975,0
683976,0
683977,0
683978,0
683979,0
683980,0
683981,0
683982,0
683983,0
683984,0
683985,0
683986,0
683987,0
683988,0
683989,0
683990,0
683991,0
683992,0
683993,0
683994,0
683995,0
683996,0
683997,0
683998,0
683999,0
684000,49
684001,29
684002,0
684003,0
684004,41
684005,0
684006,0
684007,0
684008,0
684009,36
684010,0
684011,0
684012,0
684013,0
684014,0
684015,0
684016,0
684017,35
684018,0
684019,0
684020,0
684021,39
684022,0
684023,0
684024,0
684025,0
684026,34
684027,29
684028,0
684029,0
684030,0
684031,0
684032,0
684033,0
684034,0
684035,0
684036,0
684037,0
684038,30
684039,0
684040,31
684041,0
684042,40
684043,0
684044,0
684045,0
684046,0
684047,0
684048,0
684049,40
684050,0
684051,0
684052,0
684053,47
684054,0
684055,0
684056,0
684057,0
684058,0
684059,0
684060,0
684061,0
684062,0
684063,0
684064,0
684065,0
684066,0
684067,0
684068,0
684069,0
684070,0
684071,0
684072,0
684073,0
684074,29
684075,0
684076,0
684077,0
684078,0
684079,33
684080,41
684081,0
684082,0
684083,0
684084,47
684085,30
684086,0
684087,41
684088,0
684089,0
684090,0
684091,0
684092,0
684093,0
684094,0
684095,0
684096,0
684097,0
684098,38
684099,0
684100,0
684101,0
684102,0
684103,0
684104,0
684105,0
684106,0
684107,0
684108,0
684109,40
684110,0
684111,0
684112,0
684113,35
684114,0
684115,47
684116,0
684117,0
684118,0
684119,0
684120,41
684121,0
684122,51
684123,0
684124,36
684125,0
684126,0
684127,25
684128,0
684129,0
684130,0
684131,0
684132,0
684133,0
684134,0
684135,0
684136,0
684137,0
684138,0
684139,0
684140,26
684141,0
684142,0
684143,38
684144,0
684145,0
684146,0
684147,0
684148,0
684149,31
684150,28
684151,47
684152,0
684153,0
684154,0
684155,0
684156,45
684157,0
684158,0
684159,0
684160,0
684161,0
684162,0
684163,0
684164,37
684165,0
684166,0
684167,0
684168,36
684169,48
684170,0
684171,22
684172,0
684173,0
684174,0
684175,0
684176,0
684177,0
684178,0
684179,0
684180,37
684181,42
684182,0
684183,0
684184,0
684185,36
684186,32
684187,0
684188,0
684189,50
684190,0
684191,0
684192,0
684193,0
684194,0
684195,0
684196,0
684197,0
684198,0
684199,0
684200,38
684201,0
684202,26
684203,0
684204,0
684205,0
684206,0
684207,0
684208,0
684209,0
684210,0
684211,45
684212,34
684213,0
684214,0
684215,0
684216,0
684217,0
684218,0
684219,0
684220,0
684221,45
684222,0
684223,0
684224,0
684225,0
684226,0
684227,0
684228,0
684229,0
684230,0
684231,0
684232,0
684233,0
684234,0
684235,0
684236,0
684237,45
684238,0
684239,0
684240,0
684241,0
684242,0
684243,0
684244,40
684245,30
684246,0
684247,31
684248,0
684249,0
684250,0
684251,0
684252,0
684253,0
684254,0
684255,0
684256,0
684257,0
684258,30
684259,38
684260,0
684261,0
684262,54
684263,0
684264,0
684265,0
684266,0
684267,0
684268,29
684269,0
684270,52
684271,0
684272,0
684273,0
684274,59
684275,0
684276,0
684277,0
684278,43
684279,49
684280,0
684281,0
684282,0
684283,0
684284,0
684285,39
684286,0
684287,0
684288,0
684289,0
684290,0
684291,0
684292,0
684293,0
684294,0
684295,0
684296,0
684297,0
684298,0
684299,43
684300,0
684301,0
684302,0
684303,34
684304,0
684305,47
684306,0
684307,0
684308,45
684309,0
684310,0
684311,0
684312,0
684313,0
684314,0
684315,0
684316,0
684317,0
684318,0
684319,0
684320,0
684321,0
684322,39
684323,41
684324,0
684325,0
684326,0
684327,20
684328,45
684329,0
684330,0
684331,0
684332,0
684333,0
684334,0
684335,0
684336,0
684337,0
684338,0
684339,0
684340,0
684341,0
684342,0
684343,0
684344,0
684345,0
684346,50
684347,0
684348,0
684349,0
684350,0
684351,0
684352,0
684353,0
684354,50
684355,0
684356,0
684357,0
684358,44
684359,0
684360,0
684361,49
684362,0
684363,43
684364,0
684365,0
684366,0
684367,0
684368,36
684369,0
684370,0
684371,0
684372,0
684373,38
684374,0
684375,0
684376,0
684377,0
684378,0
684379,0
684380,0
684381,40
684382,0
684383,0
684384,0
684385,0
684386,0
684387,32
684388,43
684389,0
684390,0
684391,0
684392,0
684393,0
684394,0
684395,42
684396,0
684397,0
684398,0
684399,0
684400,18
684401,0
684402,0
684403,0
684404,0
684405,0
684406,0
684407,0
684408,0
684409,0
684410,0
684411,0
684412,0
684413,0
684414,0
684415,41
684416,0
684417,35
684418,0
684419,0
684420,47
684421,0
684422,0
684423,0
684424,0
684425,26
684426,0
684427,0
684428,0
684429,0
684430,0
684431,41
684432,0
684433,36
684434,37
684435,0
684436,0
684437,0
684438,0
684439,0
684440,0
684441,0
684442,0
684443,0
684444,0
684445,0
684446,0
684447,0
684448,0
684449,0
684450,0
684451,33
684452,0
684453,36
684454,34
684455,0
684456,0
684457,0
684458,0
684459,0
684460,0
684461,0
684462,0
684463,36
684464,0
684465,0
684466,0
684467,0
684468,0
684469,0
684470,0
684471,0
684472,31
684473,0
684474,0
684475,0
684476,0
684477,0
684478,0
684479,0
684480,0
684481,0
684482,0
684483,32
684484,0
684485,0
684486,0
684487,0
684488,0
684489,0
684490,0
684491,50
684492,0
684493,36
684494,0
684495,0
684496,0
684497,0
684498,0
684499,0
684500,28
684501,0
684502,0
684503,0
684504,0
684505,0
684506,0
684507,0
684508,0
684509,0
684510,0
684511,0
684512,0
684513,0
684514,0
684515,0
684516,0
684517,0
684518,43
684519,0
684520,13
684521,0
684522,0
684523,0
684524,0
684525,0
684526,29
684527,0
684528,0
684529,0
684530,0
684531,38
684532,0
684533,0
684534,38
684535,37
684536,0
684537,0
684538,0
684539,0
684540,0
684541,0
684542,0
684543,0
684544,0
684545,0
684546,39
684547,0
684548,36
684549,0
684550,0
684551,39
684552,0
684553,0
684554,0
684555,52
684556,0
684557,39
684558,0
684559,0
684560,35
684561,0
684562,0
684563,0
684564,0
684565,43
684566,0
684567,0
684568,0
684569,34
684570,0
684571,0
684572,0
684573,0
684574,0
684575,0
684576,0
684577,0
684578,0
684579,0
684580,0
684581,0
684582,0
684583,0
684584,0
684585,33
684586,0
684587,39
684588,44
684589,0
684590,0
684591,0
684592,45
684593,0
684594,0
684595,0
684596,0
684597,0
684598,0
684599,36
684600,0
684601,0
684602,0
684603,0
684604,0
684605,0
684606,0
684607,0
684608,0
684609,0
684610,0
684611,39
684612,43
684613,0
684614,0
684615,0
684616,0
684617,0
684618,47
684619,0
684620,0
684621,0
684622,0
684623,0
684624,33
684625,0
684626,0
684627,0
684628,0
684629,0
684630,0
684631,0
684632,0
684633,0
684634,0
684635,0
684636,0
684637,0
684638,0
684639,0
684640,0
684641,35
684642,0
684643,0
684644,0
684645,0
684646,38
684647,34
684648,0
684649,0
684650,0
684651,0
684652,0
684653,0
684654,0
684655,30
684656,0
684657,0
684658,0
684659,0
684660,36
684661,0
684662,0
684663,0
684664,0
684665,0
684666,0
684667,0
684668,0
684669,0
684670,0
684671,0
684672,0
684673,34
684674,0
684675,0
684676,0
684677,0
684678,0
684679,0
684680,0
684681,0
684682,0
684683,0
684684,0
684685,0
684686,34
684687,0
684688,0
684689,0
684690,38
684691,0
684692,0
684693,0
684694,0
684695,0
684696,0
684697,0
684698,0
684699,0
684700,0
684701,0
684702,0
684703,34
684704,0
684705,0
684706,0
684707,0
684708,0
684709,37
684710,0
684711,0
684712,0
684713,0
684714,0
684715,0
684716,56
684717,0
684718,0
684719,0
684720,0
684721,26
684722,49
684723,20
684724,0
684725,0
684726,0
684727,0
684728,0
684729,0
684730,0
684731,51
684732,0
684733,0
684734,41
684735,0
684736,38
684737,0
684738,0
684739,0
684740,0
684741,0
684742,50
684743,0
684744,0
684745,17
684746,0
684747,0
684748,0
684749,0
684750,0
684751,0
684752,0
684753,0
684754,0
684755,0
684756,0
684757,36
684758,0
684759,31
684760,0
684761,30
684762,47
684763,0
684764,0
684765,0
684766,0
684767,0
684768,0
684769,0
684770,0
684771,0
684772,0
684773,32
684774,42
684775,0
684776,0
684777,40
684778,0
684779,0
684780,0
684781,0
684782,0
684783,0
684784,32
684785,0
684786,0
684787,0
684788,0
684789,56
684790,0
684791,0
684792,0
684793,55
684794,0
684795,0
684796,0
684797,0
684798,0
684799,0
684800,0
684801,0
684802,0
684803,0
684804,0
684805,42
684806,31
684807,0
684808,0
684809,51
684810,0
684811,0
684812,0
684813,0
684814,0
684815,27
684816,0
684817,0
684818,0
684819,0
684820,0
684821,0
684822,26
684823,0
684824,0
684825,33
684826,0
684827,0
684828,38
684829,46
684830,0
684831,0
684832,43
684833,56
684834,0
684835,0
684836,43
684837,0
684838,0
684839,0
684840,38
684841,0
684842,0
684843,0
684844,0
684845,0
684846,0
684847,0
684848,0
684849,0
684850,0
684851,32
684852,0
684853,0
684854,0
684855,0
684856,0
684857,41
684858,0
684859,41
684860,0
684861,0
684862,0
684863,39
684864,0
684865,0
684866,35
684867,0
684868,42
684869,0
684870,0
684871,38
684872,39
684873,0
684874,0
684875,36
684876,0
684877,0
684878,0
684879,0
684880,0
684881,0
684882,0
684883,0
684884,0
684885,0
684886,0
684887,0
684888,0
684889,0
684890,36
684891,0
684892,0
684893,31
684894,0
684895,37
684896,0
684897,47
684898,0
684899,0
684900,0
684901,0
684902,0
684903,0
684904,0
684905,42
684906,0
684907,0
684908,0
684909,0
684910,0
684911,0
684912,0
684913,0
684914,30
684915,24
684916,0
684917,0
684918,0
684919,0
684920,0
684921,33
684922,0
684923,45
684924,34
684925,0
684926,36
684927,0
684928,0
684929,0
684930,0
684931,27
684932,38
684933,0
684934,0
684935,40
684936,0
684937,23
684938,0
684939,58
684940,0
684941,0
684942,47
684943,44
684944,0
684945,34
684946,43
684947,29
684948,0
684949,0
684950,0
684951,39
684952,0
684953,0
684954,34
684955,21
684956,0
684957,0
684958,0
684959,0
684960,0
684961,34
684962,0
684963,0
684964,0
684965,0
684966,38
684967,38
684968,0
684969,0
684970,0
684971,0
684972,0
684973,0
684974,0
684975,0
684976,0
684977,39
684978,0
684979,0
684980,0
684981,0
684982,0
684983,0
684984,34
684985,37
684986,0
684987,30
684988,44
684989,0
684990,0
684991,0
684992,50
684993,0
684994,0
684995,41
684996,0
684997,0
684998,0
684999,0
685000,0
685001,52
685002,0
685003,0
685004,0
685005,0
685006,0
685007,0
685008,0
685009,0
685010,0
685011,0
685012,0
685013,0
685014,0
685015,0
685016,0
685017,0
685018,38
685019,0
685020,25
685021,0
685022,0
685023,26
685024,0
685025,0
685026,0
685027,34
685028,0
685029,0
685030,0
685031,0
685032,0
685033,0
685034,0
685035,43
685036,31
685037,0
685038,0
685039,0
685040,0
685041,46
685042,0
685043,39
685044,28
685045,0
685046,0
685047,0
685048,26
685049,0
685050,38
685051,0
685052,0
685053,0
685054,0
685055,26
685056,37
685057,46
685058,0
685059,0
685060,0
685061,0
685062,0
685063,27
685064,0
685065,40
685066,0
685067,0
685068,0
685069,0
685070,0
685071,0
685072,50
685073,0
685074,0
685075,0
685076,0
685077,0
685078,0
685079,37
685080,0
685081,0
685082,0
685083,0
685084,0
685085,0
685086,0
685087,0
685088,0
685089,0
685090,0
685091,0
685092,44
685093,0
685094,0
685095,0
685096,0
685097,0
685098,0
685099,30
685100,0
685101,0
685102,0
685103,0
685104,36
685105,43
685106,0
685107,0
685108,0
685109,0
685110,0
685111,0
685112,0
685113,0
685114,33
685115,0
685116,0
685117,38
685118,0
685119,27
685120,0
685121,32
685122,0
685123,0
685124,30
685125,0
685126,41
685127,0
685128,43
685129,0
685130,0
685131,0
685132,0
685133,0
685134,0
685135,0
685136,0
685137,0
685138,0
685139,0
685140,0
685141,40
685142,0
685143,0
685144,0
685145,30
685146,0
685147,0
685148,0
685149,0
685150,0
685151,0
685152,0
685153,0
685154,0
685155,0
685156,0
685157,36
685158,0
685159,0
685160,42
685161,0
685162,34
685163,37
685164,0
685165,0
685166,47
685167,43
685168,0
685169,29
685170,0
685171,0
685172,37
685173,0
685174,0
685175,0
685176,0
685177,0
685178,41
685179,0
685180,44
685181,0
685182,0
685183,0
685184,0
685185,0
685186,25
685187,25
685188,0
685189,0
685190,0
685191,0
685192,0
685193,0
685194,43
685195,0
685196,0
685197,0
685198,0
685199,40
685200,0
685201,29
685202,0
685203,0
685204,33
685205,36
685206,33
685207,0
685208,0
685209,0
685210,0
685211,0
685212,42
685213,0
685214,0
685215,0
685216,0
685217,0
685218,0
685219,29
685220,0
685221,0
685222,0
685223,0
685224,0
685225,34
685226,0
685227,0
685228,0
685229,0
685230,28
685231,22
685232,0
685233,36
685234,0
685235,0
685236,44
685237,37
685238,0
685239,44
685240,0
685241,0
685242,0
685243,0
685244,37
685245,0
685246,0
685247,0
685248,0
685249,0
685250,0
685251,34
685252,32
685253,37
685254,34
685255,0
685256,43
685257,37
685258,45
685259,44
685260,25
685261,0
685262,0
685263,39
685264,26
685265,0
685266,0
685267,0
685268,0
685269,0
685270,39
685271,43
685272,0
685273,36
685274,0
685275,0
685276,0
685277,0
685278,0
685279,46
685280,38
685281,25
685282,0
685283,0
685284,0
685285,0
685286,31
685287,38
685288,0
685289,45
685290,0
685291,0
685292,0
685293,0
685294,0
685295,0
685296,0
685297,0
685298,0
685299,0
685300,0
685301,0
685302,0
685303,0
685304,0
685305,0
685306,42
685307,33
685308,0
685309,0
685310,45
685311,0
685312,30
685313,0
685314,39
685315,0
685316,0
685317,0
685318,0
685319,0
685320,34
685321,0
685322,0
685323,42
685324,0
685325,0
685326,0
685327,38
685328,49
685329,0
685330,25
685331,29
685332,35
685333,0
685334,0
685335,0
685336,34
685337,0
685338,0
685339,0
685340,0
685341,0
685342,33
685343,0
685344,0
685345,38
685346,0
685347,0
685348,0
685349,0
685350,0
685351,35
685352,33
685353,0
685354,0
685355,0
685356,0
685357,0
685358,0
685359,0
685360,36
685361,42
685362,0
685363,0
685364,0
685365,0
685366,0
685367,0
685368,51
685369,0
685370,0
685371,0
685372,0
685373,0
685374,0
685375,0
685376,0
685377,32
685378,0
685379,0
685380,0
685381,0
685382,0
685383,0
685384,0
685385,0
685386,29
685387,0
685388,0
685389,0
685390,0
685391,0
685392,30
685393,48
685394,0
685395,0
685396,34
685397,37
685398,0
685399,0
685400,0
685401,0
685402,55
685403,52
685404,0
685405,0
685406,0
685407,47
685408,0
685409,0
685410,0
685411,0
685412,0
685413,0
685414,0
685415,0
685416,36
685417,60
685418,49
685419,20
685420,0
685421,0
685422,0
685423,0
685424,30
685425,24
685426,0
685427,0
685428,0
685429,0
685430,0
685431,40
685432,0
685433,0
685434,0
685435,0
685436,37
685437,0
685438,49
685439,0
685440,0
685441,41
685442,0
685443,0
685444,0
685445,0
685446,0
685447,0
685448,0
685449,0
685450,0
685451,34
685452,0
685453,31
685454,0
685455,0
685456,0
685457,49
685458,42
685459,0
685460,0
685461,0
685462,0
685463,24
685464,0
685465,0
685466,0
685467,0
685468,37
685469,0
685470,0
685471,43
685472,0
685473,0
685474,0
685475,0
685476,40
685477,0
685478,0
685479,0
685480,0
685481,35
685482,29
685483,0
685484,0
685485,0
685486,0
685487,0
685488,0
685489,0
685490,42
685491,0
685492,38
685493,0
685494,0
685495,0
685496,0
685497,0
685498,0
685499,0
685500,0
685501,0
685502,0
685503,0
685504,0
685505,0
685506,0
685507,0
685508,0
685509,0
685510,0
685511,0
685512,44
685513,37
685514,0
685515,0
685516,0
685517,0
685518,0
685519,56
685520,0
685521,0
685522,0
685523,28
685524,0
685525,0
685526,0
685527,28
685528,28
685529,34
685530,0
685531,34
685532,0
685533,0
685534,38
685535,0
685536,0
685537,0
685538,35
685539,0
685540,46
685541,0
685542,0
685543,32
685544,0
685545,0
685546,0
685547,0
685548,0
685549,0
685550,0
685551,0
685552,0
685553,32
685554,0
685555,0
685556,26
685557,0
685558,35
685559,26
685560,0
685561,0
685562,0
685563,0
685564,0
685565,0
685566,0
685567,0
685568,37
685569,37
685570,26
685571,0
685572,0
685573,46
685574,26
685575,0
685576,0
685577,33
685578,0
685579,0
685580,44
685581,0
685582,0
685583,37
685584,0
685585,0
685586,0
685587,40
685588,53
685589,37
685590,42
685591,42
685592,0
685593,0
685594,42
685595,0
685596,0
685597,0
685598,0
685599,45
685600,0
685601,0
685602,0
685603,0
685604,40
685605,0
685606,31
685607,0
685608,0
685609,0
685610,24
685611,32
685612,31
685613,0
685614,0
685615,30
685616,0
685617,45
685618,0
685619,0
685620,0
685621,36
685622,0
685623,0
685624,0
685625,0
685626,0
685627,0
685628,0
685629,0
685630,0
685631,0
685632,31
685633,0
685634,0
685635,34
685636,0
685637,24
685638,30
685639,45
685640,0
685641,40
685642,0
685643,0
685644,0
685645,33
685646,0
685647,0
685648,36
685649,0
685650,0
685651,0
685652,39
685653,0
685654,0
685655,0
685656,0
685657,26
685658,0
685659,0
685660,0
685661,0
685662,0
685663,37
685664,0
685665,31
685666,0
685667,35
685668,0
685669,0
685670,0
685671,0
685672,34
685673,34
685674,29
685675,0
685676,23
685677,0
685678,0
685679,44
685680,0
685681,36
685682,0
685683,0
685684,38
685685,0
685686,0
685687,0
685688,0
685689,0
685690,0
685691,0
685692,0
685693,0
685694,0
685695,0
685696,0
685697,0
685698,0
685699,32
685700,0
685701,0
685702,0
685703,0
685704,38
685705,0
685706,0
685707,30
685708,0
685709,0
685710,26
685711,33
685712,0
685713,0
685714,0
685715,0
685716,0
685717,49
685718,0
685719,0
685720,0
685721,0
685722,32
685723,0
685724,38
685725,41
685726,46
685727,0
685728,52
685729,37
685730,30
685731,45
685732,45
685733,0
685734,0
685735,38
685736,0
685737,0
685738,0
685739,36
685740,0
685741,0
685742,0
685743,0
685744,0
685745,0
685746,0
685747,31
685748,0
685749,34
685750,0
685751,0
685752,0
685753,0
685754,0
685755,0
685756,0
685757,0
685758,0
685759,0
685760,0
685761,0
685762,51
685763,38
685764,0
685765,0
685766,0
685767,0
685768,0
685769,0
685770,0
685771,0
685772,44
685773,0
685774,0
685775,0
685776,0
685777,36
685778,46
685779,25
685780,48
685781,0
685782,0
685783,0
685784,42
685785,0
685786,0
685787,27
685788,0
685789,0
685790,30
685791,0
685792,0
685793,0
685794,0
685795,0
685796,0
685797,0
685798,0
685799,28
685800,0
685801,0
685802,28
685803,35
685804,0
685805,0
685806,0
685807,0
685808,0
685809,0
685810,55
685811,0
685812,0
685813,44
685814,0
685815,0
685816,0
685817,0
685818,0
685819,0
685820,0
685821,0
685822,36
685823,0
685824,0
685825,0
685826,0
685827,35
685828,0
685829,0
685830,36
685831,0
685832,0
685833,21
685834,54
685835,0
685836,40
685837,0
685838,0
685839,31
685840,0
685841,43
685842,0
685843,0
685844,0
685845,0
685846,43
685847,44
685848,0
685849,0
685850,0
685851,0
685852,54
685853,0
685854,31
685855,0
685856,0
685857,0
685858,0
685859,20
685860,0
685861,0
685862,31
685863,0
685864,0
685865,0
685866,0
685867,0
685868,0
685869,0
685870,0
685871,0
685872,0
685873,35
685874,32
685875,46
685876,0
685877,0
685878,0
685879,51
685880,39
685881,0
685882,51
685883,0
685884,32
685885,0
685886,0
685887,0
685888,0
685889,50
685890,44
685891,35
685892,46
685893,0
685894,0
685895,0
685896,0
685897,0
685898,0
685899,38
685900,0
685901,0
685902,0
685903,28
685904,0
685905,34
685906,0
685907,44
685908,0
685909,0
685910,29
685911,0
685912,29
685913,28
685914,0
685915,0
685916,36
685917,0
685918,0
685919,33
685920,0
685921,0
685922,15
685923,0
685924,0
685925,0
685926,13
685927,0
685928,0
685929,0
685930,18
685931,10
685932,13
685933,14
685934,0
685935,0
685936,0
685937,0
685938,0
685939,9
685940,0
685941,0
685942,0
685943,0
685944,0
685945,0
685946,0
685947,0
685948,0
685949,20
685950,0
685951,26
685952,0
685953,0
685954,0
685955,0
685956,0
685957,0
685958,0
685959,0
685960,0
685961,0
685962,0
685963,0
685964,0
685965,35
685966,0
685967,12
685968,0
685969,0
685970,0
685971,31
685972,0
685973,0
685974,0
685975,0
685976,0
685977,11
685978,0
685979,0
685980,22
685981,0
685982,0
685983,0
685984,0
685985,0
685986,0
685987,0
685988,0
685989,13
685990,0
685991,18
685992,0
685993,0
685994,0
685995,16
685996,0
685997,0
685998,0
685999,0
686000,0
686001,0
686002,16
686003,0
686004,0
686005,0
686006,0
686007,0
686008,0
686009,24
686010,12
686011,0
686012,0
686013,0
686014,0
686015,0
686016,0
686017,0
686018,0
686019,0
686020,0
686021,24
686022,16
686023,0
686024,0
686025,10
686026,0
686027,28
686028,13
686029,0
686030,0
686031,0
686032,29
686033,0
686034,0
686035,0
686036,28
686037,0
686038,0
686039,0
686040,0
686041,0
686042,16
686043,22
686044,19
686045,33
686046,28
686047,0
686048,0
686049,0
686050,0
686051,9
686052,0
686053,0
686054,0
686055,0
686056,28
686057,0
686058,0
686059,0
686060,0
686061,0
686062,6
686063,0
686064,18
686065,0
686066,0
686067,18
686068,0
686069,0
686070,0
686071,0
686072,15
686073,0
686074,0
686075,0
686076,0
686077,0
686078,20
686079,0
686080,0
686081,11
686082,0
686083,0
686084,13
686085,0
686086,0
686087,0
686088,0
686089,0
686090,0
686091,0
686092,16
686093,0
686094,0
686095,0
686096,33
686097,0
686098,0
686099,0
686100,0
686101,0
686102,0
686103,0
686104,0
686105,0
686106,0
686107,0
686108,12
686109,0
686110,0
686111,0
686112,0
686113,0
686114,0
686115,0
686116,7
686117,0
686118,33
686119,0
686120,0
686121,0
686122,0
686123,0
686124,0
686125,0
686126,0
686127,0
686128,30
686129,0
686130,0
686131,0
686132,0
686133,0
686134,0
686135,0
686136,0
686137,0
686138,0
686139,0
686140,0
686141,0
686142,0
686143,0
686144,0
686145,0
686146,0
686147,0
686148,0
686149,0
686150,0
686151,0
686152,0
686153,0
686154,0
686155,0
686156,10
686157,0
686158,0
686159,16
686160,0
686161,0
686162,0
686163,0
686164,12
686165,0
686166,0
686167,0
686168,0
686169,0
686170,23
686171,0
686172,0
686173,0
686174,0
686175,0
686176,28
686177,22
686178,0
686179,0
686180,0
686181,17
686182,17
686183,9
686184,0
686185,0
686186,0
686187,0
686188,0
686189,0
686190,0
686191,0
686192,0
686193,17
686194,0
686195,0
686196,0
686197,0
686198,0
686199,0
686200,0
686201,0
686202,0
686203,0
686204,0
686205,35
686206,0
686207,0
686208,0
686209,0
686210,0
686211,14
686212,0
686213,0
686214,0
686215,0
686216,0
686217,0
686218,0
686219,0
686220,4
686221,0
686222,0
686223,19
686224,0
686225,0
686226,0
686227,0
686228,0
686229,0
686230,0
686231,22
686232,0
686233,0
686234,0
686235,0
686236,0
686237,0
686238,0
686239,0
686240,0
686241,0
686242,14
686243,0
686244,0
686245,0
686246,29
686247,0
686248,0
686249,0
686250,0
686251,0
686252,0
686253,0
686254,0
686255,15
686256,0
686257,0
686258,0
686259,0
686260,0
686261,0
686262,25
686263,0
686264,0
686265,0
686266,0
686267,0
686268,36
686269,0
686270,0
686271,0
686272,0
686273,0
686274,0
686275,14
686276,0
686277,0
686278,0
686279,0
686280,0
686281,0
686282,0
686283,0
686284,0
686285,0
686286,0
686287,25
686288,0
686289,12
686290,0
686291,0
686292,0
686293,0
686294,0
686295,0
686296,0
686297,0
686298,0
686299,0
686300,0
686301,0
686302,0
686303,27
686304,33
686305,20
686306,0
686307,25
686308,0
686309,0
686310,17
686311,0
686312,0
686313,0
686314,0
686315,0
686316,0
686317,0
686318,0
686319,0
686320,0
686321,0
686322,0
686323,0
686324,0
686325,0
686326,0
686327,0
686328,0
686329,0
686330,0
686331,0
686332,0
686333,0
686334,0
686335,0
686336,16
686337,0
686338,0
686339,0
686340,38
686341,0
686342,0
686343,0
686344,0
686345,0
686346,17
686347,0
686348,0
686349,0
686350,0
686351,21
686352,0
686353,0
686354,0
686355,0
686356,0
686357,0
686358,0
686359,0
686360,0
686361,0
686362,0
686363,0
686364,0
686365,0
686366,0
686367,16
686368,0
686369,0
686370,0
686371,0
686372,0
686373,20
686374,0
686375,0
686376,0
686377,0
686378,0
686379,0
686380,0
686381,0
686382,30
686383,16
686384,16
686385,0
686386,0
686387,0
686388,0
686389,0
686390,0
686391,0
686392,0
686393,0
686394,0
686395,0
686396,0
686397,34
686398,0
686399,0
686400,16
686401,0
686402,0
686403,18
686404,0
686405,0
686406,0
686407,0
686408,0
686409,0
686410,0
686411,0
686412,0
686413,21
686414,0
686415,0
686416,0
686417,0
686418,0
686419,0
686420,8
686421,10
686422,9
686423,14
686424,0
686425,0
686426,0
686427,0
686428,0
686429,0
686430,19
686431,0
686432,0
686433,0
686434,0
686435,0
686436,0
686437,0
686438,0
686439,0
686440,0
686441,15
686442,0
686443,0
686444,0
686445,0
686446,0
686447,0
686448,0
686449,0
686450,22
686451,0
686452,0
686453,0
686454,0
686455,0
686456,0
686457,0
686458,0
686459,0
686460,0
686461,0
686462,0
686463,0
686464,0
686465,0
686466,0
686467,0
686468,0
686469,0
686470,0
686471,0
686472,0
686473,0
686474,0
686475,0
686476,0
686477,0
686478,0
686479,0
686480,0
686481,16
686482,0
686483,0
686484,0
686485,0
686486,0
686487,0
686488,0
686489,0
686490,0
686491,0
686492,0
686493,0
686494,0
686495,23
686496,0
686497,19
686498,0
686499,0
686500,0
686501,0
686502,0
686503,0
686504,0
686505,0
686506,18
686507,0
686508,0
686509,0
686510,0
686511,0
686512,0
686513,0
686514,0
686515,0
686516,0
686517,0
686518,0
686519,0
686520,0
686521,0
686522,0
686523,0
686524,0
686525,0
686526,0
686527,0
686528,0
686529,0
686530,0
686531,0
686532,0
686533,0
686534,0
686535,0
686536,0
686537,0
686538,9
686539,0
686540,0
686541,37
686542,0
686543,0
686544,0
686545,0
686546,0
686547,0
686548,0
686549,0
686550,0
686551,0
686552,22
686553,0
686554,0
686555,0
686556,0
686557,0
686558,0
686559,0
686560,19
686561,0
686562,0
686563,0
686564,0
686565,6
686566,0
686567,0
686568,0
686569,0
686570,0
686571,0
686572,0
686573,0
686574,0
686575,0
686576,0
686577,0
686578,0
686579,15
686580,0
686581,0
686582,0
686583,0
686584,0
686585,0
686586,0
686587,0
686588,0
686589,0
686590,0
686591,0
686592,0
686593,0
686594,0
686595,0
686596,0
686597,0
686598,0
686599,0
686600,35
686601,0
686602,0
686603,0
686604,0
686605,0
686606,0
686607,0
686608,18
686609,0
686610,0
686611,0
686612,0
686613,0
686614,21
686615,0
686616,0
686617,0
686618,0
686619,0
686620,0
686621,17
686622,13
686623,0
686624,9
686625,0
686626,0
686627,0
686628,0
686629,0
686630,15
686631,0
686632,10
686633,0
686634,0
686635,14
686636,0
686637,0
686638,13
686639,0
686640,0
686641,27
686642,0
686643,0
686644,0
686645,0
686646,0
686647,0
686648,0
686649,26
686650,0
686651,0
686652,0
686653,0
686654,0
686655,0
686656,0
686657,0
686658,0
686659,24
686660,0
686661,0
686662,0
686663,16
686664,0
686665,0
686666,0
686667,0
686668,0
686669,0
686670,0
686671,0
686672,0
686673,0
686674,22
686675,19
686676,0
686677,0
686678,0
686679,0
686680,0
686681,0
686682,0
686683,14
686684,0
686685,0
686686,0
686687,0
686688,0
686689,0
686690,0
686691,0
686692,0
686693,0
686694,0
686695,0
686696,15
686697,0
686698,0
686699,22
686700,0
686701,0
686702,0
686703,0
686704,0
686705,9
686706,0
686707,0
686708,0
686709,0
686710,0
686711,11
686712,0
686713,25
686714,0
686715,0
686716,1
686717,0
686718,0
686719,0
686720,0
686721,0
686722,0
686723,0
686724,0
686725,0
686726,12
686727,0
686728,0
686729,0
686730,0
686731,28
686732,0
686733,0
686734,0
686735,0
686736,0
686737,0
686738,0
686739,0
686740,0
686741,35
686742,0
686743,10
686744,16
686745,0
686746,0
686747,0
686748,0
686749,0
686750,0
686751,0
686752,26
686753,0
686754,0
686755,22
686756,15
686757,0
686758,0
686759,0
686760,0
686761,0
686762,0
686763,12
686764,0
686765,0
686766,12
686767,22
686768,25
686769,0
686770,0
686771,0
686772,0
686773,17
686774,0
686775,0
686776,0
686777,0
686778,17
686779,0
686780,0
686781,29
686782,20
686783,0
686784,0
686785,0
686786,0
686787,0
686788,0
686789,0
686790,21
686791,0
686792,0
686793,0
686794,0
686795,12
686796,0
686797,24
686798,0
686799,0
686800,31
686801,0
686802,0
686803,12
686804,21
686805,0
686806,25
686807,0
686808,0
686809,0
686810,12
686811,0
686812,0
686813,0
686814,0
686815,0
686816,0
686817,0
686818,0
686819,0
686820,0
686821,13
686822,0
686823,0
686824,0
686825,11
686826,0
686827,29
686828,0
686829,10
686830,0
686831,0
686832,21
686833,0
686834,0
686835,0
686836,9
686837,27
686838,0
686839,0
686840,0
686841,0
686842,0
686843,0
686844,15
686845,0
686846,0
686847,0
686848,0
686849,0
686850,0
686851,0
686852,0
686853,0
686854,5
686855,0
686856,0
686857,0
686858,0
686859,13
686860,26
686861,39
686862,0
686863,0
686864,0
686865,15
686866,0
686867,0
686868,0
686869,0
686870,0
686871,11
686872,0
686873,0
686874,0
686875,0
686876,0
686877,0
686878,0
686879,0
686880,0
686881,0
686882,0
686883,0
686884,18
686885,22
686886,0
686887,0
686888,11
686889,0
686890,13
686891,0
686892,0
686893,0
686894,0
686895,0
686896,0
686897,0
686898,0
686899,20
686900,0
686901,0
686902,0
686903,0
686904,0
686905,0
686906,0
686907,0
686908,0
686909,0
686910,24
686911,0
686912,0
686913,0
686914,0
686915,0
686916,0
686917,0
686918,0
686919,0
686920,0
686921,0
686922,0
686923,0
686924,18
686925,0
686926,0
686927,0
686928,24
686929,0
686930,0
686931,0
686932,0
686933,0
686934,0
686935,22
686936,0
686937,0
686938,0
686939,0
686940,0
686941,0
686942,0
686943,0
686944,0
686945,21
686946,0
686947,0
686948,0
686949,0
686950,0
686951,0
686952,0
686953,0
686954,0
686955,0
686956,20
686957,0
686958,0
686959,0
686960,0
686961,0
686962,0
686963,0
686964,19
686965,0
686966,0
686967,0
686968,0
686969,0
686970,0
686971,0
686972,0
686973,20
686974,0
686975,0
686976,24
686977,0
686978,0
686979,0
686980,0
686981,0
686982,0
686983,0
686984,0
686985,0
686986,0
686987,0
686988,0
686989,0
686990,28
686991,0
686992,0
686993,0
686994,0
686995,44
686996,26
686997,0
686998,26
686999,0
687000,0
687001,0
687002,0
687003,0
687004,29
687005,0
687006,0
687007,0
687008,0
687009,0
687010,0
687011,0
687012,0
687013,0
687014,0
687015,0
687016,0
687017,0
687018,0
687019,25
687020,0
687021,0
687022,0
687023,0
687024,0
687025,0
687026,0
687027,0
687028,0
687029,0
687030,22
687031,0
687032,0
687033,0
687034,0
687035,0
687036,0
687037,0
687038,0
687039,28
687040,29
687041,0
687042,29
687043,0
687044,0
687045,0
687046,33
687047,0
687048,0
687049,0
687050,0
687051,0
687052,0
687053,0
687054,0
687055,0
687056,0
687057,0
687058,36
687059,0
687060,0
687061,0
687062,0
687063,0
687064,0
687065,0
687066,35
687067,0
687068,14
687069,0
687070,0
687071,33
687072,0
687073,24
687074,0
687075,0
687076,0
687077,29
687078,19
687079,0
687080,25
687081,0
687082,0
687083,0
687084,0
687085,17
687086,0
687087,0
687088,0
687089,0
687090,0
687091,0
687092,24
687093,0
687094,0
687095,29
687096,0
687097,0
687098,0
687099,0
687100,0
687101,0
687102,0
687103,0
687104,0
687105,0
687106,26
687107,0
687108,0
687109,0
687110,0
687111,0
687112,0
687113,0
687114,0
687115,0
687116,0
687117,0
687118,0
687119,0
687120,0
687121,0
687122,0
687123,0
687124,0
687125,0
687126,0
687127,0
687128,0
687129,0
687130,0
687131,0
687132,0
687133,0
687134,0
687135,0
687136,0
687137,0
687138,0
687139,0
687140,0
687141,0
687142,0
687143,0
687144,0
687145,0
687146,0
687147,0
687148,27
687149,0
687150,0
687151,0
687152,30
687153,0
687154,0
687155,0
687156,0
687157,0
687158,0
687159,0
687160,36
687161,0
687162,0
687163,0
687164,0
687165,0
687166,0
687167,0
687168,0
687169,0
687170,0
687171,0
687172,0
687173,22
687174,0
687175,0
687176,0
687177,0
687178,0
687179,0
687180,0
687181,0
687182,26
687183,0
687184,0
687185,0
687186,0
687187,0
687188,0
687189,0
687190,0
687191,0
687192,0
687193,0
687194,0
687195,0
687196,0
687197,0
687198,0
687199,0
687200,0
687201,0
687202,0
687203,0
687204,13
687205,0
687206,0
687207,0
687208,0
687209,0
687210,0
687211,0
687212,0
687213,0
687214,0
687215,0
687216,0
687217,26
687218,0
687219,0
687220,0
687221,0
687222,0
687223,0
687224,0
687225,0
687226,0
687227,0
687228,0
687229,0
687230,25
687231,0
687232,23
687233,27
687234,0
687235,0
687236,0
687237,30
687238,0
687239,0
687240,0
687241,33
687242,0
687243,0
687244,13
687245,0
687246,0
687247,37
687248,0
687249,0
687250,0
687251,0
687252,0
687253,0
687254,0
687255,0
687256,24
687257,0
687258,0
687259,0
687260,0
687261,0
687262,0
687263,0
687264,0
687265,0
687266,0
687267,0
687268,0
687269,0
687270,0
687271,0
687272,0
687273,0
687274,0
687275,0
687276,0
687277,0
687278,42
687279,0
687280,33
687281,0
687282,0
687283,0
687284,0
687285,0
687286,0
687287,0
687288,0
687289,0
687290,0
687291,0
687292,0
687293,0
687294,23
687295,0
687296,0
687297,0
687298,0
687299,0
687300,0
687301,0
687302,31
687303,0
687304,0
687305,26
687306,0
687307,0
687308,0
687309,0
687310,0
687311,0
687312,0
687313,0
687314,24
687315,0
687316,23
687317,0
687318,0
687319,0
687320,0
687321,28
687322,0
687323,18
687324,0
687325,0
687326,0
687327,0
687328,29
687329,0
687330,0
687331,0
687332,0
687333,0
687334,0
687335,0
687336,0
687337,27
687338,0
687339,0
687340,0
687341,0
687342,0
687343,0
687344,31
687345,0
687346,33
687347,0
687348,0
687349,29
687350,0
687351,0
687352,0
687353,0
687354,0
687355,0
687356,0
687357,30
687358,0
687359,0
687360,0
687361,0
687362,30
687363,0
687364,0
687365,0
687366,0
687367,33
687368,0
687369,24
687370,38
687371,24
687372,0
687373,0
687374,0
687375,0
687376,0
687377,0
687378,0
687379,0
687380,0
687381,0
687382,0
687383,0
687384,0
687385,30
687386,0
687387,0
687388,0
687389,31
687390,32
687391,0
687392,0
687393,0
687394,0
687395,0
687396,0
687397,0
687398,0
687399,0
687400,0
687401,0
687402,0
687403,0
687404,0
687405,0
687406,0
687407,0
687408,0
687409,0
687410,0
687411,38
687412,0
687413,0
687414,0
687415,20
687416,0
687417,0
687418,0
687419,0
687420,0
687421,0
687422,0
687423,0
687424,0
687425,36
687426,16
687427,0
687428,0
687429,0
687430,0
687431,0
687432,0
687433,0
687434,0
687435,0
687436,0
687437,0
687438,0
687439,0
687440,0
687441,0
687442,0
687443,0
687444,0
687445,0
687446,0
687447,0
687448,22
687449,0
687450,0
687451,0
687452,19
687453,0
687454,0
687455,0
687456,0
687457,23
687458,20
687459,0
687460,0
687461,0
687462,0
687463,0
687464,0
687465,34
687466,0
687467,0
687468,0
687469,0
687470,0
687471,0
687472,0
687473,0
687474,33
687475,0
687476,34
687477,0
687478,0
687479,35
687480,37
687481,0
687482,0
687483,31
687484,0
687485,0
687486,0
687487,0
687488,0
687489,0
687490,0
687491,0
687492,0
687493,0
687494,0
687495,0
687496,0
687497,0
687498,43
687499,0
687500,0
687501,0
687502,0
687503,0
687504,0
687505,0
687506,0
687507,40
687508,0
687509,0
687510,15
687511,0
687512,36
687513,0
687514,0
687515,0
687516,33
687517,0
687518,0
687519,0
687520,0
687521,0
687522,0
687523,0
687524,0
687525,0
687526,0
687527,0
687528,0
687529,0
687530,0
687531,0
687532,27
687533,0
687534,0
687535,0
687536,0
687537,0
687538,0
687539,20
687540,0
687541,0
687542,0
687543,0
687544,0
687545,0
687546,24
687547,0
687548,0
687549,30
687550,0
687551,0
687552,0
687553,0
687554,0
687555,0
687556,0
687557,0
687558,0
687559,0
687560,0
687561,0
687562,0
687563,0
687564,0
687565,0
687566,0
687567,0
687568,0
687569,0
687570,0
687571,0
687572,0
687573,0
687574,0
687575,0
687576,0
687577,0
687578,0
687579,0
687580,27
687581,0
687582,0
687583,0
687584,0
687585,0
687586,0
687587,0
687588,0
687589,0
687590,0
687591,0
687592,0
687593,0
687594,0
687595,0
687596,0
687597,0
687598,0
687599,0
687600,0
687601,0
687602,0
687603,0
687604,0
687605,39
687606,0
687607,0
687608,0
687609,0
687610,0
687611,0
687612,0
687613,0
687614,0
687615,0
687616,0
687617,0
687618,0
687619,26
687620,0
687621,0
687622,0
687623,0
687624,0
687625,0
687626,0
687627,53
687628,0
687629,0
687630,0
687631,0
687632,0
687633,0
687634,0
687635,0
687636,0
687637,0
687638,33
687639,0
687640,0
687641,0
687642,0
687643,0
687644,0
687645,0
687646,0
687647,0
687648,0
687649,0
687650,0
687651,0
687652,0
687653,0
687654,25
687655,0
687656,0
687657,0
687658,0
687659,0
687660,0
687661,0
687662,0
687663,25
687664,0
687665,0
687666,0
687667,0
687668,0
687669,40
687670,0
687671,0
687672,27
687673,0
687674,0
687675,0
687676,0
687677,0
687678,0
687679,0
687680,0
687681,0
687682,0
687683,0
687684,0
687685,0
687686,0
687687,0
687688,0
687689,0
687690,0
687691,0
687692,0
687693,0
687694,0
687695,0
687696,0
687697,0
687698,0
687699,0
687700,0
687701,0
687702,0
687703,0
687704,0
687705,0
687706,0
687707,0
687708,0
687709,0
687710,0
687711,16
687712,0
687713,0
687714,0
687715,0
687716,0
687717,0
687718,0
687719,0
687720,0
687721,0
687722,0
687723,0
687724,0
687725,18
687726,0
687727,0
687728,0
687729,0
687730,0
687731,22
687732,0
687733,35
687734,0
687735,0
687736,31
687737,0
687738,0
687739,0
687740,0
687741,0
687742,0
687743,0
687744,0
687745,0
687746,0
687747,0
687748,0
687749,0
687750,0
687751,0
687752,32
687753,0
687754,0
687755,0
687756,0
687757,0
687758,0
687759,0
687760,24
687761,0
687762,0
687763,0
687764,0
687765,31
687766,0
687767,0
687768,34
687769,22
687770,0
687771,0
687772,0
687773,0
687774,0
687775,0
687776,0
687777,0
687778,27
687779,30
687780,0
687781,0
687782,0
687783,0
687784,0
687785,0
687786,0
687787,0
687788,0
687789,0
687790,0
687791,7
687792,0
687793,0
687794,11
687795,0
687796,8
687797,7
687798,6
687799,0
687800,0
687801,0
687802,0
687803,0
687804,0
687805,0
687806,0
687807,0
687808,7
687809,0
687810,0
687811,0
687812,0
687813,7
687814,4
687815,0
687816,0
687817,7
687818,0
687819,0
687820,0
687821,0
687822,0
687823,0
687824,0
687825,0
687826,0
687827,0
687828,0
687829,7
687830,0
687831,0
687832,7
687833,0
687834,0
687835,0
687836,11
687837,0
687838,9
687839,4
687840,6
687841,17
687842,0
687843,0
687844,10
687845,0
687846,0
687847,0
687848,0
687849,3
687850,0
687851,0
687852,0
687853,0
687854,0
687855,0
687856,0
687857,0
687858,0
687859,0
687860,0
687861,0
687862,0
687863,0
687864,0
687865,0
687866,7
687867,0
687868,0
687869,7
687870,0
687871,0
687872,3
687873,11
687874,0
687875,0
687876,0
687877,0
687878,0
687879,10
687880,10
687881,0
687882,8
687883,0
687884,0
687885,12
687886,0
687887,0
687888,8
687889,0
687890,5
687891,0
687892,0
687893,0
687894,8
687895,0
687896,0
687897,8
687898,0
687899,16
687900,0
687901,10
687902,0
687903,0
687904,0
687905,0
687906,9
687907,15
687908,8
687909,0
687910,0
687911,0
687912,0
687913,0
687914,0
687915,0
687916,0
687917,0
687918,0
687919,0
687920,0
687921,10
687922,0
687923,0
687924,0
687925,9
687926,0
687927,0
687928,0
687929,0
687930,0
687931,0
687932,2
687933,0
687934,4
687935,13
687936,0
687937,13
687938,0
687939,0
687940,0
687941,1
687942,0
687943,0
687944,0
687945,0
687946,0
687947,10
687948,2
687949,10
687950,7
687951,6
687952,0
687953,0
687954,0
687955,0
687956,0
687957,6
687958,0
687959,0
687960,0
687961,8
687962,0
687963,0
687964,0
687965,15
687966,9
687967,0
687968,0
687969,0
687970,13
687971,0
687972,12
687973,0
687974,5
687975,0
687976,0
687977,0
687978,0
687979,15
687980,13
687981,0
687982,9
687983,4
687984,11
687985,0
687986,0
687987,11
687988,0
687989,0
687990,0
687991,0
687992,0
687993,10
687994,0
687995,0
687996,7
687997,11
687998,0
687999,0
688000,4
688001,0
688002,0
688003,0
688004,9
688005,5
688006,0
688007,17
688008,0
688009,0
688010,0
688011,0
688012,0
688013,0
688014,0
688015,0
688016,5
688017,0
688018,6
688019,0
688020,0
688021,0
688022,0
688023,0
688024,0
688025,0
688026,7
688027,0
688028,0
688029,0
688030,0
688031,0
688032,0
688033,7
688034,7
688035,0
688036,0
688037,11
688038,0
688039,0
688040,0
688041,0
688042,0
688043,0
688044,0
688045,0
688046,0
688047,0
688048,0
688049,0
688050,0
688051,0
688052,0
688053,0
688054,0
688055,0
688056,0
688057,0
688058,0
688059,0
688060,9
688061,0
688062,0
688063,4
688064,0
688065,0
688066,0
688067,0
688068,0
688069,6
688070,0
688071,0
688072,0
688073,0
688074,10
688075,0
688076,4
688077,0
688078,0
688079,0
688080,0
688081,0
688082,0
688083,0
688084,6
688085,0
688086,0
688087,0
688088,0
688089,0
688090,0
688091,0
688092,0
688093,0
688094,11
688095,0
688096,11
688097,0
688098,0
688099,0
688100,0
688101,0
688102,0
688103,4
688104,0
688105,0
688106,0
688107,0
688108,0
688109,0
688110,0
688111,0
688112,0
688113,0
688114,0
688115,13
688116,7
688117,0
688118,0
688119,0
688120,0
688121,0
688122,0
688123,0
688124,9
688125,0
688126,0
688127,0
688128,0
688129,8
688130,0
688131,0
688132,4
688133,11
688134,0
688135,5
688136,6
688137,0
688138,0
688139,11
688140,0
688141,0
688142,0
688143,0
688144,0
688145,0
688146,0
688147,17
688148,0
688149,2
688150,0
688151,11
688152,0
688153,0
688154,0
688155,0
688156,9
688157,0
688158,0
688159,7
688160,0
688161,0
688162,0
688163,0
688164,0
688165,0
688166,0
688167,7
688168,0
688169,0
688170,0
688171,0
688172,0
688173,0
688174,0
688175,0
688176,0
688177,0
688178,0
688179,0
688180,0
688181,12
688182,0
688183,0
688184,0
688185,0
688186,0
688187,0
688188,0
688189,5
688190,0
688191,0
688192,0
688193,0
688194,0
688195,0
688196,0
688197,0
688198,0
688199,0
688200,0
688201,0
688202,6
688203,9
688204,0
688205,4
688206,0
688207,5
688208,7
688209,0
688210,9
688211,0
688212,0
688213,0
688214,0
688215,4
688216,5
688217,0
688218,0
688219,0
688220,0
688221,0
688222,6
688223,0
688224,0
688225,0
688226,10
688227,8
688228,0
688229,0
688230,15
688231,7
688232,4
688233,0
688234,0
688235,0
688236,0
688237,9
688238,0
688239,4
688240,0
688241,0
688242,0
688243,0
688244,5
688245,0
688246,0
688247,7
688248,0
688249,8
688250,5
688251,0
688252,11
688253,8
688254,0
688255,0
688256,13
688257,7
688258,5
688259,0
688260,0
688261,0
688262,9
688263,0
688264,0
688265,0
688266,0
688267,0
688268,0
688269,15
688270,0
688271,0
688272,0
688273,9
688274,0
688275,8
688276,7
688277,0
688278,0
688279,8
688280,0
688281,0
688282,4
688283,0
688284,0
688285,17
688286,0
688287,0
688288,9
688289,0
688290,16
688291,0
688292,0
688293,0
688294,0
688295,0
688296,0
688297,0
688298,0
688299,0
688300,4
688301,0
688302,0
688303,0
688304,0
688305,0
688306,0
688307,0
688308,0
688309,0
688310,12
688311,0
688312,0
688313,0
688314,0
688315,0
688316,0
688317,8
688318,0
688319,0
688320,7
688321,11
688322,0
688323,0
688324,8
688325,5
688326,7
688327,7
688328,0
688329,4
688330,0
688331,0
688332,8
688333,0
688334,0
688335,0
688336,0
688337,9
688338,0
688339,0
688340,0
688341,0
688342,0
688343,0
688344,14
688345,13
688346,0
688347,0
688348,0
688349,0
688350,0
688351,0
688352,0
688353,0
688354,0
688355,13
688356,0
688357,0
688358,0
688359,0
688360,0
688361,0
688362,0
688363,0
688364,0
688365,12
688366,0
688367,0
688368,0
688369,11
688370,0
688371,0
688372,0
688373,0
688374,0
688375,0
688376,0
688377,0
688378,0
688379,0
688380,0
688381,0
688382,0
688383,4
688384,11
688385,0
688386,0
688387,0
688388,0
688389,7
688390,0
688391,0
688392,0
688393,0
688394,6
688395,7
688396,13
688397,0
688398,0
688399,12
688400,9
688401,0
688402,0
688403,0
688404,0
688405,4
688406,12
688407,0
688408,0
688409,9
688410,0
688411,7
688412,0
688413,0
688414,0
688415,0
688416,0
688417,0
688418,0
688419,0
688420,0
688421,0
688422,0
688423,17
688424,0
688425,0
688426,0
688427,10
688428,0
688429,0
688430,0
688431,0
688432,0
688433,0
688434,13
688435,0
688436,8
688437,6
688438,0
688439,5
688440,0
688441,9
688442,3
688443,0
688444,0
688445,8
688446,0
688447,0
688448,0
688449,0
688450,0
688451,12
688452,0
688453,0
688454,0
688455,6
688456,10
688457,0
688458,0
688459,0
688460,0
688461,0
688462,0
688463,9
688464,9
688465,0
688466,0
688467,0
688468,8
688469,9
688470,0
688471,0
688472,8
688473,0
688474,0
688475,0
688476,0
688477,0
688478,0
688479,0
688480,0
688481,0
688482,0
688483,2
688484,0
688485,0
688486,0
688487,0
688488,11
688489,0
688490,0
688491,0
688492,13
688493,5
688494,0
688495,0
688496,8
688497,0
688498,10
688499,12
688500,0
688501,0
688502,0
688503,0
688504,4
688505,8
688506,7
688507,0
688508,0
688509,0
688510,0
688511,13
688512,0
688513,0
688514,0
688515,0
688516,5
688517,0
688518,0
688519,0
688520,0
688521,0
688522,0
688523,0
688524,0
688525,9
688526,0
688527,0
688528,0
688529,0
688530,9
688531,0
688532,0
688533,0
688534,11
688535,0
688536,0
688537,0
688538,0
688539,0
688540,0
688541,0
688542,13
688543,0
688544,0
688545,0
688546,0
688547,11
688548,0
688549,12
688550,0
688551,0
688552,0
688553,0
688554,0
688555,0
688556,0
688557,0
688558,0
688559,8
688560,0
688561,0
688562,14
688563,0
688564,0
688565,0
688566,6
688567,5
688568,0
688569,0
688570,0
688571,0
688572,0
688573,6
688574,0
688575,0
688576,0
688577,0
688578,0
688579,0
688580,0
688581,0
688582,6
688583,0
688584,0
688585,0
688586,0
688587,0
688588,0
688589,0
688590,4
688591,0
688592,13
688593,0
688594,0
688595,17
688596,0
688597,0
688598,0
688599,0
688600,0
688601,4
688602,0
688603,13
688604,0
688605,0
688606,0
688607,12
688608,0
688609,2
688610,0
688611,0
688612,0
688613,10
688614,9
688615,9
688616,0
688617,0
688618,10
688619,14
688620,0
688621,14
688622,0
688623,0
688624,0
688625,7
688626,5
688627,0
688628,3
688629,0
688630,0
688631,0
688632,7
688633,8
688634,0
688635,0
688636,11
688637,0
688638,0
688639,0
688640,0
688641,0
688642,0
688643,0
688644,0
688645,0
688646,0
688647,0
688648,0
688649,0
688650,5
688651,0
688652,0
688653,0
688654,3
688655,0
688656,0
688657,0
688658,0
688659,11
688660,8
688661,0
688662,0
688663,0
688664,0
688665,0
688666,0
688667,7
688668,0
688669,0
688670,4
688671,0
688672,8
688673,0
688674,5
688675,0
688676,0
688677,5
688678,6
688679,0
688680,0
688681,0
688682,3
688683,0
688684,0
688685,6
688686,0
688687,0
688688,0
688689,0
688690,0
688691,0
688692,5
688693,0
688694,0
688695,6
688696,0
688697,20
688698,0
688699,6
688700,6
688701,0
688702,8
688703,0
688704,0
688705,11
688706,0
688707,0
688708,11
688709,0
688710,0
688711,0
688712,5
688713,5
688714,0
688715,9
688716,0
688717,0
688718,5
688719,0
688720,0
688721,0
688722,6
688723,0
688724,8
688725,0
688726,19
688727,0
688728,0
688729,9
688730,8
688731,0
688732,0
688733,0
688734,0
688735,12
688736,0
688737,0
688738,0
688739,9
688740,0
688741,0
688742,3
688743,0
688744,0
688745,0
688746,0
688747,0
688748,0
688749,0
688750,0
688751,0
688752,0
688753,0
688754,0
688755,0
688756,0
688757,0
688758,0
688759,0
688760,0
688761,0
688762,0
688763,8
688764,0
688765,0
688766,0
688767,0
688768,0
688769,0
688770,0
688771,0
688772,0
688773,0
688774,0
688775,0
688776,0
688777,0
688778,0
688779,0
688780,0
688781,0
688782,0
688783,0
688784,0
688785,0
688786,0
688787,0
688788,0
688789,0
688790,0
688791,0
688792,0
688793,1
688794,0
688795,0
688796,0
688797,0
688798,0
688799,0
688800,0
688801,0
688802,0
688803,0
688804,0
688805,0
688806,0
688807,0
688808,0
688809,0
688810,0
688811,0
688812,1
688813,0
688814,0
688815,0
688816,0
688817,0
688818,0
688819,0
688820,0
688821,0
688822,0
688823,0
688824,0
688825,0
688826,0
688827,0
688828,0
688829,0
688830,15
688831,0
688832,0
688833,0
688834,0
688835,0
688836,0
688837,0
688838,0
688839,0
688840,20
688841,0
688842,0
688843,0
688844,0
688845,12
688846,0
688847,0
688848,0
688849,0
688850,0
688851,0
688852,0
688853,0
688854,0
688855,0
688856,0
688857,0
688858,0
688859,0
688860,0
688861,0
688862,0
688863,0
688864,0
688865,0
688866,0
688867,0
688868,0
688869,21
688870,0
688871,0
688872,0
688873,0
688874,0
688875,0
688876,0
688877,0
688878,5
688879,0
688880,0
688881,0
688882,0
688883,0
688884,0
688885,0
688886,29
688887,0
688888,0
688889,22
688890,0
688891,0
688892,0
688893,0
688894,12
688895,0
688896,0
688897,0
688898,0
688899,0
688900,0
688901,0
688902,0
688903,0
688904,0
688905,0
688906,0
688907,0
688908,0
688909,0
688910,0
688911,0
688912,0
688913,22
688914,16
688915,0
688916,0
688917,23
688918,0
688919,0
688920,0
688921,0
688922,0
688923,17
688924,0
688925,0
688926,0
688927,0
688928,0
688929,0
688930,0
688931,0
688932,14
688933,0
688934,0
688935,0
688936,0
688937,0
688938,0
688939,0
688940,0
688941,0
688942,0
688943,0
688944,20
688945,32
688946,0
688947,0
688948,0
688949,0
688950,0
688951,0
688952,0
688953,0
688954,21
688955,0
688956,37
688957,20
688958,0
688959,0
688960,0
688961,23
688962,0
688963,0
688964,0
688965,0
688966,0
688967,0
688968,0
688969,0
688970,0
688971,0
688972,0
688973,0
688974,0
688975,0
688976,0
688977,0
688978,0
688979,0
688980,0
688981,0
688982,0
688983,0
688984,0
688985,0
688986,0
688987,0
688988,14
688989,0
688990,0
688991,0
688992,0
688993,14
688994,17
688995,0
688996,0
688997,0
688998,0
688999,0
689000,0
689001,0
689002,0
689003,0
689004,15
689005,0
689006,0
689007,0
689008,0
689009,0
689010,0
689011,0
689012,0
689013,0
689014,0
689015,0
689016,0
689017,0
689018,0
689019,0
689020,14
689021,0
689022,0
689023,0
689024,0
689025,0
689026,0
689027,0
689028,0
689029,0
689030,0
689031,21
689032,0
689033,0
689034,0
689035,0
689036,0
689037,0
689038,0
689039,0
689040,0
689041,0
689042,0
689043,0
689044,0
689045,0
689046,0
689047,0
689048,11
689049,0
689050,25
689051,19
689052,0
689053,0
689054,13
689055,0
689056,20
689057,0
689058,0
689059,0
689060,13
689061,25
689062,24
689063,0
689064,0
689065,0
689066,0
689067,0
689068,13
689069,0
689070,0
689071,0
689072,0
689073,0
689074,0
689075,0
689076,30
689077,0
689078,0
689079,0
689080,0
689081,0
689082,0
689083,0
689084,0
689085,22
689086,0
689087,28
689088,0
689089,0
689090,0
689091,0
689092,0
689093,0
689094,0
689095,0
689096,0
689097,0
689098,0
689099,0
689100,0
689101,0
689102,23
689103,0
689104,0
689105,0
689106,0
689107,0
689108,0
689109,0
689110,0
689111,0
689112,0
689113,0
689114,0
689115,0
689116,0
689117,9
689118,0
689119,0
689120,0
689121,4
689122,0
689123,0
689124,0
689125,0
689126,24
689127,0
689128,0
689129,0
689130,0
689131,0
689132,0
689133,0
689134,0
689135,19
689136,0
689137,0
689138,0
689139,0
689140,0
689141,0
689142,0
689143,0
689144,0
689145,0
689146,0
689147,0
689148,0
689149,0
689150,0
689151,0
689152,0
689153,0
689154,0
689155,0
689156,0
689157,0
689158,0
689159,0
689160,0
689161,0
689162,11
689163,0
689164,0
689165,0
689166,0
689167,0
689168,0
689169,0
689170,0
689171,0
689172,0
689173,0
689174,0
689175,0
689176,0
689177,0
689178,0
689179,0
689180,0
689181,0
689182,0
689183,0
689184,0
689185,0
689186,0
689187,0
689188,0
689189,0
689190,0
689191,0
689192,25
689193,0
689194,0
689195,0
689196,0
689197,0
689198,0
689199,0
689200,0
689201,0
689202,0
689203,0
689204,0
689205,0
689206,0
689207,0
689208,0
689209,0
689210,0
689211,0
689212,0
689213,0
689214,0
689215,0
689216,0
689217,0
689218,0
689219,0
689220,0
689221,0
689222,0
689223,0
689224,0
689225,0
689226,0
689227,0
689228,0
689229,0
689230,0
689231,0
689232,0
689233,0
689234,0
689235,0
689236,0
689237,0
689238,0
689239,0
689240,0
689241,0
689242,22
689243,0
689244,0
689245,0
689246,0
689247,18
689248,45
689249,0
689250,0
689251,0
689252,0
689253,0
689254,0
689255,0
689256,0
689257,0
689258,13
689259,0
689260,0
689261,0
689262,0
689263,0
689264,0
689265,0
689266,0
689267,0
689268,0
689269,0
689270,0
689271,0
689272,0
689273,0
689274,0
689275,0
689276,0
689277,0
689278,0
689279,0
689280,0
689281,0
689282,0
689283,0
689284,0
689285,0
689286,0
689287,0
689288,0
689289,0
689290,0
689291,0
689292,13
689293,0
689294,0
689295,0
689296,0
689297,0
689298,0
689299,0
689300,0
689301,0
689302,0
689303,0
689304,7
689305,8
689306,0
689307,11
689308,0
689309,0
689310,0
689311,0
689312,0
689313,0
689314,0
689315,0
689316,0
689317,0
689318,0
689319,0
689320,0
689321,0
689322,0
689323,0
689324,0
689325,0
689326,0
689327,0
689328,0
689329,0
689330,0
689331,0
689332,0
689333,0
689334,0
689335,0
689336,0
689337,0
689338,0
689339,0
689340,0
689341,0
689342,0
689343,0
689344,0
689345,0
689346,0
689347,0
689348,0
689349,0
689350,0
689351,57
689352,0
689353,0
689354,0
689355,0
689356,0
689357,0
689358,0
689359,0
689360,31
689361,0
689362,0
689363,0
689364,0
689365,0
689366,0
689367,0
689368,0
689369,0
689370,0
689371,0
689372,0
689373,0
689374,0
689375,0
689376,0
689377,0
689378,0
689379,0
689380,0
689381,0
689382,0
689383,0
689384,0
689385,0
689386,0
689387,0
689388,0
689389,0
689390,0
689391,0
689392,0
689393,0
689394,0
689395,0
689396,0
689397,0
689398,0
689399,0
689400,0
689401,0
689402,0
689403,0
689404,0
689405,0
689406,0
689407,0
689408,0
689409,0
689410,0
689411,0
689412,0
689413,0
689414,0
689415,0
689416,0
689417,0
689418,0
689419,0
689420,0
689421,45
689422,0
689423,0
689424,0
689425,0
689426,0
689427,0
689428,0
689429,0
689430,32
689431,29
689432,0
689433,0
689434,0
689435,0
689436,0
689437,0
689438,0
689439,0
689440,43
689441,0
689442,0
689443,0
689444,0
689445,0
689446,0
689447,0
689448,0
689449,0
689450,0
689451,0
689452,0
689453,0
689454,0
689455,0
689456,0
689457,0
689458,0
689459,0
689460,0
689461,0
689462,0
689463,0
689464,39
689465,0
689466,0
689467,0
689468,0
689469,0
689470,0
689471,0
689472,0
689473,0
689474,0
689475,0
689476,0
689477,0
689478,0
689479,0
689480,0
689481,0
689482,20
689483,0
689484,0
689485,0
689486,0
689487,33
689488,0
689489,0
689490,0
689491,0
689492,0
689493,0
689494,0
689495,0
689496,0
689497,0
689498,41
689499,0
689500,0
689501,0
689502,0
689503,0
689504,0
689505,0
689506,0
689507,0
689508,0
689509,0
689510,0
689511,0
689512,0
689513,0
689514,0
689515,0
689516,0
689517,0
689518,0
689519,0
689520,0
689521,0
689522,0
689523,0
689524,35
689525,0
689526,0
689527,0
689528,0
689529,0
689530,0
689531,0
689532,0
689533,0
689534,0
689535,0
689536,0
689537,0
689538,0
689539,0
689540,0
689541,37
689542,0
689543,0
689544,0
689545,0
689546,0
689547,28
689548,0
689549,0
689550,0
689551,0
689552,0
689553,0
689554,0
689555,0
689556,0
689557,0
689558,0
689559,0
689560,0
689561,0
689562,0
689563,0
689564,0
689565,35
689566,27
689567,55
689568,0
689569,0
689570,0
689571,0
689572,0
689573,0
689574,0
689575,0
689576,0
689577,0
689578,40
689579,0
689580,0
689581,0
689582,0
689583,44
689584,0
689585,0
689586,0
689587,0
689588,0
689589,0
689590,0
689591,0
689592,0
689593,0
689594,0
689595,0
689596,0
689597,0
689598,0
689599,0
689600,0
689601,0
689602,0
689603,0
689604,0
689605,0
689606,38
689607,0
689608,0
689609,0
689610,0
689611,0
689612,0
689613,0
689614,0
689615,19
689616,0
689617,30
689618,0
689619,0
689620,0
689621,0
689622,0
689623,0
689624,0
689625,0
689626,17
689627,0
689628,0
689629,0
689630,0
689631,0
689632,0
689633,0
689634,0
689635,0
689636,0
689637,0
689638,0
689639,0
689640,0
689641,0
689642,0
689643,31
689644,30
689645,0
689646,0
689647,0
689648,0
689649,0
689650,0
689651,0
689652,0
689653,0
689654,0
689655,0
689656,0
689657,24
689658,0
689659,0
689660,0
689661,0
689662,30
689663,0
689664,29
689665,0
689666,0
689667,0
689668,0
689669,0
689670,0
689671,0
689672,0
689673,0
689674,0
689675,0
689676,0
689677,0
689678,27
689679,0
689680,0
689681,0
689682,0
689683,0
689684,0
689685,0
689686,0
689687,0
689688,0
689689,0
689690,0
689691,0
689692,31
689693,0
689694,32
689695,0
689696,0
689697,0
689698,0
689699,0
689700,0
689701,0
689702,0
689703,0
689704,0
689705,0
689706,0
689707,0
689708,0
689709,0
689710,0
689711,0
689712,0
689713,0
689714,0
689715,0
689716,0
689717,0
689718,34
689719,0
689720,0
689721,0
689722,0
689723,0
689724,0
689725,0
689726,0
689727,35
689728,0
689729,0
689730,0
689731,0
689732,0
689733,0
689734,0
689735,0
689736,29
689737,0
689738,0
689739,39
689740,0
689741,0
689742,0
689743,0
689744,0
689745,0
689746,0
689747,0
689748,0
689749,0
689750,0
689751,0
689752,0
689753,0
689754,0
689755,0
689756,0
689757,0
689758,38
689759,0
689760,0
689761,0
689762,0
689763,0
689764,0
689765,0
689766,0
689767,0
689768,0
689769,0
689770,0
689771,0
689772,0
689773,0
689774,0
689775,0
689776,0
689777,0
689778,0
689779,0
689780,0
689781,52
689782,0
689783,0
689784,0
689785,0
689786,0
689787,0
689788,0
689789,0
689790,0
689791,0
689792,0
689793,0
689794,0
689795,0
689796,0
689797,0
689798,0
689799,0
689800,0
689801,0
689802,0
689803,0
689804,0
689805,0
689806,0
689807,0
689808,29
689809,26
689810,0
689811,0
689812,0
689813,0
689814,0
689815,0
689816,0
689817,0
689818,0
689819,0
689820,0
689821,38
689822,0
689823,22
689824,57
689825,0
689826,0
689827,0
689828,0
689829,0
689830,0
689831,0
689832,0
689833,0
689834,17
689835,0
689836,0
689837,0
689838,0
689839,0
689840,0
689841,0
689842,0
689843,29
689844,0
689845,0
689846,0
689847,63
689848,0
689849,0
689850,0
689851,0
689852,0
689853,42
689854,0
689855,0
689856,0
689857,0
689858,0
689859,0
689860,0
689861,0
689862,0
689863,0
689864,0
689865,0
689866,0
689867,0
689868,0
689869,0
689870,0
689871,0
689872,0
689873,42
689874,0
689875,0
689876,0
689877,0
689878,0
689879,0
689880,0
689881,0
689882,0
689883,0
689884,0
689885,0
689886,0
689887,0
689888,0
689889,0
689890,0
689891,0
689892,0
689893,0
689894,0
689895,0
689896,0
689897,0
689898,0
689899,0
689900,0
689901,0
689902,0
689903,0
689904,0
689905,0
689906,0
689907,0
689908,0
689909,0
689910,0
689911,0
689912,36
689913,0
689914,0
689915,0
689916,0
689917,0
689918,0
689919,0
689920,0
689921,0
689922,0
689923,0
689924,0
689925,0
689926,0
689927,0
689928,0
689929,0
689930,0
689931,0
689932,0
689933,0
689934,0
689935,0
689936,42
689937,0
689938,0
689939,0
689940,0
689941,0
689942,0
689943,0
689944,0
689945,0
689946,0
689947,0
689948,0
689949,0
689950,0
689951,0
689952,0
689953,0
689954,0
689955,0
689956,0
689957,0
689958,0
689959,0
689960,0
689961,0
689962,0
689963,0
689964,0
689965,0
689966,0
689967,0
689968,0
689969,0
689970,0
689971,0
689972,0
689973,0
689974,0
689975,0
689976,0
689977,0
689978,0
689979,0
689980,0
689981,0
689982,0
689983,0
689984,0
689985,0
689986,0
689987,0
689988,0
689989,16
689990,0
689991,0
689992,0
689993,0
689994,0
689995,0
689996,0
689997,0
689998,0
689999,0
690000,0
690001,0
690002,0
690003,0
690004,0
690005,0
690006,0
690007,0
690008,20
690009,31
690010,0
690011,0
690012,0
690013,0
690014,0
690015,0
690016,0
690017,0
690018,0
690019,0
690020,0
690021,0
690022,0
690023,0
690024,0
690025,0
690026,0
690027,0
690028,44
690029,0
690030,31
690031,0
690032,0
690033,0
690034,56
690035,0
690036,38
690037,0
690038,0
690039,0
690040,0
690041,0
690042,29
690043,0
690044,0
690045,0
690046,0
690047,0
690048,0
690049,0
690050,0
690051,0
690052,0
690053,0
690054,0
690055,0
690056,0
690057,0
690058,0
690059,0
690060,0
690061,0
690062,0
690063,38
690064,0
690065,0
690066,0
690067,0
690068,0
690069,0
690070,0
690071,0
690072,0
690073,0
690074,0
690075,0
690076,40
690077,0
690078,0
690079,0
690080,0
690081,22
690082,0
690083,0
690084,0
690085,22
690086,41
690087,0
690088,0
690089,0
690090,0
690091,0
690092,0
690093,0
690094,0
690095,0
690096,0
690097,0
690098,0
690099,0
690100,0
690101,0
690102,25
690103,0
690104,18
690105,0
690106,0
690107,0
690108,0
690109,0
690110,0
690111,0
690112,0
690113,0
690114,40
690115,0
690116,0
690117,0
690118,0
690119,0
690120,0
690121,0
690122,44
690123,0
690124,0
690125,0
690126,0
690127,0
690128,0
690129,0
690130,0
690131,0
690132,0
690133,0
690134,0
690135,36
690136,0
690137,0
690138,0
690139,0
690140,0
690141,41
690142,0
690143,0
690144,0
690145,0
690146,35
690147,0
690148,0
690149,0
690150,0
690151,0
690152,0
690153,0
690154,0
690155,0
690156,34
690157,0
690158,0
690159,0
690160,0
690161,24
690162,0
690163,0
690164,0
690165,0
690166,0
690167,0
690168,0
690169,0
690170,0
690171,0
690172,0
690173,0
690174,0
690175,0
690176,0
690177,0
690178,0
690179,0
690180,35
690181,33
690182,0
690183,0
690184,0
690185,0
690186,0
690187,0
690188,0
690189,0
690190,0
690191,0
690192,0
690193,0
690194,0
690195,0
690196,29
690197,0
690198,0
690199,0
690200,0
690201,27
690202,0
690203,22
690204,25
690205,0
690206,0
690207,0
690208,0
690209,0
690210,0
690211,26
690212,0
690213,0
690214,0
690215,0
690216,0
690217,27
690218,0
690219,0
690220,0
690221,21
690222,25
690223,27
690224,20
690225,0
690226,37
690227,0
690228,21
690229,0
690230,0
690231,31
690232,0
690233,17
690234,0
690235,0
690236,31
690237,0
690238,0
690239,0
690240,0
690241,25
690242,0
690243,0
690244,0
690245,0
690246,0
690247,0
690248,0
690249,0
690250,25
690251,20
690252,0
690253,0
690254,0
690255,0
690256,0
690257,0
690258,0
690259,0
690260,19
690261,0
690262,0
690263,0
690264,0
690265,0
690266,0
690267,29
690268,0
690269,0
690270,21
690271,0
690272,24
690273,31
690274,0
690275,0
690276,0
690277,0
690278,0
690279,0
690280,0
690281,0
690282,0
690283,0
690284,0
690285,0
690286,0
690287,22
690288,26
690289,0
690290,0
690291,0
690292,0
690293,0
690294,0
690295,0
690296,0
690297,31
690298,0
690299,0
690300,0
690301,19
690302,0
690303,30
690304,0
690305,0
690306,18
690307,0
690308,25
690309,0
690310,0
690311,0
690312,0
690313,0
690314,0
690315,0
690316,0
690317,0
690318,0
690319,0
690320,0
690321,33
690322,0
690323,0
690324,0
690325,0
690326,0
690327,0
690328,0
690329,30
690330,0
690331,0
690332,0
690333,0
690334,0
690335,0
690336,0
690337,27
690338,37
690339,0
690340,0
690341,0
690342,0
690343,0
690344,0
690345,0
690346,0
690347,0
690348,24
690349,26
690350,39
690351,0
690352,0
690353,0
690354,18
690355,0
690356,0
690357,0
690358,0
690359,0
690360,0
690361,0
690362,0
690363,29
690364,0
690365,0
690366,0
690367,0
690368,28
690369,0
690370,0
690371,0
690372,0
690373,0
690374,0
690375,0
690376,0
690377,0
690378,0
690379,12
690380,0
690381,0
690382,0
690383,0
690384,19
690385,15
690386,0
690387,31
690388,0
690389,0
690390,0
690391,0
690392,0
690393,31
690394,0
690395,22
690396,0
690397,0
690398,0
690399,0
690400,0
690401,0
690402,0
690403,0
690404,16
690405,0
690406,24
690407,0
690408,0
690409,21
690410,14
690411,21
690412,30
690413,0
690414,0
690415,0
690416,0
690417,0
690418,24
690419,16
690420,0
690421,0
690422,0
690423,0
690424,0
690425,0
690426,0
690427,17
690428,0
690429,0
690430,0
690431,0
690432,26
690433,0
690434,0
690435,0
690436,0
690437,0
690438,0
690439,0
690440,23
690441,22
690442,20
690443,0
690444,0
690445,0
690446,0
690447,0
690448,0
690449,0
690450,0
690451,26
690452,0
690453,29
690454,0
690455,0
690456,0
690457,0
690458,0
690459,0
690460,0
690461,0
690462,0
690463,0
690464,0
690465,0
690466,0
690467,0
690468,0
690469,0
690470,0
690471,20
690472,0
690473,0
690474,0
690475,0
690476,0
690477,0
690478,0
690479,0
690480,0
690481,0
690482,25
690483,0
690484,0
690485,34
690486,0
690487,0
690488,0
690489,0
690490,0
690491,0
690492,0
690493,0
690494,18
690495,0
690496,0
690497,36
690498,0
690499,0
690500,0
690501,0
690502,0
690503,0
690504,25
690505,0
690506,0
690507,0
690508,0
690509,0
690510,0
690511,0
690512,0
690513,37
690514,0
690515,0
690516,25
690517,0
690518,0
690519,0
690520,31
690521,0
690522,0
690523,0
690524,0
690525,0
690526,36
690527,0
690528,0
690529,0
690530,21
690531,0
690532,16
690533,0
690534,23
690535,14
690536,0
690537,0
690538,20
690539,29
690540,0
690541,21
690542,0
690543,0
690544,0
690545,0
690546,0
690547,24
690548,0
690549,0
690550,0
690551,0
690552,0
690553,0
690554,0
690555,19
690556,39
690557,18
690558,0
690559,0
690560,0
690561,30
690562,0
690563,0
690564,0
690565,0
690566,0
690567,0
690568,20
690569,22
690570,24
690571,27
690572,0
690573,0
690574,0
690575,0
690576,0
690577,0
690578,0
690579,0
690580,0
690581,0
690582,0
690583,23
690584,0
690585,27
690586,12
690587,0
690588,0
690589,0
690590,0
690591,0
690592,20
690593,25
690594,0
690595,0
690596,0
690597,0
690598,0
690599,20
690600,21
690601,25
690602,24
690603,0
690604,24
690605,21
690606,35
690607,0
690608,0
690609,0
690610,0
690611,0
690612,0
690613,0
690614,0
690615,27
690616,0
690617,0
690618,0
690619,0
690620,0
690621,34
690622,0
690623,0
690624,0
690625,0
690626,0
690627,0
690628,0
690629,0
690630,0
690631,0
690632,0
690633,0
690634,0
690635,22
690636,0
690637,22
690638,0
690639,0
690640,0
690641,0
690642,0
690643,0
690644,0
690645,0
690646,0
690647,0
690648,23
690649,23
690650,0
690651,0
690652,25
690653,0
690654,0
690655,26
690656,0
690657,0
690658,32
690659,0
690660,25
690661,0
690662,0
690663,0
690664,0
690665,0
690666,20
690667,0
690668,0
690669,0
690670,0
690671,0
690672,0
690673,0
690674,23
690675,0
690676,28
690677,21
690678,0
690679,0
690680,0
690681,0
690682,0
690683,0
690684,26
690685,0
690686,0
690687,0
690688,0
690689,20
690690,0
690691,0
690692,0
690693,0
690694,29
690695,0
690696,0
690697,30
690698,0
690699,0
690700,0
690701,0
690702,0
690703,0
690704,0
690705,0
690706,0
690707,0
690708,0
690709,0
690710,0
690711,0
690712,18
690713,0
690714,0
690715,0
690716,19
690717,0
690718,0
690719,0
690720,0
690721,24
690722,0
690723,22
690724,0
690725,31
690726,0
690727,21
690728,0
690729,0
690730,0
690731,0
690732,0
690733,0
690734,0
690735,0
690736,0
690737,0
690738,0
690739,28
690740,31
690741,33
690742,19
690743,0
690744,28
690745,0
690746,0
690747,0
690748,18
690749,0
690750,0
690751,21
690752,24
690753,0
690754,0
690755,0
690756,0
690757,0
690758,32
690759,0
690760,0
690761,0
690762,0
690763,0
690764,19
690765,0
690766,0
690767,28
690768,0
690769,0
690770,0
690771,0
690772,0
690773,0
690774,0
690775,0
690776,0
690777,0
690778,0
690779,0
690780,0
690781,0
690782,0
690783,0
690784,0
690785,0
690786,0
690787,0
690788,0
690789,0
690790,0
690791,0
690792,0
690793,0
690794,0
690795,0
690796,0
690797,0
690798,0
690799,0
690800,0
690801,0
690802,0
690803,0
690804,0
690805,0
690806,0
690807,0
690808,0
690809,0
690810,0
690811,0
690812,0
690813,0
690814,0
690815,0
690816,0
690817,0
690818,0
690819,0
690820,0
690821,0
690822,0
690823,0
690824,0
690825,0
690826,0
690827,0
690828,0
690829,0
690830,0
690831,0
690832,0
690833,0
690834,0
690835,0
690836,0
690837,0
690838,0
690839,0
690840,0
690841,0
690842,5
690843,0
690844,0
690845,0
690846,0
690847,0
690848,0
690849,0
690850,0
690851,0
690852,0
690853,0
690854,0
690855,0
690856,0
690857,0
690858,0
690859,0
690860,0
690861,0
690862,7
690863,0
690864,0
690865,0
690866,3
690867,0
690868,0
690869,0
690870,0
690871,0
690872,0
690873,0
690874,0
690875,0
690876,1
690877,0
690878,0
690879,0
690880,0
690881,0
690882,0
690883,0
690884,0
690885,4
690886,0
690887,0
690888,0
690889,0
690890,0
690891,0
690892,0
690893,1
690894,0
690895,0
690896,0
690897,0
690898,0
690899,0
690900,0
690901,0
690902,0
690903,0
690904,0
690905,5
690906,0
690907,0
690908,0
690909,0
690910,0
690911,4
690912,0
690913,0
690914,0
690915,0
690916,0
690917,0
690918,0
690919,0
690920,0
690921,0
690922,7
690923,0
690924,0
690925,0
690926,2
690927,0
690928,0
690929,0
690930,0
690931,0
690932,0
690933,0
690934,0
690935,0
690936,0
690937,0
690938,0
690939,0
690940,0
690941,2
690942,0
690943,0
690944,0
690945,0
690946,0
690947,0
690948,0
690949,0
690950,2
690951,0
690952,0
690953,0
690954,0
690955,0
690956,0
690957,0
690958,1
690959,0
690960,0
690961,0
690962,0
690963,0
690964,0
690965,0
690966,4
690967,0
690968,0
690969,0
690970,0
690971,0
690972,0
690973,0
690974,0
690975,0
690976,0
690977,0
690978,0
690979,0
690980,0
690981,0
690982,0
690983,0
690984,0
690985,0
690986,0
690987,0
690988,0
690989,0
690990,0
690991,0
690992,0
690993,0
690994,0
690995,0
690996,0
690997,0
690998,0
690999,0
691000,8
691001,0
691002,0
691003,0
691004,5
691005,0
691006,0
691007,0
691008,0
691009,0
691010,0
691011,0
691012,5
691013,0
691014,0
691015,0
691016,0
691017,0
691018,0
691019,0
691020,0
691021,0
691022,0
691023,0
691024,3
691025,0
691026,0
691027,0
691028,0
691029,0
691030,0
691031,0
691032,0
691033,0
691034,0
691035,0
691036,0
691037,0
691038,0
691039,0
691040,0
691041,0
691042,0
691043,0
691044,0
691045,0
691046,0
691047,3
691048,0
691049,0
691050,0
691051,5
691052,0
691053,0
691054,0
691055,0
691056,0
691057,0
691058,0
691059,0
691060,0
691061,0
691062,0
691063,0
691064,0
691065,0
691066,0
691067,0
691068,0
691069,0
691070,0
691071,0
691072,0
691073,0
691074,0
691075,0
691076,0
691077,0
691078,0
691079,0
691080,0
691081,0
691082,0
691083,0
691084,1
691085,0
691086,0
691087,0
691088,0
691089,0
691090,0
691091,0
691092,4
691093,0
691094,0
691095,0
691096,0
691097,0
691098,0
691099,0
691100,0
691101,1
691102,0
691103,0
691104,0
691105,0
691106,0
691107,0
691108,0
691109,0
691110,0
691111,0
691112,0
691113,0
691114,0
691115,0
691116,0
691117,2
691118,0
691119,0
691120,4
691121,0
691122,0
691123,0
691124,0
691125,0
691126,0
691127,2
691128,0
691129,0
691130,0
691131,0
691132,0
691133,0
691134,0
691135,0
691136,0
691137,0
691138,0
691139,0
691140,0
691141,0
691142,0
691143,0
691144,0
691145,2
691146,0
691147,0
691148,0
691149,0
691150,0
691151,0
691152,0
691153,0
691154,0
691155,2
691156,0
691157,0
691158,0
691159,0
691160,0
691161,0
691162,6
691163,0
691164,0
691165,0
691166,0
691167,0
691168,0
691169,0
691170,0
691171,0
691172,0
691173,0
691174,0
691175,0
691176,0
691177,0
691178,0
691179,0
691180,0
691181,0
691182,0
691183,0
691184,0
691185,0
691186,0
691187,7
691188,0
691189,0
691190,0
691191,0
691192,0
691193,0
691194,4
691195,0
691196,0
691197,0
691198,0
691199,0
691200,0
691201,4
691202,0
691203,0
691204,0
691205,0
691206,0
691207,0
691208,0
691209,0
691210,0
691211,0
691212,0
691213,0
691214,3
691215,0
691216,0
691217,0
691218,0
691219,0
691220,0
691221,1
691222,6
691223,0
691224,0
691225,0
691226,0
691227,0
691228,0
691229,0
691230,0
691231,0
691232,2
691233,0
691234,0
691235,10
691236,0
691237,0
691238,0
691239,0
691240,0
691241,0
691242,0
691243,0
691244,4
691245,3
691246,0
691247,1
691248,0
691249,0
691250,0
691251,0
691252,0
691253,0
691254,0
691255,0
691256,0
691257,0
691258,0
691259,0
691260,0
691261,0
691262,0
691263,0
691264,0
691265,0
691266,6
691267,0
691268,0
691269,0
691270,0
691271,0
691272,0
691273,0
691274,0
691275,0
691276,0
691277,0
691278,0
691279,0
691280,0
691281,0
691282,0
691283,0
691284,0
691285,0
691286,0
691287,0
691288,0
691289,10
691290,0
691291,20
691292,0
691293,0
691294,0
691295,0
691296,0
691297,0
691298,0
691299,0
691300,0
691301,0
691302,0
691303,18
691304,43
691305,0
691306,0
691307,26
691308,13
691309,0
691310,0
691311,0
691312,19
691313,0
691314,0
691315,0
691316,0
691317,0
691318,0
691319,0
691320,0
691321,0
691322,29
691323,0
691324,0
691325,24
691326,0
691327,0
691328,0
691329,0
691330,0
691331,0
691332,0
691333,23
691334,0
691335,0
691336,0
691337,0
691338,0
691339,0
691340,17
691341,0
691342,0
691343,14
691344,0
691345,0
691346,0
691347,0
691348,0
691349,0
691350,21
691351,17
691352,0
691353,0
691354,0
691355,0
691356,16
691357,0
691358,0
691359,0
691360,0
691361,38
691362,0
691363,0
691364,0
691365,0
691366,10
691367,0
691368,0
691369,0
691370,0
691371,0
691372,0
691373,0
691374,0
691375,0
691376,0
691377,0
691378,12
691379,0
691380,0
691381,0
691382,0
691383,0
691384,0
691385,0
691386,0
691387,0
691388,0
691389,13
691390,0
691391,30
691392,13
691393,0
691394,0
691395,0
691396,24
691397,0
691398,0
691399,0
691400,0
691401,0
691402,10
691403,24
691404,43
691405,0
691406,16
691407,0
691408,0
691409,0
691410,33
691411,0
691412,0
691413,15
691414,0
691415,0
691416,0
691417,0
691418,0
691419,16
691420,0
691421,0
691422,0
691423,0
691424,0
691425,40
691426,0
691427,0
691428,0
691429,0
691430,0
691431,17
691432,0
691433,10
691434,0
691435,0
691436,0
691437,14
691438,0
691439,0
691440,0
691441,0
691442,17
691443,0
691444,0
691445,0
691446,0
691447,0
691448,0
691449,0
691450,0
691451,0
691452,0
691453,20
691454,0
691455,0
691456,29
691457,0
691458,0
691459,17
691460,0
691461,0
691462,0
691463,0
691464,42
691465,15
691466,0
691467,0
691468,0
691469,0
691470,0
691471,0
691472,0
691473,0
691474,0
691475,0
691476,0
691477,0
691478,0
691479,0
691480,0
691481,0
691482,0
691483,0
691484,0
691485,0
691486,0
691487,26
691488,0
691489,0
691490,0
691491,0
691492,0
691493,0
691494,0
691495,0
691496,0
691497,16
691498,30
691499,0
691500,0
691501,0
691502,0
691503,0
691504,0
691505,0
691506,14
691507,28
691508,0
691509,0
691510,0
691511,0
691512,32
691513,14
691514,0
691515,0
691516,0
691517,0
691518,0
691519,0
691520,13
691521,12
691522,23
691523,0
691524,0
691525,0
691526,31
691527,0
691528,0
691529,0
691530,0
691531,0
691532,0
691533,18
691534,0
691535,0
691536,0
691537,0
691538,0
691539,0
691540,0
691541,21
691542,0
691543,0
691544,0
691545,0
691546,0
691547,0
691548,0
691549,0
691550,0
691551,0
691552,0
691553,23
691554,0
691555,0
691556,5
691557,0
691558,0
691559,0
691560,0
691561,0
691562,0
691563,0
691564,0
691565,0
691566,0
691567,0
691568,0
691569,0
691570,0
691571,0
691572,0
691573,0
691574,0
691575,0
691576,16
691577,0
691578,0
691579,0
691580,0
691581,0
691582,0
691583,0
691584,0
691585,0
691586,0
691587,0
691588,0
691589,0
691590,0
691591,0
691592,0
691593,0
691594,0
691595,0
691596,0
691597,18
691598,0
691599,0
691600,0
691601,26
691602,0
691603,0
691604,0
691605,0
691606,0
691607,0
691608,0
691609,0
691610,12
691611,0
691612,0
691613,0
691614,0
691615,12
691616,0
691617,0
691618,0
691619,24
691620,11
691621,0
691622,13
691623,0
691624,0
691625,0
691626,0
691627,0
691628,0
691629,0
691630,0
691631,0
691632,0
691633,0
691634,0
691635,0
691636,0
691637,0
691638,0
691639,0
691640,0
691641,0
691642,16
691643,18
691644,0
691645,18
691646,0
691647,8
691648,0
691649,0
691650,26
691651,17
691652,0
691653,0
691654,14
691655,0
691656,0
691657,0
691658,0
691659,0
691660,0
691661,0
691662,0
691663,0
691664,0
691665,0
691666,0
691667,0
691668,0
691669,0
691670,0
691671,33
691672,0
691673,0
691674,24
691675,0
691676,0
691677,0
691678,0
691679,0
691680,0
691681,0
691682,0
691683,15
691684,0
691685,0
691686,0
691687,0
691688,15
691689,0
691690,15
691691,0
691692,0
691693,0
691694,0
691695,0
691696,20
691697,0
691698,0
691699,0
691700,0
691701,0
691702,8
691703,0
691704,0
691705,0
691706,35
691707,0
691708,0
691709,0
691710,0
691711,0
691712,0
691713,0
691714,0
691715,0
691716,0
691717,0
691718,34
691719,9
691720,0
691721,10
691722,0
691723,0
691724,26
691725,0
691726,0
691727,12
691728,0
691729,0
691730,0
691731,18
691732,3
691733,0
691734,0
691735,0
691736,0
691737,0
691738,0
691739,0
691740,0
691741,0
691742,0
691743,0
691744,0
691745,0
691746,0
691747,0
691748,0
691749,0
691750,0
691751,35
691752,0
691753,0
691754,0
691755,0
691756,0
691757,29
691758,0
691759,0
691760,0
691761,0
691762,0
691763,0
691764,0
691765,0
691766,0
691767,0
691768,0
691769,24
691770,0
691771,12
691772,0
691773,0
691774,0
691775,14
691776,0
691777,0
691778,0
691779,0
691780,0
691781,0
691782,11
691783,0
691784,0
691785,0
691786,21
691787,15
691788,23
691789,0
691790,0
691791,25
691792,0
691793,0
691794,0
691795,11
691796,10
691797,19
691798,0
691799,0
691800,0
691801,0
691802,11
691803,25
691804,0
691805,0
691806,0
691807,0
691808,0
691809,19
691810,13
691811,13
691812,0
691813,0
691814,15
691815,0
691816,0
691817,0
691818,0
691819,0
691820,0
691821,0
691822,0
691823,0
691824,0
691825,6
691826,13
691827,0
691828,0
691829,0
691830,0
691831,0
691832,13
691833,0
691834,0
691835,0
691836,29
691837,10
691838,0
691839,0
691840,37
691841,0
691842,21
691843,27
691844,0
691845,0
691846,0
691847,0
691848,0
691849,26
691850,0
691851,0
691852,0
691853,0
691854,0
691855,0
691856,0
691857,13
691858,0
691859,0
691860,9
691861,0
691862,0
691863,0
691864,0
691865,49
691866,0
691867,0
691868,0
691869,0
691870,0
691871,0
691872,16
691873,21
691874,0
691875,0
691876,0
691877,20
691878,21
691879,0
691880,13
691881,0
691882,40
691883,0
691884,0
691885,0
691886,0
691887,0
691888,0
691889,0
691890,0
691891,0
691892,0
691893,35
691894,16
691895,0
691896,0
691897,0
691898,0
691899,0
691900,0
691901,0
691902,0
691903,0
691904,0
691905,0
691906,0
691907,25
691908,0
691909,0
691910,0
691911,0
691912,0
691913,10
691914,0
691915,0
691916,29
691917,8
691918,0
691919,56
691920,13
691921,0
691922,0
691923,7
691924,0
691925,0
691926,0
691927,0
691928,0
691929,0
691930,0
691931,0
691932,0
691933,0
691934,24
691935,0
691936,0
691937,0
691938,28
691939,0
691940,0
691941,0
691942,0
691943,0
691944,0
691945,0
691946,0
691947,0
691948,0
691949,0
691950,0
691951,0
691952,0
691953,0
691954,0
691955,0
691956,0
691957,0
691958,0
691959,0
691960,0
691961,0
691962,0
691963,0
691964,0
691965,0
691966,26
691967,0
691968,21
691969,0
691970,0
691971,0
691972,0
691973,0
691974,0
691975,0
691976,0
691977,0
691978,0
691979,0
691980,0
691981,0
691982,0
691983,0
691984,0
691985,0
691986,0
691987,0
691988,0
691989,0
691990,0
691991,0
691992,0
691993,0
691994,0
691995,0
691996,0
691997,0
691998,0
691999,0
692000,0
692001,0
692002,0
692003,0
692004,0
692005,0
692006,0
692007,0
692008,0
692009,0
692010,0
692011,0
692012,0
692013,0
692014,0
692015,0
692016,0
692017,0
692018,0
692019,0
692020,0
692021,0
692022,0
692023,0
692024,0
692025,0
692026,0
692027,0
692028,0
692029,0
692030,0
692031,0
692032,0
692033,0
692034,0
692035,0
692036,0
692037,0
692038,27
692039,0
692040,0
692041,0
692042,0
692043,0
692044,0
692045,0
692046,0
692047,0
692048,0
692049,0
692050,0
692051,0
692052,0
692053,0
692054,0
692055,0
692056,29
692057,0
692058,0
692059,0
692060,0
692061,0
692062,0
692063,0
692064,0
692065,0
692066,0
692067,0
692068,0
692069,0
692070,0
692071,0
692072,0
692073,0
692074,0
692075,0
692076,0
692077,0
692078,0
692079,0
692080,0
692081,0
692082,0
692083,0
692084,0
692085,0
692086,0
692087,0
692088,0
692089,0
692090,0
692091,0
692092,0
692093,0
692094,31
692095,0
692096,0
692097,0
692098,0
692099,0
692100,0
692101,0
692102,0
692103,0
692104,0
692105,31
692106,0
692107,0
692108,0
692109,0
692110,0
692111,0
692112,0
692113,0
692114,0
692115,0
692116,0
692117,0
692118,0
692119,0
692120,0
692121,0
692122,0
692123,0
692124,0
692125,0
692126,0
692127,0
692128,0
692129,0
692130,0
692131,0
692132,0
692133,0
692134,0
692135,0
692136,0
692137,0
692138,0
692139,0
692140,0
692141,0
692142,0
692143,0
692144,0
692145,0
692146,0
692147,0
692148,0
692149,0
692150,0
692151,0
692152,0
692153,0
692154,0
692155,0
692156,0
692157,0
692158,0
692159,0
692160,0
692161,0
692162,0
692163,0
692164,0
692165,0
692166,0
692167,0
692168,0
692169,0
692170,0
692171,0
692172,0
692173,0
692174,0
692175,0
692176,0
692177,0
692178,0
692179,0
692180,0
692181,0
692182,0
692183,0
692184,0
692185,0
692186,0
692187,30
692188,0
692189,0
692190,35
692191,0
692192,0
692193,0
692194,0
692195,0
692196,0
692197,0
692198,0
692199,0
692200,0
692201,0
692202,0
692203,0
692204,0
692205,0
692206,0
692207,0
692208,0
692209,0
692210,0
692211,0
692212,0
692213,0
692214,0
692215,0
692216,0
692217,0
692218,0
692219,0
692220,0
692221,0
692222,0
692223,0
692224,0
692225,0
692226,0
692227,0
692228,0
692229,0
692230,0
692231,0
692232,0
692233,24
692234,0
692235,0
692236,0
692237,0
692238,0
692239,0
692240,0
692241,0
692242,0
692243,0
692244,0
692245,0
692246,0
692247,0
692248,0
692249,0
692250,0
692251,0
692252,0
692253,0
692254,0
692255,0
692256,0
692257,0
692258,0
692259,0
692260,0
692261,0
692262,0
692263,0
692264,0
692265,0
692266,0
692267,0
692268,0
692269,0
692270,0
692271,0
692272,0
692273,0
692274,0
692275,0
692276,0
692277,0
692278,0
692279,0
692280,34
692281,0
692282,0
692283,0
692284,0
692285,0
692286,0
692287,0
692288,0
692289,0
692290,0
692291,0
692292,0
692293,0
692294,0
692295,0
692296,0
692297,0
692298,0
692299,0
692300,0
692301,0
692302,0
692303,0
692304,0
692305,0
692306,0
692307,0
692308,0
692309,0
692310,0
692311,0
692312,0
692313,0
692314,0
692315,0
692316,28
692317,0
692318,0
692319,0
692320,0
692321,0
692322,0
692323,0
692324,0
692325,0
692326,0
692327,0
692328,0
692329,0
692330,0
692331,0
692332,0
692333,0
692334,0
692335,0
692336,0
692337,0
692338,0
692339,0
692340,0
692341,0
692342,0
692343,0
692344,0
692345,0
692346,0
692347,0
692348,0
692349,0
692350,23
692351,0
692352,28
692353,0
692354,0
692355,0
692356,0
692357,0
692358,0
692359,0
692360,0
692361,0
692362,0
692363,0
692364,0
692365,0
692366,0
692367,23
692368,0
692369,0
692370,0
692371,0
692372,0
692373,0
692374,0
692375,0
692376,0
692377,0
692378,0
692379,0
692380,0
692381,0
692382,0
692383,18
692384,0
692385,0
692386,0
692387,0
692388,0
692389,0
692390,0
692391,0
692392,0
692393,0
692394,0
692395,0
692396,0
692397,0
692398,0
692399,0
692400,0
692401,0
692402,0
692403,0
692404,0
692405,0
692406,0
692407,0
692408,0
692409,0
692410,0
692411,0
692412,0
692413,0
692414,0
692415,0
692416,0
692417,35
692418,0
692419,0
692420,0
692421,0
692422,0
692423,0
692424,0
692425,0
692426,0
692427,0
692428,0
692429,0
692430,0
692431,0
692432,0
692433,0
692434,0
692435,0
692436,0
692437,0
692438,0
692439,0
692440,0
692441,0
692442,0
692443,0
692444,0
692445,0
692446,0
692447,0
692448,0
692449,0
692450,0
692451,0
692452,0
692453,26
692454,0
692455,0
692456,0
692457,0
692458,0
692459,0
692460,0
692461,0
692462,0
692463,0
692464,0
692465,0
692466,0
692467,0
692468,0
692469,0
692470,0
692471,24
692472,0
692473,0
692474,0
692475,0
692476,0
692477,0
692478,0
692479,0
692480,0
692481,0
692482,23
692483,0
692484,0
692485,0
692486,0
692487,0
692488,0
692489,0
692490,0
692491,0
692492,0
692493,0
692494,0
692495,0
692496,29
692497,0
692498,0
692499,0
692500,18
692501,0
692502,0
692503,0
692504,0
692505,0
692506,33
692507,0
692508,0
692509,24
692510,0
692511,0
692512,0
692513,21
692514,0
692515,0
692516,0
692517,0
692518,0
692519,0
692520,0
692521,0
692522,0
692523,0
692524,0
692525,0
692526,0
692527,21
692528,0
692529,0
692530,0
692531,0
692532,0
692533,0
692534,0
692535,0
692536,29
692537,0
692538,0
692539,0
692540,0
692541,33
692542,0
692543,0
692544,0
692545,26
692546,0
692547,0
692548,0
692549,0
692550,0
692551,0
692552,0
692553,0
692554,0
692555,0
692556,0
692557,0
692558,44
692559,0
692560,0
692561,0
692562,0
692563,0
692564,0
692565,0
692566,0
692567,49
692568,31
692569,0
692570,0
692571,0
692572,0
692573,43
692574,32
692575,0
692576,0
692577,0
692578,0
692579,45
692580,32
692581,35
692582,0
692583,0
692584,0
692585,0
692586,0
692587,0
692588,30
692589,23
692590,21
692591,0
692592,0
692593,0
692594,0
692595,0
692596,0
692597,0
692598,0
692599,0
692600,0
692601,35
692602,0
692603,38
692604,0
692605,34
692606,0
692607,0
692608,0
692609,34
692610,42
692611,0
692612,0
692613,29
692614,0
692615,0
692616,35
692617,0
692618,0
692619,0
692620,0
692621,0
692622,0
692623,0
692624,0
692625,0
692626,0
692627,0
692628,0
692629,0
692630,0
692631,0
692632,0
692633,0
692634,0
692635,0
692636,24
692637,0
692638,0
692639,0
692640,0
692641,41
692642,50
692643,0
692644,0
692645,0
692646,0
692647,0
692648,29
692649,0
692650,0
692651,0
692652,24
692653,0
692654,0
692655,0
692656,32
692657,0
692658,0
692659,0
692660,0
692661,0
692662,0
692663,0
692664,0
692665,0
692666,0
692667,0
692668,0
692669,0
692670,0
692671,0
692672,0
692673,0
692674,0
692675,0
692676,0
692677,29
692678,0
692679,0
692680,0
692681,0
692682,0
692683,0
692684,0
692685,0
692686,35
692687,0
692688,0
692689,0
692690,34
692691,37
692692,0
692693,0
692694,0
692695,0
692696,39
692697,36
692698,0
692699,21
692700,0
692701,0
692702,0
692703,19
692704,0
692705,49
692706,0
692707,30
692708,0
692709,0
692710,36
692711,0
692712,0
692713,0
692714,0
692715,0
692716,0
692717,36
692718,0
692719,0
692720,0
692721,0
692722,0
692723,0
692724,0
692725,0
692726,35
692727,32
692728,0
692729,46
692730,0
692731,0
692732,0
692733,0
692734,0
692735,0
692736,0
692737,0
692738,0
692739,34
692740,0
692741,0
692742,0
692743,0
692744,0
692745,33
692746,0
692747,21
692748,0
692749,0
692750,0
692751,38
692752,0
692753,0
692754,0
692755,0
692756,36
692757,0
692758,0
692759,0
692760,0
692761,37
692762,29
692763,0
692764,0
692765,0
692766,0
692767,0
692768,0
692769,0
692770,0
692771,0
692772,0
692773,0
692774,0
692775,0
692776,0
692777,0
692778,0
692779,0
692780,0
692781,0
692782,25
692783,0
692784,0
692785,35
692786,0
692787,0
692788,0
692789,32
692790,0
692791,33
692792,0
692793,0
692794,31
692795,45
692796,0
692797,0
692798,39
692799,0
692800,42
692801,0
692802,28
692803,0
692804,0
692805,39
692806,29
692807,0
692808,27
692809,0
692810,0
692811,0
692812,0
692813,0
692814,17
692815,0
692816,0
692817,0
692818,0
692819,0
692820,0
692821,29
692822,0
692823,31
692824,0
692825,0
692826,24
692827,0
692828,0
692829,0
692830,0
692831,0
692832,0
692833,0
692834,0
692835,0
692836,31
692837,0
692838,26
692839,23
692840,0
692841,0
692842,0
692843,0
692844,0
692845,0
692846,0
692847,0
692848,0
692849,0
692850,27
692851,0
692852,0
692853,0
692854,0
692855,43
692856,0
692857,0
692858,0
692859,0
692860,0
692861,32
692862,0
692863,0
692864,0
692865,0
692866,0
692867,0
692868,0
692869,0
692870,0
692871,29
692872,0
692873,0
692874,0
692875,0
692876,0
692877,0
692878,0
692879,20
692880,0
692881,0
692882,31
692883,0
692884,0
692885,24
692886,35
692887,0
692888,33
692889,0
692890,0
692891,0
692892,28
692893,36
692894,35
692895,27
692896,0
692897,0
692898,0
692899,0
692900,0
692901,0
692902,0
692903,26
692904,0
692905,22
692906,0
692907,0
692908,16
692909,0
692910,0
692911,31
692912,25
692913,28
692914,0
692915,0
692916,0
692917,0
692918,0
692919,0
692920,0
692921,0
692922,0
692923,0
692924,47
692925,0
692926,35
692927,0
692928,27
692929,0
692930,0
692931,0
692932,0
692933,0
692934,0
692935,0
692936,34
692937,0
692938,0
692939,0
692940,28
692941,0
692942,0
692943,0
692944,0
692945,0
692946,0
692947,20
692948,34
692949,27
692950,0
692951,0
692952,0
692953,23
692954,0
692955,0
692956,0
692957,0
692958,23
692959,0
692960,0
692961,20
692962,0
692963,0
692964,27
692965,0
692966,0
692967,0
692968,36
692969,0
692970,0
692971,0
692972,0
692973,0
692974,0
692975,0
692976,0
692977,0
692978,0
692979,0
692980,0
692981,0
692982,0
692983,0
692984,0
692985,0
692986,0
692987,0
692988,0
692989,0
692990,0
692991,0
692992,0
692993,0
692994,0
692995,0
692996,0
692997,0
692998,0
692999,0
693000,0
693001,0
693002,0
693003,32
693004,0
693005,0
693006,30
693007,20
693008,0
693009,0
693010,0
693011,0
693012,0
693013,20
693014,33
693015,0
693016,0
693017,0
693018,0
693019,0
693020,0
693021,0
693022,0
693023,0
693024,0
693025,0
693026,0
693027,0
693028,0
693029,29
693030,26
693031,0
693032,0
693033,30
693034,0
693035,33
693036,0
693037,26
693038,0
693039,25
693040,0
693041,0
693042,0
693043,0
693044,0
693045,0
693046,0
693047,0
693048,32
693049,0
693050,0
693051,0
693052,0
693053,0
693054,24
693055,0
693056,31
693057,0
693058,0
693059,0
693060,0
693061,0
693062,0
693063,0
693064,0
693065,0
693066,0
693067,0
693068,0
693069,0
693070,0
693071,0
693072,0
693073,0
693074,0
693075,0
693076,0
693077,0
693078,0
693079,0
693080,0
693081,0
693082,0
693083,0
693084,30
693085,0
693086,0
693087,0
693088,0
693089,0
693090,0
693091,29
693092,0
693093,0
693094,0
693095,0
693096,0
693097,0
693098,0
693099,39
693100,0
693101,0
693102,25
693103,40
693104,0
693105,0
693106,0
693107,33
693108,27
693109,36
693110,0
693111,0
693112,0
693113,35
693114,25
693115,0
693116,0
693117,0
693118,0
693119,0
693120,0
693121,0
693122,0
693123,0
693124,0
693125,0
693126,0
693127,0
693128,0
693129,41
693130,0
693131,38
693132,0
693133,0
693134,0
693135,23
693136,0
693137,0
693138,0
693139,0
693140,0
693141,0
693142,0
693143,0
693144,0
693145,0
693146,24
693147,0
693148,0
693149,0
693150,0
693151,0
693152,0
693153,0
693154,0
693155,35
693156,0
693157,0
693158,0
693159,0
693160,20
693161,0
693162,25
693163,0
693164,0
693165,27
693166,0
693167,0
693168,0
693169,0
693170,0
693171,0
693172,0
693173,0
693174,0
693175,18
693176,0
693177,0
693178,32
693179,34
693180,0
693181,0
693182,0
693183,0
693184,0
693185,0
693186,0
693187,15
693188,0
693189,18
693190,0
693191,11
693192,0
693193,0
693194,12
693195,0
693196,0
693197,0
693198,0
693199,0
693200,16
693201,0
693202,10
693203,0
693204,0
693205,10
693206,0
693207,12
693208,0
693209,10
693210,0
693211,0
693212,0
693213,15
693214,10
693215,10
693216,0
693217,0
693218,11
693219,6
693220,0
693221,0
693222,0
693223,0
693224,10
693225,0
693226,0
693227,0
693228,0
693229,8
693230,12
693231,0
693232,0
693233,0
693234,8
693235,0
693236,19
693237,0
693238,0
693239,0
693240,0
693241,0
693242,13
693243,0
693244,0
693245,13
693246,12
693247,0
693248,0
693249,0
693250,9
693251,0
693252,0
693253,0
693254,0
693255,0
693256,0
693257,0
693258,0
693259,0
693260,0
693261,19
693262,0
693263,10
693264,0
693265,0
693266,0
693267,13
693268,8
693269,0
693270,12
693271,16
693272,0
693273,0
693274,11
693275,17
693276,0
693277,0
693278,0
693279,0
693280,0
693281,0
693282,0
693283,10
693284,0
693285,0
693286,13
693287,0
693288,0
693289,0
693290,0
693291,8
693292,0
693293,9
693294,0
693295,0
693296,0
693297,0
693298,14
693299,0
693300,0
693301,0
693302,24
693303,0
693304,0
693305,0
693306,0
693307,0
693308,0
693309,0
693310,16
693311,0
693312,9
693313,0
693314,0
693315,0
693316,16
693317,0
693318,0
693319,0
693320,0
693321,22
693322,0
693323,0
693324,0
693325,0
693326,0
693327,11
693328,11
693329,0
693330,0
693331,0
693332,0
693333,0
693334,0
693335,0
693336,0
693337,6
693338,0
693339,8
693340,0
693341,0
693342,0
693343,0
693344,0
693345,8
693346,0
693347,0
693348,12
693349,18
693350,0
693351,0
693352,12
693353,0
693354,0
693355,0
693356,0
693357,0
693358,0
693359,0
693360,0
693361,0
693362,0
693363,0
693364,0
693365,0
693366,9
693367,17
693368,0
693369,0
693370,7
693371,0
693372,11
693373,0
693374,0
693375,0
693376,10
693377,0
693378,14
693379,16
693380,10
693381,0
693382,0
693383,0
693384,0
693385,0
693386,0
693387,0
693388,0
693389,11
693390,0
693391,0
693392,9
693393,13
693394,0
693395,0
693396,0
693397,0
693398,0
693399,0
693400,14
693401,0
693402,0
693403,13
693404,0
693405,0
693406,9
693407,12
693408,0
693409,0
693410,0
693411,0
693412,0
693413,11
693414,11
693415,0
693416,0
693417,0
693418,0
693419,13
693420,0
693421,15
693422,9
693423,8
693424,0
693425,0
693426,0
693427,0
693428,0
693429,0
693430,23
693431,0
693432,13
693433,12
693434,7
693435,11
693436,14
693437,15
693438,18
693439,24
693440,0
693441,0
693442,15
693443,9
693444,0
693445,0
693446,0
693447,0
693448,0
693449,17
693450,11
693451,0
693452,0
693453,0
693454,0
693455,0
693456,0
693457,18
693458,19
693459,0
693460,0
693461,0
693462,0
693463,0
693464,0
693465,0
693466,14
693467,0
693468,11
693469,0
693470,0
693471,0
693472,0
693473,0
693474,0
693475,0
693476,11
693477,0
693478,0
693479,0
693480,12
693481,16
693482,0
693483,0
693484,0
693485,0
693486,20
693487,17
693488,0
693489,0
693490,0
693491,0
693492,0
693493,0
693494,0
693495,13
693496,0
693497,6
693498,0
693499,0
693500,0
693501,0
693502,13
693503,0
693504,7
693505,0
693506,11
693507,0
693508,0
693509,0
693510,10
693511,0
693512,19
693513,0
693514,0
693515,0
693516,0
693517,0
693518,0
693519,0
693520,0
693521,12
693522,11
693523,21
693524,12
693525,16
693526,0
693527,0
693528,0
693529,0
693530,0
693531,0
693532,0
693533,0
693534,0
693535,12
693536,0
693537,0
693538,0
693539,0
693540,0
693541,0
693542,0
693543,11
693544,0
693545,0
693546,8
693547,6
693548,0
693549,0
693550,0
693551,0
693552,0
693553,0
693554,0
693555,0
693556,0
693557,0
693558,16
693559,0
693560,11
693561,15
693562,0
693563,0
693564,0
693565,0
693566,20
693567,22
693568,0
693569,0
693570,0
693571,0
693572,0
693573,0
693574,0
693575,0
693576,9
693577,0
693578,0
693579,13
693580,0
693581,0
693582,0
693583,0
693584,0
693585,0
693586,0
693587,24
693588,0
693589,0
693590,0
693591,0
693592,0
693593,0
693594,0
693595,7
693596,0
693597,0
693598,14
693599,0
693600,0
693601,12
693602,0
693603,0
693604,0
693605,0
693606,0
693607,17
693608,0
693609,0
693610,0
693611,14
693612,0
693613,0
693614,0
693615,0
693616,0
693617,0
693618,0
693619,0
693620,0
693621,0
693622,0
693623,0
693624,0
693625,13
693626,0
693627,0
693628,0
693629,0
693630,21
693631,0
693632,12
693633,0
693634,0
693635,19
693636,13
693637,0
693638,16
693639,0
693640,0
693641,10
693642,0
693643,0
693644,0
693645,9
693646,8
693647,13
693648,14
693649,0
693650,0
693651,20
693652,16
693653,0
693654,15
693655,0
693656,0
693657,13
693658,8
693659,0
693660,5
693661,0
693662,11
693663,0
693664,0
693665,0
693666,0
693667,0
693668,0
693669,0
693670,12
693671,0
693672,0
693673,0
693674,0
693675,0
693676,0
693677,0
693678,0
693679,0
693680,0
693681,0
693682,0
693683,13
693684,0
693685,0
693686,11
693687,13
693688,0
693689,0
693690,15
693691,0
693692,0
693693,0
693694,0
693695,12
693696,0
693697,7
693698,19
693699,0
693700,0
693701,0
693702,0
693703,14
693704,10
693705,11
693706,0
693707,13
693708,0
693709,14
693710,0
693711,0
693712,9
693713,0
693714,0
693715,9
693716,0
693717,0
693718,0
693719,0
693720,0
693721,0
693722,0
693723,0
693724,0
693725,0
693726,0
693727,0
693728,0
693729,0
693730,13
693731,0
693732,0
693733,0
693734,4
693735,0
693736,13
693737,0
693738,0
693739,0
693740,0
693741,10
693742,0
693743,0
693744,13
693745,0
693746,0
693747,0
693748,0
693749,7
693750,0
693751,0
693752,0
693753,0
693754,0
693755,0
693756,18
693757,7
693758,0
693759,0
693760,0
693761,0
693762,0
693763,0
693764,0
693765,0
693766,0
693767,0
693768,0
693769,0
693770,10
693771,0
693772,18
693773,23
693774,8
693775,0
693776,0
693777,21
693778,0
693779,0
693780,0
693781,0
693782,0
693783,0
693784,0
693785,0
693786,0
693787,0
693788,0
693789,0
693790,0
693791,11
693792,0
693793,18
693794,6
693795,0
693796,16
693797,0
693798,9
693799,0
693800,0
693801,10
693802,0
693803,0
693804,0
693805,0
693806,0
693807,0
693808,0
693809,0
693810,0
693811,13
693812,0
693813,0
693814,0
693815,0
693816,15
693817,14
693818,0
693819,16
693820,0
693821,0
693822,0
693823,0
693824,0
693825,18
693826,0
693827,19
693828,12
693829,0
693830,0
693831,9
693832,0
693833,12
693834,0
693835,19
693836,0
693837,0
693838,13
693839,0
693840,0
693841,0
693842,16
693843,0
693844,0
693845,0
693846,0
693847,0
693848,0
693849,0
693850,0
693851,18
693852,0
693853,0
693854,0
693855,0
693856,0
693857,0
693858,12
693859,0
693860,0
693861,0
693862,5
693863,5
693864,0
693865,3
693866,0
693867,0
693868,0
693869,0
693870,2
693871,5
693872,2
693873,7
693874,0
693875,0
693876,0
693877,0
693878,0
693879,0
693880,0
693881,0
693882,0
693883,0
693884,0
693885,0
693886,0
693887,0
693888,0
693889,0
693890,0
693891,0
693892,8
693893,0
693894,3
693895,0
693896,0
693897,0
693898,0
693899,0
693900,0
693901,2
693902,0
693903,0
693904,0
693905,5
693906,3
693907,0
693908,0
693909,0
693910,5
693911,4
693912,3
693913,0
693914,2
693915,0
693916,0
693917,0
693918,0
693919,0
693920,0
693921,0
693922,0
693923,0
693924,0
693925,0
693926,6
693927,0
693928,0
693929,6
693930,0
693931,0
693932,0
693933,0
693934,15
693935,0
693936,6
693937,0
693938,0
693939,0
693940,6
693941,0
693942,0
693943,5
693944,0
693945,0
693946,4
693947,0
693948,0
693949,6
693950,0
693951,0
693952,0
693953,0
693954,0
693955,0
693956,0
693957,0
693958,0
693959,8
693960,7
693961,0
693962,0
693963,0
693964,0
693965,2
693966,10
693967,0
693968,0
693969,0
693970,0
693971,0
693972,0
693973,0
693974,0
693975,0
693976,0
693977,4
693978,5
693979,0
693980,0
693981,0
693982,0
693983,0
693984,6
693985,0
693986,0
693987,0
693988,7
693989,0
693990,0
693991,0
693992,5
693993,0
693994,0
693995,0
693996,0
693997,0
693998,0
693999,0
694000,0
694001,0
694002,0
694003,0
694004,0
694005,0
694006,0
694007,6
694008,0
694009,0
694010,0
694011,0
694012,0
694013,0
694014,0
694015,0
694016,0
694017,0
694018,10
694019,0
694020,0
694021,5
694022,0
694023,0
694024,0
694025,0
694026,0
694027,4
694028,0
694029,0
694030,6
694031,0
694032,0
694033,0
694034,0
694035,0
694036,4
694037,0
694038,0
694039,0
694040,0
694041,0
694042,0
694043,0
694044,0
694045,0
694046,0
694047,0
694048,0
694049,0
694050,0
694051,0
694052,0
694053,0
694054,0
694055,0
694056,0
694057,0
694058,4
694059,0
694060,0
694061,0
694062,0
694063,0
694064,0
694065,4
694066,0
694067,0
694068,0
694069,7
694070,0
694071,0
694072,0
694073,0
694074,7
694075,0
694076,0
694077,0
694078,0
694079,0
694080,2
694081,0
694082,0
694083,0
694084,0
694085,0
694086,4
694087,9
694088,3
694089,0
694090,0
694091,6
694092,0
694093,0
694094,14
694095,0
694096,0
694097,0
694098,0
694099,0
694100,0
694101,0
694102,0
694103,0
694104,0
694105,8
694106,0
694107,0
694108,2
694109,0
694110,0
694111,8
694112,5
694113,0
694114,0
694115,0
694116,0
694117,7
694118,5
694119,0
694120,0
694121,0
694122,0
694123,0
694124,0
694125,0
694126,0
694127,7
694128,0
694129,0
694130,0
694131,5
694132,0
694133,0
694134,0
694135,0
694136,0
694137,0
694138,0
694139,0
694140,0
694141,0
694142,0
694143,7
694144,0
694145,0
694146,0
694147,0
694148,0
694149,0
694150,0
694151,8
694152,0
694153,0
694154,0
694155,0
694156,0
694157,0
694158,0
694159,0
694160,0
694161,0
694162,0
694163,0
694164,0
694165,0
694166,0
694167,0
694168,0
694169,0
694170,0
694171,0
694172,0
694173,3
694174,0
694175,5
694176,0
694177,0
694178,5
694179,6
694180,0
694181,0
694182,9
694183,0
694184,0
694185,0
694186,0
694187,0
694188,0
694189,0
694190,0
694191,0
694192,0
694193,0
694194,0
694195,0
694196,0
694197,0
694198,0
694199,0
694200,0
694201,0
694202,0
694203,0
694204,0
694205,0
694206,0
694207,0
694208,0
694209,0
694210,10
694211,0
694212,0
694213,0
694214,0
694215,0
694216,2
694217,0
694218,0
694219,0
694220,5
694221,0
694222,4
694223,0
694224,0
694225,0
694226,0
694227,0
694228,0
694229,5
694230,6
694231,0
694232,0
694233,0
694234,0
694235,0
694236,0
694237,0
694238,0
694239,4
694240,3
694241,0
694242,6
694243,0
694244,0
694245,0
694246,0
694247,5
694248,0
694249,0
694250,0
694251,0
694252,0
694253,0
694254,0
694255,4
694256,0
694257,0
694258,0
694259,7
694260,0
694261,0
694262,0
694263,0
694264,0
694265,0
694266,0
694267,4
694268,0
694269,0
694270,2
694271,0
694272,0
694273,0
694274,6
694275,0
694276,0
694277,0
694278,1
694279,0
694280,0
694281,0
694282,7
694283,0
694284,4
694285,0
694286,4
694287,0
694288,0
694289,0
694290,3
694291,1
694292,0
694293,0
694294,0
694295,0
694296,0
694297,6
694298,0
694299,0
694300,0
694301,0
694302,0
694303,8
694304,0
694305,0
694306,0
694307,0
694308,0
694309,0
694310,0
694311,0
694312,0
694313,0
694314,0
694315,0
694316,0
694317,0
694318,0
694319,0
694320,2
694321,0
694322,0
694323,0
694324,0
694325,0
694326,10
694327,0
694328,0
694329,0
694330,0
694331,0
694332,0
694333,0
694334,5
694335,0
694336,8
694337,0
694338,0
694339,0
694340,0
694341,0
694342,0
694343,0
694344,0
694345,0
694346,4
694347,7
694348,0
694349,0
694350,0
694351,0
694352,0
694353,4
694354,4
694355,0
694356,5
694357,4
694358,0
694359,0
694360,0
694361,0
694362,0
694363,0
694364,0
694365,0
694366,0
694367,0
694368,0
694369,0
694370,0
694371,0
694372,0
694373,6
694374,5
694375,0
694376,0
694377,0
694378,0
694379,0
694380,0
694381,0
694382,0
694383,0
694384,0
694385,0
694386,0
694387,2
694388,0
694389,0
694390,0
694391,8
694392,0
694393,0
694394,0
694395,9
694396,0
694397,0
694398,0
694399,0
694400,0
694401,0
694402,0
694403,0
694404,5
694405,4
694406,0
694407,0
694408,0
694409,0
694410,3
694411,0
694412,7
694413,1
694414,0
694415,0
694416,0
694417,0
694418,0
694419,0
694420,0
694421,0
694422,0
694423,0
694424,0
694425,5
694426,0
694427,3
694428,0
694429,2
694430,0
694431,0
694432,5
694433,0
694434,0
694435,0
694436,5
694437,7
694438,6
694439,3
694440,0
694441,0
694442,0
694443,4
694444,0
694445,0
694446,0
694447,0
694448,3
694449,0
694450,0
694451,0
694452,2
694453,0
694454,0
694455,0
694456,0
694457,0
694458,0
694459,4
694460,0
694461,0
694462,0
694463,0
694464,6
694465,0
694466,0
694467,0
694468,0
694469,0
694470,6
694471,2
694472,0
694473,0
694474,0
694475,0
694476,0
694477,2
694478,0
694479,0
694480,0
694481,0
694482,2
694483,1
694484,0
694485,0
694486,0
694487,0
694488,0
694489,0
694490,8
694491,0
694492,4
694493,0
694494,0
694495,0
694496,0
694497,0
694498,0
694499,0
694500,8
694501,0
694502,0
694503,10
694504,4
694505,0
694506,0
694507,0
694508,0
694509,7
694510,0
694511,0
694512,0
694513,0
694514,0
694515,0
694516,0
694517,0
694518,1
694519,0
694520,0
694521,0
694522,4
694523,0
694524,0
694525,0
694526,0
694527,0
694528,0
694529,0
694530,1
694531,0
694532,0
694533,0
694534,0
694535,0
694536,4
694537,0
694538,0
694539,2
694540,0
694541,0
694542,2
694543,0
694544,0
694545,0
694546,0
694547,3
694548,0
694549,0
694550,0
694551,0
694552,0
694553,0
694554,0
694555,0
694556,3
694557,0
694558,0
694559,0
694560,4
694561,0
694562,0
694563,0
694564,0
694565,0
694566,0
694567,2
694568,0
694569,0
694570,0
694571,0
694572,0
694573,0
694574,0
694575,0
694576,0
694577,0
694578,0
694579,0
694580,0
694581,0
694582,0
694583,0
694584,0
694585,0
694586,4
694587,5
694588,0
694589,0
694590,3
694591,0
694592,0
694593,8
694594,4
694595,0
694596,0
694597,4
694598,0
694599,0
694600,0
694601,0
694602,7
694603,0
694604,0
694605,0
694606,2
694607,0
694608,0
694609,0
694610,2
694611,0
694612,0
694613,0
694614,0
694615,5
694616,0
694617,0
694618,0
694619,0
694620,0
694621,5
694622,1
694623,0
694624,9
694625,0
694626,0
694627,0
694628,0
694629,0
694630,8
694631,0
694632,0
694633,0
694634,0
694635,3
694636,0
694637,0
694638,0
694639,0
694640,0
694641,0
694642,6
694643,0
694644,5
694645,3
694646,7
694647,0
694648,0
694649,0
694650,0
694651,0
694652,0
694653,0
694654,2
694655,0
694656,0
694657,0
694658,0
694659,9
694660,0
694661,0
694662,1
694663,0
694664,2
694665,3
694666,4
694667,0
694668,0
694669,0
694670,0
694671,0
694672,0
694673,0
694674,0
694675,0
694676,0
694677,8
694678,0
694679,0
694680,0
694681,0
694682,1
694683,2
694684,0
694685,0
694686,0
694687,0
694688,0
694689,0
694690,0
694691,0
694692,6
694693,1
694694,0
694695,0
694696,0
694697,0
694698,0
694699,3
694700,0
694701,0
694702,0
694703,0
694704,0
694705,5
694706,0
694707,0
694708,0
694709,2
694710,0
694711,3
694712,0
694713,0
694714,0
694715,0
694716,0
694717,0
694718,7
694719,0
694720,0
694721,0
694722,0
694723,0
694724,0
694725,0
694726,0
694727,0
694728,3
694729,0
694730,0
694731,0
694732,0
694733,0
694734,0
694735,0
694736,0
694737,0
694738,0
694739,0
694740,4
694741,6
694742,0
694743,0
694744,3
694745,0
694746,0
694747,0
694748,0
694749,0
694750,0
694751,0
694752,0
694753,2
694754,0
694755,0
694756,0
694757,0
694758,0
694759,0
694760,0
694761,1
694762,0
694763,5
694764,0
694765,10
694766,6
694767,4
694768,0
694769,0
694770,0
694771,0
694772,0
694773,0
694774,4
694775,0
694776,0
694777,0
694778,0
694779,0
694780,5
694781,0
694782,0
694783,0
694784,0
694785,0
694786,0
694787,0
694788,0
694789,0
694790,8
694791,7
694792,0
694793,0
694794,0
694795,0
694796,0
694797,0
694798,7
694799,0
694800,0
694801,2
694802,4
694803,0
694804,0
694805,0
694806,0
694807,0
694808,0
694809,0
694810,0
694811,0
694812,0
694813,0
694814,0
694815,7
694816,1
694817,0
694818,0
694819,0
694820,7
694821,0
694822,0
694823,0
694824,0
694825,0
694826,0
694827,5
694828,0
694829,5
694830,0
694831,7
694832,3
694833,2
694834,6
694835,0
694836,4
694837,9
694838,0
694839,0
694840,0
694841,0
694842,0
694843,0
694844,0
694845,0
694846,14
694847,0
694848,0
694849,0
694850,0
694851,0
694852,0
694853,0
694854,0
694855,0
694856,0
694857,0
694858,0
694859,0
694860,0
694861,0
694862,0
694863,0
694864,0
694865,0
694866,0
694867,0
694868,0
694869,0
694870,0
694871,0
694872,0
694873,0
694874,0
694875,0
694876,0
694877,0
694878,0
694879,0
694880,0
694881,0
694882,0
694883,0
694884,0
694885,0
694886,0
694887,0
694888,0
694889,0
694890,0
694891,1
694892,0
694893,0
694894,0
694895,0
694896,0
694897,0
694898,0
694899,0
694900,0
694901,0
694902,0
694903,0
694904,0
694905,0
694906,0
694907,0
694908,0
694909,0
694910,0
694911,0
694912,1
694913,0
694914,0
694915,0
694916,1
694917,0
694918,0
694919,0
694920,0
694921,0
694922,0
694923,0
694924,0
694925,0
694926,0
694927,0
694928,0
694929,0
694930,0
694931,0
694932,0
694933,0
694934,0
694935,0
694936,0
694937,0
694938,0
694939,0
694940,0
694941,0
694942,0
694943,0
694944,0
694945,0
694946,0
694947,0
694948,0
694949,0
694950,0
694951,0
694952,0
694953,0
694954,0
694955,0
694956,0
694957,0
694958,0
694959,0
694960,0
694961,0
694962,0
694963,0
694964,0
694965,0
694966,0
694967,0
694968,0
694969,0
694970,0
694971,0
694972,0
694973,0
694974,0
694975,0
694976,0
694977,0
694978,0
694979,0
694980,0
694981,0
694982,0
694983,0
694984,0
694985,0
694986,0
694987,0
694988,0
694989,0
694990,0
694991,0
694992,0
694993,0
694994,0
694995,0
694996,0
694997,0
694998,0
694999,0
695000,0
695001,0
695002,0
695003,0
695004,0
695005,0
695006,0
695007,0
695008,0
695009,0
695010,0
695011,0
695012,0
695013,0
695014,0
695015,0
695016,0
695017,0
695018,0
695019,0
695020,0
695021,0
695022,0
695023,0
695024,0
695025,0
695026,0
695027,0
695028,0
695029,0
695030,0
695031,0
695032,0
695033,0
695034,0
695035,0
695036,0
695037,0
695038,0
695039,0
695040,0
695041,0
695042,0
695043,0
695044,0
695045,0
695046,0
695047,0
695048,0
695049,0
695050,0
695051,0
695052,0
695053,0
695054,1
695055,0
695056,0
695057,0
695058,0
695059,0
695060,0
695061,0
695062,0
695063,0
695064,0
695065,0
695066,0
695067,0
695068,0
695069,0
695070,0
695071,0
695072,0
695073,0
695074,0
695075,0
695076,0
695077,0
695078,0
695079,0
695080,0
695081,0
695082,0
695083,0
695084,0
695085,0
695086,0
695087,0
695088,0
695089,0
695090,0
695091,0
695092,0
695093,0
695094,0
695095,0
695096,0
695097,0
695098,0
695099,0
695100,0
695101,0
695102,0
695103,0
695104,0
695105,0
695106,0
695107,0
695108,0
695109,0
695110,0
695111,0
695112,0
695113,0
695114,0
695115,0
695116,0
695117,0
695118,0
695119,0
695120,0
695121,0
695122,0
695123,0
695124,0
695125,0
695126,0
695127,0
695128,0
695129,0
695130,0
695131,0
695132,0
695133,0
695134,0
695135,0
695136,0
695137,0
695138,0
695139,0
695140,0
695141,0
695142,0
695143,0
695144,1
695145,0
695146,0
695147,0
695148,0
695149,0
695150,0
695151,0
695152,0
695153,0
695154,0
695155,0
695156,0
695157,0
695158,0
695159,0
695160,0
695161,0
695162,0
695163,0
695164,0
695165,0
695166,0
695167,0
695168,0
695169,0
695170,0
695171,0
695172,0
695173,0
695174,0
695175,0
695176,0
695177,0
695178,0
695179,0
695180,0
695181,0
695182,0
695183,0
695184,0
695185,0
695186,0
695187,0
695188,0
695189,0
695190,0
695191,0
695192,0
695193,0
695194,0
695195,0
695196,0
695197,0
695198,0
695199,0
695200,0
695201,0
695202,0
695203,0
695204,0
695205,0
695206,0
695207,0
695208,0
695209,0
695210,0
695211,0
695212,0
695213,0
695214,0
695215,0
695216,0
695217,0
695218,0
695219,0
695220,0
695221,0
695222,0
695223,1
695224,0
695225,0
695226,0
695227,1
695228,0
695229,0
695230,0
695231,0
695232,0
695233,0
695234,0
695235,0
695236,0
695237,0
695238,0
695239,0
695240,0
695241,0
695242,0
695243,0
695244,0
695245,0
695246,0
695247,0
695248,0
695249,0
695250,0
695251,0
695252,0
695253,0
695254,0
695255,0
695256,0
695257,0
695258,0
695259,0
695260,0
695261,0
695262,0
695263,0
695264,0
695265,0
695266,0
695267,0
695268,0
695269,0
695270,0
695271,0
695272,0
695273,0
695274,0
695275,0
695276,0
695277,0
695278,0
695279,0
695280,0
695281,0
695282,0
695283,0
695284,0
695285,0
695286,0
695287,0
695288,0
695289,0
695290,0
695291,0
695292,0
695293,0
695294,0
695295,0
695296,0
695297,0
695298,0
695299,0
695300,0
695301,0
695302,0
695303,0
695304,0
695305,0
695306,0
695307,0
695308,0
695309,0
695310,0
695311,0
695312,0
695313,0
695314,1
695315,0
695316,0
695317,0
695318,0
695319,0
695320,0
695321,0
695322,0
695323,0
695324,0
695325,0
695326,0
695327,0
695328,0
695329,0
695330,0
695331,0
695332,0
695333,0
695334,0
695335,0
695336,0
695337,0
695338,0
695339,0
695340,0
695341,0
695342,0
695343,0
695344,0
695345,0
695346,0
695347,0
695348,0
695349,0
695350,0
695351,0
695352,0
695353,0
695354,0
695355,0
695356,0
695357,0
695358,0
695359,0
695360,0
695361,0
695362,0
695363,0
695364,0
695365,0
695366,0
695367,0
695368,0
695369,0
695370,0
695371,0
695372,0
695373,0
695374,0
695375,0
695376,0
695377,0
695378,0
695379,0
695380,0
695381,0
695382,0
695383,0
695384,0
695385,0
695386,0
695387,0
695388,0
695389,0
695390,0
695391,0
695392,0
695393,0
695394,0
695395,0
695396,0
695397,0
695398,0
695399,0
695400,0
695401,0
695402,0
695403,0
695404,0
695405,0
695406,0
695407,0
695408,0
695409,0
695410,0
695411,0
695412,0
695413,0
695414,0
695415,0
695416,0
695417,0
695418,0
695419,0
695420,0
695421,0
695422,0
695423,0
695424,0
695425,0
695426,32
695427,0
695428,0
695429,0
695430,0
695431,32
695432,0
695433,0
695434,0
695435,0
695436,0
695437,16
695438,18
695439,0
695440,0
695441,26
695442,0
695443,0
695444,16
695445,10
695446,0
695447,0
695448,0
695449,0
695450,0
695451,0
695452,0
695453,21
695454,0
695455,0
695456,0
695457,0
695458,0
695459,0
695460,0
695461,0
695462,0
695463,0
695464,26
695465,0
695466,0
695467,0
695468,0
695469,0
695470,0
695471,0
695472,0
695473,0
695474,0
695475,24
695476,16
695477,0
695478,0
695479,0
695480,0
695481,0
695482,0
695483,0
695484,0
695485,0
695486,0
695487,0
695488,0
695489,24
695490,0
695491,0
695492,38
695493,0
695494,34
695495,0
695496,37
695497,0
695498,0
695499,0
695500,0
695501,0
695502,0
695503,0
695504,0
695505,0
695506,20
695507,0
695508,34
695509,0
695510,0
695511,0
695512,0
695513,0
695514,0
695515,0
695516,33
695517,0
695518,0
695519,0
695520,0
695521,0
695522,0
695523,0
695524,23
695525,0
695526,0
695527,0
695528,0
695529,0
695530,32
695531,26
695532,0
695533,0
695534,33
695535,0
695536,0
695537,0
695538,0
695539,0
695540,24
695541,12
695542,0
695543,0
695544,0
695545,0
695546,0
695547,0
695548,0
695549,0
695550,0
695551,0
695552,0
695553,0
695554,39
695555,0
695556,0
695557,0
695558,0
695559,0
695560,0
695561,23
695562,0
695563,0
695564,0
695565,0
695566,0
695567,0
695568,0
695569,0
695570,0
695571,30
695572,0
695573,0
695574,0
695575,0
695576,0
695577,0
695578,0
695579,0
695580,0
695581,0
695582,0
695583,24
695584,0
695585,0
695586,0
695587,18
695588,32
695589,0
695590,0
695591,0
695592,33
695593,0
695594,0
695595,0
695596,0
695597,0
695598,0
695599,0
695600,0
695601,0
695602,40
695603,0
695604,0
695605,20
695606,0
695607,36
695608,0
695609,0
695610,0
695611,41
695612,27
695613,0
695614,0
695615,0
695616,37
695617,0
695618,0
695619,18
695620,0
695621,27
695622,28
695623,0
695624,0
695625,0
695626,0
695627,0
695628,0
695629,0
695630,0
695631,31
695632,0
695633,21
695634,0
695635,0
695636,0
695637,0
695638,0
695639,0
695640,0
695641,0
695642,0
695643,0
695644,0
695645,0
695646,0
695647,29
695648,28
695649,0
695650,0
695651,0
695652,0
695653,0
695654,43
695655,21
695656,0
695657,0
695658,0
695659,39
695660,18
695661,17
695662,0
695663,0
695664,0
695665,0
695666,0
695667,32
695668,0
695669,0
695670,37
695671,27
695672,43
695673,0
695674,0
695675,0
695676,34
695677,50
695678,0
695679,0
695680,0
695681,0
695682,29
695683,0
695684,0
695685,0
695686,0
695687,0
695688,27
695689,0
695690,0
695691,0
695692,17
695693,0
695694,28
695695,35
695696,33
695697,27
695698,0
695699,0
695700,0
695701,0
695702,0
695703,26
695704,35
695705,0
695706,20
695707,0
695708,0
695709,27
695710,23
695711,0
695712,0
695713,0
695714,0
695715,29
695716,0
695717,0
695718,21
695719,0
695720,0
695721,0
695722,0
695723,0
695724,0
695725,0
695726,0
695727,0
695728,0
695729,0
695730,0
695731,0
695732,35
695733,0
695734,0
695735,0
695736,0
695737,0
695738,19
695739,34
695740,0
695741,0
695742,0
695743,0
695744,0
695745,20
695746,0
695747,0
695748,0
695749,0
695750,0
695751,0
695752,0
695753,0
695754,18
695755,0
695756,0
695757,0
695758,0
695759,0
695760,0
695761,23
695762,0
695763,0
695764,0
695765,0
695766,0
695767,0
695768,0
695769,0
695770,28
695771,0
695772,0
695773,0
695774,0
695775,0
695776,0
695777,0
695778,0
695779,0
695780,0
695781,0
695782,0
695783,0
695784,29
695785,0
695786,13
695787,0
695788,0
695789,0
695790,0
695791,0
695792,22
695793,0
695794,0
695795,0
695796,0
695797,42
695798,0
695799,0
695800,0
695801,0
695802,0
695803,32
695804,27
695805,21
695806,0
695807,24
695808,0
695809,0
695810,0
695811,0
695812,0
695813,0
695814,32
695815,0
695816,0
695817,0
695818,0
695819,0
695820,0
695821,0
695822,49
695823,24
695824,0
695825,26
695826,0
695827,0
695828,0
695829,0
695830,0
695831,0
695832,0
695833,22
695834,0
695835,0
695836,22
695837,0
695838,33
695839,23
695840,0
695841,0
695842,0
695843,0
695844,0
695845,0
695846,15
695847,0
695848,0
695849,0
695850,0
695851,0
695852,0
695853,0
695854,0
695855,0
695856,0
695857,0
695858,32
695859,30
695860,20
695861,0
695862,0
695863,0
695864,20
695865,0
695866,0
695867,0
695868,23
695869,23
695870,24
695871,0
695872,33
695873,0
695874,33
695875,0
695876,0
695877,0
695878,0
695879,34
695880,0
695881,0
695882,0
695883,0
695884,21
695885,0
695886,0
695887,0
695888,0
695889,0
695890,0
695891,0
695892,0
695893,16
695894,0
695895,0
695896,0
695897,0
695898,0
695899,0
695900,0
695901,0
695902,0
695903,0
695904,0
695905,0
695906,37
695907,0
695908,18
695909,0
695910,0
695911,0
695912,0
695913,0
695914,0
695915,25
695916,0
695917,24
695918,34
695919,0
695920,37
695921,0
695922,0
695923,43
695924,0
695925,0
695926,0
695927,0
695928,0
695929,0
695930,0
695931,0
695932,0
695933,0
695934,0
695935,0
695936,0
695937,0
695938,25
695939,23
695940,0
695941,0
695942,21
695943,0
695944,29
695945,0
695946,24
695947,0
695948,0
695949,0
695950,0
695951,0
695952,23
695953,0
695954,35
695955,0
695956,0
695957,0
695958,34
695959,0
695960,0
695961,0
695962,0
695963,0
695964,0
695965,0
695966,0
695967,0
695968,0
695969,0
695970,0
695971,43
695972,0
695973,0
695974,0
695975,0
695976,0
695977,0
695978,0
695979,30
695980,0
695981,31
695982,34
695983,0
695984,0
695985,0
695986,0
695987,46
695988,0
695989,0
695990,0
695991,0
695992,0
695993,0
695994,0
695995,0
695996,0
695997,24
695998,0
695999,0
696000,0
696001,0
696002,0
696003,0
696004,0
696005,0
696006,18
696007,0
696008,19
696009,35
696010,0
696011,0
696012,0
696013,0
696014,0
696015,0
696016,0
696017,0
696018,0
696019,0
696020,0
696021,0
696022,0
696023,25
696024,42
696025,47
696026,36
696027,31
696028,0
696029,0
696030,0
696031,0
696032,34
696033,33
696034,0
696035,0
696036,15
696037,0
696038,0
696039,33
696040,0
696041,37
696042,0
696043,0
696044,0
696045,0
696046,0
696047,33
696048,0
696049,0
696050,33
696051,32
696052,31
696053,0
696054,0
696055,29
696056,36
696057,0
696058,0
696059,0
696060,0
696061,0
696062,23
696063,0
696064,0
696065,0
696066,0
696067,21
696068,0
696069,0
696070,0
696071,0
696072,0
696073,0
696074,0
696075,0
696076,36
696077,0
696078,0
696079,0
696080,28
696081,26
696082,26
696083,13
696084,0
696085,25
696086,0
696087,33
696088,29
696089,0
696090,0
696091,24
696092,22
696093,0
696094,21
696095,0
696096,0
696097,0
696098,13
696099,0
696100,32
696101,0
696102,0
696103,0
696104,0
696105,35
696106,0
696107,0
696108,0
696109,23
696110,0
696111,0
696112,0
696113,0
696114,27
696115,0
696116,0
696117,0
696118,0
696119,0
696120,0
696121,0
696122,27
696123,11
696124,23
696125,0
696126,0
696127,0
696128,0
696129,0
696130,0
696131,0
696132,0
696133,0
696134,0
696135,0
696136,0
696137,0
696138,0
696139,0
696140,0
696141,0
696142,0
696143,0
696144,0
696145,0
696146,0
696147,0
696148,0
696149,35
696150,19
696151,0
696152,21
696153,33
696154,23
696155,0
696156,0
696157,0
696158,0
696159,0
696160,0
696161,0
696162,16
696163,0
696164,0
696165,0
696166,0
696167,0
696168,0
696169,0
696170,0
696171,0
696172,0
696173,23
696174,0
696175,0
696176,28
696177,0
696178,0
696179,0
696180,28
696181,16
696182,16
696183,0
696184,0
696185,0
696186,0
696187,0
696188,19
696189,0
696190,0
696191,0
696192,36
696193,29
696194,0
696195,0
696196,0
696197,0
696198,0
696199,0
696200,0
696201,0
696202,0
696203,0
696204,28
696205,20
696206,0
696207,0
696208,0
696209,0
696210,0
696211,17
696212,18
696213,0
696214,0
696215,0
696216,0
696217,0
696218,0
696219,27
696220,0
696221,0
696222,0
696223,0
696224,0
696225,0
696226,0
696227,0
696228,20
696229,0
696230,22
696231,19
696232,0
696233,0
696234,0
696235,0
696236,38
696237,0
696238,31
696239,13
696240,0
696241,0
696242,16
696243,0
696244,0
696245,0
696246,0
696247,23
696248,0
696249,0
696250,0
696251,0
696252,0
696253,0
696254,0
696255,0
696256,0
696257,0
696258,0
696259,36
696260,0
696261,0
696262,30
696263,0
696264,0
696265,0
696266,0
696267,27
696268,0
696269,33
696270,0
696271,0
696272,0
696273,35
696274,0
696275,0
696276,42
696277,46
696278,0
696279,0
696280,26
696281,0
696282,0
696283,0
696284,20
696285,0
696286,0
696287,0
696288,0
696289,36
696290,0
696291,0
696292,23
696293,0
696294,22
696295,0
696296,0
696297,0
696298,17
696299,27
696300,0
696301,0
696302,26
696303,0
696304,19
696305,0
696306,24
696307,0
696308,0
696309,62
696310,0
696311,0
696312,41
696313,37
696314,0
696315,0
696316,0
696317,0
696318,0
696319,28
696320,62
696321,0
696322,0
696323,0
696324,0
696325,20
696326,43
696327,0
696328,0
696329,24
696330,22
696331,34
696332,0
696333,0
696334,0
696335,0
696336,0
696337,0
696338,0
696339,0
696340,14
696341,0
696342,0
696343,32
696344,24
696345,0
696346,0
696347,0
696348,0
696349,0
696350,0
696351,0
696352,0
696353,0
696354,0
696355,36
696356,0
696357,0
696358,0
696359,0
696360,0
696361,0
696362,27
696363,0
696364,0
696365,0
696366,33
696367,0
696368,0
696369,0
696370,0
696371,18
696372,0
696373,0
696374,0
696375,0
696376,22
696377,0
696378,0
696379,0
696380,0
696381,0
696382,0
696383,0
696384,0
696385,0
696386,0
696387,0
696388,0
696389,0
696390,0
696391,0
696392,0
696393,0
696394,0
696395,0
696396,0
696397,23
696398,36
696399,0
696400,24
696401,21
696402,0
696403,29
696404,0
696405,28
696406,0
696407,31
696408,35
696409,0
696410,0
696411,0
696412,0
696413,0
696414,0
696415,0
696416,0
696417,0
696418,0
696419,0
696420,0
696421,0
696422,9
696423,31
696424,0
696425,0
696426,0
696427,38
696428,0
696429,26
696430,0
696431,0
696432,25
696433,30
696434,22
696435,0
696436,0
696437,17
696438,33
696439,0
696440,0
696441,0
696442,0
696443,0
696444,0
696445,0
696446,19
696447,0
696448,0
696449,0
696450,0
696451,0
696452,0
696453,0
696454,17
696455,0
696456,0
696457,0
696458,0
696459,0
696460,0
696461,0
696462,0
696463,0
696464,15
696465,30
696466,0
696467,0
696468,0
696469,0
696470,18
696471,0
696472,0
696473,0
696474,0
696475,0
696476,0
696477,0
696478,0
696479,0
696480,0
696481,28
696482,29
696483,17
696484,0
696485,0
696486,17
696487,0
696488,19
696489,42
696490,0
696491,0
696492,0
696493,24
696494,0
696495,0
696496,19
696497,0
696498,0
696499,0
696500,0
696501,0
696502,0
696503,31
696504,0
696505,27
696506,0
696507,0
696508,0
696509,0
696510,17
696511,0
696512,0
696513,0
696514,16
696515,0
696516,0
696517,21
696518,0
696519,18
696520,0
696521,34
696522,0
696523,0
696524,0
696525,0
696526,19
696527,0
696528,0
696529,0
696530,0
696531,19
696532,0
696533,0
696534,24
696535,0
696536,0
696537,30
696538,0
696539,21
696540,0
696541,0
696542,0
696543,0
696544,0
696545,0
696546,0
696547,0
696548,0
696549,0
696550,0
696551,0
696552,0
696553,17
696554,0
696555,47
696556,0
696557,0
696558,0
696559,0
696560,0
696561,0
696562,17
696563,0
696564,25
696565,0
696566,25
696567,0
696568,15
696569,0
696570,0
696571,0
696572,40
696573,0
696574,0
696575,0
696576,0
696577,0
696578,0
696579,49
696580,0
696581,0
696582,0
696583,0
696584,21
696585,0
696586,0
696587,0
696588,20
696589,0
696590,0
696591,0
696592,0
696593,0
696594,0
696595,0
696596,0
696597,0
696598,15
696599,40
696600,0
696601,0
696602,0
696603,0
696604,38
696605,0
696606,39
696607,0
696608,0
696609,0
696610,26
696611,0
696612,0
696613,0
696614,0
696615,0
696616,0
696617,0
696618,0
696619,0
696620,0
696621,0
696622,28
696623,0
696624,23
696625,0
696626,0
696627,24
696628,33
696629,0
696630,0
696631,42
696632,0
696633,0
696634,16
696635,0
696636,0
696637,16
696638,0
696639,0
696640,0
696641,0
696642,0
696643,0
696644,0
696645,0
696646,0
696647,0
696648,0
696649,0
696650,15
696651,15
696652,0
696653,20
696654,0
696655,0
696656,0
696657,46
696658,34
696659,0
696660,0
696661,30
696662,0
696663,0
696664,0
696665,0
696666,0
696667,0
696668,0
696669,0
696670,0
696671,0
696672,18
696673,0
696674,0
696675,36
696676,0
696677,32
696678,16
696679,0
696680,0
696681,0
696682,0
696683,0
696684,0
696685,0
696686,38
696687,0
696688,0
696689,0
696690,0
696691,0
696692,20
696693,0
696694,7
696695,0
696696,25
696697,35
696698,15
696699,36
696700,0
696701,0
696702,0
696703,0
696704,0
696705,0
696706,0
696707,0
696708,0
696709,0
696710,0
696711,0
696712,0
696713,0
696714,0
696715,15
696716,0
696717,0
696718,0
696719,0
696720,0
696721,11
696722,34
696723,0
696724,18
696725,0
696726,0
696727,21
696728,19
696729,0
696730,0
696731,22
696732,0
696733,0
696734,0
696735,0
696736,0
696737,0
696738,0
696739,0
696740,0
696741,11
696742,32
696743,18
696744,0
696745,25
696746,0
696747,0
696748,0
696749,23
696750,0
696751,0
696752,18
696753,0
696754,0
696755,0
696756,0
696757,10
696758,0
696759,35
696760,0
696761,0
696762,0
696763,0
696764,34
696765,0
696766,0
696767,18
696768,0
696769,0
696770,0
696771,0
696772,0
696773,0
696774,0
696775,0
696776,0
696777,0
696778,0
696779,0
696780,0
696781,0
696782,0
696783,23
696784,0
696785,17
696786,23
696787,0
696788,41
696789,0
696790,29
696791,0
696792,0
696793,0
696794,25
696795,0
696796,0
696797,0
696798,0
696799,0
696800,0
696801,0
696802,0
696803,18
696804,0
696805,0
696806,0
696807,0
696808,16
696809,53
696810,0
696811,0
696812,0
696813,26
696814,0
696815,0
696816,0
696817,0
696818,0
696819,0
696820,0
696821,0
696822,29
696823,0
696824,30
696825,0
696826,18
696827,16
696828,0
696829,0
696830,0
696831,0
696832,0
696833,0
696834,21
696835,0
696836,0
696837,31
696838,0
696839,0
696840,0
696841,0
696842,31
696843,0
696844,14
696845,0
696846,0
696847,0
696848,0
696849,56
696850,0
696851,0
696852,21
696853,0
696854,31
696855,0
696856,37
696857,0
696858,27
696859,0
696860,0
696861,0
696862,10
696863,17
696864,0
696865,0
696866,0
696867,0
696868,0
696869,0
696870,0
696871,0
696872,0
696873,0
696874,0
696875,0
696876,0
696877,0
696878,0
696879,0
696880,0
696881,0
696882,0
696883,0
696884,0
696885,0
696886,0
696887,0
696888,0
696889,0
696890,0
696891,0
696892,0
696893,0
696894,0
696895,0
696896,23
696897,41
696898,0
696899,28
696900,14
696901,13
696902,0
696903,0
696904,0
696905,0
696906,0
696907,0
696908,0
696909,0
696910,29
696911,22
696912,0
696913,0
696914,33
696915,0
696916,0
696917,0
696918,0
696919,0
696920,35
696921,20
696922,0
696923,33
696924,0
696925,0
696926,18
696927,12
696928,43
696929,0
696930,0
696931,0
696932,21
696933,0
696934,0
696935,29
696936,41
696937,0
696938,23
696939,0
696940,39
696941,19
696942,11
696943,0
696944,0
696945,0
696946,0
696947,22
696948,0
696949,0
696950,12
696951,0
696952,0
696953,0
696954,0
696955,22
696956,0
696957,0
696958,0
696959,0
696960,25
696961,0
696962,0
696963,0
696964,0
696965,0
696966,28
696967,0
696968,21
696969,0
696970,0
696971,0
696972,0
696973,0
696974,0
696975,0
696976,33
696977,0
696978,0
696979,8
696980,0
696981,0
696982,0
696983,0
696984,19
696985,0
696986,0
696987,0
696988,0
696989,0
696990,0
696991,0
696992,0
696993,0
696994,0
696995,0
696996,0
696997,0
696998,0
696999,0
697000,0
697001,0
697002,0
697003,0
697004,0
697005,0
697006,0
697007,0
697008,0
697009,0
697010,0
697011,0
697012,0
697013,0
697014,0
697015,0
697016,0
697017,0
697018,0
697019,0
697020,0
697021,0
697022,0
697023,0
697024,0
697025,11
697026,0
697027,0
697028,5
697029,0
697030,0
697031,0
697032,0
697033,13
697034,0
697035,0
697036,0
697037,0
697038,0
697039,0
697040,0
697041,0
697042,0
697043,0
697044,0
697045,0
697046,0
697047,0
697048,0
697049,0
697050,0
697051,21
697052,0
697053,0
697054,0
697055,0
697056,0
697057,0
697058,0
697059,0
697060,0
697061,0
697062,0
697063,13
697064,0
697065,0
697066,0
697067,0
697068,0
697069,0
697070,0
697071,0
697072,0
697073,0
697074,0
697075,14
697076,0
697077,0
697078,0
697079,0
697080,0
697081,0
697082,0
697083,0
697084,0
697085,0
697086,26
697087,0
697088,0
697089,0
697090,0
697091,0
697092,0
697093,0
697094,0
697095,0
697096,0
697097,0
697098,0
697099,0
697100,0
697101,0
697102,0
697103,0
697104,0
697105,0
697106,0
697107,0
697108,0
697109,0
697110,0
697111,0
697112,0
697113,0
697114,0
697115,0
697116,0
697117,0
697118,0
697119,0
697120,0
697121,0
697122,0
697123,0
697124,8
697125,0
697126,0
697127,0
697128,0
697129,0
697130,8
697131,0
697132,0
697133,0
697134,0
697135,0
697136,0
697137,0
697138,0
697139,0
697140,0
697141,0
697142,0
697143,0
697144,0
697145,0
697146,0
697147,0
697148,0
697149,0
697150,0
697151,0
697152,0
697153,0
697154,0
697155,0
697156,0
697157,0
697158,0
697159,0
697160,0
697161,0
697162,0
697163,0
697164,0
697165,17
697166,0
697167,0
697168,0
697169,0
697170,0
697171,0
697172,0
697173,0
697174,12
697175,0
697176,0
697177,0
697178,0
697179,0
697180,0
697181,14
697182,0
697183,0
697184,0
697185,4
697186,0
697187,0
697188,0
697189,9
697190,0
697191,0
697192,0
697193,0
697194,0
697195,0
697196,0
697197,0
697198,0
697199,0
697200,0
697201,0
697202,0
697203,0
697204,0
697205,0
697206,0
697207,0
697208,0
697209,0
697210,0
697211,0
697212,0
697213,0
697214,0
697215,0
697216,0
697217,0
697218,0
697219,0
697220,0
697221,0
697222,0
697223,0
697224,21
697225,0
697226,0
697227,0
697228,0
697229,0
697230,0
697231,0
697232,17
697233,0
697234,0
697235,0
697236,0
697237,0
697238,7
697239,0
697240,0
697241,0
697242,0
697243,0
697244,23
697245,0
697246,0
697247,0
697248,0
697249,0
697250,0
697251,0
697252,0
697253,0
697254,0
697255,0
697256,0
697257,0
697258,11
697259,0
697260,0
697261,0
697262,0
697263,0
697264,0
697265,0
697266,0
697267,0
697268,0
697269,0
697270,0
697271,0
697272,0
697273,0
697274,0
697275,0
697276,0
697277,0
697278,3
697279,0
697280,0
697281,0
697282,0
697283,0
697284,0
697285,0
697286,0
697287,0
697288,0
697289,0
697290,0
697291,0
697292,0
697293,3
697294,0
697295,0
697296,0
697297,0
697298,0
697299,11
697300,15
697301,0
697302,0
697303,0
697304,0
697305,0
697306,0
697307,0
697308,0
697309,0
697310,0
697311,0
697312,0
697313,0
697314,0
697315,0
697316,0
697317,17
697318,0
697319,0
697320,0
697321,0
697322,0
697323,0
697324,0
697325,0
697326,0
697327,0
697328,10
697329,0
697330,0
697331,0
697332,0
697333,0
697334,0
697335,0
697336,0
697337,0
697338,0
697339,0
697340,0
697341,0
697342,0
697343,0
697344,0
697345,0
697346,0
697347,0
697348,0
697349,0
697350,0
697351,8
697352,0
697353,0
697354,0
697355,0
697356,0
697357,0
697358,0
697359,0
697360,0
697361,0
697362,15
697363,0
697364,0
697365,0
697366,0
697367,0
697368,0
697369,0
697370,0
697371,0
697372,0
697373,0
697374,0
697375,0
697376,0
697377,0
697378,0
697379,0
697380,10
697381,0
697382,0
697383,0
697384,0
697385,15
697386,0
697387,18
697388,0
697389,0
697390,18
697391,0
697392,0
697393,0
697394,0
697395,0
697396,0
697397,0
697398,0
697399,0
697400,0
697401,0
697402,0
697403,0
697404,5
697405,0
697406,0
697407,0
697408,0
697409,0
697410,0
697411,0
697412,0
697413,0
697414,0
697415,0
697416,0
697417,0
697418,0
697419,0
697420,0
697421,0
697422,0
697423,0
697424,0
697425,0
697426,0
697427,0
697428,0
697429,0
697430,0
697431,0
697432,0
697433,0
697434,0
697435,18
697436,0
697437,0
697438,0
697439,0
697440,0
697441,0
697442,0
697443,0
697444,0
697445,9
697446,0
697447,0
697448,0
697449,0
697450,0
697451,0
697452,0
697453,0
697454,10
697455,0
697456,0
697457,0
697458,0
697459,0
697460,0
697461,0
697462,0
697463,0
697464,0
697465,0
697466,0
697467,0
697468,0
697469,0
697470,0
697471,0
697472,0
697473,0
697474,0
697475,0
697476,0
697477,0
697478,0
697479,0
697480,0
697481,0
697482,0
697483,0
697484,0
697485,0
697486,0
697487,0
697488,0
697489,0
697490,0
697491,0
697492,0
697493,0
697494,0
697495,0
697496,6
697497,0
697498,0
697499,0
697500,0
697501,0
697502,0
697503,0
697504,0
697505,0
697506,0
697507,0
697508,0
697509,13
697510,0
697511,0
697512,0
697513,0
697514,0
697515,0
697516,0
697517,0
697518,0
697519,0
697520,0
697521,0
697522,0
697523,0
697524,0
697525,0
697526,0
697527,0
697528,0
697529,0
697530,0
697531,0
697532,0
697533,0
697534,0
697535,0
697536,0
697537,0
697538,0
697539,4
697540,0
697541,0
697542,0
697543,0
697544,0
697545,0
697546,0
697547,0
697548,0
697549,12
697550,0
697551,0
697552,0
697553,0
697554,0
697555,6
697556,0
697557,0
697558,0
697559,0
697560,0
697561,0
697562,0
697563,0
697564,0
697565,0
697566,0
697567,0
697568,0
697569,0
697570,0
697571,0
697572,0
697573,0
697574,0
697575,0
697576,15
697577,0
697578,0
697579,0
697580,0
697581,0
697582,0
697583,0
697584,0
697585,0
697586,0
697587,0
697588,0
697589,0
697590,21
697591,0
697592,0
697593,0
697594,0
697595,0
697596,0
697597,0
697598,0
697599,0
697600,0
697601,0
697602,0
697603,0
697604,0
697605,0
697606,0
697607,0
697608,0
697609,0
697610,0
697611,0
697612,0
697613,0
697614,0
697615,0
697616,0
697617,0
697618,0
697619,0
697620,0
697621,0
697622,0
697623,0
697624,0
697625,0
697626,0
697627,0
697628,0
697629,0
697630,0
697631,0
697632,0
697633,0
697634,0
697635,0
697636,0
697637,9
697638,0
697639,0
697640,0
697641,10
697642,0
697643,0
697644,0
697645,0
697646,0
697647,0
697648,0
697649,0
697650,0
697651,0
697652,0
697653,0
697654,0
697655,0
697656,0
697657,0
697658,0
697659,0
697660,0
697661,0
697662,0
697663,0
697664,0
697665,0
697666,9
697667,20
697668,0
697669,0
697670,0
697671,0
697672,0
697673,0
697674,0
697675,0
697676,0
697677,0
697678,0
697679,0
697680,0
697681,0
697682,0
697683,0
697684,14
697685,0
697686,0
697687,0
697688,0
697689,0
697690,0
697691,0
697692,0
697693,0
697694,0
697695,0
697696,0
697697,20
697698,0
697699,0
697700,0
697701,0
697702,0
697703,0
697704,0
697705,0
697706,0
697707,0
697708,16
697709,0
697710,0
697711,0
697712,0
697713,0
697714,11
697715,0
697716,0
697717,17
697718,0
697719,0
697720,0
697721,0
697722,0
697723,0
697724,0
697725,0
697726,0
697727,0
697728,0
697729,0
697730,0
697731,0
697732,0
697733,0
697734,0
697735,0
697736,0
697737,0
697738,0
697739,0
697740,0
697741,0
697742,0
697743,0
697744,8
697745,0
697746,0
697747,0
697748,0
697749,0
697750,0
697751,0
697752,0
697753,0
697754,19
697755,0
697756,0
697757,0
697758,0
697759,0
697760,0
697761,0
697762,0
697763,0
697764,0
697765,0
697766,0
697767,0
697768,0
697769,0
697770,0
697771,0
697772,0
697773,0
697774,0
697775,0
697776,0
697777,0
697778,0
697779,0
697780,0
697781,0
697782,0
697783,0
697784,0
697785,0
697786,0
697787,0
697788,0
697789,0
697790,0
697791,0
697792,0
697793,0
697794,0
697795,0
697796,0
697797,0
697798,0
697799,0
697800,0
697801,0
697802,0
697803,0
697804,0
697805,0
697806,0
697807,0
697808,0
697809,0
697810,0
697811,0
697812,0
697813,0
697814,0
697815,0
697816,0
697817,0
697818,23
697819,0
697820,0
697821,48
697822,0
697823,43
697824,35
697825,0
697826,0
697827,0
697828,0
697829,0
697830,0
697831,0
697832,25
697833,0
697834,0
697835,0
697836,0
697837,0
697838,0
697839,0
697840,26
697841,19
697842,0
697843,0
697844,0
697845,0
697846,0
697847,0
697848,37
697849,0
697850,0
697851,0
697852,0
697853,30
697854,0
697855,0
697856,0
697857,0
697858,0
697859,0
697860,0
697861,0
697862,39
697863,18
697864,0
697865,0
697866,37
697867,0
697868,0
697869,0
697870,0
697871,0
697872,0
697873,0
697874,0
697875,0
697876,0
697877,0
697878,0
697879,0
697880,0
697881,0
697882,0
697883,0
697884,0
697885,0
697886,0
697887,0
697888,0
697889,0
697890,0
697891,0
697892,0
697893,0
697894,0
697895,0
697896,0
697897,0
697898,0
697899,0
697900,0
697901,0
697902,0
697903,0
697904,0
697905,0
697906,0
697907,0
697908,0
697909,0
697910,0
697911,0
697912,0
697913,0
697914,42
697915,47
697916,26
697917,0
697918,15
697919,0
697920,0
697921,0
697922,0
697923,0
697924,0
697925,0
697926,0
697927,27
697928,0
697929,0
697930,0
697931,0
697932,0
697933,0
697934,0
697935,0
697936,0
697937,0
697938,0
697939,30
697940,0
697941,0
697942,0
697943,38
697944,0
697945,28
697946,0
697947,0
697948,19
697949,0
697950,0
697951,0
697952,0
697953,0
697954,0
697955,0
697956,0
697957,0
697958,0
697959,0
697960,0
697961,0
697962,0
697963,0
697964,0
697965,0
697966,0
697967,32
697968,0
697969,0
697970,0
697971,0
697972,51
697973,0
697974,0
697975,0
697976,0
697977,0
697978,47
697979,0
697980,0
697981,0
697982,0
697983,0
697984,0
697985,21
697986,60
697987,0
697988,0
697989,42
697990,0
697991,0
697992,0
697993,0
697994,0
697995,0
697996,0
697997,47
697998,0
697999,34
698000,17
698001,30
698002,0
698003,0
698004,0
698005,0
698006,0
698007,0
698008,0
698009,0
698010,44
698011,0
698012,0
698013,0
698014,0
698015,0
698016,0
698017,0
698018,0
698019,0
698020,0
698021,0
698022,0
698023,0
698024,0
698025,0
698026,0
698027,0
698028,0
698029,0
698030,0
698031,0
698032,0
698033,0
698034,26
698035,0
698036,0
698037,34
698038,0
698039,34
698040,0
698041,0
698042,0
698043,0
698044,0
698045,0
698046,0
698047,0
698048,0
698049,19
698050,42
698051,0
698052,0
698053,0
698054,0
698055,0
698056,0
698057,0
698058,0
698059,0
698060,0
698061,0
698062,0
698063,0
698064,0
698065,0
698066,0
698067,0
698068,31
698069,0
698070,0
698071,0
698072,0
698073,0
698074,0
698075,0
698076,0
698077,0
698078,0
698079,0
698080,0
698081,46
698082,0
698083,0
698084,0
698085,0
698086,0
698087,0
698088,0
698089,0
698090,0
698091,0
698092,0
698093,45
698094,71
698095,0
698096,0
698097,0
698098,38
698099,0
698100,34
698101,0
698102,0
698103,0
698104,19
698105,44
698106,0
698107,0
698108,0
698109,33
698110,33
698111,8
698112,0
698113,0
698114,0
698115,0
698116,0
698117,0
698118,0
698119,0
698120,0
698121,0
698122,57
698123,0
698124,0
698125,0
698126,24
698127,0
698128,49
698129,0
698130,23
698131,0
698132,32
698133,50
698134,0
698135,0
698136,0
698137,0
698138,0
698139,8
698140,0
698141,0
698142,0
698143,0
698144,10
698145,0
698146,0
698147,7
698148,0
698149,0
698150,0
698151,0
698152,0
698153,0
698154,0
698155,0
698156,8
698157,0
698158,4
698159,2
698160,0
698161,6
698162,0
698163,4
698164,0
698165,0
698166,0
698167,0
698168,0
698169,0
698170,6
698171,0
698172,0
698173,0
698174,0
698175,0
698176,0
698177,10
698178,0
698179,2
698180,0
698181,4
698182,0
698183,0
698184,3
698185,0
698186,0
698187,5
698188,3
698189,0
698190,0
698191,2
698192,0
698193,0
698194,0
698195,0
698196,0
698197,0
698198,3
698199,39
698200,0
698201,20
698202,0
698203,0
698204,0
698205,0
698206,0
698207,33
698208,0
698209,0
698210,0
698211,0
698212,0
698213,23
698214,0
698215,0
698216,0
698217,0
698218,25
698219,0
698220,31
698221,0
698222,0
698223,0
698224,29
698225,0
698226,0
698227,25
698228,32
698229,0
698230,0
698231,21
698232,26
698233,23
698234,35
698235,0
698236,0
698237,0
698238,0
698239,0
698240,21
698241,0
698242,0
698243,30
698244,23
698245,0
698246,0
698247,0
698248,40
698249,0
698250,0
698251,27
698252,0
698253,0
698254,18
698255,20
698256,0
698257,0
698258,30
698259,0
698260,0
698261,20
698262,0
698263,0
698264,0
698265,0
698266,0
698267,0
698268,14
698269,0
698270,19
698271,32
698272,0
698273,39
698274,0
698275,0
698276,0
698277,0
698278,0
698279,0
698280,0
698281,0
698282,0
698283,0
698284,21
698285,15
698286,0
698287,0
698288,0
698289,0
698290,36
698291,0
698292,20
698293,0
698294,26
698295,0
698296,0
698297,31
698298,0
698299,31
698300,0
698301,36
698302,26
698303,28
698304,0
698305,0
698306,31
698307,0
698308,16
698309,0
698310,0
698311,30
698312,28
698313,27
698314,28
698315,0
698316,37
698317,0
698318,18
698319,0
698320,0
698321,0
698322,0
698323,40
698324,0
698325,23
698326,0
698327,30
698328,29
698329,0
698330,24
698331,0
698332,0
698333,0
698334,0
698335,0
698336,26
698337,0
698338,0
698339,0
698340,0
698341,0
698342,0
698343,0
698344,0
698345,0
698346,0
698347,0
698348,0
698349,0
698350,0
698351,0
698352,0
698353,0
698354,0
698355,0
698356,0
698357,39
698358,0
698359,0
698360,33
698361,0
698362,0
698363,0
698364,0
698365,35
698366,0
698367,0
698368,0
698369,0
698370,31
698371,0
698372,0
698373,32
698374,0
698375,37
698376,0
698377,26
698378,0
698379,0
698380,30
698381,0
698382,0
698383,0
698384,35
698385,0
698386,0
698387,27
698388,0
698389,0
698390,25
698391,0
698392,0
698393,0
698394,0
698395,0
698396,31
698397,25
698398,0
698399,0
698400,30
698401,0
698402,0
698403,0
698404,0
698405,0
698406,0
698407,0
698408,19
698409,28
698410,0
698411,0
698412,0
698413,0
698414,0
698415,0
698416,0
698417,0
698418,0
698419,0
698420,0
698421,31
698422,0
698423,0
698424,0
698425,0
698426,0
698427,0
698428,0
698429,0
698430,0
698431,0
698432,27
698433,0
698434,0
698435,0
698436,0
698437,0
698438,0
698439,0
698440,26
698441,0
698442,19
698443,0
698444,0
698445,21
698446,0
698447,32
698448,0
698449,19
698450,0
698451,0
698452,0
698453,0
698454,0
698455,0
698456,0
698457,0
698458,0
698459,0
698460,0
698461,0
698462,0
698463,14
698464,0
698465,0
698466,0
698467,0
698468,40
698469,22
698470,0
698471,0
698472,24
698473,29
698474,26
698475,0
698476,38
698477,0
698478,24
698479,0
698480,34
698481,0
698482,0
698483,29
698484,0
698485,0
698486,0
698487,0
698488,0
698489,28
698490,27
698491,0
698492,0
698493,0
698494,0
698495,0
698496,0
698497,0
698498,29
698499,21
698500,25
698501,0
698502,37
698503,0
698504,0
698505,0
698506,25
698507,0
698508,0
698509,25
698510,0
698511,19
698512,0
698513,0
698514,0
698515,0
698516,0
698517,25
698518,0
698519,0
698520,0
698521,0
698522,34
698523,0
698524,0
698525,0
698526,0
698527,0
698528,25
698529,0
698530,0
698531,33
698532,25
698533,0
698534,39
698535,24
698536,0
698537,0
698538,0
698539,0
698540,0
698541,0
698542,0
698543,23
698544,0
698545,0
698546,0
698547,0
698548,0
698549,0
698550,53
698551,0
698552,0
698553,0
698554,0
698555,0
698556,0
698557,0
698558,0
698559,0
698560,0
698561,0
698562,0
698563,26
698564,0
698565,24
698566,31
698567,0
698568,0
698569,0
698570,0
698571,0
698572,0
698573,0
698574,0
698575,0
698576,0
698577,14
698578,0
698579,0
698580,0
698581,0
698582,0
698583,0
698584,0
698585,0
698586,0
698587,0
698588,0
698589,15
698590,19
698591,0
698592,11
698593,28
698594,0
698595,0
698596,0
698597,0
698598,0
698599,0
698600,17
698601,0
698602,0
698603,0
698604,0
698605,0
698606,0
698607,22
698608,28
698609,21
698610,0
698611,0
698612,0
698613,0
698614,15
698615,0
698616,0
698617,0
698618,0
698619,35
698620,29
698621,0
698622,28
698623,0
698624,30
698625,0
698626,33
698627,0
698628,0
698629,0
698630,0
698631,0
698632,0
698633,0
698634,0
698635,0
698636,0
698637,0
698638,22
698639,0
698640,0
698641,0
698642,24
698643,34
698644,0
698645,32
698646,0
698647,31
698648,0
698649,24
698650,0
698651,0
698652,0
698653,0
698654,0
698655,0
698656,24
698657,0
698658,23
698659,40
698660,0
698661,0
698662,0
698663,17
698664,0
698665,0
698666,0
698667,0
698668,0
698669,30
698670,0
698671,0
698672,0
698673,0
698674,0
698675,32
698676,0
698677,0
698678,30
698679,20
698680,0
698681,17
698682,0
698683,0
698684,21
698685,21
698686,0
698687,0
698688,0
698689,0
698690,18
698691,0
698692,0
698693,0
698694,0
698695,30
698696,0
698697,0
698698,30
698699,0
698700,0
698701,0
698702,0
698703,0
698704,0
698705,0
698706,0
698707,0
698708,26
698709,0
698710,45
698711,0
698712,0
698713,33
698714,0
698715,17
698716,0
698717,0
698718,0
698719,33
698720,0
698721,0
698722,0
698723,0
698724,0
698725,0
698726,0
698727,0
698728,0
698729,0
698730,0
698731,39
698732,0
698733,0
698734,0
698735,0
698736,0
698737,0
698738,0
698739,0
698740,0
698741,0
698742,36
698743,0
698744,23
698745,0
698746,0
698747,0
698748,0
698749,30
698750,0
698751,0
698752,0
698753,0
698754,0
698755,39
698756,0
698757,0
698758,0
698759,22
698760,0
698761,0
698762,0
698763,0
698764,0
698765,23
698766,0
698767,26
698768,0
698769,0
698770,25
698771,22
698772,0
698773,0
698774,33
698775,32
698776,0
698777,0
698778,0
698779,27
698780,0
698781,0
698782,0
698783,0
698784,0
698785,0
698786,0
698787,0
698788,0
698789,0
698790,13
698791,0
698792,16
698793,0
698794,0
698795,0
698796,0
698797,0
698798,0
698799,0
698800,11
698801,0
698802,0
698803,0
698804,0
698805,11
698806,0
698807,0
698808,0
698809,0
698810,0
698811,0
698812,0
698813,0
698814,14
698815,0
698816,16
698817,0
698818,12
698819,0
698820,0
698821,0
698822,0
698823,11
698824,0
698825,15
698826,0
698827,17
698828,7
698829,0
698830,0
698831,0
698832,0
698833,0
698834,0
698835,0
698836,0
698837,0
698838,12
698839,0
698840,0
698841,9
698842,15
698843,0
698844,0
698845,6
698846,0
698847,0
698848,13
698849,0
698850,0
698851,0
698852,0
698853,0
698854,0
698855,0
698856,0
698857,0
698858,12
698859,12
698860,0
698861,0
698862,0
698863,13
698864,0
698865,0
698866,0
698867,0
698868,0
698869,0
698870,0
698871,0
698872,0
698873,0
698874,0
698875,0
698876,0
698877,0
698878,0
698879,0
698880,0
698881,0
698882,0
698883,0
698884,0
698885,0
698886,0
698887,0
698888,0
698889,6
698890,8
698891,0
698892,0
698893,0
698894,0
698895,9
698896,0
698897,0
698898,12
698899,3
698900,0
698901,0
698902,0
698903,0
698904,0
698905,0
698906,0
698907,0
698908,0
698909,0
698910,0
698911,0
698912,0
698913,0
698914,0
698915,0
698916,0
698917,11
698918,0
698919,0
698920,0
698921,0
698922,0
698923,0
698924,0
698925,0
698926,0
698927,0
698928,0
698929,0
698930,0
698931,0
698932,0
698933,0
698934,0
698935,0
698936,0
698937,0
698938,0
698939,0
698940,0
698941,0
698942,16
698943,0
698944,0
698945,0
698946,0
698947,0
698948,0
698949,15
698950,0
698951,0
698952,0
698953,0
698954,9
698955,0
698956,0
698957,0
698958,0
698959,0
698960,0
698961,0
698962,10
698963,0
698964,0
698965,0
698966,12
698967,0
698968,0
698969,0
698970,14
698971,0
698972,0
698973,0
698974,0
698975,0
698976,0
698977,11
698978,0
698979,0
698980,0
698981,0
698982,0
698983,0
698984,10
698985,6
698986,0
698987,10
698988,0
698989,15
698990,0
698991,0
698992,0
698993,0
698994,0
698995,13
698996,0
698997,0
698998,9
698999,0
699000,10
699001,6
699002,0
699003,0
699004,0
699005,0
699006,0
699007,0
699008,15
699009,0
699010,0
699011,0
699012,0
699013,21
699014,0
699015,9
699016,0
699017,0
699018,15
699019,9
699020,0
699021,0
699022,0
699023,0
699024,0
699025,0
699026,14
699027,10
699028,0
699029,0
699030,0
699031,16
699032,19
699033,0
699034,0
699035,0
699036,0
699037,0
699038,0
699039,0
699040,0
699041,0
699042,0
699043,0
699044,0
699045,0
699046,0
699047,0
699048,0
699049,0
699050,0
699051,7
699052,0
699053,0
699054,0
699055,2
699056,6
699057,2
699058,0
699059,0
699060,0
699061,0
699062,0
699063,0
699064,3
699065,0
699066,0
699067,0
699068,0
699069,0
699070,0
699071,5
699072,0
699073,0
699074,2
699075,0
699076,0
699077,0
699078,0
699079,0
699080,3
699081,0
699082,0
699083,4
699084,0
699085,0
699086,0
699087,0
699088,0
699089,0
699090,0
699091,0
699092,0
699093,3
699094,0
699095,5
699096,1
699097,0
699098,2
699099,0
699100,0
699101,0
699102,0
699103,0
699104,0
699105,3
699106,2
699107,3
699108,3
699109,5
699110,0
699111,0
699112,0
699113,0
699114,4
699115,6
699116,0
699117,0
699118,0
699119,0
699120,0
699121,5
699122,3
699123,0
699124,0
699125,2
699126,6
699127,0
699128,0
699129,0
699130,0
699131,3
699132,0
699133,0
699134,0
699135,0
699136,0
699137,0
699138,0
699139,0
699140,0
699141,0
699142,0
699143,0
699144,0
699145,0
699146,0
699147,0
699148,0
699149,0
699150,0
699151,0
699152,0
699153,0
699154,0
699155,10
699156,0
699157,0
699158,0
699159,0
699160,0
699161,0
699162,0
699163,0
699164,0
699165,0
699166,0
699167,0
699168,0
699169,0
699170,0
699171,0
699172,0
699173,0
699174,0
699175,0
699176,0
699177,0
699178,0
699179,0
699180,0
699181,0
699182,0
699183,0
699184,0
699185,0
699186,0
699187,0
699188,45
699189,0
699190,0
699191,0
699192,0
699193,0
699194,0
699195,0
699196,0
699197,0
699198,0
699199,0
699200,0
699201,0
699202,0
699203,0
699204,0
699205,0
699206,0
699207,0
699208,0
699209,0
699210,0
699211,25
699212,0
699213,0
699214,0
699215,0
699216,0
699217,0
699218,0
699219,0
699220,0
699221,0
699222,0
699223,0
699224,0
699225,0
699226,0
699227,0
699228,0
699229,0
699230,0
699231,0
699232,0
699233,0
699234,45
699235,0
699236,0
699237,0
699238,0
699239,0
699240,0
699241,0
699242,0
699243,0
699244,0
699245,0
699246,0
699247,0
699248,43
699249,0
699250,48
699251,0
699252,0
699253,31
699254,0
699255,0
699256,0
699257,36
699258,0
699259,0
699260,0
699261,0
699262,0
699263,0
699264,0
699265,0
699266,39
699267,27
699268,28
699269,0
699270,0
699271,0
699272,0
699273,0
699274,0
699275,0
699276,0
699277,0
699278,38
699279,0
699280,0
699281,0
699282,0
699283,0
699284,0
699285,0
699286,0
699287,41
699288,0
699289,38
699290,0
699291,0
699292,0
699293,0
699294,35
699295,0
699296,0
699297,0
699298,0
699299,0
699300,0
699301,0
699302,0
699303,0
699304,0
699305,0
699306,0
699307,0
699308,0
699309,0
699310,0
699311,27
699312,0
699313,0
699314,0
699315,0
699316,0
699317,0
699318,0
699319,0
699320,0
699321,0
699322,0
699323,0
699324,0
699325,0
699326,0
699327,0
699328,0
699329,0
699330,0
699331,0
699332,0
699333,0
699334,0
699335,0
699336,0
699337,0
699338,0
699339,0
699340,34
699341,0
699342,23
699343,0
699344,0
699345,0
699346,50
699347,39
699348,0
699349,42
699350,31
699351,18
699352,0
699353,0
699354,0
699355,0
699356,0
699357,0
699358,0
699359,0
699360,0
699361,0
699362,0
699363,0
699364,0
699365,0
699366,0
699367,23
699368,0
699369,0
699370,0
699371,0
699372,0
699373,0
699374,0
699375,0
699376,0
699377,22
699378,0
699379,0
699380,0
699381,0
699382,0
699383,0
699384,0
699385,0
699386,0
699387,0
699388,0
699389,0
699390,0
699391,0
699392,23
699393,0
699394,34
699395,0
699396,0
699397,0
699398,0
699399,0
699400,0
699401,0
699402,0
699403,0
699404,0
699405,0
699406,0
699407,0
699408,0
699409,0
699410,0
699411,0
699412,0
699413,0
699414,0
699415,41
699416,37
699417,0
699418,19
699419,0
699420,0
699421,0
699422,0
699423,0
699424,0
699425,0
699426,41
699427,0
699428,0
699429,0
699430,0
699431,0
699432,34
699433,0
699434,0
699435,0
699436,0
699437,0
699438,0
699439,0
699440,0
699441,0
699442,0
699443,53
699444,39
699445,0
699446,0
699447,0
699448,0
699449,0
699450,0
699451,0
699452,0
699453,37
699454,42
699455,0
699456,0
699457,30
699458,0
699459,0
699460,0
699461,0
699462,0
699463,0
699464,0
699465,0
699466,0
699467,0
699468,0
699469,0
699470,0
699471,0
699472,0
699473,0
699474,0
699475,0
699476,28
699477,0
699478,0
699479,0
699480,0
699481,44
699482,26
699483,40
699484,0
699485,0
699486,43
699487,0
699488,0
699489,0
699490,0
699491,0
699492,29
699493,0
699494,0
699495,0
699496,0
699497,0
699498,36
699499,0
699500,0
699501,0
699502,0
699503,0
699504,0
699505,0
699506,0
699507,0
699508,0
699509,0
699510,0
699511,0
699512,0
699513,32
699514,0
699515,0
699516,0
699517,0
699518,0
699519,0
699520,0
699521,0
699522,0
699523,0
699524,0
699525,0
699526,0
699527,0
699528,0
699529,0
699530,0
699531,0
699532,0
699533,0
699534,41
699535,0
699536,22
699537,0
699538,0
699539,0
699540,0
699541,0
699542,0
699543,0
699544,0
699545,39
699546,0
699547,0
699548,22
699549,0
699550,0
699551,0
699552,0
699553,0
699554,0
699555,0
699556,0
699557,29
699558,23
699559,0
699560,26
699561,0
699562,29
699563,0
699564,0
699565,0
699566,0
699567,0
699568,0
699569,24
699570,0
699571,0
699572,0
699573,0
699574,0
699575,0
699576,0
699577,0
699578,0
699579,0
699580,0
699581,0
699582,0
699583,0
699584,0
699585,34
699586,0
699587,0
699588,0
699589,0
699590,0
699591,34
699592,0
699593,0
699594,39
699595,0
699596,0
699597,0
699598,0
699599,0
699600,0
699601,33
699602,0
699603,29
699604,0
699605,30
699606,0
699607,0
699608,0
699609,0
699610,0
699611,0
699612,0
699613,0
699614,0
699615,0
699616,39
699617,0
699618,0
699619,0
699620,0
699621,0
699622,0
699623,0
699624,0
699625,44
699626,0
699627,0
699628,0
699629,0
699630,0
699631,0
699632,0
699633,0
699634,28
699635,0
699636,0
699637,0
699638,32
699639,0
699640,0
699641,0
699642,0
699643,27
699644,42
699645,0
699646,0
699647,0
699648,31
699649,0
699650,0
699651,0
699652,0
699653,0
699654,0
699655,0
699656,0
699657,0
699658,0
699659,0
699660,0
699661,0
699662,0
699663,0
699664,37
699665,0
699666,0
699667,0
699668,0
699669,0
699670,0
699671,0
699672,0
699673,0
699674,0
699675,0
699676,0
699677,0
699678,0
699679,0
699680,0
699681,34
699682,0
699683,0
699684,0
699685,0
699686,0
699687,0
699688,0
699689,28
699690,0
699691,0
699692,0
699693,0
699694,0
699695,0
699696,0
699697,0
699698,0
699699,0
699700,0
699701,0
699702,0
699703,0
699704,0
699705,0
699706,0
699707,29
699708,0
699709,0
699710,0
699711,0
699712,0
699713,0
699714,27
699715,0
699716,0
699717,0
699718,0
699719,0
699720,0
699721,0
699722,0
699723,0
699724,0
699725,0
699726,0
699727,0
699728,0
699729,0
699730,0
699731,0
699732,38
699733,0
699734,0
699735,0
699736,0
699737,0
699738,0
699739,0
699740,0
699741,0
699742,0
699743,0
699744,0
699745,0
699746,0
699747,0
699748,29
699749,0
699750,34
699751,0
699752,28
699753,0
699754,0
699755,0
699756,0
699757,0
699758,0
699759,0
699760,0
699761,0
699762,0
699763,0
699764,0
699765,0
699766,0
699767,0
699768,0
699769,0
699770,0
699771,0
699772,0
699773,0
699774,0
699775,0
699776,0
699777,0
699778,0
699779,0
699780,0
699781,0
699782,0
699783,0
699784,0
699785,0
699786,0
699787,0
699788,0
699789,0
699790,0
699791,0
699792,0
699793,0
699794,49
699795,0
699796,0
699797,0
699798,0
699799,0
699800,0
699801,0
699802,0
699803,0
699804,0
699805,0
699806,0
699807,0
699808,42
699809,0
699810,0
699811,0
699812,0
699813,0
699814,0
699815,0
699816,0
699817,0
699818,0
699819,0
699820,0
699821,0
699822,0
699823,0
699824,0
699825,0
699826,0
699827,0
699828,0
699829,0
699830,0
699831,0
699832,28
699833,0
699834,0
699835,0
699836,0
699837,0
699838,0
699839,0
699840,0
699841,0
699842,0
699843,0
699844,0
699845,0
699846,0
699847,0
699848,0
699849,0
699850,0
699851,0
699852,0
699853,0
699854,0
699855,0
699856,0
699857,0
699858,0
699859,0
699860,0
699861,0
699862,0
699863,0
699864,28
699865,0
699866,0
699867,0
699868,0
699869,0
699870,0
699871,25
699872,0
699873,0
699874,0
699875,0
699876,0
699877,27
699878,0
699879,0
699880,28
699881,0
699882,0
699883,0
699884,0
699885,0
699886,0
699887,0
699888,0
699889,0
699890,34
699891,0
699892,0
699893,0
699894,0
699895,32
699896,0
699897,0
699898,23
699899,0
699900,0
699901,25
699902,0
699903,0
699904,29
699905,0
699906,0
699907,27
699908,34
699909,0
699910,0
699911,0
699912,0
699913,0
699914,26
699915,0
699916,0
699917,35
699918,0
699919,0
699920,0
699921,0
699922,0
699923,0
699924,0
699925,33
699926,0
699927,0
699928,0
699929,0
699930,0
699931,0
699932,0
699933,0
699934,0
699935,0
699936,0
699937,0
699938,0
699939,0
699940,0
699941,0
699942,0
699943,0
699944,0
699945,0
699946,22
699947,0
699948,25
699949,0
699950,0
699951,0
699952,0
699953,0
699954,0
699955,0
699956,0
699957,0
699958,0
699959,0
699960,29
699961,0
699962,0
699963,0
699964,0
699965,0
699966,0
699967,0
699968,0
699969,0
699970,0
699971,0
699972,0
699973,0
699974,23
699975,0
699976,0
699977,0
699978,0
699979,21
699980,0
699981,0
699982,0
699983,0
699984,36
699985,0
699986,0
699987,0
699988,0
699989,17
699990,22
699991,0
699992,0
699993,0
699994,0
699995,0
699996,0
699997,14
699998,0
699999,0
700000,16
700001,0
700002,0
700003,0
700004,0
700005,0
700006,0
700007,0
700008,0
700009,14
700010,0
700011,0
700012,0
700013,0
700014,23
700015,0
700016,0
700017,0
700018,0
700019,0
700020,0
700021,0
700022,0
700023,0
700024,0
700025,0
700026,22
700027,0
700028,0
700029,0
700030,0
700031,0
700032,0
700033,15
700034,0
700035,0
700036,0
700037,0
700038,15
700039,0
700040,23
700041,28
700042,0
700043,0
700044,0
700045,0
700046,0
700047,0
700048,0
700049,16
700050,0
700051,0
700052,10
700053,0
700054,11
700055,0
700056,0
700057,0
700058,0
700059,0
700060,17
700061,21
700062,12
700063,16
700064,0
700065,11
700066,23
700067,16
700068,0
700069,16
700070,0
700071,0
700072,0
700073,0
700074,12
700075,0
700076,0
700077,0
700078,0
700079,15
700080,0
700081,0
700082,0
700083,0
700084,0
700085,0
700086,12
700087,0
700088,0
700089,0
700090,10
700091,17
700092,12
700093,14
700094,0
700095,0
700096,0
700097,12
700098,24
700099,0
700100,9
700101,0
700102,0
700103,0
700104,0
700105,21
700106,0
700107,0
700108,0
700109,0
700110,21
700111,0
700112,18
700113,16
700114,0
700115,0
700116,0
700117,15
700118,0
700119,11
700120,11
700121,0
700122,11
700123,0
700124,0
700125,0
700126,14
700127,0
700128,11
700129,23
700130,17
700131,0
700132,13
700133,0
700134,0
700135,17
700136,0
700137,27
700138,0
700139,0
700140,21
700141,0
700142,0
700143,0
700144,0
700145,0
700146,0
700147,0
700148,0
700149,24
700150,0
700151,0
700152,0
700153,0
700154,0
700155,20
700156,0
700157,0
700158,21
700159,23
700160,0
700161,15
700162,0
700163,0
700164,0
700165,20
700166,14
700167,12
700168,0
700169,15
700170,0
700171,4
700172,0
700173,0
700174,0
700175,0
700176,0
700177,0
700178,0
700179,11
700180,8
700181,0
700182,0
700183,0
700184,0
700185,0
700186,14
700187,0
700188,18
700189,17
700190,0
700191,0
700192,0
700193,23
700194,0
700195,0
700196,22
700197,0
700198,0
700199,0
700200,0
700201,0
700202,24
700203,0
700204,0
700205,13
700206,22
700207,0
700208,0
700209,0
700210,0
700211,0
700212,0
700213,13
700214,0
700215,0
700216,0
700217,0
700218,0
700219,0
700220,15
700221,29
700222,17
700223,0
700224,9
700225,0
700226,0
700227,0
700228,15
700229,0
700230,15
700231,0
700232,0
700233,0
700234,0
700235,0
700236,0
700237,27
700238,0
700239,0
700240,8
700241,0
700242,0
700243,0
700244,0
700245,23
700246,0
700247,0
700248,0
700249,0
700250,5
700251,0
700252,0
700253,0
700254,0
700255,13
700256,10
700257,0
700258,0
700259,0
700260,12
700261,20
700262,0
700263,17
700264,0
700265,9
700266,14
700267,16
700268,0
700269,22
700270,0
700271,0
700272,0
700273,16
700274,0
700275,0
700276,0
700277,0
700278,0
700279,0
700280,0
700281,17
700282,0
700283,0
700284,0
700285,0
700286,11
700287,0
700288,0
700289,0
700290,0
700291,0
700292,0
700293,0
700294,0
700295,0
700296,15
700297,0
700298,22
700299,0
700300,0
700301,0
700302,0
700303,0
700304,0
700305,0
700306,0
700307,0
700308,0
700309,0
700310,0
700311,0
700312,0
700313,13
700314,0
700315,0
700316,0
700317,20
700318,0
700319,0
700320,11
700321,0
700322,0
700323,0
700324,21
700325,0
700326,0
700327,19
700328,24
700329,0
700330,20
700331,0
700332,0
700333,0
700334,12
700335,0
700336,0
700337,18
700338,0
700339,0
700340,0
700341,0
700342,0
700343,12
700344,18
700345,0
700346,0
700347,0
700348,19
700349,19
700350,0
700351,19
700352,23
700353,0
700354,0
700355,0
700356,0
700357,26
700358,0
700359,0
700360,12
700361,0
700362,0
700363,0
700364,24
700365,0
700366,0
700367,15
700368,0
700369,0
700370,0
700371,19
700372,0
700373,0
700374,0
700375,0
700376,0
700377,0
700378,0
700379,0
700380,0
700381,0
700382,0
700383,0
700384,0
700385,13
700386,0
700387,20
700388,0
700389,22
700390,25
700391,16
700392,0
700393,0
700394,0
700395,13
700396,20
700397,0
700398,0
700399,0
700400,15
700401,0
700402,0
700403,0
700404,0
700405,0
700406,0
700407,15
700408,0
700409,0
700410,13
700411,21
700412,15
700413,8
700414,0
700415,0
700416,20
700417,19
700418,0
700419,0
700420,0
700421,0
700422,0
700423,0
700424,0
700425,0
700426,20
700427,0
700428,0
700429,0
700430,0
700431,0
700432,19
700433,0
700434,0
700435,0
700436,0
700437,0
700438,15
700439,0
700440,0
700441,18
700442,0
700443,0
700444,0
700445,15
700446,0
700447,0
700448,0
700449,0
700450,0
700451,0
700452,0
700453,19
700454,0
700455,9
700456,11
700457,20
700458,0
700459,0
700460,0
700461,0
700462,0
700463,0
700464,0
700465,0
700466,16
700467,0
700468,0
700469,0
700470,0
700471,0
700472,0
700473,0
700474,0
700475,22
700476,0
700477,24
700478,23
700479,10
700480,0
700481,0
700482,0
700483,0
700484,0
700485,0
700486,20
700487,0
700488,17
700489,0
700490,14
700491,15
700492,0
700493,14
700494,0
700495,0
700496,0
700497,0
700498,0
700499,0
700500,0
700501,13
700502,0
700503,0
700504,27
700505,0
700506,3
700507,22
700508,0
700509,0
700510,0
700511,14
700512,0
700513,17
700514,0
700515,0
700516,0
700517,0
700518,0
700519,0
700520,0
700521,0
700522,19
700523,0
700524,0
700525,0
700526,0
700527,0
700528,0
700529,0
700530,0
700531,0
700532,0
700533,0
700534,0
700535,0
700536,0
700537,0
700538,0
700539,0
700540,0
700541,0
700542,0
700543,0
700544,0
700545,0
700546,0
700547,0
700548,0
700549,0
700550,0
700551,0
700552,0
700553,0
700554,0
700555,0
700556,0
700557,0
700558,0
700559,0
700560,0
700561,0
700562,0
700563,0
700564,0
700565,0
700566,0
700567,0
700568,0
700569,0
700570,0
700571,0
700572,0
700573,0
700574,0
700575,0
700576,0
700577,0
700578,0
700579,0
700580,0
700581,0
700582,0
700583,0
700584,0
700585,0
700586,0
700587,0
700588,0
700589,0
700590,0
700591,0
700592,0
700593,0
700594,0
700595,0
700596,0
700597,0
700598,0
700599,0
700600,0
700601,0
700602,0
700603,0
700604,0
700605,0
700606,0
700607,0
700608,0
700609,0
700610,0
700611,0
700612,0
700613,0
700614,0
700615,0
700616,0
700617,0
700618,0
700619,0
700620,0
700621,0
700622,0
700623,0
700624,0
700625,0
700626,0
700627,0
700628,0
700629,0
700630,0
700631,0
700632,0
700633,0
700634,0
700635,0
700636,0
700637,0
700638,0
700639,0
700640,0
700641,0
700642,0
700643,0
700644,0
700645,0
700646,0
700647,0
700648,0
700649,0
700650,0
700651,0
700652,0
700653,0
700654,0
700655,0
700656,0
700657,0
700658,0
700659,0
700660,0
700661,1
700662,0
700663,0
700664,0
700665,0
700666,0
700667,0
700668,0
700669,0
700670,0
700671,0
700672,0
700673,0
700674,0
700675,0
700676,0
700677,0
700678,0
700679,0
700680,0
700681,0
700682,0
700683,0
700684,0
700685,0
700686,0
700687,0
700688,0
700689,0
700690,0
700691,0
700692,0
700693,0
700694,0
700695,0
700696,0
700697,0
700698,0
700699,0
700700,0
700701,0
700702,0
700703,0
700704,0
700705,0
700706,0
700707,0
700708,0
700709,0
700710,0
700711,0
700712,0
700713,0
700714,0
700715,0
700716,0
700717,0
700718,0
700719,0
700720,0
700721,0
700722,0
700723,0
700724,0
700725,0
700726,0
700727,0
700728,0
700729,0
700730,0
700731,0
700732,0
700733,0
700734,0
700735,0
700736,0
700737,0
700738,0
700739,0
700740,0
700741,0
700742,0
700743,0
700744,0
700745,0
700746,0
700747,0
700748,0
700749,0
700750,0
700751,0
700752,0
700753,0
700754,0
700755,0
700756,0
700757,0
700758,0
700759,0
700760,0
700761,0
700762,0
700763,0
700764,0
700765,0
700766,0
700767,0
700768,0
700769,0
700770,0
700771,0
700772,0
700773,0
700774,0
700775,0
700776,0
700777,0
700778,0
700779,0
700780,0
700781,0
700782,0
700783,0
700784,0
700785,0
700786,0
700787,0
700788,0
700789,0
700790,0
700791,0
700792,0
700793,0
700794,0
700795,0
700796,0
700797,0
700798,0
700799,0
700800,0
700801,0
700802,0
700803,0
700804,0
700805,0
700806,0
700807,0
700808,0
700809,0
700810,0
700811,0
700812,0
700813,0
700814,0
700815,0
700816,0
700817,0
700818,0
700819,0
700820,0
700821,0
700822,0
700823,0
700824,0
700825,0
700826,0
700827,0
700828,0
700829,0
700830,0
700831,0
700832,0
700833,0
700834,0
700835,0
700836,0
700837,0
700838,0
700839,0
700840,0
700841,0
700842,0
700843,0
700844,0
700845,0
700846,0
700847,0
700848,0
700849,0
700850,0
700851,0
700852,0
700853,0
700854,0
700855,1
700856,0
700857,0
700858,0
700859,0
700860,0
700861,0
700862,0
700863,0
700864,0
700865,0
700866,0
700867,0
700868,0
700869,0
700870,0
700871,0
700872,0
700873,0
700874,0
700875,0
700876,0
700877,0
700878,0
700879,0
700880,0
700881,0
700882,0
700883,0
700884,0
700885,0
700886,0
700887,0
700888,0
700889,0
700890,0
700891,0
700892,0
700893,0
700894,0
700895,0
700896,0
700897,0
700898,0
700899,0
700900,0
700901,0
700902,0
700903,0
700904,0
700905,0
700906,0
700907,0
700908,0
700909,0
700910,0
700911,0
700912,0
700913,0
700914,0
700915,0
700916,0
700917,0
700918,0
700919,0
700920,0
700921,0
700922,0
700923,0
700924,0
700925,0
700926,0
700927,1
700928,0
700929,0
700930,0
700931,0
700932,0
700933,0
700934,0
700935,0
700936,0
700937,0
700938,0
700939,0
700940,0
700941,0
700942,0
700943,0
700944,0
700945,0
700946,0
700947,0
700948,0
700949,0
700950,0
700951,0
700952,0
700953,0
700954,0
700955,0
700956,0
700957,0
700958,0
700959,0
700960,0
700961,0
700962,0
700963,0
700964,0
700965,0
700966,0
700967,0
700968,0
700969,0
700970,0
700971,0
700972,0
700973,0
700974,0
700975,0
700976,0
700977,0
700978,0
700979,0
700980,0
700981,0
700982,0
700983,0
700984,0
700985,0
700986,0
700987,0
700988,0
700989,0
700990,0
700991,0
700992,0
700993,0
700994,0
700995,11
700996,0
700997,0
700998,0
700999,0
701000,0
701001,0
701002,0
701003,9
701004,7
701005,0
701006,7
701007,0
701008,0
701009,0
701010,10
701011,0
701012,0
701013,7
701014,0
701015,0
701016,0
701017,0
701018,0
701019,0
701020,0
701021,0
701022,0
701023,0
701024,0
701025,0
701026,0
701027,0
701028,0
701029,0
701030,0
701031,10
701032,0
701033,0
701034,0
701035,0
701036,23
701037,12
701038,0
701039,14
701040,0
701041,0
701042,0
701043,0
701044,0
701045,5
701046,0
701047,0
701048,0
701049,0
701050,0
701051,18
701052,0
701053,0
701054,0
701055,0
701056,0
701057,0
701058,0
701059,12
701060,0
701061,0
701062,0
701063,12
701064,11
701065,0
701066,0
701067,0
701068,0
701069,0
701070,0
701071,0
701072,0
701073,12
701074,16
701075,0
701076,0
701077,0
701078,0
701079,0
701080,0
701081,0
701082,0
701083,0
701084,0
701085,0
701086,0
701087,0
701088,0
701089,0
701090,0
701091,0
701092,0
701093,0
701094,0
701095,0
701096,0
701097,0
701098,0
701099,0
701100,9
701101,0
701102,0
701103,0
701104,0
701105,18
701106,0
701107,0
701108,0
701109,0
701110,0
701111,0
701112,0
701113,0
701114,13
701115,0
701116,0
701117,0
701118,0
701119,0
701120,0
701121,14
701122,12
701123,0
701124,0
701125,0
701126,0
701127,0
701128,12
701129,0
701130,0
701131,0
701132,0
701133,0
701134,0
701135,0
701136,0
701137,0
701138,0
701139,0
701140,0
701141,0
701142,0
701143,0
701144,0
701145,0
701146,0
701147,4
701148,0
701149,0
701150,0
701151,0
701152,0
701153,0
701154,16
701155,0
701156,0
701157,0
701158,0
701159,0
701160,13
701161,10
701162,0
701163,0
701164,0
701165,0
701166,0
701167,0
701168,0
701169,0
701170,0
701171,0
701172,0
701173,0
701174,11
701175,8
701176,0
701177,0
701178,0
701179,0
701180,0
701181,0
701182,16
701183,0
701184,0
701185,0
701186,0
701187,0
701188,0
701189,8
701190,9
701191,0
701192,0
701193,0
701194,0
701195,0
701196,0
701197,0
701198,0
701199,0
701200,0
701201,9
701202,0
701203,0
701204,0
701205,0
701206,0
701207,0
701208,0
701209,0
701210,15
701211,0
701212,0
701213,0
701214,0
701215,0
701216,0
701217,0
701218,0
701219,0
701220,0
701221,0
701222,0
701223,0
701224,0
701225,0
701226,0
701227,0
701228,0
701229,0
701230,0
701231,0
701232,0
701233,0
701234,0
701235,0
701236,0
701237,0
701238,0
701239,0
701240,21
701241,0
701242,0
701243,0
701244,0
701245,21
701246,0
701247,19
701248,0
701249,0
701250,0
701251,0
701252,0
701253,0
701254,0
701255,0
701256,0
701257,12
701258,0
701259,0
701260,0
701261,0
701262,0
701263,0
701264,0
701265,0
701266,0
701267,0
701268,0
701269,0
701270,0
701271,0
701272,10
701273,0
701274,0
701275,0
701276,0
701277,0
701278,0
701279,0
701280,0
701281,10
701282,0
701283,0
701284,0
701285,19
701286,7
701287,0
701288,6
701289,0
701290,0
701291,0
701292,0
701293,0
701294,10
701295,0
701296,0
701297,0
701298,0
701299,0
701300,0
701301,0
701302,16
701303,0
701304,0
701305,0
701306,0
701307,0
701308,0
701309,0
701310,0
701311,0
701312,0
701313,18
701314,0
701315,0
701316,7
701317,0
701318,0
701319,0
701320,7
701321,0
701322,0
701323,0
701324,0
701325,0
701326,0
701327,0
701328,0
701329,0
701330,0
701331,0
701332,0
701333,0
701334,0
701335,0
701336,0
701337,0
701338,0
701339,0
701340,0
701341,0
701342,0
701343,0
701344,0
701345,0
701346,0
701347,0
701348,18
701349,0
701350,0
701351,0
701352,18
701353,12
701354,0
701355,0
701356,0
701357,0
701358,0
701359,16
701360,0
701361,0
701362,0
701363,0
701364,0
701365,18
701366,0
701367,0
701368,12
701369,0
701370,20
701371,4
701372,0
701373,0
701374,0
701375,0
701376,0
701377,0
701378,0
701379,0
701380,0
701381,0
701382,0
701383,0
701384,0
701385,0
701386,0
701387,0
701388,0
701389,0
701390,0
701391,0
701392,0
701393,15
701394,0
701395,0
701396,13
701397,0
701398,0
701399,0
701400,0
701401,18
701402,0
701403,0
701404,0
701405,0
701406,0
701407,13
701408,0
701409,15
701410,0
701411,0
701412,0
701413,0
701414,0
701415,0
701416,0
701417,9
701418,0
701419,12
701420,0
701421,14
701422,0
701423,0
701424,0
701425,0
701426,0
701427,0
701428,5
701429,0
701430,17
701431,0
701432,0
701433,0
701434,0
701435,0
701436,0
701437,0
701438,0
701439,0
701440,0
701441,0
701442,0
701443,0
701444,0
701445,0
701446,0
701447,11
701448,0
701449,0
701450,0
701451,6
701452,0
701453,0
701454,0
701455,0
701456,0
701457,0
701458,0
701459,0
701460,0
701461,0
701462,12
701463,0
701464,0
701465,11
701466,0
701467,22
701468,0
701469,0
701470,0
701471,0
701472,0
701473,0
701474,0
701475,0
701476,0
701477,0
701478,15
701479,0
701480,0
701481,0
701482,0
701483,0
701484,0
701485,0
701486,0
701487,0
701488,0
701489,0
701490,0
701491,0
701492,0
701493,0
701494,0
701495,0
701496,13
701497,0
701498,0
701499,21
701500,0
701501,0
701502,0
701503,0
701504,0
701505,59
701506,0
701507,0
701508,0
701509,0
701510,0
701511,0
701512,0
701513,0
701514,0
701515,0
701516,0
701517,24
701518,27
701519,0
701520,0
701521,0
701522,22
701523,0
701524,49
701525,0
701526,0
701527,0
701528,49
701529,0
701530,14
701531,21
701532,0
701533,0
701534,0
701535,0
701536,0
701537,19
701538,13
701539,0
701540,0
701541,0
701542,20
701543,0
701544,0
701545,60
701546,0
701547,29
701548,0
701549,0
701550,0
701551,30
701552,0
701553,0
701554,0
701555,0
701556,0
701557,0
701558,0
701559,0
701560,0
701561,0
701562,0
701563,45
701564,0
701565,43
701566,0
701567,47
701568,0
701569,0
701570,48
701571,0
701572,0
701573,0
701574,29
701575,0
701576,0
701577,43
701578,0
701579,0
701580,0
701581,0
701582,0
701583,0
701584,58
701585,0
701586,0
701587,36
701588,0
701589,0
701590,0
701591,0
701592,0
701593,0
701594,17
701595,0
701596,0
701597,0
701598,0
701599,77
701600,0
701601,0
701602,22
701603,0
701604,0
701605,0
701606,0
701607,0
701608,0
701609,0
701610,0
701611,37
701612,0
701613,0
701614,48
701615,0
701616,0
701617,0
701618,38
701619,0
701620,0
701621,0
701622,0
701623,0
701624,0
701625,0
701626,0
701627,0
701628,0
701629,0
701630,26
701631,0
701632,42
701633,0
701634,0
701635,0
701636,0
701637,0
701638,29
701639,37
701640,0
701641,13
701642,0
701643,0
701644,0
701645,0
701646,38
701647,17
701648,0
701649,0
701650,0
701651,74
701652,58
701653,0
701654,51
701655,0
701656,55
701657,0
701658,32
701659,0
701660,86
701661,0
701662,0
701663,0
701664,0
701665,0
701666,42
701667,0
701668,31
701669,43
701670,45
701671,0
701672,0
701673,0
701674,44
701675,0
701676,24
701677,0
701678,39
701679,0
701680,52
701681,0
701682,0
701683,0
701684,35
701685,0
701686,0
701687,0
701688,0
701689,45
701690,0
701691,25
701692,0
701693,23
701694,64
701695,22
701696,0
701697,0
701698,0
701699,29
701700,0
701701,0
701702,0
701703,21
701704,0
701705,0
701706,39
701707,24
701708,58
701709,0
701710,24
701711,0
701712,0
701713,33
701714,0
701715,0
701716,35
701717,0
701718,45
701719,0
701720,0
701721,39
701722,0
701723,0
701724,0
701725,0
701726,0
701727,0
701728,0
701729,0
701730,0
701731,0
701732,29
701733,0
701734,0
701735,0
701736,0
701737,0
701738,35
701739,31
701740,40
701741,0
701742,0
701743,0
701744,31
701745,0
701746,0
701747,0
701748,44
701749,27
701750,0
701751,0
701752,0
701753,0
701754,0
701755,0
701756,0
701757,0
701758,0
701759,22
701760,0
701761,45
701762,46
701763,0
701764,0
701765,0
701766,34
701767,0
701768,42
701769,0
701770,31
701771,0
701772,51
701773,0
701774,0
701775,0
701776,0
701777,36
701778,38
701779,0
701780,0
701781,0
701782,62
701783,0
701784,0
701785,0
701786,0
701787,0
701788,29
701789,0
701790,0
701791,0
701792,0
701793,0
701794,0
701795,21
701796,0
701797,0
701798,0
701799,0
701800,0
701801,0
701802,0
701803,0
701804,0
701805,0
701806,0
701807,27
701808,0
701809,0
701810,0
701811,0
701812,0
701813,0
701814,0
701815,0
701816,20
701817,0
701818,0
701819,72
701820,0
701821,0
701822,0
701823,0
701824,0
701825,0
701826,0
701827,35
701828,0
701829,0
701830,23
701831,0
701832,0
701833,0
701834,0
701835,15
701836,0
701837,39
701838,0
701839,0
701840,0
701841,71
701842,0
701843,0
701844,0
701845,52
701846,0
701847,0
701848,0
701849,51
701850,0
701851,0
701852,0
701853,38
701854,0
701855,0
701856,0
701857,0
701858,0
701859,0
701860,0
701861,28
701862,0
701863,0
701864,0
701865,29
701866,0
701867,0
701868,0
701869,0
701870,0
701871,0
701872,0
701873,0
701874,0
701875,32
701876,0
701877,0
701878,0
701879,0
701880,0
701881,0
701882,0
701883,0
701884,0
701885,16
701886,0
701887,0
701888,0
701889,0
701890,41
701891,0
701892,23
701893,0
701894,0
701895,0
701896,36
701897,0
701898,0
701899,0
701900,0
701901,0
701902,0
701903,57
701904,49
701905,0
701906,0
701907,0
701908,0
701909,0
701910,43
701911,25
701912,26
701913,28
701914,0
701915,0
701916,0
701917,0
701918,0
701919,0
701920,0
701921,42
701922,0
701923,0
701924,0
701925,21
701926,32
701927,0
701928,0
701929,47
701930,0
701931,0
701932,0
701933,0
701934,45
701935,0
701936,0
701937,0
701938,20
701939,0
701940,0
701941,0
701942,0
701943,0
701944,0
701945,33
701946,0
701947,0
701948,23
701949,0
701950,0
701951,0
701952,0
701953,0
701954,0
701955,0
701956,0
701957,0
701958,0
701959,0
701960,37
701961,0
701962,0
701963,32
701964,0
701965,0
701966,25
701967,0
701968,0
701969,0
701970,0
701971,0
701972,25
701973,42
701974,0
701975,47
701976,0
701977,0
701978,83
701979,0
701980,0
701981,0
701982,0
701983,0
701984,0
701985,0
701986,0
701987,0
701988,0
701989,0
701990,0
701991,0
701992,52
701993,0
701994,0
701995,0
701996,0
701997,20
701998,0
701999,0
702000,0
702001,0
702002,0
702003,0
702004,0
702005,26
702006,0
702007,0
702008,0
702009,0
702010,0
702011,45
702012,0
702013,0
702014,0
702015,0
702016,0
702017,29
702018,39
702019,0
702020,0
702021,0
702022,0
702023,0
702024,0
702025,62
702026,0
702027,0
702028,0
702029,0
702030,0
702031,0
702032,0
702033,0
702034,40
702035,0
702036,0
702037,0
702038,0
702039,0
702040,0
702041,0
702042,0
702043,0
702044,0
702045,0
702046,0
702047,0
702048,29
702049,0
702050,35
702051,0
702052,0
702053,69
702054,0
702055,21
702056,0
702057,0
702058,0
702059,0
702060,58
702061,24
702062,0
702063,0
702064,0
702065,0
702066,0
702067,37
702068,0
702069,29
702070,0
702071,0
702072,39
702073,0
702074,36
702075,0
702076,59
702077,0
702078,0
702079,0
702080,0
702081,0
702082,0
702083,0
702084,0
702085,0
702086,0
702087,0
702088,0
702089,31
702090,0
702091,0
702092,0
702093,50
702094,0
702095,0
702096,27
702097,0
702098,0
702099,0
702100,0
702101,0
702102,0
702103,0
702104,0
702105,0
702106,0
702107,0
702108,20
702109,0
702110,0
702111,88
702112,48
702113,0
702114,0
702115,0
702116,35
702117,0
702118,0
702119,43
702120,0
702121,47
702122,0
702123,0
702124,0
702125,0
702126,0
702127,0
702128,0
702129,0
702130,0
702131,0
702132,0
702133,59
702134,27
702135,80
702136,0
702137,0
702138,0
702139,0
702140,0
702141,0
702142,0
702143,0
702144,30
702145,0
702146,0
702147,0
702148,0
702149,0
702150,0
702151,34
702152,21
702153,28
702154,0
702155,0
702156,0
702157,0
702158,0
702159,0
702160,42
702161,0
702162,42
702163,0
702164,0
702165,0
702166,0
702167,29
702168,0
702169,0
702170,15
702171,30
702172,0
702173,0
702174,0
702175,0
702176,0
702177,0
702178,0
702179,0
702180,0
702181,0
702182,0
702183,0
702184,0
702185,0
702186,0
702187,0
702188,0
702189,0
702190,0
702191,0
702192,0
702193,0
702194,0
702195,0
702196,33
702197,0
702198,0
702199,0
702200,46
702201,68
702202,0
702203,0
702204,0
702205,0
702206,25
702207,0
702208,0
702209,0
702210,0
702211,0
702212,0
702213,0
702214,0
702215,0
702216,0
702217,39
702218,19
702219,17
702220,0
702221,0
702222,67
702223,0
702224,69
702225,0
702226,0
702227,0
702228,0
702229,23
702230,0
702231,0
702232,0
702233,15
702234,0
702235,20
702236,33
702237,0
702238,0
702239,30
702240,0
702241,35
702242,0
702243,0
702244,0
702245,0
702246,14
702247,0
702248,0
702249,46
702250,0
702251,0
702252,0
702253,0
702254,46
702255,0
702256,36
702257,39
702258,0
702259,0
702260,0
702261,0
702262,0
702263,55
702264,0
702265,0
702266,38
702267,0
702268,0
702269,0
702270,0
702271,0
702272,0
702273,0
702274,44
702275,0
702276,0
702277,0
702278,0
702279,0
702280,0
702281,43
702282,0
702283,0
702284,0
702285,0
702286,0
702287,45
702288,0
702289,33
702290,0
702291,25
702292,0
702293,0
702294,0
702295,0
702296,0
702297,0
702298,0
702299,0
702300,35
702301,60
702302,0
702303,34
702304,0
702305,0
702306,0
702307,0
702308,0
702309,0
702310,20
702311,0
702312,0
702313,20
702314,0
702315,0
702316,35
702317,0
702318,0
702319,0
702320,0
702321,29
702322,0
702323,0
702324,0
702325,0
702326,0
702327,0
702328,0
702329,0
702330,0
702331,0
702332,0
702333,0
702334,0
702335,19
702336,0
702337,0
702338,0
702339,0
702340,0
702341,31
702342,79
702343,0
702344,31
702345,0
702346,0
702347,23
702348,0
702349,0
702350,0
702351,0
702352,0
702353,0
702354,0
702355,0
702356,0
702357,0
702358,0
702359,0
702360,0
702361,0
702362,0
702363,0
702364,0
702365,0
702366,0
702367,62
702368,26
702369,0
702370,0
702371,0
702372,0
702373,0
702374,0
702375,0
702376,34
702377,0
702378,35
702379,0
702380,36
702381,0
702382,33
702383,0
702384,0
702385,0
702386,0
702387,0
702388,0
702389,0
702390,0
702391,0
702392,0
702393,0
702394,0
702395,0
702396,31
702397,0
702398,0
702399,27
702400,43
702401,0
702402,0
702403,0
702404,35
702405,21
702406,25
702407,0
702408,0
702409,0
702410,0
702411,0
702412,0
702413,0
702414,0
702415,36
702416,0
702417,0
702418,0
702419,0
702420,25
702421,0
702422,0
702423,61
702424,0
702425,0
702426,0
702427,0
702428,19
702429,0
702430,0
702431,0
702432,0
702433,0
702434,0
702435,0
702436,0
702437,25
702438,0
702439,0
702440,0
702441,0
702442,0
702443,0
702444,0
702445,0
702446,18
702447,0
702448,52
702449,0
702450,46
702451,0
702452,0
702453,0
702454,0
702455,0
702456,45
702457,0
702458,0
702459,0
702460,0
702461,0
702462,0
702463,0
702464,7
702465,3
702466,4
702467,0
702468,0
702469,0
702470,6
702471,0
702472,3
702473,0
702474,1
702475,0
702476,0
702477,0
702478,1
702479,0
702480,0
702481,5
702482,0
702483,0
702484,0
702485,0
702486,0
702487,2
702488,0
702489,7
702490,2
702491,0
702492,0
702493,0
702494,0
702495,2
702496,0
702497,0
702498,0
702499,0
702500,0
702501,0
702502,2
702503,0
702504,0
702505,0
702506,0
702507,0
702508,0
702509,1
702510,0
702511,0
702512,0
702513,0
702514,0
702515,2
702516,0
702517,0
702518,0
702519,0
702520,0
702521,0
702522,0
702523,0
702524,0
702525,0
702526,0
702527,0
702528,0
702529,1
702530,0
702531,0
702532,0
702533,4
702534,6
702535,0
702536,0
702537,0
702538,0
702539,0
702540,0
702541,0
702542,0
702543,0
702544,7
702545,0
702546,0
702547,0
702548,0
702549,0
702550,5
702551,5
702552,0
702553,0
702554,0
702555,0
702556,0
702557,0
702558,0
702559,0
702560,0
702561,0
702562,0
702563,0
702564,0
702565,0
702566,0
702567,0
702568,0
702569,0
702570,0
702571,0
702572,0
702573,0
702574,0
702575,0
702576,0
702577,0
702578,0
702579,0
702580,0
702581,0
702582,0
702583,2
702584,4
702585,0
702586,0
702587,0
702588,0
702589,0
702590,1
702591,3
702592,0
702593,0
702594,0
702595,0
702596,0
702597,0
702598,0
702599,0
702600,0
702601,0
702602,0
702603,0
702604,5
702605,0
702606,0
702607,4
702608,0
702609,0
702610,0
702611,0
702612,0
702613,0
702614,3
702615,0
702616,0
702617,4
702618,0
702619,0
702620,0
702621,0
702622,2
702623,7
702624,0
702625,0
702626,0
702627,0
702628,0
702629,3
702630,0
702631,4
702632,5
702633,0
702634,4
702635,0
702636,0
702637,0
702638,0
702639,0
702640,0
702641,0
702642,0
702643,0
702644,4
702645,3
702646,3
702647,0
702648,2
702649,0
702650,4
702651,4
702652,0
702653,0
702654,2
702655,0
702656,0
702657,0
702658,0
702659,0
702660,0
702661,0
702662,4
702663,0
702664,0
702665,0
702666,0
702667,0
702668,2
702669,0
702670,2
702671,0
702672,0
702673,0
702674,3
702675,0
702676,0
702677,3
702678,0
702679,0
702680,7
702681,0
702682,0
702683,0
702684,0
702685,0
702686,0
702687,1
702688,0
702689,0
702690,0
702691,6
702692,0
702693,0
702694,0
702695,0
702696,0
702697,0
702698,0
702699,0
702700,0
702701,0
702702,0
702703,0
702704,0
702705,3
702706,0
702707,2
702708,0
702709,0
702710,0
702711,0
702712,0
702713,0
702714,4
702715,2
702716,0
702717,8
702718,0
702719,0
702720,5
702721,2
702722,0
702723,0
702724,0
702725,0
702726,0
702727,0
702728,0
702729,0
702730,0
702731,0
702732,0
702733,0
702734,0
702735,0
702736,0
702737,0
702738,0
702739,0
702740,0
702741,0
702742,0
702743,0
702744,0
702745,0
702746,0
702747,0
702748,0
702749,0
702750,0
702751,0
702752,0
702753,0
702754,0
702755,0
702756,0
702757,0
702758,0
702759,0
702760,0
702761,0
702762,0
702763,0
702764,0
702765,0
702766,0
702767,0
702768,0
702769,0
702770,0
702771,0
702772,0
702773,0
702774,0
702775,0
702776,0
702777,0
702778,0
702779,0
702780,0
702781,0
702782,0
702783,0
702784,0
702785,0
702786,0
702787,0
702788,0
702789,0
702790,0
702791,0
702792,0
702793,0
702794,0
702795,0
702796,0
702797,0
702798,0
702799,0
702800,0
702801,0
702802,0
702803,0
702804,0
702805,0
702806,0
702807,11
702808,0
702809,0
702810,0
702811,0
702812,0
702813,0
702814,0
702815,0
702816,0
702817,0
702818,0
702819,0
702820,0
702821,0
702822,12
702823,0
702824,0
702825,0
702826,0
702827,0
702828,0
702829,0
702830,0
702831,0
702832,0
702833,0
702834,0
702835,0
702836,0
702837,8
702838,0
702839,0
702840,6
702841,0
702842,0
702843,0
702844,0
702845,0
702846,0
702847,0
702848,0
702849,0
702850,0
702851,0
702852,0
702853,0
702854,0
702855,0
702856,0
702857,0
702858,0
702859,0
702860,0
702861,0
702862,0
702863,0
702864,0
702865,0
702866,0
702867,0
702868,0
702869,0
702870,0
702871,0
702872,0
702873,0
702874,0
702875,0
702876,0
702877,8
702878,0
702879,0
702880,0
702881,0
702882,0
702883,0
702884,0
702885,0
702886,0
702887,0
702888,0
702889,0
702890,10
702891,0
702892,0
702893,0
702894,0
702895,0
702896,0
702897,0
702898,0
702899,0
702900,0
702901,0
702902,0
702903,0
702904,0
702905,0
702906,0
702907,0
702908,0
702909,0
702910,9
702911,7
702912,0
702913,0
702914,0
702915,0
702916,0
702917,0
702918,0
702919,0
702920,0
702921,0
702922,0
702923,0
702924,0
702925,0
702926,0
702927,0
702928,0
702929,0
702930,0
702931,0
702932,0
702933,7
702934,0
702935,0
702936,0
702937,0
702938,0
702939,0
702940,0
702941,0
702942,0
702943,0
702944,0
702945,0
702946,0
702947,0
702948,0
702949,0
702950,0
702951,14
702952,0
702953,0
702954,0
702955,0
702956,0
702957,0
702958,0
702959,0
702960,0
702961,0
702962,0
702963,0
702964,0
702965,0
702966,0
702967,0
702968,0
702969,0
702970,0
702971,0
702972,0
702973,0
702974,0
702975,0
702976,0
702977,0
702978,0
702979,0
702980,0
702981,0
702982,0
702983,0
702984,0
702985,0
702986,0
702987,0
702988,0
702989,6
702990,0
702991,0
702992,0
702993,13
702994,0
702995,0
702996,0
702997,0
702998,0
702999,0
703000,0
703001,0
703002,0
703003,0
703004,0
703005,0
703006,0
703007,0
703008,0
703009,14
703010,0
703011,0
703012,0
703013,0
703014,0
703015,0
703016,0
703017,0
703018,0
703019,7
703020,0
703021,0
703022,0
703023,0
703024,0
703025,0
703026,10
703027,0
703028,0
703029,0
703030,0
703031,0
703032,0
703033,0
703034,0
703035,0
703036,0
703037,0
703038,0
703039,0
703040,0
703041,0
703042,0
703043,0
703044,0
703045,0
703046,0
703047,0
703048,0
703049,0
703050,7
703051,0
703052,0
703053,9
703054,0
703055,0
703056,0
703057,0
703058,0
703059,0
703060,0
703061,0
703062,0
703063,0
703064,0
703065,0
703066,0
703067,0
703068,0
703069,0
703070,0
703071,0
703072,0
703073,0
703074,0
703075,0
703076,0
703077,0
703078,0
703079,0
703080,0
703081,0
703082,0
703083,0
703084,0
703085,0
703086,0
703087,0
703088,0
703089,0
703090,0
703091,0
703092,0
703093,0
703094,0
703095,0
703096,0
703097,0
703098,0
703099,0
703100,9
703101,0
703102,0
703103,0
703104,0
703105,0
703106,0
703107,0
703108,0
703109,0
703110,0
703111,0
703112,0
703113,0
703114,0
703115,0
703116,0
703117,0
703118,0
703119,0
703120,10
703121,0
703122,0
703123,0
703124,0
703125,0
703126,0
703127,0
703128,0
703129,0
703130,0
703131,0
703132,0
703133,0
703134,0
703135,0
703136,0
703137,0
703138,9
703139,0
703140,0
703141,18
703142,0
703143,0
703144,0
703145,0
703146,0
703147,0
703148,0
703149,0
703150,0
703151,0
703152,0
703153,0
703154,0
703155,0
703156,0
703157,0
703158,0
703159,0
703160,0
703161,0
703162,0
703163,0
703164,0
703165,0
703166,0
703167,0
703168,0
703169,0
703170,0
703171,0
703172,0
703173,7
703174,0
703175,0
703176,0
703177,0
703178,0
703179,0
703180,0
703181,7
703182,0
703183,0
703184,0
703185,0
703186,0
703187,0
703188,0
703189,0
703190,0
703191,4
703192,0
703193,0
703194,0
703195,0
703196,8
703197,0
703198,0
703199,0
703200,0
703201,0
703202,0
703203,0
703204,0
703205,0
703206,0
703207,0
703208,0
703209,0
703210,0
703211,0
703212,0
703213,0
703214,0
703215,0
703216,0
703217,0
703218,0
703219,0
703220,0
703221,0
703222,0
703223,5
703224,0
703225,0
703226,0
703227,0
703228,0
703229,0
703230,0
703231,0
703232,11
703233,0
703234,0
703235,0
703236,0
703237,0
703238,0
703239,0
703240,0
703241,0
703242,0
703243,0
703244,0
703245,0
703246,0
703247,0
703248,0
703249,0
703250,0
703251,0
703252,0
703253,0
703254,0
703255,0
703256,0
703257,0
703258,10
703259,0
703260,0
703261,0
703262,0
703263,0
703264,0
703265,0
703266,0
703267,0
703268,0
703269,0
703270,3
703271,0
703272,0
703273,0
703274,0
703275,0
703276,0
703277,0
703278,0
703279,7
703280,0
703281,0
703282,0
703283,0
703284,0
703285,0
703286,0
703287,0
703288,16
703289,0
703290,0
703291,0
703292,0
703293,0
703294,0
703295,0
703296,0
703297,0
703298,0
703299,0
703300,0
703301,0
703302,0
703303,0
703304,0
703305,0
703306,0
703307,0
703308,0
703309,0
703310,6
703311,0
703312,0
703313,0
703314,0
703315,0
703316,0
703317,8
703318,0
703319,0
703320,0
703321,0
703322,0
703323,0
703324,0
703325,0
703326,0
703327,0
703328,3
703329,0
703330,0
703331,0
703332,0
703333,0
703334,0
703335,0
703336,0
703337,0
703338,0
703339,0
703340,0
703341,0
703342,0
703343,0
703344,0
703345,0
703346,0
703347,0
703348,0
703349,0
703350,0
703351,0
703352,0
703353,0
703354,0
703355,0
703356,5
703357,0
703358,0
703359,0
703360,0
703361,0
703362,0
703363,0
703364,0
703365,0
703366,0
703367,0
703368,16
703369,14
703370,25
703371,0
703372,0
703373,0
703374,25
703375,0
703376,0
703377,0
703378,16
703379,0
703380,0
703381,0
703382,20
703383,0
703384,0
703385,0
703386,0
703387,0
703388,0
703389,0
703390,0
703391,0
703392,0
703393,0
703394,0
703395,0
703396,0
703397,0
703398,32
703399,0
703400,21
703401,0
703402,0
703403,0
703404,0
703405,0
703406,0
703407,0
703408,0
703409,0
703410,0
703411,0
703412,0
703413,0
703414,0
703415,0
703416,0
703417,0
703418,10
703419,24
703420,0
703421,0
703422,0
703423,0
703424,0
703425,25
703426,0
703427,0
703428,19
703429,0
703430,0
703431,0
703432,15
703433,20
703434,17
703435,16
703436,20
703437,0
703438,0
703439,13
703440,0
703441,23
703442,0
703443,0
703444,0
703445,21
703446,11
703447,0
703448,17
703449,0
703450,0
703451,0
703452,0
703453,12
703454,0
703455,0
703456,6
703457,0
703458,0
703459,0
703460,18
703461,12
703462,21
703463,0
703464,0
703465,16
703466,0
703467,0
703468,21
703469,16
703470,0
703471,0
703472,0
703473,0
703474,0
703475,0
703476,0
703477,0
703478,29
703479,0
703480,0
703481,0
703482,0
703483,0
703484,0
703485,0
703486,0
703487,0
703488,0
703489,18
703490,0
703491,21
703492,0
703493,0
703494,20
703495,0
703496,0
703497,0
703498,0
703499,17
703500,0
703501,0
703502,0
703503,18
703504,16
703505,0
703506,24
703507,0
703508,0
703509,0
703510,0
703511,0
703512,0
703513,0
703514,0
703515,0
703516,0
703517,0
703518,0
703519,0
703520,0
703521,0
703522,0
703523,13
703524,0
703525,0
703526,0
703527,0
703528,0
703529,23
703530,0
703531,0
703532,0
703533,0
703534,0
703535,20
703536,0
703537,0
703538,14
703539,0
703540,0
703541,10
703542,0
703543,0
703544,25
703545,0
703546,0
703547,0
703548,0
703549,0
703550,0
703551,0
703552,0
703553,0
703554,0
703555,0
703556,0
703557,0
703558,18
703559,0
703560,14
703561,0
703562,0
703563,0
703564,0
703565,0
703566,0
703567,16
703568,0
703569,0
703570,0
703571,0
703572,24
703573,0
703574,0
703575,0
703576,0
703577,0
703578,17
703579,0
703580,16
703581,0
703582,0
703583,0
703584,0
703585,0
703586,0
703587,0
703588,14
703589,0
703590,0
703591,0
703592,0
703593,0
703594,28
703595,0
703596,0
703597,0
703598,23
703599,0
703600,0
703601,0
703602,0
703603,0
703604,25
703605,12
703606,0
703607,0
703608,0
703609,0
703610,0
703611,22
703612,0
703613,0
703614,0
703615,0
703616,0
703617,28
703618,0
703619,0
703620,0
703621,0
703622,0
703623,27
703624,19
703625,0
703626,0
703627,0
703628,0
703629,0
703630,0
703631,0
703632,0
703633,0
703634,0
703635,0
703636,0
703637,0
703638,21
703639,8
703640,16
703641,0
703642,0
703643,0
703644,0
703645,0
703646,0
703647,0
703648,0
703649,10
703650,0
703651,0
703652,18
703653,16
703654,0
703655,0
703656,0
703657,0
703658,21
703659,0
703660,23
703661,0
703662,0
703663,0
703664,0
703665,0
703666,0
703667,17
703668,0
703669,0
703670,0
703671,0
703672,0
703673,0
703674,0
703675,0
703676,0
703677,0
703678,27
703679,0
703680,0
703681,11
703682,0
703683,0
703684,0
703685,0
703686,19
703687,23
703688,24
703689,0
703690,0
703691,0
703692,0
703693,0
703694,0
703695,0
703696,0
703697,0
703698,0
703699,0
703700,0
703701,0
703702,0
703703,0
703704,0
703705,0
703706,0
703707,0
703708,27
703709,0
703710,22
703711,0
703712,17
703713,0
703714,0
703715,11
703716,18
703717,0
703718,20
703719,0
703720,0
703721,0
703722,0
703723,0
703724,0
703725,0
703726,0
703727,0
703728,0
703729,0
703730,0
703731,0
703732,0
703733,0
703734,21
703735,0
703736,0
703737,0
703738,0
703739,27
703740,0
703741,12
703742,0
703743,10
703744,0
703745,0
703746,17
703747,0
703748,18
703749,0
703750,0
703751,0
703752,0
703753,0
703754,0
703755,0
703756,15
703757,0
703758,0
703759,0
703760,0
703761,0
703762,0
703763,0
703764,0
703765,0
703766,0
703767,0
703768,0
703769,0
703770,15
703771,0
703772,17
703773,0
703774,12
703775,0
703776,0
703777,20
703778,0
703779,0
703780,0
703781,0
703782,0
703783,0
703784,0
703785,0
703786,0
703787,0
703788,0
703789,11
703790,20
703791,0
703792,21
703793,12
703794,0
703795,18
703796,0
703797,32
703798,12
703799,19
703800,0
703801,0
703802,31
703803,0
703804,23
703805,0
703806,0
703807,22
703808,26
703809,0
703810,0
703811,0
703812,0
703813,0
703814,24
703815,0
703816,0
703817,0
703818,22
703819,0
703820,0
703821,0
703822,0
703823,0
703824,0
703825,11
703826,0
703827,22
703828,30
703829,0
703830,0
703831,0
703832,0
703833,0
703834,0
703835,13
703836,0
703837,0
703838,0
703839,0
703840,0
703841,0
703842,0
703843,0
703844,0
703845,0
703846,0
703847,0
703848,0
703849,0
703850,0
703851,0
703852,0
703853,0
703854,0
703855,19
703856,0
703857,0
703858,0
703859,0
703860,0
703861,0
703862,0
703863,0
703864,0
703865,0
703866,16
703867,0
703868,22
703869,0
703870,22
703871,0
703872,0
703873,0
703874,17
703875,0
703876,0
703877,0
703878,22
703879,0
703880,0
703881,0
703882,0
703883,0
703884,19
703885,0
703886,0
703887,0
703888,0
703889,0
703890,0
703891,0
703892,34
703893,0
703894,17
703895,19
703896,0
703897,21
703898,20
703899,23
703900,0
703901,16
703902,0
703903,0
703904,0
703905,0
703906,0
703907,15
703908,0
703909,14
703910,0
703911,0
703912,0
703913,0
703914,0
703915,0
703916,0
703917,0
703918,0
703919,0
703920,0
703921,0
703922,0
703923,0
703924,0
703925,0
703926,15
703927,0
703928,0
703929,0
703930,0
703931,0
703932,0
703933,14
703934,0
703935,0
703936,0
703937,12
703938,15
703939,0
703940,17
703941,24
703942,0
703943,0
703944,20
703945,20
703946,25
703947,0
703948,0
703949,0
703950,0
703951,0
703952,18
703953,0
703954,16
703955,0
703956,0
703957,15
703958,15
703959,0
703960,0
703961,0
703962,0
703963,19
703964,0
703965,29
703966,0
703967,14
703968,0
703969,0
703970,0
703971,0
703972,0
703973,0
703974,0
703975,0
703976,15
703977,0
703978,0
703979,0
703980,0
703981,0
703982,0
703983,0
703984,0
703985,0
703986,0
703987,0
703988,0
703989,0
703990,0
703991,0
703992,10
703993,0
703994,0
703995,0
703996,0
703997,0
703998,12
703999,0
704000,0
704001,15
704002,0
704003,0
704004,14
704005,22
704006,0
704007,0
704008,0
704009,0
704010,11
704011,15
704012,16
704013,0
704014,0
704015,0
704016,0
704017,21
704018,15
704019,16
704020,21
704021,19
704022,0
704023,0
704024,0
704025,0
704026,0
704027,0
704028,0
704029,0
704030,0
704031,0
704032,9
704033,0
704034,0
704035,0
704036,0
704037,11
704038,0
704039,0
704040,20
704041,0
704042,0
704043,0
704044,0
704045,17
704046,0
704047,0
704048,17
704049,0
704050,0
704051,0
704052,0
704053,0
704054,0
704055,0
704056,0
704057,0
704058,0
704059,0
704060,16
704061,0
704062,0
704063,18
704064,0
704065,0
704066,22
704067,0
704068,0
704069,24
704070,0
704071,0
704072,0
704073,0
704074,0
704075,9
704076,0
704077,0
704078,0
704079,17
704080,0
704081,13
704082,0
704083,0
704084,19
704085,19
704086,0
704087,0
704088,22
704089,0
704090,0
704091,17
704092,0
704093,16
704094,0
704095,0
704096,0
704097,0
704098,0
704099,0
704100,0
704101,0
704102,12
704103,0
704104,0
704105,0
704106,0
704107,0
704108,0
704109,0
704110,0
704111,25
704112,0
704113,0
704114,0
704115,18
704116,22
704117,0
704118,22
704119,0
704120,0
704121,0
704122,0
704123,0
704124,0
704125,0
704126,0
704127,0
704128,0
704129,0
704130,0
704131,0
704132,0
704133,0
704134,0
704135,0
704136,11
704137,0
704138,0
704139,21
704140,0
704141,0
704142,22
704143,0
704144,16
704145,0
704146,9
704147,0
704148,10
704149,18
704150,0
704151,19
704152,0
704153,0
704154,0
704155,0
704156,0
704157,0
704158,0
704159,0
704160,0
704161,20
704162,0
704163,0
704164,0
704165,0
704166,0
704167,0
704168,21
704169,0
704170,0
704171,0
704172,29
704173,0
704174,0
704175,15
704176,0
704177,22
704178,0
704179,0
704180,0
704181,0
704182,0
704183,0
704184,0
704185,12
704186,0
704187,0
704188,15
704189,0
704190,0
704191,0
704192,0
704193,19
704194,0
704195,0
704196,18
704197,23
704198,0
704199,0
704200,0
704201,0
704202,22
704203,0
704204,0
704205,0
704206,0
704207,0
704208,0
704209,27
704210,0
704211,9
704212,17
704213,0
704214,0
704215,10
704216,0
704217,0
704218,0
704219,40
704220,0
704221,0
704222,0
704223,0
704224,0
704225,0
704226,0
704227,0
704228,0
704229,0
704230,0
704231,22
704232,0
704233,0
704234,0
704235,0
704236,0
704237,0
704238,0
704239,0
704240,0
704241,0
704242,0
704243,0
704244,0
704245,0
704246,23
704247,26
704248,0
704249,13
704250,15
704251,0
704252,0
704253,0
704254,0
704255,16
704256,0
704257,8
704258,0
704259,0
704260,0
704261,0
704262,0
704263,0
704264,0
704265,0
704266,0
704267,0
704268,0
704269,0
704270,0
704271,0
704272,0
704273,0
704274,15
704275,0
704276,0
704277,0
704278,0
704279,18
704280,0
704281,0
704282,8
704283,0
704284,18
704285,0
704286,0
704287,0
704288,0
704289,0
704290,0
704291,22
704292,14
704293,0
704294,0
704295,0
704296,0
704297,0
704298,22
704299,0
704300,0
704301,25
704302,18
704303,0
704304,18
704305,0
704306,0
704307,0
704308,0
704309,0
704310,0
704311,0
704312,0
704313,0
704314,18
704315,0
704316,0
704317,0
704318,0
704319,25
704320,0
704321,0
704322,0
704323,0
704324,0
704325,0
704326,0
704327,0
704328,0
704329,0
704330,1
704331,0
704332,0
704333,0
704334,0
704335,0
704336,0
704337,0
704338,0
704339,0
704340,1
704341,0
704342,0
704343,0
704344,1
704345,0
704346,1
704347,0
704348,0
704349,1
704350,0
704351,0
704352,0
704353,0
704354,0
704355,0
704356,0
704357,0
704358,0
704359,0
704360,0
704361,0
704362,0
704363,0
704364,0
704365,0
704366,0
704367,0
704368,0
704369,0
704370,0
704371,0
704372,0
704373,0
704374,0
704375,0
704376,0
704377,0
704378,0
704379,0
704380,0
704381,0
704382,0
704383,0
704384,0
704385,0
704386,0
704387,0
704388,0
704389,0
704390,0
704391,0
704392,2
704393,0
704394,0
704395,1
704396,0
704397,0
704398,0
704399,0
704400,0
704401,0
704402,2
704403,0
704404,1
704405,0
704406,0
704407,0
704408,0
704409,1
704410,0
704411,0
704412,0
704413,0
704414,0
704415,0
704416,0
704417,0
704418,0
704419,0
704420,0
704421,0
704422,0
704423,0
704424,0
704425,0
704426,0
704427,0
704428,0
704429,0
704430,0
704431,2
704432,0
704433,0
704434,0
704435,0
704436,0
704437,0
704438,0
704439,0
704440,0
704441,0
704442,0
704443,0
704444,0
704445,1
704446,0
704447,2
704448,0
704449,0
704450,0
704451,0
704452,0
704453,0
704454,0
704455,0
704456,0
704457,0
704458,0
704459,0
704460,0
704461,0
704462,0
704463,0
704464,0
704465,0
704466,0
704467,1
704468,0
704469,0
704470,0
704471,1
704472,0
704473,0
704474,0
704475,0
704476,0
704477,0
704478,1
704479,0
704480,0
704481,0
704482,0
704483,0
704484,0
704485,0
704486,0
704487,0
704488,0
704489,0
704490,0
704491,0
704492,0
704493,0
704494,0
704495,0
704496,0
704497,0
704498,0
704499,0
704500,0
704501,0
704502,0
704503,0
704504,2
704505,0
704506,0
704507,0
704508,0
704509,0
704510,0
704511,0
704512,0
704513,0
704514,0
704515,0
704516,0
704517,0
704518,2
704519,0
704520,0
704521,0
704522,0
704523,0
704524,0
704525,1
704526,0
704527,0
704528,0
704529,0
704530,0
704531,1
704532,0
704533,1
704534,0
704535,0
704536,0
704537,0
704538,0
704539,0
704540,2
704541,0
704542,0
704543,0
704544,0
704545,0
704546,0
704547,0
704548,0
704549,0
704550,0
704551,0
704552,0
704553,0
704554,0
704555,0
704556,0
704557,0
704558,0
704559,0
704560,0
704561,1
704562,0
704563,0
704564,0
704565,1
704566,3
704567,0
704568,0
704569,0
704570,0
704571,0
704572,0
704573,0
704574,0
704575,1
704576,0
704577,0
704578,0
704579,1
704580,1
704581,1
704582,0
704583,0
704584,0
704585,2
704586,0
704587,0
704588,0
704589,0
704590,0
704591,0
704592,0
704593,0
704594,0
704595,0
704596,0
704597,0
704598,0
704599,0
704600,0
704601,0
704602,0
704603,1
704604,0
704605,0
704606,0
704607,0
704608,0
704609,0
704610,0
704611,0
704612,1
704613,0
704614,0
704615,0
704616,0
704617,1
704618,0
704619,0
704620,0
704621,1
704622,0
704623,0
704624,0
704625,0
704626,0
704627,0
704628,0
704629,0
704630,2
704631,0
704632,0
704633,1
704634,0
704635,0
704636,1
704637,0
704638,0
704639,0
704640,0
704641,0
704642,0
704643,0
704644,0
704645,0
704646,0
704647,1
704648,0
704649,0
704650,0
704651,0
704652,0
704653,0
704654,0
704655,1
704656,0
704657,0
704658,0
704659,0
704660,0
704661,0
704662,0
704663,0
704664,0
704665,0
704666,0
704667,0
704668,0
704669,0
704670,0
704671,0
704672,0
704673,0
704674,0
704675,1
704676,2
704677,0
704678,0
704679,0
704680,0
704681,0
704682,0
704683,0
704684,0
704685,0
704686,1
704687,1
704688,0
704689,0
704690,0
704691,0
704692,1
704693,0
704694,0
704695,0
704696,0
704697,0
704698,0
704699,0
704700,0
704701,0
704702,0
704703,0
704704,0
704705,0
704706,0
704707,0
704708,0
704709,0
704710,1
704711,2
704712,0
704713,0
704714,0
704715,2
704716,0
704717,0
704718,1
704719,0
704720,0
704721,0
704722,0
704723,0
704724,0
704725,0
704726,0
704727,0
704728,0
704729,0
704730,0
704731,0
704732,0
704733,0
704734,0
704735,0
704736,0
704737,0
704738,0
704739,0
704740,0
704741,0
704742,0
704743,0
704744,0
704745,0
704746,0
704747,0
704748,0
704749,0
704750,0
704751,0
704752,0
704753,0
704754,0
704755,1
704756,0
704757,0
704758,0
704759,0
704760,0
704761,0
704762,0
704763,0
704764,0
704765,0
704766,0
704767,2
704768,0
704769,0
704770,0
704771,0
704772,0
704773,0
704774,0
704775,0
704776,0
704777,0
704778,0
704779,0
704780,0
704781,0
704782,0
704783,1
704784,1
704785,0
704786,0
704787,0
704788,0
704789,0
704790,0
704791,0
704792,0
704793,0
704794,0
704795,0
704796,0
704797,0
704798,0
704799,0
704800,0
704801,1
704802,0
704803,0
704804,0
704805,0
704806,0
704807,0
704808,2
704809,0
704810,0
704811,0
704812,2
704813,0
704814,0
704815,0
704816,0
704817,0
704818,0
704819,0
704820,0
704821,0
704822,0
704823,0
704824,0
704825,0
704826,1
704827,0
704828,0
704829,0
704830,0
704831,0
704832,0
704833,0
704834,0
704835,0
704836,0
704837,0
704838,0
704839,0
704840,0
704841,1
704842,0
704843,0
704844,0
704845,0
704846,0
704847,0
704848,0
704849,0
704850,0
704851,0
704852,0
704853,0
704854,0
704855,0
704856,0
704857,0
704858,0
704859,0
704860,0
704861,1
704862,0
704863,0
704864,0
704865,0
704866,0
704867,0
704868,0
704869,0
704870,0
704871,0
704872,0
704873,0
704874,0
704875,0
704876,0
704877,0
704878,0
704879,0
704880,1
704881,0
704882,0
704883,1
704884,0
704885,0
704886,0
704887,0
704888,0
704889,0
704890,0
704891,0
704892,0
704893,0
704894,0
704895,0
704896,0
704897,0
704898,0
704899,0
704900,0
704901,0
704902,0
704903,2
704904,0
704905,0
704906,0
704907,0
704908,0
704909,0
704910,0
704911,0
704912,0
704913,0
704914,0
704915,0
704916,0
704917,0
704918,0
704919,0
704920,0
704921,1
704922,0
704923,0
704924,0
704925,0
704926,0
704927,0
704928,0
704929,1
704930,0
704931,0
704932,0
704933,0
704934,0
704935,0
704936,0
704937,1
704938,0
704939,0
704940,0
704941,0
704942,0
704943,0
704944,2
704945,0
704946,0
704947,0
704948,0
704949,0
704950,0
704951,0
704952,2
704953,0
704954,0
704955,1
704956,0
704957,1
704958,0
704959,0
704960,0
704961,0
704962,0
704963,0
704964,0
704965,0
704966,0
704967,0
704968,0
704969,0
704970,0
704971,0
704972,0
704973,0
704974,0
704975,0
704976,0
704977,0
704978,0
704979,0
704980,0
704981,0
704982,0
704983,2
704984,0
704985,0
704986,0
704987,0
704988,0
704989,0
704990,0
704991,0
704992,0
704993,0
704994,0
704995,0
704996,0
704997,0
704998,0
704999,0
705000,0
705001,0
705002,0
705003,0
705004,0
705005,0
705006,0
705007,1
705008,0
705009,0
705010,0
705011,0
705012,0
705013,0
705014,0
705015,0
705016,0
705017,2
705018,0
705019,0
705020,0
705021,0
705022,0
705023,0
705024,0
705025,1
705026,2
705027,0
705028,0
705029,0
705030,0
705031,0
705032,0
705033,0
705034,0
705035,0
705036,1
705037,0
705038,0
705039,0
705040,0
705041,0
705042,0
705043,0
705044,0
705045,0
705046,0
705047,0
705048,0
705049,0
705050,0
705051,0
705052,0
705053,0
705054,0
705055,0
705056,0
705057,0
705058,2
705059,0
705060,0
705061,0
705062,0
705063,0
705064,0
705065,0
705066,0
705067,0
705068,0
705069,0
705070,0
705071,0
705072,0
705073,0
705074,0
705075,0
705076,0
705077,0
705078,0
705079,0
705080,0
705081,0
705082,0
705083,0
705084,0
705085,0
705086,0
705087,0
705088,0
705089,0
705090,0
705091,0
705092,0
705093,0
705094,1
705095,1
705096,0
705097,2
705098,0
705099,0
705100,0
705101,0
705102,0
705103,0
705104,0
705105,0
705106,0
705107,0
705108,0
705109,0
705110,0
705111,0
705112,0
705113,0
705114,1
705115,0
705116,0
705117,0
705118,0
705119,0
705120,1
705121,0
705122,1
705123,0
705124,0
705125,0
705126,0
705127,0
705128,0
705129,0
705130,0
705131,0
705132,0
705133,1
705134,0
705135,0
705136,0
705137,3
705138,0
705139,0
705140,0
705141,0
705142,1
705143,0
705144,0
705145,0
705146,0
705147,0
705148,0
705149,0
705150,0
705151,0
705152,0
705153,0
705154,0
705155,0
705156,0
705157,0
705158,0
705159,0
705160,1
705161,1
705162,0
705163,0
705164,0
705165,0
705166,0
705167,1
705168,0
705169,0
705170,0
705171,0
705172,0
705173,0
705174,0
705175,1
705176,0
705177,0
705178,0
705179,0
705180,0
705181,0
705182,1
705183,0
705184,1
705185,0
705186,1
705187,0
705188,0
705189,1
705190,0
705191,0
705192,0
705193,0
705194,0
705195,0
705196,0
705197,0
705198,0
705199,0
705200,0
705201,0
705202,1
705203,0
705204,0
705205,0
705206,0
705207,0
705208,0
705209,0
705210,0
705211,0
705212,0
705213,0
705214,0
705215,0
705216,0
705217,0
705218,0
705219,0
705220,0
705221,0
705222,0
705223,0
705224,0
705225,0
705226,1
705227,0
705228,0
705229,0
705230,0
705231,0
705232,0
705233,0
705234,1
705235,0
705236,0
705237,0
705238,1
705239,0
705240,0
705241,0
705242,0
705243,0
705244,0
705245,1
705246,0
705247,0
705248,1
705249,1
705250,0
705251,0
705252,0
705253,0
705254,21
705255,15
705256,7
705257,0
705258,0
705259,0
705260,0
705261,0
705262,0
705263,0
705264,14
705265,0
705266,0
705267,0
705268,11
705269,0
705270,0
705271,15
705272,0
705273,9
705274,0
705275,0
705276,0
705277,0
705278,0
705279,16
705280,0
705281,0
705282,20
705283,0
705284,0
705285,0
705286,0
705287,0
705288,0
705289,0
705290,22
705291,0
705292,0
705293,0
705294,0
705295,0
705296,8
705297,0
705298,0
705299,0
705300,0
705301,0
705302,0
705303,0
705304,0
705305,0
705306,0
705307,12
705308,0
705309,14
705310,0
705311,0
705312,0
705313,0
705314,0
705315,10
705316,0
705317,0
705318,16
705319,12
705320,0
705321,0
705322,0
705323,0
705324,22
705325,0
705326,17
705327,0
705328,16
705329,0
705330,0
705331,0
705332,7
705333,0
705334,7
705335,0
705336,0
705337,0
705338,0
705339,0
705340,0
705341,0
705342,0
705343,0
705344,0
705345,17
705346,0
705347,0
705348,0
705349,0
705350,0
705351,0
705352,0
705353,12
705354,10
705355,17
705356,0
705357,0
705358,0
705359,0
705360,13
705361,0
705362,0
705363,0
705364,0
705365,0
705366,0
705367,0
705368,0
705369,0
705370,0
705371,0
705372,0
705373,0
705374,0
705375,0
705376,0
705377,12
705378,0
705379,0
705380,0
705381,19
705382,0
705383,16
705384,0
705385,0
705386,11
705387,0
705388,0
705389,0
705390,0
705391,0
705392,0
705393,20
705394,0
705395,0
705396,0
705397,0
705398,0
705399,0
705400,0
705401,0
705402,14
705403,0
705404,0
705405,0
705406,0
705407,0
705408,0
705409,0
705410,0
705411,0
705412,0
705413,0
705414,11
705415,16
705416,11
705417,0
705418,0
705419,0
705420,0
705421,0
705422,0
705423,0
705424,0
705425,0
705426,0
705427,0
705428,16
705429,0
705430,9
705431,0
705432,0
705433,0
705434,0
705435,0
705436,0
705437,0
705438,22
705439,16
705440,0
705441,0
705442,0
705443,0
705444,0
705445,0
705446,0
705447,0
705448,13
705449,0
705450,0
705451,0
705452,10
705453,0
705454,0
705455,0
705456,0
705457,0
705458,0
705459,0
705460,40
705461,0
705462,30
705463,0
705464,0
705465,0
705466,0
705467,0
705468,0
705469,0
705470,33
705471,0
705472,0
705473,0
705474,0
705475,0
705476,0
705477,0
705478,0
705479,0
705480,0
705481,0
705482,0
705483,0
705484,0
705485,31
705486,0
705487,0
705488,0
705489,0
705490,33
705491,33
705492,0
705493,0
705494,0
705495,0
705496,29
705497,0
705498,0
705499,34
705500,29
705501,0
705502,0
705503,0
705504,0
705505,0
705506,0
705507,0
705508,0
705509,0
705510,32
705511,0
705512,0
705513,21
705514,34
705515,0
705516,0
705517,0
705518,0
705519,0
705520,18
705521,26
705522,0
705523,31
705524,0
705525,33
705526,0
705527,0
705528,0
705529,0
705530,29
705531,0
705532,0
705533,0
705534,31
705535,0
705536,0
705537,0
705538,0
705539,19
705540,0
705541,0
705542,33
705543,0
705544,32
705545,43
705546,0
705547,0
705548,0
705549,0
705550,0
705551,0
705552,36
705553,41
705554,0
705555,0
705556,0
705557,0
705558,0
705559,28
705560,0
705561,0
705562,0
705563,32
705564,0
705565,0
705566,26
705567,0
705568,0
705569,0
705570,0
705571,0
705572,0
705573,0
705574,0
705575,0
705576,0
705577,32
705578,0
705579,30
705580,0
705581,0
705582,0
705583,0
705584,0
705585,0
705586,0
705587,0
705588,0
705589,0
705590,0
705591,36
705592,0
705593,0
705594,0
705595,0
705596,0
705597,0
705598,22
705599,0
705600,29
705601,33
705602,0
705603,0
705604,0
705605,0
705606,0
705607,0
705608,22
705609,0
705610,0
705611,0
705612,0
705613,37
705614,0
705615,39
705616,22
705617,0
705618,0
705619,0
705620,0
705621,0
705622,40
705623,0
705624,0
705625,0
705626,23
705627,0
705628,0
705629,0
705630,0
705631,0
705632,0
705633,24
705634,0
705635,27
705636,0
705637,0
705638,0
705639,0
705640,0
705641,0
705642,23
705643,0
705644,0
705645,0
705646,0
705647,0
705648,0
705649,0
705650,0
705651,0
705652,31
705653,36
705654,0
705655,0
705656,0
705657,0
705658,0
705659,0
705660,0
705661,0
705662,0
705663,0
705664,33
705665,25
705666,16
705667,0
705668,0
705669,0
705670,31
705671,0
705672,28
705673,0
705674,0
705675,0
705676,0
705677,0
705678,0
705679,29
705680,34
705681,52
705682,0
705683,0
705684,0
705685,0
705686,23
705687,0
705688,35
705689,0
705690,0
705691,0
705692,0
705693,0
705694,29
705695,0
705696,29
705697,0
705698,0
705699,24
705700,0
705701,0
705702,0
705703,0
705704,30
705705,0
705706,0
705707,0
705708,0
705709,0
705710,0
705711,0
705712,0
705713,28
705714,0
705715,0
705716,0
705717,0
705718,0
705719,25
705720,38
705721,28
705722,0
705723,43
705724,0
705725,0
705726,0
705727,0
705728,0
705729,0
705730,0
705731,0
705732,0
705733,0
705734,0
705735,0
705736,0
705737,0
705738,0
705739,0
705740,0
705741,0
705742,0
705743,0
705744,0
705745,0
705746,21
705747,0
705748,0
705749,47
705750,37
705751,23
705752,0
705753,0
705754,0
705755,0
705756,0
705757,37
705758,36
705759,31
705760,0
705761,30
705762,0
705763,49
705764,30
705765,0
705766,0
705767,0
705768,0
705769,0
705770,20
705771,0
705772,0
705773,0
705774,0
705775,0
705776,31
705777,0
705778,27
705779,25
705780,0
705781,0
705782,27
705783,0
705784,0
705785,0
705786,0
705787,41
705788,0
705789,0
705790,0
705791,0
705792,0
705793,0
705794,38
705795,25
705796,0
705797,0
705798,0
705799,48
705800,36
705801,40
705802,0
705803,0
705804,0
705805,24
705806,0
705807,0
705808,0
705809,0
705810,20
705811,33
705812,0
705813,0
705814,0
705815,0
705816,0
705817,0
705818,0
705819,0
705820,0
705821,0
705822,0
705823,0
705824,0
705825,22
705826,0
705827,30
705828,0
705829,37
705830,0
705831,31
705832,0
705833,0
705834,0
705835,0
705836,31
705837,0
705838,0
705839,22
705840,0
705841,36
705842,0
705843,0
705844,0
705845,0
705846,0
705847,0
705848,0
705849,0
705850,0
705851,0
705852,0
705853,27
705854,0
705855,44
705856,0
705857,0
705858,0
705859,41
705860,16
705861,0
705862,47
705863,0
705864,0
705865,0
705866,29
705867,33
705868,0
705869,31
705870,0
705871,0
705872,0
705873,39
705874,0
705875,32
705876,36
705877,0
705878,0
705879,0
705880,0
705881,0
705882,0
705883,0
705884,25
705885,0
705886,0
705887,0
705888,0
705889,0
705890,0
705891,0
705892,0
705893,32
705894,0
705895,0
705896,0
705897,0
705898,0
705899,0
705900,14
705901,0
705902,28
705903,0
705904,0
705905,0
705906,0
705907,0
705908,0
705909,0
705910,0
705911,0
705912,2
705913,4
705914,0
705915,0
705916,5
705917,0
705918,2
705919,0
705920,0
705921,0
705922,0
705923,5
705924,0
705925,1
705926,0
705927,0
705928,4
705929,0
705930,0
705931,0
705932,0
705933,3
705934,0
705935,0
705936,0
705937,0
705938,0
705939,0
705940,0
705941,0
705942,0
705943,0
705944,0
705945,0
705946,0
705947,0
705948,0
705949,0
705950,0
705951,0
705952,0
705953,7
705954,0
705955,0
705956,0
705957,0
705958,0
705959,0
705960,0
705961,0
705962,0
705963,0
705964,0
705965,0
705966,0
705967,0
705968,0
705969,0
705970,0
705971,4
705972,0
705973,0
705974,0
705975,0
705976,2
705977,0
705978,5
705979,3
705980,3
705981,2
705982,4
705983,0
705984,0
705985,0
705986,0
705987,0
705988,0
705989,0
705990,0
705991,2
705992,0
705993,0
705994,0
705995,0
705996,0
705997,1
705998,0
705999,0
706000,0
706001,0
706002,0
706003,0
706004,0
706005,3
706006,0
706007,0
706008,0
706009,0
706010,0
706011,4
706012,0
706013,5
706014,0
706015,0
706016,5
706017,0
706018,0
706019,0
706020,2
706021,0
706022,0
706023,0
706024,0
706025,0
706026,0
706027,0
706028,0
706029,0
706030,0
706031,0
706032,0
706033,0
706034,0
706035,5
706036,4
706037,0
706038,0
706039,0
706040,0
706041,3
706042,0
706043,0
706044,0
706045,0
706046,0
706047,0
706048,3
706049,0
706050,0
706051,0
706052,0
706053,0
706054,0
706055,0
706056,0
706057,0
706058,0
706059,0
706060,0
706061,0
706062,0
706063,0
706064,0
706065,2
706066,0
706067,0
706068,0
706069,0
706070,0
706071,0
706072,0
706073,0
706074,0
706075,0
706076,0
706077,0
706078,0
706079,0
706080,3
706081,0
706082,0
706083,0
706084,0
706085,0
706086,0
706087,0
706088,0
706089,2
706090,2
706091,3
706092,0
706093,0
706094,8
706095,3
706096,0
706097,5
706098,0
706099,0
706100,0
706101,4
706102,0
706103,0
706104,0
706105,3
706106,0
706107,7
706108,0
706109,0
706110,0
706111,1
706112,0
706113,0
706114,0
706115,0
706116,3
706117,4
706118,0
706119,0
706120,0
706121,0
706122,0
706123,0
706124,0
706125,0
706126,0
706127,0
706128,0
706129,0
706130,0
706131,0
706132,2
706133,0
706134,0
706135,0
706136,0
706137,0
706138,0
706139,0
706140,0
706141,4
706142,2
706143,0
706144,0
706145,0
706146,0
706147,0
706148,0
706149,1
706150,0
706151,0
706152,0
706153,0
706154,0
706155,0
706156,0
706157,0
706158,0
706159,0
706160,0
706161,0
706162,7
706163,1
706164,0
706165,0
706166,0
706167,3
706168,0
706169,0
706170,0
706171,0
706172,3
706173,1
706174,0
706175,0
706176,0
706177,0
706178,0
706179,0
706180,0
706181,2
706182,0
706183,0
706184,0
706185,1
706186,0
706187,0
706188,0
706189,0
706190,0
706191,0
706192,0
706193,0
706194,0
706195,0
706196,0
706197,0
706198,0
706199,3
706200,0
706201,0
706202,1
706203,2
706204,0
706205,0
706206,0
706207,0
706208,0
706209,4
706210,0
706211,0
706212,0
706213,0
706214,0
706215,0
706216,0
706217,0
706218,0
706219,0
706220,0
706221,0
706222,3
706223,0
706224,0
706225,0
706226,0
706227,0
706228,0
706229,0
706230,0
706231,0
706232,0
706233,0
706234,0
706235,0
706236,0
706237,0
706238,0
706239,0
706240,0
706241,0
706242,5
706243,0
706244,0
706245,0
706246,7
706247,0
706248,0
706249,0
706250,0
706251,0
706252,0
706253,0
706254,0
706255,0
706256,0
706257,0
706258,0
706259,0
706260,0
706261,11
706262,0
706263,0
706264,6
706265,3
706266,1
706267,0
706268,0
706269,0
706270,0
706271,0
706272,0
706273,3
706274,0
706275,0
706276,0
706277,0
706278,0
706279,28
706280,14
706281,0
706282,0
706283,0
706284,26
706285,0
706286,0
706287,0
706288,25
706289,0
706290,35
706291,0
706292,0
706293,0
706294,0
706295,0
706296,0
706297,0
706298,0
706299,0
706300,28
706301,0
706302,0
706303,0
706304,17
706305,26
706306,0
706307,32
706308,30
706309,0
706310,0
706311,0
706312,0
706313,0
706314,0
706315,0
706316,0
706317,0
706318,0
706319,0
706320,0
706321,0
706322,0
706323,0
706324,0
706325,0
706326,0
706327,0
706328,0
706329,0
706330,0
706331,0
706332,0
706333,0
706334,22
706335,18
706336,0
706337,30
706338,21
706339,0
706340,0
706341,0
706342,24
706343,0
706344,0
706345,32
706346,0
706347,0
706348,0
706349,0
706350,0
706351,0
706352,0
706353,0
706354,16
706355,0
706356,24
706357,0
706358,28
706359,0
706360,0
706361,0
706362,21
706363,18
706364,20
706365,0
706366,0
706367,0
706368,0
706369,0
706370,0
706371,0
706372,0
706373,0
706374,25
706375,0
706376,23
706377,0
706378,22
706379,0
706380,29
706381,0
706382,0
706383,0
706384,0
706385,16
706386,0
706387,0
706388,0
706389,0
706390,0
706391,0
706392,0
706393,0
706394,0
706395,0
706396,0
706397,0
706398,0
706399,0
706400,0
706401,0
706402,0
706403,0
706404,0
706405,29
706406,0
706407,0
706408,0
706409,0
706410,0
706411,0
706412,24
706413,0
706414,22
706415,22
706416,0
706417,0
706418,10
706419,0
706420,21
706421,0
706422,0
706423,0
706424,0
706425,0
706426,0
706427,0
706428,27
706429,0
706430,0
706431,0
706432,0
706433,0
706434,0
706435,0
706436,0
706437,0
706438,0
706439,24
706440,0
706441,0
706442,0
706443,0
706444,0
706445,23
706446,0
706447,24
706448,0
706449,0
706450,0
706451,0
706452,0
706453,21
706454,0
706455,0
706456,0
706457,19
706458,0
706459,0
706460,0
706461,0
706462,0
706463,0
706464,0
706465,0
706466,0
706467,0
706468,0
706469,0
706470,0
706471,0
706472,0
706473,0
706474,0
706475,0
706476,0
706477,20
706478,0
706479,0
706480,25
706481,21
706482,0
706483,20
706484,0
706485,0
706486,0
706487,0
706488,0
706489,0
706490,0
706491,0
706492,25
706493,0
706494,0
706495,29
706496,0
706497,0
706498,0
706499,0
706500,0
706501,0
706502,0
706503,0
706504,0
706505,0
706506,0
706507,0
706508,0
706509,0
706510,0
706511,0
706512,0
706513,0
706514,19
706515,0
706516,0
706517,0
706518,0
706519,30
706520,27
706521,0
706522,0
706523,0
706524,0
706525,0
706526,0
706527,0
706528,0
706529,0
706530,0
706531,0
706532,0
706533,0
706534,0
706535,0
706536,0
706537,18
706538,0
706539,0
706540,0
706541,0
706542,18
706543,0
706544,19
706545,0
706546,32
706547,0
706548,22
706549,0
706550,0
706551,0
706552,0
706553,0
706554,0
706555,18
706556,0
706557,0
706558,0
706559,0
706560,0
706561,0
706562,0
706563,0
706564,0
706565,0
706566,15
706567,0
706568,20
706569,0
706570,31
706571,0
706572,0
706573,0
706574,21
706575,0
706576,0
706577,0
706578,19
706579,12
706580,0
706581,0
706582,0
706583,0
706584,0
706585,0
706586,0
706587,0
706588,0
706589,0
706590,0
706591,28
706592,0
706593,0
706594,21
706595,0
706596,0
706597,0
706598,0
706599,27
706600,0
706601,0
706602,0
706603,0
706604,22
706605,0
706606,0
706607,0
706608,0
706609,0
706610,0
706611,0
706612,0
706613,26
706614,0
706615,0
706616,27
706617,0
706618,0
706619,0
706620,0
706621,0
706622,0
706623,26
706624,36
706625,0
706626,0
706627,0
706628,0
706629,0
706630,0
706631,0
706632,29
706633,0
706634,0
706635,0
706636,19
706637,0
706638,0
706639,0
706640,16
706641,0
706642,24
706643,21
706644,0
706645,0
706646,0
706647,0
706648,0
706649,0
706650,25
706651,0
706652,24
706653,31
706654,0
706655,33
706656,0
706657,0
706658,0
706659,0
706660,0
706661,0
706662,0
706663,0
706664,0
706665,0
706666,0
706667,23
706668,0
706669,0
706670,19
706671,0
706672,0
706673,0
706674,0
706675,0
706676,0
706677,0
706678,0
706679,31
706680,0
706681,37
706682,0
706683,0
706684,0
706685,0
706686,0
706687,0
706688,0
706689,0
706690,0
706691,0
706692,0
706693,0
706694,25
706695,0
706696,0
706697,0
706698,0
706699,0
706700,0
706701,30
706702,0
706703,0
706704,22
706705,0
706706,0
706707,0
706708,0
706709,0
706710,28
706711,0
706712,0
706713,0
706714,16
706715,30
706716,26
706717,0
706718,0
706719,0
706720,0
706721,0
706722,0
706723,0
706724,0
706725,0
706726,0
706727,0
706728,0
706729,0
706730,0
706731,0
706732,0
706733,0
706734,0
706735,25
706736,0
706737,0
706738,32
706739,0
706740,0
706741,32
706742,0
706743,0
706744,0
706745,0
706746,0
706747,0
706748,24
706749,20
706750,0
706751,21
706752,0
706753,0
706754,0
706755,0
706756,0
706757,0
706758,0
706759,0
706760,0
706761,28
706762,0
706763,26
706764,0
706765,0
706766,0
706767,0
706768,0
706769,34
706770,0
706771,0
706772,0
706773,0
706774,0
706775,18
706776,0
706777,0
706778,0
706779,0
706780,0
706781,0
706782,0
706783,16
706784,0
706785,0
706786,0
706787,0
706788,0
706789,26
706790,0
706791,0
706792,22
706793,0
706794,27
706795,0
706796,0
706797,0
706798,0
706799,0
706800,0
706801,0
706802,0
706803,0
706804,20
706805,0
706806,12
706807,0
706808,0
706809,27
706810,0
706811,0
706812,0
706813,0
706814,25
706815,0
706816,0
706817,0
706818,0
706819,0
706820,33
706821,0
706822,25
706823,0
706824,0
706825,0
706826,0
706827,0
706828,15
706829,0
706830,0
706831,18
706832,0
706833,26
706834,0
706835,0
706836,0
706837,0
706838,0
706839,0
706840,0
706841,0
706842,0
706843,0
706844,32
706845,0
706846,0
706847,0
706848,0
706849,17
706850,0
706851,26
706852,0
706853,0
706854,0
706855,0
706856,0
706857,0
706858,0
706859,0
706860,0
706861,0
706862,0
706863,0
706864,25
706865,0
706866,0
706867,42
706868,0
706869,0
706870,0
706871,0
706872,0
706873,24
706874,0
706875,0
706876,0
706877,0
706878,0
706879,0
706880,0
706881,0
706882,22
706883,0
706884,26
706885,0
706886,0
706887,24
706888,0
706889,0
706890,0
706891,0
706892,0
706893,0
706894,0
706895,25
706896,0
706897,19
706898,0
706899,0
706900,36
706901,0
706902,0
706903,0
706904,0
706905,0
706906,0
706907,0
706908,0
706909,20
706910,20
706911,0
706912,0
706913,0
706914,0
706915,0
706916,0
706917,0
706918,0
706919,0
706920,0
706921,21
706922,23
706923,27
706924,0
706925,0
706926,0
706927,0
706928,0
706929,0
706930,0
706931,0
706932,0
706933,0
706934,0
706935,29
706936,0
706937,0
706938,0
706939,0
706940,33
706941,34
706942,0
706943,0
706944,26
706945,0
706946,0
706947,0
706948,0
706949,0
706950,0
706951,0
706952,0
706953,0
706954,0
706955,21
706956,0
706957,0
706958,0
706959,27
706960,0
706961,0
706962,0
706963,0
706964,0
706965,0
706966,0
706967,15
706968,0
706969,0
706970,0
706971,0
706972,0
706973,0
706974,0
706975,0
706976,0
706977,8
706978,0
706979,0
706980,0
706981,0
706982,0
706983,0
706984,0
706985,0
706986,0
706987,0
706988,0
706989,14
706990,0
706991,0
706992,0
706993,0
706994,0
706995,19
706996,0
706997,0
706998,0
706999,22
707000,0
707001,0
707002,0
707003,0
707004,0
707005,0
707006,14
707007,0
707008,0
707009,0
707010,0
707011,0
707012,0
707013,0
707014,0
707015,0
707016,9
707017,0
707018,0
707019,0
707020,20
707021,0
707022,0
707023,0
707024,0
707025,0
707026,0
707027,0
707028,0
707029,0
707030,0
707031,0
707032,0
707033,0
707034,0
707035,0
707036,0
707037,0
707038,0
707039,0
707040,0
707041,0
707042,0
707043,0
707044,0
707045,0
707046,0
707047,0
707048,0
707049,0
707050,0
707051,0
707052,0
707053,0
707054,0
707055,0
707056,0
707057,0
707058,0
707059,0
707060,0
707061,0
707062,17
707063,0
707064,0
707065,0
707066,0
707067,12
707068,0
707069,0
707070,0
707071,0
707072,0
707073,0
707074,0
707075,0
707076,12
707077,9
707078,0
707079,0
707080,0
707081,0
707082,0
707083,0
707084,14
707085,0
707086,0
707087,0
707088,0
707089,0
707090,0
707091,0
707092,0
707093,0
707094,13
707095,0
707096,13
707097,0
707098,0
707099,14
707100,0
707101,0
707102,0
707103,0
707104,0
707105,0
707106,12
707107,16
707108,0
707109,0
707110,0
707111,12
707112,0
707113,0
707114,0
707115,0
707116,0
707117,0
707118,0
707119,0
707120,0
707121,0
707122,0
707123,18
707124,14
707125,0
707126,0
707127,0
707128,0
707129,0
707130,0
707131,0
707132,0
707133,0
707134,0
707135,12
707136,0
707137,0
707138,0
707139,0
707140,0
707141,0
707142,0
707143,0
707144,0
707145,0
707146,0
707147,0
707148,0
707149,10
707150,0
707151,0
707152,0
707153,0
707154,0
707155,0
707156,0
707157,0
707158,0
707159,0
707160,0
707161,0
707162,0
707163,0
707164,0
707165,0
707166,0
707167,0
707168,0
707169,0
707170,26
707171,0
707172,0
707173,0
707174,0
707175,0
707176,0
707177,0
707178,0
707179,0
707180,0
707181,33
707182,0
707183,0
707184,0
707185,0
707186,33
707187,0
707188,0
707189,24
707190,0
707191,0
707192,0
707193,13
707194,0
707195,0
707196,17
707197,0
707198,0
707199,0
707200,0
707201,0
707202,0
707203,0
707204,0
707205,0
707206,0
707207,0
707208,0
707209,0
707210,28
707211,0
707212,0
707213,0
707214,0
707215,32
707216,0
707217,0
707218,0
707219,0
707220,0
707221,0
707222,0
707223,0
707224,0
707225,0
707226,0
707227,0
707228,0
707229,0
707230,0
707231,0
707232,0
707233,0
707234,0
707235,0
707236,0
707237,0
707238,25
707239,0
707240,0
707241,23
707242,21
707243,0
707244,0
707245,0
707246,0
707247,35
707248,0
707249,0
707250,0
707251,0
707252,0
707253,0
707254,0
707255,0
707256,0
707257,0
707258,0
707259,0
707260,0
707261,0
707262,0
707263,0
707264,22
707265,0
707266,0
707267,0
707268,0
707269,0
707270,0
707271,0
707272,0
707273,0
707274,0
707275,21
707276,0
707277,0
707278,0
707279,0
707280,0
707281,0
707282,23
707283,0
707284,0
707285,0
707286,15
707287,0
707288,0
707289,0
707290,0
707291,0
707292,0
707293,17
707294,27
707295,0
707296,0
707297,0
707298,0
707299,0
707300,0
707301,0
707302,0
707303,0
707304,0
707305,0
707306,0
707307,14
707308,0
707309,24
707310,0
707311,0
707312,0
707313,25
707314,22
707315,0
707316,0
707317,0
707318,0
707319,0
707320,0
707321,0
707322,23
707323,0
707324,0
707325,0
707326,29
707327,0
707328,0
707329,0
707330,0
707331,16
707332,0
707333,0
707334,0
707335,0
707336,0
707337,0
707338,0
707339,0
707340,0
707341,0
707342,0
707343,0
707344,0
707345,0
707346,33
707347,0
707348,0
707349,0
707350,0
707351,23
707352,0
707353,0
707354,0
707355,0
707356,0
707357,0
707358,0
707359,0
707360,0
707361,0
707362,0
707363,0
707364,0
707365,0
707366,0
707367,0
707368,0
707369,23
707370,0
707371,23
707372,0
707373,0
707374,0
707375,20
707376,24
707377,0
707378,0
707379,0
707380,0
707381,0
707382,0
707383,0
707384,0
707385,0
707386,0
707387,0
707388,0
707389,0
707390,0
707391,0
707392,0
707393,21
707394,0
707395,0
707396,0
707397,0
707398,0
707399,0
707400,0
707401,0
707402,0
707403,0
707404,19
707405,26
707406,0
707407,17
707408,0
707409,19
707410,0
707411,0
707412,0
707413,0
707414,0
707415,0
707416,0
707417,30
707418,28
707419,10
707420,0
707421,0
707422,27
707423,0
707424,0
707425,0
707426,0
707427,46
707428,0
707429,0
707430,0
707431,0
707432,0
707433,18
707434,0
707435,0
707436,0
707437,29
707438,0
707439,0
707440,0
707441,12
707442,0
707443,24
707444,0
707445,0
707446,15
707447,0
707448,32
707449,27
707450,0
707451,0
707452,0
707453,0
707454,0
707455,0
707456,0
707457,0
707458,0
707459,0
707460,0
707461,14
707462,0
707463,0
707464,0
707465,0
707466,0
707467,0
707468,0
707469,0
707470,0
707471,0
707472,0
707473,0
707474,0
707475,0
707476,15
707477,0
707478,0
707479,0
707480,0
707481,0
707482,0
707483,0
707484,21
707485,22
707486,0
707487,0
707488,0
707489,0
707490,0
707491,0
707492,0
707493,0
707494,18
707495,21
707496,0
707497,0
707498,0
707499,0
707500,0
707501,0
707502,15
707503,32
707504,0
707505,0
707506,0
707507,0
707508,0
707509,0
707510,0
707511,0
707512,9
707513,0
707514,0
707515,0
707516,0
707517,0
707518,0
707519,0
707520,0
707521,0
707522,15
707523,0
707524,0
707525,24
707526,0
707527,0
707528,0
707529,0
707530,31
707531,0
707532,0
707533,0
707534,0
707535,0
707536,0
707537,27
707538,0
707539,28
707540,0
707541,0
707542,0
707543,0
707544,0
707545,0
707546,0
707547,0
707548,31
707549,14
707550,0
707551,0
707552,0
707553,20
707554,0
707555,14
707556,0
707557,14
707558,20
707559,0
707560,0
707561,0
707562,0
707563,0
707564,0
707565,0
707566,0
707567,0
707568,0
707569,0
707570,0
707571,0
707572,0
707573,0
707574,0
707575,0
707576,0
707577,0
707578,0
707579,0
707580,0
707581,0
707582,0
707583,16
707584,20
707585,0
707586,0
707587,0
707588,0
707589,0
707590,0
707591,0
707592,21
707593,0
707594,0
707595,0
707596,0
707597,0
707598,0
707599,0
707600,0
707601,0
707602,0
707603,0
707604,20
707605,0
707606,0
707607,0
707608,0
707609,0
707610,0
707611,0
707612,0
707613,0
707614,0
707615,0
707616,14
707617,0
707618,21
707619,0
707620,0
707621,0
707622,0
707623,0
707624,25
707625,0
707626,0
707627,0
707628,0
707629,19
707630,19
707631,0
707632,19
707633,0
707634,0
707635,0
707636,25
707637,17
707638,0
707639,0
707640,0
707641,0
707642,0
707643,0
707644,0
707645,0
707646,0
707647,0
707648,0
707649,0
707650,0
707651,0
707652,0
707653,0
707654,0
707655,12
707656,0
707657,0
707658,0
707659,0
707660,43
707661,0
707662,0
707663,10
707664,0
707665,21
707666,23
707667,26
707668,0
707669,0
707670,0
707671,31
707672,0
707673,14
707674,0
707675,1
707676,2
707677,0
707678,0
707679,0
707680,0
707681,3
707682,0
707683,0
707684,0
707685,0
707686,0
707687,0
707688,0
707689,3
707690,0
707691,0
707692,0
707693,0
707694,0
707695,0
707696,0
707697,0
707698,0
707699,0
707700,0
707701,0
707702,0
707703,2
707704,0
707705,1
707706,0
707707,0
707708,0
707709,0
707710,0
707711,2
707712,0
707713,0
707714,0
707715,1
707716,0
707717,0
707718,0
707719,1
707720,2
707721,2
707722,0
707723,0
707724,0
707725,0
707726,0
707727,0
707728,0
707729,0
707730,0
707731,0
707732,0
707733,0
707734,0
707735,0
707736,0
707737,0
707738,0
707739,0
707740,0
707741,0
707742,0
707743,0
707744,0
707745,0
707746,0
707747,0
707748,0
707749,0
707750,0
707751,0
707752,0
707753,0
707754,0
707755,0
707756,0
707757,0
707758,0
707759,0
707760,0
707761,1
707762,4
707763,0
707764,0
707765,0
707766,1
707767,3
707768,0
707769,1
707770,0
707771,0
707772,0
707773,0
707774,0
707775,0
707776,0
707777,0
707778,0
707779,0
707780,0
707781,0
707782,3
707783,0
707784,0
707785,1
707786,3
707787,0
707788,1
707789,1
707790,0
707791,0
707792,0
707793,0
707794,0
707795,2
707796,0
707797,0
707798,0
707799,0
707800,0
707801,0
707802,0
707803,0
707804,1
707805,0
707806,0
707807,0
707808,0
707809,0
707810,0
707811,0
707812,1
707813,0
707814,2
707815,0
707816,5
707817,0
707818,0
707819,2
707820,3
707821,0
707822,0
707823,0
707824,0
707825,0
707826,0
707827,0
707828,0
707829,0
707830,0
707831,0
707832,0
707833,3
707834,1
707835,0
707836,1
707837,0
707838,1
707839,2
707840,2
707841,2
707842,0
707843,0
707844,0
707845,3
707846,0
707847,0
707848,0
707849,1
707850,3
707851,0
707852,0
707853,0
707854,0
707855,0
707856,0
707857,0
707858,0
707859,0
707860,0
707861,0
707862,0
707863,3
707864,0
707865,1
707866,0
707867,0
707868,0
707869,0
707870,0
707871,2
707872,0
707873,4
707874,0
707875,0
707876,0
707877,0
707878,0
707879,0
707880,0
707881,0
707882,0
707883,0
707884,0
707885,0
707886,0
707887,0
707888,0
707889,0
707890,0
707891,1
707892,0
707893,0
707894,0
707895,0
707896,0
707897,3
707898,3
707899,0
707900,0
707901,0
707902,2
707903,0
707904,0
707905,0
707906,0
707907,0
707908,0
707909,0
707910,0
707911,0
707912,0
707913,0
707914,0
707915,1
707916,0
707917,0
707918,0
707919,0
707920,4
707921,0
707922,2
707923,0
707924,2
707925,0
707926,0
707927,1
707928,0
707929,1
707930,0
707931,0
707932,3
707933,4
707934,0
707935,0
707936,0
707937,2
707938,0
707939,0
707940,0
707941,0
707942,1
707943,0
707944,0
707945,0
707946,0
707947,0
707948,0
707949,0
707950,4
707951,2
707952,0
707953,0
707954,1
707955,0
707956,2
707957,1
707958,0
707959,0
707960,1
707961,2
707962,0
707963,0
707964,0
707965,0
707966,1
707967,0
707968,0
707969,0
707970,2
707971,0
707972,0
707973,3
707974,0
707975,2
707976,1
707977,0
707978,0
707979,0
707980,0
707981,0
707982,0
707983,2
707984,0
707985,2
707986,0
707987,0
707988,0
707989,0
707990,0
707991,2
707992,0
707993,4
707994,0
707995,0
707996,3
707997,0
707998,0
707999,0
708000,1
708001,0
708002,0
708003,0
708004,0
708005,0
708006,2
708007,2
708008,0
708009,0
708010,0
708011,1
708012,0
708013,0
708014,0
708015,2
708016,4
708017,0
708018,1
708019,0
708020,0
708021,0
708022,0
708023,0
708024,0
708025,0
708026,0
708027,0
708028,0
708029,4
708030,0
708031,5
708032,0
708033,0
708034,0
708035,0
708036,0
708037,1
708038,0
708039,0
708040,0
708041,3
708042,0
708043,0
708044,0
708045,0
708046,0
708047,0
708048,1
708049,0
708050,0
708051,0
708052,0
708053,0
708054,0
708055,0
708056,0
708057,0
708058,0
708059,0
708060,0
708061,0
708062,0
708063,0
708064,0
708065,0
708066,0
708067,0
708068,0
708069,0
708070,0
708071,2
708072,8
708073,0
708074,0
708075,0
708076,0
708077,0
708078,0
708079,1
708080,0
708081,0
708082,0
708083,0
708084,0
708085,0
708086,0
708087,0
708088,1
708089,1
708090,0
708091,0
708092,0
708093,0
708094,0
708095,0
708096,0
708097,2
708098,0
708099,0
708100,0
708101,0
708102,0
708103,1
708104,0
708105,0
708106,0
708107,1
708108,0
708109,0
708110,0
708111,0
708112,0
708113,0
708114,1
708115,1
708116,0
708117,0
708118,0
708119,0
708120,0
708121,1
708122,0
708123,0
708124,0
708125,0
708126,0
708127,0
708128,4
708129,1
708130,0
708131,3
708132,0
708133,0
708134,3
708135,2
708136,0
708137,0
708138,0
708139,0
708140,0
708141,1
708142,4
708143,0
708144,0
708145,0
708146,3
708147,0
708148,0
708149,0
708150,0
708151,0
708152,0
708153,1
708154,0
708155,0
708156,0
708157,0
708158,0
708159,0
708160,2
708161,0
708162,0
708163,0
708164,0
708165,0
708166,3
708167,0
708168,0
708169,0
708170,0
708171,6
708172,2
708173,0
708174,1
708175,0
708176,0
708177,0
708178,0
708179,0
708180,0
708181,1
708182,0
708183,0
708184,0
708185,0
708186,0
708187,0
708188,0
708189,2
708190,0
708191,0
708192,0
708193,0
708194,1
708195,0
708196,0
708197,0
708198,0
708199,0
708200,1
708201,0
708202,2
708203,0
708204,2
708205,0
708206,0
708207,0
708208,0
708209,3
708210,1
708211,0
708212,0
708213,0
708214,0
708215,0
708216,0
708217,0
708218,0
708219,0
708220,0
708221,0
708222,0
708223,0
708224,0
708225,0
708226,1
708227,0
708228,1
708229,0
708230,0
708231,0
708232,0
708233,0
708234,0
708235,0
708236,0
708237,0
708238,2
708239,0
708240,0
708241,0
708242,0
708243,0
708244,0
708245,2
708246,0
708247,0
708248,0
708249,2
708250,0
708251,0
708252,1
708253,0
708254,0
708255,2
708256,0
708257,0
708258,0
708259,0
708260,0
708261,1
708262,0
708263,0
708264,0
708265,2
708266,2
708267,0
708268,0
708269,0
708270,0
708271,0
708272,0
708273,2
708274,3
708275,0
708276,0
708277,4
708278,0
708279,1
708280,0
708281,0
708282,0
708283,0
708284,0
708285,0
708286,0
708287,3
708288,0
708289,0
708290,0
708291,0
708292,0
708293,0
708294,0
708295,0
708296,1
708297,0
708298,0
708299,2
708300,0
708301,0
708302,0
708303,1
708304,0
708305,0
708306,2
708307,0
708308,0
708309,3
708310,1
708311,0
708312,0
708313,0
708314,0
708315,0
708316,0
708317,0
708318,3
708319,1
708320,0
708321,2
708322,4
708323,0
708324,0
708325,0
708326,4
708327,0
708328,0
708329,0
708330,0
708331,0
708332,0
708333,0
708334,0
708335,2
708336,0
708337,0
708338,0
708339,0
708340,0
708341,0
708342,2
708343,0
708344,0
708345,0
708346,2
708347,0
708348,0
708349,0
708350,0
708351,0
708352,0
708353,0
708354,0
708355,0
708356,0
708357,0
708358,1
708359,0
708360,0
708361,0
708362,0
708363,0
708364,0
708365,1
708366,0
708367,0
708368,0
708369,0
708370,0
708371,0
708372,0
708373,0
708374,0
708375,0
708376,0
708377,0
708378,0
708379,0
708380,1
708381,1
708382,0
708383,0
708384,1
708385,0
708386,1
708387,0
708388,0
708389,0
708390,1
708391,0
708392,0
708393,0
708394,0
708395,0
708396,0
708397,2
708398,0
708399,1
708400,3
708401,0
708402,0
708403,0
708404,1
708405,0
708406,0
708407,1
708408,0
708409,0
708410,0
708411,0
708412,0
708413,1
708414,0
708415,1
708416,3
708417,0
708418,0
708419,0
708420,0
708421,0
708422,1
708423,0
708424,1
708425,1
708426,1
708427,1
708428,0
708429,3
708430,1
708431,0
708432,0
708433,0
708434,0
708435,0
708436,0
708437,0
708438,0
708439,0
708440,0
708441,1
708442,0
708443,1
708444,0
708445,0
708446,0
708447,0
708448,0
708449,0
708450,0
708451,2
708452,0
708453,0
708454,0
708455,0
708456,0
708457,0
708458,2
708459,0
708460,0
708461,0
708462,0
708463,0
708464,0
708465,0
708466,0
708467,0
708468,0
708469,0
708470,0
708471,0
708472,1
708473,2
708474,0
708475,0
708476,2
708477,0
708478,0
708479,0
708480,0
708481,0
708482,0
708483,0
708484,0
708485,2
708486,0
708487,0
708488,0
708489,0
708490,0
708491,5
708492,2
708493,0
708494,0
708495,0
708496,0
708497,0
708498,0
708499,0
708500,0
708501,0
708502,0
708503,0
708504,0
708505,0
708506,0
708507,0
708508,0
708509,2
708510,0
708511,0
708512,2
708513,0
708514,4
708515,0
708516,2
708517,1
708518,0
708519,0
708520,1
708521,0
708522,0
708523,0
708524,0
708525,0
708526,0
708527,0
708528,0
708529,0
708530,0
708531,0
708532,0
708533,1
708534,0
708535,0
708536,0
708537,3
708538,0
708539,0
708540,0
708541,0
708542,0
708543,0
708544,0
708545,0
708546,0
708547,0
708548,0
708549,0
708550,0
708551,0
708552,4
708553,3
708554,0
708555,0
708556,0
708557,0
708558,0
708559,0
708560,0
708561,0
708562,0
708563,0
708564,0
708565,0
708566,0
708567,0
708568,0
708569,0
708570,6
708571,0
708572,0
708573,0
708574,0
708575,0
708576,0
708577,0
708578,0
708579,4
708580,5
708581,0
708582,0
708583,3
708584,0
708585,0
708586,0
708587,0
708588,0
708589,0
708590,0
708591,0
708592,0
708593,0
708594,0
708595,0
708596,0
708597,0
708598,0
708599,0
708600,0
708601,0
708602,0
708603,0
708604,0
708605,0
708606,0
708607,0
708608,3
708609,0
708610,0
708611,0
708612,0
708613,0
708614,0
708615,0
708616,0
708617,0
708618,0
708619,0
708620,0
708621,0
708622,0
708623,2
708624,0
708625,0
708626,0
708627,0
708628,0
708629,0
708630,0
708631,0
708632,0
708633,0
708634,0
708635,0
708636,0
708637,0
708638,0
708639,0
708640,0
708641,4
708642,0
708643,0
708644,0
708645,0
708646,0
708647,0
708648,0
708649,0
708650,0
708651,0
708652,0
708653,0
708654,0
708655,0
708656,0
708657,0
708658,0
708659,0
708660,0
708661,6
708662,0
708663,0
708664,0
708665,0
708666,0
708667,0
708668,0
708669,0
708670,0
708671,0
708672,0
708673,0
708674,0
708675,0
708676,0
708677,0
708678,0
708679,0
708680,0
708681,0
708682,0
708683,0
708684,0
708685,0
708686,0
708687,0
708688,0
708689,0
708690,3
708691,0
708692,0
708693,0
708694,0
708695,4
708696,0
708697,0
708698,0
708699,0
708700,0
708701,0
708702,0
708703,0
708704,0
708705,0
708706,0
708707,0
708708,0
708709,0
708710,2
708711,0
708712,0
708713,0
708714,0
708715,0
708716,0
708717,0
708718,0
708719,0
708720,0
708721,0
708722,0
708723,0
708724,0
708725,0
708726,3
708727,0
708728,0
708729,0
708730,8
708731,0
708732,2
708733,0
708734,0
708735,3
708736,0
708737,0
708738,0
708739,6
708740,0
708741,0
708742,0
708743,0
708744,0
708745,0
708746,0
708747,2
708748,0
708749,0
708750,0
708751,0
708752,0
708753,0
708754,0
708755,0
708756,0
708757,0
708758,0
708759,0
708760,0
708761,0
708762,0
708763,0
708764,0
708765,0
708766,0
708767,0
708768,0
708769,0
708770,0
708771,0
708772,0
708773,0
708774,0
708775,0
708776,0
708777,0
708778,0
708779,0
708780,0
708781,0
708782,0
708783,1
708784,0
708785,0
708786,0
708787,0
708788,0
708789,0
708790,0
708791,0
708792,0
708793,0
708794,0
708795,0
708796,0
708797,0
708798,0
708799,0
708800,0
708801,0
708802,0
708803,0
708804,0
708805,0
708806,0
708807,0
708808,0
708809,0
708810,0
708811,0
708812,0
708813,0
708814,0
708815,0
708816,0
708817,0
708818,0
708819,0
708820,0
708821,0
708822,0
708823,0
708824,0
708825,0
708826,0
708827,0
708828,0
708829,0
708830,0
708831,0
708832,0
708833,0
708834,0
708835,0
708836,0
708837,0
708838,0
708839,1
708840,0
708841,0
708842,0
708843,0
708844,0
708845,0
708846,0
708847,0
708848,0
708849,0
708850,0
708851,10
708852,0
708853,0
708854,0
708855,0
708856,9
708857,0
708858,8
708859,0
708860,0
708861,0
708862,0
708863,0
708864,0
708865,0
708866,0
708867,0
708868,11
708869,0
708870,0
708871,0
708872,0
708873,0
708874,0
708875,0
708876,0
708877,0
708878,0
708879,0
708880,11
708881,0
708882,0
708883,0
708884,10
708885,0
708886,0
708887,0
708888,0
708889,0
708890,0
708891,0
708892,15
708893,0
708894,0
708895,0
708896,0
708897,0
708898,0
708899,0
708900,10
708901,0
708902,0
708903,0
708904,0
708905,0
708906,13
708907,0
708908,0
708909,0
708910,5
708911,19
708912,0
708913,0
708914,0
708915,0
708916,0
708917,0
708918,0
708919,0
708920,0
708921,0
708922,0
708923,0
708924,0
708925,0
708926,0
708927,0
708928,0
708929,0
708930,6
708931,0
708932,0
708933,0
708934,0
708935,0
708936,0
708937,0
708938,0
708939,0
708940,0
708941,0
708942,0
708943,0
708944,0
708945,9
708946,0
708947,0
708948,0
708949,5
708950,0
708951,0
708952,0
708953,0
708954,0
708955,6
708956,0
708957,0
708958,0
708959,0
708960,0
708961,0
708962,7
708963,0
708964,0
708965,0
708966,0
708967,0
708968,0
708969,0
708970,0
708971,0
708972,0
708973,0
708974,0
708975,0
708976,0
708977,0
708978,0
708979,0
708980,0
708981,0
708982,0
708983,0
708984,0
708985,0
708986,0
708987,16
708988,0
708989,0
708990,0
708991,0
708992,0
708993,0
708994,0
708995,0
708996,0
708997,0
708998,0
708999,0
709000,0
709001,0
709002,0
709003,15
709004,0
709005,0
709006,0
709007,0
709008,0
709009,6
709010,0
709011,0
709012,0
709013,0
709014,0
709015,11
709016,0
709017,0
709018,0
709019,0
709020,0
709021,0
709022,0
709023,0
709024,0
709025,13
709026,0
709027,0
709028,0
709029,0
709030,0
709031,0
709032,0
709033,0
709034,0
709035,0
709036,0
709037,0
709038,0
709039,0
709040,12
709041,0
709042,0
709043,0
709044,0
709045,0
709046,20
709047,0
709048,0
709049,10
709050,0
709051,0
709052,0
709053,0
709054,0
709055,0
709056,0
709057,0
709058,0
709059,0
709060,0
709061,0
709062,11
709063,0
709064,0
709065,0
709066,0
709067,0
709068,0
709069,0
709070,0
709071,0
709072,0
709073,0
709074,0
709075,0
709076,0
709077,0
709078,0
709079,0
709080,0
709081,0
709082,0
709083,0
709084,0
709085,0
709086,0
709087,0
709088,0
709089,0
709090,0
709091,9
709092,0
709093,0
709094,0
709095,19
709096,0
709097,0
709098,0
709099,0
709100,11
709101,0
709102,0
709103,0
709104,11
709105,0
709106,0
709107,0
709108,0
709109,12
709110,0
709111,0
709112,0
709113,0
709114,0
709115,0
709116,13
709117,0
709118,0
709119,0
709120,0
709121,0
709122,0
709123,0
709124,0
709125,0
709126,0
709127,0
709128,0
709129,0
709130,0
709131,0
709132,0
709133,0
709134,0
709135,0
709136,0
709137,0
709138,0
709139,0
709140,9
709141,0
709142,0
709143,2
709144,0
709145,0
709146,0
709147,14
709148,0
709149,0
709150,11
709151,0
709152,0
709153,0
709154,0
709155,0
709156,0
709157,0
709158,0
709159,10
709160,0
709161,0
709162,0
709163,0
709164,0
709165,0
709166,0
709167,0
709168,0
709169,0
709170,0
709171,0
709172,0
709173,0
709174,0
709175,0
709176,0
709177,0
709178,0
709179,0
709180,0
709181,0
709182,3
709183,0
709184,0
709185,0
709186,0
709187,0
709188,0
709189,0
709190,6
709191,0
709192,0
709193,10
709194,0
709195,0
709196,6
709197,0
709198,0
709199,0
709200,0
709201,0
709202,0
709203,0
709204,0
709205,0
709206,0
709207,0
709208,6
709209,0
709210,0
709211,0
709212,0
709213,0
709214,0
709215,7
709216,10
709217,0
709218,13
709219,0
709220,0
709221,0
709222,0
709223,0
709224,0
709225,19
709226,0
709227,0
709228,0
709229,7
709230,0
709231,0
709232,0
709233,0
709234,7
709235,0
709236,0
709237,0
709238,0
709239,0
709240,0
709241,0
709242,0
709243,12
709244,0
709245,0
709246,0
709247,0
709248,0
709249,0
709250,0
709251,0
709252,0
709253,0
709254,0
709255,0
709256,0
709257,0
709258,0
709259,0
709260,0
709261,0
709262,0
709263,0
709264,0
709265,0
709266,0
709267,0
709268,0
709269,0
709270,0
709271,0
709272,0
709273,0
709274,0
709275,0
709276,0
709277,0
709278,0
709279,0
709280,0
709281,0
709282,0
709283,0
709284,0
709285,0
709286,0
709287,0
709288,0
709289,0
709290,0
709291,0
709292,0
709293,0
709294,0
709295,12
709296,0
709297,0
709298,0
709299,0
709300,0
709301,0
709302,0
709303,0
709304,0
709305,15
709306,5
709307,0
709308,0
709309,15
709310,0
709311,0
709312,0
709313,0
709314,0
709315,0
709316,0
709317,0
709318,0
709319,0
709320,0
709321,0
709322,0
709323,0
709324,14
709325,0
709326,0
709327,0
709328,0
709329,0
709330,5
709331,11
709332,0
709333,0
709334,13
709335,0
709336,0
709337,12
709338,0
709339,0
709340,0
709341,10
709342,0
709343,0
709344,0
709345,0
709346,0
709347,0
709348,8
709349,0
709350,11
709351,0
709352,0
709353,0
709354,0
709355,0
709356,0
709357,0
709358,0
709359,0
709360,0
709361,0
709362,0
709363,0
709364,0
709365,0
709366,0
709367,0
709368,0
709369,0
709370,0
709371,0
709372,0
709373,0
709374,0
709375,0
709376,0
709377,11
709378,11
709379,0
709380,0
709381,8
709382,0
709383,0
709384,0
709385,0
709386,0
709387,0
709388,0
709389,0
709390,0
709391,0
709392,0
709393,0
709394,0
709395,0
709396,0
709397,0
709398,0
709399,0
709400,0
709401,0
709402,7
709403,0
709404,0
709405,0
709406,0
709407,0
709408,0
709409,0
709410,0
709411,0
709412,0
709413,0
709414,0
709415,0
709416,0
709417,6
709418,0
709419,0
709420,0
709421,7
709422,11
709423,0
709424,0
709425,0
709426,0
709427,0
709428,0
709429,0
709430,0
709431,0
709432,0
709433,0
709434,0
709435,0
709436,0
709437,5
709438,0
709439,0
709440,12
709441,0
709442,0
709443,0
709444,0
709445,0
709446,0
709447,0
709448,6
709449,0
709450,0
709451,0
709452,0
709453,0
709454,0
709455,15
709456,0
709457,0
709458,14
709459,0
709460,0
709461,7
709462,0
709463,0
709464,0
709465,0
709466,0
709467,0
709468,0
709469,0
709470,0
709471,0
709472,0
709473,0
709474,0
709475,7
709476,0
709477,0
709478,0
709479,0
709480,13
709481,0
709482,0
709483,0
709484,8
709485,0
709486,0
709487,0
709488,0
709489,0
709490,0
709491,0
709492,0
709493,0
709494,6
709495,0
709496,8
709497,13
709498,13
709499,11
709500,0
709501,0
709502,0
709503,0
709504,0
709505,0
709506,0
709507,0
709508,0
709509,0
709510,0
709511,8
709512,0
709513,10
709514,0
709515,15
709516,0
709517,6
709518,0
709519,0
709520,0
709521,0
709522,0
709523,0
709524,0
709525,0
709526,0
709527,17
709528,0
709529,0
709530,0
709531,0
709532,0
709533,9
709534,0
709535,0
709536,14
709537,0
709538,0
709539,17
709540,0
709541,0
709542,0
709543,16
709544,0
709545,0
709546,0
709547,0
709548,16
709549,0
709550,0
709551,0
709552,16
709553,8
709554,0
709555,0
709556,9
709557,0
709558,0
709559,12
709560,0
709561,0
709562,0
709563,9
709564,0
709565,15
709566,0
709567,0
709568,0
709569,0
709570,0
709571,0
709572,0
709573,0
709574,9
709575,0
709576,12
709577,0
709578,0
709579,0
709580,0
709581,0
709582,21
709583,0
709584,0
709585,9
709586,9
709587,0
709588,21
709589,0
709590,0
709591,0
709592,12
709593,0
709594,12
709595,8
709596,14
709597,0
709598,0
709599,0
709600,10
709601,9
709602,0
709603,17
709604,0
709605,12
709606,0
709607,0
709608,0
709609,0
709610,17
709611,19
709612,0
709613,13
709614,8
709615,24
709616,0
709617,11
709618,0
709619,0
709620,12
709621,0
709622,0
709623,0
709624,0
709625,0
709626,0
709627,0
709628,26
709629,0
709630,0
709631,0
709632,0
709633,0
709634,6
709635,0
709636,3
709637,13
709638,0
709639,0
709640,0
709641,0
709642,15
709643,9
709644,4
709645,0
709646,0
709647,0
709648,0
709649,0
709650,11
709651,0
709652,0
709653,0
709654,0
709655,19
709656,0
709657,0
709658,0
709659,0
709660,0
709661,0
709662,0
709663,0
709664,16
709665,0
709666,0
709667,0
709668,29
709669,15
709670,0
709671,0
709672,0
709673,0
709674,0
709675,0
709676,0
709677,0
709678,11
709679,16
709680,0
709681,0
709682,0
709683,0
709684,0
709685,7
709686,22
709687,8
709688,0
709689,0
709690,0
709691,0
709692,0
709693,0
709694,0
709695,0
709696,0
709697,0
709698,0
709699,14
709700,0
709701,0
709702,0
709703,7
709704,0
709705,11
709706,0
709707,0
709708,15
709709,14
709710,0
709711,0
709712,0
709713,6
709714,14
709715,0
709716,0
709717,0
709718,0
709719,0
709720,0
709721,0
709722,0
709723,18
709724,0
709725,12
709726,0
709727,18
709728,0
709729,12
709730,0
709731,15
709732,0
709733,0
709734,0
709735,8
709736,0
709737,12
709738,13
709739,0
709740,0
709741,0
709742,12
709743,0
709744,12
709745,0
709746,0
709747,0
709748,9
709749,0
709750,0
709751,7
709752,0
709753,12
709754,0
709755,0
709756,13
709757,0
709758,0
709759,0
709760,0
709761,0
709762,0
709763,0
709764,0
709765,0
709766,0
709767,0
709768,0
709769,0
709770,8
709771,0
709772,0
709773,12
709774,0
709775,0
709776,0
709777,0
709778,0
709779,0
709780,0
709781,13
709782,0
709783,0
709784,0
709785,0
709786,12
709787,0
709788,0
709789,0
709790,0
709791,19
709792,0
709793,0
709794,0
709795,0
709796,0
709797,0
709798,0
709799,0
709800,0
709801,0
709802,0
709803,0
709804,0
709805,0
709806,0
709807,0
709808,0
709809,0
709810,3
709811,0
709812,0
709813,0
709814,0
709815,0
709816,2
709817,0
709818,0
709819,0
709820,1
709821,0
709822,0
709823,0
709824,1
709825,0
709826,0
709827,1
709828,0
709829,0
709830,0
709831,0
709832,0
709833,0
709834,0
709835,0
709836,0
709837,0
709838,0
709839,0
709840,0
709841,0
709842,0
709843,2
709844,1
709845,0
709846,0
709847,0
709848,0
709849,0
709850,0
709851,0
709852,0
709853,0
709854,0
709855,0
709856,0
709857,0
709858,0
709859,0
709860,0
709861,0
709862,0
709863,0
709864,0
709865,0
709866,0
709867,0
709868,0
709869,0
709870,0
709871,0
709872,0
709873,0
709874,0
709875,0
709876,0
709877,0
709878,0
709879,0
709880,0
709881,0
709882,0
709883,0
709884,0
709885,0
709886,0
709887,0
709888,0
709889,0
709890,0
709891,0
709892,0
709893,0
709894,0
709895,0
709896,0
709897,0
709898,0
709899,1
709900,0
709901,0
709902,0
709903,0
709904,0
709905,0
709906,0
709907,1
709908,0
709909,0
709910,2
709911,0
709912,0
709913,0
709914,0
709915,0
709916,0
709917,1
709918,0
709919,0
709920,0
709921,0
709922,0
709923,0
709924,0
709925,0
709926,0
709927,3
709928,0
709929,0
709930,0
709931,0
709932,0
709933,0
709934,0
709935,0
709936,0
709937,0
709938,0
709939,0
709940,0
709941,0
709942,0
709943,0
709944,0
709945,0
709946,0
709947,0
709948,0
709949,0
709950,0
709951,0
709952,0
709953,0
709954,1
709955,0
709956,0
709957,0
709958,0
709959,0
709960,0
709961,0
709962,0
709963,0
709964,1
709965,0
709966,0
709967,0
709968,0
709969,0
709970,0
709971,0
709972,0
709973,0
709974,0
709975,0
709976,0
709977,1
709978,0
709979,0
709980,0
709981,0
709982,0
709983,0
709984,0
709985,0
709986,0
709987,0
709988,0
709989,0
709990,0
709991,0
709992,0
709993,0
709994,0
709995,0
709996,2
709997,0
709998,0
709999,0
710000,0
710001,0
710002,0
710003,0
710004,3
710005,0
710006,0
710007,0
710008,0
710009,0
710010,0
710011,0
710012,0
710013,1
710014,1
710015,0
710016,0
710017,0
710018,0
710019,0
710020,0
710021,0
710022,0
710023,0
710024,0
710025,0
710026,0
710027,0
710028,0
710029,0
710030,0
710031,0
710032,0
710033,0
710034,0
710035,0
710036,0
710037,0
710038,0
710039,1
710040,2
710041,0
710042,0
710043,0
710044,0
710045,0
710046,0
710047,0
710048,0
710049,1
710050,0
710051,0
710052,0
710053,0
710054,0
710055,0
710056,0
710057,0
710058,0
710059,0
710060,0
710061,0
710062,1
710063,0
710064,0
710065,0
710066,0
710067,0
710068,0
710069,0
710070,0
710071,0
710072,0
710073,0
710074,0
710075,0
710076,0
710077,0
710078,0
710079,0
710080,0
710081,0
710082,0
710083,0
710084,0
710085,0
710086,0
710087,0
710088,0
710089,0
710090,0
710091,0
710092,0
710093,0
710094,0
710095,0
710096,0
710097,0
710098,0
710099,0
710100,0
710101,0
710102,0
710103,0
710104,1
710105,0
710106,0
710107,0
710108,0
710109,0
710110,0
710111,0
710112,0
710113,0
710114,0
710115,0
710116,1
710117,0
710118,0
710119,0
710120,0
710121,0
710122,0
710123,0
710124,1
710125,0
710126,0
710127,0
710128,0
710129,0
710130,0
710131,0
710132,0
710133,0
710134,0
710135,0
710136,0
710137,0
710138,0
710139,0
710140,0
710141,0
710142,0
710143,0
710144,0
710145,0
710146,0
710147,0
710148,0
710149,0
710150,0
710151,0
710152,0
710153,0
710154,0
710155,0
710156,0
710157,0
710158,0
710159,0
710160,0
710161,0
710162,0
710163,0
710164,0
710165,0
710166,0
710167,0
710168,0
710169,0
710170,0
710171,0
710172,0
710173,0
710174,0
710175,0
710176,0
710177,0
710178,0
710179,0
710180,0
710181,0
710182,0
710183,0
710184,0
710185,0
710186,0
710187,0
710188,0
710189,1
710190,0
710191,0
710192,0
710193,0
710194,0
710195,0
710196,0
710197,0
710198,0
710199,3
710200,0
710201,0
710202,0
710203,0
710204,0
710205,0
710206,1
710207,0
710208,0
710209,0
710210,0
710211,0
710212,0
710213,0
710214,0
710215,0
710216,0
710217,0
710218,0
710219,0
710220,0
710221,0
710222,0
710223,0
710224,0
710225,0
710226,0
710227,1
710228,0
710229,0
710230,0
710231,1
710232,0
710233,2
710234,0
710235,0
710236,0
710237,0
710238,0
710239,0
710240,0
710241,0
710242,0
710243,0
710244,0
710245,0
710246,0
710247,1
710248,0
710249,0
710250,0
710251,0
710252,0
710253,0
710254,0
710255,0
710256,0
710257,0
710258,0
710259,1
710260,0
710261,0
710262,0
710263,0
710264,0
710265,0
710266,0
710267,0
710268,0
710269,0
710270,0
710271,0
710272,0
710273,1
710274,0
710275,0
710276,0
710277,0
710278,0
710279,0
710280,0
710281,0
710282,0
710283,0
710284,0
710285,0
710286,0
710287,0
710288,0
710289,0
710290,0
710291,0
710292,0
710293,1
710294,0
710295,0
710296,0
710297,0
710298,0
710299,0
710300,0
710301,0
710302,0
710303,0
710304,0
710305,0
710306,0
710307,0
710308,0
710309,0
710310,0
710311,0
710312,0
710313,0
710314,0
710315,0
710316,0
710317,0
710318,0
710319,0
710320,0
710321,0
710322,0
710323,0
710324,0
710325,0
710326,0
710327,0
710328,0
710329,0
710330,0
710331,0
710332,0
710333,1
710334,1
710335,0
710336,0
710337,0
710338,0
710339,0
710340,0
710341,0
710342,0
710343,0
710344,0
710345,0
710346,0
710347,0
710348,0
710349,0
710350,0
710351,0
710352,0
710353,0
710354,0
710355,0
710356,0
710357,0
710358,0
710359,0
710360,0
710361,0
710362,1
710363,0
710364,0
710365,0
710366,0
710367,0
710368,0
710369,1
710370,0
710371,0
710372,0
710373,0
710374,0
710375,0
710376,0
710377,0
710378,0
710379,0
710380,0
710381,0
710382,0
710383,0
710384,0
710385,0
710386,2
710387,1
710388,0
710389,0
710390,0
710391,0
710392,0
710393,0
710394,0
710395,0
710396,0
710397,0
710398,0
710399,0
710400,0
710401,0
710402,0
710403,0
710404,0
710405,0
710406,0
710407,0
710408,0
710409,0
710410,0
710411,0
710412,0
710413,0
710414,0
710415,0
710416,0
710417,0
710418,0
710419,0
710420,0
710421,0
710422,0
710423,0
710424,0
710425,3
710426,0
710427,0
710428,0
710429,0
710430,0
710431,0
710432,0
710433,0
710434,0
710435,0
710436,0
710437,0
710438,0
710439,0
710440,0
710441,0
710442,0
710443,0
710444,0
710445,0
710446,0
710447,0
710448,2
710449,0
710450,1
710451,0
710452,0
710453,0
710454,0
710455,0
710456,0
710457,0
710458,1
710459,0
710460,0
710461,0
710462,0
710463,0
710464,0
710465,0
710466,0
710467,0
710468,0
710469,0
710470,0
710471,0
710472,0
710473,0
710474,0
710475,0
710476,0
710477,0
710478,0
710479,0
710480,0
710481,0
710482,0
710483,0
710484,0
710485,0
710486,0
710487,0
710488,0
710489,0
710490,0
710491,0
710492,0
710493,0
710494,0
710495,0
710496,0
710497,0
710498,0
710499,1
710500,0
710501,0
710502,0
710503,0
710504,0
710505,0
710506,0
710507,1
710508,0
710509,0
710510,0
710511,0
710512,0
710513,0
710514,0
710515,0
710516,0
710517,0
710518,0
710519,0
710520,0
710521,0
710522,0
710523,0
710524,0
710525,4
710526,0
710527,0
710528,14
710529,0
710530,0
710531,0
710532,18
710533,0
710534,0
710535,24
710536,0
710537,30
710538,24
710539,15
710540,0
710541,0
710542,0
710543,31
710544,0
710545,0
710546,0
710547,0
710548,14
710549,0
710550,33
710551,0
710552,0
710553,0
710554,0
710555,0
710556,0
710557,0
710558,0
710559,0
710560,18
710561,0
710562,0
710563,0
710564,0
710565,0
710566,0
710567,0
710568,0
710569,0
710570,20
710571,0
710572,0
710573,0
710574,0
710575,0
710576,0
710577,0
710578,0
710579,0
710580,0
710581,0
710582,0
710583,0
710584,0
710585,28
710586,17
710587,0
710588,0
710589,0
710590,0
710591,0
710592,0
710593,0
710594,0
710595,0
710596,0
710597,0
710598,0
710599,0
710600,0
710601,0
710602,0
710603,0
710604,0
710605,40
710606,0
710607,0
710608,17
710609,0
710610,0
710611,26
710612,0
710613,0
710614,0
710615,0
710616,0
710617,0
710618,0
710619,0
710620,21
710621,0
710622,0
710623,0
710624,19
710625,26
710626,25
710627,39
710628,0
710629,0
710630,0
710631,23
710632,0
710633,0
710634,0
710635,0
710636,0
710637,0
710638,0
710639,0
710640,0
710641,14
710642,0
710643,0
710644,0
710645,0
710646,19
710647,0
710648,0
710649,0
710650,0
710651,0
710652,0
710653,0
710654,0
710655,0
710656,0
710657,0
710658,0
710659,0
710660,0
710661,23
710662,0
710663,28
710664,0
710665,0
710666,0
710667,0
710668,0
710669,0
710670,21
710671,0
710672,0
710673,0
710674,0
710675,0
710676,0
710677,0
710678,0
710679,0
710680,0
710681,0
710682,0
710683,0
710684,0
710685,0
710686,0
710687,0
710688,0
710689,0
710690,0
710691,0
710692,0
710693,21
710694,0
710695,0
710696,0
710697,0
710698,0
710699,13
710700,0
710701,0
710702,0
710703,0
710704,0
710705,0
710706,0
710707,18
710708,0
710709,0
710710,0
710711,0
710712,0
710713,0
710714,17
710715,0
710716,0
710717,0
710718,0
710719,0
710720,18
710721,22
710722,0
710723,0
710724,0
710725,0
710726,0
710727,0
710728,0
710729,0
710730,0
710731,0
710732,0
710733,0
710734,0
710735,0
710736,0
710737,28
710738,0
710739,26
710740,0
710741,0
710742,0
710743,28
710744,0
710745,42
710746,0
710747,15
710748,0
710749,0
710750,0
710751,0
710752,0
710753,0
710754,0
710755,0
710756,17
710757,0
710758,0
710759,0
710760,0
710761,0
710762,23
710763,0
710764,0
710765,0
710766,0
710767,0
710768,20
710769,0
710770,0
710771,0
710772,0
710773,0
710774,14
710775,15
710776,0
710777,0
710778,0
710779,0
710780,0
710781,0
710782,42
710783,0
710784,0
710785,0
710786,18
710787,0
710788,24
710789,0
710790,0
710791,0
710792,0
710793,0
710794,24
710795,15
710796,0
710797,0
710798,0
710799,0
710800,0
710801,0
710802,0
710803,0
710804,10
710805,20
710806,0
710807,0
710808,0
710809,0
710810,0
710811,0
710812,21
710813,0
710814,0
710815,0
710816,0
710817,0
710818,0
710819,0
710820,24
710821,0
710822,22
710823,22
710824,0
710825,0
710826,0
710827,0
710828,0
710829,0
710830,14
710831,0
710832,0
710833,0
710834,0
710835,0
710836,0
710837,0
710838,25
710839,22
710840,0
710841,0
710842,0
710843,0
710844,0
710845,0
710846,16
710847,0
710848,0
710849,0
710850,0
710851,0
710852,0
710853,0
710854,0
710855,0
710856,0
710857,0
710858,0
710859,0
710860,0
710861,0
710862,0
710863,16
710864,0
710865,0
710866,0
710867,0
710868,0
710869,0
710870,9
710871,0
710872,0
710873,0
710874,0
710875,18
710876,0
710877,0
710878,0
710879,0
710880,0
710881,0
710882,0
710883,0
710884,0
710885,0
710886,38
710887,0
710888,0
710889,0
710890,0
710891,0
710892,28
710893,0
710894,27
710895,14
710896,0
710897,0
710898,0
710899,0
710900,19
710901,13
710902,0
710903,17
710904,0
710905,0
710906,0
710907,0
710908,23
710909,0
710910,0
710911,0
710912,0
710913,0
710914,0
710915,0
710916,0
710917,0
710918,0
710919,21
710920,0
710921,0
710922,0
710923,0
710924,0
710925,0
710926,0
710927,0
710928,0
710929,0
710930,0
710931,0
710932,0
710933,0
710934,0
710935,0
710936,0
710937,0
710938,0
710939,0
710940,0
710941,0
710942,0
710943,0
710944,0
710945,0
710946,0
710947,0
710948,0
710949,0
710950,0
710951,14
710952,0
710953,0
710954,0
710955,0
710956,0
710957,0
710958,0
710959,0
710960,34
710961,0
710962,0
710963,0
710964,21
710965,0
710966,0
710967,0
710968,0
710969,0
710970,31
710971,0
710972,12
710973,0
710974,0
710975,0
710976,0
710977,0
710978,0
710979,25
710980,0
710981,0
710982,0
710983,7
710984,0
710985,0
710986,0
710987,0
710988,0
710989,0
710990,0
710991,0
710992,0
710993,0
710994,15
710995,0
710996,20
710997,0
710998,0
710999,0
711000,0
711001,0
711002,0
711003,0
711004,0
711005,0
711006,0
711007,0
711008,0
711009,0
711010,0
711011,0
711012,0
711013,0
711014,0
711015,16
711016,0
711017,0
711018,0
711019,0
711020,0
711021,0
711022,0
711023,0
711024,0
711025,0
711026,0
711027,0
711028,0
711029,0
711030,0
711031,0
711032,0
711033,41
711034,24
711035,25
711036,0
711037,0
711038,0
711039,0
711040,33
711041,0
711042,0
711043,0
711044,25
711045,21
711046,20
711047,24
711048,0
711049,0
711050,0
711051,0
711052,0
711053,0
711054,0
711055,0
711056,0
711057,0
711058,0
711059,0
711060,0
711061,0
711062,0
711063,0
711064,32
711065,20
711066,0
711067,0
711068,0
711069,0
711070,29
711071,29
711072,0
711073,0
711074,0
711075,0
711076,0
711077,0
711078,0
711079,0
711080,0
711081,0
711082,0
711083,0
711084,0
711085,0
711086,0
711087,0
711088,0
711089,0
711090,0
711091,17
711092,0
711093,0
711094,0
711095,24
711096,0
711097,18
711098,0
711099,18
711100,0
711101,0
711102,0
711103,27
711104,30
711105,19
711106,0
711107,0
711108,0
711109,0
711110,21
711111,0
711112,0
711113,0
711114,0
711115,0
711116,22
711117,0
711118,0
711119,0
711120,0
711121,0
711122,0
711123,0
711124,0
711125,0
711126,0
711127,0
711128,0
711129,0
711130,0
711131,0
711132,0
711133,0
711134,0
711135,23
711136,0
711137,14
711138,0
711139,0
711140,0
711141,23
711142,0
711143,0
711144,0
711145,35
711146,0
711147,0
711148,0
711149,0
711150,0
711151,0
711152,33
711153,0
711154,0
711155,0
711156,0
711157,0
711158,25
711159,0
711160,23
711161,0
711162,0
711163,0
711164,12
711165,0
711166,0
711167,30
711168,0
711169,0
711170,21
711171,0
711172,0
711173,0
711174,0
711175,0
711176,0
711177,0
711178,0
711179,0
711180,0
711181,28
711182,0
711183,0
711184,0
711185,0
711186,16
711187,0
711188,0
711189,30
711190,0
711191,0
711192,0
711193,0
711194,0
711195,0
711196,0
711197,0
711198,0
711199,0
711200,0
711201,0
711202,0
711203,25
711204,0
711205,0
711206,0
711207,0
711208,0
711209,0
711210,0
711211,0
711212,0
711213,0
711214,0
711215,0
711216,0
711217,0
711218,25
711219,0
711220,34
711221,16
711222,0
711223,26
711224,0
711225,13
711226,0
711227,0
711228,16
711229,0
711230,33
711231,0
711232,0
711233,21
711234,29
711235,0
711236,0
711237,0
711238,32
711239,0
711240,0
711241,0
711242,0
711243,0
711244,32
711245,17
711246,0
711247,23
711248,0
711249,0
711250,0
711251,24
711252,11
711253,0
711254,0
711255,0
711256,0
711257,0
711258,0
711259,0
711260,0
711261,0
711262,0
711263,0
711264,0
711265,0
711266,0
711267,0
711268,0
711269,0
711270,0
711271,0
711272,0
711273,0
711274,0
711275,0
711276,0
711277,0
711278,0
711279,0
711280,24
711281,0
711282,0
711283,0
711284,0
711285,0
711286,0
711287,0
711288,22
711289,0
711290,0
711291,0
711292,0
711293,15
711294,29
711295,23
711296,11
711297,30
711298,0
711299,20
711300,0
711301,19
711302,0
711303,0
711304,37
711305,0
711306,0
711307,0
711308,0
711309,0
711310,0
711311,0
711312,0
711313,0
711314,0
711315,0
711316,28
711317,0
711318,0
711319,0
711320,0
711321,0
711322,0
711323,17
711324,0
711325,0
711326,0
711327,0
711328,0
711329,0
711330,0
711331,0
711332,0
711333,0
711334,0
711335,0
711336,0
711337,0
711338,0
711339,0
711340,0
711341,0
711342,0
711343,0
711344,0
711345,0
711346,0
711347,0
711348,0
711349,18
711350,0
711351,0
711352,0
711353,0
711354,35
711355,0
711356,0
711357,0
711358,0
711359,0
711360,0
711361,0
711362,0
711363,0
711364,0
711365,0
711366,0
711367,0
711368,0
711369,0
711370,0
711371,0
711372,0
711373,0
711374,0
711375,0
711376,0
711377,0
711378,0
711379,0
711380,0
711381,0
711382,0
711383,0
711384,0
711385,0
711386,0
711387,0
711388,0
711389,0
711390,0
711391,0
711392,0
711393,0
711394,0
711395,0
711396,0
711397,0
711398,0
711399,0
711400,0
711401,0
711402,1
711403,0
711404,0
711405,0
711406,0
711407,0
711408,0
711409,0
711410,0
711411,0
711412,0
711413,0
711414,0
711415,0
711416,0
711417,0
711418,0
711419,0
711420,0
711421,0
711422,0
711423,0
711424,0
711425,0
711426,0
711427,1
711428,0
711429,0
711430,0
711431,0
711432,0
711433,0
711434,0
711435,0
711436,0
711437,0
711438,0
711439,0
711440,0
711441,0
711442,0
711443,0
711444,0
711445,0
711446,0
711447,0
711448,0
711449,0
711450,0
711451,0
711452,0
711453,0
711454,0
711455,0
711456,0
711457,0
711458,0
711459,0
711460,0
711461,0
711462,0
711463,0
711464,0
711465,0
711466,0
711467,0
711468,0
711469,0
711470,0
711471,0
711472,0
711473,0
711474,0
711475,0
711476,0
711477,0
711478,0
711479,0
711480,0
711481,0
711482,0
711483,0
711484,0
711485,0
711486,0
711487,0
711488,0
711489,0
711490,0
711491,0
711492,0
711493,0
711494,0
711495,0
711496,0
711497,0
711498,0
711499,0
711500,0
711501,0
711502,0
711503,0
711504,0
711505,0
711506,0
711507,0
711508,0
711509,0
711510,0
711511,0
711512,0
711513,0
711514,0
711515,0
711516,0
711517,0
711518,0
711519,0
711520,0
711521,0
711522,0
711523,0
711524,0
711525,0
711526,0
711527,0
711528,0
711529,0
711530,0
711531,0
711532,0
711533,0
711534,0
711535,0
711536,0
711537,0
711538,0
711539,0
711540,0
711541,0
711542,0
711543,0
711544,0
711545,0
711546,0
711547,0
711548,0
711549,0
711550,0
711551,0
711552,0
711553,0
711554,0
711555,0
711556,0
711557,0
711558,0
711559,1
711560,0
711561,0
711562,0
711563,0
711564,0
711565,0
711566,0
711567,0
711568,0
711569,0
711570,0
711571,0
711572,0
711573,0
711574,0
711575,0
711576,0
711577,0
711578,0
711579,0
711580,0
711581,0
711582,0
711583,0
711584,0
711585,0
711586,0
711587,1
711588,0
711589,0
711590,0
711591,0
711592,0
711593,0
711594,0
711595,0
711596,0
711597,0
711598,0
711599,0
711600,0
711601,0
711602,0
711603,0
711604,0
711605,0
711606,0
711607,0
711608,0
711609,0
711610,0
711611,0
711612,0
711613,0
711614,0
711615,0
711616,0
711617,0
711618,0
711619,0
711620,0
711621,0
711622,0
711623,0
711624,0
711625,0
711626,0
711627,0
711628,0
711629,0
711630,0
711631,0
711632,0
711633,0
711634,0
711635,0
711636,0
711637,0
711638,0
711639,0
711640,2
711641,0
711642,0
711643,0
711644,0
711645,0
711646,0
711647,0
711648,0
711649,0
711650,0
711651,0
711652,0
711653,0
711654,0
711655,0
711656,0
711657,0
711658,0
711659,0
711660,0
711661,0
711662,0
711663,0
711664,0
711665,0
711666,0
711667,0
711668,0
711669,0
711670,0
711671,0
711672,0
711673,0
711674,0
711675,0
711676,0
711677,0
711678,0
711679,0
711680,0
711681,0
711682,0
711683,0
711684,0
711685,0
711686,0
711687,0
711688,0
711689,0
711690,0
711691,0
711692,0
711693,0
711694,0
711695,0
711696,0
711697,0
711698,0
711699,0
711700,0
711701,0
711702,0
711703,0
711704,0
711705,0
711706,0
711707,0
711708,0
711709,0
711710,0
711711,0
711712,0
711713,0
711714,0
711715,0
711716,0
711717,0
711718,0
711719,0
711720,0
711721,1
711722,0
711723,0
711724,0
711725,0
711726,0
711727,0
711728,0
711729,0
711730,0
711731,0
711732,0
711733,0
711734,0
711735,0
711736,0
711737,0
711738,0
711739,0
711740,0
711741,0
711742,0
711743,0
711744,0
711745,0
711746,0
711747,0
711748,0
711749,0
711750,0
711751,0
711752,0
711753,0
711754,0
711755,0
711756,0
711757,0
711758,0
711759,0
711760,0
711761,0
711762,0
711763,0
711764,0
711765,0
711766,0
711767,0
711768,0
711769,0
711770,0
711771,0
711772,0
711773,0
711774,0
711775,0
711776,0
711777,0
711778,0
711779,0
711780,0
711781,0
711782,0
711783,0
711784,0
711785,0
711786,0
711787,0
711788,0
711789,0
711790,0
711791,0
711792,0
711793,0
711794,0
711795,0
711796,0
711797,0
711798,0
711799,0
711800,0
711801,0
711802,0
711803,0
711804,0
711805,0
711806,0
711807,0
711808,0
711809,0
711810,0
711811,0
711812,0
711813,0
711814,0
711815,0
711816,0
711817,0
711818,0
711819,0
711820,0
711821,0
711822,0
711823,0
711824,0
711825,0
711826,0
711827,0
711828,0
711829,0
711830,0
711831,0
711832,0
711833,0
711834,0
711835,0
711836,0
711837,0
711838,0
711839,0
711840,0
711841,0
711842,0
711843,0
711844,0
711845,0
711846,0
711847,0
711848,0
711849,0
711850,0
711851,0
711852,0
711853,0
711854,0
711855,0
711856,0
711857,0
711858,0
711859,0
711860,0
711861,0
711862,0
711863,0
711864,0
711865,0
711866,0
711867,0
711868,0
711869,0
711870,0
711871,0
711872,0
711873,0
711874,0
711875,0
711876,0
711877,0
711878,0
711879,0
711880,0
711881,0
711882,0
711883,0
711884,0
711885,0
711886,0
711887,0
711888,0
711889,0
711890,0
711891,0
711892,0
711893,0
711894,0
711895,0
711896,0
711897,0
711898,0
711899,0
711900,0
711901,0
711902,0
711903,0
711904,0
711905,0
711906,0
711907,0
711908,0
711909,0
711910,0
711911,0
711912,0
711913,0
711914,0
711915,0
711916,0
711917,0
711918,0
711919,0
711920,0
711921,0
711922,0
711923,0
711924,0
711925,0
711926,0
711927,0
711928,0
711929,0
711930,0
711931,0
711932,0
711933,0
711934,0
711935,0
711936,0
711937,0
711938,0
711939,0
711940,0
711941,0
711942,0
711943,0
711944,0
711945,0
711946,0
711947,0
711948,0
711949,0
711950,0
711951,0
711952,0
711953,0
711954,0
711955,0
711956,0
711957,0
711958,0
711959,0
711960,0
711961,0
711962,0
711963,0
711964,0
711965,0
711966,0
711967,0
711968,0
711969,0
711970,0
711971,0
711972,1
711973,0
711974,0
711975,0
711976,0
711977,0
711978,0
711979,0
711980,0
711981,0
711982,0
711983,0
711984,0
711985,0
711986,0
711987,0
711988,0
711989,14
711990,0
711991,0
711992,0
711993,0
711994,0
711995,0
711996,0
711997,0
711998,0
711999,6
712000,0
712001,0
712002,0
712003,0
712004,0
712005,0
712006,0
712007,0
712008,0
712009,0
712010,0
712011,0
712012,0
712013,0
712014,10
712015,0
712016,0
712017,0
712018,0
712019,0
712020,0
712021,0
712022,0
712023,0
712024,0
712025,30
712026,20
712027,0
712028,0
712029,0
712030,0
712031,0
712032,0
712033,0
712034,0
712035,0
712036,0
712037,0
712038,0
712039,0
712040,0
712041,0
712042,0
712043,0
712044,0
712045,0
712046,0
712047,0
712048,0
712049,0
712050,0
712051,0
712052,0
712053,12
712054,0
712055,0
712056,0
712057,0
712058,0
712059,0
712060,0
712061,0
712062,0
712063,0
712064,0
712065,0
712066,0
712067,0
712068,0
712069,0
712070,0
712071,0
712072,0
712073,0
712074,0
712075,0
712076,0
712077,0
712078,0
712079,0
712080,0
712081,0
712082,0
712083,0
712084,0
712085,15
712086,0
712087,0
712088,15
712089,0
712090,15
712091,0
712092,0
712093,0
712094,0
712095,0
712096,0
712097,0
712098,0
712099,0
712100,0
712101,0
712102,0
712103,0
712104,19
712105,0
712106,0
712107,0
712108,0
712109,0
712110,0
712111,13
712112,0
712113,0
712114,0
712115,0
712116,0
712117,0
712118,0
712119,0
712120,0
712121,0
712122,0
712123,0
712124,0
712125,0
712126,0
712127,0
712128,0
712129,0
712130,0
712131,0
712132,8
712133,0
712134,7
712135,0
712136,0
712137,0
712138,0
712139,0
712140,0
712141,0
712142,0
712143,0
712144,0
712145,0
712146,0
712147,0
712148,0
712149,0
712150,0
712151,0
712152,0
712153,0
712154,0
712155,24
712156,0
712157,0
712158,0
712159,0
712160,0
712161,0
712162,0
712163,0
712164,0
712165,0
712166,0
712167,0
712168,0
712169,0
712170,0
712171,0
712172,0
712173,0
712174,0
712175,0
712176,0
712177,0
712178,0
712179,0
712180,19
712181,0
712182,0
712183,0
712184,0
712185,8
712186,0
712187,0
712188,0
712189,0
712190,0
712191,0
712192,0
712193,0
712194,0
712195,0
712196,0
712197,0
712198,0
712199,12
712200,19
712201,0
712202,20
712203,0
712204,0
712205,0
712206,0
712207,0
712208,0
712209,9
712210,0
712211,0
712212,0
712213,0
712214,20
712215,0
712216,0
712217,0
712218,0
712219,0
712220,0
712221,0
712222,21
712223,0
712224,0
712225,0
712226,0
712227,0
712228,0
712229,0
712230,0
712231,0
712232,0
712233,0
712234,0
712235,0
712236,25
712237,0
712238,0
712239,0
712240,0
712241,0
712242,0
712243,0
712244,0
712245,0
712246,9
712247,0
712248,0
712249,0
712250,0
712251,0
712252,0
712253,0
712254,0
712255,0
712256,0
712257,0
712258,0
712259,0
712260,0
712261,0
712262,49
712263,0
712264,0
712265,9
712266,0
712267,0
712268,0
712269,0
712270,0
712271,0
712272,0
712273,0
712274,19
712275,0
712276,0
712277,0
712278,0
712279,0
712280,0
712281,0
712282,0
712283,0
712284,0
712285,0
712286,0
712287,0
712288,0
712289,0
712290,0
712291,0
712292,0
712293,0
712294,0
712295,0
712296,13
712297,0
712298,0
712299,0
712300,0
712301,0
712302,0
712303,0
712304,0
712305,0
712306,0
712307,0
712308,23
712309,0
712310,0
712311,0
712312,0
712313,0
712314,0
712315,0
712316,0
712317,0
712318,0
712319,0
712320,0
712321,0
712322,0
712323,0
712324,0
712325,0
712326,0
712327,0
712328,0
712329,0
712330,0
712331,0
712332,0
712333,0
712334,0
712335,0
712336,0
712337,0
712338,0
712339,0
712340,0
712341,0
712342,0
712343,0
712344,9
712345,0
712346,0
712347,7
712348,0
712349,0
712350,0
712351,0
712352,0
712353,0
712354,0
712355,0
712356,0
712357,0
712358,0
712359,0
712360,0
712361,0
712362,0
712363,0
712364,0
712365,0
712366,0
712367,0
712368,0
712369,0
712370,0
712371,0
712372,0
712373,0
712374,0
712375,0
712376,0
712377,0
712378,0
712379,20
712380,0
712381,18
712382,0
712383,0
712384,0
712385,0
712386,0
712387,12
712388,0
712389,10
712390,0
712391,0
712392,0
712393,0
712394,0
712395,0
712396,0
712397,0
712398,0
712399,0
712400,0
712401,0
712402,0
712403,0
712404,0
712405,0
712406,0
712407,0
712408,0
712409,0
712410,7
712411,0
712412,0
712413,0
712414,0
712415,0
712416,3
712417,0
712418,0
712419,0
712420,0
712421,0
712422,0
712423,0
712424,0
712425,0
712426,0
712427,0
712428,0
712429,0
712430,0
712431,0
712432,0
712433,0
712434,0
712435,0
712436,0
712437,0
712438,0
712439,0
712440,0
712441,0
712442,0
712443,0
712444,0
712445,0
712446,0
712447,0
712448,0
712449,0
712450,0
712451,0
712452,0
712453,0
712454,1
712455,0
712456,0
712457,0
712458,0
712459,0
712460,0
712461,0
712462,0
712463,0
712464,0
712465,0
712466,0
712467,0
712468,0
712469,0
712470,0
712471,0
712472,0
712473,0
712474,0
712475,0
712476,0
712477,0
712478,0
712479,0
712480,0
712481,0
712482,0
712483,0
712484,0
712485,0
712486,0
712487,0
712488,0
712489,0
712490,0
712491,0
712492,0
712493,0
712494,0
712495,0
712496,0
712497,0
712498,0
712499,0
712500,0
712501,0
712502,0
712503,0
712504,0
712505,0
712506,0
712507,2
712508,0
712509,0
712510,0
712511,0
712512,0
712513,0
712514,0
712515,0
712516,0
712517,0
712518,0
712519,0
712520,0
712521,0
712522,0
712523,0
712524,0
712525,0
712526,0
712527,0
712528,0
712529,0
712530,0
712531,0
712532,0
712533,0
712534,0
712535,0
712536,0
712537,0
712538,0
712539,0
712540,0
712541,0
712542,0
712543,0
712544,0
712545,0
712546,1
712547,0
712548,0
712549,0
712550,0
712551,0
712552,0
712553,0
712554,0
712555,0
712556,0
712557,0
712558,0
712559,0
712560,0
712561,0
712562,0
712563,0
712564,0
712565,0
712566,0
712567,0
712568,0
712569,0
712570,0
712571,0
712572,0
712573,1
712574,0
712575,0
712576,0
712577,0
712578,0
712579,0
712580,0
712581,0
712582,0
712583,0
712584,0
712585,0
712586,0
712587,0
712588,0
712589,0
712590,0
712591,0
712592,0
712593,0
712594,0
712595,0
712596,0
712597,0
712598,0
712599,0
712600,0
712601,0
712602,0
712603,0
712604,0
712605,0
712606,0
712607,0
712608,0
712609,0
712610,0
712611,0
712612,0
712613,0
712614,0
712615,0
712616,0
712617,0
712618,0
712619,0
712620,0
712621,0
712622,0
712623,0
712624,0
712625,0
712626,0
712627,0
712628,0
712629,0
712630,0
712631,0
712632,0
712633,0
712634,0
712635,0
712636,0
712637,0
712638,0
712639,0
712640,0
712641,0
712642,0
712643,0
712644,0
712645,0
712646,0
712647,0
712648,0
712649,1
712650,0
712651,0
712652,0
712653,0
712654,0
712655,1
712656,0
712657,0
712658,0
712659,0
712660,0
712661,0
712662,0
712663,0
712664,0
712665,0
712666,0
712667,0
712668,0
712669,0
712670,0
712671,0
712672,0
712673,0
712674,0
712675,0
712676,1
712677,0
712678,0
712679,0
712680,0
712681,0
712682,0
712683,0
712684,0
712685,0
712686,1
712687,0
712688,0
712689,0
712690,0
712691,0
712692,0
712693,0
712694,0
712695,0
712696,0
712697,0
712698,0
712699,0
712700,0
712701,0
712702,0
712703,0
712704,0
712705,0
712706,0
712707,0
712708,0
712709,0
712710,0
712711,0
712712,0
712713,0
712714,0
712715,0
712716,0
712717,0
712718,0
712719,0
712720,0
712721,0
712722,0
712723,0
712724,1
712725,0
712726,0
712727,0
712728,0
712729,0
712730,0
712731,0
712732,0
712733,0
712734,0
712735,0
712736,0
712737,0
712738,0
712739,0
712740,0
712741,0
712742,0
712743,0
712744,0
712745,0
712746,0
712747,0
712748,0
712749,0
712750,0
712751,0
712752,0
712753,0
712754,0
712755,1
712756,0
712757,0
712758,0
712759,0
712760,0
712761,0
712762,0
712763,0
712764,0
712765,0
712766,0
712767,0
712768,0
712769,0
712770,0
712771,0
712772,0
712773,1
712774,0
712775,0
712776,0
712777,0
712778,0
712779,0
712780,0
712781,0
712782,0
712783,0
712784,0
712785,0
712786,0
712787,0
712788,0
712789,0
712790,0
712791,0
712792,0
712793,0
712794,0
712795,0
712796,0
712797,0
712798,0
712799,0
712800,0
712801,0
712802,0
712803,0
712804,0
712805,0
712806,0
712807,0
712808,0
712809,0
712810,0
712811,0
712812,0
712813,0
712814,0
712815,0
712816,0
712817,0
712818,0
712819,0
712820,0
712821,0
712822,0
712823,0
712824,0
712825,0
712826,0
712827,0
712828,0
712829,0
712830,0
712831,0
712832,0
712833,0
712834,0
712835,0
712836,0
712837,0
712838,0
712839,0
712840,1
712841,0
712842,0
712843,0
712844,0
712845,0
712846,0
712847,0
712848,0
712849,0
712850,0
712851,0
712852,0
712853,0
712854,0
712855,0
712856,0
712857,0
712858,0
712859,0
712860,0
712861,0
712862,0
712863,0
712864,0
712865,0
712866,0
712867,0
712868,0
712869,0
712870,0
712871,30
712872,0
712873,0
712874,30
712875,0
712876,0
712877,0
712878,0
712879,0
712880,0
712881,0
712882,0
712883,0
712884,0
712885,0
712886,0
712887,24
712888,0
712889,0
712890,0
712891,0
712892,0
712893,0
712894,0
712895,0
712896,0
712897,0
712898,0
712899,0
712900,27
712901,0
712902,0
712903,0
712904,0
712905,0
712906,0
712907,0
712908,0
712909,0
712910,0
712911,0
712912,15
712913,21
712914,0
712915,0
712916,24
712917,0
712918,0
712919,0
712920,33
712921,0
712922,0
712923,0
712924,25
712925,0
712926,0
712927,0
712928,0
712929,0
712930,0
712931,0
712932,26
712933,0
712934,0
712935,0
712936,0
712937,0
712938,0
712939,0
712940,0
712941,0
712942,21
712943,0
712944,0
712945,0
712946,0
712947,27
712948,0
712949,0
712950,0
712951,0
712952,0
712953,0
712954,0
712955,0
712956,0
712957,0
712958,23
712959,0
712960,20
712961,0
712962,0
712963,0
712964,0
712965,0
712966,0
712967,0
712968,0
712969,0
712970,0
712971,20
712972,0
712973,0
712974,0
712975,0
712976,0
712977,0
712978,0
712979,0
712980,32
712981,23
712982,0
712983,0
712984,30
712985,0
712986,0
712987,0
712988,28
712989,0
712990,0
712991,0
712992,0
712993,20
712994,0
712995,0
712996,0
712997,28
712998,0
712999,0
713000,0
713001,0
713002,0
713003,10
713004,0
713005,0
713006,0
713007,0
713008,0
713009,0
713010,0
713011,0
713012,0
713013,0
713014,0
713015,0
713016,0
713017,0
713018,0
713019,0
713020,0
713021,26
713022,0
713023,0
713024,19
713025,0
713026,0
713027,0
713028,0
713029,0
713030,0
713031,0
713032,23
713033,0
713034,0
713035,0
713036,0
713037,0
713038,0
713039,0
713040,0
713041,0
713042,0
713043,0
713044,24
713045,26
713046,0
713047,22
713048,0
713049,0
713050,0
713051,0
713052,22
713053,0
713054,0
713055,0
713056,0
713057,0
713058,0
713059,0
713060,0
713061,0
713062,0
713063,0
713064,24
713065,0
713066,0
713067,0
713068,0
713069,0
713070,0
713071,0
713072,0
713073,24
713074,0
713075,0
713076,19
713077,0
713078,0
713079,31
713080,0
713081,0
713082,0
713083,23
713084,20
713085,0
713086,0
713087,0
713088,0
713089,0
713090,0
713091,0
713092,0
713093,0
713094,0
713095,18
713096,0
713097,0
713098,0
713099,34
713100,0
713101,0
713102,0
713103,0
713104,0
713105,0
713106,0
713107,0
713108,0
713109,0
713110,0
713111,0
713112,0
713113,0
713114,26
713115,0
713116,0
713117,25
713118,0
713119,0
713120,0
713121,0
713122,0
713123,0
713124,0
713125,0
713126,0
713127,0
713128,0
713129,13
713130,0
713131,0
713132,0
713133,0
713134,0
713135,0
713136,0
713137,0
713138,0
713139,0
713140,0
713141,0
713142,0
713143,0
713144,0
713145,0
713146,0
713147,0
713148,0
713149,0
713150,0
713151,0
713152,0
713153,0
713154,0
713155,0
713156,0
713157,0
713158,0
713159,0
713160,0
713161,20
713162,0
713163,0
713164,29
713165,0
713166,0
713167,0
713168,37
713169,21
713170,0
713171,0
713172,0
713173,0
713174,0
713175,0
713176,0
713177,0
713178,0
713179,0
713180,0
713181,30
713182,0
713183,0
713184,0
713185,0
713186,0
713187,0
713188,13
713189,0
713190,0
713191,0
713192,0
713193,36
713194,0
713195,0
713196,0
713197,0
713198,0
713199,0
713200,0
713201,0
713202,0
713203,0
713204,0
713205,0
713206,0
713207,0
713208,0
713209,30
713210,0
713211,0
713212,0
713213,0
713214,21
713215,0
713216,0
713217,0
713218,0
713219,0
713220,0
713221,0
713222,26
713223,0
713224,0
713225,0
713226,0
713227,0
713228,0
713229,0
713230,0
713231,0
713232,0
713233,0
713234,0
713235,23
713236,0
713237,0
713238,0
713239,0
713240,0
713241,0
713242,0
713243,0
713244,0
713245,0
713246,0
713247,0
713248,0
713249,0
713250,0
713251,0
713252,0
713253,0
713254,0
713255,0
713256,0
713257,0
713258,0
713259,28
713260,0
713261,0
713262,0
713263,22
713264,0
713265,0
713266,0
713267,0
713268,0
713269,0
713270,0
713271,0
713272,34
713273,0
713274,0
713275,0
713276,0
713277,0
713278,0
713279,26
713280,0
713281,0
713282,0
713283,27
713284,24
713285,0
713286,25
713287,0
713288,0
713289,0
713290,0
713291,0
713292,0
713293,33
713294,0
713295,25
713296,16
713297,0
713298,0
713299,0
713300,0
713301,0
713302,0
713303,0
713304,0
713305,0
713306,0
713307,29
713308,0
713309,0
713310,0
713311,0
713312,0
713313,0
713314,0
713315,0
713316,22
713317,0
713318,0
713319,0
713320,0
713321,0
713322,0
713323,0
713324,0
713325,0
713326,0
713327,27
713328,0
713329,0
713330,0
713331,27
713332,26
713333,0
713334,0
713335,0
713336,0
713337,0
713338,0
713339,28
713340,0
713341,0
713342,0
713343,0
713344,0
713345,0
713346,0
713347,0
713348,0
713349,0
713350,0
713351,0
713352,0
713353,31
713354,0
713355,0
713356,0
713357,0
713358,0
713359,29
713360,0
713361,0
713362,0
713363,18
713364,0
713365,0
713366,0
713367,0
713368,0
713369,0
713370,21
713371,0
713372,0
713373,0
713374,28
713375,0
713376,0
713377,0
713378,0
713379,0
713380,0
713381,21
713382,0
713383,0
713384,0
713385,0
713386,0
713387,0
713388,0
713389,36
713390,0
713391,0
713392,0
713393,0
713394,0
713395,0
713396,0
713397,0
713398,0
713399,0
713400,0
713401,0
713402,22
713403,0
713404,24
713405,0
713406,0
713407,0
713408,0
713409,0
713410,0
713411,0
713412,0
713413,0
713414,0
713415,0
713416,0
713417,0
713418,0
713419,0
713420,0
713421,0
713422,0
713423,0
713424,0
713425,0
713426,21
713427,0
713428,0
713429,10
713430,0
713431,0
713432,0
713433,0
713434,0
713435,0
713436,0
713437,26
713438,0
713439,0
713440,0
713441,0
713442,0
713443,0
713444,0
713445,0
713446,0
713447,16
713448,0
713449,0
713450,0
713451,0
713452,0
713453,34
713454,0
713455,0
713456,13
713457,32
713458,0
713459,0
713460,0
713461,0
713462,0
713463,15
713464,0
713465,0
713466,0
713467,0
713468,0
713469,0
713470,0
713471,0
713472,0
713473,0
713474,0
713475,0
713476,0
713477,0
713478,0
713479,0
713480,0
713481,0
713482,0
713483,0
713484,0
713485,0
713486,0
713487,0
713488,0
713489,0
713490,0
713491,0
713492,0
713493,21
713494,31
713495,25
713496,26
713497,17
713498,17
713499,0
713500,0
713501,28
713502,0
713503,0
713504,0
713505,24
713506,0
713507,0
713508,32
713509,0
713510,0
713511,29
713512,0
713513,0
713514,0
713515,0
713516,0
713517,32
713518,27
713519,0
713520,0
713521,0
713522,0
713523,0
713524,25
713525,0
713526,0
713527,0
713528,0
713529,0
713530,0
713531,0
713532,0
713533,0
713534,0
713535,0
713536,0
713537,29
713538,0
713539,25
713540,0
713541,0
713542,0
713543,0
713544,0
713545,0
713546,0
713547,0
713548,0
713549,0
713550,0
713551,0
713552,0
713553,0
713554,0
713555,0
713556,16
713557,22
713558,0
713559,0
713560,0
713561,21
713562,21
713563,0
713564,0
713565,0
713566,0
713567,0
713568,17
713569,26
713570,0
713571,26
713572,0
713573,0
713574,18
713575,0
713576,0
713577,0
713578,0
713579,0
713580,0
713581,0
713582,0
713583,0
713584,0
713585,0
713586,0
713587,0
713588,0
713589,25
713590,0
713591,0
713592,0
713593,0
713594,0
713595,0
713596,0
713597,0
713598,0
713599,0
713600,0
713601,0
713602,0
713603,0
713604,0
713605,0
713606,0
713607,0
713608,0
713609,23
713610,0
713611,0
713612,0
713613,0
713614,0
713615,0
713616,0
713617,0
713618,0
713619,23
713620,28
713621,0
713622,0
713623,26
713624,22
713625,0
713626,0
713627,0
713628,0
713629,18
713630,0
713631,0
713632,0
713633,0
713634,0
713635,0
713636,0
713637,0
713638,0
713639,0
713640,0
713641,0
713642,0
713643,0
713644,0
713645,0
713646,0
713647,0
713648,0
713649,0
713650,0
713651,18
713652,19
713653,0
713654,33
713655,0
713656,0
713657,0
713658,0
713659,0
713660,0
713661,0
713662,0
713663,0
713664,0
713665,0
713666,0
713667,20
713668,0
713669,0
713670,0
713671,0
713672,0
713673,0
713674,0
713675,0
713676,0
713677,0
713678,0
713679,0
713680,0
713681,0
713682,17
713683,0
713684,0
713685,0
713686,0
713687,0
713688,0
713689,0
713690,0
713691,0
713692,0
713693,0
713694,0
713695,0
713696,0
713697,0
713698,0
713699,0
713700,0
713701,0
713702,0
713703,26
713704,0
713705,0
713706,0
713707,0
713708,0
713709,0
713710,0
713711,0
713712,0
713713,0
713714,0
713715,0
713716,0
713717,0
713718,0
713719,0
713720,0
713721,0
713722,33
713723,22
713724,0
713725,0
713726,0
713727,0
713728,0
713729,0
713730,0
713731,0
713732,0
713733,0
713734,0
713735,0
713736,30
713737,18
713738,0
713739,0
713740,0
713741,0
713742,0
713743,34
713744,0
713745,0
713746,0
713747,0
713748,0
713749,0
713750,0
713751,0
713752,0
713753,36
713754,0
713755,0
713756,0
713757,0
713758,31
713759,0
713760,0
713761,0
713762,0
713763,0
713764,14
713765,0
713766,19
713767,0
713768,0
713769,0
713770,0
713771,0
713772,0
713773,0
713774,0
713775,20
713776,0
713777,36
713778,0
713779,0
713780,0
713781,0
713782,0
713783,28
713784,0
713785,0
713786,0
713787,0
713788,0
713789,19
713790,0
713791,0
713792,0
713793,0
713794,0
713795,0
713796,32
713797,0
713798,36
713799,0
713800,0
713801,0
713802,0
713803,0
713804,22
713805,0
713806,0
713807,0
713808,0
713809,21
713810,21
713811,37
713812,0
713813,0
713814,0
713815,0
713816,35
713817,0
713818,0
713819,0
713820,0
713821,46
713822,0
713823,41
713824,0
713825,0
713826,0
713827,0
713828,0
713829,24
713830,21
713831,0
713832,0
713833,0
713834,0
713835,24
713836,0
713837,0
713838,33
713839,0
713840,0
713841,0
713842,26
713843,0
713844,0
713845,0
713846,31
713847,23
713848,0
713849,0
713850,0
713851,0
713852,0
713853,29
713854,0
713855,0
713856,0
713857,0
713858,0
713859,0
713860,16
713861,26
713862,0
713863,0
713864,0
713865,0
713866,0
713867,0
713868,27
713869,0
713870,0
713871,0
713872,0
713873,29
713874,0
713875,0
713876,30
713877,42
713878,0
713879,38
713880,0
713881,0
713882,0
713883,30
713884,0
713885,0
713886,27
713887,0
713888,0
713889,33
713890,0
713891,32
713892,0
713893,0
713894,0
713895,37
713896,0
713897,0
713898,0
713899,27
713900,0
713901,0
713902,0
713903,0
713904,27
713905,38
713906,0
713907,25
713908,0
713909,0
713910,0
713911,0
713912,0
713913,0
713914,0
713915,0
713916,18
713917,0
713918,0
713919,0
713920,0
713921,26
713922,0
713923,0
713924,0
713925,0
713926,0
713927,0
713928,0
713929,0
713930,0
713931,0
713932,28
713933,0
713934,0
713935,0
713936,29
713937,0
713938,0
713939,0
713940,0
713941,0
713942,0
713943,0
713944,0
713945,0
713946,27
713947,23
713948,0
713949,0
713950,0
713951,35
713952,0
713953,18
713954,0
713955,19
713956,0
713957,0
713958,0
713959,0
713960,0
713961,30
713962,19
713963,31
713964,0
713965,0
713966,0
713967,38
713968,18
713969,31
713970,0
713971,0
713972,0
713973,0
713974,0
713975,0
713976,14
713977,0
713978,0
713979,0
713980,0
713981,0
713982,0
713983,0
713984,0
713985,0
713986,0
713987,14
713988,0
713989,23
713990,0
713991,19
713992,0
713993,0
713994,21
713995,0
713996,0
713997,0
713998,27
713999,0
714000,0
714001,0
714002,23
714003,0
714004,20
714005,32
714006,0
714007,22
714008,0
714009,0
714010,0
714011,22
714012,0
714013,27
714014,0
714015,0
714016,0
714017,0
714018,0
714019,0
714020,0
714021,0
714022,37
714023,0
714024,0
714025,0
714026,0
714027,0
714028,0
714029,13
714030,0
714031,18
714032,0
714033,27
714034,0
714035,0
714036,0
714037,18
714038,26
714039,0
714040,0
714041,0
714042,0
714043,0
714044,24
714045,0
714046,35
714047,0
714048,0
714049,0
714050,0
714051,0
714052,31
714053,0
714054,0
714055,0
714056,0
714057,40
714058,0
714059,0
714060,0
714061,23
714062,30
714063,0
714064,28
714065,22
714066,0
714067,0
714068,0
714069,27
714070,0
714071,0
714072,0
714073,0
714074,0
714075,0
714076,0
714077,0
714078,35
714079,0
714080,0
714081,0
714082,0
714083,0
714084,0
714085,0
714086,0
714087,0
714088,0
714089,0
714090,0
714091,25
714092,0
714093,0
714094,0
714095,0
714096,0
714097,0
714098,23
714099,0
714100,0
714101,0
714102,0
714103,0
714104,20
714105,0
714106,21
714107,0
714108,0
714109,0
714110,0
714111,0
714112,35
714113,0
714114,0
714115,0
714116,0
714117,0
714118,16
714119,0
714120,27
714121,0
714122,0
714123,0
714124,18
714125,0
714126,32
714127,33
714128,0
714129,0
714130,34
714131,13
714132,0
714133,33
714134,0
714135,0
714136,0
714137,0
714138,0
714139,0
714140,0
714141,0
714142,0
714143,0
714144,0
714145,29
714146,0
714147,0
714148,28
714149,0
714150,0
714151,0
714152,33
714153,0
714154,27
714155,0
714156,0
714157,0
714158,0
714159,0
714160,0
714161,0
714162,0
714163,0
714164,0
714165,13
714166,0
714167,0
714168,0
714169,0
714170,0
714171,0
714172,0
714173,0
714174,39
714175,26
714176,0
714177,0
714178,0
714179,0
714180,27
714181,0
714182,0
714183,28
714184,0
714185,0
714186,29
714187,0
714188,33
714189,0
714190,0
714191,0
714192,36
714193,0
714194,0
714195,0
714196,0
714197,0
714198,0
714199,0
714200,0
714201,0
714202,0
714203,0
714204,0
714205,15
714206,0
714207,0
714208,0
714209,0
714210,0
714211,0
714212,0
714213,0
714214,0
714215,0
714216,29
714217,0
714218,22
714219,0
714220,0
714221,0
714222,0
714223,0
714224,0
714225,0
714226,0
714227,40
714228,0
714229,0
714230,0
714231,0
714232,0
714233,18
714234,0
714235,0
714236,0
714237,18
714238,11
714239,0
714240,31
714241,0
714242,0
714243,36
714244,0
714245,0
714246,0
714247,26
714248,0
714249,0
714250,28
714251,0
714252,0
714253,0
714254,32
714255,0
714256,0
714257,0
714258,0
714259,0
714260,19
714261,0
714262,0
714263,0
714264,0
714265,0
714266,0
714267,0
714268,0
714269,0
714270,0
714271,44
714272,0
714273,24
714274,0
714275,0
714276,0
714277,21
714278,0
714279,27
714280,41
714281,0
714282,0
714283,0
714284,30
714285,33
714286,0
714287,0
714288,25
714289,32
714290,0
714291,0
714292,16
714293,0
714294,0
714295,38
714296,0
714297,26
714298,35
714299,0
714300,28
714301,0
714302,0
714303,0
714304,0
714305,0
714306,0
714307,0
714308,0
714309,0
714310,0
714311,0
714312,0
714313,0
714314,0
714315,0
714316,0
714317,0
714318,0
714319,0
714320,0
714321,0
714322,0
714323,28
714324,41
714325,0
714326,0
714327,36
714328,0
714329,0
714330,36
714331,26
714332,0
714333,0
714334,0
714335,0
714336,0
714337,18
714338,0
714339,0
714340,0
714341,0
714342,0
714343,0
714344,0
714345,0
714346,0
714347,0
714348,0
714349,0
714350,34
714351,26
714352,0
714353,0
714354,23
714355,0
714356,32
714357,0
714358,0
714359,0
714360,0
714361,42
714362,0
714363,0
714364,0
714365,37
714366,0
714367,21
714368,0
714369,0
714370,0
714371,0
714372,0
714373,34
714374,0
714375,0
714376,17
714377,0
714378,0
714379,45
714380,0
714381,0
714382,0
714383,0
714384,0
714385,0
714386,0
714387,12
714388,28
714389,39
714390,28
714391,0
714392,0
714393,0
714394,0
714395,0
714396,27
714397,34
714398,0
714399,41
714400,23
714401,0
714402,0
714403,0
714404,0
714405,0
714406,0
714407,0
714408,24
714409,28
714410,0
714411,21
714412,0
714413,0
714414,0
714415,0
714416,0
714417,0
714418,36
714419,0
714420,0
714421,0
714422,0
714423,0
714424,0
714425,0
714426,0
714427,0
714428,0
714429,29
714430,0
714431,0
714432,0
714433,0
714434,0
714435,0
714436,0
714437,0
714438,16
714439,0
714440,0
714441,20
714442,0
714443,0
714444,0
714445,0
714446,0
714447,0
714448,0
714449,25
714450,0
714451,0
714452,0
714453,0
714454,0
714455,0
714456,0
714457,0
714458,0
714459,16
714460,22
714461,0
714462,0
714463,0
714464,0
714465,0
714466,0
714467,33
714468,0
714469,27
714470,16
714471,0
714472,0
714473,0
714474,0
714475,0
714476,0
714477,29
714478,17
714479,27
714480,0
714481,0
714482,0
714483,0
714484,0
714485,0
714486,0
714487,0
714488,0
714489,0
714490,0
714491,24
714492,0
714493,26
714494,0
714495,41
714496,0
714497,28
714498,0
714499,19
714500,0
714501,0
714502,0
714503,0
714504,0
714505,0
714506,0
714507,0
714508,0
714509,0
714510,0
714511,0
714512,0
714513,0
714514,0
714515,0
714516,0
714517,24
714518,0
714519,35
714520,0
714521,0
714522,29
714523,0
714524,0
714525,0
714526,0
714527,18
714528,0
714529,0
714530,0
714531,0
714532,27
714533,0
714534,18
714535,0
714536,0
714537,35
714538,0
714539,0
714540,0
714541,36
714542,43
714543,0
714544,0
714545,27
714546,0
714547,0
714548,0
714549,0
714550,0
714551,0
714552,0
714553,0
714554,35
714555,0
714556,0
714557,0
714558,31
714559,0
714560,0
714561,0
714562,0
714563,24
714564,0
714565,0
714566,0
714567,23
714568,0
714569,0
714570,0
714571,36
714572,0
714573,0
714574,0
714575,21
714576,0
714577,0
714578,0
714579,0
714580,0
714581,0
714582,0
714583,0
714584,0
714585,0
714586,29
714587,0
714588,0
714589,0
714590,0
714591,40
714592,0
714593,0
714594,0
714595,24
714596,43
714597,0
714598,0
714599,0
714600,39
714601,0
714602,0
714603,0
714604,26
714605,0
714606,0
714607,0
714608,0
714609,0
714610,0
714611,0
714612,0
714613,40
714614,0
714615,0
714616,0
714617,26
714618,0
714619,0
714620,0
714621,0
714622,0
714623,0
714624,0
714625,0
714626,0
714627,0
714628,0
714629,0
714630,0
714631,0
714632,0
714633,0
714634,0
714635,0
714636,0
714637,0
714638,0
714639,0
714640,0
714641,0
714642,0
714643,0
714644,0
714645,0
714646,21
714647,0
714648,0
714649,29
714650,0
714651,0
714652,0
714653,0
714654,0
714655,0
714656,0
714657,0
714658,0
714659,0
714660,0
714661,0
714662,0
714663,0
714664,0
714665,0
714666,0
714667,0
714668,0
714669,0
714670,0
714671,0
714672,0
714673,37
714674,22
714675,0
714676,22
714677,0
714678,0
714679,0
714680,29
714681,0
714682,0
714683,0
714684,0
714685,0
714686,0
714687,0
714688,0
714689,0
714690,0
714691,0
714692,0
714693,23
714694,22
714695,0
714696,0
714697,0
714698,0
714699,27
714700,0
714701,0
714702,0
714703,0
714704,0
714705,0
714706,0
714707,0
714708,0
714709,0
714710,25
714711,19
714712,21
714713,0
714714,0
714715,0
714716,27
714717,0
714718,0
714719,0
714720,0
714721,0
714722,0
714723,0
714724,0
714725,0
714726,23
714727,0
714728,0
714729,0
714730,0
714731,0
714732,0
714733,22
714734,0
714735,0
714736,0
714737,0
714738,0
714739,0
714740,23
714741,0
714742,0
714743,0
714744,0
714745,0
714746,0
714747,0
714748,0
714749,0
714750,0
714751,0
714752,0
714753,0
714754,27
714755,27
714756,14
714757,0
714758,0
714759,0
714760,0
714761,0
714762,0
714763,0
714764,35
714765,0
714766,0
714767,0
714768,19
714769,0
714770,0
714771,0
714772,25
714773,18
714774,0
714775,0
714776,0
714777,0
714778,17
714779,0
714780,0
714781,0
714782,0
714783,13
714784,0
714785,0
714786,0
714787,0
714788,0
714789,0
714790,0
714791,0
714792,0
714793,0
714794,0
714795,0
714796,0
714797,0
714798,0
714799,0
714800,0
714801,0
714802,0
714803,0
714804,0
714805,0
714806,0
714807,0
714808,0
714809,0
714810,0
714811,0
714812,0
714813,24
714814,0
714815,0
714816,0
714817,0
714818,0
714819,0
714820,0
714821,16
714822,0
714823,0
714824,0
714825,0
714826,0
714827,0
714828,0
714829,0
714830,0
714831,0
714832,0
714833,0
714834,0
714835,0
714836,0
714837,0
714838,0
714839,0
714840,0
714841,0
714842,0
714843,23
714844,0
714845,0
714846,0
714847,0
714848,0
714849,0
714850,0
714851,0
714852,0
714853,0
714854,0
714855,0
714856,0
714857,0
714858,0
714859,0
714860,0
714861,0
714862,0
714863,35
714864,0
714865,0
714866,0
714867,0
714868,0
714869,0
714870,0
714871,0
714872,0
714873,0
714874,0
714875,0
714876,0
714877,0
714878,0
714879,0
714880,0
714881,0
714882,0
714883,0
714884,24
714885,0
714886,32
714887,20
714888,0
714889,0
714890,0
714891,0
714892,0
714893,0
714894,26
714895,0
714896,0
714897,0
714898,0
714899,0
714900,0
714901,0
714902,23
714903,0
714904,0
714905,0
714906,0
714907,0
714908,0
714909,0
714910,0
714911,0
714912,28
714913,0
714914,19
714915,0
714916,0
714917,0
714918,0
714919,27
714920,0
714921,0
714922,0
714923,0
714924,0
714925,0
714926,0
714927,0
714928,0
714929,0
714930,0
714931,0
714932,0
714933,0
714934,0
714935,0
714936,23
714937,0
714938,0
714939,0
714940,0
714941,0
714942,0
714943,0
714944,28
714945,23
714946,37
714947,0
714948,0
714949,0
714950,0
714951,21
714952,0
714953,0
714954,0
714955,0
714956,0
714957,0
714958,14
714959,24
714960,0
714961,0
714962,23
714963,0
714964,0
714965,31
714966,0
714967,23
714968,0
714969,0
714970,0
714971,0
714972,22
714973,0
714974,23
714975,33
714976,0
714977,0
714978,0
714979,0
714980,0
714981,0
714982,0
714983,0
714984,0
714985,0
714986,0
714987,0
714988,0
714989,0
714990,22
714991,0
714992,0
714993,0
714994,36
714995,0
714996,0
714997,0
714998,0
714999,0
715000,0
715001,0
715002,0
715003,0
715004,0
715005,0
715006,27
715007,0
715008,0
715009,0
715010,0
715011,0
715012,0
715013,21
715014,0
715015,0
715016,0
715017,0
715018,31
715019,0
715020,0
715021,0
715022,26
715023,0
715024,0
715025,0
715026,27
715027,0
715028,19
715029,0
715030,0
715031,0
715032,0
715033,0
715034,0
715035,0
715036,0
715037,0
715038,0
715039,0
715040,0
715041,0
715042,0
715043,0
715044,0
715045,0
715046,22
715047,0
715048,0
715049,0
715050,0
715051,0
715052,0
715053,0
715054,0
715055,12
715056,0
715057,0
715058,0
715059,0
715060,0
715061,0
715062,0
715063,0
715064,24
715065,0
715066,0
715067,0
715068,0
715069,0
715070,23
715071,28
715072,0
715073,0
715074,0
715075,0
715076,0
715077,0
715078,0
715079,0
715080,0
715081,0
715082,0
715083,0
715084,0
715085,0
715086,0
715087,0
715088,0
715089,0
715090,0
715091,0
715092,0
715093,0
715094,18
715095,0
715096,0
715097,0
715098,0
715099,0
715100,0
715101,0
715102,15
715103,0
715104,0
715105,0
715106,0
715107,0
715108,0
715109,0
715110,42
715111,0
715112,0
715113,0
715114,0
715115,0
715116,28
715117,0
715118,25
715119,0
715120,0
715121,0
715122,0
715123,0
715124,0
715125,0
715126,0
715127,25
715128,33
715129,0
715130,28
715131,0
715132,0
715133,0
715134,0
715135,0
715136,0
715137,0
715138,0
715139,0
715140,0
715141,0
715142,0
715143,0
715144,0
715145,0
715146,0
715147,0
715148,0
715149,0
715150,0
715151,0
715152,0
715153,0
715154,20
715155,0
715156,0
715157,22
715158,0
715159,0
715160,21
715161,0
715162,0
715163,0
715164,20
715165,0
715166,0
715167,0
715168,0
715169,0
715170,0
715171,0
715172,0
715173,0
715174,0
715175,0
715176,0
715177,0
715178,0
715179,13
715180,0
715181,0
715182,0
715183,0
715184,0
715185,0
715186,0
715187,0
715188,0
715189,0
715190,0
715191,0
715192,0
715193,0
715194,0
715195,0
715196,0
715197,0
715198,0
715199,35
715200,0
715201,0
715202,0
715203,0
715204,0
715205,0
715206,0
715207,0
715208,0
715209,0
715210,0
715211,0
715212,19
715213,0
715214,0
715215,0
715216,0
715217,0
715218,0
715219,0
715220,0
715221,0
715222,0
715223,0
715224,0
715225,0
715226,0
715227,0
715228,0
715229,17
715230,0
715231,20
715232,0
715233,0
715234,0
715235,0
715236,18
715237,0
715238,27
715239,0
715240,19
715241,0
715242,0
715243,0
715244,0
715245,0
715246,0
715247,0
715248,0
715249,0
715250,0
715251,0
715252,0
715253,0
715254,0
715255,0
715256,0
715257,0
715258,0
715259,0
715260,26
715261,0
715262,0
715263,0
715264,0
715265,0
715266,0
715267,0
715268,0
715269,22
715270,34
715271,0
715272,36
715273,0
715274,33
715275,0
715276,0
715277,0
715278,0
715279,0
715280,0
715281,0
715282,0
715283,0
715284,0
715285,25
715286,0
715287,0
715288,0
715289,0
715290,0
715291,0
715292,0
715293,0
715294,0
715295,0
715296,0
715297,0
715298,0
715299,0
715300,0
715301,0
715302,0
715303,0
715304,0
715305,0
715306,0
715307,0
715308,0
715309,0
715310,0
715311,27
715312,0
715313,0
715314,0
715315,0
715316,0
715317,17
715318,0
715319,0
715320,18
715321,0
715322,0
715323,0
715324,0
715325,0
715326,0
715327,0
715328,23
715329,17
715330,0
715331,0
715332,0
715333,0
715334,0
715335,0
715336,0
715337,0
715338,0
715339,22
715340,18
715341,0
715342,0
715343,23
715344,28
715345,0
715346,0
715347,0
715348,0
715349,0
715350,0
715351,0
715352,0
715353,0
715354,0
715355,0
715356,0
715357,0
715358,0
715359,0
715360,0
715361,0
715362,0
715363,0
715364,0
715365,0
715366,0
715367,0
715368,0
715369,0
715370,0
715371,0
715372,0
715373,0
715374,16
715375,0
715376,0
715377,0
715378,0
715379,0
715380,0
715381,29
715382,0
715383,0
715384,0
715385,0
715386,0
715387,0
715388,0
715389,0
715390,0
715391,0
715392,0
715393,0
715394,0
715395,0
715396,0
715397,0
715398,0
715399,0
715400,0
715401,0
715402,25
715403,0
715404,0
715405,0
715406,0
715407,27
715408,0
715409,0
715410,0
715411,0
715412,0
715413,0
715414,21
715415,0
715416,0
715417,0
715418,0
715419,0
715420,0
715421,0
715422,31
715423,0
715424,0
715425,0
715426,0
715427,0
715428,0
715429,0
715430,0
715431,0
715432,12
715433,0
715434,0
715435,0
715436,21
715437,0
715438,0
715439,0
715440,0
715441,0
715442,0
715443,0
715444,0
715445,0
715446,0
715447,0
715448,29
715449,0
715450,0
715451,0
715452,0
715453,0
715454,18
715455,0
715456,0
715457,0
715458,0
715459,0
715460,0
715461,0
715462,0
715463,0
715464,16
715465,0
715466,0
715467,0
715468,0
715469,0
715470,0
715471,0
715472,0
715473,0
715474,0
715475,0
715476,0
715477,0
715478,0
715479,29
715480,0
715481,0
715482,20
715483,0
715484,22
715485,34
715486,0
715487,0
715488,0
715489,0
715490,24
715491,0
715492,0
715493,0
715494,0
715495,39
715496,24
715497,0
715498,0
715499,0
715500,21
715501,0
715502,25
715503,0
715504,27
715505,0
715506,36
715507,0
715508,21
715509,0
715510,0
715511,0
715512,0
715513,0
715514,45
715515,30
715516,0
715517,34
715518,0
715519,0
715520,0
715521,0
715522,0
715523,31
715524,0
715525,0
715526,0
715527,0
715528,0
715529,0
715530,0
715531,0
715532,0
715533,0
715534,0
715535,23
715536,0
715537,0
715538,0
715539,0
715540,0
715541,0
715542,0
715543,0
715544,0
715545,0
715546,0
715547,32
715548,0
715549,0
715550,0
715551,24
715552,0
715553,0
715554,27
715555,24
715556,39
715557,0
715558,0
715559,0
715560,0
715561,0
715562,0
715563,0
715564,0
715565,0
715566,35
715567,0
715568,42
715569,0
715570,0
715571,0
715572,29
715573,0
715574,0
715575,0
715576,0
715577,0
715578,0
715579,0
715580,0
715581,0
715582,0
715583,0
715584,0
715585,23
715586,0
715587,0
715588,0
715589,0
715590,0
715591,0
715592,0
715593,0
715594,0
715595,0
715596,46
715597,0
715598,37
715599,33
715600,0
715601,0
715602,0
715603,0
715604,0
715605,35
715606,0
715607,0
715608,0
715609,0
715610,0
715611,0
715612,0
715613,0
715614,0
715615,0
715616,0
715617,23
715618,0
715619,0
715620,0
715621,0
715622,20
715623,21
715624,26
715625,23
715626,19
715627,0
715628,0
715629,23
715630,0
715631,0
715632,0
715633,0
715634,0
715635,0
715636,37
715637,0
715638,0
715639,0
715640,0
715641,0
715642,0
715643,0
715644,0
715645,0
715646,0
715647,0
715648,0
715649,21
715650,0
715651,0
715652,0
715653,0
715654,0
715655,28
715656,0
715657,0
715658,0
715659,0
715660,0
715661,27
715662,0
715663,0
715664,0
715665,0
715666,0
715667,0
715668,0
715669,0
715670,28
715671,0
715672,0
715673,25
715674,0
715675,0
715676,0
715677,0
715678,0
715679,0
715680,0
715681,0
715682,0
715683,0
715684,0
715685,0
715686,23
715687,0
715688,0
715689,39
715690,0
715691,40
715692,0
715693,0
715694,0
715695,0
715696,26
715697,0
715698,25
715699,0
715700,0
715701,0
715702,0
715703,25
715704,0
715705,27
715706,22
715707,28
715708,0
715709,0
715710,0
715711,0
715712,0
715713,0
715714,0
715715,0
715716,19
715717,0
715718,0
715719,0
715720,0
715721,0
715722,0
715723,33
715724,23
715725,0
715726,0
715727,21
715728,0
715729,0
715730,0
715731,0
715732,0
715733,0
715734,0
715735,0
715736,0
715737,0
715738,37
715739,24
715740,0
715741,0
715742,0
715743,0
715744,0
715745,0
715746,0
715747,0
715748,0
715749,0
715750,0
715751,0
715752,0
715753,0
715754,0
715755,0
715756,20
715757,0
715758,0
715759,0
715760,0
715761,0
715762,0
715763,0
715764,0
715765,0
715766,0
715767,0
715768,0
715769,0
715770,0
715771,0
715772,0
715773,15
715774,0
715775,0
715776,38
715777,0
715778,0
715779,0
715780,0
715781,0
715782,42
715783,0
715784,0
715785,0
715786,0
715787,0
715788,0
715789,0
715790,0
715791,0
715792,0
715793,29
715794,0
715795,0
715796,0
715797,28
715798,34
715799,0
715800,0
715801,0
715802,0
715803,0
715804,0
715805,0
715806,0
715807,0
715808,0
715809,0
715810,0
715811,0
715812,0
715813,0
715814,0
715815,0
715816,0
715817,26
715818,0
715819,0
715820,28
715821,0
715822,36
715823,0
715824,26
715825,33
715826,0
715827,0
715828,0
715829,0
715830,0
715831,0
715832,0
715833,0
715834,0
715835,0
715836,0
715837,22
715838,0
715839,0
715840,0
715841,23
715842,0
715843,0
715844,0
715845,0
715846,0
715847,0
715848,0
715849,0
715850,0
715851,0
715852,0
715853,27
715854,25
715855,0
715856,0
715857,0
715858,0
715859,0
715860,0
715861,0
715862,0
715863,0
715864,0
715865,0
715866,0
715867,0
715868,0
715869,30
715870,0
715871,0
715872,0
715873,25
715874,0
715875,0
715876,0
715877,0
715878,0
715879,34
715880,0
715881,0
715882,0
715883,0
715884,0
715885,35
715886,0
715887,0
715888,0
715889,23
715890,19
715891,0
715892,23
715893,0
715894,0
715895,0
715896,0
715897,0
715898,0
715899,0
715900,0
715901,0
715902,0
715903,17
715904,0
715905,0
715906,0
715907,0
715908,0
715909,0
715910,0
715911,0
715912,0
715913,0
715914,0
715915,0
715916,0
715917,0
715918,0
715919,0
715920,20
715921,0
715922,0
715923,0
715924,0
715925,0
715926,0
715927,0
715928,0
715929,0
715930,35
715931,0
715932,0
715933,0
715934,0
715935,0
715936,0
715937,0
715938,25
715939,0
715940,0
715941,30
715942,0
715943,0
715944,0
715945,28
715946,0
715947,0
715948,0
715949,0
715950,0
715951,0
715952,0
715953,0
715954,0
715955,0
715956,0
715957,0
715958,0
715959,0
715960,0
715961,0
715962,49
715963,0
715964,0
715965,0
715966,0
715967,0
715968,0
715969,0
715970,0
715971,0
715972,0
715973,0
715974,27
715975,0
715976,0
715977,0
715978,0
715979,0
715980,41
715981,0
715982,11
715983,0
715984,0
715985,27
715986,26
715987,0
715988,33
715989,0
715990,0
715991,33
715992,0
715993,38
715994,0
715995,0
715996,0
715997,0
715998,23
715999,0
716000,0
716001,0
716002,32
716003,0
716004,26
716005,0
716006,0
716007,0
716008,0
716009,0
716010,37
716011,0
716012,0
716013,0
716014,31
716015,0
716016,0
716017,0
716018,0
716019,0
716020,0
716021,0
716022,0
716023,0
716024,0
716025,0
716026,0
716027,0
716028,0
716029,0
716030,0
716031,0
716032,21
716033,0
716034,38
716035,0
716036,31
716037,0
716038,0
716039,0
716040,0
716041,0
716042,0
716043,0
716044,35
716045,0
716046,0
716047,0
716048,0
716049,0
716050,0
716051,0
716052,0
716053,0
716054,0
716055,31
716056,0
716057,30
716058,0
716059,0
716060,0
716061,0
716062,0
716063,0
716064,0
716065,0
716066,0
716067,0
716068,0
716069,0
716070,25
716071,0
716072,0
716073,0
716074,0
716075,0
716076,29
716077,17
716078,0
716079,0
716080,19
716081,0
716082,0
716083,0
716084,0
716085,28
716086,0
716087,0
716088,0
716089,0
716090,0
716091,0
716092,0
716093,0
716094,0
716095,0
716096,0
716097,0
716098,37
716099,0
716100,0
716101,0
716102,0
716103,0
716104,0
716105,0
716106,0
716107,0
716108,0
716109,0
716110,0
716111,0
716112,0
716113,0
716114,0
716115,0
716116,0
716117,0
716118,0
716119,0
716120,0
716121,0
716122,0
716123,0
716124,0
716125,0
716126,0
716127,0
716128,37
716129,33
716130,0
716131,0
716132,30
716133,0
716134,0
716135,0
716136,32
716137,0
716138,0
716139,0
716140,0
716141,0
716142,0
716143,24
716144,24
716145,0
716146,0
716147,0
716148,0
716149,0
716150,0
716151,0
716152,0
716153,0
716154,0
716155,28
716156,0
716157,0
716158,0
716159,0
716160,0
716161,0
716162,0
716163,0
716164,0
716165,24
716166,0
716167,0
716168,0
716169,0
716170,0
716171,0
716172,0
716173,0
716174,0
716175,26
716176,19
716177,0
716178,0
716179,21
716180,0
716181,0
716182,0
716183,0
716184,0
716185,18
716186,0
716187,0
716188,0
716189,0
716190,24
716191,0
716192,0
716193,0
716194,0
716195,0
716196,28
716197,0
716198,0
716199,0
716200,0
716201,0
716202,0
716203,0
716204,0
716205,0
716206,23
716207,17
716208,0
716209,0
716210,0
716211,0
716212,0
716213,0
716214,0
716215,0
716216,0
716217,0
716218,0
716219,0
716220,0
716221,28
716222,0
716223,0
716224,34
716225,30
716226,0
716227,0
716228,21
716229,0
716230,0
716231,28
716232,37
716233,0
716234,0
716235,0
716236,0
716237,0
716238,0
716239,0
716240,0
716241,0
716242,0
716243,0
716244,0
716245,0
716246,0
716247,0
716248,0
716249,0
716250,0
716251,0
716252,0
716253,0
716254,0
716255,14
716256,0
716257,0
716258,0
716259,0
716260,0
716261,0
716262,0
716263,0
716264,5
716265,0
716266,10
716267,0
716268,0
716269,0
716270,0
716271,0
716272,0
716273,0
716274,0
716275,0
716276,0
716277,0
716278,0
716279,0
716280,0
716281,0
716282,0
716283,0
716284,0
716285,0
716286,0
716287,0
716288,0
716289,15
716290,0
716291,0
716292,0
716293,0
716294,0
716295,0
716296,0
716297,0
716298,0
716299,0
716300,0
716301,0
716302,0
716303,0
716304,0
716305,0
716306,12
716307,0
716308,0
716309,0
716310,0
716311,0
716312,0
716313,0
716314,0
716315,0
716316,0
716317,9
716318,0
716319,0
716320,0
716321,0
716322,0
716323,0
716324,0
716325,0
716326,0
716327,0
716328,0
716329,0
716330,0
716331,0
716332,0
716333,0
716334,0
716335,7
716336,0
716337,0
716338,0
716339,0
716340,0
716341,11
716342,0
716343,0
716344,0
716345,1
716346,0
716347,0
716348,0
716349,0
716350,0
716351,0
716352,0
716353,0
716354,0
716355,5
716356,0
716357,0
716358,0
716359,0
716360,0
716361,0
716362,0
716363,0
716364,8
716365,0
716366,0
716367,0
716368,0
716369,0
716370,0
716371,0
716372,0
716373,0
716374,0
716375,0
716376,0
716377,0
716378,0
716379,0
716380,0
716381,0
716382,7
716383,0
716384,0
716385,0
716386,8
716387,8
716388,0
716389,0
716390,0
716391,0
716392,0
716393,0
716394,0
716395,0
716396,0
716397,0
716398,0
716399,0
716400,0
716401,0
716402,0
716403,0
716404,0
716405,0
716406,0
716407,0
716408,0
716409,0
716410,0
716411,0
716412,0
716413,0
716414,6
716415,0
716416,0
716417,0
716418,0
716419,0
716420,11
716421,0
716422,0
716423,0
716424,0
716425,0
716426,0
716427,0
716428,0
716429,0
716430,13
716431,0
716432,0
716433,0
716434,0
716435,0
716436,0
716437,0
716438,0
716439,0
716440,8
716441,0
716442,0
716443,0
716444,0
716445,0
716446,15
716447,0
716448,0
716449,0
716450,0
716451,0
716452,0
716453,0
716454,0
716455,0
716456,0
716457,0
716458,0
716459,0
716460,0
716461,0
716462,0
716463,0
716464,0
716465,0
716466,0
716467,0
716468,0
716469,0
716470,0
716471,0
716472,0
716473,0
716474,0
716475,0
716476,0
716477,0
716478,0
716479,0
716480,0
716481,0
716482,0
716483,0
716484,8
716485,0
716486,6
716487,0
716488,0
716489,0
716490,0
716491,0
716492,0
716493,0
716494,0
716495,6
716496,0
716497,0
716498,5
716499,0
716500,0
716501,0
716502,0
716503,0
716504,0
716505,0
716506,0
716507,0
716508,0
716509,0
716510,0
716511,0
716512,0
716513,0
716514,0
716515,0
716516,0
716517,0
716518,0
716519,0
716520,0
716521,0
716522,0
716523,0
716524,7
716525,0
716526,0
716527,0
716528,0
716529,0
716530,0
716531,0
716532,0
716533,0
716534,0
716535,0
716536,0
716537,0
716538,0
716539,0
716540,0
716541,0
716542,0
716543,0
716544,0
716545,0
716546,0
716547,11
716548,0
716549,0
716550,0
716551,0
716552,0
716553,0
716554,0
716555,0
716556,0
716557,12
716558,0
716559,0
716560,0
716561,0
716562,0
716563,0
716564,0
716565,0
716566,13
716567,10
716568,0
716569,0
716570,0
716571,0
716572,0
716573,0
716574,0
716575,0
716576,0
716577,0
716578,0
716579,0
716580,0
716581,0
716582,0
716583,0
716584,0
716585,0
716586,0
716587,0
716588,0
716589,0
716590,8
716591,0
716592,0
716593,10
716594,0
716595,0
716596,0
716597,0
716598,0
716599,0
716600,0
716601,0
716602,0
716603,15
716604,0
716605,15
716606,0
716607,0
716608,10
716609,0
716610,0
716611,0
716612,0
716613,10
716614,0
716615,17
716616,0
716617,0
716618,0
716619,0
716620,15
716621,11
716622,0
716623,0
716624,0
716625,15
716626,0
716627,10
716628,0
716629,0
716630,0
716631,0
716632,0
716633,14
716634,0
716635,0
716636,9
716637,0
716638,0
716639,0
716640,0
716641,0
716642,0
716643,0
716644,0
716645,9
716646,0
716647,0
716648,0
716649,0
716650,0
716651,0
716652,0
716653,0
716654,0
716655,0
716656,0
716657,9
716658,13
716659,0
716660,0
716661,0
716662,0
716663,0
716664,0
716665,0
716666,0
716667,0
716668,0
716669,0
716670,10
716671,0
716672,0
716673,0
716674,0
716675,0
716676,0
716677,14
716678,0
716679,0
716680,0
716681,0
716682,9
716683,0
716684,0
716685,0
716686,0
716687,0
716688,0
716689,13
716690,0
716691,0
716692,11
716693,15
716694,8
716695,9
716696,0
716697,16
716698,0
716699,0
716700,0
716701,18
716702,0
716703,0
716704,0
716705,0
716706,0
716707,0
716708,0
716709,0
716710,0
716711,0
716712,0
716713,0
716714,0
716715,0
716716,0
716717,22
716718,0
716719,0
716720,0
716721,0
716722,0
716723,0
716724,7
716725,0
716726,0
716727,0
716728,0
716729,0
716730,0
716731,0
716732,0
716733,0
716734,0
716735,0
716736,0
716737,0
716738,0
716739,0
716740,4
716741,22
716742,0
716743,0
716744,0
716745,0
716746,11
716747,0
716748,0
716749,0
716750,0
716751,0
716752,18
716753,4
716754,0
716755,0
716756,6
716757,0
716758,0
716759,0
716760,12
716761,19
716762,0
716763,4
716764,0
716765,0
716766,0
716767,0
716768,0
716769,10
716770,0
716771,0
716772,0
716773,0
716774,8
716775,0
716776,0
716777,0
716778,0
716779,0
716780,0
716781,0
716782,0
716783,0
716784,0
716785,0
716786,0
716787,0
716788,0
716789,0
716790,0
716791,0
716792,0
716793,0
716794,6
716795,0
716796,0
716797,0
716798,0
716799,0
716800,0
716801,0
716802,0
716803,0
716804,0
716805,11
716806,0
716807,0
716808,0
716809,0
716810,16
716811,0
716812,0
716813,0
716814,0
716815,0
716816,0
716817,0
716818,0
716819,12
716820,20
716821,0
716822,0
716823,0
716824,0
716825,0
716826,12
716827,0
716828,0
716829,0
716830,0
716831,0
716832,0
716833,0
716834,0
716835,0
716836,5
716837,0
716838,0
716839,11
716840,0
716841,0
716842,0
716843,0
716844,0
716845,0
716846,0
716847,0
716848,20
716849,0
716850,14
716851,0
716852,0
716853,0
716854,0
716855,0
716856,0
716857,0
716858,0
716859,0
716860,0
716861,2
716862,0
716863,0
716864,16
716865,0
716866,0
716867,0
716868,0
716869,0
716870,0
716871,0
716872,0
716873,0
716874,0
716875,0
716876,0
716877,0
716878,0
716879,0
716880,0
716881,0
716882,0
716883,0
716884,0
716885,0
716886,0
716887,0
716888,0
716889,0
716890,0
716891,0
716892,0
716893,0
716894,0
716895,0
716896,0
716897,0
716898,0
716899,0
716900,0
716901,0
716902,0
716903,0
716904,0
716905,0
716906,0
716907,0
716908,0
716909,0
716910,23
716911,17
716912,19
716913,0
716914,0
716915,0
716916,0
716917,0
716918,0
716919,0
716920,0
716921,0
716922,0
716923,0
716924,0
716925,0
716926,0
716927,0
716928,0
716929,0
716930,0
716931,0
716932,0
716933,0
716934,0
716935,0
716936,0
716937,0
716938,0
716939,17
716940,0
716941,0
716942,8
716943,0
716944,0
716945,0
716946,15
716947,0
716948,0
716949,0
716950,0
716951,0
716952,0
716953,0
716954,5
716955,0
716956,0
716957,0
716958,0
716959,0
716960,0
716961,0
716962,16
716963,0
716964,0
716965,9
716966,32
716967,0
716968,4
716969,0
716970,0
716971,0
716972,7
716973,0
716974,16
716975,0
716976,0
716977,0
716978,0
716979,0
716980,0
716981,0
716982,0
716983,0
716984,0
716985,0
716986,0
716987,0
716988,0
716989,0
716990,0
716991,0
716992,0
716993,0
716994,0
716995,12
716996,15
716997,0
716998,9
716999,0
717000,0
717001,0
717002,0
717003,0
717004,0
717005,0
717006,0
717007,0
717008,0
717009,0
717010,0
717011,0
717012,0
717013,0
717014,0
717015,0
717016,0
717017,0
717018,0
717019,20
717020,6
717021,0
717022,0
717023,0
717024,7
717025,0
717026,0
717027,0
717028,0
717029,9
717030,0
717031,0
717032,0
717033,0
717034,0
717035,0
717036,0
717037,0
717038,5
717039,0
717040,0
717041,0
717042,0
717043,0
717044,0
717045,0
717046,0
717047,0
717048,0
717049,0
717050,0
717051,0
717052,0
717053,0
717054,0
717055,0
717056,0
717057,10
717058,0
717059,9
717060,0
717061,0
717062,0
717063,0
717064,11
717065,0
717066,0
717067,0
717068,0
717069,14
717070,0
717071,0
717072,0
717073,0
717074,0
717075,0
717076,0
717077,0
717078,12
717079,0
717080,0
717081,0
717082,0
717083,0
717084,0
717085,11
717086,15
717087,0
717088,0
717089,0
717090,0
717091,10
717092,0
717093,0
717094,0
717095,10
717096,0
717097,17
717098,0
717099,0
717100,0
717101,0
717102,0
717103,0
717104,0
717105,0
717106,0
717107,0
717108,0
717109,0
717110,0
717111,0
717112,14
717113,0
717114,0
717115,0
717116,0
717117,0
717118,9
717119,0
717120,0
717121,0
717122,0
717123,0
717124,12
717125,0
717126,0
717127,13
717128,0
717129,0
717130,4
717131,0
717132,0
717133,14
717134,15
717135,0
717136,10
717137,20
717138,8
717139,0
717140,0
717141,0
717142,0
717143,0
717144,0
717145,10
717146,0
717147,0
717148,0
717149,0
717150,0
717151,0
717152,10
717153,0
717154,0
717155,16
717156,0
717157,0
717158,0
717159,0
717160,0
717161,0
717162,9
717163,0
717164,15
717165,0
717166,0
717167,0
717168,0
717169,0
717170,0
717171,0
717172,0
717173,0
717174,0
717175,0
717176,0
717177,0
717178,0
717179,0
717180,0
717181,0
717182,7
717183,0
717184,8
717185,15
717186,0
717187,0
717188,0
717189,0
717190,0
717191,0
717192,0
717193,0
717194,10
717195,10
717196,13
717197,0
717198,0
717199,0
717200,0
717201,0
717202,0
717203,0
717204,0
717205,0
717206,0
717207,0
717208,0
717209,0
717210,0
717211,0
717212,20
717213,0
717214,27
717215,0
717216,0
717217,0
717218,0
717219,0
717220,0
717221,0
717222,9
717223,0
717224,0
717225,0
717226,0
717227,0
717228,0
717229,0
717230,0
717231,16
717232,8
717233,0
717234,16
717235,12
717236,0
717237,0
717238,12
717239,0
717240,0
717241,0
717242,0
717243,24
717244,0
717245,14
717246,17
717247,0
717248,0
717249,0
717250,0
717251,0
717252,0
717253,0
717254,0
717255,0
717256,0
717257,0
717258,0
717259,6
717260,0
717261,0
717262,0
717263,0
717264,0
717265,0
717266,0
717267,0
717268,0
717269,0
717270,0
717271,8
717272,0
717273,0
717274,0
717275,4
717276,3
717277,0
717278,22
717279,0
717280,0
717281,0
717282,0
717283,0
717284,12
717285,18
717286,10
717287,0
717288,0
717289,0
717290,0
717291,0
717292,0
717293,0
717294,0
717295,0
717296,0
717297,15
717298,0
717299,0
717300,11
717301,0
717302,0
717303,0
717304,0
717305,0
717306,0
717307,0
717308,0
717309,0
717310,0
717311,8
717312,0
717313,0
717314,0
717315,0
717316,12
717317,0
717318,0
717319,0
717320,0
717321,0
717322,0
717323,20
717324,0
717325,0
717326,0
717327,9
717328,14
717329,13
717330,0
717331,7
717332,11
717333,15
717334,0
717335,0
717336,0
717337,0
717338,0
717339,0
717340,0
717341,9
717342,0
717343,0
717344,0
717345,0
717346,0
717347,0
717348,0
717349,0
717350,0
717351,0
717352,0
717353,0
717354,0
717355,0
717356,0
717357,0
717358,0
717359,0
717360,0
717361,0
717362,0
717363,5
717364,0
717365,0
717366,20
717367,0
717368,0
717369,0
717370,0
717371,0
717372,0
717373,0
717374,0
717375,8
717376,0
717377,0
717378,0
717379,0
717380,0
717381,0
717382,18
717383,0
717384,0
717385,0
717386,0
717387,0
717388,0
717389,0
717390,0
717391,0
717392,12
717393,0
717394,0
717395,0
717396,0
717397,0
717398,0
717399,0
717400,14
717401,0
717402,0
717403,0
717404,0
717405,0
717406,0
717407,0
717408,0
717409,0
717410,0
717411,0
717412,0
717413,17
717414,0
717415,0
717416,0
717417,0
717418,0
717419,0
717420,12
717421,16
717422,0
717423,0
717424,0
717425,0
717426,9
717427,0
717428,19
717429,0
717430,0
717431,0
717432,0
717433,0
717434,0
717435,7
717436,0
717437,0
717438,0
717439,0
717440,0
717441,0
717442,0
717443,0
717444,0
717445,0
717446,0
717447,0
717448,0
717449,33
717450,0
717451,0
717452,0
717453,0
717454,0
717455,0
717456,0
717457,0
717458,0
717459,0
717460,0
717461,0
717462,0
717463,0
717464,0
717465,0
717466,0
717467,0
717468,0
717469,0
717470,0
717471,21
717472,0
717473,0
717474,0
717475,0
717476,0
717477,0
717478,0
717479,0
717480,0
717481,0
717482,48
717483,0
717484,0
717485,0
717486,0
717487,0
717488,0
717489,0
717490,0
717491,0
717492,0
717493,0
717494,0
717495,0
717496,0
717497,0
717498,0
717499,0
717500,0
717501,0
717502,0
717503,0
717504,0
717505,0
717506,0
717507,22
717508,0
717509,0
717510,0
717511,0
717512,0
717513,0
717514,0
717515,0
717516,0
717517,0
717518,0
717519,0
717520,0
717521,0
717522,0
717523,0
717524,0
717525,0
717526,0
717527,0
717528,0
717529,0
717530,0
717531,0
717532,0
717533,0
717534,42
717535,0
717536,57
717537,0
717538,0
717539,0
717540,0
717541,0
717542,0
717543,40
717544,0
717545,0
717546,0
717547,0
717548,0
717549,0
717550,0
717551,0
717552,0
717553,0
717554,26
717555,0
717556,0
717557,0
717558,0
717559,0
717560,0
717561,0
717562,0
717563,0
717564,0
717565,0
717566,0
717567,0
717568,0
717569,31
717570,49
717571,0
717572,0
717573,0
717574,0
717575,44
717576,34
717577,0
717578,0
717579,0
717580,0
717581,51
717582,0
717583,0
717584,0
717585,34
717586,0
717587,0
717588,0
717589,0
717590,47
717591,0
717592,0
717593,0
717594,39
717595,0
717596,41
717597,0
717598,0
717599,0
717600,0
717601,0
717602,0
717603,0
717604,0
717605,0
717606,36
717607,0
717608,0
717609,27
717610,0
717611,0
717612,0
717613,29
717614,0
717615,0
717616,0
717617,0
717618,0
717619,0
717620,0
717621,0
717622,0
717623,0
717624,0
717625,0
717626,0
717627,0
717628,0
717629,0
717630,49
717631,0
717632,0
717633,0
717634,0
717635,0
717636,0
717637,0
717638,0
717639,0
717640,0
717641,0
717642,0
717643,0
717644,0
717645,0
717646,0
717647,36
717648,0
717649,0
717650,0
717651,0
717652,0
717653,0
717654,40
717655,0
717656,39
717657,0
717658,0
717659,0
717660,0
717661,0
717662,0
717663,0
717664,0
717665,0
717666,0
717667,0
717668,0
717669,0
717670,0
717671,0
717672,44
717673,0
717674,0
717675,0
717676,0
717677,0
717678,31
717679,0
717680,0
717681,0
717682,0
717683,0
717684,0
717685,46
717686,0
717687,0
717688,0
717689,0
717690,0
717691,0
717692,0
717693,0
717694,47
717695,0
717696,0
717697,51
717698,0
717699,0
717700,56
717701,0
717702,0
717703,0
717704,0
717705,0
717706,0
717707,0
717708,0
717709,0
717710,0
717711,0
717712,0
717713,0
717714,0
717715,0
717716,0
717717,0
717718,0
717719,26
717720,0
717721,23
717722,65
717723,0
717724,0
717725,0
717726,0
717727,0
717728,0
717729,0
717730,0
717731,0
717732,0
717733,0
717734,0
717735,0
717736,37
717737,0
717738,46
717739,0
717740,23
717741,0
717742,0
717743,0
717744,0
717745,0
717746,50
717747,0
717748,0
717749,0
717750,0
717751,0
717752,0
717753,0
717754,0
717755,0
717756,0
717757,34
717758,0
717759,0
717760,0
717761,0
717762,33
717763,0
717764,0
717765,0
717766,0
717767,25
717768,36
717769,0
717770,0
717771,0
717772,0
717773,30
717774,0
717775,0
717776,0
717777,0
717778,0
717779,0
717780,0
717781,0
717782,0
717783,0
717784,0
717785,0
717786,0
717787,0
717788,39
717789,0
717790,0
717791,0
717792,46
717793,0
717794,0
717795,0
717796,0
717797,0
717798,41
717799,0
717800,0
717801,0
717802,0
717803,0
717804,0
717805,31
717806,0
717807,0
717808,0
717809,0
717810,0
717811,0
717812,0
717813,0
717814,44
717815,0
717816,0
717817,0
717818,66
717819,38
717820,0
717821,0
717822,0
717823,0
717824,0
717825,0
717826,0
717827,0
717828,0
717829,0
717830,0
717831,0
717832,0
717833,0
717834,0
717835,0
717836,53
717837,0
717838,0
717839,26
717840,0
717841,42
717842,0
717843,0
717844,0
717845,0
717846,0
717847,40
717848,45
717849,0
717850,0
717851,0
717852,0
717853,37
717854,26
717855,0
717856,0
717857,56
717858,0
717859,0
717860,0
717861,0
717862,40
717863,56
717864,0
717865,0
717866,0
717867,0
717868,0
717869,0
717870,0
717871,43
717872,0
717873,0
717874,0
717875,34
717876,0
717877,0
717878,0
717879,0
717880,0
717881,0
717882,0
717883,0
717884,0
717885,0
717886,0
717887,0
717888,0
717889,0
717890,0
717891,20
717892,0
717893,0
717894,0
717895,0
717896,0
717897,0
717898,0
717899,67
717900,0
717901,0
717902,38
717903,0
717904,0
717905,0
717906,29
717907,23
717908,0
717909,0
717910,0
717911,0
717912,0
717913,0
717914,34
717915,0
717916,0
717917,0
717918,48
717919,0
717920,0
717921,0
717922,0
717923,0
717924,0
717925,0
717926,0
717927,0
717928,0
717929,29
717930,0
717931,0
717932,38
717933,0
717934,0
717935,0
717936,0
717937,0
717938,0
717939,10
717940,0
717941,0
717942,0
717943,16
717944,0
717945,0
717946,0
717947,0
717948,0
717949,11
717950,12
717951,0
717952,12
717953,0
717954,0
717955,8
717956,0
717957,14
717958,21
717959,0
717960,0
717961,0
717962,15
717963,20
717964,22
717965,0
717966,0
717967,12
717968,0
717969,12
717970,0
717971,0
717972,0
717973,12
717974,0
717975,10
717976,0
717977,0
717978,0
717979,0
717980,0
717981,0
717982,0
717983,6
717984,19
717985,6
717986,0
717987,0
717988,0
717989,0
717990,0
717991,0
717992,0
717993,0
717994,0
717995,7
717996,0
717997,13
717998,0
717999,8
718000,14
718001,14
718002,0
718003,0
718004,0
718005,0
718006,0
718007,12
718008,13
718009,19
718010,13
718011,0
718012,0
718013,0
718014,0
718015,0
718016,14
718017,9
718018,0
718019,0
718020,0
718021,0
718022,0
718023,0
718024,0
718025,10
718026,0
718027,0
718028,0
718029,0
718030,0
718031,0
718032,10
718033,0
718034,0
718035,0
718036,0
718037,5
718038,0
718039,9
718040,0
718041,0
718042,0
718043,12
718044,0
718045,0
718046,0
718047,0
718048,0
718049,0
718050,0
718051,8
718052,0
718053,0
718054,0
718055,13
718056,0
718057,0
718058,0
718059,32
718060,31
718061,0
718062,0
718063,0
718064,0
718065,0
718066,36
718067,0
718068,0
718069,0
718070,0
718071,0
718072,0
718073,0
718074,53
718075,0
718076,51
718077,0
718078,0
718079,50
718080,0
718081,0
718082,32
718083,50
718084,0
718085,0
718086,55
718087,61
718088,0
718089,0
718090,19
718091,0
718092,0
718093,0
718094,0
718095,0
718096,0
718097,22
718098,0
718099,0
718100,0
718101,0
718102,41
718103,0
718104,0
718105,0
718106,0
718107,0
718108,0
718109,33
718110,0
718111,0
718112,46
718113,0
718114,39
718115,0
718116,0
718117,0
718118,0
718119,0
718120,0
718121,0
718122,0
718123,0
718124,45
718125,0
718126,0
718127,0
718128,0
718129,0
718130,0
718131,0
718132,0
718133,33
718134,0
718135,0
718136,0
718137,0
718138,0
718139,0
718140,0
718141,0
718142,37
718143,0
718144,0
718145,34
718146,0
718147,36
718148,0
718149,0
718150,0
718151,0
718152,0
718153,0
718154,0
718155,0
718156,34
718157,0
718158,0
718159,0
718160,0
718161,0
718162,0
718163,0
718164,40
718165,0
718166,25
718167,0
718168,0
718169,0
718170,36
718171,57
718172,27
718173,0
718174,0
718175,0
718176,44
718177,0
718178,0
718179,0
718180,0
718181,34
718182,0
718183,0
718184,0
718185,0
718186,60
718187,24
718188,0
718189,45
718190,0
718191,38
718192,0
718193,0
718194,45
718195,0
718196,34
718197,42
718198,0
718199,31
718200,0
718201,0
718202,27
718203,52
718204,0
718205,69
718206,28
718207,33
718208,30
718209,0
718210,28
718211,0
718212,38
718213,50
718214,31
718215,0
718216,36
718217,0
718218,35
718219,0
718220,0
718221,0
718222,0
718223,0
718224,32
718225,0
718226,0
718227,27
718228,0
718229,0
718230,0
718231,0
718232,0
718233,0
718234,36
718235,0
718236,0
718237,58
718238,32
718239,0
718240,46
718241,0
718242,0
718243,0
718244,0
718245,50
718246,0
718247,0
718248,0
718249,0
718250,0
718251,48
718252,20
718253,0
718254,0
718255,58
718256,0
718257,34
718258,0
718259,0
718260,68
718261,0
718262,79
718263,0
718264,0
718265,0
718266,42
718267,0
718268,0
718269,0
718270,0
718271,0
718272,0
718273,0
718274,0
718275,0
718276,0
718277,46
718278,58
718279,0
718280,0
718281,0
718282,0
718283,0
718284,0
718285,0
718286,33
718287,0
718288,0
718289,0
718290,0
718291,0
718292,55
718293,40
718294,0
718295,35
718296,47
718297,35
718298,0
718299,48
718300,0
718301,0
718302,0
718303,0
718304,27
718305,25
718306,70
718307,0
718308,55
718309,56
718310,0
718311,38
718312,0
718313,0
718314,0
718315,0
718316,0
718317,0
718318,0
718319,47
718320,24
718321,0
718322,57
718323,0
718324,0
718325,0
718326,48
718327,37
718328,0
718329,42
718330,0
718331,20
718332,0
718333,0
718334,44
718335,0
718336,0
718337,0
718338,0
718339,0
718340,21
718341,52
718342,0
718343,0
718344,0
718345,0
718346,0
718347,0
718348,0
718349,0
718350,0
718351,0
718352,31
718353,26
718354,0
718355,0
718356,0
718357,0
718358,0
718359,0
718360,0
718361,0
718362,0
718363,0
718364,47
718365,0
718366,45
718367,0
718368,0
718369,0
718370,36
718371,0
718372,0
718373,0
718374,0
718375,37
718376,0
718377,0
718378,38
718379,0
718380,0
718381,26
718382,0
718383,0
718384,0
718385,0
718386,0
718387,0
718388,0
718389,12
718390,0
718391,0
718392,0
718393,0
718394,9
718395,12
718396,0
718397,0
718398,0
718399,0
718400,0
718401,0
718402,0
718403,0
718404,0
718405,0
718406,0
718407,0
718408,0
718409,19
718410,0
718411,10
718412,0
718413,0
718414,0
718415,7
718416,0
718417,0
718418,0
718419,0
718420,0
718421,0
718422,0
718423,0
718424,0
718425,0
718426,0
718427,0
718428,0
718429,0
718430,0
718431,0
718432,0
718433,0
718434,0
718435,0
718436,0
718437,0
718438,14
718439,0
718440,0
718441,0
718442,0
718443,0
718444,0
718445,0
718446,0
718447,10
718448,0
718449,0
718450,17
718451,0
718452,9
718453,0
718454,0
718455,0
718456,0
718457,6
718458,22
718459,0
718460,0
718461,0
718462,0
718463,0
718464,9
718465,0
718466,0
718467,11
718468,8
718469,0
718470,0
718471,0
718472,12
718473,0
718474,0
718475,0
718476,0
718477,0
718478,0
718479,10
718480,22
718481,0
718482,0
718483,0
718484,0
718485,0
718486,0
718487,0
718488,0
718489,0
718490,0
718491,0
718492,0
718493,0
718494,0
718495,0
718496,0
718497,16
718498,0
718499,0
718500,13
718501,13
718502,8
718503,0
718504,0
718505,0
718506,9
718507,0
718508,0
718509,0
718510,0
718511,0
718512,0
718513,6
718514,0
718515,0
718516,0
718517,0
718518,9
718519,16
718520,0
718521,0
718522,0
718523,0
718524,7
718525,0
718526,0
718527,9
718528,11
718529,0
718530,0
718531,0
718532,0
718533,0
718534,0
718535,0
718536,0
718537,0
718538,10
718539,0
718540,8
718541,0
718542,0
718543,0
718544,0
718545,0
718546,9
718547,8
718548,0
718549,0
718550,0
718551,13
718552,0
718553,0
718554,13
718555,0
718556,0
718557,0
718558,0
718559,0
718560,0
718561,0
718562,9
718563,10
718564,16
718565,0
718566,0
718567,0
718568,0
718569,0
718570,0
718571,0
718572,0
718573,0
718574,0
718575,0
718576,0
718577,0
718578,0
718579,0
718580,0
718581,0
718582,0
718583,0
718584,0
718585,0
718586,0
718587,0
718588,0
718589,0
718590,0
718591,0
718592,0
718593,0
718594,9
718595,15
718596,0
718597,0
718598,0
718599,22
718600,0
718601,9
718602,0
718603,0
718604,16
718605,11
718606,0
718607,0
718608,0
718609,0
718610,0
718611,0
718612,0
718613,9
718614,0
718615,0
718616,0
718617,0
718618,0
718619,0
718620,13
718621,8
718622,0
718623,12
718624,11
718625,0
718626,17
718627,0
718628,14
718629,0
718630,0
718631,0
718632,17
718633,0
718634,13
718635,0
718636,0
718637,0
718638,0
718639,0
718640,0
718641,10
718642,0
718643,0
718644,0
718645,0
718646,0
718647,9
718648,0
718649,0
718650,10
718651,0
718652,0
718653,0
718654,0
718655,0
718656,3
718657,7
718658,0
718659,0
718660,0
718661,0
718662,0
718663,5
718664,6
718665,0
718666,0
718667,9
718668,16
718669,0
718670,0
718671,9
718672,0
718673,12
718674,0
718675,0
718676,0
718677,0
718678,0
718679,0
718680,10
718681,0
718682,0
718683,0
718684,0
718685,0
718686,0
718687,0
718688,0
718689,0
718690,0
718691,0
718692,0
718693,0
718694,11
718695,11
718696,0
718697,9
718698,0
718699,0
718700,0
718701,0
718702,7
718703,0
718704,14
718705,8
718706,0
718707,0
718708,0
718709,0
718710,0
718711,0
718712,11
718713,0
718714,12
718715,0
718716,0
718717,10
718718,0
718719,0
718720,0
718721,0
718722,0
718723,0
718724,0
718725,0
718726,0
718727,0
718728,0
718729,6
718730,0
718731,0
718732,10
718733,0
718734,0
718735,0
718736,17
718737,0
718738,0
718739,0
718740,0
718741,0
718742,8
718743,12
718744,0
718745,0
718746,10
718747,0
718748,9
718749,0
718750,0
718751,12
718752,7
718753,14
718754,0
718755,0
718756,10
718757,12
718758,0
718759,0
718760,0
718761,0
718762,0
718763,10
718764,0
718765,12
718766,17
718767,0
718768,0
718769,0
718770,0
718771,0
718772,0
718773,0
718774,0
718775,9
718776,0
718777,0
718778,0
718779,0
718780,6
718781,0
718782,0
718783,9
718784,0
718785,7
718786,0
718787,0
718788,0
718789,0
718790,0
718791,0
718792,0
718793,0
718794,0
718795,0
718796,0
718797,0
718798,0
718799,8
718800,12
718801,0
718802,0
718803,0
718804,0
718805,9
718806,11
718807,0
718808,0
718809,0
718810,0
718811,0
718812,0
718813,12
718814,0
718815,0
718816,7
718817,0
718818,20
718819,0
718820,0
718821,9
718822,12
718823,0
718824,0
718825,11
718826,16
718827,0
718828,0
718829,0
718830,0
718831,0
718832,0
718833,0
718834,14
718835,20
718836,0
718837,0
718838,0
718839,0
718840,0
718841,0
718842,0
718843,0
718844,0
718845,0
718846,0
718847,0
718848,0
718849,0
718850,9
718851,0
718852,13
718853,0
718854,13
718855,5
718856,0
718857,0
718858,0
718859,8
718860,0
718861,0
718862,0
718863,0
718864,0
718865,0
718866,0
718867,12
718868,0
718869,14
718870,11
718871,0
718872,0
718873,8
718874,0
718875,0
718876,0
718877,0
718878,0
718879,0
718880,11
718881,0
718882,0
718883,0
718884,0
718885,0
718886,0
718887,0
718888,0
718889,0
718890,14
718891,0
718892,9
718893,11
718894,14
718895,0
718896,0
718897,14
718898,0
718899,0
718900,0
718901,0
718902,0
718903,0
718904,0
718905,11
718906,0
718907,0
718908,0
718909,14
718910,0
718911,0
718912,0
718913,9
718914,0
718915,0
718916,0
718917,11
718918,0
718919,0
718920,5
718921,0
718922,0
718923,0
718924,0
718925,0
718926,13
718927,0
718928,10
718929,0
718930,0
718931,0
718932,0
718933,14
718934,0
718935,0
718936,12
718937,0
718938,0
718939,0
718940,9
718941,0
718942,11
718943,16
718944,0
718945,0
718946,0
718947,0
718948,0
718949,0
718950,0
718951,22
718952,15
718953,14
718954,12
718955,0
718956,0
718957,0
718958,0
718959,0
718960,0
718961,0
718962,0
718963,0
718964,0
718965,0
718966,0
718967,0
718968,0
718969,0
718970,0
718971,0
718972,0
718973,0
718974,11
718975,0
718976,0
718977,10
718978,11
718979,12
718980,10
718981,0
718982,0
718983,0
718984,0
718985,0
718986,0
718987,0
718988,0
718989,0
718990,6
718991,0
718992,0
718993,0
718994,0
718995,0
718996,0
718997,0
718998,0
718999,0
719000,0
719001,0
719002,0
719003,0
719004,0
719005,0
719006,0
719007,0
719008,0
719009,0
719010,0
719011,0
719012,0
719013,0
719014,0
719015,0
719016,0
719017,0
719018,0
719019,0
719020,0
719021,0
719022,0
719023,0
719024,0
719025,0
719026,0
719027,0
719028,0
719029,0
719030,0
719031,0
719032,0
719033,0
719034,0
719035,0
719036,0
719037,32
719038,0
719039,34
719040,0
719041,45
719042,0
719043,53
719044,39
719045,0
719046,0
719047,0
719048,0
719049,0
719050,0
719051,0
719052,40
719053,0
719054,0
719055,0
719056,31
719057,0
719058,0
719059,44
719060,33
719061,0
719062,0
719063,25
719064,29
719065,0
719066,45
719067,0
719068,0
719069,0
719070,0
719071,27
719072,35
719073,0
719074,0
719075,32
719076,0
719077,0
719078,0
719079,0
719080,0
719081,0
719082,30
719083,0
719084,0
719085,0
719086,0
719087,0
719088,42
719089,0
719090,0
719091,0
719092,0
719093,0
719094,0
719095,0
719096,0
719097,0
719098,0
719099,0
719100,41
719101,0
719102,35
719103,0
719104,0
719105,0
719106,0
719107,0
719108,0
719109,37
719110,0
719111,0
719112,32
719113,43
719114,0
719115,0
719116,0
719117,0
719118,0
719119,0
719120,0
719121,40
719122,0
719123,41
719124,0
719125,0
719126,0
719127,27
719128,0
719129,0
719130,0
719131,0
719132,27
719133,0
719134,0
719135,31
719136,0
719137,0
719138,0
719139,0
719140,36
719141,33
719142,29
719143,0
719144,0
719145,42
719146,0
719147,0
719148,0
719149,0
719150,47
719151,0
719152,39
719153,0
719154,0
719155,43
719156,32
719157,47
719158,0
719159,0
719160,0
719161,0
719162,0
719163,43
719164,44
719165,0
719166,0
719167,38
719168,40
719169,0
719170,0
719171,0
719172,32
719173,0
719174,0
719175,0
719176,0
719177,0
719178,0
719179,0
719180,38
719181,30
719182,0
719183,0
719184,0
719185,37
719186,0
719187,0
719188,43
719189,39
719190,0
719191,33
719192,0
719193,0
719194,32
719195,44
719196,32
719197,0
719198,54
719199,0
719200,43
719201,0
719202,0
719203,46
719204,0
719205,40
719206,35
719207,0
719208,0
719209,0
719210,0
719211,0
719212,0
719213,28
719214,0
719215,0
719216,27
719217,0
719218,0
719219,0
719220,0
719221,36
719222,0
719223,0
719224,0
719225,0
719226,0
719227,0
719228,0
719229,0
719230,0
719231,0
719232,46
719233,0
719234,0
719235,52
719236,0
719237,0
719238,0
719239,0
719240,0
719241,0
719242,0
719243,49
719244,36
719245,0
719246,40
719247,0
719248,39
719249,0
719250,30
719251,0
719252,0
719253,44
719254,24
719255,49
719256,0
719257,26
719258,0
719259,42
719260,0
719261,0
719262,36
719263,23
719264,35
719265,37
719266,46
719267,0
719268,29
719269,0
719270,0
719271,0
719272,27
719273,0
719274,0
719275,0
719276,0
719277,0
719278,28
719279,0
719280,33
719281,44
719282,0
719283,0
719284,0
719285,37
719286,0
719287,0
719288,0
719289,0
719290,0
719291,33
719292,24
719293,0
719294,0
719295,0
719296,0
719297,0
719298,0
719299,33
719300,0
719301,0
719302,0
719303,0
719304,0
719305,0
719306,0
719307,0
719308,0
719309,0
719310,40
719311,37
719312,0
719313,0
719314,0
719315,28
719316,0
719317,0
719318,0
719319,0
719320,28
719321,0
719322,0
719323,0
719324,0
719325,29
719326,40
719327,0
719328,0
719329,0
719330,0
719331,30
719332,0
719333,31
719334,0
719335,35
719336,0
719337,0
719338,0
719339,33
719340,0
719341,0
719342,0
719343,29
719344,0
719345,0
719346,23
719347,0
719348,0
719349,0
719350,0
719351,37
719352,59
719353,0
719354,0
719355,0
719356,0
719357,0
719358,0
719359,0
719360,28
719361,0
719362,24
719363,0
719364,0
719365,21
719366,0
719367,26
719368,0
719369,0
719370,0
719371,31
719372,0
719373,0
719374,0
719375,0
719376,27
719377,40
719378,37
719379,0
719380,34
719381,0
719382,0
719383,0
719384,34
719385,39
719386,0
719387,0
719388,0
719389,0
719390,0
719391,51
719392,0
719393,0
719394,35
719395,40
719396,0
719397,47
719398,0
719399,39
719400,0
719401,0
719402,39
719403,42
719404,36
719405,0
719406,0
719407,28
719408,0
719409,30
719410,0
719411,0
719412,0
719413,0
719414,0
719415,0
719416,0
719417,0
719418,30
719419,0
719420,0
719421,42
719422,0
719423,43
719424,41
719425,0
719426,29
719427,42
719428,0
719429,0
719430,0
719431,0
719432,0
719433,0
719434,0
719435,0
719436,0
719437,0
719438,0
719439,0
719440,0
719441,0
719442,33
719443,34
719444,44
719445,0
719446,34
719447,0
719448,29
719449,0
719450,0
719451,34
719452,0
719453,0
719454,0
719455,0
719456,0
719457,0
719458,0
719459,0
719460,27
719461,0
719462,0
719463,0
719464,35
719465,0
719466,38
719467,0
719468,32
719469,0
719470,35
719471,0
719472,0
719473,43
719474,0
719475,0
719476,43
719477,0
719478,0
719479,42
719480,0
719481,0
719482,0
719483,29
719484,0
719485,0
719486,0
719487,0
719488,43
719489,0
719490,0
719491,28
719492,30
719493,0
719494,0
719495,0
719496,0
719497,0
719498,0
719499,29
719500,0
719501,0
719502,20
719503,35
719504,41
719505,44
719506,30
719507,0
719508,0
719509,0
719510,25
719511,0
719512,0
719513,40
719514,0
719515,0
719516,0
719517,0
719518,0
719519,0
719520,0
719521,0
719522,0
719523,37
719524,43
719525,0
719526,41
719527,41
719528,0
719529,41
719530,0
719531,0
719532,0
719533,0
719534,0
719535,0
719536,0
719537,0
719538,0
719539,0
719540,0
719541,0
719542,0
719543,0
719544,0
719545,20
719546,0
719547,0
719548,22
719549,0
719550,0
719551,0
719552,0
719553,21
719554,17
719555,0
719556,0
719557,0
719558,0
719559,0
719560,0
719561,0
719562,0
719563,0
719564,23
719565,0
719566,22
719567,0
719568,15
719569,0
719570,37
719571,0
719572,0
719573,0
719574,0
719575,0
719576,23
719577,24
719578,0
719579,0
719580,24
719581,0
719582,33
719583,0
719584,0
719585,19
719586,0
719587,0
719588,0
719589,39
719590,0
719591,0
719592,0
719593,0
719594,0
719595,35
719596,0
719597,0
719598,0
719599,29
719600,0
719601,0
719602,0
719603,20
719604,0
719605,0
719606,0
719607,0
719608,26
719609,0
719610,0
719611,0
719612,0
719613,0
719614,0
719615,20
719616,0
719617,0
719618,21
719619,29
719620,0
719621,0
719622,0
719623,0
719624,0
719625,0
719626,33
719627,0
719628,24
719629,0
719630,0
719631,0
719632,0
719633,0
719634,0
719635,0
719636,0
719637,0
719638,0
719639,0
719640,0
719641,0
719642,0
719643,0
719644,0
719645,0
719646,0
719647,0
719648,0
719649,0
719650,0
719651,0
719652,25
719653,0
719654,24
719655,0
719656,27
719657,0
719658,23
719659,22
719660,0
719661,25
719662,0
719663,0
719664,0
719665,0
719666,0
719667,0
719668,0
719669,0
719670,0
719671,24
719672,0
719673,0
719674,0
719675,0
719676,0
719677,0
719678,32
719679,0
719680,31
719681,0
719682,18
719683,0
719684,0
719685,0
719686,0
719687,26
719688,0
719689,0
719690,0
719691,0
719692,0
719693,0
719694,20
719695,0
719696,0
719697,0
719698,28
719699,0
719700,0
719701,0
719702,0
719703,0
719704,0
719705,0
719706,0
719707,42
719708,41
719709,33
719710,33
719711,0
719712,0
719713,0
719714,0
719715,0
719716,0
719717,0
719718,0
719719,32
719720,0
719721,0
719722,0
719723,25
719724,0
719725,0
719726,0
719727,0
719728,37
719729,0
719730,0
719731,0
719732,0
719733,0
719734,0
719735,0
719736,34
719737,0
719738,36
719739,29
719740,0
719741,48
719742,36
719743,0
719744,0
719745,0
719746,29
719747,0
719748,0
719749,26
719750,0
719751,0
719752,0
719753,0
719754,0
719755,0
719756,0
719757,0
719758,0
719759,0
719760,0
719761,32
719762,0
719763,33
719764,0
719765,0
719766,0
719767,0
719768,0
719769,0
719770,0
719771,0
719772,0
719773,0
719774,0
719775,15
719776,0
719777,0
719778,0
719779,26
719780,29
719781,0
719782,0
719783,39
719784,0
719785,0
719786,20
719787,0
719788,0
719789,0
719790,0
719791,0
719792,0
719793,0
719794,0
719795,26
719796,0
719797,0
719798,25
719799,0
719800,0
719801,0
719802,28
719803,0
719804,0
719805,30
719806,0
719807,0
719808,30
719809,0
719810,0
719811,0
719812,0
719813,0
719814,0
719815,0
719816,0
719817,0
719818,0
719819,0
719820,0
719821,0
719822,0
719823,0
719824,0
719825,44
719826,0
719827,0
719828,0
719829,0
719830,0
719831,0
719832,0
719833,0
719834,0
719835,0
719836,0
719837,27
719838,31
719839,0
719840,0
719841,0
719842,0
719843,0
719844,0
719845,0
719846,0
719847,0
719848,0
719849,0
719850,0
719851,25
719852,0
719853,42
719854,0
719855,0
719856,0
719857,0
719858,0
719859,0
719860,0
719861,0
719862,0
719863,0
719864,22
719865,0
719866,0
719867,28
719868,30
719869,0
719870,0
719871,0
719872,0
719873,0
719874,0
719875,23
719876,0
719877,0
719878,0
719879,0
719880,0
719881,0
719882,29
719883,0
719884,0
719885,0
719886,30
719887,25
719888,0
719889,0
719890,0
719891,0
719892,0
719893,0
719894,0
719895,0
719896,0
719897,0
719898,33
719899,0
719900,0
719901,20
719902,0
719903,0
719904,0
719905,0
719906,0
719907,0
719908,0
719909,28
719910,0
719911,0
719912,0
719913,0
719914,0
719915,0
719916,0
719917,0
719918,0
719919,33
719920,0
719921,0
719922,0
719923,0
719924,0
719925,0
719926,0
719927,26
719928,0
719929,31
719930,0
719931,0
719932,0
719933,0
719934,0
719935,0
719936,30
719937,0
719938,0
719939,0
719940,29
719941,0
719942,36
719943,26
719944,0
719945,0
719946,0
719947,0
719948,0
719949,0
719950,0
719951,0
719952,0
719953,32
719954,0
719955,0
719956,0
719957,0
719958,0
719959,0
719960,0
719961,0
719962,30
719963,0
719964,0
719965,0
719966,0
719967,0
719968,0
719969,0
719970,0
719971,0
719972,0
719973,0
719974,0
719975,0
719976,0
719977,0
719978,22
719979,0
719980,26
719981,0
719982,28
719983,0
719984,0
719985,0
719986,0
719987,0
719988,0
719989,30
719990,0
719991,0
719992,0
719993,0
719994,0
719995,0
719996,0
719997,28
719998,0
719999,0
720000,0
720001,0
720002,0
720003,0
720004,0
720005,0
720006,0
720007,0
720008,0
720009,0
720010,0
720011,36
720012,0
720013,0
720014,0
720015,0
720016,0
720017,0
720018,0
720019,0
720020,0
720021,0
720022,0
720023,0
720024,0
720025,0
720026,0
720027,0
720028,0
720029,0
720030,0
720031,0
720032,0
720033,0
720034,0
720035,0
720036,0
720037,0
720038,0
720039,0
720040,0
720041,0
720042,0
720043,31
720044,27
720045,0
720046,0
720047,0
720048,0
720049,0
720050,0
720051,0
720052,0
720053,0
720054,0
720055,0
720056,0
720057,0
720058,27
720059,0
720060,0
720061,0
720062,0
720063,0
720064,32
720065,0
720066,31
720067,0
720068,0
720069,0
720070,30
720071,0
720072,0
720073,0
720074,0
720075,0
720076,41
720077,26
720078,0
720079,0
720080,0
720081,31
720082,0
720083,0
720084,0
720085,0
720086,0
720087,0
720088,0
720089,0
720090,0
720091,0
720092,0
720093,0
720094,0
720095,0
720096,0
720097,0
720098,30
720099,0
720100,0
720101,0
720102,23
720103,0
720104,0
720105,41
720106,0
720107,0
720108,0
720109,0
720110,0
720111,0
720112,0
720113,0
720114,0
720115,0
720116,25
720117,0
720118,0
720119,24
720120,0
720121,0
720122,0
720123,0
720124,0
720125,0
720126,0
720127,0
720128,0
720129,0
720130,0
720131,0
720132,0
720133,0
720134,45
720135,0
720136,49
720137,0
720138,0
720139,0
720140,0
720141,0
720142,0
720143,0
720144,0
720145,0
720146,0
720147,0
720148,0
720149,0
720150,0
720151,0
720152,0
720153,0
720154,0
720155,0
720156,31
720157,0
720158,0
720159,24
720160,40
720161,0
720162,0
720163,0
720164,0
720165,0
720166,0
720167,0
720168,0
720169,0
720170,0
720171,0
720172,0
720173,0
720174,0
720175,0
720176,0
720177,0
720178,0
720179,0
720180,0
720181,0
720182,0
720183,0
720184,0
720185,0
720186,0
720187,0
720188,0
720189,0
720190,0
720191,30
720192,0
720193,0
720194,0
720195,32
720196,0
720197,0
720198,0
720199,0
720200,0
720201,0
720202,0
720203,0
720204,0
720205,0
720206,0
720207,0
720208,0
720209,0
720210,0
720211,0
720212,0
720213,0
720214,0
720215,0
720216,0
720217,0
720218,0
720219,24
720220,0
720221,0
720222,0
720223,0
720224,0
720225,0
720226,0
720227,0
720228,0
720229,0
720230,0
720231,0
720232,0
720233,0
720234,0
720235,0
720236,0
720237,0
720238,29
720239,0
720240,0
720241,0
720242,0
720243,0
720244,0
720245,0
720246,0
720247,0
720248,21
720249,28
720250,23
720251,0
720252,0
720253,0
720254,24
720255,31
720256,0
720257,38
720258,0
720259,0
720260,0
720261,0
720262,0
720263,0
720264,25
720265,0
720266,0
720267,24
720268,28
720269,0
720270,0
720271,0
720272,0
720273,19
720274,0
720275,0
720276,0
720277,0
720278,0
720279,26
720280,0
720281,0
720282,28
720283,24
720284,0
720285,0
720286,0
720287,0
720288,0
720289,0
720290,0
720291,0
720292,0
720293,33
720294,25
720295,0
720296,33
720297,24
720298,0
720299,0
720300,0
720301,14
720302,0
720303,0
720304,60
720305,0
720306,0
720307,0
720308,31
720309,0
720310,0
720311,0
720312,31
720313,0
720314,0
720315,0
720316,0
720317,0
720318,0
720319,0
720320,0
720321,0
720322,0
720323,0
720324,0
720325,39
720326,0
720327,0
720328,0
720329,0
720330,0
720331,0
720332,0
720333,0
720334,0
720335,0
720336,0
720337,0
720338,0
720339,0
720340,0
720341,45
720342,0
720343,0
720344,0
720345,0
720346,0
720347,48
720348,0
720349,0
720350,0
720351,0
720352,0
720353,0
720354,47
720355,14
720356,0
720357,41
720358,0
720359,0
720360,23
720361,31
720362,0
720363,0
720364,0
720365,0
720366,0
720367,0
720368,0
720369,0
720370,0
720371,0
720372,0
720373,0
720374,0
720375,0
720376,0
720377,0
720378,0
720379,0
720380,0
720381,0
720382,0
720383,34
720384,46
720385,0
720386,0
720387,34
720388,0
720389,0
720390,0
720391,30
720392,0
720393,47
720394,0
720395,0
720396,0
720397,0
720398,0
720399,53
720400,0
720401,0
720402,0
720403,0
720404,0
720405,0
720406,0
720407,0
720408,0
720409,15
720410,24
720411,0
720412,27
720413,0
720414,0
720415,0
720416,0
720417,0
720418,0
720419,0
720420,29
720421,57
720422,0
720423,0
720424,0
720425,0
720426,0
720427,0
720428,0
720429,0
720430,0
720431,0
720432,0
720433,0
720434,0
720435,0
720436,0
720437,0
720438,0
720439,0
720440,0
720441,29
720442,0
720443,0
720444,0
720445,0
720446,0
720447,0
720448,0
720449,0
720450,0
720451,0
720452,0
720453,0
720454,0
720455,0
720456,46
720457,0
720458,32
720459,0
720460,0
720461,0
720462,0
720463,0
720464,46
720465,0
720466,0
720467,0
720468,0
720469,0
720470,0
720471,0
720472,0
720473,0
720474,0
720475,0
720476,0
720477,0
720478,28
720479,0
720480,0
720481,0
720482,0
720483,0
720484,13
720485,0
720486,0
720487,0
720488,0
720489,0
720490,0
720491,0
720492,0
720493,0
720494,0
720495,0
720496,0
720497,0
720498,0
720499,0
720500,0
720501,0
720502,0
720503,0
720504,0
720505,0
720506,0
720507,0
720508,0
720509,0
720510,0
720511,0
720512,0
720513,0
720514,0
720515,0
720516,0
720517,0
720518,0
720519,0
720520,0
720521,0
720522,0
720523,0
720524,0
720525,0
720526,0
720527,0
720528,0
720529,0
720530,0
720531,0
720532,0
720533,0
720534,0
720535,11
720536,0
720537,0
720538,0
720539,0
720540,0
720541,0
720542,0
720543,0
720544,0
720545,0
720546,0
720547,0
720548,0
720549,5
720550,0
720551,0
720552,0
720553,0
720554,0
720555,0
720556,0
720557,0
720558,0
720559,0
720560,0
720561,0
720562,0
720563,0
720564,0
720565,0
720566,0
720567,0
720568,0
720569,0
720570,0
720571,0
720572,0
720573,0
720574,0
720575,0
720576,0
720577,0
720578,0
720579,0
720580,0
720581,0
720582,0
720583,0
720584,0
720585,0
720586,0
720587,5
720588,0
720589,0
720590,0
720591,0
720592,0
720593,0
720594,0
720595,0
720596,0
720597,0
720598,0
720599,10
720600,0
720601,0
720602,0
720603,0
720604,4
720605,0
720606,0
720607,0
720608,0
720609,0
720610,0
720611,0
720612,0
720613,0
720614,0
720615,0
720616,0
720617,0
720618,0
720619,0
720620,0
720621,0
720622,0
720623,0
720624,0
720625,0
720626,0
720627,0
720628,0
720629,0
720630,0
720631,0
720632,0
720633,0
720634,0
720635,7
720636,0
720637,0
720638,0
720639,0
720640,0
720641,0
720642,0
720643,0
720644,0
720645,0
720646,0
720647,0
720648,0
720649,0
720650,0
720651,0
720652,0
720653,0
720654,0
720655,0
720656,0
720657,0
720658,0
720659,0
720660,0
720661,0
720662,0
720663,0
720664,0
720665,0
720666,0
720667,0
720668,0
720669,2
720670,0
720671,0
720672,0
720673,0
720674,0
720675,0
720676,0
720677,0
720678,0
720679,0
720680,0
720681,0
720682,0
720683,9
720684,0
720685,0
720686,0
720687,0
720688,0
720689,0
720690,0
720691,0
720692,0
720693,0
720694,0
720695,0
720696,0
720697,0
720698,0
720699,0
720700,6
720701,0
720702,0
720703,0
720704,0
720705,0
720706,0
720707,0
720708,0
720709,0
720710,0
720711,0
720712,0
720713,0
720714,0
720715,0
720716,0
720717,0
720718,0
720719,0
720720,0
720721,0
720722,0
720723,0
720724,0
720725,0
720726,0
720727,0
720728,0
720729,0
720730,0
720731,0
720732,0
720733,0
720734,0
720735,0
720736,0
720737,0
720738,0
720739,0
720740,0
720741,0
720742,0
720743,0
720744,0
720745,0
720746,0
720747,0
720748,0
720749,0
720750,0
720751,0
720752,0
720753,6
720754,0
720755,0
720756,0
720757,0
720758,0
720759,0
720760,0
720761,0
720762,0
720763,0
720764,0
720765,0
720766,0
720767,0
720768,0
720769,0
720770,0
720771,0
720772,0
720773,0
720774,0
720775,0
720776,0
720777,0
720778,0
720779,0
720780,2
720781,0
720782,0
720783,0
720784,0
720785,0
720786,18
720787,0
720788,0
720789,0
720790,0
720791,0
720792,0
720793,0
720794,0
720795,0
720796,0
720797,0
720798,0
720799,0
720800,0
720801,8
720802,0
720803,0
720804,0
720805,7
720806,0
720807,0
720808,0
720809,0
720810,0
720811,0
720812,0
720813,0
720814,0
720815,8
720816,0
720817,0
720818,0
720819,0
720820,0
720821,0
720822,0
720823,0
720824,0
720825,0
720826,0
720827,0
720828,0
720829,0
720830,0
720831,0
720832,0
720833,6
720834,0
720835,0
720836,0
720837,0
720838,0
720839,0
720840,0
720841,0
720842,0
720843,0
720844,0
720845,0
720846,0
720847,0
720848,0
720849,0
720850,0
720851,4
720852,0
720853,0
720854,0
720855,0
720856,0
720857,0
720858,0
720859,0
720860,0
720861,0
720862,0
720863,0
720864,0
720865,0
720866,0
720867,0
720868,0
720869,0
720870,0
720871,9
720872,0
720873,0
720874,0
720875,0
720876,0
720877,0
720878,0
720879,0
720880,0
720881,0
720882,0
720883,0
720884,0
720885,0
720886,0
720887,0
720888,5
720889,0
720890,0
720891,0
720892,0
720893,0
720894,0
720895,0
720896,0
720897,0
720898,0
720899,0
720900,0
720901,0
720902,0
720903,0
720904,0
720905,0
720906,0
720907,0
720908,0
720909,0
720910,0
720911,0
720912,5
720913,0
720914,6
720915,0
720916,0
720917,0
720918,5
720919,0
720920,0
720921,0
720922,0
720923,0
720924,5
720925,0
720926,3
720927,0
720928,0
720929,0
720930,0
720931,5
720932,0
720933,0
720934,0
720935,0
720936,0
720937,0
720938,0
720939,0
720940,0
720941,0
720942,0
720943,0
720944,0
720945,0
720946,0
720947,0
720948,0
720949,9
720950,0
720951,0
720952,0
720953,0
720954,0
720955,4
720956,0
720957,0
720958,0
720959,0
720960,0
720961,0
720962,0
720963,0
720964,0
720965,0
720966,0
720967,0
720968,0
720969,0
720970,0
720971,0
720972,0
720973,0
720974,0
720975,0
720976,0
720977,0
720978,0
720979,0
720980,0
720981,0
720982,0
720983,0
720984,0
720985,0
720986,0
720987,0
720988,0
720989,0
720990,0
720991,0
720992,0
720993,8
720994,0
720995,0
720996,0
720997,0
720998,0
720999,0
721000,0
721001,0
721002,7
721003,0
721004,0
721005,0
721006,0
721007,0
721008,1
721009,0
721010,0
721011,0
721012,10
721013,0
721014,0
721015,0
721016,0
721017,0
721018,0
721019,0
721020,0
721021,0
721022,0
721023,0
721024,0
721025,0
721026,0
721027,0
721028,0
721029,0
721030,0
721031,0
721032,0
721033,0
721034,0
721035,0
721036,0
721037,0
721038,0
721039,0
721040,8
721041,0
721042,0
721043,0
721044,0
721045,0
721046,0
721047,0
721048,0
721049,0
721050,0
721051,0
721052,0
721053,0
721054,0
721055,0
721056,0
721057,0
721058,0
721059,0
721060,0
721061,0
721062,0
721063,0
721064,0
721065,0
721066,0
721067,0
721068,0
721069,0
721070,0
721071,0
721072,0
721073,0
721074,0
721075,0
721076,0
721077,0
721078,0
721079,0
721080,11
721081,0
721082,0
721083,0
721084,0
721085,0
721086,0
721087,0
721088,0
721089,0
721090,0
721091,0
721092,0
721093,0
721094,0
721095,0
721096,5
721097,13
721098,0
721099,0
721100,0
721101,0
721102,0
721103,0
721104,0
721105,0
721106,0
721107,0
721108,0
721109,6
721110,3
721111,0
721112,0
721113,0
721114,0
721115,0
721116,0
721117,0
721118,12
721119,0
721120,0
721121,0
721122,0
721123,0
721124,0
721125,0
721126,0
721127,0
721128,0
721129,0
721130,0
721131,0
721132,0
721133,0
721134,12
721135,0
721136,0
721137,0
721138,0
721139,0
721140,0
721141,0
721142,0
721143,0
721144,0
721145,0
721146,0
721147,0
721148,0
721149,0
721150,0
721151,0
721152,0
721153,0
721154,0
721155,0
721156,0
721157,0
721158,0
721159,0
721160,0
721161,0
721162,0
721163,0
721164,0
721165,0
721166,0
721167,0
721168,0
721169,0
721170,0
721171,0
721172,0
721173,0
721174,0
721175,0
721176,0
721177,0
721178,0
721179,0
721180,0
721181,0
721182,0
721183,0
721184,0
721185,0
721186,0
721187,0
721188,0
721189,0
721190,0
721191,0
721192,0
721193,0
721194,0
721195,0
721196,0
721197,0
721198,0
721199,0
721200,0
721201,0
721202,0
721203,0
721204,0
721205,0
721206,0
721207,0
721208,0
721209,0
721210,0
721211,0
721212,0
721213,0
721214,0
721215,0
721216,0
721217,0
721218,0
721219,0
721220,0
721221,6
721222,0
721223,7
721224,0
721225,0
721226,0
721227,0
721228,0
721229,0
721230,0
721231,0
721232,0
721233,0
721234,0
721235,10
721236,0
721237,0
721238,0
721239,0
721240,0
721241,0
721242,0
721243,0
721244,0
721245,0
721246,0
721247,0
721248,0
721249,0
721250,0
721251,0
721252,0
721253,0
721254,12
721255,0
721256,0
721257,0
721258,0
721259,0
721260,0
721261,0
721262,0
721263,0
721264,0
721265,8
721266,0
721267,0
721268,0
721269,0
721270,0
721271,0
721272,0
721273,0
721274,0
721275,0
721276,0
721277,0
721278,0
721279,0
721280,0
721281,7
721282,3
721283,0
721284,0
721285,0
721286,0
721287,0
721288,0
721289,0
721290,0
721291,0
721292,0
721293,0
721294,0
721295,0
721296,0
721297,0
721298,0
721299,0
721300,0
721301,0
721302,0
721303,0
721304,11
721305,0
721306,0
721307,0
721308,0
721309,0
721310,0
721311,0
721312,0
721313,0
721314,0
721315,0
721316,0
721317,0
721318,0
721319,17
721320,0
721321,0
721322,0
721323,0
721324,0
721325,0
721326,0
721327,0
721328,0
721329,0
721330,0
721331,11
721332,0
721333,0
721334,0
721335,0
721336,0
721337,0
721338,0
721339,0
721340,0
721341,0
721342,0
721343,0
721344,0
721345,0
721346,0
721347,0
721348,0
721349,0
721350,0
721351,0
721352,0
721353,0
721354,0
721355,0
721356,0
721357,0
721358,0
721359,0
721360,0
721361,0
721362,0
721363,0
721364,9
721365,0
721366,0
721367,0
721368,0
721369,0
721370,0
721371,0
721372,0
721373,0
721374,0
721375,0
721376,0
721377,0
721378,0
721379,0
721380,0
721381,0
721382,0
721383,0
721384,8
721385,0
721386,0
721387,0
721388,7
721389,0
721390,0
721391,0
721392,0
721393,0
721394,0
721395,0
721396,0
721397,0
721398,0
721399,0
721400,0
721401,0
721402,0
721403,0
721404,0
721405,0
721406,0
721407,0
721408,0
721409,0
721410,0
721411,0
721412,0
721413,0
721414,0
721415,0
721416,0
721417,0
721418,0
721419,0
721420,0
721421,0
721422,0
721423,0
721424,41
721425,0
721426,0
721427,0
721428,0
721429,0
721430,0
721431,0
721432,0
721433,0
721434,0
721435,0
721436,0
721437,0
721438,0
721439,0
721440,0
721441,0
721442,30
721443,0
721444,0
721445,0
721446,0
721447,0
721448,0
721449,0
721450,0
721451,0
721452,0
721453,0
721454,0
721455,0
721456,0
721457,0
721458,0
721459,0
721460,0
721461,0
721462,21
721463,0
721464,0
721465,0
721466,35
721467,0
721468,0
721469,0
721470,0
721471,0
721472,0
721473,0
721474,0
721475,0
721476,0
721477,0
721478,0
721479,0
721480,0
721481,0
721482,0
721483,35
721484,0
721485,0
721486,0
721487,0
721488,0
721489,0
721490,0
721491,0
721492,0
721493,0
721494,0
721495,0
721496,0
721497,36
721498,0
721499,0
721500,0
721501,0
721502,0
721503,0
721504,0
721505,0
721506,0
721507,0
721508,0
721509,0
721510,0
721511,0
721512,0
721513,24
721514,0
721515,0
721516,0
721517,0
721518,0
721519,0
721520,0
721521,0
721522,0
721523,0
721524,0
721525,0
721526,0
721527,0
721528,0
721529,0
721530,0
721531,0
721532,0
721533,0
721534,0
721535,0
721536,23
721537,0
721538,0
721539,0
721540,0
721541,0
721542,0
721543,0
721544,0
721545,0
721546,0
721547,0
721548,0
721549,0
721550,0
721551,0
721552,28
721553,0
721554,38
721555,0
721556,0
721557,0
721558,0
721559,0
721560,0
721561,0
721562,0
721563,0
721564,0
721565,0
721566,0
721567,0
721568,0
721569,0
721570,0
721571,0
721572,0
721573,0
721574,0
721575,0
721576,0
721577,0
721578,39
721579,32
721580,0
721581,0
721582,0
721583,0
721584,0
721585,33
721586,0
721587,0
721588,0
721589,0
721590,0
721591,0
721592,0
721593,0
721594,0
721595,0
721596,0
721597,25
721598,0
721599,0
721600,0
721601,0
721602,0
721603,0
721604,0
721605,0
721606,0
721607,0
721608,0
721609,0
721610,0
721611,0
721612,21
721613,0
721614,0
721615,27
721616,32
721617,0
721618,0
721619,0
721620,0
721621,0
721622,0
721623,0
721624,0
721625,0
721626,0
721627,0
721628,0
721629,0
721630,0
721631,0
721632,0
721633,0
721634,0
721635,0
721636,0
721637,0
721638,0
721639,0
721640,0
721641,0
721642,41
721643,0
721644,0
721645,0
721646,0
721647,0
721648,0
721649,0
721650,0
721651,0
721652,0
721653,0
721654,25
721655,0
721656,0
721657,0
721658,0
721659,0
721660,0
721661,0
721662,0
721663,0
721664,0
721665,0
721666,0
721667,0
721668,0
721669,42
721670,0
721671,0
721672,0
721673,0
721674,0
721675,0
721676,0
721677,0
721678,0
721679,0
721680,0
721681,0
721682,0
721683,0
721684,0
721685,0
721686,0
721687,0
721688,0
721689,0
721690,0
721691,28
721692,0
721693,0
721694,0
721695,0
721696,0
721697,0
721698,0
721699,0
721700,43
721701,0
721702,0
721703,0
721704,0
721705,34
721706,0
721707,0
721708,0
721709,0
721710,0
721711,0
721712,0
721713,0
721714,0
721715,0
721716,0
721717,0
721718,0
721719,0
721720,52
721721,0
721722,0
721723,30
721724,0
721725,0
721726,0
721727,0
721728,0
721729,0
721730,0
721731,0
721732,33
721733,0
721734,0
721735,0
721736,0
721737,27
721738,0
721739,0
721740,0
721741,0
721742,0
721743,0
721744,0
721745,0
721746,0
721747,0
721748,0
721749,0
721750,0
721751,0
721752,0
721753,0
721754,0
721755,0
721756,0
721757,0
721758,0
721759,0
721760,0
721761,32
721762,0
721763,23
721764,0
721765,0
721766,0
721767,27
721768,0
721769,0
721770,0
721771,0
721772,0
721773,0
721774,0
721775,0
721776,0
721777,0
721778,0
721779,0
721780,0
721781,0
721782,0
721783,0
721784,0
721785,0
721786,0
721787,0
721788,0
721789,0
721790,0
721791,0
721792,0
721793,0
721794,0
721795,0
721796,0
721797,0
721798,0
721799,0
721800,35
721801,0
721802,0
721803,0
721804,0
721805,0
721806,0
721807,0
721808,0
721809,0
721810,0
721811,0
721812,0
721813,0
721814,0
721815,0
721816,0
721817,0
721818,0
721819,0
721820,0
721821,0
721822,0
721823,0
721824,0
721825,0
721826,0
721827,0
721828,0
721829,0
721830,0
721831,0
721832,0
721833,0
721834,50
721835,0
721836,0
721837,0
721838,0
721839,0
721840,0
721841,0
721842,0
721843,0
721844,0
721845,0
721846,0
721847,0
721848,0
721849,0
721850,0
721851,0
721852,0
721853,0
721854,0
721855,0
721856,31
721857,0
721858,0
721859,0
721860,0
721861,0
721862,0
721863,0
721864,0
721865,0
721866,0
721867,0
721868,0
721869,0
721870,0
721871,0
721872,0
721873,0
721874,32
721875,0
721876,0
721877,0
721878,0
721879,0
721880,0
721881,0
721882,0
721883,0
721884,0
721885,0
721886,0
721887,0
721888,0
721889,0
721890,0
721891,0
721892,0
721893,0
721894,0
721895,0
721896,0
721897,0
721898,0
721899,0
721900,0
721901,0
721902,0
721903,0
721904,0
721905,0
721906,0
721907,0
721908,0
721909,0
721910,0
721911,0
721912,0
721913,0
721914,0
721915,0
721916,0
721917,0
721918,0
721919,0
721920,0
721921,0
721922,0
721923,0
721924,0
721925,23
721926,0
721927,0
721928,0
721929,0
721930,0
721931,0
721932,0
721933,0
721934,0
721935,0
721936,0
721937,0
721938,35
721939,0
721940,27
721941,0
721942,0
721943,0
721944,0
721945,0
721946,0
721947,0
721948,0
721949,0
721950,0
721951,0
721952,0
721953,31
721954,0
721955,0
721956,0
721957,0
721958,0
721959,0
721960,0
721961,0
721962,0
721963,0
721964,0
721965,0
721966,0
721967,0
721968,0
721969,0
721970,0
721971,0
721972,0
721973,0
721974,0
721975,0
721976,0
721977,0
721978,0
721979,0
721980,0
721981,0
721982,0
721983,0
721984,0
721985,0
721986,0
721987,0
721988,0
721989,0
721990,0
721991,0
721992,0
721993,0
721994,0
721995,0
721996,0
721997,0
721998,0
721999,0
722000,0
722001,37
722002,0
722003,0
722004,0
722005,0
722006,0
722007,0
722008,0
722009,0
722010,0
722011,0
722012,0
722013,0
722014,0
722015,0
722016,0
722017,0
722018,0
722019,0
722020,0
722021,0
722022,0
722023,0
722024,0
722025,0
722026,0
722027,0
722028,0
722029,0
722030,0
722031,0
722032,0
722033,0
722034,0
722035,0
722036,0
722037,0
722038,0
722039,0
722040,0
722041,0
722042,0
722043,0
722044,0
722045,0
722046,30
722047,0
722048,0
722049,0
722050,0
722051,0
722052,0
722053,0
722054,26
722055,0
722056,0
722057,0
722058,0
722059,0
722060,0
722061,0
722062,0
722063,0
722064,0
722065,0
722066,0
722067,0
722068,0
722069,0
722070,0
722071,0
722072,0
722073,0
722074,0
722075,0
722076,0
722077,0
722078,0
722079,0
722080,0
722081,0
722082,0
722083,0
722084,0
722085,0
722086,0
722087,0
722088,0
722089,36
722090,0
722091,0
722092,0
722093,0
722094,0
722095,0
722096,0
722097,0
722098,0
722099,0
722100,0
722101,0
722102,0
722103,0
722104,0
722105,0
722106,0
722107,0
722108,0
722109,0
722110,0
722111,0
722112,0
722113,0
722114,0
722115,0
722116,0
722117,0
722118,0
722119,0
722120,0
722121,0
722122,29
722123,0
722124,0
722125,0
722126,0
722127,0
722128,0
722129,0
722130,29
722131,0
722132,0
722133,0
722134,0
722135,0
722136,0
722137,0
722138,0
722139,0
722140,0
722141,0
722142,0
722143,0
722144,0
722145,0
722146,0
722147,0
722148,0
722149,0
722150,0
722151,0
722152,0
722153,0
722154,0
722155,0
722156,0
722157,36
722158,0
722159,0
722160,0
722161,0
722162,0
722163,0
722164,0
722165,0
722166,0
722167,0
722168,0
722169,0
722170,0
722171,0
722172,0
722173,0
722174,0
722175,0
722176,0
722177,0
722178,0
722179,0
722180,0
722181,44
722182,0
722183,0
722184,0
722185,0
722186,0
722187,0
722188,0
722189,0
722190,0
722191,0
722192,0
722193,0
722194,0
722195,0
722196,0
722197,0
722198,0
722199,0
722200,0
722201,0
722202,0
722203,0
722204,0
722205,0
722206,0
722207,0
722208,0
722209,0
722210,0
722211,0
722212,0
722213,0
722214,0
722215,0
722216,0
722217,0
722218,0
722219,28
722220,0
722221,0
722222,0
722223,0
722224,0
722225,0
722226,2
722227,0
722228,0
722229,0
722230,7
722231,0
722232,0
722233,0
722234,0
722235,0
722236,0
722237,0
722238,0
722239,0
722240,3
722241,0
722242,0
722243,0
722244,0
722245,0
722246,7
722247,12
722248,0
722249,0
722250,0
722251,0
722252,0
722253,0
722254,0
722255,0
722256,0
722257,0
722258,0
722259,0
722260,0
722261,11
722262,0
722263,0
722264,0
722265,0
722266,0
722267,0
722268,0
722269,0
722270,0
722271,0
722272,0
722273,8
722274,0
722275,0
722276,0
722277,0
722278,0
722279,4
722280,0
722281,0
722282,0
722283,0
722284,0
722285,0
722286,0
722287,0
722288,0
722289,0
722290,0
722291,4
722292,0
722293,0
722294,0
722295,0
722296,0
722297,0
722298,0
722299,0
722300,0
722301,0
722302,0
722303,0
722304,0
722305,0
722306,0
722307,1
722308,6
722309,0
722310,0
722311,0
722312,0
722313,0
722314,0
722315,0
722316,0
722317,0
722318,0
722319,0
722320,0
722321,0
722322,0
722323,0
722324,0
722325,0
722326,0
722327,0
722328,0
722329,0
722330,0
722331,0
722332,0
722333,0
722334,0
722335,5
722336,0
722337,0
722338,0
722339,12
722340,0
722341,0
722342,0
722343,0
722344,0
722345,0
722346,0
722347,0
722348,0
722349,0
722350,0
722351,0
722352,0
722353,0
722354,0
722355,0
722356,0
722357,0
722358,0
722359,4
722360,7
722361,0
722362,0
722363,0
722364,5
722365,0
722366,0
722367,0
722368,0
722369,0
722370,5
722371,0
722372,0
722373,1
722374,3
722375,0
722376,0
722377,0
722378,0
722379,0
722380,0
722381,4
722382,0
722383,0
722384,0
722385,0
722386,0
722387,0
722388,0
722389,0
722390,0
722391,0
722392,0
722393,0
722394,0
722395,0
722396,0
722397,0
722398,0
722399,0
722400,0
722401,0
722402,3
722403,0
722404,0
722405,0
722406,0
722407,0
722408,0
722409,0
722410,0
722411,0
722412,0
722413,0
722414,0
722415,0
722416,0
722417,0
722418,0
722419,0
722420,0
722421,0
722422,0
722423,0
722424,0
722425,0
722426,0
722427,3
722428,0
722429,0
722430,0
722431,0
722432,0
722433,5
722434,0
722435,12
722436,0
722437,0
722438,0
722439,0
722440,0
722441,0
722442,4
722443,0
722444,0
722445,0
722446,0
722447,0
722448,0
722449,0
722450,4
722451,0
722452,0
722453,0
722454,0
722455,0
722456,0
722457,0
722458,0
722459,0
722460,0
722461,0
722462,0
722463,0
722464,0
722465,0
722466,0
722467,0
722468,3
722469,0
722470,6
722471,0
722472,0
722473,0
722474,0
722475,0
722476,1
722477,0
722478,0
722479,0
722480,0
722481,0
722482,6
722483,0
722484,0
722485,0
722486,0
722487,0
722488,0
722489,0
722490,4
722491,0
722492,0
722493,0
722494,0
722495,0
722496,26
722497,0
722498,0
722499,0
722500,0
722501,0
722502,0
722503,26
722504,0
722505,13
722506,0
722507,0
722508,0
722509,0
722510,0
722511,0
722512,0
722513,0
722514,0
722515,0
722516,19
722517,0
722518,0
722519,0
722520,15
722521,0
722522,0
722523,0
722524,0
722525,0
722526,0
722527,0
722528,0
722529,0
722530,0
722531,21
722532,0
722533,0
722534,19
722535,0
722536,0
722537,20
722538,0
722539,17
722540,0
722541,8
722542,0
722543,0
722544,0
722545,0
722546,0
722547,0
722548,0
722549,18
722550,0
722551,0
722552,0
722553,21
722554,0
722555,20
722556,0
722557,0
722558,0
722559,0
722560,0
722561,30
722562,23
722563,0
722564,0
722565,0
722566,0
722567,0
722568,0
722569,0
722570,0
722571,22
722572,0
722573,0
722574,0
722575,0
722576,0
722577,0
722578,0
722579,0
722580,0
722581,0
722582,0
722583,0
722584,0
722585,0
722586,26
722587,0
722588,0
722589,0
722590,0
722591,0
722592,0
722593,0
722594,0
722595,0
722596,0
722597,0
722598,0
722599,19
722600,0
722601,0
722602,0
722603,0
722604,0
722605,0
722606,21
722607,0
722608,0
722609,18
722610,0
722611,0
722612,24
722613,0
722614,0
722615,0
722616,18
722617,0
722618,0
722619,0
722620,0
722621,24
722622,0
722623,0
722624,0
722625,0
722626,0
722627,0
722628,0
722629,26
722630,0
722631,0
722632,0
722633,15
722634,0
722635,0
722636,0
722637,0
722638,0
722639,0
722640,0
722641,0
722642,0
722643,0
722644,0
722645,0
722646,0
722647,0
722648,33
722649,0
722650,0
722651,0
722652,17
722653,0
722654,0
722655,0
722656,28
722657,0
722658,0
722659,0
722660,0
722661,0
722662,0
722663,0
722664,0
722665,0
722666,0
722667,0
722668,0
722669,16
722670,0
722671,0
722672,0
722673,0
722674,0
722675,0
722676,0
722677,17
722678,0
722679,21
722680,0
722681,0
722682,0
722683,0
722684,0
722685,0
722686,0
722687,0
722688,0
722689,0
722690,0
722691,0
722692,26
722693,0
722694,0
722695,0
722696,0
722697,0
722698,0
722699,0
722700,0
722701,0
722702,0
722703,0
722704,0
722705,0
722706,0
722707,0
722708,0
722709,0
722710,0
722711,0
722712,0
722713,0
722714,0
722715,0
722716,0
722717,0
722718,0
722719,0
722720,0
722721,0
722722,25
722723,0
722724,0
722725,0
722726,0
722727,0
722728,0
722729,0
722730,0
722731,0
722732,17
722733,0
722734,0
722735,0
722736,0
722737,0
722738,0
722739,0
722740,0
722741,0
722742,0
722743,0
722744,0
722745,17
722746,0
722747,25
722748,0
722749,0
722750,0
722751,0
722752,0
722753,0
722754,0
722755,26
722756,0
722757,0
722758,21
722759,0
722760,0
722761,19
722762,0
722763,0
722764,0
722765,0
722766,0
722767,0
722768,0
722769,0
722770,0
722771,0
722772,0
722773,26
722774,0
722775,0
722776,15
722777,0
722778,0
722779,0
722780,15
722781,0
722782,0
722783,0
722784,28
722785,0
722786,0
722787,0
722788,0
722789,29
722790,0
722791,0
722792,0
722793,0
722794,0
722795,0
722796,0
722797,16
722798,0
722799,0
722800,18
722801,0
722802,0
722803,0
722804,0
722805,0
722806,19
722807,0
722808,23
722809,0
722810,0
722811,0
722812,0
722813,16
722814,0
722815,0
722816,0
722817,21
722818,19
722819,0
722820,0
722821,11
722822,0
722823,23
722824,0
722825,0
722826,0
722827,0
722828,0
722829,0
722830,24
722831,0
722832,0
722833,0
722834,0
722835,0
722836,0
722837,0
722838,0
722839,0
722840,18
722841,0
722842,0
722843,0
722844,0
722845,0
722846,0
722847,0
722848,0
722849,0
722850,0
722851,0
722852,0
722853,0
722854,0
722855,18
722856,13
722857,20
722858,0
722859,0
722860,13
722861,0
722862,14
722863,0
722864,0
722865,0
722866,25
722867,0
722868,30
722869,0
722870,0
722871,0
722872,0
722873,16
722874,0
722875,0
722876,0
722877,23
722878,0
722879,0
722880,0
722881,0
722882,0
722883,0
722884,0
722885,0
722886,0
722887,0
722888,0
722889,0
722890,35
722891,0
722892,0
722893,0
722894,0
722895,0
722896,0
722897,0
722898,0
722899,28
722900,0
722901,20
722902,0
722903,19
722904,0
722905,0
722906,19
722907,24
722908,0
722909,0
722910,0
722911,27
722912,0
722913,0
722914,0
722915,0
722916,0
722917,13
722918,0
722919,0
722920,0
722921,0
722922,0
722923,0
722924,0
722925,0
722926,23
722927,0
722928,0
722929,0
722930,0
722931,0
722932,0
722933,0
722934,23
722935,0
722936,0
722937,0
722938,0
722939,0
722940,0
722941,0
722942,0
722943,0
722944,0
722945,0
722946,0
722947,0
722948,0
722949,0
722950,0
722951,0
722952,0
722953,0
722954,0
722955,19
722956,0
722957,20
722958,0
722959,0
722960,0
722961,0
722962,0
722963,18
722964,0
722965,0
722966,0
722967,0
722968,0
722969,0
722970,0
722971,0
722972,0
722973,0
722974,0
722975,0
722976,28
722977,0
722978,0
722979,0
722980,16
722981,0
722982,0
722983,0
722984,0
722985,0
722986,0
722987,0
722988,0
722989,0
722990,29
722991,0
722992,0
722993,0
722994,0
722995,26
722996,0
722997,0
722998,0
722999,0
723000,0
723001,0
723002,0
723003,16
723004,0
723005,0
723006,0
723007,0
723008,25
723009,0
723010,21
723011,0
723012,20
723013,0
723014,0
723015,0
723016,0
723017,0
723018,0
723019,0
723020,0
723021,0
723022,39
723023,0
723024,0
723025,25
723026,0
723027,0
723028,0
723029,0
723030,0
723031,0
723032,0
723033,0
723034,0
723035,25
723036,0
723037,0
723038,0
723039,18
723040,0
723041,0
723042,0
723043,0
723044,27
723045,0
723046,0
723047,0
723048,20
723049,0
723050,17
723051,0
723052,0
723053,0
723054,0
723055,0
723056,0
723057,0
723058,26
723059,0
723060,0
723061,0
723062,0
723063,0
723064,0
723065,0
723066,0
723067,0
723068,0
723069,0
723070,0
723071,0
723072,0
723073,0
723074,0
723075,0
723076,24
723077,17
723078,0
723079,21
723080,0
723081,24
723082,0
723083,0
723084,0
723085,0
723086,0
723087,30
723088,0
723089,0
723090,0
723091,25
723092,0
723093,21
723094,0
723095,0
723096,0
723097,0
723098,0
723099,0
723100,0
723101,0
723102,0
723103,0
723104,0
723105,0
723106,0
723107,0
723108,0
723109,0
723110,0
723111,0
723112,0
723113,34
723114,0
723115,0
723116,0
723117,0
723118,22
723119,0
723120,0
723121,0
723122,0
723123,0
723124,0
723125,0
723126,25
723127,0
723128,0
723129,0
723130,24
723131,0
723132,0
723133,0
723134,0
723135,0
723136,0
723137,0
723138,0
723139,0
723140,0
723141,0
723142,0
723143,16
723144,22
723145,0
723146,0
723147,0
723148,30
723149,0
723150,0
723151,15
723152,0
723153,0
723154,0
723155,0
723156,0
723157,0
723158,0
723159,0
723160,0
723161,0
723162,23
723163,0
723164,0
723165,0
723166,18
723167,0
723168,0
723169,0
723170,0
723171,0
723172,0
723173,0
723174,20
723175,21
723176,0
723177,0
723178,0
723179,0
723180,0
723181,0
723182,0
723183,20
723184,0
723185,0
723186,0
723187,0
723188,0
723189,0
723190,0
723191,0
723192,0
723193,0
723194,0
723195,0
723196,0
723197,0
723198,22
723199,18
723200,0
723201,27
723202,0
723203,18
723204,11
723205,0
723206,0
723207,0
723208,0
723209,0
723210,0
723211,0
723212,0
723213,27
723214,0
723215,0
723216,0
723217,0
723218,32
723219,0
723220,0
723221,0
723222,0
723223,0
723224,24
723225,0
723226,0
723227,0
723228,18
723229,0
723230,0
723231,0
723232,0
723233,0
723234,0
723235,0
723236,0
723237,0
723238,18
723239,25
723240,0
723241,0
723242,0
723243,0
723244,0
723245,17
723246,0
723247,0
723248,0
723249,0
723250,0
723251,0
723252,0
723253,0
723254,0
723255,0
723256,0
723257,0
723258,26
723259,12
723260,0
723261,0
723262,0
723263,0
723264,0
723265,15
723266,0
723267,0
723268,17
723269,12
723270,0
723271,0
723272,0
723273,24
723274,0
723275,0
723276,19
723277,0
723278,0
723279,0
723280,0
723281,0
723282,0
723283,0
723284,0
723285,0
723286,0
723287,0
723288,0
723289,0
723290,12
723291,0
723292,0
723293,0
723294,0
723295,0
723296,0
723297,0
723298,0
723299,0
723300,0
723301,22
723302,0
723303,0
723304,0
723305,0
723306,0
723307,0
723308,0
723309,0
723310,33
723311,0
723312,23
723313,0
723314,0
723315,0
723316,0
723317,0
723318,0
723319,0
723320,0
723321,24
723322,0
723323,0
723324,24
723325,20
723326,0
723327,0
723328,0
723329,0
723330,0
723331,17
723332,0
723333,0
723334,0
723335,0
723336,18
723337,0
723338,35
723339,0
723340,0
723341,0
723342,0
723343,0
723344,0
723345,23
723346,32
723347,0
723348,0
723349,0
723350,0
723351,0
723352,0
723353,0
723354,25
723355,0
723356,0
723357,0
723358,0
723359,0
723360,0
723361,0
723362,0
723363,17
723364,0
723365,0
723366,0
723367,16
723368,0
723369,21
723370,15
723371,24
723372,0
723373,0
723374,0
723375,0
723376,0
723377,0
723378,0
723379,21
723380,14
723381,0
723382,0
723383,0
723384,15
723385,21
723386,0
723387,0
723388,0
723389,0
723390,0
723391,0
723392,0
723393,0
723394,0
723395,26
723396,39
723397,0
723398,0
723399,0
723400,0
723401,0
723402,0
723403,8
723404,0
723405,0
723406,0
723407,0
723408,0
723409,14
723410,0
723411,0
723412,0
723413,0
723414,0
723415,0
723416,0
723417,0
723418,0
723419,0
723420,0
723421,0
723422,0
723423,19
723424,0
723425,0
723426,0
723427,22
723428,17
723429,0
723430,0
723431,0
723432,0
723433,0
723434,0
723435,0
723436,0
723437,0
723438,0
723439,0
723440,0
723441,0
723442,0
723443,0
723444,0
723445,20
723446,0
723447,19
723448,31
723449,0
723450,0
723451,0
723452,30
723453,0
723454,0
723455,0
723456,0
723457,0
723458,0
723459,0
723460,0
723461,0
723462,0
723463,0
723464,0
723465,0
723466,0
723467,0
723468,0
723469,0
723470,0
723471,0
723472,0
723473,26
723474,38
723475,40
723476,0
723477,0
723478,25
723479,0
723480,0
723481,21
723482,0
723483,0
723484,0
723485,0
723486,0
723487,0
723488,0
723489,0
723490,0
723491,0
723492,0
723493,0
723494,0
723495,0
723496,0
723497,0
723498,0
723499,18
723500,0
723501,39
723502,0
723503,0
723504,0
723505,0
723506,0
723507,32
723508,0
723509,0
723510,29
723511,26
723512,0
723513,0
723514,39
723515,0
723516,0
723517,0
723518,0
723519,0
723520,31
723521,0
723522,0
723523,0
723524,0
723525,0
723526,0
723527,0
723528,31
723529,0
723530,0
723531,0
723532,0
723533,0
723534,0
723535,45
723536,0
723537,0
723538,0
723539,0
723540,0
723541,0
723542,0
723543,0
723544,0
723545,0
723546,23
723547,0
723548,0
723549,44
723550,29
723551,0
723552,0
723553,0
723554,0
723555,0
723556,0
723557,0
723558,18
723559,0
723560,0
723561,0
723562,0
723563,0
723564,32
723565,0
723566,0
723567,0
723568,0
723569,0
723570,0
723571,20
723572,0
723573,0
723574,0
723575,0
723576,27
723577,0
723578,0
723579,0
723580,0
723581,0
723582,0
723583,0
723584,0
723585,0
723586,0
723587,0
723588,0
723589,0
723590,0
723591,0
723592,0
723593,0
723594,0
723595,0
723596,0
723597,0
723598,0
723599,27
723600,0
723601,0
723602,0
723603,40
723604,0
723605,0
723606,0
723607,0
723608,0
723609,0
723610,0
723611,0
723612,0
723613,0
723614,0
723615,0
723616,0
723617,34
723618,16
723619,0
723620,0
723621,0
723622,0
723623,0
723624,0
723625,0
723626,0
723627,0
723628,0
723629,0
723630,0
723631,0
723632,0
723633,0
723634,0
723635,0
723636,0
723637,37
723638,0
723639,65
723640,29
723641,0
723642,0
723643,0
723644,0
723645,0
723646,0
723647,0
723648,0
723649,0
723650,0
723651,0
723652,37
723653,0
723654,0
723655,0
723656,0
723657,0
723658,0
723659,23
723660,0
723661,0
723662,32
723663,0
723664,0
723665,0
723666,29
723667,0
723668,0
723669,42
723670,0
723671,14
723672,0
723673,0
723674,0
723675,0
723676,0
723677,0
723678,0
723679,0
723680,0
723681,31
723682,0
723683,0
723684,0
723685,0
723686,26
723687,0
723688,0
723689,0
723690,36
723691,0
723692,0
723693,59
723694,0
723695,0
723696,0
723697,20
723698,29
723699,13
723700,0
723701,0
723702,0
723703,0
723704,46
723705,44
723706,15
723707,0
723708,0
723709,0
723710,0
723711,0
723712,0
723713,0
723714,0
723715,0
723716,0
723717,0
723718,15
723719,0
723720,0
723721,0
723722,0
723723,39
723724,0
723725,27
723726,26
723727,0
723728,0
723729,28
723730,0
723731,0
723732,0
723733,0
723734,0
723735,0
723736,0
723737,31
723738,0
723739,0
723740,0
723741,0
723742,32
723743,0
723744,0
723745,20
723746,28
723747,22
723748,0
723749,0
723750,0
723751,0
723752,14
723753,0
723754,0
723755,0
723756,0
723757,0
723758,55
723759,0
723760,0
723761,0
723762,0
723763,0
723764,0
723765,0
723766,0
723767,0
723768,0
723769,0
723770,0
723771,48
723772,0
723773,0
723774,0
723775,0
723776,21
723777,0
723778,21
723779,0
723780,0
723781,0
723782,0
723783,0
723784,0
723785,0
723786,0
723787,0
723788,0
723789,0
723790,0
723791,0
723792,0
723793,0
723794,0
723795,0
723796,0
723797,0
723798,0
723799,0
723800,0
723801,0
723802,0
723803,0
723804,0
723805,21
723806,0
723807,41
723808,0
723809,0
723810,0
723811,60
723812,0
723813,0
723814,0
723815,0
723816,0
723817,0
723818,3
723819,0
723820,0
723821,0
723822,0
723823,0
723824,6
723825,0
723826,7
723827,0
723828,3
723829,1
723830,0
723831,0
723832,0
723833,2
723834,0
723835,4
723836,0
723837,6
723838,0
723839,0
723840,0
723841,0
723842,0
723843,0
723844,0
723845,6
723846,0
723847,0
723848,0
723849,0
723850,0
723851,0
723852,0
723853,10
723854,0
723855,0
723856,0
723857,0
723858,4
723859,0
723860,0
723861,0
723862,0
723863,8
723864,0
723865,4
723866,0
723867,0
723868,4
723869,0
723870,0
723871,0
723872,3
723873,0
723874,0
723875,6
723876,0
723877,4
723878,0
723879,0
723880,0
723881,0
723882,0
723883,0
723884,0
723885,0
723886,0
723887,0
723888,0
723889,0
723890,0
723891,0
723892,0
723893,0
723894,0
723895,0
723896,0
723897,2
723898,0
723899,0
723900,0
723901,5
723902,12
723903,0
723904,0
723905,0
723906,0
723907,0
723908,4
723909,0
723910,0
723911,0
723912,0
723913,0
723914,2
723915,0
723916,0
723917,4
723918,0
723919,0
723920,0
723921,0
723922,0
723923,0
723924,5
723925,0
723926,1
723927,0
723928,5
723929,2
723930,0
723931,5
723932,0
723933,5
723934,0
723935,0
723936,0
723937,0
723938,0
723939,0
723940,2
723941,3
723942,1
723943,4
723944,8
723945,0
723946,0
723947,5
723948,0
723949,0
723950,0
723951,3
723952,0
723953,0
723954,3
723955,0
723956,0
723957,2
723958,0
723959,0
723960,1
723961,3
723962,0
723963,3
723964,5
723965,0
723966,0
723967,0
723968,2
723969,0
723970,0
723971,4
723972,0
723973,6
723974,0
723975,0
723976,0
723977,5
723978,5
723979,0
723980,9
723981,6
723982,0
723983,7
723984,0
723985,3
723986,3
723987,0
723988,0
723989,0
723990,4
723991,0
723992,0
723993,0
723994,0
723995,0
723996,0
723997,0
723998,5
723999,4
724000,9
724001,0
724002,0
724003,0
724004,3
724005,0
724006,0
724007,5
724008,5
724009,6
724010,0
724011,0
724012,0
724013,4
724014,0
724015,2
724016,0
724017,0
724018,0
724019,0
724020,8
724021,0
724022,0
724023,0
724024,0
724025,0
724026,0
724027,3
724028,3
724029,0
724030,8
724031,5
724032,6
724033,0
724034,0
724035,0
724036,0
724037,0
724038,0
724039,0
724040,0
724041,3
724042,0
724043,0
724044,0
724045,0
724046,0
724047,6
724048,0
724049,0
724050,1
724051,0
724052,4
724053,5
724054,8
724055,4
724056,0
724057,2
724058,0
724059,0
724060,0
724061,0
724062,0
724063,0
724064,4
724065,1
724066,0
724067,0
724068,0
724069,0
724070,0
724071,4
724072,0
724073,6
724074,0
724075,4
724076,6
724077,0
724078,0
724079,9
724080,0
724081,0
724082,0
724083,0
724084,4
724085,2
724086,0
724087,2
724088,0
724089,7
724090,0
724091,8
724092,0
724093,0
724094,0
724095,5
724096,0
724097,0
724098,0
724099,5
724100,0
724101,0
724102,0
724103,9
724104,0
724105,0
724106,0
724107,3
724108,7
724109,0
724110,0
724111,2
724112,0
724113,4
724114,0
724115,0
724116,0
724117,0
724118,0
724119,0
724120,0
724121,0
724122,2
724123,0
724124,4
724125,0
724126,0
724127,4
724128,6
724129,0
724130,5
724131,0
724132,0
724133,1
724134,0
724135,0
724136,4
724137,0
724138,4
724139,7
724140,3
724141,0
724142,0
724143,0
724144,0
724145,2
724146,0
724147,0
724148,0
724149,0
724150,0
724151,0
724152,0
724153,0
724154,0
724155,0
724156,7
724157,0
724158,0
724159,0
724160,3
724161,0
724162,0
724163,0
724164,0
724165,4
724166,0
724167,0
724168,4
724169,0
724170,0
724171,0
724172,0
724173,1
724174,4
724175,0
724176,0
724177,0
724178,0
724179,0
724180,0
724181,0
724182,0
724183,0
724184,0
724185,0
724186,0
724187,0
724188,0
724189,0
724190,0
724191,0
724192,0
724193,0
724194,0
724195,0
724196,0
724197,0
724198,0
724199,0
724200,0
724201,0
724202,0
724203,0
724204,0
724205,0
724206,0
724207,0
724208,0
724209,0
724210,0
724211,0
724212,0
724213,0
724214,0
724215,0
724216,0
724217,0
724218,0
724219,0
724220,0
724221,0
724222,0
724223,0
724224,0
724225,5
724226,0
724227,2
724228,0
724229,0
724230,0
724231,0
724232,2
724233,0
724234,6
724235,0
724236,0
724237,0
724238,4
724239,0
724240,0
724241,5
724242,0
724243,0
724244,4
724245,6
724246,0
724247,0
724248,0
724249,0
724250,0
724251,0
724252,0
724253,8
724254,0
724255,3
724256,0
724257,5
724258,4
724259,0
724260,1
724261,2
724262,0
724263,0
724264,5
724265,0
724266,2
724267,0
724268,0
724269,0
724270,0
724271,3
724272,0
724273,0
724274,0
724275,0
724276,0
724277,0
724278,0
724279,0
724280,0
724281,0
724282,0
724283,0
724284,0
724285,12
724286,0
724287,0
724288,0
724289,0
724290,0
724291,0
724292,0
724293,0
724294,0
724295,0
724296,0
724297,0
724298,0
724299,0
724300,0
724301,0
724302,0
724303,0
724304,0
724305,0
724306,0
724307,0
724308,0
724309,0
724310,0
724311,0
724312,0
724313,0
724314,15
724315,0
724316,0
724317,0
724318,0
724319,0
724320,0
724321,0
724322,0
724323,0
724324,0
724325,0
724326,0
724327,0
724328,13
724329,0
724330,0
724331,0
724332,0
724333,0
724334,0
724335,0
724336,0
724337,0
724338,0
724339,0
724340,25
724341,18
724342,0
724343,0
724344,0
724345,0
724346,0
724347,0
724348,0
724349,0
724350,0
724351,0
724352,0
724353,0
724354,0
724355,0
724356,0
724357,0
724358,0
724359,0
724360,0
724361,0
724362,0
724363,0
724364,0
724365,16
724366,0
724367,21
724368,0
724369,0
724370,0
724371,0
724372,0
724373,0
724374,0
724375,0
724376,0
724377,0
724378,0
724379,0
724380,0
724381,0
724382,0
724383,0
724384,0
724385,0
724386,0
724387,0
724388,0
724389,0
724390,0
724391,0
724392,0
724393,0
724394,0
724395,13
724396,0
724397,0
724398,0
724399,0
724400,0
724401,0
724402,0
724403,0
724404,0
724405,0
724406,0
724407,0
724408,0
724409,0
724410,0
724411,0
724412,0
724413,0
724414,0
724415,0
724416,0
724417,0
724418,0
724419,0
724420,0
724421,0
724422,0
724423,0
724424,0
724425,0
724426,0
724427,0
724428,0
724429,0
724430,0
724431,0
724432,0
724433,0
724434,0
724435,0
724436,0
724437,0
724438,0
724439,0
724440,0
724441,0
724442,0
724443,0
724444,0
724445,0
724446,0
724447,0
724448,0
724449,0
724450,0
724451,0
724452,0
724453,0
724454,18
724455,0
724456,0
724457,0
724458,0
724459,0
724460,0
724461,0
724462,0
724463,0
724464,0
724465,0
724466,0
724467,0
724468,0
724469,0
724470,0
724471,0
724472,0
724473,0
724474,0
724475,15
724476,0
724477,0
724478,17
724479,0
724480,0
724481,0
724482,0
724483,0
724484,0
724485,0
724486,0
724487,0
724488,0
724489,0
724490,0
724491,0
724492,0
724493,0
724494,0
724495,0
724496,0
724497,0
724498,0
724499,15
724500,0
724501,0
724502,0
724503,0
724504,0
724505,0
724506,0
724507,0
724508,0
724509,0
724510,0
724511,0
724512,0
724513,0
724514,0
724515,0
724516,0
724517,0
724518,0
724519,0
724520,0
724521,0
724522,0
724523,0
724524,0
724525,0
724526,0
724527,0
724528,0
724529,0
724530,0
724531,0
724532,0
724533,0
724534,0
724535,0
724536,0
724537,0
724538,0
724539,16
724540,0
724541,0
724542,0
724543,16
724544,0
724545,0
724546,0
724547,0
724548,0
724549,0
724550,0
724551,0
724552,0
724553,0
724554,0
724555,0
724556,0
724557,0
724558,0
724559,0
724560,0
724561,0
724562,0
724563,0
724564,0
724565,0
724566,0
724567,0
724568,0
724569,0
724570,0
724571,13
724572,0
724573,0
724574,0
724575,0
724576,0
724577,0
724578,0
724579,0
724580,0
724581,0
724582,0
724583,0
724584,0
724585,0
724586,0
724587,0
724588,0
724589,0
724590,0
724591,0
724592,0
724593,0
724594,0
724595,0
724596,0
724597,0
724598,0
724599,0
724600,0
724601,0
724602,0
724603,0
724604,0
724605,0
724606,0
724607,0
724608,0
724609,0
724610,0
724611,0
724612,0
724613,0
724614,0
724615,10
724616,23
724617,9
724618,0
724619,0
724620,0
724621,0
724622,0
724623,0
724624,0
724625,0
724626,0
724627,0
724628,15
724629,0
724630,0
724631,0
724632,0
724633,0
724634,0
724635,0
724636,0
724637,0
724638,0
724639,0
724640,0
724641,0
724642,0
724643,0
724644,20
724645,0
724646,18
724647,10
724648,0
724649,0
724650,0
724651,0
724652,0
724653,0
724654,0
724655,0
724656,0
724657,0
724658,0
724659,0
724660,0
724661,8
724662,0
724663,0
724664,0
724665,0
724666,0
724667,0
724668,0
724669,0
724670,0
724671,0
724672,0
724673,0
724674,0
724675,0
724676,0
724677,0
724678,0
724679,0
724680,0
724681,0
724682,0
724683,0
724684,0
724685,0
724686,11
724687,0
724688,0
724689,0
724690,0
724691,0
724692,0
724693,0
724694,0
724695,0
724696,0
724697,0
724698,0
724699,0
724700,0
724701,0
724702,0
724703,0
724704,0
724705,0
724706,0
724707,8
724708,0
724709,0
724710,0
724711,0
724712,0
724713,0
724714,0
724715,0
724716,0
724717,0
724718,0
724719,0
724720,0
724721,0
724722,0
724723,0
724724,0
724725,0
724726,0
724727,0
724728,0
724729,0
724730,0
724731,0
724732,0
724733,0
724734,0
724735,0
724736,0
724737,0
724738,0
724739,0
724740,0
724741,0
724742,0
724743,0
724744,0
724745,0
724746,0
724747,0
724748,0
724749,0
724750,0
724751,0
724752,0
724753,0
724754,0
724755,0
724756,0
724757,0
724758,0
724759,0
724760,0
724761,0
724762,0
724763,0
724764,0
724765,0
724766,0
724767,0
724768,0
724769,0
724770,0
724771,0
724772,0
724773,0
724774,0
724775,0
724776,0
724777,0
724778,0
724779,0
724780,0
724781,0
724782,0
724783,0
724784,0
724785,0
724786,0
724787,0
724788,0
724789,0
724790,0
724791,0
724792,0
724793,0
724794,0
724795,0
724796,0
724797,0
724798,8
724799,0
724800,0
724801,14
724802,0
724803,0
724804,0
724805,0
724806,0
724807,16
724808,0
724809,0
724810,0
724811,0
724812,0
724813,0
724814,0
724815,0
724816,0
724817,0
724818,0
724819,0
724820,0
724821,0
724822,0
724823,0
724824,0
724825,0
724826,0
724827,0
724828,0
724829,0
724830,0
724831,0
724832,0
724833,0
724834,0
724835,0
724836,0
724837,0
724838,0
724839,0
724840,0
724841,0
724842,0
724843,0
724844,0
724845,0
724846,0
724847,0
724848,0
724849,10
724850,0
724851,0
724852,0
724853,0
724854,0
724855,0
724856,0
724857,16
724858,0
724859,0
724860,0
724861,0
724862,0
724863,23
724864,0
724865,0
724866,0
724867,0
724868,0
724869,0
724870,0
724871,0
724872,0
724873,0
724874,0
724875,0
724876,0
724877,0
724878,0
724879,0
724880,0
724881,0
724882,0
724883,18
724884,0
724885,0
724886,0
724887,0
724888,0
724889,0
724890,0
724891,0
724892,0
724893,0
724894,0
724895,0
724896,0
724897,7
724898,0
724899,0
724900,0
724901,0
724902,0
724903,0
724904,2
724905,9
724906,0
724907,0
724908,0
724909,0
724910,0
724911,0
724912,0
724913,0
724914,0
724915,0
724916,0
724917,0
724918,0
724919,0
724920,0
724921,0
724922,0
724923,0
724924,0
724925,0
724926,0
724927,0
724928,0
724929,0
724930,0
724931,0
724932,0
724933,0
724934,12
724935,0
724936,5
724937,0
724938,0
724939,0
724940,0
724941,0
724942,11
724943,0
724944,0
724945,0
724946,0
724947,0
724948,0
724949,0
724950,0
724951,0
724952,0
724953,0
724954,0
724955,0
724956,0
724957,0
724958,0
724959,0
724960,9
724961,0
724962,0
724963,0
724964,0
724965,0
724966,0
724967,0
724968,0
724969,0
724970,9
724971,0
724972,0
724973,0
724974,0
724975,0
724976,0
724977,0
724978,0
724979,0
724980,0
724981,0
724982,0
724983,0
724984,0
724985,10
724986,9
724987,0
724988,0
724989,0
724990,0
724991,0
724992,0
724993,0
724994,0
724995,7
724996,0
724997,10
724998,9
724999,0
725000,0
725001,0
725002,0
725003,0
725004,0
725005,0
725006,0
725007,0
725008,0
725009,0
725010,0
725011,0
725012,0
725013,6
725014,0
725015,0
725016,0
725017,0
725018,0
725019,0
725020,0
725021,0
725022,0
725023,0
725024,0
725025,0
725026,0
725027,0
725028,0
725029,0
725030,0
725031,0
725032,0
725033,0
725034,9
725035,0
725036,0
725037,0
725038,0
725039,7
725040,0
725041,0
725042,0
725043,12
725044,0
725045,0
725046,0
725047,0
725048,0
725049,0
725050,0
725051,0
725052,0
725053,0
725054,0
725055,0
725056,0
725057,0
725058,0
725059,0
725060,5
725061,0
725062,0
725063,0
725064,0
725065,0
725066,0
725067,0
725068,0
725069,0
725070,0
725071,0
725072,0
725073,0
725074,0
725075,0
725076,0
725077,0
725078,0
725079,0
725080,0
725081,0
725082,0
725083,0
725084,0
725085,0
725086,0
725087,0
725088,0
725089,0
725090,0
725091,0
725092,0
725093,0
725094,0
725095,0
725096,0
725097,0
725098,0
725099,0
725100,0
725101,0
725102,10
725103,0
725104,0
725105,3
725106,0
725107,0
725108,0
725109,0
725110,0
725111,0
725112,0
725113,0
725114,0
725115,0
725116,0
725117,0
725118,0
725119,17
725120,0
725121,0
725122,0
725123,0
725124,0
725125,0
725126,0
725127,0
725128,0
725129,0
725130,0
725131,0
725132,0
725133,0
725134,0
725135,0
725136,0
725137,7
725138,0
725139,0
725140,0
725141,0
725142,13
725143,0
725144,0
725145,0
725146,0
725147,4
725148,0
725149,0
725150,0
725151,0
725152,0
725153,0
725154,0
725155,0
725156,0
725157,0
725158,0
725159,0
725160,0
725161,0
725162,0
725163,0
725164,0
725165,0
725166,0
725167,0
725168,0
725169,0
725170,0
725171,0
725172,0
725173,0
725174,0
725175,0
725176,10
725177,0
725178,0
725179,0
725180,0
725181,0
725182,0
725183,0
725184,0
725185,0
725186,0
725187,0
725188,0
725189,0
725190,0
725191,0
725192,0
725193,0
725194,0
725195,0
725196,0
725197,0
725198,0
725199,10
725200,0
725201,0
725202,0
725203,18
725204,0
725205,0
725206,0
725207,0
725208,0
725209,0
725210,0
725211,0
725212,0
725213,0
725214,0
725215,0
725216,0
725217,4
725218,0
725219,0
725220,0
725221,0
725222,0
725223,0
725224,0
725225,0
725226,0
725227,0
725228,0
725229,0
725230,0
725231,0
725232,0
725233,0
725234,25
725235,0
725236,0
725237,0
725238,0
725239,0
725240,16
725241,0
725242,0
725243,0
725244,0
725245,0
725246,0
725247,0
725248,0
725249,0
725250,0
725251,0
725252,0
725253,19
725254,0
725255,0
725256,0
725257,0
725258,0
725259,0
725260,0
725261,0
725262,0
725263,0
725264,0
725265,0
725266,0
725267,0
725268,0
725269,0
725270,0
725271,0
725272,0
725273,0
725274,0
725275,0
725276,31
725277,0
725278,0
725279,0
725280,0
725281,10
725282,16
725283,0
725284,0
725285,0
725286,0
725287,0
725288,0
725289,0
725290,0
725291,0
725292,0
725293,0
725294,0
725295,0
725296,0
725297,0
725298,0
725299,19
725300,19
725301,18
725302,0
725303,0
725304,0
725305,0
725306,0
725307,0
725308,0
725309,0
725310,0
725311,0
725312,0
725313,0
725314,0
725315,0
725316,0
725317,0
725318,0
725319,0
725320,0
725321,17
725322,0
725323,13
725324,0
725325,0
725326,0
725327,0
725328,0
725329,0
725330,0
725331,0
725332,19
725333,0
725334,0
725335,0
725336,0
725337,10
725338,0
725339,0
725340,0
725341,0
725342,0
725343,0
725344,0
725345,0
725346,12
725347,0
725348,0
725349,0
725350,0
725351,0
725352,17
725353,0
725354,0
725355,0
725356,0
725357,0
725358,0
725359,0
725360,0
725361,0
725362,0
725363,0
725364,0
725365,16
725366,10
725367,0
725368,0
725369,0
725370,12
725371,0
725372,0
725373,0
725374,0
725375,0
725376,0
725377,0
725378,0
725379,0
725380,0
725381,0
725382,0
725383,0
725384,0
725385,0
725386,0
725387,0
725388,0
725389,19
725390,14
725391,0
725392,0
725393,0
725394,0
725395,0
725396,0
725397,0
725398,0
725399,24
725400,0
725401,0
725402,21
725403,0
725404,0
725405,0
725406,12
725407,0
725408,0
725409,0
725410,15
725411,0
725412,0
725413,0
725414,0
725415,15
725416,0
725417,0
725418,24
725419,0
725420,0
725421,0
725422,0
725423,0
725424,23
725425,0
725426,14
725427,0
725428,0
725429,0
725430,12
725431,0
725432,0
725433,0
725434,0
725435,0
725436,27
725437,0
725438,11
725439,0
725440,0
725441,0
725442,0
725443,0
725444,0
725445,0
725446,0
725447,0
725448,0
725449,0
725450,0
725451,0
725452,0
725453,0
725454,0
725455,0
725456,0
725457,17
725458,0
725459,0
725460,0
725461,0
725462,0
725463,0
725464,19
725465,19
725466,0
725467,0
725468,0
725469,22
725470,0
725471,0
725472,0
725473,20
725474,0
725475,0
725476,0
725477,0
725478,0
725479,30
725480,10
725481,0
725482,0
725483,25
725484,0
725485,0
725486,0
725487,0
725488,0
725489,0
725490,0
725491,0
725492,0
725493,0
725494,13
725495,0
725496,0
725497,0
725498,0
725499,17
725500,0
725501,0
725502,0
725503,0
725504,0
725505,0
725506,0
725507,0
725508,0
725509,0
725510,0
725511,0
725512,13
725513,18
725514,0
725515,0
725516,0
725517,0
725518,0
725519,0
725520,0
725521,0
725522,0
725523,0
725524,12
725525,0
725526,0
725527,0
725528,10
725529,0
725530,0
725531,0
725532,0
725533,0
725534,0
725535,0
725536,20
725537,0
725538,0
725539,0
725540,0
725541,0
725542,0
725543,0
725544,0
725545,0
725546,0
725547,0
725548,0
725549,15
725550,0
725551,0
725552,0
725553,17
725554,0
725555,0
725556,0
725557,22
725558,0
725559,0
725560,0
725561,0
725562,0
725563,0
725564,0
725565,0
725566,11
725567,18
725568,0
725569,17
725570,14
725571,0
725572,0
725573,0
725574,0
725575,0
725576,0
725577,0
725578,0
725579,0
725580,0
725581,0
725582,0
725583,0
725584,0
725585,0
725586,0
725587,0
725588,0
725589,0
725590,0
725591,0
725592,0
725593,0
725594,0
725595,21
725596,14
725597,0
725598,0
725599,0
725600,18
725601,19
725602,0
725603,0
725604,0
725605,27
725606,11
725607,0
725608,0
725609,0
725610,0
725611,22
725612,0
725613,0
725614,0
725615,0
725616,0
725617,0
725618,0
725619,16
725620,15
725621,0
725622,13
725623,18
725624,0
725625,0
725626,0
725627,0
725628,0
725629,0
725630,0
725631,0
725632,0
725633,0
725634,0
725635,0
725636,0
725637,0
725638,19
725639,0
725640,0
725641,0
725642,0
725643,0
725644,29
725645,0
725646,28
725647,0
725648,0
725649,28
725650,0
725651,0
725652,0
725653,0
725654,0
725655,0
725656,0
725657,0
725658,0
725659,0
725660,0
725661,0
725662,0
725663,0
725664,0
725665,0
725666,0
725667,0
725668,0
725669,0
725670,0
725671,0
725672,0
725673,0
725674,0
725675,0
725676,0
725677,0
725678,0
725679,0
725680,0
725681,0
725682,19
725683,15
725684,9
725685,26
725686,0
725687,0
725688,0
725689,0
725690,0
725691,0
725692,0
725693,19
725694,0
725695,0
725696,0
725697,8
725698,0
725699,0
725700,0
725701,0
725702,0
725703,0
725704,0
725705,0
725706,0
725707,16
725708,0
725709,0
725710,0
725711,0
725712,0
725713,0
725714,0
725715,0
725716,0
725717,0
725718,0
725719,0
725720,0
725721,0
725722,15
725723,21
725724,0
725725,0
725726,0
725727,0
725728,0
725729,0
725730,0
725731,0
725732,0
725733,0
725734,0
725735,0
725736,0
725737,0
725738,0
725739,0
725740,0
725741,0
725742,0
725743,0
725744,0
725745,22
725746,0
725747,15
725748,11
725749,0
725750,0
725751,0
725752,0
725753,0
725754,0
725755,0
725756,11
725757,0
725758,14
725759,0
725760,0
725761,0
725762,0
725763,0
725764,0
725765,0
725766,14
725767,16
725768,0
725769,0
725770,0
725771,0
725772,0
725773,0
725774,0
725775,0
725776,0
725777,0
725778,0
725779,0
725780,0
725781,0
725782,0
725783,0
725784,0
725785,18
725786,0
725787,0
725788,0
725789,0
725790,0
725791,0
725792,0
725793,0
725794,0
725795,16
725796,19
725797,0
725798,0
725799,0
725800,0
725801,0
725802,17
725803,25
725804,0
725805,0
725806,23
725807,0
725808,15
725809,20
725810,0
725811,14
725812,0
725813,0
725814,13
725815,0
725816,0
725817,0
725818,19
725819,17
725820,0
725821,0
725822,0
725823,16
725824,0
725825,0
725826,19
725827,0
725828,0
725829,0
725830,0
725831,0
725832,0
725833,17
725834,0
725835,0
725836,0
725837,0
725838,17
725839,0
725840,0
725841,0
725842,0
725843,0
725844,25
725845,0
725846,0
725847,0
725848,0
725849,0
725850,0
725851,0
725852,17
725853,0
725854,0
725855,0
725856,20
725857,0
725858,0
725859,10
725860,0
725861,0
725862,0
725863,35
725864,26
725865,0
725866,0
725867,26
725868,0
725869,31
725870,38
725871,0
725872,43
725873,0
725874,34
725875,0
725876,0
725877,0
725878,0
725879,0
725880,0
725881,30
725882,0
725883,24
725884,0
725885,38
725886,0
725887,0
725888,0
725889,0
725890,27
725891,30
725892,0
725893,32
725894,0
725895,0
725896,0
725897,0
725898,0
725899,0
725900,0
725901,0
725902,0
725903,0
725904,0
725905,0
725906,0
725907,0
725908,0
725909,0
725910,0
725911,0
725912,0
725913,0
725914,0
725915,41
725916,0
725917,0
725918,0
725919,32
725920,0
725921,0
725922,0
725923,0
725924,0
725925,0
725926,0
725927,0
725928,0
725929,0
725930,0
725931,0
725932,0
725933,0
725934,0
725935,0
725936,45
725937,0
725938,51
725939,45
725940,0
725941,0
725942,0
725943,0
725944,0
725945,0
725946,0
725947,0
725948,0
725949,0
725950,0
725951,0
725952,0
725953,0
725954,0
725955,0
725956,0
725957,0
725958,0
725959,45
725960,0
725961,0
725962,0
725963,0
725964,0
725965,34
725966,33
725967,0
725968,22
725969,0
725970,0
725971,0
725972,0
725973,0
725974,0
725975,0
725976,0
725977,0
725978,0
725979,0
725980,0
725981,0
725982,0
725983,0
725984,0
725985,0
725986,0
725987,0
725988,0
725989,0
725990,0
725991,0
725992,1
725993,0
725994,0
725995,0
725996,0
725997,0
725998,0
725999,0
726000,0
726001,0
726002,0
726003,0
726004,0
726005,0
726006,0
726007,0
726008,0
726009,0
726010,0
726011,0
726012,0
726013,0
726014,0
726015,0
726016,0
726017,0
726018,0
726019,0
726020,0
726021,0
726022,0
726023,0
726024,0
726025,0
726026,0
726027,0
726028,0
726029,0
726030,0
726031,0
726032,0
726033,0
726034,0
726035,0
726036,0
726037,0
726038,0
726039,0
726040,0
726041,0
726042,0
726043,0
726044,0
726045,0
726046,0
726047,0
726048,0
726049,0
726050,0
726051,0
726052,0
726053,0
726054,0
726055,0
726056,0
726057,0
726058,0
726059,0
726060,0
726061,0
726062,0
726063,0
726064,0
726065,0
726066,0
726067,0
726068,0
726069,0
726070,0
726071,0
726072,0
726073,0
726074,0
726075,0
726076,0
726077,0
726078,0
726079,0
726080,0
726081,0
726082,0
726083,0
726084,0
726085,0
726086,0
726087,0
726088,0
726089,0
726090,0
726091,0
726092,0
726093,0
726094,0
726095,0
726096,0
726097,0
726098,0
726099,0
726100,0
726101,0
726102,0
726103,0
726104,0
726105,0
726106,0
726107,0
726108,0
726109,0
726110,0
726111,0
726112,0
726113,0
726114,0
726115,0
726116,0
726117,0
726118,0
726119,0
726120,0
726121,0
726122,0
726123,0
726124,0
726125,0
726126,0
726127,0
726128,0
726129,0
726130,0
726131,0
726132,0
726133,0
726134,0
726135,0
726136,0
726137,0
726138,0
726139,0
726140,0
726141,1
726142,0
726143,0
726144,0
726145,0
726146,0
726147,0
726148,0
726149,0
726150,0
726151,0
726152,0
726153,0
726154,0
726155,0
726156,0
726157,0
726158,0
726159,0
726160,0
726161,0
726162,0
726163,0
726164,0
726165,0
726166,0
726167,0
726168,0
726169,0
726170,0
726171,0
726172,0
726173,0
726174,1
726175,0
726176,0
726177,0
726178,0
726179,0
726180,0
726181,0
726182,0
726183,0
726184,0
726185,0
726186,0
726187,0
726188,0
726189,0
726190,0
726191,0
726192,0
726193,0
726194,0
726195,1
726196,0
726197,0
726198,0
726199,0
726200,0
726201,0
726202,0
726203,0
726204,0
726205,0
726206,0
726207,0
726208,0
726209,0
726210,0
726211,0
726212,0
726213,0
726214,0
726215,0
726216,0
726217,0
726218,0
726219,0
726220,0
726221,0
726222,0
726223,0
726224,0
726225,0
726226,0
726227,0
726228,0
726229,0
726230,0
726231,0
726232,0
726233,0
726234,0
726235,0
726236,0
726237,0
726238,0
726239,0
726240,0
726241,0
726242,0
726243,0
726244,0
726245,0
726246,0
726247,0
726248,0
726249,0
726250,0
726251,0
726252,0
726253,0
726254,0
726255,0
726256,0
726257,0
726258,0
726259,0
726260,0
726261,0
726262,0
726263,0
726264,0
726265,0
726266,1
726267,0
726268,0
726269,0
726270,0
726271,0
726272,0
726273,0
726274,0
726275,0
726276,0
726277,0
726278,0
726279,1
726280,0
726281,0
726282,0
726283,0
726284,0
726285,0
726286,0
726287,0
726288,0
726289,0
726290,0
726291,0
726292,0
726293,0
726294,0
726295,0
726296,0
726297,0
726298,0
726299,0
726300,0
726301,0
726302,0
726303,0
726304,0
726305,0
726306,0
726307,0
726308,0
726309,0
726310,0
726311,0
726312,0
726313,0
726314,0
726315,0
726316,0
726317,0
726318,0
726319,0
726320,0
726321,0
726322,0
726323,0
726324,0
726325,0
726326,0
726327,0
726328,0
726329,0
726330,0
726331,0
726332,0
726333,0
726334,0
726335,0
726336,0
726337,0
726338,0
726339,0
726340,0
726341,0
726342,0
726343,0
726344,0
726345,0
726346,0
726347,0
726348,0
726349,0
726350,0
726351,0
726352,0
726353,0
726354,0
726355,0
726356,0
726357,0
726358,0
726359,0
726360,0
726361,0
726362,0
726363,0
726364,0
726365,0
726366,0
726367,0
726368,0
726369,0
726370,0
726371,0
726372,0
726373,0
726374,0
726375,0
726376,0
726377,0
726378,0
726379,0
726380,0
726381,0
726382,0
726383,0
726384,0
726385,0
726386,0
726387,0
726388,0
726389,0
726390,0
726391,0
726392,0
726393,0
726394,0
726395,0
726396,0
726397,0
726398,0
726399,0
726400,0
726401,0
726402,0
726403,0
726404,0
726405,0
726406,0
726407,0
726408,0
726409,0
726410,0
726411,0
726412,0
726413,0
726414,0
726415,0
726416,1
726417,0
726418,0
726419,0
726420,0
726421,0
726422,0
726423,0
726424,0
726425,0
726426,0
726427,0
726428,0
726429,0
726430,0
726431,0
726432,0
726433,0
726434,0
726435,0
726436,0
726437,0
726438,0
726439,0
726440,0
726441,0
726442,0
726443,0
726444,0
726445,0
726446,0
726447,0
726448,0
726449,0
726450,0
726451,0
726452,0
726453,0
726454,0
726455,0
726456,0
726457,0
726458,0
726459,0
726460,0
726461,0
726462,0
726463,0
726464,0
726465,0
726466,0
726467,0
726468,0
726469,0
726470,0
726471,0
726472,0
726473,0
726474,0
726475,0
726476,0
726477,0
726478,0
726479,0
726480,0
726481,0
726482,0
726483,0
726484,0
726485,0
726486,0
726487,0
726488,0
726489,0
726490,0
726491,1
726492,0
726493,0
726494,0
726495,0
726496,0
726497,0
726498,0
726499,0
726500,0
726501,0
726502,0
726503,0
726504,0
726505,0
726506,0
726507,0
726508,0
726509,0
726510,0
726511,0
726512,0
726513,0
726514,0
726515,0
726516,0
726517,0
726518,0
726519,0
726520,0
726521,0
726522,0
726523,0
726524,0
726525,0
726526,0
726527,0
726528,0
726529,0
726530,0
726531,0
726532,0
726533,0
726534,0
726535,0
726536,0
726537,0
726538,0
726539,0
726540,0
726541,0
726542,0
726543,0
726544,0
726545,0
726546,0
726547,0
726548,0
726549,0
726550,0
726551,0
726552,0
726553,0
726554,0
726555,0
726556,0
726557,0
726558,0
726559,0
726560,0
726561,0
726562,0
726563,0
726564,0
726565,0
726566,0
726567,0
726568,0
726569,0
726570,0
726571,0
726572,0
726573,1
726574,0
726575,0
726576,0
726577,0
726578,0
726579,0
726580,0
726581,0
726582,0
726583,0
726584,0
726585,0
726586,0
726587,0
726588,0
726589,0
726590,0
726591,0
726592,0
726593,0
726594,0
726595,0
726596,0
726597,0
726598,0
726599,0
726600,0
726601,0
726602,0
726603,0
726604,0
726605,0
726606,0
726607,0
726608,0
726609,0
726610,0
726611,0
726612,0
726613,0
726614,0
726615,0
726616,0
726617,0
726618,0
726619,0
726620,0
726621,0
726622,0
726623,0
726624,0
726625,0
726626,0
726627,0
726628,0
726629,0
726630,0
726631,0
726632,0
726633,0
726634,0
726635,0
726636,0
726637,0
726638,0
726639,0
726640,0
726641,0
726642,0
726643,0
726644,0
726645,0
726646,0
726647,0
726648,0
726649,0
726650,0
726651,0
726652,0
726653,0
726654,0
726655,0
726656,0
726657,0
726658,0
726659,0
726660,0
726661,0
726662,0
726663,0
726664,0
726665,0
726666,0
726667,0
726668,0
726669,0
726670,0
726671,0
726672,0
726673,0
726674,0
726675,0
726676,0
726677,0
726678,0
726679,0
726680,0
726681,0
726682,0
726683,0
726684,0
726685,0
726686,0
726687,0
726688,0
726689,0
726690,0
726691,0
726692,0
726693,0
726694,0
726695,0
726696,0
726697,0
726698,0
726699,0
726700,0
726701,0
726702,0
726703,0
726704,0
726705,0
726706,0
726707,0
726708,0
726709,0
726710,0
726711,0
726712,0
726713,0
726714,0
726715,0
726716,0
726717,0
726718,0
726719,0
726720,0
726721,0
726722,0
726723,0
726724,0
726725,0
726726,0
726727,0
726728,0
726729,0
726730,0
726731,0
726732,0
726733,0
726734,0
726735,0
726736,0
726737,0
726738,0
726739,1
726740,0
726741,0
726742,0
726743,0
726744,0
726745,0
726746,0
726747,0
726748,0
726749,0
726750,0
726751,0
726752,0
726753,0
726754,0
726755,0
726756,0
726757,0
726758,0
726759,0
726760,0
726761,0
726762,0
726763,0
726764,0
726765,0
726766,0
726767,0
726768,0
726769,0
726770,0
726771,0
726772,0
726773,0
726774,0
726775,0
726776,0
726777,0
726778,0
726779,0
726780,0
726781,0
726782,0
726783,0
726784,0
726785,0
726786,0
726787,0
726788,0
726789,0
726790,0
726791,0
726792,0
726793,0
726794,0
726795,0
726796,0
726797,0
726798,0
726799,0
726800,0
726801,0
726802,0
726803,0
726804,0
726805,0
726806,0
726807,0
726808,0
726809,0
726810,0
726811,0
726812,0
726813,0
726814,0
726815,0
726816,0
726817,0
726818,0
726819,0
726820,0
726821,0
726822,0
726823,0
726824,0
726825,0
726826,0
726827,0
726828,0
726829,0
726830,0
726831,0
726832,0
726833,0
726834,0
726835,0
726836,0
726837,0
726838,0
726839,0
726840,0
726841,0
726842,0
726843,0
726844,0
726845,0
726846,0
726847,0
726848,0
726849,0
726850,0
726851,0
726852,0
726853,0
726854,0
726855,0
726856,0
726857,0
726858,0
726859,0
726860,0
726861,0
726862,0
726863,0
726864,0
726865,0
726866,0
726867,0
726868,0
726869,0
726870,0
726871,0
726872,0
726873,0
726874,0
726875,0
726876,0
726877,0
726878,0
726879,0
726880,0
726881,0
726882,0
726883,0
726884,0
726885,0
726886,0
726887,0
726888,0
726889,0
726890,0
726891,0
726892,0
726893,0
726894,0
726895,0
726896,0
726897,0
726898,0
726899,0
726900,0
726901,0
726902,0
726903,0
726904,0
726905,0
726906,0
726907,0
726908,0
726909,0
726910,0
726911,0
726912,0
726913,0
726914,0
726915,0
726916,0
726917,0
726918,0
726919,0
726920,0
726921,0
726922,0
726923,0
726924,0
726925,0
726926,0
726927,0
726928,0
726929,0
726930,0
726931,0
726932,0
726933,0
726934,0
726935,0
726936,0
726937,0
726938,0
726939,0
726940,0
726941,0
726942,0
726943,0
726944,0
726945,0
726946,0
726947,0
726948,0
726949,0
726950,0
726951,0
726952,0
726953,0
726954,0
726955,0
726956,0
726957,0
726958,0
726959,0
726960,0
726961,0
726962,0
726963,0
726964,0
726965,0
726966,0
726967,0
726968,0
726969,0
726970,0
726971,0
726972,0
726973,0
726974,0
726975,0
726976,0
726977,0
726978,0
726979,0
726980,0
726981,0
726982,0
726983,1
726984,0
726985,0
726986,0
726987,0
726988,0
726989,0
726990,0
726991,0
726992,0
726993,0
726994,0
726995,0
726996,0
726997,0
726998,0
726999,0
727000,0
727001,0
727002,0
727003,0
727004,0
727005,0
727006,0
727007,0
727008,0
727009,0
727010,0
727011,0
727012,0
727013,0
727014,0
727015,0
727016,0
727017,0
727018,0
727019,0
727020,0
727021,0
727022,0
727023,0
727024,0
727025,0
727026,0
727027,0
727028,0
727029,0
727030,0
727031,0
727032,0
727033,0
727034,0
727035,0
727036,0
727037,0
727038,0
727039,0
727040,0
727041,0
727042,0
727043,0
727044,0
727045,0
727046,0
727047,0
727048,0
727049,0
727050,0
727051,0
727052,0
727053,0
727054,0
727055,0
727056,0
727057,0
727058,0
727059,0
727060,0
727061,0
727062,0
727063,0
727064,0
727065,0
727066,0
727067,0
727068,0
727069,0
727070,0
727071,0
727072,0
727073,0
727074,0
727075,0
727076,0
727077,0
727078,0
727079,0
727080,0
727081,0
727082,0
727083,0
727084,0
727085,0
727086,0
727087,0
727088,0
727089,0
727090,0
727091,0
727092,0
727093,0
727094,0
727095,0
727096,1
727097,0
727098,0
727099,0
727100,0
727101,0
727102,0
727103,0
727104,0
727105,0
727106,0
727107,0
727108,0
727109,0
727110,0
727111,0
727112,0
727113,0
727114,0
727115,0
727116,0
727117,0
727118,0
727119,0
727120,0
727121,0
727122,0
727123,0
727124,0
727125,0
727126,0
727127,0
727128,0
727129,0
727130,0
727131,0
727132,0
727133,0
727134,0
727135,1
727136,0
727137,0
727138,0
727139,0
727140,0
727141,0
727142,0
727143,0
727144,0
727145,0
727146,0
727147,0
727148,0
727149,0
727150,0
727151,0
727152,0
727153,0
727154,0
727155,0
727156,0
727157,0
727158,0
727159,0
727160,0
727161,0
727162,0
727163,0
727164,0
727165,0
727166,0
727167,0
727168,0
727169,0
727170,0
727171,0
727172,0
727173,0
727174,0
727175,0
727176,0
727177,0
727178,0
727179,0
727180,0
727181,0
727182,0
727183,0
727184,0
727185,0
727186,0
727187,0
727188,0
727189,0
727190,0
727191,0
727192,0
727193,0
727194,0
727195,0
727196,0
727197,0
727198,0
727199,0
727200,0
727201,0
727202,0
727203,0
727204,0
727205,0
727206,0
727207,0
727208,0
727209,0
727210,0
727211,0
727212,0
727213,0
727214,0
727215,0
727216,0
727217,0
727218,0
727219,0
727220,0
727221,0
727222,0
727223,0
727224,0
727225,0
727226,0
727227,0
727228,0
727229,0
727230,0
727231,0
727232,0
727233,0
727234,0
727235,0
727236,0
727237,0
727238,0
727239,0
727240,0
727241,0
727242,0
727243,0
727244,0
727245,0
727246,0
727247,0
727248,0
727249,0
727250,0
727251,0
727252,0
727253,0
727254,0
727255,0
727256,0
727257,0
727258,0
727259,0
727260,0
727261,0
727262,0
727263,0
727264,0
727265,0
727266,0
727267,0
727268,0
727269,0
727270,0
727271,0
727272,0
727273,0
727274,0
727275,0
727276,0
727277,0
727278,0
727279,0
727280,0
727281,0
727282,0
727283,0
727284,0
727285,0
727286,0
727287,0
727288,0
727289,0
727290,0
727291,0
727292,0
727293,0
727294,0
727295,0
727296,0
727297,0
727298,0
727299,0
727300,0
727301,0
727302,0
727303,0
727304,0
727305,0
727306,0
727307,0
727308,0
727309,0
727310,0
727311,0
727312,0
727313,0
727314,0
727315,0
727316,0
727317,0
727318,0
727319,0
727320,0
727321,0
727322,0
727323,0
727324,0
727325,0
727326,0
727327,0
727328,0
727329,0
727330,0
727331,0
727332,0
727333,0
727334,0
727335,0
727336,0
727337,0
727338,0
727339,0
727340,0
727341,0
727342,0
727343,0
727344,0
727345,0
727346,0
727347,0
727348,0
727349,0
727350,0
727351,0
727352,0
727353,0
727354,0
727355,0
727356,0
727357,0
727358,0
727359,0
727360,0
727361,0
727362,0
727363,0
727364,0
727365,0
727366,0
727367,0
727368,0
727369,0
727370,0
727371,0
727372,0
727373,0
727374,0
727375,0
727376,0
727377,0
727378,0
727379,0
727380,0
727381,0
727382,0
727383,0
727384,0
727385,0
727386,0
727387,0
727388,0
727389,0
727390,0
727391,0
727392,0
727393,0
727394,0
727395,0
727396,0
727397,0
727398,0
727399,0
727400,0
727401,0
727402,0
727403,0
727404,0
727405,0
727406,0
727407,0
727408,0
727409,0
727410,0
727411,0
727412,0
727413,0
727414,0
727415,0
727416,0
727417,0
727418,0
727419,0
727420,1
727421,0
727422,0
727423,0
727424,0
727425,0
727426,0
727427,0
727428,0
727429,0
727430,0
727431,0
727432,0
727433,0
727434,0
727435,0
727436,0
727437,0
727438,0
727439,0
727440,0
727441,0
727442,0
727443,0
727444,0
727445,0
727446,0
727447,0
727448,0
727449,0
727450,0
727451,0
727452,0
727453,0
727454,0
727455,0
727456,0
727457,0
727458,0
727459,0
727460,0
727461,0
727462,0
727463,0
727464,0
727465,0
727466,0
727467,0
727468,0
727469,0
727470,0
727471,0
727472,0
727473,0
727474,0
727475,0
727476,0
727477,0
727478,0
727479,0
727480,0
727481,0
727482,0
727483,0
727484,0
727485,0
727486,0
727487,0
727488,0
727489,0
727490,0
727491,0
727492,0
727493,0
727494,0
727495,0
727496,0
727497,0
727498,0
727499,0
727500,0
727501,0
727502,0
727503,0
727504,0
727505,0
727506,0
727507,0
727508,0
727509,0
727510,0
727511,0
727512,0
727513,0
727514,0
727515,0
727516,0
727517,0
727518,0
727519,0
727520,0
727521,0
727522,0
727523,0
727524,0
727525,0
727526,0
727527,0
727528,0
727529,0
727530,0
727531,0
727532,0
727533,0
727534,0
727535,0
727536,0
727537,0
727538,0
727539,0
727540,0
727541,0
727542,0
727543,0
727544,0
727545,0
727546,0
727547,0
727548,0
727549,0
727550,0
727551,0
727552,0
727553,0
727554,0
727555,0
727556,0
727557,0
727558,0
727559,0
727560,0
727561,0
727562,0
727563,0
727564,0
727565,0
727566,0
727567,0
727568,0
727569,0
727570,0
727571,0
727572,1
727573,0
727574,0
727575,0
727576,0
727577,0
727578,0
727579,0
727580,0
727581,0
727582,0
727583,0
727584,0
727585,0
727586,0
727587,0
727588,0
727589,0
727590,0
727591,0
727592,0
727593,0
727594,0
727595,0
727596,0
727597,0
727598,0
727599,0
727600,0
727601,0
727602,0
727603,0
727604,0
727605,0
727606,0
727607,0
727608,0
727609,0
727610,29
727611,0
727612,33
727613,0
727614,11
727615,16
727616,0
727617,0
727618,0
727619,0
727620,0
727621,20
727622,0
727623,0
727624,41
727625,0
727626,0
727627,0
727628,0
727629,0
727630,26
727631,0
727632,0
727633,17
727634,0
727635,0
727636,0
727637,0
727638,0
727639,0
727640,0
727641,25
727642,0
727643,0
727644,22
727645,0
727646,0
727647,0
727648,0
727649,0
727650,0
727651,18
727652,0
727653,0
727654,0
727655,0
727656,17
727657,16
727658,18
727659,0
727660,0
727661,0
727662,0
727663,25
727664,0
727665,0
727666,0
727667,30
727668,0
727669,13
727670,0
727671,20
727672,0
727673,0
727674,0
727675,0
727676,0
727677,0
727678,19
727679,0
727680,22
727681,0
727682,19
727683,0
727684,0
727685,0
727686,18
727687,0
727688,0
727689,0
727690,0
727691,0
727692,0
727693,0
727694,0
727695,14
727696,0
727697,0
727698,0
727699,0
727700,0
727701,0
727702,0
727703,0
727704,0
727705,0
727706,33
727707,0
727708,0
727709,35
727710,0
727711,0
727712,19
727713,0
727714,0
727715,0
727716,17
727717,0
727718,0
727719,0
727720,0
727721,0
727722,20
727723,19
727724,0
727725,0
727726,0
727727,16
727728,0
727729,0
727730,0
727731,0
727732,21
727733,0
727734,0
727735,24
727736,0
727737,0
727738,0
727739,0
727740,0
727741,0
727742,0
727743,0
727744,12
727745,0
727746,0
727747,0
727748,0
727749,0
727750,0
727751,0
727752,0
727753,14
727754,19
727755,0
727756,24
727757,0
727758,21
727759,0
727760,0
727761,0
727762,0
727763,0
727764,0
727765,0
727766,0
727767,0
727768,0
727769,0
727770,21
727771,0
727772,0
727773,0
727774,0
727775,0
727776,0
727777,0
727778,34
727779,0
727780,0
727781,17
727782,0
727783,0
727784,0
727785,17
727786,0
727787,0
727788,0
727789,0
727790,0
727791,17
727792,22
727793,0
727794,0
727795,0
727796,0
727797,0
727798,0
727799,0
727800,0
727801,26
727802,0
727803,17
727804,0
727805,0
727806,0
727807,0
727808,0
727809,0
727810,0
727811,0
727812,31
727813,0
727814,0
727815,0
727816,0
727817,0
727818,0
727819,0
727820,0
727821,0
727822,0
727823,0
727824,0
727825,0
727826,0
727827,0
727828,0
727829,0
727830,25
727831,0
727832,0
727833,0
727834,0
727835,0
727836,0
727837,0
727838,0
727839,0
727840,0
727841,0
727842,0
727843,0
727844,33
727845,19
727846,0
727847,17
727848,0
727849,0
727850,20
727851,0
727852,0
727853,0
727854,0
727855,0
727856,0
727857,16
727858,27
727859,0
727860,0
727861,0
727862,0
727863,0
727864,0
727865,0
727866,0
727867,0
727868,0
727869,0
727870,0
727871,0
727872,0
727873,0
727874,0
727875,0
727876,0
727877,0
727878,0
727879,0
727880,0
727881,17
727882,0
727883,0
727884,0
727885,0
727886,0
727887,0
727888,0
727889,0
727890,28
727891,0
727892,0
727893,22
727894,0
727895,0
727896,0
727897,0
727898,0
727899,0
727900,0
727901,0
727902,0
727903,0
727904,29
727905,0
727906,0
727907,0
727908,0
727909,0
727910,0
727911,0
727912,0
727913,18
727914,0
727915,0
727916,13
727917,29
727918,0
727919,0
727920,0
727921,0
727922,0
727923,18
727924,0
727925,0
727926,0
727927,0
727928,0
727929,32
727930,0
727931,0
727932,21
727933,0
727934,27
727935,0
727936,0
727937,22
727938,0
727939,0
727940,12
727941,0
727942,0
727943,17
727944,0
727945,0
727946,0
727947,0
727948,0
727949,13
727950,0
727951,0
727952,0
727953,0
727954,15
727955,0
727956,0
727957,0
727958,0
727959,0
727960,0
727961,0
727962,12
727963,0
727964,22
727965,0
727966,0
727967,0
727968,11
727969,0
727970,0
727971,17
727972,28
727973,0
727974,0
727975,0
727976,0
727977,21
727978,0
727979,15
727980,0
727981,0
727982,0
727983,0
727984,23
727985,0
727986,0
727987,0
727988,0
727989,0
727990,0
727991,0
727992,0
727993,0
727994,0
727995,0
727996,0
727997,14
727998,0
727999,0
728000,0
728001,0
728002,0
728003,0
728004,0
728005,16
728006,0
728007,0
728008,0
728009,0
728010,0
728011,17
728012,0
728013,0
728014,0
728015,20
728016,0
728017,17
728018,0
728019,0
728020,0
728021,0
728022,0
728023,0
728024,0
728025,19
728026,0
728027,0
728028,0
728029,0
728030,0
728031,0
728032,0
728033,26
728034,0
728035,25
728036,0
728037,28
728038,0
728039,0
728040,0
728041,0
728042,22
728043,0
728044,0
728045,19
728046,0
728047,0
728048,0
728049,0
728050,0
728051,0
728052,20
728053,0
728054,0
728055,0
728056,0
728057,0
728058,26
728059,0
728060,19
728061,0
728062,0
728063,0
728064,0
728065,26
728066,0
728067,0
728068,0
728069,0
728070,33
728071,0
728072,0
728073,30
728074,0
728075,0
728076,0
728077,0
728078,0
728079,18
728080,0
728081,0
728082,29
728083,0
728084,0
728085,0
728086,0
728087,0
728088,23
728089,0
728090,15
728091,0
728092,0
728093,0
728094,0
728095,0
728096,22
728097,0
728098,0
728099,0
728100,22
728101,0
728102,0
728103,0
728104,0
728105,0
728106,0
728107,0
728108,0
728109,0
728110,0
728111,19
728112,13
728113,0
728114,22
728115,0
728116,0
728117,0
728118,0
728119,0
728120,0
728121,0
728122,0
728123,31
728124,0
728125,0
728126,14
728127,21
728128,0
728129,0
728130,0
728131,0
728132,0
728133,0
728134,24
728135,25
728136,0
728137,22
728138,0
728139,0
728140,21
728141,0
728142,0
728143,0
728144,0
728145,28
728146,0
728147,0
728148,0
728149,0
728150,23
728151,17
728152,0
728153,6
728154,19
728155,12
728156,0
728157,0
728158,0
728159,0
728160,0
728161,0
728162,0
728163,0
728164,0
728165,0
728166,0
728167,0
728168,0
728169,0
728170,19
728171,17
728172,0
728173,0
728174,0
728175,0
728176,0
728177,0
728178,0
728179,0
728180,0
728181,0
728182,0
728183,0
728184,0
728185,0
728186,0
728187,0
728188,0
728189,0
728190,0
728191,0
728192,12
728193,17
728194,0
728195,19
728196,23
728197,0
728198,0
728199,0
728200,0
728201,0
728202,0
728203,0
728204,0
728205,0
728206,0
728207,17
728208,0
728209,0
728210,0
728211,0
728212,0
728213,0
728214,32
728215,0
728216,0
728217,0
728218,0
728219,15
728220,0
728221,0
728222,0
728223,0
728224,0
728225,0
728226,0
728227,0
728228,0
728229,0
728230,0
728231,0
728232,0
728233,20
728234,15
728235,0
728236,16
728237,0
728238,0
728239,0
728240,0
728241,0
728242,0
728243,0
728244,0
728245,14
728246,17
728247,0
728248,0
728249,0
728250,15
728251,18
728252,0
728253,0
728254,18
728255,15
728256,0
728257,0
728258,0
728259,0
728260,30
728261,0
728262,11
728263,0
728264,0
728265,18
728266,0
728267,0
728268,31
728269,0
728270,0
728271,0
728272,0
728273,24
728274,17
728275,11
728276,0
728277,0
728278,0
728279,23
728280,0
728281,17
728282,0
728283,0
728284,17
728285,11
728286,0
728287,0
728288,0
728289,0
728290,0
728291,20
728292,26
728293,0
728294,21
728295,0
728296,0
728297,14
728298,15
728299,0
728300,0
728301,0
728302,0
728303,28
728304,38
728305,26
728306,31
728307,0
728308,0
728309,0
728310,0
728311,0
728312,0
728313,0
728314,0
728315,0
728316,0
728317,19
728318,0
728319,0
728320,0
728321,0
728322,0
728323,0
728324,0
728325,0
728326,0
728327,0
728328,0
728329,0
728330,0
728331,0
728332,0
728333,0
728334,21
728335,0
728336,26
728337,0
728338,0
728339,0
728340,0
728341,0
728342,0
728343,0
728344,0
728345,0
728346,0
728347,0
728348,0
728349,0
728350,0
728351,0
728352,0
728353,0
728354,0
728355,0
728356,0
728357,0
728358,0
728359,0
728360,0
728361,0
728362,0
728363,0
728364,0
728365,0
728366,0
728367,0
728368,0
728369,19
728370,0
728371,30
728372,22
728373,0
728374,0
728375,0
728376,0
728377,0
728378,0
728379,0
728380,0
728381,0
728382,0
728383,0
728384,0
728385,0
728386,0
728387,0
728388,0
728389,0
728390,14
728391,0
728392,0
728393,0
728394,0
728395,0
728396,0
728397,19
728398,0
728399,0
728400,0
728401,0
728402,36
728403,0
728404,0
728405,0
728406,0
728407,27
728408,0
728409,0
728410,0
728411,0
728412,0
728413,0
728414,0
728415,0
728416,0
728417,15
728418,0
728419,0
728420,0
728421,42
728422,0
728423,0
728424,0
728425,0
728426,0
728427,0
728428,0
728429,0
728430,0
728431,0
728432,0
728433,0
728434,0
728435,0
728436,0
728437,0
728438,0
728439,33
728440,0
728441,0
728442,0
728443,0
728444,0
728445,0
728446,0
728447,0
728448,0
728449,0
728450,0
728451,0
728452,0
728453,26
728454,0
728455,0
728456,27
728457,0
728458,0
728459,0
728460,0
728461,0
728462,0
728463,0
728464,23
728465,0
728466,0
728467,0
728468,0
728469,0
728470,0
728471,0
728472,0
728473,0
728474,27
728475,0
728476,0
728477,0
728478,26
728479,0
728480,0
728481,0
728482,0
728483,0
728484,0
728485,0
728486,0
728487,26
728488,0
728489,0
728490,0
728491,0
728492,0
728493,19
728494,0
728495,33
728496,0
728497,0
728498,21
728499,0
728500,41
728501,0
728502,0
728503,0
728504,0
728505,0
728506,0
728507,28
728508,0
728509,0
728510,0
728511,0
728512,20
728513,16
728514,0
728515,0
728516,0
728517,0
728518,26
728519,0
728520,0
728521,0
728522,27
728523,0
728524,0
728525,0
728526,0
728527,0
728528,0
728529,0
728530,0
728531,0
728532,0
728533,0
728534,0
728535,0
728536,0
728537,0
728538,0
728539,0
728540,0
728541,0
728542,0
728543,0
728544,0
728545,21
728546,44
728547,0
728548,26
728549,0
728550,0
728551,0
728552,0
728553,0
728554,36
728555,0
728556,0
728557,0
728558,0
728559,0
728560,0
728561,0
728562,0
728563,0
728564,0
728565,0
728566,0
728567,0
728568,0
728569,0
728570,0
728571,12
728572,0
728573,0
728574,22
728575,0
728576,0
728577,0
728578,0
728579,0
728580,0
728581,0
728582,0
728583,0
728584,23
728585,0
728586,0
728587,0
728588,0
728589,17
728590,17
728591,0
728592,0
728593,0
728594,0
728595,0
728596,0
728597,0
728598,0
728599,16
728600,17
728601,0
728602,0
728603,0
728604,0
728605,12
728606,0
728607,19
728608,0
728609,24
728610,0
728611,0
728612,29
728613,0
728614,0
728615,0
728616,0
728617,0
728618,0
728619,24
728620,0
728621,0
728622,0
728623,0
728624,0
728625,0
728626,0
728627,0
728628,0
728629,26
728630,0
728631,0
728632,0
728633,0
728634,0
728635,0
728636,0
728637,0
728638,0
728639,0
728640,0
728641,0
728642,0
728643,21
728644,0
728645,0
728646,0
728647,30
728648,0
728649,19
728650,0
728651,0
728652,0
728653,0
728654,0
728655,0
728656,0
728657,0
728658,0
728659,0
728660,0
728661,16
728662,0
728663,23
728664,0
728665,0
728666,0
728667,0
728668,0
728669,0
728670,0
728671,0
728672,0
728673,0
728674,14
728675,0
728676,24
728677,0
728678,0
728679,0
728680,0
728681,0
728682,34
728683,0
728684,38
728685,0
728686,0
728687,23
728688,30
728689,0
728690,0
728691,0
728692,0
728693,0
728694,0
728695,0
728696,0
728697,0
728698,0
728699,0
728700,0
728701,0
728702,0
728703,0
728704,0
728705,0
728706,0
728707,50
728708,0
728709,0
728710,0
728711,0
728712,0
728713,0
728714,0
728715,0
728716,0
728717,0
728718,0
728719,0
728720,0
728721,0
728722,15
728723,0
728724,32
728725,0
728726,0
728727,0
728728,0
728729,0
728730,0
728731,0
728732,27
728733,0
728734,0
728735,0
728736,0
728737,0
728738,0
728739,0
728740,0
728741,0
728742,0
728743,0
728744,0
728745,0
728746,0
728747,0
728748,0
728749,0
728750,0
728751,17
728752,0
728753,0
728754,0
728755,0
728756,0
728757,0
728758,0
728759,0
728760,0
728761,0
728762,0
728763,0
728764,24
728765,20
728766,0
728767,0
728768,0
728769,32
728770,0
728771,0
728772,0
728773,0
728774,0
728775,0
728776,16
728777,0
728778,26
728779,24
728780,32
728781,0
728782,35
728783,0
728784,0
728785,0
728786,0
728787,0
728788,0
728789,0
728790,0
728791,18
728792,0
728793,0
728794,0
728795,0
728796,0
728797,0
728798,0
728799,0
728800,0
728801,0
728802,0
728803,0
728804,0
728805,0
728806,23
728807,18
728808,0
728809,0
728810,0
728811,0
728812,0
728813,0
728814,0
728815,41
728816,0
728817,0
728818,27
728819,0
728820,0
728821,0
728822,0
728823,0
728824,35
728825,0
728826,0
728827,0
728828,0
728829,0
728830,0
728831,0
728832,0
728833,0
728834,0
728835,0
728836,0
728837,15
728838,0
728839,0
728840,0
728841,0
728842,0
728843,0
728844,0
728845,0
728846,14
728847,0
728848,0
728849,34
728850,0
728851,0
728852,25
728853,0
728854,26
728855,0
728856,0
728857,0
728858,0
728859,0
728860,0
728861,0
728862,0
728863,26
728864,0
728865,24
728866,0
728867,0
728868,0
728869,0
728870,0
728871,0
728872,0
728873,0
728874,0
728875,0
728876,24
728877,30
728878,18
728879,0
728880,0
728881,0
728882,0
728883,0
728884,0
728885,0
728886,28
728887,0
728888,0
728889,0
728890,0
728891,0
728892,0
728893,0
728894,0
728895,28
728896,0
728897,0
728898,16
728899,0
728900,0
728901,0
728902,0
728903,0
728904,0
728905,0
728906,28
728907,0
728908,0
728909,0
728910,28
728911,0
728912,0
728913,0
728914,0
728915,0
728916,0
728917,0
728918,0
728919,0
728920,0
728921,0
728922,0
728923,0
728924,0
728925,0
728926,0
728927,29
728928,33
728929,0
728930,0
728931,0
728932,0
728933,0
728934,28
728935,0
728936,0
728937,0
728938,0
728939,0
728940,0
728941,18
728942,0
728943,0
728944,15
728945,0
728946,0
728947,0
728948,0
728949,0
728950,0
728951,0
728952,0
728953,26
728954,30
728955,22
728956,18
728957,0
728958,0
728959,0
728960,0
728961,0
728962,25
728963,0
728964,0
728965,0
728966,20
728967,0
728968,0
728969,0
728970,0
728971,0
728972,0
728973,0
728974,0
728975,0
728976,29
728977,0
728978,0
728979,0
728980,0
728981,0
728982,31
728983,18
728984,22
728985,0
728986,0
728987,0
728988,0
728989,0
728990,0
728991,0
728992,0
728993,0
728994,0
728995,0
728996,0
728997,0
728998,0
728999,0
729000,0
729001,0
729002,0
729003,27
729004,0
729005,0
729006,0
729007,31
729008,20
729009,0
729010,0
729011,0
729012,0
729013,0
729014,28
729015,22
729016,0
729017,0
729018,27
729019,24
729020,0
729021,0
729022,18
729023,0
729024,19
729025,0
729026,0
729027,0
729028,0
729029,23
729030,0
729031,0
729032,0
729033,0
729034,0
729035,0
729036,0
729037,0
729038,25
729039,22
729040,14
729041,0
729042,0
729043,0
729044,0
729045,0
729046,0
729047,0
729048,32
729049,0
729050,32
729051,10
729052,0
729053,0
729054,0
729055,0
729056,0
729057,0
729058,0
729059,26
729060,0
729061,0
729062,0
729063,0
729064,0
729065,0
729066,0
729067,0
729068,0
729069,17
729070,0
729071,0
729072,0
729073,0
729074,36
729075,33
729076,0
729077,0
729078,0
729079,34
729080,32
729081,29
729082,0
729083,0
729084,29
729085,0
729086,0
729087,0
729088,0
729089,0
729090,0
729091,0
729092,0
729093,0
729094,0
729095,0
729096,39
729097,0
729098,0
729099,31
729100,0
729101,0
729102,27
729103,0
729104,0
729105,0
729106,37
729107,0
729108,0
729109,35
729110,0
729111,0
729112,0
729113,13
729114,23
729115,0
729116,0
729117,0
729118,28
729119,0
729120,0
729121,0
729122,0
729123,0
729124,0
729125,30
729126,29
729127,0
729128,0
729129,0
729130,26
729131,0
729132,28
729133,0
729134,0
729135,0
729136,0
729137,24
729138,29
729139,0
729140,0
729141,0
729142,0
729143,48
729144,22
729145,0
729146,0
729147,0
729148,0
729149,0
729150,0
729151,0
729152,31
729153,0
729154,0
729155,0
729156,0
729157,0
729158,26
729159,0
729160,33
729161,0
729162,33
729163,0
729164,0
729165,0
729166,0
729167,28
729168,0
729169,0
729170,0
729171,22
729172,0
729173,0
729174,0
729175,0
729176,0
729177,0
729178,0
729179,0
729180,0
729181,0
729182,0
729183,30
729184,0
729185,0
729186,0
729187,0
729188,0
729189,28
729190,0
729191,0
729192,0
729193,0
729194,22
729195,17
729196,0
729197,0
729198,0
729199,0
729200,0
729201,0
729202,0
729203,0
729204,0
729205,0
729206,16
729207,17
729208,0
729209,0
729210,0
729211,0
729212,0
729213,26
729214,0
729215,0
729216,0
729217,31
729218,19
729219,0
729220,0
729221,30
729222,0
729223,0
729224,0
729225,0
729226,0
729227,31
729228,0
729229,0
729230,0
729231,0
729232,0
729233,0
729234,24
729235,0
729236,25
729237,0
729238,0
729239,0
729240,29
729241,0
729242,0
729243,0
729244,22
729245,18
729246,0
729247,24
729248,0
729249,0
729250,0
729251,24
729252,0
729253,0
729254,0
729255,0
729256,13
729257,0
729258,0
729259,23
729260,19
729261,0
729262,0
729263,20
729264,0
729265,0
729266,31
729267,0
729268,27
729269,0
729270,0
729271,0
729272,0
729273,0
729274,0
729275,0
729276,0
729277,13
729278,0
729279,0
729280,0
729281,22
729282,0
729283,0
729284,0
729285,0
729286,0
729287,0
729288,0
729289,0
729290,0
729291,0
729292,0
729293,0
729294,32
729295,0
729296,23
729297,0
729298,0
729299,25
729300,0
729301,0
729302,0
729303,0
729304,0
729305,0
729306,0
729307,0
729308,33
729309,26
729310,0
729311,24
729312,0
729313,0
729314,0
729315,23
729316,0
729317,0
729318,0
729319,0
729320,0
729321,0
729322,0
729323,0
729324,0
729325,0
729326,0
729327,0
729328,0
729329,0
729330,0
729331,0
729332,0
729333,0
729334,0
729335,0
729336,0
729337,0
729338,24
729339,0
729340,0
729341,0
729342,0
729343,0
729344,0
729345,0
729346,0
729347,0
729348,0
729349,30
729350,0
729351,0
729352,0
729353,0
729354,0
729355,0
729356,0
729357,0
729358,0
729359,0
729360,0
729361,32
729362,0
729363,34
729364,20
729365,0
729366,0
729367,0
729368,0
729369,0
729370,0
729371,0
729372,0
729373,0
729374,27
729375,0
729376,0
729377,0
729378,23
729379,28
729380,0
729381,0
729382,0
729383,0
729384,0
729385,0
729386,0
729387,0
729388,23
729389,15
729390,0
729391,24
729392,0
729393,0
729394,0
729395,0
729396,0
729397,0
729398,31
729399,0
729400,0
729401,35
729402,23
729403,0
729404,0
729405,0
729406,0
729407,0
729408,0
729409,0
729410,0
729411,0
729412,0
729413,34
729414,0
729415,0
729416,31
729417,0
729418,16
729419,0
729420,0
729421,0
729422,0
729423,0
729424,27
729425,24
729426,0
729427,29
729428,0
729429,32
729430,0
729431,0
729432,0
729433,0
729434,0
729435,0
729436,0
729437,0
729438,0
729439,0
729440,0
729441,0
729442,0
729443,0
729444,0
729445,0
729446,0
729447,0
729448,0
729449,0
729450,0
729451,0
729452,0
729453,26
729454,0
729455,21
729456,0
729457,19
729458,0
729459,0
729460,24
729461,0
729462,0
729463,0
729464,22
729465,0
729466,0
729467,0
729468,0
729469,0
729470,21
729471,0
729472,0
729473,0
729474,0
729475,31
729476,19
729477,0
729478,0
729479,0
729480,0
729481,0
729482,22
729483,0
729484,0
729485,28
729486,0
729487,31
729488,0
729489,0
729490,26
729491,0
729492,26
729493,29
729494,0
729495,0
729496,0
729497,0
729498,0
729499,0
729500,0
729501,0
729502,0
729503,0
729504,0
729505,0
729506,0
729507,0
729508,0
729509,31
729510,0
729511,0
729512,0
729513,32
729514,0
729515,0
729516,0
729517,19
729518,0
729519,0
729520,0
729521,0
729522,31
729523,0
729524,0
729525,0
729526,0
729527,0
729528,0
729529,0
729530,0
729531,28
729532,0
729533,20
729534,0
729535,0
729536,0
729537,0
729538,0
729539,0
729540,0
729541,0
729542,0
729543,0
729544,0
729545,0
729546,30
729547,0
729548,0
729549,29
729550,0
729551,0
729552,38
729553,0
729554,0
729555,32
729556,0
729557,31
729558,0
729559,0
729560,26
729561,0
729562,0
729563,0
729564,0
729565,0
729566,0
729567,29
729568,0
729569,0
729570,0
729571,29
729572,0
729573,0
729574,0
729575,0
729576,0
729577,0
729578,0
729579,0
729580,0
729581,0
729582,0
729583,18
729584,30
729585,0
729586,0
729587,0
729588,0
729589,0
729590,0
729591,0
729592,0
729593,0
729594,0
729595,0
729596,25
729597,0
729598,0
729599,0
729600,0
729601,0
729602,0
729603,0
729604,0
729605,0
729606,0
729607,0
729608,0
729609,0
729610,38
729611,20
729612,34
729613,0
729614,0
729615,0
729616,0
729617,0
729618,0
729619,21
729620,0
729621,0
729622,0
729623,0
729624,0
729625,0
729626,0
729627,0
729628,0
729629,19
729630,0
729631,0
729632,0
729633,0
729634,33
729635,0
729636,0
729637,0
729638,0
729639,0
729640,0
729641,0
729642,0
729643,0
729644,34
729645,17
729646,0
729647,0
729648,33
729649,0
729650,11
729651,30
729652,0
729653,31
729654,0
729655,12
729656,0
729657,0
729658,0
729659,0
729660,22
729661,0
729662,0
729663,18
729664,0
729665,29
729666,20
729667,0
729668,0
729669,0
729670,0
729671,0
729672,0
729673,0
729674,0
729675,0
729676,20
729677,35
729678,0
729679,0
729680,0
729681,0
729682,0
729683,0
729684,24
729685,0
729686,0
729687,28
729688,25
729689,0
729690,0
729691,0
729692,0
729693,0
729694,0
729695,0
729696,0
729697,0
729698,0
729699,0
729700,22
729701,0
729702,0
729703,0
729704,17
729705,0
729706,0
729707,0
729708,20
729709,0
729710,21
729711,0
729712,0
729713,0
729714,0
729715,0
729716,0
729717,0
729718,0
729719,0
729720,0
729721,0
729722,0
729723,30
729724,0
729725,0
729726,0
729727,0
729728,35
729729,0
729730,0
729731,0
729732,0
729733,0
729734,0
729735,16
729736,0
729737,0
729738,0
729739,0
729740,0
729741,0
729742,0
729743,0
729744,0
729745,31
729746,0
729747,0
729748,0
729749,0
729750,21
729751,26
729752,21
729753,0
729754,27
729755,0
729756,0
729757,23
729758,0
729759,19
729760,0
729761,0
729762,0
729763,26
729764,0
729765,0
729766,19
729767,0
729768,0
729769,43
729770,0
729771,0
729772,23
729773,0
729774,25
729775,22
729776,0
729777,0
729778,0
729779,30
729780,0
729781,0
729782,34
729783,0
729784,0
729785,0
729786,0
729787,0
729788,0
729789,0
729790,0
729791,0
729792,0
729793,0
729794,0
729795,0
729796,0
729797,28
729798,0
729799,0
729800,19
729801,26
729802,0
729803,0
729804,31
729805,0
729806,0
729807,0
729808,0
729809,0
729810,0
729811,0
729812,0
729813,0
729814,0
729815,19
729816,0
729817,0
729818,19
729819,0
729820,26
729821,0
729822,0
729823,35
729824,0
729825,0
729826,0
729827,26
729828,0
729829,0
729830,0
729831,0
729832,0
729833,0
729834,0
729835,0
729836,0
729837,0
729838,0
729839,0
729840,0
729841,19
729842,25
729843,23
729844,0
729845,0
729846,0
729847,0
729848,30
729849,0
729850,0
729851,0
729852,0
729853,0
729854,0
729855,0
729856,0
729857,0
729858,0
729859,26
729860,20
729861,0
729862,0
729863,0
729864,0
729865,30
729866,0
729867,0
729868,0
729869,0
729870,0
729871,0
729872,0
729873,0
729874,0
729875,0
729876,24
729877,37
729878,0
729879,0
729880,0
729881,0
729882,36
729883,0
729884,0
729885,0
729886,29
729887,0
729888,0
729889,0
729890,26
729891,0
729892,0
729893,0
729894,0
729895,0
729896,0
729897,0
729898,25
729899,27
729900,28
729901,0
729902,0
729903,0
729904,0
729905,0
729906,0
729907,0
729908,0
729909,0
729910,0
729911,0
729912,25
729913,0
729914,0
729915,28
729916,25
729917,10
729918,27
729919,0
729920,0
729921,0
729922,0
729923,23
729924,0
729925,24
729926,20
729927,0
729928,0
729929,0
729930,29
729931,0
729932,0
729933,25
729934,0
729935,35
729936,0
729937,0
729938,29
729939,0
729940,31
729941,0
729942,18
729943,0
729944,14
729945,0
729946,23
729947,14
729948,25
729949,0
729950,0
729951,0
729952,0
729953,0
729954,24
729955,0
729956,0
729957,16
729958,16
729959,0
729960,0
729961,0
729962,0
729963,0
729964,0
729965,0
729966,0
729967,0
729968,0
729969,0
729970,0
729971,0
729972,0
729973,18
729974,12
729975,0
729976,0
729977,20
729978,17
729979,0
729980,0
729981,0
729982,20
729983,0
729984,0
729985,0
729986,0
729987,0
729988,0
729989,27
729990,22
729991,0
729992,0
729993,0
729994,0
729995,0
729996,14
729997,0
729998,0
729999,0
730000,23
730001,0
730002,0
730003,25
730004,0
730005,11
730006,0
730007,0
730008,0
730009,0
730010,0
730011,0
730012,0
730013,0
730014,0
730015,0
730016,0
730017,27
730018,0
730019,23
730020,0
730021,0
730022,0
730023,0
730024,21
730025,0
730026,23
730027,0
730028,0
730029,0
730030,0
730031,0
730032,0
730033,0
730034,0
730035,16
730036,0
730037,18
730038,0
730039,0
730040,0
730041,0
730042,11
730043,0
730044,0
730045,0
730046,0
730047,0
730048,0
730049,0
730050,0
730051,22
730052,0
730053,0
730054,0
730055,0
730056,0
730057,0
730058,22
730059,26
730060,0
730061,18
730062,19
730063,18
730064,0
730065,0
730066,0
730067,0
730068,0
730069,0
730070,16
730071,21
730072,0
730073,29
730074,0
730075,0
730076,0
730077,0
730078,0
730079,0
730080,0
730081,0
730082,21
730083,23
730084,0
730085,0
730086,0
730087,0
730088,20
730089,0
730090,16
730091,20
730092,0
730093,0
730094,24
730095,0
730096,20
730097,23
730098,27
730099,0
730100,0
730101,0
730102,0
730103,0
730104,0
730105,0
730106,0
730107,0
730108,0
730109,0
730110,0
730111,0
730112,20
730113,22
730114,0
730115,0
730116,0
730117,0
730118,0
730119,0
730120,0
730121,0
730122,0
730123,0
730124,0
730125,0
730126,0
730127,0
730128,0
730129,0
730130,0
730131,0
730132,0
730133,0
730134,0
730135,0
730136,0
730137,0
730138,28
730139,0
730140,15
730141,26
730142,0
730143,0
730144,21
730145,0
730146,0
730147,0
730148,20
730149,19
730150,0
730151,20
730152,17
730153,0
730154,0
730155,0
730156,0
730157,0
730158,0
730159,15
730160,20
730161,0
730162,14
730163,13
730164,0
730165,0
730166,0
730167,0
730168,0
730169,24
730170,0
730171,0
730172,0
730173,0
730174,0
730175,0
730176,0
730177,12
730178,0
730179,19
730180,27
730181,0
730182,15
730183,0
730184,0
730185,21
730186,0
730187,0
730188,0
730189,14
730190,0
730191,0
730192,11
730193,0
730194,0
730195,0
730196,0
730197,0
730198,0
730199,0
730200,0
730201,21
730202,0
730203,0
730204,0
730205,0
730206,0
730207,20
730208,16
730209,17
730210,0
730211,0
730212,21
730213,0
730214,0
730215,0
730216,0
730217,0
730218,0
730219,11
730220,0
730221,0
730222,0
730223,10
730224,30
730225,18
730226,19
730227,15
730228,0
730229,17
730230,0
730231,0
730232,0
730233,0
730234,0
730235,0
730236,0
730237,0
730238,0
730239,23
730240,0
730241,0
730242,0
730243,0
730244,0
730245,0
730246,0
730247,0
730248,20
730249,10
730250,0
730251,0
730252,22
730253,0
730254,18
730255,0
730256,22
730257,0
730258,0
730259,22
730260,0
730261,0
730262,0
730263,0
730264,0
730265,0
730266,0
730267,0
730268,0
730269,0
730270,0
730271,0
730272,22
730273,0
730274,0
730275,17
730276,21
730277,0
730278,0
730279,0
730280,19
730281,0
730282,13
730283,0
730284,17
730285,18
730286,0
730287,0
730288,0
730289,0
730290,0
730291,0
730292,0
730293,0
730294,0
730295,0
730296,29
730297,0
730298,0
730299,0
730300,0
730301,0
730302,23
730303,18
730304,0
730305,0
730306,23
730307,0
730308,0
730309,0
730310,0
730311,0
730312,0
730313,0
730314,0
730315,19
730316,0
730317,0
730318,17
730319,23
730320,0
730321,16
730322,0
730323,24
730324,0
730325,0
730326,0
730327,0
730328,21
730329,18
730330,0
730331,0
730332,0
730333,0
730334,0
730335,0
730336,0
730337,18
730338,0
730339,0
730340,27
730341,20
730342,0
730343,0
730344,0
730345,0
730346,0
730347,0
730348,0
730349,27
730350,0
730351,0
730352,12
730353,19
730354,0
730355,0
730356,0
730357,22
730358,0
730359,0
730360,22
730361,0
730362,0
730363,0
730364,0
730365,0
730366,0
730367,0
730368,23
730369,0
730370,0
730371,17
730372,0
730373,0
730374,0
730375,0
730376,0
730377,0
730378,0
730379,22
730380,0
730381,0
730382,0
730383,0
730384,24
730385,19
730386,14
730387,16
730388,32
730389,0
730390,0
730391,18
730392,0
730393,19
730394,7
730395,18
730396,0
730397,8
730398,0
730399,0
730400,0
730401,28
730402,0
730403,0
730404,0
730405,0
730406,0
730407,0
730408,0
730409,0
730410,0
730411,0
730412,18
730413,24
730414,24
730415,0
730416,30
730417,0
730418,22
730419,0
730420,0
730421,0
730422,16
730423,0
730424,0
730425,21
730426,0
730427,0
730428,35
730429,0
730430,18
730431,0
730432,0
730433,0
730434,0
730435,22
730436,18
730437,21
730438,21
730439,18
730440,0
730441,0
730442,0
730443,23
730444,24
730445,0
730446,0
730447,0
730448,0
730449,0
730450,0
730451,0
730452,0
730453,0
730454,0
730455,26
730456,0
730457,0
730458,0
730459,17
730460,0
730461,0
730462,0
730463,13
730464,19
730465,19
730466,0
730467,0
730468,0
730469,10
730470,29
730471,14
730472,0
730473,0
730474,21
730475,0
730476,15
730477,0
730478,0
730479,0
730480,0
730481,19
730482,0
730483,0
730484,16
730485,0
730486,0
730487,21
730488,0
730489,0
730490,0
730491,19
730492,13
730493,0
730494,0
730495,0
730496,0
730497,0
730498,17
730499,0
730500,0
730501,0
730502,0
730503,26
730504,0
730505,0
730506,0
730507,0
730508,0
730509,0
730510,0
730511,15
730512,0
730513,0
730514,0
730515,0
730516,0
730517,23
730518,0
730519,16
730520,0
730521,0
730522,0
730523,0
730524,0
730525,0
730526,0
730527,0
730528,0
730529,0
730530,0
730531,12
730532,0
730533,0
730534,0
730535,18
730536,0
730537,0
730538,20
730539,0
730540,19
730541,14
730542,0
730543,0
730544,0
730545,0
730546,0
730547,23
730548,0
730549,0
730550,29
730551,0
730552,28
730553,18
730554,0
730555,0
730556,0
730557,26
730558,0
730559,0
730560,0
730561,0
730562,0
730563,0
730564,0
730565,0
730566,0
730567,0
730568,19
730569,0
730570,0
730571,0
730572,0
730573,0
730574,18
730575,0
730576,0
730577,0
730578,0
730579,27
730580,0
730581,15
730582,0
730583,25
730584,21
730585,0
730586,20
730587,17
730588,0
730589,0
730590,0
730591,0
730592,0
730593,0
730594,0
730595,0
730596,0
730597,0
730598,0
730599,0
730600,17
730601,0
730602,0
730603,0
730604,0
730605,0
730606,0
730607,0
730608,0
730609,0
730610,0
730611,0
730612,20
730613,0
730614,0
730615,0
730616,0
730617,0
730618,0
730619,16
730620,0
730621,21
730622,18
730623,14
730624,0
730625,0
730626,10
730627,0
730628,0
730629,0
730630,0
730631,0
730632,0
730633,0
730634,18
730635,0
730636,0
730637,0
730638,0
730639,17
730640,0
730641,0
730642,8
730643,24
730644,0
730645,20
730646,0
730647,0
730648,0
730649,0
730650,0
730651,0
730652,0
730653,0
730654,0
730655,0
730656,0
730657,0
730658,0
730659,0
730660,0
730661,23
730662,26
730663,0
730664,0
730665,0
730666,18
730667,0
730668,0
730669,0
730670,0
730671,0
730672,0
730673,0
730674,0
730675,0
730676,0
730677,28
730678,0
730679,0
730680,17
730681,18
730682,21
730683,0
730684,0
730685,22
730686,0
730687,0
730688,0
730689,0
730690,0
730691,0
730692,0
730693,0
730694,0
730695,25
730696,0
730697,0
730698,0
730699,0
730700,14
730701,0
730702,0
730703,0
730704,33
730705,0
730706,0
730707,0
730708,0
730709,0
730710,0
730711,0
730712,0
730713,0
730714,0
730715,0
730716,0
730717,0
730718,34
730719,0
730720,0
730721,0
730722,0
730723,26
730724,0
730725,0
730726,0
730727,0
730728,0
730729,0
730730,0
730731,0
730732,0
730733,0
730734,0
730735,0
730736,0
730737,21
730738,0
730739,0
730740,0
730741,0
730742,0
730743,0
730744,0
730745,0
730746,37
730747,0
730748,0
730749,0
730750,0
730751,0
730752,0
730753,0
730754,0
730755,0
730756,0
730757,0
730758,30
730759,0
730760,0
730761,0
730762,28
730763,0
730764,0
730765,0
730766,0
730767,0
730768,0
730769,33
730770,0
730771,0
730772,0
730773,0
730774,0
730775,0
730776,33
730777,0
730778,0
730779,0
730780,0
730781,0
730782,0
730783,0
730784,0
730785,0
730786,0
730787,0
730788,0
730789,0
730790,0
730791,0
730792,22
730793,0
730794,0
730795,0
730796,0
730797,0
730798,0
730799,0
730800,0
730801,0
730802,0
730803,44
730804,0
730805,0
730806,0
730807,0
730808,0
730809,0
730810,0
730811,27
730812,0
730813,0
730814,38
730815,0
730816,0
730817,0
730818,0
730819,0
730820,0
730821,0
730822,0
730823,0
730824,0
730825,0
730826,0
730827,0
730828,0
730829,0
730830,0
730831,0
730832,0
730833,0
730834,0
730835,0
730836,0
730837,38
730838,0
730839,0
730840,0
730841,0
730842,0
730843,0
730844,0
730845,0
730846,0
730847,0
730848,0
730849,0
730850,0
730851,0
730852,32
730853,0
730854,0
730855,25
730856,0
730857,0
730858,0
730859,29
730860,35
730861,0
730862,0
730863,0
730864,0
730865,0
730866,20
730867,0
730868,0
730869,0
730870,0
730871,0
730872,0
730873,0
730874,0
730875,0
730876,0
730877,0
730878,0
730879,0
730880,0
730881,0
730882,0
730883,0
730884,0
730885,0
730886,0
730887,0
730888,0
730889,0
730890,0
730891,0
730892,0
730893,29
730894,0
730895,0
730896,0
730897,26
730898,0
730899,0
730900,0
730901,0
730902,0
730903,0
730904,29
730905,31
730906,0
730907,0
730908,0
730909,0
730910,24
730911,0
730912,0
730913,0
730914,0
730915,0
730916,0
730917,0
730918,0
730919,0
730920,0
730921,0
730922,40
730923,0
730924,0
730925,0
730926,0
730927,0
730928,0
730929,0
730930,0
730931,0
730932,0
730933,0
730934,0
730935,0
730936,0
730937,0
730938,0
730939,0
730940,0
730941,30
730942,0
730943,0
730944,0
730945,0
730946,0
730947,0
730948,0
730949,0
730950,0
730951,0
730952,0
730953,0
730954,0
730955,0
730956,0
730957,0
730958,0
730959,0
730960,0
730961,0
730962,39
730963,0
730964,0
730965,33
730966,0
730967,0
730968,0
730969,0
730970,0
730971,0
730972,0
730973,0
730974,0
730975,0
730976,0
730977,0
730978,0
730979,34
730980,0
730981,0
730982,0
730983,38
730984,0
730985,0
730986,0
730987,0
730988,0
730989,0
730990,0
730991,0
730992,0
730993,45
730994,0
730995,0
730996,0
730997,0
730998,0
730999,0
731000,0
731001,0
731002,21
731003,0
731004,0
731005,0
731006,0
731007,0
731008,0
731009,0
731010,0
731011,28
731012,0
731013,0
731014,0
731015,0
731016,0
731017,0
731018,0
731019,35
731020,0
731021,0
731022,0
731023,0
731024,0
731025,0
731026,0
731027,0
731028,0
731029,0
731030,0
731031,0
731032,0
731033,0
731034,32
731035,0
731036,0
731037,0
731038,0
731039,0
731040,0
731041,0
731042,0
731043,0
731044,36
731045,0
731046,29
731047,0
731048,0
731049,0
731050,0
731051,0
731052,0
731053,0
731054,0
731055,0
731056,0
731057,34
731058,18
731059,0
731060,0
731061,0
731062,0
731063,0
731064,0
731065,0
731066,0
731067,0
731068,0
731069,0
731070,0
731071,0
731072,0
731073,0
731074,0
731075,19
731076,0
731077,0
731078,0
731079,0
731080,0
731081,0
731082,0
731083,0
731084,0
731085,0
731086,0
731087,0
731088,0
731089,0
731090,0
731091,0
731092,0
731093,41
731094,0
731095,0
731096,0
731097,0
731098,0
731099,0
731100,0
731101,23
731102,22
731103,0
731104,0
731105,0
731106,0
731107,0
731108,0
731109,0
731110,0
731111,0
731112,0
731113,0
731114,0
731115,0
731116,42
731117,31
731118,0
731119,0
731120,0
731121,0
731122,0
731123,0
731124,38
731125,0
731126,0
731127,0
731128,0
731129,0
731130,0
731131,0
731132,42
731133,0
731134,0
731135,0
731136,0
731137,0
731138,37
731139,0
731140,27
731141,0
731142,0
731143,0
731144,0
731145,0
731146,0
731147,0
731148,0
731149,0
731150,0
731151,0
731152,0
731153,0
731154,0
731155,0
731156,36
731157,0
731158,25
731159,0
731160,0
731161,29
731162,0
731163,0
731164,0
731165,0
731166,0
731167,0
731168,0
731169,0
731170,0
731171,0
731172,0
731173,0
731174,0
731175,0
731176,30
731177,16
731178,0
731179,0
731180,0
731181,0
731182,41
731183,0
731184,0
731185,0
731186,0
731187,0
731188,0
731189,0
731190,0
731191,0
731192,0
731193,0
731194,0
731195,0
731196,0
731197,0
731198,0
731199,0
731200,0
731201,0
731202,0
731203,32
731204,34
731205,45
731206,0
731207,0
731208,0
731209,34
731210,29
731211,0
731212,0
731213,0
731214,0
731215,0
731216,0
731217,0
731218,29
731219,0
731220,0
731221,0
731222,0
731223,0
731224,0
731225,0
731226,0
731227,0
731228,45
731229,38
731230,43
731231,0
731232,0
731233,0
731234,0
731235,0
731236,0
731237,0
731238,0
731239,0
731240,0
731241,0
731242,0
731243,0
731244,28
731245,0
731246,32
731247,31
731248,0
731249,0
731250,0
731251,0
731252,0
731253,0
731254,21
731255,0
731256,0
731257,0
731258,42
731259,0
731260,0
731261,31
731262,0
731263,32
731264,0
731265,0
731266,27
731267,0
731268,0
731269,0
731270,0
731271,0
731272,0
731273,0
731274,0
731275,0
731276,0
731277,0
731278,0
731279,0
731280,0
731281,0
731282,0
731283,0
731284,0
731285,0
731286,0
731287,27
731288,0
731289,0
731290,0
731291,0
731292,0
731293,0
731294,0
731295,0
731296,0
731297,0
731298,0
731299,0
731300,43
731301,0
731302,0
731303,0
731304,0
731305,0
731306,0
731307,0
731308,49
731309,0
731310,0
731311,0
731312,0
731313,0
731314,0
731315,0
731316,0
731317,0
731318,28
731319,0
731320,0
731321,0
731322,0
731323,0
731324,0
731325,0
731326,0
731327,30
731328,0
731329,0
731330,23
731331,0
731332,0
731333,0
731334,0
731335,0
731336,0
731337,38
731338,0
731339,0
731340,0
731341,27
731342,0
731343,0
731344,0
731345,0
731346,0
731347,0
731348,0
731349,0
731350,27
731351,0
731352,0
731353,0
731354,0
731355,0
731356,0
731357,0
731358,0
731359,0
731360,0
731361,0
731362,0
731363,0
731364,0
731365,0
731366,28
731367,34
731368,0
731369,0
731370,0
731371,33
731372,0
731373,0
731374,0
731375,0
731376,0
731377,0
731378,37
731379,0
731380,31
731381,0
731382,0
731383,0
731384,0
731385,0
731386,0
731387,0
731388,0
731389,0
731390,29
731391,0
731392,0
731393,0
731394,0
731395,0
731396,41
731397,0
731398,0
731399,0
731400,0
731401,0
731402,29
731403,30
731404,0
731405,29
731406,0
731407,0
731408,0
731409,0
731410,0
731411,0
731412,0
731413,0
731414,28
731415,0
731416,0
731417,0
731418,34
731419,0
731420,0
731421,0
731422,0
731423,0
731424,0
731425,0
731426,0
731427,0
731428,0
731429,0
731430,0
731431,0
731432,0
731433,0
731434,39
731435,0
731436,0
731437,38
731438,0
731439,0
731440,34
731441,0
731442,0
731443,0
731444,0
731445,0
731446,0
731447,42
731448,0
731449,44
731450,0
731451,0
731452,0
731453,0
731454,0
731455,0
731456,23
731457,0
731458,0
731459,0
731460,0
731461,34
731462,0
731463,33
731464,0
731465,27
731466,0
731467,0
731468,0
731469,0
731470,0
731471,0
731472,0
731473,0
731474,0
731475,0
731476,0
731477,0
731478,25
731479,0
731480,0
731481,0
731482,36
731483,0
731484,0
731485,0
731486,0
731487,0
731488,0
731489,0
731490,0
731491,0
731492,0
731493,0
731494,0
731495,0
731496,0
731497,0
731498,0
731499,0
731500,0
731501,0
731502,0
731503,0
731504,0
731505,0
731506,0
731507,0
731508,0
731509,0
731510,0
731511,0
731512,0
731513,0
731514,0
731515,0
731516,0
731517,0
731518,0
731519,0
731520,0
731521,0
731522,0
731523,0
731524,0
731525,0
731526,0
731527,0
731528,0
731529,0
731530,0
731531,0
731532,0
731533,0
731534,0
731535,0
731536,0
731537,0
731538,0
731539,0
731540,0
731541,0
731542,28
731543,0
731544,0
731545,0
731546,0
731547,0
731548,0
731549,0
731550,0
731551,0
731552,0
731553,0
731554,0
731555,0
731556,0
731557,21
731558,0
731559,0
731560,33
731561,0
731562,0
731563,39
731564,0
731565,32
731566,0
731567,0
731568,0
731569,0
731570,0
731571,0
731572,0
731573,0
731574,0
731575,0
731576,0
731577,52
731578,15
731579,0
731580,0
731581,0
731582,0
731583,0
731584,8
731585,0
731586,0
731587,0
731588,8
731589,0
731590,0
731591,17
731592,0
731593,0
731594,5
731595,0
731596,9
731597,0
731598,0
731599,0
731600,6
731601,0
731602,0
731603,0
731604,0
731605,0
731606,0
731607,9
731608,5
731609,0
731610,18
731611,0
731612,0
731613,0
731614,0
731615,0
731616,0
731617,0
731618,0
731619,0
731620,0
731621,5
731622,6
731623,17
731624,0
731625,0
731626,0
731627,0
731628,0
731629,0
731630,0
731631,0
731632,0
731633,0
731634,0
731635,0
731636,0
731637,0
731638,0
731639,0
731640,0
731641,0
731642,0
731643,0
731644,0
731645,0
731646,0
731647,5
731648,0
731649,0
731650,0
731651,0
731652,0
731653,0
731654,0
731655,0
731656,0
731657,0
731658,0
731659,19
731660,0
731661,0
731662,0
731663,0
731664,7
731665,11
731666,0
731667,0
731668,0
731669,0
731670,0
731671,9
731672,0
731673,0
731674,0
731675,0
731676,0
731677,0
731678,0
731679,0
731680,0
731681,0
731682,0
731683,0
731684,14
731685,0
731686,0
731687,0
731688,0
731689,0
731690,11
731691,0
731692,0
731693,0
731694,12
731695,0
731696,0
731697,0
731698,0
731699,0
731700,12
731701,0
731702,0
731703,0
731704,0
731705,10
731706,0
731707,0
731708,0
731709,0
731710,0
731711,6
731712,0
731713,0
731714,0
731715,0
731716,3
731717,0
731718,0
731719,0
731720,13
731721,3
731722,0
731723,0
731724,0
731725,11
731726,0
731727,0
731728,0
731729,15
731730,0
731731,0
731732,0
731733,0
731734,0
731735,0
731736,0
731737,0
731738,0
731739,0
731740,0
731741,0
731742,0
731743,8
731744,7
731745,0
731746,0
731747,0
731748,0
731749,12
731750,0
731751,15
731752,0
731753,11
731754,0
731755,0
731756,0
731757,0
731758,0
731759,0
731760,0
731761,4
731762,0
731763,0
731764,4
731765,0
731766,0
731767,0
731768,0
731769,0
731770,0
731771,0
731772,0
731773,0
731774,0
731775,0
731776,0
731777,12
731778,0
731779,0
731780,0
731781,12
731782,15
731783,0
731784,0
731785,0
731786,0
731787,0
731788,0
731789,19
731790,0
731791,0
731792,6
731793,0
731794,0
731795,0
731796,0
731797,0
731798,0
731799,0
731800,0
731801,3
731802,0
731803,0
731804,8
731805,4
731806,0
731807,0
731808,0
731809,0
731810,0
731811,0
731812,0
731813,0
731814,0
731815,0
731816,0
731817,0
731818,0
731819,0
731820,0
731821,0
731822,0
731823,0
731824,0
731825,0
731826,0
731827,8
731828,0
731829,0
731830,9
731831,0
731832,0
731833,0
731834,0
731835,0
731836,0
731837,0
731838,0
731839,0
731840,39
731841,0
731842,0
731843,0
731844,32
731845,39
731846,30
731847,0
731848,0
731849,34
731850,26
731851,0
731852,0
731853,0
731854,0
731855,0
731856,0
731857,0
731858,0
731859,0
731860,0
731861,0
731862,0
731863,0
731864,0
731865,25
731866,0
731867,0
731868,0
731869,0
731870,0
731871,0
731872,0
731873,0
731874,0
731875,0
731876,0
731877,22
731878,10
731879,0
731880,0
731881,33
731882,0
731883,0
731884,0
731885,0
731886,0
731887,25
731888,0
731889,0
731890,0
731891,0
731892,37
731893,0
731894,0
731895,0
731896,0
731897,0
731898,0
731899,0
731900,0
731901,0
731902,35
731903,0
731904,9
731905,0
731906,0
731907,0
731908,0
731909,0
731910,0
731911,35
731912,0
731913,0
731914,0
731915,0
731916,31
731917,0
731918,0
731919,13
731920,29
731921,0
731922,23
731923,0
731924,0
731925,0
731926,0
731927,0
731928,0
731929,0
731930,0
731931,0
731932,0
731933,0
731934,26
731935,0
731936,28
731937,0
731938,0
731939,0
731940,25
731941,0
731942,0
731943,0
731944,30
731945,0
731946,0
731947,0
731948,0
731949,33
731950,0
731951,21
731952,0
731953,0
731954,0
731955,0
731956,0
731957,0
731958,0
731959,0
731960,0
731961,0
731962,0
731963,18
731964,0
731965,0
731966,43
731967,0
731968,0
731969,0
731970,0
731971,42
731972,0
731973,0
731974,0
731975,0
731976,19
731977,0
731978,0
731979,0
731980,33
731981,0
731982,0
731983,0
731984,0
731985,0
731986,0
731987,31
731988,0
731989,0
731990,0
731991,0
731992,40
731993,0
731994,31
731995,0
731996,0
731997,0
731998,0
731999,0
732000,26
732001,0
732002,55
732003,29
732004,12
732005,0
732006,0
732007,0
732008,0
732009,0
732010,0
732011,44
732012,0
732013,23
732014,0
732015,67
732016,0
732017,0
732018,0
732019,0
732020,0
732021,0
732022,0
732023,0
732024,19
732025,0
732026,0
732027,30
732028,0
732029,0
732030,0
732031,36
732032,0
732033,0
732034,0
732035,25
732036,0
732037,0
732038,0
732039,0
732040,58
732041,0
732042,26
732043,28
732044,0
732045,25
732046,0
732047,24
732048,0
732049,0
732050,0
732051,0
732052,0
732053,0
732054,0
732055,0
732056,33
732057,43
732058,0
732059,0
732060,0
732061,0
732062,0
732063,0
732064,0
732065,0
732066,35
732067,0
732068,0
732069,0
732070,0
732071,0
732072,0
732073,0
732074,0
732075,0
732076,0
732077,0
732078,0
732079,0
732080,0
732081,0
732082,0
732083,0
732084,0
732085,22
732086,0
732087,17
732088,0
732089,42
732090,0
732091,0
732092,27
732093,0
732094,0
732095,0
732096,24
732097,0
732098,0
732099,0
732100,0
732101,45
732102,0
732103,0
732104,0
732105,0
732106,0
732107,0
732108,21
732109,0
732110,0
732111,0
732112,0
732113,34
732114,0
732115,0
732116,0
732117,0
732118,0
732119,32
732120,0
732121,0
732122,33
732123,0
732124,38
732125,0
732126,25
732127,26
732128,0
732129,0
732130,0
732131,0
732132,0
732133,0
732134,0
732135,0
732136,0
732137,0
732138,21
732139,0
732140,0
732141,33
732142,0
732143,0
732144,0
732145,0
732146,0
732147,0
732148,0
732149,0
732150,0
732151,0
732152,0
732153,0
732154,0
732155,0
732156,0
732157,0
732158,0
732159,30
732160,17
732161,24
732162,0
732163,0
732164,0
732165,0
732166,0
732167,28
732168,0
732169,0
732170,0
732171,0
732172,0
732173,0
732174,0
732175,0
732176,0
732177,0
732178,0
732179,0
732180,28
732181,0
732182,0
732183,0
732184,0
732185,0
732186,0
732187,0
732188,0
732189,0
732190,22
732191,24
732192,0
732193,0
732194,0
732195,0
732196,0
732197,0
732198,52
732199,66
732200,22
732201,0
732202,35
732203,0
732204,0
732205,28
732206,0
732207,0
732208,0
732209,0
732210,12
732211,15
732212,0
732213,0
732214,51
732215,0
732216,0
732217,0
732218,0
732219,0
732220,0
732221,0
732222,0
732223,0
732224,0
732225,0
732226,50
732227,0
732228,26
732229,0
732230,0
732231,28
732232,0
732233,0
732234,0
732235,22
732236,0
732237,0
732238,0
732239,0
732240,0
732241,0
732242,0
732243,0
732244,0
732245,0
732246,0
732247,0
732248,0
732249,0
732250,0
732251,0
732252,0
732253,0
732254,0
732255,0
732256,20
732257,0
732258,0
732259,0
732260,21
732261,0
732262,0
732263,0
732264,0
732265,0
732266,0
732267,0
732268,0
732269,0
732270,18
732271,31
732272,0
732273,0
732274,0
732275,36
732276,0
732277,0
732278,0
732279,0
732280,0
732281,0
732282,41
732283,39
732284,0
732285,0
732286,0
732287,0
732288,0
732289,21
732290,0
732291,0
732292,24
732293,0
732294,0
732295,0
732296,0
732297,39
732298,39
732299,0
732300,0
732301,0
732302,0
732303,0
732304,0
732305,0
732306,21
732307,36
732308,20
732309,0
732310,0
732311,0
732312,0
732313,33
732314,0
732315,0
732316,0
732317,24
732318,0
732319,0
732320,0
732321,0
732322,26
732323,31
732324,0
732325,0
732326,0
732327,0
732328,0
732329,21
732330,0
732331,0
732332,0
732333,0
732334,0
732335,0
732336,47
732337,0
732338,24
732339,0
732340,0
732341,0
732342,0
732343,34
732344,27
732345,0
732346,0
732347,27
732348,0
732349,16
732350,0
732351,0
732352,41
732353,29
732354,0
732355,0
732356,0
732357,0
732358,29
732359,0
732360,0
732361,0
732362,19
732363,0
732364,40
732365,20
732366,67
732367,0
732368,37
732369,28
732370,0
732371,0
732372,0
732373,0
732374,0
732375,17
732376,0
732377,0
732378,0
732379,41
732380,0
732381,26
732382,32
732383,43
732384,0
732385,0
732386,61
732387,0
732388,0
732389,0
732390,21
732391,0
732392,33
732393,35
732394,29
732395,16
732396,0
732397,0
732398,24
732399,0
732400,0
732401,0
732402,0
732403,0
732404,38
732405,0
732406,0
732407,0
732408,17
732409,0
732410,0
732411,0
732412,0
732413,0
732414,0
732415,0
732416,39
732417,0
732418,28
732419,17
732420,0
732421,0
732422,0
732423,0
732424,38
732425,0
732426,0
732427,31
732428,0
732429,49
732430,0
732431,53
732432,23
732433,0
732434,16
732435,31
732436,0
732437,0
732438,0
732439,0
732440,0
732441,24
732442,14
732443,28
732444,0
732445,0
732446,32
732447,0
732448,0
732449,0
732450,0
732451,0
732452,0
732453,0
732454,19
732455,0
732456,0
732457,13
732458,0
732459,0
732460,0
732461,0
732462,0
732463,0
732464,0
732465,0
732466,0
732467,0
732468,0
732469,0
732470,0
732471,0
732472,0
732473,0
732474,0
732475,0
732476,0
732477,42
732478,0
732479,0
732480,0
732481,0
732482,15
732483,0
732484,0
732485,0
732486,0
732487,19
732488,0
732489,0
732490,0
732491,0
732492,28
732493,44
732494,24
732495,0
732496,0
732497,40
732498,0
732499,0
732500,46
732501,0
732502,0
732503,0
732504,25
732505,0
732506,0
732507,45
732508,0
732509,0
732510,0
732511,28
732512,0
732513,0
732514,0
732515,0
732516,0
732517,0
732518,0
732519,27
732520,0
732521,0
732522,0
732523,0
732524,0
732525,0
732526,0
732527,0
732528,11
732529,0
732530,0
732531,0
732532,0
732533,0
732534,0
732535,21
732536,0
732537,0
732538,37
732539,0
732540,0
732541,0
732542,25
732543,0
732544,0
732545,0
732546,0
732547,39
732548,0
732549,0
732550,0
732551,25
732552,0
732553,0
732554,0
732555,0
732556,24
732557,0
732558,0
732559,0
732560,0
732561,22
732562,0
732563,0
732564,0
732565,0
732566,0
732567,0
732568,0
732569,0
732570,0
732571,0
732572,0
732573,0
732574,0
732575,0
732576,0
732577,28
732578,22
732579,33
732580,0
732581,0
732582,0
732583,0
732584,0
732585,0
732586,0
732587,0
732588,0
732589,0
732590,32
732591,30
732592,0
732593,0
732594,0
732595,0
732596,0
732597,27
732598,46
732599,34
732600,0
732601,0
732602,0
732603,0
732604,0
732605,0
732606,0
732607,23
732608,22
732609,0
732610,0
732611,0
732612,0
732613,37
732614,0
732615,30
732616,46
732617,0
732618,0
732619,0
732620,0
732621,0
732622,0
732623,0
732624,0
732625,39
732626,0
732627,0
732628,41
732629,0
732630,0
732631,0
732632,0
732633,0
732634,0
732635,0
732636,0
732637,0
732638,30
732639,24
732640,0
732641,0
732642,0
732643,0
732644,0
732645,0
732646,0
732647,26
732648,48
732649,0
732650,0
732651,0
732652,18
732653,0
732654,40
732655,0
732656,0
732657,0
732658,0
732659,23
732660,0
732661,0
732662,19
732663,0
732664,0
732665,0
732666,37
732667,0
732668,34
732669,43
732670,0
732671,0
732672,0
732673,28
732674,35
732675,0
732676,0
732677,0
732678,0
732679,0
732680,0
732681,34
732682,0
732683,27
732684,0
732685,0
732686,0
732687,22
732688,0
732689,18
732690,0
732691,0
732692,0
732693,0
732694,0
732695,0
732696,0
732697,0
732698,31
732699,0
732700,39
732701,0
732702,0
732703,0
732704,0
732705,23
732706,0
732707,35
732708,0
732709,16
732710,0
732711,21
732712,0
732713,0
732714,58
732715,0
732716,53
732717,0
732718,0
732719,0
732720,46
732721,0
732722,0
732723,0
732724,0
732725,29
732726,0
732727,0
732728,0
732729,0
732730,0
732731,40
732732,0
732733,0
732734,0
732735,0
732736,33
732737,0
732738,0
732739,14
732740,0
732741,0
732742,26
732743,0
732744,0
732745,0
732746,0
732747,0
732748,0
732749,0
732750,0
732751,0
732752,22
732753,0
732754,0
732755,0
732756,0
732757,41
732758,0
732759,0
732760,0
732761,0
732762,0
732763,0
732764,22
732765,0
732766,24
732767,37
732768,0
732769,0
732770,0
732771,0
732772,22
732773,16
732774,0
732775,17
732776,0
732777,0
732778,0
732779,0
732780,0
732781,0
732782,0
732783,0
732784,0
732785,0
732786,0
732787,0
732788,0
732789,0
732790,0
732791,0
732792,0
732793,0
732794,0
732795,0
732796,0
732797,0
732798,0
732799,0
732800,0
732801,0
732802,0
732803,0
732804,0
732805,0
732806,0
732807,0
732808,0
732809,0
732810,0
732811,0
732812,0
732813,0
732814,0
732815,0
732816,0
732817,0
732818,0
732819,0
732820,0
732821,0
732822,0
732823,0
732824,1
732825,0
732826,0
732827,0
732828,0
732829,0
732830,0
732831,0
732832,0
732833,0
732834,0
732835,0
732836,0
732837,0
732838,0
732839,0
732840,0
732841,0
732842,0
732843,0
732844,0
732845,0
732846,0
732847,0
732848,0
732849,0
732850,0
732851,0
732852,0
732853,0
732854,0
732855,0
732856,0
732857,0
732858,1
732859,0
732860,0
732861,0
732862,0
732863,0
732864,0
732865,0
732866,0
732867,0
732868,0
732869,0
732870,0
732871,0
732872,0
732873,0
732874,0
732875,0
732876,0
732877,0
732878,0
732879,0
732880,0
732881,0
732882,0
732883,0
732884,0
732885,0
732886,0
732887,0
732888,0
732889,0
732890,0
732891,0
732892,0
732893,0
732894,0
732895,0
732896,0
732897,0
732898,0
732899,0
732900,0
732901,0
732902,0
732903,0
732904,0
732905,0
732906,0
732907,0
732908,0
732909,0
732910,0
732911,0
732912,0
732913,0
732914,0
732915,0
732916,0
732917,0
732918,0
732919,0
732920,0
732921,0
732922,0
732923,0
732924,0
732925,0
732926,0
732927,0
732928,0
732929,0
732930,0
732931,0
732932,0
732933,0
732934,0
732935,0
732936,0
732937,0
732938,0
732939,0
732940,0
732941,0
732942,0
732943,0
732944,0
732945,0
732946,0
732947,0
732948,0
732949,0
732950,0
732951,0
732952,0
732953,0
732954,0
732955,0
732956,0
732957,0
732958,0
732959,0
732960,0
732961,0
732962,0
732963,0
732964,0
732965,0
732966,0
732967,0
732968,0
732969,0
732970,0
732971,0
732972,0
732973,0
732974,0
732975,0
732976,0
732977,0
732978,0
732979,0
732980,0
732981,0
732982,0
732983,0
732984,0
732985,0
732986,0
732987,0
732988,0
732989,0
732990,0
732991,0
732992,0
732993,0
732994,0
732995,1
732996,0
732997,0
732998,0
732999,0
733000,0
733001,0
733002,0
733003,0
733004,0
733005,0
733006,0
733007,0
733008,0
733009,0
733010,0
733011,0
733012,0
733013,0
733014,0
733015,0
733016,0
733017,0
733018,0
733019,0
733020,0
733021,0
733022,0
733023,0
733024,0
733025,0
733026,0
733027,0
733028,0
733029,0
733030,0
733031,0
733032,0
733033,0
733034,0
733035,0
733036,0
733037,0
733038,0
733039,0
733040,0
733041,0
733042,0
733043,0
733044,0
733045,0
733046,0
733047,0
733048,0
733049,0
733050,0
733051,0
733052,0
733053,0
733054,0
733055,0
733056,0
733057,0
733058,0
733059,0
733060,0
733061,0
733062,0
733063,0
733064,0
733065,0
733066,0
733067,0
733068,0
733069,0
733070,0
733071,0
733072,0
733073,0
733074,0
733075,0
733076,0
733077,0
733078,0
733079,0
733080,0
733081,0
733082,0
733083,0
733084,0
733085,0
733086,0
733087,0
733088,0
733089,0
733090,0
733091,0
733092,0
733093,0
733094,0
733095,0
733096,0
733097,0
733098,1
733099,0
733100,0
733101,0
733102,0
733103,0
733104,0
733105,0
733106,0
733107,0
733108,0
733109,0
733110,0
733111,0
733112,0
733113,0
733114,0
733115,0
733116,0
733117,0
733118,0
733119,0
733120,0
733121,0
733122,0
733123,0
733124,0
733125,0
733126,0
733127,0
733128,0
733129,0
733130,0
733131,0
733132,0
733133,0
733134,0
733135,0
733136,0
733137,0
733138,0
733139,0
733140,0
733141,0
733142,0
733143,0
733144,0
733145,0
733146,0
733147,0
733148,0
733149,0
733150,0
733151,0
733152,0
733153,0
733154,0
733155,0
733156,0
733157,0
733158,0
733159,0
733160,0
733161,0
733162,0
733163,0
733164,0
733165,0
733166,0
733167,0
733168,0
733169,0
733170,0
733171,0
733172,0
733173,0
733174,0
733175,0
733176,0
733177,0
733178,0
733179,0
733180,0
733181,0
733182,0
733183,0
733184,0
733185,0
733186,0
733187,0
733188,0
733189,0
733190,0
733191,0
733192,0
733193,0
733194,0
733195,0
733196,0
733197,0
733198,0
733199,0
733200,0
733201,0
733202,0
733203,0
733204,0
733205,0
733206,0
733207,0
733208,0
733209,0
733210,0
733211,0
733212,0
733213,0
733214,0
733215,0
733216,0
733217,0
733218,0
733219,0
733220,0
733221,0
733222,0
733223,0
733224,0
733225,0
733226,0
733227,0
733228,0
733229,0
733230,0
733231,0
733232,0
733233,0
733234,0
733235,0
733236,0
733237,0
733238,0
733239,0
733240,0
733241,0
733242,0
733243,0
733244,0
733245,0
733246,0
733247,0
733248,0
733249,0
733250,0
733251,0
733252,0
733253,0
733254,0
733255,0
733256,0
733257,0
733258,0
733259,0
733260,0
733261,0
733262,0
733263,0
733264,0
733265,0
733266,0
733267,0
733268,0
733269,0
733270,0
733271,0
733272,0
733273,0
733274,0
733275,0
733276,0
733277,0
733278,0
733279,0
733280,0
733281,0
733282,0
733283,0
733284,0
733285,0
733286,0
733287,0
733288,0
733289,0
733290,0
733291,0
733292,0
733293,0
733294,0
733295,0
733296,0
733297,0
733298,0
733299,0
733300,0
733301,0
733302,0
733303,0
733304,0
733305,0
733306,0
733307,0
733308,0
733309,0
733310,0
733311,0
733312,0
733313,0
733314,0
733315,0
733316,0
733317,0
733318,0
733319,0
733320,0
733321,0
733322,0
733323,0
733324,0
733325,0
733326,0
733327,0
733328,0
733329,0
733330,0
733331,0
733332,0
733333,0
733334,0
733335,0
733336,0
733337,0
733338,0
733339,0
733340,0
733341,0
733342,0
733343,0
733344,0
733345,0
733346,0
733347,0
733348,0
733349,0
733350,0
733351,0
733352,0
733353,0
733354,0
733355,0
733356,0
733357,0
733358,0
733359,0
733360,0
733361,0
733362,0
733363,0
733364,0
733365,0
733366,0
733367,0
733368,0
733369,1
733370,0
733371,0
733372,0
733373,0
733374,0
733375,0
733376,0
733377,0
733378,0
733379,0
733380,0
733381,0
733382,0
733383,0
733384,0
733385,0
733386,0
733387,0
733388,0
733389,0
733390,0
733391,0
733392,0
733393,0
733394,0
733395,0
733396,0
733397,0
733398,0
733399,0
733400,0
733401,0
733402,0
733403,0
733404,0
733405,0
733406,0
733407,0
733408,0
733409,0
733410,0
733411,0
733412,0
733413,0
733414,0
733415,0
733416,0
733417,0
733418,0
733419,0
733420,0
733421,0
733422,0
733423,0
733424,1
733425,0
733426,0
733427,0
733428,0
733429,0
733430,0
733431,0
733432,0
733433,0
733434,0
733435,0
733436,0
733437,0
733438,0
733439,0
733440,0
733441,0
733442,0
733443,0
733444,0
733445,0
733446,0
733447,0
733448,0
733449,0
733450,0
733451,0
733452,0
733453,0
733454,0
733455,0
733456,0
733457,0
733458,0
733459,0
733460,0
733461,0
733462,0
733463,0
733464,0
733465,0
733466,30
733467,0
733468,0
733469,0
733470,0
733471,0
733472,38
733473,20
733474,0
733475,0
733476,0
733477,0
733478,0
733479,0
733480,0
733481,0
733482,0
733483,10
733484,0
733485,0
733486,0
733487,0
733488,0
733489,0
733490,0
733491,30
733492,0
733493,0
733494,0
733495,27
733496,0
733497,0
733498,0
733499,0
733500,0
733501,0
733502,0
733503,17
733504,0
733505,0
733506,0
733507,0
733508,0
733509,0
733510,0
733511,0
733512,0
733513,0
733514,0
733515,0
733516,21
733517,0
733518,0
733519,0
733520,0
733521,0
733522,0
733523,0
733524,28
733525,0
733526,29
733527,0
733528,0
733529,0
733530,0
733531,0
733532,0
733533,0
733534,0
733535,0
733536,0
733537,0
733538,32
733539,0
733540,0
733541,0
733542,0
733543,0
733544,0
733545,24
733546,0
733547,24
733548,0
733549,0
733550,0
733551,0
733552,0
733553,0
733554,0
733555,0
733556,0
733557,0
733558,10
733559,0
733560,0
733561,0
733562,18
733563,22
733564,0
733565,0
733566,0
733567,0
733568,0
733569,0
733570,0
733571,0
733572,0
733573,0
733574,0
733575,0
733576,0
733577,0
733578,0
733579,0
733580,0
733581,25
733582,0
733583,0
733584,0
733585,0
733586,0
733587,0
733588,24
733589,0
733590,0
733591,0
733592,0
733593,0
733594,0
733595,0
733596,20
733597,20
733598,0
733599,0
733600,15
733601,0
733602,0
733603,0
733604,0
733605,0
733606,14
733607,0
733608,0
733609,0
733610,0
733611,0
733612,0
733613,0
733614,0
733615,0
733616,0
733617,0
733618,0
733619,0
733620,0
733621,0
733622,0
733623,22
733624,0
733625,0
733626,0
733627,19
733628,0
733629,0
733630,0
733631,0
733632,0
733633,19
733634,17
733635,26
733636,0
733637,38
733638,0
733639,0
733640,0
733641,0
733642,0
733643,0
733644,0
733645,21
733646,19
733647,0
733648,0
733649,0
733650,0
733651,0
733652,0
733653,0
733654,0
733655,0
733656,0
733657,0
733658,0
733659,0
733660,0
733661,0
733662,0
733663,0
733664,0
733665,0
733666,0
733667,0
733668,0
733669,24
733670,0
733671,0
733672,0
733673,34
733674,0
733675,0
733676,24
733677,0
733678,0
733679,0
733680,0
733681,0
733682,0
733683,0
733684,0
733685,0
733686,0
733687,0
733688,0
733689,0
733690,0
733691,23
733692,0
733693,0
733694,0
733695,0
733696,0
733697,0
733698,0
733699,12
733700,0
733701,12
733702,0
733703,0
733704,0
733705,0
733706,0
733707,24
733708,20
733709,0
733710,0
733711,0
733712,0
733713,0
733714,0
733715,0
733716,0
733717,0
733718,0
733719,22
733720,0
733721,20
733722,0
733723,0
733724,0
733725,0
733726,0
733727,0
733728,0
733729,0
733730,0
733731,0
733732,0
733733,15
733734,0
733735,0
733736,0
733737,29
733738,24
733739,53
733740,26
733741,0
733742,0
733743,0
733744,0
733745,15
733746,15
733747,0
733748,0
733749,0
733750,0
733751,0
733752,0
733753,0
733754,0
733755,0
733756,0
733757,23
733758,0
733759,0
733760,0
733761,0
733762,0
733763,0
733764,0
733765,0
733766,0
733767,0
733768,0
733769,0
733770,21
733771,0
733772,0
733773,0
733774,8
733775,24
733776,0
733777,0
733778,0
733779,18
733780,0
733781,0
733782,0
733783,0
733784,0
733785,0
733786,23
733787,0
733788,0
733789,0
733790,0
733791,0
733792,30
733793,0
733794,0
733795,0
733796,0
733797,0
733798,0
733799,0
733800,0
733801,0
733802,24
733803,0
733804,0
733805,0
733806,0
733807,0
733808,0
733809,16
733810,0
733811,0
733812,0
733813,0
733814,0
733815,21
733816,17
733817,0
733818,25
733819,0
733820,27
733821,0
733822,0
733823,0
733824,0
733825,0
733826,13
733827,0
733828,0
733829,0
733830,0
733831,0
733832,0
733833,25
733834,0
733835,23
733836,0
733837,0
733838,0
733839,0
733840,0
733841,0
733842,0
733843,0
733844,0
733845,0
733846,0
733847,0
733848,18
733849,17
733850,0
733851,0
733852,0
733853,0
733854,14
733855,14
733856,21
733857,0
733858,0
733859,0
733860,35
733861,0
733862,0
733863,0
733864,0
733865,0
733866,29
733867,27
733868,0
733869,0
733870,28
733871,0
733872,0
733873,0
733874,18
733875,0
733876,0
733877,0
733878,0
733879,0
733880,0
733881,0
733882,0
733883,0
733884,38
733885,0
733886,24
733887,0
733888,0
733889,0
733890,12
733891,0
733892,0
733893,0
733894,19
733895,0
733896,0
733897,0
733898,0
733899,0
733900,0
733901,0
733902,0
733903,0
733904,0
733905,0
733906,22
733907,0
733908,0
733909,0
733910,0
733911,14
733912,0
733913,0
733914,0
733915,0
733916,0
733917,26
733918,0
733919,0
733920,0
733921,0
733922,22
733923,0
733924,0
733925,0
733926,0
733927,0
733928,26
733929,0
733930,0
733931,18
733932,0
733933,0
733934,0
733935,0
733936,0
733937,0
733938,0
733939,0
733940,0
733941,0
733942,0
733943,23
733944,0
733945,0
733946,0
733947,0
733948,20
733949,28
733950,0
733951,0
733952,0
733953,0
733954,24
733955,25
733956,0
733957,0
733958,0
733959,0
733960,25
733961,0
733962,0
733963,0
733964,0
733965,0
733966,0
733967,0
733968,0
733969,0
733970,0
733971,0
733972,0
733973,0
733974,0
733975,0
733976,0
733977,0
733978,0
733979,0
733980,0
733981,0
733982,0
733983,0
733984,0
733985,0
733986,33
733987,0
733988,0
733989,0
733990,0
733991,0
733992,0
733993,0
733994,0
733995,0
733996,0
733997,0
733998,0
733999,0
734000,0
734001,0
734002,0
734003,0
734004,0
734005,0
734006,0
734007,0
734008,0
734009,55
734010,0
734011,0
734012,0
734013,0
734014,0
734015,0
734016,0
734017,0
734018,0
734019,34
734020,0
734021,0
734022,0
734023,0
734024,0
734025,0
734026,0
734027,0
734028,0
734029,0
734030,0
734031,0
734032,0
734033,0
734034,0
734035,0
734036,0
734037,0
734038,0
734039,0
734040,0
734041,0
734042,0
734043,0
734044,0
734045,0
734046,0
734047,0
734048,0
734049,0
734050,0
734051,6
734052,0
734053,0
734054,10
734055,0
734056,0
734057,0
734058,0
734059,0
734060,0
734061,0
734062,0
734063,0
734064,7
734065,0
734066,0
734067,0
734068,12
734069,0
734070,13
734071,0
734072,0
734073,0
734074,0
734075,0
734076,0
734077,0
734078,0
734079,0
734080,0
734081,0
734082,0
734083,0
734084,0
734085,0
734086,0
734087,0
734088,0
734089,0
734090,0
734091,0
734092,0
734093,0
734094,0
734095,0
734096,0
734097,0
734098,0
734099,9
734100,0
734101,0
734102,0
734103,0
734104,0
734105,0
734106,0
734107,0
734108,0
734109,0
734110,4
734111,0
734112,0
734113,0
734114,0
734115,0
734116,0
734117,8
734118,0
734119,0
734120,0
734121,0
734122,0
734123,2
734124,0
734125,0
734126,0
734127,0
734128,0
734129,0
734130,0
734131,0
734132,0
734133,0
734134,0
734135,0
734136,0
734137,0
734138,0
734139,0
734140,0
734141,0
734142,0
734143,7
734144,6
734145,0
734146,0
734147,0
734148,0
734149,6
734150,0
734151,0
734152,0
734153,0
734154,11
734155,0
734156,0
734157,0
734158,0
734159,0
734160,0
734161,9
734162,0
734163,0
734164,0
734165,0
734166,0
734167,6
734168,0
734169,0
734170,0
734171,0
734172,0
734173,0
734174,7
734175,0
734176,0
734177,0
734178,0
734179,0
734180,0
734181,0
734182,0
734183,0
734184,9
734185,0
734186,13
734187,0
734188,0
734189,0
734190,0
734191,0
734192,0
734193,0
734194,0
734195,0
734196,0
734197,0
734198,0
734199,0
734200,0
734201,12
734202,0
734203,0
734204,5
734205,0
734206,0
734207,0
734208,0
734209,0
734210,0
734211,0
734212,0
734213,0
734214,0
734215,0
734216,0
734217,0
734218,0
734219,0
734220,0
734221,0
734222,8
734223,0
734224,0
734225,0
734226,0
734227,0
734228,0
734229,0
734230,0
734231,0
734232,0
734233,0
734234,0
734235,0
734236,0
734237,0
734238,0
734239,0
734240,0
734241,0
734242,0
734243,0
734244,0
734245,0
734246,0
734247,3
734248,0
734249,0
734250,0
734251,7
734252,0
734253,0
734254,0
734255,0
734256,0
734257,4
734258,0
734259,0
734260,0
734261,0
734262,0
734263,0
734264,0
734265,0
734266,0
734267,0
734268,0
734269,7
734270,0
734271,0
734272,0
734273,0
734274,0
734275,13
734276,5
734277,0
734278,0
734279,0
734280,0
734281,0
734282,0
734283,10
734284,8
734285,0
734286,0
734287,0
734288,0
734289,0
734290,0
734291,9
734292,0
734293,0
734294,0
734295,0
734296,0
734297,0
734298,0
734299,0
734300,0
734301,0
734302,9
734303,0
734304,0
734305,0
734306,0
734307,0
734308,0
734309,0
734310,12
734311,0
734312,0
734313,0
734314,9
734315,0
734316,0
734317,0
734318,0
734319,11
734320,0
734321,0
734322,7
734323,8
734324,0
734325,0
734326,0
734327,0
734328,0
734329,0
734330,9
734331,2
734332,0
734333,0
734334,0
734335,0
734336,0
734337,4
734338,0
734339,0
734340,0
734341,0
734342,0
734343,0
734344,0
734345,0
734346,2
734347,0
734348,11
734349,0
734350,0
734351,0
734352,0
734353,0
734354,0
734355,0
734356,0
734357,0
734358,0
734359,0
734360,0
734361,9
734362,0
734363,11
734364,0
734365,0
734366,0
734367,0
734368,0
734369,0
734370,0
734371,0
734372,0
734373,0
734374,0
734375,0
734376,0
734377,0
734378,0
734379,0
734380,0
734381,0
734382,0
734383,0
734384,4
734385,0
734386,0
734387,6
734388,0
734389,0
734390,0
734391,0
734392,0
734393,0
734394,0
734395,6
734396,0
734397,0
734398,0
734399,4
734400,16
734401,0
734402,0
734403,0
734404,0
734405,10
734406,0
734407,0
734408,0
734409,0
734410,0
734411,0
734412,0
734413,0
734414,0
734415,0
734416,0
734417,10
734418,0
734419,0
734420,0
734421,0
734422,0
734423,10
734424,0
734425,0
734426,13
734427,0
734428,0
734429,9
734430,0
734431,10
734432,0
734433,12
734434,7
734435,0
734436,12
734437,0
734438,0
734439,8
734440,0
734441,0
734442,0
734443,0
734444,0
734445,0
734446,15
734447,0
734448,0
734449,0
734450,0
734451,0
734452,0
734453,0
734454,0
734455,0
734456,0
734457,5
734458,0
734459,0
734460,0
734461,0
734462,0
734463,0
734464,0
734465,0
734466,0
734467,0
734468,0
734469,0
734470,0
734471,0
734472,0
734473,0
734474,0
734475,0
734476,8
734477,3
734478,0
734479,0
734480,0
734481,0
734482,0
734483,0
734484,11
734485,0
734486,0
734487,0
734488,0
734489,0
734490,0
734491,0
734492,0
734493,0
734494,0
734495,9
734496,0
734497,0
734498,0
734499,0
734500,0
734501,5
734502,0
734503,0
734504,6
734505,0
734506,0
734507,0
734508,0
734509,0
734510,0
734511,0
734512,0
734513,0
734514,0
734515,0
734516,0
734517,0
734518,0
734519,0
734520,0
734521,0
734522,0
734523,7
734524,0
734525,0
734526,0
734527,0
734528,0
734529,0
734530,0
734531,0
734532,0
734533,6
734534,7
734535,13
734536,0
734537,0
734538,0
734539,0
734540,0
734541,0
734542,0
734543,0
734544,0
734545,0
734546,0
734547,15
734548,0
734549,0
734550,0
734551,0
734552,0
734553,0
734554,6
734555,0
734556,10
734557,7
734558,0
734559,0
734560,11
734561,0
734562,0
734563,0
734564,0
734565,0
734566,0
734567,0
734568,0
734569,0
734570,0
734571,0
734572,0
734573,0
734574,0
734575,0
734576,0
734577,0
734578,0
734579,0
734580,13
734581,13
734582,0
734583,0
734584,0
734585,0
734586,0
734587,0
734588,0
734589,0
734590,0
734591,0
734592,0
734593,0
734594,0
734595,0
734596,0
734597,0
734598,0
734599,0
734600,0
734601,0
734602,9
734603,0
734604,0
734605,0
734606,0
734607,0
734608,0
734609,0
734610,0
734611,0
734612,0
734613,0
734614,0
734615,0
734616,0
734617,10
734618,0
734619,0
734620,0
734621,0
734622,0
734623,0
734624,0
734625,0
734626,0
734627,0
734628,0
734629,6
734630,0
734631,0
734632,0
734633,0
734634,0
734635,0
734636,7
734637,0
734638,0
734639,0
734640,0
734641,0
734642,0
734643,17
734644,0
734645,0
734646,0
734647,0
734648,0
734649,11
734650,0
734651,0
734652,0
734653,0
734654,0
734655,0
734656,0
734657,0
734658,0
734659,0
734660,0
734661,6
734662,0
734663,0
734664,8
734665,0
734666,0
734667,0
734668,0
734669,0
734670,0
734671,0
734672,4
734673,11
734674,0
734675,0
734676,0
734677,0
734678,0
734679,0
734680,9
734681,0
734682,6
734683,0
734684,0
734685,0
734686,0
734687,0
734688,0
734689,0
734690,0
734691,0
734692,0
734693,8
734694,0
734695,0
734696,9
734697,0
734698,0
734699,0
734700,0
734701,0
734702,0
734703,0
734704,0
734705,0
734706,0
734707,0
734708,0
734709,0
734710,0
734711,0
734712,0
734713,0
734714,0
734715,0
734716,0
734717,0
734718,0
734719,7
734720,0
734721,0
734722,0
734723,0
734724,9
734725,0
734726,4
734727,0
734728,0
734729,0
734730,0
734731,0
734732,0
734733,0
734734,3
734735,0
734736,0
734737,0
734738,0
734739,0
734740,0
734741,0
734742,0
734743,10
734744,0
734745,0
734746,0
734747,8
734748,0
734749,0
734750,0
734751,0
734752,0
734753,0
734754,0
734755,0
734756,0
734757,0
734758,0
734759,0
734760,0
734761,0
734762,0
734763,0
734764,0
734765,0
734766,0
734767,0
734768,0
734769,0
734770,0
734771,0
734772,0
734773,0
734774,0
734775,0
734776,0
734777,0
734778,0
734779,0
734780,0
734781,1
734782,0
734783,0
734784,0
734785,4
734786,0
734787,3
734788,0
734789,1
734790,0
734791,0
734792,0
734793,0
734794,0
734795,2
734796,0
734797,0
734798,0
734799,0
734800,0
734801,0
734802,0
734803,0
734804,0
734805,0
734806,0
734807,0
734808,0
734809,4
734810,3
734811,0
734812,3
734813,0
734814,4
734815,0
734816,0
734817,5
734818,3
734819,0
734820,0
734821,0
734822,3
734823,3
734824,0
734825,0
734826,7
734827,2
734828,0
734829,0
734830,0
734831,0
734832,0
734833,0
734834,0
734835,0
734836,0
734837,0
734838,2
734839,0
734840,0
734841,0
734842,0
734843,4
734844,3
734845,12
734846,0
734847,0
734848,0
734849,0
734850,0
734851,0
734852,0
734853,0
734854,0
734855,0
734856,0
734857,0
734858,5
734859,0
734860,14
734861,0
734862,0
734863,0
734864,10
734865,0
734866,0
734867,0
734868,15
734869,0
734870,0
734871,0
734872,0
734873,0
734874,0
734875,0
734876,0
734877,0
734878,0
734879,0
734880,0
734881,0
734882,0
734883,0
734884,0
734885,0
734886,0
734887,0
734888,0
734889,0
734890,0
734891,0
734892,0
734893,0
734894,10
734895,0
734896,13
734897,0
734898,0
734899,12
734900,12
734901,0
734902,0
734903,0
734904,0
734905,0
734906,0
734907,0
734908,0
734909,0
734910,13
734911,0
734912,0
734913,0
734914,0
734915,0
734916,0
734917,0
734918,0
734919,0
734920,0
734921,0
734922,0
734923,0
734924,0
734925,0
734926,0
734927,10
734928,0
734929,13
734930,0
734931,0
734932,0
734933,0
734934,0
734935,0
734936,0
734937,0
734938,0
734939,0
734940,0
734941,0
734942,0
734943,0
734944,0
734945,0
734946,0
734947,15
734948,0
734949,0
734950,0
734951,0
734952,0
734953,0
734954,0
734955,0
734956,0
734957,0
734958,16
734959,0
734960,0
734961,0
734962,0
734963,0
734964,0
734965,0
734966,0
734967,0
734968,0
734969,0
734970,11
734971,0
734972,0
734973,0
734974,0
734975,13
734976,0
734977,0
734978,0
734979,11
734980,0
734981,0
734982,0
734983,12
734984,0
734985,0
734986,0
734987,0
734988,0
734989,13
734990,0
734991,0
734992,0
734993,0
734994,0
734995,0
734996,6
734997,0
734998,0
734999,0
735000,0
735001,0
735002,0
735003,0
735004,0
735005,13
735006,8
735007,0
735008,0
735009,0
735010,15
735011,0
735012,0
735013,0
735014,17
735015,0
735016,0
735017,0
735018,0
735019,7
735020,0
735021,0
735022,0
735023,8
735024,0
735025,0
735026,0
735027,0
735028,0
735029,0
735030,0
735031,0
735032,0
735033,0
735034,0
735035,6
735036,0
735037,11
735038,0
735039,0
735040,0
735041,0
735042,0
735043,0
735044,0
735045,0
735046,11
735047,0
735048,0
735049,0
735050,0
735051,0
735052,9
735053,0
735054,0
735055,0
735056,0
735057,0
735058,0
735059,0
735060,0
735061,0
735062,0
735063,12
735064,0
735065,0
735066,0
735067,0
735068,0
735069,0
735070,0
735071,12
735072,0
735073,0
735074,0
735075,0
735076,0
735077,0
735078,0
735079,0
735080,0
735081,0
735082,0
735083,0
735084,0
735085,0
735086,0
735087,0
735088,0
735089,0
735090,0
735091,0
735092,0
735093,12
735094,0
735095,0
735096,0
735097,0
735098,0
735099,0
735100,0
735101,0
735102,0
735103,0
735104,0
735105,0
735106,0
735107,0
735108,0
735109,0
735110,0
735111,0
735112,0
735113,0
735114,8
735115,0
735116,0
735117,12
735118,0
735119,0
735120,0
735121,0
735122,0
735123,0
735124,0
735125,0
735126,0
735127,18
735128,0
735129,0
735130,0
735131,0
735132,0
735133,0
735134,0
735135,0
735136,0
735137,0
735138,0
735139,0
735140,0
735141,0
735142,0
735143,0
735144,8
735145,7
735146,0
735147,0
735148,0
735149,0
735150,0
735151,0
735152,0
735153,0
735154,0
735155,5
735156,14
735157,0
735158,0
735159,13
735160,0
735161,17
735162,0
735163,15
735164,0
735165,0
735166,0
735167,0
735168,0
735169,0
735170,0
735171,0
735172,13
735173,0
735174,0
735175,0
735176,16
735177,0
735178,0
735179,0
735180,0
735181,11
735182,0
735183,0
735184,10
735185,0
735186,0
735187,0
735188,0
735189,0
735190,0
735191,0
735192,0
735193,0
735194,0
735195,0
735196,0
735197,0
735198,0
735199,0
735200,0
735201,0
735202,0
735203,0
735204,0
735205,0
735206,0
735207,0
735208,0
735209,0
735210,0
735211,0
735212,0
735213,0
735214,0
735215,0
735216,0
735217,0
735218,0
735219,0
735220,0
735221,11
735222,0
735223,0
735224,0
735225,0
735226,0
735227,0
735228,17
735229,0
735230,0
735231,0
735232,0
735233,0
735234,5
735235,0
735236,0
735237,0
735238,0
735239,0
735240,0
735241,0
735242,0
735243,0
735244,0
735245,0
735246,0
735247,0
735248,18
735249,0
735250,0
735251,0
735252,0
735253,0
735254,0
735255,0
735256,0
735257,0
735258,0
735259,0
735260,0
735261,0
735262,0
735263,7
735264,0
735265,0
735266,0
735267,15
735268,0
735269,10
735270,0
735271,8
735272,0
735273,0
735274,0
735275,0
735276,0
735277,0
735278,0
735279,0
735280,0
735281,0
735282,0
735283,0
735284,11
735285,0
735286,25
735287,11
735288,0
735289,0
735290,23
735291,0
735292,15
735293,30
735294,0
735295,16
735296,0
735297,29
735298,0
735299,0
735300,30
735301,24
735302,0
735303,0
735304,0
735305,0
735306,22
735307,0
735308,0
735309,24
735310,28
735311,17
735312,18
735313,0
735314,0
735315,0
735316,0
735317,0
735318,0
735319,33
735320,25
735321,0
735322,0
735323,0
735324,0
735325,0
735326,29
735327,0
735328,0
735329,0
735330,28
735331,20
735332,0
735333,0
735334,0
735335,32
735336,33
735337,0
735338,0
735339,0
735340,0
735341,0
735342,0
735343,0
735344,0
735345,0
735346,44
735347,29
735348,0
735349,0
735350,0
735351,0
735352,25
735353,0
735354,0
735355,0
735356,0
735357,14
735358,0
735359,0
735360,0
735361,0
735362,0
735363,0
735364,0
735365,30
735366,0
735367,0
735368,0
735369,25
735370,0
735371,14
735372,0
735373,6
735374,0
735375,0
735376,21
735377,0
735378,0
735379,0
735380,0
735381,0
735382,0
735383,0
735384,0
735385,0
735386,0
735387,0
735388,0
735389,21
735390,0
735391,29
735392,11
735393,20
735394,0
735395,0
735396,25
735397,0
735398,0
735399,23
735400,0
735401,0
735402,0
735403,0
735404,0
735405,14
735406,0
735407,24
735408,0
735409,0
735410,0
735411,20
735412,0
735413,0
735414,0
735415,0
735416,21
735417,0
735418,0
735419,0
735420,0
735421,20
735422,0
735423,30
735424,0
735425,0
735426,15
735427,32
735428,0
735429,0
735430,0
735431,0
735432,0
735433,0
735434,0
735435,33
735436,0
735437,0
735438,0
735439,0
735440,20
735441,0
735442,23
735443,0
735444,0
735445,27
735446,0
735447,0
735448,0
735449,26
735450,0
735451,0
735452,0
735453,0
735454,0
735455,56
735456,0
735457,0
735458,0
735459,0
735460,0
735461,0
735462,0
735463,0
735464,15
735465,0
735466,0
735467,0
735468,0
735469,0
735470,13
735471,0
735472,0
735473,0
735474,0
735475,0
735476,0
735477,0
735478,0
735479,0
735480,0
735481,0
735482,29
735483,0
735484,21
735485,0
735486,0
735487,0
735488,0
735489,0
735490,0
735491,35
735492,0
735493,28
735494,0
735495,0
735496,0
735497,0
735498,0
735499,25
735500,0
735501,0
735502,0
735503,0
735504,0
735505,22
735506,23
735507,0
735508,0
735509,0
735510,16
735511,20
735512,0
735513,0
735514,0
735515,0
735516,0
735517,16
735518,0
735519,0
735520,0
735521,31
735522,14
735523,0
735524,0
735525,0
735526,29
735527,0
735528,18
735529,9
735530,0
735531,40
735532,0
735533,27
735534,0
735535,0
735536,0
735537,0
735538,0
735539,0
735540,0
735541,0
735542,0
735543,0
735544,14
735545,0
735546,0
735547,27
735548,0
735549,0
735550,0
735551,0
735552,0
735553,31
735554,0
735555,0
735556,16
735557,0
735558,24
735559,0
735560,22
735561,25
735562,0
735563,0
735564,23
735565,0
735566,21
735567,0
735568,0
735569,14
735570,0
735571,37
735572,0
735573,28
735574,0
735575,0
735576,0
735577,28
735578,0
735579,0
735580,15
735581,13
735582,27
735583,0
735584,24
735585,34
735586,0
735587,0
735588,28
735589,0
735590,0
735591,0
735592,0
735593,0
735594,21
735595,22
735596,0
735597,37
735598,0
735599,0
735600,0
735601,22
735602,26
735603,0
735604,27
735605,0
735606,0
735607,0
735608,0
735609,0
735610,0
735611,0
735612,0
735613,0
735614,0
735615,0
735616,0
735617,0
735618,0
735619,27
735620,0
735621,0
735622,27
735623,40
735624,0
735625,0
735626,0
735627,0
735628,0
735629,13
735630,0
735631,0
735632,0
735633,0
735634,13
735635,26
735636,0
735637,23
735638,0
735639,13
735640,0
735641,0
735642,0
735643,0
735644,24
735645,0
735646,0
735647,17
735648,0
735649,0
735650,0
735651,18
735652,0
735653,0
735654,0
735655,0
735656,28
735657,0
735658,0
735659,0
735660,0
735661,20
735662,0
735663,0
735664,0
735665,0
735666,26
735667,0
735668,0
735669,25
735670,0
735671,0
735672,27
735673,0
735674,0
735675,22
735676,0
735677,18
735678,0
735679,0
735680,0
735681,0
735682,0
735683,0
735684,0
735685,0
735686,0
735687,0
735688,15
735689,0
735690,0
735691,32
735692,33
735693,0
735694,0
735695,0
735696,0
735697,0
735698,0
735699,0
735700,0
735701,15
735702,22
735703,23
735704,0
735705,26
735706,32
735707,0
735708,0
735709,0
735710,0
735711,0
735712,0
735713,23
735714,0
735715,0
735716,0
735717,14
735718,0
735719,0
735720,0
735721,0
735722,0
735723,0
735724,0
735725,0
735726,0
735727,0
735728,0
735729,26
735730,22
735731,41
735732,30
735733,0
735734,0
735735,34
735736,0
735737,0
735738,15
735739,0
735740,0
735741,0
735742,35
735743,0
735744,0
735745,0
735746,0
735747,24
735748,0
735749,0
735750,0
735751,26
735752,19
735753,0
735754,32
735755,38
735756,33
735757,0
735758,27
735759,34
735760,0
735761,0
735762,0
735763,30
735764,0
735765,0
735766,0
735767,30
735768,29
735769,0
735770,0
735771,0
735772,21
735773,29
735774,0
735775,0
735776,27
735777,21
735778,0
735779,0
735780,0
735781,22
735782,0
735783,0
735784,0
735785,0
735786,0
735787,0
735788,0
735789,29
735790,0
735791,0
735792,24
735793,27
735794,0
735795,0
735796,0
735797,0
735798,0
735799,0
735800,13
735801,0
735802,21
735803,0
735804,29
735805,0
735806,0
735807,0
735808,0
735809,0
735810,21
735811,0
735812,0
735813,0
735814,26
735815,0
735816,26
735817,21
735818,0
735819,0
735820,23
735821,20
735822,0
735823,0
735824,0
735825,0
735826,0
735827,0
735828,0
735829,24
735830,0
735831,0
735832,0
735833,0
735834,20
735835,11
735836,0
735837,30
735838,0
735839,0
735840,0
735841,37
735842,0
735843,0
735844,16
735845,20
735846,0
735847,0
735848,0
735849,0
735850,22
735851,23
735852,0
735853,0
735854,0
735855,24
735856,0
735857,0
735858,35
735859,0
735860,0
735861,0
735862,0
735863,40
735864,0
735865,0
735866,0
735867,0
735868,0
735869,0
735870,0
735871,0
735872,18
735873,28
735874,0
735875,0
735876,0
735877,0
735878,0
735879,16
735880,0
735881,16
735882,0
735883,0
735884,22
735885,0
735886,0
735887,20
735888,0
735889,0
735890,0
735891,21
735892,0
735893,0
735894,0
735895,16
735896,31
735897,0
735898,0
735899,0
735900,20
735901,0
735902,0
735903,0
735904,0
735905,0
735906,0
735907,0
735908,0
735909,0
735910,0
735911,0
735912,0
735913,31
735914,0
735915,0
735916,20
735917,0
735918,0
735919,0
735920,0
735921,0
735922,0
735923,22
735924,0
735925,31
735926,27
735927,0
735928,0
735929,0
735930,20
735931,31
735932,0
735933,0
735934,0
735935,0
735936,0
735937,0
735938,21
735939,0
735940,0
735941,0
735942,0
735943,0
735944,0
735945,0
735946,0
735947,20
735948,26
735949,0
735950,0
735951,0
735952,31
735953,0
735954,0
735955,17
735956,0
735957,19
735958,0
735959,0
735960,0
735961,19
735962,0
735963,0
735964,0
735965,16
735966,34
735967,36
735968,0
735969,0
735970,27
735971,0
735972,16
735973,0
735974,0
735975,28
735976,0
735977,0
735978,0
735979,0
735980,0
735981,0
735982,0
735983,0
735984,0
735985,0
735986,24
735987,22
735988,0
735989,0
735990,28
735991,15
735992,0
735993,28
735994,0
735995,0
735996,15
735997,0
735998,0
735999,25
736000,0
736001,0
736002,0
736003,0
736004,0
736005,0
736006,0
736007,0
736008,0
736009,0
736010,0
736011,0
736012,38
736013,0
736014,0
736015,0
736016,0
736017,0
736018,0
736019,0
736020,0
736021,0
736022,0
736023,0
736024,0
736025,0
736026,0
736027,0
736028,23
736029,0
736030,0
736031,29
736032,0
736033,0
736034,0
736035,0
736036,0
736037,25
736038,0
736039,25
736040,33
736041,0
736042,0
736043,0
736044,0
736045,0
736046,0
736047,0
736048,0
736049,30
736050,28
736051,0
736052,0
736053,0
736054,0
736055,0
736056,0
736057,0
736058,17
736059,0
736060,0
736061,0
736062,0
736063,0
736064,23
736065,27
736066,0
736067,30
736068,0
736069,0
736070,0
736071,23
736072,0
736073,27
736074,19
736075,0
736076,0
736077,0
736078,24
736079,0
736080,26
736081,34
736082,0
736083,0
736084,24
736085,0
736086,18
736087,0
736088,41
736089,0
736090,17
736091,0
736092,0
736093,0
736094,0
736095,21
736096,0
736097,0
736098,0
736099,19
736100,0
736101,27
736102,0
736103,22
736104,10
736105,11
736106,0
736107,0
736108,0
736109,0
736110,0
736111,0
736112,42
736113,13
736114,0
736115,0
736116,28
736117,0
736118,13
736119,0
736120,0
736121,0
736122,0
736123,0
736124,18
736125,0
736126,0
736127,0
736128,0
736129,0
736130,0
736131,0
736132,0
736133,0
736134,0
736135,0
736136,0
736137,0
736138,0
736139,0
736140,0
736141,16
736142,9
736143,0
736144,0
736145,0
736146,0
736147,0
736148,9
736149,15
736150,0
736151,0
736152,0
736153,0
736154,0
736155,16
736156,0
736157,0
736158,0
736159,0
736160,0
736161,0
736162,0
736163,0
736164,0
736165,0
736166,0
736167,0
736168,0
736169,0
736170,0
736171,18
736172,0
736173,0
736174,0
736175,0
736176,0
736177,0
736178,0
736179,0
736180,0
736181,0
736182,0
736183,0
736184,0
736185,0
736186,0
736187,0
736188,0
736189,0
736190,0
736191,0
736192,0
736193,0
736194,0
736195,0
736196,0
736197,0
736198,0
736199,0
736200,0
736201,0
736202,0
736203,0
736204,0
736205,0
736206,0
736207,0
736208,17
736209,0
736210,0
736211,0
736212,0
736213,0
736214,0
736215,16
736216,0
736217,0
736218,0
736219,0
736220,0
736221,0
736222,0
736223,0
736224,0
736225,0
736226,0
736227,0
736228,0
736229,0
736230,0
736231,0
736232,0
736233,0
736234,0
736235,0
736236,0
736237,0
736238,0
736239,8
736240,0
736241,0
736242,16
736243,0
736244,0
736245,0
736246,0
736247,0
736248,0
736249,0
736250,0
736251,0
736252,0
736253,0
736254,0
736255,0
736256,0
736257,0
736258,0
736259,0
736260,0
736261,0
736262,0
736263,0
736264,0
736265,0
736266,0
736267,0
736268,0
736269,0
736270,0
736271,14
736272,0
736273,0
736274,0
736275,0
736276,0
736277,0
736278,0
736279,0
736280,0
736281,0
736282,0
736283,0
736284,0
736285,0
736286,0
736287,0
736288,0
736289,0
736290,0
736291,0
736292,0
736293,14
736294,0
736295,0
736296,0
736297,0
736298,0
736299,16
736300,0
736301,0
736302,0
736303,0
736304,0
736305,0
736306,0
736307,0
736308,0
736309,0
736310,10
736311,0
736312,0
736313,0
736314,0
736315,0
736316,0
736317,0
736318,0
736319,0
736320,0
736321,0
736322,0
736323,18
736324,0
736325,0
736326,0
736327,0
736328,0
736329,16
736330,0
736331,0
736332,0
736333,0
736334,0
736335,0
736336,0
736337,0
736338,0
736339,0
736340,0
736341,0
736342,0
736343,0
736344,0
736345,10
736346,0
736347,0
736348,0
736349,0
736350,0
736351,0
736352,0
736353,0
736354,0
736355,0
736356,0
736357,0
736358,0
736359,0
736360,0
736361,0
736362,0
736363,12
736364,0
736365,0
736366,0
736367,0
736368,0
736369,10
736370,0
736371,0
736372,0
736373,0
736374,0
736375,0
736376,14
736377,0
736378,0
736379,0
736380,0
736381,0
736382,0
736383,0
736384,9
736385,0
736386,0
736387,0
736388,0
736389,0
736390,0
736391,0
736392,0
736393,0
736394,0
736395,15
736396,14
736397,0
736398,0
736399,0
736400,0
736401,0
736402,0
736403,0
736404,0
736405,0
736406,0
736407,0
736408,0
736409,0
736410,0
736411,0
736412,0
736413,0
736414,0
736415,0
736416,0
736417,0
736418,0
736419,0
736420,0
736421,0
736422,0
736423,0
736424,0
736425,0
736426,0
736427,0
736428,0
736429,0
736430,0
736431,0
736432,0
736433,0
736434,0
736435,0
736436,0
736437,0
736438,0
736439,0
736440,0
736441,12
736442,0
736443,0
736444,0
736445,0
736446,0
736447,0
736448,0
736449,0
736450,0
736451,0
736452,0
736453,0
736454,0
736455,0
736456,0
736457,0
736458,0
736459,0
736460,0
736461,0
736462,0
736463,0
736464,0
736465,0
736466,12
736467,0
736468,10
736469,0
736470,0
736471,0
736472,0
736473,0
736474,11
736475,0
736476,0
736477,0
736478,0
736479,0
736480,0
736481,0
736482,0
736483,0
736484,0
736485,0
736486,0
736487,0
736488,0
736489,0
736490,0
736491,0
736492,0
736493,0
736494,0
736495,0
736496,0
736497,0
736498,0
736499,0
736500,0
736501,0
736502,0
736503,0
736504,0
736505,0
736506,0
736507,0
736508,0
736509,0
736510,0
736511,0
736512,14
736513,0
736514,0
736515,0
736516,0
736517,0
736518,0
736519,27
736520,0
736521,0
736522,0
736523,0
736524,0
736525,0
736526,0
736527,0
736528,0
736529,0
736530,0
736531,16
736532,0
736533,0
736534,0
736535,0
736536,0
736537,0
736538,0
736539,0
736540,0
736541,0
736542,0
736543,0
736544,0
736545,0
736546,8
736547,0
736548,0
736549,0
736550,0
736551,0
736552,0
736553,15
736554,0
736555,0
736556,0
736557,0
736558,0
736559,0
736560,0
736561,0
736562,0
736563,0
736564,14
736565,0
736566,0
736567,0
736568,0
736569,0
736570,0
736571,0
736572,16
736573,0
736574,36
736575,0
736576,0
736577,43
736578,0
736579,0
736580,29
736581,0
736582,0
736583,0
736584,0
736585,0
736586,0
736587,0
736588,0
736589,30
736590,34
736591,0
736592,0
736593,38
736594,22
736595,46
736596,0
736597,0
736598,0
736599,36
736600,32
736601,0
736602,0
736603,0
736604,0
736605,26
736606,0
736607,0
736608,0
736609,0
736610,33
736611,35
736612,0
736613,0
736614,0
736615,0
736616,0
736617,0
736618,24
736619,0
736620,0
736621,26
736622,0
736623,0
736624,0
736625,0
736626,0
736627,0
736628,0
736629,0
736630,0
736631,0
736632,31
736633,0
736634,0
736635,0
736636,0
736637,0
736638,0
736639,0
736640,0
736641,0
736642,24
736643,34
736644,0
736645,34
736646,20
736647,0
736648,0
736649,28
736650,0
736651,0
736652,0
736653,0
736654,0
736655,0
736656,35
736657,0
736658,0
736659,0
736660,0
736661,0
736662,0
736663,0
736664,0
736665,0
736666,0
736667,0
736668,0
736669,0
736670,0
736671,32
736672,38
736673,0
736674,0
736675,0
736676,31
736677,0
736678,0
736679,0
736680,0
736681,0
736682,0
736683,0
736684,0
736685,28
736686,30
736687,49
736688,0
736689,25
736690,0
736691,0
736692,0
736693,0
736694,0
736695,0
736696,25
736697,0
736698,0
736699,25
736700,39
736701,0
736702,28
736703,0
736704,23
736705,29
736706,0
736707,0
736708,0
736709,0
736710,27
736711,0
736712,33
736713,0
736714,0
736715,0
736716,0
736717,0
736718,0
736719,0
736720,0
736721,0
736722,0
736723,17
736724,0
736725,30
736726,0
736727,0
736728,45
736729,0
736730,0
736731,0
736732,0
736733,0
736734,38
736735,0
736736,28
736737,33
736738,0
736739,0
736740,0
736741,24
736742,21
736743,0
736744,0
736745,21
736746,0
736747,0
736748,41
736749,0
736750,0
736751,0
736752,0
736753,0
736754,24
736755,0
736756,0
736757,0
736758,0
736759,30
736760,0
736761,0
736762,0
736763,0
736764,0
736765,0
736766,25
736767,0
736768,25
736769,32
736770,0
736771,0
736772,0
736773,0
736774,0
736775,0
736776,39
736777,32
736778,32
736779,0
736780,0
736781,0
736782,0
736783,33
736784,0
736785,0
736786,40
736787,27
736788,0
736789,0
736790,23
736791,35
736792,0
736793,0
736794,0
736795,0
736796,0
736797,0
736798,0
736799,0
736800,0
736801,0
736802,0
736803,0
736804,0
736805,37
736806,41
736807,0
736808,0
736809,0
736810,0
736811,0
736812,0
736813,35
736814,0
736815,0
736816,0
736817,0
736818,27
736819,39
736820,0
736821,0
736822,0
736823,0
736824,0
736825,0
736826,0
736827,0
736828,0
736829,27
736830,0
736831,0
736832,44
736833,0
736834,0
736835,0
736836,0
736837,0
736838,48
736839,39
736840,0
736841,0
736842,0
736843,42
736844,42
736845,28
736846,0
736847,0
736848,0
736849,0
736850,0
736851,0
736852,0
736853,0
736854,0
736855,0
736856,0
736857,8
736858,8
736859,0
736860,0
736861,0
736862,0
736863,0
736864,0
736865,0
736866,0
736867,0
736868,0
736869,0
736870,0
736871,0
736872,20
736873,0
736874,0
736875,0
736876,0
736877,0
736878,0
736879,0
736880,0
736881,0
736882,0
736883,0
736884,0
736885,0
736886,0
736887,0
736888,6
736889,0
736890,8
736891,5
736892,0
736893,0
736894,0
736895,0
736896,0
736897,0
736898,0
736899,0
736900,0
736901,0
736902,10
736903,13
736904,0
736905,0
736906,0
736907,0
736908,7
736909,0
736910,0
736911,0
736912,0
736913,0
736914,0
736915,0
736916,0
736917,0
736918,0
736919,0
736920,0
736921,0
736922,0
736923,0
736924,0
736925,0
736926,15
736927,0
736928,0
736929,16
736930,0
736931,0
736932,0
736933,0
736934,0
736935,0
736936,14
736937,0
736938,0
736939,0
736940,0
736941,0
736942,0
736943,0
736944,0
736945,0
736946,18
736947,0
736948,0
736949,0
736950,0
736951,11
736952,0
736953,7
736954,0
736955,6
736956,0
736957,0
736958,0
736959,0
736960,0
736961,0
736962,0
736963,10
736964,0
736965,0
736966,0
736967,0
736968,0
736969,0
736970,9
736971,0
736972,0
736973,0
736974,0
736975,0
736976,0
736977,0
736978,0
736979,0
736980,0
736981,0
736982,11
736983,0
736984,0
736985,0
736986,0
736987,0
736988,0
736989,0
736990,0
736991,0
736992,11
736993,0
736994,0
736995,0
736996,12
736997,0
736998,0
736999,0
737000,0
737001,14
737002,0
737003,0
737004,0
737005,0
737006,6
737007,0
737008,0
737009,0
737010,0
737011,0
737012,0
737013,0
737014,0
737015,0
737016,0
737017,0
737018,0
737019,0
737020,0
737021,0
737022,0
737023,0
737024,0
737025,0
737026,0
737027,7
737028,0
737029,0
737030,8
737031,0
737032,0
737033,7
737034,0
737035,0
737036,0
737037,0
737038,0
737039,0
737040,0
737041,40
737042,38
737043,0
737044,24
737045,28
737046,32
737047,0
737048,0
737049,0
737050,0
737051,0
737052,0
737053,0
737054,0
737055,0
737056,0
737057,0
737058,0
737059,0
737060,0
737061,0
737062,0
737063,0
737064,0
737065,28
737066,0
737067,0
737068,0
737069,0
737070,0
737071,0
737072,0
737073,0
737074,30
737075,0
737076,0
737077,0
737078,0
737079,0
737080,0
737081,0
737082,59
737083,0
737084,0
737085,34
737086,0
737087,0
737088,0
737089,0
737090,0
737091,0
737092,0
737093,0
737094,0
737095,0
737096,0
737097,0
737098,0
737099,0
737100,0
737101,20
737102,0
737103,0
737104,33
737105,27
737106,0
737107,0
737108,0
737109,0
737110,0
737111,0
737112,0
737113,0
737114,0
737115,0
737116,0
737117,0
737118,0
737119,0
737120,0
737121,0
737122,0
737123,42
737124,0
737125,0
737126,0
737127,0
737128,0
737129,0
737130,0
737131,0
737132,0
737133,0
737134,0
737135,30
737136,0
737137,28
737138,0
737139,0
737140,27
737141,0
737142,0
737143,0
737144,0
737145,0
737146,19
737147,0
737148,0
737149,0
737150,0
737151,0
737152,0
737153,26
737154,0
737155,0
737156,0
737157,0
737158,0
737159,0
737160,0
737161,0
737162,0
737163,0
737164,0
737165,0
737166,20
737167,0
737168,0
737169,33
737170,0
737171,0
737172,23
737173,21
737174,0
737175,0
737176,0
737177,0
737178,0
737179,0
737180,0
737181,0
737182,0
737183,26
737184,34
737185,0
737186,0
737187,0
737188,0
737189,44
737190,0
737191,0
737192,0
737193,0
737194,0
737195,0
737196,0
737197,0
737198,16
737199,0
737200,0
737201,0
737202,36
737203,0
737204,0
737205,0
737206,0
737207,0
737208,0
737209,0
737210,28
737211,0
737212,0
737213,0
737214,32
737215,0
737216,40
737217,0
737218,0
737219,0
737220,0
737221,0
737222,0
737223,0
737224,0
737225,0
737226,0
737227,0
737228,0
737229,0
737230,0
737231,0
737232,0
737233,26
737234,25
737235,0
737236,0
737237,0
737238,0
737239,0
737240,0
737241,0
737242,0
737243,0
737244,0
737245,0
737246,0
737247,41
737248,0
737249,0
737250,0
737251,0
737252,0
737253,0
737254,0
737255,36
737256,25
737257,0
737258,0
737259,0
737260,0
737261,0
737262,0
737263,0
737264,0
737265,0
737266,0
737267,0
737268,0
737269,0
737270,0
737271,0
737272,0
737273,0
737274,0
737275,0
737276,0
737277,0
737278,0
737279,0
737280,0
737281,0
737282,0
737283,0
737284,0
737285,0
737286,0
737287,0
737288,0
737289,0
737290,0
737291,0
737292,0
737293,0
737294,0
737295,27
737296,0
737297,34
737298,0
737299,0
737300,28
737301,0
737302,0
737303,33
737304,27
737305,0
737306,0
737307,0
737308,0
737309,27
737310,39
737311,0
737312,0
737313,0
737314,0
737315,0
737316,29
737317,38
737318,0
737319,0
737320,0
737321,0
737322,0
737323,29
737324,0
737325,0
737326,0
737327,0
737328,0
737329,0
737330,32
737331,0
737332,0
737333,0
737334,0
737335,0
737336,0
737337,0
737338,0
737339,0
737340,0
737341,0
737342,0
737343,0
737344,25
737345,0
737346,0
737347,0
737348,0
737349,0
737350,0
737351,0
737352,25
737353,0
737354,0
737355,0
737356,0
737357,0
737358,0
737359,0
737360,0
737361,0
737362,0
737363,24
737364,0
737365,37
737366,22
737367,0
737368,0
737369,0
737370,0
737371,0
737372,0
737373,28
737374,0
737375,0
737376,0
737377,0
737378,0
737379,0
737380,0
737381,0
737382,0
737383,0
737384,0
737385,0
737386,25
737387,0
737388,0
737389,0
737390,0
737391,0
737392,26
737393,0
737394,0
737395,0
737396,0
737397,0
737398,0
737399,0
737400,0
737401,0
737402,0
737403,0
737404,0
737405,0
737406,0
737407,0
737408,0
737409,0
737410,0
737411,26
737412,0
737413,0
737414,0
737415,0
737416,0
737417,0
737418,0
737419,0
737420,0
737421,29
737422,0
737423,29
737424,0
737425,0
737426,0
737427,0
737428,0
737429,0
737430,28
737431,0
737432,0
737433,45
737434,26
737435,0
737436,0
737437,0
737438,22
737439,0
737440,41
737441,0
737442,0
737443,0
737444,0
737445,0
737446,0
737447,20
737448,0
737449,0
737450,0
737451,0
737452,0
737453,0
737454,35
737455,32
737456,0
737457,0
737458,0
737459,0
737460,0
737461,0
737462,0
737463,0
737464,0
737465,0
737466,0
737467,0
737468,0
737469,0
737470,0
737471,0
737472,0
737473,0
737474,0
737475,0
737476,0
737477,0
737478,30
737479,0
737480,0
737481,0
737482,0
737483,0
737484,0
737485,0
737486,0
737487,0
737488,0
737489,0
737490,0
737491,0
737492,34
737493,0
737494,0
737495,25
737496,0
737497,0
737498,39
737499,0
737500,0
737501,0
737502,0
737503,0
737504,0
737505,29
737506,0
737507,0
737508,0
737509,23
737510,0
737511,0
737512,0
737513,0
737514,0
737515,0
737516,0
737517,0
737518,0
737519,0
737520,0
737521,0
737522,33
737523,0
737524,0
737525,0
737526,0
737527,0
737528,0
737529,0
737530,0
737531,0
737532,0
737533,0
737534,0
737535,0
737536,0
737537,0
737538,0
737539,0
737540,0
737541,0
737542,0
737543,0
737544,0
737545,26
737546,0
737547,24
737548,0
737549,0
737550,0
737551,16
737552,0
737553,35
737554,0
737555,0
737556,0
737557,0
737558,0
737559,0
737560,0
737561,0
737562,0
737563,0
737564,0
737565,0
737566,0
737567,0
737568,0
737569,0
737570,25
737571,0
737572,0
737573,0
737574,0
737575,0
737576,0
737577,0
737578,28
737579,0
737580,0
737581,0
737582,0
737583,0
737584,22
737585,0
737586,26
737587,44
737588,0
737589,0
737590,21
737591,0
737592,0
737593,0
737594,37
737595,0
737596,0
737597,33
737598,0
737599,0
737600,0
737601,0
737602,0
737603,29
737604,0
737605,0
737606,0
737607,0
737608,0
737609,0
737610,0
737611,0
737612,0
737613,0
737614,0
737615,0
737616,0
737617,0
737618,0
737619,0
737620,0
737621,0
737622,0
737623,0
737624,0
737625,45
737626,0
737627,0
737628,0
737629,0
737630,0
737631,0
737632,0
737633,0
737634,0
737635,0
737636,0
737637,0
737638,0
737639,0
737640,25
737641,0
737642,0
737643,0
737644,0
737645,0
737646,0
737647,0
737648,0
737649,36
737650,0
737651,0
737652,0
737653,0
737654,35
737655,0
737656,0
737657,0
737658,0
737659,0
737660,0
737661,29
737662,0
737663,0
737664,0
737665,0
737666,0
737667,0
737668,0
737669,0
737670,22
737671,29
737672,0
737673,0
737674,0
737675,25
737676,0
737677,0
737678,0
737679,0
737680,45
737681,27
737682,0
737683,0
737684,0
737685,0
737686,0
737687,0
737688,0
737689,0
737690,25
737691,0
737692,0
737693,0
737694,0
737695,0
737696,0
737697,0
737698,0
737699,0
737700,27
737701,0
737702,0
737703,0
737704,0
737705,0
737706,45
737707,0
737708,25
737709,0
737710,0
737711,0
737712,0
737713,0
737714,0
737715,0
737716,0
737717,0
737718,0
737719,0
737720,0
737721,0
737722,0
737723,0
737724,0
737725,0
737726,0
737727,0
737728,41
737729,27
737730,0
737731,0
737732,0
737733,0
737734,0
737735,0
737736,0
737737,0
737738,47
737739,0
737740,0
737741,0
737742,0
737743,0
737744,0
737745,0
737746,43
737747,27
737748,0
737749,24
737750,0
737751,0
737752,0
737753,0
737754,27
737755,0
737756,0
737757,0
737758,0
737759,0
737760,0
737761,0
737762,0
737763,0
737764,0
737765,0
737766,0
737767,0
737768,0
737769,31
737770,0
737771,0
737772,0
737773,0
737774,0
737775,0
737776,0
737777,31
737778,0
737779,0
737780,25
737781,0
737782,0
737783,0
737784,17
737785,0
737786,0
737787,24
737788,0
737789,0
737790,0
737791,0
737792,0
737793,0
737794,0
737795,0
737796,0
737797,0
737798,0
737799,0
737800,0
737801,0
737802,0
737803,0
737804,0
737805,45
737806,0
737807,0
737808,0
737809,0
737810,0
737811,0
737812,0
737813,0
737814,0
737815,32
737816,0
737817,0
737818,0
737819,0
737820,0
737821,0
737822,27
737823,0
737824,0
737825,0
737826,40
737827,0
737828,0
737829,0
737830,0
737831,28
737832,0
737833,0
737834,0
737835,0
737836,0
737837,0
737838,0
737839,0
737840,0
737841,0
737842,35
737843,0
737844,40
737845,0
737846,47
737847,0
737848,0
737849,0
737850,22
737851,0
737852,0
737853,0
737854,0
737855,25
737856,0
737857,0
737858,0
737859,0
737860,0
737861,0
737862,0
737863,0
737864,0
737865,0
737866,0
737867,0
737868,0
737869,0
737870,0
737871,0
737872,0
737873,0
737874,0
737875,0
737876,0
737877,0
737878,0
737879,36
737880,0
737881,0
737882,0
737883,0
737884,0
737885,0
737886,33
737887,0
737888,0
737889,0
737890,0
737891,0
737892,0
737893,0
737894,0
737895,0
737896,0
737897,0
737898,0
737899,0
737900,0
737901,0
737902,0
737903,36
737904,0
737905,0
737906,0
737907,0
737908,0
737909,0
737910,0
737911,0
737912,0
737913,0
737914,0
737915,0
737916,0
737917,0
737918,0
737919,0
737920,0
737921,28
737922,0
737923,0
737924,0
737925,0
737926,0
737927,29
737928,0
737929,0
737930,51
737931,0
737932,0
737933,0
737934,0
737935,0
737936,26
737937,0
737938,0
737939,0
737940,0
737941,0
737942,0
737943,0
737944,0
737945,30
737946,0
737947,0
737948,0
737949,0
737950,37
737951,0
737952,0
737953,0
737954,24
737955,0
737956,0
737957,0
737958,0
737959,0
737960,0
737961,0
737962,0
737963,0
737964,0
737965,42
737966,47
737967,0
737968,0
737969,41
737970,0
737971,0
737972,0
737973,0
737974,0
737975,0
737976,0
737977,0
737978,0
737979,0
737980,0
737981,0
737982,0
737983,0
737984,0
737985,0
737986,0
737987,0
737988,0
737989,0
737990,0
737991,0
737992,0
737993,0
737994,0
737995,0
737996,52
737997,0
737998,0
737999,0
738000,0
738001,0
738002,0
738003,0
738004,0
738005,0
738006,0
738007,56
738008,0
738009,0
738010,0
738011,0
738012,0
738013,0
738014,0
738015,0
738016,0
738017,0
738018,0
738019,0
738020,0
738021,38
738022,0
738023,0
738024,0
738025,0
738026,0
738027,0
738028,0
738029,0
738030,38
738031,0
738032,0
738033,0
738034,32
738035,0
738036,0
738037,0
738038,0
738039,0
738040,0
738041,0
738042,0
738043,34
738044,40
738045,0
738046,0
738047,0
738048,22
738049,0
738050,0
738051,0
738052,0
738053,0
738054,0
738055,38
738056,0
738057,0
738058,31
738059,29
738060,0
738061,0
738062,47
738063,0
738064,24
738065,0
738066,0
738067,0
738068,0
738069,0
738070,21
738071,0
738072,22
738073,0
738074,0
738075,0
738076,0
738077,0
738078,0
738079,0
738080,0
738081,0
738082,33
738083,0
738084,0
738085,40
738086,0
738087,0
738088,0
738089,0
738090,0
738091,0
738092,23
738093,0
738094,0
738095,0
738096,0
738097,0
738098,0
738099,0
738100,0
738101,0
738102,0
738103,0
738104,0
738105,0
738106,0
738107,0
738108,57
738109,0
738110,0
738111,0
738112,23
738113,0
738114,0
738115,0
738116,0
738117,0
738118,46
738119,0
738120,0
738121,0
738122,32
738123,0
738124,0
738125,0
738126,28
738127,0
738128,0
738129,0
738130,0
738131,0
738132,56
738133,13
738134,0
738135,0
738136,0
738137,0
738138,0
738139,0
738140,0
738141,0
738142,0
738143,0
738144,0
738145,0
738146,0
738147,0
738148,0
738149,49
738150,0
738151,0
738152,0
738153,0
738154,0
738155,0
738156,0
738157,36
738158,0
738159,0
738160,0
738161,0
738162,0
738163,0
738164,0
738165,0
738166,28
738167,0
738168,34
738169,0
738170,0
738171,0
738172,0
738173,38
738174,0
738175,0
738176,0
738177,0
738178,0
738179,0
738180,0
738181,0
738182,0
738183,0
738184,0
738185,0
738186,0
738187,0
738188,0
738189,0
738190,0
738191,0
738192,0
738193,0
738194,0
738195,0
738196,0
738197,13
738198,45
738199,0
738200,15
738201,0
738202,0
738203,0
738204,0
738205,0
738206,0
738207,0
738208,0
738209,0
738210,0
738211,23
738212,39
738213,0
738214,0
738215,0
738216,35
738217,36
738218,0
738219,0
738220,0
738221,0
738222,0
738223,0
738224,0
738225,0
738226,0
738227,0
738228,0
738229,35
738230,0
738231,0
738232,0
738233,0
738234,0
738235,0
738236,0
738237,0
738238,30
738239,0
738240,0
738241,0
738242,0
738243,0
738244,24
738245,23
738246,0
738247,0
738248,0
738249,0
738250,0
738251,0
738252,0
738253,0
738254,0
738255,0
738256,0
738257,0
738258,0
738259,0
738260,0
738261,0
738262,0
738263,28
738264,29
738265,0
738266,0
738267,0
738268,16
738269,41
738270,0
738271,0
738272,0
738273,0
738274,25
738275,0
738276,0
738277,0
738278,26
738279,0
738280,25
738281,0
738282,36
738283,0
738284,42
738285,0
738286,0
738287,0
738288,0
738289,39
738290,32
738291,48
738292,0
738293,0
738294,0
738295,0
738296,0
738297,0
738298,0
738299,0
738300,0
738301,0
738302,0
738303,0
738304,0
738305,0
738306,0
738307,0
738308,0
738309,0
738310,0
738311,28
738312,28
738313,0
738314,0
738315,40
738316,0
738317,0
738318,0
738319,33
738320,0
738321,0
738322,0
738323,0
738324,0
738325,0
738326,0
738327,47
738328,0
738329,0
738330,0
738331,0
738332,0
738333,0
738334,0
738335,39
738336,42
738337,0
738338,4
738339,0
738340,0
738341,0
738342,0
738343,0
738344,0
738345,42
738346,0
738347,0
738348,0
738349,0
738350,0
738351,0
738352,0
738353,0
738354,35
738355,21
738356,0
738357,0
738358,23
738359,0
738360,0
738361,0
738362,0
738363,0
738364,0
738365,29
738366,0
738367,0
738368,0
738369,0
738370,0
738371,0
738372,0
738373,0
738374,0
738375,0
738376,27
738377,0
738378,0
738379,0
738380,0
738381,64
738382,0
738383,0
738384,0
738385,0
738386,0
738387,0
738388,0
738389,0
738390,0
738391,0
738392,0
738393,0
738394,0
738395,41
738396,0
738397,0
738398,0
738399,35
738400,0
738401,0
738402,0
738403,0
738404,0
738405,0
738406,0
738407,0
738408,0
738409,0
738410,0
738411,0
738412,0
738413,0
738414,40
738415,0
738416,0
738417,0
738418,0
738419,49
738420,0
738421,0
738422,0
738423,0
738424,0
738425,0
738426,0
738427,0
738428,0
738429,0
738430,29
738431,0
738432,0
738433,0
738434,29
738435,0
738436,0
738437,0
738438,0
738439,0
738440,0
738441,0
738442,0
738443,0
738444,0
738445,11
738446,0
738447,0
738448,0
738449,0
738450,0
738451,36
738452,0
738453,43
738454,0
738455,0
738456,0
738457,49
738458,0
738459,0
738460,0
738461,0
738462,0
738463,0
738464,0
738465,0
738466,0
738467,22
738468,0
738469,0
738470,0
738471,0
738472,0
738473,0
738474,27
738475,0
738476,65
738477,0
738478,0
738479,0
738480,0
738481,0
738482,0
738483,0
738484,0
738485,0
738486,0
738487,0
738488,0
738489,63
738490,0
738491,47
738492,37
738493,0
738494,0
738495,0
738496,35
738497,44
738498,0
738499,0
738500,0
738501,0
738502,0
738503,0
738504,0
738505,0
738506,0
738507,0
738508,0
738509,0
738510,39
738511,0
738512,0
738513,0
738514,0
738515,29
738516,0
738517,0
738518,0
738519,0
738520,51
738521,0
738522,0
738523,0
738524,0
738525,0
738526,0
738527,0
738528,38
738529,0
738530,0
738531,0
738532,0
738533,0
738534,0
738535,0
738536,44
738537,0
738538,0
738539,0
738540,0
738541,0
738542,36
738543,0
738544,21
738545,0
738546,36
738547,0
738548,0
738549,0
738550,39
738551,0
738552,41
738553,0
738554,0
738555,0
738556,0
738557,0
738558,0
738559,0
738560,0
738561,0
738562,0
738563,0
738564,0
738565,0
738566,24
738567,0
738568,0
738569,0
738570,0
738571,0
738572,0
738573,0
738574,0
738575,0
738576,0
738577,0
738578,23
738579,0
738580,0
738581,0
738582,0
738583,0
738584,0
738585,0
738586,0
738587,0
738588,15
738589,0
738590,0
738591,0
738592,0
738593,0
738594,0
738595,0
738596,0
738597,0
738598,26
738599,0
738600,0
738601,0
738602,0
738603,0
738604,0
738605,0
738606,0
738607,60
738608,0
738609,0
738610,0
738611,0
738612,0
738613,0
738614,0
738615,0
738616,25
738617,0
738618,0
738619,0
738620,0
738621,0
738622,24
738623,0
738624,0
738625,0
738626,0
738627,0
738628,0
738629,0
738630,0
738631,0
738632,0
738633,37
738634,0
738635,0
738636,0
738637,0
738638,0
738639,20
738640,0
738641,0
738642,26
738643,0
738644,0
738645,25
738646,0
738647,0
738648,0
738649,0
738650,0
738651,0
738652,0
738653,0
738654,0
738655,0
738656,51
738657,31
738658,0
738659,0
738660,0
738661,0
738662,0
738663,0
738664,0
738665,0
738666,33
738667,47
738668,0
738669,0
738670,0
738671,0
738672,26
738673,0
738674,0
738675,0
738676,0
738677,0
738678,27
738679,0
738680,38
738681,0
738682,36
738683,0
738684,27
738685,0
738686,55
738687,23
738688,0
738689,0
738690,22
738691,0
738692,0
738693,0
738694,0
738695,0
738696,0
738697,0
738698,0
738699,24
738700,0
738701,0
738702,0
738703,0
738704,0
738705,0
738706,0
738707,0
738708,0
738709,28
738710,0
738711,0
738712,0
738713,0
738714,0
738715,0
738716,0
738717,0
738718,0
738719,0
738720,0
738721,0
738722,0
738723,0
738724,0
738725,0
738726,0
738727,0
738728,0
738729,0
738730,0
738731,0
738732,0
738733,0
738734,41
738735,0
738736,0
738737,0
738738,0
738739,0
738740,0
738741,0
738742,0
738743,0
738744,0
738745,0
738746,0
738747,0
738748,0
738749,0
738750,0
738751,0
738752,0
738753,0
738754,0
738755,0
738756,0
738757,0
738758,0
738759,0
738760,0
738761,0
738762,0
738763,0
738764,0
738765,0
738766,0
738767,15
738768,0
738769,0
738770,0
738771,0
738772,0
738773,0
738774,0
738775,0
738776,43
738777,0
738778,0
738779,29
738780,0
738781,0
738782,0
738783,0
738784,0
738785,0
738786,0
738787,0
738788,0
738789,0
738790,0
738791,0
738792,30
738793,23
738794,0
738795,0
738796,0
738797,44
738798,0
738799,0
738800,0
738801,0
738802,0
738803,0
738804,0
738805,28
738806,0
738807,0
738808,0
738809,0
738810,0
738811,0
738812,0
738813,0
738814,0
738815,0
738816,0
738817,0
738818,0
738819,24
738820,0
738821,0
738822,0
738823,0
738824,0
738825,0
738826,0
738827,0
738828,0
738829,0
738830,0
738831,0
738832,0
738833,0
738834,0
738835,0
738836,0
738837,28
738838,0
738839,0
738840,0
738841,0
738842,0
738843,0
738844,0
738845,0
738846,0
738847,0
738848,53
738849,0
738850,0
738851,0
738852,0
738853,0
738854,55
738855,0
738856,0
738857,34
738858,0
738859,0
738860,0
738861,0
738862,0
738863,0
738864,0
738865,0
738866,0
738867,0
738868,27
738869,0
738870,0
738871,0
738872,0
738873,0
738874,0
738875,0
738876,0
738877,0
738878,0
738879,48
738880,0
738881,0
738882,30
738883,0
738884,0
738885,0
738886,0
738887,0
738888,0
738889,0
738890,0
738891,0
738892,0
738893,41
738894,0
738895,0
738896,0
738897,0
738898,0
738899,0
738900,34
738901,0
738902,0
738903,0
738904,0
738905,0
738906,0
738907,0
738908,0
738909,0
738910,0
738911,32
738912,34
738913,0
738914,0
738915,0
738916,0
738917,0
738918,0
738919,0
738920,0
738921,0
738922,0
738923,21
738924,31
738925,0
738926,30
738927,23
738928,0
738929,0
738930,0
738931,0
738932,0
738933,0
738934,0
738935,0
738936,0
738937,0
738938,0
738939,0
738940,0
738941,0
738942,0
738943,0
738944,0
738945,0
738946,0
738947,0
738948,24
738949,0
738950,0
738951,0
738952,0
738953,0
738954,0
738955,0
738956,0
738957,0
738958,0
738959,0
738960,0
738961,0
738962,0
738963,42
738964,0
738965,0
738966,0
738967,0
738968,0
738969,0
738970,0
738971,0
738972,0
738973,0
738974,0
738975,0
738976,0
738977,0
738978,0
738979,0
738980,0
738981,0
738982,0
738983,36
738984,0
738985,0
738986,0
738987,0
738988,0
738989,0
738990,0
738991,0
738992,0
738993,0
738994,30
738995,0
738996,0
738997,0
738998,0
738999,0
739000,0
739001,0
739002,0
739003,0
739004,0
739005,0
739006,0
739007,0
739008,0
739009,0
739010,25
739011,0
739012,0
739013,0
739014,0
739015,18
739016,0
739017,26
739018,0
739019,18
739020,0
739021,0
739022,0
739023,0
739024,33
739025,21
739026,26
739027,28
739028,0
739029,0
739030,0
739031,0
739032,0
739033,25
739034,0
739035,29
739036,0
739037,0
739038,0
739039,0
739040,0
739041,0
739042,40
739043,0
739044,0
739045,0
739046,0
739047,39
739048,0
739049,0
739050,0
739051,0
739052,0
739053,0
739054,0
739055,0
739056,22
739057,0
739058,0
739059,0
739060,0
739061,21
739062,27
739063,28
739064,27
739065,0
739066,0
739067,21
739068,25
739069,32
739070,0
739071,0
739072,0
739073,0
739074,28
739075,0
739076,0
739077,0
739078,0
739079,0
739080,26
739081,0
739082,0
739083,26
739084,0
739085,0
739086,0
739087,0
739088,0
739089,0
739090,0
739091,0
739092,0
739093,0
739094,0
739095,21
739096,20
739097,0
739098,0
739099,0
739100,0
739101,0
739102,21
739103,35
739104,0
739105,0
739106,0
739107,0
739108,0
739109,0
739110,0
739111,0
739112,28
739113,44
739114,28
739115,0
739116,21
739117,0
739118,0
739119,30
739120,0
739121,0
739122,0
739123,0
739124,0
739125,0
739126,0
739127,0
739128,0
739129,0
739130,0
739131,0
739132,29
739133,0
739134,0
739135,0
739136,0
739137,0
739138,0
739139,0
739140,0
739141,0
739142,21
739143,0
739144,0
739145,0
739146,0
739147,20
739148,0
739149,29
739150,0
739151,0
739152,0
739153,0
739154,0
739155,0
739156,0
739157,0
739158,0
739159,30
739160,0
739161,0
739162,0
739163,0
739164,0
739165,26
739166,0
739167,0
739168,0
739169,0
739170,21
739171,25
739172,0
739173,0
739174,0
739175,0
739176,0
739177,0
739178,0
739179,0
739180,0
739181,0
739182,0
739183,0
739184,0
739185,0
739186,34
739187,0
739188,22
739189,0
739190,0
739191,25
739192,0
739193,24
739194,24
739195,0
739196,20
739197,0
739198,0
739199,0
739200,0
739201,0
739202,0
739203,0
739204,0
739205,0
739206,24
739207,0
739208,0
739209,0
739210,0
739211,0
739212,0
739213,0
739214,0
739215,0
739216,24
739217,0
739218,0
739219,0
739220,19
739221,0
739222,0
739223,0
739224,0
739225,16
739226,0
739227,0
739228,0
739229,0
739230,0
739231,0
739232,0
739233,39
739234,0
739235,0
739236,0
739237,0
739238,0
739239,0
739240,22
739241,0
739242,27
739243,0
739244,0
739245,0
739246,31
739247,22
739248,0
739249,0
739250,0
739251,0
739252,0
739253,34
739254,26
739255,24
739256,30
739257,0
739258,0
739259,0
739260,19
739261,0
739262,0
739263,0
739264,0
739265,0
739266,0
739267,0
739268,26
739269,0
739270,0
739271,0
739272,0
739273,25
739274,37
739275,32
739276,26
739277,0
739278,0
739279,0
739280,31
739281,0
739282,29
739283,0
739284,22
739285,0
739286,17
739287,0
739288,35
739289,21
739290,0
739291,45
739292,39
739293,0
739294,0
739295,22
739296,0
739297,0
739298,0
739299,22
739300,23
739301,0
739302,0
739303,0
739304,0
739305,0
739306,0
739307,0
739308,0
739309,0
739310,0
739311,0
739312,0
739313,0
739314,0
739315,13
739316,0
739317,12
739318,0
739319,0
739320,0
739321,28
739322,0
739323,36
739324,28
739325,0
739326,0
739327,0
739328,0
739329,0
739330,0
739331,0
739332,0
739333,0
739334,20
739335,0
739336,0
739337,0
739338,37
739339,37
739340,0
739341,0
739342,27
739343,0
739344,17
739345,0
739346,0
739347,0
739348,0
739349,31
739350,23
739351,0
739352,0
739353,0
739354,25
739355,0
739356,0
739357,0
739358,32
739359,26
739360,20
739361,23
739362,20
739363,0
739364,17
739365,0
739366,0
739367,0
739368,0
739369,0
739370,0
739371,26
739372,0
739373,0
739374,0
739375,0
739376,0
739377,0
739378,0
739379,0
739380,26
739381,0
739382,0
739383,19
739384,0
739385,0
739386,0
739387,0
739388,0
739389,0
739390,0
739391,0
739392,0
739393,0
739394,0
739395,0
739396,0
739397,0
739398,26
739399,20
739400,0
739401,0
739402,21
739403,0
739404,15
739405,0
739406,0
739407,27
739408,0
739409,0
739410,30
739411,22
739412,0
739413,16
739414,30
739415,0
739416,0
739417,0
739418,0
739419,31
739420,0
739421,0
739422,0
739423,0
739424,20
739425,0
739426,29
739427,30
739428,0
739429,0
739430,0
739431,0
739432,25
739433,0
739434,23
739435,0
739436,0
739437,0
739438,0
739439,0
739440,20
739441,0
739442,0
739443,0
739444,0
739445,0
739446,24
739447,0
739448,0
739449,0
739450,0
739451,0
739452,22
739453,0
739454,0
739455,0
739456,0
739457,0
739458,19
739459,24
739460,34
739461,14
739462,0
739463,0
739464,0
739465,0
739466,0
739467,0
739468,19
739469,23
739470,26
739471,24
739472,0
739473,0
739474,25
739475,0
739476,0
739477,0
739478,25
739479,0
739480,0
739481,0
739482,0
739483,0
739484,0
739485,0
739486,0
739487,0
739488,0
739489,0
739490,0
739491,0
739492,0
739493,35
739494,0
739495,0
739496,28
739497,24
739498,23
739499,0
739500,29
739501,0
739502,17
739503,0
739504,25
739505,20
739506,24
739507,0
739508,0
739509,0
739510,0
739511,0
739512,0
739513,0
739514,0
739515,15
739516,0
739517,0
739518,0
739519,30
739520,0
739521,25
739522,0
739523,0
739524,25
739525,0
739526,0
739527,0
739528,23
739529,0
739530,0
739531,33
739532,0
739533,0
739534,0
739535,0
739536,0
739537,0
739538,0
739539,21
739540,0
739541,0
739542,0
739543,0
739544,28
739545,0
739546,0
739547,0
739548,0
739549,24
739550,14
739551,0
739552,0
739553,23
739554,0
739555,0
739556,0
739557,0
739558,26
739559,0
739560,0
739561,35
739562,0
739563,0
739564,0
739565,26
739566,0
739567,0
739568,0
739569,19
739570,0
739571,0
739572,0
739573,16
739574,0
739575,0
739576,0
739577,0
739578,0
739579,0
739580,0
739581,0
739582,16
739583,0
739584,0
739585,0
739586,0
739587,0
739588,28
739589,0
739590,17
739591,18
739592,0
739593,24
739594,0
739595,0
739596,0
739597,16
739598,32
739599,0
739600,37
739601,0
739602,0
739603,0
739604,0
739605,0
739606,0
739607,24
739608,0
739609,0
739610,18
739611,33
739612,0
739613,0
739614,0
739615,0
739616,30
739617,0
739618,0
739619,0
739620,0
739621,0
739622,0
739623,22
739624,0
739625,0
739626,0
739627,0
739628,25
739629,0
739630,0
739631,0
739632,0
739633,0
739634,0
739635,0
739636,27
739637,0
739638,0
739639,0
739640,0
739641,0
739642,30
739643,0
739644,0
739645,0
739646,0
739647,0
739648,32
739649,0
739650,0
739651,0
739652,0
739653,0
739654,0
739655,0
739656,20
739657,0
739658,0
739659,12
739660,0
739661,19
739662,25
739663,26
739664,0
739665,0
739666,23
739667,0
739668,0
739669,0
739670,0
739671,0
739672,0
739673,0
739674,0
739675,0
739676,0
739677,0
739678,0
739679,0
739680,0
739681,28
739682,21
739683,0
739684,26
739685,0
739686,0
739687,0
739688,27
739689,24
739690,0
739691,0
739692,25
739693,0
739694,0
739695,30
739696,26
739697,0
739698,0
739699,0
739700,0
739701,35
739702,0
739703,0
739704,0
739705,0
739706,0
739707,32
739708,0
739709,0
739710,22
739711,0
739712,0
739713,16
739714,0
739715,0
739716,0
739717,0
739718,28
739719,0
739720,0
739721,33
739722,21
739723,0
739724,32
739725,18
739726,0
739727,0
739728,21
739729,0
739730,19
739731,0
739732,12
739733,0
739734,0
739735,0
739736,0
739737,0
739738,37
739739,0
739740,0
739741,34
739742,0
739743,0
739744,0
739745,36
739746,0
739747,0
739748,0
739749,0
739750,0
739751,0
739752,0
739753,0
739754,0
739755,0
739756,57
739757,0
739758,0
739759,38
739760,22
739761,0
739762,0
739763,0
739764,0
739765,0
739766,30
739767,0
739768,0
739769,0
739770,0
739771,25
739772,41
739773,0
739774,0
739775,0
739776,0
739777,35
739778,0
739779,0
739780,0
739781,0
739782,0
739783,36
739784,34
739785,0
739786,0
739787,0
739788,0
739789,27
739790,0
739791,0
739792,30
739793,0
739794,37
739795,0
739796,0
739797,0
739798,0
739799,0
739800,33
739801,0
739802,0
739803,31
739804,0
739805,0
739806,44
739807,0
739808,0
739809,0
739810,0
739811,0
739812,0
739813,0
739814,0
739815,0
739816,24
739817,0
739818,0
739819,0
739820,0
739821,0
739822,38
739823,0
739824,0
739825,0
739826,0
739827,0
739828,0
739829,0
739830,0
739831,0
739832,0
739833,0
739834,0
739835,0
739836,0
739837,0
739838,0
739839,0
739840,47
739841,14
739842,0
739843,0
739844,0
739845,0
739846,30
739847,0
739848,0
739849,0
739850,33
739851,0
739852,23
739853,0
739854,0
739855,0
739856,0
739857,0
739858,0
739859,30
739860,0
739861,28
739862,0
739863,28
739864,0
739865,0
739866,0
739867,0
739868,0
739869,30
739870,0
739871,51
739872,0
739873,0
739874,23
739875,0
739876,0
739877,0
739878,28
739879,47
739880,0
739881,0
739882,38
739883,0
739884,0
739885,15
739886,0
739887,0
739888,27
739889,0
739890,0
739891,0
739892,0
739893,0
739894,0
739895,43
739896,24
739897,0
739898,0
739899,26
739900,0
739901,36
739902,0
739903,0
739904,37
739905,0
739906,27
739907,0
739908,0
739909,0
739910,53
739911,0
739912,0
739913,0
739914,0
739915,31
739916,41
739917,0
739918,0
739919,0
739920,48
739921,0
739922,0
739923,0
739924,28
739925,0
739926,0
739927,0
739928,0
739929,0
739930,0
739931,0
739932,0
739933,0
739934,0
739935,0
739936,0
739937,0
739938,0
739939,0
739940,46
739941,0
739942,0
739943,0
739944,28
739945,33
739946,0
739947,0
739948,0
739949,33
739950,23
739951,0
739952,0
739953,0
739954,0
739955,29
739956,0
739957,0
739958,0
739959,0
739960,0
739961,36
739962,0
739963,15
739964,26
739965,0
739966,0
739967,38
739968,0
739969,0
739970,0
739971,0
739972,0
739973,0
739974,31
739975,0
739976,43
739977,0
739978,0
739979,0
739980,49
739981,32
739982,0
739983,0
739984,35
739985,36
739986,0
739987,0
739988,0
739989,0
739990,0
739991,0
739992,0
739993,0
739994,0
739995,0
739996,0
739997,34
739998,0
739999,36
740000,0
740001,0
740002,26
740003,0
740004,0
740005,0
740006,0
740007,0
740008,0
740009,0
740010,0
740011,0
740012,0
740013,0
740014,37
740015,0
740016,0
740017,0
740018,32
740019,0
740020,0
740021,39
740022,0
740023,0
740024,0
740025,0
740026,0
740027,0
740028,0
740029,39
740030,0
740031,0
740032,37
740033,0
740034,0
740035,0
740036,0
740037,0
740038,19
740039,0
740040,0
740041,0
740042,0
740043,41
740044,46
740045,0
740046,0
740047,0
740048,0
740049,0
740050,0
740051,25
740052,0
740053,0
740054,40
740055,0
740056,0
740057,0
740058,28
740059,0
740060,0
740061,0
740062,0
740063,0
740064,0
740065,49
740066,0
740067,31
740068,0
740069,34
740070,34
740071,0
740072,45
740073,0
740074,0
740075,0
740076,26
740077,0
740078,0
740079,0
740080,0
740081,0
740082,0
740083,18
740084,0
740085,0
740086,0
740087,0
740088,0
740089,0
740090,0
740091,30
740092,0
740093,37
740094,0
740095,0
740096,0
740097,0
740098,0
740099,0
740100,0
740101,0
740102,0
740103,41
740104,0
740105,22
740106,0
740107,0
740108,0
740109,0
740110,0
740111,36
740112,0
740113,0
740114,29
740115,32
740116,0
740117,29
740118,0
740119,0
740120,0
740121,0
740122,0
740123,0
740124,28
740125,0
740126,0
740127,48
740128,0
740129,0
740130,0
740131,0
740132,0
740133,0
740134,0
740135,0
740136,0
740137,0
740138,0
740139,0
740140,0
740141,24
740142,0
740143,0
740144,0
740145,0
740146,0
740147,0
740148,0
740149,0
740150,29
740151,0
740152,0
740153,0
740154,17
740155,0
740156,18
740157,0
740158,0
740159,0
740160,0
740161,0
740162,0
740163,0
740164,0
740165,0
740166,0
740167,0
740168,0
740169,37
740170,0
740171,0
740172,0
740173,0
740174,0
740175,0
740176,0
740177,0
740178,0
740179,0
740180,0
740181,0
740182,0
740183,0
740184,14
740185,0
740186,12
740187,0
740188,0
740189,0
740190,18
740191,25
740192,0
740193,0
740194,0
740195,0
740196,0
740197,0
740198,0
740199,37
740200,0
740201,0
740202,20
740203,15
740204,0
740205,0
740206,0
740207,0
740208,0
740209,0
740210,0
740211,0
740212,0
740213,0
740214,0
740215,0
740216,0
740217,0
740218,0
740219,0
740220,0
740221,0
740222,23
740223,0
740224,0
740225,0
740226,11
740227,0
740228,0
740229,0
740230,0
740231,0
740232,0
740233,0
740234,26
740235,14
740236,0
740237,14
740238,0
740239,0
740240,0
740241,0
740242,0
740243,0
740244,0
740245,0
740246,0
740247,0
740248,0
740249,0
740250,0
740251,0
740252,0
740253,0
740254,0
740255,0
740256,0
740257,0
740258,0
740259,0
740260,0
740261,0
740262,0
740263,0
740264,0
740265,0
740266,0
740267,21
740268,0
740269,0
740270,0
740271,0
740272,0
740273,0
740274,24
740275,0
740276,0
740277,0
740278,23
740279,0
740280,0
740281,0
740282,25
740283,33
740284,0
740285,0
740286,0
740287,36
740288,0
740289,0
740290,0
740291,26
740292,0
740293,0
740294,0
740295,0
740296,0
740297,0
740298,0
740299,0
740300,40
740301,0
740302,0
740303,0
740304,0
740305,0
740306,0
740307,0
740308,0
740309,0
740310,0
740311,0
740312,0
740313,9
740314,5
740315,0
740316,0
740317,0
740318,0
740319,0
740320,0
740321,7
740322,0
740323,0
740324,12
740325,12
740326,4
740327,0
740328,10
740329,10
740330,0
740331,0
740332,0
740333,0
740334,6
740335,0
740336,9
740337,0
740338,0
740339,0
740340,9
740341,0
740342,0
740343,7
740344,4
740345,0
740346,0
740347,0
740348,0
740349,0
740350,0
740351,0
740352,0
740353,10
740354,0
740355,0
740356,0
740357,0
740358,0
740359,0
740360,0
740361,0
740362,0
740363,0
740364,6
740365,9
740366,0
740367,0
740368,7
740369,0
740370,7
740371,0
740372,0
740373,6
740374,0
740375,0
740376,0
740377,0
740378,0
740379,8
740380,0
740381,0
740382,0
740383,0
740384,0
740385,0
740386,0
740387,6
740388,0
740389,0
740390,0
740391,0
740392,0
740393,8
740394,0
740395,0
740396,0
740397,0
740398,0
740399,0
740400,6
740401,0
740402,0
740403,0
740404,0
740405,0
740406,0
740407,17
740408,0
740409,0
740410,0
740411,0
740412,0
740413,0
740414,0
740415,0
740416,12
740417,2
740418,0
740419,0
740420,0
740421,0
740422,0
740423,0
740424,0
740425,45
740426,0
740427,0
740428,0
740429,31
740430,0
740431,0
740432,0
740433,32
740434,0
740435,44
740436,0
740437,0
740438,32
740439,0
740440,43
740441,0
740442,0
740443,0
740444,0
740445,53
740446,0
740447,0
740448,0
740449,0
740450,0
740451,0
740452,56
740453,0
740454,0
740455,0
740456,0
740457,49
740458,0
740459,0
740460,0
740461,0
740462,0
740463,0
740464,0
740465,0
740466,34
740467,0
740468,0
740469,0
740470,70
740471,0
740472,0
740473,0
740474,0
740475,0
740476,0
740477,0
740478,0
740479,53
740480,0
740481,0
740482,53
740483,0
740484,47
740485,0
740486,0
740487,0
740488,0
740489,0
740490,0
740491,0
740492,0
740493,0
740494,0
740495,43
740496,0
740497,31
740498,0
740499,0
740500,0
740501,0
740502,0
740503,0
740504,0
740505,0
740506,0
740507,0
740508,0
740509,0
740510,0
740511,0
740512,0
740513,0
740514,24
740515,0
740516,0
740517,0
740518,0
740519,0
740520,18
740521,0
740522,0
740523,0
740524,0
740525,0
740526,0
740527,0
740528,0
740529,0
740530,0
740531,0
740532,0
740533,0
740534,0
740535,0
740536,0
740537,0
740538,0
740539,0
740540,0
740541,0
740542,0
740543,0
740544,0
740545,37
740546,0
740547,0
740548,0
740549,0
740550,0
740551,34
740552,0
740553,0
740554,0
740555,0
740556,0
740557,0
740558,0
740559,0
740560,0
740561,49
740562,0
740563,47
740564,0
740565,20
740566,0
740567,0
740568,0
740569,0
740570,0
740571,42
740572,0
740573,0
740574,0
740575,0
740576,0
740577,0
740578,0
740579,0
740580,0
740581,0
740582,0
740583,0
740584,0
740585,0
740586,0
740587,0
740588,0
740589,0
740590,0
740591,0
740592,0
740593,0
740594,0
740595,0
740596,0
740597,0
740598,0
740599,13
740600,0
740601,32
740602,0
740603,0
740604,30
740605,0
740606,0
740607,0
740608,0
740609,0
740610,0
740611,0
740612,0
740613,0
740614,23
740615,0
740616,0
740617,73
740618,0
740619,0
740620,0
740621,46
740622,0
740623,0
740624,102
740625,34
740626,0
740627,38
740628,0
740629,42
740630,0
740631,44
740632,0
740633,0
740634,0
740635,0
740636,0
740637,0
740638,0
740639,0
740640,0
740641,0
740642,28
740643,0
740644,0
740645,0
740646,0
740647,0
740648,0
740649,0
740650,0
740651,0
740652,0
740653,0
740654,0
740655,0
740656,0
740657,42
740658,0
740659,0
740660,0
740661,0
740662,17
740663,0
740664,38
740665,55
740666,25
740667,0
740668,0
740669,30
740670,0
740671,0
740672,26
740673,0
740674,0
740675,50
740676,44
740677,0
740678,0
740679,0
740680,52
740681,0
740682,0
740683,0
740684,0
740685,0
740686,0
740687,0
740688,56
740689,49
740690,31
740691,0
740692,0
740693,0
740694,0
740695,0
740696,49
740697,0
740698,0
740699,0
740700,0
740701,0
740702,0
740703,0
740704,0
740705,0
740706,46
740707,0
740708,0
740709,21
740710,0
740711,0
740712,0
740713,0
740714,0
740715,0
740716,62
740717,0
740718,0
740719,0
740720,0
740721,0
740722,0
740723,0
740724,0
740725,0
740726,0
740727,49
740728,22
740729,0
740730,0
740731,0
740732,0
740733,0
740734,37
740735,0
740736,0
740737,0
740738,0
740739,0
740740,44
740741,0
740742,0
740743,0
740744,0
740745,0
740746,0
740747,0
740748,44
740749,0
740750,29
740751,0
740752,32
740753,35
740754,0
740755,0
740756,0
740757,32
740758,0
740759,0
740760,0
740761,0
740762,0
740763,0
740764,0
740765,0
740766,0
740767,0
740768,0
740769,0
740770,0
740771,0
740772,0
740773,28
740774,0
740775,57
740776,0
740777,0
740778,0
740779,0
740780,0
740781,0
740782,0
740783,0
740784,0
740785,0
740786,39
740787,0
740788,0
740789,0
740790,0
740791,0
740792,0
740793,24
740794,0
740795,0
740796,0
740797,0
740798,0
740799,0
740800,0
740801,0
740802,11
740803,34
740804,0
740805,51
740806,17
740807,30
740808,0
740809,33
740810,0
740811,0
740812,48
740813,0
740814,0
740815,15
740816,0
740817,0
740818,0
740819,0
740820,0
740821,0
740822,0
740823,0
740824,15
740825,9
740826,0
740827,22
740828,0
740829,0
740830,7
740831,0
740832,0
740833,0
740834,0
740835,0
740836,14
740837,9
740838,0
740839,0
740840,0
740841,12
740842,0
740843,0
740844,0
740845,0
740846,7
740847,11
740848,13
740849,15
740850,0
740851,0
740852,0
740853,0
740854,13
740855,0
740856,0
740857,17
740858,0
740859,17
740860,0
740861,0
740862,0
740863,0
740864,0
740865,0
740866,0
740867,16
740868,0
740869,0
740870,0
740871,0
740872,0
740873,0
740874,0
740875,0
740876,0
740877,0
740878,0
740879,0
740880,0
740881,0
740882,0
740883,18
740884,0
740885,0
740886,0
740887,0
740888,0
740889,0
740890,9
740891,0
740892,0
740893,11
740894,0
740895,0
740896,0
740897,0
740898,0
740899,0
740900,0
740901,0
740902,0
740903,0
740904,0
740905,0
740906,0
740907,0
740908,0
740909,0
740910,0
740911,0
740912,0
740913,0
740914,0
740915,0
740916,0
740917,0
740918,0
740919,0
740920,0
740921,0
740922,0
740923,0
740924,0
740925,0
740926,0
740927,0
740928,0
740929,0
740930,10
740931,0
740932,0
740933,0
740934,0
740935,0
740936,0
740937,9
740938,0
740939,0
740940,0
740941,0
740942,0
740943,0
740944,0
740945,0
740946,0
740947,0
740948,0
740949,0
740950,0
740951,0
740952,0
740953,0
740954,0
740955,0
740956,0
740957,0
740958,6
740959,0
740960,0
740961,0
740962,0
740963,0
740964,0
740965,0
740966,0
740967,0
740968,0
740969,0
740970,0
740971,0
740972,0
740973,0
740974,12
740975,0
740976,0
740977,0
740978,0
740979,0
740980,0
740981,0
740982,0
740983,0
740984,0
740985,10
740986,0
740987,0
740988,0
740989,0
740990,13
740991,0
740992,0
740993,0
740994,0
740995,0
740996,0
740997,0
740998,11
740999,0
741000,0
741001,0
741002,0
741003,9
741004,0
741005,12
741006,16
741007,0
741008,0
741009,0
741010,0
741011,14
741012,0
741013,0
741014,0
741015,0
741016,15
741017,0
741018,0
741019,7
741020,0
741021,0
741022,8
741023,0
741024,0
741025,0
741026,0
741027,0
741028,0
741029,0
741030,0
741031,0
741032,0
741033,0
741034,13
741035,0
741036,0
741037,0
741038,0
741039,0
741040,0
741041,0
741042,0
741043,0
741044,0
741045,0
741046,0
741047,0
741048,13
741049,0
741050,0
741051,0
741052,0
741053,0
741054,0
741055,0
741056,0
741057,0
741058,14
741059,0
741060,8
741061,0
741062,9
741063,0
741064,12
741065,0
741066,0
741067,0
741068,0
741069,0
741070,10
741071,12
741072,11
741073,0
741074,0
741075,0
741076,0
741077,0
741078,12
741079,0
741080,15
741081,0
741082,0
741083,0
741084,0
741085,0
741086,0
741087,0
741088,0
741089,0
741090,0
741091,0
741092,15
741093,0
741094,0
741095,0
741096,0
741097,0
741098,18
741099,0
741100,0
741101,14
741102,0
741103,0
741104,0
741105,0
741106,0
741107,0
741108,0
741109,0
741110,0
741111,10
741112,14
741113,0
741114,8
741115,0
741116,11
741117,12
741118,0
741119,0
741120,0
741121,0
741122,0
741123,0
741124,6
741125,0
741126,0
741127,0
741128,0
741129,0
741130,0
741131,11
741132,0
741133,0
741134,8
741135,0
741136,0
741137,15
741138,0
741139,0
741140,0
741141,16
741142,0
741143,0
741144,0
741145,0
741146,0
741147,0
741148,0
741149,16
741150,0
741151,0
741152,0
741153,0
741154,0
741155,14
741156,7
741157,0
741158,0
741159,0
741160,0
741161,0
741162,0
741163,0
741164,0
741165,0
741166,0
741167,4
741168,4
741169,0
741170,0
741171,12
741172,0
741173,11
741174,10
741175,0
741176,0
741177,0
741178,0
741179,0
741180,0
741181,17
741182,0
741183,0
741184,15
741185,0
741186,0
741187,0
741188,0
741189,0
741190,20
741191,0
741192,0
741193,0
741194,0
741195,0
741196,0
741197,0
741198,0
741199,18
741200,0
741201,0
741202,0
741203,0
741204,0
741205,0
741206,0
741207,14
741208,0
741209,10
741210,0
741211,0
741212,0
741213,6
741214,0
741215,14
741216,0
741217,0
741218,0
741219,0
741220,0
741221,9
741222,0
741223,0
741224,10
741225,0
741226,12
741227,0
741228,0
741229,0
741230,0
741231,0
741232,0
741233,0
741234,12
741235,0
741236,0
741237,0
741238,0
741239,0
741240,0
741241,20
741242,0
741243,0
741244,0
741245,0
741246,11
741247,0
741248,0
741249,0
741250,0
741251,0
741252,0
741253,14
741254,0
741255,0
741256,0
741257,0
741258,0
741259,0
741260,0
741261,12
741262,0
741263,0
741264,13
741265,0
741266,0
741267,0
741268,0
741269,0
741270,0
741271,0
741272,0
741273,0
741274,0
741275,0
741276,0
741277,0
741278,0
741279,0
741280,12
741281,0
741282,0
741283,15
741284,0
741285,0
741286,0
741287,0
741288,12
741289,12
741290,0
741291,0
741292,0
741293,15
741294,0
741295,8
741296,0
741297,0
741298,0
741299,15
741300,0
741301,0
741302,0
741303,0
741304,0
741305,0
741306,0
741307,0
741308,9
741309,11
741310,0
741311,0
741312,0
741313,0
741314,6
741315,0
741316,0
741317,0
741318,0
741319,0
741320,0
741321,0
741322,12
741323,14
741324,0
741325,0
741326,0
741327,0
741328,0
741329,17
741330,10
741331,0
741332,0
741333,8
741334,0
741335,0
741336,0
741337,0
741338,0
741339,0
741340,0
741341,0
741342,0
741343,0
741344,0
741345,0
741346,0
741347,0
741348,0
741349,0
741350,0
741351,0
741352,12
741353,0
741354,0
741355,0
741356,0
741357,0
741358,12
741359,0
741360,0
741361,0
741362,0
741363,0
741364,18
741365,0
741366,0
741367,0
741368,0
741369,0
741370,21
741371,0
741372,0
741373,0
741374,6
741375,0
741376,0
741377,0
741378,0
741379,11
741380,0
741381,0
741382,0
741383,0
741384,7
741385,0
741386,0
741387,16
741388,10
741389,0
741390,14
741391,0
741392,21
741393,14
741394,0
741395,0
741396,0
741397,0
741398,20
741399,0
741400,0
741401,12
741402,0
741403,0
741404,18
741405,0
741406,0
741407,0
741408,0
741409,0
741410,0
741411,0
741412,0
741413,0
741414,0
741415,0
741416,0
741417,0
741418,0
741419,0
741420,7
741421,0
741422,0
741423,0
741424,11
741425,0
741426,0
741427,0
741428,0
741429,0
741430,0
741431,0
741432,0
741433,0
741434,0
741435,0
741436,0
741437,0
741438,9
741439,0
741440,0
741441,9
741442,0
741443,0
741444,0
741445,0
741446,0
741447,0
741448,0
741449,0
741450,0
741451,0
741452,0
741453,0
741454,0
741455,0
741456,0
741457,0
741458,0
741459,0
741460,0
741461,8
741462,15
741463,0
741464,0
741465,5
741466,16
741467,0
741468,12
741469,0
741470,13
741471,0
741472,0
741473,0
741474,0
741475,0
741476,0
741477,5
741478,7
741479,0
741480,0
741481,0
741482,0
741483,0
741484,8
741485,0
741486,0
741487,0
741488,0
741489,0
741490,0
741491,0
741492,11
741493,5
741494,2
741495,0
741496,0
741497,5
741498,0
741499,0
741500,0
741501,0
741502,0
741503,6
741504,8
741505,0
741506,3
741507,0
741508,4
741509,0
741510,0
741511,0
741512,0
741513,6
741514,0
741515,8
741516,0
741517,0
741518,0
741519,0
741520,0
741521,0
741522,0
741523,0
741524,0
741525,0
741526,0
741527,0
741528,0
741529,4
741530,0
741531,0
741532,0
741533,0
741534,4
741535,0
741536,0
741537,0
741538,0
741539,0
741540,0
741541,0
741542,0
741543,3
741544,8
741545,1
741546,0
741547,4
741548,0
741549,0
741550,0
741551,11
741552,0
741553,0
741554,5
741555,0
741556,3
741557,0
741558,4
741559,0
741560,0
741561,3
741562,0
741563,0
741564,0
741565,0
741566,0
741567,0
741568,3
741569,0
741570,0
741571,5
741572,0
741573,0
741574,0
741575,0
741576,0
741577,0
741578,0
741579,0
741580,0
741581,0
741582,0
741583,0
741584,0
741585,0
741586,5
741587,0
741588,0
741589,8
741590,0
741591,0
741592,5
741593,0
741594,8
741595,0
741596,0
741597,1
741598,0
741599,0
741600,0
741601,4
741602,0
741603,0
741604,0
741605,0
741606,0
741607,0
741608,8
741609,0
741610,0
741611,0
741612,0
741613,0
741614,0
741615,0
741616,0
741617,0
741618,0
741619,6
741620,0
741621,0
741622,0
741623,0
741624,0
741625,0
741626,9
741627,0
741628,5
741629,0
741630,0
741631,0
741632,0
741633,0
741634,0
741635,7
741636,0
741637,0
741638,0
741639,0
741640,0
741641,0
741642,6
741643,0
741644,0
741645,7
741646,0
741647,0
741648,7
741649,0
741650,0
741651,0
741652,0
741653,0
741654,0
741655,0
741656,0
741657,0
741658,0
741659,0
741660,0
741661,0
741662,0
741663,4
741664,0
741665,0
741666,0
741667,0
741668,5
741669,5
741670,0
741671,0
741672,7
741673,0
741674,0
741675,0
741676,0
741677,0
741678,3
741679,3
741680,0
741681,0
741682,6
741683,0
741684,0
741685,4
741686,0
741687,3
741688,0
741689,5
741690,0
741691,0
741692,0
741693,0
741694,6
741695,3
741696,0
741697,0
741698,0
741699,0
741700,0
741701,0
741702,0
741703,20
741704,37
741705,0
741706,33
741707,0
741708,0
741709,0
741710,0
741711,0
741712,0
741713,0
741714,0
741715,0
741716,33
741717,0
741718,0
741719,0
741720,0
741721,0
741722,0
741723,35
741724,0
741725,0
741726,0
741727,0
741728,0
741729,0
741730,0
741731,40
741732,0
741733,30
741734,0
741735,0
741736,30
741737,28
741738,0
741739,0
741740,0
741741,0
741742,0
741743,22
741744,0
741745,34
741746,0
741747,46
741748,0
741749,0
741750,0
741751,35
741752,0
741753,0
741754,27
741755,22
741756,0
741757,0
741758,0
741759,0
741760,0
741761,18
741762,0
741763,0
741764,0
741765,34
741766,0
741767,35
741768,22
741769,0
741770,0
741771,0
741772,0
741773,0
741774,21
741775,0
741776,0
741777,0
741778,0
741779,0
741780,21
741781,39
741782,0
741783,38
741784,0
741785,0
741786,0
741787,0
741788,0
741789,0
741790,0
741791,0
741792,0
741793,0
741794,26
741795,0
741796,18
741797,0
741798,0
741799,0
741800,0
741801,0
741802,28
741803,0
741804,25
741805,0
741806,0
741807,23
741808,0
741809,0
741810,0
741811,29
741812,31
741813,0
741814,0
741815,0
741816,0
741817,0
741818,0
741819,0
741820,0
741821,34
741822,0
741823,0
741824,0
741825,26
741826,0
741827,0
741828,0
741829,0
741830,25
741831,0
741832,0
741833,0
741834,0
741835,22
741836,0
741837,0
741838,0
741839,0
741840,36
741841,0
741842,0
741843,0
741844,0
741845,0
741846,0
741847,32
741848,0
741849,0
741850,31
741851,0
741852,0
741853,0
741854,25
741855,0
741856,0
741857,0
741858,0
741859,0
741860,23
741861,0
741862,0
741863,0
741864,31
741865,0
741866,25
741867,31
741868,0
741869,0
741870,0
741871,0
741872,0
741873,0
741874,30
741875,0
741876,0
741877,0
741878,0
741879,0
741880,0
741881,0
741882,0
741883,0
741884,0
741885,0
741886,20
741887,0
741888,0
741889,0
741890,24
741891,0
741892,0
741893,0
741894,1
741895,0
741896,0
741897,0
741898,0
741899,2
741900,2
741901,0
741902,0
741903,0
741904,0
741905,0
741906,0
741907,2
741908,4
741909,0
741910,0
741911,0
741912,0
741913,0
741914,0
741915,0
741916,2
741917,0
741918,1
741919,0
741920,0
741921,0
741922,0
741923,0
741924,0
741925,0
741926,0
741927,0
741928,0
741929,0
741930,0
741931,1
741932,0
741933,0
741934,0
741935,0
741936,0
741937,0
741938,4
741939,0
741940,2
741941,0
741942,0
741943,0
741944,0
741945,0
741946,0
741947,0
741948,0
741949,0
741950,0
741951,0
741952,0
741953,0
741954,0
741955,0
741956,3
741957,0
741958,0
741959,0
741960,0
741961,0
741962,0
741963,2
741964,0
741965,0
741966,0
741967,0
741968,0
741969,0
741970,0
741971,0
741972,0
741973,0
741974,0
741975,0
741976,0
741977,0
741978,0
741979,0
741980,0
741981,0
741982,0
741983,0
741984,0
741985,1
741986,2
741987,0
741988,0
741989,0
741990,0
741991,0
741992,3
741993,0
741994,0
741995,0
741996,0
741997,0
741998,0
741999,0
742000,0
742001,0
742002,0
742003,0
742004,2
742005,0
742006,0
742007,0
742008,0
742009,0
742010,1
742011,0
742012,0
742013,0
742014,0
742015,0
742016,0
742017,0
742018,1
742019,0
742020,0
742021,0
742022,0
742023,0
742024,0
742025,0
742026,1
742027,0
742028,0
742029,0
742030,0
742031,0
742032,0
742033,0
742034,0
742035,0
742036,0
742037,0
742038,0
742039,1
742040,0
742041,0
742042,0
742043,2
742044,0
742045,0
742046,0
742047,0
742048,0
742049,0
742050,2
742051,0
742052,0
742053,0
742054,0
742055,0
742056,0
742057,0
742058,0
742059,0
742060,0
742061,0
742062,0
742063,1
742064,0
742065,0
742066,0
742067,0
742068,0
742069,0
742070,0
742071,0
742072,0
742073,0
742074,0
742075,0
742076,0
742077,0
742078,0
742079,0
742080,0
742081,0
742082,0
742083,0
742084,0
742085,1
742086,0
742087,0
742088,0
742089,0
742090,0
742091,0
742092,0
742093,2
742094,0
742095,0
742096,0
742097,0
742098,0
742099,0
742100,0
742101,0
742102,0
742103,0
742104,0
742105,0
742106,0
742107,0
742108,0
742109,0
742110,0
742111,0
742112,0
742113,0
742114,1
742115,0
742116,0
742117,0
742118,0
742119,1
742120,0
742121,0
742122,0
742123,0
742124,0
742125,0
742126,1
742127,0
742128,0
742129,0
742130,0
742131,0
742132,0
742133,0
742134,0
742135,0
742136,0
742137,0
742138,0
742139,1
742140,0
742141,0
742142,0
742143,2
742144,0
742145,0
742146,0
742147,0
742148,1
742149,0
742150,0
742151,1
742152,0
742153,1
742154,0
742155,0
742156,3
742157,0
742158,0
742159,0
742160,0
742161,0
742162,0
742163,0
742164,0
742165,0
742166,0
742167,0
742168,0
742169,0
742170,0
742171,0
742172,0
742173,0
742174,0
742175,0
742176,0
742177,0
742178,0
742179,0
742180,0
742181,0
742182,0
742183,0
742184,0
742185,0
742186,0
742187,2
742188,0
742189,0
742190,0
742191,0
742192,0
742193,1
742194,0
742195,0
742196,0
742197,0
742198,0
742199,0
742200,0
742201,0
742202,2
742203,0
742204,2
742205,0
742206,0
742207,0
742208,0
742209,0
742210,0
742211,2
742212,0
742213,0
742214,0
742215,0
742216,1
742217,0
742218,0
742219,0
742220,0
742221,1
742222,0
742223,0
742224,0
742225,0
742226,0
742227,0
742228,0
742229,0
742230,0
742231,0
742232,0
742233,0
742234,0
742235,0
742236,0
742237,0
742238,0
742239,2
742240,0
742241,0
742242,0
742243,0
742244,0
742245,0
742246,0
742247,0
742248,0
742249,1
742250,0
742251,0
742252,1
742253,0
742254,0
742255,0
742256,0
742257,1
742258,0
742259,0
742260,0
742261,0
742262,0
742263,0
742264,0
742265,0
742266,0
742267,0
742268,0
742269,2
742270,2
742271,0
742272,0
742273,0
742274,0
742275,0
742276,2
742277,0
742278,0
742279,0
742280,0
742281,0
742282,0
742283,0
742284,0
742285,0
742286,0
742287,0
742288,0
742289,2
742290,1
742291,0
742292,0
742293,0
742294,0
742295,0
742296,0
742297,0
742298,0
742299,0
742300,0
742301,1
742302,0
742303,0
742304,1
742305,0
742306,0
742307,0
742308,0
742309,2
742310,0
742311,0
742312,0
742313,0
742314,0
742315,2
742316,0
742317,0
742318,0
742319,0
742320,0
742321,0
742322,0
742323,1
742324,0
742325,6
742326,0
742327,0
742328,1
742329,0
742330,1
742331,0
742332,0
742333,0
742334,0
742335,0
742336,0
742337,0
742338,0
742339,0
742340,0
742341,0
742342,0
742343,1
742344,0
742345,0
742346,0
742347,0
742348,0
742349,0
742350,0
742351,0
742352,0
742353,1
742354,1
742355,0
742356,0
742357,2
742358,0
742359,0
742360,0
742361,0
742362,0
742363,2
742364,0
742365,0
742366,0
742367,0
742368,2
742369,0
742370,0
742371,1
742372,0
742373,0
742374,0
742375,0
742376,0
742377,0
742378,0
742379,0
742380,0
742381,0
742382,0
742383,0
742384,0
742385,0
742386,0
742387,0
742388,0
742389,0
742390,0
742391,0
742392,0
742393,1
742394,0
742395,1
742396,0
742397,0
742398,0
742399,0
742400,0
742401,0
742402,0
742403,0
742404,4
742405,0
742406,0
742407,0
742408,0
742409,0
742410,0
742411,1
742412,0
742413,0
742414,0
742415,0
742416,0
742417,0
742418,0
742419,0
742420,0
742421,0
742422,0
742423,0
742424,0
742425,0
742426,0
742427,0
742428,0
742429,0
742430,0
742431,0
742432,0
742433,0
742434,0
742435,0
742436,0
742437,0
742438,0
742439,1
742440,0
742441,0
742442,0
742443,0
742444,1
742445,0
742446,0
742447,0
742448,0
742449,0
742450,0
742451,0
742452,0
742453,0
742454,2
742455,2
742456,0
742457,0
742458,0
742459,0
742460,0
742461,0
742462,0
742463,0
742464,0
742465,0
742466,0
742467,0
742468,0
742469,0
742470,0
742471,0
742472,4
742473,0
742474,0
742475,0
742476,0
742477,4
742478,0
742479,0
742480,0
742481,0
742482,0
742483,0
742484,0
742485,0
742486,0
742487,0
742488,0
742489,0
742490,0
742491,0
742492,0
742493,0
742494,0
742495,0
742496,0
742497,0
742498,0
742499,0
742500,0
742501,0
742502,0
742503,0
742504,0
742505,0
742506,0
742507,0
742508,0
742509,0
742510,0
742511,0
742512,0
742513,0
742514,0
742515,0
742516,0
742517,0
742518,0
742519,0
742520,2
742521,0
742522,0
742523,0
742524,0
742525,0
742526,0
742527,0
742528,0
742529,0
742530,0
742531,0
742532,0
742533,0
742534,0
742535,0
742536,0
742537,0
742538,0
742539,0
742540,0
742541,0
742542,0
742543,6
742544,0
742545,0
742546,0
742547,0
742548,0
742549,0
742550,0
742551,0
742552,0
742553,0
742554,0
742555,0
742556,0
742557,0
742558,0
742559,0
742560,3
742561,2
742562,0
742563,0
742564,0
742565,0
742566,0
742567,0
742568,0
742569,0
742570,0
742571,0
742572,5
742573,0
742574,0
742575,0
742576,0
742577,0
742578,0
742579,3
742580,0
742581,0
742582,0
742583,0
742584,0
742585,0
742586,0
742587,2
742588,0
742589,0
742590,0
742591,0
742592,0
742593,0
742594,0
742595,2
742596,0
742597,0
742598,0
742599,0
742600,0
742601,0
742602,0
742603,0
742604,0
742605,0
742606,0
742607,0
742608,0
742609,0
742610,0
742611,0
742612,0
742613,0
742614,6
742615,0
742616,0
742617,0
742618,0
742619,0
742620,0
742621,0
742622,0
742623,0
742624,0
742625,0
742626,0
742627,0
742628,0
742629,0
742630,0
742631,0
742632,0
742633,0
742634,0
742635,0
742636,0
742637,0
742638,0
742639,0
742640,0
742641,0
742642,0
742643,0
742644,0
742645,0
742646,0
742647,0
742648,0
742649,0
742650,0
742651,0
742652,0
742653,0
742654,0
742655,0
742656,0
742657,0
742658,0
742659,0
742660,0
742661,0
742662,0
742663,0
742664,0
742665,0
742666,0
742667,0
742668,0
742669,0
742670,0
742671,0
742672,0
742673,0
742674,0
742675,0
742676,0
742677,0
742678,0
742679,0
742680,0
742681,0
742682,0
742683,0
742684,4
742685,0
742686,0
742687,2
742688,0
742689,0
742690,0
742691,0
742692,0
742693,0
742694,0
742695,0
742696,0
742697,0
742698,0
742699,0
742700,0
742701,0
742702,0
742703,0
742704,0
742705,0
742706,0
742707,0
742708,0
742709,0
742710,0
742711,0
742712,0
742713,0
742714,0
742715,8
742716,0
742717,0
742718,0
742719,0
742720,0
742721,0
742722,0
742723,0
742724,0
742725,0
742726,0
742727,0
742728,0
742729,0
742730,0
742731,0
742732,0
742733,0
742734,0
742735,0
742736,0
742737,0
742738,0
742739,0
742740,0
742741,0
742742,0
742743,0
742744,0
742745,0
742746,0
742747,0
742748,0
742749,0
742750,0
742751,0
742752,0
742753,0
742754,0
742755,0
742756,0
742757,0
742758,0
742759,5
742760,0
742761,0
742762,0
742763,0
742764,0
742765,0
742766,0
742767,0
742768,0
742769,0
742770,0
742771,0
742772,0
742773,0
742774,0
742775,4
742776,0
742777,0
742778,0
742779,0
742780,0
742781,0
742782,0
742783,0
742784,0
742785,0
742786,0
742787,0
742788,0
742789,0
742790,0
742791,0
742792,0
742793,0
742794,0
742795,3
742796,0
742797,0
742798,0
742799,0
742800,8
742801,0
742802,0
742803,0
742804,0
742805,0
742806,0
742807,0
742808,0
742809,0
742810,0
742811,0
742812,0
742813,0
742814,0
742815,0
742816,0
742817,0
742818,0
742819,0
742820,0
742821,0
742822,0
742823,0
742824,0
742825,0
742826,0
742827,0
742828,0
742829,2
742830,0
742831,0
742832,0
742833,0
742834,0
742835,0
742836,0
742837,0
742838,0
742839,0
742840,0
742841,0
742842,0
742843,0
742844,0
742845,0
742846,0
742847,7
742848,0
742849,0
742850,0
742851,0
742852,0
742853,0
742854,0
742855,0
742856,0
742857,0
742858,0
742859,4
742860,0
742861,0
742862,0
742863,0
742864,0
742865,0
742866,0
742867,0
742868,0
742869,0
742870,0
742871,0
742872,6
742873,0
742874,0
742875,0
742876,0
742877,0
742878,0
742879,0
742880,0
742881,0
742882,0
742883,0
742884,0
742885,0
742886,0
742887,0
742888,0
742889,0
742890,0
742891,0
742892,4
742893,0
742894,0
742895,0
742896,3
742897,0
742898,0
742899,0
742900,0
742901,0
742902,0
742903,0
742904,0
742905,0
742906,0
742907,0
742908,0
742909,0
742910,6
742911,0
742912,0
742913,0
742914,3
742915,0
742916,0
742917,0
742918,0
742919,0
742920,0
742921,0
742922,0
742923,0
742924,6
742925,0
742926,0
742927,4
742928,0
742929,0
742930,0
742931,0
742932,0
742933,0
742934,0
742935,0
742936,0
742937,0
742938,0
742939,0
742940,0
742941,0
742942,0
742943,0
742944,0
742945,0
742946,0
742947,0
742948,0
742949,0
742950,0
742951,0
742952,0
742953,0
742954,3
742955,0
742956,0
742957,5
742958,0
742959,0
742960,0
742961,0
742962,0
742963,0
742964,0
742965,0
742966,0
742967,0
742968,0
742969,0
742970,0
742971,0
742972,0
742973,0
742974,0
742975,0
742976,0
742977,0
742978,0
742979,0
742980,0
742981,0
742982,0
742983,0
742984,0
742985,0
742986,0
742987,0
742988,0
742989,0
742990,0
742991,0
742992,0
742993,0
742994,0
742995,0
742996,0
742997,0
742998,0
742999,5
743000,0
743001,0
743002,0
743003,0
743004,5
743005,0
743006,0
743007,0
743008,0
743009,0
743010,0
743011,0
743012,0
743013,0
743014,0
743015,0
743016,0
743017,0
743018,0
743019,0
743020,0
743021,0
743022,0
743023,2
743024,0
743025,0
743026,0
743027,0
743028,0
743029,1
743030,0
743031,0
743032,0
743033,0
743034,0
743035,0
743036,0
743037,0
743038,0
743039,0
743040,0
743041,0
743042,0
743043,0
743044,0
743045,0
743046,0
743047,0
743048,0
743049,0
743050,0
743051,0
743052,0
743053,0
743054,0
743055,0
743056,8
743057,0
743058,0
743059,0
743060,0
743061,0
743062,0
743063,0
743064,0
743065,0
743066,0
743067,0
743068,0
743069,0
743070,0
743071,0
743072,0
743073,0
743074,0
743075,0
743076,0
743077,0
743078,0
743079,0
743080,0
743081,2
743082,0
743083,0
743084,0
743085,0
743086,0
743087,0
743088,5
743089,0
743090,0
743091,0
743092,0
743093,0
743094,0
743095,0
743096,0
743097,1
743098,2
743099,0
743100,0
743101,0
743102,0
743103,0
743104,0
743105,0
743106,0
743107,0
743108,0
743109,0
743110,0
743111,0
743112,0
743113,0
743114,0
743115,0
743116,0
743117,0
743118,0
743119,0
743120,0
743121,3
743122,0
743123,4
743124,0
743125,0
743126,0
743127,0
743128,0
743129,0
743130,5
743131,0
743132,0
743133,4
743134,0
743135,0
743136,0
743137,0
743138,0
743139,0
743140,0
743141,0
743142,0
743143,0
743144,0
743145,0
743146,0
743147,0
743148,0
743149,0
743150,0
743151,0
743152,0
743153,0
743154,2
743155,0
743156,0
743157,0
743158,0
743159,0
743160,0
743161,0
743162,0
743163,0
743164,0
743165,0
743166,0
743167,0
743168,4
743169,0
743170,0
743171,0
743172,0
743173,0
743174,0
743175,0
743176,0
743177,0
743178,0
743179,0
743180,0
743181,0
743182,0
743183,0
743184,0
743185,0
743186,0
743187,0
743188,0
743189,0
743190,0
743191,0
743192,0
743193,18
743194,0
743195,0
743196,0
743197,0
743198,17
743199,0
743200,0
743201,0
743202,0
743203,31
743204,0
743205,0
743206,28
743207,0
743208,0
743209,27
743210,0
743211,0
743212,0
743213,0
743214,27
743215,0
743216,0
743217,0
743218,0
743219,0
743220,25
743221,0
743222,0
743223,0
743224,0
743225,36
743226,0
743227,0
743228,0
743229,0
743230,0
743231,0
743232,0
743233,21
743234,0
743235,0
743236,24
743237,0
743238,0
743239,43
743240,30
743241,0
743242,0
743243,0
743244,23
743245,22
743246,0
743247,0
743248,0
743249,15
743250,0
743251,0
743252,0
743253,0
743254,0
743255,45
743256,0
743257,0
743258,27
743259,0
743260,0
743261,0
743262,0
743263,0
743264,0
743265,33
743266,41
743267,44
743268,33
743269,0
743270,0
743271,43
743272,34
743273,33
743274,44
743275,0
743276,0
743277,0
743278,0
743279,0
743280,0
743281,30
743282,0
743283,36
743284,0
743285,21
743286,0
743287,0
743288,0
743289,0
743290,0
743291,0
743292,32
743293,26
743294,0
743295,34
743296,33
743297,0
743298,0
743299,0
743300,0
743301,0
743302,0
743303,0
743304,0
743305,35
743306,0
743307,0
743308,30
743309,0
743310,32
743311,0
743312,0
743313,0
743314,45
743315,0
743316,0
743317,0
743318,0
743319,0
743320,0
743321,0
743322,0
743323,0
743324,24
743325,0
743326,41
743327,0
743328,0
743329,32
743330,0
743331,0
743332,32
743333,33
743334,0
743335,0
743336,0
743337,0
743338,30
743339,0
743340,0
743341,36
743342,0
743343,0
743344,0
743345,0
743346,0
743347,0
743348,0
743349,0
743350,0
743351,31
743352,0
743353,0
743354,43
743355,0
743356,0
743357,0
743358,51
743359,48
743360,0
743361,0
743362,21
743363,29
743364,0
743365,0
743366,28
743367,0
743368,34
743369,35
743370,32
743371,37
743372,34
743373,0
743374,0
743375,21
743376,0
743377,0
743378,0
743379,0
743380,0
743381,0
743382,25
743383,0
743384,0
743385,0
743386,0
743387,0
743388,23
743389,0
743390,0
743391,0
743392,19
743393,0
743394,0
743395,0
743396,0
743397,0
743398,0
743399,0
743400,0
743401,29
743402,29
743403,0
743404,0
743405,0
743406,0
743407,0
743408,0
743409,36
743410,0
743411,0
743412,0
743413,0
743414,40
743415,0
743416,0
743417,31
743418,36
743419,0
743420,0
743421,0
743422,0
743423,0
743424,0
743425,0
743426,0
743427,0
743428,0
743429,0
743430,28
743431,0
743432,0
743433,0
743434,0
743435,0
743436,0
743437,0
743438,0
743439,39
743440,0
743441,0
743442,32
743443,34
743444,0
743445,0
743446,0
743447,0
743448,18
743449,0
743450,0
743451,0
743452,30
743453,0
743454,0
743455,0
743456,0
743457,0
743458,43
743459,0
743460,0
743461,0
743462,0
743463,36
743464,42
743465,0
743466,0
743467,44
743468,44
743469,31
743470,0
743471,0
743472,28
743473,0
743474,0
743475,28
743476,0
743477,0
743478,39
743479,0
743480,0
743481,0
743482,35
743483,0
743484,0
743485,36
743486,0
743487,0
743488,0
743489,29
743490,0
743491,0
743492,0
743493,31
743494,36
743495,0
743496,44
743497,36
743498,0
743499,0
743500,51
743501,0
743502,0
743503,35
743504,0
743505,35
743506,0
743507,33
743508,0
743509,0
743510,0
743511,33
743512,0
743513,0
743514,0
743515,26
743516,33
743517,21
743518,0
743519,0
743520,0
743521,0
743522,0
743523,0
743524,24
743525,0
743526,0
743527,0
743528,0
743529,0
743530,0
743531,0
743532,25
743533,0
743534,0
743535,0
743536,0
743537,0
743538,42
743539,0
743540,29
743541,0
743542,38
743543,49
743544,0
743545,0
743546,0
743547,30
743548,32
743549,0
743550,0
743551,0
743552,0
743553,0
743554,0
743555,0
743556,0
743557,0
743558,0
743559,46
743560,0
743561,0
743562,0
743563,0
743564,0
743565,0
743566,0
743567,30
743568,0
743569,0
743570,0
743571,0
743572,0
743573,24
743574,0
743575,0
743576,32
743577,0
743578,0
743579,18
743580,0
743581,0
743582,23
743583,0
743584,50
743585,0
743586,0
743587,0
743588,0
743589,31
743590,0
743591,0
743592,0
743593,0
743594,0
743595,0
743596,0
743597,0
743598,0
743599,0
743600,0
743601,0
743602,37
743603,0
743604,0
743605,0
743606,0
743607,0
743608,0
743609,0
743610,0
743611,0
743612,0
743613,0
743614,0
743615,26
743616,0
743617,0
743618,0
743619,0
743620,0
743621,0
743622,0
743623,0
743624,0
743625,0
743626,0
743627,0
743628,0
743629,0
743630,0
743631,0
743632,0
743633,0
743634,0
743635,0
743636,0
743637,0
743638,0
743639,0
743640,0
743641,0
743642,0
743643,0
743644,0
743645,0
743646,0
743647,0
743648,0
743649,0
743650,0
743651,0
743652,0
743653,0
743654,0
743655,0
743656,0
743657,0
743658,0
743659,0
743660,0
743661,0
743662,0
743663,0
743664,0
743665,0
743666,0
743667,0
743668,0
743669,0
743670,0
743671,0
743672,0
743673,0
743674,0
743675,0
743676,0
743677,0
743678,0
743679,0
743680,0
743681,0
743682,0
743683,0
743684,0
743685,0
743686,0
743687,0
743688,0
743689,0
743690,0
743691,1
743692,0
743693,0
743694,0
743695,0
743696,0
743697,0
743698,0
743699,0
743700,0
743701,0
743702,0
743703,0
743704,0
743705,0
743706,0
743707,0
743708,0
743709,0
743710,0
743711,1
743712,0
743713,0
743714,0
743715,0
743716,0
743717,0
743718,0
743719,0
743720,0
743721,0
743722,0
743723,0
743724,0
743725,0
743726,0
743727,0
743728,0
743729,0
743730,0
743731,0
743732,0
743733,0
743734,0
743735,0
743736,0
743737,0
743738,0
743739,0
743740,0
743741,0
743742,0
743743,0
743744,0
743745,0
743746,0
743747,0
743748,0
743749,0
743750,0
743751,0
743752,0
743753,0
743754,0
743755,0
743756,0
743757,0
743758,0
743759,0
743760,0
743761,0
743762,0
743763,0
743764,0
743765,0
743766,0
743767,0
743768,0
743769,0
743770,0
743771,0
743772,0
743773,0
743774,0
743775,0
743776,0
743777,0
743778,0
743779,0
743780,0
743781,0
743782,0
743783,0
743784,0
743785,0
743786,0
743787,0
743788,0
743789,0
743790,0
743791,0
743792,0
743793,0
743794,0
743795,0
743796,0
743797,0
743798,0
743799,0
743800,0
743801,0
743802,1
743803,0
743804,0
743805,0
743806,0
743807,0
743808,0
743809,0
743810,0
743811,0
743812,0
743813,0
743814,0
743815,0
743816,0
743817,0
743818,0
743819,0
743820,0
743821,0
743822,0
743823,0
743824,0
743825,0
743826,0
743827,0
743828,0
743829,0
743830,0
743831,0
743832,0
743833,0
743834,0
743835,0
743836,0
743837,0
743838,0
743839,0
743840,0
743841,0
743842,0
743843,0
743844,0
743845,0
743846,0
743847,0
743848,0
743849,0
743850,0
743851,0
743852,0
743853,0
743854,0
743855,0
743856,0
743857,0
743858,0
743859,0
743860,0
743861,0
743862,1
743863,0
743864,0
743865,0
743866,0
743867,0
743868,0
743869,0
743870,0
743871,0
743872,0
743873,0
743874,0
743875,0
743876,0
743877,0
743878,0
743879,0
743880,0
743881,0
743882,0
743883,0
743884,0
743885,0
743886,0
743887,0
743888,0
743889,0
743890,0
743891,0
743892,0
743893,0
743894,0
743895,0
743896,0
743897,0
743898,0
743899,0
743900,0
743901,0
743902,0
743903,0
743904,0
743905,0
743906,0
743907,0
743908,0
743909,0
743910,0
743911,0
743912,0
743913,0
743914,0
743915,0
743916,0
743917,0
743918,0
743919,0
743920,0
743921,0
743922,0
743923,0
743924,0
743925,0
743926,0
743927,0
743928,0
743929,0
743930,0
743931,0
743932,0
743933,0
743934,0
743935,0
743936,0
743937,0
743938,0
743939,0
743940,0
743941,0
743942,0
743943,0
743944,0
743945,0
743946,0
743947,0
743948,0
743949,0
743950,0
743951,0
743952,0
743953,0
743954,0
743955,0
743956,0
743957,0
743958,0
743959,0
743960,0
743961,0
743962,0
743963,0
743964,0
743965,0
743966,0
743967,0
743968,0
743969,0
743970,0
743971,0
743972,0
743973,0
743974,0
743975,0
743976,0
743977,0
743978,0
743979,0
743980,0
743981,0
743982,0
743983,0
743984,0
743985,0
743986,0
743987,0
743988,0
743989,0
743990,0
743991,0
743992,0
743993,0
743994,0
743995,0
743996,0
743997,0
743998,1
743999,0
744000,0
744001,0
744002,0
744003,0
744004,0
744005,0
744006,0
744007,0
744008,0
744009,0
744010,0
744011,0
744012,0
744013,0
744014,0
744015,0
744016,0
744017,0
744018,0
744019,0
744020,0
744021,0
744022,0
744023,0
744024,0
744025,0
744026,0
744027,0
744028,0
744029,0
744030,0
744031,0
744032,0
744033,0
744034,0
744035,0
744036,0
744037,0
744038,0
744039,0
744040,0
744041,0
744042,0
744043,0
744044,0
744045,0
744046,0
744047,0
744048,0
744049,0
744050,0
744051,0
744052,0
744053,0
744054,0
744055,0
744056,0
744057,0
744058,0
744059,0
744060,0
744061,0
744062,0
744063,1
744064,0
744065,0
744066,0
744067,0
744068,0
744069,0
744070,0
744071,0
744072,0
744073,0
744074,0
744075,0
744076,0
744077,0
744078,0
744079,0
744080,0
744081,0
744082,0
744083,0
744084,0
744085,0
744086,0
744087,0
744088,0
744089,0
744090,0
744091,0
744092,0
744093,0
744094,0
744095,0
744096,0
744097,0
744098,0
744099,0
744100,0
744101,0
744102,0
744103,0
744104,0
744105,0
744106,0
744107,0
744108,0
744109,0
744110,0
744111,0
744112,0
744113,0
744114,0
744115,0
744116,0
744117,0
744118,0
744119,0
744120,0
744121,0
744122,0
744123,0
744124,0
744125,0
744126,0
744127,0
744128,0
744129,0
744130,0
744131,0
744132,0
744133,0
744134,0
744135,0
744136,0
744137,0
744138,0
744139,0
744140,0
744141,0
744142,0
744143,0
744144,0
744145,0
744146,0
744147,0
744148,0
744149,0
744150,0
744151,0
744152,0
744153,0
744154,0
744155,0
744156,0
744157,0
744158,0
744159,0
744160,0
744161,0
744162,0
744163,0
744164,0
744165,0
744166,0
744167,0
744168,0
744169,0
744170,0
744171,0
744172,0
744173,0
744174,0
744175,0
744176,0
744177,0
744178,0
744179,0
744180,0
744181,0
744182,0
744183,0
744184,0
744185,0
744186,0
744187,0
744188,0
744189,0
744190,0
744191,0
744192,0
744193,0
744194,0
744195,0
744196,0
744197,0
744198,0
744199,0
744200,0
744201,0
744202,0
744203,0
744204,0
744205,0
744206,0
744207,0
744208,0
744209,0
744210,0
744211,0
744212,0
744213,0
744214,0
744215,0
744216,0
744217,0
744218,0
744219,0
744220,0
744221,0
744222,0
744223,0
744224,0
744225,0
744226,0
744227,0
744228,0
744229,0
744230,0
744231,0
744232,0
744233,0
744234,0
744235,0
744236,0
744237,0
744238,0
744239,0
744240,0
744241,0
744242,0
744243,0
744244,0
744245,0
744246,0
744247,0
744248,0
744249,0
744250,0
744251,0
744252,0
744253,0
744254,0
744255,0
744256,0
744257,0
744258,0
744259,0
744260,0
744261,0
744262,0
744263,0
744264,0
744265,0
744266,0
744267,0
744268,0
744269,0
744270,0
744271,0
744272,0
744273,0
744274,0
744275,0
744276,0
744277,0
744278,0
744279,0
744280,0
744281,0
744282,0
744283,0
744284,0
744285,0
744286,0
744287,0
744288,0
744289,0
744290,0
744291,0
744292,0
744293,0
744294,0
744295,0
744296,0
744297,0
744298,0
744299,0
744300,0
744301,0
744302,0
744303,0
744304,0
744305,0
744306,0
744307,0
744308,0
744309,0
744310,0
744311,0
744312,0
744313,0
744314,0
744315,0
744316,0
744317,0
744318,0
744319,0
744320,0
744321,0
744322,0
744323,0
744324,0
744325,0
744326,0
744327,0
744328,0
744329,0
744330,0
744331,0
744332,0
744333,0
744334,0
744335,0
744336,0
744337,0
744338,0
744339,0
744340,0
744341,0
744342,0
744343,0
744344,0
744345,0
744346,0
744347,0
744348,0
744349,0
744350,0
744351,0
744352,0
744353,0
744354,0
744355,0
744356,0
744357,0
744358,0
744359,0
744360,0
744361,0
744362,0
744363,0
744364,0
744365,0
744366,0
744367,0
744368,0
744369,0
744370,0
744371,0
744372,0
744373,0
744374,0
744375,0
744376,0
744377,0
744378,0
744379,0
744380,0
744381,0
744382,0
744383,0
744384,0
744385,0
744386,0
744387,0
744388,0
744389,0
744390,0
744391,0
744392,0
744393,0
744394,0
744395,0
744396,0
744397,0
744398,0
744399,0
744400,0
744401,0
744402,0
744403,0
744404,0
744405,0
744406,0
744407,0
744408,0
744409,0
744410,0
744411,0
744412,0
744413,0
744414,0
744415,0
744416,0
744417,0
744418,0
744419,0
744420,0
744421,0
744422,0
744423,0
744424,0
744425,0
744426,0
744427,0
744428,0
744429,0
744430,0
744431,0
744432,0
744433,0
744434,0
744435,0
744436,0
744437,0
744438,0
744439,0
744440,0
744441,0
744442,0
744443,0
744444,0
744445,0
744446,0
744447,0
744448,0
744449,0
744450,0
744451,0
744452,0
744453,0
744454,0
744455,0
744456,0
744457,0
744458,0
744459,0
744460,0
744461,0
744462,0
744463,0
744464,0
744465,0
744466,0
744467,0
744468,0
744469,0
744470,0
744471,0
744472,0
744473,0
744474,0
744475,0
744476,0
744477,0
744478,0
744479,0
744480,0
744481,0
744482,0
744483,0
744484,0
744485,0
744486,0
744487,0
744488,0
744489,0
744490,0
744491,0
744492,0
744493,0
744494,0
744495,0
744496,0
744497,0
744498,0
744499,0
744500,0
744501,0
744502,0
744503,0
744504,0
744505,0
744506,0
744507,0
744508,0
744509,0
744510,0
744511,0
744512,0
744513,0
744514,0
744515,0
744516,0
744517,0
744518,0
744519,1
744520,0
744521,0
744522,0
744523,0
744524,0
744525,0
744526,0
744527,0
744528,0
744529,0
744530,0
744531,0
744532,0
744533,0
744534,0
744535,0
744536,0
744537,0
744538,0
744539,0
744540,0
744541,1
744542,0
744543,0
744544,0
744545,0
744546,0
744547,0
744548,0
744549,0
744550,0
744551,0
744552,0
744553,0
744554,0
744555,0
744556,0
744557,0
744558,0
744559,0
744560,0
744561,0
744562,0
744563,0
744564,0
744565,0
744566,0
744567,0
744568,0
744569,0
744570,0
744571,0
744572,0
744573,0
744574,0
744575,0
744576,0
744577,0
744578,0
744579,0
744580,0
744581,0
744582,0
744583,0
744584,0
744585,0
744586,0
744587,0
744588,0
744589,0
744590,0
744591,0
744592,0
744593,0
744594,0
744595,0
744596,0
744597,0
744598,0
744599,0
744600,0
744601,0
744602,0
744603,0
744604,0
744605,0
744606,0
744607,0
744608,0
744609,0
744610,0
744611,0
744612,0
744613,2
744614,0
744615,0
744616,0
744617,0
744618,0
744619,0
744620,0
744621,0
744622,0
744623,0
744624,9
744625,0
744626,0
744627,9
744628,0
744629,0
744630,0
744631,6
744632,0
744633,6
744634,0
744635,4
744636,0
744637,0
744638,0
744639,4
744640,7
744641,0
744642,0
744643,0
744644,0
744645,0
744646,0
744647,2
744648,10
744649,0
744650,0
744651,0
744652,0
744653,0
744654,0
744655,0
744656,9
744657,3
744658,0
744659,0
744660,0
744661,6
744662,0
744663,0
744664,0
744665,4
744666,0
744667,0
744668,9
744669,3
744670,0
744671,5
744672,0
744673,0
744674,0
744675,0
744676,0
744677,0
744678,0
744679,0
744680,4
744681,0
744682,0
744683,0
744684,0
744685,2
744686,0
744687,4
744688,0
744689,0
744690,0
744691,0
744692,0
744693,0
744694,0
744695,0
744696,0
744697,0
744698,0
744699,0
744700,0
744701,0
744702,0
744703,0
744704,0
744705,0
744706,0
744707,0
744708,0
744709,0
744710,0
744711,10
744712,0
744713,0
744714,0
744715,0
744716,0
744717,0
744718,0
744719,0
744720,0
744721,2
744722,0
744723,0
744724,0
744725,0
744726,0
744727,0
744728,0
744729,0
744730,0
744731,0
744732,5
744733,0
744734,0
744735,0
744736,0
744737,0
744738,0
744739,5
744740,0
744741,0
744742,0
744743,0
744744,0
744745,0
744746,0
744747,0
744748,0
744749,0
744750,0
744751,0
744752,0
744753,0
744754,7
744755,0
744756,0
744757,0
744758,0
744759,0
744760,0
744761,0
744762,0
744763,0
744764,0
744765,0
744766,0
744767,0
744768,0
744769,3
744770,0
744771,0
744772,2
744773,0
744774,0
744775,0
744776,2
744777,3
744778,4
744779,7
744780,0
744781,0
744782,0
744783,0
744784,0
744785,3
744786,0
744787,0
744788,0
744789,0
744790,3
744791,0
744792,0
744793,6
744794,0
744795,0
744796,0
744797,0
744798,1
744799,0
744800,0
744801,0
744802,0
744803,0
744804,0
744805,0
744806,0
744807,0
744808,6
744809,0
744810,0
744811,0
744812,8
744813,0
744814,0
744815,0
744816,0
744817,0
744818,0
744819,0
744820,0
744821,0
744822,0
744823,1
744824,0
744825,0
744826,0
744827,0
744828,0
744829,0
744830,0
744831,0
744832,0
744833,6
744834,5
744835,0
744836,0
744837,0
744838,0
744839,0
744840,0
744841,0
744842,0
744843,0
744844,0
744845,0
744846,0
744847,0
744848,0
744849,2
744850,0
744851,0
744852,0
744853,3
744854,0
744855,0
744856,0
744857,0
744858,0
744859,0
744860,0
744861,0
744862,0
744863,0
744864,0
744865,0
744866,3
744867,5
744868,0
744869,0
744870,0
744871,0
744872,0
744873,4
744874,0
744875,0
744876,0
744877,6
744878,0
744879,0
744880,0
744881,0
744882,0
744883,0
744884,0
744885,0
744886,0
744887,0
744888,0
744889,0
744890,2
744891,0
744892,7
744893,0
744894,0
744895,0
744896,0
744897,0
744898,0
744899,0
744900,0
744901,0
744902,0
744903,0
744904,0
744905,0
744906,5
744907,0
744908,0
744909,0
744910,3
744911,0
744912,0
744913,0
744914,0
744915,0
744916,3
744917,0
744918,0
744919,0
744920,0
744921,0
744922,0
744923,9
744924,0
744925,0
744926,0
744927,5
744928,0
744929,0
744930,0
744931,5
744932,0
744933,0
744934,0
744935,0
744936,0
744937,0
744938,0
744939,0
744940,0
744941,3
744942,4
744943,7
744944,0
744945,6
744946,0
744947,0
744948,0
744949,5
744950,0
744951,0
744952,3
744953,0
744954,0
744955,0
744956,0
744957,10
744958,0
744959,0
744960,0
744961,0
744962,4
744963,0
744964,0
744965,0
744966,0
744967,0
744968,0
744969,0
744970,0
744971,0
744972,0
744973,0
744974,0
744975,5
744976,0
744977,0
744978,0
744979,0
744980,0
744981,0
744982,0
744983,0
744984,0
744985,0
744986,0
744987,0
744988,0
744989,0
744990,0
744991,0
744992,1
744993,0
744994,0
744995,0
744996,0
744997,5
744998,0
744999,0
745000,0
745001,0
745002,0
745003,0
745004,0
745005,0
745006,0
745007,6
745008,0
745009,0
745010,0
745011,0
745012,1
745013,1
745014,0
745015,0
745016,0
745017,0
745018,0
745019,0
745020,0
745021,0
745022,0
745023,0
745024,2
745025,0
745026,0
745027,0
745028,0
745029,0
745030,0
745031,3
745032,0
745033,0
745034,2
745035,0
745036,0
745037,0
745038,0
745039,0
745040,0
745041,4
745042,4
745043,0
745044,0
745045,4
745046,11
745047,0
745048,0
745049,0
745050,0
745051,3
745052,0
745053,0
745054,0
745055,0
745056,0
745057,0
745058,0
745059,6
745060,0
745061,0
745062,0
745063,0
745064,0
745065,7
745066,0
745067,0
745068,0
745069,0
745070,0
745071,0
745072,0
745073,0
745074,0
745075,0
745076,0
745077,0
745078,0
745079,0
745080,0
745081,7
745082,0
745083,7
745084,4
745085,0
745086,0
745087,0
745088,0
745089,0
745090,0
745091,0
745092,0
745093,2
745094,0
745095,0
745096,0
745097,0
745098,0
745099,1
745100,0
745101,0
745102,0
745103,0
745104,0
745105,4
745106,0
745107,0
745108,0
745109,0
745110,0
745111,0
745112,0
745113,2
745114,0
745115,0
745116,0
745117,0
745118,0
745119,0
745120,0
745121,6
745122,0
745123,0
745124,4
745125,0
745126,0
745127,0
745128,0
745129,0
745130,0
745131,6
745132,0
745133,7
745134,0
745135,0
745136,0
745137,0
745138,0
745139,4
745140,0
745141,0
745142,0
745143,0
745144,0
745145,0
745146,0
745147,0
745148,2
745149,0
745150,0
745151,0
745152,0
745153,3
745154,8
745155,0
745156,0
745157,0
745158,0
745159,0
745160,0
745161,4
745162,0
745163,0
745164,0
745165,0
745166,0
745167,0
745168,4
745169,0
745170,0
745171,0
745172,0
745173,0
745174,0
745175,0
745176,0
745177,0
745178,0
745179,0
745180,0
745181,0
745182,6
745183,0
745184,0
745185,0
745186,0
745187,0
745188,0
745189,0
745190,5
745191,0
745192,0
745193,0
745194,0
745195,0
745196,0
745197,0
745198,0
745199,0
745200,0
745201,0
745202,0
745203,2
745204,0
745205,0
745206,0
745207,0
745208,5
745209,2
745210,0
745211,0
745212,0
745213,0
745214,0
745215,0
745216,0
745217,0
745218,0
745219,1
745220,4
745221,0
745222,0
745223,0
745224,0
745225,0
745226,0
745227,0
745228,0
745229,0
745230,0
745231,5
745232,0
745233,0
745234,0
745235,0
745236,0
745237,0
745238,5
745239,0
745240,0
745241,5
745242,0
745243,0
745244,0
745245,0
745246,0
745247,1
745248,0
745249,0
745250,4
745251,0
745252,0
745253,0
745254,6
745255,2
745256,0
745257,2
745258,0
745259,0
745260,0
745261,0
745262,0
745263,0
745264,5
745265,0
745266,7
745267,0
745268,0
745269,0
745270,0
745271,0
745272,5
745273,0
745274,0
745275,0
745276,0
745277,0
745278,0
745279,0
745280,0
745281,0
745282,0
745283,0
745284,0
745285,4
745286,0
745287,0
745288,0
745289,0
745290,0
745291,0
745292,0
745293,0
745294,0
745295,0
745296,0
745297,0
745298,0
745299,10
745300,0
745301,0
745302,0
745303,0
745304,0
745305,0
745306,0
745307,6
745308,0
745309,4
745310,0
745311,0
745312,0
745313,7
745314,6
745315,0
745316,0
745317,0
745318,0
745319,5
745320,0
745321,0
745322,0
745323,0
745324,3
745325,0
745326,0
745327,0
745328,1
745329,0
745330,0
745331,0
745332,7
745333,0
745334,0
745335,0
745336,0
745337,0
745338,0
745339,0
745340,0
745341,0
745342,4
745343,0
745344,0
745345,0
745346,0
745347,0
745348,0
745349,0
745350,0
745351,0
745352,0
745353,0
745354,7
745355,0
745356,0
745357,0
745358,0
745359,5
745360,0
745361,0
745362,0
745363,0
745364,0
745365,0
745366,0
745367,0
745368,5
745369,0
745370,0
745371,0
745372,0
745373,0
745374,0
745375,6
745376,0
745377,0
745378,0
745379,0
745380,0
745381,0
745382,0
745383,0
745384,0
745385,0
745386,0
745387,0
745388,0
745389,0
745390,0
745391,0
745392,0
745393,4
745394,5
745395,0
745396,0
745397,0
745398,5
745399,0
745400,0
745401,0
745402,0
745403,0
745404,0
745405,0
745406,0
745407,0
745408,0
745409,0
745410,4
745411,0
745412,0
745413,3
745414,0
745415,0
745416,1
745417,0
745418,0
745419,0
745420,0
745421,0
745422,0
745423,0
745424,0
745425,0
745426,0
745427,0
745428,0
745429,0
745430,0
745431,4
745432,0
745433,0
745434,0
745435,0
745436,0
745437,5
745438,0
745439,0
745440,0
745441,0
745442,0
745443,0
745444,0
745445,0
745446,0
745447,0
745448,0
745449,0
745450,0
745451,0
745452,0
745453,0
745454,0
745455,0
745456,0
745457,0
745458,0
745459,0
745460,0
745461,0
745462,0
745463,0
745464,0
745465,0
745466,0
745467,0
745468,0
745469,0
745470,0
745471,0
745472,0
745473,0
745474,0
745475,0
745476,0
745477,0
745478,0
745479,0
745480,0
745481,0
745482,0
745483,0
745484,0
745485,0
745486,0
745487,0
745488,0
745489,0
745490,0
745491,0
745492,0
745493,0
745494,0
745495,0
745496,0
745497,0
745498,0
745499,0
745500,0
745501,0
745502,0
745503,0
745504,0
745505,0
745506,0
745507,0
745508,0
745509,0
745510,0
745511,0
745512,0
745513,0
745514,0
745515,0
745516,0
745517,0
745518,0
745519,0
745520,0
745521,0
745522,0
745523,0
745524,0
745525,0
745526,0
745527,0
745528,0
745529,0
745530,0
745531,0
745532,0
745533,0
745534,0
745535,0
745536,0
745537,0
745538,0
745539,0
745540,0
745541,0
745542,0
745543,0
745544,0
745545,0
745546,0
745547,0
745548,0
745549,0
745550,0
745551,0
745552,0
745553,0
745554,0
745555,0
745556,0
745557,0
745558,0
745559,0
745560,0
745561,0
745562,0
745563,0
745564,0
745565,0
745566,0
745567,0
745568,0
745569,0
745570,0
745571,0
745572,0
745573,0
745574,0
745575,0
745576,0
745577,0
745578,0
745579,0
745580,0
745581,0
745582,0
745583,0
745584,0
745585,0
745586,0
745587,0
745588,0
745589,0
745590,0
745591,0
745592,0
745593,0
745594,0
745595,0
745596,0
745597,0
745598,0
745599,0
745600,0
745601,0
745602,0
745603,0
745604,0
745605,0
745606,0
745607,0
745608,0
745609,0
745610,0
745611,0
745612,0
745613,0
745614,0
745615,0
745616,0
745617,0
745618,0
745619,0
745620,0
745621,0
745622,0
745623,0
745624,0
745625,0
745626,0
745627,0
745628,0
745629,0
745630,0
745631,0
745632,0
745633,0
745634,0
745635,0
745636,0
745637,0
745638,0
745639,0
745640,0
745641,0
745642,0
745643,0
745644,0
745645,0
745646,0
745647,0
745648,0
745649,0
745650,0
745651,0
745652,0
745653,0
745654,0
745655,0
745656,0
745657,0
745658,0
745659,0
745660,0
745661,0
745662,0
745663,0
745664,0
745665,0
745666,0
745667,0
745668,0
745669,0
745670,0
745671,0
745672,0
745673,0
745674,0
745675,0
745676,0
745677,0
745678,0
745679,0
745680,0
745681,0
745682,0
745683,0
745684,0
745685,0
745686,0
745687,0
745688,0
745689,0
745690,0
745691,0
745692,0
745693,0
745694,0
745695,0
745696,0
745697,0
745698,0
745699,0
745700,0
745701,0
745702,0
745703,0
745704,0
745705,0
745706,0
745707,0
745708,0
745709,0
745710,0
745711,0
745712,0
745713,0
745714,0
745715,0
745716,0
745717,0
745718,0
745719,0
745720,0
745721,0
745722,0
745723,0
745724,0
745725,0
745726,0
745727,0
745728,0
745729,0
745730,0
745731,0
745732,0
745733,0
745734,0
745735,0
745736,0
745737,0
745738,0
745739,0
745740,0
745741,0
745742,0
745743,0
745744,0
745745,0
745746,0
745747,0
745748,0
745749,0
745750,0
745751,0
745752,0
745753,0
745754,0
745755,0
745756,0
745757,0
745758,0
745759,0
745760,0
745761,0
745762,0
745763,0
745764,0
745765,0
745766,0
745767,0
745768,0
745769,0
745770,0
745771,0
745772,0
745773,0
745774,0
745775,0
745776,0
745777,0
745778,0
745779,0
745780,0
745781,0
745782,0
745783,0
745784,0
745785,0
745786,0
745787,0
745788,0
745789,0
745790,0
745791,0
745792,0
745793,0
745794,0
745795,0
745796,0
745797,0
745798,0
745799,0
745800,0
745801,0
745802,0
745803,0
745804,0
745805,0
745806,0
745807,0
745808,0
745809,0
745810,0
745811,0
745812,0
745813,0
745814,0
745815,0
745816,0
745817,0
745818,0
745819,0
745820,0
745821,0
745822,0
745823,0
745824,0
745825,0
745826,0
745827,0
745828,0
745829,0
745830,0
745831,0
745832,0
745833,0
745834,0
745835,0
745836,0
745837,0
745838,0
745839,0
745840,0
745841,0
745842,0
745843,0
745844,0
745845,0
745846,0
745847,0
745848,0
745849,0
745850,0
745851,0
745852,0
745853,0
745854,1
745855,0
745856,0
745857,0
745858,0
745859,0
745860,0
745861,0
745862,0
745863,0
745864,0
745865,0
745866,0
745867,0
745868,0
745869,0
745870,0
745871,0
745872,0
745873,0
745874,0
745875,0
745876,0
745877,0
745878,0
745879,0
745880,0
745881,0
745882,0
745883,0
745884,0
745885,0
745886,0
745887,0
745888,0
745889,0
745890,0
745891,0
745892,0
745893,0
745894,0
745895,0
745896,0
745897,0
745898,0
745899,0
745900,0
745901,0
745902,0
745903,0
745904,0
745905,0
745906,0
745907,0
745908,0
745909,0
745910,0
745911,0
745912,0
745913,0
745914,0
745915,0
745916,0
745917,0
745918,0
745919,0
745920,0
745921,0
745922,0
745923,0
745924,0
745925,0
745926,0
745927,0
745928,0
745929,0
745930,0
745931,0
745932,0
745933,0
745934,0
745935,0
745936,0
745937,0
745938,0
745939,0
745940,0
745941,0
745942,0
745943,0
745944,0
745945,0
745946,0
745947,0
745948,0
745949,0
745950,0
745951,0
745952,0
745953,0
745954,0
745955,0
745956,0
745957,0
745958,0
745959,0
745960,0
745961,0
745962,0
745963,0
745964,0
745965,0
745966,0
745967,0
745968,0
745969,0
745970,0
745971,0
745972,0
745973,0
745974,0
745975,0
745976,0
745977,0
745978,0
745979,0
745980,0
745981,0
745982,0
745983,0
745984,0
745985,0
745986,0
745987,0
745988,0
745989,0
745990,0
745991,0
745992,0
745993,0
745994,0
745995,0
745996,0
745997,0
745998,0
745999,0
746000,0
746001,0
746002,0
746003,0
746004,0
746005,0
746006,0
746007,0
746008,0
746009,0
746010,0
746011,0
746012,0
746013,0
746014,0
746015,0
746016,0
746017,0
746018,0
746019,0
746020,0
746021,0
746022,0
746023,0
746024,0
746025,0
746026,0
746027,0
746028,0
746029,0
746030,0
746031,0
746032,0
746033,0
746034,0
746035,0
746036,0
746037,0
746038,0
746039,0
746040,0
746041,0
746042,0
746043,0
746044,0
746045,0
746046,0
746047,0
746048,0
746049,0
746050,0
746051,0
746052,0
746053,0
746054,0
746055,0
746056,0
746057,0
746058,0
746059,0
746060,0
746061,0
746062,0
746063,0
746064,0
746065,0
746066,0
746067,0
746068,0
746069,0
746070,0
746071,0
746072,0
746073,0
746074,0
746075,0
746076,0
746077,0
746078,0
746079,0
746080,0
746081,0
746082,0
746083,0
746084,0
746085,0
746086,0
746087,0
746088,0
746089,0
746090,0
746091,0
746092,0
746093,0
746094,0
746095,0
746096,0
746097,0
746098,0
746099,0
746100,0
746101,0
746102,0
746103,0
746104,0
746105,0
746106,0
746107,0
746108,0
746109,0
746110,0
746111,0
746112,0
746113,0
746114,0
746115,0
746116,0
746117,0
746118,0
746119,0
746120,0
746121,0
746122,0
746123,0
746124,0
746125,0
746126,0
746127,0
746128,0
746129,0
746130,0
746131,0
746132,0
746133,0
746134,0
746135,0
746136,0
746137,0
746138,0
746139,0
746140,0
746141,0
746142,0
746143,0
746144,0
746145,0
746146,0
746147,0
746148,0
746149,0
746150,0
746151,0
746152,0
746153,0
746154,0
746155,0
746156,0
746157,0
746158,1
746159,0
746160,0
746161,0
746162,0
746163,0
746164,0
746165,0
746166,0
746167,0
746168,0
746169,0
746170,0
746171,0
746172,0
746173,0
746174,0
746175,0
746176,0
746177,1
746178,0
746179,0
746180,0
746181,0
746182,0
746183,0
746184,0
746185,0
746186,0
746187,0
746188,0
746189,0
746190,0
746191,0
746192,0
746193,0
746194,0
746195,0
746196,0
746197,0
746198,0
746199,0
746200,0
746201,0
746202,0
746203,0
746204,0
746205,0
746206,0
746207,0
746208,0
746209,0
746210,0
746211,0
746212,0
746213,0
746214,0
746215,0
746216,0
746217,0
746218,0
746219,0
746220,0
746221,0
746222,0
746223,0
746224,0
746225,0
746226,0
746227,0
746228,0
746229,0
746230,0
746231,0
746232,0
746233,0
746234,0
746235,0
746236,0
746237,0
746238,0
746239,0
746240,0
746241,0
746242,0
746243,0
746244,0
746245,0
746246,0
746247,0
746248,0
746249,0
746250,0
746251,0
746252,0
746253,0
746254,0
746255,0
746256,0
746257,0
746258,0
746259,0
746260,0
746261,0
746262,0
746263,0
746264,0
746265,0
746266,0
746267,0
746268,0
746269,0
746270,0
746271,0
746272,0
746273,0
746274,0
746275,0
746276,0
746277,0
746278,1
746279,0
746280,0
746281,0
746282,0
746283,0
746284,0
746285,0
746286,0
746287,0
746288,0
746289,0
746290,0
746291,0
746292,0
746293,0
746294,0
746295,0
746296,0
746297,0
746298,0
746299,0
746300,0
746301,0
746302,0
746303,0
746304,0
746305,0
746306,0
746307,0
746308,0
746309,0
746310,0
746311,0
746312,0
746313,0
746314,0
746315,0
746316,0
746317,0
746318,0
746319,0
746320,0
746321,0
746322,0
746323,0
746324,0
746325,0
746326,0
746327,0
746328,0
746329,0
746330,0
746331,0
746332,0
746333,3
746334,0
746335,0
746336,0
746337,0
746338,0
746339,0
746340,0
746341,0
746342,0
746343,0
746344,3
746345,0
746346,0
746347,0
746348,0
746349,0
746350,2
746351,0
746352,0
746353,0
746354,0
746355,1
746356,0
746357,0
746358,0
746359,0
746360,0
746361,0
746362,0
746363,0
746364,0
746365,0
746366,0
746367,0
746368,0
746369,0
746370,0
746371,0
746372,0
746373,0
746374,0
746375,0
746376,0
746377,0
746378,4
746379,0
746380,0
746381,0
746382,0
746383,0
746384,0
746385,0
746386,0
746387,0
746388,0
746389,0
746390,0
746391,0
746392,0
746393,0
746394,0
746395,6
746396,0
746397,0
746398,0
746399,0
746400,0
746401,0
746402,0
746403,0
746404,0
746405,0
746406,0
746407,0
746408,0
746409,0
746410,0
746411,0
746412,0
746413,0
746414,0
746415,0
746416,0
746417,0
746418,7
746419,0
746420,0
746421,0
746422,0
746423,0
746424,0
746425,0
746426,0
746427,0
746428,0
746429,0
746430,0
746431,0
746432,0
746433,0
746434,0
746435,0
746436,0
746437,0
746438,0
746439,0
746440,0
746441,6
746442,0
746443,0
746444,0
746445,0
746446,0
746447,0
746448,0
746449,0
746450,0
746451,0
746452,0
746453,0
746454,0
746455,0
746456,0
746457,1
746458,0
746459,0
746460,0
746461,4
746462,0
746463,0
746464,0
746465,0
746466,0
746467,0
746468,0
746469,0
746470,0
746471,0
746472,0
746473,0
746474,0
746475,0
746476,0
746477,0
746478,0
746479,0
746480,0
746481,0
746482,0
746483,0
746484,0
746485,0
746486,0
746487,0
746488,0
746489,0
746490,0
746491,0
746492,0
746493,0
746494,0
746495,0
746496,0
746497,0
746498,0
746499,0
746500,0
746501,0
746502,0
746503,0
746504,0
746505,0
746506,0
746507,0
746508,0
746509,0
746510,0
746511,0
746512,1
746513,0
746514,0
746515,0
746516,0
746517,0
746518,0
746519,0
746520,0
746521,0
746522,0
746523,0
746524,0
746525,0
746526,0
746527,0
746528,0
746529,0
746530,0
746531,0
746532,0
746533,0
746534,0
746535,0
746536,0
746537,0
746538,0
746539,0
746540,0
746541,0
746542,0
746543,0
746544,0
746545,0
746546,0
746547,0
746548,0
746549,0
746550,0
746551,0
746552,0
746553,0
746554,0
746555,0
746556,0
746557,0
746558,0
746559,0
746560,0
746561,0
746562,0
746563,0
746564,0
746565,0
746566,0
746567,0
746568,0
746569,0
746570,0
746571,0
746572,0
746573,0
746574,0
746575,0
746576,0
746577,0
746578,0
746579,0
746580,0
746581,0
746582,0
746583,0
746584,0
746585,0
746586,0
746587,0
746588,0
746589,0
746590,0
746591,0
746592,0
746593,0
746594,0
746595,0
746596,0
746597,0
746598,0
746599,0
746600,0
746601,0
746602,0
746603,0
746604,0
746605,0
746606,0
746607,0
746608,0
746609,0
746610,0
746611,0
746612,0
746613,0
746614,0
746615,0
746616,0
746617,0
746618,0
746619,0
746620,0
746621,0
746622,0
746623,0
746624,0
746625,0
746626,0
746627,0
746628,0
746629,0
746630,0
746631,0
746632,0
746633,0
746634,0
746635,0
746636,0
746637,0
746638,0
746639,0
746640,0
746641,0
746642,0
746643,0
746644,0
746645,0
746646,0
746647,0
746648,0
746649,0
746650,0
746651,0
746652,0
746653,0
746654,0
746655,0
746656,0
746657,0
746658,0
746659,0
746660,0
746661,0
746662,0
746663,0
746664,0
746665,0
746666,0
746667,0
746668,0
746669,0
746670,0
746671,0
746672,0
746673,0
746674,0
746675,0
746676,0
746677,0
746678,0
746679,0
746680,0
746681,0
746682,0
746683,0
746684,0
746685,0
746686,0
746687,0
746688,0
746689,0
746690,0
746691,0
746692,0
746693,0
746694,0
746695,0
746696,0
746697,0
746698,0
746699,0
746700,0
746701,0
746702,0
746703,0
746704,0
746705,0
746706,0
746707,0
746708,0
746709,0
746710,0
746711,0
746712,0
746713,0
746714,0
746715,0
746716,0
746717,0
746718,0
746719,0
746720,0
746721,0
746722,0
746723,0
746724,0
746725,0
746726,0
746727,0
746728,0
746729,0
746730,0
746731,0
746732,0
746733,0
746734,1
746735,0
746736,0
746737,0
746738,0
746739,0
746740,0
746741,0
746742,0
746743,0
746744,0
746745,0
746746,0
746747,0
746748,0
746749,0
746750,0
746751,0
746752,0
746753,0
746754,0
746755,0
746756,0
746757,0
746758,0
746759,0
746760,0
746761,0
746762,0
746763,0
746764,0
746765,0
746766,0
746767,0
746768,0
746769,0
746770,0
746771,0
746772,0
746773,0
746774,0
746775,0
746776,0
746777,0
746778,0
746779,0
746780,0
746781,0
746782,0
746783,0
746784,0
746785,0
746786,0
746787,0
746788,0
746789,0
746790,0
746791,0
746792,0
746793,0
746794,0
746795,0
746796,0
746797,0
746798,0
746799,0
746800,0
746801,0
746802,0
746803,0
746804,0
746805,0
746806,0
746807,0
746808,0
746809,0
746810,0
746811,0
746812,0
746813,0
746814,0
746815,0
746816,0
746817,0
746818,0
746819,0
746820,0
746821,0
746822,0
746823,0
746824,0
746825,0
746826,0
746827,0
746828,0
746829,0
746830,0
746831,0
746832,0
746833,0
746834,0
746835,0
746836,0
746837,0
746838,0
746839,0
746840,0
746841,0
746842,0
746843,0
746844,0
746845,0
746846,0
746847,0
746848,0
746849,0
746850,0
746851,0
746852,0
746853,0
746854,0
746855,0
746856,0
746857,0
746858,0
746859,0
746860,0
746861,0
746862,0
746863,0
746864,0
746865,0
746866,0
746867,1
746868,0
746869,0
746870,0
746871,0
746872,0
746873,0
746874,0
746875,0
746876,0
746877,0
746878,0
746879,0
746880,0
746881,0
746882,0
746883,0
746884,0
746885,0
746886,0
746887,0
746888,0
746889,0
746890,0
746891,0
746892,0
746893,0
746894,0
746895,0
746896,0
746897,0
746898,0
746899,0
746900,0
746901,0
746902,0
746903,0
746904,0
746905,0
746906,0
746907,0
746908,0
746909,0
746910,0
746911,0
746912,0
746913,0
746914,0
746915,0
746916,0
746917,0
746918,0
746919,0
746920,0
746921,0
746922,0
746923,0
746924,0
746925,0
746926,0
746927,0
746928,0
746929,0
746930,0
746931,0
746932,0
746933,0
746934,0
746935,0
746936,0
746937,0
746938,1
746939,0
746940,0
746941,0
746942,0
746943,0
746944,0
746945,0
746946,0
746947,0
746948,0
746949,0
746950,0
746951,0
746952,0
746953,0
746954,0
746955,0
746956,0
746957,0
746958,0
746959,0
746960,0
746961,0
746962,0
746963,0
746964,0
746965,0
746966,0
746967,0
746968,0
746969,0
746970,0
746971,0
746972,0
746973,0
746974,0
746975,0
746976,0
746977,0
746978,0
746979,0
746980,0
746981,0
746982,0
746983,0
746984,0
746985,0
746986,0
746987,0
746988,0
746989,0
746990,0
746991,1
746992,0
746993,0
746994,0
746995,0
746996,0
746997,0
746998,0
746999,0
747000,0
747001,0
747002,0
747003,0
747004,0
747005,0
747006,0
747007,0
747008,0
747009,0
747010,0
747011,0
747012,0
747013,0
747014,0
747015,0
747016,0
747017,0
747018,0
747019,0
747020,0
747021,0
747022,0
747023,0
747024,0
747025,0
747026,0
747027,0
747028,0
747029,0
747030,1
747031,2
747032,0
747033,0
747034,0
747035,0
747036,0
747037,0
747038,0
747039,0
747040,0
747041,0
747042,0
747043,0
747044,0
747045,0
747046,0
747047,0
747048,0
747049,0
747050,0
747051,0
747052,0
747053,0
747054,0
747055,0
747056,0
747057,0
747058,0
747059,0
747060,0
747061,0
747062,0
747063,0
747064,0
747065,0
747066,0
747067,0
747068,0
747069,0
747070,0
747071,0
747072,0
747073,0
747074,0
747075,0
747076,0
747077,0
747078,0
747079,0
747080,0
747081,0
747082,0
747083,0
747084,0
747085,0
747086,0
747087,0
747088,0
747089,0
747090,0
747091,0
747092,0
747093,0
747094,0
747095,0
747096,0
747097,0
747098,0
747099,0
747100,0
747101,0
747102,0
747103,0
747104,0
747105,0
747106,0
747107,0
747108,0
747109,0
747110,0
747111,0
747112,0
747113,0
747114,0
747115,0
747116,0
747117,0
747118,0
747119,0
747120,0
747121,0
747122,0
747123,0
747124,0
747125,0
747126,0
747127,0
747128,0
747129,0
747130,0
747131,0
747132,0
747133,0
747134,0
747135,0
747136,0
747137,0
747138,0
747139,0
747140,0
747141,0
747142,0
747143,0
747144,0
747145,0
747146,0
747147,0
747148,0
747149,0
747150,0
747151,0
747152,0
747153,0
747154,0
747155,0
747156,0
747157,0
747158,0
747159,0
747160,0
747161,0
747162,0
747163,0
747164,0
747165,0
747166,0
747167,0
747168,0
747169,0
747170,0
747171,0
747172,0
747173,0
747174,0
747175,0
747176,0
747177,0
747178,0
747179,0
747180,0
747181,0
747182,0
747183,0
747184,0
747185,0
747186,0
747187,0
747188,0
747189,0
747190,0
747191,0
747192,0
747193,0
747194,0
747195,0
747196,0
747197,0
747198,0
747199,21
747200,6
747201,0
747202,14
747203,0
747204,0
747205,0
747206,0
747207,15
747208,25
747209,0
747210,0
747211,0
747212,20
747213,0
747214,0
747215,0
747216,0
747217,23
747218,0
747219,22
747220,0
747221,0
747222,22
747223,0
747224,17
747225,28
747226,14
747227,22
747228,0
747229,13
747230,0
747231,0
747232,0
747233,0
747234,0
747235,0
747236,0
747237,0
747238,0
747239,0
747240,0
747241,0
747242,0
747243,0
747244,20
747245,21
747246,11
747247,20
747248,0
747249,0
747250,17
747251,0
747252,0
747253,0
747254,0
747255,0
747256,13
747257,0
747258,20
747259,0
747260,0
747261,0
747262,0
747263,0
747264,0
747265,0
747266,0
747267,0
747268,0
747269,0
747270,0
747271,0
747272,0
747273,0
747274,0
747275,18
747276,0
747277,0
747278,0
747279,0
747280,0
747281,0
747282,0
747283,0
747284,16
747285,0
747286,0
747287,0
747288,0
747289,24
747290,14
747291,0
747292,0
747293,0
747294,0
747295,0
747296,20
747297,0
747298,17
747299,0
747300,0
747301,18
747302,0
747303,0
747304,0
747305,0
747306,0
747307,0
747308,16
747309,17
747310,0
747311,0
747312,0
747313,0
747314,0
747315,25
747316,32
747317,0
747318,0
747319,24
747320,7
747321,23
747322,0
747323,16
747324,13
747325,0
747326,0
747327,0
747328,18
747329,19
747330,0
747331,0
747332,21
747333,15
747334,0
747335,22
747336,0
747337,16
747338,0
747339,0
747340,11
747341,0
747342,0
747343,24
747344,0
747345,0
747346,23
747347,23
747348,19
747349,0
747350,0
747351,0
747352,0
747353,0
747354,0
747355,0
747356,0
747357,22
747358,0
747359,0
747360,0
747361,0
747362,0
747363,0
747364,0
747365,0
747366,15
747367,0
747368,17
747369,0
747370,0
747371,18
747372,0
747373,0
747374,0
747375,0
747376,0
747377,0
747378,0
747379,26
747380,0
747381,0
747382,21
747383,0
747384,0
747385,21
747386,0
747387,0
747388,0
747389,0
747390,0
747391,0
747392,20
747393,11
747394,0
747395,0
747396,0
747397,0
747398,16
747399,23
747400,0
747401,14
747402,0
747403,0
747404,0
747405,0
747406,0
747407,20
747408,0
747409,0
747410,0
747411,0
747412,0
747413,0
747414,0
747415,20
747416,12
747417,0
747418,14
747419,0
747420,0
747421,0
747422,0
747423,0
747424,0
747425,0
747426,0
747427,0
747428,0
747429,13
747430,0
747431,23
747432,0
747433,0
747434,18
747435,0
747436,17
747437,0
747438,23
747439,0
747440,15
747441,0
747442,0
747443,0
747444,0
747445,0
747446,0
747447,0
747448,0
747449,0
747450,0
747451,0
747452,0
747453,0
747454,0
747455,21
747456,0
747457,0
747458,0
747459,0
747460,0
747461,0
747462,0
747463,0
747464,0
747465,0
747466,0
747467,11
747468,0
747469,10
747470,0
747471,0
747472,0
747473,18
747474,0
747475,16
747476,0
747477,0
747478,11
747479,0
747480,20
747481,0
747482,0
747483,0
747484,0
747485,0
747486,12
747487,16
747488,0
747489,0
747490,0
747491,0
747492,0
747493,14
747494,0
747495,0
747496,0
747497,0
747498,0
747499,0
747500,15
747501,15
747502,0
747503,0
747504,0
747505,27
747506,0
747507,0
747508,0
747509,25
747510,25
747511,0
747512,16
747513,27
747514,0
747515,0
747516,26
747517,0
747518,0
747519,0
747520,0
747521,0
747522,17
747523,0
747524,22
747525,0
747526,0
747527,0
747528,0
747529,0
747530,0
747531,0
747532,0
747533,0
747534,14
747535,0
747536,0
747537,20
747538,0
747539,0
747540,0
747541,17
747542,0
747543,0
747544,0
747545,14
747546,0
747547,12
747548,0
747549,12
747550,23
747551,0
747552,0
747553,0
747554,0
747555,0
747556,14
747557,18
747558,23
747559,0
747560,0
747561,0
747562,0
747563,0
747564,9
747565,17
747566,0
747567,28
747568,0
747569,0
747570,0
747571,0
747572,0
747573,0
747574,21
747575,0
747576,0
747577,0
747578,0
747579,0
747580,0
747581,0
747582,22
747583,21
747584,0
747585,0
747586,0
747587,16
747588,0
747589,0
747590,19
747591,20
747592,0
747593,0
747594,0
747595,0
747596,0
747597,0
747598,21
747599,0
747600,0
747601,0
747602,0
747603,0
747604,14
747605,0
747606,0
747607,0
747608,13
747609,0
747610,0
747611,13
747612,0
747613,0
747614,0
747615,0
747616,0
747617,18
747618,0
747619,0
747620,0
747621,0
747622,0
747623,0
747624,0
747625,0
747626,0
747627,0
747628,0
747629,0
747630,0
747631,8
747632,0
747633,0
747634,0
747635,0
747636,0
747637,0
747638,0
747639,0
747640,16
747641,0
747642,0
747643,0
747644,0
747645,0
747646,0
747647,0
747648,0
747649,0
747650,0
747651,0
747652,0
747653,0
747654,0
747655,0
747656,0
747657,0
747658,0
747659,0
747660,0
747661,9
747662,0
747663,0
747664,0
747665,0
747666,0
747667,0
747668,0
747669,0
747670,0
747671,0
747672,0
747673,0
747674,0
747675,0
747676,0
747677,0
747678,0
747679,0
747680,0
747681,0
747682,0
747683,10
747684,0
747685,0
747686,0
747687,0
747688,0
747689,0
747690,0
747691,0
747692,0
747693,0
747694,13
747695,0
747696,0
747697,0
747698,0
747699,0
747700,0
747701,0
747702,0
747703,0
747704,0
747705,10
747706,0
747707,0
747708,0
747709,20
747710,0
747711,0
747712,0
747713,0
747714,0
747715,0
747716,0
747717,0
747718,0
747719,0
747720,0
747721,0
747722,0
747723,0
747724,0
747725,0
747726,0
747727,0
747728,13
747729,0
747730,0
747731,12
747732,0
747733,0
747734,0
747735,8
747736,0
747737,0
747738,0
747739,0
747740,0
747741,0
747742,17
747743,0
747744,0
747745,0
747746,0
747747,0
747748,0
747749,0
747750,0
747751,0
747752,0
747753,0
747754,0
747755,0
747756,13
747757,0
747758,0
747759,0
747760,0
747761,0
747762,0
747763,0
747764,0
747765,0
747766,0
747767,0
747768,0
747769,0
747770,0
747771,0
747772,0
747773,0
747774,0
747775,23
747776,12
747777,0
747778,0
747779,0
747780,0
747781,0
747782,0
747783,0
747784,0
747785,0
747786,0
747787,0
747788,0
747789,11
747790,0
747791,0
747792,0
747793,0
747794,0
747795,0
747796,0
747797,0
747798,0
747799,6
747800,0
747801,0
747802,0
747803,0
747804,0
747805,0
747806,0
747807,0
747808,0
747809,0
747810,0
747811,0
747812,0
747813,0
747814,0
747815,0
747816,0
747817,0
747818,12
747819,0
747820,0
747821,0
747822,0
747823,0
747824,0
747825,0
747826,0
747827,0
747828,0
747829,0
747830,0
747831,0
747832,0
747833,0
747834,0
747835,0
747836,0
747837,0
747838,0
747839,0
747840,0
747841,0
747842,0
747843,0
747844,0
747845,0
747846,0
747847,0
747848,0
747849,0
747850,0
747851,18
747852,8
747853,0
747854,0
747855,0
747856,0
747857,4
747858,0
747859,0
747860,0
747861,0
747862,0
747863,0
747864,14
747865,0
747866,0
747867,0
747868,0
747869,0
747870,0
747871,0
747872,0
747873,0
747874,0
747875,0
747876,0
747877,0
747878,13
747879,0
747880,0
747881,0
747882,0
747883,0
747884,0
747885,0
747886,0
747887,0
747888,0
747889,0
747890,0
747891,0
747892,0
747893,0
747894,0
747895,0
747896,0
747897,0
747898,0
747899,0
747900,0
747901,0
747902,0
747903,0
747904,0
747905,10
747906,0
747907,0
747908,0
747909,0
747910,17
747911,0
747912,0
747913,0
747914,0
747915,0
747916,0
747917,0
747918,0
747919,0
747920,0
747921,0
747922,0
747923,0
747924,0
747925,0
747926,0
747927,0
747928,0
747929,0
747930,0
747931,0
747932,0
747933,0
747934,0
747935,0
747936,0
747937,0
747938,0
747939,12
747940,0
747941,0
747942,0
747943,0
747944,0
747945,0
747946,0
747947,0
747948,0
747949,0
747950,9
747951,0
747952,0
747953,0
747954,0
747955,0
747956,0
747957,0
747958,0
747959,0
747960,6
747961,14
747962,14
747963,0
747964,0
747965,0
747966,0
747967,0
747968,0
747969,0
747970,0
747971,0
747972,0
747973,0
747974,17
747975,11
747976,12
747977,0
747978,0
747979,0
747980,0
747981,0
747982,0
747983,19
747984,0
747985,0
747986,0
747987,15
747988,12
747989,0
747990,0
747991,0
747992,0
747993,0
747994,10
747995,0
747996,0
747997,0
747998,0
747999,0
748000,0
748001,0
748002,0
748003,0
748004,0
748005,0
748006,0
748007,0
748008,0
748009,0
748010,0
748011,0
748012,0
748013,0
748014,0
748015,10
748016,0
748017,0
748018,11
748019,0
748020,0
748021,0
748022,0
748023,0
748024,0
748025,0
748026,0
748027,0
748028,0
748029,18
748030,0
748031,0
748032,13
748033,0
748034,0
748035,0
748036,0
748037,0
748038,20
748039,0
748040,0
748041,13
748042,0
748043,0
748044,0
748045,0
748046,0
748047,0
748048,0
748049,0
748050,0
748051,0
748052,0
748053,0
748054,0
748055,0
748056,0
748057,0
748058,24
748059,8
748060,0
748061,0
748062,0
748063,12
748064,0
748065,0
748066,0
748067,0
748068,0
748069,0
748070,13
748071,0
748072,0
748073,0
748074,0
748075,0
748076,0
748077,0
748078,0
748079,0
748080,0
748081,0
748082,0
748083,0
748084,0
748085,0
748086,0
748087,0
748088,0
748089,0
748090,0
748091,0
748092,0
748093,0
748094,0
748095,0
748096,0
748097,0
748098,0
748099,0
748100,0
748101,0
748102,0
748103,0
748104,0
748105,0
748106,0
748107,0
748108,0
748109,0
748110,0
748111,0
748112,0
748113,7
748114,0
748115,0
748116,0
748117,0
748118,0
748119,0
748120,0
748121,0
748122,0
748123,0
748124,0
748125,0
748126,0
748127,0
748128,0
748129,0
748130,0
748131,0
748132,0
748133,0
748134,0
748135,0
748136,0
748137,0
748138,0
748139,10
748140,0
748141,0
748142,0
748143,0
748144,0
748145,0
748146,0
748147,0
748148,0
748149,0
748150,0
748151,0
748152,0
748153,0
748154,0
748155,0
748156,0
748157,0
748158,0
748159,0
748160,4
748161,0
748162,20
748163,0
748164,0
748165,0
748166,0
748167,0
748168,0
748169,0
748170,0
748171,0
748172,0
748173,14
748174,0
748175,0
748176,0
748177,0
748178,0
748179,0
748180,0
748181,0
748182,0
748183,0
748184,0
748185,0
748186,0
748187,0
748188,7
748189,0
748190,0
748191,0
748192,0
748193,0
748194,0
748195,0
748196,0
748197,0
748198,0
748199,0
748200,0
748201,0
748202,0
748203,0
748204,0
748205,0
748206,0
748207,0
748208,0
748209,0
748210,0
748211,0
748212,14
748213,0
748214,0
748215,0
748216,0
748217,13
748218,0
748219,0
748220,0
748221,0
748222,0
748223,7
748224,0
748225,0
748226,0
748227,0
748228,0
748229,0
748230,0
748231,0
748232,0
748233,0
748234,0
748235,0
748236,0
748237,0
748238,0
748239,0
748240,0
748241,0
748242,0
748243,0
748244,0
748245,0
748246,0
748247,0
748248,0
748249,0
748250,0
748251,0
748252,0
748253,0
748254,11
748255,0
748256,0
748257,0
748258,0
748259,0
748260,0
748261,0
748262,18
748263,0
748264,0
748265,11
748266,0
748267,0
748268,0
748269,0
748270,0
748271,0
748272,0
748273,14
748274,0
748275,0
748276,0
748277,11
748278,0
748279,0
748280,0
748281,0
748282,0
748283,0
748284,0
748285,0
748286,0
748287,0
748288,0
748289,0
748290,0
748291,13
748292,0
748293,0
748294,10
748295,11
748296,0
748297,0
748298,0
748299,0
748300,0
748301,0
748302,0
748303,0
748304,0
748305,0
748306,0
748307,0
748308,0
748309,13
748310,0
748311,6
748312,0
748313,0
748314,0
748315,0
748316,0
748317,12
748318,0
748319,0
748320,0
748321,0
748322,0
748323,0
748324,0
748325,0
748326,0
748327,0
748328,0
748329,0
748330,0
748331,0
748332,0
748333,0
748334,0
748335,0
748336,0
748337,0
748338,0
748339,0
748340,5
748341,0
748342,0
748343,0
748344,9
748345,0
748346,0
748347,0
748348,13
748349,0
748350,0
748351,0
748352,0
748353,0
748354,0
748355,0
748356,0
748357,0
748358,0
748359,0
748360,0
748361,0
748362,0
748363,0
748364,0
748365,0
748366,0
748367,0
748368,0
748369,0
748370,0
748371,0
748372,0
748373,0
748374,0
748375,11
748376,0
748377,0
748378,0
748379,0
748380,0
748381,0
748382,0
748383,0
748384,0
748385,0
748386,0
748387,0
748388,0
748389,0
748390,0
748391,0
748392,0
748393,0
748394,0
748395,6
748396,0
748397,0
748398,0
748399,0
748400,0
748401,0
748402,0
748403,0
748404,0
748405,0
748406,0
748407,0
748408,0
748409,0
748410,0
748411,0
748412,0
748413,0
748414,0
748415,0
748416,0
748417,0
748418,0
748419,0
748420,0
748421,0
748422,0
748423,0
748424,0
748425,0
748426,0
748427,0
748428,0
748429,0
748430,0
748431,0
748432,0
748433,15
748434,0
748435,0
748436,0
748437,13
748438,0
748439,0
748440,0
748441,0
748442,0
748443,0
748444,0
748445,10
748446,0
748447,0
748448,0
748449,9
748450,0
748451,0
748452,0
748453,12
748454,0
748455,0
748456,0
748457,0
748458,0
748459,0
748460,0
748461,0
748462,8
748463,0
748464,0
748465,0
748466,0
748467,0
748468,0
748469,0
748470,0
748471,0
748472,0
748473,0
748474,0
748475,0
748476,10
748477,0
748478,0
748479,0
748480,0
748481,0
748482,0
748483,0
748484,0
748485,0
748486,11
748487,0
748488,0
748489,0
748490,0
748491,0
748492,0
748493,0
748494,0
748495,0
748496,0
748497,0
748498,14
748499,0
748500,0
748501,0
748502,0
748503,0
748504,0
748505,0
748506,0
748507,0
748508,0
748509,0
748510,0
748511,0
748512,0
748513,12
748514,20
748515,0
748516,0
748517,14
748518,0
748519,0
748520,0
748521,0
748522,0
748523,0
748524,0
748525,0
748526,0
748527,0
748528,0
748529,0
748530,0
748531,0
748532,0
748533,0
748534,0
748535,0
748536,0
748537,0
748538,0
748539,0
748540,0
748541,0
748542,0
748543,0
748544,0
748545,0
748546,0
748547,0
748548,0
748549,0
748550,0
748551,16
748552,0
748553,0
748554,0
748555,0
748556,0
748557,0
748558,0
748559,0
748560,0
748561,0
748562,0
748563,0
748564,0
748565,0
748566,0
748567,0
748568,8
748569,0
748570,0
748571,0
748572,0
748573,0
748574,9
748575,0
748576,0
748577,0
748578,0
748579,0
748580,0
748581,0
748582,0
748583,0
748584,0
748585,0
748586,0
748587,0
748588,0
748589,0
748590,0
748591,0
748592,0
748593,0
748594,0
748595,0
748596,0
748597,9
748598,0
748599,0
748600,0
748601,0
748602,0
748603,0
748604,0
748605,0
748606,0
748607,10
748608,0
748609,0
748610,0
748611,0
748612,0
748613,0
748614,0
748615,0
748616,0
748617,40
748618,0
748619,0
748620,0
748621,0
748622,0
748623,32
748624,0
748625,48
748626,0
748627,0
748628,0
748629,0
748630,0
748631,0
748632,0
748633,0
748634,0
748635,0
748636,38
748637,24
748638,0
748639,32
748640,0
748641,0
748642,0
748643,0
748644,0
748645,37
748646,31
748647,38
748648,33
748649,40
748650,0
748651,55
748652,0
748653,0
748654,0
748655,0
748656,0
748657,0
748658,0
748659,0
748660,0
748661,0
748662,0
748663,0
748664,0
748665,0
748666,0
748667,0
748668,55
748669,0
748670,0
748671,0
748672,0
748673,22
748674,0
748675,0
748676,0
748677,0
748678,0
748679,0
748680,0
748681,0
748682,0
748683,0
748684,0
748685,0
748686,0
748687,0
748688,37
748689,23
748690,0
748691,0
748692,0
748693,0
748694,35
748695,0
748696,0
748697,0
748698,0
748699,0
748700,0
748701,0
748702,0
748703,0
748704,0
748705,0
748706,0
748707,49
748708,38
748709,0
748710,32
748711,0
748712,0
748713,35
748714,0
748715,0
748716,0
748717,0
748718,0
748719,0
748720,0
748721,0
748722,0
748723,0
748724,36
748725,0
748726,0
748727,0
748728,0
748729,30
748730,0
748731,0
748732,0
748733,0
748734,39
748735,0
748736,0
748737,0
748738,0
748739,45
748740,0
748741,0
748742,0
748743,0
748744,40
748745,33
748746,0
748747,0
748748,0
748749,0
748750,36
748751,34
748752,0
748753,0
748754,0
748755,0
748756,0
748757,0
748758,0
748759,41
748760,26
748761,0
748762,0
748763,0
748764,0
748765,0
748766,36
748767,0
748768,0
748769,0
748770,0
748771,35
748772,38
748773,0
748774,0
748775,0
748776,31
748777,0
748778,0
748779,0
748780,0
748781,0
748782,0
748783,0
748784,0
748785,0
748786,0
748787,0
748788,0
748789,0
748790,0
748791,0
748792,0
748793,0
748794,0
748795,0
748796,0
748797,43
748798,0
748799,36
748800,0
748801,0
748802,0
748803,38
748804,0
748805,34
748806,0
748807,44
748808,0
748809,34
748810,0
748811,0
748812,0
748813,0
748814,0
748815,0
748816,0
748817,0
748818,0
748819,0
748820,52
748821,0
748822,0
748823,0
748824,34
748825,0
748826,38
748827,0
748828,42
748829,0
748830,0
748831,41
748832,41
748833,0
748834,0
748835,0
748836,0
748837,0
748838,24
748839,0
748840,0
748841,0
748842,0
748843,33
748844,0
748845,0
748846,0
748847,0
748848,0
748849,0
748850,0
748851,0
748852,0
748853,0
748854,0
748855,0
748856,0
748857,0
748858,0
748859,39
748860,0
748861,0
748862,0
748863,47
748864,0
748865,0
748866,0
748867,0
748868,0
748869,0
748870,0
748871,0
748872,0
748873,30
748874,0
748875,0
748876,27
748877,0
748878,0
748879,32
748880,0
748881,0
748882,0
748883,0
748884,0
748885,31
748886,0
748887,0
748888,0
748889,46
748890,0
748891,0
748892,0
748893,45
748894,47
748895,0
748896,0
748897,0
748898,0
748899,0
748900,0
748901,0
748902,44
748903,0
748904,52
748905,0
748906,0
748907,0
748908,0
748909,0
748910,25
748911,0
748912,0
748913,32
748914,0
748915,0
748916,0
748917,0
748918,0
748919,45
748920,0
748921,0
748922,0
748923,0
748924,0
748925,0
748926,0
748927,0
748928,0
748929,0
748930,0
748931,0
748932,0
748933,50
748934,0
748935,38
748936,33
748937,0
748938,26
748939,0
748940,0
748941,27
748942,23
748943,0
748944,0
748945,0
748946,0
748947,0
748948,0
748949,0
748950,0
748951,0
748952,0
748953,0
748954,38
748955,0
748956,0
748957,0
748958,0
748959,0
748960,0
748961,0
748962,30
748963,49
748964,0
748965,32
748966,0
748967,0
748968,29
748969,0
748970,0
748971,0
748972,28
748973,0
748974,0
748975,0
748976,0
748977,0
748978,0
748979,0
748980,0
748981,0
748982,0
748983,0
748984,0
748985,0
748986,0
748987,46
748988,0
748989,0
748990,0
748991,50
748992,0
748993,0
748994,43
748995,0
748996,0
748997,0
748998,0
748999,0
749000,0
749001,0
749002,0
749003,0
749004,0
749005,0
749006,37
749007,44
749008,0
749009,0
749010,0
749011,0
749012,0
749013,0
749014,28
749015,0
749016,0
749017,29
749018,0
749019,0
749020,0
749021,0
749022,0
749023,33
749024,0
749025,0
749026,0
749027,21
749028,0
749029,0
749030,0
749031,0
749032,0
749033,0
749034,0
749035,0
749036,52
749037,0
749038,36
749039,0
749040,22
749041,0
749042,51
749043,0
749044,0
749045,0
749046,0
749047,0
749048,31
749049,38
749050,0
749051,0
749052,0
749053,0
749054,0
749055,0
749056,0
749057,0
749058,37
749059,0
749060,32
749061,0
749062,40
749063,0
749064,0
749065,0
749066,46
749067,0
749068,0
749069,0
749070,0
749071,0
749072,0
749073,0
749074,46
749075,0
749076,0
749077,37
749078,31
749079,28
749080,40
749081,0
749082,0
749083,0
749084,0
749085,0
749086,0
749087,0
749088,0
749089,0
749090,0
749091,39
749092,24
749093,0
749094,0
749095,0
749096,0
749097,0
749098,0
749099,0
749100,43
749101,41
749102,0
749103,41
749104,0
749105,0
749106,0
749107,0
749108,0
749109,0
749110,0
749111,0
749112,0
749113,0
749114,0
749115,35
749116,0
749117,0
749118,41
749119,0
749120,0
749121,0
749122,34
749123,0
749124,38
749125,55
749126,54
749127,0
749128,0
749129,0
749130,33
749131,0
749132,0
749133,47
749134,0
749135,0
749136,0
749137,0
749138,0
749139,0
749140,44
749141,0
749142,0
749143,0
749144,0
749145,0
749146,0
749147,37
749148,0
749149,0
749150,33
749151,0
749152,0
749153,0
749154,0
749155,0
749156,0
749157,0
749158,40
749159,0
749160,22
749161,0
749162,34
749163,0
749164,0
749165,0
749166,0
749167,0
749168,35
749169,31
749170,0
749171,43
749172,0
749173,0
749174,0
749175,0
749176,0
749177,0
749178,0
749179,27
749180,0
749181,28
749182,0
749183,55
749184,0
749185,36
749186,0
749187,0
749188,0
749189,0
749190,48
749191,0
749192,0
749193,0
749194,0
749195,0
749196,0
749197,0
749198,0
749199,0
749200,0
749201,0
749202,0
749203,0
749204,0
749205,0
749206,0
749207,0
749208,0
749209,0
749210,28
749211,0
749212,0
749213,0
749214,0
749215,0
749216,0
749217,48
749218,0
749219,31
749220,0
749221,0
749222,0
749223,0
749224,0
749225,0
749226,40
749227,43
749228,0
749229,47
749230,0
749231,0
749232,0
749233,0
749234,0
749235,0
749236,0
749237,0
749238,0
749239,0
749240,0
749241,0
749242,0
749243,28
749244,0
749245,0
749246,0
749247,0
749248,0
749249,49
749250,0
749251,0
749252,41
749253,32
749254,0
749255,0
749256,0
749257,0
749258,42
749259,0
749260,0
749261,0
749262,0
749263,0
749264,0
749265,38
749266,0
749267,0
749268,0
749269,0
749270,0
749271,0
749272,36
749273,0
749274,0
749275,38
749276,0
749277,0
749278,46
749279,43
749280,0
749281,0
749282,0
749283,0
749284,0
749285,0
749286,0
749287,0
749288,32
749289,34
749290,0
749291,53
749292,57
749293,36
749294,0
749295,0
749296,0
749297,0
749298,0
749299,0
749300,0
749301,39
749302,0
749303,35
749304,0
749305,43
749306,0
749307,0
749308,0
749309,0
749310,0
749311,0
749312,0
749313,0
749314,0
749315,0
749316,0
749317,0
749318,0
749319,0
749320,0
749321,0
749322,0
749323,0
749324,32
749325,0
749326,58
749327,0
749328,0
749329,0
749330,41
749331,0
749332,0
749333,0
749334,0
749335,0
749336,0
749337,0
749338,0
749339,0
749340,35
749341,0
749342,0
749343,41
749344,0
749345,0
749346,41
749347,0
749348,39
749349,52
749350,0
749351,30
749352,0
749353,0
749354,0
749355,0
749356,0
749357,0
749358,0
749359,0
749360,46
749361,0
749362,0
749363,0
749364,0
749365,0
749366,0
749367,0
749368,0
749369,0
749370,44
749371,0
749372,0
749373,48
749374,33
749375,0
749376,0
749377,0
749378,0
749379,0
749380,0
749381,0
749382,41
749383,0
749384,40
749385,0
749386,0
749387,39
749388,0
749389,0
749390,48
749391,0
749392,0
749393,0
749394,0
749395,0
749396,28
749397,0
749398,0
749399,0
749400,37
749401,0
749402,0
749403,27
749404,0
749405,0
749406,35
749407,28
749408,0
749409,40
749410,50
749411,0
749412,0
749413,39
749414,45
749415,0
749416,0
749417,0
749418,35
749419,0
749420,0
749421,0
749422,0
749423,0
749424,36
749425,0
749426,0
749427,38
749428,0
749429,0
749430,40
749431,0
749432,0
749433,0
749434,0
749435,0
749436,0
749437,0
749438,0
749439,0
749440,38
749441,0
749442,0
749443,0
749444,0
749445,0
749446,0
749447,0
749448,0
749449,19
749450,0
749451,31
749452,0
749453,0
749454,0
749455,0
749456,0
749457,45
749458,0
749459,0
749460,0
749461,29
749462,0
749463,52
749464,39
749465,0
749466,0
749467,44
749468,35
749469,0
749470,0
749471,0
749472,0
749473,0
749474,0
749475,40
749476,0
749477,0
749478,0
749479,0
749480,43
749481,42
749482,0
749483,0
749484,32
749485,0
749486,0
749487,0
749488,0
749489,0
749490,0
749491,50
749492,0
749493,0
749494,68
749495,0
749496,0
749497,0
749498,0
749499,0
749500,0
749501,0
749502,0
749503,0
749504,0
749505,49
749506,0
749507,0
749508,0
749509,0
749510,0
749511,0
749512,0
749513,0
749514,0
749515,0
749516,43
749517,0
749518,0
749519,0
749520,0
749521,16
749522,0
749523,0
749524,0
749525,0
749526,0
749527,0
749528,0
749529,0
749530,0
749531,0
749532,0
749533,0
749534,0
749535,0
749536,0
749537,0
749538,15
749539,0
749540,0
749541,0
749542,0
749543,0
749544,0
749545,0
749546,0
749547,0
749548,0
749549,0
749550,0
749551,0
749552,0
749553,0
749554,0
749555,0
749556,0
749557,0
749558,0
749559,13
749560,0
749561,0
749562,0
749563,14
749564,12
749565,0
749566,0
749567,0
749568,0
749569,0
749570,0
749571,0
749572,0
749573,0
749574,0
749575,0
749576,0
749577,12
749578,12
749579,0
749580,0
749581,0
749582,13
749583,0
749584,0
749585,0
749586,0
749587,0
749588,0
749589,0
749590,0
749591,0
749592,0
749593,0
749594,14
749595,0
749596,0
749597,0
749598,12
749599,0
749600,0
749601,0
749602,0
749603,0
749604,0
749605,0
749606,0
749607,0
749608,0
749609,0
749610,0
749611,0
749612,0
749613,0
749614,0
749615,0
749616,0
749617,0
749618,0
749619,0
749620,0
749621,0
749622,0
749623,0
749624,0
749625,0
749626,0
749627,0
749628,0
749629,0
749630,16
749631,0
749632,0
749633,0
749634,0
749635,0
749636,0
749637,0
749638,0
749639,0
749640,0
749641,0
749642,19
749643,0
749644,0
749645,0
749646,0
749647,0
749648,0
749649,0
749650,0
749651,0
749652,0
749653,0
749654,0
749655,0
749656,0
749657,0
749658,0
749659,0
749660,0
749661,0
749662,0
749663,0
749664,0
749665,0
749666,0
749667,0
749668,0
749669,0
749670,0
749671,0
749672,0
749673,0
749674,0
749675,0
749676,0
749677,0
749678,0
749679,22
749680,0
749681,0
749682,0
749683,0
749684,0
749685,0
749686,0
749687,0
749688,16
749689,0
749690,0
749691,12
749692,0
749693,15
749694,0
749695,0
749696,0
749697,0
749698,0
749699,0
749700,0
749701,0
749702,0
749703,0
749704,0
749705,0
749706,0
749707,0
749708,0
749709,0
749710,0
749711,0
749712,0
749713,0
749714,0
749715,0
749716,0
749717,0
749718,0
749719,16
749720,0
749721,0
749722,0
749723,0
749724,0
749725,0
749726,0
749727,0
749728,0
749729,0
749730,0
749731,0
749732,0
749733,0
749734,0
749735,0
749736,0
749737,8
749738,0
749739,0
749740,0
749741,0
749742,0
749743,0
749744,0
749745,0
749746,0
749747,19
749748,0
749749,0
749750,0
749751,0
749752,0
749753,0
749754,0
749755,0
749756,0
749757,0
749758,0
749759,0
749760,0
749761,0
749762,0
749763,0
749764,0
749765,0
749766,0
749767,0
749768,0
749769,0
749770,0
749771,0
749772,0
749773,0
749774,0
749775,0
749776,14
749777,0
749778,0
749779,0
749780,0
749781,0
749782,0
749783,0
749784,0
749785,0
749786,0
749787,0
749788,0
749789,0
749790,0
749791,0
749792,0
749793,0
749794,0
749795,0
749796,0
749797,0
749798,0
749799,0
749800,0
749801,0
749802,0
749803,0
749804,0
749805,0
749806,0
749807,0
749808,0
749809,0
749810,0
749811,12
749812,0
749813,0
749814,0
749815,0
749816,0
749817,0
749818,0
749819,0
749820,15
749821,0
749822,0
749823,0
749824,0
749825,16
749826,0
749827,0
749828,0
749829,0
749830,0
749831,14
749832,0
749833,0
749834,0
749835,0
749836,0
749837,17
749838,0
749839,0
749840,0
749841,0
749842,0
749843,0
749844,0
749845,0
749846,0
749847,0
749848,0
749849,0
749850,0
749851,0
749852,0
749853,0
749854,17
749855,0
749856,0
749857,0
749858,0
749859,0
749860,0
749861,0
749862,0
749863,0
749864,0
749865,0
749866,0
749867,0
749868,0
749869,0
749870,0
749871,0
749872,0
749873,0
749874,0
749875,0
749876,0
749877,0
749878,21
749879,0
749880,0
749881,0
749882,0
749883,0
749884,0
749885,0
749886,0
749887,0
749888,13
749889,0
749890,0
749891,15
749892,0
749893,0
749894,11
749895,0
749896,0
749897,0
749898,0
749899,0
749900,0
749901,0
749902,0
749903,0
749904,0
749905,0
749906,0
749907,0
749908,0
749909,0
749910,0
749911,0
749912,0
749913,0
749914,0
749915,0
749916,0
749917,0
749918,0
749919,0
749920,11
749921,0
749922,0
749923,0
749924,0
749925,0
749926,0
749927,0
749928,0
749929,0
749930,0
749931,0
749932,0
749933,0
749934,0
749935,0
749936,0
749937,0
749938,0
749939,15
749940,0
749941,15
749942,0
749943,0
749944,0
749945,0
749946,0
749947,0
749948,0
749949,0
749950,14
749951,0
749952,0
749953,0
749954,0
749955,0
749956,0
749957,0
749958,0
749959,0
749960,0
749961,0
749962,0
749963,0
749964,0
749965,0
749966,0
749967,0
749968,0
749969,0
749970,0
749971,0
749972,0
749973,0
749974,0
749975,0
749976,0
749977,0
749978,0
749979,0
749980,0
749981,0
749982,0
749983,0
749984,0
749985,0
749986,0
749987,0
749988,13
749989,0
749990,0
749991,0
749992,0
749993,0
749994,17
749995,0
749996,0
749997,0
749998,0
749999,0
750000,0
750001,0
750002,0
750003,0
750004,0
750005,0
750006,0
750007,0
750008,0
750009,19
750010,0
750011,13
750012,0
750013,0
750014,0
750015,0
750016,0
750017,0
750018,0
750019,0
750020,0
750021,0
750022,0
750023,0
750024,0
750025,0
750026,0
750027,17
750028,0
750029,0
750030,0
750031,12
750032,0
750033,0
750034,0
750035,0
750036,0
750037,0
750038,0
750039,0
750040,0
750041,0
750042,0
750043,0
750044,0
750045,0
750046,0
750047,0
750048,19
750049,0
750050,0
750051,0
750052,0
750053,0
750054,0
750055,0
750056,0
750057,0
750058,0
750059,0
750060,0
750061,0
750062,0
750063,0
750064,0
750065,0
750066,0
750067,0
750068,0
750069,17
750070,0
750071,0
750072,0
750073,0
750074,0
750075,0
750076,0
750077,0
750078,0
750079,0
750080,0
750081,0
750082,0
750083,0
750084,0
750085,0
750086,0
750087,0
750088,0
750089,0
750090,0
750091,0
750092,0
750093,0
750094,0
750095,0
750096,0
750097,0
750098,0
750099,0
750100,0
750101,0
750102,0
750103,0
750104,0
750105,0
750106,0
750107,0
750108,0
750109,0
750110,16
750111,0
750112,0
750113,0
750114,0
750115,0
750116,0
750117,0
750118,0
750119,0
750120,0
750121,0
750122,0
750123,0
750124,0
750125,0
750126,0
750127,0
750128,0
750129,0
750130,0
750131,0
750132,0
750133,0
750134,0
750135,0
750136,0
750137,0
750138,12
750139,0
750140,0
750141,0
750142,0
750143,0
750144,0
750145,0
750146,0
750147,22
750148,0
750149,0
750150,0
750151,0
750152,0
750153,0
750154,0
750155,0
750156,0
750157,0
750158,0
750159,0
750160,0
750161,0
750162,0
750163,0
750164,0
750165,14
750166,0
750167,0
750168,0
750169,0
750170,0
750171,0
750172,0
750173,0
750174,0
750175,9
750176,0
750177,15
750178,0
750179,0
750180,0
750181,0
750182,0
750183,0
750184,0
750185,0
750186,13
750187,0
750188,24
750189,0
750190,0
750191,0
750192,0
750193,0
750194,0
750195,0
750196,0
750197,0
750198,0
750199,0
750200,0
750201,0
750202,0
750203,0
750204,0
750205,0
750206,0
750207,0
750208,0
750209,0
750210,0
750211,0
750212,0
750213,0
750214,0
750215,0
750216,17
750217,0
750218,0
750219,0
750220,0
750221,0
750222,0
750223,0
750224,0
750225,0
750226,0
750227,0
750228,13
750229,0
750230,0
750231,0
750232,0
750233,0
750234,0
750235,0
750236,0
750237,0
750238,0
750239,0
750240,20
750241,0
750242,0
750243,0
750244,0
750245,0
750246,0
750247,12
750248,0
750249,0
750250,0
750251,0
750252,0
750253,0
750254,0
750255,0
750256,0
750257,0
750258,0
750259,0
750260,0
750261,0
750262,0
750263,0
750264,0
750265,0
750266,0
750267,0
750268,0
750269,0
750270,0
750271,0
750272,0
750273,0
750274,17
750275,0
750276,0
750277,0
750278,0
750279,0
750280,5
750281,0
750282,12
750283,0
750284,0
750285,0
750286,0
750287,0
750288,0
750289,0
750290,0
750291,0
750292,0
750293,0
750294,0
750295,0
750296,0
750297,0
750298,0
750299,0
750300,0
750301,0
750302,18
750303,0
750304,0
750305,0
750306,0
750307,0
750308,0
750309,0
750310,0
750311,0
750312,0
750313,0
750314,0
750315,0
750316,0
750317,0
750318,25
750319,0
750320,0
750321,0
750322,0
750323,0
750324,0
750325,0
750326,8
750327,8
750328,0
750329,0
750330,0
750331,14
750332,0
750333,15
750334,0
750335,0
750336,0
750337,0
750338,25
750339,9
750340,0
750341,15
750342,0
750343,18
750344,0
750345,10
750346,0
750347,14
750348,0
750349,0
750350,0
750351,0
750352,14
750353,0
750354,0
750355,0
750356,0
750357,0
750358,0
750359,0
750360,0
750361,18
750362,29
750363,0
750364,0
750365,0
750366,0
750367,0
750368,0
750369,0
750370,0
750371,0
750372,21
750373,0
750374,0
750375,0
750376,0
750377,0
750378,0
750379,0
750380,0
750381,10
750382,0
750383,0
750384,0
750385,0
750386,22
750387,0
750388,0
750389,0
750390,0
750391,0
750392,0
750393,18
750394,0
750395,18
750396,0
750397,0
750398,0
750399,0
750400,0
750401,0
750402,0
750403,0
750404,0
750405,7
750406,0
750407,0
750408,0
750409,0
750410,0
750411,0
750412,0
750413,0
750414,0
750415,0
750416,0
750417,0
750418,0
750419,0
750420,0
750421,0
750422,0
750423,0
750424,0
750425,0
750426,0
750427,0
750428,0
750429,19
750430,0
750431,0
750432,0
750433,0
750434,0
750435,0
750436,21
750437,0
750438,0
750439,0
750440,0
750441,17
750442,0
750443,0
750444,0
750445,0
750446,0
750447,0
750448,0
750449,0
750450,0
750451,0
750452,22
750453,0
750454,0
750455,0
750456,0
750457,0
750458,15
750459,0
750460,0
750461,0
750462,0
750463,0
750464,0
750465,0
750466,0
750467,0
750468,0
750469,0
750470,0
750471,0
750472,0
750473,0
750474,0
750475,0
750476,0
750477,0
750478,0
750479,0
750480,0
750481,0
750482,0
750483,0
750484,0
750485,12
750486,0
750487,0
750488,0
750489,0
750490,0
750491,0
750492,0
750493,15
750494,0
750495,0
750496,0
750497,19
750498,0
750499,0
750500,0
750501,0
750502,0
750503,0
750504,0
750505,0
750506,0
750507,0
750508,0
750509,10
750510,0
750511,0
750512,0
750513,0
750514,0
750515,0
750516,0
750517,0
750518,15
750519,0
750520,0
750521,15
750522,0
750523,0
750524,0
750525,0
750526,0
750527,0
750528,0
750529,0
750530,0
750531,0
750532,0
750533,0
750534,0
750535,0
750536,0
750537,15
750538,0
750539,0
750540,0
750541,0
750542,0
750543,9
750544,0
750545,13
750546,0
750547,0
750548,0
750549,0
750550,0
750551,0
750552,0
750553,0
750554,0
750555,0
750556,0
750557,0
750558,0
750559,0
750560,0
750561,0
750562,0
750563,13
750564,0
750565,0
750566,0
750567,0
750568,0
750569,17
750570,0
750571,0
750572,0
750573,0
750574,0
750575,0
750576,0
750577,0
750578,0
750579,0
750580,0
750581,0
750582,0
750583,0
750584,0
750585,0
750586,16
750587,0
750588,0
750589,0
750590,0
750591,0
750592,0
750593,0
750594,0
750595,0
750596,0
750597,0
750598,0
750599,0
750600,0
750601,0
750602,0
750603,0
750604,0
750605,0
750606,0
750607,0
750608,0
750609,0
750610,0
750611,0
750612,0
750613,0
750614,0
750615,0
750616,0
750617,12
750618,14
750619,12
750620,0
750621,0
750622,0
750623,0
750624,0
750625,0
750626,0
750627,0
750628,0
750629,0
750630,0
750631,0
750632,0
750633,0
750634,12
750635,0
750636,0
750637,0
750638,0
750639,0
750640,0
750641,0
750642,14
750643,27
750644,0
750645,0
750646,0
750647,0
750648,0
750649,0
750650,0
750651,0
750652,0
750653,0
750654,0
750655,0
750656,10
750657,0
750658,0
750659,0
750660,0
750661,0
750662,0
750663,0
750664,0
750665,5
750666,0
750667,0
750668,0
750669,0
750670,10
750671,0
750672,17
750673,0
750674,0
750675,9
750676,0
750677,17
750678,0
750679,0
750680,0
750681,0
750682,14
750683,0
750684,0
750685,0
750686,0
750687,0
750688,0
750689,0
750690,0
750691,0
750692,0
750693,0
750694,0
750695,0
750696,0
750697,0
750698,12
750699,0
750700,6
750701,0
750702,0
750703,11
750704,0
750705,0
750706,0
750707,0
750708,0
750709,0
750710,0
750711,0
750712,0
750713,0
750714,0
750715,0
750716,0
750717,23
750718,0
750719,12
750720,0
750721,0
750722,0
750723,0
750724,0
750725,0
750726,0
750727,0
750728,0
750729,0
750730,12
750731,0
750732,0
750733,0
750734,0
750735,0
750736,0
750737,0
750738,0
750739,16
750740,0
750741,0
750742,0
750743,0
750744,0
750745,0
750746,0
750747,18
750748,0
750749,0
750750,0
750751,0
750752,0
750753,0
750754,0
750755,0
750756,0
750757,0
750758,8
750759,10
750760,0
750761,0
750762,0
750763,0
750764,0
750765,0
750766,19
750767,0
750768,0
750769,17
750770,0
750771,14
750772,0
750773,0
750774,0
750775,16
750776,0
750777,0
750778,0
750779,0
750780,8
750781,0
750782,0
750783,0
750784,0
750785,0
750786,0
750787,0
750788,0
750789,0
750790,0
750791,0
750792,0
750793,0
750794,0
750795,0
750796,0
750797,0
750798,0
750799,15
750800,0
750801,0
750802,0
750803,0
750804,0
750805,0
750806,32
750807,0
750808,0
750809,0
750810,11
750811,0
750812,0
750813,0
750814,0
750815,0
750816,0
750817,0
750818,17
750819,0
750820,0
750821,0
750822,0
750823,0
750824,0
750825,0
750826,0
750827,0
750828,0
750829,0
750830,0
750831,0
750832,0
750833,0
750834,0
750835,0
750836,0
750837,0
750838,0
750839,0
750840,0
750841,0
750842,0
750843,10
750844,0
750845,0
750846,0
750847,0
750848,13
750849,0
750850,0
750851,0
750852,0
750853,0
750854,0
750855,0
750856,0
750857,0
750858,0
750859,0
750860,0
750861,0
750862,0
750863,0
750864,0
750865,0
750866,0
750867,0
750868,0
750869,0
750870,16
750871,0
750872,0
750873,0
750874,0
750875,0
750876,0
750877,0
750878,0
750879,0
750880,0
750881,0
750882,0
750883,0
750884,0
750885,0
750886,0
750887,0
750888,13
750889,0
750890,0
750891,0
750892,0
750893,0
750894,0
750895,0
750896,0
750897,27
750898,0
750899,0
750900,0
750901,0
750902,0
750903,0
750904,0
750905,0
750906,0
750907,0
750908,21
750909,0
750910,0
750911,6
750912,0
750913,0
750914,0
750915,0
750916,0
750917,0
750918,0
750919,0
750920,0
750921,0
750922,0
750923,16
750924,0
750925,0
750926,0
750927,0
750928,0
750929,0
750930,0
750931,0
750932,0
750933,0
750934,0
750935,0
750936,0
750937,0
750938,0
750939,0
750940,0
750941,0
750942,0
750943,0
750944,0
750945,0
750946,0
750947,0
750948,0
750949,0
750950,0
750951,0
750952,0
750953,0
750954,0
750955,0
750956,19
750957,0
750958,0
750959,18
750960,0
750961,0
750962,0
750963,0
750964,0
750965,0
750966,0
750967,0
750968,18
750969,0
750970,0
750971,0
750972,0
750973,0
750974,0
750975,0
750976,0
750977,0
750978,19
750979,0
750980,0
750981,0
750982,0
750983,0
750984,0
750985,0
750986,0
750987,0
750988,0
750989,0
750990,0
750991,0
750992,0
750993,0
750994,19
750995,0
750996,16
750997,0
750998,20
750999,0
751000,0
751001,0
751002,0
751003,16
751004,0
751005,0
751006,0
751007,0
751008,18
751009,0
751010,0
751011,0
751012,0
751013,11
751014,0
751015,0
751016,0
751017,0
751018,0
751019,0
751020,0
751021,0
751022,0
751023,0
751024,0
751025,0
751026,0
751027,0
751028,0
751029,0
751030,0
751031,0
751032,0
751033,0
751034,15
751035,0
751036,0
751037,7
751038,0
751039,0
751040,0
751041,0
751042,21
751043,0
751044,0
751045,0
751046,0
751047,0
751048,8
751049,0
751050,0
751051,0
751052,0
751053,0
751054,0
751055,0
751056,0
751057,0
751058,0
751059,0
751060,21
751061,0
751062,0
751063,0
751064,0
751065,12
751066,0
751067,0
751068,0
751069,0
751070,16
751071,0
751072,0
751073,0
751074,0
751075,0
751076,0
751077,0
751078,0
751079,0
751080,0
751081,0
751082,0
751083,0
751084,18
751085,0
751086,24
751087,20
751088,0
751089,0
751090,0
751091,17
751092,0
751093,0
751094,0
751095,0
751096,0
751097,0
751098,0
751099,0
751100,11
751101,0
751102,0
751103,0
751104,0
751105,12
751106,9
751107,11
751108,0
751109,9
751110,14
751111,0
751112,0
751113,0
751114,14
751115,0
751116,0
751117,0
751118,0
751119,0
751120,0
751121,0
751122,0
751123,0
751124,0
751125,0
751126,0
751127,0
751128,0
751129,0
751130,0
751131,0
751132,13
751133,0
751134,0
751135,0
751136,0
751137,0
751138,0
751139,20
751140,0
751141,0
751142,0
751143,0
751144,0
751145,0
751146,0
751147,0
751148,0
751149,0
751150,0
751151,12
751152,0
751153,7
751154,8
751155,0
751156,0
751157,0
751158,0
751159,0
751160,0
751161,0
751162,0
751163,0
751164,0
751165,7
751166,0
751167,0
751168,0
751169,0
751170,0
751171,0
751172,0
751173,14
751174,0
751175,0
751176,0
751177,0
751178,0
751179,0
751180,30
751181,0
751182,0
751183,0
751184,0
751185,0
751186,0
751187,0
751188,0
751189,17
751190,0
751191,25
751192,0
751193,0
751194,0
751195,21
751196,0
751197,0
751198,0
751199,0
751200,0
751201,26
751202,0
751203,0
751204,0
751205,0
751206,0
751207,0
751208,0
751209,0
751210,0
751211,0
751212,0
751213,0
751214,0
751215,0
751216,0
751217,13
751218,0
751219,0
751220,30
751221,0
751222,0
751223,0
751224,0
751225,0
751226,21
751227,0
751228,30
751229,12
751230,15
751231,0
751232,0
751233,0
751234,0
751235,0
751236,30
751237,0
751238,0
751239,19
751240,0
751241,0
751242,0
751243,0
751244,0
751245,0
751246,0
751247,0
751248,0
751249,0
751250,0
751251,0
751252,39
751253,0
751254,19
751255,0
751256,0
751257,0
751258,0
751259,0
751260,0
751261,0
751262,39
751263,34
751264,0
751265,35
751266,0
751267,51
751268,0
751269,30
751270,43
751271,0
751272,0
751273,35
751274,0
751275,0
751276,41
751277,39
751278,0
751279,27
751280,0
751281,0
751282,0
751283,0
751284,27
751285,0
751286,0
751287,32
751288,0
751289,0
751290,0
751291,34
751292,0
751293,45
751294,0
751295,0
751296,46
751297,0
751298,0
751299,17
751300,33
751301,42
751302,0
751303,0
751304,0
751305,0
751306,32
751307,0
751308,0
751309,0
751310,0
751311,32
751312,33
751313,0
751314,37
751315,0
751316,0
751317,0
751318,0
751319,0
751320,0
751321,0
751322,0
751323,32
751324,0
751325,0
751326,47
751327,0
751328,0
751329,0
751330,0
751331,31
751332,0
751333,0
751334,0
751335,33
751336,32
751337,29
751338,0
751339,0
751340,0
751341,42
751342,0
751343,0
751344,0
751345,0
751346,0
751347,0
751348,0
751349,0
751350,0
751351,0
751352,35
751353,0
751354,0
751355,0
751356,0
751357,0
751358,0
751359,41
751360,0
751361,0
751362,0
751363,0
751364,0
751365,0
751366,0
751367,0
751368,47
751369,27
751370,0
751371,0
751372,32
751373,0
751374,0
751375,42
751376,0
751377,0
751378,0
751379,0
751380,0
751381,0
751382,0
751383,0
751384,0
751385,0
751386,0
751387,0
751388,0
751389,32
751390,0
751391,0
751392,47
751393,0
751394,0
751395,0
751396,35
751397,0
751398,0
751399,0
751400,0
751401,37
751402,0
751403,0
751404,0
751405,0
751406,0
751407,34
751408,0
751409,0
751410,0
751411,0
751412,0
751413,0
751414,35
751415,41
751416,0
751417,26
751418,0
751419,0
751420,0
751421,39
751422,0
751423,0
751424,0
751425,35
751426,24
751427,36
751428,44
751429,36
751430,0
751431,0
751432,36
751433,40
751434,0
751435,50
751436,0
751437,0
751438,0
751439,0
751440,0
751441,0
751442,0
751443,0
751444,0
751445,0
751446,0
751447,32
751448,35
751449,0
751450,0
751451,0
751452,41
751453,0
751454,0
751455,0
751456,0
751457,0
751458,0
751459,0
751460,0
751461,38
751462,0
751463,0
751464,0
751465,0
751466,43
751467,38
751468,0
751469,35
751470,0
751471,0
751472,34
751473,0
751474,0
751475,0
751476,0
751477,0
751478,0
751479,0
751480,0
751481,0
751482,0
751483,0
751484,0
751485,0
751486,0
751487,28
751488,0
751489,0
751490,0
751491,0
751492,0
751493,0
751494,0
751495,0
751496,0
751497,0
751498,34
751499,0
751500,0
751501,0
751502,42
751503,37
751504,0
751505,0
751506,0
751507,30
751508,0
751509,32
751510,0
751511,0
751512,0
751513,0
751514,0
751515,0
751516,0
751517,0
751518,41
751519,43
751520,0
751521,0
751522,0
751523,0
751524,0
751525,0
751526,43
751527,34
751528,0
751529,0
751530,0
751531,0
751532,0
751533,0
751534,42
751535,0
751536,0
751537,0
751538,0
751539,34
751540,0
751541,0
751542,39
751543,0
751544,0
751545,0
751546,0
751547,0
751548,0
751549,0
751550,0
751551,0
751552,0
751553,0
751554,0
751555,0
751556,0
751557,0
751558,0
751559,0
751560,42
751561,0
751562,0
751563,40
751564,0
751565,32
751566,35
751567,0
751568,0
751569,0
751570,0
751571,0
751572,0
751573,41
751574,24
751575,0
751576,0
751577,0
751578,0
751579,0
751580,0
751581,0
751582,0
751583,0
751584,0
751585,0
751586,0
751587,0
751588,0
751589,0
751590,0
751591,0
751592,0
751593,0
751594,0
751595,0
751596,0
751597,0
751598,0
751599,0
751600,0
751601,0
751602,0
751603,0
751604,0
751605,0
751606,0
751607,0
751608,0
751609,0
751610,28
751611,0
751612,0
751613,0
751614,0
751615,0
751616,0
751617,0
751618,0
751619,0
751620,0
751621,0
751622,0
751623,0
751624,0
751625,11
751626,0
751627,0
751628,0
751629,0
751630,21
751631,0
751632,0
751633,0
751634,0
751635,0
751636,0
751637,0
751638,0
751639,0
751640,0
751641,0
751642,0
751643,0
751644,0
751645,0
751646,0
751647,0
751648,0
751649,0
751650,35
751651,0
751652,18
751653,25
751654,18
751655,0
751656,0
751657,0
751658,0
751659,20
751660,0
751661,0
751662,0
751663,0
751664,0
751665,0
751666,0
751667,0
751668,0
751669,0
751670,0
751671,0
751672,23
751673,0
751674,0
751675,0
751676,0
751677,0
751678,0
751679,0
751680,0
751681,0
751682,0
751683,0
751684,24
751685,0
751686,0
751687,0
751688,0
751689,0
751690,0
751691,0
751692,0
751693,0
751694,0
751695,0
751696,0
751697,0
751698,0
751699,0
751700,0
751701,0
751702,0
751703,0
751704,0
751705,0
751706,0
751707,0
751708,0
751709,0
751710,0
751711,0
751712,0
751713,26
751714,0
751715,0
751716,0
751717,0
751718,0
751719,0
751720,0
751721,0
751722,0
751723,0
751724,0
751725,0
751726,0
751727,0
751728,13
751729,0
751730,0
751731,0
751732,0
751733,6
751734,0
751735,0
751736,0
751737,0
751738,0
751739,0
751740,0
751741,0
751742,0
751743,0
751744,0
751745,0
751746,0
751747,0
751748,0
751749,0
751750,0
751751,0
751752,0
751753,0
751754,0
751755,0
751756,0
751757,0
751758,0
751759,0
751760,0
751761,0
751762,35
751763,0
751764,0
751765,0
751766,0
751767,0
751768,0
751769,0
751770,13
751771,0
751772,0
751773,0
751774,0
751775,0
751776,0
751777,0
751778,21
751779,0
751780,0
751781,0
751782,0
751783,0
751784,0
751785,0
751786,0
751787,0
751788,0
751789,0
751790,0
751791,0
751792,0
751793,0
751794,0
751795,0
751796,0
751797,0
751798,0
751799,0
751800,0
751801,0
751802,0
751803,0
751804,0
751805,0
751806,0
751807,0
751808,34
751809,0
751810,0
751811,0
751812,0
751813,0
751814,0
751815,0
751816,0
751817,23
751818,0
751819,0
751820,0
751821,0
751822,0
751823,0
751824,0
751825,0
751826,0
751827,0
751828,27
751829,0
751830,0
751831,0
751832,0
751833,0
751834,23
751835,26
751836,0
751837,27
751838,0
751839,0
751840,41
751841,0
751842,0
751843,0
751844,0
751845,0
751846,0
751847,0
751848,31
751849,0
751850,0
751851,0
751852,0
751853,0
751854,0
751855,0
751856,0
751857,0
751858,0
751859,0
751860,0
751861,35
751862,0
751863,0
751864,0
751865,0
751866,38
751867,0
751868,0
751869,0
751870,0
751871,0
751872,0
751873,0
751874,0
751875,0
751876,0
751877,0
751878,38
751879,0
751880,36
751881,0
751882,0
751883,0
751884,0
751885,0
751886,0
751887,0
751888,0
751889,0
751890,0
751891,0
751892,31
751893,0
751894,0
751895,0
751896,0
751897,0
751898,0
751899,40
751900,0
751901,0
751902,0
751903,33
751904,0
751905,0
751906,36
751907,0
751908,0
751909,0
751910,0
751911,0
751912,0
751913,0
751914,0
751915,0
751916,0
751917,0
751918,0
751919,0
751920,0
751921,0
751922,0
751923,0
751924,0
751925,29
751926,0
751927,0
751928,32
751929,0
751930,0
751931,0
751932,0
751933,0
751934,0
751935,0
751936,22
751937,0
751938,0
751939,0
751940,41
751941,0
751942,0
751943,0
751944,0
751945,0
751946,0
751947,0
751948,0
751949,0
751950,0
751951,0
751952,0
751953,0
751954,0
751955,0
751956,0
751957,0
751958,0
751959,0
751960,0
751961,0
751962,0
751963,43
751964,0
751965,0
751966,0
751967,0
751968,0
751969,0
751970,0
751971,0
751972,0
751973,0
751974,0
751975,0
751976,0
751977,0
751978,0
751979,0
751980,0
751981,0
751982,0
751983,27
751984,0
751985,0
751986,30
751987,27
751988,0
751989,0
751990,0
751991,0
751992,0
751993,0
751994,29
751995,0
751996,0
751997,25
751998,0
751999,37
752000,0
752001,0
752002,0
752003,0
752004,0
752005,0
752006,0
752007,0
752008,0
752009,0
752010,26
752011,31
752012,29
752013,0
752014,0
752015,0
752016,0
752017,0
752018,32
752019,0
752020,40
752021,0
752022,0
752023,0
752024,0
752025,0
752026,0
752027,0
752028,0
752029,0
752030,0
752031,0
752032,0
752033,0
752034,0
752035,0
752036,0
752037,0
752038,29
752039,0
752040,0
752041,0
752042,0
752043,0
752044,0
752045,33
752046,0
752047,0
752048,0
752049,28
752050,0
752051,0
752052,0
752053,0
752054,0
752055,0
752056,0
752057,0
752058,0
752059,0
752060,0
752061,47
752062,0
752063,40
752064,0
752065,0
752066,0
752067,0
752068,0
752069,0
752070,0
752071,0
752072,32
752073,0
752074,0
752075,0
752076,0
752077,0
752078,0
752079,0
752080,0
752081,28
752082,32
752083,0
752084,0
752085,0
752086,0
752087,47
752088,0
752089,0
752090,0
752091,0
752092,62
752093,0
752094,0
752095,0
752096,0
752097,0
752098,0
752099,0
752100,0
752101,0
752102,0
752103,0
752104,0
752105,0
752106,0
752107,0
752108,0
752109,0
752110,0
752111,0
752112,0
752113,0
752114,0
752115,0
752116,0
752117,47
752118,0
752119,0
752120,0
752121,0
752122,0
752123,0
752124,0
752125,0
752126,0
752127,0
752128,0
752129,0
752130,0
752131,0
752132,0
752133,0
752134,0
752135,0
752136,0
752137,37
752138,0
752139,0
752140,0
752141,0
752142,0
752143,0
752144,0
752145,0
752146,0
752147,0
752148,0
752149,38
752150,37
752151,0
752152,0
752153,0
752154,0
752155,0
752156,31
752157,31
752158,0
752159,0
752160,0
752161,0
752162,0
752163,0
752164,0
752165,0
752166,0
752167,0
752168,29
752169,0
752170,0
752171,0
752172,0
752173,0
752174,24
752175,0
752176,0
752177,0
752178,0
752179,38
752180,0
752181,32
752182,0
752183,0
752184,0
752185,0
752186,0
752187,0
752188,0
752189,0
752190,0
752191,0
752192,0
752193,0
752194,45
752195,0
752196,31
752197,0
752198,0
752199,0
752200,0
752201,0
752202,0
752203,0
752204,24
752205,0
752206,0
752207,0
752208,0
752209,0
752210,0
752211,0
752212,0
752213,23
752214,0
752215,22
752216,0
752217,0
752218,31
752219,28
752220,0
752221,0
752222,29
752223,0
752224,0
752225,0
752226,0
752227,0
752228,0
752229,0
752230,0
752231,0
752232,0
752233,0
752234,0
752235,0
752236,0
752237,0
752238,0
752239,0
752240,0
752241,0
752242,0
752243,0
752244,29
752245,0
752246,0
752247,0
752248,0
752249,0
752250,0
752251,0
752252,21
752253,0
752254,46
752255,0
752256,0
752257,0
752258,0
752259,0
752260,0
752261,0
752262,28
752263,35
752264,0
752265,0
752266,0
752267,0
752268,22
752269,0
752270,0
752271,25
752272,0
752273,0
752274,0
752275,0
752276,32
752277,0
752278,27
752279,0
752280,0
752281,0
752282,0
752283,0
752284,18
752285,0
752286,0
752287,0
752288,0
752289,39
752290,0
752291,0
752292,0
752293,0
752294,0
752295,23
752296,17
752297,0
752298,23
752299,0
752300,0
752301,36
752302,0
752303,0
752304,0
752305,0
752306,0
752307,0
752308,0
752309,0
752310,0
752311,0
752312,0
752313,0
752314,0
752315,0
752316,0
752317,27
752318,32
752319,0
752320,32
752321,0
752322,24
752323,0
752324,0
752325,0
752326,0
752327,29
752328,30
752329,0
752330,27
752331,19
752332,0
752333,0
752334,0
752335,34
752336,0
752337,0
752338,25
752339,0
752340,30
752341,20
752342,0
752343,0
752344,0
752345,0
752346,0
752347,0
752348,0
752349,0
752350,26
752351,0
752352,18
752353,30
752354,0
752355,0
752356,0
752357,40
752358,0
752359,0
752360,39
752361,0
752362,0
752363,0
752364,0
752365,0
752366,0
752367,40
752368,0
752369,40
752370,35
752371,30
752372,0
752373,0
752374,0
752375,0
752376,0
752377,0
752378,0
752379,0
752380,26
752381,26
752382,0
752383,0
752384,0
752385,0
752386,0
752387,0
752388,0
752389,32
752390,0
752391,0
752392,0
752393,24
752394,27
752395,0
752396,0
752397,0
752398,0
752399,0
752400,0
752401,0
752402,0
752403,0
752404,0
752405,41
752406,0
752407,0
752408,0
752409,28
752410,0
752411,0
752412,0
752413,0
752414,0
752415,0
752416,28
752417,0
752418,0
752419,0
752420,0
752421,0
752422,39
752423,27
752424,0
752425,0
752426,0
752427,0
752428,0
752429,0
752430,0
752431,25
752432,21
752433,36
752434,0
752435,0
752436,0
752437,0
752438,21
752439,12
752440,20
752441,0
752442,0
752443,38
752444,0
752445,0
752446,0
752447,0
752448,0
752449,0
752450,0
752451,0
752452,33
752453,25
752454,0
752455,0
752456,21
752457,0
752458,0
752459,0
752460,21
752461,0
752462,0
752463,35
752464,32
752465,0
752466,0
752467,23
752468,0
752469,47
752470,0
752471,24
752472,0
752473,0
752474,0
752475,0
752476,22
752477,0
752478,0
752479,0
752480,0
752481,0
752482,0
752483,0
752484,0
752485,0
752486,0
752487,0
752488,0
752489,0
752490,0
752491,0
752492,33
752493,0
752494,27
752495,0
752496,27
752497,0
752498,37
752499,0
752500,0
752501,0
752502,0
752503,0
752504,35
752505,22
752506,0
752507,23
752508,0
752509,0
752510,0
752511,0
752512,0
752513,0
752514,0
752515,46
752516,37
752517,0
752518,0
752519,0
752520,0
752521,29
752522,0
752523,0
752524,0
752525,0
752526,19
752527,0
752528,0
752529,42
752530,0
752531,0
752532,0
752533,0
752534,24
752535,36
752536,29
752537,0
752538,34
752539,0
752540,26
752541,0
752542,0
752543,0
752544,0
752545,30
752546,0
752547,17
752548,25
752549,0
752550,0
752551,0
752552,0
752553,37
752554,0
752555,0
752556,23
752557,0
752558,0
752559,0
752560,0
752561,0
752562,0
752563,0
752564,0
752565,0
752566,0
752567,0
752568,0
752569,31
752570,0
752571,0
752572,0
752573,0
752574,0
752575,0
752576,30
752577,0
752578,0
752579,31
752580,0
752581,0
752582,36
752583,0
752584,0
752585,0
752586,0
752587,0
752588,0
752589,31
752590,0
752591,0
752592,25
752593,27
752594,0
752595,28
752596,0
752597,0
752598,16
752599,25
752600,30
752601,0
752602,0
752603,0
752604,0
752605,19
752606,0
752607,34
752608,0
752609,0
752610,0
752611,0
752612,0
752613,0
752614,0
752615,0
752616,0
752617,34
752618,47
752619,0
752620,0
752621,35
752622,0
752623,0
752624,0
752625,0
752626,0
752627,0
752628,0
752629,0
752630,24
752631,0
752632,32
752633,29
752634,0
752635,28
752636,0
752637,0
752638,21
752639,0
752640,19
752641,0
752642,33
752643,0
752644,28
752645,28
752646,0
752647,25
752648,0
752649,0
752650,0
752651,30
752652,0
752653,32
752654,0
752655,0
752656,28
752657,0
752658,0
752659,0
752660,25
752661,38
752662,0
752663,0
752664,38
752665,0
752666,0
752667,43
752668,43
752669,26
752670,26
752671,0
752672,0
752673,0
752674,21
752675,0
752676,0
752677,0
752678,0
752679,21
752680,0
752681,33
752682,38
752683,17
752684,0
752685,24
752686,0
752687,0
752688,0
752689,34
752690,0
752691,0
752692,32
752693,0
752694,0
752695,0
752696,0
752697,20
752698,0
752699,0
752700,26
752701,0
752702,0
752703,0
752704,24
752705,0
752706,0
752707,0
752708,0
752709,0
752710,0
752711,43
752712,0
752713,0
752714,0
752715,0
752716,0
752717,0
752718,0
752719,0
752720,0
752721,0
752722,0
752723,37
752724,34
752725,0
752726,0
752727,0
752728,0
752729,39
752730,0
752731,28
752732,0
752733,36
752734,0
752735,0
752736,0
752737,0
752738,32
752739,0
752740,28
752741,0
752742,0
752743,32
752744,0
752745,0
752746,39
752747,0
752748,28
752749,0
752750,26
752751,33
752752,0
752753,0
752754,30
752755,41
752756,0
752757,39
752758,0
752759,27
752760,0
752761,0
752762,0
752763,39
752764,0
752765,0
752766,0
752767,0
752768,0
752769,0
752770,0
752771,0
752772,20
752773,0
752774,0
752775,0
752776,36
752777,28
752778,0
752779,25
752780,0
752781,29
752782,0
752783,0
752784,0
752785,0
752786,0
752787,0
752788,0
752789,0
752790,0
752791,0
752792,0
752793,0
752794,0
752795,0
752796,19
752797,41
752798,0
752799,0
752800,47
752801,9
752802,0
752803,0
752804,0
752805,0
752806,37
752807,25
752808,34
752809,0
752810,23
752811,0
752812,0
752813,39
752814,0
752815,20
752816,0
752817,34
752818,38
752819,0
752820,0
752821,21
752822,23
752823,0
752824,0
752825,0
752826,26
752827,0
752828,0
752829,0
752830,0
752831,21
752832,0
752833,0
752834,0
752835,0
752836,0
752837,0
752838,0
752839,0
752840,0
752841,0
752842,0
752843,0
752844,0
752845,26
752846,16
752847,0
752848,0
752849,0
752850,21
752851,42
752852,0
752853,40
752854,29
752855,0
752856,0
752857,0
752858,0
752859,0
752860,0
752861,0
752862,30
752863,0
752864,31
752865,0
752866,0
752867,0
752868,0
752869,0
752870,0
752871,0
752872,0
752873,0
752874,0
752875,0
752876,0
752877,43
752878,17
752879,0
752880,0
752881,0
752882,0
752883,33
752884,0
752885,0
752886,26
752887,0
752888,0
752889,24
752890,0
752891,0
752892,0
752893,0
752894,0
752895,41
752896,23
752897,0
752898,0
752899,0
752900,0
752901,0
752902,0
752903,0
752904,17
752905,0
752906,0
752907,39
752908,0
752909,0
752910,0
752911,0
752912,26
752913,22
752914,0
752915,0
752916,0
752917,0
752918,0
752919,0
752920,0
752921,0
752922,0
752923,0
752924,29
752925,0
752926,0
752927,19
752928,26
752929,26
752930,0
752931,0
752932,22
752933,0
752934,0
752935,0
752936,0
752937,0
752938,35
752939,36
752940,30
752941,0
752942,0
752943,0
752944,0
752945,30
752946,0
752947,18
752948,0
752949,0
752950,12
752951,0
752952,0
752953,0
752954,0
752955,24
752956,0
752957,17
752958,39
752959,0
752960,0
752961,0
752962,0
752963,0
752964,17
752965,0
752966,36
752967,0
752968,0
752969,0
752970,0
752971,0
752972,0
752973,33
752974,0
752975,0
752976,0
752977,0
752978,0
752979,0
752980,0
752981,0
752982,20
752983,0
752984,0
752985,0
752986,0
752987,0
752988,28
752989,0
752990,0
752991,25
752992,48
752993,26
752994,32
752995,0
752996,0
752997,0
752998,0
752999,21
753000,22
753001,32
753002,0
753003,0
753004,24
753005,0
753006,38
753007,0
753008,0
753009,0
753010,0
753011,0
753012,33
753013,18
753014,0
753015,28
753016,0
753017,0
753018,0
753019,27
753020,0
753021,28
753022,0
753023,30
753024,36
753025,39
753026,0
753027,27
753028,25
753029,24
753030,0
753031,0
753032,0
753033,0
753034,30
753035,0
753036,0
753037,27
753038,26
753039,30
753040,0
753041,37
753042,17
753043,0
753044,30
753045,11
753046,0
753047,0
753048,20
753049,0
753050,0
753051,28
753052,0
753053,0
753054,0
753055,0
753056,0
753057,0
753058,14
753059,0
753060,0
753061,0
753062,0
753063,0
753064,0
753065,37
753066,29
753067,0
753068,0
753069,33
753070,38
753071,48
753072,0
753073,34
753074,0
753075,0
753076,21
753077,0
753078,20
753079,25
753080,0
753081,0
753082,0
753083,0
753084,0
753085,0
753086,0
753087,0
753088,29
753089,0
753090,0
753091,0
753092,24
753093,0
753094,0
753095,34
753096,37
753097,32
753098,0
753099,0
753100,0
753101,28
753102,0
753103,0
753104,0
753105,19
753106,33
753107,0
753108,0
753109,26
753110,0
753111,0
753112,34
753113,0
753114,26
753115,0
753116,0
753117,0
753118,0
753119,0
753120,0
753121,0
753122,0
753123,28
753124,0
753125,0
753126,0
753127,0
753128,19
753129,0
753130,0
753131,0
753132,0
753133,0
753134,31
753135,0
753136,0
753137,0
753138,0
753139,0
753140,0
753141,0
753142,39
753143,30
753144,0
753145,0
753146,27
753147,0
753148,32
753149,37
753150,35
753151,0
753152,29
753153,0
753154,0
753155,40
753156,0
753157,0
753158,0
753159,0
753160,0
753161,22
753162,0
753163,0
753164,0
753165,12
753166,0
753167,18
753168,0
753169,29
753170,0
753171,35
753172,0
753173,26
753174,37
753175,0
753176,0
753177,0
753178,17
753179,21
753180,0
753181,0
753182,0
753183,0
753184,0
753185,0
753186,31
753187,0
753188,0
753189,0
753190,0
753191,0
753192,0
753193,0
753194,20
753195,0
753196,0
753197,0
753198,31
753199,0
753200,0
753201,0
753202,0
753203,0
753204,0
753205,0
753206,0
753207,0
753208,3
753209,0
753210,0
753211,0
753212,0
753213,3
753214,0
753215,0
753216,3
753217,0
753218,0
753219,0
753220,0
753221,0
753222,0
753223,4
753224,0
753225,0
753226,0
753227,0
753228,0
753229,5
753230,0
753231,0
753232,3
753233,0
753234,0
753235,0
753236,0
753237,0
753238,0
753239,0
753240,0
753241,0
753242,3
753243,0
753244,0
753245,0
753246,0
753247,2
753248,0
753249,0
753250,0
753251,0
753252,4
753253,0
753254,0
753255,0
753256,0
753257,0
753258,0
753259,2
753260,0
753261,0
753262,0
753263,0
753264,0
753265,1
753266,0
753267,0
753268,0
753269,0
753270,0
753271,0
753272,0
753273,0
753274,5
753275,0
753276,0
753277,5
753278,0
753279,0
753280,0
753281,0
753282,0
753283,0
753284,0
753285,0
753286,0
753287,0
753288,0
753289,1
753290,0
753291,0
753292,0
753293,0
753294,0
753295,0
753296,0
753297,0
753298,0
753299,1
753300,0
753301,0
753302,4
753303,1
753304,0
753305,0
753306,4
753307,0
753308,0
753309,0
753310,0
753311,0
753312,0
753313,0
753314,0
753315,0
753316,0
753317,0
753318,0
753319,0
753320,0
753321,0
753322,0
753323,0
753324,0
753325,0
753326,0
753327,0
753328,1
753329,0
753330,0
753331,0
753332,0
753333,0
753334,0
753335,0
753336,0
753337,0
753338,0
753339,21
753340,0
753341,0
753342,0
753343,0
753344,0
753345,0
753346,0
753347,0
753348,0
753349,0
753350,0
753351,0
753352,0
753353,0
753354,20
753355,24
753356,0
753357,0
753358,0
753359,24
753360,0
753361,0
753362,0
753363,24
753364,0
753365,0
753366,15
753367,0
753368,0
753369,18
753370,0
753371,14
753372,0
753373,0
753374,29
753375,0
753376,0
753377,22
753378,0
753379,0
753380,0
753381,0
753382,0
753383,0
753384,14
753385,0
753386,15
753387,0
753388,0
753389,0
753390,0
753391,0
753392,16
753393,0
753394,0
753395,23
753396,0
753397,0
753398,0
753399,20
753400,31
753401,0
753402,0
753403,0
753404,0
753405,0
753406,0
753407,24
753408,0
753409,15
753410,0
753411,0
753412,18
753413,0
753414,27
753415,20
753416,0
753417,0
753418,0
753419,0
753420,20
753421,0
753422,0
753423,0
753424,17
753425,0
753426,13
753427,18
753428,26
753429,0
753430,0
753431,16
753432,0
753433,22
753434,0
753435,0
753436,0
753437,0
753438,31
753439,0
753440,0
753441,32
753442,0
753443,22
753444,23
753445,0
753446,17
753447,0
753448,0
753449,0
753450,0
753451,0
753452,24
753453,0
753454,24
753455,0
753456,19
753457,18
753458,0
753459,0
753460,0
753461,32
753462,0
753463,0
753464,15
753465,0
753466,17
753467,0
753468,0
753469,28
753470,17
753471,0
753472,0
753473,22
753474,17
753475,0
753476,0
753477,0
753478,0
753479,0
753480,0
753481,7
753482,0
753483,27
753484,0
753485,0
753486,0
753487,0
753488,0
753489,0
753490,0
753491,0
753492,0
753493,0
753494,0
753495,0
753496,0
753497,19
753498,0
753499,0
753500,0
753501,0
753502,0
753503,0
753504,0
753505,0
753506,31
753507,0
753508,0
753509,0
753510,25
753511,19
753512,0
753513,0
753514,21
753515,0
753516,0
753517,0
753518,0
753519,0
753520,0
753521,0
753522,0
753523,17
753524,0
753525,15
753526,0
753527,0
753528,0
753529,19
753530,0
753531,0
753532,0
753533,0
753534,10
753535,0
753536,0
753537,24
753538,0
753539,0
753540,0
753541,0
753542,0
753543,0
753544,0
753545,0
753546,0
753547,0
753548,0
753549,34
753550,0
753551,0
753552,0
753553,13
753554,0
753555,0
753556,16
753557,0
753558,0
753559,0
753560,0
753561,0
753562,0
753563,9
753564,0
753565,0
753566,21
753567,13
753568,13
753569,0
753570,17
753571,0
753572,0
753573,0
753574,18
753575,0
753576,0
753577,0
753578,0
753579,19
753580,0
753581,0
753582,0
753583,0
753584,0
753585,0
753586,0
753587,0
753588,0
753589,16
753590,0
753591,0
753592,0
753593,15
753594,0
753595,0
753596,27
753597,27
753598,0
753599,0
753600,0
753601,0
753602,0
753603,0
753604,0
753605,0
753606,0
753607,0
753608,0
753609,15
753610,20
753611,0
753612,0
753613,24
753614,0
753615,0
753616,0
753617,0
753618,0
753619,0
753620,25
753621,16
753622,0
753623,0
753624,0
753625,0
753626,0
753627,16
753628,0
753629,27
753630,0
753631,0
753632,13
753633,0
753634,24
753635,0
753636,23
753637,13
753638,0
753639,0
753640,0
753641,24
753642,0
753643,0
753644,0
753645,0
753646,0
753647,23
753648,0
753649,32
753650,15
753651,0
753652,0
753653,21
753654,0
753655,22
753656,0
753657,0
753658,0
753659,0
753660,0
753661,0
753662,0
753663,25
753664,0
753665,0
753666,0
753667,21
753668,29
753669,0
753670,0
753671,23
753672,0
753673,0
753674,0
753675,28
753676,0
753677,0
753678,34
753679,22
753680,0
753681,0
753682,0
753683,0
753684,0
753685,0
753686,0
753687,0
753688,0
753689,0
753690,0
753691,12
753692,0
753693,0
753694,0
753695,0
753696,0
753697,0
753698,0
753699,0
753700,0
753701,0
753702,16
753703,0
753704,0
753705,0
753706,0
753707,0
753708,0
753709,0
753710,0
753711,20
753712,26
753713,0
753714,0
753715,0
753716,0
753717,0
753718,0
753719,19
753720,0
753721,0
753722,0
753723,0
753724,0
753725,0
753726,0
753727,0
753728,23
753729,0
753730,0
753731,0
753732,39
753733,0
753734,20
753735,0
753736,0
753737,0
753738,0
753739,0
753740,0
753741,0
753742,0
753743,0
753744,0
753745,25
753746,0
753747,0
753748,0
753749,0
753750,0
753751,0
753752,0
753753,0
753754,14
753755,0
753756,0
753757,0
753758,0
753759,0
753760,0
753761,0
753762,21
753763,27
753764,0
753765,0
753766,22
753767,0
753768,17
753769,0
753770,17
753771,0
753772,16
753773,31
753774,20
753775,19
753776,0
753777,0
753778,22
753779,20
753780,20
753781,0
753782,18
753783,0
753784,0
753785,0
753786,0
753787,15
753788,0
753789,0
753790,0
753791,0
753792,0
753793,0
753794,0
753795,0
753796,14
753797,0
753798,0
753799,0
753800,0
753801,0
753802,31
753803,0
753804,0
753805,26
753806,0
753807,0
753808,0
753809,0
753810,0
753811,0
753812,0
753813,0
753814,25
753815,0
753816,15
753817,0
753818,0
753819,18
753820,20
753821,0
753822,0
753823,0
753824,0
753825,0
753826,21
753827,0
753828,0
753829,0
753830,0
753831,0
753832,0
753833,0
753834,22
753835,17
753836,0
753837,0
753838,17
753839,21
753840,31
753841,23
753842,0
753843,22
753844,0
753845,19
753846,0
753847,0
753848,0
753849,0
753850,13
753851,26
753852,0
753853,0
753854,13
753855,0
753856,0
753857,0
753858,0
753859,0
753860,0
753861,0
753862,0
753863,0
753864,0
753865,19
753866,0
753867,22
753868,0
753869,0
753870,0
753871,0
753872,13
753873,38
753874,25
753875,16
753876,0
753877,0
753878,0
753879,0
753880,0
753881,0
753882,0
753883,30
753884,0
753885,0
753886,0
753887,0
753888,20
753889,0
753890,0
753891,0
753892,0
753893,0
753894,0
753895,0
753896,0
753897,0
753898,0
753899,22
753900,0
753901,0
753902,0
753903,0
753904,17
753905,0
753906,0
753907,0
753908,0
753909,0
753910,0
753911,0
753912,0
753913,0
753914,16
753915,0
753916,0
753917,0
753918,0
753919,0
753920,0
753921,0
753922,0
753923,0
753924,0
753925,0
753926,0
753927,0
753928,0
753929,0
753930,26
753931,0
753932,0
753933,0
753934,29
753935,0
753936,0
753937,22
753938,20
753939,0
753940,0
753941,27
753942,0
753943,0
753944,0
753945,0
753946,0
753947,0
753948,0
753949,16
753950,0
753951,11
753952,19
753953,27
753954,0
753955,0
753956,13
753957,0
753958,0
753959,24
753960,0
753961,0
753962,0
753963,0
753964,18
753965,0
753966,0
753967,0
753968,0
753969,29
753970,0
753971,0
753972,29
753973,0
753974,0
753975,0
753976,0
753977,0
753978,0
753979,0
753980,26
753981,22
753982,0
753983,0
753984,0
753985,0
753986,0
753987,11
753988,0
753989,0
753990,0
753991,0
753992,0
753993,18
753994,21
753995,0
753996,0
753997,0
753998,0
753999,0
754000,0
754001,0
754002,0
754003,0
754004,0
754005,0
754006,35
754007,34
754008,0
754009,17
754010,0
754011,0
754012,0
754013,0
754014,0
754015,0
754016,0
754017,0
754018,0
754019,0
754020,0
754021,0
754022,19
754023,0
754024,0
754025,0
754026,0
754027,17
754028,15
754029,0
754030,0
754031,0
754032,0
754033,0
754034,0
754035,0
754036,16
754037,0
754038,0
754039,0
754040,0
754041,32
754042,0
754043,13
754044,0
754045,0
754046,0
754047,0
754048,14
754049,17
754050,0
754051,23
754052,24
754053,0
754054,0
754055,0
754056,21
754057,0
754058,0
754059,26
754060,0
754061,0
754062,20
754063,0
754064,0
754065,0
754066,0
754067,0
754068,22
754069,0
754070,0
754071,16
754072,0
754073,0
754074,0
754075,0
754076,0
754077,0
754078,22
754079,0
754080,0
754081,0
754082,0
754083,0
754084,0
754085,25
754086,32
754087,0
754088,17
754089,0
754090,16
754091,0
754092,16
754093,0
754094,0
754095,0
754096,23
754097,0
754098,0
754099,18
754100,0
754101,0
754102,0
754103,0
754104,0
754105,0
754106,0
754107,0
754108,0
754109,0
754110,0
754111,0
754112,0
754113,0
754114,0
754115,0
754116,0
754117,9
754118,0
754119,0
754120,0
754121,0
754122,0
754123,0
754124,0
754125,0
754126,0
754127,24
754128,0
754129,0
754130,0
754131,22
754132,0
754133,0
754134,19
754135,0
754136,21
754137,0
754138,0
754139,0
754140,0
754141,0
754142,0
754143,21
754144,0
754145,31
754146,0
754147,0
754148,21
754149,0
754150,0
754151,0
754152,0
754153,0
754154,0
754155,0
754156,0
754157,0
754158,0
754159,20
754160,0
754161,0
754162,0
754163,0
754164,0
754165,0
754166,0
754167,0
754168,0
754169,9
754170,0
754171,0
754172,14
754173,0
754174,0
754175,0
754176,0
754177,0
754178,0
754179,0
754180,0
754181,0
754182,0
754183,0
754184,0
754185,0
754186,24
754187,0
754188,0
754189,0
754190,0
754191,22
754192,18
754193,0
754194,0
754195,22
754196,0
754197,21
754198,0
754199,0
754200,0
754201,0
754202,0
754203,0
754204,0
754205,0
754206,0
754207,0
754208,0
754209,0
754210,21
754211,0
754212,0
754213,0
754214,0
754215,20
754216,0
754217,16
754218,0
754219,0
754220,21
754221,21
754222,0
754223,0
754224,0
754225,21
754226,0
754227,0
754228,0
754229,0
754230,0
754231,0
754232,0
754233,24
754234,0
754235,0
754236,24
754237,29
754238,0
754239,0
754240,0
754241,0
754242,0
754243,0
754244,0
754245,17
754246,0
754247,0
754248,0
754249,0
754250,18
754251,23
754252,0
754253,29
754254,0
754255,0
754256,0
754257,0
754258,0
754259,0
754260,14
754261,0
754262,0
754263,0
754264,0
754265,27
754266,0
754267,21
754268,0
754269,0
754270,26
754271,0
754272,0
754273,0
754274,20
754275,0
754276,0
754277,0
754278,28
754279,24
754280,0
754281,0
754282,0
754283,0
754284,0
754285,21
754286,0
754287,16
754288,23
754289,20
754290,30
754291,0
754292,0
754293,0
754294,0
754295,0
754296,0
754297,0
754298,0
754299,0
754300,0
754301,0
754302,0
754303,0
754304,0
754305,0
754306,0
754307,0
754308,0
754309,0
754310,32
754311,0
754312,0
754313,0
754314,0
754315,0
754316,0
754317,0
754318,0
754319,28
754320,0
754321,19
754322,18
754323,16
754324,0
754325,0
754326,0
754327,0
754328,0
754329,0
754330,0
754331,0
754332,0
754333,0
754334,0
754335,0
754336,0
754337,0
754338,0
754339,16
754340,0
754341,17
754342,0
754343,29
754344,0
754345,0
754346,0
754347,0
754348,0
754349,0
754350,0
754351,0
754352,0
754353,0
754354,11
754355,23
754356,20
754357,0
754358,0
754359,0
754360,0
754361,24
754362,7
754363,0
754364,0
754365,0
754366,20
754367,0
754368,0
754369,0
754370,0
754371,0
754372,0
754373,0
754374,18
754375,0
754376,0
754377,0
754378,0
754379,22
754380,0
754381,0
754382,0
754383,15
754384,0
754385,0
754386,0
754387,0
754388,0
754389,0
754390,20
754391,30
754392,0
754393,0
754394,0
754395,0
754396,0
754397,19
754398,0
754399,0
754400,0
754401,20
754402,24
754403,0
754404,18
754405,0
754406,25
754407,22
754408,0
754409,0
754410,21
754411,0
754412,0
754413,44
754414,19
754415,0
754416,25
754417,0
754418,22
754419,26
754420,0
754421,0
754422,0
754423,0
754424,0
754425,20
754426,26
754427,0
754428,11
754429,22
754430,13
754431,0
754432,15
754433,0
754434,0
754435,0
754436,0
754437,0
754438,0
754439,11
754440,0
754441,14
754442,18
754443,0
754444,16
754445,0
754446,7
754447,0
754448,0
754449,15
754450,0
754451,12
754452,0
754453,0
754454,35
754455,0
754456,22
754457,0
754458,0
754459,0
754460,27
754461,0
754462,0
754463,0
754464,15
754465,0
754466,0
754467,0
754468,0
754469,0
754470,0
754471,0
754472,0
754473,20
754474,0
754475,0
754476,0
754477,0
754478,0
754479,0
754480,24
754481,0
754482,32
754483,0
754484,0
754485,0
754486,0
754487,0
754488,0
754489,15
754490,25
754491,0
754492,0
754493,0
754494,20
754495,0
754496,0
754497,0
754498,0
754499,33
754500,0
754501,31
754502,0
754503,0
754504,0
754505,0
754506,0
754507,0
754508,13
754509,0
754510,17
754511,0
754512,0
754513,0
754514,0
754515,0
754516,9
754517,0
754518,13
754519,0
754520,0
754521,0
754522,0
754523,10
754524,16
754525,0
754526,0
754527,0
754528,0
754529,0
754530,0
754531,0
754532,8
754533,12
754534,21
754535,0
754536,0
754537,0
754538,0
754539,0
754540,6
754541,0
754542,0
754543,0
754544,0
754545,0
754546,0
754547,0
754548,9
754549,0
754550,0
754551,0
754552,0
754553,0
754554,0
754555,0
754556,0
754557,0
754558,0
754559,15
754560,5
754561,0
754562,0
754563,11
754564,0
754565,0
754566,0
754567,0
754568,0
754569,0
754570,0
754571,0
754572,0
754573,0
754574,0
754575,11
754576,0
754577,0
754578,0
754579,0
754580,11
754581,0
754582,0
754583,0
754584,0
754585,0
754586,0
754587,0
754588,0
754589,16
754590,0
754591,0
754592,0
754593,0
754594,0
754595,0
754596,0
754597,0
754598,17
754599,12
754600,0
754601,0
754602,0
754603,0
754604,0
754605,16
754606,7
754607,10
754608,0
754609,0
754610,0
754611,0
754612,0
754613,0
754614,11
754615,0
754616,0
754617,0
754618,0
754619,0
754620,0
754621,15
754622,0
754623,0
754624,0
754625,15
754626,0
754627,0
754628,0
754629,0
754630,0
754631,0
754632,0
754633,0
754634,0
754635,0
754636,10
754637,0
754638,17
754639,0
754640,0
754641,0
754642,0
754643,0
754644,0
754645,0
754646,16
754647,0
754648,0
754649,0
754650,11
754651,0
754652,0
754653,0
754654,14
754655,6
754656,0
754657,0
754658,0
754659,0
754660,13
754661,0
754662,20
754663,0
754664,0
754665,0
754666,0
754667,0
754668,0
754669,0
754670,0
754671,15
754672,0
754673,0
754674,0
754675,0
754676,0
754677,0
754678,0
754679,0
754680,0
754681,0
754682,12
754683,0
754684,8
754685,8
754686,0
754687,0
754688,19
754689,17
754690,0
754691,0
754692,0
754693,0
754694,0
754695,13
754696,0
754697,0
754698,0
754699,0
754700,0
754701,0
754702,10
754703,11
754704,0
754705,12
754706,21
754707,0
754708,0
754709,0
754710,0
754711,0
754712,0
754713,0
754714,0
754715,0
754716,8
754717,0
754718,0
754719,0
754720,0
754721,0
754722,0
754723,0
754724,10
754725,0
754726,0
754727,16
754728,15
754729,0
754730,0
754731,0
754732,0
754733,0
754734,15
754735,0
754736,0
754737,0
754738,0
754739,0
754740,0
754741,16
754742,25
754743,17
754744,0
754745,0
754746,0
754747,10
754748,0
754749,0
754750,0
754751,9
754752,0
754753,10
754754,0
754755,0
754756,8
754757,0
754758,0
754759,0
754760,0
754761,0
754762,0
754763,0
754764,14
754765,0
754766,0
754767,0
754768,0
754769,9
754770,0
754771,0
754772,0
754773,11
754774,11
754775,0
754776,0
754777,0
754778,0
754779,0
754780,0
754781,11
754782,0
754783,0
754784,0
754785,7
754786,0
754787,0
754788,0
754789,0
754790,9
754791,0
754792,11
754793,0
754794,8
754795,0
754796,0
754797,0
754798,0
754799,0
754800,0
754801,0
754802,0
754803,8
754804,0
754805,0
754806,19
754807,0
754808,0
754809,0
754810,0
754811,0
754812,10
754813,22
754814,0
754815,0
754816,7
754817,0
754818,7
754819,9
754820,0
754821,21
754822,0
754823,0
754824,0
754825,19
754826,0
754827,0
754828,0
754829,0
754830,0
754831,0
754832,0
754833,7
754834,0
754835,0
754836,0
754837,0
754838,0
754839,0
754840,0
754841,0
754842,0
754843,0
754844,0
754845,8
754846,0
754847,12
754848,0
754849,0
754850,10
754851,0
754852,24
754853,0
754854,0
754855,0
754856,0
754857,0
754858,22
754859,10
754860,0
754861,0
754862,0
754863,0
754864,0
754865,13
754866,0
754867,13
754868,19
754869,10
754870,12
754871,0
754872,0
754873,0
754874,0
754875,0
754876,16
754877,14
754878,11
754879,13
754880,0
754881,0
754882,0
754883,0
754884,0
754885,23
754886,0
754887,8
754888,0
754889,0
754890,0
754891,10
754892,13
754893,0
754894,0
754895,0
754896,15
754897,0
754898,0
754899,0
754900,0
754901,12
754902,0
754903,0
754904,0
754905,0
754906,0
754907,0
754908,0
754909,0
754910,0
754911,0
754912,19
754913,0
754914,0
754915,0
754916,0
754917,0
754918,14
754919,0
754920,0
754921,0
754922,0
754923,0
754924,0
754925,0
754926,0
754927,0
754928,0
754929,11
754930,0
754931,7
754932,0
754933,11
754934,0
754935,0
754936,15
754937,0
754938,0
754939,0
754940,0
754941,0
754942,0
754943,0
754944,0
754945,0
754946,0
754947,0
754948,0
754949,0
754950,0
754951,0
754952,0
754953,0
754954,0
754955,0
754956,0
754957,0
754958,0
754959,0
754960,0
754961,0
754962,0
754963,0
754964,0
754965,0
754966,0
754967,0
754968,0
754969,0
754970,0
754971,0
754972,0
754973,0
754974,0
754975,0
754976,0
754977,0
754978,0
754979,0
754980,0
754981,0
754982,0
754983,0
754984,0
754985,0
754986,0
754987,0
754988,0
754989,0
754990,0
754991,0
754992,0
754993,0
754994,0
754995,0
754996,0
754997,0
754998,0
754999,0
755000,0
755001,0
755002,0
755003,0
755004,0
755005,0
755006,0
755007,0
755008,0
755009,0
755010,0
755011,0
755012,0
755013,0
755014,0
755015,0
755016,0
755017,0
755018,0
755019,0
755020,0
755021,0
755022,0
755023,0
755024,0
755025,0
755026,0
755027,0
755028,0
755029,0
755030,0
755031,0
755032,0
755033,0
755034,0
755035,0
755036,0
755037,0
755038,0
755039,0
755040,0
755041,0
755042,0
755043,0
755044,0
755045,0
755046,0
755047,0
755048,0
755049,0
755050,0
755051,0
755052,0
755053,0
755054,0
755055,0
755056,0
755057,0
755058,0
755059,0
755060,0
755061,0
755062,0
755063,0
755064,0
755065,0
755066,0
755067,0
755068,0
755069,0
755070,0
755071,0
755072,0
755073,0
755074,0
755075,0
755076,0
755077,0
755078,0
755079,0
755080,0
755081,0
755082,0
755083,0
755084,0
755085,0
755086,0
755087,0
755088,0
755089,0
755090,0
755091,0
755092,0
755093,0
755094,0
755095,0
755096,0
755097,0
755098,0
755099,0
755100,0
755101,0
755102,0
755103,0
755104,0
755105,0
755106,0
755107,0
755108,0
755109,0
755110,0
755111,0
755112,0
755113,0
755114,0
755115,0
755116,0
755117,0
755118,0
755119,0
755120,0
755121,0
755122,0
755123,0
755124,0
755125,0
755126,0
755127,0
755128,0
755129,0
755130,0
755131,0
755132,0
755133,0
755134,0
755135,0
755136,0
755137,0
755138,0
755139,0
755140,0
755141,0
755142,0
755143,0
755144,0
755145,0
755146,0
755147,0
755148,1
755149,0
755150,0
755151,0
755152,0
755153,0
755154,0
755155,0
755156,0
755157,0
755158,0
755159,0
755160,0
755161,0
755162,0
755163,0
755164,0
755165,0
755166,0
755167,0
755168,0
755169,0
755170,0
755171,0
755172,0
755173,0
755174,0
755175,0
755176,1
755177,0
755178,0
755179,0
755180,0
755181,0
755182,0
755183,0
755184,0
755185,0
755186,0
755187,0
755188,0
755189,0
755190,0
755191,0
755192,0
755193,0
755194,0
755195,0
755196,0
755197,0
755198,0
755199,0
755200,0
755201,0
755202,0
755203,0
755204,0
755205,0
755206,0
755207,0
755208,0
755209,1
755210,0
755211,0
755212,0
755213,0
755214,0
755215,0
755216,0
755217,0
755218,0
755219,0
755220,0
755221,0
755222,0
755223,0
755224,0
755225,0
755226,0
755227,0
755228,0
755229,0
755230,0
755231,0
755232,0
755233,0
755234,0
755235,0
755236,0
755237,0
755238,0
755239,0
755240,0
755241,0
755242,0
755243,0
755244,0
755245,0
755246,0
755247,0
755248,0
755249,0
755250,0
755251,0
755252,0
755253,0
755254,0
755255,0
755256,0
755257,0
755258,0
755259,0
755260,0
755261,0
755262,0
755263,0
755264,0
755265,0
755266,0
755267,0
755268,0
755269,0
755270,0
755271,0
755272,0
755273,0
755274,0
755275,0
755276,0
755277,0
755278,0
755279,0
755280,0
755281,0
755282,0
755283,0
755284,0
755285,0
755286,0
755287,0
755288,0
755289,0
755290,0
755291,0
755292,0
755293,0
755294,0
755295,0
755296,0
755297,0
755298,0
755299,0
755300,0
755301,0
755302,0
755303,0
755304,0
755305,0
755306,0
755307,0
755308,0
755309,0
755310,0
755311,0
755312,0
755313,0
755314,0
755315,0
755316,0
755317,0
755318,0
755319,0
755320,0
755321,0
755322,0
755323,0
755324,0
755325,0
755326,0
755327,0
755328,0
755329,0
755330,0
755331,0
755332,0
755333,0
755334,0
755335,0
755336,0
755337,0
755338,0
755339,0
755340,0
755341,0
755342,0
755343,0
755344,0
755345,0
755346,0
755347,0
755348,0
755349,0
755350,0
755351,0
755352,5
755353,0
755354,0
755355,0
755356,7
755357,0
755358,0
755359,0
755360,0
755361,0
755362,6
755363,0
755364,8
755365,0
755366,0
755367,0
755368,0
755369,0
755370,0
755371,0
755372,8
755373,7
755374,0
755375,0
755376,0
755377,0
755378,0
755379,0
755380,0
755381,0
755382,0
755383,9
755384,0
755385,0
755386,0
755387,0
755388,0
755389,0
755390,0
755391,0
755392,9
755393,0
755394,0
755395,11
755396,0
755397,0
755398,7
755399,0
755400,5
755401,0
755402,0
755403,10
755404,12
755405,0
755406,0
755407,5
755408,0
755409,0
755410,0
755411,0
755412,0
755413,0
755414,0
755415,0
755416,0
755417,0
755418,0
755419,0
755420,0
755421,0
755422,0
755423,0
755424,0
755425,0
755426,0
755427,0
755428,0
755429,0
755430,0
755431,0
755432,0
755433,0
755434,0
755435,0
755436,0
755437,0
755438,0
755439,0
755440,0
755441,0
755442,0
755443,0
755444,0
755445,0
755446,0
755447,0
755448,0
755449,0
755450,0
755451,0
755452,0
755453,6
755454,0
755455,0
755456,0
755457,0
755458,0
755459,0
755460,0
755461,0
755462,0
755463,0
755464,0
755465,0
755466,0
755467,0
755468,0
755469,0
755470,2
755471,0
755472,0
755473,0
755474,0
755475,5
755476,0
755477,0
755478,0
755479,0
755480,0
755481,13
755482,0
755483,0
755484,15
755485,0
755486,0
755487,0
755488,0
755489,0
755490,0
755491,0
755492,8
755493,0
755494,0
755495,0
755496,0
755497,2
755498,0
755499,0
755500,0
755501,0
755502,0
755503,0
755504,0
755505,0
755506,0
755507,0
755508,0
755509,0
755510,0
755511,0
755512,0
755513,8
755514,2
755515,0
755516,0
755517,0
755518,0
755519,0
755520,0
755521,8
755522,0
755523,12
755524,8
755525,0
755526,0
755527,0
755528,0
755529,0
755530,0
755531,0
755532,0
755533,0
755534,0
755535,0
755536,11
755537,0
755538,11
755539,0
755540,5
755541,0
755542,0
755543,0
755544,7
755545,0
755546,0
755547,0
755548,0
755549,0
755550,0
755551,0
755552,0
755553,0
755554,0
755555,9
755556,0
755557,0
755558,0
755559,0
755560,0
755561,0
755562,0
755563,0
755564,0
755565,0
755566,0
755567,0
755568,0
755569,0
755570,0
755571,0
755572,0
755573,0
755574,0
755575,0
755576,0
755577,0
755578,0
755579,0
755580,0
755581,0
755582,0
755583,13
755584,0
755585,18
755586,0
755587,0
755588,0
755589,0
755590,0
755591,5
755592,0
755593,6
755594,0
755595,12
755596,0
755597,0
755598,0
755599,7
755600,0
755601,0
755602,9
755603,0
755604,0
755605,0
755606,0
755607,6
755608,0
755609,0
755610,0
755611,0
755612,0
755613,0
755614,0
755615,0
755616,0
755617,0
755618,0
755619,0
755620,0
755621,0
755622,0
755623,0
755624,0
755625,0
755626,0
755627,0
755628,0
755629,0
755630,0
755631,0
755632,15
755633,0
755634,0
755635,0
755636,0
755637,0
755638,14
755639,12
755640,0
755641,0
755642,0
755643,0
755644,0
755645,0
755646,0
755647,0
755648,0
755649,0
755650,0
755651,11
755652,0
755653,0
755654,0
755655,0
755656,0
755657,0
755658,7
755659,6
755660,0
755661,0
755662,0
755663,0
755664,0
755665,0
755666,0
755667,6
755668,0
755669,0
755670,0
755671,0
755672,0
755673,0
755674,0
755675,0
755676,0
755677,0
755678,14
755679,0
755680,0
755681,0
755682,0
755683,0
755684,0
755685,0
755686,0
755687,14
755688,0
755689,0
755690,0
755691,0
755692,0
755693,9
755694,13
755695,0
755696,0
755697,0
755698,0
755699,0
755700,0
755701,0
755702,10
755703,0
755704,0
755705,0
755706,0
755707,0
755708,0
755709,0
755710,0
755711,0
755712,0
755713,0
755714,0
755715,0
755716,0
755717,0
755718,10
755719,0
755720,0
755721,0
755722,0
755723,0
755724,11
755725,0
755726,0
755727,0
755728,0
755729,0
755730,0
755731,4
755732,0
755733,0
755734,0
755735,8
755736,0
755737,0
755738,0
755739,0
755740,0
755741,0
755742,0
755743,0
755744,0
755745,7
755746,0
755747,3
755748,11
755749,0
755750,0
755751,0
755752,0
755753,0
755754,0
755755,0
755756,0
755757,0
755758,0
755759,17
755760,0
755761,0
755762,0
755763,27
755764,0
755765,0
755766,0
755767,17
755768,0
755769,0
755770,0
755771,10
755772,15
755773,0
755774,0
755775,0
755776,18
755777,0
755778,0
755779,5
755780,0
755781,0
755782,0
755783,0
755784,0
755785,0
755786,3
755787,5
755788,0
755789,0
755790,0
755791,17
755792,0
755793,0
755794,0
755795,0
755796,0
755797,0
755798,0
755799,19
755800,11
755801,0
755802,0
755803,0
755804,0
755805,15
755806,0
755807,0
755808,17
755809,0
755810,0
755811,0
755812,0
755813,0
755814,7
755815,0
755816,0
755817,11
755818,0
755819,0
755820,0
755821,0
755822,10
755823,0
755824,0
755825,18
755826,0
755827,0
755828,0
755829,19
755830,0
755831,0
755832,0
755833,6
755834,0
755835,0
755836,0
755837,0
755838,0
755839,0
755840,0
755841,0
755842,14
755843,13
755844,0
755845,13
755846,0
755847,0
755848,0
755849,0
755850,0
755851,0
755852,0
755853,0
755854,0
755855,0
755856,0
755857,20
755858,0
755859,0
755860,13
755861,0
755862,0
755863,0
755864,0
755865,16
755866,0
755867,0
755868,0
755869,0
755870,0
755871,0
755872,20
755873,4
755874,0
755875,0
755876,0
755877,0
755878,0
755879,12
755880,17
755881,0
755882,0
755883,0
755884,0
755885,0
755886,0
755887,0
755888,21
755889,12
755890,0
755891,13
755892,0
755893,0
755894,0
755895,0
755896,10
755897,0
755898,0
755899,11
755900,0
755901,0
755902,0
755903,6
755904,0
755905,23
755906,16
755907,13
755908,0
755909,0
755910,0
755911,0
755912,0
755913,0
755914,0
755915,0
755916,0
755917,0
755918,0
755919,0
755920,0
755921,0
755922,11
755923,0
755924,0
755925,0
755926,0
755927,0
755928,0
755929,0
755930,0
755931,0
755932,10
755933,0
755934,0
755935,0
755936,11
755937,22
755938,0
755939,15
755940,0
755941,0
755942,11
755943,0
755944,0
755945,0
755946,0
755947,0
755948,0
755949,0
755950,0
755951,19
755952,0
755953,0
755954,0
755955,0
755956,0
755957,11
755958,42
755959,0
755960,14
755961,23
755962,36
755963,0
755964,0
755965,0
755966,0
755967,0
755968,0
755969,0
755970,0
755971,0
755972,0
755973,0
755974,0
755975,0
755976,5
755977,0
755978,0
755979,0
755980,25
755981,0
755982,0
755983,0
755984,0
755985,0
755986,0
755987,0
755988,0
755989,0
755990,0
755991,10
755992,0
755993,0
755994,0
755995,0
755996,12
755997,0
755998,0
755999,0
756000,0
756001,0
756002,6
756003,0
756004,0
756005,0
756006,25
756007,15
756008,0
756009,0
756010,0
756011,0
756012,0
756013,0
756014,9
756015,0
756016,6
756017,0
756018,5
756019,11
756020,0
756021,0
756022,14
756023,0
756024,0
756025,19
756026,0
756027,0
756028,0
756029,0
756030,0
756031,0
756032,0
756033,0
756034,0
756035,20
756036,0
756037,18
756038,0
756039,0
756040,6
756041,0
756042,0
756043,0
756044,12
756045,0
756046,0
756047,0
756048,9
756049,0
756050,0
756051,2
756052,0
756053,0
756054,0
756055,0
756056,0
756057,0
756058,0
756059,0
756060,1
756061,0
756062,0
756063,0
756064,0
756065,1
756066,0
756067,0
756068,6
756069,0
756070,0
756071,0
756072,0
756073,0
756074,0
756075,0
756076,0
756077,0
756078,1
756079,4
756080,0
756081,0
756082,0
756083,1
756084,0
756085,0
756086,0
756087,0
756088,0
756089,0
756090,0
756091,0
756092,0
756093,0
756094,3
756095,3
756096,0
756097,0
756098,6
756099,0
756100,0
756101,0
756102,0
756103,0
756104,0
756105,0
756106,0
756107,0
756108,0
756109,0
756110,0
756111,5
756112,0
756113,0
756114,2
756115,0
756116,0
756117,0
756118,0
756119,0
756120,0
756121,0
756122,0
756123,0
756124,0
756125,0
756126,0
756127,5
756128,0
756129,0
756130,0
756131,0
756132,0
756133,0
756134,0
756135,1
756136,4
756137,0
756138,0
756139,0
756140,0
756141,0
756142,0
756143,0
756144,0
756145,5
756146,0
756147,0
756148,0
756149,0
756150,0
756151,0
756152,0
756153,0
756154,0
756155,0
756156,0
756157,3
756158,0
756159,0
756160,0
756161,0
756162,2
756163,0
756164,0
756165,0
756166,0
756167,0
756168,0
756169,6
756170,3
756171,0
756172,0
756173,0
756174,0
756175,0
756176,4
756177,0
756178,0
756179,0
756180,0
756181,0
756182,0
756183,0
756184,0
756185,0
756186,0
756187,0
756188,0
756189,0
756190,0
756191,0
756192,0
756193,0
756194,2
756195,0
756196,0
756197,0
756198,0
756199,0
756200,0
756201,0
756202,0
756203,0
756204,0
756205,0
756206,4
756207,0
756208,0
756209,0
756210,3
756211,0
756212,0
756213,0
756214,0
756215,0
756216,0
756217,6
756218,0
756219,0
756220,5
756221,0
756222,0
756223,2
756224,0
756225,2
756226,0
756227,0
756228,2
756229,0
756230,0
756231,0
756232,0
756233,0
756234,0
756235,0
756236,0
756237,0
756238,0
756239,0
756240,0
756241,0
756242,0
756243,0
756244,0
756245,0
756246,5
756247,0
756248,0
756249,4
756250,0
756251,0
756252,0
756253,0
756254,0
756255,0
756256,0
756257,0
756258,0
756259,0
756260,0
756261,0
756262,0
756263,0
756264,0
756265,0
756266,3
756267,6
756268,0
756269,0
756270,0
756271,3
756272,0
756273,0
756274,0
756275,0
756276,0
756277,0
756278,0
756279,0
756280,0
756281,0
756282,0
756283,0
756284,0
756285,0
756286,2
756287,4
756288,0
756289,3
756290,0
756291,0
756292,3
756293,0
756294,0
756295,0
756296,0
756297,0
756298,0
756299,0
756300,0
756301,0
756302,0
756303,0
756304,2
756305,6
756306,0
756307,0
756308,0
756309,0
756310,0
756311,0
756312,1
756313,0
756314,3
756315,0
756316,0
756317,3
756318,0
756319,0
756320,0
756321,0
756322,0
756323,0
756324,0
756325,1
756326,0
756327,0
756328,0
756329,1
756330,0
756331,0
756332,0
756333,0
756334,0
756335,0
756336,0
756337,0
756338,0
756339,0
756340,0
756341,0
756342,0
756343,0
756344,0
756345,0
756346,0
756347,4
756348,0
756349,0
756350,0
756351,0
756352,0
756353,0
756354,0
756355,0
756356,0
756357,0
756358,0
756359,0
756360,0
756361,2
756362,0
756363,0
756364,2
756365,0
756366,0
756367,4
756368,0
756369,0
756370,0
756371,0
756372,0
756373,0
756374,0
756375,0
756376,0
756377,5
756378,3
756379,2
756380,5
756381,4
756382,0
756383,3
756384,0
756385,0
756386,0
756387,0
756388,0
756389,0
756390,0
756391,0
756392,0
756393,0
756394,0
756395,0
756396,0
756397,0
756398,0
756399,0
756400,0
756401,0
756402,0
756403,0
756404,0
756405,0
756406,0
756407,0
756408,0
756409,0
756410,0
756411,0
756412,0
756413,0
756414,0
756415,5
756416,0
756417,0
756418,0
756419,0
756420,0
756421,0
756422,0
756423,0
756424,0
756425,0
756426,0
756427,0
756428,0
756429,0
756430,0
756431,0
756432,0
756433,0
756434,0
756435,0
756436,3
756437,3
756438,3
756439,0
756440,0
756441,0
756442,0
756443,1
756444,0
756445,0
756446,0
756447,0
756448,0
756449,0
756450,0
756451,0
756452,3
756453,6
756454,0
756455,0
756456,8
756457,0
756458,4
756459,0
756460,0
756461,0
756462,0
756463,0
756464,0
756465,0
756466,0
756467,0
756468,0
756469,3
756470,0
756471,0
756472,0
756473,0
756474,0
756475,0
756476,0
756477,0
756478,0
756479,0
756480,0
756481,2
756482,0
756483,0
756484,0
756485,3
756486,5
756487,0
756488,0
756489,5
756490,0
756491,0
756492,0
756493,0
756494,0
756495,0
756496,0
756497,5
756498,0
756499,0
756500,0
756501,0
756502,0
756503,0
756504,0
756505,0
756506,0
756507,4
756508,0
756509,0
756510,0
756511,3
756512,4
756513,0
756514,5
756515,5
756516,0
756517,0
756518,3
756519,1
756520,0
756521,0
756522,0
756523,2
756524,0
756525,0
756526,0
756527,0
756528,0
756529,0
756530,0
756531,0
756532,0
756533,0
756534,3
756535,0
756536,0
756537,1
756538,0
756539,0
756540,0
756541,0
756542,0
756543,0
756544,0
756545,0
756546,0
756547,0
756548,0
756549,0
756550,1
756551,0
756552,0
756553,0
756554,0
756555,0
756556,0
756557,0
756558,4
756559,3
756560,0
756561,3
756562,0
756563,0
756564,0
756565,0
756566,0
756567,0
756568,0
756569,2
756570,0
756571,4
756572,0
756573,0
756574,0
756575,0
756576,0
756577,0
756578,0
756579,0
756580,0
756581,0
756582,4
756583,2
756584,0
756585,0
756586,0
756587,0
756588,1
756589,0
756590,0
756591,0
756592,0
756593,0
756594,0
756595,0
756596,4
756597,1
756598,0
756599,0
756600,0
756601,0
756602,0
756603,0
756604,3
756605,3
756606,0
756607,0
756608,2
756609,0
756610,0
756611,0
756612,0
756613,0
756614,0
756615,0
756616,0
756617,0
756618,0
756619,1
756620,0
756621,0
756622,4
756623,0
756624,0
756625,0
756626,2
756627,0
756628,2
756629,0
756630,0
756631,0
756632,0
756633,0
756634,0
756635,0
756636,0
756637,0
756638,0
756639,0
756640,0
756641,0
756642,0
756643,3
756644,0
756645,0
756646,0
756647,0
756648,0
756649,0
756650,0
756651,0
756652,0
756653,0
756654,0
756655,0
756656,4
756657,0
756658,0
756659,0
756660,0
756661,0
756662,0
756663,0
756664,0
756665,0
756666,0
756667,2
756668,0
756669,0
756670,0
756671,0
756672,0
756673,0
756674,0
756675,0
756676,0
756677,0
756678,0
756679,0
756680,0
756681,0
756682,0
756683,1
756684,3
756685,0
756686,0
756687,0
756688,2
756689,0
756690,0
756691,3
756692,1
756693,1
756694,0
756695,0
756696,0
756697,0
756698,0
756699,0
756700,0
756701,0
756702,0
756703,0
756704,9
756705,0
756706,0
756707,0
756708,0
756709,3
756710,2
756711,0
756712,0
756713,0
756714,0
756715,0
756716,2
756717,0
756718,0
756719,0
756720,0
756721,0
756722,0
756723,0
756724,0
756725,0
756726,0
756727,4
756728,1
756729,0
756730,0
756731,0
756732,0
756733,0
756734,0
756735,0
756736,0
756737,2
756738,0
756739,1
756740,4
756741,0
756742,0
756743,0
756744,0
756745,0
756746,0
756747,0
756748,0
756749,0
756750,0
756751,3
756752,0
756753,0
756754,0
756755,0
756756,0
756757,0
756758,2
756759,0
756760,2
756761,0
756762,0
756763,0
756764,0
756765,0
756766,0
756767,1
756768,0
756769,4
756770,0
756771,0
756772,0
756773,0
756774,0
756775,0
756776,4
756777,0
756778,0
756779,0
756780,0
756781,0
756782,0
756783,0
756784,0
756785,0
756786,4
756787,0
756788,1
756789,0
756790,0
756791,0
756792,0
756793,0
756794,0
756795,0
756796,3
756797,0
756798,0
756799,0
756800,0
756801,0
756802,0
756803,3
756804,0
756805,2
756806,3
756807,0
756808,1
756809,0
756810,0
756811,0
756812,2
756813,0
756814,0
756815,0
756816,0
756817,0
756818,0
756819,3
756820,0
756821,0
756822,0
756823,0
756824,0
756825,0
756826,0
756827,0
756828,0
756829,0
756830,0
756831,0
756832,0
756833,0
756834,0
756835,0
756836,0
756837,4
756838,0
756839,0
756840,2
756841,0
756842,0
756843,0
756844,0
756845,0
756846,0
756847,3
756848,0
756849,0
756850,1
756851,0
756852,0
756853,0
756854,0
756855,7
756856,0
756857,0
756858,0
756859,0
756860,0
756861,5
756862,0
756863,4
756864,0
756865,0
756866,0
756867,0
756868,0
756869,0
756870,0
756871,0
756872,0
756873,0
756874,0
756875,0
756876,0
756877,0
756878,0
756879,1
756880,0
756881,0
756882,0
756883,0
756884,0
756885,1
756886,0
756887,0
756888,0
756889,0
756890,0
756891,0
756892,2
756893,0
756894,0
756895,5
756896,0
756897,0
756898,0
756899,1
756900,0
756901,0
756902,4
756903,0
756904,0
756905,0
756906,0
756907,0
756908,0
756909,1
756910,0
756911,0
756912,1
756913,0
756914,3
756915,1
756916,3
756917,0
756918,0
756919,0
756920,0
756921,0
756922,0
756923,0
756924,0
756925,0
756926,0
756927,4
756928,0
756929,5
756930,0
756931,2
756932,0
756933,0
756934,1
756935,1
756936,0
756937,3
756938,0
756939,0
756940,0
756941,2
756942,4
756943,0
756944,0
756945,0
756946,0
756947,0
756948,0
756949,0
756950,0
756951,6
756952,0
756953,0
756954,0
756955,0
756956,0
756957,0
756958,0
756959,0
756960,0
756961,0
756962,0
756963,0
756964,0
756965,0
756966,0
756967,0
756968,0
756969,0
756970,0
756971,1
756972,0
756973,0
756974,3
756975,2
756976,0
756977,0
756978,0
756979,0
756980,0
756981,0
756982,0
756983,0
756984,0
756985,0
756986,0
756987,1
756988,0
756989,2
756990,0
756991,0
756992,0
756993,0
756994,5
756995,2
756996,0
756997,3
756998,0
756999,0
757000,0
757001,3
757002,0
757003,0
757004,0
757005,0
757006,4
757007,0
757008,0
757009,0
757010,0
757011,0
757012,2
757013,0
757014,2
757015,0
757016,0
757017,2
757018,0
757019,0
757020,0
757021,0
757022,1
757023,0
757024,0
757025,0
757026,0
757027,2
757028,0
757029,0
757030,0
757031,0
757032,0
757033,0
757034,0
757035,0
757036,0
757037,0
757038,0
757039,0
757040,15
757041,0
757042,14
757043,0
757044,0
757045,17
757046,0
757047,0
757048,14
757049,0
757050,0
757051,0
757052,0
757053,11
757054,0
757055,0
757056,0
757057,0
757058,0
757059,0
757060,0
757061,15
757062,0
757063,0
757064,0
757065,16
757066,0
757067,0
757068,0
757069,0
757070,0
757071,13
757072,0
757073,0
757074,0
757075,0
757076,0
757077,11
757078,0
757079,0
757080,15
757081,0
757082,6
757083,0
757084,24
757085,16
757086,0
757087,0
757088,0
757089,0
757090,0
757091,13
757092,0
757093,0
757094,0
757095,0
757096,9
757097,16
757098,0
757099,0
757100,0
757101,0
757102,13
757103,0
757104,0
757105,0
757106,0
757107,0
757108,13
757109,0
757110,0
757111,0
757112,0
757113,11
757114,0
757115,17
757116,9
757117,0
757118,0
757119,0
757120,0
757121,0
757122,0
757123,0
757124,0
757125,0
757126,14
757127,0
757128,0
757129,0
757130,0
757131,13
757132,0
757133,0
757134,0
757135,0
757136,7
757137,11
757138,13
757139,0
757140,0
757141,12
757142,0
757143,0
757144,0
757145,0
757146,0
757147,0
757148,0
757149,0
757150,0
757151,13
757152,0
757153,0
757154,0
757155,0
757156,0
757157,0
757158,0
757159,0
757160,0
757161,0
757162,0
757163,14
757164,8
757165,10
757166,0
757167,10
757168,0
757169,0
757170,0
757171,0
757172,0
757173,17
757174,0
757175,0
757176,0
757177,0
757178,9
757179,0
757180,0
757181,0
757182,0
757183,0
757184,0
757185,0
757186,18
757187,0
757188,0
757189,0
757190,0
757191,0
757192,0
757193,18
757194,0
757195,0
757196,0
757197,0
757198,0
757199,0
757200,0
757201,10
757202,0
757203,0
757204,0
757205,0
757206,0
757207,0
757208,0
757209,0
757210,0
757211,16
757212,0
757213,0
757214,0
757215,0
757216,16
757217,20
757218,10
757219,0
757220,0
757221,0
757222,14
757223,0
757224,0
757225,0
757226,0
757227,0
757228,0
757229,0
757230,0
757231,0
757232,0
757233,0
757234,0
757235,0
757236,0
757237,0
757238,0
757239,6
757240,0
757241,0
757242,13
757243,16
757244,0
757245,0
757246,0
757247,0
757248,0
757249,17
757250,10
757251,0
757252,0
757253,0
757254,0
757255,8
757256,24
757257,0
757258,10
757259,0
757260,0
757261,15
757262,0
757263,0
757264,0
757265,0
757266,0
757267,0
757268,0
757269,7
757270,0
757271,0
757272,0
757273,18
757274,0
757275,0
757276,0
757277,0
757278,0
757279,0
757280,0
757281,0
757282,0
757283,0
757284,14
757285,0
757286,0
757287,0
757288,6
757289,11
757290,0
757291,0
757292,0
757293,10
757294,0
757295,17
757296,0
757297,18
757298,0
757299,0
757300,0
757301,0
757302,0
757303,0
757304,0
757305,13
757306,0
757307,13
757308,0
757309,0
757310,0
757311,0
757312,0
757313,0
757314,0
757315,0
757316,0
757317,0
757318,0
757319,0
757320,0
757321,0
757322,0
757323,0
757324,0
757325,9
757326,0
757327,0
757328,0
757329,10
757330,0
757331,0
757332,0
757333,0
757334,0
757335,13
757336,12
757337,0
757338,0
757339,8
757340,0
757341,0
757342,8
757343,12
757344,0
757345,0
757346,0
757347,0
757348,0
757349,0
757350,0
757351,0
757352,0
757353,0
757354,0
757355,0
757356,0
757357,12
757358,11
757359,0
757360,0
757361,0
757362,0
757363,0
757364,0
757365,0
757366,0
757367,16
757368,0
757369,0
757370,17
757371,0
757372,0
757373,0
757374,0
757375,19
757376,13
757377,17
757378,0
757379,0
757380,0
757381,0
757382,10
757383,0
757384,0
757385,0
757386,0
757387,0
757388,0
757389,0
757390,0
757391,19
757392,0
757393,0
757394,0
757395,0
757396,0
757397,21
757398,0
757399,0
757400,20
757401,0
757402,0
757403,15
757404,15
757405,0
757406,0
757407,0
757408,0
757409,0
757410,0
757411,0
757412,0
757413,12
757414,0
757415,0
757416,0
757417,0
757418,0
757419,0
757420,0
757421,0
757422,0
757423,0
757424,0
757425,0
757426,25
757427,0
757428,0
757429,0
757430,15
757431,0
757432,16
757433,0
757434,0
757435,0
757436,0
757437,0
757438,0
757439,0
757440,0
757441,15
757442,8
757443,0
757444,0
757445,0
757446,0
757447,0
757448,0
757449,0
757450,0
757451,0
757452,10
757453,0
757454,0
757455,0
757456,0
757457,0
757458,0
757459,0
757460,0
757461,0
757462,0
757463,19
757464,15
757465,16
757466,0
757467,0
757468,0
757469,0
757470,0
757471,0
757472,0
757473,0
757474,0
757475,0
757476,0
757477,13
757478,0
757479,0
757480,0
757481,15
757482,0
757483,12
757484,0
757485,0
757486,0
757487,0
757488,14
757489,0
757490,8
757491,11
757492,0
757493,13
757494,0
757495,0
757496,15
757497,18
757498,0
757499,0
757500,0
757501,0
757502,0
757503,0
757504,0
757505,0
757506,0
757507,0
757508,0
757509,0
757510,0
757511,0
757512,0
757513,16
757514,0
757515,0
757516,7
757517,13
757518,0
757519,0
757520,0
757521,0
757522,0
757523,0
757524,0
757525,22
757526,19
757527,0
757528,0
757529,0
757530,16
757531,0
757532,0
757533,0
757534,0
757535,0
757536,0
757537,0
757538,0
757539,0
757540,0
757541,0
757542,17
757543,0
757544,0
757545,0
757546,0
757547,0
757548,0
757549,0
757550,0
757551,0
757552,0
757553,20
757554,0
757555,13
757556,0
757557,0
757558,0
757559,0
757560,17
757561,0
757562,13
757563,0
757564,0
757565,19
757566,18
757567,17
757568,0
757569,0
757570,0
757571,0
757572,0
757573,0
757574,8
757575,0
757576,7
757577,0
757578,0
757579,0
757580,0
757581,0
757582,0
757583,0
757584,0
757585,0
757586,0
757587,15
757588,0
757589,0
757590,0
757591,0
757592,0
757593,0
757594,15
757595,0
757596,9
757597,0
757598,0
757599,0
757600,0
757601,0
757602,0
757603,0
757604,0
757605,0
757606,0
757607,0
757608,0
757609,0
757610,0
757611,16
757612,0
757613,12
757614,0
757615,0
757616,0
757617,8
757618,9
757619,0
757620,0
757621,0
757622,0
757623,0
757624,0
757625,0
757626,0
757627,0
757628,0
757629,0
757630,0
757631,0
757632,6
757633,0
757634,0
757635,0
757636,0
757637,15
757638,0
757639,5
757640,0
757641,0
757642,0
757643,0
757644,0
757645,0
757646,0
757647,0
757648,0
757649,0
757650,0
757651,10
757652,0
757653,0
757654,0
757655,0
757656,20
757657,0
757658,0
757659,0
757660,0
757661,0
757662,0
757663,15
757664,0
757665,0
757666,0
757667,0
757668,16
757669,0
757670,0
757671,0
757672,17
757673,0
757674,0
757675,19
757676,0
757677,16
757678,0
757679,0
757680,0
757681,0
757682,0
757683,0
757684,0
757685,0
757686,42
757687,0
757688,17
757689,29
757690,0
757691,0
757692,0
757693,0
757694,34
757695,0
757696,0
757697,46
757698,0
757699,0
757700,0
757701,0
757702,0
757703,31
757704,0
757705,0
757706,29
757707,0
757708,0
757709,0
757710,0
757711,0
757712,0
757713,0
757714,0
757715,0
757716,0
757717,0
757718,0
757719,0
757720,0
757721,0
757722,29
757723,29
757724,0
757725,0
757726,0
757727,19
757728,0
757729,0
757730,21
757731,20
757732,0
757733,0
757734,0
757735,0
757736,0
757737,0
757738,0
757739,0
757740,0
757741,0
757742,0
757743,0
757744,37
757745,0
757746,0
757747,0
757748,0
757749,0
757750,0
757751,0
757752,0
757753,0
757754,0
757755,24
757756,0
757757,38
757758,0
757759,0
757760,0
757761,19
757762,0
757763,0
757764,0
757765,0
757766,0
757767,0
757768,0
757769,0
757770,0
757771,0
757772,0
757773,0
757774,0
757775,0
757776,0
757777,35
757778,0
757779,0
757780,0
757781,0
757782,0
757783,0
757784,0
757785,41
757786,0
757787,0
757788,0
757789,28
757790,0
757791,0
757792,0
757793,0
757794,0
757795,20
757796,0
757797,26
757798,0
757799,0
757800,0
757801,0
757802,23
757803,0
757804,0
757805,0
757806,0
757807,0
757808,29
757809,0
757810,0
757811,31
757812,0
757813,21
757814,0
757815,53
757816,0
757817,0
757818,0
757819,0
757820,0
757821,34
757822,0
757823,0
757824,0
757825,0
757826,27
757827,0
757828,0
757829,30
757830,0
757831,4
757832,0
757833,6
757834,0
757835,0
757836,0
757837,0
757838,0
757839,0
757840,0
757841,4
757842,0
757843,0
757844,0
757845,5
757846,5
757847,0
757848,0
757849,3
757850,0
757851,5
757852,0
757853,0
757854,0
757855,0
757856,0
757857,0
757858,0
757859,0
757860,0
757861,4
757862,0
757863,0
757864,0
757865,0
757866,0
757867,6
757868,5
757869,7
757870,1
757871,0
757872,0
757873,0
757874,0
757875,0
757876,0
757877,0
757878,0
757879,0
757880,0
757881,0
757882,0
757883,3
757884,0
757885,0
757886,0
757887,0
757888,0
757889,5
757890,3
757891,0
757892,0
757893,0
757894,0
757895,0
757896,0
757897,0
757898,2
757899,0
757900,0
757901,9
757902,0
757903,0
757904,1
757905,9
757906,0
757907,0
757908,0
757909,6
757910,7
757911,0
757912,10
757913,0
757914,0
757915,6
757916,0
757917,0
757918,0
757919,0
757920,0
757921,0
757922,0
757923,0
757924,0
757925,0
757926,0
757927,0
757928,0
757929,0
757930,7
757931,0
757932,4
757933,0
757934,0
757935,0
757936,0
757937,0
757938,6
757939,4
757940,0
757941,0
757942,0
757943,0
757944,0
757945,0
757946,0
757947,0
757948,0
757949,0
757950,0
757951,0
757952,4
757953,0
757954,0
757955,0
757956,0
757957,0
757958,0
757959,0
757960,5
757961,0
757962,0
757963,7
757964,4
757965,0
757966,0
757967,6
757968,0
757969,0
757970,0
757971,4
757972,8
757973,4
757974,0
757975,0
757976,3
757977,0
757978,9
757979,0
757980,8
757981,0
757982,0
757983,3
757984,0
757985,0
757986,4
757987,0
757988,5
757989,0
757990,0
757991,0
757992,0
757993,9
757994,0
757995,0
757996,5
757997,0
757998,0
757999,0
758000,0
758001,0
758002,0
758003,0
758004,0
758005,0
758006,0
758007,0
758008,10
758009,4
758010,4
758011,2
758012,0
758013,0
758014,0
758015,0
758016,7
758017,5
758018,0
758019,0
758020,0
758021,0
758022,0
758023,5
758024,0
758025,7
758026,0
758027,0
758028,6
758029,0
758030,6
758031,0
758032,0
758033,4
758034,0
758035,0
758036,0
758037,0
758038,7
758039,0
758040,6
758041,0
758042,0
758043,0
758044,3
758045,0
758046,6
758047,0
758048,0
758049,0
758050,2
758051,0
758052,0
758053,5
758054,5
758055,3
758056,0
758057,0
758058,0
758059,0
758060,0
758061,0
758062,8
758063,0
758064,5
758065,0
758066,0
758067,14
758068,2
758069,0
758070,9
758071,11
758072,0
758073,0
758074,0
758075,0
758076,0
758077,0
758078,0
758079,0
758080,0
758081,0
758082,0
758083,0
758084,0
758085,0
758086,0
758087,0
758088,0
758089,0
758090,0
758091,0
758092,0
758093,0
758094,0
758095,0
758096,0
758097,0
758098,0
758099,0
758100,0
758101,0
758102,0
758103,0
758104,0
758105,0
758106,11
758107,0
758108,0
758109,7
758110,0
758111,0
758112,7
758113,0
758114,3
758115,0
758116,0
758117,0
758118,0
758119,9
758120,0
758121,0
758122,0
758123,0
758124,0
758125,0
758126,0
758127,4
758128,4
758129,9
758130,0
758131,1
758132,0
758133,0
758134,0
758135,2
758136,0
758137,0
758138,4
758139,2
758140,0
758141,0
758142,4
758143,0
758144,0
758145,0
758146,3
758147,0
758148,0
758149,0
758150,0
758151,0
758152,0
758153,0
758154,6
758155,0
758156,0
758157,5
758158,0
758159,0
758160,0
758161,0
758162,0
758163,0
758164,0
758165,4
758166,0
758167,4
758168,0
758169,2
758170,0
758171,0
758172,7
758173,2
758174,0
758175,0
758176,6
758177,0
758178,0
758179,0
758180,0
758181,0
758182,0
758183,0
758184,3
758185,0
758186,3
758187,0
758188,0
758189,0
758190,0
758191,0
758192,0
758193,0
758194,27
758195,0
758196,0
758197,0
758198,0
758199,0
758200,14
758201,0
758202,0
758203,0
758204,0
758205,0
758206,0
758207,0
758208,0
758209,0
758210,18
758211,0
758212,0
758213,0
758214,0
758215,0
758216,0
758217,0
758218,0
758219,13
758220,0
758221,0
758222,0
758223,0
758224,0
758225,21
758226,0
758227,0
758228,0
758229,0
758230,12
758231,28
758232,0
758233,27
758234,20
758235,0
758236,0
758237,12
758238,0
758239,0
758240,0
758241,0
758242,0
758243,27
758244,0
758245,0
758246,0
758247,0
758248,0
758249,0
758250,0
758251,0
758252,0
758253,0
758254,0
758255,0
758256,0
758257,0
758258,0
758259,0
758260,0
758261,0
758262,0
758263,0
758264,0
758265,0
758266,0
758267,0
758268,0
758269,0
758270,0
758271,21
758272,0
758273,0
758274,9
758275,21
758276,18
758277,0
758278,0
758279,0
758280,0
758281,0
758282,0
758283,0
758284,0
758285,0
758286,0
758287,0
758288,0
758289,0
758290,0
758291,0
758292,16
758293,0
758294,0
758295,0
758296,0
758297,22
758298,0
758299,0
758300,23
758301,0
758302,0
758303,0
758304,0
758305,24
758306,0
758307,0
758308,0
758309,0
758310,0
758311,0
758312,0
758313,0
758314,0
758315,0
758316,0
758317,0
758318,0
758319,30
758320,0
758321,0
758322,0
758323,0
758324,0
758325,0
758326,0
758327,0
758328,0
758329,0
758330,0
758331,9
758332,0
758333,0
758334,0
758335,0
758336,0
758337,19
758338,0
758339,0
758340,23
758341,0
758342,0
758343,0
758344,12
758345,0
758346,13
758347,0
758348,16
758349,0
758350,0
758351,0
758352,0
758353,0
758354,0
758355,0
758356,0
758357,0
758358,0
758359,0
758360,0
758361,33
758362,0
758363,0
758364,0
758365,0
758366,0
758367,0
758368,9
758369,0
758370,0
758371,0
758372,0
758373,0
758374,0
758375,0
758376,0
758377,0
758378,0
758379,0
758380,0
758381,0
758382,0
758383,0
758384,0
758385,0
758386,0
758387,0
758388,0
758389,0
758390,0
758391,0
758392,0
758393,0
758394,13
758395,15
758396,0
758397,0
758398,0
758399,0
758400,0
758401,0
758402,0
758403,0
758404,0
758405,0
758406,0
758407,0
758408,0
758409,0
758410,0
758411,0
758412,0
758413,0
758414,13
758415,21
758416,0
758417,0
758418,0
758419,0
758420,0
758421,0
758422,0
758423,0
758424,20
758425,0
758426,0
758427,0
758428,0
758429,0
758430,0
758431,0
758432,0
758433,0
758434,0
758435,0
758436,0
758437,0
758438,0
758439,0
758440,0
758441,0
758442,17
758443,0
758444,0
758445,0
758446,0
758447,0
758448,0
758449,0
758450,0
758451,0
758452,0
758453,0
758454,0
758455,0
758456,0
758457,0
758458,0
758459,21
758460,0
758461,15
758462,0
758463,0
758464,0
758465,0
758466,0
758467,20
758468,0
758469,0
758470,0
758471,20
758472,0
758473,0
758474,0
758475,0
758476,0
758477,0
758478,0
758479,0
758480,0
758481,0
758482,0
758483,0
758484,0
758485,0
758486,0
758487,0
758488,0
758489,0
758490,0
758491,0
758492,0
758493,0
758494,0
758495,0
758496,0
758497,0
758498,8
758499,0
758500,0
758501,0
758502,0
758503,13
758504,0
758505,0
758506,0
758507,0
758508,0
758509,29
758510,0
758511,7
758512,0
758513,21
758514,0
758515,0
758516,0
758517,0
758518,0
758519,0
758520,0
758521,9
758522,25
758523,0
758524,18
758525,0
758526,0
758527,0
758528,9
758529,15
758530,0
758531,29
758532,0
758533,0
758534,0
758535,0
758536,0
758537,0
758538,0
758539,0
758540,0
758541,0
758542,0
758543,0
758544,0
758545,0
758546,0
758547,23
758548,0
758549,0
758550,16
758551,16
758552,0
758553,12
758554,0
758555,0
758556,0
758557,0
758558,0
758559,0
758560,0
758561,0
758562,0
758563,21
758564,0
758565,0
758566,0
758567,0
758568,0
758569,0
758570,0
758571,19
758572,0
758573,0
758574,0
758575,0
758576,0
758577,22
758578,0
758579,0
758580,0
758581,0
758582,0
758583,0
758584,0
758585,0
758586,0
758587,0
758588,0
758589,0
758590,0
758591,0
758592,0
758593,15
758594,0
758595,0
758596,0
758597,0
758598,0
758599,0
758600,0
758601,0
758602,26
758603,0
758604,0
758605,0
758606,0
758607,0
758608,0
758609,0
758610,31
758611,0
758612,13
758613,28
758614,24
758615,0
758616,0
758617,0
758618,0
758619,0
758620,0
758621,0
758622,0
758623,0
758624,0
758625,0
758626,24
758627,0
758628,0
758629,0
758630,0
758631,0
758632,0
758633,0
758634,17
758635,0
758636,0
758637,17
758638,0
758639,24
758640,0
758641,0
758642,0
758643,0
758644,0
758645,0
758646,11
758647,0
758648,0
758649,0
758650,0
758651,0
758652,0
758653,0
758654,0
758655,0
758656,0
758657,0
758658,0
758659,0
758660,16
758661,0
758662,0
758663,0
758664,0
758665,0
758666,17
758667,0
758668,19
758669,0
758670,0
758671,26
758672,0
758673,17
758674,0
758675,0
758676,0
758677,0
758678,0
758679,0
758680,13
758681,0
758682,0
758683,0
758684,0
758685,34
758686,16
758687,0
758688,19
758689,0
758690,0
758691,0
758692,0
758693,0
758694,0
758695,0
758696,0
758697,0
758698,0
758699,0
758700,15
758701,0
758702,0
758703,0
758704,0
758705,21
758706,0
758707,0
758708,0
758709,0
758710,0
758711,0
758712,0
758713,0
758714,0
758715,0
758716,27
758717,0
758718,0
758719,0
758720,0
758721,0
758722,0
758723,0
758724,0
758725,27
758726,0
758727,0
758728,17
758729,0
758730,0
758731,0
758732,24
758733,23
758734,0
758735,0
758736,15
758737,28
758738,0
758739,0
758740,0
758741,0
758742,0
758743,0
758744,0
758745,0
758746,0
758747,0
758748,0
758749,26
758750,0
758751,19
758752,0
758753,0
758754,0
758755,0
758756,0
758757,22
758758,23
758759,0
758760,0
758761,0
758762,0
758763,0
758764,0
758765,0
758766,23
758767,0
758768,0
758769,0
758770,0
758771,0
758772,0
758773,0
758774,0
758775,0
758776,0
758777,21
758778,0
758779,0
758780,0
758781,0
758782,32
758783,21
758784,0
758785,0
758786,16
758787,0
758788,0
758789,0
758790,8
758791,0
758792,0
758793,0
758794,0
758795,0
758796,0
758797,0
758798,20
758799,0
758800,0
758801,0
758802,0
758803,0
758804,23
758805,0
758806,0
758807,29
758808,0
758809,27
758810,0
758811,0
758812,0
758813,0
758814,0
758815,0
758816,0
758817,15
758818,0
758819,0
758820,31
758821,0
758822,0
758823,0
758824,0
758825,0
758826,0
758827,0
758828,0
758829,0
758830,0
758831,0
758832,0
758833,0
758834,0
758835,0
758836,22
758837,39
758838,13
758839,12
758840,15
758841,0
758842,0
758843,0
758844,0
758845,27
758846,0
758847,0
758848,0
758849,0
758850,0
758851,0
758852,0
758853,0
758854,0
758855,0
758856,0
758857,25
758858,21
758859,0
758860,0
758861,0
758862,18
758863,18
758864,0
758865,0
758866,0
758867,0
758868,0
758869,0
758870,29
758871,0
758872,0
758873,0
758874,0
758875,0
758876,0
758877,0
758878,0
758879,0
758880,0
758881,0
758882,0
758883,0
758884,0
758885,0
758886,0
758887,0
758888,0
758889,0
758890,0
758891,0
758892,19
758893,0
758894,0
758895,0
758896,0
758897,20
758898,0
758899,0
758900,0
758901,0
758902,13
758903,0
758904,30
758905,0
758906,27
758907,0
758908,0
758909,0
758910,0
758911,0
758912,0
758913,0
758914,0
758915,0
758916,0
758917,0
758918,0
758919,0
758920,0
758921,0
758922,0
758923,0
758924,0
758925,0
758926,0
758927,0
758928,0
758929,0
758930,0
758931,0
758932,0
758933,0
758934,0
758935,25
758936,0
758937,0
758938,10
758939,22
758940,0
758941,0
758942,0
758943,23
758944,11
758945,0
758946,0
758947,0
758948,0
758949,0
758950,0
758951,15
758952,0
758953,0
758954,0
758955,0
758956,0
758957,0
758958,0
758959,0
758960,30
758961,0
758962,0
758963,0
758964,19
758965,0
758966,0
758967,15
758968,0
758969,0
758970,0
758971,0
758972,0
758973,0
758974,0
758975,0
758976,24
758977,0
758978,0
758979,0
758980,0
758981,0
758982,0
758983,0
758984,23
758985,28
758986,0
758987,0
758988,25
758989,0
758990,0
758991,0
758992,0
758993,0
758994,17
758995,0
758996,11
758997,0
758998,26
758999,0
759000,0
759001,22
759002,0
759003,0
759004,9
759005,0
759006,0
759007,0
759008,0
759009,0
759010,0
759011,0
759012,0
759013,0
759014,0
759015,0
759016,22
759017,21
759018,0
759019,0
759020,0
759021,0
759022,0
759023,0
759024,0
759025,0
759026,22
759027,0
759028,0
759029,0
759030,0
759031,13
759032,0
759033,0
759034,0
759035,17
759036,0
759037,0
759038,0
759039,16
759040,0
759041,0
759042,0
759043,20
759044,0
759045,0
759046,0
759047,0
759048,0
759049,19
759050,0
759051,20
759052,35
759053,0
759054,0
759055,0
759056,0
759057,0
759058,0
759059,0
759060,0
759061,0
759062,0
759063,21
759064,0
759065,0
759066,0
759067,0
759068,0
759069,17
759070,0
759071,0
759072,0
759073,0
759074,15
759075,0
759076,0
759077,0
759078,0
759079,0
759080,0
759081,0
759082,0
759083,0
759084,0
759085,0
759086,0
759087,0
759088,0
759089,0
759090,0
759091,0
759092,0
759093,0
759094,0
759095,0
759096,0
759097,0
759098,0
759099,0
759100,0
759101,0
759102,0
759103,0
759104,0
759105,0
759106,0
759107,0
759108,0
759109,0
759110,0
759111,0
759112,0
759113,0
759114,0
759115,0
759116,0
759117,0
759118,0
759119,0
759120,0
759121,0
759122,0
759123,0
759124,0
759125,0
759126,0
759127,0
759128,0
759129,0
759130,0
759131,0
759132,0
759133,0
759134,0
759135,0
759136,0
759137,0
759138,0
759139,0
759140,0
759141,0
759142,0
759143,0
759144,0
759145,0
759146,0
759147,0
759148,0
759149,0
759150,0
759151,0
759152,0
759153,0
759154,0
759155,0
759156,0
759157,0
759158,0
759159,0
759160,0
759161,0
759162,0
759163,0
759164,0
759165,0
759166,0
759167,0
759168,0
759169,0
759170,0
759171,0
759172,0
759173,0
759174,0
759175,1
759176,0
759177,0
759178,0
759179,0
759180,0
759181,0
759182,0
759183,0
759184,0
759185,0
759186,0
759187,0
759188,0
759189,0
759190,0
759191,0
759192,0
759193,0
759194,0
759195,0
759196,0
759197,0
759198,0
759199,0
759200,0
759201,0
759202,0
759203,0
759204,0
759205,0
759206,0
759207,0
759208,0
759209,0
759210,0
759211,0
759212,0
759213,1
759214,0
759215,0
759216,0
759217,0
759218,0
759219,0
759220,0
759221,0
759222,0
759223,0
759224,0
759225,0
759226,0
759227,0
759228,0
759229,0
759230,0
759231,0
759232,0
759233,0
759234,0
759235,0
759236,0
759237,0
759238,0
759239,0
759240,0
759241,0
759242,0
759243,0
759244,0
759245,0
759246,0
759247,0
759248,1
759249,0
759250,0
759251,0
759252,0
759253,0
759254,0
759255,0
759256,0
759257,0
759258,0
759259,0
759260,0
759261,0
759262,0
759263,0
759264,0
759265,0
759266,0
759267,0
759268,0
759269,0
759270,0
759271,0
759272,0
759273,0
759274,0
759275,0
759276,0
759277,0
759278,0
759279,0
759280,0
759281,0
759282,0
759283,0
759284,0
759285,0
759286,0
759287,0
759288,0
759289,0
759290,0
759291,0
759292,0
759293,0
759294,0
759295,0
759296,0
759297,0
759298,0
759299,0
759300,0
759301,0
759302,0
759303,0
759304,0
759305,0
759306,0
759307,0
759308,0
759309,1
759310,0
759311,0
759312,0
759313,0
759314,0
759315,0
759316,0
759317,0
759318,0
759319,0
759320,0
759321,0
759322,0
759323,0
759324,0
759325,0
759326,0
759327,0
759328,0
759329,0
759330,0
759331,0
759332,0
759333,0
759334,0
759335,0
759336,0
759337,0
759338,0
759339,0
759340,0
759341,0
759342,0
759343,0
759344,0
759345,0
759346,0
759347,0
759348,0
759349,0
759350,0
759351,0
759352,0
759353,0
759354,0
759355,0
759356,0
759357,0
759358,0
759359,0
759360,0
759361,0
759362,0
759363,0
759364,0
759365,0
759366,0
759367,0
759368,0
759369,0
759370,0
759371,0
759372,0
759373,0
759374,0
759375,0
759376,0
759377,0
759378,0
759379,0
759380,0
759381,0
759382,0
759383,0
759384,0
759385,0
759386,0
759387,0
759388,0
759389,0
759390,0
759391,0
759392,0
759393,0
759394,0
759395,0
759396,0
759397,0
759398,0
759399,0
759400,0
759401,0
759402,0
759403,0
759404,0
759405,0
759406,0
759407,0
759408,0
759409,0
759410,0
759411,0
759412,0
759413,0
759414,0
759415,0
759416,0
759417,0
759418,0
759419,0
759420,0
759421,0
759422,0
759423,0
759424,0
759425,0
759426,0
759427,0
759428,0
759429,0
759430,0
759431,0
759432,0
759433,0
759434,0
759435,0
759436,0
759437,0
759438,0
759439,0
759440,0
759441,0
759442,0
759443,0
759444,0
759445,0
759446,0
759447,0
759448,0
759449,0
759450,0
759451,0
759452,0
759453,0
759454,0
759455,0
759456,0
759457,0
759458,0
759459,0
759460,0
759461,0
759462,0
759463,0
759464,0
759465,0
759466,0
759467,0
759468,0
759469,0
759470,0
759471,0
759472,0
759473,0
759474,0
759475,0
759476,0
759477,0
759478,0
759479,0
759480,0
759481,0
759482,0
759483,0
759484,0
759485,0
759486,0
759487,0
759488,0
759489,0
759490,0
759491,0
759492,1
759493,0
759494,0
759495,0
759496,0
759497,0
759498,0
759499,0
759500,0
759501,0
759502,0
759503,0
759504,0
759505,0
759506,0
759507,0
759508,0
759509,0
759510,0
759511,0
759512,0
759513,0
759514,0
759515,0
759516,0
759517,0
759518,0
759519,0
759520,0
759521,0
759522,0
759523,0
759524,0
759525,0
759526,0
759527,0
759528,0
759529,0
759530,0
759531,0
759532,0
759533,0
759534,0
759535,0
759536,0
759537,0
759538,0
759539,0
759540,0
759541,0
759542,0
759543,0
759544,0
759545,0
759546,0
759547,0
759548,0
759549,0
759550,0
759551,0
759552,0
759553,0
759554,0
759555,0
759556,0
759557,0
759558,0
759559,0
759560,0
759561,0
759562,0
759563,1
759564,0
759565,0
759566,0
759567,0
759568,0
759569,0
759570,0
759571,0
759572,0
759573,0
759574,0
759575,0
759576,0
759577,0
759578,0
759579,0
759580,0
759581,0
759582,0
759583,0
759584,0
759585,0
759586,0
759587,0
759588,0
759589,0
759590,0
759591,0
759592,0
759593,0
759594,0
759595,0
759596,0
759597,0
759598,0
759599,0
759600,0
759601,0
759602,0
759603,0
759604,0
759605,0
759606,0
759607,0
759608,1
759609,0
759610,0
759611,0
759612,0
759613,0
759614,0
759615,0
759616,0
759617,0
759618,0
759619,0
759620,0
759621,0
759622,0
759623,0
759624,0
759625,0
759626,0
759627,0
759628,0
759629,0
759630,0
759631,0
759632,0
759633,0
759634,0
759635,0
759636,0
759637,0
759638,0
759639,0
759640,0
759641,0
759642,0
759643,0
759644,0
759645,0
759646,0
759647,0
759648,0
759649,0
759650,0
759651,0
759652,0
759653,0
759654,0
759655,0
759656,0
759657,0
759658,0
759659,0
759660,0
759661,0
759662,0
759663,0
759664,0
759665,0
759666,0
759667,0
759668,0
759669,0
759670,0
759671,0
759672,0
759673,0
759674,0
759675,0
759676,0
759677,0
759678,0
759679,0
759680,0
759681,0
759682,0
759683,0
759684,0
759685,0
759686,0
759687,0
759688,0
759689,0
759690,0
759691,0
759692,0
759693,0
759694,0
759695,0
759696,0
759697,0
759698,0
759699,0
759700,0
759701,0
759702,0
759703,0
759704,0
759705,0
759706,0
759707,0
759708,0
759709,0
759710,0
759711,0
759712,0
759713,0
759714,0
759715,0
759716,0
759717,0
759718,0
759719,0
759720,0
759721,0
759722,0
759723,0
759724,0
759725,0
759726,0
759727,0
759728,0
759729,0
759730,0
759731,0
759732,0
759733,0
759734,0
759735,0
759736,0
759737,0
759738,0
759739,0
759740,0
759741,0
759742,0
759743,0
759744,0
759745,0
759746,0
759747,0
759748,0
759749,0
759750,0
759751,0
759752,0
759753,0
759754,0
759755,0
759756,0
759757,0
759758,0
759759,0
759760,0
759761,0
759762,0
759763,0
759764,0
759765,0
759766,0
759767,0
759768,0
759769,0
759770,0
759771,0
759772,0
759773,0
759774,0
759775,0
759776,0
759777,0
759778,0
759779,1
759780,1
759781,0
759782,0
759783,0
759784,0
759785,0
759786,0
759787,0
759788,0
759789,0
759790,0
759791,0
759792,0
759793,0
759794,0
759795,0
759796,0
759797,0
759798,0
759799,1
759800,0
759801,0
759802,2
759803,0
759804,0
759805,0
759806,0
759807,0
759808,0
759809,0
759810,0
759811,0
759812,0
759813,0
759814,0
759815,0
759816,0
759817,0
759818,0
759819,0
759820,0
759821,0
759822,0
759823,0
759824,0
759825,0
759826,0
759827,0
759828,0
759829,0
759830,0
759831,0
759832,0
759833,0
759834,0
759835,0
759836,0
759837,0
759838,0
759839,0
759840,0
759841,0
759842,3
759843,0
759844,0
759845,1
759846,0
759847,0
759848,0
759849,0
759850,0
759851,0
759852,0
759853,0
759854,0
759855,0
759856,1
759857,0
759858,0
759859,0
759860,0
759861,1
759862,0
759863,0
759864,0
759865,0
759866,0
759867,0
759868,0
759869,0
759870,0
759871,0
759872,3
759873,0
759874,0
759875,2
759876,0
759877,0
759878,0
759879,2
759880,0
759881,0
759882,0
759883,0
759884,1
759885,0
759886,0
759887,0
759888,0
759889,0
759890,0
759891,0
759892,0
759893,0
759894,2
759895,0
759896,0
759897,3
759898,0
759899,0
759900,0
759901,0
759902,0
759903,0
759904,0
759905,0
759906,0
759907,2
759908,0
759909,0
759910,0
759911,0
759912,0
759913,0
759914,0
759915,0
759916,0
759917,0
759918,0
759919,1
759920,0
759921,0
759922,0
759923,0
759924,0
759925,0
759926,0
759927,0
759928,0
759929,0
759930,0
759931,0
759932,0
759933,0
759934,1
759935,0
759936,0
759937,0
759938,0
759939,0
759940,4
759941,0
759942,0
759943,0
759944,0
759945,1
759946,0
759947,1
759948,0
759949,0
759950,0
759951,0
759952,0
759953,0
759954,0
759955,0
759956,0
759957,1
759958,0
759959,0
759960,0
759961,0
759962,0
759963,0
759964,0
759965,0
759966,0
759967,0
759968,0
759969,0
759970,0
759971,0
759972,6
759973,0
759974,0
759975,0
759976,0
759977,0
759978,0
759979,0
759980,0
759981,0
759982,0
759983,0
759984,0
759985,0
759986,0
759987,0
759988,0
759989,0
759990,0
759991,0
759992,0
759993,1
759994,0
759995,0
759996,0
759997,0
759998,0
759999,0
760000,0
760001,0
760002,0
760003,0
760004,0
760005,0
760006,0
760007,0
760008,0
760009,0
760010,0
760011,0
760012,0
760013,0
760014,0
760015,0
760016,0
760017,0
760018,0
760019,0
760020,0
760021,0
760022,0
760023,0
760024,0
760025,0
760026,0
760027,0
760028,0
760029,0
760030,0
760031,0
760032,0
760033,0
760034,0
760035,0
760036,0
760037,0
760038,0
760039,0
760040,0
760041,0
760042,0
760043,0
760044,0
760045,0
760046,0
760047,0
760048,0
760049,0
760050,0
760051,0
760052,0
760053,0
760054,0
760055,0
760056,0
760057,3
760058,0
760059,0
760060,0
760061,0
760062,0
760063,0
760064,0
760065,0
760066,0
760067,0
760068,0
760069,0
760070,0
760071,0
760072,0
760073,0
760074,0
760075,0
760076,0
760077,0
760078,0
760079,0
760080,0
760081,0
760082,0
760083,0
760084,0
760085,0
760086,0
760087,0
760088,0
760089,0
760090,1
760091,0
760092,0
760093,0
760094,0
760095,0
760096,0
760097,0
760098,0
760099,0
760100,0
760101,0
760102,0
760103,0
760104,0
760105,0
760106,0
760107,0
760108,0
760109,0
760110,0
760111,0
760112,0
760113,0
760114,0
760115,0
760116,0
760117,0
760118,3
760119,0
760120,0
760121,0
760122,0
760123,0
760124,0
760125,0
760126,0
760127,0
760128,0
760129,0
760130,0
760131,0
760132,0
760133,0
760134,0
760135,0
760136,0
760137,1
760138,0
760139,0
760140,0
760141,0
760142,0
760143,0
760144,0
760145,0
760146,0
760147,0
760148,0
760149,0
760150,0
760151,0
760152,0
760153,0
760154,0
760155,0
760156,0
760157,0
760158,0
760159,0
760160,6
760161,0
760162,0
760163,4
760164,0
760165,10
760166,0
760167,0
760168,0
760169,0
760170,10
760171,2
760172,13
760173,0
760174,0
760175,0
760176,0
760177,0
760178,10
760179,0
760180,0
760181,0
760182,0
760183,0
760184,0
760185,9
760186,14
760187,0
760188,0
760189,7
760190,0
760191,0
760192,0
760193,0
760194,0
760195,0
760196,0
760197,0
760198,0
760199,10
760200,8
760201,0
760202,13
760203,0
760204,0
760205,0
760206,9
760207,0
760208,0
760209,0
760210,0
760211,0
760212,0
760213,0
760214,8
760215,7
760216,0
760217,0
760218,0
760219,0
760220,0
760221,0
760222,9
760223,0
760224,0
760225,0
760226,0
760227,0
760228,0
760229,0
760230,0
760231,0
760232,0
760233,0
760234,0
760235,0
760236,0
760237,0
760238,0
760239,0
760240,0
760241,10
760242,8
760243,0
760244,13
760245,0
760246,0
760247,16
760248,0
760249,0
760250,0
760251,0
760252,0
760253,3
760254,0
760255,0
760256,0
760257,0
760258,6
760259,0
760260,12
760261,9
760262,0
760263,14
760264,0
760265,0
760266,0
760267,0
760268,8
760269,14
760270,0
760271,10
760272,0
760273,0
760274,0
760275,11
760276,5
760277,0
760278,0
760279,14
760280,11
760281,0
760282,0
760283,11
760284,0
760285,0
760286,0
760287,0
760288,0
760289,0
760290,0
760291,0
760292,11
760293,0
760294,0
760295,0
760296,0
760297,8
760298,0
760299,0
760300,0
760301,0
760302,0
760303,17
760304,0
760305,0
760306,0
760307,10
760308,13
760309,0
760310,0
760311,12
760312,0
760313,0
760314,0
760315,16
760316,0
760317,0
760318,16
760319,0
760320,0
760321,0
760322,0
760323,0
760324,0
760325,0
760326,0
760327,0
760328,0
760329,0
760330,0
760331,0
760332,0
760333,0
760334,0
760335,0
760336,0
760337,0
760338,0
760339,0
760340,3
760341,0
760342,0
760343,0
760344,9
760345,0
760346,0
760347,0
760348,10
760349,0
760350,0
760351,0
760352,7
760353,0
760354,0
760355,0
760356,0
760357,0
760358,0
760359,8
760360,0
760361,10
760362,0
760363,0
760364,0
760365,0
760366,0
760367,0
760368,0
760369,7
760370,0
760371,0
760372,0
760373,11
760374,12
760375,10
760376,0
760377,12
760378,0
760379,9
760380,0
760381,0
760382,0
760383,0
760384,0
760385,0
760386,0
760387,0
760388,0
760389,10
760390,0
760391,0
760392,0
760393,6
760394,14
760395,10
760396,10
760397,0
760398,0
760399,8
760400,11
760401,10
760402,0
760403,7
760404,0
760405,9
760406,0
760407,0
760408,0
760409,0
760410,7
760411,0
760412,0
760413,0
760414,0
760415,0
760416,13
760417,0
760418,0
760419,0
760420,12
760421,0
760422,0
760423,13
760424,0
760425,5
760426,6
760427,10
760428,8
760429,0
760430,5
760431,10
760432,0
760433,0
760434,12
760435,0
760436,0
760437,0
760438,0
760439,7
760440,6
760441,0
760442,9
760443,0
760444,0
760445,4
760446,0
760447,0
760448,0
760449,0
760450,0
760451,0
760452,0
760453,0
760454,0
760455,0
760456,0
760457,6
760458,0
760459,0
760460,0
760461,4
760462,0
760463,0
760464,7
760465,0
760466,0
760467,0
760468,10
760469,13
760470,0
760471,0
760472,0
760473,0
760474,0
760475,0
760476,0
760477,6
760478,0
760479,12
760480,0
760481,9
760482,0
760483,0
760484,0
760485,0
760486,0
760487,11
760488,0
760489,10
760490,5
760491,0
760492,0
760493,0
760494,0
760495,13
760496,6
760497,9
760498,6
760499,10
760500,8
760501,0
760502,0
760503,0
760504,0
760505,0
760506,0
760507,0
760508,0
760509,7
760510,0
760511,9
760512,0
760513,0
760514,0
760515,0
760516,12
760517,0
760518,5
760519,0
760520,0
760521,0
760522,0
760523,0
760524,0
760525,0
760526,0
760527,0
760528,0
760529,0
760530,0
760531,0
760532,10
760533,0
760534,0
760535,0
760536,0
760537,0
760538,0
760539,14
760540,0
760541,0
760542,12
760543,0
760544,9
760545,0
760546,0
760547,8
760548,4
760549,0
760550,12
760551,0
760552,0
760553,0
760554,0
760555,8
760556,0
760557,0
760558,0
760559,0
760560,0
760561,0
760562,0
760563,6
760564,0
760565,0
760566,0
760567,0
760568,0
760569,0
760570,0
760571,0
760572,9
760573,7
760574,8
760575,0
760576,0
760577,0
760578,0
760579,0
760580,16
760581,0
760582,8
760583,0
760584,0
760585,0
760586,6
760587,0
760588,0
760589,0
760590,0
760591,0
760592,0
760593,0
760594,13
760595,0
760596,10
760597,0
760598,0
760599,7
760600,0
760601,0
760602,0
760603,0
760604,0
760605,0
760606,15
760607,0
760608,0
760609,12
760610,16
760611,0
760612,0
760613,0
760614,0
760615,0
760616,12
760617,0
760618,4
760619,10
760620,0
760621,8
760622,0
760623,0
760624,0
760625,7
760626,0
760627,0
760628,0
760629,0
760630,0
760631,0
760632,0
760633,9
760634,0
760635,0
760636,0
760637,7
760638,0
760639,0
760640,0
760641,0
760642,0
760643,14
760644,0
760645,0
760646,0
760647,0
760648,12
760649,0
760650,0
760651,0
760652,13
760653,0
760654,0
760655,0
760656,0
760657,9
760658,11
760659,0
760660,0
760661,11
760662,7
760663,0
760664,0
760665,0
760666,0
760667,0
760668,0
760669,19
760670,0
760671,0
760672,0
760673,0
760674,9
760675,9
760676,0
760677,0
760678,0
760679,0
760680,11
760681,0
760682,0
760683,0
760684,0
760685,0
760686,0
760687,15
760688,0
760689,0
760690,14
760691,0
760692,5
760693,0
760694,0
760695,0
760696,0
760697,11
760698,0
760699,0
760700,0
760701,0
760702,0
760703,0
760704,0
760705,4
760706,0
760707,0
760708,0
760709,0
760710,0
760711,11
760712,0
760713,13
760714,0
760715,0
760716,0
760717,11
760718,0
760719,0
760720,0
760721,0
760722,0
760723,8
760724,0
760725,0
760726,0
760727,0
760728,0
760729,0
760730,0
760731,0
760732,4
760733,0
760734,0
760735,0
760736,0
760737,22
760738,16
760739,0
760740,0
760741,0
760742,0
760743,0
760744,0
760745,0
760746,0
760747,0
760748,0
760749,11
760750,0
760751,0
760752,0
760753,5
760754,7
760755,9
760756,0
760757,14
760758,0
760759,0
760760,0
760761,0
760762,18
760763,0
760764,0
760765,11
760766,5
760767,0
760768,0
760769,0
760770,0
760771,0
760772,0
760773,0
760774,6
760775,9
760776,0
760777,10
760778,0
760779,0
760780,0
760781,0
760782,7
760783,0
760784,0
760785,6
760786,0
760787,7
760788,0
760789,12
760790,0
760791,0
760792,0
760793,0
760794,8
760795,0
760796,0
760797,0
760798,0
760799,0
760800,0
760801,0
760802,0
760803,0
760804,0
760805,0
760806,0
760807,0
760808,0
760809,0
760810,0
760811,0
760812,13
760813,0
760814,0
760815,0
760816,9
760817,0
760818,0
760819,5
760820,0
760821,11
760822,0
760823,0
760824,0
760825,8
760826,12
760827,0
760828,17
760829,9
760830,0
760831,0
760832,0
760833,7
760834,0
760835,6
760836,12
760837,0
760838,0
760839,0
760840,13
760841,0
760842,0
760843,7
760844,0
760845,0
760846,0
760847,0
760848,0
760849,0
760850,0
760851,9
760852,0
760853,0
760854,0
760855,0
760856,0
760857,0
760858,0
760859,0
760860,0
760861,14
760862,7
760863,0
760864,0
760865,0
760866,0
760867,0
760868,0
760869,0
760870,6
760871,0
760872,0
760873,0
760874,0
760875,0
760876,0
760877,0
760878,0
760879,0
760880,12
760881,7
760882,0
760883,0
760884,13
760885,0
760886,0
760887,13
760888,0
760889,10
760890,9
760891,0
760892,0
760893,0
760894,0
760895,0
760896,9
760897,0
760898,0
760899,0
760900,0
760901,15
760902,0
760903,0
760904,0
760905,10
760906,16
760907,0
760908,0
760909,14
760910,13
760911,0
760912,0
760913,0
760914,0
760915,0
760916,0
760917,0
760918,0
760919,0
760920,12
760921,7
760922,0
760923,10
760924,0
760925,0
760926,9
760927,0
760928,0
760929,0
760930,0
760931,0
760932,0
760933,0
760934,8
760935,0
760936,0
760937,8
760938,10
760939,0
760940,11
760941,11
760942,7
760943,10
760944,0
760945,0
760946,6
760947,16
760948,0
760949,0
760950,0
760951,0
760952,0
760953,0
760954,0
760955,0
760956,7
760957,0
760958,0
760959,0
760960,0
760961,0
760962,0
760963,13
760964,0
760965,0
760966,0
760967,0
760968,0
760969,0
760970,0
760971,0
760972,10
760973,10
760974,0
760975,0
760976,0
760977,0
760978,0
760979,0
760980,10
760981,0
760982,8
760983,0
760984,0
760985,8
760986,0
760987,0
760988,0
760989,0
760990,12
760991,0
760992,0
760993,0
760994,0
760995,8
760996,0
760997,0
760998,0
760999,0
761000,0
761001,9
761002,0
761003,9
761004,0
761005,12
761006,0
761007,0
761008,0
761009,0
761010,0
761011,16
761012,0
761013,0
761014,0
761015,0
761016,0
761017,0
761018,0
761019,11
761020,0
761021,5
761022,0
761023,0
761024,0
761025,0
761026,11
761027,0
761028,0
761029,0
761030,15
761031,0
761032,0
761033,0
761034,0
761035,0
761036,0
761037,0
761038,0
761039,0
761040,0
761041,14
761042,0
761043,0
761044,0
761045,0
761046,0
761047,0
761048,7
761049,6
761050,0
761051,0
761052,0
761053,0
761054,0
761055,7
761056,0
761057,6
761058,0
761059,0
761060,0
761061,0
761062,0
761063,0
761064,0
761065,5
761066,6
761067,0
761068,0
761069,0
761070,0
761071,0
761072,0
761073,0
761074,0
761075,0
761076,0
761077,0
761078,0
761079,0
761080,0
761081,10
761082,0
761083,0
761084,9
761085,0
761086,0
761087,0
761088,5
761089,0
761090,14
761091,0
761092,0
761093,0
761094,0
761095,0
761096,5
761097,0
761098,0
761099,0
761100,0
761101,0
761102,0
761103,0
761104,1
761105,1
761106,1
761107,0
761108,0
761109,0
761110,0
761111,0
761112,0
761113,0
761114,0
761115,0
761116,0
761117,0
761118,0
761119,1
761120,0
761121,0
761122,0
761123,0
761124,0
761125,0
761126,0
761127,0
761128,0
761129,0
761130,0
761131,0
761132,0
761133,0
761134,0
761135,0
761136,0
761137,0
761138,0
761139,0
761140,0
761141,0
761142,1
761143,0
761144,0
761145,0
761146,0
761147,0
761148,0
761149,0
761150,0
761151,1
761152,0
761153,0
761154,1
761155,0
761156,0
761157,0
761158,0
761159,0
761160,0
761161,0
761162,0
761163,0
761164,2
761165,0
761166,0
761167,1
761168,0
761169,0
761170,0
761171,0
761172,1
761173,0
761174,0
761175,0
761176,0
761177,0
761178,0
761179,0
761180,0
761181,2
761182,0
761183,0
761184,0
761185,0
761186,0
761187,0
761188,0
761189,0
761190,0
761191,0
761192,1
761193,0
761194,1
761195,0
761196,0
761197,0
761198,1
761199,0
761200,0
761201,0
761202,0
761203,0
761204,0
761205,1
761206,0
761207,1
761208,0
761209,0
761210,1
761211,1
761212,0
761213,0
761214,0
761215,0
761216,1
761217,0
761218,0
761219,0
761220,0
761221,0
761222,0
761223,0
761224,0
761225,0
761226,0
761227,0
761228,0
761229,0
761230,0
761231,0
761232,0
761233,0
761234,0
761235,0
761236,0
761237,0
761238,0
761239,0
761240,0
761241,1
761242,0
761243,0
761244,0
761245,0
761246,0
761247,0
761248,1
761249,0
761250,0
761251,0
761252,0
761253,0
761254,0
761255,0
761256,0
761257,0
761258,0
761259,0
761260,0
761261,0
761262,0
761263,0
761264,0
761265,0
761266,0
761267,0
761268,1
761269,0
761270,0
761271,0
761272,0
761273,0
761274,0
761275,0
761276,0
761277,0
761278,0
761279,0
761280,0
761281,0
761282,0
761283,0
761284,0
761285,0
761286,0
761287,0
761288,0
761289,0
761290,0
761291,0
761292,0
761293,0
761294,0
761295,0
761296,0
761297,0
761298,0
761299,0
761300,0
761301,1
761302,0
761303,0
761304,0
761305,0
761306,0
761307,0
761308,39
761309,0
761310,0
761311,0
761312,0
761313,0
761314,0
761315,0
761316,0
761317,0
761318,0
761319,0
761320,0
761321,0
761322,0
761323,0
761324,0
761325,0
761326,0
761327,0
761328,0
761329,0
761330,0
761331,22
761332,0
761333,0
761334,40
761335,0
761336,0
761337,0
761338,0
761339,26
761340,0
761341,0
761342,0
761343,0
761344,0
761345,19
761346,0
761347,0
761348,0
761349,0
761350,0
761351,25
761352,0
761353,31
761354,0
761355,0
761356,0
761357,0
761358,29
761359,23
761360,0
761361,0
761362,0
761363,0
761364,0
761365,0
761366,0
761367,0
761368,0
761369,0
761370,0
761371,0
761372,39
761373,0
761374,0
761375,0
761376,0
761377,0
761378,41
761379,0
761380,0
761381,0
761382,0
761383,24
761384,0
761385,26
761386,0
761387,0
761388,0
761389,0
761390,0
761391,0
761392,0
761393,0
761394,0
761395,31
761396,0
761397,0
761398,0
761399,0
761400,0
761401,0
761402,0
761403,0
761404,17
761405,0
761406,0
761407,0
761408,19
761409,24
761410,0
761411,0
761412,0
761413,27
761414,0
761415,0
761416,0
761417,0
761418,30
761419,0
761420,0
761421,0
761422,0
761423,0
761424,0
761425,0
761426,0
761427,0
761428,0
761429,19
761430,0
761431,0
761432,0
761433,0
761434,0
761435,0
761436,21
761437,22
761438,0
761439,0
761440,0
761441,0
761442,0
761443,0
761444,0
761445,0
761446,0
761447,0
761448,0
761449,0
761450,0
761451,0
761452,0
761453,0
761454,0
761455,0
761456,0
761457,0
761458,26
761459,0
761460,0
761461,0
761462,0
761463,0
761464,0
761465,0
761466,0
761467,32
761468,0
761469,0
761470,0
761471,0
761472,0
761473,41
761474,0
761475,0
761476,0
761477,0
761478,0
761479,0
761480,0
761481,0
761482,36
761483,27
761484,0
761485,33
761486,21
761487,0
761488,0
761489,0
761490,0
761491,0
761492,0
761493,0
761494,0
761495,0
761496,0
761497,0
761498,0
761499,40
761500,0
761501,0
761502,0
761503,0
761504,0
761505,0
761506,0
761507,0
761508,0
761509,0
761510,0
761511,0
761512,0
761513,0
761514,0
761515,0
761516,34
761517,0
761518,0
761519,0
761520,25
761521,0
761522,0
761523,31
761524,0
761525,0
761526,0
761527,0
761528,0
761529,0
761530,0
761531,0
761532,0
761533,0
761534,0
761535,0
761536,0
761537,29
761538,0
761539,0
761540,21
761541,0
761542,0
761543,0
761544,0
761545,26
761546,0
761547,0
761548,0
761549,0
761550,28
761551,0
761552,0
761553,0
761554,40
761555,0
761556,0
761557,0
761558,0
761559,20
761560,0
761561,0
761562,38
761563,0
761564,0
761565,31
761566,31
761567,0
761568,0
761569,0
761570,0
761571,0
761572,0
761573,0
761574,0
761575,0
761576,0
761577,0
761578,0
761579,0
761580,0
761581,22
761582,0
761583,0
761584,0
761585,0
761586,36
761587,0
761588,0
761589,0
761590,0
761591,0
761592,0
761593,31
761594,24
761595,0
761596,0
761597,33
761598,0
761599,32
761600,0
761601,0
761602,0
761603,0
761604,37
761605,0
761606,0
761607,0
761608,0
761609,0
761610,0
761611,0
761612,40
761613,0
761614,0
761615,29
761616,0
761617,0
761618,0
761619,0
761620,0
761621,0
761622,0
761623,0
761624,0
761625,0
761626,0
761627,0
761628,0
761629,34
761630,0
761631,0
761632,0
761633,40
761634,0
761635,0
761636,0
761637,0
761638,0
761639,0
761640,0
761641,0
761642,0
761643,0
761644,0
761645,0
761646,0
761647,0
761648,0
761649,0
761650,37
761651,35
761652,0
761653,0
761654,0
761655,13
761656,0
761657,0
761658,25
761659,0
761660,0
761661,0
761662,0
761663,0
761664,0
761665,0
761666,0
761667,0
761668,0
761669,28
761670,0
761671,0
761672,24
761673,0
761674,0
761675,0
761676,0
761677,0
761678,0
761679,0
761680,0
761681,0
761682,0
761683,0
761684,0
761685,29
761686,0
761687,0
761688,18
761689,27
761690,21
761691,0
761692,0
761693,0
761694,0
761695,0
761696,0
761697,35
761698,0
761699,0
761700,0
761701,0
761702,0
761703,21
761704,0
761705,41
761706,0
761707,0
761708,20
761709,0
761710,0
761711,0
761712,0
761713,33
761714,0
761715,0
761716,0
761717,0
761718,0
761719,31
761720,0
761721,26
761722,0
761723,0
761724,37
761725,25
761726,0
761727,0
761728,0
761729,0
761730,0
761731,0
761732,0
761733,0
761734,0
761735,0
761736,35
761737,0
761738,0
761739,0
761740,0
761741,0
761742,0
761743,34
761744,0
761745,0
761746,23
761747,0
761748,0
761749,0
761750,33
761751,0
761752,0
761753,0
761754,29
761755,29
761756,0
761757,0
761758,0
761759,0
761760,0
761761,0
761762,0
761763,0
761764,0
761765,0
761766,0
761767,0
761768,0
761769,0
761770,0
761771,0
761772,0
761773,0
761774,0
761775,0
761776,0
761777,0
761778,0
761779,0
761780,0
761781,0
761782,0
761783,0
761784,0
761785,0
761786,0
761787,29
761788,0
761789,0
761790,0
761791,0
761792,0
761793,0
761794,0
761795,0
761796,0
761797,17
761798,0
761799,0
761800,0
761801,0
761802,0
761803,0
761804,0
761805,0
761806,26
761807,0
761808,0
761809,35
761810,0
761811,0
761812,0
761813,0
761814,27
761815,0
761816,0
761817,22
761818,0
761819,0
761820,0
761821,0
761822,0
761823,0
761824,0
761825,0
761826,0
761827,24
761828,0
761829,0
761830,0
761831,32
761832,0
761833,0
761834,0
761835,0
761836,0
761837,0
761838,0
761839,0
761840,40
761841,0
761842,0
761843,40
761844,0
761845,0
761846,0
761847,0
761848,0
761849,0
761850,0
761851,0
761852,20
761853,0
761854,0
761855,0
761856,0
761857,0
761858,0
761859,0
761860,0
761861,0
761862,0
761863,0
761864,0
761865,20
761866,0
761867,0
761868,0
761869,0
761870,0
761871,31
761872,0
761873,0
761874,27
761875,0
761876,0
761877,28
761878,0
761879,0
761880,0
761881,0
761882,0
761883,0
761884,0
761885,0
761886,0
761887,0
761888,0
761889,41
761890,0
761891,0
761892,0
761893,0
761894,0
761895,0
761896,0
761897,27
761898,30
761899,0
761900,28
761901,0
761902,0
761903,0
761904,0
761905,0
761906,0
761907,0
761908,29
761909,0
761910,0
761911,27
761912,0
761913,37
761914,0
761915,0
761916,0
761917,0
761918,0
761919,0
761920,0
761921,0
761922,0
761923,0
761924,0
761925,0
761926,0
761927,40
761928,43
761929,0
761930,0
761931,0
761932,27
761933,0
761934,0
761935,0
761936,0
761937,25
761938,0
761939,0
761940,0
761941,0
761942,0
761943,0
761944,0
761945,0
761946,0
761947,0
761948,0
761949,0
761950,0
761951,0
761952,25
761953,0
761954,0
761955,0
761956,0
761957,0
761958,0
761959,0
761960,0
761961,0
761962,0
761963,0
761964,0
761965,0
761966,0
761967,25
761968,0
761969,0
761970,0
761971,0
761972,0
761973,0
761974,26
761975,0
761976,0
761977,0
761978,0
761979,0
761980,0
761981,0
761982,0
761983,0
761984,0
761985,0
761986,0
761987,29
761988,0
761989,32
761990,0
761991,30
761992,0
761993,0
761994,0
761995,0
761996,0
761997,0
761998,29
761999,0
762000,26
762001,0
762002,0
762003,0
762004,0
762005,0
762006,0
762007,0
762008,20
762009,0
762010,0
762011,0
762012,23
762013,0
762014,30
762015,0
762016,0
762017,0
762018,0
762019,17
762020,37
762021,26
762022,0
762023,0
762024,0
762025,0
762026,0
762027,0
762028,0
762029,0
762030,41
762031,0
762032,0
762033,0
762034,0
762035,0
762036,34
762037,21
762038,0
762039,0
762040,35
762041,0
762042,22
762043,0
762044,0
762045,0
762046,0
762047,0
762048,0
762049,25
762050,0
762051,0
762052,23
762053,0
762054,0
762055,27
762056,0
762057,0
762058,0
762059,0
762060,46
762061,0
762062,0
762063,0
762064,0
762065,0
762066,0
762067,0
762068,37
762069,15
762070,0
762071,0
762072,0
762073,0
762074,0
762075,0
762076,0
762077,0
762078,0
762079,0
762080,0
762081,0
762082,34
762083,0
762084,0
762085,0
762086,0
762087,41
762088,28
762089,0
762090,31
762091,0
762092,0
762093,0
762094,37
762095,0
762096,0
762097,0
762098,33
762099,0
762100,30
762101,0
762102,0
762103,0
762104,0
762105,31
762106,0
762107,0
762108,0
762109,0
762110,0
762111,0
762112,0
762113,0
762114,0
762115,0
762116,0
762117,32
762118,0
762119,0
762120,0
762121,0
762122,0
762123,0
762124,0
762125,0
762126,20
762127,0
762128,32
762129,0
762130,30
762131,32
762132,0
762133,0
762134,0
762135,0
762136,0
762137,0
762138,0
762139,0
762140,0
762141,0
762142,0
762143,0
762144,27
762145,0
762146,0
762147,0
762148,0
762149,36
762150,19
762151,0
762152,0
762153,0
762154,19
762155,27
762156,39
762157,0
762158,0
762159,0
762160,0
762161,0
762162,0
762163,0
762164,0
762165,0
762166,0
762167,0
762168,0
762169,0
762170,0
762171,0
762172,30
762173,0
762174,0
762175,0
762176,0
762177,0
762178,0
762179,0
762180,0
762181,0
762182,0
762183,0
762184,22
762185,0
762186,0
762187,43
762188,0
762189,30
762190,0
762191,0
762192,0
762193,0
762194,0
762195,28
762196,27
762197,0
762198,37
762199,0
762200,0
762201,0
762202,0
762203,0
762204,0
762205,0
762206,0
762207,42
762208,0
762209,0
762210,0
762211,0
762212,0
762213,0
762214,0
762215,0
762216,0
762217,0
762218,0
762219,0
762220,0
762221,0
762222,0
762223,0
762224,0
762225,0
762226,0
762227,0
762228,0
762229,0
762230,26
762231,0
762232,0
762233,0
762234,0
762235,0
762236,0
762237,0
762238,0
762239,0
762240,0
762241,0
762242,0
762243,0
762244,26
762245,0
762246,0
762247,0
762248,0
762249,0
762250,30
762251,0
762252,0
762253,0
762254,0
762255,0
762256,0
762257,0
762258,0
762259,0
762260,0
762261,0
762262,31
762263,0
762264,0
762265,0
762266,0
762267,33
762268,31
762269,0
762270,0
762271,0
762272,0
762273,0
762274,0
762275,0
762276,0
762277,0
762278,21
762279,0
762280,0
762281,0
762282,33
762283,0
762284,0
762285,0
762286,15
762287,0
762288,0
762289,39
762290,0
762291,0
762292,0
762293,0
762294,0
762295,50
762296,31
762297,0
762298,31
762299,0
762300,0
762301,0
762302,0
762303,0
762304,28
762305,0
762306,0
762307,0
762308,0
762309,0
762310,0
762311,0
762312,0
762313,0
762314,0
762315,0
762316,0
762317,0
762318,0
762319,0
762320,0
762321,0
762322,0
762323,48
762324,0
762325,0
762326,36
762327,0
762328,24
762329,0
762330,0
762331,0
762332,0
762333,38
762334,0
762335,0
762336,23
762337,0
762338,74
762339,34
762340,0
762341,24
762342,40
762343,0
762344,0
762345,0
762346,0
762347,0
762348,0
762349,14
762350,24
762351,0
762352,34
762353,0
762354,0
762355,0
762356,0
762357,0
762358,0
762359,33
762360,0
762361,0
762362,0
762363,0
762364,0
762365,27
762366,0
762367,26
762368,0
762369,0
762370,15
762371,0
762372,0
762373,0
762374,0
762375,48
762376,0
762377,0
762378,0
762379,69
762380,0
762381,27
762382,0
762383,0
762384,0
762385,0
762386,28
762387,0
762388,49
762389,0
762390,15
762391,0
762392,0
762393,0
762394,0
762395,0
762396,48
762397,32
762398,0
762399,0
762400,0
762401,0
762402,0
762403,0
762404,0
762405,40
762406,0
762407,20
762408,0
762409,0
762410,0
762411,0
762412,36
762413,0
762414,0
762415,0
762416,0
762417,0
762418,0
762419,0
762420,0
762421,11
762422,0
762423,43
762424,57
762425,0
762426,0
762427,0
762428,0
762429,0
762430,0
762431,0
762432,35
762433,49
762434,0
762435,0
762436,0
762437,0
762438,0
762439,0
762440,37
762441,15
762442,33
762443,0
762444,73
762445,0
762446,29
762447,0
762448,0
762449,0
762450,0
762451,11
762452,0
762453,37
762454,0
762455,0
762456,23
762457,73
762458,58
762459,0
762460,0
762461,37
762462,0
762463,0
762464,11
762465,0
762466,0
762467,0
762468,35
762469,46
762470,48
762471,0
762472,0
762473,0
762474,0
762475,0
762476,0
762477,0
762478,0
762479,57
762480,0
762481,0
762482,0
762483,59
762484,0
762485,34
762486,0
762487,53
762488,0
762489,37
762490,0
762491,0
762492,0
762493,45
762494,0
762495,0
762496,0
762497,11
762498,0
762499,39
762500,0
762501,0
762502,0
762503,0
762504,0
762505,0
762506,0
762507,24
762508,0
762509,0
762510,32
762511,0
762512,0
762513,0
762514,45
762515,0
762516,0
762517,28
762518,25
762519,23
762520,22
762521,0
762522,0
762523,0
762524,0
762525,0
762526,27
762527,0
762528,0
762529,0
762530,69
762531,0
762532,0
762533,0
762534,0
762535,27
762536,0
762537,56
762538,17
762539,0
762540,0
762541,0
762542,22
762543,0
762544,20
762545,43
762546,0
762547,33
762548,0
762549,0
762550,0
762551,0
762552,23
762553,0
762554,0
762555,0
762556,0
762557,29
762558,0
762559,0
762560,0
762561,0
762562,0
762563,44
762564,0
762565,29
762566,0
762567,19
762568,0
762569,0
762570,0
762571,0
762572,29
762573,0
762574,0
762575,0
762576,41
762577,0
762578,21
762579,21
762580,0
762581,49
762582,0
762583,0
762584,22
762585,30
762586,26
762587,0
762588,0
762589,0
762590,0
762591,0
762592,0
762593,38
762594,0
762595,0
762596,0
762597,0
762598,0
762599,0
762600,0
762601,0
762602,60
762603,0
762604,0
762605,29
762606,0
762607,0
762608,23
762609,0
762610,0
762611,0
762612,0
762613,0
762614,51
762615,0
762616,0
762617,0
762618,0
762619,0
762620,28
762621,0
762622,0
762623,0
762624,0
762625,0
762626,0
762627,0
762628,0
762629,0
762630,0
762631,0
762632,0
762633,16
762634,0
762635,0
762636,0
762637,0
762638,0
762639,30
762640,0
762641,0
762642,0
762643,0
762644,0
762645,0
762646,71
762647,0
762648,0
762649,21
762650,0
762651,0
762652,0
762653,0
762654,0
762655,0
762656,22
762657,0
762658,0
762659,0
762660,0
762661,0
762662,24
762663,30
762664,0
762665,0
762666,0
762667,35
762668,36
762669,0
762670,0
762671,0
762672,0
762673,27
762674,21
762675,0
762676,0
762677,0
762678,31
762679,0
762680,0
762681,0
762682,0
762683,0
762684,0
762685,11
762686,0
762687,0
762688,0
762689,2
762690,0
762691,3
762692,0
762693,1
762694,0
762695,0
762696,0
762697,0
762698,0
762699,0
762700,0
762701,0
762702,0
762703,0
762704,0
762705,0
762706,0
762707,1
762708,1
762709,1
762710,0
762711,0
762712,0
762713,3
762714,0
762715,0
762716,1
762717,0
762718,0
762719,1
762720,0
762721,0
762722,0
762723,0
762724,0
762725,0
762726,0
762727,0
762728,0
762729,0
762730,0
762731,0
762732,3
762733,1
762734,0
762735,1
762736,0
762737,0
762738,0
762739,0
762740,0
762741,0
762742,3
762743,0
762744,0
762745,0
762746,0
762747,1
762748,0
762749,1
762750,0
762751,1
762752,0
762753,0
762754,0
762755,0
762756,1
762757,3
762758,0
762759,0
762760,0
762761,1
762762,0
762763,0
762764,0
762765,0
762766,0
762767,0
762768,0
762769,0
762770,0
762771,0
762772,0
762773,0
762774,0
762775,2
762776,4
762777,0
762778,0
762779,0
762780,0
762781,2
762782,0
762783,0
762784,0
762785,0
762786,0
762787,0
762788,0
762789,0
762790,1
762791,0
762792,0
762793,0
762794,3
762795,0
762796,0
762797,2
762798,0
762799,0
762800,0
762801,0
762802,0
762803,0
762804,2
762805,0
762806,2
762807,0
762808,0
762809,0
762810,0
762811,0
762812,6
762813,3
762814,0
762815,0
762816,1
762817,0
762818,0
762819,3
762820,0
762821,0
762822,0
762823,4
762824,0
762825,2
762826,0
762827,0
762828,0
762829,0
762830,0
762831,0
762832,0
762833,0
762834,0
762835,1
762836,0
762837,2
762838,2
762839,3
762840,0
762841,0
762842,0
762843,0
762844,0
762845,0
762846,0
762847,0
762848,0
762849,0
762850,0
762851,2
762852,0
762853,0
762854,0
762855,5
762856,2
762857,0
762858,0
762859,0
762860,3
762861,0
762862,0
762863,0
762864,0
762865,0
762866,0
762867,0
762868,0
762869,0
762870,1
762871,0
762872,0
762873,0
762874,3
762875,2
762876,0
762877,0
762878,0
762879,0
762880,0
762881,0
762882,0
762883,0
762884,0
762885,0
762886,0
762887,0
762888,0
762889,0
762890,0
762891,0
762892,0
762893,0
762894,0
762895,3
762896,0
762897,0
762898,1
762899,1
762900,0
762901,0
762902,0
762903,0
762904,0
762905,0
762906,0
762907,0
762908,0
762909,0
762910,0
762911,2
762912,2
762913,0
762914,0
762915,0
762916,0
762917,0
762918,0
762919,0
762920,0
762921,0
762922,0
762923,0
762924,0
762925,0
762926,0
762927,1
762928,1
762929,0
762930,0
762931,0
762932,0
762933,0
762934,0
762935,0
762936,0
762937,0
762938,0
762939,2
762940,0
762941,0
762942,0
762943,0
762944,0
762945,0
762946,0
762947,0
762948,0
762949,0
762950,0
762951,0
762952,0
762953,0
762954,0
762955,0
762956,0
762957,2
762958,0
762959,0
762960,0
762961,2
762962,0
762963,0
762964,0
762965,0
762966,3
762967,0
762968,0
762969,0
762970,0
762971,0
762972,1
762973,0
762974,0
762975,0
762976,3
762977,0
762978,3
762979,0
762980,0
762981,0
762982,0
762983,0
762984,1
762985,0
762986,4
762987,0
762988,2
762989,0
762990,0
762991,0
762992,0
762993,0
762994,1
762995,2
762996,0
762997,0
762998,2
762999,0
763000,0
763001,3
763002,0
763003,0
763004,0
763005,0
763006,0
763007,0
763008,0
763009,0
763010,0
763011,0
763012,0
763013,0
763014,0
763015,0
763016,2
763017,4
763018,0
763019,0
763020,2
763021,0
763022,0
763023,0
763024,0
763025,0
763026,2
763027,0
763028,0
763029,1
763030,3
763031,0
763032,2
763033,0
763034,0
763035,1
763036,0
763037,0
763038,0
763039,4
763040,0
763041,1
763042,0
763043,0
763044,0
763045,0
763046,0
763047,0
763048,0
763049,0
763050,0
763051,0
763052,1
763053,0
763054,1
763055,0
763056,0
763057,2
763058,0
763059,0
763060,0
763061,0
763062,0
763063,0
763064,0
763065,2
763066,0
763067,0
763068,0
763069,0
763070,0
763071,2
763072,0
763073,2
763074,1
763075,1
763076,3
763077,0
763078,0
763079,0
763080,0
763081,0
763082,4
763083,2
763084,0
763085,0
763086,0
763087,0
763088,1
763089,0
763090,2
763091,0
763092,0
763093,0
763094,0
763095,0
763096,0
763097,3
763098,0
763099,2
763100,0
763101,0
763102,0
763103,0
763104,0
763105,1
763106,1
763107,0
763108,0
763109,3
763110,0
763111,0
763112,0
763113,0
763114,0
763115,0
763116,0
763117,0
763118,0
763119,0
763120,1
763121,0
763122,0
763123,4
763124,0
763125,0
763126,0
763127,0
763128,2
763129,2
763130,0
763131,0
763132,0
763133,0
763134,0
763135,0
763136,2
763137,0
763138,1
763139,0
763140,0
763141,0
763142,0
763143,2
763144,4
763145,0
763146,0
763147,3
763148,3
763149,0
763150,5
763151,0
763152,2
763153,0
763154,0
763155,0
763156,0
763157,0
763158,0
763159,0
763160,0
763161,0
763162,0
763163,0
763164,0
763165,0
763166,0
763167,0
763168,2
763169,0
763170,0
763171,0
763172,0
763173,1
763174,0
763175,0
763176,2
763177,0
763178,0
763179,0
763180,0
763181,0
763182,0
763183,0
763184,2
763185,2
763186,4
763187,0
763188,0
763189,1
763190,2
763191,1
763192,0
763193,0
763194,0
763195,0
763196,0
763197,4
763198,0
763199,0
763200,0
763201,0
763202,0
763203,0
763204,0
763205,0
763206,0
763207,0
763208,0
763209,1
763210,2
763211,3
763212,0
763213,3
763214,0
763215,0
763216,0
763217,0
763218,0
763219,0
763220,0
763221,0
763222,3
763223,0
763224,0
763225,1
763226,0
763227,0
763228,0
763229,3
763230,0
763231,1
763232,3
763233,0
763234,1
763235,0
763236,2
763237,0
763238,0
763239,0
763240,0
763241,2
763242,0
763243,0
763244,0
763245,0
763246,0
763247,0
763248,0
763249,0
763250,1
763251,0
763252,0
763253,0
763254,0
763255,0
763256,0
763257,1
763258,0
763259,2
763260,0
763261,0
763262,0
763263,0
763264,0
763265,3
763266,0
763267,1
763268,0
763269,0
763270,0
763271,1
763272,3
763273,0
763274,0
763275,0
763276,0
763277,0
763278,0
763279,1
763280,0
763281,2
763282,0
763283,0
763284,0
763285,2
763286,0
763287,0
763288,0
763289,0
763290,0
763291,0
763292,0
763293,0
763294,0
763295,0
763296,0
763297,0
763298,0
763299,0
763300,5
763301,0
763302,0
763303,0
763304,0
763305,2
763306,1
763307,0
763308,2
763309,0
763310,0
763311,0
763312,0
763313,1
763314,0
763315,0
763316,2
763317,0
763318,0
763319,0
763320,0
763321,1
763322,0
763323,0
763324,0
763325,0
763326,0
763327,0
763328,3
763329,1
763330,0
763331,0
763332,2
763333,0
763334,0
763335,0
763336,0
763337,0
763338,0
763339,2
763340,0
763341,1
763342,0
763343,1
763344,0
763345,0
763346,0
763347,0
763348,0
763349,0
763350,0
763351,0
763352,0
763353,0
763354,0
763355,0
763356,0
763357,1
763358,0
763359,0
763360,0
763361,1
763362,0
763363,4
763364,0
763365,0
763366,0
763367,0
763368,0
763369,0
763370,0
763371,0
763372,0
763373,0
763374,4
763375,0
763376,0
763377,0
763378,0
763379,3
763380,0
763381,0
763382,0
763383,2
763384,0
763385,0
763386,0
763387,0
763388,0
763389,1
763390,5
763391,0
763392,3
763393,0
763394,0
763395,0
763396,0
763397,2
763398,0
763399,0
763400,0
763401,0
763402,0
763403,0
763404,0
763405,0
763406,4
763407,0
763408,0
763409,2
763410,0
763411,0
763412,0
763413,0
763414,0
763415,0
763416,0
763417,0
763418,2
763419,0
763420,0
763421,0
763422,0
763423,0
763424,0
763425,6
763426,0
763427,0
763428,0
763429,0
763430,2
763431,0
763432,0
763433,0
763434,0
763435,1
763436,3
763437,0
763438,0
763439,0
763440,3
763441,2
763442,0
763443,2
763444,0
763445,0
763446,0
763447,0
763448,0
763449,0
763450,0
763451,1
763452,2
763453,5
763454,0
763455,0
763456,0
763457,0
763458,0
763459,1
763460,0
763461,0
763462,0
763463,0
763464,0
763465,0
763466,0
763467,0
763468,0
763469,0
763470,3
763471,0
763472,0
763473,0
763474,3
763475,1
763476,0
763477,2
763478,0
763479,3
763480,2
763481,2
763482,0
763483,1
763484,1
763485,3
763486,3
763487,4
763488,0
763489,0
763490,1
763491,0
763492,3
763493,0
763494,1
763495,0
763496,0
763497,2
763498,0
763499,0
763500,2
763501,0
763502,0
763503,1
763504,0
763505,0
763506,0
763507,0
763508,0
763509,0
763510,3
763511,0
763512,0
763513,0
763514,0
763515,0
763516,0
763517,0
763518,0
763519,0
763520,0
763521,0
763522,0
763523,0
763524,0
763525,0
763526,0
763527,0
763528,0
763529,0
763530,2
763531,0
763532,0
763533,0
763534,0
763535,0
763536,0
763537,0
763538,0
763539,0
763540,0
763541,2
763542,0
763543,2
763544,4
763545,1
763546,0
763547,0
763548,0
763549,1
763550,0
763551,3
763552,4
763553,0
763554,1
763555,0
763556,0
763557,0
763558,0
763559,2
763560,0
763561,0
763562,0
763563,1
763564,0
763565,0
763566,0
763567,0
763568,2
763569,0
763570,0
763571,0
763572,0
763573,0
763574,0
763575,0
763576,0
763577,0
763578,0
763579,3
763580,0
763581,0
763582,0
763583,0
763584,0
763585,0
763586,0
763587,2
763588,0
763589,0
763590,0
763591,0
763592,0
763593,0
763594,0
763595,0
763596,0
763597,0
763598,0
763599,2
763600,2
763601,0
763602,0
763603,0
763604,0
763605,0
763606,0
763607,1
763608,0
763609,2
763610,0
763611,0
763612,0
763613,0
763614,0
763615,5
763616,0
763617,0
763618,0
763619,0
763620,0
763621,0
763622,0
763623,0
763624,0
763625,0
763626,1
763627,2
763628,0
763629,0
763630,2
763631,0
763632,0
763633,0
763634,0
763635,4
763636,0
763637,0
763638,0
763639,0
763640,0
763641,2
763642,1
763643,0
763644,0
763645,0
763646,4
763647,2
763648,0
763649,0
763650,0
763651,0
763652,0
763653,0
763654,0
763655,0
763656,0
763657,0
763658,3
763659,2
763660,0
763661,0
763662,4
763663,0
763664,0
763665,0
763666,0
763667,0
763668,0
763669,0
763670,0
763671,0
763672,4
763673,0
763674,0
763675,0
763676,0
763677,0
763678,31
763679,0
763680,0
763681,0
763682,0
763683,0
763684,0
763685,0
763686,0
763687,34
763688,0
763689,35
763690,40
763691,0
763692,0
763693,0
763694,0
763695,0
763696,0
763697,0
763698,45
763699,0
763700,0
763701,38
763702,0
763703,0
763704,0
763705,0
763706,0
763707,0
763708,0
763709,0
763710,0
763711,0
763712,0
763713,41
763714,0
763715,0
763716,0
763717,29
763718,52
763719,48
763720,0
763721,32
763722,0
763723,0
763724,0
763725,0
763726,36
763727,0
763728,0
763729,22
763730,0
763731,0
763732,0
763733,0
763734,0
763735,0
763736,0
763737,40
763738,53
763739,0
763740,0
763741,0
763742,0
763743,38
763744,0
763745,0
763746,0
763747,0
763748,0
763749,0
763750,0
763751,0
763752,0
763753,0
763754,0
763755,0
763756,0
763757,0
763758,0
763759,0
763760,19
763761,0
763762,0
763763,0
763764,0
763765,46
763766,44
763767,40
763768,0
763769,41
763770,0
763771,0
763772,42
763773,31
763774,0
763775,0
763776,0
763777,0
763778,0
763779,0
763780,0
763781,0
763782,0
763783,0
763784,0
763785,29
763786,29
763787,0
763788,0
763789,32
763790,0
763791,0
763792,0
763793,43
763794,0
763795,37
763796,26
763797,0
763798,0
763799,0
763800,0
763801,0
763802,0
763803,25
763804,0
763805,47
763806,36
763807,0
763808,0
763809,40
763810,36
763811,0
763812,31
763813,0
763814,28
763815,0
763816,0
763817,0
763818,0
763819,0
763820,0
763821,0
763822,0
763823,0
763824,28
763825,41
763826,30
763827,0
763828,37
763829,42
763830,34
763831,38
763832,0
763833,0
763834,50
763835,0
763836,49
763837,0
763838,0
763839,0
763840,0
763841,55
763842,0
763843,0
763844,41
763845,0
763846,42
763847,0
763848,0
763849,0
763850,0
763851,0
763852,0
763853,0
763854,0
763855,0
763856,0
763857,0
763858,0
763859,38
763860,0
763861,0
763862,0
763863,27
763864,0
763865,0
763866,0
763867,0
763868,0
763869,0
763870,0
763871,0
763872,0
763873,0
763874,0
763875,0
763876,0
763877,38
763878,0
763879,0
763880,0
763881,0
763882,0
763883,29
763884,0
763885,0
763886,0
763887,0
763888,0
763889,0
763890,51
763891,0
763892,0
763893,0
763894,0
763895,0
763896,0
763897,0
763898,0
763899,35
763900,0
763901,0
763902,0
763903,0
763904,32
763905,37
763906,0
763907,0
763908,0
763909,0
763910,44
763911,0
763912,40
763913,0
763914,0
763915,0
763916,0
763917,0
763918,0
763919,0
763920,0
763921,0
763922,30
763923,32
763924,0
763925,0
763926,0
763927,19
763928,33
763929,0
763930,0
763931,0
763932,0
763933,0
763934,0
763935,44
763936,41
763937,42
763938,0
763939,0
763940,0
763941,0
763942,0
763943,0
763944,0
763945,0
763946,0
763947,0
763948,0
763949,0
763950,0
763951,0
763952,0
763953,51
763954,0
763955,0
763956,0
763957,0
763958,32
763959,0
763960,0
763961,0
763962,0
763963,0
763964,26
763965,51
763966,0
763967,0
763968,0
763969,0
763970,33
763971,0
763972,0
763973,0
763974,37
763975,0
763976,0
763977,46
763978,0
763979,0
763980,29
763981,0
763982,0
763983,0
763984,0
763985,0
763986,0
763987,0
763988,0
763989,39
763990,47
763991,0
763992,0
763993,0
763994,0
763995,0
763996,0
763997,0
763998,0
763999,0
764000,0
764001,0
764002,0
764003,31
764004,0
764005,0
764006,0
764007,43
764008,0
764009,29
764010,0
764011,0
764012,0
764013,0
764014,22
764015,0
764016,0
764017,0
764018,0
764019,21
764020,0
764021,0
764022,0
764023,0
764024,0
764025,0
764026,40
764027,27
764028,40
764029,0
764030,0
764031,0
764032,17
764033,0
764034,0
764035,0
764036,36
764037,0
764038,0
764039,31
764040,0
764041,0
764042,0
764043,0
764044,0
764045,17
764046,0
764047,0
764048,0
764049,0
764050,25
764051,0
764052,42
764053,0
764054,0
764055,0
764056,0
764057,0
764058,0
764059,0
764060,0
764061,27
764062,33
764063,0
764064,33
764065,0
764066,51
764067,32
764068,19
764069,0
764070,0
764071,0
764072,0
764073,0
764074,0
764075,0
764076,0
764077,46
764078,0
764079,0
764080,0
764081,0
764082,33
764083,0
764084,28
764085,0
764086,0
764087,0
764088,0
764089,30
764090,0
764091,0
764092,0
764093,33
764094,46
764095,0
764096,0
764097,0
764098,0
764099,0
764100,0
764101,0
764102,0
764103,51
764104,31
764105,0
764106,0
764107,47
764108,0
764109,0
764110,32
764111,0
764112,0
764113,45
764114,0
764115,40
764116,0
764117,28
764118,0
764119,0
764120,0
764121,0
764122,0
764123,44
764124,44
764125,0
764126,0
764127,0
764128,0
764129,0
764130,0
764131,0
764132,0
764133,0
764134,0
764135,0
764136,0
764137,26
764138,0
764139,31
764140,0
764141,0
764142,0
764143,0
764144,0
764145,0
764146,0
764147,0
764148,0
764149,42
764150,0
764151,38
764152,0
764153,0
764154,0
764155,48
764156,40
764157,0
764158,0
764159,0
764160,0
764161,0
764162,35
764163,0
764164,0
764165,57
764166,0
764167,0
764168,0
764169,45
764170,0
764171,0
764172,0
764173,0
764174,38
764175,0
764176,0
764177,32
764178,0
764179,0
764180,0
764181,0
764182,0
764183,0
764184,0
764185,0
764186,0
764187,0
764188,0
764189,0
764190,43
764191,41
764192,0
764193,40
764194,0
764195,0
764196,0
764197,0
764198,0
764199,0
764200,0
764201,0
764202,0
764203,0
764204,35
764205,0
764206,30
764207,0
764208,0
764209,0
764210,0
764211,50
764212,0
764213,0
764214,0
764215,0
764216,0
764217,0
764218,36
764219,27
764220,0
764221,0
764222,37
764223,0
764224,0
764225,0
764226,28
764227,0
764228,38
764229,42
764230,0
764231,33
764232,0
764233,0
764234,0
764235,0
764236,41
764237,43
764238,0
764239,0
764240,0
764241,35
764242,0
764243,0
764244,32
764245,0
764246,31
764247,0
764248,0
764249,0
764250,0
764251,0
764252,0
764253,0
764254,0
764255,0
764256,0
764257,40
764258,0
764259,0
764260,39
764261,0
764262,0
764263,28
764264,0
764265,0
764266,0
764267,0
764268,0
764269,0
764270,41
764271,0
764272,0
764273,0
764274,0
764275,0
764276,0
764277,29
764278,38
764279,0
764280,0
764281,32
764282,0
764283,0
764284,31
764285,32
764286,0
764287,50
764288,23
764289,0
764290,51
764291,0
764292,0
764293,0
764294,0
764295,0
764296,0
764297,0
764298,0
764299,0
764300,0
764301,0
764302,0
764303,0
764304,0
764305,0
764306,0
764307,0
764308,0
764309,39
764310,0
764311,33
764312,0
764313,39
764314,0
764315,38
764316,0
764317,0
764318,0
764319,0
764320,0
764321,0
764322,0
764323,44
764324,0
764325,40
764326,0
764327,0
764328,0
764329,0
764330,0
764331,0
764332,48
764333,0
764334,0
764335,0
764336,0
764337,0
764338,0
764339,0
764340,0
764341,0
764342,0
764343,0
764344,0
764345,0
764346,0
764347,0
764348,0
764349,0
764350,0
764351,0
764352,0
764353,0
764354,0
764355,0
764356,0
764357,0
764358,0
764359,0
764360,0
764361,0
764362,0
764363,0
764364,0
764365,0
764366,0
764367,0
764368,0
764369,0
764370,0
764371,0
764372,0
764373,0
764374,0
764375,0
764376,0
764377,0
764378,27
764379,0
764380,0
764381,0
764382,0
764383,0
764384,0
764385,0
764386,0
764387,0
764388,0
764389,0
764390,0
764391,0
764392,0
764393,0
764394,0
764395,0
764396,0
764397,0
764398,0
764399,0
764400,0
764401,0
764402,0
764403,0
764404,0
764405,0
764406,0
764407,0
764408,0
764409,0
764410,0
764411,0
764412,0
764413,0
764414,21
764415,0
764416,19
764417,0
764418,0
764419,0
764420,0
764421,0
764422,0
764423,22
764424,0
764425,0
764426,0
764427,29
764428,0
764429,0
764430,0
764431,0
764432,0
764433,0
764434,0
764435,0
764436,0
764437,0
764438,31
764439,0
764440,0
764441,0
764442,0
764443,0
764444,0
764445,0
764446,0
764447,0
764448,0
764449,0
764450,0
764451,0
764452,0
764453,0
764454,0
764455,0
764456,0
764457,0
764458,0
764459,0
764460,0
764461,0
764462,0
764463,0
764464,0
764465,0
764466,0
764467,0
764468,0
764469,0
764470,37
764471,0
764472,0
764473,0
764474,0
764475,0
764476,0
764477,0
764478,0
764479,0
764480,0
764481,0
764482,0
764483,0
764484,0
764485,0
764486,0
764487,28
764488,0
764489,0
764490,0
764491,0
764492,0
764493,24
764494,0
764495,0
764496,0
764497,0
764498,0
764499,0
764500,15
764501,0
764502,0
764503,0
764504,0
764505,0
764506,0
764507,0
764508,0
764509,0
764510,0
764511,0
764512,0
764513,0
764514,0
764515,0
764516,0
764517,0
764518,0
764519,0
764520,0
764521,20
764522,0
764523,0
764524,0
764525,0
764526,0
764527,0
764528,0
764529,0
764530,0
764531,0
764532,0
764533,0
764534,0
764535,0
764536,0
764537,0
764538,0
764539,0
764540,0
764541,0
764542,0
764543,0
764544,0
764545,0
764546,0
764547,0
764548,0
764549,0
764550,0
764551,24
764552,33
764553,40
764554,0
764555,0
764556,0
764557,0
764558,0
764559,0
764560,0
764561,0
764562,0
764563,0
764564,0
764565,0
764566,0
764567,17
764568,33
764569,0
764570,0
764571,0
764572,0
764573,0
764574,0
764575,0
764576,0
764577,0
764578,0
764579,0
764580,0
764581,0
764582,0
764583,0
764584,0
764585,0
764586,0
764587,0
764588,0
764589,0
764590,0
764591,0
764592,0
764593,0
764594,0
764595,0
764596,0
764597,0
764598,0
764599,0
764600,0
764601,0
764602,0
764603,0
764604,0
764605,0
764606,0
764607,0
764608,0
764609,0
764610,0
764611,0
764612,0
764613,0
764614,0
764615,0
764616,0
764617,0
764618,0
764619,0
764620,0
764621,0
764622,0
764623,0
764624,0
764625,0
764626,26
764627,0
764628,0
764629,34
764630,0
764631,0
764632,0
764633,0
764634,0
764635,0
764636,0
764637,0
764638,0
764639,0
764640,0
764641,0
764642,0
764643,0
764644,0
764645,26
764646,0
764647,0
764648,0
764649,0
764650,0
764651,0
764652,0
764653,0
764654,0
764655,0
764656,0
764657,0
764658,0
764659,0
764660,0
764661,0
764662,0
764663,0
764664,0
764665,0
764666,0
764667,0
764668,0
764669,0
764670,0
764671,0
764672,0
764673,0
764674,0
764675,0
764676,0
764677,0
764678,0
764679,0
764680,0
764681,0
764682,0
764683,0
764684,0
764685,0
764686,0
764687,0
764688,0
764689,0
764690,22
764691,0
764692,0
764693,0
764694,0
764695,0
764696,0
764697,0
764698,0
764699,0
764700,0
764701,0
764702,0
764703,0
764704,0
764705,0
764706,0
764707,0
764708,0
764709,0
764710,0
764711,0
764712,0
764713,0
764714,0
764715,0
764716,0
764717,0
764718,0
764719,0
764720,0
764721,0
764722,0
764723,0
764724,0
764725,0
764726,0
764727,0
764728,0
764729,0
764730,0
764731,0
764732,0
764733,0
764734,0
764735,0
764736,0
764737,22
764738,0
764739,0
764740,0
764741,0
764742,0
764743,0
764744,0
764745,0
764746,0
764747,0
764748,0
764749,0
764750,0
764751,0
764752,0
764753,0
764754,0
764755,0
764756,0
764757,0
764758,24
764759,0
764760,0
764761,0
764762,0
764763,0
764764,0
764765,0
764766,0
764767,0
764768,0
764769,0
764770,0
764771,0
764772,27
764773,0
764774,0
764775,0
764776,0
764777,0
764778,0
764779,0
764780,0
764781,0
764782,0
764783,0
764784,0
764785,0
764786,0
764787,0
764788,0
764789,0
764790,0
764791,0
764792,0
764793,0
764794,0
764795,0
764796,0
764797,0
764798,0
764799,0
764800,0
764801,30
764802,0
764803,0
764804,0
764805,0
764806,0
764807,0
764808,0
764809,0
764810,22
764811,0
764812,26
764813,0
764814,0
764815,0
764816,0
764817,0
764818,0
764819,0
764820,0
764821,0
764822,0
764823,30
764824,0
764825,0
764826,0
764827,0
764828,26
764829,0
764830,0
764831,0
764832,0
764833,0
764834,0
764835,0
764836,0
764837,0
764838,0
764839,0
764840,0
764841,0
764842,0
764843,17
764844,0
764845,0
764846,0
764847,0
764848,0
764849,0
764850,0
764851,0
764852,0
764853,0
764854,0
764855,0
764856,0
764857,0
764858,0
764859,0
764860,0
764861,0
764862,0
764863,0
764864,0
764865,0
764866,0
764867,0
764868,0
764869,0
764870,0
764871,0
764872,0
764873,0
764874,0
764875,0
764876,0
764877,0
764878,0
764879,0
764880,0
764881,0
764882,0
764883,0
764884,0
764885,0
764886,0
764887,0
764888,0
764889,0
764890,0
764891,0
764892,0
764893,0
764894,0
764895,0
764896,0
764897,0
764898,30
764899,0
764900,0
764901,0
764902,0
764903,0
764904,0
764905,0
764906,0
764907,0
764908,0
764909,0
764910,0
764911,0
764912,0
764913,0
764914,29
764915,0
764916,0
764917,23
764918,0
764919,0
764920,0
764921,0
764922,0
764923,0
764924,0
764925,0
764926,0
764927,0
764928,0
764929,0
764930,0
764931,0
764932,0
764933,0
764934,0
764935,0
764936,0
764937,0
764938,0
764939,0
764940,0
764941,0
764942,0
764943,0
764944,0
764945,0
764946,0
764947,0
764948,0
764949,0
764950,0
764951,0
764952,0
764953,0
764954,0
764955,0
764956,0
764957,0
764958,33
764959,0
764960,0
764961,0
764962,0
764963,0
764964,0
764965,0
764966,0
764967,0
764968,0
764969,0
764970,0
764971,0
764972,0
764973,0
764974,0
764975,0
764976,0
764977,0
764978,0
764979,0
764980,0
764981,0
764982,0
764983,0
764984,0
764985,0
764986,0
764987,0
764988,0
764989,0
764990,0
764991,0
764992,0
764993,0
764994,0
764995,0
764996,0
764997,0
764998,0
764999,0
765000,0
765001,0
765002,0
765003,0
765004,0
765005,0
765006,0
765007,0
765008,0
765009,28
765010,0
765011,0
765012,0
765013,0
765014,0
765015,0
765016,0
765017,0
765018,0
765019,0
765020,0
765021,0
765022,0
765023,0
765024,0
765025,0
765026,0
765027,0
765028,0
765029,0
765030,0
765031,0
765032,0
765033,0
765034,0
765035,0
765036,0
765037,23
765038,0
765039,0
765040,0
765041,0
765042,0
765043,0
765044,0
765045,0
765046,28
765047,0
765048,0
765049,0
765050,0
765051,0
765052,0
765053,0
765054,0
765055,0
765056,0
765057,9
765058,0
765059,0
765060,0
765061,0
765062,9
765063,0
765064,13
765065,17
765066,0
765067,0
765068,0
765069,0
765070,0
765071,0
765072,0
765073,0
765074,15
765075,0
765076,12
765077,0
765078,7
765079,0
765080,0
765081,4
765082,0
765083,0
765084,0
765085,0
765086,0
765087,0
765088,0
765089,0
765090,0
765091,11
765092,0
765093,0
765094,0
765095,0
765096,0
765097,0
765098,26
765099,0
765100,0
765101,0
765102,0
765103,0
765104,0
765105,0
765106,0
765107,0
765108,0
765109,0
765110,28
765111,0
765112,0
765113,0
765114,0
765115,0
765116,0
765117,0
765118,0
765119,0
765120,0
765121,0
765122,0
765123,0
765124,0
765125,0
765126,0
765127,0
765128,0
765129,0
765130,0
765131,0
765132,0
765133,0
765134,0
765135,0
765136,0
765137,0
765138,0
765139,0
765140,45
765141,0
765142,0
765143,0
765144,0
765145,0
765146,0
765147,0
765148,0
765149,0
765150,0
765151,22
765152,0
765153,0
765154,0
765155,0
765156,0
765157,0
765158,0
765159,0
765160,0
765161,0
765162,0
765163,0
765164,0
765165,0
765166,0
765167,0
765168,0
765169,0
765170,0
765171,0
765172,0
765173,0
765174,0
765175,0
765176,0
765177,0
765178,0
765179,0
765180,0
765181,1
765182,0
765183,0
765184,0
765185,0
765186,0
765187,0
765188,0
765189,0
765190,0
765191,0
765192,0
765193,0
765194,0
765195,0
765196,0
765197,0
765198,0
765199,0
765200,0
765201,0
765202,0
765203,0
765204,0
765205,0
765206,0
765207,0
765208,0
765209,0
765210,0
765211,0
765212,0
765213,0
765214,0
765215,0
765216,0
765217,0
765218,0
765219,0
765220,0
765221,0
765222,0
765223,0
765224,0
765225,0
765226,0
765227,0
765228,0
765229,0
765230,0
765231,0
765232,0
765233,0
765234,0
765235,0
765236,0
765237,0
765238,0
765239,0
765240,0
765241,0
765242,0
765243,0
765244,0
765245,0
765246,0
765247,0
765248,0
765249,0
765250,0
765251,0
765252,0
765253,0
765254,0
765255,0
765256,0
765257,0
765258,0
765259,0
765260,0
765261,0
765262,0
765263,0
765264,1
765265,0
765266,0
765267,0
765268,0
765269,0
765270,0
765271,0
765272,0
765273,0
765274,0
765275,0
765276,0
765277,0
765278,0
765279,0
765280,0
765281,0
765282,0
765283,0
765284,0
765285,0
765286,0
765287,0
765288,0
765289,0
765290,0
765291,0
765292,0
765293,0
765294,0
765295,0
765296,0
765297,0
765298,0
765299,0
765300,0
765301,0
765302,0
765303,0
765304,0
765305,0
765306,0
765307,0
765308,0
765309,0
765310,0
765311,0
765312,0
765313,0
765314,0
765315,0
765316,0
765317,0
765318,0
765319,0
765320,0
765321,0
765322,0
765323,0
765324,0
765325,0
765326,0
765327,0
765328,0
765329,0
765330,0
765331,0
765332,1
765333,0
765334,0
765335,0
765336,0
765337,0
765338,0
765339,0
765340,0
765341,0
765342,0
765343,0
765344,0
765345,0
765346,0
765347,0
765348,0
765349,0
765350,0
765351,0
765352,0
765353,0
765354,0
765355,0
765356,0
765357,0
765358,0
765359,0
765360,0
765361,0
765362,0
765363,0
765364,0
765365,0
765366,0
765367,0
765368,0
765369,0
765370,0
765371,0
765372,0
765373,0
765374,0
765375,0
765376,0
765377,0
765378,0
765379,0
765380,0
765381,0
765382,0
765383,0
765384,0
765385,0
765386,0
765387,0
765388,0
765389,0
765390,0
765391,0
765392,0
765393,0
765394,0
765395,0
765396,0
765397,0
765398,0
765399,0
765400,0
765401,0
765402,0
765403,0
765404,0
765405,0
765406,0
765407,0
765408,0
765409,0
765410,0
765411,0
765412,0
765413,0
765414,0
765415,0
765416,0
765417,0
765418,0
765419,0
765420,0
765421,0
765422,0
765423,0
765424,0
765425,0
765426,0
765427,0
765428,0
765429,0
765430,0
765431,0
765432,0
765433,0
765434,0
765435,0
765436,0
765437,0
765438,0
765439,0
765440,0
765441,0
765442,0
765443,0
765444,0
765445,0
765446,0
765447,0
765448,0
765449,0
765450,0
765451,0
765452,0
765453,0
765454,0
765455,0
765456,0
765457,0
765458,0
765459,0
765460,0
765461,0
765462,0
765463,0
765464,0
765465,0
765466,0
765467,0
765468,0
765469,0
765470,0
765471,0
765472,0
765473,0
765474,0
765475,0
765476,0
765477,0
765478,0
765479,0
765480,0
765481,0
765482,0
765483,0
765484,0
765485,0
765486,0
765487,0
765488,0
765489,0
765490,0
765491,0
765492,0
765493,0
765494,0
765495,0
765496,0
765497,0
765498,0
765499,0
765500,0
765501,0
765502,0
765503,0
765504,0
765505,0
765506,0
765507,0
765508,0
765509,0
765510,0
765511,0
765512,0
765513,0
765514,0
765515,0
765516,0
765517,0
765518,0
765519,0
765520,0
765521,0
765522,0
765523,0
765524,0
765525,0
765526,0
765527,0
765528,0
765529,0
765530,0
765531,0
765532,0
765533,0
765534,0
765535,0
765536,0
765537,0
765538,0
765539,0
765540,0
765541,0
765542,0
765543,0
765544,0
765545,0
765546,0
765547,0
765548,0
765549,0
765550,0
765551,0
765552,0
765553,0
765554,0
765555,0
765556,0
765557,0
765558,0
765559,0
765560,0
765561,0
765562,0
765563,0
765564,0
765565,0
765566,0
765567,0
765568,0
765569,0
765570,0
765571,0
765572,0
765573,0
765574,0
765575,0
765576,0
765577,0
765578,0
765579,0
765580,0
765581,0
765582,0
765583,0
765584,0
765585,0
765586,0
765587,0
765588,0
765589,0
765590,0
765591,0
765592,0
765593,0
765594,0
765595,0
765596,0
765597,0
765598,0
765599,0
765600,0
765601,0
765602,0
765603,0
765604,0
765605,0
765606,0
765607,0
765608,0
765609,0
765610,0
765611,0
765612,0
765613,0
765614,0
765615,0
765616,0
765617,0
765618,0
765619,0
765620,0
765621,0
765622,0
765623,0
765624,0
765625,0
765626,0
765627,0
765628,0
765629,0
765630,0
765631,0
765632,0
765633,0
765634,0
765635,0
765636,0
765637,0
765638,0
765639,0
765640,0
765641,0
765642,0
765643,0
765644,0
765645,0
765646,0
765647,0
765648,0
765649,0
765650,0
765651,0
765652,0
765653,0
765654,0
765655,0
765656,0
765657,0
765658,0
765659,0
765660,0
765661,0
765662,0
765663,0
765664,0
765665,0
765666,0
765667,0
765668,0
765669,0
765670,0
765671,0
765672,0
765673,0
765674,0
765675,0
765676,0
765677,0
765678,0
765679,0
765680,0
765681,0
765682,0
765683,0
765684,0
765685,0
765686,0
765687,0
765688,0
765689,0
765690,0
765691,0
765692,0
765693,0
765694,0
765695,0
765696,0
765697,0
765698,0
765699,0
765700,0
765701,0
765702,0
765703,0
765704,0
765705,0
765706,0
765707,0
765708,0
765709,0
765710,0
765711,0
765712,0
765713,0
765714,0
765715,0
765716,0
765717,0
765718,0
765719,0
765720,0
765721,0
765722,0
765723,0
765724,0
765725,0
765726,0
765727,0
765728,0
765729,0
765730,0
765731,0
765732,0
765733,0
765734,0
765735,0
765736,0
765737,0
765738,0
765739,0
765740,0
765741,0
765742,0
765743,0
765744,31
765745,0
765746,25
765747,29
765748,0
765749,23
765750,0
765751,0
765752,0
765753,0
765754,0
765755,0
765756,0
765757,0
765758,0
765759,18
765760,24
765761,0
765762,0
765763,0
765764,31
765765,0
765766,46
765767,0
765768,17
765769,0
765770,0
765771,40
765772,0
765773,0
765774,0
765775,0
765776,0
765777,0
765778,0
765779,0
765780,25
765781,0
765782,0
765783,0
765784,0
765785,28
765786,0
765787,0
765788,0
765789,0
765790,0
765791,0
765792,0
765793,0
765794,19
765795,19
765796,0
765797,0
765798,0
765799,0
765800,28
765801,20
765802,0
765803,0
765804,38
765805,0
765806,0
765807,0
765808,0
765809,0
765810,0
765811,0
765812,0
765813,0
765814,0
765815,0
765816,28
765817,34
765818,0
765819,0
765820,37
765821,0
765822,23
765823,0
765824,30
765825,0
765826,0
765827,23
765828,0
765829,0
765830,0
765831,0
765832,0
765833,0
765834,0
765835,0
765836,28
765837,0
765838,0
765839,0
765840,0
765841,0
765842,0
765843,0
765844,0
765845,0
765846,0
765847,0
765848,38
765849,0
765850,0
765851,0
765852,36
765853,0
765854,33
765855,0
765856,0
765857,0
765858,29
765859,0
765860,0
765861,29
765862,0
765863,0
765864,0
765865,0
765866,0
765867,17
765868,0
765869,0
765870,0
765871,0
765872,0
765873,0
765874,0
765875,21
765876,32
765877,0
765878,24
765879,0
765880,0
765881,0
765882,0
765883,0
765884,0
765885,0
765886,0
765887,0
765888,0
765889,0
765890,0
765891,23
765892,0
765893,0
765894,0
765895,25
765896,0
765897,27
765898,0
765899,0
765900,19
765901,0
765902,0
765903,0
765904,0
765905,0
765906,0
765907,0
765908,0
765909,0
765910,0
765911,0
765912,0
765913,32
765914,27
765915,0
765916,12
765917,27
765918,35
765919,22
765920,0
765921,0
765922,22
765923,40
765924,0
765925,0
765926,25
765927,0
765928,0
765929,0
765930,0
765931,0
765932,0
765933,0
765934,15
765935,0
765936,29
765937,19
765938,0
765939,0
765940,0
765941,0
765942,28
765943,0
765944,22
765945,0
765946,0
765947,0
765948,0
765949,0
765950,0
765951,27
765952,0
765953,0
765954,0
765955,0
765956,31
765957,0
765958,0
765959,52
765960,0
765961,0
765962,0
765963,0
765964,0
765965,0
765966,0
765967,0
765968,0
765969,0
765970,0
765971,0
765972,0
765973,0
765974,0
765975,0
765976,0
765977,0
765978,30
765979,0
765980,0
765981,0
765982,14
765983,0
765984,0
765985,0
765986,0
765987,27
765988,32
765989,19
765990,0
765991,0
765992,0
765993,0
765994,0
765995,30
765996,42
765997,20
765998,0
765999,0
766000,0
766001,0
766002,24
766003,0
766004,25
766005,0
766006,0
766007,0
766008,0
766009,0
766010,0
766011,0
766012,0
766013,0
766014,0
766015,0
766016,0
766017,43
766018,0
766019,0
766020,0
766021,22
766022,0
766023,0
766024,0
766025,0
766026,0
766027,0
766028,0
766029,0
766030,0
766031,30
766032,0
766033,34
766034,28
766035,0
766036,18
766037,0
766038,0
766039,0
766040,13
766041,0
766042,0
766043,0
766044,0
766045,0
766046,0
766047,0
766048,0
766049,18
766050,0
766051,0
766052,0
766053,0
766054,0
766055,0
766056,34
766057,0
766058,15
766059,0
766060,0
766061,21
766062,0
766063,0
766064,0
766065,0
766066,0
766067,27
766068,0
766069,0
766070,0
766071,0
766072,0
766073,0
766074,18
766075,30
766076,0
766077,0
766078,0
766079,39
766080,0
766081,0
766082,0
766083,17
766084,0
766085,0
766086,0
766087,0
766088,0
766089,0
766090,0
766091,12
766092,24
766093,0
766094,0
766095,27
766096,0
766097,0
766098,0
766099,0
766100,0
766101,16
766102,0
766103,0
766104,0
766105,0
766106,0
766107,0
766108,34
766109,0
766110,0
766111,27
766112,0
766113,0
766114,0
766115,0
766116,20
766117,0
766118,0
766119,0
766120,0
766121,0
766122,0
766123,33
766124,21
766125,0
766126,0
766127,0
766128,0
766129,0
766130,0
766131,32
766132,0
766133,0
766134,0
766135,0
766136,0
766137,27
766138,42
766139,41
766140,47
766141,0
766142,33
766143,0
766144,0
766145,14
766146,0
766147,0
766148,32
766149,0
766150,0
766151,0
766152,0
766153,28
766154,12
766155,0
766156,0
766157,0
766158,0
766159,0
766160,0
766161,0
766162,0
766163,0
766164,24
766165,0
766166,0
766167,0
766168,0
766169,0
766170,0
766171,0
766172,27
766173,0
766174,0
766175,24
766176,48
766177,30
766178,0
766179,0
766180,0
766181,0
766182,0
766183,36
766184,35
766185,23
766186,0
766187,22
766188,0
766189,0
766190,25
766191,27
766192,0
766193,0
766194,0
766195,0
766196,0
766197,24
766198,0
766199,0
766200,0
766201,0
766202,25
766203,0
766204,26
766205,39
766206,0
766207,0
766208,0
766209,0
766210,0
766211,0
766212,13
766213,0
766214,0
766215,0
766216,30
766217,0
766218,0
766219,0
766220,0
766221,0
766222,20
766223,0
766224,0
766225,0
766226,45
766227,0
766228,0
766229,0
766230,0
766231,0
766232,16
766233,29
766234,0
766235,29
766236,0
766237,0
766238,0
766239,0
766240,0
766241,27
766242,20
766243,0
766244,0
766245,0
766246,25
766247,0
766248,0
766249,0
766250,0
766251,15
766252,0
766253,27
766254,0
766255,0
766256,0
766257,0
766258,0
766259,0
766260,0
766261,0
766262,0
766263,0
766264,0
766265,0
766266,44
766267,34
766268,0
766269,0
766270,0
766271,0
766272,0
766273,34
766274,0
766275,0
766276,0
766277,0
766278,25
766279,24
766280,0
766281,0
766282,0
766283,0
766284,0
766285,0
766286,0
766287,0
766288,20
766289,0
766290,16
766291,21
766292,0
766293,0
766294,0
766295,0
766296,0
766297,37
766298,18
766299,0
766300,0
766301,0
766302,22
766303,0
766304,0
766305,0
766306,36
766307,0
766308,0
766309,0
766310,0
766311,21
766312,0
766313,0
766314,28
766315,25
766316,0
766317,19
766318,0
766319,0
766320,0
766321,0
766322,29
766323,0
766324,0
766325,0
766326,0
766327,23
766328,0
766329,0
766330,0
766331,0
766332,0
766333,21
766334,0
766335,0
766336,0
766337,0
766338,0
766339,0
766340,0
766341,0
766342,0
766343,0
766344,0
766345,0
766346,23
766347,0
766348,27
766349,0
766350,0
766351,29
766352,0
766353,0
766354,0
766355,0
766356,0
766357,17
766358,0
766359,29
766360,0
766361,0
766362,0
766363,0
766364,26
766365,46
766366,0
766367,0
766368,0
766369,0
766370,0
766371,0
766372,0
766373,35
766374,0
766375,0
766376,0
766377,0
766378,14
766379,34
766380,0
766381,0
766382,0
766383,0
766384,29
766385,0
766386,0
766387,0
766388,0
766389,16
766390,0
766391,0
766392,0
766393,24
766394,0
766395,0
766396,0
766397,0
766398,0
766399,0
766400,0
766401,0
766402,0
766403,0
766404,0
766405,19
766406,0
766407,0
766408,26
766409,0
766410,0
766411,0
766412,0
766413,0
766414,0
766415,0
766416,34
766417,0
766418,0
766419,16
766420,35
766421,0
766422,0
766423,0
766424,0
766425,0
766426,23
766427,0
766428,0
766429,0
766430,0
766431,0
766432,0
766433,0
766434,0
766435,0
766436,20
766437,37
766438,0
766439,0
766440,28
766441,44
766442,39
766443,0
766444,0
766445,0
766446,0
766447,0
766448,0
766449,0
766450,0
766451,0
766452,0
766453,0
766454,0
766455,0
766456,0
766457,0
766458,0
766459,0
766460,0
766461,0
766462,6
766463,0
766464,0
766465,0
766466,0
766467,0
766468,0
766469,0
766470,13
766471,0
766472,8
766473,0
766474,0
766475,0
766476,10
766477,8
766478,0
766479,0
766480,0
766481,0
766482,0
766483,0
766484,0
766485,0
766486,0
766487,6
766488,0
766489,0
766490,0
766491,0
766492,0
766493,0
766494,0
766495,0
766496,0
766497,0
766498,0
766499,0
766500,0
766501,0
766502,0
766503,0
766504,0
766505,0
766506,0
766507,0
766508,0
766509,0
766510,0
766511,0
766512,0
766513,0
766514,0
766515,0
766516,0
766517,0
766518,0
766519,0
766520,0
766521,0
766522,0
766523,0
766524,0
766525,0
766526,0
766527,0
766528,8
766529,0
766530,0
766531,0
766532,0
766533,0
766534,0
766535,0
766536,0
766537,0
766538,7
766539,0
766540,0
766541,0
766542,0
766543,7
766544,0
766545,0
766546,0
766547,0
766548,0
766549,0
766550,0
766551,0
766552,11
766553,0
766554,0
766555,8
766556,0
766557,0
766558,0
766559,0
766560,0
766561,0
766562,0
766563,0
766564,0
766565,8
766566,0
766567,0
766568,0
766569,4
766570,0
766571,0
766572,4
766573,0
766574,0
766575,0
766576,0
766577,0
766578,5
766579,0
766580,0
766581,0
766582,3
766583,11
766584,0
766585,0
766586,0
766587,0
766588,0
766589,0
766590,0
766591,7
766592,0
766593,0
766594,0
766595,0
766596,11
766597,0
766598,0
766599,0
766600,0
766601,0
766602,0
766603,0
766604,0
766605,0
766606,0
766607,0
766608,0
766609,0
766610,0
766611,0
766612,0
766613,0
766614,0
766615,0
766616,0
766617,0
766618,7
766619,0
766620,0
766621,16
766622,0
766623,0
766624,0
766625,0
766626,0
766627,0
766628,0
766629,0
766630,0
766631,0
766632,0
766633,0
766634,0
766635,15
766636,0
766637,0
766638,0
766639,0
766640,0
766641,0
766642,0
766643,0
766644,0
766645,0
766646,0
766647,0
766648,0
766649,0
766650,0
766651,0
766652,0
766653,0
766654,0
766655,0
766656,0
766657,0
766658,0
766659,0
766660,0
766661,0
766662,0
766663,0
766664,0
766665,0
766666,0
766667,0
766668,0
766669,0
766670,0
766671,0
766672,0
766673,0
766674,0
766675,0
766676,0
766677,0
766678,21
766679,0
766680,0
766681,0
766682,0
766683,0
766684,4
766685,0
766686,0
766687,0
766688,7
766689,0
766690,0
766691,0
766692,0
766693,0
766694,0
766695,11
766696,0
766697,0
766698,0
766699,0
766700,0
766701,0
766702,0
766703,0
766704,0
766705,0
766706,0
766707,0
766708,0
766709,0
766710,9
766711,0
766712,13
766713,0
766714,0
766715,5
766716,0
766717,0
766718,0
766719,0
766720,0
766721,0
766722,0
766723,7
766724,0
766725,0
766726,0
766727,0
766728,0
766729,15
766730,0
766731,0
766732,0
766733,0
766734,0
766735,0
766736,17
766737,11
766738,0
766739,0
766740,0
766741,0
766742,15
766743,0
766744,15
766745,0
766746,0
766747,0
766748,0
766749,0
766750,0
766751,0
766752,0
766753,0
766754,0
766755,0
766756,0
766757,10
766758,0
766759,0
766760,0
766761,15
766762,0
766763,0
766764,10
766765,0
766766,0
766767,0
766768,0
766769,0
766770,7
766771,0
766772,0
766773,0
766774,0
766775,0
766776,0
766777,0
766778,0
766779,0
766780,0
766781,0
766782,0
766783,0
766784,0
766785,0
766786,0
766787,0
766788,0
766789,0
766790,0
766791,0
766792,0
766793,0
766794,0
766795,0
766796,0
766797,0
766798,0
766799,0
766800,12
766801,0
766802,0
766803,0
766804,0
766805,0
766806,10
766807,0
766808,0
766809,0
766810,0
766811,8
766812,0
766813,0
766814,0
766815,0
766816,0
766817,0
766818,0
766819,0
766820,0
766821,0
766822,10
766823,0
766824,0
766825,0
766826,0
766827,0
766828,0
766829,0
766830,0
766831,0
766832,2
766833,0
766834,0
766835,0
766836,0
766837,0
766838,0
766839,0
766840,0
766841,0
766842,0
766843,0
766844,0
766845,0
766846,0
766847,0
766848,0
766849,0
766850,0
766851,0
766852,0
766853,0
766854,0
766855,0
766856,0
766857,9
766858,0
766859,9
766860,0
766861,0
766862,0
766863,0
766864,11
766865,0
766866,0
766867,0
766868,0
766869,0
766870,0
766871,0
766872,0
766873,0
766874,0
766875,0
766876,0
766877,0
766878,0
766879,0
766880,0
766881,0
766882,0
766883,0
766884,0
766885,0
766886,12
766887,8
766888,0
766889,0
766890,0
766891,0
766892,0
766893,0
766894,7
766895,0
766896,11
766897,0
766898,0
766899,0
766900,0
766901,0
766902,0
766903,0
766904,0
766905,0
766906,0
766907,0
766908,0
766909,0
766910,9
766911,0
766912,0
766913,0
766914,0
766915,0
766916,0
766917,0
766918,0
766919,10
766920,0
766921,0
766922,0
766923,8
766924,0
766925,0
766926,0
766927,0
766928,0
766929,0
766930,0
766931,0
766932,0
766933,0
766934,0
766935,0
766936,0
766937,8
766938,0
766939,0
766940,0
766941,0
766942,0
766943,0
766944,12
766945,0
766946,7
766947,0
766948,0
766949,0
766950,0
766951,0
766952,0
766953,0
766954,0
766955,14
766956,0
766957,0
766958,0
766959,0
766960,0
766961,0
766962,0
766963,0
766964,0
766965,0
766966,8
766967,0
766968,0
766969,0
766970,0
766971,0
766972,0
766973,0
766974,0
766975,0
766976,0
766977,0
766978,0
766979,0
766980,0
766981,0
766982,0
766983,0
766984,0
766985,0
766986,0
766987,0
766988,15
766989,6
766990,0
766991,0
766992,0
766993,0
766994,0
766995,0
766996,0
766997,8
766998,0
766999,0
767000,0
767001,0
767002,0
767003,0
767004,11
767005,0
767006,0
767007,0
767008,0
767009,0
767010,0
767011,0
767012,0
767013,0
767014,0
767015,0
767016,0
767017,0
767018,0
767019,0
767020,0
767021,0
767022,7
767023,0
767024,0
767025,0
767026,7
767027,10
767028,0
767029,0
767030,0
767031,0
767032,15
767033,0
767034,0
767035,0
767036,0
767037,0
767038,0
767039,0
767040,0
767041,0
767042,0
767043,0
767044,0
767045,2
767046,0
767047,0
767048,0
767049,0
767050,0
767051,0
767052,11
767053,0
767054,0
767055,0
767056,15
767057,0
767058,0
767059,0
767060,0
767061,0
767062,0
767063,0
767064,0
767065,0
767066,0
767067,0
767068,0
767069,0
767070,0
767071,0
767072,0
767073,13
767074,0
767075,0
767076,0
767077,0
767078,15
767079,0
767080,0
767081,0
767082,0
767083,13
767084,0
767085,0
767086,0
767087,0
767088,0
767089,0
767090,0
767091,0
767092,0
767093,0
767094,0
767095,0
767096,0
767097,0
767098,0
767099,0
767100,0
767101,0
767102,0
767103,0
767104,0
767105,12
767106,0
767107,0
767108,0
767109,0
767110,0
767111,10
767112,0
767113,0
767114,0
767115,0
767116,0
767117,0
767118,0
767119,0
767120,0
767121,0
767122,0
767123,0
767124,0
767125,0
767126,0
767127,0
767128,0
767129,10
767130,0
767131,0
767132,0
767133,0
767134,0
767135,7
767136,0
767137,0
767138,0
767139,0
767140,0
767141,0
767142,16
767143,0
767144,9
767145,0
767146,0
767147,0
767148,0
767149,0
767150,0
767151,0
767152,0
767153,7
767154,0
767155,11
767156,0
767157,0
767158,0
767159,0
767160,5
767161,0
767162,0
767163,0
767164,0
767165,0
767166,0
767167,10
767168,0
767169,0
767170,0
767171,0
767172,0
767173,0
767174,0
767175,0
767176,0
767177,0
767178,0
767179,0
767180,0
767181,0
767182,0
767183,6
767184,0
767185,0
767186,0
767187,0
767188,0
767189,0
767190,0
767191,0
767192,0
767193,0
767194,0
767195,0
767196,0
767197,0
767198,0
767199,0
767200,0
767201,0
767202,0
767203,0
767204,0
767205,0
767206,0
767207,0
767208,0
767209,0
767210,0
767211,0
767212,0
767213,12
767214,0
767215,0
767216,0
767217,0
767218,0
767219,0
767220,0
767221,0
767222,0
767223,0
767224,0
767225,0
767226,0
767227,0
767228,0
767229,0
767230,0
767231,0
767232,0
767233,0
767234,0
767235,0
767236,0
767237,0
767238,14
767239,0
767240,0
767241,0
767242,0
767243,0
767244,0
767245,0
767246,0
767247,0
767248,0
767249,0
767250,0
767251,0
767252,0
767253,0
767254,0
767255,0
767256,0
767257,0
767258,0
767259,0
767260,0
767261,0
767262,0
767263,0
767264,0
767265,0
767266,0
767267,0
767268,0
767269,0
767270,0
767271,0
767272,0
767273,0
767274,10
767275,0
767276,0
767277,0
767278,0
767279,0
767280,0
767281,0
767282,0
767283,0
767284,11
767285,0
767286,0
767287,0
767288,0
767289,0
767290,0
767291,0
767292,8
767293,0
767294,0
767295,0
767296,0
767297,0
767298,0
767299,0
767300,0
767301,0
767302,0
767303,16
767304,0
767305,0
767306,0
767307,0
767308,0
767309,0
767310,0
767311,0
767312,0
767313,0
767314,0
767315,0
767316,0
767317,0
767318,0
767319,0
767320,0
767321,0
767322,0
767323,0
767324,0
767325,0
767326,0
767327,0
767328,0
767329,0
767330,0
767331,0
767332,0
767333,5
767334,0
767335,0
767336,0
767337,0
767338,0
767339,0
767340,0
767341,0
767342,0
767343,0
767344,14
767345,0
767346,0
767347,0
767348,0
767349,0
767350,0
767351,0
767352,0
767353,0
767354,0
767355,17
767356,0
767357,0
767358,11
767359,0
767360,0
767361,0
767362,0
767363,0
767364,0
767365,0
767366,0
767367,0
767368,0
767369,0
767370,0
767371,0
767372,0
767373,0
767374,0
767375,0
767376,0
767377,0
767378,0
767379,0
767380,0
767381,0
767382,0
767383,0
767384,11
767385,0
767386,0
767387,0
767388,0
767389,0
767390,0
767391,0
767392,0
767393,0
767394,8
767395,0
767396,0
767397,0
767398,0
767399,0
767400,0
767401,0
767402,0
767403,0
767404,0
767405,0
767406,0
767407,0
767408,0
767409,0
767410,23
767411,0
767412,5
767413,0
767414,0
767415,0
767416,15
767417,0
767418,0
767419,0
767420,0
767421,0
767422,0
767423,0
767424,0
767425,0
767426,0
767427,0
767428,0
767429,0
767430,0
767431,0
767432,0
767433,0
767434,0
767435,3
767436,0
767437,0
767438,0
767439,0
767440,9
767441,14
767442,11
767443,0
767444,0
767445,0
767446,0
767447,0
767448,0
767449,0
767450,0
767451,16
767452,0
767453,0
767454,0
767455,0
767456,0
767457,0
767458,0
767459,0
767460,0
767461,0
767462,0
767463,12
767464,0
767465,0
767466,0
767467,0
767468,0
767469,0
767470,0
767471,0
767472,0
767473,0
767474,0
767475,0
767476,0
767477,0
767478,0
767479,0
767480,0
767481,0
767482,0
767483,0
767484,0
767485,0
767486,0
767487,0
767488,0
767489,0
767490,0
767491,14
767492,0
767493,0
767494,0
767495,0
767496,0
767497,0
767498,0
767499,0
767500,0
767501,0
767502,0
767503,0
767504,0
767505,0
767506,0
767507,0
767508,0
767509,0
767510,0
767511,0
767512,0
767513,0
767514,0
767515,0
767516,0
767517,14
767518,0
767519,0
767520,0
767521,0
767522,0
767523,0
767524,0
767525,0
767526,0
767527,0
767528,0
767529,0
767530,0
767531,0
767532,0
767533,0
767534,0
767535,0
767536,0
767537,0
767538,0
767539,0
767540,0
767541,0
767542,0
767543,0
767544,0
767545,0
767546,0
767547,0
767548,0
767549,0
767550,0
767551,0
767552,0
767553,0
767554,0
767555,0
767556,0
767557,0
767558,0
767559,13
767560,0
767561,0
767562,0
767563,0
767564,0
767565,0
767566,0
767567,0
767568,0
767569,0
767570,0
767571,0
767572,0
767573,6
767574,0
767575,11
767576,0
767577,0
767578,0
767579,0
767580,0
767581,0
767582,0
767583,0
767584,0
767585,0
767586,0
767587,0
767588,0
767589,0
767590,0
767591,0
767592,0
767593,0
767594,0
767595,13
767596,0
767597,10
767598,0
767599,0
767600,0
767601,13
767602,0
767603,0
767604,0
767605,0
767606,0
767607,0
767608,0
767609,0
767610,0
767611,0
767612,7
767613,0
767614,0
767615,0
767616,0
767617,0
767618,0
767619,0
767620,0
767621,0
767622,0
767623,0
767624,0
767625,0
767626,0
767627,0
767628,6
767629,0
767630,0
767631,0
767632,0
767633,0
767634,0
767635,0
767636,15
767637,0
767638,0
767639,11
767640,0
767641,0
767642,0
767643,12
767644,0
767645,0
767646,0
767647,0
767648,0
767649,0
767650,0
767651,0
767652,0
767653,0
767654,0
767655,0
767656,0
767657,0
767658,0
767659,0
767660,0
767661,0
767662,0
767663,0
767664,0
767665,7
767666,18
767667,0
767668,0
767669,0
767670,0
767671,0
767672,0
767673,0
767674,0
767675,0
767676,0
767677,0
767678,0
767679,0
767680,0
767681,0
767682,0
767683,9
767684,0
767685,0
767686,17
767687,0
767688,0
767689,0
767690,0
767691,0
767692,0
767693,4
767694,0
767695,0
767696,0
767697,0
767698,0
767699,0
767700,0
767701,0
767702,0
767703,0
767704,0
767705,0
767706,0
767707,0
767708,0
767709,0
767710,0
767711,14
767712,0
767713,0
767714,0
767715,0
767716,0
767717,0
767718,0
767719,0
767720,0
767721,0
767722,0
767723,0
767724,0
767725,0
767726,0
767727,0
767728,0
767729,0
767730,5
767731,0
767732,0
767733,0
767734,0
767735,0
767736,0
767737,0
767738,0
767739,0
767740,0
767741,0
767742,0
767743,0
767744,0
767745,0
767746,9
767747,0
767748,0
767749,0
767750,0
767751,0
767752,0
767753,0
767754,0
767755,0
767756,0
767757,0
767758,11
767759,0
767760,0
767761,0
767762,0
767763,0
767764,0
767765,0
767766,0
767767,0
767768,0
767769,0
767770,0
767771,0
767772,0
767773,0
767774,0
767775,0
767776,0
767777,0
767778,0
767779,0
767780,0
767781,0
767782,0
767783,0
767784,0
767785,0
767786,0
767787,0
767788,0
767789,0
767790,0
767791,0
767792,0
767793,13
767794,0
767795,13
767796,0
767797,0
767798,0
767799,0
767800,0
767801,0
767802,0
767803,0
767804,0
767805,0
767806,0
767807,6
767808,0
767809,0
767810,0
767811,0
767812,7
767813,0
767814,0
767815,0
767816,0
767817,0
767818,0
767819,0
767820,0
767821,0
767822,0
767823,0
767824,0
767825,0
767826,0
767827,0
767828,0
767829,0
767830,0
767831,0
767832,0
767833,0
767834,0
767835,0
767836,0
767837,0
767838,0
767839,0
767840,0
767841,0
767842,0
767843,0
767844,0
767845,0
767846,0
767847,27
767848,24
767849,0
767850,0
767851,0
767852,0
767853,0
767854,0
767855,0
767856,0
767857,0
767858,0
767859,0
767860,0
767861,0
767862,0
767863,0
767864,0
767865,0
767866,26
767867,26
767868,0
767869,35
767870,0
767871,0
767872,0
767873,0
767874,0
767875,0
767876,0
767877,0
767878,0
767879,0
767880,24
767881,26
767882,25
767883,0
767884,0
767885,0
767886,0
767887,0
767888,0
767889,0
767890,0
767891,0
767892,0
767893,37
767894,28
767895,0
767896,0
767897,16
767898,0
767899,0
767900,0
767901,0
767902,0
767903,0
767904,0
767905,0
767906,0
767907,0
767908,0
767909,0
767910,0
767911,0
767912,0
767913,0
767914,0
767915,0
767916,0
767917,0
767918,0
767919,0
767920,0
767921,0
767922,0
767923,0
767924,20
767925,0
767926,0
767927,0
767928,0
767929,0
767930,0
767931,0
767932,0
767933,0
767934,0
767935,0
767936,0
767937,0
767938,28
767939,0
767940,0
767941,0
767942,0
767943,0
767944,0
767945,0
767946,0
767947,0
767948,0
767949,0
767950,20
767951,0
767952,0
767953,0
767954,25
767955,0
767956,25
767957,0
767958,0
767959,0
767960,0
767961,20
767962,0
767963,0
767964,0
767965,0
767966,0
767967,0
767968,0
767969,0
767970,0
767971,0
767972,31
767973,0
767974,0
767975,0
767976,0
767977,29
767978,0
767979,0
767980,15
767981,0
767982,0
767983,0
767984,24
767985,22
767986,0
767987,0
767988,0
767989,0
767990,0
767991,37
767992,0
767993,0
767994,0
767995,0
767996,26
767997,32
767998,0
767999,0
768000,0
768001,0
768002,0
768003,0
768004,0
768005,0
768006,0
768007,0
768008,0
768009,0
768010,0
768011,0
768012,0
768013,0
768014,0
768015,29
768016,22
768017,0
768018,0
768019,0
768020,0
768021,0
768022,0
768023,0
768024,0
768025,0
768026,52
768027,0
768028,0
768029,33
768030,0
768031,0
768032,0
768033,40
768034,0
768035,0
768036,0
768037,27
768038,0
768039,0
768040,0
768041,0
768042,0
768043,29
768044,0
768045,0
768046,34
768047,0
768048,0
768049,0
768050,0
768051,0
768052,0
768053,0
768054,0
768055,0
768056,0
768057,36
768058,0
768059,0
768060,0
768061,0
768062,0
768063,0
768064,0
768065,0
768066,0
768067,0
768068,0
768069,0
768070,0
768071,0
768072,0
768073,0
768074,0
768075,0
768076,0
768077,0
768078,0
768079,0
768080,0
768081,35
768082,0
768083,0
768084,0
768085,0
768086,0
768087,0
768088,35
768089,0
768090,0
768091,0
768092,20
768093,0
768094,0
768095,0
768096,0
768097,0
768098,29
768099,0
768100,0
768101,0
768102,0
768103,0
768104,19
768105,27
768106,0
768107,0
768108,0
768109,28
768110,34
768111,0
768112,0
768113,0
768114,0
768115,0
768116,0
768117,0
768118,0
768119,0
768120,29
768121,0
768122,0
768123,0
768124,0
768125,0
768126,21
768127,0
768128,0
768129,0
768130,0
768131,28
768132,0
768133,0
768134,0
768135,0
768136,0
768137,20
768138,0
768139,0
768140,0
768141,0
768142,0
768143,0
768144,28
768145,0
768146,23
768147,0
768148,0
768149,0
768150,0
768151,0
768152,0
768153,0
768154,0
768155,0
768156,0
768157,0
768158,34
768159,0
768160,0
768161,0
768162,0
768163,0
768164,0
768165,0
768166,26
768167,0
768168,0
768169,0
768170,0
768171,0
768172,0
768173,0
768174,0
768175,0
768176,0
768177,0
768178,0
768179,0
768180,0
768181,0
768182,0
768183,0
768184,0
768185,25
768186,0
768187,25
768188,0
768189,0
768190,0
768191,0
768192,0
768193,0
768194,0
768195,0
768196,0
768197,0
768198,0
768199,0
768200,0
768201,0
768202,0
768203,0
768204,0
768205,38
768206,0
768207,0
768208,0
768209,30
768210,0
768211,0
768212,0
768213,0
768214,0
768215,0
768216,0
768217,0
768218,0
768219,0
768220,0
768221,0
768222,0
768223,0
768224,0
768225,0
768226,0
768227,0
768228,0
768229,0
768230,28
768231,0
768232,0
768233,0
768234,0
768235,0
768236,22
768237,0
768238,30
768239,0
768240,0
768241,0
768242,0
768243,0
768244,0
768245,31
768246,28
768247,36
768248,0
768249,0
768250,0
768251,0
768252,0
768253,0
768254,0
768255,0
768256,0
768257,0
768258,0
768259,0
768260,0
768261,0
768262,0
768263,0
768264,0
768265,0
768266,0
768267,0
768268,0
768269,0
768270,0
768271,0
768272,0
768273,0
768274,0
768275,0
768276,0
768277,0
768278,0
768279,26
768280,0
768281,0
768282,0
768283,0
768284,0
768285,0
768286,0
768287,38
768288,40
768289,0
768290,0
768291,0
768292,0
768293,0
768294,0
768295,0
768296,0
768297,0
768298,0
768299,0
768300,0
768301,0
768302,0
768303,0
768304,28
768305,0
768306,0
768307,0
768308,0
768309,0
768310,0
768311,0
768312,0
768313,0
768314,0
768315,40
768316,0
768317,0
768318,0
768319,0
768320,0
768321,0
768322,0
768323,0
768324,0
768325,23
768326,0
768327,32
768328,0
768329,0
768330,0
768331,0
768332,0
768333,0
768334,0
768335,0
768336,0
768337,0
768338,0
768339,0
768340,0
768341,0
768342,0
768343,0
768344,0
768345,0
768346,0
768347,0
768348,23
768349,0
768350,0
768351,31
768352,0
768353,0
768354,0
768355,0
768356,0
768357,0
768358,0
768359,0
768360,0
768361,0
768362,0
768363,0
768364,0
768365,0
768366,0
768367,29
768368,0
768369,21
768370,0
768371,0
768372,0
768373,0
768374,0
768375,33
768376,0
768377,0
768378,0
768379,0
768380,0
768381,0
768382,0
768383,0
768384,0
768385,0
768386,0
768387,0
768388,0
768389,9
768390,0
768391,0
768392,0
768393,4
768394,0
768395,0
768396,0
768397,0
768398,4
768399,0
768400,0
768401,0
768402,0
768403,4
768404,0
768405,0
768406,0
768407,3
768408,3
768409,0
768410,0
768411,0
768412,0
768413,0
768414,0
768415,0
768416,0
768417,0
768418,0
768419,0
768420,0
768421,0
768422,0
768423,4
768424,0
768425,7
768426,6
768427,0
768428,0
768429,0
768430,0
768431,0
768432,0
768433,1
768434,0
768435,0
768436,5
768437,10
768438,0
768439,0
768440,0
768441,0
768442,0
768443,0
768444,0
768445,0
768446,0
768447,0
768448,0
768449,0
768450,0
768451,8
768452,8
768453,0
768454,0
768455,0
768456,0
768457,0
768458,0
768459,0
768460,0
768461,0
768462,0
768463,0
768464,0
768465,0
768466,0
768467,0
768468,0
768469,0
768470,0
768471,0
768472,0
768473,0
768474,0
768475,0
768476,0
768477,0
768478,0
768479,0
768480,5
768481,0
768482,0
768483,0
768484,0
768485,0
768486,0
768487,0
768488,0
768489,0
768490,9
768491,0
768492,0
768493,0
768494,0
768495,0
768496,0
768497,0
768498,0
768499,0
768500,0
768501,5
768502,0
768503,1
768504,2
768505,0
768506,0
768507,6
768508,0
768509,4
768510,0
768511,0
768512,0
768513,0
768514,0
768515,0
768516,7
768517,0
768518,0
768519,1
768520,0
768521,0
768522,8
768523,0
768524,5
768525,0
768526,0
768527,0
768528,0
768529,0
768530,0
768531,0
768532,0
768533,0
768534,0
768535,4
768536,0
768537,5
768538,0
768539,0
768540,0
768541,0
768542,4
768543,0
768544,0
768545,0
768546,0
768547,0
768548,9
768549,5
768550,0
768551,0
768552,6
768553,3
768554,0
768555,0
768556,8
768557,0
768558,7
768559,0
768560,0
768561,0
768562,0
768563,3
768564,0
768565,0
768566,0
768567,0
768568,0
768569,5
768570,0
768571,6
768572,0
768573,10
768574,0
768575,5
768576,0
768577,0
768578,0
768579,0
768580,0
768581,0
768582,4
768583,4
768584,6
768585,0
768586,0
768587,0
768588,0
768589,7
768590,0
768591,2
768592,0
768593,3
768594,0
768595,0
768596,3
768597,0
768598,0
768599,0
768600,0
768601,0
768602,5
768603,0
768604,4
768605,0
768606,0
768607,0
768608,0
768609,0
768610,0
768611,4
768612,4
768613,0
768614,0
768615,0
768616,0
768617,2
768618,7
768619,0
768620,0
768621,0
768622,0
768623,0
768624,0
768625,0
768626,0
768627,0
768628,0
768629,6
768630,0
768631,0
768632,0
768633,0
768634,0
768635,0
768636,0
768637,0
768638,4
768639,8
768640,0
768641,0
768642,2
768643,0
768644,0
768645,0
768646,0
768647,0
768648,4
768649,0
768650,0
768651,5
768652,0
768653,2
768654,0
768655,5
768656,0
768657,0
768658,0
768659,0
768660,6
768661,0
768662,0
768663,0
768664,0
768665,3
768666,0
768667,11
768668,0
768669,0
768670,5
768671,0
768672,0
768673,0
768674,0
768675,0
768676,0
768677,0
768678,0
768679,0
768680,0
768681,0
768682,0
768683,1
768684,0
768685,5
768686,0
768687,0
768688,6
768689,0
768690,0
768691,0
768692,0
768693,0
768694,0
768695,0
768696,0
768697,1
768698,0
768699,3
768700,0
768701,0
768702,0
768703,0
768704,6
768705,0
768706,0
768707,0
768708,0
768709,0
768710,0
768711,0
768712,6
768713,0
768714,0
768715,0
768716,0
768717,0
768718,1
768719,0
768720,0
768721,0
768722,0
768723,0
768724,0
768725,0
768726,0
768727,0
768728,0
768729,0
768730,0
768731,0
768732,2
768733,0
768734,0
768735,0
768736,0
768737,0
768738,0
768739,0
768740,0
768741,0
768742,0
768743,5
768744,0
768745,0
768746,1
768747,5
768748,0
768749,0
768750,0
768751,0
768752,0
768753,6
768754,0
768755,0
768756,7
768757,0
768758,9
768759,0
768760,8
768761,0
768762,0
768763,0
768764,0
768765,0
768766,3
768767,3
768768,0
768769,0
768770,0
768771,0
768772,0
768773,0
768774,0
768775,0
768776,0
768777,0
768778,0
768779,0
768780,0
768781,0
768782,0
768783,0
768784,0
768785,4
768786,0
768787,1
768788,0
768789,0
768790,2
768791,3
768792,0
768793,0
768794,10
768795,0
768796,0
768797,0
768798,0
768799,0
768800,5
768801,0
768802,0
768803,6
768804,0
768805,5
768806,10
768807,0
768808,0
768809,0
768810,4
768811,0
768812,5
768813,0
768814,0
768815,0
768816,0
768817,0
768818,2
768819,0
768820,5
768821,2
768822,0
768823,0
768824,0
768825,7
768826,0
768827,0
768828,0
768829,0
768830,0
768831,0
768832,0
768833,0
768834,0
768835,0
768836,0
768837,0
768838,0
768839,0
768840,9
768841,5
768842,0
768843,1
768844,0
768845,0
768846,0
768847,2
768848,0
768849,0
768850,0
768851,0
768852,1
768853,5
768854,0
768855,0
768856,0
768857,3
768858,0
768859,0
768860,0
768861,0
768862,0
768863,0
768864,0
768865,1
768866,0
768867,0
768868,4
768869,0
768870,0
768871,0
768872,0
768873,7
768874,0
768875,0
768876,0
768877,0
768878,0
768879,0
768880,5
768881,0
768882,0
768883,0
768884,0
768885,0
768886,0
768887,0
768888,4
768889,5
768890,0
768891,0
768892,0
768893,0
768894,0
768895,7
768896,0
768897,0
768898,0
768899,0
768900,0
768901,0
768902,0
768903,0
768904,0
768905,0
768906,0
768907,2
768908,0
768909,0
768910,0
768911,0
768912,0
768913,0
768914,4
768915,3
768916,0
768917,0
768918,0
768919,0
768920,0
768921,0
768922,0
768923,0
768924,3
768925,0
768926,0
768927,0
768928,0
768929,0
768930,0
768931,2
768932,0
768933,0
768934,0
768935,0
768936,0
768937,0
768938,5
768939,5
768940,0
768941,0
768942,0
768943,0
768944,0
768945,0
768946,0
768947,39
768948,0
768949,0
768950,0
768951,0
768952,0
768953,0
768954,0
768955,0
768956,0
768957,0
768958,0
768959,0
768960,0
768961,0
768962,0
768963,0
768964,0
768965,0
768966,0
768967,0
768968,0
768969,0
768970,0
768971,0
768972,0
768973,29
768974,0
768975,0
768976,0
768977,0
768978,0
768979,0
768980,0
768981,0
768982,0
768983,27
768984,0
768985,0
768986,0
768987,0
768988,0
768989,38
768990,0
768991,21
768992,0
768993,0
768994,0
768995,0
768996,0
768997,0
768998,0
768999,0
769000,0
769001,0
769002,0
769003,0
769004,0
769005,0
769006,23
769007,0
769008,0
769009,33
769010,0
769011,0
769012,0
769013,0
769014,52
769015,0
769016,24
769017,0
769018,0
769019,0
769020,35
769021,0
769022,0
769023,0
769024,0
769025,0
769026,0
769027,0
769028,25
769029,0
769030,0
769031,0
769032,0
769033,0
769034,0
769035,0
769036,0
769037,0
769038,0
769039,0
769040,24
769041,0
769042,0
769043,20
769044,0
769045,0
769046,26
769047,35
769048,0
769049,0
769050,0
769051,0
769052,0
769053,0
769054,0
769055,45
769056,0
769057,0
769058,36
769059,0
769060,0
769061,0
769062,0
769063,0
769064,31
769065,0
769066,27
769067,0
769068,25
769069,0
769070,31
769071,0
769072,0
769073,24
769074,0
769075,0
769076,0
769077,24
769078,0
769079,0
769080,0
769081,0
769082,0
769083,0
769084,0
769085,0
769086,0
769087,0
769088,0
769089,0
769090,0
769091,0
769092,0
769093,32
769094,0
769095,0
769096,34
769097,0
769098,35
769099,0
769100,34
769101,0
769102,0
769103,0
769104,24
769105,0
769106,25
769107,0
769108,26
769109,12
769110,0
769111,0
769112,0
769113,0
769114,0
769115,0
769116,0
769117,0
769118,0
769119,0
769120,0
769121,35
769122,30
769123,0
769124,0
769125,0
769126,0
769127,0
769128,1
769129,0
769130,0
769131,0
769132,0
769133,0
769134,0
769135,0
769136,0
769137,0
769138,0
769139,0
769140,0
769141,0
769142,0
769143,0
769144,1
769145,0
769146,0
769147,0
769148,0
769149,0
769150,0
769151,0
769152,0
769153,0
769154,0
769155,0
769156,0
769157,0
769158,0
769159,0
769160,0
769161,0
769162,0
769163,0
769164,0
769165,0
769166,0
769167,0
769168,0
769169,0
769170,0
769171,0
769172,0
769173,0
769174,0
769175,0
769176,0
769177,0
769178,0
769179,0
769180,0
769181,0
769182,0
769183,0
769184,0
769185,0
769186,0
769187,0
769188,0
769189,0
769190,0
769191,0
769192,0
769193,0
769194,0
769195,0
769196,0
769197,0
769198,0
769199,1
769200,0
769201,0
769202,0
769203,0
769204,0
769205,0
769206,0
769207,0
769208,0
769209,0
769210,0
769211,0
769212,0
769213,0
769214,0
769215,0
769216,0
769217,0
769218,0
769219,0
769220,0
769221,0
769222,0
769223,0
769224,0
769225,0
769226,0
769227,0
769228,0
769229,0
769230,0
769231,0
769232,0
769233,0
769234,0
769235,0
769236,0
769237,0
769238,0
769239,0
769240,0
769241,0
769242,0
769243,0
769244,0
769245,0
769246,0
769247,0
769248,0
769249,0
769250,0
769251,0
769252,0
769253,0
769254,0
769255,0
769256,0
769257,0
769258,0
769259,0
769260,0
769261,0
769262,0
769263,0
769264,0
769265,0
769266,0
769267,0
769268,0
769269,0
769270,0
769271,0
769272,0
769273,0
769274,0
769275,0
769276,0
769277,0
769278,0
769279,0
769280,0
769281,0
769282,0
769283,0
769284,0
769285,0
769286,0
769287,0
769288,0
769289,0
769290,0
769291,1
769292,0
769293,0
769294,0
769295,0
769296,0
769297,0
769298,0
769299,0
769300,0
769301,0
769302,0
769303,0
769304,0
769305,0
769306,0
769307,0
769308,0
769309,0
769310,0
769311,0
769312,0
769313,0
769314,0
769315,0
769316,0
769317,0
769318,0
769319,0
769320,0
769321,0
769322,0
769323,0
769324,0
769325,0
769326,0
769327,0
769328,0
769329,0
769330,0
769331,0
769332,0
769333,0
769334,0
769335,0
769336,0
769337,0
769338,0
769339,0
769340,0
769341,0
769342,0
769343,0
769344,0
769345,0
769346,0
769347,0
769348,0
769349,0
769350,0
769351,0
769352,0
769353,0
769354,0
769355,0
769356,0
769357,0
769358,0
769359,0
769360,0
769361,0
769362,0
769363,0
769364,0
769365,0
769366,0
769367,0
769368,0
769369,0
769370,0
769371,0
769372,0
769373,0
769374,0
769375,0
769376,0
769377,0
769378,0
769379,0
769380,0
769381,0
769382,0
769383,0
769384,0
769385,0
769386,0
769387,0
769388,0
769389,0
769390,0
769391,0
769392,0
769393,0
769394,0
769395,0
769396,0
769397,0
769398,0
769399,0
769400,0
769401,0
769402,0
769403,0
769404,0
769405,0
769406,0
769407,0
769408,0
769409,0
769410,0
769411,0
769412,0
769413,0
769414,0
769415,0
769416,0
769417,0
769418,0
769419,0
769420,0
769421,0
769422,0
769423,0
769424,0
769425,0
769426,0
769427,0
769428,0
769429,0
769430,0
769431,0
769432,0
769433,0
769434,0
769435,0
769436,0
769437,0
769438,0
769439,0
769440,0
769441,0
769442,0
769443,0
769444,0
769445,0
769446,0
769447,0
769448,0
769449,0
769450,0
769451,0
769452,0
769453,0
769454,0
769455,0
769456,0
769457,0
769458,0
769459,0
769460,0
769461,0
769462,0
769463,0
769464,0
769465,0
769466,0
769467,0
769468,0
769469,0
769470,0
769471,0
769472,0
769473,0
769474,0
769475,0
769476,0
769477,0
769478,0
769479,0
769480,0
769481,0
769482,0
769483,0
769484,0
769485,0
769486,0
769487,0
769488,0
769489,0
769490,0
769491,0
769492,0
769493,0
769494,0
769495,0
769496,0
769497,0
769498,0
769499,0
769500,0
769501,0
769502,0
769503,0
769504,0
769505,0
769506,0
769507,0
769508,0
769509,0
769510,0
769511,0
769512,0
769513,0
769514,0
769515,0
769516,0
769517,0
769518,0
769519,0
769520,0
769521,0
769522,1
769523,0
769524,0
769525,0
769526,0
769527,0
769528,0
769529,0
769530,0
769531,0
769532,0
769533,0
769534,0
769535,0
769536,0
769537,0
769538,0
769539,0
769540,0
769541,0
769542,0
769543,0
769544,0
769545,0
769546,0
769547,0
769548,0
769549,0
769550,0
769551,0
769552,0
769553,0
769554,0
769555,0
769556,0
769557,0
769558,0
769559,0
769560,0
769561,0
769562,0
769563,0
769564,0
769565,1
769566,0
769567,0
769568,0
769569,0
769570,0
769571,0
769572,0
769573,0
769574,0
769575,0
769576,0
769577,0
769578,0
769579,0
769580,0
769581,1
769582,0
769583,0
769584,0
769585,1
769586,0
769587,0
769588,0
769589,0
769590,0
769591,0
769592,0
769593,0
769594,0
769595,0
769596,0
769597,0
769598,0
769599,0
769600,0
769601,0
769602,0
769603,0
769604,0
769605,0
769606,0
769607,0
769608,0
769609,0
769610,0
769611,1
769612,0
769613,0
769614,0
769615,0
769616,0
769617,0
769618,0
769619,0
769620,0
769621,0
769622,0
769623,0
769624,0
769625,0
769626,0
769627,0
769628,0
769629,0
769630,0
769631,0
769632,0
769633,0
769634,0
769635,0
769636,0
769637,0
769638,0
769639,9
769640,10
769641,0
769642,0
769643,0
769644,0
769645,0
769646,5
769647,0
769648,7
769649,0
769650,0
769651,0
769652,0
769653,0
769654,9
769655,0
769656,0
769657,0
769658,0
769659,0
769660,0
769661,0
769662,0
769663,0
769664,0
769665,0
769666,0
769667,0
769668,0
769669,0
769670,0
769671,6
769672,0
769673,0
769674,0
769675,0
769676,0
769677,0
769678,0
769679,0
769680,0
769681,0
769682,12
769683,0
769684,0
769685,14
769686,0
769687,0
769688,0
769689,0
769690,0
769691,0
769692,0
769693,0
769694,0
769695,0
769696,7
769697,0
769698,0
769699,8
769700,0
769701,0
769702,0
769703,9
769704,0
769705,2
769706,0
769707,0
769708,12
769709,0
769710,0
769711,0
769712,0
769713,0
769714,10
769715,0
769716,10
769717,0
769718,0
769719,0
769720,0
769721,0
769722,0
769723,4
769724,0
769725,0
769726,9
769727,0
769728,0
769729,0
769730,0
769731,10
769732,0
769733,0
769734,0
769735,0
769736,3
769737,11
769738,0
769739,0
769740,0
769741,7
769742,0
769743,0
769744,0
769745,9
769746,0
769747,0
769748,0
769749,3
769750,0
769751,0
769752,0
769753,0
769754,0
769755,0
769756,0
769757,0
769758,0
769759,0
769760,0
769761,10
769762,0
769763,0
769764,0
769765,0
769766,6
769767,0
769768,4
769769,0
769770,0
769771,0
769772,0
769773,0
769774,0
769775,0
769776,0
769777,0
769778,3
769779,0
769780,0
769781,0
769782,0
769783,0
769784,0
769785,0
769786,0
769787,0
769788,0
769789,0
769790,0
769791,0
769792,4
769793,0
769794,0
769795,0
769796,3
769797,0
769798,0
769799,0
769800,0
769801,0
769802,0
769803,0
769804,0
769805,0
769806,9
769807,0
769808,0
769809,0
769810,0
769811,0
769812,7
769813,0
769814,0
769815,0
769816,0
769817,8
769818,0
769819,0
769820,0
769821,0
769822,0
769823,0
769824,0
769825,0
769826,9
769827,7
769828,0
769829,2
769830,0
769831,11
769832,0
769833,0
769834,0
769835,0
769836,7
769837,0
769838,0
769839,0
769840,0
769841,0
769842,0
769843,0
769844,0
769845,0
769846,0
769847,0
769848,5
769849,0
769850,0
769851,0
769852,12
769853,0
769854,4
769855,0
769856,0
769857,0
769858,0
769859,0
769860,0
769861,0
769862,0
769863,0
769864,9
769865,0
769866,0
769867,0
769868,0
769869,6
769870,4
769871,0
769872,0
769873,0
769874,0
769875,0
769876,0
769877,8
769878,8
769879,14
769880,0
769881,0
769882,0
769883,0
769884,0
769885,0
769886,0
769887,0
769888,0
769889,0
769890,0
769891,0
769892,0
769893,0
769894,0
769895,0
769896,0
769897,0
769898,0
769899,0
769900,0
769901,0
769902,0
769903,8
769904,0
769905,0
769906,0
769907,0
769908,0
769909,0
769910,0
769911,0
769912,0
769913,9
769914,0
769915,0
769916,0
769917,0
769918,5
769919,0
769920,0
769921,0
769922,0
769923,8
769924,0
769925,0
769926,0
769927,0
769928,0
769929,0
769930,0
769931,11
769932,15
769933,5
769934,0
769935,0
769936,0
769937,0
769938,0
769939,0
769940,0
769941,0
769942,0
769943,4
769944,8
769945,0
769946,0
769947,0
769948,0
769949,5
769950,0
769951,0
769952,0
769953,5
769954,0
769955,0
769956,0
769957,0
769958,0
769959,0
769960,0
769961,6
769962,0
769963,0
769964,0
769965,0
769966,7
769967,0
769968,0
769969,0
769970,0
769971,0
769972,0
769973,0
769974,0
769975,0
769976,0
769977,7
769978,0
769979,6
769980,5
769981,0
769982,11
769983,0
769984,0
769985,0
769986,0
769987,4
769988,0
769989,0
769990,0
769991,0
769992,6
769993,6
769994,0
769995,0
769996,2
769997,0
769998,4
769999,0
770000,0
770001,0
770002,0
770003,8
770004,0
770005,0
770006,0
770007,9
770008,0
770009,0
770010,5
770011,7
770012,0
770013,0
770014,0
770015,0
770016,0
770017,8
770018,0
770019,0
770020,3
770021,0
770022,0
770023,0
770024,0
770025,0
770026,0
770027,0
770028,0
770029,0
770030,0
770031,0
770032,0
770033,0
770034,4
770035,0
770036,0
770037,0
770038,0
770039,0
770040,0
770041,0
770042,0
770043,0
770044,0
770045,0
770046,4
770047,0
770048,0
770049,0
770050,10
770051,0
770052,0
770053,0
770054,0
770055,0
770056,3
770057,0
770058,0
770059,0
770060,0
770061,6
770062,0
770063,0
770064,0
770065,0
770066,0
770067,5
770068,0
770069,8
770070,0
770071,0
770072,0
770073,0
770074,0
770075,0
770076,2
770077,0
770078,4
770079,0
770080,0
770081,9
770082,0
770083,0
770084,0
770085,0
770086,0
770087,0
770088,0
770089,8
770090,0
770091,10
770092,0
770093,0
770094,0
770095,10
770096,0
770097,4
770098,9
770099,0
770100,0
770101,0
770102,0
770103,4
770104,7
770105,0
770106,0
770107,0
770108,0
770109,0
770110,0
770111,0
770112,0
770113,12
770114,0
770115,0
770116,0
770117,0
770118,0
770119,4
770120,5
770121,0
770122,0
770123,0
770124,0
770125,0
770126,0
770127,0
770128,0
770129,0
770130,0
770131,0
770132,0
770133,0
770134,0
770135,0
770136,0
770137,0
770138,0
770139,0
770140,0
770141,0
770142,0
770143,0
770144,8
770145,7
770146,5
770147,0
770148,0
770149,4
770150,0
770151,0
770152,0
770153,0
770154,8
770155,0
770156,0
770157,10
770158,0
770159,0
770160,0
770161,0
770162,0
770163,0
770164,4
770165,0
770166,0
770167,7
770168,0
770169,0
770170,0
770171,0
770172,0
770173,0
770174,0
770175,4
770176,0
770177,0
770178,0
770179,0
770180,0
770181,9
770182,0
770183,0
770184,0
770185,0
770186,0
770187,9
770188,0
770189,0
770190,0
770191,0
770192,0
770193,0
770194,0
770195,0
770196,0
770197,0
770198,0
770199,0
770200,0
770201,0
770202,0
770203,0
770204,5
770205,0
770206,0
770207,0
770208,0
770209,6
770210,0
770211,0
770212,0
770213,0
770214,0
770215,0
770216,4
770217,0
770218,0
770219,0
770220,11
770221,7
770222,0
770223,0
770224,0
770225,0
770226,0
770227,12
770228,0
770229,0
770230,0
770231,0
770232,0
770233,0
770234,0
770235,0
770236,0
770237,10
770238,3
770239,0
770240,0
770241,2
770242,0
770243,0
770244,0
770245,8
770246,0
770247,7
770248,0
770249,5
770250,4
770251,6
770252,0
770253,0
770254,4
770255,0
770256,0
770257,0
770258,0
770259,0
770260,2
770261,0
770262,0
770263,0
770264,0
770265,0
770266,0
770267,9
770268,0
770269,13
770270,0
770271,0
770272,6
770273,0
770274,0
770275,8
770276,0
770277,0
770278,0
770279,0
770280,0
770281,0
770282,0
770283,0
770284,0
770285,0
770286,0
770287,0
770288,0
770289,0
770290,0
770291,0
770292,0
770293,0
770294,0
770295,0
770296,0
770297,0
770298,0
770299,0
770300,0
770301,0
770302,0
770303,0
770304,4
770305,0
770306,0
770307,0
770308,8
770309,0
770310,0
770311,7
770312,0
770313,0
770314,0
770315,7
770316,8
770317,0
770318,0
770319,0
770320,0
770321,0
770322,0
770323,0
770324,0
770325,8
770326,0
770327,0
770328,0
770329,5
770330,0
770331,6
770332,0
770333,0
770334,0
770335,0
770336,0
770337,0
770338,7
770339,0
770340,0
770341,0
770342,5
770343,0
770344,0
770345,6
770346,0
770347,0
770348,0
770349,0
770350,0
770351,0
770352,0
770353,9
770354,6
770355,0
770356,0
770357,0
770358,0
770359,0
770360,0
770361,0
770362,0
770363,0
770364,5
770365,0
770366,0
770367,0
770368,0
770369,0
770370,0
770371,6
770372,0
770373,0
770374,0
770375,0
770376,0
770377,0
770378,0
770379,0
770380,0
770381,0
770382,0
770383,10
770384,0
770385,0
770386,6
770387,0
770388,12
770389,0
770390,0
770391,0
770392,0
770393,0
770394,0
770395,0
770396,8
770397,7
770398,4
770399,0
770400,0
770401,0
770402,12
770403,0
770404,0
770405,0
770406,0
770407,0
770408,0
770409,0
770410,0
770411,0
770412,8
770413,0
770414,8
770415,0
770416,0
770417,0
770418,0
770419,0
770420,0
770421,0
770422,0
770423,0
770424,5
770425,0
770426,0
770427,0
770428,0
770429,0
770430,0
770431,8
770432,0
770433,0
770434,0
770435,0
770436,10
770437,0
770438,0
770439,0
770440,0
770441,0
770442,0
770443,0
770444,0
770445,0
770446,0
770447,7
770448,0
770449,0
770450,0
770451,0
770452,0
770453,0
770454,0
770455,0
770456,0
770457,0
770458,0
770459,0
770460,0
770461,0
770462,0
770463,0
770464,0
770465,0
770466,18
770467,0
770468,0
770469,0
770470,0
770471,38
770472,0
770473,0
770474,25
770475,28
770476,0
770477,0
770478,0
770479,0
770480,0
770481,0
770482,0
770483,0
770484,0
770485,0
770486,0
770487,0
770488,0
770489,0
770490,0
770491,0
770492,0
770493,22
770494,34
770495,0
770496,0
770497,0
770498,0
770499,0
770500,0
770501,20
770502,0
770503,0
770504,8
770505,0
770506,0
770507,0
770508,0
770509,0
770510,0
770511,0
770512,0
770513,0
770514,30
770515,0
770516,0
770517,0
770518,28
770519,31
770520,0
770521,0
770522,21
770523,0
770524,30
770525,0
770526,0
770527,0
770528,0
770529,0
770530,0
770531,0
770532,0
770533,0
770534,0
770535,0
770536,0
770537,0
770538,14
770539,0
770540,0
770541,0
770542,21
770543,0
770544,0
770545,0
770546,21
770547,0
770548,0
770549,0
770550,30
770551,0
770552,23
770553,0
770554,0
770555,14
770556,0
770557,0
770558,0
770559,0
770560,0
770561,0
770562,0
770563,0
770564,0
770565,0
770566,0
770567,0
770568,0
770569,0
770570,0
770571,0
770572,12
770573,0
770574,0
770575,0
770576,0
770577,0
770578,0
770579,0
770580,0
770581,30
770582,0
770583,0
770584,0
770585,0
770586,0
770587,24
770588,21
770589,0
770590,0
770591,0
770592,14
770593,0
770594,21
770595,24
770596,0
770597,0
770598,0
770599,0
770600,0
770601,0
770602,0
770603,0
770604,0
770605,20
770606,0
770607,0
770608,0
770609,0
770610,0
770611,30
770612,0
770613,0
770614,0
770615,0
770616,0
770617,0
770618,0
770619,0
770620,18
770621,0
770622,0
770623,0
770624,0
770625,0
770626,0
770627,0
770628,26
770629,0
770630,0
770631,29
770632,0
770633,0
770634,0
770635,21
770636,22
770637,0
770638,0
770639,0
770640,0
770641,15
770642,17
770643,0
770644,0
770645,0
770646,0
770647,0
770648,0
770649,0
770650,0
770651,19
770652,0
770653,0
770654,0
770655,0
770656,0
770657,0
770658,0
770659,0
770660,0
770661,19
770662,0
770663,0
770664,0
770665,0
770666,0
770667,11
770668,0
770669,0
770670,23
770671,29
770672,0
770673,0
770674,0
770675,0
770676,13
770677,0
770678,0
770679,0
770680,0
770681,0
770682,0
770683,35
770684,21
770685,0
770686,0
770687,0
770688,0
770689,0
770690,13
770691,16
770692,0
770693,0
770694,0
770695,0
770696,0
770697,0
770698,27
770699,26
770700,0
770701,0
770702,15
770703,29
770704,0
770705,0
770706,0
770707,0
770708,0
770709,0
770710,0
770711,0
770712,0
770713,0
770714,18
770715,0
770716,0
770717,0
770718,0
770719,18
770720,22
770721,0
770722,0
770723,0
770724,0
770725,17
770726,0
770727,20
770728,25
770729,0
770730,0
770731,0
770732,0
770733,20
770734,22
770735,0
770736,0
770737,0
770738,0
770739,0
770740,0
770741,19
770742,0
770743,24
770744,0
770745,0
770746,0
770747,0
770748,0
770749,0
770750,0
770751,0
770752,0
770753,0
770754,18
770755,20
770756,0
770757,0
770758,0
770759,0
770760,20
770761,0
770762,0
770763,23
770764,22
770765,0
770766,0
770767,0
770768,0
770769,24
770770,0
770771,19
770772,0
770773,0
770774,0
770775,22
770776,0
770777,0
770778,20
770779,0
770780,0
770781,27
770782,0
770783,0
770784,16
770785,24
770786,0
770787,0
770788,0
770789,20
770790,34
770791,14
770792,16
770793,0
770794,0
770795,0
770796,0
770797,0
770798,0
770799,0
770800,21
770801,0
770802,0
770803,0
770804,0
770805,0
770806,19
770807,16
770808,0
770809,0
770810,0
770811,0
770812,0
770813,0
770814,0
770815,0
770816,0
770817,16
770818,0
770819,0
770820,16
770821,0
770822,0
770823,0
770824,0
770825,0
770826,0
770827,0
770828,19
770829,0
770830,0
770831,0
770832,0
770833,22
770834,41
770835,0
770836,0
770837,0
770838,0
770839,0
770840,0
770841,0
770842,0
770843,0
770844,0
770845,18
770846,23
770847,0
770848,24
770849,0
770850,0
770851,0
770852,0
770853,0
770854,0
770855,26
770856,22
770857,0
770858,0
770859,0
770860,22
770861,0
770862,0
770863,0
770864,0
770865,0
770866,24
770867,22
770868,0
770869,0
770870,0
770871,27
770872,0
770873,25
770874,0
770875,0
770876,0
770877,0
770878,0
770879,0
770880,0
770881,0
770882,0
770883,0
770884,0
770885,0
770886,0
770887,0
770888,0
770889,0
770890,0
770891,0
770892,24
770893,0
770894,16
770895,0
770896,0
770897,15
770898,0
770899,0
770900,0
770901,19
770902,30
770903,0
770904,20
770905,0
770906,0
770907,0
770908,0
770909,0
770910,0
770911,0
770912,24
770913,0
770914,0
770915,0
770916,0
770917,24
770918,0
770919,0
770920,0
770921,0
770922,0
770923,0
770924,0
770925,0
770926,0
770927,0
770928,18
770929,0
770930,0
770931,0
770932,0
770933,15
770934,0
770935,26
770936,0
770937,0
770938,27
770939,0
770940,0
770941,28
770942,34
770943,0
770944,21
770945,14
770946,0
770947,28
770948,0
770949,0
770950,24
770951,0
770952,0
770953,0
770954,0
770955,0
770956,0
770957,0
770958,0
770959,0
770960,0
770961,0
770962,24
770963,0
770964,0
770965,0
770966,0
770967,0
770968,30
770969,0
770970,23
770971,0
770972,17
770973,28
770974,23
770975,0
770976,0
770977,0
770978,0
770979,0
770980,0
770981,0
770982,0
770983,0
770984,0
770985,0
770986,0
770987,14
770988,0
770989,0
770990,24
770991,0
770992,0
770993,0
770994,0
770995,0
770996,16
770997,0
770998,32
770999,0
771000,0
771001,23
771002,0
771003,0
771004,22
771005,0
771006,0
771007,0
771008,0
771009,0
771010,0
771011,0
771012,0
771013,0
771014,28
771015,0
771016,33
771017,0
771018,0
771019,0
771020,0
771021,16
771022,30
771023,0
771024,0
771025,0
771026,0
771027,0
771028,0
771029,0
771030,0
771031,0
771032,0
771033,0
771034,0
771035,24
771036,0
771037,0
771038,0
771039,26
771040,0
771041,24
771042,0
771043,0
771044,0
771045,21
771046,32
771047,0
771048,0
771049,0
771050,0
771051,0
771052,16
771053,0
771054,0
771055,0
771056,21
771057,0
771058,0
771059,28
771060,0
771061,0
771062,0
771063,0
771064,0
771065,0
771066,22
771067,0
771068,28
771069,0
771070,0
771071,0
771072,0
771073,0
771074,0
771075,16
771076,0
771077,0
771078,0
771079,0
771080,21
771081,0
771082,0
771083,18
771084,0
771085,0
771086,23
771087,0
771088,28
771089,22
771090,0
771091,0
771092,0
771093,0
771094,0
771095,0
771096,0
771097,17
771098,0
771099,0
771100,0
771101,15
771102,23
771103,0
771104,0
771105,0
771106,0
771107,0
771108,0
771109,17
771110,0
771111,24
771112,0
771113,0
771114,0
771115,0
771116,0
771117,0
771118,0
771119,0
771120,0
771121,0
771122,0
771123,0
771124,14
771125,0
771126,0
771127,0
771128,0
771129,0
771130,22
771131,32
771132,0
771133,0
771134,24
771135,0
771136,0
771137,0
771138,0
771139,0
771140,22
771141,30
771142,0
771143,0
771144,26
771145,0
771146,11
771147,0
771148,0
771149,0
771150,22
771151,29
771152,0
771153,0
771154,0
771155,0
771156,18
771157,22
771158,0
771159,22
771160,0
771161,0
771162,0
771163,0
771164,24
771165,0
771166,0
771167,0
771168,0
771169,14
771170,0
771171,0
771172,0
771173,0
771174,0
771175,0
771176,0
771177,0
771178,0
771179,20
771180,0
771181,18
771182,0
771183,0
771184,0
771185,0
771186,0
771187,0
771188,0
771189,30
771190,0
771191,0
771192,0
771193,0
771194,0
771195,0
771196,0
771197,0
771198,0
771199,23
771200,26
771201,0
771202,0
771203,0
771204,0
771205,0
771206,19
771207,0
771208,0
771209,0
771210,0
771211,0
771212,0
771213,0
771214,18
771215,0
771216,0
771217,0
771218,0
771219,0
771220,0
771221,0
771222,0
771223,0
771224,0
771225,0
771226,0
771227,0
771228,27
771229,0
771230,19
771231,0
771232,0
771233,0
771234,0
771235,0
771236,0
771237,0
771238,0
771239,0
771240,24
771241,27
771242,0
771243,18
771244,0
771245,0
771246,0
771247,0
771248,0
771249,0
771250,27
771251,0
771252,0
771253,0
771254,0
771255,0
771256,0
771257,0
771258,0
771259,31
771260,0
771261,0
771262,0
771263,0
771264,0
771265,0
771266,0
771267,25
771268,0
771269,0
771270,0
771271,0
771272,0
771273,0
771274,0
771275,0
771276,0
771277,0
771278,0
771279,0
771280,0
771281,0
771282,22
771283,0
771284,23
771285,22
771286,0
771287,0
771288,0
771289,0
771290,0
771291,0
771292,0
771293,0
771294,0
771295,0
771296,0
771297,0
771298,0
771299,0
771300,0
771301,0
771302,20
771303,12
771304,0
771305,0
771306,0
771307,0
771308,0
771309,0
771310,0
771311,0
771312,0
771313,0
771314,0
771315,0
771316,0
771317,0
771318,0
771319,0
771320,35
771321,0
771322,0
771323,0
771324,0
771325,0
771326,0
771327,0
771328,0
771329,0
771330,0
771331,0
771332,0
771333,0
771334,0
771335,39
771336,0
771337,0
771338,44
771339,0
771340,0
771341,0
771342,0
771343,0
771344,0
771345,0
771346,0
771347,0
771348,30
771349,0
771350,0
771351,39
771352,40
771353,0
771354,0
771355,0
771356,0
771357,0
771358,33
771359,22
771360,0
771361,27
771362,0
771363,0
771364,0
771365,0
771366,0
771367,38
771368,0
771369,0
771370,0
771371,0
771372,0
771373,0
771374,30
771375,47
771376,42
771377,0
771378,0
771379,28
771380,39
771381,0
771382,0
771383,0
771384,0
771385,0
771386,0
771387,0
771388,0
771389,0
771390,0
771391,0
771392,0
771393,0
771394,0
771395,37
771396,0
771397,0
771398,0
771399,33
771400,54
771401,0
771402,0
771403,0
771404,37
771405,0
771406,0
771407,41
771408,0
771409,0
771410,0
771411,0
771412,0
771413,0
771414,0
771415,0
771416,0
771417,37
771418,0
771419,0
771420,0
771421,39
771422,0
771423,0
771424,0
771425,0
771426,0
771427,0
771428,0
771429,0
771430,0
771431,0
771432,0
771433,0
771434,0
771435,0
771436,0
771437,50
771438,0
771439,0
771440,0
771441,0
771442,0
771443,0
771444,0
771445,0
771446,0
771447,37
771448,0
771449,0
771450,0
771451,0
771452,0
771453,0
771454,0
771455,0
771456,0
771457,0
771458,0
771459,0
771460,33
771461,0
771462,0
771463,0
771464,0
771465,0
771466,0
771467,0
771468,0
771469,33
771470,0
771471,42
771472,38
771473,0
771474,0
771475,0
771476,35
771477,0
771478,0
771479,0
771480,47
771481,0
771482,0
771483,0
771484,0
771485,0
771486,0
771487,0
771488,0
771489,31
771490,0
771491,27
771492,0
771493,0
771494,0
771495,0
771496,0
771497,0
771498,0
771499,0
771500,34
771501,17
771502,36
771503,0
771504,0
771505,0
771506,0
771507,0
771508,0
771509,0
771510,0
771511,37
771512,0
771513,0
771514,0
771515,53
771516,0
771517,32
771518,34
771519,0
771520,0
771521,0
771522,31
771523,0
771524,0
771525,32
771526,0
771527,0
771528,40
771529,0
771530,0
771531,0
771532,0
771533,0
771534,0
771535,0
771536,0
771537,0
771538,0
771539,0
771540,38
771541,0
771542,0
771543,0
771544,0
771545,0
771546,0
771547,0
771548,0
771549,0
771550,40
771551,0
771552,0
771553,36
771554,0
771555,0
771556,0
771557,35
771558,0
771559,46
771560,0
771561,0
771562,0
771563,0
771564,0
771565,33
771566,0
771567,0
771568,0
771569,40
771570,0
771571,0
771572,0
771573,0
771574,0
771575,0
771576,46
771577,32
771578,52
771579,0
771580,0
771581,0
771582,0
771583,0
771584,0
771585,0
771586,0
771587,35
771588,0
771589,0
771590,0
771591,0
771592,0
771593,0
771594,0
771595,0
771596,0
771597,40
771598,0
771599,44
771600,0
771601,0
771602,0
771603,0
771604,0
771605,0
771606,0
771607,21
771608,0
771609,0
771610,0
771611,0
771612,0
771613,0
771614,0
771615,0
771616,0
771617,0
771618,0
771619,0
771620,0
771621,0
771622,0
771623,0
771624,0
771625,0
771626,0
771627,0
771628,0
771629,0
771630,33
771631,0
771632,36
771633,0
771634,0
771635,28
771636,0
771637,0
771638,35
771639,0
771640,47
771641,0
771642,40
771643,0
771644,0
771645,45
771646,0
771647,0
771648,0
771649,0
771650,43
771651,39
771652,0
771653,35
771654,0
771655,0
771656,0
771657,0
771658,0
771659,0
771660,0
771661,0
771662,28
771663,32
771664,0
771665,0
771666,0
771667,0
771668,0
771669,0
771670,0
771671,0
771672,0
771673,0
771674,0
771675,0
771676,33
771677,36
771678,0
771679,0
771680,0
771681,0
771682,0
771683,0
771684,0
771685,0
771686,0
771687,0
771688,0
771689,0
771690,0
771691,0
771692,0
771693,0
771694,0
771695,0
771696,57
771697,0
771698,0
771699,0
771700,0
771701,0
771702,26
771703,0
771704,45
771705,0
771706,0
771707,0
771708,0
771709,0
771710,0
771711,0
771712,0
771713,40
771714,0
771715,0
771716,0
771717,0
771718,37
771719,0
771720,0
771721,0
771722,0
771723,0
771724,0
771725,0
771726,0
771727,0
771728,0
771729,0
771730,0
771731,0
771732,0
771733,0
771734,0
771735,0
771736,0
771737,48
771738,0
771739,0
771740,0
771741,0
771742,0
771743,0
771744,0
771745,0
771746,0
771747,0
771748,0
771749,0
771750,35
771751,0
771752,0
771753,50
771754,42
771755,0
771756,0
771757,29
771758,0
771759,0
771760,33
771761,0
771762,0
771763,0
771764,0
771765,0
771766,23
771767,0
771768,0
771769,0
771770,0
771771,27
771772,0
771773,0
771774,0
771775,0
771776,39
771777,0
771778,0
771779,29
771780,0
771781,0
771782,0
771783,39
771784,0
771785,0
771786,0
771787,0
771788,0
771789,0
771790,0
771791,0
771792,42
771793,0
771794,28
771795,0
771796,0
771797,46
771798,0
771799,0
771800,0
771801,0
771802,0
771803,0
771804,35
771805,0
771806,0
771807,0
771808,0
771809,38
771810,0
771811,0
771812,0
771813,0
771814,0
771815,0
771816,52
771817,39
771818,40
771819,0
771820,0
771821,0
771822,26
771823,0
771824,0
771825,0
771826,43
771827,0
771828,38
771829,0
771830,0
771831,34
771832,40
771833,45
771834,0
771835,0
771836,0
771837,0
771838,0
771839,0
771840,0
771841,41
771842,37
771843,0
771844,0
771845,38
771846,0
771847,0
771848,27
771849,0
771850,0
771851,38
771852,0
771853,0
771854,0
771855,0
771856,0
771857,0
771858,0
771859,0
771860,23
771861,0
771862,0
771863,0
771864,0
771865,0
771866,0
771867,39
771868,0
771869,0
771870,0
771871,0
771872,0
771873,0
771874,0
771875,30
771876,0
771877,0
771878,0
771879,0
771880,0
771881,0
771882,0
771883,0
771884,0
771885,0
771886,32
771887,0
771888,0
771889,0
771890,0
771891,0
771892,0
771893,38
771894,0
771895,0
771896,49
771897,0
771898,0
771899,0
771900,0
771901,0
771902,0
771903,0
771904,0
771905,0
771906,27
771907,0
771908,0
771909,0
771910,0
771911,0
771912,0
771913,0
771914,20
771915,0
771916,0
771917,0
771918,0
771919,32
771920,0
771921,0
771922,0
771923,26
771924,0
771925,43
771926,0
771927,0
771928,0
771929,0
771930,0
771931,0
771932,0
771933,35
771934,23
771935,0
771936,0
771937,0
771938,0
771939,0
771940,0
771941,0
771942,0
771943,0
771944,0
771945,0
771946,0
771947,32
771948,0
771949,0
771950,0
771951,0
771952,30
771953,0
771954,25
771955,39
771956,25
771957,30
771958,0
771959,0
771960,0
771961,0
771962,0
771963,27
771964,0
771965,0
771966,0
771967,40
771968,0
771969,0
771970,0
771971,0
771972,35
771973,0
771974,0
771975,0
771976,0
771977,0
771978,25
771979,0
771980,0
771981,0
771982,36
771983,0
771984,32
771985,37
771986,0
771987,0
771988,0
771989,0
771990,0
771991,0
771992,32
771993,0
771994,39
771995,0
771996,0
771997,0
771998,0
771999,0
772000,0
772001,0
772002,0
772003,39
772004,29
772005,33
772006,0
772007,37
772008,0
772009,37
772010,25
772011,36
772012,0
772013,36
772014,0
772015,0
772016,0
772017,21
772018,0
772019,0
772020,41
772021,27
772022,0
772023,0
772024,0
772025,0
772026,0
772027,38
772028,0
772029,0
772030,0
772031,0
772032,0
772033,0
772034,37
772035,30
772036,0
772037,0
772038,54
772039,0
772040,32
772041,0
772042,0
772043,0
772044,0
772045,0
772046,0
772047,0
772048,0
772049,29
772050,37
772051,0
772052,0
772053,0
772054,0
772055,0
772056,0
772057,21
772058,34
772059,0
772060,0
772061,35
772062,0
772063,0
772064,0
772065,0
772066,0
772067,36
772068,0
772069,35
772070,0
772071,0
772072,0
772073,0
772074,0
772075,25
772076,0
772077,0
772078,36
772079,0
772080,0
772081,0
772082,0
772083,0
772084,0
772085,32
772086,0
772087,0
772088,33
772089,0
772090,33
772091,39
772092,23
772093,0
772094,25
772095,0
772096,0
772097,29
772098,23
772099,47
772100,33
772101,0
772102,0
772103,30
772104,0
772105,0
772106,0
772107,26
772108,28
772109,0
772110,31
772111,44
772112,0
772113,31
772114,0
772115,0
772116,0
772117,34
772118,0
772119,0
772120,0
772121,0
772122,26
772123,0
772124,0
772125,0
772126,0
772127,0
772128,30
772129,20
772130,0
772131,0
772132,32
772133,28
772134,0
772135,0
772136,0
772137,0
772138,30
772139,0
772140,28
772141,0
772142,0
772143,30
772144,29
772145,0
772146,42
772147,39
772148,31
772149,0
772150,32
772151,0
772152,0
772153,0
772154,0
772155,0
772156,34
772157,0
772158,0
772159,0
772160,0
772161,20
772162,0
772163,0
772164,25
772165,0
772166,35
772167,0
772168,0
772169,0
772170,35
772171,0
772172,0
772173,0
772174,0
772175,0
772176,0
772177,0
772178,0
772179,0
772180,0
772181,0
772182,0
772183,0
772184,0
772185,0
772186,0
772187,0
772188,0
772189,0
772190,0
772191,0
772192,48
772193,0
772194,0
772195,0
772196,19
772197,0
772198,0
772199,0
772200,29
772201,0
772202,0
772203,0
772204,0
772205,0
772206,0
772207,0
772208,0
772209,0
772210,0
772211,34
772212,0
772213,0
772214,0
772215,0
772216,0
772217,0
772218,37
772219,0
772220,0
772221,0
772222,0
772223,43
772224,0
772225,44
772226,32
772227,31
772228,0
772229,0
772230,28
772231,0
772232,19
772233,0
772234,0
772235,0
772236,0
772237,30
772238,34
772239,21
772240,0
772241,0
772242,50
772243,0
772244,0
772245,0
772246,0
772247,0
772248,0
772249,35
772250,0
772251,0
772252,0
772253,0
772254,0
772255,0
772256,0
772257,0
772258,29
772259,25
772260,35
772261,0
772262,0
772263,0
772264,26
772265,0
772266,0
772267,0
772268,31
772269,0
772270,36
772271,30
772272,0
772273,0
772274,0
772275,0
772276,0
772277,0
772278,0
772279,0
772280,0
772281,0
772282,25
772283,0
772284,45
772285,0
772286,0
772287,37
772288,43
772289,0
772290,0
772291,0
772292,0
772293,46
772294,0
772295,0
772296,0
772297,0
772298,36
772299,0
772300,0
772301,0
772302,0
772303,37
772304,0
772305,0
772306,0
772307,0
772308,0
772309,0
772310,0
772311,0
772312,0
772313,31
772314,0
772315,0
772316,27
772317,43
772318,0
772319,0
772320,0
772321,30
772322,0
772323,27
772324,0
772325,0
772326,35
772327,32
772328,0
772329,0
772330,0
772331,0
772332,0
772333,0
772334,0
772335,0
772336,0
772337,0
772338,44
772339,0
772340,22
772341,0
772342,0
772343,31
772344,0
772345,34
772346,0
772347,0
772348,0
772349,0
772350,0
772351,0
772352,0
772353,0
772354,0
772355,0
772356,0
772357,0
772358,0
772359,0
772360,0
772361,0
772362,0
772363,0
772364,0
772365,0
772366,0
772367,0
772368,0
772369,0
772370,0
772371,0
772372,0
772373,0
772374,0
772375,0
772376,0
772377,0
772378,0
772379,0
772380,0
772381,0
772382,0
772383,0
772384,0
772385,0
772386,0
772387,0
772388,0
772389,0
772390,0
772391,0
772392,0
772393,12
772394,0
772395,0
772396,0
772397,0
772398,0
772399,0
772400,20
772401,0
772402,32
772403,0
772404,0
772405,0
772406,0
772407,0
772408,0
772409,0
772410,0
772411,0
772412,0
772413,0
772414,0
772415,0
772416,0
772417,0
772418,0
772419,0
772420,0
772421,0
772422,28
772423,0
772424,0
772425,0
772426,24
772427,0
772428,0
772429,0
772430,0
772431,0
772432,0
772433,0
772434,0
772435,0
772436,0
772437,0
772438,0
772439,0
772440,0
772441,0
772442,0
772443,0
772444,0
772445,0
772446,22
772447,0
772448,0
772449,0
772450,0
772451,0
772452,44
772453,0
772454,0
772455,0
772456,0
772457,0
772458,0
772459,0
772460,0
772461,0
772462,0
772463,0
772464,0
772465,0
772466,0
772467,0
772468,0
772469,0
772470,0
772471,0
772472,0
772473,0
772474,0
772475,0
772476,0
772477,0
772478,0
772479,0
772480,0
772481,49
772482,0
772483,0
772484,0
772485,0
772486,0
772487,0
772488,27
772489,0
772490,0
772491,0
772492,0
772493,0
772494,0
772495,0
772496,26
772497,0
772498,0
772499,0
772500,0
772501,0
772502,0
772503,0
772504,0
772505,0
772506,0
772507,0
772508,0
772509,0
772510,0
772511,0
772512,0
772513,0
772514,0
772515,0
772516,0
772517,0
772518,0
772519,0
772520,0
772521,0
772522,0
772523,0
772524,0
772525,0
772526,0
772527,0
772528,0
772529,22
772530,0
772531,0
772532,0
772533,0
772534,32
772535,0
772536,0
772537,0
772538,0
772539,0
772540,0
772541,0
772542,0
772543,0
772544,0
772545,0
772546,0
772547,0
772548,0
772549,0
772550,0
772551,0
772552,0
772553,0
772554,0
772555,0
772556,53
772557,0
772558,0
772559,0
772560,0
772561,0
772562,0
772563,0
772564,0
772565,0
772566,0
772567,0
772568,0
772569,0
772570,0
772571,0
772572,0
772573,0
772574,0
772575,0
772576,0
772577,38
772578,0
772579,0
772580,0
772581,0
772582,0
772583,0
772584,0
772585,0
772586,0
772587,0
772588,0
772589,0
772590,0
772591,0
772592,0
772593,0
772594,21
772595,0
772596,0
772597,0
772598,0
772599,0
772600,0
772601,0
772602,0
772603,16
772604,0
772605,0
772606,0
772607,27
772608,0
772609,0
772610,0
772611,0
772612,0
772613,0
772614,0
772615,0
772616,0
772617,0
772618,0
772619,0
772620,0
772621,0
772622,0
772623,0
772624,0
772625,0
772626,0
772627,0
772628,0
772629,0
772630,0
772631,0
772632,0
772633,0
772634,0
772635,0
772636,0
772637,0
772638,0
772639,0
772640,0
772641,0
772642,0
772643,0
772644,0
772645,0
772646,0
772647,0
772648,0
772649,0
772650,0
772651,0
772652,0
772653,0
772654,0
772655,0
772656,0
772657,0
772658,0
772659,0
772660,0
772661,0
772662,0
772663,0
772664,0
772665,0
772666,0
772667,0
772668,0
772669,0
772670,0
772671,0
772672,0
772673,0
772674,0
772675,0
772676,0
772677,0
772678,0
772679,0
772680,0
772681,0
772682,0
772683,0
772684,0
772685,0
772686,0
772687,0
772688,0
772689,0
772690,0
772691,0
772692,0
772693,0
772694,0
772695,0
772696,0
772697,0
772698,0
772699,0
772700,0
772701,0
772702,0
772703,0
772704,0
772705,53
772706,0
772707,0
772708,0
772709,0
772710,0
772711,0
772712,0
772713,0
772714,0
772715,0
772716,0
772717,0
772718,0
772719,0
772720,0
772721,0
772722,0
772723,0
772724,0
772725,0
772726,0
772727,0
772728,0
772729,0
772730,0
772731,0
772732,0
772733,0
772734,0
772735,0
772736,0
772737,0
772738,0
772739,0
772740,0
772741,0
772742,0
772743,0
772744,0
772745,45
772746,0
772747,0
772748,0
772749,0
772750,0
772751,0
772752,0
772753,0
772754,0
772755,0
772756,0
772757,0
772758,0
772759,0
772760,0
772761,0
772762,0
772763,0
772764,0
772765,0
772766,0
772767,0
772768,0
772769,0
772770,0
772771,0
772772,0
772773,0
772774,0
772775,0
772776,0
772777,0
772778,0
772779,0
772780,0
772781,0
772782,0
772783,0
772784,0
772785,0
772786,0
772787,0
772788,0
772789,0
772790,0
772791,0
772792,0
772793,0
772794,0
772795,0
772796,0
772797,31
772798,0
772799,30
772800,0
772801,0
772802,0
772803,0
772804,0
772805,0
772806,0
772807,0
772808,46
772809,0
772810,0
772811,0
772812,0
772813,0
772814,0
772815,0
772816,0
772817,0
772818,0
772819,0
772820,0
772821,0
772822,0
772823,0
772824,0
772825,0
772826,0
772827,0
772828,0
772829,0
772830,0
772831,0
772832,0
772833,0
772834,0
772835,0
772836,0
772837,0
772838,0
772839,0
772840,0
772841,0
772842,0
772843,0
772844,0
772845,0
772846,0
772847,0
772848,0
772849,0
772850,0
772851,0
772852,0
772853,86
772854,0
772855,0
772856,0
772857,0
772858,0
772859,0
772860,0
772861,0
772862,0
772863,0
772864,25
772865,0
772866,0
772867,0
772868,25
772869,0
772870,0
772871,0
772872,0
772873,0
772874,0
772875,0
772876,0
772877,0
772878,0
772879,0
772880,0
772881,0
772882,0
772883,0
772884,0
772885,0
772886,0
772887,17
772888,0
772889,0
772890,0
772891,0
772892,0
772893,0
772894,0
772895,0
772896,0
772897,0
772898,0
772899,0
772900,0
772901,0
772902,0
772903,0
772904,0
772905,0
772906,26
772907,0
772908,0
772909,0
772910,0
772911,0
772912,0
772913,0
772914,0
772915,15
772916,0
772917,0
772918,0
772919,0
772920,0
772921,0
772922,0
772923,0
772924,19
772925,0
772926,0
772927,0
772928,0
772929,0
772930,0
772931,0
772932,0
772933,0
772934,0
772935,0
772936,0
772937,0
772938,0
772939,20
772940,0
772941,0
772942,0
772943,0
772944,0
772945,0
772946,0
772947,0
772948,0
772949,0
772950,0
772951,0
772952,25
772953,0
772954,0
772955,0
772956,0
772957,0
772958,0
772959,0
772960,0
772961,0
772962,0
772963,0
772964,0
772965,0
772966,31
772967,0
772968,26
772969,6
772970,0
772971,0
772972,0
772973,0
772974,0
772975,0
772976,0
772977,0
772978,0
772979,0
772980,0
772981,0
772982,0
772983,15
772984,0
772985,0
772986,0
772987,0
772988,0
772989,0
772990,0
772991,53
772992,0
772993,0
772994,16
772995,0
772996,0
772997,0
772998,0
772999,0
773000,0
773001,0
773002,0
773003,0
773004,0
773005,0
773006,30
773007,0
773008,0
773009,0
773010,0
773011,0
773012,0
773013,0
773014,0
773015,0
773016,0
773017,0
773018,0
773019,0
773020,0
773021,0
773022,0
773023,0
773024,0
773025,0
773026,0
773027,0
773028,0
773029,0
773030,0
773031,0
773032,0
773033,0
773034,0
773035,0
773036,0
773037,0
773038,17
773039,0
773040,0
773041,0
773042,0
773043,0
773044,0
773045,0
773046,0
773047,0
773048,0
773049,0
773050,0
773051,0
773052,0
773053,0
773054,0
773055,0
773056,0
773057,0
773058,0
773059,0
773060,0
773061,0
773062,0
773063,0
773064,0
773065,0
773066,0
773067,0
773068,0
773069,0
773070,0
773071,0
773072,0
773073,0
773074,0
773075,0
773076,0
773077,0
773078,0
773079,0
773080,0
773081,0
773082,0
773083,0
773084,0
773085,0
773086,0
773087,0
773088,41
773089,0
773090,0
773091,0
773092,0
773093,0
773094,0
773095,0
773096,0
773097,0
773098,0
773099,0
773100,0
773101,0
773102,0
773103,0
773104,0
773105,0
773106,0
773107,0
773108,0
773109,0
773110,0
773111,0
773112,0
773113,0
773114,0
773115,0
773116,0
773117,0
773118,15
773119,0
773120,0
773121,0
773122,0
773123,0
773124,0
773125,0
773126,0
773127,0
773128,0
773129,0
773130,0
773131,0
773132,0
773133,0
773134,0
773135,0
773136,0
773137,0
773138,0
773139,0
773140,0
773141,0
773142,0
773143,0
773144,25
773145,44
773146,0
773147,0
773148,0
773149,0
773150,0
773151,0
773152,0
773153,0
773154,0
773155,0
773156,0
773157,0
773158,0
773159,0
773160,0
773161,0
773162,0
773163,0
773164,0
773165,0
773166,0
773167,18
773168,0
773169,0
773170,0
773171,0
773172,0
773173,0
773174,0
773175,36
773176,0
773177,29
773178,0
773179,0
773180,0
773181,0
773182,0
773183,0
773184,0
773185,0
773186,0
773187,0
773188,0
773189,0
773190,50
773191,0
773192,9
773193,0
773194,0
773195,49
773196,0
773197,0
773198,0
773199,0
773200,0
773201,0
773202,0
773203,0
773204,0
773205,0
773206,0
773207,0
773208,0
773209,0
773210,0
773211,0
773212,0
773213,0
773214,0
773215,0
773216,0
773217,0
773218,0
773219,0
773220,0
773221,0
773222,0
773223,41
773224,0
773225,32
773226,0
773227,0
773228,38
773229,0
773230,0
773231,0
773232,16
773233,0
773234,0
773235,0
773236,0
773237,0
773238,0
773239,0
773240,0
773241,0
773242,0
773243,0
773244,0
773245,0
773246,0
773247,0
773248,0
773249,0
773250,0
773251,0
773252,0
773253,0
773254,0
773255,0
773256,0
773257,0
773258,0
773259,0
773260,0
773261,23
773262,0
773263,0
773264,0
773265,0
773266,0
773267,0
773268,0
773269,0
773270,0
773271,0
773272,0
773273,0
773274,0
773275,35
773276,0
773277,0
773278,0
773279,0
773280,0
773281,0
773282,23
773283,0
773284,0
773285,0
773286,0
773287,0
773288,0
773289,0
773290,0
773291,0
773292,0
773293,0
773294,0
773295,0
773296,0
773297,0
773298,0
773299,0
773300,0
773301,39
773302,0
773303,0
773304,0
773305,0
773306,0
773307,0
773308,0
773309,0
773310,33
773311,0
773312,32
773313,0
773314,0
773315,0
773316,0
773317,0
773318,0
773319,0
773320,0
773321,0
773322,0
773323,0
773324,0
773325,0
773326,0
773327,0
773328,0
773329,0
773330,0
773331,0
773332,0
773333,0
773334,24
773335,0
773336,0
773337,0
773338,0
773339,0
773340,0
773341,0
773342,0
773343,23
773344,0
773345,0
773346,18
773347,23
773348,0
773349,24
773350,0
773351,0
773352,0
773353,0
773354,0
773355,0
773356,0
773357,0
773358,0
773359,0
773360,0
773361,0
773362,0
773363,0
773364,0
773365,0
773366,0
773367,0
773368,0
773369,0
773370,0
773371,0
773372,16
773373,0
773374,0
773375,32
773376,0
773377,0
773378,0
773379,0
773380,40
773381,0
773382,0
773383,0
773384,27
773385,0
773386,0
773387,0
773388,0
773389,0
773390,0
773391,0
773392,0
773393,11
773394,0
773395,0
773396,0
773397,0
773398,23
773399,0
773400,0
773401,0
773402,0
773403,0
773404,19
773405,0
773406,0
773407,0
773408,0
773409,0
773410,0
773411,0
773412,0
773413,25
773414,0
773415,0
773416,0
773417,0
773418,0
773419,0
773420,0
773421,0
773422,0
773423,16
773424,0
773425,0
773426,0
773427,0
773428,0
773429,0
773430,0
773431,0
773432,0
773433,0
773434,0
773435,0
773436,0
773437,0
773438,20
773439,0
773440,26
773441,0
773442,0
773443,0
773444,0
773445,0
773446,0
773447,0
773448,0
773449,0
773450,27
773451,0
773452,0
773453,0
773454,0
773455,0
773456,25
773457,0
773458,0
773459,0
773460,0
773461,23
773462,0
773463,0
773464,0
773465,0
773466,0
773467,0
773468,0
773469,0
773470,0
773471,0
773472,0
773473,0
773474,0
773475,0
773476,0
773477,0
773478,27
773479,31
773480,25
773481,25
773482,0
773483,0
773484,0
773485,0
773486,19
773487,0
773488,0
773489,0
773490,0
773491,0
773492,0
773493,0
773494,0
773495,0
773496,23
773497,0
773498,25
773499,0
773500,0
773501,19
773502,0
773503,0
773504,21
773505,0
773506,0
773507,0
773508,0
773509,0
773510,26
773511,0
773512,0
773513,0
773514,0
773515,0
773516,0
773517,0
773518,0
773519,23
773520,22
773521,0
773522,0
773523,0
773524,0
773525,27
773526,0
773527,32
773528,0
773529,0
773530,21
773531,0
773532,0
773533,0
773534,0
773535,26
773536,0
773537,0
773538,23
773539,0
773540,0
773541,0
773542,27
773543,27
773544,0
773545,0
773546,0
773547,0
773548,28
773549,21
773550,26
773551,0
773552,24
773553,0
773554,0
773555,0
773556,0
773557,29
773558,29
773559,0
773560,0
773561,0
773562,0
773563,0
773564,0
773565,0
773566,0
773567,0
773568,0
773569,0
773570,0
773571,26
773572,0
773573,0
773574,0
773575,20
773576,0
773577,18
773578,0
773579,0
773580,0
773581,19
773582,0
773583,0
773584,0
773585,0
773586,0
773587,0
773588,0
773589,0
773590,0
773591,29
773592,0
773593,0
773594,26
773595,0
773596,0
773597,0
773598,0
773599,0
773600,0
773601,0
773602,0
773603,0
773604,23
773605,21
773606,26
773607,0
773608,0
773609,17
773610,0
773611,0
773612,0
773613,37
773614,0
773615,0
773616,0
773617,0
773618,0
773619,0
773620,33
773621,0
773622,0
773623,0
773624,0
773625,0
773626,20
773627,23
773628,0
773629,0
773630,0
773631,0
773632,0
773633,0
773634,35
773635,0
773636,0
773637,0
773638,0
773639,0
773640,0
773641,0
773642,0
773643,0
773644,0
773645,0
773646,0
773647,22
773648,0
773649,0
773650,0
773651,0
773652,0
773653,28
773654,45
773655,0
773656,0
773657,0
773658,0
773659,0
773660,0
773661,0
773662,0
773663,0
773664,23
773665,0
773666,28
773667,0
773668,0
773669,0
773670,0
773671,0
773672,0
773673,0
773674,0
773675,0
773676,0
773677,0
773678,0
773679,0
773680,0
773681,0
773682,0
773683,0
773684,25
773685,24
773686,0
773687,0
773688,0
773689,0
773690,0
773691,0
773692,0
773693,0
773694,0
773695,0
773696,0
773697,0
773698,0
773699,44
773700,0
773701,0
773702,0
773703,0
773704,0
773705,0
773706,0
773707,0
773708,0
773709,0
773710,0
773711,0
773712,0
773713,0
773714,0
773715,0
773716,35
773717,0
773718,0
773719,0
773720,0
773721,0
773722,0
773723,0
773724,0
773725,0
773726,0
773727,0
773728,0
773729,0
773730,0
773731,0
773732,0
773733,0
773734,0
773735,0
773736,0
773737,0
773738,0
773739,0
773740,0
773741,0
773742,0
773743,0
773744,0
773745,0
773746,0
773747,0
773748,24
773749,0
773750,0
773751,0
773752,24
773753,0
773754,0
773755,0
773756,0
773757,0
773758,0
773759,16
773760,0
773761,0
773762,0
773763,0
773764,0
773765,0
773766,0
773767,0
773768,0
773769,0
773770,0
773771,18
773772,0
773773,0
773774,0
773775,0
773776,0
773777,0
773778,0
773779,0
773780,0
773781,0
773782,0
773783,0
773784,0
773785,0
773786,0
773787,0
773788,0
773789,0
773790,0
773791,0
773792,0
773793,0
773794,0
773795,0
773796,0
773797,14
773798,21
773799,0
773800,20
773801,0
773802,0
773803,0
773804,0
773805,0
773806,0
773807,0
773808,0
773809,0
773810,0
773811,0
773812,0
773813,0
773814,0
773815,0
773816,0
773817,0
773818,0
773819,0
773820,0
773821,0
773822,0
773823,0
773824,36
773825,0
773826,0
773827,0
773828,0
773829,0
773830,30
773831,0
773832,0
773833,0
773834,0
773835,0
773836,0
773837,0
773838,0
773839,0
773840,0
773841,0
773842,0
773843,0
773844,0
773845,0
773846,0
773847,0
773848,0
773849,0
773850,0
773851,0
773852,0
773853,0
773854,0
773855,0
773856,0
773857,0
773858,0
773859,0
773860,0
773861,0
773862,0
773863,0
773864,0
773865,0
773866,0
773867,0
773868,0
773869,0
773870,0
773871,0
773872,0
773873,0
773874,0
773875,0
773876,0
773877,0
773878,0
773879,0
773880,0
773881,0
773882,0
773883,0
773884,0
773885,0
773886,0
773887,0
773888,0
773889,0
773890,0
773891,0
773892,0
773893,0
773894,0
773895,0
773896,0
773897,0
773898,0
773899,0
773900,0
773901,0
773902,0
773903,0
773904,0
773905,0
773906,0
773907,0
773908,0
773909,0
773910,0
773911,0
773912,0
773913,0
773914,0
773915,0
773916,0
773917,0
773918,0
773919,0
773920,0
773921,0
773922,0
773923,0
773924,0
773925,0
773926,0
773927,0
773928,0
773929,0
773930,0
773931,0
773932,0
773933,0
773934,0
773935,0
773936,0
773937,0
773938,0
773939,0
773940,0
773941,0
773942,0
773943,0
773944,0
773945,0
773946,0
773947,0
773948,0
773949,0
773950,0
773951,0
773952,0
773953,0
773954,0
773955,0
773956,0
773957,0
773958,0
773959,0
773960,0
773961,0
773962,0
773963,0
773964,0
773965,0
773966,0
773967,0
773968,0
773969,0
773970,0
773971,0
773972,0
773973,0
773974,0
773975,0
773976,0
773977,0
773978,0
773979,0
773980,0
773981,0
773982,0
773983,0
773984,0
773985,0
773986,0
773987,0
773988,0
773989,0
773990,0
773991,0
773992,0
773993,0
773994,0
773995,0
773996,0
773997,0
773998,0
773999,0
774000,0
774001,0
774002,0
774003,0
774004,0
774005,0
774006,0
774007,0
774008,0
774009,0
774010,0
774011,0
774012,0
774013,0
774014,0
774015,0
774016,0
774017,0
774018,0
774019,0
774020,0
774021,0
774022,0
774023,0
774024,0
774025,0
774026,0
774027,0
774028,0
774029,0
774030,0
774031,0
774032,0
774033,0
774034,0
774035,0
774036,0
774037,0
774038,0
774039,0
774040,0
774041,0
774042,0
774043,0
774044,0
774045,0
774046,0
774047,0
774048,0
774049,0
774050,0
774051,0
774052,0
774053,0
774054,0
774055,0
774056,0
774057,0
774058,0
774059,0
774060,0
774061,0
774062,0
774063,0
774064,0
774065,0
774066,0
774067,0
774068,0
774069,0
774070,0
774071,0
774072,0
774073,0
774074,0
774075,0
774076,0
774077,0
774078,0
774079,0
774080,0
774081,0
774082,0
774083,0
774084,0
774085,0
774086,0
774087,0
774088,0
774089,0
774090,0
774091,0
774092,0
774093,0
774094,0
774095,0
774096,0
774097,0
774098,0
774099,0
774100,0
774101,0
774102,0
774103,0
774104,0
774105,0
774106,0
774107,0
774108,0
774109,0
774110,0
774111,0
774112,0
774113,0
774114,0
774115,0
774116,0
774117,0
774118,0
774119,0
774120,0
774121,0
774122,0
774123,0
774124,0
774125,0
774126,0
774127,0
774128,0
774129,0
774130,0
774131,0
774132,0
774133,0
774134,0
774135,0
774136,0
774137,0
774138,0
774139,0
774140,0
774141,0
774142,0
774143,0
774144,0
774145,0
774146,0
774147,0
774148,0
774149,0
774150,0
774151,0
774152,0
774153,0
774154,0
774155,0
774156,0
774157,0
774158,0
774159,0
774160,0
774161,0
774162,0
774163,0
774164,0
774165,0
774166,0
774167,0
774168,0
774169,0
774170,0
774171,0
774172,0
774173,0
774174,0
774175,0
774176,0
774177,0
774178,0
774179,0
774180,0
774181,0
774182,0
774183,0
774184,0
774185,0
774186,0
774187,0
774188,0
774189,0
774190,0
774191,0
774192,0
774193,0
774194,0
774195,0
774196,0
774197,0
774198,0
774199,0
774200,0
774201,0
774202,0
774203,0
774204,0
774205,0
774206,0
774207,0
774208,0
774209,0
774210,0
774211,0
774212,0
774213,0
774214,0
774215,0
774216,0
774217,0
774218,0
774219,0
774220,0
774221,0
774222,0
774223,0
774224,0
774225,0
774226,0
774227,0
774228,0
774229,0
774230,0
774231,0
774232,0
774233,0
774234,0
774235,0
774236,0
774237,0
774238,0
774239,0
774240,0
774241,0
774242,0
774243,0
774244,0
774245,0
774246,0
774247,0
774248,0
774249,0
774250,0
774251,0
774252,0
774253,0
774254,0
774255,0
774256,0
774257,0
774258,0
774259,0
774260,0
774261,0
774262,0
774263,0
774264,0
774265,0
774266,0
774267,0
774268,0
774269,0
774270,0
774271,0
774272,0
774273,0
774274,0
774275,0
774276,0
774277,0
774278,0
774279,0
774280,0
774281,0
774282,0
774283,0
774284,0
774285,0
774286,0
774287,0
774288,0
774289,0
774290,0
774291,0
774292,0
774293,0
774294,0
774295,0
774296,0
774297,0
774298,0
774299,0
774300,0
774301,0
774302,0
774303,0
774304,0
774305,0
774306,0
774307,0
774308,0
774309,0
774310,0
774311,0
774312,0
774313,0
774314,0
774315,0
774316,0
774317,0
774318,0
774319,0
774320,0
774321,0
774322,0
774323,0
774324,0
774325,0
774326,0
774327,0
774328,0
774329,0
774330,0
774331,0
774332,0
774333,0
774334,0
774335,0
774336,0
774337,0
774338,0
774339,0
774340,0
774341,0
774342,0
774343,0
774344,0
774345,0
774346,0
774347,0
774348,0
774349,0
774350,0
774351,0
774352,0
774353,0
774354,0
774355,0
774356,0
774357,0
774358,0
774359,0
774360,0
774361,0
774362,0
774363,0
774364,0
774365,0
774366,0
774367,0
774368,0
774369,0
774370,0
774371,0
774372,0
774373,0
774374,0
774375,0
774376,0
774377,0
774378,0
774379,0
774380,0
774381,0
774382,0
774383,0
774384,0
774385,0
774386,0
774387,0
774388,0
774389,0
774390,0
774391,0
774392,0
774393,0
774394,0
774395,0
774396,0
774397,0
774398,0
774399,0
774400,0
774401,0
774402,0
774403,0
774404,0
774405,0
774406,0
774407,7
774408,0
774409,0
774410,0
774411,0
774412,4
774413,0
774414,0
774415,0
774416,0
774417,0
774418,0
774419,0
774420,0
774421,4
774422,6
774423,0
774424,0
774425,0
774426,0
774427,0
774428,0
774429,0
774430,9
774431,0
774432,0
774433,0
774434,0
774435,0
774436,0
774437,0
774438,0
774439,0
774440,14
774441,0
774442,0
774443,0
774444,0
774445,0
774446,0
774447,0
774448,0
774449,0
774450,0
774451,5
774452,0
774453,0
774454,0
774455,0
774456,0
774457,0
774458,0
774459,3
774460,0
774461,0
774462,0
774463,0
774464,0
774465,0
774466,0
774467,0
774468,0
774469,0
774470,5
774471,0
774472,0
774473,0
774474,0
774475,0
774476,0
774477,0
774478,0
774479,0
774480,0
774481,0
774482,0
774483,0
774484,0
774485,0
774486,0
774487,0
774488,0
774489,0
774490,0
774491,0
774492,0
774493,0
774494,0
774495,0
774496,0
774497,0
774498,0
774499,8
774500,0
774501,9
774502,0
774503,0
774504,0
774505,0
774506,0
774507,0
774508,0
774509,0
774510,0
774511,0
774512,0
774513,6
774514,6
774515,0
774516,0
774517,0
774518,0
774519,5
774520,0
774521,0
774522,0
774523,0
774524,0
774525,0
774526,0
774527,0
774528,0
774529,0
774530,0
774531,0
774532,9
774533,0
774534,0
774535,0
774536,0
774537,0
774538,0
774539,0
774540,0
774541,0
774542,0
774543,0
774544,0
774545,0
774546,0
774547,0
774548,0
774549,0
774550,0
774551,0
774552,6
774553,0
774554,0
774555,0
774556,0
774557,0
774558,11
774559,0
774560,0
774561,0
774562,0
774563,12
774564,0
774565,0
774566,9
774567,0
774568,0
774569,0
774570,0
774571,0
774572,0
774573,6
774574,0
774575,0
774576,0
774577,0
774578,0
774579,0
774580,0
774581,5
774582,0
774583,0
774584,0
774585,0
774586,0
774587,0
774588,0
774589,0
774590,0
774591,0
774592,0
774593,14
774594,0
774595,0
774596,0
774597,0
774598,0
774599,0
774600,0
774601,0
774602,0
774603,0
774604,4
774605,0
774606,0
774607,0
774608,0
774609,0
774610,0
774611,0
774612,0
774613,0
774614,0
774615,0
774616,0
774617,0
774618,0
774619,0
774620,0
774621,0
774622,0
774623,0
774624,0
774625,0
774626,0
774627,0
774628,0
774629,0
774630,0
774631,0
774632,0
774633,0
774634,0
774635,0
774636,0
774637,0
774638,0
774639,0
774640,0
774641,0
774642,0
774643,0
774644,0
774645,0
774646,0
774647,0
774648,0
774649,0
774650,0
774651,0
774652,0
774653,3
774654,0
774655,0
774656,0
774657,0
774658,0
774659,0
774660,0
774661,5
774662,0
774663,0
774664,0
774665,0
774666,0
774667,9
774668,0
774669,0
774670,0
774671,0
774672,0
774673,0
774674,0
774675,0
774676,0
774677,0
774678,0
774679,0
774680,0
774681,6
774682,7
774683,0
774684,0
774685,0
774686,0
774687,3
774688,0
774689,0
774690,0
774691,0
774692,0
774693,0
774694,0
774695,0
774696,0
774697,0
774698,0
774699,0
774700,0
774701,0
774702,0
774703,0
774704,0
774705,9
774706,0
774707,0
774708,7
774709,0
774710,0
774711,2
774712,0
774713,0
774714,7
774715,0
774716,0
774717,5
774718,0
774719,0
774720,0
774721,0
774722,0
774723,0
774724,0
774725,0
774726,0
774727,0
774728,0
774729,2
774730,0
774731,5
774732,0
774733,0
774734,0
774735,4
774736,0
774737,0
774738,0
774739,0
774740,0
774741,0
774742,0
774743,0
774744,0
774745,0
774746,0
774747,0
774748,0
774749,11
774750,0
774751,0
774752,0
774753,0
774754,0
774755,0
774756,0
774757,0
774758,0
774759,0
774760,0
774761,0
774762,0
774763,0
774764,0
774765,0
774766,0
774767,0
774768,0
774769,0
774770,0
774771,0
774772,0
774773,0
774774,0
774775,0
774776,0
774777,0
774778,0
774779,10
774780,0
774781,0
774782,0
774783,0
774784,5
774785,0
774786,0
774787,0
774788,0
774789,0
774790,0
774791,0
774792,0
774793,0
774794,0
774795,0
774796,0
774797,0
774798,0
774799,4
774800,0
774801,0
774802,0
774803,0
774804,7
774805,0
774806,0
774807,0
774808,0
774809,0
774810,0
774811,0
774812,0
774813,0
774814,0
774815,0
774816,0
774817,0
774818,0
774819,0
774820,9
774821,0
774822,0
774823,0
774824,0
774825,0
774826,0
774827,0
774828,0
774829,0
774830,0
774831,0
774832,0
774833,0
774834,0
774835,0
774836,0
774837,0
774838,0
774839,6
774840,0
774841,0
774842,0
774843,0
774844,8
774845,8
774846,0
774847,5
774848,0
774849,0
774850,0
774851,0
774852,9
774853,0
774854,0
774855,0
774856,0
774857,0
774858,0
774859,0
774860,5
774861,0
774862,0
774863,0
774864,0
774865,5
774866,0
774867,0
774868,0
774869,0
774870,0
774871,0
774872,0
774873,0
774874,0
774875,0
774876,0
774877,0
774878,11
774879,0
774880,5
774881,0
774882,0
774883,0
774884,0
774885,0
774886,0
774887,0
774888,0
774889,0
774890,0
774891,0
774892,0
774893,0
774894,0
774895,0
774896,3
774897,5
774898,0
774899,0
774900,0
774901,0
774902,0
774903,0
774904,0
774905,0
774906,0
774907,0
774908,0
774909,0
774910,0
774911,0
774912,0
774913,4
774914,0
774915,0
774916,0
774917,0
774918,0
774919,0
774920,0
774921,0
774922,0
774923,0
774924,0
774925,0
774926,0
774927,0
774928,0
774929,0
774930,0
774931,0
774932,0
774933,0
774934,0
774935,8
774936,0
774937,0
774938,0
774939,0
774940,4
774941,0
774942,0
774943,0
774944,0
774945,0
774946,0
774947,0
774948,0
774949,0
774950,0
774951,0
774952,5
774953,0
774954,0
774955,0
774956,0
774957,0
774958,5
774959,0
774960,5
774961,0
774962,0
774963,0
774964,0
774965,6
774966,0
774967,0
774968,0
774969,0
774970,0
774971,0
774972,0
774973,0
774974,0
774975,0
774976,0
774977,0
774978,0
774979,0
774980,0
774981,0
774982,5
774983,0
774984,0
774985,0
774986,0
774987,0
774988,0
774989,0
774990,0
774991,0
774992,0
774993,6
774994,9
774995,6
774996,0
774997,7
774998,0
774999,0
775000,0
775001,0
775002,0
775003,0
775004,0
775005,0
775006,0
775007,0
775008,0
775009,0
775010,0
775011,3
775012,0
775013,0
775014,0
775015,0
775016,6
775017,0
775018,0
775019,0
775020,0
775021,0
775022,0
775023,0
775024,0
775025,0
775026,0
775027,0
775028,0
775029,0
775030,0
775031,0
775032,0
775033,0
775034,0
775035,3
775036,0
775037,0
775038,0
775039,0
775040,0
775041,0
775042,0
775043,0
775044,0
775045,0
775046,0
775047,0
775048,0
775049,0
775050,0
775051,0
775052,0
775053,0
775054,0
775055,0
775056,0
775057,0
775058,5
775059,0
775060,0
775061,0
775062,0
775063,0
775064,0
775065,0
775066,7
775067,0
775068,0
775069,0
775070,4
775071,0
775072,0
775073,0
775074,6
775075,0
775076,0
775077,0
775078,0
775079,0
775080,0
775081,0
775082,0
775083,0
775084,0
775085,0
775086,0
775087,0
775088,0
775089,8
775090,0
775091,0
775092,0
775093,0
775094,0
775095,0
775096,0
775097,7
775098,0
775099,0
775100,0
775101,0
775102,0
775103,0
775104,5
775105,0
775106,0
775107,0
775108,0
775109,0
775110,0
775111,0
775112,0
775113,0
775114,0
775115,0
775116,4
775117,0
775118,0
775119,0
775120,0
775121,0
775122,0
775123,0
775124,0
775125,0
775126,0
775127,7
775128,0
775129,0
775130,0
775131,0
775132,0
775133,0
775134,0
775135,9
775136,0
775137,0
775138,0
775139,0
775140,0
775141,0
775142,0
775143,9
775144,8
775145,0
775146,0
775147,0
775148,0
775149,0
775150,0
775151,7
775152,0
775153,0
775154,0
775155,0
775156,0
775157,0
775158,0
775159,0
775160,0
775161,0
775162,0
775163,0
775164,0
775165,3
775166,0
775167,0
775168,0
775169,0
775170,0
775171,0
775172,0
775173,0
775174,0
775175,10
775176,0
775177,0
775178,0
775179,0
775180,0
775181,0
775182,0
775183,0
775184,10
775185,0
775186,0
775187,0
775188,0
775189,3
775190,0
775191,0
775192,0
775193,0
775194,0
775195,0
775196,0
775197,0
775198,0
775199,13
775200,0
775201,0
775202,0
775203,0
775204,0
775205,0
775206,0
775207,9
775208,0
775209,0
775210,0
775211,5
775212,0
775213,0
775214,6
775215,0
775216,0
775217,0
775218,0
775219,0
775220,0
775221,0
775222,0
775223,0
775224,0
775225,0
775226,0
775227,39
775228,0
775229,0
775230,0
775231,0
775232,0
775233,41
775234,30
775235,0
775236,48
775237,0
775238,0
775239,52
775240,0
775241,37
775242,0
775243,0
775244,0
775245,0
775246,0
775247,0
775248,0
775249,0
775250,0
775251,0
775252,0
775253,0
775254,36
775255,0
775256,0
775257,0
775258,0
775259,0
775260,0
775261,0
775262,0
775263,0
775264,0
775265,0
775266,0
775267,0
775268,0
775269,0
775270,0
775271,0
775272,38
775273,0
775274,39
775275,28
775276,0
775277,32
775278,0
775279,0
775280,0
775281,0
775282,0
775283,0
775284,0
775285,0
775286,0
775287,0
775288,0
775289,0
775290,0
775291,0
775292,0
775293,0
775294,0
775295,0
775296,0
775297,0
775298,0
775299,0
775300,0
775301,0
775302,43
775303,0
775304,0
775305,0
775306,32
775307,0
775308,0
775309,39
775310,34
775311,25
775312,0
775313,0
775314,0
775315,0
775316,40
775317,0
775318,32
775319,38
775320,37
775321,0
775322,0
775323,0
775324,0
775325,38
775326,0
775327,0
775328,0
775329,57
775330,32
775331,0
775332,0
775333,0
775334,0
775335,0
775336,33
775337,0
775338,0
775339,0
775340,0
775341,0
775342,0
775343,0
775344,0
775345,0
775346,0
775347,0
775348,0
775349,0
775350,28
775351,32
775352,0
775353,0
775354,46
775355,0
775356,0
775357,0
775358,30
775359,0
775360,0
775361,0
775362,0
775363,0
775364,0
775365,0
775366,0
775367,0
775368,0
775369,0
775370,0
775371,0
775372,0
775373,38
775374,0
775375,0
775376,29
775377,0
775378,0
775379,0
775380,0
775381,0
775382,53
775383,0
775384,15
775385,0
775386,0
775387,9
775388,0
775389,13
775390,0
775391,0
775392,0
775393,0
775394,0
775395,19
775396,11
775397,0
775398,16
775399,14
775400,0
775401,14
775402,0
775403,15
775404,16
775405,12
775406,0
775407,0
775408,0
775409,0
775410,0
775411,10
775412,0
775413,0
775414,0
775415,0
775416,0
775417,0
775418,0
775419,0
775420,8
775421,0
775422,0
775423,0
775424,0
775425,0
775426,0
775427,12
775428,2
775429,0
775430,0
775431,0
775432,0
775433,0
775434,0
775435,0
775436,0
775437,0
775438,10
775439,17
775440,0
775441,0
775442,13
775443,10
775444,0
775445,14
775446,0
775447,0
775448,15
775449,0
775450,0
775451,0
775452,0
775453,0
775454,17
775455,0
775456,0
775457,7
775458,0
775459,11
775460,10
775461,0
775462,0
775463,0
775464,0
775465,0
775466,0
775467,0
775468,0
775469,0
775470,13
775471,0
775472,0
775473,0
775474,13
775475,12
775476,0
775477,6
775478,11
775479,0
775480,6
775481,0
775482,0
775483,0
775484,0
775485,15
775486,0
775487,0
775488,0
775489,12
775490,0
775491,18
775492,9
775493,13
775494,0
775495,18
775496,0
775497,0
775498,8
775499,0
775500,0
775501,0
775502,0
775503,9
775504,0
775505,0
775506,0
775507,0
775508,11
775509,22
775510,0
775511,0
775512,0
775513,0
775514,20
775515,0
775516,0
775517,0
775518,0
775519,0
775520,0
775521,10
775522,0
775523,13
775524,0
775525,0
775526,12
775527,12
775528,12
775529,12
775530,0
775531,0
775532,0
775533,0
775534,0
775535,0
775536,0
775537,10
775538,0
775539,16
775540,4
775541,13
775542,0
775543,18
775544,12
775545,0
775546,14
775547,0
775548,0
775549,12
775550,18
775551,0
775552,10
775553,9
775554,0
775555,0
775556,0
775557,0
775558,0
775559,0
775560,0
775561,0
775562,0
775563,0
775564,0
775565,0
775566,6
775567,0
775568,0
775569,0
775570,8
775571,0
775572,0
775573,0
775574,11
775575,0
775576,0
775577,0
775578,0
775579,0
775580,0
775581,0
775582,0
775583,0
775584,0
775585,13
775586,12
775587,0
775588,0
775589,0
775590,13
775591,0
775592,0
775593,0
775594,0
775595,8
775596,0
775597,0
775598,14
775599,0
775600,0
775601,19
775602,0
775603,0
775604,17
775605,0
775606,0
775607,0
775608,0
775609,0
775610,11
775611,0
775612,8
775613,14
775614,0
775615,0
775616,0
775617,0
775618,8
775619,0
775620,0
775621,0
775622,0
775623,0
775624,0
775625,0
775626,0
775627,20
775628,0
775629,13
775630,0
775631,0
775632,0
775633,9
775634,10
775635,0
775636,0
775637,0
775638,13
775639,0
775640,0
775641,0
775642,5
775643,0
775644,0
775645,0
775646,0
775647,0
775648,0
775649,0
775650,0
775651,0
775652,17
775653,0
775654,0
775655,13
775656,0
775657,0
775658,0
775659,0
775660,0
775661,0
775662,0
775663,0
775664,0
775665,0
775666,0
775667,0
775668,0
775669,0
775670,11
775671,0
775672,0
775673,14
775674,0
775675,13
775676,15
775677,0
775678,0
775679,0
775680,0
775681,15
775682,0
775683,4
775684,11
775685,0
775686,0
775687,0
775688,11
775689,0
775690,0
775691,0
775692,0
775693,8
775694,0
775695,0
775696,0
775697,0
775698,13
775699,0
775700,7
775701,0
775702,0
775703,0
775704,0
775705,11
775706,0
775707,0
775708,0
775709,0
775710,0
775711,0
775712,0
775713,0
775714,16
775715,12
775716,0
775717,0
775718,0
775719,0
775720,0
775721,0
775722,0
775723,0
775724,0
775725,0
775726,6
775727,0
775728,0
775729,0
775730,0
775731,0
775732,11
775733,0
775734,0
775735,0
775736,0
775737,0
775738,0
775739,15
775740,7
775741,0
775742,10
775743,16
775744,0
775745,0
775746,0
775747,8
775748,0
775749,0
775750,0
775751,0
775752,0
775753,0
775754,0
775755,0
775756,0
775757,0
775758,0
775759,0
775760,0
775761,0
775762,0
775763,12
775764,0
775765,0
775766,8
775767,3
775768,0
775769,0
775770,0
775771,0
775772,0
775773,8
775774,9
775775,0
775776,0
775777,0
775778,0
775779,0
775780,0
775781,0
775782,0
775783,13
775784,0
775785,0
775786,0
775787,11
775788,0
775789,10
775790,0
775791,0
775792,0
775793,0
775794,0
775795,0
775796,0
775797,0
775798,2
775799,0
775800,0
775801,0
775802,0
775803,0
775804,14
775805,17
775806,0
775807,0
775808,0
775809,9
775810,0
775811,0
775812,0
775813,0
775814,0
775815,0
775816,0
775817,0
775818,0
775819,0
775820,0
775821,0
775822,0
775823,0
775824,0
775825,0
775826,18
775827,0
775828,0
775829,0
775830,9
775831,0
775832,0
775833,0
775834,0
775835,0
775836,0
775837,0
775838,0
775839,0
775840,0
775841,13
775842,0
775843,0
775844,0
775845,0
775846,0
775847,15
775848,7
775849,13
775850,0
775851,13
775852,0
775853,0
775854,10
775855,0
775856,0
775857,0
775858,11
775859,0
775860,0
775861,0
775862,0
775863,0
775864,16
775865,15
775866,0
775867,14
775868,0
775869,14
775870,0
775871,0
775872,0
775873,0
775874,0
775875,0
775876,0
775877,9
775878,10
775879,0
775880,17
775881,13
775882,0
775883,0
775884,0
775885,0
775886,9
775887,0
775888,0
775889,0
775890,0
775891,0
775892,0
775893,0
775894,0
775895,0
775896,0
775897,10
775898,0
775899,0
775900,0
775901,16
775902,0
775903,0
775904,0
775905,0
775906,0
775907,0
775908,0
775909,0
775910,0
775911,0
775912,0
775913,0
775914,0
775915,14
775916,0
775917,0
775918,0
775919,0
775920,18
775921,0
775922,0
775923,0
775924,0
775925,0
775926,26
775927,0
775928,0
775929,0
775930,0
775931,0
775932,0
775933,0
775934,0
775935,0
775936,17
775937,20
775938,0
775939,0
775940,0
775941,0
775942,0
775943,0
775944,0
775945,0
775946,0
775947,23
775948,0
775949,0
775950,0
775951,0
775952,0
775953,0
775954,20
775955,0
775956,0
775957,16
775958,0
775959,22
775960,0
775961,0
775962,0
775963,0
775964,0
775965,0
775966,0
775967,26
775968,0
775969,19
775970,0
775971,0
775972,0
775973,13
775974,0
775975,0
775976,0
775977,21
775978,18
775979,0
775980,0
775981,0
775982,0
775983,27
775984,0
775985,0
775986,0
775987,0
775988,0
775989,0
775990,0
775991,0
775992,18
775993,0
775994,0
775995,12
775996,0
775997,0
775998,0
775999,0
776000,0
776001,0
776002,0
776003,0
776004,0
776005,0
776006,0
776007,16
776008,23
776009,0
776010,0
776011,0
776012,0
776013,15
776014,0
776015,0
776016,0
776017,18
776018,0
776019,18
776020,0
776021,0
776022,0
776023,0
776024,0
776025,0
776026,0
776027,0
776028,0
776029,0
776030,0
776031,0
776032,0
776033,0
776034,0
776035,22
776036,30
776037,0
776038,0
776039,14
776040,0
776041,16
776042,0
776043,0
776044,0
776045,0
776046,28
776047,24
776048,0
776049,0
776050,0
776051,0
776052,0
776053,0
776054,0
776055,26
776056,0
776057,0
776058,0
776059,0
776060,0
776061,21
776062,0
776063,0
776064,0
776065,0
776066,0
776067,0
776068,21
776069,0
776070,22
776071,0
776072,0
776073,0
776074,0
776075,0
776076,0
776077,0
776078,0
776079,0
776080,0
776081,20
776082,0
776083,0
776084,14
776085,0
776086,0
776087,17
776088,0
776089,0
776090,0
776091,0
776092,0
776093,0
776094,0
776095,0
776096,0
776097,0
776098,0
776099,0
776100,0
776101,0
776102,0
776103,0
776104,0
776105,0
776106,0
776107,0
776108,0
776109,0
776110,0
776111,0
776112,0
776113,25
776114,0
776115,0
776116,0
776117,0
776118,0
776119,0
776120,0
776121,0
776122,0
776123,18
776124,0
776125,0
776126,0
776127,0
776128,0
776129,0
776130,0
776131,0
776132,0
776133,10
776134,0
776135,11
776136,0
776137,0
776138,0
776139,0
776140,0
776141,24
776142,0
776143,0
776144,0
776145,0
776146,0
776147,0
776148,0
776149,0
776150,0
776151,0
776152,17
776153,0
776154,0
776155,0
776156,0
776157,0
776158,0
776159,0
776160,19
776161,0
776162,0
776163,0
776164,0
776165,0
776166,0
776167,0
776168,0
776169,20
776170,0
776171,0
776172,0
776173,0
776174,0
776175,15
776176,0
776177,25
776178,0
776179,0
776180,0
776181,0
776182,0
776183,0
776184,0
776185,0
776186,30
776187,0
776188,0
776189,0
776190,24
776191,0
776192,0
776193,0
776194,0
776195,0
776196,0
776197,0
776198,0
776199,0
776200,0
776201,0
776202,0
776203,0
776204,0
776205,0
776206,0
776207,0
776208,0
776209,0
776210,23
776211,0
776212,0
776213,0
776214,0
776215,0
776216,0
776217,22
776218,0
776219,0
776220,0
776221,0
776222,0
776223,0
776224,0
776225,0
776226,25
776227,0
776228,0
776229,0
776230,0
776231,34
776232,0
776233,0
776234,0
776235,0
776236,0
776237,0
776238,0
776239,0
776240,0
776241,0
776242,0
776243,0
776244,0
776245,0
776246,0
776247,0
776248,0
776249,0
776250,0
776251,22
776252,0
776253,0
776254,0
776255,0
776256,0
776257,0
776258,0
776259,0
776260,0
776261,0
776262,0
776263,15
776264,0
776265,0
776266,0
776267,0
776268,19
776269,0
776270,0
776271,0
776272,0
776273,0
776274,22
776275,0
776276,0
776277,0
776278,0
776279,0
776280,17
776281,20
776282,0
776283,0
776284,0
776285,12
776286,0
776287,0
776288,0
776289,0
776290,0
776291,12
776292,0
776293,0
776294,0
776295,0
776296,0
776297,22
776298,0
776299,23
776300,0
776301,0
776302,16
776303,20
776304,0
776305,0
776306,24
776307,0
776308,0
776309,0
776310,0
776311,0
776312,0
776313,16
776314,0
776315,0
776316,0
776317,14
776318,0
776319,0
776320,0
776321,0
776322,0
776323,19
776324,19
776325,0
776326,0
776327,0
776328,0
776329,0
776330,0
776331,17
776332,0
776333,0
776334,0
776335,0
776336,0
776337,0
776338,0
776339,24
776340,0
776341,0
776342,25
776343,0
776344,0
776345,0
776346,0
776347,0
776348,24
776349,22
776350,0
776351,0
776352,0
776353,0
776354,0
776355,0
776356,0
776357,0
776358,0
776359,0
776360,20
776361,0
776362,0
776363,0
776364,0
776365,0
776366,0
776367,0
776368,0
776369,0
776370,0
776371,0
776372,0
776373,23
776374,0
776375,23
776376,0
776377,0
776378,20
776379,0
776380,0
776381,0
776382,15
776383,0
776384,0
776385,0
776386,0
776387,0
776388,0
776389,0
776390,0
776391,0
776392,21
776393,0
776394,0
776395,0
776396,0
776397,0
776398,0
776399,0
776400,17
776401,0
776402,0
776403,0
776404,0
776405,0
776406,0
776407,0
776408,0
776409,20
776410,0
776411,15
776412,0
776413,26
776414,0
776415,0
776416,18
776417,0
776418,0
776419,0
776420,0
776421,0
776422,0
776423,16
776424,0
776425,0
776426,0
776427,0
776428,25
776429,0
776430,18
776431,0
776432,0
776433,0
776434,21
776435,0
776436,0
776437,0
776438,0
776439,0
776440,0
776441,0
776442,0
776443,0
776444,0
776445,0
776446,0
776447,24
776448,0
776449,0
776450,0
776451,0
776452,0
776453,0
776454,0
776455,19
776456,0
776457,0
776458,0
776459,0
776460,29
776461,18
776462,0
776463,0
776464,0
776465,14
776466,0
776467,0
776468,0
776469,0
776470,0
776471,17
776472,0
776473,0
776474,0
776475,0
776476,0
776477,0
776478,0
776479,0
776480,0
776481,0
776482,16
776483,0
776484,0
776485,0
776486,0
776487,0
776488,0
776489,16
776490,0
776491,22
776492,0
776493,0
776494,0
776495,0
776496,0
776497,0
776498,0
776499,0
776500,0
776501,0
776502,0
776503,0
776504,0
776505,0
776506,0
776507,0
776508,0
776509,0
776510,13
776511,25
776512,0
776513,0
776514,0
776515,0
776516,0
776517,0
776518,0
776519,0
776520,0
776521,0
776522,0
776523,18
776524,0
776525,0
776526,0
776527,0
776528,0
776529,0
776530,0
776531,0
776532,0
776533,0
776534,0
776535,0
776536,0
776537,20
776538,0
776539,0
776540,0
776541,0
776542,0
776543,17
776544,0
776545,0
776546,0
776547,0
776548,0
776549,0
776550,0
776551,0
776552,0
776553,0
776554,0
776555,28
776556,0
776557,0
776558,0
776559,0
776560,24
776561,0
776562,0
776563,0
776564,0
776565,0
776566,0
776567,0
776568,0
776569,0
776570,0
776571,0
776572,0
776573,0
776574,21
776575,0
776576,0
776577,26
776578,0
776579,0
776580,0
776581,0
776582,11
776583,0
776584,0
776585,0
776586,25
776587,24
776588,0
776589,0
776590,0
776591,13
776592,0
776593,0
776594,0
776595,0
776596,21
776597,0
776598,0
776599,0
776600,0
776601,0
776602,0
776603,18
776604,0
776605,0
776606,0
776607,0
776608,0
776609,0
776610,16
776611,0
776612,0
776613,0
776614,0
776615,0
776616,0
776617,0
776618,0
776619,0
776620,0
776621,0
776622,0
776623,31
776624,29
776625,0
776626,0
776627,0
776628,0
776629,0
776630,22
776631,0
776632,0
776633,0
776634,0
776635,0
776636,16
776637,26
776638,0
776639,0
776640,0
776641,0
776642,0
776643,0
776644,0
776645,0
776646,0
776647,0
776648,0
776649,0
776650,0
776651,0
776652,0
776653,0
776654,15
776655,0
776656,0
776657,17
776658,0
776659,0
776660,0
776661,0
776662,0
776663,0
776664,0
776665,0
776666,0
776667,0
776668,0
776669,0
776670,0
776671,0
776672,0
776673,0
776674,0
776675,0
776676,0
776677,0
776678,0
776679,0
776680,0
776681,0
776682,0
776683,0
776684,0
776685,0
776686,24
776687,0
776688,0
776689,0
776690,0
776691,0
776692,0
776693,34
776694,0
776695,0
776696,0
776697,0
776698,0
776699,0
776700,0
776701,0
776702,0
776703,0
776704,0
776705,0
776706,0
776707,0
776708,0
776709,0
776710,0
776711,0
776712,0
776713,0
776714,0
776715,0
776716,0
776717,0
776718,0
776719,0
776720,0
776721,0
776722,16
776723,0
776724,0
776725,0
776726,19
776727,0
776728,0
776729,0
776730,0
776731,0
776732,0
776733,23
776734,0
776735,0
776736,0
776737,0
776738,0
776739,0
776740,0
776741,0
776742,0
776743,0
776744,22
776745,37
776746,0
776747,0
776748,0
776749,21
776750,0
776751,0
776752,0
776753,0
776754,0
776755,0
776756,0
776757,0
776758,0
776759,23
776760,0
776761,0
776762,0
776763,0
776764,0
776765,0
776766,25
776767,0
776768,0
776769,0
776770,0
776771,21
776772,0
776773,0
776774,0
776775,16
776776,0
776777,0
776778,0
776779,0
776780,0
776781,0
776782,0
776783,0
776784,0
776785,29
776786,22
776787,15
776788,0
776789,0
776790,0
776791,0
776792,0
776793,0
776794,0
776795,0
776796,0
776797,0
776798,0
776799,0
776800,0
776801,0
776802,0
776803,0
776804,0
776805,0
776806,0
776807,0
776808,0
776809,0
776810,0
776811,0
776812,0
776813,0
776814,0
776815,0
776816,0
776817,0
776818,0
776819,0
776820,0
776821,23
776822,23
776823,0
776824,0
776825,0
776826,0
776827,0
776828,22
776829,0
776830,0
776831,0
776832,0
776833,0
776834,0
776835,0
776836,0
776837,0
776838,0
776839,0
776840,19
776841,0
776842,0
776843,0
776844,0
776845,0
776846,28
776847,0
776848,0
776849,26
776850,0
776851,0
776852,0
776853,0
776854,0
776855,0
776856,27
776857,0
776858,0
776859,24
776860,0
776861,0
776862,0
776863,0
776864,0
776865,16
776866,21
776867,0
776868,0
776869,0
776870,0
776871,0
776872,0
776873,0
776874,0
776875,0
776876,0
776877,0
776878,16
776879,21
776880,0
776881,0
776882,0
776883,0
776884,0
776885,0
776886,0
776887,0
776888,0
776889,25
776890,21
776891,0
776892,17
776893,0
776894,0
776895,0
776896,0
776897,0
776898,0
776899,0
776900,0
776901,0
776902,0
776903,0
776904,0
776905,0
776906,0
776907,0
776908,0
776909,0
776910,0
776911,0
776912,0
776913,0
776914,0
776915,0
776916,0
776917,0
776918,0
776919,0
776920,0
776921,0
776922,0
776923,21
776924,17
776925,0
776926,0
776927,0
776928,0
776929,0
776930,0
776931,24
776932,0
776933,0
776934,23
776935,0
776936,0
776937,0
776938,0
776939,0
776940,0
776941,0
776942,0
776943,0
776944,0
776945,0
776946,0
776947,0
776948,0
776949,0
776950,0
776951,0
776952,0
776953,0
776954,0
776955,0
776956,0
776957,0
776958,16
776959,0
776960,21
776961,0
776962,0
776963,0
776964,0
776965,17
776966,0
776967,0
776968,0
776969,0
776970,0
776971,0
776972,0
776973,0
776974,0
776975,0
776976,0
776977,0
776978,0
776979,0
776980,25
776981,0
776982,0
776983,0
776984,0
776985,0
776986,0
776987,0
776988,0
776989,0
776990,0
776991,0
776992,0
776993,0
776994,0
776995,0
776996,0
776997,0
776998,0
776999,0
777000,0
777001,0
777002,0
777003,22
777004,0
777005,0
777006,0
777007,0
777008,0
777009,0
777010,14
777011,0
777012,0
777013,0
777014,16
777015,0
777016,0
777017,0
777018,15
777019,30
777020,0
777021,0
777022,0
777023,0
777024,19
777025,0
777026,18
777027,0
777028,0
777029,0
777030,0
777031,22
777032,23
777033,0
777034,0
777035,0
777036,0
777037,0
777038,0
777039,0
777040,0
777041,0
777042,0
777043,0
777044,0
777045,20
777046,0
777047,0
777048,0
777049,0
777050,0
777051,0
777052,0
777053,0
777054,0
777055,0
777056,21
777057,0
777058,0
777059,0
777060,0
777061,17
777062,0
777063,0
777064,0
777065,0
777066,0
777067,0
777068,0
777069,0
777070,0
777071,0
777072,0
777073,0
777074,0
777075,0
777076,0
777077,0
777078,0
777079,0
777080,0
777081,0
777082,0
777083,0
777084,0
777085,0
777086,3
777087,0
777088,0
777089,0
777090,0
777091,0
777092,0
777093,0
777094,0
777095,0
777096,0
777097,0
777098,0
777099,0
777100,0
777101,0
777102,0
777103,0
777104,0
777105,0
777106,0
777107,0
777108,0
777109,0
777110,0
777111,0
777112,0
777113,0
777114,0
777115,0
777116,0
777117,0
777118,0
777119,0
777120,0
777121,0
777122,0
777123,0
777124,0
777125,1
777126,0
777127,0
777128,0
777129,0
777130,0
777131,0
777132,0
777133,4
777134,0
777135,0
777136,0
777137,0
777138,0
777139,0
777140,0
777141,0
777142,0
777143,0
777144,0
777145,0
777146,0
777147,0
777148,0
777149,0
777150,0
777151,0
777152,0
777153,0
777154,0
777155,0
777156,0
777157,0
777158,0
777159,0
777160,0
777161,0
777162,0
777163,0
777164,0
777165,0
777166,0
777167,0
777168,0
777169,0
777170,0
777171,3
777172,0
777173,0
777174,0
777175,0
777176,0
777177,0
777178,0
777179,0
777180,0
777181,0
777182,0
777183,0
777184,0
777185,0
777186,2
777187,0
777188,0
777189,0
777190,0
777191,0
777192,0
777193,0
777194,0
777195,0
777196,0
777197,0
777198,0
777199,0
777200,0
777201,0
777202,0
777203,1
777204,0
777205,0
777206,0
777207,0
777208,0
777209,0
777210,0
777211,0
777212,0
777213,0
777214,0
777215,0
777216,1
777217,0
777218,0
777219,0
777220,0
777221,3
777222,0
777223,0
777224,0
777225,0
777226,0
777227,0
777228,0
777229,0
777230,0
777231,0
777232,0
777233,0
777234,0
777235,1
777236,0
777237,0
777238,0
777239,0
777240,0
777241,0
777242,0
777243,0
777244,0
777245,0
777246,0
777247,0
777248,0
777249,0
777250,0
777251,0
777252,0
777253,0
777254,0
777255,0
777256,0
777257,0
777258,0
777259,0
777260,0
777261,0
777262,0
777263,0
777264,0
777265,0
777266,0
777267,0
777268,0
777269,0
777270,0
777271,0
777272,0
777273,0
777274,0
777275,0
777276,0
777277,0
777278,0
777279,0
777280,0
777281,0
777282,0
777283,0
777284,0
777285,0
777286,0
777287,0
777288,0
777289,0
777290,0
777291,0
777292,1
777293,0
777294,0
777295,0
777296,0
777297,0
777298,0
777299,0
777300,0
777301,0
777302,0
777303,0
777304,0
777305,0
777306,0
777307,0
777308,0
777309,0
777310,0
777311,0
777312,0
777313,0
777314,0
777315,0
777316,0
777317,0
777318,0
777319,0
777320,0
777321,0
777322,0
777323,0
777324,0
777325,0
777326,0
777327,0
777328,0
777329,0
777330,0
777331,0
777332,0
777333,0
777334,0
777335,0
777336,0
777337,0
777338,0
777339,0
777340,0
777341,0
777342,0
777343,0
777344,0
777345,0
777346,0
777347,0
777348,0
777349,0
777350,0
777351,0
777352,2
777353,0
777354,0
777355,0
777356,1
777357,0
777358,0
777359,0
777360,0
777361,0
777362,0
777363,0
777364,0
777365,0
777366,0
777367,0
777368,0
777369,0
777370,0
777371,0
777372,0
777373,0
777374,0
777375,0
777376,0
777377,0
777378,0
777379,0
777380,0
777381,0
777382,0
777383,0
777384,0
777385,0
777386,0
777387,0
777388,0
777389,0
777390,0
777391,0
777392,0
777393,0
777394,0
777395,0
777396,0
777397,0
777398,0
777399,3
777400,0
777401,2
777402,0
777403,0
777404,0
777405,0
777406,0
777407,0
777408,1
777409,0
777410,0
777411,0
777412,0
777413,0
777414,0
777415,0
777416,0
777417,1
777418,0
777419,0
777420,0
777421,0
777422,0
777423,0
777424,0
777425,0
777426,0
777427,0
777428,0
777429,0
777430,0
777431,0
777432,0
777433,0
777434,0
777435,0
777436,0
777437,0
777438,0
777439,0
777440,0
777441,0
777442,0
777443,0
777444,0
777445,0
777446,0
777447,0
777448,0
777449,0
777450,0
777451,0
777452,0
777453,0
777454,0
777455,0
777456,0
777457,0
777458,0
777459,0
777460,0
777461,0
777462,0
777463,0
777464,0
777465,0
777466,0
777467,0
777468,0
777469,0
777470,0
777471,0
777472,0
777473,0
777474,0
777475,0
777476,0
777477,0
777478,0
777479,0
777480,0
777481,0
777482,0
777483,0
777484,1
777485,0
777486,0
777487,0
777488,0
777489,0
777490,0
777491,0
777492,0
777493,0
777494,0
777495,0
777496,0
777497,0
777498,0
777499,0
777500,0
777501,0
777502,0
777503,2
777504,0
777505,0
777506,0
777507,0
777508,0
777509,0
777510,0
777511,0
777512,0
777513,0
777514,0
777515,0
777516,0
777517,0
777518,0
777519,0
777520,1
777521,1
777522,0
777523,0
777524,0
777525,0
777526,0
777527,0
777528,0
777529,0
777530,0
777531,0
777532,0
777533,0
777534,0
777535,0
777536,0
777537,0
777538,0
777539,0
777540,0
777541,0
777542,0
777543,0
777544,0
777545,0
777546,0
777547,0
777548,0
777549,0
777550,0
777551,0
777552,0
777553,0
777554,0
777555,4
777556,0
777557,0
777558,1
777559,0
777560,0
777561,0
777562,0
777563,0
777564,0
777565,0
777566,0
777567,0
777568,0
777569,0
777570,0
777571,0
777572,0
777573,0
777574,0
777575,0
777576,0
777577,0
777578,0
777579,0
777580,0
777581,0
777582,0
777583,0
777584,0
777585,0
777586,0
777587,0
777588,0
777589,1
777590,0
777591,0
777592,0
777593,0
777594,0
777595,0
777596,0
777597,0
777598,0
777599,1
777600,0
777601,0
777602,0
777603,0
777604,0
777605,0
777606,0
777607,0
777608,0
777609,0
777610,0
777611,0
777612,0
777613,0
777614,0
777615,0
777616,0
777617,1
777618,0
777619,0
777620,0
777621,0
777622,0
777623,0
777624,1
777625,0
777626,0
777627,0
777628,0
777629,0
777630,0
777631,0
777632,0
777633,2
777634,1
777635,0
777636,2
777637,0
777638,0
777639,0
777640,0
777641,0
777642,0
777643,3
777644,0
777645,1
777646,0
777647,0
777648,0
777649,0
777650,0
777651,0
777652,0
777653,0
777654,2
777655,0
777656,0
777657,0
777658,0
777659,0
777660,0
777661,0
777662,0
777663,0
777664,0
777665,1
777666,0
777667,0
777668,2
777669,0
777670,0
777671,0
777672,0
777673,0
777674,0
777675,0
777676,0
777677,0
777678,0
777679,0
777680,0
777681,0
777682,0
777683,0
777684,0
777685,0
777686,0
777687,0
777688,0
777689,0
777690,0
777691,0
777692,0
777693,0
777694,0
777695,0
777696,0
777697,0
777698,0
777699,0
777700,0
777701,0
777702,0
777703,0
777704,0
777705,0
777706,0
777707,0
777708,0
777709,0
777710,0
777711,45
777712,0
777713,0
777714,22
777715,31
777716,0
777717,0
777718,0
777719,0
777720,0
777721,47
777722,0
777723,54
777724,0
777725,0
777726,13
777727,0
777728,0
777729,19
777730,0
777731,0
777732,0
777733,0
777734,0
777735,27
777736,0
777737,0
777738,0
777739,0
777740,0
777741,0
777742,0
777743,0
777744,0
777745,37
777746,0
777747,0
777748,0
777749,0
777750,22
777751,0
777752,0
777753,12
777754,0
777755,69
777756,0
777757,18
777758,0
777759,0
777760,0
777761,25
777762,0
777763,0
777764,0
777765,39
777766,0
777767,0
777768,0
777769,0
777770,0
777771,65
777772,0
777773,0
777774,0
777775,0
777776,0
777777,0
777778,0
777779,32
777780,0
777781,0
777782,0
777783,0
777784,0
777785,0
777786,0
777787,0
777788,0
777789,19
777790,0
777791,0
777792,0
777793,0
777794,0
777795,0
777796,0
777797,0
777798,0
777799,0
777800,0
777801,0
777802,41
777803,0
777804,0
777805,0
777806,17
777807,0
777808,0
777809,0
777810,0
777811,0
777812,63
777813,40
777814,0
777815,0
777816,0
777817,0
777818,0
777819,23
777820,42
777821,0
777822,0
777823,0
777824,0
777825,0
777826,0
777827,46
777828,0
777829,0
777830,0
777831,0
777832,0
777833,0
777834,0
777835,0
777836,0
777837,27
777838,0
777839,29
777840,30
777841,0
777842,0
777843,0
777844,0
777845,50
777846,48
777847,0
777848,0
777849,27
777850,0
777851,0
777852,0
777853,0
777854,22
777855,0
777856,0
777857,0
777858,0
777859,0
777860,0
777861,0
777862,0
777863,0
777864,0
777865,0
777866,0
777867,0
777868,0
777869,0
777870,0
777871,28
777872,33
777873,0
777874,0
777875,0
777876,0
777877,0
777878,0
777879,0
777880,30
777881,0
777882,0
777883,37
777884,0
777885,0
777886,0
777887,0
777888,50
777889,0
777890,0
777891,25
777892,62
777893,0
777894,35
777895,0
777896,0
777897,0
777898,0
777899,0
777900,0
777901,0
777902,44
777903,0
777904,0
777905,0
777906,0
777907,0
777908,0
777909,0
777910,0
777911,46
777912,0
777913,36
777914,0
777915,38
777916,0
777917,0
777918,0
777919,0
777920,0
777921,28
777922,68
777923,25
777924,0
777925,38
777926,0
777927,0
777928,0
777929,0
777930,0
777931,0
777932,0
777933,0
777934,0
777935,0
777936,0
777937,0
777938,72
777939,47
777940,0
777941,0
777942,11
777943,0
777944,21
777945,0
777946,0
777947,0
777948,35
777949,0
777950,54
777951,0
777952,0
777953,0
777954,0
777955,61
777956,0
777957,0
777958,0
777959,46
777960,0
777961,0
777962,0
777963,16
777964,28
777965,0
777966,0
777967,0
777968,0
777969,0
777970,0
777971,0
777972,54
777973,46
777974,0
777975,0
777976,0
777977,0
777978,0
777979,0
777980,0
777981,0
777982,0
777983,0
777984,0
777985,41
777986,25
777987,0
777988,0
777989,0
777990,0
777991,0
777992,0
777993,0
777994,0
777995,0
777996,22
777997,0
777998,0
777999,0
778000,0
778001,0
778002,0
778003,0
778004,56
778005,0
778006,0
778007,0
778008,0
778009,0
778010,38
778011,0
778012,0
778013,0
778014,0
778015,0
778016,0
778017,0
778018,23
778019,0
778020,36
778021,0
778022,0
778023,0
778024,38
778025,32
778026,53
778027,30
778028,0
778029,0
778030,0
778031,16
778032,37
778033,29
778034,33
778035,0
778036,0
778037,0
778038,0
778039,0
778040,0
778041,0
778042,0
778043,0
778044,22
778045,0
778046,0
778047,0
778048,0
778049,0
778050,0
778051,0
778052,39
778053,0
778054,0
778055,0
778056,0
778057,0
778058,0
778059,0
778060,17
778061,0
778062,0
778063,0
778064,0
778065,0
778066,0
778067,0
778068,0
778069,0
778070,0
778071,0
778072,0
778073,0
778074,0
778075,0
778076,0
778077,0
778078,0
778079,0
778080,0
778081,0
778082,0
778083,0
778084,0
778085,0
778086,0
778087,0
778088,0
778089,0
778090,0
778091,0
778092,0
778093,0
778094,31
778095,7
778096,0
778097,0
778098,48
778099,0
778100,0
778101,0
778102,0
778103,0
778104,0
778105,0
778106,11
778107,46
778108,0
778109,0
778110,0
778111,52
778112,0
778113,0
778114,0
778115,0
778116,0
778117,0
778118,32
778119,0
778120,0
778121,28
778122,0
778123,27
778124,0
778125,0
778126,0
778127,0
778128,0
778129,0
778130,0
778131,0
778132,0
778133,0
778134,0
778135,0
778136,0
778137,0
778138,29
778139,52
778140,0
778141,0
778142,0
778143,0
778144,31
778145,0
778146,0
778147,35
778148,0
778149,0
778150,0
778151,0
778152,61
778153,0
778154,0
778155,0
778156,0
778157,0
778158,0
778159,0
778160,0
778161,20
778162,0
778163,24
778164,0
778165,0
778166,25
778167,0
778168,24
778169,0
778170,44
778171,0
778172,0
778173,0
778174,0
778175,0
778176,0
778177,46
778178,0
778179,0
778180,0
778181,0
778182,0
778183,0
778184,0
778185,0
778186,0
778187,0
778188,0
778189,0
778190,0
778191,0
778192,0
778193,0
778194,0
778195,26
778196,0
778197,0
778198,0
778199,16
778200,74
778201,0
778202,0
778203,0
778204,0
778205,0
778206,0
778207,0
778208,0
778209,0
778210,0
778211,54
778212,0
778213,35
778214,0
778215,0
778216,0
778217,47
778218,0
778219,22
778220,0
778221,0
778222,43
778223,26
778224,0
778225,0
778226,0
778227,0
778228,0
778229,0
778230,0
778231,0
778232,0
778233,0
778234,23
778235,0
778236,0
778237,26
778238,24
778239,0
778240,0
778241,0
778242,0
778243,0
778244,0
778245,0
778246,17
778247,0
778248,0
778249,0
778250,0
778251,0
778252,0
778253,0
778254,37
778255,0
778256,0
778257,0
778258,0
778259,0
778260,0
778261,0
778262,0
778263,0
778264,0
778265,0
778266,10
778267,29
778268,0
778269,0
778270,0
778271,0
778272,0
778273,0
778274,39
778275,0
778276,0
778277,0
778278,0
778279,0
778280,0
778281,0
778282,85
778283,0
778284,0
778285,0
778286,0
778287,0
778288,0
778289,0
778290,0
778291,0
778292,58
778293,0
778294,0
778295,0
778296,0
778297,23
778298,31
778299,0
778300,0
778301,0
778302,17
778303,29
778304,0
778305,0
778306,0
778307,0
778308,0
778309,0
778310,0
778311,0
778312,0
778313,0
778314,0
778315,32
778316,23
778317,0
778318,0
778319,0
778320,0
778321,0
778322,0
778323,0
778324,0
778325,0
778326,0
778327,0
778328,0
778329,0
778330,47
778331,0
778332,50
778333,0
778334,0
778335,0
778336,0
778337,0
778338,0
778339,0
778340,46
778341,0
778342,0
778343,0
778344,20
778345,0
778346,0
778347,0
778348,0
778349,37
778350,47
778351,0
778352,40
778353,0
778354,0
778355,0
778356,0
778357,0
778358,58
778359,0
778360,0
778361,0
778362,0
778363,0
778364,0
778365,0
778366,0
778367,0
778368,0
778369,55
778370,0
778371,0
778372,42
778373,0
778374,0
778375,0
778376,0
778377,0
778378,0
778379,0
778380,0
778381,16
778382,0
778383,0
778384,0
778385,0
778386,0
778387,41
778388,0
778389,0
778390,0
778391,0
778392,0
778393,0
778394,0
778395,0
778396,0
778397,0
778398,0
778399,0
778400,0
778401,27
778402,0
778403,0
778404,0
778405,0
778406,0
778407,0
778408,0
778409,0
778410,0
778411,0
778412,0
778413,0
778414,0
778415,0
778416,0
778417,0
778418,0
778419,0
778420,40
778421,0
778422,0
778423,0
778424,55
778425,0
778426,0
778427,37
778428,0
778429,0
778430,0
778431,0
778432,0
778433,0
778434,0
778435,43
778436,0
778437,0
778438,39
778439,0
778440,0
778441,31
778442,0
778443,0
778444,0
778445,0
778446,0
778447,0
778448,0
778449,0
778450,0
778451,0
778452,0
778453,0
778454,0
778455,0
778456,0
778457,0
778458,0
778459,0
778460,0
778461,0
778462,0
778463,0
778464,0
778465,0
778466,0
778467,0
778468,0
778469,44
778470,0
778471,0
778472,0
778473,0
778474,0
778475,0
778476,0
778477,45
778478,0
778479,0
778480,0
778481,0
778482,0
778483,0
778484,0
778485,22
778486,0
778487,0
778488,0
778489,0
778490,0
778491,17
778492,59
778493,0
778494,43
778495,0
778496,0
778497,0
778498,66
778499,0
778500,28
778501,0
778502,34
778503,0
778504,0
778505,0
778506,0
778507,0
778508,0
778509,0
778510,0
778511,0
778512,0
778513,0
778514,50
778515,0
778516,61
778517,0
778518,0
778519,0
778520,0
778521,14
778522,21
778523,0
778524,24
778525,0
778526,41
778527,0
778528,0
778529,0
778530,0
778531,55
778532,0
778533,0
778534,0
778535,0
778536,0
778537,0
778538,54
778539,0
778540,0
778541,0
778542,0
778543,0
778544,0
778545,0
778546,0
778547,0
778548,0
778549,0
778550,0
778551,0
778552,0
778553,0
778554,0
778555,0
778556,0
778557,0
778558,0
778559,24
778560,0
778561,0
778562,0
778563,0
778564,0
778565,0
778566,33
778567,0
778568,19
778569,0
778570,0
778571,0
778572,0
778573,0
778574,0
778575,0
778576,40
778577,0
778578,0
778579,0
778580,34
778581,28
778582,0
778583,0
778584,0
778585,0
778586,0
778587,21
778588,0
778589,0
778590,30
778591,0
778592,0
778593,0
778594,0
778595,0
778596,0
778597,33
778598,0
778599,0
778600,0
778601,28
778602,0
778603,0
778604,0
778605,0
778606,0
778607,48
778608,0
778609,0
778610,0
778611,0
778612,0
778613,0
778614,0
778615,0
778616,29
778617,0
778618,0
778619,0
778620,0
778621,0
778622,0
778623,0
778624,0
778625,0
778626,0
778627,0
778628,0
778629,0
778630,33
778631,27
778632,0
778633,0
778634,31
778635,34
778636,0
778637,0
778638,0
778639,0
778640,22
778641,0
778642,0
778643,24
778644,27
778645,0
778646,0
778647,0
778648,0
778649,28
778650,0
778651,33
778652,28
778653,0
778654,0
778655,0
778656,33
778657,27
778658,0
778659,0
778660,0
778661,0
778662,0
778663,0
778664,0
778665,0
778666,0
778667,0
778668,0
778669,0
778670,0
778671,0
778672,0
778673,26
778674,30
778675,21
778676,0
778677,0
778678,0
778679,0
778680,0
778681,0
778682,0
778683,0
778684,33
778685,0
778686,0
778687,0
778688,0
778689,0
778690,0
778691,0
778692,0
778693,27
778694,0
778695,0
778696,0
778697,0
778698,0
778699,0
778700,0
778701,0
778702,0
778703,0
778704,0
778705,0
778706,0
778707,0
778708,0
778709,0
778710,27
778711,0
778712,0
778713,0
778714,42
778715,24
778716,0
778717,36
778718,0
778719,0
778720,0
778721,25
778722,0
778723,0
778724,0
778725,0
778726,0
778727,0
778728,0
778729,0
778730,0
778731,0
778732,0
778733,35
778734,0
778735,0
778736,0
778737,0
778738,0
778739,24
778740,0
778741,0
778742,28
778743,0
778744,0
778745,0
778746,0
778747,0
778748,0
778749,0
778750,0
778751,0
778752,0
778753,0
778754,0
778755,0
778756,0
778757,43
778758,0
778759,0
778760,0
778761,37
778762,0
778763,0
778764,0
778765,0
778766,0
778767,0
778768,0
778769,0
778770,0
778771,0
778772,0
778773,0
778774,0
778775,0
778776,0
778777,0
778778,0
778779,0
778780,0
778781,30
778782,0
778783,22
778784,0
778785,0
778786,0
778787,0
778788,0
778789,0
778790,0
778791,0
778792,0
778793,24
778794,0
778795,0
778796,0
778797,0
778798,39
778799,0
778800,0
778801,14
778802,29
778803,0
778804,0
778805,0
778806,0
778807,0
778808,0
778809,0
778810,27
778811,0
778812,0
778813,0
778814,0
778815,0
778816,0
778817,0
778818,0
778819,36
778820,0
778821,0
778822,0
778823,35
778824,0
778825,0
778826,0
778827,0
778828,0
778829,0
778830,0
778831,0
778832,0
778833,21
778834,0
778835,0
778836,0
778837,0
778838,22
778839,0
778840,0
778841,0
778842,0
778843,27
778844,0
778845,0
778846,0
778847,0
778848,0
778849,0
778850,0
778851,0
778852,0
778853,0
778854,0
778855,0
778856,0
778857,0
778858,31
778859,0
778860,0
778861,0
778862,0
778863,0
778864,0
778865,0
778866,0
778867,31
778868,0
778869,0
778870,33
778871,0
778872,0
778873,0
778874,0
778875,0
778876,0
778877,0
778878,37
778879,0
778880,0
778881,25
778882,23
778883,0
778884,0
778885,0
778886,0
778887,0
778888,25
778889,0
778890,0
778891,0
778892,24
778893,39
778894,0
778895,39
778896,0
778897,0
778898,0
778899,40
778900,0
778901,0
778902,0
778903,0
778904,32
778905,0
778906,0
778907,0
778908,0
778909,0
778910,0
778911,0
778912,0
778913,0
778914,0
778915,0
778916,0
778917,26
778918,0
778919,0
778920,0
778921,0
778922,0
778923,0
778924,0
778925,29
778926,0
778927,0
778928,0
778929,0
778930,37
778931,0
778932,0
778933,0
778934,0
778935,0
778936,0
778937,0
778938,0
778939,0
778940,17
778941,0
778942,0
778943,0
778944,31
778945,0
778946,0
778947,0
778948,0
778949,0
778950,0
778951,0
778952,0
778953,0
778954,0
778955,0
778956,33
778957,0
778958,0
778959,35
778960,21
778961,0
778962,0
778963,0
778964,27
778965,0
778966,0
778967,0
778968,0
778969,0
778970,0
778971,0
778972,32
778973,0
778974,0
778975,22
778976,42
778977,0
778978,0
778979,23
778980,0
778981,0
778982,0
778983,0
778984,0
778985,0
778986,0
778987,0
778988,0
778989,0
778990,0
778991,0
778992,0
778993,0
778994,0
778995,0
778996,0
778997,0
778998,0
778999,0
779000,0
779001,0
779002,0
779003,0
779004,0
779005,0
779006,0
779007,0
779008,0
779009,0
779010,0
779011,0
779012,37
779013,39
779014,0
779015,0
779016,0
779017,0
779018,0
779019,0
779020,0
779021,0
779022,40
779023,0
779024,0
779025,26
779026,30
779027,0
779028,0
779029,39
779030,0
779031,0
779032,0
779033,0
779034,0
779035,0
779036,0
779037,0
779038,0
779039,0
779040,32
779041,0
779042,0
779043,0
779044,0
779045,0
779046,0
779047,0
779048,19
779049,37
779050,0
779051,0
779052,0
779053,0
779054,0
779055,0
779056,0
779057,0
779058,0
779059,0
779060,27
779061,0
779062,0
779063,0
779064,0
779065,0
779066,0
779067,39
779068,0
779069,0
779070,16
779071,26
779072,0
779073,0
779074,0
779075,0
779076,0
779077,0
779078,24
779079,0
779080,0
779081,28
779082,36
779083,0
779084,0
779085,0
779086,0
779087,0
779088,24
779089,0
779090,0
779091,0
779092,45
779093,23
779094,0
779095,35
779096,0
779097,0
779098,0
779099,0
779100,0
779101,0
779102,0
779103,0
779104,0
779105,38
779106,0
779107,0
779108,0
779109,0
779110,0
779111,0
779112,0
779113,0
779114,0
779115,0
779116,0
779117,0
779118,0
779119,0
779120,0
779121,0
779122,0
779123,0
779124,0
779125,0
779126,0
779127,45
779128,0
779129,0
779130,0
779131,26
779132,0
779133,0
779134,0
779135,0
779136,0
779137,0
779138,0
779139,0
779140,0
779141,0
779142,0
779143,28
779144,27
779145,33
779146,0
779147,0
779148,0
779149,0
779150,0
779151,0
779152,0
779153,27
779154,0
779155,0
779156,0
779157,33
779158,0
779159,0
779160,0
779161,0
779162,0
779163,0
779164,0
779165,27
779166,0
779167,0
779168,0
779169,0
779170,45
779171,0
779172,0
779173,0
779174,0
779175,0
779176,0
779177,0
779178,0
779179,0
779180,0
779181,24
779182,0
779183,34
779184,26
779185,0
779186,0
779187,0
779188,0
779189,0
779190,0
779191,0
779192,0
779193,0
779194,0
779195,26
779196,0
779197,0
779198,0
779199,0
779200,35
779201,0
779202,0
779203,0
779204,0
779205,0
779206,0
779207,0
779208,22
779209,0
779210,32
779211,0
779212,0
779213,0
779214,0
779215,0
779216,0
779217,0
779218,28
779219,0
779220,30
779221,0
779222,0
779223,0
779224,0
779225,0
779226,0
779227,0
779228,0
779229,0
779230,0
779231,0
779232,36
779233,0
779234,0
779235,0
779236,0
779237,0
779238,0
779239,19
779240,0
779241,0
779242,34
779243,0
779244,0
779245,0
779246,0
779247,0
779248,0
779249,0
779250,0
779251,0
779252,0
779253,0
779254,0
779255,0
779256,0
779257,0
779258,0
779259,0
779260,0
779261,0
779262,0
779263,0
779264,0
779265,0
779266,0
779267,0
779268,0
779269,0
779270,0
779271,0
779272,0
779273,0
779274,0
779275,0
779276,12
779277,0
779278,0
779279,6
779280,0
779281,0
779282,0
779283,0
779284,0
779285,0
779286,0
779287,0
779288,0
779289,0
779290,0
779291,0
779292,0
779293,0
779294,0
779295,0
779296,0
779297,0
779298,0
779299,0
779300,0
779301,0
779302,0
779303,0
779304,6
779305,0
779306,0
779307,0
779308,0
779309,0
779310,0
779311,0
779312,0
779313,0
779314,2
779315,0
779316,4
779317,0
779318,5
779319,0
779320,0
779321,0
779322,0
779323,8
779324,0
779325,0
779326,0
779327,0
779328,0
779329,0
779330,0
779331,0
779332,0
779333,0
779334,0
779335,0
779336,0
779337,0
779338,5
779339,0
779340,0
779341,0
779342,4
779343,0
779344,6
779345,0
779346,0
779347,0
779348,0
779349,0
779350,0
779351,0
779352,0
779353,0
779354,0
779355,0
779356,0
779357,0
779358,0
779359,0
779360,0
779361,0
779362,0
779363,0
779364,4
779365,0
779366,0
779367,0
779368,0
779369,0
779370,0
779371,0
779372,0
779373,0
779374,0
779375,0
779376,0
779377,0
779378,0
779379,0
779380,0
779381,3
779382,0
779383,0
779384,6
779385,8
779386,5
779387,0
779388,0
779389,0
779390,0
779391,0
779392,0
779393,0
779394,0
779395,0
779396,0
779397,0
779398,0
779399,0
779400,0
779401,0
779402,0
779403,5
779404,0
779405,0
779406,0
779407,0
779408,0
779409,0
779410,0
779411,0
779412,0
779413,0
779414,0
779415,0
779416,0
779417,0
779418,7
779419,14
779420,7
779421,0
779422,0
779423,0
779424,0
779425,4
779426,0
779427,0
779428,0
779429,0
779430,1
779431,0
779432,0
779433,0
779434,0
779435,0
779436,0
779437,0
779438,0
779439,10
779440,0
779441,0
779442,0
779443,0
779444,0
779445,4
779446,0
779447,0
779448,0
779449,0
779450,0
779451,0
779452,0
779453,5
779454,0
779455,1
779456,0
779457,0
779458,0
779459,0
779460,0
779461,0
779462,0
779463,0
779464,0
779465,0
779466,0
779467,0
779468,0
779469,5
779470,0
779471,0
779472,6
779473,0
779474,0
779475,0
779476,0
779477,0
779478,0
779479,4
779480,0
779481,0
779482,0
779483,0
779484,0
779485,0
779486,0
779487,0
779488,6
779489,0
779490,0
779491,0
779492,0
779493,0
779494,0
779495,7
779496,0
779497,0
779498,0
779499,0
779500,0
779501,0
779502,0
779503,0
779504,0
779505,0
779506,0
779507,0
779508,0
779509,0
779510,3
779511,0
779512,0
779513,0
779514,0
779515,0
779516,0
779517,8
779518,0
779519,0
779520,0
779521,0
779522,0
779523,0
779524,0
779525,0
779526,0
779527,0
779528,6
779529,0
779530,0
779531,0
779532,0
779533,0
779534,0
779535,0
779536,0
779537,0
779538,0
779539,0
779540,0
779541,0
779542,0
779543,0
779544,0
779545,0
779546,0
779547,0
779548,0
779549,0
779550,6
779551,0
779552,0
779553,0
779554,0
779555,0
779556,0
779557,0
779558,0
779559,0
779560,0
779561,0
779562,0
779563,0
779564,0
779565,0
779566,0
779567,0
779568,4
779569,5
779570,0
779571,0
779572,0
779573,0
779574,0
779575,0
779576,0
779577,8
779578,0
779579,0
779580,0
779581,0
779582,9
779583,0
779584,0
779585,0
779586,0
779587,0
779588,0
779589,0
779590,0
779591,0
779592,0
779593,0
779594,0
779595,0
779596,0
779597,0
779598,0
779599,0
779600,0
779601,0
779602,0
779603,5
779604,0
779605,0
779606,0
779607,0
779608,4
779609,0
779610,6
779611,7
779612,8
779613,6
779614,0
779615,0
779616,0
779617,0
779618,0
779619,0
779620,0
779621,0
779622,0
779623,0
779624,0
779625,0
779626,0
779627,0
779628,0
779629,0
779630,0
779631,0
779632,0
779633,4
779634,0
779635,0
779636,0
779637,4
779638,0
779639,0
779640,0
779641,0
779642,0
779643,0
779644,0
779645,0
779646,0
779647,0
779648,0
779649,0
779650,0
779651,4
779652,0
779653,0
779654,0
779655,0
779656,11
779657,0
779658,0
779659,0
779660,0
779661,0
779662,0
779663,0
779664,0
779665,0
779666,0
779667,0
779668,0
779669,0
779670,0
779671,0
779672,0
779673,0
779674,0
779675,0
779676,0
779677,0
779678,0
779679,0
779680,0
779681,0
779682,0
779683,0
779684,4
779685,0
779686,0
779687,0
779688,0
779689,0
779690,0
779691,0
779692,0
779693,0
779694,0
779695,0
779696,0
779697,8
779698,0
779699,0
779700,0
779701,0
779702,0
779703,0
779704,0
779705,0
779706,0
779707,0
779708,0
779709,0
779710,0
779711,0
779712,0
779713,0
779714,6
779715,0
779716,0
779717,0
779718,0
779719,4
779720,0
779721,0
779722,0
779723,0
779724,0
779725,0
779726,0
779727,0
779728,0
779729,0
779730,0
779731,0
779732,4
779733,0
779734,0
779735,0
779736,0
779737,4
779738,8
779739,0
779740,5
779741,0
779742,0
779743,0
779744,0
779745,0
779746,0
779747,1
779748,0
779749,5
779750,0
779751,0
779752,0
779753,0
779754,0
779755,0
779756,0
779757,0
779758,2
779759,7
779760,0
779761,0
779762,0
779763,0
779764,0
779765,0
779766,0
779767,0
779768,0
779769,0
779770,0
779771,6
779772,0
779773,0
779774,0
779775,0
779776,0
779777,0
779778,0
779779,0
779780,0
779781,0
779782,0
779783,0
779784,0
779785,0
779786,0
779787,0
779788,0
779789,0
779790,0
779791,0
779792,14
779793,0
779794,0
779795,0
779796,0
779797,6
779798,0
779799,9
779800,0
779801,0
779802,0
779803,0
779804,0
779805,0
779806,0
779807,0
779808,0
779809,0
779810,0
779811,0
779812,0
779813,0
779814,0
779815,0
779816,0
779817,0
779818,0
779819,0
779820,0
779821,3
779822,0
779823,0
779824,0
779825,0
779826,0
779827,0
779828,0
779829,0
779830,0
779831,0
779832,0
779833,5
779834,0
779835,0
779836,0
779837,0
779838,0
779839,0
779840,0
779841,0
779842,0
779843,0
779844,0
779845,0
779846,0
779847,0
779848,0
779849,0
779850,0
779851,8
779852,12
779853,0
779854,0
779855,3
779856,14
779857,0
779858,0
779859,6
779860,0
779861,0
779862,0
779863,0
779864,4
779865,0
779866,0
779867,0
779868,0
779869,0
779870,0
779871,0
779872,7
779873,0
779874,0
779875,0
779876,0
779877,0
779878,0
779879,0
779880,0
779881,0
779882,0
779883,0
779884,0
779885,0
779886,0
779887,0
779888,0
779889,0
779890,0
779891,3
779892,4
779893,0
779894,0
779895,5
779896,0
779897,0
779898,0
779899,0
779900,0
779901,0
779902,0
779903,0
779904,0
779905,0
779906,0
779907,0
779908,0
779909,0
779910,4
779911,0
779912,0
779913,0
779914,0
779915,0
779916,0
779917,0
779918,0
779919,0
779920,0
779921,0
779922,0
779923,0
779924,0
779925,0
779926,0
779927,0
779928,0
779929,0
779930,0
779931,0
779932,0
779933,0
779934,0
779935,11
779936,0
779937,0
779938,0
779939,0
779940,0
779941,2
779942,0
779943,0
779944,0
779945,0
779946,0
779947,0
779948,0
779949,0
779950,0
779951,0
779952,0
779953,0
779954,0
779955,3
779956,0
779957,0
779958,0
779959,0
779960,0
779961,0
779962,0
779963,8
779964,0
779965,0
779966,0
779967,0
779968,0
779969,0
779970,0
779971,0
779972,0
779973,0
779974,0
779975,0
779976,0
779977,0
779978,5
779979,0
779980,0
779981,0
779982,0
779983,0
779984,0
779985,0
779986,0
779987,2
779988,0
779989,8
779990,0
779991,0
779992,0
779993,0
779994,0
779995,0
779996,0
779997,9
779998,0
779999,0
780000,0
780001,0
780002,0
780003,0
780004,0
780005,0
780006,0
780007,4
780008,6
780009,0
780010,0
780011,0
780012,0
780013,0
780014,0
780015,0
780016,0
780017,0
780018,0
780019,0
780020,0
780021,7
780022,0
780023,0
780024,0
780025,0
780026,0
780027,0
780028,6
780029,5
780030,0
780031,0
780032,8
780033,4
780034,0
780035,0
780036,0
780037,0
780038,0
780039,0
780040,0
780041,0
780042,0
780043,8
780044,0
780045,0
780046,6
780047,0
780048,0
780049,9
780050,0
780051,0
780052,0
780053,0
780054,0
780055,0
780056,7
780057,0
780058,0
780059,10
780060,4
780061,0
780062,0
780063,0
780064,0
780065,0
780066,7
780067,0
780068,4
780069,0
780070,0
780071,0
780072,0
780073,0
780074,0
780075,0
780076,0
780077,0
780078,0
780079,0
780080,0
780081,0
780082,3
780083,0
780084,0
780085,0
780086,0
780087,0
780088,1
780089,0
780090,0
780091,0
780092,0
780093,0
780094,0
780095,0
780096,0
780097,0
780098,0
780099,4
780100,0
780101,0
780102,8
780103,0
780104,8
780105,0
780106,7
780107,0
780108,0
780109,4
780110,0
780111,9
780112,3
780113,0
780114,0
780115,0
780116,0
780117,8
780118,0
780119,0
780120,0
780121,0
780122,0
780123,0
780124,0
780125,0
780126,0
780127,0
780128,0
780129,0
780130,0
780131,0
780132,8
780133,0
780134,0
780135,7
780136,0
780137,0
780138,0
780139,0
780140,0
780141,0
780142,0
780143,0
780144,0
780145,0
780146,0
780147,0
780148,0
780149,0
780150,0
780151,0
780152,0
780153,2
780154,0
780155,0
780156,0
780157,0
780158,0
780159,3
780160,0
780161,0
780162,0
780163,0
780164,0
780165,0
780166,0
780167,0
780168,0
780169,0
780170,0
780171,2
780172,0
780173,0
780174,0
780175,0
780176,0
780177,0
780178,0
780179,0
780180,0
780181,0
780182,0
780183,0
780184,0
780185,0
780186,0
780187,0
780188,0
780189,0
780190,0
780191,0
780192,0
780193,1
780194,0
780195,0
780196,2
780197,0
780198,0
780199,0
780200,0
780201,0
780202,0
780203,1
780204,0
780205,0
780206,0
780207,0
780208,0
780209,0
780210,0
780211,0
780212,1
780213,0
780214,0
780215,0
780216,0
780217,0
780218,0
780219,0
780220,0
780221,0
780222,0
780223,0
780224,0
780225,0
780226,0
780227,0
780228,0
780229,0
780230,0
780231,0
780232,2
780233,0
780234,0
780235,0
780236,2
780237,0
780238,0
780239,2
780240,0
780241,0
780242,0
780243,0
780244,0
780245,0
780246,3
780247,2
780248,0
780249,5
780250,0
780251,0
780252,2
780253,0
780254,0
780255,0
780256,0
780257,0
780258,0
780259,0
780260,0
780261,0
780262,0
780263,0
780264,0
780265,0
780266,0
780267,0
780268,0
780269,5
780270,0
780271,0
780272,1
780273,2
780274,1
780275,0
780276,2
780277,0
780278,4
780279,0
780280,0
780281,0
780282,0
780283,0
780284,1
780285,0
780286,1
780287,0
780288,0
780289,0
780290,0
780291,0
780292,0
780293,0
780294,0
780295,0
780296,0
780297,0
780298,0
780299,0
780300,0
780301,0
780302,0
780303,0
780304,0
780305,0
780306,0
780307,0
780308,0
780309,2
780310,1
780311,0
780312,0
780313,0
780314,0
780315,0
780316,0
780317,0
780318,0
780319,0
780320,0
780321,0
780322,0
780323,0
780324,0
780325,0
780326,0
780327,0
780328,0
780329,0
780330,0
780331,0
780332,0
780333,0
780334,0
780335,0
780336,1
780337,0
780338,0
780339,0
780340,0
780341,0
780342,0
780343,0
780344,2
780345,0
780346,0
780347,0
780348,0
780349,0
780350,4
780351,4
780352,0
780353,0
780354,0
780355,0
780356,0
780357,0
780358,0
780359,0
780360,0
780361,1
780362,0
780363,0
780364,0
780365,0
780366,0
780367,0
780368,1
780369,2
780370,0
780371,0
780372,0
780373,0
780374,0
780375,0
780376,3
780377,0
780378,0
780379,0
780380,0
780381,0
780382,0
780383,0
780384,0
780385,0
780386,0
780387,0
780388,0
780389,2
780390,0
780391,0
780392,0
780393,0
780394,0
780395,3
780396,0
780397,0
780398,0
780399,0
780400,0
780401,1
780402,0
780403,0
780404,0
780405,0
780406,0
780407,0
780408,0
780409,2
780410,0
780411,0
780412,1
780413,3
780414,2
780415,0
780416,0
780417,0
780418,0
780419,0
780420,2
780421,0
780422,0
780423,0
780424,0
780425,0
780426,0
780427,0
780428,0
780429,0
780430,0
780431,0
780432,2
780433,0
780434,0
780435,0
780436,0
780437,0
780438,0
780439,0
780440,0
780441,0
780442,0
780443,0
780444,0
780445,0
780446,1
780447,0
780448,5
780449,0
780450,0
780451,0
780452,0
780453,0
780454,0
780455,0
780456,0
780457,0
780458,0
780459,0
780460,0
780461,0
780462,0
780463,2
780464,0
780465,0
780466,0
780467,1
780468,4
780469,0
780470,0
780471,0
780472,0
780473,0
780474,0
780475,0
780476,2
780477,0
780478,0
780479,0
780480,0
780481,2
780482,0
780483,0
780484,0
780485,0
780486,2
780487,0
780488,2
780489,0
780490,0
780491,0
780492,0
780493,0
780494,0
780495,0
780496,0
780497,0
780498,0
780499,3
780500,0
780501,0
780502,0
780503,0
780504,0
780505,0
780506,0
780507,0
780508,0
780509,0
780510,0
780511,0
780512,4
780513,0
780514,0
780515,0
780516,0
780517,2
780518,0
780519,0
780520,2
780521,0
780522,0
780523,0
780524,0
780525,0
780526,0
780527,0
780528,0
780529,0
780530,0
780531,0
780532,0
780533,0
780534,0
780535,0
780536,0
780537,0
780538,0
780539,0
780540,0
780541,0
780542,0
780543,0
780544,0
780545,0
780546,0
780547,0
780548,0
780549,0
780550,0
780551,0
780552,0
780553,3
780554,0
780555,1
780556,0
780557,0
780558,0
780559,0
780560,2
780561,0
780562,0
780563,0
780564,0
780565,0
780566,0
780567,0
780568,0
780569,0
780570,0
780571,0
780572,0
780573,0
780574,0
780575,0
780576,0
780577,0
780578,0
780579,0
780580,0
780581,0
780582,0
780583,0
780584,0
780585,0
780586,2
780587,0
780588,0
780589,0
780590,0
780591,0
780592,0
780593,0
780594,0
780595,2
780596,0
780597,4
780598,2
780599,0
780600,0
780601,0
780602,0
780603,0
780604,0
780605,0
780606,3
780607,0
780608,0
780609,0
780610,0
780611,0
780612,3
780613,0
780614,0
780615,0
780616,0
780617,0
780618,2
780619,0
780620,0
780621,0
780622,1
780623,0
780624,0
780625,0
780626,0
780627,0
780628,3
780629,0
780630,0
780631,3
780632,0
780633,1
780634,0
780635,0
780636,0
780637,0
780638,0
780639,4
780640,0
780641,0
780642,0
780643,0
780644,0
780645,0
780646,0
780647,0
780648,0
780649,3
780650,0
780651,0
780652,0
780653,0
780654,0
780655,0
780656,0
780657,0
780658,0
780659,0
780660,0
780661,0
780662,0
780663,0
780664,0
780665,0
780666,3
780667,0
780668,0
780669,0
780670,0
780671,0
780672,0
780673,0
780674,0
780675,0
780676,3
780677,0
780678,0
780679,0
780680,0
780681,0
780682,0
780683,0
780684,0
780685,0
780686,0
780687,0
780688,0
780689,0
780690,0
780691,15
780692,0
780693,0
780694,0
780695,30
780696,0
780697,23
780698,0
780699,0
780700,0
780701,0
780702,0
780703,0
780704,0
780705,45
780706,16
780707,0
780708,0
780709,0
780710,0
780711,0
780712,0
780713,30
780714,26
780715,0
780716,0
780717,19
780718,0
780719,21
780720,0
780721,0
780722,0
780723,17
780724,26
780725,0
780726,0
780727,0
780728,0
780729,0
780730,0
780731,0
780732,0
780733,0
780734,0
780735,0
780736,0
780737,0
780738,18
780739,0
780740,0
780741,0
780742,0
780743,0
780744,0
780745,0
780746,36
780747,0
780748,0
780749,25
780750,0
780751,0
780752,0
780753,0
780754,18
780755,0
780756,0
780757,0
780758,0
780759,0
780760,31
780761,0
780762,0
780763,0
780764,0
780765,0
780766,29
780767,0
780768,0
780769,0
780770,0
780771,20
780772,0
780773,0
780774,33
780775,28
780776,0
780777,0
780778,0
780779,27
780780,0
780781,20
780782,0
780783,0
780784,0
780785,24
780786,20
780787,0
780788,0
780789,0
780790,0
780791,0
780792,0
780793,0
780794,0
780795,0
780796,0
780797,0
780798,0
780799,0
780800,0
780801,0
780802,0
780803,0
780804,37
780805,0
780806,0
780807,0
780808,0
780809,0
780810,23
780811,0
780812,0
780813,0
780814,0
780815,0
780816,27
780817,0
780818,0
780819,25
780820,0
780821,0
780822,0
780823,0
780824,25
780825,0
780826,26
780827,0
780828,35
780829,0
780830,0
780831,0
780832,34
780833,0
780834,23
780835,0
780836,0
780837,0
780838,34
780839,0
780840,0
780841,0
780842,0
780843,0
780844,0
780845,0
780846,0
780847,37
780848,26
780849,0
780850,0
780851,32
780852,0
780853,0
780854,0
780855,0
780856,0
780857,0
780858,0
780859,0
780860,22
780861,0
780862,0
780863,0
780864,0
780865,0
780866,0
780867,22
780868,0
780869,0
780870,0
780871,0
780872,0
780873,44
780874,0
780875,29
780876,0
780877,0
780878,0
780879,0
780880,0
780881,0
780882,0
780883,27
780884,16
780885,0
780886,0
780887,0
780888,0
780889,0
780890,0
780891,0
780892,45
780893,0
780894,0
780895,0
780896,34
780897,0
780898,0
780899,0
780900,0
780901,0
780902,25
780903,26
780904,0
780905,21
780906,36
780907,0
780908,0
780909,0
780910,0
780911,0
780912,0
780913,0
780914,0
780915,0
780916,0
780917,0
780918,0
780919,34
780920,0
780921,20
780922,0
780923,0
780924,0
780925,0
780926,0
780927,0
780928,0
780929,0
780930,0
780931,0
780932,0
780933,0
780934,29
780935,0
780936,0
780937,0
780938,0
780939,0
780940,0
780941,22
780942,0
780943,18
780944,25
780945,0
780946,27
780947,0
780948,0
780949,0
780950,0
780951,45
780952,0
780953,0
780954,26
780955,0
780956,0
780957,0
780958,0
780959,0
780960,0
780961,0
780962,0
780963,0
780964,0
780965,0
780966,0
780967,0
780968,0
780969,28
780970,0
780971,0
780972,0
780973,0
780974,30
780975,0
780976,0
780977,0
780978,0
780979,24
780980,0
780981,17
780982,0
780983,0
780984,0
780985,0
780986,0
780987,0
780988,0
780989,0
780990,0
780991,33
780992,0
780993,0
780994,0
780995,0
780996,0
780997,0
780998,0
780999,0
781000,0
781001,0
781002,0
781003,0
781004,0
781005,0
781006,0
781007,0
781008,36
781009,38
781010,0
781011,0
781012,0
781013,0
781014,20
781015,0
781016,27
781017,0
781018,0
781019,0
781020,0
781021,0
781022,0
781023,0
781024,42
781025,0
781026,0
781027,0
781028,0
781029,0
781030,23
781031,0
781032,22
781033,0
781034,0
781035,0
781036,0
781037,0
781038,0
781039,18
781040,0
781041,0
781042,0
781043,0
781044,15
781045,0
781046,0
781047,0
781048,0
781049,0
781050,0
781051,0
781052,0
781053,0
781054,0
781055,0
781056,23
781057,34
781058,0
781059,0
781060,0
781061,0
781062,0
781063,0
781064,0
781065,0
781066,0
781067,0
781068,0
781069,0
781070,0
781071,19
781072,0
781073,0
781074,0
781075,34
781076,0
781077,0
781078,0
781079,0
781080,0
781081,0
781082,0
781083,0
781084,0
781085,0
781086,0
781087,0
781088,0
781089,0
781090,0
781091,0
781092,0
781093,0
781094,0
781095,0
781096,0
781097,0
781098,0
781099,0
781100,0
781101,0
781102,0
781103,0
781104,0
781105,0
781106,0
781107,0
781108,0
781109,0
781110,0
781111,18
781112,0
781113,0
781114,0
781115,0
781116,0
781117,0
781118,45
781119,21
781120,0
781121,0
781122,0
781123,0
781124,0
781125,0
781126,0
781127,0
781128,0
781129,0
781130,0
781131,0
781132,0
781133,0
781134,0
781135,0
781136,0
781137,0
781138,0
781139,0
781140,0
781141,0
781142,0
781143,0
781144,0
781145,23
781146,0
781147,0
781148,0
781149,0
781150,0
781151,0
781152,0
781153,0
781154,0
781155,0
781156,0
781157,32
781158,24
781159,0
781160,0
781161,0
781162,0
781163,0
781164,0
781165,0
781166,0
781167,0
781168,0
781169,0
781170,0
781171,0
781172,0
781173,0
781174,39
781175,0
781176,0
781177,0
781178,0
781179,0
781180,0
781181,0
781182,0
781183,0
781184,0
781185,0
781186,0
781187,0
781188,0
781189,0
781190,0
781191,25
781192,0
781193,0
781194,29
781195,0
781196,0
781197,0
781198,0
781199,28
781200,0
781201,0
781202,23
781203,0
781204,0
781205,0
781206,38
781207,0
781208,0
781209,0
781210,0
781211,0
781212,39
781213,0
781214,0
781215,0
781216,0
781217,0
781218,0
781219,0
781220,0
781221,0
781222,0
781223,0
781224,0
781225,0
781226,0
781227,0
781228,0
781229,0
781230,0
781231,0
781232,0
781233,0
781234,0
781235,0
781236,0
781237,0
781238,0
781239,0
781240,0
781241,20
781242,0
781243,0
781244,45
781245,0
781246,0
781247,0
781248,0
781249,50
781250,0
781251,0
781252,0
781253,0
781254,0
781255,0
781256,0
781257,0
781258,0
781259,0
781260,0
781261,0
781262,21
781263,0
781264,0
781265,0
781266,0
781267,0
781268,0
781269,0
781270,0
781271,0
781272,24
781273,0
781274,0
781275,0
781276,0
781277,0
781278,0
781279,0
781280,0
781281,0
781282,0
781283,0
781284,0
781285,0
781286,0
781287,0
781288,0
781289,0
781290,0
781291,0
781292,0
781293,0
781294,0
781295,0
781296,0
781297,0
781298,0
781299,0
781300,0
781301,0
781302,0
781303,0
781304,20
781305,0
781306,0
781307,0
781308,0
781309,0
781310,0
781311,0
781312,0
781313,0
781314,0
781315,0
781316,0
781317,0
781318,0
781319,0
781320,0
781321,0
781322,0
781323,0
781324,0
781325,0
781326,0
781327,0
781328,0
781329,0
781330,0
781331,0
781332,0
781333,0
781334,0
781335,0
781336,49
781337,0
781338,0
781339,26
781340,0
781341,0
781342,0
781343,0
781344,0
781345,0
781346,0
781347,0
781348,0
781349,0
781350,0
781351,0
781352,0
781353,0
781354,0
781355,0
781356,36
781357,0
781358,0
781359,0
781360,0
781361,0
781362,0
781363,0
781364,0
781365,0
781366,0
781367,0
781368,0
781369,0
781370,0
781371,26
781372,0
781373,0
781374,0
781375,0
781376,31
781377,0
781378,0
781379,0
781380,0
781381,0
781382,28
781383,0
781384,0
781385,0
781386,0
781387,0
781388,0
781389,0
781390,0
781391,0
781392,0
781393,0
781394,0
781395,0
781396,0
781397,0
781398,0
781399,27
781400,18
781401,0
781402,30
781403,0
781404,33
781405,0
781406,0
781407,47
781408,0
781409,0
781410,0
781411,0
781412,0
781413,0
781414,0
781415,42
781416,0
781417,0
781418,0
781419,0
781420,0
781421,0
781422,0
781423,0
781424,0
781425,33
781426,0
781427,0
781428,37
781429,0
781430,0
781431,0
781432,0
781433,0
781434,26
781435,27
781436,0
781437,29
781438,0
781439,0
781440,19
781441,35
781442,19
781443,0
781444,0
781445,0
781446,0
781447,24
781448,0
781449,0
781450,31
781451,0
781452,0
781453,49
781454,0
781455,0
781456,0
781457,0
781458,0
781459,0
781460,0
781461,22
781462,0
781463,31
781464,0
781465,0
781466,0
781467,0
781468,26
781469,0
781470,0
781471,0
781472,0
781473,0
781474,21
781475,19
781476,0
781477,0
781478,0
781479,30
781480,0
781481,0
781482,0
781483,24
781484,0
781485,0
781486,0
781487,0
781488,0
781489,0
781490,0
781491,0
781492,0
781493,36
781494,0
781495,0
781496,0
781497,0
781498,27
781499,0
781500,27
781501,38
781502,0
781503,0
781504,37
781505,0
781506,0
781507,0
781508,0
781509,35
781510,31
781511,0
781512,23
781513,27
781514,0
781515,0
781516,0
781517,0
781518,0
781519,0
781520,36
781521,0
781522,0
781523,0
781524,0
781525,0
781526,0
781527,0
781528,0
781529,0
781530,25
781531,0
781532,0
781533,0
781534,25
781535,0
781536,0
781537,27
781538,0
781539,0
781540,0
781541,0
781542,0
781543,30
781544,0
781545,0
781546,0
781547,0
781548,26
781549,0
781550,0
781551,0
781552,0
781553,0
781554,0
781555,0
781556,0
781557,0
781558,28
781559,35
781560,0
781561,0
781562,0
781563,0
781564,0
781565,0
781566,18
781567,0
781568,18
781569,0
781570,0
781571,0
781572,0
781573,0
781574,37
781575,45
781576,0
781577,0
781578,24
781579,0
781580,0
781581,0
781582,24
781583,30
781584,0
781585,37
781586,0
781587,20
781588,0
781589,0
781590,0
781591,0
781592,32
781593,0
781594,0
781595,15
781596,0
781597,0
781598,0
781599,22
781600,0
781601,0
781602,0
781603,0
781604,0
781605,0
781606,25
781607,0
781608,26
781609,0
781610,0
781611,29
781612,0
781613,40
781614,0
781615,0
781616,0
781617,0
781618,28
781619,0
781620,0
781621,39
781622,0
781623,0
781624,0
781625,31
781626,30
781627,0
781628,0
781629,0
781630,0
781631,18
781632,0
781633,0
781634,0
781635,0
781636,0
781637,0
781638,0
781639,0
781640,0
781641,29
781642,0
781643,0
781644,0
781645,36
781646,26
781647,0
781648,45
781649,20
781650,0
781651,43
781652,28
781653,25
781654,0
781655,27
781656,16
781657,0
781658,0
781659,33
781660,0
781661,0
781662,0
781663,0
781664,0
781665,0
781666,0
781667,0
781668,0
781669,0
781670,0
781671,38
781672,0
781673,28
781674,0
781675,0
781676,0
781677,0
781678,0
781679,0
781680,30
781681,0
781682,0
781683,0
781684,0
781685,0
781686,0
781687,0
781688,41
781689,0
781690,0
781691,0
781692,28
781693,0
781694,25
781695,22
781696,0
781697,0
781698,0
781699,0
781700,0
781701,0
781702,0
781703,0
781704,0
781705,30
781706,0
781707,0
781708,0
781709,0
781710,0
781711,0
781712,0
781713,0
781714,0
781715,28
781716,43
781717,0
781718,24
781719,0
781720,0
781721,0
781722,0
781723,0
781724,0
781725,30
781726,26
781727,0
781728,37
781729,17
781730,0
781731,0
781732,0
781733,0
781734,0
781735,0
781736,41
781737,40
781738,29
781739,0
781740,32
781741,0
781742,0
781743,32
781744,0
781745,0
781746,0
781747,0
781748,0
781749,0
781750,0
781751,28
781752,0
781753,22
781754,0
781755,0
781756,0
781757,0
781758,0
781759,29
781760,25
781761,0
781762,33
781763,24
781764,0
781765,0
781766,0
781767,0
781768,0
781769,36
781770,22
781771,21
781772,0
781773,0
781774,0
781775,0
781776,33
781777,38
781778,0
781779,0
781780,37
781781,29
781782,0
781783,0
781784,32
781785,0
781786,16
781787,0
781788,25
781789,0
781790,0
781791,15
781792,0
781793,0
781794,23
781795,41
781796,0
781797,0
781798,28
781799,0
781800,0
781801,0
781802,0
781803,0
781804,0
781805,28
781806,0
781807,0
781808,24
781809,0
781810,0
781811,0
781812,0
781813,38
781814,0
781815,27
781816,28
781817,0
781818,0
781819,22
781820,0
781821,23
781822,0
781823,0
781824,0
781825,35
781826,27
781827,0
781828,27
781829,0
781830,34
781831,0
781832,0
781833,0
781834,0
781835,24
781836,36
781837,0
781838,0
781839,28
781840,0
781841,0
781842,25
781843,26
781844,0
781845,0
781846,28
781847,0
781848,0
781849,0
781850,0
781851,0
781852,0
781853,36
781854,0
781855,0
781856,37
781857,0
781858,0
781859,0
781860,33
781861,27
781862,0
781863,0
781864,0
781865,0
781866,0
781867,20
781868,0
781869,0
781870,0
781871,0
781872,0
781873,23
781874,0
781875,0
781876,29
781877,0
781878,24
781879,0
781880,38
781881,28
781882,25
781883,0
781884,0
781885,0
781886,0
781887,49
781888,17
781889,0
781890,0
781891,0
781892,29
781893,0
781894,0
781895,22
781896,0
781897,0
781898,27
781899,40
781900,29
781901,0
781902,0
781903,0
781904,27
781905,22
781906,23
781907,34
781908,0
781909,0
781910,0
781911,0
781912,34
781913,0
781914,0
781915,0
781916,0
781917,0
781918,0
781919,0
781920,0
781921,0
781922,0
781923,0
781924,26
781925,0
781926,0
781927,22
781928,0
781929,0
781930,30
781931,0
781932,0
781933,0
781934,39
781935,0
781936,0
781937,0
781938,0
781939,0
781940,0
781941,0
781942,0
781943,31
781944,44
781945,27
781946,26
781947,0
781948,0
781949,0
781950,36
781951,0
781952,0
781953,26
781954,0
781955,31
781956,0
781957,0
781958,0
781959,0
781960,31
781961,0
781962,31
781963,0
781964,0
781965,0
781966,0
781967,0
781968,0
781969,0
781970,0
781971,0
781972,0
781973,0
781974,0
781975,41
781976,0
781977,0
781978,0
781979,36
781980,0
781981,0
781982,32
781983,0
781984,0
781985,0
781986,0
781987,25
781988,30
781989,0
781990,0
781991,0
781992,33
781993,26
781994,0
781995,0
781996,0
781997,0
781998,0
781999,0
782000,0
782001,0
782002,0
782003,0
782004,40
782005,0
782006,0
782007,21
782008,0
782009,0
782010,0
782011,0
782012,28
782013,0
782014,0
782015,0
782016,26
782017,0
782018,0
782019,0
782020,0
782021,24
782022,0
782023,0
782024,0
782025,0
782026,0
782027,37
782028,0
782029,36
782030,24
782031,0
782032,0
782033,13
782034,0
782035,24
782036,0
782037,36
782038,0
782039,23
782040,0
782041,0
782042,0
782043,0
782044,16
782045,33
782046,0
782047,0
782048,0
782049,12
782050,0
782051,0
782052,29
782053,38
782054,0
782055,0
782056,28
782057,30
782058,0
782059,0
782060,0
782061,0
782062,0
782063,24
782064,0
782065,0
782066,25
782067,0
782068,0
782069,0
782070,0
782071,0
782072,0
782073,0
782074,0
782075,32
782076,27
782077,0
782078,32
782079,31
782080,0
782081,35
782082,33
782083,13
782084,0
782085,29
782086,0
782087,0
782088,25
782089,0
782090,0
782091,28
782092,0
782093,33
782094,0
782095,0
782096,0
782097,0
782098,0
782099,0
782100,0
782101,0
782102,0
782103,0
782104,0
782105,0
782106,0
782107,0
782108,0
782109,0
782110,0
782111,21
782112,38
782113,0
782114,0
782115,0
782116,0
782117,28
782118,0
782119,0
782120,0
782121,0
782122,35
782123,0
782124,0
782125,0
782126,0
782127,0
782128,0
782129,0
782130,0
782131,0
782132,0
782133,0
782134,0
782135,0
782136,0
782137,26
782138,0
782139,0
782140,0
782141,0
782142,0
782143,0
782144,0
782145,0
782146,0
782147,21
782148,31
782149,30
782150,0
782151,0
782152,23
782153,0
782154,31
782155,0
782156,0
782157,39
782158,25
782159,22
782160,29
782161,0
782162,0
782163,39
782164,0
782165,0
782166,30
782167,0
782168,0
782169,0
782170,0
782171,0
782172,0
782173,22
782174,0
782175,0
782176,0
782177,32
782178,28
782179,0
782180,0
782181,0
782182,0
782183,0
782184,0
782185,31
782186,0
782187,0
782188,0
782189,0
782190,33
782191,0
782192,39
782193,43
782194,0
782195,16
782196,0
782197,0
782198,34
782199,22
782200,0
782201,26
782202,0
782203,25
782204,0
782205,0
782206,0
782207,0
782208,0
782209,0
782210,0
782211,23
782212,0
782213,0
782214,33
782215,0
782216,24
782217,0
782218,22
782219,0
782220,0
782221,0
782222,31
782223,20
782224,0
782225,0
782226,22
782227,35
782228,0
782229,37
782230,30
782231,35
782232,0
782233,0
782234,30
782235,32
782236,19
782237,19
782238,0
782239,0
782240,32
782241,34
782242,0
782243,0
782244,0
782245,0
782246,36
782247,36
782248,0
782249,0
782250,31
782251,0
782252,35
782253,0
782254,0
782255,0
782256,0
782257,20
782258,0
782259,0
782260,0
782261,0
782262,30
782263,0
782264,0
782265,0
782266,0
782267,0
782268,0
782269,0
782270,30
782271,27
782272,0
782273,0
782274,0
782275,0
782276,38
782277,15
782278,0
782279,0
782280,0
782281,0
782282,0
782283,33
782284,30
782285,28
782286,27
782287,0
782288,0
782289,27
782290,20
782291,25
782292,0
782293,0
782294,0
782295,0
782296,0
782297,0
782298,29
782299,0
782300,0
782301,29
782302,0
782303,17
782304,0
782305,0
782306,0
782307,0
782308,0
782309,0
782310,39
782311,0
782312,28
782313,0
782314,19
782315,0
782316,36
782317,0
782318,32
782319,0
782320,25
782321,0
782322,0
782323,0
782324,29
782325,0
782326,0
782327,0
782328,0
782329,44
782330,0
782331,24
782332,0
782333,0
782334,0
782335,0
782336,0
782337,25
782338,0
782339,0
782340,0
782341,0
782342,0
782343,0
782344,0
782345,0
782346,0
782347,0
782348,0
782349,0
782350,0
782351,0
782352,0
782353,0
782354,0
782355,0
782356,0
782357,0
782358,0
782359,0
782360,0
782361,0
782362,0
782363,0
782364,0
782365,0
782366,0
782367,0
782368,0
782369,0
782370,0
782371,0
782372,0
782373,0
782374,5
782375,5
782376,0
782377,0
782378,0
782379,0
782380,0
782381,0
782382,0
782383,0
782384,0
782385,0
782386,0
782387,7
782388,0
782389,0
782390,0
782391,0
782392,0
782393,0
782394,0
782395,0
782396,0
782397,0
782398,0
782399,0
782400,0
782401,0
782402,0
782403,0
782404,14
782405,0
782406,0
782407,0
782408,0
782409,0
782410,0
782411,0
782412,0
782413,0
782414,0
782415,0
782416,0
782417,0
782418,0
782419,0
782420,8
782421,0
782422,0
782423,0
782424,0
782425,0
782426,0
782427,0
782428,0
782429,0
782430,0
782431,0
782432,0
782433,0
782434,0
782435,0
782436,0
782437,0
782438,0
782439,0
782440,0
782441,0
782442,0
782443,0
782444,0
782445,0
782446,0
782447,0
782448,0
782449,0
782450,0
782451,0
782452,0
782453,0
782454,0
782455,8
782456,0
782457,0
782458,0
782459,7
782460,0
782461,9
782462,0
782463,0
782464,0
782465,0
782466,0
782467,0
782468,5
782469,9
782470,0
782471,0
782472,0
782473,0
782474,0
782475,0
782476,0
782477,0
782478,9
782479,0
782480,0
782481,0
782482,0
782483,0
782484,0
782485,0
782486,0
782487,0
782488,0
782489,0
782490,0
782491,0
782492,0
782493,0
782494,0
782495,0
782496,0
782497,0
782498,0
782499,0
782500,0
782501,0
782502,0
782503,0
782504,0
782505,0
782506,0
782507,0
782508,0
782509,0
782510,0
782511,0
782512,0
782513,0
782514,0
782515,0
782516,0
782517,0
782518,0
782519,0
782520,0
782521,0
782522,0
782523,0
782524,0
782525,0
782526,0
782527,0
782528,6
782529,0
782530,0
782531,0
782532,0
782533,13
782534,0
782535,0
782536,0
782537,0
782538,0
782539,0
782540,0
782541,0
782542,0
782543,0
782544,0
782545,0
782546,0
782547,0
782548,0
782549,0
782550,0
782551,0
782552,0
782553,0
782554,14
782555,0
782556,0
782557,0
782558,0
782559,0
782560,0
782561,0
782562,0
782563,0
782564,0
782565,0
782566,0
782567,0
782568,0
782569,0
782570,0
782571,0
782572,0
782573,0
782574,0
782575,0
782576,0
782577,0
782578,0
782579,0
782580,0
782581,0
782582,0
782583,0
782584,0
782585,0
782586,0
782587,0
782588,0
782589,0
782590,0
782591,0
782592,0
782593,0
782594,0
782595,0
782596,0
782597,0
782598,0
782599,0
782600,6
782601,0
782602,0
782603,0
782604,0
782605,0
782606,0
782607,0
782608,8
782609,0
782610,0
782611,0
782612,0
782613,0
782614,0
782615,0
782616,0
782617,0
782618,0
782619,0
782620,0
782621,0
782622,0
782623,0
782624,0
782625,0
782626,0
782627,0
782628,0
782629,0
782630,0
782631,0
782632,0
782633,0
782634,14
782635,0
782636,0
782637,0
782638,0
782639,0
782640,0
782641,0
782642,0
782643,0
782644,0
782645,0
782646,0
782647,0
782648,0
782649,0
782650,0
782651,0
782652,0
782653,0
782654,0
782655,0
782656,0
782657,0
782658,0
782659,0
782660,0
782661,0
782662,0
782663,0
782664,0
782665,0
782666,0
782667,0
782668,0
782669,0
782670,0
782671,0
782672,0
782673,0
782674,0
782675,0
782676,0
782677,0
782678,0
782679,7
782680,0
782681,0
782682,0
782683,0
782684,0
782685,0
782686,0
782687,0
782688,0
782689,0
782690,0
782691,4
782692,0
782693,0
782694,0
782695,0
782696,0
782697,0
782698,0
782699,0
782700,0
782701,0
782702,0
782703,0
782704,0
782705,0
782706,0
782707,0
782708,0
782709,0
782710,0
782711,14
782712,10
782713,0
782714,0
782715,0
782716,0
782717,0
782718,0
782719,0
782720,0
782721,0
782722,0
782723,12
782724,0
782725,0
782726,0
782727,0
782728,0
782729,0
782730,0
782731,0
782732,0
782733,0
782734,0
782735,18
782736,0
782737,0
782738,0
782739,0
782740,0
782741,0
782742,0
782743,0
782744,0
782745,0
782746,0
782747,0
782748,0
782749,0
782750,0
782751,0
782752,0
782753,34
782754,0
782755,0
782756,0
782757,0
782758,0
782759,0
782760,28
782761,20
782762,0
782763,0
782764,0
782765,0
782766,0
782767,0
782768,0
782769,0
782770,0
782771,0
782772,0
782773,0
782774,29
782775,35
782776,0
782777,41
782778,0
782779,0
782780,0
782781,0
782782,0
782783,0
782784,0
782785,0
782786,0
782787,0
782788,0
782789,0
782790,0
782791,0
782792,0
782793,0
782794,0
782795,0
782796,0
782797,0
782798,0
782799,0
782800,0
782801,0
782802,0
782803,0
782804,0
782805,0
782806,0
782807,33
782808,0
782809,0
782810,0
782811,0
782812,0
782813,0
782814,0
782815,0
782816,0
782817,0
782818,0
782819,0
782820,0
782821,0
782822,0
782823,0
782824,0
782825,23
782826,0
782827,0
782828,0
782829,0
782830,26
782831,23
782832,0
782833,0
782834,0
782835,0
782836,0
782837,0
782838,0
782839,0
782840,0
782841,0
782842,0
782843,0
782844,0
782845,0
782846,0
782847,0
782848,0
782849,0
782850,0
782851,0
782852,0
782853,0
782854,0
782855,0
782856,0
782857,0
782858,0
782859,0
782860,0
782861,0
782862,0
782863,0
782864,0
782865,0
782866,21
782867,24
782868,0
782869,0
782870,0
782871,0
782872,0
782873,0
782874,0
782875,0
782876,0
782877,21
782878,0
782879,0
782880,0
782881,0
782882,0
782883,0
782884,36
782885,0
782886,0
782887,0
782888,0
782889,0
782890,0
782891,0
782892,0
782893,0
782894,27
782895,0
782896,0
782897,20
782898,0
782899,0
782900,0
782901,0
782902,0
782903,0
782904,0
782905,0
782906,0
782907,0
782908,0
782909,0
782910,0
782911,42
782912,0
782913,0
782914,0
782915,0
782916,21
782917,0
782918,0
782919,0
782920,0
782921,20
782922,29
782923,0
782924,0
782925,0
782926,0
782927,0
782928,0
782929,47
782930,0
782931,0
782932,32
782933,0
782934,0
782935,0
782936,0
782937,0
782938,0
782939,0
782940,0
782941,0
782942,0
782943,0
782944,0
782945,0
782946,0
782947,0
782948,0
782949,0
782950,0
782951,0
782952,0
782953,0
782954,0
782955,0
782956,0
782957,0
782958,0
782959,0
782960,0
782961,0
782962,0
782963,0
782964,0
782965,0
782966,0
782967,0
782968,0
782969,0
782970,0
782971,0
782972,0
782973,0
782974,0
782975,0
782976,0
782977,0
782978,0
782979,13
782980,0
782981,0
782982,0
782983,0
782984,0
782985,30
782986,0
782987,0
782988,0
782989,0
782990,0
782991,0
782992,0
782993,0
782994,0
782995,0
782996,0
782997,26
782998,26
782999,0
783000,0
783001,0
783002,0
783003,0
783004,35
783005,0
783006,37
783007,0
783008,0
783009,0
783010,0
783011,0
783012,0
783013,0
783014,0
783015,0
783016,0
783017,0
783018,0
783019,0
783020,0
783021,0
783022,0
783023,0
783024,0
783025,0
783026,0
783027,0
783028,0
783029,0
783030,0
783031,0
783032,0
783033,0
783034,0
783035,0
783036,0
783037,0
783038,0
783039,0
783040,0
783041,0
783042,0
783043,0
783044,0
783045,0
783046,0
783047,0
783048,0
783049,0
783050,0
783051,0
783052,0
783053,0
783054,0
783055,0
783056,0
783057,0
783058,0
783059,0
783060,0
783061,0
783062,0
783063,0
783064,0
783065,0
783066,0
783067,0
783068,0
783069,0
783070,0
783071,0
783072,0
783073,0
783074,0
783075,0
783076,0
783077,0
783078,0
783079,0
783080,0
783081,0
783082,0
783083,0
783084,0
783085,0
783086,0
783087,0
783088,24
783089,0
783090,0
783091,0
783092,0
783093,0
783094,0
783095,18
783096,0
783097,0
783098,32
783099,0
783100,0
783101,0
783102,0
783103,0
783104,0
783105,0
783106,0
783107,0
783108,0
783109,0
783110,0
783111,21
783112,25
783113,0
783114,0
783115,23
783116,0
783117,0
783118,0
783119,0
783120,0
783121,0
783122,0
783123,0
783124,22
783125,0
783126,0
783127,0
783128,0
783129,0
783130,0
783131,0
783132,0
783133,0
783134,0
783135,20
783136,18
783137,0
783138,0
783139,0
783140,0
783141,48
783142,0
783143,0
783144,0
783145,0
783146,0
783147,0
783148,0
783149,0
783150,0
783151,0
783152,0
783153,0
783154,0
783155,0
783156,0
783157,0
783158,0
783159,0
783160,0
783161,0
783162,0
783163,0
783164,0
783165,0
783166,0
783167,0
783168,0
783169,0
783170,0
783171,0
783172,0
783173,0
783174,27
783175,0
783176,0
783177,0
783178,0
783179,0
783180,0
783181,33
783182,0
783183,0
783184,0
783185,0
783186,0
783187,0
783188,0
783189,0
783190,0
783191,0
783192,31
783193,0
783194,0
783195,29
783196,0
783197,0
783198,0
783199,0
783200,0
783201,0
783202,0
783203,0
783204,0
783205,0
783206,0
783207,0
783208,0
783209,0
783210,0
783211,0
783212,0
783213,0
783214,0
783215,0
783216,0
783217,0
783218,0
783219,0
783220,0
783221,0
783222,0
783223,0
783224,0
783225,0
783226,0
783227,0
783228,0
783229,0
783230,0
783231,0
783232,0
783233,0
783234,0
783235,0
783236,0
783237,0
783238,0
783239,0
783240,0
783241,0
783242,0
783243,0
783244,0
783245,0
783246,0
783247,0
783248,31
783249,0
783250,0
783251,0
783252,0
783253,0
783254,0
783255,0
783256,0
783257,0
783258,0
783259,0
783260,0
783261,0
783262,0
783263,0
783264,0
783265,0
783266,20
783267,0
783268,0
783269,0
783270,0
783271,0
783272,0
783273,22
783274,0
783275,0
783276,0
783277,0
783278,0
783279,0
783280,32
783281,0
783282,0
783283,0
783284,0
783285,0
783286,0
783287,0
783288,0
783289,0
783290,0
783291,0
783292,0
783293,0
783294,0
783295,0
783296,0
783297,0
783298,20
783299,0
783300,0
783301,0
783302,0
783303,0
783304,0
783305,23
783306,0
783307,0
783308,0
783309,0
783310,0
783311,0
783312,0
783313,0
783314,0
783315,0
783316,0
783317,32
783318,0
783319,0
783320,0
783321,0
783322,0
783323,0
783324,0
783325,0
783326,0
783327,0
783328,23
783329,0
783330,0
783331,0
783332,0
783333,24
783334,31
783335,0
783336,0
783337,27
783338,0
783339,0
783340,0
783341,0
783342,0
783343,0
783344,0
783345,0
783346,0
783347,0
783348,0
783349,0
783350,0
783351,0
783352,0
783353,0
783354,0
783355,0
783356,0
783357,0
783358,0
783359,0
783360,0
783361,0
783362,0
783363,32
783364,0
783365,0
783366,0
783367,0
783368,0
783369,0
783370,0
783371,0
783372,0
783373,0
783374,0
783375,0
783376,0
783377,0
783378,22
783379,0
783380,0
783381,0
783382,0
783383,0
783384,0
783385,0
783386,0
783387,0
783388,27
783389,0
783390,0
783391,0
783392,0
783393,0
783394,0
783395,0
783396,0
783397,0
783398,0
783399,0
783400,0
783401,0
783402,0
783403,0
783404,0
783405,0
783406,0
783407,0
783408,0
783409,0
783410,0
783411,0
783412,0
783413,0
783414,0
783415,0
783416,0
783417,0
783418,28
783419,0
783420,0
783421,0
783422,0
783423,0
783424,34
783425,0
783426,0
783427,0
783428,0
783429,0
783430,20
783431,0
783432,0
783433,0
783434,0
783435,0
783436,0
783437,0
783438,0
783439,0
783440,0
783441,0
783442,0
783443,0
783444,0
783445,0
783446,0
783447,0
783448,0
783449,0
783450,0
783451,0
783452,0
783453,0
783454,0
783455,0
783456,0
783457,0
783458,0
783459,0
783460,0
783461,0
783462,0
783463,0
783464,0
783465,0
783466,0
783467,0
783468,0
783469,19
783470,0
783471,0
783472,0
783473,30
783474,0
783475,0
783476,0
783477,0
783478,0
783479,20
783480,0
783481,0
783482,0
783483,0
783484,0
783485,0
783486,0
783487,0
783488,0
783489,26
783490,0
783491,26
783492,0
783493,0
783494,0
783495,0
783496,38
783497,0
783498,0
783499,0
783500,0
783501,0
783502,0
783503,0
783504,0
783505,0
783506,0
783507,0
783508,0
783509,0
783510,0
783511,0
783512,0
783513,0
783514,0
783515,0
783516,0
783517,21
783518,0
783519,20
783520,0
783521,0
783522,0
783523,0
783524,0
783525,0
783526,29
783527,0
783528,0
783529,0
783530,0
783531,0
783532,0
783533,0
783534,0
783535,0
783536,0
783537,0
783538,0
783539,0
783540,0
783541,0
783542,0
783543,0
783544,0
783545,0
783546,0
783547,0
783548,0
783549,0
783550,0
783551,0
783552,0
783553,0
783554,0
783555,0
783556,0
783557,0
783558,0
783559,0
783560,0
783561,0
783562,0
783563,0
783564,6
783565,0
783566,0
783567,11
783568,0
783569,0
783570,0
783571,11
783572,0
783573,0
783574,0
783575,0
783576,0
783577,0
783578,0
783579,0
783580,0
783581,0
783582,0
783583,6
783584,0
783585,0
783586,11
783587,0
783588,0
783589,0
783590,0
783591,0
783592,0
783593,0
783594,0
783595,0
783596,0
783597,0
783598,0
783599,0
783600,9
783601,0
783602,0
783603,0
783604,0
783605,0
783606,0
783607,0
783608,14
783609,0
783610,0
783611,0
783612,0
783613,0
783614,0
783615,0
783616,0
783617,0
783618,0
783619,0
783620,0
783621,5
783622,6
783623,0
783624,0
783625,4
783626,0
783627,5
783628,0
783629,0
783630,0
783631,0
783632,8
783633,0
783634,4
783635,0
783636,0
783637,0
783638,0
783639,0
783640,6
783641,0
783642,0
783643,0
783644,0
783645,7
783646,0
783647,0
783648,0
783649,13
783650,0
783651,0
783652,7
783653,0
783654,0
783655,6
783656,0
783657,0
783658,0
783659,0
783660,0
783661,0
783662,0
783663,0
783664,0
783665,5
783666,0
783667,0
783668,0
783669,0
783670,0
783671,8
783672,0
783673,0
783674,0
783675,0
783676,0
783677,0
783678,0
783679,0
783680,0
783681,0
783682,0
783683,0
783684,0
783685,0
783686,0
783687,0
783688,0
783689,0
783690,0
783691,0
783692,10
783693,0
783694,0
783695,0
783696,0
783697,0
783698,0
783699,0
783700,0
783701,0
783702,0
783703,0
783704,6
783705,0
783706,0
783707,0
783708,0
783709,5
783710,0
783711,0
783712,0
783713,0
783714,5
783715,0
783716,0
783717,0
783718,0
783719,0
783720,0
783721,0
783722,0
783723,3
783724,0
783725,6
783726,0
783727,6
783728,0
783729,7
783730,0
783731,0
783732,0
783733,0
783734,0
783735,0
783736,0
783737,0
783738,0
783739,0
783740,0
783741,0
783742,8
783743,0
783744,0
783745,0
783746,0
783747,0
783748,0
783749,0
783750,0
783751,3
783752,12
783753,0
783754,0
783755,6
783756,0
783757,0
783758,0
783759,0
783760,0
783761,0
783762,0
783763,7
783764,0
783765,0
783766,0
783767,0
783768,0
783769,0
783770,0
783771,0
783772,0
783773,0
783774,0
783775,0
783776,0
783777,0
783778,0
783779,0
783780,0
783781,0
783782,0
783783,0
783784,0
783785,0
783786,0
783787,0
783788,0
783789,0
783790,0
783791,0
783792,0
783793,0
783794,0
783795,0
783796,0
783797,0
783798,0
783799,0
783800,0
783801,9
783802,0
783803,0
783804,0
783805,0
783806,0
783807,5
783808,0
783809,4
783810,0
783811,0
783812,0
783813,0
783814,7
783815,0
783816,0
783817,0
783818,0
783819,0
783820,0
783821,0
783822,0
783823,0
783824,0
783825,0
783826,0
783827,0
783828,0
783829,0
783830,0
783831,0
783832,0
783833,0
783834,0
783835,0
783836,0
783837,0
783838,0
783839,0
783840,0
783841,0
783842,0
783843,0
783844,0
783845,0
783846,0
783847,0
783848,0
783849,0
783850,0
783851,0
783852,0
783853,0
783854,0
783855,0
783856,0
783857,0
783858,0
783859,0
783860,0
783861,0
783862,0
783863,0
783864,0
783865,0
783866,0
783867,0
783868,0
783869,0
783870,0
783871,0
783872,0
783873,0
783874,0
783875,14
783876,0
783877,0
783878,0
783879,0
783880,0
783881,0
783882,0
783883,0
783884,0
783885,0
783886,0
783887,0
783888,0
783889,0
783890,0
783891,18
783892,0
783893,0
783894,0
783895,0
783896,0
783897,0
783898,0
783899,0
783900,0
783901,0
783902,0
783903,0
783904,0
783905,0
783906,0
783907,0
783908,0
783909,0
783910,0
783911,0
783912,0
783913,0
783914,0
783915,0
783916,0
783917,41
783918,0
783919,0
783920,0
783921,0
783922,0
783923,0
783924,0
783925,0
783926,0
783927,0
783928,0
783929,0
783930,0
783931,0
783932,0
783933,0
783934,0
783935,0
783936,25
783937,0
783938,0
783939,0
783940,0
783941,0
783942,11
783943,0
783944,0
783945,0
783946,0
783947,0
783948,0
783949,0
783950,0
783951,0
783952,0
783953,0
783954,0
783955,0
783956,0
783957,0
783958,26
783959,0
783960,0
783961,0
783962,0
783963,0
783964,0
783965,0
783966,0
783967,0
783968,0
783969,0
783970,0
783971,0
783972,0
783973,0
783974,0
783975,0
783976,32
783977,0
783978,0
783979,0
783980,0
783981,0
783982,18
783983,0
783984,0
783985,0
783986,0
783987,0
783988,0
783989,0
783990,0
783991,0
783992,0
783993,0
783994,0
783995,0
783996,0
783997,0
783998,0
783999,0
784000,0
784001,0
784002,0
784003,0
784004,0
784005,0
784006,0
784007,0
784008,0
784009,0
784010,0
784011,0
784012,0
784013,0
784014,0
784015,0
784016,0
784017,0
784018,0
784019,0
784020,0
784021,0
784022,0
784023,0
784024,0
784025,0
784026,0
784027,0
784028,0
784029,0
784030,0
784031,0
784032,0
784033,0
784034,33
784035,0
784036,0
784037,0
784038,0
784039,0
784040,0
784041,0
784042,0
784043,0
784044,0
784045,0
784046,17
784047,0
784048,0
784049,0
784050,0
784051,0
784052,0
784053,34
784054,0
784055,0
784056,0
784057,0
784058,0
784059,0
784060,0
784061,32
784062,0
784063,0
784064,0
784065,0
784066,0
784067,0
784068,0
784069,0
784070,0
784071,18
784072,0
784073,0
784074,0
784075,0
784076,0
784077,0
784078,0
784079,0
784080,0
784081,0
784082,0
784083,0
784084,0
784085,0
784086,0
784087,0
784088,0
784089,0
784090,0
784091,0
784092,0
784093,0
784094,0
784095,0
784096,15
784097,11
784098,0
784099,0
784100,0
784101,0
784102,0
784103,0
784104,0
784105,0
784106,0
784107,0
784108,0
784109,0
784110,0
784111,0
784112,0
784113,0
784114,0
784115,0
784116,0
784117,0
784118,0
784119,0
784120,0
784121,0
784122,0
784123,0
784124,0
784125,0
784126,0
784127,0
784128,0
784129,0
784130,0
784131,0
784132,0
784133,0
784134,0
784135,0
784136,0
784137,0
784138,0
784139,0
784140,0
784141,0
784142,0
784143,0
784144,0
784145,0
784146,0
784147,0
784148,0
784149,0
784150,0
784151,0
784152,0
784153,0
784154,0
784155,0
784156,0
784157,0
784158,0
784159,0
784160,0
784161,0
784162,0
784163,0
784164,0
784165,0
784166,0
784167,0
784168,0
784169,0
784170,0
784171,0
784172,0
784173,0
784174,0
784175,0
784176,17
784177,0
784178,0
784179,0
784180,0
784181,0
784182,0
784183,0
784184,0
784185,30
784186,13
784187,0
784188,0
784189,0
784190,0
784191,0
784192,0
784193,0
784194,0
784195,0
784196,0
784197,0
784198,0
784199,0
784200,0
784201,0
784202,0
784203,0
784204,0
784205,0
784206,27
784207,0
784208,0
784209,0
784210,0
784211,0
784212,22
784213,0
784214,0
784215,0
784216,0
784217,0
784218,0
784219,0
784220,0
784221,0
784222,0
784223,36
784224,0
784225,0
784226,0
784227,0
784228,0
784229,0
784230,0
784231,0
784232,0
784233,0
784234,0
784235,0
784236,0
784237,0
784238,0
784239,0
784240,0
784241,0
784242,0
784243,0
784244,0
784245,0
784246,0
784247,0
784248,0
784249,0
784250,0
784251,0
784252,0
784253,0
784254,0
784255,40
784256,0
784257,0
784258,0
784259,0
784260,0
784261,0
784262,0
784263,0
784264,31
784265,0
784266,0
784267,0
784268,0
784269,0
784270,0
784271,22
784272,0
784273,0
784274,0
784275,0
784276,0
784277,0
784278,0
784279,19
784280,0
784281,0
784282,0
784283,0
784284,0
784285,17
784286,0
784287,0
784288,0
784289,0
784290,0
784291,0
784292,34
784293,28
784294,0
784295,0
784296,0
784297,0
784298,0
784299,0
784300,0
784301,0
784302,26
784303,0
784304,0
784305,0
784306,0
784307,0
784308,38
784309,0
784310,0
784311,0
784312,0
784313,0
784314,0
784315,0
784316,0
784317,0
784318,22
784319,0
784320,0
784321,0
784322,0
784323,0
784324,0
784325,0
784326,0
784327,0
784328,0
784329,0
784330,0
784331,0
784332,0
784333,0
784334,25
784335,0
784336,0
784337,0
784338,0
784339,0
784340,0
784341,0
784342,0
784343,0
784344,0
784345,0
784346,0
784347,0
784348,0
784349,0
784350,0
784351,0
784352,0
784353,0
784354,0
784355,0
784356,0
784357,0
784358,0
784359,0
784360,0
784361,0
784362,0
784363,0
784364,0
784365,0
784366,0
784367,0
784368,0
784369,0
784370,30
784371,0
784372,31
784373,0
784374,0
784375,0
784376,0
784377,0
784378,0
784379,0
784380,0
784381,0
784382,0
784383,0
784384,0
784385,0
784386,0
784387,0
784388,0
784389,0
784390,0
784391,0
784392,0
784393,0
784394,24
784395,0
784396,29
784397,0
784398,0
784399,0
784400,0
784401,0
784402,0
784403,0
784404,0
784405,0
784406,0
784407,0
784408,0
784409,0
784410,0
784411,0
784412,0
784413,0
784414,0
784415,0
784416,0
784417,0
784418,0
784419,0
784420,0
784421,0
784422,0
784423,0
784424,0
784425,0
784426,0
784427,0
784428,31
784429,0
784430,24
784431,0
784432,0
784433,0
784434,0
784435,0
784436,0
784437,0
784438,0
784439,22
784440,0
784441,0
784442,0
784443,0
784444,0
784445,0
784446,0
784447,0
784448,0
784449,0
784450,0
784451,18
784452,0
784453,0
784454,0
784455,0
784456,0
784457,0
784458,0
784459,0
784460,0
784461,0
784462,0
784463,26
784464,0
784465,0
784466,0
784467,0
784468,0
784469,17
784470,0
784471,0
784472,0
784473,0
784474,0
784475,0
784476,0
784477,0
784478,0
784479,0
784480,0
784481,0
784482,0
784483,0
784484,0
784485,0
784486,0
784487,0
784488,0
784489,0
784490,0
784491,0
784492,0
784493,0
784494,0
784495,0
784496,0
784497,0
784498,0
784499,0
784500,0
784501,0
784502,0
784503,0
784504,0
784505,0
784506,0
784507,23
784508,0
784509,0
784510,0
784511,0
784512,0
784513,0
784514,0
784515,0
784516,0
784517,0
784518,0
784519,0
784520,0
784521,43
784522,0
784523,0
784524,0
784525,0
784526,0
784527,0
784528,0
784529,17
784530,0
784531,0
784532,0
784533,0
784534,0
784535,0
784536,0
784537,0
784538,0
784539,0
784540,0
784541,0
784542,0
784543,0
784544,0
784545,0
784546,0
784547,0
784548,0
784549,0
784550,0
784551,0
784552,0
784553,0
784554,0
784555,0
784556,0
784557,0
784558,0
784559,0
784560,0
784561,0
784562,0
784563,0
784564,0
784565,0
784566,0
784567,0
784568,0
784569,0
784570,0
784571,0
784572,0
784573,0
784574,0
784575,26
784576,0
784577,0
784578,0
784579,0
784580,0
784581,0
784582,19
784583,38
784584,0
784585,0
784586,0
784587,0
784588,0
784589,0
784590,0
784591,0
784592,34
784593,0
784594,0
784595,0
784596,0
784597,0
784598,0
784599,23
784600,0
784601,0
784602,0
784603,0
784604,0
784605,0
784606,0
784607,0
784608,0
784609,0
784610,0
784611,0
784612,0
784613,0
784614,0
784615,0
784616,0
784617,0
784618,0
784619,0
784620,0
784621,0
784622,0
784623,0
784624,0
784625,0
784626,9
784627,0
784628,0
784629,0
784630,0
784631,0
784632,23
784633,0
784634,0
784635,0
784636,0
784637,0
784638,0
784639,0
784640,0
784641,0
784642,0
784643,20
784644,29
784645,0
784646,0
784647,0
784648,0
784649,0
784650,0
784651,0
784652,22
784653,0
784654,0
784655,0
784656,0
784657,0
784658,0
784659,33
784660,0
784661,0
784662,0
784663,0
784664,0
784665,0
784666,0
784667,0
784668,0
784669,0
784670,0
784671,0
784672,0
784673,0
784674,0
784675,0
784676,0
784677,0
784678,0
784679,0
784680,0
784681,0
784682,0
784683,0
784684,0
784685,0
784686,0
784687,0
784688,0
784689,0
784690,0
784691,0
784692,17
784693,0
784694,0
784695,0
784696,0
784697,0
784698,0
784699,0
784700,0
784701,0
784702,9
784703,0
784704,11
784705,11
784706,12
784707,0
784708,0
784709,17
784710,0
784711,0
784712,0
784713,0
784714,0
784715,0
784716,13
784717,0
784718,0
784719,0
784720,0
784721,0
784722,6
784723,12
784724,8
784725,0
784726,0
784727,0
784728,17
784729,0
784730,0
784731,0
784732,0
784733,0
784734,0
784735,0
784736,0
784737,0
784738,0
784739,0
784740,0
784741,0
784742,0
784743,0
784744,0
784745,0
784746,0
784747,0
784748,0
784749,0
784750,0
784751,0
784752,0
784753,0
784754,16
784755,0
784756,0
784757,0
784758,0
784759,0
784760,0
784761,0
784762,0
784763,0
784764,0
784765,0
784766,0
784767,0
784768,0
784769,0
784770,0
784771,0
784772,0
784773,6
784774,10
784775,0
784776,0
784777,0
784778,0
784779,0
784780,11
784781,0
784782,0
784783,0
784784,0
784785,0
784786,23
784787,16
784788,0
784789,0
784790,0
784791,0
784792,0
784793,7
784794,13
784795,0
784796,0
784797,0
784798,11
784799,0
784800,0
784801,0
784802,0
784803,0
784804,0
784805,0
784806,0
784807,0
784808,12
784809,11
784810,0
784811,0
784812,0
784813,0
784814,8
784815,0
784816,0
784817,0
784818,0
784819,0
784820,0
784821,12
784822,0
784823,0
784824,0
784825,0
784826,0
784827,0
784828,0
784829,0
784830,0
784831,0
784832,0
784833,0
784834,0
784835,0
784836,0
784837,0
784838,0
784839,15
784840,0
784841,0
784842,0
784843,0
784844,0
784845,0
784846,0
784847,0
784848,0
784849,0
784850,0
784851,0
784852,0
784853,0
784854,0
784855,0
784856,0
784857,0
784858,0
784859,0
784860,0
784861,12
784862,12
784863,0
784864,0
784865,0
784866,0
784867,0
784868,0
784869,0
784870,0
784871,0
784872,0
784873,0
784874,0
784875,0
784876,0
784877,0
784878,0
784879,0
784880,0
784881,0
784882,0
784883,0
784884,0
784885,12
784886,11
784887,0
784888,4
784889,0
784890,7
784891,0
784892,0
784893,0
784894,0
784895,0
784896,0
784897,0
784898,0
784899,0
784900,0
784901,0
784902,0
784903,0
784904,0
784905,0
784906,0
784907,0
784908,0
784909,0
784910,0
784911,11
784912,0
784913,0
784914,0
784915,13
784916,0
784917,0
784918,0
784919,0
784920,12
784921,0
784922,13
784923,0
784924,0
784925,12
784926,0
784927,10
784928,0
784929,0
784930,0
784931,0
784932,0
784933,13
784934,0
784935,0
784936,0
784937,10
784938,0
784939,0
784940,4
784941,0
784942,0
784943,0
784944,0
784945,0
784946,0
784947,13
784948,8
784949,0
784950,0
784951,0
784952,0
784953,0
784954,0
784955,10
784956,0
784957,0
784958,14
784959,0
784960,0
784961,0
784962,0
784963,0
784964,0
784965,0
784966,0
784967,0
784968,0
784969,0
784970,0
784971,0
784972,18
784973,0
784974,0
784975,0
784976,0
784977,0
784978,10
784979,0
784980,7
784981,0
784982,0
784983,0
784984,0
784985,0
784986,0
784987,0
784988,0
784989,0
784990,0
784991,0
784992,0
784993,0
784994,0
784995,41
784996,0
784997,0
784998,0
784999,0
785000,0
785001,0
785002,0
785003,0
785004,0
785005,0
785006,0
785007,28
785008,0
785009,0
785010,0
785011,0
785012,0
785013,28
785014,0
785015,30
785016,0
785017,0
785018,0
785019,0
785020,0
785021,0
785022,27
785023,0
785024,0
785025,37
785026,0
785027,0
785028,31
785029,0
785030,0
785031,0
785032,23
785033,0
785034,0
785035,0
785036,33
785037,0
785038,0
785039,0
785040,0
785041,14
785042,0
785043,29
785044,0
785045,0
785046,20
785047,0
785048,0
785049,0
785050,26
785051,0
785052,0
785053,0
785054,23
785055,0
785056,0
785057,0
785058,0
785059,0
785060,0
785061,0
785062,0
785063,0
785064,0
785065,28
785066,0
785067,0
785068,0
785069,0
785070,0
785071,26
785072,0
785073,0
785074,29
785075,0
785076,0
785077,0
785078,0
785079,37
785080,0
785081,43
785082,30
785083,0
785084,36
785085,0
785086,31
785087,18
785088,0
785089,0
785090,28
785091,0
785092,29
785093,0
785094,37
785095,0
785096,0
785097,0
785098,30
785099,0
785100,0
785101,31
785102,0
785103,0
785104,26
785105,0
785106,0
785107,0
785108,0
785109,0
785110,0
785111,0
785112,0
785113,0
785114,27
785115,0
785116,0
785117,0
785118,21
785119,0
785120,0
785121,34
785122,0
785123,0
785124,0
785125,0
785126,45
785127,0
785128,0
785129,0
785130,25
785131,0
785132,39
785133,0
785134,30
785135,0
785136,0
785137,0
785138,0
785139,0
785140,0
785141,0
785142,0
785143,0
785144,0
785145,0
785146,0
785147,0
785148,0
785149,23
785150,23
785151,0
785152,0
785153,0
785154,0
785155,0
785156,0
785157,0
785158,0
785159,0
785160,28
785161,0
785162,0
785163,20
785164,27
785165,0
785166,0
785167,0
785168,0
785169,0
785170,0
785171,0
785172,0
785173,24
785174,39
785175,24
785176,0
785177,0
785178,0
785179,0
785180,0
785181,0
785182,0
785183,0
785184,0
785185,0
785186,0
785187,0
785188,29
785189,27
785190,26
785191,0
785192,0
785193,0
785194,0
785195,25
785196,0
785197,35
785198,0
785199,0
785200,35
785201,0
785202,0
785203,0
785204,24
785205,24
785206,38
785207,29
785208,0
785209,21
785210,0
785211,0
785212,0
785213,0
785214,0
785215,27
785216,0
785217,0
785218,0
785219,0
785220,0
785221,27
785222,0
785223,29
785224,0
785225,0
785226,21
785227,0
785228,0
785229,0
785230,40
785231,0
785232,0
785233,0
785234,20
785235,0
785236,0
785237,0
785238,0
785239,0
785240,0
785241,0
785242,0
785243,0
785244,27
785245,0
785246,0
785247,0
785248,0
785249,0
785250,0
785251,0
785252,0
785253,0
785254,0
785255,17
785256,0
785257,0
785258,0
785259,0
785260,28
785261,0
785262,0
785263,0
785264,0
785265,0
785266,33
785267,0
785268,0
785269,28
785270,0
785271,33
785272,0
785273,29
785274,23
785275,0
785276,0
785277,0
785278,48
785279,32
785280,0
785281,33
785282,0
785283,28
785284,0
785285,0
785286,0
785287,0
785288,24
785289,0
785290,0
785291,0
785292,0
785293,0
785294,31
785295,0
785296,0
785297,0
785298,0
785299,0
785300,29
785301,0
785302,0
785303,0
785304,33
785305,0
785306,0
785307,27
785308,0
785309,37
785310,47
785311,0
785312,0
785313,0
785314,0
785315,0
785316,37
785317,18
785318,0
785319,0
785320,32
785321,0
785322,20
785323,24
785324,36
785325,0
785326,0
785327,0
785328,0
785329,27
785330,0
785331,0
785332,30
785333,0
785334,0
785335,37
785336,34
785337,29
785338,16
785339,0
785340,34
785341,0
785342,0
785343,0
785344,0
785345,0
785346,0
785347,0
785348,26
785349,0
785350,0
785351,0
785352,0
785353,0
785354,0
785355,0
785356,0
785357,0
785358,0
785359,29
785360,0
785361,0
785362,0
785363,0
785364,24
785365,0
785366,40
785367,0
785368,0
785369,0
785370,0
785371,32
785372,11
785373,0
785374,0
785375,0
785376,0
785377,0
785378,21
785379,0
785380,0
785381,31
785382,21
785383,0
785384,0
785385,0
785386,25
785387,0
785388,35
785389,0
785390,0
785391,0
785392,22
785393,0
785394,0
785395,25
785396,0
785397,46
785398,0
785399,0
785400,32
785401,0
785402,0
785403,28
785404,0
785405,0
785406,0
785407,0
785408,0
785409,29
785410,0
785411,0
785412,0
785413,0
785414,0
785415,0
785416,13
785417,0
785418,19
785419,0
785420,0
785421,0
785422,20
785423,0
785424,33
785425,0
785426,0
785427,25
785428,0
785429,0
785430,0
785431,0
785432,0
785433,0
785434,0
785435,41
785436,0
785437,0
785438,36
785439,0
785440,36
785441,0
785442,0
785443,0
785444,36
785445,0
785446,0
785447,15
785448,0
785449,0
785450,0
785451,0
785452,0
785453,0
785454,0
785455,31
785456,0
785457,0
785458,0
785459,0
785460,40
785461,0
785462,27
785463,0
785464,0
785465,0
785466,0
785467,0
785468,0
785469,0
785470,0
785471,24
785472,25
785473,38
785474,0
785475,0
785476,0
785477,0
785478,0
785479,20
785480,0
785481,33
785482,36
785483,0
785484,0
785485,54
785486,0
785487,12
785488,20
785489,0
785490,16
785491,0
785492,0
785493,0
785494,0
785495,32
785496,0
785497,43
785498,24
785499,29
785500,0
785501,0
785502,33
785503,0
785504,0
785505,31
785506,0
785507,0
785508,20
785509,0
785510,0
785511,0
785512,31
785513,0
785514,0
785515,0
785516,37
785517,0
785518,43
785519,0
785520,0
785521,0
785522,0
785523,0
785524,0
785525,0
785526,0
785527,0
785528,0
785529,0
785530,26
785531,0
785532,0
785533,0
785534,0
785535,0
785536,0
785537,33
785538,0
785539,0
785540,0
785541,0
785542,19
785543,27
785544,0
785545,0
785546,0
785547,0
785548,37
785549,0
785550,28
785551,0
785552,0
785553,0
785554,19
785555,0
785556,0
785557,0
785558,0
785559,0
785560,27
785561,0
785562,0
785563,0
785564,0
785565,0
785566,33
785567,0
785568,0
785569,0
785570,0
785571,21
785572,0
785573,25
785574,0
785575,13
785576,0
785577,0
785578,20
785579,0
785580,0
785581,0
785582,21
785583,0
785584,0
785585,34
785586,0
785587,23
785588,19
785589,0
785590,0
785591,13
785592,26
785593,15
785594,0
785595,38
785596,0
785597,0
785598,0
785599,0
785600,39
785601,22
785602,20
785603,0
785604,0
785605,29
785606,33
785607,33
785608,44
785609,0
785610,0
785611,0
785612,0
785613,0
785614,0
785615,0
785616,0
785617,0
785618,0
785619,21
785620,31
785621,0
785622,0
785623,0
785624,0
785625,36
785626,0
785627,0
785628,0
785629,0
785630,30
785631,31
785632,25
785633,20
785634,0
785635,0
785636,0
785637,0
785638,0
785639,0
785640,0
785641,0
785642,0
785643,43
785644,0
785645,34
785646,22
785647,0
785648,0
785649,0
785650,0
785651,0
785652,32
785653,0
785654,27
785655,0
785656,0
785657,0
785658,26
785659,0
785660,0
785661,0
785662,0
785663,0
785664,25
785665,0
785666,0
785667,0
785668,32
785669,0
785670,31
785671,32
785672,20
785673,0
785674,32
785675,0
785676,0
785677,16
785678,0
785679,0
785680,0
785681,0
785682,23
785683,0
785684,0
785685,27
785686,0
785687,0
785688,19
785689,0
785690,0
785691,0
785692,0
785693,20
785694,0
785695,18
785696,0
785697,0
785698,0
785699,0
785700,20
785701,33
785702,15
785703,0
785704,0
785705,27
785706,0
785707,22
785708,0
785709,0
785710,0
785711,0
785712,32
785713,0
785714,0
785715,28
785716,0
785717,0
785718,0
785719,0
785720,22
785721,0
785722,0
785723,0
785724,0
785725,0
785726,31
785727,23
785728,0
785729,0
785730,0
785731,0
785732,0
785733,27
785734,0
785735,0
785736,24
785737,0
785738,0
785739,0
785740,33
785741,0
785742,25
785743,0
785744,0
785745,0
785746,0
785747,0
785748,0
785749,0
785750,0
785751,0
785752,0
785753,0
785754,0
785755,0
785756,0
785757,0
785758,0
785759,0
785760,0
785761,0
785762,0
785763,0
785764,0
785765,0
785766,0
785767,0
785768,0
785769,0
785770,0
785771,0
785772,0
785773,0
785774,0
785775,0
785776,0
785777,0
785778,0
785779,0
785780,0
785781,0
785782,0
785783,0
785784,0
785785,0
785786,0
785787,0
785788,0
785789,0
785790,0
785791,0
785792,0
785793,0
785794,0
785795,0
785796,0
785797,0
785798,0
785799,0
785800,0
785801,0
785802,0
785803,0
785804,0
785805,0
785806,0
785807,0
785808,0
785809,0
785810,0
785811,0
785812,0
785813,0
785814,0
785815,0
785816,0
785817,0
785818,0
785819,0
785820,0
785821,0
785822,0
785823,0
785824,0
785825,0
785826,0
785827,0
785828,0
785829,0
785830,0
785831,0
785832,0
785833,0
785834,0
785835,0
785836,0
785837,0
785838,0
785839,0
785840,0
785841,0
785842,0
785843,0
785844,0
785845,0
785846,0
785847,0
785848,0
785849,0
785850,0
785851,0
785852,0
785853,0
785854,0
785855,0
785856,0
785857,0
785858,0
785859,0
785860,0
785861,26
785862,0
785863,0
785864,0
785865,0
785866,0
785867,0
785868,0
785869,0
785870,0
785871,0
785872,0
785873,0
785874,0
785875,0
785876,20
785877,30
785878,0
785879,0
785880,0
785881,41
785882,0
785883,0
785884,0
785885,0
785886,32
785887,0
785888,0
785889,0
785890,0
785891,0
785892,0
785893,0
785894,0
785895,0
785896,0
785897,0
785898,0
785899,0
785900,0
785901,0
785902,0
785903,38
785904,0
785905,0
785906,0
785907,0
785908,0
785909,0
785910,0
785911,0
785912,0
785913,0
785914,0
785915,0
785916,0
785917,0
785918,0
785919,0
785920,0
785921,0
785922,0
785923,0
785924,0
785925,0
785926,0
785927,48
785928,0
785929,0
785930,0
785931,0
785932,35
785933,0
785934,38
785935,0
785936,0
785937,0
785938,0
785939,0
785940,0
785941,34
785942,0
785943,20
785944,0
785945,0
785946,0
785947,0
785948,0
785949,0
785950,0
785951,0
785952,0
785953,0
785954,0
785955,0
785956,0
785957,0
785958,0
785959,0
785960,0
785961,0
785962,0
785963,0
785964,0
785965,0
785966,0
785967,0
785968,0
785969,0
785970,0
785971,0
785972,0
785973,0
785974,0
785975,0
785976,0
785977,0
785978,39
785979,0
785980,0
785981,0
785982,0
785983,0
785984,0
785985,0
785986,0
785987,22
785988,0
785989,0
785990,0
785991,0
785992,0
785993,0
785994,0
785995,33
785996,0
785997,0
785998,0
785999,0
786000,0
786001,0
786002,0
786003,0
786004,33
786005,0
786006,0
786007,0
786008,0
786009,0
786010,0
786011,0
786012,0
786013,0
786014,0
786015,16
786016,0
786017,0
786018,0
786019,0
786020,0
786021,0
786022,0
786023,17
786024,0
786025,0
786026,0
786027,0
786028,24
786029,0
786030,0
786031,0
786032,0
786033,0
786034,0
786035,0
786036,0
786037,0
786038,0
786039,0
786040,0
786041,0
786042,0
786043,0
786044,0
786045,29
786046,0
786047,0
786048,0
786049,0
786050,0
786051,0
786052,0
786053,0
786054,0
786055,0
786056,29
786057,0
786058,0
786059,0
786060,0
786061,19
786062,0
786063,0
786064,0
786065,20
786066,0
786067,0
786068,0
786069,0
786070,25
786071,0
786072,36
786073,0
786074,0
786075,0
786076,0
786077,0
786078,0
786079,0
786080,0
786081,0
786082,0
786083,0
786084,0
786085,0
786086,0
786087,0
786088,0
786089,0
786090,0
786091,0
786092,0
786093,0
786094,0
786095,0
786096,0
786097,0
786098,0
786099,0
786100,0
786101,0
786102,0
786103,0
786104,0
786105,0
786106,0
786107,0
786108,0
786109,0
786110,0
786111,0
786112,0
786113,0
786114,0
786115,0
786116,0
786117,0
786118,0
786119,0
786120,0
786121,0
786122,0
786123,0
786124,33
786125,0
786126,29
786127,0
786128,0
786129,0
786130,0
786131,0
786132,0
786133,0
786134,0
786135,28
786136,0
786137,0
786138,0
786139,0
786140,0
786141,0
786142,0
786143,0
786144,0
786145,0
786146,0
786147,0
786148,0
786149,0
786150,0
786151,0
786152,0
786153,0
786154,0
786155,0
786156,0
786157,0
786158,0
786159,0
786160,0
786161,0
786162,0
786163,0
786164,0
786165,0
786166,0
786167,0
786168,0
786169,0
786170,28
786171,0
786172,0
786173,0
786174,0
786175,0
786176,0
786177,0
786178,0
786179,0
786180,34
786181,0
786182,0
786183,0
786184,0
786185,0
786186,0
786187,0
786188,0
786189,0
786190,0
786191,0
786192,0
786193,0
786194,0
786195,0
786196,0
786197,0
786198,0
786199,0
786200,0
786201,0
786202,0
786203,30
786204,0
786205,0
786206,0
786207,0
786208,0
786209,19
786210,0
786211,0
786212,0
786213,0
786214,0
786215,0
786216,0
786217,0
786218,0
786219,0
786220,0
786221,0
786222,0
786223,0
786224,0
786225,0
786226,0
786227,0
786228,0
786229,0
786230,0
786231,0
786232,23
786233,0
786234,28
786235,0
786236,0
786237,0
786238,0
786239,0
786240,0
786241,0
786242,0
786243,14
786244,0
786245,0
786246,0
786247,35
786248,0
786249,0
786250,0
786251,0
786252,0
786253,0
786254,0
786255,0
786256,0
786257,0
786258,0
786259,0
786260,34
786261,0
786262,0
786263,0
786264,0
786265,0
786266,0
786267,0
786268,0
786269,0
786270,0
786271,0
786272,0
786273,0
786274,0
786275,0
786276,0
786277,0
786278,27
786279,0
786280,0
786281,0
786282,0
786283,44
786284,0
786285,0
786286,0
786287,15
786288,0
786289,0
786290,0
786291,0
786292,0
786293,0
786294,0
786295,0
786296,0
786297,0
786298,0
786299,0
786300,0
786301,0
786302,0
786303,0
786304,0
786305,0
786306,0
786307,0
786308,0
786309,0
786310,30
786311,0
786312,0
786313,0
786314,0
786315,0
786316,0
786317,0
786318,0
786319,0
786320,0
786321,0
786322,0
786323,0
786324,0
786325,0
786326,0
786327,0
786328,0
786329,0
786330,44
786331,0
786332,0
786333,0
786334,0
786335,24
786336,0
786337,45
786338,0
786339,0
786340,0
786341,0
786342,0
786343,0
786344,0
786345,0
786346,0
786347,0
786348,0
786349,0
786350,0
786351,0
786352,0
786353,0
786354,0
786355,0
786356,0
786357,0
786358,0
786359,0
786360,0
786361,0
786362,0
786363,0
786364,0
786365,0
786366,0
786367,0
786368,0
786369,0
786370,0
786371,0
786372,0
786373,0
786374,0
786375,0
786376,0
786377,0
786378,0
786379,0
786380,0
786381,0
786382,0
786383,0
786384,0
786385,0
786386,0
786387,0
786388,0
786389,0
786390,0
786391,0
786392,0
786393,0
786394,0
786395,0
786396,0
786397,0
786398,0
786399,0
786400,0
786401,0
786402,0
786403,0
786404,0
786405,0
786406,0
786407,0
786408,0
786409,0
786410,0
786411,0
786412,0
786413,0
786414,0
786415,0
786416,12
786417,0
786418,0
786419,0
786420,0
786421,0
786422,0
786423,0
786424,0
786425,0
786426,0
786427,0
786428,0
786429,0
786430,0
786431,0
786432,0
786433,0
786434,0
786435,0
786436,0
786437,0
786438,0
786439,0
786440,0
786441,0
786442,0
786443,0
786444,0
786445,0
786446,0
786447,0
786448,0
786449,0
786450,0
786451,0
786452,0
786453,0
786454,0
786455,0
786456,0
786457,0
786458,0
786459,0
786460,0
786461,0
786462,0
786463,0
786464,3
786465,0
786466,0
786467,12
786468,0
786469,0
786470,0
786471,0
786472,0
786473,0
786474,0
786475,0
786476,0
786477,0
786478,0
786479,0
786480,0
786481,0
786482,0
786483,0
786484,0
786485,0
786486,0
786487,0
786488,7
786489,0
786490,0
786491,0
786492,0
786493,0
786494,0
786495,0
786496,0
786497,9
786498,0
786499,0
786500,0
786501,0
786502,0
786503,0
786504,0
786505,11
786506,0
786507,0
786508,0
786509,6
786510,0
786511,0
786512,0
786513,3
786514,0
786515,0
786516,0
786517,0
786518,0
786519,0
786520,0
786521,10
786522,0
786523,0
786524,0
786525,0
786526,0
786527,0
786528,0
786529,0
786530,0
786531,10
786532,0
786533,0
786534,0
786535,0
786536,4
786537,0
786538,0
786539,0
786540,0
786541,13
786542,0
786543,0
786544,0
786545,0
786546,0
786547,0
786548,0
786549,0
786550,0
786551,0
786552,0
786553,0
786554,0
786555,0
786556,0
786557,0
786558,0
786559,0
786560,9
786561,0
786562,0
786563,0
786564,0
786565,0
786566,0
786567,0
786568,0
786569,0
786570,0
786571,0
786572,0
786573,0
786574,0
786575,0
786576,8
786577,0
786578,0
786579,0
786580,0
786581,0
786582,0
786583,0
786584,0
786585,0
786586,0
786587,0
786588,0
786589,0
786590,0
786591,0
786592,0
786593,0
786594,12
786595,0
786596,0
786597,0
786598,0
786599,0
786600,0
786601,0
786602,0
786603,0
786604,0
786605,0
786606,0
786607,0
786608,0
786609,0
786610,0
786611,0
786612,0
786613,0
786614,0
786615,4
786616,0
786617,0
786618,0
786619,0
786620,0
786621,0
786622,0
786623,0
786624,0
786625,0
786626,0
786627,0
786628,0
786629,5
786630,0
786631,0
786632,0
786633,0
786634,8
786635,9
786636,0
786637,0
786638,0
786639,0
786640,0
786641,0
786642,0
786643,0
786644,0
786645,1
786646,10
786647,0
786648,0
786649,0
786650,0
786651,0
786652,0
786653,0
786654,0
786655,0
786656,0
786657,0
786658,0
786659,0
786660,0
786661,0
786662,9
786663,0
786664,0
786665,0
786666,0
786667,0
786668,0
786669,0
786670,0
786671,0
786672,0
786673,0
786674,0
786675,0
786676,0
786677,0
786678,0
786679,0
786680,0
786681,9
786682,0
786683,0
786684,5
786685,0
786686,0
786687,0
786688,0
786689,0
786690,0
786691,0
786692,0
786693,0
786694,0
786695,0
786696,0
786697,15
786698,0
786699,0
786700,0
786701,0
786702,0
786703,0
786704,0
786705,0
786706,0
786707,0
786708,0
786709,0
786710,0
786711,0
786712,0
786713,0
786714,0
786715,5
786716,0
786717,0
786718,0
786719,0
786720,0
786721,0
786722,0
786723,0
786724,0
786725,0
786726,6
786727,0
786728,0
786729,0
786730,0
786731,0
786732,0
786733,0
786734,0
786735,0
786736,0
786737,0
786738,3
786739,0
786740,0
786741,0
786742,0
786743,0
786744,0
786745,0
786746,0
786747,0
786748,0
786749,0
786750,0
786751,0
786752,0
786753,0
786754,0
786755,7
786756,0
786757,0
786758,7
786759,0
786760,0
786761,0
786762,0
786763,0
786764,0
786765,0
786766,0
786767,0
786768,0
786769,0
786770,6
786771,0
786772,2
786773,0
786774,0
786775,0
786776,0
786777,0
786778,0
786779,0
786780,0
786781,2
786782,0
786783,0
786784,0
786785,0
786786,0
786787,0
786788,0
786789,0
786790,0
786791,13
786792,7
786793,0
786794,0
786795,0
786796,0
786797,0
786798,0
786799,0
786800,0
786801,0
786802,0
786803,0
786804,0
786805,0
786806,0
786807,0
786808,0
786809,0
786810,0
786811,0
786812,0
786813,0
786814,0
786815,0
786816,0
786817,0
786818,0
786819,0
786820,0
786821,0
786822,0
786823,0
786824,0
786825,0
786826,0
786827,0
786828,0
786829,0
786830,0
786831,0
786832,0
786833,0
786834,0
786835,0
786836,0
786837,0
786838,13
786839,0
786840,0
786841,0
786842,0
786843,0
786844,0
786845,0
786846,0
786847,0
786848,0
786849,0
786850,0
786851,0
786852,0
786853,0
786854,0
786855,0
786856,0
786857,0
786858,0
786859,0
786860,0
786861,0
786862,0
786863,0
786864,0
786865,0
786866,0
786867,0
786868,0
786869,0
786870,0
786871,0
786872,4
786873,6
786874,0
786875,0
786876,0
786877,0
786878,0
786879,0
786880,0
786881,0
786882,0
786883,0
786884,0
786885,0
786886,0
786887,0
786888,0
786889,0
786890,0
786891,0
786892,0
786893,0
786894,0
786895,0
786896,0
786897,0
786898,0
786899,0
786900,0
786901,0
786902,0
786903,0
786904,0
786905,0
786906,0
786907,0
786908,0
786909,0
786910,5
786911,0
786912,0
786913,0
786914,0
786915,0
786916,0
786917,11
786918,0
786919,0
786920,4
786921,0
786922,0
786923,6
786924,5
786925,0
786926,0
786927,0
786928,0
786929,0
786930,0
786931,0
786932,0
786933,0
786934,0
786935,0
786936,0
786937,0
786938,0
786939,0
786940,0
786941,0
786942,7
786943,11
786944,0
786945,0
786946,0
786947,0
786948,0
786949,2
786950,0
786951,6
786952,0
786953,0
786954,0
786955,0
786956,24
786957,0
786958,17
786959,0
786960,27
786961,17
786962,0
786963,0
786964,0
786965,0
786966,0
786967,0
786968,0
786969,20
786970,20
786971,22
786972,0
786973,0
786974,0
786975,0
786976,0
786977,23
786978,0
786979,0
786980,0
786981,0
786982,0
786983,0
786984,0
786985,0
786986,18
786987,0
786988,0
786989,0
786990,0
786991,0
786992,0
786993,0
786994,13
786995,0
786996,0
786997,0
786998,0
786999,0
787000,0
787001,21
787002,21
787003,0
787004,0
787005,25
787006,0
787007,16
787008,12
787009,0
787010,0
787011,0
787012,0
787013,0
787014,0
787015,0
787016,0
787017,0
787018,0
787019,0
787020,0
787021,15
787022,0
787023,21
787024,0
787025,0
787026,0
787027,0
787028,0
787029,0
787030,23
787031,0
787032,0
787033,0
787034,0
787035,0
787036,0
787037,0
787038,0
787039,17
787040,19
787041,0
787042,0
787043,0
787044,23
787045,0
787046,0
787047,0
787048,0
787049,0
787050,0
787051,0
787052,0
787053,11
787054,0
787055,0
787056,20
787057,0
787058,0
787059,16
787060,0
787061,0
787062,0
787063,19
787064,0
787065,0
787066,0
787067,23
787068,30
787069,0
787070,0
787071,16
787072,0
787073,0
787074,0
787075,0
787076,0
787077,0
787078,0
787079,0
787080,0
787081,0
787082,0
787083,0
787084,0
787085,0
787086,0
787087,17
787088,0
787089,12
787090,0
787091,24
787092,10
787093,12
787094,0
787095,26
787096,21
787097,18
787098,0
787099,0
787100,0
787101,0
787102,0
787103,0
787104,0
787105,0
787106,0
787107,0
787108,0
787109,0
787110,21
787111,0
787112,0
787113,0
787114,0
787115,0
787116,0
787117,0
787118,0
787119,15
787120,0
787121,0
787122,0
787123,0
787124,0
787125,0
787126,0
787127,0
787128,0
787129,0
787130,23
787131,0
787132,0
787133,0
787134,0
787135,20
787136,0
787137,18
787138,0
787139,0
787140,0
787141,0
787142,0
787143,0
787144,0
787145,23
787146,19
787147,0
787148,23
787149,0
787150,0
787151,20
787152,0
787153,0
787154,0
787155,0
787156,0
787157,0
787158,0
787159,0
787160,21
787161,0
787162,0
787163,21
787164,0
787165,0
787166,0
787167,0
787168,18
787169,0
787170,0
787171,0
787172,23
787173,0
787174,20
787175,0
787176,0
787177,0
787178,0
787179,0
787180,0
787181,0
787182,0
787183,0
787184,0
787185,0
787186,0
787187,0
787188,0
787189,0
787190,0
787191,0
787192,0
787193,0
787194,12
787195,0
787196,0
787197,0
787198,0
787199,0
787200,0
787201,7
787202,0
787203,0
787204,0
787205,0
787206,0
787207,0
787208,5
787209,0
787210,0
787211,0
787212,0
787213,0
787214,0
787215,0
787216,0
787217,0
787218,0
787219,0
787220,0
787221,0
787222,0
787223,0
787224,0
787225,0
787226,0
787227,0
787228,0
787229,0
787230,4
787231,0
787232,0
787233,0
787234,0
787235,0
787236,0
787237,7
787238,0
787239,0
787240,0
787241,0
787242,0
787243,0
787244,0
787245,0
787246,11
787247,0
787248,0
787249,0
787250,6
787251,0
787252,0
787253,0
787254,0
787255,0
787256,0
787257,0
787258,0
787259,3
787260,0
787261,0
787262,0
787263,0
787264,0
787265,0
787266,0
787267,0
787268,0
787269,0
787270,0
787271,7
787272,0
787273,0
787274,0
787275,0
787276,0
787277,0
787278,0
787279,0
787280,0
787281,5
787282,8
787283,3
787284,0
787285,0
787286,0
787287,0
787288,0
787289,0
787290,0
787291,0
787292,0
787293,0
787294,0
787295,5
787296,0
787297,0
787298,0
787299,0
787300,0
787301,0
787302,0
787303,0
787304,0
787305,0
787306,7
787307,0
787308,0
787309,0
787310,0
787311,0
787312,0
787313,7
787314,0
787315,0
787316,0
787317,0
787318,0
787319,0
787320,0
787321,0
787322,0
787323,0
787324,0
787325,0
787326,0
787327,0
787328,0
787329,0
787330,0
787331,0
787332,0
787333,0
787334,0
787335,0
787336,0
787337,0
787338,0
787339,0
787340,4
787341,0
787342,0
787343,0
787344,0
787345,0
787346,0
787347,0
787348,0
787349,0
787350,0
787351,0
787352,0
787353,0
787354,0
787355,0
787356,0
787357,0
787358,0
787359,0
787360,0
787361,0
787362,0
787363,0
787364,0
787365,0
787366,0
787367,0
787368,0
787369,0
787370,0
787371,4
787372,0
787373,0
787374,3
787375,0
787376,0
787377,0
787378,12
787379,0
787380,0
787381,0
787382,0
787383,0
787384,0
787385,0
787386,0
787387,0
787388,0
787389,0
787390,0
787391,0
787392,0
787393,0
787394,0
787395,0
787396,0
787397,0
787398,2
787399,0
787400,0
787401,0
787402,0
787403,0
787404,0
787405,2
787406,0
787407,0
787408,6
787409,0
787410,0
787411,0
787412,5
787413,2
787414,0
787415,0
787416,0
787417,0
787418,7
787419,0
787420,0
787421,0
787422,0
787423,0
787424,0
787425,4
787426,0
787427,0
787428,0
787429,0
787430,0
787431,0
787432,0
787433,0
787434,0
787435,0
787436,0
787437,0
787438,0
787439,0
787440,0
787441,9
787442,0
787443,0
787444,0
787445,0
787446,0
787447,0
787448,0
787449,0
787450,0
787451,0
787452,0
787453,0
787454,0
787455,0
787456,0
787457,0
787458,0
787459,11
787460,0
787461,0
787462,0
787463,0
787464,0
787465,10
787466,0
787467,0
787468,0
787469,0
787470,0
787471,0
787472,0
787473,0
787474,0
787475,7
787476,0
787477,0
787478,0
787479,0
787480,0
787481,0
787482,0
787483,0
787484,0
787485,0
787486,0
787487,0
787488,0
787489,0
787490,0
787491,0
787492,0
787493,0
787494,0
787495,0
787496,0
787497,0
787498,0
787499,0
787500,0
787501,0
787502,0
787503,0
787504,0
787505,0
787506,0
787507,0
787508,0
787509,0
787510,0
787511,8
787512,0
787513,0
787514,5
787515,0
787516,0
787517,0
787518,0
787519,0
787520,0
787521,4
787522,0
787523,0
787524,3
787525,0
787526,3
787527,0
787528,0
787529,0
787530,0
787531,0
787532,0
787533,0
787534,0
787535,0
787536,0
787537,0
787538,3
787539,0
787540,0
787541,0
787542,0
787543,0
787544,0
787545,2
787546,0
787547,0
787548,0
787549,0
787550,0
787551,0
787552,0
787553,0
787554,6
787555,0
787556,0
787557,0
787558,0
787559,0
787560,3
787561,0
787562,0
787563,7
787564,0
787565,0
787566,0
787567,0
787568,0
787569,0
787570,0
787571,0
787572,0
787573,0
787574,0
787575,0
787576,0
787577,0
787578,0
787579,0
787580,0
787581,0
787582,0
787583,0
787584,0
787585,0
787586,0
787587,0
787588,0
787589,0
787590,0
787591,0
787592,0
787593,5
787594,0
787595,0
787596,0
787597,0
787598,0
787599,3
787600,0
787601,0
787602,0
787603,0
787604,0
787605,0
787606,0
787607,0
787608,0
787609,0
787610,0
787611,0
787612,5
787613,0
787614,0
787615,0
787616,0
787617,0
787618,0
787619,0
787620,0
787621,0
787622,0
787623,0
787624,0
787625,0
787626,0
787627,0
787628,0
787629,0
787630,0
787631,0
787632,0
787633,0
787634,0
787635,0
787636,0
787637,5
787638,0
787639,0
787640,0
787641,0
787642,0
787643,0
787644,0
787645,0
787646,0
787647,0
787648,0
787649,0
787650,0
787651,0
787652,0
787653,0
787654,0
787655,8
787656,0
787657,0
787658,0
787659,0
787660,0
787661,0
787662,0
787663,0
787664,0
787665,0
787666,0
787667,0
787668,0
787669,0
787670,0
787671,0
787672,0
787673,0
787674,0
787675,0
787676,0
787677,2
787678,0
787679,0
787680,0
787681,3
787682,0
787683,0
787684,4
787685,0
787686,0
787687,0
787688,0
787689,0
787690,0
787691,0
787692,0
787693,0
787694,5
787695,0
787696,0
787697,0
787698,0
787699,0
787700,0
787701,0
787702,0
787703,0
787704,0
787705,0
787706,0
787707,0
787708,0
787709,0
787710,0
787711,0
787712,0
787713,0
787714,0
787715,0
787716,0
787717,0
787718,0
787719,0
787720,14
787721,0
787722,0
787723,0
787724,0
787725,0
787726,0
787727,0
787728,0
787729,0
787730,0
787731,0
787732,0
787733,0
787734,0
787735,0
787736,0
787737,9
787738,0
787739,0
787740,0
787741,0
787742,0
787743,0
787744,0
787745,0
787746,0
787747,0
787748,0
787749,0
787750,9
787751,0
787752,0
787753,0
787754,0
787755,4
787756,0
787757,0
787758,0
787759,3
787760,0
787761,0
787762,0
787763,0
787764,0
787765,0
787766,0
787767,0
787768,0
787769,0
787770,0
787771,8
787772,0
787773,0
787774,0
787775,0
787776,0
787777,0
787778,0
787779,0
787780,0
787781,0
787782,0
787783,0
787784,0
787785,0
787786,0
787787,0
787788,0
787789,0
787790,0
787791,0
787792,0
787793,0
787794,0
787795,0
787796,0
787797,0
787798,7
787799,4
787800,0
787801,0
787802,0
787803,11
787804,0
787805,6
787806,0
787807,0
787808,0
787809,0
787810,0
787811,0
787812,0
787813,0
787814,0
787815,0
787816,0
787817,0
787818,6
787819,0
787820,0
787821,0
787822,0
787823,0
787824,0
787825,0
787826,0
787827,0
787828,0
787829,0
787830,0
787831,0
787832,0
787833,0
787834,0
787835,0
787836,0
787837,0
787838,0
787839,0
787840,0
787841,12
787842,0
787843,0
787844,0
787845,0
787846,0
787847,0
787848,0
787849,9
787850,0
787851,0
787852,0
787853,0
787854,7
787855,0
787856,0
787857,0
787858,0
787859,0
787860,0
787861,0
787862,0
787863,0
787864,0
787865,0
787866,0
787867,0
787868,0
787869,5
787870,0
787871,0
787872,0
787873,0
787874,0
787875,0
787876,0
787877,0
787878,0
787879,0
787880,0
787881,0
787882,0
787883,0
787884,0
787885,0
787886,0
787887,0
787888,0
787889,0
787890,0
787891,0
787892,0
787893,0
787894,0
787895,0
787896,0
787897,9
787898,0
787899,0
787900,0
787901,0
787902,0
787903,0
787904,0
787905,0
787906,5
787907,0
787908,0
787909,9
787910,5
787911,0
787912,5
787913,0
787914,0
787915,0
787916,0
787917,0
787918,0
787919,0
787920,10
787921,2
787922,0
787923,6
787924,0
787925,6
787926,0
787927,0
787928,0
787929,0
787930,0
787931,0
787932,0
787933,0
787934,0
787935,0
787936,0
787937,0
787938,0
787939,0
787940,0
787941,0
787942,0
787943,0
787944,0
787945,0
787946,0
787947,0
787948,0
787949,0
787950,0
787951,0
787952,0
787953,0
787954,0
787955,0
787956,0
787957,0
787958,0
787959,7
787960,0
787961,0
787962,0
787963,0
787964,0
787965,0
787966,5
787967,0
787968,0
787969,0
787970,0
787971,0
787972,0
787973,0
787974,5
787975,0
787976,0
787977,0
787978,0
787979,0
787980,0
787981,0
787982,0
787983,9
787984,0
787985,0
787986,0
787987,0
787988,0
787989,0
787990,0
787991,0
787992,0
787993,0
787994,0
787995,0
787996,0
787997,0
787998,0
787999,0
788000,0
788001,0
788002,0
788003,0
788004,0
788005,6
788006,0
788007,0
788008,0
788009,0
788010,5
788011,0
788012,0
788013,0
788014,0
788015,0
788016,6
788017,2
788018,0
788019,0
788020,0
788021,0
788022,0
788023,0
788024,0
788025,0
788026,0
788027,0
788028,0
788029,0
788030,6
788031,0
788032,0
788033,0
788034,0
788035,0
788036,0
788037,0
788038,0
788039,7
788040,0
788041,0
788042,0
788043,0
788044,6
788045,0
788046,0
788047,0
788048,0
788049,0
788050,0
788051,0
788052,0
788053,0
788054,0
788055,0
788056,0
788057,0
788058,2
788059,0
788060,0
788061,0
788062,3
788063,0
788064,0
788065,0
788066,0
788067,0
788068,0
788069,0
788070,18
788071,0
788072,0
788073,0
788074,0
788075,0
788076,0
788077,0
788078,0
788079,0
788080,0
788081,0
788082,0
788083,0
788084,0
788085,0
788086,0
788087,0
788088,0
788089,0
788090,0
788091,0
788092,0
788093,0
788094,0
788095,0
788096,18
788097,27
788098,0
788099,0
788100,0
788101,0
788102,0
788103,0
788104,0
788105,0
788106,0
788107,0
788108,0
788109,0
788110,0
788111,0
788112,0
788113,0
788114,0
788115,0
788116,0
788117,0
788118,0
788119,0
788120,0
788121,0
788122,0
788123,0
788124,0
788125,0
788126,18
788127,0
788128,0
788129,0
788130,0
788131,0
788132,0
788133,0
788134,0
788135,0
788136,0
788137,0
788138,0
788139,0
788140,0
788141,0
788142,0
788143,0
788144,0
788145,0
788146,0
788147,0
788148,23
788149,0
788150,0
788151,0
788152,0
788153,26
788154,0
788155,0
788156,0
788157,0
788158,0
788159,25
788160,30
788161,0
788162,24
788163,0
788164,0
788165,0
788166,0
788167,0
788168,0
788169,0
788170,0
788171,0
788172,0
788173,0
788174,0
788175,0
788176,0
788177,0
788178,0
788179,0
788180,0
788181,0
788182,0
788183,0
788184,0
788185,0
788186,0
788187,0
788188,0
788189,0
788190,31
788191,0
788192,0
788193,0
788194,0
788195,0
788196,0
788197,0
788198,0
788199,0
788200,0
788201,0
788202,21
788203,0
788204,0
788205,0
788206,0
788207,0
788208,0
788209,0
788210,26
788211,0
788212,0
788213,0
788214,0
788215,31
788216,0
788217,0
788218,0
788219,0
788220,0
788221,0
788222,0
788223,0
788224,0
788225,0
788226,0
788227,0
788228,0
788229,0
788230,0
788231,0
788232,0
788233,0
788234,0
788235,0
788236,0
788237,0
788238,0
788239,14
788240,19
788241,19
788242,0
788243,0
788244,0
788245,0
788246,0
788247,24
788248,0
788249,0
788250,0
788251,0
788252,0
788253,0
788254,0
788255,0
788256,0
788257,0
788258,0
788259,0
788260,0
788261,0
788262,0
788263,0
788264,0
788265,0
788266,0
788267,0
788268,0
788269,0
788270,0
788271,0
788272,0
788273,0
788274,0
788275,16
788276,36
788277,0
788278,0
788279,0
788280,0
788281,0
788282,0
788283,0
788284,0
788285,0
788286,0
788287,0
788288,0
788289,0
788290,0
788291,0
788292,0
788293,20
788294,0
788295,0
788296,0
788297,37
788298,28
788299,0
788300,41
788301,0
788302,0
788303,0
788304,0
788305,0
788306,0
788307,26
788308,0
788309,0
788310,0
788311,0
788312,23
788313,0
788314,23
788315,0
788316,0
788317,0
788318,0
788319,0
788320,0
788321,0
788322,0
788323,0
788324,0
788325,0
788326,0
788327,0
788328,0
788329,0
788330,0
788331,0
788332,0
788333,0
788334,0
788335,0
788336,0
788337,0
788338,0
788339,0
788340,14
788341,0
788342,32
788343,0
788344,0
788345,0
788346,0
788347,33
788348,0
788349,0
788350,0
788351,0
788352,0
788353,0
788354,0
788355,0
788356,0
788357,0
788358,0
788359,0
788360,0
788361,23
788362,0
788363,0
788364,0
788365,0
788366,0
788367,0
788368,0
788369,0
788370,0
788371,0
788372,0
788373,0
788374,20
788375,0
788376,0
788377,0
788378,0
788379,23
788380,0
788381,28
788382,22
788383,0
788384,0
788385,0
788386,0
788387,0
788388,0
788389,31
788390,0
788391,0
788392,0
788393,0
788394,0
788395,0
788396,0
788397,0
788398,0
788399,37
788400,0
788401,0
788402,23
788403,0
788404,0
788405,35
788406,23
788407,0
788408,0
788409,0
788410,0
788411,0
788412,23
788413,0
788414,16
788415,0
788416,0
788417,0
788418,0
788419,0
788420,0
788421,0
788422,0
788423,0
788424,0
788425,0
788426,0
788427,0
788428,0
788429,0
788430,0
788431,0
788432,0
788433,24
788434,0
788435,0
788436,0
788437,0
788438,25
788439,0
788440,0
788441,0
788442,0
788443,0
788444,0
788445,24
788446,0
788447,0
788448,0
788449,0
788450,0
788451,0
788452,0
788453,0
788454,0
788455,0
788456,15
788457,0
788458,0
788459,0
788460,0
788461,0
788462,0
788463,0
788464,0
788465,0
788466,0
788467,0
788468,0
788469,0
788470,0
788471,0
788472,0
788473,0
788474,0
788475,0
788476,0
788477,0
788478,0
788479,0
788480,0
788481,0
788482,0
788483,0
788484,0
788485,0
788486,0
788487,0
788488,0
788489,0
788490,20
788491,0
788492,34
788493,29
788494,0
788495,0
788496,0
788497,0
788498,0
788499,0
788500,0
788501,0
788502,0
788503,0
788504,31
788505,0
788506,0
788507,0
788508,22
788509,0
788510,0
788511,0
788512,0
788513,0
788514,0
788515,0
788516,0
788517,0
788518,0
788519,0
788520,0
788521,0
788522,0
788523,0
788524,0
788525,0
788526,0
788527,0
788528,0
788529,0
788530,0
788531,0
788532,0
788533,0
788534,0
788535,0
788536,0
788537,0
788538,0
788539,0
788540,0
788541,25
788542,0
788543,0
788544,0
788545,0
788546,0
788547,0
788548,0
788549,0
788550,18
788551,0
788552,0
788553,0
788554,27
788555,0
788556,0
788557,30
788558,0
788559,0
788560,0
788561,0
788562,0
788563,0
788564,0
788565,0
788566,0
788567,0
788568,0
788569,0
788570,0
788571,0
788572,24
788573,0
788574,0
788575,0
788576,0
788577,0
788578,0
788579,0
788580,15
788581,0
788582,30
788583,28
788584,0
788585,0
788586,22
788587,34
788588,0
788589,0
788590,0
788591,27
788592,0
788593,0
788594,0
788595,0
788596,0
788597,0
788598,0
788599,0
788600,0
788601,0
788602,0
788603,0
788604,0
788605,0
788606,0
788607,0
788608,0
788609,0
788610,0
788611,0
788612,0
788613,0
788614,0
788615,24
788616,0
788617,0
788618,0
788619,0
788620,0
788621,0
788622,0
788623,27
788624,0
788625,0
788626,0
788627,0
788628,0
788629,0
788630,0
788631,0
788632,0
788633,13
788634,0
788635,0
788636,22
788637,0
788638,0
788639,0
788640,0
788641,0
788642,17
788643,0
788644,0
788645,0
788646,0
788647,0
788648,0
788649,0
788650,0
788651,0
788652,0
788653,0
788654,28
788655,15
788656,0
788657,0
788658,0
788659,0
788660,28
788661,0
788662,0
788663,0
788664,0
788665,0
788666,33
788667,18
788668,0
788669,0
788670,0
788671,0
788672,0
788673,0
788674,0
788675,0
788676,0
788677,0
788678,0
788679,30
788680,0
788681,0
788682,0
788683,0
788684,0
788685,0
788686,0
788687,0
788688,0
788689,0
788690,0
788691,0
788692,0
788693,0
788694,0
788695,0
788696,0
788697,0
788698,0
788699,0
788700,0
788701,0
788702,28
788703,31
788704,0
788705,0
788706,0
788707,0
788708,0
788709,0
788710,26
788711,0
788712,0
788713,0
788714,0
788715,0
788716,0
788717,0
788718,0
788719,0
788720,0
788721,29
788722,0
788723,0
788724,0
788725,25
788726,28
788727,0
788728,0
788729,36
788730,0
788731,0
788732,0
788733,0
788734,0
788735,0
788736,0
788737,0
788738,0
788739,21
788740,0
788741,25
788742,0
788743,0
788744,0
788745,0
788746,0
788747,0
788748,0
788749,18
788750,0
788751,0
788752,38
788753,20
788754,0
788755,22
788756,0
788757,0
788758,0
788759,0
788760,0
788761,0
788762,0
788763,0
788764,0
788765,0
788766,0
788767,0
788768,0
788769,0
788770,0
788771,0
788772,0
788773,24
788774,0
788775,0
788776,0
788777,0
788778,0
788779,0
788780,0
788781,0
788782,0
788783,0
788784,0
788785,0
788786,0
788787,0
788788,0
788789,0
788790,0
788791,0
788792,22
788793,0
788794,0
788795,0
788796,0
788797,11
788798,0
788799,0
788800,0
788801,0
788802,0
788803,0
788804,0
788805,0
788806,0
788807,0
788808,0
788809,0
788810,0
788811,0
788812,0
788813,0
788814,0
788815,0
788816,20
788817,0
788818,0
788819,0
788820,0
788821,0
788822,0
788823,0
788824,0
788825,0
788826,0
788827,0
788828,0
788829,0
788830,0
788831,0
788832,0
788833,0
788834,0
788835,0
788836,0
788837,0
788838,0
788839,0
788840,0
788841,0
788842,0
788843,0
788844,0
788845,0
788846,31
788847,0
788848,0
788849,0
788850,0
788851,0
788852,0
788853,0
788854,0
788855,0
788856,0
788857,0
788858,0
788859,0
788860,0
788861,0
788862,0
788863,0
788864,0
788865,0
788866,0
788867,24
788868,0
788869,0
788870,23
788871,0
788872,0
788873,22
788874,0
788875,0
788876,0
788877,26
788878,0
788879,24
788880,0
788881,0
788882,0
788883,0
788884,0
788885,0
788886,0
788887,0
788888,0
788889,0
788890,0
788891,0
788892,0
788893,0
788894,0
788895,0
788896,25
788897,0
788898,0
788899,21
788900,0
788901,0
788902,0
788903,0
788904,0
788905,0
788906,0
788907,0
788908,0
788909,0
788910,0
788911,0
788912,0
788913,0
788914,0
788915,0
788916,0
788917,0
788918,0
788919,0
788920,23
788921,0
788922,0
788923,0
788924,0
788925,23
788926,0
788927,0
788928,0
788929,0
788930,0
788931,0
788932,0
788933,0
788934,0
788935,0
788936,0
788937,0
788938,0
788939,0
788940,0
788941,0
788942,0
788943,0
788944,0
788945,0
788946,0
788947,27
788948,0
788949,22
788950,0
788951,0
788952,0
788953,0
788954,0
788955,0
788956,0
788957,0
788958,0
788959,0
788960,0
788961,0
788962,0
788963,0
788964,0
788965,0
788966,0
788967,20
788968,0
788969,0
788970,0
788971,19
788972,0
788973,0
788974,0
788975,0
788976,24
788977,0
788978,0
788979,26
788980,0
788981,0
788982,0
788983,0
788984,0
788985,0
788986,0
788987,19
788988,0
788989,0
788990,0
788991,0
788992,26
788993,0
788994,0
788995,0
788996,0
788997,32
788998,0
788999,0
789000,0
789001,0
789002,0
789003,0
789004,0
789005,0
789006,0
789007,0
789008,19
789009,0
789010,0
789011,0
789012,0
789013,0
789014,0
789015,0
789016,0
789017,0
789018,19
789019,39
789020,0
789021,0
789022,0
789023,0
789024,0
789025,0
789026,0
789027,0
789028,0
789029,0
789030,0
789031,0
789032,0
789033,0
789034,22
789035,0
789036,0
789037,0
789038,0
789039,0
789040,0
789041,0
789042,0
789043,0
789044,0
789045,0
789046,0
789047,0
789048,0
789049,17
789050,0
789051,0
789052,0
789053,0
789054,0
789055,0
789056,0
789057,0
789058,0
789059,0
789060,0
789061,0
789062,36
789063,0
789064,0
789065,0
789066,0
789067,0
789068,0
789069,0
789070,0
789071,0
789072,0
789073,0
789074,35
789075,0
789076,0
789077,0
789078,0
789079,0
789080,0
789081,51
789082,0
789083,0
789084,0
789085,0
789086,0
789087,0
789088,0
789089,0
789090,28
789091,0
789092,0
789093,0
789094,0
789095,0
789096,21
789097,0
789098,0
789099,0
789100,0
789101,0
789102,26
789103,0
789104,0
789105,0
789106,0
789107,0
789108,0
789109,0
789110,0
789111,0
789112,17
789113,0
789114,0
789115,0
789116,0
789117,0
789118,0
789119,0
789120,0
789121,0
789122,0
789123,0
789124,0
789125,0
789126,13
789127,0
789128,22
789129,0
789130,0
789131,0
789132,0
789133,0
789134,0
789135,0
789136,0
789137,0
789138,0
789139,0
789140,0
789141,0
789142,0
789143,0
789144,25
789145,0
789146,0
789147,0
789148,0
789149,0
789150,0
789151,0
789152,0
789153,0
789154,26
789155,0
789156,0
789157,0
789158,0
789159,0
789160,0
789161,0
789162,0
789163,0
789164,25
789165,0
789166,0
789167,0
789168,0
789169,0
789170,0
789171,0
789172,0
789173,0
789174,0
789175,0
789176,0
789177,23
789178,0
789179,0
789180,0
789181,0
789182,0
789183,0
789184,0
789185,0
789186,0
789187,0
789188,0
789189,0
789190,0
789191,0
789192,0
789193,0
789194,0
789195,0
789196,0
789197,0
789198,0
789199,0
789200,0
789201,0
789202,0
789203,0
789204,0
789205,0
789206,0
789207,0
789208,0
789209,0
789210,0
789211,0
789212,0
789213,25
789214,0
789215,0
789216,0
789217,35
789218,0
789219,0
789220,0
789221,0
789222,0
789223,0
789224,24
789225,26
789226,0
789227,22
789228,0
789229,0
789230,0
789231,0
789232,0
789233,0
789234,0
789235,36
789236,0
789237,0
789238,0
789239,0
789240,0
789241,0
789242,0
789243,40
789244,0
789245,0
789246,17
789247,0
789248,0
789249,0
789250,0
789251,0
789252,0
789253,44
789254,0
789255,0
789256,0
789257,0
789258,0
789259,0
789260,0
789261,0
789262,0
789263,0
789264,0
789265,24
789266,0
789267,0
789268,0
789269,0
789270,0
789271,0
789272,0
789273,0
789274,0
789275,0
789276,0
789277,0
789278,0
789279,42
789280,0
789281,0
789282,0
789283,0
789284,0
789285,0
789286,0
789287,0
789288,0
789289,0
789290,0
789291,0
789292,0
789293,35
789294,0
789295,0
789296,0
789297,0
789298,0
789299,0
789300,0
789301,0
789302,0
789303,0
789304,0
789305,23
789306,0
789307,0
789308,0
789309,37
789310,0
789311,0
789312,0
789313,0
789314,0
789315,45
789316,0
789317,0
789318,0
789319,0
789320,0
789321,22
789322,0
789323,0
789324,0
789325,0
789326,0
789327,0
789328,0
789329,0
789330,0
789331,0
789332,0
789333,0
789334,0
789335,22
789336,0
789337,0
789338,0
789339,42
789340,0
789341,0
789342,0
789343,0
789344,0
789345,0
789346,0
789347,0
789348,0
789349,37
789350,0
789351,0
789352,0
789353,0
789354,29
789355,45
789356,0
789357,0
789358,0
789359,0
789360,31
789361,0
789362,22
789363,0
789364,0
789365,0
789366,0
789367,0
789368,0
789369,0
789370,42
789371,0
789372,0
789373,0
789374,42
789375,0
789376,0
789377,0
789378,0
789379,44
789380,25
789381,0
789382,0
789383,0
789384,0
789385,0
789386,30
789387,0
789388,0
789389,0
789390,0
789391,0
789392,0
789393,0
789394,0
789395,0
789396,27
789397,0
789398,37
789399,0
789400,0
789401,0
789402,0
789403,0
789404,0
789405,0
789406,0
789407,16
789408,0
789409,0
789410,0
789411,0
789412,0
789413,0
789414,0
789415,0
789416,0
789417,29
789418,0
789419,0
789420,28
789421,26
789422,59
789423,26
789424,0
789425,0
789426,0
789427,0
789428,28
789429,0
789430,0
789431,0
789432,0
789433,0
789434,0
789435,0
789436,0
789437,0
789438,47
789439,0
789440,0
789441,22
789442,0
789443,0
789444,0
789445,0
789446,34
789447,0
789448,0
789449,0
789450,0
789451,0
789452,0
789453,0
789454,0
789455,0
789456,0
789457,0
789458,42
789459,36
789460,0
789461,0
789462,0
789463,0
789464,35
789465,0
789466,0
789467,0
789468,27
789469,0
789470,0
789471,0
789472,0
789473,0
789474,0
789475,35
789476,0
789477,0
789478,0
789479,0
789480,0
789481,0
789482,0
789483,0
789484,19
789485,0
789486,0
789487,0
789488,33
789489,0
789490,25
789491,0
789492,0
789493,0
789494,0
789495,39
789496,0
789497,0
789498,0
789499,0
789500,0
789501,0
789502,0
789503,0
789504,0
789505,29
789506,0
789507,0
789508,18
789509,0
789510,0
789511,0
789512,0
789513,0
789514,18
789515,0
789516,0
789517,0
789518,0
789519,0
789520,0
789521,0
789522,0
789523,0
789524,0
789525,0
789526,0
789527,0
789528,0
789529,0
789530,0
789531,0
789532,0
789533,0
789534,0
789535,0
789536,0
789537,0
789538,22
789539,0
789540,0
789541,22
789542,48
789543,0
789544,0
789545,0
789546,39
789547,0
789548,0
789549,0
789550,0
789551,0
789552,0
789553,0
789554,0
789555,0
789556,0
789557,0
789558,0
789559,26
789560,37
789561,20
789562,14
789563,0
789564,0
789565,0
789566,0
789567,0
789568,49
789569,0
789570,0
789571,40
789572,0
789573,0
789574,0
789575,0
789576,0
789577,0
789578,0
789579,0
789580,0
789581,0
789582,0
789583,0
789584,0
789585,0
789586,0
789587,0
789588,0
789589,0
789590,33
789591,41
789592,37
789593,0
789594,0
789595,0
789596,0
789597,21
789598,0
789599,0
789600,35
789601,19
789602,0
789603,0
789604,0
789605,0
789606,0
789607,0
789608,0
789609,0
789610,0
789611,0
789612,0
789613,0
789614,0
789615,17
789616,0
789617,0
789618,18
789619,0
789620,0
789621,21
789622,0
789623,0
789624,0
789625,0
789626,0
789627,0
789628,32
789629,0
789630,0
789631,0
789632,0
789633,0
789634,16
789635,0
789636,26
789637,0
789638,0
789639,0
789640,0
789641,0
789642,21
789643,0
789644,0
789645,0
789646,0
789647,0
789648,0
789649,0
789650,0
789651,0
789652,0
789653,0
789654,0
789655,0
789656,0
789657,0
789658,29
789659,22
789660,0
789661,0
789662,0
789663,0
789664,0
789665,0
789666,0
789667,0
789668,0
789669,0
789670,0
789671,0
789672,0
789673,0
789674,0
789675,40
789676,0
789677,0
789678,0
789679,0
789680,0
789681,0
789682,0
789683,0
789684,0
789685,0
789686,0
789687,0
789688,23
789689,22
789690,0
789691,16
789692,0
789693,0
789694,0
789695,0
789696,0
789697,0
789698,0
789699,0
789700,0
789701,0
789702,26
789703,0
789704,0
789705,0
789706,0
789707,0
789708,0
789709,0
789710,0
789711,0
789712,0
789713,0
789714,22
789715,18
789716,0
789717,0
789718,0
789719,33
789720,0
789721,0
789722,0
789723,0
789724,0
789725,0
789726,15
789727,0
789728,0
789729,0
789730,0
789731,0
789732,0
789733,0
789734,0
789735,0
789736,0
789737,0
789738,0
789739,0
789740,0
789741,0
789742,0
789743,0
789744,0
789745,0
789746,0
789747,0
789748,13
789749,0
789750,0
789751,0
789752,0
789753,0
789754,0
789755,27
789756,0
789757,27
789758,0
789759,0
789760,0
789761,0
789762,0
789763,0
789764,33
789765,0
789766,22
789767,0
789768,0
789769,0
789770,0
789771,0
789772,0
789773,0
789774,0
789775,0
789776,0
789777,0
789778,30
789779,0
789780,0
789781,0
789782,0
789783,0
789784,0
789785,33
789786,31
789787,0
789788,0
789789,22
789790,0
789791,39
789792,0
789793,0
789794,18
789795,0
789796,0
789797,0
789798,0
789799,0
789800,0
789801,0
789802,0
789803,0
789804,27
789805,0
789806,0
789807,0
789808,0
789809,0
789810,0
789811,0
789812,0
789813,0
789814,25
789815,0
789816,22
789817,19
789818,0
789819,0
789820,0
789821,0
789822,0
789823,0
789824,0
789825,0
789826,0
789827,0
789828,0
789829,0
789830,0
789831,0
789832,0
789833,0
789834,15
789835,0
789836,0
789837,0
789838,0
789839,0
789840,0
789841,20
789842,0
789843,0
789844,42
789845,0
789846,0
789847,0
789848,0
789849,0
789850,0
789851,0
789852,0
789853,0
789854,0
789855,0
789856,0
789857,0
789858,0
789859,0
789860,6
789861,0
789862,0
789863,0
789864,0
789865,0
789866,0
789867,30
789868,0
789869,0
789870,0
789871,0
789872,0
789873,0
789874,0
789875,0
789876,0
789877,0
789878,0
789879,0
789880,0
789881,23
789882,37
789883,0
789884,0
789885,0
789886,0
789887,0
789888,0
789889,0
789890,21
789891,0
789892,0
789893,0
789894,0
789895,0
789896,0
789897,0
789898,0
789899,0
789900,0
789901,0
789902,0
789903,0
789904,0
789905,0
789906,0
789907,0
789908,18
789909,0
789910,0
789911,18
789912,0
789913,43
789914,0
789915,22
789916,0
789917,0
789918,0
789919,0
789920,16
789921,0
789922,0
789923,0
789924,0
789925,0
789926,0
789927,24
789928,0
789929,0
789930,32
789931,0
789932,0
789933,0
789934,0
789935,0
789936,27
789937,0
789938,0
789939,0
789940,0
789941,0
789942,0
789943,0
789944,23
789945,0
789946,0
789947,0
789948,0
789949,0
789950,0
789951,0
789952,0
789953,0
789954,0
789955,0
789956,0
789957,0
789958,0
789959,0
789960,0
789961,0
789962,0
789963,0
789964,35
789965,0
789966,0
789967,0
789968,0
789969,0
789970,0
789971,0
789972,0
789973,0
789974,0
789975,0
789976,0
789977,0
789978,0
789979,30
789980,0
789981,0
789982,14
789983,0
789984,0
789985,0
789986,0
789987,0
789988,18
789989,32
789990,0
789991,0
789992,0
789993,0
789994,0
789995,0
789996,0
789997,0
789998,0
789999,14
790000,0
790001,18
790002,0
790003,0
790004,0
790005,0
790006,0
790007,0
790008,0
790009,0
790010,0
790011,0
790012,0
790013,0
790014,0
790015,0
790016,0
790017,0
790018,0
790019,0
790020,0
790021,0
790022,0
790023,32
790024,0
790025,0
790026,0
790027,47
790028,0
790029,0
790030,0
790031,0
790032,0
790033,0
790034,0
790035,0
790036,30
790037,32
790038,0
790039,20
790040,0
790041,40
790042,0
790043,0
790044,0
790045,0
790046,0
790047,0
790048,0
790049,22
790050,0
790051,0
790052,0
790053,0
790054,0
790055,0
790056,0
790057,0
790058,0
790059,0
790060,0
790061,22
790062,38
790063,0
790064,0
790065,0
790066,0
790067,34
790068,0
790069,0
790070,0
790071,0
790072,0
790073,0
790074,0
790075,0
790076,0
790077,0
790078,0
790079,0
790080,0
790081,0
790082,0
790083,0
790084,27
790085,0
790086,0
790087,0
790088,39
790089,0
790090,0
790091,0
790092,0
790093,0
790094,0
790095,31
790096,0
790097,0
790098,0
790099,0
790100,0
790101,0
790102,38
790103,0
790104,0
790105,20
790106,0
790107,0
790108,0
790109,0
790110,24
790111,0
790112,36
790113,0
790114,0
790115,30
790116,0
790117,0
790118,0
790119,0
790120,30
790121,0
790122,0
790123,0
790124,0
790125,26
790126,0
790127,0
790128,0
790129,46
790130,0
790131,0
790132,0
790133,51
790134,0
790135,30
790136,23
790137,0
790138,32
790139,0
790140,0
790141,0
790142,38
790143,0
790144,0
790145,39
790146,28
790147,28
790148,0
790149,0
790150,0
790151,30
790152,0
790153,0
790154,0
790155,0
790156,0
790157,0
790158,0
790159,33
790160,0
790161,0
790162,0
790163,0
790164,0
790165,0
790166,26
790167,0
790168,0
790169,0
790170,0
790171,0
790172,0
790173,0
790174,0
790175,31
790176,0
790177,33
790178,0
790179,29
790180,0
790181,30
790182,0
790183,0
790184,0
790185,36
790186,19
790187,0
790188,0
790189,0
790190,0
790191,0
790192,30
790193,28
790194,0
790195,24
790196,25
790197,40
790198,0
790199,27
790200,0
790201,30
790202,0
790203,30
790204,0
790205,0
790206,0
790207,38
790208,0
790209,35
790210,0
790211,0
790212,0
790213,0
790214,0
790215,38
790216,0
790217,31
790218,0
790219,0
790220,40
790221,0
790222,0
790223,0
790224,0
790225,0
790226,0
790227,0
790228,18
790229,29
790230,0
790231,0
790232,0
790233,0
790234,0
790235,0
790236,0
790237,0
790238,0
790239,0
790240,0
790241,0
790242,24
790243,0
790244,0
790245,0
790246,46
790247,40
790248,40
790249,0
790250,0
790251,0
790252,0
790253,0
790254,0
790255,46
790256,31
790257,43
790258,0
790259,0
790260,33
790261,0
790262,21
790263,37
790264,0
790265,0
790266,0
790267,0
790268,0
790269,40
790270,0
790271,0
790272,0
790273,0
790274,0
790275,0
790276,0
790277,0
790278,0
790279,38
790280,0
790281,0
790282,0
790283,0
790284,28
790285,0
790286,0
790287,0
790288,0
790289,0
790290,0
790291,0
790292,0
790293,19
790294,0
790295,0
790296,26
790297,0
790298,0
790299,0
790300,0
790301,0
790302,50
790303,0
790304,32
790305,0
790306,39
790307,0
790308,24
790309,21
790310,0
790311,0
790312,0
790313,0
790314,0
790315,14
790316,31
790317,20
790318,32
790319,0
790320,23
790321,0
790322,14
790323,0
790324,0
790325,0
790326,31
790327,0
790328,28
790329,0
790330,0
790331,0
790332,0
790333,0
790334,0
790335,0
790336,32
790337,0
790338,20
790339,20
790340,0
790341,0
790342,19
790343,0
790344,0
790345,0
790346,0
790347,0
790348,0
790349,34
790350,0
790351,25
790352,0
790353,0
790354,0
790355,0
790356,0
790357,32
790358,0
790359,0
790360,22
790361,25
790362,0
790363,0
790364,0
790365,0
790366,0
790367,0
790368,22
790369,0
790370,14
790371,0
790372,0
790373,34
790374,0
790375,0
790376,25
790377,0
790378,0
790379,27
790380,0
790381,0
790382,0
790383,28
790384,0
790385,31
790386,0
790387,0
790388,0
790389,16
790390,0
790391,0
790392,0
790393,0
790394,21
790395,44
790396,0
790397,0
790398,0
790399,0
790400,0
790401,17
790402,26
790403,0
790404,0
790405,0
790406,0
790407,0
790408,0
790409,0
790410,0
790411,0
790412,0
790413,0
790414,0
790415,21
790416,0
790417,0
790418,0
790419,0
790420,0
790421,0
790422,0
790423,0
790424,0
790425,0
790426,0
790427,0
790428,0
790429,34
790430,21
790431,0
790432,0
790433,0
790434,0
790435,0
790436,0
790437,0
790438,0
790439,28
790440,0
790441,0
790442,0
790443,0
790444,0
790445,0
790446,0
790447,0
790448,24
790449,0
790450,0
790451,28
790452,0
790453,15
790454,0
790455,0
790456,0
790457,0
790458,0
790459,0
790460,23
790461,0
790462,0
790463,16
790464,0
790465,0
790466,30
790467,0
790468,0
790469,0
790470,0
790471,0
790472,0
790473,26
790474,0
790475,25
790476,0
790477,0
790478,0
790479,0
790480,0
790481,0
790482,0
790483,0
790484,0
790485,19
790486,0
790487,0
790488,0
790489,0
790490,0
790491,0
790492,15
790493,40
790494,18
790495,0
790496,0
790497,0
790498,0
790499,0
790500,0
790501,0
790502,16
790503,0
790504,25
790505,0
790506,0
790507,0
790508,0
790509,0
790510,0
790511,0
790512,0
790513,0
790514,0
790515,0
790516,22
790517,0
790518,15
790519,24
790520,26
790521,24
790522,0
790523,0
790524,0
790525,17
790526,0
790527,0
790528,0
790529,0
790530,0
790531,0
790532,0
790533,0
790534,26
790535,29
790536,21
790537,0
790538,0
790539,0
790540,0
790541,20
790542,0
790543,0
790544,0
790545,0
790546,0
790547,25
790548,0
790549,0
790550,21
790551,0
790552,0
790553,0
790554,0
790555,0
790556,0
790557,0
790558,0
790559,0
790560,0
790561,0
790562,20
790563,0
790564,29
790565,0
790566,0
790567,0
790568,28
790569,0
790570,0
790571,0
790572,0
790573,0
790574,30
790575,32
790576,0
790577,0
790578,28
790579,0
790580,0
790581,0
790582,0
790583,0
790584,12
790585,0
790586,24
790587,0
790588,17
790589,19
790590,0
790591,0
790592,0
790593,0
790594,23
790595,0
790596,0
790597,0
790598,0
790599,0
790600,21
790601,29
790602,23
790603,23
790604,0
790605,16
790606,0
790607,12
790608,24
790609,0
790610,0
790611,0
790612,0
790613,20
790614,0
790615,0
790616,22
790617,29
790618,33
790619,0
790620,0
790621,0
790622,0
790623,0
790624,0
790625,0
790626,30
790627,0
790628,21
790629,0
790630,0
790631,0
790632,0
790633,0
790634,0
790635,0
790636,25
790637,21
790638,0
790639,0
790640,0
790641,0
790642,0
790643,0
790644,0
790645,0
790646,0
790647,0
790648,26
790649,0
790650,0
790651,0
790652,0
790653,0
790654,0
790655,28
790656,35
790657,39
790658,45
790659,0
790660,0
790661,59
790662,0
790663,61
790664,0
790665,0
790666,0
790667,0
790668,37
790669,0
790670,0
790671,0
790672,30
790673,0
790674,0
790675,0
790676,0
790677,0
790678,34
790679,0
790680,0
790681,0
790682,40
790683,0
790684,41
790685,0
790686,0
790687,0
790688,41
790689,53
790690,0
790691,39
790692,0
790693,0
790694,0
790695,0
790696,0
790697,0
790698,0
790699,0
790700,0
790701,35
790702,0
790703,27
790704,0
790705,18
790706,18
790707,0
790708,0
790709,0
790710,0
790711,27
790712,28
790713,0
790714,0
790715,0
790716,0
790717,0
790718,0
790719,0
790720,24
790721,0
790722,0
790723,22
790724,0
790725,0
790726,0
790727,0
790728,0
790729,0
790730,0
790731,0
790732,0
790733,0
790734,0
790735,13
790736,21
790737,0
790738,0
790739,0
790740,23
790741,21
790742,30
790743,16
790744,0
790745,22
790746,0
790747,0
790748,17
790749,0
790750,0
790751,0
790752,22
790753,0
790754,28
790755,20
790756,0
790757,17
790758,0
790759,0
790760,0
790761,0
790762,0
790763,0
790764,0
790765,24
790766,0
790767,0
790768,0
790769,16
790770,0
790771,18
790772,32
790773,0
790774,0
790775,0
790776,0
790777,0
790778,24
790779,45
790780,20
790781,0
790782,0
790783,0
790784,0
790785,0
790786,26
790787,0
790788,0
790789,23
790790,24
790791,0
790792,0
790793,21
790794,0
790795,0
790796,0
790797,0
790798,0
790799,27
790800,13
790801,15
790802,0
790803,0
790804,0
790805,0
790806,0
790807,0
790808,0
790809,0
790810,0
790811,34
790812,0
790813,32
790814,35
790815,21
790816,0
790817,0
790818,23
790819,0
790820,0
790821,0
790822,0
790823,0
790824,0
790825,19
790826,0
790827,0
790828,0
790829,0
790830,0
790831,0
790832,27
790833,0
790834,0
790835,0
790836,0
790837,0
790838,0
790839,0
790840,22
790841,0
790842,0
790843,19
790844,0
790845,0
790846,0
790847,0
790848,0
790849,0
790850,0
790851,27
790852,26
790853,0
790854,0
790855,0
790856,0
790857,0
790858,0
790859,0
790860,45
790861,0
790862,0
790863,0
790864,0
790865,22
790866,0
790867,0
790868,31
790869,0
790870,0
790871,0
790872,0
790873,0
790874,0
790875,0
790876,0
790877,17
790878,0
790879,0
790880,0
790881,0
790882,0
790883,0
790884,0
790885,0
790886,29
790887,24
790888,0
790889,0
790890,0
790891,39
790892,30
790893,0
790894,18
790895,0
790896,0
790897,0
790898,0
790899,34
790900,25
790901,22
790902,0
790903,0
790904,0
790905,0
790906,26
790907,0
790908,0
790909,14
790910,0
790911,0
790912,0
790913,0
790914,0
790915,0
790916,0
790917,0
790918,20
790919,0
790920,0
790921,0
790922,29
790923,0
790924,0
790925,0
790926,0
790927,0
790928,0
790929,0
790930,32
790931,0
790932,25
790933,0
790934,0
790935,0
790936,0
790937,0
790938,0
790939,0
790940,0
790941,30
790942,24
790943,0
790944,0
790945,0
790946,0
790947,20
790948,0
790949,26
790950,0
790951,0
790952,0
790953,0
790954,0
790955,0
790956,0
790957,0
790958,37
790959,25
790960,16
790961,22
790962,0
790963,0
790964,0
790965,0
790966,17
790967,22
790968,27
790969,0
790970,0
790971,0
790972,27
790973,13
790974,22
790975,26
790976,27
790977,0
790978,13
790979,25
790980,21
790981,0
790982,24
790983,0
790984,0
790985,44
790986,0
790987,0
790988,0
790989,0
790990,0
790991,0
790992,22
790993,21
790994,26
790995,0
790996,24
790997,0
790998,0
790999,0
791000,0
791001,17
791002,29
791003,0
791004,0
791005,0
791006,0
791007,0
791008,22
791009,0
791010,26
791011,0
791012,0
791013,0
791014,0
791015,0
791016,0
791017,0
791018,27
791019,0
791020,0
791021,0
791022,0
791023,0
791024,21
791025,18
791026,0
791027,25
791028,0
791029,0
791030,0
791031,0
791032,0
791033,0
791034,28
791035,0
791036,34
791037,0
791038,0
791039,12
791040,0
791041,0
791042,0
791043,0
791044,22
791045,15
791046,21
791047,18
791048,0
791049,33
791050,0
791051,31
791052,17
791053,0
791054,20
791055,0
791056,0
791057,0
791058,0
791059,0
791060,36
791061,0
791062,0
791063,14
791064,20
791065,0
791066,0
791067,0
791068,0
791069,0
791070,0
791071,26
791072,0
791073,0
791074,23
791075,0
791076,0
791077,0
791078,17
791079,0
791080,0
791081,0
791082,0
791083,0
791084,0
791085,0
791086,0
791087,0
791088,0
791089,0
791090,0
791091,0
791092,29
791093,0
791094,0
791095,19
791096,0
791097,0
791098,0
791099,0
791100,0
791101,0
791102,0
791103,0
791104,0
791105,0
791106,26
791107,0
791108,0
791109,30
791110,0
791111,0
791112,0
791113,0
791114,0
791115,0
791116,0
791117,0
791118,18
791119,0
791120,18
791121,0
791122,0
791123,0
791124,24
791125,0
791126,29
791127,0
791128,0
791129,0
791130,24
791131,21
791132,0
791133,0
791134,0
791135,21
791136,0
791137,27
791138,12
791139,0
791140,0
791141,0
791142,13
791143,0
791144,28
791145,0
791146,0
791147,0
791148,0
791149,0
791150,0
791151,18
791152,0
791153,0
791154,0
791155,0
791156,0
791157,17
791158,0
791159,0
791160,0
791161,32
791162,0
791163,0
791164,0
791165,0
791166,0
791167,21
791168,17
791169,0
791170,0
791171,0
791172,27
791173,0
791174,0
791175,16
791176,35
791177,0
791178,21
791179,0
791180,23
791181,0
791182,0
791183,0
791184,0
791185,19
791186,30
791187,29
791188,0
791189,0
791190,0
791191,0
791192,0
791193,31
791194,0
791195,0
791196,0
791197,0
791198,0
791199,0
791200,24
791201,0
791202,0
791203,0
791204,27
791205,27
791206,0
791207,0
791208,0
791209,28
791210,0
791211,0
791212,0
791213,27
791214,0
791215,0
791216,0
791217,21
791218,20
791219,23
791220,0
791221,0
791222,36
791223,16
791224,0
791225,22
791226,19
791227,36
791228,0
791229,0
791230,0
791231,0
791232,27
791233,0
791234,0
791235,19
791236,0
791237,0
791238,0
791239,26
791240,0
791241,0
791242,0
791243,31
791244,12
791245,0
791246,15
791247,0
791248,26
791249,0
791250,0
791251,0
791252,0
791253,0
791254,0
791255,0
791256,0
791257,0
791258,0
791259,0
791260,0
791261,0
791262,0
791263,0
791264,0
791265,0
791266,22
791267,0
791268,33
791269,0
791270,0
791271,0
791272,0
791273,0
791274,13
791275,0
791276,0
791277,0
791278,0
791279,29
791280,0
791281,0
791282,17
791283,0
791284,19
791285,22
791286,0
791287,0
791288,35
791289,0
791290,26
791291,19
791292,0
791293,0
791294,0
791295,0
791296,0
791297,0
791298,0
791299,0
791300,0
791301,0
791302,0
791303,0
791304,0
791305,0
791306,31
791307,0
791308,25
791309,0
791310,0
791311,0
791312,0
791313,0
791314,0
791315,22
791316,0
791317,0
791318,0
791319,0
791320,23
791321,0
791322,0
791323,10
791324,0
791325,15
791326,0
791327,0
791328,0
791329,0
791330,18
791331,0
791332,0
791333,0
791334,0
791335,12
791336,0
791337,0
791338,0
791339,0
791340,0
791341,0
791342,27
791343,13
791344,19
791345,0
791346,0
791347,0
791348,0
791349,0
791350,0
791351,0
791352,20
791353,0
791354,17
791355,0
791356,0
791357,0
791358,0
791359,0
791360,0
791361,18
791362,0
791363,25
791364,0
791365,0
791366,0
791367,0
791368,0
791369,0
791370,0
791371,0
791372,0
791373,26
791374,28
791375,0
791376,0
791377,27
791378,0
791379,0
791380,0
791381,0
791382,24
791383,0
791384,0
791385,0
791386,0
791387,0
791388,0
791389,0
791390,28
791391,0
791392,16
791393,0
791394,0
791395,26
791396,0
791397,0
791398,0
791399,0
791400,0
791401,0
791402,20
791403,0
791404,13
791405,0
791406,0
791407,17
791408,0
791409,0
791410,0
791411,0
791412,15
791413,0
791414,0
791415,0
791416,24
791417,0
791418,0
791419,0
791420,12
791421,0
791422,0
791423,0
791424,0
791425,38
791426,0
791427,0
791428,0
791429,0
791430,0
791431,0
791432,0
791433,0
791434,0
791435,0
791436,11
791437,28
791438,0
791439,0
791440,0
791441,0
791442,19
791443,0
791444,0
791445,0
791446,0
791447,13
791448,16
791449,0
791450,0
791451,0
791452,0
791453,27
791454,0
791455,0
791456,0
791457,28
791458,12
791459,0
791460,0
791461,28
791462,0
791463,0
791464,16
791465,35
791466,0
791467,0
791468,0
791469,0
791470,0
791471,0
791472,0
791473,0
791474,0
791475,0
791476,17
791477,39
791478,0
791479,0
791480,0
791481,0
791482,0
791483,0
791484,23
791485,0
791486,0
791487,18
791488,27
791489,0
791490,26
791491,28
791492,0
791493,0
791494,0
791495,0
791496,0
791497,0
791498,0
791499,0
791500,0
791501,0
791502,0
791503,0
791504,0
791505,0
791506,0
791507,0
791508,0
791509,0
791510,0
791511,0
791512,25
791513,31
791514,0
791515,0
791516,0
791517,0
791518,0
791519,0
791520,0
791521,0
791522,0
791523,21
791524,0
791525,28
791526,0
791527,18
791528,0
791529,0
791530,36
791531,22
791532,0
791533,19
791534,0
791535,0
791536,0
791537,22
791538,0
791539,0
791540,0
791541,0
791542,0
791543,0
791544,0
791545,0
791546,0
791547,0
791548,0
791549,0
791550,0
791551,0
791552,0
791553,0
791554,25
791555,0
791556,0
791557,0
791558,41
791559,0
791560,0
791561,0
791562,0
791563,0
791564,0
791565,0
791566,0
791567,0
791568,0
791569,0
791570,0
791571,0
791572,0
791573,33
791574,0
791575,0
791576,0
791577,0
791578,0
791579,0
791580,0
791581,0
791582,0
791583,0
791584,76
791585,0
791586,0
791587,0
791588,0
791589,0
791590,0
791591,0
791592,0
791593,0
791594,0
791595,0
791596,0
791597,0
791598,0
791599,0
791600,33
791601,0
791602,49
791603,0
791604,0
791605,0
791606,0
791607,0
791608,0
791609,0
791610,0
791611,0
791612,0
791613,0
791614,0
791615,0
791616,0
791617,0
791618,0
791619,0
791620,0
791621,0
791622,0
791623,0
791624,19
791625,0
791626,0
791627,0
791628,0
791629,0
791630,0
791631,0
791632,0
791633,0
791634,29
791635,0
791636,0
791637,0
791638,0
791639,26
791640,0
791641,0
791642,0
791643,0
791644,0
791645,0
791646,0
791647,0
791648,0
791649,36
791650,0
791651,0
791652,0
791653,0
791654,0
791655,0
791656,0
791657,0
791658,0
791659,0
791660,0
791661,0
791662,0
791663,0
791664,0
791665,0
791666,0
791667,0
791668,0
791669,0
791670,0
791671,0
791672,0
791673,0
791674,0
791675,0
791676,0
791677,0
791678,0
791679,0
791680,0
791681,0
791682,0
791683,0
791684,0
791685,0
791686,0
791687,0
791688,0
791689,0
791690,0
791691,0
791692,0
791693,0
791694,0
791695,0
791696,37
791697,0
791698,0
791699,0
791700,0
791701,0
791702,0
791703,0
791704,0
791705,0
791706,0
791707,0
791708,0
791709,0
791710,0
791711,0
791712,0
791713,0
791714,0
791715,0
791716,0
791717,0
791718,0
791719,0
791720,0
791721,0
791722,0
791723,0
791724,0
791725,0
791726,0
791727,0
791728,0
791729,0
791730,0
791731,0
791732,0
791733,0
791734,0
791735,0
791736,79
791737,0
791738,0
791739,0
791740,0
791741,0
791742,0
791743,0
791744,0
791745,0
791746,0
791747,0
791748,0
791749,0
791750,0
791751,0
791752,0
791753,0
791754,0
791755,0
791756,0
791757,0
791758,0
791759,0
791760,0
791761,0
791762,0
791763,0
791764,0
791765,0
791766,0
791767,0
791768,0
791769,0
791770,0
791771,0
791772,30
791773,0
791774,0
791775,0
791776,0
791777,0
791778,0
791779,0
791780,0
791781,0
791782,0
791783,0
791784,0
791785,0
791786,0
791787,18
791788,0
791789,0
791790,0
791791,35
791792,0
791793,0
791794,0
791795,0
791796,0
791797,0
791798,0
791799,0
791800,0
791801,0
791802,0
791803,0
791804,0
791805,0
791806,0
791807,0
791808,0
791809,0
791810,0
791811,0
791812,0
791813,0
791814,0
791815,0
791816,0
791817,0
791818,0
791819,0
791820,40
791821,0
791822,0
791823,0
791824,0
791825,0
791826,0
791827,41
791828,0
791829,0
791830,0
791831,0
791832,0
791833,0
791834,0
791835,0
791836,0
791837,0
791838,0
791839,0
791840,0
791841,0
791842,0
791843,0
791844,0
791845,0
791846,0
791847,0
791848,0
791849,0
791850,0
791851,0
791852,0
791853,0
791854,0
791855,0
791856,0
791857,0
791858,0
791859,0
791860,40
791861,0
791862,0
791863,0
791864,0
791865,0
791866,0
791867,0
791868,0
791869,0
791870,0
791871,0
791872,30
791873,0
791874,0
791875,0
791876,0
791877,30
791878,0
791879,0
791880,0
791881,0
791882,0
791883,0
791884,0
791885,0
791886,0
791887,0
791888,0
791889,0
791890,0
791891,0
791892,0
791893,0
791894,0
791895,0
791896,0
791897,0
791898,0
791899,0
791900,0
791901,0
791902,0
791903,0
791904,0
791905,0
791906,0
791907,0
791908,40
791909,0
791910,0
791911,0
791912,0
791913,0
791914,16
791915,0
791916,0
791917,0
791918,0
791919,0
791920,0
791921,0
791922,0
791923,0
791924,0
791925,0
791926,57
791927,0
791928,0
791929,0
791930,0
791931,0
791932,0
791933,0
791934,0
791935,0
791936,0
791937,0
791938,0
791939,0
791940,0
791941,0
791942,0
791943,0
791944,0
791945,0
791946,0
791947,0
791948,0
791949,0
791950,0
791951,0
791952,0
791953,0
791954,0
791955,0
791956,0
791957,0
791958,0
791959,0
791960,0
791961,0
791962,0
791963,0
791964,0
791965,0
791966,0
791967,0
791968,0
791969,0
791970,0
791971,0
791972,0
791973,0
791974,0
791975,0
791976,0
791977,0
791978,0
791979,0
791980,0
791981,0
791982,0
791983,0
791984,0
791985,0
791986,0
791987,0
791988,0
791989,0
791990,0
791991,0
791992,0
791993,0
791994,0
791995,0
791996,0
791997,0
791998,0
791999,0
792000,0
792001,0
792002,0
792003,0
792004,0
792005,0
792006,0
792007,0
792008,0
792009,0
792010,0
792011,0
792012,0
792013,0
792014,0
792015,0
792016,0
792017,0
792018,0
792019,0
792020,52
792021,0
792022,14
792023,0
792024,0
792025,0
792026,0
792027,0
792028,0
792029,0
792030,0
792031,38
792032,0
792033,0
792034,0
792035,0
792036,0
792037,0
792038,0
792039,0
792040,0
792041,0
792042,0
792043,0
792044,0
792045,0
792046,0
792047,0
792048,0
792049,0
792050,0
792051,0
792052,0
792053,0
792054,0
792055,0
792056,0
792057,0
792058,0
792059,0
792060,0
792061,0
792062,0
792063,0
792064,0
792065,0
792066,0
792067,0
792068,0
792069,0
792070,0
792071,0
792072,0
792073,0
792074,0
792075,0
792076,0
792077,0
792078,0
792079,0
792080,0
792081,0
792082,0
792083,0
792084,0
792085,0
792086,0
792087,0
792088,0
792089,0
792090,0
792091,0
792092,0
792093,0
792094,0
792095,0
792096,0
792097,0
792098,0
792099,0
792100,0
792101,0
792102,0
792103,0
792104,0
792105,0
792106,0
792107,0
792108,0
792109,0
792110,0
792111,0
792112,0
792113,0
792114,0
792115,0
792116,0
792117,0
792118,0
792119,19
792120,0
792121,0
792122,0
792123,0
792124,0
792125,0
792126,0
792127,0
792128,0
792129,0
792130,0
792131,0
792132,0
792133,0
792134,0
792135,35
792136,0
792137,0
792138,0
792139,0
792140,0
792141,0
792142,0
792143,0
792144,0
792145,0
792146,0
792147,0
792148,0
792149,0
792150,0
792151,0
792152,0
792153,0
792154,0
792155,0
792156,0
792157,0
792158,0
792159,0
792160,0
792161,0
792162,0
792163,0
792164,0
792165,0
792166,0
792167,0
792168,0
792169,0
792170,0
792171,0
792172,0
792173,0
792174,30
792175,83
792176,0
792177,0
792178,0
792179,0
792180,0
792181,0
792182,0
792183,22
792184,0
792185,0
792186,0
792187,0
792188,0
792189,0
792190,0
792191,0
792192,0
792193,0
792194,0
792195,0
792196,0
792197,0
792198,0
792199,0
792200,0
792201,0
792202,0
792203,0
792204,0
792205,0
792206,0
792207,0
792208,0
792209,0
792210,0
792211,0
792212,0
792213,0
792214,0
792215,0
792216,0
792217,0
792218,0
792219,0
792220,0
792221,0
792222,0
792223,0
792224,0
792225,0
792226,0
792227,0
792228,0
792229,0
792230,35
792231,0
792232,0
792233,0
792234,0
792235,0
792236,0
792237,0
792238,0
792239,0
792240,0
792241,0
792242,39
792243,0
792244,0
792245,0
792246,0
792247,0
792248,0
792249,0
792250,0
792251,0
792252,0
792253,0
792254,0
792255,0
792256,0
792257,0
792258,0
792259,0
792260,0
792261,0
792262,0
792263,0
792264,0
792265,0
792266,0
792267,0
792268,0
792269,0
792270,0
792271,0
792272,0
792273,0
792274,0
792275,0
792276,0
792277,0
792278,0
792279,0
792280,0
792281,0
792282,0
792283,0
792284,47
792285,0
792286,0
792287,0
792288,0
792289,0
792290,0
792291,0
792292,0
792293,0
792294,0
792295,0
792296,0
792297,0
792298,0
792299,0
792300,0
792301,0
792302,0
792303,0
792304,0
792305,0
792306,0
792307,19
792308,18
792309,0
792310,31
792311,0
792312,0
792313,0
792314,0
792315,0
792316,46
792317,0
792318,0
792319,0
792320,0
792321,0
792322,0
792323,0
792324,0
792325,0
792326,0
792327,0
792328,0
792329,0
792330,0
792331,0
792332,0
792333,0
792334,0
792335,0
792336,0
792337,0
792338,0
792339,0
792340,0
792341,0
792342,0
792343,0
792344,0
792345,0
792346,0
792347,0
792348,0
792349,0
792350,0
792351,0
792352,0
792353,0
792354,0
792355,0
792356,0
792357,0
792358,0
792359,0
792360,0
792361,0
792362,0
792363,0
792364,0
792365,30
792366,0
792367,0
792368,0
792369,0
792370,0
792371,0
792372,0
792373,15
792374,0
792375,0
792376,0
792377,0
792378,0
792379,0
792380,0
792381,0
792382,0
792383,0
792384,0
792385,0
792386,0
792387,0
792388,0
792389,0
792390,0
792391,20
792392,0
792393,0
792394,0
792395,0
792396,0
792397,0
792398,0
792399,0
792400,0
792401,0
792402,0
792403,34
792404,56
792405,0
792406,0
792407,0
792408,0
792409,0
792410,0
792411,0
792412,0
792413,0
792414,0
792415,0
792416,0
792417,0
792418,0
792419,0
792420,0
792421,0
792422,0
792423,0
792424,0
792425,0
792426,0
792427,0
792428,0
792429,0
792430,0
792431,0
792432,0
792433,0
792434,0
792435,0
792436,0
792437,0
792438,0
792439,0
792440,0
792441,0
792442,0
792443,0
792444,0
792445,0
792446,0
792447,0
792448,0
792449,0
792450,0
792451,0
792452,0
792453,0
792454,0
792455,0
792456,0
792457,0
792458,0
792459,0
792460,0
792461,0
792462,0
792463,0
792464,0
792465,0
792466,0
792467,0
792468,0
792469,22
792470,0
792471,0
792472,0
792473,0
792474,0
792475,0
792476,0
792477,0
792478,0
792479,0
792480,0
792481,0
792482,0
792483,0
792484,0
792485,0
792486,0
792487,0
792488,0
792489,0
792490,0
792491,0
792492,26
792493,0
792494,0
792495,0
792496,0
792497,0
792498,0
792499,16
792500,23
792501,27
792502,0
792503,0
792504,20
792505,0
792506,29
792507,0
792508,0
792509,0
792510,0
792511,0
792512,0
792513,0
792514,0
792515,0
792516,0
792517,0
792518,0
792519,0
792520,0
792521,0
792522,0
792523,21
792524,0
792525,0
792526,0
792527,0
792528,0
792529,0
792530,0
792531,0
792532,0
792533,0
792534,0
792535,0
792536,0
792537,25
792538,21
792539,0
792540,0
792541,0
792542,0
792543,0
792544,0
792545,0
792546,21
792547,0
792548,0
792549,0
792550,0
792551,0
792552,0
792553,0
792554,0
792555,0
792556,0
792557,0
792558,16
792559,0
792560,0
792561,0
792562,0
792563,0
792564,0
792565,0
792566,0
792567,0
792568,0
792569,0
792570,0
792571,0
792572,0
792573,22
792574,23
792575,0
792576,0
792577,0
792578,0
792579,0
792580,0
792581,0
792582,0
792583,0
792584,0
792585,0
792586,0
792587,0
792588,0
792589,0
792590,0
792591,0
792592,0
792593,0
792594,0
792595,0
792596,20
792597,44
792598,0
792599,0
792600,0
792601,0
792602,0
792603,34
792604,0
792605,36
792606,26
792607,22
792608,0
792609,0
792610,0
792611,0
792612,0
792613,0
792614,0
792615,0
792616,0
792617,0
792618,0
792619,0
792620,0
792621,0
792622,14
792623,0
792624,0
792625,28
792626,25
792627,0
792628,18
792629,0
792630,0
792631,0
792632,0
792633,0
792634,0
792635,0
792636,0
792637,0
792638,0
792639,0
792640,0
792641,0
792642,7
792643,0
792644,0
792645,0
792646,0
792647,0
792648,0
792649,0
792650,0
792651,0
792652,0
792653,0
792654,0
792655,11
792656,0
792657,0
792658,0
792659,0
792660,0
792661,0
792662,0
792663,0
792664,0
792665,0
792666,0
792667,0
792668,0
792669,0
792670,0
792671,0
792672,0
792673,0
792674,0
792675,0
792676,0
792677,0
792678,8
792679,0
792680,0
792681,0
792682,0
792683,0
792684,0
792685,0
792686,12
792687,0
792688,0
792689,11
792690,0
792691,13
792692,0
792693,0
792694,0
792695,0
792696,17
792697,0
792698,0
792699,0
792700,0
792701,0
792702,0
792703,0
792704,0
792705,0
792706,0
792707,0
792708,0
792709,0
792710,0
792711,0
792712,0
792713,0
792714,0
792715,0
792716,0
792717,0
792718,0
792719,0
792720,0
792721,0
792722,0
792723,0
792724,0
792725,0
792726,0
792727,0
792728,0
792729,0
792730,0
792731,0
792732,0
792733,0
792734,0
792735,0
792736,0
792737,0
792738,0
792739,7
792740,0
792741,0
792742,0
792743,0
792744,0
792745,0
792746,0
792747,0
792748,0
792749,10
792750,0
792751,9
792752,0
792753,0
792754,0
792755,0
792756,0
792757,0
792758,0
792759,0
792760,0
792761,0
792762,0
792763,0
792764,0
792765,0
792766,0
792767,0
792768,12
792769,0
792770,0
792771,0
792772,0
792773,0
792774,0
792775,0
792776,0
792777,0
792778,0
792779,0
792780,0
792781,0
792782,0
792783,0
792784,0
792785,0
792786,0
792787,0
792788,0
792789,0
792790,0
792791,0
792792,12
792793,0
792794,0
792795,0
792796,0
792797,0
792798,0
792799,10
792800,0
792801,0
792802,12
792803,0
792804,0
792805,9
792806,0
792807,0
792808,0
792809,0
792810,0
792811,0
792812,0
792813,15
792814,0
792815,0
792816,0
792817,0
792818,0
792819,0
792820,0
792821,0
792822,0
792823,0
792824,8
792825,0
792826,0
792827,0
792828,0
792829,7
792830,0
792831,0
792832,0
792833,0
792834,0
792835,0
792836,0
792837,0
792838,5
792839,0
792840,0
792841,0
792842,0
792843,0
792844,8
792845,0
792846,0
792847,0
792848,0
792849,0
792850,0
792851,0
792852,0
792853,0
792854,0
792855,0
792856,0
792857,0
792858,0
792859,0
792860,0
792861,0
792862,33
792863,0
792864,0
792865,0
792866,31
792867,0
792868,0
792869,29
792870,0
792871,0
792872,0
792873,0
792874,0
792875,0
792876,0
792877,0
792878,0
792879,0
792880,0
792881,0
792882,31
792883,0
792884,0
792885,0
792886,0
792887,0
792888,47
792889,0
792890,0
792891,35
792892,48
792893,0
792894,22
792895,0
792896,0
792897,0
792898,0
792899,67
792900,0
792901,0
792902,0
792903,0
792904,0
792905,0
792906,0
792907,0
792908,0
792909,40
792910,0
792911,0
792912,59
792913,0
792914,0
792915,0
792916,33
792917,0
792918,0
792919,0
792920,0
792921,0
792922,0
792923,0
792924,0
792925,0
792926,0
792927,0
792928,54
792929,0
792930,0
792931,0
792932,0
792933,0
792934,0
792935,0
792936,32
792937,0
792938,0
792939,0
792940,19
792941,0
792942,0
792943,22
792944,0
792945,0
792946,0
792947,0
792948,0
792949,0
792950,0
792951,0
792952,48
792953,0
792954,25
792955,0
792956,50
792957,0
792958,0
792959,32
792960,0
792961,62
792962,0
792963,54
792964,36
792965,0
792966,0
792967,0
792968,0
792969,0
792970,0
792971,0
792972,0
792973,0
792974,0
792975,0
792976,0
792977,0
792978,52
792979,0
792980,0
792981,0
792982,0
792983,0
792984,0
792985,0
792986,0
792987,26
792988,0
792989,0
792990,58
792991,63
792992,0
792993,0
792994,0
792995,0
792996,0
792997,0
792998,0
792999,0
793000,46
793001,0
793002,0
793003,23
793004,0
793005,47
793006,37
793007,0
793008,0
793009,53
793010,0
793011,43
793012,0
793013,60
793014,73
793015,0
793016,0
793017,0
793018,0
793019,0
793020,0
793021,0
793022,0
793023,49
793024,0
793025,0
793026,0
793027,0
793028,0
793029,0
793030,35
793031,0
793032,0
793033,29
793034,0
793035,0
793036,0
793037,0
793038,0
793039,0
793040,32
793041,0
793042,46
793043,0
793044,0
793045,0
793046,66
793047,0
793048,0
793049,0
793050,27
793051,0
793052,0
793053,0
793054,0
793055,0
793056,0
793057,0
793058,0
793059,0
793060,0
793061,0
793062,34
793063,0
793064,0
793065,0
793066,0
793067,24
793068,0
793069,0
793070,0
793071,0
793072,0
793073,0
793074,47
793075,0
793076,0
793077,0
793078,46
793079,0
793080,0
793081,0
793082,0
793083,0
793084,0
793085,63
793086,0
793087,28
793088,0
793089,65
793090,41
793091,0
793092,0
793093,0
793094,0
793095,0
793096,0
793097,0
793098,0
793099,0
793100,0
793101,0
793102,0
793103,0
793104,0
793105,0
793106,0
793107,0
793108,47
793109,0
793110,0
793111,0
793112,0
793113,0
793114,0
793115,0
793116,0
793117,0
793118,0
793119,0
793120,0
793121,0
793122,0
793123,41
793124,41
793125,0
793126,0
793127,0
793128,0
793129,0
793130,0
793131,30
793132,49
793133,0
793134,0
793135,0
793136,0
793137,0
793138,0
793139,0
793140,42
793141,19
793142,32
793143,0
793144,0
793145,0
793146,36
793147,0
793148,0
793149,0
793150,0
793151,31
793152,0
793153,0
793154,0
793155,0
793156,0
793157,31
793158,0
793159,0
793160,0
793161,38
793162,0
793163,28
793164,24
793165,26
793166,0
793167,0
793168,0
793169,0
793170,0
793171,53
793172,0
793173,0
793174,0
793175,0
793176,56
793177,0
793178,0
793179,0
793180,0
793181,0
793182,0
793183,0
793184,0
793185,51
793186,29
793187,0
793188,0
793189,0
793190,0
793191,0
793192,41
793193,0
793194,55
793195,0
793196,0
793197,0
793198,0
793199,0
793200,0
793201,0
793202,0
793203,0
793204,0
793205,0
793206,0
793207,0
793208,0
793209,0
793210,0
793211,44
793212,12
793213,0
793214,0
793215,0
793216,0
793217,0
793218,0
793219,0
793220,0
793221,0
793222,0
793223,51
793224,31
793225,0
793226,0
793227,58
793228,0
793229,0
793230,0
793231,0
793232,27
793233,0
793234,45
793235,0
793236,0
793237,0
793238,0
793239,0
793240,0
793241,71
793242,59
793243,0
793244,0
793245,0
793246,32
793247,0
793248,0
793249,0
793250,0
793251,0
793252,0
793253,0
793254,0
793255,0
793256,0
793257,0
793258,0
793259,0
793260,53
793261,0
793262,0
793263,0
793264,0
793265,30
793266,0
793267,0
793268,0
793269,0
793270,37
793271,0
793272,0
793273,0
793274,0
793275,0
793276,0
793277,0
793278,27
793279,0
793280,0
793281,0
793282,0
793283,33
793284,0
793285,0
793286,18
793287,23
793288,42
793289,0
793290,16
793291,51
793292,61
793293,0
793294,0
793295,28
793296,16
793297,0
793298,0
793299,0
793300,0
793301,0
793302,0
793303,0
793304,0
793305,0
793306,0
793307,0
793308,0
793309,0
793310,0
793311,0
793312,44
793313,0
793314,0
793315,26
793316,0
793317,0
793318,0
793319,0
793320,0
793321,0
793322,0
793323,0
793324,0
793325,0
793326,0
793327,0
793328,0
793329,0
793330,0
793331,0
793332,0
793333,0
793334,0
793335,0
793336,0
793337,34
793338,0
793339,0
793340,0
793341,60
793342,0
793343,0
793344,0
793345,33
793346,0
793347,0
793348,0
793349,0
793350,0
793351,0
793352,0
793353,0
793354,0
793355,0
793356,0
793357,0
793358,0
793359,42
793360,0
793361,0
793362,0
793363,0
793364,35
793365,39
793366,0
793367,0
793368,0
793369,52
793370,0
793371,0
793372,0
793373,0
793374,0
793375,50
793376,0
793377,0
793378,0
793379,0
793380,0
793381,0
793382,0
793383,0
793384,38
793385,0
793386,0
793387,0
793388,0
793389,0
793390,0
793391,0
793392,0
793393,0
793394,0
793395,0
793396,32
793397,0
793398,0
793399,0
793400,0
793401,0
793402,0
793403,0
793404,51
793405,0
793406,43
793407,0
793408,0
793409,0
793410,0
793411,0
793412,0
793413,0
793414,0
793415,0
793416,0
793417,0
793418,0
793419,0
793420,0
793421,0
793422,0
793423,0
793424,0
793425,0
793426,0
793427,0
793428,39
793429,0
793430,0
793431,38
793432,21
793433,0
793434,0
793435,0
793436,0
793437,0
793438,0
793439,0
793440,0
793441,24
793442,0
793443,0
793444,0
793445,0
793446,0
793447,35
793448,0
793449,0
793450,53
793451,0
793452,0
793453,0
793454,24
793455,0
793456,22
793457,0
793458,0
793459,0
793460,0
793461,0
793462,0
793463,57
793464,0
793465,0
793466,0
793467,32
793468,35
793469,0
793470,0
793471,43
793472,21
793473,0
793474,0
793475,0
793476,0
793477,0
793478,0
793479,0
793480,0
793481,0
793482,0
793483,0
793484,0
793485,0
793486,0
793487,44
793488,0
793489,0
793490,0
793491,0
793492,0
793493,0
793494,0
793495,0
793496,39
793497,0
793498,0
793499,0
793500,0
793501,0
793502,34
793503,0
793504,0
793505,0
793506,39
793507,0
793508,32
793509,0
793510,0
793511,0
793512,0
793513,0
793514,0
793515,0
793516,0
793517,0
793518,0
793519,0
793520,49
793521,0
793522,26
793523,0
793524,0
793525,0
793526,0
793527,32
793528,0
793529,0
793530,0
793531,30
793532,0
793533,30
793534,0
793535,0
793536,0
793537,19
793538,34
793539,34
793540,0
793541,0
793542,0
793543,0
793544,0
793545,0
793546,0
793547,0
793548,0
793549,0
793550,47
793551,32
793552,0
793553,0
793554,46
793555,0
793556,0
793557,30
793558,31
793559,0
793560,0
793561,0
793562,0
793563,31
793564,26
793565,0
793566,0
793567,36
793568,0
793569,33
793570,25
793571,45
793572,0
793573,0
793574,46
793575,0
793576,0
793577,0
793578,0
793579,0
793580,0
793581,0
793582,0
793583,0
793584,41
793585,0
793586,24
793587,31
793588,37
793589,0
793590,0
793591,22
793592,0
793593,0
793594,0
793595,0
793596,37
793597,0
793598,0
793599,37
793600,0
793601,0
793602,0
793603,0
793604,32
793605,0
793606,30
793607,0
793608,0
793609,36
793610,0
793611,0
793612,0
793613,0
793614,0
793615,0
793616,0
793617,0
793618,46
793619,0
793620,43
793621,0
793622,42
793623,0
793624,29
793625,0
793626,0
793627,0
793628,34
793629,0
793630,0
793631,0
793632,0
793633,0
793634,35
793635,0
793636,0
793637,37
793638,21
793639,0
793640,37
793641,27
793642,25
793643,0
793644,35
793645,31
793646,0
793647,0
793648,0
793649,0
793650,0
793651,0
793652,38
793653,0
793654,35
793655,25
793656,0
793657,0
793658,0
793659,0
793660,0
793661,0
793662,0
793663,0
793664,51
793665,36
793666,0
793667,0
793668,0
793669,28
793670,0
793671,0
793672,0
793673,34
793674,0
793675,0
793676,0
793677,0
793678,0
793679,41
793680,0
793681,0
793682,33
793683,0
793684,41
793685,0
793686,0
793687,0
793688,32
793689,0
793690,34
793691,0
793692,47
793693,37
793694,0
793695,0
793696,0
793697,42
793698,0
793699,0
793700,0
793701,0
793702,45
793703,0
793704,0
793705,0
793706,0
793707,0
793708,0
793709,0
793710,23
793711,33
793712,46
793713,0
793714,20
793715,0
793716,35
793717,0
793718,0
793719,0
793720,0
793721,0
793722,0
793723,0
793724,0
793725,30
793726,29
793727,31
793728,43
793729,0
793730,38
793731,33
793732,31
793733,0
793734,29
793735,0
793736,30
793737,0
793738,33
793739,33
793740,0
793741,46
793742,0
793743,0
793744,41
793745,27
793746,0
793747,32
793748,0
793749,0
793750,0
793751,42
793752,54
793753,0
793754,0
793755,0
793756,0
793757,0
793758,0
793759,35
793760,0
793761,0
793762,0
793763,0
793764,0
793765,31
793766,17
793767,34
793768,0
793769,39
793770,0
793771,25
793772,0
793773,0
793774,33
793775,0
793776,0
793777,0
793778,24
793779,0
793780,0
793781,31
793782,0
793783,30
793784,0
793785,0
793786,40
793787,0
793788,34
793789,41
793790,0
793791,0
793792,0
793793,38
793794,0
793795,31
793796,0
793797,0
793798,43
793799,34
793800,0
793801,0
793802,0
793803,0
793804,0
793805,0
793806,41
793807,0
793808,0
793809,0
793810,0
793811,0
793812,27
793813,0
793814,42
793815,0
793816,0
793817,41
793818,0
793819,0
793820,29
793821,0
793822,0
793823,0
793824,0
793825,0
793826,34
793827,45
793828,0
793829,0
793830,0
793831,0
793832,0
793833,30
793834,0
793835,35
793836,0
793837,0
793838,0
793839,0
793840,35
793841,0
793842,30
793843,0
793844,0
793845,0
793846,17
793847,35
793848,0
793849,29
793850,32
793851,0
793852,0
793853,0
793854,0
793855,0
793856,0
793857,0
793858,0
793859,0
793860,0
793861,0
793862,0
793863,0
793864,0
793865,0
793866,0
793867,0
793868,0
793869,0
793870,0
793871,0
793872,15
793873,0
793874,0
793875,0
793876,0
793877,0
793878,0
793879,0
793880,0
793881,0
793882,0
793883,0
793884,0
793885,0
793886,0
793887,14
793888,0
793889,0
793890,0
793891,19
793892,0
793893,16
793894,0
793895,0
793896,0
793897,0
793898,0
793899,0
793900,0
793901,0
793902,0
793903,0
793904,0
793905,0
793906,0
793907,0
793908,0
793909,0
793910,22
793911,0
793912,0
793913,0
793914,0
793915,0
793916,13
793917,0
793918,0
793919,0
793920,0
793921,0
793922,0
793923,0
793924,0
793925,25
793926,0
793927,0
793928,0
793929,0
793930,0
793931,0
793932,0
793933,0
793934,13
793935,0
793936,0
793937,0
793938,0
793939,0
793940,20
793941,0
793942,0
793943,0
793944,0
793945,0
793946,0
793947,23
793948,0
793949,0
793950,19
793951,0
793952,0
793953,0
793954,0
793955,0
793956,0
793957,0
793958,0
793959,0
793960,0
793961,0
793962,0
793963,0
793964,0
793965,0
793966,0
793967,16
793968,0
793969,0
793970,0
793971,0
793972,0
793973,0
793974,0
793975,0
793976,0
793977,15
793978,0
793979,0
793980,0
793981,0
793982,0
793983,0
793984,0
793985,0
793986,0
793987,0
793988,16
793989,0
793990,9
793991,25
793992,0
793993,0
793994,14
793995,0
793996,0
793997,0
793998,0
793999,0
794000,0
794001,0
794002,0
794003,0
794004,0
794005,0
794006,0
794007,22
794008,0
794009,0
794010,0
794011,19
794012,0
794013,0
794014,28
794015,0
794016,0
794017,0
794018,0
794019,0
794020,0
794021,0
794022,14
794023,0
794024,0
794025,0
794026,0
794027,0
794028,0
794029,0
794030,0
794031,0
794032,0
794033,0
794034,0
794035,0
794036,0
794037,0
794038,0
794039,0
794040,0
794041,0
794042,0
794043,0
794044,0
794045,0
794046,0
794047,0
794048,0
794049,0
794050,0
794051,0
794052,0
794053,0
794054,0
794055,0
794056,0
794057,0
794058,0
794059,0
794060,0
794061,0
794062,0
794063,0
794064,0
794065,27
794066,0
794067,0
794068,0
794069,0
794070,0
794071,0
794072,0
794073,0
794074,0
794075,0
794076,0
794077,0
794078,0
794079,0
794080,0
794081,0
794082,0
794083,0
794084,0
794085,0
794086,0
794087,0
794088,20
794089,0
794090,0
794091,0
794092,0
794093,0
794094,0
794095,0
794096,0
794097,0
794098,0
794099,28
794100,0
794101,0
794102,0
794103,0
794104,0
794105,0
794106,0
794107,0
794108,0
794109,0
794110,0
794111,0
794112,0
794113,0
794114,0
794115,0
794116,0
794117,0
794118,0
794119,0
794120,0
794121,0
794122,0
794123,0
794124,0
794125,0
794126,0
794127,0
794128,0
794129,0
794130,0
794131,0
794132,0
794133,0
794134,0
794135,0
794136,0
794137,16
794138,0
794139,0
794140,0
794141,0
794142,0
794143,0
794144,0
794145,0
794146,0
794147,0
794148,0
794149,0
794150,0
794151,0
794152,0
794153,0
794154,0
794155,0
794156,0
794157,0
794158,0
794159,0
794160,0
794161,0
794162,0
794163,0
794164,0
794165,0
794166,0
794167,0
794168,0
794169,0
794170,0
794171,0
794172,0
794173,0
794174,0
794175,0
794176,0
794177,0
794178,0
794179,0
794180,0
794181,0
794182,0
794183,0
794184,0
794185,23
794186,0
794187,0
794188,0
794189,12
794190,0
794191,0
794192,27
794193,0
794194,0
794195,0
794196,0
794197,0
794198,0
794199,0
794200,0
794201,0
794202,0
794203,0
794204,0
794205,0
794206,0
794207,21
794208,0
794209,0
794210,0
794211,0
794212,0
794213,0
794214,0
794215,0
794216,29
794217,0
794218,14
794219,0
794220,0
794221,0
794222,0
794223,0
794224,0
794225,0
794226,0
794227,0
794228,0
794229,0
794230,0
794231,0
794232,0
794233,0
794234,0
794235,0
794236,0
794237,0
794238,0
794239,15
794240,0
794241,0
794242,0
794243,0
794244,0
794245,0
794246,0
794247,0
794248,0
794249,0
794250,0
794251,0
794252,0
794253,0
794254,0
794255,0
794256,0
794257,0
794258,0
794259,0
794260,0
794261,0
794262,0
794263,22
794264,0
794265,0
794266,5
794267,0
794268,0
794269,0
794270,0
794271,18
794272,0
794273,0
794274,0
794275,0
794276,14
794277,0
794278,0
794279,38
794280,0
794281,0
794282,0
794283,0
794284,0
794285,0
794286,0
794287,0
794288,0
794289,18
794290,0
794291,0
794292,0
794293,0
794294,0
794295,0
794296,0
794297,0
794298,0
794299,0
794300,21
794301,0
794302,0
794303,4
794304,0
794305,0
794306,0
794307,0
794308,0
794309,0
794310,0
794311,0
794312,0
794313,0
794314,0
794315,0
794316,0
794317,0
794318,11
794319,0
794320,0
794321,0
794322,0
794323,0
794324,0
794325,28
794326,0
794327,0
794328,0
794329,0
794330,0
794331,11
794332,9
794333,0
794334,0
794335,0
794336,0
794337,0
794338,17
794339,0
794340,0
794341,0
794342,0
794343,0
794344,0
794345,0
794346,0
794347,0
794348,0
794349,0
794350,0
794351,0
794352,0
794353,0
794354,0
794355,0
794356,0
794357,0
794358,0
794359,0
794360,0
794361,28
794362,13
794363,0
794364,0
794365,0
794366,0
794367,0
794368,13
794369,18
794370,0
794371,0
794372,0
794373,0
794374,0
794375,0
794376,0
794377,0
794378,0
794379,27
794380,26
794381,0
794382,0
794383,0
794384,0
794385,0
794386,0
794387,0
794388,0
794389,0
794390,0
794391,0
794392,0
794393,0
794394,0
794395,0
794396,0
794397,0
794398,0
794399,29
794400,0
794401,0
794402,0
794403,0
794404,0
794405,0
794406,0
794407,0
794408,0
794409,0
794410,0
794411,0
794412,45
794413,0
794414,0
794415,0
794416,0
794417,0
794418,0
794419,0
794420,0
794421,0
794422,0
794423,0
794424,0
794425,0
794426,0
794427,0
794428,0
794429,32
794430,0
794431,0
794432,27
794433,49
794434,0
794435,0
794436,0
794437,26
794438,0
794439,0
794440,0
794441,0
794442,0
794443,0
794444,0
794445,0
794446,0
794447,0
794448,0
794449,0
794450,0
794451,0
794452,0
794453,31
794454,0
794455,0
794456,0
794457,0
794458,0
794459,0
794460,0
794461,0
794462,0
794463,0
794464,0
794465,49
794466,0
794467,0
794468,20
794469,0
794470,0
794471,0
794472,0
794473,0
794474,0
794475,0
794476,3
794477,0
794478,0
794479,0
794480,0
794481,0
794482,0
794483,0
794484,0
794485,0
794486,0
794487,0
794488,0
794489,0
794490,0
794491,7
794492,0
794493,0
794494,0
794495,0
794496,9
794497,11
794498,0
794499,0
794500,0
794501,9
794502,0
794503,0
794504,0
794505,0
794506,8
794507,12
794508,0
794509,0
794510,0
794511,11
794512,0
794513,0
794514,0
794515,0
794516,0
794517,0
794518,0
794519,8
794520,0
794521,0
794522,0
794523,0
794524,0
794525,0
794526,0
794527,0
794528,0
794529,0
794530,0
794531,0
794532,0
794533,0
794534,0
794535,0
794536,0
794537,0
794538,0
794539,0
794540,0
794541,0
794542,0
794543,0
794544,0
794545,6
794546,12
794547,0
794548,11
794549,0
794550,0
794551,0
794552,0
794553,0
794554,0
794555,0
794556,5
794557,0
794558,0
794559,0
794560,0
794561,0
794562,11
794563,0
794564,18
794565,0
794566,0
794567,0
794568,0
794569,0
794570,0
794571,0
794572,0
794573,0
794574,0
794575,0
794576,0
794577,0
794578,0
794579,12
794580,0
794581,0
794582,7
794583,0
794584,0
794585,14
794586,20
794587,10
794588,0
794589,0
794590,0
794591,0
794592,20
794593,0
794594,0
794595,0
794596,0
794597,11
794598,0
794599,0
794600,7
794601,14
794602,14
794603,0
794604,0
794605,0
794606,0
794607,0
794608,0
794609,32
794610,0
794611,0
794612,0
794613,0
794614,0
794615,0
794616,13
794617,0
794618,0
794619,0
794620,0
794621,10
794622,0
794623,3
794624,0
794625,16
794626,0
794627,0
794628,0
794629,0
794630,0
794631,0
794632,0
794633,0
794634,0
794635,0
794636,0
794637,0
794638,0
794639,0
794640,0
794641,0
794642,0
794643,0
794644,0
794645,0
794646,0
794647,0
794648,0
794649,0
794650,21
794651,0
794652,0
794653,0
794654,0
794655,0
794656,0
794657,0
794658,0
794659,0
794660,0
794661,0
794662,0
794663,0
794664,0
794665,0
794666,0
794667,5
794668,0
794669,0
794670,0
794671,6
794672,24
794673,0
794674,6
794675,0
794676,0
794677,0
794678,0
794679,6
794680,0
794681,0
794682,0
794683,14
794684,13
794685,0
794686,0
794687,0
794688,0
794689,0
794690,0
794691,21
794692,0
794693,0
794694,0
794695,0
794696,0
794697,0
794698,0
794699,0
794700,0
794701,0
794702,0
794703,0
794704,0
794705,0
794706,0
794707,0
794708,0
794709,11
794710,0
794711,0
794712,0
794713,0
794714,0
794715,0
794716,0
794717,0
794718,12
794719,0
794720,0
794721,11
794722,0
794723,0
794724,12
794725,0
794726,0
794727,0
794728,0
794729,0
794730,0
794731,0
794732,11
794733,0
794734,0
794735,0
794736,0
794737,0
794738,0
794739,0
794740,0
794741,0
794742,0
794743,0
794744,0
794745,0
794746,0
794747,0
794748,0
794749,0
794750,9
794751,11
794752,0
794753,16
794754,6
794755,0
794756,0
794757,0
794758,10
794759,0
794760,0
794761,0
794762,0
794763,0
794764,16
794765,0
794766,6
794767,0
794768,0
794769,11
794770,0
794771,0
794772,0
794773,0
794774,0
794775,0
794776,0
794777,0
794778,21
794779,0
794780,0
794781,0
794782,0
794783,0
794784,0
794785,0
794786,9
794787,0
794788,0
794789,0
794790,0
794791,0
794792,7
794793,0
794794,0
794795,0
794796,0
794797,0
794798,0
794799,0
794800,0
794801,0
794802,0
794803,18
794804,8
794805,0
794806,0
794807,0
794808,0
794809,16
794810,0
794811,0
794812,0
794813,0
794814,0
794815,0
794816,0
794817,11
794818,0
794819,21
794820,0
794821,12
794822,9
794823,0
794824,0
794825,0
794826,10
794827,12
794828,0
794829,0
794830,0
794831,0
794832,0
794833,0
794834,0
794835,0
794836,0
794837,0
794838,0
794839,0
794840,0
794841,0
794842,0
794843,0
794844,0
794845,6
794846,0
794847,0
794848,0
794849,0
794850,0
794851,22
794852,0
794853,0
794854,0
794855,0
794856,7
794857,13
794858,0
794859,12
794860,0
794861,0
794862,0
794863,8
794864,8
794865,0
794866,14
794867,0
794868,0
794869,0
794870,8
794871,0
794872,0
794873,0
794874,0
794875,0
794876,13
794877,20
794878,0
794879,0
794880,0
794881,22
794882,0
794883,0
794884,0
794885,0
794886,0
794887,0
794888,12
794889,0
794890,0
794891,0
794892,0
794893,0
794894,12
794895,0
794896,0
794897,0
794898,0
794899,0
794900,0
794901,0
794902,0
794903,0
794904,0
794905,0
794906,0
794907,0
794908,0
794909,0
794910,0
794911,0
794912,0
794913,0
794914,0
794915,0
794916,0
794917,0
794918,0
794919,0
794920,0
794921,0
794922,0
794923,0
794924,9
794925,0
794926,0
794927,0
794928,6
794929,0
794930,0
794931,0
794932,0
794933,0
794934,0
794935,0
794936,0
794937,0
794938,0
794939,0
794940,0
794941,0
794942,0
794943,0
794944,0
794945,0
794946,3
794947,0
794948,6
794949,0
794950,6
794951,0
794952,0
794953,9
794954,0
794955,0
794956,0
794957,0
794958,0
794959,0
794960,0
794961,0
794962,0
794963,0
794964,0
794965,0
794966,0
794967,0
794968,0
794969,0
794970,0
794971,5
794972,1
794973,0
794974,5
794975,0
794976,0
794977,0
794978,0
794979,0
794980,8
794981,0
794982,0
794983,0
794984,0
794985,0
794986,5
794987,0
794988,0
794989,0
794990,0
794991,0
794992,0
794993,0
794994,5
794995,4
794996,0
794997,0
794998,0
794999,0
795000,0
795001,0
795002,0
795003,0
795004,0
795005,2
795006,0
795007,0
795008,0
795009,0
795010,9
795011,0
795012,0
795013,0
795014,0
795015,7
795016,0
795017,0
795018,0
795019,0
795020,0
795021,4
795022,0
795023,0
795024,8
795025,0
795026,0
795027,0
795028,0
795029,0
795030,0
795031,0
795032,0
795033,0
795034,0
795035,0
795036,0
795037,0
795038,0
795039,0
795040,0
795041,0
795042,0
795043,0
795044,0
795045,0
795046,0
795047,0
795048,0
795049,0
795050,0
795051,0
795052,0
795053,0
795054,0
795055,0
795056,0
795057,0
795058,0
795059,0
795060,0
795061,0
795062,0
795063,0
795064,0
795065,0
795066,0
795067,0
795068,0
795069,0
795070,0
795071,0
795072,0
795073,0
795074,0
795075,0
795076,0
795077,0
795078,0
795079,0
795080,0
795081,0
795082,0
795083,0
795084,0
795085,0
795086,0
795087,0
795088,0
795089,0
795090,0
795091,0
795092,0
795093,0
795094,0
795095,0
795096,0
795097,0
795098,0
795099,0
795100,0
795101,0
795102,1
795103,0
795104,0
795105,0
795106,0
795107,0
795108,0
795109,0
795110,0
795111,0
795112,0
795113,0
795114,0
795115,0
795116,0
795117,0
795118,0
795119,0
795120,0
795121,0
795122,0
795123,0
795124,0
795125,0
795126,0
795127,0
795128,0
795129,0
795130,0
795131,0
795132,0
795133,0
795134,0
795135,0
795136,0
795137,0
795138,0
795139,0
795140,0
795141,0
795142,0
795143,0
795144,0
795145,0
795146,0
795147,0
795148,0
795149,0
795150,0
795151,0
795152,0
795153,0
795154,0
795155,0
795156,0
795157,0
795158,0
795159,0
795160,0
795161,0
795162,0
795163,0
795164,0
795165,0
795166,0
795167,0
795168,0
795169,0
795170,0
795171,0
795172,0
795173,0
795174,0
795175,0
795176,0
795177,0
795178,0
795179,0
795180,0
795181,0
795182,0
795183,0
795184,0
795185,0
795186,0
795187,0
795188,0
795189,0
795190,0
795191,0
795192,0
795193,0
795194,0
795195,0
795196,0
795197,0
795198,0
795199,0
795200,0
795201,0
795202,0
795203,0
795204,0
795205,0
795206,0
795207,0
795208,0
795209,0
795210,0
795211,0
795212,0
795213,0
795214,0
795215,0
795216,0
795217,0
795218,0
795219,0
795220,0
795221,0
795222,0
795223,0
795224,0
795225,0
795226,0
795227,0
795228,0
795229,0
795230,0
795231,0
795232,0
795233,0
795234,0
795235,0
795236,0
795237,0
795238,0
795239,0
795240,0
795241,0
795242,0
795243,0
795244,0
795245,0
795246,0
795247,0
795248,0
795249,0
795250,0
795251,0
795252,0
795253,0
795254,0
795255,0
795256,0
795257,0
795258,0
795259,0
795260,0
795261,0
795262,0
795263,0
795264,0
795265,0
795266,0
795267,0
795268,0
795269,0
795270,0
795271,0
795272,0
795273,0
795274,0
795275,0
795276,0
795277,0
795278,1
795279,0
795280,0
795281,0
795282,0
795283,0
795284,0
795285,0
795286,0
795287,0
795288,0
795289,0
795290,0
795291,0
795292,0
795293,0
795294,0
795295,0
795296,0
795297,0
795298,0
795299,0
795300,0
795301,0
795302,0
795303,0
795304,0
795305,0
795306,0
795307,0
795308,0
795309,0
795310,0
795311,0
795312,0
795313,0
795314,0
795315,0
795316,0
795317,0
795318,0
795319,0
795320,0
795321,0
795322,0
795323,1
795324,0
795325,0
795326,0
795327,0
795328,0
795329,0
795330,0
795331,0
795332,0
795333,0
795334,0
795335,0
795336,0
795337,0
795338,0
795339,0
795340,0
795341,0
795342,0
795343,0
795344,0
795345,0
795346,0
795347,0
795348,0
795349,0
795350,0
795351,0
795352,0
795353,0
795354,0
795355,0
795356,0
795357,0
795358,0
795359,0
795360,0
795361,0
795362,0
795363,0
795364,0
795365,0
795366,0
795367,0
795368,0
795369,0
795370,0
795371,40
795372,0
795373,50
795374,38
795375,0
795376,31
795377,33
795378,44
795379,38
795380,0
795381,0
795382,0
795383,0
795384,0
795385,0
795386,29
795387,37
795388,0
795389,0
795390,0
795391,0
795392,0
795393,0
795394,0
795395,0
795396,0
795397,0
795398,46
795399,0
795400,0
795401,0
795402,0
795403,0
795404,36
795405,32
795406,0
795407,0
795408,0
795409,0
795410,0
795411,26
795412,0
795413,25
795414,0
795415,0
795416,0
795417,0
795418,0
795419,0
795420,66
795421,33
795422,0
795423,0
795424,0
795425,0
795426,0
795427,0
795428,0
795429,0
795430,0
795431,0
795432,30
795433,43
795434,0
795435,0
795436,0
795437,33
795438,0
795439,0
795440,0
795441,0
795442,0
795443,0
795444,54
795445,0
795446,0
795447,0
795448,0
795449,44
795450,0
795451,49
795452,0
795453,0
795454,0
795455,32
795456,0
795457,0
795458,0
795459,0
795460,0
795461,0
795462,0
795463,0
795464,0
795465,33
795466,0
795467,0
795468,0
795469,0
795470,0
795471,36
795472,0
795473,0
795474,0
795475,0
795476,0
795477,50
795478,41
795479,0
795480,0
795481,39
795482,0
795483,0
795484,0
795485,0
795486,0
795487,0
795488,32
795489,0
795490,0
795491,0
795492,0
795493,0
795494,0
795495,0
795496,0
795497,39
795498,47
795499,34
795500,0
795501,0
795502,0
795503,26
795504,0
795505,0
795506,0
795507,26
795508,51
795509,0
795510,38
795511,0
795512,0
795513,0
795514,0
795515,0
795516,0
795517,0
795518,0
795519,0
795520,0
795521,29
795522,0
795523,30
795524,34
795525,41
795526,0
795527,0
795528,0
795529,0
795530,0
795531,0
795532,0
795533,0
795534,0
795535,0
795536,0
795537,0
795538,37
795539,46
795540,0
795541,0
795542,0
795543,0
795544,23
795545,45
795546,0
795547,0
795548,0
795549,0
795550,0
795551,0
795552,42
795553,0
795554,0
795555,44
795556,0
795557,0
795558,0
795559,0
795560,0
795561,51
795562,0
795563,24
795564,0
795565,0
795566,0
795567,24
795568,32
795569,0
795570,0
795571,0
795572,0
795573,0
795574,0
795575,0
795576,0
795577,0
795578,0
795579,0
795580,34
795581,47
795582,0
795583,0
795584,0
795585,0
795586,0
795587,0
795588,0
795589,0
795590,0
795591,0
795592,0
795593,0
795594,0
795595,43
795596,0
795597,0
795598,0
795599,0
795600,45
795601,0
795602,29
795603,0
795604,0
795605,0
795606,0
795607,45
795608,0
795609,29
795610,0
795611,0
795612,46
795613,0
795614,32
795615,0
795616,0
795617,0
795618,0
795619,0
795620,0
795621,0
795622,0
795623,0
795624,34
795625,0
795626,0
795627,0
795628,0
795629,0
795630,30
795631,33
795632,0
795633,0
795634,0
795635,0
795636,0
795637,22
795638,0
795639,0
795640,0
795641,33
795642,0
795643,0
795644,0
795645,43
795646,0
795647,0
795648,0
795649,0
795650,0
795651,0
795652,0
795653,0
795654,44
795655,0
795656,0
795657,0
795658,0
795659,33
795660,0
795661,0
795662,0
795663,0
795664,25
795665,34
795666,0
795667,0
795668,0
795669,0
795670,0
795671,0
795672,0
795673,0
795674,0
795675,0
795676,0
795677,0
795678,0
795679,0
795680,0
795681,45
795682,36
795683,24
795684,30
795685,36
795686,0
795687,0
795688,0
795689,0
795690,0
795691,0
795692,0
795693,0
795694,0
795695,0
795696,0
795697,0
795698,0
795699,31
795700,41
795701,46
795702,0
795703,35
795704,0
795705,44
795706,0
795707,0
795708,0
795709,0
795710,30
795711,0
795712,36
795713,0
795714,0
795715,0
795716,31
795717,0
795718,0
795719,0
795720,0
795721,0
795722,53
795723,0
795724,0
795725,0
795726,0
795727,0
795728,0
795729,0
795730,0
795731,26
795732,0
795733,0
795734,0
795735,0
795736,0
795737,43
795738,0
795739,0
795740,0
795741,0
795742,0
795743,0
795744,0
795745,0
795746,51
795747,30
795748,0
795749,46
795750,0
795751,41
795752,0
795753,47
795754,36
795755,0
795756,24
795757,35
795758,0
795759,0
795760,0
795761,0
795762,0
795763,0
795764,0
795765,0
795766,0
795767,33
795768,48
795769,0
795770,0
795771,0
795772,0
795773,0
795774,23
795775,0
795776,0
795777,0
795778,0
795779,0
795780,0
795781,0
795782,52
795783,48
795784,0
795785,0
795786,0
795787,37
795788,0
795789,0
795790,0
795791,0
795792,40
795793,43
795794,45
795795,0
795796,0
795797,0
795798,0
795799,0
795800,0
795801,0
795802,53
795803,52
795804,0
795805,0
795806,36
795807,0
795808,0
795809,0
795810,0
795811,0
795812,34
795813,0
795814,0
795815,38
795816,22
795817,0
795818,0
795819,0
795820,0
795821,0
795822,45
795823,0
795824,34
795825,0
795826,0
795827,0
795828,0
795829,0
795830,0
795831,0
795832,0
795833,0
795834,0
795835,0
795836,0
795837,0
795838,0
795839,0
795840,48
795841,0
795842,33
795843,51
795844,0
795845,38
795846,0
795847,35
795848,22
795849,25
795850,0
795851,0
795852,0
795853,0
795854,0
795855,0
795856,0
795857,0
795858,36
795859,0
795860,0
795861,0
795862,0
795863,0
795864,0
795865,0
795866,43
795867,0
795868,0
795869,0
795870,0
795871,0
795872,0
795873,35
795874,0
795875,0
795876,0
795877,0
795878,0
795879,0
795880,44
795881,0
795882,0
795883,0
795884,0
795885,44
795886,0
795887,0
795888,0
795889,0
795890,0
795891,0
795892,0
795893,0
795894,0
795895,0
795896,46
795897,0
795898,0
795899,0
795900,0
795901,26
795902,0
795903,0
795904,0
795905,0
795906,0
795907,0
795908,34
795909,0
795910,28
795911,0
795912,0
795913,0
795914,0
795915,0
795916,40
795917,0
795918,0
795919,0
795920,0
795921,0
795922,0
795923,0
795924,40
795925,35
795926,0
795927,0
795928,0
795929,0
795930,0
795931,31
795932,0
795933,0
795934,34
795935,0
795936,0
795937,0
795938,0
795939,0
795940,56
795941,0
795942,0
795943,0
795944,0
795945,0
795946,0
795947,35
795948,32
795949,0
795950,0
795951,0
795952,0
795953,0
795954,48
795955,0
795956,0
795957,52
795958,0
795959,15
795960,0
795961,0
795962,0
795963,0
795964,0
795965,0
795966,0
795967,8
795968,0
795969,0
795970,0
795971,0
795972,0
795973,0
795974,0
795975,10
795976,0
795977,0
795978,0
795979,0
795980,16
795981,0
795982,20
795983,0
795984,8
795985,0
795986,0
795987,21
795988,23
795989,2
795990,0
795991,0
795992,0
795993,13
795994,9
795995,0
795996,0
795997,15
795998,0
795999,0
796000,0
796001,0
796002,18
796003,0
796004,21
796005,0
796006,0
796007,7
796008,0
796009,0
796010,0
796011,0
796012,0
796013,17
796014,16
796015,0
796016,9
796017,0
796018,0
796019,0
796020,10
796021,10
796022,14
796023,0
796024,0
796025,0
796026,0
796027,0
796028,0
796029,0
796030,0
796031,0
796032,0
796033,0
796034,0
796035,0
796036,0
796037,11
796038,0
796039,0
796040,7
796041,0
796042,0
796043,7
796044,0
796045,0
796046,0
796047,0
796048,0
796049,0
796050,0
796051,0
796052,26
796053,10
796054,0
796055,0
796056,7
796057,0
796058,0
796059,0
796060,11
796061,0
796062,18
796063,0
796064,21
796065,0
796066,0
796067,0
796068,6
796069,0
796070,0
796071,10
796072,9
796073,0
796074,0
796075,0
796076,0
796077,0
796078,17
796079,0
796080,0
796081,0
796082,8
796083,14
796084,0
796085,0
796086,0
796087,13
796088,0
796089,0
796090,0
796091,0
796092,0
796093,0
796094,0
796095,0
796096,0
796097,13
796098,22
796099,12
796100,10
796101,7
796102,0
796103,7
796104,0
796105,0
796106,0
796107,0
796108,0
796109,0
796110,0
796111,0
796112,0
796113,0
796114,0
796115,0
796116,0
796117,0
796118,11
796119,0
796120,0
796121,24
796122,0
796123,0
796124,0
796125,0
796126,0
796127,0
796128,0
796129,0
796130,0
796131,0
796132,0
796133,0
796134,0
796135,13
796136,8
796137,0
796138,8
796139,0
796140,18
796141,0
796142,11
796143,0
796144,9
796145,0
796146,0
796147,0
796148,0
796149,0
796150,19
796151,0
796152,0
796153,0
796154,0
796155,0
796156,0
796157,0
796158,0
796159,0
796160,0
796161,0
796162,10
796163,12
796164,0
796165,0
796166,9
796167,10
796168,0
796169,7
796170,5
796171,0
796172,23
796173,0
796174,11
796175,6
796176,0
796177,0
796178,17
796179,0
796180,0
796181,14
796182,18
796183,0
796184,0
796185,0
796186,5
796187,0
796188,0
796189,0
796190,0
796191,16
796192,16
796193,0
796194,0
796195,9
796196,10
796197,0
796198,0
796199,15
796200,0
796201,0
796202,0
796203,0
796204,7
796205,0
796206,17
796207,0
796208,28
796209,15
796210,0
796211,0
796212,8
796213,0
796214,0
796215,0
796216,0
796217,0
796218,0
796219,0
796220,0
796221,0
796222,11
796223,7
796224,0
796225,0
796226,0
796227,0
796228,0
796229,0
796230,0
796231,0
796232,0
796233,0
796234,15
796235,0
796236,0
796237,0
796238,0
796239,18
796240,0
796241,0
796242,0
796243,13
796244,0
796245,0
796246,0
796247,0
796248,0
796249,18
796250,0
796251,0
796252,13
796253,0
796254,0
796255,0
796256,10
796257,15
796258,0
796259,0
796260,13
796261,0
796262,0
796263,13
796264,6
796265,0
796266,0
796267,0
796268,0
796269,0
796270,6
796271,0
796272,0
796273,9
796274,14
796275,9
796276,0
796277,13
796278,0
796279,0
796280,0
796281,0
796282,0
796283,0
796284,0
796285,0
796286,0
796287,0
796288,0
796289,0
796290,0
796291,13
796292,0
796293,0
796294,0
796295,0
796296,0
796297,12
796298,0
796299,0
796300,0
796301,22
796302,0
796303,0
796304,0
796305,0
796306,0
796307,0
796308,17
796309,17
796310,0
796311,0
796312,0
796313,0
796314,0
796315,0
796316,26
796317,0
796318,16
796319,0
796320,10
796321,0
796322,18
796323,0
796324,0
796325,0
796326,9
796327,0
796328,0
796329,0
796330,0
796331,0
796332,0
796333,13
796334,0
796335,0
796336,0
796337,0
796338,0
796339,26
796340,13
796341,0
796342,0
796343,0
796344,0
796345,0
796346,0
796347,0
796348,0
796349,0
796350,0
796351,0
796352,0
796353,0
796354,15
796355,0
796356,0
796357,0
796358,0
796359,0
796360,0
796361,10
796362,0
796363,0
796364,0
796365,8
796366,20
796367,0
796368,0
796369,0
796370,15
796371,0
796372,0
796373,0
796374,0
796375,0
796376,0
796377,0
796378,0
796379,0
796380,0
796381,12
796382,0
796383,0
796384,0
796385,0
796386,14
796387,0
796388,0
796389,0
796390,0
796391,0
796392,0
796393,0
796394,0
796395,0
796396,7
796397,5
796398,6
796399,6
796400,0
796401,0
796402,0
796403,16
796404,0
796405,0
796406,0
796407,0
796408,0
796409,0
796410,12
796411,0
796412,11
796413,0
796414,0
796415,0
796416,0
796417,0
796418,0
796419,0
796420,0
796421,13
796422,19
796423,0
796424,0
796425,14
796426,0
796427,0
796428,0
796429,0
796430,0
796431,0
796432,0
796433,0
796434,0
796435,0
796436,0
796437,0
796438,0
796439,0
796440,14
796441,13
796442,18
796443,0
796444,8
796445,3
796446,22
796447,22
796448,8
796449,0
796450,12
796451,0
796452,0
796453,0
796454,14
796455,0
796456,13
796457,8
796458,0
796459,0
796460,0
796461,0
796462,17
796463,0
796464,0
796465,0
796466,0
796467,0
796468,16
796469,0
796470,0
796471,0
796472,22
796473,0
796474,15
796475,7
796476,0
796477,0
796478,0
796479,12
796480,0
796481,0
796482,0
796483,21
796484,4
796485,0
796486,22
796487,0
796488,6
796489,5
796490,0
796491,0
796492,0
796493,0
796494,0
796495,0
796496,0
796497,0
796498,11
796499,0
796500,0
796501,0
796502,0
796503,9
796504,0
796505,0
796506,0
796507,0
796508,0
796509,0
796510,0
796511,16
796512,7
796513,6
796514,19
796515,0
796516,0
796517,19
796518,0
796519,0
796520,0
796521,0
796522,0
796523,0
796524,18
796525,0
796526,14
796527,13
796528,0
796529,0
796530,10
796531,0
796532,20
796533,0
796534,0
796535,0
796536,0
796537,0
796538,0
796539,0
796540,0
796541,0
796542,15
796543,8
796544,0
796545,0
796546,0
796547,0
796548,0
796549,0
796550,8
796551,21
796552,0
796553,0
796554,0
796555,0
796556,14
796557,0
796558,20
796559,16
796560,12
796561,0
796562,9
796563,0
796564,0
796565,0
796566,0
796567,0
796568,0
796569,14
796570,9
796571,0
796572,0
796573,0
796574,11
796575,0
796576,18
796577,0
796578,0
796579,0
796580,0
796581,0
796582,13
796583,0
796584,19
796585,0
796586,0
796587,0
796588,0
796589,0
796590,0
796591,0
796592,0
796593,0
796594,0
796595,3
796596,22
796597,0
796598,0
796599,0
796600,10
796601,0
796602,23
796603,14
796604,17
796605,0
796606,13
796607,0
796608,0
796609,0
796610,10
796611,0
796612,0
796613,16
796614,14
796615,0
796616,0
796617,0
796618,0
796619,0
796620,6
796621,0
796622,17
796623,0
796624,0
796625,0
796626,0
796627,0
796628,0
796629,0
796630,0
796631,12
796632,0
796633,0
796634,0
796635,9
796636,13
796637,0
796638,0
796639,0
796640,0
796641,0
796642,0
796643,0
796644,0
796645,10
796646,0
796647,0
796648,0
796649,0
796650,0
796651,0
796652,0
796653,7
796654,0
796655,0
796656,9
796657,0
796658,8
796659,0
796660,0
796661,0
796662,0
796663,0
796664,0
796665,0
796666,5
796667,0
796668,0
796669,0
796670,0
796671,0
796672,0
796673,0
796674,0
796675,0
796676,0
796677,0
796678,15
796679,9
796680,0
796681,0
796682,0
796683,0
796684,0
796685,0
796686,0
796687,0
796688,7
796689,0
796690,0
796691,0
796692,0
796693,0
796694,34
796695,0
796696,0
796697,0
796698,0
796699,19
796700,0
796701,0
796702,0
796703,15
796704,0
796705,10
796706,13
796707,0
796708,0
796709,0
796710,15
796711,0
796712,0
796713,0
796714,16
796715,12
796716,0
796717,12
796718,0
796719,12
796720,16
796721,0
796722,13
796723,21
796724,0
796725,0
796726,0
796727,0
796728,0
796729,0
796730,0
796731,7
796732,0
796733,0
796734,0
796735,0
796736,11
796737,0
796738,0
796739,23
796740,0
796741,0
796742,0
796743,0
796744,0
796745,0
796746,12
796747,0
796748,0
796749,18
796750,0
796751,0
796752,0
796753,0
796754,0
796755,0
796756,0
796757,15
796758,5
796759,0
796760,0
796761,24
796762,0
796763,15
796764,0
796765,7
796766,0
796767,11
796768,0
796769,0
796770,0
796771,0
796772,0
796773,0
796774,0
796775,0
796776,0
796777,0
796778,0
796779,0
796780,18
796781,0
796782,0
796783,0
796784,0
796785,0
796786,0
796787,12
796788,0
796789,0
796790,18
796791,0
796792,0
796793,0
796794,0
796795,0
796796,0
796797,0
796798,16
796799,0
796800,16
796801,0
796802,0
796803,0
796804,8
796805,0
796806,0
796807,0
796808,0
796809,0
796810,0
796811,9
796812,0
796813,0
796814,0
796815,0
796816,0
796817,0
796818,10
796819,0
796820,0
796821,4
796822,0
796823,0
796824,10
796825,15
796826,14
796827,0
796828,0
796829,0
796830,10
796831,0
796832,8
796833,0
796834,0
796835,0
796836,0
796837,0
796838,0
796839,0
796840,0
796841,0
796842,0
796843,0
796844,0
796845,0
796846,0
796847,0
796848,0
796849,0
796850,0
796851,0
796852,0
796853,0
796854,0
796855,0
796856,0
796857,0
796858,0
796859,0
796860,0
796861,0
796862,0
796863,0
796864,0
796865,0
796866,0
796867,0
796868,43
796869,44
796870,0
796871,0
796872,0
796873,38
796874,0
796875,31
796876,59
796877,0
796878,0
796879,0
796880,0
796881,0
796882,44
796883,0
796884,0
796885,46
796886,0
796887,0
796888,53
796889,0
796890,0
796891,0
796892,0
796893,0
796894,0
796895,0
796896,0
796897,0
796898,0
796899,0
796900,0
796901,0
796902,0
796903,0
796904,0
796905,0
796906,0
796907,0
796908,0
796909,0
796910,0
796911,0
796912,28
796913,0
796914,0
796915,0
796916,0
796917,0
796918,0
796919,0
796920,0
796921,0
796922,0
796923,0
796924,0
796925,0
796926,0
796927,0
796928,0
796929,0
796930,0
796931,0
796932,46
796933,0
796934,20
796935,0
796936,0
796937,0
796938,0
796939,0
796940,0
796941,0
796942,0
796943,0
796944,0
796945,0
796946,0
796947,0
796948,0
796949,0
796950,70
796951,0
796952,0
796953,0
796954,0
796955,0
796956,0
796957,0
796958,0
796959,0
796960,0
796961,0
796962,0
796963,0
796964,0
796965,0
796966,0
796967,0
796968,0
796969,0
796970,0
796971,0
796972,0
796973,0
796974,0
796975,0
796976,0
796977,0
796978,0
796979,0
796980,0
796981,0
796982,0
796983,0
796984,0
796985,0
796986,0
796987,0
796988,0
796989,0
796990,0
796991,0
796992,0
796993,0
796994,0
796995,0
796996,0
796997,0
796998,0
796999,0
797000,0
797001,0
797002,0
797003,0
797004,0
797005,0
797006,0
797007,0
797008,0
797009,0
797010,0
797011,0
797012,0
797013,0
797014,0
797015,0
797016,0
797017,0
797018,0
797019,0
797020,0
797021,0
797022,0
797023,29
797024,32
797025,0
797026,0
797027,0
797028,0
797029,0
797030,0
797031,0
797032,0
797033,45
797034,0
797035,0
797036,0
797037,0
797038,0
797039,0
797040,0
797041,0
797042,32
797043,0
797044,0
797045,0
797046,0
797047,0
797048,0
797049,0
797050,0
797051,0
797052,0
797053,0
797054,0
797055,0
797056,0
797057,0
797058,0
797059,0
797060,0
797061,0
797062,0
797063,0
797064,0
797065,0
797066,0
797067,0
797068,0
797069,0
797070,0
797071,0
797072,0
797073,0
797074,0
797075,0
797076,0
797077,0
797078,0
797079,0
797080,0
797081,21
797082,0
797083,0
797084,27
797085,0
797086,0
797087,0
797088,31
797089,0
797090,0
797091,0
797092,0
797093,0
797094,0
797095,0
797096,0
797097,0
797098,0
797099,0
797100,0
797101,0
797102,0
797103,0
797104,0
797105,23
797106,27
797107,23
797108,0
797109,0
797110,0
797111,35
797112,0
797113,26
797114,29
797115,0
797116,27
797117,0
797118,0
797119,0
797120,0
797121,0
797122,34
797123,27
797124,0
797125,0
797126,0
797127,0
797128,0
797129,36
797130,0
797131,0
797132,0
797133,0
797134,0
797135,0
797136,20
797137,0
797138,0
797139,0
797140,43
797141,0
797142,0
797143,33
797144,37
797145,0
797146,0
797147,0
797148,0
797149,0
797150,0
797151,0
797152,0
797153,0
797154,0
797155,0
797156,19
797157,0
797158,29
797159,0
797160,19
797161,0
797162,22
797163,0
797164,0
797165,0
797166,0
797167,0
797168,0
797169,0
797170,0
797171,0
797172,0
797173,21
797174,0
797175,0
797176,0
797177,0
797178,0
797179,0
797180,0
797181,0
797182,0
797183,0
797184,0
797185,0
797186,0
797187,26
797188,0
797189,0
797190,0
797191,0
797192,0
797193,0
797194,0
797195,0
797196,0
797197,0
797198,21
797199,0
797200,0
797201,0
797202,0
797203,0
797204,0
797205,31
797206,0
797207,0
797208,0
797209,0
797210,0
797211,0
797212,0
797213,0
797214,17
797215,34
797216,0
797217,0
797218,0
797219,30
797220,0
797221,0
797222,0
797223,0
797224,0
797225,0
797226,34
797227,0
797228,24
797229,0
797230,0
797231,0
797232,0
797233,0
797234,39
797235,0
797236,17
797237,0
797238,0
797239,27
797240,0
797241,32
797242,0
797243,0
797244,0
797245,27
797246,0
797247,0
797248,0
797249,17
797250,0
797251,20
797252,0
797253,0
797254,0
797255,0
797256,0
797257,0
797258,0
797259,39
797260,0
797261,0
797262,23
797263,18
797264,29
797265,18
797266,0
797267,0
797268,0
797269,0
797270,0
797271,0
797272,0
797273,0
797274,0
797275,0
797276,0
797277,27
797278,20
797279,22
797280,0
797281,0
797282,0
797283,0
797284,37
797285,0
797286,0
797287,0
797288,25
797289,40
797290,33
797291,0
797292,15
797293,0
797294,0
797295,0
797296,0
797297,0
797298,0
797299,0
797300,0
797301,0
797302,0
797303,0
797304,0
797305,0
797306,0
797307,18
797308,0
797309,0
797310,0
797311,22
797312,0
797313,0
797314,27
797315,19
797316,0
797317,0
797318,0
797319,0
797320,28
797321,0
797322,0
797323,0
797324,0
797325,0
797326,0
797327,0
797328,0
797329,0
797330,0
797331,0
797332,0
797333,0
797334,0
797335,0
797336,0
797337,0
797338,0
797339,0
797340,0
797341,0
797342,0
797343,0
797344,0
797345,0
797346,0
797347,0
797348,0
797349,38
797350,0
797351,19
797352,0
797353,0
797354,0
797355,0
797356,0
797357,0
797358,18
797359,0
797360,30
797361,25
797362,19
797363,0
797364,0
797365,0
797366,0
797367,0
797368,33
797369,0
797370,0
797371,0
797372,0
797373,0
797374,0
797375,0
797376,0
797377,0
797378,0
797379,37
797380,0
797381,25
797382,20
797383,0
797384,0
797385,0
797386,0
797387,0
797388,0
797389,0
797390,0
797391,0
797392,0
797393,0
797394,0
797395,27
797396,0
797397,0
797398,0
797399,0
797400,24
797401,0
797402,0
797403,0
797404,0
797405,0
797406,26
797407,0
797408,0
797409,0
797410,0
797411,21
797412,0
797413,0
797414,0
797415,0
797416,0
797417,31
797418,27
797419,0
797420,0
797421,0
797422,0
797423,0
797424,0
797425,0
797426,0
797427,0
797428,0
797429,0
797430,0
797431,0
797432,0
797433,0
797434,0
797435,0
797436,0
797437,0
797438,0
797439,0
797440,0
797441,24
797442,0
797443,0
797444,0
797445,0
797446,0
797447,0
797448,0
797449,35
797450,0
797451,0
797452,0
797453,0
797454,0
797455,0
797456,0
797457,0
797458,0
797459,0
797460,19
797461,0
797462,27
797463,0
797464,0
797465,0
797466,34
797467,0
797468,17
797469,0
797470,29
797471,0
797472,0
797473,14
797474,0
797475,0
797476,0
797477,0
797478,0
797479,0
797480,0
797481,0
797482,0
797483,0
797484,0
797485,0
797486,0
797487,0
797488,20
797489,0
797490,0
797491,0
797492,0
797493,0
797494,31
797495,0
797496,0
797497,21
797498,0
797499,0
797500,0
797501,26
797502,0
797503,0
797504,0
797505,14
797506,0
797507,0
797508,18
797509,0
797510,0
797511,0
797512,0
797513,0
797514,0
797515,0
797516,0
797517,0
797518,0
797519,0
797520,0
797521,0
797522,0
797523,0
797524,19
797525,0
797526,0
797527,0
797528,25
797529,0
797530,0
797531,31
797532,0
797533,0
797534,0
797535,0
797536,0
797537,37
797538,0
797539,0
797540,0
797541,32
797542,36
797543,0
797544,0
797545,0
797546,0
797547,27
797548,20
797549,0
797550,0
797551,0
797552,0
797553,0
797554,0
797555,0
797556,0
797557,0
797558,0
797559,0
797560,22
797561,0
797562,0
797563,0
797564,0
797565,23
797566,0
797567,0
797568,0
797569,0
797570,0
797571,9
797572,0
797573,33
797574,0
797575,26
797576,0
797577,19
797578,0
797579,0
797580,0
797581,0
797582,0
797583,0
797584,0
797585,0
797586,18
797587,0
797588,0
797589,24
797590,0
797591,0
797592,0
797593,0
797594,0
797595,31
797596,0
797597,44
797598,0
797599,0
797600,0
797601,0
797602,0
797603,0
797604,0
797605,0
797606,0
797607,0
797608,0
797609,14
797610,0
797611,0
797612,16
797613,0
797614,0
797615,0
797616,22
797617,33
797618,19
797619,0
797620,0
797621,0
797622,0
797623,0
797624,0
797625,0
797626,0
797627,0
797628,0
797629,0
797630,0
797631,0
797632,0
797633,26
797634,0
797635,0
797636,39
797637,0
797638,27
797639,0
797640,0
797641,0
797642,25
797643,0
797644,0
797645,0
797646,0
797647,0
797648,24
797649,0
797650,19
797651,0
797652,0
797653,0
797654,0
797655,0
797656,23
797657,0
797658,0
797659,25
797660,0
797661,0
797662,0
797663,0
797664,21
797665,0
797666,0
797667,0
797668,0
797669,0
797670,21
797671,40
797672,0
797673,0
797674,26
797675,26
797676,0
797677,18
797678,0
797679,0
797680,24
797681,18
797682,0
797683,21
797684,0
797685,0
797686,0
797687,0
797688,0
797689,15
797690,0
797691,0
797692,0
797693,18
797694,0
797695,21
797696,0
797697,0
797698,0
797699,0
797700,0
797701,0
797702,31
797703,0
797704,0
797705,0
797706,20
797707,0
797708,0
797709,0
797710,0
797711,0
797712,0
797713,31
797714,0
797715,0
797716,0
797717,0
797718,29
797719,0
797720,0
797721,0
797722,0
797723,0
797724,0
797725,0
797726,0
797727,0
797728,0
797729,0
797730,0
797731,0
797732,0
797733,17
797734,20
797735,0
797736,0
797737,0
797738,0
797739,0
797740,0
797741,0
797742,0
797743,0
797744,0
797745,0
797746,0
797747,0
797748,21
797749,0
797750,0
797751,32
797752,0
797753,30
797754,25
797755,0
797756,0
797757,24
797758,0
797759,0
797760,35
797761,0
797762,30
797763,0
797764,0
797765,0
797766,33
797767,0
797768,0
797769,0
797770,25
797771,0
797772,0
797773,0
797774,0
797775,0
797776,0
797777,0
797778,10
797779,0
797780,28
797781,0
797782,0
797783,0
797784,0
797785,0
797786,0
797787,0
797788,0
797789,3
797790,3
797791,0
797792,1
797793,0
797794,0
797795,3
797796,0
797797,0
797798,0
797799,0
797800,0
797801,0
797802,0
797803,0
797804,1
797805,0
797806,0
797807,0
797808,0
797809,0
797810,0
797811,0
797812,0
797813,0
797814,0
797815,0
797816,0
797817,0
797818,0
797819,0
797820,0
797821,1
797822,0
797823,0
797824,0
797825,0
797826,0
797827,0
797828,1
797829,0
797830,1
797831,0
797832,0
797833,0
797834,0
797835,1
797836,0
797837,0
797838,0
797839,1
797840,2
797841,0
797842,0
797843,0
797844,0
797845,1
797846,0
797847,0
797848,0
797849,1
797850,0
797851,0
797852,0
797853,1
797854,0
797855,0
797856,1
797857,0
797858,0
797859,0
797860,1
797861,0
797862,0
797863,1
797864,0
797865,0
797866,0
797867,0
797868,0
797869,0
797870,0
797871,0
797872,0
797873,0
797874,3
797875,0
797876,0
797877,0
797878,0
797879,0
797880,0
797881,0
797882,0
797883,0
797884,0
797885,2
797886,0
797887,0
797888,2
797889,0
797890,0
797891,1
797892,0
797893,0
797894,0
797895,0
797896,0
797897,0
797898,0
797899,0
797900,0
797901,0
797902,1
797903,2
797904,0
797905,0
797906,0
797907,0
797908,0
797909,0
797910,2
797911,0
797912,0
797913,0
797914,0
797915,0
797916,0
797917,0
797918,0
797919,0
797920,0
797921,0
797922,0
797923,0
797924,0
797925,0
797926,0
797927,0
797928,0
797929,1
797930,0
797931,0
797932,1
797933,0
797934,0
797935,0
797936,0
797937,0
797938,0
797939,0
797940,1
797941,0
797942,0
797943,0
797944,0
797945,0
797946,0
797947,0
797948,0
797949,0
797950,3
797951,0
797952,0
797953,0
797954,0
797955,0
797956,0
797957,0
797958,0
797959,0
797960,0
797961,0
797962,0
797963,0
797964,0
797965,0
797966,0
797967,0
797968,0
797969,0
797970,0
797971,0
797972,0
797973,0
797974,0
797975,0
797976,0
797977,0
797978,1
797979,0
797980,0
797981,0
797982,0
797983,0
797984,0
797985,0
797986,2
797987,0
797988,0
797989,0
797990,0
797991,0
797992,0
797993,0
797994,0
797995,0
797996,0
797997,0
797998,0
797999,0
798000,0
798001,0
798002,0
798003,0
798004,0
798005,2
798006,0
798007,0
798008,0
798009,0
798010,0
798011,0
798012,0
798013,0
798014,0
798015,0
798016,0
798017,0
798018,0
798019,0
798020,0
798021,0
798022,0
798023,1
798024,0
798025,0
798026,0
798027,2
798028,0
798029,0
798030,1
798031,0
798032,0
798033,0
798034,0
798035,0
798036,0
798037,0
798038,2
798039,0
798040,1
798041,0
798042,0
798043,0
798044,0
798045,0
798046,0
798047,0
798048,0
798049,0
798050,1
798051,0
798052,0
798053,0
798054,0
798055,0
798056,0
798057,0
798058,0
798059,0
798060,2
798061,0
798062,0
798063,0
798064,0
798065,0
798066,0
798067,0
798068,0
798069,0
798070,0
798071,0
798072,0
798073,2
798074,0
798075,1
798076,0
798077,2
798078,0
798079,0
798080,0
798081,0
798082,0
798083,0
798084,0
798085,0
798086,1
798087,0
798088,0
798089,0
798090,0
798091,0
798092,0
798093,1
798094,1
798095,0
798096,0
798097,0
798098,0
798099,0
798100,0
798101,0
798102,1
798103,0
798104,0
798105,0
798106,0
798107,0
798108,0
798109,0
798110,0
798111,0
798112,0
798113,0
798114,0
798115,0
798116,0
798117,0
798118,0
798119,0
798120,0
798121,1
798122,0
798123,0
798124,0
798125,0
798126,0
798127,0
798128,0
798129,0
798130,0
798131,0
798132,0
798133,0
798134,2
798135,0
798136,0
798137,0
798138,0
798139,0
798140,0
798141,0
798142,0
798143,0
798144,0
798145,0
798146,0
798147,0
798148,0
798149,0
798150,0
798151,0
798152,0
798153,0
798154,4
798155,0
798156,0
798157,0
798158,0
798159,0
798160,0
798161,0
798162,0
798163,0
798164,0
798165,0
798166,0
798167,0
798168,0
798169,0
798170,0
798171,0
798172,0
798173,1
798174,0
798175,1
798176,0
798177,0
798178,0
798179,0
798180,0
798181,0
798182,0
798183,0
798184,0
798185,0
798186,0
798187,0
798188,0
798189,2
798190,0
798191,0
798192,0
798193,0
798194,0
798195,0
798196,0
798197,0
798198,0
798199,0
798200,0
798201,0
798202,0
798203,0
798204,0
798205,0
798206,1
798207,0
798208,0
798209,0
798210,2
798211,1
798212,0
798213,0
798214,2
798215,0
798216,0
798217,0
798218,0
798219,0
798220,0
798221,0
798222,0
798223,0
798224,0
798225,0
798226,2
798227,0
798228,0
798229,0
798230,0
798231,0
798232,0
798233,0
798234,0
798235,0
798236,0
798237,1
798238,0
798239,2
798240,0
798241,0
798242,0
798243,0
798244,0
798245,1
798246,0
798247,0
798248,0
798249,0
798250,0
798251,0
798252,0
798253,0
798254,0
798255,0
798256,0
798257,0
798258,1
798259,0
798260,0
798261,3
798262,0
798263,0
798264,0
798265,0
798266,0
798267,0
798268,0
798269,0
798270,0
798271,0
798272,0
798273,0
798274,0
798275,0
798276,0
798277,0
798278,0
798279,0
798280,0
798281,0
798282,0
798283,0
798284,0
798285,0
798286,0
798287,0
798288,0
798289,0
798290,0
798291,0
798292,0
798293,0
798294,0
798295,0
798296,0
798297,0
798298,0
798299,0
798300,0
798301,0
798302,0
798303,0
798304,0
798305,0
798306,0
798307,0
798308,0
798309,0
798310,0
798311,0
798312,0
798313,0
798314,0
798315,0
798316,1
798317,0
798318,0
798319,0
798320,0
798321,0
798322,0
798323,0
798324,0
798325,0
798326,0
798327,1
798328,0
798329,0
798330,0
798331,0
798332,1
798333,0
798334,0
798335,3
798336,0
798337,0
798338,0
798339,0
798340,1
798341,0
798342,0
798343,0
798344,0
798345,0
798346,0
798347,0
798348,0
798349,0
798350,0
798351,0
798352,0
798353,0
798354,0
798355,0
798356,0
798357,0
798358,0
798359,0
798360,0
798361,1
798362,0
798363,0
798364,0
798365,0
798366,0
798367,0
798368,0
798369,0
798370,0
798371,0
798372,0
798373,0
798374,0
798375,0
798376,0
798377,0
798378,0
798379,0
798380,0
798381,0
798382,0
798383,0
798384,0
798385,0
798386,0
798387,0
798388,0
798389,0
798390,0
798391,0
798392,0
798393,0
798394,0
798395,0
798396,0
798397,0
798398,0
798399,1
798400,0
798401,0
798402,1
798403,0
798404,0
798405,0
798406,0
798407,0
798408,0
798409,0
798410,0
798411,0
798412,0
798413,0
798414,0
798415,0
798416,1
798417,0
798418,2
798419,0
798420,0
798421,0
798422,0
798423,0
798424,0
798425,0
798426,0
798427,0
798428,0
798429,0
798430,0
798431,0
798432,0
798433,0
798434,0
798435,0
798436,0
798437,0
798438,0
798439,0
798440,0
798441,0
798442,0
798443,0
798444,0
798445,0
798446,0
798447,0
798448,0
798449,0
798450,0
798451,0
798452,0
798453,0
798454,0
798455,0
798456,0
798457,0
798458,7
798459,5
798460,5
798461,3
798462,5
798463,3
798464,5
798465,7
798466,0
798467,0
798468,0
798469,0
798470,0
798471,0
798472,0
798473,0
798474,1
798475,0
798476,2
798477,0
798478,0
798479,0
798480,0
798481,2
798482,0
798483,0
798484,0
798485,3
798486,0
798487,0
798488,0
798489,0
798490,1
798491,0
798492,4
798493,1
798494,4
798495,3
798496,0
798497,0
798498,0
798499,0
798500,0
798501,0
798502,1
798503,0
798504,7
798505,0
798506,0
798507,0
798508,1
798509,0
798510,2
798511,0
798512,0
798513,0
798514,0
798515,0
798516,1
798517,0
798518,0
798519,0
798520,0
798521,0
798522,9
798523,3
798524,0
798525,0
798526,2
798527,0
798528,0
798529,1
798530,0
798531,0
798532,0
798533,0
798534,0
798535,0
798536,0
798537,2
798538,0
798539,0
798540,1
798541,2
798542,0
798543,0
798544,0
798545,2
798546,3
798547,0
798548,0
798549,0
798550,0
798551,0
798552,0
798553,6
798554,0
798555,0
798556,0
798557,5
798558,0
798559,0
798560,0
798561,4
798562,0
798563,0
798564,0
798565,0
798566,0
798567,0
798568,0
798569,0
798570,0
798571,0
798572,0
798573,0
798574,0
798575,0
798576,0
798577,0
798578,0
798579,0
798580,0
798581,0
798582,0
798583,0
798584,0
798585,0
798586,0
798587,0
798588,0
798589,0
798590,0
798591,6
798592,0
798593,2
798594,2
798595,0
798596,2
798597,6
798598,0
798599,0
798600,0
798601,0
798602,0
798603,0
798604,0
798605,4
798606,0
798607,1
798608,0
798609,0
798610,0
798611,0
798612,0
798613,0
798614,3
798615,0
798616,0
798617,0
798618,0
798619,0
798620,6
798621,0
798622,0
798623,0
798624,0
798625,0
798626,3
798627,0
798628,0
798629,0
798630,0
798631,0
798632,0
798633,0
798634,0
798635,3
798636,3
798637,0
798638,0
798639,1
798640,2
798641,7
798642,2
798643,0
798644,0
798645,0
798646,5
798647,0
798648,0
798649,0
798650,0
798651,2
798652,0
798653,4
798654,0
798655,3
798656,0
798657,3
798658,0
798659,0
798660,3
798661,4
798662,5
798663,0
798664,3
798665,0
798666,0
798667,0
798668,0
798669,0
798670,0
798671,0
798672,0
798673,0
798674,0
798675,5
798676,0
798677,0
798678,0
798679,0
798680,0
798681,0
798682,3
798683,2
798684,0
798685,0
798686,3
798687,6
798688,0
798689,0
798690,0
798691,0
798692,3
798693,0
798694,0
798695,0
798696,0
798697,0
798698,0
798699,3
798700,0
798701,0
798702,0
798703,0
798704,0
798705,0
798706,0
798707,0
798708,0
798709,0
798710,0
798711,2
798712,3
798713,2
798714,3
798715,0
798716,3
798717,0
798718,0
798719,0
798720,0
798721,0
798722,3
798723,0
798724,3
798725,0
798726,0
798727,0
798728,1
798729,0
798730,0
798731,2
798732,0
798733,0
798734,0
798735,0
798736,0
798737,0
798738,0
798739,4
798740,0
798741,1
798742,0
798743,0
798744,3
798745,0
798746,1
798747,0
798748,2
798749,5
798750,0
798751,0
798752,4
798753,0
798754,2
798755,3
798756,3
798757,0
798758,0
798759,0
798760,0
798761,0
798762,0
798763,0
798764,2
798765,2
798766,0
798767,0
798768,0
798769,0
798770,2
798771,2
798772,0
798773,0
798774,3
798775,3
798776,0
798777,0
798778,0
798779,3
798780,1
798781,5
798782,0
798783,0
798784,0
798785,0
798786,0
798787,0
798788,0
798789,0
798790,0
798791,0
798792,0
798793,2
798794,0
798795,0
798796,0
798797,0
798798,0
798799,0
798800,3
798801,0
798802,0
798803,0
798804,0
798805,3
798806,0
798807,0
798808,0
798809,2
798810,8
798811,0
798812,0
798813,0
798814,0
798815,6
798816,2
798817,5
798818,3
798819,1
798820,0
798821,0
798822,4
798823,0
798824,0
798825,0
798826,0
798827,1
798828,4
798829,0
798830,0
798831,0
798832,1
798833,0
798834,0
798835,0
798836,2
798837,0
798838,4
798839,1
798840,0
798841,0
798842,3
798843,0
798844,0
798845,3
798846,0
798847,0
798848,0
798849,0
798850,0
798851,3
798852,5
798853,0
798854,0
798855,0
798856,0
798857,0
798858,0
798859,0
798860,0
798861,0
798862,4
798863,3
798864,6
798865,0
798866,0
798867,2
798868,0
798869,0
798870,3
798871,0
798872,0
798873,0
798874,0
798875,0
798876,0
798877,0
798878,0
798879,0
798880,0
798881,3
798882,0
798883,0
798884,0
798885,0
798886,1
798887,0
798888,0
798889,0
798890,8
798891,0
798892,0
798893,0
798894,2
798895,0
798896,0
798897,0
798898,0
798899,1
798900,0
798901,0
798902,0
798903,0
798904,0
798905,0
798906,0
798907,0
798908,0
798909,0
798910,3
798911,0
798912,2
798913,0
798914,0
798915,0
798916,0
798917,0
798918,0
798919,1
798920,4
798921,4
798922,0
798923,5
798924,0
798925,0
798926,0
798927,5
798928,0
798929,0
798930,0
798931,0
798932,0
798933,0
798934,3
798935,0
798936,0
798937,6
798938,2
798939,3
798940,0
798941,0
798942,0
798943,0
798944,3
798945,0
798946,0
798947,0
798948,0
798949,0
798950,0
798951,4
798952,0
798953,3
798954,0
798955,0
798956,0
798957,0
798958,0
798959,0
798960,0
798961,0
798962,0
798963,0
798964,0
798965,3
798966,4
798967,0
798968,0
798969,0
798970,0
798971,0
798972,4
798973,0
798974,3
798975,0
798976,0
798977,1
798978,0
798979,0
798980,0
798981,0
798982,0
798983,0
798984,0
798985,0
798986,0
798987,0
798988,0
798989,0
798990,0
798991,2
798992,4
798993,0
798994,2
798995,1
798996,3
798997,0
798998,2
798999,0
799000,0
799001,0
799002,0
799003,3
799004,6
799005,0
799006,0
799007,0
799008,0
799009,0
799010,0
799011,0
799012,0
799013,0
799014,2
799015,0
799016,0
799017,0
799018,0
799019,0
799020,0
799021,4
799022,0
799023,0
799024,3
799025,0
799026,0
799027,5
799028,0
799029,2
799030,0
799031,0
799032,6
799033,0
799034,3
799035,0
799036,0
799037,0
799038,0
799039,0
799040,7
799041,3
799042,0
799043,0
799044,0
799045,0
799046,0
799047,0
799048,2
799049,3
799050,0
799051,0
799052,0
799053,0
799054,0
799055,0
799056,0
799057,0
799058,0
799059,1
799060,0
799061,1
799062,0
799063,6
799064,0
799065,0
799066,3
799067,0
799068,0
799069,0
799070,0
799071,0
799072,0
799073,3
799074,0
799075,2
799076,4
799077,0
799078,0
799079,0
799080,6
799081,0
799082,0
799083,0
799084,0
799085,0
799086,5
799087,4
799088,0
799089,2
799090,5
799091,0
799092,0
799093,2
799094,0
799095,0
799096,0
799097,0
799098,0
799099,0
799100,0
799101,0
799102,0
799103,0
799104,0
799105,0
799106,0
799107,0
799108,0
799109,0
799110,0
799111,0
799112,0
799113,0
799114,0
799115,0
799116,1
799117,0
799118,0
799119,0
799120,0
799121,2
799122,0
799123,3
799124,0
799125,0
799126,0
799127,0
799128,0
799129,0
799130,0
799131,0
799132,0
799133,0
799134,1
799135,0
799136,0
799137,0
799138,0
799139,1
799140,0
799141,0
799142,0
799143,0
799144,0
799145,0
799146,0
799147,0
799148,0
799149,0
799150,3
799151,0
799152,0
799153,1
799154,0
799155,0
799156,0
799157,0
799158,1
799159,1
799160,0
799161,0
799162,0
799163,0
799164,0
799165,0
799166,2
799167,0
799168,0
799169,0
799170,0
799171,0
799172,0
799173,0
799174,0
799175,0
799176,0
799177,0
799178,0
799179,0
799180,1
799181,0
799182,0
799183,0
799184,0
799185,0
799186,0
799187,0
799188,0
799189,0
799190,0
799191,0
799192,0
799193,0
799194,2
799195,0
799196,0
799197,0
799198,0
799199,0
799200,3
799201,0
799202,0
799203,0
799204,0
799205,0
799206,0
799207,0
799208,0
799209,0
799210,3
799211,0
799212,0
799213,2
799214,0
799215,0
799216,0
799217,0
799218,0
799219,0
799220,0
799221,0
799222,0
799223,0
799224,0
799225,0
799226,0
799227,0
799228,0
799229,0
799230,0
799231,0
799232,0
799233,0
799234,0
799235,0
799236,0
799237,0
799238,0
799239,0
799240,0
799241,0
799242,0
799243,0
799244,0
799245,0
799246,0
799247,0
799248,0
799249,0
799250,0
799251,0
799252,0
799253,0
799254,2
799255,0
799256,0
799257,0
799258,0
799259,0
799260,1
799261,0
799262,0
799263,0
799264,0
799265,0
799266,2
799267,0
799268,0
799269,0
799270,0
799271,3
799272,0
799273,0
799274,0
799275,0
799276,0
799277,0
799278,1
799279,0
799280,0
799281,0
799282,0
799283,1
799284,0
799285,1
799286,0
799287,0
799288,0
799289,1
799290,0
799291,0
799292,0
799293,1
799294,0
799295,0
799296,0
799297,0
799298,0
799299,0
799300,0
799301,0
799302,0
799303,0
799304,0
799305,0
799306,0
799307,0
799308,1
799309,0
799310,0
799311,0
799312,0
799313,0
799314,0
799315,2
799316,0
799317,0
799318,0
799319,0
799320,0
799321,0
799322,0
799323,0
799324,0
799325,0
799326,0
799327,0
799328,0
799329,0
799330,0
799331,0
799332,0
799333,0
799334,0
799335,0
799336,0
799337,3
799338,0
799339,0
799340,0
799341,0
799342,0
799343,0
799344,0
799345,4
799346,0
799347,0
799348,0
799349,0
799350,0
799351,0
799352,0
799353,0
799354,0
799355,0
799356,0
799357,0
799358,0
799359,0
799360,0
799361,0
799362,0
799363,0
799364,0
799365,0
799366,0
799367,0
799368,2
799369,1
799370,0
799371,0
799372,0
799373,0
799374,0
799375,0
799376,1
799377,0
799378,0
799379,0
799380,0
799381,0
799382,0
799383,0
799384,0
799385,0
799386,0
799387,0
799388,0
799389,0
799390,0
799391,0
799392,0
799393,0
799394,0
799395,0
799396,0
799397,0
799398,0
799399,0
799400,0
799401,0
799402,0
799403,0
799404,0
799405,0
799406,0
799407,0
799408,0
799409,0
799410,0
799411,0
799412,0
799413,0
799414,0
799415,0
799416,0
799417,0
799418,1
799419,0
799420,0
799421,0
799422,0
799423,0
799424,0
799425,0
799426,0
799427,0
799428,0
799429,0
799430,2
799431,0
799432,0
799433,0
799434,1
799435,0
799436,0
799437,0
799438,2
799439,0
799440,3
799441,0
799442,0
799443,0
799444,0
799445,0
799446,0
799447,0
799448,0
799449,0
799450,0
799451,0
799452,0
799453,3
799454,0
799455,0
799456,0
799457,0
799458,0
799459,0
799460,0
799461,0
799462,1
799463,0
799464,0
799465,0
799466,0
799467,0
799468,1
799469,2
799470,0
799471,0
799472,1
799473,0
799474,1
799475,0
799476,0
799477,1
799478,2
799479,0
799480,4
799481,0
799482,0
799483,0
799484,0
799485,0
799486,0
799487,2
799488,0
799489,2
799490,0
799491,0
799492,0
799493,0
799494,0
799495,0
799496,0
799497,0
799498,0
799499,0
799500,0
799501,0
799502,0
799503,0
799504,0
799505,0
799506,0
799507,0
799508,0
799509,0
799510,0
799511,0
799512,0
799513,3
799514,0
799515,0
799516,0
799517,0
799518,0
799519,0
799520,0
799521,0
799522,0
799523,0
799524,0
799525,1
799526,0
799527,0
799528,0
799529,0
799530,6
799531,0
799532,0
799533,0
799534,0
799535,1
799536,0
799537,0
799538,0
799539,1
799540,2
799541,0
799542,0
799543,0
799544,0
799545,0
799546,0
799547,0
799548,0
799549,0
799550,0
799551,1
799552,2
799553,0
799554,0
799555,0
799556,0
799557,0
799558,0
799559,0
799560,0
799561,0
799562,3
799563,0
799564,0
799565,0
799566,0
799567,0
799568,0
799569,0
799570,0
799571,0
799572,0
799573,0
799574,2
799575,2
799576,0
799577,0
799578,4
799579,7
799580,0
799581,0
799582,0
799583,0
799584,0
799585,0
799586,0
799587,3
799588,0
799589,0
799590,0
799591,0
799592,0
799593,0
799594,0
799595,0
799596,0
799597,0
799598,0
799599,0
799600,3
799601,0
799602,0
799603,0
799604,0
799605,0
799606,0
799607,2
799608,0
799609,0
799610,0
799611,0
799612,0
799613,1
799614,0
799615,0
799616,0
799617,0
799618,0
799619,0
799620,1
799621,0
799622,0
799623,0
799624,0
799625,0
799626,0
799627,0
799628,0
799629,0
799630,0
799631,0
799632,0
799633,0
799634,0
799635,0
799636,0
799637,0
799638,1
799639,0
799640,0
799641,0
799642,0
799643,0
799644,0
799645,0
799646,0
799647,0
799648,0
799649,0
799650,0
799651,0
799652,0
799653,0
799654,0
799655,0
799656,0
799657,0
799658,0
799659,0
799660,0
799661,0
799662,0
799663,0
799664,0
799665,0
799666,0
799667,0
799668,0
799669,0
799670,0
799671,0
799672,0
799673,0
799674,0
799675,0
799676,0
799677,0
799678,0
799679,0
799680,0
799681,0
799682,0
799683,0
799684,0
799685,0
799686,0
799687,0
799688,0
799689,0
799690,0
799691,0
799692,0
799693,0
799694,0
799695,0
799696,0
799697,0
799698,0
799699,0
799700,0
799701,0
799702,0
799703,0
799704,0
799705,0
799706,0
799707,0
799708,0
799709,0
799710,0
799711,0
799712,0
799713,0
799714,0
799715,0
799716,0
799717,0
799718,1
799719,0
799720,0
799721,0
799722,0
799723,0
799724,0
799725,0
799726,0
799727,0
799728,0
799729,0
799730,0
799731,0
799732,0
799733,0
799734,0
799735,0
799736,0
799737,0
799738,0
799739,0
799740,0
799741,0
799742,0
799743,0
799744,0
799745,0
799746,0
799747,1
799748,0
799749,0
799750,0
799751,0
799752,0
799753,0
799754,0
799755,0
799756,0
799757,0
799758,0
799759,0
799760,0
799761,0
799762,0
799763,0
799764,0
799765,0
799766,0
799767,0
799768,0
799769,0
799770,0
799771,0
799772,0
799773,0
799774,0
799775,0
799776,0
799777,0
799778,0
799779,0
799780,0
799781,0
799782,0
799783,0
799784,0
799785,0
799786,0
799787,0
799788,0
799789,0
799790,0
799791,0
799792,0
799793,0
799794,0
799795,0
799796,0
799797,0
799798,0
799799,0
799800,0
799801,0
799802,0
799803,0
799804,0
799805,0
799806,0
799807,0
799808,0
799809,0
799810,0
799811,0
799812,0
799813,0
799814,0
799815,0
799816,0
799817,0
799818,0
799819,0
799820,0
799821,0
799822,0
799823,0
799824,0
799825,0
799826,0
799827,0
799828,0
799829,0
799830,0
799831,0
799832,0
799833,0
799834,0
799835,0
799836,0
799837,0
799838,0
799839,0
799840,0
799841,0
799842,0
799843,0
799844,0
799845,0
799846,0
799847,0
799848,0
799849,0
799850,0
799851,0
799852,0
799853,0
799854,0
799855,0
799856,0
799857,1
799858,0
799859,0
799860,0
799861,0
799862,0
799863,0
799864,0
799865,0
799866,0
799867,0
799868,0
799869,0
799870,0
799871,0
799872,0
799873,0
799874,0
799875,0
799876,0
799877,0
799878,0
799879,0
799880,0
799881,0
799882,0
799883,0
799884,0
799885,0
799886,0
799887,0
799888,0
799889,0
799890,0
799891,0
799892,0
799893,0
799894,1
799895,0
799896,0
799897,0
799898,0
799899,0
799900,0
799901,0
799902,0
799903,0
799904,0
799905,0
799906,0
799907,0
799908,0
799909,0
799910,0
799911,0
799912,0
799913,0
799914,0
799915,0
799916,0
799917,0
799918,0
799919,0
799920,0
799921,0
799922,0
799923,0
799924,0
799925,0
799926,0
799927,0
799928,0
799929,0
799930,0
799931,0
799932,0
799933,0
799934,0
799935,0
799936,0
799937,0
799938,0
799939,0
799940,0
799941,0
799942,0
799943,0
799944,0
799945,0
799946,0
799947,0
799948,0
799949,0
799950,0
799951,0
799952,0
799953,0
799954,0
799955,0
799956,0
799957,0
799958,0
799959,0
799960,0
799961,0
799962,0
799963,0
799964,0
799965,0
799966,0
799967,0
799968,0
799969,0
799970,0
799971,0
799972,0
799973,0
799974,0
799975,0
799976,0
799977,0
799978,0
799979,0
799980,0
799981,0
799982,0
799983,0
799984,0
799985,0
799986,0
799987,0
799988,0
799989,0
799990,0
799991,0
799992,0
799993,0
799994,0
799995,0
799996,0
799997,0
799998,0
799999,0
800000,0
800001,0
800002,0
800003,0
800004,0
800005,0
800006,0
800007,0
800008,0
800009,0
800010,0
800011,0
800012,0
800013,0
800014,0
800015,0
800016,0
800017,0
800018,0
800019,0
800020,0
800021,0
800022,0
800023,0
800024,0
800025,0
800026,0
800027,0
800028,0
800029,0
800030,0
800031,0
800032,0
800033,0
800034,0
800035,0
800036,0
800037,0
800038,0
800039,0
800040,0
800041,0
800042,0
800043,0
800044,0
800045,0
800046,0
800047,0
800048,0
800049,0
800050,0
800051,0
800052,0
800053,0
800054,0
800055,0
800056,0
800057,0
800058,0
800059,0
800060,0
800061,0
800062,0
800063,0
800064,0
800065,0
800066,0
800067,0
800068,0
800069,0
800070,0
800071,0
800072,0
800073,0
800074,0
800075,0
800076,0
800077,0
800078,0
800079,0
800080,0
800081,0
800082,0
800083,1
800084,0
800085,0
800086,0
800087,0
800088,0
800089,0
800090,0
800091,0
800092,0
800093,0
800094,0
800095,0
800096,0
800097,0
800098,0
800099,0
800100,0
800101,0
800102,0
800103,0
800104,0
800105,0
800106,0
800107,0
800108,0
800109,0
800110,0
800111,0
800112,0
800113,0
800114,0
800115,0
800116,0
800117,1
800118,0
800119,0
800120,0
800121,0
800122,0
800123,0
800124,0
800125,0
800126,0
800127,0
800128,0
800129,0
800130,0
800131,0
800132,0
800133,0
800134,0
800135,0
800136,0
800137,0
800138,0
800139,0
800140,0
800141,0
800142,0
800143,0
800144,0
800145,0
800146,0
800147,0
800148,0
800149,0
800150,0
800151,0
800152,0
800153,0
800154,0
800155,0
800156,0
800157,0
800158,0
800159,0
800160,0
800161,0
800162,0
800163,0
800164,0
800165,0
800166,0
800167,0
800168,0
800169,0
800170,0
800171,0
800172,0
800173,0
800174,0
800175,0
800176,0
800177,0
800178,0
800179,0
800180,0
800181,0
800182,0
800183,0
800184,0
800185,0
800186,0
800187,0
800188,0
800189,0
800190,0
800191,0
800192,0
800193,0
800194,0
800195,0
800196,0
800197,0
800198,0
800199,0
800200,0
800201,0
800202,0
800203,0
800204,0
800205,0
800206,0
800207,0
800208,0
800209,0
800210,0
800211,0
800212,0
800213,0
800214,0
800215,0
800216,0
800217,0
800218,0
800219,0
800220,0
800221,0
800222,0
800223,0
800224,0
800225,0
800226,0
800227,1
800228,0
800229,0
800230,0
800231,0
800232,0
800233,0
800234,0
800235,0
800236,0
800237,0
800238,0
800239,0
800240,0
800241,0
800242,0
800243,0
800244,0
800245,0
800246,0
800247,0
800248,0
800249,0
800250,0
800251,0
800252,0
800253,0
800254,0
800255,0
800256,0
800257,0
800258,0
800259,0
800260,0
800261,0
800262,0
800263,0
800264,0
800265,0
800266,0
800267,0
800268,0
800269,0
800270,0
800271,0
800272,0
800273,0
800274,0
800275,0
800276,0
800277,0
800278,0
800279,0
800280,0
800281,0
800282,0
800283,0
800284,0
800285,0
800286,0
800287,0
800288,1
800289,0
800290,0
800291,0
800292,0
800293,0
800294,0
800295,0
800296,0
800297,0
800298,0
800299,0
800300,0
800301,0
800302,0
800303,0
800304,0
800305,0
800306,0
800307,0
800308,0
800309,0
800310,0
800311,0
800312,0
800313,0
800314,0
800315,0
800316,0
800317,0
800318,0
800319,0
800320,0
800321,0
800322,0
800323,0
800324,0
800325,0
800326,0
800327,0
800328,0
800329,1
800330,0
800331,0
800332,0
800333,0
800334,0
800335,0
800336,0
800337,0
800338,0
800339,0
800340,0
800341,0
800342,0
800343,0
800344,0
800345,0
800346,0
800347,0
800348,0
800349,0
800350,0
800351,0
800352,0
800353,0
800354,0
800355,0
800356,0
800357,0
800358,0
800359,0
800360,0
800361,0
800362,0
800363,0
800364,0
800365,0
800366,0
800367,0
800368,0
800369,0
800370,0
800371,0
800372,0
800373,0
800374,0
800375,0
800376,0
800377,0
800378,0
800379,0
800380,0
800381,0
800382,0
800383,0
800384,0
800385,0
800386,0
800387,0
800388,0
800389,0
800390,0
800391,0
800392,0
800393,0
800394,0
800395,0
800396,0
800397,0
800398,0
800399,0
800400,0
800401,0
800402,0
800403,0
800404,0
800405,0
800406,0
800407,0
800408,0
800409,0
800410,0
800411,0
800412,0
800413,0
800414,0
800415,0
800416,0
800417,0
800418,0
800419,0
800420,1
800421,0
800422,0
800423,0
800424,0
800425,0
800426,0
800427,0
800428,0
800429,0
800430,0
800431,0
800432,0
800433,0
800434,0
800435,0
800436,0
800437,0
800438,1
800439,0
800440,0
800441,0
800442,0
800443,0
800444,0
800445,0
800446,0
800447,0
800448,0
800449,0
800450,0
800451,0
800452,0
800453,0
800454,0
800455,0
800456,0
800457,0
800458,0
800459,0
800460,0
800461,0
800462,0
800463,0
800464,0
800465,0
800466,1
800467,0
800468,0
800469,0
800470,0
800471,0
800472,0
800473,0
800474,0
800475,0
800476,0
800477,0
800478,0
800479,0
800480,0
800481,0
800482,0
800483,0
800484,0
800485,0
800486,0
800487,0
800488,0
800489,0
800490,0
800491,0
800492,0
800493,0
800494,0
800495,0
800496,0
800497,0
800498,0
800499,0
800500,0
800501,0
800502,0
800503,0
800504,0
800505,0
800506,0
800507,0
800508,0
800509,0
800510,0
800511,0
800512,0
800513,0
800514,2
800515,0
800516,0
800517,0
800518,0
800519,0
800520,0
800521,17
800522,0
800523,0
800524,0
800525,18
800526,0
800527,0
800528,0
800529,0
800530,0
800531,0
800532,20
800533,0
800534,0
800535,0
800536,16
800537,0
800538,0
800539,0
800540,22
800541,0
800542,0
800543,0
800544,0
800545,0
800546,23
800547,0
800548,0
800549,0
800550,0
800551,0
800552,0
800553,22
800554,0
800555,0
800556,0
800557,0
800558,0
800559,0
800560,0
800561,0
800562,0
800563,0
800564,9
800565,0
800566,0
800567,0
800568,0
800569,0
800570,0
800571,0
800572,0
800573,0
800574,0
800575,0
800576,0
800577,0
800578,18
800579,0
800580,0
800581,0
800582,20
800583,0
800584,0
800585,0
800586,0
800587,0
800588,0
800589,0
800590,25
800591,0
800592,0
800593,0
800594,0
800595,0
800596,0
800597,12
800598,18
800599,16
800600,0
800601,0
800602,0
800603,0
800604,0
800605,0
800606,6
800607,0
800608,0
800609,0
800610,17
800611,13
800612,0
800613,0
800614,0
800615,0
800616,0
800617,0
800618,14
800619,0
800620,0
800621,0
800622,0
800623,0
800624,0
800625,0
800626,0
800627,7
800628,0
800629,13
800630,0
800631,0
800632,0
800633,0
800634,0
800635,0
800636,0
800637,27
800638,0
800639,0
800640,0
800641,24
800642,0
800643,0
800644,0
800645,0
800646,11
800647,14
800648,0
800649,0
800650,0
800651,20
800652,0
800653,0
800654,0
800655,0
800656,0
800657,0
800658,0
800659,18
800660,0
800661,0
800662,27
800663,0
800664,0
800665,11
800666,0
800667,0
800668,0
800669,18
800670,0
800671,0
800672,0
800673,0
800674,0
800675,0
800676,0
800677,0
800678,0
800679,0
800680,0
800681,0
800682,0
800683,0
800684,0
800685,0
800686,0
800687,0
800688,0
800689,0
800690,21
800691,23
800692,0
800693,14
800694,0
800695,21
800696,0
800697,0
800698,0
800699,0
800700,0
800701,0
800702,0
800703,0
800704,0
800705,0
800706,0
800707,0
800708,25
800709,0
800710,21
800711,0
800712,0
800713,0
800714,0
800715,0
800716,28
800717,0
800718,0
800719,0
800720,0
800721,0
800722,0
800723,0
800724,0
800725,0
800726,0
800727,0
800728,0
800729,0
800730,11
800731,0
800732,0
800733,0
800734,0
800735,14
800736,0
800737,20
800738,0
800739,15
800740,0
800741,0
800742,17
800743,28
800744,20
800745,0
800746,0
800747,0
800748,0
800749,0
800750,23
800751,0
800752,0
800753,17
800754,0
800755,0
800756,16
800757,0
800758,12
800759,0
800760,17
800761,0
800762,22
800763,22
800764,0
800765,0
800766,0
800767,0
800768,20
800769,0
800770,0
800771,0
800772,0
800773,0
800774,0
800775,0
800776,0
800777,0
800778,0
800779,0
800780,19
800781,0
800782,0
800783,0
800784,0
800785,0
800786,0
800787,14
800788,0
800789,0
800790,0
800791,0
800792,0
800793,0
800794,0
800795,0
800796,0
800797,0
800798,0
800799,0
800800,0
800801,0
800802,0
800803,0
800804,27
800805,0
800806,16
800807,0
800808,0
800809,22
800810,12
800811,0
800812,0
800813,0
800814,0
800815,0
800816,0
800817,0
800818,0
800819,0
800820,0
800821,0
800822,18
800823,0
800824,0
800825,16
800826,0
800827,21
800828,12
800829,0
800830,19
800831,3
800832,0
800833,0
800834,24
800835,0
800836,14
800837,0
800838,18
800839,0
800840,0
800841,0
800842,0
800843,0
800844,0
800845,0
800846,0
800847,0
800848,0
800849,0
800850,0
800851,22
800852,10
800853,0
800854,0
800855,0
800856,0
800857,0
800858,0
800859,0
800860,0
800861,0
800862,0
800863,0
800864,0
800865,0
800866,0
800867,0
800868,0
800869,0
800870,0
800871,0
800872,20
800873,0
800874,0
800875,16
800876,18
800877,15
800878,0
800879,0
800880,12
800881,0
800882,0
800883,21
800884,0
800885,0
800886,0
800887,0
800888,31
800889,0
800890,0
800891,0
800892,0
800893,0
800894,0
800895,23
800896,24
800897,0
800898,0
800899,0
800900,0
800901,0
800902,0
800903,0
800904,0
800905,0
800906,0
800907,0
800908,20
800909,0
800910,0
800911,0
800912,26
800913,0
800914,0
800915,0
800916,0
800917,0
800918,0
800919,0
800920,0
800921,0
800922,0
800923,0
800924,0
800925,18
800926,0
800927,0
800928,0
800929,0
800930,0
800931,0
800932,0
800933,0
800934,0
800935,0
800936,0
800937,0
800938,0
800939,0
800940,0
800941,0
800942,0
800943,0
800944,0
800945,0
800946,0
800947,0
800948,0
800949,0
800950,0
800951,0
800952,22
800953,0
800954,0
800955,0
800956,0
800957,0
800958,0
800959,0
800960,0
800961,0
800962,0
800963,0
800964,17
800965,0
800966,0
800967,0
800968,0
800969,0
800970,0
800971,0
800972,0
800973,0
800974,0
800975,0
800976,0
800977,0
800978,0
800979,0
800980,31
800981,20
800982,0
800983,0
800984,20
800985,33
800986,0
800987,0
800988,0
800989,0
800990,21
800991,0
800992,0
800993,0
800994,0
800995,0
800996,0
800997,0
800998,0
800999,20
801000,14
801001,27
801002,0
801003,0
801004,0
801005,0
801006,0
801007,0
801008,0
801009,0
801010,0
801011,0
801012,19
801013,0
801014,0
801015,0
801016,17
801017,0
801018,0
801019,14
801020,0
801021,0
801022,0
801023,0
801024,0
801025,0
801026,0
801027,0
801028,23
801029,13
801030,0
801031,0
801032,0
801033,0
801034,0
801035,19
801036,0
801037,0
801038,0
801039,0
801040,23
801041,0
801042,0
801043,0
801044,0
801045,0
801046,0
801047,15
801048,0
801049,0
801050,0
801051,22
801052,0
801053,0
801054,0
801055,22
801056,0
801057,0
801058,23
801059,27
801060,8
801061,0
801062,0
801063,0
801064,0
801065,0
801066,14
801067,0
801068,0
801069,15
801070,0
801071,0
801072,0
801073,0
801074,0
801075,0
801076,0
801077,0
801078,0
801079,0
801080,0
801081,14
801082,0
801083,0
801084,16
801085,0
801086,0
801087,0
801088,0
801089,0
801090,0
801091,0
801092,20
801093,0
801094,14
801095,0
801096,0
801097,0
801098,0
801099,0
801100,0
801101,0
801102,0
801103,0
801104,0
801105,0
801106,0
801107,0
801108,0
801109,17
801110,0
801111,0
801112,0
801113,0
801114,0
801115,0
801116,0
801117,0
801118,0
801119,0
801120,0
801121,0
801122,0
801123,0
801124,0
801125,0
801126,24
801127,0
801128,0
801129,0
801130,18
801131,0
801132,0
801133,0
801134,0
801135,0
801136,0
801137,17
801138,0
801139,0
801140,0
801141,0
801142,0
801143,0
801144,0
801145,0
801146,22
801147,0
801148,20
801149,0
801150,0
801151,15
801152,27
801153,25
801154,0
801155,27
801156,10
801157,21
801158,0
801159,0
801160,0
801161,0
801162,0
801163,18
801164,0
801165,20
801166,0
801167,0
801168,0
801169,0
801170,0
801171,0
801172,0
801173,0
801174,0
801175,0
801176,0
801177,0
801178,0
801179,0
801180,29
801181,0
801182,12
801183,0
801184,0
801185,19
801186,0
801187,0
801188,0
801189,0
801190,0
801191,0
801192,0
801193,0
801194,0
801195,0
801196,0
801197,23
801198,10
801199,0
801200,0
801201,23
801202,0
801203,0
801204,21
801205,14
801206,0
801207,0
801208,0
801209,0
801210,13
801211,0
801212,0
801213,0
801214,0
801215,0
801216,0
801217,0
801218,0
801219,21
801220,0
801221,0
801222,14
801223,0
801224,16
801225,0
801226,0
801227,0
801228,0
801229,0
801230,0
801231,15
801232,16
801233,0
801234,0
801235,0
801236,0
801237,0
801238,0
801239,0
801240,0
801241,0
801242,0
801243,0
801244,0
801245,0
801246,9
801247,0
801248,0
801249,0
801250,0
801251,0
801252,0
801253,0
801254,0
801255,21
801256,0
801257,0
801258,0
801259,0
801260,0
801261,0
801262,0
801263,0
801264,0
801265,0
801266,0
801267,0
801268,0
801269,0
801270,0
801271,0
801272,0
801273,23
801274,0
801275,0
801276,0
801277,19
801278,0
801279,0
801280,0
801281,0
801282,0
801283,0
801284,15
801285,21
801286,0
801287,0
801288,13
801289,0
801290,0
801291,0
801292,13
801293,0
801294,0
801295,0
801296,0
801297,0
801298,0
801299,0
801300,0
801301,0
801302,0
801303,23
801304,0
801305,0
801306,0
801307,0
801308,21
801309,0
801310,0
801311,0
801312,0
801313,0
801314,0
801315,0
801316,0
801317,0
801318,0
801319,0
801320,0
801321,0
801322,0
801323,0
801324,18
801325,22
801326,18
801327,0
801328,0
801329,0
801330,0
801331,16
801332,0
801333,0
801334,0
801335,11
801336,0
801337,0
801338,18
801339,0
801340,0
801341,0
801342,0
801343,0
801344,0
801345,0
801346,0
801347,0
801348,0
801349,13
801350,21
801351,0
801352,0
801353,20
801354,15
801355,19
801356,13
801357,0
801358,0
801359,0
801360,0
801361,0
801362,15
801363,0
801364,0
801365,0
801366,0
801367,0
801368,16
801369,19
801370,0
801371,22
801372,0
801373,0
801374,0
801375,18
801376,0
801377,0
801378,22
801379,19
801380,0
801381,0
801382,0
801383,27
801384,0
801385,0
801386,0
801387,0
801388,0
801389,14
801390,16
801391,0
801392,0
801393,19
801394,0
801395,19
801396,0
801397,0
801398,0
801399,0
801400,0
801401,0
801402,16
801403,0
801404,18
801405,0
801406,0
801407,0
801408,0
801409,0
801410,0
801411,16
801412,0
801413,0
801414,0
801415,0
801416,0
801417,0
801418,0
801419,0
801420,17
801421,0
801422,23
801423,14
801424,0
801425,0
801426,0
801427,0
801428,0
801429,0
801430,0
801431,0
801432,0
801433,0
801434,24
801435,19
801436,0
801437,0
801438,0
801439,0
801440,0
801441,0
801442,0
801443,0
801444,0
801445,0
801446,0
801447,0
801448,20
801449,0
801450,0
801451,16
801452,0
801453,18
801454,0
801455,0
801456,0
801457,0
801458,0
801459,0
801460,0
801461,0
801462,0
801463,0
801464,0
801465,0
801466,0
801467,0
801468,7
801469,0
801470,0
801471,0
801472,4
801473,0
801474,0
801475,7
801476,0
801477,0
801478,0
801479,0
801480,0
801481,2
801482,0
801483,0
801484,0
801485,0
801486,0
801487,0
801488,0
801489,0
801490,0
801491,0
801492,0
801493,8
801494,8
801495,0
801496,0
801497,0
801498,0
801499,0
801500,8
801501,9
801502,7
801503,0
801504,0
801505,0
801506,0
801507,0
801508,0
801509,5
801510,0
801511,0
801512,10
801513,0
801514,0
801515,0
801516,11
801517,0
801518,3
801519,4
801520,0
801521,0
801522,0
801523,0
801524,0
801525,0
801526,3
801527,0
801528,0
801529,0
801530,0
801531,0
801532,0
801533,0
801534,0
801535,0
801536,11
801537,0
801538,0
801539,0
801540,6
801541,0
801542,0
801543,0
801544,0
801545,0
801546,0
801547,0
801548,0
801549,0
801550,5
801551,6
801552,0
801553,5
801554,0
801555,7
801556,0
801557,0
801558,0
801559,0
801560,0
801561,0
801562,0
801563,0
801564,0
801565,0
801566,7
801567,0
801568,0
801569,0
801570,0
801571,0
801572,0
801573,7
801574,10
801575,0
801576,0
801577,0
801578,0
801579,0
801580,0
801581,0
801582,0
801583,0
801584,0
801585,0
801586,0
801587,0
801588,4
801589,0
801590,0
801591,6
801592,0
801593,0
801594,0
801595,7
801596,0
801597,0
801598,0
801599,0
801600,0
801601,0
801602,4
801603,6
801604,0
801605,0
801606,0
801607,10
801608,0
801609,0
801610,2
801611,0
801612,10
801613,0
801614,4
801615,0
801616,0
801617,0
801618,10
801619,0
801620,11
801621,0
801622,0
801623,0
801624,0
801625,0
801626,0
801627,0
801628,9
801629,0
801630,0
801631,0
801632,0
801633,0
801634,5
801635,8
801636,0
801637,0
801638,3
801639,0
801640,0
801641,0
801642,0
801643,10
801644,0
801645,0
801646,0
801647,0
801648,0
801649,0
801650,0
801651,0
801652,0
801653,0
801654,0
801655,0
801656,0
801657,6
801658,0
801659,0
801660,6
801661,0
801662,0
801663,0
801664,4
801665,0
801666,0
801667,9
801668,0
801669,0
801670,0
801671,0
801672,0
801673,0
801674,0
801675,0
801676,12
801677,7
801678,0
801679,0
801680,0
801681,0
801682,0
801683,0
801684,0
801685,0
801686,0
801687,12
801688,0
801689,0
801690,0
801691,0
801692,5
801693,12
801694,0
801695,6
801696,0
801697,0
801698,2
801699,0
801700,0
801701,0
801702,0
801703,6
801704,0
801705,8
801706,0
801707,0
801708,11
801709,0
801710,0
801711,0
801712,3
801713,0
801714,6
801715,0
801716,0
801717,7
801718,5
801719,0
801720,0
801721,0
801722,0
801723,0
801724,3
801725,4
801726,0
801727,6
801728,0
801729,0
801730,0
801731,0
801732,0
801733,0
801734,0
801735,0
801736,3
801737,6
801738,0
801739,7
801740,8
801741,0
801742,0
801743,0
801744,7
801745,0
801746,0
801747,0
801748,0
801749,0
801750,0
801751,0
801752,0
801753,0
801754,0
801755,0
801756,0
801757,0
801758,0
801759,0
801760,0
801761,0
801762,0
801763,0
801764,0
801765,0
801766,12
801767,0
801768,0
801769,0
801770,0
801771,0
801772,0
801773,0
801774,11
801775,0
801776,0
801777,0
801778,0
801779,0
801780,0
801781,10
801782,0
801783,0
801784,0
801785,0
801786,0
801787,0
801788,0
801789,0
801790,0
801791,9
801792,0
801793,6
801794,0
801795,4
801796,0
801797,7
801798,0
801799,0
801800,0
801801,0
801802,0
801803,8
801804,0
801805,0
801806,0
801807,0
801808,0
801809,8
801810,7
801811,4
801812,0
801813,0
801814,8
801815,0
801816,4
801817,0
801818,0
801819,0
801820,0
801821,0
801822,0
801823,6
801824,0
801825,0
801826,10
801827,0
801828,9
801829,0
801830,9
801831,0
801832,7
801833,0
801834,0
801835,0
801836,0
801837,0
801838,12
801839,0
801840,0
801841,0
801842,0
801843,0
801844,0
801845,0
801846,0
801847,6
801848,0
801849,0
801850,0
801851,0
801852,0
801853,0
801854,0
801855,0
801856,0
801857,5
801858,0
801859,0
801860,0
801861,0
801862,0
801863,0
801864,0
801865,0
801866,0
801867,0
801868,0
801869,0
801870,0
801871,0
801872,11
801873,0
801874,0
801875,0
801876,0
801877,0
801878,0
801879,5
801880,6
801881,0
801882,0
801883,0
801884,8
801885,0
801886,0
801887,6
801888,4
801889,0
801890,0
801891,0
801892,0
801893,0
801894,0
801895,10
801896,0
801897,0
801898,0
801899,0
801900,0
801901,0
801902,8
801903,0
801904,0
801905,0
801906,0
801907,3
801908,6
801909,0
801910,0
801911,0
801912,0
801913,0
801914,0
801915,11
801916,9
801917,0
801918,0
801919,0
801920,0
801921,5
801922,0
801923,0
801924,0
801925,0
801926,8
801927,10
801928,0
801929,7
801930,0
801931,0
801932,0
801933,0
801934,0
801935,6
801936,0
801937,0
801938,2
801939,0
801940,15
801941,0
801942,0
801943,0
801944,0
801945,0
801946,0
801947,0
801948,0
801949,0
801950,0
801951,0
801952,2
801953,0
801954,0
801955,0
801956,0
801957,4
801958,0
801959,0
801960,0
801961,0
801962,4
801963,0
801964,0
801965,0
801966,0
801967,0
801968,0
801969,11
801970,0
801971,0
801972,0
801973,0
801974,0
801975,0
801976,0
801977,0
801978,0
801979,0
801980,9
801981,6
801982,0
801983,0
801984,0
801985,0
801986,0
801987,0
801988,0
801989,0
801990,0
801991,0
801992,0
801993,0
801994,3
801995,0
801996,0
801997,0
801998,0
801999,0
802000,0
802001,0
802002,0
802003,0
802004,0
802005,0
802006,0
802007,0
802008,0
802009,0
802010,0
802011,0
802012,0
802013,0
802014,0
802015,0
802016,0
802017,0
802018,0
802019,0
802020,0
802021,0
802022,0
802023,0
802024,0
802025,0
802026,0
802027,0
802028,0
802029,0
802030,4
802031,3
802032,0
802033,0
802034,0
802035,0
802036,11
802037,0
802038,0
802039,0
802040,0
802041,0
802042,0
802043,7
802044,0
802045,2
802046,0
802047,0
802048,0
802049,0
802050,0
802051,0
802052,0
802053,5
802054,0
802055,0
802056,0
802057,0
802058,7
802059,0
802060,7
802061,0
802062,0
802063,0
802064,0
802065,0
802066,6
802067,0
802068,0
802069,0
802070,0
802071,0
802072,0
802073,5
802074,0
802075,0
802076,10
802077,0
802078,0
802079,0
802080,5
802081,0
802082,0
802083,7
802084,0
802085,0
802086,0
802087,0
802088,0
802089,7
802090,0
802091,0
802092,0
802093,0
802094,7
802095,0
802096,0
802097,6
802098,4
802099,0
802100,4
802101,8
802102,0
802103,0
802104,0
802105,0
802106,14
802107,7
802108,0
802109,5
802110,0
802111,0
802112,0
802113,5
802114,0
802115,0
802116,0
802117,0
802118,0
802119,7
802120,0
802121,0
802122,0
802123,0
802124,0
802125,0
802126,0
802127,0
802128,6
802129,0
802130,0
802131,0
802132,0
802133,0
802134,0
802135,6
802136,0
802137,0
802138,6
802139,8
802140,0
802141,0
802142,0
802143,0
802144,0
802145,6
802146,0
802147,0
802148,0
802149,0
802150,0
802151,6
802152,3
802153,0
802154,0
802155,0
802156,0
802157,0
802158,0
802159,0
802160,0
802161,0
802162,0
802163,0
802164,0
802165,0
802166,0
802167,0
802168,0
802169,2
802170,0
802171,0
802172,0
802173,0
802174,0
802175,0
802176,0
802177,0
802178,0
802179,6
802180,0
802181,0
802182,0
802183,0
802184,0
802185,0
802186,0
802187,0
802188,8
802189,0
802190,0
802191,0
802192,0
802193,5
802194,13
802195,7
802196,0
802197,0
802198,12
802199,0
802200,0
802201,5
802202,0
802203,0
802204,0
802205,0
802206,0
802207,0
802208,0
802209,0
802210,2
802211,0
802212,0
802213,0
802214,0
802215,0
802216,1
802217,6
802218,6
802219,0
802220,0
802221,10
802222,0
802223,8
802224,0
802225,0
802226,0
802227,0
802228,0
802229,0
802230,0
802231,0
802232,0
802233,0
802234,0
802235,0
802236,0
802237,0
802238,0
802239,0
802240,0
802241,0
802242,0
802243,0
802244,5
802245,0
802246,0
802247,0
802248,0
802249,0
802250,0
802251,0
802252,0
802253,6
802254,0
802255,0
802256,0
802257,0
802258,0
802259,8
802260,0
802261,0
802262,0
802263,0
802264,7
802265,0
802266,0
802267,0
802268,10
802269,0
802270,0
802271,0
802272,0
802273,2
802274,0
802275,5
802276,8
802277,0
802278,6
802279,0
802280,0
802281,5
802282,0
802283,0
802284,0
802285,8
802286,0
802287,0
802288,0
802289,0
802290,0
802291,0
802292,0
802293,8
802294,0
802295,0
802296,0
802297,7
802298,0
802299,0
802300,0
802301,0
802302,6
802303,0
802304,0
802305,38
802306,34
802307,0
802308,0
802309,0
802310,0
802311,0
802312,0
802313,25
802314,0
802315,29
802316,0
802317,29
802318,23
802319,0
802320,40
802321,18
802322,20
802323,0
802324,0
802325,0
802326,0
802327,0
802328,0
802329,0
802330,0
802331,46
802332,0
802333,0
802334,0
802335,0
802336,31
802337,0
802338,23
802339,46
802340,0
802341,28
802342,34
802343,27
802344,0
802345,0
802346,30
802347,0
802348,32
802349,0
802350,0
802351,0
802352,0
802353,36
802354,0
802355,0
802356,0
802357,0
802358,0
802359,0
802360,17
802361,0
802362,0
802363,0
802364,0
802365,0
802366,33
802367,0
802368,0
802369,0
802370,41
802371,0
802372,28
802373,0
802374,0
802375,10
802376,41
802377,32
802378,0
802379,0
802380,0
802381,26
802382,0
802383,0
802384,0
802385,21
802386,0
802387,0
802388,0
802389,0
802390,0
802391,41
802392,0
802393,0
802394,0
802395,29
802396,0
802397,0
802398,0
802399,0
802400,0
802401,31
802402,0
802403,0
802404,41
802405,30
802406,28
802407,0
802408,27
802409,26
802410,0
802411,0
802412,24
802413,0
802414,0
802415,0
802416,0
802417,0
802418,0
802419,0
802420,0
802421,0
802422,0
802423,0
802424,26
802425,30
802426,0
802427,0
802428,37
802429,0
802430,0
802431,0
802432,32
802433,0
802434,0
802435,22
802436,0
802437,0
802438,25
802439,14
802440,0
802441,0
802442,0
802443,34
802444,0
802445,0
802446,0
802447,0
802448,0
802449,19
802450,0
802451,24
802452,24
802453,0
802454,0
802455,19
802456,0
802457,0
802458,0
802459,0
802460,38
802461,0
802462,37
802463,26
802464,0
802465,33
802466,0
802467,0
802468,43
802469,31
802470,0
802471,0
802472,0
802473,0
802474,27
802475,32
802476,57
802477,0
802478,0
802479,0
802480,0
802481,0
802482,0
802483,0
802484,0
802485,0
802486,0
802487,0
802488,36
802489,45
802490,0
802491,32
802492,0
802493,0
802494,22
802495,31
802496,27
802497,29
802498,0
802499,0
802500,0
802501,0
802502,36
802503,19
802504,0
802505,0
802506,0
802507,0
802508,0
802509,0
802510,26
802511,0
802512,0
802513,0
802514,31
802515,47
802516,0
802517,0
802518,19
802519,0
802520,0
802521,0
802522,23
802523,0
802524,26
802525,20
802526,0
802527,0
802528,0
802529,0
802530,0
802531,0
802532,0
802533,0
802534,0
802535,0
802536,0
802537,0
802538,0
802539,28
802540,0
802541,34
802542,9
802543,16
802544,0
802545,0
802546,0
802547,0
802548,0
802549,0
802550,0
802551,39
802552,0
802553,32
802554,0
802555,0
802556,0
802557,0
802558,0
802559,0
802560,0
802561,0
802562,0
802563,0
802564,0
802565,0
802566,0
802567,0
802568,0
802569,29
802570,18
802571,0
802572,0
802573,0
802574,0
802575,0
802576,0
802577,0
802578,0
802579,28
802580,0
802581,0
802582,0
802583,0
802584,0
802585,0
802586,27
802587,0
802588,49
802589,0
802590,35
802591,0
802592,0
802593,45
802594,0
802595,0
802596,0
802597,0
802598,0
802599,0
802600,28
802601,0
802602,0
802603,0
802604,0
802605,0
802606,0
802607,0
802608,0
802609,0
802610,0
802611,0
802612,16
802613,0
802614,0
802615,0
802616,0
802617,0
802618,0
802619,0
802620,29
802621,0
802622,0
802623,39
802624,0
802625,0
802626,22
802627,37
802628,0
802629,0
802630,0
802631,0
802632,0
802633,0
802634,0
802635,0
802636,0
802637,19
802638,0
802639,0
802640,32
802641,0
802642,26
802643,0
802644,35
802645,35
802646,0
802647,0
802648,0
802649,0
802650,0
802651,0
802652,0
802653,0
802654,0
802655,20
802656,0
802657,0
802658,0
802659,0
802660,19
802661,0
802662,37
802663,38
802664,32
802665,0
802666,0
802667,0
802668,0
802669,0
802670,0
802671,0
802672,0
802673,0
802674,0
802675,44
802676,24
802677,21
802678,0
802679,0
802680,27
802681,0
802682,39
802683,0
802684,32
802685,0
802686,21
802687,0
802688,44
802689,33
802690,30
802691,0
802692,0
802693,12
802694,0
802695,25
802696,0
802697,0
802698,0
802699,0
802700,0
802701,0
802702,0
802703,29
802704,0
802705,0
802706,0
802707,0
802708,0
802709,0
802710,0
802711,0
802712,0
802713,0
802714,0
802715,0
802716,0
802717,0
802718,0
802719,0
802720,0
802721,0
802722,0
802723,0
802724,0
802725,0
802726,0
802727,14
802728,30
802729,0
802730,0
802731,24
802732,0
802733,0
802734,24
802735,0
802736,0
802737,0
802738,26
802739,0
802740,0
802741,0
802742,31
802743,0
802744,0
802745,20
802746,0
802747,29
802748,0
802749,32
802750,0
802751,0
802752,0
802753,37
802754,30
802755,27
802756,0
802757,33
802758,21
802759,0
802760,0
802761,29
802762,47
802763,0
802764,0
802765,0
802766,0
802767,0
802768,0
802769,0
802770,0
802771,0
802772,17
802773,20
802774,0
802775,35
802776,0
802777,0
802778,0
802779,0
802780,0
802781,0
802782,0
802783,0
802784,0
802785,0
802786,0
802787,23
802788,0
802789,0
802790,30
802791,0
802792,51
802793,0
802794,41
802795,0
802796,51
802797,0
802798,0
802799,0
802800,0
802801,40
802802,28
802803,0
802804,0
802805,0
802806,0
802807,0
802808,28
802809,0
802810,0
802811,32
802812,0
802813,0
802814,0
802815,0
802816,0
802817,0
802818,14
802819,0
802820,33
802821,0
802822,0
802823,0
802824,24
802825,16
802826,46
802827,32
802828,30
802829,0
802830,0
802831,0
802832,0
802833,0
802834,0
802835,0
802836,0
802837,0
802838,47
802839,0
802840,0
802841,42
802842,29
802843,0
802844,0
802845,0
802846,32
802847,0
802848,0
802849,21
802850,34
802851,31
802852,0
802853,0
802854,27
802855,41
802856,15
802857,0
802858,0
802859,0
802860,0
802861,40
802862,0
802863,56
802864,24
802865,19
802866,0
802867,26
802868,0
802869,0
802870,0
802871,31
802872,0
802873,0
802874,33
802875,31
802876,0
802877,0
802878,0
802879,0
802880,0
802881,0
802882,0
802883,20
802884,0
802885,0
802886,0
802887,0
802888,37
802889,0
802890,0
802891,0
802892,38
802893,30
802894,0
802895,27
802896,0
802897,0
802898,0
802899,0
802900,0
802901,0
802902,0
802903,39
802904,48
802905,13
802906,42
802907,38
802908,0
802909,0
802910,0
802911,0
802912,0
802913,0
802914,0
802915,0
802916,40
802917,0
802918,0
802919,0
802920,29
802921,0
802922,0
802923,0
802924,38
802925,30
802926,0
802927,21
802928,0
802929,40
802930,0
802931,0
802932,0
802933,19
802934,0
802935,0
802936,0
802937,0
802938,0
802939,0
802940,19
802941,32
802942,0
802943,0
802944,18
802945,37
802946,0
802947,0
802948,0
802949,0
802950,0
802951,0
802952,0
802953,23
802954,27
802955,0
802956,0
802957,0
802958,28
802959,0
802960,0
802961,0
802962,0
802963,28
802964,35
802965,45
802966,0
802967,39
802968,0
802969,0
802970,0
802971,0
802972,0
802973,0
802974,0
802975,0
802976,0
802977,0
802978,0
802979,0
802980,0
802981,0
802982,0
802983,0
802984,0
802985,0
802986,0
802987,0
802988,0
802989,0
802990,29
802991,0
802992,0
802993,41
802994,0
802995,42
802996,0
802997,0
802998,0
802999,47
803000,0
803001,0
803002,48
803003,0
803004,0
803005,29
803006,0
803007,27
803008,0
803009,0
803010,0
803011,0
803012,0
803013,0
803014,0
803015,0
803016,30
803017,0
803018,0
803019,9
803020,30
803021,49
803022,0
803023,0
803024,0
803025,0
803026,0
803027,0
803028,46
803029,0
803030,0
803031,0
803032,0
803033,0
803034,0
803035,21
803036,0
803037,35
803038,36
803039,0
803040,0
803041,0
803042,0
803043,18
803044,0
803045,0
803046,0
803047,31
803048,0
803049,0
803050,0
803051,0
803052,0
803053,42
803054,16
803055,27
803056,0
803057,25
803058,0
803059,0
803060,0
803061,0
803062,0
803063,0
803064,0
803065,0
803066,30
803067,0
803068,0
803069,49
803070,26
803071,0
803072,0
803073,0
803074,0
803075,0
803076,0
803077,0
803078,0
803079,0
803080,0
803081,16
803082,0
803083,0
803084,0
803085,0
803086,0
803087,0
803088,0
803089,0
803090,0
803091,0
803092,0
803093,0
803094,16
803095,0
803096,0
803097,0
803098,0
803099,0
803100,0
803101,0
803102,0
803103,0
803104,0
803105,0
803106,0
803107,0
803108,21
803109,0
803110,0
803111,0
803112,0
803113,0
803114,0
803115,0
803116,0
803117,0
803118,0
803119,0
803120,0
803121,0
803122,0
803123,0
803124,0
803125,0
803126,0
803127,0
803128,0
803129,0
803130,18
803131,0
803132,0
803133,0
803134,0
803135,0
803136,0
803137,0
803138,0
803139,0
803140,0
803141,0
803142,0
803143,0
803144,0
803145,0
803146,0
803147,0
803148,0
803149,0
803150,0
803151,0
803152,0
803153,0
803154,0
803155,0
803156,0
803157,0
803158,0
803159,0
803160,0
803161,0
803162,0
803163,0
803164,0
803165,0
803166,0
803167,0
803168,0
803169,0
803170,0
803171,0
803172,0
803173,0
803174,0
803175,0
803176,0
803177,0
803178,0
803179,0
803180,0
803181,0
803182,0
803183,0
803184,0
803185,0
803186,0
803187,0
803188,0
803189,0
803190,0
803191,0
803192,0
803193,0
803194,0
803195,0
803196,0
803197,12
803198,0
803199,0
803200,0
803201,0
803202,0
803203,0
803204,0
803205,0
803206,0
803207,0
803208,0
803209,0
803210,0
803211,0
803212,0
803213,0
803214,0
803215,0
803216,0
803217,0
803218,0
803219,0
803220,0
803221,0
803222,0
803223,0
803224,0
803225,0
803226,0
803227,0
803228,0
803229,0
803230,0
803231,0
803232,0
803233,0
803234,0
803235,0
803236,0
803237,0
803238,0
803239,0
803240,0
803241,0
803242,0
803243,0
803244,0
803245,0
803246,0
803247,0
803248,0
803249,0
803250,0
803251,0
803252,0
803253,0
803254,0
803255,0
803256,0
803257,0
803258,0
803259,0
803260,0
803261,0
803262,0
803263,0
803264,0
803265,0
803266,0
803267,0
803268,0
803269,0
803270,0
803271,0
803272,0
803273,0
803274,0
803275,0
803276,0
803277,0
803278,0
803279,0
803280,0
803281,0
803282,0
803283,0
803284,0
803285,0
803286,0
803287,12
803288,0
803289,0
803290,0
803291,0
803292,0
803293,0
803294,0
803295,0
803296,0
803297,0
803298,0
803299,0
803300,0
803301,0
803302,0
803303,0
803304,0
803305,0
803306,0
803307,0
803308,0
803309,0
803310,0
803311,0
803312,0
803313,0
803314,0
803315,0
803316,0
803317,0
803318,0
803319,0
803320,0
803321,0
803322,0
803323,0
803324,20
803325,0
803326,0
803327,0
803328,0
803329,0
803330,0
803331,0
803332,0
803333,0
803334,0
803335,0
803336,0
803337,0
803338,0
803339,0
803340,0
803341,0
803342,0
803343,22
803344,0
803345,0
803346,0
803347,0
803348,0
803349,0
803350,0
803351,0
803352,0
803353,0
803354,0
803355,0
803356,0
803357,0
803358,0
803359,0
803360,0
803361,0
803362,0
803363,0
803364,0
803365,0
803366,0
803367,0
803368,0
803369,0
803370,0
803371,0
803372,0
803373,0
803374,0
803375,0
803376,0
803377,0
803378,0
803379,0
803380,0
803381,0
803382,0
803383,0
803384,0
803385,0
803386,0
803387,0
803388,0
803389,0
803390,0
803391,0
803392,0
803393,0
803394,0
803395,0
803396,0
803397,0
803398,0
803399,0
803400,0
803401,0
803402,0
803403,0
803404,0
803405,0
803406,0
803407,0
803408,0
803409,0
803410,0
803411,0
803412,0
803413,0
803414,20
803415,0
803416,0
803417,0
803418,0
803419,0
803420,0
803421,0
803422,0
803423,0
803424,0
803425,0
803426,0
803427,0
803428,0
803429,0
803430,0
803431,0
803432,0
803433,0
803434,0
803435,0
803436,0
803437,0
803438,0
803439,0
803440,0
803441,0
803442,0
803443,0
803444,0
803445,0
803446,18
803447,0
803448,0
803449,0
803450,0
803451,0
803452,0
803453,0
803454,0
803455,0
803456,0
803457,0
803458,0
803459,0
803460,0
803461,0
803462,0
803463,0
803464,0
803465,0
803466,0
803467,0
803468,0
803469,0
803470,0
803471,0
803472,0
803473,0
803474,0
803475,0
803476,0
803477,0
803478,0
803479,0
803480,0
803481,0
803482,0
803483,0
803484,0
803485,0
803486,0
803487,0
803488,0
803489,0
803490,0
803491,0
803492,0
803493,0
803494,0
803495,0
803496,0
803497,0
803498,0
803499,0
803500,0
803501,0
803502,0
803503,0
803504,0
803505,0
803506,0
803507,0
803508,0
803509,0
803510,0
803511,0
803512,0
803513,0
803514,0
803515,0
803516,0
803517,0
803518,0
803519,0
803520,0
803521,0
803522,0
803523,0
803524,0
803525,0
803526,0
803527,0
803528,0
803529,0
803530,0
803531,0
803532,0
803533,0
803534,0
803535,0
803536,0
803537,0
803538,0
803539,0
803540,0
803541,0
803542,0
803543,0
803544,0
803545,0
803546,0
803547,0
803548,0
803549,0
803550,0
803551,0
803552,0
803553,0
803554,0
803555,0
803556,0
803557,0
803558,0
803559,0
803560,0
803561,0
803562,0
803563,0
803564,0
803565,0
803566,0
803567,0
803568,0
803569,0
803570,0
803571,0
803572,0
803573,0
803574,0
803575,0
803576,0
803577,0
803578,0
803579,0
803580,0
803581,0
803582,0
803583,0
803584,0
803585,0
803586,0
803587,0
803588,0
803589,0
803590,0
803591,0
803592,0
803593,0
803594,0
803595,0
803596,0
803597,0
803598,1
803599,0
803600,0
803601,0
803602,0
803603,0
803604,0
803605,0
803606,0
803607,0
803608,0
803609,0
803610,0
803611,0
803612,0
803613,0
803614,0
803615,0
803616,0
803617,0
803618,0
803619,0
803620,0
803621,0
803622,0
803623,0
803624,0
803625,0
803626,0
803627,0
803628,0
803629,0
803630,0
803631,0
803632,0
803633,0
803634,0
803635,0
803636,0
803637,0
803638,0
803639,0
803640,0
803641,0
803642,0
803643,0
803644,0
803645,0
803646,0
803647,0
803648,0
803649,0
803650,0
803651,0
803652,0
803653,0
803654,0
803655,0
803656,0
803657,0
803658,0
803659,0
803660,0
803661,0
803662,0
803663,0
803664,0
803665,0
803666,0
803667,0
803668,0
803669,0
803670,0
803671,0
803672,0
803673,0
803674,0
803675,0
803676,0
803677,0
803678,0
803679,0
803680,0
803681,0
803682,0
803683,0
803684,0
803685,0
803686,0
803687,0
803688,0
803689,0
803690,0
803691,0
803692,0
803693,0
803694,0
803695,0
803696,0
803697,0
803698,0
803699,0
803700,0
803701,0
803702,0
803703,0
803704,0
803705,0
803706,0
803707,0
803708,0
803709,0
803710,0
803711,0
803712,0
803713,0
803714,0
803715,0
803716,0
803717,0
803718,0
803719,0
803720,0
803721,0
803722,0
803723,0
803724,0
803725,0
803726,0
803727,1
803728,0
803729,0
803730,0
803731,0
803732,0
803733,0
803734,0
803735,0
803736,0
803737,0
803738,0
803739,0
803740,0
803741,0
803742,0
803743,0
803744,0
803745,0
803746,0
803747,0
803748,0
803749,0
803750,0
803751,0
803752,0
803753,0
803754,0
803755,0
803756,0
803757,0
803758,0
803759,0
803760,0
803761,0
803762,0
803763,0
803764,0
803765,0
803766,0
803767,0
803768,0
803769,0
803770,0
803771,0
803772,0
803773,0
803774,0
803775,0
803776,0
803777,0
803778,0
803779,0
803780,0
803781,0
803782,0
803783,0
803784,0
803785,0
803786,0
803787,0
803788,0
803789,0
803790,0
803791,0
803792,0
803793,0
803794,0
803795,0
803796,0
803797,0
803798,0
803799,0
803800,1
803801,0
803802,0
803803,0
803804,0
803805,0
803806,0
803807,0
803808,1
803809,0
803810,0
803811,0
803812,0
803813,0
803814,0
803815,2
803816,0
803817,0
803818,0
803819,0
803820,0
803821,0
803822,0
803823,0
803824,0
803825,0
803826,0
803827,0
803828,0
803829,1
803830,0
803831,0
803832,0
803833,0
803834,0
803835,0
803836,0
803837,0
803838,0
803839,0
803840,0
803841,0
803842,1
803843,0
803844,0
803845,1
803846,0
803847,0
803848,0
803849,0
803850,0
803851,0
803852,0
803853,0
803854,2
803855,0
803856,1
803857,0
803858,0
803859,0
803860,0
803861,0
803862,0
803863,0
803864,0
803865,0
803866,0
803867,0
803868,0
803869,0
803870,0
803871,0
803872,0
803873,0
803874,0
803875,0
803876,0
803877,0
803878,0
803879,0
803880,0
803881,0
803882,0
803883,0
803884,1
803885,0
803886,0
803887,0
803888,0
803889,0
803890,0
803891,0
803892,0
803893,0
803894,0
803895,0
803896,0
803897,1
803898,0
803899,0
803900,0
803901,0
803902,0
803903,0
803904,1
803905,0
803906,0
803907,0
803908,0
803909,0
803910,0
803911,0
803912,0
803913,0
803914,0
803915,0
803916,0
803917,1
803918,0
803919,0
803920,0
803921,0
803922,0
803923,0
803924,0
803925,0
803926,0
803927,0
803928,0
803929,0
803930,1
803931,0
803932,0
803933,0
803934,0
803935,0
803936,0
803937,0
803938,0
803939,0
803940,0
803941,0
803942,0
803943,0
803944,0
803945,0
803946,0
803947,0
803948,0
803949,0
803950,0
803951,0
803952,0
803953,0
803954,0
803955,0
803956,0
803957,0
803958,0
803959,0
803960,0
803961,0
803962,0
803963,0
803964,0
803965,0
803966,0
803967,0
803968,0
803969,1
803970,0
803971,0
803972,1
803973,0
803974,0
803975,0
803976,0
803977,0
803978,0
803979,0
803980,0
803981,0
803982,0
803983,0
803984,0
803985,0
803986,1
803987,0
803988,0
803989,0
803990,0
803991,0
803992,0
803993,0
803994,0
803995,0
803996,0
803997,0
803998,1
803999,0
804000,0
804001,1
804002,0
804003,0
804004,0
804005,0
804006,0
804007,0
804008,2
804009,0
804010,0
804011,0
804012,0
804013,0
804014,0
804015,0
804016,0
804017,0
804018,0
804019,0
804020,0
804021,0
804022,1
804023,0
804024,0
804025,1
804026,0
804027,0
804028,0
804029,0
804030,0
804031,0
804032,0
804033,0
804034,0
804035,0
804036,0
804037,0
804038,0
804039,0
804040,0
804041,0
804042,0
804043,0
804044,1
804045,0
804046,1
804047,0
804048,0
804049,0
804050,0
804051,0
804052,0
804053,0
804054,0
804055,0
804056,0
804057,0
804058,0
804059,0
804060,0
804061,0
804062,1
804063,0
804064,0
804065,0
804066,0
804067,0
804068,0
804069,0
804070,1
804071,0
804072,0
804073,0
804074,0
804075,1
804076,0
804077,0
804078,0
804079,0
804080,0
804081,0
804082,2
804083,0
804084,0
804085,0
804086,0
804087,0
804088,0
804089,0
804090,0
804091,0
804092,0
804093,16
804094,0
804095,0
804096,0
804097,0
804098,0
804099,0
804100,0
804101,21
804102,0
804103,0
804104,0
804105,0
804106,0
804107,0
804108,0
804109,0
804110,0
804111,23
804112,0
804113,0
804114,0
804115,30
804116,0
804117,0
804118,32
804119,0
804120,0
804121,0
804122,0
804123,0
804124,0
804125,0
804126,0
804127,33
804128,0
804129,16
804130,0
804131,0
804132,0
804133,0
804134,23
804135,0
804136,0
804137,0
804138,0
804139,0
804140,0
804141,15
804142,0
804143,0
804144,19
804145,0
804146,0
804147,0
804148,0
804149,0
804150,0
804151,0
804152,0
804153,0
804154,0
804155,0
804156,0
804157,0
804158,0
804159,0
804160,0
804161,0
804162,0
804163,0
804164,0
804165,0
804166,0
804167,0
804168,0
804169,0
804170,0
804171,0
804172,0
804173,0
804174,0
804175,0
804176,0
804177,0
804178,0
804179,0
804180,0
804181,0
804182,0
804183,0
804184,0
804185,0
804186,0
804187,29
804188,0
804189,0
804190,20
804191,0
804192,0
804193,18
804194,0
804195,0
804196,0
804197,22
804198,0
804199,0
804200,23
804201,0
804202,0
804203,22
804204,0
804205,0
804206,18
804207,0
804208,0
804209,0
804210,0
804211,32
804212,0
804213,0
804214,0
804215,0
804216,0
804217,0
804218,0
804219,0
804220,0
804221,0
804222,0
804223,18
804224,0
804225,0
804226,0
804227,0
804228,16
804229,0
804230,0
804231,18
804232,0
804233,20
804234,0
804235,0
804236,0
804237,0
804238,0
804239,0
804240,0
804241,0
804242,0
804243,0
804244,0
804245,0
804246,0
804247,0
804248,0
804249,0
804250,0
804251,0
804252,0
804253,0
804254,0
804255,0
804256,16
804257,22
804258,0
804259,0
804260,0
804261,0
804262,31
804263,0
804264,0
804265,0
804266,0
804267,0
804268,0
804269,0
804270,0
804271,36
804272,0
804273,0
804274,0
804275,0
804276,0
804277,0
804278,0
804279,29
804280,0
804281,0
804282,28
804283,0
804284,0
804285,0
804286,0
804287,17
804288,0
804289,0
804290,0
804291,20
804292,21
804293,0
804294,0
804295,0
804296,0
804297,0
804298,0
804299,0
804300,0
804301,0
804302,0
804303,17
804304,0
804305,24
804306,0
804307,0
804308,0
804309,0
804310,19
804311,0
804312,21
804313,0
804314,0
804315,0
804316,0
804317,0
804318,0
804319,0
804320,0
804321,0
804322,0
804323,0
804324,0
804325,25
804326,0
804327,0
804328,0
804329,0
804330,0
804331,19
804332,0
804333,0
804334,0
804335,0
804336,0
804337,0
804338,0
804339,0
804340,0
804341,0
804342,0
804343,0
804344,0
804345,0
804346,15
804347,0
804348,0
804349,0
804350,0
804351,0
804352,0
804353,0
804354,0
804355,0
804356,0
804357,14
804358,0
804359,0
804360,0
804361,23
804362,0
804363,0
804364,0
804365,0
804366,0
804367,0
804368,15
804369,0
804370,0
804371,0
804372,24
804373,19
804374,0
804375,0
804376,0
804377,11
804378,0
804379,24
804380,0
804381,0
804382,0
804383,0
804384,0
804385,0
804386,0
804387,15
804388,0
804389,0
804390,0
804391,0
804392,0
804393,0
804394,36
804395,0
804396,0
804397,0
804398,0
804399,0
804400,0
804401,0
804402,0
804403,0
804404,0
804405,0
804406,19
804407,0
804408,0
804409,0
804410,0
804411,0
804412,0
804413,0
804414,26
804415,0
804416,0
804417,0
804418,0
804419,0
804420,0
804421,0
804422,0
804423,0
804424,0
804425,0
804426,0
804427,0
804428,0
804429,0
804430,0
804431,0
804432,0
804433,0
804434,0
804435,0
804436,0
804437,0
804438,0
804439,0
804440,0
804441,0
804442,0
804443,0
804444,0
804445,0
804446,0
804447,0
804448,0
804449,0
804450,28
804451,0
804452,0
804453,0
804454,0
804455,0
804456,0
804457,0
804458,0
804459,0
804460,0
804461,0
804462,0
804463,0
804464,0
804465,21
804466,0
804467,0
804468,0
804469,0
804470,0
804471,18
804472,0
804473,0
804474,0
804475,0
804476,29
804477,0
804478,0
804479,22
804480,0
804481,0
804482,0
804483,19
804484,0
804485,0
804486,0
804487,22
804488,20
804489,0
804490,0
804491,18
804492,0
804493,0
804494,0
804495,0
804496,0
804497,0
804498,0
804499,0
804500,0
804501,0
804502,0
804503,0
804504,0
804505,0
804506,0
804507,0
804508,0
804509,0
804510,0
804511,0
804512,0
804513,0
804514,0
804515,0
804516,0
804517,0
804518,0
804519,0
804520,0
804521,0
804522,0
804523,0
804524,0
804525,0
804526,0
804527,0
804528,0
804529,0
804530,20
804531,21
804532,0
804533,0
804534,0
804535,0
804536,0
804537,0
804538,0
804539,0
804540,0
804541,16
804542,23
804543,21
804544,0
804545,0
804546,0
804547,0
804548,0
804549,0
804550,0
804551,0
804552,0
804553,0
804554,0
804555,0
804556,0
804557,0
804558,0
804559,0
804560,0
804561,0
804562,0
804563,0
804564,0
804565,0
804566,0
804567,0
804568,0
804569,0
804570,0
804571,33
804572,0
804573,0
804574,23
804575,0
804576,0
804577,0
804578,19
804579,0
804580,0
804581,0
804582,0
804583,0
804584,26
804585,0
804586,0
804587,0
804588,0
804589,0
804590,0
804591,0
804592,16
804593,17
804594,0
804595,0
804596,21
804597,0
804598,0
804599,0
804600,0
804601,0
804602,41
804603,0
804604,0
804605,0
804606,0
804607,0
804608,0
804609,25
804610,0
804611,0
804612,21
804613,0
804614,0
804615,0
804616,0
804617,0
804618,0
804619,0
804620,0
804621,0
804622,0
804623,0
804624,0
804625,0
804626,0
804627,0
804628,0
804629,0
804630,0
804631,0
804632,0
804633,0
804634,0
804635,0
804636,0
804637,0
804638,0
804639,0
804640,23
804641,0
804642,0
804643,25
804644,0
804645,21
804646,0
804647,0
804648,0
804649,0
804650,0
804651,21
804652,0
804653,13
804654,0
804655,0
804656,0
804657,0
804658,0
804659,19
804660,18
804661,0
804662,0
804663,0
804664,0
804665,0
804666,0
804667,0
804668,0
804669,0
804670,0
804671,0
804672,0
804673,0
804674,0
804675,0
804676,0
804677,0
804678,1
804679,1
804680,0
804681,0
804682,0
804683,0
804684,0
804685,0
804686,0
804687,0
804688,0
804689,0
804690,0
804691,0
804692,3
804693,0
804694,0
804695,0
804696,0
804697,0
804698,0
804699,0
804700,0
804701,0
804702,0
804703,0
804704,0
804705,0
804706,0
804707,0
804708,2
804709,0
804710,0
804711,0
804712,0
804713,0
804714,0
804715,0
804716,0
804717,0
804718,0
804719,0
804720,0
804721,0
804722,0
804723,0
804724,0
804725,0
804726,0
804727,0
804728,0
804729,0
804730,0
804731,0
804732,0
804733,0
804734,0
804735,2
804736,0
804737,2
804738,1
804739,0
804740,0
804741,1
804742,0
804743,0
804744,0
804745,0
804746,0
804747,0
804748,0
804749,0
804750,0
804751,0
804752,0
804753,0
804754,0
804755,0
804756,0
804757,0
804758,0
804759,0
804760,1
804761,0
804762,0
804763,0
804764,1
804765,0
804766,0
804767,3
804768,0
804769,0
804770,0
804771,1
804772,1
804773,0
804774,0
804775,0
804776,0
804777,0
804778,0
804779,0
804780,0
804781,0
804782,0
804783,0
804784,0
804785,0
804786,0
804787,0
804788,0
804789,0
804790,0
804791,0
804792,0
804793,0
804794,0
804795,0
804796,0
804797,3
804798,0
804799,0
804800,1
804801,0
804802,1
804803,1
804804,0
804805,1
804806,0
804807,1
804808,0
804809,0
804810,1
804811,0
804812,0
804813,0
804814,0
804815,0
804816,0
804817,0
804818,0
804819,3
804820,0
804821,0
804822,0
804823,0
804824,0
804825,0
804826,0
804827,0
804828,0
804829,0
804830,0
804831,1
804832,0
804833,0
804834,0
804835,0
804836,0
804837,2
804838,0
804839,0
804840,0
804841,0
804842,0
804843,0
804844,0
804845,0
804846,0
804847,0
804848,1
804849,0
804850,0
804851,0
804852,0
804853,1
804854,0
804855,1
804856,0
804857,0
804858,0
804859,0
804860,0
804861,0
804862,1
804863,0
804864,2
804865,1
804866,0
804867,0
804868,0
804869,0
804870,0
804871,2
804872,0
804873,0
804874,0
804875,0
804876,0
804877,0
804878,0
804879,0
804880,0
804881,0
804882,0
804883,0
804884,0
804885,0
804886,0
804887,0
804888,0
804889,0
804890,0
804891,0
804892,0
804893,0
804894,0
804895,0
804896,0
804897,0
804898,0
804899,0
804900,0
804901,0
804902,0
804903,0
804904,0
804905,2
804906,0
804907,0
804908,0
804909,0
804910,0
804911,0
804912,2
804913,0
804914,0
804915,0
804916,0
804917,0
804918,1
804919,0
804920,0
804921,0
804922,0
804923,0
804924,0
804925,0
804926,0
804927,0
804928,0
804929,0
804930,1
804931,0
804932,0
804933,2
804934,1
804935,0
804936,0
804937,0
804938,0
804939,0
804940,0
804941,0
804942,0
804943,1
804944,1
804945,0
804946,0
804947,0
804948,0
804949,0
804950,0
804951,0
804952,0
804953,0
804954,0
804955,1
804956,0
804957,0
804958,0
804959,0
804960,0
804961,0
804962,0
804963,0
804964,0
804965,0
804966,0
804967,0
804968,0
804969,0
804970,0
804971,0
804972,0
804973,0
804974,0
804975,0
804976,2
804977,0
804978,0
804979,3
804980,0
804981,0
804982,0
804983,0
804984,0
804985,0
804986,0
804987,1
804988,0
804989,0
804990,0
804991,0
804992,0
804993,0
804994,0
804995,0
804996,0
804997,0
804998,0
804999,0
805000,0
805001,0
805002,0
805003,0
805004,0
805005,0
805006,0
805007,0
805008,0
805009,0
805010,0
805011,0
805012,0
805013,0
805014,1
805015,0
805016,0
805017,0
805018,0
805019,0
805020,0
805021,0
805022,0
805023,1
805024,0
805025,0
805026,0
805027,0
805028,1
805029,0
805030,0
805031,1
805032,0
805033,2
805034,3
805035,0
805036,0
805037,0
805038,0
805039,0
805040,0
805041,0
805042,0
805043,0
805044,0
805045,0
805046,0
805047,1
805048,0
805049,0
805050,0
805051,1
805052,0
805053,0
805054,0
805055,0
805056,0
805057,0
805058,0
805059,21
805060,0
805061,0
805062,0
805063,0
805064,0
805065,0
805066,0
805067,0
805068,13
805069,0
805070,0
805071,20
805072,0
805073,0
805074,0
805075,19
805076,0
805077,0
805078,0
805079,0
805080,13
805081,19
805082,0
805083,0
805084,0
805085,7
805086,0
805087,17
805088,0
805089,0
805090,0
805091,14
805092,0
805093,4
805094,0
805095,0
805096,0
805097,0
805098,9
805099,0
805100,0
805101,0
805102,0
805103,0
805104,18
805105,16
805106,0
805107,0
805108,0
805109,0
805110,0
805111,0
805112,0
805113,0
805114,0
805115,11
805116,0
805117,22
805118,0
805119,0
805120,0
805121,0
805122,0
805123,0
805124,0
805125,16
805126,0
805127,0
805128,0
805129,18
805130,0
805131,0
805132,0
805133,0
805134,0
805135,0
805136,0
805137,0
805138,57
805139,35
805140,0
805141,41
805142,0
805143,0
805144,40
805145,0
805146,57
805147,0
805148,32
805149,0
805150,21
805151,0
805152,0
805153,0
805154,0
805155,0
805156,42
805157,0
805158,0
805159,0
805160,0
805161,0
805162,0
805163,0
805164,0
805165,0
805166,0
805167,0
805168,17
805169,0
805170,0
805171,39
805172,30
805173,0
805174,0
805175,0
805176,0
805177,0
805178,34
805179,0
805180,0
805181,0
805182,0
805183,53
805184,0
805185,40
805186,0
805187,0
805188,0
805189,0
805190,0
805191,0
805192,0
805193,0
805194,0
805195,50
805196,28
805197,0
805198,0
805199,0
805200,0
805201,0
805202,29
805203,0
805204,0
805205,0
805206,0
805207,47
805208,0
805209,0
805210,57
805211,0
805212,0
805213,0
805214,0
805215,0
805216,0
805217,34
805218,55
805219,0
805220,0
805221,0
805222,0
805223,0
805224,0
805225,0
805226,0
805227,0
805228,54
805229,0
805230,0
805231,44
805232,27
805233,0
805234,0
805235,40
805236,0
805237,0
805238,0
805239,0
805240,0
805241,0
805242,0
805243,0
805244,0
805245,35
805246,49
805247,0
805248,0
805249,0
805250,39
805251,0
805252,0
805253,0
805254,0
805255,29
805256,0
805257,0
805258,39
805259,0
805260,0
805261,0
805262,33
805263,0
805264,0
805265,0
805266,37
805267,28
805268,38
805269,0
805270,42
805271,0
805272,25
805273,0
805274,57
805275,0
805276,0
805277,0
805278,27
805279,0
805280,0
805281,38
805282,36
805283,0
805284,0
805285,0
805286,0
805287,53
805288,0
805289,0
805290,0
805291,0
805292,0
805293,0
805294,0
805295,0
805296,0
805297,0
805298,0
805299,0
805300,0
805301,0
805302,0
805303,28
805304,0
805305,0
805306,0
805307,0
805308,42
805309,0
805310,0
805311,27
805312,0
805313,0
805314,0
805315,0
805316,0
805317,0
805318,52
805319,0
805320,0
805321,0
805322,0
805323,0
805324,37
805325,0
805326,0
805327,0
805328,31
805329,0
805330,0
805331,0
805332,0
805333,0
805334,0
805335,34
805336,0
805337,0
805338,0
805339,34
805340,0
805341,0
805342,37
805343,51
805344,0
805345,30
805346,0
805347,0
805348,28
805349,0
805350,0
805351,0
805352,0
805353,42
805354,0
805355,0
805356,0
805357,0
805358,0
805359,0
805360,0
805361,46
805362,30
805363,0
805364,0
805365,0
805366,0
805367,0
805368,38
805369,0
805370,0
805371,58
805372,0
805373,0
805374,0
805375,0
805376,40
805377,0
805378,0
805379,0
805380,0
805381,0
805382,0
805383,0
805384,0
805385,28
805386,0
805387,0
805388,29
805389,0
805390,0
805391,42
805392,0
805393,0
805394,0
805395,0
805396,0
805397,0
805398,0
805399,0
805400,0
805401,0
805402,0
805403,0
805404,0
805405,23
805406,0
805407,37
805408,0
805409,0
805410,0
805411,0
805412,0
805413,0
805414,0
805415,58
805416,0
805417,0
805418,0
805419,0
805420,0
805421,29
805422,0
805423,0
805424,40
805425,0
805426,0
805427,31
805428,0
805429,0
805430,0
805431,24
805432,0
805433,0
805434,0
805435,0
805436,0
805437,0
805438,0
805439,0
805440,0
805441,0
805442,0
805443,51
805444,0
805445,0
805446,0
805447,0
805448,0
805449,0
805450,0
805451,0
805452,30
805453,0
805454,0
805455,0
805456,0
805457,0
805458,0
805459,44
805460,0
805461,0
805462,0
805463,26
805464,0
805465,0
805466,0
805467,0
805468,0
805469,0
805470,0
805471,0
805472,0
805473,0
805474,0
805475,0
805476,45
805477,40
805478,0
805479,0
805480,0
805481,26
805482,0
805483,0
805484,45
805485,0
805486,0
805487,39
805488,0
805489,57
805490,37
805491,0
805492,0
805493,0
805494,0
805495,0
805496,0
805497,0
805498,0
805499,0
805500,0
805501,0
805502,0
805503,0
805504,0
805505,50
805506,0
805507,0
805508,0
805509,0
805510,0
805511,0
805512,0
805513,0
805514,0
805515,0
805516,0
805517,0
805518,0
805519,35
805520,0
805521,0
805522,0
805523,43
805524,0
805525,0
805526,43
805527,0
805528,28
805529,40
805530,0
805531,0
805532,0
805533,0
805534,0
805535,0
805536,0
805537,41
805538,0
805539,37
805540,0
805541,28
805542,0
805543,35
805544,0
805545,0
805546,0
805547,34
805548,0
805549,0
805550,0
805551,0
805552,54
805553,47
805554,0
805555,0
805556,0
805557,0
805558,0
805559,0
805560,0
805561,0
805562,38
805563,0
805564,0
805565,0
805566,0
805567,0
805568,31
805569,0
805570,0
805571,0
805572,42
805573,0
805574,31
805575,0
805576,0
805577,47
805578,0
805579,0
805580,0
805581,0
805582,0
805583,25
805584,0
805585,0
805586,56
805587,0
805588,0
805589,0
805590,0
805591,0
805592,0
805593,46
805594,0
805595,0
805596,0
805597,35
805598,0
805599,0
805600,41
805601,0
805602,0
805603,0
805604,0
805605,0
805606,0
805607,0
805608,28
805609,0
805610,0
805611,0
805612,0
805613,0
805614,37
805615,0
805616,23
805617,0
805618,0
805619,0
805620,0
805621,0
805622,0
805623,0
805624,0
805625,0
805626,0
805627,42
805628,0
805629,0
805630,0
805631,0
805632,28
805633,0
805634,0
805635,0
805636,0
805637,0
805638,44
805639,0
805640,0
805641,42
805642,17
805643,0
805644,0
805645,0
805646,49
805647,0
805648,40
805649,0
805650,0
805651,22
805652,0
805653,0
805654,0
805655,51
805656,42
805657,0
805658,0
805659,0
805660,0
805661,0
805662,27
805663,0
805664,0
805665,21
805666,0
805667,0
805668,0
805669,0
805670,0
805671,0
805672,0
805673,0
805674,40
805675,0
805676,0
805677,41
805678,0
805679,0
805680,42
805681,0
805682,0
805683,0
805684,0
805685,0
805686,0
805687,0
805688,0
805689,0
805690,0
805691,0
805692,0
805693,24
805694,0
805695,0
805696,0
805697,0
805698,28
805699,0
805700,0
805701,38
805702,31
805703,0
805704,0
805705,0
805706,0
805707,45
805708,0
805709,0
805710,0
805711,0
805712,0
805713,0
805714,0
805715,38
805716,0
805717,0
805718,0
805719,0
805720,0
805721,0
805722,0
805723,0
805724,0
805725,0
805726,0
805727,0
805728,48
805729,0
805730,47
805731,0
805732,0
805733,0
805734,0
805735,36
805736,0
805737,0
805738,0
805739,0
805740,0
805741,0
805742,0
805743,0
805744,0
805745,0
805746,31
805747,38
805748,0
805749,0
805750,0
805751,32
805752,0
805753,0
805754,0
805755,0
805756,0
805757,0
805758,0
805759,34
805760,0
805761,0
805762,0
805763,0
805764,0
805765,0
805766,46
805767,26
805768,51
805769,0
805770,0
805771,0
805772,0
805773,0
805774,42
805775,0
805776,0
805777,0
805778,0
805779,39
805780,0
805781,0
805782,27
805783,0
805784,0
805785,0
805786,0
805787,0
805788,0
805789,0
805790,48
805791,0
805792,0
805793,0
805794,0
805795,0
805796,48
805797,0
805798,0
805799,0
805800,0
805801,0
805802,0
805803,0
805804,0
805805,0
805806,46
805807,0
805808,0
805809,0
805810,0
805811,0
805812,0
805813,4
805814,0
805815,0
805816,0
805817,0
805818,0
805819,0
805820,0
805821,0
805822,0
805823,0
805824,0
805825,0
805826,0
805827,0
805828,0
805829,0
805830,10
805831,0
805832,0
805833,0
805834,0
805835,0
805836,0
805837,0
805838,0
805839,0
805840,0
805841,0
805842,0
805843,0
805844,0
805845,0
805846,0
805847,0
805848,0
805849,0
805850,0
805851,0
805852,0
805853,0
805854,0
805855,0
805856,0
805857,0
805858,0
805859,0
805860,0
805861,0
805862,2
805863,0
805864,0
805865,0
805866,0
805867,0
805868,0
805869,0
805870,0
805871,0
805872,0
805873,0
805874,0
805875,0
805876,0
805877,7
805878,0
805879,0
805880,0
805881,4
805882,0
805883,0
805884,0
805885,0
805886,0
805887,8
805888,0
805889,11
805890,0
805891,0
805892,0
805893,0
805894,0
805895,0
805896,0
805897,0
805898,0
805899,0
805900,0
805901,0
805902,0
805903,0
805904,0
805905,0
805906,0
805907,0
805908,0
805909,0
805910,0
805911,0
805912,0
805913,0
805914,0
805915,0
805916,0
805917,0
805918,0
805919,0
805920,0
805921,11
805922,0
805923,0
805924,0
805925,0
805926,0
805927,0
805928,0
805929,0
805930,0
805931,0
805932,9
805933,0
805934,0
805935,0
805936,0
805937,0
805938,0
805939,0
805940,0
805941,0
805942,0
805943,0
805944,0
805945,0
805946,0
805947,0
805948,7
805949,0
805950,0
805951,0
805952,0
805953,0
805954,0
805955,0
805956,0
805957,10
805958,0
805959,0
805960,0
805961,0
805962,3
805963,0
805964,0
805965,0
805966,0
805967,0
805968,0
805969,0
805970,0
805971,0
805972,0
805973,6
805974,0
805975,0
805976,0
805977,0
805978,0
805979,0
805980,0
805981,0
805982,0
805983,0
805984,0
805985,0
805986,0
805987,0
805988,0
805989,0
805990,11
805991,0
805992,0
805993,0
805994,0
805995,0
805996,9
805997,0
805998,0
805999,0
806000,0
806001,0
806002,0
806003,0
806004,8
806005,0
806006,0
806007,0
806008,0
806009,0
806010,0
806011,0
806012,0
806013,0
806014,0
806015,0
806016,0
806017,0
806018,0
806019,0
806020,0
806021,0
806022,0
806023,0
806024,0
806025,0
806026,0
806027,0
806028,0
806029,0
806030,0
806031,0
806032,0
806033,0
806034,0
806035,0
806036,0
806037,0
806038,12
806039,0
806040,0
806041,0
806042,0
806043,0
806044,0
806045,8
806046,17
806047,0
806048,0
806049,0
806050,0
806051,0
806052,0
806053,0
806054,0
806055,4
806056,0
806057,0
806058,0
806059,0
806060,0
806061,0
806062,0
806063,0
806064,0
806065,0
806066,0
806067,0
806068,7
806069,0
806070,0
806071,0
806072,0
806073,0
806074,0
806075,12
806076,0
806077,0
806078,0
806079,0
806080,0
806081,3
806082,0
806083,0
806084,0
806085,0
806086,0
806087,8
806088,0
806089,0
806090,0
806091,0
806092,0
806093,0
806094,0
806095,0
806096,0
806097,0
806098,0
806099,0
806100,0
806101,0
806102,0
806103,0
806104,0
806105,0
806106,0
806107,0
806108,11
806109,0
806110,0
806111,5
806112,0
806113,0
806114,0
806115,0
806116,0
806117,0
806118,0
806119,0
806120,0
806121,0
806122,0
806123,0
806124,0
806125,0
806126,0
806127,0
806128,0
806129,0
806130,0
806131,0
806132,0
806133,0
806134,0
806135,0
806136,0
806137,6
806138,0
806139,0
806140,0
806141,0
806142,0
806143,0
806144,0
806145,0
806146,0
806147,0
806148,0
806149,0
806150,0
806151,0
806152,0
806153,0
806154,5
806155,0
806156,0
806157,0
806158,0
806159,0
806160,0
806161,0
806162,8
806163,0
806164,0
806165,0
806166,0
806167,0
806168,0
806169,0
806170,7
806171,0
806172,0
806173,0
806174,0
806175,0
806176,0
806177,0
806178,0
806179,0
806180,0
806181,0
806182,0
806183,6
806184,0
806185,0
806186,0
806187,0
806188,0
806189,0
806190,0
806191,0
806192,0
806193,0
806194,0
806195,0
806196,16
806197,0
806198,5
806199,8
806200,0
806201,0
806202,0
806203,0
806204,0
806205,0
806206,0
806207,0
806208,0
806209,0
806210,0
806211,0
806212,0
806213,0
806214,0
806215,0
806216,0
806217,0
806218,0
806219,0
806220,0
806221,0
806222,0
806223,0
806224,0
806225,0
806226,0
806227,0
806228,0
806229,0
806230,0
806231,0
806232,0
806233,0
806234,0
806235,0
806236,0
806237,0
806238,0
806239,0
806240,0
806241,19
806242,0
806243,0
806244,0
806245,0
806246,0
806247,0
806248,0
806249,0
806250,0
806251,0
806252,0
806253,0
806254,0
806255,0
806256,0
806257,0
806258,0
806259,0
806260,0
806261,0
806262,0
806263,6
806264,0
806265,0
806266,0
806267,0
806268,0
806269,0
806270,0
806271,0
806272,0
806273,0
806274,0
806275,0
806276,0
806277,5
806278,7
806279,0
806280,0
806281,0
806282,0
806283,0
806284,0
806285,0
806286,0
806287,13
806288,0
806289,0
806290,0
806291,0
806292,0
806293,10
806294,0
806295,0
806296,0
806297,0
806298,0
806299,0
806300,0
806301,0
806302,0
806303,6
806304,0
806305,0
806306,0
806307,0
806308,0
806309,13
806310,0
806311,0
806312,0
806313,0
806314,0
806315,0
806316,0
806317,0
806318,0
806319,0
806320,0
806321,0
806322,0
806323,0
806324,0
806325,0
806326,0
806327,0
806328,0
806329,0
806330,0
806331,0
806332,0
806333,0
806334,0
806335,0
806336,0
806337,0
806338,0
806339,0
806340,0
806341,0
806342,0
806343,0
806344,0
806345,0
806346,0
806347,0
806348,0
806349,6
806350,0
806351,0
806352,0
806353,0
806354,0
806355,16
806356,5
806357,0
806358,0
806359,0
806360,7
806361,0
806362,0
806363,0
806364,0
806365,9
806366,0
806367,0
806368,0
806369,0
806370,0
806371,0
806372,8
806373,0
806374,0
806375,0
806376,0
806377,0
806378,0
806379,0
806380,0
806381,0
806382,0
806383,0
806384,0
806385,0
806386,0
806387,12
806388,0
806389,0
806390,0
806391,0
806392,0
806393,0
806394,0
806395,0
806396,0
806397,13
806398,0
806399,0
806400,0
806401,0
806402,7
806403,0
806404,1
806405,0
806406,0
806407,0
806408,0
806409,0
806410,0
806411,0
806412,0
806413,0
806414,0
806415,0
806416,0
806417,0
806418,0
806419,0
806420,0
806421,0
806422,0
806423,0
806424,0
806425,0
806426,0
806427,6
806428,0
806429,0
806430,0
806431,0
806432,6
806433,0
806434,0
806435,0
806436,0
806437,0
806438,0
806439,0
806440,0
806441,0
806442,0
806443,0
806444,0
806445,14
806446,0
806447,0
806448,0
806449,0
806450,0
806451,0
806452,0
806453,0
806454,0
806455,0
806456,10
806457,0
806458,0
806459,0
806460,0
806461,0
806462,0
806463,0
806464,0
806465,0
806466,0
806467,4
806468,0
806469,0
806470,0
806471,0
806472,0
806473,0
806474,0
806475,0
806476,12
806477,0
806478,0
806479,0
806480,0
806481,0
806482,0
806483,0
806484,0
806485,0
806486,0
806487,0
806488,0
806489,0
806490,0
806491,12
806492,0
806493,0
806494,0
806495,0
806496,0
806497,3
806498,9
806499,0
806500,0
806501,0
806502,0
806503,0
806504,0
806505,0
806506,0
806507,0
806508,0
806509,0
806510,18
806511,0
806512,0
806513,0
806514,0
806515,0
806516,0
806517,0
806518,0
806519,0
806520,0
806521,18
806522,19
806523,15
806524,0
806525,0
806526,0
806527,22
806528,0
806529,0
806530,24
806531,0
806532,0
806533,0
806534,0
806535,0
806536,0
806537,29
806538,0
806539,0
806540,0
806541,10
806542,0
806543,0
806544,0
806545,0
806546,0
806547,0
806548,0
806549,0
806550,14
806551,0
806552,31
806553,0
806554,0
806555,0
806556,0
806557,0
806558,34
806559,0
806560,0
806561,39
806562,22
806563,0
806564,0
806565,0
806566,0
806567,25
806568,0
806569,0
806570,25
806571,17
806572,0
806573,0
806574,0
806575,0
806576,0
806577,0
806578,0
806579,0
806580,0
806581,0
806582,30
806583,0
806584,37
806585,0
806586,18
806587,0
806588,0
806589,0
806590,0
806591,0
806592,0
806593,0
806594,0
806595,0
806596,0
806597,26
806598,0
806599,0
806600,0
806601,0
806602,0
806603,0
806604,0
806605,0
806606,0
806607,0
806608,0
806609,0
806610,0
806611,0
806612,28
806613,0
806614,0
806615,0
806616,16
806617,0
806618,0
806619,18
806620,0
806621,0
806622,0
806623,0
806624,0
806625,0
806626,0
806627,0
806628,22
806629,18
806630,28
806631,0
806632,23
806633,0
806634,0
806635,15
806636,0
806637,16
806638,0
806639,0
806640,0
806641,0
806642,29
806643,0
806644,0
806645,25
806646,7
806647,0
806648,0
806649,0
806650,0
806651,0
806652,0
806653,0
806654,0
806655,0
806656,0
806657,18
806658,16
806659,0
806660,15
806661,0
806662,0
806663,0
806664,0
806665,0
806666,0
806667,0
806668,0
806669,0
806670,0
806671,0
806672,0
806673,14
806674,0
806675,0
806676,0
806677,0
806678,0
806679,0
806680,0
806681,26
806682,14
806683,0
806684,0
806685,0
806686,23
806687,0
806688,0
806689,0
806690,0
806691,0
806692,0
806693,0
806694,0
806695,0
806696,20
806697,25
806698,0
806699,0
806700,0
806701,0
806702,21
806703,0
806704,0
806705,24
806706,0
806707,0
806708,0
806709,0
806710,18
806711,0
806712,0
806713,0
806714,27
806715,15
806716,0
806717,0
806718,0
806719,0
806720,0
806721,0
806722,0
806723,0
806724,0
806725,17
806726,18
806727,0
806728,11
806729,0
806730,0
806731,40
806732,0
806733,0
806734,0
806735,0
806736,0
806737,0
806738,0
806739,0
806740,21
806741,0
806742,0
806743,0
806744,18
806745,22
806746,0
806747,21
806748,0
806749,0
806750,0
806751,10
806752,0
806753,0
806754,0
806755,10
806756,0
806757,41
806758,0
806759,0
806760,36
806761,0
806762,0
806763,0
806764,0
806765,10
806766,0
806767,11
806768,0
806769,0
806770,37
806771,0
806772,0
806773,0
806774,0
806775,27
806776,0
806777,0
806778,0
806779,0
806780,0
806781,0
806782,0
806783,31
806784,0
806785,25
806786,0
806787,0
806788,0
806789,22
806790,0
806791,15
806792,0
806793,0
806794,0
806795,31
806796,0
806797,0
806798,0
806799,0
806800,0
806801,0
806802,0
806803,0
806804,0
806805,0
806806,0
806807,0
806808,34
806809,0
806810,0
806811,27
806812,0
806813,0
806814,0
806815,0
806816,0
806817,21
806818,0
806819,0
806820,18
806821,0
806822,20
806823,0
806824,21
806825,0
806826,0
806827,25
806828,0
806829,0
806830,0
806831,0
806832,0
806833,0
806834,0
806835,0
806836,0
806837,0
806838,18
806839,0
806840,0
806841,0
806842,19
806843,0
806844,0
806845,0
806846,0
806847,0
806848,0
806849,0
806850,0
806851,0
806852,0
806853,0
806854,0
806855,33
806856,0
806857,0
806858,0
806859,19
806860,0
806861,12
806862,0
806863,0
806864,0
806865,0
806866,11
806867,0
806868,0
806869,0
806870,0
806871,0
806872,33
806873,27
806874,0
806875,44
806876,0
806877,0
806878,0
806879,0
806880,0
806881,28
806882,0
806883,0
806884,25
806885,0
806886,0
806887,0
806888,18
806889,15
806890,0
806891,0
806892,0
806893,0
806894,0
806895,25
806896,0
806897,0
806898,0
806899,11
806900,0
806901,0
806902,0
806903,0
806904,0
806905,0
806906,23
806907,0
806908,0
806909,0
806910,0
806911,0
806912,16
806913,22
806914,29
806915,0
806916,0
806917,0
806918,0
806919,0
806920,0
806921,0
806922,0
806923,0
806924,0
806925,0
806926,0
806927,0
806928,0
806929,0
806930,25
806931,0
806932,0
806933,0
806934,0
806935,0
806936,0
806937,0
806938,0
806939,24
806940,0
806941,0
806942,26
806943,0
806944,0
806945,0
806946,0
806947,0
806948,16
806949,0
806950,0
806951,0
806952,0
806953,0
806954,0
806955,0
806956,0
806957,0
806958,0
806959,0
806960,0
806961,0
806962,0
806963,0
806964,35
806965,0
806966,0
806967,0
806968,18
806969,0
806970,0
806971,0
806972,0
806973,0
806974,21
806975,18
806976,27
806977,0
806978,0
806979,0
806980,17
806981,28
806982,0
806983,0
806984,22
806985,0
806986,0
806987,0
806988,0
806989,0
806990,23
806991,33
806992,0
806993,0
806994,0
806995,0
806996,0
806997,0
806998,0
806999,21
807000,0
807001,12
807002,35
807003,0
807004,0
807005,0
807006,0
807007,0
807008,0
807009,0
807010,0
807011,0
807012,0
807013,0
807014,0
807015,22
807016,0
807017,0
807018,0
807019,0
807020,0
807021,0
807022,0
807023,0
807024,0
807025,0
807026,0
807027,0
807028,0
807029,0
807030,0
807031,0
807032,0
807033,0
807034,0
807035,0
807036,0
807037,0
807038,0
807039,0
807040,0
807041,0
807042,0
807043,0
807044,0
807045,0
807046,0
807047,0
807048,0
807049,0
807050,0
807051,0
807052,0
807053,0
807054,0
807055,0
807056,0
807057,0
807058,0
807059,0
807060,0
807061,0
807062,0
807063,27
807064,0
807065,0
807066,0
807067,0
807068,0
807069,0
807070,0
807071,0
807072,0
807073,0
807074,0
807075,0
807076,31
807077,0
807078,0
807079,0
807080,0
807081,0
807082,0
807083,0
807084,26
807085,0
807086,0
807087,0
807088,0
807089,0
807090,0
807091,0
807092,0
807093,0
807094,0
807095,19
807096,0
807097,0
807098,0
807099,0
807100,0
807101,0
807102,0
807103,0
807104,0
807105,0
807106,0
807107,0
807108,0
807109,0
807110,0
807111,0
807112,0
807113,0
807114,0
807115,0
807116,0
807117,33
807118,0
807119,0
807120,0
807121,0
807122,0
807123,0
807124,0
807125,0
807126,0
807127,0
807128,0
807129,31
807130,46
807131,0
807132,0
807133,0
807134,21
807135,0
807136,0
807137,0
807138,0
807139,0
807140,0
807141,0
807142,0
807143,0
807144,0
807145,55
807146,34
807147,18
807148,0
807149,0
807150,0
807151,0
807152,41
807153,0
807154,0
807155,16
807156,0
807157,26
807158,0
807159,0
807160,54
807161,0
807162,0
807163,24
807164,0
807165,0
807166,0
807167,0
807168,0
807169,0
807170,0
807171,15
807172,0
807173,0
807174,0
807175,0
807176,0
807177,0
807178,35
807179,0
807180,49
807181,28
807182,0
807183,44
807184,0
807185,0
807186,0
807187,0
807188,0
807189,0
807190,38
807191,0
807192,0
807193,0
807194,54
807195,0
807196,0
807197,0
807198,45
807199,0
807200,0
807201,32
807202,33
807203,0
807204,0
807205,7
807206,0
807207,0
807208,0
807209,0
807210,0
807211,0
807212,38
807213,0
807214,0
807215,0
807216,0
807217,37
807218,0
807219,34
807220,0
807221,0
807222,0
807223,0
807224,0
807225,36
807226,0
807227,27
807228,0
807229,0
807230,0
807231,35
807232,0
807233,40
807234,0
807235,0
807236,0
807237,0
807238,0
807239,0
807240,0
807241,0
807242,0
807243,0
807244,0
807245,0
807246,47
807247,0
807248,0
807249,0
807250,0
807251,0
807252,0
807253,0
807254,0
807255,0
807256,0
807257,0
807258,0
807259,0
807260,39
807261,0
807262,29
807263,0
807264,0
807265,33
807266,0
807267,0
807268,0
807269,40
807270,0
807271,0
807272,36
807273,34
807274,0
807275,55
807276,0
807277,43
807278,0
807279,30
807280,23
807281,22
807282,0
807283,0
807284,0
807285,0
807286,0
807287,0
807288,0
807289,0
807290,0
807291,0
807292,0
807293,19
807294,0
807295,55
807296,0
807297,0
807298,0
807299,0
807300,0
807301,0
807302,19
807303,28
807304,22
807305,0
807306,0
807307,0
807308,26
807309,0
807310,0
807311,0
807312,0
807313,0
807314,0
807315,0
807316,0
807317,0
807318,0
807319,38
807320,0
807321,58
807322,0
807323,0
807324,20
807325,0
807326,0
807327,80
807328,0
807329,26
807330,0
807331,0
807332,0
807333,0
807334,0
807335,0
807336,0
807337,0
807338,0
807339,0
807340,31
807341,0
807342,0
807343,35
807344,0
807345,0
807346,42
807347,0
807348,0
807349,0
807350,28
807351,0
807352,0
807353,0
807354,0
807355,48
807356,0
807357,0
807358,0
807359,0
807360,0
807361,0
807362,0
807363,0
807364,57
807365,0
807366,35
807367,0
807368,0
807369,0
807370,0
807371,0
807372,0
807373,0
807374,0
807375,0
807376,0
807377,0
807378,56
807379,32
807380,0
807381,0
807382,0
807383,0
807384,0
807385,0
807386,0
807387,40
807388,0
807389,0
807390,0
807391,0
807392,0
807393,0
807394,0
807395,0
807396,0
807397,32
807398,0
807399,0
807400,0
807401,0
807402,0
807403,0
807404,0
807405,0
807406,0
807407,0
807408,0
807409,0
807410,33
807411,0
807412,0
807413,0
807414,0
807415,51
807416,50
807417,27
807418,0
807419,0
807420,0
807421,27
807422,31
807423,74
807424,46
807425,50
807426,0
807427,0
807428,33
807429,0
807430,0
807431,18
807432,0
807433,0
807434,0
807435,0
807436,0
807437,0
807438,50
807439,0
807440,0
807441,32
807442,0
807443,15
807444,27
807445,0
807446,0
807447,0
807448,42
807449,0
807450,42
807451,37
807452,22
807453,0
807454,0
807455,0
807456,0
807457,0
807458,0
807459,0
807460,0
807461,0
807462,0
807463,50
807464,0
807465,0
807466,26
807467,28
807468,0
807469,37
807470,44
807471,0
807472,36
807473,17
807474,0
807475,0
807476,43
807477,0
807478,38
807479,0
807480,0
807481,0
807482,0
807483,0
807484,0
807485,30
807486,0
807487,0
807488,0
807489,46
807490,47
807491,34
807492,37
807493,0
807494,48
807495,0
807496,52
807497,0
807498,43
807499,0
807500,0
807501,0
807502,44
807503,24
807504,0
807505,0
807506,0
807507,0
807508,33
807509,0
807510,63
807511,0
807512,0
807513,0
807514,0
807515,0
807516,0
807517,51
807518,53
807519,0
807520,27
807521,77
807522,0
807523,0
807524,0
807525,10
807526,32
807527,0
807528,28
807529,0
807530,14
807531,0
807532,0
807533,0
807534,0
807535,13
807536,0
807537,0
807538,0
807539,24
807540,0
807541,0
807542,0
807543,0
807544,33
807545,0
807546,0
807547,0
807548,0
807549,0
807550,0
807551,46
807552,0
807553,0
807554,0
807555,0
807556,0
807557,51
807558,0
807559,0
807560,0
807561,0
807562,0
807563,38
807564,0
807565,0
807566,0
807567,0
807568,0
807569,24
807570,0
807571,0
807572,42
807573,0
807574,0
807575,0
807576,31
807577,0
807578,0
807579,0
807580,0
807581,0
807582,31
807583,53
807584,0
807585,0
807586,39
807587,0
807588,0
807589,0
807590,0
807591,64
807592,0
807593,23
807594,0
807595,48
807596,0
807597,21
807598,0
807599,0
807600,0
807601,0
807602,57
807603,0
807604,0
807605,0
807606,44
807607,0
807608,44
807609,0
807610,0
807611,0
807612,0
807613,36
807614,0
807615,0
807616,0
807617,0
807618,38
807619,0
807620,0
807621,0
807622,0
807623,45
807624,0
807625,0
807626,0
807627,0
807628,0
807629,0
807630,0
807631,0
807632,0
807633,0
807634,0
807635,0
807636,39
807637,0
807638,48
807639,0
807640,0
807641,31
807642,43
807643,0
807644,34
807645,0
807646,55
807647,0
807648,0
807649,0
807650,20
807651,21
807652,19
807653,0
807654,35
807655,0
807656,0
807657,0
807658,0
807659,0
807660,41
807661,0
807662,0
807663,32
807664,0
807665,0
807666,40
807667,0
807668,0
807669,0
807670,0
807671,0
807672,45
807673,0
807674,0
807675,0
807676,0
807677,30
807678,0
807679,0
807680,0
807681,22
807682,0
807683,22
807684,29
807685,31
807686,18
807687,47
807688,34
807689,23
807690,0
807691,0
807692,0
807693,44
807694,0
807695,0
807696,0
807697,0
807698,0
807699,0
807700,0
807701,0
807702,0
807703,0
807704,0
807705,32
807706,0
807707,51
807708,0
807709,24
807710,0
807711,0
807712,0
807713,0
807714,0
807715,0
807716,0
807717,0
807718,0
807719,40
807720,20
807721,32
807722,0
807723,55
807724,41
807725,13
807726,0
807727,0
807728,0
807729,0
807730,22
807731,43
807732,0
807733,0
807734,0
807735,47
807736,0
807737,0
807738,0
807739,36
807740,0
807741,38
807742,0
807743,0
807744,0
807745,0
807746,0
807747,0
807748,0
807749,0
807750,0
807751,36
807752,0
807753,0
807754,27
807755,0
807756,0
807757,0
807758,0
807759,79
807760,0
807761,0
807762,29
807763,31
807764,0
807765,0
807766,0
807767,0
807768,0
807769,0
807770,0
807771,41
807772,47
807773,21
807774,0
807775,0
807776,0
807777,0
807778,0
807779,0
807780,36
807781,25
807782,0
807783,0
807784,0
807785,0
807786,0
807787,0
807788,0
807789,12
807790,69
807791,50
807792,12
807793,0
807794,0
807795,0
807796,0
807797,0
807798,28
807799,0
807800,0
807801,0
807802,27
807803,0
807804,0
807805,32
807806,0
807807,18
807808,38
807809,38
807810,0
807811,0
807812,0
807813,32
807814,0
807815,0
807816,0
807817,0
807818,0
807819,0
807820,0
807821,44
807822,0
807823,0
807824,0
807825,0
807826,27
807827,0
807828,0
807829,0
807830,0
807831,0
807832,37
807833,0
807834,0
807835,40
807836,0
807837,0
807838,0
807839,0
807840,0
807841,43
807842,0
807843,33
807844,0
807845,0
807846,27
807847,0
807848,39
807849,68
807850,0
807851,0
807852,0
807853,54
807854,0
807855,0
807856,0
807857,26
807858,0
807859,0
807860,53
807861,0
807862,0
807863,0
807864,0
807865,0
807866,24
807867,0
807868,0
807869,0
807870,0
807871,0
807872,0
807873,0
807874,0
807875,0
807876,0
807877,29
807878,0
807879,0
807880,0
807881,0
807882,0
807883,25
807884,0
807885,39
807886,0
807887,0
807888,0
807889,0
807890,39
807891,0
807892,0
807893,0
807894,0
807895,0
807896,0
807897,0
807898,35
807899,34
807900,51
807901,0
807902,0
807903,0
807904,25
807905,0
807906,42
807907,43
807908,0
807909,21
807910,0
807911,43
807912,0
807913,40
807914,47
807915,0
807916,0
807917,0
807918,0
807919,0
807920,0
807921,20
807922,0
807923,0
807924,0
807925,0
807926,0
807927,0
807928,0
807929,0
807930,0
807931,0
807932,34
807933,0
807934,0
807935,22
807936,0
807937,35
807938,42
807939,0
807940,41
807941,0
807942,0
807943,65
807944,35
807945,22
807946,0
807947,0
807948,43
807949,10
807950,0
807951,0
807952,51
807953,0
807954,27
807955,0
807956,0
807957,29
807958,0
807959,0
807960,0
807961,16
807962,28
807963,37
807964,0
807965,0
807966,0
807967,0
807968,0
807969,0
807970,84
807971,14
807972,59
807973,0
807974,20
807975,0
807976,0
807977,0
807978,0
807979,0
807980,30
807981,0
807982,0
807983,19
807984,0
807985,0
807986,0
807987,42
807988,0
807989,38
807990,0
807991,0
807992,0
807993,0
807994,33
807995,26
807996,0
807997,18
807998,0
807999,0
808000,0
808001,0
808002,0
808003,0
808004,0
808005,0
808006,0
808007,0
808008,10
808009,0
808010,0
808011,0
808012,0
808013,16
808014,0
808015,0
808016,0
808017,0
808018,0
808019,0
808020,0
808021,0
808022,0
808023,0
808024,20
808025,0
808026,17
808027,0
808028,0
808029,0
808030,0
808031,0
808032,0
808033,24
808034,0
808035,31
808036,0
808037,0
808038,0
808039,13
808040,17
808041,0
808042,0
808043,0
808044,0
808045,0
808046,0
808047,0
808048,0
808049,0
808050,0
808051,0
808052,0
808053,0
808054,0
808055,0
808056,0
808057,0
808058,0
808059,0
808060,0
808061,0
808062,21
808063,0
808064,0
808065,0
808066,0
808067,0
808068,0
808069,0
808070,0
808071,0
808072,0
808073,0
808074,0
808075,0
808076,24
808077,0
808078,0
808079,0
808080,0
808081,0
808082,0
808083,0
808084,0
808085,0
808086,0
808087,13
808088,0
808089,0
808090,0
808091,0
808092,0
808093,0
808094,13
808095,21
808096,0
808097,0
808098,0
808099,17
808100,22
808101,0
808102,0
808103,0
808104,25
808105,20
808106,0
808107,0
808108,0
808109,0
808110,0
808111,0
808112,0
808113,0
808114,0
808115,0
808116,0
808117,0
808118,0
808119,0
808120,0
808121,25
808122,0
808123,0
808124,0
808125,0
808126,0
808127,16
808128,0
808129,0
808130,0
808131,24
808132,0
808133,0
808134,0
808135,16
808136,0
808137,0
808138,0
808139,0
808140,0
808141,0
808142,0
808143,0
808144,0
808145,0
808146,0
808147,0
808148,0
808149,0
808150,0
808151,0
808152,0
808153,0
808154,0
808155,0
808156,0
808157,0
808158,0
808159,0
808160,0
808161,0
808162,0
808163,18
808164,20
808165,0
808166,0
808167,0
808168,0
808169,0
808170,0
808171,19
808172,0
808173,10
808174,0
808175,0
808176,0
808177,0
808178,0
808179,0
808180,0
808181,0
808182,0
808183,12
808184,0
808185,20
808186,0
808187,0
808188,0
808189,12
808190,0
808191,0
808192,0
808193,25
808194,0
808195,0
808196,0
808197,0
808198,0
808199,0
808200,13
808201,0
808202,0
808203,0
808204,16
808205,0
808206,0
808207,0
808208,0
808209,0
808210,0
808211,0
808212,0
808213,0
808214,0
808215,0
808216,0
808217,14
808218,0
808219,0
808220,0
808221,0
808222,0
808223,20
808224,0
808225,0
808226,0
808227,23
808228,0
808229,0
808230,0
808231,0
808232,26
808233,9
808234,0
808235,0
808236,10
808237,0
808238,0
808239,0
808240,0
808241,0
808242,0
808243,0
808244,0
808245,11
808246,22
808247,0
808248,21
808249,0
808250,0
808251,0
808252,0
808253,0
808254,0
808255,0
808256,29
808257,0
808258,0
808259,0
808260,0
808261,0
808262,0
808263,8
808264,0
808265,0
808266,0
808267,0
808268,0
808269,11
808270,0
808271,0
808272,0
808273,0
808274,0
808275,21
808276,0
808277,0
808278,0
808279,0
808280,0
808281,0
808282,0
808283,0
808284,0
808285,0
808286,26
808287,0
808288,0
808289,0
808290,0
808291,0
808292,0
808293,19
808294,0
808295,0
808296,0
808297,0
808298,0
808299,0
808300,0
808301,0
808302,0
808303,14
808304,0
808305,0
808306,20
808307,0
808308,0
808309,19
808310,0
808311,0
808312,0
808313,0
808314,0
808315,0
808316,0
808317,19
808318,0
808319,0
808320,21
808321,0
808322,0
808323,0
808324,0
808325,13
808326,0
808327,0
808328,0
808329,0
808330,0
808331,0
808332,19
808333,0
808334,0
808335,0
808336,0
808337,0
808338,0
808339,14
808340,22
808341,0
808342,17
808343,0
808344,0
808345,0
808346,18
808347,0
808348,0
808349,0
808350,21
808351,0
808352,0
808353,0
808354,0
808355,0
808356,0
808357,0
808358,0
808359,0
808360,0
808361,0
808362,0
808363,0
808364,0
808365,0
808366,0
808367,0
808368,0
808369,0
808370,0
808371,0
808372,0
808373,0
808374,0
808375,0
808376,20
808377,0
808378,0
808379,0
808380,0
808381,0
808382,0
808383,0
808384,0
808385,0
808386,0
808387,0
808388,0
808389,0
808390,0
808391,0
808392,0
808393,0
808394,0
808395,0
808396,0
808397,21
808398,0
808399,0
808400,0
808401,0
808402,0
808403,0
808404,0
808405,0
808406,20
808407,0
808408,0
808409,0
808410,7
808411,0
808412,0
808413,0
808414,0
808415,0
808416,19
808417,0
808418,0
808419,16
808420,0
808421,0
808422,0
808423,16
808424,0
808425,0
808426,0
808427,0
808428,0
808429,0
808430,0
808431,0
808432,0
808433,0
808434,0
808435,0
808436,0
808437,0
808438,0
808439,0
808440,0
808441,0
808442,0
808443,0
808444,0
808445,0
808446,0
808447,0
808448,0
808449,0
808450,0
808451,0
808452,21
808453,0
808454,0
808455,0
808456,0
808457,0
808458,0
808459,13
808460,0
808461,0
808462,0
808463,0
808464,0
808465,0
808466,0
808467,0
808468,0
808469,0
808470,0
808471,15
808472,0
808473,0
808474,0
808475,0
808476,0
808477,0
808478,0
808479,0
808480,0
808481,0
808482,0
808483,0
808484,0
808485,0
808486,0
808487,0
808488,0
808489,0
808490,0
808491,0
808492,0
808493,0
808494,0
808495,0
808496,0
808497,0
808498,0
808499,0
808500,0
808501,0
808502,0
808503,0
808504,0
808505,0
808506,0
808507,0
808508,0
808509,0
808510,29
808511,0
808512,0
808513,0
808514,0
808515,52
808516,40
808517,0
808518,0
808519,0
808520,0
808521,0
808522,0
808523,0
808524,0
808525,31
808526,38
808527,0
808528,0
808529,0
808530,0
808531,33
808532,0
808533,0
808534,28
808535,0
808536,0
808537,0
808538,0
808539,0
808540,0
808541,0
808542,0
808543,0
808544,0
808545,0
808546,0
808547,0
808548,0
808549,0
808550,0
808551,0
808552,0
808553,0
808554,0
808555,0
808556,0
808557,34
808558,0
808559,39
808560,0
808561,0
808562,0
808563,0
808564,0
808565,0
808566,0
808567,0
808568,38
808569,0
808570,0
808571,0
808572,31
808573,0
808574,0
808575,0
808576,0
808577,0
808578,0
808579,0
808580,0
808581,0
808582,0
808583,0
808584,0
808585,0
808586,0
808587,0
808588,0
808589,39
808590,0
808591,0
808592,0
808593,0
808594,0
808595,0
808596,0
808597,0
808598,0
808599,0
808600,33
808601,0
808602,0
808603,0
808604,0
808605,0
808606,0
808607,0
808608,0
808609,0
808610,35
808611,0
808612,37
808613,0
808614,0
808615,0
808616,0
808617,0
808618,28
808619,0
808620,0
808621,39
808622,35
808623,33
808624,0
808625,0
808626,28
808627,0
808628,26
808629,0
808630,0
808631,0
808632,0
808633,0
808634,0
808635,0
808636,0
808637,0
808638,0
808639,0
808640,0
808641,0
808642,0
808643,0
808644,0
808645,0
808646,0
808647,0
808648,0
808649,0
808650,0
808651,0
808652,0
808653,0
808654,0
808655,0
808656,0
808657,0
808658,0
808659,0
808660,0
808661,0
808662,0
808663,0
808664,0
808665,0
808666,0
808667,0
808668,0
808669,0
808670,0
808671,0
808672,0
808673,0
808674,0
808675,0
808676,0
808677,0
808678,0
808679,0
808680,0
808681,0
808682,0
808683,0
808684,0
808685,0
808686,42
808687,0
808688,0
808689,0
808690,28
808691,49
808692,0
808693,0
808694,0
808695,0
808696,0
808697,0
808698,0
808699,0
808700,0
808701,44
808702,0
808703,0
808704,0
808705,0
808706,0
808707,0
808708,0
808709,0
808710,0
808711,0
808712,0
808713,0
808714,0
808715,0
808716,0
808717,0
808718,0
808719,0
808720,0
808721,0
808722,0
808723,0
808724,0
808725,0
808726,0
808727,0
808728,0
808729,0
808730,0
808731,0
808732,0
808733,0
808734,0
808735,0
808736,0
808737,0
808738,0
808739,0
808740,0
808741,0
808742,0
808743,0
808744,23
808745,0
808746,0
808747,0
808748,0
808749,0
808750,0
808751,0
808752,0
808753,0
808754,0
808755,0
808756,0
808757,0
808758,0
808759,0
808760,0
808761,0
808762,0
808763,0
808764,0
808765,0
808766,0
808767,0
808768,0
808769,0
808770,0
808771,0
808772,0
808773,0
808774,0
808775,0
808776,0
808777,0
808778,0
808779,0
808780,0
808781,0
808782,0
808783,0
808784,0
808785,0
808786,0
808787,0
808788,0
808789,0
808790,0
808791,0
808792,0
808793,0
808794,0
808795,0
808796,0
808797,0
808798,0
808799,14
808800,0
808801,0
808802,0
808803,0
808804,0
808805,0
808806,0
808807,0
808808,0
808809,0
808810,0
808811,0
808812,0
808813,0
808814,0
808815,0
808816,0
808817,0
808818,0
808819,0
808820,0
808821,0
808822,0
808823,0
808824,0
808825,0
808826,0
808827,0
808828,0
808829,0
808830,0
808831,0
808832,0
808833,21
808834,0
808835,0
808836,0
808837,0
808838,0
808839,18
808840,0
808841,0
808842,0
808843,0
808844,0
808845,0
808846,0
808847,0
808848,0
808849,0
808850,0
808851,0
808852,0
808853,0
808854,0
808855,0
808856,0
808857,0
808858,0
808859,0
808860,0
808861,0
808862,0
808863,0
808864,0
808865,0
808866,0
808867,0
808868,0
808869,0
808870,0
808871,0
808872,0
808873,0
808874,0
808875,0
808876,0
808877,23
808878,0
808879,9
808880,0
808881,0
808882,0
808883,0
808884,0
808885,0
808886,0
808887,0
808888,21
808889,18
808890,0
808891,0
808892,0
808893,0
808894,20
808895,0
808896,0
808897,0
808898,0
808899,0
808900,18
808901,0
808902,0
808903,0
808904,0
808905,0
808906,0
808907,0
808908,0
808909,0
808910,0
808911,0
808912,0
808913,0
808914,0
808915,0
808916,0
808917,0
808918,0
808919,0
808920,0
808921,0
808922,0
808923,0
808924,0
808925,0
808926,0
808927,18
808928,0
808929,0
808930,0
808931,0
808932,0
808933,0
808934,0
808935,0
808936,0
808937,0
808938,0
808939,0
808940,0
808941,0
808942,0
808943,0
808944,0
808945,0
808946,0
808947,0
808948,0
808949,0
808950,0
808951,0
808952,0
808953,0
808954,0
808955,0
808956,0
808957,0
808958,0
808959,0
808960,0
808961,0
808962,0
808963,0
808964,0
808965,0
808966,0
808967,0
808968,0
808969,35
808970,0
808971,0
808972,0
808973,0
808974,0
808975,0
808976,0
808977,11
808978,0
808979,0
808980,0
808981,0
808982,0
808983,0
808984,0
808985,0
808986,0
808987,0
808988,26
808989,0
808990,0
808991,0
808992,0
808993,22
808994,0
808995,18
808996,0
808997,0
808998,11
808999,0
809000,0
809001,0
809002,0
809003,18
809004,0
809005,0
809006,0
809007,0
809008,0
809009,0
809010,24
809011,0
809012,0
809013,0
809014,0
809015,0
809016,0
809017,12
809018,0
809019,0
809020,22
809021,0
809022,0
809023,0
809024,0
809025,0
809026,0
809027,0
809028,0
809029,18
809030,0
809031,0
809032,0
809033,0
809034,0
809035,19
809036,0
809037,0
809038,0
809039,0
809040,0
809041,0
809042,0
809043,0
809044,0
809045,0
809046,0
809047,0
809048,0
809049,0
809050,0
809051,0
809052,0
809053,0
809054,0
809055,0
809056,0
809057,0
809058,0
809059,29
809060,0
809061,0
809062,0
809063,0
809064,0
809065,0
809066,0
809067,13
809068,0
809069,0
809070,21
809071,0
809072,0
809073,0
809074,23
809075,0
809076,0
809077,0
809078,16
809079,0
809080,0
809081,0
809082,0
809083,0
809084,20
809085,0
809086,0
809087,13
809088,0
809089,0
809090,0
809091,0
809092,22
809093,14
809094,27
809095,21
809096,0
809097,0
809098,18
809099,26
809100,20
809101,0
809102,0
809103,0
809104,0
809105,36
809106,0
809107,31
809108,0
809109,0
809110,0
809111,0
809112,25
809113,20
809114,0
809115,0
809116,0
809117,0
809118,22
809119,0
809120,14
809121,16
809122,0
809123,0
809124,30
809125,0
809126,0
809127,30
809128,0
809129,0
809130,0
809131,27
809132,0
809133,10
809134,14
809135,13
809136,0
809137,0
809138,0
809139,10
809140,0
809141,0
809142,0
809143,0
809144,12
809145,13
809146,29
809147,0
809148,0
809149,0
809150,0
809151,0
809152,0
809153,29
809154,0
809155,0
809156,0
809157,0
809158,0
809159,0
809160,16
809161,25
809162,0
809163,0
809164,0
809165,0
809166,11
809167,0
809168,0
809169,13
809170,23
809171,18
809172,32
809173,0
809174,0
809175,12
809176,0
809177,0
809178,0
809179,0
809180,0
809181,0
809182,0
809183,0
809184,0
809185,0
809186,0
809187,0
809188,0
809189,0
809190,0
809191,18
809192,0
809193,0
809194,0
809195,15
809196,0
809197,0
809198,15
809199,0
809200,0
809201,0
809202,0
809203,0
809204,21
809205,20
809206,0
809207,0
809208,0
809209,0
809210,0
809211,12
809212,0
809213,11
809214,0
809215,0
809216,0
809217,0
809218,0
809219,0
809220,0
809221,29
809222,0
809223,0
809224,7
809225,0
809226,21
809227,19
809228,0
809229,0
809230,0
809231,0
809232,0
809233,0
809234,15
809235,0
809236,14
809237,34
809238,0
809239,0
809240,0
809241,31
809242,0
809243,0
809244,0
809245,0
809246,0
809247,0
809248,0
809249,0
809250,0
809251,0
809252,0
809253,18
809254,22
809255,6
809256,0
809257,0
809258,24
809259,0
809260,0
809261,0
809262,22
809263,0
809264,0
809265,0
809266,24
809267,11
809268,0
809269,0
809270,0
809271,0
809272,0
809273,14
809274,16
809275,13
809276,0
809277,9
809278,18
809279,16
809280,0
809281,21
809282,10
809283,0
809284,23
809285,0
809286,0
809287,0
809288,0
809289,0
809290,12
809291,0
809292,12
809293,0
809294,0
809295,0
809296,15
809297,0
809298,0
809299,0
809300,0
809301,15
809302,0
809303,10
809304,0
809305,0
809306,15
809307,14
809308,0
809309,0
809310,0
809311,0
809312,0
809313,0
809314,24
809315,0
809316,0
809317,0
809318,14
809319,0
809320,15
809321,0
809322,19
809323,15
809324,15
809325,12
809326,0
809327,13
809328,0
809329,0
809330,0
809331,0
809332,38
809333,0
809334,0
809335,0
809336,0
809337,0
809338,0
809339,0
809340,0
809341,0
809342,0
809343,0
809344,25
809345,0
809346,0
809347,0
809348,21
809349,0
809350,0
809351,0
809352,0
809353,0
809354,18
809355,0
809356,0
809357,0
809358,0
809359,0
809360,26
809361,26
809362,22
809363,0
809364,0
809365,19
809366,23
809367,27
809368,0
809369,0
809370,19
809371,44
809372,34
809373,0
809374,0
809375,0
809376,0
809377,0
809378,0
809379,0
809380,0
809381,0
809382,0
809383,0
809384,0
809385,0
809386,21
809387,21
809388,0
809389,0
809390,31
809391,0
809392,17
809393,0
809394,0
809395,0
809396,0
809397,0
809398,12
809399,0
809400,0
809401,17
809402,0
809403,0
809404,0
809405,0
809406,0
809407,0
809408,17
809409,0
809410,0
809411,0
809412,0
809413,0
809414,0
809415,22
809416,14
809417,0
809418,21
809419,0
809420,0
809421,0
809422,0
809423,0
809424,0
809425,24
809426,17
809427,13
809428,0
809429,0
809430,23
809431,0
809432,7
809433,0
809434,0
809435,0
809436,0
809437,29
809438,0
809439,0
809440,0
809441,0
809442,0
809443,0
809444,0
809445,0
809446,0
809447,0
809448,0
809449,0
809450,0
809451,0
809452,0
809453,0
809454,0
809455,0
809456,0
809457,0
809458,0
809459,0
809460,48
809461,24
809462,0
809463,0
809464,46
809465,0
809466,0
809467,33
809468,0
809469,0
809470,0
809471,0
809472,0
809473,0
809474,0
809475,0
809476,0
809477,0
809478,27
809479,0
809480,20
809481,0
809482,0
809483,0
809484,0
809485,0
809486,35
809487,0
809488,0
809489,0
809490,0
809491,0
809492,0
809493,0
809494,0
809495,0
809496,0
809497,28
809498,0
809499,0
809500,0
809501,0
809502,0
809503,0
809504,19
809505,0
809506,0
809507,45
809508,39
809509,0
809510,0
809511,0
809512,0
809513,0
809514,0
809515,0
809516,0
809517,0
809518,24
809519,0
809520,0
809521,0
809522,19
809523,0
809524,0
809525,0
809526,0
809527,25
809528,0
809529,53
809530,0
809531,0
809532,0
809533,0
809534,0
809535,0
809536,0
809537,0
809538,0
809539,29
809540,0
809541,29
809542,0
809543,0
809544,0
809545,47
809546,0
809547,0
809548,17
809549,0
809550,0
809551,0
809552,0
809553,0
809554,0
809555,0
809556,14
809557,0
809558,0
809559,20
809560,0
809561,22
809562,0
809563,0
809564,0
809565,0
809566,0
809567,0
809568,0
809569,0
809570,0
809571,0
809572,0
809573,0
809574,0
809575,47
809576,0
809577,0
809578,0
809579,0
809580,0
809581,0
809582,0
809583,0
809584,0
809585,0
809586,0
809587,0
809588,0
809589,0
809590,34
809591,0
809592,0
809593,0
809594,0
809595,0
809596,0
809597,0
809598,0
809599,0
809600,0
809601,30
809602,0
809603,0
809604,0
809605,30
809606,0
809607,0
809608,0
809609,0
809610,0
809611,0
809612,0
809613,0
809614,0
809615,0
809616,0
809617,41
809618,0
809619,0
809620,0
809621,0
809622,0
809623,0
809624,0
809625,0
809626,0
809627,37
809628,31
809629,0
809630,0
809631,0
809632,0
809633,0
809634,0
809635,0
809636,0
809637,0
809638,0
809639,0
809640,0
809641,0
809642,0
809643,29
809644,0
809645,0
809646,0
809647,0
809648,0
809649,0
809650,28
809651,0
809652,0
809653,0
809654,0
809655,0
809656,0
809657,17
809658,0
809659,0
809660,0
809661,0
809662,0
809663,0
809664,38
809665,0
809666,0
809667,0
809668,0
809669,0
809670,0
809671,0
809672,0
809673,0
809674,0
809675,28
809676,0
809677,0
809678,0
809679,0
809680,27
809681,0
809682,0
809683,0
809684,0
809685,40
809686,0
809687,0
809688,0
809689,0
809690,39
809691,0
809692,0
809693,0
809694,0
809695,0
809696,0
809697,0
809698,0
809699,0
809700,44
809701,0
809702,0
809703,0
809704,0
809705,0
809706,0
809707,35
809708,0
809709,0
809710,0
809711,0
809712,0
809713,0
809714,61
809715,0
809716,51
809717,0
809718,2
809719,0
809720,0
809721,0
809722,0
809723,8
809724,0
809725,0
809726,9
809727,0
809728,0
809729,18
809730,0
809731,0
809732,0
809733,0
809734,0
809735,0
809736,0
809737,15
809738,0
809739,0
809740,0
809741,12
809742,11
809743,18
809744,0
809745,10
809746,6
809747,0
809748,0
809749,0
809750,16
809751,6
809752,12
809753,0
809754,0
809755,18
809756,0
809757,0
809758,0
809759,0
809760,0
809761,0
809762,0
809763,0
809764,0
809765,0
809766,8
809767,0
809768,30
809769,0
809770,0
809771,0
809772,13
809773,7
809774,0
809775,9
809776,0
809777,0
809778,11
809779,11
809780,13
809781,0
809782,0
809783,0
809784,0
809785,0
809786,0
809787,0
809788,0
809789,18
809790,0
809791,6
809792,0
809793,0
809794,0
809795,0
809796,0
809797,0
809798,0
809799,0
809800,0
809801,0
809802,0
809803,0
809804,14
809805,4
809806,0
809807,0
809808,0
809809,0
809810,0
809811,0
809812,0
809813,10
809814,0
809815,0
809816,0
809817,12
809818,0
809819,7
809820,16
809821,0
809822,0
809823,0
809824,0
809825,7
809826,0
809827,0
809828,15
809829,0
809830,10
809831,0
809832,11
809833,0
809834,0
809835,0
809836,1
809837,0
809838,0
809839,0
809840,0
809841,0
809842,0
809843,9
809844,0
809845,0
809846,21
809847,0
809848,0
809849,0
809850,0
809851,0
809852,0
809853,0
809854,0
809855,0
809856,0
809857,5
809858,0
809859,0
809860,0
809861,0
809862,0
809863,0
809864,0
809865,0
809866,0
809867,16
809868,0
809869,9
809870,14
809871,0
809872,0
809873,0
809874,0
809875,13
809876,0
809877,0
809878,0
809879,0
809880,0
809881,0
809882,0
809883,0
809884,0
809885,0
809886,0
809887,0
809888,19
809889,0
809890,5
809891,0
809892,0
809893,0
809894,0
809895,0
809896,9
809897,0
809898,0
809899,10
809900,0
809901,0
809902,3
809903,15
809904,0
809905,0
809906,0
809907,13
809908,0
809909,0
809910,0
809911,0
809912,0
809913,10
809914,0
809915,0
809916,0
809917,0
809918,0
809919,0
809920,14
809921,24
809922,0
809923,15
809924,0
809925,10
809926,11
809927,0
809928,0
809929,0
809930,0
809931,0
809932,0
809933,0
809934,6
809935,0
809936,11
809937,0
809938,0
809939,0
809940,0
809941,0
809942,0
809943,0
809944,20
809945,0
809946,0
809947,0
809948,0
809949,0
809950,0
809951,0
809952,0
809953,0
809954,14
809955,0
809956,0
809957,21
809958,0
809959,14
809960,0
809961,0
809962,6
809963,0
809964,0
809965,19
809966,0
809967,0
809968,0
809969,14
809970,0
809971,11
809972,0
809973,0
809974,0
809975,0
809976,15
809977,0
809978,0
809979,0
809980,0
809981,15
809982,17
809983,0
809984,0
809985,0
809986,10
809987,0
809988,0
809989,0
809990,0
809991,0
809992,0
809993,0
809994,0
809995,6
809996,0
809997,13
809998,0
809999,10
810000,0
810001,0
810002,0
810003,0
810004,18
810005,18
810006,0
810007,0
810008,0
810009,13
810010,0
810011,0
810012,0
810013,0
810014,18
810015,0
810016,0
810017,0
810018,0
810019,0
810020,0
810021,0
810022,0
810023,0
810024,0
810025,16
810026,0
810027,0
810028,0
810029,0
810030,0
810031,0
810032,0
810033,0
810034,0
810035,7
810036,0
810037,0
810038,14
810039,0
810040,0
810041,11
810042,11
810043,0
810044,0
810045,0
810046,0
810047,13
810048,0
810049,8
810050,0
810051,0
810052,0
810053,8
810054,0
810055,0
810056,0
810057,0
810058,0
810059,0
810060,0
810061,0
810062,0
810063,0
810064,0
810065,0
810066,10
810067,0
810068,0
810069,0
810070,0
810071,0
810072,12
810073,0
810074,9
810075,0
810076,0
810077,0
810078,0
810079,0
810080,0
810081,0
810082,0
810083,0
810084,13
810085,17
810086,0
810087,0
810088,0
810089,0
810090,0
810091,0
810092,0
810093,0
810094,0
810095,0
810096,10
810097,0
810098,0
810099,0
810100,0
810101,0
810102,0
810103,0
810104,0
810105,9
810106,0
810107,0
810108,0
810109,0
810110,0
810111,9
810112,7
810113,0
810114,8
810115,0
810116,0
810117,0
810118,0
810119,0
810120,0
810121,0
810122,0
810123,15
810124,0
810125,13
810126,12
810127,0
810128,0
810129,4
810130,0
810131,0
810132,0
810133,0
810134,22
810135,0
810136,0
810137,14
810138,0
810139,0
810140,0
810141,0
810142,0
810143,0
810144,0
810145,0
810146,8
810147,0
810148,0
810149,0
810150,0
810151,0
810152,0
810153,0
810154,0
810155,0
810156,0
810157,0
810158,7
810159,5
810160,0
810161,12
810162,0
810163,0
810164,0
810165,0
810166,0
810167,0
810168,0
810169,26
810170,8
810171,0
810172,0
810173,0
810174,11
810175,0
810176,0
810177,0
810178,9
810179,0
810180,8
810181,0
810182,0
810183,8
810184,0
810185,7
810186,0
810187,9
810188,16
810189,0
810190,0
810191,12
810192,7
810193,0
810194,0
810195,12
810196,18
810197,0
810198,18
810199,0
810200,0
810201,14
810202,0
810203,0
810204,0
810205,0
810206,0
810207,25
810208,29
810209,0
810210,0
810211,0
810212,0
810213,0
810214,0
810215,0
810216,11
810217,6
810218,0
810219,0
810220,0
810221,17
810222,0
810223,0
810224,0
810225,13
810226,0
810227,0
810228,9
810229,0
810230,0
810231,13
810232,0
810233,15
810234,0
810235,0
810236,0
810237,0
810238,0
810239,0
810240,0
810241,0
810242,0
810243,0
810244,39
810245,0
810246,0
810247,0
810248,0
810249,0
810250,0
810251,0
810252,0
810253,0
810254,0
810255,0
810256,0
810257,0
810258,0
810259,0
810260,0
810261,0
810262,0
810263,0
810264,0
810265,0
810266,0
810267,30
810268,0
810269,0
810270,0
810271,0
810272,0
810273,29
810274,0
810275,0
810276,0
810277,0
810278,0
810279,0
810280,43
810281,0
810282,0
810283,33
810284,0
810285,0
810286,0
810287,0
810288,0
810289,0
810290,0
810291,0
810292,0
810293,0
810294,0
810295,0
810296,60
810297,0
810298,0
810299,0
810300,31
810301,0
810302,0
810303,0
810304,0
810305,0
810306,0
810307,0
810308,0
810309,29
810310,0
810311,0
810312,0
810313,0
810314,0
810315,0
810316,0
810317,0
810318,0
810319,0
810320,0
810321,0
810322,0
810323,0
810324,0
810325,0
810326,0
810327,0
810328,32
810329,0
810330,0
810331,0
810332,0
810333,0
810334,0
810335,0
810336,0
810337,0
810338,0
810339,0
810340,0
810341,0
810342,0
810343,0
810344,0
810345,0
810346,0
810347,0
810348,0
810349,0
810350,0
810351,0
810352,0
810353,0
810354,0
810355,29
810356,0
810357,0
810358,0
810359,0
810360,0
810361,0
810362,0
810363,22
810364,0
810365,0
810366,0
810367,0
810368,0
810369,0
810370,0
810371,0
810372,36
810373,0
810374,0
810375,0
810376,0
810377,0
810378,0
810379,0
810380,0
810381,0
810382,0
810383,0
810384,0
810385,0
810386,0
810387,0
810388,34
810389,0
810390,0
810391,0
810392,0
810393,0
810394,0
810395,0
810396,0
810397,0
810398,0
810399,0
810400,0
810401,0
810402,0
810403,0
810404,0
810405,0
810406,0
810407,0
810408,24
810409,0
810410,0
810411,0
810412,0
810413,0
810414,0
810415,0
810416,0
810417,0
810418,0
810419,0
810420,0
810421,0
810422,0
810423,0
810424,0
810425,0
810426,0
810427,0
810428,0
810429,0
810430,0
810431,0
810432,0
810433,0
810434,34
810435,0
810436,0
810437,0
810438,0
810439,0
810440,0
810441,0
810442,0
810443,0
810444,0
810445,0
810446,30
810447,0
810448,0
810449,0
810450,0
810451,0
810452,0
810453,0
810454,0
810455,0
810456,0
810457,0
810458,0
810459,0
810460,0
810461,0
810462,0
810463,0
810464,0
810465,0
810466,0
810467,0
810468,0
810469,0
810470,0
810471,0
810472,0
810473,0
810474,0
810475,0
810476,0
810477,0
810478,0
810479,23
810480,0
810481,0
810482,0
810483,0
810484,0
810485,0
810486,0
810487,0
810488,0
810489,0
810490,0
810491,0
810492,0
810493,0
810494,0
810495,0
810496,44
810497,0
810498,0
810499,0
810500,0
810501,0
810502,0
810503,0
810504,44
810505,0
810506,0
810507,0
810508,0
810509,0
810510,0
810511,0
810512,0
810513,0
810514,0
810515,0
810516,0
810517,0
810518,0
810519,0
810520,0
810521,0
810522,0
810523,0
810524,0
810525,0
810526,0
810527,0
810528,0
810529,0
810530,0
810531,0
810532,0
810533,0
810534,0
810535,18
810536,0
810537,0
810538,0
810539,0
810540,0
810541,0
810542,0
810543,24
810544,0
810545,0
810546,0
810547,0
810548,0
810549,0
810550,0
810551,0
810552,0
810553,0
810554,0
810555,0
810556,0
810557,0
810558,0
810559,0
810560,0
810561,0
810562,0
810563,0
810564,0
810565,37
810566,0
810567,0
810568,0
810569,0
810570,43
810571,30
810572,0
810573,0
810574,0
810575,0
810576,0
810577,0
810578,0
810579,0
810580,0
810581,0
810582,0
810583,0
810584,0
810585,0
810586,0
810587,0
810588,0
810589,0
810590,0
810591,0
810592,0
810593,0
810594,0
810595,0
810596,0
810597,0
810598,0
810599,0
810600,0
810601,0
810602,0
810603,0
810604,0
810605,0
810606,0
810607,0
810608,0
810609,32
810610,0
810611,0
810612,0
810613,0
810614,0
810615,0
810616,0
810617,0
810618,0
810619,0
810620,0
810621,0
810622,0
810623,0
810624,0
810625,0
810626,0
810627,0
810628,0
810629,0
810630,0
810631,0
810632,0
810633,0
810634,0
810635,0
810636,0
810637,0
810638,0
810639,0
810640,0
810641,0
810642,0
810643,0
810644,0
810645,0
810646,0
810647,0
810648,0
810649,0
810650,0
810651,0
810652,0
810653,0
810654,0
810655,0
810656,0
810657,0
810658,0
810659,0
810660,0
810661,0
810662,0
810663,0
810664,0
810665,0
810666,0
810667,0
810668,0
810669,0
810670,0
810671,0
810672,0
810673,0
810674,0
810675,0
810676,0
810677,0
810678,0
810679,0
810680,0
810681,0
810682,0
810683,0
810684,0
810685,0
810686,0
810687,0
810688,0
810689,0
810690,0
810691,28
810692,0
810693,0
810694,0
810695,0
810696,0
810697,0
810698,0
810699,0
810700,0
810701,0
810702,0
810703,22
810704,0
810705,0
810706,0
810707,0
810708,0
810709,0
810710,0
810711,0
810712,0
810713,0
810714,0
810715,34
810716,40
810717,0
810718,0
810719,0
810720,0
810721,0
810722,0
810723,0
810724,0
810725,0
810726,0
810727,0
810728,0
810729,0
810730,24
810731,0
810732,0
810733,0
810734,0
810735,0
810736,0
810737,0
810738,0
810739,0
810740,0
810741,0
810742,0
810743,0
810744,0
810745,0
810746,0
810747,0
810748,0
810749,0
810750,0
810751,0
810752,0
810753,0
810754,0
810755,0
810756,0
810757,0
810758,0
810759,0
810760,0
810761,0
810762,0
810763,0
810764,0
810765,0
810766,0
810767,0
810768,0
810769,0
810770,0
810771,0
810772,0
810773,0
810774,0
810775,0
810776,0
810777,0
810778,0
810779,0
810780,0
810781,0
810782,0
810783,0
810784,0
810785,0
810786,0
810787,0
810788,33
810789,40
810790,0
810791,0
810792,0
810793,0
810794,0
810795,0
810796,0
810797,0
810798,0
810799,0
810800,0
810801,0
810802,0
810803,0
810804,0
810805,0
810806,0
810807,32
810808,31
810809,0
810810,0
810811,0
810812,0
810813,0
810814,0
810815,0
810816,0
810817,0
810818,0
810819,0
810820,0
810821,0
810822,0
810823,0
810824,0
810825,0
810826,0
810827,0
810828,0
810829,0
810830,0
810831,0
810832,0
810833,0
810834,0
810835,0
810836,35
810837,0
810838,0
810839,0
810840,0
810841,0
810842,0
810843,0
810844,35
810845,34
810846,0
810847,0
810848,0
810849,0
810850,36
810851,0
810852,19
810853,0
810854,40
810855,0
810856,0
810857,0
810858,0
810859,0
810860,0
810861,0
810862,0
810863,0
810864,0
810865,0
810866,0
810867,0
810868,0
810869,0
810870,0
810871,0
810872,0
810873,14
810874,0
810875,0
810876,0
810877,0
810878,0
810879,0
810880,38
810881,0
810882,0
810883,0
810884,0
810885,0
810886,0
810887,0
810888,0
810889,0
810890,0
810891,0
810892,0
810893,0
810894,0
810895,0
810896,0
810897,0
810898,0
810899,0
810900,33
810901,0
810902,0
810903,0
810904,42
810905,0
810906,0
810907,0
810908,0
810909,0
810910,0
810911,0
810912,0
810913,0
810914,0
810915,0
810916,0
810917,0
810918,0
810919,0
810920,0
810921,0
810922,0
810923,0
810924,0
810925,0
810926,0
810927,29
810928,0
810929,0
810930,0
810931,0
810932,0
810933,0
810934,0
810935,27
810936,0
810937,0
810938,0
810939,33
810940,0
810941,0
810942,0
810943,0
810944,0
810945,0
810946,0
810947,0
810948,0
810949,0
810950,0
810951,0
810952,0
810953,0
810954,0
810955,0
810956,0
810957,0
810958,0
810959,0
810960,0
810961,0
810962,27
810963,0
810964,0
810965,0
810966,0
810967,0
810968,0
810969,0
810970,0
810971,0
810972,0
810973,0
810974,0
810975,0
810976,32
810977,0
810978,0
810979,0
810980,0
810981,0
810982,0
810983,0
810984,0
810985,0
810986,0
810987,0
810988,0
810989,0
810990,0
810991,0
810992,0
810993,0
810994,0
810995,0
810996,0
810997,0
810998,0
810999,0
811000,0
811001,0
811002,0
811003,0
811004,0
811005,0
811006,0
811007,0
811008,0
811009,0
811010,0
811011,0
811012,0
811013,0
811014,0
811015,0
811016,0
811017,0
811018,0
811019,0
811020,0
811021,0
811022,0
811023,0
811024,1
811025,0
811026,0
811027,0
811028,0
811029,0
811030,0
811031,0
811032,0
811033,0
811034,0
811035,0
811036,0
811037,0
811038,1
811039,0
811040,0
811041,0
811042,0
811043,0
811044,0
811045,0
811046,0
811047,3
811048,2
811049,3
811050,1
811051,1
811052,0
811053,1
811054,0
811055,0
811056,0
811057,0
811058,0
811059,0
811060,1
811061,0
811062,0
811063,0
811064,0
811065,0
811066,0
811067,0
811068,0
811069,0
811070,0
811071,0
811072,2
811073,1
811074,0
811075,0
811076,0
811077,0
811078,0
811079,0
811080,0
811081,1
811082,0
811083,0
811084,1
811085,0
811086,2
811087,0
811088,0
811089,0
811090,0
811091,0
811092,0
811093,0
811094,1
811095,1
811096,0
811097,0
811098,0
811099,0
811100,0
811101,0
811102,1
811103,1
811104,0
811105,0
811106,3
811107,0
811108,0
811109,0
811110,1
811111,0
811112,0
811113,0
811114,0
811115,0
811116,0
811117,0
811118,0
811119,0
811120,0
811121,0
811122,0
811123,1
811124,1
811125,0
811126,0
811127,1
811128,0
811129,0
811130,2
811131,0
811132,1
811133,0
811134,0
811135,0
811136,0
811137,0
811138,0
811139,0
811140,0
811141,0
811142,0
811143,36
811144,46
811145,0
811146,35
811147,0
811148,0
811149,0
811150,0
811151,0
811152,0
811153,0
811154,0
811155,0
811156,26
811157,0
811158,0
811159,0
811160,0
811161,0
811162,0
811163,0
811164,0
811165,0
811166,0
811167,0
811168,0
811169,0
811170,0
811171,0
811172,39
811173,0
811174,0
811175,0
811176,29
811177,0
811178,0
811179,0
811180,0
811181,0
811182,0
811183,41
811184,0
811185,0
811186,0
811187,0
811188,0
811189,0
811190,0
811191,39
811192,0
811193,0
811194,0
811195,0
811196,0
811197,0
811198,0
811199,0
811200,0
811201,0
811202,0
811203,0
811204,0
811205,0
811206,0
811207,0
811208,0
811209,0
811210,0
811211,0
811212,38
811213,0
811214,0
811215,0
811216,0
811217,0
811218,42
811219,0
811220,0
811221,0
811222,46
811223,0
811224,0
811225,0
811226,0
811227,0
811228,0
811229,0
811230,0
811231,0
811232,0
811233,0
811234,0
811235,0
811236,0
811237,0
811238,0
811239,0
811240,0
811241,30
811242,24
811243,0
811244,0
811245,0
811246,0
811247,0
811248,0
811249,0
811250,41
811251,34
811252,0
811253,0
811254,0
811255,0
811256,26
811257,0
811258,0
811259,34
811260,0
811261,0
811262,0
811263,0
811264,0
811265,0
811266,0
811267,0
811268,0
811269,0
811270,38
811271,0
811272,0
811273,0
811274,0
811275,0
811276,0
811277,0
811278,0
811279,0
811280,0
811281,0
811282,0
811283,0
811284,0
811285,0
811286,32
811287,0
811288,0
811289,0
811290,0
811291,0
811292,0
811293,34
811294,0
811295,0
811296,0
811297,0
811298,0
811299,0
811300,0
811301,0
811302,0
811303,0
811304,41
811305,0
811306,0
811307,0
811308,0
811309,0
811310,0
811311,0
811312,0
811313,0
811314,0
811315,0
811316,0
811317,0
811318,0
811319,0
811320,0
811321,0
811322,33
811323,0
811324,46
811325,0
811326,0
811327,0
811328,0
811329,0
811330,26
811331,0
811332,0
811333,0
811334,0
811335,46
811336,0
811337,0
811338,0
811339,0
811340,0
811341,0
811342,46
811343,0
811344,0
811345,0
811346,0
811347,0
811348,0
811349,0
811350,0
811351,0
811352,0
811353,0
811354,43
811355,0
811356,0
811357,0
811358,0
811359,31
811360,0
811361,0
811362,0
811363,0
811364,0
811365,0
811366,0
811367,0
811368,0
811369,0
811370,43
811371,0
811372,0
811373,0
811374,0
811375,0
811376,0
811377,0
811378,0
811379,0
811380,0
811381,0
811382,0
811383,35
811384,0
811385,0
811386,0
811387,0
811388,31
811389,0
811390,0
811391,0
811392,0
811393,0
811394,0
811395,0
811396,0
811397,0
811398,0
811399,0
811400,0
811401,0
811402,0
811403,0
811404,0
811405,0
811406,0
811407,0
811408,40
811409,0
811410,50
811411,0
811412,36
811413,32
811414,0
811415,0
811416,30
811417,0
811418,0
811419,0
811420,0
811421,0
811422,0
811423,39
811424,0
811425,34
811426,0
811427,0
811428,0
811429,0
811430,0
811431,0
811432,0
811433,0
811434,0
811435,0
811436,0
811437,0
811438,0
811439,0
811440,0
811441,54
811442,36
811443,35
811444,0
811445,0
811446,40
811447,0
811448,0
811449,0
811450,0
811451,0
811452,36
811453,27
811454,0
811455,0
811456,33
811457,42
811458,0
811459,0
811460,0
811461,0
811462,0
811463,30
811464,0
811465,0
811466,0
811467,0
811468,0
811469,0
811470,33
811471,0
811472,0
811473,29
811474,0
811475,0
811476,0
811477,0
811478,36
811479,0
811480,38
811481,0
811482,0
811483,0
811484,0
811485,27
811486,0
811487,0
811488,0
811489,0
811490,0
811491,37
811492,0
811493,0
811494,0
811495,0
811496,0
811497,21
811498,0
811499,0
811500,0
811501,41
811502,0
811503,39
811504,50
811505,0
811506,0
811507,0
811508,0
811509,0
811510,0
811511,0
811512,37
811513,0
811514,0
811515,0
811516,0
811517,0
811518,0
811519,0
811520,0
811521,0
811522,56
811523,0
811524,0
811525,43
811526,0
811527,0
811528,0
811529,0
811530,0
811531,0
811532,0
811533,0
811534,0
811535,0
811536,0
811537,0
811538,0
811539,35
811540,0
811541,0
811542,0
811543,67
811544,0
811545,0
811546,0
811547,0
811548,43
811549,30
811550,0
811551,0
811552,0
811553,0
811554,0
811555,0
811556,0
811557,23
811558,0
811559,0
811560,0
811561,0
811562,0
811563,0
811564,0
811565,0
811566,0
811567,0
811568,0
811569,48
811570,0
811571,0
811572,0
811573,45
811574,0
811575,0
811576,0
811577,0
811578,0
811579,0
811580,0
811581,0
811582,0
811583,0
811584,45
811585,0
811586,0
811587,0
811588,0
811589,0
811590,0
811591,46
811592,0
811593,0
811594,0
811595,0
811596,0
811597,32
811598,36
811599,27
811600,0
811601,0
811602,0
811603,0
811604,0
811605,45
811606,40
811607,0
811608,0
811609,0
811610,0
811611,0
811612,35
811613,0
811614,0
811615,0
811616,0
811617,0
811618,0
811619,35
811620,0
811621,0
811622,0
811623,0
811624,0
811625,0
811626,0
811627,0
811628,0
811629,0
811630,0
811631,0
811632,0
811633,38
811634,0
811635,0
811636,33
811637,0
811638,0
811639,0
811640,47
811641,0
811642,39
811643,0
811644,0
811645,0
811646,0
811647,0
811648,0
811649,0
811650,0
811651,0
811652,44
811653,0
811654,0
811655,0
811656,0
811657,0
811658,0
811659,0
811660,0
811661,32
811662,0
811663,0
811664,0
811665,48
811666,0
811667,0
811668,0
811669,41
811670,0
811671,26
811672,0
811673,27
811674,41
811675,0
811676,0
811677,0
811678,0
811679,42
811680,42
811681,0
811682,0
811683,38
811684,0
811685,0
811686,49
811687,0
811688,0
811689,0
811690,0
811691,0
811692,0
811693,0
811694,0
811695,0
811696,0
811697,0
811698,0
811699,0
811700,37
811701,0
811702,0
811703,0
811704,38
811705,38
811706,0
811707,0
811708,0
811709,0
811710,0
811711,0
811712,0
811713,0
811714,0
811715,37
811716,0
811717,0
811718,32
811719,0
811720,0
811721,0
811722,0
811723,0
811724,0
811725,32
811726,0
811727,0
811728,0
811729,0
811730,0
811731,0
811732,0
811733,0
811734,0
811735,0
811736,0
811737,0
811738,0
811739,0
811740,0
811741,0
811742,0
811743,32
811744,0
811745,0
811746,0
811747,38
811748,0
811749,0
811750,33
811751,0
811752,0
811753,0
811754,0
811755,0
811756,0
811757,0
811758,0
811759,0
811760,0
811761,0
811762,0
811763,0
811764,0
811765,0
811766,0
811767,0
811768,0
811769,0
811770,24
811771,0
811772,0
811773,0
811774,0
811775,0
811776,41
811777,0
811778,0
811779,0
811780,0
811781,0
811782,0
811783,27
811784,0
811785,0
811786,0
811787,0
811788,0
811789,0
811790,0
811791,0
811792,0
811793,0
811794,0
811795,19
811796,0
811797,0
811798,0
811799,37
811800,0
811801,31
811802,0
811803,0
811804,0
811805,0
811806,0
811807,0
811808,0
811809,41
811810,0
811811,0
811812,0
811813,0
811814,0
811815,0
811816,0
811817,0
811818,29
811819,48
811820,0
811821,0
811822,49
811823,0
811824,0
811825,0
811826,37
811827,49
811828,41
811829,41
811830,0
811831,0
811832,0
811833,0
811834,0
811835,0
811836,0
811837,46
811838,0
811839,0
811840,0
811841,0
811842,33
811843,0
811844,0
811845,0
811846,0
811847,0
811848,0
811849,0
811850,0
811851,0
811852,42
811853,0
811854,0
811855,0
811856,40
811857,33
811858,0
811859,40
811860,0
811861,26
811862,0
811863,0
811864,0
811865,31
811866,33
811867,0
811868,0
811869,0
811870,0
811871,0
811872,0
811873,0
811874,0
811875,0
811876,48
811877,0
811878,37
811879,0
811880,0
811881,0
811882,0
811883,0
811884,0
811885,0
811886,0
811887,0
811888,0
811889,0
811890,0
811891,0
811892,0
811893,0
811894,0
811895,0
811896,0
811897,0
811898,0
811899,0
811900,0
811901,0
811902,36
811903,48
811904,0
811905,0
811906,35
811907,0
811908,0
811909,49
811910,37
811911,40
811912,0
811913,0
811914,0
811915,0
811916,0
811917,0
811918,0
811919,0
811920,0
811921,0
811922,0
811923,0
811924,0
811925,0
811926,44
811927,43
811928,0
811929,28
811930,0
811931,0
811932,25
811933,0
811934,0
811935,0
811936,0
811937,0
811938,0
811939,0
811940,0
811941,0
811942,0
811943,0
811944,0
811945,42
811946,0
811947,0
811948,0
811949,0
811950,0
811951,34
811952,0
811953,0
811954,0
811955,35
811956,0
811957,0
811958,0
811959,0
811960,44
811961,0
811962,0
811963,0
811964,0
811965,0
811966,0
811967,0
811968,0
811969,0
811970,0
811971,0
811972,0
811973,0
811974,0
811975,35
811976,0
811977,0
811978,0
811979,0
811980,37
811981,0
811982,0
811983,0
811984,0
811985,0
811986,0
811987,0
811988,0
811989,40
811990,27
811991,0
811992,0
811993,0
811994,0
811995,0
811996,0
811997,0
811998,0
811999,0
812000,0
812001,0
812002,0
812003,0
812004,30
812005,0
812006,0
812007,0
812008,0
812009,0
812010,0
812011,0
812012,0
812013,0
812014,0
812015,43
812016,44
812017,0
812018,0
812019,52
812020,0
812021,0
812022,0
812023,0
812024,0
812025,0
812026,0
812027,0
812028,0
812029,30
812030,32
812031,0
812032,0
812033,0
812034,0
812035,45
812036,0
812037,0
812038,0
812039,0
812040,0
812041,0
812042,0
812043,0
812044,0
812045,37
812046,0
812047,0
812048,44
812049,0
812050,0
812051,0
812052,34
812053,44
812054,0
812055,0
812056,0
812057,0
812058,0
812059,0
812060,0
812061,0
812062,0
812063,0
812064,39
812065,0
812066,32
812067,0
812068,0
812069,0
812070,0
812071,0
812072,0
812073,0
812074,0
812075,0
812076,0
812077,17
812078,0
812079,0
812080,0
812081,35
812082,0
812083,0
812084,0
812085,0
812086,0
812087,0
812088,0
812089,0
812090,0
812091,0
812092,0
812093,33
812094,0
812095,42
812096,0
812097,30
812098,34
812099,47
812100,42
812101,18
812102,0
812103,0
812104,0
812105,0
812106,0
812107,0
812108,0
812109,0
812110,0
812111,31
812112,0
812113,0
812114,0
812115,27
812116,0
812117,0
812118,0
812119,0
812120,0
812121,45
812122,0
812123,0
812124,0
812125,0
812126,0
812127,27
812128,30
812129,0
812130,0
812131,0
812132,0
812133,44
812134,44
812135,0
812136,46
812137,0
812138,0
812139,0
812140,35
812141,0
812142,0
812143,0
812144,0
812145,0
812146,48
812147,23
812148,0
812149,0
812150,0
812151,0
812152,27
812153,0
812154,0
812155,41
812156,0
812157,0
812158,0
812159,0
812160,0
812161,34
812162,28
812163,0
812164,0
812165,0
812166,0
812167,0
812168,31
812169,0
812170,0
812171,0
812172,35
812173,0
812174,45
812175,0
812176,0
812177,0
812178,32
812179,0
812180,44
812181,0
812182,0
812183,0
812184,0
812185,0
812186,23
812187,0
812188,0
812189,0
812190,32
812191,0
812192,0
812193,0
812194,0
812195,0
812196,0
812197,0
812198,0
812199,0
812200,43
812201,44
812202,0
812203,0
812204,34
812205,0
812206,0
812207,0
812208,0
812209,0
812210,0
812211,0
812212,31
812213,0
812214,0
812215,0
812216,28
812217,0
812218,36
812219,0
812220,0
812221,0
812222,0
812223,24
812224,0
812225,0
812226,0
812227,0
812228,0
812229,0
812230,0
812231,0
812232,39
812233,0
812234,31
812235,21
812236,0
812237,0
812238,32
812239,39
812240,0
812241,0
812242,0
812243,28
812244,41
812245,0
812246,0
812247,0
812248,0
812249,32
812250,24
812251,0
812252,28
812253,0
812254,30
812255,0
812256,0
812257,56
812258,0
812259,0
812260,40
812261,0
812262,0
812263,0
812264,35
812265,21
812266,53
812267,0
812268,0
812269,0
812270,38
812271,22
812272,0
812273,46
812274,0
812275,40
812276,0
812277,43
812278,0
812279,0
812280,0
812281,0
812282,0
812283,0
812284,0
812285,40
812286,0
812287,0
812288,40
812289,0
812290,24
812291,41
812292,42
812293,0
812294,0
812295,0
812296,32
812297,47
812298,0
812299,0
812300,0
812301,0
812302,53
812303,0
812304,0
812305,0
812306,31
812307,0
812308,0
812309,30
812310,40
812311,0
812312,0
812313,44
812314,0
812315,0
812316,34
812317,0
812318,0
812319,0
812320,0
812321,0
812322,0
812323,28
812324,0
812325,0
812326,0
812327,0
812328,35
812329,0
812330,0
812331,36
812332,0
812333,0
812334,0
812335,0
812336,47
812337,0
812338,0
812339,0
812340,0
812341,0
812342,28
812343,0
812344,0
812345,0
812346,0
812347,0
812348,48
812349,29
812350,42
812351,0
812352,0
812353,39
812354,0
812355,41
812356,0
812357,25
812358,0
812359,30
812360,25
812361,39
812362,0
812363,0
812364,36
812365,37
812366,0
812367,35
812368,0
812369,0
812370,0
812371,0
812372,0
812373,0
812374,0
812375,41
812376,23
812377,0
812378,36
812379,0
812380,0
812381,50
812382,0
812383,0
812384,39
812385,0
812386,0
812387,0
812388,0
812389,0
812390,0
812391,0
812392,0
812393,47
812394,0
812395,0
812396,42
812397,0
812398,0
812399,0
812400,20
812401,0
812402,0
812403,0
812404,0
812405,0
812406,0
812407,44
812408,26
812409,0
812410,0
812411,0
812412,0
812413,0
812414,62
812415,0
812416,0
812417,0
812418,0
812419,33
812420,33
812421,0
812422,35
812423,34
812424,26
812425,0
812426,44
812427,0
812428,29
812429,0
812430,0
812431,0
812432,0
812433,0
812434,0
812435,0
812436,0
812437,0
812438,0
812439,0
812440,29
812441,0
812442,0
812443,0
812444,0
812445,0
812446,27
812447,32
812448,0
812449,26
812450,0
812451,0
812452,33
812453,0
812454,0
812455,40
812456,0
812457,0
812458,41
812459,32
812460,0
812461,0
812462,0
812463,0
812464,0
812465,0
812466,0
812467,0
812468,0
812469,0
812470,0
812471,0
812472,0
812473,31
812474,0
812475,0
812476,0
812477,0
812478,34
812479,44
812480,0
812481,0
812482,0
812483,0
812484,0
812485,0
812486,0
812487,0
812488,0
812489,0
812490,0
812491,21
812492,32
812493,0
812494,31
812495,0
812496,27
812497,0
812498,29
812499,0
812500,36
812501,43
812502,0
812503,0
812504,27
812505,0
812506,0
812507,0
812508,0
812509,33
812510,0
812511,0
812512,40
812513,0
812514,0
812515,0
812516,0
812517,0
812518,0
812519,0
812520,0
812521,23
812522,0
812523,30
812524,0
812525,0
812526,28
812527,39
812528,0
812529,0
812530,0
812531,40
812532,0
812533,41
812534,22
812535,0
812536,0
812537,0
812538,0
812539,33
812540,0
812541,0
812542,33
812543,0
812544,0
812545,32
812546,22
812547,0
812548,0
812549,0
812550,42
812551,0
812552,0
812553,0
812554,0
812555,0
812556,27
812557,27
812558,0
812559,0
812560,52
812561,0
812562,0
812563,33
812564,0
812565,40
812566,0
812567,0
812568,0
812569,0
812570,0
812571,0
812572,0
812573,0
812574,35
812575,35
812576,0
812577,31
812578,0
812579,0
812580,41
812581,31
812582,37
812583,0
812584,25
812585,22
812586,0
812587,42
812588,0
812589,0
812590,0
812591,41
812592,0
812593,37
812594,41
812595,0
812596,0
812597,0
812598,0
812599,0
812600,42
812601,0
812602,26
812603,0
812604,0
812605,28
812606,47
812607,0
812608,0
812609,0
812610,19
812611,0
812612,0
812613,35
812614,0
812615,0
812616,0
812617,0
812618,0
812619,0
812620,46
812621,0
812622,0
812623,0
812624,0
812625,37
812626,0
812627,0
812628,28
812629,0
812630,0
812631,0
812632,0
812633,30
812634,0
812635,0
812636,0
812637,38
812638,48
812639,0
812640,0
812641,0
812642,0
812643,0
812644,0
812645,37
812646,0
812647,0
812648,0
812649,39
812650,0
812651,0
812652,0
812653,0
812654,35
812655,0
812656,0
812657,0
812658,0
812659,0
812660,41
812661,0
812662,34
812663,0
812664,0
812665,0
812666,34
812667,0
812668,53
812669,48
812670,0
812671,0
812672,0
812673,47
812674,0
812675,0
812676,0
812677,30
812678,0
812679,41
812680,29
812681,37
812682,35
812683,0
812684,0
812685,0
812686,0
812687,41
812688,0
812689,29
812690,46
812691,0
812692,0
812693,38
812694,0
812695,44
812696,0
812697,0
812698,0
812699,19
812700,0
812701,0
812702,0
812703,41
812704,0
812705,0
812706,0
812707,0
812708,0
812709,32
812710,0
812711,41
812712,0
812713,0
812714,0
812715,0
812716,0
812717,0
812718,0
812719,41
812720,0
812721,0
812722,18
812723,0
812724,0
812725,42
812726,0
812727,0
812728,0
812729,51
812730,0
812731,0
812732,0
812733,0
812734,38
812735,32
812736,0
812737,36
812738,0
812739,0
812740,0
812741,37
812742,0
812743,45
812744,23
812745,0
812746,42
812747,39
812748,0
812749,0
812750,0
812751,0
812752,0
812753,0
812754,0
812755,0
812756,0
812757,0
812758,0
812759,37
812760,0
812761,0
812762,0
812763,0
812764,0
812765,0
812766,0
812767,0
812768,25
812769,0
812770,0
812771,0
812772,0
812773,34
812774,0
812775,0
812776,0
812777,55
812778,0
812779,0
812780,0
812781,0
812782,51
812783,0
812784,38
812785,0
812786,43
812787,0
812788,0
812789,29
812790,34
812791,37
812792,30
812793,0
812794,0
812795,0
812796,0
812797,42
812798,0
812799,0
812800,0
812801,0
812802,0
812803,36
812804,0
812805,0
812806,0
812807,0
812808,44
812809,0
812810,37
812811,0
812812,0
812813,0
812814,0
812815,0
812816,0
812817,0
812818,0
812819,0
812820,0
812821,0
812822,0
812823,0
812824,0
812825,0
812826,0
812827,35
812828,0
812829,0
812830,33
812831,0
812832,26
812833,0
812834,0
812835,32
812836,0
812837,0
812838,0
812839,27
812840,0
812841,0
812842,0
812843,36
812844,0
812845,0
812846,0
812847,0
812848,0
812849,36
812850,0
812851,0
812852,30
812853,0
812854,0
812855,0
812856,0
812857,30
812858,0
812859,0
812860,44
812861,0
812862,0
812863,42
812864,0
812865,0
812866,21
812867,0
812868,0
812869,0
812870,0
812871,0
812872,42
812873,0
812874,0
812875,36
812876,0
812877,33
812878,51
812879,23
812880,33
812881,0
812882,0
812883,0
812884,0
812885,0
812886,0
812887,0
812888,0
812889,0
812890,0
812891,0
812892,0
812893,0
812894,0
812895,26
812896,0
812897,0
812898,41
812899,0
812900,0
812901,0
812902,0
812903,0
812904,0
812905,30
812906,0
812907,0
812908,0
812909,0
812910,32
812911,0
812912,0
812913,0
812914,0
812915,0
812916,38
812917,0
812918,0
812919,0
812920,33
812921,0
812922,0
812923,0
812924,0
812925,0
812926,0
812927,0
812928,0
812929,0
812930,0
812931,0
812932,0
812933,0
812934,3
812935,0
812936,0
812937,0
812938,0
812939,0
812940,0
812941,0
812942,0
812943,0
812944,0
812945,9
812946,0
812947,0
812948,0
812949,0
812950,0
812951,3
812952,0
812953,5
812954,0
812955,0
812956,3
812957,0
812958,6
812959,0
812960,0
812961,0
812962,0
812963,0
812964,0
812965,0
812966,0
812967,0
812968,0
812969,0
812970,0
812971,0
812972,0
812973,0
812974,6
812975,0
812976,0
812977,0
812978,0
812979,2
812980,0
812981,9
812982,0
812983,0
812984,0
812985,0
812986,0
812987,0
812988,0
812989,0
812990,0
812991,0
812992,0
812993,7
812994,0
812995,7
812996,0
812997,0
812998,0
812999,0
813000,0
813001,0
813002,0
813003,0
813004,0
813005,0
813006,0
813007,6
813008,0
813009,0
813010,0
813011,0
813012,0
813013,0
813014,0
813015,0
813016,0
813017,13
813018,0
813019,0
813020,0
813021,1
813022,0
813023,0
813024,10
813025,0
813026,0
813027,0
813028,0
813029,0
813030,6
813031,0
813032,0
813033,0
813034,0
813035,0
813036,0
813037,0
813038,0
813039,0
813040,0
813041,0
813042,0
813043,0
813044,0
813045,8
813046,0
813047,5
813048,0
813049,0
813050,0
813051,0
813052,0
813053,0
813054,0
813055,0
813056,0
813057,11
813058,0
813059,0
813060,0
813061,0
813062,0
813063,0
813064,6
813065,6
813066,0
813067,0
813068,0
813069,0
813070,0
813071,0
813072,0
813073,0
813074,0
813075,0
813076,0
813077,0
813078,0
813079,0
813080,0
813081,0
813082,0
813083,7
813084,0
813085,0
813086,0
813087,0
813088,0
813089,0
813090,0
813091,0
813092,0
813093,0
813094,0
813095,0
813096,0
813097,0
813098,0
813099,0
813100,0
813101,0
813102,0
813103,3
813104,0
813105,0
813106,0
813107,0
813108,0
813109,0
813110,0
813111,0
813112,0
813113,0
813114,0
813115,0
813116,0
813117,0
813118,0
813119,5
813120,0
813121,0
813122,0
813123,0
813124,5
813125,0
813126,0
813127,0
813128,0
813129,0
813130,0
813131,0
813132,0
813133,0
813134,0
813135,0
813136,0
813137,0
813138,0
813139,0
813140,0
813141,0
813142,0
813143,0
813144,0
813145,0
813146,0
813147,0
813148,8
813149,6
813150,0
813151,0
813152,0
813153,0
813154,9
813155,0
813156,0
813157,0
813158,0
813159,7
813160,0
813161,0
813162,0
813163,0
813164,0
813165,14
813166,0
813167,0
813168,0
813169,0
813170,5
813171,0
813172,0
813173,0
813174,0
813175,0
813176,0
813177,0
813178,1
813179,0
813180,0
813181,0
813182,0
813183,0
813184,0
813185,6
813186,0
813187,2
813188,0
813189,1
813190,0
813191,8
813192,0
813193,0
813194,7
813195,0
813196,0
813197,0
813198,0
813199,0
813200,0
813201,0
813202,0
813203,0
813204,0
813205,0
813206,0
813207,0
813208,0
813209,0
813210,0
813211,0
813212,0
813213,0
813214,0
813215,0
813216,0
813217,0
813218,0
813219,0
813220,0
813221,7
813222,0
813223,0
813224,0
813225,0
813226,0
813227,5
813228,0
813229,0
813230,0
813231,0
813232,0
813233,0
813234,0
813235,0
813236,0
813237,0
813238,0
813239,0
813240,0
813241,0
813242,0
813243,0
813244,0
813245,10
813246,0
813247,0
813248,0
813249,0
813250,0
813251,0
813252,0
813253,0
813254,0
813255,0
813256,5
813257,0
813258,0
813259,0
813260,0
813261,0
813262,0
813263,0
813264,0
813265,0
813266,0
813267,0
813268,0
813269,0
813270,0
813271,0
813272,0
813273,0
813274,6
813275,0
813276,0
813277,0
813278,0
813279,6
813280,3
813281,0
813282,0
813283,0
813284,0
813285,0
813286,0
813287,0
813288,0
813289,0
813290,0
813291,4
813292,0
813293,0
813294,0
813295,0
813296,0
813297,0
813298,5
813299,0
813300,0
813301,0
813302,0
813303,0
813304,0
813305,0
813306,0
813307,2
813308,0
813309,0
813310,9
813311,0
813312,0
813313,9
813314,0
813315,0
813316,0
813317,0
813318,0
813319,0
813320,0
813321,0
813322,0
813323,4
813324,0
813325,2
813326,7
813327,0
813328,10
813329,0
813330,4
813331,0
813332,8
813333,7
813334,0
813335,0
813336,7
813337,6
813338,6
813339,0
813340,0
813341,6
813342,6
813343,0
813344,6
813345,0
813346,0
813347,8
813348,0
813349,0
813350,5
813351,5
813352,2
813353,0
813354,0
813355,0
813356,0
813357,0
813358,0
813359,0
813360,0
813361,12
813362,0
813363,0
813364,5
813365,0
813366,0
813367,0
813368,0
813369,0
813370,0
813371,0
813372,0
813373,0
813374,0
813375,0
813376,0
813377,0
813378,0
813379,0
813380,0
813381,0
813382,0
813383,8
813384,0
813385,0
813386,0
813387,0
813388,10
813389,0
813390,0
813391,0
813392,0
813393,0
813394,0
813395,0
813396,0
813397,0
813398,0
813399,0
813400,0
813401,0
813402,5
813403,0
813404,0
813405,0
813406,5
813407,0
813408,0
813409,0
813410,0
813411,0
813412,0
813413,0
813414,0
813415,0
813416,0
813417,0
813418,0
813419,13
813420,12
813421,0
813422,0
813423,8
813424,0
813425,0
813426,0
813427,0
813428,4
813429,0
813430,0
813431,0
813432,0
813433,0
813434,0
813435,0
813436,0
813437,0
813438,0
813439,0
813440,0
813441,7
813442,0
813443,0
813444,10
813445,0
813446,0
813447,0
813448,0
813449,0
813450,0
813451,0
813452,0
813453,0
813454,0
813455,0
813456,0
813457,5
813458,0
813459,0
813460,0
813461,0
813462,0
813463,0
813464,0
813465,0
813466,10
813467,0
813468,0
813469,0
813470,0
813471,0
813472,0
813473,0
813474,0
813475,0
813476,0
813477,0
813478,4
813479,0
813480,11
813481,0
813482,0
813483,0
813484,0
813485,0
813486,0
813487,0
813488,0
813489,0
813490,0
813491,0
813492,0
813493,0
813494,0
813495,0
813496,0
813497,0
813498,0
813499,0
813500,0
813501,0
813502,0
813503,0
813504,0
813505,0
813506,8
813507,0
813508,0
813509,0
813510,0
813511,0
813512,9
813513,0
813514,0
813515,0
813516,0
813517,0
813518,0
813519,6
813520,0
813521,12
813522,0
813523,0
813524,0
813525,0
813526,16
813527,5
813528,0
813529,0
813530,0
813531,10
813532,0
813533,0
813534,0
813535,0
813536,0
813537,6
813538,0
813539,5
813540,0
813541,0
813542,0
813543,0
813544,8
813545,0
813546,0
813547,0
813548,0
813549,0
813550,0
813551,0
813552,7
813553,0
813554,0
813555,0
813556,0
813557,0
813558,0
813559,0
813560,11
813561,0
813562,0
813563,0
813564,6
813565,0
813566,0
813567,0
813568,0
813569,0
813570,0
813571,0
813572,0
813573,0
813574,0
813575,14
813576,0
813577,0
813578,0
813579,0
813580,6
813581,7
813582,0
813583,0
813584,0
813585,0
813586,0
813587,6
813588,2
813589,0
813590,0
813591,6
813592,0
813593,0
813594,0
813595,0
813596,0
813597,12
813598,0
813599,0
813600,0
813601,0
813602,0
813603,23
813604,9
813605,0
813606,0
813607,0
813608,0
813609,0
813610,0
813611,0
813612,23
813613,0
813614,0
813615,0
813616,0
813617,0
813618,0
813619,0
813620,0
813621,0
813622,0
813623,7
813624,0
813625,0
813626,0
813627,0
813628,0
813629,0
813630,0
813631,0
813632,0
813633,0
813634,0
813635,0
813636,0
813637,0
813638,0
813639,0
813640,0
813641,0
813642,0
813643,0
813644,0
813645,0
813646,0
813647,0
813648,0
813649,0
813650,0
813651,0
813652,0
813653,0
813654,0
813655,0
813656,0
813657,0
813658,0
813659,0
813660,0
813661,0
813662,0
813663,0
813664,0
813665,0
813666,0
813667,0
813668,0
813669,0
813670,0
813671,0
813672,0
813673,0
813674,20
813675,13
813676,0
813677,0
813678,0
813679,0
813680,0
813681,0
813682,0
813683,11
813684,0
813685,0
813686,14
813687,0
813688,0
813689,0
813690,0
813691,0
813692,0
813693,0
813694,0
813695,0
813696,0
813697,0
813698,0
813699,0
813700,0
813701,0
813702,0
813703,0
813704,0
813705,0
813706,0
813707,0
813708,0
813709,0
813710,0
813711,0
813712,0
813713,0
813714,0
813715,0
813716,0
813717,0
813718,0
813719,0
813720,0
813721,0
813722,0
813723,0
813724,0
813725,0
813726,0
813727,0
813728,0
813729,0
813730,0
813731,0
813732,0
813733,0
813734,0
813735,0
813736,0
813737,0
813738,0
813739,0
813740,0
813741,0
813742,0
813743,0
813744,0
813745,0
813746,0
813747,0
813748,0
813749,0
813750,0
813751,0
813752,0
813753,0
813754,17
813755,0
813756,0
813757,0
813758,0
813759,0
813760,0
813761,0
813762,0
813763,0
813764,0
813765,0
813766,0
813767,0
813768,0
813769,21
813770,0
813771,0
813772,0
813773,0
813774,0
813775,0
813776,0
813777,0
813778,0
813779,0
813780,0
813781,0
813782,0
813783,0
813784,0
813785,21
813786,0
813787,0
813788,0
813789,0
813790,0
813791,0
813792,0
813793,10
813794,0
813795,0
813796,0
813797,16
813798,0
813799,0
813800,0
813801,0
813802,0
813803,0
813804,20
813805,0
813806,0
813807,0
813808,0
813809,0
813810,0
813811,0
813812,0
813813,0
813814,21
813815,0
813816,0
813817,0
813818,0
813819,0
813820,0
813821,0
813822,0
813823,0
813824,0
813825,0
813826,0
813827,0
813828,0
813829,0
813830,0
813831,0
813832,23
813833,0
813834,0
813835,0
813836,0
813837,0
813838,0
813839,0
813840,0
813841,0
813842,0
813843,0
813844,0
813845,0
813846,18
813847,0
813848,0
813849,0
813850,0
813851,0
813852,0
813853,0
813854,0
813855,14
813856,0
813857,0
813858,0
813859,0
813860,0
813861,0
813862,0
813863,0
813864,0
813865,0
813866,0
813867,0
813868,0
813869,0
813870,13
813871,19
813872,0
813873,0
813874,0
813875,0
813876,0
813877,0
813878,0
813879,0
813880,0
813881,0
813882,0
813883,0
813884,0
813885,0
813886,0
813887,0
813888,0
813889,0
813890,0
813891,0
813892,0
813893,0
813894,0
813895,0
813896,0
813897,0
813898,0
813899,0
813900,0
813901,0
813902,0
813903,0
813904,0
813905,0
813906,0
813907,0
813908,0
813909,0
813910,0
813911,0
813912,0
813913,0
813914,0
813915,0
813916,0
813917,0
813918,13
813919,0
813920,0
813921,0
813922,0
813923,0
813924,15
813925,0
813926,0
813927,0
813928,0
813929,0
813930,0
813931,0
813932,0
813933,0
813934,0
813935,0
813936,0
813937,0
813938,0
813939,0
813940,0
813941,0
813942,0
813943,0
813944,0
813945,0
813946,0
813947,0
813948,0
813949,0
813950,0
813951,0
813952,0
813953,0
813954,0
813955,0
813956,0
813957,0
813958,0
813959,0
813960,0
813961,0
813962,0
813963,0
813964,0
813965,0
813966,0
813967,0
813968,0
813969,0
813970,0
813971,0
813972,0
813973,0
813974,0
813975,0
813976,0
813977,20
813978,0
813979,0
813980,19
813981,0
813982,0
813983,0
813984,19
813985,0
813986,0
813987,0
813988,0
813989,0
813990,0
813991,0
813992,0
813993,0
813994,0
813995,0
813996,0
813997,0
813998,0
813999,0
814000,0
814001,0
814002,0
814003,0
814004,0
814005,0
814006,0
814007,0
814008,0
814009,0
814010,0
814011,0
814012,0
814013,0
814014,0
814015,12
814016,0
814017,0
814018,0
814019,0
814020,0
814021,0
814022,0
814023,0
814024,0
814025,0
814026,0
814027,0
814028,0
814029,0
814030,0
814031,17
814032,0
814033,0
814034,0
814035,0
814036,0
814037,0
814038,0
814039,0
814040,0
814041,0
814042,0
814043,0
814044,0
814045,0
814046,17
814047,0
814048,0
814049,0
814050,0
814051,0
814052,0
814053,0
814054,0
814055,0
814056,0
814057,0
814058,0
814059,0
814060,0
814061,0
814062,0
814063,0
814064,0
814065,0
814066,0
814067,0
814068,0
814069,0
814070,0
814071,0
814072,0
814073,0
814074,0
814075,0
814076,0
814077,0
814078,0
814079,0
814080,0
814081,0
814082,0
814083,0
814084,0
814085,0
814086,0
814087,0
814088,0
814089,0
814090,0
814091,13
814092,0
814093,0
814094,0
814095,0
814096,0
814097,0
814098,0
814099,0
814100,0
814101,0
814102,0
814103,0
814104,0
814105,0
814106,0
814107,0
814108,0
814109,0
814110,0
814111,0
814112,0
814113,0
814114,0
814115,0
814116,19
814117,0
814118,0
814119,0
814120,0
814121,0
814122,0
814123,0
814124,0
814125,0
814126,0
814127,0
814128,0
814129,0
814130,0
814131,0
814132,0
814133,0
814134,0
814135,0
814136,0
814137,0
814138,0
814139,0
814140,0
814141,0
814142,0
814143,0
814144,0
814145,0
814146,0
814147,0
814148,0
814149,0
814150,0
814151,0
814152,0
814153,0
814154,14
814155,0
814156,0
814157,0
814158,0
814159,0
814160,0
814161,0
814162,0
814163,15
814164,0
814165,0
814166,0
814167,0
814168,0
814169,0
814170,0
814171,0
814172,0
814173,0
814174,0
814175,0
814176,0
814177,0
814178,0
814179,0
814180,0
814181,0
814182,0
814183,0
814184,0
814185,0
814186,0
814187,0
814188,19
814189,0
814190,0
814191,0
814192,0
814193,0
814194,0
814195,0
814196,0
814197,0
814198,0
814199,0
814200,0
814201,0
814202,0
814203,0
814204,0
814205,0
814206,0
814207,0
814208,0
814209,0
814210,0
814211,0
814212,0
814213,0
814214,0
814215,0
814216,0
814217,0
814218,0
814219,0
814220,0
814221,0
814222,0
814223,0
814224,0
814225,0
814226,0
814227,0
814228,0
814229,0
814230,0
814231,0
814232,0
814233,0
814234,0
814235,0
814236,0
814237,0
814238,15
814239,0
814240,0
814241,0
814242,0
814243,0
814244,0
814245,0
814246,0
814247,0
814248,0
814249,0
814250,0
814251,0
814252,0
814253,0
814254,0
814255,0
814256,26
814257,0
814258,0
814259,0
814260,0
814261,0
814262,0
814263,0
814264,0
814265,0
814266,0
814267,0
814268,0
814269,0
814270,0
814271,0
814272,0
814273,0
814274,0
814275,0
814276,0
814277,0
814278,0
814279,0
814280,0
814281,0
814282,0
814283,0
814284,0
814285,0
814286,8
814287,0
814288,0
814289,0
814290,0
814291,0
814292,0
814293,0
814294,0
814295,0
814296,0
814297,0
814298,0
814299,0
814300,0
814301,0
814302,0
814303,0
814304,0
814305,0
814306,0
814307,12
814308,0
814309,0
814310,0
814311,0
814312,14
814313,0
814314,0
814315,0
814316,0
814317,0
814318,0
814319,0
814320,0
814321,0
814322,0
814323,0
814324,0
814325,0
814326,0
814327,0
814328,0
814329,0
814330,0
814331,0
814332,0
814333,0
814334,0
814335,0
814336,0
814337,0
814338,0
814339,0
814340,0
814341,0
814342,0
814343,0
814344,0
814345,0
814346,0
814347,0
814348,0
814349,0
814350,0
814351,0
814352,0
814353,0
814354,0
814355,0
814356,0
814357,0
814358,0
814359,0
814360,0
814361,0
814362,0
814363,0
814364,0
814365,0
814366,0
814367,0
814368,0
814369,0
814370,0
814371,0
814372,0
814373,0
814374,0
814375,0
814376,0
814377,0
814378,0
814379,0
814380,0
814381,0
814382,0
814383,0
814384,0
814385,0
814386,0
814387,0
814388,0
814389,0
814390,0
814391,0
814392,0
814393,0
814394,16
814395,0
814396,0
814397,0
814398,0
814399,0
814400,0
814401,0
814402,0
814403,0
814404,0
814405,0
814406,0
814407,0
814408,0
814409,0
814410,0
814411,0
814412,0
814413,0
814414,0
814415,1
814416,0
814417,0
814418,0
814419,0
814420,0
814421,0
814422,0
814423,0
814424,0
814425,0
814426,0
814427,0
814428,0
814429,0
814430,0
814431,0
814432,0
814433,0
814434,0
814435,0
814436,0
814437,0
814438,0
814439,0
814440,0
814441,0
814442,0
814443,0
814444,0
814445,0
814446,0
814447,0
814448,0
814449,0
814450,0
814451,0
814452,1
814453,0
814454,0
814455,0
814456,0
814457,0
814458,0
814459,0
814460,0
814461,0
814462,0
814463,0
814464,0
814465,0
814466,0
814467,0
814468,0
814469,0
814470,0
814471,0
814472,0
814473,0
814474,0
814475,0
814476,0
814477,0
814478,0
814479,0
814480,0
814481,0
814482,0
814483,0
814484,0
814485,0
814486,0
814487,0
814488,0
814489,0
814490,0
814491,0
814492,0
814493,0
814494,0
814495,0
814496,0
814497,1
814498,0
814499,0
814500,0
814501,0
814502,0
814503,0
814504,0
814505,0
814506,0
814507,0
814508,0
814509,0
814510,0
814511,0
814512,0
814513,0
814514,0
814515,0
814516,0
814517,0
814518,0
814519,0
814520,0
814521,0
814522,0
814523,0
814524,0
814525,0
814526,0
814527,0
814528,0
814529,0
814530,0
814531,0
814532,0
814533,0
814534,0
814535,0
814536,0
814537,0
814538,0
814539,0
814540,0
814541,0
814542,0
814543,0
814544,0
814545,0
814546,0
814547,0
814548,0
814549,0
814550,0
814551,0
814552,0
814553,0
814554,0
814555,0
814556,0
814557,0
814558,0
814559,0
814560,0
814561,1
814562,0
814563,0
814564,0
814565,0
814566,0
814567,0
814568,0
814569,0
814570,0
814571,0
814572,0
814573,0
814574,0
814575,0
814576,0
814577,0
814578,0
814579,0
814580,0
814581,0
814582,0
814583,0
814584,0
814585,0
814586,0
814587,0
814588,1
814589,0
814590,0
814591,0
814592,0
814593,0
814594,0
814595,0
814596,0
814597,0
814598,0
814599,0
814600,0
814601,0
814602,0
814603,0
814604,0
814605,0
814606,0
814607,0
814608,0
814609,0
814610,0
814611,0
814612,0
814613,0
814614,0
814615,0
814616,0
814617,0
814618,0
814619,0
814620,0
814621,0
814622,0
814623,0
814624,0
814625,0
814626,0
814627,0
814628,0
814629,0
814630,0
814631,0
814632,0
814633,0
814634,0
814635,0
814636,0
814637,0
814638,0
814639,0
814640,0
814641,0
814642,0
814643,0
814644,0
814645,0
814646,0
814647,1
814648,0
814649,0
814650,0
814651,0
814652,0
814653,0
814654,1
814655,0
814656,0
814657,0
814658,0
814659,0
814660,0
814661,0
814662,0
814663,0
814664,0
814665,0
814666,0
814667,0
814668,0
814669,0
814670,0
814671,0
814672,0
814673,0
814674,0
814675,0
814676,0
814677,0
814678,0
814679,0
814680,0
814681,0
814682,0
814683,0
814684,0
814685,0
814686,0
814687,0
814688,0
814689,0
814690,0
814691,0
814692,0
814693,0
814694,0
814695,0
814696,0
814697,0
814698,0
814699,0
814700,0
814701,0
814702,0
814703,0
814704,0
814705,0
814706,0
814707,0
814708,0
814709,0
814710,0
814711,0
814712,0
814713,0
814714,0
814715,0
814716,0
814717,0
814718,0
814719,0
814720,0
814721,0
814722,0
814723,0
814724,0
814725,1
814726,0
814727,0
814728,0
814729,0
814730,0
814731,0
814732,0
814733,0
814734,0
814735,0
814736,0
814737,0
814738,0
814739,0
814740,0
814741,0
814742,0
814743,0
814744,1
814745,0
814746,0
814747,0
814748,0
814749,0
814750,0
814751,0
814752,0
814753,0
814754,0
814755,0
814756,0
814757,0
814758,0
814759,0
814760,0
814761,0
814762,0
814763,0
814764,0
814765,0
814766,0
814767,0
814768,0
814769,0
814770,0
814771,0
814772,0
814773,0
814774,0
814775,0
814776,0
814777,0
814778,0
814779,0
814780,0
814781,0
814782,0
814783,0
814784,0
814785,0
814786,0
814787,0
814788,0
814789,0
814790,0
814791,0
814792,0
814793,0
814794,0
814795,0
814796,0
814797,0
814798,0
814799,0
814800,0
814801,0
814802,0
814803,0
814804,0
814805,0
814806,0
814807,1
814808,1
814809,0
814810,0
814811,0
814812,0
814813,0
814814,0
814815,0
814816,0
814817,0
814818,0
814819,0
814820,0
814821,0
814822,0
814823,0
814824,0
814825,0
814826,0
814827,0
814828,0
814829,0
814830,0
814831,0
814832,0
814833,0
814834,0
814835,0
814836,0
814837,0
814838,0
814839,0
814840,0
814841,0
814842,0
814843,0
814844,0
814845,0
814846,0
814847,0
814848,0
814849,0
814850,0
814851,0
814852,0
814853,0
814854,0
814855,0
814856,0
814857,0
814858,0
814859,0
814860,0
814861,0
814862,0
814863,0
814864,0
814865,0
814866,0
814867,0
814868,0
814869,0
814870,0
814871,0
814872,0
814873,0
814874,0
814875,0
814876,0
814877,0
814878,0
814879,0
814880,0
814881,0
814882,0
814883,0
814884,0
814885,0
814886,0
814887,0
814888,0
814889,0
814890,0
814891,0
814892,0
814893,0
814894,0
814895,0
814896,0
814897,0
814898,0
814899,0
814900,0
814901,0
814902,0
814903,0
814904,0
814905,0
814906,0
814907,0
814908,0
814909,0
814910,0
814911,0
814912,0
814913,0
814914,0
814915,0
814916,0
814917,0
814918,0
814919,0
814920,0
814921,0
814922,0
814923,0
814924,0
814925,0
814926,0
814927,0
814928,0
814929,0
814930,0
814931,0
814932,0
814933,0
814934,0
814935,0
814936,0
814937,0
814938,0
814939,0
814940,0
814941,0
814942,0
814943,0
814944,0
814945,0
814946,0
814947,0
814948,0
814949,0
814950,0
814951,0
814952,0
814953,0
814954,0
814955,0
814956,0
814957,0
814958,0
814959,0
814960,0
814961,0
814962,0
814963,0
814964,0
814965,0
814966,0
814967,0
814968,0
814969,0
814970,0
814971,0
814972,0
814973,0
814974,0
814975,0
814976,0
814977,0
814978,0
814979,0
814980,0
814981,0
814982,0
814983,0
814984,0
814985,0
814986,0
814987,0
814988,0
814989,0
814990,0
814991,0
814992,0
814993,0
814994,0
814995,0
814996,0
814997,0
814998,0
814999,0
815000,0
815001,0
815002,0
815003,0
815004,0
815005,0
815006,0
815007,0
815008,0
815009,0
815010,0
815011,0
815012,0
815013,0
815014,0
815015,0
815016,0
815017,0
815018,0
815019,0
815020,0
815021,0
815022,0
815023,0
815024,0
815025,0
815026,0
815027,0
815028,0
815029,0
815030,0
815031,0
815032,0
815033,0
815034,0
815035,0
815036,0
815037,1
815038,0
815039,0
815040,0
815041,0
815042,0
815043,1
815044,1
815045,0
815046,0
815047,0
815048,0
815049,0
815050,0
815051,0
815052,0
815053,0
815054,0
815055,0
815056,0
815057,0
815058,0
815059,0
815060,0
815061,0
815062,0
815063,0
815064,0
815065,0
815066,0
815067,0
815068,0
815069,0
815070,0
815071,0
815072,0
815073,0
815074,0
815075,0
815076,1
815077,0
815078,0
815079,0
815080,0
815081,0
815082,0
815083,0
815084,0
815085,0
815086,0
815087,0
815088,0
815089,0
815090,0
815091,0
815092,0
815093,0
815094,0
815095,0
815096,0
815097,0
815098,0
815099,0
815100,0
815101,0
815102,0
815103,0
815104,0
815105,0
815106,0
815107,0
815108,0
815109,0
815110,0
815111,0
815112,0
815113,0
815114,0
815115,0
815116,0
815117,0
815118,0
815119,0
815120,0
815121,0
815122,0
815123,0
815124,0
815125,0
815126,0
815127,0
815128,0
815129,0
815130,0
815131,0
815132,1
815133,0
815134,0
815135,0
815136,0
815137,0
815138,0
815139,0
815140,0
815141,0
815142,0
815143,0
815144,0
815145,0
815146,0
815147,0
815148,0
815149,0
815150,0
815151,0
815152,0
815153,0
815154,0
815155,0
815156,0
815157,0
815158,0
815159,0
815160,0
815161,0
815162,0
815163,0
815164,0
815165,0
815166,0
815167,0
815168,0
815169,0
815170,0
815171,0
815172,0
815173,0
815174,0
815175,0
815176,0
815177,0
815178,0
815179,0
815180,0
815181,0
815182,0
815183,0
815184,0
815185,0
815186,0
815187,0
815188,0
815189,0
815190,0
815191,0
815192,0
815193,0
815194,0
815195,0
815196,1
815197,0
815198,0
815199,0
815200,0
815201,0
815202,0
815203,0
815204,0
815205,0
815206,0
815207,0
815208,0
815209,0
815210,0
815211,0
815212,0
815213,0
815214,0
815215,0
815216,0
815217,0
815218,0
815219,0
815220,0
815221,0
815222,0
815223,0
815224,0
815225,0
815226,0
815227,0
815228,0
815229,0
815230,0
815231,0
815232,0
815233,0
815234,0
815235,0
815236,0
815237,0
815238,0
815239,0
815240,0
815241,0
815242,0
815243,0
815244,0
815245,0
815246,0
815247,0
815248,0
815249,0
815250,0
815251,0
815252,0
815253,0
815254,0
815255,0
815256,0
815257,0
815258,0
815259,1
815260,0
815261,0
815262,0
815263,0
815264,0
815265,0
815266,0
815267,0
815268,0
815269,0
815270,0
815271,0
815272,0
815273,0
815274,0
815275,0
815276,0
815277,0
815278,0
815279,0
815280,0
815281,0
815282,0
815283,0
815284,0
815285,0
815286,0
815287,0
815288,0
815289,1
815290,0
815291,0
815292,0
815293,0
815294,0
815295,0
815296,0
815297,0
815298,0
815299,0
815300,0
815301,0
815302,0
815303,0
815304,0
815305,0
815306,0
815307,0
815308,0
815309,0
815310,0
815311,0
815312,0
815313,0
815314,0
815315,0
815316,0
815317,0
815318,0
815319,0
815320,0
815321,0
815322,0
815323,0
815324,0
815325,0
815326,0
815327,0
815328,0
815329,0
815330,0
815331,0
815332,0
815333,0
815334,38
815335,0
815336,31
815337,0
815338,0
815339,31
815340,0
815341,44
815342,0
815343,28
815344,0
815345,0
815346,0
815347,48
815348,0
815349,0
815350,0
815351,0
815352,0
815353,42
815354,0
815355,41
815356,0
815357,52
815358,0
815359,30
815360,0
815361,41
815362,0
815363,39
815364,0
815365,42
815366,0
815367,0
815368,0
815369,0
815370,0
815371,0
815372,0
815373,44
815374,0
815375,0
815376,0
815377,36
815378,0
815379,39
815380,42
815381,0
815382,0
815383,45
815384,0
815385,0
815386,0
815387,0
815388,26
815389,0
815390,0
815391,0
815392,0
815393,0
815394,23
815395,0
815396,0
815397,0
815398,0
815399,38
815400,0
815401,0
815402,0
815403,0
815404,43
815405,31
815406,0
815407,0
815408,30
815409,0
815410,0
815411,0
815412,0
815413,31
815414,0
815415,0
815416,0
815417,27
815418,37
815419,0
815420,0
815421,0
815422,35
815423,0
815424,0
815425,33
815426,0
815427,30
815428,0
815429,0
815430,36
815431,0
815432,0
815433,0
815434,0
815435,0
815436,0
815437,0
815438,53
815439,0
815440,49
815441,0
815442,0
815443,0
815444,0
815445,0
815446,0
815447,0
815448,0
815449,0
815450,0
815451,33
815452,0
815453,0
815454,42
815455,43
815456,0
815457,0
815458,38
815459,0
815460,0
815461,40
815462,36
815463,0
815464,0
815465,0
815466,0
815467,0
815468,0
815469,0
815470,0
815471,0
815472,0
815473,35
815474,0
815475,50
815476,0
815477,0
815478,32
815479,0
815480,47
815481,0
815482,0
815483,0
815484,0
815485,0
815486,0
815487,0
815488,0
815489,0
815490,0
815491,33
815492,0
815493,0
815494,0
815495,0
815496,0
815497,0
815498,0
815499,0
815500,0
815501,47
815502,0
815503,0
815504,0
815505,0
815506,23
815507,0
815508,41
815509,39
815510,0
815511,0
815512,0
815513,0
815514,29
815515,0
815516,29
815517,0
815518,0
815519,0
815520,0
815521,0
815522,0
815523,29
815524,0
815525,30
815526,0
815527,33
815528,21
815529,0
815530,0
815531,0
815532,0
815533,35
815534,33
815535,0
815536,0
815537,27
815538,0
815539,0
815540,0
815541,0
815542,20
815543,0
815544,0
815545,0
815546,0
815547,0
815548,0
815549,50
815550,0
815551,47
815552,47
815553,0
815554,0
815555,37
815556,0
815557,0
815558,0
815559,0
815560,0
815561,0
815562,0
815563,0
815564,36
815565,28
815566,0
815567,20
815568,23
815569,48
815570,0
815571,32
815572,32
815573,0
815574,0
815575,32
815576,41
815577,0
815578,0
815579,41
815580,0
815581,0
815582,0
815583,0
815584,0
815585,0
815586,42
815587,0
815588,0
815589,0
815590,0
815591,0
815592,30
815593,0
815594,0
815595,35
815596,0
815597,0
815598,0
815599,0
815600,37
815601,0
815602,0
815603,48
815604,0
815605,0
815606,0
815607,37
815608,33
815609,0
815610,0
815611,0
815612,0
815613,32
815614,0
815615,0
815616,43
815617,0
815618,34
815619,0
815620,0
815621,36
815622,0
815623,0
815624,40
815625,37
815626,39
815627,0
815628,0
815629,0
815630,0
815631,43
815632,0
815633,0
815634,0
815635,0
815636,0
815637,35
815638,47
815639,36
815640,0
815641,0
815642,0
815643,27
815644,0
815645,0
815646,0
815647,0
815648,40
815649,0
815650,0
815651,0
815652,0
815653,0
815654,0
815655,0
815656,0
815657,40
815658,0
815659,37
815660,30
815661,0
815662,49
815663,0
815664,43
815665,0
815666,44
815667,0
815668,0
815669,0
815670,0
815671,49
815672,0
815673,0
815674,0
815675,44
815676,0
815677,0
815678,38
815679,33
815680,0
815681,0
815682,35
815683,38
815684,36
815685,0
815686,0
815687,0
815688,0
815689,29
815690,0
815691,35
815692,0
815693,0
815694,0
815695,40
815696,0
815697,0
815698,34
815699,44
815700,28
815701,0
815702,0
815703,42
815704,0
815705,32
815706,0
815707,0
815708,0
815709,38
815710,0
815711,35
815712,0
815713,0
815714,0
815715,0
815716,0
815717,33
815718,0
815719,37
815720,31
815721,0
815722,35
815723,39
815724,54
815725,0
815726,51
815727,0
815728,0
815729,0
815730,0
815731,0
815732,0
815733,27
815734,0
815735,0
815736,0
815737,0
815738,42
815739,0
815740,0
815741,0
815742,0
815743,0
815744,0
815745,0
815746,0
815747,0
815748,0
815749,36
815750,0
815751,0
815752,0
815753,34
815754,30
815755,0
815756,31
815757,33
815758,0
815759,0
815760,32
815761,26
815762,51
815763,0
815764,40
815765,0
815766,0
815767,0
815768,0
815769,0
815770,0
815771,0
815772,0
815773,0
815774,0
815775,47
815776,37
815777,48
815778,40
815779,0
815780,0
815781,0
815782,0
815783,36
815784,40
815785,0
815786,0
815787,0
815788,0
815789,0
815790,0
815791,0
815792,40
815793,0
815794,41
815795,0
815796,0
815797,50
815798,30
815799,22
815800,0
815801,0
815802,0
815803,38
815804,0
815805,0
815806,0
815807,26
815808,0
815809,0
815810,0
815811,0
815812,0
815813,45
815814,0
815815,0
815816,0
815817,0
815818,0
815819,0
815820,0
815821,0
815822,0
815823,0
815824,0
815825,0
815826,35
815827,0
815828,0
815829,0
815830,0
815831,0
815832,0
815833,0
815834,0
815835,0
815836,0
815837,0
815838,0
815839,43
815840,0
815841,0
815842,0
815843,28
815844,0
815845,0
815846,0
815847,45
815848,0
815849,26
815850,0
815851,0
815852,0
815853,0
815854,0
815855,0
815856,0
815857,0
815858,34
815859,0
815860,45
815861,0
815862,44
815863,0
815864,0
815865,0
815866,0
815867,33
815868,41
815869,0
815870,0
815871,0
815872,0
815873,0
815874,39
815875,36
815876,0
815877,0
815878,0
815879,0
815880,24
815881,0
815882,39
815883,0
815884,0
815885,0
815886,0
815887,45
815888,0
815889,45
815890,0
815891,0
815892,0
815893,26
815894,0
815895,47
815896,50
815897,0
815898,0
815899,0
815900,0
815901,47
815902,38
815903,0
815904,0
815905,0
815906,47
815907,0
815908,0
815909,0
815910,0
815911,0
815912,0
815913,0
815914,58
815915,0
815916,0
815917,0
815918,0
815919,0
815920,0
815921,0
815922,0
815923,0
815924,0
815925,0
815926,30
815927,37
815928,0
815929,0
815930,0
815931,45
815932,0
815933,0
815934,0
815935,0
815936,0
815937,0
815938,0
815939,0
815940,0
815941,45
815942,42
815943,0
815944,0
815945,0
815946,39
815947,39
815948,0
815949,0
815950,0
815951,0
815952,31
815953,0
815954,0
815955,0
815956,0
815957,40
815958,0
815959,0
815960,0
815961,0
815962,0
815963,0
815964,0
815965,36
815966,0
815967,0
815968,0
815969,0
815970,0
815971,0
815972,0
815973,0
815974,0
815975,0
815976,0
815977,4
815978,0
815979,0
815980,0
815981,0
815982,5
815983,5
815984,4
815985,9
815986,0
815987,0
815988,8
815989,6
815990,11
815991,0
815992,0
815993,0
815994,8
815995,0
815996,10
815997,8
815998,0
815999,0
816000,10
816001,2
816002,4
816003,0
816004,0
816005,0
816006,2
816007,0
816008,0
816009,10
816010,6
816011,5
816012,0
816013,0
816014,0
816015,0
816016,0
816017,5
816018,0
816019,0
816020,0
816021,0
816022,0
816023,7
816024,0
816025,0
816026,0
816027,0
816028,0
816029,0
816030,3
816031,0
816032,0
816033,0
816034,0
816035,0
816036,0
816037,5
816038,5
816039,0
816040,9
816041,0
816042,0
816043,0
816044,0
816045,6
816046,0
816047,0
816048,0
816049,0
816050,0
816051,0
816052,0
816053,0
816054,0
816055,0
816056,0
816057,0
816058,0
816059,0
816060,0
816061,0
816062,0
816063,0
816064,0
816065,0
816066,0
816067,0
816068,0
816069,0
816070,0
816071,0
816072,0
816073,0
816074,0
816075,0
816076,0
816077,0
816078,0
816079,0
816080,1
816081,0
816082,0
816083,0
816084,0
816085,0
816086,0
816087,0
816088,0
816089,0
816090,0
816091,0
816092,0
816093,0
816094,0
816095,0
816096,0
816097,0
816098,0
816099,0
816100,0
816101,0
816102,0
816103,0
816104,0
816105,0
816106,0
816107,0
816108,0
816109,0
816110,0
816111,0
816112,0
816113,0
816114,0
816115,0
816116,0
816117,0
816118,0
816119,0
816120,0
816121,0
816122,0
816123,0
816124,0
816125,0
816126,0
816127,0
816128,0
816129,0
816130,0
816131,0
816132,0
816133,0
816134,0
816135,0
816136,0
816137,0
816138,0
816139,0
816140,0
816141,0
816142,0
816143,0
816144,0
816145,0
816146,0
816147,0
816148,0
816149,0
816150,0
816151,0
816152,0
816153,0
816154,0
816155,0
816156,0
816157,0
816158,0
816159,0
816160,0
816161,0
816162,0
816163,0
816164,0
816165,0
816166,0
816167,0
816168,0
816169,0
816170,0
816171,0
816172,0
816173,0
816174,0
816175,0
816176,0
816177,0
816178,0
816179,0
816180,0
816181,0
816182,0
816183,0
816184,0
816185,0
816186,0
816187,0
816188,0
816189,0
816190,0
816191,0
816192,0
816193,0
816194,0
816195,0
816196,0
816197,0
816198,0
816199,0
816200,0
816201,0
816202,0
816203,0
816204,0
816205,0
816206,0
816207,0
816208,0
816209,0
816210,0
816211,0
816212,0
816213,0
816214,0
816215,0
816216,0
816217,0
816218,0
816219,0
816220,0
816221,0
816222,0
816223,0
816224,0
816225,0
816226,0
816227,0
816228,0
816229,0
816230,0
816231,0
816232,0
816233,0
816234,0
816235,0
816236,0
816237,0
816238,0
816239,0
816240,0
816241,0
816242,0
816243,0
816244,0
816245,0
816246,0
816247,0
816248,0
816249,0
816250,0
816251,0
816252,0
816253,0
816254,0
816255,0
816256,0
816257,0
816258,0
816259,0
816260,0
816261,0
816262,0
816263,0
816264,0
816265,0
816266,0
816267,0
816268,0
816269,0
816270,0
816271,0
816272,0
816273,0
816274,0
816275,0
816276,32
816277,0
816278,37
816279,0
816280,0
816281,0
816282,0
816283,0
816284,43
816285,43
816286,0
816287,0
816288,0
816289,0
816290,0
816291,26
816292,37
816293,0
816294,0
816295,38
816296,39
816297,36
816298,0
816299,0
816300,0
816301,0
816302,0
816303,0
816304,0
816305,0
816306,0
816307,47
816308,0
816309,0
816310,44
816311,0
816312,44
816313,0
816314,0
816315,0
816316,0
816317,0
816318,0
816319,0
816320,0
816321,38
816322,0
816323,0
816324,40
816325,0
816326,0
816327,26
816328,0
816329,0
816330,0
816331,28
816332,48
816333,0
816334,0
816335,0
816336,0
816337,0
816338,0
816339,0
816340,0
816341,0
816342,51
816343,0
816344,0
816345,0
816346,0
816347,0
816348,0
816349,27
816350,0
816351,0
816352,0
816353,29
816354,24
816355,33
816356,53
816357,0
816358,0
816359,0
816360,0
816361,51
816362,0
816363,0
816364,0
816365,0
816366,0
816367,0
816368,0
816369,0
816370,40
816371,0
816372,0
816373,44
816374,0
816375,0
816376,0
816377,0
816378,0
816379,0
816380,24
816381,0
816382,0
816383,0
816384,0
816385,39
816386,30
816387,46
816388,0
816389,35
816390,0
816391,51
816392,31
816393,0
816394,0
816395,0
816396,0
816397,0
816398,0
816399,26
816400,42
816401,0
816402,0
816403,36
816404,0
816405,0
816406,0
816407,0
816408,0
816409,0
816410,0
816411,41
816412,0
816413,0
816414,0
816415,0
816416,0
816417,44
816418,0
816419,32
816420,0
816421,0
816422,36
816423,0
816424,40
816425,0
816426,35
816427,0
816428,31
816429,0
816430,0
816431,42
816432,28
816433,0
816434,0
816435,0
816436,0
816437,0
816438,0
816439,0
816440,0
816441,0
816442,0
816443,43
816444,45
816445,34
816446,36
816447,0
816448,0
816449,0
816450,0
816451,0
816452,0
816453,48
816454,30
816455,0
816456,0
816457,0
816458,0
816459,0
816460,0
816461,0
816462,0
816463,0
816464,0
816465,0
816466,0
816467,0
816468,35
816469,35
816470,0
816471,31
816472,0
816473,0
816474,0
816475,0
816476,0
816477,0
816478,0
816479,0
816480,0
816481,0
816482,0
816483,0
816484,0
816485,0
816486,0
816487,0
816488,28
816489,0
816490,45
816491,0
816492,39
816493,0
816494,44
816495,0
816496,0
816497,24
816498,0
816499,0
816500,45
816501,43
816502,28
816503,0
816504,51
816505,0
816506,0
816507,0
816508,34
816509,0
816510,46
816511,0
816512,0
816513,0
816514,0
816515,0
816516,0
816517,0
816518,0
816519,0
816520,44
816521,0
816522,34
816523,0
816524,0
816525,0
816526,38
816527,0
816528,0
816529,0
816530,43
816531,0
816532,24
816533,0
816534,0
816535,0
816536,0
816537,0
816538,0
816539,0
816540,36
816541,0
816542,0
816543,0
816544,0
816545,0
816546,27
816547,24
816548,0
816549,0
816550,20
816551,0
816552,0
816553,0
816554,0
816555,0
816556,37
816557,41
816558,31
816559,0
816560,0
816561,0
816562,0
816563,0
816564,0
816565,26
816566,0
816567,0
816568,0
816569,0
816570,0
816571,0
816572,0
816573,19
816574,0
816575,0
816576,31
816577,0
816578,0
816579,0
816580,0
816581,0
816582,0
816583,28
816584,25
816585,46
816586,0
816587,23
816588,24
816589,0
816590,0
816591,0
816592,53
816593,32
816594,0
816595,39
816596,24
816597,0
816598,41
816599,0
816600,0
816601,0
816602,0
816603,39
816604,0
816605,0
816606,0
816607,0
816608,0
816609,0
816610,0
816611,0
816612,0
816613,0
816614,0
816615,0
816616,41
816617,27
816618,0
816619,0
816620,0
816621,0
816622,0
816623,0
816624,0
816625,36
816626,0
816627,30
816628,0
816629,32
816630,0
816631,37
816632,0
816633,0
816634,0
816635,32
816636,37
816637,0
816638,42
816639,0
816640,39
816641,33
816642,38
816643,0
816644,40
816645,0
816646,0
816647,0
816648,0
816649,0
816650,0
816651,0
816652,39
816653,0
816654,0
816655,0
816656,0
816657,0
816658,0
816659,0
816660,0
816661,33
816662,0
816663,39
816664,0
816665,0
816666,0
816667,0
816668,0
816669,0
816670,0
816671,0
816672,33
816673,0
816674,0
816675,46
816676,30
816677,0
816678,44
816679,28
816680,42
816681,0
816682,0
816683,0
816684,31
816685,0
816686,34
816687,0
816688,0
816689,41
816690,0
816691,41
816692,0
816693,0
816694,40
816695,0
816696,38
816697,0
816698,0
816699,0
816700,0
816701,0
816702,0
816703,38
816704,0
816705,0
816706,0
816707,43
816708,0
816709,24
816710,0
816711,0
816712,0
816713,18
816714,0
816715,46
816716,0
816717,0
816718,0
816719,29
816720,38
816721,0
816722,0
816723,0
816724,42
816725,21
816726,0
816727,0
816728,0
816729,33
816730,0
816731,0
816732,0
816733,0
816734,0
816735,46
816736,0
816737,21
816738,43
816739,42
816740,0
816741,0
816742,0
816743,30
816744,0
816745,0
816746,41
816747,0
816748,0
816749,0
816750,0
816751,28
816752,0
816753,0
816754,0
816755,13
816756,0
816757,0
816758,0
816759,17
816760,0
816761,0
816762,0
816763,0
816764,0
816765,44
816766,33
816767,0
816768,0
816769,0
816770,0
816771,0
816772,0
816773,0
816774,0
816775,0
816776,0
816777,0
816778,0
816779,0
816780,36
816781,24
816782,0
816783,0
816784,0
816785,0
816786,0
816787,0
816788,38
816789,44
816790,34
816791,0
816792,0
816793,0
816794,0
816795,36
816796,30
816797,27
816798,0
816799,37
816800,0
816801,0
816802,0
816803,0
816804,0
816805,0
816806,0
816807,0
816808,0
816809,26
816810,0
816811,48
816812,23
816813,0
816814,0
816815,42
816816,43
816817,0
816818,0
816819,40
816820,0
816821,0
816822,0
816823,43
816824,0
816825,0
816826,0
816827,39
816828,0
816829,40
816830,0
816831,0
816832,0
816833,47
816834,0
816835,38
816836,0
816837,0
816838,0
816839,31
816840,0
816841,33
816842,0
816843,0
816844,0
816845,36
816846,0
816847,24
816848,0
816849,0
816850,0
816851,0
816852,0
816853,0
816854,0
816855,0
816856,0
816857,0
816858,26
816859,0
816860,0
816861,0
816862,0
816863,0
816864,0
816865,0
816866,0
816867,0
816868,0
816869,0
816870,0
816871,0
816872,30
816873,0
816874,0
816875,0
816876,0
816877,0
816878,0
816879,0
816880,0
816881,32
816882,27
816883,0
816884,0
816885,0
816886,0
816887,0
816888,0
816889,46
816890,0
816891,0
816892,0
816893,0
816894,21
816895,31
816896,0
816897,0
816898,0
816899,0
816900,0
816901,0
816902,0
816903,0
816904,0
816905,0
816906,0
816907,0
816908,0
816909,0
816910,0
816911,0
816912,0
816913,0
816914,0
816915,0
816916,0
816917,0
816918,31
816919,0
816920,24
816921,27
816922,0
816923,0
816924,0
816925,0
816926,43
816927,0
816928,0
816929,0
816930,0
816931,0
816932,0
816933,0
816934,34
816935,0
816936,27
816937,0
816938,0
816939,0
816940,0
816941,0
816942,0
816943,0
816944,0
816945,20
816946,0
816947,0
816948,21
816949,0
816950,0
816951,0
816952,0
816953,0
816954,0
816955,0
816956,0
816957,26
816958,0
816959,0
816960,0
816961,29
816962,0
816963,0
816964,0
816965,0
816966,0
816967,0
816968,0
816969,0
816970,0
816971,0
816972,0
816973,0
816974,0
816975,0
816976,10
816977,0
816978,26
816979,0
816980,0
816981,0
816982,0
816983,0
816984,30
816985,0
816986,0
816987,0
816988,0
816989,0
816990,0
816991,17
816992,0
816993,0
816994,0
816995,0
816996,27
816997,0
816998,0
816999,0
817000,32
817001,0
817002,0
817003,0
817004,0
817005,0
817006,0
817007,0
817008,0
817009,0
817010,0
817011,0
817012,0
817013,26
817014,0
817015,0
817016,0
817017,0
817018,19
817019,0
817020,0
817021,0
817022,20
817023,0
817024,0
817025,0
817026,0
817027,0
817028,0
817029,22
817030,0
817031,0
817032,0
817033,0
817034,0
817035,31
817036,0
817037,0
817038,0
817039,0
817040,0
817041,30
817042,15
817043,20
817044,0
817045,0
817046,0
817047,0
817048,0
817049,0
817050,0
817051,0
817052,0
817053,31
817054,0
817055,0
817056,23
817057,34
817058,0
817059,0
817060,25
817061,11
817062,0
817063,0
817064,0
817065,0
817066,0
817067,0
817068,0
817069,0
817070,0
817071,0
817072,0
817073,30
817074,27
817075,0
817076,0
817077,39
817078,0
817079,0
817080,0
817081,0
817082,25
817083,34
817084,0
817085,0
817086,0
817087,0
817088,0
817089,0
817090,0
817091,0
817092,0
817093,0
817094,0
817095,0
817096,0
817097,0
817098,25
817099,0
817100,0
817101,0
817102,20
817103,0
817104,0
817105,0
817106,29
817107,0
817108,0
817109,0
817110,0
817111,0
817112,0
817113,0
817114,0
817115,0
817116,0
817117,0
817118,0
817119,0
817120,0
817121,0
817122,0
817123,0
817124,29
817125,14
817126,16
817127,0
817128,0
817129,0
817130,0
817131,0
817132,0
817133,0
817134,0
817135,0
817136,0
817137,0
817138,26
817139,0
817140,0
817141,33
817142,0
817143,36
817144,0
817145,32
817146,0
817147,0
817148,0
817149,0
817150,0
817151,0
817152,0
817153,0
817154,0
817155,0
817156,0
817157,0
817158,0
817159,0
817160,0
817161,0
817162,0
817163,0
817164,0
817165,0
817166,0
817167,0
817168,0
817169,0
817170,0
817171,0
817172,33
817173,0
817174,26
817175,0
817176,38
817177,0
817178,0
817179,0
817180,0
817181,0
817182,0
817183,32
817184,0
817185,0
817186,19
817187,0
817188,0
817189,0
817190,0
817191,0
817192,0
817193,0
817194,0
817195,0
817196,0
817197,0
817198,23
817199,0
817200,0
817201,0
817202,0
817203,0
817204,0
817205,0
817206,0
817207,0
817208,36
817209,0
817210,0
817211,0
817212,0
817213,22
817214,0
817215,0
817216,0
817217,0
817218,0
817219,0
817220,0
817221,0
817222,0
817223,0
817224,0
817225,0
817226,0
817227,0
817228,0
817229,0
817230,0
817231,0
817232,0
817233,0
817234,0
817235,0
817236,0
817237,0
817238,0
817239,0
817240,0
817241,0
817242,0
817243,0
817244,0
817245,0
817246,0
817247,0
817248,0
817249,38
817250,35
817251,0
817252,0
817253,0
817254,22
817255,0
817256,0
817257,0
817258,0
817259,0
817260,0
817261,0
817262,0
817263,0
817264,22
817265,0
817266,0
817267,31
817268,36
817269,23
817270,33
817271,0
817272,0
817273,0
817274,0
817275,0
817276,0
817277,0
817278,0
817279,0
817280,0
817281,0
817282,0
817283,30
817284,0
817285,0
817286,0
817287,0
817288,0
817289,0
817290,0
817291,25
817292,0
817293,0
817294,35
817295,24
817296,0
817297,0
817298,0
817299,0
817300,0
817301,0
817302,26
817303,0
817304,36
817305,0
817306,34
817307,0
817308,0
817309,0
817310,13
817311,0
817312,0
817313,0
817314,0
817315,0
817316,0
817317,0
817318,0
817319,36
817320,0
817321,0
817322,0
817323,0
817324,0
817325,0
817326,0
817327,0
817328,0
817329,0
817330,26
817331,0
817332,0
817333,0
817334,0
817335,0
817336,0
817337,0
817338,0
817339,0
817340,0
817341,0
817342,0
817343,0
817344,0
817345,20
817346,0
817347,0
817348,0
817349,0
817350,18
817351,0
817352,0
817353,0
817354,0
817355,0
817356,0
817357,0
817358,0
817359,0
817360,0
817361,0
817362,0
817363,0
817364,0
817365,0
817366,0
817367,20
817368,0
817369,0
817370,0
817371,0
817372,0
817373,0
817374,0
817375,0
817376,21
817377,0
817378,32
817379,0
817380,0
817381,23
817382,23
817383,0
817384,0
817385,0
817386,0
817387,0
817388,0
817389,0
817390,0
817391,0
817392,0
817393,0
817394,0
817395,0
817396,0
817397,0
817398,0
817399,0
817400,0
817401,0
817402,0
817403,0
817404,0
817405,0
817406,0
817407,0
817408,0
817409,20
817410,0
817411,25
817412,30
817413,0
817414,27
817415,0
817416,0
817417,0
817418,0
817419,0
817420,0
817421,0
817422,0
817423,0
817424,0
817425,0
817426,0
817427,0
817428,0
817429,0
817430,0
817431,0
817432,0
817433,0
817434,0
817435,0
817436,0
817437,0
817438,0
817439,0
817440,0
817441,0
817442,23
817443,0
817444,0
817445,0
817446,0
817447,0
817448,30
817449,0
817450,0
817451,0
817452,0
817453,0
817454,0
817455,0
817456,0
817457,0
817458,0
817459,0
817460,0
817461,0
817462,0
817463,0
817464,29
817465,0
817466,0
817467,0
817468,0
817469,0
817470,0
817471,0
817472,0
817473,0
817474,0
817475,0
817476,0
817477,0
817478,0
817479,33
817480,0
817481,17
817482,12
817483,0
817484,0
817485,0
817486,0
817487,0
817488,0
817489,0
817490,0
817491,0
817492,0
817493,28
817494,0
817495,0
817496,0
817497,0
817498,0
817499,0
817500,0
817501,0
817502,0
817503,14
817504,0
817505,0
817506,0
817507,0
817508,0
817509,0
817510,0
817511,34
817512,36
817513,0
817514,15
817515,0
817516,25
817517,30
817518,0
817519,0
817520,0
817521,0
817522,0
817523,0
817524,0
817525,0
817526,0
817527,0
817528,0
817529,0
817530,0
817531,0
817532,0
817533,0
817534,0
817535,31
817536,31
817537,32
817538,0
817539,0
817540,0
817541,0
817542,0
817543,27
817544,0
817545,29
817546,33
817547,0
817548,0
817549,0
817550,0
817551,0
817552,0
817553,0
817554,0
817555,0
817556,0
817557,0
817558,0
817559,24
817560,28
817561,0
817562,0
817563,0
817564,0
817565,0
817566,0
817567,0
817568,0
817569,35
817570,0
817571,0
817572,0
817573,0
817574,29
817575,0
817576,0
817577,0
817578,0
817579,0
817580,41
817581,0
817582,0
817583,0
817584,0
817585,0
817586,0
817587,0
817588,19
817589,45
817590,0
817591,0
817592,22
817593,0
817594,0
817595,0
817596,0
817597,0
817598,0
817599,0
817600,0
817601,0
817602,0
817603,28
817604,0
817605,36
817606,0
817607,25
817608,30
817609,0
817610,0
817611,0
817612,22
817613,0
817614,0
817615,0
817616,0
817617,0
817618,0
817619,0
817620,0
817621,0
817622,0
817623,0
817624,23
817625,0
817626,0
817627,0
817628,30
817629,0
817630,47
817631,0
817632,0
817633,0
817634,0
817635,0
817636,0
817637,0
817638,0
817639,0
817640,36
817641,42
817642,0
817643,0
817644,0
817645,0
817646,0
817647,0
817648,0
817649,0
817650,0
817651,0
817652,25
817653,0
817654,0
817655,0
817656,0
817657,0
817658,0
817659,35
817660,0
817661,0
817662,0
817663,39
817664,0
817665,36
817666,0
817667,0
817668,0
817669,0
817670,43
817671,0
817672,0
817673,0
817674,0
817675,0
817676,0
817677,0
817678,46
817679,0
817680,33
817681,0
817682,0
817683,0
817684,39
817685,0
817686,0
817687,22
817688,0
817689,36
817690,0
817691,0
817692,0
817693,32
817694,0
817695,0
817696,0
817697,0
817698,34
817699,0
817700,0
817701,0
817702,0
817703,0
817704,0
817705,0
817706,53
817707,0
817708,0
817709,0
817710,0
817711,46
817712,0
817713,0
817714,39
817715,0
817716,0
817717,0
817718,0
817719,0
817720,0
817721,0
817722,0
817723,0
817724,0
817725,0
817726,0
817727,0
817728,0
817729,0
817730,46
817731,0
817732,0
817733,0
817734,0
817735,0
817736,44
817737,0
817738,0
817739,0
817740,0
817741,0
817742,0
817743,0
817744,0
817745,0
817746,0
817747,0
817748,45
817749,0
817750,0
817751,34
817752,0
817753,0
817754,0
817755,0
817756,0
817757,0
817758,36
817759,0
817760,0
817761,0
817762,0
817763,0
817764,0
817765,0
817766,0
817767,0
817768,0
817769,0
817770,32
817771,0
817772,0
817773,0
817774,0
817775,0
817776,0
817777,0
817778,0
817779,0
817780,0
817781,0
817782,0
817783,0
817784,0
817785,0
817786,0
817787,0
817788,0
817789,0
817790,0
817791,0
817792,25
817793,0
817794,0
817795,29
817796,0
817797,0
817798,0
817799,51
817800,0
817801,0
817802,0
817803,0
817804,0
817805,0
817806,0
817807,26
817808,0
817809,0
817810,0
817811,0
817812,0
817813,0
817814,0
817815,0
817816,0
817817,0
817818,0
817819,0
817820,39
817821,0
817822,0
817823,0
817824,0
817825,0
817826,0
817827,0
817828,0
817829,0
817830,0
817831,0
817832,54
817833,0
817834,0
817835,0
817836,0
817837,0
817838,0
817839,0
817840,0
817841,0
817842,0
817843,0
817844,0
817845,0
817846,0
817847,0
817848,0
817849,0
817850,0
817851,0
817852,0
817853,48
817854,0
817855,0
817856,0
817857,0
817858,0
817859,0
817860,0
817861,45
817862,0
817863,0
817864,0
817865,0
817866,37
817867,0
817868,0
817869,0
817870,0
817871,0
817872,0
817873,0
817874,67
817875,0
817876,0
817877,0
817878,0
817879,0
817880,0
817881,0
817882,0
817883,30
817884,0
817885,0
817886,27
817887,0
817888,46
817889,0
817890,0
817891,0
817892,0
817893,0
817894,0
817895,0
817896,0
817897,0
817898,0
817899,35
817900,0
817901,0
817902,0
817903,44
817904,0
817905,0
817906,0
817907,0
817908,0
817909,0
817910,0
817911,0
817912,46
817913,0
817914,0
817915,44
817916,0
817917,0
817918,0
817919,0
817920,0
817921,0
817922,0
817923,0
817924,0
817925,0
817926,0
817927,0
817928,0
817929,0
817930,0
817931,0
817932,0
817933,0
817934,0
817935,0
817936,0
817937,0
817938,0
817939,0
817940,0
817941,0
817942,0
817943,0
817944,0
817945,0
817946,0
817947,32
817948,0
817949,0
817950,0
817951,25
817952,36
817953,0
817954,0
817955,37
817956,0
817957,0
817958,0
817959,0
817960,0
817961,0
817962,0
817963,0
817964,0
817965,0
817966,0
817967,0
817968,0
817969,0
817970,0
817971,0
817972,0
817973,0
817974,0
817975,0
817976,0
817977,0
817978,27
817979,0
817980,0
817981,0
817982,0
817983,29
817984,39
817985,0
817986,0
817987,0
817988,0
817989,0
817990,0
817991,0
817992,0
817993,0
817994,0
817995,0
817996,0
817997,0
817998,0
817999,0
818000,0
818001,0
818002,33
818003,0
818004,0
818005,0
818006,0
818007,0
818008,0
818009,0
818010,0
818011,21
818012,0
818013,0
818014,0
818015,0
818016,0
818017,0
818018,0
818019,0
818020,0
818021,0
818022,0
818023,0
818024,0
818025,0
818026,0
818027,0
818028,0
818029,48
818030,0
818031,33
818032,0
818033,0
818034,29
818035,0
818036,0
818037,36
818038,0
818039,45
818040,0
818041,0
818042,0
818043,34
818044,0
818045,0
818046,0
818047,0
818048,0
818049,0
818050,0
818051,0
818052,0
818053,0
818054,39
818055,0
818056,0
818057,0
818058,0
818059,0
818060,0
818061,0
818062,0
818063,0
818064,48
818065,0
818066,42
818067,0
818068,0
818069,0
818070,0
818071,0
818072,46
818073,0
818074,0
818075,0
818076,0
818077,35
818078,15
818079,31
818080,0
818081,0
818082,51
818083,0
818084,48
818085,0
818086,0
818087,0
818088,0
818089,0
818090,0
818091,0
818092,0
818093,0
818094,0
818095,0
818096,0
818097,0
818098,0
818099,0
818100,0
818101,0
818102,0
818103,0
818104,0
818105,0
818106,0
818107,0
818108,48
818109,0
818110,47
818111,0
818112,0
818113,0
818114,43
818115,0
818116,0
818117,0
818118,0
818119,51
818120,0
818121,0
818122,37
818123,0
818124,0
818125,0
818126,0
818127,0
818128,0
818129,0
818130,0
818131,0
818132,0
818133,0
818134,0
818135,0
818136,0
818137,0
818138,0
818139,0
818140,0
818141,0
818142,0
818143,0
818144,0
818145,0
818146,0
818147,0
818148,0
818149,0
818150,0
818151,0
818152,0
818153,0
818154,0
818155,0
818156,0
818157,0
818158,0
818159,50
818160,0
818161,0
818162,44
818163,0
818164,0
818165,45
818166,0
818167,0
818168,0
818169,0
818170,0
818171,0
818172,0
818173,31
818174,0
818175,0
818176,0
818177,32
818178,0
818179,0
818180,0
818181,0
818182,0
818183,0
818184,0
818185,0
818186,0
818187,0
818188,52
818189,0
818190,0
818191,0
818192,0
818193,0
818194,0
818195,0
818196,0
818197,41
818198,51
818199,31
818200,0
818201,0
818202,0
818203,0
818204,0
818205,0
818206,0
818207,38
818208,39
818209,0
818210,0
818211,0
818212,0
818213,0
818214,0
818215,0
818216,37
818217,0
818218,0
818219,0
818220,0
818221,0
818222,0
818223,0
818224,0
818225,0
818226,0
818227,0
818228,0
818229,0
818230,0
818231,0
818232,0
818233,0
818234,6
818235,0
818236,0
818237,0
818238,0
818239,0
818240,0
818241,0
818242,0
818243,0
818244,0
818245,0
818246,0
818247,0
818248,0
818249,13
818250,0
818251,0
818252,0
818253,0
818254,0
818255,0
818256,0
818257,0
818258,0
818259,0
818260,0
818261,0
818262,0
818263,0
818264,0
818265,0
818266,11
818267,0
818268,5
818269,0
818270,5
818271,0
818272,0
818273,0
818274,0
818275,0
818276,0
818277,0
818278,0
818279,0
818280,0
818281,0
818282,0
818283,0
818284,0
818285,0
818286,0
818287,7
818288,0
818289,17
818290,0
818291,0
818292,0
818293,0
818294,0
818295,0
818296,0
818297,0
818298,0
818299,0
818300,0
818301,7
818302,0
818303,0
818304,0
818305,0
818306,0
818307,0
818308,0
818309,0
818310,13
818311,0
818312,0
818313,0
818314,0
818315,0
818316,0
818317,0
818318,0
818319,0
818320,0
818321,0
818322,0
818323,0
818324,0
818325,0
818326,0
818327,0
818328,10
818329,0
818330,0
818331,0
818332,0
818333,0
818334,0
818335,0
818336,0
818337,4
818338,0
818339,0
818340,0
818341,0
818342,0
818343,0
818344,0
818345,0
818346,0
818347,0
818348,0
818349,0
818350,0
818351,0
818352,0
818353,0
818354,0
818355,5
818356,12
818357,0
818358,0
818359,0
818360,0
818361,0
818362,0
818363,0
818364,0
818365,0
818366,0
818367,0
818368,0
818369,0
818370,0
818371,0
818372,0
818373,0
818374,0
818375,0
818376,0
818377,0
818378,0
818379,0
818380,0
818381,0
818382,0
818383,0
818384,0
818385,0
818386,0
818387,0
818388,0
818389,0
818390,0
818391,0
818392,0
818393,0
818394,0
818395,0
818396,0
818397,0
818398,0
818399,0
818400,0
818401,0
818402,0
818403,0
818404,0
818405,0
818406,0
818407,0
818408,0
818409,0
818410,0
818411,0
818412,0
818413,0
818414,0
818415,0
818416,0
818417,0
818418,0
818419,0
818420,0
818421,0
818422,0
818423,0
818424,0
818425,0
818426,0
818427,7
818428,0
818429,0
818430,0
818431,0
818432,0
818433,0
818434,0
818435,0
818436,0
818437,0
818438,0
818439,0
818440,0
818441,0
818442,12
818443,0
818444,0
818445,0
818446,0
818447,0
818448,0
818449,0
818450,0
818451,0
818452,0
818453,0
818454,0
818455,0
818456,0
818457,0
818458,0
818459,0
818460,0
818461,0
818462,9
818463,0
818464,0
818465,0
818466,0
818467,0
818468,0
818469,0
818470,4
818471,0
818472,0
818473,0
818474,0
818475,0
818476,0
818477,0
818478,0
818479,0
818480,0
818481,0
818482,0
818483,0
818484,0
818485,0
818486,0
818487,0
818488,13
818489,0
818490,0
818491,0
818492,0
818493,0
818494,0
818495,0
818496,0
818497,0
818498,0
818499,0
818500,0
818501,0
818502,0
818503,0
818504,0
818505,0
818506,0
818507,0
818508,0
818509,0
818510,0
818511,0
818512,0
818513,0
818514,0
818515,0
818516,15
818517,0
818518,0
818519,0
818520,0
818521,9
818522,0
818523,0
818524,0
818525,0
818526,0
818527,0
818528,0
818529,0
818530,0
818531,0
818532,0
818533,0
818534,0
818535,0
818536,0
818537,0
818538,0
818539,0
818540,0
818541,0
818542,0
818543,0
818544,0
818545,0
818546,0
818547,0
818548,0
818549,0
818550,0
818551,0
818552,0
818553,0
818554,0
818555,0
818556,0
818557,0
818558,14
818559,0
818560,0
818561,0
818562,0
818563,0
818564,0
818565,0
818566,0
818567,0
818568,0
818569,0
818570,0
818571,0
818572,0
818573,0
818574,0
818575,0
818576,0
818577,0
818578,0
818579,0
818580,0
818581,0
818582,0
818583,0
818584,0
818585,0
818586,9
818587,0
818588,0
818589,0
818590,0
818591,0
818592,0
818593,1
818594,0
818595,0
818596,0
818597,0
818598,0
818599,0
818600,0
818601,0
818602,0
818603,0
818604,0
818605,0
818606,12
818607,0
818608,0
818609,0
818610,0
818611,0
818612,0
818613,0
818614,0
818615,0
818616,0
818617,0
818618,0
818619,0
818620,0
818621,0
818622,0
818623,0
818624,0
818625,0
818626,0
818627,0
818628,0
818629,0
818630,0
818631,0
818632,0
818633,0
818634,13
818635,0
818636,0
818637,0
818638,0
818639,0
818640,0
818641,0
818642,0
818643,0
818644,0
818645,0
818646,0
818647,0
818648,0
818649,0
818650,0
818651,0
818652,0
818653,0
818654,0
818655,0
818656,0
818657,0
818658,12
818659,0
818660,0
818661,0
818662,12
818663,0
818664,0
818665,0
818666,0
818667,0
818668,0
818669,0
818670,0
818671,0
818672,0
818673,0
818674,0
818675,0
818676,0
818677,0
818678,0
818679,0
818680,0
818681,0
818682,0
818683,9
818684,0
818685,7
818686,0
818687,0
818688,0
818689,13
818690,0
818691,0
818692,0
818693,0
818694,0
818695,0
818696,0
818697,0
818698,0
818699,0
818700,0
818701,0
818702,0
818703,0
818704,0
818705,0
818706,0
818707,0
818708,0
818709,0
818710,0
818711,0
818712,0
818713,0
818714,0
818715,0
818716,0
818717,0
818718,0
818719,0
818720,0
818721,0
818722,6
818723,0
818724,0
818725,0
818726,0
818727,0
818728,0
818729,0
818730,0
818731,0
818732,0
818733,0
818734,0
818735,0
818736,0
818737,0
818738,0
818739,0
818740,0
818741,0
818742,0
818743,0
818744,0
818745,0
818746,0
818747,0
818748,0
818749,0
818750,0
818751,0
818752,0
818753,0
818754,0
818755,0
818756,0
818757,0
818758,0
818759,0
818760,0
818761,0
818762,0
818763,0
818764,0
818765,0
818766,0
818767,0
818768,0
818769,0
818770,0
818771,0
818772,0
818773,0
818774,0
818775,0
818776,0
818777,0
818778,0
818779,0
818780,0
818781,0
818782,0
818783,0
818784,0
818785,0
818786,0
818787,0
818788,0
818789,0
818790,0
818791,0
818792,0
818793,0
818794,0
818795,0
818796,0
818797,0
818798,0
818799,0
818800,0
818801,0
818802,0
818803,0
818804,0
818805,0
818806,0
818807,0
818808,0
818809,0
818810,0
818811,0
818812,0
818813,0
818814,0
818815,0
818816,0
818817,0
818818,0
818819,0
818820,0
818821,0
818822,0
818823,0
818824,0
818825,0
818826,0
818827,0
818828,0
818829,0
818830,0
818831,0
818832,0
818833,0
818834,0
818835,0
818836,14
818837,0
818838,0
818839,0
818840,0
818841,0
818842,0
818843,0
818844,0
818845,0
818846,0
818847,0
818848,5
818849,0
818850,0
818851,0
818852,0
818853,0
818854,5
818855,9
818856,0
818857,0
818858,0
818859,16
818860,0
818861,0
818862,0
818863,0
818864,0
818865,0
818866,0
818867,0
818868,0
818869,0
818870,0
818871,0
818872,13
818873,0
818874,0
818875,0
818876,8
818877,0
818878,0
818879,7
818880,0
818881,0
818882,0
818883,0
818884,0
818885,0
818886,0
818887,0
818888,0
818889,0
818890,0
818891,0
818892,0
818893,0
818894,0
818895,0
818896,0
818897,0
818898,0
818899,0
818900,0
818901,0
818902,14
818903,0
818904,0
818905,0
818906,0
818907,0
818908,0
818909,0
818910,0
818911,0
818912,0
818913,0
818914,0
818915,0
818916,0
818917,0
818918,0
818919,0
818920,0
818921,0
818922,0
818923,0
818924,0
818925,0
818926,0
818927,0
818928,0
818929,0
818930,0
818931,0
818932,0
818933,0
818934,0
818935,0
818936,0
818937,0
818938,0
818939,0
818940,0
818941,0
818942,0
818943,0
818944,0
818945,16
818946,0
818947,0
818948,0
818949,0
818950,0
818951,0
818952,0
818953,10
818954,0
818955,0
818956,0
818957,0
818958,0
818959,0
818960,0
818961,0
818962,9
818963,0
818964,0
818965,0
818966,0
818967,0
818968,0
818969,5
818970,0
818971,0
818972,0
818973,0
818974,0
818975,10
818976,0
818977,0
818978,0
818979,0
818980,0
818981,0
818982,0
818983,0
818984,0
818985,0
818986,0
818987,0
818988,0
818989,0
818990,0
818991,0
818992,0
818993,0
818994,0
818995,0
818996,0
818997,0
818998,0
818999,0
819000,0
819001,0
819002,0
819003,0
819004,13
819005,0
819006,11
819007,0
819008,0
819009,0
819010,10
819011,5
819012,0
819013,0
819014,0
819015,0
819016,0
819017,0
819018,0
819019,0
819020,0
819021,0
819022,0
819023,0
819024,0
819025,0
819026,0
819027,0
819028,0
819029,0
819030,0
819031,0
819032,0
819033,0
819034,0
819035,0
819036,0
819037,0
819038,10
819039,0
819040,0
819041,0
819042,9
819043,0
819044,0
819045,0
819046,0
819047,0
819048,0
819049,0
819050,0
819051,0
819052,0
819053,0
819054,0
819055,0
819056,0
819057,0
819058,0
819059,0
819060,0
819061,0
819062,0
819063,13
819064,9
819065,0
819066,0
819067,0
819068,0
819069,0
819070,0
819071,0
819072,0
819073,16
819074,0
819075,0
819076,0
819077,0
819078,0
819079,0
819080,0
819081,0
819082,0
819083,0
819084,0
819085,0
819086,0
819087,0
819088,0
819089,0
819090,0
819091,0
819092,0
819093,0
819094,0
819095,0
819096,0
819097,0
819098,0
819099,0
819100,0
819101,0
819102,0
819103,0
819104,0
819105,0
819106,0
819107,0
819108,0
819109,0
819110,0
819111,0
819112,0
819113,0
819114,0
819115,0
819116,0
819117,0
819118,0
819119,0
819120,0
819121,0
819122,0
819123,0
819124,0
819125,0
819126,0
819127,0
819128,0
819129,0
819130,7
819131,0
819132,0
819133,0
819134,0
819135,0
819136,0
819137,0
819138,0
819139,0
819140,0
819141,0
819142,0
819143,0
819144,0
819145,0
819146,24
819147,0
819148,34
819149,0
819150,35
819151,36
819152,0
819153,38
819154,0
819155,42
819156,0
819157,0
819158,0
819159,0
819160,0
819161,0
819162,0
819163,0
819164,0
819165,0
819166,36
819167,0
819168,0
819169,0
819170,0
819171,0
819172,0
819173,0
819174,38
819175,47
819176,0
819177,0
819178,34
819179,0
819180,34
819181,0
819182,0
819183,23
819184,0
819185,0
819186,0
819187,0
819188,0
819189,0
819190,40
819191,26
819192,0
819193,0
819194,0
819195,0
819196,42
819197,0
819198,0
819199,35
819200,25
819201,0
819202,0
819203,37
819204,27
819205,0
819206,0
819207,0
819208,31
819209,39
819210,48
819211,34
819212,0
819213,0
819214,0
819215,0
819216,0
819217,0
819218,29
819219,0
819220,41
819221,0
819222,0
819223,37
819224,26
819225,0
819226,0
819227,0
819228,29
819229,0
819230,0
819231,23
819232,34
819233,0
819234,0
819235,0
819236,0
819237,0
819238,41
819239,28
819240,0
819241,0
819242,34
819243,40
819244,0
819245,0
819246,0
819247,0
819248,0
819249,0
819250,34
819251,24
819252,0
819253,23
819254,37
819255,0
819256,0
819257,40
819258,0
819259,0
819260,24
819261,33
819262,0
819263,0
819264,40
819265,32
819266,0
819267,0
819268,0
819269,29
819270,0
819271,0
819272,0
819273,30
819274,0
819275,0
819276,0
819277,0
819278,0
819279,24
819280,0
819281,51
819282,0
819283,36
819284,29
819285,42
819286,0
819287,0
819288,0
819289,0
819290,30
819291,0
819292,0
819293,0
819294,0
819295,25
819296,0
819297,0
819298,32
819299,0
819300,0
819301,0
819302,35
819303,29
819304,0
819305,0
819306,36
819307,0
819308,0
819309,0
819310,0
819311,0
819312,0
819313,36
819314,0
819315,0
819316,23
819317,38
819318,0
819319,0
819320,0
819321,0
819322,34
819323,17
819324,0
819325,0
819326,29
819327,0
819328,0
819329,33
819330,36
819331,0
819332,0
819333,25
819334,24
819335,0
819336,34
819337,0
819338,0
819339,0
819340,0
819341,0
819342,26
819343,0
819344,0
819345,34
819346,0
819347,0
819348,0
819349,0
819350,28
819351,0
819352,0
819353,0
819354,35
819355,0
819356,26
819357,34
819358,29
819359,27
819360,0
819361,31
819362,0
819363,26
819364,0
819365,0
819366,0
819367,0
819368,0
819369,0
819370,33
819371,0
819372,0
819373,47
819374,0
819375,0
819376,0
819377,0
819378,0
819379,20
819380,0
819381,0
819382,39
819383,0
819384,0
819385,0
819386,0
819387,38
819388,0
819389,27
819390,26
819391,43
819392,0
819393,0
819394,0
819395,0
819396,0
819397,0
819398,0
819399,0
819400,0
819401,0
819402,38
819403,34
819404,27
819405,0
819406,0
819407,22
819408,0
819409,36
819410,0
819411,35
819412,23
819413,0
819414,0
819415,28
819416,32
819417,0
819418,0
819419,26
819420,0
819421,24
819422,19
819423,32
819424,0
819425,41
819426,34
819427,30
819428,36
819429,0
819430,0
819431,0
819432,0
819433,0
819434,0
819435,27
819436,0
819437,32
819438,0
819439,28
819440,0
819441,0
819442,43
819443,0
819444,22
819445,0
819446,0
819447,0
819448,36
819449,0
819450,0
819451,0
819452,0
819453,0
819454,0
819455,22
819456,0
819457,23
819458,0
819459,0
819460,0
819461,0
819462,28
819463,33
819464,33
819465,33
819466,0
819467,0
819468,0
819469,0
819470,0
819471,0
819472,0
819473,0
819474,0
819475,0
819476,0
819477,36
819478,0
819479,0
819480,0
819481,0
819482,0
819483,0
819484,0
819485,33
819486,0
819487,0
819488,0
819489,29
819490,0
819491,24
819492,42
819493,0
819494,47
819495,0
819496,0
819497,42
819498,0
819499,0
819500,50
819501,36
819502,0
819503,0
819504,0
819505,42
819506,0
819507,43
819508,0
819509,30
819510,35
819511,0
819512,0
819513,0
819514,22
819515,0
819516,0
819517,0
819518,35
819519,29
819520,0
819521,34
819522,0
819523,0
819524,25
819525,37
819526,0
819527,0
819528,0
819529,0
819530,0
819531,0
819532,47
819533,0
819534,40
819535,0
819536,0
819537,0
819538,0
819539,0
819540,52
819541,0
819542,0
819543,35
819544,0
819545,0
819546,0
819547,24
819548,32
819549,0
819550,0
819551,0
819552,35
819553,27
819554,0
819555,0
819556,0
819557,0
819558,0
819559,0
819560,0
819561,0
819562,0
819563,0
819564,0
819565,44
819566,0
819567,0
819568,0
819569,0
819570,0
819571,0
819572,47
819573,0
819574,0
819575,0
819576,0
819577,0
819578,0
819579,0
819580,0
819581,35
819582,0
819583,0
819584,0
819585,39
819586,0
819587,0
819588,0
819589,0
819590,0
819591,31
819592,0
819593,28
819594,0
819595,0
819596,0
819597,30
819598,28
819599,0
819600,30
819601,0
819602,30
819603,39
819604,0
819605,0
819606,27
819607,0
819608,0
819609,0
819610,0
819611,0
819612,0
819613,0
819614,0
819615,31
819616,31
819617,0
819618,0
819619,0
819620,0
819621,51
819622,47
819623,0
819624,0
819625,0
819626,34
819627,0
819628,35
819629,47
819630,29
819631,0
819632,35
819633,0
819634,0
819635,32
819636,49
819637,0
819638,0
819639,0
819640,0
819641,0
819642,0
819643,42
819644,31
819645,0
819646,0
819647,0
819648,0
819649,0
819650,0
819651,0
819652,39
819653,0
819654,0
819655,33
819656,39
819657,41
819658,0
819659,0
819660,0
819661,0
819662,0
819663,52
819664,0
819665,0
819666,0
819667,0
819668,30
819669,0
819670,0
819671,0
819672,0
819673,55
819674,18
819675,26
819676,0
819677,0
819678,0
819679,0
819680,53
819681,44
819682,0
819683,0
819684,0
819685,0
819686,0
819687,0
819688,0
819689,0
819690,0
819691,0
819692,0
819693,0
819694,27
819695,0
819696,0
819697,37
819698,0
819699,0
819700,0
819701,0
819702,0
819703,0
819704,27
819705,0
819706,0
819707,43
819708,48
819709,43
819710,0
819711,0
819712,27
819713,44
819714,0
819715,0
819716,35
819717,0
819718,0
819719,47
819720,0
819721,0
819722,0
819723,48
819724,41
819725,0
819726,33
819727,0
819728,0
819729,0
819730,0
819731,0
819732,0
819733,0
819734,0
819735,0
819736,15
819737,0
819738,0
819739,0
819740,0
819741,0
819742,0
819743,0
819744,0
819745,0
819746,15
819747,0
819748,0
819749,0
819750,0
819751,0
819752,0
819753,0
819754,0
819755,0
819756,0
819757,0
819758,0
819759,0
819760,0
819761,0
819762,0
819763,0
819764,0
819765,0
819766,0
819767,0
819768,0
819769,0
819770,0
819771,0
819772,0
819773,0
819774,0
819775,0
819776,7
819777,0
819778,0
819779,0
819780,0
819781,0
819782,0
819783,0
819784,0
819785,0
819786,0
819787,0
819788,0
819789,0
819790,0
819791,0
819792,0
819793,0
819794,0
819795,0
819796,19
819797,21
819798,0
819799,0
819800,0
819801,0
819802,0
819803,0
819804,0
819805,0
819806,0
819807,0
819808,0
819809,0
819810,0
819811,0
819812,0
819813,0
819814,0
819815,0
819816,0
819817,0
819818,0
819819,0
819820,0
819821,0
819822,0
819823,0
819824,0
819825,0
819826,0
819827,17
819828,0
819829,0
819830,0
819831,9
819832,0
819833,0
819834,0
819835,0
819836,0
819837,0
819838,0
819839,0
819840,0
819841,0
819842,0
819843,0
819844,0
819845,0
819846,0
819847,17
819848,0
819849,10
819850,0
819851,0
819852,0
819853,0
819854,0
819855,0
819856,0
819857,0
819858,0
819859,0
819860,0
819861,0
819862,0
819863,0
819864,13
819865,0
819866,0
819867,0
819868,0
819869,0
819870,0
819871,0
819872,0
819873,0
819874,0
819875,0
819876,0
819877,25
819878,0
819879,0
819880,0
819881,0
819882,0
819883,0
819884,0
819885,0
819886,0
819887,10
819888,0
819889,0
819890,22
819891,0
819892,0
819893,0
819894,0
819895,0
819896,0
819897,0
819898,0
819899,0
819900,0
819901,0
819902,0
819903,14
819904,0
819905,0
819906,0
819907,0
819908,0
819909,0
819910,12
819911,0
819912,21
819913,0
819914,0
819915,0
819916,0
819917,0
819918,0
819919,0
819920,48
819921,0
819922,36
819923,0
819924,0
819925,0
819926,0
819927,0
819928,26
819929,0
819930,0
819931,0
819932,0
819933,0
819934,0
819935,0
819936,0
819937,0
819938,0
819939,0
819940,0
819941,0
819942,0
819943,41
819944,0
819945,42
819946,0
819947,0
819948,0
819949,0
819950,0
819951,0
819952,27
819953,0
819954,0
819955,0
819956,0
819957,0
819958,0
819959,0
819960,41
819961,0
819962,0
819963,33
819964,0
819965,41
819966,0
819967,0
819968,0
819969,42
819970,0
819971,0
819972,0
819973,0
819974,0
819975,0
819976,40
819977,0
819978,0
819979,0
819980,0
819981,0
819982,0
819983,0
819984,0
819985,0
819986,0
819987,0
819988,42
819989,0
819990,0
819991,0
819992,0
819993,0
819994,0
819995,33
819996,26
819997,55
819998,0
819999,0
820000,0
820001,0
820002,0
820003,0
820004,42
820005,0
820006,0
820007,28
820008,0
820009,0
820010,61
820011,47
820012,0
820013,38
820014,0
820015,0
820016,46
820017,0
820018,0
820019,0
820020,0
820021,0
820022,0
820023,0
820024,0
820025,49
820026,0
820027,0
820028,0
820029,0
820030,0
820031,0
820032,0
820033,0
820034,0
820035,0
820036,38
820037,0
820038,0
820039,0
820040,0
820041,0
820042,0
820043,0
820044,43
820045,0
820046,0
820047,0
820048,0
820049,0
820050,0
820051,0
820052,30
820053,0
820054,0
820055,0
820056,0
820057,34
820058,0
820059,0
820060,0
820061,41
820062,0
820063,0
820064,0
820065,0
820066,0
820067,0
820068,0
820069,0
820070,48
820071,0
820072,0
820073,0
820074,0
820075,0
820076,0
820077,0
820078,0
820079,45
820080,0
820081,0
820082,0
820083,0
820084,0
820085,0
820086,0
820087,0
820088,42
820089,0
820090,0
820091,38
820092,0
820093,0
820094,37
820095,35
820096,0
820097,0
820098,0
820099,36
820100,0
820101,0
820102,0
820103,0
820104,0
820105,0
820106,31
820107,39
820108,34
820109,52
820110,41
820111,0
820112,0
820113,0
820114,0
820115,0
820116,0
820117,0
820118,0
820119,0
820120,0
820121,0
820122,0
820123,0
820124,0
820125,0
820126,0
820127,0
820128,0
820129,0
820130,34
820131,0
820132,0
820133,0
820134,0
820135,54
820136,0
820137,0
820138,0
820139,40
820140,29
820141,34
820142,0
820143,0
820144,0
820145,0
820146,0
820147,0
820148,0
820149,0
820150,33
820151,45
820152,29
820153,0
820154,34
820155,34
820156,36
820157,0
820158,31
820159,0
820160,41
820161,0
820162,0
820163,0
820164,0
820165,32
820166,29
820167,40
820168,0
820169,0
820170,0
820171,0
820172,0
820173,38
820174,0
820175,0
820176,0
820177,0
820178,43
820179,32
820180,0
820181,0
820182,0
820183,0
820184,47
820185,0
820186,0
820187,38
820188,0
820189,33
820190,0
820191,33
820192,0
820193,41
820194,0
820195,33
820196,0
820197,0
820198,0
820199,0
820200,39
820201,30
820202,52
820203,0
820204,0
820205,0
820206,0
820207,0
820208,34
820209,0
820210,0
820211,29
820212,0
820213,51
820214,0
820215,0
820216,0
820217,34
820218,43
820219,40
820220,0
820221,45
820222,0
820223,0
820224,0
820225,31
820226,0
820227,0
820228,0
820229,0
820230,0
820231,0
820232,0
820233,0
820234,0
820235,0
820236,0
820237,0
820238,23
820239,0
820240,0
820241,33
820242,0
820243,0
820244,38
820245,0
820246,0
820247,0
820248,0
820249,42
820250,27
820251,0
820252,0
820253,0
820254,0
820255,0
820256,32
820257,0
820258,35
820259,0
820260,0
820261,0
820262,0
820263,0
820264,0
820265,0
820266,0
820267,0
820268,36
820269,0
820270,0
820271,0
820272,0
820273,0
820274,0
820275,0
820276,44
820277,0
820278,0
820279,0
820280,0
820281,0
820282,0
820283,0
820284,0
820285,0
820286,0
820287,0
820288,0
820289,0
820290,0
820291,0
820292,0
820293,0
820294,0
820295,0
820296,0
820297,35
820298,0
820299,0
820300,0
820301,0
820302,0
820303,0
820304,0
820305,0
820306,0
820307,0
820308,44
820309,0
820310,0
820311,0
820312,0
820313,0
820314,0
820315,0
820316,46
820317,0
820318,0
820319,37
820320,0
820321,0
820322,0
820323,0
820324,0
820325,0
820326,0
820327,0
820328,0
820329,0
820330,0
820331,0
820332,35
820333,0
820334,0
820335,0
820336,0
820337,32
820338,0
820339,0
820340,0
820341,34
820342,0
820343,0
820344,0
820345,0
820346,0
820347,0
820348,0
820349,0
820350,0
820351,0
820352,0
820353,34
820354,0
820355,36
820356,0
820357,34
820358,48
820359,0
820360,0
820361,0
820362,0
820363,0
820364,0
820365,0
820366,0
820367,0
820368,0
820369,0
820370,0
820371,0
820372,0
820373,44
820374,27
820375,0
820376,0
820377,0
820378,0
820379,0
820380,0
820381,0
820382,0
820383,39
820384,0
820385,0
820386,0
820387,35
820388,0
820389,0
820390,0
820391,0
820392,0
820393,0
820394,26
820395,0
820396,22
820397,0
820398,0
820399,0
820400,0
820401,0
820402,0
820403,48
820404,0
820405,36
820406,0
820407,0
820408,0
820409,0
820410,0
820411,0
820412,0
820413,22
820414,0
820415,0
820416,0
820417,23
820418,0
820419,0
820420,0
820421,24
820422,0
820423,0
820424,23
820425,0
820426,0
820427,0
820428,28
820429,0
820430,0
820431,0
820432,0
820433,25
820434,41
820435,0
820436,41
820437,0
820438,0
820439,0
820440,0
820441,56
820442,0
820443,0
820444,0
820445,0
820446,0
820447,0
820448,38
820449,0
820450,0
820451,0
820452,0
820453,0
820454,34
820455,0
820456,0
820457,0
820458,0
820459,0
820460,0
820461,36
820462,0
820463,0
820464,0
820465,31
820466,27
820467,0
820468,0
820469,0
820470,0
820471,27
820472,0
820473,0
820474,0
820475,0
820476,0
820477,0
820478,0
820479,0
820480,0
820481,0
820482,0
820483,0
820484,0
820485,0
820486,0
820487,25
820488,0
820489,0
820490,0
820491,0
820492,0
820493,0
820494,0
820495,0
820496,31
820497,0
820498,0
820499,36
820500,0
820501,0
820502,0
820503,0
820504,27
820505,0
820506,25
820507,0
820508,0
820509,0
820510,33
820511,0
820512,0
820513,38
820514,0
820515,0
820516,0
820517,24
820518,0
820519,0
820520,0
820521,22
820522,0
820523,0
820524,0
820525,33
820526,0
820527,0
820528,0
820529,0
820530,23
820531,0
820532,0
820533,0
820534,0
820535,0
820536,0
820537,0
820538,0
820539,26
820540,30
820541,0
820542,0
820543,0
820544,0
820545,0
820546,0
820547,0
820548,0
820549,0
820550,0
820551,0
820552,0
820553,0
820554,26
820555,0
820556,0
820557,0
820558,0
820559,0
820560,0
820561,0
820562,35
820563,0
820564,31
820565,30
820566,0
820567,0
820568,34
820569,0
820570,0
820571,0
820572,0
820573,0
820574,44
820575,0
820576,0
820577,0
820578,0
820579,0
820580,0
820581,26
820582,30
820583,33
820584,37
820585,0
820586,0
820587,33
820588,34
820589,0
820590,25
820591,0
820592,0
820593,34
820594,0
820595,0
820596,0
820597,0
820598,0
820599,0
820600,23
820601,0
820602,0
820603,0
820604,0
820605,0
820606,0
820607,0
820608,0
820609,0
820610,0
820611,0
820612,0
820613,0
820614,0
820615,0
820616,0
820617,0
820618,23
820619,29
820620,0
820621,0
820622,0
820623,0
820624,29
820625,0
820626,0
820627,0
820628,7
820629,0
820630,4
820631,0
820632,0
820633,0
820634,0
820635,2
820636,0
820637,0
820638,6
820639,5
820640,0
820641,0
820642,0
820643,0
820644,0
820645,0
820646,0
820647,0
820648,5
820649,0
820650,0
820651,0
820652,0
820653,0
820654,0
820655,6
820656,0
820657,0
820658,0
820659,4
820660,0
820661,10
820662,0
820663,0
820664,0
820665,0
820666,0
820667,0
820668,6
820669,7
820670,0
820671,0
820672,0
820673,0
820674,0
820675,0
820676,8
820677,0
820678,0
820679,0
820680,0
820681,0
820682,0
820683,0
820684,0
820685,4
820686,0
820687,0
820688,0
820689,0
820690,0
820691,0
820692,5
820693,0
820694,0
820695,0
820696,0
820697,0
820698,0
820699,5
820700,0
820701,0
820702,0
820703,0
820704,0
820705,0
820706,0
820707,0
820708,0
820709,0
820710,0
820711,0
820712,0
820713,0
820714,0
820715,0
820716,0
820717,0
820718,0
820719,0
820720,5
820721,0
820722,0
820723,0
820724,0
820725,4
820726,2
820727,0
820728,0
820729,6
820730,5
820731,0
820732,0
820733,0
820734,0
820735,0
820736,0
820737,0
820738,0
820739,0
820740,0
820741,0
820742,0
820743,0
820744,0
820745,3
820746,0
820747,0
820748,1
820749,3
820750,0
820751,0
820752,5
820753,0
820754,0
820755,0
820756,0
820757,1
820758,0
820759,0
820760,0
820761,0
820762,0
820763,4
820764,0
820765,0
820766,7
820767,0
820768,0
820769,4
820770,0
820771,0
820772,0
820773,0
820774,0
820775,0
820776,0
820777,3
820778,0
820779,3
820780,0
820781,0
820782,0
820783,0
820784,0
820785,4
820786,0
820787,0
820788,0
820789,0
820790,0
820791,3
820792,0
820793,0
820794,0
820795,0
820796,0
820797,8
820798,2
820799,0
820800,5
820801,5
820802,0
820803,7
820804,0
820805,0
820806,0
820807,0
820808,0
820809,0
820810,0
820811,0
820812,0
820813,0
820814,0
820815,0
820816,0
820817,0
820818,0
820819,0
820820,0
820821,0
820822,0
820823,0
820824,0
820825,0
820826,0
820827,0
820828,0
820829,0
820830,1
820831,0
820832,0
820833,3
820834,2
820835,0
820836,2
820837,0
820838,2
820839,0
820840,0
820841,0
820842,4
820843,6
820844,0
820845,0
820846,0
820847,0
820848,0
820849,0
820850,0
820851,0
820852,0
820853,0
820854,0
820855,0
820856,0
820857,0
820858,0
820859,0
820860,0
820861,0
820862,4
820863,0
820864,0
820865,0
820866,0
820867,0
820868,0
820869,0
820870,0
820871,12
820872,4
820873,0
820874,4
820875,0
820876,0
820877,4
820878,0
820879,0
820880,0
820881,0
820882,0
820883,0
820884,0
820885,0
820886,0
820887,0
820888,0
820889,0
820890,0
820891,0
820892,0
820893,0
820894,0
820895,0
820896,0
820897,0
820898,6
820899,0
820900,0
820901,0
820902,3
820903,6
820904,0
820905,2
820906,5
820907,0
820908,0
820909,0
820910,0
820911,0
820912,4
820913,0
820914,0
820915,4
820916,7
820917,0
820918,0
820919,0
820920,5
820921,0
820922,3
820923,0
820924,0
820925,5
820926,0
820927,0
820928,1
820929,0
820930,0
820931,0
820932,0
820933,9
820934,0
820935,0
820936,0
820937,0
820938,0
820939,0
820940,0
820941,0
820942,0
820943,0
820944,0
820945,0
820946,0
820947,0
820948,0
820949,2
820950,0
820951,0
820952,0
820953,0
820954,0
820955,5
820956,2
820957,0
820958,0
820959,0
820960,0
820961,0
820962,8
820963,0
820964,0
820965,0
820966,0
820967,0
820968,0
820969,5
820970,0
820971,0
820972,0
820973,0
820974,0
820975,0
820976,0
820977,3
820978,0
820979,0
820980,0
820981,0
820982,5
820983,0
820984,4
820985,0
820986,0
820987,0
820988,7
820989,0
820990,0
820991,7
820992,0
820993,0
820994,0
820995,5
820996,0
820997,0
820998,0
820999,0
821000,0
821001,0
821002,5
821003,9
821004,0
821005,1
821006,0
821007,0
821008,0
821009,0
821010,0
821011,0
821012,2
821013,0
821014,0
821015,3
821016,0
821017,0
821018,0
821019,0
821020,0
821021,0
821022,0
821023,0
821024,0
821025,0
821026,6
821027,0
821028,0
821029,0
821030,0
821031,0
821032,0
821033,0
821034,5
821035,0
821036,0
821037,0
821038,4
821039,0
821040,0
821041,0
821042,9
821043,6
821044,0
821045,0
821046,0
821047,0
821048,5
821049,3
821050,0
821051,0
821052,7
821053,4
821054,0
821055,0
821056,0
821057,0
821058,0
821059,0
821060,0
821061,0
821062,0
821063,0
821064,0
821065,0
821066,0
821067,5
821068,0
821069,0
821070,5
821071,0
821072,0
821073,8
821074,0
821075,7
821076,3
821077,0
821078,0
821079,0
821080,0
821081,0
821082,0
821083,0
821084,9
821085,0
821086,0
821087,0
821088,6
821089,3
821090,0
821091,0
821092,0
821093,0
821094,0
821095,0
821096,6
821097,0
821098,3
821099,0
821100,0
821101,0
821102,0
821103,4
821104,0
821105,0
821106,3
821107,0
821108,0
821109,0
821110,5
821111,0
821112,0
821113,0
821114,0
821115,0
821116,0
821117,4
821118,0
821119,0
821120,5
821121,0
821122,0
821123,8
821124,0
821125,3
821126,0
821127,0
821128,0
821129,0
821130,0
821131,6
821132,0
821133,0
821134,0
821135,0
821136,0
821137,0
821138,2
821139,0
821140,0
821141,2
821142,0
821143,0
821144,0
821145,0
821146,0
821147,0
821148,0
821149,0
821150,0
821151,0
821152,0
821153,0
821154,0
821155,0
821156,0
821157,4
821158,0
821159,0
821160,0
821161,0
821162,0
821163,0
821164,0
821165,0
821166,0
821167,0
821168,0
821169,0
821170,0
821171,0
821172,0
821173,0
821174,0
821175,0
821176,7
821177,0
821178,6
821179,0
821180,0
821181,0
821182,0
821183,0
821184,0
821185,0
821186,0
821187,0
821188,0
821189,0
821190,6
821191,0
821192,0
821193,0
821194,0
821195,0
821196,0
821197,0
821198,0
821199,0
821200,0
821201,3
821202,0
821203,0
821204,0
821205,0
821206,0
821207,0
821208,3
821209,0
821210,0
821211,0
821212,0
821213,0
821214,2
821215,0
821216,0
821217,0
821218,6
821219,5
821220,0
821221,0
821222,0
821223,0
821224,0
821225,9
821226,0
821227,5
821228,0
821229,8
821230,0
821231,0
821232,4
821233,0
821234,2
821235,0
821236,0
821237,0
821238,5
821239,0
821240,0
821241,0
821242,5
821243,0
821244,0
821245,0
821246,0
821247,0
821248,0
821249,0
821250,0
821251,1
821252,0
821253,0
821254,0
821255,0
821256,0
821257,0
821258,5
821259,0
821260,0
821261,0
821262,0
821263,0
821264,8
821265,0
821266,0
821267,0
821268,11
821269,0
821270,0
821271,0
821272,3
821273,4
821274,5
821275,0
821276,0
821277,0
821278,0
821279,0
821280,0
821281,0
821282,4
821283,6
821284,0
821285,0
821286,4
821287,0
821288,0
821289,0
821290,0
821291,6
821292,0
821293,0
821294,0
821295,0
821296,0
821297,0
821298,0
821299,0
821300,0
821301,0
821302,0
821303,3
821304,0
821305,0
821306,0
821307,0
821308,0
821309,5
821310,0
821311,5
821312,0
821313,0
821314,0
821315,0
821316,0
821317,0
821318,0
821319,0
821320,0
821321,0
821322,0
821323,0
821324,0
821325,7
821326,0
821327,4
821328,0
821329,0
821330,1
821331,0
821332,0
821333,0
821334,0
821335,5
821336,5
821337,0
821338,5
821339,0
821340,0
821341,0
821342,0
821343,2
821344,0
821345,0
821346,7
821347,0
821348,0
821349,0
821350,0
821351,0
821352,6
821353,0
821354,0
821355,7
821356,0
821357,0
821358,0
821359,6
821360,6
821361,0
821362,0
821363,0
821364,0
821365,0
821366,0
821367,0
821368,0
821369,0
821370,0
821371,0
821372,0
821373,0
821374,0
821375,0
821376,0
821377,0
821378,0
821379,0
821380,0
821381,0
821382,0
821383,0
821384,0
821385,0
821386,0
821387,3
821388,0
821389,0
821390,0
821391,0
821392,0
821393,2
821394,0
821395,0
821396,0
821397,0
821398,3
821399,0
821400,0
821401,0
821402,0
821403,0
821404,0
821405,0
821406,0
821407,0
821408,0
821409,0
821410,0
821411,0
821412,0
821413,0
821414,0
821415,0
821416,0
821417,0
821418,0
821419,0
821420,0
821421,0
821422,0
821423,0
821424,0
821425,0
821426,0
821427,0
821428,0
821429,0
821430,0
821431,0
821432,0
821433,0
821434,0
821435,0
821436,0
821437,0
821438,0
821439,0
821440,0
821441,0
821442,0
821443,1
821444,0
821445,0
821446,0
821447,0
821448,0
821449,0
821450,0
821451,0
821452,0
821453,2
821454,0
821455,0
821456,0
821457,0
821458,0
821459,0
821460,0
821461,0
821462,0
821463,0
821464,0
821465,0
821466,0
821467,0
821468,0
821469,0
821470,0
821471,0
821472,0
821473,3
821474,0
821475,0
821476,0
821477,0
821478,0
821479,0
821480,0
821481,0
821482,0
821483,0
821484,0
821485,0
821486,0
821487,0
821488,0
821489,0
821490,0
821491,0
821492,0
821493,0
821494,0
821495,0
821496,0
821497,0
821498,0
821499,0
821500,2
821501,0
821502,0
821503,0
821504,0
821505,0
821506,0
821507,0
821508,0
821509,0
821510,0
821511,0
821512,0
821513,0
821514,10
821515,0
821516,0
821517,0
821518,0
821519,0
821520,0
821521,0
821522,0
821523,0
821524,0
821525,0
821526,5
821527,0
821528,0
821529,0
821530,0
821531,0
821532,0
821533,0
821534,27
821535,0
821536,0
821537,0
821538,0
821539,0
821540,0
821541,0
821542,0
821543,0
821544,0
821545,0
821546,0
821547,0
821548,24
821549,0
821550,24
821551,0
821552,0
821553,0
821554,0
821555,0
821556,0
821557,0
821558,29
821559,0
821560,0
821561,0
821562,0
821563,0
821564,0
821565,18
821566,14
821567,5
821568,0
821569,0
821570,0
821571,0
821572,0
821573,0
821574,0
821575,22
821576,0
821577,0
821578,0
821579,0
821580,0
821581,0
821582,0
821583,0
821584,0
821585,0
821586,27
821587,0
821588,0
821589,0
821590,25
821591,0
821592,0
821593,0
821594,0
821595,0
821596,0
821597,0
821598,0
821599,0
821600,0
821601,0
821602,0
821603,0
821604,0
821605,19
821606,0
821607,0
821608,0
821609,0
821610,0
821611,0
821612,12
821613,0
821614,0
821615,0
821616,0
821617,0
821618,11
821619,0
821620,0
821621,10
821622,0
821623,25
821624,0
821625,0
821626,0
821627,0
821628,0
821629,0
821630,0
821631,0
821632,0
821633,0
821634,0
821635,0
821636,0
821637,0
821638,0
821639,0
821640,24
821641,0
821642,23
821643,17
821644,0
821645,0
821646,0
821647,0
821648,0
821649,0
821650,0
821651,0
821652,20
821653,0
821654,0
821655,0
821656,0
821657,0
821658,0
821659,0
821660,0
821661,0
821662,0
821663,0
821664,0
821665,0
821666,0
821667,19
821668,0
821669,0
821670,0
821671,0
821672,0
821673,0
821674,0
821675,0
821676,0
821677,0
821678,0
821679,0
821680,0
821681,0
821682,0
821683,0
821684,0
821685,0
821686,0
821687,0
821688,0
821689,0
821690,0
821691,10
821692,17
821693,0
821694,0
821695,0
821696,0
821697,0
821698,0
821699,0
821700,0
821701,0
821702,0
821703,0
821704,0
821705,0
821706,23
821707,0
821708,0
821709,0
821710,0
821711,18
821712,0
821713,0
821714,0
821715,0
821716,14
821717,0
821718,0
821719,0
821720,21
821721,23
821722,0
821723,17
821724,0
821725,0
821726,0
821727,0
821728,0
821729,0
821730,0
821731,0
821732,0
821733,0
821734,0
821735,0
821736,0
821737,0
821738,0
821739,0
821740,0
821741,0
821742,0
821743,0
821744,7
821745,0
821746,0
821747,0
821748,0
821749,0
821750,0
821751,0
821752,0
821753,0
821754,30
821755,0
821756,0
821757,0
821758,0
821759,0
821760,0
821761,0
821762,0
821763,0
821764,0
821765,0
821766,0
821767,0
821768,0
821769,0
821770,0
821771,0
821772,0
821773,0
821774,0
821775,0
821776,0
821777,0
821778,0
821779,0
821780,0
821781,0
821782,0
821783,0
821784,0
821785,0
821786,0
821787,0
821788,0
821789,15
821790,0
821791,0
821792,0
821793,0
821794,0
821795,0
821796,0
821797,0
821798,30
821799,0
821800,0
821801,0
821802,0
821803,26
821804,0
821805,0
821806,18
821807,0
821808,0
821809,0
821810,23
821811,10
821812,0
821813,18
821814,0
821815,0
821816,0
821817,0
821818,0
821819,0
821820,0
821821,0
821822,0
821823,0
821824,18
821825,0
821826,0
821827,0
821828,0
821829,0
821830,0
821831,0
821832,40
821833,0
821834,0
821835,0
821836,0
821837,0
821838,0
821839,0
821840,0
821841,0
821842,0
821843,0
821844,0
821845,18
821846,6
821847,0
821848,0
821849,0
821850,29
821851,16
821852,0
821853,0
821854,0
821855,0
821856,0
821857,0
821858,38
821859,0
821860,20
821861,0
821862,0
821863,0
821864,0
821865,0
821866,0
821867,0
821868,0
821869,0
821870,0
821871,0
821872,0
821873,0
821874,18
821875,0
821876,0
821877,0
821878,0
821879,0
821880,0
821881,0
821882,0
821883,0
821884,0
821885,0
821886,0
821887,0
821888,0
821889,0
821890,0
821891,0
821892,0
821893,16
821894,0
821895,0
821896,0
821897,0
821898,0
821899,0
821900,0
821901,0
821902,0
821903,0
821904,0
821905,0
821906,0
821907,0
821908,0
821909,0
821910,0
821911,0
821912,22
821913,0
821914,0
821915,0
821916,0
821917,0
821918,23
821919,0
821920,25
821921,0
821922,54
821923,15
821924,0
821925,0
821926,33
821927,0
821928,0
821929,0
821930,0
821931,22
821932,0
821933,14
821934,0
821935,0
821936,0
821937,0
821938,0
821939,28
821940,0
821941,0
821942,0
821943,0
821944,0
821945,0
821946,0
821947,0
821948,0
821949,0
821950,13
821951,0
821952,17
821953,0
821954,0
821955,0
821956,0
821957,0
821958,0
821959,0
821960,0
821961,0
821962,0
821963,0
821964,0
821965,17
821966,0
821967,0
821968,0
821969,33
821970,0
821971,0
821972,0
821973,0
821974,0
821975,0
821976,0
821977,0
821978,0
821979,0
821980,0
821981,0
821982,0
821983,0
821984,0
821985,12
821986,0
821987,0
821988,17
821989,22
821990,14
821991,0
821992,11
821993,0
821994,0
821995,0
821996,0
821997,0
821998,0
821999,0
822000,0
822001,0
822002,0
822003,0
822004,21
822005,0
822006,0
822007,0
822008,0
822009,0
822010,0
822011,0
822012,0
822013,0
822014,0
822015,0
822016,19
822017,0
822018,0
822019,0
822020,0
822021,0
822022,0
822023,0
822024,0
822025,0
822026,0
822027,0
822028,17
822029,4
822030,0
822031,0
822032,0
822033,28
822034,0
822035,0
822036,0
822037,0
822038,0
822039,0
822040,0
822041,15
822042,0
822043,0
822044,0
822045,0
822046,0
822047,0
822048,19
822049,0
822050,0
822051,0
822052,0
822053,0
822054,0
822055,16
822056,0
822057,0
822058,0
822059,0
822060,0
822061,0
822062,0
822063,0
822064,0
822065,0
822066,0
822067,0
822068,0
822069,0
822070,23
822071,20
822072,0
822073,0
822074,0
822075,21
822076,0
822077,13
822078,0
822079,21
822080,0
822081,0
822082,27
822083,0
822084,0
822085,14
822086,0
822087,0
822088,0
822089,0
822090,13
822091,0
822092,0
822093,0
822094,0
822095,0
822096,0
822097,0
822098,0
822099,0
822100,0
822101,16
822102,22
822103,0
822104,0
822105,0
822106,0
822107,0
822108,0
822109,0
822110,36
822111,0
822112,0
822113,0
822114,23
822115,0
822116,0
822117,0
822118,0
822119,0
822120,0
822121,16
822122,0
822123,0
822124,0
822125,0
822126,9
822127,11
822128,22
822129,0
822130,24
822131,0
822132,0
822133,0
822134,0
822135,0
822136,0
822137,0
822138,21
822139,0
822140,18
822141,22
822142,0
822143,0
822144,0
822145,0
822146,0
822147,0
822148,0
822149,10
822150,0
822151,0
822152,0
822153,0
822154,0
822155,22
822156,0
822157,0
822158,0
822159,11
822160,0
822161,0
822162,40
822163,0
822164,14
822165,27
822166,0
822167,0
822168,0
822169,0
822170,0
822171,0
822172,0
822173,23
822174,0
822175,20
822176,0
822177,0
822178,0
822179,0
822180,0
822181,0
822182,0
822183,0
822184,0
822185,0
822186,0
822187,0
822188,0
822189,0
822190,10
822191,0
822192,0
822193,0
822194,0
822195,11
822196,0
822197,0
822198,0
822199,0
822200,0
822201,0
822202,0
822203,0
822204,0
822205,0
822206,0
822207,0
822208,0
822209,0
822210,0
822211,0
822212,0
822213,0
822214,6
822215,0
822216,0
822217,34
822218,0
822219,11
822220,0
822221,0
822222,21
822223,0
822224,0
822225,0
822226,0
822227,0
822228,0
822229,0
822230,0
822231,0
822232,24
822233,0
822234,0
822235,0
822236,0
822237,0
822238,0
822239,15
822240,22
822241,0
822242,22
822243,0
822244,0
822245,0
822246,0
822247,0
822248,0
822249,0
822250,0
822251,0
822252,0
822253,0
822254,0
822255,0
822256,0
822257,0
822258,0
822259,28
822260,0
822261,0
822262,0
822263,0
822264,0
822265,0
822266,0
822267,0
822268,0
822269,0
822270,0
822271,0
822272,0
822273,0
822274,0
822275,0
822276,0
822277,0
822278,0
822279,0
822280,0
822281,0
822282,0
822283,0
822284,0
822285,0
822286,0
822287,0
822288,0
822289,16
822290,0
822291,0
822292,0
822293,0
822294,0
822295,0
822296,0
822297,0
822298,0
822299,0
822300,0
822301,0
822302,27
822303,0
822304,24
822305,0
822306,0
822307,0
822308,0
822309,0
822310,0
822311,0
822312,0
822313,0
822314,33
822315,0
822316,0
822317,0
822318,0
822319,0
822320,0
822321,0
822322,0
822323,0
822324,0
822325,0
822326,0
822327,0
822328,0
822329,0
822330,44
822331,0
822332,0
822333,0
822334,0
822335,23
822336,0
822337,0
822338,0
822339,0
822340,0
822341,0
822342,0
822343,0
822344,0
822345,0
822346,0
822347,0
822348,0
822349,0
822350,0
822351,0
822352,0
822353,0
822354,0
822355,0
822356,22
822357,0
822358,0
822359,0
822360,12
822361,0
822362,0
822363,0
822364,0
822365,0
822366,0
822367,0
822368,0
822369,0
822370,0
822371,0
822372,0
822373,0
822374,0
822375,0
822376,0
822377,0
822378,17
822379,0
822380,0
822381,0
822382,0
822383,0
822384,0
822385,0
822386,0
822387,0
822388,0
822389,0
822390,0
822391,0
822392,0
822393,0
822394,0
822395,0
822396,0
822397,0
822398,0
822399,0
822400,0
822401,0
822402,0
822403,0
822404,0
822405,0
822406,0
822407,0
822408,21
822409,0
822410,0
822411,0
822412,0
822413,0
822414,0
822415,0
822416,0
822417,0
822418,0
822419,27
822420,0
822421,0
822422,0
822423,15
822424,42
822425,0
822426,15
822427,0
822428,0
822429,0
822430,0
822431,0
822432,0
822433,0
822434,0
822435,0
822436,0
822437,0
822438,23
822439,28
822440,39
822441,0
822442,0
822443,0
822444,0
822445,0
822446,0
822447,0
822448,0
822449,0
822450,0
822451,0
822452,0
822453,0
822454,24
822455,0
822456,0
822457,0
822458,0
822459,0
822460,0
822461,0
822462,0
822463,0
822464,0
822465,0
822466,0
822467,0
822468,0
822469,23
822470,0
822471,0
822472,0
822473,0
822474,0
822475,0
822476,0
822477,0
822478,14
822479,0
822480,28
822481,0
822482,29
822483,0
822484,0
822485,15
822486,0
822487,0
822488,0
822489,0
822490,0
822491,0
822492,0
822493,0
822494,0
822495,0
822496,21
822497,0
822498,0
822499,0
822500,0
822501,0
822502,0
822503,18
822504,0
822505,0
822506,0
822507,0
822508,0
822509,0
822510,0
822511,0
822512,0
822513,0
822514,32
822515,0
822516,0
822517,0
822518,0
822519,0
822520,0
822521,0
822522,0
822523,0
822524,0
822525,32
822526,0
822527,0
822528,0
822529,0
822530,0
822531,0
822532,15
822533,0
822534,0
822535,0
822536,0
822537,0
822538,0
822539,0
822540,0
822541,0
822542,0
822543,0
822544,0
822545,0
822546,0
822547,0
822548,0
822549,0
822550,0
822551,0
822552,0
822553,24
822554,0
822555,0
822556,0
822557,0
822558,0
822559,0
822560,0
822561,0
822562,0
822563,0
822564,0
822565,0
822566,0
822567,0
822568,0
822569,0
822570,0
822571,0
822572,0
822573,0
822574,0
822575,0
822576,0
822577,0
822578,0
822579,0
822580,0
822581,0
822582,0
822583,0
822584,0
822585,0
822586,23
822587,16
822588,0
822589,0
822590,0
822591,0
822592,0
822593,0
822594,0
822595,0
822596,0
822597,0
822598,0
822599,0
822600,0
822601,0
822602,0
822603,0
822604,22
822605,0
822606,0
822607,0
822608,0
822609,0
822610,0
822611,0
822612,0
822613,0
822614,0
822615,0
822616,0
822617,0
822618,0
822619,0
822620,0
822621,0
822622,0
822623,0
822624,0
822625,0
822626,0
822627,0
822628,0
822629,0
822630,16
822631,0
822632,0
822633,0
822634,0
822635,0
822636,0
822637,0
822638,0
822639,0
822640,0
822641,0
822642,0
822643,21
822644,0
822645,0
822646,0
822647,0
822648,0
822649,0
822650,0
822651,0
822652,0
822653,0
822654,0
822655,0
822656,0
822657,0
822658,0
822659,0
822660,0
822661,0
822662,33
822663,0
822664,0
822665,0
822666,0
822667,0
822668,0
822669,0
822670,0
822671,0
822672,0
822673,0
822674,0
822675,0
822676,0
822677,27
822678,0
822679,0
822680,0
822681,26
822682,0
822683,0
822684,25
822685,12
822686,0
822687,22
822688,0
822689,0
822690,0
822691,0
822692,23
822693,28
822694,0
822695,0
822696,0
822697,0
822698,28
822699,0
822700,0
822701,0
822702,0
822703,0
822704,0
822705,0
822706,0
822707,0
822708,0
822709,0
822710,0
822711,0
822712,0
822713,0
822714,0
822715,26
822716,16
822717,0
822718,0
822719,0
822720,0
822721,0
822722,17
822723,0
822724,0
822725,0
822726,0
822727,0
822728,0
822729,0
822730,0
822731,0
822732,0
822733,0
822734,0
822735,0
822736,0
822737,0
822738,0
822739,0
822740,0
822741,0
822742,0
822743,0
822744,0
822745,0
822746,0
822747,0
822748,0
822749,0
822750,0
822751,0
822752,0
822753,0
822754,0
822755,0
822756,0
822757,0
822758,0
822759,38
822760,0
822761,0
822762,0
822763,32
822764,0
822765,0
822766,0
822767,0
822768,0
822769,0
822770,0
822771,0
822772,0
822773,0
822774,0
822775,0
822776,0
822777,0
822778,0
822779,23
822780,0
822781,0
822782,0
822783,0
822784,0
822785,0
822786,22
822787,0
822788,24
822789,0
822790,0
822791,0
822792,0
822793,0
822794,0
822795,0
822796,0
822797,0
822798,0
822799,0
822800,30
822801,0
822802,0
822803,0
822804,0
822805,0
822806,0
822807,0
822808,0
822809,0
822810,0
822811,0
822812,0
822813,0
822814,0
822815,0
822816,0
822817,0
822818,0
822819,0
822820,0
822821,0
822822,0
822823,13
822824,0
822825,0
822826,34
822827,0
822828,0
822829,0
822830,0
822831,0
822832,0
822833,0
822834,0
822835,0
822836,0
822837,0
822838,0
822839,0
822840,0
822841,0
822842,0
822843,0
822844,28
822845,0
822846,0
822847,0
822848,0
822849,0
822850,0
822851,0
822852,0
822853,17
822854,0
822855,0
822856,0
822857,22
822858,0
822859,0
822860,0
822861,0
822862,0
822863,0
822864,0
822865,0
822866,0
822867,0
822868,0
822869,0
822870,0
822871,13
822872,0
822873,0
822874,0
822875,0
822876,0
822877,0
822878,0
822879,0
822880,0
822881,33
822882,0
822883,0
822884,0
822885,0
822886,0
822887,0
822888,0
822889,0
822890,0
822891,0
822892,0
822893,0
822894,0
822895,0
822896,0
822897,0
822898,0
822899,0
822900,0
822901,0
822902,0
822903,0
822904,0
822905,21
822906,0
822907,0
822908,13
822909,0
822910,0
822911,0
822912,0
822913,0
822914,25
822915,0
822916,0
822917,0
822918,0
822919,0
822920,27
822921,0
822922,0
822923,0
822924,0
822925,0
822926,0
822927,0
822928,0
822929,0
822930,0
822931,22
822932,0
822933,0
822934,0
822935,0
822936,27
822937,0
822938,0
822939,0
822940,0
822941,0
822942,21
822943,0
822944,0
822945,0
822946,0
822947,0
822948,0
822949,0
822950,30
822951,0
822952,0
822953,0
822954,0
822955,0
822956,0
822957,0
822958,0
822959,0
822960,0
822961,0
822962,0
822963,0
822964,0
822965,0
822966,0
822967,0
822968,0
822969,0
822970,0
822971,0
822972,0
822973,0
822974,0
822975,0
822976,0
822977,38
822978,0
822979,0
822980,0
822981,0
822982,0
822983,0
822984,0
822985,0
822986,0
822987,0
822988,0
822989,33
822990,0
822991,0
822992,0
822993,0
822994,0
822995,0
822996,0
822997,0
822998,0
822999,0
823000,0
823001,0
823002,0
823003,0
823004,0
823005,0
823006,0
823007,14
823008,0
823009,0
823010,0
823011,0
823012,0
823013,0
823014,0
823015,0
823016,0
823017,15
823018,0
823019,0
823020,0
823021,21
823022,0
823023,0
823024,0
823025,0
823026,0
823027,0
823028,0
823029,17
823030,0
823031,0
823032,0
823033,0
823034,19
823035,0
823036,0
823037,0
823038,0
823039,0
823040,0
823041,0
823042,0
823043,0
823044,0
823045,0
823046,0
823047,0
823048,0
823049,0
823050,0
823051,0
823052,0
823053,0
823054,0
823055,0
823056,0
823057,0
823058,0
823059,0
823060,0
823061,0
823062,0
823063,0
823064,0
823065,0
823066,0
823067,0
823068,0
823069,0
823070,0
823071,0
823072,0
823073,0
823074,0
823075,0
823076,0
823077,18
823078,0
823079,0
823080,0
823081,0
823082,0
823083,0
823084,0
823085,0
823086,0
823087,0
823088,0
823089,0
823090,0
823091,0
823092,0
823093,0
823094,0
823095,0
823096,28
823097,0
823098,0
823099,0
823100,0
823101,0
823102,0
823103,0
823104,0
823105,0
823106,0
823107,0
823108,0
823109,0
823110,0
823111,0
823112,0
823113,0
823114,0
823115,0
823116,0
823117,21
823118,0
823119,0
823120,0
823121,0
823122,0
823123,0
823124,0
823125,0
823126,0
823127,0
823128,0
823129,0
823130,0
823131,0
823132,18
823133,0
823134,0
823135,18
823136,0
823137,0
823138,0
823139,0
823140,0
823141,0
823142,0
823143,0
823144,0
823145,0
823146,0
823147,0
823148,0
823149,0
823150,0
823151,0
823152,0
823153,0
823154,0
823155,0
823156,0
823157,0
823158,0
823159,24
823160,33
823161,0
823162,0
823163,0
823164,0
823165,0
823166,0
823167,0
823168,20
823169,0
823170,0
823171,0
823172,37
823173,0
823174,0
823175,0
823176,0
823177,0
823178,23
823179,38
823180,0
823181,0
823182,0
823183,0
823184,0
823185,0
823186,0
823187,0
823188,0
823189,0
823190,0
823191,0
823192,0
823193,0
823194,0
823195,0
823196,0
823197,0
823198,0
823199,0
823200,0
823201,31
823202,0
823203,0
823204,0
823205,0
823206,0
823207,0
823208,0
823209,0
823210,0
823211,44
823212,42
823213,0
823214,0
823215,0
823216,0
823217,0
823218,0
823219,0
823220,0
823221,0
823222,32
823223,0
823224,0
823225,0
823226,0
823227,0
823228,0
823229,0
823230,0
823231,28
823232,0
823233,0
823234,0
823235,30
823236,0
823237,0
823238,0
823239,0
823240,0
823241,0
823242,0
823243,0
823244,0
823245,0
823246,0
823247,0
823248,0
823249,30
823250,0
823251,0
823252,0
823253,0
823254,0
823255,33
823256,0
823257,0
823258,0
823259,0
823260,0
823261,28
823262,0
823263,27
823264,45
823265,35
823266,41
823267,0
823268,0
823269,0
823270,0
823271,0
823272,0
823273,0
823274,0
823275,0
823276,0
823277,0
823278,0
823279,0
823280,0
823281,0
823282,0
823283,0
823284,0
823285,0
823286,0
823287,0
823288,0
823289,0
823290,0
823291,0
823292,0
823293,0
823294,0
823295,0
823296,51
823297,0
823298,0
823299,0
823300,0
823301,0
823302,0
823303,0
823304,0
823305,0
823306,0
823307,0
823308,0
823309,0
823310,0
823311,0
823312,0
823313,43
823314,0
823315,35
823316,0
823317,0
823318,0
823319,0
823320,0
823321,0
823322,0
823323,0
823324,0
823325,31
823326,0
823327,0
823328,0
823329,0
823330,22
823331,47
823332,0
823333,0
823334,0
823335,0
823336,0
823337,29
823338,0
823339,0
823340,0
823341,53
823342,0
823343,0
823344,45
823345,42
823346,0
823347,0
823348,0
823349,0
823350,0
823351,0
823352,0
823353,0
823354,0
823355,0
823356,0
823357,0
823358,0
823359,0
823360,0
823361,0
823362,44
823363,0
823364,0
823365,46
823366,0
823367,0
823368,0
823369,0
823370,0
823371,0
823372,0
823373,0
823374,0
823375,0
823376,0
823377,0
823378,0
823379,0
823380,0
823381,0
823382,0
823383,0
823384,0
823385,40
823386,42
823387,0
823388,0
823389,0
823390,0
823391,0
823392,0
823393,0
823394,0
823395,0
823396,0
823397,36
823398,0
823399,0
823400,22
823401,0
823402,0
823403,40
823404,21
823405,0
823406,0
823407,0
823408,0
823409,0
823410,0
823411,0
823412,0
823413,0
823414,0
823415,0
823416,0
823417,0
823418,0
823419,0
823420,0
823421,0
823422,0
823423,0
823424,0
823425,0
823426,0
823427,0
823428,0
823429,0
823430,43
823431,0
823432,0
823433,0
823434,0
823435,34
823436,0
823437,0
823438,30
823439,0
823440,0
823441,0
823442,28
823443,37
823444,0
823445,0
823446,0
823447,0
823448,0
823449,0
823450,0
823451,0
823452,0
823453,0
823454,40
823455,0
823456,0
823457,0
823458,0
823459,0
823460,30
823461,0
823462,0
823463,0
823464,0
823465,0
823466,47
823467,40
823468,0
823469,32
823470,0
823471,0
823472,0
823473,0
823474,0
823475,0
823476,0
823477,0
823478,0
823479,0
823480,0
823481,0
823482,32
823483,0
823484,0
823485,28
823486,20
823487,0
823488,0
823489,0
823490,0
823491,0
823492,31
823493,0
823494,0
823495,36
823496,0
823497,0
823498,0
823499,0
823500,0
823501,0
823502,0
823503,0
823504,0
823505,0
823506,0
823507,0
823508,0
823509,26
823510,31
823511,0
823512,0
823513,0
823514,0
823515,0
823516,0
823517,31
823518,0
823519,0
823520,0
823521,0
823522,0
823523,0
823524,0
823525,0
823526,0
823527,0
823528,0
823529,0
823530,0
823531,0
823532,0
823533,0
823534,0
823535,0
823536,0
823537,0
823538,0
823539,0
823540,0
823541,0
823542,0
823543,0
823544,0
823545,37
823546,31
823547,0
823548,28
823549,45
823550,0
823551,31
823552,0
823553,24
823554,0
823555,0
823556,26
823557,0
823558,0
823559,0
823560,0
823561,0
823562,0
823563,0
823564,0
823565,0
823566,0
823567,0
823568,0
823569,0
823570,0
823571,26
823572,0
823573,0
823574,0
823575,0
823576,0
823577,0
823578,35
823579,0
823580,0
823581,54
823582,0
823583,0
823584,0
823585,0
823586,0
823587,58
823588,0
823589,0
823590,35
823591,0
823592,0
823593,0
823594,0
823595,38
823596,0
823597,0
823598,50
823599,0
823600,0
823601,0
823602,0
823603,0
823604,0
823605,0
823606,0
823607,0
823608,0
823609,0
823610,0
823611,0
823612,0
823613,0
823614,0
823615,0
823616,0
823617,0
823618,25
823619,0
823620,0
823621,0
823622,0
823623,0
823624,32
823625,0
823626,35
823627,27
823628,0
823629,0
823630,0
823631,0
823632,0
823633,0
823634,0
823635,0
823636,0
823637,0
823638,0
823639,0
823640,0
823641,38
823642,0
823643,25
823644,0
823645,0
823646,40
823647,0
823648,0
823649,18
823650,34
823651,0
823652,0
823653,0
823654,0
823655,0
823656,42
823657,0
823658,0
823659,0
823660,0
823661,0
823662,31
823663,24
823664,0
823665,0
823666,0
823667,0
823668,0
823669,0
823670,0
823671,0
823672,0
823673,28
823674,23
823675,0
823676,0
823677,0
823678,0
823679,0
823680,0
823681,0
823682,0
823683,0
823684,0
823685,44
823686,0
823687,0
823688,0
823689,33
823690,0
823691,0
823692,0
823693,0
823694,0
823695,0
823696,0
823697,0
823698,0
823699,0
823700,0
823701,0
823702,0
823703,0
823704,0
823705,0
823706,46
823707,32
823708,0
823709,0
823710,44
823711,54
823712,0
823713,0
823714,0
823715,0
823716,0
823717,0
823718,0
823719,0
823720,0
823721,0
823722,29
823723,0
823724,0
823725,0
823726,0
823727,0
823728,0
823729,0
823730,0
823731,0
823732,0
823733,0
823734,0
823735,0
823736,0
823737,33
823738,0
823739,0
823740,0
823741,0
823742,0
823743,0
823744,0
823745,34
823746,0
823747,0
823748,34
823749,0
823750,0
823751,0
823752,0
823753,0
823754,0
823755,0
823756,0
823757,0
823758,0
823759,0
823760,0
823761,0
823762,0
823763,0
823764,0
823765,0
823766,0
823767,0
823768,0
823769,23
823770,37
823771,0
823772,0
823773,26
823774,31
823775,0
823776,0
823777,60
823778,0
823779,0
823780,0
823781,0
823782,0
823783,0
823784,0
823785,0
823786,0
823787,0
823788,0
823789,0
823790,0
823791,0
823792,0
823793,0
823794,32
823795,0
823796,0
823797,0
823798,0
823799,0
823800,0
823801,0
823802,41
823803,0
823804,33
823805,0
823806,0
823807,0
823808,0
823809,0
823810,39
823811,0
823812,0
823813,0
823814,0
823815,0
823816,0
823817,0
823818,0
823819,0
823820,0
823821,0
823822,0
823823,0
823824,0
823825,0
823826,0
823827,0
823828,0
823829,42
823830,0
823831,0
823832,0
823833,0
823834,0
823835,35
823836,0
823837,0
823838,0
823839,0
823840,0
823841,0
823842,0
823843,0
823844,0
823845,41
823846,26
823847,41
823848,0
823849,0
823850,0
823851,0
823852,33
823853,37
823854,0
823855,0
823856,0
823857,0
823858,28
823859,0
823860,0
823861,0
823862,0
823863,0
823864,0
823865,0
823866,0
823867,41
823868,0
823869,0
823870,0
823871,0
823872,0
823873,36
823874,0
823875,0
823876,32
823877,0
823878,0
823879,0
823880,0
823881,34
823882,0
823883,0
823884,0
823885,0
823886,53
823887,0
823888,0
823889,45
823890,0
823891,0
823892,0
823893,37
823894,0
823895,49
823896,0
823897,0
823898,38
823899,0
823900,56
823901,0
823902,0
823903,0
823904,0
823905,0
823906,0
823907,38
823908,0
823909,0
823910,0
823911,32
823912,0
823913,0
823914,0
823915,44
823916,0
823917,0
823918,0
823919,38
823920,0
823921,0
823922,0
823923,0
823924,51
823925,43
823926,0
823927,0
823928,0
823929,0
823930,0
823931,44
823932,0
823933,0
823934,0
823935,0
823936,38
823937,62
823938,0
823939,44
823940,55
823941,0
823942,41
823943,0
823944,0
823945,32
823946,0
823947,0
823948,0
823949,0
823950,0
823951,0
823952,0
823953,0
823954,0
823955,49
823956,42
823957,59
823958,0
823959,0
823960,0
823961,39
823962,26
823963,0
823964,0
823965,0
823966,0
823967,0
823968,38
823969,46
823970,0
823971,0
823972,0
823973,0
823974,44
823975,0
823976,33
823977,0
823978,0
823979,0
823980,0
823981,0
823982,0
823983,47
823984,31
823985,28
823986,0
823987,0
823988,0
823989,0
823990,0
823991,0
823992,0
823993,0
823994,0
823995,0
823996,0
823997,0
823998,0
823999,0
824000,0
824001,0
824002,0
824003,0
824004,0
824005,0
824006,17
824007,0
824008,0
824009,33
824010,0
824011,0
824012,45
824013,0
824014,66
824015,0
824016,0
824017,0
824018,0
824019,0
824020,0
824021,0
824022,0
824023,0
824024,0
824025,30
824026,0
824027,39
824028,0
824029,0
824030,0
824031,0
824032,0
824033,0
824034,0
824035,0
824036,0
824037,0
824038,36
824039,0
824040,0
824041,0
824042,0
824043,0
824044,0
824045,0
824046,0
824047,0
824048,41
824049,0
824050,0
824051,23
824052,0
824053,0
824054,0
824055,0
824056,0
824057,0
824058,0
824059,0
824060,0
824061,0
824062,32
824063,0
824064,0
824065,0
824066,0
824067,41
824068,32
824069,0
824070,0
824071,0
824072,0
824073,37
824074,0
824075,0
824076,0
824077,0
824078,0
824079,40
824080,44
824081,0
824082,35
824083,58
824084,0
824085,40
824086,0
824087,0
824088,0
824089,0
824090,0
824091,0
824092,0
824093,0
824094,0
824095,0
824096,0
824097,22
824098,0
824099,0
824100,0
824101,0
824102,0
824103,0
824104,0
824105,44
824106,48
824107,27
824108,0
824109,0
824110,0
824111,0
824112,0
824113,0
824114,28
824115,0
824116,0
824117,0
824118,0
824119,0
824120,0
824121,0
824122,0
824123,0
824124,0
824125,0
824126,0
824127,0
824128,0
824129,0
824130,0
824131,0
824132,0
824133,0
824134,0
824135,0
824136,0
824137,5
824138,0
824139,0
824140,0
824141,0
824142,0
824143,0
824144,0
824145,0
824146,0
824147,0
824148,0
824149,0
824150,0
824151,0
824152,0
824153,0
824154,0
824155,0
824156,0
824157,0
824158,0
824159,0
824160,3
824161,0
824162,0
824163,0
824164,0
824165,0
824166,0
824167,0
824168,0
824169,5
824170,0
824171,0
824172,0
824173,0
824174,0
824175,0
824176,8
824177,0
824178,8
824179,0
824180,0
824181,7
824182,0
824183,0
824184,0
824185,0
824186,0
824187,0
824188,3
824189,0
824190,6
824191,0
824192,0
824193,0
824194,0
824195,0
824196,0
824197,0
824198,0
824199,0
824200,4
824201,0
824202,0
824203,0
824204,0
824205,0
824206,0
824207,0
824208,0
824209,0
824210,0
824211,0
824212,0
824213,0
824214,0
824215,0
824216,2
824217,0
824218,0
824219,0
824220,0
824221,0
824222,0
824223,0
824224,0
824225,0
824226,0
824227,0
824228,0
824229,0
824230,0
824231,0
824232,0
824233,0
824234,0
824235,3
824236,3
824237,0
824238,0
824239,0
824240,0
824241,0
824242,0
824243,0
824244,0
824245,0
824246,0
824247,0
824248,0
824249,0
824250,0
824251,10
824252,0
824253,0
824254,0
824255,0
824256,0
824257,0
824258,0
824259,0
824260,0
824261,0
824262,0
824263,0
824264,0
824265,0
824266,0
824267,0
824268,0
824269,0
824270,0
824271,4
824272,0
824273,0
824274,0
824275,0
824276,0
824277,0
824278,0
824279,0
824280,0
824281,0
824282,6
824283,0
824284,0
824285,0
824286,0
824287,0
824288,0
824289,0
824290,0
824291,0
824292,0
824293,0
824294,0
824295,0
824296,0
824297,0
824298,0
824299,0
824300,0
824301,0
824302,0
824303,0
824304,0
824305,0
824306,0
824307,0
824308,0
824309,0
824310,0
824311,0
824312,0
824313,0
824314,0
824315,0
824316,3
824317,0
824318,0
824319,0
824320,0
824321,0
824322,0
824323,0
824324,0
824325,0
824326,0
824327,7
824328,0
824329,0
824330,0
824331,0
824332,0
824333,0
824334,0
824335,0
824336,7
824337,0
824338,0
824339,0
824340,7
824341,0
824342,6
824343,0
824344,0
824345,0
824346,0
824347,0
824348,0
824349,0
824350,0
824351,0
824352,0
824353,0
824354,0
824355,5
824356,0
824357,0
824358,0
824359,0
824360,0
824361,0
824362,0
824363,0
824364,0
824365,0
824366,0
824367,0
824368,0
824369,6
824370,0
824371,0
824372,0
824373,0
824374,0
824375,5
824376,0
824377,0
824378,0
824379,0
824380,0
824381,0
824382,0
824383,0
824384,2
824385,0
824386,0
824387,0
824388,0
824389,0
824390,0
824391,0
824392,0
824393,0
824394,0
824395,0
824396,0
824397,0
824398,0
824399,0
824400,5
824401,0
824402,0
824403,0
824404,0
824405,0
824406,0
824407,0
824408,0
824409,0
824410,0
824411,0
824412,0
824413,0
824414,0
824415,0
824416,0
824417,0
824418,0
824419,0
824420,0
824421,0
824422,0
824423,0
824424,0
824425,0
824426,0
824427,0
824428,0
824429,0
824430,0
824431,0
824432,0
824433,0
824434,0
824435,0
824436,0
824437,0
824438,0
824439,0
824440,0
824441,0
824442,0
824443,0
824444,0
824445,6
824446,0
824447,0
824448,0
824449,0
824450,0
824451,0
824452,0
824453,0
824454,0
824455,0
824456,0
824457,6
824458,0
824459,0
824460,0
824461,0
824462,0
824463,0
824464,0
824465,0
824466,7
824467,0
824468,0
824469,0
824470,0
824471,0
824472,1
824473,0
824474,0
824475,4
824476,0
824477,0
824478,0
824479,0
824480,0
824481,0
824482,0
824483,0
824484,0
824485,0
824486,0
824487,0
824488,0
824489,0
824490,0
824491,0
824492,0
824493,0
824494,0
824495,0
824496,0
824497,0
824498,0
824499,0
824500,0
824501,6
824502,0
824503,0
824504,1
824505,0
824506,0
824507,0
824508,0
824509,0
824510,0
824511,0
824512,0
824513,0
824514,0
824515,0
824516,0
824517,0
824518,0
824519,0
824520,0
824521,0
824522,0
824523,5
824524,0
824525,0
824526,0
824527,0
824528,0
824529,0
824530,0
824531,0
824532,0
824533,0
824534,0
824535,0
824536,0
824537,5
824538,0
824539,0
824540,0
824541,0
824542,0
824543,0
824544,0
824545,0
824546,0
824547,0
824548,0
824549,0
824550,0
824551,0
824552,0
824553,0
824554,3
824555,0
824556,0
824557,0
824558,0
824559,0
824560,0
824561,0
824562,0
824563,0
824564,0
824565,0
824566,0
824567,0
824568,0
824569,0
824570,4
824571,0
824572,0
824573,0
824574,5
824575,0
824576,0
824577,0
824578,0
824579,0
824580,0
824581,0
824582,0
824583,0
824584,0
824585,0
824586,5
824587,0
824588,0
824589,0
824590,0
824591,4
824592,0
824593,0
824594,0
824595,0
824596,0
824597,0
824598,0
824599,0
824600,0
824601,0
824602,0
824603,0
824604,0
824605,0
824606,0
824607,0
824608,0
824609,0
824610,0
824611,0
824612,0
824613,0
824614,0
824615,0
824616,0
824617,5
824618,0
824619,0
824620,0
824621,5
824622,0
824623,0
824624,0
824625,0
824626,0
824627,0
824628,0
824629,6
824630,4
824631,2
824632,0
824633,0
824634,0
824635,0
824636,0
824637,0
824638,0
824639,0
824640,0
824641,5
824642,0
824643,0
824644,0
824645,5
824646,0
824647,0
824648,0
824649,0
824650,0
824651,0
824652,0
824653,0
824654,0
824655,0
824656,0
824657,5
824658,0
824659,0
824660,4
824661,0
824662,0
824663,0
824664,0
824665,0
824666,0
824667,0
824668,0
824669,0
824670,0
824671,1
824672,0
824673,0
824674,0
824675,0
824676,3
824677,0
824678,0
824679,0
824680,0
824681,0
824682,8
824683,0
824684,0
824685,0
824686,0
824687,0
824688,0
824689,0
824690,0
824691,0
824692,0
824693,0
824694,0
824695,0
824696,0
824697,0
824698,1
824699,0
824700,4
824701,0
824702,0
824703,0
824704,0
824705,0
824706,5
824707,0
824708,0
824709,0
824710,0
824711,0
824712,0
824713,4
824714,2
824715,0
824716,6
824717,0
824718,0
824719,0
824720,0
824721,0
824722,0
824723,0
824724,3
824725,0
824726,0
824727,0
824728,0
824729,0
824730,0
824731,0
824732,0
824733,0
824734,0
824735,0
824736,0
824737,0
824738,0
824739,0
824740,0
824741,0
824742,0
824743,0
824744,0
824745,0
824746,6
824747,0
824748,0
824749,0
824750,0
824751,0
824752,0
824753,0
824754,0
824755,0
824756,0
824757,0
824758,0
824759,0
824760,0
824761,0
824762,0
824763,3
824764,0
824765,0
824766,0
824767,0
824768,0
824769,0
824770,0
824771,0
824772,0
824773,0
824774,0
824775,0
824776,0
824777,0
824778,0
824779,0
824780,0
824781,3
824782,0
824783,3
824784,0
824785,0
824786,0
824787,0
824788,0
824789,0
824790,0
824791,0
824792,0
824793,0
824794,0
824795,0
824796,0
824797,0
824798,0
824799,0
824800,7
824801,0
824802,1
824803,0
824804,0
824805,0
824806,0
824807,0
824808,0
824809,3
824810,0
824811,0
824812,2
824813,0
824814,0
824815,0
824816,0
824817,0
824818,0
824819,0
824820,0
824821,0
824822,0
824823,0
824824,0
824825,0
824826,0
824827,0
824828,0
824829,3
824830,0
824831,0
824832,0
824833,7
824834,0
824835,2
824836,0
824837,0
824838,0
824839,0
824840,0
824841,0
824842,0
824843,1
824844,0
824845,0
824846,0
824847,0
824848,0
824849,0
824850,0
824851,0
824852,0
824853,0
824854,0
824855,0
824856,0
824857,0
824858,0
824859,0
824860,0
824861,0
824862,0
824863,0
824864,0
824865,0
824866,0
824867,0
824868,0
824869,0
824870,0
824871,0
824872,0
824873,0
824874,2
824875,3
824876,0
824877,4
824878,0
824879,0
824880,0
824881,0
824882,0
824883,0
824884,0
824885,0
824886,0
824887,0
824888,0
824889,1
824890,0
824891,0
824892,0
824893,0
824894,0
824895,0
824896,0
824897,0
824898,0
824899,0
824900,0
824901,0
824902,0
824903,0
824904,0
824905,0
824906,3
824907,0
824908,0
824909,0
824910,0
824911,0
824912,0
824913,0
824914,0
824915,0
824916,0
824917,0
824918,0
824919,0
824920,0
824921,0
824922,0
824923,0
824924,0
824925,5
824926,0
824927,0
824928,0
824929,0
824930,0
824931,0
824932,0
824933,0
824934,0
824935,0
824936,0
824937,0
824938,0
824939,0
824940,0
824941,0
824942,0
824943,0
824944,0
824945,2
824946,0
824947,0
824948,0
824949,0
824950,0
824951,0
824952,0
824953,2
824954,0
824955,0
824956,0
824957,0
824958,0
824959,0
824960,0
824961,0
824962,0
824963,1
824964,0
824965,0
824966,0
824967,0
824968,0
824969,0
824970,0
824971,0
824972,0
824973,0
824974,0
824975,0
824976,0
824977,0
824978,0
824979,0
824980,0
824981,0
824982,0
824983,0
824984,0
824985,0
824986,0
824987,0
824988,7
824989,3
824990,0
824991,0
824992,0
824993,0
824994,3
824995,0
824996,0
824997,0
824998,0
824999,0
825000,0
825001,0
825002,0
825003,0
825004,0
825005,0
825006,0
825007,0
825008,6
825009,0
825010,0
825011,0
825012,5
825013,0
825014,0
825015,1
825016,0
825017,0
825018,0
825019,0
825020,0
825021,0
825022,4
825023,0
825024,0
825025,0
825026,0
825027,0
825028,0
825029,0
825030,0
825031,0
825032,0
825033,0
825034,3
825035,0
825036,1
825037,0
825038,0
825039,0
825040,0
825041,3
825042,3
825043,0
825044,0
825045,3
825046,0
825047,0
825048,0
825049,0
825050,0
825051,0
825052,0
825053,0
825054,0
825055,2
825056,0
825057,0
825058,0
825059,0
825060,0
825061,0
825062,0
825063,0
825064,0
825065,0
825066,0
825067,0
825068,0
825069,0
825070,0
825071,0
825072,0
825073,0
825074,0
825075,0
825076,22
825077,0
825078,0
825079,0
825080,0
825081,0
825082,0
825083,28
825084,0
825085,0
825086,0
825087,0
825088,0
825089,0
825090,0
825091,0
825092,0
825093,0
825094,0
825095,0
825096,0
825097,0
825098,0
825099,0
825100,0
825101,0
825102,0
825103,0
825104,0
825105,0
825106,0
825107,0
825108,0
825109,0
825110,0
825111,11
825112,0
825113,0
825114,21
825115,0
825116,0
825117,0
825118,0
825119,0
825120,0
825121,0
825122,12
825123,0
825124,0
825125,0
825126,0
825127,0
825128,0
825129,0
825130,0
825131,0
825132,0
825133,0
825134,0
825135,0
825136,0
825137,0
825138,0
825139,0
825140,0
825141,0
825142,0
825143,0
825144,0
825145,0
825146,0
825147,0
825148,0
825149,0
825150,0
825151,0
825152,0
825153,0
825154,0
825155,0
825156,0
825157,14
825158,0
825159,0
825160,0
825161,0
825162,0
825163,23
825164,0
825165,0
825166,0
825167,13
825168,21
825169,0
825170,0
825171,0
825172,0
825173,0
825174,14
825175,0
825176,0
825177,0
825178,0
825179,0
825180,0
825181,0
825182,0
825183,0
825184,0
825185,17
825186,0
825187,0
825188,0
825189,0
825190,0
825191,0
825192,0
825193,0
825194,0
825195,0
825196,0
825197,0
825198,0
825199,0
825200,0
825201,0
825202,0
825203,0
825204,0
825205,0
825206,0
825207,0
825208,0
825209,0
825210,0
825211,0
825212,0
825213,0
825214,14
825215,0
825216,0
825217,18
825218,0
825219,17
825220,0
825221,0
825222,0
825223,0
825224,0
825225,0
825226,0
825227,0
825228,0
825229,0
825230,0
825231,0
825232,0
825233,0
825234,0
825235,0
825236,0
825237,15
825238,0
825239,0
825240,16
825241,0
825242,0
825243,0
825244,0
825245,0
825246,0
825247,0
825248,0
825249,0
825250,0
825251,0
825252,0
825253,0
825254,0
825255,0
825256,0
825257,11
825258,0
825259,0
825260,0
825261,0
825262,0
825263,0
825264,0
825265,0
825266,0
825267,0
825268,0
825269,17
825270,0
825271,0
825272,0
825273,0
825274,0
825275,0
825276,0
825277,0
825278,0
825279,0
825280,0
825281,8
825282,0
825283,0
825284,0
825285,0
825286,0
825287,0
825288,0
825289,0
825290,0
825291,8
825292,0
825293,0
825294,0
825295,0
825296,17
825297,0
825298,0
825299,0
825300,0
825301,0
825302,0
825303,0
825304,0
825305,0
825306,0
825307,0
825308,0
825309,0
825310,0
825311,0
825312,0
825313,0
825314,0
825315,0
825316,0
825317,0
825318,0
825319,0
825320,23
825321,13
825322,0
825323,0
825324,0
825325,0
825326,0
825327,0
825328,0
825329,0
825330,0
825331,0
825332,0
825333,0
825334,0
825335,0
825336,0
825337,0
825338,13
825339,0
825340,0
825341,0
825342,0
825343,0
825344,0
825345,0
825346,0
825347,0
825348,0
825349,0
825350,0
825351,0
825352,0
825353,0
825354,0
825355,0
825356,0
825357,0
825358,0
825359,0
825360,0
825361,0
825362,0
825363,0
825364,0
825365,0
825366,0
825367,0
825368,0
825369,0
825370,0
825371,0
825372,0
825373,0
825374,0
825375,0
825376,0
825377,12
825378,0
825379,0
825380,0
825381,0
825382,18
825383,0
825384,0
825385,0
825386,0
825387,0
825388,0
825389,0
825390,0
825391,0
825392,0
825393,14
825394,0
825395,0
825396,0
825397,0
825398,0
825399,0
825400,0
825401,15
825402,15
825403,0
825404,0
825405,0
825406,0
825407,0
825408,0
825409,0
825410,0
825411,0
825412,0
825413,0
825414,0
825415,15
825416,0
825417,0
825418,0
825419,0
825420,0
825421,0
825422,0
825423,0
825424,0
825425,0
825426,0
825427,0
825428,0
825429,0
825430,0
825431,0
825432,0
825433,0
825434,0
825435,0
825436,0
825437,0
825438,13
825439,0
825440,0
825441,0
825442,0
825443,0
825444,0
825445,0
825446,0
825447,0
825448,0
825449,0
825450,0
825451,0
825452,0
825453,0
825454,0
825455,0
825456,0
825457,0
825458,0
825459,0
825460,0
825461,0
825462,0
825463,0
825464,0
825465,0
825466,0
825467,0
825468,0
825469,0
825470,0
825471,12
825472,0
825473,0
825474,0
825475,0
825476,0
825477,0
825478,0
825479,0
825480,0
825481,0
825482,0
825483,0
825484,0
825485,0
825486,0
825487,0
825488,0
825489,0
825490,0
825491,0
825492,0
825493,0
825494,0
825495,0
825496,0
825497,0
825498,0
825499,0
825500,0
825501,0
825502,11
825503,0
825504,0
825505,0
825506,0
825507,0
825508,0
825509,0
825510,0
825511,0
825512,0
825513,0
825514,0
825515,0
825516,0
825517,0
825518,0
825519,0
825520,0
825521,0
825522,0
825523,0
825524,0
825525,0
825526,0
825527,0
825528,0
825529,0
825530,0
825531,0
825532,0
825533,0
825534,0
825535,0
825536,0
825537,0
825538,0
825539,0
825540,0
825541,0
825542,0
825543,0
825544,0
825545,0
825546,0
825547,0
825548,0
825549,0
825550,0
825551,0
825552,0
825553,0
825554,0
825555,0
825556,0
825557,0
825558,0
825559,0
825560,0
825561,0
825562,0
825563,0
825564,0
825565,0
825566,0
825567,0
825568,0
825569,0
825570,0
825571,0
825572,0
825573,0
825574,0
825575,0
825576,0
825577,0
825578,0
825579,0
825580,0
825581,0
825582,13
825583,0
825584,0
825585,20
825586,0
825587,0
825588,10
825589,0
825590,0
825591,0
825592,0
825593,0
825594,0
825595,0
825596,0
825597,0
825598,0
825599,0
825600,0
825601,0
825602,0
825603,0
825604,0
825605,0
825606,0
825607,0
825608,0
825609,0
825610,0
825611,0
825612,0
825613,0
825614,0
825615,0
825616,0
825617,0
825618,0
825619,0
825620,0
825621,0
825622,0
825623,0
825624,0
825625,0
825626,0
825627,0
825628,0
825629,9
825630,0
825631,16
825632,18
825633,0
825634,21
825635,0
825636,0
825637,0
825638,0
825639,15
825640,0
825641,0
825642,0
825643,0
825644,0
825645,0
825646,0
825647,0
825648,0
825649,21
825650,0
825651,0
825652,0
825653,0
825654,0
825655,0
825656,16
825657,0
825658,0
825659,0
825660,0
825661,0
825662,17
825663,0
825664,0
825665,0
825666,0
825667,0
825668,16
825669,0
825670,0
825671,0
825672,0
825673,0
825674,0
825675,0
825676,0
825677,0
825678,0
825679,0
825680,0
825681,0
825682,0
825683,0
825684,0
825685,0
825686,0
825687,20
825688,0
825689,0
825690,0
825691,0
825692,0
825693,0
825694,0
825695,0
825696,0
825697,0
825698,0
825699,0
825700,0
825701,0
825702,0
825703,0
825704,0
825705,16
825706,0
825707,0
825708,0
825709,0
825710,0
825711,0
825712,0
825713,0
825714,0
825715,0
825716,0
825717,0
825718,0
825719,0
825720,0
825721,0
825722,0
825723,0
825724,0
825725,0
825726,0
825727,0
825728,20
825729,0
825730,0
825731,0
825732,0
825733,0
825734,0
825735,0
825736,0
825737,0
825738,0
825739,0
825740,0
825741,0
825742,0
825743,0
825744,0
825745,0
825746,0
825747,17
825748,0
825749,0
825750,0
825751,0
825752,14
825753,12
825754,0
825755,0
825756,0
825757,0
825758,0
825759,0
825760,0
825761,0
825762,0
825763,0
825764,0
825765,0
825766,0
825767,0
825768,0
825769,0
825770,0
825771,0
825772,0
825773,0
825774,21
825775,0
825776,0
825777,0
825778,0
825779,0
825780,0
825781,0
825782,0
825783,0
825784,0
825785,11
825786,0
825787,0
825788,0
825789,0
825790,14
825791,0
825792,0
825793,0
825794,0
825795,0
825796,0
825797,13
825798,0
825799,0
825800,0
825801,0
825802,0
825803,0
825804,0
825805,0
825806,0
825807,0
825808,0
825809,0
825810,0
825811,0
825812,0
825813,0
825814,0
825815,0
825816,0
825817,0
825818,0
825819,0
825820,16
825821,0
825822,0
825823,0
825824,0
825825,0
825826,0
825827,0
825828,0
825829,0
825830,12
825831,0
825832,0
825833,0
825834,0
825835,0
825836,0
825837,0
825838,0
825839,0
825840,0
825841,0
825842,0
825843,0
825844,0
825845,0
825846,0
825847,0
825848,0
825849,0
825850,0
825851,0
825852,13
825853,0
825854,0
825855,15
825856,12
825857,0
825858,0
825859,0
825860,0
825861,0
825862,0
825863,0
825864,0
825865,0
825866,0
825867,0
825868,0
825869,27
825870,0
825871,0
825872,0
825873,0
825874,0
825875,0
825876,18
825877,15
825878,0
825879,0
825880,0
825881,0
825882,0
825883,0
825884,0
825885,0
825886,0
825887,0
825888,0
825889,0
825890,0
825891,0
825892,0
825893,0
825894,0
825895,0
825896,0
825897,0
825898,0
825899,0
825900,0
825901,0
825902,0
825903,0
825904,0
825905,0
825906,17
825907,0
825908,0
825909,0
825910,0
825911,0
825912,0
825913,0
825914,0
825915,0
825916,15
825917,0
825918,0
825919,0
825920,18
825921,0
825922,0
825923,0
825924,0
825925,0
825926,15
825927,0
825928,0
825929,0
825930,0
825931,0
825932,0
825933,0
825934,0
825935,0
825936,0
825937,0
825938,0
825939,0
825940,0
825941,0
825942,0
825943,0
825944,0
825945,0
825946,0
825947,0
825948,0
825949,0
825950,0
825951,0
825952,0
825953,15
825954,0
825955,0
825956,0
825957,0
825958,0
825959,0
825960,0
825961,0
825962,0
825963,0
825964,0
825965,0
825966,0
825967,0
825968,13
825969,0
825970,0
825971,0
825972,0
825973,0
825974,0
825975,0
825976,20
825977,0
825978,0
825979,0
825980,0
825981,0
825982,0
825983,0
825984,0
825985,0
825986,0
825987,0
825988,0
825989,0
825990,0
825991,0
825992,0
825993,0
825994,0
825995,0
825996,0
825997,0
825998,0
825999,0
826000,16
826001,0
826002,0
826003,0
826004,0
826005,0
826006,0
826007,0
826008,0
826009,0
826010,0
826011,0
826012,0
826013,31
826014,0
826015,26
826016,0
826017,29
826018,22
826019,0
826020,0
826021,34
826022,0
826023,0
826024,0
826025,0
826026,0
826027,0
826028,21
826029,0
826030,0
826031,0
826032,0
826033,0
826034,0
826035,0
826036,31
826037,0
826038,0
826039,0
826040,0
826041,0
826042,0
826043,0
826044,0
826045,0
826046,0
826047,0
826048,0
826049,0
826050,0
826051,0
826052,0
826053,0
826054,0
826055,0
826056,0
826057,0
826058,0
826059,0
826060,0
826061,0
826062,0
826063,0
826064,49
826065,20
826066,0
826067,0
826068,0
826069,0
826070,0
826071,0
826072,0
826073,26
826074,0
826075,0
826076,34
826077,0
826078,37
826079,0
826080,0
826081,0
826082,0
826083,0
826084,0
826085,0
826086,21
826087,20
826088,0
826089,0
826090,30
826091,0
826092,0
826093,0
826094,13
826095,0
826096,0
826097,0
826098,0
826099,0
826100,0
826101,0
826102,29
826103,0
826104,0
826105,29
826106,0
826107,0
826108,0
826109,0
826110,0
826111,0
826112,0
826113,20
826114,0
826115,0
826116,36
826117,0
826118,0
826119,0
826120,0
826121,0
826122,16
826123,0
826124,0
826125,0
826126,0
826127,0
826128,42
826129,0
826130,0
826131,0
826132,0
826133,33
826134,17
826135,30
826136,0
826137,28
826138,34
826139,29
826140,0
826141,0
826142,0
826143,34
826144,0
826145,0
826146,0
826147,0
826148,0
826149,17
826150,0
826151,0
826152,0
826153,0
826154,0
826155,0
826156,0
826157,0
826158,0
826159,0
826160,0
826161,0
826162,0
826163,0
826164,24
826165,45
826166,0
826167,0
826168,0
826169,28
826170,23
826171,0
826172,0
826173,0
826174,0
826175,25
826176,0
826177,0
826178,0
826179,29
826180,0
826181,0
826182,0
826183,0
826184,0
826185,0
826186,0
826187,0
826188,25
826189,0
826190,0
826191,0
826192,0
826193,41
826194,0
826195,0
826196,0
826197,0
826198,21
826199,35
826200,0
826201,0
826202,0
826203,16
826204,0
826205,0
826206,37
826207,0
826208,0
826209,0
826210,0
826211,25
826212,29
826213,0
826214,0
826215,23
826216,0
826217,0
826218,0
826219,36
826220,0
826221,37
826222,0
826223,0
826224,0
826225,0
826226,0
826227,0
826228,0
826229,0
826230,36
826231,0
826232,0
826233,34
826234,41
826235,0
826236,0
826237,0
826238,33
826239,24
826240,0
826241,35
826242,0
826243,0
826244,37
826245,0
826246,20
826247,34
826248,0
826249,42
826250,0
826251,0
826252,44
826253,0
826254,0
826255,0
826256,0
826257,0
826258,0
826259,0
826260,0
826261,0
826262,0
826263,0
826264,0
826265,0
826266,0
826267,0
826268,0
826269,0
826270,0
826271,0
826272,36
826273,0
826274,39
826275,0
826276,0
826277,0
826278,0
826279,0
826280,29
826281,0
826282,0
826283,0
826284,0
826285,0
826286,0
826287,0
826288,0
826289,0
826290,0
826291,22
826292,0
826293,39
826294,0
826295,0
826296,28
826297,0
826298,0
826299,0
826300,29
826301,22
826302,24
826303,0
826304,0
826305,24
826306,0
826307,0
826308,0
826309,0
826310,0
826311,0
826312,0
826313,19
826314,17
826315,0
826316,39
826317,0
826318,0
826319,0
826320,0
826321,0
826322,31
826323,0
826324,0
826325,0
826326,0
826327,0
826328,0
826329,28
826330,0
826331,0
826332,26
826333,0
826334,0
826335,0
826336,0
826337,0
826338,0
826339,0
826340,0
826341,0
826342,0
826343,0
826344,21
826345,0
826346,0
826347,0
826348,0
826349,0
826350,0
826351,0
826352,0
826353,0
826354,0
826355,0
826356,30
826357,0
826358,31
826359,0
826360,0
826361,25
826362,35
826363,0
826364,0
826365,0
826366,0
826367,0
826368,0
826369,19
826370,49
826371,0
826372,0
826373,27
826374,25
826375,0
826376,0
826377,0
826378,26
826379,0
826380,48
826381,0
826382,0
826383,23
826384,0
826385,0
826386,0
826387,27
826388,0
826389,28
826390,0
826391,0
826392,0
826393,0
826394,0
826395,0
826396,0
826397,0
826398,0
826399,0
826400,0
826401,30
826402,0
826403,0
826404,0
826405,25
826406,0
826407,0
826408,0
826409,27
826410,0
826411,0
826412,31
826413,0
826414,0
826415,20
826416,0
826417,28
826418,0
826419,0
826420,0
826421,30
826422,34
826423,0
826424,0
826425,0
826426,0
826427,0
826428,0
826429,27
826430,0
826431,0
826432,0
826433,34
826434,0
826435,0
826436,0
826437,0
826438,0
826439,0
826440,0
826441,0
826442,0
826443,0
826444,0
826445,28
826446,0
826447,23
826448,32
826449,0
826450,20
826451,0
826452,0
826453,0
826454,0
826455,0
826456,0
826457,0
826458,0
826459,0
826460,0
826461,36
826462,36
826463,0
826464,0
826465,0
826466,0
826467,0
826468,0
826469,0
826470,0
826471,31
826472,0
826473,0
826474,0
826475,0
826476,0
826477,35
826478,41
826479,0
826480,0
826481,36
826482,41
826483,25
826484,0
826485,28
826486,0
826487,0
826488,0
826489,0
826490,0
826491,0
826492,0
826493,0
826494,0
826495,0
826496,0
826497,0
826498,44
826499,0
826500,0
826501,0
826502,0
826503,34
826504,0
826505,0
826506,38
826507,0
826508,0
826509,0
826510,0
826511,0
826512,0
826513,43
826514,0
826515,0
826516,0
826517,0
826518,0
826519,29
826520,0
826521,0
826522,0
826523,0
826524,0
826525,0
826526,0
826527,0
826528,0
826529,0
826530,0
826531,0
826532,0
826533,0
826534,0
826535,0
826536,35
826537,26
826538,0
826539,0
826540,0
826541,0
826542,0
826543,0
826544,0
826545,22
826546,0
826547,0
826548,0
826549,0
826550,0
826551,0
826552,0
826553,0
826554,0
826555,25
826556,0
826557,26
826558,0
826559,0
826560,0
826561,0
826562,16
826563,0
826564,0
826565,20
826566,0
826567,0
826568,0
826569,0
826570,0
826571,18
826572,34
826573,16
826574,0
826575,0
826576,32
826577,29
826578,0
826579,50
826580,0
826581,0
826582,0
826583,0
826584,0
826585,0
826586,0
826587,0
826588,0
826589,29
826590,0
826591,0
826592,37
826593,0
826594,0
826595,33
826596,0
826597,36
826598,30
826599,0
826600,0
826601,0
826602,0
826603,0
826604,0
826605,24
826606,0
826607,0
826608,0
826609,0
826610,21
826611,0
826612,0
826613,0
826614,0
826615,0
826616,0
826617,0
826618,0
826619,0
826620,0
826621,19
826622,0
826623,0
826624,0
826625,0
826626,0
826627,33
826628,25
826629,0
826630,0
826631,0
826632,0
826633,39
826634,0
826635,0
826636,0
826637,20
826638,0
826639,0
826640,0
826641,33
826642,0
826643,0
826644,39
826645,23
826646,0
826647,36
826648,0
826649,0
826650,0
826651,21
826652,0
826653,0
826654,21
826655,0
826656,0
826657,31
826658,0
826659,26
826660,0
826661,0
826662,0
826663,0
826664,0
826665,0
826666,0
826667,0
826668,0
826669,0
826670,0
826671,0
826672,0
826673,0
826674,0
826675,0
826676,26
826677,0
826678,0
826679,27
826680,0
826681,0
826682,0
826683,0
826684,0
826685,0
826686,0
826687,0
826688,0
826689,0
826690,32
826691,0
826692,27
826693,0
826694,0
826695,0
826696,25
826697,0
826698,0
826699,27
826700,0
826701,34
826702,0
826703,0
826704,0
826705,0
826706,0
826707,0
826708,0
826709,0
826710,0
826711,0
826712,0
826713,28
826714,0
826715,0
826716,0
826717,35
826718,0
826719,0
826720,0
826721,31
826722,0
826723,0
826724,30
826725,0
826726,27
826727,0
826728,0
826729,0
826730,0
826731,0
826732,21
826733,0
826734,0
826735,0
826736,0
826737,0
826738,0
826739,0
826740,0
826741,0
826742,0
826743,0
826744,19
826745,0
826746,21
826747,0
826748,0
826749,0
826750,0
826751,30
826752,0
826753,0
826754,0
826755,0
826756,0
826757,0
826758,0
826759,0
826760,0
826761,40
826762,0
826763,0
826764,29
826765,0
826766,0
826767,0
826768,0
826769,0
826770,0
826771,23
826772,0
826773,0
826774,0
826775,0
826776,18
826777,0
826778,0
826779,31
826780,0
826781,0
826782,0
826783,0
826784,32
826785,0
826786,0
826787,0
826788,0
826789,0
826790,24
826791,0
826792,25
826793,0
826794,0
826795,24
826796,25
826797,0
826798,20
826799,24
826800,0
826801,0
826802,0
826803,29
826804,0
826805,0
826806,0
826807,0
826808,0
826809,0
826810,35
826811,0
826812,0
826813,0
826814,0
826815,0
826816,0
826817,0
826818,0
826819,24
826820,32
826821,0
826822,24
826823,0
826824,0
826825,0
826826,0
826827,0
826828,0
826829,0
826830,0
826831,0
826832,0
826833,0
826834,0
826835,0
826836,0
826837,0
826838,0
826839,19
826840,0
826841,0
826842,0
826843,0
826844,0
826845,21
826846,0
826847,0
826848,0
826849,0
826850,40
826851,0
826852,0
826853,0
826854,0
826855,31
826856,0
826857,0
826858,0
826859,0
826860,0
826861,0
826862,30
826863,0
826864,0
826865,0
826866,20
826867,0
826868,0
826869,38
826870,0
826871,0
826872,0
826873,0
826874,29
826875,25
826876,0
826877,0
826878,0
826879,0
826880,0
826881,0
826882,0
826883,0
826884,0
826885,0
826886,0
826887,0
826888,0
826889,0
826890,0
826891,0
826892,0
826893,0
826894,0
826895,0
826896,0
826897,0
826898,24
826899,26
826900,30
826901,0
826902,0
826903,0
826904,36
826905,0
826906,0
826907,26
826908,0
826909,0
826910,0
826911,0
826912,0
826913,0
826914,0
826915,0
826916,34
826917,0
826918,0
826919,0
826920,0
826921,0
826922,0
826923,38
826924,0
826925,0
826926,0
826927,0
826928,0
826929,0
826930,24
826931,0
826932,0
826933,0
826934,0
826935,37
826936,0
826937,0
826938,0
826939,33
826940,0
826941,0
826942,0
826943,28
826944,24
826945,23
826946,34
826947,0
826948,0
826949,0
826950,31
826951,0
826952,0
826953,0
826954,0
826955,0
826956,45
826957,0
826958,0
826959,0
826960,0
826961,0
826962,0
826963,0
826964,0
826965,30
826966,0
826967,0
826968,0
826969,0
826970,29
826971,0
826972,0
826973,32
826974,0
826975,0
826976,0
826977,0
826978,26
826979,0
826980,0
826981,0
826982,0
826983,0
826984,0
826985,0
826986,0
826987,0
826988,0
826989,0
826990,0
826991,0
826992,0
826993,0
826994,0
826995,0
826996,0
826997,0
826998,21
826999,28
827000,0
827001,0
827002,0
827003,0
827004,0
827005,0
827006,0
827007,0
827008,0
827009,0
827010,0
827011,0
827012,0
827013,0
827014,30
827015,40
827016,26
827017,0
827018,0
827019,0
827020,0
827021,0
827022,0
827023,0
827024,0
827025,0
827026,0
827027,0
827028,0
827029,0
827030,0
827031,0
827032,0
827033,0
827034,0
827035,0
827036,0
827037,0
827038,0
827039,42
827040,0
827041,0
827042,0
827043,0
827044,0
827045,0
827046,31
827047,46
827048,0
827049,0
827050,39
827051,0
827052,26
827053,0
827054,0
827055,0
827056,0
827057,0
827058,0
827059,0
827060,0
827061,0
827062,0
827063,0
827064,0
827065,24
827066,0
827067,27
827068,0
827069,0
827070,0
827071,0
827072,0
827073,0
827074,0
827075,0
827076,0
827077,0
827078,38
827079,0
827080,0
827081,0
827082,0
827083,0
827084,0
827085,36
827086,0
827087,26
827088,0
827089,0
827090,0
827091,0
827092,0
827093,0
827094,0
827095,0
827096,0
827097,0
827098,0
827099,0
827100,0
827101,0
827102,0
827103,0
827104,41
827105,0
827106,0
827107,0
827108,0
827109,0
827110,0
827111,0
827112,0
827113,0
827114,0
827115,0
827116,30
827117,0
827118,0
827119,0
827120,0
827121,0
827122,0
827123,0
827124,0
827125,0
827126,0
827127,0
827128,0
827129,0
827130,0
827131,0
827132,0
827133,29
827134,0
827135,0
827136,0
827137,0
827138,0
827139,0
827140,0
827141,0
827142,0
827143,0
827144,0
827145,28
827146,0
827147,0
827148,0
827149,37
827150,0
827151,0
827152,0
827153,0
827154,0
827155,0
827156,0
827157,0
827158,0
827159,0
827160,0
827161,0
827162,0
827163,0
827164,0
827165,34
827166,0
827167,0
827168,0
827169,0
827170,0
827171,0
827172,0
827173,0
827174,0
827175,0
827176,0
827177,0
827178,0
827179,0
827180,0
827181,0
827182,0
827183,0
827184,0
827185,0
827186,29
827187,0
827188,0
827189,0
827190,34
827191,0
827192,0
827193,0
827194,0
827195,0
827196,0
827197,0
827198,0
827199,0
827200,0
827201,0
827202,0
827203,27
827204,0
827205,0
827206,0
827207,0
827208,0
827209,0
827210,0
827211,30
827212,0
827213,0
827214,0
827215,0
827216,0
827217,0
827218,0
827219,0
827220,0
827221,0
827222,0
827223,0
827224,0
827225,0
827226,0
827227,0
827228,0
827229,0
827230,0
827231,0
827232,0
827233,0
827234,0
827235,0
827236,0
827237,0
827238,0
827239,0
827240,0
827241,0
827242,0
827243,0
827244,0
827245,0
827246,0
827247,19
827248,0
827249,0
827250,0
827251,0
827252,0
827253,0
827254,0
827255,0
827256,0
827257,0
827258,0
827259,38
827260,0
827261,0
827262,0
827263,0
827264,0
827265,44
827266,23
827267,0
827268,0
827269,0
827270,39
827271,0
827272,0
827273,0
827274,0
827275,0
827276,0
827277,20
827278,0
827279,0
827280,0
827281,0
827282,33
827283,37
827284,0
827285,0
827286,0
827287,0
827288,0
827289,0
827290,0
827291,0
827292,0
827293,0
827294,0
827295,36
827296,30
827297,0
827298,0
827299,0
827300,0
827301,0
827302,0
827303,21
827304,0
827305,30
827306,0
827307,0
827308,0
827309,58
827310,0
827311,43
827312,0
827313,0
827314,0
827315,37
827316,0
827317,0
827318,0
827319,0
827320,23
827321,0
827322,0
827323,0
827324,0
827325,26
827326,0
827327,0
827328,0
827329,48
827330,0
827331,0
827332,0
827333,35
827334,27
827335,0
827336,0
827337,30
827338,0
827339,0
827340,0
827341,0
827342,0
827343,24
827344,0
827345,0
827346,0
827347,0
827348,0
827349,0
827350,0
827351,0
827352,0
827353,0
827354,0
827355,0
827356,0
827357,0
827358,0
827359,0
827360,0
827361,0
827362,0
827363,0
827364,0
827365,0
827366,0
827367,0
827368,0
827369,0
827370,0
827371,0
827372,0
827373,18
827374,0
827375,0
827376,0
827377,0
827378,0
827379,0
827380,0
827381,0
827382,0
827383,0
827384,0
827385,0
827386,0
827387,0
827388,0
827389,0
827390,0
827391,0
827392,0
827393,38
827394,0
827395,0
827396,0
827397,0
827398,0
827399,0
827400,0
827401,0
827402,0
827403,0
827404,0
827405,0
827406,0
827407,0
827408,0
827409,0
827410,0
827411,40
827412,0
827413,0
827414,0
827415,45
827416,27
827417,0
827418,0
827419,30
827420,45
827421,0
827422,0
827423,0
827424,0
827425,0
827426,0
827427,0
827428,0
827429,0
827430,0
827431,0
827432,0
827433,0
827434,0
827435,0
827436,0
827437,0
827438,34
827439,0
827440,0
827441,0
827442,0
827443,0
827444,0
827445,0
827446,0
827447,0
827448,0
827449,0
827450,0
827451,0
827452,0
827453,0
827454,0
827455,0
827456,0
827457,0
827458,0
827459,0
827460,0
827461,0
827462,0
827463,0
827464,0
827465,32
827466,0
827467,0
827468,0
827469,0
827470,0
827471,0
827472,0
827473,0
827474,0
827475,0
827476,0
827477,0
827478,0
827479,0
827480,0
827481,0
827482,0
827483,29
827484,32
827485,0
827486,0
827487,0
827488,0
827489,0
827490,0
827491,0
827492,20
827493,0
827494,0
827495,0
827496,0
827497,0
827498,0
827499,0
827500,0
827501,0
827502,38
827503,28
827504,0
827505,0
827506,0
827507,0
827508,36
827509,0
827510,0
827511,33
827512,0
827513,0
827514,0
827515,0
827516,0
827517,0
827518,0
827519,49
827520,0
827521,0
827522,0
827523,0
827524,0
827525,0
827526,0
827527,0
827528,0
827529,0
827530,0
827531,0
827532,0
827533,0
827534,0
827535,0
827536,0
827537,0
827538,0
827539,0
827540,0
827541,0
827542,0
827543,0
827544,0
827545,0
827546,37
827547,0
827548,0
827549,0
827550,0
827551,0
827552,0
827553,36
827554,0
827555,0
827556,0
827557,0
827558,0
827559,0
827560,25
827561,0
827562,0
827563,0
827564,0
827565,0
827566,35
827567,0
827568,0
827569,0
827570,0
827571,30
827572,0
827573,0
827574,0
827575,0
827576,28
827577,0
827578,0
827579,0
827580,0
827581,0
827582,0
827583,0
827584,34
827585,0
827586,0
827587,35
827588,0
827589,0
827590,39
827591,0
827592,0
827593,0
827594,0
827595,39
827596,0
827597,48
827598,0
827599,0
827600,0
827601,0
827602,0
827603,0
827604,0
827605,0
827606,0
827607,0
827608,0
827609,0
827610,0
827611,0
827612,0
827613,23
827614,0
827615,0
827616,0
827617,0
827618,0
827619,0
827620,0
827621,0
827622,0
827623,0
827624,40
827625,0
827626,0
827627,0
827628,0
827629,0
827630,0
827631,0
827632,0
827633,0
827634,0
827635,0
827636,0
827637,0
827638,0
827639,0
827640,0
827641,0
827642,0
827643,0
827644,30
827645,0
827646,0
827647,0
827648,0
827649,0
827650,0
827651,0
827652,0
827653,0
827654,0
827655,0
827656,0
827657,0
827658,0
827659,0
827660,0
827661,0
827662,0
827663,0
827664,0
827665,0
827666,0
827667,0
827668,0
827669,0
827670,0
827671,0
827672,0
827673,0
827674,0
827675,0
827676,0
827677,0
827678,0
827679,41
827680,0
827681,0
827682,36
827683,0
827684,0
827685,0
827686,0
827687,0
827688,0
827689,0
827690,0
827691,0
827692,0
827693,0
827694,0
827695,0
827696,0
827697,0
827698,0
827699,0
827700,0
827701,0
827702,0
827703,0
827704,0
827705,0
827706,0
827707,0
827708,0
827709,0
827710,0
827711,0
827712,0
827713,0
827714,54
827715,0
827716,0
827717,0
827718,0
827719,0
827720,0
827721,0
827722,0
827723,0
827724,54
827725,32
827726,0
827727,0
827728,0
827729,0
827730,0
827731,0
827732,0
827733,0
827734,0
827735,0
827736,0
827737,0
827738,0
827739,0
827740,0
827741,0
827742,34
827743,0
827744,0
827745,0
827746,0
827747,0
827748,0
827749,0
827750,0
827751,0
827752,0
827753,22
827754,0
827755,0
827756,0
827757,0
827758,0
827759,0
827760,0
827761,21
827762,0
827763,0
827764,0
827765,0
827766,0
827767,0
827768,0
827769,0
827770,0
827771,0
827772,0
827773,0
827774,0
827775,0
827776,0
827777,24
827778,0
827779,0
827780,31
827781,0
827782,0
827783,35
827784,0
827785,0
827786,0
827787,0
827788,0
827789,0
827790,0
827791,0
827792,0
827793,0
827794,0
827795,0
827796,0
827797,0
827798,0
827799,0
827800,36
827801,0
827802,0
827803,0
827804,0
827805,0
827806,0
827807,0
827808,0
827809,0
827810,0
827811,0
827812,0
827813,0
827814,0
827815,37
827816,26
827817,0
827818,0
827819,0
827820,0
827821,0
827822,0
827823,29
827824,0
827825,0
827826,0
827827,0
827828,0
827829,0
827830,28
827831,0
827832,0
827833,0
827834,0
827835,0
827836,0
827837,0
827838,0
827839,0
827840,0
827841,0
827842,0
827843,0
827844,0
827845,0
827846,0
827847,0
827848,0
827849,0
827850,0
827851,0
827852,0
827853,0
827854,0
827855,0
827856,0
827857,0
827858,0
827859,0
827860,0
827861,0
827862,0
827863,0
827864,46
827865,0
827866,0
827867,0
827868,0
827869,0
827870,0
827871,0
827872,0
827873,0
827874,0
827875,0
827876,0
827877,0
827878,0
827879,0
827880,0
827881,0
827882,0
827883,0
827884,0
827885,0
827886,0
827887,0
827888,0
827889,0
827890,0
827891,0
827892,0
827893,0
827894,0
827895,0
827896,0
827897,0
827898,0
827899,0
827900,0
827901,0
827902,0
827903,0
827904,0
827905,0
827906,0
827907,0
827908,0
827909,0
827910,38
827911,0
827912,0
827913,0
827914,31
827915,0
827916,0
827917,0
827918,41
827919,0
827920,0
827921,0
827922,0
827923,0
827924,0
827925,0
827926,0
827927,0
827928,0
827929,0
827930,0
827931,0
827932,46
827933,0
827934,0
827935,0
827936,0
827937,0
827938,0
827939,0
827940,0
827941,0
827942,0
827943,0
827944,0
827945,0
827946,0
827947,0
827948,0
827949,0
827950,42
827951,0
827952,0
827953,0
827954,0
827955,0
827956,34
827957,0
827958,0
827959,0
827960,0
827961,0
827962,0
827963,0
827964,0
827965,0
827966,0
827967,0
827968,0
827969,0
827970,0
827971,0
827972,0
827973,0
827974,0
827975,0
827976,0
827977,33
827978,0
827979,0
827980,0
827981,0
827982,0
827983,0
827984,0
827985,0
827986,0
827987,0
827988,0
827989,0
827990,0
827991,0
827992,0
827993,0
827994,0
827995,0
827996,0
827997,0
827998,0
827999,0
828000,0
828001,0
828002,0
828003,0
828004,0
828005,0
828006,0
828007,0
828008,0
828009,0
828010,0
828011,0
828012,0
828013,0
828014,0
828015,0
828016,0
828017,0
828018,0
828019,0
828020,0
828021,0
828022,0
828023,0
828024,0
828025,0
828026,0
828027,0
828028,0
828029,0
828030,0
828031,0
828032,38
828033,0
828034,0
828035,0
828036,0
828037,0
828038,38
828039,0
828040,0
828041,0
828042,0
828043,0
828044,0
828045,23
828046,0
828047,0
828048,0
828049,0
828050,0
828051,0
828052,0
828053,0
828054,0
828055,0
828056,0
828057,0
828058,0
828059,0
828060,0
828061,0
828062,0
828063,0
828064,0
828065,0
828066,0
828067,0
828068,18
828069,0
828070,0
828071,0
828072,0
828073,0
828074,0
828075,0
828076,0
828077,0
828078,0
828079,0
828080,0
828081,0
828082,26
828083,0
828084,0
828085,0
828086,0
828087,0
828088,0
828089,0
828090,0
828091,0
828092,0
828093,0
828094,0
828095,0
828096,35
828097,0
828098,0
828099,0
828100,0
828101,0
828102,0
828103,0
828104,0
828105,0
828106,0
828107,0
828108,0
828109,0
828110,0
828111,0
828112,39
828113,0
828114,0
828115,0
828116,0
828117,0
828118,0
828119,0
828120,0
828121,0
828122,0
828123,0
828124,0
828125,0
828126,0
828127,0
828128,0
828129,0
828130,31
828131,0
828132,0
828133,0
828134,0
828135,0
828136,0
828137,0
828138,0
828139,0
828140,0
828141,32
828142,0
828143,0
828144,0
828145,0
828146,0
828147,0
828148,0
828149,0
828150,0
828151,0
828152,0
828153,0
828154,0
828155,0
828156,0
828157,0
828158,0
828159,0
828160,0
828161,0
828162,0
828163,0
828164,0
828165,0
828166,0
828167,0
828168,0
828169,0
828170,0
828171,0
828172,0
828173,0
828174,0
828175,0
828176,0
828177,36
828178,0
828179,0
828180,0
828181,0
828182,0
828183,0
828184,0
828185,0
828186,0
828187,0
828188,0
828189,0
828190,0
828191,0
828192,0
828193,0
828194,55
828195,0
828196,0
828197,0
828198,0
828199,0
828200,0
828201,0
828202,0
828203,0
828204,49
828205,0
828206,0
828207,0
828208,0
828209,0
828210,0
828211,0
828212,0
828213,0
828214,0
828215,0
828216,38
828217,0
828218,0
828219,0
828220,0
828221,0
828222,0
828223,0
828224,0
828225,0
828226,0
828227,0
828228,0
828229,0
828230,0
828231,0
828232,0
828233,0
828234,0
828235,0
828236,0
828237,0
828238,0
828239,0
828240,0
828241,0
828242,0
828243,0
828244,0
828245,0
828246,0
828247,0
828248,0
828249,0
828250,0
828251,0
828252,0
828253,0
828254,0
828255,0
828256,0
828257,0
828258,0
828259,0
828260,0
828261,0
828262,0
828263,0
828264,0
828265,0
828266,0
828267,0
828268,0
828269,0
828270,0
828271,0
828272,0
828273,0
828274,0
828275,0
828276,0
828277,0
828278,0
828279,0
828280,0
828281,0
828282,0
828283,0
828284,20
828285,0
828286,0
828287,0
828288,0
828289,0
828290,0
828291,0
828292,0
828293,0
828294,0
828295,0
828296,0
828297,0
828298,0
828299,0
828300,0
828301,0
828302,0
828303,0
828304,0
828305,0
828306,0
828307,0
828308,0
828309,0
828310,0
828311,0
828312,0
828313,27
828314,0
828315,0
828316,0
828317,0
828318,0
828319,28
828320,0
828321,0
828322,32
828323,0
828324,0
828325,0
828326,0
828327,0
828328,0
828329,0
828330,0
828331,0
828332,0
828333,0
828334,0
828335,0
828336,33
828337,0
828338,0
828339,0
828340,0
828341,0
828342,0
828343,0
828344,0
828345,0
828346,28
828347,0
828348,0
828349,0
828350,35
828351,0
828352,0
828353,0
828354,0
828355,0
828356,0
828357,0
828358,25
828359,0
828360,0
828361,0
828362,0
828363,0
828364,0
828365,0
828366,0
828367,0
828368,0
828369,0
828370,0
828371,0
828372,0
828373,0
828374,0
828375,0
828376,0
828377,0
828378,0
828379,0
828380,0
828381,0
828382,0
828383,0
828384,0
828385,0
828386,0
828387,0
828388,0
828389,0
828390,0
828391,0
828392,35
828393,0
828394,0
828395,0
828396,0
828397,0
828398,0
828399,0
828400,0
828401,0
828402,0
828403,0
828404,0
828405,29
828406,0
828407,0
828408,0
828409,0
828410,0
828411,0
828412,0
828413,0
828414,0
828415,0
828416,0
828417,0
828418,0
828419,0
828420,0
828421,0
828422,0
828423,0
828424,0
828425,0
828426,0
828427,0
828428,0
828429,0
828430,0
828431,0
828432,0
828433,0
828434,0
828435,0
828436,0
828437,0
828438,0
828439,0
828440,0
828441,0
828442,0
828443,0
828444,0
828445,0
828446,0
828447,0
828448,0
828449,0
828450,0
828451,0
828452,0
828453,0
828454,0
828455,0
828456,0
828457,0
828458,0
828459,0
828460,0
828461,0
828462,0
828463,0
828464,0
828465,0
828466,0
828467,0
828468,0
828469,0
828470,0
828471,0
828472,0
828473,0
828474,0
828475,0
828476,0
828477,0
828478,0
828479,0
828480,0
828481,0
828482,0
828483,0
828484,0
828485,0
828486,0
828487,0
828488,42
828489,0
828490,0
828491,0
828492,0
828493,0
828494,41
828495,0
828496,0
828497,0
828498,0
828499,0
828500,0
828501,0
828502,0
828503,0
828504,0
828505,0
828506,0
828507,0
828508,0
828509,25
828510,0
828511,0
828512,0
828513,0
828514,0
828515,0
828516,0
828517,0
828518,0
828519,0
828520,0
828521,0
828522,0
828523,0
828524,0
828525,0
828526,0
828527,0
828528,0
828529,0
828530,0
828531,0
828532,0
828533,0
828534,0
828535,0
828536,0
828537,0
828538,0
828539,0
828540,0
828541,0
828542,0
828543,0
828544,19
828545,0
828546,0
828547,0
828548,0
828549,0
828550,0
828551,0
828552,27
828553,25
828554,0
828555,0
828556,0
828557,0
828558,0
828559,0
828560,0
828561,0
828562,0
828563,35
828564,0
828565,0
828566,0
828567,0
828568,0
828569,0
828570,0
828571,0
828572,0
828573,0
828574,0
828575,0
828576,0
828577,0
828578,0
828579,0
828580,0
828581,0
828582,0
828583,0
828584,0
828585,0
828586,0
828587,0
828588,0
828589,0
828590,0
828591,0
828592,0
828593,0
828594,0
828595,0
828596,0
828597,0
828598,0
828599,0
828600,0
828601,31
828602,0
828603,0
828604,0
828605,26
828606,0
828607,0
828608,0
828609,0
828610,0
828611,0
828612,0
828613,0
828614,0
828615,0
828616,0
828617,0
828618,42
828619,0
828620,0
828621,0
828622,0
828623,0
828624,0
828625,0
828626,0
828627,0
828628,0
828629,0
828630,0
828631,0
828632,0
828633,0
828634,0
828635,0
828636,0
828637,0
828638,0
828639,0
828640,0
828641,0
828642,0
828643,30
828644,0
828645,0
828646,0
828647,0
828648,0
828649,0
828650,0
828651,0
828652,0
828653,26
828654,35
828655,0
828656,0
828657,0
828658,0
828659,0
828660,0
828661,0
828662,0
828663,0
828664,0
828665,0
828666,0
828667,0
828668,0
828669,0
828670,0
828671,0
828672,0
828673,0
828674,0
828675,0
828676,0
828677,0
828678,0
828679,0
828680,0
828681,0
828682,0
828683,0
828684,0
828685,31
828686,0
828687,0
828688,0
828689,0
828690,32
828691,0
828692,0
828693,0
828694,0
828695,0
828696,0
828697,0
828698,0
828699,0
828700,0
828701,0
828702,0
828703,0
828704,0
828705,0
828706,0
828707,0
828708,0
828709,0
828710,0
828711,0
828712,0
828713,0
828714,0
828715,0
828716,0
828717,33
828718,0
828719,0
828720,0
828721,0
828722,0
828723,35
828724,0
828725,34
828726,0
828727,47
828728,0
828729,0
828730,0
828731,0
828732,0
828733,0
828734,0
828735,0
828736,0
828737,0
828738,0
828739,0
828740,0
828741,0
828742,0
828743,0
828744,0
828745,0
828746,0
828747,0
828748,0
828749,0
828750,0
828751,0
828752,0
828753,0
828754,0
828755,0
828756,0
828757,0
828758,0
828759,0
828760,0
828761,0
828762,0
828763,0
828764,0
828765,17
828766,0
828767,0
828768,0
828769,0
828770,0
828771,0
828772,0
828773,0
828774,0
828775,0
828776,0
828777,0
828778,0
828779,0
828780,0
828781,0
828782,0
828783,0
828784,0
828785,0
828786,0
828787,0
828788,0
828789,0
828790,0
828791,0
828792,0
828793,0
828794,0
828795,0
828796,0
828797,0
828798,0
828799,0
828800,0
828801,0
828802,0
828803,0
828804,0
828805,0
828806,0
828807,0
828808,0
828809,0
828810,0
828811,0
828812,0
828813,0
828814,0
828815,0
828816,0
828817,0
828818,0
828819,0
828820,0
828821,0
828822,0
828823,0
828824,0
828825,0
828826,0
828827,0
828828,0
828829,0
828830,0
828831,0
828832,0
828833,0
828834,0
828835,0
828836,0
828837,0
828838,0
828839,0
828840,0
828841,0
828842,0
828843,0
828844,0
828845,0
828846,0
828847,0
828848,0
828849,0
828850,0
828851,0
828852,0
828853,0
828854,0
828855,0
828856,0
828857,28
828858,0
828859,0
828860,0
828861,0
828862,0
828863,0
828864,0
828865,0
828866,0
828867,0
828868,0
828869,22
828870,0
828871,0
828872,0
828873,0
828874,35
828875,0
828876,0
828877,0
828878,0
828879,21
828880,0
828881,0
828882,0
828883,0
828884,0
828885,0
828886,0
828887,0
828888,0
828889,0
828890,0
828891,0
828892,0
828893,0
828894,0
828895,0
828896,0
828897,0
828898,0
828899,0
828900,0
828901,0
828902,0
828903,41
828904,0
828905,0
828906,0
828907,0
828908,0
828909,0
828910,0
828911,0
828912,0
828913,0
828914,0
828915,0
828916,0
828917,0
828918,0
828919,0
828920,0
828921,0
828922,0
828923,0
828924,0
828925,0
828926,0
828927,0
828928,0
828929,0
828930,0
828931,0
828932,0
828933,0
828934,0
828935,0
828936,0
828937,0
828938,0
828939,0
828940,0
828941,0
828942,0
828943,0
828944,0
828945,0
828946,0
828947,0
828948,0
828949,0
828950,0
828951,32
828952,0
828953,35
828954,0
828955,0
828956,0
828957,0
828958,0
828959,0
828960,0
828961,0
828962,0
828963,0
828964,0
828965,0
828966,0
828967,22
828968,0
828969,0
828970,0
828971,0
828972,28
828973,0
828974,0
828975,0
828976,34
828977,0
828978,0
828979,0
828980,0
828981,0
828982,0
828983,0
828984,0
828985,0
828986,0
828987,0
828988,0
828989,0
828990,0
828991,0
828992,0
828993,0
828994,0
828995,0
828996,0
828997,0
828998,0
828999,0
829000,0
829001,0
829002,0
829003,0
829004,0
829005,0
829006,0
829007,0
829008,0
829009,0
829010,0
829011,0
829012,0
829013,0
829014,0
829015,0
829016,0
829017,0
829018,0
829019,30
829020,0
829021,0
829022,0
829023,40
829024,0
829025,0
829026,0
829027,0
829028,0
829029,0
829030,0
829031,0
829032,0
829033,0
829034,0
829035,0
829036,0
829037,36
829038,0
829039,0
829040,0
829041,0
829042,0
829043,0
829044,0
829045,0
829046,0
829047,20
829048,0
829049,0
829050,0
829051,0
829052,0
829053,0
829054,0
829055,0
829056,0
829057,0
829058,0
829059,0
829060,0
829061,0
829062,0
829063,0
829064,0
829065,0
829066,0
829067,0
829068,0
829069,0
829070,0
829071,0
829072,0
829073,0
829074,0
829075,0
829076,0
829077,0
829078,0
829079,0
829080,0
829081,0
829082,0
829083,0
829084,0
829085,0
829086,0
829087,0
829088,0
829089,0
829090,0
829091,0
829092,0
829093,0
829094,0
829095,0
829096,0
829097,0
829098,0
829099,0
829100,0
829101,0
829102,0
829103,0
829104,0
829105,0
829106,0
829107,0
829108,0
829109,0
829110,0
829111,0
829112,0
829113,0
829114,0
829115,0
829116,0
829117,0
829118,0
829119,0
829120,0
829121,0
829122,0
829123,0
829124,0
829125,0
829126,0
829127,0
829128,0
829129,0
829130,31
829131,32
829132,0
829133,0
829134,0
829135,0
829136,0
829137,0
829138,0
829139,0
829140,0
829141,0
829142,0
829143,24
829144,0
829145,0
829146,0
829147,0
829148,0
829149,0
829150,0
829151,0
829152,0
829153,0
829154,0
829155,37
829156,26
829157,0
829158,0
829159,0
829160,0
829161,0
829162,0
829163,0
829164,0
829165,0
829166,0
829167,0
829168,0
829169,0
829170,0
829171,0
829172,0
829173,0
829174,0
829175,0
829176,25
829177,0
829178,0
829179,0
829180,45
829181,0
829182,0
829183,0
829184,0
829185,0
829186,0
829187,0
829188,0
829189,0
829190,0
829191,0
829192,0
829193,0
829194,0
829195,0
829196,0
829197,0
829198,0
829199,32
829200,0
829201,0
829202,0
829203,28
829204,0
829205,0
829206,0
829207,0
829208,0
829209,28
829210,41
829211,0
829212,0
829213,0
829214,0
829215,0
829216,0
829217,0
829218,0
829219,0
829220,0
829221,0
829222,0
829223,0
829224,0
829225,0
829226,0
829227,0
829228,0
829229,0
829230,0
829231,0
829232,0
829233,0
829234,0
829235,0
829236,0
829237,0
829238,0
829239,0
829240,0
829241,0
829242,0
829243,0
829244,0
829245,0
829246,0
829247,0
829248,0
829249,0
829250,0
829251,0
829252,0
829253,0
829254,0
829255,0
829256,33
829257,0
829258,0
829259,21
829260,0
829261,0
829262,0
829263,0
829264,0
829265,0
829266,0
829267,0
829268,0
829269,0
829270,0
829271,0
829272,0
829273,36
829274,0
829275,0
829276,0
829277,0
829278,31
829279,0
829280,0
829281,0
829282,0
829283,0
829284,0
829285,0
829286,0
829287,0
829288,0
829289,0
829290,0
829291,0
829292,0
829293,0
829294,0
829295,0
829296,0
829297,0
829298,0
829299,0
829300,0
829301,0
829302,0
829303,0
829304,0
829305,0
829306,0
829307,0
829308,0
829309,0
829310,0
829311,0
829312,0
829313,0
829314,0
829315,0
829316,0
829317,0
829318,30
829319,0
829320,0
829321,0
829322,0
829323,0
829324,0
829325,34
829326,0
829327,0
829328,0
829329,0
829330,0
829331,0
829332,0
829333,0
829334,0
829335,0
829336,0
829337,0
829338,0
829339,0
829340,0
829341,0
829342,0
829343,0
829344,0
829345,0
829346,0
829347,0
829348,0
829349,0
829350,39
829351,0
829352,0
829353,0
829354,0
829355,0
829356,0
829357,0
829358,0
829359,0
829360,51
829361,0
829362,0
829363,0
829364,0
829365,0
829366,0
829367,0
829368,0
829369,0
829370,0
829371,0
829372,0
829373,0
829374,0
829375,0
829376,24
829377,0
829378,0
829379,0
829380,0
829381,46
829382,0
829383,0
829384,0
829385,0
829386,0
829387,0
829388,0
829389,0
829390,0
829391,0
829392,0
829393,0
829394,0
829395,0
829396,47
829397,0
829398,0
829399,0
829400,0
829401,0
829402,0
829403,0
829404,0
829405,0
829406,0
829407,0
829408,0
829409,53
829410,0
829411,42
829412,0
829413,0
829414,0
829415,0
829416,0
829417,0
829418,0
829419,0
829420,44
829421,0
829422,0
829423,0
829424,0
829425,0
829426,0
829427,0
829428,0
829429,0
829430,0
829431,0
829432,0
829433,42
829434,0
829435,0
829436,0
829437,0
829438,0
829439,0
829440,0
829441,0
829442,0
829443,0
829444,0
829445,0
829446,0
829447,0
829448,0
829449,0
829450,0
829451,0
829452,0
829453,0
829454,0
829455,0
829456,46
829457,35
829458,0
829459,0
829460,0
829461,0
829462,0
829463,0
829464,0
829465,0
829466,0
829467,0
829468,0
829469,0
829470,0
829471,0
829472,33
829473,0
829474,0
829475,0
829476,0
829477,0
829478,0
829479,0
829480,0
829481,0
829482,0
829483,0
829484,0
829485,0
829486,0
829487,0
829488,0
829489,44
829490,0
829491,0
829492,0
829493,0
829494,0
829495,0
829496,0
829497,0
829498,0
829499,0
829500,0
829501,0
829502,0
829503,0
829504,0
829505,0
829506,0
829507,0
829508,0
829509,0
829510,0
829511,0
829512,0
829513,0
829514,0
829515,0
829516,0
829517,0
829518,0
829519,0
829520,0
829521,0
829522,0
829523,0
829524,0
829525,0
829526,0
829527,0
829528,0
829529,0
829530,0
829531,0
829532,0
829533,0
829534,0
829535,0
829536,0
829537,48
829538,0
829539,30
829540,0
829541,0
829542,0
829543,0
829544,0
829545,0
829546,0
829547,0
829548,0
829549,39
829550,0
829551,0
829552,0
829553,0
829554,42
829555,0
829556,0
829557,0
829558,0
829559,0
829560,0
829561,0
829562,0
829563,0
829564,0
829565,0
829566,0
829567,31
829568,0
829569,0
829570,0
829571,0
829572,0
829573,0
829574,0
829575,0
829576,0
829577,0
829578,0
829579,0
829580,0
829581,0
829582,0
829583,36
829584,0
829585,0
829586,0
829587,0
829588,0
829589,0
829590,0
829591,0
829592,44
829593,0
829594,0
829595,0
829596,0
829597,0
829598,0
829599,0
829600,48
829601,0
829602,0
829603,0
829604,0
829605,0
829606,0
829607,0
829608,0
829609,0
829610,0
829611,0
829612,0
829613,0
829614,0
829615,0
829616,0
829617,0
829618,0
829619,0
829620,0
829621,0
829622,0
829623,0
829624,0
829625,0
829626,0
829627,0
829628,0
829629,0
829630,0
829631,0
829632,0
829633,0
829634,0
829635,0
829636,0
829637,0
829638,0
829639,0
829640,0
829641,0
829642,0
829643,0
829644,0
829645,0
829646,0
829647,0
829648,0
829649,0
829650,0
829651,0
829652,0
829653,0
829654,0
829655,0
829656,0
829657,0
829658,0
829659,33
829660,0
829661,68
829662,0
829663,0
829664,0
829665,0
829666,39
829667,0
829668,0
829669,0
829670,0
829671,0
829672,0
829673,0
829674,0
829675,0
829676,0
829677,0
829678,0
829679,0
829680,0
829681,0
829682,0
829683,0
829684,0
829685,0
829686,0
829687,0
829688,0
829689,34
829690,0
829691,0
829692,0
829693,0
829694,0
829695,0
829696,0
829697,0
829698,0
829699,0
829700,0
829701,0
829702,0
829703,0
829704,0
829705,0
829706,0
829707,0
829708,0
829709,35
829710,0
829711,0
829712,0
829713,0
829714,0
829715,0
829716,0
829717,0
829718,0
829719,0
829720,0
829721,0
829722,0
829723,0
829724,0
829725,0
829726,0
829727,0
829728,0
829729,0
829730,0
829731,0
829732,0
829733,0
829734,0
829735,0
829736,0
829737,0
829738,0
829739,0
829740,0
829741,0
829742,0
829743,0
829744,0
829745,0
829746,0
829747,0
829748,0
829749,0
829750,0
829751,0
829752,41
829753,0
829754,0
829755,0
829756,0
829757,0
829758,33
829759,0
829760,0
829761,0
829762,0
829763,0
829764,0
829765,0
829766,0
829767,0
829768,0
829769,0
829770,0
829771,0
829772,0
829773,0
829774,0
829775,0
829776,0
829777,0
829778,0
829779,0
829780,0
829781,0
829782,0
829783,45
829784,0
829785,0
829786,0
829787,0
829788,0
829789,0
829790,0
829791,0
829792,0
829793,0
829794,0
829795,49
829796,40
829797,0
829798,0
829799,0
829800,0
829801,0
829802,0
829803,0
829804,0
829805,0
829806,0
829807,0
829808,0
829809,0
829810,0
829811,0
829812,0
829813,0
829814,0
829815,0
829816,0
829817,0
829818,0
829819,0
829820,0
829821,0
829822,0
829823,0
829824,0
829825,43
829826,0
829827,39
829828,0
829829,53
829830,0
829831,0
829832,0
829833,0
829834,0
829835,0
829836,0
829837,0
829838,0
829839,0
829840,0
829841,0
829842,0
829843,0
829844,0
829845,0
829846,0
829847,0
829848,0
829849,0
829850,0
829851,0
829852,0
829853,0
829854,0
829855,0
829856,0
829857,0
829858,0
829859,0
829860,0
829861,0
829862,0
829863,0
829864,0
829865,0
829866,0
829867,0
829868,0
829869,0
829870,0
829871,0
829872,0
829873,26
829874,0
829875,0
829876,0
829877,0
829878,42
829879,0
829880,0
829881,0
829882,0
829883,0
829884,0
829885,0
829886,37
829887,0
829888,0
829889,0
829890,0
829891,0
829892,0
829893,0
829894,0
829895,0
829896,0
829897,0
829898,0
829899,0
829900,0
829901,0
829902,0
829903,0
829904,0
829905,0
829906,0
829907,0
829908,0
829909,0
829910,0
829911,0
829912,0
829913,0
829914,0
829915,0
829916,32
829917,0
829918,0
829919,0
829920,47
829921,0
829922,0
829923,0
829924,0
829925,0
829926,0
829927,28
829928,0
829929,0
829930,0
829931,0
829932,0
829933,0
829934,0
829935,0
829936,0
829937,0
829938,0
829939,35
829940,42
829941,45
829942,40
829943,0
829944,0
829945,0
829946,0
829947,0
829948,0
829949,0
829950,0
829951,0
829952,0
829953,0
829954,0
829955,0
829956,0
829957,0
829958,0
829959,0
829960,0
829961,0
829962,0
829963,0
829964,0
829965,0
829966,0
829967,0
829968,0
829969,0
829970,0
829971,0
829972,0
829973,0
829974,0
829975,0
829976,46
829977,0
829978,0
829979,0
829980,32
829981,0
829982,0
829983,0
829984,0
829985,0
829986,0
829987,0
829988,0
829989,0
829990,0
829991,37
829992,0
829993,0
829994,0
829995,0
829996,0
829997,0
829998,0
829999,0
830000,0
830001,0
830002,40
830003,0
830004,0
830005,0
830006,0
830007,0
830008,0
830009,0
830010,0
830011,0
830012,0
830013,0
830014,0
830015,0
830016,0
830017,0
830018,0
830019,0
830020,0
830021,0
830022,0
830023,0
830024,0
830025,0
830026,0
830027,0
830028,0
830029,0
830030,0
830031,0
830032,0
830033,0
830034,0
830035,0
830036,0
830037,28
830038,0
830039,0
830040,0
830041,0
830042,0
830043,0
830044,0
830045,0
830046,0
830047,0
830048,0
830049,0
830050,0
830051,0
830052,0
830053,0
830054,0
830055,0
830056,0
830057,0
830058,0
830059,0
830060,0
830061,0
830062,0
830063,0
830064,0
830065,0
830066,0
830067,0
830068,0
830069,0
830070,0
830071,0
830072,0
830073,0
830074,0
830075,0
830076,0
830077,0
830078,0
830079,0
830080,0
830081,0
830082,0
830083,0
830084,0
830085,0
830086,0
830087,0
830088,0
830089,0
830090,0
830091,0
830092,0
830093,0
830094,0
830095,0
830096,0
830097,0
830098,0
830099,0
830100,0
830101,0
830102,0
830103,0
830104,0
830105,0
830106,0
830107,0
830108,0
830109,0
830110,0
830111,0
830112,0
830113,0
830114,0
830115,0
830116,0
830117,0
830118,36
830119,0
830120,40
830121,0
830122,0
830123,0
830124,0
830125,0
830126,27
830127,0
830128,42
830129,0
830130,0
830131,0
830132,0
830133,0
830134,0
830135,0
830136,0
830137,0
830138,0
830139,0
830140,0
830141,0
830142,0
830143,0
830144,0
830145,0
830146,0
830147,0
830148,0
830149,58
830150,0
830151,0
830152,0
830153,0
830154,0
830155,0
830156,0
830157,5
830158,0
830159,0
830160,0
830161,3
830162,0
830163,0
830164,0
830165,0
830166,0
830167,0
830168,0
830169,0
830170,0
830171,0
830172,0
830173,0
830174,0
830175,0
830176,0
830177,0
830178,0
830179,0
830180,0
830181,0
830182,0
830183,0
830184,0
830185,0
830186,0
830187,0
830188,0
830189,0
830190,0
830191,0
830192,0
830193,0
830194,0
830195,0
830196,9
830197,0
830198,0
830199,0
830200,0
830201,6
830202,0
830203,0
830204,3
830205,0
830206,0
830207,0
830208,0
830209,0
830210,0
830211,6
830212,0
830213,0
830214,0
830215,0
830216,0
830217,0
830218,0
830219,0
830220,0
830221,0
830222,0
830223,0
830224,0
830225,5
830226,0
830227,0
830228,0
830229,0
830230,0
830231,0
830232,0
830233,0
830234,8
830235,0
830236,0
830237,0
830238,0
830239,0
830240,0
830241,0
830242,1
830243,0
830244,0
830245,0
830246,0
830247,0
830248,5
830249,0
830250,0
830251,0
830252,0
830253,0
830254,0
830255,0
830256,0
830257,4
830258,0
830259,0
830260,0
830261,0
830262,3
830263,0
830264,8
830265,0
830266,0
830267,0
830268,0
830269,0
830270,0
830271,5
830272,0
830273,0
830274,0
830275,7
830276,7
830277,0
830278,0
830279,2
830280,0
830281,0
830282,0
830283,3
830284,5
830285,0
830286,0
830287,0
830288,0
830289,0
830290,0
830291,0
830292,0
830293,0
830294,0
830295,0
830296,0
830297,0
830298,0
830299,0
830300,4
830301,0
830302,0
830303,0
830304,0
830305,8
830306,0
830307,0
830308,0
830309,0
830310,0
830311,0
830312,4
830313,0
830314,0
830315,3
830316,0
830317,0
830318,0
830319,6
830320,0
830321,0
830322,0
830323,9
830324,0
830325,0
830326,5
830327,0
830328,5
830329,0
830330,0
830331,0
830332,0
830333,0
830334,0
830335,0
830336,0
830337,0
830338,0
830339,0
830340,0
830341,0
830342,0
830343,0
830344,0
830345,0
830346,0
830347,0
830348,0
830349,0
830350,2
830351,4
830352,0
830353,0
830354,0
830355,0
830356,0
830357,0
830358,0
830359,6
830360,0
830361,0
830362,0
830363,0
830364,0
830365,0
830366,0
830367,0
830368,0
830369,0
830370,0
830371,0
830372,0
830373,42
830374,0
830375,0
830376,0
830377,0
830378,0
830379,0
830380,0
830381,0
830382,0
830383,40
830384,0
830385,0
830386,25
830387,0
830388,0
830389,0
830390,0
830391,0
830392,0
830393,0
830394,0
830395,0
830396,0
830397,0
830398,0
830399,0
830400,0
830401,0
830402,0
830403,0
830404,0
830405,0
830406,0
830407,0
830408,0
830409,0
830410,0
830411,0
830412,0
830413,0
830414,0
830415,0
830416,0
830417,0
830418,0
830419,0
830420,0
830421,0
830422,0
830423,0
830424,0
830425,0
830426,0
830427,0
830428,0
830429,0
830430,0
830431,0
830432,0
830433,0
830434,0
830435,0
830436,0
830437,0
830438,0
830439,0
830440,0
830441,0
830442,0
830443,0
830444,0
830445,0
830446,49
830447,0
830448,0
830449,0
830450,0
830451,38
830452,0
830453,0
830454,0
830455,0
830456,0
830457,0
830458,0
830459,29
830460,0
830461,0
830462,0
830463,0
830464,0
830465,0
830466,0
830467,0
830468,0
830469,0
830470,0
830471,0
830472,0
830473,0
830474,33
830475,0
830476,0
830477,35
830478,29
830479,0
830480,0
830481,0
830482,0
830483,0
830484,0
830485,34
830486,0
830487,0
830488,36
830489,0
830490,0
830491,0
830492,0
830493,30
830494,0
830495,0
830496,0
830497,0
830498,0
830499,0
830500,0
830501,0
830502,0
830503,0
830504,0
830505,0
830506,0
830507,0
830508,0
830509,0
830510,0
830511,0
830512,0
830513,0
830514,0
830515,0
830516,30
830517,0
830518,0
830519,0
830520,0
830521,0
830522,0
830523,0
830524,0
830525,0
830526,0
830527,0
830528,0
830529,0
830530,0
830531,0
830532,0
830533,0
830534,31
830535,0
830536,0
830537,0
830538,35
830539,16
830540,0
830541,0
830542,0
830543,0
830544,0
830545,0
830546,0
830547,0
830548,0
830549,0
830550,0
830551,0
830552,0
830553,0
830554,34
830555,34
830556,0
830557,0
830558,0
830559,0
830560,0
830561,0
830562,0
830563,0
830564,0
830565,0
830566,0
830567,0
830568,0
830569,0
830570,0
830571,0
830572,38
830573,0
830574,0
830575,0
830576,0
830577,0
830578,0
830579,0
830580,0
830581,0
830582,0
830583,0
830584,0
830585,0
830586,35
830587,0
830588,0
830589,0
830590,0
830591,0
830592,0
830593,20
830594,0
830595,0
830596,0
830597,0
830598,0
830599,0
830600,0
830601,0
830602,0
830603,0
830604,36
830605,45
830606,0
830607,0
830608,0
830609,0
830610,0
830611,0
830612,0
830613,0
830614,0
830615,39
830616,0
830617,0
830618,0
830619,0
830620,0
830621,0
830622,0
830623,0
830624,0
830625,0
830626,0
830627,0
830628,0
830629,0
830630,0
830631,0
830632,0
830633,0
830634,0
830635,0
830636,0
830637,0
830638,0
830639,0
830640,0
830641,0
830642,0
830643,0
830644,0
830645,0
830646,33
830647,0
830648,0
830649,0
830650,0
830651,0
830652,0
830653,0
830654,0
830655,0
830656,0
830657,0
830658,0
830659,0
830660,36
830661,0
830662,0
830663,0
830664,0
830665,0
830666,0
830667,0
830668,0
830669,34
830670,0
830671,0
830672,0
830673,0
830674,0
830675,0
830676,0
830677,0
830678,29
830679,0
830680,0
830681,0
830682,0
830683,0
830684,0
830685,35
830686,0
830687,28
830688,0
830689,27
830690,48
830691,27
830692,29
830693,0
830694,0
830695,0
830696,0
830697,0
830698,0
830699,0
830700,0
830701,0
830702,0
830703,26
830704,0
830705,0
830706,0
830707,0
830708,0
830709,46
830710,0
830711,0
830712,0
830713,0
830714,0
830715,0
830716,0
830717,0
830718,0
830719,0
830720,0
830721,0
830722,0
830723,0
830724,0
830725,0
830726,0
830727,0
830728,32
830729,0
830730,0
830731,0
830732,0
830733,0
830734,0
830735,31
830736,32
830737,26
830738,0
830739,0
830740,0
830741,0
830742,0
830743,0
830744,0
830745,0
830746,0
830747,0
830748,0
830749,0
830750,0
830751,0
830752,0
830753,0
830754,0
830755,0
830756,0
830757,0
830758,0
830759,0
830760,0
830761,0
830762,0
830763,0
830764,0
830765,0
830766,0
830767,0
830768,0
830769,35
830770,0
830771,0
830772,30
830773,0
830774,0
830775,0
830776,0
830777,0
830778,0
830779,51
830780,31
830781,0
830782,0
830783,0
830784,0
830785,0
830786,0
830787,0
830788,0
830789,0
830790,0
830791,37
830792,0
830793,0
830794,40
830795,0
830796,0
830797,0
830798,0
830799,48
830800,0
830801,0
830802,41
830803,0
830804,0
830805,25
830806,0
830807,0
830808,0
830809,0
830810,0
830811,32
830812,0
830813,0
830814,25
830815,0
830816,0
830817,0
830818,0
830819,0
830820,0
830821,0
830822,0
830823,0
830824,0
830825,0
830826,0
830827,0
830828,0
830829,0
830830,0
830831,0
830832,0
830833,0
830834,0
830835,0
830836,0
830837,0
830838,0
830839,0
830840,0
830841,0
830842,0
830843,23
830844,0
830845,0
830846,0
830847,0
830848,0
830849,0
830850,0
830851,26
830852,0
830853,0
830854,0
830855,0
830856,0
830857,0
830858,0
830859,0
830860,0
830861,0
830862,37
830863,0
830864,0
830865,0
830866,0
830867,0
830868,0
830869,0
830870,0
830871,0
830872,0
830873,0
830874,0
830875,0
830876,0
830877,0
830878,0
830879,0
830880,0
830881,0
830882,0
830883,0
830884,0
830885,0
830886,30
830887,0
830888,0
830889,0
830890,0
830891,0
830892,40
830893,0
830894,0
830895,0
830896,0
830897,0
830898,0
830899,0
830900,0
830901,0
830902,0
830903,0
830904,0
830905,0
830906,34
830907,0
830908,0
830909,0
830910,0
830911,0
830912,0
830913,0
830914,0
830915,23
830916,0
830917,0
830918,0
830919,0
830920,0
830921,0
830922,0
830923,0
830924,0
830925,0
830926,0
830927,35
830928,0
830929,0
830930,0
830931,0
830932,0
830933,0
830934,0
830935,0
830936,0
830937,0
830938,0
830939,0
830940,24
830941,0
830942,0
830943,0
830944,0
830945,0
830946,0
830947,0
830948,0
830949,0
830950,0
830951,0
830952,0
830953,0
830954,0
830955,0
830956,0
830957,0
830958,30
830959,0
830960,0
830961,0
830962,0
830963,0
830964,0
830965,0
830966,26
830967,0
830968,0
830969,0
830970,41
830971,0
830972,0
830973,0
830974,0
830975,0
830976,0
830977,0
830978,0
830979,0
830980,0
830981,0
830982,0
830983,0
830984,0
830985,0
830986,0
830987,0
830988,0
830989,0
830990,28
830991,0
830992,0
830993,0
830994,0
830995,0
830996,0
830997,0
830998,0
830999,31
831000,0
831001,0
831002,31
831003,39
831004,29
831005,0
831006,0
831007,0
831008,0
831009,0
831010,0
831011,0
831012,0
831013,21
831014,0
831015,0
831016,38
831017,0
831018,0
831019,0
831020,0
831021,27
831022,0
831023,0
831024,0
831025,48
831026,35
831027,35
831028,35
831029,27
831030,0
831031,0
831032,31
831033,23
831034,0
831035,0
831036,0
831037,0
831038,37
831039,47
831040,0
831041,0
831042,0
831043,0
831044,0
831045,0
831046,0
831047,18
831048,0
831049,0
831050,0
831051,0
831052,0
831053,0
831054,0
831055,0
831056,0
831057,0
831058,21
831059,0
831060,0
831061,0
831062,34
831063,0
831064,0
831065,0
831066,0
831067,28
831068,22
831069,0
831070,0
831071,0
831072,0
831073,30
831074,0
831075,0
831076,0
831077,0
831078,0
831079,0
831080,0
831081,22
831082,0
831083,0
831084,0
831085,0
831086,0
831087,40
831088,0
831089,0
831090,0
831091,25
831092,0
831093,0
831094,0
831095,0
831096,0
831097,0
831098,0
831099,0
831100,37
831101,0
831102,0
831103,0
831104,36
831105,0
831106,0
831107,0
831108,28
831109,0
831110,0
831111,0
831112,0
831113,0
831114,0
831115,0
831116,26
831117,0
831118,0
831119,0
831120,0
831121,0
831122,33
831123,0
831124,0
831125,0
831126,0
831127,0
831128,0
831129,0
831130,37
831131,0
831132,0
831133,0
831134,0
831135,0
831136,32
831137,0
831138,0
831139,20
831140,0
831141,37
831142,0
831143,0
831144,34
831145,40
831146,0
831147,0
831148,0
831149,0
831150,0
831151,41
831152,34
831153,34
831154,0
831155,0
831156,47
831157,0
831158,0
831159,0
831160,42
831161,31
831162,0
831163,0
831164,0
831165,46
831166,40
831167,0
831168,31
831169,27
831170,0
831171,0
831172,0
831173,0
831174,0
831175,0
831176,0
831177,0
831178,0
831179,27
831180,0
831181,0
831182,0
831183,21
831184,0
831185,0
831186,32
831187,32
831188,0
831189,0
831190,34
831191,0
831192,0
831193,0
831194,0
831195,0
831196,35
831197,0
831198,0
831199,0
831200,25
831201,0
831202,23
831203,0
831204,25
831205,0
831206,40
831207,0
831208,0
831209,0
831210,46
831211,0
831212,0
831213,31
831214,0
831215,0
831216,0
831217,0
831218,0
831219,0
831220,27
831221,0
831222,0
831223,0
831224,0
831225,0
831226,29
831227,0
831228,0
831229,0
831230,0
831231,0
831232,0
831233,0
831234,0
831235,31
831236,0
831237,0
831238,0
831239,0
831240,0
831241,28
831242,0
831243,0
831244,24
831245,0
831246,37
831247,30
831248,0
831249,34
831250,0
831251,0
831252,0
831253,0
831254,0
831255,0
831256,0
831257,39
831258,0
831259,0
831260,0
831261,35
831262,0
831263,0
831264,0
831265,16
831266,0
831267,0
831268,14
831269,25
831270,23
831271,0
831272,37
831273,0
831274,0
831275,0
831276,0
831277,0
831278,33
831279,0
831280,0
831281,27
831282,0
831283,0
831284,46
831285,0
831286,0
831287,0
831288,0
831289,0
831290,0
831291,18
831292,0
831293,0
831294,0
831295,0
831296,18
831297,0
831298,0
831299,39
831300,0
831301,29
831302,0
831303,0
831304,0
831305,28
831306,0
831307,0
831308,44
831309,0
831310,0
831311,0
831312,28
831313,48
831314,22
831315,0
831316,26
831317,0
831318,0
831319,0
831320,18
831321,37
831322,0
831323,0
831324,0
831325,0
831326,0
831327,0
831328,0
831329,0
831330,0
831331,0
831332,0
831333,0
831334,31
831335,0
831336,25
831337,0
831338,38
831339,33
831340,0
831341,0
831342,0
831343,0
831344,38
831345,36
831346,0
831347,41
831348,22
831349,33
831350,0
831351,0
831352,0
831353,31
831354,0
831355,38
831356,0
831357,27
831358,0
831359,37
831360,25
831361,0
831362,0
831363,31
831364,0
831365,0
831366,0
831367,0
831368,0
831369,0
831370,0
831371,0
831372,0
831373,27
831374,0
831375,0
831376,0
831377,0
831378,0
831379,0
831380,0
831381,0
831382,18
831383,0
831384,0
831385,0
831386,0
831387,0
831388,0
831389,0
831390,0
831391,0
831392,0
831393,0
831394,44
831395,0
831396,0
831397,43
831398,0
831399,0
831400,28
831401,0
831402,0
831403,0
831404,28
831405,0
831406,0
831407,0
831408,0
831409,0
831410,0
831411,0
831412,0
831413,0
831414,0
831415,24
831416,0
831417,0
831418,0
831419,0
831420,0
831421,0
831422,0
831423,0
831424,34
831425,17
831426,0
831427,0
831428,0
831429,39
831430,0
831431,36
831432,0
831433,36
831434,0
831435,32
831436,23
831437,0
831438,0
831439,0
831440,29
831441,0
831442,0
831443,0
831444,0
831445,0
831446,0
831447,0
831448,38
831449,0
831450,0
831451,33
831452,0
831453,0
831454,27
831455,25
831456,35
831457,25
831458,0
831459,32
831460,0
831461,42
831462,0
831463,0
831464,0
831465,0
831466,0
831467,0
831468,0
831469,33
831470,0
831471,0
831472,27
831473,0
831474,0
831475,45
831476,0
831477,0
831478,0
831479,0
831480,0
831481,27
831482,0
831483,0
831484,30
831485,0
831486,0
831487,0
831488,0
831489,0
831490,0
831491,0
831492,0
831493,0
831494,0
831495,26
831496,0
831497,0
831498,27
831499,0
831500,31
831501,0
831502,0
831503,0
831504,0
831505,0
831506,0
831507,0
831508,23
831509,0
831510,0
831511,25
831512,0
831513,0
831514,0
831515,20
831516,0
831517,0
831518,0
831519,0
831520,46
831521,0
831522,0
831523,0
831524,0
831525,26
831526,0
831527,0
831528,0
831529,38
831530,0
831531,0
831532,0
831533,0
831534,0
831535,0
831536,0
831537,0
831538,0
831539,0
831540,0
831541,35
831542,36
831543,0
831544,0
831545,0
831546,0
831547,0
831548,0
831549,37
831550,35
831551,0
831552,0
831553,21
831554,0
831555,0
831556,0
831557,0
831558,38
831559,0
831560,27
831561,0
831562,0
831563,0
831564,0
831565,0
831566,0
831567,0
831568,0
831569,0
831570,0
831571,0
831572,37
831573,0
831574,0
831575,0
831576,0
831577,0
831578,0
831579,0
831580,0
831581,0
831582,0
831583,0
831584,0
831585,0
831586,41
831587,0
831588,0
831589,0
831590,26
831591,0
831592,22
831593,0
831594,0
831595,0
831596,0
831597,0
831598,0
831599,0
831600,0
831601,0
831602,0
831603,0
831604,0
831605,24
831606,0
831607,27
831608,26
831609,0
831610,0
831611,0
831612,0
831613,0
831614,0
831615,0
831616,0
831617,0
831618,0
831619,29
831620,0
831621,30
831622,0
831623,0
831624,0
831625,34
831626,52
831627,0
831628,0
831629,0
831630,32
831631,51
831632,0
831633,0
831634,53
831635,0
831636,0
831637,0
831638,47
831639,0
831640,0
831641,0
831642,0
831643,0
831644,0
831645,0
831646,0
831647,0
831648,0
831649,0
831650,0
831651,31
831652,0
831653,31
831654,0
831655,32
831656,0
831657,46
831658,0
831659,0
831660,28
831661,0
831662,25
831663,0
831664,0
831665,0
831666,0
831667,27
831668,0
831669,0
831670,0
831671,0
831672,0
831673,0
831674,0
831675,33
831676,0
831677,0
831678,0
831679,49
831680,0
831681,0
831682,0
831683,0
831684,0
831685,29
831686,0
831687,0
831688,0
831689,20
831690,0
831691,0
831692,0
831693,0
831694,0
831695,36
831696,22
831697,0
831698,0
831699,0
831700,0
831701,0
831702,0
831703,34
831704,0
831705,0
831706,0
831707,0
831708,0
831709,0
831710,0
831711,0
831712,0
831713,0
831714,0
831715,0
831716,32
831717,0
831718,0
831719,0
831720,0
831721,27
831722,0
831723,0
831724,33
831725,0
831726,0
831727,0
831728,0
831729,0
831730,0
831731,0
831732,0
831733,25
831734,0
831735,0
831736,0
831737,0
831738,0
831739,0
831740,0
831741,0
831742,0
831743,0
831744,0
831745,0
831746,0
831747,0
831748,0
831749,0
831750,0
831751,0
831752,0
831753,0
831754,0
831755,0
831756,0
831757,0
831758,0
831759,0
831760,0
831761,0
831762,0
831763,0
831764,0
831765,0
831766,0
831767,0
831768,0
831769,0
831770,0
831771,0
831772,0
831773,0
831774,0
831775,0
831776,0
831777,0
831778,0
831779,0
831780,0
831781,0
831782,0
831783,0
831784,0
831785,0
831786,0
831787,0
831788,0
831789,0
831790,0
831791,0
831792,0
831793,0
831794,0
831795,0
831796,0
831797,0
831798,0
831799,0
831800,0
831801,0
831802,0
831803,0
831804,0
831805,0
831806,0
831807,0
831808,0
831809,0
831810,0
831811,1
831812,0
831813,0
831814,0
831815,0
831816,0
831817,0
831818,0
831819,0
831820,0
831821,0
831822,0
831823,0
831824,0
831825,0
831826,0
831827,0
831828,0
831829,0
831830,0
831831,0
831832,0
831833,0
831834,0
831835,0
831836,0
831837,0
831838,0
831839,0
831840,0
831841,0
831842,0
831843,0
831844,0
831845,0
831846,0
831847,0
831848,0
831849,0
831850,1
831851,0
831852,0
831853,0
831854,0
831855,0
831856,0
831857,0
831858,0
831859,0
831860,0
831861,0
831862,0
831863,0
831864,0
831865,0
831866,0
831867,0
831868,0
831869,0
831870,0
831871,0
831872,0
831873,0
831874,0
831875,0
831876,0
831877,0
831878,0
831879,0
831880,1
831881,0
831882,0
831883,0
831884,0
831885,0
831886,0
831887,0
831888,0
831889,0
831890,0
831891,0
831892,0
831893,0
831894,0
831895,0
831896,0
831897,0
831898,0
831899,0
831900,0
831901,0
831902,0
831903,0
831904,0
831905,0
831906,0
831907,0
831908,0
831909,0
831910,0
831911,0
831912,0
831913,0
831914,0
831915,0
831916,0
831917,0
831918,0
831919,0
831920,0
831921,0
831922,0
831923,0
831924,0
831925,0
831926,0
831927,0
831928,0
831929,0
831930,0
831931,0
831932,0
831933,0
831934,0
831935,0
831936,0
831937,0
831938,0
831939,0
831940,0
831941,0
831942,0
831943,0
831944,0
831945,0
831946,0
831947,0
831948,0
831949,0
831950,0
831951,0
831952,0
831953,0
831954,0
831955,0
831956,0
831957,0
831958,0
831959,0
831960,0
831961,0
831962,0
831963,0
831964,0
831965,0
831966,0
831967,0
831968,0
831969,0
831970,0
831971,0
831972,0
831973,0
831974,0
831975,0
831976,0
831977,0
831978,0
831979,0
831980,0
831981,0
831982,0
831983,0
831984,0
831985,0
831986,0
831987,0
831988,0
831989,0
831990,0
831991,0
831992,0
831993,0
831994,0
831995,0
831996,0
831997,0
831998,0
831999,0
832000,0
832001,0
832002,0
832003,0
832004,0
832005,0
832006,0
832007,0
832008,0
832009,0
832010,0
832011,0
832012,0
832013,0
832014,0
832015,0
832016,0
832017,0
832018,0
832019,0
832020,0
832021,0
832022,0
832023,0
832024,0
832025,0
832026,0
832027,0
832028,0
832029,0
832030,0
832031,0
832032,0
832033,0
832034,0
832035,0
832036,0
832037,0
832038,0
832039,0
832040,0
832041,0
832042,0
832043,0
832044,0
832045,0
832046,0
832047,0
832048,0
832049,0
832050,0
832051,0
832052,0
832053,0
832054,0
832055,0
832056,0
832057,0
832058,0
832059,0
832060,0
832061,0
832062,0
832063,0
832064,0
832065,0
832066,0
832067,0
832068,0
832069,0
832070,0
832071,0
832072,0
832073,0
832074,0
832075,0
832076,0
832077,0
832078,0
832079,0
832080,0
832081,0
832082,0
832083,0
832084,0
832085,0
832086,0
832087,0
832088,0
832089,0
832090,0
832091,0
832092,0
832093,0
832094,0
832095,0
832096,0
832097,0
832098,0
832099,0
832100,0
832101,0
832102,0
832103,0
832104,0
832105,0
832106,0
832107,0
832108,0
832109,0
832110,0
832111,0
832112,0
832113,0
832114,0
832115,0
832116,0
832117,1
832118,0
832119,0
832120,0
832121,0
832122,0
832123,0
832124,0
832125,0
832126,0
832127,0
832128,0
832129,0
832130,0
832131,0
832132,0
832133,0
832134,0
832135,0
832136,0
832137,0
832138,0
832139,0
832140,0
832141,0
832142,0
832143,0
832144,0
832145,0
832146,0
832147,0
832148,0
832149,0
832150,0
832151,0
832152,0
832153,0
832154,0
832155,0
832156,0
832157,0
832158,0
832159,0
832160,0
832161,0
832162,0
832163,0
832164,0
832165,0
832166,0
832167,0
832168,0
832169,0
832170,0
832171,0
832172,0
832173,0
832174,0
832175,0
832176,0
832177,0
832178,0
832179,0
832180,0
832181,0
832182,0
832183,0
832184,0
832185,0
832186,0
832187,0
832188,0
832189,0
832190,0
832191,0
832192,0
832193,0
832194,0
832195,0
832196,0
832197,0
832198,0
832199,0
832200,0
832201,0
832202,0
832203,0
832204,0
832205,0
832206,0
832207,0
832208,0
832209,0
832210,0
832211,0
832212,0
832213,0
832214,0
832215,0
832216,0
832217,0
832218,0
832219,0
832220,0
832221,0
832222,0
832223,0
832224,0
832225,0
832226,0
832227,0
832228,0
832229,0
832230,0
832231,0
832232,0
832233,0
832234,0
832235,0
832236,0
832237,0
832238,0
832239,0
832240,0
832241,0
832242,0
832243,0
832244,0
832245,0
832246,0
832247,0
832248,0
832249,0
832250,0
832251,0
832252,0
832253,0
832254,0
832255,16
832256,22
832257,0
832258,0
832259,0
832260,21
832261,0
832262,0
832263,0
832264,0
832265,22
832266,0
832267,0
832268,0
832269,0
832270,0
832271,0
832272,19
832273,0
832274,0
832275,0
832276,0
832277,19
832278,0
832279,0
832280,0
832281,0
832282,14
832283,16
832284,0
832285,0
832286,12
832287,16
832288,0
832289,0
832290,0
832291,0
832292,0
832293,0
832294,0
832295,0
832296,0
832297,0
832298,0
832299,0
832300,0
832301,0
832302,0
832303,0
832304,0
832305,0
832306,0
832307,0
832308,0
832309,11
832310,0
832311,0
832312,0
832313,0
832314,0
832315,0
832316,0
832317,0
832318,0
832319,0
832320,0
832321,0
832322,0
832323,0
832324,0
832325,0
832326,0
832327,0
832328,0
832329,0
832330,24
832331,30
832332,0
832333,0
832334,24
832335,0
832336,0
832337,0
832338,0
832339,0
832340,0
832341,0
832342,0
832343,0
832344,20
832345,0
832346,0
832347,0
832348,0
832349,0
832350,0
832351,0
832352,0
832353,0
832354,0
832355,15
832356,0
832357,0
832358,0
832359,0
832360,0
832361,0
832362,0
832363,0
832364,0
832365,0
832366,0
832367,0
832368,0
832369,0
832370,0
832371,17
832372,0
832373,21
832374,0
832375,0
832376,0
832377,0
832378,11
832379,0
832380,0
832381,0
832382,0
832383,0
832384,0
832385,0
832386,0
832387,0
832388,0
832389,0
832390,0
832391,0
832392,0
832393,0
832394,0
832395,0
832396,0
832397,0
832398,0
832399,0
832400,0
832401,0
832402,0
832403,0
832404,28
832405,0
832406,0
832407,0
832408,0
832409,0
832410,0
832411,0
832412,0
832413,19
832414,0
832415,0
832416,0
832417,0
832418,0
832419,0
832420,0
832421,0
832422,0
832423,0
832424,0
832425,0
832426,0
832427,0
832428,0
832429,0
832430,0
832431,0
832432,0
832433,0
832434,0
832435,0
832436,0
832437,0
832438,0
832439,0
832440,17
832441,0
832442,0
832443,0
832444,0
832445,0
832446,0
832447,0
832448,0
832449,0
832450,20
832451,0
832452,0
832453,0
832454,0
832455,21
832456,0
832457,0
832458,0
832459,0
832460,0
832461,0
832462,0
832463,0
832464,0
832465,0
832466,0
832467,0
832468,0
832469,0
832470,0
832471,0
832472,0
832473,0
832474,0
832475,26
832476,0
832477,0
832478,21
832479,0
832480,0
832481,0
832482,0
832483,0
832484,0
832485,0
832486,0
832487,0
832488,0
832489,18
832490,0
832491,0
832492,0
832493,0
832494,0
832495,0
832496,0
832497,21
832498,0
832499,0
832500,0
832501,0
832502,0
832503,0
832504,0
832505,0
832506,0
832507,0
832508,0
832509,0
832510,0
832511,0
832512,0
832513,0
832514,0
832515,0
832516,0
832517,0
832518,0
832519,0
832520,0
832521,0
832522,0
832523,36
832524,0
832525,0
832526,0
832527,0
832528,0
832529,0
832530,12
832531,0
832532,0
832533,0
832534,0
832535,0
832536,0
832537,0
832538,0
832539,0
832540,0
832541,0
832542,0
832543,0
832544,0
832545,0
832546,0
832547,0
832548,0
832549,0
832550,0
832551,0
832552,29
832553,0
832554,0
832555,12
832556,0
832557,0
832558,26
832559,19
832560,0
832561,0
832562,0
832563,0
832564,23
832565,0
832566,0
832567,0
832568,0
832569,20
832570,0
832571,0
832572,0
832573,0
832574,0
832575,0
832576,0
832577,0
832578,0
832579,0
832580,0
832581,0
832582,24
832583,0
832584,0
832585,16
832586,10
832587,0
832588,0
832589,0
832590,0
832591,0
832592,0
832593,0
832594,11
832595,0
832596,0
832597,0
832598,0
832599,0
832600,0
832601,7
832602,10
832603,0
832604,0
832605,14
832606,22
832607,0
832608,0
832609,10
832610,0
832611,0
832612,0
832613,26
832614,0
832615,0
832616,0
832617,28
832618,15
832619,0
832620,23
832621,0
832622,36
832623,0
832624,0
832625,0
832626,19
832627,0
832628,0
832629,0
832630,0
832631,0
832632,11
832633,18
832634,0
832635,0
832636,0
832637,0
832638,39
832639,11
832640,0
832641,0
832642,0
832643,14
832644,0
832645,0
832646,0
832647,8
832648,0
832649,0
832650,23
832651,12
832652,0
832653,0
832654,0
832655,0
832656,22
832657,0
832658,18
832659,11
832660,0
832661,0
832662,0
832663,9
832664,0
832665,25
832666,28
832667,0
832668,0
832669,0
832670,6
832671,0
832672,0
832673,23
832674,0
832675,0
832676,21
832677,0
832678,19
832679,0
832680,17
832681,0
832682,0
832683,0
832684,22
832685,35
832686,0
832687,7
832688,15
832689,0
832690,0
832691,0
832692,0
832693,0
832694,0
832695,0
832696,0
832697,0
832698,0
832699,15
832700,0
832701,8
832702,23
832703,0
832704,0
832705,0
832706,0
832707,0
832708,0
832709,0
832710,11
832711,0
832712,0
832713,23
832714,0
832715,28
832716,14
832717,20
832718,23
832719,11
832720,19
832721,14
832722,0
832723,0
832724,15
832725,0
832726,8
832727,0
832728,12
832729,30
832730,0
832731,0
832732,0
832733,0
832734,0
832735,16
832736,0
832737,0
832738,0
832739,0
832740,0
832741,25
832742,22
832743,0
832744,26
832745,14
832746,22
832747,0
832748,0
832749,0
832750,0
832751,7
832752,16
832753,14
832754,6
832755,0
832756,22
832757,0
832758,19
832759,0
832760,0
832761,0
832762,14
832763,0
832764,0
832765,0
832766,10
832767,0
832768,9
832769,0
832770,0
832771,10
832772,0
832773,0
832774,0
832775,0
832776,0
832777,0
832778,0
832779,22
832780,35
832781,15
832782,0
832783,0
832784,0
832785,0
832786,0
832787,0
832788,13
832789,26
832790,30
832791,0
832792,0
832793,0
832794,0
832795,24
832796,15
832797,24
832798,0
832799,0
832800,0
832801,0
832802,0
832803,0
832804,0
832805,0
832806,0
832807,0
832808,18
832809,0
832810,0
832811,0
832812,0
832813,9
832814,0
832815,24
832816,41
832817,0
832818,0
832819,0
832820,17
832821,0
832822,15
832823,0
832824,0
832825,11
832826,18
832827,18
832828,27
832829,0
832830,0
832831,0
832832,0
832833,25
832834,24
832835,0
832836,11
832837,0
832838,0
832839,0
832840,0
832841,0
832842,0
832843,0
832844,0
832845,0
832846,0
832847,0
832848,0
832849,16
832850,22
832851,0
832852,0
832853,0
832854,31
832855,0
832856,0
832857,0
832858,11
832859,0
832860,8
832861,11
832862,13
832863,0
832864,0
832865,0
832866,0
832867,19
832868,0
832869,0
832870,0
832871,28
832872,0
832873,0
832874,0
832875,0
832876,0
832877,13
832878,14
832879,0
832880,0
832881,5
832882,0
832883,15
832884,0
832885,0
832886,0
832887,0
832888,0
832889,0
832890,0
832891,14
832892,0
832893,18
832894,20
832895,0
832896,0
832897,0
832898,0
832899,0
832900,0
832901,0
832902,0
832903,15
832904,47
832905,14
832906,16
832907,0
832908,16
832909,0
832910,13
832911,0
832912,0
832913,0
832914,12
832915,0
832916,0
832917,27
832918,30
832919,0
832920,0
832921,0
832922,10
832923,0
832924,0
832925,10
832926,0
832927,0
832928,0
832929,0
832930,0
832931,25
832932,0
832933,0
832934,0
832935,27
832936,31
832937,22
832938,0
832939,0
832940,21
832941,0
832942,0
832943,0
832944,0
832945,0
832946,0
832947,0
832948,0
832949,0
832950,0
832951,0
832952,0
832953,25
832954,0
832955,0
832956,0
832957,0
832958,0
832959,0
832960,10
832961,0
832962,0
832963,0
832964,0
832965,0
832966,0
832967,8
832968,13
832969,16
832970,16
832971,0
832972,0
832973,0
832974,0
832975,0
832976,0
832977,0
832978,0
832979,15
832980,0
832981,14
832982,22
832983,23
832984,41
832985,0
832986,19
832987,26
832988,0
832989,0
832990,0
832991,0
832992,16
832993,20
832994,15
832995,0
832996,0
832997,0
832998,16
832999,16
833000,0
833001,9
833002,0
833003,28
833004,18
833005,25
833006,0
833007,0
833008,0
833009,14
833010,27
833011,0
833012,0
833013,0
833014,0
833015,0
833016,25
833017,0
833018,0
833019,0
833020,0
833021,0
833022,10
833023,0
833024,0
833025,14
833026,0
833027,0
833028,15
833029,32
833030,16
833031,0
833032,0
833033,0
833034,0
833035,0
833036,0
833037,0
833038,0
833039,0
833040,0
833041,0
833042,16
833043,0
833044,22
833045,0
833046,0
833047,14
833048,0
833049,0
833050,0
833051,0
833052,0
833053,0
833054,0
833055,0
833056,0
833057,0
833058,0
833059,7
833060,0
833061,27
833062,0
833063,0
833064,0
833065,0
833066,18
833067,0
833068,14
833069,25
833070,0
833071,0
833072,0
833073,14
833074,13
833075,0
833076,27
833077,0
833078,0
833079,0
833080,0
833081,19
833082,23
833083,20
833084,0
833085,11
833086,27
833087,10
833088,0
833089,0
833090,0
833091,0
833092,28
833093,0
833094,0
833095,0
833096,9
833097,0
833098,0
833099,26
833100,0
833101,0
833102,0
833103,20
833104,22
833105,0
833106,0
833107,0
833108,0
833109,30
833110,0
833111,0
833112,0
833113,0
833114,0
833115,0
833116,19
833117,0
833118,0
833119,0
833120,0
833121,0
833122,0
833123,0
833124,0
833125,12
833126,0
833127,21
833128,19
833129,0
833130,0
833131,6
833132,10
833133,0
833134,0
833135,0
833136,0
833137,16
833138,0
833139,0
833140,0
833141,0
833142,4
833143,12
833144,0
833145,22
833146,0
833147,0
833148,0
833149,22
833150,0
833151,0
833152,0
833153,0
833154,0
833155,12
833156,0
833157,0
833158,14
833159,0
833160,0
833161,0
833162,0
833163,0
833164,0
833165,0
833166,0
833167,0
833168,0
833169,0
833170,0
833171,0
833172,0
833173,0
833174,11
833175,0
833176,14
833177,0
833178,24
833179,10
833180,0
833181,0
833182,0
833183,0
833184,0
833185,9
833186,0
833187,0
833188,36
833189,0
833190,0
833191,20
833192,16
833193,0
833194,18
833195,0
833196,0
833197,0
833198,0
833199,0
833200,0
833201,0
833202,0
833203,0
833204,0
833205,0
833206,12
833207,0
833208,0
833209,0
833210,0
833211,0
833212,0
833213,0
833214,0
833215,0
833216,10
833217,0
833218,0
833219,10
833220,0
833221,0
833222,10
833223,11
833224,0
833225,0
833226,0
833227,0
833228,0
833229,0
833230,0
833231,0
833232,23
833233,0
833234,20
833235,8
833236,15
833237,0
833238,19
833239,20
833240,25
833241,0
833242,0
833243,11
833244,9
833245,0
833246,0
833247,14
833248,16
833249,22
833250,0
833251,0
833252,0
833253,0
833254,10
833255,0
833256,0
833257,39
833258,0
833259,0
833260,0
833261,0
833262,0
833263,37
833264,0
833265,17
833266,0
833267,23
833268,0
833269,0
833270,46
833271,0
833272,0
833273,0
833274,0
833275,0
833276,0
833277,0
833278,0
833279,0
833280,0
833281,0
833282,0
833283,0
833284,0
833285,0
833286,0
833287,0
833288,0
833289,0
833290,0
833291,0
833292,0
833293,0
833294,0
833295,0
833296,0
833297,0
833298,0
833299,0
833300,0
833301,0
833302,0
833303,0
833304,0
833305,0
833306,0
833307,0
833308,0
833309,0
833310,34
833311,0
833312,0
833313,0
833314,0
833315,0
833316,0
833317,45
833318,0
833319,0
833320,0
833321,0
833322,0
833323,0
833324,0
833325,0
833326,0
833327,0
833328,0
833329,0
833330,0
833331,0
833332,0
833333,0
833334,0
833335,35
833336,0
833337,0
833338,0
833339,0
833340,0
833341,0
833342,0
833343,0
833344,0
833345,0
833346,0
833347,0
833348,0
833349,0
833350,0
833351,0
833352,0
833353,0
833354,0
833355,0
833356,0
833357,0
833358,0
833359,0
833360,0
833361,0
833362,0
833363,0
833364,0
833365,0
833366,0
833367,40
833368,0
833369,0
833370,0
833371,0
833372,37
833373,0
833374,0
833375,0
833376,0
833377,0
833378,0
833379,0
833380,19
833381,0
833382,0
833383,0
833384,0
833385,0
833386,0
833387,0
833388,0
833389,0
833390,0
833391,0
833392,0
833393,0
833394,0
833395,0
833396,0
833397,29
833398,0
833399,0
833400,0
833401,0
833402,0
833403,0
833404,0
833405,0
833406,0
833407,0
833408,0
833409,0
833410,0
833411,35
833412,45
833413,0
833414,0
833415,0
833416,0
833417,42
833418,0
833419,0
833420,0
833421,46
833422,0
833423,0
833424,0
833425,0
833426,0
833427,0
833428,46
833429,33
833430,0
833431,0
833432,0
833433,0
833434,0
833435,0
833436,0
833437,0
833438,0
833439,0
833440,0
833441,0
833442,29
833443,36
833444,0
833445,0
833446,0
833447,0
833448,0
833449,0
833450,0
833451,0
833452,0
833453,0
833454,53
833455,0
833456,0
833457,0
833458,0
833459,36
833460,0
833461,0
833462,0
833463,0
833464,0
833465,0
833466,0
833467,0
833468,0
833469,0
833470,0
833471,0
833472,0
833473,0
833474,0
833475,0
833476,0
833477,0
833478,0
833479,44
833480,0
833481,0
833482,0
833483,0
833484,0
833485,0
833486,0
833487,0
833488,0
833489,0
833490,0
833491,0
833492,0
833493,0
833494,0
833495,21
833496,33
833497,0
833498,0
833499,0
833500,31
833501,0
833502,0
833503,0
833504,0
833505,0
833506,24
833507,0
833508,0
833509,0
833510,31
833511,0
833512,0
833513,0
833514,0
833515,0
833516,0
833517,0
833518,0
833519,0
833520,0
833521,31
833522,0
833523,0
833524,0
833525,0
833526,0
833527,0
833528,0
833529,27
833530,0
833531,0
833532,0
833533,0
833534,0
833535,40
833536,0
833537,0
833538,0
833539,0
833540,0
833541,29
833542,0
833543,0
833544,0
833545,0
833546,25
833547,0
833548,0
833549,0
833550,0
833551,0
833552,0
833553,0
833554,29
833555,0
833556,25
833557,0
833558,0
833559,0
833560,0
833561,0
833562,0
833563,0
833564,0
833565,0
833566,0
833567,0
833568,0
833569,0
833570,0
833571,0
833572,0
833573,0
833574,0
833575,0
833576,0
833577,0
833578,0
833579,0
833580,0
833581,31
833582,0
833583,0
833584,0
833585,0
833586,0
833587,0
833588,0
833589,0
833590,0
833591,0
833592,0
833593,0
833594,0
833595,0
833596,30
833597,0
833598,0
833599,0
833600,31
833601,0
833602,0
833603,0
833604,0
833605,0
833606,0
833607,0
833608,0
833609,0
833610,0
833611,0
833612,0
833613,0
833614,0
833615,0
833616,0
833617,0
833618,0
833619,0
833620,0
833621,0
833622,0
833623,0
833624,0
833625,0
833626,0
833627,0
833628,0
833629,0
833630,0
833631,0
833632,0
833633,0
833634,0
833635,0
833636,0
833637,0
833638,0
833639,0
833640,0
833641,48
833642,0
833643,0
833644,0
833645,0
833646,0
833647,0
833648,0
833649,0
833650,0
833651,0
833652,0
833653,39
833654,0
833655,0
833656,0
833657,0
833658,0
833659,0
833660,0
833661,0
833662,0
833663,0
833664,0
833665,44
833666,0
833667,0
833668,0
833669,0
833670,0
833671,0
833672,0
833673,0
833674,0
833675,0
833676,0
833677,0
833678,0
833679,0
833680,0
833681,34
833682,30
833683,0
833684,0
833685,0
833686,0
833687,0
833688,0
833689,0
833690,0
833691,0
833692,0
833693,0
833694,0
833695,0
833696,32
833697,24
833698,0
833699,31
833700,0
833701,0
833702,0
833703,0
833704,0
833705,0
833706,43
833707,0
833708,0
833709,0
833710,0
833711,0
833712,0
833713,0
833714,0
833715,0
833716,0
833717,0
833718,0
833719,0
833720,0
833721,0
833722,0
833723,0
833724,38
833725,0
833726,0
833727,0
833728,0
833729,0
833730,0
833731,0
833732,0
833733,0
833734,18
833735,0
833736,0
833737,0
833738,42
833739,0
833740,0
833741,0
833742,0
833743,0
833744,0
833745,0
833746,0
833747,0
833748,0
833749,0
833750,0
833751,0
833752,0
833753,0
833754,0
833755,0
833756,0
833757,0
833758,0
833759,0
833760,31
833761,0
833762,0
833763,0
833764,0
833765,0
833766,0
833767,0
833768,0
833769,0
833770,21
833771,0
833772,0
833773,0
833774,30
833775,37
833776,0
833777,0
833778,40
833779,0
833780,0
833781,0
833782,0
833783,0
833784,0
833785,0
833786,27
833787,0
833788,0
833789,0
833790,0
833791,0
833792,0
833793,0
833794,38
833795,36
833796,0
833797,0
833798,0
833799,0
833800,0
833801,0
833802,0
833803,0
833804,0
833805,0
833806,0
833807,0
833808,0
833809,47
833810,0
833811,0
833812,0
833813,0
833814,0
833815,0
833816,0
833817,0
833818,0
833819,0
833820,0
833821,40
833822,0
833823,0
833824,0
833825,0
833826,0
833827,0
833828,43
833829,31
833830,0
833831,0
833832,0
833833,0
833834,0
833835,0
833836,0
833837,0
833838,0
833839,0
833840,0
833841,0
833842,30
833843,0
833844,0
833845,0
833846,0
833847,0
833848,0
833849,0
833850,0
833851,0
833852,0
833853,0
833854,0
833855,0
833856,0
833857,0
833858,0
833859,0
833860,0
833861,0
833862,59
833863,0
833864,0
833865,0
833866,0
833867,0
833868,0
833869,0
833870,0
833871,0
833872,0
833873,0
833874,0
833875,0
833876,0
833877,0
833878,0
833879,0
833880,0
833881,0
833882,0
833883,0
833884,0
833885,0
833886,19
833887,0
833888,22
833889,19
833890,0
833891,0
833892,13
833893,22
833894,34
833895,0
833896,0
833897,0
833898,0
833899,0
833900,0
833901,0
833902,0
833903,0
833904,13
833905,0
833906,0
833907,29
833908,0
833909,0
833910,17
833911,0
833912,0
833913,0
833914,0
833915,0
833916,0
833917,0
833918,0
833919,0
833920,0
833921,0
833922,0
833923,0
833924,0
833925,15
833926,0
833927,22
833928,0
833929,0
833930,0
833931,0
833932,0
833933,0
833934,0
833935,0
833936,16
833937,0
833938,0
833939,11
833940,0
833941,15
833942,21
833943,0
833944,0
833945,27
833946,13
833947,0
833948,0
833949,14
833950,0
833951,0
833952,0
833953,0
833954,0
833955,0
833956,0
833957,0
833958,15
833959,20
833960,0
833961,0
833962,0
833963,16
833964,23
833965,0
833966,0
833967,0
833968,0
833969,0
833970,0
833971,0
833972,0
833973,0
833974,0
833975,0
833976,0
833977,0
833978,0
833979,17
833980,15
833981,0
833982,0
833983,0
833984,0
833985,23
833986,0
833987,0
833988,0
833989,0
833990,0
833991,0
833992,22
833993,0
833994,0
833995,0
833996,20
833997,0
833998,0
833999,0
834000,0
834001,0
834002,0
834003,0
834004,0
834005,0
834006,0
834007,19
834008,0
834009,0
834010,0
834011,19
834012,37
834013,0
834014,25
834015,0
834016,0
834017,0
834018,0
834019,0
834020,0
834021,16
834022,0
834023,0
834024,27
834025,21
834026,0
834027,16
834028,0
834029,17
834030,25
834031,0
834032,0
834033,0
834034,0
834035,0
834036,0
834037,0
834038,28
834039,0
834040,0
834041,0
834042,0
834043,0
834044,0
834045,27
834046,0
834047,16
834048,0
834049,0
834050,0
834051,0
834052,0
834053,21
834054,0
834055,0
834056,0
834057,0
834058,0
834059,24
834060,0
834061,14
834062,0
834063,0
834064,0
834065,0
834066,0
834067,0
834068,0
834069,19
834070,18
834071,18
834072,27
834073,0
834074,0
834075,0
834076,0
834077,0
834078,0
834079,18
834080,0
834081,0
834082,0
834083,0
834084,0
834085,0
834086,11
834087,17
834088,0
834089,29
834090,0
834091,0
834092,32
834093,0
834094,0
834095,20
834096,0
834097,0
834098,0
834099,0
834100,0
834101,0
834102,0
834103,0
834104,0
834105,0
834106,0
834107,0
834108,0
834109,0
834110,16
834111,0
834112,0
834113,0
834114,0
834115,0
834116,0
834117,0
834118,0
834119,0
834120,0
834121,0
834122,0
834123,16
834124,22
834125,0
834126,0
834127,0
834128,0
834129,0
834130,0
834131,0
834132,18
834133,27
834134,0
834135,0
834136,0
834137,15
834138,0
834139,0
834140,0
834141,30
834142,0
834143,0
834144,15
834145,0
834146,17
834147,0
834148,0
834149,17
834150,0
834151,0
834152,0
834153,0
834154,19
834155,16
834156,0
834157,0
834158,0
834159,0
834160,0
834161,14
834162,0
834163,0
834164,0
834165,0
834166,0
834167,0
834168,0
834169,11
834170,0
834171,0
834172,0
834173,16
834174,0
834175,0
834176,26
834177,0
834178,0
834179,15
834180,0
834181,0
834182,0
834183,0
834184,0
834185,8
834186,20
834187,0
834188,0
834189,11
834190,13
834191,13
834192,0
834193,0
834194,0
834195,0
834196,0
834197,0
834198,0
834199,18
834200,0
834201,0
834202,0
834203,0
834204,0
834205,0
834206,0
834207,0
834208,0
834209,0
834210,0
834211,0
834212,0
834213,0
834214,0
834215,14
834216,0
834217,0
834218,0
834219,0
834220,0
834221,26
834222,12
834223,0
834224,0
834225,0
834226,0
834227,18
834228,13
834229,0
834230,31
834231,0
834232,16
834233,0
834234,0
834235,0
834236,0
834237,0
834238,0
834239,0
834240,20
834241,0
834242,0
834243,0
834244,0
834245,0
834246,0
834247,0
834248,0
834249,0
834250,27
834251,29
834252,10
834253,21
834254,0
834255,0
834256,0
834257,0
834258,0
834259,13
834260,0
834261,15
834262,26
834263,0
834264,0
834265,0
834266,0
834267,25
834268,0
834269,0
834270,23
834271,0
834272,0
834273,0
834274,0
834275,0
834276,0
834277,34
834278,0
834279,0
834280,26
834281,0
834282,0
834283,25
834284,0
834285,0
834286,0
834287,35
834288,0
834289,0
834290,0
834291,0
834292,0
834293,0
834294,0
834295,0
834296,0
834297,0
834298,16
834299,0
834300,0
834301,0
834302,28
834303,0
834304,0
834305,0
834306,0
834307,0
834308,0
834309,0
834310,0
834311,0
834312,24
834313,0
834314,0
834315,0
834316,0
834317,0
834318,0
834319,0
834320,0
834321,19
834322,0
834323,39
834324,23
834325,0
834326,0
834327,25
834328,0
834329,0
834330,0
834331,0
834332,0
834333,0
834334,0
834335,0
834336,0
834337,0
834338,24
834339,0
834340,0
834341,0
834342,0
834343,0
834344,0
834345,0
834346,0
834347,0
834348,0
834349,37
834350,32
834351,0
834352,0
834353,0
834354,0
834355,0
834356,21
834357,0
834358,0
834359,18
834360,34
834361,27
834362,0
834363,0
834364,0
834365,33
834366,0
834367,0
834368,0
834369,0
834370,0
834371,0
834372,0
834373,0
834374,27
834375,0
834376,0
834377,0
834378,0
834379,0
834380,52
834381,23
834382,0
834383,0
834384,0
834385,0
834386,21
834387,0
834388,14
834389,0
834390,0
834391,0
834392,0
834393,0
834394,28
834395,0
834396,0
834397,0
834398,32
834399,0
834400,0
834401,30
834402,26
834403,0
834404,20
834405,27
834406,0
834407,41
834408,34
834409,0
834410,0
834411,0
834412,0
834413,0
834414,0
834415,0
834416,38
834417,0
834418,0
834419,0
834420,0
834421,0
834422,20
834423,28
834424,36
834425,0
834426,0
834427,0
834428,0
834429,22
834430,20
834431,0
834432,0
834433,0
834434,0
834435,0
834436,0
834437,0
834438,0
834439,21
834440,0
834441,0
834442,0
834443,0
834444,30
834445,25
834446,28
834447,0
834448,0
834449,32
834450,0
834451,0
834452,0
834453,0
834454,27
834455,0
834456,0
834457,0
834458,0
834459,0
834460,0
834461,0
834462,0
834463,0
834464,23
834465,35
834466,0
834467,0
834468,0
834469,41
834470,0
834471,28
834472,0
834473,0
834474,31
834475,0
834476,0
834477,0
834478,0
834479,0
834480,0
834481,0
834482,0
834483,29
834484,0
834485,0
834486,0
834487,0
834488,0
834489,0
834490,0
834491,0
834492,0
834493,0
834494,0
834495,0
834496,0
834497,33
834498,0
834499,21
834500,33
834501,31
834502,37
834503,0
834504,29
834505,0
834506,43
834507,0
834508,0
834509,29
834510,0
834511,0
834512,0
834513,0
834514,0
834515,21
834516,0
834517,0
834518,0
834519,0
834520,0
834521,0
834522,0
834523,27
834524,0
834525,0
834526,0
834527,0
834528,0
834529,0
834530,0
834531,0
834532,0
834533,0
834534,36
834535,37
834536,0
834537,33
834538,0
834539,18
834540,20
834541,0
834542,0
834543,0
834544,0
834545,0
834546,23
834547,0
834548,0
834549,28
834550,22
834551,0
834552,0
834553,19
834554,0
834555,0
834556,0
834557,0
834558,0
834559,0
834560,0
834561,0
834562,0
834563,0
834564,21
834565,25
834566,0
834567,0
834568,20
834569,0
834570,0
834571,0
834572,29
834573,0
834574,0
834575,28
834576,0
834577,9
834578,30
834579,0
834580,0
834581,0
834582,15
834583,0
834584,0
834585,26
834586,0
834587,0
834588,0
834589,0
834590,0
834591,0
834592,0
834593,0
834594,0
834595,0
834596,0
834597,0
834598,0
834599,0
834600,0
834601,0
834602,0
834603,0
834604,0
834605,33
834606,0
834607,0
834608,27
834609,26
834610,0
834611,0
834612,0
834613,0
834614,0
834615,0
834616,25
834617,0
834618,19
834619,22
834620,32
834621,27
834622,0
834623,0
834624,0
834625,31
834626,0
834627,0
834628,0
834629,0
834630,0
834631,0
834632,0
834633,0
834634,27
834635,0
834636,0
834637,0
834638,0
834639,0
834640,0
834641,0
834642,0
834643,0
834644,22
834645,0
834646,0
834647,0
834648,0
834649,0
834650,25
834651,0
834652,0
834653,33
834654,28
834655,34
834656,0
834657,0
834658,0
834659,0
834660,0
834661,0
834662,0
834663,0
834664,0
834665,23
834666,0
834667,0
834668,0
834669,0
834670,0
834671,0
834672,39
834673,0
834674,21
834675,30
834676,0
834677,0
834678,29
834679,0
834680,0
834681,31
834682,45
834683,0
834684,0
834685,0
834686,0
834687,0
834688,28
834689,0
834690,0
834691,16
834692,19
834693,0
834694,24
834695,0
834696,45
834697,0
834698,0
834699,0
834700,0
834701,24
834702,0
834703,0
834704,0
834705,0
834706,26
834707,35
834708,0
834709,0
834710,10
834711,10
834712,0
834713,0
834714,0
834715,0
834716,0
834717,0
834718,0
834719,0
834720,22
834721,0
834722,0
834723,0
834724,43
834725,27
834726,0
834727,0
834728,0
834729,36
834730,0
834731,0
834732,0
834733,0
834734,0
834735,26
834736,0
834737,0
834738,0
834739,0
834740,16
834741,0
834742,0
834743,0
834744,0
834745,28
834746,0
834747,0
834748,31
834749,0
834750,0
834751,35
834752,27
834753,23
834754,34
834755,0
834756,0
834757,0
834758,0
834759,0
834760,0
834761,0
834762,27
834763,0
834764,25
834765,27
834766,0
834767,0
834768,0
834769,0
834770,25
834771,28
834772,0
834773,30
834774,0
834775,0
834776,0
834777,33
834778,0
834779,52
834780,0
834781,0
834782,23
834783,0
834784,30
834785,0
834786,0
834787,0
834788,0
834789,13
834790,0
834791,0
834792,0
834793,0
834794,0
834795,0
834796,0
834797,0
834798,0
834799,0
834800,0
834801,0
834802,43
834803,0
834804,0
834805,21
834806,0
834807,0
834808,0
834809,0
834810,0
834811,0
834812,0
834813,0
834814,38
834815,0
834816,24
834817,0
834818,0
834819,0
834820,0
834821,20
834822,0
834823,0
834824,0
834825,0
834826,0
834827,0
834828,31
834829,39
834830,0
834831,0
834832,0
834833,0
834834,40
834835,0
834836,0
834837,0
834838,28
834839,0
834840,0
834841,0
834842,35
834843,0
834844,0
834845,0
834846,0
834847,18
834848,26
834849,0
834850,0
834851,29
834852,0
834853,0
834854,0
834855,0
834856,0
834857,0
834858,0
834859,25
834860,0
834861,0
834862,14
834863,0
834864,31
834865,0
834866,0
834867,0
834868,0
834869,24
834870,42
834871,0
834872,24
834873,0
834874,0
834875,0
834876,0
834877,0
834878,0
834879,0
834880,24
834881,0
834882,0
834883,31
834884,0
834885,21
834886,0
834887,0
834888,0
834889,0
834890,0
834891,0
834892,0
834893,0
834894,0
834895,0
834896,0
834897,0
834898,16
834899,33
834900,15
834901,0
834902,0
834903,0
834904,0
834905,25
834906,23
834907,0
834908,0
834909,0
834910,0
834911,0
834912,0
834913,0
834914,0
834915,0
834916,0
834917,0
834918,0
834919,0
834920,0
834921,0
834922,0
834923,0
834924,0
834925,0
834926,23
834927,0
834928,0
834929,0
834930,0
834931,0
834932,26
834933,0
834934,0
834935,0
834936,0
834937,30
834938,23
834939,0
834940,0
834941,0
834942,0
834943,0
834944,0
834945,0
834946,0
834947,0
834948,0
834949,0
834950,0
834951,0
834952,22
834953,0
834954,0
834955,0
834956,0
834957,0
834958,0
834959,0
834960,0
834961,0
834962,0
834963,0
834964,0
834965,0
834966,0
834967,0
834968,1
834969,0
834970,0
834971,0
834972,0
834973,0
834974,0
834975,1
834976,1
834977,0
834978,0
834979,0
834980,0
834981,0
834982,0
834983,0
834984,0
834985,0
834986,0
834987,0
834988,0
834989,0
834990,0
834991,4
834992,0
834993,0
834994,0
834995,0
834996,0
834997,0
834998,0
834999,0
835000,0
835001,0
835002,0
835003,3
835004,0
835005,0
835006,0
835007,0
835008,0
835009,0
835010,0
835011,0
835012,0
835013,2
835014,0
835015,0
835016,0
835017,0
835018,0
835019,0
835020,0
835021,0
835022,2
835023,0
835024,0
835025,0
835026,0
835027,0
835028,0
835029,0
835030,2
835031,0
835032,0
835033,0
835034,0
835035,3
835036,0
835037,0
835038,0
835039,0
835040,0
835041,0
835042,0
835043,0
835044,0
835045,0
835046,0
835047,0
835048,0
835049,0
835050,0
835051,0
835052,0
835053,0
835054,0
835055,0
835056,0
835057,0
835058,0
835059,0
835060,0
835061,0
835062,0
835063,0
835064,0
835065,0
835066,2
835067,0
835068,0
835069,0
835070,0
835071,0
835072,0
835073,0
835074,0
835075,0
835076,0
835077,0
835078,0
835079,0
835080,0
835081,1
835082,0
835083,0
835084,0
835085,0
835086,0
835087,0
835088,0
835089,0
835090,0
835091,0
835092,0
835093,1
835094,0
835095,0
835096,0
835097,0
835098,31
835099,0
835100,0
835101,28
835102,0
835103,0
835104,0
835105,22
835106,0
835107,0
835108,0
835109,0
835110,36
835111,0
835112,0
835113,56
835114,0
835115,0
835116,40
835117,30
835118,0
835119,0
835120,0
835121,0
835122,0
835123,0
835124,0
835125,0
835126,0
835127,0
835128,0
835129,0
835130,0
835131,0
835132,0
835133,0
835134,0
835135,0
835136,0
835137,0
835138,0
835139,37
835140,0
835141,35
835142,0
835143,0
835144,0
835145,0
835146,0
835147,0
835148,19
835149,0
835150,0
835151,0
835152,0
835153,0
835154,0
835155,0
835156,0
835157,0
835158,0
835159,0
835160,0
835161,0
835162,25
835163,0
835164,49
835165,0
835166,0
835167,0
835168,0
835169,0
835170,38
835171,0
835172,42
835173,0
835174,0
835175,0
835176,0
835177,0
835178,0
835179,0
835180,0
835181,0
835182,0
835183,0
835184,0
835185,0
835186,0
835187,0
835188,0
835189,0
835190,44
835191,0
835192,0
835193,0
835194,0
835195,38
835196,0
835197,0
835198,0
835199,0
835200,28
835201,0
835202,0
835203,0
835204,0
835205,0
835206,0
835207,0
835208,28
835209,38
835210,0
835211,0
835212,0
835213,0
835214,0
835215,41
835216,41
835217,0
835218,49
835219,0
835220,0
835221,30
835222,0
835223,50
835224,0
835225,0
835226,0
835227,0
835228,0
835229,0
835230,0
835231,0
835232,0
835233,0
835234,0
835235,0
835236,0
835237,0
835238,0
835239,0
835240,0
835241,0
835242,0
835243,0
835244,46
835245,0
835246,0
835247,0
835248,0
835249,0
835250,37
835251,0
835252,0
835253,34
835254,0
835255,0
835256,0
835257,0
835258,0
835259,0
835260,0
835261,33
835262,0
835263,0
835264,0
835265,0
835266,0
835267,0
835268,26
835269,0
835270,0
835271,0
835272,0
835273,0
835274,0
835275,0
835276,0
835277,0
835278,0
835279,0
835280,0
835281,0
835282,0
835283,0
835284,0
835285,0
835286,0
835287,0
835288,0
835289,24
835290,0
835291,0
835292,0
835293,0
835294,0
835295,0
835296,0
835297,36
835298,0
835299,0
835300,0
835301,0
835302,0
835303,0
835304,0
835305,0
835306,0
835307,0
835308,0
835309,0
835310,42
835311,0
835312,0
835313,27
835314,0
835315,0
835316,37
835317,0
835318,0
835319,0
835320,0
835321,0
835322,0
835323,0
835324,0
835325,0
835326,0
835327,0
835328,0
835329,0
835330,0
835331,65
835332,0
835333,0
835334,0
835335,0
835336,0
835337,0
835338,0
835339,39
835340,34
835341,0
835342,0
835343,0
835344,0
835345,0
835346,0
835347,0
835348,0
835349,0
835350,0
835351,0
835352,0
835353,0
835354,0
835355,0
835356,0
835357,0
835358,0
835359,0
835360,0
835361,0
835362,0
835363,0
835364,31
835365,0
835366,0
835367,0
835368,0
835369,0
835370,30
835371,0
835372,0
835373,0
835374,0
835375,0
835376,0
835377,0
835378,0
835379,25
835380,42
835381,36
835382,0
835383,0
835384,0
835385,0
835386,34
835387,0
835388,0
835389,0
835390,0
835391,0
835392,0
835393,0
835394,0
835395,0
835396,0
835397,30
835398,0
835399,0
835400,0
835401,33
835402,26
835403,0
835404,0
835405,0
835406,0
835407,0
835408,0
835409,0
835410,0
835411,0
835412,0
835413,30
835414,0
835415,48
835416,0
835417,20
835418,0
835419,0
835420,0
835421,0
835422,35
835423,36
835424,0
835425,28
835426,0
835427,0
835428,0
835429,0
835430,0
835431,0
835432,0
835433,0
835434,0
835435,0
835436,38
835437,0
835438,0
835439,0
835440,0
835441,0
835442,0
835443,0
835444,0
835445,0
835446,0
835447,0
835448,0
835449,0
835450,0
835451,0
835452,0
835453,0
835454,0
835455,42
835456,0
835457,0
835458,0
835459,0
835460,0
835461,62
835462,0
835463,0
835464,0
835465,0
835466,0
835467,0
835468,0
835469,0
835470,0
835471,36
835472,0
835473,0
835474,31
835475,0
835476,0
835477,0
835478,0
835479,0
835480,0
835481,0
835482,0
835483,0
835484,0
835485,0
835486,0
835487,0
835488,0
835489,0
835490,0
835491,0
835492,0
835493,0
835494,0
835495,0
835496,0
835497,0
835498,0
835499,0
835500,0
835501,0
835502,0
835503,0
835504,0
835505,0
835506,0
835507,0
835508,0
835509,0
835510,0
835511,0
835512,0
835513,39
835514,26
835515,44
835516,27
835517,0
835518,0
835519,0
835520,0
835521,0
835522,0
835523,37
835524,0
835525,0
835526,0
835527,0
835528,0
835529,43
835530,0
835531,30
835532,22
835533,0
835534,53
835535,0
835536,0
835537,0
835538,0
835539,0
835540,0
835541,0
835542,26
835543,0
835544,0
835545,0
835546,0
835547,0
835548,0
835549,0
835550,0
835551,0
835552,0
835553,0
835554,0
835555,0
835556,0
835557,0
835558,0
835559,0
835560,0
835561,0
835562,0
835563,0
835564,0
835565,0
835566,53
835567,0
835568,0
835569,0
835570,0
835571,0
835572,0
835573,26
835574,0
835575,0
835576,0
835577,0
835578,34
835579,0
835580,0
835581,0
835582,0
835583,0
835584,0
835585,0
835586,21
835587,0
835588,0
835589,0
835590,0
835591,0
835592,0
835593,0
835594,0
835595,0
835596,0
835597,29
835598,0
835599,0
835600,0
835601,0
835602,0
835603,0
835604,0
835605,0
835606,44
835607,0
835608,0
835609,0
835610,0
835611,0
835612,0
835613,0
835614,0
835615,0
835616,0
835617,0
835618,0
835619,0
835620,0
835621,31
835622,0
835623,0
835624,0
835625,0
835626,0
835627,0
835628,0
835629,0
835630,0
835631,0
835632,0
835633,0
835634,0
835635,0
835636,0
835637,0
835638,0
835639,0
835640,0
835641,21
835642,0
835643,0
835644,0
835645,0
835646,0
835647,0
835648,0
835649,0
835650,0
835651,0
835652,32
835653,0
835654,0
835655,29
835656,0
835657,0
835658,0
835659,0
835660,0
835661,0
835662,0
835663,0
835664,0
835665,0
835666,0
835667,0
835668,37
835669,0
835670,0
835671,0
835672,0
835673,0
835674,0
835675,0
835676,35
835677,0
835678,0
835679,0
835680,0
835681,0
835682,0
835683,0
835684,21
835685,0
835686,0
835687,0
835688,0
835689,0
835690,0
835691,0
835692,0
835693,0
835694,0
835695,0
835696,0
835697,0
835698,0
835699,0
835700,0
835701,0
835702,0
835703,0
835704,0
835705,34
835706,0
835707,0
835708,0
835709,18
835710,36
835711,0
835712,0
835713,0
835714,39
835715,26
835716,0
835717,0
835718,36
835719,32
835720,0
835721,0
835722,39
835723,0
835724,0
835725,0
835726,0
835727,0
835728,0
835729,0
835730,0
835731,0
835732,0
835733,0
835734,0
835735,0
835736,0
835737,0
835738,0
835739,0
835740,0
835741,0
835742,0
835743,0
835744,0
835745,0
835746,0
835747,0
835748,28
835749,0
835750,0
835751,0
835752,0
835753,0
835754,0
835755,0
835756,0
835757,0
835758,0
835759,0
835760,61
835761,0
835762,43
835763,36
835764,0
835765,35
835766,0
835767,0
835768,0
835769,0
835770,0
835771,40
835772,0
835773,0
835774,0
835775,0
835776,0
835777,23
835778,0
835779,0
835780,0
835781,0
835782,26
835783,0
835784,0
835785,0
835786,0
835787,0
835788,0
835789,0
835790,0
835791,0
835792,0
835793,0
835794,0
835795,0
835796,0
835797,0
835798,0
835799,0
835800,22
835801,0
835802,0
835803,0
835804,0
835805,44
835806,29
835807,39
835808,0
835809,22
835810,0
835811,0
835812,24
835813,0
835814,0
835815,31
835816,0
835817,0
835818,45
835819,0
835820,0
835821,0
835822,0
835823,0
835824,0
835825,0
835826,0
835827,0
835828,0
835829,0
835830,0
835831,0
835832,0
835833,0
835834,0
835835,0
835836,0
835837,0
835838,28
835839,0
835840,0
835841,0
835842,32
835843,0
835844,0
835845,0
835846,0
835847,0
835848,0
835849,0
835850,0
835851,28
835852,0
835853,0
835854,0
835855,0
835856,0
835857,0
835858,0
835859,0
835860,0
835861,40
835862,0
835863,0
835864,38
835865,0
835866,0
835867,0
835868,0
835869,0
835870,0
835871,0
835872,0
835873,0
835874,0
835875,0
835876,0
835877,0
835878,0
835879,28
835880,0
835881,27
835882,0
835883,0
835884,0
835885,0
835886,0
835887,0
835888,0
835889,0
835890,0
835891,0
835892,22
835893,0
835894,0
835895,0
835896,0
835897,0
835898,0
835899,35
835900,0
835901,0
835902,0
835903,0
835904,46
835905,0
835906,0
835907,0
835908,0
835909,0
835910,26
835911,0
835912,0
835913,0
835914,0
835915,55
835916,0
835917,0
835918,0
835919,0
835920,0
835921,0
835922,0
835923,36
835924,0
835925,0
835926,0
835927,42
835928,0
835929,0
835930,0
835931,0
835932,0
835933,0
835934,0
835935,0
835936,0
835937,0
835938,0
835939,0
835940,0
835941,48
835942,0
835943,0
835944,0
835945,0
835946,48
835947,0
835948,0
835949,0
835950,0
835951,0
835952,0
835953,0
835954,0
835955,29
835956,0
835957,0
835958,0
835959,0
835960,0
835961,0
835962,0
835963,0
835964,0
835965,0
835966,0
835967,0
835968,0
835969,0
835970,0
835971,0
835972,0
835973,0
835974,0
835975,0
835976,0
835977,0
835978,0
835979,0
835980,0
835981,0
835982,16
835983,0
835984,0
835985,0
835986,0
835987,0
835988,0
835989,0
835990,19
835991,0
835992,26
835993,11
835994,0
835995,0
835996,0
835997,0
835998,20
835999,0
836000,0
836001,18
836002,0
836003,0
836004,0
836005,0
836006,0
836007,0
836008,28
836009,29
836010,0
836011,0
836012,0
836013,0
836014,0
836015,0
836016,15
836017,0
836018,0
836019,0
836020,16
836021,0
836022,0
836023,0
836024,16
836025,0
836026,0
836027,0
836028,0
836029,0
836030,0
836031,22
836032,0
836033,0
836034,0
836035,18
836036,0
836037,0
836038,0
836039,0
836040,0
836041,13
836042,29
836043,0
836044,0
836045,0
836046,18
836047,0
836048,0
836049,0
836050,0
836051,0
836052,0
836053,0
836054,0
836055,0
836056,0
836057,14
836058,0
836059,0
836060,0
836061,0
836062,0
836063,29
836064,0
836065,0
836066,0
836067,0
836068,0
836069,14
836070,0
836071,0
836072,6
836073,0
836074,0
836075,0
836076,0
836077,0
836078,0
836079,0
836080,0
836081,0
836082,0
836083,0
836084,0
836085,14
836086,20
836087,21
836088,0
836089,0
836090,0
836091,20
836092,0
836093,0
836094,0
836095,18
836096,0
836097,0
836098,0
836099,0
836100,17
836101,12
836102,19
836103,17
836104,0
836105,0
836106,0
836107,0
836108,0
836109,30
836110,22
836111,0
836112,0
836113,33
836114,12
836115,0
836116,0
836117,0
836118,0
836119,0
836120,23
836121,0
836122,0
836123,15
836124,0
836125,0
836126,0
836127,17
836128,0
836129,0
836130,0
836131,0
836132,0
836133,0
836134,0
836135,0
836136,0
836137,0
836138,0
836139,0
836140,19
836141,0
836142,0
836143,0
836144,0
836145,0
836146,15
836147,0
836148,0
836149,0
836150,0
836151,0
836152,0
836153,25
836154,16
836155,0
836156,0
836157,0
836158,0
836159,0
836160,18
836161,0
836162,0
836163,0
836164,0
836165,0
836166,23
836167,0
836168,27
836169,0
836170,21
836171,0
836172,0
836173,0
836174,0
836175,0
836176,0
836177,0
836178,0
836179,0
836180,23
836181,0
836182,0
836183,0
836184,0
836185,0
836186,0
836187,14
836188,0
836189,0
836190,0
836191,19
836192,0
836193,0
836194,0
836195,0
836196,0
836197,14
836198,0
836199,0
836200,14
836201,0
836202,0
836203,0
836204,0
836205,0
836206,23
836207,27
836208,0
836209,0
836210,0
836211,0
836212,0
836213,18
836214,0
836215,22
836216,0
836217,15
836218,0
836219,0
836220,19
836221,0
836222,21
836223,29
836224,19
836225,0
836226,28
836227,34
836228,0
836229,0
836230,17
836231,0
836232,0
836233,0
836234,0
836235,0
836236,0
836237,0
836238,0
836239,0
836240,0
836241,0
836242,0
836243,17
836244,0
836245,13
836246,0
836247,0
836248,18
836249,0
836250,0
836251,0
836252,0
836253,0
836254,0
836255,0
836256,0
836257,0
836258,0
836259,0
836260,0
836261,13
836262,0
836263,0
836264,21
836265,0
836266,0
836267,0
836268,0
836269,0
836270,14
836271,25
836272,0
836273,0
836274,0
836275,21
836276,0
836277,0
836278,0
836279,0
836280,0
836281,0
836282,0
836283,0
836284,0
836285,0
836286,0
836287,0
836288,0
836289,0
836290,0
836291,0
836292,22
836293,0
836294,0
836295,0
836296,16
836297,0
836298,0
836299,0
836300,0
836301,10
836302,0
836303,0
836304,0
836305,20
836306,0
836307,0
836308,0
836309,0
836310,0
836311,12
836312,0
836313,0
836314,0
836315,0
836316,14
836317,0
836318,0
836319,15
836320,0
836321,0
836322,0
836323,0
836324,0
836325,18
836326,0
836327,0
836328,0
836329,0
836330,0
836331,0
836332,0
836333,0
836334,0
836335,18
836336,0
836337,0
836338,0
836339,0
836340,0
836341,16
836342,0
836343,17
836344,0
836345,0
836346,0
836347,0
836348,0
836349,21
836350,0
836351,10
836352,0
836353,0
836354,38
836355,8
836356,0
836357,0
836358,14
836359,0
836360,0
836361,0
836362,6
836363,0
836364,0
836365,0
836366,20
836367,0
836368,18
836369,0
836370,0
836371,20
836372,0
836373,31
836374,23
836375,0
836376,0
836377,0
836378,0
836379,0
836380,0
836381,0
836382,0
836383,0
836384,0
836385,0
836386,0
836387,0
836388,12
836389,0
836390,0
836391,0
836392,0
836393,15
836394,23
836395,0
836396,27
836397,0
836398,0
836399,0
836400,0
836401,0
836402,14
836403,0
836404,0
836405,0
836406,0
836407,0
836408,0
836409,24
836410,0
836411,0
836412,0
836413,0
836414,0
836415,0
836416,0
836417,0
836418,0
836419,0
836420,0
836421,0
836422,0
836423,0
836424,0
836425,0
836426,0
836427,0
836428,0
836429,0
836430,0
836431,0
836432,15
836433,0
836434,0
836435,0
836436,0
836437,0
836438,0
836439,0
836440,0
836441,0
836442,0
836443,0
836444,0
836445,0
836446,0
836447,0
836448,0
836449,0
836450,0
836451,0
836452,0
836453,0
836454,0
836455,18
836456,0
836457,18
836458,0
836459,0
836460,17
836461,0
836462,15
836463,0
836464,21
836465,0
836466,0
836467,0
836468,0
836469,0
836470,0
836471,0
836472,0
836473,0
836474,0
836475,0
836476,0
836477,0
836478,0
836479,0
836480,27
836481,0
836482,18
836483,0
836484,0
836485,0
836486,25
836487,14
836488,0
836489,0
836490,0
836491,0
836492,0
836493,0
836494,20
836495,19
836496,13
836497,0
836498,0
836499,0
836500,0
836501,0
836502,0
836503,0
836504,0
836505,0
836506,0
836507,0
836508,0
836509,0
836510,0
836511,0
836512,0
836513,0
836514,0
836515,0
836516,0
836517,0
836518,0
836519,0
836520,21
836521,22
836522,22
836523,0
836524,0
836525,0
836526,0
836527,8
836528,0
836529,0
836530,0
836531,15
836532,0
836533,0
836534,0
836535,0
836536,0
836537,0
836538,0
836539,0
836540,0
836541,0
836542,0
836543,0
836544,0
836545,0
836546,0
836547,0
836548,0
836549,0
836550,0
836551,0
836552,0
836553,0
836554,34
836555,0
836556,16
836557,0
836558,0
836559,21
836560,19
836561,0
836562,0
836563,0
836564,0
836565,33
836566,0
836567,0
836568,0
836569,11
836570,34
836571,0
836572,0
836573,0
836574,0
836575,0
836576,0
836577,0
836578,0
836579,18
836580,12
836581,0
836582,23
836583,0
836584,0
836585,0
836586,23
836587,0
836588,0
836589,0
836590,0
836591,24
836592,0
836593,0
836594,0
836595,0
836596,0
836597,0
836598,0
836599,0
836600,0
836601,36
836602,0
836603,0
836604,0
836605,31
836606,0
836607,0
836608,0
836609,24
836610,0
836611,0
836612,0
836613,0
836614,0
836615,23
836616,0
836617,24
836618,0
836619,0
836620,15
836621,13
836622,0
836623,0
836624,0
836625,0
836626,0
836627,22
836628,0
836629,20
836630,0
836631,0
836632,0
836633,0
836634,0
836635,0
836636,18
836637,0
836638,9
836639,0
836640,0
836641,19
836642,0
836643,0
836644,0
836645,20
836646,0
836647,0
836648,0
836649,0
836650,0
836651,0
836652,0
836653,0
836654,16
836655,37
836656,0
836657,17
836658,0
836659,14
836660,0
836661,0
836662,0
836663,0
836664,0
836665,0
836666,0
836667,0
836668,0
836669,24
836670,0
836671,28
836672,0
836673,0
836674,0
836675,0
836676,22
836677,0
836678,0
836679,0
836680,0
836681,11
836682,0
836683,18
836684,0
836685,5
836686,0
836687,26
836688,0
836689,0
836690,0
836691,0
836692,0
836693,0
836694,17
836695,0
836696,13
836697,14
836698,0
836699,0
836700,0
836701,0
836702,0
836703,0
836704,0
836705,0
836706,0
836707,0
836708,0
836709,0
836710,22
836711,0
836712,0
836713,0
836714,0
836715,15
836716,0
836717,0
836718,15
836719,0
836720,0
836721,0
836722,29
836723,0
836724,0
836725,0
836726,0
836727,18
836728,8
836729,0
836730,0
836731,15
836732,0
836733,0
836734,0
836735,0
836736,0
836737,0
836738,0
836739,0
836740,0
836741,0
836742,24
836743,0
836744,0
836745,16
836746,0
836747,0
836748,0
836749,0
836750,0
836751,18
836752,0
836753,0
836754,0
836755,0
836756,29
836757,23
836758,0
836759,28
836760,0
836761,0
836762,0
836763,0
836764,0
836765,0
836766,12
836767,0
836768,0
836769,0
836770,0
836771,0
836772,0
836773,0
836774,0
836775,0
836776,0
836777,0
836778,0
836779,0
836780,0
836781,22
836782,0
836783,0
836784,0
836785,15
836786,0
836787,0
836788,0
836789,0
836790,23
836791,0
836792,0
836793,0
836794,0
836795,0
836796,0
836797,0
836798,0
836799,18
836800,0
836801,22
836802,0
836803,14
836804,0
836805,0
836806,0
836807,0
836808,0
836809,0
836810,0
836811,0
836812,0
836813,14
836814,10
836815,0
836816,0
836817,0
836818,25
836819,0
836820,0
836821,0
836822,0
836823,0
836824,0
836825,0
836826,20
836827,0
836828,0
836829,0
836830,0
836831,0
836832,20
836833,0
836834,0
836835,0
836836,0
836837,17
836838,0
836839,0
836840,19
836841,0
836842,18
836843,0
836844,0
836845,9
836846,0
836847,0
836848,0
836849,0
836850,0
836851,0
836852,0
836853,0
836854,0
836855,29
836856,35
836857,0
836858,0
836859,0
836860,0
836861,0
836862,11
836863,0
836864,0
836865,19
836866,0
836867,0
836868,0
836869,0
836870,0
836871,0
836872,0
836873,18
836874,0
836875,31
836876,0
836877,0
836878,0
836879,0
836880,30
836881,0
836882,12
836883,0
836884,21
836885,0
836886,26
836887,0
836888,0
836889,0
836890,0
836891,0
836892,0
836893,0
836894,0
836895,0
836896,0
836897,0
836898,0
836899,0
836900,0
836901,0
836902,0
836903,0
836904,21
836905,17
836906,0
836907,0
836908,19
836909,21
836910,0
836911,0
836912,26
836913,0
836914,0
836915,0
836916,13
836917,0
836918,0
836919,11
836920,13
836921,0
836922,0
836923,0
836924,0
836925,0
836926,23
836927,0
836928,17
836929,22
836930,0
836931,0
836932,0
836933,0
836934,0
836935,0
836936,0
836937,0
836938,0
836939,0
836940,0
836941,22
836942,0
836943,0
836944,0
836945,0
836946,25
836947,0
836948,0
836949,0
836950,0
836951,0
836952,0
836953,0
836954,0
836955,0
836956,0
836957,0
836958,42
836959,0
836960,0
836961,24
836962,0
836963,0
836964,0
836965,0
836966,0
836967,19
836968,0
836969,0
836970,0
836971,0
836972,0
836973,0
836974,0
836975,25
836976,0
836977,0
836978,23
836979,0
836980,0
836981,0
836982,0
836983,0
836984,0
836985,0
836986,0
836987,0
836988,25
836989,0
836990,0
836991,0
836992,19
836993,0
836994,0
836995,0
836996,0
836997,0
836998,32
836999,0
837000,21
837001,22
837002,0
837003,0
837004,0
837005,0
837006,0
837007,0
837008,0
837009,0
837010,0
837011,0
837012,31
837013,0
837014,18
837015,0
837016,0
837017,0
837018,0
837019,0
837020,17
837021,0
837022,0
837023,0
837024,17
837025,0
837026,8
837027,0
837028,19
837029,0
837030,0
837031,0
837032,26
837033,24
837034,0
837035,0
837036,0
837037,12
837038,0
837039,34
837040,0
837041,0
837042,0
837043,0
837044,0
837045,0
837046,0
837047,0
837048,0
837049,0
837050,0
837051,0
837052,0
837053,17
837054,0
837055,25
837056,21
837057,0
837058,0
837059,0
837060,0
837061,0
837062,0
837063,0
837064,0
837065,22
837066,0
837067,0
837068,0
837069,0
837070,0
837071,23
837072,0
837073,15
837074,0
837075,0
837076,1
837077,0
837078,0
837079,0
837080,0
837081,0
837082,0
837083,0
837084,0
837085,0
837086,0
837087,0
837088,5
837089,0
837090,0
837091,0
837092,2
837093,0
837094,1
837095,0
837096,0
837097,5
837098,4
837099,0
837100,0
837101,0
837102,0
837103,0
837104,0
837105,0
837106,0
837107,0
837108,0
837109,0
837110,0
837111,2
837112,0
837113,1
837114,0
837115,0
837116,0
837117,0
837118,0
837119,0
837120,0
837121,0
837122,0
837123,0
837124,0
837125,0
837126,0
837127,1
837128,2
837129,0
837130,0
837131,2
837132,3
837133,0
837134,2
837135,0
837136,0
837137,0
837138,2
837139,0
837140,0
837141,0
837142,0
837143,0
837144,1
837145,0
837146,0
837147,0
837148,0
837149,0
837150,3
837151,0
837152,0
837153,0
837154,0
837155,0
837156,0
837157,0
837158,0
837159,0
837160,0
837161,0
837162,3
837163,0
837164,0
837165,0
837166,0
837167,0
837168,0
837169,0
837170,0
837171,0
837172,4
837173,0
837174,1
837175,0
837176,0
837177,0
837178,0
837179,0
837180,0
837181,1
837182,0
837183,0
837184,0
837185,0
837186,0
837187,0
837188,0
837189,3
837190,0
837191,0
837192,1
837193,0
837194,2
837195,0
837196,2
837197,0
837198,0
837199,0
837200,0
837201,2
837202,0
837203,0
837204,0
837205,0
837206,0
837207,0
837208,0
837209,7
837210,0
837211,0
837212,0
837213,0
837214,0
837215,0
837216,0
837217,0
837218,0
837219,0
837220,0
837221,0
837222,0
837223,0
837224,0
837225,0
837226,0
837227,33
837228,0
837229,0
837230,41
837231,59
837232,0
837233,0
837234,0
837235,0
837236,0
837237,0
837238,0
837239,0
837240,0
837241,29
837242,0
837243,0
837244,0
837245,0
837246,0
837247,0
837248,0
837249,0
837250,0
837251,0
837252,30
837253,55
837254,0
837255,29
837256,0
837257,0
837258,0
837259,0
837260,34
837261,0
837262,0
837263,0
837264,0
837265,0
837266,43
837267,24
837268,0
837269,29
837270,0
837271,25
837272,59
837273,58
837274,0
837275,0
837276,0
837277,0
837278,0
837279,0
837280,0
837281,0
837282,0
837283,0
837284,28
837285,0
837286,0
837287,0
837288,0
837289,0
837290,0
837291,0
837292,35
837293,0
837294,0
837295,0
837296,39
837297,0
837298,0
837299,0
837300,45
837301,34
837302,0
837303,0
837304,0
837305,0
837306,14
837307,0
837308,28
837309,0
837310,0
837311,0
837312,0
837313,0
837314,0
837315,0
837316,0
837317,20
837318,0
837319,0
837320,0
837321,0
837322,0
837323,0
837324,0
837325,0
837326,0
837327,0
837328,0
837329,0
837330,0
837331,0
837332,0
837333,0
837334,0
837335,38
837336,37
837337,0
837338,0
837339,39
837340,17
837341,0
837342,0
837343,0
837344,0
837345,0
837346,16
837347,0
837348,29
837349,0
837350,23
837351,0
837352,0
837353,39
837354,36
837355,0
837356,0
837357,0
837358,0
837359,0
837360,0
837361,0
837362,0
837363,0
837364,0
837365,0
837366,0
837367,0
837368,41
837369,0
837370,0
837371,0
837372,0
837373,0
837374,0
837375,33
837376,27
837377,0
837378,0
837379,0
837380,0
837381,57
837382,0
837383,0
837384,0
837385,0
837386,0
837387,0
837388,0
837389,0
837390,34
837391,66
837392,0
837393,0
837394,0
837395,40
837396,0
837397,39
837398,35
837399,47
837400,0
837401,0
837402,44
837403,0
837404,0
837405,0
837406,0
837407,34
837408,38
837409,0
837410,0
837411,0
837412,0
837413,0
837414,0
837415,0
837416,0
837417,0
837418,0
837419,36
837420,0
837421,0
837422,0
837423,0
837424,0
837425,0
837426,0
837427,0
837428,0
837429,0
837430,0
837431,0
837432,0
837433,0
837434,0
837435,0
837436,0
837437,0
837438,0
837439,0
837440,0
837441,0
837442,0
837443,0
837444,38
837445,0
837446,0
837447,0
837448,54
837449,0
837450,39
837451,0
837452,0
837453,0
837454,71
837455,22
837456,0
837457,38
837458,21
837459,0
837460,0
837461,37
837462,26
837463,19
837464,0
837465,0
837466,0
837467,0
837468,54
837469,0
837470,0
837471,17
837472,0
837473,0
837474,0
837475,0
837476,0
837477,0
837478,0
837479,0
837480,0
837481,0
837482,0
837483,0
837484,0
837485,0
837486,0
837487,0
837488,0
837489,0
837490,31
837491,0
837492,0
837493,0
837494,65
837495,0
837496,0
837497,0
837498,0
837499,0
837500,0
837501,0
837502,37
837503,0
837504,0
837505,39
837506,0
837507,0
837508,0
837509,0
837510,0
837511,0
837512,0
837513,0
837514,0
837515,0
837516,0
837517,45
837518,0
837519,0
837520,0
837521,0
837522,49
837523,47
837524,0
837525,0
837526,0
837527,38
837528,45
837529,0
837530,0
837531,0
837532,0
837533,0
837534,38
837535,0
837536,0
837537,0
837538,48
837539,0
837540,41
837541,0
837542,0
837543,0
837544,22
837545,0
837546,0
837547,0
837548,0
837549,0
837550,0
837551,0
837552,0
837553,0
837554,0
837555,0
837556,0
837557,47
837558,31
837559,0
837560,0
837561,0
837562,38
837563,43
837564,0
837565,0
837566,0
837567,13
837568,61
837569,0
837570,0
837571,0
837572,0
837573,37
837574,42
837575,39
837576,0
837577,0
837578,0
837579,0
837580,0
837581,0
837582,0
837583,0
837584,0
837585,0
837586,0
837587,0
837588,0
837589,33
837590,0
837591,0
837592,0
837593,0
837594,0
837595,0
837596,29
837597,0
837598,0
837599,0
837600,0
837601,0
837602,45
837603,0
837604,0
837605,0
837606,0
837607,0
837608,0
837609,0
837610,0
837611,0
837612,46
837613,0
837614,0
837615,0
837616,33
837617,0
837618,0
837619,0
837620,0
837621,0
837622,0
837623,0
837624,0
837625,0
837626,0
837627,24
837628,14
837629,0
837630,0
837631,0
837632,0
837633,0
837634,33
837635,0
837636,0
837637,52
837638,0
837639,0
837640,0
837641,23
837642,0
837643,0
837644,0
837645,0
837646,0
837647,0
837648,0
837649,42
837650,0
837651,0
837652,0
837653,14
837654,0
837655,0
837656,0
837657,0
837658,0
837659,0
837660,0
837661,0
837662,0
837663,0
837664,63
837665,0
837666,0
837667,0
837668,0
837669,0
837670,0
837671,28
837672,0
837673,23
837674,0
837675,0
837676,0
837677,0
837678,0
837679,0
837680,38
837681,0
837682,63
837683,0
837684,0
837685,42
837686,0
837687,0
837688,0
837689,0
837690,0
837691,26
837692,0
837693,0
837694,0
837695,0
837696,27
837697,0
837698,38
837699,21
837700,42
837701,0
837702,0
837703,0
837704,0
837705,44
837706,0
837707,0
837708,0
837709,0
837710,0
837711,0
837712,24
837713,0
837714,0
837715,0
837716,35
837717,0
837718,0
837719,36
837720,0
837721,0
837722,0
837723,0
837724,0
837725,0
837726,0
837727,0
837728,0
837729,0
837730,0
837731,0
837732,0
837733,36
837734,0
837735,20
837736,0
837737,0
837738,0
837739,0
837740,0
837741,0
837742,44
837743,39
837744,0
837745,0
837746,0
837747,0
837748,51
837749,0
837750,0
837751,0
837752,0
837753,0
837754,0
837755,33
837756,0
837757,0
837758,0
837759,62
837760,48
837761,0
837762,0
837763,0
837764,0
837765,43
837766,30
837767,43
837768,0
837769,0
837770,0
837771,0
837772,0
837773,0
837774,0
837775,0
837776,0
837777,0
837778,0
837779,0
837780,50
837781,48
837782,0
837783,0
837784,42
837785,0
837786,27
837787,0
837788,0
837789,0
837790,0
837791,0
837792,18
837793,0
837794,0
837795,65
837796,0
837797,0
837798,0
837799,0
837800,0
837801,0
837802,0
837803,0
837804,0
837805,0
837806,0
837807,0
837808,0
837809,0
837810,0
837811,0
837812,0
837813,25
837814,0
837815,0
837816,0
837817,0
837818,52
837819,0
837820,0
837821,0
837822,0
837823,0
837824,0
837825,41
837826,0
837827,0
837828,0
837829,0
837830,0
837831,0
837832,0
837833,0
837834,0
837835,0
837836,0
837837,39
837838,0
837839,72
837840,0
837841,47
837842,52
837843,0
837844,0
837845,0
837846,0
837847,0
837848,29
837849,0
837850,80
837851,0
837852,60
837853,45
837854,0
837855,0
837856,0
837857,0
837858,0
837859,30
837860,0
837861,0
837862,0
837863,10
837864,51
837865,0
837866,58
837867,26
837868,0
837869,0
837870,0
837871,0
837872,0
837873,0
837874,0
837875,0
837876,0
837877,0
837878,0
837879,0
837880,0
837881,0
837882,0
837883,0
837884,0
837885,0
837886,37
837887,0
837888,0
837889,0
837890,0
837891,0
837892,0
837893,18
837894,0
837895,0
837896,0
837897,23
837898,0
837899,44
837900,0
837901,0
837902,0
837903,37
837904,0
837905,0
837906,0
837907,32
837908,43
837909,0
837910,0
837911,0
837912,0
837913,0
837914,45
837915,0
837916,0
837917,40
837918,0
837919,0
837920,0
837921,0
837922,40
837923,0
837924,0
837925,0
837926,54
837927,0
837928,0
837929,0
837930,0
837931,0
837932,0
837933,0
837934,0
837935,0
837936,6
837937,0
837938,0
837939,0
837940,0
837941,0
837942,0
837943,0
837944,0
837945,80
837946,0
837947,37
837948,0
837949,0
837950,0
837951,0
837952,0
837953,0
837954,0
837955,45
837956,45
837957,0
837958,0
837959,0
837960,37
837961,0
837962,54
837963,0
837964,47
837965,0
837966,0
837967,0
837968,0
837969,57
837970,0
837971,44
837972,0
837973,0
837974,0
837975,0
837976,37
837977,20
837978,43
837979,30
837980,15
837981,39
837982,0
837983,32
837984,0
837985,0
837986,0
837987,0
837988,0
837989,0
837990,0
837991,0
837992,0
837993,0
837994,0
837995,0
837996,12
837997,0
837998,40
837999,0
838000,32
838001,0
838002,0
838003,0
838004,0
838005,0
838006,0
838007,0
838008,0
838009,0
838010,0
838011,0
838012,0
838013,0
838014,0
838015,0
838016,0
838017,0
838018,0
838019,50
838020,0
838021,29
838022,0
838023,53
838024,0
838025,0
838026,0
838027,0
838028,0
838029,0
838030,0
838031,0
838032,0
838033,0
838034,0
838035,0
838036,25
838037,0
838038,0
838039,0
838040,0
838041,0
838042,26
838043,0
838044,0
838045,0
838046,0
838047,39
838048,0
838049,0
838050,0
838051,31
838052,0
838053,0
838054,0
838055,37
838056,0
838057,0
838058,0
838059,0
838060,0
838061,0
838062,55
838063,0
838064,0
838065,0
838066,0
838067,0
838068,0
838069,0
838070,41
838071,0
838072,0
838073,0
838074,0
838075,0
838076,0
838077,0
838078,0
838079,0
838080,0
838081,0
838082,0
838083,29
838084,0
838085,0
838086,0
838087,0
838088,0
838089,0
838090,0
838091,0
838092,0
838093,0
838094,0
838095,0
838096,0
838097,0
838098,0
838099,32
838100,38
838101,0
838102,20
838103,0
838104,0
838105,0
838106,0
838107,44
838108,0
838109,0
838110,18
838111,0
838112,0
838113,0
838114,0
838115,0
838116,29
838117,0
838118,0
838119,0
838120,0
838121,0
838122,37
838123,0
838124,55
838125,0
838126,0
838127,21
838128,0
838129,0
838130,33
838131,0
838132,0
838133,0
838134,0
838135,86
838136,0
838137,0
838138,0
838139,0
838140,0
838141,0
838142,39
838143,0
838144,0
838145,31
838146,0
838147,58
838148,0
838149,30
838150,0
838151,36
838152,0
838153,0
838154,48
838155,0
838156,0
838157,0
838158,0
838159,0
838160,0
838161,0
838162,0
838163,0
838164,0
838165,0
838166,0
838167,0
838168,12
838169,0
838170,0
838171,0
838172,0
838173,0
838174,32
838175,0
838176,0
838177,0
838178,0
838179,0
838180,0
838181,0
838182,18
838183,49
838184,0
838185,0
838186,44
838187,0
838188,0
838189,0
838190,0
838191,0
838192,0
838193,0
838194,0
838195,21
838196,0
838197,54
838198,0
838199,0
838200,24
838201,0
838202,0
838203,0
838204,0
838205,0
838206,0
838207,0
838208,0
838209,0
838210,0
838211,55
838212,34
838213,0
838214,0
838215,0
838216,0
838217,0
838218,59
838219,0
838220,0
838221,0
838222,0
838223,0
838224,0
838225,0
838226,0
838227,0
838228,0
838229,0
838230,18
838231,0
838232,0
838233,0
838234,0
838235,0
838236,0
838237,0
838238,0
838239,19
838240,0
838241,0
838242,0
838243,20
838244,0
838245,0
838246,0
838247,0
838248,0
838249,0
838250,0
838251,0
838252,0
838253,0
838254,41
838255,0
838256,0
838257,0
838258,0
838259,0
838260,0
838261,0
838262,0
838263,0
838264,38
838265,0
838266,0
838267,20
838268,0
838269,0
838270,0
838271,0
838272,0
838273,0
838274,0
838275,0
838276,0
838277,0
838278,0
838279,32
838280,0
838281,37
838282,0
838283,0
838284,0
838285,0
838286,0
838287,0
838288,0
838289,0
838290,0
838291,0
838292,0
838293,0
838294,0
838295,17
838296,0
838297,0
838298,0
838299,0
838300,0
838301,0
838302,26
838303,0
838304,0
838305,0
838306,0
838307,0
838308,0
838309,0
838310,0
838311,0
838312,0
838313,0
838314,22
838315,0
838316,0
838317,0
838318,0
838319,0
838320,0
838321,0
838322,0
838323,33
838324,0
838325,0
838326,0
838327,0
838328,24
838329,0
838330,41
838331,0
838332,0
838333,0
838334,0
838335,0
838336,0
838337,24
838338,0
838339,0
838340,0
838341,0
838342,43
838343,0
838344,34
838345,0
838346,0
838347,0
838348,0
838349,0
838350,0
838351,22
838352,0
838353,0
838354,0
838355,0
838356,0
838357,0
838358,0
838359,0
838360,0
838361,0
838362,0
838363,0
838364,0
838365,0
838366,0
838367,0
838368,0
838369,0
838370,0
838371,0
838372,0
838373,0
838374,0
838375,0
838376,0
838377,0
838378,0
838379,0
838380,0
838381,0
838382,0
838383,0
838384,0
838385,0
838386,0
838387,0
838388,0
838389,0
838390,0
838391,0
838392,0
838393,0
838394,0
838395,0
838396,0
838397,0
838398,19
838399,0
838400,0
838401,0
838402,0
838403,0
838404,0
838405,0
838406,0
838407,0
838408,0
838409,0
838410,0
838411,0
838412,38
838413,0
838414,0
838415,0
838416,0
838417,0
838418,0
838419,0
838420,0
838421,0
838422,0
838423,0
838424,0
838425,0
838426,0
838427,0
838428,0
838429,0
838430,0
838431,21
838432,0
838433,0
838434,0
838435,0
838436,0
838437,0
838438,0
838439,0
838440,0
838441,0
838442,0
838443,0
838444,0
838445,0
838446,0
838447,0
838448,25
838449,0
838450,0
838451,0
838452,0
838453,0
838454,0
838455,0
838456,0
838457,0
838458,0
838459,0
838460,0
838461,0
838462,0
838463,0
838464,0
838465,0
838466,0
838467,0
838468,0
838469,0
838470,0
838471,0
838472,0
838473,0
838474,0
838475,0
838476,0
838477,0
838478,0
838479,0
838480,0
838481,25
838482,23
838483,0
838484,0
838485,0
838486,0
838487,0
838488,0
838489,0
838490,0
838491,0
838492,32
838493,0
838494,0
838495,0
838496,0
838497,32
838498,0
838499,0
838500,0
838501,0
838502,26
838503,0
838504,0
838505,0
838506,0
838507,0
838508,0
838509,0
838510,0
838511,0
838512,0
838513,0
838514,0
838515,0
838516,0
838517,0
838518,0
838519,0
838520,0
838521,0
838522,0
838523,0
838524,0
838525,0
838526,0
838527,0
838528,0
838529,0
838530,0
838531,0
838532,0
838533,0
838534,0
838535,0
838536,0
838537,0
838538,30
838539,0
838540,0
838541,0
838542,0
838543,0
838544,0
838545,15
838546,0
838547,0
838548,0
838549,0
838550,0
838551,0
838552,0
838553,0
838554,0
838555,0
838556,0
838557,0
838558,0
838559,0
838560,0
838561,0
838562,0
838563,0
838564,0
838565,24
838566,0
838567,0
838568,0
838569,0
838570,0
838571,0
838572,0
838573,0
838574,0
838575,0
838576,0
838577,0
838578,0
838579,0
838580,0
838581,0
838582,0
838583,0
838584,0
838585,0
838586,0
838587,0
838588,0
838589,0
838590,0
838591,0
838592,0
838593,0
838594,0
838595,0
838596,0
838597,0
838598,0
838599,0
838600,0
838601,0
838602,0
838603,0
838604,0
838605,17
838606,0
838607,0
838608,0
838609,0
838610,0
838611,0
838612,0
838613,0
838614,0
838615,0
838616,0
838617,0
838618,0
838619,0
838620,0
838621,0
838622,0
838623,0
838624,0
838625,0
838626,0
838627,0
838628,0
838629,30
838630,0
838631,0
838632,0
838633,0
838634,0
838635,0
838636,0
838637,19
838638,0
838639,0
838640,0
838641,0
838642,0
838643,0
838644,0
838645,0
838646,0
838647,0
838648,0
838649,0
838650,0
838651,0
838652,0
838653,0
838654,0
838655,0
838656,22
838657,0
838658,0
838659,0
838660,0
838661,0
838662,0
838663,0
838664,0
838665,0
838666,0
838667,0
838668,0
838669,27
838670,0
838671,0
838672,0
838673,0
838674,0
838675,0
838676,0
838677,0
838678,0
838679,0
838680,0
838681,0
838682,0
838683,0
838684,0
838685,0
838686,0
838687,0
838688,0
838689,0
838690,0
838691,0
838692,0
838693,0
838694,0
838695,22
838696,0
838697,0
838698,0
838699,22
838700,0
838701,0
838702,0
838703,0
838704,0
838705,0
838706,0
838707,33
838708,0
838709,0
838710,0
838711,0
838712,0
838713,0
838714,0
838715,0
838716,0
838717,24
838718,0
838719,0
838720,18
838721,0
838722,0
838723,0
838724,0
838725,0
838726,0
838727,0
838728,0
838729,0
838730,0
838731,0
838732,0
838733,0
838734,0
838735,0
838736,0
838737,0
838738,0
838739,0
838740,0
838741,0
838742,0
838743,0
838744,0
838745,0
838746,0
838747,0
838748,0
838749,0
838750,0
838751,0
838752,0
838753,0
838754,23
838755,0
838756,0
838757,0
838758,0
838759,0
838760,0
838761,0
838762,0
838763,0
838764,25
838765,0
838766,0
838767,0
838768,0
838769,0
838770,0
838771,0
838772,0
838773,0
838774,0
838775,0
838776,0
838777,0
838778,0
838779,0
838780,0
838781,0
838782,0
838783,0
838784,0
838785,0
838786,0
838787,0
838788,0
838789,16
838790,0
838791,0
838792,0
838793,0
838794,0
838795,0
838796,0
838797,0
838798,0
838799,0
838800,0
838801,0
838802,37
838803,0
838804,0
838805,0
838806,0
838807,0
838808,0
838809,0
838810,0
838811,0
838812,0
838813,0
838814,32
838815,24
838816,0
838817,37
838818,0
838819,0
838820,0
838821,0
838822,0
838823,0
838824,0
838825,0
838826,19
838827,0
838828,0
838829,0
838830,0
838831,0
838832,0
838833,0
838834,20
838835,0
838836,0
838837,0
838838,0
838839,0
838840,0
838841,28
838842,0
838843,0
838844,0
838845,0
838846,0
838847,0
838848,0
838849,0
838850,19
838851,0
838852,0
838853,0
838854,24
838855,0
838856,0
838857,0
838858,0
838859,0
838860,0
838861,17
838862,0
838863,0
838864,0
838865,0
838866,0
838867,0
838868,0
838869,0
838870,0
838871,35
838872,0
838873,0
838874,0
838875,0
838876,0
838877,0
838878,0
838879,0
838880,0
838881,0
838882,0
838883,0
838884,0
838885,0
838886,0
838887,0
838888,0
838889,0
838890,0
838891,0
838892,0
838893,0
838894,0
838895,0
838896,0
838897,0
838898,0
838899,0
838900,0
838901,0
838902,0
838903,0
838904,0
838905,0
838906,0
838907,0
838908,0
838909,0
838910,0
838911,0
838912,0
838913,0
838914,0
838915,0
838916,0
838917,0
838918,0
838919,0
838920,0
838921,0
838922,0
838923,0
838924,0
838925,0
838926,0
838927,0
838928,0
838929,0
838930,0
838931,0
838932,0
838933,0
838934,0
838935,0
838936,0
838937,0
838938,0
838939,0
838940,0
838941,0
838942,38
838943,0
838944,0
838945,0
838946,0
838947,0
838948,0
838949,0
838950,0
838951,0
838952,0
838953,0
838954,0
838955,0
838956,0
838957,0
838958,0
838959,0
838960,0
838961,0
838962,0
838963,32
838964,0
838965,0
838966,0
838967,0
838968,0
838969,0
838970,0
838971,0
838972,0
838973,0
838974,0
838975,0
838976,22
838977,0
838978,0
838979,0
838980,0
838981,0
838982,0
838983,0
838984,0
838985,0
838986,0
838987,0
838988,0
838989,0
838990,0
838991,0
838992,0
838993,0
838994,0
838995,0
838996,0
838997,0
838998,0
838999,0
839000,0
839001,0
839002,0
839003,26
839004,0
839005,0
839006,0
839007,0
839008,0
839009,0
839010,0
839011,0
839012,0
839013,0
839014,0
839015,0
839016,0
839017,0
839018,0
839019,0
839020,31
839021,0
839022,0
839023,0
839024,0
839025,0
839026,19
839027,0
839028,0
839029,0
839030,0
839031,0
839032,0
839033,0
839034,0
839035,0
839036,0
839037,0
839038,0
839039,0
839040,0
839041,0
839042,0
839043,0
839044,0
839045,0
839046,0
839047,0
839048,0
839049,0
839050,0
839051,0
839052,0
839053,25
839054,0
839055,0
839056,0
839057,0
839058,0
839059,0
839060,25
839061,0
839062,0
839063,0
839064,0
839065,0
839066,0
839067,0
839068,0
839069,0
839070,0
839071,0
839072,0
839073,0
839074,0
839075,0
839076,0
839077,0
839078,0
839079,0
839080,0
839081,0
839082,0
839083,0
839084,0
839085,0
839086,0
839087,0
839088,0
839089,0
839090,0
839091,0
839092,0
839093,0
839094,0
839095,0
839096,0
839097,0
839098,0
839099,0
839100,0
839101,0
839102,0
839103,0
839104,0
839105,0
839106,0
839107,0
839108,0
839109,0
839110,0
839111,0
839112,0
839113,0
839114,0
839115,0
839116,0
839117,0
839118,0
839119,0
839120,0
839121,0
839122,0
839123,0
839124,0
839125,0
839126,0
839127,0
839128,0
839129,0
839130,0
839131,0
839132,0
839133,21
839134,0
839135,0
839136,0
839137,0
839138,0
839139,0
839140,0
839141,0
839142,0
839143,0
839144,0
839145,0
839146,0
839147,0
839148,0
839149,0
839150,0
839151,0
839152,0
839153,0
839154,36
839155,0
839156,22
839157,0
839158,0
839159,0
839160,0
839161,0
839162,0
839163,0
839164,0
839165,0
839166,27
839167,0
839168,0
839169,0
839170,0
839171,0
839172,0
839173,0
839174,0
839175,0
839176,0
839177,0
839178,27
839179,0
839180,0
839181,0
839182,0
839183,20
839184,0
839185,0
839186,0
839187,0
839188,0
839189,0
839190,0
839191,0
839192,0
839193,0
839194,38
839195,0
839196,0
839197,0
839198,0
839199,0
839200,0
839201,0
839202,23
839203,0
839204,0
839205,0
839206,0
839207,0
839208,0
839209,0
839210,0
839211,27
839212,0
839213,0
839214,0
839215,0
839216,0
839217,0
839218,0
839219,0
839220,0
839221,0
839222,0
839223,0
839224,0
839225,0
839226,0
839227,0
839228,0
839229,0
839230,0
839231,0
839232,0
839233,0
839234,0
839235,36
839236,0
839237,0
839238,0
839239,0
839240,0
839241,0
839242,0
839243,0
839244,0
839245,0
839246,0
839247,0
839248,0
839249,0
839250,0
839251,0
839252,0
839253,0
839254,0
839255,0
839256,0
839257,0
839258,0
839259,0
839260,39
839261,0
839262,0
839263,0
839264,0
839265,0
839266,0
839267,0
839268,0
839269,0
839270,22
839271,0
839272,0
839273,0
839274,0
839275,16
839276,0
839277,0
839278,0
839279,0
839280,0
839281,0
839282,0
839283,0
839284,0
839285,0
839286,0
839287,0
839288,0
839289,0
839290,0
839291,28
839292,0
839293,0
839294,0
839295,0
839296,0
839297,0
839298,0
839299,0
839300,0
839301,0
839302,0
839303,0
839304,0
839305,0
839306,0
839307,0
839308,0
839309,0
839310,0
839311,0
839312,0
839313,0
839314,0
839315,0
839316,0
839317,23
839318,0
839319,34
839320,0
839321,0
839322,26
839323,0
839324,0
839325,0
839326,0
839327,0
839328,0
839329,0
839330,14
839331,0
839332,0
839333,0
839334,0
839335,0
839336,0
839337,0
839338,0
839339,0
839340,0
839341,33
839342,0
839343,0
839344,0
839345,0
839346,0
839347,0
839348,0
839349,0
839350,0
839351,0
839352,0
839353,0
839354,0
839355,0
839356,0
839357,0
839358,0
839359,0
839360,21
839361,0
839362,0
839363,0
839364,5
839365,0
839366,2
839367,3
839368,0
839369,0
839370,0
839371,0
839372,13
839373,0
839374,0
839375,0
839376,10
839377,0
839378,0
839379,5
839380,6
839381,0
839382,0
839383,0
839384,0
839385,0
839386,7
839387,0
839388,0
839389,0
839390,12
839391,0
839392,0
839393,0
839394,0
839395,0
839396,0
839397,2
839398,7
839399,6
839400,0
839401,0
839402,0
839403,0
839404,4
839405,8
839406,0
839407,0
839408,3
839409,0
839410,5
839411,0
839412,0
839413,0
839414,0
839415,10
839416,0
839417,0
839418,0
839419,0
839420,6
839421,4
839422,0
839423,0
839424,3
839425,0
839426,0
839427,0
839428,0
839429,0
839430,7
839431,0
839432,0
839433,6
839434,0
839435,0
839436,0
839437,0
839438,0
839439,0
839440,0
839441,7
839442,0
839443,0
839444,0
839445,0
839446,0
839447,0
839448,9
839449,0
839450,0
839451,0
839452,0
839453,0
839454,0
839455,0
839456,7
839457,0
839458,0
839459,0
839460,0
839461,0
839462,0
839463,0
839464,10
839465,0
839466,0
839467,3
839468,7
839469,0
839470,10
839471,9
839472,5
839473,6
839474,0
839475,13
839476,4
839477,0
839478,0
839479,0
839480,4
839481,0
839482,9
839483,8
839484,0
839485,0
839486,0
839487,8
839488,0
839489,0
839490,0
839491,8
839492,0
839493,0
839494,0
839495,10
839496,0
839497,10
839498,0
839499,0
839500,0
839501,0
839502,0
839503,0
839504,0
839505,4
839506,0
839507,0
839508,0
839509,7
839510,0
839511,0
839512,7
839513,0
839514,0
839515,0
839516,0
839517,0
839518,0
839519,0
839520,0
839521,0
839522,0
839523,0
839524,0
839525,0
839526,0
839527,0
839528,0
839529,0
839530,0
839531,0
839532,3
839533,0
839534,0
839535,0
839536,9
839537,0
839538,0
839539,0
839540,8
839541,7
839542,0
839543,0
839544,0
839545,0
839546,0
839547,0
839548,8
839549,5
839550,6
839551,0
839552,0
839553,0
839554,0
839555,0
839556,0
839557,0
839558,0
839559,7
839560,0
839561,14
839562,0
839563,0
839564,0
839565,0
839566,0
839567,0
839568,0
839569,0
839570,0
839571,6
839572,7
839573,0
839574,0
839575,4
839576,0
839577,6
839578,0
839579,0
839580,0
839581,0
839582,6
839583,0
839584,0
839585,2
839586,0
839587,0
839588,8
839589,0
839590,0
839591,3
839592,0
839593,7
839594,6
839595,0
839596,0
839597,0
839598,0
839599,0
839600,0
839601,0
839602,0
839603,0
839604,0
839605,6
839606,0
839607,10
839608,0
839609,0
839610,0
839611,0
839612,0
839613,0
839614,0
839615,0
839616,0
839617,0
839618,0
839619,6
839620,0
839621,2
839622,0
839623,0
839624,0
839625,0
839626,0
839627,0
839628,0
839629,5
839630,0
839631,0
839632,0
839633,5
839634,0
839635,0
839636,6
839637,0
839638,0
839639,0
839640,0
839641,5
839642,9
839643,0
839644,9
839645,0
839646,10
839647,7
839648,0
839649,9
839650,0
839651,0
839652,3
839653,0
839654,0
839655,0
839656,3
839657,0
839658,0
839659,0
839660,5
839661,0
839662,12
839663,0
839664,0
839665,0
839666,0
839667,0
839668,4
839669,0
839670,0
839671,4
839672,0
839673,0
839674,0
839675,0
839676,0
839677,10
839678,9
839679,0
839680,0
839681,0
839682,0
839683,0
839684,0
839685,4
839686,5
839687,0
839688,10
839689,0
839690,0
839691,0
839692,12
839693,0
839694,0
839695,0
839696,0
839697,0
839698,0
839699,0
839700,0
839701,0
839702,0
839703,0
839704,0
839705,0
839706,0
839707,6
839708,0
839709,0
839710,0
839711,1
839712,0
839713,5
839714,0
839715,0
839716,6
839717,0
839718,0
839719,0
839720,0
839721,2
839722,0
839723,0
839724,0
839725,0
839726,0
839727,0
839728,0
839729,7
839730,0
839731,0
839732,5
839733,0
839734,5
839735,0
839736,0
839737,0
839738,0
839739,5
839740,0
839741,7
839742,0
839743,0
839744,0
839745,0
839746,0
839747,0
839748,0
839749,0
839750,7
839751,0
839752,0
839753,6
839754,0
839755,11
839756,0
839757,0
839758,0
839759,5
839760,5
839761,0
839762,0
839763,0
839764,0
839765,0
839766,5
839767,7
839768,0
839769,0
839770,0
839771,0
839772,7
839773,6
839774,5
839775,0
839776,0
839777,4
839778,0
839779,0
839780,0
839781,0
839782,0
839783,0
839784,2
839785,7
839786,6
839787,0
839788,0
839789,6
839790,0
839791,0
839792,0
839793,6
839794,0
839795,0
839796,0
839797,0
839798,0
839799,0
839800,0
839801,0
839802,0
839803,0
839804,0
839805,6
839806,0
839807,1
839808,0
839809,0
839810,0
839811,0
839812,0
839813,0
839814,0
839815,0
839816,0
839817,0
839818,0
839819,0
839820,0
839821,0
839822,0
839823,0
839824,0
839825,8
839826,0
839827,0
839828,0
839829,0
839830,0
839831,0
839832,0
839833,0
839834,0
839835,0
839836,0
839837,5
839838,0
839839,0
839840,0
839841,0
839842,0
839843,0
839844,0
839845,5
839846,0
839847,0
839848,0
839849,0
839850,0
839851,0
839852,0
839853,0
839854,0
839855,0
839856,0
839857,0
839858,0
839859,0
839860,0
839861,10
839862,0
839863,9
839864,0
839865,0
839866,0
839867,9
839868,6
839869,0
839870,0
839871,0
839872,9
839873,0
839874,0
839875,0
839876,0
839877,4
839878,0
839879,6
839880,0
839881,0
839882,0
839883,0
839884,6
839885,6
839886,8
839887,0
839888,0
839889,0
839890,10
839891,0
839892,0
839893,0
839894,0
839895,0
839896,0
839897,0
839898,0
839899,0
839900,0
839901,3
839902,0
839903,0
839904,0
839905,0
839906,10
839907,6
839908,0
839909,0
839910,0
839911,5
839912,0
839913,0
839914,0
839915,5
839916,0
839917,0
839918,0
839919,8
839920,0
839921,0
839922,7
839923,3
839924,0
839925,0
839926,0
839927,4
839928,0
839929,5
839930,0
839931,0
839932,0
839933,0
839934,0
839935,9
839936,0
839937,0
839938,6
839939,0
839940,9
839941,5
839942,6
839943,4
839944,0
839945,0
839946,0
839947,0
839948,0
839949,8
839950,0
839951,0
839952,1
839953,14
839954,0
839955,0
839956,0
839957,0
839958,0
839959,0
839960,5
839961,4
839962,0
839963,0
839964,0
839965,0
839966,0
839967,0
839968,0
839969,0
839970,10
839971,0
839972,0
839973,0
839974,0
839975,0
839976,5
839977,0
839978,5
839979,0
839980,0
839981,10
839982,0
839983,0
839984,0
839985,3
839986,0
839987,3
839988,0
839989,8
839990,0
839991,0
839992,4
839993,0
839994,8
839995,0
839996,0
839997,5
839998,0
839999,0
840000,0
840001,0
840002,10
840003,0
840004,0
840005,1
840006,0
840007,0
840008,0
840009,3
840010,0
840011,0
840012,0
840013,7
840014,0
840015,0
840016,0
840017,6
840018,0
840019,0
840020,0
840021,8
840022,0
840023,0
840024,0
840025,0
840026,0
840027,0
840028,0
840029,0
840030,0
840031,0
840032,10
840033,0
840034,0
840035,0
840036,0
840037,0
840038,5
840039,10
840040,7
840041,0
840042,8
840043,0
840044,0
840045,5
840046,0
840047,6
840048,0
840049,9
840050,7
840051,0
840052,12
840053,0
840054,6
840055,0
840056,0
840057,0
840058,0
840059,3
840060,0
840061,0
840062,9
840063,0
840064,0
840065,4
840066,4
840067,0
840068,0
840069,0
840070,0
840071,5
840072,0
840073,0
840074,0
840075,0
840076,0
840077,0
840078,0
840079,0
840080,0
840081,0
840082,0
840083,0
840084,0
840085,0
840086,0
840087,0
840088,0
840089,0
840090,0
840091,0
840092,6
840093,10
840094,0
840095,5
840096,0
840097,0
840098,0
840099,0
840100,1
840101,0
840102,0
840103,4
840104,0
840105,0
840106,0
840107,0
840108,0
840109,7
840110,0
840111,0
840112,0
840113,3
840114,0
840115,0
840116,0
840117,0
840118,4
840119,8
840120,0
840121,0
840122,0
840123,0
840124,0
840125,0
840126,0
840127,0
840128,3
840129,12
840130,0
840131,0
840132,0
840133,0
840134,8
840135,0
840136,0
840137,0
840138,1
840139,0
840140,0
840141,5
840142,0
840143,9
840144,0
840145,0
840146,0
840147,0
840148,0
840149,0
840150,6
840151,4
840152,0
840153,0
840154,0
840155,10
840156,0
840157,0
840158,6
840159,0
840160,0
840161,8
840162,0
840163,0
840164,0
840165,0
840166,0
840167,4
840168,0
840169,0
840170,0
840171,9
840172,5
840173,0
840174,0
840175,4
840176,0
840177,0
840178,0
840179,5
840180,0
840181,0
840182,5
840183,0
840184,0
840185,7
840186,7
840187,0
840188,0
840189,8
840190,13
840191,0
840192,0
840193,0
840194,0
840195,2
840196,0
840197,0
840198,6
840199,0
840200,0
840201,12
840202,0
840203,10
840204,0
840205,9
840206,0
840207,0
840208,6
840209,0
840210,0
840211,0
840212,0
840213,0
840214,0
840215,0
840216,0
840217,0
840218,0
840219,0
840220,0
840221,8
840222,6
840223,7
840224,5
840225,0
840226,0
840227,0
840228,0
840229,0
840230,0
840231,0
840232,9
840233,6
840234,6
840235,9
840236,0
840237,0
840238,0
840239,0
840240,0
840241,0
840242,0
840243,0
840244,0
840245,0
840246,0
840247,3
840248,0
840249,0
840250,0
840251,8
840252,0
840253,0
840254,3
840255,0
840256,0
840257,0
840258,0
840259,5
840260,0
840261,0
840262,0
840263,0
840264,6
840265,0
840266,0
840267,0
840268,0
840269,0
840270,0
840271,4
840272,0
840273,0
840274,0
840275,0
840276,0
840277,0
840278,4
840279,9
840280,0
840281,0
840282,0
840283,5
840284,5
840285,0
840286,6
840287,0
840288,3
840289,8
840290,0
840291,0
840292,0
840293,11
840294,0
840295,0
840296,0
840297,8
840298,0
840299,0
840300,0
840301,0
840302,7
840303,0
840304,0
840305,0
840306,0
840307,6
840308,4
840309,0
840310,0
840311,0
840312,0
840313,0
840314,0
840315,0
840316,0
840317,10
840318,5
840319,0
840320,12
840321,0
840322,0
840323,0
840324,0
840325,0
840326,6
840327,8
840328,0
840329,4
840330,0
840331,0
840332,0
840333,6
840334,0
840335,0
840336,5
840337,12
840338,0
840339,0
840340,9
840341,0
840342,0
840343,0
840344,0
840345,0
840346,0
840347,0
840348,0
840349,16
840350,0
840351,17
840352,8
840353,13
840354,0
840355,17
840356,0
840357,0
840358,0
840359,0
840360,0
840361,18
840362,0
840363,0
840364,0
840365,0
840366,0
840367,0
840368,0
840369,0
840370,18
840371,20
840372,0
840373,10
840374,9
840375,0
840376,0
840377,0
840378,0
840379,0
840380,0
840381,0
840382,9
840383,0
840384,11
840385,14
840386,0
840387,0
840388,0
840389,0
840390,0
840391,0
840392,7
840393,0
840394,0
840395,0
840396,0
840397,15
840398,0
840399,17
840400,0
840401,0
840402,0
840403,0
840404,0
840405,0
840406,14
840407,0
840408,10
840409,13
840410,0
840411,0
840412,0
840413,0
840414,13
840415,14
840416,0
840417,0
840418,0
840419,7
840420,0
840421,0
840422,0
840423,0
840424,16
840425,0
840426,0
840427,13
840428,0
840429,13
840430,0
840431,0
840432,0
840433,0
840434,11
840435,0
840436,12
840437,0
840438,0
840439,0
840440,0
840441,0
840442,0
840443,0
840444,17
840445,19
840446,0
840447,0
840448,0
840449,0
840450,0
840451,0
840452,0
840453,0
840454,11
840455,0
840456,0
840457,0
840458,7
840459,13
840460,0
840461,0
840462,0
840463,0
840464,0
840465,0
840466,0
840467,0
840468,0
840469,0
840470,0
840471,15
840472,16
840473,0
840474,0
840475,0
840476,12
840477,17
840478,0
840479,0
840480,0
840481,16
840482,0
840483,0
840484,0
840485,13
840486,0
840487,10
840488,0
840489,0
840490,0
840491,0
840492,22
840493,0
840494,0
840495,0
840496,0
840497,15
840498,11
840499,11
840500,0
840501,0
840502,0
840503,0
840504,0
840505,0
840506,11
840507,0
840508,7
840509,0
840510,0
840511,0
840512,0
840513,0
840514,0
840515,0
840516,22
840517,0
840518,0
840519,0
840520,0
840521,0
840522,0
840523,0
840524,0
840525,0
840526,0
840527,11
840528,13
840529,0
840530,0
840531,0
840532,0
840533,0
840534,13
840535,9
840536,17
840537,0
840538,0
840539,11
840540,0
840541,0
840542,14
840543,0
840544,0
840545,0
840546,0
840547,0
840548,0
840549,11
840550,0
840551,12
840552,9
840553,0
840554,17
840555,17
840556,0
840557,0
840558,0
840559,19
840560,0
840561,0
840562,12
840563,0
840564,9
840565,0
840566,0
840567,0
840568,0
840569,0
840570,0
840571,0
840572,19
840573,0
840574,0
840575,0
840576,0
840577,0
840578,0
840579,14
840580,0
840581,0
840582,13
840583,0
840584,0
840585,0
840586,0
840587,8
840588,0
840589,0
840590,0
840591,0
840592,0
840593,0
840594,19
840595,0
840596,0
840597,0
840598,0
840599,0
840600,0
840601,15
840602,15
840603,0
840604,0
840605,0
840606,0
840607,0
840608,0
840609,0
840610,0
840611,14
840612,0
840613,0
840614,11
840615,18
840616,0
840617,0
840618,0
840619,0
840620,0
840621,14
840622,18
840623,0
840624,0
840625,14
840626,0
840627,0
840628,0
840629,0
840630,15
840631,0
840632,0
840633,0
840634,8
840635,0
840636,0
840637,0
840638,0
840639,0
840640,0
840641,10
840642,0
840643,12
840644,0
840645,0
840646,0
840647,16
840648,0
840649,0
840650,13
840651,18
840652,0
840653,0
840654,0
840655,0
840656,0
840657,0
840658,0
840659,19
840660,0
840661,0
840662,0
840663,0
840664,12
840665,12
840666,0
840667,0
840668,0
840669,0
840670,0
840671,0
840672,0
840673,19
840674,0
840675,0
840676,0
840677,0
840678,0
840679,0
840680,16
840681,0
840682,0
840683,0
840684,0
840685,0
840686,0
840687,0
840688,15
840689,12
840690,9
840691,0
840692,0
840693,0
840694,12
840695,0
840696,0
840697,11
840698,0
840699,12
840700,7
840701,0
840702,0
840703,0
840704,17
840705,0
840706,0
840707,0
840708,0
840709,0
840710,7
840711,15
840712,0
840713,0
840714,0
840715,0
840716,0
840717,0
840718,0
840719,0
840720,0
840721,0
840722,0
840723,0
840724,12
840725,0
840726,0
840727,0
840728,0
840729,20
840730,0
840731,3
840732,0
840733,8
840734,0
840735,0
840736,0
840737,0
840738,8
840739,0
840740,11
840741,15
840742,0
840743,0
840744,0
840745,0
840746,0
840747,14
840748,0
840749,0
840750,0
840751,0
840752,0
840753,14
840754,13
840755,0
840756,0
840757,0
840758,9
840759,0
840760,0
840761,0
840762,0
840763,0
840764,0
840765,0
840766,10
840767,0
840768,0
840769,0
840770,10
840771,0
840772,0
840773,0
840774,16
840775,17
840776,0
840777,0
840778,0
840779,15
840780,0
840781,0
840782,0
840783,0
840784,0
840785,0
840786,0
840787,0
840788,0
840789,0
840790,0
840791,0
840792,9
840793,0
840794,0
840795,9
840796,10
840797,0
840798,0
840799,0
840800,15
840801,20
840802,0
840803,18
840804,0
840805,0
840806,12
840807,15
840808,0
840809,0
840810,0
840811,0
840812,0
840813,0
840814,0
840815,0
840816,0
840817,0
840818,0
840819,10
840820,0
840821,7
840822,0
840823,0
840824,13
840825,0
840826,0
840827,0
840828,0
840829,0
840830,13
840831,0
840832,0
840833,0
840834,0
840835,17
840836,12
840837,0
840838,0
840839,0
840840,12
840841,18
840842,0
840843,0
840844,0
840845,0
840846,18
840847,10
840848,7
840849,0
840850,15
840851,12
840852,0
840853,0
840854,0
840855,0
840856,0
840857,0
840858,0
840859,0
840860,0
840861,20
840862,0
840863,0
840864,8
840865,20
840866,15
840867,0
840868,21
840869,0
840870,0
840871,12
840872,0
840873,0
840874,0
840875,0
840876,14
840877,0
840878,16
840879,18
840880,0
840881,0
840882,0
840883,0
840884,0
840885,11
840886,0
840887,0
840888,13
840889,0
840890,0
840891,0
840892,0
840893,0
840894,0
840895,0
840896,0
840897,0
840898,0
840899,0
840900,0
840901,10
840902,0
840903,0
840904,0
840905,0
840906,0
840907,0
840908,0
840909,0
840910,0
840911,0
840912,0
840913,0
840914,0
840915,0
840916,0
840917,0
840918,0
840919,0
840920,0
840921,0
840922,0
840923,0
840924,0
840925,0
840926,0
840927,0
840928,0
840929,0
840930,0
840931,0
840932,0
840933,0
840934,0
840935,0
840936,0
840937,0
840938,0
840939,0
840940,0
840941,0
840942,0
840943,0
840944,0
840945,0
840946,0
840947,0
840948,0
840949,0
840950,0
840951,0
840952,0
840953,0
840954,0
840955,0
840956,0
840957,0
840958,0
840959,0
840960,0
840961,0
840962,0
840963,0
840964,0
840965,0
840966,0
840967,0
840968,0
840969,0
840970,0
840971,0
840972,0
840973,0
840974,0
840975,0
840976,0
840977,0
840978,0
840979,0
840980,0
840981,0
840982,0
840983,0
840984,0
840985,0
840986,0
840987,0
840988,0
840989,0
840990,0
840991,0
840992,0
840993,0
840994,0
840995,0
840996,0
840997,0
840998,0
840999,0
841000,0
841001,0
841002,0
841003,0
841004,0
841005,0
841006,0
841007,0
841008,0
841009,0
841010,0
841011,0
841012,0
841013,0
841014,0
841015,0
841016,0
841017,0
841018,0
841019,0
841020,0
841021,0
841022,0
841023,0
841024,0
841025,0
841026,0
841027,0
841028,0
841029,0
841030,0
841031,0
841032,0
841033,0
841034,0
841035,0
841036,0
841037,0
841038,0
841039,0
841040,0
841041,0
841042,0
841043,0
841044,0
841045,0
841046,0
841047,0
841048,0
841049,0
841050,0
841051,0
841052,0
841053,0
841054,0
841055,0
841056,0
841057,0
841058,0
841059,0
841060,0
841061,0
841062,0
841063,0
841064,0
841065,0
841066,0
841067,0
841068,0
841069,0
841070,0
841071,0
841072,0
841073,0
841074,0
841075,0
841076,0
841077,0
841078,0
841079,0
841080,0
841081,0
841082,0
841083,0
841084,0
841085,0
841086,0
841087,0
841088,0
841089,0
841090,0
841091,0
841092,0
841093,0
841094,0
841095,0
841096,0
841097,0
841098,0
841099,0
841100,0
841101,0
841102,0
841103,0
841104,0
841105,0
841106,0
841107,0
841108,0
841109,0
841110,0
841111,0
841112,0
841113,0
841114,0
841115,0
841116,0
841117,0
841118,0
841119,0
841120,0
841121,0
841122,0
841123,0
841124,0
841125,0
841126,0
841127,0
841128,0
841129,0
841130,0
841131,0
841132,0
841133,0
841134,0
841135,0
841136,0
841137,0
841138,0
841139,0
841140,0
841141,0
841142,0
841143,0
841144,0
841145,0
841146,0
841147,0
841148,0
841149,0
841150,0
841151,0
841152,0
841153,0
841154,0
841155,0
841156,0
841157,0
841158,0
841159,0
841160,0
841161,0
841162,0
841163,0
841164,0
841165,0
841166,0
841167,0
841168,0
841169,0
841170,0
841171,0
841172,0
841173,0
841174,0
841175,0
841176,0
841177,0
841178,0
841179,0
841180,0
841181,0
841182,0
841183,0
841184,0
841185,0
841186,0
841187,0
841188,0
841189,0
841190,0
841191,0
841192,0
841193,0
841194,0
841195,0
841196,1
841197,0
841198,0
841199,0
841200,0
841201,0
841202,0
841203,0
841204,0
841205,0
841206,0
841207,0
841208,0
841209,0
841210,0
841211,0
841212,0
841213,0
841214,0
841215,0
841216,0
841217,0
841218,0
841219,0
841220,0
841221,0
841222,0
841223,0
841224,0
841225,0
841226,0
841227,0
841228,0
841229,0
841230,0
841231,0
841232,0
841233,0
841234,0
841235,0
841236,0
841237,0
841238,0
841239,0
841240,0
841241,0
841242,0
841243,0
841244,0
841245,0
841246,0
841247,0
841248,0
841249,0
841250,0
841251,0
841252,0
841253,0
841254,0
841255,0
841256,0
841257,0
841258,0
841259,0
841260,0
841261,0
841262,0
841263,0
841264,0
841265,0
841266,0
841267,0
841268,0
841269,0
841270,0
841271,0
841272,0
841273,0
841274,0
841275,0
841276,0
841277,0
841278,0
841279,0
841280,0
841281,0
841282,0
841283,0
841284,0
841285,0
841286,0
841287,0
841288,0
841289,0
841290,0
841291,0
841292,0
841293,0
841294,0
841295,0
841296,0
841297,0
841298,0
841299,0
841300,0
841301,0
841302,0
841303,0
841304,0
841305,0
841306,0
841307,0
841308,0
841309,1
841310,0
841311,0
841312,0
841313,0
841314,0
841315,0
841316,0
841317,0
841318,0
841319,0
841320,0
841321,0
841322,0
841323,0
841324,0
841325,0
841326,0
841327,0
841328,0
841329,0
841330,0
841331,0
841332,0
841333,0
841334,0
841335,0
841336,0
841337,0
841338,0
841339,0
841340,0
841341,0
841342,0
841343,0
841344,0
841345,0
841346,0
841347,0
841348,0
841349,0
841350,0
841351,0
841352,0
841353,0
841354,0
841355,0
841356,0
841357,0
841358,0
841359,0
841360,0
841361,0
841362,0
841363,0
841364,0
841365,0
841366,0
841367,0
841368,0
841369,0
841370,0
841371,0
841372,0
841373,0
841374,0
841375,0
841376,0
841377,0
841378,0
841379,0
841380,0
841381,0
841382,0
841383,0
841384,0
841385,0
841386,0
841387,0
841388,0
841389,0
841390,0
841391,0
841392,0
841393,0
841394,0
841395,0
841396,0
841397,0
841398,0
841399,0
841400,0
841401,0
841402,0
841403,0
841404,0
841405,0
841406,0
841407,0
841408,0
841409,0
841410,0
841411,0
841412,0
841413,0
841414,0
841415,0
841416,0
841417,0
841418,0
841419,0
841420,0
841421,0
841422,0
841423,0
841424,0
841425,0
841426,0
841427,0
841428,0
841429,0
841430,0
841431,0
841432,0
841433,0
841434,0
841435,0
841436,0
841437,0
841438,0
841439,0
841440,0
841441,0
841442,0
841443,0
841444,0
841445,0
841446,0
841447,0
841448,0
841449,0
841450,0
841451,0
841452,0
841453,0
841454,0
841455,0
841456,0
841457,0
841458,0
841459,0
841460,0
841461,0
841462,0
841463,0
841464,0
841465,0
841466,0
841467,0
841468,0
841469,0
841470,0
841471,0
841472,0
841473,0
841474,0
841475,0
841476,0
841477,0
841478,0
841479,0
841480,0
841481,0
841482,0
841483,0
841484,0
841485,0
841486,0
841487,0
841488,0
841489,8
841490,0
841491,0
841492,0
841493,11
841494,0
841495,0
841496,13
841497,10
841498,0
841499,0
841500,0
841501,3
841502,0
841503,0
841504,0
841505,0
841506,0
841507,6
841508,0
841509,0
841510,0
841511,8
841512,0
841513,0
841514,0
841515,0
841516,0
841517,0
841518,0
841519,0
841520,9
841521,8
841522,0
841523,0
841524,0
841525,0
841526,0
841527,0
841528,7
841529,0
841530,0
841531,0
841532,8
841533,0
841534,9
841535,0
841536,0
841537,0
841538,0
841539,0
841540,0
841541,0
841542,0
841543,0
841544,0
841545,0
841546,0
841547,0
841548,0
841549,0
841550,0
841551,0
841552,0
841553,9
841554,0
841555,0
841556,0
841557,0
841558,0
841559,10
841560,10
841561,0
841562,0
841563,0
841564,11
841565,11
841566,0
841567,0
841568,10
841569,11
841570,5
841571,0
841572,12
841573,14
841574,5
841575,0
841576,12
841577,0
841578,5
841579,0
841580,0
841581,0
841582,0
841583,0
841584,11
841585,0
841586,0
841587,0
841588,0
841589,0
841590,0
841591,0
841592,0
841593,0
841594,0
841595,0
841596,7
841597,0
841598,0
841599,0
841600,0
841601,0
841602,0
841603,0
841604,0
841605,8
841606,0
841607,0
841608,0
841609,0
841610,0
841611,0
841612,0
841613,11
841614,0
841615,0
841616,0
841617,6
841618,0
841619,6
841620,0
841621,0
841622,0
841623,0
841624,6
841625,11
841626,0
841627,0
841628,8
841629,0
841630,0
841631,0
841632,0
841633,0
841634,0
841635,0
841636,0
841637,0
841638,0
841639,0
841640,0
841641,0
841642,0
841643,0
841644,11
841645,12
841646,0
841647,0
841648,0
841649,0
841650,0
841651,8
841652,0
841653,0
841654,0
841655,0
841656,0
841657,0
841658,0
841659,0
841660,0
841661,0
841662,0
841663,0
841664,0
841665,0
841666,0
841667,0
841668,0
841669,0
841670,0
841671,0
841672,0
841673,0
841674,0
841675,0
841676,0
841677,0
841678,0
841679,0
841680,0
841681,0
841682,0
841683,0
841684,0
841685,0
841686,0
841687,0
841688,8
841689,0
841690,0
841691,0
841692,0
841693,0
841694,0
841695,0
841696,0
841697,0
841698,0
841699,0
841700,0
841701,0
841702,0
841703,0
841704,0
841705,0
841706,0
841707,0
841708,0
841709,0
841710,0
841711,0
841712,0
841713,0
841714,0
841715,6
841716,0
841717,0
841718,0
841719,0
841720,0
841721,0
841722,0
841723,4
841724,0
841725,6
841726,13
841727,0
841728,0
841729,0
841730,0
841731,0
841732,0
841733,0
841734,0
841735,0
841736,0
841737,0
841738,18
841739,0
841740,5
841741,7
841742,1
841743,0
841744,0
841745,0
841746,0
841747,0
841748,0
841749,0
841750,0
841751,0
841752,0
841753,0
841754,0
841755,0
841756,0
841757,0
841758,0
841759,0
841760,0
841761,12
841762,0
841763,10
841764,0
841765,0
841766,0
841767,0
841768,8
841769,0
841770,0
841771,0
841772,0
841773,0
841774,0
841775,0
841776,0
841777,0
841778,0
841779,0
841780,0
841781,0
841782,0
841783,13
841784,0
841785,0
841786,0
841787,0
841788,0
841789,0
841790,0
841791,0
841792,0
841793,0
841794,16
841795,0
841796,0
841797,14
841798,0
841799,5
841800,0
841801,0
841802,0
841803,0
841804,0
841805,0
841806,0
841807,0
841808,0
841809,0
841810,0
841811,0
841812,0
841813,0
841814,0
841815,0
841816,0
841817,0
841818,0
841819,0
841820,0
841821,0
841822,8
841823,15
841824,11
841825,16
841826,0
841827,9
841828,12
841829,0
841830,0
841831,0
841832,0
841833,0
841834,0
841835,0
841836,0
841837,0
841838,0
841839,0
841840,3
841841,0
841842,15
841843,0
841844,0
841845,8
841846,0
841847,0
841848,0
841849,0
841850,0
841851,0
841852,0
841853,0
841854,0
841855,0
841856,0
841857,0
841858,0
841859,0
841860,0
841861,4
841862,0
841863,0
841864,0
841865,0
841866,0
841867,0
841868,0
841869,0
841870,17
841871,0
841872,13
841873,0
841874,10
841875,0
841876,0
841877,0
841878,0
841879,0
841880,11
841881,0
841882,0
841883,0
841884,5
841885,0
841886,0
841887,0
841888,8
841889,9
841890,0
841891,0
841892,0
841893,0
841894,0
841895,9
841896,0
841897,0
841898,0
841899,0
841900,10
841901,0
841902,0
841903,0
841904,0
841905,0
841906,0
841907,0
841908,0
841909,14
841910,0
841911,6
841912,0
841913,0
841914,12
841915,0
841916,0
841917,0
841918,8
841919,0
841920,0
841921,0
841922,0
841923,10
841924,0
841925,0
841926,0
841927,0
841928,0
841929,7
841930,22
841931,0
841932,0
841933,0
841934,0
841935,0
841936,0
841937,0
841938,0
841939,0
841940,0
841941,0
841942,0
841943,0
841944,0
841945,0
841946,0
841947,0
841948,0
841949,0
841950,0
841951,0
841952,0
841953,6
841954,0
841955,0
841956,0
841957,0
841958,0
841959,0
841960,4
841961,0
841962,0
841963,0
841964,0
841965,0
841966,0
841967,5
841968,0
841969,0
841970,0
841971,0
841972,6
841973,0
841974,0
841975,0
841976,0
841977,0
841978,0
841979,0
841980,0
841981,0
841982,0
841983,0
841984,0
841985,0
841986,0
841987,0
841988,12
841989,14
841990,0
841991,0
841992,7
841993,0
841994,0
841995,2
841996,0
841997,0
841998,10
841999,0
842000,8
842001,0
842002,0
842003,0
842004,0
842005,8
842006,0
842007,0
842008,0
842009,7
842010,9
842011,6
842012,0
842013,0
842014,0
842015,0
842016,9
842017,0
842018,0
842019,0
842020,0
842021,0
842022,0
842023,0
842024,0
842025,0
842026,0
842027,0
842028,0
842029,0
842030,0
842031,0
842032,0
842033,0
842034,13
842035,0
842036,0
842037,0
842038,0
842039,0
842040,0
842041,0
842042,0
842043,0
842044,0
842045,0
842046,0
842047,0
842048,0
842049,0
842050,0
842051,0
842052,0
842053,0
842054,0
842055,0
842056,8
842057,0
842058,8
842059,0
842060,5
842061,0
842062,0
842063,0
842064,0
842065,7
842066,0
842067,0
842068,0
842069,0
842070,0
842071,0
842072,0
842073,0
842074,0
842075,0
842076,0
842077,0
842078,5
842079,8
842080,0
842081,0
842082,11
842083,0
842084,11
842085,0
842086,0
842087,14
842088,0
842089,0
842090,16
842091,0
842092,0
842093,0
842094,0
842095,0
842096,0
842097,0
842098,0
842099,7
842100,0
842101,0
842102,0
842103,0
842104,0
842105,0
842106,3
842107,0
842108,0
842109,0
842110,0
842111,7
842112,0
842113,0
842114,10
842115,0
842116,0
842117,0
842118,0
842119,0
842120,6
842121,0
842122,0
842123,14
842124,0
842125,0
842126,0
842127,0
842128,11
842129,0
842130,9
842131,0
842132,0
842133,22
842134,0
842135,0
842136,6
842137,0
842138,0
842139,0
842140,10
842141,0
842142,0
842143,0
842144,0
842145,0
842146,0
842147,7
842148,0
842149,0
842150,0
842151,12
842152,0
842153,0
842154,0
842155,4
842156,0
842157,8
842158,0
842159,0
842160,0
842161,0
842162,0
842163,0
842164,0
842165,11
842166,0
842167,0
842168,12
842169,0
842170,0
842171,9
842172,0
842173,0
842174,0
842175,6
842176,0
842177,6
842178,0
842179,0
842180,13
842181,0
842182,7
842183,0
842184,0
842185,0
842186,0
842187,9
842188,0
842189,0
842190,0
842191,0
842192,0
842193,0
842194,0
842195,0
842196,0
842197,0
842198,0
842199,0
842200,0
842201,0
842202,0
842203,0
842204,13
842205,0
842206,0
842207,0
842208,0
842209,0
842210,0
842211,0
842212,13
842213,0
842214,0
842215,0
842216,0
842217,0
842218,0
842219,0
842220,0
842221,0
842222,0
842223,0
842224,0
842225,0
842226,0
842227,0
842228,0
842229,12
842230,0
842231,0
842232,0
842233,0
842234,0
842235,0
842236,0
842237,0
842238,0
842239,0
842240,0
842241,0
842242,0
842243,0
842244,0
842245,0
842246,0
842247,0
842248,0
842249,0
842250,0
842251,8
842252,0
842253,0
842254,9
842255,6
842256,0
842257,0
842258,0
842259,0
842260,0
842261,0
842262,0
842263,0
842264,11
842265,0
842266,0
842267,0
842268,6
842269,0
842270,0
842271,0
842272,0
842273,0
842274,0
842275,0
842276,0
842277,8
842278,0
842279,7
842280,0
842281,0
842282,0
842283,0
842284,9
842285,0
842286,0
842287,0
842288,0
842289,0
842290,0
842291,0
842292,7
842293,0
842294,0
842295,0
842296,0
842297,0
842298,0
842299,0
842300,0
842301,0
842302,0
842303,0
842304,0
842305,0
842306,0
842307,0
842308,9
842309,0
842310,0
842311,0
842312,0
842313,0
842314,0
842315,0
842316,0
842317,0
842318,6
842319,11
842320,0
842321,0
842322,0
842323,0
842324,0
842325,0
842326,13
842327,0
842328,0
842329,0
842330,0
842331,0
842332,0
842333,0
842334,0
842335,0
842336,0
842337,0
842338,0
842339,0
842340,8
842341,0
842342,0
842343,0
842344,0
842345,19
842346,10
842347,0
842348,0
842349,0
842350,7
842351,0
842352,0
842353,9
842354,0
842355,0
842356,0
842357,6
842358,0
842359,0
842360,7
842361,0
842362,7
842363,8
842364,0
842365,13
842366,0
842367,0
842368,0
842369,8
842370,0
842371,0
842372,0
842373,0
842374,12
842375,0
842376,0
842377,12
842378,0
842379,0
842380,0
842381,10
842382,0
842383,0
842384,0
842385,0
842386,0
842387,0
842388,0
842389,0
842390,0
842391,0
842392,0
842393,0
842394,12
842395,0
842396,0
842397,0
842398,7
842399,0
842400,11
842401,0
842402,0
842403,0
842404,0
842405,0
842406,0
842407,0
842408,14
842409,0
842410,0
842411,2
842412,0
842413,0
842414,0
842415,0
842416,0
842417,0
842418,11
842419,0
842420,0
842421,10
842422,0
842423,0
842424,0
842425,0
842426,0
842427,0
842428,0
842429,0
842430,0
842431,0
842432,0
842433,16
842434,0
842435,0
842436,0
842437,0
842438,0
842439,0
842440,11
842441,0
842442,0
842443,0
842444,0
842445,0
842446,0
842447,0
842448,0
842449,15
842450,0
842451,0
842452,14
842453,0
842454,0
842455,0
842456,0
842457,0
842458,0
842459,0
842460,0
842461,0
842462,0
842463,0
842464,8
842465,0
842466,0
842467,0
842468,0
842469,0
842470,0
842471,0
842472,0
842473,0
842474,0
842475,0
842476,0
842477,0
842478,10
842479,0
842480,0
842481,0
842482,0
842483,0
842484,0
842485,0
842486,11
842487,0
842488,0
842489,0
842490,0
842491,0
842492,0
842493,0
842494,0
842495,0
842496,0
842497,0
842498,0
842499,0
842500,0
842501,0
842502,0
842503,7
842504,0
842505,0
842506,0
842507,0
842508,0
842509,10
842510,9
842511,0
842512,10
842513,0
842514,0
842515,0
842516,0
842517,0
842518,0
842519,0
842520,0
842521,0
842522,11
842523,0
842524,0
842525,0
842526,0
842527,0
842528,10
842529,11
842530,0
842531,9
842532,0
842533,0
842534,0
842535,0
842536,0
842537,0
842538,0
842539,0
842540,0
842541,0
842542,0
842543,0
842544,0
842545,0
842546,0
842547,0
842548,0
842549,0
842550,11
842551,0
842552,0
842553,14
842554,5
842555,0
842556,0
842557,8
842558,0
842559,0
842560,5
842561,0
842562,9
842563,0
842564,0
842565,14
842566,4
842567,0
842568,0
842569,0
842570,10
842571,0
842572,0
842573,0
842574,0
842575,0
842576,0
842577,0
842578,0
842579,0
842580,15
842581,0
842582,0
842583,0
842584,8
842585,0
842586,0
842587,0
842588,0
842589,14
842590,13
842591,0
842592,0
842593,0
842594,0
842595,0
842596,0
842597,0
842598,0
842599,0
842600,0
842601,0
842602,0
842603,0
842604,0
842605,0
842606,0
842607,6
842608,0
842609,0
842610,0
842611,0
842612,0
842613,0
842614,0
842615,0
842616,14
842617,0
842618,0
842619,0
842620,2
842621,0
842622,0
842623,0
842624,0
842625,8
842626,0
842627,0
842628,0
842629,0
842630,0
842631,0
842632,0
842633,0
842634,3
842635,0
842636,0
842637,0
842638,0
842639,0
842640,0
842641,0
842642,0
842643,0
842644,0
842645,0
842646,0
842647,0
842648,7
842649,0
842650,0
842651,0
842652,0
842653,0
842654,8
842655,0
842656,0
842657,0
842658,0
842659,0
842660,0
842661,0
842662,9
842663,0
842664,0
842665,0
842666,0
842667,0
842668,8
842669,0
842670,0
842671,0
842672,0
842673,0
842674,0
842675,0
842676,0
842677,15
842678,0
842679,0
842680,5
842681,0
842682,0
842683,0
842684,0
842685,0
842686,0
842687,0
842688,0
842689,13
842690,0
842691,0
842692,10
842693,0
842694,0
842695,0
842696,0
842697,0
842698,0
842699,0
842700,8
842701,0
842702,0
842703,0
842704,0
842705,0
842706,0
842707,8
842708,5
842709,0
842710,0
842711,0
842712,0
842713,0
842714,0
842715,0
842716,0
842717,0
842718,0
842719,0
842720,0
842721,0
842722,0
842723,0
842724,12
842725,0
842726,0
842727,0
842728,0
842729,11
842730,0
842731,0
842732,0
842733,0
842734,0
842735,0
842736,11
842737,16
842738,0
842739,0
842740,0
842741,0
842742,14
842743,0
842744,0
842745,0
842746,0
842747,0
842748,0
842749,0
842750,0
842751,0
842752,0
842753,0
842754,0
842755,0
842756,0
842757,9
842758,0
842759,0
842760,0
842761,0
842762,0
842763,0
842764,0
842765,10
842766,0
842767,2
842768,0
842769,0
842770,0
842771,0
842772,0
842773,0
842774,9
842775,0
842776,0
842777,0
842778,0
842779,0
842780,0
842781,0
842782,0
842783,0
842784,0
842785,9
842786,0
842787,10
842788,8
842789,0
842790,0
842791,0
842792,0
842793,0
842794,0
842795,0
842796,0
842797,0
842798,0
842799,0
842800,0
842801,0
842802,0
842803,0
842804,0
842805,0
842806,0
842807,0
842808,0
842809,0
842810,15
842811,0
842812,0
842813,0
842814,13
842815,0
842816,10
842817,0
842818,0
842819,0
842820,0
842821,19
842822,0
842823,0
842824,11
842825,0
842826,8
842827,0
842828,0
842829,0
842830,0
842831,0
842832,0
842833,0
842834,0
842835,0
842836,10
842837,0
842838,0
842839,0
842840,0
842841,0
842842,0
842843,13
842844,7
842845,8
842846,0
842847,0
842848,0
842849,0
842850,0
842851,0
842852,0
842853,0
842854,11
842855,0
842856,0
842857,9
842858,0
842859,13
842860,0
842861,0
842862,0
842863,7
842864,0
842865,0
842866,0
842867,0
842868,0
842869,0
842870,9
842871,0
842872,0
842873,0
842874,0
842875,0
842876,10
842877,0
842878,0
842879,7
842880,0
842881,0
842882,3
842883,0
842884,0
842885,0
842886,0
842887,0
842888,0
842889,0
842890,0
842891,0
842892,0
842893,0
842894,0
842895,0
842896,7
842897,12
842898,0
842899,0
842900,0
842901,0
842902,0
842903,0
842904,0
842905,0
842906,0
842907,0
842908,0
842909,0
842910,0
842911,5
842912,0
842913,0
842914,0
842915,7
842916,0
842917,0
842918,0
842919,0
842920,0
842921,0
842922,0
842923,0
842924,0
842925,0
842926,0
842927,0
842928,0
842929,0
842930,0
842931,0
842932,0
842933,0
842934,0
842935,0
842936,0
842937,0
842938,0
842939,0
842940,9
842941,0
842942,0
842943,0
842944,21
842945,0
842946,0
842947,0
842948,0
842949,0
842950,0
842951,0
842952,0
842953,0
842954,0
842955,0
842956,0
842957,0
842958,14
842959,0
842960,8
842961,0
842962,0
842963,0
842964,8
842965,0
842966,0
842967,0
842968,0
842969,0
842970,0
842971,0
842972,0
842973,0
842974,0
842975,0
842976,5
842977,0
842978,0
842979,0
842980,0
842981,0
842982,0
842983,0
842984,9
842985,0
842986,0
842987,5
842988,0
842989,0
842990,0
842991,0
842992,0
842993,0
842994,0
842995,0
842996,0
842997,8
842998,0
842999,0
843000,5
843001,0
843002,0
843003,0
843004,0
843005,0
843006,0
843007,0
843008,0
843009,0
843010,0
843011,0
843012,0
843013,0
843014,0
843015,0
843016,0
843017,0
843018,0
843019,17
843020,0
843021,0
843022,0
843023,0
843024,10
843025,0
843026,0
843027,0
843028,0
843029,0
843030,0
843031,0
843032,0
843033,20
843034,0
843035,0
843036,0
843037,36
843038,0
843039,0
843040,0
843041,0
843042,0
843043,0
843044,26
843045,0
843046,0
843047,0
843048,0
843049,29
843050,0
843051,0
843052,0
843053,0
843054,0
843055,0
843056,26
843057,0
843058,0
843059,0
843060,0
843061,0
843062,0
843063,0
843064,0
843065,0
843066,0
843067,0
843068,0
843069,0
843070,0
843071,0
843072,0
843073,0
843074,0
843075,0
843076,0
843077,0
843078,0
843079,0
843080,0
843081,0
843082,0
843083,0
843084,0
843085,0
843086,0
843087,15
843088,0
843089,0
843090,0
843091,19
843092,0
843093,21
843094,28
843095,24
843096,0
843097,0
843098,0
843099,0
843100,0
843101,20
843102,0
843103,15
843104,18
843105,0
843106,0
843107,0
843108,0
843109,41
843110,0
843111,0
843112,19
843113,0
843114,0
843115,42
843116,0
843117,0
843118,0
843119,0
843120,0
843121,5
843122,0
843123,0
843124,27
843125,0
843126,0
843127,0
843128,0
843129,0
843130,0
843131,0
843132,20
843133,0
843134,0
843135,0
843136,0
843137,0
843138,18
843139,0
843140,0
843141,0
843142,0
843143,0
843144,0
843145,13
843146,0
843147,0
843148,32
843149,0
843150,38
843151,37
843152,0
843153,10
843154,0
843155,0
843156,0
843157,0
843158,0
843159,0
843160,0
843161,0
843162,0
843163,0
843164,0
843165,0
843166,0
843167,0
843168,0
843169,0
843170,17
843171,31
843172,27
843173,0
843174,0
843175,0
843176,18
843177,0
843178,0
843179,0
843180,0
843181,0
843182,24
843183,0
843184,19
843185,0
843186,0
843187,0
843188,0
843189,0
843190,0
843191,0
843192,30
843193,23
843194,16
843195,0
843196,0
843197,0
843198,25
843199,24
843200,0
843201,0
843202,0
843203,0
843204,0
843205,46
843206,16
843207,0
843208,0
843209,0
843210,0
843211,0
843212,30
843213,0
843214,0
843215,0
843216,0
843217,0
843218,0
843219,13
843220,0
843221,0
843222,0
843223,0
843224,0
843225,0
843226,29
843227,0
843228,0
843229,0
843230,0
843231,0
843232,0
843233,0
843234,0
843235,0
843236,0
843237,0
843238,12
843239,0
843240,0
843241,20
843242,0
843243,20
843244,0
843245,23
843246,0
843247,0
843248,0
843249,0
843250,0
843251,0
843252,0
843253,0
843254,0
843255,18
843256,16
843257,0
843258,0
843259,25
843260,0
843261,20
843262,0
843263,0
843264,0
843265,11
843266,0
843267,0
843268,0
843269,0
843270,0
843271,34
843272,0
843273,27
843274,0
843275,0
843276,0
843277,0
843278,0
843279,0
843280,0
843281,0
843282,0
843283,0
843284,0
843285,0
843286,0
843287,0
843288,11
843289,0
843290,0
843291,0
843292,0
843293,0
843294,0
843295,0
843296,0
843297,0
843298,0
843299,0
843300,0
843301,15
843302,0
843303,0
843304,0
843305,0
843306,0
843307,0
843308,0
843309,0
843310,0
843311,21
843312,0
843313,0
843314,0
843315,0
843316,0
843317,0
843318,0
843319,0
843320,0
843321,0
843322,0
843323,0
843324,0
843325,0
843326,0
843327,0
843328,0
843329,9
843330,0
843331,0
843332,0
843333,0
843334,0
843335,0
843336,19
843337,0
843338,0
843339,0
843340,0
843341,0
843342,0
843343,0
843344,0
843345,0
843346,0
843347,0
843348,0
843349,0
843350,0
843351,0
843352,0
843353,11
843354,0
843355,0
843356,0
843357,0
843358,0
843359,0
843360,0
843361,0
843362,21
843363,0
843364,0
843365,0
843366,0
843367,0
843368,0
843369,0
843370,14
843371,0
843372,0
843373,0
843374,0
843375,0
843376,0
843377,0
843378,0
843379,0
843380,20
843381,0
843382,0
843383,0
843384,0
843385,17
843386,0
843387,0
843388,0
843389,0
843390,0
843391,0
843392,0
843393,0
843394,0
843395,0
843396,19
843397,0
843398,0
843399,0
843400,0
843401,0
843402,0
843403,0
843404,19
843405,0
843406,0
843407,0
843408,0
843409,0
843410,0
843411,0
843412,22
843413,0
843414,0
843415,0
843416,0
843417,0
843418,0
843419,0
843420,0
843421,0
843422,0
843423,11
843424,0
843425,0
843426,0
843427,0
843428,21
843429,0
843430,0
843431,0
843432,0
843433,0
843434,0
843435,0
843436,0
843437,0
843438,0
843439,0
843440,0
843441,0
843442,0
843443,0
843444,0
843445,0
843446,0
843447,0
843448,0
843449,0
843450,0
843451,0
843452,0
843453,0
843454,0
843455,0
843456,0
843457,26
843458,23
843459,0
843460,0
843461,0
843462,0
843463,0
843464,0
843465,0
843466,16
843467,0
843468,0
843469,0
843470,0
843471,0
843472,0
843473,0
843474,0
843475,25
843476,0
843477,0
843478,0
843479,0
843480,0
843481,0
843482,0
843483,0
843484,0
843485,0
843486,0
843487,0
843488,0
843489,0
843490,0
843491,0
843492,0
843493,0
843494,15
843495,0
843496,0
843497,0
843498,0
843499,0
843500,21
843501,0
843502,0
843503,0
843504,0
843505,0
843506,10
843507,0
843508,0
843509,0
843510,0
843511,0
843512,0
843513,0
843514,0
843515,0
843516,0
843517,0
843518,0
843519,0
843520,0
843521,0
843522,0
843523,0
843524,19
843525,0
843526,0
843527,18
843528,0
843529,0
843530,0
843531,0
843532,0
843533,14
843534,0
843535,0
843536,0
843537,0
843538,0
843539,0
843540,0
843541,0
843542,0
843543,0
843544,0
843545,0
843546,0
843547,0
843548,0
843549,0
843550,0
843551,0
843552,0
843553,0
843554,0
843555,0
843556,0
843557,16
843558,0
843559,25
843560,0
843561,0
843562,0
843563,0
843564,0
843565,0
843566,0
843567,0
843568,0
843569,0
843570,0
843571,0
843572,0
843573,0
843574,0
843575,0
843576,0
843577,0
843578,0
843579,0
843580,17
843581,0
843582,0
843583,0
843584,0
843585,0
843586,0
843587,0
843588,0
843589,0
843590,0
843591,0
843592,24
843593,0
843594,0
843595,0
843596,0
843597,0
843598,0
843599,0
843600,0
843601,0
843602,0
843603,0
843604,0
843605,0
843606,0
843607,0
843608,17
843609,0
843610,0
843611,0
843612,0
843613,0
843614,0
843615,28
843616,0
843617,0
843618,0
843619,0
843620,0
843621,0
843622,0
843623,0
843624,0
843625,0
843626,0
843627,0
843628,0
843629,0
843630,0
843631,0
843632,0
843633,0
843634,0
843635,0
843636,0
843637,0
843638,0
843639,0
843640,0
843641,0
843642,0
843643,0
843644,0
843645,0
843646,0
843647,0
843648,0
843649,0
843650,19
843651,0
843652,0
843653,0
843654,0
843655,0
843656,0
843657,0
843658,0
843659,0
843660,0
843661,14
843662,0
843663,0
843664,0
843665,0
843666,0
843667,0
843668,0
843669,0
843670,0
843671,0
843672,0
843673,0
843674,0
843675,0
843676,0
843677,17
843678,0
843679,0
843680,0
843681,0
843682,0
843683,0
843684,0
843685,0
843686,24
843687,0
843688,0
843689,0
843690,0
843691,0
843692,0
843693,0
843694,0
843695,0
843696,0
843697,0
843698,0
843699,0
843700,0
843701,0
843702,0
843703,0
843704,0
843705,0
843706,0
843707,0
843708,0
843709,0
843710,0
843711,0
843712,0
843713,0
843714,0
843715,0
843716,0
843717,20
843718,0
843719,0
843720,0
843721,0
843722,0
843723,0
843724,0
843725,26
843726,0
843727,0
843728,0
843729,0
843730,0
843731,0
843732,0
843733,0
843734,0
843735,0
843736,0
843737,0
843738,0
843739,0
843740,0
843741,0
843742,0
843743,0
843744,0
843745,0
843746,30
843747,0
843748,0
843749,0
843750,0
843751,0
843752,0
843753,0
843754,0
843755,0
843756,0
843757,40
843758,0
843759,0
843760,0
843761,28
843762,0
843763,0
843764,0
843765,0
843766,0
843767,0
843768,0
843769,0
843770,0
843771,0
843772,0
843773,18
843774,0
843775,0
843776,0
843777,0
843778,0
843779,0
843780,0
843781,0
843782,0
843783,0
843784,0
843785,0
843786,0
843787,0
843788,0
843789,0
843790,0
843791,24
843792,0
843793,0
843794,0
843795,0
843796,0
843797,0
843798,0
843799,0
843800,0
843801,0
843802,0
843803,0
843804,0
843805,0
843806,0
843807,0
843808,0
843809,0
843810,0
843811,21
843812,28
843813,0
843814,0
843815,0
843816,0
843817,0
843818,0
843819,0
843820,0
843821,0
843822,0
843823,0
843824,0
843825,0
843826,26
843827,0
843828,0
843829,0
843830,0
843831,0
843832,0
843833,0
843834,0
843835,0
843836,0
843837,0
843838,0
843839,0
843840,0
843841,0
843842,0
843843,28
843844,0
843845,0
843846,0
843847,0
843848,0
843849,0
843850,0
843851,0
843852,0
843853,0
843854,0
843855,0
843856,0
843857,0
843858,0
843859,15
843860,0
843861,0
843862,0
843863,0
843864,0
843865,30
843866,0
843867,0
843868,0
843869,24
843870,0
843871,0
843872,0
843873,0
843874,0
843875,0
843876,0
843877,0
843878,0
843879,0
843880,0
843881,0
843882,0
843883,0
843884,0
843885,0
843886,0
843887,0
843888,0
843889,0
843890,0
843891,0
843892,0
843893,0
843894,0
843895,0
843896,0
843897,0
843898,0
843899,0
843900,0
843901,0
843902,0
843903,0
843904,0
843905,0
843906,18
843907,0
843908,0
843909,0
843910,0
843911,0
843912,0
843913,0
843914,0
843915,0
843916,0
843917,0
843918,0
843919,0
843920,0
843921,0
843922,36
843923,0
843924,0
843925,21
843926,0
843927,0
843928,0
843929,0
843930,0
843931,0
843932,0
843933,0
843934,0
843935,0
843936,0
843937,0
843938,0
843939,0
843940,0
843941,0
843942,0
843943,0
843944,0
843945,34
843946,0
843947,0
843948,0
843949,0
843950,0
843951,0
843952,0
843953,0
843954,0
843955,0
843956,0
843957,0
843958,0
843959,24
843960,0
843961,0
843962,0
843963,0
843964,0
843965,0
843966,0
843967,0
843968,0
843969,0
843970,0
843971,25
843972,0
843973,0
843974,0
843975,0
843976,0
843977,0
843978,0
843979,0
843980,0
843981,0
843982,0
843983,0
843984,0
843985,0
843986,0
843987,0
843988,0
843989,26
843990,0
843991,29
843992,0
843993,0
843994,0
843995,0
843996,0
843997,0
843998,0
843999,19
844000,28
844001,0
844002,36
844003,0
844004,0
844005,0
844006,0
844007,0
844008,0
844009,0
844010,0
844011,0
844012,0
844013,0
844014,37
844015,0
844016,0
844017,0
844018,0
844019,0
844020,0
844021,0
844022,0
844023,28
844024,0
844025,0
844026,0
844027,0
844028,0
844029,0
844030,0
844031,0
844032,0
844033,0
844034,0
844035,0
844036,0
844037,0
844038,0
844039,0
844040,0
844041,0
844042,0
844043,0
844044,26
844045,0
844046,0
844047,23
844048,0
844049,0
844050,0
844051,0
844052,0
844053,0
844054,0
844055,0
844056,0
844057,23
844058,0
844059,0
844060,0
844061,0
844062,0
844063,0
844064,0
844065,0
844066,0
844067,0
844068,0
844069,0
844070,0
844071,0
844072,0
844073,0
844074,0
844075,0
844076,0
844077,0
844078,0
844079,0
844080,0
844081,23
844082,0
844083,0
844084,0
844085,0
844086,0
844087,0
844088,0
844089,0
844090,0
844091,0
844092,0
844093,0
844094,14
844095,0
844096,24
844097,0
844098,0
844099,0
844100,0
844101,0
844102,0
844103,0
844104,0
844105,0
844106,26
844107,0
844108,0
844109,0
844110,0
844111,0
844112,0
844113,0
844114,0
844115,0
844116,0
844117,26
844118,0
844119,0
844120,0
844121,0
844122,0
844123,0
844124,0
844125,0
844126,0
844127,0
844128,0
844129,0
844130,0
844131,0
844132,0
844133,28
844134,0
844135,0
844136,0
844137,0
844138,0
844139,0
844140,0
844141,0
844142,0
844143,25
844144,0
844145,0
844146,0
844147,0
844148,0
844149,0
844150,0
844151,0
844152,0
844153,0
844154,0
844155,0
844156,0
844157,0
844158,0
844159,0
844160,0
844161,0
844162,0
844163,0
844164,0
844165,0
844166,0
844167,0
844168,0
844169,0
844170,0
844171,0
844172,0
844173,33
844174,0
844175,0
844176,0
844177,0
844178,0
844179,33
844180,27
844181,0
844182,0
844183,0
844184,0
844185,0
844186,0
844187,0
844188,15
844189,0
844190,0
844191,0
844192,0
844193,0
844194,0
844195,0
844196,0
844197,0
844198,0
844199,0
844200,0
844201,0
844202,0
844203,0
844204,0
844205,0
844206,0
844207,0
844208,17
844209,0
844210,0
844211,20
844212,0
844213,0
844214,29
844215,0
844216,0
844217,16
844218,0
844219,0
844220,0
844221,0
844222,0
844223,0
844224,19
844225,0
844226,0
844227,0
844228,0
844229,0
844230,0
844231,31
844232,0
844233,0
844234,0
844235,0
844236,0
844237,0
844238,0
844239,0
844240,0
844241,0
844242,0
844243,0
844244,0
844245,21
844246,0
844247,0
844248,0
844249,0
844250,0
844251,0
844252,0
844253,0
844254,0
844255,0
844256,0
844257,0
844258,0
844259,0
844260,0
844261,0
844262,0
844263,0
844264,0
844265,0
844266,0
844267,0
844268,0
844269,0
844270,0
844271,0
844272,0
844273,0
844274,0
844275,0
844276,0
844277,0
844278,0
844279,0
844280,0
844281,31
844282,0
844283,0
844284,0
844285,25
844286,0
844287,0
844288,0
844289,0
844290,0
844291,0
844292,0
844293,0
844294,0
844295,0
844296,0
844297,0
844298,0
844299,0
844300,0
844301,0
844302,0
844303,0
844304,0
844305,0
844306,0
844307,0
844308,0
844309,0
844310,0
844311,0
844312,0
844313,0
844314,0
844315,0
844316,0
844317,0
844318,27
844319,0
844320,0
844321,0
844322,0
844323,0
844324,27
844325,0
844326,0
844327,0
844328,0
844329,0
844330,0
844331,0
844332,0
844333,0
844334,0
844335,0
844336,0
844337,0
844338,0
844339,0
844340,0
844341,0
844342,0
844343,25
844344,0
844345,0
844346,0
844347,0
844348,0
844349,0
844350,0
844351,0
844352,0
844353,0
844354,0
844355,18
844356,0
844357,0
844358,0
844359,0
844360,0
844361,0
844362,14
844363,0
844364,0
844365,0
844366,0
844367,33
844368,0
844369,0
844370,31
844371,0
844372,0
844373,24
844374,23
844375,0
844376,0
844377,0
844378,0
844379,0
844380,0
844381,0
844382,0
844383,0
844384,0
844385,0
844386,0
844387,0
844388,0
844389,0
844390,0
844391,0
844392,17
844393,0
844394,0
844395,0
844396,0
844397,0
844398,0
844399,0
844400,0
844401,17
844402,14
844403,0
844404,0
844405,22
844406,16
844407,0
844408,0
844409,0
844410,0
844411,0
844412,0
844413,0
844414,0
844415,0
844416,0
844417,0
844418,0
844419,0
844420,0
844421,0
844422,14
844423,14
844424,19
844425,9
844426,0
844427,0
844428,0
844429,0
844430,0
844431,16
844432,13
844433,0
844434,0
844435,9
844436,17
844437,14
844438,0
844439,0
844440,20
844441,0
844442,24
844443,0
844444,0
844445,0
844446,0
844447,21
844448,0
844449,0
844450,0
844451,0
844452,0
844453,0
844454,0
844455,0
844456,0
844457,0
844458,0
844459,0
844460,0
844461,0
844462,0
844463,0
844464,0
844465,0
844466,0
844467,0
844468,0
844469,0
844470,24
844471,0
844472,0
844473,0
844474,0
844475,0
844476,0
844477,0
844478,8
844479,9
844480,0
844481,20
844482,0
844483,0
844484,0
844485,0
844486,0
844487,0
844488,0
844489,0
844490,0
844491,0
844492,0
844493,0
844494,0
844495,0
844496,0
844497,20
844498,13
844499,0
844500,12
844501,0
844502,0
844503,11
844504,0
844505,0
844506,0
844507,18
844508,0
844509,16
844510,0
844511,0
844512,0
844513,0
844514,20
844515,0
844516,0
844517,30
844518,15
844519,20
844520,0
844521,0
844522,0
844523,0
844524,0
844525,0
844526,0
844527,0
844528,0
844529,0
844530,0
844531,21
844532,0
844533,0
844534,0
844535,0
844536,0
844537,0
844538,0
844539,0
844540,30
844541,0
844542,0
844543,0
844544,24
844545,0
844546,0
844547,0
844548,18
844549,16
844550,0
844551,0
844552,0
844553,0
844554,12
844555,0
844556,0
844557,0
844558,0
844559,19
844560,0
844561,0
844562,0
844563,0
844564,0
844565,0
844566,0
844567,17
844568,0
844569,0
844570,0
844571,0
844572,0
844573,0
844574,0
844575,12
844576,8
844577,0
844578,0
844579,37
844580,21
844581,0
844582,0
844583,0
844584,16
844585,0
844586,22
844587,0
844588,0
844589,0
844590,0
844591,23
844592,0
844593,0
844594,0
844595,0
844596,20
844597,0
844598,0
844599,0
844600,0
844601,0
844602,0
844603,0
844604,0
844605,0
844606,0
844607,0
844608,0
844609,0
844610,0
844611,19
844612,0
844613,0
844614,0
844615,0
844616,0
844617,0
844618,0
844619,0
844620,0
844621,0
844622,0
844623,0
844624,0
844625,0
844626,0
844627,0
844628,11
844629,0
844630,0
844631,0
844632,0
844633,0
844634,15
844635,0
844636,0
844637,0
844638,14
844639,0
844640,0
844641,22
844642,0
844643,0
844644,0
844645,26
844646,14
844647,0
844648,0
844649,0
844650,0
844651,0
844652,24
844653,0
844654,0
844655,0
844656,0
844657,0
844658,0
844659,0
844660,0
844661,0
844662,8
844663,29
844664,0
844665,0
844666,11
844667,19
844668,0
844669,0
844670,0
844671,0
844672,0
844673,0
844674,0
844675,0
844676,0
844677,12
844678,0
844679,13
844680,13
844681,25
844682,0
844683,17
844684,0
844685,0
844686,0
844687,17
844688,18
844689,0
844690,3
844691,23
844692,0
844693,0
844694,15
844695,32
844696,0
844697,0
844698,0
844699,0
844700,0
844701,0
844702,0
844703,0
844704,0
844705,0
844706,0
844707,0
844708,0
844709,0
844710,17
844711,0
844712,0
844713,0
844714,0
844715,0
844716,0
844717,15
844718,0
844719,0
844720,13
844721,0
844722,22
844723,0
844724,0
844725,0
844726,13
844727,0
844728,9
844729,0
844730,26
844731,17
844732,20
844733,0
844734,0
844735,0
844736,23
844737,32
844738,0
844739,0
844740,0
844741,0
844742,0
844743,13
844744,0
844745,0
844746,0
844747,0
844748,0
844749,0
844750,13
844751,0
844752,0
844753,22
844754,0
844755,12
844756,0
844757,0
844758,0
844759,0
844760,0
844761,21
844762,11
844763,8
844764,19
844765,0
844766,0
844767,0
844768,0
844769,0
844770,0
844771,20
844772,11
844773,0
844774,0
844775,0
844776,13
844777,22
844778,0
844779,0
844780,0
844781,0
844782,0
844783,0
844784,0
844785,16
844786,21
844787,19
844788,14
844789,0
844790,0
844791,0
844792,17
844793,0
844794,0
844795,0
844796,0
844797,0
844798,19
844799,42
844800,0
844801,0
844802,17
844803,0
844804,0
844805,0
844806,0
844807,0
844808,12
844809,16
844810,10
844811,0
844812,0
844813,0
844814,0
844815,0
844816,0
844817,0
844818,0
844819,0
844820,0
844821,19
844822,18
844823,0
844824,0
844825,0
844826,0
844827,0
844828,0
844829,0
844830,0
844831,0
844832,0
844833,23
844834,0
844835,0
844836,15
844837,0
844838,0
844839,0
844840,23
844841,0
844842,0
844843,19
844844,23
844845,0
844846,0
844847,13
844848,17
844849,0
844850,0
844851,0
844852,6
844853,0
844854,20
844855,0
844856,23
844857,0
844858,0
844859,24
844860,11
844861,0
844862,0
844863,8
844864,0
844865,40
844866,0
844867,0
844868,15
844869,0
844870,0
844871,0
844872,0
844873,0
844874,0
844875,0
844876,0
844877,0
844878,0
844879,0
844880,0
844881,0
844882,0
844883,0
844884,0
844885,0
844886,13
844887,0
844888,15
844889,0
844890,0
844891,26
844892,28
844893,0
844894,0
844895,0
844896,0
844897,18
844898,0
844899,16
844900,0
844901,22
844902,0
844903,0
844904,16
844905,0
844906,0
844907,0
844908,0
844909,0
844910,0
844911,0
844912,17
844913,0
844914,17
844915,0
844916,25
844917,0
844918,0
844919,0
844920,0
844921,0
844922,0
844923,0
844924,0
844925,0
844926,0
844927,0
844928,0
844929,37
844930,0
844931,0
844932,13
844933,23
844934,0
844935,0
844936,0
844937,0
844938,0
844939,0
844940,0
844941,0
844942,0
844943,0
844944,0
844945,0
844946,0
844947,0
844948,0
844949,0
844950,0
844951,0
844952,23
844953,0
844954,0
844955,0
844956,0
844957,0
844958,0
844959,12
844960,0
844961,26
844962,0
844963,0
844964,24
844965,27
844966,0
844967,0
844968,10
844969,0
844970,0
844971,15
844972,24
844973,0
844974,0
844975,0
844976,0
844977,0
844978,0
844979,0
844980,0
844981,0
844982,15
844983,0
844984,0
844985,16
844986,0
844987,0
844988,26
844989,0
844990,0
844991,0
844992,17
844993,17
844994,0
844995,26
844996,0
844997,0
844998,21
844999,0
845000,0
845001,0
845002,0
845003,16
845004,0
845005,0
845006,0
845007,0
845008,0
845009,0
845010,0
845011,11
845012,0
845013,12
845014,21
845015,0
845016,0
845017,0
845018,0
845019,14
845020,25
845021,13
845022,0
845023,0
845024,0
845025,0
845026,0
845027,0
845028,0
845029,0
845030,0
845031,23
845032,0
845033,0
845034,12
845035,0
845036,0
845037,12
845038,0
845039,0
845040,0
845041,0
845042,0
845043,0
845044,13
845045,0
845046,12
845047,0
845048,19
845049,0
845050,0
845051,0
845052,0
845053,15
845054,0
845055,16
845056,0
845057,0
845058,12
845059,0
845060,15
845061,15
845062,0
845063,0
845064,22
845065,0
845066,0
845067,16
845068,0
845069,0
845070,12
845071,0
845072,0
845073,0
845074,0
845075,0
845076,16
845077,0
845078,11
845079,0
845080,0
845081,0
845082,0
845083,11
845084,0
845085,14
845086,0
845087,0
845088,26
845089,0
845090,0
845091,13
845092,0
845093,0
845094,0
845095,0
845096,10
845097,11
845098,0
845099,22
845100,0
845101,0
845102,14
845103,0
845104,0
845105,16
845106,0
845107,14
845108,10
845109,0
845110,23
845111,0
845112,15
845113,13
845114,3
845115,24
845116,0
845117,21
845118,0
845119,19
845120,2
845121,0
845122,0
845123,0
845124,0
845125,0
845126,0
845127,4
845128,1
845129,0
845130,0
845131,3
845132,0
845133,0
845134,0
845135,0
845136,0
845137,0
845138,7
845139,0
845140,3
845141,0
845142,0
845143,0
845144,0
845145,0
845146,0
845147,0
845148,0
845149,0
845150,0
845151,3
845152,3
845153,0
845154,1
845155,0
845156,5
845157,0
845158,0
845159,0
845160,0
845161,0
845162,0
845163,0
845164,0
845165,0
845166,0
845167,0
845168,0
845169,0
845170,0
845171,0
845172,0
845173,0
845174,0
845175,6
845176,0
845177,7
845178,0
845179,0
845180,4
845181,0
845182,0
845183,1
845184,4
845185,0
845186,0
845187,1
845188,0
845189,0
845190,0
845191,0
845192,0
845193,0
845194,0
845195,0
845196,1
845197,0
845198,0
845199,1
845200,0
845201,0
845202,0
845203,3
845204,0
845205,0
845206,1
845207,0
845208,0
845209,0
845210,0
845211,0
845212,0
845213,0
845214,0
845215,0
845216,0
845217,0
845218,0
845219,0
845220,0
845221,0
845222,0
845223,0
845224,0
845225,0
845226,3
845227,0
845228,0
845229,0
845230,3
845231,0
845232,0
845233,5
845234,4
845235,0
845236,0
845237,0
845238,0
845239,0
845240,0
845241,0
845242,2
845243,0
845244,0
845245,0
845246,0
845247,0
845248,0
845249,0
845250,0
845251,0
845252,0
845253,0
845254,0
845255,0
845256,0
845257,0
845258,0
845259,5
845260,0
845261,3
845262,0
845263,0
845264,0
845265,0
845266,0
845267,0
845268,0
845269,0
845270,0
845271,0
845272,0
845273,0
845274,0
845275,1
845276,0
845277,0
845278,2
845279,0
845280,0
845281,0
845282,3
845283,0
845284,0
845285,0
845286,0
845287,0
845288,0
845289,0
845290,0
845291,0
845292,0
845293,5
845294,0
845295,0
845296,0
845297,0
845298,0
845299,0
845300,0
845301,0
845302,0
845303,0
845304,0
845305,0
845306,0
845307,0
845308,0
845309,1
845310,0
845311,0
845312,0
845313,0
845314,0
845315,0
845316,4
845317,0
845318,0
845319,0
845320,0
845321,0
845322,0
845323,0
845324,0
845325,0
845326,0
845327,0
845328,0
845329,0
845330,2
845331,0
845332,0
845333,0
845334,0
845335,0
845336,0
845337,0
845338,0
845339,0
845340,0
845341,6
845342,0
845343,0
845344,0
845345,0
845346,0
845347,3
845348,0
845349,0
845350,0
845351,0
845352,0
845353,0
845354,0
845355,0
845356,0
845357,4
845358,0
845359,0
845360,0
845361,0
845362,0
845363,0
845364,0
845365,0
845366,0
845367,0
845368,0
845369,0
845370,0
845371,0
845372,0
845373,0
845374,0
845375,0
845376,0
845377,0
845378,0
845379,0
845380,0
845381,2
845382,0
845383,0
845384,0
845385,1
845386,4
845387,0
845388,0
845389,0
845390,0
845391,0
845392,0
845393,0
845394,0
845395,0
845396,0
845397,0
845398,5
845399,0
845400,0
845401,0
845402,0
845403,0
845404,0
845405,0
845406,0
845407,0
845408,0
845409,0
845410,3
845411,0
845412,0
845413,0
845414,0
845415,0
845416,0
845417,2
845418,0
845419,0
845420,0
845421,0
845422,2
845423,0
845424,0
845425,0
845426,0
845427,0
845428,0
845429,0
845430,0
845431,0
845432,4
845433,0
845434,0
845435,0
845436,0
845437,0
845438,0
845439,1
845440,0
845441,0
845442,0
845443,3
845444,0
845445,0
845446,0
845447,0
845448,0
845449,0
845450,0
845451,1
845452,3
845453,5
845454,0
845455,0
845456,2
845457,0
845458,0
845459,0
845460,0
845461,0
845462,0
845463,0
845464,0
845465,0
845466,0
845467,0
845468,0
845469,0
845470,0
845471,0
845472,0
845473,0
845474,0
845475,4
845476,2
845477,3
845478,4
845479,0
845480,0
845481,2
845482,0
845483,2
845484,0
845485,0
845486,0
845487,0
845488,0
845489,0
845490,0
845491,0
845492,3
845493,0
845494,0
845495,0
845496,0
845497,0
845498,0
845499,3
845500,0
845501,0
845502,0
845503,0
845504,0
845505,0
845506,0
845507,0
845508,0
845509,0
845510,4
845511,0
845512,0
845513,0
845514,0
845515,6
845516,0
845517,3
845518,0
845519,0
845520,0
845521,0
845522,0
845523,1
845524,0
845525,0
845526,4
845527,0
845528,0
845529,0
845530,0
845531,0
845532,0
845533,0
845534,0
845535,1
845536,0
845537,0
845538,0
845539,6
845540,0
845541,2
845542,2
845543,0
845544,0
845545,0
845546,0
845547,0
845548,0
845549,0
845550,0
845551,0
845552,0
845553,0
845554,0
845555,0
845556,0
845557,0
845558,0
845559,0
845560,5
845561,0
845562,0
845563,0
845564,0
845565,0
845566,0
845567,2
845568,0
845569,1
845570,0
845571,0
845572,0
845573,0
845574,4
845575,0
845576,0
845577,1
845578,0
845579,0
845580,0
845581,0
845582,0
845583,0
845584,0
845585,0
845586,0
845587,0
845588,3
845589,0
845590,0
845591,0
845592,2
845593,0
845594,2
845595,0
845596,0
845597,5
845598,5
845599,0
845600,0
845601,0
845602,4
845603,0
845604,0
845605,0
845606,0
845607,0
845608,0
845609,0
845610,1
845611,0
845612,0
845613,0
845614,0
845615,0
845616,0
845617,5
845618,0
845619,0
845620,0
845621,2
845622,0
845623,0
845624,0
845625,0
845626,0
845627,0
845628,0
845629,2
845630,1
845631,0
845632,0
845633,2
845634,0
845635,0
845636,0
845637,0
845638,0
845639,0
845640,0
845641,0
845642,0
845643,0
845644,2
845645,0
845646,4
845647,0
845648,0
845649,0
845650,0
845651,0
845652,0
845653,1
845654,0
845655,4
845656,0
845657,0
845658,0
845659,0
845660,0
845661,3
845662,2
845663,1
845664,0
845665,2
845666,0
845667,4
845668,0
845669,0
845670,0
845671,0
845672,0
845673,0
845674,0
845675,0
845676,0
845677,0
845678,0
845679,0
845680,0
845681,1
845682,0
845683,0
845684,0
845685,0
845686,0
845687,0
845688,0
845689,0
845690,0
845691,0
845692,0
845693,0
845694,0
845695,0
845696,0
845697,0
845698,0
845699,0
845700,0
845701,0
845702,5
845703,0
845704,0
845705,0
845706,0
845707,0
845708,2
845709,0
845710,0
845711,3
845712,0
845713,0
845714,0
845715,0
845716,0
845717,1
845718,0
845719,0
845720,3
845721,0
845722,0
845723,0
845724,0
845725,0
845726,0
845727,0
845728,0
845729,0
845730,0
845731,0
845732,0
845733,0
845734,0
845735,0
845736,2
845737,0
845738,0
845739,0
845740,0
845741,0
845742,0
845743,4
845744,0
845745,0
845746,0
845747,0
845748,0
845749,0
845750,0
845751,0
845752,0
845753,0
845754,0
845755,0
845756,2
845757,0
845758,0
845759,0
845760,0
845761,1
845762,0
845763,0
845764,0
845765,0
845766,0
845767,0
845768,0
845769,1
845770,0
845771,0
845772,0
845773,0
845774,2
845775,5
845776,1
845777,0
845778,0
845779,3
845780,0
845781,0
845782,0
845783,0
845784,0
845785,0
845786,0
845787,0
845788,0
845789,3
845790,0
845791,0
845792,0
845793,0
845794,0
845795,0
845796,0
845797,0
845798,3
845799,0
845800,4
845801,0
845802,0
845803,0
845804,0
845805,4
845806,1
845807,0
845808,0
845809,0
845810,0
845811,0
845812,1
845813,3
845814,0
845815,0
845816,0
845817,0
845818,0
845819,2
845820,0
845821,0
845822,0
845823,0
845824,0
845825,0
845826,2
845827,0
845828,0
845829,3
845830,0
845831,0
845832,0
845833,3
845834,0
845835,0
845836,0
845837,0
845838,0
845839,0
845840,0
845841,0
845842,3
845843,0
845844,0
845845,0
845846,0
845847,0
845848,0
845849,0
845850,4
845851,0
845852,0
845853,0
845854,0
845855,0
845856,0
845857,0
845858,0
845859,0
845860,0
845861,0
845862,0
845863,0
845864,0
845865,3
845866,0
845867,0
845868,0
845869,0
845870,0
845871,7
845872,0
845873,0
845874,0
845875,0
845876,0
845877,2
845878,0
845879,0
845880,4
845881,0
845882,0
845883,0
845884,0
845885,0
845886,0
845887,0
845888,0
845889,0
845890,0
845891,4
845892,0
845893,0
845894,0
845895,0
845896,0
845897,0
845898,0
845899,0
845900,0
845901,0
845902,0
845903,0
845904,0
845905,4
845906,0
845907,0
845908,0
845909,0
845910,0
845911,0
845912,0
845913,1
845914,0
845915,0
845916,0
845917,0
845918,0
845919,0
845920,0
845921,0
845922,0
845923,1
845924,1
845925,0
845926,0
845927,0
845928,0
845929,0
845930,0
845931,0
845932,2
845933,0
845934,0
845935,5
845936,0
845937,0
845938,0
845939,0
845940,0
845941,1
845942,0
845943,0
845944,0
845945,0
845946,0
845947,0
845948,4
845949,0
845950,0
845951,4
845952,0
845953,0
845954,0
845955,0
845956,0
845957,1
845958,0
845959,0
845960,0
845961,0
845962,0
845963,0
845964,0
845965,0
845966,0
845967,0
845968,0
845969,0
845970,4
845971,1
845972,0
845973,4
845974,0
845975,0
845976,0
845977,0
845978,0
845979,0
845980,0
845981,0
845982,0
845983,0
845984,0
845985,0
845986,6
845987,3
845988,0
845989,4
845990,0
845991,0
845992,3
845993,0
845994,2
845995,0
845996,0
845997,0
845998,0
845999,0
846000,0
846001,3
846002,0
846003,0
846004,0
846005,0
846006,0
846007,0
846008,0
846009,0
846010,0
846011,0
846012,0
846013,0
846014,6
846015,0
846016,0
846017,0
846018,0
846019,0
846020,3
846021,5
846022,0
846023,4
846024,0
846025,0
846026,0
846027,0
846028,0
846029,0
846030,0
846031,1
846032,0
846033,0
846034,0
846035,2
846036,4
846037,0
846038,0
846039,0
846040,2
846041,0
846042,6
846043,0
846044,0
846045,0
846046,0
846047,0
846048,4
846049,0
846050,0
846051,0
846052,0
846053,0
846054,0
846055,0
846056,0
846057,0
846058,0
846059,0
846060,0
846061,0
846062,20
846063,0
846064,0
846065,0
846066,0
846067,24
846068,22
846069,0
846070,29
846071,0
846072,0
846073,24
846074,0
846075,16
846076,0
846077,30
846078,0
846079,0
846080,0
846081,0
846082,0
846083,0
846084,0
846085,35
846086,15
846087,0
846088,0
846089,0
846090,0
846091,0
846092,0
846093,24
846094,0
846095,0
846096,0
846097,0
846098,24
846099,0
846100,0
846101,0
846102,0
846103,38
846104,0
846105,0
846106,0
846107,0
846108,0
846109,30
846110,13
846111,0
846112,0
846113,15
846114,30
846115,24
846116,0
846117,26
846118,26
846119,0
846120,27
846121,0
846122,0
846123,0
846124,0
846125,0
846126,0
846127,0
846128,0
846129,0
846130,0
846131,0
846132,18
846133,0
846134,0
846135,0
846136,0
846137,0
846138,0
846139,0
846140,0
846141,0
846142,8
846143,0
846144,22
846145,0
846146,0
846147,0
846148,0
846149,15
846150,15
846151,0
846152,0
846153,0
846154,28
846155,0
846156,0
846157,13
846158,0
846159,0
846160,0
846161,0
846162,0
846163,0
846164,0
846165,19
846166,0
846167,0
846168,0
846169,0
846170,0
846171,0
846172,0
846173,0
846174,0
846175,0
846176,0
846177,0
846178,0
846179,0
846180,0
846181,0
846182,0
846183,0
846184,0
846185,17
846186,0
846187,0
846188,0
846189,0
846190,0
846191,0
846192,0
846193,0
846194,0
846195,0
846196,0
846197,0
846198,0
846199,0
846200,0
846201,0
846202,0
846203,0
846204,0
846205,0
846206,0
846207,36
846208,20
846209,0
846210,0
846211,0
846212,0
846213,0
846214,0
846215,0
846216,0
846217,0
846218,0
846219,0
846220,0
846221,0
846222,0
846223,0
846224,0
846225,0
846226,0
846227,0
846228,0
846229,0
846230,0
846231,13
846232,0
846233,0
846234,0
846235,0
846236,0
846237,0
846238,0
846239,0
846240,0
846241,23
846242,14
846243,0
846244,0
846245,0
846246,0
846247,0
846248,0
846249,0
846250,0
846251,16
846252,0
846253,0
846254,0
846255,0
846256,0
846257,0
846258,0
846259,0
846260,0
846261,0
846262,0
846263,0
846264,0
846265,0
846266,0
846267,0
846268,0
846269,0
846270,0
846271,0
846272,0
846273,0
846274,0
846275,0
846276,0
846277,6
846278,0
846279,0
846280,20
846281,0
846282,0
846283,0
846284,0
846285,9
846286,0
846287,17
846288,0
846289,0
846290,0
846291,12
846292,0
846293,0
846294,0
846295,0
846296,0
846297,0
846298,0
846299,23
846300,0
846301,0
846302,0
846303,0
846304,0
846305,0
846306,0
846307,0
846308,0
846309,0
846310,0
846311,0
846312,0
846313,0
846314,0
846315,13
846316,0
846317,0
846318,0
846319,0
846320,0
846321,0
846322,0
846323,0
846324,0
846325,0
846326,0
846327,0
846328,0
846329,0
846330,0
846331,0
846332,0
846333,0
846334,28
846335,0
846336,0
846337,0
846338,17
846339,0
846340,0
846341,0
846342,16
846343,21
846344,0
846345,0
846346,0
846347,0
846348,0
846349,0
846350,0
846351,0
846352,0
846353,0
846354,0
846355,0
846356,0
846357,0
846358,0
846359,0
846360,0
846361,0
846362,0
846363,0
846364,0
846365,0
846366,8
846367,0
846368,0
846369,0
846370,0
846371,0
846372,0
846373,0
846374,0
846375,12
846376,8
846377,0
846378,0
846379,0
846380,0
846381,0
846382,0
846383,0
846384,0
846385,0
846386,0
846387,0
846388,0
846389,8
846390,3
846391,8
846392,0
846393,0
846394,0
846395,0
846396,9
846397,0
846398,0
846399,0
846400,0
846401,11
846402,8
846403,0
846404,0
846405,0
846406,0
846407,0
846408,5
846409,0
846410,0
846411,0
846412,0
846413,14
846414,0
846415,0
846416,0
846417,0
846418,0
846419,0
846420,0
846421,0
846422,0
846423,0
846424,14
846425,10
846426,18
846427,0
846428,0
846429,9
846430,14
846431,4
846432,0
846433,19
846434,0
846435,0
846436,0
846437,41
846438,44
846439,0
846440,0
846441,0
846442,0
846443,0
846444,0
846445,0
846446,0
846447,0
846448,0
846449,0
846450,0
846451,0
846452,0
846453,0
846454,0
846455,0
846456,49
846457,0
846458,0
846459,0
846460,0
846461,0
846462,0
846463,0
846464,0
846465,0
846466,0
846467,0
846468,0
846469,0
846470,0
846471,38
846472,0
846473,0
846474,55
846475,0
846476,0
846477,34
846478,0
846479,0
846480,0
846481,0
846482,0
846483,0
846484,0
846485,0
846486,0
846487,0
846488,36
846489,0
846490,0
846491,38
846492,0
846493,23
846494,0
846495,0
846496,0
846497,32
846498,0
846499,39
846500,0
846501,0
846502,0
846503,0
846504,0
846505,41
846506,0
846507,0
846508,0
846509,0
846510,0
846511,0
846512,0
846513,0
846514,0
846515,0
846516,0
846517,0
846518,0
846519,57
846520,0
846521,0
846522,0
846523,0
846524,0
846525,0
846526,0
846527,0
846528,0
846529,0
846530,35
846531,0
846532,0
846533,0
846534,0
846535,0
846536,0
846537,0
846538,54
846539,0
846540,0
846541,0
846542,0
846543,0
846544,0
846545,0
846546,0
846547,0
846548,30
846549,0
846550,0
846551,0
846552,44
846553,0
846554,0
846555,0
846556,0
846557,0
846558,0
846559,0
846560,0
846561,0
846562,0
846563,0
846564,0
846565,0
846566,0
846567,0
846568,0
846569,0
846570,0
846571,0
846572,34
846573,0
846574,0
846575,0
846576,0
846577,0
846578,0
846579,0
846580,33
846581,0
846582,0
846583,0
846584,0
846585,0
846586,0
846587,0
846588,0
846589,0
846590,0
846591,47
846592,0
846593,39
846594,0
846595,0
846596,0
846597,0
846598,0
846599,0
846600,0
846601,0
846602,27
846603,0
846604,30
846605,0
846606,0
846607,0
846608,31
846609,0
846610,0
846611,35
846612,41
846613,31
846614,0
846615,29
846616,0
846617,0
846618,0
846619,0
846620,0
846621,0
846622,31
846623,26
846624,0
846625,29
846626,0
846627,0
846628,0
846629,0
846630,0
846631,0
846632,0
846633,0
846634,0
846635,0
846636,44
846637,0
846638,0
846639,0
846640,0
846641,0
846642,0
846643,0
846644,0
846645,0
846646,0
846647,31
846648,0
846649,46
846650,0
846651,41
846652,0
846653,0
846654,0
846655,0
846656,0
846657,0
846658,0
846659,0
846660,0
846661,52
846662,0
846663,0
846664,32
846665,0
846666,51
846667,0
846668,0
846669,37
846670,40
846671,0
846672,29
846673,0
846674,0
846675,0
846676,0
846677,0
846678,0
846679,0
846680,0
846681,0
846682,0
846683,0
846684,0
846685,0
846686,0
846687,0
846688,0
846689,0
846690,0
846691,0
846692,40
846693,30
846694,0
846695,0
846696,0
846697,0
846698,0
846699,31
846700,30
846701,0
846702,0
846703,0
846704,0
846705,0
846706,0
846707,0
846708,0
846709,0
846710,0
846711,0
846712,0
846713,0
846714,0
846715,0
846716,0
846717,0
846718,0
846719,0
846720,0
846721,0
846722,0
846723,0
846724,0
846725,0
846726,28
846727,0
846728,0
846729,41
846730,0
846731,40
846732,0
846733,0
846734,33
846735,0
846736,0
846737,0
846738,0
846739,0
846740,0
846741,0
846742,0
846743,0
846744,0
846745,0
846746,0
846747,0
846748,0
846749,0
846750,0
846751,0
846752,0
846753,0
846754,0
846755,0
846756,0
846757,0
846758,0
846759,0
846760,0
846761,6
846762,0
846763,0
846764,0
846765,8
846766,0
846767,0
846768,0
846769,0
846770,0
846771,0
846772,0
846773,0
846774,0
846775,0
846776,0
846777,0
846778,0
846779,0
846780,0
846781,0
846782,0
846783,0
846784,0
846785,0
846786,5
846787,0
846788,0
846789,0
846790,6
846791,6
846792,0
846793,0
846794,0
846795,0
846796,0
846797,0
846798,0
846799,0
846800,0
846801,0
846802,0
846803,0
846804,0
846805,0
846806,0
846807,0
846808,0
846809,0
846810,0
846811,0
846812,0
846813,0
846814,0
846815,0
846816,0
846817,0
846818,0
846819,0
846820,0
846821,10
846822,0
846823,0
846824,0
846825,0
846826,0
846827,0
846828,0
846829,0
846830,0
846831,0
846832,0
846833,0
846834,0
846835,0
846836,0
846837,0
846838,0
846839,0
846840,0
846841,0
846842,0
846843,0
846844,11
846845,14
846846,0
846847,0
846848,0
846849,0
846850,0
846851,0
846852,0
846853,0
846854,0
846855,0
846856,0
846857,0
846858,7
846859,0
846860,8
846861,0
846862,0
846863,0
846864,0
846865,0
846866,0
846867,0
846868,0
846869,0
846870,0
846871,11
846872,0
846873,0
846874,0
846875,0
846876,0
846877,0
846878,0
846879,0
846880,0
846881,0
846882,0
846883,0
846884,0
846885,0
846886,10
846887,0
846888,0
846889,0
846890,0
846891,0
846892,0
846893,0
846894,0
846895,0
846896,0
846897,0
846898,0
846899,0
846900,0
846901,0
846902,0
846903,0
846904,0
846905,0
846906,0
846907,0
846908,0
846909,0
846910,0
846911,0
846912,0
846913,0
846914,0
846915,0
846916,0
846917,0
846918,0
846919,0
846920,0
846921,0
846922,0
846923,0
846924,0
846925,0
846926,0
846927,0
846928,0
846929,0
846930,0
846931,0
846932,0
846933,0
846934,0
846935,9
846936,0
846937,0
846938,8
846939,0
846940,0
846941,0
846942,0
846943,0
846944,0
846945,0
846946,0
846947,0
846948,0
846949,0
846950,7
846951,0
846952,0
846953,0
846954,0
846955,0
846956,0
846957,0
846958,0
846959,0
846960,0
846961,0
846962,0
846963,0
846964,0
846965,0
846966,0
846967,0
846968,0
846969,0
846970,0
846971,0
846972,0
846973,0
846974,0
846975,0
846976,0
846977,0
846978,8
846979,0
846980,0
846981,8
846982,0
846983,8
846984,0
846985,0
846986,0
846987,0
846988,0
846989,0
846990,0
846991,0
846992,0
846993,0
846994,14
846995,0
846996,0
846997,0
846998,0
846999,0
847000,0
847001,0
847002,0
847003,9
847004,0
847005,0
847006,0
847007,0
847008,0
847009,0
847010,0
847011,0
847012,0
847013,0
847014,0
847015,0
847016,0
847017,10
847018,0
847019,0
847020,0
847021,0
847022,0
847023,0
847024,0
847025,7
847026,0
847027,13
847028,0
847029,0
847030,0
847031,0
847032,0
847033,6
847034,0
847035,0
847036,0
847037,11
847038,0
847039,0
847040,0
847041,0
847042,0
847043,0
847044,0
847045,0
847046,0
847047,0
847048,0
847049,0
847050,0
847051,0
847052,8
847053,0
847054,0
847055,0
847056,0
847057,0
847058,0
847059,0
847060,0
847061,0
847062,0
847063,0
847064,0
847065,0
847066,0
847067,0
847068,0
847069,0
847070,0
847071,0
847072,0
847073,0
847074,0
847075,0
847076,0
847077,0
847078,0
847079,0
847080,0
847081,0
847082,0
847083,0
847084,0
847085,0
847086,0
847087,0
847088,0
847089,0
847090,0
847091,0
847092,0
847093,0
847094,0
847095,0
847096,0
847097,0
847098,0
847099,0
847100,0
847101,0
847102,0
847103,0
847104,0
847105,0
847106,0
847107,0
847108,0
847109,0
847110,0
847111,0
847112,0
847113,0
847114,0
847115,0
847116,0
847117,0
847118,0
847119,0
847120,0
847121,0
847122,0
847123,0
847124,0
847125,0
847126,0
847127,0
847128,0
847129,0
847130,0
847131,0
847132,0
847133,0
847134,3
847135,0
847136,16
847137,0
847138,0
847139,0
847140,9
847141,0
847142,0
847143,0
847144,0
847145,0
847146,0
847147,0
847148,0
847149,12
847150,0
847151,5
847152,0
847153,0
847154,0
847155,0
847156,0
847157,0
847158,0
847159,8
847160,25
847161,0
847162,0
847163,0
847164,0
847165,0
847166,0
847167,0
847168,0
847169,6
847170,0
847171,0
847172,0
847173,0
847174,0
847175,0
847176,0
847177,0
847178,0
847179,0
847180,0
847181,14
847182,0
847183,0
847184,0
847185,0
847186,0
847187,0
847188,10
847189,0
847190,0
847191,0
847192,9
847193,5
847194,8
847195,0
847196,0
847197,0
847198,0
847199,0
847200,0
847201,0
847202,0
847203,0
847204,8
847205,0
847206,0
847207,0
847208,0
847209,0
847210,2
847211,0
847212,0
847213,0
847214,0
847215,0
847216,0
847217,0
847218,0
847219,0
847220,0
847221,0
847222,0
847223,0
847224,0
847225,0
847226,0
847227,0
847228,0
847229,0
847230,0
847231,0
847232,0
847233,0
847234,0
847235,0
847236,0
847237,0
847238,0
847239,0
847240,0
847241,6
847242,4
847243,0
847244,0
847245,0
847246,0
847247,0
847248,0
847249,0
847250,0
847251,0
847252,0
847253,0
847254,0
847255,0
847256,0
847257,0
847258,0
847259,10
847260,0
847261,0
847262,0
847263,0
847264,0
847265,0
847266,0
847267,0
847268,0
847269,0
847270,0
847271,0
847272,0
847273,0
847274,0
847275,0
847276,0
847277,0
847278,0
847279,0
847280,0
847281,0
847282,0
847283,0
847284,0
847285,0
847286,7
847287,11
847288,0
847289,0
847290,0
847291,0
847292,0
847293,0
847294,0
847295,0
847296,0
847297,0
847298,0
847299,0
847300,0
847301,20
847302,0
847303,0
847304,0
847305,0
847306,0
847307,0
847308,0
847309,0
847310,0
847311,0
847312,0
847313,0
847314,0
847315,0
847316,0
847317,0
847318,0
847319,0
847320,0
847321,0
847322,0
847323,0
847324,0
847325,0
847326,0
847327,0
847328,0
847329,0
847330,0
847331,11
847332,0
847333,0
847334,0
847335,0
847336,0
847337,0
847338,0
847339,0
847340,0
847341,0
847342,0
847343,0
847344,0
847345,0
847346,0
847347,0
847348,0
847349,0
847350,0
847351,0
847352,0
847353,0
847354,17
847355,0
847356,0
847357,0
847358,0
847359,0
847360,1
847361,0
847362,0
847363,0
847364,0
847365,0
847366,0
847367,0
847368,0
847369,0
847370,0
847371,0
847372,0
847373,0
847374,0
847375,0
847376,0
847377,0
847378,0
847379,0
847380,0
847381,0
847382,1
847383,0
847384,0
847385,0
847386,0
847387,2
847388,0
847389,0
847390,0
847391,1
847392,0
847393,0
847394,0
847395,0
847396,0
847397,0
847398,0
847399,0
847400,0
847401,0
847402,0
847403,0
847404,0
847405,0
847406,0
847407,0
847408,0
847409,0
847410,1
847411,0
847412,0
847413,0
847414,0
847415,0
847416,0
847417,0
847418,0
847419,0
847420,0
847421,0
847422,0
847423,0
847424,0
847425,0
847426,0
847427,0
847428,0
847429,0
847430,0
847431,0
847432,0
847433,0
847434,0
847435,0
847436,0
847437,0
847438,0
847439,0
847440,0
847441,0
847442,0
847443,0
847444,0
847445,0
847446,0
847447,0
847448,0
847449,0
847450,2
847451,0
847452,0
847453,0
847454,0
847455,0
847456,0
847457,0
847458,0
847459,1
847460,0
847461,0
847462,0
847463,0
847464,0
847465,1
847466,0
847467,0
847468,0
847469,0
847470,0
847471,0
847472,0
847473,0
847474,0
847475,0
847476,0
847477,0
847478,0
847479,0
847480,0
847481,0
847482,0
847483,0
847484,0
847485,0
847486,0
847487,0
847488,0
847489,0
847490,0
847491,0
847492,0
847493,0
847494,0
847495,0
847496,0
847497,0
847498,0
847499,0
847500,0
847501,0
847502,0
847503,0
847504,0
847505,0
847506,0
847507,0
847508,0
847509,0
847510,0
847511,0
847512,0
847513,0
847514,0
847515,0
847516,0
847517,0
847518,0
847519,0
847520,0
847521,1
847522,0
847523,0
847524,0
847525,0
847526,0
847527,0
847528,0
847529,0
847530,0
847531,0
847532,0
847533,0
847534,0
847535,0
847536,0
847537,0
847538,0
847539,0
847540,0
847541,0
847542,0
847543,0
847544,0
847545,0
847546,0
847547,0
847548,0
847549,0
847550,0
847551,0
847552,0
847553,0
847554,0
847555,0
847556,0
847557,0
847558,0
847559,0
847560,0
847561,0
847562,0
847563,0
847564,0
847565,0
847566,0
847567,0
847568,0
847569,0
847570,0
847571,2
847572,1
847573,0
847574,0
847575,0
847576,0
847577,0
847578,0
847579,0
847580,0
847581,0
847582,0
847583,0
847584,0
847585,0
847586,0
847587,0
847588,0
847589,0
847590,0
847591,0
847592,0
847593,0
847594,0
847595,0
847596,2
847597,0
847598,0
847599,0
847600,0
847601,0
847602,0
847603,0
847604,0
847605,0
847606,0
847607,0
847608,0
847609,0
847610,0
847611,0
847612,0
847613,0
847614,0
847615,0
847616,0
847617,0
847618,0
847619,1
847620,0
847621,0
847622,0
847623,0
847624,0
847625,0
847626,0
847627,0
847628,0
847629,0
847630,0
847631,0
847632,0
847633,0
847634,0
847635,0
847636,0
847637,0
847638,0
847639,0
847640,0
847641,0
847642,0
847643,0
847644,0
847645,0
847646,0
847647,0
847648,0
847649,0
847650,0
847651,0
847652,0
847653,0
847654,0
847655,0
847656,0
847657,0
847658,0
847659,0
847660,0
847661,0
847662,0
847663,0
847664,0
847665,0
847666,0
847667,0
847668,0
847669,0
847670,0
847671,0
847672,0
847673,0
847674,0
847675,0
847676,0
847677,0
847678,0
847679,0
847680,0
847681,0
847682,0
847683,0
847684,0
847685,0
847686,0
847687,0
847688,0
847689,0
847690,0
847691,0
847692,0
847693,0
847694,0
847695,0
847696,0
847697,0
847698,0
847699,0
847700,0
847701,0
847702,1
847703,0
847704,0
847705,0
847706,0
847707,1
847708,0
847709,0
847710,0
847711,0
847712,0
847713,0
847714,0
847715,0
847716,0
847717,0
847718,0
847719,0
847720,0
847721,0
847722,0
847723,0
847724,0
847725,0
847726,0
847727,0
847728,0
847729,1
847730,0
847731,1
847732,0
847733,0
847734,0
847735,0
847736,0
847737,0
847738,0
847739,0
847740,0
847741,0
847742,0
847743,0
847744,0
847745,0
847746,0
847747,0
847748,0
847749,0
847750,0
847751,0
847752,0
847753,0
847754,0
847755,0
847756,0
847757,0
847758,0
847759,0
847760,0
847761,0
847762,0
847763,0
847764,0
847765,0
847766,0
847767,0
847768,0
847769,0
847770,1
847771,0
847772,1
847773,0
847774,0
847775,0
847776,0
847777,0
847778,0
847779,0
847780,0
847781,0
847782,0
847783,0
847784,1
847785,0
847786,0
847787,0
847788,0
847789,0
847790,0
847791,0
847792,0
847793,0
847794,0
847795,1
847796,0
847797,0
847798,0
847799,0
847800,0
847801,0
847802,1
847803,0
847804,0
847805,0
847806,0
847807,0
847808,0
847809,0
847810,0
847811,0
847812,1
847813,0
847814,1
847815,0
847816,0
847817,1
847818,0
847819,0
847820,0
847821,0
847822,0
847823,0
847824,0
847825,0
847826,0
847827,0
847828,0
847829,0
847830,0
847831,0
847832,0
847833,0
847834,0
847835,0
847836,0
847837,0
847838,0
847839,0
847840,0
847841,0
847842,1
847843,0
847844,0
847845,0
847846,0
847847,0
847848,0
847849,0
847850,0
847851,0
847852,0
847853,0
847854,0
847855,0
847856,0
847857,0
847858,0
847859,0
847860,1
847861,0
847862,0
847863,0
847864,0
847865,0
847866,0
847867,0
847868,0
847869,0
847870,0
847871,0
847872,0
847873,0
847874,0
847875,0
847876,0
847877,0
847878,0
847879,0
847880,0
847881,0
847882,0
847883,0
847884,0
847885,0
847886,0
847887,0
847888,0
847889,0
847890,0
847891,0
847892,0
847893,0
847894,1
847895,0
847896,0
847897,0
847898,0
847899,0
847900,0
847901,0
847902,1
847903,0
847904,0
847905,0
847906,0
847907,0
847908,0
847909,0
847910,1
847911,0
847912,0
847913,0
847914,0
847915,0
847916,0
847917,0
847918,0
847919,0
847920,0
847921,0
847922,0
847923,1
847924,0
847925,0
847926,0
847927,0
847928,0
847929,0
847930,0
847931,0
847932,0
847933,0
847934,0
847935,0
847936,0
847937,0
847938,0
847939,1
847940,0
847941,0
847942,0
847943,0
847944,0
847945,0
847946,0
847947,0
847948,0
847949,0
847950,0
847951,0
847952,0
847953,0
847954,1
847955,0
847956,0
847957,0
847958,0
847959,0
847960,0
847961,0
847962,0
847963,0
847964,0
847965,0
847966,0
847967,0
847968,0
847969,0
847970,0
847971,0
847972,0
847973,0
847974,0
847975,0
847976,0
847977,0
847978,0
847979,0
847980,0
847981,0
847982,0
847983,0
847984,0
847985,0
847986,0
847987,0
847988,0
847989,0
847990,0
847991,0
847992,0
847993,0
847994,0
847995,0
847996,0
847997,0
847998,0
847999,0
848000,0
848001,0
848002,0
848003,0
848004,0
848005,1
848006,0
848007,0
848008,0
848009,1
848010,0
848011,0
848012,0
848013,0
848014,0
848015,0
848016,0
848017,0
848018,0
848019,0
848020,0
848021,0
848022,0
848023,0
848024,0
848025,0
848026,0
848027,0
848028,0
848029,0
848030,1
848031,0
848032,0
848033,0
848034,0
848035,0
848036,0
848037,0
848038,0
848039,0
848040,0
848041,0
848042,0
848043,0
848044,0
848045,0
848046,1
848047,0
848048,1
848049,0
848050,0
848051,0
848052,0
848053,0
848054,0
848055,0
848056,0
848057,0
848058,0
848059,0
848060,0
848061,0
848062,0
848063,0
848064,0
848065,1
848066,0
848067,0
848068,0
848069,0
848070,0
848071,0
848072,0
848073,0
848074,0
848075,0
848076,0
848077,0
848078,0
848079,0
848080,0
848081,0
848082,0
848083,0
848084,0
848085,0
848086,0
848087,0
848088,0
848089,0
848090,0
848091,0
848092,0
848093,0
848094,1
848095,0
848096,0
848097,0
848098,0
848099,0
848100,0
848101,0
848102,0
848103,0
848104,0
848105,0
848106,0
848107,0
848108,3
848109,0
848110,0
848111,0
848112,0
848113,1
848114,0
848115,0
848116,0
848117,0
848118,1
848119,0
848120,0
848121,0
848122,0
848123,1
848124,0
848125,1
848126,0
848127,0
848128,0
848129,0
848130,0
848131,0
848132,0
848133,0
848134,1
848135,0
848136,2
848137,0
848138,0
848139,0
848140,0
848141,1
848142,2
848143,0
848144,0
848145,0
848146,0
848147,0
848148,0
848149,2
848150,0
848151,0
848152,0
848153,1
848154,0
848155,0
848156,0
848157,0
848158,0
848159,0
848160,0
848161,0
848162,0
848163,0
848164,0
848165,0
848166,0
848167,1
848168,0
848169,0
848170,0
848171,0
848172,0
848173,0
848174,0
848175,0
848176,0
848177,0
848178,0
848179,0
848180,0
848181,0
848182,2
848183,0
848184,1
848185,0
848186,0
848187,0
848188,0
848189,0
848190,0
848191,0
848192,0
848193,1
848194,0
848195,0
848196,0
848197,1
848198,0
848199,0
848200,0
848201,0
848202,0
848203,0
848204,0
848205,0
848206,0
848207,0
848208,0
848209,0
848210,0
848211,0
848212,0
848213,0
848214,1
848215,0
848216,0
848217,1
848218,0
848219,0
848220,0
848221,0
848222,0
848223,1
848224,0
848225,0
848226,0
848227,2
848228,1
848229,0
848230,0
848231,0
848232,0
848233,0
848234,1
848235,0
848236,0
848237,0
848238,0
848239,0
848240,0
848241,0
848242,0
848243,3
848244,0
848245,0
848246,0
848247,0
848248,0
848249,0
848250,0
848251,0
848252,0
848253,1
848254,0
848255,0
848256,0
848257,0
848258,0
848259,0
848260,0
848261,0
848262,0
848263,0
848264,0
848265,0
848266,2
848267,0
848268,0
848269,0
848270,3
848271,0
848272,1
848273,0
848274,0
848275,0
848276,0
848277,0
848278,0
848279,0
848280,1
848281,0
848282,0
848283,0
848284,0
848285,0
848286,0
848287,0
848288,0
848289,0
848290,0
848291,1
848292,0
848293,0
848294,0
848295,0
848296,1
848297,0
848298,0
848299,0
848300,0
848301,0
848302,0
848303,0
848304,0
848305,0
848306,0
848307,2
848308,2
848309,0
848310,0
848311,0
848312,0
848313,0
848314,0
848315,0
848316,0
848317,0
848318,0
848319,0
848320,0
848321,2
848322,0
848323,0
848324,0
848325,0
848326,0
848327,0
848328,0
848329,0
848330,0
848331,0
848332,0
848333,0
848334,0
848335,0
848336,0
848337,0
848338,0
848339,0
848340,0
848341,0
848342,0
848343,0
848344,0
848345,0
848346,0
848347,0
848348,1
848349,0
848350,0
848351,0
848352,0
848353,0
848354,0
848355,2
848356,0
848357,0
848358,0
848359,0
848360,1
848361,0
848362,0
848363,0
848364,0
848365,0
848366,0
848367,0
848368,0
848369,0
848370,0
848371,0
848372,0
848373,0
848374,0
848375,0
848376,0
848377,1
848378,0
848379,1
848380,0
848381,0
848382,0
848383,0
848384,1
848385,0
848386,0
848387,0
848388,0
848389,0
848390,0
848391,1
848392,0
848393,0
848394,0
848395,0
848396,0
848397,1
848398,0
848399,0
848400,0
848401,0
848402,0
848403,0
848404,0
848405,0
848406,0
848407,1
848408,0
848409,0
848410,0
848411,0
848412,0
848413,0
848414,0
848415,0
848416,0
848417,0
848418,0
848419,0
848420,0
848421,0
848422,0
848423,1
848424,0
848425,0
848426,0
848427,0
848428,0
848429,0
848430,0
848431,0
848432,0
848433,0
848434,0
848435,0
848436,0
848437,0
848438,1
848439,0
848440,0
848441,0
848442,0
848443,0
848444,0
848445,0
848446,0
848447,0
848448,0
848449,0
848450,0
848451,0
848452,0
848453,0
848454,0
848455,0
848456,0
848457,0
848458,1
848459,0
848460,0
848461,0
848462,0
848463,0
848464,0
848465,0
848466,1
848467,0
848468,0
848469,0
848470,0
848471,0
848472,0
848473,1
848474,0
848475,0
848476,0
848477,0
848478,0
848479,1
848480,0
848481,1
848482,0
848483,0
848484,0
848485,3
848486,0
848487,0
848488,0
848489,0
848490,0
848491,0
848492,0
848493,0
848494,0
848495,0
848496,0
848497,0
848498,0
848499,0
848500,0
848501,0
848502,3
848503,2
848504,0
848505,0
848506,0
848507,0
848508,0
848509,0
848510,0
848511,0
848512,0
848513,1
848514,0
848515,0
848516,0
848517,0
848518,0
848519,2
848520,0
848521,0
848522,0
848523,0
848524,2
848525,0
848526,0
848527,0
848528,0
848529,1
848530,0
848531,0
848532,0
848533,0
848534,0
848535,0
848536,0
848537,0
848538,0
848539,0
848540,0
848541,0
848542,0
848543,0
848544,1
848545,0
848546,0
848547,0
848548,0
848549,0
848550,0
848551,0
848552,0
848553,0
848554,0
848555,0
848556,0
848557,0
848558,0
848559,0
848560,1
848561,0
848562,1
848563,0
848564,0
848565,1
848566,0
848567,1
848568,0
848569,0
848570,3
848571,0
848572,0
848573,0
848574,0
848575,0
848576,0
848577,2
848578,0
848579,0
848580,0
848581,0
848582,0
848583,0
848584,0
848585,2
848586,0
848587,0
848588,0
848589,0
848590,1
848591,1
848592,0
848593,0
848594,0
848595,0
848596,0
848597,0
848598,0
848599,0
848600,1
848601,0
848602,0
848603,0
848604,0
848605,0
848606,0
848607,0
848608,0
848609,0
848610,0
848611,0
848612,0
848613,0
848614,0
848615,0
848616,0
848617,0
848618,0
848619,0
848620,0
848621,0
848622,0
848623,0
848624,0
848625,1
848626,0
848627,0
848628,0
848629,0
848630,1
848631,0
848632,0
848633,0
848634,0
848635,0
848636,1
848637,0
848638,0
848639,1
848640,0
848641,0
848642,0
848643,0
848644,4
848645,0
848646,0
848647,0
848648,0
848649,0
848650,0
848651,0
848652,0
848653,0
848654,0
848655,0
848656,0
848657,0
848658,0
848659,0
848660,0
848661,0
848662,0
848663,0
848664,0
848665,0
848666,0
848667,0
848668,0
848669,0
848670,1
848671,0
848672,0
848673,0
848674,0
848675,0
848676,0
848677,1
848678,0
848679,0
848680,0
848681,0
848682,0
848683,0
848684,0
848685,0
848686,0
848687,0
848688,1
848689,0
848690,0
848691,1
848692,0
848693,0
848694,0
848695,0
848696,0
848697,0
848698,0
848699,1
848700,0
848701,0
848702,0
848703,0
848704,0
848705,0
848706,0
848707,0
848708,0
848709,1
848710,0
848711,0
848712,0
848713,0
848714,0
848715,0
848716,0
848717,0
848718,0
848719,1
848720,1
848721,1
848722,0
848723,0
848724,0
848725,0
848726,3
848727,0
848728,0
848729,0
848730,0
848731,0
848732,0
848733,0
848734,0
848735,0
848736,1
848737,1
848738,0
848739,0
848740,0
848741,0
848742,0
848743,0
848744,0
848745,1
848746,0
848747,1
848748,0
848749,0
848750,0
848751,0
848752,0
848753,0
848754,0
848755,18
848756,0
848757,0
848758,0
848759,20
848760,0
848761,21
848762,0
848763,0
848764,0
848765,16
848766,0
848767,0
848768,4
848769,20
848770,17
848771,0
848772,21
848773,0
848774,0
848775,0
848776,19
848777,0
848778,0
848779,22
848780,0
848781,0
848782,17
848783,0
848784,0
848785,0
848786,0
848787,20
848788,0
848789,0
848790,0
848791,0
848792,0
848793,9
848794,0
848795,0
848796,0
848797,0
848798,0
848799,0
848800,44
848801,59
848802,0
848803,0
848804,0
848805,33
848806,30
848807,0
848808,0
848809,0
848810,0
848811,0
848812,0
848813,34
848814,0
848815,0
848816,0
848817,0
848818,0
848819,0
848820,0
848821,0
848822,36
848823,0
848824,0
848825,0
848826,0
848827,0
848828,0
848829,34
848830,0
848831,0
848832,0
848833,45
848834,0
848835,0
848836,0
848837,0
848838,0
848839,0
848840,0
848841,0
848842,36
848843,0
848844,41
848845,39
848846,40
848847,0
848848,0
848849,0
848850,0
848851,0
848852,0
848853,0
848854,0
848855,0
848856,41
848857,0
848858,0
848859,0
848860,0
848861,0
848862,0
848863,28
848864,0
848865,0
848866,0
848867,0
848868,0
848869,0
848870,0
848871,0
848872,0
848873,0
848874,25
848875,0
848876,0
848877,22
848878,34
848879,0
848880,0
848881,44
848882,0
848883,0
848884,0
848885,34
848886,32
848887,0
848888,0
848889,0
848890,0
848891,35
848892,0
848893,0
848894,0
848895,0
848896,0
848897,0
848898,0
848899,0
848900,0
848901,0
848902,0
848903,0
848904,34
848905,0
848906,0
848907,31
848908,0
848909,0
848910,0
848911,0
848912,0
848913,44
848914,0
848915,0
848916,30
848917,35
848918,0
848919,0
848920,40
848921,0
848922,0
848923,0
848924,25
848925,0
848926,0
848927,0
848928,0
848929,35
848930,27
848931,0
848932,0
848933,0
848934,26
848935,0
848936,0
848937,0
848938,0
848939,0
848940,0
848941,0
848942,0
848943,18
848944,0
848945,0
848946,34
848947,0
848948,0
848949,0
848950,0
848951,0
848952,0
848953,0
848954,0
848955,0
848956,0
848957,49
848958,0
848959,0
848960,0
848961,0
848962,0
848963,0
848964,0
848965,0
848966,0
848967,31
848968,0
848969,34
848970,0
848971,0
848972,0
848973,41
848974,0
848975,0
848976,37
848977,0
848978,0
848979,0
848980,34
848981,0
848982,0
848983,0
848984,27
848985,34
848986,0
848987,0
848988,29
848989,0
848990,0
848991,0
848992,0
848993,32
848994,0
848995,0
848996,0
848997,0
848998,0
848999,0
849000,0
849001,21
849002,38
849003,0
849004,25
849005,0
849006,0
849007,27
849008,37
849009,0
849010,27
849011,0
849012,0
849013,0
849014,50
849015,41
849016,0
849017,0
849018,40
849019,22
849020,0
849021,0
849022,28
849023,0
849024,0
849025,0
849026,0
849027,30
849028,0
849029,48
849030,0
849031,0
849032,35
849033,0
849034,0
849035,28
849036,0
849037,36
849038,25
849039,0
849040,0
849041,0
849042,0
849043,33
849044,0
849045,0
849046,39
849047,0
849048,0
849049,43
849050,44
849051,0
849052,0
849053,41
849054,44
849055,0
849056,0
849057,0
849058,0
849059,0
849060,0
849061,36
849062,0
849063,0
849064,0
849065,0
849066,0
849067,0
849068,0
849069,0
849070,0
849071,0
849072,0
849073,0
849074,0
849075,43
849076,0
849077,0
849078,0
849079,0
849080,0
849081,0
849082,0
849083,0
849084,0
849085,36
849086,0
849087,0
849088,0
849089,39
849090,0
849091,0
849092,27
849093,32
849094,0
849095,0
849096,0
849097,0
849098,0
849099,0
849100,0
849101,0
849102,34
849103,33
849104,0
849105,0
849106,0
849107,37
849108,0
849109,33
849110,29
849111,0
849112,0
849113,0
849114,0
849115,0
849116,0
849117,36
849118,0
849119,0
849120,0
849121,0
849122,41
849123,0
849124,0
849125,0
849126,0
849127,22
849128,0
849129,22
849130,0
849131,46
849132,0
849133,0
849134,0
849135,0
849136,0
849137,0
849138,38
849139,0
849140,0
849141,37
849142,0
849143,54
849144,22
849145,0
849146,0
849147,0
849148,0
849149,0
849150,30
849151,0
849152,0
849153,0
849154,0
849155,40
849156,0
849157,0
849158,0
849159,0
849160,0
849161,31
849162,0
849163,32
849164,43
849165,0
849166,0
849167,0
849168,0
849169,0
849170,38
849171,30
849172,42
849173,0
849174,0
849175,0
849176,30
849177,32
849178,0
849179,34
849180,0
849181,39
849182,28
849183,0
849184,0
849185,0
849186,0
849187,0
849188,0
849189,0
849190,43
849191,0
849192,0
849193,43
849194,0
849195,0
849196,0
849197,0
849198,0
849199,0
849200,0
849201,0
849202,0
849203,0
849204,0
849205,0
849206,0
849207,47
849208,0
849209,0
849210,22
849211,0
849212,0
849213,0
849214,0
849215,0
849216,0
849217,0
849218,0
849219,0
849220,29
849221,0
849222,0
849223,0
849224,0
849225,0
849226,41
849227,53
849228,0
849229,46
849230,0
849231,0
849232,32
849233,0
849234,0
849235,0
849236,39
849237,35
849238,0
849239,0
849240,0
849241,0
849242,0
849243,0
849244,34
849245,0
849246,0
849247,0
849248,0
849249,49
849250,0
849251,0
849252,0
849253,27
849254,0
849255,0
849256,0
849257,0
849258,0
849259,0
849260,0
849261,0
849262,35
849263,0
849264,0
849265,43
849266,0
849267,0
849268,0
849269,0
849270,22
849271,45
849272,0
849273,27
849274,0
849275,30
849276,40
849277,43
849278,52
849279,0
849280,0
849281,0
849282,0
849283,45
849284,35
849285,0
849286,43
849287,34
849288,0
849289,52
849290,0
849291,0
849292,44
849293,0
849294,0
849295,43
849296,35
849297,0
849298,34
849299,45
849300,38
849301,0
849302,40
849303,0
849304,31
849305,34
849306,0
849307,0
849308,0
849309,0
849310,0
849311,0
849312,0
849313,35
849314,0
849315,0
849316,0
849317,0
849318,50
849319,0
849320,0
849321,33
849322,14
849323,0
849324,0
849325,0
849326,36
849327,38
849328,39
849329,33
849330,0
849331,0
849332,38
849333,28
849334,28
849335,28
849336,0
849337,0
849338,0
849339,0
849340,0
849341,0
849342,36
849343,0
849344,0
849345,32
849346,0
849347,44
849348,0
849349,0
849350,0
849351,29
849352,0
849353,0
849354,0
849355,0
849356,0
849357,33
849358,0
849359,38
849360,0
849361,0
849362,0
849363,0
849364,0
849365,0
849366,0
849367,0
849368,0
849369,0
849370,0
849371,0
849372,0
849373,0
849374,0
849375,0
849376,0
849377,49
849378,0
849379,0
849380,39
849381,0
849382,0
849383,36
849384,38
849385,0
849386,0
849387,0
849388,0
849389,31
849390,0
849391,0
849392,0
849393,28
849394,34
849395,0
849396,0
849397,0
849398,0
849399,0
849400,0
849401,53
849402,0
849403,0
849404,0
849405,39
849406,0
849407,0
849408,0
849409,35
849410,0
849411,0
849412,0
849413,0
849414,0
849415,0
849416,44
849417,0
849418,0
849419,0
849420,0
849421,0
849422,45
849423,0
849424,0
849425,0
849426,26
849427,43
849428,47
849429,0
849430,28
849431,24
849432,0
849433,40
849434,0
849435,0
849436,0
849437,0
849438,0
849439,0
849440,0
849441,40
849442,40
849443,0
849444,21
849445,27
849446,0
849447,0
849448,0
849449,0
849450,0
849451,49
849452,0
849453,0
849454,0
849455,49
849456,0
849457,0
849458,41
849459,26
849460,39
849461,0
849462,50
849463,0
849464,0
849465,42
849466,0
849467,0
849468,33
849469,0
849470,0
849471,26
849472,0
849473,0
849474,23
849475,0
849476,0
849477,0
849478,0
849479,52
849480,0
849481,0
849482,0
849483,0
849484,0
849485,0
849486,0
849487,0
849488,29
849489,0
849490,0
849491,0
849492,0
849493,0
849494,0
849495,0
849496,0
849497,0
849498,0
849499,0
849500,0
849501,26
849502,0
849503,0
849504,0
849505,0
849506,41
849507,0
849508,0
849509,0
849510,0
849511,0
849512,0
849513,25
849514,0
849515,0
849516,0
849517,39
849518,0
849519,30
849520,0
849521,0
849522,0
849523,46
849524,0
849525,0
849526,0
849527,0
849528,0
849529,35
849530,40
849531,29
849532,0
849533,0
849534,0
849535,30
849536,0
849537,0
849538,0
849539,0
849540,43
849541,35
849542,28
849543,0
849544,0
849545,0
849546,0
849547,0
849548,0
849549,28
849550,0
849551,0
849552,0
849553,28
849554,0
849555,31
849556,0
849557,25
849558,0
849559,0
849560,0
849561,35
849562,0
849563,0
849564,0
849565,0
849566,0
849567,0
849568,7
849569,0
849570,0
849571,0
849572,0
849573,0
849574,0
849575,0
849576,0
849577,0
849578,0
849579,0
849580,0
849581,0
849582,0
849583,0
849584,15
849585,0
849586,0
849587,0
849588,0
849589,15
849590,0
849591,0
849592,0
849593,14
849594,0
849595,7
849596,0
849597,21
849598,0
849599,0
849600,0
849601,0
849602,0
849603,0
849604,0
849605,0
849606,0
849607,0
849608,0
849609,0
849610,0
849611,0
849612,0
849613,0
849614,0
849615,0
849616,0
849617,0
849618,0
849619,9
849620,0
849621,0
849622,0
849623,0
849624,0
849625,0
849626,0
849627,0
849628,0
849629,0
849630,0
849631,10
849632,11
849633,0
849634,0
849635,0
849636,0
849637,0
849638,0
849639,0
849640,0
849641,0
849642,0
849643,0
849644,16
849645,0
849646,0
849647,0
849648,0
849649,0
849650,0
849651,19
849652,0
849653,0
849654,0
849655,0
849656,0
849657,0
849658,0
849659,0
849660,0
849661,0
849662,11
849663,0
849664,0
849665,0
849666,0
849667,0
849668,0
849669,0
849670,0
849671,0
849672,0
849673,0
849674,0
849675,0
849676,0
849677,0
849678,0
849679,0
849680,0
849681,0
849682,0
849683,0
849684,0
849685,0
849686,0
849687,0
849688,0
849689,0
849690,0
849691,0
849692,0
849693,0
849694,0
849695,0
849696,0
849697,0
849698,0
849699,0
849700,0
849701,0
849702,0
849703,0
849704,0
849705,0
849706,0
849707,0
849708,22
849709,0
849710,0
849711,0
849712,0
849713,0
849714,0
849715,0
849716,0
849717,0
849718,0
849719,0
849720,0
849721,0
849722,0
849723,0
849724,0
849725,0
849726,0
849727,0
849728,0
849729,0
849730,0
849731,0
849732,0
849733,0
849734,0
849735,0
849736,0
849737,0
849738,0
849739,0
849740,0
849741,0
849742,0
849743,0
849744,0
849745,0
849746,0
849747,0
849748,0
849749,0
849750,0
849751,0
849752,0
849753,0
849754,0
849755,12
849756,0
849757,0
849758,0
849759,0
849760,0
849761,0
849762,0
849763,0
849764,0
849765,0
849766,0
849767,0
849768,0
849769,0
849770,0
849771,0
849772,0
849773,0
849774,0
849775,0
849776,0
849777,0
849778,16
849779,0
849780,0
849781,20
849782,0
849783,0
849784,0
849785,0
849786,0
849787,0
849788,12
849789,0
849790,0
849791,0
849792,0
849793,0
849794,0
849795,0
849796,0
849797,0
849798,0
849799,0
849800,0
849801,0
849802,0
849803,0
849804,0
849805,0
849806,0
849807,0
849808,0
849809,0
849810,12
849811,0
849812,0
849813,0
849814,0
849815,0
849816,11
849817,11
849818,0
849819,0
849820,0
849821,0
849822,0
849823,0
849824,0
849825,0
849826,0
849827,0
849828,15
849829,0
849830,0
849831,0
849832,0
849833,0
849834,0
849835,0
849836,0
849837,0
849838,0
849839,0
849840,0
849841,0
849842,0
849843,0
849844,0
849845,0
849846,18
849847,0
849848,0
849849,0
849850,0
849851,0
849852,0
849853,13
849854,0
849855,0
849856,0
849857,0
849858,0
849859,0
849860,16
849861,0
849862,0
849863,0
849864,0
849865,0
849866,0
849867,7
849868,0
849869,0
849870,0
849871,0
849872,0
849873,0
849874,0
849875,0
849876,0
849877,0
849878,0
849879,16
849880,0
849881,10
849882,0
849883,0
849884,0
849885,0
849886,0
849887,0
849888,0
849889,0
849890,0
849891,0
849892,0
849893,0
849894,0
849895,0
849896,0
849897,0
849898,0
849899,0
849900,0
849901,0
849902,0
849903,0
849904,0
849905,0
849906,0
849907,0
849908,0
849909,0
849910,0
849911,0
849912,17
849913,0
849914,0
849915,0
849916,0
849917,0
849918,0
849919,0
849920,0
849921,0
849922,0
849923,0
849924,14
849925,0
849926,10
849927,0
849928,0
849929,0
849930,0
849931,0
849932,0
849933,0
849934,0
849935,0
849936,0
849937,0
849938,0
849939,0
849940,0
849941,0
849942,0
849943,14
849944,0
849945,0
849946,0
849947,0
849948,0
849949,0
849950,0
849951,0
849952,0
849953,0
849954,0
849955,0
849956,0
849957,0
849958,0
849959,0
849960,0
849961,0
849962,0
849963,0
849964,9
849965,0
849966,18
849967,0
849968,0
849969,0
849970,0
849971,0
849972,0
849973,0
849974,0
849975,8
849976,0
849977,0
849978,0
849979,0
849980,0
849981,0
849982,11
849983,0
849984,0
849985,0
849986,0
849987,0
849988,0
849989,0
849990,0
849991,0
849992,0
849993,0
849994,0
849995,0
849996,0
849997,0
849998,0
849999,0
850000,0
850001,0
850002,0
850003,0
850004,0
850005,0
850006,0
850007,11
850008,0
850009,0
850010,0
850011,0
850012,0
850013,0
850014,0
850015,0
850016,0
850017,20
850018,0
850019,11
850020,0
850021,24
850022,0
850023,0
850024,0
850025,0
850026,0
850027,0
850028,0
850029,0
850030,13
850031,0
850032,0
850033,0
850034,0
850035,0
850036,0
850037,0
850038,0
850039,10
850040,0
850041,0
850042,0
850043,0
850044,0
850045,0
850046,0
850047,0
850048,0
850049,12
850050,0
850051,0
850052,0
850053,0
850054,0
850055,0
850056,0
850057,0
850058,0
850059,0
850060,0
850061,22
850062,0
850063,0
850064,0
850065,0
850066,0
850067,0
850068,0
850069,0
850070,0
850071,0
850072,0
850073,0
850074,0
850075,0
850076,0
850077,0
850078,0
850079,0
850080,0
850081,0
850082,0
850083,0
850084,0
850085,0
850086,0
850087,12
850088,0
850089,6
850090,0
850091,0
850092,0
850093,0
850094,0
850095,0
850096,0
850097,0
850098,0
850099,10
850100,0
850101,0
850102,0
850103,8
850104,13
850105,0
850106,0
850107,0
850108,0
850109,0
850110,17
850111,0
850112,0
850113,0
850114,0
850115,0
850116,0
850117,0
850118,0
850119,0
850120,17
850121,10
850122,0
850123,0
850124,15
850125,0
850126,9
850127,0
850128,0
850129,0
850130,0
850131,6
850132,0
850133,0
850134,0
850135,0
850136,0
850137,0
850138,0
850139,0
850140,0
850141,0
850142,10
850143,0
850144,0
850145,0
850146,0
850147,0
850148,0
850149,0
850150,0
850151,0
850152,0
850153,0
850154,0
850155,0
850156,0
850157,0
850158,0
850159,0
850160,0
850161,0
850162,0
850163,0
850164,0
850165,0
850166,0
850167,0
850168,0
850169,0
850170,0
850171,0
850172,0
850173,0
850174,0
850175,10
850176,0
850177,11
850178,0
850179,0
850180,0
850181,0
850182,0
850183,0
850184,0
850185,0
850186,0
850187,0
850188,0
850189,0
850190,0
850191,0
850192,0
850193,0
850194,13
850195,14
850196,0
850197,0
850198,0
850199,0
850200,0
850201,0
850202,0
850203,0
850204,0
850205,0
850206,0
850207,0
850208,7
850209,0
850210,0
850211,0
850212,0
850213,0
850214,0
850215,0
850216,16
850217,0
850218,0
850219,0
850220,0
850221,0
850222,11
850223,0
850224,0
850225,0
850226,0
850227,0
850228,0
850229,0
850230,0
850231,0
850232,0
850233,0
850234,0
850235,11
850236,0
850237,0
850238,0
850239,0
850240,0
850241,0
850242,0
850243,0
850244,17
850245,0
850246,0
850247,0
850248,0
850249,0
850250,0
850251,0
850252,0
850253,0
850254,0
850255,0
850256,9
850257,0
850258,0
850259,0
850260,0
850261,0
850262,0
850263,0
850264,0
850265,0
850266,0
850267,0
850268,0
850269,0
850270,0
850271,0
850272,0
850273,0
850274,0
850275,0
850276,0
850277,6
850278,0
850279,0
850280,0
850281,0
850282,0
850283,0
850284,0
850285,0
850286,0
850287,0
850288,5
850289,0
850290,4
850291,0
850292,6
850293,0
850294,0
850295,0
850296,0
850297,0
850298,0
850299,0
850300,0
850301,0
850302,0
850303,0
850304,0
850305,0
850306,0
850307,0
850308,0
850309,0
850310,0
850311,0
850312,0
850313,0
850314,0
850315,0
850316,0
850317,4
850318,0
850319,0
850320,0
850321,15
850322,0
850323,0
850324,0
850325,0
850326,0
850327,0
850328,0
850329,0
850330,0
850331,0
850332,0
850333,0
850334,0
850335,0
850336,0
850337,5
850338,0
850339,0
850340,0
850341,0
850342,0
850343,4
850344,0
850345,0
850346,0
850347,0
850348,0
850349,0
850350,0
850351,0
850352,0
850353,0
850354,0
850355,0
850356,0
850357,0
850358,7
850359,0
850360,0
850361,0
850362,0
850363,0
850364,0
850365,0
850366,9
850367,0
850368,0
850369,0
850370,0
850371,0
850372,0
850373,0
850374,0
850375,0
850376,3
850377,0
850378,0
850379,0
850380,1
850381,0
850382,0
850383,0
850384,0
850385,0
850386,0
850387,0
850388,0
850389,0
850390,0
850391,0
850392,0
850393,0
850394,0
850395,0
850396,0
850397,0
850398,10
850399,0
850400,0
850401,0
850402,0
850403,0
850404,0
850405,0
850406,9
850407,0
850408,0
850409,6
850410,0
850411,0
850412,0
850413,0
850414,0
850415,0
850416,0
850417,0
850418,0
850419,0
850420,0
850421,0
850422,0
850423,0
850424,0
850425,0
850426,10
850427,0
850428,13
850429,0
850430,0
850431,0
850432,0
850433,0
850434,0
850435,0
850436,0
850437,4
850438,0
850439,0
850440,0
850441,0
850442,0
850443,0
850444,0
850445,0
850446,11
850447,0
850448,0
850449,0
850450,0
850451,0
850452,0
850453,0
850454,0
850455,0
850456,0
850457,0
850458,0
850459,0
850460,0
850461,9
850462,0
850463,0
850464,0
850465,0
850466,5
850467,0
850468,3
850469,0
850470,0
850471,0
850472,4
850473,0
850474,0
850475,0
850476,0
850477,4
850478,0
850479,0
850480,0
850481,0
850482,6
850483,6
850484,0
850485,0
850486,6
850487,0
850488,0
850489,0
850490,0
850491,0
850492,0
850493,0
850494,9
850495,0
850496,0
850497,0
850498,0
850499,0
850500,0
850501,0
850502,0
850503,0
850504,0
850505,0
850506,0
850507,0
850508,0
850509,5
850510,0
850511,0
850512,0
850513,0
850514,0
850515,0
850516,0
850517,7
850518,0
850519,0
850520,0
850521,0
850522,0
850523,0
850524,0
850525,0
850526,0
850527,0
850528,1
850529,0
850530,0
850531,11
850532,0
850533,0
850534,0
850535,7
850536,0
850537,0
850538,0
850539,0
850540,9
850541,0
850542,0
850543,0
850544,0
850545,0
850546,0
850547,0
850548,0
850549,13
850550,0
850551,0
850552,0
850553,0
850554,0
850555,0
850556,0
850557,0
850558,0
850559,0
850560,0
850561,0
850562,6
850563,0
850564,0
850565,0
850566,12
850567,0
850568,0
850569,0
850570,0
850571,0
850572,0
850573,0
850574,10
850575,0
850576,0
850577,0
850578,13
850579,0
850580,0
850581,0
850582,0
850583,0
850584,0
850585,0
850586,0
850587,0
850588,0
850589,0
850590,0
850591,0
850592,0
850593,0
850594,0
850595,0
850596,0
850597,0
850598,0
850599,0
850600,8
850601,0
850602,7
850603,0
850604,0
850605,0
850606,0
850607,0
850608,0
850609,0
850610,0
850611,0
850612,0
850613,0
850614,0
850615,0
850616,0
850617,0
850618,0
850619,0
850620,0
850621,0
850622,0
850623,0
850624,7
850625,0
850626,0
850627,0
850628,0
850629,0
850630,0
850631,0
850632,0
850633,0
850634,0
850635,0
850636,0
850637,0
850638,0
850639,0
850640,0
850641,7
850642,0
850643,0
850644,0
850645,0
850646,11
850647,0
850648,7
850649,0
850650,0
850651,0
850652,0
850653,0
850654,0
850655,0
850656,0
850657,0
850658,0
850659,0
850660,6
850661,0
850662,0
850663,0
850664,0
850665,7
850666,0
850667,0
850668,0
850669,6
850670,0
850671,0
850672,0
850673,0
850674,0
850675,0
850676,0
850677,0
850678,0
850679,0
850680,0
850681,0
850682,0
850683,2
850684,0
850685,0
850686,0
850687,4
850688,0
850689,0
850690,0
850691,0
850692,0
850693,0
850694,0
850695,0
850696,0
850697,0
850698,0
850699,0
850700,0
850701,0
850702,0
850703,0
850704,0
850705,0
850706,0
850707,0
850708,0
850709,0
850710,0
850711,0
850712,0
850713,0
850714,0
850715,0
850716,0
850717,0
850718,0
850719,0
850720,0
850721,0
850722,0
850723,0
850724,0
850725,0
850726,0
850727,0
850728,0
850729,0
850730,0
850731,0
850732,0
850733,0
850734,0
850735,0
850736,0
850737,0
850738,0
850739,0
850740,0
850741,0
850742,0
850743,0
850744,0
850745,6
850746,0
850747,0
850748,0
850749,0
850750,0
850751,0
850752,0
850753,0
850754,0
850755,0
850756,0
850757,0
850758,0
850759,0
850760,0
850761,0
850762,0
850763,0
850764,5
850765,4
850766,0
850767,0
850768,0
850769,0
850770,0
850771,0
850772,0
850773,0
850774,8
850775,0
850776,0
850777,0
850778,0
850779,0
850780,0
850781,0
850782,0
850783,0
850784,0
850785,0
850786,0
850787,0
850788,0
850789,0
850790,0
850791,0
850792,10
850793,0
850794,0
850795,0
850796,0
850797,0
850798,12
850799,0
850800,0
850801,7
850802,0
850803,0
850804,0
850805,0
850806,0
850807,0
850808,0
850809,0
850810,0
850811,0
850812,0
850813,0
850814,0
850815,0
850816,0
850817,0
850818,0
850819,0
850820,0
850821,0
850822,0
850823,0
850824,0
850825,0
850826,0
850827,0
850828,0
850829,4
850830,0
850831,0
850832,10
850833,6
850834,0
850835,0
850836,0
850837,0
850838,0
850839,0
850840,0
850841,0
850842,8
850843,0
850844,0
850845,0
850846,0
850847,9
850848,0
850849,0
850850,6
850851,0
850852,9
850853,0
850854,0
850855,0
850856,0
850857,0
850858,0
850859,0
850860,0
850861,0
850862,0
850863,0
850864,3
850865,9
850866,0
850867,3
850868,0
850869,0
850870,0
850871,0
850872,0
850873,0
850874,0
850875,4
850876,6
850877,0
850878,0
850879,0
850880,6
850881,0
850882,0
850883,0
850884,0
850885,0
850886,1
850887,0
850888,0
850889,0
850890,0
850891,0
850892,0
850893,5
850894,3
850895,0
850896,0
850897,0
850898,0
850899,0
850900,0
850901,0
850902,0
850903,0
850904,0
850905,0
850906,0
850907,8
850908,4
850909,0
850910,0
850911,0
850912,0
850913,0
850914,0
850915,0
850916,0
850917,0
850918,0
850919,8
850920,0
850921,0
850922,14
850923,0
850924,0
850925,0
850926,0
850927,0
850928,0
850929,0
850930,0
850931,0
850932,0
850933,0
850934,0
850935,0
850936,13
850937,0
850938,0
850939,0
850940,0
850941,1
850942,0
850943,0
850944,0
850945,0
850946,7
850947,0
850948,0
850949,0
850950,0
850951,0
850952,0
850953,0
850954,0
850955,0
850956,0
850957,0
850958,0
850959,8
850960,0
850961,0
850962,0
850963,0
850964,9
850965,0
850966,0
850967,0
850968,0
850969,0
850970,0
850971,0
850972,0
850973,7
850974,0
850975,2
850976,0
850977,0
850978,0
850979,13
850980,12
850981,0
850982,0
850983,0
850984,0
850985,0
850986,0
850987,5
850988,0
850989,0
850990,0
850991,0
850992,0
850993,0
850994,0
850995,10
850996,0
850997,0
850998,5
850999,12
851000,0
851001,0
851002,0
851003,0
851004,0
851005,0
851006,0
851007,7
851008,0
851009,8
851010,6
851011,0
851012,0
851013,0
851014,10
851015,0
851016,0
851017,0
851018,0
851019,0
851020,0
851021,7
851022,0
851023,0
851024,0
851025,0
851026,0
851027,0
851028,0
851029,0
851030,0
851031,3
851032,0
851033,0
851034,0
851035,0
851036,9
851037,6
851038,8
851039,0
851040,0
851041,0
851042,0
851043,0
851044,0
851045,0
851046,0
851047,0
851048,0
851049,0
851050,0
851051,0
851052,0
851053,0
851054,0
851055,2
851056,0
851057,0
851058,0
851059,5
851060,18
851061,5
851062,0
851063,0
851064,5
851065,0
851066,0
851067,0
851068,0
851069,0
851070,5
851071,0
851072,4
851073,0
851074,0
851075,0
851076,0
851077,0
851078,0
851079,0
851080,0
851081,0
851082,0
851083,0
851084,8
851085,8
851086,0
851087,0
851088,0
851089,0
851090,8
851091,5
851092,0
851093,8
851094,0
851095,0
851096,0
851097,0
851098,0
851099,8
851100,5
851101,0
851102,0
851103,0
851104,0
851105,5
851106,0
851107,0
851108,0
851109,0
851110,0
851111,0
851112,0
851113,5
851114,0
851115,0
851116,8
851117,0
851118,0
851119,0
851120,0
851121,32
851122,0
851123,0
851124,0
851125,0
851126,62
851127,0
851128,0
851129,0
851130,0
851131,0
851132,0
851133,0
851134,0
851135,0
851136,35
851137,0
851138,0
851139,0
851140,0
851141,0
851142,0
851143,0
851144,0
851145,0
851146,0
851147,0
851148,0
851149,0
851150,0
851151,0
851152,0
851153,0
851154,0
851155,0
851156,41
851157,0
851158,0
851159,0
851160,0
851161,0
851162,0
851163,0
851164,0
851165,0
851166,0
851167,0
851168,0
851169,28
851170,0
851171,0
851172,0
851173,41
851174,0
851175,0
851176,31
851177,0
851178,0
851179,0
851180,0
851181,0
851182,0
851183,0
851184,0
851185,0
851186,0
851187,0
851188,0
851189,21
851190,0
851191,18
851192,0
851193,34
851194,22
851195,0
851196,29
851197,0
851198,0
851199,0
851200,35
851201,0
851202,0
851203,24
851204,0
851205,0
851206,0
851207,0
851208,17
851209,30
851210,26
851211,15
851212,15
851213,0
851214,0
851215,0
851216,0
851217,0
851218,0
851219,0
851220,0
851221,0
851222,0
851223,19
851224,21
851225,0
851226,4
851227,0
851228,5
851229,0
851230,0
851231,16
851232,0
851233,0
851234,0
851235,0
851236,0
851237,15
851238,0
851239,32
851240,0
851241,0
851242,0
851243,0
851244,0
851245,26
851246,0
851247,16
851248,23
851249,0
851250,0
851251,0
851252,19
851253,11
851254,0
851255,18
851256,0
851257,0
851258,0
851259,14
851260,0
851261,3
851262,0
851263,0
851264,0
851265,0
851266,40
851267,0
851268,40
851269,0
851270,0
851271,0
851272,21
851273,0
851274,0
851275,14
851276,27
851277,0
851278,16
851279,0
851280,0
851281,5
851282,0
851283,34
851284,0
851285,16
851286,0
851287,0
851288,0
851289,36
851290,23
851291,0
851292,30
851293,0
851294,0
851295,0
851296,0
851297,0
851298,11
851299,21
851300,24
851301,10
851302,17
851303,0
851304,0
851305,23
851306,24
851307,0
851308,0
851309,10
851310,17
851311,22
851312,0
851313,11
851314,0
851315,0
851316,11
851317,0
851318,38
851319,23
851320,0
851321,0
851322,22
851323,0
851324,23
851325,0
851326,0
851327,0
851328,14
851329,0
851330,0
851331,18
851332,0
851333,0
851334,0
851335,0
851336,0
851337,0
851338,0
851339,0
851340,0
851341,24
851342,8
851343,0
851344,0
851345,14
851346,0
851347,0
851348,42
851349,0
851350,0
851351,0
851352,21
851353,0
851354,0
851355,0
851356,5
851357,0
851358,21
851359,0
851360,0
851361,14
851362,0
851363,0
851364,10
851365,0
851366,0
851367,0
851368,0
851369,25
851370,9
851371,0
851372,0
851373,19
851374,0
851375,0
851376,0
851377,0
851378,0
851379,10
851380,0
851381,35
851382,0
851383,0
851384,0
851385,17
851386,0
851387,32
851388,0
851389,0
851390,0
851391,25
851392,16
851393,0
851394,41
851395,18
851396,0
851397,13
851398,0
851399,10
851400,22
851401,0
851402,0
851403,0
851404,12
851405,0
851406,0
851407,0
851408,0
851409,0
851410,34
851411,10
851412,0
851413,16
851414,0
851415,0
851416,13
851417,0
851418,0
851419,0
851420,0
851421,0
851422,0
851423,29
851424,26
851425,0
851426,0
851427,0
851428,20
851429,0
851430,0
851431,0
851432,0
851433,25
851434,0
851435,0
851436,0
851437,34
851438,0
851439,0
851440,0
851441,0
851442,0
851443,0
851444,0
851445,0
851446,0
851447,0
851448,20
851449,0
851450,0
851451,15
851452,0
851453,14
851454,0
851455,15
851456,0
851457,0
851458,0
851459,0
851460,0
851461,0
851462,0
851463,0
851464,0
851465,0
851466,9
851467,0
851468,0
851469,27
851470,0
851471,0
851472,0
851473,0
851474,0
851475,0
851476,0
851477,0
851478,21
851479,0
851480,0
851481,0
851482,0
851483,0
851484,0
851485,0
851486,31
851487,21
851488,0
851489,19
851490,0
851491,17
851492,0
851493,0
851494,31
851495,16
851496,24
851497,22
851498,0
851499,0
851500,0
851501,0
851502,0
851503,0
851504,0
851505,0
851506,15
851507,0
851508,0
851509,0
851510,0
851511,19
851512,0
851513,0
851514,0
851515,0
851516,0
851517,0
851518,0
851519,0
851520,0
851521,0
851522,15
851523,0
851524,0
851525,0
851526,14
851527,0
851528,0
851529,6
851530,0
851531,0
851532,18
851533,0
851534,0
851535,0
851536,21
851537,0
851538,21
851539,0
851540,36
851541,0
851542,26
851543,0
851544,0
851545,21
851546,0
851547,0
851548,0
851549,19
851550,0
851551,0
851552,0
851553,0
851554,25
851555,0
851556,0
851557,0
851558,0
851559,10
851560,22
851561,0
851562,0
851563,0
851564,0
851565,30
851566,11
851567,11
851568,0
851569,26
851570,0
851571,0
851572,24
851573,0
851574,0
851575,32
851576,0
851577,0
851578,0
851579,30
851580,0
851581,0
851582,27
851583,28
851584,21
851585,42
851586,13
851587,28
851588,0
851589,0
851590,0
851591,0
851592,0
851593,0
851594,0
851595,18
851596,0
851597,0
851598,0
851599,0
851600,0
851601,22
851602,0
851603,0
851604,19
851605,0
851606,0
851607,31
851608,23
851609,0
851610,0
851611,0
851612,0
851613,0
851614,0
851615,0
851616,0
851617,0
851618,0
851619,31
851620,37
851621,0
851622,7
851623,0
851624,6
851625,23
851626,0
851627,0
851628,0
851629,0
851630,0
851631,17
851632,4
851633,29
851634,0
851635,22
851636,18
851637,0
851638,0
851639,0
851640,0
851641,8
851642,9
851643,0
851644,26
851645,0
851646,0
851647,0
851648,47
851649,0
851650,0
851651,25
851652,0
851653,7
851654,0
851655,13
851656,0
851657,0
851658,12
851659,0
851660,0
851661,29
851662,0
851663,0
851664,0
851665,23
851666,0
851667,21
851668,0
851669,23
851670,38
851671,0
851672,0
851673,0
851674,11
851675,0
851676,0
851677,0
851678,18
851679,0
851680,0
851681,0
851682,0
851683,24
851684,0
851685,0
851686,16
851687,31
851688,17
851689,0
851690,0
851691,0
851692,0
851693,0
851694,0
851695,12
851696,0
851697,0
851698,23
851699,0
851700,0
851701,0
851702,0
851703,0
851704,0
851705,26
851706,0
851707,0
851708,0
851709,0
851710,0
851711,0
851712,0
851713,0
851714,23
851715,0
851716,18
851717,29
851718,39
851719,0
851720,27
851721,0
851722,0
851723,32
851724,0
851725,28
851726,27
851727,0
851728,0
851729,0
851730,8
851731,0
851732,0
851733,0
851734,0
851735,0
851736,0
851737,0
851738,0
851739,0
851740,17
851741,0
851742,0
851743,0
851744,0
851745,29
851746,21
851747,18
851748,0
851749,14
851750,0
851751,14
851752,4
851753,0
851754,0
851755,0
851756,0
851757,0
851758,0
851759,0
851760,0
851761,0
851762,0
851763,0
851764,0
851765,0
851766,0
851767,0
851768,32
851769,0
851770,0
851771,22
851772,0
851773,0
851774,32
851775,23
851776,0
851777,0
851778,0
851779,21
851780,0
851781,0
851782,0
851783,0
851784,0
851785,22
851786,0
851787,0
851788,0
851789,0
851790,0
851791,0
851792,0
851793,0
851794,0
851795,0
851796,0
851797,0
851798,0
851799,0
851800,0
851801,0
851802,0
851803,0
851804,16
851805,0
851806,0
851807,0
851808,0
851809,0
851810,0
851811,0
851812,12
851813,0
851814,0
851815,0
851816,0
851817,0
851818,0
851819,0
851820,0
851821,0
851822,0
851823,0
851824,0
851825,0
851826,0
851827,18
851828,0
851829,11
851830,0
851831,11
851832,10
851833,22
851834,0
851835,16
851836,0
851837,0
851838,0
851839,0
851840,27
851841,0
851842,31
851843,26
851844,0
851845,0
851846,0
851847,0
851848,0
851849,0
851850,0
851851,0
851852,23
851853,18
851854,0
851855,0
851856,0
851857,0
851858,0
851859,0
851860,12
851861,25
851862,0
851863,20
851864,0
851865,30
851866,22
851867,0
851868,16
851869,0
851870,0
851871,0
851872,21
851873,0
851874,15
851875,0
851876,0
851877,0
851878,9
851879,14
851880,0
851881,0
851882,12
851883,0
851884,11
851885,13
851886,0
851887,0
851888,0
851889,0
851890,0
851891,0
851892,0
851893,0
851894,0
851895,19
851896,0
851897,0
851898,0
851899,0
851900,0
851901,23
851902,16
851903,0
851904,0
851905,29
851906,0
851907,0
851908,0
851909,0
851910,0
851911,22
851912,0
851913,0
851914,0
851915,0
851916,34
851917,0
851918,0
851919,27
851920,0
851921,0
851922,32
851923,0
851924,0
851925,35
851926,0
851927,0
851928,0
851929,0
851930,0
851931,25
851932,0
851933,0
851934,19
851935,0
851936,0
851937,0
851938,0
851939,28
851940,28
851941,0
851942,0
851943,0
851944,17
851945,0
851946,0
851947,25
851948,21
851949,0
851950,0
851951,0
851952,28
851953,0
851954,30
851955,19
851956,28
851957,15
851958,0
851959,12
851960,0
851961,0
851962,0
851963,0
851964,0
851965,21
851966,0
851967,0
851968,0
851969,0
851970,0
851971,0
851972,0
851973,0
851974,0
851975,0
851976,0
851977,0
851978,0
851979,0
851980,0
851981,0
851982,0
851983,0
851984,0
851985,0
851986,29
851987,0
851988,43
851989,0
851990,0
851991,0
851992,0
851993,0
851994,0
851995,0
851996,0
851997,0
851998,0
851999,0
852000,0
852001,0
852002,0
852003,0
852004,0
852005,0
852006,0
852007,0
852008,0
852009,0
852010,0
852011,0
852012,0
852013,0
852014,0
852015,0
852016,0
852017,0
852018,0
852019,29
852020,0
852021,0
852022,0
852023,0
852024,0
852025,0
852026,0
852027,0
852028,0
852029,0
852030,0
852031,0
852032,0
852033,0
852034,25
852035,0
852036,0
852037,0
852038,0
852039,0
852040,0
852041,0
852042,28
852043,0
852044,0
852045,0
852046,0
852047,0
852048,0
852049,0
852050,0
852051,0
852052,0
852053,0
852054,0
852055,0
852056,0
852057,0
852058,0
852059,0
852060,0
852061,0
852062,0
852063,0
852064,46
852065,0
852066,0
852067,0
852068,0
852069,0
852070,0
852071,0
852072,0
852073,0
852074,0
852075,0
852076,0
852077,0
852078,0
852079,0
852080,0
852081,0
852082,0
852083,0
852084,0
852085,0
852086,0
852087,0
852088,0
852089,0
852090,0
852091,0
852092,0
852093,0
852094,0
852095,0
852096,0
852097,0
852098,0
852099,0
852100,0
852101,0
852102,0
852103,0
852104,0
852105,0
852106,0
852107,0
852108,0
852109,0
852110,0
852111,0
852112,0
852113,0
852114,0
852115,0
852116,0
852117,0
852118,0
852119,0
852120,36
852121,0
852122,0
852123,0
852124,0
852125,0
852126,0
852127,0
852128,0
852129,0
852130,0
852131,0
852132,0
852133,0
852134,0
852135,0
852136,0
852137,0
852138,0
852139,0
852140,0
852141,0
852142,0
852143,0
852144,0
852145,0
852146,0
852147,0
852148,0
852149,0
852150,0
852151,0
852152,0
852153,48
852154,0
852155,0
852156,0
852157,0
852158,0
852159,0
852160,0
852161,0
852162,0
852163,0
852164,0
852165,0
852166,0
852167,0
852168,0
852169,0
852170,32
852171,32
852172,0
852173,0
852174,0
852175,0
852176,0
852177,0
852178,0
852179,0
852180,0
852181,0
852182,0
852183,0
852184,0
852185,0
852186,0
852187,0
852188,0
852189,0
852190,0
852191,0
852192,0
852193,54
852194,0
852195,0
852196,0
852197,46
852198,0
852199,0
852200,0
852201,0
852202,0
852203,0
852204,0
852205,0
852206,0
852207,0
852208,0
852209,0
852210,0
852211,0
852212,0
852213,0
852214,0
852215,0
852216,0
852217,0
852218,0
852219,0
852220,0
852221,0
852222,0
852223,0
852224,0
852225,0
852226,0
852227,21
852228,0
852229,19
852230,0
852231,0
852232,0
852233,0
852234,0
852235,0
852236,0
852237,0
852238,0
852239,0
852240,0
852241,0
852242,0
852243,0
852244,0
852245,0
852246,0
852247,0
852248,0
852249,0
852250,0
852251,0
852252,0
852253,0
852254,0
852255,0
852256,0
852257,0
852258,0
852259,0
852260,0
852261,0
852262,0
852263,0
852264,0
852265,0
852266,0
852267,0
852268,0
852269,0
852270,0
852271,0
852272,0
852273,0
852274,0
852275,0
852276,0
852277,0
852278,0
852279,30
852280,0
852281,0
852282,0
852283,0
852284,0
852285,0
852286,0
852287,0
852288,38
852289,0
852290,0
852291,0
852292,0
852293,0
852294,0
852295,0
852296,0
852297,0
852298,0
852299,0
852300,0
852301,0
852302,0
852303,0
852304,0
852305,0
852306,0
852307,26
852308,0
852309,0
852310,0
852311,0
852312,0
852313,0
852314,0
852315,0
852316,0
852317,0
852318,0
852319,0
852320,0
852321,0
852322,0
852323,0
852324,0
852325,0
852326,0
852327,0
852328,0
852329,0
852330,0
852331,0
852332,0
852333,0
852334,0
852335,0
852336,0
852337,0
852338,0
852339,0
852340,0
852341,0
852342,0
852343,0
852344,0
852345,0
852346,0
852347,0
852348,0
852349,0
852350,0
852351,0
852352,0
852353,0
852354,0
852355,0
852356,0
852357,0
852358,0
852359,0
852360,0
852361,0
852362,0
852363,0
852364,0
852365,34
852366,0
852367,0
852368,0
852369,0
852370,0
852371,0
852372,0
852373,0
852374,0
852375,0
852376,0
852377,0
852378,0
852379,0
852380,0
852381,0
852382,0
852383,0
852384,0
852385,37
852386,0
852387,0
852388,0
852389,40
852390,0
852391,0
852392,0
852393,0
852394,0
852395,0
852396,0
852397,0
852398,19
852399,22
852400,0
852401,0
852402,0
852403,0
852404,0
852405,0
852406,0
852407,35
852408,0
852409,0
852410,0
852411,0
852412,0
852413,0
852414,0
852415,0
852416,0
852417,0
852418,0
852419,0
852420,0
852421,0
852422,0
852423,0
852424,0
852425,0
852426,0
852427,0
852428,0
852429,0
852430,0
852431,53
852432,0
852433,0
852434,0
852435,0
852436,0
852437,0
852438,0
852439,0
852440,0
852441,0
852442,33
852443,0
852444,40
852445,0
852446,0
852447,0
852448,0
852449,0
852450,0
852451,27
852452,0
852453,0
852454,0
852455,0
852456,0
852457,0
852458,0
852459,0
852460,0
852461,0
852462,37
852463,0
852464,0
852465,0
852466,0
852467,0
852468,0
852469,0
852470,0
852471,0
852472,0
852473,0
852474,0
852475,0
852476,37
852477,0
852478,0
852479,0
852480,0
852481,0
852482,0
852483,0
852484,0
852485,0
852486,0
852487,0
852488,0
852489,0
852490,0
852491,0
852492,0
852493,0
852494,0
852495,0
852496,0
852497,0
852498,0
852499,0
852500,0
852501,0
852502,0
852503,0
852504,0
852505,0
852506,0
852507,0
852508,0
852509,0
852510,0
852511,0
852512,0
852513,0
852514,0
852515,0
852516,0
852517,0
852518,0
852519,0
852520,0
852521,0
852522,0
852523,0
852524,0
852525,0
852526,0
852527,0
852528,0
852529,0
852530,0
852531,0
852532,11
852533,0
852534,0
852535,0
852536,0
852537,0
852538,0
852539,24
852540,0
852541,0
852542,0
852543,0
852544,0
852545,0
852546,0
852547,0
852548,0
852549,0
852550,20
852551,0
852552,0
852553,0
852554,0
852555,13
852556,0
852557,0
852558,0
852559,0
852560,0
852561,0
852562,0
852563,16
852564,0
852565,0
852566,0
852567,0
852568,19
852569,0
852570,0
852571,0
852572,0
852573,0
852574,0
852575,0
852576,0
852577,0
852578,0
852579,0
852580,14
852581,0
852582,0
852583,0
852584,0
852585,0
852586,0
852587,0
852588,0
852589,0
852590,0
852591,0
852592,0
852593,0
852594,0
852595,0
852596,0
852597,0
852598,0
852599,0
852600,0
852601,0
852602,0
852603,0
852604,0
852605,0
852606,0
852607,0
852608,15
852609,0
852610,0
852611,0
852612,0
852613,0
852614,18
852615,0
852616,0
852617,0
852618,15
852619,0
852620,0
852621,0
852622,0
852623,0
852624,0
852625,0
852626,0
852627,0
852628,0
852629,0
852630,0
852631,0
852632,16
852633,0
852634,0
852635,0
852636,0
852637,0
852638,0
852639,0
852640,0
852641,0
852642,25
852643,0
852644,0
852645,0
852646,0
852647,0
852648,0
852649,12
852650,0
852651,0
852652,0
852653,0
852654,14
852655,0
852656,0
852657,0
852658,0
852659,0
852660,0
852661,0
852662,0
852663,0
852664,0
852665,0
852666,0
852667,0
852668,0
852669,0
852670,0
852671,0
852672,0
852673,0
852674,0
852675,0
852676,0
852677,0
852678,0
852679,0
852680,0
852681,0
852682,0
852683,0
852684,0
852685,0
852686,31
852687,0
852688,13
852689,0
852690,0
852691,0
852692,0
852693,0
852694,0
852695,0
852696,0
852697,0
852698,0
852699,0
852700,0
852701,0
852702,0
852703,0
852704,0
852705,18
852706,0
852707,0
852708,0
852709,0
852710,23
852711,0
852712,16
852713,0
852714,13
852715,0
852716,18
852717,0
852718,0
852719,0
852720,0
852721,0
852722,0
852723,0
852724,0
852725,0
852726,15
852727,0
852728,0
852729,0
852730,0
852731,0
852732,0
852733,0
852734,0
852735,0
852736,17
852737,0
852738,0
852739,0
852740,0
852741,0
852742,0
852743,0
852744,10
852745,22
852746,0
852747,0
852748,0
852749,0
852750,0
852751,0
852752,0
852753,0
852754,0
852755,0
852756,0
852757,0
852758,0
852759,0
852760,0
852761,11
852762,0
852763,0
852764,0
852765,0
852766,0
852767,0
852768,22
852769,0
852770,0
852771,0
852772,0
852773,0
852774,18
852775,0
852776,0
852777,0
852778,0
852779,0
852780,0
852781,0
852782,32
852783,0
852784,22
852785,0
852786,0
852787,13
852788,0
852789,0
852790,0
852791,0
852792,13
852793,16
852794,14
852795,38
852796,0
852797,0
852798,18
852799,0
852800,10
852801,12
852802,0
852803,0
852804,20
852805,27
852806,0
852807,0
852808,0
852809,0
852810,0
852811,0
852812,0
852813,0
852814,0
852815,0
852816,0
852817,0
852818,23
852819,0
852820,0
852821,0
852822,0
852823,21
852824,10
852825,0
852826,23
852827,0
852828,0
852829,0
852830,19
852831,0
852832,0
852833,0
852834,18
852835,0
852836,26
852837,20
852838,0
852839,22
852840,13
852841,0
852842,0
852843,0
852844,0
852845,22
852846,0
852847,28
852848,18
852849,0
852850,0
852851,0
852852,0
852853,0
852854,34
852855,0
852856,4
852857,9
852858,15
852859,16
852860,0
852861,0
852862,19
852863,13
852864,0
852865,20
852866,0
852867,25
852868,0
852869,0
852870,0
852871,17
852872,0
852873,0
852874,49
852875,14
852876,8
852877,12
852878,0
852879,0
852880,7
852881,0
852882,8
852883,0
852884,0
852885,0
852886,0
852887,25
852888,0
852889,0
852890,0
852891,0
852892,16
852893,0
852894,17
852895,0
852896,0
852897,16
852898,0
852899,0
852900,0
852901,20
852902,0
852903,15
852904,0
852905,0
852906,0
852907,28
852908,0
852909,0
852910,9
852911,21
852912,0
852913,0
852914,19
852915,0
852916,0
852917,16
852918,0
852919,23
852920,30
852921,0
852922,0
852923,0
852924,0
852925,0
852926,0
852927,0
852928,12
852929,0
852930,0
852931,0
852932,0
852933,23
852934,18
852935,0
852936,0
852937,0
852938,0
852939,0
852940,0
852941,27
852942,0
852943,0
852944,0
852945,0
852946,15
852947,0
852948,8
852949,0
852950,0
852951,0
852952,0
852953,17
852954,0
852955,0
852956,0
852957,0
852958,0
852959,29
852960,13
852961,0
852962,26
852963,0
852964,20
852965,0
852966,0
852967,0
852968,32
852969,0
852970,26
852971,0
852972,43
852973,18
852974,24
852975,0
852976,6
852977,18
852978,0
852979,0
852980,0
852981,20
852982,0
852983,19
852984,15
852985,23
852986,0
852987,0
852988,0
852989,0
852990,10
852991,0
852992,25
852993,0
852994,16
852995,0
852996,0
852997,0
852998,0
852999,0
853000,0
853001,0
853002,0
853003,0
853004,19
853005,28
853006,0
853007,0
853008,0
853009,0
853010,0
853011,0
853012,0
853013,0
853014,17
853015,0
853016,0
853017,0
853018,0
853019,14
853020,0
853021,35
853022,0
853023,0
853024,0
853025,0
853026,17
853027,0
853028,0
853029,0
853030,13
853031,37
853032,0
853033,7
853034,0
853035,0
853036,0
853037,0
853038,0
853039,0
853040,24
853041,0
853042,18
853043,0
853044,0
853045,0
853046,21
853047,0
853048,25
853049,0
853050,0
853051,0
853052,0
853053,17
853054,0
853055,0
853056,19
853057,0
853058,0
853059,35
853060,20
853061,0
853062,0
853063,0
853064,0
853065,0
853066,0
853067,0
853068,0
853069,0
853070,15
853071,0
853072,0
853073,0
853074,0
853075,25
853076,0
853077,0
853078,13
853079,21
853080,22
853081,12
853082,0
853083,0
853084,0
853085,0
853086,6
853087,0
853088,0
853089,0
853090,16
853091,0
853092,0
853093,14
853094,0
853095,37
853096,23
853097,0
853098,15
853099,19
853100,0
853101,0
853102,0
853103,0
853104,0
853105,0
853106,22
853107,14
853108,0
853109,0
853110,0
853111,0
853112,18
853113,0
853114,0
853115,0
853116,0
853117,39
853118,0
853119,0
853120,0
853121,0
853122,0
853123,0
853124,0
853125,0
853126,0
853127,0
853128,0
853129,20
853130,0
853131,0
853132,0
853133,0
853134,13
853135,0
853136,0
853137,35
853138,17
853139,19
853140,19
853141,30
853142,14
853143,0
853144,0
853145,31
853146,0
853147,29
853148,33
853149,0
853150,0
853151,0
853152,0
853153,25
853154,0
853155,23
853156,19
853157,0
853158,0
853159,16
853160,0
853161,17
853162,0
853163,0
853164,0
853165,0
853166,0
853167,11
853168,0
853169,0
853170,0
853171,0
853172,17
853173,0
853174,0
853175,18
853176,0
853177,0
853178,0
853179,0
853180,0
853181,0
853182,0
853183,0
853184,0
853185,0
853186,0
853187,0
853188,30
853189,26
853190,0
853191,15
853192,0
853193,29
853194,0
853195,0
853196,0
853197,0
853198,14
853199,0
853200,0
853201,19
853202,17
853203,0
853204,0
853205,0
853206,0
853207,32
853208,0
853209,0
853210,0
853211,0
853212,0
853213,0
853214,29
853215,0
853216,0
853217,0
853218,14
853219,0
853220,0
853221,0
853222,13
853223,0
853224,0
853225,0
853226,0
853227,0
853228,0
853229,0
853230,0
853231,0
853232,0
853233,0
853234,0
853235,23
853236,0
853237,0
853238,0
853239,21
853240,6
853241,19
853242,0
853243,0
853244,0
853245,0
853246,15
853247,0
853248,16
853249,0
853250,18
853251,23
853252,0
853253,0
853254,0
853255,0
853256,0
853257,0
853258,13
853259,31
853260,9
853261,28
853262,26
853263,0
853264,20
853265,0
853266,0
853267,0
853268,0
853269,0
853270,0
853271,0
853272,0
853273,0
853274,0
853275,0
853276,0
853277,0
853278,0
853279,22
853280,0
853281,0
853282,0
853283,0
853284,0
853285,0
853286,0
853287,0
853288,0
853289,0
853290,0
853291,0
853292,0
853293,25
853294,0
853295,13
853296,16
853297,0
853298,16
853299,19
853300,0
853301,0
853302,26
853303,38
853304,0
853305,0
853306,0
853307,0
853308,0
853309,0
853310,0
853311,0
853312,0
853313,0
853314,0
853315,0
853316,9
853317,0
853318,24
853319,0
853320,29
853321,0
853322,0
853323,0
853324,0
853325,0
853326,0
853327,0
853328,13
853329,0
853330,12
853331,23
853332,0
853333,15
853334,0
853335,24
853336,0
853337,0
853338,19
853339,0
853340,0
853341,0
853342,0
853343,0
853344,0
853345,0
853346,18
853347,0
853348,22
853349,0
853350,0
853351,0
853352,15
853353,24
853354,0
853355,10
853356,0
853357,0
853358,0
853359,0
853360,0
853361,13
853362,9
853363,0
853364,0
853365,10
853366,0
853367,15
853368,0
853369,0
853370,17
853371,0
853372,0
853373,10
853374,14
853375,0
853376,0
853377,0
853378,16
853379,0
853380,0
853381,0
853382,0
853383,0
853384,11
853385,0
853386,0
853387,0
853388,0
853389,0
853390,13
853391,13
853392,0
853393,0
853394,0
853395,0
853396,27
853397,0
853398,0
853399,0
853400,0
853401,0
853402,0
853403,13
853404,0
853405,0
853406,0
853407,0
853408,0
853409,21
853410,0
853411,0
853412,19
853413,0
853414,0
853415,0
853416,21
853417,0
853418,0
853419,0
853420,0
853421,12
853422,0
853423,0
853424,0
853425,0
853426,0
853427,16
853428,0
853429,0
853430,0
853431,0
853432,0
853433,0
853434,0
853435,17
853436,0
853437,0
853438,16
853439,0
853440,0
853441,0
853442,0
853443,24
853444,0
853445,0
853446,23
853447,20
853448,20
853449,18
853450,22
853451,0
853452,24
853453,0
853454,0
853455,23
853456,19
853457,0
853458,0
853459,16
853460,0
853461,0
853462,26
853463,0
853464,14
853465,0
853466,0
853467,0
853468,0
853469,0
853470,0
853471,0
853472,26
853473,34
853474,0
853475,0
853476,0
853477,26
853478,0
853479,0
853480,0
853481,0
853482,0
853483,0
853484,0
853485,0
853486,0
853487,18
853488,0
853489,14
853490,2
853491,0
853492,0
853493,0
853494,0
853495,0
853496,0
853497,0
853498,10
853499,32
853500,0
853501,0
853502,0
853503,13
853504,0
853505,14
853506,12
853507,18
853508,0
853509,0
853510,17
853511,0
853512,26
853513,0
853514,0
853515,8
853516,0
853517,0
853518,13
853519,0
853520,0
853521,0
853522,0
853523,12
853524,0
853525,0
853526,0
853527,0
853528,0
853529,0
853530,0
853531,0
853532,0
853533,16
853534,18
853535,0
853536,24
853537,0
853538,0
853539,0
853540,0
853541,8
853542,0
853543,0
853544,0
853545,22
853546,0
853547,0
853548,22
853549,0
853550,0
853551,0
853552,0
853553,0
853554,0
853555,0
853556,0
853557,0
853558,0
853559,0
853560,0
853561,16
853562,0
853563,0
853564,0
853565,0
853566,16
853567,0
853568,8
853569,0
853570,0
853571,28
853572,0
853573,0
853574,0
853575,0
853576,26
853577,0
853578,25
853579,13
853580,0
853581,0
853582,0
853583,0
853584,0
853585,16
853586,0
853587,0
853588,5
853589,0
853590,0
853591,0
853592,0
853593,0
853594,27
853595,0
853596,0
853597,17
853598,0
853599,0
853600,0
853601,0
853602,0
853603,22
853604,16
853605,11
853606,0
853607,21
853608,0
853609,22
853610,28
853611,0
853612,0
853613,0
853614,22
853615,0
853616,0
853617,16
853618,15
853619,16
853620,11
853621,14
853622,0
853623,0
853624,18
853625,0
853626,0
853627,0
853628,23
853629,0
853630,0
853631,0
853632,0
853633,0
853634,0
853635,0
853636,14
853637,0
853638,0
853639,0
853640,0
853641,0
853642,0
853643,0
853644,0
853645,0
853646,0
853647,0
853648,0
853649,0
853650,0
853651,0
853652,0
853653,0
853654,0
853655,23
853656,21
853657,0
853658,0
853659,0
853660,0
853661,0
853662,26
853663,0
853664,28
853665,36
853666,0
853667,0
853668,34
853669,0
853670,0
853671,0
853672,0
853673,0
853674,0
853675,0
853676,34
853677,0
853678,0
853679,0
853680,0
853681,0
853682,29
853683,27
853684,0
853685,0
853686,31
853687,0
853688,0
853689,0
853690,0
853691,0
853692,0
853693,0
853694,0
853695,0
853696,0
853697,26
853698,0
853699,30
853700,0
853701,0
853702,0
853703,0
853704,0
853705,0
853706,0
853707,0
853708,0
853709,0
853710,0
853711,0
853712,0
853713,0
853714,0
853715,0
853716,0
853717,0
853718,0
853719,0
853720,32
853721,0
853722,0
853723,0
853724,30
853725,0
853726,0
853727,0
853728,0
853729,0
853730,0
853731,24
853732,0
853733,0
853734,0
853735,0
853736,0
853737,0
853738,0
853739,0
853740,0
853741,0
853742,0
853743,0
853744,0
853745,0
853746,0
853747,19
853748,0
853749,47
853750,0
853751,0
853752,0
853753,0
853754,0
853755,0
853756,0
853757,0
853758,0
853759,0
853760,0
853761,0
853762,0
853763,34
853764,0
853765,0
853766,0
853767,15
853768,0
853769,0
853770,0
853771,0
853772,0
853773,0
853774,0
853775,0
853776,0
853777,0
853778,0
853779,21
853780,0
853781,0
853782,0
853783,0
853784,26
853785,0
853786,0
853787,0
853788,0
853789,0
853790,0
853791,0
853792,29
853793,0
853794,0
853795,0
853796,24
853797,0
853798,0
853799,0
853800,30
853801,0
853802,0
853803,0
853804,0
853805,41
853806,25
853807,0
853808,0
853809,0
853810,0
853811,0
853812,0
853813,0
853814,0
853815,0
853816,0
853817,49
853818,0
853819,0
853820,0
853821,0
853822,0
853823,0
853824,0
853825,0
853826,0
853827,0
853828,0
853829,27
853830,54
853831,36
853832,0
853833,0
853834,25
853835,0
853836,0
853837,0
853838,0
853839,32
853840,0
853841,0
853842,28
853843,0
853844,0
853845,0
853846,0
853847,0
853848,0
853849,0
853850,0
853851,0
853852,37
853853,0
853854,0
853855,0
853856,0
853857,0
853858,0
853859,0
853860,31
853861,0
853862,0
853863,0
853864,0
853865,0
853866,38
853867,0
853868,0
853869,0
853870,0
853871,19
853872,0
853873,0
853874,0
853875,0
853876,0
853877,0
853878,0
853879,33
853880,0
853881,0
853882,0
853883,0
853884,0
853885,40
853886,0
853887,0
853888,0
853889,0
853890,0
853891,0
853892,0
853893,0
853894,25
853895,0
853896,0
853897,0
853898,0
853899,0
853900,0
853901,42
853902,0
853903,0
853904,0
853905,21
853906,0
853907,0
853908,0
853909,0
853910,0
853911,0
853912,0
853913,26
853914,0
853915,0
853916,0
853917,0
853918,0
853919,0
853920,0
853921,0
853922,0
853923,0
853924,0
853925,0
853926,0
853927,0
853928,0
853929,0
853930,0
853931,0
853932,0
853933,0
853934,0
853935,28
853936,0
853937,0
853938,0
853939,0
853940,0
853941,35
853942,0
853943,0
853944,0
853945,0
853946,0
853947,0
853948,0
853949,0
853950,0
853951,0
853952,0
853953,0
853954,0
853955,0
853956,0
853957,0
853958,0
853959,0
853960,0
853961,0
853962,0
853963,0
853964,0
853965,0
853966,0
853967,0
853968,0
853969,0
853970,0
853971,0
853972,0
853973,0
853974,0
853975,0
853976,0
853977,0
853978,0
853979,0
853980,0
853981,0
853982,0
853983,0
853984,0
853985,0
853986,37
853987,0
853988,0
853989,0
853990,0
853991,0
853992,0
853993,0
853994,0
853995,26
853996,0
853997,0
853998,0
853999,0
854000,0
854001,0
854002,0
854003,0
854004,0
854005,0
854006,0
854007,0
854008,0
854009,0
854010,0
854011,0
854012,0
854013,0
854014,0
854015,0
854016,0
854017,0
854018,0
854019,0
854020,0
854021,0
854022,0
854023,0
854024,0
854025,0
854026,0
854027,0
854028,0
854029,0
854030,0
854031,0
854032,0
854033,0
854034,0
854035,0
854036,0
854037,0
854038,0
854039,0
854040,0
854041,0
854042,0
854043,0
854044,0
854045,0
854046,0
854047,0
854048,24
854049,0
854050,0
854051,0
854052,0
854053,0
854054,0
854055,0
854056,0
854057,0
854058,33
854059,20
854060,0
854061,0
854062,0
854063,0
854064,0
854065,0
854066,0
854067,0
854068,0
854069,34
854070,0
854071,0
854072,0
854073,0
854074,0
854075,44
854076,0
854077,0
854078,0
854079,0
854080,0
854081,36
854082,0
854083,0
854084,0
854085,0
854086,13
854087,0
854088,0
854089,0
854090,0
854091,0
854092,22
854093,0
854094,0
854095,0
854096,0
854097,0
854098,0
854099,0
854100,26
854101,0
854102,0
854103,0
854104,0
854105,0
854106,0
854107,0
854108,34
854109,0
854110,0
854111,26
854112,0
854113,0
854114,0
854115,0
854116,0
854117,20
854118,0
854119,0
854120,0
854121,0
854122,36
854123,0
854124,0
854125,0
854126,31
854127,0
854128,0
854129,0
854130,0
854131,0
854132,0
854133,0
854134,0
854135,0
854136,0
854137,0
854138,0
854139,0
854140,0
854141,0
854142,0
854143,0
854144,0
854145,0
854146,0
854147,0
854148,0
854149,0
854150,0
854151,0
854152,0
854153,0
854154,0
854155,59
854156,26
854157,0
854158,0
854159,0
854160,0
854161,0
854162,0
854163,0
854164,0
854165,0
854166,0
854167,0
854168,0
854169,0
854170,0
854171,0
854172,0
854173,0
854174,0
854175,38
854176,0
854177,34
854178,0
854179,0
854180,0
854181,0
854182,31
854183,0
854184,0
854185,0
854186,0
854187,37
854188,0
854189,0
854190,0
854191,0
854192,0
854193,0
854194,0
854195,0
854196,0
854197,0
854198,0
854199,0
854200,0
854201,0
854202,0
854203,0
854204,0
854205,0
854206,0
854207,0
854208,0
854209,0
854210,0
854211,0
854212,0
854213,0
854214,0
854215,0
854216,0
854217,0
854218,0
854219,0
854220,0
854221,0
854222,0
854223,0
854224,0
854225,0
854226,0
854227,0
854228,0
854229,0
854230,0
854231,0
854232,0
854233,0
854234,0
854235,0
854236,0
854237,0
854238,0
854239,0
854240,28
854241,0
854242,0
854243,0
854244,0
854245,0
854246,23
854247,0
854248,0
854249,0
854250,0
854251,0
854252,0
854253,0
854254,0
854255,40
854256,0
854257,0
854258,0
854259,0
854260,0
854261,0
854262,0
854263,0
854264,0
854265,0
854266,0
854267,0
854268,0
854269,0
854270,0
854271,0
854272,0
854273,0
854274,0
854275,0
854276,0
854277,0
854278,0
854279,0
854280,0
854281,0
854282,48
854283,0
854284,0
854285,0
854286,0
854287,0
854288,0
854289,0
854290,0
854291,0
854292,0
854293,0
854294,0
854295,0
854296,0
854297,0
854298,0
854299,0
854300,0
854301,23
854302,0
854303,0
854304,0
854305,0
854306,0
854307,0
854308,0
854309,0
854310,0
854311,0
854312,0
854313,0
854314,0
854315,0
854316,0
854317,0
854318,0
854319,0
854320,0
854321,0
854322,0
854323,0
854324,0
854325,0
854326,0
854327,0
854328,0
854329,0
854330,0
854331,0
854332,0
854333,0
854334,0
854335,0
854336,0
854337,0
854338,0
854339,0
854340,0
854341,0
854342,0
854343,0
854344,0
854345,0
854346,33
854347,0
854348,0
854349,0
854350,0
854351,0
854352,0
854353,0
854354,49
854355,0
854356,0
854357,0
854358,0
854359,27
854360,0
854361,0
854362,0
854363,30
854364,0
854365,0
854366,0
854367,0
854368,0
854369,0
854370,0
854371,0
854372,0
854373,0
854374,0
854375,0
854376,0
854377,0
854378,0
854379,0
854380,32
854381,0
854382,0
854383,41
854384,0
854385,0
854386,0
854387,0
854388,0
854389,0
854390,0
854391,0
854392,0
854393,0
854394,0
854395,0
854396,0
854397,0
854398,0
854399,0
854400,0
854401,0
854402,0
854403,0
854404,0
854405,0
854406,0
854407,48
854408,0
854409,0
854410,0
854411,0
854412,0
854413,0
854414,0
854415,0
854416,0
854417,0
854418,0
854419,0
854420,0
854421,0
854422,0
854423,0
854424,0
854425,0
854426,0
854427,0
854428,0
854429,0
854430,0
854431,0
854432,0
854433,0
854434,58
854435,0
854436,0
854437,0
854438,0
854439,19
854440,0
854441,39
854442,0
854443,0
854444,0
854445,0
854446,43
854447,0
854448,0
854449,0
854450,0
854451,0
854452,0
854453,0
854454,0
854455,0
854456,0
854457,0
854458,0
854459,0
854460,0
854461,0
854462,0
854463,0
854464,0
854465,0
854466,33
854467,0
854468,0
854469,0
854470,0
854471,0
854472,0
854473,0
854474,36
854475,0
854476,0
854477,0
854478,0
854479,31
854480,0
854481,0
854482,0
854483,0
854484,0
854485,0
854486,0
854487,0
854488,0
854489,0
854490,0
854491,0
854492,0
854493,0
854494,0
854495,0
854496,0
854497,0
854498,0
854499,0
854500,0
854501,0
854502,0
854503,0
854504,42
854505,0
854506,0
854507,0
854508,0
854509,0
854510,0
854511,0
854512,0
854513,0
854514,0
854515,0
854516,0
854517,0
854518,0
854519,0
854520,0
854521,0
854522,24
854523,0
854524,0
854525,0
854526,0
854527,0
854528,0
854529,0
854530,0
854531,0
854532,0
854533,0
854534,0
854535,0
854536,0
854537,0
854538,0
854539,0
854540,0
854541,0
854542,0
854543,0
854544,0
854545,0
854546,0
854547,0
854548,0
854549,0
854550,0
854551,0
854552,0
854553,0
854554,0
854555,0
854556,0
854557,0
854558,0
854559,0
854560,0
854561,41
854562,0
854563,0
854564,0
854565,0
854566,0
854567,0
854568,0
854569,0
854570,0
854571,0
854572,0
854573,0
854574,0
854575,0
854576,0
854577,0
854578,0
854579,42
854580,36
854581,0
854582,0
854583,0
854584,0
854585,0
854586,0
854587,19
854588,0
854589,0
854590,0
854591,0
854592,0
854593,0
854594,0
854595,43
854596,0
854597,43
854598,0
854599,0
854600,0
854601,0
854602,0
854603,0
854604,0
854605,0
854606,0
854607,0
854608,0
854609,0
854610,0
854611,0
854612,0
854613,0
854614,0
854615,0
854616,0
854617,0
854618,0
854619,0
854620,0
854621,0
854622,0
854623,0
854624,0
854625,0
854626,0
854627,0
854628,0
854629,0
854630,0
854631,0
854632,0
854633,0
854634,0
854635,0
854636,0
854637,0
854638,0
854639,0
854640,0
854641,0
854642,0
854643,0
854644,0
854645,0
854646,0
854647,0
854648,0
854649,0
854650,0
854651,0
854652,29
854653,0
854654,0
854655,0
854656,0
854657,0
854658,0
854659,0
854660,0
854661,0
854662,0
854663,0
854664,0
854665,0
854666,0
854667,0
854668,0
854669,0
854670,0
854671,0
854672,0
854673,0
854674,0
854675,0
854676,0
854677,0
854678,0
854679,0
854680,17
854681,0
854682,0
854683,0
854684,0
854685,0
854686,0
854687,12
854688,0
854689,0
854690,0
854691,0
854692,0
854693,0
854694,0
854695,0
854696,0
854697,14
854698,0
854699,27
854700,0
854701,0
854702,0
854703,0
854704,0
854705,0
854706,0
854707,0
854708,0
854709,17
854710,0
854711,0
854712,0
854713,0
854714,0
854715,0
854716,0
854717,0
854718,0
854719,0
854720,0
854721,0
854722,0
854723,0
854724,0
854725,0
854726,0
854727,0
854728,0
854729,0
854730,0
854731,0
854732,0
854733,0
854734,0
854735,0
854736,26
854737,0
854738,0
854739,0
854740,0
854741,0
854742,0
854743,0
854744,0
854745,0
854746,31
854747,17
854748,0
854749,0
854750,0
854751,37
854752,0
854753,0
854754,0
854755,0
854756,0
854757,0
854758,25
854759,0
854760,0
854761,0
854762,0
854763,0
854764,0
854765,0
854766,0
854767,0
854768,0
854769,29
854770,0
854771,0
854772,0
854773,0
854774,0
854775,0
854776,0
854777,0
854778,17
854779,0
854780,0
854781,25
854782,0
854783,18
854784,0
854785,0
854786,0
854787,0
854788,0
854789,0
854790,0
854791,0
854792,0
854793,0
854794,0
854795,0
854796,0
854797,0
854798,0
854799,0
854800,0
854801,0
854802,0
854803,0
854804,0
854805,0
854806,0
854807,0
854808,0
854809,0
854810,0
854811,0
854812,0
854813,0
854814,0
854815,0
854816,25
854817,0
854818,0
854819,0
854820,0
854821,0
854822,0
854823,0
854824,0
854825,0
854826,32
854827,0
854828,0
854829,0
854830,0
854831,0
854832,0
854833,0
854834,0
854835,0
854836,0
854837,0
854838,0
854839,0
854840,0
854841,0
854842,0
854843,28
854844,0
854845,0
854846,0
854847,0
854848,0
854849,0
854850,0
854851,0
854852,0
854853,0
854854,0
854855,0
854856,0
854857,0
854858,0
854859,0
854860,27
854861,0
854862,0
854863,0
854864,0
854865,0
854866,0
854867,0
854868,0
854869,0
854870,0
854871,0
854872,0
854873,0
854874,0
854875,23
854876,0
854877,0
854878,0
854879,0
854880,0
854881,0
854882,0
854883,30
854884,0
854885,0
854886,0
854887,0
854888,0
854889,0
854890,0
854891,0
854892,0
854893,45
854894,0
854895,0
854896,0
854897,0
854898,0
854899,0
854900,0
854901,0
854902,0
854903,0
854904,0
854905,0
854906,0
854907,0
854908,11
854909,20
854910,0
854911,0
854912,0
854913,0
854914,0
854915,0
854916,0
854917,0
854918,0
854919,0
854920,0
854921,0
854922,0
854923,0
854924,0
854925,0
854926,0
854927,0
854928,0
854929,0
854930,0
854931,0
854932,0
854933,0
854934,0
854935,0
854936,0
854937,0
854938,0
854939,0
854940,0
854941,0
854942,0
854943,19
854944,0
854945,0
854946,0
854947,0
854948,0
854949,0
854950,0
854951,0
854952,0
854953,0
854954,0
854955,0
854956,0
854957,0
854958,0
854959,0
854960,0
854961,0
854962,0
854963,12
854964,0
854965,0
854966,0
854967,0
854968,0
854969,0
854970,0
854971,0
854972,0
854973,40
854974,0
854975,27
854976,0
854977,0
854978,0
854979,0
854980,0
854981,5
854982,0
854983,2
854984,2
854985,0
854986,0
854987,0
854988,0
854989,0
854990,1
854991,0
854992,0
854993,0
854994,12
854995,5
854996,0
854997,0
854998,0
854999,4
855000,0
855001,0
855002,4
855003,2
855004,0
855005,0
855006,0
855007,0
855008,0
855009,0
855010,5
855011,0
855012,0
855013,0
855014,8
855015,0
855016,5
855017,0
855018,0
855019,0
855020,0
855021,0
855022,0
855023,0
855024,0
855025,0
855026,2
855027,0
855028,0
855029,3
855030,0
855031,5
855032,0
855033,0
855034,0
855035,0
855036,0
855037,0
855038,0
855039,0
855040,0
855041,3
855042,0
855043,0
855044,0
855045,0
855046,0
855047,0
855048,0
855049,0
855050,6
855051,0
855052,0
855053,0
855054,0
855055,0
855056,0
855057,3
855058,0
855059,2
855060,0
855061,0
855062,0
855063,5
855064,5
855065,0
855066,3
855067,0
855068,4
855069,0
855070,0
855071,0
855072,0
855073,2
855074,1
855075,0
855076,0
855077,0
855078,1
855079,0
855080,0
855081,0
855082,6
855083,0
855084,0
855085,0
855086,4
855087,0
855088,0
855089,0
855090,0
855091,0
855092,0
855093,0
855094,0
855095,0
855096,0
855097,0
855098,4
855099,5
855100,3
855101,0
855102,0
855103,1
855104,0
855105,0
855106,0
855107,0
855108,0
855109,0
855110,0
855111,5
855112,5
855113,0
855114,0
855115,0
855116,0
855117,0
855118,0
855119,0
855120,0
855121,2
855122,0
855123,0
855124,0
855125,0
855126,0
855127,0
855128,1
855129,0
855130,0
855131,0
855132,1
855133,0
855134,0
855135,0
855136,0
855137,2
855138,0
855139,0
855140,0
855141,5
855142,0
855143,0
855144,0
855145,0
855146,0
855147,2
855148,0
855149,2
855150,0
855151,0
855152,1
855153,4
855154,5
855155,0
855156,4
855157,0
855158,0
855159,0
855160,12
855161,0
855162,0
855163,0
855164,0
855165,0
855166,0
855167,0
855168,0
855169,0
855170,0
855171,0
855172,0
855173,0
855174,0
855175,0
855176,0
855177,0
855178,0
855179,0
855180,5
855181,0
855182,0
855183,1
855184,0
855185,0
855186,0
855187,0
855188,0
855189,0
855190,7
855191,0
855192,3
855193,0
855194,0
855195,0
855196,0
855197,0
855198,0
855199,0
855200,3
855201,0
855202,0
855203,3
855204,0
855205,0
855206,0
855207,0
855208,0
855209,0
855210,0
855211,0
855212,3
855213,0
855214,0
855215,0
855216,0
855217,0
855218,0
855219,0
855220,0
855221,0
855222,0
855223,0
855224,0
855225,0
855226,0
855227,0
855228,0
855229,0
855230,0
855231,0
855232,0
855233,0
855234,2
855235,0
855236,0
855237,0
855238,0
855239,0
855240,0
855241,0
855242,0
855243,0
855244,4
855245,4
855246,0
855247,0
855248,0
855249,0
855250,0
855251,0
855252,0
855253,0
855254,0
855255,0
855256,0
855257,0
855258,0
855259,0
855260,0
855261,0
855262,9
855263,0
855264,0
855265,0
855266,0
855267,0
855268,0
855269,0
855270,0
855271,0
855272,0
855273,1
855274,0
855275,4
855276,0
855277,0
855278,0
855279,5
855280,0
855281,4
855282,0
855283,4
855284,0
855285,0
855286,0
855287,0
855288,4
855289,2
855290,0
855291,2
855292,0
855293,0
855294,0
855295,7
855296,0
855297,0
855298,0
855299,0
855300,0
855301,0
855302,0
855303,0
855304,0
855305,0
855306,0
855307,0
855308,0
855309,0
855310,0
855311,0
855312,0
855313,0
855314,3
855315,0
855316,0
855317,2
855318,0
855319,0
855320,0
855321,1
855322,3
855323,0
855324,0
855325,0
855326,0
855327,0
855328,0
855329,3
855330,0
855331,0
855332,0
855333,0
855334,3
855335,6
855336,0
855337,0
855338,0
855339,0
855340,1
855341,0
855342,0
855343,0
855344,5
855345,0
855346,0
855347,0
855348,0
855349,0
855350,0
855351,0
855352,0
855353,0
855354,0
855355,0
855356,0
855357,4
855358,2
855359,0
855360,5
855361,0
855362,0
855363,2
855364,4
855365,0
855366,0
855367,5
855368,0
855369,0
855370,0
855371,8
855372,0
855373,7
855374,0
855375,0
855376,0
855377,0
855378,0
855379,0
855380,0
855381,0
855382,0
855383,0
855384,1
855385,0
855386,0
855387,0
855388,0
855389,0
855390,0
855391,0
855392,0
855393,3
855394,0
855395,2
855396,0
855397,0
855398,0
855399,0
855400,0
855401,0
855402,0
855403,2
855404,0
855405,0
855406,10
855407,0
855408,0
855409,0
855410,3
855411,0
855412,6
855413,0
855414,0
855415,0
855416,0
855417,0
855418,8
855419,3
855420,0
855421,0
855422,0
855423,1
855424,0
855425,0
855426,0
855427,0
855428,1
855429,0
855430,0
855431,0
855432,3
855433,0
855434,0
855435,0
855436,0
855437,1
855438,0
855439,0
855440,0
855441,0
855442,0
855443,0
855444,0
855445,0
855446,0
855447,0
855448,0
855449,0
855450,3
855451,0
855452,0
855453,0
855454,0
855455,0
855456,0
855457,0
855458,0
855459,4
855460,0
855461,0
855462,0
855463,0
855464,0
855465,0
855466,3
855467,0
855468,0
855469,0
855470,0
855471,0
855472,2
855473,0
855474,0
855475,1
855476,3
855477,0
855478,0
855479,0
855480,0
855481,2
855482,0
855483,0
855484,0
855485,5
855486,0
855487,0
855488,0
855489,0
855490,0
855491,0
855492,0
855493,0
855494,2
855495,0
855496,0
855497,0
855498,0
855499,0
855500,0
855501,2
855502,0
855503,0
855504,0
855505,6
855506,0
855507,1
855508,0
855509,0
855510,0
855511,0
855512,3
855513,0
855514,1
855515,0
855516,4
855517,0
855518,0
855519,0
855520,0
855521,0
855522,0
855523,0
855524,3
855525,0
855526,0
855527,3
855528,3
855529,0
855530,0
855531,0
855532,0
855533,0
855534,0
855535,0
855536,0
855537,0
855538,0
855539,0
855540,3
855541,2
855542,0
855543,1
855544,2
855545,0
855546,0
855547,0
855548,0
855549,0
855550,0
855551,0
855552,0
855553,0
855554,0
855555,0
855556,9
855557,0
855558,0
855559,0
855560,0
855561,0
855562,0
855563,0
855564,4
855565,0
855566,0
855567,0
855568,0
855569,0
855570,0
855571,0
855572,0
855573,0
855574,0
855575,0
855576,1
855577,5
855578,0
855579,0
855580,0
855581,0
855582,0
855583,1
855584,0
855585,0
855586,0
855587,0
855588,0
855589,0
855590,0
855591,4
855592,2
855593,0
855594,0
855595,0
855596,4
855597,0
855598,0
855599,0
855600,1
855601,3
855602,0
855603,0
855604,3
855605,0
855606,0
855607,0
855608,0
855609,0
855610,0
855611,0
855612,0
855613,0
855614,1
855615,0
855616,0
855617,6
855618,0
855619,0
855620,0
855621,0
855622,0
855623,0
855624,0
855625,0
855626,0
855627,0
855628,0
855629,0
855630,9
855631,0
855632,0
855633,0
855634,0
855635,0
855636,2
855637,0
855638,0
855639,0
855640,0
855641,0
855642,0
855643,0
855644,0
855645,0
855646,1
855647,0
855648,2
855649,0
855650,0
855651,0
855652,0
855653,0
855654,0
855655,1
855656,4
855657,6
855658,0
855659,0
855660,0
855661,4
855662,0
855663,0
855664,0
855665,0
855666,0
855667,4
855668,0
855669,3
855670,0
855671,0
855672,0
855673,0
855674,6
855675,2
855676,2
855677,0
855678,0
855679,0
855680,0
855681,0
855682,0
855683,0
855684,4
855685,0
855686,6
855687,0
855688,0
855689,0
855690,0
855691,0
855692,3
855693,0
855694,0
855695,2
855696,0
855697,0
855698,0
855699,0
855700,0
855701,0
855702,0
855703,2
855704,0
855705,0
855706,0
855707,0
855708,2
855709,0
855710,0
855711,0
855712,5
855713,0
855714,1
855715,8
855716,0
855717,0
855718,0
855719,0
855720,0
855721,6
855722,5
855723,0
855724,2
855725,0
855726,0
855727,0
855728,3
855729,0
855730,0
855731,2
855732,0
855733,1
855734,0
855735,0
855736,0
855737,1
855738,7
855739,0
855740,0
855741,0
855742,1
855743,0
855744,0
855745,0
855746,0
855747,0
855748,0
855749,0
855750,0
855751,0
855752,0
855753,3
855754,0
855755,0
855756,0
855757,3
855758,0
855759,0
855760,0
855761,0
855762,0
855763,0
855764,0
855765,0
855766,0
855767,0
855768,0
855769,0
855770,0
855771,0
855772,0
855773,0
855774,0
855775,0
855776,0
855777,2
855778,0
855779,0
855780,0
855781,0
855782,0
855783,0
855784,0
855785,0
855786,0
855787,0
855788,0
855789,0
855790,0
855791,0
855792,0
855793,0
855794,0
855795,0
855796,0
855797,0
855798,0
855799,0
855800,3
855801,0
855802,0
855803,0
855804,0
855805,5
855806,0
855807,0
855808,0
855809,25
855810,0
855811,0
855812,0
855813,0
855814,0
855815,0
855816,19
855817,18
855818,0
855819,27
855820,0
855821,30
855822,0
855823,0
855824,0
855825,0
855826,13
855827,0
855828,0
855829,0
855830,0
855831,29
855832,0
855833,29
855834,0
855835,19
855836,0
855837,17
855838,19
855839,0
855840,17
855841,0
855842,0
855843,29
855844,0
855845,0
855846,0
855847,0
855848,0
855849,0
855850,0
855851,0
855852,0
855853,0
855854,0
855855,30
855856,0
855857,0
855858,0
855859,0
855860,0
855861,0
855862,0
855863,0
855864,0
855865,0
855866,0
855867,0
855868,0
855869,0
855870,0
855871,0
855872,0
855873,21
855874,0
855875,0
855876,0
855877,0
855878,0
855879,0
855880,0
855881,0
855882,0
855883,29
855884,0
855885,13
855886,0
855887,0
855888,0
855889,0
855890,0
855891,0
855892,26
855893,0
855894,0
855895,0
855896,30
855897,15
855898,0
855899,26
855900,0
855901,0
855902,0
855903,0
855904,0
855905,0
855906,0
855907,0
855908,0
855909,0
855910,34
855911,0
855912,0
855913,0
855914,0
855915,0
855916,0
855917,0
855918,27
855919,26
855920,0
855921,0
855922,0
855923,0
855924,0
855925,0
855926,0
855927,0
855928,0
855929,19
855930,0
855931,0
855932,24
855933,23
855934,24
855935,22
855936,0
855937,0
855938,25
855939,0
855940,35
855941,0
855942,22
855943,0
855944,0
855945,22
855946,0
855947,17
855948,0
855949,0
855950,0
855951,25
855952,28
855953,0
855954,0
855955,0
855956,32
855957,28
855958,0
855959,0
855960,0
855961,27
855962,0
855963,0
855964,0
855965,0
855966,0
855967,0
855968,0
855969,24
855970,0
855971,30
855972,0
855973,15
855974,0
855975,0
855976,0
855977,0
855978,0
855979,0
855980,33
855981,0
855982,0
855983,0
855984,13
855985,0
855986,0
855987,0
855988,0
855989,0
855990,0
855991,31
855992,0
855993,0
855994,0
855995,0
855996,26
855997,18
855998,0
855999,0
856000,0
856001,0
856002,0
856003,0
856004,0
856005,0
856006,0
856007,19
856008,0
856009,0
856010,0
856011,21
856012,0
856013,0
856014,0
856015,0
856016,18
856017,17
856018,13
856019,10
856020,0
856021,0
856022,0
856023,0
856024,0
856025,0
856026,0
856027,34
856028,26
856029,0
856030,0
856031,0
856032,0
856033,0
856034,27
856035,0
856036,0
856037,0
856038,0
856039,0
856040,0
856041,0
856042,0
856043,30
856044,0
856045,0
856046,0
856047,0
856048,27
856049,0
856050,0
856051,0
856052,0
856053,0
856054,28
856055,0
856056,0
856057,0
856058,0
856059,0
856060,0
856061,0
856062,0
856063,0
856064,0
856065,0
856066,0
856067,30
856068,0
856069,0
856070,0
856071,0
856072,0
856073,29
856074,0
856075,0
856076,0
856077,0
856078,0
856079,0
856080,0
856081,0
856082,0
856083,0
856084,0
856085,30
856086,0
856087,0
856088,23
856089,0
856090,22
856091,0
856092,23
856093,0
856094,0
856095,0
856096,15
856097,0
856098,0
856099,30
856100,0
856101,27
856102,18
856103,0
856104,0
856105,21
856106,0
856107,0
856108,0
856109,0
856110,0
856111,0
856112,0
856113,0
856114,0
856115,0
856116,0
856117,31
856118,0
856119,0
856120,0
856121,0
856122,0
856123,0
856124,0
856125,0
856126,0
856127,0
856128,32
856129,0
856130,0
856131,0
856132,21
856133,28
856134,28
856135,0
856136,0
856137,13
856138,26
856139,0
856140,0
856141,0
856142,26
856143,17
856144,0
856145,0
856146,0
856147,25
856148,0
856149,0
856150,0
856151,0
856152,0
856153,0
856154,0
856155,0
856156,13
856157,0
856158,36
856159,0
856160,20
856161,29
856162,0
856163,0
856164,0
856165,0
856166,0
856167,0
856168,0
856169,0
856170,0
856171,0
856172,0
856173,0
856174,0
856175,0
856176,26
856177,0
856178,0
856179,30
856180,0
856181,0
856182,0
856183,17
856184,34
856185,0
856186,0
856187,0
856188,0
856189,0
856190,0
856191,0
856192,0
856193,0
856194,0
856195,0
856196,26
856197,26
856198,0
856199,0
856200,0
856201,0
856202,0
856203,21
856204,0
856205,24
856206,0
856207,18
856208,0
856209,0
856210,0
856211,19
856212,37
856213,0
856214,0
856215,0
856216,0
856217,0
856218,0
856219,0
856220,11
856221,0
856222,0
856223,0
856224,0
856225,0
856226,0
856227,29
856228,0
856229,0
856230,0
856231,21
856232,22
856233,33
856234,0
856235,0
856236,0
856237,0
856238,34
856239,0
856240,21
856241,23
856242,0
856243,0
856244,0
856245,34
856246,0
856247,0
856248,0
856249,0
856250,0
856251,32
856252,20
856253,28
856254,0
856255,0
856256,0
856257,0
856258,0
856259,0
856260,0
856261,0
856262,0
856263,0
856264,19
856265,0
856266,0
856267,0
856268,22
856269,0
856270,0
856271,0
856272,0
856273,0
856274,0
856275,19
856276,0
856277,22
856278,0
856279,0
856280,0
856281,0
856282,21
856283,0
856284,25
856285,34
856286,0
856287,0
856288,25
856289,0
856290,0
856291,0
856292,0
856293,0
856294,0
856295,0
856296,0
856297,0
856298,0
856299,0
856300,0
856301,0
856302,0
856303,0
856304,0
856305,0
856306,18
856307,0
856308,0
856309,0
856310,0
856311,0
856312,0
856313,0
856314,0
856315,0
856316,0
856317,0
856318,0
856319,0
856320,0
856321,0
856322,0
856323,0
856324,0
856325,24
856326,27
856327,20
856328,0
856329,28
856330,14
856331,0
856332,0
856333,26
856334,16
856335,21
856336,0
856337,0
856338,31
856339,0
856340,0
856341,0
856342,44
856343,36
856344,18
856345,0
856346,21
856347,0
856348,0
856349,0
856350,0
856351,19
856352,0
856353,0
856354,17
856355,0
856356,0
856357,0
856358,14
856359,0
856360,0
856361,16
856362,0
856363,0
856364,0
856365,0
856366,32
856367,0
856368,0
856369,0
856370,16
856371,32
856372,0
856373,0
856374,0
856375,0
856376,0
856377,0
856378,0
856379,0
856380,0
856381,0
856382,0
856383,0
856384,0
856385,12
856386,0
856387,0
856388,0
856389,0
856390,26
856391,0
856392,0
856393,0
856394,0
856395,0
856396,0
856397,0
856398,0
856399,0
856400,0
856401,22
856402,0
856403,19
856404,0
856405,0
856406,0
856407,0
856408,17
856409,0
856410,0
856411,0
856412,0
856413,0
856414,0
856415,25
856416,0
856417,0
856418,0
856419,22
856420,0
856421,31
856422,0
856423,0
856424,0
856425,0
856426,0
856427,0
856428,0
856429,25
856430,16
856431,0
856432,0
856433,25
856434,0
856435,0
856436,0
856437,0
856438,21
856439,0
856440,0
856441,0
856442,0
856443,34
856444,0
856445,0
856446,24
856447,0
856448,0
856449,0
856450,0
856451,0
856452,0
856453,0
856454,0
856455,0
856456,0
856457,0
856458,0
856459,0
856460,0
856461,0
856462,22
856463,0
856464,37
856465,0
856466,0
856467,14
856468,0
856469,29
856470,0
856471,40
856472,0
856473,0
856474,40
856475,0
856476,0
856477,0
856478,0
856479,0
856480,0
856481,39
856482,0
856483,0
856484,0
856485,44
856486,35
856487,0
856488,0
856489,29
856490,0
856491,0
856492,0
856493,0
856494,0
856495,31
856496,0
856497,0
856498,0
856499,16
856500,24
856501,0
856502,0
856503,0
856504,0
856505,0
856506,0
856507,14
856508,0
856509,0
856510,0
856511,0
856512,0
856513,33
856514,0
856515,0
856516,0
856517,0
856518,0
856519,19
856520,0
856521,0
856522,0
856523,33
856524,25
856525,0
856526,0
856527,0
856528,0
856529,0
856530,33
856531,0
856532,23
856533,0
856534,0
856535,0
856536,0
856537,0
856538,0
856539,25
856540,0
856541,21
856542,29
856543,0
856544,0
856545,41
856546,0
856547,0
856548,0
856549,0
856550,0
856551,0
856552,25
856553,0
856554,0
856555,19
856556,26
856557,32
856558,0
856559,0
856560,0
856561,0
856562,0
856563,0
856564,0
856565,0
856566,0
856567,43
856568,0
856569,0
856570,0
856571,0
856572,0
856573,35
856574,0
856575,0
856576,0
856577,0
856578,0
856579,0
856580,0
856581,39
856582,23
856583,0
856584,0
856585,0
856586,39
856587,17
856588,0
856589,0
856590,0
856591,0
856592,0
856593,0
856594,0
856595,0
856596,0
856597,0
856598,0
856599,0
856600,0
856601,0
856602,31
856603,40
856604,30
856605,0
856606,0
856607,0
856608,0
856609,0
856610,0
856611,0
856612,0
856613,0
856614,15
856615,0
856616,0
856617,0
856618,0
856619,0
856620,0
856621,0
856622,0
856623,0
856624,0
856625,0
856626,15
856627,38
856628,0
856629,35
856630,0
856631,0
856632,0
856633,41
856634,0
856635,20
856636,36
856637,0
856638,0
856639,19
856640,35
856641,0
856642,0
856643,0
856644,15
856645,23
856646,0
856647,0
856648,0
856649,0
856650,0
856651,0
856652,0
856653,0
856654,0
856655,0
856656,0
856657,29
856658,0
856659,0
856660,34
856661,42
856662,27
856663,0
856664,0
856665,0
856666,0
856667,40
856668,0
856669,0
856670,53
856671,0
856672,0
856673,42
856674,0
856675,0
856676,0
856677,0
856678,0
856679,0
856680,0
856681,0
856682,18
856683,35
856684,30
856685,0
856686,42
856687,31
856688,24
856689,33
856690,48
856691,0
856692,0
856693,0
856694,0
856695,0
856696,20
856697,0
856698,0
856699,0
856700,19
856701,28
856702,0
856703,0
856704,0
856705,0
856706,0
856707,0
856708,0
856709,0
856710,37
856711,0
856712,0
856713,0
856714,0
856715,0
856716,0
856717,0
856718,0
856719,0
856720,27
856721,20
856722,35
856723,30
856724,29
856725,0
856726,43
856727,26
856728,0
856729,39
856730,22
856731,0
856732,0
856733,0
856734,24
856735,0
856736,0
856737,0
856738,0
856739,0
856740,0
856741,0
856742,21
856743,22
856744,0
856745,0
856746,23
856747,0
856748,33
856749,0
856750,0
856751,0
856752,0
856753,0
856754,0
856755,24
856756,23
856757,0
856758,34
856759,0
856760,0
856761,33
856762,0
856763,35
856764,0
856765,0
856766,0
856767,0
856768,36
856769,0
856770,0
856771,0
856772,0
856773,40
856774,0
856775,0
856776,26
856777,28
856778,0
856779,0
856780,0
856781,0
856782,0
856783,0
856784,0
856785,19
856786,0
856787,0
856788,0
856789,20
856790,57
856791,0
856792,0
856793,31
856794,29
856795,0
856796,0
856797,0
856798,21
856799,63
856800,0
856801,29
856802,0
856803,0
856804,0
856805,0
856806,0
856807,0
856808,0
856809,0
856810,0
856811,0
856812,0
856813,0
856814,0
856815,0
856816,0
856817,50
856818,0
856819,18
856820,0
856821,37
856822,24
856823,26
856824,0
856825,0
856826,0
856827,33
856828,0
856829,26
856830,0
856831,0
856832,0
856833,0
856834,0
856835,0
856836,0
856837,0
856838,0
856839,0
856840,0
856841,26
856842,35
856843,0
856844,36
856845,0
856846,0
856847,0
856848,0
856849,0
856850,25
856851,29
856852,44
856853,0
856854,0
856855,0
856856,0
856857,0
856858,25
856859,0
856860,0
856861,0
856862,0
856863,0
856864,0
856865,0
856866,0
856867,41
856868,33
856869,55
856870,0
856871,0
856872,16
856873,0
856874,0
856875,0
856876,0
856877,0
856878,0
856879,0
856880,0
856881,0
856882,0
856883,13
856884,0
856885,0
856886,10
856887,0
856888,0
856889,0
856890,0
856891,9
856892,7
856893,0
856894,0
856895,0
856896,0
856897,0
856898,0
856899,0
856900,0
856901,0
856902,0
856903,0
856904,9
856905,14
856906,0
856907,0
856908,0
856909,12
856910,0
856911,13
856912,0
856913,9
856914,0
856915,0
856916,0
856917,17
856918,0
856919,13
856920,0
856921,6
856922,0
856923,0
856924,7
856925,0
856926,0
856927,0
856928,0
856929,0
856930,0
856931,0
856932,11
856933,16
856934,12
856935,0
856936,0
856937,0
856938,0
856939,0
856940,0
856941,0
856942,0
856943,0
856944,14
856945,0
856946,0
856947,0
856948,0
856949,0
856950,0
856951,0
856952,0
856953,0
856954,0
856955,0
856956,0
856957,0
856958,0
856959,0
856960,0
856961,6
856962,7
856963,0
856964,0
856965,0
856966,13
856967,0
856968,0
856969,0
856970,0
856971,0
856972,0
856973,6
856974,0
856975,0
856976,0
856977,0
856978,0
856979,8
856980,0
856981,10
856982,0
856983,0
856984,0
856985,0
856986,9
856987,13
856988,0
856989,0
856990,0
856991,0
856992,0
856993,13
856994,0
856995,13
856996,0
856997,17
856998,14
856999,12
857000,0
857001,0
857002,13
857003,0
857004,0
857005,0
857006,0
857007,0
857008,0
857009,0
857010,11
857011,10
857012,0
857013,12
857014,0
857015,0
857016,0
857017,0
857018,0
857019,0
857020,0
857021,14
857022,8
857023,0
857024,0
857025,0
857026,0
857027,0
857028,0
857029,16
857030,0
857031,12
857032,0
857033,9
857034,10
857035,0
857036,0
857037,0
857038,0
857039,0
857040,0
857041,0
857042,6
857043,0
857044,0
857045,0
857046,0
857047,11
857048,12
857049,0
857050,0
857051,12
857052,0
857053,0
857054,0
857055,0
857056,0
857057,0
857058,12
857059,0
857060,0
857061,0
857062,0
857063,0
857064,0
857065,0
857066,0
857067,0
857068,0
857069,0
857070,0
857071,0
857072,0
857073,0
857074,20
857075,0
857076,0
857077,9
857078,0
857079,0
857080,0
857081,16
857082,0
857083,6
857084,0
857085,8
857086,10
857087,0
857088,0
857089,0
857090,0
857091,0
857092,0
857093,0
857094,0
857095,13
857096,0
857097,0
857098,0
857099,0
857100,13
857101,0
857102,13
857103,0
857104,13
857105,0
857106,0
857107,0
857108,0
857109,9
857110,0
857111,14
857112,0
857113,10
857114,0
857115,0
857116,0
857117,0
857118,0
857119,0
857120,0
857121,0
857122,0
857123,0
857124,0
857125,0
857126,0
857127,0
857128,0
857129,0
857130,0
857131,0
857132,0
857133,0
857134,0
857135,12
857136,17
857137,0
857138,0
857139,0
857140,0
857141,0
857142,7
857143,0
857144,0
857145,0
857146,0
857147,0
857148,5
857149,13
857150,10
857151,0
857152,0
857153,0
857154,0
857155,0
857156,0
857157,0
857158,0
857159,0
857160,0
857161,0
857162,0
857163,10
857164,8
857165,0
857166,0
857167,17
857168,0
857169,0
857170,11
857171,0
857172,0
857173,17
857174,0
857175,0
857176,15
857177,13
857178,0
857179,0
857180,0
857181,0
857182,14
857183,0
857184,0
857185,0
857186,0
857187,0
857188,0
857189,0
857190,0
857191,6
857192,14
857193,0
857194,0
857195,0
857196,0
857197,0
857198,0
857199,0
857200,0
857201,0
857202,0
857203,0
857204,0
857205,0
857206,0
857207,0
857208,0
857209,0
857210,0
857211,0
857212,0
857213,0
857214,0
857215,0
857216,0
857217,0
857218,0
857219,0
857220,0
857221,0
857222,0
857223,0
857224,0
857225,0
857226,0
857227,0
857228,0
857229,0
857230,0
857231,0
857232,0
857233,0
857234,0
857235,0
857236,0
857237,0
857238,0
857239,0
857240,0
857241,0
857242,0
857243,0
857244,0
857245,0
857246,0
857247,0
857248,0
857249,0
857250,0
857251,0
857252,0
857253,0
857254,0
857255,0
857256,0
857257,0
857258,0
857259,0
857260,0
857261,0
857262,0
857263,0
857264,0
857265,0
857266,0
857267,0
857268,0
857269,0
857270,0
857271,0
857272,0
857273,0
857274,0
857275,0
857276,0
857277,0
857278,0
857279,0
857280,0
857281,0
857282,0
857283,0
857284,0
857285,0
857286,0
857287,0
857288,0
857289,0
857290,0
857291,0
857292,0
857293,0
857294,0
857295,0
857296,0
857297,0
857298,0
857299,0
857300,0
857301,0
857302,0
857303,0
857304,0
857305,0
857306,0
857307,0
857308,0
857309,0
857310,0
857311,0
857312,0
857313,0
857314,0
857315,0
857316,0
857317,0
857318,0
857319,0
857320,0
857321,0
857322,0
857323,0
857324,0
857325,0
857326,0
857327,0
857328,0
857329,0
857330,0
857331,0
857332,0
857333,0
857334,0
857335,0
857336,0
857337,0
857338,0
857339,0
857340,0
857341,0
857342,0
857343,0
857344,0
857345,0
857346,0
857347,0
857348,0
857349,0
857350,0
857351,0
857352,0
857353,0
857354,0
857355,0
857356,0
857357,0
857358,0
857359,0
857360,0
857361,0
857362,0
857363,0
857364,0
857365,0
857366,0
857367,0
857368,0
857369,0
857370,0
857371,0
857372,0
857373,0
857374,0
857375,0
857376,0
857377,0
857378,0
857379,0
857380,0
857381,0
857382,0
857383,0
857384,0
857385,0
857386,0
857387,0
857388,0
857389,0
857390,0
857391,0
857392,0
857393,0
857394,0
857395,0
857396,0
857397,0
857398,0
857399,0
857400,0
857401,0
857402,0
857403,0
857404,0
857405,0
857406,0
857407,0
857408,0
857409,0
857410,0
857411,0
857412,0
857413,0
857414,0
857415,0
857416,0
857417,0
857418,0
857419,0
857420,0
857421,0
857422,0
857423,0
857424,0
857425,0
857426,0
857427,0
857428,0
857429,0
857430,0
857431,0
857432,0
857433,0
857434,0
857435,0
857436,0
857437,0
857438,0
857439,0
857440,0
857441,0
857442,0
857443,0
857444,0
857445,0
857446,0
857447,0
857448,0
857449,0
857450,0
857451,0
857452,0
857453,0
857454,0
857455,0
857456,0
857457,0
857458,0
857459,0
857460,0
857461,0
857462,0
857463,0
857464,0
857465,0
857466,0
857467,0
857468,0
857469,0
857470,0
857471,0
857472,0
857473,0
857474,0
857475,0
857476,0
857477,0
857478,0
857479,0
857480,0
857481,0
857482,0
857483,0
857484,0
857485,0
857486,0
857487,0
857488,0
857489,0
857490,0
857491,0
857492,0
857493,0
857494,0
857495,0
857496,0
857497,0
857498,0
857499,0
857500,0
857501,0
857502,0
857503,0
857504,0
857505,0
857506,0
857507,0
857508,0
857509,0
857510,0
857511,0
857512,0
857513,0
857514,0
857515,0
857516,0
857517,0
857518,0
857519,0
857520,0
857521,0
857522,0
857523,0
857524,0
857525,0
857526,0
857527,0
857528,0
857529,0
857530,0
857531,0
857532,0
857533,0
857534,0
857535,0
857536,0
857537,0
857538,0
857539,0
857540,0
857541,0
857542,0
857543,0
857544,0
857545,0
857546,0
857547,0
857548,0
857549,0
857550,0
857551,0
857552,0
857553,0
857554,0
857555,0
857556,0
857557,0
857558,0
857559,0
857560,0
857561,0
857562,0
857563,0
857564,0
857565,0
857566,0
857567,0
857568,0
857569,0
857570,0
857571,0
857572,0
857573,0
857574,0
857575,0
857576,0
857577,0
857578,0
857579,0
857580,0
857581,0
857582,0
857583,0
857584,0
857585,0
857586,0
857587,0
857588,0
857589,0
857590,0
857591,0
857592,0
857593,0
857594,0
857595,0
857596,0
857597,0
857598,0
857599,0
857600,0
857601,0
857602,0
857603,0
857604,0
857605,0
857606,0
857607,0
857608,0
857609,0
857610,0
857611,0
857612,0
857613,0
857614,0
857615,0
857616,0
857617,0
857618,0
857619,1
857620,0
857621,0
857622,0
857623,0
857624,0
857625,0
857626,0
857627,0
857628,0
857629,0
857630,0
857631,0
857632,0
857633,0
857634,0
857635,0
857636,0
857637,0
857638,0
857639,0
857640,0
857641,0
857642,0
857643,0
857644,0
857645,0
857646,0
857647,0
857648,0
857649,0
857650,0
857651,0
857652,0
857653,0
857654,0
857655,0
857656,0
857657,0
857658,0
857659,0
857660,0
857661,0
857662,0
857663,0
857664,0
857665,0
857666,0
857667,0
857668,0
857669,0
857670,0
857671,0
857672,0
857673,0
857674,0
857675,4
857676,0
857677,0
857678,0
857679,0
857680,0
857681,0
857682,0
857683,9
857684,0
857685,0
857686,0
857687,0
857688,0
857689,0
857690,0
857691,0
857692,0
857693,0
857694,0
857695,0
857696,0
857697,0
857698,0
857699,0
857700,14
857701,0
857702,0
857703,10
857704,8
857705,0
857706,10
857707,6
857708,0
857709,0
857710,0
857711,0
857712,0
857713,0
857714,0
857715,18
857716,0
857717,0
857718,0
857719,0
857720,0
857721,0
857722,4
857723,0
857724,0
857725,0
857726,0
857727,14
857728,0
857729,0
857730,0
857731,0
857732,0
857733,0
857734,0
857735,0
857736,0
857737,0
857738,5
857739,0
857740,0
857741,11
857742,0
857743,9
857744,0
857745,9
857746,0
857747,11
857748,0
857749,13
857750,15
857751,14
857752,0
857753,0
857754,0
857755,0
857756,0
857757,13
857758,13
857759,8
857760,5
857761,0
857762,0
857763,0
857764,0
857765,0
857766,0
857767,0
857768,9
857769,0
857770,0
857771,7
857772,0
857773,14
857774,11
857775,0
857776,8
857777,0
857778,0
857779,0
857780,0
857781,0
857782,0
857783,0
857784,0
857785,15
857786,0
857787,0
857788,0
857789,0
857790,0
857791,0
857792,0
857793,0
857794,10
857795,8
857796,0
857797,0
857798,0
857799,0
857800,5
857801,0
857802,15
857803,0
857804,11
857805,0
857806,7
857807,0
857808,0
857809,0
857810,0
857811,18
857812,0
857813,0
857814,15
857815,0
857816,9
857817,0
857818,17
857819,0
857820,3
857821,0
857822,0
857823,7
857824,0
857825,0
857826,0
857827,8
857828,0
857829,0
857830,0
857831,0
857832,7
857833,0
857834,0
857835,0
857836,0
857837,0
857838,19
857839,0
857840,0
857841,0
857842,0
857843,0
857844,0
857845,0
857846,0
857847,14
857848,0
857849,6
857850,6
857851,0
857852,0
857853,0
857854,0
857855,0
857856,0
857857,17
857858,0
857859,0
857860,0
857861,0
857862,0
857863,9
857864,18
857865,0
857866,0
857867,0
857868,0
857869,0
857870,0
857871,0
857872,11
857873,0
857874,11
857875,0
857876,0
857877,7
857878,0
857879,6
857880,0
857881,0
857882,0
857883,0
857884,0
857885,0
857886,0
857887,0
857888,0
857889,10
857890,8
857891,0
857892,0
857893,0
857894,0
857895,0
857896,0
857897,0
857898,0
857899,0
857900,0
857901,0
857902,0
857903,0
857904,0
857905,0
857906,13
857907,0
857908,0
857909,0
857910,0
857911,0
857912,8
857913,0
857914,0
857915,0
857916,0
857917,0
857918,11
857919,0
857920,0
857921,0
857922,0
857923,0
857924,0
857925,11
857926,0
857927,0
857928,18
857929,0
857930,4
857931,0
857932,0
857933,0
857934,0
857935,0
857936,0
857937,0
857938,0
857939,15
857940,0
857941,0
857942,0
857943,0
857944,0
857945,4
857946,0
857947,0
857948,0
857949,0
857950,14
857951,0
857952,6
857953,6
857954,10
857955,0
857956,9
857957,0
857958,5
857959,0
857960,0
857961,11
857962,0
857963,0
857964,0
857965,4
857966,7
857967,9
857968,0
857969,6
857970,0
857971,10
857972,0
857973,0
857974,6
857975,0
857976,0
857977,0
857978,0
857979,0
857980,0
857981,0
857982,0
857983,0
857984,0
857985,0
857986,0
857987,6
857988,0
857989,0
857990,0
857991,0
857992,0
857993,0
857994,0
857995,4
857996,5
857997,17
857998,0
857999,10
858000,0
858001,0
858002,0
858003,11
858004,0
858005,7
858006,0
858007,0
858008,0
858009,0
858010,0
858011,5
858012,0
858013,11
858014,10
858015,0
858016,0
858017,0
858018,0
858019,8
858020,0
858021,0
858022,0
858023,4
858024,0
858025,0
858026,0
858027,11
858028,0
858029,0
858030,7
858031,0
858032,25
858033,8
858034,0
858035,5
858036,13
858037,0
858038,0
858039,5
858040,9
858041,0
858042,0
858043,0
858044,0
858045,0
858046,6
858047,0
858048,0
858049,10
858050,0
858051,9
858052,0
858053,0
858054,0
858055,0
858056,0
858057,0
858058,13
858059,9
858060,6
858061,12
858062,0
858063,0
858064,0
858065,0
858066,0
858067,0
858068,0
858069,0
858070,6
858071,0
858072,5
858073,0
858074,0
858075,7
858076,15
858077,0
858078,11
858079,0
858080,12
858081,0
858082,0
858083,0
858084,0
858085,11
858086,9
858087,6
858088,7
858089,0
858090,0
858091,0
858092,0
858093,5
858094,0
858095,0
858096,19
858097,0
858098,0
858099,0
858100,17
858101,15
858102,9
858103,8
858104,0
858105,20
858106,0
858107,0
858108,0
858109,0
858110,0
858111,0
858112,0
858113,0
858114,0
858115,0
858116,5
858117,0
858118,0
858119,0
858120,0
858121,0
858122,0
858123,0
858124,12
858125,0
858126,0
858127,0
858128,0
858129,6
858130,0
858131,0
858132,0
858133,0
858134,0
858135,0
858136,0
858137,11
858138,5
858139,0
858140,0
858141,0
858142,13
858143,0
858144,0
858145,0
858146,0
858147,0
858148,0
858149,0
858150,0
858151,0
858152,0
858153,0
858154,6
858155,0
858156,0
858157,12
858158,0
858159,0
858160,0
858161,17
858162,8
858163,0
858164,0
858165,0
858166,9
858167,0
858168,7
858169,0
858170,0
858171,0
858172,0
858173,0
858174,0
858175,8
858176,0
858177,0
858178,15
858179,0
858180,0
858181,0
858182,0
858183,0
858184,0
858185,14
858186,0
858187,0
858188,0
858189,0
858190,0
858191,0
858192,0
858193,0
858194,0
858195,0
858196,0
858197,0
858198,10
858199,0
858200,10
858201,12
858202,0
858203,0
858204,0
858205,0
858206,0
858207,10
858208,0
858209,10
858210,0
858211,0
858212,0
858213,0
858214,0
858215,0
858216,0
858217,3
858218,0
858219,0
858220,0
858221,0
858222,0
858223,0
858224,0
858225,0
858226,5
858227,0
858228,0
858229,0
858230,5
858231,20
858232,0
858233,0
858234,0
858235,0
858236,0
858237,5
858238,12
858239,0
858240,6
858241,0
858242,0
858243,10
858244,12
858245,0
858246,0
858247,0
858248,0
858249,0
858250,11
858251,0
858252,0
858253,4
858254,0
858255,8
858256,9
858257,0
858258,0
858259,0
858260,0
858261,0
858262,0
858263,12
858264,0
858265,0
858266,8
858267,0
858268,0
858269,0
858270,9
858271,10
858272,0
858273,4
858274,0
858275,0
858276,0
858277,0
858278,0
858279,0
858280,21
858281,0
858282,0
858283,14
858284,0
858285,0
858286,0
858287,0
858288,0
858289,0
858290,4
858291,0
858292,0
858293,7
858294,0
858295,0
858296,0
858297,0
858298,0
858299,0
858300,0
858301,0
858302,0
858303,9
858304,0
858305,11
858306,0
858307,15
858308,0
858309,0
858310,0
858311,15
858312,0
858313,12
858314,11
858315,0
858316,0
858317,0
858318,0
858319,8
858320,7
858321,8
858322,8
858323,15
858324,0
858325,11
858326,6
858327,11
858328,0
858329,0
858330,13
858331,0
858332,0
858333,0
858334,0
858335,0
858336,0
858337,0
858338,0
858339,0
858340,15
858341,0
858342,0
858343,16
858344,17
858345,0
858346,0
858347,0
858348,15
858349,0
858350,6
858351,10
858352,0
858353,0
858354,0
858355,0
858356,0
858357,0
858358,0
858359,0
858360,13
858361,0
858362,0
858363,10
858364,0
858365,12
858366,0
858367,0
858368,0
858369,17
858370,11
858371,0
858372,0
858373,0
858374,0
858375,0
858376,0
858377,0
858378,0
858379,0
858380,0
858381,0
858382,8
858383,0
858384,0
858385,0
858386,8
858387,0
858388,7
858389,0
858390,0
858391,0
858392,0
858393,0
858394,0
858395,8
858396,0
858397,8
858398,0
858399,0
858400,7
858401,0
858402,7
858403,4
858404,5
858405,0
858406,11
858407,13
858408,0
858409,16
858410,0
858411,0
858412,0
858413,0
858414,0
858415,0
858416,15
858417,5
858418,0
858419,12
858420,0
858421,0
858422,0
858423,0
858424,0
858425,4
858426,0
858427,9
858428,5
858429,0
858430,8
858431,0
858432,0
858433,0
858434,4
858435,0
858436,0
858437,0
858438,13
858439,11
858440,0
858441,0
858442,0
858443,0
858444,0
858445,0
858446,0
858447,0
858448,0
858449,0
858450,0
858451,8
858452,0
858453,0
858454,0
858455,0
858456,0
858457,0
858458,0
858459,7
858460,0
858461,17
858462,0
858463,0
858464,10
858465,0
858466,0
858467,0
858468,0
858469,8
858470,0
858471,0
858472,0
858473,0
858474,0
858475,0
858476,6
858477,0
858478,0
858479,0
858480,0
858481,0
858482,0
858483,0
858484,0
858485,0
858486,0
858487,7
858488,0
858489,0
858490,12
858491,13
858492,0
858493,0
858494,10
858495,0
858496,0
858497,0
858498,17
858499,0
858500,0
858501,0
858502,0
858503,10
858504,0
858505,0
858506,0
858507,0
858508,9
858509,0
858510,14
858511,0
858512,0
858513,16
858514,14
858515,0
858516,0
858517,0
858518,8
858519,7
858520,0
858521,0
858522,0
858523,0
858524,0
858525,0
858526,0
858527,0
858528,0
858529,7
858530,0
858531,8
858532,0
858533,0
858534,7
858535,0
858536,7
858537,0
858538,0
858539,0
858540,0
858541,0
858542,0
858543,0
858544,0
858545,0
858546,0
858547,0
858548,0
858549,11
858550,9
858551,0
858552,0
858553,0
858554,0
858555,0
858556,0
858557,0
858558,0
858559,11
858560,8
858561,0
858562,0
858563,0
858564,0
858565,0
858566,0
858567,0
858568,7
858569,0
858570,8
858571,0
858572,0
858573,0
858574,0
858575,0
858576,0
858577,0
858578,0
858579,12
858580,0
858581,0
858582,0
858583,15
858584,2
858585,0
858586,0
858587,14
858588,0
858589,0
858590,0
858591,0
858592,0
858593,0
858594,9
858595,0
858596,0
858597,0
858598,4
858599,0
858600,9
858601,8
858602,13
858603,0
858604,0
858605,9
858606,0
858607,0
858608,0
858609,0
858610,0
858611,3
858612,4
858613,0
858614,0
858615,20
858616,0
858617,0
858618,0
858619,0
858620,0
858621,9
858622,0
858623,0
858624,0
858625,18
858626,0
858627,0
858628,0
858629,0
858630,0
858631,0
858632,0
858633,0
858634,9
858635,18
858636,0
858637,0
858638,5
858639,0
858640,0
858641,0
858642,0
858643,0
858644,5
858645,11
858646,5
858647,18
858648,0
858649,0
858650,11
858651,9
858652,0
858653,0
858654,0
858655,0
858656,0
858657,12
858658,0
858659,0
858660,0
858661,0
858662,0
858663,12
858664,5
858665,0
858666,11
858667,9
858668,0
858669,0
858670,8
858671,0
858672,0
858673,0
858674,0
858675,0
858676,0
858677,0
858678,0
858679,0
858680,10
858681,9
858682,0
858683,15
858684,0
858685,0
858686,0
858687,0
858688,0
858689,0
858690,0
858691,0
858692,6
858693,0
858694,0
858695,4
858696,7
858697,9
858698,0
858699,9
858700,0
858701,0
858702,8
858703,0
858704,0
858705,0
858706,0
858707,0
858708,0
858709,0
858710,0
858711,0
858712,0
858713,0
858714,0
858715,0
858716,0
858717,0
858718,0
858719,0
858720,3
858721,0
858722,4
858723,0
858724,0
858725,0
858726,0
858727,0
858728,0
858729,0
858730,0
858731,0
858732,0
858733,11
858734,0
858735,0
858736,0
858737,9
858738,0
858739,0
858740,0
858741,0
858742,0
858743,1
858744,0
858745,14
858746,0
858747,0
858748,0
858749,0
858750,0
858751,8
858752,0
858753,0
858754,0
858755,0
858756,0
858757,10
858758,9
858759,0
858760,0
858761,0
858762,0
858763,0
858764,0
858765,0
858766,0
858767,0
858768,0
858769,7
858770,0
858771,0
858772,0
858773,0
858774,0
858775,0
858776,0
858777,0
858778,0
858779,0
858780,0
858781,0
858782,0
858783,0
858784,0
858785,0
858786,13
858787,10
858788,0
858789,0
858790,0
858791,14
858792,0
858793,0
858794,0
858795,0
858796,11
858797,0
858798,2
858799,0
858800,0
858801,0
858802,0
858803,0
858804,6
858805,0
858806,0
858807,0
858808,9
858809,0
858810,0
858811,8
858812,11
858813,0
858814,0
858815,6
858816,0
858817,0
858818,19
858819,0
858820,0
858821,8
858822,0
858823,0
858824,3
858825,0
858826,0
858827,7
858828,0
858829,0
858830,14
858831,0
858832,11
858833,10
858834,0
858835,0
858836,0
858837,8
858838,15
858839,0
858840,0
858841,7
858842,0
858843,0
858844,0
858845,0
858846,14
858847,6
858848,0
858849,7
858850,0
858851,0
858852,0
858853,11
858854,0
858855,0
858856,0
858857,11
858858,0
858859,0
858860,0
858861,0
858862,0
858863,15
858864,0
858865,0
858866,5
858867,0
858868,0
858869,0
858870,0
858871,0
858872,0
858873,0
858874,7
858875,0
858876,0
858877,0
858878,10
858879,0
858880,0
858881,0
858882,0
858883,0
858884,0
858885,0
858886,7
858887,0
858888,11
858889,0
858890,0
858891,0
858892,0
858893,0
858894,0
858895,0
858896,6
858897,4
858898,0
858899,0
858900,9
858901,8
858902,0
858903,0
858904,0
858905,0
858906,0
858907,0
858908,0
858909,0
858910,13
858911,0
858912,0
858913,0
858914,0
858915,0
858916,0
858917,0
858918,0
858919,6
858920,6
858921,0
858922,0
858923,12
858924,0
858925,0
858926,12
858927,0
858928,0
858929,6
858930,6
858931,0
858932,0
858933,5
858934,0
858935,0
858936,0
858937,0
858938,0
858939,5
858940,0
858941,0
858942,0
858943,12
858944,6
858945,7
858946,0
858947,16
858948,0
858949,0
858950,0
858951,8
858952,0
858953,0
858954,0
858955,0
858956,0
858957,0
858958,0
858959,0
858960,0
858961,0
858962,0
858963,0
858964,0
858965,0
858966,0
858967,0
858968,0
858969,0
858970,0
858971,0
858972,0
858973,8
858974,0
858975,0
858976,0
858977,0
858978,0
858979,0
858980,0
858981,0
858982,0
858983,0
858984,0
858985,2
858986,0
858987,0
858988,9
858989,9
858990,0
858991,0
858992,0
858993,0
858994,0
858995,0
858996,0
858997,0
858998,0
858999,0
859000,0
859001,0
859002,0
859003,0
859004,10
859005,0
859006,0
859007,14
859008,0
859009,0
859010,18
859011,7
859012,0
859013,0
859014,0
859015,12
859016,6
859017,12
859018,0
859019,0
859020,0
859021,0
859022,0
859023,0
859024,0
859025,0
859026,0
859027,8
859028,8
859029,0
859030,0
859031,0
859032,0
859033,0
859034,0
859035,0
859036,10
859037,0
859038,0
859039,0
859040,0
859041,0
859042,0
859043,0
859044,0
859045,0
859046,0
859047,0
859048,0
859049,5
859050,10
859051,0
859052,0
859053,0
859054,0
859055,0
859056,0
859057,0
859058,13
859059,0
859060,0
859061,0
859062,0
859063,0
859064,0
859065,0
859066,0
859067,0
859068,17
859069,0
859070,0
859071,0
859072,0
859073,0
859074,0
859075,0
859076,0
859077,0
859078,0
859079,0
859080,0
859081,0
859082,0
859083,10
859084,0
859085,0
859086,0
859087,0
859088,0
859089,0
859090,0
859091,0
859092,0
859093,0
859094,0
859095,0
859096,0
859097,24
859098,31
859099,24
859100,0
859101,17
859102,0
859103,0
859104,25
859105,0
859106,0
859107,0
859108,0
859109,0
859110,0
859111,0
859112,0
859113,0
859114,0
859115,0
859116,0
859117,0
859118,0
859119,0
859120,0
859121,0
859122,16
859123,0
859124,0
859125,0
859126,0
859127,0
859128,0
859129,0
859130,0
859131,0
859132,0
859133,0
859134,0
859135,0
859136,0
859137,29
859138,0
859139,0
859140,17
859141,0
859142,0
859143,0
859144,0
859145,0
859146,0
859147,18
859148,21
859149,18
859150,0
859151,0
859152,0
859153,0
859154,19
859155,0
859156,0
859157,0
859158,0
859159,0
859160,0
859161,0
859162,0
859163,0
859164,0
859165,0
859166,0
859167,22
859168,0
859169,0
859170,0
859171,0
859172,0
859173,0
859174,0
859175,0
859176,0
859177,0
859178,0
859179,0
859180,0
859181,0
859182,0
859183,0
859184,0
859185,0
859186,30
859187,0
859188,0
859189,0
859190,0
859191,0
859192,0
859193,0
859194,0
859195,0
859196,0
859197,0
859198,0
859199,0
859200,0
859201,0
859202,19
859203,0
859204,34
859205,0
859206,18
859207,0
859208,0
859209,0
859210,0
859211,0
859212,0
859213,0
859214,0
859215,0
859216,0
859217,0
859218,11
859219,0
859220,6
859221,2
859222,2
859223,3
859224,0
859225,0
859226,0
859227,0
859228,0
859229,0
859230,0
859231,0
859232,0
859233,0
859234,0
859235,0
859236,0
859237,1
859238,0
859239,5
859240,0
859241,0
859242,0
859243,0
859244,0
859245,0
859246,0
859247,6
859248,0
859249,0
859250,4
859251,0
859252,0
859253,0
859254,2
859255,0
859256,0
859257,0
859258,0
859259,0
859260,13
859261,26
859262,22
859263,0
859264,25
859265,0
859266,22
859267,0
859268,0
859269,0
859270,28
859271,43
859272,0
859273,0
859274,0
859275,22
859276,0
859277,0
859278,0
859279,0
859280,0
859281,0
859282,0
859283,21
859284,0
859285,12
859286,0
859287,0
859288,43
859289,0
859290,0
859291,0
859292,0
859293,0
859294,0
859295,0
859296,0
859297,20
859298,22
859299,0
859300,27
859301,14
859302,0
859303,0
859304,0
859305,36
859306,30
859307,0
859308,0
859309,0
859310,0
859311,0
859312,20
859313,0
859314,0
859315,0
859316,0
859317,0
859318,0
859319,0
859320,0
859321,0
859322,0
859323,31
859324,0
859325,0
859326,29
859327,0
859328,0
859329,0
859330,44
859331,0
859332,0
859333,0
859334,0
859335,0
859336,0
859337,0
859338,0
859339,0
859340,0
859341,38
859342,43
859343,30
859344,0
859345,0
859346,0
859347,21
859348,0
859349,0
859350,0
859351,0
859352,20
859353,0
859354,28
859355,0
859356,26
859357,0
859358,59
859359,0
859360,0
859361,0
859362,0
859363,0
859364,0
859365,0
859366,0
859367,0
859368,0
859369,35
859370,0
859371,0
859372,0
859373,0
859374,0
859375,0
859376,0
859377,30
859378,31
859379,0
859380,0
859381,27
859382,0
859383,0
859384,0
859385,0
859386,0
859387,0
859388,21
859389,0
859390,0
859391,40
859392,0
859393,0
859394,0
859395,0
859396,0
859397,31
859398,35
859399,0
859400,22
859401,0
859402,0
859403,0
859404,48
859405,0
859406,0
859407,0
859408,0
859409,0
859410,0
859411,0
859412,24
859413,0
859414,0
859415,0
859416,0
859417,0
859418,0
859419,0
859420,0
859421,27
859422,0
859423,0
859424,0
859425,34
859426,0
859427,0
859428,0
859429,0
859430,49
859431,0
859432,0
859433,35
859434,0
859435,0
859436,13
859437,0
859438,40
859439,0
859440,0
859441,0
859442,0
859443,0
859444,0
859445,0
859446,0
859447,0
859448,53
859449,0
859450,0
859451,0
859452,0
859453,32
859454,0
859455,0
859456,0
859457,42
859458,0
859459,0
859460,0
859461,0
859462,0
859463,0
859464,22
859465,24
859466,0
859467,0
859468,26
859469,14
859470,0
859471,0
859472,0
859473,52
859474,0
859475,0
859476,26
859477,0
859478,0
859479,34
859480,0
859481,0
859482,0
859483,0
859484,0
859485,0
859486,25
859487,37
859488,20
859489,34
859490,0
859491,16
859492,41
859493,0
859494,0
859495,28
859496,0
859497,0
859498,0
859499,0
859500,52
859501,0
859502,0
859503,0
859504,0
859505,28
859506,0
859507,0
859508,0
859509,0
859510,41
859511,0
859512,0
859513,24
859514,0
859515,0
859516,43
859517,0
859518,23
859519,0
859520,0
859521,0
859522,52
859523,0
859524,0
859525,0
859526,0
859527,0
859528,0
859529,0
859530,33
859531,0
859532,23
859533,0
859534,0
859535,0
859536,10
859537,0
859538,0
859539,0
859540,0
859541,33
859542,25
859543,0
859544,0
859545,35
859546,32
859547,0
859548,0
859549,0
859550,0
859551,0
859552,31
859553,21
859554,37
859555,31
859556,0
859557,0
859558,27
859559,0
859560,32
859561,0
859562,0
859563,0
859564,0
859565,0
859566,28
859567,0
859568,0
859569,0
859570,0
859571,0
859572,36
859573,0
859574,0
859575,0
859576,0
859577,0
859578,0
859579,0
859580,0
859581,30
859582,0
859583,0
859584,0
859585,0
859586,0
859587,0
859588,0
859589,40
859590,0
859591,0
859592,0
859593,0
859594,0
859595,0
859596,40
859597,0
859598,0
859599,0
859600,0
859601,0
859602,0
859603,0
859604,0
859605,0
859606,0
859607,0
859608,44
859609,0
859610,0
859611,0
859612,0
859613,29
859614,0
859615,30
859616,0
859617,0
859618,37
859619,0
859620,0
859621,0
859622,23
859623,0
859624,0
859625,0
859626,0
859627,26
859628,0
859629,0
859630,31
859631,31
859632,0
859633,0
859634,0
859635,32
859636,0
859637,0
859638,0
859639,41
859640,0
859641,0
859642,30
859643,0
859644,33
859645,0
859646,0
859647,0
859648,44
859649,0
859650,0
859651,0
859652,26
859653,0
859654,0
859655,0
859656,0
859657,0
859658,29
859659,0
859660,0
859661,0
859662,0
859663,0
859664,0
859665,0
859666,0
859667,0
859668,0
859669,0
859670,0
859671,0
859672,0
859673,0
859674,0
859675,0
859676,0
859677,0
859678,0
859679,0
859680,0
859681,37
859682,0
859683,0
859684,30
859685,0
859686,0
859687,0
859688,0
859689,0
859690,0
859691,0
859692,37
859693,0
859694,0
859695,0
859696,0
859697,0
859698,0
859699,0
859700,0
859701,0
859702,0
859703,17
859704,0
859705,0
859706,0
859707,0
859708,0
859709,0
859710,0
859711,0
859712,0
859713,0
859714,0
859715,0
859716,26
859717,16
859718,0
859719,0
859720,34
859721,0
859722,0
859723,26
859724,31
859725,34
859726,0
859727,0
859728,0
859729,0
859730,32
859731,0
859732,0
859733,0
859734,22
859735,0
859736,0
859737,25
859738,32
859739,0
859740,33
859741,0
859742,22
859743,0
859744,0
859745,35
859746,0
859747,0
859748,32
859749,0
859750,0
859751,0
859752,0
859753,0
859754,37
859755,0
859756,0
859757,0
859758,0
859759,0
859760,0
859761,0
859762,0
859763,0
859764,0
859765,0
859766,0
859767,0
859768,0
859769,33
859770,34
859771,0
859772,0
859773,0
859774,0
859775,0
859776,0
859777,0
859778,0
859779,0
859780,0
859781,0
859782,0
859783,28
859784,0
859785,0
859786,27
859787,0
859788,0
859789,0
859790,0
859791,0
859792,0
859793,24
859794,0
859795,0
859796,0
859797,0
859798,0
859799,0
859800,0
859801,0
859802,0
859803,0
859804,0
859805,26
859806,38
859807,0
859808,41
859809,0
859810,0
859811,0
859812,20
859813,0
859814,0
859815,26
859816,30
859817,0
859818,0
859819,0
859820,30
859821,0
859822,0
859823,0
859824,0
859825,0
859826,0
859827,39
859828,0
859829,0
859830,20
859831,0
859832,0
859833,0
859834,0
859835,0
859836,30
859837,0
859838,0
859839,36
859840,0
859841,0
859842,0
859843,35
859844,0
859845,0
859846,0
859847,0
859848,0
859849,0
859850,0
859851,31
859852,23
859853,0
859854,30
859855,0
859856,0
859857,0
859858,0
859859,0
859860,0
859861,0
859862,0
859863,35
859864,37
859865,0
859866,0
859867,0
859868,0
859869,0
859870,0
859871,0
859872,0
859873,0
859874,0
859875,0
859876,0
859877,0
859878,0
859879,0
859880,0
859881,0
859882,20
859883,0
859884,0
859885,0
859886,0
859887,34
859888,0
859889,0
859890,0
859891,0
859892,0
859893,0
859894,0
859895,0
859896,0
859897,47
859898,0
859899,0
859900,30
859901,0
859902,0
859903,0
859904,0
859905,28
859906,0
859907,0
859908,0
859909,0
859910,0
859911,0
859912,0
859913,0
859914,0
859915,0
859916,0
859917,0
859918,0
859919,0
859920,17
859921,0
859922,0
859923,0
859924,45
859925,0
859926,26
859927,0
859928,40
859929,30
859930,0
859931,0
859932,0
859933,0
859934,0
859935,0
859936,0
859937,0
859938,0
859939,0
859940,27
859941,0
859942,0
859943,0
859944,0
859945,0
859946,20
859947,32
859948,0
859949,0
859950,0
859951,0
859952,0
859953,0
859954,13
859955,0
859956,0
859957,0
859958,0
859959,14
859960,16
859961,0
859962,0
859963,0
859964,17
859965,13
859966,0
859967,0
859968,0
859969,0
859970,0
859971,0
859972,0
859973,0
859974,0
859975,0
859976,11
859977,0
859978,0
859979,0
859980,0
859981,21
859982,0
859983,17
859984,0
859985,0
859986,12
859987,0
859988,0
859989,0
859990,15
859991,0
859992,0
859993,0
859994,0
859995,11
859996,17
859997,17
859998,0
859999,0
860000,0
860001,0
860002,0
860003,0
860004,0
860005,0
860006,17
860007,0
860008,0
860009,0
860010,19
860011,14
860012,18
860013,0
860014,0
860015,0
860016,0
860017,0
860018,0
860019,0
860020,0
860021,0
860022,0
860023,0
860024,0
860025,0
860026,0
860027,0
860028,0
860029,0
860030,0
860031,0
860032,0
860033,0
860034,0
860035,0
860036,0
860037,0
860038,0
860039,0
860040,0
860041,0
860042,0
860043,0
860044,0
860045,0
860046,0
860047,0
860048,0
860049,0
860050,0
860051,24
860052,0
860053,0
860054,0
860055,0
860056,0
860057,0
860058,0
860059,0
860060,0
860061,0
860062,0
860063,0
860064,0
860065,0
860066,0
860067,0
860068,19
860069,0
860070,0
860071,0
860072,23
860073,0
860074,0
860075,27
860076,0
860077,26
860078,0
860079,0
860080,0
860081,0
860082,0
860083,0
860084,0
860085,0
860086,0
860087,0
860088,0
860089,0
860090,0
860091,0
860092,0
860093,0
860094,0
860095,0
860096,19
860097,0
860098,17
860099,0
860100,0
860101,0
860102,0
860103,0
860104,18
860105,0
860106,0
860107,0
860108,0
860109,23
860110,0
860111,0
860112,0
860113,0
860114,0
860115,0
860116,0
860117,0
860118,0
860119,0
860120,12
860121,0
860122,0
860123,0
860124,28
860125,0
860126,25
860127,0
860128,0
860129,0
860130,0
860131,0
860132,0
860133,0
860134,0
860135,0
860136,0
860137,0
860138,0
860139,0
860140,0
860141,0
860142,0
860143,40
860144,0
860145,0
860146,0
860147,0
860148,0
860149,0
860150,0
860151,15
860152,0
860153,0
860154,0
860155,0
860156,0
860157,0
860158,0
860159,0
860160,0
860161,22
860162,0
860163,0
860164,22
860165,24
860166,0
860167,0
860168,0
860169,0
860170,0
860171,0
860172,0
860173,0
860174,0
860175,0
860176,0
860177,0
860178,0
860179,0
860180,0
860181,0
860182,0
860183,0
860184,0
860185,0
860186,0
860187,0
860188,0
860189,0
860190,0
860191,0
860192,0
860193,0
860194,0
860195,0
860196,0
860197,0
860198,0
860199,0
860200,0
860201,0
860202,0
860203,0
860204,0
860205,0
860206,0
860207,0
860208,0
860209,0
860210,0
860211,0
860212,33
860213,0
860214,0
860215,0
860216,0
860217,0
860218,0
860219,0
860220,0
860221,0
860222,0
860223,0
860224,0
860225,0
860226,0
860227,0
860228,23
860229,0
860230,0
860231,0
860232,0
860233,0
860234,0
860235,0
860236,0
860237,0
860238,0
860239,0
860240,0
860241,0
860242,0
860243,0
860244,0
860245,0
860246,0
860247,0
860248,0
860249,0
860250,12
860251,0
860252,0
860253,0
860254,0
860255,0
860256,0
860257,0
860258,0
860259,0
860260,0
860261,0
860262,0
860263,0
860264,0
860265,0
860266,0
860267,0
860268,0
860269,0
860270,0
860271,0
860272,0
860273,0
860274,0
860275,0
860276,0
860277,0
860278,26
860279,0
860280,0
860281,0
860282,0
860283,0
860284,0
860285,0
860286,0
860287,0
860288,0
860289,0
860290,0
860291,0
860292,32
860293,0
860294,0
860295,0
860296,0
860297,0
860298,0
860299,0
860300,0
860301,0
860302,0
860303,0
860304,0
860305,0
860306,0
860307,24
860308,0
860309,0
860310,0
860311,0
860312,8
860313,0
860314,0
860315,0
860316,0
860317,0
860318,26
860319,0
860320,0
860321,0
860322,0
860323,0
860324,0
860325,0
860326,0
860327,0
860328,0
860329,0
860330,0
860331,0
860332,0
860333,0
860334,0
860335,0
860336,0
860337,0
860338,0
860339,0
860340,0
860341,0
860342,0
860343,0
860344,0
860345,0
860346,0
860347,12
860348,0
860349,0
860350,0
860351,0
860352,0
860353,0
860354,0
860355,0
860356,0
860357,0
860358,0
860359,0
860360,0
860361,0
860362,0
860363,0
860364,0
860365,0
860366,0
860367,0
860368,0
860369,0
860370,0
860371,0
860372,0
860373,0
860374,0
860375,0
860376,0
860377,0
860378,0
860379,0
860380,0
860381,0
860382,0
860383,0
860384,0
860385,0
860386,0
860387,0
860388,0
860389,0
860390,0
860391,0
860392,0
860393,0
860394,0
860395,0
860396,0
860397,0
860398,0
860399,0
860400,0
860401,0
860402,0
860403,23
860404,27
860405,0
860406,0
860407,0
860408,0
860409,0
860410,0
860411,0
860412,0
860413,0
860414,0
860415,0
860416,0
860417,0
860418,0
860419,0
860420,21
860421,0
860422,0
860423,0
860424,0
860425,0
860426,0
860427,0
860428,0
860429,0
860430,0
860431,0
860432,0
860433,0
860434,0
860435,0
860436,0
860437,0
860438,0
860439,0
860440,0
860441,0
860442,0
860443,0
860444,14
860445,0
860446,0
860447,0
860448,0
860449,0
860450,0
860451,31
860452,0
860453,0
860454,0
860455,0
860456,0
860457,22
860458,0
860459,0
860460,0
860461,0
860462,0
860463,0
860464,0
860465,0
860466,0
860467,0
860468,0
860469,21
860470,0
860471,0
860472,0
860473,0
860474,0
860475,0
860476,0
860477,0
860478,0
860479,0
860480,0
860481,0
860482,0
860483,0
860484,0
860485,0
860486,0
860487,0
860488,0
860489,0
860490,0
860491,0
860492,0
860493,0
860494,0
860495,0
860496,0
860497,0
860498,25
860499,0
860500,0
860501,0
860502,0
860503,0
860504,0
860505,0
860506,0
860507,0
860508,0
860509,0
860510,0
860511,0
860512,0
860513,0
860514,0
860515,0
860516,0
860517,0
860518,0
860519,0
860520,0
860521,0
860522,0
860523,0
860524,0
860525,0
860526,0
860527,0
860528,19
860529,0
860530,0
860531,0
860532,0
860533,0
860534,0
860535,0
860536,0
860537,0
860538,0
860539,0
860540,0
860541,0
860542,0
860543,0
860544,0
860545,0
860546,0
860547,0
860548,31
860549,0
860550,0
860551,0
860552,0
860553,0
860554,0
860555,0
860556,0
860557,0
860558,0
860559,0
860560,0
860561,0
860562,0
860563,0
860564,0
860565,0
860566,0
860567,0
860568,0
860569,0
860570,0
860571,0
860572,0
860573,0
860574,0
860575,35
860576,0
860577,0
860578,0
860579,0
860580,0
860581,0
860582,22
860583,0
860584,0
860585,0
860586,0
860587,0
860588,0
860589,0
860590,0
860591,0
860592,0
860593,0
860594,0
860595,0
860596,0
860597,19
860598,15
860599,0
860600,0
860601,0
860602,0
860603,0
860604,0
860605,0
860606,0
860607,0
860608,23
860609,0
860610,0
860611,0
860612,0
860613,0
860614,0
860615,0
860616,0
860617,0
860618,0
860619,0
860620,0
860621,0
860622,0
860623,0
860624,0
860625,5
860626,0
860627,0
860628,0
860629,20
860630,0
860631,0
860632,0
860633,0
860634,0
860635,0
860636,0
860637,14
860638,10
860639,0
860640,0
860641,0
860642,0
860643,0
860644,16
860645,0
860646,0
860647,0
860648,0
860649,0
860650,0
860651,0
860652,0
860653,0
860654,0
860655,0
860656,0
860657,0
860658,0
860659,0
860660,0
860661,0
860662,0
860663,0
860664,0
860665,0
860666,15
860667,0
860668,0
860669,0
860670,0
860671,0
860672,0
860673,0
860674,0
860675,0
860676,0
860677,0
860678,0
860679,14
860680,0
860681,0
860682,0
860683,18
860684,0
860685,19
860686,0
860687,0
860688,0
860689,20
860690,0
860691,0
860692,0
860693,0
860694,0
860695,0
860696,0
860697,0
860698,0
860699,0
860700,0
860701,20
860702,0
860703,0
860704,0
860705,0
860706,0
860707,15
860708,0
860709,16
860710,0
860711,0
860712,0
860713,0
860714,0
860715,0
860716,0
860717,0
860718,0
860719,0
860720,13
860721,0
860722,0
860723,0
860724,0
860725,18
860726,0
860727,0
860728,0
860729,0
860730,0
860731,0
860732,20
860733,0
860734,0
860735,0
860736,0
860737,0
860738,0
860739,0
860740,0
860741,0
860742,0
860743,14
860744,0
860745,0
860746,20
860747,0
860748,0
860749,0
860750,0
860751,20
860752,19
860753,0
860754,0
860755,11
860756,0
860757,15
860758,0
860759,0
860760,0
860761,0
860762,18
860763,0
860764,0
860765,0
860766,0
860767,0
860768,0
860769,0
860770,0
860771,0
860772,0
860773,0
860774,0
860775,0
860776,0
860777,0
860778,0
860779,0
860780,0
860781,14
860782,0
860783,0
860784,0
860785,0
860786,0
860787,0
860788,0
860789,0
860790,0
860791,0
860792,0
860793,0
860794,0
860795,12
860796,0
860797,0
860798,0
860799,0
860800,0
860801,0
860802,0
860803,0
860804,0
860805,0
860806,0
860807,0
860808,0
860809,0
860810,0
860811,0
860812,0
860813,0
860814,0
860815,0
860816,0
860817,0
860818,0
860819,0
860820,0
860821,0
860822,16
860823,0
860824,0
860825,22
860826,0
860827,0
860828,0
860829,0
860830,0
860831,18
860832,0
860833,0
860834,0
860835,0
860836,0
860837,0
860838,0
860839,0
860840,0
860841,0
860842,0
860843,0
860844,0
860845,0
860846,0
860847,0
860848,0
860849,0
860850,0
860851,0
860852,0
860853,0
860854,26
860855,0
860856,24
860857,0
860858,0
860859,0
860860,0
860861,0
860862,0
860863,0
860864,0
860865,0
860866,0
860867,0
860868,0
860869,0
860870,0
860871,0
860872,0
860873,0
860874,0
860875,0
860876,0
860877,0
860878,0
860879,0
860880,0
860881,0
860882,0
860883,19
860884,0
860885,17
860886,0
860887,0
860888,0
860889,0
860890,0
860891,0
860892,0
860893,0
860894,27
860895,0
860896,17
860897,0
860898,0
860899,0
860900,0
860901,0
860902,0
860903,0
860904,0
860905,0
860906,0
860907,0
860908,0
860909,0
860910,0
860911,0
860912,0
860913,0
860914,0
860915,0
860916,0
860917,22
860918,0
860919,0
860920,0
860921,0
860922,0
860923,0
860924,0
860925,0
860926,35
860927,0
860928,0
860929,0
860930,0
860931,0
860932,0
860933,0
860934,0
860935,0
860936,0
860937,0
860938,0
860939,0
860940,0
860941,0
860942,0
860943,0
860944,0
860945,0
860946,0
860947,0
860948,0
860949,0
860950,0
860951,0
860952,0
860953,0
860954,0
860955,0
860956,0
860957,0
860958,0
860959,0
860960,0
860961,0
860962,0
860963,0
860964,25
860965,0
860966,0
860967,0
860968,0
860969,0
860970,0
860971,0
860972,0
860973,0
860974,0
860975,0
860976,0
860977,0
860978,0
860979,0
860980,0
860981,0
860982,0
860983,0
860984,0
860985,18
860986,0
860987,0
860988,7
860989,0
860990,0
860991,40
860992,0
860993,0
860994,0
860995,0
860996,0
860997,0
860998,24
860999,0
861000,0
861001,0
861002,0
861003,0
861004,0
861005,0
861006,0
861007,0
861008,0
861009,0
861010,0
861011,0
861012,0
861013,0
861014,13
861015,0
861016,0
861017,0
861018,0
861019,0
861020,0
861021,0
861022,0
861023,0
861024,0
861025,0
861026,0
861027,0
861028,0
861029,0
861030,22
861031,0
861032,0
861033,0
861034,0
861035,0
861036,0
861037,22
861038,0
861039,0
861040,0
861041,0
861042,0
861043,0
861044,0
861045,0
861046,0
861047,22
861048,18
861049,0
861050,0
861051,0
861052,0
861053,0
861054,0
861055,0
861056,0
861057,0
861058,0
861059,0
861060,0
861061,0
861062,0
861063,0
861064,0
861065,0
861066,0
861067,0
861068,0
861069,0
861070,0
861071,0
861072,0
861073,0
861074,21
861075,0
861076,0
861077,0
861078,0
861079,0
861080,0
861081,0
861082,0
861083,0
861084,0
861085,0
861086,0
861087,0
861088,0
861089,0
861090,0
861091,0
861092,0
861093,0
861094,0
861095,0
861096,0
861097,19
861098,0
861099,0
861100,0
861101,37
861102,26
861103,0
861104,0
861105,0
861106,0
861107,0
861108,0
861109,0
861110,0
861111,0
861112,0
861113,23
861114,0
861115,0
861116,0
861117,0
861118,27
861119,0
861120,0
861121,21
861122,0
861123,0
861124,0
861125,0
861126,22
861127,0
861128,0
861129,0
861130,0
861131,0
861132,0
861133,0
861134,0
861135,0
861136,0
861137,0
861138,0
861139,0
861140,8
861141,0
861142,19
861143,0
861144,0
861145,0
861146,0
861147,12
861148,0
861149,0
861150,0
861151,0
861152,0
861153,0
861154,0
861155,0
861156,0
861157,0
861158,0
861159,0
861160,0
861161,0
861162,0
861163,0
861164,0
861165,0
861166,0
861167,0
861168,23
861169,0
861170,0
861171,0
861172,0
861173,0
861174,0
861175,0
861176,0
861177,0
861178,0
861179,0
861180,0
861181,0
861182,0
861183,0
861184,0
861185,0
861186,0
861187,0
861188,0
861189,0
861190,0
861191,0
861192,0
861193,0
861194,0
861195,18
861196,0
861197,0
861198,0
861199,0
861200,0
861201,0
861202,0
861203,0
861204,0
861205,0
861206,0
861207,0
861208,0
861209,0
861210,0
861211,0
861212,0
861213,0
861214,0
861215,0
861216,0
861217,0
861218,0
861219,0
861220,0
861221,0
861222,0
861223,0
861224,0
861225,0
861226,0
861227,20
861228,0
861229,0
861230,0
861231,0
861232,0
861233,0
861234,0
861235,0
861236,0
861237,8
861238,0
861239,0
861240,0
861241,0
861242,0
861243,0
861244,0
861245,0
861246,0
861247,0
861248,23
861249,0
861250,0
861251,0
861252,0
861253,0
861254,0
861255,0
861256,0
861257,0
861258,0
861259,9
861260,18
861261,0
861262,0
861263,0
861264,0
861265,0
861266,0
861267,0
861268,0
861269,0
861270,0
861271,0
861272,0
861273,0
861274,27
861275,0
861276,0
861277,40
861278,25
861279,0
861280,0
861281,0
861282,0
861283,0
861284,0
861285,0
861286,0
861287,0
861288,0
861289,0
861290,0
861291,0
861292,0
861293,27
861294,0
861295,0
861296,0
861297,0
861298,0
861299,0
861300,0
861301,0
861302,0
861303,0
861304,0
861305,0
861306,0
861307,0
861308,0
861309,0
861310,0
861311,0
861312,0
861313,0
861314,0
861315,0
861316,0
861317,0
861318,0
861319,0
861320,0
861321,0
861322,0
861323,0
861324,11
861325,0
861326,0
861327,11
861328,0
861329,10
861330,16
861331,0
861332,0
861333,0
861334,0
861335,0
861336,10
861337,8
861338,0
861339,0
861340,13
861341,14
861342,10
861343,0
861344,0
861345,0
861346,0
861347,0
861348,0
861349,0
861350,0
861351,0
861352,0
861353,0
861354,0
861355,0
861356,0
861357,0
861358,0
861359,0
861360,0
861361,0
861362,0
861363,25
861364,0
861365,0
861366,0
861367,10
861368,0
861369,0
861370,0
861371,0
861372,0
861373,25
861374,0
861375,0
861376,8
861377,0
861378,0
861379,17
861380,11
861381,0
861382,10
861383,14
861384,0
861385,0
861386,0
861387,0
861388,0
861389,10
861390,27
861391,0
861392,0
861393,0
861394,0
861395,0
861396,0
861397,0
861398,0
861399,0
861400,0
861401,0
861402,0
861403,0
861404,0
861405,0
861406,0
861407,0
861408,19
861409,13
861410,0
861411,17
861412,0
861413,0
861414,0
861415,0
861416,11
861417,0
861418,0
861419,0
861420,0
861421,15
861422,10
861423,0
861424,0
861425,13
861426,0
861427,18
861428,0
861429,0
861430,0
861431,0
861432,0
861433,0
861434,0
861435,0
861436,0
861437,0
861438,0
861439,0
861440,0
861441,0
861442,0
861443,0
861444,0
861445,0
861446,0
861447,16
861448,0
861449,0
861450,0
861451,0
861452,0
861453,0
861454,0
861455,0
861456,0
861457,0
861458,0
861459,0
861460,0
861461,0
861462,0
861463,0
861464,0
861465,0
861466,0
861467,0
861468,16
861469,0
861470,11
861471,0
861472,0
861473,0
861474,0
861475,0
861476,0
861477,0
861478,0
861479,0
861480,0
861481,0
861482,0
861483,0
861484,0
861485,0
861486,0
861487,12
861488,0
861489,0
861490,0
861491,0
861492,0
861493,0
861494,0
861495,0
861496,0
861497,0
861498,0
861499,0
861500,0
861501,0
861502,0
861503,0
861504,0
861505,15
861506,0
861507,0
861508,0
861509,0
861510,0
861511,0
861512,0
861513,0
861514,0
861515,0
861516,0
861517,0
861518,0
861519,0
861520,0
861521,0
861522,0
861523,0
861524,0
861525,0
861526,0
861527,0
861528,0
861529,0
861530,0
861531,18
861532,0
861533,0
861534,0
861535,12
861536,0
861537,0
861538,0
861539,0
861540,0
861541,0
861542,0
861543,0
861544,0
861545,16
861546,0
861547,0
861548,0
861549,8
861550,0
861551,0
861552,0
861553,18
861554,0
861555,0
861556,0
861557,0
861558,0
861559,0
861560,0
861561,13
861562,0
861563,0
861564,0
861565,15
861566,0
861567,0
861568,0
861569,0
861570,0
861571,0
861572,0
861573,17
861574,0
861575,0
861576,0
861577,11
861578,0
861579,0
861580,0
861581,18
861582,0
861583,0
861584,0
861585,0
861586,0
861587,0
861588,0
861589,0
861590,0
861591,0
861592,0
861593,0
861594,0
861595,0
861596,0
861597,0
861598,0
861599,0
861600,0
861601,0
861602,0
861603,0
861604,0
861605,0
861606,17
861607,0
861608,16
861609,0
861610,0
861611,0
861612,0
861613,13
861614,0
861615,15
861616,0
861617,0
861618,0
861619,0
861620,0
861621,0
861622,0
861623,0
861624,0
861625,0
861626,0
861627,10
861628,0
861629,0
861630,0
861631,0
861632,0
861633,0
861634,0
861635,0
861636,14
861637,0
861638,0
861639,0
861640,22
861641,0
861642,0
861643,0
861644,0
861645,9
861646,0
861647,0
861648,0
861649,0
861650,0
861651,15
861652,13
861653,0
861654,0
861655,14
861656,0
861657,12
861658,0
861659,0
861660,0
861661,0
861662,0
861663,0
861664,9
861665,16
861666,0
861667,0
861668,0
861669,16
861670,15
861671,0
861672,0
861673,0
861674,0
861675,0
861676,10
861677,0
861678,0
861679,0
861680,0
861681,0
861682,0
861683,0
861684,0
861685,0
861686,16
861687,0
861688,0
861689,0
861690,0
861691,0
861692,0
861693,0
861694,0
861695,0
861696,0
861697,0
861698,0
861699,0
861700,0
861701,0
861702,25
861703,0
861704,10
861705,0
861706,0
861707,0
861708,0
861709,0
861710,0
861711,0
861712,0
861713,0
861714,0
861715,0
861716,14
861717,0
861718,0
861719,0
861720,0
861721,14
861722,0
861723,0
861724,0
861725,0
861726,0
861727,0
861728,0
861729,0
861730,0
861731,0
861732,0
861733,0
861734,0
861735,15
861736,0
861737,0
861738,0
861739,0
861740,0
861741,0
861742,0
861743,0
861744,0
861745,0
861746,18
861747,0
861748,0
861749,0
861750,0
861751,0
861752,0
861753,10
861754,0
861755,17
861756,0
861757,0
861758,0
861759,12
861760,0
861761,0
861762,0
861763,11
861764,21
861765,0
861766,0
861767,0
861768,17
861769,0
861770,0
861771,0
861772,0
861773,0
861774,0
861775,0
861776,0
861777,0
861778,0
861779,0
861780,0
861781,0
861782,18
861783,0
861784,0
861785,13
861786,0
861787,0
861788,0
861789,0
861790,18
861791,0
861792,0
861793,0
861794,0
861795,0
861796,0
861797,0
861798,0
861799,0
861800,0
861801,0
861802,0
861803,0
861804,0
861805,0
861806,0
861807,0
861808,0
861809,0
861810,0
861811,17
861812,0
861813,8
861814,0
861815,11
861816,0
861817,0
861818,0
861819,0
861820,0
861821,11
861822,0
861823,0
861824,0
861825,0
861826,0
861827,0
861828,0
861829,0
861830,0
861831,0
861832,0
861833,11
861834,18
861835,0
861836,13
861837,0
861838,0
861839,0
861840,0
861841,0
861842,12
861843,0
861844,0
861845,0
861846,0
861847,14
861848,0
861849,0
861850,0
861851,0
861852,0
861853,0
861854,0
861855,0
861856,14
861857,0
861858,0
861859,0
861860,0
861861,0
861862,0
861863,0
861864,0
861865,10
861866,20
861867,0
861868,14
861869,10
861870,0
861871,0
861872,14
861873,12
861874,0
861875,0
861876,0
861877,11
861878,5
861879,0
861880,0
861881,0
861882,0
861883,0
861884,0
861885,0
861886,0
861887,0
861888,0
861889,13
861890,0
861891,18
861892,16
861893,0
861894,0
861895,0
861896,0
861897,15
861898,0
861899,0
861900,0
861901,6
861902,0
861903,13
861904,0
861905,0
861906,0
861907,0
861908,0
861909,0
861910,0
861911,0
861912,0
861913,0
861914,0
861915,0
861916,0
861917,0
861918,0
861919,0
861920,10
861921,0
861922,0
861923,17
861924,0
861925,12
861926,0
861927,0
861928,0
861929,0
861930,0
861931,0
861932,18
861933,0
861934,0
861935,20
861936,0
861937,0
861938,0
861939,0
861940,0
861941,0
861942,0
861943,0
861944,0
861945,0
861946,0
861947,0
861948,0
861949,0
861950,0
861951,0
861952,0
861953,0
861954,0
861955,0
861956,0
861957,0
861958,0
861959,0
861960,8
861961,0
861962,0
861963,0
861964,0
861965,11
861966,0
861967,11
861968,0
861969,12
861970,0
861971,0
861972,0
861973,0
861974,0
861975,16
861976,0
861977,6
861978,10
861979,0
861980,0
861981,0
861982,0
861983,0
861984,0
861985,0
861986,14
861987,11
861988,0
861989,0
861990,10
861991,0
861992,0
861993,0
861994,0
861995,0
861996,0
861997,20
861998,0
861999,0
862000,0
862001,23
862002,0
862003,17
862004,15
862005,0
862006,0
862007,0
862008,0
862009,0
862010,0
862011,0
862012,0
862013,0
862014,0
862015,0
862016,0
862017,14
862018,0
862019,0
862020,0
862021,0
862022,0
862023,0
862024,0
862025,0
862026,0
862027,0
862028,16
862029,0
862030,0
862031,0
862032,0
862033,0
862034,0
862035,0
862036,0
862037,0
862038,0
862039,0
862040,0
862041,0
862042,0
862043,0
862044,13
862045,0
862046,0
862047,0
862048,0
862049,0
862050,0
862051,0
862052,0
862053,0
862054,0
862055,0
862056,0
862057,0
862058,19
862059,0
862060,0
862061,0
862062,0
862063,0
862064,0
862065,0
862066,0
862067,0
862068,0
862069,0
862070,0
862071,0
862072,0
862073,0
862074,14
862075,0
862076,0
862077,0
862078,0
862079,0
862080,0
862081,0
862082,0
862083,0
862084,0
862085,0
862086,0
862087,8
862088,0
862089,0
862090,0
862091,0
862092,21
862093,0
862094,0
862095,0
862096,0
862097,0
862098,0
862099,0
862100,0
862101,0
862102,0
862103,0
862104,0
862105,0
862106,0
862107,0
862108,0
862109,0
862110,0
862111,0
862112,0
862113,0
862114,0
862115,0
862116,0
862117,0
862118,0
862119,0
862120,0
862121,21
862122,0
862123,0
862124,0
862125,17
862126,0
862127,0
862128,0
862129,0
862130,0
862131,0
862132,0
862133,0
862134,0
862135,0
862136,0
862137,0
862138,6
862139,0
862140,0
862141,0
862142,0
862143,0
862144,0
862145,0
862146,0
862147,0
862148,0
862149,0
862150,0
862151,0
862152,0
862153,0
862154,0
862155,0
862156,0
862157,0
862158,0
862159,0
862160,0
862161,0
862162,0
862163,0
862164,0
862165,0
862166,0
862167,0
862168,0
862169,0
862170,0
862171,0
862172,0
862173,0
862174,32
862175,0
862176,0
862177,0
862178,0
862179,0
862180,0
862181,37
862182,36
862183,59
862184,33
862185,0
862186,0
862187,0
862188,52
862189,0
862190,33
862191,0
862192,0
862193,37
862194,0
862195,25
862196,0
862197,0
862198,0
862199,0
862200,49
862201,0
862202,0
862203,0
862204,36
862205,0
862206,0
862207,22
862208,0
862209,41
862210,0
862211,0
862212,0
862213,0
862214,0
862215,0
862216,0
862217,0
862218,0
862219,0
862220,0
862221,0
862222,0
862223,0
862224,0
862225,0
862226,26
862227,0
862228,36
862229,35
862230,30
862231,0
862232,0
862233,0
862234,0
862235,0
862236,0
862237,33
862238,0
862239,0
862240,0
862241,38
862242,0
862243,27
862244,52
862245,0
862246,32
862247,37
862248,0
862249,0
862250,0
862251,41
862252,0
862253,0
862254,0
862255,36
862256,0
862257,0
862258,0
862259,0
862260,54
862261,34
862262,0
862263,0
862264,0
862265,0
862266,0
862267,0
862268,0
862269,0
862270,0
862271,46
862272,0
862273,0
862274,0
862275,0
862276,0
862277,0
862278,0
862279,0
862280,0
862281,0
862282,30
862283,0
862284,0
862285,52
862286,0
862287,0
862288,0
862289,0
862290,0
862291,0
862292,46
862293,0
862294,38
862295,0
862296,0
862297,32
862298,0
862299,0
862300,0
862301,34
862302,0
862303,35
862304,0
862305,0
862306,0
862307,52
862308,42
862309,0
862310,0
862311,0
862312,0
862313,0
862314,32
862315,0
862316,0
862317,0
862318,0
862319,0
862320,42
862321,0
862322,0
862323,0
862324,0
862325,0
862326,45
862327,0
862328,0
862329,30
862330,0
862331,0
862332,0
862333,36
862334,0
862335,0
862336,0
862337,44
862338,0
862339,0
862340,0
862341,0
862342,0
862343,0
862344,0
862345,0
862346,0
862347,0
862348,35
862349,0
862350,41
862351,0
862352,0
862353,40
862354,0
862355,29
862356,0
862357,0
862358,0
862359,0
862360,0
862361,0
862362,37
862363,0
862364,0
862365,0
862366,0
862367,48
862368,0
862369,0
862370,43
862371,0
862372,0
862373,30
862374,0
862375,0
862376,44
862377,0
862378,42
862379,0
862380,24
862381,49
862382,0
862383,28
862384,0
862385,0
862386,0
862387,0
862388,39
862389,52
862390,0
862391,0
862392,0
862393,0
862394,0
862395,0
862396,0
862397,0
862398,35
862399,0
862400,0
862401,0
862402,22
862403,0
862404,0
862405,0
862406,46
862407,0
862408,0
862409,31
862410,0
862411,0
862412,0
862413,0
862414,28
862415,49
862416,0
862417,0
862418,31
862419,0
862420,0
862421,39
862422,0
862423,0
862424,52
862425,0
862426,0
862427,38
862428,32
862429,48
862430,0
862431,41
862432,0
862433,0
862434,0
862435,45
862436,0
862437,0
862438,0
862439,0
862440,0
862441,0
862442,0
862443,0
862444,0
862445,0
862446,60
862447,0
862448,0
862449,0
862450,0
862451,0
862452,0
862453,39
862454,49
862455,0
862456,0
862457,41
862458,38
862459,0
862460,0
862461,0
862462,0
862463,0
862464,0
862465,0
862466,0
862467,0
862468,0
862469,0
862470,0
862471,0
862472,0
862473,0
862474,44
862475,0
862476,0
862477,0
862478,0
862479,33
862480,36
862481,0
862482,0
862483,0
862484,0
862485,0
862486,0
862487,0
862488,0
862489,0
862490,52
862491,0
862492,42
862493,35
862494,35
862495,36
862496,0
862497,0
862498,0
862499,0
862500,52
862501,0
862502,0
862503,0
862504,0
862505,43
862506,0
862507,0
862508,24
862509,0
862510,0
862511,0
862512,0
862513,0
862514,0
862515,0
862516,0
862517,0
862518,32
862519,0
862520,0
862521,0
862522,30
862523,38
862524,41
862525,0
862526,0
862527,47
862528,0
862529,21
862530,41
862531,0
862532,53
862533,0
862534,35
862535,0
862536,0
862537,28
862538,0
862539,33
862540,0
862541,0
862542,30
862543,0
862544,0
862545,0
862546,0
862547,0
862548,0
862549,0
862550,0
862551,0
862552,0
862553,0
862554,44
862555,0
862556,44
862557,49
862558,37
862559,0
862560,0
862561,0
862562,35
862563,0
862564,0
862565,39
862566,38
862567,0
862568,0
862569,0
862570,31
862571,0
862572,0
862573,30
862574,46
862575,43
862576,31
862577,32
862578,0
862579,0
862580,0
862581,0
862582,43
862583,0
862584,0
862585,0
862586,0
862587,0
862588,0
862589,0
862590,55
862591,44
862592,37
862593,0
862594,0
862595,0
862596,0
862597,0
862598,0
862599,0
862600,42
862601,0
862602,0
862603,0
862604,0
862605,0
862606,0
862607,34
862608,46
862609,0
862610,0
862611,0
862612,0
862613,0
862614,39
862615,0
862616,0
862617,0
862618,27
862619,0
862620,0
862621,0
862622,0
862623,0
862624,0
862625,0
862626,0
862627,0
862628,0
862629,0
862630,0
862631,44
862632,0
862633,0
862634,0
862635,53
862636,39
862637,0
862638,0
862639,24
862640,49
862641,28
862642,23
862643,0
862644,36
862645,0
862646,0
862647,0
862648,0
862649,0
862650,0
862651,0
862652,0
862653,0
862654,0
862655,38
862656,28
862657,0
862658,40
862659,0
862660,47
862661,30
862662,0
862663,0
862664,0
862665,0
862666,0
862667,0
862668,27
862669,0
862670,48
862671,0
862672,0
862673,48
862674,0
862675,0
862676,51
862677,0
862678,0
862679,0
862680,0
862681,0
862682,0
862683,0
862684,42
862685,0
862686,23
862687,0
862688,0
862689,29
862690,0
862691,0
862692,0
862693,45
862694,0
862695,0
862696,0
862697,0
862698,0
862699,0
862700,0
862701,0
862702,0
862703,0
862704,39
862705,0
862706,35
862707,0
862708,0
862709,0
862710,42
862711,0
862712,55
862713,0
862714,34
862715,0
862716,0
862717,0
862718,42
862719,0
862720,46
862721,38
862722,51
862723,0
862724,0
862725,37
862726,0
862727,56
862728,0
862729,48
862730,44
862731,0
862732,32
862733,0
862734,37
862735,0
862736,49
862737,0
862738,0
862739,0
862740,0
862741,47
862742,0
862743,0
862744,35
862745,0
862746,0
862747,0
862748,0
862749,0
862750,52
862751,0
862752,0
862753,0
862754,51
862755,0
862756,0
862757,36
862758,0
862759,0
862760,0
862761,0
862762,0
862763,42
862764,0
862765,0
862766,0
862767,0
862768,0
862769,0
862770,0
862771,0
862772,34
862773,0
862774,0
862775,0
862776,0
862777,0
862778,0
862779,0
862780,0
862781,0
862782,0
862783,0
862784,0
862785,0
862786,0
862787,0
862788,0
862789,0
862790,0
862791,0
862792,0
862793,0
862794,0
862795,0
862796,0
862797,0
862798,0
862799,0
862800,0
862801,0
862802,1
862803,1
862804,0
862805,2
862806,0
862807,0
862808,0
862809,0
862810,0
862811,0
862812,0
862813,0
862814,0
862815,0
862816,0
862817,0
862818,0
862819,0
862820,0
862821,0
862822,1
862823,0
862824,0
862825,0
862826,0
862827,0
862828,0
862829,0
862830,0
862831,0
862832,0
862833,0
862834,0
862835,0
862836,0
862837,0
862838,0
862839,0
862840,0
862841,0
862842,0
862843,0
862844,0
862845,0
862846,0
862847,0
862848,0
862849,0
862850,0
862851,0
862852,0
862853,0
862854,0
862855,0
862856,0
862857,0
862858,0
862859,0
862860,0
862861,0
862862,0
862863,0
862864,0
862865,0
862866,0
862867,0
862868,0
862869,0
862870,0
862871,0
862872,0
862873,0
862874,0
862875,0
862876,0
862877,0
862878,0
862879,0
862880,0
862881,0
862882,0
862883,0
862884,0
862885,0
862886,0
862887,0
862888,0
862889,0
862890,0
862891,0
862892,0
862893,0
862894,0
862895,0
862896,0
862897,0
862898,0
862899,0
862900,0
862901,0
862902,0
862903,0
862904,0
862905,0
862906,25
862907,0
862908,0
862909,0
862910,0
862911,0
862912,0
862913,0
862914,0
862915,24
862916,0
862917,0
862918,0
862919,0
862920,24
862921,0
862922,18
862923,0
862924,0
862925,0
862926,0
862927,0
862928,0
862929,0
862930,0
862931,22
862932,0
862933,0
862934,0
862935,29
862936,0
862937,25
862938,0
862939,0
862940,0
862941,0
862942,0
862943,0
862944,0
862945,0
862946,0
862947,0
862948,30
862949,0
862950,0
862951,0
862952,20
862953,13
862954,0
862955,0
862956,0
862957,23
862958,0
862959,0
862960,0
862961,0
862962,0
862963,0
862964,0
862965,0
862966,31
862967,0
862968,0
862969,0
862970,0
862971,0
862972,0
862973,0
862974,21
862975,14
862976,0
862977,0
862978,0
862979,0
862980,0
862981,0
862982,0
862983,18
862984,0
862985,0
862986,10
862987,24
862988,0
862989,0
862990,0
862991,0
862992,12
862993,0
862994,0
862995,0
862996,0
862997,16
862998,0
862999,24
863000,0
863001,16
863002,0
863003,0
863004,0
863005,0
863006,0
863007,0
863008,0
863009,9
863010,20
863011,0
863012,0
863013,0
863014,23
863015,27
863016,0
863017,0
863018,0
863019,0
863020,0
863021,0
863022,0
863023,0
863024,0
863025,0
863026,0
863027,0
863028,0
863029,0
863030,0
863031,14
863032,28
863033,0
863034,0
863035,0
863036,0
863037,0
863038,0
863039,0
863040,24
863041,0
863042,0
863043,0
863044,0
863045,0
863046,0
863047,0
863048,13
863049,26
863050,0
863051,0
863052,0
863053,0
863054,0
863055,0
863056,28
863057,0
863058,0
863059,0
863060,20
863061,0
863062,0
863063,0
863064,0
863065,0
863066,0
863067,0
863068,39
863069,0
863070,0
863071,0
863072,0
863073,0
863074,0
863075,0
863076,0
863077,26
863078,0
863079,0
863080,0
863081,0
863082,0
863083,0
863084,0
863085,0
863086,0
863087,0
863088,12
863089,16
863090,22
863091,0
863092,0
863093,0
863094,19
863095,0
863096,0
863097,0
863098,0
863099,0
863100,0
863101,0
863102,0
863103,0
863104,0
863105,18
863106,0
863107,0
863108,0
863109,0
863110,0
863111,24
863112,0
863113,0
863114,0
863115,0
863116,0
863117,0
863118,0
863119,0
863120,0
863121,18
863122,0
863123,0
863124,16
863125,0
863126,0
863127,0
863128,0
863129,0
863130,0
863131,22
863132,0
863133,0
863134,0
863135,20
863136,0
863137,0
863138,0
863139,0
863140,0
863141,17
863142,0
863143,0
863144,0
863145,19
863146,0
863147,0
863148,0
863149,0
863150,0
863151,0
863152,0
863153,0
863154,0
863155,24
863156,0
863157,0
863158,0
863159,0
863160,0
863161,0
863162,0
863163,0
863164,0
863165,0
863166,22
863167,22
863168,15
863169,0
863170,0
863171,0
863172,0
863173,0
863174,0
863175,0
863176,16
863177,0
863178,0
863179,0
863180,18
863181,0
863182,0
863183,0
863184,0
863185,0
863186,0
863187,0
863188,0
863189,0
863190,0
863191,0
863192,0
863193,0
863194,0
863195,0
863196,0
863197,0
863198,0
863199,0
863200,21
863201,19
863202,0
863203,0
863204,0
863205,0
863206,0
863207,0
863208,0
863209,0
863210,0
863211,0
863212,0
863213,0
863214,11
863215,0
863216,0
863217,0
863218,0
863219,0
863220,0
863221,0
863222,0
863223,21
863224,0
863225,0
863226,0
863227,0
863228,0
863229,0
863230,26
863231,0
863232,0
863233,0
863234,0
863235,0
863236,0
863237,0
863238,20
863239,0
863240,28
863241,0
863242,0
863243,0
863244,0
863245,33
863246,24
863247,0
863248,0
863249,0
863250,0
863251,14
863252,0
863253,0
863254,17
863255,0
863256,0
863257,0
863258,13
863259,0
863260,0
863261,0
863262,0
863263,0
863264,0
863265,0
863266,0
863267,0
863268,21
863269,14
863270,0
863271,0
863272,0
863273,0
863274,0
863275,20
863276,0
863277,0
863278,0
863279,0
863280,19
863281,0
863282,0
863283,19
863284,0
863285,0
863286,0
863287,0
863288,22
863289,0
863290,0
863291,0
863292,0
863293,21
863294,0
863295,0
863296,0
863297,0
863298,0
863299,19
863300,0
863301,21
863302,0
863303,0
863304,0
863305,0
863306,0
863307,29
863308,0
863309,28
863310,0
863311,0
863312,17
863313,0
863314,20
863315,0
863316,0
863317,0
863318,0
863319,18
863320,0
863321,13
863322,0
863323,0
863324,0
863325,22
863326,0
863327,0
863328,0
863329,0
863330,0
863331,15
863332,0
863333,0
863334,20
863335,0
863336,0
863337,0
863338,0
863339,0
863340,0
863341,0
863342,0
863343,0
863344,14
863345,0
863346,0
863347,0
863348,0
863349,0
863350,14
863351,22
863352,0
863353,0
863354,0
863355,0
863356,24
863357,0
863358,0
863359,0
863360,0
863361,16
863362,28
863363,0
863364,0
863365,0
863366,13
863367,0
863368,23
863369,18
863370,0
863371,0
863372,0
863373,0
863374,0
863375,0
863376,0
863377,0
863378,0
863379,0
863380,0
863381,0
863382,0
863383,0
863384,22
863385,0
863386,0
863387,0
863388,0
863389,0
863390,19
863391,0
863392,12
863393,0
863394,16
863395,0
863396,0
863397,27
863398,0
863399,0
863400,0
863401,13
863402,0
863403,0
863404,0
863405,0
863406,20
863407,0
863408,0
863409,0
863410,0
863411,0
863412,30
863413,0
863414,0
863415,0
863416,0
863417,0
863418,0
863419,30
863420,26
863421,27
863422,0
863423,0
863424,0
863425,0
863426,20
863427,30
863428,0
863429,0
863430,0
863431,0
863432,0
863433,0
863434,17
863435,13
863436,0
863437,0
863438,0
863439,21
863440,0
863441,0
863442,0
863443,0
863444,0
863445,0
863446,28
863447,0
863448,0
863449,0
863450,0
863451,24
863452,0
863453,21
863454,29
863455,0
863456,0
863457,0
863458,0
863459,0
863460,0
863461,18
863462,0
863463,0
863464,0
863465,0
863466,0
863467,0
863468,22
863469,0
863470,0
863471,0
863472,0
863473,0
863474,0
863475,0
863476,0
863477,0
863478,0
863479,0
863480,0
863481,17
863482,0
863483,0
863484,0
863485,0
863486,0
863487,0
863488,0
863489,0
863490,0
863491,0
863492,0
863493,0
863494,0
863495,0
863496,0
863497,0
863498,0
863499,0
863500,0
863501,0
863502,23
863503,26
863504,16
863505,0
863506,18
863507,0
863508,0
863509,0
863510,0
863511,25
863512,0
863513,0
863514,17
863515,0
863516,0
863517,0
863518,0
863519,0
863520,0
863521,0
863522,0
863523,26
863524,0
863525,0
863526,0
863527,22
863528,14
863529,25
863530,0
863531,0
863532,0
863533,0
863534,20
863535,0
863536,0
863537,0
863538,19
863539,0
863540,20
863541,0
863542,0
863543,0
863544,27
863545,24
863546,0
863547,0
863548,0
863549,21
863550,24
863551,0
863552,0
863553,0
863554,0
863555,0
863556,15
863557,0
863558,0
863559,0
863560,0
863561,0
863562,0
863563,0
863564,19
863565,19
863566,0
863567,14
863568,0
863569,18
863570,0
863571,26
863572,0
863573,0
863574,23
863575,11
863576,0
863577,0
863578,0
863579,23
863580,0
863581,0
863582,0
863583,0
863584,0
863585,0
863586,25
863587,0
863588,0
863589,0
863590,0
863591,0
863592,16
863593,0
863594,23
863595,0
863596,0
863597,0
863598,0
863599,0
863600,32
863601,0
863602,0
863603,0
863604,0
863605,0
863606,0
863607,0
863608,15
863609,0
863610,0
863611,0
863612,0
863613,0
863614,0
863615,0
863616,0
863617,0
863618,22
863619,20
863620,21
863621,0
863622,0
863623,0
863624,26
863625,0
863626,0
863627,0
863628,0
863629,0
863630,0
863631,26
863632,0
863633,0
863634,0
863635,24
863636,0
863637,0
863638,0
863639,0
863640,0
863641,25
863642,26
863643,0
863644,0
863645,0
863646,21
863647,0
863648,23
863649,0
863650,25
863651,0
863652,0
863653,0
863654,0
863655,0
863656,0
863657,0
863658,0
863659,0
863660,0
863661,0
863662,0
863663,0
863664,0
863665,0
863666,0
863667,0
863668,0
863669,0
863670,0
863671,0
863672,0
863673,20
863674,0
863675,0
863676,0
863677,0
863678,0
863679,0
863680,0
863681,0
863682,0
863683,0
863684,0
863685,0
863686,0
863687,0
863688,0
863689,0
863690,0
863691,15
863692,0
863693,0
863694,0
863695,18
863696,0
863697,0
863698,0
863699,22
863700,0
863701,0
863702,0
863703,0
863704,0
863705,0
863706,0
863707,12
863708,0
863709,0
863710,0
863711,27
863712,0
863713,16
863714,0
863715,0
863716,0
863717,0
863718,34
863719,20
863720,16
863721,0
863722,28
863723,0
863724,0
863725,0
863726,0
863727,0
863728,0
863729,0
863730,0
863731,0
863732,23
863733,0
863734,0
863735,16
863736,0
863737,0
863738,0
863739,0
863740,0
863741,0
863742,0
863743,26
863744,0
863745,0
863746,18
863747,0
863748,15
863749,27
863750,20
863751,0
863752,0
863753,0
863754,0
863755,0
863756,0
863757,0
863758,0
863759,0
863760,22
863761,0
863762,14
863763,28
863764,0
863765,0
863766,0
863767,22
863768,0
863769,21
863770,20
863771,0
863772,0
863773,0
863774,24
863775,0
863776,0
863777,30
863778,0
863779,0
863780,0
863781,11
863782,0
863783,0
863784,0
863785,0
863786,0
863787,0
863788,0
863789,20
863790,0
863791,0
863792,0
863793,0
863794,0
863795,0
863796,22
863797,22
863798,0
863799,0
863800,0
863801,0
863802,24
863803,0
863804,0
863805,20
863806,0
863807,0
863808,0
863809,19
863810,19
863811,0
863812,0
863813,0
863814,0
863815,0
863816,0
863817,0
863818,0
863819,0
863820,0
863821,20
863822,22
863823,0
863824,0
863825,0
863826,0
863827,0
863828,0
863829,0
863830,0
863831,17
863832,16
863833,0
863834,0
863835,0
863836,0
863837,0
863838,0
863839,0
863840,20
863841,0
863842,0
863843,0
863844,19
863845,0
863846,13
863847,22
863848,0
863849,0
863850,0
863851,0
863852,0
863853,0
863854,0
863855,0
863856,0
863857,23
863858,0
863859,0
863860,0
863861,0
863862,0
863863,13
863864,7
863865,0
863866,0
863867,0
863868,0
863869,0
863870,0
863871,30
863872,0
863873,0
863874,0
863875,0
863876,0
863877,0
863878,0
863879,0
863880,16
863881,18
863882,0
863883,24
863884,0
863885,0
863886,0
863887,0
863888,15
863889,0
863890,0
863891,0
863892,0
863893,0
863894,0
863895,0
863896,0
863897,0
863898,12
863899,24
863900,0
863901,0
863902,20
863903,0
863904,0
863905,0
863906,0
863907,10
863908,0
863909,18
863910,0
863911,0
863912,13
863913,19
863914,12
863915,0
863916,0
863917,0
863918,0
863919,0
863920,23
863921,0
863922,0
863923,0
863924,0
863925,0
863926,0
863927,0
863928,15
863929,0
863930,0
863931,0
863932,0
863933,0
863934,12
863935,0
863936,0
863937,15
863938,0
863939,0
863940,0
863941,0
863942,0
863943,0
863944,0
863945,0
863946,0
863947,0
863948,0
863949,0
863950,0
863951,0
863952,0
863953,0
863954,0
863955,0
863956,0
863957,0
863958,14
863959,0
863960,0
863961,0
863962,10
863963,0
863964,0
863965,0
863966,0
863967,0
863968,0
863969,0
863970,0
863971,0
863972,0
863973,0
863974,0
863975,0
863976,21
863977,14
863978,0
863979,0
863980,0
863981,0
863982,0
863983,0
863984,22
863985,10
863986,0
863987,17
863988,0
863989,0
863990,0
863991,0
863992,0
863993,0
863994,19
863995,0
863996,0
863997,0
863998,0
863999,0
864000,0
864001,12
864002,9
864003,0
864004,13
864005,0
864006,0
864007,0
864008,17
864009,0
864010,0
864011,0
864012,0
864013,0
864014,0
864015,0
864016,0
864017,0
864018,15
864019,0
864020,0
864021,0
864022,0
864023,0
864024,0
864025,0
864026,0
864027,0
864028,0
864029,0
864030,0
864031,0
864032,0
864033,0
864034,0
864035,0
864036,0
864037,0
864038,0
864039,0
864040,0
864041,0
864042,0
864043,0
864044,0
864045,0
864046,27
864047,0
864048,0
864049,0
864050,23
864051,0
864052,0
864053,0
864054,0
864055,0
864056,0
864057,0
864058,0
864059,0
864060,0
864061,0
864062,0
864063,0
864064,0
864065,0
864066,0
864067,0
864068,0
864069,0
864070,28
864071,16
864072,0
864073,0
864074,22
864075,0
864076,0
864077,0
864078,0
864079,0
864080,0
864081,18
864082,0
864083,0
864084,17
864085,17
864086,0
864087,0
864088,0
864089,0
864090,0
864091,0
864092,0
864093,0
864094,0
864095,0
864096,0
864097,24
864098,0
864099,0
864100,0
864101,0
864102,0
864103,0
864104,19
864105,0
864106,0
864107,0
864108,13
864109,0
864110,0
864111,0
864112,0
864113,22
864114,0
864115,0
864116,0
864117,0
864118,14
864119,0
864120,0
864121,24
864122,0
864123,13
864124,0
864125,0
864126,0
864127,20
864128,0
864129,0
864130,0
864131,0
864132,0
864133,0
864134,9
864135,20
864136,0
864137,14
864138,0
864139,28
864140,0
864141,0
864142,0
864143,0
864144,11
864145,0
864146,0
864147,0
864148,0
864149,0
864150,0
864151,14
864152,0
864153,0
864154,27
864155,30
864156,0
864157,0
864158,0
864159,0
864160,0
864161,22
864162,0
864163,0
864164,22
864165,0
864166,0
864167,24
864168,0
864169,0
864170,0
864171,11
864172,0
864173,0
864174,0
864175,12
864176,0
864177,0
864178,0
864179,0
864180,17
864181,0
864182,15
864183,22
864184,0
864185,0
864186,0
864187,0
864188,0
864189,0
864190,0
864191,0
864192,0
864193,0
864194,0
864195,0
864196,12
864197,0
864198,0
864199,0
864200,9
864201,0
864202,0
864203,0
864204,0
864205,0
864206,0
864207,19
864208,11
864209,0
864210,0
864211,0
864212,0
864213,0
864214,0
864215,19
864216,0
864217,0
864218,0
864219,0
864220,0
864221,0
864222,0
864223,0
864224,0
864225,0
864226,0
864227,0
864228,0
864229,0
864230,0
864231,0
864232,0
864233,0
864234,23
864235,29
864236,0
864237,0
864238,0
864239,0
864240,12
864241,0
864242,6
864243,14
864244,27
864245,0
864246,0
864247,22
864248,14
864249,16
864250,20
864251,0
864252,0
864253,25
864254,0
864255,10
864256,0
864257,0
864258,0
864259,7
864260,0
864261,0
864262,0
864263,11
864264,0
864265,0
864266,24
864267,0
864268,0
864269,0
864270,0
864271,0
864272,0
864273,0
864274,0
864275,0
864276,0
864277,0
864278,0
864279,0
864280,0
864281,0
864282,0
864283,0
864284,0
864285,0
864286,0
864287,0
864288,0
864289,0
864290,0
864291,0
864292,0
864293,0
864294,13
864295,17
864296,0
864297,0
864298,0
864299,0
864300,0
864301,0
864302,0
864303,0
864304,0
864305,0
864306,18
864307,0
864308,0
864309,0
864310,0
864311,0
864312,0
864313,0
864314,14
864315,23
864316,0
864317,15
864318,0
864319,12
864320,0
864321,0
864322,0
864323,0
864324,28
864325,22
864326,0
864327,32
864328,0
864329,0
864330,18
864331,0
864332,0
864333,0
864334,0
864335,0
864336,0
864337,0
864338,0
864339,0
864340,11
864341,0
864342,17
864343,0
864344,0
864345,0
864346,19
864347,30
864348,0
864349,0
864350,0
864351,0
864352,0
864353,0
864354,16
864355,0
864356,11
864357,15
864358,0
864359,27
864360,0
864361,12
864362,0
864363,0
864364,0
864365,0
864366,0
864367,0
864368,0
864369,13
864370,0
864371,0
864372,0
864373,0
864374,0
864375,0
864376,22
864377,0
864378,0
864379,0
864380,0
864381,0
864382,0
864383,0
864384,0
864385,0
864386,0
864387,0
864388,0
864389,0
864390,0
864391,0
864392,0
864393,0
864394,0
864395,25
864396,0
864397,23
864398,18
864399,0
864400,0
864401,0
864402,0
864403,0
864404,0
864405,0
864406,0
864407,12
864408,14
864409,0
864410,16
864411,15
864412,0
864413,15
864414,0
864415,0
864416,0
864417,0
864418,0
864419,0
864420,0
864421,0
864422,0
864423,0
864424,0
864425,0
864426,0
864427,0
864428,0
864429,0
864430,0
864431,0
864432,16
864433,0
864434,0
864435,0
864436,19
864437,0
864438,0
864439,22
864440,0
864441,0
864442,0
864443,0
864444,28
864445,0
864446,0
864447,0
864448,0
864449,0
864450,0
864451,0
864452,0
864453,0
864454,0
864455,0
864456,0
864457,0
864458,22
864459,0
864460,0
864461,13
864462,14
864463,15
864464,13
864465,0
864466,0
864467,0
864468,0
864469,0
864470,13
864471,18
864472,0
864473,0
864474,0
864475,0
864476,0
864477,0
864478,0
864479,0
864480,0
864481,0
864482,0
864483,0
864484,0
864485,0
864486,0
864487,0
864488,0
864489,0
864490,14
864491,0
864492,0
864493,0
864494,0
864495,0
864496,0
864497,0
864498,0
864499,0
864500,13
864501,0
864502,0
864503,0
864504,0
864505,27
864506,0
864507,11
864508,0
864509,0
864510,0
864511,0
864512,23
864513,21
864514,0
864515,0
864516,0
864517,17
864518,17
864519,0
864520,0
864521,0
864522,0
864523,0
864524,0
864525,0
864526,23
864527,0
864528,0
864529,0
864530,0
864531,20
864532,0
864533,0
864534,0
864535,16
864536,0
864537,23
864538,0
864539,0
864540,0
864541,0
864542,0
864543,0
864544,19
864545,0
864546,13
864547,0
864548,0
864549,17
864550,0
864551,0
864552,0
864553,14
864554,0
864555,0
864556,0
864557,0
864558,15
864559,0
864560,0
864561,19
864562,0
864563,24
864564,0
864565,0
864566,13
864567,0
864568,0
864569,9
864570,0
864571,0
864572,0
864573,0
864574,0
864575,0
864576,0
864577,0
864578,0
864579,21
864580,0
864581,0
864582,0
864583,0
864584,0
864585,0
864586,0
864587,0
864588,0
864589,0
864590,20
864591,0
864592,0
864593,0
864594,0
864595,0
864596,0
864597,0
864598,0
864599,0
864600,18
864601,0
864602,0
864603,0
864604,0
864605,22
864606,0
864607,0
864608,16
864609,12
864610,12
864611,0
864612,0
864613,0
864614,0
864615,0
864616,0
864617,0
864618,0
864619,0
864620,0
864621,19
864622,10
864623,15
864624,0
864625,0
864626,0
864627,0
864628,0
864629,0
864630,14
864631,0
864632,12
864633,0
864634,0
864635,0
864636,0
864637,0
864638,22
864639,0
864640,15
864641,0
864642,28
864643,23
864644,0
864645,0
864646,0
864647,0
864648,0
864649,0
864650,17
864651,0
864652,0
864653,0
864654,12
864655,23
864656,0
864657,14
864658,12
864659,0
864660,0
864661,0
864662,0
864663,0
864664,0
864665,0
864666,0
864667,19
864668,14
864669,19
864670,0
864671,0
864672,0
864673,0
864674,0
864675,22
864676,0
864677,0
864678,0
864679,0
864680,0
864681,0
864682,0
864683,0
864684,0
864685,0
864686,0
864687,0
864688,0
864689,0
864690,0
864691,19
864692,0
864693,0
864694,0
864695,0
864696,0
864697,15
864698,0
864699,0
864700,0
864701,0
864702,0
864703,0
864704,0
864705,21
864706,0
864707,0
864708,0
864709,0
864710,0
864711,0
864712,0
864713,0
864714,0
864715,0
864716,0
864717,19
864718,0
864719,15
864720,0
864721,0
864722,0
864723,0
864724,0
864725,0
864726,0
864727,0
864728,12
864729,0
864730,14
864731,0
864732,0
864733,18
864734,0
864735,0
864736,0
864737,0
864738,0
864739,0
864740,0
864741,0
864742,0
864743,0
864744,0
864745,19
864746,0
864747,0
864748,0
864749,0
864750,0
864751,0
864752,0
864753,0
864754,17
864755,0
864756,0
864757,0
864758,0
864759,0
864760,0
864761,16
864762,0
864763,0
864764,0
864765,0
864766,0
864767,0
864768,0
864769,14
864770,0
864771,0
864772,0
864773,0
864774,0
864775,0
864776,0
864777,0
864778,0
864779,0
864780,0
864781,0
864782,0
864783,0
864784,0
864785,0
864786,0
864787,9
864788,23
864789,0
864790,21
864791,0
864792,0
864793,0
864794,0
864795,0
864796,0
864797,0
864798,0
864799,17
864800,0
864801,0
864802,0
864803,0
864804,17
864805,27
864806,0
864807,0
864808,0
864809,0
864810,13
864811,0
864812,0
864813,0
864814,0
864815,0
864816,0
864817,0
864818,0
864819,0
864820,0
864821,0
864822,0
864823,0
864824,0
864825,0
864826,0
864827,0
864828,0
864829,22
864830,0
864831,19
864832,12
864833,0
864834,0
864835,0
864836,0
864837,0
864838,21
864839,0
864840,0
864841,0
864842,0
864843,0
864844,0
864845,0
864846,19
864847,0
864848,0
864849,0
864850,0
864851,0
864852,0
864853,22
864854,0
864855,0
864856,0
864857,11
864858,0
864859,0
864860,0
864861,0
864862,0
864863,15
864864,0
864865,0
864866,0
864867,0
864868,0
864869,0
864870,0
864871,13
864872,0
864873,0
864874,0
864875,0
864876,0
864877,0
864878,0
864879,0
864880,0
864881,0
864882,0
864883,0
864884,0
864885,0
864886,0
864887,0
864888,14
864889,0
864890,0
864891,12
864892,0
864893,0
864894,0
864895,0
864896,0
864897,0
864898,0
864899,0
864900,0
864901,0
864902,0
864903,0
864904,13
864905,0
864906,0
864907,0
864908,0
864909,18
864910,0
864911,0
864912,0
864913,0
864914,0
864915,0
864916,0
864917,0
864918,0
864919,0
864920,16
864921,0
864922,24
864923,0
864924,18
864925,0
864926,0
864927,0
864928,0
864929,0
864930,13
864931,0
864932,0
864933,0
864934,0
864935,0
864936,0
864937,0
864938,12
864939,0
864940,0
864941,0
864942,0
864943,0
864944,0
864945,0
864946,0
864947,0
864948,0
864949,0
864950,0
864951,0
864952,0
864953,18
864954,0
864955,13
864956,0
864957,0
864958,14
864959,14
864960,0
864961,0
864962,0
864963,0
864964,18
864965,16
864966,0
864967,0
864968,0
864969,0
864970,0
864971,0
864972,0
864973,0
864974,0
864975,36
864976,0
864977,0
864978,0
864979,0
864980,39
864981,0
864982,0
864983,0
864984,0
864985,0
864986,0
864987,0
864988,0
864989,30
864990,0
864991,0
864992,0
864993,0
864994,0
864995,0
864996,32
864997,0
864998,0
864999,0
865000,36
865001,0
865002,0
865003,0
865004,0
865005,0
865006,0
865007,0
865008,0
865009,0
865010,0
865011,0
865012,0
865013,0
865014,0
865015,0
865016,0
865017,0
865018,0
865019,0
865020,0
865021,0
865022,0
865023,0
865024,0
865025,0
865026,0
865027,31
865028,0
865029,0
865030,0
865031,28
865032,0
865033,33
865034,0
865035,0
865036,0
865037,0
865038,0
865039,0
865040,0
865041,0
865042,0
865043,0
865044,0
865045,0
865046,0
865047,0
865048,0
865049,0
865050,0
865051,0
865052,40
865053,39
865054,0
865055,0
865056,0
865057,39
865058,0
865059,0
865060,0
865061,0
865062,29
865063,0
865064,0
865065,0
865066,0
865067,0
865068,0
865069,0
865070,22
865071,0
865072,0
865073,0
865074,0
865075,0
865076,0
865077,0
865078,0
865079,0
865080,0
865081,0
865082,0
865083,0
865084,0
865085,0
865086,0
865087,30
865088,0
865089,0
865090,34
865091,0
865092,0
865093,0
865094,0
865095,0
865096,0
865097,0
865098,0
865099,0
865100,0
865101,0
865102,0
865103,0
865104,0
865105,0
865106,0
865107,0
865108,0
865109,0
865110,34
865111,0
865112,0
865113,0
865114,0
865115,41
865116,0
865117,0
865118,0
865119,39
865120,0
865121,0
865122,0
865123,0
865124,0
865125,37
865126,0
865127,0
865128,30
865129,0
865130,0
865131,0
865132,0
865133,0
865134,0
865135,0
865136,22
865137,0
865138,0
865139,0
865140,0
865141,0
865142,0
865143,0
865144,0
865145,0
865146,0
865147,0
865148,26
865149,0
865150,0
865151,0
865152,0
865153,0
865154,0
865155,0
865156,0
865157,26
865158,0
865159,39
865160,0
865161,29
865162,0
865163,0
865164,0
865165,0
865166,0
865167,38
865168,0
865169,0
865170,0
865171,0
865172,0
865173,0
865174,0
865175,0
865176,0
865177,0
865178,0
865179,0
865180,0
865181,0
865182,0
865183,0
865184,0
865185,0
865186,0
865187,0
865188,0
865189,48
865190,0
865191,0
865192,0
865193,0
865194,0
865195,0
865196,0
865197,0
865198,0
865199,26
865200,0
865201,0
865202,0
865203,0
865204,0
865205,0
865206,27
865207,0
865208,0
865209,0
865210,0
865211,0
865212,0
865213,0
865214,0
865215,32
865216,0
865217,0
865218,0
865219,0
865220,30
865221,0
865222,0
865223,0
865224,28
865225,0
865226,0
865227,0
865228,0
865229,0
865230,0
865231,0
865232,0
865233,0
865234,29
865235,0
865236,0
865237,0
865238,0
865239,0
865240,0
865241,0
865242,0
865243,0
865244,0
865245,0
865246,42
865247,0
865248,0
865249,0
865250,0
865251,0
865252,0
865253,0
865254,37
865255,0
865256,0
865257,0
865258,0
865259,0
865260,0
865261,0
865262,0
865263,0
865264,31
865265,0
865266,0
865267,0
865268,0
865269,32
865270,0
865271,0
865272,0
865273,0
865274,0
865275,0
865276,34
865277,0
865278,0
865279,30
865280,0
865281,0
865282,0
865283,0
865284,0
865285,0
865286,0
865287,0
865288,28
865289,0
865290,0
865291,0
865292,39
865293,0
865294,0
865295,0
865296,0
865297,23
865298,0
865299,0
865300,0
865301,0
865302,0
865303,0
865304,30
865305,0
865306,0
865307,32
865308,0
865309,0
865310,0
865311,0
865312,0
865313,0
865314,0
865315,0
865316,0
865317,35
865318,31
865319,0
865320,0
865321,0
865322,0
865323,0
865324,0
865325,0
865326,0
865327,0
865328,0
865329,0
865330,28
865331,0
865332,0
865333,0
865334,0
865335,0
865336,0
865337,0
865338,0
865339,0
865340,0
865341,0
865342,0
865343,0
865344,0
865345,0
865346,36
865347,0
865348,0
865349,0
865350,0
865351,0
865352,0
865353,0
865354,0
865355,0
865356,0
865357,0
865358,0
865359,0
865360,0
865361,0
865362,0
865363,0
865364,0
865365,0
865366,0
865367,0
865368,0
865369,0
865370,0
865371,0
865372,0
865373,0
865374,0
865375,0
865376,0
865377,0
865378,24
865379,23
865380,0
865381,0
865382,0
865383,0
865384,0
865385,0
865386,0
865387,0
865388,0
865389,0
865390,0
865391,0
865392,0
865393,0
865394,0
865395,0
865396,0
865397,0
865398,0
865399,0
865400,0
865401,0
865402,0
865403,0
865404,0
865405,25
865406,0
865407,0
865408,0
865409,41
865410,0
865411,0
865412,0
865413,0
865414,0
865415,0
865416,0
865417,0
865418,0
865419,0
865420,0
865421,0
865422,0
865423,0
865424,0
865425,0
865426,0
865427,0
865428,0
865429,0
865430,0
865431,0
865432,0
865433,0
865434,0
865435,0
865436,0
865437,0
865438,0
865439,21
865440,0
865441,33
865442,0
865443,0
865444,0
865445,0
865446,0
865447,0
865448,0
865449,0
865450,0
865451,0
865452,37
865453,0
865454,0
865455,0
865456,0
865457,0
865458,0
865459,0
865460,0
865461,0
865462,0
865463,0
865464,0
865465,0
865466,0
865467,0
865468,0
865469,0
865470,0
865471,0
865472,0
865473,0
865474,0
865475,0
865476,34
865477,31
865478,0
865479,0
865480,0
865481,0
865482,0
865483,0
865484,0
865485,0
865486,0
865487,0
865488,0
865489,0
865490,0
865491,0
865492,0
865493,0
865494,0
865495,0
865496,0
865497,0
865498,0
865499,33
865500,0
865501,0
865502,0
865503,0
865504,0
865505,0
865506,0
865507,28
865508,0
865509,0
865510,0
865511,0
865512,46
865513,0
865514,0
865515,0
865516,0
865517,37
865518,26
865519,0
865520,0
865521,0
865522,37
865523,39
865524,0
865525,0
865526,0
865527,0
865528,0
865529,34
865530,0
865531,0
865532,0
865533,0
865534,0
865535,0
865536,0
865537,0
865538,0
865539,0
865540,0
865541,0
865542,0
865543,0
865544,0
865545,0
865546,0
865547,0
865548,19
865549,0
865550,0
865551,0
865552,0
865553,14
865554,0
865555,0
865556,0
865557,0
865558,18
865559,0
865560,0
865561,0
865562,0
865563,0
865564,0
865565,0
865566,0
865567,0
865568,0
865569,0
865570,20
865571,0
865572,0
865573,0
865574,0
865575,0
865576,24
865577,0
865578,0
865579,0
865580,34
865581,0
865582,0
865583,0
865584,0
865585,0
865586,0
865587,0
865588,0
865589,0
865590,0
865591,0
865592,0
865593,0
865594,0
865595,20
865596,0
865597,0
865598,25
865599,0
865600,0
865601,0
865602,0
865603,0
865604,0
865605,0
865606,0
865607,0
865608,0
865609,0
865610,0
865611,22
865612,0
865613,0
865614,0
865615,29
865616,0
865617,0
865618,0
865619,0
865620,0
865621,0
865622,0
865623,0
865624,30
865625,34
865626,26
865627,29
865628,0
865629,39
865630,41
865631,0
865632,0
865633,0
865634,0
865635,0
865636,0
865637,0
865638,0
865639,0
865640,0
865641,0
865642,0
865643,0
865644,0
865645,31
865646,0
865647,39
865648,0
865649,0
865650,0
865651,0
865652,0
865653,0
865654,0
865655,31
865656,0
865657,0
865658,0
865659,0
865660,0
865661,32
865662,0
865663,0
865664,0
865665,0
865666,0
865667,0
865668,0
865669,0
865670,4
865671,0
865672,0
865673,0
865674,0
865675,0
865676,0
865677,0
865678,8
865679,0
865680,0
865681,0
865682,0
865683,0
865684,0
865685,6
865686,0
865687,0
865688,0
865689,0
865690,0
865691,0
865692,0
865693,0
865694,0
865695,0
865696,8
865697,0
865698,7
865699,0
865700,0
865701,6
865702,0
865703,0
865704,0
865705,0
865706,0
865707,5
865708,0
865709,0
865710,0
865711,0
865712,0
865713,0
865714,0
865715,0
865716,0
865717,0
865718,0
865719,0
865720,6
865721,6
865722,0
865723,0
865724,0
865725,2
865726,0
865727,9
865728,0
865729,0
865730,0
865731,0
865732,0
865733,10
865734,6
865735,0
865736,0
865737,0
865738,0
865739,0
865740,0
865741,0
865742,0
865743,0
865744,0
865745,2
865746,0
865747,0
865748,0
865749,0
865750,0
865751,0
865752,0
865753,0
865754,0
865755,0
865756,0
865757,0
865758,7
865759,0
865760,0
865761,0
865762,0
865763,0
865764,0
865765,0
865766,0
865767,0
865768,0
865769,0
865770,0
865771,0
865772,2
865773,0
865774,0
865775,0
865776,0
865777,0
865778,0
865779,0
865780,0
865781,4
865782,0
865783,0
865784,0
865785,0
865786,0
865787,0
865788,2
865789,0
865790,0
865791,0
865792,0
865793,4
865794,1
865795,6
865796,0
865797,0
865798,0
865799,0
865800,0
865801,0
865802,0
865803,0
865804,0
865805,0
865806,3
865807,0
865808,2
865809,0
865810,0
865811,0
865812,0
865813,0
865814,2
865815,0
865816,0
865817,0
865818,0
865819,0
865820,0
865821,0
865822,3
865823,0
865824,6
865825,0
865826,0
865827,0
865828,0
865829,0
865830,0
865831,0
865832,0
865833,4
865834,7
865835,0
865836,0
865837,0
865838,0
865839,0
865840,0
865841,3
865842,0
865843,0
865844,0
865845,2
865846,0
865847,0
865848,0
865849,0
865850,0
865851,4
865852,0
865853,3
865854,0
865855,0
865856,0
865857,0
865858,0
865859,0
865860,0
865861,0
865862,0
865863,0
865864,0
865865,0
865866,0
865867,0
865868,7
865869,0
865870,5
865871,0
865872,0
865873,0
865874,2
865875,0
865876,0
865877,0
865878,4
865879,0
865880,0
865881,0
865882,0
865883,0
865884,0
865885,0
865886,0
865887,0
865888,0
865889,0
865890,0
865891,0
865892,0
865893,0
865894,0
865895,0
865896,0
865897,0
865898,0
865899,0
865900,0
865901,0
865902,0
865903,0
865904,0
865905,0
865906,2
865907,0
865908,0
865909,0
865910,1
865911,0
865912,0
865913,0
865914,0
865915,0
865916,0
865917,0
865918,0
865919,0
865920,0
865921,0
865922,0
865923,0
865924,0
865925,0
865926,0
865927,0
865928,0
865929,0
865930,11
865931,0
865932,0
865933,0
865934,0
865935,0
865936,0
865937,0
865938,0
865939,0
865940,0
865941,0
865942,0
865943,0
865944,5
865945,12
865946,0
865947,0
865948,0
865949,0
865950,0
865951,0
865952,7
865953,1
865954,0
865955,0
865956,0
865957,0
865958,0
865959,0
865960,0
865961,0
865962,0
865963,0
865964,0
865965,2
865966,0
865967,0
865968,0
865969,0
865970,0
865971,0
865972,1
865973,0
865974,0
865975,0
865976,0
865977,0
865978,5
865979,0
865980,0
865981,0
865982,0
865983,0
865984,0
865985,0
865986,0
865987,0
865988,0
865989,0
865990,0
865991,8
865992,3
865993,0
865994,0
865995,0
865996,0
865997,0
865998,4
865999,0
866000,0
866001,0
866002,0
866003,0
866004,0
866005,0
866006,0
866007,0
866008,4
866009,0
866010,0
866011,0
866012,3
866013,0
866014,0
866015,0
866016,0
866017,0
866018,0
866019,5
866020,5
866021,0
866022,0
866023,0
866024,0
866025,0
866026,0
866027,0
866028,16
866029,18
866030,0
866031,0
866032,0
866033,23
866034,0
866035,0
866036,0
866037,0
866038,23
866039,0
866040,0
866041,0
866042,0
866043,0
866044,0
866045,0
866046,0
866047,0
866048,0
866049,0
866050,0
866051,0
866052,24
866053,0
866054,0
866055,0
866056,0
866057,0
866058,0
866059,0
866060,0
866061,0
866062,0
866063,0
866064,0
866065,0
866066,26
866067,21
866068,0
866069,0
866070,0
866071,0
866072,0
866073,18
866074,0
866075,17
866076,0
866077,0
866078,0
866079,0
866080,0
866081,0
866082,0
866083,0
866084,0
866085,0
866086,0
866087,0
866088,20
866089,19
866090,0
866091,18
866092,0
866093,17
866094,23
866095,0
866096,0
866097,0
866098,0
866099,0
866100,16
866101,0
866102,16
866103,0
866104,0
866105,0
866106,31
866107,0
866108,26
866109,0
866110,0
866111,0
866112,21
866113,0
866114,0
866115,15
866116,0
866117,0
866118,0
866119,0
866120,0
866121,0
866122,0
866123,0
866124,0
866125,0
866126,0
866127,0
866128,0
866129,0
866130,0
866131,0
866132,0
866133,0
866134,0
866135,0
866136,0
866137,0
866138,0
866139,0
866140,0
866141,0
866142,0
866143,0
866144,0
866145,0
866146,0
866147,0
866148,0
866149,0
866150,0
866151,0
866152,0
866153,0
866154,0
866155,0
866156,0
866157,0
866158,0
866159,0
866160,0
866161,0
866162,0
866163,33
866164,0
866165,0
866166,0
866167,0
866168,0
866169,0
866170,0
866171,0
866172,0
866173,0
866174,0
866175,0
866176,0
866177,0
866178,0
866179,0
866180,0
866181,0
866182,0
866183,0
866184,0
866185,0
866186,0
866187,0
866188,0
866189,0
866190,0
866191,0
866192,0
866193,0
866194,0
866195,0
866196,0
866197,0
866198,0
866199,0
866200,0
866201,0
866202,0
866203,0
866204,0
866205,0
866206,0
866207,0
866208,0
866209,0
866210,0
866211,11
866212,0
866213,0
866214,5
866215,16
866216,17
866217,0
866218,12
866219,0
866220,0
866221,0
866222,0
866223,0
866224,0
866225,0
866226,0
866227,0
866228,13
866229,0
866230,23
866231,0
866232,0
866233,16
866234,0
866235,0
866236,0
866237,0
866238,0
866239,0
866240,0
866241,0
866242,0
866243,14
866244,0
866245,0
866246,0
866247,19
866248,16
866249,0
866250,0
866251,0
866252,21
866253,0
866254,0
866255,0
866256,0
866257,18
866258,0
866259,0
866260,16
866261,17
866262,0
866263,0
866264,0
866265,19
866266,17
866267,0
866268,23
866269,18
866270,17
866271,16
866272,0
866273,0
866274,0
866275,0
866276,10
866277,0
866278,11
866279,0
866280,19
866281,0
866282,0
866283,0
866284,0
866285,20
866286,0
866287,0
866288,0
866289,0
866290,24
866291,0
866292,0
866293,0
866294,0
866295,21
866296,0
866297,0
866298,0
866299,17
866300,0
866301,0
866302,0
866303,0
866304,0
866305,0
866306,0
866307,16
866308,0
866309,0
866310,0
866311,0
866312,18
866313,14
866314,0
866315,0
866316,0
866317,23
866318,0
866319,0
866320,0
866321,0
866322,0
866323,0
866324,0
866325,0
866326,0
866327,20
866328,0
866329,29
866330,10
866331,11
866332,0
866333,0
866334,0
866335,0
866336,12
866337,23
866338,0
866339,19
866340,16
866341,0
866342,13
866343,0
866344,0
866345,0
866346,0
866347,0
866348,17
866349,21
866350,0
866351,21
866352,0
866353,0
866354,0
866355,0
866356,0
866357,0
866358,9
866359,0
866360,0
866361,0
866362,0
866363,0
866364,0
866365,16
866366,0
866367,0
866368,0
866369,0
866370,0
866371,0
866372,13
866373,0
866374,0
866375,0
866376,19
866377,0
866378,0
866379,0
866380,0
866381,0
866382,15
866383,0
866384,0
866385,15
866386,12
866387,0
866388,17
866389,17
866390,17
866391,0
866392,22
866393,0
866394,0
866395,10
866396,0
866397,0
866398,23
866399,0
866400,0
866401,0
866402,0
866403,10
866404,0
866405,0
866406,0
866407,0
866408,0
866409,0
866410,0
866411,0
866412,20
866413,0
866414,0
866415,0
866416,0
866417,0
866418,0
866419,0
866420,0
866421,0
866422,0
866423,33
866424,0
866425,0
866426,0
866427,0
866428,0
866429,0
866430,22
866431,0
866432,14
866433,0
866434,0
866435,0
866436,0
866437,0
866438,20
866439,0
866440,0
866441,0
866442,15
866443,0
866444,0
866445,0
866446,0
866447,0
866448,15
866449,14
866450,13
866451,9
866452,0
866453,13
866454,11
866455,15
866456,0
866457,0
866458,0
866459,28
866460,0
866461,0
866462,0
866463,16
866464,13
866465,0
866466,0
866467,0
866468,0
866469,0
866470,11
866471,22
866472,0
866473,0
866474,0
866475,23
866476,21
866477,0
866478,0
866479,20
866480,10
866481,17
866482,0
866483,0
866484,0
866485,0
866486,0
866487,0
866488,0
866489,3
866490,4
866491,0
866492,0
866493,0
866494,0
866495,0
866496,0
866497,0
866498,1
866499,1
866500,4
866501,0
866502,0
866503,0
866504,0
866505,2
866506,0
866507,0
866508,0
866509,1
866510,0
866511,0
866512,0
866513,4
866514,0
866515,0
866516,0
866517,0
866518,0
866519,0
866520,0
866521,0
866522,0
866523,0
866524,0
866525,0
866526,0
866527,0
866528,0
866529,0
866530,0
866531,0
866532,3
866533,0
866534,0
866535,0
866536,0
866537,4
866538,0
866539,0
866540,0
866541,3
866542,0
866543,4
866544,6
866545,0
866546,0
866547,0
866548,0
866549,0
866550,0
866551,0
866552,1
866553,0
866554,0
866555,6
866556,4
866557,0
866558,0
866559,0
866560,0
866561,0
866562,0
866563,0
866564,0
866565,2
866566,0
866567,3
866568,0
866569,3
866570,0
866571,9
866572,0
866573,2
866574,0
866575,0
866576,0
866577,0
866578,0
866579,0
866580,0
866581,0
866582,0
866583,0
866584,1
866585,0
866586,0
866587,0
866588,0
866589,0
866590,0
866591,2
866592,0
866593,0
866594,0
866595,0
866596,0
866597,0
866598,0
866599,1
866600,0
866601,0
866602,0
866603,0
866604,2
866605,0
866606,0
866607,0
866608,0
866609,0
866610,4
866611,0
866612,0
866613,3
866614,0
866615,2
866616,0
866617,2
866618,7
866619,0
866620,0
866621,0
866622,0
866623,0
866624,0
866625,0
866626,1
866627,3
866628,0
866629,0
866630,0
866631,0
866632,0
866633,0
866634,0
866635,0
866636,0
866637,0
866638,0
866639,0
866640,0
866641,0
866642,0
866643,0
866644,0
866645,2
866646,0
866647,0
866648,0
866649,0
866650,0
866651,0
866652,0
866653,0
866654,0
866655,4
866656,0
866657,0
866658,0
866659,5
866660,0
866661,0
866662,0
866663,0
866664,0
866665,0
866666,0
866667,3
866668,0
866669,0
866670,0
866671,0
866672,3
866673,1
866674,0
866675,0
866676,1
866677,0
866678,0
866679,0
866680,0
866681,1
866682,0
866683,0
866684,0
866685,0
866686,0
866687,0
866688,0
866689,0
866690,0
866691,0
866692,0
866693,0
866694,0
866695,0
866696,0
866697,0
866698,0
866699,0
866700,0
866701,0
866702,0
866703,2
866704,0
866705,0
866706,0
866707,0
866708,0
866709,0
866710,0
866711,0
866712,0
866713,0
866714,0
866715,0
866716,0
866717,0
866718,0
866719,0
866720,0
866721,0
866722,2
866723,0
866724,4
866725,0
866726,0
866727,0
866728,0
866729,0
866730,0
866731,0
866732,6
866733,0
866734,0
866735,0
866736,0
866737,1
866738,0
866739,0
866740,0
866741,0
866742,0
866743,1
866744,0
866745,0
866746,0
866747,2
866748,0
866749,0
866750,0
866751,0
866752,0
866753,0
866754,0
866755,0
866756,0
866757,0
866758,4
866759,0
866760,3
866761,0
866762,0
866763,0
866764,5
866765,0
866766,0
866767,0
866768,0
866769,0
866770,0
866771,0
866772,0
866773,0
866774,0
866775,1
866776,0
866777,2
866778,0
866779,0
866780,0
866781,0
866782,0
866783,3
866784,11
866785,0
866786,0
866787,0
866788,0
866789,0
866790,0
866791,0
866792,0
866793,0
866794,0
866795,0
866796,3
866797,0
866798,0
866799,0
866800,0
866801,0
866802,0
866803,6
866804,0
866805,0
866806,0
866807,0
866808,0
866809,0
866810,0
866811,0
866812,0
866813,0
866814,0
866815,0
866816,0
866817,0
866818,0
866819,0
866820,0
866821,0
866822,0
866823,0
866824,0
866825,1
866826,0
866827,3
866828,0
866829,0
866830,0
866831,0
866832,0
866833,0
866834,2
866835,0
866836,3
866837,0
866838,3
866839,5
866840,0
866841,3
866842,0
866843,0
866844,0
866845,0
866846,0
866847,0
866848,0
866849,0
866850,0
866851,0
866852,4
866853,2
866854,0
866855,0
866856,0
866857,2
866858,0
866859,0
866860,0
866861,0
866862,0
866863,0
866864,0
866865,0
866866,0
866867,0
866868,0
866869,0
866870,0
866871,2
866872,0
866873,4
866874,0
866875,0
866876,0
866877,0
866878,0
866879,0
866880,2
866881,0
866882,0
866883,0
866884,0
866885,0
866886,0
866887,0
866888,0
866889,0
866890,0
866891,0
866892,0
866893,0
866894,0
866895,0
866896,1
866897,0
866898,0
866899,4
866900,0
866901,0
866902,0
866903,0
866904,3
866905,0
866906,0
866907,0
866908,0
866909,0
866910,0
866911,2
866912,0
866913,0
866914,0
866915,1
866916,2
866917,0
866918,0
866919,3
866920,0
866921,0
866922,0
866923,0
866924,0
866925,0
866926,0
866927,6
866928,0
866929,30
866930,18
866931,0
866932,0
866933,0
866934,0
866935,0
866936,0
866937,0
866938,0
866939,0
866940,0
866941,21
866942,0
866943,21
866944,15
866945,0
866946,0
866947,27
866948,0
866949,0
866950,0
866951,14
866952,0
866953,14
866954,0
866955,21
866956,0
866957,0
866958,0
866959,0
866960,0
866961,0
866962,0
866963,0
866964,0
866965,0
866966,0
866967,27
866968,0
866969,24
866970,17
866971,0
866972,0
866973,23
866974,0
866975,0
866976,21
866977,16
866978,0
866979,0
866980,0
866981,30
866982,0
866983,0
866984,0
866985,13
866986,0
866987,24
866988,0
866989,27
866990,0
866991,34
866992,0
866993,0
866994,0
866995,0
866996,25
866997,0
866998,28
866999,12
867000,0
867001,0
867002,27
867003,28
867004,0
867005,0
867006,0
867007,0
867008,0
867009,0
867010,0
867011,0
867012,0
867013,22
867014,0
867015,0
867016,0
867017,0
867018,0
867019,22
867020,9
867021,0
867022,42
867023,0
867024,0
867025,27
867026,0
867027,0
867028,0
867029,0
867030,0
867031,0
867032,0
867033,0
867034,20
867035,30
867036,0
867037,0
867038,24
867039,0
867040,0
867041,0
867042,0
867043,31
867044,0
867045,23
867046,20
867047,0
867048,0
867049,15
867050,25
867051,13
867052,0
867053,0
867054,26
867055,0
867056,0
867057,0
867058,0
867059,0
867060,0
867061,0
867062,0
867063,0
867064,0
867065,25
867066,0
867067,0
867068,0
867069,0
867070,0
867071,0
867072,24
867073,25
867074,0
867075,0
867076,0
867077,0
867078,0
867079,0
867080,0
867081,0
867082,0
867083,0
867084,0
867085,24
867086,0
867087,0
867088,0
867089,0
867090,17
867091,22
867092,0
867093,0
867094,0
867095,26
867096,0
867097,0
867098,19
867099,0
867100,0
867101,0
867102,0
867103,0
867104,0
867105,23
867106,0
867107,0
867108,0
867109,0
867110,21
867111,0
867112,0
867113,0
867114,0
867115,26
867116,29
867117,17
867118,0
867119,20
867120,0
867121,25
867122,0
867123,0
867124,0
867125,0
867126,0
867127,30
867128,0
867129,21
867130,0
867131,0
867132,13
867133,0
867134,0
867135,29
867136,0
867137,0
867138,0
867139,0
867140,21
867141,0
867142,0
867143,0
867144,0
867145,0
867146,0
867147,0
867148,18
867149,0
867150,0
867151,0
867152,0
867153,24
867154,0
867155,0
867156,22
867157,0
867158,19
867159,0
867160,0
867161,0
867162,0
867163,0
867164,0
867165,16
867166,22
867167,0
867168,0
867169,0
867170,0
867171,18
867172,9
867173,0
867174,0
867175,0
867176,0
867177,0
867178,0
867179,26
867180,0
867181,0
867182,0
867183,0
867184,0
867185,0
867186,20
867187,0
867188,26
867189,0
867190,0
867191,0
867192,0
867193,0
867194,0
867195,23
867196,0
867197,0
867198,0
867199,24
867200,0
867201,0
867202,0
867203,0
867204,0
867205,19
867206,0
867207,0
867208,0
867209,0
867210,15
867211,18
867212,32
867213,0
867214,18
867215,0
867216,17
867217,0
867218,0
867219,0
867220,0
867221,0
867222,0
867223,22
867224,0
867225,0
867226,20
867227,0
867228,22
867229,0
867230,0
867231,0
867232,17
867233,0
867234,0
867235,0
867236,0
867237,0
867238,0
867239,0
867240,0
867241,19
867242,0
867243,0
867244,0
867245,26
867246,0
867247,20
867248,0
867249,0
867250,0
867251,0
867252,0
867253,0
867254,0
867255,16
867256,0
867257,0
867258,0
867259,0
867260,0
867261,0
867262,25
867263,0
867264,0
867265,15
867266,14
867267,0
867268,0
867269,0
867270,0
867271,0
867272,29
867273,0
867274,0
867275,0
867276,0
867277,0
867278,0
867279,0
867280,0
867281,0
867282,0
867283,0
867284,0
867285,0
867286,0
867287,0
867288,0
867289,0
867290,0
867291,0
867292,0
867293,0
867294,0
867295,0
867296,0
867297,0
867298,0
867299,0
867300,0
867301,19
867302,0
867303,0
867304,0
867305,0
867306,0
867307,0
867308,0
867309,24
867310,0
867311,23
867312,0
867313,0
867314,0
867315,0
867316,0
867317,0
867318,0
867319,0
867320,0
867321,0
867322,0
867323,0
867324,15
867325,0
867326,25
867327,0
867328,12
867329,0
867330,0
867331,26
867332,0
867333,0
867334,31
867335,27
867336,0
867337,0
867338,0
867339,0
867340,0
867341,0
867342,0
867343,0
867344,25
867345,0
867346,20
867347,13
867348,0
867349,13
867350,0
867351,34
867352,18
867353,24
867354,13
867355,0
867356,15
867357,18
867358,19
867359,27
867360,0
867361,0
867362,0
867363,0
867364,26
867365,22
867366,0
867367,0
867368,34
867369,0
867370,0
867371,30
867372,0
867373,29
867374,0
867375,25
867376,0
867377,0
867378,0
867379,0
867380,0
867381,0
867382,27
867383,0
867384,17
867385,0
867386,5
867387,13
867388,0
867389,0
867390,0
867391,15
867392,25
867393,31
867394,0
867395,0
867396,0
867397,0
867398,0
867399,0
867400,0
867401,0
867402,0
867403,0
867404,0
867405,0
867406,0
867407,25
867408,0
867409,0
867410,24
867411,15
867412,0
867413,19
867414,0
867415,0
867416,0
867417,0
867418,0
867419,0
867420,13
867421,0
867422,0
867423,0
867424,0
867425,0
867426,22
867427,0
867428,0
867429,15
867430,0
867431,0
867432,29
867433,0
867434,0
867435,0
867436,13
867437,0
867438,0
867439,0
867440,0
867441,0
867442,0
867443,0
867444,17
867445,0
867446,0
867447,0
867448,0
867449,0
867450,0
867451,0
867452,28
867453,0
867454,30
867455,0
867456,0
867457,0
867458,0
867459,0
867460,12
867461,20
867462,25
867463,0
867464,0
867465,0
867466,0
867467,31
867468,0
867469,0
867470,0
867471,0
867472,0
867473,33
867474,0
867475,0
867476,0
867477,0
867478,0
867479,0
867480,0
867481,0
867482,0
867483,30
867484,0
867485,0
867486,0
867487,0
867488,14
867489,0
867490,0
867491,40
867492,0
867493,0
867494,24
867495,0
867496,0
867497,0
867498,0
867499,0
867500,16
867501,0
867502,16
867503,21
867504,0
867505,0
867506,0
867507,45
867508,0
867509,0
867510,0
867511,0
867512,21
867513,0
867514,8
867515,0
867516,26
867517,0
867518,0
867519,0
867520,0
867521,0
867522,0
867523,0
867524,0
867525,0
867526,0
867527,0
867528,0
867529,0
867530,0
867531,35
867532,27
867533,0
867534,0
867535,0
867536,0
867537,22
867538,13
867539,0
867540,0
867541,0
867542,0
867543,0
867544,0
867545,0
867546,0
867547,0
867548,0
867549,0
867550,0
867551,0
867552,0
867553,0
867554,0
867555,19
867556,15
867557,20
867558,0
867559,0
867560,34
867561,0
867562,0
867563,0
867564,0
867565,0
867566,0
867567,0
867568,28
867569,0
867570,28
867571,0
867572,0
867573,0
867574,20
867575,0
867576,0
867577,0
867578,0
867579,0
867580,0
867581,0
867582,0
867583,19
867584,0
867585,0
867586,0
867587,0
867588,19
867589,19
867590,0
867591,0
867592,0
867593,0
867594,13
867595,0
867596,0
867597,13
867598,18
867599,0
867600,0
867601,0
867602,0
867603,0
867604,0
867605,0
867606,0
867607,25
867608,19
867609,16
867610,0
867611,0
867612,15
867613,0
867614,0
867615,0
867616,0
867617,0
867618,0
867619,0
867620,0
867621,0
867622,28
867623,0
867624,0
867625,0
867626,0
867627,18
867628,0
867629,31
867630,0
867631,17
867632,0
867633,0
867634,0
867635,0
867636,0
867637,0
867638,0
867639,0
867640,0
867641,0
867642,16
867643,0
867644,15
867645,0
867646,0
867647,0
867648,0
867649,0
867650,30
867651,17
867652,0
867653,25
867654,0
867655,0
867656,0
867657,24
867658,0
867659,0
867660,0
867661,0
867662,0
867663,0
867664,0
867665,0
867666,26
867667,0
867668,0
867669,0
867670,23
867671,0
867672,0
867673,0
867674,0
867675,33
867676,0
867677,0
867678,0
867679,0
867680,0
867681,18
867682,0
867683,0
867684,0
867685,0
867686,0
867687,30
867688,16
867689,0
867690,10
867691,0
867692,16
867693,0
867694,0
867695,0
867696,0
867697,0
867698,22
867699,29
867700,0
867701,0
867702,0
867703,0
867704,0
867705,18
867706,33
867707,0
867708,24
867709,0
867710,0
867711,45
867712,54
867713,0
867714,0
867715,22
867716,36
867717,35
867718,0
867719,0
867720,32
867721,0
867722,0
867723,0
867724,0
867725,31
867726,0
867727,0
867728,44
867729,0
867730,0
867731,0
867732,41
867733,0
867734,0
867735,0
867736,0
867737,39
867738,43
867739,21
867740,0
867741,0
867742,0
867743,0
867744,33
867745,40
867746,45
867747,0
867748,0
867749,0
867750,45
867751,0
867752,0
867753,0
867754,0
867755,31
867756,0
867757,0
867758,32
867759,0
867760,28
867761,26
867762,0
867763,0
867764,0
867765,0
867766,24
867767,0
867768,0
867769,0
867770,0
867771,0
867772,0
867773,0
867774,0
867775,61
867776,0
867777,0
867778,0
867779,0
867780,0
867781,0
867782,0
867783,42
867784,0
867785,0
867786,0
867787,0
867788,0
867789,0
867790,0
867791,30
867792,0
867793,43
867794,39
867795,0
867796,43
867797,0
867798,38
867799,0
867800,0
867801,0
867802,0
867803,0
867804,0
867805,0
867806,35
867807,0
867808,0
867809,0
867810,0
867811,0
867812,0
867813,0
867814,0
867815,47
867816,0
867817,0
867818,35
867819,0
867820,0
867821,0
867822,0
867823,18
867824,33
867825,0
867826,31
867827,0
867828,37
867829,0
867830,29
867831,35
867832,0
867833,0
867834,0
867835,0
867836,0
867837,0
867838,0
867839,0
867840,0
867841,0
867842,0
867843,0
867844,22
867845,0
867846,0
867847,0
867848,26
867849,0
867850,0
867851,0
867852,0
867853,0
867854,0
867855,0
867856,0
867857,0
867858,41
867859,0
867860,0
867861,0
867862,29
867863,0
867864,0
867865,0
867866,36
867867,0
867868,35
867869,0
867870,0
867871,38
867872,0
867873,0
867874,0
867875,0
867876,38
867877,0
867878,0
867879,0
867880,0
867881,0
867882,0
867883,0
867884,0
867885,0
867886,0
867887,0
867888,0
867889,0
867890,20
867891,0
867892,0
867893,0
867894,0
867895,0
867896,0
867897,0
867898,0
867899,0
867900,45
867901,33
867902,0
867903,0
867904,0
867905,39
867906,33
867907,0
867908,0
867909,0
867910,0
867911,0
867912,0
867913,0
867914,34
867915,0
867916,41
867917,47
867918,0
867919,30
867920,30
867921,33
867922,0
867923,0
867924,0
867925,0
867926,0
867927,0
867928,0
867929,0
867930,0
867931,34
867932,0
867933,0
867934,0
867935,0
867936,0
867937,0
867938,0
867939,28
867940,0
867941,35
867942,0
867943,28
867944,33
867945,0
867946,0
867947,0
867948,48
867949,0
867950,0
867951,47
867952,0
867953,0
867954,0
867955,0
867956,0
867957,0
867958,0
867959,0
867960,0
867961,0
867962,32
867963,0
867964,28
867965,0
867966,0
867967,0
867968,0
867969,0
867970,0
867971,40
867972,23
867973,0
867974,34
867975,16
867976,0
867977,0
867978,0
867979,0
867980,0
867981,39
867982,0
867983,0
867984,0
867985,36
867986,0
867987,0
867988,0
867989,0
867990,0
867991,0
867992,0
867993,45
867994,0
867995,0
867996,0
867997,0
867998,0
867999,0
868000,39
868001,0
868002,0
868003,0
868004,32
868005,0
868006,0
868007,0
868008,0
868009,0
868010,46
868011,0
868012,0
868013,19
868014,0
868015,0
868016,0
868017,0
868018,0
868019,29
868020,0
868021,0
868022,0
868023,0
868024,0
868025,0
868026,39
868027,0
868028,25
868029,36
868030,43
868031,0
868032,27
868033,0
868034,0
868035,0
868036,34
868037,44
868038,0
868039,0
868040,0
868041,0
868042,47
868043,0
868044,0
868045,0
868046,0
868047,0
868048,37
868049,0
868050,0
868051,28
868052,0
868053,0
868054,42
868055,0
868056,0
868057,33
868058,0
868059,0
868060,0
868061,0
868062,0
868063,0
868064,23
868065,0
868066,0
868067,0
868068,0
868069,0
868070,0
868071,30
868072,42
868073,0
868074,0
868075,0
868076,46
868077,0
868078,0
868079,0
868080,0
868081,0
868082,29
868083,0
868084,0
868085,0
868086,0
868087,0
868088,41
868089,0
868090,0
868091,47
868092,0
868093,0
868094,0
868095,0
868096,0
868097,0
868098,0
868099,0
868100,0
868101,0
868102,0
868103,0
868104,0
868105,0
868106,41
868107,0
868108,0
868109,0
868110,0
868111,0
868112,43
868113,0
868114,0
868115,41
868116,0
868117,0
868118,0
868119,0
868120,39
868121,0
868122,32
868123,0
868124,0
868125,0
868126,0
868127,0
868128,0
868129,0
868130,28
868131,0
868132,0
868133,0
868134,0
868135,0
868136,0
868137,38
868138,0
868139,30
868140,0
868141,0
868142,0
868143,0
868144,31
868145,0
868146,0
868147,0
868148,0
868149,0
868150,0
868151,0
868152,0
868153,36
868154,0
868155,58
868156,32
868157,31
868158,0
868159,0
868160,0
868161,27
868162,0
868163,0
868164,0
868165,0
868166,0
868167,34
868168,0
868169,0
868170,0
868171,28
868172,0
868173,0
868174,0
868175,0
868176,0
868177,35
868178,38
868179,0
868180,0
868181,0
868182,0
868183,0
868184,0
868185,33
868186,0
868187,29
868188,0
868189,0
868190,0
868191,0
868192,0
868193,36
868194,0
868195,0
868196,43
868197,0
868198,31
868199,0
868200,0
868201,0
868202,0
868203,0
868204,27
868205,0
868206,0
868207,0
868208,0
868209,0
868210,43
868211,0
868212,0
868213,0
868214,32
868215,27
868216,0
868217,33
868218,0
868219,28
868220,0
868221,0
868222,0
868223,0
868224,0
868225,0
868226,0
868227,0
868228,0
868229,0
868230,0
868231,0
868232,0
868233,0
868234,0
868235,0
868236,0
868237,0
868238,0
868239,0
868240,0
868241,31
868242,25
868243,0
868244,0
868245,0
868246,0
868247,0
868248,0
868249,0
868250,25
868251,0
868252,0
868253,0
868254,0
868255,0
868256,0
868257,27
868258,0
868259,36
868260,42
868261,0
868262,0
868263,0
868264,0
868265,0
868266,45
868267,39
868268,25
868269,0
868270,42
868271,0
868272,0
868273,0
868274,0
868275,0
868276,0
868277,0
868278,32
868279,36
868280,39
868281,0
868282,0
868283,0
868284,0
868285,0
868286,0
868287,0
868288,0
868289,0
868290,0
868291,0
868292,0
868293,0
868294,0
868295,0
868296,0
868297,0
868298,0
868299,28
868300,0
868301,32
868302,35
868303,0
868304,44
868305,0
868306,0
868307,34
868308,28
868309,0
868310,0
868311,30
868312,0
868313,34
868314,0
868315,0
868316,38
868317,0
868318,0
868319,0
868320,0
868321,0
868322,0
868323,0
868324,33
868325,30
868326,0
868327,0
868328,0
868329,22
868330,40
868331,0
868332,45
868333,39
868334,0
868335,0
868336,0
868337,34
868338,0
868339,43
868340,35
868341,33
868342,0
868343,33
868344,0
868345,21
868346,0
868347,0
868348,0
868349,0
868350,0
868351,0
868352,0
868353,0
868354,0
868355,0
868356,24
868357,0
868358,0
868359,0
868360,0
868361,0
868362,0
868363,27
868364,0
868365,0
868366,0
868367,0
868368,45
868369,0
868370,0
868371,0
868372,0
868373,0
868374,0
868375,0
868376,0
868377,0
868378,43
868379,0
868380,0
868381,0
868382,0
868383,0
868384,53
868385,39
868386,0
868387,0
868388,35
868389,0
868390,0
868391,0
868392,29
868393,0
868394,0
868395,0
868396,0
868397,0
868398,0
868399,0
868400,0
868401,0
868402,0
868403,0
868404,48
868405,0
868406,0
868407,0
868408,0
868409,0
868410,0
868411,0
868412,0
868413,0
868414,0
868415,0
868416,0
868417,0
868418,0
868419,0
868420,28
868421,49
868422,0
868423,60
868424,0
868425,37
868426,0
868427,0
868428,0
868429,0
868430,0
868431,0
868432,47
868433,0
868434,0
868435,0
868436,0
868437,0
868438,0
868439,32
868440,0
868441,29
868442,0
868443,0
868444,0
868445,0
868446,0
868447,0
868448,0
868449,0
868450,36
868451,0
868452,0
868453,0
868454,0
868455,50
868456,0
868457,0
868458,0
868459,0
868460,28
868461,0
868462,0
868463,40
868464,0
868465,0
868466,0
868467,35
868468,0
868469,0
868470,0
868471,0
868472,0
868473,0
868474,0
868475,0
868476,28
868477,0
868478,0
868479,0
868480,0
868481,30
868482,0
868483,0
868484,32
868485,0
868486,0
868487,0
868488,0
868489,0
868490,0
868491,35
868492,0
868493,0
868494,0
868495,0
868496,24
868497,36
868498,0
868499,0
868500,0
868501,0
868502,0
868503,0
868504,0
868505,0
868506,39
868507,0
868508,0
868509,0
868510,0
868511,0
868512,0
868513,0
868514,41
868515,0
868516,0
868517,0
868518,0
868519,0
868520,0
868521,0
868522,0
868523,0
868524,41
868525,0
868526,0
868527,0
868528,0
868529,0
868530,0
868531,0
868532,30
868533,0
868534,0
868535,0
868536,0
868537,29
868538,0
868539,0
868540,0
868541,0
868542,0
868543,0
868544,34
868545,0
868546,32
868547,0
868548,0
868549,0
868550,0
868551,0
868552,32
868553,30
868554,0
868555,0
868556,0
868557,35
868558,0
868559,0
868560,0
868561,0
868562,25
868563,0
868564,0
868565,26
868566,0
868567,0
868568,0
868569,0
868570,0
868571,0
868572,0
868573,0
868574,0
868575,25
868576,0
868577,0
868578,0
868579,0
868580,0
868581,52
868582,0
868583,55
868584,38
868585,0
868586,32
868587,40
868588,0
868589,32
868590,0
868591,0
868592,0
868593,0
868594,0
868595,0
868596,0
868597,0
868598,38
868599,47
868600,0
868601,0
868602,0
868603,35
868604,0
868605,30
868606,0
868607,0
868608,0
868609,0
868610,0
868611,0
868612,0
868613,0
868614,0
868615,0
868616,0
868617,0
868618,0
868619,0
868620,0
868621,30
868622,0
868623,0
868624,0
868625,0
868626,0
868627,0
868628,0
868629,30
868630,0
868631,33
868632,0
868633,0
868634,0
868635,0
868636,0
868637,0
868638,0
868639,38
868640,0
868641,0
868642,0
868643,0
868644,0
868645,0
868646,0
868647,0
868648,0
868649,0
868650,0
868651,0
868652,0
868653,0
868654,0
868655,0
868656,0
868657,0
868658,0
868659,0
868660,0
868661,0
868662,0
868663,0
868664,0
868665,0
868666,0
868667,0
868668,0
868669,0
868670,0
868671,0
868672,0
868673,0
868674,0
868675,0
868676,0
868677,0
868678,0
868679,0
868680,0
868681,0
868682,0
868683,0
868684,0
868685,0
868686,0
868687,0
868688,0
868689,0
868690,0
868691,0
868692,0
868693,0
868694,0
868695,0
868696,0
868697,0
868698,0
868699,0
868700,0
868701,0
868702,0
868703,0
868704,0
868705,0
868706,0
868707,0
868708,0
868709,0
868710,0
868711,0
868712,0
868713,0
868714,0
868715,0
868716,0
868717,0
868718,0
868719,0
868720,0
868721,0
868722,0
868723,0
868724,0
868725,0
868726,0
868727,1
868728,0
868729,0
868730,0
868731,0
868732,0
868733,0
868734,0
868735,0
868736,0
868737,0
868738,0
868739,0
868740,0
868741,0
868742,0
868743,0
868744,0
868745,0
868746,0
868747,0
868748,0
868749,0
868750,0
868751,0
868752,0
868753,1
868754,0
868755,0
868756,0
868757,0
868758,0
868759,0
868760,0
868761,0
868762,0
868763,0
868764,0
868765,0
868766,0
868767,0
868768,0
868769,0
868770,0
868771,0
868772,0
868773,0
868774,0
868775,0
868776,0
868777,0
868778,0
868779,0
868780,0
868781,0
868782,0
868783,0
868784,0
868785,1
868786,0
868787,0
868788,0
868789,0
868790,0
868791,0
868792,0
868793,0
868794,0
868795,0
868796,0
868797,0
868798,0
868799,0
868800,0
868801,0
868802,0
868803,0
868804,0
868805,0
868806,0
868807,0
868808,0
868809,0
868810,0
868811,0
868812,0
868813,0
868814,0
868815,0
868816,0
868817,0
868818,0
868819,0
868820,0
868821,0
868822,0
868823,0
868824,0
868825,0
868826,0
868827,1
868828,0
868829,1
868830,0
868831,0
868832,0
868833,0
868834,0
868835,0
868836,0
868837,0
868838,0
868839,0
868840,0
868841,0
868842,0
868843,0
868844,0
868845,0
868846,0
868847,0
868848,0
868849,0
868850,0
868851,0
868852,0
868853,1
868854,0
868855,0
868856,0
868857,0
868858,0
868859,0
868860,0
868861,0
868862,0
868863,0
868864,0
868865,0
868866,0
868867,0
868868,0
868869,0
868870,0
868871,0
868872,0
868873,1
868874,0
868875,0
868876,0
868877,0
868878,0
868879,0
868880,0
868881,0
868882,0
868883,0
868884,0
868885,0
868886,0
868887,0
868888,0
868889,0
868890,0
868891,0
868892,0
868893,0
868894,0
868895,0
868896,0
868897,0
868898,0
868899,0
868900,0
868901,0
868902,0
868903,0
868904,0
868905,0
868906,0
868907,0
868908,0
868909,0
868910,1
868911,0
868912,0
868913,0
868914,0
868915,0
868916,0
868917,0
868918,0
868919,0
868920,0
868921,0
868922,0
868923,0
868924,0
868925,0
868926,0
868927,0
868928,0
868929,0
868930,0
868931,0
868932,0
868933,0
868934,0
868935,0
868936,0
868937,0
868938,0
868939,0
868940,0
868941,0
868942,0
868943,0
868944,0
868945,0
868946,0
868947,0
868948,0
868949,0
868950,0
868951,0
868952,0
868953,0
868954,0
868955,0
868956,0
868957,0
868958,0
868959,0
868960,0
868961,0
868962,0
868963,0
868964,0
868965,0
868966,0
868967,0
868968,0
868969,0
868970,0
868971,0
868972,0
868973,0
868974,0
868975,0
868976,0
868977,0
868978,0
868979,0
868980,0
868981,0
868982,0
868983,0
868984,0
868985,0
868986,0
868987,0
868988,0
868989,0
868990,0
868991,0
868992,0
868993,0
868994,0
868995,0
868996,0
868997,0
868998,0
868999,0
869000,0
869001,0
869002,0
869003,0
869004,0
869005,0
869006,0
869007,0
869008,0
869009,0
869010,0
869011,0
869012,0
869013,0
869014,0
869015,0
869016,0
869017,1
869018,0
869019,0
869020,0
869021,0
869022,0
869023,0
869024,0
869025,0
869026,0
869027,0
869028,0
869029,0
869030,0
869031,0
869032,0
869033,0
869034,0
869035,0
869036,0
869037,0
869038,0
869039,0
869040,0
869041,0
869042,0
869043,0
869044,0
869045,0
869046,0
869047,0
869048,0
869049,1
869050,0
869051,0
869052,0
869053,0
869054,0
869055,0
869056,0
869057,0
869058,0
869059,0
869060,0
869061,0
869062,0
869063,0
869064,0
869065,0
869066,0
869067,1
869068,0
869069,0
869070,0
869071,0
869072,0
869073,0
869074,0
869075,0
869076,0
869077,0
869078,0
869079,1
869080,0
869081,0
869082,0
869083,0
869084,0
869085,0
869086,0
869087,1
869088,0
869089,0
869090,0
869091,0
869092,0
869093,0
869094,0
869095,0
869096,0
869097,0
869098,0
869099,0
869100,0
869101,0
869102,0
869103,0
869104,0
869105,0
869106,0
869107,0
869108,0
869109,0
869110,0
869111,0
869112,0
869113,0
869114,0
869115,0
869116,0
869117,0
869118,0
869119,0
869120,0
869121,0
869122,0
869123,0
869124,0
869125,0
869126,0
869127,0
869128,0
869129,0
869130,0
869131,0
869132,0
869133,0
869134,0
869135,0
869136,0
869137,0
869138,0
869139,0
869140,0
869141,0
869142,0
869143,0
869144,0
869145,0
869146,0
869147,0
869148,0
869149,0
869150,0
869151,0
869152,0
869153,0
869154,0
869155,0
869156,0
869157,0
869158,0
869159,0
869160,0
869161,0
869162,0
869163,0
869164,0
869165,0
869166,1
869167,0
869168,0
869169,0
869170,0
869171,0
869172,0
869173,0
869174,0
869175,0
869176,0
869177,0
869178,0
869179,0
869180,0
869181,0
869182,0
869183,0
869184,0
869185,0
869186,0
869187,0
869188,0
869189,0
869190,0
869191,0
869192,0
869193,0
869194,0
869195,0
869196,0
869197,0
869198,0
869199,0
869200,0
869201,0
869202,0
869203,0
869204,0
869205,0
869206,0
869207,0
869208,0
869209,0
869210,0
869211,0
869212,0
869213,1
869214,0
869215,0
869216,0
869217,0
869218,0
869219,0
869220,0
869221,0
869222,0
869223,0
869224,0
869225,0
869226,0
869227,0
869228,0
869229,0
869230,0
869231,0
869232,0
869233,0
869234,0
869235,0
869236,0
869237,0
869238,0
869239,0
869240,0
869241,0
869242,0
869243,0
869244,0
869245,0
869246,0
869247,0
869248,0
869249,0
869250,0
869251,0
869252,0
869253,0
869254,0
869255,0
869256,0
869257,0
869258,0
869259,0
869260,0
869261,0
869262,0
869263,1
869264,0
869265,0
869266,0
869267,0
869268,0
869269,0
869270,0
869271,0
869272,0
869273,0
869274,0
869275,0
869276,0
869277,0
869278,0
869279,0
869280,0
869281,0
869282,0
869283,0
869284,0
869285,0
869286,0
869287,0
869288,0
869289,0
869290,0
869291,2
869292,0
869293,0
869294,0
869295,0
869296,0
869297,0
869298,10
869299,0
869300,0
869301,11
869302,5
869303,0
869304,0
869305,0
869306,0
869307,0
869308,0
869309,4
869310,0
869311,0
869312,5
869313,0
869314,0
869315,0
869316,12
869317,0
869318,13
869319,0
869320,0
869321,8
869322,4
869323,0
869324,0
869325,0
869326,0
869327,0
869328,4
869329,0
869330,0
869331,5
869332,4
869333,0
869334,0
869335,7
869336,0
869337,0
869338,9
869339,0
869340,0
869341,0
869342,0
869343,0
869344,8
869345,0
869346,0
869347,0
869348,0
869349,0
869350,0
869351,0
869352,0
869353,0
869354,0
869355,0
869356,0
869357,0
869358,0
869359,4
869360,0
869361,0
869362,0
869363,7
869364,5
869365,0
869366,12
869367,0
869368,0
869369,0
869370,0
869371,0
869372,0
869373,5
869374,6
869375,0
869376,0
869377,0
869378,0
869379,0
869380,0
869381,7
869382,0
869383,0
869384,5
869385,0
869386,0
869387,0
869388,10
869389,0
869390,6
869391,0
869392,10
869393,0
869394,0
869395,0
869396,0
869397,0
869398,0
869399,0
869400,0
869401,8
869402,0
869403,10
869404,0
869405,0
869406,0
869407,0
869408,9
869409,5
869410,0
869411,0
869412,0
869413,0
869414,0
869415,0
869416,0
869417,0
869418,0
869419,5
869420,0
869421,0
869422,0
869423,0
869424,0
869425,9
869426,0
869427,0
869428,0
869429,0
869430,0
869431,9
869432,0
869433,0
869434,0
869435,0
869436,0
869437,0
869438,0
869439,0
869440,12
869441,0
869442,12
869443,0
869444,0
869445,0
869446,0
869447,0
869448,0
869449,0
869450,0
869451,0
869452,8
869453,9
869454,0
869455,0
869456,11
869457,0
869458,0
869459,0
869460,0
869461,0
869462,0
869463,0
869464,0
869465,0
869466,7
869467,8
869468,0
869469,6
869470,0
869471,0
869472,0
869473,0
869474,0
869475,0
869476,0
869477,0
869478,0
869479,0
869480,0
869481,0
869482,0
869483,0
869484,0
869485,0
869486,0
869487,0
869488,6
869489,3
869490,0
869491,0
869492,0
869493,0
869494,3
869495,0
869496,0
869497,0
869498,0
869499,0
869500,0
869501,0
869502,0
869503,0
869504,0
869505,0
869506,0
869507,0
869508,0
869509,14
869510,0
869511,0
869512,0
869513,0
869514,0
869515,0
869516,9
869517,0
869518,0
869519,0
869520,6
869521,0
869522,0
869523,0
869524,0
869525,0
869526,0
869527,7
869528,0
869529,0
869530,0
869531,0
869532,0
869533,0
869534,0
869535,0
869536,0
869537,11
869538,0
869539,0
869540,0
869541,0
869542,0
869543,3
869544,0
869545,0
869546,10
869547,0
869548,15
869549,9
869550,0
869551,14
869552,0
869553,0
869554,0
869555,0
869556,5
869557,0
869558,6
869559,0
869560,0
869561,0
869562,0
869563,5
869564,0
869565,0
869566,0
869567,0
869568,0
869569,0
869570,6
869571,0
869572,0
869573,0
869574,5
869575,6
869576,0
869577,0
869578,0
869579,8
869580,0
869581,0
869582,0
869583,0
869584,0
869585,0
869586,0
869587,0
869588,0
869589,0
869590,0
869591,0
869592,0
869593,0
869594,0
869595,0
869596,0
869597,0
869598,4
869599,0
869600,0
869601,0
869602,11
869603,0
869604,0
869605,0
869606,0
869607,9
869608,0
869609,10
869610,0
869611,0
869612,11
869613,0
869614,11
869615,0
869616,3
869617,0
869618,0
869619,0
869620,4
869621,4
869622,0
869623,0
869624,0
869625,0
869626,0
869627,0
869628,0
869629,0
869630,16
869631,0
869632,0
869633,0
869634,9
869635,0
869636,0
869637,0
869638,0
869639,6
869640,0
869641,2
869642,0
869643,0
869644,0
869645,9
869646,0
869647,0
869648,0
869649,5
869650,5
869651,0
869652,0
869653,7
869654,4
869655,0
869656,0
869657,0
869658,0
869659,0
869660,0
869661,0
869662,0
869663,0
869664,0
869665,0
869666,0
869667,0
869668,0
869669,0
869670,0
869671,11
869672,0
869673,0
869674,0
869675,8
869676,0
869677,0
869678,0
869679,0
869680,14
869681,7
869682,0
869683,7
869684,0
869685,4
869686,0
869687,0
869688,0
869689,0
869690,0
869691,5
869692,0
869693,0
869694,0
869695,0
869696,0
869697,0
869698,0
869699,0
869700,0
869701,9
869702,0
869703,0
869704,0
869705,0
869706,0
869707,0
869708,0
869709,7
869710,0
869711,0
869712,0
869713,0
869714,0
869715,0
869716,0
869717,0
869718,0
869719,8
869720,0
869721,0
869722,0
869723,0
869724,7
869725,12
869726,9
869727,0
869728,0
869729,0
869730,0
869731,0
869732,0
869733,0
869734,0
869735,0
869736,0
869737,0
869738,0
869739,10
869740,0
869741,0
869742,0
869743,0
869744,12
869745,0
869746,0
869747,0
869748,0
869749,7
869750,0
869751,0
869752,0
869753,0
869754,2
869755,0
869756,0
869757,0
869758,0
869759,0
869760,0
869761,0
869762,0
869763,0
869764,0
869765,0
869766,0
869767,0
869768,0
869769,0
869770,0
869771,0
869772,0
869773,0
869774,0
869775,0
869776,0
869777,0
869778,0
869779,13
869780,0
869781,0
869782,0
869783,0
869784,0
869785,0
869786,0
869787,0
869788,0
869789,0
869790,0
869791,8
869792,0
869793,0
869794,0
869795,0
869796,0
869797,0
869798,5
869799,5
869800,0
869801,0
869802,0
869803,0
869804,0
869805,0
869806,6
869807,0
869808,7
869809,0
869810,0
869811,0
869812,0
869813,0
869814,3
869815,0
869816,4
869817,0
869818,0
869819,6
869820,0
869821,0
869822,0
869823,11
869824,10
869825,0
869826,5
869827,0
869828,5
869829,1
869830,6
869831,6
869832,0
869833,0
869834,0
869835,0
869836,0
869837,0
869838,0
869839,0
869840,0
869841,7
869842,0
869843,5
869844,0
869845,0
869846,0
869847,0
869848,4
869849,5
869850,0
869851,0
869852,5
869853,9
869854,0
869855,0
869856,0
869857,6
869858,6
869859,0
869860,2
869861,0
869862,0
869863,7
869864,0
869865,0
869866,0
869867,0
869868,0
869869,0
869870,0
869871,0
869872,0
869873,0
869874,7
869875,0
869876,12
869877,0
869878,0
869879,0
869880,0
869881,6
869882,6
869883,7
869884,2
869885,6
869886,0
869887,0
869888,9
869889,0
869890,6
869891,0
869892,0
869893,0
869894,11
869895,4
869896,6
869897,0
869898,0
869899,0
869900,0
869901,0
869902,7
869903,0
869904,0
869905,0
869906,0
869907,0
869908,0
869909,7
869910,0
869911,0
869912,0
869913,3
869914,5
869915,0
869916,0
869917,0
869918,0
869919,0
869920,0
869921,0
869922,0
869923,0
869924,1
869925,0
869926,0
869927,0
869928,0
869929,0
869930,0
869931,0
869932,0
869933,0
869934,0
869935,0
869936,0
869937,0
869938,0
869939,0
869940,0
869941,0
869942,0
869943,8
869944,8
869945,0
869946,0
869947,0
869948,0
869949,0
869950,7
869951,0
869952,5
869953,0
869954,0
869955,0
869956,0
869957,0
869958,0
869959,0
869960,0
869961,0
869962,0
869963,7
869964,0
869965,0
869966,5
869967,0
869968,5
869969,0
869970,6
869971,7
869972,0
869973,0
869974,0
869975,0
869976,0
869977,0
869978,0
869979,0
869980,0
869981,0
869982,0
869983,12
869984,0
869985,0
869986,12
869987,9
869988,0
869989,0
869990,0
869991,0
869992,0
869993,0
869994,0
869995,0
869996,0
869997,0
869998,0
869999,0
870000,0
870001,8
870002,3
870003,0
870004,0
870005,0
870006,0
870007,0
870008,0
870009,0
870010,0
870011,5
870012,0
870013,0
870014,0
870015,0
870016,0
870017,8
870018,0
870019,0
870020,0
870021,0
870022,6
870023,0
870024,0
870025,6
870026,0
870027,0
870028,0
870029,0
870030,0
870031,7
870032,0
870033,0
870034,0
870035,0
870036,0
870037,8
870038,0
870039,3
870040,0
870041,0
870042,14
870043,0
870044,0
870045,0
870046,0
870047,3
870048,0
870049,0
870050,0
870051,5
870052,0
870053,7
870054,0
870055,0
870056,0
870057,0
870058,0
870059,0
870060,0
870061,0
870062,0
870063,0
870064,6
870065,0
870066,8
870067,0
870068,0
870069,0
870070,0
870071,0
870072,9
870073,0
870074,12
870075,0
870076,6
870077,0
870078,5
870079,0
870080,0
870081,0
870082,0
870083,0
870084,0
870085,0
870086,0
870087,3
870088,0
870089,13
870090,0
870091,6
870092,0
870093,0
870094,0
870095,0
870096,0
870097,0
870098,8
870099,0
870100,0
870101,0
870102,0
870103,0
870104,0
870105,0
870106,6
870107,11
870108,0
870109,0
870110,0
870111,0
870112,7
870113,0
870114,0
870115,0
870116,0
870117,0
870118,0
870119,0
870120,0
870121,7
870122,0
870123,0
870124,0
870125,5
870126,0
870127,4
870128,0
870129,8
870130,4
870131,10
870132,6
870133,0
870134,4
870135,0
870136,0
870137,0
870138,0
870139,0
870140,0
870141,0
870142,0
870143,0
870144,0
870145,8
870146,0
870147,8
870148,0
870149,7
870150,0
870151,0
870152,0
870153,9
870154,0
870155,0
870156,0
870157,0
870158,5
870159,7
870160,0
870161,0
870162,0
870163,0
870164,0
870165,11
870166,0
870167,0
870168,0
870169,0
870170,0
870171,5
870172,4
870173,0
870174,8
870175,0
870176,0
870177,0
870178,0
870179,0
870180,0
870181,0
870182,0
870183,0
870184,0
870185,0
870186,0
870187,5
870188,7
870189,0
870190,0
870191,0
870192,5
870193,0
870194,0
870195,11
870196,6
870197,0
870198,2
870199,0
870200,10
870201,3
870202,0
870203,0
870204,0
870205,6
870206,0
870207,0
870208,0
870209,4
870210,0
870211,0
870212,0
870213,8
870214,0
870215,0
870216,0
870217,0
870218,0
870219,0
870220,0
870221,0
870222,0
870223,9
870224,0
870225,0
870226,0
870227,0
870228,0
870229,0
870230,0
870231,0
870232,5
870233,0
870234,0
870235,0
870236,0
870237,0
870238,0
870239,0
870240,0
870241,14
870242,5
870243,0
870244,0
870245,0
870246,0
870247,0
870248,0
870249,0
870250,0
870251,8
870252,0
870253,0
870254,0
870255,8
870256,0
870257,0
870258,0
870259,2
870260,0
870261,0
870262,0
870263,0
870264,11
870265,0
870266,5
870267,0
870268,0
870269,0
870270,0
870271,12
870272,0
870273,8
870274,16
870275,11
870276,0
870277,0
870278,0
870279,10
870280,0
870281,0
870282,0
870283,0
870284,0
870285,0
870286,0
870287,0
870288,0
870289,0
870290,0
870291,0
870292,0
870293,28
870294,0
870295,0
870296,0
870297,0
870298,0
870299,0
870300,28
870301,27
870302,0
870303,0
870304,0
870305,0
870306,0
870307,0
870308,0
870309,0
870310,0
870311,0
870312,0
870313,0
870314,0
870315,0
870316,0
870317,0
870318,0
870319,30
870320,0
870321,41
870322,0
870323,0
870324,26
870325,0
870326,0
870327,0
870328,0
870329,0
870330,17
870331,0
870332,0
870333,0
870334,0
870335,0
870336,0
870337,0
870338,45
870339,46
870340,0
870341,0
870342,0
870343,0
870344,0
870345,27
870346,0
870347,0
870348,0
870349,19
870350,0
870351,0
870352,0
870353,0
870354,0
870355,0
870356,0
870357,57
870358,0
870359,0
870360,38
870361,0
870362,0
870363,0
870364,0
870365,0
870366,0
870367,0
870368,0
870369,0
870370,0
870371,0
870372,0
870373,0
870374,0
870375,0
870376,0
870377,52
870378,0
870379,0
870380,0
870381,0
870382,0
870383,0
870384,0
870385,0
870386,0
870387,0
870388,0
870389,0
870390,0
870391,0
870392,0
870393,40
870394,0
870395,0
870396,0
870397,0
870398,0
870399,0
870400,0
870401,33
870402,0
870403,0
870404,0
870405,0
870406,26
870407,0
870408,0
870409,0
870410,31
870411,0
870412,0
870413,0
870414,0
870415,0
870416,0
870417,0
870418,0
870419,0
870420,0
870421,0
870422,0
870423,0
870424,0
870425,0
870426,0
870427,0
870428,0
870429,0
870430,0
870431,0
870432,24
870433,0
870434,0
870435,0
870436,0
870437,0
870438,0
870439,0
870440,0
870441,0
870442,0
870443,0
870444,0
870445,0
870446,0
870447,0
870448,0
870449,0
870450,0
870451,0
870452,0
870453,0
870454,0
870455,37
870456,0
870457,0
870458,0
870459,0
870460,0
870461,0
870462,0
870463,0
870464,0
870465,0
870466,0
870467,0
870468,0
870469,0
870470,0
870471,0
870472,0
870473,0
870474,0
870475,0
870476,0
870477,0
870478,0
870479,0
870480,0
870481,0
870482,0
870483,0
870484,33
870485,0
870486,0
870487,0
870488,0
870489,0
870490,0
870491,0
870492,0
870493,0
870494,0
870495,0
870496,0
870497,0
870498,0
870499,0
870500,0
870501,0
870502,0
870503,0
870504,0
870505,0
870506,0
870507,0
870508,0
870509,0
870510,0
870511,0
870512,0
870513,0
870514,0
870515,0
870516,0
870517,0
870518,0
870519,0
870520,37
870521,0
870522,0
870523,0
870524,0
870525,0
870526,20
870527,0
870528,0
870529,0
870530,0
870531,0
870532,0
870533,0
870534,0
870535,0
870536,0
870537,0
870538,0
870539,0
870540,0
870541,0
870542,0
870543,0
870544,0
870545,0
870546,0
870547,0
870548,0
870549,0
870550,0
870551,0
870552,0
870553,0
870554,22
870555,0
870556,0
870557,0
870558,32
870559,0
870560,0
870561,0
870562,0
870563,0
870564,0
870565,0
870566,28
870567,0
870568,0
870569,25
870570,0
870571,0
870572,0
870573,0
870574,0
870575,0
870576,29
870577,0
870578,0
870579,0
870580,0
870581,0
870582,0
870583,0
870584,0
870585,0
870586,0
870587,44
870588,0
870589,0
870590,0
870591,0
870592,0
870593,0
870594,0
870595,0
870596,42
870597,0
870598,0
870599,0
870600,0
870601,0
870602,0
870603,0
870604,0
870605,0
870606,0
870607,0
870608,0
870609,0
870610,0
870611,0
870612,0
870613,0
870614,31
870615,0
870616,0
870617,0
870618,0
870619,22
870620,24
870621,0
870622,0
870623,0
870624,22
870625,0
870626,0
870627,0
870628,34
870629,0
870630,0
870631,0
870632,0
870633,0
870634,0
870635,0
870636,0
870637,0
870638,0
870639,30
870640,0
870641,0
870642,0
870643,0
870644,0
870645,27
870646,0
870647,0
870648,0
870649,0
870650,0
870651,0
870652,0
870653,0
870654,0
870655,0
870656,0
870657,0
870658,0
870659,0
870660,36
870661,0
870662,0
870663,0
870664,0
870665,0
870666,0
870667,0
870668,0
870669,0
870670,0
870671,0
870672,0
870673,0
870674,0
870675,0
870676,0
870677,0
870678,0
870679,0
870680,0
870681,0
870682,0
870683,0
870684,0
870685,0
870686,0
870687,0
870688,0
870689,0
870690,0
870691,0
870692,0
870693,0
870694,18
870695,0
870696,0
870697,0
870698,0
870699,0
870700,0
870701,0
870702,0
870703,0
870704,15
870705,0
870706,0
870707,0
870708,0
870709,0
870710,0
870711,0
870712,0
870713,0
870714,0
870715,0
870716,0
870717,0
870718,0
870719,16
870720,0
870721,0
870722,0
870723,29
870724,0
870725,0
870726,0
870727,32
870728,0
870729,0
870730,0
870731,0
870732,0
870733,28
870734,0
870735,0
870736,0
870737,0
870738,0
870739,0
870740,0
870741,0
870742,0
870743,17
870744,0
870745,0
870746,31
870747,0
870748,0
870749,0
870750,0
870751,0
870752,0
870753,0
870754,0
870755,0
870756,0
870757,0
870758,0
870759,0
870760,0
870761,0
870762,22
870763,0
870764,0
870765,0
870766,0
870767,0
870768,0
870769,0
870770,0
870771,0
870772,23
870773,0
870774,0
870775,0
870776,0
870777,0
870778,0
870779,0
870780,0
870781,0
870782,0
870783,0
870784,0
870785,0
870786,0
870787,0
870788,0
870789,0
870790,0
870791,0
870792,16
870793,0
870794,0
870795,0
870796,0
870797,0
870798,0
870799,0
870800,0
870801,0
870802,0
870803,0
870804,0
870805,0
870806,0
870807,0
870808,16
870809,0
870810,0
870811,0
870812,0
870813,0
870814,0
870815,0
870816,22
870817,0
870818,0
870819,0
870820,27
870821,0
870822,0
870823,0
870824,0
870825,0
870826,0
870827,0
870828,0
870829,0
870830,0
870831,0
870832,22
870833,0
870834,0
870835,25
870836,0
870837,0
870838,0
870839,0
870840,0
870841,0
870842,0
870843,0
870844,0
870845,0
870846,0
870847,0
870848,0
870849,0
870850,0
870851,0
870852,0
870853,0
870854,34
870855,0
870856,0
870857,0
870858,0
870859,0
870860,25
870861,0
870862,0
870863,0
870864,0
870865,0
870866,0
870867,0
870868,36
870869,0
870870,0
870871,0
870872,0
870873,0
870874,0
870875,0
870876,0
870877,0
870878,0
870879,0
870880,25
870881,24
870882,0
870883,0
870884,0
870885,49
870886,0
870887,0
870888,0
870889,0
870890,0
870891,0
870892,0
870893,0
870894,0
870895,0
870896,0
870897,0
870898,0
870899,0
870900,28
870901,0
870902,0
870903,0
870904,0
870905,0
870906,0
870907,0
870908,0
870909,0
870910,0
870911,0
870912,0
870913,0
870914,0
870915,0
870916,0
870917,0
870918,0
870919,0
870920,31
870921,0
870922,0
870923,0
870924,0
870925,25
870926,0
870927,0
870928,0
870929,0
870930,0
870931,0
870932,0
870933,0
870934,0
870935,0
870936,32
870937,0
870938,0
870939,33
870940,0
870941,0
870942,0
870943,0
870944,0
870945,0
870946,0
870947,0
870948,0
870949,0
870950,0
870951,0
870952,0
870953,0
870954,0
870955,0
870956,0
870957,0
870958,0
870959,30
870960,0
870961,0
870962,0
870963,0
870964,0
870965,0
870966,0
870967,0
870968,21
870969,18
870970,0
870971,0
870972,0
870973,0
870974,0
870975,0
870976,0
870977,0
870978,0
870979,0
870980,0
870981,0
870982,0
870983,0
870984,0
870985,0
870986,0
870987,0
870988,0
870989,19
870990,0
870991,0
870992,0
870993,0
870994,0
870995,0
870996,0
870997,0
870998,0
870999,0
871000,0
871001,0
871002,19
871003,0
871004,0
871005,0
871006,0
871007,0
871008,0
871009,0
871010,0
871011,0
871012,0
871013,0
871014,0
871015,35
871016,0
871017,0
871018,0
871019,0
871020,17
871021,0
871022,24
871023,0
871024,0
871025,0
871026,0
871027,0
871028,0
871029,0
871030,0
871031,25
871032,0
871033,0
871034,0
871035,0
871036,0
871037,48
871038,0
871039,0
871040,0
871041,0
871042,0
871043,0
871044,0
871045,0
871046,0
871047,0
871048,0
871049,0
871050,17
871051,0
871052,0
871053,0
871054,0
871055,0
871056,0
871057,0
871058,0
871059,0
871060,0
871061,0
871062,0
871063,0
871064,0
871065,0
871066,0
871067,0
871068,0
871069,0
871070,0
871071,0
871072,0
871073,0
871074,0
871075,0
871076,0
871077,0
871078,0
871079,21
871080,0
871081,0
871082,0
871083,0
871084,0
871085,0
871086,26
871087,0
871088,0
871089,0
871090,0
871091,0
871092,0
871093,14
871094,0
871095,0
871096,0
871097,0
871098,0
871099,0
871100,0
871101,0
871102,0
871103,0
871104,0
871105,0
871106,0
871107,0
871108,0
871109,0
871110,0
871111,0
871112,25
871113,0
871114,0
871115,25
871116,0
871117,0
871118,0
871119,0
871120,0
871121,0
871122,0
871123,0
871124,0
871125,0
871126,0
871127,0
871128,0
871129,0
871130,0
871131,0
871132,0
871133,0
871134,0
871135,0
871136,0
871137,0
871138,30
871139,0
871140,0
871141,0
871142,0
871143,0
871144,0
871145,0
871146,0
871147,0
871148,0
871149,0
871150,0
871151,0
871152,0
871153,0
871154,33
871155,0
871156,0
871157,0
871158,0
871159,0
871160,0
871161,0
871162,0
871163,0
871164,0
871165,0
871166,25
871167,0
871168,0
871169,0
871170,0
871171,0
871172,0
871173,0
871174,0
871175,0
871176,0
871177,0
871178,0
871179,0
871180,0
871181,0
871182,0
871183,0
871184,0
871185,0
871186,21
871187,0
871188,0
871189,0
871190,0
871191,0
871192,0
871193,0
871194,0
871195,0
871196,26
871197,0
871198,0
871199,0
871200,0
871201,0
871202,0
871203,0
871204,0
871205,0
871206,0
871207,0
871208,0
871209,0
871210,0
871211,0
871212,0
871213,0
871214,0
871215,0
871216,0
871217,0
871218,0
871219,35
871220,0
871221,0
871222,0
871223,0
871224,0
871225,0
871226,0
871227,0
871228,0
871229,0
871230,32
871231,0
871232,0
871233,0
871234,36
871235,41
871236,0
871237,0
871238,0
871239,0
871240,0
871241,0
871242,37
871243,0
871244,0
871245,0
871246,0
871247,0
871248,0
871249,39
871250,0
871251,0
871252,0
871253,0
871254,0
871255,0
871256,0
871257,0
871258,0
871259,0
871260,0
871261,23
871262,42
871263,0
871264,44
871265,0
871266,0
871267,0
871268,0
871269,0
871270,0
871271,0
871272,37
871273,0
871274,34
871275,0
871276,0
871277,0
871278,43
871279,0
871280,0
871281,0
871282,0
871283,0
871284,0
871285,0
871286,0
871287,0
871288,0
871289,0
871290,0
871291,44
871292,0
871293,0
871294,0
871295,0
871296,0
871297,50
871298,0
871299,34
871300,0
871301,0
871302,21
871303,0
871304,0
871305,0
871306,0
871307,0
871308,0
871309,0
871310,0
871311,0
871312,0
871313,0
871314,0
871315,36
871316,0
871317,0
871318,0
871319,0
871320,0
871321,0
871322,0
871323,0
871324,0
871325,35
871326,0
871327,30
871328,0
871329,0
871330,38
871331,0
871332,0
871333,0
871334,35
871335,0
871336,0
871337,0
871338,41
871339,0
871340,0
871341,45
871342,51
871343,0
871344,33
871345,0
871346,0
871347,24
871348,0
871349,0
871350,41
871351,0
871352,0
871353,0
871354,0
871355,0
871356,0
871357,0
871358,0
871359,0
871360,0
871361,0
871362,0
871363,31
871364,0
871365,0
871366,38
871367,47
871368,0
871369,41
871370,0
871371,0
871372,0
871373,38
871374,0
871375,0
871376,0
871377,0
871378,0
871379,0
871380,35
871381,0
871382,0
871383,0
871384,0
871385,0
871386,32
871387,0
871388,0
871389,0
871390,40
871391,0
871392,36
871393,0
871394,32
871395,0
871396,0
871397,0
871398,0
871399,0
871400,0
871401,0
871402,0
871403,0
871404,0
871405,0
871406,0
871407,0
871408,0
871409,36
871410,0
871411,0
871412,0
871413,0
871414,0
871415,37
871416,30
871417,0
871418,0
871419,0
871420,0
871421,27
871422,42
871423,0
871424,0
871425,28
871426,0
871427,32
871428,32
871429,0
871430,0
871431,30
871432,0
871433,26
871434,0
871435,0
871436,0
871437,0
871438,32
871439,0
871440,0
871441,0
871442,54
871443,32
871444,0
871445,0
871446,0
871447,29
871448,0
871449,0
871450,0
871451,38
871452,0
871453,0
871454,42
871455,33
871456,0
871457,45
871458,38
871459,0
871460,0
871461,0
871462,59
871463,39
871464,0
871465,0
871466,0
871467,0
871468,0
871469,0
871470,0
871471,0
871472,0
871473,0
871474,0
871475,0
871476,34
871477,0
871478,0
871479,52
871480,0
871481,29
871482,0
871483,0
871484,0
871485,0
871486,0
871487,0
871488,0
871489,0
871490,35
871491,0
871492,32
871493,0
871494,0
871495,0
871496,0
871497,0
871498,35
871499,0
871500,0
871501,0
871502,26
871503,0
871504,0
871505,0
871506,0
871507,0
871508,0
871509,0
871510,0
871511,55
871512,30
871513,37
871514,0
871515,0
871516,41
871517,0
871518,46
871519,0
871520,0
871521,39
871522,0
871523,0
871524,0
871525,33
871526,28
871527,48
871528,35
871529,0
871530,0
871531,41
871532,0
871533,0
871534,0
871535,0
871536,0
871537,43
871538,0
871539,0
871540,0
871541,0
871542,0
871543,0
871544,0
871545,0
871546,0
871547,0
871548,0
871549,0
871550,0
871551,0
871552,0
871553,48
871554,0
871555,0
871556,0
871557,0
871558,0
871559,0
871560,0
871561,0
871562,18
871563,0
871564,36
871565,0
871566,0
871567,38
871568,0
871569,0
871570,0
871571,0
871572,0
871573,0
871574,37
871575,0
871576,0
871577,0
871578,0
871579,0
871580,0
871581,0
871582,0
871583,0
871584,0
871585,36
871586,0
871587,0
871588,0
871589,40
871590,0
871591,0
871592,0
871593,0
871594,35
871595,0
871596,35
871597,38
871598,0
871599,40
871600,0
871601,39
871602,0
871603,39
871604,0
871605,0
871606,0
871607,0
871608,0
871609,43
871610,0
871611,0
871612,0
871613,37
871614,48
871615,0
871616,0
871617,39
871618,22
871619,0
871620,0
871621,47
871622,0
871623,24
871624,0
871625,0
871626,0
871627,0
871628,0
871629,0
871630,0
871631,0
871632,44
871633,25
871634,0
871635,0
871636,0
871637,32
871638,33
871639,0
871640,0
871641,0
871642,0
871643,30
871644,0
871645,0
871646,0
871647,29
871648,0
871649,41
871650,0
871651,32
871652,0
871653,0
871654,0
871655,44
871656,0
871657,0
871658,46
871659,40
871660,0
871661,0
871662,49
871663,0
871664,0
871665,0
871666,0
871667,0
871668,0
871669,0
871670,0
871671,32
871672,34
871673,37
871674,0
871675,0
871676,0
871677,0
871678,0
871679,35
871680,0
871681,0
871682,0
871683,0
871684,0
871685,0
871686,31
871687,0
871688,0
871689,0
871690,49
871691,0
871692,0
871693,0
871694,0
871695,0
871696,0
871697,0
871698,0
871699,0
871700,0
871701,0
871702,0
871703,0
871704,0
871705,34
871706,30
871707,0
871708,0
871709,0
871710,0
871711,0
871712,0
871713,0
871714,41
871715,37
871716,32
871717,0
871718,0
871719,40
871720,0
871721,0
871722,0
871723,39
871724,0
871725,0
871726,0
871727,44
871728,0
871729,0
871730,0
871731,0
871732,45
871733,0
871734,0
871735,50
871736,0
871737,0
871738,0
871739,0
871740,0
871741,0
871742,0
871743,34
871744,0
871745,0
871746,29
871747,35
871748,0
871749,0
871750,34
871751,36
871752,34
871753,0
871754,0
871755,0
871756,0
871757,0
871758,0
871759,39
871760,0
871761,44
871762,38
871763,0
871764,0
871765,0
871766,0
871767,42
871768,0
871769,0
871770,0
871771,0
871772,0
871773,0
871774,0
871775,0
871776,0
871777,0
871778,0
871779,0
871780,0
871781,36
871782,0
871783,55
871784,0
871785,0
871786,0
871787,0
871788,0
871789,41
871790,0
871791,0
871792,0
871793,0
871794,0
871795,33
871796,0
871797,0
871798,0
871799,0
871800,0
871801,0
871802,0
871803,45
871804,33
871805,28
871806,0
871807,0
871808,0
871809,0
871810,0
871811,0
871812,0
871813,33
871814,0
871815,0
871816,0
871817,0
871818,0
871819,0
871820,0
871821,0
871822,0
871823,45
871824,0
871825,0
871826,0
871827,30
871828,0
871829,0
871830,0
871831,39
871832,0
871833,0
871834,0
871835,0
871836,0
871837,40
871838,0
871839,19
871840,0
871841,31
871842,44
871843,0
871844,0
871845,0
871846,0
871847,30
871848,0
871849,0
871850,0
871851,0
871852,54
871853,31
871854,54
871855,0
871856,64
871857,0
871858,0
871859,0
871860,23
871861,0
871862,51
871863,0
871864,0
871865,0
871866,50
871867,34
871868,0
871869,0
871870,0
871871,0
871872,49
871873,0
871874,0
871875,0
871876,0
871877,0
871878,27
871879,36
871880,0
871881,0
871882,0
871883,0
871884,0
871885,0
871886,0
871887,37
871888,0
871889,0
871890,0
871891,0
871892,24
871893,0
871894,47
871895,0
871896,0
871897,0
871898,0
871899,38
871900,0
871901,0
871902,0
871903,0
871904,0
871905,0
871906,40
871907,0
871908,46
871909,0
871910,39
871911,40
871912,0
871913,0
871914,0
871915,0
871916,0
871917,0
871918,0
871919,0
871920,0
871921,0
871922,0
871923,0
871924,40
871925,0
871926,0
871927,0
871928,0
871929,34
871930,0
871931,42
871932,0
871933,45
871934,0
871935,0
871936,0
871937,0
871938,38
871939,0
871940,0
871941,0
871942,0
871943,0
871944,0
871945,0
871946,0
871947,0
871948,0
871949,0
871950,0
871951,0
871952,0
871953,0
871954,0
871955,28
871956,0
871957,0
871958,0
871959,0
871960,0
871961,0
871962,0
871963,51
871964,0
871965,44
871966,0
871967,39
871968,0
871969,0
871970,45
871971,0
871972,54
871973,0
871974,0
871975,0
871976,0
871977,36
871978,0
871979,0
871980,0
871981,0
871982,0
871983,0
871984,0
871985,0
871986,0
871987,0
871988,0
871989,0
871990,0
871991,0
871992,0
871993,0
871994,0
871995,37
871996,0
871997,57
871998,0
871999,0
872000,0
872001,42
872002,0
872003,0
872004,35
872005,0
872006,0
872007,0
872008,0
872009,0
872010,32
872011,0
872012,0
872013,0
872014,0
872015,0
872016,0
872017,0
872018,0
872019,35
872020,0
872021,33
872022,0
872023,50
872024,0
872025,46
872026,0
872027,24
872028,0
872029,0
872030,0
872031,0
872032,0
872033,30
872034,0
872035,0
872036,0
872037,0
872038,44
872039,0
872040,35
872041,0
872042,50
872043,0
872044,0
872045,0
872046,0
872047,0
872048,37
872049,0
872050,0
872051,26
872052,0
872053,0
872054,0
872055,0
872056,0
872057,0
872058,36
872059,0
872060,0
872061,45
872062,0
872063,32
872064,0
872065,0
872066,37
872067,0
872068,0
872069,0
872070,0
872071,0
872072,0
872073,0
872074,19
872075,0
872076,38
872077,52
872078,0
872079,0
872080,37
872081,0
872082,0
872083,0
872084,0
872085,0
872086,42
872087,0
872088,0
872089,0
872090,0
872091,0
872092,27
872093,0
872094,0
872095,0
872096,0
872097,0
872098,0
872099,0
872100,34
872101,51
872102,0
872103,0
872104,0
872105,0
872106,0
872107,39
872108,0
872109,33
872110,0
872111,0
872112,0
872113,0
872114,43
872115,0
872116,0
872117,0
872118,0
872119,32
872120,0
872121,0
872122,0
872123,0
872124,0
872125,0
872126,0
872127,0
872128,31
872129,46
872130,0
872131,0
872132,0
872133,0
872134,0
872135,0
872136,0
872137,0
872138,0
872139,0
872140,36
872141,0
872142,34
872143,0
872144,0
872145,0
872146,41
872147,40
872148,0
872149,43
872150,0
872151,0
872152,42
872153,0
872154,0
872155,0
872156,0
872157,0
872158,0
872159,0
872160,32
872161,0
872162,21
872163,0
872164,0
872165,26
872166,0
872167,0
872168,0
872169,0
872170,0
872171,0
872172,0
872173,0
872174,0
872175,0
872176,27
872177,33
872178,0
872179,42
872180,36
872181,0
872182,0
872183,0
872184,0
872185,0
872186,0
872187,0
872188,0
872189,0
872190,34
872191,0
872192,26
872193,0
872194,34
872195,0
872196,0
872197,26
872198,0
872199,0
872200,0
872201,0
872202,0
872203,0
872204,0
872205,40
872206,35
872207,0
872208,0
872209,0
872210,49
872211,48
872212,0
872213,0
872214,0
872215,32
872216,39
872217,0
872218,0
872219,0
872220,24
872221,0
872222,0
872223,0
872224,0
872225,0
872226,0
872227,43
872228,41
872229,0
872230,46
872231,0
872232,42
872233,57
872234,0
872235,0
872236,0
872237,51
872238,0
872239,0
872240,23
872241,0
872242,0
872243,0
872244,26
872245,36
872246,0
872247,0
872248,0
872249,0
872250,61
872251,0
872252,37
872253,0
872254,0
872255,25
872256,35
872257,0
872258,0
872259,0
872260,40
872261,0
872262,41
872263,28
872264,0
872265,45
872266,0
872267,0
872268,0
872269,0
872270,0
872271,0
872272,45
872273,0
872274,0
872275,0
872276,0
872277,53
872278,0
872279,0
872280,0
872281,0
872282,0
872283,0
872284,0
872285,0
872286,0
872287,0
872288,0
872289,0
872290,0
872291,0
872292,44
872293,0
872294,0
872295,32
872296,0
872297,0
872298,0
872299,0
872300,37
872301,0
872302,0
872303,43
872304,0
872305,0
872306,35
872307,0
872308,0
872309,0
872310,0
872311,0
872312,0
872313,0
872314,0
872315,0
872316,30
872317,0
872318,40
872319,0
872320,0
872321,0
872322,0
872323,0
872324,0
872325,0
872326,0
872327,0
872328,0
872329,0
872330,37
872331,39
872332,0
872333,0
872334,0
872335,0
872336,0
872337,37
872338,19
872339,0
872340,0
872341,0
872342,31
872343,0
872344,0
872345,0
872346,0
872347,0
872348,28
872349,0
872350,0
872351,0
872352,45
872353,37
872354,0
872355,0
872356,47
872357,0
872358,0
872359,0
872360,0
872361,0
872362,0
872363,0
872364,0
872365,25
872366,0
872367,40
872368,30
872369,0
872370,0
872371,0
872372,0
872373,0
872374,31
872375,0
872376,43
872377,0
872378,0
872379,0
872380,0
872381,0
872382,0
872383,0
872384,43
872385,0
872386,31
872387,0
872388,48
872389,0
872390,37
872391,0
872392,0
872393,0
872394,0
872395,0
872396,0
872397,0
872398,0
872399,0
872400,0
872401,39
872402,0
872403,0
872404,0
872405,0
872406,0
872407,0
872408,0
872409,0
872410,0
872411,47
872412,33
872413,0
872414,0
872415,0
872416,0
872417,0
872418,0
872419,0
872420,0
872421,29
872422,0
872423,0
872424,0
872425,37
872426,0
872427,0
872428,0
872429,44
872430,38
872431,32
872432,0
872433,0
872434,0
872435,0
872436,35
872437,0
872438,19
872439,0
872440,37
872441,45
872442,0
872443,26
872444,0
872445,45
872446,35
872447,30
872448,33
872449,37
872450,0
872451,0
872452,0
872453,36
872454,0
872455,0
872456,29
872457,55
872458,48
872459,0
872460,0
872461,0
872462,24
872463,42
872464,58
872465,18
872466,0
872467,0
872468,0
872469,0
872470,0
872471,37
872472,0
872473,0
872474,46
872475,0
872476,32
872477,0
872478,29
872479,35
872480,0
872481,0
872482,0
872483,0
872484,0
872485,0
872486,45
872487,0
872488,0
872489,0
872490,38
872491,0
872492,58
872493,0
872494,35
872495,0
872496,0
872497,32
872498,0
872499,34
872500,33
872501,28
872502,27
872503,0
872504,0
872505,0
872506,0
872507,27
872508,0
872509,42
872510,0
872511,0
872512,0
872513,0
872514,51
872515,34
872516,0
872517,0
872518,0
872519,0
872520,0
872521,0
872522,0
872523,29
872524,44
872525,28
872526,0
872527,30
872528,43
872529,31
872530,0
872531,24
872532,0
872533,0
872534,47
872535,0
872536,0
872537,29
872538,0
872539,0
872540,0
872541,0
872542,0
872543,0
872544,0
872545,41
872546,0
872547,0
872548,0
872549,36
872550,0
872551,0
872552,31
872553,24
872554,0
872555,23
872556,0
872557,0
872558,44
872559,36
872560,0
872561,0
872562,47
872563,38
872564,0
872565,0
872566,0
872567,51
872568,0
872569,0
872570,0
872571,0
872572,39
872573,0
872574,0
872575,42
872576,0
872577,0
872578,0
872579,0
872580,35
872581,11
872582,0
872583,0
872584,0
872585,39
872586,39
872587,35
872588,40
872589,34
872590,0
872591,0
872592,0
872593,0
872594,0
872595,0
872596,36
872597,0
872598,45
872599,0
872600,0
872601,45
872602,0
872603,41
872604,0
872605,0
872606,0
872607,45
872608,0
872609,41
872610,36
872611,0
872612,0
872613,0
872614,43
872615,39
872616,0
872617,0
872618,0
872619,0
872620,36
872621,24
872622,0
872623,0
872624,0
872625,0
872626,0
872627,0
872628,0
872629,0
872630,0
872631,0
872632,0
872633,0
872634,0
872635,0
872636,50
872637,0
872638,41
872639,0
872640,0
872641,51
872642,0
872643,41
872644,0
872645,34
872646,25
872647,0
872648,26
872649,0
872650,0
872651,0
872652,0
872653,0
872654,0
872655,40
872656,0
872657,0
872658,0
872659,0
872660,0
872661,0
872662,0
872663,0
872664,0
872665,0
872666,0
872667,0
872668,31
872669,0
872670,48
872671,43
872672,0
872673,0
872674,0
872675,0
872676,0
872677,29
872678,48
872679,36
872680,0
872681,0
872682,0
872683,0
872684,0
872685,27
872686,33
872687,0
872688,0
872689,37
872690,0
872691,0
872692,0
872693,0
872694,0
872695,0
872696,0
872697,0
872698,0
872699,0
872700,0
872701,0
872702,0
872703,0
872704,0
872705,20
872706,49
872707,0
872708,0
872709,0
872710,53
872711,23
872712,30
872713,0
872714,0
872715,42
872716,0
872717,29
872718,0
872719,0
872720,0
872721,0
872722,0
872723,26
872724,31
872725,0
872726,0
872727,35
872728,0
872729,0
872730,0
872731,0
872732,0
872733,36
872734,0
872735,53
872736,0
872737,0
872738,22
872739,0
872740,0
872741,0
872742,35
872743,40
872744,32
872745,0
872746,0
872747,43
872748,0
872749,0
872750,0
872751,0
872752,0
872753,0
872754,39
872755,48
872756,0
872757,0
872758,0
872759,0
872760,0
872761,0
872762,0
872763,53
872764,0
872765,0
872766,0
872767,0
872768,0
872769,57
872770,0
872771,0
872772,0
872773,31
872774,50
872775,30
872776,0
872777,0
872778,0
872779,35
872780,0
872781,0
872782,0
872783,0
872784,0
872785,0
872786,0
872787,0
872788,28
872789,28
872790,44
872791,0
872792,45
872793,0
872794,0
872795,0
872796,38
872797,0
872798,0
872799,0
872800,0
872801,0
872802,0
872803,0
872804,0
872805,0
872806,0
872807,0
872808,0
872809,0
872810,0
872811,0
872812,0
872813,0
872814,0
872815,5
872816,0
872817,0
872818,0
872819,0
872820,0
872821,0
872822,0
872823,0
872824,0
872825,8
872826,0
872827,0
872828,0
872829,0
872830,3
872831,0
872832,5
872833,0
872834,0
872835,0
872836,0
872837,0
872838,0
872839,0
872840,0
872841,0
872842,0
872843,8
872844,0
872845,0
872846,0
872847,0
872848,0
872849,0
872850,0
872851,0
872852,0
872853,0
872854,5
872855,0
872856,0
872857,0
872858,0
872859,0
872860,0
872861,0
872862,0
872863,0
872864,0
872865,0
872866,17
872867,0
872868,0
872869,0
872870,0
872871,0
872872,17
872873,0
872874,0
872875,0
872876,0
872877,5
872878,16
872879,0
872880,15
872881,15
872882,0
872883,0
872884,0
872885,9
872886,9
872887,0
872888,0
872889,0
872890,12
872891,0
872892,0
872893,0
872894,0
872895,0
872896,0
872897,0
872898,0
872899,0
872900,0
872901,15
872902,0
872903,9
872904,9
872905,0
872906,0
872907,0
872908,0
872909,0
872910,15
872911,9
872912,14
872913,0
872914,0
872915,0
872916,16
872917,0
872918,0
872919,0
872920,10
872921,0
872922,0
872923,0
872924,0
872925,18
872926,0
872927,14
872928,0
872929,0
872930,0
872931,0
872932,0
872933,0
872934,20
872935,0
872936,0
872937,15
872938,14
872939,0
872940,0
872941,15
872942,0
872943,13
872944,0
872945,0
872946,16
872947,0
872948,0
872949,16
872950,0
872951,12
872952,0
872953,9
872954,0
872955,0
872956,0
872957,0
872958,0
872959,0
872960,13
872961,0
872962,0
872963,0
872964,0
872965,0
872966,11
872967,13
872968,0
872969,0
872970,12
872971,0
872972,0
872973,0
872974,0
872975,0
872976,0
872977,0
872978,14
872979,0
872980,19
872981,0
872982,12
872983,0
872984,17
872985,0
872986,16
872987,0
872988,0
872989,0
872990,12
872991,0
872992,18
872993,0
872994,0
872995,0
872996,0
872997,0
872998,18
872999,12
873000,14
873001,0
873002,0
873003,13
873004,0
873005,0
873006,0
873007,0
873008,0
873009,0
873010,10
873011,0
873012,0
873013,12
873014,0
873015,18
873016,0
873017,0
873018,0
873019,0
873020,0
873021,0
873022,0
873023,0
873024,8
873025,17
873026,0
873027,0
873028,0
873029,7
873030,0
873031,0
873032,0
873033,17
873034,0
873035,0
873036,0
873037,14
873038,0
873039,0
873040,0
873041,21
873042,0
873043,0
873044,0
873045,14
873046,0
873047,0
873048,12
873049,0
873050,0
873051,0
873052,0
873053,0
873054,0
873055,0
873056,0
873057,0
873058,0
873059,0
873060,20
873061,0
873062,23
873063,0
873064,0
873065,9
873066,14
873067,0
873068,0
873069,0
873070,0
873071,0
873072,18
873073,0
873074,0
873075,0
873076,12
873077,16
873078,15
873079,0
873080,0
873081,13
873082,0
873083,0
873084,13
873085,0
873086,0
873087,0
873088,0
873089,0
873090,0
873091,12
873092,0
873093,0
873094,0
873095,0
873096,0
873097,0
873098,9
873099,0
873100,14
873101,0
873102,13
873103,0
873104,0
873105,0
873106,0
873107,0
873108,0
873109,0
873110,0
873111,13
873112,0
873113,17
873114,0
873115,0
873116,9
873117,0
873118,0
873119,0
873120,0
873121,11
873122,0
873123,7
873124,0
873125,0
873126,0
873127,0
873128,0
873129,0
873130,0
873131,0
873132,0
873133,0
873134,0
873135,0
873136,0
873137,0
873138,0
873139,14
873140,0
873141,22
873142,13
873143,0
873144,0
873145,13
873146,0
873147,17
873148,0
873149,0
873150,0
873151,0
873152,15
873153,15
873154,0
873155,0
873156,16
873157,9
873158,0
873159,14
873160,0
873161,0
873162,14
873163,14
873164,0
873165,0
873166,0
873167,0
873168,14
873169,0
873170,0
873171,15
873172,7
873173,10
873174,16
873175,0
873176,0
873177,11
873178,0
873179,0
873180,0
873181,0
873182,0
873183,0
873184,9
873185,16
873186,0
873187,0
873188,21
873189,0
873190,14
873191,0
873192,0
873193,13
873194,10
873195,0
873196,13
873197,22
873198,0
873199,0
873200,0
873201,14
873202,0
873203,0
873204,0
873205,0
873206,13
873207,0
873208,0
873209,0
873210,0
873211,13
873212,14
873213,11
873214,0
873215,0
873216,0
873217,0
873218,0
873219,0
873220,0
873221,16
873222,0
873223,0
873224,0
873225,0
873226,0
873227,0
873228,0
873229,0
873230,0
873231,17
873232,0
873233,0
873234,0
873235,10
873236,23
873237,0
873238,0
873239,0
873240,0
873241,14
873242,0
873243,0
873244,0
873245,0
873246,0
873247,0
873248,0
873249,9
873250,0
873251,0
873252,0
873253,0
873254,10
873255,0
873256,0
873257,0
873258,0
873259,0
873260,15
873261,11
873262,0
873263,19
873264,0
873265,0
873266,0
873267,15
873268,0
873269,10
873270,0
873271,12
873272,13
873273,0
873274,0
873275,0
873276,0
873277,0
873278,0
873279,0
873280,14
873281,0
873282,0
873283,0
873284,0
873285,0
873286,0
873287,17
873288,18
873289,0
873290,19
873291,0
873292,0
873293,0
873294,0
873295,13
873296,15
873297,0
873298,0
873299,0
873300,0
873301,0
873302,0
873303,0
873304,0
873305,0
873306,0
873307,13
873308,0
873309,0
873310,0
873311,0
873312,0
873313,10
873314,8
873315,0
873316,0
873317,0
873318,0
873319,0
873320,0
873321,0
873322,0
873323,0
873324,0
873325,16
873326,21
873327,0
873328,0
873329,3
873330,0
873331,0
873332,0
873333,15
873334,15
873335,0
873336,0
873337,0
873338,0
873339,0
873340,10
873341,0
873342,13
873343,0
873344,0
873345,12
873346,0
873347,0
873348,0
873349,0
873350,19
873351,0
873352,0
873353,0
873354,0
873355,0
873356,0
873357,0
873358,0
873359,0
873360,0
873361,12
873362,0
873363,0
873364,17
873365,0
873366,0
873367,0
873368,17
873369,0
873370,0
873371,13
873372,0
873373,0
873374,0
873375,0
873376,0
873377,0
873378,0
873379,0
873380,0
873381,10
873382,0
873383,0
873384,0
873385,22
873386,0
873387,12
873388,9
873389,0
873390,0
873391,0
873392,13
873393,0
873394,0
873395,0
873396,15
873397,0
873398,0
873399,0
873400,12
873401,21
873402,0
873403,0
873404,0
873405,13
873406,0
873407,0
873408,0
873409,12
873410,0
873411,14
873412,0
873413,22
873414,0
873415,0
873416,0
873417,0
873418,0
873419,13
873420,0
873421,16
873422,12
873423,0
873424,0
873425,0
873426,0
873427,0
873428,0
873429,0
873430,0
873431,0
873432,0
873433,0
873434,0
873435,16
873436,0
873437,0
873438,0
873439,0
873440,14
873441,14
873442,0
873443,16
873444,0
873445,0
873446,10
873447,0
873448,13
873449,0
873450,0
873451,0
873452,0
873453,0
873454,7
873455,0
873456,16
873457,19
873458,0
873459,0
873460,20
873461,13
873462,0
873463,0
873464,0
873465,0
873466,24
873467,28
873468,0
873469,0
873470,0
873471,0
873472,0
873473,0
873474,0
873475,0
873476,0
873477,0
873478,0
873479,0
873480,0
873481,28
873482,0
873483,0
873484,0
873485,0
873486,0
873487,0
873488,0
873489,0
873490,0
873491,0
873492,0
873493,0
873494,0
873495,0
873496,0
873497,0
873498,0
873499,0
873500,0
873501,0
873502,0
873503,0
873504,32
873505,24
873506,26
873507,0
873508,39
873509,0
873510,0
873511,30
873512,0
873513,0
873514,28
873515,0
873516,0
873517,0
873518,0
873519,0
873520,25
873521,0
873522,0
873523,0
873524,0
873525,0
873526,0
873527,0
873528,0
873529,0
873530,45
873531,0
873532,0
873533,0
873534,0
873535,30
873536,0
873537,0
873538,0
873539,0
873540,0
873541,32
873542,0
873543,0
873544,0
873545,0
873546,0
873547,0
873548,0
873549,0
873550,0
873551,0
873552,0
873553,0
873554,0
873555,0
873556,0
873557,0
873558,0
873559,0
873560,48
873561,0
873562,23
873563,0
873564,0
873565,0
873566,0
873567,0
873568,0
873569,0
873570,0
873571,24
873572,40
873573,0
873574,0
873575,26
873576,0
873577,0
873578,0
873579,27
873580,0
873581,0
873582,0
873583,0
873584,0
873585,0
873586,0
873587,0
873588,0
873589,0
873590,0
873591,34
873592,0
873593,32
873594,0
873595,0
873596,0
873597,0
873598,0
873599,0
873600,0
873601,0
873602,0
873603,45
873604,0
873605,0
873606,0
873607,0
873608,0
873609,0
873610,45
873611,0
873612,0
873613,0
873614,0
873615,36
873616,0
873617,0
873618,0
873619,0
873620,0
873621,0
873622,0
873623,0
873624,20
873625,0
873626,0
873627,0
873628,0
873629,0
873630,0
873631,37
873632,0
873633,0
873634,32
873635,0
873636,30
873637,0
873638,0
873639,0
873640,0
873641,0
873642,0
873643,0
873644,0
873645,0
873646,0
873647,0
873648,0
873649,0
873650,0
873651,0
873652,0
873653,0
873654,34
873655,38
873656,0
873657,0
873658,0
873659,0
873660,0
873661,0
873662,0
873663,0
873664,0
873665,0
873666,0
873667,0
873668,0
873669,0
873670,0
873671,0
873672,0
873673,0
873674,0
873675,40
873676,0
873677,0
873678,0
873679,20
873680,0
873681,0
873682,0
873683,0
873684,0
873685,33
873686,0
873687,0
873688,0
873689,0
873690,0
873691,35
873692,0
873693,0
873694,39
873695,0
873696,30
873697,0
873698,0
873699,0
873700,30
873701,0
873702,0
873703,0
873704,0
873705,0
873706,0
873707,0
873708,0
873709,0
873710,0
873711,56
873712,0
873713,0
873714,0
873715,0
873716,0
873717,0
873718,0
873719,0
873720,0
873721,0
873722,0
873723,0
873724,0
873725,0
873726,0
873727,0
873728,0
873729,0
873730,0
873731,0
873732,0
873733,0
873734,0
873735,0
873736,0
873737,0
873738,37
873739,0
873740,0
873741,0
873742,0
873743,0
873744,0
873745,0
873746,23
873747,0
873748,0
873749,0
873750,0
873751,0
873752,29
873753,0
873754,31
873755,0
873756,0
873757,0
873758,0
873759,0
873760,0
873761,0
873762,0
873763,0
873764,0
873765,0
873766,0
873767,0
873768,0
873769,0
873770,0
873771,0
873772,0
873773,0
873774,0
873775,0
873776,0
873777,0
873778,0
873779,0
873780,36
873781,0
873782,0
873783,0
873784,0
873785,27
873786,0
873787,0
873788,0
873789,0
873790,0
873791,0
873792,0
873793,0
873794,0
873795,0
873796,0
873797,36
873798,0
873799,30
873800,0
873801,0
873802,0
873803,0
873804,30
873805,0
873806,0
873807,39
873808,0
873809,0
873810,43
873811,0
873812,28
873813,0
873814,0
873815,0
873816,0
873817,28
873818,0
873819,0
873820,0
873821,0
873822,0
873823,33
873824,41
873825,43
873826,0
873827,0
873828,39
873829,30
873830,0
873831,31
873832,0
873833,0
873834,0
873835,0
873836,0
873837,0
873838,0
873839,0
873840,0
873841,0
873842,0
873843,0
873844,0
873845,34
873846,0
873847,0
873848,0
873849,0
873850,0
873851,33
873852,21
873853,0
873854,0
873855,0
873856,0
873857,0
873858,0
873859,0
873860,31
873861,0
873862,0
873863,47
873864,0
873865,0
873866,0
873867,17
873868,34
873869,0
873870,0
873871,0
873872,0
873873,0
873874,0
873875,0
873876,0
873877,39
873878,0
873879,16
873880,0
873881,0
873882,0
873883,0
873884,0
873885,0
873886,0
873887,0
873888,0
873889,0
873890,0
873891,24
873892,0
873893,0
873894,0
873895,0
873896,0
873897,36
873898,0
873899,0
873900,0
873901,0
873902,0
873903,0
873904,0
873905,0
873906,0
873907,0
873908,0
873909,0
873910,38
873911,0
873912,0
873913,0
873914,0
873915,0
873916,30
873917,0
873918,0
873919,0
873920,0
873921,0
873922,0
873923,0
873924,0
873925,0
873926,0
873927,0
873928,0
873929,0
873930,0
873931,38
873932,23
873933,25
873934,33
873935,0
873936,0
873937,29
873938,0
873939,0
873940,0
873941,22
873942,30
873943,0
873944,0
873945,25
873946,0
873947,0
873948,0
873949,0
873950,0
873951,0
873952,0
873953,0
873954,0
873955,0
873956,0
873957,0
873958,0
873959,0
873960,0
873961,0
873962,0
873963,0
873964,0
873965,25
873966,33
873967,0
873968,0
873969,0
873970,0
873971,0
873972,0
873973,0
873974,0
873975,0
873976,0
873977,0
873978,0
873979,40
873980,36
873981,43
873982,0
873983,37
873984,0
873985,0
873986,0
873987,26
873988,0
873989,0
873990,0
873991,0
873992,0
873993,0
873994,0
873995,0
873996,0
873997,0
873998,0
873999,0
874000,0
874001,0
874002,0
874003,0
874004,26
874005,0
874006,0
874007,0
874008,0
874009,0
874010,0
874011,0
874012,0
874013,0
874014,0
874015,0
874016,0
874017,0
874018,0
874019,0
874020,0
874021,0
874022,0
874023,0
874024,0
874025,0
874026,0
874027,0
874028,0
874029,0
874030,0
874031,0
874032,0
874033,8
874034,0
874035,0
874036,0
874037,0
874038,0
874039,10
874040,0
874041,7
874042,8
874043,0
874044,17
874045,0
874046,0
874047,13
874048,0
874049,0
874050,0
874051,0
874052,0
874053,9
874054,0
874055,0
874056,0
874057,0
874058,0
874059,20
874060,0
874061,0
874062,0
874063,0
874064,3
874065,0
874066,0
874067,0
874068,0
874069,0
874070,8
874071,0
874072,0
874073,0
874074,0
874075,0
874076,11
874077,0
874078,0
874079,0
874080,0
874081,14
874082,0
874083,4
874084,0
874085,10
874086,0
874087,0
874088,0
874089,5
874090,0
874091,0
874092,0
874093,10
874094,0
874095,0
874096,0
874097,0
874098,0
874099,0
874100,0
874101,0
874102,5
874103,0
874104,0
874105,0
874106,0
874107,15
874108,0
874109,0
874110,10
874111,0
874112,0
874113,16
874114,0
874115,11
874116,0
874117,10
874118,0
874119,0
874120,0
874121,0
874122,0
874123,0
874124,0
874125,0
874126,0
874127,0
874128,0
874129,0
874130,0
874131,0
874132,0
874133,0
874134,0
874135,0
874136,0
874137,0
874138,0
874139,0
874140,0
874141,17
874142,0
874143,4
874144,0
874145,0
874146,0
874147,0
874148,9
874149,0
874150,25
874151,0
874152,0
874153,17
874154,0
874155,0
874156,0
874157,0
874158,0
874159,0
874160,6
874161,0
874162,13
874163,0
874164,0
874165,0
874166,7
874167,16
874168,0
874169,0
874170,0
874171,11
874172,0
874173,22
874174,0
874175,0
874176,0
874177,4
874178,0
874179,0
874180,0
874181,9
874182,0
874183,0
874184,0
874185,0
874186,5
874187,0
874188,0
874189,0
874190,0
874191,9
874192,0
874193,0
874194,0
874195,13
874196,12
874197,0
874198,0
874199,0
874200,0
874201,0
874202,0
874203,0
874204,0
874205,0
874206,0
874207,0
874208,0
874209,0
874210,0
874211,4
874212,10
874213,0
874214,0
874215,0
874216,0
874217,0
874218,0
874219,0
874220,12
874221,0
874222,0
874223,0
874224,17
874225,0
874226,7
874227,0
874228,0
874229,0
874230,12
874231,0
874232,0
874233,0
874234,0
874235,14
874236,0
874237,0
874238,0
874239,29
874240,0
874241,0
874242,0
874243,0
874244,0
874245,10
874246,0
874247,0
874248,0
874249,14
874250,0
874251,10
874252,0
874253,0
874254,0
874255,0
874256,0
874257,0
874258,0
874259,0
874260,0
874261,0
874262,0
874263,0
874264,0
874265,5
874266,0
874267,0
874268,0
874269,0
874270,0
874271,0
874272,3
874273,0
874274,0
874275,0
874276,0
874277,12
874278,0
874279,0
874280,0
874281,0
874282,0
874283,0
874284,0
874285,0
874286,8
874287,0
874288,0
874289,0
874290,0
874291,0
874292,0
874293,8
874294,0
874295,0
874296,0
874297,0
874298,9
874299,0
874300,0
874301,0
874302,18
874303,0
874304,0
874305,0
874306,0
874307,0
874308,0
874309,0
874310,0
874311,8
874312,0
874313,0
874314,0
874315,0
874316,0
874317,10
874318,10
874319,0
874320,0
874321,0
874322,0
874323,0
874324,0
874325,6
874326,0
874327,4
874328,0
874329,0
874330,0
874331,0
874332,0
874333,0
874334,0
874335,0
874336,9
874337,0
874338,0
874339,0
874340,0
874341,0
874342,0
874343,0
874344,14
874345,0
874346,0
874347,7
874348,7
874349,0
874350,0
874351,0
874352,0
874353,0
874354,15
874355,0
874356,0
874357,0
874358,0
874359,0
874360,0
874361,0
874362,14
874363,0
874364,9
874365,0
874366,0
874367,0
874368,10
874369,13
874370,0
874371,0
874372,0
874373,0
874374,0
874375,0
874376,0
874377,0
874378,0
874379,0
874380,13
874381,0
874382,0
874383,0
874384,0
874385,0
874386,0
874387,0
874388,0
874389,10
874390,0
874391,0
874392,0
874393,0
874394,0
874395,0
874396,0
874397,0
874398,0
874399,5
874400,0
874401,0
874402,0
874403,0
874404,0
874405,8
874406,8
874407,0
874408,0
874409,0
874410,14
874411,5
874412,0
874413,17
874414,0
874415,5
874416,0
874417,0
874418,3
874419,15
874420,0
874421,0
874422,0
874423,0
874424,0
874425,0
874426,0
874427,0
874428,0
874429,0
874430,10
874431,0
874432,0
874433,5
874434,0
874435,0
874436,0
874437,0
874438,0
874439,0
874440,4
874441,0
874442,10
874443,0
874444,0
874445,0
874446,0
874447,0
874448,0
874449,0
874450,0
874451,0
874452,0
874453,0
874454,5
874455,11
874456,0
874457,0
874458,0
874459,3
874460,0
874461,0
874462,0
874463,0
874464,0
874465,0
874466,0
874467,0
874468,0
874469,0
874470,0
874471,0
874472,22
874473,0
874474,13
874475,0
874476,10
874477,0
874478,0
874479,0
874480,0
874481,7
874482,0
874483,0
874484,19
874485,0
874486,0
874487,0
874488,0
874489,0
874490,0
874491,0
874492,0
874493,0
874494,4
874495,0
874496,7
874497,0
874498,0
874499,0
874500,0
874501,0
874502,0
874503,0
874504,0
874505,17
874506,5
874507,0
874508,0
874509,0
874510,0
874511,0
874512,10
874513,0
874514,0
874515,0
874516,0
874517,0
874518,0
874519,0
874520,0
874521,0
874522,0
874523,4
874524,0
874525,0
874526,0
874527,0
874528,0
874529,0
874530,10
874531,0
874532,0
874533,11
874534,0
874535,0
874536,0
874537,15
874538,0
874539,0
874540,0
874541,0
874542,0
874543,0
874544,0
874545,0
874546,0
874547,0
874548,13
874549,0
874550,0
874551,0
874552,0
874553,10
874554,0
874555,0
874556,0
874557,0
874558,5
874559,0
874560,0
874561,0
874562,0
874563,0
874564,0
874565,0
874566,0
874567,0
874568,0
874569,0
874570,9
874571,0
874572,0
874573,0
874574,0
874575,12
874576,10
874577,0
874578,0
874579,0
874580,0
874581,0
874582,13
874583,11
874584,0
874585,0
874586,0
874587,0
874588,11
874589,0
874590,0
874591,0
874592,0
874593,0
874594,0
874595,0
874596,0
874597,0
874598,0
874599,0
874600,0
874601,0
874602,0
874603,0
874604,0
874605,0
874606,0
874607,0
874608,0
874609,8
874610,0
874611,0
874612,0
874613,0
874614,0
874615,0
874616,0
874617,0
874618,0
874619,6
874620,8
874621,8
874622,0
874623,0
874624,0
874625,7
874626,20
874627,0
874628,0
874629,0
874630,0
874631,0
874632,0
874633,8
874634,0
874635,0
874636,0
874637,0
874638,0
874639,0
874640,0
874641,0
874642,16
874643,10
874644,0
874645,0
874646,0
874647,0
874648,0
874649,0
874650,12
874651,0
874652,12
874653,10
874654,0
874655,0
874656,0
874657,0
874658,0
874659,0
874660,18
874661,6
874662,0
874663,0
874664,0
874665,14
874666,0
874667,0
874668,0
874669,0
874670,0
874671,6
874672,0
874673,0
874674,0
874675,7
874676,0
874677,0
874678,8
874679,0
874680,0
874681,0
874682,0
874683,0
874684,0
874685,0
874686,0
874687,0
874688,0
874689,0
874690,0
874691,0
874692,0
874693,3
874694,0
874695,6
874696,12
874697,10
874698,9
874699,0
874700,0
874701,0
874702,0
874703,0
874704,0
874705,0
874706,0
874707,0
874708,0
874709,0
874710,0
874711,0
874712,0
874713,0
874714,0
874715,0
874716,0
874717,19
874718,0
874719,0
874720,0
874721,0
874722,0
874723,0
874724,0
874725,0
874726,0
874727,12
874728,0
874729,0
874730,0
874731,0
874732,0
874733,0
874734,18
874735,5
874736,9
874737,0
874738,9
874739,0
874740,0
874741,18
874742,10
874743,0
874744,0
874745,0
874746,15
874747,0
874748,15
874749,0
874750,0
874751,0
874752,0
874753,0
874754,0
874755,0
874756,0
874757,14
874758,0
874759,0
874760,0
874761,0
874762,0
874763,0
874764,0
874765,0
874766,0
874767,0
874768,0
874769,7
874770,0
874771,0
874772,0
874773,0
874774,0
874775,0
874776,18
874777,0
874778,12
874779,14
874780,0
874781,0
874782,0
874783,0
874784,11
874785,0
874786,0
874787,0
874788,0
874789,0
874790,0
874791,0
874792,0
874793,0
874794,17
874795,10
874796,0
874797,15
874798,0
874799,17
874800,0
874801,0
874802,0
874803,0
874804,0
874805,0
874806,7
874807,0
874808,0
874809,0
874810,12
874811,0
874812,0
874813,0
874814,0
874815,10
874816,15
874817,0
874818,0
874819,0
874820,0
874821,8
874822,0
874823,0
874824,0
874825,0
874826,6
874827,0
874828,0
874829,0
874830,0
874831,0
874832,0
874833,0
874834,0
874835,7
874836,0
874837,0
874838,0
874839,0
874840,0
874841,0
874842,0
874843,0
874844,0
874845,0
874846,0
874847,0
874848,8
874849,8
874850,0
874851,0
874852,0
874853,0
874854,0
874855,17
874856,0
874857,0
874858,0
874859,9
874860,0
874861,0
874862,0
874863,0
874864,0
874865,7
874866,0
874867,11
874868,0
874869,0
874870,0
874871,0
874872,0
874873,7
874874,0
874875,0
874876,0
874877,0
874878,0
874879,12
874880,8
874881,0
874882,0
874883,10
874884,0
874885,0
874886,0
874887,0
874888,10
874889,0
874890,0
874891,0
874892,0
874893,8
874894,11
874895,0
874896,0
874897,0
874898,0
874899,0
874900,0
874901,13
874902,4
874903,0
874904,0
874905,12
874906,0
874907,0
874908,0
874909,12
874910,0
874911,11
874912,0
874913,16
874914,0
874915,0
874916,13
874917,0
874918,0
874919,0
874920,0
874921,11
874922,0
874923,0
874924,0
874925,0
874926,7
874927,0
874928,6
874929,5
874930,0
874931,0
874932,0
874933,0
874934,0
874935,0
874936,0
874937,16
874938,26
874939,0
874940,0
874941,9
874942,0
874943,0
874944,0
874945,8
874946,0
874947,0
874948,0
874949,0
874950,0
874951,0
874952,0
874953,0
874954,0
874955,0
874956,0
874957,0
874958,12
874959,0
874960,16
874961,0
874962,11
874963,0
874964,0
874965,0
874966,0
874967,0
874968,3
874969,0
874970,7
874971,0
874972,0
874973,0
874974,0
874975,0
874976,0
874977,0
874978,0
874979,13
874980,0
874981,0
874982,12
874983,0
874984,0
874985,6
874986,0
874987,0
874988,0
874989,16
874990,0
874991,0
874992,0
874993,0
874994,12
874995,8
874996,0
874997,0
874998,0
874999,19
875000,0
875001,0
875002,0
875003,14
875004,0
875005,0
875006,0
875007,0
875008,0
875009,0
875010,13
875011,10
875012,0
875013,0
875014,0
875015,13
875016,0
875017,6
875018,0
875019,0
875020,15
875021,0
875022,17
875023,0
875024,0
875025,0
875026,0
875027,0
875028,14
875029,0
875030,0
875031,0
875032,17
875033,0
875034,9
875035,0
875036,0
875037,12
875038,12
875039,10
875040,0
875041,0
875042,0
875043,0
875044,13
875045,0
875046,11
875047,12
875048,0
875049,0
875050,0
875051,0
875052,0
875053,0
875054,0
875055,0
875056,0
875057,8
875058,0
875059,0
875060,0
875061,0
875062,0
875063,13
875064,10
875065,0
875066,0
875067,0
875068,0
875069,0
875070,13
875071,14
875072,0
875073,0
875074,0
875075,0
875076,7
875077,0
875078,0
875079,0
875080,0
875081,0
875082,0
875083,0
875084,0
875085,0
875086,12
875087,0
875088,0
875089,0
875090,0
875091,8
875092,0
875093,0
875094,0
875095,0
875096,9
875097,0
875098,0
875099,0
875100,12
875101,12
875102,16
875103,0
875104,0
875105,0
875106,14
875107,15
875108,0
875109,0
875110,0
875111,0
875112,0
875113,0
875114,0
875115,0
875116,0
875117,11
875118,0
875119,9
875120,0
875121,0
875122,12
875123,8
875124,0
875125,13
875126,0
875127,9
875128,0
875129,0
875130,0
875131,0
875132,0
875133,0
875134,0
875135,0
875136,0
875137,0
875138,0
875139,0
875140,16
875141,7
875142,0
875143,16
875144,0
875145,13
875146,15
875147,0
875148,0
875149,0
875150,0
875151,21
875152,0
875153,0
875154,0
875155,0
875156,0
875157,0
875158,9
875159,0
875160,0
875161,0
875162,14
875163,24
875164,0
875165,0
875166,0
875167,0
875168,0
875169,0
875170,0
875171,0
875172,12
875173,0
875174,12
875175,8
875176,0
875177,0
875178,0
875179,0
875180,0
875181,0
875182,8
875183,0
875184,0
875185,0
875186,0
875187,0
875188,0
875189,0
875190,8
875191,0
875192,0
875193,0
875194,0
875195,0
875196,0
875197,9
875198,0
875199,11
875200,0
875201,0
875202,0
875203,16
875204,0
875205,0
875206,12
875207,0
875208,0
875209,13
875210,0
875211,0
875212,19
875213,0
875214,16
875215,0
875216,0
875217,0
875218,0
875219,0
875220,0
875221,0
875222,0
875223,15
875224,0
875225,0
875226,0
875227,8
875228,0
875229,0
875230,0
875231,15
875232,0
875233,0
875234,9
875235,0
875236,0
875237,0
875238,0
875239,0
875240,15
875241,0
875242,13
875243,17
875244,0
875245,0
875246,0
875247,0
875248,0
875249,0
875250,0
875251,15
875252,0
875253,0
875254,0
875255,0
875256,0
875257,0
875258,15
875259,0
875260,0
875261,0
875262,0
875263,14
875264,0
875265,0
875266,0
875267,0
875268,0
875269,0
875270,0
875271,0
875272,14
875273,0
875274,0
875275,19
875276,0
875277,0
875278,10
875279,0
875280,0
875281,0
875282,15
875283,0
875284,0
875285,0
875286,0
875287,0
875288,0
875289,0
875290,0
875291,0
875292,0
875293,0
875294,0
875295,0
875296,21
875297,0
875298,0
875299,0
875300,0
875301,0
875302,0
875303,24
875304,0
875305,21
875306,0
875307,11
875308,0
875309,0
875310,0
875311,29
875312,0
875313,0
875314,0
875315,21
875316,0
875317,0
875318,0
875319,0
875320,20
875321,22
875322,25
875323,23
875324,0
875325,0
875326,0
875327,0
875328,0
875329,0
875330,0
875331,0
875332,0
875333,27
875334,0
875335,23
875336,0
875337,0
875338,0
875339,0
875340,23
875341,0
875342,0
875343,0
875344,0
875345,23
875346,0
875347,23
875348,0
875349,0
875350,0
875351,0
875352,0
875353,22
875354,0
875355,15
875356,17
875357,0
875358,0
875359,22
875360,0
875361,0
875362,0
875363,0
875364,0
875365,0
875366,23
875367,0
875368,0
875369,21
875370,20
875371,0
875372,0
875373,0
875374,16
875375,0
875376,0
875377,0
875378,0
875379,0
875380,0
875381,22
875382,0
875383,0
875384,0
875385,0
875386,25
875387,0
875388,0
875389,0
875390,14
875391,0
875392,0
875393,0
875394,0
875395,0
875396,20
875397,0
875398,0
875399,21
875400,0
875401,0
875402,0
875403,17
875404,28
875405,0
875406,0
875407,0
875408,0
875409,0
875410,31
875411,18
875412,27
875413,0
875414,0
875415,0
875416,0
875417,0
875418,0
875419,0
875420,0
875421,22
875422,23
875423,0
875424,0
875425,21
875426,21
875427,0
875428,0
875429,0
875430,17
875431,23
875432,0
875433,0
875434,0
875435,0
875436,0
875437,0
875438,0
875439,0
875440,0
875441,15
875442,0
875443,20
875444,0
875445,0
875446,0
875447,0
875448,0
875449,0
875450,0
875451,29
875452,24
875453,0
875454,0
875455,0
875456,0
875457,31
875458,0
875459,0
875460,0
875461,16
875462,26
875463,0
875464,0
875465,0
875466,0
875467,0
875468,0
875469,0
875470,0
875471,0
875472,0
875473,0
875474,26
875475,0
875476,0
875477,0
875478,0
875479,0
875480,0
875481,0
875482,0
875483,0
875484,0
875485,0
875486,0
875487,0
875488,0
875489,26
875490,0
875491,34
875492,19
875493,0
875494,0
875495,0
875496,0
875497,0
875498,0
875499,16
875500,0
875501,0
875502,0
875503,24
875504,0
875505,0
875506,0
875507,22
875508,0
875509,0
875510,0
875511,30
875512,0
875513,0
875514,27
875515,0
875516,0
875517,0
875518,0
875519,0
875520,0
875521,0
875522,27
875523,27
875524,30
875525,0
875526,0
875527,0
875528,27
875529,0
875530,0
875531,0
875532,0
875533,0
875534,0
875535,0
875536,0
875537,20
875538,27
875539,15
875540,0
875541,0
875542,25
875543,0
875544,0
875545,0
875546,21
875547,0
875548,0
875549,0
875550,0
875551,11
875552,24
875553,0
875554,0
875555,0
875556,0
875557,0
875558,0
875559,0
875560,0
875561,0
875562,0
875563,0
875564,19
875565,0
875566,0
875567,0
875568,0
875569,0
875570,32
875571,0
875572,0
875573,0
875574,0
875575,0
875576,0
875577,0
875578,0
875579,0
875580,0
875581,18
875582,30
875583,0
875584,0
875585,0
875586,0
875587,0
875588,0
875589,18
875590,25
875591,19
875592,0
875593,0
875594,0
875595,0
875596,0
875597,30
875598,0
875599,0
875600,0
875601,0
875602,0
875603,0
875604,0
875605,0
875606,0
875607,0
875608,28
875609,0
875610,0
875611,29
875612,0
875613,0
875614,0
875615,0
875616,0
875617,0
875618,0
875619,0
875620,0
875621,24
875622,0
875623,27
875624,0
875625,17
875626,0
875627,0
875628,0
875629,0
875630,27
875631,0
875632,0
875633,0
875634,17
875635,0
875636,21
875637,0
875638,0
875639,0
875640,31
875641,0
875642,28
875643,0
875644,0
875645,0
875646,28
875647,0
875648,0
875649,11
875650,13
875651,23
875652,18
875653,0
875654,0
875655,0
875656,0
875657,0
875658,28
875659,30
875660,0
875661,0
875662,0
875663,20
875664,0
875665,0
875666,0
875667,0
875668,0
875669,17
875670,0
875671,0
875672,0
875673,0
875674,15
875675,0
875676,0
875677,0
875678,0
875679,0
875680,0
875681,14
875682,0
875683,0
875684,20
875685,0
875686,0
875687,0
875688,0
875689,0
875690,0
875691,0
875692,22
875693,0
875694,22
875695,0
875696,0
875697,25
875698,20
875699,0
875700,0
875701,0
875702,0
875703,0
875704,0
875705,0
875706,0
875707,0
875708,0
875709,0
875710,0
875711,0
875712,0
875713,0
875714,0
875715,0
875716,0
875717,27
875718,0
875719,30
875720,22
875721,0
875722,0
875723,0
875724,22
875725,26
875726,24
875727,0
875728,28
875729,0
875730,0
875731,0
875732,10
875733,0
875734,0
875735,0
875736,18
875737,19
875738,25
875739,0
875740,0
875741,0
875742,0
875743,0
875744,0
875745,0
875746,0
875747,0
875748,0
875749,0
875750,18
875751,0
875752,0
875753,0
875754,0
875755,0
875756,0
875757,0
875758,21
875759,0
875760,0
875761,0
875762,19
875763,26
875764,14
875765,0
875766,0
875767,0
875768,0
875769,0
875770,0
875771,22
875772,0
875773,24
875774,0
875775,0
875776,22
875777,0
875778,0
875779,25
875780,0
875781,0
875782,13
875783,0
875784,40
875785,0
875786,12
875787,0
875788,0
875789,0
875790,31
875791,0
875792,0
875793,0
875794,0
875795,17
875796,0
875797,21
875798,0
875799,30
875800,0
875801,0
875802,25
875803,16
875804,0
875805,0
875806,0
875807,0
875808,30
875809,0
875810,0
875811,28
875812,0
875813,0
875814,0
875815,0
875816,22
875817,14
875818,0
875819,0
875820,0
875821,0
875822,17
875823,0
875824,0
875825,14
875826,0
875827,0
875828,0
875829,0
875830,18
875831,28
875832,27
875833,0
875834,26
875835,22
875836,14
875837,0
875838,0
875839,0
875840,0
875841,0
875842,0
875843,0
875844,0
875845,0
875846,0
875847,0
875848,0
875849,0
875850,0
875851,0
875852,16
875853,0
875854,0
875855,0
875856,23
875857,36
875858,0
875859,23
875860,0
875861,0
875862,0
875863,0
875864,0
875865,0
875866,0
875867,0
875868,0
875869,0
875870,0
875871,20
875872,0
875873,0
875874,0
875875,0
875876,0
875877,0
875878,0
875879,0
875880,24
875881,0
875882,35
875883,29
875884,15
875885,0
875886,0
875887,0
875888,0
875889,20
875890,0
875891,0
875892,12
875893,0
875894,34
875895,0
875896,0
875897,18
875898,0
875899,29
875900,0
875901,0
875902,0
875903,0
875904,0
875905,15
875906,0
875907,0
875908,26
875909,0
875910,0
875911,29
875912,23
875913,0
875914,0
875915,0
875916,0
875917,0
875918,0
875919,0
875920,26
875921,0
875922,32
875923,0
875924,21
875925,0
875926,0
875927,0
875928,0
875929,23
875930,19
875931,0
875932,0
875933,0
875934,0
875935,0
875936,0
875937,0
875938,0
875939,0
875940,0
875941,0
875942,0
875943,0
875944,0
875945,31
875946,0
875947,0
875948,0
875949,0
875950,0
875951,0
875952,0
875953,0
875954,0
875955,0
875956,0
875957,0
875958,0
875959,0
875960,19
875961,0
875962,0
875963,0
875964,0
875965,29
875966,25
875967,0
875968,16
875969,0
875970,0
875971,0
875972,0
875973,0
875974,17
875975,0
875976,0
875977,0
875978,0
875979,0
875980,0
875981,0
875982,0
875983,20
875984,22
875985,0
875986,0
875987,0
875988,0
875989,0
875990,0
875991,0
875992,0
875993,0
875994,0
875995,0
875996,24
875997,0
875998,0
875999,0
876000,0
876001,24
876002,0
876003,0
876004,0
876005,0
876006,0
876007,0
876008,0
876009,0
876010,0
876011,0
876012,0
876013,0
876014,0
876015,0
876016,0
876017,0
876018,0
876019,0
876020,36
876021,20
876022,0
876023,0
876024,0
876025,0
876026,0
876027,15
876028,0
876029,0
876030,0
876031,10
876032,0
876033,0
876034,0
876035,0
876036,0
876037,0
876038,17
876039,0
876040,11
876041,0
876042,0
876043,0
876044,0
876045,0
876046,0
876047,0
876048,0
876049,6
876050,20
876051,0
876052,0
876053,33
876054,0
876055,0
876056,0
876057,0
876058,0
876059,0
876060,10
876061,0
876062,14
876063,0
876064,0
876065,0
876066,0
876067,0
876068,0
876069,9
876070,0
876071,0
876072,0
876073,14
876074,0
876075,0
876076,0
876077,7
876078,0
876079,0
876080,0
876081,0
876082,5
876083,16
876084,0
876085,8
876086,0
876087,3
876088,6
876089,0
876090,0
876091,8
876092,13
876093,0
876094,0
876095,0
876096,0
876097,12
876098,0
876099,0
876100,0
876101,0
876102,24
876103,0
876104,0
876105,19
876106,21
876107,0
876108,5
876109,0
876110,16
876111,8
876112,5
876113,0
876114,0
876115,6
876116,0
876117,0
876118,0
876119,0
876120,0
876121,0
876122,0
876123,0
876124,0
876125,23
876126,0
876127,0
876128,0
876129,0
876130,0
876131,0
876132,0
876133,10
876134,0
876135,0
876136,0
876137,0
876138,6
876139,0
876140,19
876141,0
876142,0
876143,19
876144,0
876145,0
876146,0
876147,0
876148,14
876149,0
876150,0
876151,0
876152,0
876153,0
876154,5
876155,7
876156,0
876157,0
876158,0
876159,0
876160,3
876161,0
876162,2
876163,0
876164,0
876165,0
876166,0
876167,14
876168,0
876169,0
876170,0
876171,0
876172,0
876173,0
876174,0
876175,9
876176,0
876177,0
876178,0
876179,0
876180,0
876181,10
876182,0
876183,0
876184,0
876185,0
876186,0
876187,0
876188,0
876189,0
876190,0
876191,4
876192,0
876193,13
876194,0
876195,3
876196,15
876197,0
876198,0
876199,0
876200,0
876201,0
876202,0
876203,11
876204,7
876205,0
876206,0
876207,3
876208,0
876209,0
876210,0
876211,9
876212,0
876213,4
876214,20
876215,8
876216,0
876217,0
876218,19
876219,0
876220,9
876221,0
876222,0
876223,19
876224,14
876225,0
876226,0
876227,15
876228,0
876229,16
876230,15
876231,0
876232,0
876233,5
876234,0
876235,0
876236,0
876237,0
876238,0
876239,0
876240,0
876241,0
876242,3
876243,0
876244,15
876245,0
876246,0
876247,0
876248,0
876249,6
876250,14
876251,0
876252,14
876253,0
876254,8
876255,0
876256,0
876257,10
876258,18
876259,0
876260,5
876261,6
876262,0
876263,0
876264,0
876265,14
876266,4
876267,12
876268,0
876269,0
876270,0
876271,0
876272,0
876273,12
876274,0
876275,0
876276,0
876277,15
876278,13
876279,0
876280,0
876281,10
876282,0
876283,0
876284,0
876285,0
876286,0
876287,0
876288,0
876289,0
876290,13
876291,0
876292,0
876293,0
876294,0
876295,0
876296,0
876297,14
876298,0
876299,0
876300,0
876301,0
876302,0
876303,25
876304,3
876305,0
876306,0
876307,0
876308,0
876309,0
876310,0
876311,0
876312,0
876313,0
876314,13
876315,0
876316,5
876317,11
876318,0
876319,0
876320,0
876321,0
876322,0
876323,0
876324,0
876325,0
876326,0
876327,0
876328,0
876329,4
876330,8
876331,0
876332,0
876333,0
876334,0
876335,0
876336,0
876337,0
876338,0
876339,0
876340,0
876341,0
876342,0
876343,0
876344,25
876345,8
876346,0
876347,14
876348,5
876349,8
876350,0
876351,0
876352,0
876353,0
876354,0
876355,0
876356,0
876357,0
876358,0
876359,0
876360,9
876361,0
876362,1
876363,0
876364,0
876365,0
876366,0
876367,0
876368,0
876369,0
876370,0
876371,27
876372,0
876373,0
876374,0
876375,5
876376,0
876377,9
876378,0
876379,0
876380,0
876381,0
876382,0
876383,0
876384,0
876385,0
876386,0
876387,0
876388,0
876389,0
876390,9
876391,5
876392,0
876393,0
876394,8
876395,0
876396,0
876397,5
876398,3
876399,0
876400,0
876401,0
876402,0
876403,19
876404,0
876405,0
876406,0
876407,0
876408,0
876409,0
876410,0
876411,0
876412,0
876413,0
876414,24
876415,0
876416,0
876417,0
876418,0
876419,0
876420,0
876421,0
876422,0
876423,0
876424,0
876425,0
876426,0
876427,0
876428,15
876429,26
876430,0
876431,0
876432,0
876433,33
876434,0
876435,0
876436,0
876437,0
876438,0
876439,0
876440,0
876441,0
876442,0
876443,0
876444,0
876445,0
876446,0
876447,0
876448,0
876449,0
876450,0
876451,0
876452,0
876453,0
876454,0
876455,14
876456,0
876457,10
876458,13
876459,0
876460,20
876461,17
876462,0
876463,0
876464,0
876465,0
876466,0
876467,0
876468,0
876469,0
876470,0
876471,0
876472,0
876473,0
876474,0
876475,0
876476,13
876477,0
876478,0
876479,0
876480,0
876481,0
876482,25
876483,0
876484,32
876485,0
876486,0
876487,0
876488,27
876489,0
876490,0
876491,0
876492,0
876493,0
876494,27
876495,0
876496,17
876497,0
876498,0
876499,0
876500,0
876501,19
876502,0
876503,0
876504,0
876505,0
876506,0
876507,0
876508,0
876509,0
876510,0
876511,21
876512,0
876513,0
876514,27
876515,0
876516,0
876517,0
876518,0
876519,0
876520,0
876521,0
876522,0
876523,0
876524,0
876525,0
876526,0
876527,0
876528,0
876529,0
876530,0
876531,0
876532,15
876533,0
876534,0
876535,0
876536,0
876537,15
876538,0
876539,13
876540,0
876541,15
876542,0
876543,0
876544,12
876545,23
876546,29
876547,25
876548,24
876549,0
876550,0
876551,0
876552,0
876553,12
876554,0
876555,0
876556,20
876557,0
876558,0
876559,21
876560,0
876561,0
876562,18
876563,0
876564,0
876565,0
876566,13
876567,0
876568,0
876569,21
876570,0
876571,0
876572,22
876573,0
876574,0
876575,0
876576,0
876577,0
876578,9
876579,0
876580,17
876581,0
876582,0
876583,0
876584,0
876585,0
876586,0
876587,0
876588,0
876589,0
876590,22
876591,0
876592,0
876593,0
876594,0
876595,0
876596,0
876597,0
876598,0
876599,0
876600,0
876601,0
876602,0
876603,0
876604,15
876605,0
876606,18
876607,0
876608,0
876609,0
876610,0
876611,0
876612,0
876613,0
876614,0
876615,0
876616,0
876617,0
876618,0
876619,0
876620,0
876621,0
876622,0
876623,0
876624,0
876625,18
876626,0
876627,0
876628,0
876629,0
876630,0
876631,0
876632,5
876633,0
876634,1
876635,0
876636,0
876637,0
876638,0
876639,0
876640,0
876641,0
876642,0
876643,0
876644,2
876645,0
876646,2
876647,0
876648,0
876649,4
876650,0
876651,0
876652,0
876653,1
876654,0
876655,0
876656,0
876657,0
876658,0
876659,0
876660,3
876661,5
876662,0
876663,0
876664,0
876665,0
876666,0
876667,4
876668,0
876669,0
876670,0
876671,4
876672,0
876673,0
876674,0
876675,2
876676,0
876677,0
876678,0
876679,0
876680,0
876681,0
876682,0
876683,6
876684,0
876685,0
876686,0
876687,0
876688,0
876689,0
876690,0
876691,0
876692,0
876693,0
876694,0
876695,0
876696,0
876697,0
876698,0
876699,0
876700,0
876701,0
876702,0
876703,8
876704,0
876705,0
876706,0
876707,0
876708,4
876709,0
876710,0
876711,0
876712,0
876713,5
876714,0
876715,0
876716,0
876717,0
876718,4
876719,0
876720,3
876721,0
876722,0
876723,0
876724,0
876725,4
876726,0
876727,3
876728,3
876729,0
876730,0
876731,0
876732,5
876733,3
876734,4
876735,0
876736,0
876737,0
876738,0
876739,5
876740,0
876741,0
876742,0
876743,0
876744,0
876745,0
876746,0
876747,0
876748,0
876749,0
876750,0
876751,0
876752,0
876753,0
876754,0
876755,5
876756,0
876757,0
876758,0
876759,0
876760,0
876761,0
876762,0
876763,0
876764,0
876765,0
876766,0
876767,0
876768,0
876769,0
876770,0
876771,0
876772,0
876773,0
876774,0
876775,0
876776,5
876777,0
876778,0
876779,0
876780,0
876781,1
876782,0
876783,2
876784,0
876785,0
876786,0
876787,5
876788,0
876789,7
876790,0
876791,0
876792,0
876793,0
876794,0
876795,0
876796,0
876797,0
876798,3
876799,0
876800,0
876801,0
876802,0
876803,1
876804,0
876805,0
876806,0
876807,0
876808,0
876809,0
876810,0
876811,4
876812,0
876813,0
876814,0
876815,0
876816,0
876817,2
876818,0
876819,6
876820,0
876821,0
876822,0
876823,2
876824,4
876825,0
876826,0
876827,0
876828,0
876829,0
876830,0
876831,0
876832,0
876833,0
876834,0
876835,0
876836,0
876837,0
876838,4
876839,0
876840,0
876841,0
876842,0
876843,0
876844,0
876845,0
876846,4
876847,0
876848,0
876849,0
876850,4
876851,0
876852,0
876853,0
876854,0
876855,0
876856,0
876857,0
876858,0
876859,0
876860,2
876861,0
876862,0
876863,0
876864,0
876865,0
876866,0
876867,0
876868,0
876869,0
876870,0
876871,3
876872,3
876873,0
876874,0
876875,0
876876,4
876877,7
876878,0
876879,0
876880,0
876881,0
876882,7
876883,0
876884,0
876885,0
876886,5
876887,2
876888,0
876889,0
876890,4
876891,0
876892,0
876893,0
876894,0
876895,0
876896,0
876897,0
876898,0
876899,0
876900,2
876901,7
876902,0
876903,0
876904,0
876905,0
876906,0
876907,4
876908,0
876909,0
876910,0
876911,0
876912,0
876913,0
876914,0
876915,0
876916,2
876917,5
876918,0
876919,0
876920,0
876921,0
876922,0
876923,0
876924,0
876925,0
876926,0
876927,0
876928,0
876929,0
876930,0
876931,0
876932,0
876933,0
876934,0
876935,2
876936,4
876937,0
876938,0
876939,0
876940,0
876941,0
876942,0
876943,0
876944,0
876945,0
876946,0
876947,0
876948,6
876949,0
876950,0
876951,0
876952,0
876953,0
876954,0
876955,2
876956,0
876957,0
876958,0
876959,0
876960,0
876961,0
876962,0
876963,0
876964,2
876965,0
876966,0
876967,0
876968,3
876969,0
876970,3
876971,0
876972,3
876973,0
876974,0
876975,0
876976,5
876977,6
876978,0
876979,5
876980,3
876981,0
876982,0
876983,0
876984,0
876985,0
876986,0
876987,0
876988,0
876989,1
876990,0
876991,0
876992,0
876993,0
876994,0
876995,0
876996,0
876997,0
876998,0
876999,0
877000,0
877001,6
877002,0
877003,4
877004,0
877005,3
877006,0
877007,0
877008,0
877009,0
877010,0
877011,0
877012,0
877013,0
877014,0
877015,0
877016,0
877017,0
877018,0
877019,2
877020,0
877021,0
877022,0
877023,0
877024,0
877025,0
877026,0
877027,3
877028,0
877029,0
877030,0
877031,0
877032,0
877033,0
877034,5
877035,0
877036,3
877037,0
877038,0
877039,0
877040,0
877041,0
877042,0
877043,0
877044,0
877045,3
877046,0
877047,0
877048,5
877049,0
877050,0
877051,0
877052,0
877053,0
877054,0
877055,0
877056,0
877057,0
877058,0
877059,0
877060,5
877061,5
877062,0
877063,6
877064,0
877065,0
877066,0
877067,0
877068,0
877069,1
877070,0
877071,0
877072,0
877073,0
877074,0
877075,0
877076,0
877077,0
877078,0
877079,3
877080,0
877081,0
877082,0
877083,0
877084,0
877085,6
877086,0
877087,0
877088,0
877089,0
877090,0
877091,7
877092,0
877093,1
877094,0
877095,2
877096,0
877097,0
877098,0
877099,0
877100,0
877101,0
877102,0
877103,0
877104,0
877105,0
877106,0
877107,0
877108,0
877109,0
877110,0
877111,0
877112,0
877113,0
877114,0
877115,0
877116,0
877117,0
877118,0
877119,3
877120,0
877121,0
877122,0
877123,0
877124,1
877125,0
877126,3
877127,0
877128,0
877129,0
877130,0
877131,2
877132,0
877133,3
877134,4
877135,1
877136,0
877137,0
877138,0
877139,0
877140,0
877141,1
877142,0
877143,2
877144,4
877145,0
877146,0
877147,0
877148,0
877149,0
877150,0
877151,4
877152,0
877153,4
877154,2
877155,0
877156,5
877157,0
877158,0
877159,0
877160,0
877161,0
877162,4
877163,0
877164,0
877165,0
877166,0
877167,0
877168,0
877169,0
877170,0
877171,0
877172,0
877173,0
877174,5
877175,0
877176,0
877177,5
877178,4
877179,7
877180,0
877181,0
877182,0
877183,0
877184,0
877185,0
877186,0
877187,0
877188,1
877189,0
877190,0
877191,0
877192,0
877193,0
877194,3
877195,0
877196,0
877197,0
877198,0
877199,0
877200,0
877201,0
877202,4
877203,0
877204,0
877205,0
877206,0
877207,0
877208,0
877209,0
877210,2
877211,6
877212,2
877213,7
877214,3
877215,4
877216,0
877217,0
877218,0
877219,0
877220,0
877221,2
877222,0
877223,0
877224,0
877225,0
877226,0
877227,0
877228,8
877229,0
877230,0
877231,0
877232,0
877233,0
877234,0
877235,6
877236,0
877237,0
877238,5
877239,0
877240,0
877241,5
877242,0
877243,0
877244,0
877245,0
877246,0
877247,0
877248,0
877249,0
877250,4
877251,0
877252,4
877253,3
877254,0
877255,2
877256,0
877257,0
877258,0
877259,0
877260,0
877261,0
877262,0
877263,0
877264,0
877265,7
877266,0
877267,0
877268,0
877269,0
877270,0
877271,0
877272,0
877273,0
877274,0
877275,0
877276,0
877277,0
877278,0
877279,3
877280,3
877281,0
877282,0
877283,0
877284,0
877285,0
877286,0
877287,0
877288,0
877289,0
877290,6
877291,4
877292,0
877293,0
877294,0
877295,0
877296,0
877297,0
877298,0
877299,0
877300,2
877301,2
877302,0
877303,0
877304,0
877305,0
877306,0
877307,0
877308,3
877309,0
877310,5
877311,0
877312,0
877313,0
877314,0
877315,0
877316,1
877317,0
877318,0
877319,0
877320,0
877321,0
877322,0
877323,0
877324,0
877325,0
877326,2
877327,4
877328,0
877329,0
877330,5
877331,0
877332,0
877333,0
877334,0
877335,0
877336,0
877337,7
877338,0
877339,0
877340,3
877341,0
877342,0
877343,0
877344,2
877345,0
877346,0
877347,0
877348,0
877349,0
877350,0
877351,3
877352,0
877353,0
877354,0
877355,2
877356,0
877357,0
877358,0
877359,0
877360,0
877361,0
877362,0
877363,0
877364,0
877365,0
877366,4
877367,0
877368,1
877369,0
877370,2
877371,0
877372,2
877373,0
877374,0
877375,0
877376,4
877377,2
877378,0
877379,0
877380,0
877381,0
877382,0
877383,0
877384,0
877385,0
877386,0
877387,0
877388,0
877389,0
877390,0
877391,3
877392,0
877393,0
877394,0
877395,0
877396,7
877397,3
877398,0
877399,0
877400,2
877401,0
877402,0
877403,0
877404,0
877405,0
877406,1
877407,0
877408,0
877409,3
877410,0
877411,0
877412,0
877413,0
877414,4
877415,0
877416,0
877417,0
877418,0
877419,0
877420,0
877421,0
877422,6
877423,0
877424,0
877425,0
877426,4
877427,0
877428,0
877429,4
877430,0
877431,0
877432,5
877433,0
877434,0
877435,1
877436,0
877437,6
877438,0
877439,0
877440,0
877441,0
877442,0
877443,5
877444,0
877445,8
877446,6
877447,0
877448,0
877449,0
877450,0
877451,3
877452,0
877453,0
877454,0
877455,0
877456,0
877457,6
877458,0
877459,1
877460,0
877461,7
877462,0
877463,0
877464,0
877465,0
877466,0
877467,0
877468,0
877469,0
877470,0
877471,0
877472,1
877473,0
877474,0
877475,0
877476,1
877477,0
877478,0
877479,0
877480,1
877481,0
877482,0
877483,0
877484,5
877485,2
877486,0
877487,4
877488,8
877489,0
877490,0
877491,0
877492,0
877493,0
877494,0
877495,0
877496,0
877497,0
877498,0
877499,0
877500,0
877501,0
877502,4
877503,1
877504,0
877505,2
877506,0
877507,0
877508,0
877509,0
877510,0
877511,0
877512,0
877513,0
877514,0
877515,0
877516,0
877517,0
877518,0
877519,0
877520,16
877521,0
877522,0
877523,0
877524,0
877525,0
877526,0
877527,0
877528,24
877529,0
877530,0
877531,0
877532,0
877533,0
877534,0
877535,0
877536,0
877537,0
877538,29
877539,0
877540,33
877541,0
877542,0
877543,0
877544,0
877545,0
877546,0
877547,19
877548,0
877549,0
877550,0
877551,0
877552,0
877553,35
877554,0
877555,0
877556,0
877557,0
877558,0
877559,0
877560,0
877561,0
877562,0
877563,0
877564,0
877565,0
877566,0
877567,32
877568,0
877569,0
877570,0
877571,0
877572,0
877573,0
877574,0
877575,23
877576,21
877577,0
877578,0
877579,0
877580,0
877581,0
877582,0
877583,0
877584,0
877585,21
877586,0
877587,0
877588,0
877589,0
877590,0
877591,0
877592,0
877593,30
877594,0
877595,0
877596,0
877597,0
877598,0
877599,0
877600,0
877601,0
877602,0
877603,0
877604,0
877605,0
877606,0
877607,0
877608,0
877609,0
877610,0
877611,0
877612,0
877613,0
877614,0
877615,0
877616,0
877617,0
877618,0
877619,0
877620,37
877621,28
877622,0
877623,25
877624,0
877625,0
877626,0
877627,0
877628,0
877629,0
877630,0
877631,0
877632,0
877633,0
877634,0
877635,0
877636,0
877637,0
877638,0
877639,0
877640,0
877641,0
877642,0
877643,0
877644,0
877645,0
877646,31
877647,0
877648,28
877649,0
877650,0
877651,0
877652,0
877653,0
877654,0
877655,0
877656,0
877657,0
877658,0
877659,0
877660,0
877661,0
877662,0
877663,0
877664,0
877665,0
877666,0
877667,0
877668,32
877669,0
877670,0
877671,0
877672,0
877673,0
877674,0
877675,0
877676,0
877677,0
877678,0
877679,0
877680,0
877681,0
877682,0
877683,0
877684,0
877685,0
877686,0
877687,0
877688,0
877689,0
877690,0
877691,0
877692,21
877693,0
877694,0
877695,19
877696,0
877697,0
877698,0
877699,0
877700,0
877701,0
877702,0
877703,0
877704,0
877705,0
877706,0
877707,0
877708,0
877709,0
877710,0
877711,0
877712,0
877713,0
877714,0
877715,0
877716,0
877717,0
877718,0
877719,0
877720,0
877721,34
877722,0
877723,0
877724,0
877725,0
877726,0
877727,39
877728,0
877729,0
877730,0
877731,0
877732,0
877733,0
877734,0
877735,0
877736,0
877737,0
877738,0
877739,23
877740,0
877741,0
877742,0
877743,46
877744,0
877745,0
877746,0
877747,0
877748,38
877749,42
877750,17
877751,0
877752,0
877753,31
877754,0
877755,0
877756,0
877757,31
877758,0
877759,0
877760,0
877761,0
877762,0
877763,0
877764,0
877765,0
877766,0
877767,0
877768,0
877769,0
877770,0
877771,0
877772,0
877773,0
877774,0
877775,0
877776,0
877777,0
877778,0
877779,38
877780,0
877781,0
877782,0
877783,0
877784,0
877785,0
877786,0
877787,0
877788,0
877789,0
877790,46
877791,0
877792,0
877793,20
877794,0
877795,0
877796,0
877797,0
877798,0
877799,0
877800,0
877801,47
877802,0
877803,0
877804,0
877805,0
877806,0
877807,0
877808,0
877809,0
877810,39
877811,0
877812,15
877813,0
877814,0
877815,0
877816,0
877817,0
877818,0
877819,0
877820,0
877821,0
877822,0
877823,0
877824,29
877825,0
877826,16
877827,0
877828,21
877829,0
877830,0
877831,0
877832,21
877833,0
877834,0
877835,0
877836,0
877837,0
877838,0
877839,0
877840,0
877841,0
877842,0
877843,0
877844,0
877845,0
877846,0
877847,0
877848,0
877849,0
877850,0
877851,30
877852,32
877853,0
877854,0
877855,0
877856,0
877857,0
877858,56
877859,23
877860,0
877861,0
877862,0
877863,0
877864,0
877865,0
877866,0
877867,0
877868,0
877869,0
877870,0
877871,0
877872,44
877873,0
877874,0
877875,0
877876,0
877877,0
877878,0
877879,0
877880,42
877881,26
877882,0
877883,0
877884,0
877885,0
877886,19
877887,0
877888,38
877889,0
877890,17
877891,0
877892,0
877893,0
877894,0
877895,0
877896,0
877897,0
877898,0
877899,0
877900,0
877901,0
877902,0
877903,0
877904,0
877905,0
877906,0
877907,0
877908,0
877909,0
877910,0
877911,0
877912,0
877913,0
877914,26
877915,0
877916,0
877917,0
877918,0
877919,0
877920,0
877921,0
877922,0
877923,0
877924,0
877925,0
877926,0
877927,32
877928,0
877929,0
877930,0
877931,0
877932,0
877933,0
877934,0
877935,0
877936,0
877937,0
877938,0
877939,0
877940,0
877941,0
877942,0
877943,0
877944,0
877945,0
877946,0
877947,31
877948,0
877949,0
877950,0
877951,36
877952,0
877953,0
877954,0
877955,0
877956,0
877957,0
877958,0
877959,0
877960,0
877961,0
877962,0
877963,0
877964,46
877965,0
877966,36
877967,0
877968,0
877969,0
877970,0
877971,0
877972,0
877973,0
877974,0
877975,0
877976,0
877977,0
877978,0
877979,0
877980,0
877981,40
877982,41
877983,0
877984,51
877985,0
877986,0
877987,0
877988,0
877989,0
877990,0
877991,0
877992,0
877993,0
877994,0
877995,33
877996,0
877997,28
877998,0
877999,0
878000,0
878001,0
878002,0
878003,0
878004,0
878005,0
878006,0
878007,0
878008,0
878009,0
878010,0
878011,27
878012,0
878013,22
878014,0
878015,0
878016,0
878017,0
878018,0
878019,0
878020,25
878021,0
878022,0
878023,0
878024,0
878025,0
878026,0
878027,0
878028,20
878029,0
878030,0
878031,0
878032,0
878033,0
878034,0
878035,0
878036,34
878037,0
878038,23
878039,0
878040,0
878041,0
878042,0
878043,0
878044,0
878045,0
878046,0
878047,0
878048,0
878049,0
878050,0
878051,0
878052,0
878053,0
878054,0
878055,0
878056,0
878057,0
878058,0
878059,0
878060,0
878061,0
878062,0
878063,0
878064,0
878065,0
878066,0
878067,0
878068,0
878069,0
878070,0
878071,0
878072,0
878073,0
878074,0
878075,0
878076,0
878077,0
878078,0
878079,0
878080,0
878081,0
878082,43
878083,0
878084,0
878085,0
878086,0
878087,0
878088,0
878089,15
878090,0
878091,47
878092,0
878093,0
878094,0
878095,18
878096,0
878097,0
878098,21
878099,0
878100,0
878101,0
878102,0
878103,0
878104,0
878105,0
878106,24
878107,0
878108,0
878109,0
878110,0
878111,0
878112,0
878113,24
878114,0
878115,0
878116,27
878117,0
878118,0
878119,0
878120,0
878121,25
878122,0
878123,0
878124,0
878125,0
878126,0
878127,0
878128,0
878129,0
878130,20
878131,0
878132,0
878133,0
878134,0
878135,0
878136,0
878137,0
878138,0
878139,0
878140,0
878141,0
878142,0
878143,0
878144,0
878145,0
878146,0
878147,0
878148,0
878149,0
878150,32
878151,12
878152,0
878153,0
878154,33
878155,0
878156,0
878157,0
878158,0
878159,0
878160,0
878161,0
878162,0
878163,0
878164,37
878165,0
878166,0
878167,0
878168,0
878169,0
878170,0
878171,0
878172,0
878173,0
878174,0
878175,0
878176,0
878177,0
878178,0
878179,32
878180,0
878181,0
878182,22
878183,0
878184,0
878185,0
878186,0
878187,0
878188,0
878189,0
878190,0
878191,0
878192,0
878193,0
878194,0
878195,0
878196,0
878197,0
878198,0
878199,26
878200,0
878201,0
878202,0
878203,0
878204,0
878205,0
878206,35
878207,0
878208,0
878209,0
878210,0
878211,0
878212,0
878213,24
878214,0
878215,0
878216,0
878217,0
878218,0
878219,0
878220,0
878221,0
878222,0
878223,0
878224,0
878225,0
878226,0
878227,0
878228,0
878229,0
878230,0
878231,0
878232,0
878233,0
878234,0
878235,0
878236,0
878237,0
878238,0
878239,0
878240,17
878241,0
878242,0
878243,0
878244,0
878245,0
878246,0
878247,0
878248,0
878249,0
878250,0
878251,0
878252,0
878253,35
878254,0
878255,0
878256,0
878257,0
878258,0
878259,0
878260,0
878261,0
878262,0
878263,0
878264,0
878265,0
878266,0
878267,0
878268,0
878269,0
878270,21
878271,0
878272,0
878273,0
878274,0
878275,0
878276,0
878277,0
878278,0
878279,0
878280,0
878281,0
878282,0
878283,0
878284,0
878285,0
878286,0
878287,0
878288,0
878289,0
878290,0
878291,0
878292,0
878293,0
878294,0
878295,34
878296,0
878297,0
878298,0
878299,0
878300,0
878301,0
878302,0
878303,0
878304,0
878305,0
878306,0
878307,0
878308,31
878309,0
878310,0
878311,0
878312,0
878313,0
878314,0
878315,0
878316,0
878317,0
878318,0
878319,0
878320,0
878321,0
878322,0
878323,0
878324,0
878325,0
878326,0
878327,0
878328,0
878329,0
878330,0
878331,0
878332,0
878333,0
878334,0
878335,0
878336,0
878337,0
878338,0
878339,0
878340,0
878341,0
878342,0
878343,0
878344,0
878345,0
878346,0
878347,0
878348,0
878349,0
878350,0
878351,0
878352,0
878353,0
878354,0
878355,0
878356,0
878357,0
878358,0
878359,0
878360,0
878361,0
878362,0
878363,0
878364,0
878365,0
878366,30
878367,0
878368,0
878369,0
878370,0
878371,0
878372,0
878373,0
878374,0
878375,0
878376,0
878377,0
878378,0
878379,15
878380,0
878381,0
878382,0
878383,0
878384,0
878385,0
878386,0
878387,0
878388,28
878389,0
878390,0
878391,0
878392,0
878393,0
878394,0
878395,0
878396,0
878397,0
878398,0
878399,0
878400,0
878401,0
878402,0
878403,0
878404,0
878405,0
878406,0
878407,0
878408,0
878409,0
878410,0
878411,0
878412,0
878413,0
878414,0
878415,0
878416,0
878417,0
878418,0
878419,0
878420,0
878421,0
878422,0
878423,0
878424,0
878425,0
878426,0
878427,0
878428,0
878429,0
878430,0
878431,0
878432,0
878433,0
878434,0
878435,0
878436,0
878437,0
878438,0
878439,0
878440,0
878441,0
878442,20
878443,0
878444,0
878445,0
878446,0
878447,0
878448,0
878449,0
878450,0
878451,0
878452,0
878453,0
878454,0
878455,0
878456,0
878457,0
878458,0
878459,0
878460,0
878461,0
878462,0
878463,23
878464,0
878465,0
878466,0
878467,0
878468,0
878469,0
878470,0
878471,0
878472,0
878473,0
878474,0
878475,0
878476,0
878477,0
878478,0
878479,0
878480,0
878481,22
878482,0
878483,0
878484,0
878485,0
878486,0
878487,0
878488,0
878489,0
878490,0
878491,0
878492,0
878493,0
878494,0
878495,27
878496,0
878497,0
878498,0
878499,0
878500,0
878501,0
878502,0
878503,19
878504,0
878505,0
878506,0
878507,0
878508,0
878509,0
878510,0
878511,0
878512,0
878513,0
878514,0
878515,0
878516,0
878517,0
878518,0
878519,0
878520,0
878521,0
878522,0
878523,0
878524,0
878525,0
878526,0
878527,0
878528,0
878529,0
878530,40
878531,0
878532,0
878533,0
878534,0
878535,0
878536,0
878537,0
878538,0
878539,0
878540,0
878541,0
878542,0
878543,0
878544,0
878545,0
878546,0
878547,0
878548,0
878549,0
878550,0
878551,0
878552,0
878553,0
878554,0
878555,0
878556,0
878557,0
878558,0
878559,0
878560,0
878561,0
878562,0
878563,0
878564,0
878565,0
878566,0
878567,0
878568,0
878569,0
878570,0
878571,0
878572,0
878573,0
878574,0
878575,0
878576,0
878577,0
878578,0
878579,0
878580,0
878581,0
878582,0
878583,0
878584,0
878585,0
878586,0
878587,0
878588,0
878589,0
878590,0
878591,0
878592,0
878593,0
878594,0
878595,0
878596,0
878597,0
878598,0
878599,0
878600,0
878601,0
878602,0
878603,0
878604,0
878605,0
878606,0
878607,0
878608,0
878609,0
878610,0
878611,0
878612,0
878613,0
878614,0
878615,0
878616,0
878617,0
878618,0
878619,0
878620,0
878621,0
878622,0
878623,0
878624,0
878625,0
878626,0
878627,0
878628,0
878629,0
878630,0
878631,0
878632,0
878633,0
878634,0
878635,0
878636,0
878637,0
878638,0
878639,0
878640,0
878641,1
878642,0
878643,0
878644,0
878645,0
878646,0
878647,0
878648,0
878649,0
878650,0
878651,0
878652,0
878653,0
878654,0
878655,0
878656,0
878657,0
878658,0
878659,0
878660,0
878661,0
878662,0
878663,0
878664,0
878665,0
878666,0
878667,0
878668,0
878669,0
878670,0
878671,0
878672,0
878673,0
878674,0
878675,0
878676,0
878677,0
878678,0
878679,0
878680,0
878681,0
878682,0
878683,0
878684,0
878685,0
878686,0
878687,0
878688,0
878689,0
878690,0
878691,0
878692,0
878693,0
878694,0
878695,0
878696,0
878697,0
878698,0
878699,0
878700,0
878701,0
878702,2
878703,0
878704,0
878705,0
878706,0
878707,0
878708,0
878709,0
878710,0
878711,0
878712,0
878713,0
878714,0
878715,0
878716,0
878717,0
878718,0
878719,0
878720,0
878721,0
878722,0
878723,0
878724,0
878725,0
878726,0
878727,0
878728,0
878729,0
878730,0
878731,0
878732,0
878733,0
878734,0
878735,0
878736,0
878737,0
878738,0
878739,0
878740,0
878741,0
878742,0
878743,0
878744,0
878745,0
878746,0
878747,0
878748,0
878749,0
878750,0
878751,0
878752,0
878753,0
878754,0
878755,0
878756,0
878757,0
878758,0
878759,0
878760,0
878761,0
878762,0
878763,0
878764,0
878765,0
878766,0
878767,0
878768,0
878769,0
878770,0
878771,0
878772,0
878773,0
878774,0
878775,0
878776,0
878777,0
878778,0
878779,0
878780,0
878781,0
878782,0
878783,0
878784,0
878785,0
878786,0
878787,0
878788,0
878789,0
878790,0
878791,0
878792,0
878793,0
878794,0
878795,0
878796,0
878797,0
878798,0
878799,0
878800,0
878801,0
878802,0
878803,0
878804,1
878805,0
878806,0
878807,0
878808,0
878809,0
878810,0
878811,0
878812,0
878813,0
878814,0
878815,0
878816,0
878817,1
878818,0
878819,0
878820,0
878821,0
878822,0
878823,0
878824,0
878825,0
878826,0
878827,0
878828,0
878829,0
878830,0
878831,0
878832,0
878833,0
878834,0
878835,0
878836,0
878837,0
878838,0
878839,0
878840,0
878841,0
878842,0
878843,0
878844,0
878845,0
878846,0
878847,0
878848,0
878849,0
878850,0
878851,0
878852,0
878853,0
878854,0
878855,0
878856,0
878857,0
878858,0
878859,0
878860,0
878861,0
878862,0
878863,0
878864,0
878865,0
878866,0
878867,0
878868,0
878869,0
878870,0
878871,0
878872,0
878873,0
878874,0
878875,0
878876,0
878877,0
878878,0
878879,0
878880,0
878881,0
878882,0
878883,0
878884,0
878885,0
878886,0
878887,0
878888,0
878889,0
878890,0
878891,0
878892,0
878893,0
878894,0
878895,0
878896,0
878897,0
878898,0
878899,0
878900,0
878901,0
878902,0
878903,0
878904,0
878905,0
878906,0
878907,0
878908,0
878909,0
878910,0
878911,0
878912,0
878913,0
878914,0
878915,0
878916,0
878917,0
878918,0
878919,0
878920,0
878921,0
878922,0
878923,0
878924,0
878925,0
878926,0
878927,0
878928,0
878929,0
878930,0
878931,0
878932,0
878933,0
878934,0
878935,0
878936,0
878937,0
878938,0
878939,0
878940,0
878941,0
878942,0
878943,0
878944,0
878945,0
878946,0
878947,0
878948,0
878949,0
878950,0
878951,0
878952,0
878953,0
878954,0
878955,0
878956,0
878957,0
878958,0
878959,0
878960,0
878961,0
878962,0
878963,0
878964,0
878965,0
878966,0
878967,0
878968,0
878969,0
878970,0
878971,0
878972,0
878973,0
878974,0
878975,0
878976,0
878977,0
878978,0
878979,0
878980,0
878981,0
878982,0
878983,0
878984,0
878985,0
878986,30
878987,0
878988,0
878989,32
878990,0
878991,0
878992,0
878993,0
878994,0
878995,0
878996,0
878997,0
878998,0
878999,37
879000,0
879001,0
879002,48
879003,21
879004,0
879005,0
879006,0
879007,0
879008,0
879009,0
879010,0
879011,0
879012,34
879013,28
879014,0
879015,0
879016,0
879017,0
879018,0
879019,0
879020,0
879021,0
879022,0
879023,33
879024,0
879025,0
879026,0
879027,0
879028,0
879029,0
879030,0
879031,0
879032,0
879033,33
879034,35
879035,0
879036,42
879037,33
879038,0
879039,0
879040,0
879041,0
879042,0
879043,0
879044,0
879045,0
879046,0
879047,0
879048,32
879049,0
879050,26
879051,0
879052,31
879053,43
879054,0
879055,33
879056,0
879057,0
879058,0
879059,0
879060,0
879061,24
879062,0
879063,0
879064,28
879065,0
879066,43
879067,0
879068,0
879069,0
879070,32
879071,0
879072,0
879073,0
879074,0
879075,0
879076,0
879077,36
879078,29
879079,0
879080,39
879081,0
879082,0
879083,0
879084,0
879085,0
879086,0
879087,0
879088,0
879089,0
879090,31
879091,0
879092,0
879093,0
879094,0
879095,0
879096,0
879097,35
879098,0
879099,0
879100,0
879101,0
879102,41
879103,0
879104,0
879105,0
879106,0
879107,0
879108,36
879109,40
879110,0
879111,0
879112,0
879113,0
879114,0
879115,0
879116,0
879117,0
879118,0
879119,0
879120,0
879121,0
879122,0
879123,0
879124,0
879125,0
879126,49
879127,0
879128,0
879129,0
879130,0
879131,0
879132,0
879133,35
879134,0
879135,0
879136,0
879137,0
879138,0
879139,40
879140,0
879141,45
879142,0
879143,31
879144,0
879145,0
879146,0
879147,0
879148,0
879149,0
879150,0
879151,0
879152,36
879153,32
879154,41
879155,0
879156,0
879157,0
879158,0
879159,38
879160,0
879161,0
879162,0
879163,0
879164,0
879165,0
879166,32
879167,0
879168,34
879169,0
879170,0
879171,0
879172,0
879173,0
879174,29
879175,0
879176,29
879177,0
879178,0
879179,0
879180,0
879181,0
879182,0
879183,0
879184,37
879185,37
879186,0
879187,0
879188,0
879189,0
879190,27
879191,0
879192,32
879193,31
879194,41
879195,0
879196,34
879197,0
879198,0
879199,0
879200,0
879201,0
879202,0
879203,0
879204,0
879205,0
879206,41
879207,0
879208,0
879209,0
879210,41
879211,0
879212,0
879213,0
879214,0
879215,47
879216,0
879217,0
879218,0
879219,0
879220,0
879221,0
879222,0
879223,0
879224,0
879225,39
879226,20
879227,0
879228,30
879229,0
879230,0
879231,0
879232,33
879233,0
879234,0
879235,0
879236,0
879237,0
879238,0
879239,38
879240,0
879241,0
879242,32
879243,43
879244,0
879245,0
879246,0
879247,0
879248,0
879249,0
879250,0
879251,0
879252,45
879253,0
879254,0
879255,42
879256,0
879257,0
879258,0
879259,0
879260,0
879261,0
879262,0
879263,0
879264,36
879265,0
879266,0
879267,0
879268,32
879269,0
879270,0
879271,0
879272,28
879273,0
879274,0
879275,0
879276,35
879277,0
879278,40
879279,34
879280,37
879281,40
879282,0
879283,31
879284,44
879285,26
879286,0
879287,0
879288,0
879289,0
879290,0
879291,33
879292,31
879293,0
879294,32
879295,38
879296,0
879297,0
879298,34
879299,0
879300,0
879301,0
879302,32
879303,0
879304,0
879305,0
879306,42
879307,0
879308,0
879309,28
879310,0
879311,0
879312,0
879313,0
879314,0
879315,0
879316,0
879317,0
879318,0
879319,0
879320,0
879321,0
879322,0
879323,0
879324,31
879325,0
879326,0
879327,0
879328,37
879329,0
879330,40
879331,0
879332,0
879333,0
879334,0
879335,0
879336,38
879337,36
879338,0
879339,0
879340,0
879341,0
879342,0
879343,48
879344,0
879345,0
879346,0
879347,0
879348,0
879349,35
879350,38
879351,0
879352,0
879353,0
879354,0
879355,0
879356,0
879357,0
879358,0
879359,0
879360,0
879361,0
879362,0
879363,0
879364,0
879365,0
879366,0
879367,0
879368,0
879369,0
879370,0
879371,0
879372,0
879373,0
879374,0
879375,0
879376,38
879377,41
879378,0
879379,41
879380,0
879381,0
879382,0
879383,0
879384,0
879385,0
879386,40
879387,0
879388,0
879389,0
879390,0
879391,0
879392,30
879393,37
879394,0
879395,33
879396,0
879397,0
879398,32
879399,0
879400,0
879401,0
879402,0
879403,51
879404,25
879405,0
879406,0
879407,0
879408,39
879409,0
879410,0
879411,0
879412,0
879413,0
879414,0
879415,29
879416,26
879417,0
879418,0
879419,0
879420,0
879421,0
879422,0
879423,0
879424,0
879425,0
879426,46
879427,0
879428,0
879429,0
879430,30
879431,0
879432,0
879433,0
879434,0
879435,0
879436,0
879437,0
879438,0
879439,0
879440,0
879441,0
879442,0
879443,0
879444,0
879445,0
879446,26
879447,0
879448,0
879449,0
879450,0
879451,0
879452,0
879453,0
879454,0
879455,0
879456,0
879457,26
879458,0
879459,0
879460,0
879461,0
879462,0
879463,0
879464,0
879465,0
879466,28
879467,0
879468,0
879469,0
879470,0
879471,35
879472,49
879473,0
879474,0
879475,0
879476,0
879477,32
879478,30
879479,0
879480,0
879481,34
879482,0
879483,0
879484,20
879485,0
879486,0
879487,0
879488,0
879489,35
879490,0
879491,0
879492,0
879493,0
879494,0
879495,0
879496,0
879497,0
879498,0
879499,0
879500,40
879501,46
879502,33
879503,0
879504,0
879505,29
879506,0
879507,0
879508,0
879509,21
879510,0
879511,0
879512,0
879513,0
879514,0
879515,55
879516,0
879517,29
879518,0
879519,0
879520,0
879521,0
879522,0
879523,37
879524,41
879525,0
879526,0
879527,0
879528,0
879529,0
879530,0
879531,37
879532,0
879533,0
879534,0
879535,0
879536,0
879537,0
879538,0
879539,0
879540,27
879541,0
879542,0
879543,0
879544,41
879545,0
879546,0
879547,0
879548,0
879549,0
879550,0
879551,0
879552,0
879553,0
879554,0
879555,0
879556,0
879557,47
879558,0
879559,0
879560,0
879561,0
879562,0
879563,0
879564,0
879565,0
879566,0
879567,37
879568,25
879569,0
879570,0
879571,0
879572,0
879573,0
879574,0
879575,0
879576,0
879577,0
879578,0
879579,0
879580,0
879581,0
879582,0
879583,0
879584,38
879585,0
879586,0
879587,26
879588,25
879589,0
879590,22
879591,40
879592,0
879593,0
879594,0
879595,0
879596,0
879597,0
879598,0
879599,34
879600,0
879601,0
879602,0
879603,0
879604,0
879605,0
879606,0
879607,25
879608,0
879609,0
879610,0
879611,0
879612,0
879613,0
879614,0
879615,0
879616,0
879617,25
879618,35
879619,0
879620,0
879621,0
879622,30
879623,0
879624,0
879625,22
879626,24
879627,0
879628,0
879629,0
879630,25
879631,0
879632,0
879633,0
879634,0
879635,0
879636,41
879637,0
879638,0
879639,0
879640,39
879641,40
879642,29
879643,0
879644,0
879645,0
879646,34
879647,0
879648,0
879649,32
879650,0
879651,0
879652,0
879653,0
879654,0
879655,29
879656,30
879657,0
879658,0
879659,0
879660,0
879661,0
879662,0
879663,0
879664,0
879665,0
879666,0
879667,0
879668,0
879669,0
879670,0
879671,26
879672,0
879673,0
879674,0
879675,0
879676,0
879677,0
879678,0
879679,0
879680,0
879681,0
879682,0
879683,40
879684,0
879685,0
879686,30
879687,0
879688,0
879689,0
879690,0
879691,0
879692,0
879693,21
879694,28
879695,0
879696,0
879697,0
879698,0
879699,0
879700,0
879701,0
879702,0
879703,0
879704,25
879705,42
879706,27
879707,0
879708,0
879709,0
879710,44
879711,0
879712,0
879713,0
879714,20
879715,0
879716,0
879717,0
879718,0
879719,0
879720,0
879721,0
879722,0
879723,0
879724,0
879725,0
879726,0
879727,0
879728,0
879729,0
879730,33
879731,0
879732,0
879733,0
879734,45
879735,0
879736,0
879737,0
879738,0
879739,0
879740,24
879741,0
879742,0
879743,29
879744,34
879745,29
879746,0
879747,0
879748,0
879749,0
879750,0
879751,0
879752,0
879753,0
879754,0
879755,0
879756,0
879757,0
879758,0
879759,0
879760,38
879761,34
879762,0
879763,0
879764,0
879765,0
879766,0
879767,0
879768,0
879769,0
879770,0
879771,0
879772,0
879773,0
879774,0
879775,30
879776,32
879777,32
879778,0
879779,0
879780,0
879781,0
879782,35
879783,0
879784,0
879785,31
879786,41
879787,0
879788,0
879789,0
879790,0
879791,26
879792,0
879793,0
879794,31
879795,0
879796,0
879797,39
879798,0
879799,0
879800,0
879801,0
879802,28
879803,0
879804,0
879805,0
879806,0
879807,0
879808,0
879809,0
879810,30
879811,0
879812,0
879813,27
879814,0
879815,31
879816,0
879817,0
879818,0
879819,34
879820,29
879821,0
879822,0
879823,40
879824,0
879825,0
879826,0
879827,0
879828,36
879829,0
879830,0
879831,0
879832,0
879833,0
879834,38
879835,0
879836,0
879837,0
879838,0
879839,0
879840,0
879841,0
879842,0
879843,0
879844,0
879845,0
879846,0
879847,0
879848,0
879849,0
879850,0
879851,0
879852,0
879853,0
879854,49
879855,0
879856,0
879857,0
879858,0
879859,37
879860,0
879861,33
879862,0
879863,0
879864,34
879865,0
879866,0
879867,0
879868,0
879869,0
879870,0
879871,30
879872,0
879873,0
879874,0
879875,0
879876,0
879877,0
879878,0
879879,0
879880,0
879881,0
879882,0
879883,0
879884,0
879885,50
879886,0
879887,0
879888,0
879889,0
879890,0
879891,0
879892,0
879893,29
879894,0
879895,0
879896,26
879897,0
879898,0
879899,0
879900,0
879901,23
879902,0
879903,0
879904,0
879905,31
879906,0
879907,0
879908,30
879909,0
879910,0
879911,0
879912,0
879913,0
879914,0
879915,0
879916,29
879917,32
879918,37
879919,0
879920,0
879921,0
879922,0
879923,29
879924,34
879925,26
879926,0
879927,0
879928,0
879929,25
879930,0
879931,0
879932,0
879933,31
879934,0
879935,36
879936,0
879937,0
879938,0
879939,0
879940,0
879941,53
879942,0
879943,0
879944,0
879945,0
879946,39
879947,0
879948,0
879949,0
879950,0
879951,28
879952,0
879953,0
879954,41
879955,0
879956,0
879957,0
879958,0
879959,0
879960,0
879961,0
879962,0
879963,50
879964,51
879965,0
879966,0
879967,0
879968,0
879969,0
879970,0
879971,0
879972,0
879973,0
879974,31
879975,0
879976,0
879977,47
879978,0
879979,0
879980,0
879981,0
879982,38
879983,31
879984,42
879985,0
879986,0
879987,0
879988,0
879989,0
879990,0
879991,0
879992,0
879993,0
879994,0
879995,65
879996,26
879997,0
879998,30
879999,53
880000,0
880001,0
880002,0
880003,0
880004,0
880005,0
880006,0
880007,0
880008,43
880009,0
880010,0
880011,0
880012,0
880013,54
880014,0
880015,0
880016,0
880017,0
880018,0
880019,0
880020,0
880021,39
880022,50
880023,38
880024,50
880025,0
880026,0
880027,0
880028,33
880029,0
880030,32
880031,0
880032,26
880033,0
880034,28
880035,0
880036,30
880037,0
880038,0
880039,52
880040,0
880041,30
880042,0
880043,0
880044,53
880045,0
880046,44
880047,0
880048,0
880049,0
880050,0
880051,0
880052,0
880053,37
880054,0
880055,0
880056,0
880057,0
880058,0
880059,0
880060,0
880061,25
880062,0
880063,0
880064,0
880065,0
880066,0
880067,0
880068,0
880069,35
880070,49
880071,0
880072,0
880073,37
880074,34
880075,0
880076,0
880077,30
880078,27
880079,0
880080,0
880081,30
880082,0
880083,41
880084,0
880085,0
880086,0
880087,32
880088,0
880089,42
880090,0
880091,0
880092,0
880093,0
880094,0
880095,0
880096,0
880097,0
880098,0
880099,0
880100,0
880101,50
880102,0
880103,0
880104,35
880105,0
880106,0
880107,0
880108,0
880109,40
880110,0
880111,0
880112,33
880113,0
880114,0
880115,0
880116,0
880117,22
880118,30
880119,0
880120,0
880121,0
880122,30
880123,0
880124,37
880125,0
880126,0
880127,0
880128,0
880129,44
880130,57
880131,0
880132,32
880133,0
880134,0
880135,48
880136,0
880137,0
880138,59
880139,0
880140,0
880141,0
880142,0
880143,0
880144,0
880145,0
880146,0
880147,37
880148,0
880149,0
880150,43
880151,0
880152,0
880153,56
880154,27
880155,44
880156,0
880157,0
880158,0
880159,0
880160,0
880161,0
880162,0
880163,0
880164,37
880165,0
880166,0
880167,0
880168,0
880169,0
880170,0
880171,0
880172,0
880173,0
880174,0
880175,0
880176,0
880177,8
880178,0
880179,0
880180,0
880181,0
880182,8
880183,0
880184,0
880185,4
880186,0
880187,0
880188,0
880189,0
880190,0
880191,0
880192,5
880193,0
880194,0
880195,0
880196,0
880197,9
880198,0
880199,7
880200,0
880201,0
880202,0
880203,0
880204,0
880205,0
880206,0
880207,0
880208,0
880209,11
880210,0
880211,0
880212,0
880213,0
880214,0
880215,0
880216,0
880217,0
880218,0
880219,0
880220,0
880221,0
880222,0
880223,0
880224,0
880225,0
880226,0
880227,0
880228,0
880229,0
880230,0
880231,0
880232,0
880233,0
880234,0
880235,0
880236,3
880237,0
880238,0
880239,0
880240,0
880241,0
880242,0
880243,0
880244,0
880245,0
880246,0
880247,7
880248,0
880249,5
880250,0
880251,0
880252,0
880253,0
880254,0
880255,0
880256,0
880257,0
880258,0
880259,0
880260,0
880261,0
880262,0
880263,0
880264,0
880265,0
880266,4
880267,0
880268,0
880269,0
880270,0
880271,0
880272,0
880273,0
880274,0
880275,0
880276,3
880277,11
880278,0
880279,0
880280,0
880281,0
880282,0
880283,0
880284,0
880285,0
880286,0
880287,5
880288,0
880289,0
880290,0
880291,0
880292,0
880293,0
880294,0
880295,0
880296,0
880297,9
880298,0
880299,0
880300,0
880301,0
880302,0
880303,0
880304,8
880305,0
880306,0
880307,0
880308,0
880309,0
880310,0
880311,0
880312,0
880313,0
880314,0
880315,0
880316,0
880317,0
880318,0
880319,0
880320,0
880321,0
880322,0
880323,0
880324,0
880325,0
880326,0
880327,0
880328,0
880329,0
880330,0
880331,0
880332,0
880333,7
880334,0
880335,4
880336,0
880337,0
880338,7
880339,0
880340,0
880341,0
880342,0
880343,0
880344,0
880345,0
880346,0
880347,0
880348,0
880349,0
880350,0
880351,0
880352,0
880353,0
880354,0
880355,0
880356,11
880357,0
880358,0
880359,0
880360,0
880361,0
880362,0
880363,0
880364,3
880365,0
880366,0
880367,0
880368,0
880369,0
880370,0
880371,0
880372,0
880373,0
880374,0
880375,0
880376,0
880377,0
880378,0
880379,0
880380,8
880381,9
880382,0
880383,0
880384,0
880385,0
880386,0
880387,0
880388,0
880389,0
880390,0
880391,0
880392,0
880393,0
880394,0
880395,0
880396,0
880397,0
880398,0
880399,0
880400,0
880401,0
880402,0
880403,0
880404,0
880405,0
880406,0
880407,0
880408,10
880409,0
880410,0
880411,0
880412,0
880413,0
880414,0
880415,0
880416,0
880417,0
880418,0
880419,0
880420,5
880421,0
880422,0
880423,0
880424,0
880425,3
880426,0
880427,0
880428,0
880429,8
880430,0
880431,0
880432,0
880433,0
880434,0
880435,0
880436,0
880437,7
880438,0
880439,0
880440,0
880441,0
880442,0
880443,0
880444,0
880445,0
880446,0
880447,0
880448,0
880449,0
880450,2
880451,0
880452,0
880453,0
880454,0
880455,0
880456,0
880457,6
880458,1
880459,6
880460,0
880461,0
880462,0
880463,0
880464,6
880465,0
880466,10
880467,4
880468,0
880469,0
880470,0
880471,0
880472,0
880473,0
880474,0
880475,0
880476,0
880477,0
880478,0
880479,0
880480,0
880481,0
880482,0
880483,0
880484,0
880485,0
880486,0
880487,0
880488,0
880489,0
880490,0
880491,0
880492,0
880493,0
880494,0
880495,0
880496,0
880497,0
880498,0
880499,0
880500,0
880501,0
880502,0
880503,7
880504,0
880505,0
880506,0
880507,0
880508,0
880509,0
880510,0
880511,0
880512,0
880513,0
880514,0
880515,3
880516,0
880517,0
880518,0
880519,0
880520,0
880521,0
880522,0
880523,0
880524,0
880525,0
880526,0
880527,0
880528,2
880529,0
880530,0
880531,0
880532,0
880533,0
880534,0
880535,0
880536,0
880537,0
880538,0
880539,0
880540,0
880541,0
880542,0
880543,0
880544,0
880545,0
880546,0
880547,0
880548,0
880549,0
880550,0
880551,0
880552,0
880553,0
880554,0
880555,0
880556,0
880557,0
880558,0
880559,0
880560,0
880561,0
880562,0
880563,0
880564,0
880565,0
880566,0
880567,0
880568,0
880569,0
880570,0
880571,0
880572,0
880573,0
880574,0
880575,0
880576,0
880577,0
880578,0
880579,7
880580,0
880581,0
880582,0
880583,0
880584,0
880585,0
880586,6
880587,0
880588,0
880589,0
880590,0
880591,0
880592,0
880593,5
880594,0
880595,0
880596,0
880597,0
880598,0
880599,0
880600,0
880601,0
880602,0
880603,0
880604,0
880605,0
880606,0
880607,0
880608,0
880609,4
880610,0
880611,0
880612,0
880613,0
880614,0
880615,0
880616,0
880617,0
880618,0
880619,0
880620,0
880621,0
880622,0
880623,0
880624,0
880625,0
880626,0
880627,0
880628,7
880629,0
880630,0
880631,0
880632,0
880633,0
880634,0
880635,1
880636,0
880637,0
880638,0
880639,0
880640,0
880641,0
880642,0
880643,0
880644,0
880645,0
880646,5
880647,0
880648,0
880649,0
880650,0
880651,0
880652,0
880653,0
880654,3
880655,4
880656,0
880657,8
880658,0
880659,0
880660,0
880661,0
880662,0
880663,0
880664,0
880665,0
880666,7
880667,0
880668,0
880669,4
880670,0
880671,0
880672,0
880673,0
880674,4
880675,0
880676,0
880677,4
880678,0
880679,0
880680,6
880681,0
880682,0
880683,0
880684,0
880685,0
880686,0
880687,0
880688,0
880689,0
880690,0
880691,0
880692,0
880693,0
880694,0
880695,0
880696,0
880697,0
880698,0
880699,0
880700,0
880701,0
880702,0
880703,0
880704,0
880705,0
880706,0
880707,0
880708,0
880709,0
880710,0
880711,0
880712,7
880713,0
880714,0
880715,0
880716,0
880717,0
880718,0
880719,0
880720,0
880721,0
880722,0
880723,0
880724,0
880725,0
880726,0
880727,0
880728,0
880729,0
880730,0
880731,0
880732,0
880733,0
880734,0
880735,0
880736,0
880737,0
880738,0
880739,0
880740,0
880741,0
880742,0
880743,0
880744,0
880745,0
880746,0
880747,0
880748,0
880749,0
880750,0
880751,0
880752,0
880753,0
880754,0
880755,0
880756,0
880757,2
880758,0
880759,0
880760,0
880761,6
880762,5
880763,0
880764,0
880765,0
880766,0
880767,0
880768,0
880769,0
880770,0
880771,0
880772,0
880773,0
880774,0
880775,0
880776,0
880777,0
880778,0
880779,0
880780,0
880781,0
880782,7
880783,0
880784,0
880785,0
880786,7
880787,0
880788,0
880789,0
880790,0
880791,0
880792,0
880793,0
880794,0
880795,0
880796,0
880797,0
880798,0
880799,0
880800,0
880801,0
880802,0
880803,0
880804,8
880805,0
880806,0
880807,0
880808,0
880809,0
880810,0
880811,0
880812,0
880813,0
880814,0
880815,0
880816,7
880817,0
880818,0
880819,0
880820,0
880821,0
880822,0
880823,0
880824,0
880825,0
880826,0
880827,0
880828,0
880829,0
880830,0
880831,0
880832,5
880833,5
880834,0
880835,0
880836,0
880837,0
880838,0
880839,0
880840,0
880841,6
880842,0
880843,0
880844,0
880845,0
880846,0
880847,0
880848,6
880849,0
880850,0
880851,0
880852,9
880853,0
880854,8
880855,5
880856,0
880857,0
880858,0
880859,0
880860,0
880861,0
880862,0
880863,0
880864,0
880865,0
880866,0
880867,0
880868,0
880869,0
880870,0
880871,0
880872,0
880873,0
880874,0
880875,3
880876,0
880877,0
880878,0
880879,0
880880,0
880881,0
880882,0
880883,0
880884,0
880885,8
880886,0
880887,0
880888,0
880889,0
880890,0
880891,0
880892,0
880893,0
880894,0
880895,0
880896,0
880897,0
880898,0
880899,0
880900,6
880901,0
880902,0
880903,12
880904,0
880905,0
880906,0
880907,0
880908,0
880909,6
880910,0
880911,0
880912,0
880913,15
880914,0
880915,0
880916,11
880917,0
880918,0
880919,0
880920,0
880921,0
880922,0
880923,12
880924,14
880925,0
880926,0
880927,0
880928,0
880929,0
880930,0
880931,0
880932,0
880933,18
880934,0
880935,0
880936,0
880937,0
880938,0
880939,0
880940,0
880941,0
880942,26
880943,0
880944,0
880945,0
880946,0
880947,0
880948,0
880949,0
880950,0
880951,13
880952,17
880953,0
880954,0
880955,0
880956,0
880957,12
880958,0
880959,11
880960,0
880961,0
880962,6
880963,19
880964,0
880965,25
880966,0
880967,16
880968,0
880969,0
880970,0
880971,0
880972,0
880973,0
880974,11
880975,17
880976,7
880977,15
880978,0
880979,0
880980,0
880981,13
880982,19
880983,0
880984,18
880985,20
880986,0
880987,0
880988,0
880989,0
880990,0
880991,0
880992,19
880993,0
880994,0
880995,0
880996,0
880997,0
880998,9
880999,0
881000,0
881001,15
881002,0
881003,0
881004,11
881005,0
881006,0
881007,13
881008,0
881009,0
881010,0
881011,0
881012,0
881013,0
881014,0
881015,0
881016,0
881017,0
881018,11
881019,0
881020,14
881021,0
881022,21
881023,0
881024,0
881025,0
881026,8
881027,0
881028,0
881029,0
881030,17
881031,0
881032,0
881033,0
881034,18
881035,0
881036,0
881037,0
881038,0
881039,14
881040,0
881041,0
881042,0
881043,0
881044,0
881045,0
881046,10
881047,0
881048,0
881049,0
881050,0
881051,0
881052,0
881053,0
881054,0
881055,0
881056,14
881057,16
881058,0
881059,0
881060,0
881061,16
881062,14
881063,0
881064,0
881065,14
881066,0
881067,0
881068,12
881069,0
881070,0
881071,0
881072,0
881073,0
881074,0
881075,0
881076,0
881077,0
881078,0
881079,0
881080,9
881081,0
881082,13
881083,0
881084,0
881085,0
881086,18
881087,0
881088,0
881089,0
881090,0
881091,0
881092,12
881093,0
881094,0
881095,0
881096,0
881097,0
881098,15
881099,7
881100,11
881101,0
881102,0
881103,0
881104,0
881105,0
881106,0
881107,16
881108,0
881109,0
881110,0
881111,0
881112,9
881113,0
881114,0
881115,8
881116,0
881117,0
881118,0
881119,0
881120,0
881121,0
881122,0
881123,0
881124,3
881125,0
881126,13
881127,0
881128,0
881129,0
881130,15
881131,16
881132,0
881133,0
881134,0
881135,0
881136,0
881137,0
881138,0
881139,8
881140,0
881141,0
881142,0
881143,0
881144,0
881145,11
881146,0
881147,0
881148,10
881149,0
881150,9
881151,0
881152,0
881153,10
881154,0
881155,12
881156,0
881157,8
881158,0
881159,0
881160,19
881161,0
881162,0
881163,0
881164,0
881165,0
881166,9
881167,15
881168,13
881169,0
881170,0
881171,12
881172,0
881173,9
881174,0
881175,7
881176,0
881177,0
881178,0
881179,0
881180,0
881181,15
881182,0
881183,0
881184,0
881185,0
881186,16
881187,0
881188,12
881189,0
881190,0
881191,0
881192,0
881193,0
881194,0
881195,9
881196,13
881197,15
881198,0
881199,0
881200,0
881201,0
881202,0
881203,0
881204,0
881205,12
881206,0
881207,17
881208,0
881209,0
881210,0
881211,0
881212,0
881213,0
881214,0
881215,18
881216,0
881217,11
881218,0
881219,0
881220,0
881221,11
881222,0
881223,0
881224,12
881225,0
881226,0
881227,0
881228,0
881229,0
881230,0
881231,0
881232,12
881233,0
881234,0
881235,0
881236,0
881237,0
881238,15
881239,0
881240,14
881241,8
881242,5
881243,0
881244,0
881245,17
881246,0
881247,0
881248,4
881249,0
881250,0
881251,0
881252,0
881253,17
881254,7
881255,19
881256,0
881257,0
881258,0
881259,0
881260,0
881261,7
881262,0
881263,0
881264,0
881265,13
881266,10
881267,0
881268,0
881269,0
881270,0
881271,0
881272,0
881273,0
881274,0
881275,14
881276,13
881277,0
881278,0
881279,0
881280,0
881281,0
881282,0
881283,12
881284,9
881285,0
881286,0
881287,14
881288,0
881289,9
881290,10
881291,0
881292,12
881293,0
881294,0
881295,13
881296,9
881297,0
881298,0
881299,0
881300,13
881301,0
881302,0
881303,11
881304,17
881305,0
881306,0
881307,0
881308,0
881309,0
881310,0
881311,0
881312,0
881313,0
881314,7
881315,0
881316,15
881317,0
881318,0
881319,0
881320,9
881321,0
881322,15
881323,22
881324,24
881325,0
881326,0
881327,0
881328,18
881329,0
881330,16
881331,11
881332,0
881333,0
881334,0
881335,0
881336,0
881337,0
881338,0
881339,9
881340,0
881341,0
881342,17
881343,0
881344,13
881345,0
881346,0
881347,17
881348,18
881349,0
881350,16
881351,0
881352,0
881353,0
881354,0
881355,14
881356,13
881357,0
881358,0
881359,0
881360,0
881361,0
881362,0
881363,0
881364,0
881365,0
881366,0
881367,0
881368,0
881369,0
881370,0
881371,0
881372,0
881373,0
881374,0
881375,0
881376,15
881377,24
881378,0
881379,0
881380,0
881381,0
881382,20
881383,11
881384,0
881385,0
881386,12
881387,10
881388,13
881389,0
881390,0
881391,0
881392,0
881393,0
881394,0
881395,0
881396,16
881397,16
881398,0
881399,0
881400,0
881401,0
881402,8
881403,10
881404,0
881405,12
881406,0
881407,0
881408,0
881409,0
881410,16
881411,0
881412,0
881413,11
881414,0
881415,16
881416,0
881417,0
881418,0
881419,0
881420,0
881421,9
881422,0
881423,18
881424,0
881425,0
881426,0
881427,0
881428,0
881429,0
881430,0
881431,0
881432,19
881433,11
881434,0
881435,0
881436,0
881437,0
881438,13
881439,0
881440,0
881441,0
881442,10
881443,13
881444,0
881445,0
881446,0
881447,13
881448,17
881449,0
881450,0
881451,0
881452,0
881453,0
881454,0
881455,0
881456,20
881457,0
881458,0
881459,0
881460,0
881461,0
881462,0
881463,0
881464,17
881465,0
881466,12
881467,0
881468,0
881469,0
881470,15
881471,0
881472,0
881473,0
881474,8
881475,0
881476,13
881477,0
881478,0
881479,12
881480,0
881481,21
881482,13
881483,0
881484,0
881485,0
881486,0
881487,0
881488,0
881489,0
881490,0
881491,0
881492,0
881493,8
881494,14
881495,0
881496,0
881497,0
881498,0
881499,0
881500,0
881501,0
881502,0
881503,20
881504,11
881505,0
881506,14
881507,0
881508,0
881509,0
881510,0
881511,9
881512,0
881513,12
881514,0
881515,0
881516,0
881517,0
881518,0
881519,0
881520,0
881521,0
881522,12
881523,8
881524,16
881525,24
881526,0
881527,0
881528,0
881529,0
881530,0
881531,0
881532,0
881533,0
881534,0
881535,0
881536,16
881537,0
881538,0
881539,8
881540,0
881541,0
881542,0
881543,0
881544,0
881545,0
881546,0
881547,0
881548,54
881549,0
881550,0
881551,0
881552,0
881553,0
881554,0
881555,0
881556,0
881557,20
881558,0
881559,0
881560,0
881561,0
881562,53
881563,0
881564,0
881565,0
881566,28
881567,0
881568,0
881569,0
881570,0
881571,0
881572,0
881573,0
881574,35
881575,24
881576,57
881577,0
881578,0
881579,0
881580,0
881581,0
881582,0
881583,24
881584,0
881585,0
881586,0
881587,0
881588,0
881589,0
881590,0
881591,0
881592,0
881593,0
881594,0
881595,0
881596,20
881597,0
881598,0
881599,0
881600,28
881601,34
881602,0
881603,23
881604,10
881605,0
881606,0
881607,0
881608,0
881609,18
881610,37
881611,0
881612,0
881613,0
881614,0
881615,0
881616,0
881617,0
881618,0
881619,0
881620,30
881621,22
881622,0
881623,0
881624,0
881625,31
881626,0
881627,0
881628,0
881629,48
881630,0
881631,0
881632,0
881633,0
881634,0
881635,0
881636,0
881637,0
881638,0
881639,0
881640,17
881641,0
881642,13
881643,0
881644,26
881645,24
881646,0
881647,0
881648,0
881649,0
881650,0
881651,28
881652,0
881653,0
881654,0
881655,0
881656,18
881657,0
881658,0
881659,0
881660,0
881661,0
881662,0
881663,43
881664,0
881665,32
881666,0
881667,0
881668,18
881669,0
881670,0
881671,0
881672,0
881673,0
881674,0
881675,0
881676,0
881677,0
881678,0
881679,0
881680,0
881681,0
881682,0
881683,0
881684,37
881685,0
881686,0
881687,0
881688,0
881689,0
881690,0
881691,0
881692,0
881693,0
881694,24
881695,0
881696,0
881697,0
881698,0
881699,0
881700,0
881701,0
881702,0
881703,0
881704,0
881705,0
881706,0
881707,0
881708,0
881709,0
881710,0
881711,0
881712,0
881713,0
881714,0
881715,0
881716,0
881717,0
881718,0
881719,0
881720,0
881721,21
881722,32
881723,0
881724,0
881725,0
881726,24
881727,0
881728,0
881729,0
881730,0
881731,0
881732,0
881733,0
881734,10
881735,37
881736,0
881737,0
881738,0
881739,0
881740,0
881741,0
881742,0
881743,26
881744,0
881745,0
881746,0
881747,0
881748,0
881749,0
881750,0
881751,0
881752,0
881753,0
881754,0
881755,0
881756,0
881757,0
881758,0
881759,0
881760,0
881761,0
881762,0
881763,0
881764,0
881765,23
881766,0
881767,0
881768,0
881769,0
881770,0
881771,31
881772,0
881773,0
881774,0
881775,0
881776,0
881777,16
881778,0
881779,0
881780,0
881781,0
881782,0
881783,0
881784,0
881785,0
881786,0
881787,0
881788,23
881789,0
881790,0
881791,0
881792,0
881793,0
881794,0
881795,0
881796,0
881797,0
881798,26
881799,0
881800,37
881801,0
881802,0
881803,0
881804,0
881805,0
881806,31
881807,0
881808,37
881809,0
881810,0
881811,0
881812,0
881813,0
881814,0
881815,0
881816,0
881817,0
881818,9
881819,0
881820,0
881821,0
881822,0
881823,0
881824,0
881825,26
881826,0
881827,0
881828,0
881829,0
881830,15
881831,0
881832,0
881833,34
881834,0
881835,0
881836,11
881837,0
881838,0
881839,0
881840,0
881841,0
881842,0
881843,0
881844,0
881845,0
881846,0
881847,35
881848,0
881849,0
881850,0
881851,0
881852,0
881853,0
881854,0
881855,32
881856,0
881857,0
881858,0
881859,0
881860,0
881861,0
881862,0
881863,0
881864,32
881865,0
881866,0
881867,0
881868,0
881869,0
881870,0
881871,0
881872,0
881873,0
881874,20
881875,0
881876,0
881877,0
881878,0
881879,16
881880,0
881881,0
881882,0
881883,0
881884,0
881885,0
881886,0
881887,0
881888,0
881889,0
881890,0
881891,0
881892,0
881893,22
881894,0
881895,0
881896,0
881897,0
881898,0
881899,0
881900,0
881901,0
881902,0
881903,0
881904,0
881905,0
881906,24
881907,0
881908,0
881909,31
881910,0
881911,0
881912,0
881913,19
881914,26
881915,0
881916,0
881917,0
881918,0
881919,0
881920,0
881921,0
881922,38
881923,33
881924,0
881925,0
881926,0
881927,0
881928,37
881929,0
881930,0
881931,0
881932,0
881933,0
881934,0
881935,0
881936,0
881937,17
881938,0
881939,0
881940,0
881941,0
881942,0
881943,30
881944,0
881945,0
881946,0
881947,0
881948,0
881949,0
881950,43
881951,0
881952,0
881953,0
881954,0
881955,0
881956,0
881957,0
881958,0
881959,0
881960,0
881961,0
881962,0
881963,0
881964,0
881965,0
881966,0
881967,25
881968,0
881969,0
881970,0
881971,0
881972,12
881973,0
881974,0
881975,0
881976,0
881977,0
881978,0
881979,0
881980,0
881981,0
881982,0
881983,0
881984,0
881985,0
881986,0
881987,0
881988,0
881989,0
881990,33
881991,0
881992,0
881993,0
881994,0
881995,25
881996,0
881997,0
881998,0
881999,0
882000,0
882001,0
882002,0
882003,0
882004,0
882005,0
882006,0
882007,0
882008,0
882009,0
882010,0
882011,43
882012,0
882013,0
882014,37
882015,42
882016,0
882017,0
882018,19
882019,0
882020,0
882021,0
882022,0
882023,0
882024,0
882025,0
882026,0
882027,0
882028,0
882029,26
882030,0
882031,0
882032,0
882033,0
882034,0
882035,25
882036,0
882037,13
882038,0
882039,0
882040,0
882041,0
882042,31
882043,0
882044,0
882045,0
882046,0
882047,0
882048,32
882049,0
882050,0
882051,40
882052,0
882053,0
882054,27
882055,0
882056,0
882057,29
882058,0
882059,0
882060,0
882061,0
882062,0
882063,0
882064,0
882065,0
882066,30
882067,0
882068,15
882069,0
882070,21
882071,0
882072,0
882073,0
882074,0
882075,0
882076,0
882077,0
882078,0
882079,0
882080,0
882081,25
882082,30
882083,0
882084,0
882085,0
882086,35
882087,0
882088,0
882089,0
882090,0
882091,0
882092,0
882093,0
882094,0
882095,0
882096,21
882097,0
882098,0
882099,30
882100,0
882101,25
882102,23
882103,0
882104,15
882105,0
882106,0
882107,0
882108,0
882109,0
882110,0
882111,0
882112,0
882113,0
882114,0
882115,34
882116,0
882117,0
882118,0
882119,0
882120,11
882121,0
882122,0
882123,0
882124,0
882125,0
882126,0
882127,0
882128,0
882129,0
882130,40
882131,0
882132,0
882133,0
882134,44
882135,0
882136,0
882137,0
882138,38
882139,0
882140,0
882141,34
882142,0
882143,0
882144,0
882145,36
882146,0
882147,0
882148,0
882149,20
882150,0
882151,0
882152,0
882153,0
882154,51
882155,0
882156,0
882157,0
882158,27
882159,33
882160,0
882161,0
882162,19
882163,0
882164,0
882165,0
882166,0
882167,0
882168,0
882169,0
882170,0
882171,0
882172,0
882173,0
882174,0
882175,0
882176,0
882177,0
882178,0
882179,0
882180,0
882181,42
882182,0
882183,0
882184,41
882185,0
882186,0
882187,0
882188,0
882189,0
882190,0
882191,0
882192,0
882193,0
882194,0
882195,0
882196,26
882197,26
882198,0
882199,0
882200,0
882201,0
882202,0
882203,0
882204,0
882205,0
882206,0
882207,0
882208,0
882209,17
882210,0
882211,0
882212,0
882213,0
882214,0
882215,0
882216,30
882217,0
882218,0
882219,0
882220,0
882221,0
882222,0
882223,0
882224,0
882225,0
882226,0
882227,26
882228,0
882229,0
882230,0
882231,0
882232,0
882233,0
882234,0
882235,0
882236,21
882237,0
882238,0
882239,0
882240,0
882241,0
882242,0
882243,0
882244,30
882245,0
882246,0
882247,0
882248,0
882249,0
882250,0
882251,0
882252,0
882253,0
882254,0
882255,0
882256,0
882257,0
882258,0
882259,0
882260,0
882261,16
882262,0
882263,0
882264,0
882265,0
882266,0
882267,41
882268,0
882269,0
882270,0
882271,31
882272,0
882273,0
882274,0
882275,0
882276,0
882277,0
882278,0
882279,0
882280,0
882281,0
882282,0
882283,0
882284,0
882285,0
882286,0
882287,0
882288,0
882289,0
882290,0
882291,0
882292,14
882293,0
882294,0
882295,0
882296,0
882297,0
882298,50
882299,0
882300,0
882301,0
882302,0
882303,0
882304,0
882305,0
882306,29
882307,0
882308,0
882309,0
882310,0
882311,18
882312,0
882313,0
882314,0
882315,0
882316,25
882317,0
882318,0
882319,0
882320,0
882321,0
882322,0
882323,0
882324,0
882325,0
882326,0
882327,0
882328,0
882329,0
882330,0
882331,0
882332,0
882333,0
882334,0
882335,0
882336,0
882337,0
882338,0
882339,0
882340,0
882341,0
882342,0
882343,0
882344,0
882345,0
882346,0
882347,51
882348,0
882349,0
882350,0
882351,0
882352,0
882353,0
882354,0
882355,24
882356,0
882357,0
882358,0
882359,27
882360,0
882361,0
882362,11
882363,30
882364,29
882365,0
882366,0
882367,0
882368,0
882369,0
882370,0
882371,16
882372,0
882373,0
882374,0
882375,0
882376,0
882377,0
882378,28
882379,0
882380,0
882381,0
882382,0
882383,23
882384,0
882385,0
882386,22
882387,0
882388,0
882389,0
882390,0
882391,0
882392,0
882393,0
882394,0
882395,0
882396,30
882397,0
882398,0
882399,0
882400,0
882401,15
882402,0
882403,11
882404,0
882405,0
882406,0
882407,17
882408,0
882409,0
882410,0
882411,0
882412,0
882413,0
882414,0
882415,0
882416,0
882417,0
882418,0
882419,0
882420,0
882421,0
882422,0
882423,0
882424,0
882425,33
882426,0
882427,0
882428,0
882429,33
882430,0
882431,30
882432,0
882433,0
882434,36
882435,0
882436,0
882437,33
882438,0
882439,0
882440,0
882441,0
882442,37
882443,0
882444,0
882445,22
882446,0
882447,0
882448,0
882449,0
882450,29
882451,0
882452,0
882453,0
882454,0
882455,0
882456,0
882457,0
882458,0
882459,45
882460,0
882461,0
882462,0
882463,0
882464,0
882465,0
882466,0
882467,0
882468,0
882469,20
882470,0
882471,0
882472,0
882473,0
882474,0
882475,0
882476,0
882477,0
882478,17
882479,0
882480,25
882481,0
882482,0
882483,0
882484,41
882485,0
882486,0
882487,30
882488,0
882489,0
882490,12
882491,43
882492,0
882493,0
882494,35
882495,34
882496,0
882497,0
882498,0
882499,0
882500,30
882501,0
882502,20
882503,22
882504,0
882505,24
882506,30
882507,20
882508,0
882509,0
882510,0
882511,20
882512,0
882513,0
882514,23
882515,0
882516,0
882517,0
882518,0
882519,21
882520,0
882521,30
882522,0
882523,0
882524,0
882525,28
882526,0
882527,0
882528,38
882529,0
882530,0
882531,30
882532,0
882533,0
882534,34
882535,0
882536,0
882537,0
882538,0
882539,0
882540,0
882541,0
882542,0
882543,0
882544,23
882545,28
882546,0
882547,0
882548,0
882549,0
882550,31
882551,0
882552,25
882553,0
882554,0
882555,29
882556,0
882557,16
882558,26
882559,0
882560,18
882561,0
882562,0
882563,0
882564,0
882565,0
882566,0
882567,25
882568,0
882569,0
882570,22
882571,0
882572,0
882573,0
882574,0
882575,0
882576,0
882577,0
882578,0
882579,0
882580,0
882581,0
882582,38
882583,0
882584,0
882585,0
882586,25
882587,0
882588,0
882589,0
882590,0
882591,23
882592,0
882593,0
882594,0
882595,0
882596,0
882597,0
882598,0
882599,21
882600,0
882601,0
882602,0
882603,0
882604,0
882605,27
882606,34
882607,0
882608,0
882609,0
882610,12
882611,0
882612,38
882613,0
882614,0
882615,27
882616,30
882617,0
882618,0
882619,21
882620,0
882621,0
882622,0
882623,0
882624,0
882625,18
882626,0
882627,31
882628,0
882629,0
882630,17
882631,0
882632,0
882633,0
882634,0
882635,0
882636,0
882637,0
882638,0
882639,0
882640,0
882641,23
882642,31
882643,0
882644,26
882645,0
882646,0
882647,0
882648,21
882649,0
882650,0
882651,0
882652,0
882653,0
882654,0
882655,0
882656,35
882657,0
882658,0
882659,0
882660,0
882661,0
882662,0
882663,20
882664,0
882665,25
882666,0
882667,0
882668,21
882669,0
882670,0
882671,0
882672,0
882673,0
882674,21
882675,0
882676,0
882677,0
882678,0
882679,0
882680,0
882681,0
882682,0
882683,0
882684,34
882685,0
882686,0
882687,0
882688,0
882689,0
882690,0
882691,23
882692,0
882693,0
882694,20
882695,0
882696,24
882697,0
882698,0
882699,22
882700,0
882701,0
882702,0
882703,0
882704,0
882705,0
882706,22
882707,0
882708,0
882709,0
882710,0
882711,26
882712,0
882713,22
882714,0
882715,27
882716,33
882717,0
882718,0
882719,0
882720,0
882721,0
882722,0
882723,0
882724,0
882725,0
882726,0
882727,26
882728,0
882729,0
882730,0
882731,29
882732,28
882733,20
882734,21
882735,0
882736,15
882737,0
882738,0
882739,0
882740,0
882741,0
882742,0
882743,0
882744,0
882745,0
882746,0
882747,0
882748,16
882749,0
882750,29
882751,32
882752,31
882753,0
882754,29
882755,0
882756,0
882757,0
882758,0
882759,0
882760,0
882761,27
882762,0
882763,37
882764,0
882765,29
882766,24
882767,0
882768,14
882769,34
882770,19
882771,0
882772,0
882773,0
882774,28
882775,0
882776,0
882777,0
882778,27
882779,0
882780,0
882781,30
882782,0
882783,0
882784,0
882785,0
882786,0
882787,0
882788,0
882789,0
882790,27
882791,19
882792,0
882793,0
882794,20
882795,0
882796,24
882797,0
882798,0
882799,0
882800,0
882801,0
882802,0
882803,0
882804,26
882805,0
882806,0
882807,0
882808,0
882809,0
882810,0
882811,0
882812,0
882813,0
882814,0
882815,0
882816,0
882817,36
882818,0
882819,0
882820,0
882821,0
882822,0
882823,0
882824,0
882825,0
882826,0
882827,0
882828,0
882829,0
882830,15
882831,31
882832,0
882833,0
882834,0
882835,0
882836,0
882837,24
882838,0
882839,0
882840,0
882841,0
882842,29
882843,0
882844,0
882845,0
882846,0
882847,0
882848,32
882849,25
882850,0
882851,0
882852,19
882853,23
882854,0
882855,0
882856,0
882857,0
882858,30
882859,0
882860,0
882861,27
882862,0
882863,0
882864,0
882865,0
882866,0
882867,0
882868,25
882869,0
882870,0
882871,26
882872,0
882873,0
882874,0
882875,0
882876,0
882877,0
882878,0
882879,0
882880,0
882881,15
882882,0
882883,0
882884,25
882885,0
882886,26
882887,34
882888,0
882889,0
882890,0
882891,27
882892,0
882893,0
882894,37
882895,0
882896,27
882897,0
882898,19
882899,0
882900,34
882901,30
882902,0
882903,0
882904,0
882905,0
882906,0
882907,36
882908,16
882909,0
882910,0
882911,0
882912,0
882913,0
882914,25
882915,23
882916,0
882917,21
882918,0
882919,0
882920,24
882921,0
882922,27
882923,0
882924,0
882925,28
882926,0
882927,0
882928,0
882929,0
882930,0
882931,25
882932,17
882933,0
882934,19
882935,0
882936,0
882937,31
882938,0
882939,0
882940,27
882941,27
882942,0
882943,0
882944,0
882945,20
882946,23
882947,0
882948,0
882949,24
882950,0
882951,23
882952,0
882953,0
882954,0
882955,0
882956,0
882957,0
882958,20
882959,0
882960,0
882961,0
882962,0
882963,0
882964,29
882965,0
882966,0
882967,17
882968,37
882969,0
882970,0
882971,0
882972,0
882973,26
882974,12
882975,0
882976,0
882977,30
882978,28
882979,0
882980,0
882981,0
882982,12
882983,0
882984,0
882985,22
882986,0
882987,0
882988,0
882989,0
882990,0
882991,0
882992,0
882993,35
882994,0
882995,0
882996,0
882997,17
882998,0
882999,25
883000,0
883001,28
883002,0
883003,22
883004,22
883005,0
883006,0
883007,0
883008,0
883009,0
883010,22
883011,20
883012,0
883013,0
883014,0
883015,0
883016,0
883017,25
883018,0
883019,0
883020,24
883021,0
883022,0
883023,0
883024,0
883025,13
883026,0
883027,0
883028,0
883029,0
883030,0
883031,0
883032,19
883033,0
883034,17
883035,17
883036,15
883037,0
883038,0
883039,0
883040,0
883041,0
883042,0
883043,0
883044,0
883045,0
883046,0
883047,0
883048,0
883049,11
883050,0
883051,0
883052,0
883053,13
883054,0
883055,25
883056,0
883057,0
883058,0
883059,0
883060,10
883061,0
883062,0
883063,0
883064,0
883065,0
883066,10
883067,0
883068,0
883069,0
883070,0
883071,19
883072,0
883073,15
883074,0
883075,0
883076,0
883077,0
883078,0
883079,11
883080,13
883081,0
883082,0
883083,0
883084,0
883085,10
883086,0
883087,0
883088,22
883089,0
883090,0
883091,9
883092,0
883093,20
883094,0
883095,0
883096,20
883097,0
883098,0
883099,0
883100,0
883101,0
883102,0
883103,0
883104,0
883105,0
883106,0
883107,0
883108,14
883109,0
883110,27
883111,0
883112,0
883113,0
883114,13
883115,13
883116,0
883117,0
883118,0
883119,0
883120,14
883121,29
883122,0
883123,20
883124,0
883125,23
883126,0
883127,0
883128,0
883129,0
883130,0
883131,0
883132,0
883133,0
883134,0
883135,0
883136,0
883137,0
883138,0
883139,0
883140,0
883141,0
883142,0
883143,16
883144,10
883145,8
883146,0
883147,28
883148,28
883149,0
883150,0
883151,0
883152,0
883153,0
883154,0
883155,22
883156,21
883157,0
883158,17
883159,0
883160,0
883161,0
883162,0
883163,0
883164,28
883165,0
883166,0
883167,0
883168,27
883169,13
883170,0
883171,0
883172,0
883173,0
883174,0
883175,0
883176,0
883177,0
883178,0
883179,0
883180,0
883181,0
883182,0
883183,0
883184,7
883185,0
883186,0
883187,0
883188,0
883189,27
883190,19
883191,0
883192,0
883193,0
883194,21
883195,0
883196,0
883197,0
883198,0
883199,0
883200,0
883201,26
883202,17
883203,0
883204,14
883205,0
883206,28
883207,0
883208,0
883209,21
883210,9
883211,0
883212,0
883213,0
883214,0
883215,23
883216,0
883217,0
883218,0
883219,0
883220,0
883221,13
883222,17
883223,0
883224,20
883225,0
883226,24
883227,0
883228,0
883229,0
883230,0
883231,0
883232,0
883233,0
883234,0
883235,13
883236,0
883237,37
883238,0
883239,0
883240,0
883241,0
883242,21
883243,35
883244,0
883245,0
883246,0
883247,0
883248,0
883249,0
883250,0
883251,0
883252,15
883253,0
883254,0
883255,0
883256,0
883257,0
883258,0
883259,12
883260,11
883261,0
883262,0
883263,0
883264,0
883265,17
883266,0
883267,0
883268,0
883269,0
883270,0
883271,0
883272,18
883273,0
883274,0
883275,0
883276,0
883277,0
883278,0
883279,8
883280,0
883281,0
883282,0
883283,0
883284,18
883285,0
883286,0
883287,0
883288,0
883289,0
883290,0
883291,23
883292,0
883293,0
883294,12
883295,0
883296,0
883297,0
883298,0
883299,0
883300,0
883301,32
883302,0
883303,0
883304,0
883305,0
883306,0
883307,0
883308,35
883309,31
883310,60
883311,0
883312,0
883313,34
883314,27
883315,0
883316,0
883317,0
883318,0
883319,0
883320,0
883321,0
883322,0
883323,0
883324,0
883325,0
883326,68
883327,29
883328,0
883329,0
883330,0
883331,0
883332,0
883333,0
883334,0
883335,0
883336,0
883337,0
883338,0
883339,0
883340,0
883341,0
883342,0
883343,0
883344,0
883345,0
883346,0
883347,29
883348,0
883349,0
883350,0
883351,0
883352,0
883353,0
883354,0
883355,0
883356,40
883357,0
883358,0
883359,0
883360,0
883361,0
883362,31
883363,0
883364,0
883365,0
883366,21
883367,0
883368,0
883369,0
883370,0
883371,0
883372,0
883373,0
883374,0
883375,31
883376,0
883377,29
883378,0
883379,0
883380,0
883381,0
883382,34
883383,0
883384,0
883385,0
883386,0
883387,0
883388,51
883389,26
883390,36
883391,57
883392,0
883393,0
883394,0
883395,0
883396,0
883397,0
883398,0
883399,0
883400,0
883401,0
883402,0
883403,0
883404,0
883405,0
883406,0
883407,55
883408,0
883409,0
883410,0
883411,0
883412,0
883413,30
883414,41
883415,26
883416,24
883417,0
883418,0
883419,35
883420,0
883421,0
883422,0
883423,0
883424,0
883425,0
883426,0
883427,0
883428,34
883429,0
883430,0
883431,0
883432,0
883433,54
883434,0
883435,0
883436,0
883437,0
883438,61
883439,0
883440,0
883441,0
883442,0
883443,0
883444,0
883445,0
883446,0
883447,0
883448,0
883449,33
883450,0
883451,0
883452,0
883453,0
883454,0
883455,0
883456,51
883457,0
883458,0
883459,0
883460,0
883461,0
883462,32
883463,0
883464,0
883465,0
883466,0
883467,0
883468,0
883469,0
883470,0
883471,0
883472,0
883473,0
883474,0
883475,0
883476,0
883477,0
883478,0
883479,0
883480,0
883481,0
883482,0
883483,0
883484,0
883485,31
883486,0
883487,0
883488,0
883489,0
883490,0
883491,0
883492,0
883493,24
883494,0
883495,0
883496,0
883497,0
883498,0
883499,37
883500,0
883501,0
883502,44
883503,47
883504,0
883505,0
883506,0
883507,0
883508,0
883509,48
883510,31
883511,46
883512,0
883513,0
883514,0
883515,0
883516,0
883517,30
883518,0
883519,51
883520,0
883521,0
883522,0
883523,0
883524,0
883525,0
883526,0
883527,0
883528,0
883529,0
883530,0
883531,28
883532,0
883533,0
883534,0
883535,0
883536,29
883537,0
883538,0
883539,0
883540,0
883541,0
883542,0
883543,32
883544,39
883545,0
883546,0
883547,38
883548,0
883549,0
883550,0
883551,36
883552,40
883553,0
883554,0
883555,0
883556,0
883557,0
883558,0
883559,0
883560,0
883561,0
883562,0
883563,0
883564,0
883565,0
883566,0
883567,0
883568,47
883569,0
883570,0
883571,0
883572,0
883573,0
883574,0
883575,0
883576,0
883577,0
883578,0
883579,56
883580,0
883581,0
883582,0
883583,0
883584,0
883585,0
883586,0
883587,23
883588,0
883589,0
883590,0
883591,0
883592,25
883593,0
883594,0
883595,0
883596,0
883597,0
883598,32
883599,0
883600,0
883601,0
883602,0
883603,0
883604,0
883605,0
883606,0
883607,46
883608,0
883609,0
883610,0
883611,0
883612,0
883613,0
883614,39
883615,25
883616,35
883617,0
883618,0
883619,0
883620,0
883621,0
883622,0
883623,0
883624,0
883625,31
883626,0
883627,0
883628,32
883629,0
883630,0
883631,57
883632,32
883633,42
883634,0
883635,0
883636,0
883637,55
883638,0
883639,28
883640,0
883641,0
883642,0
883643,0
883644,0
883645,0
883646,0
883647,0
883648,0
883649,0
883650,0
883651,0
883652,0
883653,0
883654,28
883655,0
883656,46
883657,0
883658,0
883659,0
883660,0
883661,56
883662,47
883663,0
883664,0
883665,0
883666,0
883667,0
883668,0
883669,0
883670,0
883671,0
883672,0
883673,45
883674,0
883675,19
883676,0
883677,0
883678,29
883679,30
883680,0
883681,32
883682,0
883683,0
883684,0
883685,0
883686,0
883687,0
883688,0
883689,0
883690,68
883691,0
883692,0
883693,0
883694,0
883695,0
883696,0
883697,0
883698,0
883699,0
883700,0
883701,0
883702,0
883703,0
883704,0
883705,0
883706,0
883707,0
883708,0
883709,0
883710,49
883711,36
883712,27
883713,0
883714,0
883715,0
883716,0
883717,0
883718,0
883719,0
883720,62
883721,0
883722,47
883723,0
883724,0
883725,0
883726,0
883727,0
883728,42
883729,0
883730,0
883731,0
883732,0
883733,0
883734,0
883735,0
883736,0
883737,41
883738,0
883739,0
883740,0
883741,0
883742,51
883743,0
883744,39
883745,0
883746,0
883747,0
883748,0
883749,0
883750,0
883751,29
883752,0
883753,0
883754,0
883755,0
883756,42
883757,0
883758,0
883759,0
883760,0
883761,37
883762,0
883763,0
883764,0
883765,0
883766,0
883767,0
883768,0
883769,0
883770,0
883771,0
883772,0
883773,30
883774,65
883775,0
883776,0
883777,0
883778,0
883779,35
883780,35
883781,0
883782,0
883783,45
883784,0
883785,0
883786,0
883787,0
883788,0
883789,0
883790,0
883791,0
883792,0
883793,0
883794,0
883795,0
883796,0
883797,0
883798,0
883799,30
883800,0
883801,0
883802,0
883803,0
883804,0
883805,0
883806,0
883807,41
883808,0
883809,0
883810,0
883811,0
883812,35
883813,30
883814,38
883815,0
883816,0
883817,0
883818,0
883819,0
883820,0
883821,0
883822,31
883823,0
883824,42
883825,0
883826,0
883827,0
883828,0
883829,0
883830,0
883831,0
883832,43
883833,0
883834,0
883835,0
883836,0
883837,0
883838,0
883839,0
883840,0
883841,0
883842,0
883843,63
883844,0
883845,31
883846,0
883847,0
883848,0
883849,0
883850,37
883851,0
883852,0
883853,0
883854,43
883855,55
883856,0
883857,0
883858,0
883859,43
883860,0
883861,0
883862,36
883863,0
883864,50
883865,0
883866,0
883867,0
883868,43
883869,0
883870,0
883871,0
883872,0
883873,41
883874,0
883875,0
883876,0
883877,0
883878,0
883879,0
883880,33
883881,0
883882,0
883883,35
883884,39
883885,29
883886,0
883887,56
883888,0
883889,0
883890,0
883891,0
883892,30
883893,0
883894,0
883895,0
883896,66
883897,0
883898,0
883899,0
883900,0
883901,0
883902,0
883903,0
883904,0
883905,0
883906,0
883907,0
883908,0
883909,0
883910,0
883911,0
883912,0
883913,42
883914,27
883915,0
883916,18
883917,0
883918,0
883919,0
883920,0
883921,60
883922,0
883923,27
883924,0
883925,0
883926,0
883927,0
883928,0
883929,0
883930,0
883931,0
883932,40
883933,0
883934,0
883935,0
883936,0
883937,0
883938,0
883939,0
883940,0
883941,0
883942,0
883943,0
883944,0
883945,0
883946,0
883947,43
883948,0
883949,0
883950,0
883951,38
883952,0
883953,0
883954,25
883955,0
883956,0
883957,33
883958,0
883959,0
883960,34
883961,0
883962,0
883963,47
883964,0
883965,0
883966,64
883967,0
883968,0
883969,0
883970,37
883971,0
883972,0
883973,0
883974,38
883975,0
883976,0
883977,0
883978,0
883979,0
883980,0
883981,0
883982,0
883983,0
883984,0
883985,0
883986,0
883987,0
883988,48
883989,0
883990,0
883991,0
883992,28
883993,25
883994,29
883995,0
883996,0
883997,29
883998,23
883999,33
884000,0
884001,33
884002,0
884003,28
884004,0
884005,0
884006,0
884007,0
884008,0
884009,0
884010,41
884011,0
884012,0
884013,0
884014,0
884015,0
884016,0
884017,0
884018,0
884019,0
884020,0
884021,28
884022,0
884023,0
884024,0
884025,35
884026,40
884027,0
884028,0
884029,31
884030,0
884031,0
884032,22
884033,0
884034,0
884035,63
884036,0
884037,0
884038,0
884039,0
884040,46
884041,0
884042,0
884043,0
884044,0
884045,0
884046,0
884047,0
884048,0
884049,0
884050,0
884051,0
884052,0
884053,47
884054,52
884055,0
884056,0
884057,0
884058,0
884059,0
884060,0
884061,0
884062,30
884063,51
884064,0
884065,0
884066,0
884067,0
884068,0
884069,0
884070,0
884071,0
884072,0
884073,0
884074,0
884075,0
884076,53
884077,34
884078,0
884079,0
884080,0
884081,0
884082,28
884083,0
884084,0
884085,0
884086,0
884087,0
884088,0
884089,0
884090,49
884091,53
884092,0
884093,0
884094,0
884095,0
884096,0
884097,0
884098,0
884099,0
884100,0
884101,0
884102,0
884103,0
884104,0
884105,0
884106,0
884107,41
884108,0
884109,0
884110,0
884111,0
884112,0
884113,0
884114,61
884115,0
884116,0
884117,0
884118,0
884119,37
884120,0
884121,38
884122,36
884123,0
884124,0
884125,52
884126,0
884127,0
884128,60
884129,0
884130,0
884131,0
884132,0
884133,0
884134,0
884135,0
884136,0
884137,0
884138,49
884139,0
884140,0
884141,47
884142,0
884143,0
884144,0
884145,0
884146,0
884147,0
884148,0
884149,0
884150,20
884151,0
884152,0
884153,0
884154,42
884155,0
884156,0
884157,0
884158,0
884159,0
884160,0
884161,0
884162,0
884163,29
884164,0
884165,0
884166,29
884167,0
884168,61
884169,55
884170,0
884171,0
884172,0
884173,0
884174,0
884175,0
884176,0
884177,0
884178,0
884179,0
884180,0
884181,0
884182,0
884183,0
884184,0
884185,0
884186,0
884187,0
884188,58
884189,0
884190,0
884191,0
884192,0
884193,0
884194,0
884195,0
884196,31
884197,0
884198,35
884199,0
884200,0
884201,0
884202,56
884203,0
884204,0
884205,0
884206,29
884207,0
884208,0
884209,0
884210,0
884211,0
884212,0
884213,0
884214,0
884215,0
884216,29
884217,0
884218,20
884219,0
884220,0
884221,0
884222,0
884223,0
884224,0
884225,0
884226,0
884227,0
884228,0
884229,0
884230,0
884231,0
884232,0
884233,36
884234,0
884235,0
884236,0
884237,0
884238,0
884239,1
884240,0
884241,0
884242,0
884243,0
884244,0
884245,0
884246,0
884247,0
884248,0
884249,0
884250,0
884251,0
884252,0
884253,0
884254,0
884255,0
884256,0
884257,0
884258,0
884259,0
884260,0
884261,0
884262,0
884263,0
884264,0
884265,0
884266,0
884267,0
884268,0
884269,0
884270,0
884271,0
884272,0
884273,0
884274,0
884275,0
884276,0
884277,0
884278,0
884279,0
884280,0
884281,0
884282,0
884283,0
884284,0
884285,0
884286,0
884287,0
884288,0
884289,0
884290,0
884291,0
884292,0
884293,0
884294,0
884295,0
884296,0
884297,0
884298,0
884299,0
884300,0
884301,0
884302,0
884303,0
884304,0
884305,0
884306,0
884307,0
884308,0
884309,0
884310,0
884311,0
884312,0
884313,0
884314,0
884315,0
884316,0
884317,0
884318,0
884319,0
884320,0
884321,0
884322,0
884323,0
884324,0
884325,0
884326,0
884327,0
884328,0
884329,0
884330,0
884331,0
884332,0
884333,0
884334,0
884335,0
884336,0
884337,0
884338,0
884339,0
884340,0
884341,0
884342,0
884343,0
884344,0
884345,0
884346,0
884347,0
884348,0
884349,0
884350,0
884351,0
884352,0
884353,0
884354,0
884355,0
884356,0
884357,0
884358,0
884359,0
884360,0
884361,0
884362,0
884363,0
884364,0
884365,0
884366,0
884367,0
884368,0
884369,0
884370,0
884371,0
884372,0
884373,0
884374,0
884375,0
884376,0
884377,0
884378,0
884379,0
884380,0
884381,0
884382,0
884383,0
884384,0
884385,0
884386,0
884387,0
884388,0
884389,0
884390,0
884391,0
884392,0
884393,0
884394,0
884395,0
884396,0
884397,0
884398,0
884399,0
884400,0
884401,0
884402,0
884403,0
884404,0
884405,0
884406,0
884407,0
884408,0
884409,0
884410,1
884411,0
884412,0
884413,0
884414,0
884415,0
884416,0
884417,0
884418,0
884419,0
884420,0
884421,0
884422,0
884423,0
884424,0
884425,0
884426,0
884427,0
884428,0
884429,0
884430,0
884431,0
884432,0
884433,0
884434,0
884435,0
884436,0
884437,0
884438,0
884439,0
884440,0
884441,0
884442,0
884443,0
884444,0
884445,0
884446,0
884447,0
884448,0
884449,0
884450,0
884451,0
884452,0
884453,0
884454,0
884455,0
884456,0
884457,0
884458,0
884459,0
884460,0
884461,0
884462,0
884463,0
884464,0
884465,0
884466,0
884467,0
884468,0
884469,0
884470,0
884471,0
884472,0
884473,0
884474,0
884475,0
884476,0
884477,0
884478,0
884479,0
884480,0
884481,0
884482,0
884483,0
884484,0
884485,0
884486,0
884487,0
884488,0
884489,0
884490,0
884491,0
884492,0
884493,0
884494,0
884495,0
884496,0
884497,0
884498,1
884499,0
884500,0
884501,0
884502,0
884503,0
884504,0
884505,0
884506,0
884507,0
884508,0
884509,0
884510,0
884511,0
884512,0
884513,0
884514,0
884515,0
884516,0
884517,0
884518,0
884519,0
884520,0
884521,0
884522,0
884523,0
884524,0
884525,0
884526,0
884527,0
884528,0
884529,0
884530,0
884531,0
884532,0
884533,0
884534,0
884535,0
884536,0
884537,0
884538,0
884539,0
884540,0
884541,0
884542,0
884543,0
884544,0
884545,0
884546,0
884547,0
884548,0
884549,0
884550,0
884551,0
884552,1
884553,0
884554,1
884555,0
884556,0
884557,0
884558,0
884559,0
884560,0
884561,0
884562,0
884563,0
884564,0
884565,0
884566,0
884567,0
884568,0
884569,0
884570,0
884571,0
884572,0
884573,0
884574,0
884575,0
884576,0
884577,0
884578,0
884579,0
884580,0
884581,0
884582,0
884583,0
884584,0
884585,0
884586,0
884587,0
884588,0
884589,0
884590,0
884591,0
884592,0
884593,0
884594,0
884595,0
884596,0
884597,0
884598,0
884599,0
884600,0
884601,0
884602,0
884603,0
884604,0
884605,0
884606,0
884607,0
884608,0
884609,0
884610,0
884611,0
884612,0
884613,0
884614,0
884615,0
884616,0
884617,0
884618,0
884619,0
884620,0
884621,0
884622,0
884623,0
884624,0
884625,0
884626,0
884627,0
884628,0
884629,0
884630,0
884631,0
884632,0
884633,0
884634,0
884635,0
884636,0
884637,0
884638,0
884639,0
884640,0
884641,0
884642,0
884643,0
884644,0
884645,0
884646,0
884647,0
884648,0
884649,0
884650,0
884651,0
884652,0
884653,0
884654,0
884655,0
884656,0
884657,0
884658,0
884659,0
884660,0
884661,0
884662,0
884663,0
884664,0
884665,0
884666,0
884667,0
884668,0
884669,0
884670,0
884671,0
884672,0
884673,0
884674,0
884675,0
884676,0
884677,0
884678,0
884679,0
884680,0
884681,0
884682,0
884683,0
884684,0
884685,0
884686,0
884687,0
884688,0
884689,0
884690,0
884691,0
884692,0
884693,0
884694,0
884695,0
884696,0
884697,0
884698,0
884699,0
884700,0
884701,0
884702,0
884703,0
884704,0
884705,0
884706,0
884707,0
884708,0
884709,0
884710,0
884711,0
884712,0
884713,0
884714,0
884715,0
884716,0
884717,0
884718,0
884719,0
884720,0
884721,0
884722,0
884723,0
884724,1
884725,0
884726,0
884727,0
884728,0
884729,0
884730,0
884731,0
884732,0
884733,0
884734,0
884735,0
884736,0
884737,0
884738,0
884739,0
884740,0
884741,0
884742,0
884743,0
884744,0
884745,0
884746,0
884747,0
884748,0
884749,0
884750,0
884751,0
884752,0
884753,0
884754,0
884755,0
884756,0
884757,0
884758,0
884759,0
884760,0
884761,0
884762,0
884763,0
884764,0
884765,0
884766,0
884767,0
884768,0
884769,0
884770,0
884771,0
884772,0
884773,0
884774,0
884775,0
884776,0
884777,0
884778,0
884779,0
884780,0
884781,0
884782,0
884783,0
884784,0
884785,0
884786,0
884787,0
884788,0
884789,0
884790,0
884791,0
884792,0
884793,0
884794,0
884795,0
884796,0
884797,0
884798,0
884799,0
884800,0
884801,0
884802,0
884803,0
884804,0
884805,0
884806,0
884807,0
884808,0
884809,0
884810,0
884811,0
884812,1
884813,0
884814,0
884815,0
884816,0
884817,0
884818,0
884819,0
884820,0
884821,0
884822,0
884823,0
884824,0
884825,0
884826,0
884827,0
884828,0
884829,0
884830,0
884831,0
884832,0
884833,0
884834,0
884835,0
884836,0
884837,0
884838,0
884839,0
884840,0
884841,0
884842,0
884843,0
884844,0
884845,0
884846,0
884847,0
884848,0
884849,0
884850,1
884851,0
884852,0
884853,1
884854,0
884855,0
884856,0
884857,0
884858,0
884859,1
884860,0
884861,0
884862,0
884863,0
884864,0
884865,0
884866,0
884867,0
884868,0
884869,0
884870,0
884871,0
884872,0
884873,0
884874,0
884875,0
884876,0
884877,0
884878,0
884879,0
884880,0
884881,0
884882,0
884883,0
884884,0
884885,0
884886,0
884887,0
884888,0
884889,0
884890,0
884891,0
884892,0
884893,0
884894,0
884895,0
884896,0
884897,0
884898,1
884899,0
884900,0
884901,0
884902,0
884903,0
884904,0
884905,0
884906,0
884907,0
884908,0
884909,0
884910,0
884911,0
884912,0
884913,0
884914,0
884915,0
884916,0
884917,0
884918,0
884919,0
884920,0
884921,0
884922,0
884923,0
884924,0
884925,0
884926,0
884927,0
884928,0
884929,0
884930,0
884931,0
884932,0
884933,0
884934,0
884935,26
884936,0
884937,19
884938,13
884939,0
884940,0
884941,0
884942,0
884943,0
884944,0
884945,0
884946,0
884947,16
884948,0
884949,0
884950,0
884951,0
884952,0
884953,37
884954,0
884955,0
884956,0
884957,0
884958,0
884959,33
884960,0
884961,0
884962,0
884963,0
884964,0
884965,0
884966,8
884967,0
884968,0
884969,0
884970,0
884971,0
884972,40
884973,0
884974,0
884975,0
884976,37
884977,42
884978,0
884979,0
884980,0
884981,0
884982,0
884983,0
884984,0
884985,0
884986,0
884987,0
884988,0
884989,0
884990,0
884991,0
884992,0
884993,31
884994,0
884995,32
884996,0
884997,0
884998,0
884999,0
885000,0
885001,0
885002,0
885003,0
885004,0
885005,0
885006,0
885007,0
885008,0
885009,0
885010,29
885011,47
885012,0
885013,0
885014,0
885015,0
885016,0
885017,27
885018,0
885019,0
885020,28
885021,0
885022,19
885023,0
885024,0
885025,0
885026,0
885027,0
885028,0
885029,0
885030,0
885031,18
885032,0
885033,27
885034,0
885035,0
885036,0
885037,0
885038,0
885039,0
885040,0
885041,0
885042,0
885043,0
885044,0
885045,20
885046,0
885047,0
885048,0
885049,0
885050,0
885051,0
885052,0
885053,50
885054,0
885055,0
885056,0
885057,17
885058,32
885059,0
885060,0
885061,22
885062,0
885063,0
885064,0
885065,0
885066,0
885067,0
885068,0
885069,0
885070,0
885071,32
885072,0
885073,0
885074,0
885075,0
885076,0
885077,0
885078,0
885079,0
885080,0
885081,0
885082,0
885083,0
885084,0
885085,0
885086,0
885087,29
885088,0
885089,0
885090,0
885091,0
885092,0
885093,0
885094,0
885095,54
885096,0
885097,0
885098,29
885099,20
885100,18
885101,0
885102,12
885103,29
885104,0
885105,28
885106,0
885107,0
885108,0
885109,0
885110,0
885111,0
885112,0
885113,0
885114,0
885115,0
885116,0
885117,24
885118,29
885119,0
885120,0
885121,0
885122,0
885123,0
885124,0
885125,0
885126,0
885127,0
885128,0
885129,0
885130,0
885131,0
885132,0
885133,0
885134,10
885135,15
885136,0
885137,23
885138,0
885139,0
885140,34
885141,0
885142,20
885143,0
885144,0
885145,0
885146,0
885147,0
885148,0
885149,0
885150,0
885151,0
885152,0
885153,25
885154,0
885155,0
885156,0
885157,0
885158,0
885159,0
885160,22
885161,0
885162,50
885163,0
885164,0
885165,0
885166,38
885167,0
885168,0
885169,45
885170,0
885171,0
885172,0
885173,0
885174,0
885175,0
885176,0
885177,37
885178,0
885179,0
885180,0
885181,22
885182,0
885183,0
885184,0
885185,0
885186,0
885187,0
885188,30
885189,0
885190,0
885191,33
885192,0
885193,0
885194,0
885195,0
885196,0
885197,0
885198,0
885199,0
885200,0
885201,0
885202,0
885203,0
885204,18
885205,0
885206,0
885207,22
885208,0
885209,0
885210,0
885211,0
885212,0
885213,0
885214,34
885215,0
885216,0
885217,0
885218,0
885219,0
885220,23
885221,0
885222,0
885223,0
885224,0
885225,0
885226,0
885227,0
885228,32
885229,0
885230,0
885231,0
885232,0
885233,0
885234,0
885235,0
885236,0
885237,0
885238,0
885239,0
885240,0
885241,0
885242,0
885243,40
885244,0
885245,0
885246,35
885247,0
885248,0
885249,0
885250,9
885251,0
885252,0
885253,0
885254,0
885255,15
885256,0
885257,0
885258,0
885259,0
885260,0
885261,17
885262,0
885263,48
885264,0
885265,0
885266,19
885267,0
885268,0
885269,0
885270,0
885271,0
885272,45
885273,0
885274,0
885275,0
885276,19
885277,0
885278,29
885279,0
885280,0
885281,0
885282,0
885283,0
885284,36
885285,0
885286,38
885287,0
885288,0
885289,0
885290,0
885291,0
885292,0
885293,0
885294,0
885295,0
885296,0
885297,0
885298,0
885299,31
885300,0
885301,0
885302,0
885303,0
885304,0
885305,0
885306,23
885307,0
885308,0
885309,19
885310,29
885311,0
885312,0
885313,0
885314,30
885315,0
885316,0
885317,0
885318,0
885319,0
885320,0
885321,0
885322,0
885323,0
885324,0
885325,40
885326,0
885327,0
885328,0
885329,0
885330,0
885331,0
885332,0
885333,0
885334,0
885335,0
885336,0
885337,37
885338,21
885339,32
885340,0
885341,0
885342,0
885343,5
885344,0
885345,0
885346,0
885347,7
885348,0
885349,0
885350,0
885351,7
885352,0
885353,0
885354,0
885355,15
885356,13
885357,0
885358,0
885359,0
885360,6
885361,0
885362,0
885363,0
885364,12
885365,10
885366,5
885367,0
885368,0
885369,0
885370,0
885371,0
885372,0
885373,0
885374,0
885375,0
885376,0
885377,0
885378,0
885379,13
885380,0
885381,0
885382,0
885383,20
885384,9
885385,0
885386,0
885387,0
885388,0
885389,0
885390,0
885391,0
885392,20
885393,0
885394,27
885395,0
885396,10
885397,0
885398,0
885399,0
885400,0
885401,0
885402,0
885403,0
885404,0
885405,16
885406,0
885407,4
885408,14
885409,0
885410,9
885411,24
885412,7
885413,0
885414,0
885415,5
885416,0
885417,0
885418,0
885419,0
885420,0
885421,0
885422,0
885423,0
885424,11
885425,19
885426,0
885427,0
885428,0
885429,0
885430,0
885431,5
885432,0
885433,0
885434,0
885435,0
885436,21
885437,0
885438,0
885439,0
885440,0
885441,0
885442,0
885443,0
885444,0
885445,0
885446,0
885447,0
885448,16
885449,0
885450,0
885451,21
885452,0
885453,0
885454,0
885455,0
885456,0
885457,7
885458,0
885459,0
885460,0
885461,0
885462,0
885463,11
885464,0
885465,0
885466,0
885467,0
885468,0
885469,0
885470,0
885471,0
885472,0
885473,26
885474,0
885475,0
885476,0
885477,0
885478,0
885479,14
885480,0
885481,0
885482,0
885483,0
885484,23
885485,0
885486,0
885487,20
885488,19
885489,30
885490,9
885491,0
885492,0
885493,9
885494,0
885495,0
885496,0
885497,0
885498,0
885499,15
885500,0
885501,0
885502,0
885503,0
885504,18
885505,20
885506,8
885507,0
885508,0
885509,0
885510,0
885511,11
885512,0
885513,0
885514,0
885515,0
885516,0
885517,0
885518,0
885519,0
885520,9
885521,8
885522,0
885523,0
885524,0
885525,0
885526,0
885527,0
885528,0
885529,0
885530,12
885531,4
885532,0
885533,0
885534,9
885535,0
885536,10
885537,0
885538,0
885539,0
885540,18
885541,0
885542,0
885543,0
885544,0
885545,0
885546,0
885547,27
885548,25
885549,0
885550,0
885551,0
885552,0
885553,0
885554,0
885555,0
885556,0
885557,17
885558,0
885559,0
885560,0
885561,0
885562,10
885563,0
885564,0
885565,0
885566,0
885567,0
885568,18
885569,0
885570,0
885571,0
885572,0
885573,0
885574,0
885575,0
885576,8
885577,2
885578,0
885579,0
885580,0
885581,0
885582,0
885583,0
885584,5
885585,0
885586,8
885587,0
885588,0
885589,0
885590,4
885591,0
885592,0
885593,0
885594,0
885595,22
885596,0
885597,0
885598,0
885599,7
885600,0
885601,0
885602,0
885603,0
885604,0
885605,0
885606,13
885607,0
885608,0
885609,0
885610,15
885611,0
885612,0
885613,0
885614,0
885615,15
885616,0
885617,0
885618,0
885619,0
885620,0
885621,0
885622,0
885623,0
885624,0
885625,0
885626,0
885627,0
885628,0
885629,0
885630,0
885631,0
885632,0
885633,0
885634,0
885635,0
885636,0
885637,0
885638,0
885639,0
885640,0
885641,0
885642,0
885643,0
885644,0
885645,19
885646,0
885647,0
885648,0
885649,0
885650,0
885651,0
885652,0
885653,13
885654,0
885655,0
885656,0
885657,0
885658,0
885659,0
885660,0
885661,13
885662,0
885663,0
885664,0
885665,0
885666,0
885667,0
885668,0
885669,0
885670,0
885671,0
885672,0
885673,23
885674,0
885675,0
885676,0
885677,0
885678,0
885679,0
885680,0
885681,0
885682,0
885683,19
885684,0
885685,0
885686,0
885687,0
885688,0
885689,24
885690,0
885691,0
885692,0
885693,0
885694,0
885695,0
885696,0
885697,15
885698,0
885699,0
885700,0
885701,0
885702,0
885703,0
885704,0
885705,0
885706,0
885707,13
885708,0
885709,0
885710,0
885711,0
885712,0
885713,0
885714,0
885715,0
885716,0
885717,0
885718,0
885719,0
885720,0
885721,0
885722,0
885723,0
885724,0
885725,0
885726,13
885727,18
885728,18
885729,0
885730,0
885731,0
885732,0
885733,0
885734,24
885735,0
885736,0
885737,0
885738,0
885739,0
885740,0
885741,0
885742,0
885743,0
885744,0
885745,0
885746,0
885747,16
885748,0
885749,0
885750,0
885751,0
885752,0
885753,0
885754,0
885755,0
885756,0
885757,0
885758,0
885759,0
885760,0
885761,14
885762,0
885763,0
885764,0
885765,0
885766,0
885767,0
885768,0
885769,0
885770,0
885771,0
885772,0
885773,0
885774,0
885775,0
885776,0
885777,0
885778,0
885779,0
885780,0
885781,0
885782,0
885783,0
885784,0
885785,0
885786,0
885787,0
885788,0
885789,20
885790,0
885791,0
885792,0
885793,0
885794,0
885795,0
885796,0
885797,15
885798,0
885799,0
885800,0
885801,0
885802,0
885803,0
885804,0
885805,0
885806,0
885807,0
885808,0
885809,15
885810,0
885811,0
885812,0
885813,17
885814,0
885815,23
885816,0
885817,0
885818,0
885819,0
885820,0
885821,0
885822,0
885823,0
885824,0
885825,0
885826,0
885827,0
885828,13
885829,0
885830,0
885831,0
885832,0
885833,0
885834,0
885835,0
885836,0
885837,12
885838,0
885839,0
885840,0
885841,0
885842,0
885843,0
885844,0
885845,0
885846,0
885847,0
885848,0
885849,0
885850,0
885851,0
885852,0
885853,0
885854,0
885855,0
885856,0
885857,0
885858,0
885859,0
885860,0
885861,0
885862,0
885863,0
885864,18
885865,0
885866,16
885867,0
885868,0
885869,20
885870,0
885871,0
885872,0
885873,19
885874,0
885875,0
885876,0
885877,22
885878,0
885879,0
885880,0
885881,0
885882,0
885883,0
885884,0
885885,0
885886,0
885887,0
885888,26
885889,0
885890,0
885891,0
885892,0
885893,0
885894,0
885895,0
885896,0
885897,0
885898,29
885899,0
885900,0
885901,0
885902,0
885903,0
885904,0
885905,0
885906,23
885907,0
885908,0
885909,0
885910,0
885911,0
885912,0
885913,0
885914,0
885915,0
885916,0
885917,21
885918,0
885919,0
885920,0
885921,0
885922,0
885923,0
885924,0
885925,0
885926,0
885927,0
885928,0
885929,0
885930,0
885931,0
885932,0
885933,0
885934,0
885935,0
885936,0
885937,0
885938,0
885939,0
885940,6
885941,0
885942,0
885943,0
885944,0
885945,0
885946,0
885947,16
885948,0
885949,0
885950,0
885951,0
885952,0
885953,0
885954,0
885955,0
885956,16
885957,0
885958,0
885959,0
885960,0
885961,0
885962,0
885963,0
885964,0
885965,0
885966,0
885967,0
885968,0
885969,0
885970,0
885971,0
885972,0
885973,0
885974,0
885975,0
885976,0
885977,0
885978,0
885979,0
885980,0
885981,0
885982,0
885983,0
885984,0
885985,0
885986,0
885987,0
885988,0
885989,0
885990,0
885991,0
885992,0
885993,0
885994,0
885995,0
885996,17
885997,14
885998,0
885999,0
886000,0
886001,0
886002,0
886003,0
886004,0
886005,8
886006,0
886007,16
886008,0
886009,0
886010,0
886011,0
886012,0
886013,0
886014,0
886015,0
886016,0
886017,12
886018,20
886019,0
886020,0
886021,0
886022,0
886023,15
886024,0
886025,16
886026,0
886027,0
886028,0
886029,0
886030,0
886031,0
886032,0
886033,19
886034,0
886035,24
886036,0
886037,19
886038,22
886039,0
886040,0
886041,0
886042,0
886043,0
886044,0
886045,0
886046,27
886047,0
886048,0
886049,0
886050,0
886051,18
886052,0
886053,28
886054,0
886055,0
886056,0
886057,0
886058,0
886059,25
886060,0
886061,0
886062,0
886063,0
886064,0
886065,0
886066,0
886067,0
886068,0
886069,13
886070,0
886071,0
886072,0
886073,0
886074,0
886075,0
886076,0
886077,0
886078,0
886079,0
886080,0
886081,0
886082,0
886083,0
886084,0
886085,0
886086,0
886087,0
886088,0
886089,14
886090,0
886091,0
886092,0
886093,0
886094,0
886095,0
886096,0
886097,0
886098,0
886099,0
886100,0
886101,0
886102,0
886103,0
886104,0
886105,0
886106,0
886107,0
886108,0
886109,0
886110,0
886111,0
886112,0
886113,0
886114,0
886115,0
886116,0
886117,0
886118,0
886119,0
886120,0
886121,0
886122,0
886123,0
886124,0
886125,0
886126,0
886127,0
886128,0
886129,0
886130,0
886131,0
886132,0
886133,0
886134,0
886135,15
886136,0
886137,0
886138,0
886139,0
886140,0
886141,12
886142,0
886143,0
886144,0
886145,0
886146,0
886147,18
886148,16
886149,0
886150,16
886151,0
886152,0
886153,0
886154,0
886155,0
886156,0
886157,27
886158,0
886159,0
886160,0
886161,13
886162,0
886163,0
886164,0
886165,0
886166,0
886167,0
886168,0
886169,0
886170,0
886171,0
886172,0
886173,0
886174,0
886175,0
886176,0
886177,20
886178,0
886179,0
886180,0
886181,0
886182,0
886183,0
886184,0
886185,0
886186,0
886187,0
886188,0
886189,0
886190,19
886191,0
886192,0
886193,0
886194,0
886195,0
886196,0
886197,0
886198,0
886199,0
886200,0
886201,0
886202,0
886203,0
886204,0
886205,15
886206,0
886207,0
886208,0
886209,0
886210,0
886211,0
886212,0
886213,0
886214,0
886215,0
886216,0
886217,20
886218,0
886219,0
886220,0
886221,0
886222,0
886223,0
886224,0
886225,23
886226,0
886227,0
886228,0
886229,0
886230,0
886231,20
886232,0
886233,0
886234,0
886235,0
886236,0
886237,0
886238,0
886239,23
886240,0
886241,0
886242,0
886243,0
886244,0
886245,0
886246,0
886247,0
886248,0
886249,0
886250,0
886251,0
886252,0
886253,0
886254,0
886255,0
886256,0
886257,0
886258,0
886259,0
886260,0
886261,27
886262,0
886263,0
886264,0
886265,0
886266,0
886267,0
886268,0
886269,0
886270,0
886271,0
886272,0
886273,0
886274,0
886275,20
886276,0
886277,0
886278,0
886279,0
886280,0
886281,0
886282,0
886283,0
886284,0
886285,16
886286,0
886287,19
886288,0
886289,0
886290,0
886291,0
886292,0
886293,0
886294,0
886295,0
886296,0
886297,0
886298,0
886299,17
886300,13
886301,0
886302,22
886303,0
886304,0
886305,0
886306,0
886307,13
886308,0
886309,0
886310,19
886311,0
886312,0
886313,0
886314,0
886315,0
886316,0
886317,0
886318,18
886319,0
886320,0
886321,0
886322,0
886323,11
886324,0
886325,0
886326,0
886327,16
886328,0
886329,0
886330,14
886331,0
886332,0
886333,0
886334,0
886335,0
886336,16
886337,0
886338,0
886339,0
886340,0
886341,0
886342,0
886343,0
886344,0
886345,23
886346,0
886347,0
886348,0
886349,0
886350,0
886351,0
886352,0
886353,0
886354,0
886355,0
886356,0
886357,14
886358,0
886359,0
886360,0
886361,0
886362,0
886363,0
886364,0
886365,0
886366,0
886367,0
886368,16
886369,0
886370,0
886371,0
886372,0
886373,0
886374,0
886375,15
886376,0
886377,0
886378,0
886379,0
886380,0
886381,22
886382,0
886383,0
886384,0
886385,0
886386,0
886387,9
886388,0
886389,17
886390,0
886391,0
886392,0
886393,0
886394,0
886395,0
886396,0
886397,0
886398,0
886399,0
886400,0
886401,0
886402,0
886403,0
886404,0
886405,0
886406,0
886407,0
886408,0
886409,0
886410,0
886411,0
886412,0
886413,0
886414,0
886415,22
886416,0
886417,0
886418,12
886419,0
886420,17
886421,0
886422,16
886423,0
886424,0
886425,0
886426,0
886427,0
886428,0
886429,0
886430,0
886431,0
886432,14
886433,0
886434,0
886435,0
886436,0
886437,0
886438,0
886439,0
886440,8
886441,0
886442,0
886443,0
886444,0
886445,15
886446,0
886447,0
886448,0
886449,0
886450,8
886451,0
886452,0
886453,0
886454,0
886455,0
886456,0
886457,0
886458,0
886459,12
886460,0
886461,0
886462,0
886463,0
886464,0
886465,0
886466,0
886467,0
886468,0
886469,0
886470,0
886471,0
886472,0
886473,0
886474,0
886475,0
886476,12
886477,16
886478,0
886479,0
886480,0
886481,0
886482,0
886483,0
886484,16
886485,0
886486,0
886487,0
886488,0
886489,0
886490,0
886491,0
886492,0
886493,0
886494,0
886495,0
886496,0
886497,15
886498,0
886499,0
886500,0
886501,0
886502,0
886503,10
886504,0
886505,17
886506,20
886507,0
886508,0
886509,0
886510,0
886511,0
886512,0
886513,17
886514,20
886515,15
886516,0
886517,0
886518,0
886519,0
886520,0
886521,0
886522,0
886523,0
886524,0
886525,0
886526,0
886527,0
886528,0
886529,0
886530,0
886531,0
886532,0
886533,18
886534,0
886535,0
886536,0
886537,0
886538,0
886539,0
886540,0
886541,0
886542,0
886543,0
886544,0
886545,0
886546,0
886547,0
886548,0
886549,0
886550,12
886551,0
886552,0
886553,0
886554,0
886555,0
886556,0
886557,0
886558,0
886559,11
886560,0
886561,0
886562,0
886563,0
886564,0
886565,0
886566,0
886567,0
886568,0
886569,0
886570,10
886571,0
886572,0
886573,0
886574,0
886575,0
886576,0
886577,0
886578,0
886579,0
886580,0
886581,0
886582,0
886583,0
886584,0
886585,0
886586,0
886587,0
886588,0
886589,0
886590,0
886591,0
886592,0
886593,0
886594,0
886595,0
886596,0
886597,0
886598,0
886599,0
886600,22
886601,0
886602,0
886603,0
886604,0
886605,0
886606,11
886607,0
886608,12
886609,0
886610,0
886611,0
886612,0
886613,0
886614,0
886615,0
886616,0
886617,0
886618,0
886619,0
886620,0
886621,0
886622,0
886623,0
886624,0
886625,0
886626,0
886627,0
886628,0
886629,0
886630,0
886631,14
886632,0
886633,0
886634,0
886635,0
886636,8
886637,0
886638,0
886639,0
886640,0
886641,0
886642,0
886643,0
886644,0
886645,0
886646,0
886647,0
886648,0
886649,0
886650,0
886651,0
886652,0
886653,0
886654,0
886655,0
886656,0
886657,0
886658,0
886659,0
886660,0
886661,0
886662,0
886663,0
886664,0
886665,0
886666,0
886667,0
886668,0
886669,0
886670,0
886671,0
886672,0
886673,0
886674,0
886675,0
886676,0
886677,0
886678,0
886679,0
886680,0
886681,0
886682,0
886683,0
886684,0
886685,0
886686,0
886687,0
886688,12
886689,0
886690,0
886691,0
886692,0
886693,0
886694,0
886695,0
886696,0
886697,0
886698,0
886699,0
886700,0
886701,0
886702,0
886703,0
886704,0
886705,0
886706,0
886707,0
886708,0
886709,0
886710,0
886711,0
886712,0
886713,0
886714,0
886715,0
886716,0
886717,0
886718,0
886719,0
886720,0
886721,0
886722,1
886723,0
886724,0
886725,0
886726,0
886727,1
886728,0
886729,0
886730,0
886731,0
886732,0
886733,0
886734,0
886735,0
886736,0
886737,0
886738,0
886739,0
886740,0
886741,0
886742,0
886743,0
886744,0
886745,0
886746,0
886747,0
886748,0
886749,0
886750,0
886751,0
886752,0
886753,0
886754,0
886755,0
886756,0
886757,0
886758,0
886759,0
886760,0
886761,0
886762,0
886763,0
886764,0
886765,0
886766,0
886767,0
886768,0
886769,0
886770,0
886771,0
886772,1
886773,0
886774,0
886775,0
886776,0
886777,0
886778,0
886779,0
886780,0
886781,0
886782,0
886783,0
886784,0
886785,0
886786,0
886787,0
886788,0
886789,0
886790,0
886791,0
886792,0
886793,0
886794,0
886795,37
886796,42
886797,0
886798,30
886799,0
886800,0
886801,0
886802,0
886803,0
886804,0
886805,0
886806,0
886807,0
886808,45
886809,0
886810,0
886811,42
886812,26
886813,30
886814,0
886815,0
886816,35
886817,0
886818,27
886819,32
886820,56
886821,0
886822,34
886823,0
886824,0
886825,0
886826,0
886827,50
886828,0
886829,0
886830,39
886831,0
886832,0
886833,0
886834,0
886835,32
886836,0
886837,0
886838,0
886839,0
886840,0
886841,0
886842,0
886843,0
886844,32
886845,0
886846,0
886847,0
886848,0
886849,0
886850,0
886851,0
886852,0
886853,0
886854,0
886855,0
886856,0
886857,0
886858,0
886859,0
886860,0
886861,32
886862,0
886863,0
886864,0
886865,0
886866,0
886867,0
886868,0
886869,36
886870,0
886871,0
886872,0
886873,0
886874,0
886875,41
886876,0
886877,34
886878,29
886879,45
886880,0
886881,0
886882,0
886883,0
886884,0
886885,28
886886,0
886887,0
886888,0
886889,0
886890,56
886891,0
886892,25
886893,0
886894,0
886895,43
886896,0
886897,0
886898,0
886899,27
886900,0
886901,0
886902,0
886903,0
886904,46
886905,36
886906,0
886907,0
886908,0
886909,33
886910,0
886911,0
886912,0
886913,51
886914,31
886915,0
886916,44
886917,23
886918,0
886919,36
886920,51
886921,0
886922,0
886923,24
886924,0
886925,0
886926,0
886927,36
886928,0
886929,0
886930,0
886931,0
886932,0
886933,25
886934,0
886935,43
886936,0
886937,0
886938,0
886939,0
886940,0
886941,52
886942,0
886943,0
886944,0
886945,0
886946,0
886947,0
886948,0
886949,27
886950,0
886951,45
886952,0
886953,0
886954,0
886955,0
886956,0
886957,0
886958,0
886959,32
886960,0
886961,0
886962,0
886963,0
886964,39
886965,0
886966,0
886967,30
886968,0
886969,0
886970,31
886971,0
886972,0
886973,0
886974,0
886975,0
886976,53
886977,36
886978,0
886979,36
886980,0
886981,0
886982,0
886983,0
886984,0
886985,0
886986,0
886987,0
886988,0
886989,0
886990,0
886991,50
886992,0
886993,43
886994,0
886995,0
886996,0
886997,0
886998,0
886999,0
887000,0
887001,0
887002,45
887003,33
887004,49
887005,0
887006,36
887007,0
887008,0
887009,0
887010,0
887011,0
887012,0
887013,0
887014,0
887015,53
887016,0
887017,33
887018,0
887019,0
887020,0
887021,0
887022,0
887023,0
887024,0
887025,0
887026,27
887027,0
887028,0
887029,0
887030,34
887031,47
887032,0
887033,24
887034,0
887035,0
887036,0
887037,0
887038,0
887039,0
887040,40
887041,0
887042,0
887043,0
887044,0
887045,0
887046,46
887047,0
887048,0
887049,0
887050,43
887051,0
887052,0
887053,0
887054,0
887055,0
887056,0
887057,42
887058,37
887059,0
887060,0
887061,34
887062,0
887063,34
887064,28
887065,0
887066,0
887067,41
887068,0
887069,0
887070,0
887071,0
887072,34
887073,0
887074,0
887075,0
887076,36
887077,0
887078,0
887079,0
887080,42
887081,0
887082,41
887083,43
887084,41
887085,0
887086,43
887087,0
887088,0
887089,38
887090,0
887091,0
887092,41
887093,0
887094,0
887095,42
887096,32
887097,0
887098,0
887099,0
887100,0
887101,50
887102,0
887103,0
887104,0
887105,0
887106,27
887107,34
887108,37
887109,0
887110,0
887111,42
887112,0
887113,0
887114,0
887115,36
887116,0
887117,34
887118,25
887119,0
887120,0
887121,0
887122,0
887123,0
887124,0
887125,0
887126,0
887127,0
887128,0
887129,0
887130,41
887131,0
887132,0
887133,0
887134,0
887135,0
887136,0
887137,39
887138,0
887139,0
887140,0
887141,0
887142,39
887143,0
887144,0
887145,0
887146,0
887147,36
887148,0
887149,0
887150,41
887151,34
887152,0
887153,0
887154,0
887155,0
887156,0
887157,41
887158,0
887159,0
887160,0
887161,0
887162,0
887163,38
887164,0
887165,0
887166,49
887167,0
887168,0
887169,0
887170,55
887171,0
887172,0
887173,0
887174,0
887175,0
887176,0
887177,47
887178,0
887179,0
887180,0
887181,0
887182,0
887183,0
887184,0
887185,0
887186,0
887187,33
887188,0
887189,45
887190,0
887191,0
887192,0
887193,41
887194,0
887195,0
887196,49
887197,0
887198,0
887199,0
887200,32
887201,0
887202,27
887203,0
887204,0
887205,41
887206,0
887207,0
887208,52
887209,0
887210,31
887211,36
887212,0
887213,0
887214,0
887215,0
887216,0
887217,15
887218,0
887219,0
887220,0
887221,0
887222,0
887223,37
887224,0
887225,0
887226,0
887227,30
887228,0
887229,0
887230,56
887231,37
887232,0
887233,0
887234,27
887235,0
887236,28
887237,0
887238,0
887239,0
887240,0
887241,56
887242,0
887243,43
887244,45
887245,49
887246,0
887247,0
887248,0
887249,0
887250,0
887251,39
887252,0
887253,39
887254,0
887255,0
887256,0
887257,0
887258,0
887259,39
887260,0
887261,0
887262,0
887263,0
887264,0
887265,0
887266,0
887267,0
887268,0
887269,0
887270,40
887271,0
887272,0
887273,0
887274,0
887275,37
887276,41
887277,0
887278,48
887279,0
887280,0
887281,23
887282,0
887283,0
887284,46
887285,0
887286,0
887287,0
887288,0
887289,0
887290,0
887291,0
887292,38
887293,32
887294,0
887295,0
887296,0
887297,0
887298,0
887299,0
887300,42
887301,0
887302,0
887303,0
887304,0
887305,0
887306,0
887307,0
887308,0
887309,0
887310,0
887311,0
887312,31
887313,0
887314,0
887315,0
887316,0
887317,38
887318,0
887319,0
887320,0
887321,0
887322,44
887323,37
887324,38
887325,48
887326,0
887327,57
887328,0
887329,0
887330,0
887331,36
887332,0
887333,0
887334,0
887335,0
887336,37
887337,26
887338,0
887339,0
887340,0
887341,54
887342,0
887343,0
887344,0
887345,0
887346,0
887347,43
887348,38
887349,0
887350,0
887351,0
887352,0
887353,37
887354,51
887355,0
887356,36
887357,0
887358,0
887359,0
887360,0
887361,0
887362,0
887363,49
887364,0
887365,0
887366,0
887367,35
887368,0
887369,0
887370,0
887371,38
887372,0
887373,46
887374,48
887375,0
887376,0
887377,29
887378,0
887379,46
887380,0
887381,25
887382,0
887383,0
887384,0
887385,0
887386,0
887387,39
887388,31
887389,0
887390,0
887391,0
887392,0
887393,0
887394,0
887395,0
887396,0
887397,0
887398,43
887399,43
887400,0
887401,0
887402,0
887403,0
887404,0
887405,0
887406,0
887407,39
887408,0
887409,55
887410,35
887411,35
887412,25
887413,0
887414,0
887415,0
887416,37
887417,0
887418,0
887419,0
887420,0
887421,0
887422,0
887423,0
887424,0
887425,0
887426,35
887427,54
887428,0
887429,0
887430,0
887431,0
887432,0
887433,0
887434,46
887435,0
887436,0
887437,0
887438,0
887439,0
887440,0
887441,0
887442,0
887443,35
887444,39
887445,0
887446,0
887447,0
887448,0
887449,0
887450,0
887451,0
887452,31
887453,0
887454,32
887455,0
887456,38
887457,32
887458,0
887459,0
887460,0
887461,0
887462,40
887463,40
887464,38
887465,0
887466,0
887467,0
887468,0
887469,0
887470,0
887471,0
887472,0
887473,61
887474,0
887475,0
887476,36
887477,0
887478,0
887479,36
887480,0
887481,0
887482,0
887483,44
887484,0
887485,43
887486,0
887487,0
887488,0
887489,0
887490,0
887491,0
887492,0
887493,38
887494,0
887495,0
887496,0
887497,0
887498,43
887499,28
887500,37
887501,31
887502,32
887503,0
887504,0
887505,0
887506,0
887507,0
887508,34
887509,0
887510,36
887511,38
887512,0
887513,37
887514,35
887515,0
887516,30
887517,0
887518,41
887519,0
887520,0
887521,0
887522,43
887523,0
887524,0
887525,42
887526,0
887527,0
887528,0
887529,0
887530,0
887531,0
887532,0
887533,0
887534,0
887535,0
887536,0
887537,0
887538,0
887539,0
887540,0
887541,0
887542,0
887543,0
887544,0
887545,0
887546,0
887547,0
887548,0
887549,0
887550,0
887551,0
887552,0
887553,0
887554,0
887555,0
887556,0
887557,0
887558,0
887559,0
887560,0
887561,0
887562,0
887563,0
887564,0
887565,1
887566,0
887567,0
887568,0
887569,0
887570,0
887571,0
887572,0
887573,0
887574,1
887575,0
887576,0
887577,0
887578,0
887579,0
887580,0
887581,0
887582,0
887583,0
887584,1
887585,0
887586,0
887587,0
887588,0
887589,0
887590,0
887591,0
887592,0
887593,0
887594,0
887595,0
887596,0
887597,0
887598,0
887599,0
887600,0
887601,0
887602,0
887603,0
887604,0
887605,0
887606,0
887607,0
887608,0
887609,0
887610,0
887611,0
887612,0
887613,0
887614,0
887615,0
887616,0
887617,0
887618,1
887619,0
887620,0
887621,0
887622,0
887623,0
887624,0
887625,0
887626,0
887627,0
887628,0
887629,0
887630,0
887631,0
887632,0
887633,0
887634,0
887635,0
887636,0
887637,0
887638,0
887639,0
887640,0
887641,0
887642,0
887643,0
887644,0
887645,0
887646,0
887647,0
887648,0
887649,0
887650,0
887651,0
887652,1
887653,0
887654,0
887655,0
887656,0
887657,0
887658,1
887659,0
887660,0
887661,0
887662,0
887663,0
887664,0
887665,0
887666,2
887667,0
887668,0
887669,0
887670,0
887671,0
887672,0
887673,0
887674,0
887675,0
887676,0
887677,0
887678,0
887679,0
887680,0
887681,0
887682,0
887683,0
887684,0
887685,0
887686,0
887687,0
887688,0
887689,0
887690,0
887691,0
887692,0
887693,0
887694,0
887695,0
887696,3
887697,0
887698,0
887699,0
887700,0
887701,1
887702,0
887703,0
887704,0
887705,0
887706,0
887707,0
887708,0
887709,0
887710,0
887711,0
887712,0
887713,0
887714,0
887715,0
887716,0
887717,0
887718,0
887719,0
887720,0
887721,0
887722,0
887723,0
887724,0
887725,0
887726,0
887727,0
887728,0
887729,0
887730,0
887731,0
887732,0
887733,0
887734,0
887735,0
887736,0
887737,0
887738,0
887739,0
887740,0
887741,0
887742,0
887743,0
887744,0
887745,0
887746,0
887747,0
887748,0
887749,0
887750,0
887751,0
887752,0
887753,0
887754,0
887755,0
887756,0
887757,2
887758,1
887759,0
887760,0
887761,0
887762,0
887763,0
887764,0
887765,0
887766,0
887767,0
887768,0
887769,0
887770,0
887771,0
887772,0
887773,0
887774,0
887775,0
887776,0
887777,0
887778,0
887779,0
887780,1
887781,0
887782,0
887783,1
887784,0
887785,0
887786,0
887787,0
887788,0
887789,0
887790,0
887791,0
887792,0
887793,0
887794,0
887795,0
887796,0
887797,0
887798,0
887799,0
887800,0
887801,0
887802,0
887803,0
887804,0
887805,0
887806,0
887807,0
887808,0
887809,0
887810,0
887811,0
887812,0
887813,0
887814,0
887815,0
887816,0
887817,0
887818,0
887819,0
887820,0
887821,0
887822,0
887823,0
887824,0
887825,1
887826,0
887827,1
887828,0
887829,0
887830,0
887831,0
887832,0
887833,0
887834,0
887835,0
887836,0
887837,0
887838,0
887839,0
887840,0
887841,0
887842,0
887843,1
887844,0
887845,0
887846,0
887847,0
887848,0
887849,0
887850,0
887851,0
887852,0
887853,0
887854,1
887855,0
887856,0
887857,0
887858,0
887859,0
887860,0
887861,0
887862,0
887863,0
887864,0
887865,0
887866,0
887867,0
887868,0
887869,0
887870,0
887871,0
887872,0
887873,0
887874,0
887875,2
887876,0
887877,0
887878,0
887879,0
887880,0
887881,0
887882,0
887883,0
887884,0
887885,0
887886,0
887887,0
887888,0
887889,3
887890,0
887891,0
887892,0
887893,0
887894,0
887895,0
887896,0
887897,0
887898,0
887899,0
887900,0
887901,0
887902,0
887903,3
887904,0
887905,0
887906,0
887907,0
887908,0
887909,0
887910,0
887911,0
887912,0
887913,0
887914,0
887915,0
887916,0
887917,0
887918,0
887919,0
887920,0
887921,0
887922,0
887923,0
887924,0
887925,0
887926,0
887927,0
887928,0
887929,0
887930,0
887931,0
887932,0
887933,0
887934,0
887935,0
887936,0
887937,0
887938,0
887939,0
887940,0
887941,0
887942,0
887943,0
887944,0
887945,0
887946,0
887947,0
887948,0
887949,0
887950,0
887951,0
887952,0
887953,0
887954,0
887955,0
887956,0
887957,0
887958,0
887959,0
887960,0
887961,0
887962,0
887963,0
887964,4
887965,0
887966,1
887967,0
887968,0
887969,0
887970,0
887971,0
887972,1
887973,0
887974,0
887975,0
887976,0
887977,3
887978,1
887979,0
887980,0
887981,0
887982,0
887983,0
887984,0
887985,0
887986,0
887987,0
887988,0
887989,1
887990,0
887991,0
887992,0
887993,0
887994,0
887995,0
887996,0
887997,0
887998,0
887999,0
888000,0
888001,0
888002,0
888003,2
888004,0
888005,0
888006,0
888007,1
888008,0
888009,0
888010,0
888011,0
888012,0
888013,0
888014,0
888015,0
888016,0
888017,0
888018,0
888019,0
888020,0
888021,0
888022,0
888023,0
888024,0
888025,0
888026,0
888027,0
888028,0
888029,0
888030,0
888031,0
888032,0
888033,0
888034,0
888035,0
888036,0
888037,0
888038,0
888039,0
888040,0
888041,0
888042,0
888043,0
888044,1
888045,0
888046,0
888047,0
888048,0
888049,0
888050,0
888051,0
888052,0
888053,0
888054,0
888055,0
888056,0
888057,0
888058,0
888059,0
888060,0
888061,0
888062,0
888063,0
888064,0
888065,0
888066,0
888067,0
888068,0
888069,0
888070,0
888071,0
888072,0
888073,0
888074,0
888075,0
888076,0
888077,0
888078,0
888079,0
888080,0
888081,0
888082,0
888083,0
888084,0
888085,0
888086,0
888087,0
888088,0
888089,0
888090,0
888091,0
888092,1
888093,2
888094,0
888095,0
888096,0
888097,0
888098,0
888099,0
888100,0
888101,0
888102,0
888103,0
888104,0
888105,0
888106,0
888107,0
888108,0
888109,0
888110,0
888111,0
888112,0
888113,0
888114,0
888115,0
888116,0
888117,0
888118,0
888119,0
888120,0
888121,0
888122,0
888123,0
888124,0
888125,0
888126,0
888127,0
888128,0
888129,0
888130,0
888131,0
888132,0
888133,0
888134,0
888135,0
888136,0
888137,0
888138,0
888139,0
888140,0
888141,0
888142,0
888143,0
888144,0
888145,2
888146,0
888147,0
888148,0
888149,0
888150,0
888151,0
888152,0
888153,0
888154,0
888155,0
888156,0
888157,0
888158,0
888159,0
888160,0
888161,0
888162,0
888163,0
888164,0
888165,0
888166,0
888167,0
888168,0
888169,0
888170,0
888171,0
888172,0
888173,0
888174,0
888175,0
888176,0
888177,14
888178,0
888179,0
888180,0
888181,0
888182,0
888183,13
888184,12
888185,0
888186,0
888187,0
888188,0
888189,0
888190,0
888191,0
888192,18
888193,0
888194,0
888195,0
888196,0
888197,0
888198,10
888199,10
888200,5
888201,0
888202,0
888203,0
888204,0
888205,19
888206,0
888207,0
888208,18
888209,0
888210,0
888211,0
888212,15
888213,0
888214,0
888215,0
888216,0
888217,11
888218,9
888219,0
888220,0
888221,11
888222,0
888223,0
888224,0
888225,12
888226,0
888227,0
888228,0
888229,0
888230,13
888231,0
888232,0
888233,0
888234,0
888235,22
888236,0
888237,0
888238,0
888239,0
888240,0
888241,16
888242,23
888243,0
888244,26
888245,0
888246,20
888247,13
888248,14
888249,0
888250,11
888251,20
888252,18
888253,0
888254,0
888255,0
888256,0
888257,0
888258,18
888259,0
888260,0
888261,0
888262,0
888263,0
888264,17
888265,0
888266,0
888267,0
888268,13
888269,0
888270,0
888271,10
888272,0
888273,0
888274,0
888275,0
888276,0
888277,0
888278,21
888279,0
888280,13
888281,0
888282,0
888283,0
888284,0
888285,30
888286,0
888287,0
888288,0
888289,0
888290,0
888291,20
888292,0
888293,0
888294,0
888295,22
888296,0
888297,28
888298,0
888299,0
888300,0
888301,22
888302,0
888303,0
888304,0
888305,0
888306,0
888307,0
888308,0
888309,0
888310,32
888311,24
888312,0
888313,0
888314,17
888315,0
888316,0
888317,17
888318,0
888319,0
888320,0
888321,0
888322,0
888323,0
888324,0
888325,0
888326,0
888327,0
888328,0
888329,0
888330,0
888331,29
888332,0
888333,0
888334,0
888335,0
888336,0
888337,0
888338,0
888339,0
888340,0
888341,27
888342,0
888343,0
888344,0
888345,0
888346,0
888347,32
888348,25
888349,0
888350,0
888351,29
888352,15
888353,21
888354,0
888355,0
888356,27
888357,0
888358,15
888359,0
888360,0
888361,23
888362,0
888363,0
888364,0
888365,22
888366,0
888367,17
888368,18
888369,0
888370,0
888371,0
888372,0
888373,0
888374,0
888375,19
888376,0
888377,28
888378,0
888379,0
888380,20
888381,0
888382,0
888383,0
888384,0
888385,0
888386,0
888387,0
888388,0
888389,0
888390,0
888391,0
888392,20
888393,0
888394,0
888395,0
888396,24
888397,0
888398,0
888399,17
888400,0
888401,20
888402,0
888403,0
888404,0
888405,0
888406,0
888407,0
888408,0
888409,0
888410,21
888411,0
888412,0
888413,20
888414,0
888415,0
888416,0
888417,0
888418,0
888419,0
888420,0
888421,23
888422,0
888423,0
888424,0
888425,14
888426,0
888427,0
888428,0
888429,18
888430,27
888431,0
888432,0
888433,0
888434,26
888435,0
888436,0
888437,0
888438,0
888439,0
888440,0
888441,16
888442,17
888443,0
888444,0
888445,0
888446,0
888447,0
888448,0
888449,0
888450,0
888451,0
888452,17
888453,0
888454,15
888455,0
888456,18
888457,0
888458,0
888459,0
888460,29
888461,0
888462,16
888463,15
888464,0
888465,0
888466,18
888467,0
888468,0
888469,16
888470,0
888471,0
888472,0
888473,0
888474,0
888475,23
888476,0
888477,0
888478,0
888479,0
888480,21
888481,0
888482,0
888483,0
888484,20
888485,0
888486,0
888487,17
888488,0
888489,18
888490,0
888491,0
888492,0
888493,0
888494,0
888495,0
888496,0
888497,0
888498,26
888499,0
888500,0
888501,0
888502,0
888503,20
888504,0
888505,0
888506,0
888507,0
888508,26
888509,0
888510,20
888511,0
888512,0
888513,0
888514,0
888515,0
888516,0
888517,0
888518,0
888519,0
888520,29
888521,0
888522,23
888523,0
888524,0
888525,26
888526,0
888527,0
888528,0
888529,0
888530,0
888531,9
888532,0
888533,0
888534,0
888535,0
888536,0
888537,0
888538,0
888539,0
888540,0
888541,20
888542,0
888543,0
888544,0
888545,18
888546,0
888547,0
888548,0
888549,0
888550,18
888551,0
888552,0
888553,0
888554,0
888555,0
888556,0
888557,25
888558,0
888559,20
888560,0
888561,0
888562,0
888563,19
888564,24
888565,0
888566,0
888567,0
888568,0
888569,0
888570,0
888571,0
888572,29
888573,0
888574,0
888575,35
888576,0
888577,0
888578,0
888579,20
888580,14
888581,0
888582,0
888583,0
888584,0
888585,17
888586,0
888587,0
888588,0
888589,0
888590,0
888591,25
888592,0
888593,0
888594,18
888595,24
888596,0
888597,0
888598,0
888599,23
888600,0
888601,14
888602,25
888603,34
888604,0
888605,25
888606,15
888607,31
888608,0
888609,0
888610,19
888611,0
888612,0
888613,13
888614,0
888615,0
888616,25
888617,0
888618,0
888619,23
888620,0
888621,0
888622,0
888623,0
888624,20
888625,13
888626,0
888627,0
888628,18
888629,21
888630,0
888631,27
888632,0
888633,0
888634,0
888635,0
888636,0
888637,0
888638,0
888639,0
888640,0
888641,0
888642,0
888643,31
888644,0
888645,0
888646,19
888647,0
888648,0
888649,0
888650,0
888651,0
888652,0
888653,0
888654,0
888655,0
888656,14
888657,0
888658,0
888659,0
888660,0
888661,21
888662,0
888663,0
888664,21
888665,0
888666,22
888667,0
888668,21
888669,0
888670,0
888671,0
888672,0
888673,0
888674,0
888675,0
888676,0
888677,0
888678,0
888679,0
888680,0
888681,0
888682,23
888683,0
888684,0
888685,0
888686,0
888687,0
888688,0
888689,0
888690,0
888691,0
888692,0
888693,0
888694,0
888695,0
888696,0
888697,0
888698,0
888699,0
888700,18
888701,0
888702,0
888703,0
888704,0
888705,0
888706,23
888707,15
888708,0
888709,0
888710,0
888711,0
888712,0
888713,28
888714,0
888715,0
888716,0
888717,0
888718,21
888719,0
888720,22
888721,0
888722,0
888723,0
888724,0
888725,0
888726,0
888727,15
888728,0
888729,0
888730,23
888731,0
888732,0
888733,19
888734,13
888735,0
888736,22
888737,0
888738,0
888739,0
888740,0
888741,0
888742,0
888743,0
888744,0
888745,0
888746,0
888747,0
888748,0
888749,0
888750,0
888751,0
888752,0
888753,26
888754,0
888755,0
888756,0
888757,0
888758,0
888759,0
888760,0
888761,0
888762,26
888763,16
888764,0
888765,0
888766,17
888767,0
888768,0
888769,0
888770,0
888771,0
888772,0
888773,0
888774,26
888775,0
888776,0
888777,24
888778,0
888779,0
888780,0
888781,0
888782,0
888783,0
888784,23
888785,28
888786,0
888787,0
888788,20
888789,0
888790,0
888791,0
888792,0
888793,15
888794,0
888795,0
888796,0
888797,16
888798,0
888799,19
888800,20
888801,18
888802,0
888803,0
888804,0
888805,0
888806,0
888807,0
888808,0
888809,26
888810,0
888811,0
888812,15
888813,0
888814,0
888815,25
888816,11
888817,25
888818,23
888819,18
888820,0
888821,0
888822,0
888823,0
888824,0
888825,0
888826,14
888827,0
888828,0
888829,0
888830,21
888831,23
888832,0
888833,17
888834,0
888835,0
888836,0
888837,0
888838,0
888839,22
888840,0
888841,0
888842,0
888843,0
888844,0
888845,20
888846,16
888847,28
888848,26
888849,0
888850,0
888851,0
888852,0
888853,19
888854,0
888855,0
888856,0
888857,0
888858,0
888859,0
888860,0
888861,0
888862,0
888863,0
888864,0
888865,19
888866,0
888867,21
888868,26
888869,0
888870,0
888871,0
888872,0
888873,0
888874,0
888875,27
888876,0
888877,0
888878,0
888879,23
888880,0
888881,0
888882,13
888883,0
888884,0
888885,0
888886,7
888887,0
888888,0
888889,0
888890,0
888891,25
888892,0
888893,18
888894,0
888895,0
888896,0
888897,0
888898,0
888899,0
888900,21
888901,0
888902,20
888903,0
888904,0
888905,0
888906,24
888907,23
888908,0
888909,0
888910,0
888911,0
888912,0
888913,0
888914,24
888915,0
888916,0
888917,0
888918,0
888919,0
888920,22
888921,21
888922,0
888923,0
888924,0
888925,21
888926,0
888927,0
888928,0
888929,0
888930,28
888931,0
888932,0
888933,0
888934,0
888935,22
888936,0
888937,0
888938,28
888939,0
888940,0
888941,24
888942,0
888943,0
888944,19
888945,15
888946,0
888947,25
888948,0
888949,0
888950,0
888951,0
888952,18
888953,0
888954,0
888955,11
888956,17
888957,0
888958,0
888959,21
888960,0
888961,0
888962,0
888963,0
888964,0
888965,0
888966,18
888967,0
888968,0
888969,0
888970,0
888971,14
888972,0
888973,0
888974,21
888975,0
888976,0
888977,0
888978,0
888979,0
888980,22
888981,0
888982,0
888983,10
888984,11
888985,0
888986,0
888987,0
888988,0
888989,0
888990,0
888991,0
888992,0
888993,15
888994,0
888995,0
888996,0
888997,0
888998,0
888999,0
889000,0
889001,0
889002,0
889003,0
889004,0
889005,28
889006,0
889007,13
889008,0
889009,0
889010,0
889011,23
889012,0
889013,18
889014,15
889015,0
889016,16
889017,0
889018,25
889019,0
889020,0
889021,24
889022,0
889023,0
889024,0
889025,0
889026,0
889027,24
889028,0
889029,0
889030,0
889031,0
889032,0
889033,0
889034,0
889035,21
889036,23
889037,0
889038,0
889039,0
889040,0
889041,0
889042,0
889043,0
889044,0
889045,0
889046,0
889047,0
889048,0
889049,0
889050,33
889051,0
889052,0
889053,0
889054,0
889055,0
889056,0
889057,21
889058,0
889059,0
889060,17
889061,0
889062,28
889063,20
889064,0
889065,0
889066,0
889067,20
889068,17
889069,26
889070,0
889071,0
889072,0
889073,15
889074,0
889075,0
889076,24
889077,17
889078,0
889079,0
889080,18
889081,30
889082,22
889083,0
889084,0
889085,0
889086,26
889087,32
889088,0
889089,0
889090,0
889091,0
889092,23
889093,0
889094,0
889095,26
889096,0
889097,0
889098,0
889099,18
889100,0
889101,0
889102,0
889103,0
889104,0
889105,0
889106,0
889107,0
889108,0
889109,0
889110,0
889111,0
889112,22
889113,27
889114,0
889115,9
889116,0
889117,0
889118,0
889119,0
889120,0
889121,0
889122,23
889123,0
889124,0
889125,0
889126,0
889127,23
889128,0
889129,0
889130,0
889131,0
889132,0
889133,0
889134,20
889135,0
889136,0
889137,0
889138,0
889139,0
889140,0
889141,0
889142,0
889143,0
889144,0
889145,18
889146,0
889147,0
889148,0
889149,0
889150,0
889151,0
889152,0
889153,0
889154,0
889155,0
889156,0
889157,0
889158,0
889159,0
889160,0
889161,0
889162,0
889163,0
889164,0
889165,0
889166,29
889167,0
889168,0
889169,21
889170,19
889171,0
889172,0
889173,27
889174,0
889175,0
889176,0
889177,0
889178,0
889179,0
889180,0
889181,0
889182,0
889183,0
889184,21
889185,22
889186,0
889187,0
889188,19
889189,0
889190,0
889191,23
889192,0
889193,0
889194,26
889195,17
889196,0
889197,0
889198,28
889199,0
889200,0
889201,25
889202,0
889203,0
889204,0
889205,0
889206,23
889207,0
889208,0
889209,18
889210,0
889211,17
889212,9
889213,7
889214,0
889215,0
889216,0
889217,0
889218,0
889219,0
889220,3
889221,7
889222,0
889223,0
889224,10
889225,5
889226,0
889227,0
889228,12
889229,0
889230,9
889231,14
889232,0
889233,16
889234,0
889235,0
889236,0
889237,0
889238,7
889239,0
889240,0
889241,0
889242,0
889243,0
889244,12
889245,9
889246,0
889247,0
889248,0
889249,13
889250,0
889251,4
889252,0
889253,0
889254,0
889255,5
889256,0
889257,0
889258,0
889259,11
889260,0
889261,0
889262,0
889263,0
889264,0
889265,0
889266,0
889267,0
889268,0
889269,0
889270,0
889271,0
889272,0
889273,0
889274,0
889275,13
889276,0
889277,0
889278,0
889279,0
889280,11
889281,0
889282,0
889283,0
889284,0
889285,0
889286,0
889287,0
889288,0
889289,0
889290,4
889291,4
889292,0
889293,0
889294,8
889295,0
889296,12
889297,0
889298,0
889299,0
889300,10
889301,8
889302,0
889303,0
889304,11
889305,0
889306,0
889307,0
889308,0
889309,0
889310,0
889311,0
889312,0
889313,9
889314,10
889315,0
889316,0
889317,0
889318,0
889319,0
889320,0
889321,7
889322,0
889323,0
889324,0
889325,11
889326,14
889327,6
889328,0
889329,0
889330,0
889331,10
889332,9
889333,0
889334,0
889335,0
889336,0
889337,0
889338,16
889339,11
889340,0
889341,0
889342,0
889343,0
889344,0
889345,0
889346,0
889347,0
889348,0
889349,0
889350,0
889351,0
889352,0
889353,0
889354,0
889355,0
889356,0
889357,0
889358,0
889359,0
889360,0
889361,18
889362,0
889363,0
889364,0
889365,0
889366,0
889367,0
889368,0
889369,0
889370,0
889371,0
889372,0
889373,0
889374,0
889375,0
889376,8
889377,0
889378,3
889379,0
889380,0
889381,7
889382,0
889383,0
889384,0
889385,0
889386,0
889387,4
889388,9
889389,0
889390,0
889391,0
889392,0
889393,0
889394,9
889395,9
889396,0
889397,0
889398,14
889399,0
889400,0
889401,0
889402,10
889403,0
889404,0
889405,13
889406,0
889407,0
889408,8
889409,0
889410,7
889411,0
889412,0
889413,7
889414,0
889415,0
889416,0
889417,0
889418,0
889419,12
889420,0
889421,10
889422,10
889423,2
889424,0
889425,0
889426,11
889427,0
889428,15
889429,0
889430,0
889431,0
889432,0
889433,11
889434,8
889435,0
889436,0
889437,0
889438,0
889439,0
889440,0
889441,0
889442,0
889443,0
889444,0
889445,9
889446,0
889447,0
889448,0
889449,0
889450,0
889451,0
889452,0
889453,6
889454,0
889455,8
889456,0
889457,8
889458,0
889459,0
889460,7
889461,0
889462,0
889463,16
889464,0
889465,9
889466,0
889467,0
889468,8
889469,0
889470,0
889471,6
889472,5
889473,0
889474,0
889475,12
889476,0
889477,0
889478,0
889479,0
889480,0
889481,0
889482,0
889483,0
889484,0
889485,0
889486,0
889487,0
889488,0
889489,0
889490,0
889491,0
889492,0
889493,0
889494,0
889495,0
889496,9
889497,0
889498,0
889499,0
889500,0
889501,8
889502,0
889503,0
889504,0
889505,0
889506,8
889507,0
889508,0
889509,9
889510,0
889511,0
889512,0
889513,0
889514,0
889515,0
889516,0
889517,0
889518,11
889519,0
889520,0
889521,4
889522,0
889523,0
889524,0
889525,0
889526,0
889527,9
889528,0
889529,0
889530,0
889531,0
889532,0
889533,0
889534,0
889535,0
889536,8
889537,7
889538,0
889539,0
889540,0
889541,0
889542,0
889543,0
889544,0
889545,0
889546,0
889547,0
889548,0
889549,11
889550,0
889551,10
889552,0
889553,11
889554,0
889555,9
889556,0
889557,11
889558,0
889559,0
889560,0
889561,0
889562,0
889563,0
889564,8
889565,0
889566,0
889567,0
889568,0
889569,11
889570,11
889571,0
889572,0
889573,0
889574,8
889575,0
889576,5
889577,0
889578,0
889579,0
889580,0
889581,0
889582,0
889583,0
889584,0
889585,0
889586,0
889587,0
889588,12
889589,0
889590,0
889591,0
889592,0
889593,0
889594,0
889595,0
889596,0
889597,0
889598,0
889599,9
889600,0
889601,0
889602,0
889603,0
889604,0
889605,0
889606,0
889607,0
889608,0
889609,0
889610,0
889611,10
889612,0
889613,0
889614,0
889615,13
889616,7
889617,0
889618,0
889619,0
889620,0
889621,0
889622,0
889623,0
889624,5
889625,0
889626,0
889627,0
889628,0
889629,0
889630,0
889631,0
889632,0
889633,0
889634,7
889635,6
889636,0
889637,0
889638,0
889639,12
889640,0
889641,0
889642,0
889643,0
889644,0
889645,0
889646,0
889647,0
889648,0
889649,0
889650,0
889651,0
889652,7
889653,0
889654,6
889655,6
889656,0
889657,0
889658,0
889659,0
889660,0
889661,0
889662,0
889663,7
889664,0
889665,6
889666,0
889667,0
889668,0
889669,0
889670,0
889671,0
889672,0
889673,0
889674,0
889675,0
889676,9
889677,0
889678,0
889679,0
889680,0
889681,6
889682,10
889683,0
889684,0
889685,0
889686,1
889687,0
889688,5
889689,0
889690,9
889691,8
889692,0
889693,0
889694,0
889695,0
889696,0
889697,0
889698,0
889699,0
889700,0
889701,10
889702,6
889703,15
889704,7
889705,0
889706,0
889707,10
889708,0
889709,0
889710,0
889711,0
889712,13
889713,16
889714,0
889715,14
889716,0
889717,0
889718,0
889719,0
889720,0
889721,0
889722,4
889723,0
889724,0
889725,0
889726,0
889727,0
889728,0
889729,0
889730,0
889731,0
889732,0
889733,9
889734,0
889735,0
889736,0
889737,7
889738,0
889739,0
889740,0
889741,0
889742,0
889743,0
889744,7
889745,8
889746,10
889747,0
889748,0
889749,0
889750,12
889751,0
889752,0
889753,0
889754,0
889755,0
889756,11
889757,0
889758,0
889759,0
889760,0
889761,10
889762,0
889763,7
889764,0
889765,7
889766,5
889767,0
889768,6
889769,0
889770,0
889771,6
889772,0
889773,0
889774,0
889775,0
889776,0
889777,0
889778,0
889779,0
889780,0
889781,0
889782,0
889783,0
889784,0
889785,0
889786,0
889787,0
889788,0
889789,9
889790,0
889791,0
889792,6
889793,0
889794,0
889795,0
889796,9
889797,0
889798,0
889799,7
889800,0
889801,0
889802,0
889803,6
889804,0
889805,0
889806,0
889807,0
889808,0
889809,7
889810,0
889811,0
889812,0
889813,0
889814,0
889815,0
889816,0
889817,0
889818,0
889819,11
889820,0
889821,0
889822,0
889823,0
889824,0
889825,0
889826,7
889827,0
889828,0
889829,0
889830,0
889831,0
889832,7
889833,0
889834,0
889835,0
889836,0
889837,14
889838,0
889839,0
889840,11
889841,0
889842,10
889843,0
889844,0
889845,0
889846,0
889847,0
889848,0
889849,7
889850,0
889851,9
889852,0
889853,0
889854,0
889855,0
889856,0
889857,0
889858,0
889859,0
889860,0
889861,0
889862,6
889863,0
889864,0
889865,16
889866,8
889867,0
889868,0
889869,0
889870,0
889871,11
889872,0
889873,0
889874,0
889875,0
889876,0
889877,0
889878,0
889879,0
889880,0
889881,11
889882,9
889883,0
889884,0
889885,0
889886,0
889887,7
889888,11
889889,0
889890,0
889891,0
889892,0
889893,0
889894,0
889895,0
889896,0
889897,0
889898,0
889899,0
889900,5
889901,0
889902,0
889903,0
889904,0
889905,7
889906,9
889907,0
889908,0
889909,0
889910,0
889911,0
889912,10
889913,0
889914,0
889915,0
889916,0
889917,0
889918,0
889919,0
889920,0
889921,12
889922,0
889923,7
889924,0
889925,6
889926,0
889927,0
889928,0
889929,6
889930,0
889931,7
889932,11
889933,9
889934,9
889935,0
889936,0
889937,0
889938,0
889939,11
889940,0
889941,0
889942,0
889943,10
889944,0
889945,0
889946,0
889947,0
889948,11
889949,11
889950,0
889951,0
889952,0
889953,0
889954,7
889955,0
889956,0
889957,0
889958,0
889959,0
889960,10
889961,12
889962,0
889963,0
889964,0
889965,0
889966,0
889967,0
889968,0
889969,0
889970,0
889971,0
889972,0
889973,0
889974,0
889975,0
889976,0
889977,12
889978,0
889979,11
889980,0
889981,0
889982,0
889983,0
889984,0
889985,0
889986,0
889987,0
889988,0
889989,0
889990,0
889991,0
889992,0
889993,0
889994,0
889995,0
889996,0
889997,8
889998,0
889999,0
890000,0
890001,0
890002,0
890003,0
890004,0
890005,0
890006,0
890007,0
890008,0
890009,0
890010,0
890011,0
890012,0
890013,0
890014,0
890015,0
890016,0
890017,0
890018,0
890019,0
890020,0
890021,0
890022,0
890023,0
890024,0
890025,0
890026,0
890027,0
890028,32
890029,0
890030,0
890031,0
890032,0
890033,0
890034,0
890035,0
890036,0
890037,19
890038,0
890039,0
890040,0
890041,0
890042,0
890043,0
890044,0
890045,32
890046,0
890047,22
890048,0
890049,0
890050,0
890051,0
890052,0
890053,0
890054,0
890055,0
890056,0
890057,0
890058,0
890059,0
890060,0
890061,0
890062,0
890063,0
890064,0
890065,0
890066,0
890067,0
890068,0
890069,0
890070,0
890071,0
890072,0
890073,0
890074,33
890075,0
890076,0
890077,0
890078,0
890079,0
890080,0
890081,0
890082,0
890083,0
890084,0
890085,38
890086,0
890087,0
890088,0
890089,0
890090,0
890091,0
890092,0
890093,0
890094,0
890095,0
890096,35
890097,0
890098,0
890099,0
890100,0
890101,0
890102,0
890103,0
890104,0
890105,19
890106,0
890107,0
890108,0
890109,0
890110,0
890111,0
890112,0
890113,0
890114,0
890115,0
890116,0
890117,0
890118,0
890119,0
890120,14
890121,0
890122,0
890123,0
890124,0
890125,0
890126,0
890127,0
890128,0
890129,0
890130,0
890131,0
890132,0
890133,0
890134,0
890135,0
890136,0
890137,0
890138,0
890139,0
890140,0
890141,30
890142,0
890143,29
890144,0
890145,0
890146,0
890147,0
890148,0
890149,0
890150,0
890151,25
890152,0
890153,0
890154,0
890155,0
890156,32
890157,0
890158,0
890159,0
890160,0
890161,0
890162,0
890163,0
890164,0
890165,23
890166,0
890167,0
890168,0
890169,0
890170,0
890171,0
890172,0
890173,0
890174,0
890175,0
890176,21
890177,25
890178,0
890179,0
890180,0
890181,0
890182,0
890183,0
890184,0
890185,0
890186,0
890187,26
890188,0
890189,24
890190,0
890191,0
890192,15
890193,0
890194,0
890195,0
890196,0
890197,37
890198,0
890199,0
890200,0
890201,0
890202,0
890203,0
890204,0
890205,0
890206,0
890207,0
890208,0
890209,0
890210,0
890211,0
890212,0
890213,0
890214,0
890215,0
890216,0
890217,0
890218,0
890219,18
890220,0
890221,0
890222,26
890223,0
890224,0
890225,0
890226,0
890227,32
890228,0
890229,37
890230,19
890231,0
890232,0
890233,0
890234,18
890235,0
890236,22
890237,0
890238,0
890239,0
890240,0
890241,0
890242,0
890243,0
890244,43
890245,0
890246,0
890247,0
890248,0
890249,0
890250,21
890251,0
890252,0
890253,0
890254,0
890255,0
890256,24
890257,0
890258,0
890259,0
890260,0
890261,25
890262,0
890263,0
890264,0
890265,0
890266,0
890267,0
890268,26
890269,0
890270,0
890271,0
890272,0
890273,0
890274,0
890275,0
890276,0
890277,21
890278,0
890279,0
890280,0
890281,0
890282,34
890283,38
890284,0
890285,0
890286,0
890287,0
890288,0
890289,0
890290,0
890291,0
890292,0
890293,0
890294,0
890295,0
890296,0
890297,0
890298,0
890299,0
890300,0
890301,0
890302,27
890303,0
890304,30
890305,0
890306,0
890307,0
890308,0
890309,26
890310,31
890311,0
890312,0
890313,0
890314,0
890315,0
890316,0
890317,0
890318,0
890319,0
890320,0
890321,0
890322,0
890323,0
890324,0
890325,0
890326,0
890327,0
890328,0
890329,0
890330,0
890331,0
890332,0
890333,0
890334,21
890335,20
890336,0
890337,0
890338,17
890339,0
890340,0
890341,0
890342,0
890343,0
890344,0
890345,0
890346,0
890347,0
890348,34
890349,0
890350,0
890351,0
890352,0
890353,37
890354,0
890355,0
890356,0
890357,0
890358,0
890359,0
890360,0
890361,0
890362,27
890363,0
890364,0
890365,0
890366,0
890367,23
890368,0
890369,0
890370,0
890371,0
890372,0
890373,0
890374,16
890375,0
890376,0
890377,0
890378,0
890379,0
890380,0
890381,0
890382,0
890383,0
890384,29
890385,0
890386,0
890387,32
890388,0
890389,0
890390,0
890391,0
890392,0
890393,30
890394,0
890395,0
890396,23
890397,0
890398,0
890399,37
890400,0
890401,0
890402,0
890403,0
890404,0
890405,27
890406,0
890407,0
890408,0
890409,0
890410,0
890411,0
890412,23
890413,23
890414,0
890415,0
890416,0
890417,0
890418,0
890419,0
890420,0
890421,0
890422,0
890423,0
890424,0
890425,0
890426,0
890427,0
890428,31
890429,0
890430,0
890431,0
890432,0
890433,0
890434,0
890435,0
890436,0
890437,0
890438,0
890439,0
890440,0
890441,0
890442,0
890443,0
890444,0
890445,0
890446,0
890447,0
890448,0
890449,0
890450,28
890451,0
890452,0
890453,0
890454,0
890455,0
890456,32
890457,0
890458,0
890459,0
890460,0
890461,0
890462,0
890463,0
890464,33
890465,0
890466,0
890467,0
890468,0
890469,0
890470,0
890471,0
890472,0
890473,0
890474,0
890475,28
890476,0
890477,0
890478,0
890479,0
890480,0
890481,0
890482,0
890483,0
890484,0
890485,0
890486,0
890487,0
890488,0
890489,0
890490,28
890491,0
890492,0
890493,0
890494,0
890495,0
890496,0
890497,0
890498,0
890499,0
890500,0
890501,27
890502,0
890503,0
890504,0
890505,0
890506,0
890507,0
890508,0
890509,0
890510,0
890511,0
890512,0
890513,0
890514,0
890515,0
890516,0
890517,0
890518,0
890519,0
890520,0
890521,0
890522,0
890523,0
890524,0
890525,0
890526,0
890527,0
890528,0
890529,0
890530,0
890531,0
890532,0
890533,0
890534,0
890535,0
890536,0
890537,0
890538,0
890539,0
890540,26
890541,0
890542,0
890543,19
890544,0
890545,0
890546,9
890547,0
890548,0
890549,0
890550,0
890551,0
890552,0
890553,16
890554,0
890555,0
890556,0
890557,0
890558,0
890559,0
890560,18
890561,0
890562,0
890563,13
890564,0
890565,0
890566,0
890567,0
890568,0
890569,0
890570,12
890571,0
890572,0
890573,14
890574,0
890575,0
890576,0
890577,0
890578,0
890579,0
890580,0
890581,0
890582,0
890583,0
890584,0
890585,0
890586,0
890587,0
890588,0
890589,0
890590,0
890591,0
890592,21
890593,0
890594,0
890595,0
890596,0
890597,0
890598,0
890599,0
890600,12
890601,0
890602,0
890603,0
890604,0
890605,0
890606,0
890607,0
890608,0
890609,0
890610,0
890611,0
890612,0
890613,0
890614,0
890615,0
890616,0
890617,0
890618,0
890619,0
890620,0
890621,0
890622,9
890623,0
890624,0
890625,0
890626,0
890627,0
890628,0
890629,0
890630,0
890631,0
890632,12
890633,0
890634,0
890635,0
890636,0
890637,0
890638,0
890639,0
890640,0
890641,0
890642,0
890643,0
890644,0
890645,0
890646,0
890647,0
890648,0
890649,0
890650,0
890651,0
890652,0
890653,0
890654,0
890655,0
890656,0
890657,0
890658,0
890659,0
890660,10
890661,12
890662,0
890663,0
890664,0
890665,5
890666,0
890667,0
890668,0
890669,0
890670,0
890671,0
890672,8
890673,0
890674,0
890675,0
890676,0
890677,0
890678,0
890679,0
890680,0
890681,0
890682,14
890683,0
890684,20
890685,0
890686,20
890687,16
890688,14
890689,0
890690,0
890691,0
890692,0
890693,0
890694,0
890695,0
890696,0
890697,0
890698,0
890699,0
890700,0
890701,0
890702,0
890703,15
890704,0
890705,0
890706,0
890707,0
890708,25
890709,11
890710,0
890711,0
890712,0
890713,0
890714,0
890715,0
890716,0
890717,12
890718,0
890719,10
890720,0
890721,0
890722,0
890723,0
890724,12
890725,0
890726,0
890727,0
890728,0
890729,0
890730,0
890731,0
890732,0
890733,0
890734,0
890735,0
890736,0
890737,0
890738,0
890739,10
890740,0
890741,0
890742,0
890743,0
890744,0
890745,0
890746,15
890747,0
890748,0
890749,0
890750,0
890751,0
890752,0
890753,0
890754,0
890755,0
890756,0
890757,0
890758,0
890759,0
890760,0
890761,0
890762,15
890763,0
890764,0
890765,0
890766,20
890767,0
890768,0
890769,0
890770,0
890771,0
890772,0
890773,14
890774,5
890775,0
890776,0
890777,5
890778,14
890779,0
890780,0
890781,0
890782,25
890783,0
890784,0
890785,0
890786,0
890787,0
890788,0
890789,18
890790,0
890791,0
890792,0
890793,0
890794,0
890795,0
890796,0
890797,0
890798,0
890799,0
890800,0
890801,0
890802,0
890803,0
890804,0
890805,0
890806,0
890807,0
890808,0
890809,0
890810,0
890811,9
890812,0
890813,13
890814,0
890815,0
890816,0
890817,0
890818,0
890819,0
890820,0
890821,0
890822,12
890823,0
890824,9
890825,0
890826,0
890827,0
890828,0
890829,5
890830,0
890831,13
890832,0
890833,14
890834,0
890835,0
890836,0
890837,0
890838,0
890839,14
890840,0
890841,13
890842,0
890843,0
890844,0
890845,0
890846,0
890847,0
890848,0
890849,0
890850,0
890851,0
890852,0
890853,0
890854,0
890855,0
890856,0
890857,0
890858,0
890859,0
890860,14
890861,0
890862,0
890863,0
890864,0
890865,0
890866,0
890867,0
890868,0
890869,0
890870,0
890871,0
890872,0
890873,0
890874,0
890875,0
890876,25
890877,0
890878,0
890879,14
890880,0
890881,0
890882,0
890883,0
890884,14
890885,14
890886,5
890887,0
890888,5
890889,0
890890,0
890891,0
890892,0
890893,0
890894,0
890895,0
890896,0
890897,0
890898,0
890899,0
890900,0
890901,0
890902,0
890903,0
890904,0
890905,0
890906,0
890907,0
890908,7
890909,4
890910,0
890911,0
890912,0
890913,0
890914,0
890915,0
890916,5
890917,0
890918,4
890919,0
890920,0
890921,0
890922,0
890923,4
890924,0
890925,5
890926,0
890927,0
890928,6
890929,0
890930,0
890931,5
890932,0
890933,0
890934,0
890935,0
890936,6
890937,0
890938,0
890939,0
890940,0
890941,0
890942,0
890943,0
890944,0
890945,0
890946,0
890947,0
890948,0
890949,0
890950,0
890951,4
890952,0
890953,0
890954,0
890955,0
890956,0
890957,0
890958,3
890959,0
890960,0
890961,0
890962,0
890963,0
890964,0
890965,0
890966,5
890967,0
890968,0
890969,0
890970,2
890971,0
890972,0
890973,0
890974,0
890975,0
890976,0
890977,0
890978,0
890979,0
890980,0
890981,0
890982,0
890983,0
890984,0
890985,0
890986,0
890987,0
890988,0
890989,0
890990,0
890991,0
890992,7
890993,1
890994,2
890995,0
890996,2
890997,0
890998,0
890999,0
891000,0
891001,0
891002,0
891003,0
891004,0
891005,0
891006,0
891007,0
891008,0
891009,0
891010,0
891011,0
891012,0
891013,0
891014,0
891015,0
891016,0
891017,0
891018,0
891019,0
891020,0
891021,0
891022,0
891023,0
891024,0
891025,0
891026,3
891027,3
891028,0
891029,0
891030,0
891031,0
891032,0
891033,0
891034,0
891035,2
891036,0
891037,0
891038,0
891039,2
891040,0
891041,0
891042,0
891043,0
891044,0
891045,2
891046,0
891047,0
891048,0
891049,0
891050,0
891051,0
891052,0
891053,0
891054,3
891055,0
891056,0
891057,6
891058,0
891059,10
891060,0
891061,0
891062,0
891063,0
891064,0
891065,0
891066,0
891067,0
891068,0
891069,0
891070,0
891071,0
891072,0
891073,0
891074,0
891075,0
891076,0
891077,0
891078,0
891079,0
891080,0
891081,0
891082,0
891083,1
891084,7
891085,0
891086,0
891087,0
891088,0
891089,0
891090,0
891091,0
891092,0
891093,0
891094,7
891095,0
891096,3
891097,0
891098,8
891099,0
891100,0
891101,0
891102,0
891103,0
891104,0
891105,0
891106,0
891107,0
891108,4
891109,0
891110,0
891111,0
891112,0
891113,0
891114,0
891115,0
891116,5
891117,0
891118,0
891119,0
891120,0
891121,5
891122,0
891123,0
891124,5
891125,0
891126,0
891127,0
891128,0
891129,0
891130,0
891131,0
891132,6
891133,0
891134,0
891135,0
891136,6
891137,0
891138,0
891139,0
891140,0
891141,0
891142,0
891143,0
891144,0
891145,3
891146,0
891147,0
891148,0
891149,0
891150,0
891151,0
891152,8
891153,0
891154,0
891155,0
891156,0
891157,0
891158,0
891159,0
891160,0
891161,0
891162,0
891163,0
891164,0
891165,0
891166,0
891167,0
891168,0
891169,0
891170,0
891171,0
891172,0
891173,0
891174,0
891175,0
891176,0
891177,0
891178,0
891179,0
891180,0
891181,4
891182,1
891183,0
891184,0
891185,0
891186,0
891187,0
891188,0
891189,0
891190,1
891191,0
891192,0
891193,1
891194,3
891195,0
891196,2
891197,0
891198,0
891199,0
891200,0
891201,0
891202,0
891203,0
891204,8
891205,0
891206,0
891207,0
891208,5
891209,1
891210,1
891211,0
891212,0
891213,0
891214,0
891215,0
891216,0
891217,0
891218,0
891219,0
891220,5
891221,0
891222,0
891223,0
891224,0
891225,0
891226,0
891227,0
891228,0
891229,0
891230,0
891231,0
891232,0
891233,6
891234,0
891235,0
891236,6
891237,0
891238,0
891239,0
891240,0
891241,0
891242,0
891243,0
891244,0
891245,2
891246,0
891247,0
891248,0
891249,3
891250,0
891251,0
891252,2
891253,0
891254,0
891255,0
891256,0
891257,0
891258,0
891259,0
891260,0
891261,0
891262,0
891263,0
891264,0
891265,0
891266,0
891267,0
891268,0
891269,0
891270,0
891271,0
891272,0
891273,0
891274,0
891275,0
891276,0
891277,0
891278,0
891279,0
891280,0
891281,0
891282,0
891283,0
891284,9
891285,0
891286,0
891287,0
891288,0
891289,0
891290,0
891291,0
891292,0
891293,0
891294,4
891295,0
891296,0
891297,0
891298,4
891299,2
891300,0
891301,0
891302,0
891303,5
891304,0
891305,0
891306,6
891307,8
891308,3
891309,0
891310,0
891311,0
891312,0
891313,0
891314,0
891315,2
891316,0
891317,0
891318,0
891319,2
891320,3
891321,0
891322,5
891323,0
891324,0
891325,0
891326,0
891327,0
891328,0
891329,0
891330,0
891331,0
891332,0
891333,0
891334,0
891335,5
891336,0
891337,0
891338,0
891339,0
891340,4
891341,0
891342,0
891343,0
891344,0
891345,0
891346,0
891347,0
891348,0
891349,0
891350,0
891351,3
891352,0
891353,2
891354,0
891355,0
891356,0
891357,0
891358,0
891359,0
891360,0
891361,0
891362,0
891363,0
891364,0
891365,0
891366,0
891367,0
891368,0
891369,0
891370,0
891371,0
891372,0
891373,0
891374,0
891375,0
891376,0
891377,0
891378,4
891379,2
891380,0
891381,0
891382,0
891383,0
891384,0
891385,0
891386,0
891387,0
891388,0
891389,0
891390,0
891391,0
891392,0
891393,0
891394,0
891395,3
891396,0
891397,0
891398,0
891399,0
891400,0
891401,0
891402,0
891403,2
891404,0
891405,0
891406,0
891407,0
891408,0
891409,0
891410,0
891411,0
891412,0
891413,0
891414,4
891415,0
891416,0
891417,0
891418,4
891419,5
891420,0
891421,0
891422,6
891423,7
891424,0
891425,0
891426,0
891427,0
891428,0
891429,0
891430,0
891431,0
891432,22
891433,0
891434,0
891435,0
891436,0
891437,0
891438,0
891439,0
891440,0
891441,0
891442,0
891443,0
891444,0
891445,0
891446,0
891447,0
891448,0
891449,0
891450,0
891451,0
891452,21
891453,0
891454,0
891455,0
891456,0
891457,0
891458,0
891459,0
891460,21
891461,0
891462,0
891463,0
891464,0
891465,32
891466,0
891467,14
891468,0
891469,0
891470,0
891471,0
891472,0
891473,0
891474,0
891475,0
891476,0
891477,0
891478,29
891479,0
891480,0
891481,0
891482,30
891483,0
891484,0
891485,21
891486,0
891487,0
891488,31
891489,0
891490,23
891491,0
891492,0
891493,0
891494,0
891495,0
891496,0
891497,0
891498,0
891499,0
891500,0
891501,0
891502,0
891503,0
891504,0
891505,0
891506,0
891507,0
891508,0
891509,0
891510,0
891511,0
891512,0
891513,0
891514,0
891515,0
891516,0
891517,0
891518,0
891519,0
891520,0
891521,0
891522,19
891523,0
891524,0
891525,0
891526,0
891527,0
891528,0
891529,0
891530,0
891531,0
891532,0
891533,0
891534,0
891535,0
891536,24
891537,0
891538,0
891539,0
891540,0
891541,0
891542,0
891543,0
891544,0
891545,0
891546,0
891547,0
891548,0
891549,37
891550,0
891551,25
891552,0
891553,0
891554,0
891555,0
891556,0
891557,0
891558,0
891559,0
891560,0
891561,0
891562,0
891563,0
891564,0
891565,0
891566,0
891567,0
891568,0
891569,0
891570,0
891571,0
891572,0
891573,20
891574,0
891575,0
891576,0
891577,29
891578,0
891579,0
891580,17
891581,0
891582,0
891583,28
891584,0
891585,0
891586,17
891587,16
891588,0
891589,0
891590,0
891591,0
891592,0
891593,0
891594,0
891595,20
891596,0
891597,0
891598,0
891599,0
891600,0
891601,0
891602,27
891603,28
891604,0
891605,0
891606,0
891607,0
891608,0
891609,0
891610,0
891611,0
891612,0
891613,0
891614,0
891615,26
891616,0
891617,0
891618,0
891619,20
891620,13
891621,0
891622,0
891623,0
891624,0
891625,0
891626,0
891627,0
891628,22
891629,0
891630,0
891631,0
891632,0
891633,0
891634,0
891635,0
891636,0
891637,0
891638,0
891639,0
891640,0
891641,0
891642,0
891643,0
891644,0
891645,0
891646,0
891647,0
891648,0
891649,19
891650,0
891651,0
891652,0
891653,0
891654,0
891655,0
891656,0
891657,36
891658,0
891659,0
891660,0
891661,0
891662,0
891663,0
891664,0
891665,0
891666,0
891667,0
891668,0
891669,0
891670,0
891671,0
891672,0
891673,0
891674,0
891675,0
891676,30
891677,0
891678,0
891679,0
891680,0
891681,0
891682,0
891683,0
891684,0
891685,0
891686,31
891687,0
891688,34
891689,0
891690,0
891691,0
891692,0
891693,0
891694,26
891695,16
891696,29
891697,0
891698,0
891699,0
891700,24
891701,0
891702,0
891703,34
891704,0
891705,0
891706,0
891707,0
891708,29
891709,0
891710,0
891711,0
891712,0
891713,0
891714,0
891715,0
891716,0
891717,0
891718,0
891719,28
891720,0
891721,28
891722,0
891723,47
891724,23
891725,36
891726,0
891727,0
891728,0
891729,0
891730,0
891731,0
891732,0
891733,0
891734,0
891735,0
891736,17
891737,0
891738,0
891739,0
891740,0
891741,0
891742,0
891743,0
891744,0
891745,0
891746,0
891747,0
891748,0
891749,0
891750,0
891751,0
891752,0
891753,0
891754,0
891755,0
891756,0
891757,0
891758,0
891759,0
891760,46
891761,0
891762,0
891763,0
891764,39
891765,0
891766,0
891767,0
891768,0
891769,0
891770,0
891771,20
891772,34
891773,0
891774,0
891775,0
891776,0
891777,0
891778,0
891779,25
891780,32
891781,0
891782,9
891783,0
891784,0
891785,0
891786,40
891787,20
891788,0
891789,0
891790,0
891791,0
891792,0
891793,0
891794,29
891795,0
891796,0
891797,31
891798,33
891799,20
891800,0
891801,0
891802,0
891803,0
891804,0
891805,63
891806,49
891807,0
891808,0
891809,0
891810,42
891811,0
891812,0
891813,67
891814,0
891815,0
891816,0
891817,0
891818,0
891819,0
891820,0
891821,0
891822,19
891823,0
891824,0
891825,15
891826,0
891827,0
891828,0
891829,0
891830,81
891831,0
891832,0
891833,0
891834,0
891835,0
891836,0
891837,0
891838,54
891839,14
891840,0
891841,0
891842,0
891843,0
891844,0
891845,0
891846,0
891847,21
891848,0
891849,52
891850,43
891851,0
891852,0
891853,0
891854,0
891855,0
891856,0
891857,0
891858,0
891859,0
891860,51
891861,0
891862,27
891863,0
891864,0
891865,0
891866,0
891867,0
891868,0
891869,0
891870,0
891871,0
891872,0
891873,0
891874,33
891875,0
891876,0
891877,0
891878,41
891879,0
891880,0
891881,0
891882,0
891883,0
891884,0
891885,19
891886,0
891887,43
891888,0
891889,48
891890,28
891891,0
891892,44
891893,0
891894,0
891895,0
891896,0
891897,0
891898,126
891899,0
891900,0
891901,0
891902,0
891903,0
891904,0
891905,0
891906,0
891907,0
891908,0
891909,0
891910,55
891911,0
891912,0
891913,0
891914,38
891915,0
891916,0
891917,0
891918,0
891919,0
891920,0
891921,0
891922,0
891923,0
891924,0
891925,0
891926,75
891927,0
891928,0
891929,0
891930,0
891931,0
891932,0
891933,0
891934,0
891935,29
891936,0
891937,24
891938,0
891939,0
891940,0
891941,0
891942,0
891943,43
891944,0
891945,0
891946,0
891947,0
891948,0
891949,20
891950,0
891951,0
891952,0
891953,0
891954,16
891955,0
891956,0
891957,0
891958,0
891959,0
891960,0
891961,0
891962,0
891963,0
891964,0
891965,0
891966,0
891967,0
891968,0
891969,0
891970,0
891971,0
891972,0
891973,0
891974,0
891975,0
891976,0
891977,0
891978,0
891979,0
891980,0
891981,0
891982,0
891983,0
891984,0
891985,0
891986,0
891987,0
891988,0
891989,0
891990,0
891991,0
891992,37
891993,0
891994,0
891995,47
891996,0
891997,0
891998,12
891999,0
892000,0
892001,18
892002,0
892003,0
892004,0
892005,0
892006,0
892007,0
892008,0
892009,0
892010,0
892011,0
892012,0
892013,0
892014,0
892015,0
892016,0
892017,0
892018,0
892019,26
892020,0
892021,0
892022,0
892023,0
892024,71
892025,69
892026,0
892027,0
892028,0
892029,62
892030,0
892031,0
892032,0
892033,0
892034,0
892035,0
892036,0
892037,0
892038,25
892039,37
892040,0
892041,0
892042,0
892043,0
892044,0
892045,0
892046,0
892047,38
892048,0
892049,0
892050,70
892051,0
892052,0
892053,0
892054,0
892055,0
892056,0
892057,0
892058,0
892059,0
892060,0
892061,9
892062,0
892063,0
892064,0
892065,37
892066,0
892067,0
892068,0
892069,0
892070,0
892071,0
892072,0
892073,0
892074,21
892075,0
892076,0
892077,0
892078,18
892079,37
892080,0
892081,0
892082,0
892083,0
892084,0
892085,0
892086,0
892087,37
892088,20
892089,0
892090,0
892091,0
892092,0
892093,0
892094,0
892095,0
892096,0
892097,55
892098,38
892099,0
892100,0
892101,0
892102,43
892103,0
892104,0
892105,0
892106,0
892107,27
892108,0
892109,0
892110,13
892111,0
892112,0
892113,26
892114,0
892115,0
892116,0
892117,0
892118,0
892119,0
892120,0
892121,0
892122,0
892123,0
892124,0
892125,0
892126,0
892127,0
892128,0
892129,0
892130,0
892131,0
892132,0
892133,33
892134,0
892135,0
892136,0
892137,24
892138,0
892139,0
892140,0
892141,47
892142,0
892143,50
892144,0
892145,29
892146,0
892147,0
892148,0
892149,41
892150,0
892151,39
892152,0
892153,0
892154,0
892155,0
892156,38
892157,0
892158,0
892159,0
892160,0
892161,0
892162,21
892163,0
892164,59
892165,0
892166,0
892167,0
892168,0
892169,0
892170,0
892171,0
892172,0
892173,0
892174,0
892175,0
892176,0
892177,0
892178,0
892179,0
892180,0
892181,0
892182,0
892183,0
892184,0
892185,0
892186,19
892187,0
892188,0
892189,0
892190,0
892191,0
892192,0
892193,27
892194,0
892195,0
892196,31
892197,0
892198,0
892199,0
892200,0
892201,0
892202,0
892203,0
892204,0
892205,0
892206,0
892207,0
892208,0
892209,31
892210,0
892211,28
892212,0
892213,0
892214,10
892215,0
892216,0
892217,0
892218,0
892219,0
892220,0
892221,0
892222,17
892223,0
892224,0
892225,0
892226,0
892227,0
892228,0
892229,0
892230,0
892231,0
892232,0
892233,33
892234,0
892235,0
892236,0
892237,0
892238,0
892239,0
892240,27
892241,0
892242,0
892243,0
892244,22
892245,39
892246,0
892247,0
892248,0
892249,0
892250,0
892251,35
892252,0
892253,0
892254,0
892255,28
892256,0
892257,0
892258,0
892259,0
892260,30
892261,0
892262,0
892263,0
892264,25
892265,0
892266,9
892267,59
892268,0
892269,0
892270,0
892271,0
892272,0
892273,0
892274,0
892275,0
892276,0
892277,0
892278,0
892279,0
892280,0
892281,0
892282,0
892283,0
892284,0
892285,0
892286,0
892287,33
892288,73
892289,0
892290,27
892291,0
892292,0
892293,34
892294,0
892295,40
892296,64
892297,0
892298,0
892299,0
892300,0
892301,0
892302,17
892303,0
892304,0
892305,0
892306,0
892307,0
892308,0
892309,0
892310,0
892311,0
892312,0
892313,15
892314,0
892315,0
892316,0
892317,0
892318,0
892319,0
892320,0
892321,0
892322,0
892323,0
892324,0
892325,0
892326,0
892327,0
892328,0
892329,0
892330,32
892331,0
892332,0
892333,39
892334,0
892335,0
892336,0
892337,0
892338,0
892339,0
892340,44
892341,0
892342,18
892343,0
892344,0
892345,0
892346,0
892347,0
892348,0
892349,0
892350,0
892351,0
892352,0
892353,0
892354,26
892355,0
892356,0
892357,37
892358,0
892359,0
892360,66
892361,0
892362,0
892363,0
892364,0
892365,0
892366,0
892367,0
892368,0
892369,0
892370,0
892371,0
892372,0
892373,0
892374,0
892375,49
892376,0
892377,0
892378,0
892379,15
892380,0
892381,54
892382,0
892383,0
892384,0
892385,0
892386,29
892387,0
892388,0
892389,34
892390,56
892391,0
892392,37
892393,0
892394,0
892395,0
892396,0
892397,0
892398,0
892399,0
892400,0
892401,42
892402,14
892403,0
892404,0
892405,17
892406,0
892407,21
892408,0
892409,68
892410,0
892411,0
892412,0
892413,0
892414,0
892415,0
892416,0
892417,0
892418,26
892419,0
892420,0
892421,50
892422,0
892423,0
892424,0
892425,0
892426,0
892427,0
892428,0
892429,0
892430,0
892431,0
892432,44
892433,0
892434,0
892435,0
892436,0
892437,0
892438,0
892439,0
892440,0
892441,0
892442,0
892443,0
892444,0
892445,0
892446,0
892447,0
892448,0
892449,0
892450,0
892451,0
892452,0
892453,0
892454,0
892455,0
892456,0
892457,0
892458,0
892459,0
892460,0
892461,0
892462,0
892463,0
892464,0
892465,0
892466,0
892467,1
892468,1
892469,0
892470,0
892471,0
892472,0
892473,0
892474,0
892475,0
892476,0
892477,0
892478,0
892479,0
892480,0
892481,0
892482,0
892483,0
892484,0
892485,0
892486,0
892487,0
892488,0
892489,0
892490,0
892491,0
892492,0
892493,0
892494,0
892495,0
892496,0
892497,0
892498,0
892499,0
892500,0
892501,0
892502,0
892503,0
892504,0
892505,0
892506,0
892507,0
892508,0
892509,0
892510,0
892511,0
892512,0
892513,0
892514,0
892515,0
892516,0
892517,0
892518,0
892519,0
892520,0
892521,0
892522,0
892523,0
892524,0
892525,0
892526,0
892527,0
892528,0
892529,0
892530,0
892531,0
892532,0
892533,0
892534,0
892535,0
892536,0
892537,0
892538,0
892539,0
892540,0
892541,0
892542,0
892543,0
892544,0
892545,0
892546,0
892547,0
892548,0
892549,0
892550,0
892551,0
892552,0
892553,0
892554,0
892555,0
892556,0
892557,0
892558,0
892559,0
892560,0
892561,0
892562,0
892563,0
892564,0
892565,0
892566,0
892567,0
892568,0
892569,0
892570,0
892571,0
892572,0
892573,0
892574,0
892575,0
892576,0
892577,0
892578,0
892579,0
892580,0
892581,0
892582,0
892583,0
892584,0
892585,0
892586,0
892587,0
892588,0
892589,0
892590,0
892591,0
892592,0
892593,0
892594,0
892595,0
892596,0
892597,0
892598,0
892599,0
892600,0
892601,0
892602,0
892603,0
892604,0
892605,0
892606,0
892607,0
892608,0
892609,0
892610,0
892611,0
892612,0
892613,0
892614,0
892615,1
892616,0
892617,0
892618,0
892619,0
892620,0
892621,0
892622,0
892623,0
892624,0
892625,0
892626,0
892627,0
892628,0
892629,0
892630,1
892631,0
892632,0
892633,0
892634,0
892635,0
892636,0
892637,0
892638,0
892639,0
892640,0
892641,0
892642,0
892643,0
892644,0
892645,0
892646,0
892647,0
892648,0
892649,0
892650,0
892651,0
892652,0
892653,0
892654,0
892655,0
892656,0
892657,0
892658,0
892659,0
892660,0
892661,0
892662,0
892663,0
892664,0
892665,0
892666,0
892667,0
892668,0
892669,0
892670,0
892671,0
892672,0
892673,0
892674,0
892675,0
892676,0
892677,0
892678,0
892679,0
892680,0
892681,0
892682,0
892683,0
892684,0
892685,0
892686,0
892687,0
892688,0
892689,0
892690,0
892691,0
892692,0
892693,0
892694,0
892695,0
892696,0
892697,0
892698,0
892699,0
892700,0
892701,0
892702,0
892703,0
892704,0
892705,0
892706,0
892707,0
892708,0
892709,0
892710,0
892711,0
892712,0
892713,0
892714,0
892715,0
892716,0
892717,0
892718,0
892719,0
892720,0
892721,0
892722,0
892723,0
892724,0
892725,0
892726,0
892727,0
892728,0
892729,0
892730,0
892731,0
892732,0
892733,0
892734,0
892735,0
892736,0
892737,0
892738,0
892739,0
892740,0
892741,0
892742,0
892743,0
892744,0
892745,0
892746,0
892747,0
892748,0
892749,0
892750,0
892751,0
892752,0
892753,0
892754,0
892755,0
892756,0
892757,0
892758,0
892759,0
892760,0
892761,0
892762,0
892763,0
892764,0
892765,0
892766,0
892767,0
892768,0
892769,0
892770,0
892771,0
892772,0
892773,0
892774,0
892775,0
892776,0
892777,0
892778,0
892779,0
892780,0
892781,0
892782,0
892783,0
892784,0
892785,0
892786,0
892787,0
892788,0
892789,0
892790,0
892791,0
892792,0
892793,0
892794,0
892795,0
892796,0
892797,0
892798,0
892799,0
892800,0
892801,0
892802,0
892803,0
892804,0
892805,0
892806,0
892807,0
892808,0
892809,0
892810,0
892811,0
892812,0
892813,0
892814,0
892815,0
892816,0
892817,0
892818,0
892819,0
892820,0
892821,0
892822,0
892823,0
892824,0
892825,0
892826,0
892827,0
892828,0
892829,0
892830,0
892831,0
892832,0
892833,0
892834,0
892835,0
892836,0
892837,0
892838,0
892839,0
892840,0
892841,0
892842,0
892843,0
892844,0
892845,0
892846,0
892847,0
892848,0
892849,0
892850,0
892851,0
892852,0
892853,0
892854,0
892855,0
892856,0
892857,0
892858,0
892859,0
892860,0
892861,0
892862,0
892863,0
892864,0
892865,1
892866,0
892867,0
892868,0
892869,0
892870,1
892871,0
892872,0
892873,0
892874,0
892875,0
892876,0
892877,0
892878,0
892879,0
892880,0
892881,0
892882,0
892883,0
892884,0
892885,0
892886,0
892887,0
892888,0
892889,0
892890,0
892891,0
892892,0
892893,0
892894,0
892895,0
892896,0
892897,0
892898,0
892899,0
892900,0
892901,0
892902,0
892903,0
892904,0
892905,0
892906,0
892907,0
892908,0
892909,0
892910,0
892911,0
892912,0
892913,0
892914,0
892915,0
892916,0
892917,0
892918,0
892919,0
892920,0
892921,0
892922,0
892923,0
892924,0
892925,0
892926,0
892927,0
892928,0
892929,0
892930,0
892931,0
892932,0
892933,0
892934,0
892935,0
892936,0
892937,0
892938,0
892939,0
892940,0
892941,0
892942,0
892943,0
892944,0
892945,0
892946,1
892947,0
892948,0
892949,0
892950,0
892951,0
892952,0
892953,0
892954,0
892955,0
892956,0
892957,0
892958,0
892959,0
892960,0
892961,0
892962,0
892963,0
892964,0
892965,0
892966,0
892967,0
892968,0
892969,0
892970,0
892971,0
892972,0
892973,0
892974,0
892975,0
892976,0
892977,0
892978,0
892979,0
892980,0
892981,0
892982,0
892983,0
892984,0
892985,0
892986,0
892987,0
892988,0
892989,0
892990,0
892991,0
892992,0
892993,0
892994,0
892995,0
892996,0
892997,0
892998,0
892999,0
893000,0
893001,0
893002,0
893003,0
893004,0
893005,0
893006,0
893007,0
893008,0
893009,0
893010,0
893011,0
893012,0
893013,0
893014,0
893015,0
893016,0
893017,0
893018,0
893019,0
893020,0
893021,0
893022,0
893023,0
893024,0
893025,0
893026,0
893027,0
893028,0
893029,0
893030,0
893031,0
893032,0
893033,0
893034,0
893035,0
893036,0
893037,0
893038,0
893039,0
893040,0
893041,0
893042,0
893043,0
893044,0
893045,0
893046,0
893047,0
893048,0
893049,0
893050,0
893051,0
893052,0
893053,0
893054,0
893055,0
893056,0
893057,0
893058,0
893059,0
893060,0
893061,0
893062,0
893063,0
893064,0
893065,0
893066,0
893067,0
893068,0
893069,0
893070,0
893071,0
893072,0
893073,0
893074,0
893075,0
893076,0
893077,0
893078,0
893079,0
893080,0
893081,0
893082,0
893083,0
893084,0
893085,0
893086,0
893087,0
893088,0
893089,0
893090,0
893091,0
893092,0
893093,0
893094,0
893095,0
893096,0
893097,0
893098,0
893099,23
893100,0
893101,45
893102,0
893103,0
893104,0
893105,0
893106,0
893107,0
893108,0
893109,0
893110,0
893111,0
893112,0
893113,0
893114,0
893115,0
893116,0
893117,0
893118,0
893119,23
893120,0
893121,34
893122,0
893123,0
893124,0
893125,0
893126,0
893127,0
893128,0
893129,0
893130,0
893131,0
893132,33
893133,0
893134,0
893135,29
893136,0
893137,0
893138,0
893139,0
893140,0
893141,27
893142,0
893143,23
893144,0
893145,0
893146,0
893147,0
893148,0
893149,0
893150,0
893151,0
893152,0
893153,0
893154,0
893155,0
893156,0
893157,0
893158,0
893159,0
893160,0
893161,0
893162,0
893163,0
893164,0
893165,0
893166,0
893167,0
893168,0
893169,49
893170,0
893171,26
893172,0
893173,0
893174,0
893175,0
893176,0
893177,0
893178,0
893179,0
893180,0
893181,0
893182,0
893183,47
893184,0
893185,0
893186,0
893187,0
893188,0
893189,0
893190,0
893191,0
893192,29
893193,0
893194,0
893195,37
893196,0
893197,0
893198,0
893199,0
893200,0
893201,0
893202,0
893203,0
893204,0
893205,0
893206,0
893207,0
893208,0
893209,0
893210,0
893211,41
893212,0
893213,0
893214,0
893215,0
893216,0
893217,0
893218,0
893219,0
893220,0
893221,0
893222,0
893223,33
893224,0
893225,0
893226,0
893227,0
893228,28
893229,25
893230,0
893231,0
893232,22
893233,0
893234,0
893235,0
893236,0
893237,0
893238,32
893239,0
893240,50
893241,0
893242,0
893243,39
893244,32
893245,0
893246,0
893247,0
893248,0
893249,0
893250,25
893251,0
893252,0
893253,0
893254,0
893255,0
893256,0
893257,0
893258,0
893259,0
893260,0
893261,0
893262,21
893263,0
893264,0
893265,0
893266,0
893267,0
893268,0
893269,0
893270,0
893271,0
893272,0
893273,0
893274,25
893275,0
893276,0
893277,0
893278,0
893279,0
893280,0
893281,0
893282,0
893283,0
893284,0
893285,0
893286,0
893287,0
893288,0
893289,35
893290,0
893291,0
893292,0
893293,0
893294,0
893295,0
893296,38
893297,0
893298,0
893299,0
893300,0
893301,21
893302,0
893303,0
893304,0
893305,0
893306,0
893307,0
893308,0
893309,0
893310,0
893311,0
893312,0
893313,0
893314,0
893315,0
893316,0
893317,0
893318,0
893319,0
893320,0
893321,0
893322,0
893323,0
893324,0
893325,0
893326,0
893327,0
893328,0
893329,0
893330,0
893331,0
893332,0
893333,0
893334,0
893335,0
893336,0
893337,0
893338,0
893339,0
893340,0
893341,0
893342,0
893343,0
893344,0
893345,0
893346,0
893347,0
893348,0
893349,0
893350,0
893351,0
893352,0
893353,0
893354,0
893355,28
893356,0
893357,0
893358,0
893359,0
893360,0
893361,0
893362,0
893363,0
893364,0
893365,0
893366,0
893367,0
893368,0
893369,18
893370,0
893371,0
893372,0
893373,0
893374,0
893375,0
893376,0
893377,0
893378,0
893379,0
893380,0
893381,0
893382,42
893383,0
893384,0
893385,0
893386,0
893387,29
893388,0
893389,0
893390,30
893391,0
893392,0
893393,0
893394,0
893395,0
893396,0
893397,0
893398,0
893399,0
893400,0
893401,0
893402,0
893403,0
893404,0
893405,0
893406,25
893407,24
893408,0
893409,0
893410,0
893411,0
893412,0
893413,0
893414,24
893415,0
893416,29
893417,21
893418,0
893419,0
893420,38
893421,0
893422,0
893423,0
893424,0
893425,0
893426,0
893427,0
893428,0
893429,0
893430,0
893431,0
893432,0
893433,0
893434,0
893435,0
893436,0
893437,0
893438,0
893439,24
893440,0
893441,25
893442,0
893443,0
893444,0
893445,0
893446,0
893447,0
893448,0
893449,31
893450,0
893451,0
893452,0
893453,0
893454,0
893455,0
893456,0
893457,0
893458,0
893459,45
893460,0
893461,0
893462,0
893463,0
893464,0
893465,0
893466,0
893467,0
893468,0
893469,20
893470,0
893471,0
893472,0
893473,26
893474,0
893475,0
893476,24
893477,36
893478,0
893479,0
893480,0
893481,0
893482,0
893483,38
893484,0
893485,0
893486,0
893487,0
893488,0
893489,0
893490,32
893491,0
893492,0
893493,20
893494,28
893495,0
893496,34
893497,0
893498,0
893499,0
893500,0
893501,23
893502,0
893503,0
893504,0
893505,0
893506,0
893507,0
893508,0
893509,0
893510,0
893511,0
893512,29
893513,0
893514,0
893515,0
893516,0
893517,0
893518,26
893519,0
893520,0
893521,0
893522,0
893523,0
893524,0
893525,0
893526,0
893527,0
893528,0
893529,0
893530,0
893531,0
893532,0
893533,0
893534,0
893535,0
893536,0
893537,0
893538,0
893539,0
893540,0
893541,0
893542,0
893543,0
893544,0
893545,0
893546,0
893547,0
893548,0
893549,0
893550,0
893551,0
893552,37
893553,0
893554,0
893555,0
893556,0
893557,0
893558,0
893559,0
893560,0
893561,0
893562,0
893563,0
893564,18
893565,0
893566,0
893567,0
893568,0
893569,0
893570,0
893571,0
893572,0
893573,0
893574,0
893575,0
893576,26
893577,0
893578,0
893579,0
893580,0
893581,25
893582,0
893583,0
893584,0
893585,40
893586,42
893587,0
893588,0
893589,0
893590,0
893591,24
893592,0
893593,28
893594,0
893595,0
893596,0
893597,0
893598,0
893599,0
893600,0
893601,0
893602,0
893603,26
893604,0
893605,0
893606,0
893607,0
893608,0
893609,0
893610,0
893611,0
893612,0
893613,0
893614,0
893615,0
893616,0
893617,0
893618,0
893619,19
893620,0
893621,0
893622,0
893623,0
893624,0
893625,0
893626,0
893627,0
893628,0
893629,0
893630,0
893631,0
893632,0
893633,0
893634,0
893635,0
893636,0
893637,0
893638,0
893639,0
893640,0
893641,27
893642,0
893643,0
893644,0
893645,0
893646,0
893647,0
893648,0
893649,0
893650,0
893651,0
893652,0
893653,0
893654,0
893655,0
893656,0
893657,40
893658,0
893659,0
893660,0
893661,31
893662,0
893663,23
893664,0
893665,0
893666,0
893667,0
893668,0
893669,0
893670,14
893671,15
893672,0
893673,0
893674,0
893675,0
893676,0
893677,0
893678,15
893679,0
893680,6
893681,11
893682,0
893683,0
893684,0
893685,0
893686,0
893687,15
893688,0
893689,12
893690,13
893691,0
893692,0
893693,0
893694,12
893695,0
893696,0
893697,10
893698,12
893699,0
893700,0
893701,0
893702,0
893703,0
893704,0
893705,0
893706,0
893707,0
893708,0
893709,9
893710,0
893711,0
893712,12
893713,0
893714,0
893715,12
893716,0
893717,11
893718,14
893719,0
893720,0
893721,0
893722,0
893723,0
893724,0
893725,9
893726,0
893727,7
893728,0
893729,0
893730,0
893731,0
893732,0
893733,0
893734,0
893735,7
893736,0
893737,0
893738,0
893739,0
893740,0
893741,0
893742,0
893743,0
893744,0
893745,0
893746,0
893747,12
893748,18
893749,14
893750,0
893751,0
893752,0
893753,0
893754,0
893755,5
893756,0
893757,0
893758,0
893759,8
893760,0
893761,0
893762,0
893763,0
893764,0
893765,0
893766,0
893767,9
893768,0
893769,0
893770,0
893771,0
893772,0
893773,0
893774,0
893775,0
893776,0
893777,0
893778,0
893779,0
893780,0
893781,0
893782,0
893783,0
893784,0
893785,16
893786,0
893787,0
893788,0
893789,34
893790,0
893791,0
893792,0
893793,0
893794,0
893795,0
893796,0
893797,0
893798,0
893799,0
893800,0
893801,0
893802,15
893803,0
893804,12
893805,0
893806,22
893807,0
893808,0
893809,0
893810,0
893811,16
893812,14
893813,26
893814,0
893815,0
893816,18
893817,0
893818,0
893819,0
893820,0
893821,0
893822,0
893823,0
893824,0
893825,24
893826,0
893827,19
893828,0
893829,0
893830,0
893831,0
893832,0
893833,0
893834,0
893835,0
893836,0
893837,0
893838,23
893839,0
893840,0
893841,0
893842,0
893843,20
893844,18
893845,0
893846,22
893847,0
893848,29
893849,18
893850,0
893851,0
893852,0
893853,0
893854,0
893855,0
893856,15
893857,0
893858,0
893859,0
893860,0
893861,0
893862,0
893863,9
893864,0
893865,0
893866,22
893867,0
893868,0
893869,10
893870,0
893871,0
893872,0
893873,0
893874,0
893875,17
893876,0
893877,0
893878,0
893879,19
893880,0
893881,0
893882,11
893883,8
893884,0
893885,12
893886,0
893887,0
893888,0
893889,0
893890,13
893891,0
893892,0
893893,23
893894,0
893895,0
893896,0
893897,0
893898,0
893899,0
893900,0
893901,0
893902,0
893903,22
893904,27
893905,0
893906,0
893907,0
893908,0
893909,0
893910,0
893911,0
893912,0
893913,0
893914,31
893915,22
893916,0
893917,0
893918,0
893919,0
893920,0
893921,0
893922,0
893923,20
893924,0
893925,0
893926,0
893927,0
893928,0
893929,0
893930,0
893931,0
893932,0
893933,13
893934,13
893935,0
893936,0
893937,15
893938,0
893939,0
893940,0
893941,18
893942,0
893943,0
893944,0
893945,0
893946,0
893947,0
893948,0
893949,0
893950,0
893951,0
893952,0
893953,0
893954,0
893955,23
893956,0
893957,0
893958,0
893959,0
893960,15
893961,0
893962,0
893963,0
893964,0
893965,0
893966,0
893967,0
893968,0
893969,0
893970,0
893971,0
893972,0
893973,0
893974,17
893975,0
893976,16
893977,0
893978,18
893979,0
893980,0
893981,0
893982,18
893983,0
893984,0
893985,0
893986,0
893987,0
893988,8
893989,0
893990,18
893991,0
893992,0
893993,0
893994,0
893995,0
893996,0
893997,0
893998,16
893999,0
894000,0
894001,0
894002,0
894003,23
894004,8
894005,0
894006,0
894007,0
894008,0
894009,0
894010,16
894011,0
894012,22
894013,0
894014,17
894015,0
894016,0
894017,0
894018,0
894019,0
894020,28
894021,0
894022,0
894023,0
894024,0
894025,21
894026,0
894027,0
894028,17
894029,0
894030,0
894031,0
894032,0
894033,0
894034,0
894035,0
894036,0
894037,0
894038,0
894039,0
894040,17
894041,0
894042,0
894043,0
894044,0
894045,0
894046,19
894047,0
894048,0
894049,0
894050,0
894051,0
894052,0
894053,12
894054,13
894055,0
894056,0
894057,0
894058,17
894059,0
894060,0
894061,0
894062,0
894063,10
894064,0
894065,28
894066,0
894067,0
894068,16
894069,16
894070,15
894071,0
894072,0
894073,0
894074,0
894075,0
894076,0
894077,0
894078,13
894079,0
894080,13
894081,0
894082,0
894083,26
894084,0
894085,11
894086,0
894087,0
894088,20
894089,0
894090,23
894091,0
894092,0
894093,0
894094,0
894095,14
894096,0
894097,0
894098,0
894099,0
894100,23
894101,0
894102,0
894103,0
894104,0
894105,0
894106,0
894107,0
894108,10
894109,0
894110,0
894111,0
894112,0
894113,0
894114,34
894115,17
894116,0
894117,0
894118,0
894119,17
894120,0
894121,0
894122,0
894123,0
894124,0
894125,0
894126,0
894127,0
894128,0
894129,12
894130,0
894131,0
894132,37
894133,0
894134,0
894135,14
894136,21
894137,0
894138,0
894139,0
894140,0
894141,0
894142,0
894143,0
894144,0
894145,28
894146,12
894147,0
894148,0
894149,0
894150,31
894151,25
894152,0
894153,0
894154,0
894155,0
894156,0
894157,0
894158,0
894159,0
894160,0
894161,0
894162,20
894163,21
894164,0
894165,0
894166,0
894167,0
894168,0
894169,0
894170,15
894171,6
894172,0
894173,0
894174,0
894175,27
894176,16
894177,26
894178,0
894179,0
894180,0
894181,0
894182,0
894183,0
894184,0
894185,0
894186,0
894187,0
894188,0
894189,0
894190,0
894191,0
894192,0
894193,0
894194,0
894195,0
894196,0
894197,0
894198,0
894199,11
894200,0
894201,0
894202,0
894203,18
894204,25
894205,0
894206,0
894207,0
894208,18
894209,0
894210,0
894211,0
894212,0
894213,0
894214,0
894215,0
894216,23
894217,0
894218,0
894219,0
894220,17
894221,0
894222,0
894223,0
894224,0
894225,0
894226,0
894227,0
894228,0
894229,0
894230,0
894231,0
894232,0
894233,5
894234,0
894235,0
894236,0
894237,0
894238,0
894239,0
894240,0
894241,0
894242,0
894243,0
894244,12
894245,0
894246,0
894247,0
894248,0
894249,0
894250,0
894251,0
894252,0
894253,0
894254,11
894255,0
894256,0
894257,0
894258,0
894259,15
894260,0
894261,17
894262,0
894263,0
894264,0
894265,0
894266,0
894267,0
894268,0
894269,0
894270,0
894271,0
894272,0
894273,0
894274,0
894275,0
894276,0
894277,0
894278,0
894279,20
894280,0
894281,0
894282,25
894283,0
894284,24
894285,0
894286,0
894287,4
894288,0
894289,0
894290,0
894291,0
894292,5
894293,0
894294,3
894295,0
894296,0
894297,0
894298,1
894299,0
894300,0
894301,0
894302,0
894303,0
894304,0
894305,0
894306,0
894307,0
894308,0
894309,0
894310,0
894311,0
894312,0
894313,0
894314,0
894315,4
894316,0
894317,0
894318,0
894319,3
894320,0
894321,6
894322,0
894323,0
894324,0
894325,0
894326,0
894327,0
894328,0
894329,0
894330,0
894331,0
894332,0
894333,0
894334,0
894335,0
894336,0
894337,4
894338,1
894339,0
894340,0
894341,0
894342,0
894343,0
894344,0
894345,5
894346,0
894347,0
894348,0
894349,0
894350,4
894351,0
894352,0
894353,0
894354,0
894355,4
894356,0
894357,3
894358,1
894359,0
894360,0
894361,0
894362,0
894363,1
894364,0
894365,0
894366,0
894367,0
894368,0
894369,0
894370,0
894371,0
894372,7
894373,0
894374,0
894375,0
894376,0
894377,2
894378,0
894379,0
894380,5
894381,2
894382,7
894383,1
894384,0
894385,0
894386,0
894387,7
894388,1
894389,2
894390,0
894391,2
894392,0
894393,0
894394,0
894395,2
894396,4
894397,0
894398,5
894399,4
894400,7
894401,3
894402,0
894403,4
894404,0
894405,0
894406,2
894407,0
894408,0
894409,0
894410,0
894411,0
894412,0
894413,0
894414,0
894415,0
894416,4
894417,0
894418,0
894419,0
894420,4
894421,0
894422,6
894423,0
894424,3
894425,0
894426,0
894427,0
894428,0
894429,0
894430,0
894431,0
894432,0
894433,0
894434,0
894435,0
894436,0
894437,5
894438,0
894439,0
894440,0
894441,0
894442,0
894443,0
894444,0
894445,0
894446,3
894447,0
894448,0
894449,4
894450,0
894451,0
894452,3
894453,0
894454,5
894455,0
894456,0
894457,0
894458,3
894459,0
894460,0
894461,0
894462,5
894463,0
894464,0
894465,0
894466,0
894467,0
894468,0
894469,0
894470,2
894471,0
894472,4
894473,0
894474,6
894475,0
894476,0
894477,6
894478,0
894479,0
894480,3
894481,0
894482,7
894483,4
894484,0
894485,0
894486,0
894487,0
894488,0
894489,0
894490,0
894491,0
894492,0
894493,0
894494,0
894495,0
894496,3
894497,0
894498,0
894499,1
894500,0
894501,0
894502,0
894503,0
894504,0
894505,0
894506,0
894507,0
894508,3
894509,6
894510,0
894511,0
894512,0
894513,0
894514,0
894515,0
894516,5
894517,0
894518,0
894519,0
894520,2
894521,0
894522,0
894523,0
894524,0
894525,0
894526,6
894527,0
894528,0
894529,0
894530,0
894531,5
894532,0
894533,0
894534,0
894535,0
894536,4
894537,0
894538,4
894539,1
894540,0
894541,0
894542,1
894543,0
894544,0
894545,0
894546,0
894547,4
894548,0
894549,3
894550,0
894551,0
894552,0
894553,3
894554,0
894555,4
894556,0
894557,0
894558,0
894559,0
894560,0
894561,2
894562,0
894563,0
894564,0
894565,7
894566,7
894567,0
894568,0
894569,0
894570,0
894571,0
894572,0
894573,0
894574,0
894575,0
894576,1
894577,0
894578,0
894579,0
894580,0
894581,5
894582,1
894583,2
894584,0
894585,0
894586,0
894587,2
894588,0
894589,0
894590,0
894591,0
894592,6
894593,0
894594,0
894595,0
894596,0
894597,0
894598,0
894599,0
894600,0
894601,0
894602,0
894603,2
894604,0
894605,0
894606,0
894607,0
894608,0
894609,0
894610,0
894611,5
894612,0
894613,0
894614,0
894615,0
894616,0
894617,0
894618,0
894619,6
894620,0
894621,0
894622,0
894623,0
894624,0
894625,0
894626,0
894627,0
894628,0
894629,0
894630,0
894631,0
894632,0
894633,0
894634,1
894635,0
894636,2
894637,0
894638,0
894639,0
894640,2
894641,0
894642,0
894643,2
894644,0
894645,0
894646,0
894647,0
894648,0
894649,0
894650,2
894651,0
894652,0
894653,0
894654,1
894655,0
894656,0
894657,0
894658,0
894659,0
894660,0
894661,0
894662,0
894663,0
894664,0
894665,0
894666,0
894667,0
894668,0
894669,0
894670,0
894671,0
894672,0
894673,0
894674,0
894675,0
894676,0
894677,0
894678,0
894679,0
894680,0
894681,0
894682,0
894683,0
894684,0
894685,0
894686,0
894687,0
894688,0
894689,1
894690,0
894691,0
894692,0
894693,0
894694,0
894695,2
894696,0
894697,1
894698,0
894699,4
894700,0
894701,0
894702,0
894703,0
894704,0
894705,0
894706,0
894707,0
894708,0
894709,0
894710,1
894711,0
894712,0
894713,0
894714,0
894715,0
894716,0
894717,0
894718,1
894719,0
894720,0
894721,0
894722,0
894723,0
894724,0
894725,0
894726,0
894727,1
894728,0
894729,0
894730,0
894731,0
894732,0
894733,0
894734,0
894735,0
894736,0
894737,0
894738,0
894739,0
894740,0
894741,0
894742,0
894743,0
894744,0
894745,0
894746,0
894747,0
894748,0
894749,0
894750,0
894751,0
894752,0
894753,2
894754,1
894755,0
894756,0
894757,0
894758,1
894759,1
894760,0
894761,0
894762,0
894763,0
894764,0
894765,0
894766,0
894767,0
894768,0
894769,0
894770,0
894771,3
894772,0
894773,0
894774,0
894775,0
894776,0
894777,1
894778,0
894779,0
894780,0
894781,0
894782,0
894783,0
894784,0
894785,2
894786,0
894787,0
894788,1
894789,0
894790,0
894791,0
894792,3
894793,0
894794,0
894795,1
894796,0
894797,0
894798,0
894799,0
894800,0
894801,0
894802,0
894803,0
894804,1
894805,0
894806,1
894807,0
894808,1
894809,0
894810,0
894811,0
894812,0
894813,0
894814,0
894815,0
894816,0
894817,0
894818,0
894819,0
894820,0
894821,0
894822,0
894823,0
894824,0
894825,0
894826,0
894827,0
894828,0
894829,0
894830,0
894831,0
894832,0
894833,0
894834,0
894835,3
894836,0
894837,0
894838,0
894839,0
894840,0
894841,0
894842,0
894843,0
894844,0
894845,0
894846,0
894847,0
894848,0
894849,0
894850,0
894851,0
894852,0
894853,0
894854,0
894855,0
894856,0
894857,0
894858,0
894859,1
894860,0
894861,2
894862,0
894863,0
894864,0
894865,0
894866,0
894867,0
894868,0
894869,0
894870,0
894871,0
894872,2
894873,0
894874,0
894875,0
894876,0
894877,0
894878,0
894879,0
894880,0
894881,2
894882,0
894883,0
894884,0
894885,0
894886,2
894887,0
894888,0
894889,0
894890,0
894891,0
894892,0
894893,0
894894,1
894895,0
894896,0
894897,0
894898,0
894899,0
894900,0
894901,0
894902,0
894903,0
894904,0
894905,0
894906,0
894907,2
894908,0
894909,0
894910,0
894911,0
894912,0
894913,0
894914,0
894915,0
894916,0
894917,0
894918,0
894919,0
894920,0
894921,0
894922,0
894923,0
894924,0
894925,0
894926,0
894927,0
894928,0
894929,0
894930,0
894931,0
894932,0
894933,1
894934,0
894935,0
894936,0
894937,0
894938,1
894939,0
894940,0
894941,0
894942,1
894943,0
894944,0
894945,2
894946,2
894947,0
894948,0
894949,0
894950,0
894951,0
894952,1
894953,0
894954,0
894955,0
894956,0
894957,0
894958,0
894959,0
894960,0
894961,1
894962,1
894963,0
894964,0
894965,0
894966,0
894967,0
894968,1
894969,1
894970,0
894971,0
894972,0
894973,0
894974,0
894975,0
894976,0
894977,0
894978,0
894979,0
894980,0
894981,0
894982,0
894983,0
894984,0
894985,0
894986,2
894987,0
894988,0
894989,0
894990,0
894991,0
894992,0
894993,0
894994,1
894995,1
894996,0
894997,0
894998,2
894999,0
895000,0
895001,0
895002,0
895003,0
895004,1
895005,0
895006,0
895007,1
895008,0
895009,0
895010,0
895011,0
895012,0
895013,0
895014,0
895015,0
895016,0
895017,0
895018,0
895019,2
895020,0
895021,0
895022,0
895023,0
895024,0
895025,0
895026,0
895027,0
895028,1
895029,2
895030,0
895031,0
895032,0
895033,1
895034,0
895035,0
895036,0
895037,1
895038,0
895039,0
895040,0
895041,0
895042,0
895043,0
895044,0
895045,1
895046,1
895047,0
895048,0
895049,0
895050,0
895051,0
895052,0
895053,0
895054,0
895055,0
895056,0
895057,0
895058,0
895059,0
895060,0
895061,0
895062,0
895063,0
895064,0
895065,1
895066,0
895067,0
895068,0
895069,0
895070,0
895071,0
895072,0
895073,0
895074,0
895075,0
895076,0
895077,0
895078,0
895079,0
895080,0
895081,0
895082,0
895083,0
895084,0
895085,0
895086,0
895087,0
895088,0
895089,1
895090,0
895091,0
895092,0
895093,2
895094,0
895095,0
895096,0
895097,2
895098,0
895099,0
895100,0
895101,0
895102,0
895103,0
895104,0
895105,0
895106,0
895107,0
895108,1
895109,0
895110,0
895111,0
895112,0
895113,0
895114,5
895115,0
895116,1
895117,0
895118,0
895119,0
895120,0
895121,0
895122,0
895123,0
895124,0
895125,0
895126,2
895127,0
895128,0
895129,0
895130,0
895131,0
895132,0
895133,0
895134,0
895135,0
895136,0
895137,0
895138,0
895139,1
895140,0
895141,0
895142,0
895143,0
895144,0
895145,0
895146,0
895147,0
895148,0
895149,2
895150,0
895151,0
895152,3
895153,0
895154,0
895155,0
895156,0
895157,0
895158,0
895159,0
895160,1
895161,0
895162,0
895163,0
895164,0
895165,0
895166,2
895167,0
895168,0
895169,0
895170,0
895171,0
895172,0
895173,0
895174,0
895175,0
895176,0
895177,1
895178,0
895179,0
895180,0
895181,0
895182,0
895183,0
895184,0
895185,0
895186,0
895187,0
895188,0
895189,0
895190,0
895191,0
895192,0
895193,0
895194,0
895195,0
895196,0
895197,2
895198,0
895199,2
895200,0
895201,0
895202,1
895203,3
895204,0
895205,0
895206,0
895207,0
895208,0
895209,0
895210,0
895211,0
895212,0
895213,0
895214,0
895215,0
895216,0
895217,0
895218,0
895219,0
895220,0
895221,0
895222,0
895223,0
895224,0
895225,0
895226,0
895227,0
895228,0
895229,4
895230,0
895231,0
895232,0
895233,1
895234,0
895235,0
895236,1
895237,5
895238,2
895239,0
895240,0
895241,0
895242,0
895243,0
895244,0
895245,0
895246,0
895247,0
895248,0
895249,0
895250,0
895251,4
895252,1
895253,0
895254,0
895255,0
895256,0
895257,0
895258,0
895259,0
895260,0
895261,0
895262,1
895263,0
895264,0
895265,0
895266,2
895267,0
895268,0
895269,0
895270,2
895271,0
895272,0
895273,0
895274,0
895275,0
895276,0
895277,0
895278,0
895279,0
895280,0
895281,0
895282,1
895283,0
895284,0
895285,0
895286,0
895287,0
895288,0
895289,0
895290,0
895291,0
895292,0
895293,0
895294,0
895295,1
895296,0
895297,0
895298,0
895299,2
895300,1
895301,0
895302,2
895303,0
895304,0
895305,0
895306,0
895307,0
895308,0
895309,0
895310,0
895311,0
895312,0
895313,0
895314,0
895315,0
895316,1
895317,1
895318,0
895319,0
895320,0
895321,0
895322,0
895323,0
895324,0
895325,0
895326,0
895327,0
895328,0
895329,0
895330,0
895331,0
895332,0
895333,0
895334,0
895335,0
895336,0
895337,1
895338,0
895339,0
895340,0
895341,0
895342,0
895343,0
895344,0
895345,0
895346,1
895347,0
895348,0
895349,0
895350,0
895351,0
895352,0
895353,0
895354,0
895355,0
895356,0
895357,0
895358,0
895359,0
895360,0
895361,1
895362,1
895363,0
895364,0
895365,0
895366,0
895367,0
895368,0
895369,0
895370,0
895371,1
895372,0
895373,0
895374,0
895375,0
895376,0
895377,0
895378,0
895379,0
895380,0
895381,1
895382,1
895383,0
895384,0
895385,0
895386,1
895387,0
895388,1
895389,0
895390,0
895391,0
895392,0
895393,0
895394,0
895395,0
895396,0
895397,0
895398,0
895399,0
895400,0
895401,0
895402,0
895403,0
895404,1
895405,0
895406,0
895407,0
895408,1
895409,3
895410,0
895411,0
895412,0
895413,0
895414,0
895415,0
895416,0
895417,0
895418,0
895419,0
895420,1
895421,0
895422,0
895423,2
895424,0
895425,0
895426,0
895427,0
895428,0
895429,0
895430,0
895431,0
895432,0
895433,0
895434,0
895435,0
895436,0
895437,0
895438,0
895439,0
895440,0
895441,0
895442,0
895443,0
895444,0
895445,0
895446,0
895447,0
895448,0
895449,0
895450,0
895451,0
895452,0
895453,0
895454,0
895455,0
895456,0
895457,0
895458,0
895459,0
895460,0
895461,0
895462,0
895463,0
895464,0
895465,0
895466,0
895467,0
895468,0
895469,0
895470,0
895471,0
895472,0
895473,0
895474,0
895475,0
895476,0
895477,0
895478,0
895479,0
895480,0
895481,0
895482,0
895483,0
895484,0
895485,0
895486,0
895487,0
895488,0
895489,0
895490,0
895491,0
895492,0
895493,0
895494,1
895495,0
895496,0
895497,0
895498,0
895499,0
895500,0
895501,0
895502,0
895503,0
895504,0
895505,0
895506,0
895507,0
895508,0
895509,0
895510,0
895511,0
895512,0
895513,0
895514,0
895515,0
895516,0
895517,0
895518,0
895519,0
895520,0
895521,0
895522,0
895523,0
895524,0
895525,0
895526,0
895527,0
895528,0
895529,0
895530,0
895531,0
895532,0
895533,0
895534,0
895535,0
895536,0
895537,0
895538,0
895539,0
895540,0
895541,0
895542,0
895543,0
895544,0
895545,0
895546,0
895547,0
895548,0
895549,0
895550,0
895551,0
895552,0
895553,0
895554,0
895555,0
895556,0
895557,0
895558,0
895559,0
895560,0
895561,0
895562,0
895563,0
895564,0
895565,0
895566,0
895567,0
895568,0
895569,0
895570,0
895571,0
895572,0
895573,0
895574,0
895575,0
895576,0
895577,0
895578,0
895579,0
895580,0
895581,0
895582,0
895583,0
895584,0
895585,0
895586,0
895587,0
895588,0
895589,0
895590,0
895591,0
895592,0
895593,0
895594,0
895595,0
895596,0
895597,0
895598,0
895599,0
895600,0
895601,0
895602,0
895603,0
895604,0
895605,0
895606,0
895607,0
895608,0
895609,0
895610,0
895611,0
895612,0
895613,0
895614,0
895615,0
895616,0
895617,0
895618,0
895619,0
895620,0
895621,0
895622,0
895623,0
895624,0
895625,0
895626,0
895627,0
895628,0
895629,0
895630,0
895631,0
895632,0
895633,0
895634,0
895635,0
895636,0
895637,0
895638,0
895639,0
895640,0
895641,0
895642,0
895643,0
895644,0
895645,0
895646,0
895647,0
895648,0
895649,0
895650,0
895651,0
895652,0
895653,0
895654,0
895655,0
895656,0
895657,0
895658,0
895659,0
895660,0
895661,0
895662,0
895663,0
895664,0
895665,0
895666,0
895667,0
895668,0
895669,0
895670,0
895671,0
895672,0
895673,0
895674,0
895675,0
895676,0
895677,0
895678,0
895679,0
895680,0
895681,0
895682,0
895683,0
895684,0
895685,0
895686,0
895687,0
895688,0
895689,0
895690,0
895691,0
895692,0
895693,0
895694,0
895695,0
895696,0
895697,0
895698,0
895699,0
895700,0
895701,0
895702,0
895703,0
895704,0
895705,0
895706,0
895707,0
895708,0
895709,0
895710,0
895711,0
895712,0
895713,0
895714,0
895715,0
895716,0
895717,0
895718,0
895719,0
895720,0
895721,0
895722,0
895723,0
895724,0
895725,0
895726,0
895727,0
895728,0
895729,0
895730,0
895731,0
895732,0
895733,0
895734,0
895735,0
895736,0
895737,0
895738,0
895739,0
895740,0
895741,0
895742,0
895743,0
895744,0
895745,0
895746,0
895747,0
895748,0
895749,0
895750,0
895751,0
895752,0
895753,0
895754,0
895755,0
895756,0
895757,0
895758,0
895759,0
895760,0
895761,0
895762,0
895763,0
895764,0
895765,0
895766,0
895767,0
895768,0
895769,0
895770,0
895771,0
895772,0
895773,0
895774,0
895775,0
895776,0
895777,0
895778,0
895779,0
895780,0
895781,0
895782,0
895783,0
895784,0
895785,0
895786,0
895787,0
895788,0
895789,0
895790,0
895791,0
895792,0
895793,0
895794,0
895795,0
895796,0
895797,0
895798,0
895799,0
895800,0
895801,0
895802,0
895803,0
895804,0
895805,0
895806,0
895807,0
895808,0
895809,0
895810,0
895811,0
895812,0
895813,0
895814,0
895815,0
895816,0
895817,0
895818,0
895819,0
895820,0
895821,0
895822,0
895823,0
895824,0
895825,0
895826,0
895827,0
895828,0
895829,0
895830,0
895831,0
895832,0
895833,0
895834,0
895835,0
895836,0
895837,0
895838,0
895839,0
895840,0
895841,0
895842,0
895843,0
895844,0
895845,0
895846,0
895847,0
895848,0
895849,0
895850,0
895851,0
895852,0
895853,0
895854,0
895855,0
895856,0
895857,0
895858,0
895859,0
895860,0
895861,0
895862,0
895863,0
895864,0
895865,0
895866,0
895867,0
895868,0
895869,0
895870,0
895871,0
895872,0
895873,0
895874,0
895875,0
895876,0
895877,0
895878,0
895879,0
895880,0
895881,0
895882,0
895883,0
895884,0
895885,0
895886,0
895887,0
895888,0
895889,0
895890,0
895891,0
895892,0
895893,0
895894,0
895895,0
895896,0
895897,0
895898,0
895899,0
895900,0
895901,0
895902,0
895903,0
895904,0
895905,0
895906,0
895907,0
895908,0
895909,0
895910,0
895911,0
895912,0
895913,0
895914,0
895915,0
895916,0
895917,0
895918,0
895919,0
895920,0
895921,0
895922,0
895923,0
895924,0
895925,0
895926,0
895927,0
895928,0
895929,0
895930,0
895931,0
895932,0
895933,0
895934,0
895935,0
895936,0
895937,0
895938,0
895939,0
895940,0
895941,0
895942,0
895943,0
895944,0
895945,0
895946,0
895947,0
895948,0
895949,0
895950,0
895951,0
895952,0
895953,0
895954,0
895955,0
895956,0
895957,0
895958,0
895959,0
895960,0
895961,0
895962,0
895963,0
895964,0
895965,0
895966,0
895967,0
895968,0
895969,0
895970,0
895971,0
895972,0
895973,0
895974,0
895975,0
895976,0
895977,0
895978,0
895979,0
895980,0
895981,0
895982,0
895983,0
895984,0
895985,0
895986,0
895987,0
895988,0
895989,0
895990,0
895991,0
895992,0
895993,0
895994,0
895995,0
895996,0
895997,0
895998,0
895999,0
896000,0
896001,0
896002,0
896003,0
896004,0
896005,0
896006,0
896007,0
896008,0
896009,0
896010,0
896011,0
896012,0
896013,0
896014,0
896015,0
896016,0
896017,0
896018,0
896019,0
896020,0
896021,0
896022,0
896023,0
896024,0
896025,0
896026,0
896027,0
896028,0
896029,0
896030,0
896031,0
896032,0
896033,0
896034,0
896035,0
896036,0
896037,0
896038,0
896039,0
896040,0
896041,0
896042,0
896043,0
896044,0
896045,0
896046,0
896047,0
896048,0
896049,0
896050,0
896051,0
896052,0
896053,0
896054,0
896055,1
896056,0
896057,0
896058,0
896059,0
896060,0
896061,0
896062,0
896063,0
896064,0
896065,0
896066,0
896067,0
896068,0
896069,0
896070,0
896071,0
896072,0
896073,0
896074,0
896075,0
896076,0
896077,0
896078,0
896079,0
896080,0
896081,0
896082,0
896083,0
896084,0
896085,0
896086,0
896087,0
896088,0
896089,0
896090,0
896091,0
896092,0
896093,0
896094,0
896095,0
896096,0
896097,0
896098,0
896099,0
896100,0
896101,0
896102,0
896103,0
896104,0
896105,0
896106,0
896107,0
896108,0
896109,0
896110,0
896111,0
896112,0
896113,0
896114,0
896115,0
896116,0
896117,0
896118,0
896119,0
896120,0
896121,0
896122,0
896123,0
896124,0
896125,0
896126,0
896127,0
896128,0
896129,0
896130,0
896131,0
896132,0
896133,0
896134,42
896135,0
896136,0
896137,0
896138,0
896139,0
896140,0
896141,25
896142,0
896143,0
896144,0
896145,0
896146,0
896147,0
896148,31
896149,0
896150,0
896151,0
896152,0
896153,34
896154,0
896155,0
896156,0
896157,0
896158,23
896159,0
896160,0
896161,0
896162,0
896163,0
896164,0
896165,0
896166,0
896167,0
896168,0
896169,0
896170,0
896171,0
896172,0
896173,0
896174,0
896175,0
896176,0
896177,0
896178,0
896179,0
896180,0
896181,0
896182,26
896183,0
896184,0
896185,0
896186,0
896187,0
896188,0
896189,0
896190,0
896191,0
896192,0
896193,0
896194,0
896195,0
896196,0
896197,0
896198,0
896199,0
896200,0
896201,0
896202,0
896203,36
896204,0
896205,0
896206,0
896207,0
896208,0
896209,0
896210,0
896211,0
896212,19
896213,0
896214,0
896215,0
896216,0
896217,0
896218,0
896219,0
896220,0
896221,27
896222,0
896223,0
896224,0
896225,0
896226,0
896227,0
896228,0
896229,0
896230,0
896231,0
896232,0
896233,29
896234,36
896235,0
896236,0
896237,0
896238,22
896239,0
896240,0
896241,0
896242,29
896243,0
896244,0
896245,0
896246,0
896247,0
896248,0
896249,0
896250,0
896251,0
896252,0
896253,0
896254,0
896255,0
896256,0
896257,0
896258,56
896259,0
896260,0
896261,0
896262,0
896263,45
896264,0
896265,0
896266,0
896267,35
896268,0
896269,27
896270,0
896271,0
896272,0
896273,29
896274,0
896275,0
896276,0
896277,0
896278,0
896279,0
896280,0
896281,0
896282,0
896283,0
896284,0
896285,0
896286,0
896287,0
896288,0
896289,0
896290,0
896291,0
896292,0
896293,29
896294,0
896295,0
896296,0
896297,0
896298,0
896299,0
896300,0
896301,0
896302,0
896303,23
896304,0
896305,0
896306,0
896307,0
896308,0
896309,32
896310,41
896311,0
896312,0
896313,0
896314,0
896315,0
896316,0
896317,0
896318,0
896319,30
896320,0
896321,36
896322,28
896323,0
896324,0
896325,0
896326,0
896327,0
896328,42
896329,0
896330,0
896331,0
896332,0
896333,0
896334,0
896335,0
896336,0
896337,0
896338,0
896339,0
896340,0
896341,0
896342,0
896343,33
896344,0
896345,0
896346,0
896347,0
896348,55
896349,0
896350,0
896351,0
896352,0
896353,0
896354,0
896355,0
896356,0
896357,0
896358,0
896359,33
896360,0
896361,0
896362,0
896363,0
896364,0
896365,0
896366,29
896367,32
896368,43
896369,0
896370,0
896371,0
896372,0
896373,0
896374,0
896375,0
896376,0
896377,0
896378,0
896379,0
896380,0
896381,0
896382,28
896383,0
896384,0
896385,0
896386,0
896387,0
896388,27
896389,0
896390,0
896391,0
896392,0
896393,0
896394,0
896395,0
896396,0
896397,24
896398,23
896399,23
896400,0
896401,37
896402,0
896403,0
896404,0
896405,0
896406,0
896407,0
896408,0
896409,0
896410,0
896411,0
896412,0
896413,0
896414,0
896415,0
896416,0
896417,0
896418,0
896419,0
896420,0
896421,31
896422,0
896423,0
896424,0
896425,0
896426,31
896427,0
896428,0
896429,0
896430,0
896431,0
896432,39
896433,0
896434,0
896435,0
896436,17
896437,0
896438,0
896439,0
896440,0
896441,0
896442,0
896443,0
896444,0
896445,0
896446,36
896447,0
896448,0
896449,0
896450,0
896451,0
896452,0
896453,0
896454,0
896455,0
896456,27
896457,39
896458,0
896459,0
896460,0
896461,0
896462,0
896463,0
896464,32
896465,0
896466,0
896467,0
896468,0
896469,0
896470,0
896471,0
896472,0
896473,0
896474,0
896475,0
896476,0
896477,0
896478,0
896479,0
896480,0
896481,0
896482,0
896483,0
896484,0
896485,0
896486,0
896487,0
896488,0
896489,0
896490,36
896491,0
896492,0
896493,34
896494,0
896495,0
896496,0
896497,1
896498,2
896499,0
896500,0
896501,0
896502,0
896503,0
896504,3
896505,1
896506,0
896507,5
896508,1
896509,0
896510,0
896511,0
896512,0
896513,5
896514,2
896515,0
896516,0
896517,0
896518,0
896519,2
896520,0
896521,2
896522,1
896523,0
896524,0
896525,1
896526,0
896527,1
896528,2
896529,0
896530,1
896531,0
896532,0
896533,0
896534,0
896535,0
896536,1
896537,0
896538,0
896539,2
896540,0
896541,0
896542,0
896543,0
896544,0
896545,0
896546,0
896547,1
896548,0
896549,0
896550,0
896551,0
896552,1
896553,0
896554,2
896555,0
896556,0
896557,0
896558,2
896559,0
896560,0
896561,0
896562,6
896563,0
896564,0
896565,0
896566,0
896567,0
896568,0
896569,0
896570,1
896571,2
896572,0
896573,0
896574,0
896575,0
896576,0
896577,0
896578,0
896579,0
896580,0
896581,0
896582,0
896583,0
896584,0
896585,0
896586,0
896587,1
896588,1
896589,0
896590,4
896591,0
896592,0
896593,0
896594,5
896595,0
896596,0
896597,0
896598,0
896599,0
896600,0
896601,0
896602,2
896603,1
896604,0
896605,0
896606,3
896607,3
896608,1
896609,0
896610,2
896611,0
896612,0
896613,0
896614,0
896615,2
896616,0
896617,2
896618,0
896619,4
896620,3
896621,2
896622,0
896623,0
896624,1
896625,0
896626,0
896627,0
896628,0
896629,0
896630,0
896631,0
896632,0
896633,0
896634,0
896635,0
896636,0
896637,2
896638,0
896639,0
896640,0
896641,0
896642,0
896643,0
896644,0
896645,0
896646,0
896647,0
896648,0
896649,0
896650,0
896651,0
896652,0
896653,0
896654,0
896655,1
896656,0
896657,0
896658,0
896659,0
896660,1
896661,4
896662,0
896663,0
896664,0
896665,0
896666,0
896667,0
896668,0
896669,0
896670,0
896671,0
896672,1
896673,0
896674,0
896675,2
896676,3
896677,0
896678,2
896679,2
896680,0
896681,0
896682,0
896683,0
896684,0
896685,0
896686,0
896687,0
896688,0
896689,0
896690,0
896691,2
896692,0
896693,0
896694,3
896695,0
896696,0
896697,0
896698,3
896699,0
896700,4
896701,0
896702,0
896703,0
896704,0
896705,0
896706,0
896707,1
896708,4
896709,0
896710,0
896711,0
896712,5
896713,0
896714,0
896715,0
896716,1
896717,1
896718,0
896719,0
896720,0
896721,0
896722,3
896723,0
896724,0
896725,0
896726,4
896727,0
896728,2
896729,6
896730,0
896731,0
896732,0
896733,0
896734,0
896735,2
896736,0
896737,0
896738,0
896739,0
896740,0
896741,3
896742,0
896743,1
896744,0
896745,0
896746,0
896747,0
896748,0
896749,0
896750,0
896751,0
896752,2
896753,0
896754,0
896755,0
896756,0
896757,0
896758,0
896759,0
896760,0
896761,1
896762,0
896763,0
896764,2
896765,6
896766,0
896767,2
896768,0
896769,2
896770,0
896771,0
896772,0
896773,0
896774,0
896775,0
896776,1
896777,0
896778,1
896779,0
896780,3
896781,0
896782,0
896783,0
896784,0
896785,0
896786,0
896787,1
896788,0
896789,1
896790,0
896791,0
896792,0
896793,0
896794,0
896795,0
896796,0
896797,4
896798,0
896799,0
896800,0
896801,0
896802,0
896803,3
896804,0
896805,0
896806,0
896807,0
896808,0
896809,0
896810,0
896811,0
896812,0
896813,2
896814,2
896815,0
896816,0
896817,0
896818,0
896819,0
896820,0
896821,0
896822,0
896823,0
896824,3
896825,0
896826,2
896827,0
896828,0
896829,0
896830,0
896831,0
896832,0
896833,0
896834,3
896835,0
896836,2
896837,0
896838,0
896839,0
896840,0
896841,0
896842,0
896843,2
896844,0
896845,2
896846,3
896847,0
896848,0
896849,0
896850,3
896851,0
896852,0
896853,3
896854,0
896855,0
896856,3
896857,0
896858,0
896859,5
896860,0
896861,0
896862,7
896863,0
896864,0
896865,0
896866,0
896867,0
896868,0
896869,0
896870,0
896871,0
896872,0
896873,0
896874,0
896875,0
896876,2
896877,0
896878,0
896879,1
896880,0
896881,0
896882,0
896883,1
896884,0
896885,3
896886,0
896887,0
896888,0
896889,0
896890,0
896891,0
896892,0
896893,0
896894,0
896895,1
896896,0
896897,0
896898,0
896899,3
896900,0
896901,4
896902,1
896903,0
896904,0
896905,0
896906,0
896907,0
896908,0
896909,3
896910,0
896911,0
896912,0
896913,0
896914,2
896915,0
896916,0
896917,0
896918,0
896919,0
896920,0
896921,3
896922,0
896923,4
896924,0
896925,0
896926,2
896927,0
896928,0
896929,0
896930,0
896931,0
896932,1
896933,0
896934,0
896935,0
896936,1
896937,2
896938,0
896939,0
896940,0
896941,0
896942,0
896943,0
896944,0
896945,0
896946,0
896947,0
896948,0
896949,0
896950,0
896951,0
896952,3
896953,0
896954,0
896955,0
896956,0
896957,0
896958,0
896959,2
896960,0
896961,0
896962,2
896963,0
896964,2
896965,0
896966,0
896967,0
896968,0
896969,0
896970,0
896971,0
896972,0
896973,0
896974,1
896975,0
896976,1
896977,0
896978,0
896979,2
896980,1
896981,0
896982,0
896983,2
896984,0
896985,0
896986,0
896987,0
896988,0
896989,1
896990,0
896991,0
896992,0
896993,0
896994,0
896995,0
896996,0
896997,0
896998,0
896999,0
897000,0
897001,2
897002,0
897003,0
897004,0
897005,2
897006,3
897007,0
897008,0
897009,0
897010,0
897011,0
897012,0
897013,3
897014,0
897015,0
897016,0
897017,0
897018,1
897019,0
897020,4
897021,2
897022,0
897023,0
897024,4
897025,0
897026,4
897027,0
897028,0
897029,0
897030,4
897031,1
897032,0
897033,0
897034,0
897035,0
897036,2
897037,0
897038,0
897039,4
897040,0
897041,1
897042,0
897043,0
897044,0
897045,0
897046,0
897047,0
897048,0
897049,0
897050,5
897051,1
897052,0
897053,0
897054,0
897055,0
897056,0
897057,1
897058,0
897059,0
897060,2
897061,0
897062,0
897063,0
897064,0
897065,0
897066,0
897067,0
897068,0
897069,0
897070,0
897071,0
897072,0
897073,0
897074,0
897075,0
897076,0
897077,0
897078,0
897079,1
897080,0
897081,0
897082,0
897083,1
897084,0
897085,2
897086,0
897087,2
897088,0
897089,0
897090,0
897091,0
897092,0
897093,0
897094,1
897095,0
897096,0
897097,0
897098,6
897099,0
897100,1
897101,0
897102,0
897103,0
897104,0
897105,0
897106,1
897107,0
897108,0
897109,2
897110,0
897111,0
897112,2
897113,0
897114,0
897115,0
897116,0
897117,0
897118,0
897119,0
897120,0
897121,1
897122,0
897123,0
897124,1
897125,0
897126,0
897127,1
897128,0
897129,0
897130,3
897131,0
897132,3
897133,0
897134,2
897135,2
897136,2
897137,0
897138,0
897139,0
897140,4
897141,0
897142,0
897143,0
897144,0
897145,0
897146,0
897147,0
897148,3
897149,0
897150,0
897151,0
897152,0
897153,0
897154,0
897155,0
897156,0
897157,0
897158,1
897159,2
897160,0
897161,0
897162,0
897163,17
897164,0
897165,15
897166,0
897167,0
897168,0
897169,0
897170,0
897171,0
897172,0
897173,0
897174,0
897175,0
897176,0
897177,0
897178,0
897179,0
897180,14
897181,0
897182,0
897183,0
897184,0
897185,13
897186,0
897187,0
897188,0
897189,0
897190,0
897191,13
897192,0
897193,0
897194,0
897195,0
897196,0
897197,0
897198,0
897199,0
897200,16
897201,11
897202,0
897203,0
897204,0
897205,0
897206,0
897207,10
897208,14
897209,0
897210,0
897211,0
897212,21
897213,0
897214,0
897215,0
897216,0
897217,0
897218,0
897219,15
897220,0
897221,17
897222,0
897223,0
897224,0
897225,0
897226,0
897227,0
897228,13
897229,7
897230,0
897231,0
897232,0
897233,13
897234,15
897235,0
897236,9
897237,18
897238,0
897239,0
897240,0
897241,0
897242,0
897243,16
897244,0
897245,0
897246,0
897247,13
897248,0
897249,22
897250,0
897251,10
897252,0
897253,0
897254,0
897255,0
897256,0
897257,0
897258,6
897259,0
897260,0
897261,11
897262,0
897263,0
897264,0
897265,14
897266,15
897267,13
897268,10
897269,0
897270,3
897271,9
897272,0
897273,0
897274,0
897275,0
897276,0
897277,0
897278,0
897279,9
897280,0
897281,0
897282,0
897283,0
897284,0
897285,0
897286,0
897287,0
897288,12
897289,0
897290,0
897291,0
897292,0
897293,14
897294,8
897295,0
897296,0
897297,0
897298,17
897299,19
897300,12
897301,0
897302,6
897303,20
897304,13
897305,0
897306,0
897307,0
897308,0
897309,7
897310,0
897311,0
897312,0
897313,12
897314,0
897315,0
897316,0
897317,0
897318,0
897319,18
897320,0
897321,8
897322,13
897323,0
897324,0
897325,12
897326,0
897327,15
897328,0
897329,0
897330,0
897331,0
897332,0
897333,0
897334,0
897335,0
897336,6
897337,0
897338,0
897339,0
897340,0
897341,0
897342,0
897343,13
897344,0
897345,0
897346,12
897347,0
897348,0
897349,0
897350,0
897351,0
897352,0
897353,0
897354,0
897355,0
897356,0
897357,0
897358,0
897359,0
897360,0
897361,0
897362,0
897363,20
897364,23
897365,0
897366,0
897367,0
897368,0
897369,0
897370,0
897371,13
897372,0
897373,7
897374,0
897375,0
897376,15
897377,0
897378,0
897379,9
897380,0
897381,0
897382,10
897383,0
897384,0
897385,13
897386,0
897387,0
897388,0
897389,0
897390,7
897391,12
897392,0
897393,14
897394,0
897395,0
897396,0
897397,0
897398,12
897399,0
897400,0
897401,0
897402,9
897403,0
897404,0
897405,14
897406,11
897407,0
897408,0
897409,0
897410,0
897411,18
897412,0
897413,0
897414,0
897415,0
897416,0
897417,0
897418,0
897419,0
897420,0
897421,0
897422,13
897423,0
897424,0
897425,0
897426,0
897427,0
897428,0
897429,0
897430,0
897431,0
897432,15
897433,0
897434,0
897435,0
897436,0
897437,0
897438,11
897439,0
897440,0
897441,0
897442,0
897443,14
897444,0
897445,14
897446,0
897447,0
897448,0
897449,9
897450,0
897451,0
897452,19
897453,18
897454,14
897455,0
897456,14
897457,8
897458,0
897459,0
897460,0
897461,0
897462,12
897463,16
897464,0
897465,0
897466,19
897467,18
897468,0
897469,15
897470,17
897471,0
897472,0
897473,0
897474,0
897475,0
897476,0
897477,0
897478,7
897479,0
897480,0
897481,0
897482,11
897483,11
897484,0
897485,0
897486,16
897487,15
897488,0
897489,10
897490,0
897491,8
897492,0
897493,0
897494,0
897495,0
897496,10
897497,17
897498,11
897499,10
897500,0
897501,0
897502,0
897503,0
897504,10
897505,0
897506,0
897507,0
897508,0
897509,0
897510,12
897511,0
897512,10
897513,0
897514,8
897515,0
897516,23
897517,0
897518,0
897519,0
897520,0
897521,0
897522,0
897523,0
897524,0
897525,18
897526,0
897527,0
897528,8
897529,0
897530,22
897531,0
897532,0
897533,18
897534,0
897535,0
897536,11
897537,0
897538,0
897539,0
897540,10
897541,20
897542,0
897543,0
897544,0
897545,0
897546,0
897547,0
897548,0
897549,0
897550,0
897551,10
897552,0
897553,0
897554,0
897555,0
897556,0
897557,0
897558,0
897559,0
897560,0
897561,0
897562,0
897563,0
897564,12
897565,0
897566,0
897567,0
897568,0
897569,0
897570,21
897571,0
897572,0
897573,0
897574,17
897575,0
897576,11
897577,15
897578,5
897579,6
897580,18
897581,0
897582,0
897583,0
897584,0
897585,10
897586,0
897587,0
897588,0
897589,14
897590,0
897591,13
897592,0
897593,0
897594,0
897595,8
897596,0
897597,0
897598,0
897599,9
897600,0
897601,0
897602,0
897603,0
897604,13
897605,0
897606,0
897607,0
897608,15
897609,13
897610,13
897611,13
897612,0
897613,0
897614,13
897615,0
897616,0
897617,0
897618,0
897619,0
897620,0
897621,0
897622,0
897623,0
897624,16
897625,18
897626,0
897627,0
897628,0
897629,0
897630,0
897631,19
897632,17
897633,6
897634,0
897635,0
897636,0
897637,0
897638,10
897639,0
897640,0
897641,0
897642,0
897643,11
897644,0
897645,25
897646,0
897647,13
897648,0
897649,0
897650,0
897651,0
897652,13
897653,0
897654,0
897655,0
897656,0
897657,0
897658,0
897659,0
897660,0
897661,0
897662,0
897663,0
897664,0
897665,0
897666,0
897667,0
897668,12
897669,0
897670,0
897671,0
897672,0
897673,0
897674,0
897675,13
897676,0
897677,0
897678,0
897679,0
897680,0
897681,0
897682,14
897683,0
897684,0
897685,0
897686,0
897687,0
897688,0
897689,9
897690,0
897691,0
897692,5
897693,0
897694,0
897695,0
897696,0
897697,9
897698,31
897699,0
897700,0
897701,0
897702,0
897703,0
897704,0
897705,0
897706,10
897707,0
897708,0
897709,0
897710,0
897711,0
897712,0
897713,0
897714,0
897715,0
897716,0
897717,0
897718,8
897719,0
897720,14
897721,0
897722,11
897723,0
897724,0
897725,0
897726,0
897727,23
897728,0
897729,0
897730,0
897731,0
897732,0
897733,0
897734,0
897735,8
897736,0
897737,0
897738,0
897739,0
897740,0
897741,0
897742,0
897743,12
897744,0
897745,0
897746,0
897747,0
897748,0
897749,0
897750,0
897751,0
897752,0
897753,13
897754,0
897755,0
897756,0
897757,0
897758,0
897759,0
897760,0
897761,0
897762,17
897763,0
897764,7
897765,9
897766,0
897767,0
897768,0
897769,0
897770,0
897771,0
897772,8
897773,0
897774,0
897775,0
897776,11
897777,0
897778,0
897779,0
897780,0
897781,0
897782,0
897783,0
897784,0
897785,0
897786,0
897787,0
897788,17
897789,0
897790,0
897791,0
897792,0
897793,0
897794,0
897795,0
897796,0
897797,0
897798,0
897799,0
897800,0
897801,16
897802,0
897803,0
897804,11
897805,0
897806,0
897807,0
897808,5
897809,0
897810,0
897811,0
897812,6
897813,12
897814,0
897815,0
897816,11
897817,0
897818,10
897819,0
897820,10
897821,0
897822,0
897823,0
897824,7
897825,0
897826,0
897827,0
897828,6
897829,0
897830,13
897831,0
897832,0
897833,0
897834,0
897835,0
897836,0
897837,0
897838,0
897839,0
897840,0
897841,0
897842,10
897843,0
897844,0
897845,15
897846,16
897847,0
897848,0
897849,0
897850,0
897851,0
897852,0
897853,0
897854,0
897855,0
897856,0
897857,0
897858,0
897859,15
897860,0
897861,0
897862,0
897863,0
897864,0
897865,23
897866,0
897867,0
897868,0
897869,9
897870,0
897871,0
897872,0
897873,0
897874,0
897875,0
897876,0
897877,0
897878,0
897879,0
897880,0
897881,0
897882,0
897883,0
897884,0
897885,0
897886,19
897887,0
897888,0
897889,7
897890,20
897891,0
897892,0
897893,0
897894,0
897895,17
897896,0
897897,13
897898,0
897899,0
897900,0
897901,0
897902,0
897903,46
897904,0
897905,0
897906,31
897907,0
897908,0
897909,0
897910,57
897911,0
897912,0
897913,0
897914,0
897915,0
897916,0
897917,0
897918,35
897919,49
897920,0
897921,0
897922,0
897923,26
897924,26
897925,0
897926,0
897927,0
897928,40
897929,49
897930,0
897931,0
897932,0
897933,0
897934,28
897935,0
897936,0
897937,0
897938,50
897939,38
897940,0
897941,0
897942,0
897943,0
897944,0
897945,0
897946,0
897947,0
897948,0
897949,0
897950,0
897951,0
897952,0
897953,55
897954,22
897955,0
897956,0
897957,0
897958,0
897959,0
897960,0
897961,0
897962,0
897963,0
897964,0
897965,0
897966,0
897967,0
897968,42
897969,0
897970,0
897971,0
897972,0
897973,0
897974,51
897975,0
897976,0
897977,0
897978,0
897979,0
897980,0
897981,0
897982,24
897983,0
897984,0
897985,0
897986,0
897987,0
897988,0
897989,0
897990,0
897991,0
897992,0
897993,0
897994,0
897995,0
897996,0
897997,0
897998,0
897999,0
898000,0
898001,0
898002,0
898003,0
898004,0
898005,0
898006,0
898007,0
898008,44
898009,47
898010,0
898011,0
898012,0
898013,0
898014,0
898015,0
898016,0
898017,0
898018,42
898019,37
898020,0
898021,0
898022,0
898023,0
898024,0
898025,0
898026,0
898027,0
898028,0
898029,24
898030,0
898031,0
898032,38
898033,0
898034,0
898035,0
898036,0
898037,0
898038,0
898039,0
898040,0
898041,35
898042,43
898043,0
898044,0
898045,0
898046,0
898047,0
898048,0
898049,0
898050,0
898051,0
898052,0
898053,0
898054,26
898055,47
898056,48
898057,0
898058,0
898059,0
898060,0
898061,0
898062,0
898063,31
898064,0
898065,0
898066,0
898067,41
898068,0
898069,0
898070,0
898071,0
898072,0
898073,40
898074,0
898075,0
898076,0
898077,0
898078,35
898079,0
898080,0
898081,0
898082,31
898083,0
898084,0
898085,0
898086,0
898087,0
898088,0
898089,0
898090,0
898091,0
898092,0
898093,28
898094,0
898095,0
898096,0
898097,0
898098,0
898099,0
898100,0
898101,0
898102,0
898103,0
898104,0
898105,0
898106,0
898107,0
898108,0
898109,0
898110,0
898111,38
898112,0
898113,0
898114,26
898115,0
898116,33
898117,52
898118,42
898119,0
898120,0
898121,0
898122,0
898123,0
898124,0
898125,0
898126,0
898127,0
898128,0
898129,0
898130,0
898131,0
898132,0
898133,0
898134,0
898135,0
898136,0
898137,0
898138,0
898139,33
898140,0
898141,35
898142,0
898143,0
898144,0
898145,0
898146,27
898147,39
898148,0
898149,0
898150,0
898151,52
898152,0
898153,0
898154,0
898155,0
898156,0
898157,0
898158,0
898159,0
898160,0
898161,0
898162,0
898163,0
898164,42
898165,42
898166,0
898167,0
898168,0
898169,0
898170,33
898171,0
898172,0
898173,0
898174,36
898175,0
898176,0
898177,0
898178,0
898179,0
898180,0
898181,0
898182,0
898183,39
898184,51
898185,0
898186,0
898187,0
898188,0
898189,0
898190,0
898191,37
898192,39
898193,45
898194,0
898195,0
898196,0
898197,0
898198,0
898199,0
898200,0
898201,40
898202,0
898203,0
898204,0
898205,0
898206,39
898207,46
898208,0
898209,29
898210,0
898211,0
898212,30
898213,0
898214,0
898215,0
898216,0
898217,0
898218,0
898219,32
898220,0
898221,40
898222,0
898223,46
898224,0
898225,0
898226,0
898227,32
898228,32
898229,0
898230,41
898231,0
898232,0
898233,0
898234,0
898235,0
898236,0
898237,0
898238,0
898239,0
898240,22
898241,0
898242,0
898243,0
898244,0
898245,0
898246,0
898247,0
898248,0
898249,0
898250,0
898251,0
898252,32
898253,0
898254,0
898255,0
898256,0
898257,0
898258,0
898259,0
898260,0
898261,0
898262,0
898263,0
898264,0
898265,0
898266,0
898267,0
898268,0
898269,0
898270,33
898271,0
898272,0
898273,0
898274,0
898275,40
898276,0
898277,0
898278,40
898279,0
898280,0
898281,0
898282,0
898283,0
898284,0
898285,0
898286,0
898287,0
898288,0
898289,0
898290,0
898291,0
898292,0
898293,0
898294,0
898295,0
898296,0
898297,0
898298,0
898299,0
898300,0
898301,0
898302,0
898303,0
898304,0
898305,0
898306,0
898307,0
898308,0
898309,0
898310,0
898311,0
898312,0
898313,0
898314,0
898315,0
898316,0
898317,0
898318,21
898319,0
898320,0
898321,0
898322,0
898323,0
898324,0
898325,0
898326,0
898327,0
898328,0
898329,0
898330,0
898331,0
898332,0
898333,0
898334,0
898335,0
898336,0
898337,0
898338,0
898339,0
898340,0
898341,0
898342,38
898343,0
898344,0
898345,0
898346,0
898347,37
898348,52
898349,28
898350,0
898351,28
898352,0
898353,34
898354,0
898355,43
898356,0
898357,0
898358,0
898359,0
898360,32
898361,0
898362,0
898363,0
898364,0
898365,0
898366,0
898367,0
898368,0
898369,32
898370,0
898371,0
898372,0
898373,0
898374,0
898375,0
898376,0
898377,0
898378,0
898379,0
898380,0
898381,0
898382,27
898383,0
898384,0
898385,0
898386,0
898387,32
898388,0
898389,0
898390,41
898391,31
898392,0
898393,0
898394,0
898395,0
898396,0
898397,22
898398,0
898399,0
898400,0
898401,0
898402,0
898403,0
898404,0
898405,0
898406,41
898407,47
898408,0
898409,0
898410,0
898411,37
898412,0
898413,0
898414,0
898415,0
898416,40
898417,0
898418,0
898419,0
898420,0
898421,0
898422,27
898423,0
898424,28
898425,0
898426,0
898427,0
898428,0
898429,0
898430,0
898431,0
898432,0
898433,0
898434,0
898435,0
898436,0
898437,31
898438,0
898439,0
898440,0
898441,0
898442,0
898443,0
898444,0
898445,39
898446,0
898447,0
898448,0
898449,0
898450,51
898451,0
898452,47
898453,0
898454,0
898455,0
898456,0
898457,0
898458,0
898459,0
898460,0
898461,0
898462,50
898463,0
898464,0
898465,0
898466,0
898467,0
898468,37
898469,0
898470,0
898471,45
898472,0
898473,0
898474,0
898475,0
898476,0
898477,0
898478,0
898479,0
898480,0
898481,36
898482,0
898483,0
898484,0
898485,0
898486,0
898487,0
898488,0
898489,0
898490,0
898491,42
898492,0
898493,0
898494,27
898495,0
898496,0
898497,44
898498,0
898499,37
898500,0
898501,0
898502,0
898503,53
898504,0
898505,38
898506,0
898507,0
898508,0
898509,0
898510,43
898511,0
898512,0
898513,42
898514,32
898515,0
898516,0
898517,0
898518,0
898519,0
898520,33
898521,35
898522,0
898523,0
898524,0
898525,27
898526,0
898527,0
898528,0
898529,0
898530,0
898531,0
898532,0
898533,52
898534,0
898535,0
898536,0
898537,0
898538,0
898539,0
898540,0
898541,0
898542,26
898543,0
898544,0
898545,0
898546,0
898547,0
898548,0
898549,0
898550,0
898551,0
898552,0
898553,0
898554,0
898555,0
898556,0
898557,0
898558,0
898559,0
898560,0
898561,27
898562,0
898563,0
898564,0
898565,0
898566,37
898567,0
898568,0
898569,0
898570,0
898571,0
898572,0
898573,27
898574,0
898575,0
898576,31
898577,0
898578,0
898579,0
898580,0
898581,0
898582,0
898583,0
898584,0
898585,0
898586,0
898587,0
898588,38
898589,0
898590,0
898591,0
898592,0
898593,0
898594,0
898595,0
898596,0
898597,0
898598,0
898599,0
898600,0
898601,27
898602,31
898603,0
898604,0
898605,0
898606,0
898607,0
898608,0
898609,0
898610,0
898611,0
898612,0
898613,0
898614,0
898615,0
898616,0
898617,0
898618,0
898619,0
898620,0
898621,0
898622,0
898623,0
898624,0
898625,0
898626,0
898627,0
898628,0
898629,0
898630,0
898631,0
898632,0
898633,0
898634,0
898635,0
898636,0
898637,0
898638,0
898639,0
898640,0
898641,0
898642,0
898643,0
898644,0
898645,0
898646,0
898647,0
898648,0
898649,1
898650,0
898651,0
898652,0
898653,0
898654,0
898655,0
898656,0
898657,0
898658,0
898659,0
898660,0
898661,0
898662,0
898663,0
898664,0
898665,0
898666,0
898667,0
898668,0
898669,0
898670,0
898671,0
898672,0
898673,0
898674,0
898675,0
898676,0
898677,0
898678,0
898679,0
898680,0
898681,0
898682,0
898683,0
898684,0
898685,0
898686,0
898687,0
898688,0
898689,0
898690,0
898691,0
898692,0
898693,0
898694,0
898695,0
898696,0
898697,0
898698,0
898699,0
898700,0
898701,0
898702,0
898703,0
898704,0
898705,0
898706,0
898707,0
898708,0
898709,0
898710,0
898711,0
898712,0
898713,0
898714,0
898715,0
898716,0
898717,0
898718,0
898719,0
898720,0
898721,0
898722,0
898723,0
898724,0
898725,0
898726,0
898727,0
898728,0
898729,0
898730,0
898731,0
898732,0
898733,0
898734,0
898735,0
898736,0
898737,0
898738,0
898739,0
898740,0
898741,0
898742,0
898743,0
898744,0
898745,0
898746,0
898747,0
898748,0
898749,0
898750,0
898751,0
898752,0
898753,0
898754,0
898755,1
898756,0
898757,0
898758,0
898759,0
898760,0
898761,0
898762,0
898763,0
898764,0
898765,0
898766,0
898767,0
898768,0
898769,0
898770,0
898771,0
898772,0
898773,0
898774,0
898775,0
898776,0
898777,0
898778,0
898779,0
898780,0
898781,0
898782,0
898783,0
898784,0
898785,0
898786,0
898787,0
898788,0
898789,0
898790,0
898791,0
898792,0
898793,0
898794,0
898795,0
898796,0
898797,0
898798,0
898799,0
898800,0
898801,0
898802,0
898803,0
898804,0
898805,0
898806,0
898807,0
898808,0
898809,0
898810,0
898811,0
898812,0
898813,25
898814,0
898815,0
898816,0
898817,0
898818,0
898819,0
898820,0
898821,0
898822,27
898823,0
898824,0
898825,0
898826,0
898827,0
898828,0
898829,16
898830,29
898831,0
898832,0
898833,0
898834,0
898835,26
898836,0
898837,0
898838,0
898839,0
898840,0
898841,0
898842,0
898843,0
898844,0
898845,0
898846,0
898847,0
898848,23
898849,0
898850,0
898851,0
898852,35
898853,0
898854,0
898855,0
898856,36
898857,0
898858,0
898859,0
898860,0
898861,0
898862,0
898863,32
898864,15
898865,0
898866,22
898867,25
898868,0
898869,0
898870,0
898871,0
898872,0
898873,0
898874,22
898875,0
898876,0
898877,0
898878,0
898879,0
898880,0
898881,0
898882,0
898883,0
898884,0
898885,0
898886,0
898887,0
898888,0
898889,0
898890,0
898891,0
898892,0
898893,0
898894,24
898895,0
898896,0
898897,0
898898,0
898899,25
898900,33
898901,0
898902,0
898903,0
898904,36
898905,0
898906,0
898907,0
898908,0
898909,18
898910,0
898911,18
898912,0
898913,0
898914,0
898915,0
898916,0
898917,0
898918,24
898919,0
898920,22
898921,0
898922,0
898923,0
898924,0
898925,0
898926,30
898927,0
898928,0
898929,0
898930,30
898931,0
898932,0
898933,0
898934,0
898935,0
898936,26
898937,0
898938,0
898939,0
898940,0
898941,0
898942,0
898943,0
898944,27
898945,0
898946,27
898947,0
898948,0
898949,0
898950,0
898951,0
898952,0
898953,0
898954,0
898955,0
898956,0
898957,0
898958,0
898959,0
898960,21
898961,0
898962,28
898963,21
898964,0
898965,0
898966,27
898967,0
898968,0
898969,0
898970,0
898971,0
898972,23
898973,0
898974,26
898975,0
898976,26
898977,0
898978,13
898979,0
898980,0
898981,0
898982,0
898983,15
898984,26
898985,17
898986,0
898987,0
898988,0
898989,0
898990,0
898991,0
898992,0
898993,0
898994,11
898995,0
898996,0
898997,0
898998,0
898999,0
899000,0
899001,0
899002,0
899003,26
899004,0
899005,0
899006,0
899007,0
899008,0
899009,0
899010,0
899011,0
899012,0
899013,0
899014,0
899015,0
899016,0
899017,0
899018,0
899019,0
899020,20
899021,0
899022,33
899023,0
899024,0
899025,39
899026,20
899027,0
899028,0
899029,23
899030,0
899031,0
899032,0
899033,0
899034,0
899035,0
899036,0
899037,34
899038,0
899039,0
899040,0
899041,0
899042,0
899043,0
899044,0
899045,0
899046,0
899047,0
899048,0
899049,0
899050,0
899051,0
899052,0
899053,0
899054,0
899055,0
899056,0
899057,24
899058,0
899059,0
899060,0
899061,0
899062,0
899063,0
899064,0
899065,0
899066,0
899067,0
899068,0
899069,0
899070,0
899071,0
899072,0
899073,0
899074,0
899075,27
899076,0
899077,0
899078,0
899079,0
899080,0
899081,0
899082,0
899083,0
899084,34
899085,19
899086,0
899087,0
899088,0
899089,25
899090,31
899091,0
899092,0
899093,0
899094,0
899095,24
899096,0
899097,0
899098,0
899099,29
899100,22
899101,30
899102,26
899103,31
899104,0
899105,0
899106,0
899107,0
899108,0
899109,0
899110,0
899111,0
899112,0
899113,0
899114,0
899115,0
899116,0
899117,0
899118,34
899119,29
899120,0
899121,0
899122,0
899123,25
899124,0
899125,0
899126,0
899127,32
899128,0
899129,0
899130,0
899131,0
899132,0
899133,16
899134,0
899135,0
899136,0
899137,0
899138,0
899139,0
899140,0
899141,45
899142,0
899143,0
899144,18
899145,0
899146,0
899147,0
899148,0
899149,0
899150,0
899151,0
899152,0
899153,0
899154,26
899155,0
899156,29
899157,27
899158,0
899159,0
899160,0
899161,27
899162,0
899163,0
899164,0
899165,0
899166,0
899167,0
899168,0
899169,0
899170,0
899171,0
899172,32
899173,0
899174,0
899175,0
899176,30
899177,0
899178,0
899179,0
899180,0
899181,0
899182,0
899183,0
899184,0
899185,0
899186,0
899187,0
899188,0
899189,24
899190,0
899191,0
899192,33
899193,0
899194,0
899195,0
899196,0
899197,0
899198,0
899199,0
899200,0
899201,16
899202,0
899203,27
899204,0
899205,22
899206,0
899207,0
899208,0
899209,0
899210,19
899211,0
899212,0
899213,0
899214,0
899215,26
899216,0
899217,0
899218,26
899219,0
899220,0
899221,0
899222,0
899223,0
899224,0
899225,0
899226,0
899227,0
899228,0
899229,0
899230,0
899231,0
899232,0
899233,0
899234,0
899235,0
899236,0
899237,0
899238,0
899239,0
899240,0
899241,0
899242,30
899243,0
899244,0
899245,0
899246,0
899247,0
899248,30
899249,0
899250,0
899251,18
899252,26
899253,0
899254,27
899255,20
899256,0
899257,0
899258,0
899259,0
899260,0
899261,0
899262,0
899263,0
899264,0
899265,0
899266,0
899267,30
899268,0
899269,0
899270,0
899271,0
899272,0
899273,0
899274,0
899275,0
899276,0
899277,0
899278,0
899279,21
899280,0
899281,23
899282,0
899283,0
899284,0
899285,28
899286,21
899287,0
899288,0
899289,0
899290,0
899291,0
899292,0
899293,0
899294,0
899295,0
899296,0
899297,26
899298,0
899299,0
899300,0
899301,0
899302,0
899303,0
899304,0
899305,0
899306,0
899307,27
899308,27
899309,0
899310,39
899311,0
899312,16
899313,0
899314,0
899315,0
899316,0
899317,0
899318,19
899319,0
899320,20
899321,0
899322,0
899323,0
899324,0
899325,0
899326,0
899327,0
899328,0
899329,33
899330,16
899331,0
899332,0
899333,0
899334,0
899335,0
899336,0
899337,0
899338,21
899339,0
899340,0
899341,0
899342,0
899343,0
899344,17
899345,14
899346,0
899347,10
899348,0
899349,0
899350,0
899351,35
899352,0
899353,0
899354,0
899355,0
899356,0
899357,0
899358,30
899359,0
899360,0
899361,28
899362,0
899363,0
899364,0
899365,0
899366,0
899367,0
899368,0
899369,0
899370,0
899371,24
899372,0
899373,0
899374,0
899375,0
899376,0
899377,0
899378,0
899379,0
899380,0
899381,0
899382,0
899383,0
899384,0
899385,0
899386,0
899387,0
899388,0
899389,0
899390,0
899391,0
899392,0
899393,0
899394,0
899395,0
899396,0
899397,0
899398,0
899399,0
899400,0
899401,0
899402,0
899403,0
899404,0
899405,0
899406,0
899407,0
899408,0
899409,0
899410,0
899411,0
899412,0
899413,0
899414,0
899415,0
899416,0
899417,0
899418,0
899419,0
899420,0
899421,0
899422,0
899423,0
899424,0
899425,0
899426,0
899427,0
899428,0
899429,0
899430,0
899431,0
899432,0
899433,0
899434,0
899435,0
899436,0
899437,0
899438,0
899439,0
899440,0
899441,0
899442,0
899443,0
899444,0
899445,0
899446,0
899447,0
899448,0
899449,0
899450,0
899451,0
899452,0
899453,0
899454,0
899455,0
899456,0
899457,0
899458,0
899459,0
899460,0
899461,0
899462,0
899463,0
899464,0
899465,0
899466,0
899467,0
899468,0
899469,0
899470,0
899471,0
899472,0
899473,0
899474,0
899475,0
899476,0
899477,0
899478,0
899479,0
899480,0
899481,0
899482,0
899483,0
899484,0
899485,0
899486,0
899487,0
899488,0
899489,0
899490,0
899491,0
899492,0
899493,0
899494,0
899495,0
899496,0
899497,0
899498,0
899499,0
899500,0
899501,0
899502,0
899503,0
899504,0
899505,0
899506,0
899507,0
899508,1
899509,0
899510,0
899511,0
899512,0
899513,0
899514,0
899515,0
899516,0
899517,0
899518,0
899519,0
899520,0
899521,0
899522,0
899523,0
899524,0
899525,0
899526,0
899527,0
899528,0
899529,1
899530,0
899531,0
899532,0
899533,0
899534,0
899535,0
899536,0
899537,0
899538,0
899539,0
899540,0
899541,0
899542,0
899543,0
899544,0
899545,0
899546,0
899547,0
899548,0
899549,0
899550,0
899551,0
899552,0
899553,0
899554,0
899555,0
899556,0
899557,0
899558,0
899559,0
899560,0
899561,0
899562,0
899563,0
899564,0
899565,0
899566,0
899567,0
899568,0
899569,0
899570,0
899571,0
899572,0
899573,0
899574,0
899575,0
899576,0
899577,0
899578,0
899579,0
899580,0
899581,0
899582,0
899583,0
899584,0
899585,0
899586,0
899587,0
899588,0
899589,0
899590,0
899591,0
899592,0
899593,0
899594,0
899595,0
899596,0
899597,33
899598,0
899599,0
899600,0
899601,0
899602,0
899603,0
899604,26
899605,0
899606,0
899607,0
899608,0
899609,0
899610,0
899611,0
899612,16
899613,0
899614,0
899615,0
899616,0
899617,0
899618,0
899619,0
899620,0
899621,0
899622,0
899623,0
899624,0
899625,0
899626,0
899627,0
899628,0
899629,0
899630,0
899631,0
899632,0
899633,0
899634,0
899635,0
899636,0
899637,0
899638,0
899639,0
899640,0
899641,0
899642,0
899643,0
899644,0
899645,0
899646,0
899647,34
899648,0
899649,0
899650,0
899651,0
899652,0
899653,0
899654,0
899655,33
899656,0
899657,0
899658,0
899659,0
899660,0
899661,40
899662,37
899663,0
899664,31
899665,0
899666,35
899667,0
899668,0
899669,0
899670,0
899671,0
899672,0
899673,0
899674,0
899675,0
899676,0
899677,0
899678,0
899679,20
899680,0
899681,0
899682,30
899683,0
899684,0
899685,0
899686,55
899687,0
899688,0
899689,0
899690,30
899691,0
899692,0
899693,0
899694,0
899695,0
899696,0
899697,0
899698,0
899699,35
899700,0
899701,0
899702,0
899703,0
899704,0
899705,0
899706,0
899707,0
899708,0
899709,0
899710,0
899711,0
899712,18
899713,0
899714,0
899715,0
899716,0
899717,0
899718,0
899719,0
899720,0
899721,0
899722,36
899723,0
899724,0
899725,0
899726,0
899727,0
899728,0
899729,0
899730,0
899731,28
899732,0
899733,0
899734,0
899735,0
899736,0
899737,0
899738,0
899739,0
899740,0
899741,37
899742,0
899743,29
899744,0
899745,42
899746,0
899747,32
899748,0
899749,0
899750,0
899751,0
899752,0
899753,17
899754,0
899755,0
899756,0
899757,0
899758,0
899759,0
899760,0
899761,0
899762,0
899763,0
899764,0
899765,0
899766,0
899767,0
899768,0
899769,0
899770,32
899771,0
899772,0
899773,0
899774,0
899775,0
899776,0
899777,0
899778,0
899779,0
899780,40
899781,0
899782,0
899783,0
899784,42
899785,0
899786,0
899787,48
899788,20
899789,0
899790,34
899791,0
899792,0
899793,35
899794,0
899795,0
899796,0
899797,0
899798,0
899799,0
899800,0
899801,0
899802,0
899803,0
899804,0
899805,0
899806,31
899807,0
899808,0
899809,0
899810,0
899811,0
899812,0
899813,0
899814,0
899815,0
899816,0
899817,0
899818,0
899819,0
899820,0
899821,0
899822,0
899823,35
899824,0
899825,0
899826,0
899827,46
899828,26
899829,0
899830,0
899831,38
899832,0
899833,0
899834,34
899835,0
899836,0
899837,0
899838,0
899839,0
899840,0
899841,0
899842,0
899843,0
899844,0
899845,28
899846,0
899847,30
899848,21
899849,0
899850,35
899851,0
899852,0
899853,0
899854,0
899855,0
899856,0
899857,0
899858,0
899859,0
899860,0
899861,25
899862,20
899863,47
899864,0
899865,0
899866,0
899867,29
899868,0
899869,0
899870,0
899871,0
899872,0
899873,0
899874,0
899875,0
899876,0
899877,0
899878,0
899879,0
899880,0
899881,0
899882,27
899883,0
899884,0
899885,0
899886,0
899887,0
899888,0
899889,0
899890,0
899891,0
899892,0
899893,0
899894,0
899895,0
899896,0
899897,0
899898,51
899899,0
899900,0
899901,0
899902,0
899903,38
899904,0
899905,0
899906,0
899907,0
899908,0
899909,0
899910,0
899911,0
899912,0
899913,0
899914,0
899915,0
899916,0
899917,0
899918,36
899919,0
899920,0
899921,34
899922,39
899923,0
899924,0
899925,0
899926,31
899927,38
899928,0
899929,0
899930,42
899931,0
899932,0
899933,0
899934,38
899935,0
899936,0
899937,0
899938,0
899939,0
899940,0
899941,0
899942,0
899943,0
899944,26
899945,0
899946,28
899947,0
899948,0
899949,19
899950,24
899951,0
899952,0
899953,0
899954,38
899955,0
899956,0
899957,0
899958,0
899959,0
899960,0
899961,0
899962,0
899963,35
899964,0
899965,0
899966,0
899967,0
899968,0
899969,0
899970,0
899971,0
899972,0
899973,0
899974,0
899975,0
899976,0
899977,0
899978,42
899979,49
899980,0
899981,0
899982,0
899983,0
899984,0
899985,0
899986,0
899987,0
899988,0
899989,0
899990,0
899991,0
899992,0
899993,0
899994,38
899995,0
899996,0
899997,0
899998,0
899999,0
900000,0
900001,0
900002,0
900003,0
900004,0
900005,0
900006,0
900007,0
900008,0
900009,0
900010,0
900011,0
900012,0
900013,0
900014,0
900015,0
900016,0
900017,34
900018,0
900019,0
900020,0
900021,27
900022,0
900023,57
900024,42
900025,0
900026,40
900027,0
900028,0
900029,0
900030,0
900031,0
900032,0
900033,0
900034,0
900035,0
900036,38
900037,0
900038,0
900039,0
900040,27
900041,33
900042,0
900043,24
900044,0
900045,0
900046,0
900047,0
900048,0
900049,0
900050,0
900051,0
900052,0
900053,0
900054,0
900055,36
900056,0
900057,0
900058,0
900059,0
900060,0
900061,0
900062,0
900063,0
900064,0
900065,0
900066,0
900067,0
900068,33
900069,0
900070,0
900071,0
900072,0
900073,0
900074,0
900075,0
900076,0
900077,0
900078,25
900079,0
900080,0
900081,0
900082,0
900083,0
900084,0
900085,0
900086,0
900087,0
900088,0
900089,0
900090,0
900091,16
900092,0
900093,0
900094,0
900095,0
900096,0
900097,0
900098,0
900099,0
900100,0
900101,0
900102,0
900103,0
900104,0
900105,29
900106,28
900107,0
900108,0
900109,27
900110,0
900111,0
900112,0
900113,0
900114,0
900115,0
900116,0
900117,0
900118,0
900119,0
900120,0
900121,0
900122,0
900123,20
900124,0
900125,0
900126,0
900127,0
900128,0
900129,0
900130,0
900131,0
900132,0
900133,37
900134,0
900135,0
900136,0
900137,0
900138,31
900139,0
900140,0
900141,0
900142,0
900143,0
900144,0
900145,0
900146,0
900147,0
900148,0
900149,0
900150,0
900151,0
900152,0
900153,0
900154,36
900155,23
900156,0
900157,0
900158,0
900159,0
900160,0
900161,0
900162,0
900163,28
900164,0
900165,0
900166,0
900167,0
900168,0
900169,36
900170,48
900171,0
900172,0
900173,0
900174,0
900175,34
900176,0
900177,0
900178,0
900179,0
900180,0
900181,0
900182,0
900183,36
900184,0
900185,0
900186,0
900187,0
900188,0
900189,0
900190,0
900191,0
900192,0
900193,0
900194,0
900195,0
900196,0
900197,34
900198,0
900199,0
900200,28
900201,0
900202,0
900203,37
900204,0
900205,0
900206,0
900207,0
900208,0
900209,0
900210,0
900211,0
900212,0
900213,0
900214,0
900215,0
900216,0
900217,0
900218,25
900219,0
900220,0
900221,0
900222,0
900223,44
900224,0
900225,0
900226,0
900227,40
900228,0
900229,40
900230,0
900231,0
900232,0
900233,0
900234,0
900235,17
900236,19
900237,0
900238,0
900239,0
900240,0
900241,41
900242,0
900243,0
900244,65
900245,0
900246,0
900247,0
900248,72
900249,0
900250,0
900251,0
900252,39
900253,25
900254,0
900255,0
900256,0
900257,45
900258,0
900259,0
900260,0
900261,0
900262,0
900263,30
900264,0
900265,0
900266,25
900267,0
900268,0
900269,0
900270,0
900271,19
900272,0
900273,0
900274,0
900275,0
900276,55
900277,40
900278,0
900279,0
900280,0
900281,52
900282,0
900283,79
900284,0
900285,75
900286,32
900287,0
900288,0
900289,0
900290,35
900291,0
900292,0
900293,0
900294,0
900295,0
900296,0
900297,0
900298,0
900299,0
900300,0
900301,13
900302,0
900303,0
900304,56
900305,15
900306,0
900307,0
900308,0
900309,0
900310,0
900311,0
900312,25
900313,0
900314,0
900315,26
900316,39
900317,0
900318,0
900319,0
900320,38
900321,0
900322,0
900323,0
900324,0
900325,0
900326,0
900327,0
900328,0
900329,22
900330,0
900331,48
900332,0
900333,0
900334,0
900335,0
900336,0
900337,0
900338,0
900339,0
900340,0
900341,82
900342,0
900343,0
900344,0
900345,0
900346,0
900347,0
900348,0
900349,0
900350,0
900351,66
900352,34
900353,0
900354,0
900355,39
900356,0
900357,42
900358,47
900359,0
900360,84
900361,0
900362,0
900363,0
900364,0
900365,0
900366,0
900367,0
900368,0
900369,0
900370,0
900371,0
900372,0
900373,31
900374,0
900375,0
900376,0
900377,45
900378,58
900379,0
900380,0
900381,30
900382,25
900383,0
900384,34
900385,0
900386,16
900387,0
900388,0
900389,50
900390,0
900391,58
900392,35
900393,26
900394,0
900395,0
900396,28
900397,0
900398,0
900399,38
900400,0
900401,0
900402,16
900403,69
900404,52
900405,17
900406,0
900407,0
900408,42
900409,0
900410,44
900411,0
900412,79
900413,0
900414,0
900415,0
900416,0
900417,51
900418,0
900419,0
900420,30
900421,0
900422,0
900423,19
900424,0
900425,0
900426,51
900427,0
900428,0
900429,0
900430,0
900431,38
900432,0
900433,0
900434,0
900435,0
900436,39
900437,0
900438,0
900439,0
900440,0
900441,0
900442,0
900443,0
900444,0
900445,0
900446,0
900447,0
900448,0
900449,0
900450,53
900451,0
900452,0
900453,18
900454,0
900455,36
900456,28
900457,0
900458,0
900459,0
900460,0
900461,0
900462,71
900463,42
900464,0
900465,0
900466,0
900467,0
900468,0
900469,0
900470,48
900471,0
900472,0
900473,0
900474,0
900475,0
900476,0
900477,0
900478,7
900479,36
900480,0
900481,0
900482,0
900483,0
900484,0
900485,35
900486,69
900487,0
900488,0
900489,42
900490,0
900491,0
900492,0
900493,62
900494,0
900495,0
900496,0
900497,0
900498,0
900499,0
900500,0
900501,27
900502,0
900503,0
900504,0
900505,0
900506,0
900507,35
900508,43
900509,0
900510,0
900511,0
900512,0
900513,41
900514,32
900515,0
900516,0
900517,0
900518,46
900519,0
900520,0
900521,0
900522,0
900523,0
900524,0
900525,0
900526,0
900527,0
900528,0
900529,0
900530,0
900531,12
900532,0
900533,0
900534,47
900535,55
900536,0
900537,0
900538,0
900539,0
900540,0
900541,0
900542,55
900543,0
900544,0
900545,0
900546,0
900547,0
900548,0
900549,0
900550,0
900551,30
900552,38
900553,0
900554,0
900555,0
900556,0
900557,0
900558,0
900559,0
900560,0
900561,0
900562,43
900563,0
900564,0
900565,0
900566,0
900567,0
900568,0
900569,0
900570,21
900571,0
900572,0
900573,37
900574,0
900575,0
900576,67
900577,36
900578,0
900579,45
900580,0
900581,0
900582,0
900583,0
900584,0
900585,18
900586,0
900587,0
900588,25
900589,0
900590,20
900591,0
900592,0
900593,0
900594,0
900595,34
900596,0
900597,0
900598,0
900599,0
900600,0
900601,0
900602,0
900603,0
900604,0
900605,0
900606,96
900607,0
900608,22
900609,0
900610,0
900611,0
900612,18
900613,0
900614,0
900615,0
900616,0
900617,0
900618,0
900619,0
900620,0
900621,0
900622,0
900623,17
900624,34
900625,0
900626,0
900627,17
900628,9
900629,20
900630,0
900631,73
900632,0
900633,35
900634,0
900635,0
900636,0
900637,0
900638,0
900639,0
900640,42
900641,0
900642,0
900643,0
900644,55
900645,0
900646,0
900647,6
900648,0
900649,0
900650,51
900651,58
900652,0
900653,57
900654,0
900655,0
900656,0
900657,0
900658,0
900659,0
900660,29
900661,0
900662,0
900663,0
900664,0
900665,0
900666,0
900667,21
900668,58
900669,37
900670,0
900671,0
900672,0
900673,51
900674,0
900675,0
900676,0
900677,20
900678,0
900679,0
900680,13
900681,19
900682,42
900683,21
900684,0
900685,0
900686,30
900687,51
900688,0
900689,26
900690,0
900691,0
900692,0
900693,0
900694,0
900695,17
900696,0
900697,0
900698,0
900699,0
900700,0
900701,0
900702,76
900703,0
900704,33
900705,0
900706,0
900707,0
900708,37
900709,0
900710,0
900711,0
900712,0
900713,65
900714,0
900715,46
900716,0
900717,0
900718,23
900719,0
900720,0
900721,0
900722,0
900723,0
900724,40
900725,0
900726,38
900727,0
900728,31
900729,0
900730,45
900731,33
900732,30
900733,0
900734,0
900735,0
900736,0
900737,0
900738,0
900739,0
900740,0
900741,0
900742,33
900743,0
900744,49
900745,0
900746,0
900747,0
900748,38
900749,0
900750,0
900751,50
900752,0
900753,0
900754,0
900755,0
900756,56
900757,84
900758,0
900759,0
900760,58
900761,0
900762,0
900763,0
900764,0
900765,0
900766,0
900767,0
900768,0
900769,0
900770,0
900771,0
900772,0
900773,0
900774,0
900775,0
900776,0
900777,0
900778,0
900779,24
900780,42
900781,0
900782,39
900783,44
900784,0
900785,0
900786,0
900787,0
900788,0
900789,0
900790,0
900791,0
900792,0
900793,0
900794,0
900795,33
900796,0
900797,35
900798,0
900799,0
900800,43
900801,48
900802,0
900803,0
900804,0
900805,24
900806,0
900807,0
900808,36
900809,0
900810,39
900811,0
900812,0
900813,0
900814,0
900815,0
900816,36
900817,0
900818,33
900819,0
900820,66
900821,0
900822,0
900823,0
900824,0
900825,34
900826,47
900827,38
900828,0
900829,38
900830,0
900831,0
900832,0
900833,0
900834,41
900835,0
900836,0
900837,36
900838,21
900839,0
900840,0
900841,0
900842,0
900843,31
900844,0
900845,0
900846,0
900847,0
900848,0
900849,0
900850,0
900851,0
900852,0
900853,0
900854,0
900855,0
900856,0
900857,0
900858,37
900859,0
900860,0
900861,0
900862,0
900863,23
900864,0
900865,0
900866,0
900867,33
900868,0
900869,26
900870,0
900871,0
900872,81
900873,0
900874,0
900875,0
900876,0
900877,0
900878,0
900879,0
900880,0
900881,0
900882,0
900883,0
900884,0
900885,0
900886,0
900887,0
900888,0
900889,0
900890,0
900891,0
900892,0
900893,64
900894,0
900895,0
900896,0
900897,0
900898,0
900899,0
900900,25
900901,37
900902,0
900903,52
900904,0
900905,0
900906,0
900907,0
900908,0
900909,0
900910,0
900911,0
900912,0
900913,0
900914,44
900915,0
900916,52
900917,34
900918,0
900919,0
900920,0
900921,0
900922,0
900923,0
900924,67
900925,46
900926,0
900927,0
900928,0
900929,0
900930,0
900931,72
900932,0
900933,0
900934,0
900935,0
900936,0
900937,0
900938,0
900939,0
900940,0
900941,0
900942,0
900943,0
900944,0
900945,19
900946,0
900947,37
900948,0
900949,0
900950,0
900951,15
900952,50
900953,0
900954,0
900955,0
900956,36
900957,0
900958,23
900959,0
900960,0
900961,0
900962,0
900963,30
900964,0
900965,0
900966,32
900967,0
900968,0
900969,0
900970,31
900971,0
900972,0
900973,0
900974,0
900975,0
900976,0
900977,0
900978,0
900979,0
900980,0
900981,29
900982,36
900983,0
900984,0
900985,0
900986,0
900987,0
900988,0
900989,21
900990,42
900991,0
900992,0
900993,0
900994,0
900995,0
900996,0
900997,0
900998,38
900999,0
901000,0
901001,0
901002,0
901003,0
901004,0
901005,0
901006,0
901007,45
901008,0
901009,0
901010,0
901011,30
901012,48
901013,0
901014,60
901015,0
901016,0
901017,0
901018,0
901019,0
901020,13
901021,0
901022,0
901023,0
901024,0
901025,0
901026,0
901027,0
901028,42
901029,0
901030,0
901031,0
901032,0
901033,55
901034,47
901035,0
901036,0
901037,0
901038,0
901039,58
901040,0
901041,0
901042,0
901043,35
901044,0
901045,27
901046,0
901047,0
901048,0
901049,0
901050,25
901051,0
901052,0
901053,0
901054,0
901055,0
901056,0
901057,0
901058,0
901059,36
901060,0
901061,5
901062,0
901063,37
901064,0
901065,36
901066,0
901067,0
901068,0
901069,0
901070,0
901071,16
901072,25
901073,0
901074,0
901075,0
901076,0
901077,0
901078,0
901079,22
901080,0
901081,0
901082,0
901083,0
901084,55
901085,0
901086,22
901087,0
901088,62
901089,0
901090,0
901091,0
901092,0
901093,0
901094,0
901095,38
901096,0
901097,0
901098,29
901099,26
901100,0
901101,0
901102,0
901103,0
901104,0
901105,0
901106,0
901107,0
901108,0
901109,0
901110,0
901111,0
901112,0
901113,0
901114,0
901115,27
901116,0
901117,0
901118,0
901119,0
901120,0
901121,0
901122,0
901123,0
901124,0
901125,0
901126,0
901127,0
901128,0
901129,0
901130,28
901131,0
901132,0
901133,29
901134,0
901135,45
901136,0
901137,0
901138,0
901139,0
901140,0
901141,30
901142,0
901143,0
901144,0
901145,0
901146,0
901147,0
901148,48
901149,0
901150,0
901151,0
901152,0
901153,0
901154,0
901155,0
901156,0
901157,55
901158,55
901159,0
901160,32
901161,0
901162,0
901163,0
901164,0
901165,0
901166,36
901167,0
901168,0
901169,0
901170,0
901171,0
901172,0
901173,0
901174,0
901175,0
901176,40
901177,0
901178,0
901179,0
901180,0
901181,0
901182,0
901183,27
901184,0
901185,0
901186,0
901187,0
901188,0
901189,0
901190,0
901191,0
901192,39
901193,0
901194,40
901195,28
901196,0
901197,0
901198,0
901199,0
901200,0
901201,0
901202,19
901203,0
901204,0
901205,0
901206,0
901207,0
901208,0
901209,0
901210,0
901211,0
901212,0
901213,0
901214,0
901215,0
901216,0
901217,0
901218,51
901219,0
901220,0
901221,0
901222,0
901223,0
901224,0
901225,0
901226,0
901227,0
901228,0
901229,0
901230,0
901231,0
901232,22
901233,0
901234,0
901235,0
901236,0
901237,0
901238,0
901239,0
901240,0
901241,0
901242,73
901243,0
901244,0
901245,23
901246,0
901247,0
901248,0
901249,0
901250,0
901251,0
901252,0
901253,0
901254,0
901255,0
901256,0
901257,39
901258,0
901259,0
901260,0
901261,33
901262,0
901263,0
901264,0
901265,0
901266,0
901267,0
901268,0
901269,0
901270,38
901271,0
901272,0
901273,0
901274,0
901275,0
901276,0
901277,59
901278,0
901279,0
901280,0
901281,0
901282,0
901283,0
901284,0
901285,0
901286,34
901287,0
901288,0
901289,27
901290,0
901291,0
901292,0
901293,0
901294,53
901295,0
901296,0
901297,0
901298,0
901299,0
901300,0
901301,0
901302,78
901303,0
901304,0
901305,0
901306,0
901307,42
901308,0
901309,0
901310,0
901311,0
901312,0
901313,0
901314,0
901315,0
901316,0
901317,0
901318,0
901319,49
901320,0
901321,0
901322,0
901323,0
901324,0
901325,0
901326,0
901327,0
901328,0
901329,0
901330,0
901331,0
901332,0
901333,0
901334,0
901335,38
901336,0
901337,47
901338,0
901339,0
901340,0
901341,0
901342,0
901343,0
901344,0
901345,0
901346,40
901347,0
901348,0
901349,0
901350,0
901351,0
901352,0
901353,0
901354,0
901355,0
901356,30
901357,0
901358,0
901359,0
901360,0
901361,0
901362,0
901363,0
901364,42
901365,0
901366,0
901367,0
901368,0
901369,0
901370,0
901371,0
901372,0
901373,44
901374,0
901375,0
901376,0
901377,0
901378,0
901379,0
901380,0
901381,0
901382,0
901383,0
901384,0
901385,0
901386,0
901387,0
901388,0
901389,0
901390,0
901391,0
901392,0
901393,0
901394,0
901395,0
901396,0
901397,0
901398,0
901399,0
901400,0
901401,0
901402,26
901403,0
901404,0
901405,0
901406,0
901407,0
901408,0
901409,0
901410,36
901411,0
901412,0
901413,0
901414,37
901415,39
901416,0
901417,0
901418,0
901419,53
901420,0
901421,0
901422,0
901423,0
901424,0
901425,0
901426,0
901427,0
901428,0
901429,0
901430,0
901431,0
901432,0
901433,40
901434,0
901435,0
901436,0
901437,0
901438,0
901439,0
901440,0
901441,0
901442,0
901443,0
901444,0
901445,0
901446,0
901447,0
901448,0
901449,0
901450,0
901451,0
901452,0
901453,0
901454,0
901455,0
901456,0
901457,0
901458,31
901459,0
901460,0
901461,0
901462,0
901463,0
901464,0
901465,0
901466,52
901467,0
901468,0
901469,0
901470,0
901471,0
901472,0
901473,0
901474,0
901475,0
901476,0
901477,0
901478,0
901479,0
901480,0
901481,0
901482,0
901483,0
901484,0
901485,0
901486,0
901487,0
901488,0
901489,0
901490,0
901491,0
901492,0
901493,0
901494,0
901495,0
901496,43
901497,0
901498,0
901499,0
901500,0
901501,0
901502,0
901503,0
901504,0
901505,0
901506,0
901507,0
901508,0
901509,0
901510,0
901511,0
901512,0
901513,0
901514,0
901515,0
901516,0
901517,0
901518,0
901519,0
901520,0
901521,0
901522,0
901523,0
901524,21
901525,0
901526,0
901527,0
901528,0
901529,0
901530,0
901531,0
901532,0
901533,0
901534,0
901535,0
901536,25
901537,0
901538,0
901539,39
901540,0
901541,0
901542,0
901543,0
901544,0
901545,0
901546,0
901547,0
901548,0
901549,0
901550,0
901551,0
901552,0
901553,0
901554,0
901555,0
901556,0
901557,30
901558,57
901559,0
901560,0
901561,0
901562,0
901563,0
901564,0
901565,0
901566,41
901567,0
901568,0
901569,35
901570,0
901571,44
901572,0
901573,0
901574,0
901575,42
901576,0
901577,43
901578,0
901579,0
901580,0
901581,0
901582,0
901583,0
901584,0
901585,36
901586,0
901587,0
901588,0
901589,0
901590,0
901591,0
901592,0
901593,0
901594,43
901595,0
901596,0
901597,0
901598,0
901599,0
901600,0
901601,0
901602,0
901603,0
901604,0
901605,0
901606,0
901607,38
901608,0
901609,0
901610,28
901611,0
901612,0
901613,0
901614,52
901615,0
901616,0
901617,0
901618,0
901619,0
901620,0
901621,0
901622,39
901623,0
901624,0
901625,0
901626,0
901627,0
901628,57
901629,0
901630,0
901631,0
901632,0
901633,0
901634,0
901635,36
901636,0
901637,36
901638,0
901639,0
901640,0
901641,25
901642,32
901643,0
901644,37
901645,0
901646,0
901647,57
901648,0
901649,0
901650,0
901651,0
901652,0
901653,0
901654,0
901655,0
901656,0
901657,0
901658,0
901659,0
901660,0
901661,0
901662,0
901663,0
901664,0
901665,0
901666,0
901667,0
901668,0
901669,0
901670,0
901671,0
901672,31
901673,0
901674,0
901675,0
901676,0
901677,0
901678,0
901679,0
901680,27
901681,0
901682,31
901683,0
901684,0
901685,0
901686,0
901687,0
901688,0
901689,0
901690,0
901691,0
901692,0
901693,18
901694,0
901695,0
901696,28
901697,0
901698,0
901699,0
901700,0
901701,50
901702,0
901703,0
901704,0
901705,0
901706,0
901707,0
901708,0
901709,0
901710,0
901711,0
901712,0
901713,0
901714,0
901715,0
901716,0
901717,0
901718,0
901719,0
901720,0
901721,0
901722,0
901723,0
901724,0
901725,0
901726,0
901727,0
901728,0
901729,0
901730,0
901731,0
901732,0
901733,21
901734,0
901735,0
901736,79
901737,0
901738,0
901739,0
901740,36
901741,43
901742,0
901743,0
901744,0
901745,0
901746,0
901747,0
901748,0
901749,0
901750,0
901751,24
901752,0
901753,0
901754,0
901755,0
901756,0
901757,0
901758,0
901759,0
901760,0
901761,0
901762,37
901763,0
901764,0
901765,0
901766,0
901767,0
901768,0
901769,0
901770,0
901771,31
901772,0
901773,0
901774,35
901775,30
901776,0
901777,0
901778,0
901779,0
901780,0
901781,36
901782,37
901783,0
901784,35
901785,0
901786,0
901787,33
901788,0
901789,0
901790,0
901791,0
901792,0
901793,0
901794,0
901795,0
901796,0
901797,0
901798,0
901799,0
901800,0
901801,0
901802,0
901803,0
901804,0
901805,0
901806,0
901807,0
901808,0
901809,35
901810,0
901811,41
901812,0
901813,0
901814,0
901815,29
901816,0
901817,0
901818,0
901819,36
901820,0
901821,32
901822,0
901823,24
901824,0
901825,0
901826,0
901827,0
901828,23
901829,0
901830,0
901831,0
901832,0
901833,0
901834,0
901835,0
901836,0
901837,0
901838,0
901839,0
901840,0
901841,0
901842,0
901843,0
901844,0
901845,0
901846,0
901847,0
901848,20
901849,0
901850,0
901851,0
901852,0
901853,0
901854,0
901855,0
901856,0
901857,0
901858,0
901859,0
901860,0
901861,0
901862,0
901863,0
901864,0
901865,31
901866,0
901867,28
901868,0
901869,0
901870,0
901871,0
901872,37
901873,0
901874,0
901875,0
901876,0
901877,0
901878,55
901879,0
901880,0
901881,0
901882,0
901883,0
901884,29
901885,0
901886,0
901887,0
901888,0
901889,31
901890,27
901891,0
901892,0
901893,0
901894,0
901895,0
901896,0
901897,0
901898,0
901899,51
901900,0
901901,0
901902,59
901903,29
901904,0
901905,31
901906,0
901907,0
901908,0
901909,0
901910,0
901911,0
901912,0
901913,0
901914,0
901915,0
901916,0
901917,0
901918,55
901919,0
901920,0
901921,39
901922,0
901923,52
901924,0
901925,0
901926,0
901927,0
901928,0
901929,0
901930,0
901931,0
901932,0
901933,0
901934,0
901935,0
901936,28
901937,0
901938,0
901939,0
901940,0
901941,0
901942,0
901943,45
901944,0
901945,0
901946,0
901947,0
901948,0
901949,0
901950,54
901951,0
901952,0
901953,0
901954,0
901955,0
901956,0
901957,0
901958,0
901959,0
901960,0
901961,0
901962,0
901963,0
901964,0
901965,0
901966,0
901967,0
901968,0
901969,0
901970,0
901971,0
901972,0
901973,0
901974,34
901975,0
901976,0
901977,0
901978,0
901979,43
901980,0
901981,0
901982,0
901983,36
901984,0
901985,0
901986,0
901987,0
901988,0
901989,0
901990,0
901991,0
901992,0
901993,0
901994,0
901995,0
901996,0
901997,0
901998,38
901999,0
902000,0
902001,0
902002,0
902003,0
902004,32
902005,0
902006,0
902007,0
902008,0
902009,0
902010,0
902011,0
902012,0
902013,0
902014,0
902015,44
902016,0
902017,30
902018,0
902019,0
902020,0
902021,0
902022,0
902023,0
902024,38
902025,0
902026,0
902027,0
902028,0
902029,0
902030,0
902031,0
902032,0
902033,0
902034,0
902035,0
902036,42
902037,32
902038,0
902039,42
902040,0
902041,0
902042,0
902043,0
902044,0
902045,0
902046,36
902047,0
902048,0
902049,0
902050,0
902051,0
902052,0
902053,0
902054,0
902055,0
902056,0
902057,0
902058,0
902059,0
902060,0
902061,28
902062,0
902063,0
902064,0
902065,27
902066,0
902067,0
902068,0
902069,0
902070,0
902071,0
902072,0
902073,0
902074,0
902075,0
902076,0
902077,0
902078,0
902079,0
902080,0
902081,0
902082,0
902083,0
902084,0
902085,30
902086,0
902087,0
902088,39
902089,0
902090,0
902091,0
902092,0
902093,0
902094,0
902095,0
902096,0
902097,0
902098,0
902099,38
902100,0
902101,0
902102,0
902103,0
902104,0
902105,0
902106,36
902107,0
902108,0
902109,0
902110,29
902111,0
902112,0
902113,0
902114,0
902115,29
902116,0
902117,0
902118,0
902119,0
902120,0
902121,0
902122,0
902123,0
902124,0
902125,0
902126,0
902127,40
902128,0
902129,0
902130,0
902131,28
902132,0
902133,0
902134,0
902135,0
902136,0
902137,37
902138,0
902139,34
902140,0
902141,0
902142,0
902143,0
902144,0
902145,0
902146,25
902147,0
902148,22
902149,0
902150,0
902151,0
902152,0
902153,0
902154,0
902155,0
902156,0
902157,0
902158,0
902159,0
902160,0
902161,0
902162,0
902163,0
902164,19
902165,0
902166,27
902167,0
902168,0
902169,0
902170,0
902171,0
902172,0
902173,19
902174,0
902175,0
902176,0
902177,0
902178,29
902179,0
902180,0
902181,0
902182,0
902183,0
902184,26
902185,0
902186,0
902187,21
902188,0
902189,0
902190,0
902191,26
902192,0
902193,0
902194,0
902195,0
902196,0
902197,0
902198,0
902199,0
902200,30
902201,27
902202,0
902203,29
902204,0
902205,28
902206,0
902207,0
902208,0
902209,0
902210,0
902211,28
902212,28
902213,0
902214,30
902215,0
902216,0
902217,36
902218,0
902219,0
902220,0
902221,0
902222,22
902223,0
902224,0
902225,0
902226,0
902227,24
902228,0
902229,0
902230,0
902231,0
902232,0
902233,0
902234,0
902235,0
902236,0
902237,0
902238,0
902239,0
902240,0
902241,0
902242,0
902243,0
902244,0
902245,0
902246,0
902247,0
902248,0
902249,25
902250,0
902251,0
902252,22
902253,26
902254,0
902255,0
902256,0
902257,34
902258,0
902259,0
902260,0
902261,0
902262,0
902263,27
902264,0
902265,0
902266,0
902267,0
902268,0
902269,0
902270,0
902271,0
902272,0
902273,19
902274,0
902275,30
902276,0
902277,31
902278,0
902279,0
902280,0
902281,0
902282,0
902283,0
902284,27
902285,0
902286,19
902287,0
902288,24
902289,26
902290,0
902291,0
902292,26
902293,0
902294,0
902295,20
902296,33
902297,0
902298,0
902299,0
902300,19
902301,0
902302,0
902303,21
902304,0
902305,0
902306,0
902307,0
902308,0
902309,27
902310,0
902311,0
902312,35
902313,0
902314,0
902315,24
902316,0
902317,24
902318,0
902319,0
902320,20
902321,0
902322,41
902323,0
902324,0
902325,0
902326,0
902327,29
902328,0
902329,0
902330,0
902331,0
902332,0
902333,0
902334,0
902335,0
902336,0
902337,30
902338,14
902339,0
902340,0
902341,0
902342,0
902343,0
902344,0
902345,0
902346,0
902347,0
902348,0
902349,0
902350,27
902351,0
902352,0
902353,0
902354,0
902355,31
902356,0
902357,24
902358,27
902359,0
902360,23
902361,0
902362,0
902363,0
902364,0
902365,0
902366,0
902367,0
902368,0
902369,0
902370,24
902371,0
902372,0
902373,28
902374,0
902375,0
902376,0
902377,0
902378,0
902379,0
902380,0
902381,0
902382,26
902383,0
902384,0
902385,0
902386,0
902387,30
902388,0
902389,0
902390,0
902391,0
902392,0
902393,0
902394,0
902395,0
902396,13
902397,26
902398,0
902399,0
902400,27
902401,0
902402,0
902403,0
902404,0
902405,0
902406,0
902407,32
902408,0
902409,0
902410,0
902411,0
902412,25
902413,0
902414,23
902415,21
902416,0
902417,0
902418,40
902419,0
902420,0
902421,0
902422,0
902423,0
902424,0
902425,24
902426,0
902427,0
902428,0
902429,39
902430,0
902431,0
902432,26
902433,21
902434,0
902435,0
902436,25
902437,0
902438,20
902439,16
902440,0
902441,0
902442,0
902443,0
902444,0
902445,0
902446,0
902447,0
902448,28
902449,0
902450,0
902451,35
902452,22
902453,0
902454,37
902455,0
902456,0
902457,0
902458,0
902459,0
902460,0
902461,0
902462,0
902463,0
902464,0
902465,0
902466,0
902467,19
902468,0
902469,0
902470,0
902471,0
902472,0
902473,28
902474,20
902475,0
902476,0
902477,22
902478,0
902479,0
902480,0
902481,0
902482,0
902483,0
902484,24
902485,0
902486,0
902487,0
902488,0
902489,0
902490,0
902491,0
902492,0
902493,0
902494,0
902495,30
902496,16
902497,0
902498,0
902499,0
902500,25
902501,0
902502,0
902503,0
902504,0
902505,0
902506,19
902507,0
902508,0
902509,0
902510,0
902511,26
902512,0
902513,0
902514,0
902515,24
902516,0
902517,0
902518,0
902519,19
902520,0
902521,0
902522,0
902523,0
902524,0
902525,0
902526,0
902527,0
902528,0
902529,26
902530,0
902531,0
902532,0
902533,0
902534,0
902535,0
902536,0
902537,0
902538,0
902539,0
902540,0
902541,0
902542,0
902543,0
902544,0
902545,36
902546,0
902547,0
902548,0
902549,32
902550,0
902551,0
902552,0
902553,0
902554,24
902555,0
902556,0
902557,0
902558,0
902559,0
902560,0
902561,0
902562,0
902563,0
902564,0
902565,0
902566,34
902567,0
902568,24
902569,0
902570,0
902571,0
902572,25
902573,0
902574,0
902575,0
902576,19
902577,0
902578,0
902579,0
902580,0
902581,0
902582,0
902583,0
902584,0
902585,30
902586,32
902587,0
902588,0
902589,21
902590,0
902591,32
902592,0
902593,0
902594,0
902595,0
902596,0
902597,0
902598,0
902599,0
902600,0
902601,0
902602,0
902603,32
902604,0
902605,0
902606,0
902607,32
902608,0
902609,0
902610,0
902611,0
902612,0
902613,0
902614,29
902615,0
902616,20
902617,29
902618,17
902619,0
902620,0
902621,0
902622,23
902623,21
902624,0
902625,0
902626,0
902627,0
902628,0
902629,0
902630,0
902631,0
902632,24
902633,0
902634,16
902635,0
902636,0
902637,0
902638,0
902639,0
902640,0
902641,0
902642,0
902643,35
902644,23
902645,0
902646,0
902647,25
902648,0
902649,24
902650,0
902651,0
902652,0
902653,0
902654,0
902655,0
902656,0
902657,0
902658,0
902659,0
902660,0
902661,0
902662,0
902663,19
902664,30
902665,0
902666,31
902667,0
902668,0
902669,0
902670,31
902671,0
902672,0
902673,0
902674,0
902675,0
902676,0
902677,0
902678,0
902679,0
902680,0
902681,0
902682,0
902683,0
902684,0
902685,0
902686,0
902687,0
902688,31
902689,0
902690,0
902691,0
902692,0
902693,0
902694,0
902695,0
902696,0
902697,0
902698,0
902699,0
902700,0
902701,0
902702,0
902703,0
902704,0
902705,0
902706,0
902707,0
902708,0
902709,0
902710,0
902711,0
902712,32
902713,0
902714,23
902715,0
902716,0
902717,0
902718,46
902719,0
902720,0
902721,0
902722,0
902723,24
902724,0
902725,21
902726,31
902727,0
902728,0
902729,0
902730,0
902731,0
902732,0
902733,16
902734,26
902735,0
902736,19
902737,15
902738,0
902739,0
902740,0
902741,0
902742,0
902743,0
902744,0
902745,0
902746,0
902747,0
902748,0
902749,0
902750,0
902751,0
902752,0
902753,0
902754,0
902755,0
902756,0
902757,0
902758,0
902759,0
902760,0
902761,0
902762,0
902763,0
902764,0
902765,0
902766,18
902767,0
902768,0
902769,0
902770,0
902771,0
902772,0
902773,0
902774,0
902775,0
902776,0
902777,12
902778,0
902779,0
902780,0
902781,0
902782,19
902783,0
902784,0
902785,21
902786,0
902787,0
902788,0
902789,0
902790,0
902791,0
902792,0
902793,0
902794,0
902795,0
902796,0
902797,0
902798,0
902799,0
902800,0
902801,0
902802,0
902803,0
902804,31
902805,0
902806,0
902807,0
902808,0
902809,0
902810,0
902811,0
902812,0
902813,0
902814,0
902815,0
902816,0
902817,20
902818,0
902819,0
902820,0
902821,0
902822,0
902823,17
902824,0
902825,0
902826,0
902827,0
902828,0
902829,0
902830,0
902831,0
902832,0
902833,0
902834,0
902835,0
902836,0
902837,0
902838,0
902839,0
902840,0
902841,0
902842,0
902843,0
902844,0
902845,0
902846,0
902847,0
902848,0
902849,0
902850,25
902851,0
902852,0
902853,30
902854,0
902855,0
902856,0
902857,0
902858,0
902859,0
902860,0
902861,0
902862,0
902863,0
902864,0
902865,11
902866,0
902867,0
902868,0
902869,0
902870,0
902871,0
902872,0
902873,0
902874,0
902875,0
902876,0
902877,0
902878,0
902879,33
902880,0
902881,0
902882,0
902883,0
902884,0
902885,0
902886,0
902887,0
902888,9
902889,0
902890,29
902891,0
902892,0
902893,0
902894,0
902895,0
902896,0
902897,30
902898,0
902899,29
902900,0
902901,0
902902,0
902903,0
902904,28
902905,0
902906,0
902907,0
902908,0
902909,0
902910,0
902911,0
902912,0
902913,0
902914,23
902915,0
902916,0
902917,0
902918,0
902919,0
902920,0
902921,0
902922,29
902923,0
902924,0
902925,0
902926,0
902927,0
902928,0
902929,0
902930,0
902931,0
902932,0
902933,0
902934,16
902935,0
902936,0
902937,0
902938,29
902939,6
902940,0
902941,0
902942,0
902943,0
902944,0
902945,0
902946,0
902947,0
902948,0
902949,0
902950,0
902951,0
902952,0
902953,0
902954,0
902955,0
902956,0
902957,11
902958,0
902959,0
902960,0
902961,0
902962,0
902963,0
902964,21
902965,10
902966,0
902967,0
902968,0
902969,22
902970,0
902971,0
902972,23
902973,23
902974,3
902975,0
902976,0
902977,11
902978,0
902979,0
902980,31
902981,9
902982,0
902983,20
902984,0
902985,0
902986,0
902987,0
902988,0
902989,0
902990,0
902991,0
902992,22
902993,0
902994,0
902995,0
902996,0
902997,0
902998,0
902999,12
903000,0
903001,0
903002,0
903003,0
903004,0
903005,0
903006,0
903007,36
903008,0
903009,0
903010,0
903011,0
903012,0
903013,0
903014,0
903015,0
903016,0
903017,0
903018,0
903019,26
903020,0
903021,0
903022,0
903023,0
903024,25
903025,0
903026,0
903027,0
903028,0
903029,0
903030,0
903031,0
903032,0
903033,0
903034,0
903035,0
903036,0
903037,0
903038,0
903039,0
903040,0
903041,0
903042,0
903043,0
903044,0
903045,0
903046,0
903047,0
903048,0
903049,0
903050,0
903051,0
903052,24
903053,0
903054,0
903055,0
903056,19
903057,0
903058,0
903059,18
903060,0
903061,0
903062,0
903063,0
903064,0
903065,0
903066,18
903067,0
903068,0
903069,0
903070,0
903071,6
903072,0
903073,0
903074,0
903075,0
903076,0
903077,29
903078,0
903079,0
903080,0
903081,0
903082,0
903083,33
903084,17
903085,22
903086,0
903087,0
903088,0
903089,0
903090,0
903091,0
903092,0
903093,0
903094,0
903095,0
903096,0
903097,0
903098,0
903099,0
903100,0
903101,0
903102,0
903103,0
903104,0
903105,0
903106,33
903107,0
903108,0
903109,0
903110,0
903111,0
903112,0
903113,0
903114,0
903115,0
903116,0
903117,0
903118,0
903119,0
903120,0
903121,0
903122,0
903123,0
903124,0
903125,0
903126,0
903127,0
903128,0
903129,0
903130,0
903131,0
903132,16
903133,0
903134,0
903135,0
903136,0
903137,25
903138,0
903139,0
903140,0
903141,0
903142,0
903143,0
903144,0
903145,0
903146,0
903147,17
903148,0
903149,0
903150,0
903151,0
903152,24
903153,0
903154,0
903155,0
903156,0
903157,0
903158,0
903159,0
903160,0
903161,0
903162,0
903163,8
903164,0
903165,0
903166,0
903167,0
903168,0
903169,0
903170,0
903171,0
903172,0
903173,0
903174,0
903175,0
903176,0
903177,0
903178,0
903179,0
903180,0
903181,0
903182,0
903183,0
903184,0
903185,0
903186,0
903187,0
903188,0
903189,0
903190,0
903191,0
903192,0
903193,0
903194,0
903195,0
903196,0
903197,0
903198,0
903199,0
903200,0
903201,0
903202,14
903203,0
903204,0
903205,0
903206,0
903207,37
903208,0
903209,0
903210,14
903211,0
903212,22
903213,0
903214,0
903215,0
903216,22
903217,0
903218,0
903219,0
903220,0
903221,0
903222,18
903223,0
903224,0
903225,0
903226,0
903227,0
903228,0
903229,0
903230,0
903231,0
903232,0
903233,17
903234,0
903235,0
903236,0
903237,0
903238,0
903239,0
903240,0
903241,0
903242,0
903243,0
903244,0
903245,0
903246,0
903247,0
903248,0
903249,0
903250,0
903251,0
903252,0
903253,0
903254,0
903255,0
903256,0
903257,26
903258,0
903259,0
903260,0
903261,0
903262,0
903263,0
903264,0
903265,0
903266,0
903267,0
903268,0
903269,0
903270,0
903271,0
903272,0
903273,0
903274,0
903275,0
903276,31
903277,0
903278,0
903279,0
903280,0
903281,0
903282,0
903283,0
903284,0
903285,0
903286,0
903287,0
903288,0
903289,0
903290,0
903291,23
903292,0
903293,0
903294,0
903295,25
903296,47
903297,0
903298,0
903299,0
903300,0
903301,0
903302,0
903303,0
903304,0
903305,0
903306,0
903307,0
903308,0
903309,0
903310,0
903311,0
903312,0
903313,0
903314,0
903315,0
903316,0
903317,0
903318,0
903319,27
903320,0
903321,0
903322,0
903323,0
903324,0
903325,0
903326,0
903327,0
903328,0
903329,0
903330,0
903331,0
903332,26
903333,0
903334,0
903335,0
903336,0
903337,0
903338,0
903339,0
903340,0
903341,0
903342,0
903343,0
903344,0
903345,0
903346,0
903347,0
903348,0
903349,0
903350,0
903351,0
903352,0
903353,0
903354,22
903355,0
903356,0
903357,0
903358,0
903359,0
903360,0
903361,0
903362,0
903363,0
903364,0
903365,0
903366,0
903367,0
903368,0
903369,0
903370,0
903371,0
903372,0
903373,0
903374,0
903375,0
903376,0
903377,0
903378,0
903379,0
903380,0
903381,0
903382,0
903383,0
903384,0
903385,27
903386,0
903387,0
903388,0
903389,0
903390,0
903391,0
903392,0
903393,15
903394,0
903395,0
903396,0
903397,0
903398,0
903399,0
903400,0
903401,0
903402,0
903403,0
903404,0
903405,0
903406,27
903407,0
903408,0
903409,0
903410,0
903411,0
903412,0
903413,0
903414,0
903415,0
903416,0
903417,0
903418,0
903419,0
903420,0
903421,0
903422,0
903423,0
903424,0
903425,0
903426,0
903427,0
903428,0
903429,0
903430,0
903431,0
903432,0
903433,0
903434,0
903435,0
903436,0
903437,0
903438,0
903439,0
903440,0
903441,0
903442,23
903443,0
903444,0
903445,37
903446,0
903447,0
903448,0
903449,0
903450,0
903451,0
903452,0
903453,17
903454,0
903455,0
903456,0
903457,0
903458,0
903459,0
903460,21
903461,0
903462,30
903463,0
903464,0
903465,0
903466,20
903467,0
903468,0
903469,23
903470,0
903471,0
903472,0
903473,0
903474,0
903475,0
903476,0
903477,0
903478,0
903479,0
903480,0
903481,0
903482,23
903483,0
903484,0
903485,0
903486,0
903487,0
903488,0
903489,0
903490,0
903491,0
903492,0
903493,0
903494,0
903495,0
903496,0
903497,0
903498,17
903499,0
903500,0
903501,20
903502,0
903503,0
903504,0
903505,0
903506,0
903507,0
903508,0
903509,0
903510,0
903511,0
903512,0
903513,0
903514,0
903515,0
903516,21
903517,0
903518,20
903519,0
903520,0
903521,15
903522,0
903523,0
903524,0
903525,0
903526,0
903527,26
903528,0
903529,0
903530,0
903531,0
903532,0
903533,0
903534,0
903535,0
903536,0
903537,0
903538,0
903539,0
903540,0
903541,0
903542,0
903543,0
903544,0
903545,0
903546,0
903547,0
903548,0
903549,0
903550,0
903551,16
903552,0
903553,0
903554,0
903555,0
903556,0
903557,0
903558,0
903559,0
903560,0
903561,0
903562,0
903563,0
903564,0
903565,0
903566,0
903567,0
903568,0
903569,0
903570,0
903571,0
903572,0
903573,0
903574,0
903575,0
903576,0
903577,0
903578,0
903579,25
903580,0
903581,0
903582,0
903583,0
903584,0
903585,0
903586,0
903587,0
903588,0
903589,0
903590,0
903591,0
903592,0
903593,0
903594,0
903595,0
903596,0
903597,0
903598,0
903599,0
903600,0
903601,33
903602,0
903603,0
903604,0
903605,0
903606,0
903607,0
903608,0
903609,0
903610,0
903611,0
903612,0
903613,0
903614,0
903615,0
903616,0
903617,0
903618,0
903619,25
903620,0
903621,0
903622,0
903623,0
903624,0
903625,0
903626,0
903627,0
903628,0
903629,27
903630,0
903631,0
903632,0
903633,0
903634,0
903635,0
903636,0
903637,0
903638,0
903639,0
903640,0
903641,0
903642,0
903643,0
903644,0
903645,0
903646,0
903647,0
903648,0
903649,0
903650,0
903651,0
903652,0
903653,0
903654,0
903655,0
903656,0
903657,0
903658,0
903659,0
903660,0
903661,0
903662,0
903663,0
903664,16
903665,0
903666,0
903667,0
903668,0
903669,0
903670,0
903671,0
903672,0
903673,0
903674,0
903675,0
903676,0
903677,0
903678,0
903679,0
903680,0
903681,0
903682,0
903683,0
903684,0
903685,0
903686,0
903687,0
903688,0
903689,0
903690,0
903691,0
903692,0
903693,0
903694,0
903695,0
903696,0
903697,0
903698,23
903699,0
903700,0
903701,0
903702,0
903703,29
903704,0
903705,0
903706,0
903707,0
903708,25
903709,0
903710,0
903711,0
903712,0
903713,19
903714,0
903715,0
903716,0
903717,0
903718,0
903719,0
903720,0
903721,0
903722,0
903723,0
903724,0
903725,0
903726,0
903727,0
903728,0
903729,0
903730,0
903731,0
903732,0
903733,37
903734,0
903735,0
903736,0
903737,0
903738,0
903739,0
903740,0
903741,0
903742,24
903743,0
903744,0
903745,0
903746,32
903747,0
903748,0
903749,0
903750,0
903751,0
903752,0
903753,0
903754,0
903755,28
903756,0
903757,0
903758,0
903759,0
903760,0
903761,0
903762,18
903763,0
903764,0
903765,38
903766,0
903767,0
903768,0
903769,0
903770,0
903771,0
903772,0
903773,0
903774,0
903775,0
903776,0
903777,0
903778,0
903779,0
903780,0
903781,0
903782,0
903783,0
903784,0
903785,0
903786,22
903787,0
903788,0
903789,0
903790,16
903791,0
903792,21
903793,0
903794,0
903795,0
903796,0
903797,0
903798,0
903799,0
903800,0
903801,0
903802,0
903803,0
903804,0
903805,0
903806,0
903807,0
903808,0
903809,0
903810,0
903811,0
903812,0
903813,0
903814,0
903815,0
903816,0
903817,0
903818,0
903819,18
903820,0
903821,0
903822,0
903823,0
903824,0
903825,0
903826,0
903827,0
903828,0
903829,0
903830,0
903831,0
903832,0
903833,0
903834,0
903835,0
903836,0
903837,0
903838,0
903839,0
903840,0
903841,0
903842,0
903843,0
903844,0
903845,0
903846,0
903847,0
903848,8
903849,0
903850,0
903851,0
903852,0
903853,0
903854,0
903855,8
903856,0
903857,0
903858,0
903859,0
903860,0
903861,0
903862,0
903863,0
903864,0
903865,0
903866,10
903867,0
903868,0
903869,0
903870,0
903871,0
903872,0
903873,0
903874,0
903875,0
903876,0
903877,0
903878,0
903879,0
903880,0
903881,0
903882,0
903883,0
903884,0
903885,9
903886,14
903887,13
903888,0
903889,0
903890,0
903891,0
903892,0
903893,0
903894,0
903895,0
903896,0
903897,0
903898,0
903899,0
903900,0
903901,0
903902,15
903903,0
903904,0
903905,0
903906,0
903907,0
903908,0
903909,0
903910,0
903911,0
903912,0
903913,0
903914,0
903915,0
903916,0
903917,0
903918,0
903919,0
903920,0
903921,0
903922,18
903923,0
903924,0
903925,0
903926,13
903927,0
903928,0
903929,0
903930,0
903931,0
903932,0
903933,0
903934,0
903935,11
903936,0
903937,0
903938,0
903939,0
903940,13
903941,0
903942,0
903943,0
903944,0
903945,16
903946,0
903947,0
903948,0
903949,0
903950,0
903951,0
903952,0
903953,0
903954,0
903955,0
903956,0
903957,0
903958,0
903959,0
903960,0
903961,0
903962,0
903963,0
903964,0
903965,0
903966,0
903967,0
903968,0
903969,0
903970,0
903971,0
903972,0
903973,0
903974,0
903975,0
903976,0
903977,0
903978,0
903979,7
903980,0
903981,0
903982,0
903983,0
903984,0
903985,0
903986,0
903987,0
903988,0
903989,0
903990,0
903991,0
903992,0
903993,0
903994,11
903995,0
903996,0
903997,0
903998,0
903999,0
904000,0
904001,0
904002,0
904003,8
904004,0
904005,0
904006,0
904007,0
904008,0
904009,0
904010,0
904011,0
904012,0
904013,0
904014,0
904015,8
904016,0
904017,0
904018,0
904019,0
904020,0
904021,0
904022,11
904023,0
904024,0
904025,0
904026,0
904027,0
904028,0
904029,6
904030,0
904031,0
904032,9
904033,0
904034,0
904035,0
904036,0
904037,0
904038,11
904039,0
904040,0
904041,0
904042,0
904043,0
904044,0
904045,0
904046,0
904047,15
904048,0
904049,0
904050,0
904051,0
904052,0
904053,0
904054,0
904055,0
904056,0
904057,15
904058,0
904059,0
904060,0
904061,0
904062,0
904063,0
904064,0
904065,0
904066,0
904067,0
904068,0
904069,0
904070,0
904071,0
904072,0
904073,0
904074,0
904075,0
904076,0
904077,12
904078,0
904079,0
904080,0
904081,0
904082,0
904083,0
904084,0
904085,0
904086,0
904087,0
904088,0
904089,0
904090,0
904091,0
904092,0
904093,0
904094,0
904095,0
904096,0
904097,0
904098,0
904099,0
904100,0
904101,0
904102,0
904103,0
904104,10
904105,0
904106,0
904107,9
904108,0
904109,0
904110,0
904111,0
904112,0
904113,0
904114,0
904115,0
904116,0
904117,0
904118,0
904119,0
904120,0
904121,0
904122,0
904123,0
904124,0
904125,0
904126,0
904127,0
904128,0
904129,0
904130,0
904131,0
904132,0
904133,0
904134,0
904135,0
904136,0
904137,0
904138,12
904139,0
904140,0
904141,0
904142,0
904143,0
904144,0
904145,0
904146,0
904147,0
904148,0
904149,9
904150,0
904151,0
904152,0
904153,0
904154,0
904155,0
904156,0
904157,15
904158,0
904159,0
904160,0
904161,0
904162,0
904163,0
904164,0
904165,10
904166,0
904167,11
904168,0
904169,0
904170,0
904171,0
904172,0
904173,0
904174,0
904175,0
904176,0
904177,0
904178,0
904179,8
904180,0
904181,14
904182,0
904183,0
904184,0
904185,0
904186,0
904187,13
904188,3
904189,0
904190,5
904191,0
904192,0
904193,17
904194,0
904195,0
904196,0
904197,0
904198,0
904199,0
904200,0
904201,0
904202,0
904203,0
904204,0
904205,0
904206,0
904207,0
904208,0
904209,0
904210,12
904211,0
904212,0
904213,0
904214,0
904215,0
904216,14
904217,0
904218,0
904219,0
904220,0
904221,0
904222,0
904223,0
904224,0
904225,0
904226,0
904227,0
904228,0
904229,0
904230,0
904231,0
904232,0
904233,0
904234,0
904235,0
904236,0
904237,0
904238,0
904239,12
904240,0
904241,0
904242,5
904243,3
904244,20
904245,0
904246,0
904247,0
904248,0
904249,0
904250,0
904251,0
904252,0
904253,0
904254,0
904255,0
904256,0
904257,0
904258,0
904259,0
904260,0
904261,0
904262,0
904263,12
904264,13
904265,0
904266,0
904267,0
904268,9
904269,0
904270,0
904271,0
904272,0
904273,0
904274,0
904275,0
904276,0
904277,0
904278,0
904279,0
904280,11
904281,10
904282,0
904283,0
904284,0
904285,0
904286,0
904287,0
904288,0
904289,0
904290,0
904291,0
904292,0
904293,0
904294,0
904295,0
904296,0
904297,0
904298,0
904299,0
904300,0
904301,0
904302,0
904303,0
904304,0
904305,0
904306,0
904307,0
904308,0
904309,0
904310,0
904311,0
904312,0
904313,0
904314,0
904315,0
904316,0
904317,0
904318,0
904319,0
904320,0
904321,0
904322,0
904323,0
904324,0
904325,0
904326,0
904327,0
904328,0
904329,0
904330,0
904331,0
904332,0
904333,0
904334,0
904335,0
904336,0
904337,0
904338,0
904339,0
904340,0
904341,0
904342,0
904343,0
904344,0
904345,0
904346,0
904347,0
904348,0
904349,0
904350,0
904351,0
904352,0
904353,0
904354,0
904355,0
904356,0
904357,0
904358,0
904359,0
904360,0
904361,0
904362,0
904363,0
904364,0
904365,0
904366,0
904367,0
904368,0
904369,0
904370,0
904371,0
904372,0
904373,0
904374,0
904375,0
904376,0
904377,0
904378,0
904379,0
904380,0
904381,0
904382,0
904383,0
904384,0
904385,0
904386,0
904387,0
904388,0
904389,0
904390,0
904391,0
904392,0
904393,0
904394,0
904395,0
904396,0
904397,0
904398,0
904399,0
904400,0
904401,0
904402,0
904403,0
904404,0
904405,0
904406,0
904407,0
904408,0
904409,0
904410,0
904411,0
904412,0
904413,0
904414,0
904415,0
904416,0
904417,0
904418,0
904419,0
904420,0
904421,0
904422,0
904423,0
904424,0
904425,0
904426,0
904427,0
904428,0
904429,0
904430,0
904431,0
904432,0
904433,0
904434,0
904435,0
904436,0
904437,0
904438,0
904439,0
904440,0
904441,0
904442,0
904443,0
904444,0
904445,0
904446,0
904447,0
904448,0
904449,0
904450,0
904451,0
904452,0
904453,0
904454,0
904455,0
904456,0
904457,0
904458,0
904459,0
904460,0
904461,0
904462,0
904463,0
904464,0
904465,0
904466,0
904467,0
904468,0
904469,0
904470,0
904471,0
904472,0
904473,0
904474,0
904475,0
904476,0
904477,0
904478,0
904479,0
904480,0
904481,0
904482,1
904483,0
904484,0
904485,0
904486,0
904487,0
904488,0
904489,0
904490,0
904491,0
904492,0
904493,0
904494,0
904495,0
904496,0
904497,0
904498,0
904499,0
904500,0
904501,0
904502,0
904503,0
904504,0
904505,0
904506,0
904507,0
904508,0
904509,0
904510,0
904511,0
904512,0
904513,0
904514,0
904515,0
904516,0
904517,0
904518,0
904519,0
904520,0
904521,0
904522,0
904523,0
904524,0
904525,0
904526,0
904527,0
904528,0
904529,0
904530,0
904531,0
904532,0
904533,0
904534,0
904535,0
904536,0
904537,0
904538,0
904539,0
904540,0
904541,0
904542,0
904543,0
904544,0
904545,0
904546,0
904547,0
904548,0
904549,0
904550,0
904551,0
904552,0
904553,0
904554,0
904555,0
904556,0
904557,0
904558,0
904559,0
904560,0
904561,0
904562,0
904563,0
904564,0
904565,0
904566,0
904567,0
904568,0
904569,0
904570,0
904571,0
904572,0
904573,0
904574,0
904575,0
904576,0
904577,0
904578,0
904579,0
904580,0
904581,0
904582,0
904583,0
904584,0
904585,0
904586,0
904587,0
904588,0
904589,0
904590,0
904591,0
904592,0
904593,0
904594,0
904595,0
904596,0
904597,0
904598,0
904599,0
904600,0
904601,0
904602,0
904603,0
904604,0
904605,0
904606,0
904607,0
904608,0
904609,0
904610,0
904611,0
904612,0
904613,0
904614,0
904615,0
904616,0
904617,0
904618,0
904619,0
904620,0
904621,0
904622,0
904623,0
904624,0
904625,0
904626,0
904627,0
904628,0
904629,0
904630,0
904631,0
904632,0
904633,0
904634,0
904635,0
904636,0
904637,0
904638,0
904639,0
904640,0
904641,0
904642,0
904643,0
904644,0
904645,0
904646,0
904647,0
904648,0
904649,0
904650,0
904651,0
904652,0
904653,0
904654,0
904655,0
904656,0
904657,0
904658,0
904659,0
904660,0
904661,0
904662,0
904663,0
904664,0
904665,0
904666,0
904667,0
904668,0
904669,0
904670,0
904671,0
904672,0
904673,0
904674,0
904675,0
904676,0
904677,0
904678,0
904679,0
904680,0
904681,0
904682,0
904683,0
904684,0
904685,0
904686,0
904687,0
904688,0
904689,0
904690,0
904691,0
904692,0
904693,0
904694,0
904695,0
904696,0
904697,0
904698,0
904699,0
904700,0
904701,0
904702,0
904703,0
904704,0
904705,0
904706,0
904707,0
904708,0
904709,0
904710,0
904711,0
904712,0
904713,0
904714,0
904715,0
904716,0
904717,0
904718,0
904719,0
904720,0
904721,0
904722,0
904723,0
904724,0
904725,0
904726,0
904727,0
904728,0
904729,0
904730,0
904731,0
904732,0
904733,0
904734,0
904735,0
904736,0
904737,0
904738,0
904739,0
904740,0
904741,0
904742,0
904743,0
904744,0
904745,0
904746,0
904747,0
904748,0
904749,0
904750,0
904751,0
904752,0
904753,0
904754,0
904755,0
904756,0
904757,0
904758,0
904759,0
904760,0
904761,0
904762,0
904763,0
904764,0
904765,0
904766,0
904767,0
904768,0
904769,0
904770,0
904771,0
904772,0
904773,0
904774,0
904775,0
904776,0
904777,0
904778,0
904779,0
904780,0
904781,0
904782,0
904783,0
904784,0
904785,0
904786,0
904787,0
904788,0
904789,0
904790,0
904791,0
904792,0
904793,0
904794,0
904795,0
904796,0
904797,0
904798,0
904799,0
904800,0
904801,0
904802,0
904803,0
904804,0
904805,0
904806,0
904807,0
904808,0
904809,0
904810,0
904811,0
904812,0
904813,0
904814,0
904815,0
904816,0
904817,0
904818,0
904819,0
904820,0
904821,0
904822,0
904823,0
904824,0
904825,0
904826,0
904827,0
904828,0
904829,0
904830,0
904831,0
904832,0
904833,0
904834,0
904835,0
904836,0
904837,0
904838,0
904839,0
904840,0
904841,0
904842,0
904843,0
904844,0
904845,0
904846,0
904847,0
904848,0
904849,0
904850,0
904851,0
904852,0
904853,0
904854,0
904855,0
904856,0
904857,0
904858,0
904859,0
904860,0
904861,0
904862,0
904863,0
904864,0
904865,0
904866,0
904867,0
904868,0
904869,0
904870,0
904871,0
904872,0
904873,0
904874,0
904875,0
904876,0
904877,0
904878,0
904879,0
904880,0
904881,0
904882,0
904883,0
904884,0
904885,0
904886,0
904887,0
904888,0
904889,0
904890,0
904891,0
904892,0
904893,0
904894,0
904895,0
904896,0
904897,0
904898,0
904899,0
904900,0
904901,0
904902,0
904903,0
904904,0
904905,0
904906,0
904907,0
904908,0
904909,0
904910,0
904911,0
904912,0
904913,0
904914,0
904915,0
904916,0
904917,0
904918,0
904919,0
904920,0
904921,0
904922,1
904923,0
904924,0
904925,0
904926,0
904927,0
904928,0
904929,0
904930,0
904931,0
904932,0
904933,0
904934,0
904935,0
904936,0
904937,0
904938,0
904939,0
904940,0
904941,0
904942,0
904943,0
904944,0
904945,0
904946,0
904947,0
904948,1
904949,0
904950,0
904951,0
904952,0
904953,0
904954,0
904955,0
904956,0
904957,0
904958,0
904959,0
904960,0
904961,0
904962,0
904963,0
904964,0
904965,0
904966,0
904967,0
904968,0
904969,0
904970,0
904971,0
904972,0
904973,0
904974,0
904975,0
904976,0
904977,0
904978,0
904979,0
904980,0
904981,0
904982,0
904983,0
904984,0
904985,0
904986,0
904987,0
904988,0
904989,0
904990,0
904991,0
904992,0
904993,0
904994,0
904995,0
904996,0
904997,0
904998,0
904999,0
905000,0
905001,0
905002,0
905003,0
905004,0
905005,0
905006,0
905007,0
905008,0
905009,0
905010,0
905011,0
905012,0
905013,0
905014,0
905015,0
905016,0
905017,0
905018,0
905019,0
905020,0
905021,0
905022,0
905023,0
905024,0
905025,0
905026,0
905027,0
905028,0
905029,0
905030,0
905031,0
905032,0
905033,0
905034,0
905035,0
905036,0
905037,0
905038,0
905039,0
905040,0
905041,0
905042,0
905043,0
905044,0
905045,0
905046,0
905047,0
905048,0
905049,0
905050,0
905051,0
905052,0
905053,0
905054,0
905055,0
905056,0
905057,0
905058,0
905059,0
905060,0
905061,0
905062,0
905063,0
905064,0
905065,0
905066,0
905067,0
905068,0
905069,0
905070,0
905071,0
905072,0
905073,0
905074,0
905075,0
905076,0
905077,0
905078,0
905079,0
905080,0
905081,0
905082,0
905083,0
905084,0
905085,0
905086,0
905087,0
905088,0
905089,0
905090,0
905091,0
905092,2
905093,0
905094,0
905095,0
905096,0
905097,0
905098,0
905099,0
905100,0
905101,0
905102,0
905103,0
905104,0
905105,0
905106,0
905107,0
905108,0
905109,0
905110,0
905111,0
905112,0
905113,0
905114,0
905115,0
905116,0
905117,0
905118,0
905119,0
905120,0
905121,0
905122,0
905123,0
905124,0
905125,0
905126,0
905127,0
905128,0
905129,0
905130,0
905131,0
905132,0
905133,0
905134,0
905135,0
905136,0
905137,0
905138,0
905139,0
905140,0
905141,0
905142,1
905143,0
905144,0
905145,0
905146,0
905147,0
905148,0
905149,0
905150,0
905151,0
905152,0
905153,0
905154,0
905155,0
905156,0
905157,0
905158,0
905159,0
905160,0
905161,0
905162,0
905163,0
905164,0
905165,0
905166,0
905167,0
905168,0
905169,0
905170,0
905171,0
905172,0
905173,0
905174,0
905175,0
905176,0
905177,0
905178,0
905179,0
905180,0
905181,0
905182,0
905183,0
905184,0
905185,0
905186,0
905187,0
905188,0
905189,0
905190,0
905191,0
905192,0
905193,0
905194,0
905195,0
905196,0
905197,0
905198,0
905199,0
905200,0
905201,0
905202,0
905203,0
905204,0
905205,0
905206,0
905207,0
905208,0
905209,0
905210,0
905211,0
905212,0
905213,0
905214,0
905215,0
905216,0
905217,0
905218,0
905219,0
905220,0
905221,0
905222,0
905223,0
905224,0
905225,0
905226,0
905227,0
905228,0
905229,0
905230,0
905231,0
905232,0
905233,0
905234,0
905235,0
905236,0
905237,0
905238,0
905239,0
905240,0
905241,0
905242,0
905243,0
905244,0
905245,0
905246,0
905247,0
905248,0
905249,0
905250,0
905251,0
905252,0
905253,0
905254,0
905255,0
905256,0
905257,0
905258,0
905259,0
905260,0
905261,0
905262,0
905263,0
905264,0
905265,0
905266,0
905267,0
905268,0
905269,0
905270,0
905271,0
905272,0
905273,0
905274,0
905275,0
905276,0
905277,1
905278,0
905279,0
905280,0
905281,0
905282,0
905283,0
905284,0
905285,0
905286,0
905287,0
905288,0
905289,0
905290,0
905291,0
905292,0
905293,0
905294,0
905295,0
905296,0
905297,0
905298,0
905299,0
905300,0
905301,0
905302,0
905303,0
905304,0
905305,1
905306,0
905307,0
905308,0
905309,0
905310,0
905311,0
905312,0
905313,0
905314,0
905315,0
905316,0
905317,0
905318,0
905319,0
905320,0
905321,0
905322,0
905323,0
905324,0
905325,0
905326,0
905327,0
905328,0
905329,0
905330,0
905331,0
905332,0
905333,0
905334,0
905335,0
905336,0
905337,0
905338,0
905339,0
905340,0
905341,0
905342,0
905343,0
905344,0
905345,0
905346,0
905347,0
905348,0
905349,0
905350,0
905351,0
905352,0
905353,0
905354,0
905355,0
905356,0
905357,0
905358,0
905359,0
905360,0
905361,0
905362,0
905363,0
905364,0
905365,0
905366,0
905367,0
905368,0
905369,0
905370,0
905371,0
905372,0
905373,0
905374,0
905375,0
905376,0
905377,0
905378,0
905379,0
905380,0
905381,0
905382,0
905383,0
905384,0
905385,0
905386,0
905387,0
905388,0
905389,0
905390,0
905391,0
905392,0
905393,0
905394,0
905395,0
905396,0
905397,0
905398,0
905399,0
905400,0
905401,0
905402,0
905403,0
905404,0
905405,0
905406,0
905407,0
905408,0
905409,0
905410,0
905411,0
905412,0
905413,0
905414,0
905415,0
905416,0
905417,0
905418,0
905419,0
905420,0
905421,2
905422,0
905423,0
905424,0
905425,0
905426,0
905427,0
905428,0
905429,0
905430,0
905431,0
905432,0
905433,0
905434,0
905435,0
905436,0
905437,0
905438,0
905439,0
905440,0
905441,0
905442,0
905443,0
905444,0
905445,0
905446,0
905447,0
905448,0
905449,0
905450,0
905451,0
905452,0
905453,0
905454,0
905455,0
905456,0
905457,0
905458,0
905459,0
905460,0
905461,0
905462,0
905463,0
905464,0
905465,0
905466,0
905467,0
905468,0
905469,0
905470,0
905471,0
905472,0
905473,0
905474,0
905475,0
905476,0
905477,0
905478,0
905479,0
905480,0
905481,0
905482,0
905483,0
905484,0
905485,0
905486,0
905487,0
905488,0
905489,0
905490,0
905491,0
905492,0
905493,0
905494,0
905495,0
905496,0
905497,0
905498,0
905499,0
905500,0
905501,0
905502,0
905503,0
905504,0
905505,0
905506,0
905507,0
905508,0
905509,0
905510,0
905511,0
905512,0
905513,0
905514,0
905515,0
905516,0
905517,0
905518,0
905519,0
905520,0
905521,0
905522,0
905523,0
905524,0
905525,0
905526,0
905527,0
905528,0
905529,0
905530,0
905531,0
905532,0
905533,0
905534,0
905535,0
905536,0
905537,0
905538,0
905539,0
905540,0
905541,0
905542,0
905543,0
905544,0
905545,0
905546,0
905547,0
905548,0
905549,0
905550,0
905551,1
905552,0
905553,0
905554,0
905555,0
905556,0
905557,0
905558,0
905559,0
905560,0
905561,0
905562,0
905563,0
905564,0
905565,0
905566,0
905567,0
905568,0
905569,0
905570,0
905571,0
905572,0
905573,0
905574,0
905575,0
905576,0
905577,0
905578,0
905579,0
905580,0
905581,0
905582,0
905583,0
905584,0
905585,0
905586,0
905587,0
905588,0
905589,0
905590,0
905591,0
905592,0
905593,0
905594,0
905595,0
905596,0
905597,0
905598,0
905599,0
905600,0
905601,0
905602,0
905603,0
905604,0
905605,0
905606,0
905607,0
905608,0
905609,0
905610,0
905611,0
905612,0
905613,1
905614,0
905615,0
905616,0
905617,0
905618,0
905619,0
905620,0
905621,0
905622,0
905623,0
905624,0
905625,0
905626,0
905627,0
905628,0
905629,0
905630,0
905631,0
905632,0
905633,0
905634,0
905635,0
905636,0
905637,0
905638,0
905639,0
905640,0
905641,0
905642,0
905643,0
905644,0
905645,0
905646,0
905647,0
905648,0
905649,0
905650,0
905651,0
905652,0
905653,0
905654,0
905655,0
905656,0
905657,0
905658,0
905659,0
905660,0
905661,0
905662,0
905663,0
905664,0
905665,0
905666,0
905667,0
905668,0
905669,0
905670,0
905671,0
905672,0
905673,0
905674,0
905675,0
905676,0
905677,0
905678,0
905679,0
905680,0
905681,0
905682,0
905683,0
905684,0
905685,0
905686,0
905687,0
905688,0
905689,0
905690,0
905691,0
905692,1
905693,0
905694,0
905695,0
905696,0
905697,0
905698,0
905699,0
905700,0
905701,0
905702,0
905703,0
905704,0
905705,0
905706,0
905707,0
905708,0
905709,0
905710,0
905711,0
905712,0
905713,0
905714,0
905715,0
905716,0
905717,0
905718,0
905719,0
905720,1
905721,0
905722,0
905723,0
905724,0
905725,0
905726,0
905727,0
905728,0
905729,0
905730,0
905731,0
905732,0
905733,0
905734,0
905735,0
905736,0
905737,0
905738,0
905739,0
905740,0
905741,0
905742,0
905743,0
905744,0
905745,0
905746,0
905747,0
905748,0
905749,0
905750,0
905751,0
905752,0
905753,0
905754,0
905755,0
905756,0
905757,0
905758,0
905759,0
905760,0
905761,0
905762,0
905763,0
905764,0
905765,0
905766,0
905767,0
905768,0
905769,0
905770,0
905771,0
905772,0
905773,0
905774,0
905775,0
905776,0
905777,0
905778,0
905779,0
905780,0
905781,0
905782,0
905783,0
905784,0
905785,0
905786,0
905787,0
905788,0
905789,0
905790,0
905791,0
905792,0
905793,0
905794,0
905795,0
905796,0
905797,0
905798,0
905799,0
905800,0
905801,0
905802,0
905803,0
905804,0
905805,0
905806,0
905807,0
905808,0
905809,0
905810,0
905811,0
905812,0
905813,0
905814,0
905815,0
905816,0
905817,0
905818,0
905819,0
905820,0
905821,0
905822,0
905823,0
905824,0
905825,0
905826,0
905827,0
905828,0
905829,0
905830,0
905831,0
905832,0
905833,0
905834,0
905835,0
905836,0
905837,0
905838,0
905839,0
905840,0
905841,0
905842,0
905843,0
905844,0
905845,0
905846,0
905847,0
905848,0
905849,0
905850,0
905851,0
905852,0
905853,0
905854,0
905855,0
905856,0
905857,0
905858,1
905859,0
905860,0
905861,0
905862,0
905863,0
905864,0
905865,0
905866,0
905867,0
905868,0
905869,0
905870,0
905871,0
905872,0
905873,0
905874,0
905875,0
905876,0
905877,0
905878,0
905879,0
905880,0
905881,0
905882,0
905883,0
905884,0
905885,0
905886,0
905887,0
905888,0
905889,0
905890,0
905891,0
905892,0
905893,0
905894,0
905895,0
905896,0
905897,0
905898,0
905899,0
905900,0
905901,0
905902,0
905903,0
905904,0
905905,0
905906,0
905907,0
905908,0
905909,0
905910,0
905911,0
905912,0
905913,0
905914,0
905915,0
905916,0
905917,0
905918,0
905919,0
905920,0
905921,0
905922,0
905923,0
905924,0
905925,0
905926,0
905927,0
905928,0
905929,0
905930,0
905931,0
905932,0
905933,0
905934,0
905935,0
905936,0
905937,0
905938,0
905939,0
905940,0
905941,1
905942,0
905943,0
905944,0
905945,0
905946,0
905947,0
905948,0
905949,0
905950,0
905951,0
905952,0
905953,0
905954,0
905955,0
905956,0
905957,0
905958,0
905959,0
905960,0
905961,0
905962,0
905963,0
905964,0
905965,0
905966,0
905967,0
905968,0
905969,0
905970,0
905971,0
905972,0
905973,0
905974,0
905975,0
905976,0
905977,0
905978,0
905979,0
905980,0
905981,0
905982,0
905983,0
905984,0
905985,0
905986,0
905987,0
905988,0
905989,0
905990,0
905991,0
905992,0
905993,0
905994,0
905995,0
905996,0
905997,0
905998,0
905999,0
906000,0
906001,0
906002,0
906003,0
906004,0
906005,0
906006,0
906007,0
906008,0
906009,0
906010,0
906011,0
906012,0
906013,0
906014,0
906015,0
906016,0
906017,0
906018,0
906019,0
906020,0
906021,0
906022,0
906023,0
906024,0
906025,0
906026,0
906027,0
906028,0
906029,0
906030,0
906031,0
906032,0
906033,0
906034,0
906035,0
906036,0
906037,0
906038,0
906039,0
906040,0
906041,0
906042,0
906043,1
906044,0
906045,0
906046,0
906047,0
906048,0
906049,0
906050,0
906051,0
906052,0
906053,0
906054,0
906055,0
906056,0
906057,0
906058,0
906059,0
906060,0
906061,0
906062,0
906063,0
906064,0
906065,0
906066,0
906067,0
906068,0
906069,0
906070,0
906071,0
906072,0
906073,0
906074,0
906075,0
906076,0
906077,0
906078,0
906079,0
906080,0
906081,0
906082,0
906083,0
906084,0
906085,0
906086,0
906087,0
906088,0
906089,0
906090,0
906091,0
906092,0
906093,0
906094,0
906095,0
906096,0
906097,0
906098,0
906099,0
906100,0
906101,0
906102,0
906103,0
906104,0
906105,0
906106,0
906107,0
906108,0
906109,0
906110,0
906111,0
906112,0
906113,0
906114,0
906115,0
906116,0
906117,0
906118,0
906119,0
906120,0
906121,0
906122,0
906123,0
906124,0
906125,0
906126,0
906127,0
906128,0
906129,0
906130,0
906131,0
906132,0
906133,0
906134,0
906135,0
906136,0
906137,0
906138,0
906139,0
906140,0
906141,0
906142,0
906143,0
906144,0
906145,0
906146,0
906147,0
906148,0
906149,0
906150,0
906151,0
906152,0
906153,0
906154,0
906155,0
906156,0
906157,0
906158,0
906159,0
906160,0
906161,0
906162,0
906163,0
906164,0
906165,0
906166,0
906167,0
906168,1
906169,0
906170,0
906171,0
906172,0
906173,0
906174,0
906175,0
906176,0
906177,0
906178,0
906179,0
906180,0
906181,0
906182,0
906183,0
906184,0
906185,0
906186,0
906187,0
906188,0
906189,0
906190,0
906191,0
906192,0
906193,0
906194,0
906195,0
906196,0
906197,0
906198,0
906199,0
906200,0
906201,0
906202,0
906203,1
906204,0
906205,0
906206,0
906207,0
906208,0
906209,0
906210,0
906211,0
906212,0
906213,0
906214,0
906215,0
906216,0
906217,0
906218,0
906219,0
906220,0
906221,0
906222,8
906223,0
906224,0
906225,0
906226,0
906227,0
906228,0
906229,0
906230,0
906231,0
906232,0
906233,0
906234,0
906235,0
906236,0
906237,0
906238,0
906239,0
906240,0
906241,0
906242,0
906243,0
906244,0
906245,0
906246,0
906247,0
906248,0
906249,0
906250,0
906251,0
906252,14
906253,0
906254,0
906255,0
906256,0
906257,0
906258,0
906259,0
906260,0
906261,0
906262,0
906263,0
906264,0
906265,0
906266,0
906267,0
906268,0
906269,0
906270,0
906271,0
906272,0
906273,0
906274,0
906275,0
906276,0
906277,0
906278,0
906279,0
906280,0
906281,0
906282,0
906283,0
906284,0
906285,0
906286,0
906287,0
906288,0
906289,0
906290,0
906291,0
906292,0
906293,0
906294,0
906295,0
906296,0
906297,0
906298,0
906299,0
906300,0
906301,0
906302,0
906303,0
906304,0
906305,0
906306,0
906307,0
906308,0
906309,0
906310,0
906311,0
906312,0
906313,0
906314,0
906315,0
906316,0
906317,0
906318,0
906319,0
906320,0
906321,0
906322,0
906323,0
906324,0
906325,0
906326,0
906327,0
906328,0
906329,0
906330,0
906331,0
906332,0
906333,0
906334,0
906335,0
906336,0
906337,0
906338,0
906339,0
906340,0
906341,0
906342,10
906343,0
906344,0
906345,0
906346,0
906347,0
906348,0
906349,0
906350,11
906351,0
906352,0
906353,0
906354,0
906355,16
906356,0
906357,0
906358,0
906359,0
906360,0
906361,0
906362,0
906363,0
906364,0
906365,0
906366,0
906367,0
906368,14
906369,0
906370,11
906371,12
906372,0
906373,0
906374,0
906375,0
906376,0
906377,0
906378,12
906379,9
906380,0
906381,0
906382,0
906383,0
906384,0
906385,0
906386,0
906387,0
906388,0
906389,0
906390,0
906391,0
906392,0
906393,0
906394,0
906395,0
906396,0
906397,0
906398,0
906399,0
906400,0
906401,13
906402,0
906403,0
906404,0
906405,0
906406,0
906407,0
906408,0
906409,0
906410,0
906411,0
906412,0
906413,0
906414,0
906415,0
906416,0
906417,0
906418,0
906419,14
906420,0
906421,0
906422,0
906423,0
906424,0
906425,18
906426,0
906427,0
906428,0
906429,0
906430,0
906431,0
906432,0
906433,0
906434,0
906435,0
906436,0
906437,0
906438,0
906439,12
906440,0
906441,0
906442,0
906443,0
906444,0
906445,0
906446,0
906447,0
906448,0
906449,0
906450,0
906451,0
906452,0
906453,0
906454,0
906455,0
906456,0
906457,0
906458,0
906459,0
906460,0
906461,0
906462,0
906463,0
906464,0
906465,0
906466,0
906467,0
906468,0
906469,0
906470,0
906471,18
906472,0
906473,12
906474,0
906475,0
906476,20
906477,0
906478,0
906479,0
906480,0
906481,0
906482,0
906483,0
906484,0
906485,0
906486,0
906487,0
906488,0
906489,8
906490,0
906491,0
906492,0
906493,0
906494,0
906495,0
906496,0
906497,0
906498,0
906499,0
906500,0
906501,0
906502,0
906503,0
906504,0
906505,0
906506,0
906507,0
906508,0
906509,0
906510,0
906511,0
906512,0
906513,0
906514,0
906515,0
906516,0
906517,0
906518,16
906519,0
906520,0
906521,0
906522,17
906523,0
906524,0
906525,0
906526,0
906527,0
906528,0
906529,0
906530,0
906531,0
906532,0
906533,0
906534,0
906535,0
906536,0
906537,0
906538,0
906539,0
906540,0
906541,0
906542,0
906543,23
906544,0
906545,0
906546,0
906547,0
906548,0
906549,12
906550,0
906551,0
906552,0
906553,0
906554,0
906555,0
906556,0
906557,0
906558,0
906559,0
906560,0
906561,20
906562,0
906563,0
906564,16
906565,0
906566,0
906567,0
906568,0
906569,0
906570,0
906571,0
906572,0
906573,0
906574,0
906575,0
906576,0
906577,0
906578,0
906579,0
906580,0
906581,0
906582,0
906583,0
906584,0
906585,0
906586,0
906587,0
906588,0
906589,0
906590,0
906591,0
906592,0
906593,0
906594,0
906595,20
906596,0
906597,0
906598,0
906599,0
906600,0
906601,0
906602,0
906603,0
906604,0
906605,0
906606,0
906607,0
906608,0
906609,0
906610,0
906611,0
906612,0
906613,0
906614,0
906615,0
906616,0
906617,0
906618,0
906619,0
906620,0
906621,0
906622,0
906623,0
906624,0
906625,0
906626,0
906627,0
906628,0
906629,0
906630,8
906631,0
906632,0
906633,0
906634,17
906635,0
906636,0
906637,0
906638,0
906639,0
906640,0
906641,0
906642,0
906643,0
906644,0
906645,0
906646,0
906647,0
906648,0
906649,0
906650,0
906651,0
906652,0
906653,24
906654,0
906655,0
906656,0
906657,0
906658,0
906659,0
906660,0
906661,0
906662,0
906663,0
906664,0
906665,0
906666,0
906667,0
906668,0
906669,0
906670,0
906671,9
906672,0
906673,0
906674,0
906675,0
906676,0
906677,0
906678,0
906679,0
906680,0
906681,0
906682,0
906683,0
906684,0
906685,18
906686,0
906687,0
906688,0
906689,0
906690,0
906691,0
906692,0
906693,0
906694,12
906695,0
906696,25
906697,7
906698,0
906699,0
906700,22
906701,0
906702,0
906703,0
906704,0
906705,0
906706,0
906707,0
906708,0
906709,0
906710,0
906711,0
906712,0
906713,0
906714,0
906715,0
906716,0
906717,0
906718,0
906719,0
906720,0
906721,0
906722,0
906723,0
906724,0
906725,0
906726,0
906727,9
906728,0
906729,0
906730,0
906731,18
906732,0
906733,0
906734,0
906735,0
906736,0
906737,0
906738,0
906739,0
906740,0
906741,0
906742,14
906743,0
906744,0
906745,13
906746,0
906747,17
906748,22
906749,0
906750,0
906751,0
906752,14
906753,0
906754,0
906755,0
906756,0
906757,0
906758,0
906759,0
906760,14
906761,0
906762,0
906763,0
906764,0
906765,0
906766,0
906767,0
906768,0
906769,0
906770,0
906771,0
906772,0
906773,0
906774,0
906775,0
906776,0
906777,0
906778,0
906779,0
906780,19
906781,0
906782,0
906783,0
906784,17
906785,0
906786,0
906787,0
906788,0
906789,0
906790,0
906791,19
906792,0
906793,0
906794,0
906795,0
906796,0
906797,0
906798,0
906799,0
906800,0
906801,15
906802,0
906803,0
906804,0
906805,0
906806,0
906807,0
906808,0
906809,0
906810,0
906811,0
906812,0
906813,0
906814,0
906815,0
906816,0
906817,0
906818,0
906819,0
906820,0
906821,0
906822,0
906823,0
906824,0
906825,0
906826,18
906827,0
906828,0
906829,0
906830,0
906831,0
906832,0
906833,0
906834,0
906835,0
906836,0
906837,0
906838,0
906839,0
906840,0
906841,0
906842,0
906843,0
906844,0
906845,0
906846,0
906847,0
906848,0
906849,0
906850,0
906851,0
906852,0
906853,0
906854,0
906855,0
906856,0
906857,0
906858,0
906859,0
906860,0
906861,0
906862,0
906863,0
906864,0
906865,0
906866,0
906867,0
906868,0
906869,0
906870,0
906871,0
906872,0
906873,0
906874,0
906875,0
906876,0
906877,0
906878,0
906879,0
906880,0
906881,0
906882,0
906883,0
906884,0
906885,0
906886,0
906887,0
906888,0
906889,0
906890,0
906891,0
906892,0
906893,0
906894,0
906895,0
906896,0
906897,0
906898,0
906899,0
906900,14
906901,0
906902,0
906903,0
906904,0
906905,0
906906,0
906907,0
906908,0
906909,0
906910,0
906911,0
906912,0
906913,0
906914,0
906915,0
906916,11
906917,0
906918,0
906919,0
906920,0
906921,0
906922,0
906923,0
906924,0
906925,0
906926,0
906927,0
906928,0
906929,0
906930,0
906931,10
906932,0
906933,0
906934,0
906935,0
906936,0
906937,0
906938,0
906939,0
906940,0
906941,0
906942,0
906943,0
906944,0
906945,0
906946,0
906947,0
906948,0
906949,0
906950,0
906951,0
906952,0
906953,0
906954,19
906955,0
906956,0
906957,9
906958,0
906959,0
906960,19
906961,0
906962,0
906963,0
906964,0
906965,0
906966,0
906967,0
906968,0
906969,0
906970,13
906971,0
906972,0
906973,0
906974,0
906975,0
906976,0
906977,0
906978,0
906979,0
906980,0
906981,0
906982,0
906983,7
906984,0
906985,0
906986,0
906987,0
906988,6
906989,0
906990,13
906991,0
906992,0
906993,0
906994,0
906995,0
906996,0
906997,0
906998,12
906999,0
907000,0
907001,0
907002,0
907003,0
907004,0
907005,0
907006,0
907007,13
907008,0
907009,0
907010,0
907011,0
907012,0
907013,0
907014,0
907015,0
907016,0
907017,0
907018,18
907019,0
907020,0
907021,17
907022,0
907023,0
907024,0
907025,0
907026,0
907027,0
907028,0
907029,0
907030,0
907031,0
907032,0
907033,0
907034,0
907035,18
907036,0
907037,0
907038,0
907039,0
907040,0
907041,0
907042,0
907043,0
907044,0
907045,0
907046,0
907047,0
907048,0
907049,0
907050,0
907051,0
907052,0
907053,0
907054,0
907055,0
907056,0
907057,0
907058,0
907059,0
907060,0
907061,0
907062,0
907063,0
907064,25
907065,11
907066,0
907067,0
907068,0
907069,0
907070,0
907071,0
907072,0
907073,0
907074,0
907075,0
907076,0
907077,5
907078,0
907079,16
907080,0
907081,0
907082,0
907083,0
907084,0
907085,0
907086,0
907087,0
907088,0
907089,0
907090,0
907091,0
907092,0
907093,0
907094,0
907095,0
907096,0
907097,0
907098,0
907099,0
907100,0
907101,0
907102,0
907103,0
907104,0
907105,0
907106,0
907107,18
907108,0
907109,0
907110,0
907111,0
907112,0
907113,0
907114,0
907115,0
907116,0
907117,0
907118,0
907119,0
907120,0
907121,0
907122,0
907123,0
907124,0
907125,6
907126,9
907127,0
907128,0
907129,0
907130,0
907131,0
907132,11
907133,0
907134,8
907135,0
907136,0
907137,0
907138,0
907139,0
907140,0
907141,0
907142,0
907143,0
907144,0
907145,0
907146,0
907147,0
907148,0
907149,0
907150,0
907151,0
907152,0
907153,12
907154,0
907155,0
907156,0
907157,0
907158,0
907159,0
907160,0
907161,0
907162,0
907163,0
907164,24
907165,0
907166,0
907167,0
907168,0
907169,0
907170,0
907171,0
907172,0
907173,0
907174,0
907175,20
907176,0
907177,0
907178,0
907179,0
907180,0
907181,15
907182,0
907183,16
907184,0
907185,0
907186,0
907187,0
907188,0
907189,13
907190,0
907191,0
907192,0
907193,0
907194,0
907195,0
907196,0
907197,0
907198,0
907199,0
907200,0
907201,0
907202,0
907203,0
907204,0
907205,0
907206,0
907207,0
907208,0
907209,0
907210,0
907211,0
907212,0
907213,0
907214,0
907215,0
907216,0
907217,0
907218,0
907219,0
907220,0
907221,15
907222,0
907223,0
907224,0
907225,0
907226,0
907227,0
907228,0
907229,0
907230,0
907231,0
907232,11
907233,0
907234,0
907235,16
907236,21
907237,0
907238,0
907239,12
907240,0
907241,0
907242,18
907243,0
907244,0
907245,0
907246,0
907247,0
907248,7
907249,0
907250,16
907251,11
907252,0
907253,0
907254,0
907255,0
907256,0
907257,0
907258,0
907259,0
907260,0
907261,0
907262,0
907263,0
907264,0
907265,0
907266,0
907267,0
907268,0
907269,0
907270,0
907271,0
907272,0
907273,0
907274,0
907275,0
907276,20
907277,14
907278,0
907279,0
907280,0
907281,0
907282,16
907283,0
907284,0
907285,0
907286,0
907287,0
907288,0
907289,0
907290,0
907291,0
907292,0
907293,0
907294,0
907295,0
907296,0
907297,0
907298,0
907299,11
907300,0
907301,0
907302,0
907303,0
907304,0
907305,0
907306,0
907307,0
907308,0
907309,0
907310,0
907311,0
907312,0
907313,0
907314,0
907315,0
907316,0
907317,0
907318,0
907319,0
907320,0
907321,0
907322,0
907323,0
907324,0
907325,0
907326,0
907327,0
907328,0
907329,0
907330,0
907331,0
907332,0
907333,21
907334,0
907335,0
907336,0
907337,0
907338,0
907339,0
907340,0
907341,13
907342,0
907343,0
907344,0
907345,0
907346,0
907347,0
907348,12
907349,0
907350,0
907351,0
907352,0
907353,0
907354,11
907355,0
907356,0
907357,0
907358,0
907359,0
907360,0
907361,0
907362,0
907363,0
907364,0
907365,0
907366,0
907367,0
907368,0
907369,0
907370,0
907371,0
907372,0
907373,12
907374,0
907375,0
907376,0
907377,0
907378,0
907379,0
907380,0
907381,0
907382,0
907383,0
907384,0
907385,0
907386,0
907387,0
907388,0
907389,0
907390,0
907391,12
907392,0
907393,0
907394,0
907395,0
907396,0
907397,0
907398,0
907399,0
907400,0
907401,0
907402,0
907403,0
907404,0
907405,0
907406,0
907407,0
907408,0
907409,10
907410,0
907411,14
907412,0
907413,0
907414,0
907415,0
907416,0
907417,17
907418,0
907419,0
907420,0
907421,0
907422,0
907423,0
907424,0
907425,0
907426,0
907427,0
907428,0
907429,0
907430,0
907431,0
907432,0
907433,0
907434,0
907435,0
907436,0
907437,13
907438,0
907439,0
907440,0
907441,0
907442,0
907443,0
907444,0
907445,0
907446,0
907447,0
907448,0
907449,0
907450,0
907451,0
907452,0
907453,0
907454,0
907455,0
907456,0
907457,0
907458,15
907459,0
907460,0
907461,0
907462,5
907463,0
907464,0
907465,0
907466,0
907467,0
907468,0
907469,0
907470,0
907471,0
907472,0
907473,0
907474,0
907475,7
907476,0
907477,0
907478,0
907479,11
907480,0
907481,0
907482,0
907483,0
907484,0
907485,12
907486,0
907487,0
907488,0
907489,0
907490,0
907491,0
907492,0
907493,0
907494,0
907495,0
907496,0
907497,0
907498,0
907499,0
907500,0
907501,0
907502,0
907503,0
907504,0
907505,0
907506,0
907507,0
907508,0
907509,0
907510,0
907511,0
907512,0
907513,0
907514,0
907515,0
907516,0
907517,0
907518,0
907519,0
907520,0
907521,0
907522,0
907523,0
907524,0
907525,0
907526,0
907527,0
907528,0
907529,0
907530,0
907531,12
907532,0
907533,0
907534,0
907535,0
907536,0
907537,0
907538,0
907539,0
907540,0
907541,0
907542,0
907543,0
907544,0
907545,0
907546,0
907547,0
907548,0
907549,0
907550,10
907551,0
907552,0
907553,0
907554,0
907555,0
907556,0
907557,0
907558,0
907559,0
907560,0
907561,0
907562,0
907563,0
907564,0
907565,0
907566,0
907567,0
907568,0
907569,0
907570,0
907571,0
907572,0
907573,0
907574,0
907575,0
907576,0
907577,0
907578,0
907579,13
907580,0
907581,0
907582,0
907583,0
907584,0
907585,19
907586,22
907587,0
907588,12
907589,0
907590,0
907591,0
907592,0
907593,0
907594,0
907595,0
907596,0
907597,0
907598,0
907599,0
907600,0
907601,0
907602,0
907603,0
907604,0
907605,0
907606,0
907607,0
907608,0
907609,0
907610,0
907611,0
907612,0
907613,0
907614,23
907615,0
907616,0
907617,0
907618,13
907619,0
907620,0
907621,17
907622,0
907623,0
907624,0
907625,0
907626,0
907627,0
907628,0
907629,0
907630,0
907631,0
907632,16
907633,0
907634,0
907635,0
907636,0
907637,0
907638,0
907639,0
907640,0
907641,0
907642,0
907643,0
907644,0
907645,0
907646,0
907647,0
907648,0
907649,0
907650,0
907651,0
907652,0
907653,0
907654,0
907655,0
907656,21
907657,0
907658,0
907659,0
907660,13
907661,0
907662,0
907663,0
907664,10
907665,0
907666,0
907667,0
907668,0
907669,0
907670,0
907671,0
907672,11
907673,0
907674,0
907675,0
907676,0
907677,0
907678,0
907679,12
907680,0
907681,0
907682,0
907683,0
907684,0
907685,10
907686,0
907687,0
907688,0
907689,0
907690,0
907691,0
907692,0
907693,0
907694,0
907695,0
907696,0
907697,0
907698,0
907699,0
907700,0
907701,0
907702,10
907703,0
907704,0
907705,0
907706,0
907707,0
907708,0
907709,0
907710,0
907711,0
907712,0
907713,0
907714,13
907715,0
907716,0
907717,0
907718,15
907719,0
907720,12
907721,0
907722,11
907723,0
907724,0
907725,0
907726,0
907727,0
907728,0
907729,0
907730,0
907731,0
907732,0
907733,0
907734,0
907735,15
907736,0
907737,0
907738,0
907739,0
907740,0
907741,0
907742,0
907743,0
907744,0
907745,0
907746,0
907747,0
907748,19
907749,0
907750,0
907751,0
907752,0
907753,0
907754,0
907755,20
907756,0
907757,0
907758,0
907759,3
907760,0
907761,4
907762,0
907763,0
907764,5
907765,0
907766,5
907767,0
907768,0
907769,0
907770,0
907771,0
907772,8
907773,8
907774,0
907775,0
907776,0
907777,0
907778,0
907779,0
907780,3
907781,0
907782,0
907783,4
907784,1
907785,0
907786,4
907787,6
907788,0
907789,2
907790,0
907791,0
907792,0
907793,0
907794,8
907795,0
907796,4
907797,0
907798,0
907799,0
907800,0
907801,0
907802,0
907803,5
907804,0
907805,0
907806,0
907807,6
907808,0
907809,0
907810,7
907811,4
907812,3
907813,5
907814,0
907815,4
907816,9
907817,0
907818,0
907819,0
907820,0
907821,8
907822,1
907823,0
907824,0
907825,3
907826,2
907827,0
907828,0
907829,0
907830,3
907831,5
907832,0
907833,10
907834,0
907835,0
907836,0
907837,0
907838,6
907839,0
907840,2
907841,0
907842,0
907843,7
907844,0
907845,0
907846,0
907847,6
907848,0
907849,0
907850,0
907851,0
907852,11
907853,0
907854,0
907855,0
907856,5
907857,0
907858,0
907859,0
907860,0
907861,8
907862,0
907863,7
907864,0
907865,6
907866,7
907867,9
907868,0
907869,0
907870,0
907871,0
907872,7
907873,0
907874,0
907875,0
907876,0
907877,8
907878,0
907879,0
907880,0
907881,0
907882,0
907883,0
907884,0
907885,0
907886,0
907887,0
907888,0
907889,4
907890,0
907891,0
907892,0
907893,0
907894,0
907895,0
907896,0
907897,8
907898,8
907899,0
907900,0
907901,0
907902,0
907903,0
907904,0
907905,11
907906,0
907907,7
907908,2
907909,0
907910,5
907911,0
907912,0
907913,0
907914,6
907915,0
907916,0
907917,0
907918,0
907919,3
907920,0
907921,0
907922,0
907923,0
907924,0
907925,0
907926,0
907927,0
907928,0
907929,0
907930,3
907931,9
907932,0
907933,1
907934,0
907935,0
907936,0
907937,0
907938,0
907939,0
907940,0
907941,0
907942,0
907943,0
907944,5
907945,0
907946,9
907947,0
907948,0
907949,0
907950,0
907951,5
907952,0
907953,0
907954,5
907955,0
907956,9
907957,2
907958,3
907959,0
907960,8
907961,0
907962,9
907963,0
907964,8
907965,0
907966,0
907967,0
907968,0
907969,0
907970,0
907971,0
907972,4
907973,0
907974,6
907975,0
907976,4
907977,0
907978,0
907979,0
907980,0
907981,0
907982,0
907983,0
907984,0
907985,0
907986,0
907987,0
907988,0
907989,0
907990,0
907991,6
907992,0
907993,0
907994,0
907995,0
907996,0
907997,0
907998,0
907999,0
908000,0
908001,0
908002,0
908003,0
908004,0
908005,4
908006,0
908007,6
908008,4
908009,0
908010,0
908011,0
908012,3
908013,1
908014,3
908015,0
908016,0
908017,0
908018,7
908019,3
908020,0
908021,9
908022,0
908023,0
908024,0
908025,0
908026,8
908027,0
908028,5
908029,0
908030,0
908031,0
908032,3
908033,0
908034,0
908035,7
908036,7
908037,7
908038,0
908039,7
908040,0
908041,0
908042,6
908043,5
908044,0
908045,0
908046,3
908047,0
908048,0
908049,0
908050,0
908051,0
908052,0
908053,5
908054,0
908055,0
908056,0
908057,0
908058,0
908059,0
908060,0
908061,0
908062,0
908063,13
908064,6
908065,0
908066,0
908067,0
908068,0
908069,0
908070,0
908071,11
908072,14
908073,0
908074,3
908075,0
908076,6
908077,0
908078,6
908079,10
908080,0
908081,0
908082,0
908083,0
908084,3
908085,0
908086,0
908087,3
908088,8
908089,0
908090,0
908091,0
908092,0
908093,0
908094,0
908095,4
908096,0
908097,0
908098,0
908099,7
908100,7
908101,6
908102,0
908103,6
908104,0
908105,4
908106,0
908107,0
908108,0
908109,0
908110,0
908111,0
908112,6
908113,5
908114,0
908115,0
908116,5
908117,0
908118,0
908119,7
908120,0
908121,0
908122,5
908123,0
908124,0
908125,0
908126,0
908127,7
908128,0
908129,0
908130,0
908131,6
908132,7
908133,0
908134,0
908135,9
908136,6
908137,6
908138,3
908139,8
908140,0
908141,0
908142,0
908143,0
908144,0
908145,0
908146,0
908147,0
908148,0
908149,8
908150,5
908151,0
908152,0
908153,0
908154,6
908155,0
908156,0
908157,0
908158,0
908159,4
908160,0
908161,0
908162,0
908163,0
908164,0
908165,0
908166,0
908167,0
908168,0
908169,0
908170,0
908171,0
908172,0
908173,0
908174,2
908175,0
908176,0
908177,0
908178,5
908179,0
908180,10
908181,4
908182,0
908183,0
908184,0
908185,0
908186,5
908187,0
908188,0
908189,0
908190,0
908191,6
908192,0
908193,0
908194,0
908195,0
908196,0
908197,0
908198,0
908199,0
908200,0
908201,5
908202,0
908203,0
908204,0
908205,0
908206,0
908207,0
908208,5
908209,5
908210,0
908211,0
908212,0
908213,0
908214,6
908215,0
908216,0
908217,0
908218,0
908219,5
908220,0
908221,0
908222,6
908223,0
908224,0
908225,0
908226,0
908227,0
908228,0
908229,0
908230,0
908231,6
908232,3
908233,7
908234,1
908235,0
908236,0
908237,0
908238,9
908239,0
908240,0
908241,0
908242,0
908243,0
908244,0
908245,0
908246,0
908247,0
908248,0
908249,0
908250,0
908251,0
908252,0
908253,7
908254,7
908255,0
908256,4
908257,0
908258,6
908259,0
908260,0
908261,0
908262,7
908263,0
908264,0
908265,0
908266,0
908267,1
908268,0
908269,0
908270,10
908271,0
908272,0
908273,0
908274,39
908275,0
908276,0
908277,0
908278,0
908279,0
908280,0
908281,0
908282,0
908283,0
908284,0
908285,0
908286,0
908287,0
908288,0
908289,0
908290,37
908291,0
908292,0
908293,25
908294,0
908295,39
908296,0
908297,0
908298,0
908299,22
908300,0
908301,37
908302,39
908303,46
908304,0
908305,0
908306,0
908307,0
908308,0
908309,0
908310,0
908311,0
908312,0
908313,0
908314,0
908315,0
908316,0
908317,0
908318,24
908319,0
908320,0
908321,0
908322,0
908323,0
908324,29
908325,0
908326,0
908327,0
908328,33
908329,0
908330,0
908331,0
908332,0
908333,0
908334,0
908335,0
908336,0
908337,0
908338,0
908339,40
908340,0
908341,38
908342,0
908343,0
908344,37
908345,25
908346,28
908347,0
908348,0
908349,0
908350,0
908351,0
908352,0
908353,0
908354,0
908355,0
908356,0
908357,0
908358,0
908359,58
908360,0
908361,0
908362,0
908363,0
908364,0
908365,0
908366,0
908367,0
908368,0
908369,0
908370,46
908371,0
908372,0
908373,0
908374,0
908375,0
908376,0
908377,0
908378,0
908379,40
908380,0
908381,0
908382,0
908383,34
908384,0
908385,29
908386,32
908387,0
908388,0
908389,0
908390,0
908391,35
908392,0
908393,42
908394,0
908395,0
908396,0
908397,0
908398,0
908399,33
908400,0
908401,0
908402,0
908403,37
908404,0
908405,0
908406,0
908407,0
908408,0
908409,0
908410,0
908411,28
908412,34
908413,0
908414,0
908415,0
908416,0
908417,0
908418,0
908419,0
908420,0
908421,0
908422,0
908423,0
908424,0
908425,0
908426,0
908427,0
908428,0
908429,0
908430,28
908431,0
908432,0
908433,28
908434,0
908435,51
908436,48
908437,0
908438,33
908439,0
908440,0
908441,0
908442,0
908443,0
908444,47
908445,0
908446,0
908447,0
908448,0
908449,0
908450,39
908451,0
908452,0
908453,0
908454,0
908455,33
908456,0
908457,0
908458,0
908459,0
908460,0
908461,0
908462,0
908463,0
908464,32
908465,0
908466,0
908467,36
908468,0
908469,0
908470,0
908471,0
908472,0
908473,0
908474,0
908475,0
908476,0
908477,0
908478,41
908479,0
908480,0
908481,22
908482,0
908483,0
908484,22
908485,0
908486,37
908487,0
908488,0
908489,0
908490,0
908491,24
908492,0
908493,33
908494,0
908495,45
908496,35
908497,0
908498,0
908499,0
908500,0
908501,0
908502,0
908503,0
908504,0
908505,30
908506,48
908507,35
908508,0
908509,41
908510,24
908511,51
908512,0
908513,49
908514,0
908515,29
908516,0
908517,0
908518,0
908519,40
908520,33
908521,0
908522,0
908523,0
908524,0
908525,0
908526,30
908527,0
908528,0
908529,0
908530,0
908531,0
908532,25
908533,0
908534,39
908535,0
908536,0
908537,0
908538,0
908539,35
908540,0
908541,0
908542,0
908543,44
908544,33
908545,0
908546,0
908547,0
908548,42
908549,0
908550,0
908551,0
908552,0
908553,0
908554,0
908555,45
908556,0
908557,0
908558,41
908559,0
908560,37
908561,0
908562,0
908563,0
908564,0
908565,33
908566,0
908567,23
908568,0
908569,0
908570,0
908571,0
908572,0
908573,0
908574,0
908575,0
908576,64
908577,0
908578,0
908579,40
908580,0
908581,0
908582,33
908583,0
908584,0
908585,30
908586,0
908587,0
908588,0
908589,35
908590,0
908591,0
908592,0
908593,0
908594,0
908595,0
908596,0
908597,0
908598,0
908599,39
908600,0
908601,0
908602,0
908603,0
908604,0
908605,0
908606,0
908607,0
908608,45
908609,0
908610,0
908611,0
908612,36
908613,43
908614,32
908615,27
908616,0
908617,0
908618,0
908619,0
908620,45
908621,0
908622,0
908623,0
908624,0
908625,0
908626,0
908627,0
908628,0
908629,0
908630,0
908631,31
908632,0
908633,0
908634,0
908635,0
908636,0
908637,42
908638,0
908639,0
908640,0
908641,0
908642,34
908643,0
908644,29
908645,0
908646,0
908647,0
908648,33
908649,0
908650,0
908651,0
908652,0
908653,50
908654,0
908655,26
908656,0
908657,0
908658,0
908659,0
908660,37
908661,0
908662,0
908663,0
908664,0
908665,0
908666,36
908667,0
908668,58
908669,0
908670,0
908671,42
908672,0
908673,0
908674,0
908675,30
908676,0
908677,0
908678,0
908679,0
908680,0
908681,0
908682,0
908683,28
908684,0
908685,0
908686,0
908687,0
908688,31
908689,0
908690,0
908691,39
908692,0
908693,42
908694,0
908695,0
908696,0
908697,0
908698,0
908699,0
908700,0
908701,38
908702,0
908703,31
908704,42
908705,0
908706,35
908707,0
908708,0
908709,43
908710,0
908711,0
908712,0
908713,0
908714,0
908715,0
908716,0
908717,35
908718,0
908719,0
908720,33
908721,0
908722,0
908723,0
908724,29
908725,0
908726,0
908727,27
908728,0
908729,0
908730,0
908731,0
908732,0
908733,0
908734,0
908735,0
908736,0
908737,0
908738,43
908739,30
908740,0
908741,34
908742,0
908743,38
908744,0
908745,0
908746,0
908747,0
908748,0
908749,0
908750,0
908751,0
908752,0
908753,0
908754,0
908755,0
908756,0
908757,0
908758,0
908759,0
908760,0
908761,36
908762,0
908763,0
908764,0
908765,0
908766,0
908767,0
908768,0
908769,0
908770,0
908771,0
908772,0
908773,0
908774,0
908775,0
908776,0
908777,0
908778,0
908779,0
908780,0
908781,0
908782,0
908783,43
908784,0
908785,0
908786,36
908787,36
908788,0
908789,0
908790,24
908791,0
908792,0
908793,0
908794,0
908795,0
908796,0
908797,0
908798,42
908799,0
908800,0
908801,26
908802,0
908803,0
908804,0
908805,44
908806,0
908807,0
908808,0
908809,53
908810,0
908811,0
908812,0
908813,0
908814,0
908815,0
908816,0
908817,0
908818,0
908819,0
908820,0
908821,0
908822,0
908823,0
908824,0
908825,21
908826,47
908827,33
908828,41
908829,0
908830,0
908831,0
908832,0
908833,0
908834,34
908835,0
908836,0
908837,0
908838,0
908839,0
908840,0
908841,0
908842,0
908843,0
908844,0
908845,0
908846,0
908847,0
908848,35
908849,0
908850,43
908851,0
908852,0
908853,0
908854,0
908855,0
908856,29
908857,0
908858,0
908859,0
908860,0
908861,0
908862,0
908863,0
908864,36
908865,0
908866,0
908867,27
908868,0
908869,0
908870,0
908871,0
908872,0
908873,0
908874,0
908875,0
908876,38
908877,0
908878,0
908879,0
908880,0
908881,0
908882,0
908883,0
908884,0
908885,0
908886,0
908887,0
908888,43
908889,0
908890,42
908891,0
908892,0
908893,0
908894,37
908895,0
908896,0
908897,45
908898,0
908899,31
908900,0
908901,22
908902,0
908903,0
908904,0
908905,0
908906,0
908907,0
908908,0
908909,0
908910,0
908911,0
908912,0
908913,0
908914,0
908915,0
908916,0
908917,0
908918,0
908919,0
908920,0
908921,0
908922,39
908923,56
908924,0
908925,0
908926,43
908927,42
908928,0
908929,0
908930,44
908931,0
908932,0
908933,0
908934,0
908935,0
908936,0
908937,0
908938,0
908939,0
908940,43
908941,0
908942,0
908943,0
908944,0
908945,0
908946,0
908947,0
908948,0
908949,0
908950,0
908951,0
908952,0
908953,0
908954,0
908955,0
908956,0
908957,0
908958,0
908959,31
908960,0
908961,0
908962,0
908963,41
908964,0
908965,0
908966,0
908967,0
908968,0
908969,0
908970,0
908971,0
908972,0
908973,0
908974,0
908975,44
908976,0
908977,0
908978,0
908979,38
908980,36
908981,0
908982,0
908983,0
908984,0
908985,0
908986,0
908987,0
908988,0
908989,0
908990,0
908991,41
908992,0
908993,32
908994,0
908995,0
908996,0
908997,0
908998,0
908999,0
909000,44
909001,0
909002,0
909003,0
909004,36
909005,33
909006,0
909007,0
909008,0
909009,0
909010,0
909011,0
909012,34
909013,0
909014,33
909015,26
909016,0
909017,34
909018,28
909019,34
909020,0
909021,0
909022,28
909023,0
909024,0
909025,34
909026,0
909027,0
909028,0
909029,50
909030,0
909031,39
909032,0
909033,25
909034,0
909035,35
909036,0
909037,0
909038,0
909039,0
909040,0
909041,0
909042,0
909043,0
909044,22
909045,44
909046,0
909047,0
909048,0
909049,0
909050,0
909051,0
909052,33
909053,0
909054,0
909055,0
909056,0
909057,0
909058,0
909059,0
909060,44
909061,0
909062,0
909063,0
909064,37
909065,0
909066,0
909067,0
909068,41
909069,0
909070,0
909071,0
909072,0
909073,0
909074,0
909075,38
909076,25
909077,0
909078,0
909079,33
909080,0
909081,0
909082,0
909083,0
909084,0
909085,0
909086,0
909087,0
909088,32
909089,0
909090,0
909091,0
909092,0
909093,0
909094,34
909095,41
909096,0
909097,52
909098,0
909099,0
909100,0
909101,0
909102,0
909103,0
909104,35
909105,0
909106,0
909107,0
909108,0
909109,0
909110,0
909111,19
909112,0
909113,0
909114,0
909115,0
909116,0
909117,0
909118,0
909119,35
909120,47
909121,0
909122,34
909123,0
909124,0
909125,0
909126,45
909127,0
909128,0
909129,0
909130,0
909131,33
909132,0
909133,0
909134,0
909135,0
909136,0
909137,34
909138,28
909139,25
909140,0
909141,0
909142,0
909143,0
909144,0
909145,0
909146,0
909147,0
909148,43
909149,0
909150,0
909151,0
909152,0
909153,0
909154,0
909155,0
909156,0
909157,0
909158,39
909159,0
909160,0
909161,0
909162,0
909163,0
909164,39
909165,0
909166,0
909167,0
909168,41
909169,0
909170,56
909171,0
909172,35
909173,0
909174,42
909175,0
909176,0
909177,0
909178,0
909179,0
909180,0
909181,0
909182,0
909183,0
909184,0
909185,0
909186,0
909187,0
909188,0
909189,0
909190,0
909191,0
909192,0
909193,0
909194,0
909195,0
909196,0
909197,0
909198,0
909199,0
909200,0
909201,0
909202,0
909203,0
909204,0
909205,0
909206,0
909207,0
909208,0
909209,0
909210,0
909211,0
909212,0
909213,0
909214,0
909215,0
909216,0
909217,0
909218,0
909219,0
909220,0
909221,0
909222,0
909223,0
909224,0
909225,0
909226,0
909227,0
909228,0
909229,0
909230,0
909231,0
909232,0
909233,0
909234,0
909235,0
909236,0
909237,0
909238,0
909239,0
909240,0
909241,0
909242,0
909243,0
909244,0
909245,0
909246,0
909247,0
909248,0
909249,0
909250,0
909251,0
909252,0
909253,0
909254,0
909255,0
909256,0
909257,0
909258,0
909259,0
909260,0
909261,0
909262,0
909263,0
909264,0
909265,1
909266,0
909267,0
909268,0
909269,0
909270,0
909271,0
909272,0
909273,0
909274,0
909275,0
909276,0
909277,0
909278,0
909279,0
909280,0
909281,0
909282,0
909283,0
909284,0
909285,0
909286,0
909287,0
909288,0
909289,0
909290,0
909291,0
909292,0
909293,0
909294,0
909295,0
909296,0
909297,0
909298,0
909299,0
909300,0
909301,0
909302,0
909303,0
909304,0
909305,0
909306,0
909307,0
909308,0
909309,0
909310,0
909311,0
909312,0
909313,0
909314,0
909315,0
909316,0
909317,0
909318,0
909319,0
909320,0
909321,0
909322,0
909323,0
909324,0
909325,0
909326,0
909327,0
909328,0
909329,0
909330,0
909331,0
909332,0
909333,0
909334,0
909335,0
909336,0
909337,0
909338,0
909339,0
909340,0
909341,0
909342,0
909343,0
909344,0
909345,0
909346,0
909347,1
909348,0
909349,0
909350,0
909351,0
909352,0
909353,0
909354,0
909355,0
909356,0
909357,0
909358,0
909359,0
909360,0
909361,0
909362,0
909363,0
909364,0
909365,0
909366,0
909367,0
909368,0
909369,0
909370,0
909371,0
909372,0
909373,0
909374,0
909375,0
909376,0
909377,0
909378,0
909379,0
909380,0
909381,0
909382,0
909383,0
909384,0
909385,0
909386,0
909387,0
909388,0
909389,0
909390,0
909391,0
909392,0
909393,0
909394,0
909395,0
909396,0
909397,0
909398,0
909399,0
909400,0
909401,0
909402,0
909403,0
909404,0
909405,0
909406,0
909407,0
909408,0
909409,0
909410,0
909411,0
909412,0
909413,0
909414,0
909415,0
909416,0
909417,0
909418,0
909419,0
909420,0
909421,0
909422,0
909423,0
909424,0
909425,0
909426,0
909427,0
909428,0
909429,0
909430,0
909431,0
909432,0
909433,0
909434,0
909435,0
909436,0
909437,0
909438,0
909439,0
909440,0
909441,0
909442,0
909443,0
909444,0
909445,0
909446,0
909447,0
909448,0
909449,0
909450,0
909451,0
909452,0
909453,0
909454,0
909455,0
909456,0
909457,0
909458,0
909459,0
909460,0
909461,0
909462,0
909463,0
909464,0
909465,0
909466,0
909467,0
909468,0
909469,0
909470,0
909471,0
909472,0
909473,0
909474,0
909475,1
909476,0
909477,0
909478,0
909479,0
909480,0
909481,0
909482,0
909483,0
909484,0
909485,0
909486,0
909487,0
909488,0
909489,0
909490,0
909491,0
909492,0
909493,0
909494,0
909495,0
909496,0
909497,0
909498,0
909499,0
909500,0
909501,0
909502,0
909503,0
909504,0
909505,0
909506,0
909507,0
909508,0
909509,0
909510,0
909511,0
909512,0
909513,0
909514,0
909515,0
909516,0
909517,0
909518,0
909519,0
909520,0
909521,0
909522,0
909523,0
909524,0
909525,0
909526,0
909527,0
909528,0
909529,0
909530,0
909531,0
909532,0
909533,0
909534,0
909535,0
909536,0
909537,0
909538,0
909539,0
909540,0
909541,0
909542,0
909543,0
909544,0
909545,0
909546,0
909547,0
909548,0
909549,0
909550,0
909551,0
909552,0
909553,0
909554,0
909555,0
909556,0
909557,0
909558,0
909559,0
909560,0
909561,0
909562,0
909563,0
909564,0
909565,0
909566,0
909567,0
909568,0
909569,0
909570,0
909571,0
909572,0
909573,0
909574,0
909575,0
909576,0
909577,0
909578,0
909579,0
909580,0
909581,0
909582,0
909583,0
909584,0
909585,0
909586,0
909587,0
909588,0
909589,0
909590,0
909591,0
909592,0
909593,0
909594,0
909595,0
909596,0
909597,0
909598,0
909599,0
909600,0
909601,0
909602,0
909603,0
909604,0
909605,0
909606,0
909607,0
909608,0
909609,0
909610,0
909611,0
909612,0
909613,0
909614,0
909615,0
909616,0
909617,0
909618,0
909619,0
909620,0
909621,0
909622,0
909623,0
909624,0
909625,0
909626,0
909627,0
909628,0
909629,0
909630,0
909631,0
909632,0
909633,0
909634,0
909635,0
909636,0
909637,0
909638,0
909639,0
909640,0
909641,0
909642,0
909643,0
909644,0
909645,0
909646,0
909647,0
909648,0
909649,0
909650,0
909651,0
909652,0
909653,0
909654,0
909655,0
909656,0
909657,0
909658,0
909659,0
909660,0
909661,0
909662,0
909663,0
909664,0
909665,0
909666,0
909667,0
909668,0
909669,0
909670,0
909671,0
909672,0
909673,0
909674,0
909675,0
909676,0
909677,0
909678,0
909679,0
909680,0
909681,0
909682,0
909683,0
909684,0
909685,0
909686,0
909687,0
909688,0
909689,0
909690,0
909691,0
909692,0
909693,0
909694,0
909695,0
909696,0
909697,0
909698,0
909699,0
909700,0
909701,0
909702,0
909703,0
909704,0
909705,0
909706,0
909707,0
909708,0
909709,0
909710,0
909711,0
909712,0
909713,0
909714,0
909715,0
909716,0
909717,0
909718,0
909719,0
909720,0
909721,0
909722,0
909723,0
909724,0
909725,0
909726,0
909727,0
909728,0
909729,0
909730,0
909731,0
909732,0
909733,0
909734,0
909735,0
909736,0
909737,0
909738,0
909739,0
909740,0
909741,0
909742,0
909743,0
909744,0
909745,0
909746,0
909747,0
909748,0
909749,0
909750,0
909751,0
909752,0
909753,1
909754,0
909755,0
909756,0
909757,0
909758,0
909759,0
909760,0
909761,0
909762,0
909763,0
909764,0
909765,0
909766,0
909767,0
909768,0
909769,0
909770,0
909771,0
909772,0
909773,0
909774,0
909775,0
909776,0
909777,0
909778,0
909779,0
909780,0
909781,0
909782,0
909783,0
909784,0
909785,0
909786,0
909787,0
909788,0
909789,0
909790,0
909791,0
909792,0
909793,0
909794,0
909795,0
909796,0
909797,0
909798,0
909799,0
909800,0
909801,0
909802,0
909803,0
909804,0
909805,0
909806,0
909807,0
909808,0
909809,0
909810,0
909811,0
909812,0
909813,0
909814,0
909815,0
909816,0
909817,0
909818,0
909819,0
909820,0
909821,0
909822,0
909823,0
909824,0
909825,0
909826,0
909827,0
909828,0
909829,0
909830,0
909831,0
909832,0
909833,0
909834,0
909835,0
909836,0
909837,0
909838,0
909839,0
909840,0
909841,0
909842,0
909843,0
909844,20
909845,0
909846,0
909847,0
909848,0
909849,0
909850,0
909851,0
909852,0
909853,19
909854,0
909855,0
909856,0
909857,0
909858,0
909859,41
909860,0
909861,0
909862,17
909863,0
909864,0
909865,0
909866,0
909867,0
909868,41
909869,0
909870,0
909871,26
909872,23
909873,0
909874,0
909875,0
909876,58
909877,0
909878,0
909879,0
909880,0
909881,0
909882,0
909883,0
909884,0
909885,41
909886,0
909887,0
909888,0
909889,0
909890,41
909891,0
909892,0
909893,37
909894,0
909895,0
909896,0
909897,0
909898,0
909899,0
909900,0
909901,0
909902,0
909903,32
909904,27
909905,0
909906,0
909907,0
909908,0
909909,0
909910,19
909911,0
909912,0
909913,0
909914,0
909915,0
909916,0
909917,0
909918,0
909919,0
909920,0
909921,29
909922,0
909923,30
909924,0
909925,0
909926,0
909927,0
909928,0
909929,31
909930,0
909931,0
909932,26
909933,0
909934,0
909935,0
909936,0
909937,0
909938,0
909939,29
909940,39
909941,0
909942,30
909943,26
909944,0
909945,14
909946,41
909947,0
909948,46
909949,0
909950,0
909951,0
909952,0
909953,0
909954,0
909955,0
909956,0
909957,0
909958,0
909959,0
909960,0
909961,0
909962,0
909963,27
909964,0
909965,0
909966,0
909967,0
909968,0
909969,0
909970,0
909971,39
909972,0
909973,0
909974,0
909975,0
909976,0
909977,0
909978,0
909979,0
909980,25
909981,0
909982,0
909983,0
909984,0
909985,0
909986,0
909987,0
909988,20
909989,0
909990,0
909991,0
909992,19
909993,0
909994,0
909995,0
909996,0
909997,25
909998,0
909999,0
910000,0
910001,0
910002,0
910003,0
910004,0
910005,31
910006,0
910007,0
910008,0
910009,14
910010,0
910011,0
910012,0
910013,0
910014,0
910015,0
910016,0
910017,0
910018,0
910019,0
910020,31
910021,0
910022,0
910023,23
910024,0
910025,0
910026,0
910027,0
910028,0
910029,19
910030,0
910031,0
910032,23
910033,0
910034,0
910035,0
910036,0
910037,0
910038,0
910039,0
910040,0
910041,0
910042,0
910043,13
910044,0
910045,0
910046,0
910047,0
910048,0
910049,0
910050,0
910051,0
910052,25
910053,0
910054,19
910055,0
910056,0
910057,0
910058,36
910059,0
910060,0
910061,0
910062,42
910063,0
910064,35
910065,0
910066,0
910067,0
910068,0
910069,0
910070,0
910071,0
910072,0
910073,0
910074,0
910075,0
910076,46
910077,0
910078,23
910079,40
910080,11
910081,0
910082,0
910083,0
910084,0
910085,0
910086,0
910087,0
910088,0
910089,36
910090,0
910091,37
910092,0
910093,0
910094,0
910095,32
910096,30
910097,0
910098,0
910099,0
910100,0
910101,15
910102,0
910103,17
910104,0
910105,46
910106,0
910107,0
910108,0
910109,17
910110,20
910111,0
910112,0
910113,0
910114,37
910115,0
910116,0
910117,21
910118,0
910119,0
910120,27
910121,0
910122,30
910123,0
910124,0
910125,44
910126,0
910127,27
910128,28
910129,0
910130,0
910131,0
910132,0
910133,0
910134,0
910135,24
910136,0
910137,0
910138,0
910139,0
910140,0
910141,0
910142,0
910143,0
910144,0
910145,0
910146,0
910147,0
910148,0
910149,27
910150,0
910151,0
910152,0
910153,32
910154,0
910155,0
910156,0
910157,0
910158,0
910159,14
910160,0
910161,0
910162,0
910163,0
910164,0
910165,21
910166,0
910167,0
910168,0
910169,0
910170,0
910171,0
910172,30
910173,0
910174,0
910175,39
910176,0
910177,0
910178,20
910179,0
910180,0
910181,0
910182,0
910183,0
910184,0
910185,0
910186,0
910187,0
910188,0
910189,0
910190,0
910191,0
910192,0
910193,0
910194,0
910195,0
910196,0
910197,43
910198,0
910199,0
910200,0
910201,52
910202,0
910203,0
910204,0
910205,0
910206,0
910207,0
910208,0
910209,0
910210,0
910211,0
910212,0
910213,0
910214,0
910215,36
910216,0
910217,21
910218,0
910219,0
910220,0
910221,0
910222,0
910223,30
910224,0
910225,0
910226,0
910227,0
910228,0
910229,0
910230,0
910231,0
910232,39
910233,0
910234,0
910235,0
910236,0
910237,0
910238,0
910239,0
910240,0
910241,38
910242,37
910243,0
910244,0
910245,0
910246,0
910247,0
910248,39
910249,0
910250,0
910251,37
910252,30
910253,0
910254,0
910255,0
910256,0
910257,17
910258,0
910259,0
910260,0
910261,0
910262,0
910263,0
910264,0
910265,30
910266,0
910267,0
910268,0
910269,0
910270,0
910271,40
910272,0
910273,0
910274,29
910275,0
910276,14
910277,0
910278,0
910279,0
910280,0
910281,0
910282,0
910283,33
910284,26
910285,0
910286,0
910287,0
910288,0
910289,0
910290,0
910291,0
910292,0
910293,18
910294,0
910295,0
910296,0
910297,0
910298,0
910299,0
910300,0
910301,0
910302,0
910303,0
910304,0
910305,30
910306,0
910307,0
910308,0
910309,0
910310,0
910311,0
910312,0
910313,33
910314,19
910315,0
910316,0
910317,0
910318,0
910319,0
910320,0
910321,0
910322,0
910323,0
910324,0
910325,0
910326,0
910327,0
910328,0
910329,0
910330,0
910331,31
910332,0
910333,0
910334,0
910335,20
910336,0
910337,0
910338,29
910339,20
910340,0
910341,0
910342,0
910343,0
910344,0
910345,0
910346,0
910347,0
910348,0
910349,0
910350,38
910351,0
910352,45
910353,0
910354,0
910355,0
910356,0
910357,0
910358,0
910359,0
910360,23
910361,0
910362,0
910363,0
910364,0
910365,0
910366,0
910367,0
910368,37
910369,0
910370,0
910371,0
910372,0
910373,0
910374,17
910375,0
910376,0
910377,0
910378,0
910379,53
910380,0
910381,0
910382,0
910383,0
910384,0
910385,0
910386,0
910387,24
910388,30
910389,42
910390,0
910391,0
910392,0
910393,0
910394,10
910395,18
910396,0
910397,0
910398,0
910399,0
910400,0
910401,0
910402,0
910403,0
910404,0
910405,28
910406,0
910407,0
910408,0
910409,0
910410,0
910411,0
910412,0
910413,0
910414,0
910415,0
910416,0
910417,0
910418,0
910419,0
910420,29
910421,0
910422,42
910423,0
910424,0
910425,0
910426,0
910427,25
910428,32
910429,0
910430,0
910431,0
910432,36
910433,0
910434,0
910435,22
910436,0
910437,0
910438,22
910439,0
910440,0
910441,0
910442,25
910443,0
910444,0
910445,0
910446,0
910447,0
910448,0
910449,0
910450,15
910451,19
910452,27
910453,0
910454,18
910455,0
910456,0
910457,0
910458,21
910459,0
910460,27
910461,0
910462,0
910463,0
910464,0
910465,25
910466,0
910467,0
910468,0
910469,0
910470,78
910471,0
910472,0
910473,20
910474,0
910475,0
910476,0
910477,0
910478,0
910479,0
910480,0
910481,0
910482,0
910483,0
910484,0
910485,0
910486,42
910487,0
910488,0
910489,0
910490,0
910491,39
910492,0
910493,0
910494,0
910495,18
910496,0
910497,21
910498,0
910499,0
910500,0
910501,26
910502,0
910503,0
910504,0
910505,0
910506,0
910507,0
910508,0
910509,0
910510,0
910511,0
910512,0
910513,0
910514,0
910515,0
910516,32
910517,0
910518,0
910519,0
910520,17
910521,0
910522,0
910523,26
910524,22
910525,0
910526,0
910527,0
910528,0
910529,0
910530,0
910531,0
910532,0
910533,0
910534,0
910535,0
910536,0
910537,0
910538,0
910539,0
910540,0
910541,0
910542,0
910543,0
910544,0
910545,0
910546,0
910547,0
910548,0
910549,28
910550,0
910551,0
910552,0
910553,0
910554,0
910555,0
910556,0
910557,0
910558,0
910559,0
910560,0
910561,26
910562,0
910563,0
910564,34
910565,0
910566,20
910567,0
910568,0
910569,29
910570,0
910571,0
910572,0
910573,0
910574,0
910575,29
910576,35
910577,0
910578,0
910579,0
910580,0
910581,0
910582,0
910583,0
910584,0
910585,0
910586,0
910587,0
910588,0
910589,0
910590,0
910591,25
910592,37
910593,0
910594,0
910595,0
910596,0
910597,0
910598,0
910599,0
910600,34
910601,0
910602,0
910603,0
910604,0
910605,0
910606,0
910607,0
910608,0
910609,19
910610,0
910611,20
910612,0
910613,31
910614,0
910615,0
910616,0
910617,0
910618,0
910619,0
910620,0
910621,35
910622,0
910623,0
910624,0
910625,33
910626,0
910627,0
910628,23
910629,0
910630,24
910631,0
910632,37
910633,0
910634,0
910635,0
910636,35
910637,0
910638,26
910639,0
910640,0
910641,0
910642,25
910643,0
910644,0
910645,0
910646,0
910647,0
910648,0
910649,0
910650,39
910651,0
910652,0
910653,18
910654,20
910655,0
910656,33
910657,44
910658,0
910659,0
910660,16
910661,0
910662,0
910663,37
910664,29
910665,0
910666,27
910667,0
910668,0
910669,0
910670,0
910671,0
910672,0
910673,0
910674,0
910675,0
910676,0
910677,0
910678,28
910679,0
910680,0
910681,0
910682,0
910683,0
910684,0
910685,0
910686,0
910687,0
910688,22
910689,0
910690,23
910691,0
910692,21
910693,23
910694,0
910695,0
910696,0
910697,0
910698,24
910699,39
910700,33
910701,34
910702,0
910703,0
910704,0
910705,0
910706,0
910707,0
910708,0
910709,0
910710,0
910711,0
910712,0
910713,0
910714,0
910715,0
910716,0
910717,0
910718,0
910719,32
910720,0
910721,0
910722,0
910723,34
910724,0
910725,0
910726,0
910727,0
910728,0
910729,0
910730,0
910731,0
910732,0
910733,0
910734,0
910735,0
910736,0
910737,0
910738,0
910739,0
910740,0
910741,0
910742,0
910743,0
910744,0
910745,34
910746,0
910747,0
910748,0
910749,0
910750,31
910751,0
910752,38
910753,31
910754,0
910755,0
910756,0
910757,0
910758,23
910759,0
910760,25
910761,0
910762,0
910763,0
910764,0
910765,0
910766,0
910767,0
910768,0
910769,0
910770,0
910771,0
910772,0
910773,0
910774,0
910775,0
910776,0
910777,0
910778,0
910779,28
910780,30
910781,0
910782,0
910783,0
910784,0
910785,0
910786,0
910787,30
910788,0
910789,35
910790,0
910791,0
910792,29
910793,0
910794,0
910795,0
910796,0
910797,26
910798,0
910799,0
910800,0
910801,0
910802,0
910803,0
910804,0
910805,0
910806,0
910807,0
910808,28
910809,0
910810,0
910811,0
910812,30
910813,0
910814,0
910815,0
910816,21
910817,0
910818,0
910819,0
910820,0
910821,0
910822,0
910823,0
910824,0
910825,0
910826,0
910827,32
910828,0
910829,0
910830,0
910831,0
910832,0
910833,0
910834,0
910835,0
910836,0
910837,0
910838,0
910839,21
910840,0
910841,39
910842,26
910843,31
910844,0
910845,30
910846,0
910847,0
910848,0
910849,0
910850,0
910851,0
910852,35
910853,25
910854,0
910855,32
910856,0
910857,0
910858,0
910859,0
910860,0
910861,0
910862,24
910863,0
910864,0
910865,0
910866,32
910867,0
910868,31
910869,0
910870,0
910871,0
910872,0
910873,0
910874,0
910875,0
910876,0
910877,0
910878,0
910879,0
910880,0
910881,0
910882,0
910883,0
910884,18
910885,0
910886,30
910887,0
910888,0
910889,0
910890,0
910891,0
910892,0
910893,0
910894,30
910895,0
910896,0
910897,24
910898,28
910899,28
910900,41
910901,0
910902,28
910903,0
910904,38
910905,0
910906,23
910907,0
910908,0
910909,33
910910,0
910911,0
910912,21
910913,0
910914,0
910915,0
910916,24
910917,23
910918,0
910919,0
910920,0
910921,0
910922,0
910923,0
910924,0
910925,35
910926,37
910927,18
910928,0
910929,0
910930,0
910931,0
910932,0
910933,0
910934,0
910935,0
910936,37
910937,25
910938,0
910939,0
910940,0
910941,0
910942,0
910943,34
910944,0
910945,0
910946,0
910947,37
910948,29
910949,0
910950,0
910951,0
910952,0
910953,0
910954,0
910955,0
910956,0
910957,0
910958,0
910959,0
910960,0
910961,0
910962,0
910963,0
910964,0
910965,28
910966,17
910967,0
910968,0
910969,34
910970,0
910971,0
910972,0
910973,0
910974,0
910975,0
910976,0
910977,0
910978,0
910979,31
910980,0
910981,0
910982,0
910983,0
910984,0
910985,0
910986,0
910987,27
910988,0
910989,33
910990,0
910991,0
910992,39
910993,0
910994,0
910995,0
910996,0
910997,36
910998,0
910999,24
911000,0
911001,0
911002,0
911003,0
911004,0
911005,0
911006,0
911007,0
911008,0
911009,0
911010,0
911011,0
911012,0
911013,23
911014,0
911015,27
911016,0
911017,0
911018,0
911019,0
911020,0
911021,0
911022,0
911023,0
911024,0
911025,0
911026,0
911027,0
911028,0
911029,32
911030,0
911031,33
911032,0
911033,0
911034,0
911035,0
911036,0
911037,26
911038,0
911039,0
911040,0
911041,0
911042,0
911043,0
911044,35
911045,0
911046,0
911047,22
911048,0
911049,0
911050,0
911051,0
911052,0
911053,24
911054,0
911055,24
911056,15
911057,25
911058,0
911059,0
911060,0
911061,20
911062,0
911063,0
911064,0
911065,0
911066,30
911067,0
911068,0
911069,0
911070,0
911071,37
911072,0
911073,0
911074,0
911075,0
911076,0
911077,0
911078,0
911079,0
911080,0
911081,0
911082,0
911083,0
911084,0
911085,0
911086,0
911087,0
911088,0
911089,0
911090,31
911091,0
911092,0
911093,0
911094,0
911095,0
911096,0
911097,22
911098,32
911099,35
911100,0
911101,0
911102,0
911103,0
911104,0
911105,0
911106,0
911107,0
911108,0
911109,0
911110,27
911111,0
911112,23
911113,0
911114,0
911115,0
911116,0
911117,0
911118,0
911119,19
911120,0
911121,0
911122,0
911123,0
911124,0
911125,0
911126,0
911127,25
911128,0
911129,0
911130,0
911131,0
911132,35
911133,0
911134,0
911135,0
911136,0
911137,0
911138,25
911139,27
911140,0
911141,0
911142,33
911143,0
911144,23
911145,0
911146,0
911147,25
911148,0
911149,0
911150,0
911151,0
911152,0
911153,0
911154,48
911155,0
911156,0
911157,0
911158,0
911159,0
911160,0
911161,0
911162,0
911163,0
911164,0
911165,0
911166,0
911167,0
911168,29
911169,36
911170,0
911171,36
911172,0
911173,0
911174,0
911175,0
911176,0
911177,25
911178,0
911179,0
911180,0
911181,0
911182,29
911183,0
911184,0
911185,18
911186,0
911187,0
911188,27
911189,0
911190,0
911191,0
911192,32
911193,34
911194,0
911195,0
911196,0
911197,0
911198,0
911199,0
911200,0
911201,0
911202,0
911203,0
911204,1
911205,0
911206,0
911207,0
911208,0
911209,0
911210,0
911211,0
911212,0
911213,0
911214,0
911215,0
911216,0
911217,4
911218,0
911219,0
911220,0
911221,0
911222,0
911223,0
911224,0
911225,0
911226,0
911227,0
911228,0
911229,0
911230,0
911231,0
911232,0
911233,0
911234,0
911235,0
911236,0
911237,0
911238,0
911239,0
911240,0
911241,0
911242,1
911243,0
911244,0
911245,0
911246,0
911247,0
911248,0
911249,0
911250,0
911251,3
911252,0
911253,0
911254,0
911255,0
911256,1
911257,0
911258,0
911259,0
911260,3
911261,0
911262,0
911263,2
911264,0
911265,0
911266,0
911267,0
911268,0
911269,0
911270,0
911271,0
911272,0
911273,0
911274,0
911275,0
911276,0
911277,0
911278,0
911279,0
911280,0
911281,0
911282,0
911283,0
911284,0
911285,0
911286,0
911287,0
911288,0
911289,0
911290,0
911291,0
911292,0
911293,3
911294,0
911295,0
911296,0
911297,0
911298,0
911299,8
911300,0
911301,0
911302,0
911303,0
911304,0
911305,0
911306,0
911307,0
911308,5
911309,0
911310,0
911311,0
911312,0
911313,0
911314,0
911315,0
911316,0
911317,0
911318,0
911319,2
911320,0
911321,1
911322,1
911323,3
911324,0
911325,0
911326,0
911327,0
911328,0
911329,0
911330,0
911331,0
911332,3
911333,0
911334,0
911335,0
911336,3
911337,0
911338,0
911339,0
911340,3
911341,0
911342,0
911343,0
911344,0
911345,0
911346,0
911347,0
911348,0
911349,0
911350,0
911351,0
911352,4
911353,0
911354,0
911355,0
911356,0
911357,0
911358,0
911359,0
911360,0
911361,0
911362,0
911363,0
911364,0
911365,0
911366,4
911367,0
911368,0
911369,0
911370,0
911371,0
911372,0
911373,0
911374,0
911375,0
911376,0
911377,0
911378,0
911379,0
911380,0
911381,4
911382,0
911383,0
911384,0
911385,0
911386,0
911387,0
911388,0
911389,0
911390,1
911391,0
911392,0
911393,1
911394,0
911395,0
911396,0
911397,0
911398,0
911399,0
911400,0
911401,0
911402,0
911403,0
911404,0
911405,0
911406,3
911407,0
911408,2
911409,0
911410,0
911411,0
911412,0
911413,0
911414,0
911415,0
911416,0
911417,0
911418,0
911419,0
911420,0
911421,0
911422,0
911423,0
911424,0
911425,0
911426,0
911427,0
911428,0
911429,0
911430,0
911431,0
911432,0
911433,0
911434,0
911435,2
911436,0
911437,1
911438,0
911439,0
911440,0
911441,0
911442,0
911443,0
911444,0
911445,0
911446,0
911447,0
911448,2
911449,0
911450,0
911451,0
911452,0
911453,0
911454,0
911455,1
911456,0
911457,0
911458,0
911459,0
911460,0
911461,0
911462,0
911463,0
911464,0
911465,0
911466,0
911467,0
911468,0
911469,0
911470,0
911471,3
911472,0
911473,0
911474,0
911475,0
911476,0
911477,6
911478,0
911479,0
911480,0
911481,0
911482,0
911483,0
911484,0
911485,0
911486,3
911487,0
911488,0
911489,0
911490,0
911491,0
911492,0
911493,0
911494,0
911495,0
911496,0
911497,1
911498,0
911499,0
911500,0
911501,0
911502,0
911503,0
911504,0
911505,0
911506,0
911507,0
911508,0
911509,0
911510,0
911511,0
911512,0
911513,0
911514,0
911515,0
911516,0
911517,0
911518,0
911519,0
911520,0
911521,0
911522,0
911523,0
911524,0
911525,0
911526,0
911527,0
911528,0
911529,0
911530,2
911531,0
911532,0
911533,0
911534,0
911535,0
911536,0
911537,0
911538,0
911539,0
911540,0
911541,0
911542,0
911543,0
911544,0
911545,0
911546,0
911547,0
911548,0
911549,0
911550,0
911551,1
911552,0
911553,0
911554,0
911555,0
911556,0
911557,0
911558,0
911559,0
911560,0
911561,0
911562,0
911563,0
911564,0
911565,0
911566,0
911567,0
911568,2
911569,0
911570,0
911571,0
911572,0
911573,0
911574,0
911575,0
911576,0
911577,0
911578,0
911579,0
911580,0
911581,0
911582,2
911583,0
911584,0
911585,0
911586,0
911587,0
911588,0
911589,8
911590,0
911591,10
911592,0
911593,8
911594,0
911595,0
911596,0
911597,0
911598,0
911599,7
911600,0
911601,0
911602,0
911603,0
911604,0
911605,0
911606,0
911607,0
911608,0
911609,0
911610,0
911611,0
911612,0
911613,0
911614,0
911615,7
911616,0
911617,0
911618,0
911619,0
911620,0
911621,0
911622,7
911623,0
911624,0
911625,0
911626,10
911627,9
911628,0
911629,0
911630,0
911631,7
911632,0
911633,2
911634,0
911635,0
911636,0
911637,0
911638,0
911639,0
911640,0
911641,5
911642,0
911643,0
911644,0
911645,0
911646,6
911647,0
911648,0
911649,0
911650,0
911651,0
911652,8
911653,4
911654,0
911655,0
911656,0
911657,3
911658,0
911659,0
911660,0
911661,0
911662,10
911663,0
911664,0
911665,0
911666,0
911667,8
911668,9
911669,0
911670,8
911671,8
911672,0
911673,0
911674,0
911675,0
911676,0
911677,0
911678,0
911679,0
911680,0
911681,0
911682,0
911683,0
911684,0
911685,0
911686,0
911687,9
911688,0
911689,0
911690,2
911691,0
911692,8
911693,0
911694,0
911695,0
911696,0
911697,0
911698,0
911699,9
911700,0
911701,0
911702,0
911703,0
911704,0
911705,0
911706,11
911707,0
911708,0
911709,0
911710,0
911711,9
911712,9
911713,0
911714,0
911715,0
911716,0
911717,0
911718,0
911719,10
911720,10
911721,0
911722,0
911723,0
911724,0
911725,0
911726,0
911727,0
911728,0
911729,0
911730,0
911731,0
911732,10
911733,6
911734,3
911735,0
911736,10
911737,0
911738,0
911739,0
911740,0
911741,0
911742,0
911743,7
911744,0
911745,6
911746,0
911747,0
911748,0
911749,0
911750,11
911751,0
911752,0
911753,0
911754,0
911755,0
911756,0
911757,10
911758,0
911759,0
911760,0
911761,0
911762,10
911763,0
911764,7
911765,0
911766,0
911767,0
911768,5
911769,0
911770,0
911771,11
911772,0
911773,0
911774,0
911775,0
911776,0
911777,0
911778,0
911779,0
911780,0
911781,8
911782,0
911783,0
911784,0
911785,12
911786,0
911787,0
911788,0
911789,11
911790,15
911791,0
911792,0
911793,0
911794,0
911795,0
911796,0
911797,0
911798,0
911799,0
911800,0
911801,8
911802,0
911803,0
911804,0
911805,12
911806,0
911807,0
911808,0
911809,0
911810,12
911811,10
911812,5
911813,0
911814,0
911815,0
911816,0
911817,0
911818,0
911819,0
911820,0
911821,0
911822,0
911823,0
911824,0
911825,0
911826,0
911827,5
911828,0
911829,0
911830,8
911831,0
911832,0
911833,0
911834,0
911835,0
911836,0
911837,0
911838,0
911839,0
911840,0
911841,0
911842,8
911843,10
911844,0
911845,8
911846,0
911847,0
911848,7
911849,0
911850,0
911851,0
911852,17
911853,0
911854,7
911855,0
911856,0
911857,10
911858,0
911859,0
911860,6
911861,13
911862,0
911863,0
911864,0
911865,0
911866,0
911867,0
911868,0
911869,0
911870,0
911871,0
911872,0
911873,2
911874,0
911875,0
911876,0
911877,6
911878,0
911879,0
911880,0
911881,0
911882,0
911883,0
911884,0
911885,0
911886,0
911887,0
911888,0
911889,0
911890,0
911891,0
911892,0
911893,0
911894,0
911895,0
911896,0
911897,0
911898,0
911899,0
911900,0
911901,0
911902,0
911903,0
911904,0
911905,8
911906,0
911907,9
911908,10
911909,0
911910,0
911911,8
911912,0
911913,0
911914,0
911915,0
911916,0
911917,0
911918,0
911919,0
911920,0
911921,0
911922,0
911923,0
911924,0
911925,0
911926,0
911927,0
911928,0
911929,0
911930,0
911931,0
911932,0
911933,0
911934,0
911935,0
911936,6
911937,0
911938,0
911939,0
911940,12
911941,6
911942,0
911943,0
911944,0
911945,0
911946,0
911947,0
911948,9
911949,8
911950,0
911951,0
911952,0
911953,0
911954,0
911955,0
911956,0
911957,0
911958,0
911959,0
911960,16
911961,0
911962,0
911963,0
911964,0
911965,0
911966,0
911967,6
911968,0
911969,13
911970,0
911971,0
911972,17
911973,3
911974,10
911975,0
911976,0
911977,0
911978,0
911979,10
911980,0
911981,0
911982,0
911983,0
911984,0
911985,0
911986,0
911987,0
911988,11
911989,12
911990,0
911991,0
911992,0
911993,8
911994,0
911995,0
911996,0
911997,0
911998,0
911999,0
912000,0
912001,0
912002,0
912003,7
912004,0
912005,0
912006,9
912007,0
912008,8
912009,0
912010,0
912011,0
912012,11
912013,0
912014,0
912015,0
912016,0
912017,0
912018,0
912019,0
912020,0
912021,0
912022,12
912023,0
912024,0
912025,0
912026,10
912027,11
912028,0
912029,0
912030,0
912031,0
912032,0
912033,0
912034,0
912035,0
912036,0
912037,4
912038,0
912039,10
912040,6
912041,0
912042,0
912043,0
912044,0
912045,0
912046,0
912047,0
912048,0
912049,7
912050,0
912051,0
912052,0
912053,0
912054,3
912055,0
912056,0
912057,0
912058,9
912059,0
912060,0
912061,0
912062,9
912063,0
912064,7
912065,0
912066,0
912067,0
912068,0
912069,0
912070,0
912071,0
912072,10
912073,0
912074,0
912075,0
912076,0
912077,0
912078,0
912079,0
912080,0
912081,0
912082,0
912083,0
912084,5
912085,0
912086,0
912087,0
912088,0
912089,0
912090,0
912091,0
912092,7
912093,0
912094,0
912095,0
912096,0
912097,10
912098,7
912099,0
912100,0
912101,0
912102,0
912103,0
912104,0
912105,10
912106,0
912107,0
912108,0
912109,0
912110,6
912111,0
912112,7
912113,0
912114,0
912115,0
912116,0
912117,0
912118,0
912119,0
912120,0
912121,0
912122,0
912123,0
912124,0
912125,0
912126,6
912127,6
912128,0
912129,0
912130,0
912131,9
912132,0
912133,7
912134,0
912135,0
912136,6
912137,0
912138,0
912139,0
912140,0
912141,0
912142,0
912143,0
912144,0
912145,0
912146,0
912147,0
912148,0
912149,0
912150,0
912151,17
912152,5
912153,0
912154,0
912155,7
912156,0
912157,0
912158,0
912159,0
912160,0
912161,0
912162,4
912163,0
912164,9
912165,0
912166,0
912167,0
912168,0
912169,8
912170,0
912171,0
912172,0
912173,0
912174,0
912175,7
912176,0
912177,9
912178,0
912179,0
912180,0
912181,0
912182,0
912183,0
912184,0
912185,3
912186,0
912187,7
912188,0
912189,13
912190,0
912191,0
912192,0
912193,15
912194,9
912195,7
912196,0
912197,0
912198,0
912199,7
912200,0
912201,10
912202,0
912203,0
912204,0
912205,0
912206,0
912207,10
912208,10
912209,6
912210,0
912211,0
912212,0
912213,0
912214,0
912215,0
912216,0
912217,0
912218,9
912219,0
912220,0
912221,0
912222,11
912223,0
912224,0
912225,0
912226,0
912227,0
912228,0
912229,0
912230,0
912231,0
912232,0
912233,0
912234,0
912235,8
912236,0
912237,0
912238,0
912239,0
912240,0
912241,0
912242,7
912243,0
912244,0
912245,0
912246,7
912247,0
912248,0
912249,0
912250,0
912251,0
912252,0
912253,0
912254,0
912255,0
912256,6
912257,0
912258,0
912259,0
912260,4
912261,0
912262,3
912263,0
912264,0
912265,0
912266,0
912267,0
912268,0
912269,0
912270,0
912271,0
912272,4
912273,0
912274,11
912275,0
912276,0
912277,0
912278,0
912279,0
912280,0
912281,0
912282,0
912283,0
912284,0
912285,0
912286,0
912287,0
912288,0
912289,0
912290,0
912291,0
912292,0
912293,0
912294,0
912295,0
912296,5
912297,0
912298,0
912299,0
912300,0
912301,7
912302,0
912303,12
912304,0
912305,0
912306,0
912307,0
912308,8
912309,0
912310,9
912311,10
912312,0
912313,0
912314,0
912315,0
912316,0
912317,6
912318,0
912319,0
912320,0
912321,0
912322,0
912323,0
912324,0
912325,0
912326,0
912327,0
912328,0
912329,0
912330,0
912331,0
912332,0
912333,0
912334,0
912335,0
912336,0
912337,0
912338,0
912339,9
912340,0
912341,0
912342,0
912343,6
912344,7
912345,0
912346,0
912347,0
912348,0
912349,0
912350,0
912351,0
912352,11
912353,0
912354,0
912355,0
912356,0
912357,0
912358,0
912359,0
912360,0
912361,0
912362,9
912363,13
912364,0
912365,0
912366,0
912367,6
912368,0
912369,0
912370,0
912371,0
912372,0
912373,0
912374,0
912375,16
912376,0
912377,5
912378,0
912379,0
912380,0
912381,0
912382,0
912383,0
912384,0
912385,0
912386,7
912387,0
912388,0
912389,0
912390,0
912391,0
912392,0
912393,0
912394,0
912395,11
912396,0
912397,0
912398,4
912399,9
912400,0
912401,0
912402,0
912403,0
912404,0
912405,0
912406,0
912407,0
912408,0
912409,0
912410,0
912411,0
912412,0
912413,0
912414,0
912415,0
912416,0
912417,10
912418,13
912419,0
912420,0
912421,0
912422,0
912423,0
912424,5
912425,0
912426,0
912427,0
912428,0
912429,12
912430,0
912431,11
912432,0
912433,0
912434,0
912435,0
912436,8
912437,0
912438,0
912439,0
912440,0
912441,11
912442,0
912443,0
912444,0
912445,0
912446,0
912447,11
912448,0
912449,0
912450,0
912451,20
912452,6
912453,9
912454,0
912455,0
912456,9
912457,10
912458,0
912459,0
912460,0
912461,0
912462,0
912463,0
912464,0
912465,0
912466,0
912467,0
912468,0
912469,0
912470,0
912471,0
912472,0
912473,7
912474,0
912475,0
912476,0
912477,0
912478,3
912479,0
912480,0
912481,0
912482,0
912483,0
912484,0
912485,0
912486,0
912487,0
912488,0
912489,0
912490,0
912491,0
912492,0
912493,8
912494,0
912495,3
912496,0
912497,6
912498,0
912499,0
912500,0
912501,9
912502,0
912503,0
912504,0
912505,1
912506,0
912507,0
912508,0
912509,9
912510,0
912511,0
912512,5
912513,0
912514,0
912515,4
912516,4
912517,0
912518,0
912519,3
912520,0
912521,0
912522,0
912523,0
912524,0
912525,0
912526,7
912527,0
912528,0
912529,0
912530,0
912531,0
912532,6
912533,0
912534,0
912535,0
912536,3
912537,0
912538,0
912539,6
912540,0
912541,0
912542,0
912543,0
912544,6
912545,3
912546,0
912547,0
912548,2
912549,0
912550,0
912551,0
912552,0
912553,0
912554,0
912555,0
912556,0
912557,0
912558,4
912559,0
912560,0
912561,0
912562,0
912563,7
912564,0
912565,0
912566,0
912567,0
912568,5
912569,0
912570,0
912571,0
912572,0
912573,0
912574,0
912575,0
912576,0
912577,0
912578,0
912579,0
912580,0
912581,0
912582,2
912583,0
912584,4
912585,0
912586,0
912587,0
912588,0
912589,0
912590,0
912591,0
912592,0
912593,0
912594,5
912595,0
912596,4
912597,0
912598,6
912599,0
912600,6
912601,0
912602,0
912603,0
912604,0
912605,0
912606,0
912607,5
912608,0
912609,0
912610,3
912611,0
912612,0
912613,0
912614,0
912615,0
912616,0
912617,0
912618,0
912619,0
912620,0
912621,0
912622,0
912623,0
912624,0
912625,5
912626,0
912627,0
912628,0
912629,0
912630,8
912631,0
912632,12
912633,0
912634,0
912635,0
912636,0
912637,0
912638,0
912639,0
912640,0
912641,0
912642,0
912643,5
912644,0
912645,0
912646,0
912647,0
912648,0
912649,0
912650,2
912651,0
912652,0
912653,0
912654,0
912655,0
912656,0
912657,0
912658,0
912659,2
912660,0
912661,12
912662,5
912663,0
912664,0
912665,0
912666,8
912667,7
912668,6
912669,0
912670,0
912671,0
912672,0
912673,3
912674,0
912675,9
912676,4
912677,0
912678,4
912679,3
912680,0
912681,0
912682,3
912683,0
912684,0
912685,0
912686,0
912687,0
912688,0
912689,0
912690,0
912691,0
912692,0
912693,3
912694,0
912695,0
912696,0
912697,8
912698,8
912699,0
912700,0
912701,0
912702,6
912703,6
912704,0
912705,0
912706,0
912707,0
912708,0
912709,0
912710,5
912711,0
912712,7
912713,4
912714,0
912715,4
912716,0
912717,6
912718,0
912719,0
912720,2
912721,0
912722,3
912723,0
912724,5
912725,0
912726,0
912727,13
912728,0
912729,0
912730,0
912731,0
912732,0
912733,0
912734,0
912735,0
912736,0
912737,0
912738,7
912739,0
912740,0
912741,10
912742,9
912743,2
912744,0
912745,0
912746,0
912747,0
912748,0
912749,0
912750,0
912751,3
912752,0
912753,6
912754,0
912755,0
912756,0
912757,0
912758,0
912759,0
912760,0
912761,3
912762,0
912763,0
912764,0
912765,0
912766,0
912767,0
912768,7
912769,0
912770,0
912771,0
912772,0
912773,0
912774,6
912775,0
912776,0
912777,0
912778,0
912779,0
912780,4
912781,0
912782,0
912783,0
912784,0
912785,0
912786,0
912787,0
912788,0
912789,0
912790,0
912791,0
912792,0
912793,1
912794,0
912795,0
912796,0
912797,0
912798,0
912799,0
912800,4
912801,0
912802,7
912803,0
912804,0
912805,4
912806,0
912807,0
912808,0
912809,0
912810,0
912811,6
912812,0
912813,7
912814,0
912815,0
912816,0
912817,0
912818,0
912819,0
912820,0
912821,6
912822,0
912823,11
912824,0
912825,0
912826,0
912827,0
912828,0
912829,0
912830,0
912831,0
912832,0
912833,0
912834,12
912835,0
912836,7
912837,0
912838,0
912839,0
912840,0
912841,0
912842,7
912843,9
912844,0
912845,0
912846,0
912847,0
912848,0
912849,5
912850,0
912851,0
912852,0
912853,0
912854,0
912855,0
912856,0
912857,4
912858,0
912859,0
912860,0
912861,10
912862,3
912863,0
912864,4
912865,0
912866,0
912867,13
912868,0
912869,0
912870,8
912871,0
912872,7
912873,7
912874,0
912875,0
912876,0
912877,0
912878,0
912879,0
912880,0
912881,0
912882,9
912883,0
912884,0
912885,0
912886,0
912887,0
912888,0
912889,0
912890,0
912891,0
912892,0
912893,0
912894,0
912895,0
912896,0
912897,0
912898,0
912899,0
912900,0
912901,0
912902,0
912903,0
912904,0
912905,5
912906,0
912907,5
912908,0
912909,0
912910,6
912911,0
912912,0
912913,0
912914,0
912915,0
912916,0
912917,15
912918,0
912919,0
912920,0
912921,0
912922,0
912923,0
912924,0
912925,0
912926,4
912927,0
912928,0
912929,0
912930,0
912931,7
912932,0
912933,0
912934,8
912935,0
912936,0
912937,0
912938,0
912939,0
912940,0
912941,0
912942,0
912943,7
912944,0
912945,0
912946,0
912947,0
912948,0
912949,0
912950,0
912951,0
912952,0
912953,0
912954,0
912955,0
912956,9
912957,0
912958,3
912959,0
912960,6
912961,0
912962,0
912963,0
912964,0
912965,5
912966,0
912967,0
912968,0
912969,5
912970,0
912971,0
912972,0
912973,0
912974,0
912975,0
912976,0
912977,0
912978,0
912979,0
912980,0
912981,0
912982,0
912983,8
912984,0
912985,0
912986,0
912987,0
912988,0
912989,0
912990,0
912991,0
912992,0
912993,0
912994,0
912995,0
912996,0
912997,0
912998,0
912999,7
913000,0
913001,4
913002,0
913003,0
913004,0
913005,0
913006,0
913007,0
913008,0
913009,0
913010,0
913011,0
913012,0
913013,0
913014,0
913015,0
913016,0
913017,0
913018,0
913019,0
913020,0
913021,0
913022,0
913023,0
913024,0
913025,0
913026,0
913027,0
913028,0
913029,0
913030,0
913031,0
913032,0
913033,0
913034,0
913035,0
913036,0
913037,0
913038,0
913039,0
913040,0
913041,0
913042,0
913043,0
913044,0
913045,0
913046,0
913047,0
913048,0
913049,0
913050,0
913051,0
913052,0
913053,0
913054,6
913055,0
913056,0
913057,0
913058,0
913059,0
913060,0
913061,0
913062,0
913063,6
913064,0
913065,0
913066,0
913067,0
913068,0
913069,0
913070,0
913071,0
913072,0
913073,0
913074,0
913075,0
913076,0
913077,0
913078,0
913079,0
913080,8
913081,0
913082,0
913083,0
913084,0
913085,0
913086,0
913087,0
913088,0
913089,0
913090,0
913091,0
913092,0
913093,0
913094,0
913095,0
913096,0
913097,0
913098,0
913099,0
913100,9
913101,0
913102,0
913103,0
913104,0
913105,0
913106,1
913107,0
913108,0
913109,0
913110,0
913111,0
913112,0
913113,0
913114,0
913115,0
913116,0
913117,0
913118,0
913119,0
913120,0
913121,0
913122,0
913123,0
913124,0
913125,0
913126,0
913127,0
913128,0
913129,0
913130,0
913131,0
913132,0
913133,0
913134,0
913135,0
913136,0
913137,0
913138,0
913139,5
913140,0
913141,0
913142,0
913143,0
913144,0
913145,0
913146,0
913147,0
913148,0
913149,0
913150,0
913151,0
913152,0
913153,0
913154,0
913155,0
913156,0
913157,0
913158,0
913159,0
913160,2
913161,0
913162,0
913163,0
913164,0
913165,0
913166,0
913167,0
913168,0
913169,0
913170,0
913171,0
913172,0
913173,0
913174,0
913175,0
913176,0
913177,0
913178,0
913179,0
913180,0
913181,0
913182,0
913183,0
913184,0
913185,0
913186,0
913187,0
913188,0
913189,0
913190,0
913191,0
913192,0
913193,0
913194,0
913195,0
913196,6
913197,0
913198,0
913199,0
913200,7
913201,0
913202,0
913203,0
913204,0
913205,0
913206,0
913207,0
913208,0
913209,0
913210,0
913211,0
913212,0
913213,0
913214,0
913215,0
913216,0
913217,0
913218,0
913219,0
913220,0
913221,0
913222,0
913223,0
913224,0
913225,0
913226,0
913227,0
913228,0
913229,0
913230,0
913231,0
913232,0
913233,0
913234,0
913235,0
913236,0
913237,0
913238,0
913239,0
913240,0
913241,0
913242,0
913243,0
913244,4
913245,0
913246,0
913247,0
913248,0
913249,0
913250,0
913251,0
913252,0
913253,0
913254,0
913255,0
913256,0
913257,0
913258,4
913259,0
913260,0
913261,0
913262,0
913263,0
913264,0
913265,0
913266,0
913267,0
913268,0
913269,0
913270,0
913271,0
913272,0
913273,0
913274,0
913275,0
913276,0
913277,0
913278,0
913279,0
913280,0
913281,0
913282,0
913283,0
913284,0
913285,0
913286,0
913287,10
913288,0
913289,0
913290,0
913291,0
913292,0
913293,1
913294,0
913295,0
913296,0
913297,0
913298,0
913299,0
913300,0
913301,0
913302,7
913303,0
913304,0
913305,0
913306,0
913307,0
913308,0
913309,0
913310,0
913311,0
913312,0
913313,0
913314,0
913315,0
913316,0
913317,0
913318,0
913319,0
913320,0
913321,0
913322,0
913323,0
913324,0
913325,0
913326,0
913327,0
913328,0
913329,0
913330,0
913331,0
913332,0
913333,0
913334,0
913335,6
913336,0
913337,0
913338,0
913339,0
913340,0
913341,0
913342,0
913343,0
913344,0
913345,0
913346,0
913347,0
913348,0
913349,0
913350,0
913351,0
913352,0
913353,5
913354,0
913355,0
913356,0
913357,0
913358,0
913359,0
913360,0
913361,0
913362,0
913363,0
913364,0
913365,0
913366,7
913367,0
913368,0
913369,0
913370,0
913371,0
913372,0
913373,0
913374,0
913375,0
913376,0
913377,0
913378,0
913379,0
913380,0
913381,0
913382,0
913383,0
913384,0
913385,0
913386,0
913387,0
913388,0
913389,0
913390,0
913391,0
913392,0
913393,0
913394,0
913395,0
913396,0
913397,0
913398,0
913399,4
913400,1
913401,0
913402,0
913403,0
913404,0
913405,0
913406,9
913407,0
913408,0
913409,0
913410,0
913411,0
913412,0
913413,2
913414,0
913415,0
913416,0
913417,0
913418,0
913419,0
913420,0
913421,0
913422,0
913423,0
913424,0
913425,0
913426,0
913427,0
913428,0
913429,0
913430,0
913431,0
913432,0
913433,0
913434,0
913435,0
913436,0
913437,0
913438,0
913439,0
913440,0
913441,0
913442,0
913443,0
913444,0
913445,0
913446,0
913447,0
913448,0
913449,0
913450,0
913451,0
913452,1
913453,0
913454,0
913455,0
913456,0
913457,0
913458,0
913459,0
913460,0
913461,0
913462,0
913463,0
913464,0
913465,0
913466,0
913467,0
913468,0
913469,0
913470,0
913471,0
913472,0
913473,0
913474,0
913475,0
913476,0
913477,0
913478,0
913479,0
913480,0
913481,0
913482,0
913483,0
913484,0
913485,1
913486,0
913487,0
913488,0
913489,0
913490,0
913491,0
913492,0
913493,0
913494,0
913495,0
913496,0
913497,0
913498,0
913499,0
913500,0
913501,0
913502,0
913503,0
913504,0
913505,0
913506,0
913507,0
913508,0
913509,0
913510,0
913511,0
913512,0
913513,0
913514,0
913515,0
913516,0
913517,0
913518,0
913519,0
913520,0
913521,0
913522,0
913523,0
913524,0
913525,0
913526,0
913527,0
913528,0
913529,0
913530,0
913531,0
913532,0
913533,1
913534,0
913535,0
913536,0
913537,0
913538,0
913539,0
913540,0
913541,0
913542,0
913543,0
913544,0
913545,0
913546,0
913547,0
913548,0
913549,0
913550,0
913551,0
913552,0
913553,0
913554,0
913555,0
913556,0
913557,0
913558,0
913559,0
913560,0
913561,0
913562,1
913563,0
913564,0
913565,0
913566,0
913567,0
913568,0
913569,0
913570,0
913571,0
913572,0
913573,0
913574,0
913575,0
913576,0
913577,0
913578,0
913579,0
913580,0
913581,0
913582,0
913583,0
913584,0
913585,0
913586,0
913587,0
913588,0
913589,0
913590,0
913591,0
913592,0
913593,0
913594,0
913595,0
913596,0
913597,0
913598,0
913599,0
913600,0
913601,0
913602,0
913603,0
913604,0
913605,0
913606,0
913607,0
913608,0
913609,0
913610,0
913611,0
913612,0
913613,0
913614,0
913615,0
913616,0
913617,0
913618,0
913619,0
913620,0
913621,0
913622,0
913623,0
913624,0
913625,0
913626,0
913627,0
913628,0
913629,0
913630,0
913631,0
913632,0
913633,0
913634,0
913635,0
913636,0
913637,0
913638,0
913639,0
913640,0
913641,0
913642,0
913643,0
913644,0
913645,0
913646,0
913647,0
913648,0
913649,0
913650,0
913651,0
913652,0
913653,0
913654,0
913655,0
913656,0
913657,0
913658,0
913659,0
913660,0
913661,0
913662,0
913663,0
913664,0
913665,0
913666,0
913667,0
913668,0
913669,0
913670,0
913671,0
913672,0
913673,0
913674,0
913675,0
913676,0
913677,0
913678,0
913679,0
913680,0
913681,0
913682,0
913683,0
913684,0
913685,0
913686,0
913687,0
913688,0
913689,0
913690,0
913691,0
913692,0
913693,0
913694,0
913695,0
913696,0
913697,0
913698,1
913699,0
913700,0
913701,0
913702,0
913703,0
913704,0
913705,1
913706,0
913707,0
913708,0
913709,0
913710,0
913711,0
913712,0
913713,0
913714,0
913715,0
913716,0
913717,0
913718,0
913719,0
913720,0
913721,0
913722,0
913723,0
913724,0
913725,0
913726,0
913727,0
913728,0
913729,0
913730,0
913731,0
913732,0
913733,0
913734,0
913735,0
913736,0
913737,0
913738,0
913739,0
913740,0
913741,0
913742,0
913743,0
913744,0
913745,0
913746,0
913747,0
913748,0
913749,0
913750,0
913751,0
913752,0
913753,0
913754,0
913755,0
913756,1
913757,0
913758,0
913759,0
913760,0
913761,0
913762,0
913763,0
913764,0
913765,0
913766,0
913767,0
913768,0
913769,0
913770,0
913771,0
913772,0
913773,0
913774,0
913775,0
913776,0
913777,0
913778,0
913779,0
913780,0
913781,0
913782,0
913783,0
913784,0
913785,0
913786,0
913787,0
913788,0
913789,0
913790,0
913791,0
913792,0
913793,0
913794,0
913795,0
913796,0
913797,0
913798,0
913799,0
913800,0
913801,0
913802,0
913803,0
913804,0
913805,0
913806,0
913807,0
913808,0
913809,0
913810,0
913811,0
913812,0
913813,0
913814,0
913815,0
913816,0
913817,0
913818,0
913819,0
913820,0
913821,0
913822,0
913823,0
913824,0
913825,0
913826,0
913827,0
913828,0
913829,0
913830,0
913831,0
913832,0
913833,0
913834,0
913835,0
913836,0
913837,0
913838,0
913839,0
913840,0
913841,0
913842,0
913843,0
913844,0
913845,0
913846,0
913847,0
913848,0
913849,0
913850,1
913851,0
913852,0
913853,0
913854,0
913855,0
913856,0
913857,0
913858,0
913859,0
913860,0
913861,0
913862,0
913863,0
913864,0
913865,0
913866,0
913867,0
913868,0
913869,0
913870,0
913871,0
913872,0
913873,0
913874,0
913875,0
913876,0
913877,0
913878,0
913879,0
913880,0
913881,0
913882,0
913883,0
913884,0
913885,0
913886,0
913887,0
913888,0
913889,0
913890,0
913891,0
913892,0
913893,0
913894,0
913895,0
913896,0
913897,0
913898,0
913899,0
913900,0
913901,0
913902,0
913903,0
913904,0
913905,0
913906,0
913907,0
913908,0
913909,0
913910,0
913911,0
913912,0
913913,0
913914,0
913915,0
913916,0
913917,0
913918,0
913919,0
913920,0
913921,0
913922,0
913923,0
913924,0
913925,0
913926,0
913927,0
913928,0
913929,0
913930,0
913931,0
913932,0
913933,1
913934,0
913935,0
913936,0
913937,0
913938,0
913939,0
913940,0
913941,0
913942,0
913943,0
913944,0
913945,0
913946,0
913947,0
913948,0
913949,0
913950,0
913951,0
913952,0
913953,0
913954,0
913955,0
913956,0
913957,0
913958,1
913959,0
913960,0
913961,0
913962,0
913963,0
913964,0
913965,0
913966,0
913967,0
913968,0
913969,0
913970,0
913971,0
913972,0
913973,0
913974,0
913975,0
913976,0
913977,0
913978,0
913979,0
913980,0
913981,0
913982,0
913983,0
913984,0
913985,0
913986,0
913987,0
913988,0
913989,0
913990,0
913991,0
913992,0
913993,0
913994,0
913995,0
913996,0
913997,0
913998,0
913999,0
914000,0
914001,0
914002,0
914003,0
914004,0
914005,0
914006,0
914007,0
914008,0
914009,0
914010,0
914011,0
914012,0
914013,0
914014,0
914015,0
914016,0
914017,0
914018,0
914019,0
914020,0
914021,0
914022,0
914023,0
914024,0
914025,0
914026,0
914027,0
914028,0
914029,0
914030,0
914031,0
914032,0
914033,0
914034,0
914035,0
914036,0
914037,0
914038,0
914039,0
914040,0
914041,0
914042,0
914043,0
914044,0
914045,0
914046,0
914047,0
914048,0
914049,0
914050,0
914051,0
914052,0
914053,0
914054,0
914055,0
914056,0
914057,0
914058,0
914059,0
914060,0
914061,0
914062,0
914063,0
914064,0
914065,0
914066,0
914067,0
914068,0
914069,0
914070,0
914071,0
914072,0
914073,0
914074,0
914075,0
914076,0
914077,0
914078,0
914079,0
914080,0
914081,0
914082,0
914083,0
914084,0
914085,0
914086,0
914087,0
914088,0
914089,0
914090,0
914091,0
914092,0
914093,0
914094,0
914095,0
914096,0
914097,0
914098,0
914099,0
914100,0
914101,0
914102,0
914103,0
914104,0
914105,0
914106,0
914107,0
914108,0
914109,0
914110,0
914111,0
914112,0
914113,0
914114,0
914115,0
914116,1
914117,0
914118,0
914119,0
914120,0
914121,0
914122,0
914123,0
914124,0
914125,0
914126,0
914127,0
914128,0
914129,0
914130,0
914131,0
914132,0
914133,0
914134,0
914135,0
914136,0
914137,0
914138,0
914139,0
914140,0
914141,0
914142,0
914143,0
914144,0
914145,0
914146,0
914147,0
914148,0
914149,0
914150,0
914151,0
914152,0
914153,0
914154,0
914155,0
914156,0
914157,0
914158,0
914159,0
914160,0
914161,0
914162,0
914163,0
914164,0
914165,0
914166,0
914167,0
914168,0
914169,0
914170,0
914171,0
914172,0
914173,0
914174,0
914175,0
914176,0
914177,0
914178,0
914179,0
914180,0
914181,0
914182,0
914183,0
914184,0
914185,0
914186,0
914187,0
914188,0
914189,0
914190,0
914191,0
914192,0
914193,0
914194,0
914195,0
914196,0
914197,0
914198,0
914199,0
914200,0
914201,0
914202,0
914203,0
914204,0
914205,1
914206,0
914207,0
914208,0
914209,0
914210,0
914211,0
914212,0
914213,0
914214,0
914215,0
914216,0
914217,0
914218,0
914219,0
914220,0
914221,0
914222,0
914223,0
914224,0
914225,0
914226,0
914227,0
914228,0
914229,0
914230,0
914231,0
914232,0
914233,0
914234,0
914235,0
914236,0
914237,0
914238,0
914239,0
914240,0
914241,0
914242,0
914243,0
914244,0
914245,0
914246,0
914247,0
914248,0
914249,0
914250,0
914251,0
914252,0
914253,0
914254,0
914255,0
914256,0
914257,0
914258,0
914259,0
914260,0
914261,0
914262,0
914263,0
914264,0
914265,0
914266,0
914267,0
914268,0
914269,0
914270,0
914271,0
914272,0
914273,0
914274,0
914275,0
914276,0
914277,0
914278,0
914279,0
914280,0
914281,0
914282,0
914283,0
914284,0
914285,0
914286,0
914287,0
914288,0
914289,0
914290,0
914291,0
914292,0
914293,5
914294,0
914295,0
914296,0
914297,0
914298,8
914299,0
914300,0
914301,0
914302,0
914303,14
914304,0
914305,0
914306,9
914307,0
914308,0
914309,0
914310,0
914311,10
914312,0
914313,0
914314,0
914315,0
914316,0
914317,0
914318,0
914319,0
914320,0
914321,0
914322,0
914323,0
914324,0
914325,0
914326,0
914327,0
914328,0
914329,0
914330,10
914331,10
914332,0
914333,0
914334,7
914335,0
914336,0
914337,0
914338,0
914339,17
914340,0
914341,0
914342,0
914343,0
914344,0
914345,0
914346,0
914347,8
914348,0
914349,5
914350,0
914351,0
914352,0
914353,0
914354,0
914355,20
914356,0
914357,0
914358,0
914359,0
914360,11
914361,10
914362,0
914363,0
914364,0
914365,0
914366,0
914367,0
914368,0
914369,0
914370,0
914371,0
914372,10
914373,0
914374,0
914375,0
914376,0
914377,0
914378,0
914379,0
914380,0
914381,0
914382,15
914383,0
914384,0
914385,0
914386,0
914387,0
914388,0
914389,0
914390,10
914391,0
914392,0
914393,11
914394,0
914395,0
914396,0
914397,0
914398,8
914399,6
914400,0
914401,0
914402,0
914403,0
914404,0
914405,0
914406,0
914407,0
914408,0
914409,8
914410,0
914411,0
914412,0
914413,0
914414,0
914415,0
914416,0
914417,0
914418,0
914419,0
914420,0
914421,0
914422,0
914423,9
914424,0
914425,0
914426,0
914427,0
914428,0
914429,0
914430,0
914431,0
914432,0
914433,0
914434,0
914435,0
914436,0
914437,0
914438,9
914439,7
914440,0
914441,0
914442,0
914443,0
914444,0
914445,0
914446,0
914447,10
914448,0
914449,0
914450,8
914451,0
914452,0
914453,0
914454,0
914455,0
914456,12
914457,7
914458,22
914459,9
914460,0
914461,0
914462,0
914463,0
914464,10
914465,0
914466,8
914467,0
914468,0
914469,0
914470,0
914471,0
914472,0
914473,0
914474,0
914475,0
914476,0
914477,8
914478,0
914479,0
914480,0
914481,0
914482,0
914483,11
914484,0
914485,0
914486,0
914487,0
914488,0
914489,0
914490,0
914491,0
914492,0
914493,0
914494,0
914495,0
914496,0
914497,6
914498,9
914499,0
914500,0
914501,0
914502,0
914503,0
914504,0
914505,0
914506,0
914507,0
914508,0
914509,0
914510,0
914511,0
914512,0
914513,0
914514,0
914515,0
914516,0
914517,0
914518,14
914519,0
914520,0
914521,0
914522,0
914523,0
914524,14
914525,0
914526,0
914527,0
914528,0
914529,4
914530,7
914531,10
914532,0
914533,0
914534,0
914535,10
914536,0
914537,0
914538,0
914539,8
914540,11
914541,0
914542,0
914543,0
914544,0
914545,0
914546,0
914547,0
914548,0
914549,0
914550,10
914551,0
914552,5
914553,17
914554,0
914555,8
914556,9
914557,15
914558,0
914559,0
914560,0
914561,7
914562,0
914563,0
914564,0
914565,0
914566,10
914567,0
914568,0
914569,11
914570,0
914571,0
914572,12
914573,7
914574,0
914575,0
914576,4
914577,0
914578,0
914579,0
914580,0
914581,0
914582,0
914583,0
914584,0
914585,13
914586,0
914587,0
914588,4
914589,0
914590,0
914591,0
914592,0
914593,0
914594,0
914595,0
914596,0
914597,0
914598,0
914599,6
914600,0
914601,7
914602,0
914603,0
914604,0
914605,11
914606,7
914607,0
914608,0
914609,0
914610,0
914611,0
914612,0
914613,0
914614,0
914615,0
914616,0
914617,0
914618,0
914619,0
914620,0
914621,0
914622,0
914623,0
914624,0
914625,0
914626,0
914627,0
914628,0
914629,0
914630,9
914631,0
914632,0
914633,10
914634,0
914635,0
914636,0
914637,19
914638,0
914639,0
914640,14
914641,0
914642,11
914643,0
914644,0
914645,0
914646,0
914647,10
914648,0
914649,0
914650,8
914651,0
914652,0
914653,0
914654,0
914655,0
914656,0
914657,0
914658,0
914659,0
914660,15
914661,0
914662,0
914663,0
914664,8
914665,0
914666,0
914667,0
914668,0
914669,0
914670,0
914671,0
914672,0
914673,0
914674,0
914675,0
914676,0
914677,0
914678,0
914679,0
914680,0
914681,0
914682,0
914683,0
914684,0
914685,0
914686,14
914687,0
914688,8
914689,7
914690,0
914691,0
914692,0
914693,16
914694,0
914695,0
914696,8
914697,0
914698,0
914699,0
914700,0
914701,6
914702,16
914703,0
914704,0
914705,0
914706,8
914707,0
914708,5
914709,0
914710,10
914711,0
914712,0
914713,13
914714,0
914715,0
914716,0
914717,0
914718,12
914719,0
914720,0
914721,4
914722,0
914723,17
914724,0
914725,0
914726,0
914727,0
914728,11
914729,0
914730,0
914731,0
914732,0
914733,0
914734,0
914735,0
914736,0
914737,0
914738,0
914739,0
914740,0
914741,0
914742,0
914743,0
914744,0
914745,0
914746,0
914747,0
914748,0
914749,0
914750,0
914751,0
914752,10
914753,0
914754,11
914755,0
914756,0
914757,0
914758,0
914759,0
914760,0
914761,0
914762,0
914763,0
914764,0
914765,0
914766,0
914767,0
914768,0
914769,0
914770,6
914771,0
914772,0
914773,0
914774,0
914775,9
914776,11
914777,0
914778,0
914779,0
914780,0
914781,9
914782,6
914783,8
914784,0
914785,0
914786,12
914787,11
914788,0
914789,0
914790,0
914791,0
914792,0
914793,0
914794,0
914795,0
914796,0
914797,0
914798,0
914799,8
914800,0
914801,0
914802,0
914803,0
914804,0
914805,0
914806,0
914807,0
914808,0
914809,0
914810,0
914811,0
914812,0
914813,9
914814,15
914815,0
914816,0
914817,0
914818,0
914819,0
914820,0
914821,0
914822,0
914823,0
914824,0
914825,0
914826,0
914827,12
914828,0
914829,0
914830,0
914831,7
914832,14
914833,16
914834,0
914835,0
914836,13
914837,0
914838,0
914839,0
914840,6
914841,7
914842,0
914843,0
914844,0
914845,0
914846,10
914847,0
914848,0
914849,12
914850,12
914851,0
914852,0
914853,9
914854,0
914855,12
914856,0
914857,0
914858,0
914859,11
914860,0
914861,0
914862,0
914863,0
914864,0
914865,0
914866,12
914867,0
914868,11
914869,0
914870,13
914871,0
914872,0
914873,12
914874,0
914875,15
914876,0
914877,0
914878,0
914879,7
914880,0
914881,0
914882,0
914883,0
914884,0
914885,0
914886,0
914887,0
914888,0
914889,0
914890,0
914891,0
914892,10
914893,0
914894,0
914895,0
914896,10
914897,0
914898,0
914899,0
914900,0
914901,0
914902,0
914903,0
914904,0
914905,0
914906,0
914907,13
914908,0
914909,0
914910,13
914911,4
914912,9
914913,0
914914,0
914915,0
914916,0
914917,0
914918,0
914919,0
914920,0
914921,0
914922,0
914923,0
914924,7
914925,0
914926,0
914927,0
914928,14
914929,0
914930,0
914931,0
914932,0
914933,6
914934,0
914935,0
914936,0
914937,0
914938,0
914939,0
914940,0
914941,10
914942,0
914943,0
914944,0
914945,0
914946,13
914947,0
914948,0
914949,0
914950,0
914951,0
914952,0
914953,0
914954,0
914955,0
914956,0
914957,0
914958,0
914959,0
914960,13
914961,0
914962,7
914963,7
914964,0
914965,0
914966,9
914967,0
914968,0
914969,0
914970,0
914971,0
914972,0
914973,0
914974,0
914975,0
914976,0
914977,0
914978,0
914979,0
914980,0
914981,0
914982,0
914983,0
914984,0
914985,0
914986,0
914987,0
914988,0
914989,0
914990,0
914991,0
914992,0
914993,0
914994,0
914995,0
914996,0
914997,8
914998,0
914999,0
915000,0
915001,0
915002,7
915003,0
915004,0
915005,0
915006,12
915007,5
915008,0
915009,0
915010,0
915011,0
915012,9
915013,0
915014,6
915015,0
915016,0
915017,0
915018,0
915019,8
915020,11
915021,0
915022,0
915023,0
915024,0
915025,0
915026,0
915027,5
915028,0
915029,0
915030,0
915031,0
915032,12
915033,0
915034,0
915035,0
915036,0
915037,0
915038,0
915039,0
915040,0
915041,0
915042,13
915043,0
915044,0
915045,0
915046,0
915047,0
915048,0
915049,0
915050,0
915051,0
915052,0
915053,0
915054,0
915055,0
915056,0
915057,11
915058,0
915059,19
915060,11
915061,0
915062,8
915063,12
915064,0
915065,0
915066,0
915067,9
915068,0
915069,0
915070,0
915071,0
915072,14
915073,0
915074,0
915075,9
915076,0
915077,0
915078,0
915079,0
915080,9
915081,0
915082,0
915083,0
915084,0
915085,0
915086,0
915087,12
915088,0
915089,0
915090,7
915091,0
915092,0
915093,0
915094,0
915095,0
915096,0
915097,0
915098,0
915099,0
915100,0
915101,0
915102,0
915103,0
915104,0
915105,0
915106,0
915107,0
915108,0
915109,3
915110,8
915111,0
915112,0
915113,5
915114,0
915115,0
915116,12
915117,0
915118,0
915119,0
915120,0
915121,0
915122,0
915123,5
915124,9
915125,0
915126,0
915127,10
915128,0
915129,0
915130,0
915131,0
915132,0
915133,0
915134,0
915135,0
915136,0
915137,0
915138,0
915139,0
915140,0
915141,0
915142,0
915143,0
915144,0
915145,0
915146,0
915147,0
915148,0
915149,0
915150,8
915151,0
915152,0
915153,15
915154,9
915155,0
915156,0
915157,12
915158,0
915159,0
915160,0
915161,0
915162,0
915163,0
915164,0
915165,0
915166,0
915167,0
915168,0
915169,0
915170,0
915171,0
915172,0
915173,0
915174,0
915175,14
915176,0
915177,14
915178,0
915179,0
915180,0
915181,0
915182,10
915183,6
915184,0
915185,16
915186,0
915187,6
915188,0
915189,0
915190,0
915191,11
915192,0
915193,0
915194,0
915195,0
915196,0
915197,17
915198,7
915199,8
915200,0
915201,12
915202,0
915203,0
915204,0
915205,0
915206,0
915207,0
915208,0
915209,0
915210,0
915211,0
915212,0
915213,0
915214,0
915215,0
915216,6
915217,0
915218,0
915219,0
915220,0
915221,0
915222,0
915223,0
915224,18
915225,0
915226,8
915227,0
915228,0
915229,5
915230,0
915231,0
915232,0
915233,0
915234,0
915235,8
915236,0
915237,0
915238,11
915239,0
915240,0
915241,0
915242,8
915243,0
915244,0
915245,0
915246,0
915247,17
915248,0
915249,0
915250,0
915251,0
915252,0
915253,0
915254,0
915255,0
915256,0
915257,0
915258,0
915259,0
915260,0
915261,12
915262,0
915263,0
915264,0
915265,0
915266,0
915267,0
915268,0
915269,0
915270,0
915271,0
915272,10
915273,0
915274,0
915275,0
915276,0
915277,0
915278,10
915279,0
915280,0
915281,0
915282,0
915283,0
915284,0
915285,0
915286,0
915287,0
915288,0
915289,0
915290,0
915291,0
915292,0
915293,0
915294,0
915295,34
915296,0
915297,0
915298,0
915299,29
915300,31
915301,0
915302,30
915303,0
915304,27
915305,0
915306,0
915307,0
915308,0
915309,0
915310,0
915311,0
915312,0
915313,0
915314,0
915315,0
915316,0
915317,0
915318,0
915319,0
915320,0
915321,0
915322,0
915323,0
915324,0
915325,0
915326,0
915327,0
915328,0
915329,0
915330,0
915331,0
915332,0
915333,0
915334,0
915335,0
915336,0
915337,37
915338,0
915339,0
915340,0
915341,0
915342,0
915343,0
915344,13
915345,0
915346,14
915347,0
915348,0
915349,6
915350,14
915351,0
915352,0
915353,0
915354,24
915355,0
915356,0
915357,0
915358,29
915359,19
915360,0
915361,0
915362,36
915363,0
915364,0
915365,0
915366,29
915367,32
915368,27
915369,0
915370,0
915371,0
915372,0
915373,0
915374,32
915375,0
915376,0
915377,0
915378,0
915379,0
915380,0
915381,0
915382,0
915383,0
915384,0
915385,0
915386,0
915387,0
915388,0
915389,0
915390,0
915391,0
915392,0
915393,30
915394,0
915395,0
915396,34
915397,0
915398,0
915399,15
915400,0
915401,0
915402,17
915403,0
915404,0
915405,0
915406,0
915407,0
915408,0
915409,0
915410,26
915411,32
915412,0
915413,0
915414,49
915415,0
915416,31
915417,0
915418,0
915419,0
915420,19
915421,0
915422,31
915423,25
915424,0
915425,0
915426,0
915427,0
915428,17
915429,0
915430,0
915431,0
915432,21
915433,36
915434,0
915435,0
915436,25
915437,43
915438,0
915439,0
915440,0
915441,33
915442,0
915443,0
915444,0
915445,0
915446,0
915447,0
915448,0
915449,0
915450,0
915451,0
915452,25
915453,0
915454,0
915455,0
915456,0
915457,64
915458,0
915459,0
915460,0
915461,0
915462,0
915463,0
915464,0
915465,0
915466,0
915467,0
915468,20
915469,16
915470,20
915471,0
915472,0
915473,0
915474,0
915475,23
915476,0
915477,0
915478,0
915479,18
915480,0
915481,0
915482,24
915483,44
915484,0
915485,0
915486,26
915487,28
915488,0
915489,0
915490,32
915491,0
915492,20
915493,0
915494,39
915495,0
915496,0
915497,0
915498,0
915499,15
915500,12
915501,57
915502,0
915503,0
915504,0
915505,0
915506,0
915507,0
915508,0
915509,0
915510,0
915511,44
915512,0
915513,0
915514,0
915515,0
915516,45
915517,0
915518,0
915519,26
915520,0
915521,22
915522,0
915523,0
915524,20
915525,0
915526,29
915527,0
915528,0
915529,43
915530,0
915531,0
915532,0
915533,0
915534,0
915535,0
915536,0
915537,0
915538,0
915539,21
915540,0
915541,0
915542,0
915543,0
915544,0
915545,0
915546,0
915547,0
915548,13
915549,0
915550,0
915551,0
915552,0
915553,0
915554,0
915555,0
915556,0
915557,0
915558,0
915559,0
915560,25
915561,0
915562,0
915563,0
915564,27
915565,0
915566,0
915567,0
915568,0
915569,0
915570,0
915571,0
915572,0
915573,0
915574,30
915575,0
915576,0
915577,0
915578,0
915579,0
915580,0
915581,0
915582,53
915583,0
915584,26
915585,0
915586,21
915587,0
915588,0
915589,26
915590,20
915591,0
915592,0
915593,0
915594,0
915595,0
915596,0
915597,29
915598,0
915599,0
915600,0
915601,0
915602,33
915603,0
915604,0
915605,24
915606,0
915607,36
915608,0
915609,0
915610,0
915611,0
915612,0
915613,0
915614,27
915615,0
915616,0
915617,0
915618,0
915619,0
915620,0
915621,0
915622,13
915623,0
915624,0
915625,12
915626,0
915627,0
915628,27
915629,0
915630,0
915631,0
915632,0
915633,0
915634,0
915635,0
915636,0
915637,0
915638,0
915639,0
915640,0
915641,41
915642,0
915643,0
915644,0
915645,0
915646,0
915647,18
915648,0
915649,15
915650,0
915651,0
915652,0
915653,9
915654,0
915655,0
915656,0
915657,18
915658,0
915659,0
915660,16
915661,0
915662,0
915663,0
915664,0
915665,0
915666,0
915667,0
915668,0
915669,0
915670,0
915671,0
915672,0
915673,0
915674,0
915675,0
915676,0
915677,0
915678,0
915679,0
915680,0
915681,0
915682,0
915683,0
915684,0
915685,45
915686,0
915687,0
915688,0
915689,0
915690,0
915691,0
915692,0
915693,0
915694,8
915695,0
915696,0
915697,39
915698,32
915699,0
915700,0
915701,0
915702,0
915703,0
915704,0
915705,0
915706,0
915707,0
915708,21
915709,0
915710,0
915711,21
915712,0
915713,0
915714,0
915715,0
915716,0
915717,0
915718,36
915719,0
915720,0
915721,0
915722,0
915723,0
915724,20
915725,0
915726,0
915727,0
915728,0
915729,19
915730,21
915731,0
915732,0
915733,0
915734,0
915735,0
915736,0
915737,22
915738,0
915739,0
915740,0
915741,0
915742,28
915743,13
915744,0
915745,0
915746,0
915747,0
915748,0
915749,0
915750,0
915751,0
915752,25
915753,0
915754,0
915755,0
915756,39
915757,0
915758,0
915759,0
915760,22
915761,0
915762,0
915763,0
915764,22
915765,35
915766,33
915767,0
915768,0
915769,12
915770,30
915771,0
915772,0
915773,0
915774,23
915775,0
915776,21
915777,46
915778,0
915779,9
915780,0
915781,0
915782,0
915783,0
915784,0
915785,0
915786,12
915787,0
915788,0
915789,0
915790,0
915791,0
915792,0
915793,0
915794,0
915795,0
915796,13
915797,0
915798,0
915799,0
915800,0
915801,0
915802,0
915803,0
915804,20
915805,46
915806,0
915807,33
915808,21
915809,0
915810,0
915811,38
915812,0
915813,40
915814,0
915815,0
915816,0
915817,0
915818,0
915819,0
915820,0
915821,0
915822,0
915823,0
915824,0
915825,0
915826,0
915827,36
915828,0
915829,0
915830,0
915831,0
915832,0
915833,0
915834,0
915835,0
915836,0
915837,0
915838,0
915839,27
915840,0
915841,0
915842,26
915843,0
915844,0
915845,0
915846,0
915847,0
915848,44
915849,0
915850,34
915851,0
915852,0
915853,0
915854,0
915855,14
915856,0
915857,0
915858,0
915859,0
915860,0
915861,0
915862,8
915863,0
915864,0
915865,0
915866,0
915867,0
915868,0
915869,0
915870,0
915871,0
915872,0
915873,0
915874,0
915875,0
915876,0
915877,0
915878,0
915879,0
915880,0
915881,0
915882,0
915883,0
915884,0
915885,0
915886,0
915887,0
915888,43
915889,0
915890,0
915891,0
915892,41
915893,0
915894,0
915895,0
915896,0
915897,0
915898,0
915899,0
915900,0
915901,0
915902,0
915903,0
915904,0
915905,0
915906,0
915907,0
915908,0
915909,0
915910,0
915911,0
915912,0
915913,0
915914,0
915915,0
915916,0
915917,0
915918,0
915919,0
915920,0
915921,0
915922,35
915923,0
915924,0
915925,20
915926,0
915927,0
915928,0
915929,0
915930,40
915931,0
915932,0
915933,0
915934,22
915935,0
915936,0
915937,0
915938,0
915939,0
915940,0
915941,0
915942,0
915943,23
915944,0
915945,0
915946,0
915947,0
915948,0
915949,0
915950,0
915951,0
915952,0
915953,0
915954,0
915955,0
915956,0
915957,25
915958,0
915959,0
915960,0
915961,0
915962,0
915963,0
915964,0
915965,0
915966,0
915967,40
915968,0
915969,0
915970,0
915971,0
915972,0
915973,0
915974,0
915975,0
915976,52
915977,0
915978,0
915979,0
915980,22
915981,0
915982,0
915983,0
915984,37
915985,0
915986,0
915987,0
915988,0
915989,0
915990,0
915991,0
915992,0
915993,35
915994,0
915995,0
915996,34
915997,0
915998,0
915999,0
916000,0
916001,0
916002,0
916003,0
916004,0
916005,0
916006,28
916007,0
916008,0
916009,0
916010,28
916011,0
916012,0
916013,0
916014,0
916015,0
916016,0
916017,23
916018,0
916019,0
916020,0
916021,0
916022,0
916023,0
916024,0
916025,0
916026,0
916027,0
916028,0
916029,0
916030,0
916031,0
916032,0
916033,0
916034,0
916035,0
916036,0
916037,0
916038,0
916039,0
916040,0
916041,0
916042,0
916043,1
916044,0
916045,0
916046,0
916047,0
916048,0
916049,0
916050,0
916051,5
916052,1
916053,0
916054,0
916055,2
916056,0
916057,0
916058,0
916059,0
916060,0
916061,0
916062,0
916063,1
916064,0
916065,0
916066,0
916067,3
916068,0
916069,2
916070,0
916071,0
916072,0
916073,1
916074,0
916075,0
916076,0
916077,0
916078,0
916079,0
916080,0
916081,0
916082,0
916083,0
916084,0
916085,0
916086,0
916087,0
916088,0
916089,0
916090,0
916091,0
916092,0
916093,0
916094,0
916095,0
916096,2
916097,0
916098,0
916099,0
916100,0
916101,1
916102,0
916103,0
916104,0
916105,0
916106,0
916107,0
916108,0
916109,0
916110,0
916111,2
916112,0
916113,0
916114,0
916115,0
916116,0
916117,0
916118,0
916119,0
916120,0
916121,0
916122,0
916123,0
916124,0
916125,0
916126,0
916127,0
916128,0
916129,0
916130,0
916131,0
916132,0
916133,0
916134,0
916135,0
916136,0
916137,0
916138,0
916139,0
916140,0
916141,0
916142,0
916143,0
916144,0
916145,0
916146,0
916147,0
916148,0
916149,0
916150,4
916151,2
916152,0
916153,0
916154,0
916155,0
916156,0
916157,0
916158,0
916159,0
916160,0
916161,3
916162,0
916163,0
916164,0
916165,0
916166,0
916167,0
916168,0
916169,0
916170,0
916171,0
916172,2
916173,0
916174,0
916175,2
916176,0
916177,0
916178,6
916179,0
916180,0
916181,3
916182,2
916183,0
916184,1
916185,0
916186,0
916187,0
916188,0
916189,0
916190,0
916191,0
916192,0
916193,0
916194,0
916195,0
916196,0
916197,0
916198,2
916199,0
916200,4
916201,0
916202,0
916203,0
916204,0
916205,0
916206,3
916207,0
916208,0
916209,0
916210,0
916211,0
916212,1
916213,0
916214,0
916215,0
916216,0
916217,2
916218,0
916219,3
916220,0
916221,0
916222,0
916223,0
916224,0
916225,0
916226,0
916227,0
916228,0
916229,0
916230,0
916231,0
916232,0
916233,2
916234,0
916235,0
916236,0
916237,0
916238,0
916239,0
916240,1
916241,0
916242,0
916243,0
916244,0
916245,0
916246,0
916247,1
916248,0
916249,0
916250,0
916251,0
916252,2
916253,0
916254,0
916255,0
916256,0
916257,0
916258,0
916259,0
916260,0
916261,0
916262,0
916263,0
916264,1
916265,0
916266,1
916267,0
916268,0
916269,0
916270,0
916271,1
916272,0
916273,0
916274,0
916275,1
916276,0
916277,0
916278,0
916279,0
916280,0
916281,0
916282,0
916283,0
916284,0
916285,0
916286,0
916287,0
916288,0
916289,0
916290,0
916291,0
916292,0
916293,0
916294,0
916295,0
916296,0
916297,0
916298,0
916299,0
916300,0
916301,0
916302,1
916303,1
916304,0
916305,0
916306,4
916307,0
916308,0
916309,3
916310,0
916311,0
916312,0
916313,0
916314,0
916315,0
916316,0
916317,0
916318,0
916319,0
916320,4
916321,0
916322,0
916323,4
916324,0
916325,0
916326,0
916327,3
916328,0
916329,0
916330,4
916331,3
916332,0
916333,0
916334,0
916335,0
916336,0
916337,1
916338,0
916339,0
916340,0
916341,0
916342,0
916343,0
916344,0
916345,0
916346,0
916347,0
916348,0
916349,0
916350,0
916351,1
916352,3
916353,0
916354,0
916355,0
916356,3
916357,0
916358,0
916359,0
916360,0
916361,0
916362,0
916363,0
916364,0
916365,0
916366,0
916367,0
916368,0
916369,0
916370,0
916371,2
916372,0
916373,0
916374,0
916375,2
916376,0
916377,0
916378,0
916379,0
916380,0
916381,0
916382,0
916383,2
916384,0
916385,0
916386,0
916387,0
916388,1
916389,0
916390,0
916391,0
916392,0
916393,0
916394,0
916395,0
916396,0
916397,1
916398,0
916399,0
916400,1
916401,0
916402,0
916403,0
916404,0
916405,0
916406,0
916407,0
916408,0
916409,0
916410,0
916411,0
916412,0
916413,0
916414,0
916415,0
916416,0
916417,1
916418,0
916419,0
916420,0
916421,0
916422,0
916423,0
916424,0
916425,1
916426,0
916427,0
916428,0
916429,0
916430,0
916431,0
916432,0
916433,0
916434,0
916435,1
916436,0
916437,0
916438,0
916439,0
916440,0
916441,0
916442,0
916443,1
916444,0
916445,0
916446,0
916447,0
916448,0
916449,0
916450,3
916451,0
916452,2
916453,0
916454,0
916455,0
916456,0
916457,0
916458,0
916459,2
916460,0
916461,0
916462,0
916463,0
916464,0
916465,0
916466,0
916467,0
916468,14
916469,0
916470,0
916471,0
916472,0
916473,0
916474,0
916475,0
916476,0
916477,0
916478,14
916479,0
916480,0
916481,0
916482,0
916483,0
916484,0
916485,0
916486,0
916487,0
916488,0
916489,0
916490,0
916491,0
916492,26
916493,17
916494,15
916495,0
916496,0
916497,0
916498,0
916499,0
916500,0
916501,0
916502,0
916503,0
916504,0
916505,0
916506,0
916507,0
916508,0
916509,0
916510,0
916511,0
916512,0
916513,0
916514,0
916515,16
916516,0
916517,0
916518,0
916519,0
916520,0
916521,0
916522,0
916523,0
916524,0
916525,0
916526,0
916527,0
916528,0
916529,0
916530,0
916531,0
916532,0
916533,0
916534,0
916535,0
916536,0
916537,0
916538,0
916539,12
916540,0
916541,0
916542,0
916543,0
916544,0
916545,0
916546,0
916547,0
916548,0
916549,0
916550,0
916551,0
916552,0
916553,0
916554,0
916555,0
916556,0
916557,0
916558,0
916559,0
916560,0
916561,0
916562,12
916563,0
916564,0
916565,0
916566,0
916567,0
916568,0
916569,0
916570,0
916571,0
916572,0
916573,0
916574,0
916575,0
916576,0
916577,0
916578,0
916579,0
916580,0
916581,0
916582,0
916583,16
916584,0
916585,0
916586,0
916587,0
916588,0
916589,0
916590,0
916591,5
916592,0
916593,10
916594,0
916595,0
916596,0
916597,0
916598,0
916599,0
916600,0
916601,14
916602,0
916603,0
916604,0
916605,0
916606,0
916607,0
916608,0
916609,0
916610,0
916611,0
916612,0
916613,0
916614,8
916615,0
916616,0
916617,0
916618,0
916619,0
916620,0
916621,0
916622,0
916623,0
916624,0
916625,0
916626,0
916627,11
916628,0
916629,0
916630,0
916631,0
916632,0
916633,0
916634,0
916635,0
916636,0
916637,0
916638,0
916639,0
916640,0
916641,0
916642,0
916643,0
916644,0
916645,0
916646,0
916647,5
916648,0
916649,0
916650,0
916651,0
916652,0
916653,0
916654,0
916655,0
916656,0
916657,0
916658,0
916659,0
916660,0
916661,0
916662,0
916663,0
916664,0
916665,0
916666,0
916667,0
916668,0
916669,0
916670,0
916671,0
916672,0
916673,0
916674,0
916675,0
916676,0
916677,0
916678,0
916679,10
916680,0
916681,0
916682,0
916683,0
916684,6
916685,0
916686,0
916687,0
916688,9
916689,0
916690,0
916691,0
916692,0
916693,0
916694,0
916695,10
916696,0
916697,0
916698,17
916699,0
916700,0
916701,0
916702,0
916703,0
916704,8
916705,0
916706,0
916707,0
916708,0
916709,0
916710,0
916711,8
916712,0
916713,8
916714,0
916715,0
916716,0
916717,0
916718,0
916719,0
916720,0
916721,0
916722,0
916723,9
916724,0
916725,0
916726,0
916727,0
916728,0
916729,9
916730,0
916731,0
916732,0
916733,0
916734,0
916735,0
916736,0
916737,0
916738,0
916739,0
916740,0
916741,0
916742,0
916743,0
916744,0
916745,0
916746,0
916747,0
916748,0
916749,0
916750,0
916751,0
916752,0
916753,0
916754,0
916755,0
916756,0
916757,0
916758,0
916759,0
916760,0
916761,0
916762,0
916763,0
916764,0
916765,0
916766,0
916767,0
916768,0
916769,0
916770,0
916771,0
916772,0
916773,0
916774,0
916775,0
916776,0
916777,0
916778,0
916779,0
916780,0
916781,6
916782,0
916783,0
916784,0
916785,0
916786,18
916787,0
916788,0
916789,0
916790,0
916791,0
916792,0
916793,13
916794,0
916795,0
916796,0
916797,0
916798,0
916799,0
916800,16
916801,0
916802,0
916803,0
916804,13
916805,0
916806,0
916807,0
916808,0
916809,12
916810,12
916811,0
916812,0
916813,0
916814,0
916815,0
916816,0
916817,0
916818,0
916819,0
916820,13
916821,0
916822,0
916823,0
916824,0
916825,0
916826,0
916827,0
916828,0
916829,8
916830,0
916831,0
916832,0
916833,0
916834,0
916835,5
916836,0
916837,0
916838,0
916839,0
916840,13
916841,0
916842,0
916843,0
916844,0
916845,0
916846,0
916847,0
916848,0
916849,0
916850,11
916851,0
916852,0
916853,0
916854,0
916855,0
916856,0
916857,0
916858,0
916859,0
916860,0
916861,0
916862,0
916863,0
916864,0
916865,0
916866,0
916867,0
916868,0
916869,0
916870,0
916871,0
916872,0
916873,0
916874,0
916875,4
916876,0
916877,0
916878,0
916879,0
916880,0
916881,0
916882,0
916883,0
916884,0
916885,0
916886,0
916887,0
916888,0
916889,0
916890,0
916891,0
916892,0
916893,0
916894,0
916895,0
916896,0
916897,0
916898,0
916899,0
916900,16
916901,0
916902,0
916903,0
916904,0
916905,0
916906,0
916907,0
916908,0
916909,0
916910,6
916911,0
916912,0
916913,0
916914,0
916915,0
916916,0
916917,0
916918,0
916919,0
916920,0
916921,0
916922,0
916923,0
916924,0
916925,15
916926,0
916927,0
916928,10
916929,0
916930,0
916931,0
916932,0
916933,0
916934,0
916935,0
916936,0
916937,16
916938,0
916939,0
916940,0
916941,0
916942,0
916943,0
916944,0
916945,0
916946,0
916947,0
916948,0
916949,0
916950,0
916951,0
916952,13
916953,0
916954,0
916955,0
916956,0
916957,13
916958,0
916959,0
916960,8
916961,0
916962,0
916963,0
916964,0
916965,0
916966,0
916967,0
916968,0
916969,0
916970,14
916971,0
916972,0
916973,0
916974,0
916975,0
916976,0
916977,16
916978,0
916979,0
916980,0
916981,0
916982,0
916983,0
916984,0
916985,0
916986,0
916987,0
916988,0
916989,0
916990,11
916991,0
916992,0
916993,0
916994,0
916995,0
916996,0
916997,0
916998,0
916999,0
917000,0
917001,0
917002,0
917003,0
917004,0
917005,0
917006,0
917007,0
917008,0
917009,0
917010,0
917011,0
917012,0
917013,0
917014,0
917015,0
917016,0
917017,0
917018,0
917019,0
917020,13
917021,13
917022,0
917023,0
917024,0
917025,0
917026,0
917027,0
917028,0
917029,0
917030,0
917031,0
917032,14
917033,0
917034,0
917035,0
917036,0
917037,0
917038,0
917039,0
917040,6
917041,0
917042,0
917043,0
917044,0
917045,0
917046,0
917047,0
917048,0
917049,0
917050,0
917051,0
917052,15
917053,0
917054,0
917055,6
917056,0
917057,0
917058,0
917059,0
917060,0
917061,0
917062,0
917063,0
917064,0
917065,0
917066,0
917067,0
917068,5
917069,0
917070,0
917071,0
917072,0
917073,0
917074,0
917075,0
917076,0
917077,0
917078,0
917079,0
917080,0
917081,0
917082,0
917083,0
917084,11
917085,0
917086,0
917087,10
917088,16
917089,0
917090,13
917091,0
917092,0
917093,10
917094,18
917095,0
917096,0
917097,26
917098,11
917099,12
917100,0
917101,0
917102,0
917103,7
917104,0
917105,0
917106,0
917107,0
917108,0
917109,17
917110,0
917111,0
917112,22
917113,0
917114,0
917115,14
917116,0
917117,0
917118,7
917119,10
917120,0
917121,0
917122,0
917123,0
917124,21
917125,0
917126,0
917127,13
917128,0
917129,21
917130,0
917131,0
917132,16
917133,0
917134,0
917135,21
917136,0
917137,0
917138,0
917139,0
917140,0
917141,0
917142,0
917143,0
917144,0
917145,18
917146,14
917147,0
917148,14
917149,0
917150,0
917151,0
917152,0
917153,0
917154,0
917155,0
917156,0
917157,0
917158,0
917159,0
917160,14
917161,0
917162,0
917163,0
917164,0
917165,0
917166,0
917167,0
917168,0
917169,0
917170,0
917171,0
917172,0
917173,0
917174,0
917175,0
917176,0
917177,0
917178,8
917179,0
917180,0
917181,0
917182,0
917183,17
917184,0
917185,0
917186,0
917187,24
917188,27
917189,0
917190,0
917191,16
917192,0
917193,0
917194,0
917195,0
917196,0
917197,0
917198,15
917199,0
917200,0
917201,0
917202,20
917203,10
917204,17
917205,0
917206,0
917207,0
917208,16
917209,0
917210,13
917211,0
917212,0
917213,12
917214,0
917215,0
917216,0
917217,0
917218,10
917219,0
917220,0
917221,0
917222,9
917223,11
917224,16
917225,13
917226,9
917227,0
917228,0
917229,0
917230,0
917231,0
917232,0
917233,0
917234,14
917235,13
917236,0
917237,0
917238,0
917239,0
917240,0
917241,0
917242,0
917243,0
917244,0
917245,0
917246,0
917247,13
917248,7
917249,0
917250,19
917251,0
917252,0
917253,0
917254,0
917255,0
917256,0
917257,0
917258,0
917259,0
917260,0
917261,0
917262,0
917263,0
917264,0
917265,0
917266,0
917267,0
917268,6
917269,0
917270,20
917271,0
917272,0
917273,0
917274,7
917275,0
917276,16
917277,0
917278,13
917279,0
917280,0
917281,0
917282,0
917283,0
917284,0
917285,26
917286,12
917287,27
917288,0
917289,0
917290,0
917291,0
917292,31
917293,0
917294,17
917295,0
917296,0
917297,11
917298,0
917299,23
917300,0
917301,0
917302,0
917303,10
917304,0
917305,0
917306,11
917307,0
917308,0
917309,0
917310,20
917311,0
917312,0
917313,0
917314,0
917315,0
917316,10
917317,0
917318,0
917319,0
917320,21
917321,0
917322,0
917323,0
917324,0
917325,0
917326,0
917327,0
917328,0
917329,0
917330,0
917331,14
917332,0
917333,0
917334,0
917335,28
917336,0
917337,0
917338,0
917339,0
917340,0
917341,0
917342,0
917343,14
917344,0
917345,0
917346,0
917347,0
917348,0
917349,11
917350,0
917351,0
917352,0
917353,0
917354,36
917355,0
917356,0
917357,0
917358,20
917359,42
917360,34
917361,30
917362,0
917363,0
917364,0
917365,0
917366,0
917367,0
917368,23
917369,30
917370,0
917371,23
917372,0
917373,0
917374,24
917375,0
917376,0
917377,0
917378,0
917379,0
917380,0
917381,0
917382,0
917383,0
917384,0
917385,0
917386,0
917387,0
917388,35
917389,0
917390,0
917391,38
917392,0
917393,0
917394,0
917395,0
917396,0
917397,28
917398,28
917399,0
917400,0
917401,26
917402,0
917403,29
917404,0
917405,0
917406,0
917407,0
917408,0
917409,0
917410,0
917411,31
917412,0
917413,0
917414,0
917415,0
917416,0
917417,0
917418,0
917419,45
917420,34
917421,21
917422,0
917423,0
917424,0
917425,0
917426,0
917427,0
917428,0
917429,17
917430,28
917431,27
917432,0
917433,25
917434,0
917435,0
917436,0
917437,0
917438,0
917439,37
917440,0
917441,29
917442,0
917443,0
917444,0
917445,0
917446,0
917447,0
917448,0
917449,0
917450,0
917451,0
917452,45
917453,0
917454,0
917455,44
917456,29
917457,0
917458,0
917459,0
917460,0
917461,0
917462,0
917463,27
917464,0
917465,0
917466,54
917467,0
917468,0
917469,0
917470,0
917471,0
917472,0
917473,0
917474,0
917475,0
917476,0
917477,0
917478,0
917479,0
917480,0
917481,0
917482,0
917483,0
917484,0
917485,25
917486,40
917487,0
917488,0
917489,20
917490,0
917491,16
917492,39
917493,0
917494,14
917495,0
917496,18
917497,0
917498,28
917499,0
917500,0
917501,0
917502,0
917503,0
917504,0
917505,0
917506,0
917507,0
917508,0
917509,0
917510,17
917511,0
917512,0
917513,0
917514,0
917515,27
917516,45
917517,0
917518,0
917519,0
917520,0
917521,22
917522,0
917523,0
917524,30
917525,0
917526,0
917527,0
917528,34
917529,0
917530,0
917531,0
917532,0
917533,0
917534,0
917535,0
917536,0
917537,44
917538,31
917539,0
917540,0
917541,0
917542,36
917543,0
917544,0
917545,0
917546,0
917547,0
917548,0
917549,0
917550,25
917551,0
917552,18
917553,16
917554,34
917555,0
917556,0
917557,0
917558,0
917559,0
917560,0
917561,25
917562,0
917563,0
917564,0
917565,0
917566,0
917567,34
917568,0
917569,0
917570,0
917571,0
917572,0
917573,0
917574,31
917575,0
917576,0
917577,35
917578,0
917579,20
917580,0
917581,0
917582,34
917583,29
917584,0
917585,0
917586,0
917587,24
917588,0
917589,0
917590,34
917591,32
917592,0
917593,0
917594,0
917595,0
917596,0
917597,0
917598,29
917599,0
917600,29
917601,0
917602,0
917603,0
917604,0
917605,22
917606,0
917607,41
917608,0
917609,0
917610,0
917611,0
917612,0
917613,0
917614,0
917615,45
917616,0
917617,0
917618,0
917619,25
917620,0
917621,0
917622,0
917623,0
917624,0
917625,0
917626,0
917627,0
917628,0
917629,26
917630,0
917631,0
917632,0
917633,0
917634,0
917635,0
917636,0
917637,26
917638,0
917639,0
917640,0
917641,0
917642,0
917643,0
917644,0
917645,0
917646,0
917647,0
917648,0
917649,0
917650,0
917651,0
917652,0
917653,0
917654,0
917655,25
917656,0
917657,0
917658,0
917659,0
917660,32
917661,0
917662,0
917663,0
917664,0
917665,37
917666,0
917667,0
917668,23
917669,0
917670,47
917671,0
917672,49
917673,21
917674,0
917675,0
917676,0
917677,0
917678,0
917679,0
917680,0
917681,0
917682,0
917683,0
917684,0
917685,0
917686,0
917687,36
917688,0
917689,0
917690,22
917691,0
917692,0
917693,0
917694,40
917695,0
917696,43
917697,0
917698,40
917699,30
917700,0
917701,0
917702,0
917703,0
917704,0
917705,0
917706,0
917707,0
917708,0
917709,0
917710,0
917711,39
917712,0
917713,0
917714,0
917715,0
917716,0
917717,0
917718,0
917719,0
917720,0
917721,38
917722,36
917723,0
917724,0
917725,0
917726,0
917727,0
917728,0
917729,48
917730,0
917731,0
917732,0
917733,0
917734,0
917735,0
917736,0
917737,0
917738,0
917739,0
917740,22
917741,0
917742,22
917743,0
917744,0
917745,26
917746,38
917747,0
917748,0
917749,0
917750,29
917751,0
917752,25
917753,0
917754,0
917755,0
917756,0
917757,0
917758,21
917759,49
917760,0
917761,0
917762,18
917763,0
917764,0
917765,0
917766,20
917767,0
917768,0
917769,0
917770,0
917771,30
917772,0
917773,0
917774,29
917775,0
917776,0
917777,27
917778,0
917779,0
917780,0
917781,0
917782,0
917783,0
917784,0
917785,0
917786,0
917787,0
917788,0
917789,0
917790,0
917791,0
917792,0
917793,0
917794,0
917795,0
917796,33
917797,0
917798,0
917799,0
917800,36
917801,0
917802,0
917803,46
917804,0
917805,0
917806,0
917807,27
917808,0
917809,0
917810,0
917811,0
917812,0
917813,0
917814,0
917815,0
917816,0
917817,0
917818,0
917819,0
917820,0
917821,0
917822,0
917823,18
917824,0
917825,0
917826,0
917827,0
917828,24
917829,0
917830,0
917831,42
917832,0
917833,0
917834,20
917835,0
917836,31
917837,0
917838,0
917839,0
917840,0
917841,0
917842,0
917843,0
917844,32
917845,0
917846,35
917847,22
917848,0
917849,0
917850,0
917851,0
917852,0
917853,0
917854,0
917855,0
917856,44
917857,31
917858,0
917859,0
917860,0
917861,0
917862,23
917863,0
917864,32
917865,15
917866,0
917867,24
917868,0
917869,0
917870,0
917871,0
917872,0
917873,0
917874,0
917875,0
917876,43
917877,0
917878,0
917879,0
917880,0
917881,0
917882,0
917883,0
917884,21
917885,28
917886,0
917887,0
917888,34
917889,0
917890,0
917891,33
917892,33
917893,0
917894,0
917895,0
917896,49
917897,0
917898,0
917899,0
917900,0
917901,0
917902,0
917903,35
917904,0
917905,0
917906,0
917907,0
917908,0
917909,36
917910,0
917911,0
917912,0
917913,24
917914,0
917915,0
917916,0
917917,21
917918,25
917919,0
917920,0
917921,0
917922,53
917923,0
917924,28
917925,0
917926,0
917927,0
917928,39
917929,33
917930,37
917931,48
917932,0
917933,0
917934,0
917935,0
917936,0
917937,0
917938,19
917939,0
917940,0
917941,24
917942,41
917943,0
917944,0
917945,37
917946,33
917947,0
917948,0
917949,0
917950,0
917951,0
917952,0
917953,0
917954,27
917955,22
917956,0
917957,0
917958,0
917959,0
917960,0
917961,0
917962,34
917963,0
917964,0
917965,0
917966,0
917967,0
917968,0
917969,52
917970,0
917971,0
917972,0
917973,0
917974,0
917975,0
917976,0
917977,0
917978,36
917979,0
917980,51
917981,0
917982,38
917983,0
917984,0
917985,0
917986,0
917987,21
917988,0
917989,0
917990,19
917991,0
917992,0
917993,0
917994,25
917995,0
917996,35
917997,0
917998,0
917999,11
918000,31
918001,42
918002,0
918003,0
918004,0
918005,0
918006,0
918007,23
918008,0
918009,0
918010,22
918011,0
918012,33
918013,0
918014,27
918015,0
918016,0
918017,0
918018,0
918019,0
918020,0
918021,0
918022,0
918023,0
918024,0
918025,0
918026,0
918027,0
918028,0
918029,0
918030,0
918031,0
918032,0
918033,0
918034,30
918035,0
918036,22
918037,24
918038,0
918039,27
918040,28
918041,0
918042,0
918043,0
918044,26
918045,0
918046,0
918047,0
918048,0
918049,0
918050,0
918051,0
918052,24
918053,30
918054,14
918055,0
918056,34
918057,0
918058,0
918059,0
918060,0
918061,32
918062,32
918063,0
918064,0
918065,0
918066,0
918067,0
918068,38
918069,0
918070,35
918071,0
918072,0
918073,0
918074,0
918075,0
918076,0
918077,20
918078,0
918079,0
918080,0
918081,0
918082,31
918083,0
918084,39
918085,0
918086,21
918087,0
918088,0
918089,0
918090,0
918091,0
918092,0
918093,0
918094,0
918095,0
918096,0
918097,0
918098,0
918099,0
918100,0
918101,35
918102,0
918103,0
918104,0
918105,0
918106,0
918107,0
918108,0
918109,0
918110,0
918111,38
918112,0
918113,0
918114,0
918115,0
918116,0
918117,0
918118,42
918119,0
918120,0
918121,0
918122,0
918123,0
918124,0
918125,0
918126,0
918127,0
918128,0
918129,0
918130,35
918131,0
918132,0
918133,0
918134,0
918135,0
918136,0
918137,0
918138,0
918139,0
918140,35
918141,0
918142,0
918143,37
918144,0
918145,42
918146,0
918147,0
918148,0
918149,0
918150,0
918151,36
918152,42
918153,0
918154,0
918155,0
918156,0
918157,0
918158,0
918159,0
918160,34
918161,32
918162,0
918163,0
918164,32
918165,39
918166,0
918167,0
918168,0
918169,0
918170,0
918171,0
918172,0
918173,0
918174,0
918175,0
918176,0
918177,0
918178,0
918179,0
918180,0
918181,0
918182,32
918183,42
918184,0
918185,0
918186,0
918187,0
918188,0
918189,0
918190,0
918191,42
918192,0
918193,0
918194,0
918195,0
918196,0
918197,0
918198,29
918199,23
918200,0
918201,0
918202,0
918203,0
918204,36
918205,27
918206,0
918207,0
918208,0
918209,0
918210,0
918211,0
918212,0
918213,0
918214,51
918215,0
918216,0
918217,0
918218,31
918219,0
918220,0
918221,43
918222,0
918223,0
918224,0
918225,0
918226,0
918227,0
918228,0
918229,0
918230,0
918231,0
918232,0
918233,0
918234,0
918235,0
918236,45
918237,0
918238,0
918239,0
918240,0
918241,0
918242,0
918243,0
918244,0
918245,0
918246,0
918247,0
918248,0
918249,0
918250,0
918251,0
918252,0
918253,0
918254,0
918255,0
918256,0
918257,0
918258,34
918259,0
918260,0
918261,0
918262,36
918263,0
918264,0
918265,0
918266,0
918267,49
918268,0
918269,0
918270,0
918271,0
918272,40
918273,33
918274,0
918275,0
918276,0
918277,0
918278,36
918279,44
918280,0
918281,0
918282,0
918283,0
918284,0
918285,0
918286,0
918287,0
918288,36
918289,0
918290,47
918291,44
918292,0
918293,0
918294,39
918295,0
918296,0
918297,0
918298,0
918299,0
918300,0
918301,0
918302,0
918303,0
918304,63
918305,0
918306,0
918307,0
918308,0
918309,0
918310,0
918311,0
918312,0
918313,0
918314,0
918315,0
918316,0
918317,0
918318,0
918319,0
918320,0
918321,46
918322,0
918323,48
918324,0
918325,0
918326,0
918327,0
918328,0
918329,35
918330,0
918331,0
918332,0
918333,0
918334,0
918335,0
918336,0
918337,0
918338,0
918339,35
918340,0
918341,0
918342,0
918343,0
918344,0
918345,0
918346,0
918347,0
918348,0
918349,0
918350,0
918351,39
918352,0
918353,55
918354,0
918355,0
918356,0
918357,52
918358,27
918359,0
918360,0
918361,27
918362,0
918363,0
918364,0
918365,0
918366,0
918367,0
918368,0
918369,0
918370,0
918371,50
918372,36
918373,0
918374,0
918375,31
918376,35
918377,0
918378,0
918379,0
918380,0
918381,0
918382,0
918383,0
918384,52
918385,48
918386,0
918387,0
918388,0
918389,0
918390,0
918391,0
918392,0
918393,0
918394,0
918395,0
918396,0
918397,0
918398,0
918399,0
918400,0
918401,31
918402,0
918403,41
918404,41
918405,0
918406,0
918407,0
918408,0
918409,0
918410,0
918411,0
918412,0
918413,36
918414,0
918415,0
918416,0
918417,44
918418,0
918419,0
918420,0
918421,0
918422,0
918423,0
918424,38
918425,0
918426,0
918427,0
918428,0
918429,0
918430,0
918431,0
918432,0
918433,0
918434,0
918435,0
918436,0
918437,0
918438,0
918439,0
918440,0
918441,0
918442,0
918443,0
918444,0
918445,0
918446,0
918447,39
918448,0
918449,0
918450,32
918451,0
918452,0
918453,0
918454,0
918455,0
918456,0
918457,0
918458,0
918459,0
918460,0
918461,0
918462,0
918463,0
918464,46
918465,0
918466,0
918467,0
918468,0
918469,0
918470,0
918471,0
918472,0
918473,0
918474,0
918475,0
918476,33
918477,0
918478,0
918479,0
918480,0
918481,0
918482,0
918483,41
918484,0
918485,46
918486,25
918487,0
918488,0
918489,0
918490,0
918491,0
918492,0
918493,0
918494,38
918495,0
918496,0
918497,0
918498,0
918499,0
918500,0
918501,0
918502,46
918503,0
918504,55
918505,0
918506,0
918507,0
918508,0
918509,0
918510,0
918511,0
918512,0
918513,0
918514,0
918515,0
918516,35
918517,28
918518,0
918519,0
918520,0
918521,0
918522,0
918523,0
918524,0
918525,0
918526,0
918527,0
918528,0
918529,33
918530,0
918531,0
918532,0
918533,42
918534,0
918535,0
918536,0
918537,0
918538,0
918539,0
918540,0
918541,0
918542,0
918543,0
918544,0
918545,0
918546,33
918547,33
918548,0
918549,0
918550,0
918551,0
918552,0
918553,0
918554,51
918555,0
918556,0
918557,0
918558,0
918559,40
918560,0
918561,0
918562,0
918563,0
918564,0
918565,0
918566,53
918567,0
918568,0
918569,0
918570,0
918571,0
918572,0
918573,0
918574,0
918575,0
918576,0
918577,0
918578,0
918579,0
918580,0
918581,0
918582,0
918583,0
918584,0
918585,0
918586,30
918587,0
918588,26
918589,0
918590,0
918591,0
918592,0
918593,0
918594,0
918595,0
918596,0
918597,0
918598,0
918599,0
918600,0
918601,0
918602,0
918603,0
918604,0
918605,21
918606,0
918607,0
918608,0
918609,0
918610,0
918611,0
918612,0
918613,0
918614,0
918615,0
918616,0
918617,0
918618,0
918619,0
918620,0
918621,0
918622,0
918623,0
918624,0
918625,0
918626,0
918627,0
918628,0
918629,0
918630,0
918631,0
918632,0
918633,0
918634,0
918635,0
918636,0
918637,0
918638,0
918639,0
918640,0
918641,0
918642,0
918643,0
918644,0
918645,0
918646,0
918647,0
918648,0
918649,0
918650,18
918651,0
918652,0
918653,0
918654,23
918655,0
918656,0
918657,0
918658,0
918659,0
918660,0
918661,0
918662,0
918663,0
918664,0
918665,0
918666,0
918667,0
918668,0
918669,0
918670,0
918671,0
918672,0
918673,0
918674,14
918675,0
918676,0
918677,0
918678,0
918679,20
918680,0
918681,0
918682,0
918683,0
918684,0
918685,0
918686,0
918687,0
918688,0
918689,0
918690,0
918691,0
918692,0
918693,0
918694,20
918695,0
918696,0
918697,0
918698,0
918699,0
918700,0
918701,0
918702,0
918703,0
918704,0
918705,0
918706,0
918707,0
918708,0
918709,0
918710,0
918711,0
918712,0
918713,0
918714,0
918715,0
918716,0
918717,0
918718,0
918719,0
918720,0
918721,0
918722,0
918723,0
918724,0
918725,18
918726,0
918727,0
918728,0
918729,0
918730,0
918731,0
918732,0
918733,0
918734,0
918735,0
918736,0
918737,0
918738,0
918739,0
918740,0
918741,0
918742,0
918743,0
918744,0
918745,0
918746,0
918747,0
918748,0
918749,0
918750,0
918751,0
918752,0
918753,0
918754,0
918755,0
918756,0
918757,0
918758,0
918759,0
918760,0
918761,0
918762,0
918763,0
918764,0
918765,0
918766,0
918767,25
918768,0
918769,0
918770,0
918771,0
918772,0
918773,0
918774,0
918775,0
918776,0
918777,0
918778,43
918779,43
918780,0
918781,0
918782,0
918783,0
918784,0
918785,0
918786,0
918787,0
918788,0
918789,0
918790,0
918791,0
918792,22
918793,0
918794,20
918795,0
918796,0
918797,0
918798,0
918799,0
918800,0
918801,0
918802,0
918803,0
918804,0
918805,0
918806,0
918807,0
918808,0
918809,0
918810,0
918811,0
918812,0
918813,0
918814,32
918815,39
918816,0
918817,0
918818,0
918819,0
918820,0
918821,0
918822,0
918823,0
918824,0
918825,0
918826,0
918827,0
918828,0
918829,0
918830,0
918831,0
918832,0
918833,29
918834,0
918835,0
918836,0
918837,26
918838,31
918839,22
918840,0
918841,0
918842,39
918843,0
918844,17
918845,0
918846,0
918847,0
918848,0
918849,0
918850,0
918851,0
918852,0
918853,0
918854,0
918855,0
918856,0
918857,0
918858,0
918859,31
918860,0
918861,0
918862,32
918863,0
918864,0
918865,0
918866,0
918867,0
918868,0
918869,0
918870,0
918871,0
918872,0
918873,0
918874,0
918875,0
918876,0
918877,0
918878,0
918879,0
918880,0
918881,0
918882,0
918883,0
918884,0
918885,0
918886,0
918887,0
918888,0
918889,0
918890,0
918891,0
918892,0
918893,31
918894,20
918895,0
918896,0
918897,0
918898,0
918899,0
918900,0
918901,0
918902,0
918903,0
918904,0
918905,0
918906,0
918907,0
918908,0
918909,0
918910,0
918911,0
918912,0
918913,0
918914,0
918915,0
918916,0
918917,0
918918,0
918919,0
918920,0
918921,0
918922,0
918923,0
918924,0
918925,0
918926,0
918927,0
918928,0
918929,0
918930,0
918931,23
918932,0
918933,0
918934,0
918935,0
918936,0
918937,0
918938,0
918939,0
918940,27
918941,0
918942,20
918943,0
918944,0
918945,0
918946,0
918947,0
918948,0
918949,0
918950,27
918951,20
918952,0
918953,0
918954,0
918955,0
918956,0
918957,0
918958,0
918959,0
918960,0
918961,0
918962,0
918963,0
918964,0
918965,0
918966,0
918967,0
918968,0
918969,0
918970,0
918971,0
918972,0
918973,0
918974,0
918975,0
918976,0
918977,0
918978,0
918979,0
918980,0
918981,0
918982,0
918983,0
918984,0
918985,0
918986,0
918987,0
918988,0
918989,0
918990,0
918991,0
918992,0
918993,0
918994,0
918995,0
918996,0
918997,0
918998,0
918999,0
919000,0
919001,0
919002,0
919003,0
919004,0
919005,0
919006,0
919007,0
919008,0
919009,0
919010,0
919011,0
919012,0
919013,0
919014,0
919015,0
919016,0
919017,0
919018,0
919019,0
919020,0
919021,0
919022,0
919023,0
919024,0
919025,0
919026,0
919027,0
919028,0
919029,0
919030,32
919031,0
919032,0
919033,0
919034,0
919035,0
919036,0
919037,18
919038,0
919039,0
919040,0
919041,0
919042,0
919043,0
919044,21
919045,0
919046,0
919047,0
919048,0
919049,0
919050,0
919051,0
919052,0
919053,0
919054,0
919055,20
919056,0
919057,0
919058,0
919059,0
919060,0
919061,0
919062,0
919063,0
919064,0
919065,0
919066,0
919067,0
919068,0
919069,0
919070,0
919071,22
919072,26
919073,0
919074,0
919075,0
919076,0
919077,0
919078,0
919079,0
919080,0
919081,0
919082,0
919083,0
919084,0
919085,28
919086,0
919087,0
919088,0
919089,0
919090,0
919091,27
919092,0
919093,0
919094,0
919095,0
919096,0
919097,0
919098,0
919099,0
919100,0
919101,0
919102,0
919103,0
919104,0
919105,0
919106,18
919107,0
919108,37
919109,0
919110,0
919111,23
919112,0
919113,0
919114,0
919115,0
919116,15
919117,0
919118,0
919119,0
919120,0
919121,0
919122,0
919123,0
919124,39
919125,0
919126,0
919127,0
919128,0
919129,0
919130,21
919131,0
919132,0
919133,0
919134,0
919135,0
919136,27
919137,0
919138,0
919139,23
919140,0
919141,0
919142,20
919143,0
919144,0
919145,0
919146,0
919147,0
919148,0
919149,0
919150,0
919151,0
919152,0
919153,0
919154,0
919155,0
919156,29
919157,0
919158,0
919159,0
919160,0
919161,29
919162,0
919163,0
919164,0
919165,0
919166,0
919167,0
919168,0
919169,0
919170,0
919171,0
919172,0
919173,0
919174,0
919175,0
919176,0
919177,0
919178,0
919179,0
919180,0
919181,0
919182,0
919183,0
919184,0
919185,0
919186,0
919187,0
919188,0
919189,29
919190,0
919191,0
919192,0
919193,0
919194,0
919195,0
919196,0
919197,0
919198,0
919199,0
919200,0
919201,0
919202,0
919203,0
919204,0
919205,0
919206,0
919207,0
919208,0
919209,0
919210,0
919211,0
919212,0
919213,0
919214,0
919215,0
919216,0
919217,0
919218,0
919219,0
919220,0
919221,0
919222,0
919223,0
919224,0
919225,0
919226,0
919227,0
919228,0
919229,0
919230,0
919231,0
919232,31
919233,0
919234,0
919235,0
919236,0
919237,0
919238,0
919239,0
919240,0
919241,0
919242,0
919243,0
919244,0
919245,0
919246,0
919247,0
919248,0
919249,0
919250,0
919251,0
919252,0
919253,0
919254,0
919255,0
919256,0
919257,0
919258,0
919259,0
919260,0
919261,0
919262,0
919263,0
919264,0
919265,0
919266,0
919267,0
919268,0
919269,0
919270,0
919271,21
919272,0
919273,21
919274,0
919275,0
919276,0
919277,0
919278,0
919279,0
919280,0
919281,0
919282,0
919283,0
919284,0
919285,0
919286,0
919287,0
919288,0
919289,32
919290,0
919291,0
919292,26
919293,0
919294,0
919295,0
919296,0
919297,0
919298,0
919299,0
919300,0
919301,0
919302,0
919303,0
919304,0
919305,0
919306,0
919307,0
919308,0
919309,0
919310,29
919311,0
919312,0
919313,0
919314,13
919315,0
919316,34
919317,0
919318,0
919319,0
919320,0
919321,34
919322,0
919323,0
919324,0
919325,0
919326,0
919327,0
919328,0
919329,0
919330,0
919331,0
919332,0
919333,0
919334,0
919335,0
919336,30
919337,0
919338,0
919339,0
919340,0
919341,0
919342,0
919343,0
919344,0
919345,0
919346,0
919347,0
919348,44
919349,0
919350,0
919351,0
919352,0
919353,0
919354,0
919355,0
919356,0
919357,0
919358,22
919359,0
919360,0
919361,0
919362,0
919363,0
919364,0
919365,0
919366,0
919367,0
919368,46
919369,0
919370,0
919371,0
919372,0
919373,0
919374,0
919375,0
919376,0
919377,0
919378,0
919379,0
919380,0
919381,0
919382,0
919383,0
919384,0
919385,0
919386,0
919387,0
919388,0
919389,0
919390,0
919391,0
919392,0
919393,0
919394,0
919395,39
919396,0
919397,0
919398,0
919399,0
919400,0
919401,0
919402,0
919403,0
919404,0
919405,0
919406,0
919407,0
919408,0
919409,0
919410,14
919411,0
919412,0
919413,0
919414,0
919415,0
919416,0
919417,0
919418,0
919419,0
919420,0
919421,0
919422,0
919423,0
919424,0
919425,0
919426,0
919427,0
919428,25
919429,0
919430,0
919431,0
919432,0
919433,0
919434,0
919435,0
919436,0
919437,0
919438,0
919439,0
919440,0
919441,0
919442,0
919443,0
919444,0
919445,0
919446,0
919447,0
919448,0
919449,24
919450,0
919451,0
919452,33
919453,0
919454,0
919455,0
919456,0
919457,0
919458,0
919459,0
919460,0
919461,0
919462,0
919463,0
919464,0
919465,0
919466,0
919467,0
919468,0
919469,0
919470,1
919471,0
919472,0
919473,0
919474,0
919475,0
919476,0
919477,0
919478,0
919479,0
919480,0
919481,0
919482,0
919483,0
919484,0
919485,0
919486,0
919487,0
919488,0
919489,0
919490,0
919491,0
919492,0
919493,0
919494,0
919495,0
919496,0
919497,0
919498,0
919499,0
919500,0
919501,0
919502,0
919503,0
919504,0
919505,0
919506,0
919507,0
919508,0
919509,0
919510,0
919511,0
919512,0
919513,0
919514,0
919515,0
919516,0
919517,0
919518,0
919519,0
919520,0
919521,1
919522,0
919523,0
919524,0
919525,0
919526,0
919527,0
919528,0
919529,0
919530,0
919531,0
919532,0
919533,0
919534,0
919535,0
919536,0
919537,0
919538,0
919539,0
919540,0
919541,0
919542,0
919543,0
919544,0
919545,0
919546,0
919547,0
919548,0
919549,0
919550,0
919551,0
919552,0
919553,0
919554,1
919555,0
919556,0
919557,0
919558,0
919559,0
919560,0
919561,0
919562,0
919563,0
919564,0
919565,0
919566,0
919567,0
919568,0
919569,0
919570,0
919571,0
919572,0
919573,0
919574,0
919575,0
919576,0
919577,0
919578,0
919579,0
919580,0
919581,0
919582,0
919583,0
919584,0
919585,0
919586,0
919587,0
919588,0
919589,0
919590,0
919591,0
919592,0
919593,0
919594,0
919595,0
919596,0
919597,0
919598,0
919599,0
919600,0
919601,0
919602,0
919603,0
919604,0
919605,0
919606,0
919607,0
919608,0
919609,0
919610,0
919611,0
919612,0
919613,0
919614,0
919615,0
919616,0
919617,0
919618,0
919619,0
919620,0
919621,0
919622,0
919623,0
919624,0
919625,0
919626,1
919627,0
919628,0
919629,0
919630,0
919631,0
919632,0
919633,0
919634,0
919635,0
919636,0
919637,0
919638,0
919639,0
919640,0
919641,0
919642,0
919643,0
919644,0
919645,0
919646,0
919647,0
919648,0
919649,0
919650,0
919651,0
919652,0
919653,0
919654,0
919655,1
919656,0
919657,0
919658,0
919659,0
919660,0
919661,0
919662,0
919663,0
919664,0
919665,0
919666,0
919667,0
919668,2
919669,0
919670,0
919671,0
919672,0
919673,0
919674,0
919675,0
919676,0
919677,0
919678,0
919679,0
919680,0
919681,0
919682,0
919683,0
919684,0
919685,0
919686,0
919687,0
919688,0
919689,0
919690,0
919691,0
919692,0
919693,0
919694,0
919695,0
919696,0
919697,0
919698,0
919699,0
919700,0
919701,0
919702,0
919703,0
919704,0
919705,0
919706,0
919707,0
919708,0
919709,0
919710,0
919711,0
919712,0
919713,0
919714,0
919715,1
919716,0
919717,0
919718,0
919719,0
919720,0
919721,0
919722,0
919723,0
919724,0
919725,0
919726,0
919727,0
919728,0
919729,0
919730,0
919731,0
919732,0
919733,0
919734,0
919735,0
919736,0
919737,0
919738,0
919739,0
919740,0
919741,0
919742,0
919743,0
919744,0
919745,0
919746,0
919747,0
919748,0
919749,0
919750,0
919751,0
919752,0
919753,0
919754,0
919755,0
919756,0
919757,0
919758,0
919759,0
919760,0
919761,0
919762,0
919763,0
919764,0
919765,0
919766,0
919767,0
919768,1
919769,0
919770,0
919771,0
919772,0
919773,0
919774,0
919775,0
919776,0
919777,0
919778,0
919779,0
919780,0
919781,0
919782,0
919783,0
919784,0
919785,0
919786,0
919787,0
919788,0
919789,0
919790,0
919791,0
919792,0
919793,0
919794,0
919795,0
919796,0
919797,0
919798,0
919799,0
919800,0
919801,0
919802,0
919803,0
919804,0
919805,0
919806,0
919807,0
919808,0
919809,0
919810,0
919811,0
919812,0
919813,0
919814,0
919815,0
919816,0
919817,0
919818,0
919819,0
919820,0
919821,0
919822,0
919823,0
919824,0
919825,0
919826,0
919827,0
919828,0
919829,0
919830,0
919831,0
919832,0
919833,0
919834,0
919835,0
919836,0
919837,0
919838,0
919839,0
919840,0
919841,0
919842,0
919843,0
919844,0
919845,0
919846,0
919847,0
919848,0
919849,0
919850,0
919851,0
919852,0
919853,0
919854,0
919855,0
919856,0
919857,0
919858,0
919859,0
919860,0
919861,0
919862,0
919863,0
919864,0
919865,0
919866,0
919867,0
919868,0
919869,0
919870,0
919871,0
919872,0
919873,0
919874,0
919875,0
919876,0
919877,0
919878,0
919879,0
919880,0
919881,0
919882,0
919883,0
919884,0
919885,0
919886,0
919887,0
919888,0
919889,0
919890,0
919891,0
919892,0
919893,0
919894,0
919895,0
919896,0
919897,0
919898,0
919899,0
919900,0
919901,0
919902,0
919903,0
919904,0
919905,0
919906,0
919907,0
919908,0
919909,0
919910,0
919911,0
919912,0
919913,0
919914,0
919915,0
919916,0
919917,0
919918,0
919919,0
919920,0
919921,0
919922,0
919923,0
919924,0
919925,0
919926,0
919927,1
919928,0
919929,0
919930,0
919931,0
919932,0
919933,0
919934,0
919935,0
919936,0
919937,0
919938,0
919939,0
919940,0
919941,0
919942,0
919943,0
919944,0
919945,0
919946,0
919947,0
919948,0
919949,0
919950,0
919951,0
919952,0
919953,0
919954,0
919955,0
919956,0
919957,0
919958,0
919959,0
919960,0
919961,0
919962,0
919963,0
919964,0
919965,0
919966,0
919967,0
919968,0
919969,0
919970,0
919971,1
919972,0
919973,0
919974,0
919975,0
919976,0
919977,0
919978,0
919979,0
919980,0
919981,0
919982,0
919983,0
919984,0
919985,0
919986,0
919987,0
919988,0
919989,0
919990,0
919991,0
919992,0
919993,0
919994,0
919995,0
919996,0
919997,0
919998,0
919999,0
920000,0
920001,0
920002,0
920003,0
920004,0
920005,0
920006,0
920007,0
920008,0
920009,0
920010,0
920011,0
920012,0
920013,0
920014,0
920015,0
920016,0
920017,0
920018,0
920019,0
920020,0
920021,0
920022,0
920023,0
920024,0
920025,0
920026,0
920027,0
920028,0
920029,0
920030,0
920031,0
920032,0
920033,0
920034,0
920035,0
920036,0
920037,0
920038,0
920039,0
920040,0
920041,0
920042,0
920043,0
920044,0
920045,0
920046,0
920047,0
920048,0
920049,0
920050,0
920051,0
920052,0
920053,0
920054,0
920055,0
920056,0
920057,0
920058,0
920059,0
920060,0
920061,0
920062,0
920063,0
920064,0
920065,0
920066,0
920067,0
920068,0
920069,0
920070,0
920071,0
920072,0
920073,0
920074,0
920075,0
920076,0
920077,0
920078,0
920079,0
920080,0
920081,0
920082,0
920083,0
920084,0
920085,0
920086,0
920087,0
920088,0
920089,0
920090,0
920091,0
920092,0
920093,0
920094,0
920095,0
920096,0
920097,0
920098,0
920099,0
920100,0
920101,0
920102,0
920103,0
920104,0
920105,0
920106,0
920107,0
920108,0
920109,0
920110,0
920111,0
920112,0
920113,0
920114,0
920115,0
920116,0
920117,0
920118,0
920119,0
920120,0
920121,0
920122,0
920123,0
920124,0
920125,0
920126,0
920127,0
920128,0
920129,0
920130,0
920131,0
920132,0
920133,0
920134,0
920135,0
920136,0
920137,0
920138,0
920139,0
920140,0
920141,0
920142,0
920143,0
920144,1
920145,0
920146,0
920147,0
920148,0
920149,0
920150,0
920151,0
920152,0
920153,0
920154,0
920155,0
920156,0
920157,0
920158,0
920159,0
920160,0
920161,0
920162,0
920163,0
920164,0
920165,0
920166,0
920167,0
920168,0
920169,0
920170,0
920171,0
920172,0
920173,0
920174,0
920175,0
920176,0
920177,0
920178,0
920179,0
920180,0
920181,0
920182,0
920183,0
920184,0
920185,0
920186,0
920187,0
920188,0
920189,0
920190,0
920191,0
920192,0
920193,0
920194,0
920195,0
920196,0
920197,0
920198,0
920199,0
920200,0
920201,0
920202,0
920203,0
920204,0
920205,0
920206,0
920207,0
920208,0
920209,0
920210,0
920211,0
920212,0
920213,0
920214,0
920215,0
920216,0
920217,0
920218,0
920219,0
920220,0
920221,0
920222,0
920223,0
920224,0
920225,0
920226,0
920227,0
920228,0
920229,0
920230,0
920231,0
920232,0
920233,0
920234,0
920235,0
920236,0
920237,0
920238,0
920239,0
920240,0
920241,0
920242,0
920243,0
920244,0
920245,0
920246,0
920247,0
920248,0
920249,0
920250,0
920251,0
920252,0
920253,0
920254,0
920255,0
920256,0
920257,0
920258,1
920259,0
920260,0
920261,0
920262,0
920263,0
920264,0
920265,0
920266,0
920267,0
920268,0
920269,0
920270,0
920271,0
920272,0
920273,0
920274,0
920275,0
920276,0
920277,0
920278,0
920279,0
920280,0
920281,0
920282,0
920283,0
920284,0
920285,0
920286,0
920287,0
920288,0
920289,1
920290,0
920291,0
920292,0
920293,0
920294,0
920295,0
920296,0
920297,0
920298,0
920299,0
920300,0
920301,0
920302,0
920303,0
920304,0
920305,0
920306,0
920307,0
920308,0
920309,0
920310,0
920311,0
920312,0
920313,0
920314,0
920315,0
920316,0
920317,0
920318,0
920319,0
920320,0
920321,0
920322,0
920323,0
920324,0
920325,0
920326,0
920327,0
920328,0
920329,1
920330,0
920331,0
920332,0
920333,0
920334,0
920335,0
920336,0
920337,0
920338,0
920339,0
920340,0
920341,0
920342,0
920343,0
920344,0
920345,0
920346,0
920347,0
920348,0
920349,0
920350,0
920351,0
920352,0
920353,0
920354,0
920355,0
920356,0
920357,0
920358,0
920359,0
920360,0
920361,0
920362,0
920363,0
920364,0
920365,0
920366,0
920367,0
920368,0
920369,0
920370,0
920371,0
920372,0
920373,0
920374,0
920375,0
920376,0
920377,0
920378,0
920379,0
920380,0
920381,0
920382,0
920383,0
920384,0
920385,0
920386,0
920387,0
920388,0
920389,0
920390,0
920391,0
920392,0
920393,0
920394,0
920395,0
920396,0
920397,0
920398,0
920399,0
920400,0
920401,0
920402,0
920403,0
920404,0
920405,0
920406,0
920407,0
920408,0
920409,0
920410,0
920411,0
920412,0
920413,0
920414,0
920415,0
920416,0
920417,0
920418,0
920419,0
920420,0
920421,0
920422,0
920423,28
920424,0
920425,0
920426,0
920427,0
920428,0
920429,37
920430,0
920431,0
920432,0
920433,0
920434,0
920435,18
920436,0
920437,0
920438,0
920439,0
920440,0
920441,0
920442,0
920443,0
920444,40
920445,0
920446,0
920447,34
920448,18
920449,0
920450,0
920451,0
920452,0
920453,0
920454,0
920455,0
920456,48
920457,0
920458,0
920459,26
920460,0
920461,0
920462,0
920463,31
920464,0
920465,0
920466,0
920467,0
920468,0
920469,0
920470,0
920471,0
920472,5
920473,6
920474,0
920475,4
920476,3
920477,0
920478,0
920479,3
920480,0
920481,0
920482,0
920483,0
920484,0
920485,0
920486,0
920487,0
920488,0
920489,4
920490,0
920491,0
920492,0
920493,0
920494,0
920495,0
920496,0
920497,0
920498,0
920499,8
920500,0
920501,2
920502,5
920503,0
920504,0
920505,0
920506,0
920507,0
920508,0
920509,0
920510,0
920511,0
920512,0
920513,0
920514,0
920515,3
920516,0
920517,0
920518,3
920519,0
920520,0
920521,0
920522,0
920523,0
920524,0
920525,0
920526,8
920527,0
920528,4
920529,4
920530,0
920531,0
920532,0
920533,0
920534,15
920535,0
920536,0
920537,0
920538,7
920539,0
920540,16
920541,0
920542,0
920543,0
920544,18
920545,8
920546,0
920547,0
920548,0
920549,10
920550,0
920551,0
920552,0
920553,0
920554,0
920555,0
920556,0
920557,0
920558,0
920559,0
920560,0
920561,19
920562,14
920563,11
920564,0
920565,0
920566,0
920567,0
920568,9
920569,0
920570,0
920571,0
920572,0
920573,18
920574,0
920575,0
920576,0
920577,0
920578,0
920579,0
920580,0
920581,0
920582,0
920583,0
920584,16
920585,0
920586,0
920587,0
920588,0
920589,0
920590,9
920591,0
920592,6
920593,0
920594,0
920595,0
920596,0
920597,0
920598,0
920599,0
920600,0
920601,7
920602,12
920603,0
920604,0
920605,0
920606,6
920607,0
920608,0
920609,0
920610,0
920611,0
920612,0
920613,0
920614,0
920615,17
920616,17
920617,0
920618,0
920619,11
920620,0
920621,0
920622,0
920623,9
920624,0
920625,0
920626,0
920627,0
920628,0
920629,0
920630,0
920631,0
920632,0
920633,0
920634,0
920635,27
920636,29
920637,16
920638,0
920639,0
920640,0
920641,0
920642,0
920643,0
920644,0
920645,17
920646,0
920647,0
920648,31
920649,0
920650,0
920651,0
920652,0
920653,0
920654,23
920655,0
920656,0
920657,0
920658,0
920659,0
920660,0
920661,25
920662,15
920663,0
920664,0
920665,0
920666,0
920667,0
920668,0
920669,0
920670,0
920671,0
920672,0
920673,18
920674,13
920675,0
920676,19
920677,43
920678,0
920679,0
920680,0
920681,0
920682,0
920683,0
920684,0
920685,0
920686,0
920687,0
920688,0
920689,0
920690,0
920691,35
920692,0
920693,21
920694,18
920695,0
920696,0
920697,0
920698,22
920699,16
920700,0
920701,0
920702,18
920703,0
920704,0
920705,0
920706,0
920707,0
920708,20
920709,0
920710,0
920711,15
920712,12
920713,29
920714,0
920715,0
920716,27
920717,0
920718,0
920719,0
920720,0
920721,0
920722,0
920723,33
920724,18
920725,0
920726,13
920727,0
920728,0
920729,0
920730,17
920731,0
920732,14
920733,0
920734,19
920735,0
920736,0
920737,0
920738,0
920739,0
920740,0
920741,0
920742,0
920743,0
920744,0
920745,0
920746,0
920747,0
920748,29
920749,0
920750,0
920751,19
920752,0
920753,17
920754,0
920755,15
920756,0
920757,0
920758,9
920759,0
920760,0
920761,0
920762,0
920763,0
920764,0
920765,0
920766,0
920767,26
920768,0
920769,0
920770,0
920771,0
920772,0
920773,0
920774,25
920775,19
920776,14
920777,0
920778,0
920779,17
920780,20
920781,15
920782,0
920783,0
920784,0
920785,0
920786,0
920787,0
920788,0
920789,0
920790,21
920791,25
920792,0
920793,0
920794,0
920795,0
920796,21
920797,0
920798,0
920799,0
920800,0
920801,12
920802,0
920803,0
920804,17
920805,11
920806,0
920807,0
920808,0
920809,0
920810,0
920811,0
920812,0
920813,0
920814,0
920815,22
920816,0
920817,0
920818,0
920819,0
920820,0
920821,20
920822,0
920823,0
920824,21
920825,0
920826,0
920827,0
920828,0
920829,0
920830,0
920831,0
920832,0
920833,16
920834,27
920835,0
920836,28
920837,0
920838,0
920839,0
920840,0
920841,0
920842,0
920843,0
920844,0
920845,19
920846,0
920847,0
920848,0
920849,0
920850,0
920851,0
920852,0
920853,17
920854,23
920855,0
920856,0
920857,0
920858,30
920859,16
920860,0
920861,0
920862,0
920863,24
920864,0
920865,0
920866,8
920867,26
920868,0
920869,0
920870,4
920871,0
920872,0
920873,37
920874,27
920875,0
920876,0
920877,0
920878,0
920879,0
920880,0
920881,0
920882,30
920883,0
920884,0
920885,20
920886,36
920887,0
920888,25
920889,0
920890,0
920891,0
920892,0
920893,17
920894,0
920895,0
920896,0
920897,0
920898,0
920899,0
920900,0
920901,11
920902,0
920903,0
920904,0
920905,15
920906,23
920907,0
920908,0
920909,0
920910,0
920911,23
920912,0
920913,26
920914,14
920915,0
920916,16
920917,0
920918,0
920919,0
920920,0
920921,0
920922,0
920923,0
920924,0
920925,0
920926,14
920927,0
920928,0
920929,20
920930,26
920931,45
920932,0
920933,20
920934,0
920935,0
920936,0
920937,0
920938,0
920939,30
920940,0
920941,0
920942,0
920943,16
920944,0
920945,0
920946,7
920947,32
920948,12
920949,0
920950,0
920951,0
920952,0
920953,0
920954,0
920955,0
920956,8
920957,10
920958,17
920959,0
920960,0
920961,0
920962,0
920963,0
920964,0
920965,20
920966,22
920967,0
920968,0
920969,0
920970,0
920971,23
920972,0
920973,0
920974,0
920975,0
920976,0
920977,27
920978,12
920979,0
920980,0
920981,0
920982,26
920983,32
920984,0
920985,0
920986,0
920987,0
920988,0
920989,0
920990,0
920991,0
920992,0
920993,0
920994,0
920995,0
920996,0
920997,0
920998,0
920999,0
921000,0
921001,21
921002,0
921003,0
921004,0
921005,0
921006,0
921007,0
921008,0
921009,32
921010,9
921011,0
921012,0
921013,0
921014,25
921015,32
921016,0
921017,18
921018,0
921019,0
921020,0
921021,0
921022,0
921023,35
921024,0
921025,0
921026,0
921027,0
921028,30
921029,0
921030,28
921031,0
921032,0
921033,0
921034,0
921035,0
921036,0
921037,17
921038,28
921039,0
921040,19
921041,0
921042,0
921043,0
921044,0
921045,0
921046,26
921047,20
921048,0
921049,0
921050,0
921051,0
921052,0
921053,0
921054,0
921055,0
921056,0
921057,0
921058,0
921059,0
921060,0
921061,20
921062,25
921063,0
921064,0
921065,0
921066,0
921067,17
921068,0
921069,0
921070,0
921071,24
921072,0
921073,0
921074,22
921075,0
921076,21
921077,0
921078,0
921079,0
921080,0
921081,0
921082,17
921083,0
921084,0
921085,22
921086,0
921087,0
921088,0
921089,0
921090,21
921091,0
921092,15
921093,0
921094,0
921095,0
921096,0
921097,13
921098,0
921099,16
921100,18
921101,28
921102,0
921103,21
921104,0
921105,0
921106,23
921107,0
921108,0
921109,0
921110,0
921111,0
921112,0
921113,0
921114,0
921115,23
921116,0
921117,0
921118,0
921119,0
921120,28
921121,0
921122,0
921123,0
921124,0
921125,0
921126,0
921127,0
921128,0
921129,0
921130,0
921131,0
921132,0
921133,12
921134,0
921135,0
921136,0
921137,0
921138,0
921139,31
921140,0
921141,0
921142,16
921143,0
921144,0
921145,33
921146,23
921147,0
921148,0
921149,23
921150,0
921151,0
921152,11
921153,0
921154,19
921155,0
921156,0
921157,0
921158,0
921159,19
921160,0
921161,0
921162,0
921163,0
921164,27
921165,0
921166,0
921167,0
921168,0
921169,0
921170,0
921171,0
921172,0
921173,0
921174,0
921175,0
921176,20
921177,0
921178,0
921179,0
921180,16
921181,17
921182,18
921183,23
921184,0
921185,0
921186,0
921187,0
921188,0
921189,0
921190,0
921191,0
921192,26
921193,14
921194,0
921195,24
921196,0
921197,0
921198,0
921199,0
921200,24
921201,0
921202,13
921203,0
921204,0
921205,0
921206,0
921207,0
921208,0
921209,0
921210,28
921211,0
921212,0
921213,0
921214,0
921215,0
921216,0
921217,0
921218,0
921219,0
921220,0
921221,0
921222,0
921223,0
921224,0
921225,0
921226,17
921227,0
921228,11
921229,0
921230,0
921231,16
921232,0
921233,0
921234,0
921235,0
921236,0
921237,16
921238,0
921239,0
921240,0
921241,0
921242,20
921243,0
921244,13
921245,15
921246,0
921247,0
921248,0
921249,0
921250,0
921251,0
921252,0
921253,0
921254,0
921255,36
921256,32
921257,21
921258,12
921259,24
921260,0
921261,0
921262,33
921263,0
921264,21
921265,0
921266,0
921267,0
921268,0
921269,0
921270,0
921271,24
921272,13
921273,0
921274,0
921275,0
921276,0
921277,0
921278,0
921279,0
921280,0
921281,0
921282,0
921283,21
921284,0
921285,0
921286,0
921287,0
921288,20
921289,0
921290,0
921291,0
921292,17
921293,0
921294,12
921295,0
921296,0
921297,15
921298,0
921299,0
921300,27
921301,0
921302,0
921303,0
921304,0
921305,16
921306,0
921307,0
921308,0
921309,21
921310,14
921311,19
921312,0
921313,34
921314,0
921315,0
921316,0
921317,0
921318,0
921319,0
921320,0
921321,18
921322,0
921323,0
921324,0
921325,29
921326,0
921327,0
921328,0
921329,0
921330,0
921331,0
921332,0
921333,19
921334,0
921335,0
921336,0
921337,21
921338,18
921339,0
921340,0
921341,0
921342,0
921343,17
921344,0
921345,34
921346,17
921347,0
921348,0
921349,0
921350,0
921351,26
921352,0
921353,0
921354,0
921355,39
921356,0
921357,0
921358,0
921359,0
921360,15
921361,0
921362,0
921363,0
921364,29
921365,27
921366,23
921367,0
921368,26
921369,0
921370,0
921371,22
921372,25
921373,0
921374,0
921375,0
921376,8
921377,0
921378,0
921379,23
921380,0
921381,0
921382,0
921383,0
921384,0
921385,0
921386,0
921387,0
921388,0
921389,0
921390,20
921391,0
921392,0
921393,0
921394,0
921395,31
921396,26
921397,0
921398,0
921399,0
921400,0
921401,18
921402,0
921403,0
921404,0
921405,0
921406,0
921407,9
921408,0
921409,31
921410,0
921411,0
921412,0
921413,0
921414,0
921415,0
921416,0
921417,0
921418,0
921419,0
921420,0
921421,0
921422,0
921423,0
921424,0
921425,19
921426,13
921427,13
921428,19
921429,0
921430,0
921431,0
921432,0
921433,19
921434,0
921435,0
921436,0
921437,0
921438,0
921439,19
921440,19
921441,0
921442,0
921443,0
921444,0
921445,17
921446,0
921447,0
921448,0
921449,29
921450,0
921451,17
921452,0
921453,0
921454,0
921455,0
921456,0
921457,0
921458,0
921459,0
921460,0
921461,25
921462,0
921463,0
921464,22
921465,0
921466,0
921467,0
921468,0
921469,37
921470,37
921471,0
921472,0
921473,23
921474,31
921475,0
921476,29
921477,0
921478,0
921479,0
921480,0
921481,0
921482,0
921483,0
921484,0
921485,0
921486,0
921487,24
921488,0
921489,0
921490,0
921491,0
921492,10
921493,14
921494,0
921495,24
921496,0
921497,21
921498,23
921499,0
921500,0
921501,0
921502,11
921503,0
921504,0
921505,0
921506,0
921507,0
921508,27
921509,0
921510,0
921511,0
921512,0
921513,0
921514,0
921515,0
921516,0
921517,23
921518,19
921519,0
921520,0
921521,0
921522,0
921523,17
921524,0
921525,21
921526,0
921527,0
921528,0
921529,0
921530,26
921531,18
921532,13
921533,32
921534,0
921535,0
921536,18
921537,18
921538,0
921539,0
921540,0
921541,0
921542,0
921543,0
921544,25
921545,14
921546,0
921547,0
921548,0
921549,35
921550,0
921551,0
921552,32
921553,0
921554,24
921555,0
921556,18
921557,0
921558,0
921559,0
921560,0
921561,0
921562,0
921563,16
921564,0
921565,0
921566,0
921567,0
921568,0
921569,0
921570,21
921571,0
921572,0
921573,0
921574,13
921575,0
921576,19
921577,0
921578,0
921579,23
921580,0
921581,0
921582,0
921583,0
921584,0
921585,15
921586,0
921587,0
921588,0
921589,0
921590,0
921591,17
921592,18
921593,0
921594,0
921595,0
921596,0
921597,0
921598,0
921599,0
921600,0
921601,0
921602,0
921603,0
921604,0
921605,0
921606,0
921607,0
921608,0
921609,0
921610,0
921611,0
921612,0
921613,0
921614,0
921615,0
921616,0
921617,0
921618,0
921619,0
921620,0
921621,0
921622,0
921623,0
921624,0
921625,0
921626,0
921627,0
921628,0
921629,0
921630,0
921631,0
921632,0
921633,0
921634,15
921635,0
921636,0
921637,0
921638,0
921639,0
921640,0
921641,0
921642,0
921643,0
921644,0
921645,0
921646,0
921647,0
921648,10
921649,0
921650,0
921651,0
921652,0
921653,0
921654,0
921655,0
921656,11
921657,0
921658,19
921659,0
921660,0
921661,0
921662,0
921663,14
921664,0
921665,0
921666,0
921667,0
921668,0
921669,0
921670,0
921671,0
921672,0
921673,0
921674,0
921675,0
921676,0
921677,0
921678,0
921679,0
921680,0
921681,0
921682,0
921683,0
921684,0
921685,0
921686,0
921687,0
921688,0
921689,0
921690,0
921691,0
921692,9
921693,0
921694,6
921695,0
921696,0
921697,0
921698,0
921699,0
921700,0
921701,0
921702,0
921703,0
921704,0
921705,0
921706,0
921707,0
921708,0
921709,0
921710,0
921711,0
921712,0
921713,0
921714,0
921715,0
921716,0
921717,0
921718,0
921719,0
921720,0
921721,0
921722,0
921723,0
921724,0
921725,0
921726,0
921727,0
921728,0
921729,0
921730,0
921731,11
921732,0
921733,0
921734,0
921735,0
921736,0
921737,0
921738,0
921739,0
921740,13
921741,0
921742,0
921743,0
921744,0
921745,0
921746,0
921747,0
921748,0
921749,0
921750,0
921751,7
921752,0
921753,0
921754,0
921755,0
921756,0
921757,0
921758,0
921759,0
921760,0
921761,0
921762,0
921763,0
921764,0
921765,0
921766,0
921767,0
921768,0
921769,0
921770,0
921771,0
921772,0
921773,0
921774,0
921775,16
921776,0
921777,0
921778,0
921779,0
921780,0
921781,0
921782,0
921783,0
921784,0
921785,0
921786,11
921787,0
921788,0
921789,0
921790,0
921791,0
921792,0
921793,0
921794,0
921795,0
921796,0
921797,0
921798,0
921799,0
921800,0
921801,0
921802,0
921803,0
921804,0
921805,0
921806,18
921807,0
921808,0
921809,0
921810,0
921811,0
921812,0
921813,0
921814,0
921815,0
921816,0
921817,12
921818,0
921819,0
921820,0
921821,0
921822,0
921823,0
921824,0
921825,0
921826,6
921827,0
921828,0
921829,0
921830,0
921831,0
921832,0
921833,0
921834,0
921835,0
921836,0
921837,0
921838,0
921839,0
921840,0
921841,0
921842,0
921843,0
921844,0
921845,0
921846,0
921847,0
921848,0
921849,0
921850,0
921851,0
921852,0
921853,0
921854,0
921855,0
921856,0
921857,0
921858,0
921859,0
921860,0
921861,0
921862,0
921863,0
921864,0
921865,0
921866,0
921867,0
921868,0
921869,0
921870,0
921871,10
921872,0
921873,0
921874,0
921875,0
921876,0
921877,0
921878,0
921879,0
921880,0
921881,0
921882,0
921883,0
921884,0
921885,0
921886,0
921887,0
921888,0
921889,0
921890,0
921891,0
921892,0
921893,0
921894,0
921895,0
921896,0
921897,0
921898,0
921899,0
921900,0
921901,0
921902,0
921903,0
921904,0
921905,0
921906,0
921907,0
921908,0
921909,0
921910,0
921911,0
921912,0
921913,0
921914,0
921915,0
921916,17
921917,0
921918,0
921919,0
921920,0
921921,0
921922,0
921923,0
921924,0
921925,0
921926,0
921927,0
921928,5
921929,0
921930,0
921931,0
921932,8
921933,0
921934,0
921935,0
921936,0
921937,0
921938,0
921939,0
921940,0
921941,0
921942,0
921943,0
921944,0
921945,7
921946,0
921947,0
921948,0
921949,0
921950,0
921951,0
921952,0
921953,0
921954,0
921955,0
921956,0
921957,0
921958,0
921959,0
921960,0
921961,8
921962,8
921963,0
921964,0
921965,0
921966,0
921967,0
921968,0
921969,0
921970,0
921971,0
921972,0
921973,0
921974,0
921975,7
921976,0
921977,0
921978,0
921979,0
921980,0
921981,0
921982,10
921983,0
921984,0
921985,0
921986,0
921987,0
921988,0
921989,0
921990,0
921991,0
921992,0
921993,0
921994,0
921995,0
921996,0
921997,0
921998,0
921999,0
922000,0
922001,0
922002,0
922003,0
922004,0
922005,0
922006,0
922007,0
922008,0
922009,0
922010,0
922011,0
922012,0
922013,0
922014,0
922015,0
922016,0
922017,0
922018,9
922019,0
922020,0
922021,0
922022,0
922023,3
922024,0
922025,0
922026,0
922027,0
922028,0
922029,0
922030,0
922031,0
922032,0
922033,0
922034,0
922035,0
922036,0
922037,0
922038,0
922039,0
922040,0
922041,1
922042,0
922043,0
922044,0
922045,0
922046,0
922047,0
922048,0
922049,0
922050,0
922051,0
922052,0
922053,0
922054,0
922055,0
922056,0
922057,0
922058,0
922059,0
922060,0
922061,0
922062,3
922063,0
922064,0
922065,0
922066,0
922067,0
922068,0
922069,0
922070,0
922071,0
922072,0
922073,7
922074,0
922075,0
922076,0
922077,4
922078,0
922079,0
922080,0
922081,0
922082,0
922083,0
922084,0
922085,0
922086,0
922087,0
922088,0
922089,0
922090,0
922091,0
922092,0
922093,0
922094,0
922095,0
922096,0
922097,0
922098,0
922099,0
922100,0
922101,0
922102,0
922103,0
922104,0
922105,0
922106,0
922107,0
922108,0
922109,4
922110,0
922111,0
922112,0
922113,3
922114,0
922115,0
922116,0
922117,0
922118,0
922119,0
922120,0
922121,0
922122,0
922123,0
922124,0
922125,0
922126,0
922127,0
922128,0
922129,0
922130,0
922131,0
922132,0
922133,0
922134,0
922135,0
922136,0
922137,0
922138,0
922139,0
922140,0
922141,0
922142,0
922143,0
922144,0
922145,0
922146,0
922147,0
922148,0
922149,0
922150,0
922151,5
922152,0
922153,0
922154,0
922155,0
922156,0
922157,0
922158,0
922159,0
922160,0
922161,0
922162,0
922163,3
922164,0
922165,0
922166,0
922167,0
922168,0
922169,0
922170,0
922171,0
922172,0
922173,0
922174,0
922175,0
922176,0
922177,0
922178,0
922179,0
922180,0
922181,0
922182,0
922183,0
922184,0
922185,3
922186,0
922187,0
922188,3
922189,0
922190,0
922191,0
922192,0
922193,0
922194,0
922195,0
922196,0
922197,0
922198,0
922199,0
922200,0
922201,0
922202,2
922203,4
922204,0
922205,0
922206,0
922207,0
922208,0
922209,0
922210,0
922211,0
922212,0
922213,0
922214,0
922215,0
922216,0
922217,0
922218,0
922219,0
922220,0
922221,0
922222,0
922223,0
922224,0
922225,0
922226,0
922227,0
922228,0
922229,0
922230,0
922231,0
922232,0
922233,0
922234,0
922235,0
922236,0
922237,0
922238,0
922239,0
922240,0
922241,0
922242,0
922243,0
922244,0
922245,0
922246,0
922247,0
922248,0
922249,0
922250,0
922251,0
922252,1
922253,0
922254,0
922255,0
922256,0
922257,0
922258,0
922259,0
922260,0
922261,0
922262,0
922263,0
922264,0
922265,0
922266,0
922267,0
922268,0
922269,0
922270,0
922271,0
922272,2
922273,0
922274,1
922275,0
922276,0
922277,0
922278,0
922279,0
922280,0
922281,0
922282,2
922283,0
922284,0
922285,0
922286,0
922287,0
922288,0
922289,0
922290,0
922291,0
922292,0
922293,0
922294,0
922295,0
922296,1
922297,0
922298,0
922299,0
922300,0
922301,0
922302,0
922303,0
922304,0
922305,0
922306,1
922307,1
922308,0
922309,0
922310,0
922311,0
922312,0
922313,0
922314,0
922315,0
922316,1
922317,0
922318,0
922319,0
922320,0
922321,0
922322,0
922323,0
922324,0
922325,0
922326,0
922327,0
922328,0
922329,0
922330,0
922331,0
922332,0
922333,0
922334,0
922335,0
922336,0
922337,0
922338,0
922339,0
922340,0
922341,0
922342,0
922343,0
922344,0
922345,0
922346,1
922347,0
922348,0
922349,0
922350,0
922351,0
922352,0
922353,0
922354,0
922355,0
922356,0
922357,0
922358,0
922359,0
922360,0
922361,0
922362,0
922363,0
922364,0
922365,0
922366,0
922367,0
922368,1
922369,0
922370,0
922371,0
922372,0
922373,0
922374,0
922375,0
922376,0
922377,0
922378,0
922379,0
922380,0
922381,0
922382,0
922383,0
922384,0
922385,0
922386,0
922387,0
922388,2
922389,0
922390,0
922391,1
922392,3
922393,0
922394,0
922395,0
922396,0
922397,0
922398,0
922399,0
922400,0
922401,1
922402,0
922403,0
922404,0
922405,0
922406,0
922407,0
922408,1
922409,0
922410,0
922411,0
922412,0
922413,0
922414,0
922415,0
922416,0
922417,0
922418,0
922419,0
922420,0
922421,0
922422,0
922423,0
922424,0
922425,0
922426,0
922427,0
922428,0
922429,0
922430,0
922431,0
922432,0
922433,0
922434,1
922435,0
922436,0
922437,0
922438,0
922439,2
922440,0
922441,0
922442,0
922443,0
922444,0
922445,1
922446,0
922447,0
922448,1
922449,0
922450,0
922451,0
922452,0
922453,0
922454,0
922455,0
922456,0
922457,0
922458,0
922459,0
922460,0
922461,0
922462,0
922463,0
922464,0
922465,1
922466,0
922467,0
922468,0
922469,0
922470,0
922471,0
922472,0
922473,0
922474,0
922475,0
922476,0
922477,0
922478,0
922479,0
922480,0
922481,0
922482,0
922483,0
922484,0
922485,0
922486,0
922487,0
922488,0
922489,0
922490,0
922491,0
922492,1
922493,0
922494,1
922495,0
922496,0
922497,0
922498,0
922499,0
922500,0
922501,0
922502,0
922503,0
922504,0
922505,0
922506,0
922507,0
922508,0
922509,0
922510,1
922511,0
922512,0
922513,0
922514,0
922515,0
922516,1
922517,0
922518,0
922519,0
922520,0
922521,0
922522,0
922523,0
922524,0
922525,0
922526,0
922527,0
922528,0
922529,0
922530,1
922531,0
922532,0
922533,0
922534,0
922535,0
922536,0
922537,0
922538,0
922539,0
922540,0
922541,0
922542,0
922543,2
922544,2
922545,0
922546,0
922547,0
922548,0
922549,2
922550,0
922551,0
922552,0
922553,0
922554,0
922555,0
922556,0
922557,0
922558,0
922559,0
922560,0
922561,1
922562,0
922563,0
922564,0
922565,0
922566,0
922567,0
922568,0
922569,0
922570,0
922571,0
922572,0
922573,0
922574,0
922575,0
922576,0
922577,0
922578,0
922579,0
922580,1
922581,0
922582,0
922583,0
922584,0
922585,0
922586,1
922587,0
922588,0
922589,0
922590,0
922591,0
922592,0
922593,0
922594,0
922595,0
922596,0
922597,0
922598,0
922599,0
922600,0
922601,0
922602,0
922603,0
922604,0
922605,0
922606,0
922607,2
922608,0
922609,0
922610,0
922611,0
922612,0
922613,0
922614,0
922615,0
922616,0
922617,0
922618,0
922619,0
922620,2
922621,0
922622,1
922623,0
922624,0
922625,1
922626,0
922627,0
922628,0
922629,1
922630,0
922631,2
922632,1
922633,0
922634,0
922635,0
922636,0
922637,0
922638,0
922639,0
922640,0
922641,0
922642,0
922643,0
922644,0
922645,0
922646,0
922647,0
922648,0
922649,0
922650,0
922651,0
922652,1
922653,0
922654,0
922655,0
922656,0
922657,0
922658,0
922659,0
922660,0
922661,0
922662,0
922663,0
922664,0
922665,0
922666,0
922667,0
922668,0
922669,2
922670,0
922671,0
922672,0
922673,0
922674,0
922675,0
922676,0
922677,0
922678,0
922679,0
922680,1
922681,1
922682,0
922683,0
922684,2
922685,0
922686,0
922687,0
922688,1
922689,0
922690,2
922691,0
922692,0
922693,0
922694,1
922695,0
922696,0
922697,0
922698,0
922699,0
922700,0
922701,0
922702,0
922703,0
922704,0
922705,0
922706,0
922707,0
922708,0
922709,2
922710,0
922711,0
922712,0
922713,0
922714,0
922715,0
922716,0
922717,0
922718,2
922719,0
922720,0
922721,0
922722,0
922723,0
922724,0
922725,0
922726,1
922727,0
922728,0
922729,0
922730,1
922731,0
922732,0
922733,0
922734,0
922735,0
922736,0
922737,0
922738,0
922739,0
922740,0
922741,0
922742,0
922743,0
922744,0
922745,2
922746,1
922747,0
922748,0
922749,2
922750,0
922751,0
922752,0
922753,0
922754,0
922755,1
922756,0
922757,0
922758,0
922759,0
922760,0
922761,0
922762,0
922763,0
922764,0
922765,0
922766,0
922767,0
922768,0
922769,1
922770,0
922771,0
922772,0
922773,0
922774,2
922775,0
922776,0
922777,0
922778,0
922779,0
922780,0
922781,0
922782,1
922783,0
922784,1
922785,0
922786,0
922787,1
922788,0
922789,0
922790,0
922791,0
922792,0
922793,0
922794,0
922795,0
922796,0
922797,0
922798,0
922799,0
922800,0
922801,0
922802,0
922803,0
922804,1
922805,0
922806,0
922807,0
922808,0
922809,0
922810,0
922811,0
922812,0
922813,0
922814,1
922815,0
922816,0
922817,0
922818,0
922819,1
922820,0
922821,0
922822,0
922823,0
922824,1
922825,0
922826,0
922827,0
922828,0
922829,0
922830,0
922831,0
922832,0
922833,0
922834,0
922835,0
922836,1
922837,0
922838,0
922839,0
922840,0
922841,0
922842,0
922843,0
922844,1
922845,0
922846,0
922847,0
922848,3
922849,0
922850,0
922851,0
922852,0
922853,2
922854,1
922855,0
922856,0
922857,0
922858,0
922859,0
922860,0
922861,0
922862,1
922863,0
922864,0
922865,1
922866,0
922867,0
922868,0
922869,0
922870,0
922871,0
922872,0
922873,0
922874,2
922875,0
922876,0
922877,0
922878,0
922879,0
922880,0
922881,0
922882,0
922883,0
922884,0
922885,0
922886,0
922887,0
922888,0
922889,0
922890,1
922891,0
922892,0
922893,0
922894,0
922895,0
922896,0
922897,0
922898,0
922899,0
922900,1
922901,0
922902,0
922903,0
922904,0
922905,0
922906,0
922907,0
922908,0
922909,0
922910,0
922911,0
922912,0
922913,0
922914,0
922915,0
922916,0
922917,0
922918,0
922919,0
922920,0
922921,0
922922,0
922923,0
922924,0
922925,0
922926,0
922927,1
922928,0
922929,0
922930,0
922931,0
922932,0
922933,0
922934,0
922935,0
922936,0
922937,0
922938,0
922939,0
922940,0
922941,0
922942,2
922943,0
922944,0
922945,0
922946,0
922947,0
922948,0
922949,0
922950,0
922951,0
922952,0
922953,0
922954,0
922955,0
922956,0
922957,0
922958,0
922959,0
922960,0
922961,0
922962,0
922963,1
922964,0
922965,0
922966,0
922967,0
922968,0
922969,1
922970,0
922971,0
922972,0
922973,0
922974,0
922975,0
922976,0
922977,0
922978,0
922979,0
922980,0
922981,1
922982,0
922983,0
922984,0
922985,0
922986,1
922987,0
922988,0
922989,0
922990,0
922991,0
922992,0
922993,0
922994,1
922995,0
922996,0
922997,0
922998,0
922999,0
923000,0
923001,0
923002,0
923003,0
923004,1
923005,0
923006,0
923007,0
923008,0
923009,0
923010,0
923011,0
923012,0
923013,0
923014,0
923015,0
923016,0
923017,0
923018,0
923019,0
923020,0
923021,0
923022,0
923023,0
923024,0
923025,0
923026,0
923027,0
923028,0
923029,0
923030,0
923031,0
923032,0
923033,0
923034,0
923035,0
923036,0
923037,0
923038,0
923039,0
923040,0
923041,1
923042,0
923043,0
923044,0
923045,0
923046,0
923047,0
923048,0
923049,0
923050,0
923051,0
923052,0
923053,0
923054,0
923055,0
923056,0
923057,0
923058,0
923059,0
923060,0
923061,0
923062,0
923063,0
923064,0
923065,0
923066,0
923067,0
923068,0
923069,0
923070,0
923071,0
923072,0
923073,0
923074,1
923075,0
923076,0
923077,0
923078,0
923079,0
923080,0
923081,1
923082,0
923083,0
923084,0
923085,1
923086,0
923087,0
923088,0
923089,0
923090,0
923091,0
923092,0
923093,1
923094,0
923095,0
923096,0
923097,0
923098,1
923099,0
923100,0
923101,0
923102,0
923103,2
923104,1
923105,0
923106,0
923107,0
923108,0
923109,1
923110,0
923111,0
923112,0
923113,0
923114,0
923115,0
923116,0
923117,0
923118,0
923119,0
923120,0
923121,0
923122,3
923123,0
923124,0
923125,0
923126,0
923127,0
923128,0
923129,5
923130,0
923131,0
923132,0
923133,0
923134,0
923135,0
923136,0
923137,0
923138,0
923139,0
923140,0
923141,0
923142,0
923143,0
923144,0
923145,0
923146,0
923147,0
923148,0
923149,0
923150,0
923151,0
923152,0
923153,0
923154,0
923155,0
923156,3
923157,0
923158,0
923159,0
923160,0
923161,0
923162,0
923163,0
923164,0
923165,0
923166,0
923167,0
923168,3
923169,0
923170,0
923171,0
923172,2
923173,0
923174,0
923175,0
923176,0
923177,0
923178,0
923179,0
923180,0
923181,0
923182,0
923183,0
923184,0
923185,0
923186,0
923187,0
923188,0
923189,0
923190,0
923191,0
923192,0
923193,0
923194,0
923195,0
923196,0
923197,0
923198,0
923199,0
923200,0
923201,0
923202,0
923203,0
923204,0
923205,0
923206,0
923207,0
923208,0
923209,0
923210,0
923211,0
923212,0
923213,0
923214,0
923215,0
923216,0
923217,0
923218,0
923219,0
923220,0
923221,0
923222,0
923223,3
923224,0
923225,0
923226,0
923227,0
923228,0
923229,0
923230,2
923231,0
923232,0
923233,0
923234,0
923235,0
923236,0
923237,0
923238,0
923239,0
923240,0
923241,0
923242,3
923243,0
923244,0
923245,0
923246,0
923247,0
923248,0
923249,0
923250,0
923251,0
923252,0
923253,0
923254,1
923255,0
923256,0
923257,0
923258,0
923259,0
923260,0
923261,0
923262,0
923263,0
923264,0
923265,0
923266,0
923267,3
923268,0
923269,0
923270,0
923271,3
923272,0
923273,0
923274,0
923275,0
923276,0
923277,0
923278,0
923279,0
923280,0
923281,4
923282,0
923283,0
923284,0
923285,0
923286,0
923287,0
923288,0
923289,0
923290,3
923291,0
923292,0
923293,0
923294,0
923295,0
923296,3
923297,0
923298,0
923299,0
923300,0
923301,0
923302,0
923303,0
923304,0
923305,0
923306,0
923307,0
923308,0
923309,0
923310,0
923311,2
923312,0
923313,0
923314,0
923315,0
923316,0
923317,0
923318,0
923319,0
923320,1
923321,0
923322,0
923323,0
923324,0
923325,2
923326,0
923327,0
923328,0
923329,0
923330,0
923331,0
923332,0
923333,0
923334,0
923335,0
923336,0
923337,0
923338,0
923339,0
923340,0
923341,0
923342,0
923343,0
923344,0
923345,0
923346,0
923347,0
923348,0
923349,0
923350,3
923351,0
923352,0
923353,0
923354,0
923355,0
923356,0
923357,4
923358,0
923359,0
923360,0
923361,0
923362,0
923363,0
923364,0
923365,0
923366,0
923367,0
923368,0
923369,0
923370,0
923371,0
923372,0
923373,0
923374,0
923375,4
923376,1
923377,4
923378,0
923379,0
923380,2
923381,0
923382,0
923383,0
923384,0
923385,0
923386,0
923387,0
923388,0
923389,0
923390,0
923391,0
923392,0
923393,0
923394,0
923395,0
923396,0
923397,0
923398,0
923399,0
923400,0
923401,0
923402,0
923403,0
923404,0
923405,0
923406,3
923407,0
923408,0
923409,0
923410,0
923411,0
923412,0
923413,0
923414,0
923415,0
923416,0
923417,0
923418,3
923419,0
923420,0
923421,0
923422,0
923423,3
923424,0
923425,0
923426,0
923427,0
923428,0
923429,0
923430,0
923431,0
923432,0
923433,0
923434,0
923435,0
923436,0
923437,0
923438,1
923439,0
923440,0
923441,0
923442,0
923443,0
923444,0
923445,0
923446,0
923447,0
923448,0
923449,0
923450,0
923451,0
923452,0
923453,0
923454,0
923455,0
923456,0
923457,0
923458,0
923459,0
923460,0
923461,1
923462,0
923463,0
923464,0
923465,0
923466,0
923467,0
923468,0
923469,0
923470,0
923471,0
923472,0
923473,0
923474,0
923475,0
923476,1
923477,0
923478,0
923479,0
923480,0
923481,0
923482,0
923483,0
923484,0
923485,0
923486,3
923487,1
923488,0
923489,0
923490,0
923491,0
923492,0
923493,0
923494,0
923495,0
923496,0
923497,0
923498,2
923499,0
923500,0
923501,0
923502,0
923503,0
923504,0
923505,0
923506,0
923507,0
923508,0
923509,0
923510,0
923511,0
923512,0
923513,0
923514,0
923515,0
923516,0
923517,0
923518,0
923519,0
923520,0
923521,0
923522,0
923523,0
923524,0
923525,0
923526,0
923527,0
923528,0
923529,0
923530,0
923531,3
923532,0
923533,0
923534,0
923535,0
923536,0
923537,2
923538,0
923539,0
923540,0
923541,0
923542,0
923543,2
923544,0
923545,0
923546,0
923547,0
923548,0
923549,0
923550,0
923551,3
923552,0
923553,0
923554,0
923555,0
923556,0
923557,0
923558,0
923559,0
923560,0
923561,0
923562,0
923563,0
923564,0
923565,0
923566,0
923567,0
923568,0
923569,0
923570,0
923571,0
923572,0
923573,0
923574,0
923575,0
923576,0
923577,0
923578,0
923579,0
923580,0
923581,0
923582,0
923583,0
923584,0
923585,0
923586,0
923587,0
923588,0
923589,0
923590,0
923591,0
923592,3
923593,0
923594,0
923595,0
923596,0
923597,5
923598,0
923599,0
923600,0
923601,0
923602,0
923603,0
923604,0
923605,0
923606,0
923607,0
923608,0
923609,0
923610,0
923611,0
923612,0
923613,0
923614,0
923615,0
923616,0
923617,0
923618,0
923619,0
923620,3
923621,0
923622,0
923623,0
923624,0
923625,0
923626,0
923627,0
923628,0
923629,0
923630,0
923631,4
923632,0
923633,0
923634,0
923635,0
923636,0
923637,0
923638,0
923639,0
923640,0
923641,0
923642,0
923643,2
923644,0
923645,0
923646,0
923647,0
923648,0
923649,0
923650,0
923651,0
923652,0
923653,0
923654,0
923655,0
923656,0
923657,0
923658,0
923659,0
923660,0
923661,0
923662,0
923663,0
923664,0
923665,0
923666,0
923667,0
923668,0
923669,0
923670,0
923671,0
923672,0
923673,4
923674,0
923675,0
923676,0
923677,3
923678,0
923679,0
923680,0
923681,0
923682,0
923683,0
923684,0
923685,0
923686,0
923687,0
923688,0
923689,0
923690,0
923691,0
923692,0
923693,0
923694,0
923695,0
923696,0
923697,0
923698,0
923699,0
923700,0
923701,2
923702,0
923703,0
923704,0
923705,0
923706,0
923707,0
923708,0
923709,0
923710,0
923711,0
923712,0
923713,0
923714,2
923715,0
923716,0
923717,0
923718,0
923719,1
923720,0
923721,0
923722,0
923723,0
923724,0
923725,1
923726,0
923727,0
923728,0
923729,0
923730,2
923731,4
923732,0
923733,0
923734,0
923735,0
923736,0
923737,0
923738,0
923739,0
923740,0
923741,0
923742,0
923743,0
923744,0
923745,0
923746,0
923747,0
923748,0
923749,0
923750,0
923751,0
923752,0
923753,0
923754,0
923755,0
923756,0
923757,0
923758,0
923759,1
923760,0
923761,0
923762,0
923763,0
923764,0
923765,0
923766,0
923767,0
923768,2
923769,0
923770,0
923771,0
923772,0
923773,0
923774,0
923775,0
923776,0
923777,0
923778,0
923779,3
923780,0
923781,0
923782,0
923783,0
923784,0
923785,2
923786,0
923787,0
923788,0
923789,0
923790,0
923791,4
923792,0
923793,0
923794,0
923795,0
923796,0
923797,0
923798,0
923799,0
923800,0
923801,2
923802,0
923803,0
923804,0
923805,0
923806,0
923807,0
923808,0
923809,0
923810,0
923811,0
923812,3
923813,3
923814,0
923815,0
923816,0
923817,0
923818,0
923819,0
923820,0
923821,0
923822,0
923823,0
923824,0
923825,0
923826,0
923827,2
923828,0
923829,0
923830,0
923831,0
923832,0
923833,0
923834,0
923835,0
923836,0
923837,0
923838,0
923839,0
923840,0
923841,0
923842,0
923843,0
923844,0
923845,0
923846,0
923847,0
923848,0
923849,2
923850,0
923851,0
923852,0
923853,0
923854,0
923855,0
923856,0
923857,0
923858,0
923859,0
923860,0
923861,0
923862,0
923863,0
923864,0
923865,0
923866,0
923867,0
923868,2
923869,0
923870,0
923871,0
923872,0
923873,0
923874,0
923875,0
923876,0
923877,0
923878,0
923879,0
923880,0
923881,0
923882,0
923883,0
923884,0
923885,0
923886,0
923887,0
923888,0
923889,0
923890,0
923891,0
923892,0
923893,0
923894,0
923895,3
923896,0
923897,0
923898,2
923899,0
923900,0
923901,0
923902,0
923903,0
923904,0
923905,0
923906,0
923907,0
923908,0
923909,0
923910,0
923911,0
923912,0
923913,0
923914,0
923915,0
923916,0
923917,0
923918,0
923919,0
923920,0
923921,3
923922,0
923923,0
923924,0
923925,0
923926,0
923927,0
923928,0
923929,0
923930,0
923931,3
923932,0
923933,0
923934,0
923935,0
923936,0
923937,0
923938,0
923939,1
923940,0
923941,0
923942,0
923943,0
923944,0
923945,0
923946,0
923947,0
923948,0
923949,0
923950,0
923951,0
923952,0
923953,0
923954,0
923955,0
923956,0
923957,0
923958,0
923959,0
923960,0
923961,0
923962,0
923963,0
923964,0
923965,0
923966,0
923967,0
923968,0
923969,0
923970,0
923971,0
923972,0
923973,3
923974,0
923975,0
923976,0
923977,0
923978,0
923979,0
923980,0
923981,0
923982,0
923983,0
923984,0
923985,0
923986,0
923987,0
923988,0
923989,0
923990,0
923991,0
923992,0
923993,0
923994,0
923995,0
923996,0
923997,0
923998,0
923999,0
924000,0
924001,0
924002,0
924003,0
924004,0
924005,0
924006,0
924007,0
924008,0
924009,0
924010,0
924011,0
924012,1
924013,0
924014,0
924015,0
924016,0
924017,0
924018,0
924019,0
924020,0
924021,0
924022,0
924023,0
924024,0
924025,0
924026,0
924027,0
924028,0
924029,0
924030,0
924031,0
924032,0
924033,0
924034,0
924035,0
924036,0
924037,0
924038,0
924039,0
924040,0
924041,0
924042,0
924043,0
924044,0
924045,0
924046,0
924047,0
924048,0
924049,0
924050,0
924051,0
924052,0
924053,0
924054,0
924055,0
924056,0
924057,0
924058,0
924059,0
924060,0
924061,0
924062,0
924063,0
924064,0
924065,0
924066,0
924067,2
924068,0
924069,0
924070,0
924071,0
924072,0
924073,0
924074,0
924075,0
924076,0
924077,0
924078,0
924079,0
924080,0
924081,0
924082,0
924083,0
924084,7
924085,20
924086,0
924087,0
924088,0
924089,0
924090,0
924091,0
924092,0
924093,0
924094,0
924095,0
924096,16
924097,0
924098,26
924099,0
924100,15
924101,0
924102,21
924103,0
924104,0
924105,0
924106,0
924107,34
924108,0
924109,13
924110,0
924111,0
924112,0
924113,0
924114,0
924115,0
924116,0
924117,0
924118,0
924119,20
924120,0
924121,0
924122,0
924123,0
924124,0
924125,23
924126,0
924127,27
924128,20
924129,0
924130,0
924131,14
924132,26
924133,26
924134,0
924135,0
924136,0
924137,0
924138,21
924139,12
924140,0
924141,0
924142,0
924143,11
924144,0
924145,0
924146,12
924147,0
924148,0
924149,0
924150,20
924151,0
924152,0
924153,0
924154,0
924155,0
924156,16
924157,0
924158,11
924159,0
924160,15
924161,0
924162,0
924163,0
924164,0
924165,0
924166,0
924167,0
924168,24
924169,16
924170,0
924171,0
924172,0
924173,0
924174,0
924175,0
924176,0
924177,25
924178,0
924179,0
924180,0
924181,0
924182,0
924183,20
924184,0
924185,25
924186,0
924187,0
924188,22
924189,0
924190,0
924191,0
924192,0
924193,0
924194,0
924195,0
924196,0
924197,0
924198,0
924199,15
924200,0
924201,0
924202,0
924203,0
924204,0
924205,0
924206,0
924207,0
924208,0
924209,0
924210,0
924211,15
924212,0
924213,0
924214,0
924215,0
924216,18
924217,0
924218,0
924219,0
924220,13
924221,0
924222,0
924223,0
924224,0
924225,17
924226,0
924227,0
924228,0
924229,0
924230,26
924231,0
924232,0
924233,0
924234,25
924235,0
924236,0
924237,22
924238,43
924239,0
924240,0
924241,24
924242,0
924243,0
924244,20
924245,0
924246,0
924247,0
924248,11
924249,0
924250,0
924251,0
924252,0
924253,19
924254,0
924255,0
924256,0
924257,0
924258,0
924259,0
924260,0
924261,0
924262,0
924263,0
924264,26
924265,29
924266,0
924267,0
924268,0
924269,0
924270,0
924271,0
924272,0
924273,12
924274,0
924275,0
924276,0
924277,0
924278,14
924279,0
924280,0
924281,0
924282,16
924283,0
924284,0
924285,0
924286,20
924287,0
924288,0
924289,0
924290,17
924291,0
924292,0
924293,0
924294,16
924295,0
924296,0
924297,0
924298,0
924299,0
924300,0
924301,11
924302,0
924303,0
924304,14
924305,0
924306,0
924307,0
924308,0
924309,0
924310,6
924311,0
924312,0
924313,0
924314,0
924315,11
924316,0
924317,0
924318,0
924319,0
924320,10
924321,0
924322,7
924323,0
924324,0
924325,23
924326,0
924327,0
924328,0
924329,0
924330,0
924331,22
924332,0
924333,0
924334,14
924335,0
924336,0
924337,12
924338,17
924339,0
924340,0
924341,0
924342,0
924343,0
924344,16
924345,0
924346,0
924347,0
924348,0
924349,0
924350,19
924351,0
924352,0
924353,0
924354,17
924355,0
924356,0
924357,0
924358,0
924359,0
924360,0
924361,17
924362,0
924363,0
924364,0
924365,7
924366,0
924367,26
924368,0
924369,0
924370,0
924371,0
924372,0
924373,0
924374,0
924375,0
924376,0
924377,0
924378,0
924379,16
924380,0
924381,0
924382,0
924383,0
924384,0
924385,0
924386,12
924387,0
924388,14
924389,0
924390,0
924391,0
924392,5
924393,0
924394,0
924395,0
924396,0
924397,0
924398,0
924399,0
924400,0
924401,13
924402,0
924403,0
924404,0
924405,0
924406,19
924407,0
924408,0
924409,21
924410,0
924411,0
924412,0
924413,0
924414,0
924415,0
924416,9
924417,14
924418,15
924419,16
924420,0
924421,18
924422,0
924423,0
924424,0
924425,0
924426,0
924427,0
924428,0
924429,0
924430,12
924431,19
924432,23
924433,0
924434,0
924435,0
924436,0
924437,0
924438,8
924439,0
924440,0
924441,0
924442,0
924443,0
924444,0
924445,0
924446,12
924447,0
924448,0
924449,0
924450,19
924451,0
924452,0
924453,13
924454,0
924455,0
924456,0
924457,0
924458,12
924459,0
924460,0
924461,0
924462,17
924463,0
924464,0
924465,12
924466,0
924467,0
924468,0
924469,0
924470,0
924471,0
924472,0
924473,0
924474,0
924475,0
924476,0
924477,0
924478,0
924479,0
924480,0
924481,0
924482,0
924483,0
924484,0
924485,0
924486,0
924487,0
924488,0
924489,0
924490,0
924491,0
924492,0
924493,0
924494,0
924495,0
924496,0
924497,21
924498,0
924499,0
924500,0
924501,0
924502,27
924503,0
924504,0
924505,0
924506,0
924507,0
924508,0
924509,27
924510,0
924511,0
924512,25
924513,0
924514,0
924515,0
924516,0
924517,0
924518,0
924519,0
924520,0
924521,0
924522,0
924523,0
924524,0
924525,0
924526,0
924527,0
924528,0
924529,0
924530,0
924531,0
924532,0
924533,0
924534,0
924535,0
924536,0
924537,0
924538,0
924539,0
924540,0
924541,0
924542,0
924543,0
924544,0
924545,0
924546,0
924547,0
924548,0
924549,0
924550,0
924551,0
924552,0
924553,0
924554,0
924555,0
924556,0
924557,0
924558,0
924559,0
924560,0
924561,0
924562,0
924563,0
924564,0
924565,0
924566,0
924567,0
924568,0
924569,0
924570,0
924571,0
924572,0
924573,0
924574,0
924575,0
924576,0
924577,0
924578,0
924579,0
924580,0
924581,0
924582,0
924583,0
924584,0
924585,0
924586,0
924587,0
924588,0
924589,0
924590,0
924591,0
924592,0
924593,0
924594,0
924595,0
924596,0
924597,0
924598,0
924599,0
924600,0
924601,0
924602,0
924603,0
924604,0
924605,0
924606,0
924607,0
924608,0
924609,0
924610,0
924611,0
924612,0
924613,0
924614,0
924615,0
924616,0
924617,0
924618,0
924619,0
924620,0
924621,0
924622,0
924623,0
924624,0
924625,0
924626,0
924627,0
924628,0
924629,0
924630,0
924631,0
924632,0
924633,0
924634,0
924635,0
924636,0
924637,0
924638,0
924639,0
924640,0
924641,0
924642,0
924643,0
924644,0
924645,0
924646,0
924647,0
924648,0
924649,0
924650,0
924651,0
924652,0
924653,0
924654,0
924655,0
924656,0
924657,0
924658,0
924659,0
924660,0
924661,0
924662,0
924663,0
924664,0
924665,0
924666,0
924667,0
924668,0
924669,0
924670,0
924671,0
924672,0
924673,0
924674,0
924675,0
924676,0
924677,0
924678,0
924679,0
924680,0
924681,0
924682,0
924683,0
924684,0
924685,0
924686,0
924687,0
924688,0
924689,0
924690,0
924691,0
924692,0
924693,0
924694,0
924695,0
924696,0
924697,0
924698,0
924699,0
924700,0
924701,0
924702,0
924703,0
924704,0
924705,0
924706,0
924707,0
924708,0
924709,0
924710,0
924711,0
924712,0
924713,0
924714,0
924715,0
924716,0
924717,0
924718,0
924719,0
924720,0
924721,0
924722,0
924723,0
924724,0
924725,0
924726,0
924727,0
924728,0
924729,0
924730,0
924731,0
924732,0
924733,0
924734,0
924735,0
924736,0
924737,0
924738,0
924739,0
924740,0
924741,0
924742,0
924743,0
924744,0
924745,0
924746,0
924747,0
924748,0
924749,0
924750,0
924751,0
924752,0
924753,0
924754,0
924755,0
924756,0
924757,0
924758,0
924759,0
924760,0
924761,0
924762,0
924763,0
924764,0
924765,0
924766,0
924767,0
924768,0
924769,0
924770,0
924771,0
924772,0
924773,0
924774,0
924775,0
924776,0
924777,0
924778,0
924779,0
924780,0
924781,0
924782,0
924783,0
924784,0
924785,0
924786,0
924787,0
924788,0
924789,0
924790,1
924791,0
924792,0
924793,0
924794,0
924795,0
924796,0
924797,0
924798,0
924799,0
924800,0
924801,0
924802,0
924803,0
924804,0
924805,0
924806,0
924807,0
924808,0
924809,0
924810,0
924811,0
924812,0
924813,0
924814,0
924815,0
924816,0
924817,0
924818,0
924819,0
924820,0
924821,0
924822,0
924823,0
924824,0
924825,0
924826,0
924827,0
924828,0
924829,0
924830,0
924831,0
924832,0
924833,0
924834,0
924835,0
924836,0
924837,0
924838,0
924839,0
924840,0
924841,0
924842,0
924843,0
924844,0
924845,0
924846,0
924847,0
924848,0
924849,0
924850,0
924851,0
924852,0
924853,0
924854,0
924855,0
924856,0
924857,0
924858,0
924859,0
924860,0
924861,0
924862,0
924863,0
924864,0
924865,0
924866,0
924867,0
924868,0
924869,0
924870,0
924871,0
924872,0
924873,0
924874,0
924875,0
924876,0
924877,0
924878,0
924879,0
924880,0
924881,0
924882,0
924883,0
924884,0
924885,0
924886,0
924887,0
924888,0
924889,0
924890,0
924891,0
924892,0
924893,0
924894,0
924895,0
924896,0
924897,0
924898,0
924899,0
924900,0
924901,0
924902,0
924903,0
924904,0
924905,0
924906,0
924907,0
924908,0
924909,0
924910,0
924911,0
924912,0
924913,0
924914,0
924915,0
924916,0
924917,0
924918,0
924919,0
924920,0
924921,0
924922,0
924923,0
924924,0
924925,0
924926,0
924927,0
924928,0
924929,0
924930,0
924931,0
924932,1
924933,0
924934,0
924935,0
924936,0
924937,0
924938,0
924939,0
924940,0
924941,0
924942,0
924943,0
924944,0
924945,0
924946,0
924947,0
924948,0
924949,0
924950,0
924951,0
924952,0
924953,0
924954,0
924955,0
924956,0
924957,0
924958,0
924959,0
924960,0
924961,0
924962,0
924963,0
924964,0
924965,0
924966,0
924967,0
924968,0
924969,0
924970,0
924971,0
924972,0
924973,0
924974,0
924975,0
924976,0
924977,0
924978,0
924979,0
924980,0
924981,0
924982,0
924983,0
924984,0
924985,0
924986,0
924987,0
924988,0
924989,0
924990,0
924991,0
924992,0
924993,0
924994,0
924995,0
924996,0
924997,0
924998,0
924999,0
925000,0
925001,0
925002,0
925003,0
925004,0
925005,0
925006,0
925007,0
925008,0
925009,0
925010,0
925011,0
925012,0
925013,0
925014,0
925015,0
925016,0
925017,0
925018,0
925019,0
925020,0
925021,0
925022,0
925023,0
925024,0
925025,0
925026,0
925027,0
925028,0
925029,0
925030,0
925031,0
925032,0
925033,0
925034,0
925035,0
925036,0
925037,0
925038,0
925039,0
925040,0
925041,0
925042,0
925043,0
925044,0
925045,0
925046,0
925047,0
925048,0
925049,0
925050,0
925051,0
925052,1
925053,0
925054,0
925055,0
925056,0
925057,0
925058,0
925059,0
925060,0
925061,0
925062,0
925063,0
925064,0
925065,0
925066,0
925067,0
925068,0
925069,0
925070,0
925071,0
925072,0
925073,0
925074,0
925075,0
925076,0
925077,0
925078,0
925079,0
925080,0
925081,0
925082,0
925083,0
925084,0
925085,0
925086,0
925087,0
925088,0
925089,0
925090,0
925091,0
925092,0
925093,0
925094,0
925095,0
925096,0
925097,0
925098,0
925099,0
925100,0
925101,0
925102,0
925103,0
925104,0
925105,0
925106,0
925107,0
925108,0
925109,0
925110,0
925111,0
925112,0
925113,0
925114,0
925115,0
925116,0
925117,0
925118,0
925119,0
925120,0
925121,0
925122,0
925123,0
925124,0
925125,0
925126,0
925127,0
925128,0
925129,0
925130,0
925131,0
925132,0
925133,0
925134,0
925135,0
925136,0
925137,0
925138,0
925139,0
925140,0
925141,0
925142,0
925143,0
925144,0
925145,0
925146,0
925147,0
925148,0
925149,0
925150,0
925151,0
925152,0
925153,0
925154,0
925155,0
925156,0
925157,0
925158,0
925159,0
925160,0
925161,0
925162,0
925163,0
925164,0
925165,0
925166,0
925167,0
925168,0
925169,0
925170,0
925171,0
925172,0
925173,0
925174,0
925175,0
925176,0
925177,0
925178,0
925179,0
925180,0
925181,0
925182,0
925183,0
925184,0
925185,0
925186,0
925187,0
925188,0
925189,0
925190,0
925191,0
925192,0
925193,0
925194,0
925195,0
925196,0
925197,0
925198,0
925199,0
925200,0
925201,0
925202,0
925203,0
925204,0
925205,0
925206,0
925207,0
925208,0
925209,0
925210,0
925211,0
925212,0
925213,0
925214,0
925215,0
925216,0
925217,0
925218,0
925219,0
925220,0
925221,0
925222,0
925223,0
925224,0
925225,0
925226,0
925227,0
925228,0
925229,0
925230,0
925231,0
925232,0
925233,0
925234,0
925235,0
925236,0
925237,0
925238,0
925239,0
925240,0
925241,0
925242,0
925243,0
925244,0
925245,0
925246,0
925247,0
925248,0
925249,0
925250,0
925251,0
925252,0
925253,0
925254,0
925255,0
925256,0
925257,0
925258,0
925259,0
925260,0
925261,0
925262,0
925263,0
925264,0
925265,0
925266,0
925267,0
925268,0
925269,0
925270,0
925271,0
925272,0
925273,0
925274,1
925275,0
925276,0
925277,0
925278,0
925279,0
925280,0
925281,0
925282,0
925283,0
925284,0
925285,0
925286,0
925287,0
925288,0
925289,0
925290,0
925291,0
925292,0
925293,0
925294,0
925295,0
925296,0
925297,0
925298,0
925299,0
925300,0
925301,0
925302,0
925303,0
925304,0
925305,0
925306,0
925307,0
925308,0
925309,0
925310,0
925311,0
925312,0
925313,0
925314,0
925315,0
925316,0
925317,0
925318,0
925319,0
925320,0
925321,0
925322,0
925323,0
925324,0
925325,0
925326,0
925327,0
925328,0
925329,0
925330,0
925331,0
925332,0
925333,0
925334,0
925335,0
925336,0
925337,0
925338,0
925339,0
925340,0
925341,0
925342,0
925343,0
925344,0
925345,0
925346,0
925347,0
925348,0
925349,0
925350,0
925351,0
925352,0
925353,0
925354,0
925355,0
925356,0
925357,0
925358,0
925359,0
925360,0
925361,0
925362,0
925363,0
925364,0
925365,0
925366,0
925367,0
925368,0
925369,0
925370,0
925371,0
925372,0
925373,0
925374,0
925375,0
925376,0
925377,0
925378,0
925379,0
925380,0
925381,0
925382,0
925383,0
925384,0
925385,0
925386,0
925387,0
925388,0
925389,0
925390,0
925391,0
925392,0
925393,0
925394,0
925395,0
925396,0
925397,0
925398,0
925399,0
925400,0
925401,0
925402,0
925403,0
925404,0
925405,0
925406,0
925407,0
925408,0
925409,0
925410,0
925411,0
925412,0
925413,0
925414,0
925415,0
925416,0
925417,0
925418,0
925419,0
925420,0
925421,0
925422,0
925423,0
925424,0
925425,0
925426,0
925427,0
925428,0
925429,0
925430,0
925431,0
925432,0
925433,0
925434,1
925435,1
925436,0
925437,0
925438,0
925439,0
925440,0
925441,0
925442,0
925443,0
925444,0
925445,0
925446,0
925447,0
925448,0
925449,0
925450,0
925451,0
925452,0
925453,0
925454,0
925455,1
925456,0
925457,0
925458,0
925459,0
925460,0
925461,0
925462,0
925463,0
925464,0
925465,0
925466,0
925467,0
925468,0
925469,0
925470,0
925471,0
925472,0
925473,0
925474,0
925475,0
925476,0
925477,0
925478,0
925479,0
925480,0
925481,0
925482,0
925483,0
925484,0
925485,0
925486,0
925487,0
925488,0
925489,0
925490,0
925491,0
925492,0
925493,0
925494,0
925495,0
925496,0
925497,0
925498,0
925499,0
925500,0
925501,0
925502,0
925503,0
925504,0
925505,0
925506,0
925507,0
925508,0
925509,0
925510,0
925511,0
925512,0
925513,0
925514,0
925515,0
925516,0
925517,0
925518,0
925519,0
925520,0
925521,0
925522,0
925523,0
925524,0
925525,0
925526,0
925527,0
925528,0
925529,0
925530,0
925531,0
925532,0
925533,0
925534,0
925535,0
925536,0
925537,0
925538,0
925539,0
925540,0
925541,0
925542,0
925543,0
925544,0
925545,0
925546,1
925547,0
925548,0
925549,0
925550,0
925551,0
925552,1
925553,0
925554,0
925555,0
925556,0
925557,0
925558,1
925559,0
925560,0
925561,0
925562,0
925563,0
925564,0
925565,0
925566,0
925567,0
925568,0
925569,0
925570,0
925571,0
925572,0
925573,0
925574,0
925575,0
925576,0
925577,0
925578,0
925579,0
925580,0
925581,0
925582,0
925583,0
925584,0
925585,0
925586,0
925587,0
925588,0
925589,0
925590,0
925591,0
925592,0
925593,0
925594,0
925595,0
925596,0
925597,0
925598,0
925599,0
925600,0
925601,0
925602,0
925603,1
925604,0
925605,0
925606,0
925607,0
925608,0
925609,0
925610,0
925611,0
925612,0
925613,0
925614,0
925615,0
925616,0
925617,0
925618,0
925619,0
925620,1
925621,0
925622,0
925623,0
925624,0
925625,0
925626,0
925627,0
925628,0
925629,0
925630,0
925631,0
925632,0
925633,0
925634,0
925635,0
925636,0
925637,0
925638,0
925639,0
925640,0
925641,0
925642,0
925643,0
925644,0
925645,0
925646,0
925647,0
925648,0
925649,0
925650,0
925651,0
925652,0
925653,0
925654,0
925655,0
925656,0
925657,0
925658,0
925659,0
925660,0
925661,0
925662,0
925663,0
925664,0
925665,0
925666,0
925667,0
925668,0
925669,0
925670,0
925671,0
925672,0
925673,0
925674,0
925675,0
925676,0
925677,0
925678,0
925679,0
925680,0
925681,0
925682,0
925683,0
925684,0
925685,0
925686,0
925687,0
925688,0
925689,0
925690,0
925691,0
925692,0
925693,1
925694,0
925695,0
925696,0
925697,0
925698,0
925699,0
925700,0
925701,0
925702,0
925703,0
925704,0
925705,0
925706,0
925707,0
925708,0
925709,0
925710,0
925711,0
925712,0
925713,0
925714,0
925715,0
925716,0
925717,0
925718,0
925719,0
925720,0
925721,0
925722,0
925723,0
925724,0
925725,0
925726,0
925727,0
925728,0
925729,0
925730,0
925731,0
925732,0
925733,0
925734,0
925735,0
925736,0
925737,0
925738,0
925739,0
925740,0
925741,0
925742,0
925743,0
925744,0
925745,0
925746,0
925747,0
925748,0
925749,0
925750,0
925751,0
925752,0
925753,0
925754,0
925755,0
925756,0
925757,0
925758,0
925759,0
925760,0
925761,0
925762,0
925763,0
925764,0
925765,0
925766,0
925767,0
925768,0
925769,0
925770,0
925771,0
925772,0
925773,0
925774,0
925775,0
925776,0
925777,0
925778,0
925779,0
925780,0
925781,0
925782,0
925783,0
925784,0
925785,0
925786,0
925787,0
925788,0
925789,0
925790,0
925791,0
925792,0
925793,0
925794,0
925795,0
925796,0
925797,0
925798,1
925799,0
925800,0
925801,0
925802,0
925803,0
925804,0
925805,0
925806,0
925807,0
925808,0
925809,0
925810,0
925811,0
925812,0
925813,0
925814,0
925815,0
925816,0
925817,0
925818,0
925819,0
925820,0
925821,0
925822,0
925823,0
925824,0
925825,0
925826,0
925827,0
925828,0
925829,0
925830,0
925831,0
925832,0
925833,0
925834,0
925835,0
925836,0
925837,0
925838,0
925839,0
925840,0
925841,0
925842,0
925843,0
925844,0
925845,0
925846,0
925847,0
925848,0
925849,0
925850,0
925851,0
925852,0
925853,0
925854,0
925855,0
925856,0
925857,0
925858,0
925859,0
925860,0
925861,0
925862,0
925863,0
925864,0
925865,0
925866,0
925867,0
925868,0
925869,0
925870,0
925871,0
925872,0
925873,0
925874,0
925875,0
925876,0
925877,0
925878,0
925879,0
925880,0
925881,0
925882,0
925883,0
925884,0
925885,0
925886,0
925887,0
925888,0
925889,0
925890,0
925891,0
925892,0
925893,0
925894,0
925895,0
925896,0
925897,0
925898,0
925899,0
925900,0
925901,0
925902,0
925903,0
925904,0
925905,0
925906,0
925907,0
925908,0
925909,0
925910,0
925911,0
925912,0
925913,0
925914,0
925915,1
925916,0
925917,0
925918,0
925919,0
925920,0
925921,0
925922,0
925923,0
925924,0
925925,0
925926,0
925927,0
925928,0
925929,0
925930,0
925931,0
925932,0
925933,0
925934,0
925935,0
925936,0
925937,0
925938,0
925939,0
925940,0
925941,0
925942,0
925943,0
925944,0
925945,0
925946,0
925947,0
925948,0
925949,0
925950,0
925951,0
925952,0
925953,0
925954,0
925955,0
925956,0
925957,0
925958,0
925959,0
925960,0
925961,0
925962,0
925963,0
925964,0
925965,0
925966,0
925967,0
925968,0
925969,0
925970,0
925971,0
925972,0
925973,0
925974,1
925975,0
925976,0
925977,0
925978,0
925979,0
925980,0
925981,0
925982,0
925983,0
925984,0
925985,0
925986,0
925987,0
925988,0
925989,0
925990,0
925991,0
925992,0
925993,0
925994,0
925995,0
925996,0
925997,0
925998,0
925999,0
926000,0
926001,0
926002,0
926003,0
926004,0
926005,0
926006,0
926007,0
926008,0
926009,0
926010,0
926011,0
926012,0
926013,0
926014,0
926015,0
926016,0
926017,0
926018,0
926019,0
926020,0
926021,0
926022,0
926023,0
926024,0
926025,0
926026,0
926027,0
926028,0
926029,0
926030,0
926031,0
926032,0
926033,0
926034,0
926035,0
926036,0
926037,0
926038,0
926039,0
926040,0
926041,0
926042,0
926043,0
926044,0
926045,0
926046,0
926047,0
926048,0
926049,0
926050,0
926051,0
926052,0
926053,0
926054,0
926055,0
926056,0
926057,0
926058,0
926059,0
926060,0
926061,0
926062,0
926063,0
926064,0
926065,0
926066,0
926067,0
926068,0
926069,0
926070,0
926071,0
926072,0
926073,0
926074,0
926075,0
926076,0
926077,0
926078,1
926079,0
926080,0
926081,0
926082,0
926083,0
926084,0
926085,0
926086,0
926087,0
926088,0
926089,0
926090,0
926091,0
926092,0
926093,0
926094,0
926095,0
926096,0
926097,0
926098,0
926099,0
926100,0
926101,0
926102,0
926103,0
926104,0
926105,19
926106,22
926107,0
926108,0
926109,0
926110,21
926111,0
926112,0
926113,0
926114,0
926115,25
926116,0
926117,0
926118,36
926119,0
926120,30
926121,0
926122,31
926123,0
926124,0
926125,0
926126,0
926127,0
926128,0
926129,0
926130,0
926131,0
926132,24
926133,0
926134,16
926135,20
926136,0
926137,0
926138,0
926139,0
926140,14
926141,0
926142,0
926143,13
926144,23
926145,0
926146,20
926147,0
926148,0
926149,0
926150,0
926151,0
926152,0
926153,0
926154,0
926155,0
926156,0
926157,0
926158,13
926159,20
926160,0
926161,0
926162,0
926163,0
926164,0
926165,31
926166,13
926167,0
926168,23
926169,0
926170,24
926171,0
926172,0
926173,0
926174,0
926175,32
926176,0
926177,33
926178,0
926179,0
926180,0
926181,0
926182,0
926183,0
926184,0
926185,0
926186,0
926187,0
926188,0
926189,0
926190,0
926191,0
926192,0
926193,0
926194,0
926195,0
926196,0
926197,0
926198,0
926199,0
926200,0
926201,0
926202,0
926203,16
926204,0
926205,0
926206,0
926207,0
926208,0
926209,0
926210,0
926211,18
926212,0
926213,0
926214,0
926215,0
926216,0
926217,0
926218,0
926219,0
926220,0
926221,0
926222,25
926223,37
926224,31
926225,0
926226,0
926227,0
926228,0
926229,0
926230,0
926231,0
926232,0
926233,0
926234,24
926235,9
926236,0
926237,0
926238,0
926239,15
926240,0
926241,0
926242,0
926243,0
926244,0
926245,0
926246,0
926247,16
926248,0
926249,0
926250,16
926251,28
926252,0
926253,0
926254,0
926255,0
926256,0
926257,0
926258,0
926259,0
926260,22
926261,0
926262,0
926263,21
926264,0
926265,0
926266,26
926267,16
926268,18
926269,0
926270,0
926271,15
926272,0
926273,0
926274,0
926275,0
926276,0
926277,0
926278,0
926279,24
926280,0
926281,0
926282,0
926283,0
926284,0
926285,0
926286,0
926287,0
926288,0
926289,0
926290,0
926291,0
926292,24
926293,0
926294,0
926295,0
926296,0
926297,21
926298,0
926299,0
926300,0
926301,0
926302,0
926303,0
926304,0
926305,19
926306,15
926307,0
926308,0
926309,0
926310,0
926311,0
926312,0
926313,0
926314,18
926315,0
926316,27
926317,0
926318,27
926319,0
926320,0
926321,19
926322,30
926323,15
926324,26
926325,0
926326,0
926327,0
926328,0
926329,0
926330,24
926331,0
926332,0
926333,0
926334,0
926335,0
926336,25
926337,0
926338,0
926339,0
926340,0
926341,0
926342,0
926343,0
926344,0
926345,0
926346,0
926347,0
926348,0
926349,0
926350,0
926351,0
926352,0
926353,0
926354,0
926355,17
926356,0
926357,0
926358,0
926359,15
926360,0
926361,0
926362,0
926363,0
926364,0
926365,0
926366,29
926367,33
926368,0
926369,26
926370,0
926371,0
926372,19
926373,0
926374,0
926375,23
926376,0
926377,20
926378,0
926379,24
926380,0
926381,0
926382,0
926383,0
926384,0
926385,0
926386,0
926387,0
926388,0
926389,16
926390,0
926391,0
926392,0
926393,0
926394,0
926395,0
926396,0
926397,0
926398,0
926399,0
926400,0
926401,0
926402,0
926403,0
926404,0
926405,0
926406,0
926407,0
926408,0
926409,0
926410,0
926411,0
926412,0
926413,26
926414,0
926415,0
926416,0
926417,0
926418,0
926419,0
926420,0
926421,0
926422,0
926423,15
926424,24
926425,28
926426,18
926427,0
926428,0
926429,0
926430,0
926431,0
926432,0
926433,0
926434,0
926435,23
926436,0
926437,23
926438,0
926439,0
926440,0
926441,0
926442,25
926443,18
926444,19
926445,23
926446,0
926447,0
926448,0
926449,0
926450,0
926451,0
926452,0
926453,0
926454,0
926455,0
926456,0
926457,0
926458,0
926459,0
926460,0
926461,0
926462,0
926463,0
926464,0
926465,0
926466,0
926467,0
926468,0
926469,0
926470,0
926471,0
926472,0
926473,0
926474,0
926475,0
926476,0
926477,0
926478,0
926479,0
926480,0
926481,0
926482,0
926483,0
926484,0
926485,0
926486,24
926487,0
926488,0
926489,0
926490,17
926491,0
926492,0
926493,0
926494,24
926495,0
926496,25
926497,26
926498,23
926499,0
926500,16
926501,0
926502,16
926503,0
926504,0
926505,0
926506,0
926507,21
926508,0
926509,20
926510,0
926511,0
926512,0
926513,0
926514,0
926515,0
926516,0
926517,0
926518,0
926519,0
926520,0
926521,0
926522,0
926523,0
926524,0
926525,0
926526,0
926527,0
926528,0
926529,21
926530,0
926531,10
926532,0
926533,0
926534,19
926535,0
926536,0
926537,0
926538,0
926539,18
926540,0
926541,0
926542,15
926543,0
926544,0
926545,19
926546,0
926547,0
926548,0
926549,0
926550,0
926551,0
926552,21
926553,0
926554,0
926555,0
926556,0
926557,0
926558,0
926559,0
926560,0
926561,0
926562,0
926563,0
926564,0
926565,0
926566,0
926567,0
926568,16
926569,0
926570,19
926571,0
926572,0
926573,0
926574,10
926575,0
926576,0
926577,0
926578,0
926579,0
926580,0
926581,0
926582,0
926583,0
926584,16
926585,0
926586,0
926587,0
926588,0
926589,0
926590,0
926591,0
926592,0
926593,0
926594,0
926595,0
926596,19
926597,0
926598,0
926599,0
926600,0
926601,0
926602,0
926603,0
926604,18
926605,0
926606,22
926607,0
926608,0
926609,0
926610,0
926611,0
926612,12
926613,0
926614,0
926615,0
926616,0
926617,0
926618,0
926619,0
926620,0
926621,0
926622,24
926623,0
926624,0
926625,0
926626,0
926627,0
926628,23
926629,0
926630,0
926631,0
926632,0
926633,0
926634,0
926635,35
926636,25
926637,22
926638,0
926639,0
926640,0
926641,0
926642,0
926643,15
926644,19
926645,0
926646,0
926647,0
926648,0
926649,0
926650,0
926651,0
926652,0
926653,0
926654,0
926655,0
926656,0
926657,0
926658,0
926659,0
926660,0
926661,0
926662,0
926663,0
926664,0
926665,0
926666,0
926667,0
926668,0
926669,0
926670,19
926671,0
926672,0
926673,0
926674,17
926675,0
926676,23
926677,0
926678,0
926679,0
926680,0
926681,0
926682,0
926683,0
926684,0
926685,29
926686,0
926687,0
926688,0
926689,0
926690,0
926691,0
926692,17
926693,0
926694,0
926695,0
926696,0
926697,0
926698,0
926699,0
926700,0
926701,0
926702,0
926703,0
926704,28
926705,0
926706,30
926707,0
926708,0
926709,0
926710,22
926711,0
926712,0
926713,24
926714,0
926715,16
926716,0
926717,0
926718,0
926719,0
926720,0
926721,0
926722,20
926723,0
926724,14
926725,0
926726,0
926727,0
926728,0
926729,0
926730,0
926731,0
926732,0
926733,0
926734,0
926735,20
926736,0
926737,0
926738,0
926739,0
926740,0
926741,0
926742,0
926743,0
926744,0
926745,0
926746,0
926747,0
926748,0
926749,0
926750,0
926751,0
926752,0
926753,27
926754,0
926755,0
926756,0
926757,0
926758,0
926759,0
926760,0
926761,0
926762,0
926763,0
926764,23
926765,0
926766,0
926767,0
926768,0
926769,0
926770,20
926771,0
926772,0
926773,0
926774,0
926775,0
926776,25
926777,0
926778,0
926779,0
926780,0
926781,0
926782,0
926783,0
926784,0
926785,0
926786,35
926787,0
926788,16
926789,0
926790,0
926791,0
926792,0
926793,0
926794,0
926795,0
926796,0
926797,0
926798,0
926799,0
926800,0
926801,0
926802,0
926803,21
926804,0
926805,0
926806,0
926807,0
926808,0
926809,23
926810,0
926811,0
926812,0
926813,24
926814,32
926815,0
926816,0
926817,0
926818,0
926819,0
926820,0
926821,0
926822,0
926823,0
926824,0
926825,0
926826,0
926827,0
926828,0
926829,12
926830,0
926831,0
926832,0
926833,0
926834,20
926835,17
926836,21
926837,0
926838,0
926839,25
926840,0
926841,0
926842,0
926843,0
926844,0
926845,9
926846,0
926847,0
926848,0
926849,0
926850,0
926851,0
926852,0
926853,0
926854,0
926855,0
926856,0
926857,0
926858,0
926859,0
926860,0
926861,0
926862,0
926863,0
926864,0
926865,0
926866,21
926867,0
926868,14
926869,34
926870,0
926871,31
926872,0
926873,0
926874,0
926875,0
926876,0
926877,0
926878,26
926879,0
926880,0
926881,0
926882,0
926883,0
926884,15
926885,0
926886,0
926887,0
926888,24
926889,0
926890,0
926891,15
926892,28
926893,29
926894,24
926895,0
926896,0
926897,0
926898,0
926899,0
926900,0
926901,0
926902,0
926903,0
926904,0
926905,0
926906,0
926907,0
926908,22
926909,0
926910,0
926911,0
926912,0
926913,0
926914,0
926915,0
926916,0
926917,0
926918,0
926919,0
926920,0
926921,0
926922,0
926923,0
926924,0
926925,0
926926,0
926927,0
926928,0
926929,0
926930,11
926931,0
926932,0
926933,0
926934,22
926935,0
926936,0
926937,0
926938,0
926939,0
926940,0
926941,0
926942,0
926943,0
926944,0
926945,0
926946,0
926947,0
926948,20
926949,22
926950,27
926951,0
926952,16
926953,0
926954,0
926955,0
926956,0
926957,19
926958,0
926959,0
926960,0
926961,0
926962,0
926963,0
926964,0
926965,0
926966,20
926967,0
926968,0
926969,0
926970,0
926971,0
926972,0
926973,0
926974,15
926975,0
926976,0
926977,30
926978,0
926979,13
926980,0
926981,23
926982,21
926983,0
926984,0
926985,23
926986,0
926987,0
926988,0
926989,0
926990,0
926991,11
926992,0
926993,22
926994,0
926995,0
926996,32
926997,0
926998,0
926999,0
927000,29
927001,0
927002,0
927003,0
927004,0
927005,0
927006,0
927007,0
927008,17
927009,0
927010,0
927011,0
927012,0
927013,0
927014,0
927015,0
927016,0
927017,0
927018,0
927019,0
927020,0
927021,0
927022,15
927023,0
927024,0
927025,19
927026,0
927027,0
927028,0
927029,0
927030,35
927031,0
927032,0
927033,0
927034,0
927035,26
927036,1
927037,1
927038,0
927039,0
927040,0
927041,0
927042,0
927043,0
927044,1
927045,0
927046,0
927047,6
927048,0
927049,0
927050,0
927051,3
927052,0
927053,0
927054,2
927055,0
927056,0
927057,1
927058,0
927059,0
927060,0
927061,0
927062,0
927063,0
927064,0
927065,0
927066,0
927067,0
927068,2
927069,0
927070,0
927071,0
927072,4
927073,0
927074,0
927075,0
927076,0
927077,0
927078,0
927079,0
927080,0
927081,0
927082,0
927083,3
927084,0
927085,0
927086,0
927087,0
927088,0
927089,0
927090,0
927091,0
927092,0
927093,1
927094,0
927095,0
927096,0
927097,0
927098,0
927099,0
927100,0
927101,0
927102,0
927103,0
927104,0
927105,0
927106,0
927107,0
927108,0
927109,0
927110,0
927111,0
927112,0
927113,0
927114,0
927115,2
927116,0
927117,0
927118,0
927119,0
927120,0
927121,3
927122,0
927123,0
927124,0
927125,0
927126,0
927127,2
927128,0
927129,4
927130,0
927131,1
927132,0
927133,0
927134,0
927135,0
927136,0
927137,0
927138,0
927139,0
927140,4
927141,0
927142,0
927143,0
927144,0
927145,0
927146,0
927147,0
927148,0
927149,2
927150,0
927151,0
927152,1
927153,5
927154,0
927155,0
927156,0
927157,0
927158,0
927159,0
927160,1
927161,0
927162,0
927163,0
927164,0
927165,0
927166,0
927167,0
927168,0
927169,0
927170,4
927171,0
927172,0
927173,0
927174,0
927175,0
927176,0
927177,0
927178,0
927179,0
927180,0
927181,0
927182,0
927183,5
927184,0
927185,2
927186,0
927187,0
927188,0
927189,0
927190,0
927191,0
927192,0
927193,0
927194,4
927195,0
927196,1
927197,0
927198,0
927199,36
927200,0
927201,0
927202,25
927203,0
927204,0
927205,0
927206,42
927207,0
927208,0
927209,0
927210,0
927211,0
927212,0
927213,0
927214,0
927215,0
927216,0
927217,0
927218,33
927219,0
927220,0
927221,21
927222,0
927223,0
927224,0
927225,0
927226,0
927227,0
927228,0
927229,0
927230,0
927231,0
927232,0
927233,0
927234,42
927235,0
927236,0
927237,0
927238,0
927239,0
927240,32
927241,0
927242,0
927243,0
927244,0
927245,0
927246,0
927247,0
927248,0
927249,0
927250,0
927251,0
927252,0
927253,12
927254,14
927255,29
927256,0
927257,26
927258,0
927259,0
927260,0
927261,23
927262,0
927263,0
927264,0
927265,0
927266,0
927267,0
927268,0
927269,22
927270,0
927271,0
927272,27
927273,0
927274,0
927275,37
927276,0
927277,0
927278,0
927279,0
927280,0
927281,0
927282,0
927283,0
927284,26
927285,0
927286,0
927287,36
927288,0
927289,0
927290,0
927291,0
927292,0
927293,0
927294,0
927295,12
927296,0
927297,0
927298,0
927299,0
927300,0
927301,35
927302,0
927303,25
927304,0
927305,0
927306,0
927307,0
927308,0
927309,37
927310,0
927311,0
927312,32
927313,32
927314,0
927315,0
927316,0
927317,0
927318,0
927319,0
927320,0
927321,17
927322,0
927323,44
927324,29
927325,0
927326,0
927327,27
927328,0
927329,0
927330,0
927331,0
927332,0
927333,0
927334,0
927335,0
927336,0
927337,0
927338,0
927339,0
927340,0
927341,27
927342,0
927343,0
927344,0
927345,0
927346,0
927347,0
927348,32
927349,0
927350,0
927351,0
927352,0
927353,0
927354,0
927355,0
927356,0
927357,0
927358,0
927359,0
927360,0
927361,0
927362,0
927363,0
927364,0
927365,0
927366,0
927367,0
927368,0
927369,0
927370,35
927371,0
927372,0
927373,17
927374,0
927375,0
927376,0
927377,0
927378,0
927379,0
927380,0
927381,0
927382,0
927383,0
927384,0
927385,0
927386,0
927387,0
927388,0
927389,0
927390,0
927391,0
927392,0
927393,0
927394,0
927395,0
927396,22
927397,0
927398,0
927399,0
927400,0
927401,0
927402,0
927403,0
927404,0
927405,0
927406,21
927407,0
927408,19
927409,0
927410,0
927411,18
927412,0
927413,0
927414,0
927415,0
927416,0
927417,0
927418,0
927419,0
927420,0
927421,0
927422,0
927423,0
927424,0
927425,0
927426,0
927427,0
927428,0
927429,0
927430,0
927431,0
927432,0
927433,0
927434,0
927435,0
927436,0
927437,0
927438,0
927439,19
927440,0
927441,0
927442,25
927443,0
927444,0
927445,0
927446,0
927447,0
927448,0
927449,0
927450,0
927451,0
927452,0
927453,0
927454,0
927455,0
927456,0
927457,0
927458,0
927459,0
927460,0
927461,0
927462,0
927463,0
927464,0
927465,0
927466,0
927467,15
927468,0
927469,0
927470,0
927471,0
927472,0
927473,20
927474,0
927475,0
927476,0
927477,0
927478,0
927479,0
927480,0
927481,0
927482,0
927483,0
927484,0
927485,0
927486,0
927487,0
927488,0
927489,0
927490,0
927491,0
927492,0
927493,0
927494,0
927495,0
927496,0
927497,30
927498,0
927499,0
927500,0
927501,0
927502,0
927503,0
927504,0
927505,0
927506,0
927507,0
927508,0
927509,0
927510,0
927511,0
927512,26
927513,0
927514,0
927515,0
927516,0
927517,0
927518,0
927519,0
927520,0
927521,0
927522,0
927523,0
927524,0
927525,0
927526,0
927527,0
927528,0
927529,0
927530,0
927531,0
927532,0
927533,0
927534,0
927535,0
927536,0
927537,0
927538,0
927539,20
927540,0
927541,0
927542,0
927543,0
927544,0
927545,0
927546,0
927547,0
927548,0
927549,0
927550,0
927551,0
927552,0
927553,0
927554,0
927555,0
927556,0
927557,0
927558,0
927559,0
927560,0
927561,0
927562,0
927563,0
927564,0
927565,0
927566,0
927567,0
927568,0
927569,0
927570,0
927571,0
927572,0
927573,0
927574,0
927575,0
927576,0
927577,0
927578,0
927579,0
927580,0
927581,0
927582,0
927583,0
927584,0
927585,0
927586,0
927587,0
927588,0
927589,0
927590,0
927591,0
927592,0
927593,8
927594,0
927595,0
927596,0
927597,0
927598,0
927599,0
927600,0
927601,0
927602,0
927603,0
927604,0
927605,0
927606,0
927607,0
927608,0
927609,0
927610,0
927611,32
927612,0
927613,0
927614,0
927615,0
927616,0
927617,0
927618,25
927619,0
927620,0
927621,0
927622,0
927623,0
927624,0
927625,0
927626,0
927627,0
927628,0
927629,0
927630,16
927631,0
927632,0
927633,0
927634,22
927635,25
927636,0
927637,0
927638,0
927639,17
927640,0
927641,0
927642,0
927643,0
927644,0
927645,0
927646,0
927647,0
927648,0
927649,0
927650,0
927651,0
927652,0
927653,0
927654,0
927655,0
927656,0
927657,0
927658,0
927659,0
927660,0
927661,0
927662,0
927663,0
927664,0
927665,0
927666,0
927667,0
927668,0
927669,0
927670,8
927671,0
927672,0
927673,0
927674,0
927675,0
927676,0
927677,0
927678,0
927679,0
927680,0
927681,0
927682,0
927683,0
927684,0
927685,0
927686,0
927687,0
927688,0
927689,0
927690,21
927691,0
927692,0
927693,28
927694,0
927695,27
927696,0
927697,0
927698,0
927699,0
927700,0
927701,0
927702,0
927703,0
927704,0
927705,0
927706,0
927707,0
927708,0
927709,0
927710,0
927711,0
927712,23
927713,0
927714,0
927715,0
927716,0
927717,0
927718,0
927719,0
927720,0
927721,0
927722,0
927723,0
927724,0
927725,0
927726,0
927727,10
927728,0
927729,0
927730,0
927731,0
927732,0
927733,0
927734,0
927735,0
927736,0
927737,0
927738,27
927739,0
927740,0
927741,0
927742,0
927743,27
927744,0
927745,0
927746,0
927747,0
927748,0
927749,0
927750,0
927751,0
927752,0
927753,0
927754,0
927755,0
927756,0
927757,0
927758,0
927759,0
927760,0
927761,0
927762,0
927763,0
927764,0
927765,0
927766,0
927767,0
927768,0
927769,0
927770,0
927771,24
927772,0
927773,0
927774,0
927775,0
927776,27
927777,0
927778,0
927779,0
927780,0
927781,0
927782,0
927783,0
927784,0
927785,0
927786,0
927787,0
927788,0
927789,0
927790,0
927791,28
927792,0
927793,0
927794,0
927795,0
927796,0
927797,27
927798,0
927799,0
927800,0
927801,0
927802,0
927803,0
927804,0
927805,0
927806,0
927807,0
927808,0
927809,0
927810,0
927811,0
927812,0
927813,0
927814,0
927815,0
927816,0
927817,0
927818,0
927819,0
927820,0
927821,0
927822,0
927823,0
927824,0
927825,0
927826,17
927827,0
927828,0
927829,0
927830,21
927831,32
927832,0
927833,0
927834,0
927835,0
927836,0
927837,0
927838,0
927839,0
927840,0
927841,0
927842,0
927843,0
927844,29
927845,0
927846,0
927847,0
927848,0
927849,0
927850,0
927851,0
927852,0
927853,31
927854,0
927855,0
927856,0
927857,0
927858,0
927859,0
927860,0
927861,20
927862,0
927863,0
927864,0
927865,0
927866,0
927867,0
927868,0
927869,0
927870,0
927871,0
927872,0
927873,0
927874,29
927875,0
927876,0
927877,0
927878,0
927879,0
927880,0
927881,0
927882,0
927883,0
927884,0
927885,0
927886,0
927887,0
927888,0
927889,0
927890,0
927891,0
927892,0
927893,0
927894,0
927895,0
927896,0
927897,0
927898,0
927899,0
927900,12
927901,0
927902,0
927903,0
927904,0
927905,0
927906,0
927907,0
927908,0
927909,0
927910,0
927911,0
927912,0
927913,0
927914,0
927915,0
927916,0
927917,0
927918,0
927919,0
927920,0
927921,0
927922,0
927923,0
927924,0
927925,25
927926,0
927927,0
927928,0
927929,0
927930,0
927931,0
927932,0
927933,0
927934,0
927935,0
927936,25
927937,0
927938,0
927939,0
927940,0
927941,33
927942,0
927943,0
927944,0
927945,0
927946,0
927947,0
927948,0
927949,0
927950,0
927951,0
927952,0
927953,0
927954,0
927955,0
927956,0
927957,0
927958,0
927959,0
927960,0
927961,0
927962,0
927963,0
927964,0
927965,0
927966,0
927967,0
927968,0
927969,0
927970,0
927971,0
927972,0
927973,0
927974,0
927975,0
927976,0
927977,0
927978,0
927979,0
927980,0
927981,0
927982,0
927983,0
927984,0
927985,0
927986,0
927987,0
927988,0
927989,0
927990,0
927991,0
927992,0
927993,0
927994,0
927995,0
927996,28
927997,0
927998,0
927999,0
928000,0
928001,0
928002,0
928003,0
928004,0
928005,0
928006,0
928007,0
928008,0
928009,0
928010,0
928011,0
928012,0
928013,0
928014,0
928015,20
928016,0
928017,0
928018,0
928019,0
928020,0
928021,0
928022,27
928023,0
928024,0
928025,0
928026,18
928027,0
928028,26
928029,0
928030,0
928031,0
928032,0
928033,0
928034,0
928035,0
928036,0
928037,0
928038,0
928039,0
928040,0
928041,0
928042,0
928043,0
928044,0
928045,0
928046,0
928047,0
928048,0
928049,0
928050,0
928051,0
928052,0
928053,0
928054,0
928055,0
928056,19
928057,0
928058,0
928059,0
928060,0
928061,0
928062,0
928063,0
928064,16
928065,0
928066,0
928067,0
928068,0
928069,0
928070,0
928071,0
928072,0
928073,0
928074,0
928075,0
928076,0
928077,0
928078,0
928079,35
928080,0
928081,0
928082,0
928083,0
928084,0
928085,0
928086,27
928087,0
928088,0
928089,0
928090,0
928091,0
928092,0
928093,0
928094,0
928095,0
928096,0
928097,0
928098,0
928099,0
928100,0
928101,0
928102,0
928103,0
928104,0
928105,0
928106,0
928107,0
928108,0
928109,0
928110,0
928111,0
928112,0
928113,0
928114,0
928115,0
928116,47
928117,0
928118,40
928119,0
928120,0
928121,0
928122,0
928123,0
928124,0
928125,0
928126,0
928127,42
928128,0
928129,0
928130,0
928131,0
928132,38
928133,28
928134,0
928135,0
928136,0
928137,0
928138,0
928139,0
928140,0
928141,0
928142,32
928143,0
928144,41
928145,38
928146,0
928147,0
928148,0
928149,0
928150,0
928151,0
928152,0
928153,0
928154,44
928155,0
928156,0
928157,33
928158,0
928159,0
928160,0
928161,0
928162,0
928163,0
928164,0
928165,0
928166,0
928167,0
928168,0
928169,23
928170,0
928171,0
928172,0
928173,0
928174,0
928175,0
928176,0
928177,0
928178,0
928179,0
928180,0
928181,0
928182,0
928183,0
928184,0
928185,0
928186,0
928187,0
928188,35
928189,33
928190,0
928191,0
928192,0
928193,0
928194,0
928195,0
928196,0
928197,0
928198,0
928199,26
928200,0
928201,0
928202,0
928203,0
928204,0
928205,0
928206,0
928207,42
928208,35
928209,0
928210,0
928211,0
928212,41
928213,0
928214,0
928215,0
928216,0
928217,0
928218,0
928219,0
928220,0
928221,0
928222,0
928223,0
928224,31
928225,0
928226,0
928227,0
928228,0
928229,33
928230,0
928231,0
928232,0
928233,0
928234,0
928235,0
928236,41
928237,0
928238,0
928239,38
928240,0
928241,0
928242,0
928243,0
928244,0
928245,0
928246,38
928247,0
928248,0
928249,0
928250,0
928251,0
928252,36
928253,0
928254,0
928255,0
928256,40
928257,0
928258,0
928259,36
928260,0
928261,29
928262,0
928263,0
928264,0
928265,0
928266,0
928267,0
928268,42
928269,0
928270,0
928271,0
928272,0
928273,0
928274,0
928275,0
928276,0
928277,0
928278,0
928279,0
928280,0
928281,0
928282,35
928283,0
928284,0
928285,0
928286,0
928287,0
928288,40
928289,0
928290,0
928291,0
928292,0
928293,0
928294,0
928295,0
928296,33
928297,0
928298,0
928299,0
928300,0
928301,0
928302,0
928303,0
928304,31
928305,0
928306,0
928307,0
928308,0
928309,0
928310,0
928311,0
928312,40
928313,0
928314,0
928315,23
928316,0
928317,0
928318,0
928319,0
928320,0
928321,0
928322,0
928323,0
928324,0
928325,0
928326,44
928327,27
928328,42
928329,0
928330,44
928331,0
928332,0
928333,36
928334,0
928335,0
928336,0
928337,0
928338,0
928339,0
928340,41
928341,0
928342,47
928343,0
928344,39
928345,26
928346,0
928347,37
928348,26
928349,33
928350,37
928351,0
928352,0
928353,0
928354,43
928355,0
928356,0
928357,49
928358,0
928359,0
928360,0
928361,52
928362,0
928363,0
928364,0
928365,0
928366,0
928367,26
928368,0
928369,37
928370,44
928371,24
928372,0
928373,0
928374,0
928375,46
928376,29
928377,54
928378,0
928379,0
928380,50
928381,0
928382,0
928383,0
928384,0
928385,0
928386,0
928387,0
928388,0
928389,0
928390,40
928391,0
928392,40
928393,0
928394,0
928395,0
928396,0
928397,0
928398,0
928399,0
928400,0
928401,41
928402,0
928403,0
928404,35
928405,0
928406,0
928407,50
928408,0
928409,0
928410,0
928411,44
928412,0
928413,0
928414,42
928415,51
928416,0
928417,0
928418,0
928419,38
928420,0
928421,0
928422,0
928423,0
928424,0
928425,42
928426,0
928427,0
928428,0
928429,0
928430,30
928431,0
928432,41
928433,0
928434,0
928435,0
928436,0
928437,29
928438,0
928439,0
928440,29
928441,0
928442,0
928443,0
928444,0
928445,0
928446,49
928447,0
928448,0
928449,21
928450,0
928451,0
928452,0
928453,0
928454,0
928455,0
928456,55
928457,0
928458,0
928459,0
928460,40
928461,0
928462,0
928463,0
928464,0
928465,0
928466,38
928467,39
928468,0
928469,0
928470,0
928471,0
928472,0
928473,0
928474,0
928475,0
928476,0
928477,0
928478,0
928479,45
928480,0
928481,0
928482,0
928483,0
928484,0
928485,0
928486,0
928487,0
928488,0
928489,0
928490,0
928491,0
928492,0
928493,0
928494,0
928495,0
928496,0
928497,0
928498,0
928499,0
928500,0
928501,0
928502,0
928503,35
928504,29
928505,0
928506,22
928507,0
928508,0
928509,36
928510,0
928511,0
928512,0
928513,43
928514,0
928515,0
928516,0
928517,0
928518,0
928519,0
928520,0
928521,43
928522,50
928523,34
928524,0
928525,0
928526,0
928527,0
928528,0
928529,30
928530,43
928531,0
928532,0
928533,0
928534,0
928535,0
928536,0
928537,0
928538,0
928539,42
928540,0
928541,0
928542,0
928543,0
928544,0
928545,0
928546,0
928547,0
928548,0
928549,0
928550,0
928551,0
928552,0
928553,0
928554,0
928555,0
928556,0
928557,0
928558,0
928559,0
928560,0
928561,0
928562,36
928563,31
928564,0
928565,34
928566,60
928567,29
928568,38
928569,0
928570,0
928571,0
928572,0
928573,0
928574,0
928575,0
928576,0
928577,40
928578,29
928579,0
928580,0
928581,0
928582,0
928583,0
928584,0
928585,0
928586,0
928587,0
928588,0
928589,0
928590,28
928591,0
928592,0
928593,0
928594,34
928595,0
928596,0
928597,0
928598,30
928599,0
928600,0
928601,29
928602,0
928603,0
928604,0
928605,40
928606,33
928607,0
928608,0
928609,0
928610,0
928611,0
928612,29
928613,0
928614,0
928615,0
928616,0
928617,0
928618,0
928619,0
928620,0
928621,0
928622,0
928623,0
928624,0
928625,0
928626,0
928627,35
928628,28
928629,0
928630,43
928631,0
928632,0
928633,0
928634,0
928635,0
928636,0
928637,0
928638,44
928639,0
928640,0
928641,38
928642,46
928643,0
928644,0
928645,0
928646,42
928647,0
928648,0
928649,0
928650,0
928651,0
928652,0
928653,33
928654,0
928655,0
928656,0
928657,0
928658,0
928659,0
928660,0
928661,0
928662,0
928663,50
928664,0
928665,0
928666,0
928667,0
928668,30
928669,0
928670,0
928671,0
928672,0
928673,0
928674,0
928675,0
928676,0
928677,0
928678,0
928679,0
928680,0
928681,0
928682,0
928683,0
928684,0
928685,0
928686,0
928687,0
928688,0
928689,0
928690,32
928691,0
928692,0
928693,0
928694,0
928695,0
928696,33
928697,0
928698,0
928699,0
928700,0
928701,0
928702,0
928703,0
928704,37
928705,0
928706,50
928707,0
928708,0
928709,0
928710,0
928711,0
928712,0
928713,0
928714,0
928715,0
928716,0
928717,0
928718,0
928719,0
928720,0
928721,0
928722,25
928723,37
928724,0
928725,0
928726,0
928727,36
928728,0
928729,0
928730,0
928731,31
928732,0
928733,0
928734,41
928735,51
928736,41
928737,0
928738,0
928739,0
928740,0
928741,0
928742,25
928743,33
928744,40
928745,0
928746,0
928747,0
928748,34
928749,0
928750,44
928751,0
928752,0
928753,0
928754,0
928755,49
928756,49
928757,0
928758,0
928759,0
928760,0
928761,0
928762,30
928763,0
928764,0
928765,0
928766,0
928767,23
928768,0
928769,31
928770,0
928771,0
928772,0
928773,44
928774,0
928775,0
928776,0
928777,0
928778,0
928779,0
928780,0
928781,28
928782,0
928783,0
928784,0
928785,0
928786,0
928787,0
928788,0
928789,0
928790,0
928791,0
928792,0
928793,0
928794,0
928795,0
928796,0
928797,0
928798,0
928799,0
928800,36
928801,0
928802,0
928803,28
928804,0
928805,0
928806,0
928807,32
928808,0
928809,0
928810,0
928811,0
928812,0
928813,0
928814,36
928815,0
928816,0
928817,28
928818,0
928819,39
928820,45
928821,28
928822,0
928823,0
928824,0
928825,0
928826,43
928827,0
928828,0
928829,0
928830,0
928831,0
928832,0
928833,0
928834,32
928835,0
928836,0
928837,0
928838,0
928839,34
928840,0
928841,0
928842,0
928843,0
928844,0
928845,0
928846,0
928847,0
928848,0
928849,0
928850,0
928851,0
928852,0
928853,43
928854,0
928855,0
928856,29
928857,0
928858,0
928859,0
928860,0
928861,0
928862,0
928863,21
928864,0
928865,0
928866,0
928867,0
928868,0
928869,0
928870,0
928871,0
928872,0
928873,0
928874,0
928875,0
928876,0
928877,10
928878,0
928879,0
928880,0
928881,0
928882,0
928883,0
928884,0
928885,0
928886,0
928887,0
928888,0
928889,0
928890,0
928891,0
928892,0
928893,0
928894,0
928895,0
928896,0
928897,0
928898,0
928899,0
928900,0
928901,34
928902,0
928903,11
928904,0
928905,28
928906,0
928907,0
928908,55
928909,0
928910,0
928911,16
928912,0
928913,0
928914,0
928915,0
928916,0
928917,0
928918,0
928919,0
928920,44
928921,6
928922,0
928923,0
928924,0
928925,0
928926,0
928927,0
928928,0
928929,0
928930,0
928931,0
928932,0
928933,0
928934,0
928935,0
928936,0
928937,0
928938,0
928939,0
928940,0
928941,29
928942,0
928943,0
928944,0
928945,0
928946,0
928947,0
928948,0
928949,0
928950,21
928951,0
928952,0
928953,0
928954,0
928955,0
928956,0
928957,0
928958,0
928959,0
928960,0
928961,0
928962,0
928963,0
928964,0
928965,20
928966,0
928967,0
928968,0
928969,0
928970,0
928971,0
928972,0
928973,0
928974,0
928975,0
928976,0
928977,0
928978,35
928979,23
928980,0
928981,0
928982,0
928983,0
928984,0
928985,0
928986,0
928987,0
928988,0
928989,0
928990,0
928991,0
928992,0
928993,0
928994,0
928995,0
928996,0
928997,0
928998,0
928999,0
929000,0
929001,28
929002,34
929003,0
929004,0
929005,0
929006,0
929007,0
929008,0
929009,29
929010,42
929011,0
929012,0
929013,0
929014,0
929015,0
929016,0
929017,0
929018,0
929019,49
929020,0
929021,53
929022,0
929023,0
929024,0
929025,0
929026,0
929027,27
929028,0
929029,0
929030,29
929031,0
929032,0
929033,0
929034,0
929035,54
929036,47
929037,0
929038,0
929039,0
929040,0
929041,0
929042,0
929043,0
929044,0
929045,0
929046,0
929047,0
929048,0
929049,0
929050,0
929051,0
929052,0
929053,0
929054,0
929055,40
929056,34
929057,0
929058,0
929059,0
929060,0
929061,41
929062,0
929063,0
929064,0
929065,0
929066,0
929067,0
929068,0
929069,0
929070,29
929071,0
929072,0
929073,0
929074,0
929075,0
929076,52
929077,36
929078,0
929079,0
929080,0
929081,0
929082,0
929083,0
929084,0
929085,39
929086,43
929087,0
929088,0
929089,47
929090,0
929091,0
929092,41
929093,0
929094,32
929095,28
929096,37
929097,0
929098,0
929099,0
929100,0
929101,0
929102,0
929103,31
929104,0
929105,0
929106,0
929107,28
929108,0
929109,0
929110,0
929111,0
929112,0
929113,0
929114,0
929115,0
929116,0
929117,0
929118,0
929119,0
929120,39
929121,0
929122,0
929123,0
929124,0
929125,0
929126,0
929127,0
929128,0
929129,0
929130,48
929131,0
929132,0
929133,0
929134,0
929135,0
929136,0
929137,0
929138,0
929139,52
929140,0
929141,26
929142,0
929143,0
929144,26
929145,0
929146,35
929147,24
929148,0
929149,0
929150,0
929151,0
929152,0
929153,0
929154,0
929155,0
929156,0
929157,38
929158,23
929159,0
929160,0
929161,0
929162,0
929163,0
929164,0
929165,31
929166,0
929167,39
929168,0
929169,0
929170,0
929171,0
929172,0
929173,0
929174,0
929175,43
929176,0
929177,0
929178,0
929179,0
929180,0
929181,0
929182,0
929183,28
929184,0
929185,35
929186,0
929187,0
929188,0
929189,0
929190,0
929191,0
929192,31
929193,0
929194,0
929195,42
929196,0
929197,0
929198,0
929199,0
929200,0
929201,0
929202,0
929203,0
929204,44
929205,48
929206,0
929207,42
929208,0
929209,0
929210,38
929211,0
929212,47
929213,0
929214,45
929215,0
929216,0
929217,0
929218,52
929219,39
929220,0
929221,0
929222,45
929223,0
929224,0
929225,0
929226,0
929227,0
929228,0
929229,0
929230,0
929231,0
929232,0
929233,0
929234,0
929235,0
929236,0
929237,0
929238,0
929239,0
929240,0
929241,0
929242,0
929243,0
929244,0
929245,0
929246,36
929247,0
929248,0
929249,0
929250,0
929251,0
929252,0
929253,63
929254,40
929255,0
929256,47
929257,21
929258,0
929259,0
929260,0
929261,0
929262,0
929263,0
929264,43
929265,0
929266,0
929267,0
929268,0
929269,31
929270,0
929271,26
929272,0
929273,0
929274,0
929275,0
929276,32
929277,0
929278,0
929279,0
929280,37
929281,36
929282,0
929283,0
929284,0
929285,0
929286,0
929287,0
929288,0
929289,0
929290,48
929291,0
929292,0
929293,0
929294,0
929295,0
929296,0
929297,25
929298,0
929299,0
929300,0
929301,0
929302,0
929303,0
929304,38
929305,0
929306,0
929307,32
929308,0
929309,0
929310,0
929311,0
929312,0
929313,0
929314,0
929315,33
929316,0
929317,0
929318,38
929319,63
929320,0
929321,0
929322,0
929323,0
929324,28
929325,0
929326,0
929327,0
929328,0
929329,0
929330,0
929331,0
929332,0
929333,0
929334,0
929335,0
929336,0
929337,0
929338,33
929339,0
929340,0
929341,0
929342,0
929343,41
929344,0
929345,0
929346,0
929347,0
929348,0
929349,39
929350,0
929351,26
929352,47
929353,0
929354,0
929355,0
929356,40
929357,0
929358,0
929359,0
929360,0
929361,0
929362,59
929363,0
929364,0
929365,41
929366,34
929367,0
929368,0
929369,39
929370,0
929371,32
929372,0
929373,28
929374,40
929375,0
929376,0
929377,0
929378,0
929379,0
929380,48
929381,0
929382,0
929383,0
929384,0
929385,0
929386,41
929387,0
929388,0
929389,0
929390,0
929391,0
929392,39
929393,0
929394,0
929395,38
929396,33
929397,31
929398,0
929399,0
929400,0
929401,43
929402,0
929403,0
929404,0
929405,0
929406,0
929407,0
929408,0
929409,0
929410,0
929411,0
929412,0
929413,0
929414,0
929415,35
929416,25
929417,0
929418,0
929419,30
929420,0
929421,52
929422,0
929423,0
929424,0
929425,0
929426,0
929427,0
929428,0
929429,0
929430,29
929431,0
929432,47
929433,0
929434,0
929435,0
929436,0
929437,0
929438,0
929439,0
929440,0
929441,28
929442,31
929443,0
929444,0
929445,0
929446,0
929447,30
929448,0
929449,0
929450,0
929451,31
929452,42
929453,0
929454,39
929455,36
929456,0
929457,0
929458,0
929459,0
929460,0
929461,0
929462,41
929463,0
929464,0
929465,42
929466,49
929467,0
929468,0
929469,0
929470,0
929471,0
929472,0
929473,0
929474,50
929475,0
929476,0
929477,37
929478,0
929479,0
929480,0
929481,0
929482,23
929483,0
929484,0
929485,0
929486,0
929487,0
929488,0
929489,46
929490,0
929491,0
929492,0
929493,0
929494,40
929495,0
929496,30
929497,0
929498,0
929499,0
929500,0
929501,0
929502,0
929503,0
929504,0
929505,0
929506,0
929507,0
929508,44
929509,0
929510,0
929511,0
929512,0
929513,0
929514,0
929515,74
929516,0
929517,0
929518,0
929519,40
929520,0
929521,0
929522,0
929523,0
929524,0
929525,0
929526,29
929527,0
929528,0
929529,0
929530,32
929531,0
929532,0
929533,40
929534,39
929535,0
929536,0
929537,0
929538,0
929539,0
929540,0
929541,0
929542,0
929543,0
929544,0
929545,0
929546,0
929547,0
929548,0
929549,0
929550,0
929551,0
929552,0
929553,0
929554,0
929555,0
929556,0
929557,0
929558,0
929559,0
929560,28
929561,33
929562,0
929563,0
929564,0
929565,53
929566,0
929567,56
929568,0
929569,0
929570,37
929571,0
929572,40
929573,50
929574,0
929575,0
929576,0
929577,33
929578,39
929579,43
929580,0
929581,0
929582,46
929583,0
929584,27
929585,0
929586,0
929587,35
929588,0
929589,0
929590,42
929591,0
929592,0
929593,0
929594,0
929595,0
929596,0
929597,0
929598,30
929599,0
929600,39
929601,0
929602,0
929603,0
929604,0
929605,0
929606,0
929607,0
929608,0
929609,46
929610,0
929611,0
929612,30
929613,0
929614,24
929615,38
929616,36
929617,0
929618,0
929619,0
929620,41
929621,0
929622,65
929623,0
929624,0
929625,0
929626,0
929627,0
929628,0
929629,0
929630,0
929631,0
929632,29
929633,35
929634,0
929635,0
929636,0
929637,0
929638,0
929639,0
929640,0
929641,0
929642,44
929643,36
929644,0
929645,0
929646,0
929647,0
929648,0
929649,0
929650,0
929651,0
929652,0
929653,0
929654,0
929655,0
929656,0
929657,0
929658,0
929659,0
929660,0
929661,0
929662,37
929663,0
929664,0
929665,0
929666,0
929667,0
929668,0
929669,0
929670,0
929671,0
929672,0
929673,0
929674,54
929675,0
929676,0
929677,0
929678,0
929679,34
929680,0
929681,44
929682,0
929683,0
929684,0
929685,0
929686,0
929687,0
929688,0
929689,0
929690,0
929691,0
929692,0
929693,0
929694,0
929695,0
929696,0
929697,0
929698,0
929699,0
929700,0
929701,0
929702,54
929703,46
929704,30
929705,0
929706,0
929707,0
929708,0
929709,33
929710,40
929711,0
929712,0
929713,0
929714,42
929715,26
929716,0
929717,0
929718,0
929719,31
929720,0
929721,0
929722,0
929723,0
929724,35
929725,0
929726,0
929727,0
929728,0
929729,0
929730,0
929731,0
929732,0
929733,0
929734,0
929735,0
929736,0
929737,0
929738,37
929739,0
929740,0
929741,0
929742,0
929743,0
929744,0
929745,0
929746,0
929747,0
929748,0
929749,0
929750,0
929751,0
929752,0
929753,0
929754,0
929755,0
929756,0
929757,0
929758,0
929759,0
929760,0
929761,0
929762,0
929763,0
929764,0
929765,0
929766,59
929767,46
929768,37
929769,0
929770,0
929771,0
929772,0
929773,29
929774,19
929775,35
929776,57
929777,31
929778,0
929779,28
929780,0
929781,46
929782,39
929783,0
929784,0
929785,0
929786,0
929787,0
929788,0
929789,0
929790,0
929791,0
929792,50
929793,0
929794,0
929795,0
929796,32
929797,47
929798,0
929799,0
929800,0
929801,32
929802,0
929803,0
929804,0
929805,0
929806,0
929807,0
929808,0
929809,0
929810,0
929811,0
929812,47
929813,0
929814,0
929815,54
929816,0
929817,26
929818,43
929819,0
929820,0
929821,0
929822,0
929823,31
929824,0
929825,0
929826,0
929827,22
929828,0
929829,0
929830,0
929831,55
929832,0
929833,0
929834,0
929835,0
929836,0
929837,0
929838,0
929839,0
929840,56
929841,0
929842,0
929843,0
929844,50
929845,42
929846,53
929847,0
929848,0
929849,0
929850,0
929851,48
929852,42
929853,0
929854,0
929855,0
929856,0
929857,0
929858,41
929859,40
929860,55
929861,0
929862,46
929863,41
929864,0
929865,0
929866,0
929867,0
929868,0
929869,0
929870,0
929871,35
929872,34
929873,0
929874,0
929875,0
929876,0
929877,0
929878,0
929879,0
929880,40
929881,0
929882,0
929883,0
929884,0
929885,0
929886,40
929887,0
929888,0
929889,0
929890,0
929891,0
929892,0
929893,0
929894,44
929895,0
929896,0
929897,0
929898,52
929899,0
929900,0
929901,0
929902,0
929903,0
929904,0
929905,0
929906,54
929907,37
929908,35
929909,0
929910,0
929911,0
929912,0
929913,0
929914,0
929915,0
929916,0
929917,0
929918,50
929919,29
929920,0
929921,33
929922,35
929923,30
929924,47
929925,46
929926,28
929927,0
929928,0
929929,0
929930,0
929931,0
929932,0
929933,0
929934,44
929935,0
929936,0
929937,0
929938,0
929939,0
929940,8
929941,15
929942,0
929943,0
929944,0
929945,12
929946,0
929947,0
929948,0
929949,0
929950,9
929951,0
929952,11
929953,0
929954,0
929955,0
929956,15
929957,0
929958,0
929959,0
929960,14
929961,0
929962,0
929963,0
929964,0
929965,9
929966,0
929967,0
929968,0
929969,0
929970,12
929971,0
929972,0
929973,0
929974,0
929975,0
929976,12
929977,14
929978,0
929979,7
929980,0
929981,0
929982,10
929983,0
929984,12
929985,0
929986,0
929987,12
929988,0
929989,0
929990,0
929991,0
929992,0
929993,9
929994,0
929995,0
929996,6
929997,9
929998,0
929999,0
930000,0
930001,0
930002,0
930003,0
930004,16
930005,0
930006,0
930007,0
930008,10
930009,0
930010,0
930011,12
930012,10
930013,0
930014,6
930015,16
930016,0
930017,0
930018,0
930019,14
930020,0
930021,12
930022,0
930023,0
930024,0
930025,0
930026,7
930027,0
930028,0
930029,0
930030,0
930031,0
930032,0
930033,0
930034,0
930035,0
930036,0
930037,0
930038,0
930039,0
930040,0
930041,0
930042,0
930043,11
930044,0
930045,0
930046,0
930047,0
930048,9
930049,15
930050,0
930051,0
930052,0
930053,9
930054,0
930055,0
930056,0
930057,0
930058,0
930059,13
930060,0
930061,0
930062,0
930063,0
930064,0
930065,0
930066,0
930067,0
930068,0
930069,0
930070,0
930071,0
930072,9
930073,0
930074,0
930075,0
930076,0
930077,0
930078,0
930079,0
930080,0
930081,0
930082,0
930083,0
930084,0
930085,0
930086,0
930087,10
930088,0
930089,0
930090,0
930091,0
930092,0
930093,0
930094,0
930095,0
930096,12
930097,0
930098,0
930099,0
930100,0
930101,0
930102,11
930103,0
930104,0
930105,0
930106,0
930107,0
930108,10
930109,0
930110,0
930111,7
930112,0
930113,0
930114,0
930115,7
930116,0
930117,0
930118,0
930119,0
930120,7
930121,0
930122,0
930123,0
930124,0
930125,5
930126,0
930127,0
930128,9
930129,11
930130,8
930131,0
930132,0
930133,0
930134,9
930135,0
930136,0
930137,0
930138,0
930139,0
930140,0
930141,0
930142,12
930143,0
930144,0
930145,0
930146,0
930147,11
930148,0
930149,0
930150,0
930151,0
930152,0
930153,17
930154,0
930155,0
930156,0
930157,0
930158,0
930159,0
930160,0
930161,16
930162,0
930163,0
930164,0
930165,0
930166,0
930167,0
930168,0
930169,0
930170,0
930171,19
930172,9
930173,0
930174,0
930175,0
930176,18
930177,0
930178,0
930179,9
930180,0
930181,0
930182,0
930183,0
930184,0
930185,0
930186,6
930187,0
930188,0
930189,12
930190,0
930191,0
930192,0
930193,0
930194,0
930195,8
930196,0
930197,0
930198,0
930199,0
930200,0
930201,0
930202,0
930203,0
930204,0
930205,0
930206,0
930207,0
930208,0
930209,0
930210,18
930211,0
930212,0
930213,0
930214,10
930215,17
930216,0
930217,0
930218,0
930219,0
930220,0
930221,0
930222,0
930223,0
930224,10
930225,14
930226,0
930227,11
930228,11
930229,0
930230,0
930231,0
930232,0
930233,9
930234,14
930235,0
930236,13
930237,0
930238,9
930239,0
930240,17
930241,0
930242,0
930243,0
930244,0
930245,0
930246,0
930247,0
930248,14
930249,11
930250,6
930251,0
930252,9
930253,12
930254,0
930255,0
930256,17
930257,0
930258,0
930259,0
930260,0
930261,0
930262,0
930263,0
930264,0
930265,0
930266,0
930267,0
930268,0
930269,0
930270,13
930271,9
930272,0
930273,0
930274,6
930275,0
930276,0
930277,6
930278,0
930279,0
930280,0
930281,0
930282,8
930283,10
930284,0
930285,0
930286,0
930287,0
930288,0
930289,5
930290,0
930291,19
930292,0
930293,10
930294,0
930295,12
930296,0
930297,0
930298,0
930299,0
930300,0
930301,14
930302,0
930303,12
930304,15
930305,0
930306,0
930307,0
930308,0
930309,0
930310,13
930311,12
930312,15
930313,0
930314,7
930315,0
930316,15
930317,18
930318,7
930319,0
930320,0
930321,0
930322,0
930323,0
930324,0
930325,0
930326,10
930327,0
930328,19
930329,0
930330,0
930331,9
930332,0
930333,11
930334,0
930335,0
930336,0
930337,10
930338,0
930339,7
930340,13
930341,8
930342,0
930343,0
930344,14
930345,0
930346,0
930347,0
930348,0
930349,0
930350,0
930351,0
930352,10
930353,0
930354,0
930355,17
930356,11
930357,0
930358,0
930359,0
930360,14
930361,17
930362,9
930363,0
930364,16
930365,11
930366,13
930367,0
930368,0
930369,0
930370,0
930371,14
930372,0
930373,0
930374,0
930375,7
930376,0
930377,8
930378,0
930379,0
930380,0
930381,0
930382,0
930383,0
930384,0
930385,0
930386,0
930387,0
930388,0
930389,14
930390,7
930391,0
930392,0
930393,0
930394,10
930395,0
930396,0
930397,0
930398,0
930399,32
930400,0
930401,0
930402,40
930403,38
930404,0
930405,0
930406,0
930407,0
930408,0
930409,0
930410,0
930411,37
930412,0
930413,0
930414,0
930415,0
930416,0
930417,0
930418,0
930419,0
930420,0
930421,0
930422,34
930423,0
930424,0
930425,0
930426,0
930427,0
930428,0
930429,0
930430,34
930431,37
930432,44
930433,0
930434,0
930435,0
930436,0
930437,0
930438,0
930439,0
930440,0
930441,0
930442,0
930443,58
930444,0
930445,0
930446,30
930447,41
930448,0
930449,47
930450,31
930451,0
930452,0
930453,0
930454,0
930455,0
930456,0
930457,0
930458,0
930459,58
930460,0
930461,50
930462,0
930463,0
930464,0
930465,0
930466,41
930467,0
930468,0
930469,0
930470,0
930471,0
930472,0
930473,0
930474,0
930475,0
930476,0
930477,0
930478,0
930479,37
930480,0
930481,0
930482,0
930483,0
930484,0
930485,0
930486,0
930487,0
930488,0
930489,0
930490,39
930491,0
930492,0
930493,0
930494,0
930495,25
930496,0
930497,0
930498,25
930499,0
930500,0
930501,0
930502,0
930503,0
930504,0
930505,0
930506,39
930507,0
930508,0
930509,0
930510,0
930511,0
930512,0
930513,0
930514,0
930515,0
930516,0
930517,0
930518,0
930519,0
930520,36
930521,0
930522,0
930523,0
930524,0
930525,0
930526,0
930527,0
930528,0
930529,0
930530,0
930531,37
930532,0
930533,0
930534,0
930535,0
930536,0
930537,0
930538,0
930539,0
930540,0
930541,31
930542,0
930543,53
930544,0
930545,0
930546,51
930547,0
930548,0
930549,0
930550,0
930551,0
930552,0
930553,0
930554,61
930555,0
930556,0
930557,0
930558,0
930559,0
930560,0
930561,0
930562,0
930563,40
930564,0
930565,0
930566,0
930567,0
930568,0
930569,0
930570,0
930571,0
930572,0
930573,0
930574,0
930575,0
930576,0
930577,0
930578,0
930579,38
930580,0
930581,0
930582,0
930583,0
930584,41
930585,0
930586,0
930587,0
930588,0
930589,45
930590,62
930591,0
930592,0
930593,0
930594,0
930595,46
930596,56
930597,0
930598,0
930599,0
930600,0
930601,0
930602,0
930603,20
930604,0
930605,0
930606,0
930607,56
930608,0
930609,0
930610,44
930611,0
930612,0
930613,0
930614,0
930615,0
930616,0
930617,0
930618,0
930619,0
930620,0
930621,0
930622,0
930623,0
930624,0
930625,0
930626,0
930627,0
930628,0
930629,37
930630,0
930631,0
930632,0
930633,0
930634,0
930635,0
930636,60
930637,0
930638,0
930639,0
930640,42
930641,0
930642,0
930643,0
930644,0
930645,0
930646,0
930647,0
930648,0
930649,0
930650,42
930651,0
930652,0
930653,27
930654,0
930655,0
930656,0
930657,0
930658,37
930659,0
930660,0
930661,0
930662,0
930663,0
930664,0
930665,29
930666,0
930667,23
930668,0
930669,24
930670,0
930671,0
930672,0
930673,0
930674,0
930675,0
930676,19
930677,0
930678,0
930679,0
930680,0
930681,44
930682,0
930683,32
930684,0
930685,0
930686,0
930687,0
930688,0
930689,39
930690,0
930691,0
930692,0
930693,0
930694,0
930695,0
930696,0
930697,0
930698,0
930699,0
930700,0
930701,0
930702,0
930703,0
930704,0
930705,0
930706,0
930707,40
930708,0
930709,50
930710,29
930711,0
930712,0
930713,0
930714,0
930715,0
930716,0
930717,32
930718,0
930719,0
930720,0
930721,46
930722,40
930723,0
930724,0
930725,0
930726,0
930727,0
930728,0
930729,0
930730,0
930731,0
930732,22
930733,0
930734,0
930735,0
930736,0
930737,0
930738,45
930739,0
930740,24
930741,59
930742,49
930743,28
930744,0
930745,36
930746,0
930747,0
930748,33
930749,0
930750,0
930751,0
930752,0
930753,0
930754,0
930755,0
930756,0
930757,0
930758,0
930759,0
930760,0
930761,0
930762,0
930763,0
930764,30
930765,0
930766,0
930767,0
930768,33
930769,0
930770,0
930771,0
930772,0
930773,0
930774,0
930775,0
930776,0
930777,0
930778,0
930779,0
930780,0
930781,0
930782,0
930783,0
930784,36
930785,30
930786,34
930787,0
930788,35
930789,0
930790,0
930791,49
930792,0
930793,0
930794,0
930795,0
930796,0
930797,0
930798,0
930799,0
930800,0
930801,0
930802,0
930803,41
930804,0
930805,0
930806,38
930807,0
930808,0
930809,0
930810,0
930811,0
930812,0
930813,0
930814,0
930815,0
930816,0
930817,0
930818,36
930819,0
930820,42
930821,0
930822,0
930823,25
930824,0
930825,0
930826,0
930827,0
930828,0
930829,0
930830,0
930831,0
930832,0
930833,0
930834,0
930835,0
930836,0
930837,0
930838,0
930839,0
930840,0
930841,0
930842,0
930843,0
930844,0
930845,0
930846,0
930847,30
930848,0
930849,0
930850,21
930851,0
930852,0
930853,30
930854,37
930855,0
930856,0
930857,0
930858,0
930859,0
930860,0
930861,0
930862,0
930863,0
930864,20
930865,0
930866,0
930867,32
930868,0
930869,0
930870,0
930871,0
930872,0
930873,0
930874,0
930875,36
930876,0
930877,0
930878,0
930879,0
930880,0
930881,0
930882,0
930883,0
930884,0
930885,0
930886,0
930887,0
930888,0
930889,0
930890,0
930891,0
930892,16
930893,0
930894,0
930895,0
930896,0
930897,0
930898,0
930899,0
930900,0
930901,0
930902,0
930903,0
930904,0
930905,0
930906,0
930907,0
930908,0
930909,37
930910,0
930911,0
930912,0
930913,0
930914,0
930915,14
930916,0
930917,0
930918,0
930919,31
930920,0
930921,0
930922,0
930923,0
930924,0
930925,0
930926,0
930927,0
930928,0
930929,0
930930,0
930931,0
930932,0
930933,0
930934,0
930935,0
930936,0
930937,0
930938,0
930939,0
930940,0
930941,0
930942,0
930943,0
930944,0
930945,0
930946,0
930947,0
930948,0
930949,0
930950,0
930951,24
930952,0
930953,0
930954,0
930955,0
930956,0
930957,29
930958,0
930959,0
930960,0
930961,0
930962,0
930963,0
930964,0
930965,0
930966,0
930967,0
930968,15
930969,0
930970,0
930971,0
930972,0
930973,0
930974,0
930975,0
930976,0
930977,0
930978,0
930979,27
930980,0
930981,0
930982,0
930983,0
930984,0
930985,0
930986,0
930987,0
930988,0
930989,0
930990,0
930991,0
930992,0
930993,0
930994,0
930995,0
930996,0
930997,0
930998,0
930999,0
931000,0
931001,0
931002,0
931003,0
931004,0
931005,0
931006,0
931007,0
931008,0
931009,0
931010,0
931011,0
931012,0
931013,0
931014,0
931015,0
931016,0
931017,0
931018,0
931019,0
931020,0
931021,0
931022,0
931023,0
931024,0
931025,0
931026,0
931027,0
931028,0
931029,0
931030,0
931031,0
931032,0
931033,0
931034,0
931035,0
931036,0
931037,0
931038,0
931039,0
931040,0
931041,19
931042,0
931043,0
931044,0
931045,0
931046,0
931047,0
931048,0
931049,0
931050,0
931051,0
931052,0
931053,0
931054,0
931055,0
931056,0
931057,0
931058,0
931059,0
931060,0
931061,0
931062,0
931063,0
931064,0
931065,0
931066,0
931067,0
931068,0
931069,0
931070,0
931071,0
931072,0
931073,0
931074,0
931075,0
931076,0
931077,0
931078,0
931079,0
931080,0
931081,0
931082,0
931083,0
931084,0
931085,0
931086,0
931087,0
931088,0
931089,0
931090,0
931091,0
931092,0
931093,0
931094,0
931095,0
931096,0
931097,0
931098,0
931099,28
931100,0
931101,0
931102,0
931103,0
931104,0
931105,0
931106,0
931107,0
931108,0
931109,0
931110,0
931111,0
931112,0
931113,0
931114,0
931115,0
931116,27
931117,0
931118,0
931119,0
931120,0
931121,44
931122,0
931123,0
931124,0
931125,0
931126,0
931127,19
931128,0
931129,0
931130,0
931131,0
931132,0
931133,0
931134,0
931135,0
931136,0
931137,0
931138,0
931139,0
931140,0
931141,0
931142,24
931143,0
931144,0
931145,0
931146,0
931147,0
931148,0
931149,0
931150,0
931151,0
931152,0
931153,0
931154,0
931155,0
931156,0
931157,0
931158,0
931159,0
931160,0
931161,0
931162,0
931163,0
931164,0
931165,0
931166,0
931167,0
931168,0
931169,0
931170,0
931171,0
931172,0
931173,0
931174,0
931175,0
931176,0
931177,0
931178,0
931179,0
931180,0
931181,0
931182,0
931183,0
931184,0
931185,0
931186,0
931187,0
931188,0
931189,0
931190,0
931191,19
931192,0
931193,14
931194,0
931195,0
931196,0
931197,0
931198,0
931199,0
931200,0
931201,0
931202,0
931203,0
931204,0
931205,0
931206,0
931207,0
931208,0
931209,0
931210,0
931211,0
931212,0
931213,0
931214,0
931215,0
931216,0
931217,0
931218,0
931219,0
931220,0
931221,0
931222,0
931223,0
931224,0
931225,0
931226,0
931227,0
931228,0
931229,0
931230,0
931231,0
931232,0
931233,0
931234,0
931235,0
931236,0
931237,13
931238,0
931239,0
931240,0
931241,24
931242,0
931243,0
931244,0
931245,0
931246,0
931247,0
931248,12
931249,29
931250,0
931251,0
931252,0
931253,0
931254,0
931255,0
931256,0
931257,0
931258,0
931259,0
931260,0
931261,0
931262,0
931263,0
931264,0
931265,0
931266,0
931267,0
931268,0
931269,0
931270,0
931271,0
931272,0
931273,0
931274,0
931275,33
931276,0
931277,0
931278,0
931279,0
931280,0
931281,0
931282,0
931283,0
931284,0
931285,0
931286,0
931287,0
931288,0
931289,18
931290,0
931291,0
931292,0
931293,0
931294,0
931295,0
931296,0
931297,0
931298,8
931299,0
931300,0
931301,0
931302,0
931303,0
931304,0
931305,0
931306,0
931307,0
931308,0
931309,0
931310,0
931311,0
931312,0
931313,0
931314,24
931315,0
931316,25
931317,0
931318,0
931319,0
931320,0
931321,0
931322,0
931323,26
931324,0
931325,0
931326,0
931327,0
931328,0
931329,0
931330,0
931331,0
931332,0
931333,0
931334,0
931335,0
931336,0
931337,0
931338,0
931339,0
931340,0
931341,0
931342,33
931343,0
931344,0
931345,0
931346,0
931347,0
931348,0
931349,0
931350,0
931351,0
931352,0
931353,0
931354,0
931355,0
931356,0
931357,0
931358,0
931359,0
931360,0
931361,0
931362,0
931363,0
931364,0
931365,0
931366,0
931367,0
931368,0
931369,0
931370,0
931371,0
931372,0
931373,0
931374,0
931375,0
931376,0
931377,0
931378,32
931379,0
931380,0
931381,0
931382,0
931383,0
931384,0
931385,0
931386,0
931387,0
931388,0
931389,0
931390,0
931391,0
931392,0
931393,0
931394,0
931395,0
931396,0
931397,20
931398,0
931399,0
931400,14
931401,0
931402,15
931403,0
931404,0
931405,0
931406,0
931407,0
931408,0
931409,0
931410,0
931411,0
931412,0
931413,0
931414,0
931415,0
931416,0
931417,0
931418,0
931419,0
931420,0
931421,0
931422,0
931423,0
931424,0
931425,0
931426,0
931427,0
931428,0
931429,0
931430,0
931431,0
931432,0
931433,0
931434,0
931435,18
931436,0
931437,0
931438,0
931439,0
931440,0
931441,0
931442,0
931443,0
931444,0
931445,0
931446,0
931447,0
931448,0
931449,0
931450,0
931451,0
931452,0
931453,0
931454,0
931455,0
931456,0
931457,0
931458,0
931459,0
931460,0
931461,0
931462,0
931463,0
931464,0
931465,0
931466,0
931467,0
931468,0
931469,0
931470,0
931471,0
931472,0
931473,0
931474,0
931475,0
931476,23
931477,0
931478,0
931479,0
931480,0
931481,0
931482,0
931483,0
931484,0
931485,0
931486,0
931487,0
931488,0
931489,0
931490,0
931491,0
931492,0
931493,0
931494,0
931495,0
931496,0
931497,0
931498,35
931499,0
931500,0
931501,0
931502,0
931503,0
931504,0
931505,0
931506,0
931507,0
931508,0
931509,0
931510,0
931511,0
931512,0
931513,0
931514,0
931515,0
931516,0
931517,0
931518,0
931519,0
931520,0
931521,0
931522,0
931523,0
931524,0
931525,0
931526,0
931527,0
931528,26
931529,0
931530,0
931531,0
931532,0
931533,0
931534,0
931535,0
931536,0
931537,0
931538,0
931539,0
931540,0
931541,0
931542,0
931543,0
931544,0
931545,0
931546,0
931547,0
931548,52
931549,0
931550,31
931551,0
931552,0
931553,0
931554,0
931555,0
931556,0
931557,0
931558,0
931559,0
931560,0
931561,37
931562,0
931563,0
931564,0
931565,0
931566,0
931567,0
931568,39
931569,0
931570,0
931571,0
931572,0
931573,0
931574,0
931575,0
931576,42
931577,0
931578,0
931579,0
931580,0
931581,0
931582,0
931583,0
931584,48
931585,0
931586,0
931587,0
931588,0
931589,0
931590,0
931591,0
931592,0
931593,0
931594,0
931595,0
931596,0
931597,0
931598,0
931599,41
931600,0
931601,0
931602,0
931603,0
931604,0
931605,0
931606,0
931607,0
931608,0
931609,38
931610,0
931611,0
931612,41
931613,0
931614,0
931615,0
931616,0
931617,0
931618,0
931619,0
931620,0
931621,46
931622,0
931623,0
931624,0
931625,0
931626,0
931627,0
931628,0
931629,0
931630,0
931631,0
931632,0
931633,0
931634,0
931635,0
931636,0
931637,0
931638,0
931639,0
931640,0
931641,0
931642,0
931643,0
931644,0
931645,0
931646,0
931647,0
931648,0
931649,0
931650,84
931651,0
931652,0
931653,86
931654,0
931655,50
931656,0
931657,43
931658,0
931659,0
931660,0
931661,0
931662,0
931663,36
931664,23
931665,0
931666,27
931667,0
931668,0
931669,0
931670,0
931671,0
931672,0
931673,38
931674,0
931675,0
931676,40
931677,0
931678,57
931679,29
931680,0
931681,0
931682,0
931683,0
931684,0
931685,52
931686,0
931687,36
931688,0
931689,0
931690,0
931691,0
931692,0
931693,32
931694,41
931695,0
931696,0
931697,0
931698,34
931699,31
931700,0
931701,0
931702,0
931703,13
931704,0
931705,0
931706,0
931707,68
931708,0
931709,23
931710,26
931711,0
931712,0
931713,0
931714,0
931715,0
931716,0
931717,43
931718,0
931719,0
931720,56
931721,0
931722,46
931723,39
931724,0
931725,0
931726,0
931727,0
931728,0
931729,46
931730,0
931731,58
931732,0
931733,0
931734,0
931735,0
931736,0
931737,0
931738,59
931739,0
931740,0
931741,35
931742,0
931743,40
931744,0
931745,21
931746,23
931747,37
931748,0
931749,36
931750,0
931751,39
931752,0
931753,0
931754,0
931755,0
931756,0
931757,0
931758,26
931759,0
931760,25
931761,0
931762,19
931763,0
931764,0
931765,66
931766,0
931767,0
931768,0
931769,64
931770,16
931771,31
931772,0
931773,0
931774,32
931775,0
931776,0
931777,0
931778,0
931779,0
931780,28
931781,0
931782,49
931783,0
931784,0
931785,0
931786,0
931787,0
931788,41
931789,49
931790,0
931791,0
931792,0
931793,0
931794,0
931795,44
931796,0
931797,0
931798,0
931799,0
931800,0
931801,46
931802,30
931803,0
931804,0
931805,0
931806,43
931807,0
931808,0
931809,19
931810,0
931811,0
931812,0
931813,25
931814,0
931815,9
931816,0
931817,0
931818,0
931819,0
931820,48
931821,0
931822,0
931823,0
931824,93
931825,0
931826,0
931827,0
931828,32
931829,0
931830,0
931831,46
931832,0
931833,0
931834,43
931835,0
931836,29
931837,51
931838,31
931839,0
931840,0
931841,0
931842,56
931843,100
931844,0
931845,40
931846,0
931847,15
931848,0
931849,0
931850,0
931851,34
931852,0
931853,0
931854,0
931855,30
931856,0
931857,0
931858,0
931859,36
931860,32
931861,0
931862,0
931863,0
931864,47
931865,0
931866,0
931867,27
931868,0
931869,41
931870,0
931871,65
931872,0
931873,0
931874,0
931875,61
931876,0
931877,38
931878,0
931879,0
931880,27
931881,0
931882,0
931883,0
931884,0
931885,0
931886,0
931887,0
931888,0
931889,37
931890,53
931891,0
931892,0
931893,19
931894,0
931895,59
931896,0
931897,46
931898,0
931899,0
931900,0
931901,0
931902,0
931903,0
931904,67
931905,65
931906,0
931907,0
931908,0
931909,50
931910,0
931911,24
931912,0
931913,28
931914,39
931915,0
931916,42
931917,0
931918,0
931919,25
931920,66
931921,0
931922,0
931923,0
931924,0
931925,76
931926,47
931927,0
931928,0
931929,0
931930,0
931931,41
931932,34
931933,32
931934,0
931935,25
931936,0
931937,0
931938,0
931939,0
931940,17
931941,0
931942,52
931943,0
931944,0
931945,0
931946,0
931947,25
931948,108
931949,0
931950,0
931951,46
931952,0
931953,30
931954,54
931955,40
931956,0
931957,36
931958,37
931959,0
931960,0
931961,56
931962,0
931963,0
931964,0
931965,15
931966,66
931967,0
931968,0
931969,0
931970,0
931971,0
931972,0
931973,37
931974,0
931975,25
931976,42
931977,0
931978,0
931979,0
931980,24
931981,0
931982,0
931983,0
931984,25
931985,36
931986,44
931987,38
931988,24
931989,0
931990,0
931991,0
931992,0
931993,0
931994,27
931995,0
931996,25
931997,68
931998,34
931999,0
932000,0
932001,25
932002,0
932003,60
932004,41
932005,57
932006,0
932007,0
932008,0
932009,44
932010,0
932011,0
932012,0
932013,0
932014,0
932015,0
932016,17
932017,0
932018,0
932019,0
932020,0
932021,0
932022,0
932023,0
932024,0
932025,0
932026,0
932027,0
932028,0
932029,0
932030,0
932031,0
932032,0
932033,0
932034,48
932035,0
932036,0
932037,30
932038,0
932039,0
932040,0
932041,0
932042,0
932043,0
932044,0
932045,0
932046,0
932047,0
932048,0
932049,0
932050,0
932051,0
932052,0
932053,0
932054,0
932055,0
932056,0
932057,0
932058,38
932059,0
932060,0
932061,0
932062,0
932063,13
932064,0
932065,0
932066,0
932067,59
932068,0
932069,0
932070,0
932071,0
932072,0
932073,30
932074,110
932075,0
932076,36
932077,0
932078,50
932079,0
932080,0
932081,67
932082,0
932083,0
932084,32
932085,0
932086,44
932087,0
932088,0
932089,0
932090,0
932091,0
932092,25
932093,0
932094,0
932095,34
932096,71
932097,0
932098,0
932099,0
932100,72
932101,53
932102,0
932103,0
932104,0
932105,64
932106,0
932107,32
932108,0
932109,0
932110,0
932111,0
932112,0
932113,0
932114,0
932115,0
932116,0
932117,0
932118,50
932119,38
932120,0
932121,19
932122,38
932123,0
932124,0
932125,24
932126,0
932127,0
932128,51
932129,0
932130,47
932131,28
932132,0
932133,35
932134,57
932135,0
932136,0
932137,0
932138,0
932139,0
932140,31
932141,0
932142,0
932143,0
932144,0
932145,0
932146,18
932147,0
932148,0
932149,0
932150,0
932151,0
932152,0
932153,0
932154,0
932155,0
932156,0
932157,0
932158,0
932159,0
932160,0
932161,0
932162,0
932163,0
932164,0
932165,0
932166,29
932167,0
932168,0
932169,0
932170,0
932171,0
932172,0
932173,0
932174,0
932175,0
932176,36
932177,0
932178,0
932179,0
932180,0
932181,39
932182,0
932183,0
932184,31
932185,0
932186,0
932187,0
932188,0
932189,0
932190,43
932191,0
932192,0
932193,34
932194,0
932195,23
932196,38
932197,0
932198,0
932199,0
932200,0
932201,0
932202,0
932203,31
932204,0
932205,0
932206,48
932207,0
932208,21
932209,0
932210,0
932211,27
932212,0
932213,0
932214,0
932215,0
932216,0
932217,41
932218,0
932219,0
932220,0
932221,0
932222,57
932223,7
932224,0
932225,0
932226,0
932227,0
932228,0
932229,0
932230,18
932231,0
932232,0
932233,64
932234,32
932235,0
932236,0
932237,34
932238,0
932239,29
932240,29
932241,0
932242,0
932243,0
932244,0
932245,63
932246,49
932247,34
932248,0
932249,29
932250,0
932251,47
932252,0
932253,0
932254,0
932255,0
932256,0
932257,0
932258,0
932259,23
932260,0
932261,0
932262,0
932263,31
932264,0
932265,41
932266,0
932267,0
932268,0
932269,0
932270,24
932271,18
932272,0
932273,0
932274,0
932275,27
932276,0
932277,0
932278,0
932279,0
932280,0
932281,0
932282,50
932283,0
932284,0
932285,59
932286,23
932287,0
932288,34
932289,0
932290,58
932291,0
932292,0
932293,0
932294,0
932295,0
932296,37
932297,0
932298,0
932299,0
932300,0
932301,0
932302,0
932303,0
932304,43
932305,0
932306,0
932307,0
932308,0
932309,26
932310,0
932311,25
932312,0
932313,0
932314,0
932315,0
932316,0
932317,0
932318,0
932319,0
932320,0
932321,15
932322,0
932323,0
932324,24
932325,0
932326,0
932327,0
932328,0
932329,0
932330,0
932331,0
932332,0
932333,0
932334,0
932335,0
932336,0
932337,22
932338,0
932339,0
932340,37
932341,0
932342,0
932343,37
932344,0
932345,0
932346,0
932347,44
932348,15
932349,0
932350,0
932351,0
932352,0
932353,0
932354,0
932355,0
932356,0
932357,0
932358,0
932359,20
932360,0
932361,0
932362,0
932363,25
932364,0
932365,19
932366,0
932367,0
932368,20
932369,0
932370,0
932371,0
932372,12
932373,0
932374,0
932375,17
932376,0
932377,18
932378,0
932379,0
932380,0
932381,0
932382,0
932383,0
932384,0
932385,23
932386,0
932387,0
932388,0
932389,21
932390,24
932391,0
932392,0
932393,0
932394,0
932395,0
932396,0
932397,0
932398,0
932399,0
932400,0
932401,0
932402,0
932403,0
932404,28
932405,21
932406,0
932407,0
932408,0
932409,22
932410,23
932411,0
932412,0
932413,33
932414,0
932415,28
932416,0
932417,16
932418,0
932419,0
932420,24
932421,0
932422,0
932423,0
932424,0
932425,0
932426,0
932427,25
932428,0
932429,0
932430,0
932431,0
932432,32
932433,0
932434,0
932435,0
932436,43
932437,0
932438,0
932439,0
932440,0
932441,0
932442,25
932443,19
932444,0
932445,0
932446,0
932447,0
932448,0
932449,0
932450,24
932451,0
932452,0
932453,0
932454,0
932455,0
932456,0
932457,29
932458,0
932459,0
932460,0
932461,0
932462,0
932463,0
932464,0
932465,0
932466,0
932467,0
932468,32
932469,0
932470,0
932471,0
932472,0
932473,0
932474,0
932475,0
932476,0
932477,0
932478,0
932479,0
932480,0
932481,0
932482,20
932483,0
932484,0
932485,0
932486,19
932487,0
932488,0
932489,20
932490,0
932491,21
932492,0
932493,0
932494,0
932495,18
932496,19
932497,0
932498,0
932499,0
932500,0
932501,0
932502,0
932503,0
932504,0
932505,0
932506,0
932507,0
932508,21
932509,0
932510,20
932511,26
932512,0
932513,0
932514,11
932515,19
932516,0
932517,0
932518,0
932519,0
932520,0
932521,34
932522,0
932523,0
932524,24
932525,0
932526,0
932527,0
932528,0
932529,21
932530,0
932531,0
932532,0
932533,0
932534,0
932535,0
932536,25
932537,0
932538,0
932539,0
932540,0
932541,21
932542,27
932543,0
932544,0
932545,0
932546,0
932547,25
932548,0
932549,0
932550,0
932551,0
932552,0
932553,0
932554,0
932555,0
932556,23
932557,29
932558,0
932559,17
932560,12
932561,16
932562,0
932563,0
932564,0
932565,0
932566,0
932567,0
932568,0
932569,0
932570,31
932571,0
932572,0
932573,21
932574,0
932575,0
932576,0
932577,0
932578,0
932579,0
932580,0
932581,0
932582,0
932583,0
932584,0
932585,0
932586,30
932587,0
932588,0
932589,0
932590,0
932591,0
932592,26
932593,23
932594,0
932595,0
932596,0
932597,24
932598,0
932599,0
932600,0
932601,28
932602,0
932603,0
932604,0
932605,0
932606,0
932607,0
932608,0
932609,0
932610,0
932611,0
932612,0
932613,0
932614,0
932615,20
932616,0
932617,0
932618,21
932619,26
932620,24
932621,18
932622,0
932623,24
932624,0
932625,0
932626,0
932627,42
932628,0
932629,0
932630,0
932631,0
932632,0
932633,0
932634,27
932635,0
932636,35
932637,0
932638,0
932639,0
932640,0
932641,42
932642,0
932643,15
932644,0
932645,0
932646,0
932647,28
932648,17
932649,25
932650,0
932651,17
932652,0
932653,0
932654,0
932655,0
932656,0
932657,0
932658,0
932659,0
932660,0
932661,0
932662,17
932663,0
932664,0
932665,0
932666,0
932667,0
932668,0
932669,0
932670,0
932671,25
932672,0
932673,0
932674,0
932675,22
932676,33
932677,0
932678,0
932679,0
932680,0
932681,21
932682,17
932683,0
932684,0
932685,0
932686,0
932687,0
932688,0
932689,0
932690,0
932691,0
932692,0
932693,30
932694,0
932695,0
932696,0
932697,0
932698,0
932699,0
932700,0
932701,0
932702,0
932703,0
932704,0
932705,0
932706,29
932707,0
932708,0
932709,0
932710,23
932711,0
932712,0
932713,17
932714,0
932715,0
932716,19
932717,0
932718,0
932719,0
932720,0
932721,0
932722,0
932723,27
932724,0
932725,0
932726,37
932727,0
932728,35
932729,0
932730,0
932731,29
932732,0
932733,0
932734,0
932735,0
932736,0
932737,0
932738,0
932739,0
932740,0
932741,0
932742,0
932743,0
932744,0
932745,0
932746,0
932747,0
932748,22
932749,39
932750,0
932751,0
932752,0
932753,30
932754,0
932755,0
932756,24
932757,18
932758,0
932759,24
932760,0
932761,0
932762,0
932763,0
932764,0
932765,0
932766,0
932767,0
932768,0
932769,0
932770,13
932771,0
932772,39
932773,0
932774,20
932775,0
932776,20
932777,0
932778,23
932779,0
932780,0
932781,0
932782,0
932783,0
932784,0
932785,23
932786,35
932787,28
932788,0
932789,0
932790,0
932791,31
932792,0
932793,32
932794,0
932795,0
932796,18
932797,24
932798,0
932799,0
932800,0
932801,0
932802,0
932803,42
932804,0
932805,0
932806,0
932807,0
932808,25
932809,0
932810,18
932811,0
932812,0
932813,0
932814,0
932815,0
932816,0
932817,25
932818,0
932819,0
932820,0
932821,0
932822,26
932823,0
932824,21
932825,0
932826,0
932827,0
932828,0
932829,0
932830,0
932831,0
932832,0
932833,0
932834,0
932835,0
932836,0
932837,0
932838,0
932839,0
932840,0
932841,0
932842,23
932843,0
932844,22
932845,0
932846,0
932847,0
932848,20
932849,0
932850,0
932851,0
932852,0
932853,0
932854,37
932855,0
932856,0
932857,21
932858,0
932859,0
932860,23
932861,0
932862,0
932863,0
932864,0
932865,20
932866,0
932867,0
932868,0
932869,0
932870,27
932871,21
932872,13
932873,0
932874,36
932875,18
932876,0
932877,0
932878,0
932879,0
932880,13
932881,27
932882,0
932883,0
932884,29
932885,0
932886,0
932887,0
932888,0
932889,28
932890,19
932891,0
932892,0
932893,0
932894,0
932895,0
932896,0
932897,30
932898,22
932899,0
932900,31
932901,0
932902,0
932903,0
932904,0
932905,0
932906,0
932907,0
932908,0
932909,0
932910,0
932911,0
932912,0
932913,0
932914,20
932915,0
932916,27
932917,0
932918,0
932919,23
932920,25
932921,0
932922,0
932923,0
932924,0
932925,0
932926,0
932927,0
932928,0
932929,29
932930,0
932931,16
932932,0
932933,0
932934,20
932935,0
932936,0
932937,0
932938,0
932939,0
932940,0
932941,0
932942,0
932943,20
932944,0
932945,0
932946,0
932947,0
932948,29
932949,0
932950,26
932951,0
932952,0
932953,0
932954,0
932955,0
932956,0
932957,0
932958,0
932959,26
932960,22
932961,0
932962,28
932963,21
932964,22
932965,0
932966,0
932967,0
932968,23
932969,0
932970,0
932971,0
932972,0
932973,0
932974,0
932975,0
932976,0
932977,0
932978,0
932979,0
932980,0
932981,0
932982,0
932983,0
932984,0
932985,0
932986,0
932987,0
932988,0
932989,0
932990,29
932991,0
932992,0
932993,0
932994,0
932995,0
932996,0
932997,0
932998,0
932999,0
933000,0
933001,0
933002,0
933003,0
933004,0
933005,0
933006,0
933007,0
933008,0
933009,10
933010,0
933011,0
933012,0
933013,0
933014,0
933015,0
933016,0
933017,0
933018,2
933019,0
933020,0
933021,0
933022,0
933023,0
933024,0
933025,0
933026,0
933027,0
933028,0
933029,0
933030,0
933031,0
933032,0
933033,11
933034,0
933035,0
933036,0
933037,0
933038,0
933039,3
933040,0
933041,0
933042,0
933043,0
933044,0
933045,0
933046,0
933047,0
933048,0
933049,0
933050,5
933051,0
933052,0
933053,0
933054,0
933055,0
933056,4
933057,0
933058,0
933059,0
933060,0
933061,0
933062,0
933063,0
933064,0
933065,0
933066,0
933067,0
933068,0
933069,0
933070,0
933071,0
933072,0
933073,0
933074,0
933075,0
933076,0
933077,0
933078,0
933079,0
933080,0
933081,0
933082,0
933083,0
933084,0
933085,0
933086,0
933087,0
933088,0
933089,5
933090,0
933091,0
933092,0
933093,0
933094,0
933095,0
933096,0
933097,0
933098,0
933099,0
933100,0
933101,0
933102,0
933103,0
933104,0
933105,0
933106,0
933107,4
933108,0
933109,0
933110,3
933111,0
933112,0
933113,0
933114,0
933115,0
933116,0
933117,0
933118,5
933119,0
933120,0
933121,0
933122,0
933123,0
933124,0
933125,0
933126,0
933127,0
933128,0
933129,0
933130,0
933131,0
933132,0
933133,1
933134,0
933135,0
933136,0
933137,0
933138,0
933139,0
933140,0
933141,0
933142,0
933143,0
933144,0
933145,0
933146,0
933147,0
933148,0
933149,0
933150,0
933151,0
933152,0
933153,0
933154,0
933155,0
933156,0
933157,0
933158,0
933159,0
933160,0
933161,0
933162,0
933163,0
933164,0
933165,0
933166,0
933167,0
933168,0
933169,0
933170,0
933171,3
933172,0
933173,0
933174,0
933175,0
933176,0
933177,0
933178,0
933179,0
933180,0
933181,0
933182,0
933183,0
933184,0
933185,0
933186,0
933187,0
933188,0
933189,0
933190,0
933191,0
933192,0
933193,0
933194,0
933195,0
933196,0
933197,0
933198,0
933199,0
933200,0
933201,0
933202,0
933203,0
933204,0
933205,0
933206,0
933207,0
933208,0
933209,0
933210,0
933211,0
933212,0
933213,0
933214,0
933215,0
933216,0
933217,0
933218,0
933219,0
933220,0
933221,0
933222,0
933223,0
933224,0
933225,0
933226,0
933227,0
933228,0
933229,0
933230,0
933231,0
933232,7
933233,8
933234,0
933235,0
933236,0
933237,0
933238,0
933239,0
933240,0
933241,0
933242,0
933243,0
933244,0
933245,0
933246,0
933247,3
933248,0
933249,0
933250,0
933251,0
933252,0
933253,0
933254,0
933255,0
933256,0
933257,0
933258,0
933259,0
933260,3
933261,0
933262,0
933263,0
933264,0
933265,0
933266,0
933267,0
933268,6
933269,0
933270,0
933271,0
933272,0
933273,0
933274,0
933275,0
933276,0
933277,0
933278,0
933279,0
933280,0
933281,0
933282,0
933283,0
933284,0
933285,0
933286,0
933287,0
933288,0
933289,0
933290,0
933291,0
933292,0
933293,0
933294,0
933295,0
933296,0
933297,0
933298,0
933299,0
933300,0
933301,0
933302,0
933303,0
933304,0
933305,0
933306,0
933307,0
933308,0
933309,0
933310,0
933311,0
933312,0
933313,0
933314,0
933315,0
933316,0
933317,4
933318,9
933319,0
933320,0
933321,0
933322,0
933323,0
933324,0
933325,0
933326,0
933327,0
933328,0
933329,0
933330,0
933331,0
933332,0
933333,10
933334,0
933335,0
933336,0
933337,0
933338,0
933339,0
933340,0
933341,0
933342,0
933343,0
933344,0
933345,0
933346,0
933347,0
933348,0
933349,0
933350,0
933351,0
933352,5
933353,0
933354,3
933355,0
933356,0
933357,0
933358,0
933359,0
933360,0
933361,0
933362,0
933363,0
933364,0
933365,0
933366,0
933367,0
933368,0
933369,0
933370,0
933371,0
933372,0
933373,0
933374,0
933375,0
933376,5
933377,0
933378,0
933379,0
933380,0
933381,0
933382,0
933383,0
933384,0
933385,0
933386,0
933387,0
933388,0
933389,0
933390,0
933391,9
933392,0
933393,20
933394,0
933395,0
933396,0
933397,0
933398,22
933399,0
933400,0
933401,15
933402,0
933403,8
933404,13
933405,21
933406,0
933407,13
933408,16
933409,0
933410,0
933411,0
933412,0
933413,11
933414,0
933415,13
933416,0
933417,0
933418,19
933419,0
933420,0
933421,0
933422,11
933423,0
933424,0
933425,0
933426,0
933427,0
933428,0
933429,0
933430,0
933431,0
933432,0
933433,0
933434,0
933435,0
933436,9
933437,0
933438,0
933439,0
933440,0
933441,0
933442,16
933443,0
933444,17
933445,0
933446,0
933447,0
933448,0
933449,0
933450,0
933451,13
933452,0
933453,0
933454,0
933455,4
933456,15
933457,0
933458,0
933459,0
933460,0
933461,0
933462,20
933463,0
933464,0
933465,16
933466,0
933467,0
933468,0
933469,0
933470,15
933471,0
933472,0
933473,0
933474,0
933475,0
933476,0
933477,0
933478,0
933479,11
933480,0
933481,10
933482,0
933483,0
933484,23
933485,0
933486,0
933487,0
933488,0
933489,0
933490,0
933491,0
933492,0
933493,0
933494,0
933495,0
933496,0
933497,0
933498,25
933499,10
933500,0
933501,0
933502,0
933503,0
933504,13
933505,11
933506,0
933507,10
933508,0
933509,0
933510,0
933511,15
933512,0
933513,0
933514,0
933515,21
933516,0
933517,0
933518,0
933519,14
933520,0
933521,0
933522,0
933523,0
933524,0
933525,0
933526,0
933527,0
933528,0
933529,0
933530,0
933531,0
933532,0
933533,0
933534,0
933535,0
933536,0
933537,16
933538,0
933539,0
933540,8
933541,18
933542,0
933543,17
933544,0
933545,0
933546,0
933547,18
933548,7
933549,0
933550,0
933551,0
933552,0
933553,0
933554,0
933555,0
933556,0
933557,0
933558,0
933559,0
933560,0
933561,0
933562,0
933563,8
933564,0
933565,15
933566,0
933567,0
933568,0
933569,18
933570,0
933571,0
933572,0
933573,24
933574,0
933575,0
933576,0
933577,0
933578,0
933579,0
933580,0
933581,0
933582,18
933583,13
933584,6
933585,14
933586,0
933587,6
933588,0
933589,18
933590,0
933591,0
933592,0
933593,0
933594,0
933595,0
933596,10
933597,0
933598,16
933599,0
933600,0
933601,0
933602,0
933603,0
933604,0
933605,19
933606,0
933607,0
933608,20
933609,0
933610,21
933611,0
933612,22
933613,18
933614,0
933615,0
933616,0
933617,0
933618,0
933619,0
933620,0
933621,20
933622,14
933623,0
933624,0
933625,12
933626,12
933627,7
933628,0
933629,0
933630,0
933631,0
933632,0
933633,0
933634,0
933635,13
933636,0
933637,0
933638,0
933639,0
933640,0
933641,0
933642,0
933643,17
933644,0
933645,9
933646,14
933647,0
933648,11
933649,0
933650,0
933651,0
933652,6
933653,0
933654,0
933655,0
933656,0
933657,0
933658,0
933659,0
933660,0
933661,0
933662,0
933663,0
933664,0
933665,0
933666,0
933667,0
933668,14
933669,0
933670,0
933671,10
933672,15
933673,0
933674,0
933675,12
933676,0
933677,0
933678,0
933679,0
933680,0
933681,0
933682,0
933683,0
933684,0
933685,0
933686,12
933687,19
933688,0
933689,18
933690,0
933691,15
933692,0
933693,0
933694,0
933695,0
933696,0
933697,0
933698,0
933699,0
933700,0
933701,0
933702,9
933703,0
933704,0
933705,0
933706,0
933707,18
933708,0
933709,0
933710,0
933711,0
933712,0
933713,0
933714,0
933715,0
933716,0
933717,0
933718,0
933719,0
933720,0
933721,0
933722,0
933723,0
933724,0
933725,27
933726,0
933727,0
933728,0
933729,0
933730,0
933731,0
933732,10
933733,0
933734,0
933735,16
933736,9
933737,0
933738,8
933739,0
933740,0
933741,0
933742,0
933743,0
933744,17
933745,15
933746,0
933747,0
933748,0
933749,0
933750,0
933751,0
933752,21
933753,0
933754,0
933755,0
933756,0
933757,0
933758,0
933759,0
933760,0
933761,0
933762,0
933763,22
933764,0
933765,0
933766,0
933767,0
933768,0
933769,0
933770,0
933771,0
933772,15
933773,13
933774,0
933775,12
933776,0
933777,0
933778,0
933779,0
933780,12
933781,10
933782,0
933783,0
933784,15
933785,7
933786,0
933787,0
933788,0
933789,0
933790,0
933791,0
933792,0
933793,0
933794,0
933795,0
933796,0
933797,0
933798,38
933799,0
933800,22
933801,0
933802,0
933803,0
933804,0
933805,0
933806,0
933807,0
933808,30
933809,0
933810,0
933811,26
933812,0
933813,0
933814,0
933815,0
933816,0
933817,0
933818,0
933819,0
933820,0
933821,31
933822,0
933823,24
933824,0
933825,0
933826,0
933827,0
933828,0
933829,0
933830,0
933831,0
933832,0
933833,0
933834,0
933835,0
933836,0
933837,34
933838,0
933839,0
933840,0
933841,47
933842,0
933843,0
933844,0
933845,0
933846,0
933847,0
933848,0
933849,33
933850,0
933851,0
933852,0
933853,0
933854,0
933855,0
933856,0
933857,0
933858,0
933859,0
933860,27
933861,0
933862,0
933863,0
933864,0
933865,0
933866,0
933867,0
933868,36
933869,27
933870,0
933871,0
933872,0
933873,0
933874,0
933875,0
933876,0
933877,27
933878,0
933879,0
933880,0
933881,0
933882,0
933883,0
933884,0
933885,0
933886,25
933887,0
933888,0
933889,0
933890,44
933891,0
933892,0
933893,0
933894,0
933895,0
933896,0
933897,20
933898,0
933899,0
933900,0
933901,0
933902,0
933903,42
933904,0
933905,0
933906,0
933907,27
933908,0
933909,0
933910,0
933911,0
933912,29
933913,0
933914,0
933915,0
933916,0
933917,0
933918,0
933919,0
933920,40
933921,0
933922,0
933923,21
933924,0
933925,0
933926,0
933927,0
933928,38
933929,31
933930,38
933931,0
933932,0
933933,21
933934,0
933935,0
933936,30
933937,28
933938,0
933939,0
933940,0
933941,0
933942,0
933943,0
933944,0
933945,0
933946,28
933947,35
933948,0
933949,0
933950,34
933951,34
933952,0
933953,0
933954,42
933955,0
933956,51
933957,0
933958,0
933959,0
933960,25
933961,0
933962,0
933963,0
933964,0
933965,0
933966,29
933967,29
933968,0
933969,0
933970,0
933971,0
933972,0
933973,0
933974,0
933975,0
933976,0
933977,0
933978,0
933979,31
933980,41
933981,0
933982,0
933983,0
933984,0
933985,0
933986,33
933987,0
933988,17
933989,0
933990,0
933991,0
933992,28
933993,37
933994,0
933995,24
933996,0
933997,38
933998,0
933999,30
934000,32
934001,0
934002,0
934003,0
934004,0
934005,41
934006,0
934007,0
934008,30
934009,0
934010,0
934011,0
934012,0
934013,0
934014,0
934015,0
934016,0
934017,0
934018,0
934019,0
934020,0
934021,0
934022,0
934023,0
934024,0
934025,0
934026,28
934027,0
934028,0
934029,0
934030,0
934031,0
934032,0
934033,0
934034,0
934035,29
934036,0
934037,37
934038,0
934039,27
934040,0
934041,0
934042,0
934043,0
934044,0
934045,0
934046,0
934047,0
934048,0
934049,31
934050,0
934051,0
934052,0
934053,0
934054,0
934055,0
934056,0
934057,0
934058,0
934059,0
934060,0
934061,0
934062,34
934063,0
934064,0
934065,0
934066,30
934067,0
934068,0
934069,0
934070,0
934071,0
934072,45
934073,0
934074,0
934075,0
934076,30
934077,0
934078,0
934079,0
934080,0
934081,0
934082,0
934083,21
934084,0
934085,0
934086,0
934087,0
934088,0
934089,0
934090,0
934091,0
934092,0
934093,0
934094,0
934095,40
934096,0
934097,0
934098,30
934099,0
934100,0
934101,0
934102,0
934103,0
934104,0
934105,0
934106,0
934107,0
934108,0
934109,0
934110,0
934111,0
934112,0
934113,0
934114,40
934115,0
934116,0
934117,24
934118,0
934119,0
934120,0
934121,0
934122,0
934123,0
934124,0
934125,0
934126,0
934127,35
934128,0
934129,0
934130,0
934131,0
934132,0
934133,0
934134,28
934135,0
934136,0
934137,28
934138,0
934139,0
934140,29
934141,0
934142,0
934143,0
934144,0
934145,0
934146,43
934147,0
934148,0
934149,0
934150,0
934151,0
934152,27
934153,0
934154,29
934155,0
934156,0
934157,0
934158,0
934159,0
934160,31
934161,0
934162,0
934163,38
934164,0
934165,0
934166,0
934167,0
934168,0
934169,0
934170,0
934171,0
934172,0
934173,0
934174,46
934175,0
934176,45
934177,0
934178,0
934179,0
934180,21
934181,0
934182,0
934183,0
934184,0
934185,29
934186,0
934187,0
934188,0
934189,0
934190,0
934191,0
934192,0
934193,36
934194,0
934195,40
934196,30
934197,32
934198,0
934199,0
934200,0
934201,0
934202,39
934203,0
934204,30
934205,28
934206,0
934207,22
934208,0
934209,35
934210,0
934211,32
934212,0
934213,0
934214,0
934215,0
934216,0
934217,0
934218,0
934219,0
934220,0
934221,24
934222,43
934223,33
934224,0
934225,0
934226,0
934227,24
934228,34
934229,0
934230,0
934231,0
934232,0
934233,0
934234,0
934235,0
934236,25
934237,0
934238,32
934239,0
934240,0
934241,22
934242,0
934243,0
934244,0
934245,0
934246,0
934247,30
934248,0
934249,0
934250,0
934251,19
934252,46
934253,40
934254,0
934255,0
934256,0
934257,0
934258,0
934259,0
934260,35
934261,0
934262,0
934263,43
934264,0
934265,0
934266,0
934267,0
934268,0
934269,0
934270,0
934271,0
934272,0
934273,0
934274,0
934275,0
934276,0
934277,24
934278,34
934279,50
934280,0
934281,0
934282,0
934283,47
934284,0
934285,0
934286,0
934287,0
934288,0
934289,0
934290,38
934291,0
934292,0
934293,0
934294,0
934295,40
934296,0
934297,0
934298,0
934299,0
934300,0
934301,0
934302,0
934303,26
934304,0
934305,0
934306,21
934307,39
934308,0
934309,0
934310,26
934311,0
934312,0
934313,33
934314,0
934315,0
934316,29
934317,0
934318,0
934319,31
934320,0
934321,0
934322,0
934323,30
934324,0
934325,0
934326,0
934327,0
934328,0
934329,0
934330,0
934331,0
934332,0
934333,0
934334,0
934335,0
934336,0
934337,0
934338,0
934339,0
934340,0
934341,0
934342,0
934343,0
934344,0
934345,0
934346,0
934347,0
934348,0
934349,0
934350,0
934351,0
934352,0
934353,0
934354,0
934355,0
934356,0
934357,0
934358,0
934359,0
934360,0
934361,0
934362,0
934363,0
934364,0
934365,0
934366,0
934367,0
934368,0
934369,0
934370,0
934371,0
934372,0
934373,0
934374,0
934375,0
934376,0
934377,0
934378,0
934379,0
934380,0
934381,0
934382,0
934383,0
934384,0
934385,0
934386,0
934387,0
934388,0
934389,0
934390,0
934391,0
934392,0
934393,0
934394,0
934395,0
934396,0
934397,0
934398,0
934399,0
934400,0
934401,0
934402,0
934403,0
934404,0
934405,0
934406,0
934407,0
934408,0
934409,0
934410,0
934411,0
934412,0
934413,0
934414,0
934415,0
934416,0
934417,0
934418,0
934419,0
934420,0
934421,0
934422,0
934423,0
934424,0
934425,0
934426,0
934427,0
934428,0
934429,0
934430,0
934431,0
934432,0
934433,0
934434,0
934435,0
934436,0
934437,0
934438,0
934439,0
934440,0
934441,0
934442,0
934443,0
934444,0
934445,0
934446,0
934447,0
934448,0
934449,0
934450,0
934451,0
934452,0
934453,0
934454,0
934455,0
934456,0
934457,0
934458,0
934459,0
934460,0
934461,0
934462,0
934463,0
934464,0
934465,0
934466,0
934467,0
934468,0
934469,0
934470,0
934471,0
934472,0
934473,0
934474,0
934475,0
934476,0
934477,0
934478,0
934479,0
934480,0
934481,0
934482,0
934483,0
934484,0
934485,0
934486,0
934487,0
934488,0
934489,0
934490,0
934491,0
934492,0
934493,0
934494,0
934495,0
934496,0
934497,0
934498,0
934499,0
934500,0
934501,0
934502,0
934503,0
934504,0
934505,0
934506,22
934507,0
934508,0
934509,0
934510,0
934511,0
934512,27
934513,0
934514,0
934515,0
934516,0
934517,15
934518,0
934519,0
934520,0
934521,0
934522,0
934523,0
934524,22
934525,0
934526,0
934527,0
934528,0
934529,0
934530,0
934531,0
934532,0
934533,0
934534,0
934535,0
934536,0
934537,0
934538,0
934539,0
934540,0
934541,0
934542,0
934543,0
934544,0
934545,0
934546,20
934547,0
934548,0
934549,0
934550,0
934551,0
934552,0
934553,0
934554,20
934555,21
934556,0
934557,10
934558,0
934559,23
934560,0
934561,0
934562,0
934563,0
934564,0
934565,0
934566,0
934567,24
934568,0
934569,0
934570,32
934571,0
934572,0
934573,0
934574,0
934575,0
934576,22
934577,0
934578,0
934579,0
934580,0
934581,20
934582,0
934583,0
934584,0
934585,0
934586,0
934587,24
934588,0
934589,0
934590,0
934591,0
934592,29
934593,0
934594,0
934595,0
934596,0
934597,0
934598,0
934599,0
934600,23
934601,22
934602,0
934603,25
934604,0
934605,0
934606,0
934607,0
934608,0
934609,0
934610,23
934611,0
934612,0
934613,0
934614,0
934615,0
934616,0
934617,14
934618,0
934619,0
934620,0
934621,0
934622,0
934623,0
934624,0
934625,0
934626,23
934627,0
934628,0
934629,0
934630,0
934631,0
934632,0
934633,0
934634,16
934635,24
934636,0
934637,0
934638,26
934639,0
934640,0
934641,0
934642,0
934643,19
934644,0
934645,0
934646,13
934647,0
934648,0
934649,15
934650,0
934651,0
934652,17
934653,26
934654,0
934655,0
934656,0
934657,0
934658,0
934659,12
934660,0
934661,0
934662,23
934663,0
934664,0
934665,0
934666,0
934667,16
934668,0
934669,0
934670,0
934671,0
934672,20
934673,14
934674,0
934675,0
934676,0
934677,0
934678,0
934679,0
934680,0
934681,20
934682,10
934683,0
934684,23
934685,21
934686,18
934687,10
934688,20
934689,0
934690,15
934691,0
934692,0
934693,17
934694,10
934695,0
934696,0
934697,0
934698,0
934699,27
934700,0
934701,14
934702,0
934703,0
934704,17
934705,0
934706,0
934707,0
934708,0
934709,0
934710,0
934711,0
934712,15
934713,0
934714,18
934715,0
934716,0
934717,0
934718,0
934719,0
934720,23
934721,0
934722,0
934723,28
934724,18
934725,0
934726,0
934727,0
934728,0
934729,0
934730,22
934731,0
934732,0
934733,0
934734,0
934735,16
934736,0
934737,0
934738,0
934739,0
934740,0
934741,0
934742,0
934743,20
934744,9
934745,0
934746,19
934747,15
934748,29
934749,19
934750,0
934751,0
934752,0
934753,0
934754,0
934755,0
934756,0
934757,7
934758,0
934759,0
934760,17
934761,0
934762,0
934763,0
934764,0
934765,0
934766,0
934767,0
934768,0
934769,0
934770,27
934771,0
934772,0
934773,0
934774,19
934775,0
934776,0
934777,29
934778,21
934779,0
934780,0
934781,0
934782,0
934783,0
934784,0
934785,18
934786,0
934787,0
934788,0
934789,0
934790,0
934791,19
934792,0
934793,0
934794,24
934795,0
934796,0
934797,0
934798,0
934799,0
934800,0
934801,0
934802,0
934803,0
934804,0
934805,0
934806,0
934807,0
934808,0
934809,0
934810,0
934811,0
934812,0
934813,0
934814,0
934815,0
934816,14
934817,0
934818,0
934819,0
934820,0
934821,0
934822,0
934823,0
934824,0
934825,0
934826,0
934827,0
934828,0
934829,0
934830,23
934831,0
934832,0
934833,0
934834,0
934835,0
934836,0
934837,20
934838,0
934839,0
934840,0
934841,16
934842,0
934843,0
934844,0
934845,19
934846,0
934847,0
934848,0
934849,0
934850,0
934851,0
934852,0
934853,0
934854,0
934855,0
934856,18
934857,0
934858,0
934859,0
934860,21
934861,0
934862,28
934863,0
934864,0
934865,9
934866,0
934867,0
934868,0
934869,0
934870,0
934871,0
934872,0
934873,0
934874,15
934875,0
934876,16
934877,0
934878,0
934879,0
934880,0
934881,0
934882,27
934883,0
934884,0
934885,21
934886,26
934887,0
934888,0
934889,0
934890,0
934891,0
934892,26
934893,0
934894,0
934895,23
934896,0
934897,0
934898,23
934899,0
934900,0
934901,0
934902,31
934903,0
934904,0
934905,27
934906,0
934907,0
934908,15
934909,10
934910,0
934911,0
934912,0
934913,15
934914,29
934915,0
934916,0
934917,0
934918,0
934919,0
934920,28
934921,0
934922,0
934923,0
934924,18
934925,0
934926,0
934927,12
934928,0
934929,24
934930,15
934931,0
934932,0
934933,0
934934,0
934935,0
934936,0
934937,0
934938,24
934939,0
934940,0
934941,0
934942,0
934943,0
934944,0
934945,0
934946,14
934947,14
934948,11
934949,0
934950,0
934951,0
934952,0
934953,27
934954,17
934955,0
934956,12
934957,0
934958,0
934959,0
934960,0
934961,17
934962,19
934963,0
934964,0
934965,21
934966,0
934967,0
934968,19
934969,18
934970,16
934971,0
934972,0
934973,17
934974,0
934975,0
934976,0
934977,0
934978,0
934979,18
934980,0
934981,0
934982,0
934983,0
934984,0
934985,0
934986,0
934987,0
934988,0
934989,0
934990,0
934991,0
934992,26
934993,0
934994,0
934995,32
934996,0
934997,0
934998,0
934999,0
935000,0
935001,0
935002,0
935003,0
935004,0
935005,0
935006,22
935007,0
935008,0
935009,0
935010,0
935011,0
935012,20
935013,0
935014,0
935015,0
935016,0
935017,0
935018,0
935019,0
935020,0
935021,0
935022,0
935023,0
935024,0
935025,0
935026,27
935027,0
935028,0
935029,0
935030,0
935031,0
935032,0
935033,0
935034,0
935035,0
935036,0
935037,0
935038,0
935039,0
935040,0
935041,25
935042,0
935043,0
935044,0
935045,15
935046,0
935047,0
935048,0
935049,0
935050,0
935051,0
935052,0
935053,0
935054,0
935055,0
935056,11
935057,0
935058,0
935059,0
935060,0
935061,0
935062,0
935063,0
935064,0
935065,0
935066,0
935067,0
935068,0
935069,22
935070,19
935071,0
935072,0
935073,0
935074,0
935075,0
935076,0
935077,0
935078,0
935079,0
935080,23
935081,0
935082,0
935083,0
935084,0
935085,0
935086,0
935087,0
935088,23
935089,0
935090,0
935091,19
935092,0
935093,15
935094,0
935095,0
935096,0
935097,15
935098,21
935099,0
935100,0
935101,0
935102,0
935103,0
935104,0
935105,0
935106,0
935107,0
935108,21
935109,0
935110,31
935111,0
935112,0
935113,0
935114,0
935115,0
935116,0
935117,0
935118,0
935119,0
935120,0
935121,0
935122,0
935123,0
935124,0
935125,0
935126,0
935127,0
935128,20
935129,0
935130,27
935131,0
935132,0
935133,0
935134,0
935135,0
935136,30
935137,0
935138,17
935139,28
935140,20
935141,0
935142,0
935143,0
935144,0
935145,0
935146,0
935147,0
935148,0
935149,0
935150,0
935151,24
935152,0
935153,0
935154,0
935155,24
935156,0
935157,0
935158,0
935159,0
935160,0
935161,0
935162,0
935163,0
935164,0
935165,20
935166,0
935167,0
935168,0
935169,0
935170,0
935171,0
935172,0
935173,0
935174,0
935175,0
935176,0
935177,0
935178,0
935179,0
935180,0
935181,0
935182,0
935183,12
935184,0
935185,0
935186,0
935187,0
935188,0
935189,0
935190,0
935191,0
935192,22
935193,0
935194,0
935195,0
935196,0
935197,0
935198,0
935199,19
935200,0
935201,24
935202,0
935203,0
935204,0
935205,0
935206,0
935207,23
935208,24
935209,0
935210,0
935211,0
935212,0
935213,0
935214,0
935215,0
935216,0
935217,0
935218,0
935219,0
935220,0
935221,0
935222,0
935223,0
935224,18
935225,11
935226,0
935227,0
935228,30
935229,35
935230,0
935231,0
935232,0
935233,0
935234,0
935235,0
935236,0
935237,16
935238,0
935239,0
935240,0
935241,0
935242,0
935243,0
935244,0
935245,0
935246,0
935247,0
935248,0
935249,0
935250,0
935251,0
935252,0
935253,31
935254,0
935255,0
935256,0
935257,0
935258,0
935259,0
935260,19
935261,21
935262,0
935263,22
935264,0
935265,0
935266,29
935267,0
935268,0
935269,0
935270,0
935271,0
935272,0
935273,0
935274,0
935275,0
935276,0
935277,0
935278,0
935279,0
935280,0
935281,0
935282,0
935283,0
935284,0
935285,0
935286,0
935287,0
935288,0
935289,0
935290,0
935291,0
935292,0
935293,0
935294,0
935295,0
935296,0
935297,0
935298,0
935299,0
935300,0
935301,0
935302,0
935303,0
935304,27
935305,12
935306,0
935307,0
935308,14
935309,27
935310,0
935311,0
935312,30
935313,0
935314,35
935315,0
935316,0
935317,14
935318,0
935319,0
935320,0
935321,12
935322,0
935323,0
935324,0
935325,28
935326,0
935327,27
935328,0
935329,24
935330,19
935331,18
935332,0
935333,0
935334,0
935335,0
935336,0
935337,24
935338,0
935339,0
935340,0
935341,0
935342,0
935343,0
935344,0
935345,0
935346,0
935347,13
935348,0
935349,0
935350,0
935351,0
935352,0
935353,0
935354,25
935355,0
935356,0
935357,0
935358,0
935359,0
935360,0
935361,0
935362,13
935363,0
935364,0
935365,32
935366,0
935367,0
935368,0
935369,31
935370,0
935371,0
935372,0
935373,0
935374,15
935375,0
935376,0
935377,0
935378,0
935379,29
935380,0
935381,0
935382,0
935383,0
935384,0
935385,0
935386,0
935387,0
935388,0
935389,0
935390,0
935391,0
935392,0
935393,0
935394,31
935395,0
935396,0
935397,0
935398,0
935399,0
935400,37
935401,0
935402,0
935403,0
935404,0
935405,0
935406,0
935407,25
935408,0
935409,0
935410,0
935411,0
935412,23
935413,29
935414,23
935415,0
935416,0
935417,0
935418,0
935419,0
935420,0
935421,0
935422,0
935423,0
935424,0
935425,16
935426,0
935427,0
935428,0
935429,0
935430,0
935431,30
935432,0
935433,0
935434,0
935435,0
935436,0
935437,0
935438,0
935439,0
935440,0
935441,32
935442,0
935443,0
935444,0
935445,0
935446,12
935447,0
935448,0
935449,0
935450,18
935451,0
935452,0
935453,0
935454,0
935455,0
935456,0
935457,0
935458,0
935459,0
935460,0
935461,0
935462,0
935463,0
935464,0
935465,0
935466,0
935467,0
935468,0
935469,0
935470,0
935471,0
935472,0
935473,0
935474,0
935475,0
935476,0
935477,16
935478,0
935479,0
935480,0
935481,0
935482,0
935483,0
935484,0
935485,0
935486,0
935487,0
935488,28
935489,0
935490,0
935491,0
935492,0
935493,34
935494,16
935495,19
935496,24
935497,19
935498,15
935499,0
935500,0
935501,0
935502,0
935503,0
935504,28
935505,0
935506,0
935507,0
935508,0
935509,0
935510,0
935511,0
935512,0
935513,0
935514,0
935515,0
935516,18
935517,7
935518,0
935519,0
935520,21
935521,0
935522,0
935523,0
935524,0
935525,0
935526,18
935527,0
935528,0
935529,19
935530,0
935531,0
935532,0
935533,0
935534,0
935535,0
935536,0
935537,0
935538,0
935539,0
935540,0
935541,0
935542,0
935543,25
935544,0
935545,0
935546,0
935547,15
935548,0
935549,0
935550,0
935551,21
935552,0
935553,0
935554,0
935555,0
935556,0
935557,0
935558,0
935559,0
935560,0
935561,23
935562,0
935563,0
935564,0
935565,0
935566,0
935567,0
935568,0
935569,13
935570,0
935571,0
935572,0
935573,0
935574,0
935575,0
935576,0
935577,34
935578,0
935579,0
935580,0
935581,0
935582,0
935583,0
935584,0
935585,0
935586,0
935587,0
935588,0
935589,20
935590,0
935591,0
935592,0
935593,0
935594,0
935595,0
935596,0
935597,0
935598,0
935599,0
935600,19
935601,9
935602,0
935603,0
935604,0
935605,0
935606,0
935607,0
935608,0
935609,19
935610,0
935611,0
935612,0
935613,0
935614,0
935615,0
935616,0
935617,36
935618,0
935619,0
935620,14
935621,0
935622,27
935623,28
935624,0
935625,0
935626,0
935627,0
935628,0
935629,0
935630,0
935631,0
935632,15
935633,0
935634,0
935635,15
935636,0
935637,32
935638,0
935639,0
935640,0
935641,0
935642,0
935643,33
935644,0
935645,30
935646,0
935647,0
935648,0
935649,0
935650,0
935651,0
935652,0
935653,0
935654,0
935655,0
935656,18
935657,0
935658,0
935659,0
935660,0
935661,0
935662,0
935663,0
935664,0
935665,0
935666,26
935667,43
935668,33
935669,0
935670,0
935671,0
935672,0
935673,18
935674,0
935675,0
935676,0
935677,17
935678,0
935679,14
935680,16
935681,29
935682,0
935683,0
935684,0
935685,17
935686,0
935687,0
935688,0
935689,0
935690,0
935691,0
935692,0
935693,0
935694,0
935695,0
935696,0
935697,0
935698,0
935699,23
935700,0
935701,0
935702,0
935703,0
935704,20
935705,23
935706,0
935707,0
935708,0
935709,0
935710,0
935711,16
935712,0
935713,0
935714,0
935715,0
935716,0
935717,22
935718,17
935719,0
935720,0
935721,0
935722,0
935723,0
935724,0
935725,0
935726,0
935727,0
935728,0
935729,17
935730,0
935731,24
935732,0
935733,0
935734,0
935735,0
935736,0
935737,0
935738,0
935739,0
935740,0
935741,0
935742,28
935743,0
935744,0
935745,0
935746,0
935747,15
935748,17
935749,0
935750,0
935751,0
935752,0
935753,0
935754,36
935755,0
935756,27
935757,0
935758,0
935759,0
935760,0
935761,0
935762,0
935763,0
935764,0
935765,0
935766,0
935767,0
935768,25
935769,0
935770,0
935771,0
935772,0
935773,0
935774,0
935775,0
935776,22
935777,0
935778,22
935779,0
935780,0
935781,14
935782,0
935783,0
935784,0
935785,0
935786,16
935787,20
935788,19
935789,0
935790,0
935791,0
935792,0
935793,0
935794,14
935795,0
935796,10
935797,0
935798,0
935799,17
935800,0
935801,0
935802,0
935803,10
935804,0
935805,0
935806,0
935807,0
935808,11
935809,25
935810,0
935811,10
935812,0
935813,13
935814,0
935815,0
935816,9
935817,15
935818,0
935819,0
935820,0
935821,0
935822,0
935823,0
935824,0
935825,0
935826,0
935827,0
935828,0
935829,0
935830,0
935831,3
935832,0
935833,9
935834,0
935835,0
935836,0
935837,0
935838,0
935839,0
935840,0
935841,0
935842,0
935843,0
935844,0
935845,17
935846,20
935847,0
935848,13
935849,0
935850,0
935851,0
935852,0
935853,0
935854,0
935855,0
935856,17
935857,6
935858,0
935859,8
935860,0
935861,0
935862,0
935863,0
935864,0
935865,0
935866,0
935867,0
935868,0
935869,0
935870,0
935871,0
935872,0
935873,0
935874,21
935875,0
935876,0
935877,0
935878,0
935879,0
935880,0
935881,0
935882,17
935883,0
935884,0
935885,0
935886,0
935887,11
935888,0
935889,0
935890,0
935891,0
935892,0
935893,0
935894,0
935895,4
935896,0
935897,1
935898,0
935899,0
935900,2
935901,0
935902,0
935903,0
935904,0
935905,0
935906,0
935907,0
935908,0
935909,0
935910,0
935911,0
935912,0
935913,0
935914,0
935915,0
935916,0
935917,0
935918,0
935919,0
935920,0
935921,0
935922,0
935923,0
935924,0
935925,2
935926,5
935927,0
935928,0
935929,0
935930,3
935931,0
935932,0
935933,0
935934,0
935935,0
935936,3
935937,1
935938,0
935939,0
935940,0
935941,0
935942,0
935943,0
935944,0
935945,1
935946,0
935947,0
935948,3
935949,4
935950,0
935951,0
935952,1
935953,6
935954,0
935955,0
935956,0
935957,3
935958,0
935959,0
935960,0
935961,1
935962,0
935963,0
935964,0
935965,0
935966,0
935967,0
935968,4
935969,3
935970,0
935971,0
935972,0
935973,0
935974,0
935975,0
935976,3
935977,2
935978,0
935979,0
935980,0
935981,0
935982,0
935983,0
935984,0
935985,0
935986,1
935987,2
935988,0
935989,0
935990,0
935991,5
935992,0
935993,0
935994,0
935995,0
935996,0
935997,0
935998,2
935999,0
936000,3
936001,0
936002,0
936003,0
936004,0
936005,0
936006,0
936007,0
936008,0
936009,0
936010,0
936011,0
936012,3
936013,0
936014,0
936015,1
936016,0
936017,0
936018,0
936019,2
936020,0
936021,0
936022,4
936023,0
936024,0
936025,0
936026,5
936027,0
936028,4
936029,0
936030,0
936031,0
936032,0
936033,0
936034,0
936035,0
936036,0
936037,0
936038,0
936039,0
936040,0
936041,3
936042,3
936043,0
936044,0
936045,0
936046,2
936047,0
936048,0
936049,0
936050,0
936051,0
936052,0
936053,0
936054,0
936055,0
936056,0
936057,0
936058,2
936059,0
936060,0
936061,0
936062,0
936063,1
936064,0
936065,0
936066,1
936067,0
936068,0
936069,0
936070,1
936071,0
936072,0
936073,0
936074,0
936075,0
936076,0
936077,0
936078,0
936079,0
936080,0
936081,0
936082,0
936083,0
936084,2
936085,0
936086,3
936087,0
936088,0
936089,0
936090,0
936091,0
936092,3
936093,0
936094,0
936095,2
936096,3
936097,2
936098,0
936099,0
936100,0
936101,0
936102,4
936103,0
936104,0
936105,0
936106,0
936107,0
936108,2
936109,0
936110,0
936111,0
936112,0
936113,0
936114,0
936115,3
936116,0
936117,0
936118,0
936119,0
936120,0
936121,0
936122,0
936123,0
936124,3
936125,0
936126,0
936127,0
936128,0
936129,0
936130,0
936131,0
936132,0
936133,0
936134,2
936135,1
936136,0
936137,0
936138,0
936139,0
936140,1
936141,0
936142,4
936143,0
936144,1
936145,0
936146,0
936147,0
936148,0
936149,0
936150,0
936151,0
936152,0
936153,0
936154,0
936155,0
936156,0
936157,0
936158,3
936159,0
936160,3
936161,0
936162,0
936163,0
936164,4
936165,0
936166,0
936167,0
936168,0
936169,0
936170,0
936171,0
936172,2
936173,0
936174,0
936175,2
936176,0
936177,0
936178,0
936179,4
936180,3
936181,0
936182,0
936183,0
936184,0
936185,0
936186,0
936187,0
936188,0
936189,0
936190,0
936191,0
936192,0
936193,0
936194,0
936195,3
936196,0
936197,0
936198,0
936199,0
936200,2
936201,0
936202,3
936203,1
936204,3
936205,0
936206,0
936207,0
936208,0
936209,0
936210,0
936211,0
936212,0
936213,0
936214,6
936215,1
936216,0
936217,3
936218,0
936219,0
936220,0
936221,0
936222,0
936223,0
936224,0
936225,0
936226,2
936227,0
936228,0
936229,0
936230,2
936231,0
936232,2
936233,2
936234,0
936235,0
936236,0
936237,0
936238,5
936239,3
936240,5
936241,2
936242,0
936243,0
936244,0
936245,0
936246,0
936247,0
936248,0
936249,0
936250,3
936251,0
936252,0
936253,0
936254,0
936255,0
936256,1
936257,0
936258,0
936259,0
936260,0
936261,0
936262,0
936263,0
936264,0
936265,0
936266,0
936267,0
936268,0
936269,0
936270,1
936271,0
936272,0
936273,0
936274,0
936275,3
936276,0
936277,2
936278,0
936279,0
936280,0
936281,1
936282,0
936283,0
936284,4
936285,0
936286,0
936287,0
936288,0
936289,2
936290,0
936291,1
936292,1
936293,0
936294,0
936295,0
936296,0
936297,0
936298,0
936299,0
936300,0
936301,0
936302,2
936303,0
936304,0
936305,0
936306,0
936307,0
936308,2
936309,1
936310,0
936311,0
936312,0
936313,1
936314,0
936315,0
936316,0
936317,0
936318,4
936319,1
936320,0
936321,2
936322,1
936323,1
936324,0
936325,0
936326,0
936327,0
936328,3
936329,0
936330,0
936331,2
936332,0
936333,0
936334,0
936335,0
936336,0
936337,1
936338,0
936339,0
936340,2
936341,0
936342,0
936343,0
936344,2
936345,0
936346,0
936347,0
936348,0
936349,0
936350,0
936351,0
936352,0
936353,0
936354,0
936355,0
936356,2
936357,0
936358,0
936359,0
936360,1
936361,2
936362,0
936363,0
936364,0
936365,0
936366,1
936367,0
936368,0
936369,0
936370,0
936371,0
936372,0
936373,0
936374,0
936375,0
936376,0
936377,0
936378,0
936379,0
936380,3
936381,0
936382,0
936383,0
936384,0
936385,0
936386,0
936387,0
936388,0
936389,0
936390,0
936391,0
936392,0
936393,5
936394,0
936395,0
936396,0
936397,3
936398,0
936399,0
936400,1
936401,0
936402,0
936403,0
936404,0
936405,0
936406,0
936407,0
936408,2
936409,0
936410,1
936411,0
936412,0
936413,0
936414,2
936415,0
936416,2
936417,0
936418,0
936419,0
936420,0
936421,2
936422,0
936423,0
936424,0
936425,0
936426,0
936427,0
936428,0
936429,0
936430,0
936431,0
936432,0
936433,0
936434,0
936435,0
936436,0
936437,1
936438,0
936439,0
936440,0
936441,0
936442,0
936443,0
936444,0
936445,0
936446,0
936447,0
936448,0
936449,0
936450,2
936451,0
936452,0
936453,0
936454,0
936455,0
936456,0
936457,0
936458,0
936459,0
936460,0
936461,0
936462,0
936463,0
936464,2
936465,0
936466,0
936467,0
936468,0
936469,0
936470,0
936471,0
936472,0
936473,0
936474,1
936475,0
936476,2
936477,0
936478,1
936479,0
936480,0
936481,1
936482,0
936483,0
936484,0
936485,0
936486,1
936487,0
936488,0
936489,0
936490,0
936491,4
936492,0
936493,0
936494,0
936495,0
936496,0
936497,0
936498,1
936499,0
936500,0
936501,0
936502,0
936503,0
936504,0
936505,0
936506,0
936507,0
936508,0
936509,1
936510,0
936511,0
936512,0
936513,0
936514,0
936515,0
936516,0
936517,4
936518,3
936519,0
936520,0
936521,0
936522,0
936523,0
936524,0
936525,0
936526,0
936527,0
936528,2
936529,2
936530,0
936531,0
936532,0
936533,1
936534,7
936535,2
936536,1
936537,0
936538,0
936539,0
936540,0
936541,2
936542,0
936543,1
936544,0
936545,0
936546,1
936547,0
936548,10
936549,0
936550,0
936551,0
936552,0
936553,0
936554,0
936555,0
936556,0
936557,0
936558,0
936559,0
936560,0
936561,2
936562,0
936563,0
936564,0
936565,0
936566,0
936567,0
936568,2
936569,0
936570,0
936571,0
936572,5
936573,0
936574,2
936575,0
936576,0
936577,0
936578,0
936579,1
936580,0
936581,0
936582,0
936583,0
936584,0
936585,0
936586,0
936587,2
936588,0
936589,1
936590,0
936591,0
936592,2
936593,0
936594,0
936595,0
936596,0
936597,0
936598,0
936599,0
936600,0
936601,0
936602,0
936603,0
936604,0
936605,0
936606,0
936607,0
936608,0
936609,0
936610,0
936611,0
936612,0
936613,0
936614,0
936615,0
936616,0
936617,0
936618,0
936619,0
936620,0
936621,0
936622,0
936623,0
936624,0
936625,0
936626,0
936627,0
936628,0
936629,0
936630,0
936631,0
936632,0
936633,0
936634,0
936635,0
936636,0
936637,0
936638,0
936639,0
936640,0
936641,0
936642,0
936643,0
936644,0
936645,0
936646,0
936647,19
936648,0
936649,0
936650,0
936651,0
936652,0
936653,24
936654,0
936655,0
936656,0
936657,0
936658,0
936659,0
936660,0
936661,0
936662,0
936663,0
936664,23
936665,0
936666,0
936667,0
936668,0
936669,0
936670,0
936671,0
936672,0
936673,0
936674,0
936675,0
936676,0
936677,0
936678,0
936679,0
936680,0
936681,0
936682,0
936683,0
936684,0
936685,0
936686,0
936687,0
936688,25
936689,0
936690,0
936691,0
936692,0
936693,0
936694,0
936695,0
936696,0
936697,0
936698,0
936699,0
936700,0
936701,0
936702,0
936703,0
936704,0
936705,0
936706,0
936707,0
936708,0
936709,0
936710,0
936711,30
936712,0
936713,0
936714,0
936715,0
936716,0
936717,0
936718,0
936719,0
936720,0
936721,0
936722,0
936723,0
936724,0
936725,0
936726,0
936727,0
936728,29
936729,0
936730,0
936731,0
936732,0
936733,0
936734,0
936735,0
936736,0
936737,0
936738,0
936739,0
936740,0
936741,0
936742,0
936743,0
936744,0
936745,0
936746,0
936747,0
936748,0
936749,0
936750,0
936751,0
936752,0
936753,0
936754,0
936755,0
936756,0
936757,0
936758,0
936759,0
936760,0
936761,0
936762,24
936763,0
936764,0
936765,0
936766,0
936767,21
936768,0
936769,0
936770,0
936771,0
936772,0
936773,0
936774,0
936775,0
936776,0
936777,0
936778,0
936779,0
936780,0
936781,0
936782,0
936783,0
936784,0
936785,0
936786,0
936787,0
936788,0
936789,0
936790,25
936791,0
936792,0
936793,0
936794,0
936795,0
936796,0
936797,0
936798,0
936799,0
936800,0
936801,0
936802,0
936803,0
936804,0
936805,0
936806,0
936807,0
936808,25
936809,0
936810,0
936811,0
936812,0
936813,0
936814,0
936815,0
936816,0
936817,0
936818,0
936819,0
936820,0
936821,0
936822,0
936823,0
936824,0
936825,0
936826,0
936827,0
936828,0
936829,0
936830,23
936831,0
936832,0
936833,0
936834,0
936835,0
936836,0
936837,0
936838,0
936839,0
936840,20
936841,0
936842,0
936843,0
936844,0
936845,0
936846,0
936847,0
936848,0
936849,0
936850,0
936851,0
936852,26
936853,0
936854,0
936855,0
936856,0
936857,0
936858,0
936859,0
936860,0
936861,7
936862,17
936863,0
936864,0
936865,14
936866,0
936867,0
936868,0
936869,21
936870,0
936871,0
936872,0
936873,0
936874,0
936875,4
936876,0
936877,0
936878,0
936879,13
936880,0
936881,0
936882,0
936883,0
936884,0
936885,10
936886,0
936887,0
936888,0
936889,0
936890,0
936891,0
936892,0
936893,0
936894,0
936895,0
936896,0
936897,0
936898,0
936899,0
936900,0
936901,0
936902,0
936903,0
936904,0
936905,0
936906,0
936907,0
936908,5
936909,0
936910,7
936911,0
936912,0
936913,0
936914,0
936915,0
936916,10
936917,10
936918,0
936919,0
936920,0
936921,0
936922,0
936923,0
936924,0
936925,0
936926,0
936927,0
936928,0
936929,0
936930,7
936931,0
936932,0
936933,0
936934,17
936935,0
936936,0
936937,0
936938,16
936939,0
936940,0
936941,0
936942,0
936943,0
936944,0
936945,0
936946,0
936947,0
936948,0
936949,0
936950,0
936951,16
936952,0
936953,0
936954,0
936955,0
936956,0
936957,0
936958,0
936959,0
936960,0
936961,0
936962,0
936963,0
936964,0
936965,0
936966,24
936967,0
936968,23
936969,0
936970,0
936971,0
936972,0
936973,0
936974,18
936975,0
936976,12
936977,0
936978,0
936979,0
936980,0
936981,0
936982,0
936983,0
936984,0
936985,7
936986,0
936987,26
936988,12
936989,0
936990,0
936991,0
936992,0
936993,0
936994,0
936995,0
936996,0
936997,0
936998,7
936999,17
937000,0
937001,5
937002,10
937003,18
937004,0
937005,0
937006,0
937007,11
937008,0
937009,0
937010,0
937011,0
937012,0
937013,12
937014,0
937015,0
937016,0
937017,13
937018,5
937019,0
937020,8
937021,0
937022,11
937023,0
937024,0
937025,0
937026,0
937027,0
937028,0
937029,0
937030,0
937031,0
937032,0
937033,0
937034,0
937035,0
937036,0
937037,0
937038,0
937039,0
937040,13
937041,0
937042,0
937043,0
937044,0
937045,0
937046,0
937047,0
937048,0
937049,0
937050,0
937051,13
937052,5
937053,0
937054,0
937055,0
937056,0
937057,8
937058,0
937059,0
937060,0
937061,0
937062,0
937063,0
937064,0
937065,0
937066,0
937067,0
937068,0
937069,0
937070,0
937071,0
937072,10
937073,0
937074,0
937075,19
937076,0
937077,0
937078,0
937079,0
937080,0
937081,0
937082,0
937083,0
937084,0
937085,0
937086,0
937087,0
937088,0
937089,0
937090,0
937091,0
937092,0
937093,0
937094,0
937095,0
937096,0
937097,0
937098,0
937099,0
937100,0
937101,9
937102,0
937103,0
937104,0
937105,0
937106,0
937107,0
937108,14
937109,0
937110,0
937111,0
937112,0
937113,15
937114,0
937115,0
937116,0
937117,0
937118,0
937119,0
937120,0
937121,0
937122,10
937123,13
937124,0
937125,0
937126,0
937127,7
937128,0
937129,0
937130,0
937131,0
937132,0
937133,0
937134,0
937135,0
937136,0
937137,0
937138,0
937139,0
937140,0
937141,0
937142,0
937143,14
937144,0
937145,0
937146,0
937147,0
937148,14
937149,0
937150,0
937151,0
937152,0
937153,0
937154,0
937155,6
937156,0
937157,0
937158,10
937159,0
937160,0
937161,0
937162,0
937163,14
937164,0
937165,0
937166,0
937167,0
937168,0
937169,16
937170,24
937171,0
937172,0
937173,0
937174,0
937175,8
937176,0
937177,0
937178,13
937179,0
937180,0
937181,13
937182,0
937183,0
937184,0
937185,0
937186,10
937187,0
937188,11
937189,0
937190,0
937191,0
937192,0
937193,0
937194,0
937195,0
937196,0
937197,0
937198,0
937199,0
937200,0
937201,0
937202,0
937203,0
937204,0
937205,0
937206,0
937207,0
937208,0
937209,0
937210,0
937211,0
937212,18
937213,0
937214,7
937215,0
937216,0
937217,0
937218,0
937219,8
937220,0
937221,0
937222,0
937223,0
937224,0
937225,0
937226,0
937227,0
937228,13
937229,0
937230,0
937231,0
937232,0
937233,0
937234,0
937235,0
937236,0
937237,4
937238,11
937239,0
937240,0
937241,0
937242,12
937243,0
937244,0
937245,9
937246,0
937247,0
937248,0
937249,0
937250,0
937251,0
937252,0
937253,0
937254,0
937255,0
937256,0
937257,0
937258,0
937259,14
937260,14
937261,0
937262,12
937263,11
937264,0
937265,0
937266,0
937267,0
937268,0
937269,0
937270,0
937271,0
937272,0
937273,0
937274,10
937275,0
937276,0
937277,13
937278,0
937279,0
937280,0
937281,11
937282,0
937283,0
937284,0
937285,11
937286,0
937287,0
937288,0
937289,0
937290,0
937291,0
937292,0
937293,0
937294,0
937295,0
937296,0
937297,0
937298,0
937299,0
937300,0
937301,0
937302,0
937303,0
937304,0
937305,8
937306,0
937307,0
937308,0
937309,0
937310,0
937311,0
937312,0
937313,0
937314,0
937315,0
937316,0
937317,0
937318,0
937319,0
937320,0
937321,7
937322,8
937323,0
937324,0
937325,0
937326,0
937327,0
937328,0
937329,14
937330,7
937331,8
937332,0
937333,0
937334,0
937335,0
937336,10
937337,0
937338,0
937339,0
937340,10
937341,0
937342,0
937343,12
937344,0
937345,0
937346,14
937347,6
937348,0
937349,9
937350,0
937351,0
937352,0
937353,0
937354,0
937355,0
937356,0
937357,7
937358,0
937359,0
937360,0
937361,0
937362,0
937363,0
937364,0
937365,0
937366,0
937367,0
937368,0
937369,0
937370,0
937371,0
937372,15
937373,8
937374,0
937375,0
937376,0
937377,0
937378,0
937379,0
937380,0
937381,14
937382,13
937383,0
937384,19
937385,0
937386,0
937387,0
937388,0
937389,0
937390,9
937391,0
937392,0
937393,0
937394,0
937395,0
937396,0
937397,0
937398,0
937399,0
937400,0
937401,0
937402,0
937403,12
937404,0
937405,0
937406,5
937407,0
937408,10
937409,0
937410,9
937411,0
937412,9
937413,0
937414,4
937415,12
937416,0
937417,9
937418,0
937419,0
937420,0
937421,0
937422,0
937423,18
937424,0
937425,0
937426,0
937427,0
937428,0
937429,0
937430,0
937431,0
937432,0
937433,0
937434,0
937435,0
937436,0
937437,5
937438,0
937439,0
937440,30
937441,33
937442,0
937443,0
937444,0
937445,0
937446,0
937447,0
937448,0
937449,0
937450,0
937451,0
937452,0
937453,0
937454,28
937455,0
937456,0
937457,38
937458,33
937459,0
937460,0
937461,0
937462,0
937463,0
937464,0
937465,0
937466,43
937467,38
937468,0
937469,31
937470,0
937471,38
937472,0
937473,46
937474,29
937475,0
937476,48
937477,22
937478,0
937479,0
937480,0
937481,0
937482,28
937483,0
937484,0
937485,0
937486,0
937487,0
937488,0
937489,48
937490,0
937491,0
937492,0
937493,25
937494,33
937495,0
937496,0
937497,0
937498,0
937499,0
937500,30
937501,41
937502,0
937503,0
937504,34
937505,0
937506,0
937507,0
937508,0
937509,0
937510,31
937511,0
937512,0
937513,0
937514,34
937515,33
937516,0
937517,29
937518,41
937519,0
937520,56
937521,0
937522,0
937523,0
937524,0
937525,33
937526,30
937527,0
937528,0
937529,27
937530,0
937531,0
937532,0
937533,20
937534,15
937535,0
937536,0
937537,19
937538,26
937539,0
937540,45
937541,5
937542,18
937543,0
937544,23
937545,0
937546,24
937547,10
937548,0
937549,0
937550,0
937551,0
937552,19
937553,0
937554,0
937555,0
937556,0
937557,0
937558,0
937559,0
937560,26
937561,0
937562,25
937563,20
937564,0
937565,0
937566,28
937567,0
937568,20
937569,0
937570,0
937571,10
937572,0
937573,0
937574,0
937575,0
937576,0
937577,0
937578,0
937579,12
937580,0
937581,0
937582,13
937583,0
937584,0
937585,0
937586,0
937587,16
937588,0
937589,0
937590,0
937591,0
937592,0
937593,17
937594,0
937595,0
937596,10
937597,0
937598,0
937599,44
937600,0
937601,0
937602,0
937603,16
937604,0
937605,0
937606,0
937607,0
937608,0
937609,0
937610,0
937611,0
937612,0
937613,0
937614,18
937615,14
937616,0
937617,29
937618,0
937619,17
937620,32
937621,0
937622,0
937623,23
937624,0
937625,0
937626,21
937627,23
937628,0
937629,13
937630,0
937631,39
937632,0
937633,0
937634,0
937635,0
937636,0
937637,0
937638,13
937639,0
937640,0
937641,0
937642,0
937643,11
937644,0
937645,15
937646,0
937647,0
937648,0
937649,0
937650,0
937651,0
937652,0
937653,0
937654,0
937655,33
937656,0
937657,25
937658,15
937659,0
937660,9
937661,0
937662,0
937663,0
937664,0
937665,11
937666,0
937667,0
937668,24
937669,0
937670,0
937671,0
937672,9
937673,20
937674,0
937675,0
937676,0
937677,17
937678,0
937679,0
937680,15
937681,12
937682,14
937683,0
937684,0
937685,0
937686,0
937687,0
937688,0
937689,22
937690,14
937691,0
937692,0
937693,15
937694,0
937695,0
937696,0
937697,0
937698,23
937699,0
937700,0
937701,0
937702,0
937703,20
937704,0
937705,0
937706,0
937707,0
937708,0
937709,0
937710,9
937711,0
937712,0
937713,0
937714,0
937715,9
937716,0
937717,0
937718,0
937719,0
937720,11
937721,0
937722,0
937723,0
937724,11
937725,16
937726,0
937727,0
937728,0
937729,0
937730,0
937731,0
937732,13
937733,0
937734,29
937735,8
937736,0
937737,0
937738,0
937739,0
937740,0
937741,12
937742,30
937743,0
937744,0
937745,0
937746,0
937747,0
937748,0
937749,19
937750,7
937751,0
937752,0
937753,15
937754,20
937755,24
937756,23
937757,0
937758,0
937759,0
937760,12
937761,0
937762,0
937763,0
937764,0
937765,21
937766,31
937767,0
937768,0
937769,0
937770,36
937771,0
937772,0
937773,0
937774,0
937775,0
937776,0
937777,0
937778,0
937779,21
937780,0
937781,0
937782,17
937783,8
937784,0
937785,9
937786,18
937787,0
937788,0
937789,0
937790,0
937791,13
937792,21
937793,11
937794,0
937795,0
937796,0
937797,0
937798,0
937799,0
937800,0
937801,0
937802,14
937803,5
937804,0
937805,0
937806,0
937807,0
937808,0
937809,29
937810,0
937811,0
937812,9
937813,0
937814,0
937815,15
937816,0
937817,0
937818,0
937819,26
937820,0
937821,0
937822,0
937823,0
937824,0
937825,0
937826,0
937827,0
937828,0
937829,0
937830,0
937831,0
937832,0
937833,0
937834,17
937835,0
937836,0
937837,0
937838,0
937839,32
937840,0
937841,16
937842,0
937843,14
937844,0
937845,12
937846,0
937847,15
937848,0
937849,0
937850,0
937851,0
937852,19
937853,0
937854,9
937855,0
937856,17
937857,25
937858,0
937859,12
937860,0
937861,0
937862,0
937863,0
937864,0
937865,31
937866,0
937867,13
937868,19
937869,0
937870,0
937871,0
937872,0
937873,0
937874,0
937875,0
937876,0
937877,14
937878,0
937879,0
937880,0
937881,33
937882,0
937883,0
937884,0
937885,0
937886,24
937887,0
937888,22
937889,0
937890,0
937891,28
937892,18
937893,0
937894,0
937895,20
937896,0
937897,0
937898,0
937899,8
937900,0
937901,0
937902,0
937903,15
937904,0
937905,0
937906,0
937907,0
937908,0
937909,0
937910,0
937911,0
937912,0
937913,36
937914,0
937915,25
937916,23
937917,8
937918,0
937919,30
937920,0
937921,35
937922,19
937923,11
937924,0
937925,0
937926,0
937927,25
937928,14
937929,31
937930,0
937931,0
937932,0
937933,0
937934,0
937935,0
937936,0
937937,0
937938,21
937939,0
937940,23
937941,0
937942,0
937943,23
937944,0
937945,0
937946,28
937947,0
937948,0
937949,0
937950,21
937951,0
937952,0
937953,0
937954,0
937955,0
937956,9
937957,0
937958,0
937959,0
937960,0
937961,0
937962,23
937963,20
937964,0
937965,52
937966,0
937967,0
937968,0
937969,0
937970,30
937971,19
937972,16
937973,0
937974,0
937975,0
937976,0
937977,0
937978,0
937979,21
937980,0
937981,0
937982,0
937983,0
937984,0
937985,28
937986,14
937987,19
937988,3
937989,0
937990,0
937991,24
937992,36
937993,0
937994,0
937995,40
937996,10
937997,19
937998,0
937999,8
938000,16
938001,16
938002,0
938003,7
938004,0
938005,13
938006,37
938007,26
938008,17
938009,15
938010,37
938011,0
938012,0
938013,28
938014,0
938015,0
938016,0
938017,0
938018,14
938019,0
938020,0
938021,0
938022,0
938023,0
938024,0
938025,0
938026,0
938027,0
938028,15
938029,0
938030,0
938031,0
938032,19
938033,0
938034,0
938035,26
938036,0
938037,0
938038,0
938039,15
938040,9
938041,15
938042,14
938043,0
938044,0
938045,0
938046,0
938047,0
938048,0
938049,0
938050,0
938051,0
938052,18
938053,0
938054,26
938055,0
938056,0
938057,0
938058,0
938059,0
938060,0
938061,0
938062,22
938063,0
938064,0
938065,0
938066,0
938067,0
938068,0
938069,0
938070,0
938071,0
938072,0
938073,0
938074,0
938075,19
938076,0
938077,0
938078,0
938079,0
938080,0
938081,0
938082,0
938083,0
938084,19
938085,27
938086,0
938087,33
938088,12
938089,0
938090,0
938091,0
938092,20
938093,15
938094,0
938095,16
938096,0
938097,13
938098,18
938099,0
938100,25
938101,0
938102,0
938103,23
938104,13
938105,0
938106,0
938107,0
938108,0
938109,0
938110,14
938111,21
938112,0
938113,0
938114,0
938115,0
938116,21
938117,0
938118,0
938119,18
938120,0
938121,0
938122,11
938123,0
938124,20
938125,0
938126,0
938127,18
938128,24
938129,32
938130,0
938131,0
938132,0
938133,31
938134,0
938135,0
938136,0
938137,0
938138,0
938139,12
938140,0
938141,18
938142,0
938143,16
938144,17
938145,0
938146,0
938147,14
938148,21
938149,0
938150,0
938151,0
938152,0
938153,0
938154,0
938155,0
938156,6
938157,0
938158,0
938159,6
938160,0
938161,0
938162,12
938163,0
938164,0
938165,0
938166,0
938167,0
938168,0
938169,0
938170,0
938171,0
938172,0
938173,0
938174,0
938175,0
938176,0
938177,0
938178,0
938179,0
938180,0
938181,0
938182,0
938183,15
938184,0
938185,0
938186,0
938187,0
938188,0
938189,0
938190,0
938191,9
938192,0
938193,0
938194,0
938195,0
938196,9
938197,15
938198,0
938199,9
938200,0
938201,0
938202,0
938203,0
938204,0
938205,10
938206,13
938207,0
938208,6
938209,0
938210,0
938211,0
938212,0
938213,0
938214,0
938215,0
938216,0
938217,0
938218,23
938219,0
938220,0
938221,15
938222,11
938223,17
938224,0
938225,0
938226,0
938227,0
938228,0
938229,0
938230,0
938231,0
938232,0
938233,10
938234,0
938235,0
938236,0
938237,0
938238,11
938239,0
938240,0
938241,0
938242,7
938243,0
938244,0
938245,0
938246,15
938247,0
938248,0
938249,12
938250,0
938251,11
938252,0
938253,0
938254,0
938255,0
938256,0
938257,0
938258,0
938259,0
938260,0
938261,0
938262,0
938263,12
938264,12
938265,0
938266,0
938267,0
938268,0
938269,0
938270,0
938271,15
938272,0
938273,14
938274,0
938275,0
938276,0
938277,16
938278,15
938279,12
938280,0
938281,0
938282,0
938283,0
938284,14
938285,0
938286,13
938287,0
938288,0
938289,0
938290,0
938291,0
938292,0
938293,0
938294,0
938295,0
938296,0
938297,13
938298,0
938299,0
938300,0
938301,0
938302,0
938303,11
938304,0
938305,12
938306,20
938307,16
938308,7
938309,0
938310,0
938311,0
938312,0
938313,0
938314,0
938315,0
938316,0
938317,0
938318,0
938319,0
938320,11
938321,10
938322,0
938323,0
938324,0
938325,0
938326,0
938327,8
938328,0
938329,0
938330,9
938331,0
938332,0
938333,0
938334,0
938335,0
938336,0
938337,0
938338,0
938339,0
938340,0
938341,17
938342,0
938343,5
938344,0
938345,0
938346,0
938347,0
938348,0
938349,0
938350,0
938351,0
938352,0
938353,0
938354,16
938355,0
938356,0
938357,0
938358,14
938359,0
938360,0
938361,0
938362,0
938363,18
938364,11
938365,0
938366,0
938367,0
938368,0
938369,0
938370,0
938371,9
938372,0
938373,0
938374,13
938375,0
938376,0
938377,0
938378,0
938379,0
938380,0
938381,0
938382,0
938383,8
938384,0
938385,0
938386,0
938387,0
938388,0
938389,3
938390,0
938391,9
938392,11
938393,0
938394,0
938395,11
938396,0
938397,0
938398,0
938399,0
938400,0
938401,0
938402,0
938403,9
938404,0
938405,0
938406,0
938407,0
938408,0
938409,0
938410,0
938411,0
938412,0
938413,13
938414,0
938415,0
938416,0
938417,0
938418,0
938419,0
938420,0
938421,11
938422,0
938423,0
938424,0
938425,12
938426,0
938427,0
938428,0
938429,0
938430,0
938431,0
938432,0
938433,0
938434,0
938435,0
938436,10
938437,0
938438,0
938439,0
938440,0
938441,0
938442,13
938443,0
938444,0
938445,16
938446,9
938447,16
938448,0
938449,0
938450,0
938451,0
938452,16
938453,0
938454,0
938455,0
938456,0
938457,0
938458,0
938459,11
938460,0
938461,0
938462,0
938463,0
938464,0
938465,13
938466,0
938467,14
938468,0
938469,16
938470,14
938471,0
938472,0
938473,0
938474,0
938475,0
938476,0
938477,0
938478,22
938479,0
938480,0
938481,13
938482,12
938483,0
938484,0
938485,0
938486,12
938487,0
938488,0
938489,0
938490,0
938491,0
938492,0
938493,0
938494,0
938495,0
938496,0
938497,0
938498,11
938499,0
938500,0
938501,11
938502,0
938503,0
938504,0
938505,19
938506,0
938507,0
938508,0
938509,0
938510,8
938511,0
938512,0
938513,0
938514,0
938515,0
938516,11
938517,14
938518,0
938519,0
938520,0
938521,0
938522,0
938523,0
938524,0
938525,0
938526,12
938527,0
938528,10
938529,0
938530,0
938531,0
938532,8
938533,0
938534,0
938535,0
938536,0
938537,0
938538,0
938539,14
938540,0
938541,0
938542,0
938543,0
938544,0
938545,0
938546,0
938547,0
938548,0
938549,0
938550,0
938551,0
938552,0
938553,0
938554,0
938555,0
938556,0
938557,0
938558,0
938559,14
938560,0
938561,11
938562,0
938563,0
938564,0
938565,0
938566,0
938567,14
938568,0
938569,0
938570,0
938571,20
938572,14
938573,0
938574,0
938575,0
938576,0
938577,0
938578,12
938579,0
938580,0
938581,9
938582,0
938583,0
938584,0
938585,0
938586,0
938587,0
938588,0
938589,16
938590,0
938591,5
938592,0
938593,0
938594,0
938595,0
938596,7
938597,0
938598,0
938599,0
938600,0
938601,21
938602,0
938603,0
938604,0
938605,0
938606,12
938607,0
938608,0
938609,0
938610,0
938611,0
938612,0
938613,0
938614,5
938615,4
938616,0
938617,0
938618,0
938619,0
938620,0
938621,0
938622,0
938623,0
938624,0
938625,0
938626,14
938627,8
938628,11
938629,0
938630,0
938631,0
938632,0
938633,0
938634,0
938635,17
938636,0
938637,0
938638,0
938639,10
938640,0
938641,0
938642,0
938643,0
938644,0
938645,0
938646,0
938647,0
938648,0
938649,0
938650,0
938651,0
938652,0
938653,15
938654,0
938655,0
938656,0
938657,0
938658,0
938659,0
938660,0
938661,16
938662,6
938663,0
938664,14
938665,0
938666,9
938667,10
938668,0
938669,0
938670,0
938671,0
938672,0
938673,0
938674,8
938675,0
938676,0
938677,0
938678,0
938679,0
938680,0
938681,12
938682,0
938683,0
938684,0
938685,0
938686,0
938687,0
938688,0
938689,0
938690,0
938691,0
938692,14
938693,0
938694,0
938695,0
938696,0
938697,0
938698,0
938699,0
938700,0
938701,6
938702,0
938703,0
938704,0
938705,0
938706,0
938707,0
938708,0
938709,0
938710,0
938711,0
938712,0
938713,0
938714,0
938715,16
938716,0
938717,0
938718,6
938719,0
938720,0
938721,0
938722,0
938723,0
938724,0
938725,0
938726,0
938727,0
938728,0
938729,0
938730,0
938731,0
938732,0
938733,0
938734,13
938735,0
938736,0
938737,0
938738,0
938739,8
938740,0
938741,0
938742,0
938743,14
938744,0
938745,0
938746,0
938747,0
938748,0
938749,17
938750,9
938751,0
938752,0
938753,14
938754,9
938755,6
938756,12
938757,0
938758,0
938759,17
938760,0
938761,0
938762,19
938763,0
938764,0
938765,0
938766,0
938767,0
938768,0
938769,0
938770,0
938771,0
938772,0
938773,0
938774,0
938775,0
938776,0
938777,0
938778,0
938779,11
938780,0
938781,0
938782,0
938783,0
938784,0
938785,10
938786,9
938787,8
938788,0
938789,0
938790,0
938791,0
938792,0
938793,0
938794,0
938795,0
938796,12
938797,0
938798,0
938799,0
938800,13
938801,13
938802,0
938803,0
938804,0
938805,0
938806,13
938807,0
938808,0
938809,0
938810,0
938811,0
938812,0
938813,0
938814,13
938815,0
938816,0
938817,0
938818,0
938819,0
938820,0
938821,0
938822,0
938823,0
938824,0
938825,0
938826,14
938827,0
938828,0
938829,11
938830,0
938831,11
938832,17
938833,0
938834,0
938835,11
938836,0
938837,0
938838,0
938839,0
938840,0
938841,0
938842,0
938843,0
938844,0
938845,7
938846,0
938847,5
938848,6
938849,0
938850,0
938851,11
938852,0
938853,0
938854,0
938855,0
938856,0
938857,0
938858,0
938859,0
938860,0
938861,11
938862,0
938863,9
938864,0
938865,0
938866,0
938867,0
938868,0
938869,0
938870,0
938871,0
938872,0
938873,6
938874,0
938875,15
938876,0
938877,15
938878,0
938879,0
938880,0
938881,0
938882,0
938883,0
938884,0
938885,13
938886,0
938887,0
938888,0
938889,0
938890,0
938891,0
938892,11
938893,0
938894,0
938895,0
938896,0
938897,0
938898,0
938899,11
938900,12
938901,0
938902,0
938903,0
938904,0
938905,0
938906,0
938907,0
938908,0
938909,0
938910,0
938911,0
938912,0
938913,0
938914,13
938915,0
938916,0
938917,0
938918,0
938919,0
938920,0
938921,0
938922,0
938923,11
938924,0
938925,0
938926,0
938927,0
938928,0
938929,0
938930,0
938931,8
938932,0
938933,0
938934,0
938935,0
938936,0
938937,0
938938,12
938939,20
938940,0
938941,0
938942,0
938943,0
938944,11
938945,0
938946,0
938947,0
938948,0
938949,0
938950,0
938951,0
938952,21
938953,0
938954,8
938955,0
938956,0
938957,0
938958,0
938959,0
938960,0
938961,0
938962,0
938963,5
938964,0
938965,0
938966,9
938967,6
938968,0
938969,0
938970,16
938971,11
938972,7
938973,0
938974,0
938975,0
938976,0
938977,0
938978,0
938979,0
938980,8
938981,0
938982,0
938983,0
938984,0
938985,0
938986,0
938987,0
938988,6
938989,0
938990,0
938991,0
938992,0
938993,0
938994,0
938995,0
938996,0
938997,10
938998,0
938999,15
939000,0
939001,0
939002,0
939003,0
939004,0
939005,0
939006,0
939007,0
939008,0
939009,0
939010,0
939011,0
939012,0
939013,13
939014,0
939015,0
939016,0
939017,0
939018,0
939019,0
939020,0
939021,0
939022,0
939023,0
939024,0
939025,0
939026,0
939027,0
939028,0
939029,14
939030,0
939031,14
939032,0
939033,0
939034,0
939035,0
939036,9
939037,0
939038,0
939039,13
939040,8
939041,0
939042,2
939043,0
939044,0
939045,0
939046,7
939047,0
939048,0
939049,0
939050,13
939051,0
939052,0
939053,0
939054,0
939055,0
939056,18
939057,16
939058,13
939059,0
939060,0
939061,0
939062,0
939063,0
939064,12
939065,0
939066,13
939067,0
939068,0
939069,0
939070,0
939071,13
939072,13
939073,0
939074,0
939075,0
939076,0
939077,0
939078,0
939079,14
939080,0
939081,0
939082,0
939083,0
939084,0
939085,0
939086,0
939087,0
939088,0
939089,0
939090,11
939091,0
939092,14
939093,0
939094,0
939095,18
939096,0
939097,0
939098,12
939099,10
939100,17
939101,0
939102,7
939103,0
939104,0
939105,10
939106,0
939107,0
939108,0
939109,0
939110,10
939111,0
939112,0
939113,0
939114,0
939115,19
939116,0
939117,18
939118,23
939119,8
939120,0
939121,16
939122,0
939123,15
939124,0
939125,0
939126,0
939127,0
939128,22
939129,0
939130,20
939131,0
939132,16
939133,0
939134,0
939135,0
939136,0
939137,0
939138,0
939139,0
939140,0
939141,0
939142,20
939143,0
939144,0
939145,0
939146,0
939147,21
939148,0
939149,0
939150,0
939151,24
939152,0
939153,17
939154,21
939155,8
939156,0
939157,0
939158,0
939159,0
939160,0
939161,22
939162,0
939163,20
939164,0
939165,0
939166,14
939167,0
939168,0
939169,0
939170,0
939171,0
939172,0
939173,13
939174,0
939175,0
939176,0
939177,0
939178,19
939179,0
939180,12
939181,0
939182,0
939183,13
939184,0
939185,0
939186,0
939187,0
939188,18
939189,0
939190,0
939191,0
939192,0
939193,0
939194,17
939195,17
939196,16
939197,20
939198,20
939199,0
939200,21
939201,0
939202,0
939203,0
939204,23
939205,0
939206,15
939207,0
939208,16
939209,0
939210,0
939211,17
939212,0
939213,0
939214,0
939215,17
939216,19
939217,0
939218,0
939219,0
939220,0
939221,0
939222,0
939223,22
939224,0
939225,0
939226,0
939227,0
939228,0
939229,0
939230,0
939231,16
939232,0
939233,20
939234,21
939235,0
939236,0
939237,0
939238,0
939239,0
939240,0
939241,21
939242,0
939243,13
939244,17
939245,0
939246,25
939247,0
939248,0
939249,28
939250,0
939251,0
939252,0
939253,0
939254,0
939255,0
939256,0
939257,0
939258,0
939259,23
939260,0
939261,0
939262,0
939263,15
939264,16
939265,0
939266,15
939267,23
939268,0
939269,0
939270,0
939271,15
939272,0
939273,26
939274,16
939275,0
939276,0
939277,15
939278,0
939279,0
939280,0
939281,8
939282,0
939283,0
939284,0
939285,0
939286,0
939287,23
939288,13
939289,0
939290,0
939291,14
939292,22
939293,0
939294,18
939295,0
939296,0
939297,16
939298,0
939299,14
939300,0
939301,0
939302,0
939303,14
939304,0
939305,0
939306,14
939307,0
939308,0
939309,16
939310,0
939311,0
939312,0
939313,0
939314,16
939315,22
939316,0
939317,0
939318,18
939319,0
939320,0
939321,0
939322,0
939323,18
939324,0
939325,0
939326,0
939327,0
939328,0
939329,0
939330,0
939331,0
939332,0
939333,0
939334,0
939335,0
939336,0
939337,0
939338,0
939339,24
939340,0
939341,0
939342,0
939343,0
939344,19
939345,0
939346,0
939347,0
939348,0
939349,0
939350,0
939351,0
939352,0
939353,15
939354,12
939355,0
939356,0
939357,0
939358,0
939359,0
939360,10
939361,0
939362,0
939363,0
939364,0
939365,0
939366,15
939367,0
939368,0
939369,0
939370,0
939371,0
939372,11
939373,0
939374,0
939375,0
939376,0
939377,0
939378,11
939379,0
939380,0
939381,17
939382,0
939383,0
939384,0
939385,10
939386,19
939387,0
939388,0
939389,0
939390,0
939391,0
939392,9
939393,0
939394,0
939395,0
939396,18
939397,0
939398,0
939399,0
939400,0
939401,0
939402,0
939403,0
939404,12
939405,14
939406,0
939407,0
939408,0
939409,0
939410,0
939411,20
939412,0
939413,0
939414,0
939415,0
939416,28
939417,9
939418,5
939419,0
939420,0
939421,0
939422,0
939423,0
939424,0
939425,13
939426,0
939427,18
939428,0
939429,0
939430,0
939431,0
939432,0
939433,13
939434,21
939435,0
939436,0
939437,0
939438,0
939439,13
939440,11
939441,0
939442,0
939443,0
939444,14
939445,0
939446,17
939447,0
939448,0
939449,0
939450,0
939451,16
939452,0
939453,0
939454,16
939455,13
939456,0
939457,0
939458,15
939459,16
939460,17
939461,0
939462,0
939463,0
939464,15
939465,0
939466,0
939467,0
939468,0
939469,0
939470,0
939471,22
939472,13
939473,0
939474,0
939475,0
939476,0
939477,0
939478,0
939479,0
939480,0
939481,13
939482,0
939483,0
939484,0
939485,14
939486,0
939487,0
939488,0
939489,0
939490,0
939491,0
939492,0
939493,0
939494,0
939495,0
939496,23
939497,0
939498,8
939499,0
939500,0
939501,0
939502,0
939503,22
939504,0
939505,0
939506,26
939507,12
939508,0
939509,0
939510,0
939511,0
939512,0
939513,0
939514,25
939515,0
939516,13
939517,0
939518,0
939519,19
939520,0
939521,0
939522,0
939523,0
939524,0
939525,20
939526,0
939527,0
939528,10
939529,0
939530,17
939531,0
939532,0
939533,0
939534,0
939535,0
939536,0
939537,0
939538,0
939539,0
939540,0
939541,12
939542,9
939543,0
939544,0
939545,0
939546,18
939547,0
939548,17
939549,0
939550,0
939551,0
939552,0
939553,0
939554,0
939555,0
939556,0
939557,0
939558,10
939559,0
939560,12
939561,16
939562,0
939563,0
939564,0
939565,0
939566,0
939567,14
939568,0
939569,0
939570,0
939571,0
939572,0
939573,0
939574,0
939575,0
939576,0
939577,16
939578,28
939579,20
939580,0
939581,0
939582,0
939583,0
939584,0
939585,15
939586,0
939587,10
939588,30
939589,0
939590,0
939591,24
939592,13
939593,0
939594,0
939595,0
939596,16
939597,0
939598,16
939599,0
939600,20
939601,12
939602,0
939603,20
939604,16
939605,0
939606,0
939607,0
939608,0
939609,0
939610,14
939611,0
939612,15
939613,0
939614,0
939615,11
939616,0
939617,0
939618,0
939619,0
939620,0
939621,0
939622,19
939623,0
939624,0
939625,0
939626,0
939627,17
939628,0
939629,0
939630,14
939631,0
939632,0
939633,0
939634,0
939635,0
939636,0
939637,0
939638,0
939639,15
939640,0
939641,0
939642,0
939643,0
939644,0
939645,0
939646,0
939647,0
939648,0
939649,20
939650,0
939651,0
939652,0
939653,0
939654,0
939655,0
939656,0
939657,0
939658,0
939659,0
939660,16
939661,0
939662,0
939663,0
939664,0
939665,0
939666,0
939667,0
939668,0
939669,0
939670,0
939671,0
939672,8
939673,0
939674,0
939675,0
939676,0
939677,15
939678,0
939679,0
939680,0
939681,0
939682,0
939683,0
939684,12
939685,0
939686,0
939687,0
939688,0
939689,9
939690,0
939691,9
939692,0
939693,0
939694,0
939695,0
939696,13
939697,0
939698,0
939699,0
939700,0
939701,0
939702,0
939703,0
939704,0
939705,0
939706,0
939707,0
939708,0
939709,0
939710,0
939711,11
939712,0
939713,0
939714,0
939715,0
939716,0
939717,0
939718,0
939719,0
939720,0
939721,0
939722,0
939723,0
939724,0
939725,0
939726,0
939727,0
939728,0
939729,0
939730,7
939731,10
939732,0
939733,23
939734,0
939735,0
939736,0
939737,0
939738,0
939739,0
939740,0
939741,9
939742,0
939743,0
939744,15
939745,0
939746,0
939747,0
939748,0
939749,0
939750,0
939751,0
939752,7
939753,9
939754,0
939755,0
939756,0
939757,0
939758,0
939759,0
939760,0
939761,0
939762,0
939763,9
939764,12
939765,0
939766,0
939767,0
939768,0
939769,0
939770,0
939771,0
939772,0
939773,9
939774,0
939775,0
939776,0
939777,12
939778,0
939779,0
939780,0
939781,10
939782,14
939783,0
939784,0
939785,0
939786,0
939787,0
939788,0
939789,16
939790,0
939791,0
939792,0
939793,0
939794,0
939795,0
939796,0
939797,22
939798,0
939799,0
939800,0
939801,0
939802,17
939803,0
939804,0
939805,0
939806,0
939807,0
939808,0
939809,0
939810,0
939811,17
939812,15
939813,0
939814,0
939815,0
939816,0
939817,12
939818,0
939819,0
939820,0
939821,0
939822,0
939823,0
939824,0
939825,0
939826,0
939827,0
939828,0
939829,18
939830,0
939831,0
939832,0
939833,7
939834,0
939835,0
939836,0
939837,0
939838,19
939839,0
939840,0
939841,0
939842,0
939843,0
939844,0
939845,0
939846,11
939847,0
939848,0
939849,14
939850,0
939851,0
939852,0
939853,0
939854,0
939855,0
939856,0
939857,0
939858,0
939859,22
939860,0
939861,0
939862,0
939863,18
939864,0
939865,0
939866,0
939867,0
939868,0
939869,0
939870,0
939871,0
939872,0
939873,0
939874,0
939875,0
939876,11
939877,20
939878,0
939879,16
939880,0
939881,0
939882,0
939883,0
939884,12
939885,16
939886,0
939887,0
939888,0
939889,0
939890,0
939891,0
939892,0
939893,0
939894,0
939895,0
939896,0
939897,0
939898,0
939899,0
939900,0
939901,11
939902,0
939903,15
939904,15
939905,0
939906,0
939907,15
939908,0
939909,0
939910,15
939911,0
939912,0
939913,0
939914,0
939915,0
939916,0
939917,0
939918,0
939919,15
939920,0
939921,0
939922,0
939923,0
939924,0
939925,0
939926,0
939927,0
939928,0
939929,0
939930,0
939931,11
939932,0
939933,0
939934,15
939935,0
939936,7
939937,0
939938,0
939939,0
939940,0
939941,0
939942,8
939943,0
939944,0
939945,0
939946,0
939947,0
939948,0
939949,0
939950,0
939951,0
939952,0
939953,0
939954,0
939955,0
939956,0
939957,0
939958,0
939959,0
939960,0
939961,0
939962,0
939963,12
939964,0
939965,0
939966,0
939967,0
939968,0
939969,14
939970,0
939971,0
939972,0
939973,0
939974,0
939975,0
939976,0
939977,0
939978,0
939979,0
939980,0
939981,0
939982,15
939983,22
939984,0
939985,0
939986,0
939987,0
939988,0
939989,0
939990,0
939991,0
939992,0
939993,0
939994,12
939995,16
939996,8
939997,0
939998,11
939999,0
940000,19
940001,0
940002,0
940003,0
940004,0
940005,0
940006,0
940007,0
940008,0
940009,0
940010,0
940011,0
940012,0
940013,0
940014,7
940015,14
940016,0
940017,0
940018,0
940019,20
940020,14
940021,0
940022,0
940023,0
940024,15
940025,0
940026,12
940027,11
940028,14
940029,12
940030,0
940031,0
940032,0
940033,0
940034,0
940035,0
940036,11
940037,11
940038,0
940039,0
940040,0
940041,0
940042,0
940043,20
940044,0
940045,0
940046,0
940047,0
940048,0
940049,22
940050,0
940051,0
940052,0
940053,0
940054,0
940055,0
940056,0
940057,0
940058,0
940059,0
940060,0
940061,0
940062,0
940063,10
940064,0
940065,0
940066,0
940067,0
940068,0
940069,0
940070,0
940071,25
940072,0
940073,13
940074,0
940075,0
940076,22
940077,7
940078,0
940079,0
940080,0
940081,0
940082,0
940083,0
940084,0
940085,0
940086,17
940087,0
940088,13
940089,0
940090,12
940091,0
940092,22
940093,0
940094,14
940095,0
940096,0
940097,0
940098,0
940099,0
940100,0
940101,0
940102,11
940103,19
940104,0
940105,0
940106,0
940107,0
940108,0
940109,0
940110,0
940111,0
940112,0
940113,11
940114,0
940115,0
940116,11
940117,0
940118,0
940119,0
940120,0
940121,0
940122,0
940123,17
940124,0
940125,0
940126,0
940127,0
940128,0
940129,0
940130,0
940131,0
940132,0
940133,16
940134,0
940135,0
940136,0
940137,0
940138,0
940139,15
940140,0
940141,0
940142,0
940143,0
940144,0
940145,0
940146,0
940147,0
940148,12
940149,0
940150,22
940151,18
940152,0
940153,0
940154,0
940155,0
940156,0
940157,0
940158,0
940159,18
940160,0
940161,0
940162,0
940163,16
940164,0
940165,0
940166,0
940167,0
940168,0
940169,0
940170,0
940171,0
940172,0
940173,0
940174,0
940175,0
940176,0
940177,0
940178,0
940179,0
940180,0
940181,0
940182,0
940183,8
940184,0
940185,0
940186,0
940187,0
940188,0
940189,0
940190,0
940191,0
940192,0
940193,0
940194,0
940195,0
940196,0
940197,0
940198,0
940199,0
940200,0
940201,0
940202,0
940203,0
940204,16
940205,0
940206,0
940207,0
940208,0
940209,0
940210,0
940211,0
940212,0
940213,0
940214,0
940215,0
940216,0
940217,0
940218,0
940219,0
940220,0
940221,6
940222,0
940223,0
940224,0
940225,0
940226,0
940227,0
940228,0
940229,0
940230,0
940231,0
940232,0
940233,0
940234,0
940235,0
940236,0
940237,12
940238,0
940239,0
940240,0
940241,0
940242,0
940243,0
940244,0
940245,0
940246,0
940247,0
940248,11
940249,6
940250,17
940251,13
940252,0
940253,0
940254,0
940255,0
940256,0
940257,0
940258,0
940259,0
940260,0
940261,0
940262,0
940263,0
940264,0
940265,0
940266,0
940267,0
940268,0
940269,0
940270,0
940271,14
940272,0
940273,0
940274,0
940275,19
940276,0
940277,0
940278,0
940279,0
940280,0
940281,0
940282,11
940283,0
940284,0
940285,0
940286,0
940287,0
940288,0
940289,0
940290,0
940291,0
940292,5
940293,0
940294,0
940295,0
940296,0
940297,0
940298,0
940299,0
940300,0
940301,10
940302,0
940303,0
940304,0
940305,0
940306,0
940307,0
940308,0
940309,0
940310,0
940311,14
940312,0
940313,0
940314,0
940315,16
940316,0
940317,0
940318,0
940319,0
940320,0
940321,0
940322,0
940323,0
940324,0
940325,0
940326,0
940327,0
940328,0
940329,0
940330,0
940331,0
940332,0
940333,0
940334,0
940335,0
940336,0
940337,0
940338,0
940339,0
940340,13
940341,17
940342,0
940343,0
940344,16
940345,0
940346,0
940347,0
940348,0
940349,0
940350,13
940351,0
940352,0
940353,0
940354,18
940355,0
940356,0
940357,14
940358,0
940359,0
940360,0
940361,0
940362,0
940363,16
940364,0
940365,0
940366,0
940367,0
940368,0
940369,0
940370,15
940371,0
940372,0
940373,13
940374,0
940375,0
940376,9
940377,0
940378,0
940379,0
940380,0
940381,0
940382,0
940383,0
940384,0
940385,11
940386,0
940387,0
940388,0
940389,0
940390,12
940391,0
940392,0
940393,0
940394,0
940395,0
940396,0
940397,13
940398,0
940399,0
940400,0
940401,0
940402,12
940403,0
940404,0
940405,0
940406,0
940407,0
940408,0
940409,9
940410,0
940411,0
940412,0
940413,0
940414,0
940415,0
940416,0
940417,0
940418,0
940419,0
940420,0
940421,18
940422,0
940423,0
940424,0
940425,0
940426,0
940427,15
940428,0
940429,0
940430,16
940431,16
940432,0
940433,0
940434,0
940435,19
940436,0
940437,5
940438,10
940439,0
940440,0
940441,0
940442,0
940443,0
940444,0
940445,0
940446,0
940447,0
940448,19
940449,12
940450,0
940451,0
940452,20
940453,16
940454,17
940455,18
940456,0
940457,0
940458,0
940459,26
940460,0
940461,13
940462,10
940463,0
940464,0
940465,0
940466,0
940467,0
940468,0
940469,0
940470,0
940471,0
940472,0
940473,0
940474,0
940475,0
940476,0
940477,0
940478,0
940479,0
940480,0
940481,0
940482,0
940483,0
940484,0
940485,0
940486,20
940487,0
940488,9
940489,0
940490,0
940491,0
940492,0
940493,0
940494,0
940495,0
940496,0
940497,0
940498,0
940499,0
940500,5
940501,0
940502,0
940503,0
940504,0
940505,0
940506,0
940507,0
940508,0
940509,0
940510,0
940511,0
940512,0
940513,0
940514,0
940515,0
940516,0
940517,0
940518,0
940519,0
940520,11
940521,10
940522,8
940523,0
940524,0
940525,0
940526,0
940527,0
940528,0
940529,0
940530,0
940531,0
940532,0
940533,0
940534,0
940535,0
940536,0
940537,0
940538,0
940539,0
940540,0
940541,0
940542,0
940543,0
940544,0
940545,17
940546,0
940547,0
940548,0
940549,0
940550,0
940551,0
940552,0
940553,0
940554,0
940555,0
940556,19
940557,0
940558,0
940559,0
940560,0
940561,0
940562,0
940563,0
940564,0
940565,12
940566,0
940567,0
940568,0
940569,0
940570,0
940571,0
940572,15
940573,0
940574,0
940575,16
940576,0
940577,0
940578,0
940579,0
940580,0
940581,0
940582,0
940583,0
940584,0
940585,0
940586,0
940587,0
940588,0
940589,0
940590,0
940591,0
940592,0
940593,0
940594,0
940595,0
940596,0
940597,0
940598,20
940599,0
940600,0
940601,0
940602,0
940603,0
940604,0
940605,0
940606,0
940607,0
940608,0
940609,0
940610,0
940611,0
940612,0
940613,0
940614,0
940615,0
940616,0
940617,0
940618,0
940619,0
940620,0
940621,0
940622,0
940623,0
940624,0
940625,0
940626,0
940627,0
940628,0
940629,0
940630,0
940631,0
940632,0
940633,0
940634,0
940635,0
940636,0
940637,0
940638,0
940639,0
940640,0
940641,0
940642,0
940643,0
940644,0
940645,10
940646,0
940647,0
940648,0
940649,0
940650,0
940651,8
940652,0
940653,0
940654,0
940655,0
940656,0
940657,0
940658,0
940659,0
940660,0
940661,0
940662,0
940663,0
940664,0
940665,0
940666,0
940667,0
940668,0
940669,0
940670,0
940671,0
940672,0
940673,0
940674,0
940675,0
940676,0
940677,0
940678,0
940679,0
940680,0
940681,0
940682,0
940683,0
940684,0
940685,0
940686,0
940687,15
940688,0
940689,0
940690,0
940691,0
940692,0
940693,0
940694,0
940695,0
940696,0
940697,0
940698,0
940699,0
940700,0
940701,0
940702,0
940703,0
940704,0
940705,0
940706,0
940707,19
940708,0
940709,0
940710,0
940711,0
940712,0
940713,0
940714,0
940715,0
940716,0
940717,0
940718,0
940719,0
940720,0
940721,0
940722,0
940723,0
940724,0
940725,0
940726,0
940727,0
940728,0
940729,25
940730,0
940731,0
940732,0
940733,0
940734,0
940735,0
940736,13
940737,0
940738,0
940739,0
940740,0
940741,0
940742,0
940743,0
940744,0
940745,0
940746,0
940747,0
940748,19
940749,0
940750,13
940751,0
940752,0
940753,0
940754,0
940755,7
940756,0
940757,0
940758,0
940759,0
940760,12
940761,0
940762,0
940763,0
940764,0
940765,0
940766,0
940767,0
940768,0
940769,0
940770,0
940771,0
940772,0
940773,0
940774,0
940775,0
940776,0
940777,0
940778,0
940779,0
940780,0
940781,0
940782,0
940783,0
940784,0
940785,0
940786,0
940787,0
940788,0
940789,0
940790,0
940791,18
940792,0
940793,15
940794,0
940795,0
940796,0
940797,0
940798,0
940799,0
940800,0
940801,0
940802,0
940803,0
940804,0
940805,0
940806,0
940807,0
940808,0
940809,0
940810,0
940811,0
940812,0
940813,21
940814,0
940815,0
940816,16
940817,15
940818,0
940819,0
940820,0
940821,0
940822,0
940823,0
940824,0
940825,0
940826,0
940827,0
940828,0
940829,0
940830,0
940831,0
940832,14
940833,14
940834,0
940835,0
940836,0
940837,0
940838,0
940839,0
940840,0
940841,0
940842,0
940843,0
940844,0
940845,0
940846,0
940847,0
940848,0
940849,0
940850,0
940851,0
940852,0
940853,0
940854,0
940855,0
940856,0
940857,0
940858,0
940859,0
940860,0
940861,11
940862,0
940863,0
940864,0
940865,0
940866,0
940867,0
940868,0
940869,0
940870,0
940871,0
940872,0
940873,0
940874,0
940875,0
940876,17
940877,0
940878,0
940879,0
940880,0
940881,0
940882,0
940883,0
940884,0
940885,0
940886,0
940887,0
940888,0
940889,0
940890,0
940891,0
940892,0
940893,18
940894,0
940895,0
940896,0
940897,18
940898,10
940899,0
940900,0
940901,0
940902,0
940903,0
940904,0
940905,0
940906,0
940907,0
940908,0
940909,0
940910,0
940911,0
940912,0
940913,0
940914,0
940915,0
940916,0
940917,0
940918,0
940919,0
940920,0
940921,0
940922,0
940923,0
940924,11
940925,0
940926,0
940927,0
940928,0
940929,0
940930,0
940931,0
940932,0
940933,0
940934,0
940935,0
940936,0
940937,0
940938,0
940939,0
940940,0
940941,0
940942,0
940943,0
940944,16
940945,0
940946,0
940947,0
940948,7
940949,0
940950,0
940951,0
940952,0
940953,0
940954,0
940955,0
940956,0
940957,0
940958,0
940959,0
940960,0
940961,0
940962,0
940963,0
940964,0
940965,0
940966,11
940967,0
940968,0
940969,0
940970,0
940971,0
940972,0
940973,0
940974,0
940975,0
940976,0
940977,0
940978,0
940979,0
940980,0
940981,0
940982,0
940983,17
940984,0
940985,0
940986,0
940987,14
940988,0
940989,13
940990,0
940991,0
940992,0
940993,0
940994,0
940995,0
940996,0
940997,0
940998,0
940999,0
941000,0
941001,0
941002,0
941003,0
941004,0
941005,0
941006,11
941007,0
941008,0
941009,0
941010,0
941011,0
941012,0
941013,0
941014,0
941015,0
941016,0
941017,0
941018,0
941019,0
941020,0
941021,0
941022,0
941023,0
941024,0
941025,0
941026,0
941027,0
941028,0
941029,10
941030,0
941031,0
941032,0
941033,0
941034,0
941035,0
941036,0
941037,0
941038,0
941039,0
941040,0
941041,0
941042,0
941043,0
941044,12
941045,0
941046,0
941047,0
941048,0
941049,0
941050,0
941051,0
941052,0
941053,0
941054,0
941055,0
941056,0
941057,0
941058,0
941059,0
941060,0
941061,0
941062,0
941063,0
941064,0
941065,0
941066,0
941067,0
941068,0
941069,0
941070,0
941071,0
941072,0
941073,0
941074,0
941075,0
941076,0
941077,0
941078,16
941079,0
941080,0
941081,0
941082,0
941083,0
941084,15
941085,0
941086,0
941087,0
941088,0
941089,0
941090,0
941091,0
941092,0
941093,0
941094,0
941095,0
941096,0
941097,0
941098,0
941099,0
941100,0
941101,10
941102,0
941103,0
941104,0
941105,0
941106,0
941107,13
941108,0
941109,0
941110,0
941111,0
941112,0
941113,0
941114,0
941115,0
941116,0
941117,0
941118,0
941119,0
941120,0
941121,0
941122,0
941123,0
941124,0
941125,0
941126,0
941127,0
941128,0
941129,0
941130,0
941131,0
941132,0
941133,0
941134,0
941135,0
941136,0
941137,0
941138,0
941139,0
941140,0
941141,0
941142,0
941143,0
941144,0
941145,0
941146,12
941147,0
941148,0
941149,0
941150,0
941151,0
941152,0
941153,0
941154,0
941155,14
941156,0
941157,0
941158,0
941159,0
941160,0
941161,0
941162,0
941163,24
941164,0
941165,0
941166,0
941167,0
941168,0
941169,0
941170,0
941171,0
941172,0
941173,0
941174,0
941175,0
941176,0
941177,0
941178,0
941179,7
941180,0
941181,0
941182,0
941183,0
941184,0
941185,0
941186,0
941187,0
941188,0
941189,0
941190,0
941191,0
941192,0
941193,0
941194,0
941195,12
941196,0
941197,0
941198,0
941199,0
941200,0
941201,0
941202,0
941203,0
941204,0
941205,0
941206,0
941207,9
941208,0
941209,0
941210,0
941211,0
941212,0
941213,0
941214,0
941215,0
941216,0
941217,0
941218,0
941219,0
941220,0
941221,0
941222,0
941223,0
941224,14
941225,0
941226,0
941227,0
941228,0
941229,0
941230,0
941231,0
941232,0
941233,0
941234,0
941235,0
941236,15
941237,0
941238,0
941239,0
941240,0
941241,0
941242,0
941243,0
941244,0
941245,0
941246,0
941247,0
941248,0
941249,0
941250,0
941251,0
941252,0
941253,0
941254,0
941255,0
941256,0
941257,0
941258,0
941259,0
941260,0
941261,0
941262,0
941263,0
941264,0
941265,0
941266,0
941267,0
941268,0
941269,0
941270,0
941271,0
941272,0
941273,0
941274,0
941275,20
941276,0
941277,0
941278,0
941279,0
941280,0
941281,0
941282,0
941283,0
941284,0
941285,0
941286,0
941287,0
941288,0
941289,0
941290,0
941291,0
941292,0
941293,0
941294,9
941295,0
941296,0
941297,0
941298,0
941299,0
941300,0
941301,0
941302,0
941303,0
941304,0
941305,0
941306,0
941307,0
941308,0
941309,0
941310,0
941311,0
941312,17
941313,0
941314,0
941315,0
941316,0
941317,0
941318,0
941319,0
941320,0
941321,0
941322,0
941323,0
941324,0
941325,0
941326,0
941327,0
941328,14
941329,0
941330,0
941331,14
941332,0
941333,0
941334,0
941335,0
941336,15
941337,0
941338,0
941339,0
941340,0
941341,0
941342,0
941343,0
941344,0
941345,14
941346,0
941347,0
941348,0
941349,0
941350,0
941351,0
941352,0
941353,0
941354,0
941355,0
941356,0
941357,0
941358,0
941359,16
941360,0
941361,0
941362,0
941363,0
941364,0
941365,0
941366,0
941367,0
941368,0
941369,0
941370,0
941371,0
941372,0
941373,14
941374,0
941375,0
941376,0
941377,0
941378,0
941379,0
941380,0
941381,0
941382,0
941383,0
941384,0
941385,0
941386,0
941387,0
941388,0
941389,8
941390,0
941391,0
941392,0
941393,0
941394,0
941395,0
941396,9
941397,0
941398,0
941399,0
941400,0
941401,0
941402,0
941403,0
941404,18
941405,0
941406,19
941407,0
941408,32
941409,0
941410,22
941411,0
941412,0
941413,0
941414,0
941415,0
941416,21
941417,0
941418,26
941419,19
941420,0
941421,0
941422,18
941423,0
941424,16
941425,23
941426,23
941427,23
941428,0
941429,0
941430,0
941431,0
941432,0
941433,19
941434,0
941435,0
941436,0
941437,19
941438,0
941439,0
941440,0
941441,28
941442,19
941443,0
941444,22
941445,0
941446,17
941447,0
941448,0
941449,0
941450,0
941451,21
941452,0
941453,0
941454,0
941455,0
941456,0
941457,0
941458,0
941459,0
941460,0
941461,0
941462,0
941463,0
941464,0
941465,0
941466,0
941467,0
941468,0
941469,0
941470,37
941471,0
941472,0
941473,0
941474,0
941475,0
941476,0
941477,0
941478,0
941479,0
941480,0
941481,29
941482,0
941483,0
941484,0
941485,0
941486,0
941487,0
941488,0
941489,0
941490,0
941491,0
941492,0
941493,0
941494,0
941495,0
941496,0
941497,0
941498,0
941499,0
941500,0
941501,0
941502,0
941503,0
941504,0
941505,0
941506,0
941507,36
941508,0
941509,0
941510,0
941511,0
941512,0
941513,0
941514,0
941515,0
941516,0
941517,0
941518,0
941519,0
941520,31
941521,38
941522,0
941523,0
941524,40
941525,0
941526,0
941527,0
941528,0
941529,0
941530,31
941531,0
941532,0
941533,0
941534,0
941535,0
941536,26
941537,0
941538,0
941539,0
941540,32
941541,0
941542,34
941543,0
941544,31
941545,0
941546,26
941547,18
941548,0
941549,0
941550,0
941551,23
941552,26
941553,0
941554,33
941555,0
941556,0
941557,0
941558,0
941559,0
941560,0
941561,0
941562,0
941563,0
941564,0
941565,34
941566,0
941567,0
941568,0
941569,0
941570,0
941571,0
941572,0
941573,0
941574,0
941575,0
941576,0
941577,0
941578,0
941579,0
941580,0
941581,26
941582,0
941583,0
941584,0
941585,0
941586,0
941587,27
941588,31
941589,0
941590,0
941591,33
941592,0
941593,0
941594,0
941595,0
941596,0
941597,0
941598,0
941599,0
941600,0
941601,0
941602,0
941603,0
941604,0
941605,36
941606,34
941607,0
941608,0
941609,27
941610,0
941611,0
941612,32
941613,0
941614,0
941615,0
941616,0
941617,27
941618,0
941619,0
941620,0
941621,0
941622,0
941623,0
941624,0
941625,0
941626,0
941627,0
941628,0
941629,0
941630,30
941631,0
941632,0
941633,40
941634,38
941635,0
941636,0
941637,0
941638,0
941639,0
941640,0
941641,0
941642,0
941643,0
941644,0
941645,0
941646,0
941647,0
941648,17
941649,0
941650,36
941651,0
941652,30
941653,0
941654,0
941655,0
941656,0
941657,0
941658,0
941659,0
941660,0
941661,27
941662,0
941663,0
941664,0
941665,0
941666,0
941667,0
941668,31
941669,0
941670,0
941671,0
941672,0
941673,0
941674,0
941675,0
941676,0
941677,0
941678,0
941679,35
941680,0
941681,0
941682,0
941683,0
941684,0
941685,0
941686,0
941687,21
941688,0
941689,0
941690,0
941691,0
941692,26
941693,0
941694,0
941695,0
941696,0
941697,0
941698,0
941699,32
941700,0
941701,0
941702,0
941703,0
941704,0
941705,35
941706,41
941707,0
941708,33
941709,0
941710,0
941711,0
941712,0
941713,0
941714,0
941715,0
941716,0
941717,34
941718,0
941719,0
941720,0
941721,0
941722,0
941723,0
941724,0
941725,0
941726,0
941727,0
941728,0
941729,0
941730,39
941731,0
941732,31
941733,0
941734,0
941735,0
941736,0
941737,0
941738,0
941739,0
941740,0
941741,39
941742,32
941743,0
941744,0
941745,0
941746,0
941747,0
941748,0
941749,0
941750,0
941751,0
941752,0
941753,0
941754,0
941755,0
941756,0
941757,0
941758,0
941759,31
941760,0
941761,0
941762,0
941763,20
941764,0
941765,34
941766,0
941767,0
941768,0
941769,0
941770,0
941771,0
941772,0
941773,0
941774,0
941775,0
941776,0
941777,0
941778,0
941779,0
941780,0
941781,0
941782,0
941783,0
941784,0
941785,0
941786,0
941787,24
941788,0
941789,0
941790,0
941791,0
941792,0
941793,0
941794,0
941795,0
941796,0
941797,0
941798,0
941799,0
941800,0
941801,0
941802,0
941803,0
941804,0
941805,0
941806,0
941807,36
941808,0
941809,0
941810,0
941811,25
941812,0
941813,0
941814,0
941815,0
941816,30
941817,0
941818,0
941819,31
941820,0
941821,0
941822,0
941823,0
941824,0
941825,0
941826,0
941827,0
941828,0
941829,32
941830,0
941831,0
941832,0
941833,0
941834,0
941835,0
941836,0
941837,0
941838,0
941839,0
941840,0
941841,0
941842,0
941843,0
941844,0
941845,0
941846,0
941847,32
941848,0
941849,27
941850,0
941851,26
941852,0
941853,0
941854,32
941855,0
941856,35
941857,37
941858,0
941859,0
941860,0
941861,0
941862,0
941863,0
941864,0
941865,0
941866,0
941867,0
941868,0
941869,38
941870,0
941871,0
941872,0
941873,0
941874,0
941875,0
941876,0
941877,0
941878,0
941879,0
941880,41
941881,0
941882,0
941883,0
941884,0
941885,0
941886,0
941887,0
941888,0
941889,0
941890,0
941891,0
941892,0
941893,0
941894,0
941895,0
941896,29
941897,0
941898,0
941899,0
941900,0
941901,0
941902,0
941903,38
941904,0
941905,0
941906,0
941907,39
941908,0
941909,0
941910,0
941911,0
941912,0
941913,0
941914,0
941915,28
941916,0
941917,0
941918,0
941919,0
941920,0
941921,0
941922,0
941923,0
941924,33
941925,0
941926,0
941927,0
941928,13
941929,0
941930,0
941931,32
941932,0
941933,0
941934,35
941935,0
941936,0
941937,0
941938,0
941939,35
941940,0
941941,0
941942,36
941943,0
941944,0
941945,0
941946,0
941947,0
941948,37
941949,0
941950,0
941951,0
941952,0
941953,32
941954,0
941955,0
941956,0
941957,0
941958,0
941959,0
941960,0
941961,0
941962,0
941963,0
941964,0
941965,0
941966,0
941967,32
941968,40
941969,0
941970,0
941971,0
941972,0
941973,0
941974,0
941975,0
941976,30
941977,0
941978,0
941979,0
941980,0
941981,0
941982,0
941983,0
941984,0
941985,0
941986,0
941987,0
941988,0
941989,0
941990,29
941991,0
941992,32
941993,0
941994,0
941995,27
941996,0
941997,0
941998,0
941999,38
942000,0
942001,0
942002,0
942003,0
942004,0
942005,0
942006,0
942007,33
942008,0
942009,0
942010,0
942011,0
942012,0
942013,35
942014,0
942015,0
942016,0
942017,0
942018,0
942019,0
942020,0
942021,0
942022,0
942023,29
942024,0
942025,0
942026,48
942027,0
942028,0
942029,0
942030,0
942031,0
942032,0
942033,0
942034,0
942035,0
942036,0
942037,0
942038,0
942039,0
942040,0
942041,0
942042,0
942043,36
942044,0
942045,0
942046,0
942047,0
942048,30
942049,0
942050,0
942051,0
942052,0
942053,31
942054,0
942055,0
942056,0
942057,0
942058,0
942059,0
942060,0
942061,0
942062,0
942063,0
942064,28
942065,0
942066,0
942067,0
942068,0
942069,30
942070,0
942071,0
942072,38
942073,0
942074,0
942075,0
942076,42
942077,0
942078,0
942079,0
942080,0
942081,0
942082,0
942083,37
942084,0
942085,0
942086,0
942087,49
942088,0
942089,0
942090,0
942091,0
942092,0
942093,43
942094,0
942095,22
942096,0
942097,0
942098,0
942099,0
942100,0
942101,0
942102,0
942103,0
942104,0
942105,0
942106,0
942107,0
942108,0
942109,0
942110,0
942111,43
942112,0
942113,0
942114,0
942115,0
942116,0
942117,0
942118,0
942119,38
942120,0
942121,0
942122,0
942123,0
942124,0
942125,0
942126,0
942127,0
942128,0
942129,0
942130,23
942131,0
942132,0
942133,0
942134,0
942135,0
942136,0
942137,0
942138,0
942139,0
942140,0
942141,0
942142,0
942143,0
942144,0
942145,34
942146,0
942147,0
942148,0
942149,0
942150,0
942151,0
942152,0
942153,0
942154,25
942155,0
942156,0
942157,0
942158,0
942159,0
942160,30
942161,40
942162,0
942163,0
942164,0
942165,41
942166,0
942167,0
942168,0
942169,0
942170,0
942171,0
942172,0
942173,0
942174,34
942175,0
942176,0
942177,0
942178,28
942179,0
942180,0
942181,0
942182,0
942183,34
942184,0
942185,0
942186,0
942187,0
942188,0
942189,36
942190,0
942191,28
942192,0
942193,38
942194,22
942195,0
942196,0
942197,0
942198,0
942199,19
942200,29
942201,0
942202,0
942203,0
942204,0
942205,0
942206,0
942207,37
942208,0
942209,0
942210,0
942211,0
942212,29
942213,0
942214,0
942215,0
942216,0
942217,0
942218,0
942219,32
942220,0
942221,0
942222,36
942223,0
942224,0
942225,0
942226,0
942227,0
942228,0
942229,0
942230,0
942231,0
942232,0
942233,0
942234,0
942235,0
942236,0
942237,0
942238,0
942239,28
942240,0
942241,0
942242,0
942243,0
942244,31
942245,29
942246,28
942247,0
942248,0
942249,24
942250,34
942251,0
942252,0
942253,41
942254,0
942255,0
942256,0
942257,36
942258,0
942259,0
942260,0
942261,0
942262,33
942263,30
942264,0
942265,0
942266,0
942267,0
942268,0
942269,0
942270,0
942271,0
942272,0
942273,0
942274,0
942275,0
942276,0
942277,0
942278,0
942279,0
942280,0
942281,0
942282,0
942283,0
942284,36
942285,0
942286,0
942287,0
942288,0
942289,0
942290,0
942291,0
942292,0
942293,0
942294,0
942295,0
942296,0
942297,0
942298,37
942299,0
942300,0
942301,0
942302,0
942303,0
942304,0
942305,0
942306,0
942307,0
942308,33
942309,0
942310,34
942311,0
942312,0
942313,0
942314,34
942315,0
942316,0
942317,0
942318,0
942319,0
942320,0
942321,0
942322,0
942323,0
942324,34
942325,0
942326,0
942327,0
942328,33
942329,0
942330,0
942331,0
942332,0
942333,0
942334,0
942335,0
942336,0
942337,0
942338,0
942339,0
942340,0
942341,43
942342,0
942343,42
942344,0
942345,0
942346,0
942347,0
942348,0
942349,0
942350,0
942351,0
942352,0
942353,0
942354,0
942355,0
942356,0
942357,0
942358,38
942359,0
942360,0
942361,0
942362,0
942363,0
942364,32
942365,32
942366,0
942367,0
942368,0
942369,0
942370,16
942371,0
942372,27
942373,0
942374,0
942375,0
942376,0
942377,0
942378,44
942379,24
942380,0
942381,0
942382,0
942383,0
942384,0
942385,0
942386,0
942387,0
942388,0
942389,35
942390,0
942391,0
942392,0
942393,36
942394,0
942395,0
942396,0
942397,0
942398,0
942399,0
942400,0
942401,47
942402,0
942403,0
942404,0
942405,0
942406,0
942407,0
942408,0
942409,30
942410,0
942411,0
942412,0
942413,0
942414,0
942415,39
942416,0
942417,43
942418,0
942419,0
942420,0
942421,0
942422,0
942423,0
942424,0
942425,0
942426,0
942427,31
942428,27
942429,0
942430,0
942431,0
942432,0
942433,0
942434,0
942435,31
942436,0
942437,36
942438,0
942439,0
942440,0
942441,0
942442,0
942443,0
942444,0
942445,0
942446,0
942447,0
942448,0
942449,0
942450,0
942451,27
942452,0
942453,0
942454,0
942455,0
942456,0
942457,0
942458,10
942459,0
942460,0
942461,0
942462,16
942463,0
942464,12
942465,0
942466,12
942467,0
942468,0
942469,14
942470,0
942471,0
942472,0
942473,0
942474,0
942475,0
942476,0
942477,0
942478,0
942479,0
942480,0
942481,12
942482,0
942483,0
942484,0
942485,0
942486,0
942487,0
942488,0
942489,7
942490,0
942491,0
942492,0
942493,0
942494,0
942495,0
942496,0
942497,0
942498,0
942499,0
942500,0
942501,0
942502,0
942503,16
942504,0
942505,0
942506,0
942507,0
942508,0
942509,0
942510,0
942511,0
942512,0
942513,0
942514,0
942515,0
942516,0
942517,0
942518,0
942519,10
942520,0
942521,0
942522,0
942523,0
942524,0
942525,0
942526,0
942527,0
942528,0
942529,0
942530,0
942531,0
942532,0
942533,0
942534,10
942535,0
942536,0
942537,11
942538,0
942539,0
942540,0
942541,0
942542,0
942543,0
942544,0
942545,0
942546,0
942547,0
942548,0
942549,0
942550,0
942551,0
942552,0
942553,0
942554,0
942555,0
942556,0
942557,0
942558,0
942559,0
942560,0
942561,0
942562,0
942563,0
942564,0
942565,0
942566,0
942567,0
942568,0
942569,0
942570,0
942571,0
942572,11
942573,0
942574,0
942575,11
942576,0
942577,0
942578,0
942579,0
942580,0
942581,0
942582,0
942583,0
942584,0
942585,0
942586,0
942587,0
942588,0
942589,0
942590,0
942591,0
942592,0
942593,0
942594,0
942595,0
942596,0
942597,0
942598,0
942599,7
942600,0
942601,0
942602,0
942603,0
942604,0
942605,0
942606,0
942607,12
942608,0
942609,0
942610,0
942611,0
942612,0
942613,0
942614,0
942615,0
942616,0
942617,0
942618,0
942619,0
942620,0
942621,0
942622,0
942623,0
942624,0
942625,0
942626,11
942627,0
942628,0
942629,0
942630,0
942631,0
942632,0
942633,0
942634,0
942635,0
942636,0
942637,0
942638,0
942639,0
942640,10
942641,0
942642,0
942643,0
942644,0
942645,0
942646,0
942647,0
942648,0
942649,0
942650,0
942651,0
942652,0
942653,0
942654,0
942655,0
942656,0
942657,0
942658,0
942659,0
942660,0
942661,0
942662,0
942663,0
942664,0
942665,0
942666,0
942667,0
942668,0
942669,0
942670,0
942671,0
942672,0
942673,0
942674,0
942675,0
942676,0
942677,0
942678,0
942679,13
942680,0
942681,0
942682,0
942683,0
942684,0
942685,0
942686,0
942687,0
942688,0
942689,0
942690,0
942691,0
942692,9
942693,0
942694,0
942695,0
942696,0
942697,0
942698,0
942699,0
942700,0
942701,0
942702,0
942703,0
942704,0
942705,0
942706,0
942707,0
942708,0
942709,0
942710,0
942711,7
942712,0
942713,10
942714,0
942715,0
942716,0
942717,0
942718,0
942719,0
942720,0
942721,0
942722,16
942723,0
942724,0
942725,0
942726,0
942727,0
942728,0
942729,16
942730,0
942731,0
942732,0
942733,0
942734,0
942735,0
942736,0
942737,12
942738,0
942739,0
942740,0
942741,0
942742,9
942743,0
942744,0
942745,0
942746,0
942747,0
942748,0
942749,0
942750,0
942751,0
942752,0
942753,0
942754,0
942755,0
942756,6
942757,0
942758,0
942759,0
942760,0
942761,0
942762,0
942763,0
942764,0
942765,0
942766,0
942767,0
942768,18
942769,0
942770,0
942771,0
942772,0
942773,0
942774,0
942775,0
942776,9
942777,0
942778,0
942779,0
942780,0
942781,0
942782,0
942783,0
942784,0
942785,0
942786,0
942787,0
942788,6
942789,0
942790,0
942791,0
942792,0
942793,0
942794,0
942795,0
942796,0
942797,0
942798,0
942799,0
942800,0
942801,0
942802,0
942803,0
942804,0
942805,0
942806,0
942807,0
942808,0
942809,0
942810,0
942811,0
942812,0
942813,0
942814,0
942815,0
942816,0
942817,0
942818,0
942819,0
942820,0
942821,0
942822,0
942823,0
942824,0
942825,0
942826,0
942827,18
942828,0
942829,0
942830,0
942831,0
942832,0
942833,0
942834,0
942835,0
942836,0
942837,0
942838,0
942839,0
942840,0
942841,0
942842,0
942843,0
942844,0
942845,0
942846,0
942847,0
942848,0
942849,0
942850,0
942851,0
942852,0
942853,0
942854,15
942855,0
942856,0
942857,0
942858,0
942859,0
942860,0
942861,0
942862,0
942863,15
942864,0
942865,0
942866,0
942867,0
942868,0
942869,0
942870,15
942871,0
942872,0
942873,0
942874,0
942875,0
942876,0
942877,0
942878,0
942879,0
942880,0
942881,0
942882,0
942883,0
942884,11
942885,0
942886,0
942887,0
942888,0
942889,0
942890,0
942891,0
942892,0
942893,0
942894,0
942895,0
942896,0
942897,0
942898,0
942899,0
942900,0
942901,0
942902,0
942903,0
942904,0
942905,0
942906,0
942907,0
942908,0
942909,0
942910,0
942911,0
942912,0
942913,0
942914,0
942915,0
942916,0
942917,0
942918,0
942919,0
942920,0
942921,8
942922,0
942923,0
942924,13
942925,0
942926,0
942927,0
942928,0
942929,11
942930,0
942931,0
942932,0
942933,0
942934,0
942935,0
942936,0
942937,0
942938,0
942939,0
942940,0
942941,13
942942,0
942943,0
942944,0
942945,0
942946,0
942947,0
942948,0
942949,0
942950,0
942951,0
942952,0
942953,0
942954,0
942955,0
942956,0
942957,0
942958,0
942959,14
942960,0
942961,12
942962,0
942963,0
942964,0
942965,0
942966,0
942967,0
942968,0
942969,0
942970,0
942971,0
942972,0
942973,0
942974,0
942975,0
942976,0
942977,0
942978,0
942979,0
942980,0
942981,0
942982,0
942983,0
942984,0
942985,19
942986,0
942987,0
942988,0
942989,0
942990,0
942991,0
942992,0
942993,0
942994,0
942995,0
942996,0
942997,0
942998,0
942999,0
943000,0
943001,0
943002,0
943003,0
943004,0
943005,0
943006,0
943007,0
943008,0
943009,0
943010,0
943011,0
943012,0
943013,0
943014,0
943015,0
943016,0
943017,0
943018,0
943019,0
943020,11
943021,0
943022,0
943023,0
943024,0
943025,0
943026,0
943027,0
943028,0
943029,0
943030,0
943031,0
943032,0
943033,0
943034,0
943035,15
943036,0
943037,0
943038,0
943039,0
943040,0
943041,0
943042,0
943043,0
943044,0
943045,0
943046,0
943047,0
943048,0
943049,0
943050,0
943051,6
943052,0
943053,11
943054,0
943055,0
943056,0
943057,0
943058,8
943059,0
943060,0
943061,0
943062,0
943063,0
943064,0
943065,0
943066,0
943067,0
943068,0
943069,0
943070,0
943071,0
943072,0
943073,0
943074,0
943075,0
943076,0
943077,0
943078,0
943079,0
943080,0
943081,0
943082,0
943083,0
943084,0
943085,0
943086,0
943087,0
943088,0
943089,0
943090,0
943091,0
943092,0
943093,0
943094,0
943095,0
943096,0
943097,0
943098,0
943099,0
943100,0
943101,0
943102,0
943103,0
943104,0
943105,0
943106,0
943107,0
943108,0
943109,0
943110,0
943111,9
943112,0
943113,5
943114,0
943115,0
943116,0
943117,0
943118,0
943119,0
943120,16
943121,0
943122,0
943123,0
943124,0
943125,0
943126,0
943127,0
943128,0
943129,0
943130,0
943131,0
943132,0
943133,15
943134,0
943135,0
943136,15
943137,0
943138,0
943139,0
943140,0
943141,0
943142,0
943143,0
943144,0
943145,0
943146,0
943147,0
943148,0
943149,0
943150,0
943151,0
943152,0
943153,0
943154,0
943155,0
943156,0
943157,0
943158,0
943159,0
943160,0
943161,0
943162,0
943163,10
943164,0
943165,0
943166,0
943167,0
943168,0
943169,15
943170,12
943171,0
943172,0
943173,0
943174,0
943175,11
943176,0
943177,0
943178,0
943179,7
943180,0
943181,0
943182,0
943183,0
943184,0
943185,0
943186,0
943187,0
943188,0
943189,0
943190,0
943191,0
943192,0
943193,0
943194,0
943195,0
943196,0
943197,0
943198,0
943199,0
943200,0
943201,0
943202,0
943203,0
943204,0
943205,0
943206,0
943207,0
943208,0
943209,0
943210,0
943211,0
943212,0
943213,10
943214,0
943215,0
943216,0
943217,0
943218,0
943219,0
943220,0
943221,16
943222,0
943223,0
943224,0
943225,0
943226,15
943227,0
943228,0
943229,9
943230,0
943231,0
943232,0
943233,0
943234,14
943235,4
943236,0
943237,0
943238,0
943239,0
943240,0
943241,0
943242,7
943243,0
943244,0
943245,15
943246,0
943247,0
943248,0
943249,0
943250,0
943251,0
943252,0
943253,0
943254,0
943255,0
943256,0
943257,0
943258,0
943259,0
943260,0
943261,0
943262,0
943263,0
943264,0
943265,0
943266,0
943267,0
943268,0
943269,0
943270,0
943271,0
943272,0
943273,0
943274,0
943275,0
943276,0
943277,0
943278,0
943279,0
943280,0
943281,0
943282,0
943283,0
943284,0
943285,0
943286,0
943287,0
943288,0
943289,0
943290,0
943291,0
943292,0
943293,0
943294,0
943295,0
943296,0
943297,0
943298,0
943299,0
943300,0
943301,0
943302,0
943303,8
943304,0
943305,0
943306,0
943307,0
943308,0
943309,0
943310,0
943311,0
943312,0
943313,0
943314,0
943315,0
943316,0
943317,0
943318,0
943319,0
943320,7
943321,0
943322,0
943323,0
943324,0
943325,0
943326,0
943327,15
943328,0
943329,0
943330,0
943331,0
943332,0
943333,0
943334,0
943335,0
943336,0
943337,0
943338,0
943339,0
943340,9
943341,0
943342,0
943343,0
943344,0
943345,0
943346,0
943347,0
943348,0
943349,0
943350,0
943351,0
943352,0
943353,0
943354,0
943355,0
943356,0
943357,0
943358,0
943359,0
943360,0
943361,0
943362,0
943363,0
943364,0
943365,0
943366,0
943367,0
943368,0
943369,0
943370,0
943371,0
943372,0
943373,0
943374,0
943375,0
943376,0
943377,0
943378,0
943379,5
943380,7
943381,0
943382,0
943383,0
943384,0
943385,0
943386,0
943387,0
943388,0
943389,0
943390,0
943391,0
943392,0
943393,0
943394,0
943395,0
943396,0
943397,9
943398,11
943399,0
943400,12
943401,0
943402,0
943403,0
943404,0
943405,0
943406,0
943407,0
943408,0
943409,0
943410,0
943411,10
943412,0
943413,0
943414,0
943415,10
943416,0
943417,0
943418,0
943419,0
943420,12
943421,0
943422,0
943423,0
943424,0
943425,0
943426,0
943427,0
943428,0
943429,0
943430,0
943431,0
943432,0
943433,0
943434,0
943435,0
943436,0
943437,0
943438,0
943439,0
943440,0
943441,0
943442,0
943443,0
943444,6
943445,0
943446,0
943447,0
943448,0
943449,0
943450,7
943451,8
943452,0
943453,0
943454,0
943455,0
943456,0
943457,0
943458,0
943459,0
943460,0
943461,0
943462,0
943463,0
943464,0
943465,0
943466,0
943467,0
943468,0
943469,0
943470,0
943471,0
943472,0
943473,0
943474,7
943475,0
943476,0
943477,0
943478,0
943479,0
943480,0
943481,0
943482,0
943483,0
943484,0
943485,0
943486,7
943487,0
943488,0
943489,0
943490,0
943491,13
943492,0
943493,0
943494,0
943495,0
943496,0
943497,0
943498,0
943499,0
943500,6
943501,0
943502,0
943503,0
943504,17
943505,0
943506,0
943507,0
943508,0
943509,0
943510,0
943511,0
943512,8
943513,4
943514,0
943515,0
943516,0
943517,0
943518,0
943519,0
943520,0
943521,0
943522,0
943523,13
943524,0
943525,10
943526,6
943527,0
943528,0
943529,0
943530,0
943531,0
943532,0
943533,0
943534,0
943535,0
943536,0
943537,0
943538,0
943539,0
943540,0
943541,0
943542,0
943543,0
943544,0
943545,0
943546,0
943547,0
943548,0
943549,0
943550,0
943551,0
943552,0
943553,0
943554,0
943555,0
943556,0
943557,0
943558,0
943559,0
943560,0
943561,3
943562,0
943563,0
943564,0
943565,2
943566,0
943567,9
943568,13
943569,0
943570,11
943571,0
943572,0
943573,0
943574,0
943575,0
943576,0
943577,0
943578,0
943579,10
943580,0
943581,0
943582,0
943583,10
943584,0
943585,0
943586,0
943587,0
943588,0
943589,0
943590,0
943591,0
943592,0
943593,0
943594,9
943595,0
943596,0
943597,0
943598,0
943599,0
943600,7
943601,0
943602,13
943603,0
943604,0
943605,0
943606,0
943607,0
943608,0
943609,0
943610,0
943611,0
943612,0
943613,0
943614,0
943615,0
943616,0
943617,0
943618,10
943619,0
943620,8
943621,8
943622,0
943623,0
943624,0
943625,0
943626,0
943627,0
943628,0
943629,0
943630,0
943631,0
943632,0
943633,0
943634,8
943635,0
943636,0
943637,0
943638,0
943639,0
943640,0
943641,0
943642,0
943643,11
943644,0
943645,0
943646,0
943647,0
943648,0
943649,0
943650,0
943651,3
943652,0
943653,0
943654,0
943655,0
943656,0
943657,0
943658,0
943659,0
943660,0
943661,0
943662,0
943663,0
943664,0
943665,9
943666,0
943667,0
943668,0
943669,0
943670,0
943671,0
943672,0
943673,19
943674,0
943675,0
943676,0
943677,6
943678,0
943679,0
943680,0
943681,0
943682,17
943683,0
943684,0
943685,0
943686,0
943687,0
943688,0
943689,0
943690,0
943691,0
943692,14
943693,0
943694,0
943695,0
943696,0
943697,0
943698,0
943699,9
943700,0
943701,0
943702,0
943703,0
943704,0
943705,0
943706,0
943707,0
943708,0
943709,0
943710,7
943711,0
943712,0
943713,14
943714,0
943715,0
943716,0
943717,0
943718,0
943719,0
943720,5
943721,0
943722,0
943723,0
943724,0
943725,0
943726,0
943727,0
943728,0
943729,0
943730,0
943731,0
943732,0
943733,0
943734,0
943735,0
943736,0
943737,0
943738,0
943739,0
943740,0
943741,0
943742,0
943743,0
943744,0
943745,0
943746,0
943747,0
943748,0
943749,0
943750,0
943751,0
943752,0
943753,8
943754,0
943755,15
943756,0
943757,0
943758,0
943759,0
943760,0
943761,14
943762,0
943763,0
943764,0
943765,0
943766,0
943767,0
943768,0
943769,0
943770,0
943771,4
943772,0
943773,0
943774,0
943775,11
943776,0
943777,0
943778,0
943779,0
943780,0
943781,0
943782,0
943783,0
943784,0
943785,0
943786,0
943787,10
943788,0
943789,0
943790,15
943791,0
943792,0
943793,0
943794,0
943795,0
943796,0
943797,12
943798,0
943799,0
943800,0
943801,0
943802,0
943803,0
943804,0
943805,0
943806,0
943807,0
943808,0
943809,0
943810,0
943811,0
943812,0
943813,0
943814,0
943815,0
943816,0
943817,0
943818,14
943819,12
943820,0
943821,0
943822,0
943823,15
943824,0
943825,0
943826,0
943827,0
943828,0
943829,0
943830,0
943831,0
943832,0
943833,0
943834,0
943835,0
943836,0
943837,0
943838,0
943839,0
943840,0
943841,0
943842,0
943843,0
943844,0
943845,0
943846,0
943847,0
943848,0
943849,0
943850,0
943851,0
943852,0
943853,0
943854,12
943855,0
943856,0
943857,0
943858,0
943859,0
943860,0
943861,0
943862,0
943863,0
943864,0
943865,7
943866,0
943867,0
943868,9
943869,0
943870,0
943871,0
943872,0
943873,0
943874,0
943875,0
943876,0
943877,15
943878,0
943879,0
943880,0
943881,0
943882,14
943883,0
943884,0
943885,0
943886,0
943887,0
943888,0
943889,0
943890,0
943891,0
943892,0
943893,0
943894,0
943895,0
943896,0
943897,15
943898,0
943899,0
943900,0
943901,0
943902,0
943903,0
943904,0
943905,6
943906,0
943907,0
943908,0
943909,0
943910,0
943911,0
943912,0
943913,10
943914,0
943915,0
943916,0
943917,0
943918,0
943919,7
943920,0
943921,0
943922,0
943923,6
943924,0
943925,4
943926,0
943927,0
943928,0
943929,0
943930,0
943931,0
943932,0
943933,0
943934,0
943935,0
943936,0
943937,0
943938,0
943939,0
943940,0
943941,0
943942,0
943943,0
943944,0
943945,11
943946,0
943947,0
943948,0
943949,11
943950,0
943951,0
943952,0
943953,9
943954,0
943955,0
943956,0
943957,0
943958,0
943959,14
943960,0
943961,8
943962,0
943963,0
943964,0
943965,8
943966,0
943967,0
943968,0
943969,0
943970,0
943971,13
943972,0
943973,0
943974,0
943975,0
943976,0
943977,0
943978,0
943979,0
943980,0
943981,0
943982,0
943983,0
943984,0
943985,0
943986,0
943987,0
943988,0
943989,0
943990,0
943991,0
943992,0
943993,0
943994,0
943995,0
943996,0
943997,0
943998,0
943999,0
944000,6
944001,0
944002,10
944003,9
944004,0
944005,0
944006,0
944007,0
944008,0
944009,0
944010,0
944011,0
944012,0
944013,7
944014,0
944015,0
944016,0
944017,0
944018,7
944019,4
944020,0
944021,0
944022,0
944023,0
944024,0
944025,0
944026,0
944027,11
944028,0
944029,0
944030,0
944031,0
944032,0
944033,0
944034,0
944035,14
944036,4
944037,0
944038,0
944039,0
944040,0
944041,0
944042,7
944043,0
944044,0
944045,0
944046,3
944047,0
944048,0
944049,0
944050,4
944051,0
944052,0
944053,0
944054,0
944055,0
944056,0
944057,0
944058,3
944059,0
944060,0
944061,0
944062,0
944063,0
944064,0
944065,0
944066,0
944067,0
944068,2
944069,3
944070,0
944071,0
944072,0
944073,6
944074,0
944075,0
944076,0
944077,3
944078,0
944079,0
944080,0
944081,0
944082,0
944083,0
944084,0
944085,0
944086,0
944087,0
944088,0
944089,5
944090,0
944091,0
944092,0
944093,4
944094,0
944095,0
944096,0
944097,4
944098,0
944099,0
944100,0
944101,0
944102,0
944103,0
944104,0
944105,0
944106,0
944107,3
944108,0
944109,0
944110,3
944111,0
944112,0
944113,0
944114,0
944115,0
944116,0
944117,0
944118,0
944119,0
944120,12
944121,0
944122,4
944123,0
944124,0
944125,0
944126,0
944127,0
944128,0
944129,3
944130,0
944131,0
944132,0
944133,3
944134,0
944135,0
944136,0
944137,0
944138,0
944139,0
944140,0
944141,0
944142,0
944143,0
944144,0
944145,3
944146,0
944147,0
944148,5
944149,0
944150,0
944151,0
944152,0
944153,0
944154,5
944155,0
944156,0
944157,0
944158,0
944159,0
944160,0
944161,0
944162,0
944163,0
944164,0
944165,0
944166,0
944167,0
944168,0
944169,0
944170,6
944171,0
944172,0
944173,0
944174,0
944175,4
944176,0
944177,5
944178,0
944179,0
944180,2
944181,5
944182,0
944183,0
944184,0
944185,0
944186,0
944187,0
944188,0
944189,8
944190,0
944191,0
944192,0
944193,0
944194,0
944195,0
944196,8
944197,2
944198,0
944199,0
944200,0
944201,0
944202,5
944203,0
944204,0
944205,0
944206,0
944207,0
944208,0
944209,0
944210,2
944211,0
944212,0
944213,0
944214,12
944215,4
944216,0
944217,0
944218,0
944219,0
944220,0
944221,0
944222,0
944223,0
944224,5
944225,0
944226,0
944227,0
944228,5
944229,0
944230,0
944231,0
944232,0
944233,0
944234,0
944235,0
944236,0
944237,0
944238,0
944239,0
944240,0
944241,0
944242,3
944243,0
944244,0
944245,0
944246,0
944247,0
944248,0
944249,5
944250,0
944251,0
944252,0
944253,4
944254,0
944255,0
944256,0
944257,0
944258,0
944259,0
944260,0
944261,1
944262,0
944263,0
944264,0
944265,0
944266,0
944267,0
944268,0
944269,0
944270,0
944271,3
944272,0
944273,0
944274,0
944275,0
944276,0
944277,0
944278,0
944279,0
944280,0
944281,0
944282,0
944283,0
944284,0
944285,0
944286,0
944287,0
944288,5
944289,0
944290,0
944291,0
944292,0
944293,0
944294,0
944295,0
944296,6
944297,0
944298,0
944299,0
944300,7
944301,0
944302,0
944303,0
944304,0
944305,0
944306,0
944307,9
944308,0
944309,8
944310,0
944311,0
944312,7
944313,0
944314,0
944315,4
944316,0
944317,0
944318,1
944319,0
944320,0
944321,0
944322,0
944323,0
944324,0
944325,5
944326,0
944327,0
944328,5
944329,0
944330,0
944331,0
944332,0
944333,7
944334,0
944335,0
944336,0
944337,5
944338,0
944339,0
944340,0
944341,0
944342,0
944343,0
944344,0
944345,0
944346,0
944347,0
944348,0
944349,0
944350,0
944351,0
944352,0
944353,0
944354,0
944355,0
944356,0
944357,0
944358,0
944359,0
944360,0
944361,0
944362,0
944363,8
944364,4
944365,0
944366,0
944367,0
944368,0
944369,0
944370,0
944371,0
944372,0
944373,0
944374,0
944375,0
944376,0
944377,0
944378,0
944379,0
944380,0
944381,0
944382,0
944383,8
944384,0
944385,1
944386,4
944387,3
944388,0
944389,0
944390,0
944391,0
944392,0
944393,0
944394,0
944395,0
944396,0
944397,0
944398,0
944399,0
944400,0
944401,0
944402,0
944403,4
944404,0
944405,0
944406,0
944407,0
944408,0
944409,9
944410,0
944411,0
944412,0
944413,0
944414,0
944415,0
944416,0
944417,5
944418,0
944419,0
944420,0
944421,0
944422,0
944423,9
944424,0
944425,0
944426,0
944427,0
944428,0
944429,0
944430,0
944431,0
944432,8
944433,0
944434,0
944435,0
944436,0
944437,0
944438,0
944439,3
944440,0
944441,0
944442,0
944443,0
944444,0
944445,0
944446,4
944447,0
944448,0
944449,0
944450,0
944451,0
944452,0
944453,0
944454,0
944455,0
944456,3
944457,3
944458,0
944459,0
944460,0
944461,0
944462,0
944463,0
944464,0
944465,0
944466,0
944467,0
944468,0
944469,0
944470,0
944471,0
944472,0
944473,4
944474,5
944475,0
944476,0
944477,0
944478,0
944479,0
944480,0
944481,0
944482,0
944483,0
944484,7
944485,0
944486,0
944487,0
944488,0
944489,0
944490,0
944491,0
944492,0
944493,0
944494,0
944495,5
944496,2
944497,8
944498,0
944499,0
944500,0
944501,0
944502,0
944503,0
944504,0
944505,0
944506,0
944507,3
944508,0
944509,0
944510,0
944511,0
944512,0
944513,0
944514,0
944515,0
944516,0
944517,0
944518,0
944519,0
944520,0
944521,0
944522,4
944523,0
944524,8
944525,0
944526,0
944527,0
944528,0
944529,0
944530,4
944531,0
944532,0
944533,0
944534,0
944535,0
944536,0
944537,0
944538,0
944539,0
944540,0
944541,11
944542,0
944543,0
944544,0
944545,0
944546,0
944547,0
944548,0
944549,0
944550,0
944551,0
944552,9
944553,7
944554,0
944555,0
944556,0
944557,0
944558,6
944559,0
944560,0
944561,0
944562,0
944563,3
944564,0
944565,0
944566,0
944567,0
944568,0
944569,0
944570,0
944571,0
944572,0
944573,0
944574,0
944575,5
944576,0
944577,0
944578,3
944579,0
944580,9
944581,0
944582,0
944583,0
944584,2
944585,0
944586,0
944587,0
944588,0
944589,0
944590,0
944591,0
944592,3
944593,0
944594,0
944595,0
944596,0
944597,0
944598,0
944599,6
944600,0
944601,0
944602,0
944603,0
944604,9
944605,0
944606,0
944607,0
944608,0
944609,0
944610,0
944611,6
944612,0
944613,0
944614,0
944615,4
944616,0
944617,4
944618,0
944619,7
944620,0
944621,8
944622,5
944623,0
944624,0
944625,5
944626,0
944627,0
944628,0
944629,0
944630,3
944631,3
944632,0
944633,0
944634,0
944635,0
944636,0
944637,0
944638,0
944639,0
944640,9
944641,0
944642,0
944643,0
944644,0
944645,0
944646,0
944647,0
944648,0
944649,0
944650,0
944651,0
944652,0
944653,0
944654,0
944655,0
944656,0
944657,0
944658,0
944659,0
944660,5
944661,0
944662,0
944663,0
944664,4
944665,0
944666,0
944667,0
944668,0
944669,0
944670,0
944671,7
944672,3
944673,0
944674,0
944675,0
944676,5
944677,0
944678,0
944679,0
944680,0
944681,0
944682,0
944683,0
944684,0
944685,0
944686,3
944687,4
944688,0
944689,0
944690,0
944691,0
944692,0
944693,0
944694,0
944695,0
944696,7
944697,0
944698,0
944699,0
944700,0
944701,0
944702,0
944703,10
944704,0
944705,0
944706,0
944707,0
944708,9
944709,0
944710,0
944711,0
944712,0
944713,0
944714,0
944715,0
944716,0
944717,0
944718,0
944719,0
944720,0
944721,0
944722,14
944723,5
944724,0
944725,0
944726,17
944727,0
944728,0
944729,0
944730,0
944731,0
944732,0
944733,0
944734,0
944735,14
944736,0
944737,0
944738,0
944739,0
944740,0
944741,0
944742,17
944743,13
944744,8
944745,0
944746,0
944747,0
944748,0
944749,0
944750,0
944751,0
944752,0
944753,0
944754,0
944755,0
944756,12
944757,20
944758,0
944759,0
944760,0
944761,0
944762,0
944763,0
944764,0
944765,0
944766,0
944767,0
944768,0
944769,0
944770,0
944771,0
944772,0
944773,26
944774,0
944775,0
944776,0
944777,19
944778,0
944779,0
944780,0
944781,0
944782,0
944783,0
944784,0
944785,24
944786,0
944787,0
944788,0
944789,0
944790,0
944791,9
944792,0
944793,0
944794,0
944795,0
944796,0
944797,0
944798,0
944799,0
944800,0
944801,0
944802,0
944803,0
944804,0
944805,16
944806,0
944807,14
944808,0
944809,0
944810,0
944811,0
944812,10
944813,0
944814,0
944815,0
944816,0
944817,0
944818,10
944819,21
944820,0
944821,0
944822,11
944823,9
944824,0
944825,0
944826,0
944827,0
944828,0
944829,0
944830,0
944831,0
944832,0
944833,0
944834,17
944835,0
944836,0
944837,0
944838,0
944839,0
944840,15
944841,0
944842,0
944843,10
944844,21
944845,0
944846,0
944847,0
944848,0
944849,0
944850,0
944851,11
944852,0
944853,10
944854,0
944855,0
944856,0
944857,0
944858,0
944859,0
944860,0
944861,0
944862,0
944863,0
944864,0
944865,0
944866,0
944867,0
944868,0
944869,0
944870,0
944871,0
944872,0
944873,0
944874,0
944875,0
944876,0
944877,0
944878,0
944879,5
944880,0
944881,0
944882,0
944883,0
944884,0
944885,0
944886,0
944887,18
944888,0
944889,0
944890,0
944891,19
944892,0
944893,0
944894,0
944895,0
944896,0
944897,16
944898,0
944899,0
944900,0
944901,0
944902,0
944903,0
944904,0
944905,0
944906,0
944907,12
944908,0
944909,0
944910,0
944911,0
944912,18
944913,13
944914,0
944915,15
944916,0
944917,0
944918,0
944919,15
944920,22
944921,0
944922,17
944923,0
944924,0
944925,0
944926,0
944927,0
944928,0
944929,26
944930,0
944931,0
944932,0
944933,0
944934,0
944935,0
944936,0
944937,0
944938,16
944939,0
944940,0
944941,0
944942,0
944943,0
944944,7
944945,0
944946,0
944947,0
944948,10
944949,0
944950,0
944951,0
944952,0
944953,7
944954,0
944955,0
944956,0
944957,0
944958,0
944959,0
944960,0
944961,8
944962,0
944963,10
944964,0
944965,0
944966,14
944967,0
944968,15
944969,0
944970,0
944971,0
944972,0
944973,21
944974,0
944975,31
944976,0
944977,0
944978,0
944979,0
944980,0
944981,7
944982,0
944983,0
944984,0
944985,0
944986,0
944987,0
944988,0
944989,0
944990,18
944991,0
944992,0
944993,0
944994,6
944995,0
944996,0
944997,0
944998,0
944999,0
945000,0
945001,0
945002,0
945003,0
945004,1
945005,0
945006,0
945007,0
945008,0
945009,0
945010,0
945011,0
945012,0
945013,0
945014,0
945015,0
945016,0
945017,0
945018,0
945019,0
945020,0
945021,0
945022,0
945023,0
945024,0
945025,0
945026,0
945027,0
945028,1
945029,2
945030,0
945031,3
945032,0
945033,0
945034,0
945035,0
945036,0
945037,0
945038,1
945039,0
945040,0
945041,0
945042,0
945043,0
945044,2
945045,0
945046,0
945047,0
945048,0
945049,0
945050,0
945051,0
945052,0
945053,0
945054,0
945055,0
945056,0
945057,2
945058,0
945059,0
945060,0
945061,0
945062,0
945063,0
945064,1
945065,2
945066,0
945067,0
945068,0
945069,0
945070,0
945071,0
945072,0
945073,1
945074,0
945075,0
945076,0
945077,0
945078,0
945079,0
945080,3
945081,0
945082,0
945083,0
945084,0
945085,0
945086,0
945087,0
945088,0
945089,0
945090,0
945091,0
945092,0
945093,0
945094,0
945095,0
945096,0
945097,0
945098,0
945099,0
945100,0
945101,0
945102,1
945103,0
945104,1
945105,0
945106,0
945107,2
945108,0
945109,0
945110,1
945111,0
945112,0
945113,0
945114,0
945115,1
945116,0
945117,0
945118,0
945119,1
945120,0
945121,0
945122,0
945123,0
945124,0
945125,0
945126,0
945127,0
945128,0
945129,0
945130,0
945131,0
945132,0
945133,0
945134,0
945135,0
945136,0
945137,0
945138,0
945139,0
945140,0
945141,0
945142,0
945143,0
945144,0
945145,0
945146,0
945147,0
945148,0
945149,0
945150,0
945151,0
945152,0
945153,0
945154,0
945155,0
945156,0
945157,0
945158,0
945159,1
945160,0
945161,0
945162,0
945163,0
945164,0
945165,0
945166,0
945167,0
945168,0
945169,0
945170,0
945171,0
945172,2
945173,0
945174,0
945175,0
945176,0
945177,0
945178,1
945179,0
945180,0
945181,0
945182,0
945183,0
945184,0
945185,0
945186,0
945187,0
945188,0
945189,0
945190,1
945191,0
945192,0
945193,0
945194,0
945195,0
945196,0
945197,0
945198,0
945199,0
945200,0
945201,0
945202,0
945203,0
945204,1
945205,3
945206,0
945207,0
945208,0
945209,0
945210,0
945211,0
945212,0
945213,0
945214,0
945215,0
945216,0
945217,0
945218,0
945219,1
945220,1
945221,0
945222,0
945223,1
945224,0
945225,0
945226,1
945227,1
945228,0
945229,0
945230,1
945231,0
945232,0
945233,0
945234,0
945235,0
945236,0
945237,0
945238,0
945239,0
945240,0
945241,0
945242,0
945243,0
945244,3
945245,0
945246,0
945247,1
945248,0
945249,0
945250,0
945251,1
945252,0
945253,0
945254,0
945255,1
945256,0
945257,0
945258,0
945259,0
945260,3
945261,0
945262,0
945263,0
945264,0
945265,0
945266,0
945267,0
945268,0
945269,0
945270,0
945271,3
945272,0
945273,0
945274,0
945275,0
945276,0
945277,0
945278,0
945279,0
945280,0
945281,0
945282,1
945283,0
945284,2
945285,0
945286,0
945287,0
945288,1
945289,0
945290,0
945291,0
945292,3
945293,0
945294,0
945295,0
945296,0
945297,0
945298,0
945299,0
945300,0
945301,0
945302,0
945303,0
945304,0
945305,0
945306,0
945307,0
945308,0
945309,0
945310,0
945311,0
945312,2
945313,0
945314,0
945315,0
945316,0
945317,1
945318,0
945319,0
945320,0
945321,1
945322,0
945323,0
945324,0
945325,0
945326,0
945327,1
945328,0
945329,0
945330,0
945331,0
945332,0
945333,0
945334,0
945335,1
945336,0
945337,1
945338,0
945339,0
945340,0
945341,0
945342,0
945343,0
945344,0
945345,0
945346,0
945347,0
945348,0
945349,0
945350,0
945351,0
945352,0
945353,0
945354,1
945355,1
945356,0
945357,0
945358,0
945359,0
945360,0
945361,1
945362,0
945363,0
945364,0
945365,2
945366,0
945367,0
945368,0
945369,0
945370,1
945371,0
945372,0
945373,0
945374,0
945375,0
945376,0
945377,0
945378,1
945379,0
945380,0
945381,0
945382,0
945383,2
945384,0
945385,0
945386,0
945387,0
945388,0
945389,0
945390,0
945391,0
945392,0
945393,0
945394,0
945395,0
945396,0
945397,0
945398,4
945399,0
945400,0
945401,0
945402,3
945403,0
945404,0
945405,0
945406,0
945407,0
945408,0
945409,0
945410,0
945411,0
945412,0
945413,0
945414,0
945415,0
945416,0
945417,0
945418,0
945419,0
945420,0
945421,0
945422,0
945423,0
945424,0
945425,0
945426,0
945427,0
945428,0
945429,0
945430,0
945431,0
945432,0
945433,0
945434,0
945435,0
945436,0
945437,0
945438,0
945439,0
945440,0
945441,0
945442,0
945443,0
945444,0
945445,0
945446,0
945447,0
945448,0
945449,0
945450,0
945451,0
945452,0
945453,0
945454,0
945455,0
945456,0
945457,0
945458,0
945459,0
945460,0
945461,0
945462,0
945463,0
945464,0
945465,0
945466,0
945467,0
945468,0
945469,0
945470,0
945471,0
945472,0
945473,0
945474,0
945475,0
945476,0
945477,0
945478,0
945479,4
945480,0
945481,0
945482,0
945483,0
945484,0
945485,0
945486,0
945487,0
945488,6
945489,0
945490,0
945491,0
945492,0
945493,0
945494,0
945495,0
945496,0
945497,0
945498,0
945499,0
945500,0
945501,0
945502,0
945503,0
945504,0
945505,0
945506,0
945507,0
945508,0
945509,0
945510,0
945511,0
945512,0
945513,0
945514,0
945515,0
945516,0
945517,0
945518,0
945519,0
945520,0
945521,0
945522,0
945523,4
945524,0
945525,0
945526,0
945527,0
945528,0
945529,0
945530,0
945531,0
945532,0
945533,0
945534,0
945535,0
945536,0
945537,0
945538,0
945539,0
945540,0
945541,0
945542,0
945543,0
945544,0
945545,0
945546,0
945547,0
945548,0
945549,0
945550,0
945551,0
945552,0
945553,7
945554,0
945555,0
945556,0
945557,0
945558,0
945559,0
945560,0
945561,0
945562,0
945563,0
945564,0
945565,0
945566,0
945567,0
945568,0
945569,0
945570,0
945571,0
945572,0
945573,0
945574,0
945575,0
945576,0
945577,5
945578,0
945579,0
945580,4
945581,0
945582,0
945583,0
945584,0
945585,0
945586,0
945587,0
945588,0
945589,0
945590,0
945591,0
945592,0
945593,0
945594,0
945595,0
945596,0
945597,0
945598,0
945599,0
945600,0
945601,0
945602,0
945603,0
945604,0
945605,0
945606,0
945607,0
945608,0
945609,0
945610,0
945611,0
945612,0
945613,0
945614,0
945615,0
945616,0
945617,0
945618,0
945619,0
945620,0
945621,0
945622,0
945623,0
945624,0
945625,4
945626,0
945627,0
945628,0
945629,0
945630,0
945631,0
945632,0
945633,5
945634,0
945635,5
945636,0
945637,0
945638,0
945639,0
945640,0
945641,0
945642,0
945643,0
945644,0
945645,0
945646,3
945647,0
945648,0
945649,0
945650,0
945651,0
945652,0
945653,4
945654,0
945655,0
945656,0
945657,0
945658,0
945659,6
945660,2
945661,0
945662,0
945663,0
945664,5
945665,0
945666,0
945667,0
945668,0
945669,0
945670,0
945671,0
945672,0
945673,0
945674,0
945675,0
945676,0
945677,0
945678,0
945679,3
945680,0
945681,0
945682,0
945683,0
945684,0
945685,0
945686,0
945687,0
945688,0
945689,0
945690,0
945691,0
945692,0
945693,0
945694,0
945695,0
945696,0
945697,0
945698,0
945699,0
945700,0
945701,0
945702,0
945703,0
945704,0
945705,0
945706,0
945707,0
945708,0
945709,0
945710,0
945711,5
945712,0
945713,0
945714,0
945715,0
945716,0
945717,0
945718,0
945719,0
945720,2
945721,0
945722,0
945723,0
945724,0
945725,8
945726,5
945727,0
945728,0
945729,0
945730,0
945731,0
945732,0
945733,0
945734,0
945735,0
945736,0
945737,0
945738,0
945739,0
945740,0
945741,0
945742,0
945743,0
945744,0
945745,0
945746,10
945747,0
945748,0
945749,0
945750,0
945751,0
945752,0
945753,0
945754,4
945755,0
945756,0
945757,0
945758,0
945759,0
945760,0
945761,0
945762,0
945763,0
945764,0
945765,0
945766,0
945767,0
945768,0
945769,0
945770,0
945771,0
945772,0
945773,0
945774,0
945775,0
945776,0
945777,0
945778,0
945779,0
945780,0
945781,0
945782,0
945783,0
945784,0
945785,0
945786,0
945787,0
945788,0
945789,0
945790,0
945791,0
945792,0
945793,0
945794,0
945795,0
945796,0
945797,0
945798,0
945799,0
945800,0
945801,0
945802,0
945803,7
945804,5
945805,0
945806,0
945807,0
945808,0
945809,0
945810,0
945811,0
945812,0
945813,0
945814,0
945815,0
945816,0
945817,0
945818,0
945819,0
945820,0
945821,0
945822,0
945823,0
945824,0
945825,0
945826,0
945827,0
945828,0
945829,0
945830,0
945831,0
945832,0
945833,0
945834,0
945835,0
945836,0
945837,0
945838,0
945839,0
945840,0
945841,0
945842,0
945843,0
945844,0
945845,0
945846,0
945847,0
945848,0
945849,0
945850,4
945851,0
945852,3
945853,0
945854,0
945855,0
945856,0
945857,0
945858,5
945859,0
945860,0
945861,5
945862,7
945863,0
945864,0
945865,0
945866,0
945867,0
945868,0
945869,0
945870,0
945871,0
945872,0
945873,0
945874,0
945875,8
945876,0
945877,0
945878,0
945879,0
945880,0
945881,0
945882,0
945883,0
945884,0
945885,0
945886,0
945887,0
945888,0
945889,0
945890,0
945891,0
945892,0
945893,0
945894,0
945895,0
945896,0
945897,0
945898,0
945899,0
945900,0
945901,0
945902,6
945903,0
945904,4
945905,0
945906,5
945907,0
945908,0
945909,0
945910,0
945911,0
945912,0
945913,0
945914,0
945915,0
945916,0
945917,0
945918,0
945919,0
945920,0
945921,0
945922,0
945923,0
945924,5
945925,0
945926,0
945927,0
945928,0
945929,0
945930,5
945931,0
945932,0
945933,0
945934,0
945935,0
945936,0
945937,0
945938,0
945939,0
945940,0
945941,0
945942,0
945943,0
945944,0
945945,0
945946,0
945947,0
945948,0
945949,0
945950,0
945951,0
945952,0
945953,0
945954,0
945955,0
945956,0
945957,0
945958,9
945959,0
945960,0
945961,0
945962,0
945963,0
945964,3
945965,0
945966,0
945967,0
945968,9
945969,0
945970,0
945971,0
945972,0
945973,0
945974,0
945975,0
945976,0
945977,0
945978,0
945979,3
945980,0
945981,0
945982,0
945983,0
945984,0
945985,0
945986,0
945987,8
945988,0
945989,0
945990,0
945991,0
945992,0
945993,0
945994,0
945995,0
945996,0
945997,0
945998,0
945999,0
946000,0
946001,0
946002,0
946003,0
946004,0
946005,0
946006,0
946007,0
946008,0
946009,0
946010,0
946011,0
946012,0
946013,0
946014,0
946015,0
946016,0
946017,0
946018,0
946019,0
946020,0
946021,0
946022,0
946023,0
946024,0
946025,0
946026,0
946027,0
946028,0
946029,0
946030,0
946031,0
946032,0
946033,0
946034,0
946035,0
946036,0
946037,0
946038,0
946039,0
946040,0
946041,0
946042,0
946043,0
946044,0
946045,0
946046,0
946047,0
946048,0
946049,0
946050,0
946051,0
946052,0
946053,0
946054,0
946055,0
946056,0
946057,0
946058,0
946059,0
946060,0
946061,0
946062,0
946063,0
946064,2
946065,0
946066,0
946067,0
946068,0
946069,0
946070,3
946071,0
946072,0
946073,0
946074,0
946075,0
946076,0
946077,0
946078,0
946079,0
946080,0
946081,0
946082,0
946083,0
946084,0
946085,0
946086,0
946087,0
946088,0
946089,0
946090,0
946091,0
946092,0
946093,0
946094,0
946095,0
946096,0
946097,0
946098,0
946099,0
946100,0
946101,0
946102,0
946103,0
946104,0
946105,0
946106,0
946107,0
946108,0
946109,0
946110,0
946111,0
946112,0
946113,0
946114,0
946115,0
946116,0
946117,0
946118,0
946119,0
946120,0
946121,0
946122,0
946123,0
946124,0
946125,0
946126,0
946127,0
946128,0
946129,0
946130,0
946131,0
946132,0
946133,0
946134,0
946135,0
946136,0
946137,0
946138,0
946139,0
946140,0
946141,0
946142,0
946143,5
946144,0
946145,0
946146,0
946147,0
946148,0
946149,0
946150,0
946151,0
946152,10
946153,0
946154,0
946155,0
946156,0
946157,0
946158,0
946159,0
946160,0
946161,0
946162,0
946163,0
946164,0
946165,0
946166,0
946167,0
946168,0
946169,0
946170,0
946171,0
946172,0
946173,0
946174,6
946175,0
946176,5
946177,0
946178,0
946179,0
946180,0
946181,0
946182,0
946183,0
946184,0
946185,0
946186,0
946187,0
946188,0
946189,0
946190,0
946191,7
946192,0
946193,0
946194,0
946195,0
946196,0
946197,0
946198,0
946199,0
946200,0
946201,0
946202,0
946203,0
946204,0
946205,0
946206,0
946207,0
946208,0
946209,3
946210,0
946211,0
946212,0
946213,0
946214,0
946215,0
946216,0
946217,0
946218,0
946219,0
946220,0
946221,0
946222,0
946223,0
946224,0
946225,0
946226,0
946227,2
946228,0
946229,0
946230,0
946231,0
946232,0
946233,0
946234,0
946235,0
946236,0
946237,0
946238,0
946239,0
946240,21
946241,0
946242,0
946243,0
946244,0
946245,0
946246,0
946247,0
946248,0
946249,0
946250,0
946251,0
946252,0
946253,0
946254,29
946255,0
946256,0
946257,27
946258,0
946259,0
946260,0
946261,0
946262,0
946263,0
946264,0
946265,0
946266,0
946267,0
946268,0
946269,0
946270,0
946271,0
946272,0
946273,0
946274,0
946275,0
946276,0
946277,0
946278,0
946279,0
946280,0
946281,0
946282,0
946283,0
946284,0
946285,0
946286,0
946287,0
946288,0
946289,0
946290,0
946291,0
946292,0
946293,0
946294,0
946295,0
946296,0
946297,0
946298,0
946299,0
946300,0
946301,0
946302,0
946303,0
946304,39
946305,0
946306,0
946307,0
946308,0
946309,0
946310,0
946311,0
946312,0
946313,0
946314,0
946315,0
946316,0
946317,0
946318,0
946319,0
946320,0
946321,0
946322,36
946323,0
946324,44
946325,0
946326,0
946327,0
946328,0
946329,0
946330,0
946331,41
946332,0
946333,0
946334,0
946335,0
946336,0
946337,0
946338,0
946339,0
946340,0
946341,0
946342,0
946343,0
946344,0
946345,0
946346,0
946347,0
946348,0
946349,0
946350,0
946351,0
946352,0
946353,44
946354,0
946355,0
946356,0
946357,0
946358,0
946359,0
946360,0
946361,0
946362,40
946363,0
946364,0
946365,0
946366,0
946367,0
946368,0
946369,0
946370,0
946371,0
946372,0
946373,0
946374,0
946375,0
946376,0
946377,0
946378,0
946379,0
946380,0
946381,0
946382,0
946383,0
946384,0
946385,0
946386,0
946387,0
946388,47
946389,0
946390,0
946391,0
946392,0
946393,32
946394,0
946395,0
946396,0
946397,0
946398,0
946399,0
946400,0
946401,0
946402,0
946403,0
946404,27
946405,0
946406,0
946407,0
946408,0
946409,0
946410,31
946411,0
946412,27
946413,0
946414,0
946415,0
946416,0
946417,0
946418,0
946419,0
946420,0
946421,0
946422,0
946423,0
946424,0
946425,0
946426,0
946427,0
946428,0
946429,0
946430,0
946431,0
946432,0
946433,0
946434,0
946435,0
946436,0
946437,0
946438,0
946439,0
946440,0
946441,0
946442,0
946443,0
946444,0
946445,0
946446,0
946447,0
946448,0
946449,0
946450,0
946451,26
946452,0
946453,0
946454,0
946455,0
946456,0
946457,0
946458,0
946459,0
946460,0
946461,0
946462,0
946463,0
946464,0
946465,0
946466,0
946467,0
946468,0
946469,0
946470,0
946471,0
946472,0
946473,0
946474,0
946475,0
946476,34
946477,0
946478,0
946479,0
946480,0
946481,0
946482,0
946483,0
946484,0
946485,0
946486,0
946487,0
946488,0
946489,0
946490,0
946491,45
946492,0
946493,0
946494,0
946495,0
946496,0
946497,0
946498,0
946499,0
946500,0
946501,0
946502,0
946503,0
946504,0
946505,0
946506,36
946507,0
946508,0
946509,0
946510,0
946511,0
946512,0
946513,0
946514,0
946515,0
946516,0
946517,0
946518,0
946519,0
946520,0
946521,0
946522,0
946523,0
946524,0
946525,0
946526,0
946527,0
946528,0
946529,0
946530,0
946531,0
946532,0
946533,42
946534,0
946535,0
946536,37
946537,0
946538,0
946539,0
946540,0
946541,0
946542,0
946543,29
946544,0
946545,0
946546,0
946547,0
946548,0
946549,0
946550,0
946551,0
946552,0
946553,0
946554,0
946555,0
946556,0
946557,19
946558,0
946559,0
946560,0
946561,0
946562,0
946563,0
946564,0
946565,0
946566,0
946567,0
946568,0
946569,0
946570,0
946571,0
946572,0
946573,49
946574,0
946575,0
946576,0
946577,0
946578,0
946579,0
946580,0
946581,0
946582,0
946583,0
946584,0
946585,0
946586,0
946587,0
946588,0
946589,0
946590,0
946591,0
946592,0
946593,0
946594,0
946595,0
946596,0
946597,0
946598,0
946599,0
946600,0
946601,0
946602,0
946603,0
946604,0
946605,0
946606,38
946607,0
946608,0
946609,0
946610,39
946611,0
946612,0
946613,0
946614,0
946615,0
946616,0
946617,0
946618,0
946619,0
946620,0
946621,21
946622,0
946623,0
946624,0
946625,0
946626,0
946627,0
946628,0
946629,0
946630,0
946631,0
946632,0
946633,0
946634,0
946635,0
946636,0
946637,29
946638,0
946639,0
946640,0
946641,0
946642,0
946643,0
946644,0
946645,0
946646,0
946647,0
946648,0
946649,0
946650,0
946651,0
946652,0
946653,0
946654,0
946655,0
946656,0
946657,0
946658,0
946659,0
946660,0
946661,0
946662,0
946663,0
946664,30
946665,0
946666,0
946667,0
946668,0
946669,0
946670,0
946671,0
946672,0
946673,0
946674,0
946675,0
946676,0
946677,31
946678,0
946679,0
946680,0
946681,0
946682,0
946683,0
946684,0
946685,0
946686,0
946687,0
946688,0
946689,39
946690,0
946691,0
946692,0
946693,0
946694,0
946695,0
946696,47
946697,0
946698,30
946699,0
946700,0
946701,0
946702,0
946703,0
946704,0
946705,0
946706,0
946707,0
946708,0
946709,0
946710,0
946711,0
946712,32
946713,0
946714,28
946715,0
946716,0
946717,0
946718,0
946719,0
946720,0
946721,0
946722,0
946723,0
946724,0
946725,0
946726,0
946727,0
946728,0
946729,0
946730,0
946731,0
946732,0
946733,0
946734,0
946735,0
946736,0
946737,0
946738,0
946739,0
946740,0
946741,0
946742,0
946743,0
946744,0
946745,0
946746,0
946747,0
946748,0
946749,0
946750,0
946751,0
946752,0
946753,0
946754,0
946755,0
946756,0
946757,0
946758,0
946759,0
946760,0
946761,0
946762,0
946763,0
946764,0
946765,0
946766,0
946767,0
946768,0
946769,0
946770,34
946771,0
946772,0
946773,31
946774,0
946775,0
946776,43
946777,0
946778,0
946779,0
946780,0
946781,19
946782,0
946783,0
946784,0
946785,0
946786,0
946787,0
946788,0
946789,0
946790,0
946791,0
946792,0
946793,0
946794,0
946795,0
946796,0
946797,0
946798,0
946799,0
946800,0
946801,0
946802,0
946803,0
946804,0
946805,0
946806,0
946807,0
946808,0
946809,0
946810,0
946811,0
946812,0
946813,0
946814,0
946815,0
946816,0
946817,0
946818,0
946819,21
946820,0
946821,0
946822,0
946823,0
946824,0
946825,0
946826,0
946827,0
946828,0
946829,0
946830,0
946831,0
946832,0
946833,0
946834,0
946835,0
946836,0
946837,0
946838,0
946839,0
946840,0
946841,0
946842,0
946843,0
946844,0
946845,0
946846,0
946847,0
946848,0
946849,0
946850,0
946851,0
946852,0
946853,0
946854,0
946855,0
946856,0
946857,0
946858,0
946859,0
946860,0
946861,0
946862,0
946863,0
946864,0
946865,0
946866,0
946867,0
946868,0
946869,0
946870,0
946871,0
946872,0
946873,0
946874,0
946875,0
946876,0
946877,0
946878,0
946879,0
946880,0
946881,24
946882,0
946883,0
946884,0
946885,0
946886,0
946887,0
946888,0
946889,0
946890,0
946891,0
946892,0
946893,0
946894,0
946895,0
946896,0
946897,0
946898,0
946899,0
946900,0
946901,0
946902,0
946903,0
946904,0
946905,0
946906,0
946907,0
946908,0
946909,0
946910,0
946911,0
946912,0
946913,28
946914,0
946915,0
946916,0
946917,0
946918,0
946919,0
946920,28
946921,0
946922,0
946923,0
946924,0
946925,0
946926,0
946927,0
946928,0
946929,16
946930,0
946931,0
946932,0
946933,0
946934,0
946935,0
946936,0
946937,0
946938,0
946939,0
946940,0
946941,0
946942,0
946943,0
946944,0
946945,0
946946,0
946947,0
946948,0
946949,0
946950,0
946951,0
946952,0
946953,23
946954,0
946955,0
946956,0
946957,0
946958,0
946959,0
946960,0
946961,0
946962,0
946963,0
946964,0
946965,0
946966,0
946967,0
946968,18
946969,0
946970,0
946971,0
946972,0
946973,0
946974,0
946975,14
946976,18
946977,0
946978,0
946979,0
946980,0
946981,0
946982,0
946983,0
946984,0
946985,0
946986,0
946987,0
946988,0
946989,0
946990,0
946991,0
946992,0
946993,0
946994,0
946995,0
946996,0
946997,0
946998,20
946999,0
947000,0
947001,0
947002,0
947003,0
947004,0
947005,0
947006,0
947007,0
947008,0
947009,0
947010,0
947011,0
947012,0
947013,0
947014,0
947015,0
947016,0
947017,0
947018,21
947019,0
947020,0
947021,0
947022,0
947023,0
947024,0
947025,0
947026,0
947027,0
947028,0
947029,0
947030,0
947031,0
947032,0
947033,0
947034,0
947035,0
947036,0
947037,0
947038,0
947039,0
947040,0
947041,0
947042,0
947043,0
947044,0
947045,0
947046,0
947047,0
947048,0
947049,0
947050,0
947051,0
947052,0
947053,0
947054,0
947055,0
947056,0
947057,0
947058,0
947059,0
947060,0
947061,0
947062,0
947063,0
947064,0
947065,0
947066,0
947067,0
947068,0
947069,0
947070,0
947071,0
947072,0
947073,0
947074,0
947075,0
947076,0
947077,0
947078,21
947079,0
947080,0
947081,0
947082,0
947083,6
947084,7
947085,0
947086,17
947087,0
947088,0
947089,0
947090,14
947091,0
947092,0
947093,0
947094,0
947095,12
947096,12
947097,0
947098,0
947099,0
947100,0
947101,0
947102,0
947103,0
947104,0
947105,0
947106,0
947107,0
947108,0
947109,20
947110,0
947111,10
947112,0
947113,0
947114,0
947115,0
947116,0
947117,0
947118,0
947119,0
947120,21
947121,0
947122,0
947123,0
947124,0
947125,0
947126,0
947127,0
947128,0
947129,0
947130,9
947131,0
947132,0
947133,0
947134,0
947135,0
947136,0
947137,0
947138,0
947139,0
947140,23
947141,0
947142,0
947143,0
947144,0
947145,0
947146,0
947147,10
947148,24
947149,0
947150,12
947151,0
947152,0
947153,0
947154,20
947155,16
947156,14
947157,0
947158,0
947159,0
947160,0
947161,18
947162,0
947163,0
947164,0
947165,0
947166,8
947167,0
947168,0
947169,0
947170,14
947171,0
947172,0
947173,0
947174,17
947175,24
947176,17
947177,0
947178,0
947179,14
947180,21
947181,0
947182,22
947183,27
947184,16
947185,19
947186,15
947187,0
947188,0
947189,0
947190,0
947191,0
947192,0
947193,15
947194,0
947195,0
947196,0
947197,0
947198,0
947199,0
947200,11
947201,0
947202,0
947203,0
947204,0
947205,14
947206,0
947207,18
947208,0
947209,0
947210,0
947211,0
947212,20
947213,0
947214,19
947215,0
947216,0
947217,0
947218,23
947219,0
947220,23
947221,0
947222,11
947223,12
947224,16
947225,0
947226,7
947227,0
947228,12
947229,17
947230,0
947231,0
947232,13
947233,0
947234,14
947235,0
947236,17
947237,0
947238,0
947239,0
947240,16
947241,18
947242,0
947243,0
947244,0
947245,0
947246,14
947247,0
947248,21
947249,26
947250,0
947251,0
947252,0
947253,0
947254,20
947255,0
947256,0
947257,0
947258,0
947259,20
947260,0
947261,0
947262,16
947263,0
947264,22
947265,0
947266,0
947267,0
947268,0
947269,0
947270,0
947271,0
947272,0
947273,0
947274,0
947275,0
947276,0
947277,0
947278,0
947279,0
947280,14
947281,0
947282,24
947283,0
947284,0
947285,0
947286,0
947287,0
947288,0
947289,19
947290,0
947291,0
947292,0
947293,0
947294,0
947295,0
947296,0
947297,0
947298,0
947299,19
947300,0
947301,0
947302,14
947303,15
947304,0
947305,21
947306,15
947307,18
947308,26
947309,0
947310,0
947311,0
947312,0
947313,0
947314,0
947315,0
947316,9
947317,9
947318,24
947319,0
947320,0
947321,0
947322,0
947323,20
947324,0
947325,8
947326,20
947327,0
947328,0
947329,10
947330,0
947331,0
947332,8
947333,0
947334,0
947335,0
947336,0
947337,0
947338,23
947339,0
947340,0
947341,0
947342,11
947343,19
947344,0
947345,23
947346,0
947347,0
947348,20
947349,0
947350,0
947351,0
947352,0
947353,0
947354,20
947355,0
947356,0
947357,0
947358,12
947359,0
947360,0
947361,20
947362,0
947363,14
947364,18
947365,0
947366,11
947367,0
947368,0
947369,0
947370,0
947371,21
947372,0
947373,0
947374,0
947375,0
947376,0
947377,0
947378,0
947379,20
947380,15
947381,0
947382,18
947383,0
947384,0
947385,0
947386,0
947387,0
947388,0
947389,0
947390,0
947391,0
947392,17
947393,0
947394,0
947395,0
947396,0
947397,0
947398,0
947399,17
947400,16
947401,0
947402,14
947403,0
947404,0
947405,0
947406,0
947407,0
947408,13
947409,20
947410,0
947411,0
947412,0
947413,0
947414,0
947415,0
947416,0
947417,0
947418,0
947419,0
947420,0
947421,0
947422,0
947423,0
947424,0
947425,18
947426,0
947427,21
947428,0
947429,0
947430,14
947431,0
947432,0
947433,0
947434,0
947435,0
947436,0
947437,0
947438,0
947439,0
947440,0
947441,0
947442,18
947443,24
947444,0
947445,14
947446,0
947447,9
947448,0
947449,0
947450,0
947451,0
947452,0
947453,12
947454,21
947455,0
947456,0
947457,0
947458,0
947459,8
947460,0
947461,18
947462,12
947463,0
947464,0
947465,0
947466,0
947467,18
947468,0
947469,0
947470,0
947471,17
947472,18
947473,0
947474,0
947475,0
947476,11
947477,16
947478,0
947479,0
947480,0
947481,0
947482,25
947483,0
947484,0
947485,0
947486,0
947487,0
947488,0
947489,14
947490,11
947491,20
947492,14
947493,0
947494,0
947495,10
947496,0
947497,15
947498,0
947499,14
947500,0
947501,0
947502,0
947503,0
947504,0
947505,0
947506,0
947507,0
947508,14
947509,0
947510,0
947511,0
947512,0
947513,0
947514,0
947515,15
947516,0
947517,0
947518,0
947519,0
947520,0
947521,0
947522,0
947523,0
947524,0
947525,0
947526,0
947527,0
947528,0
947529,18
947530,0
947531,0
947532,15
947533,24
947534,0
947535,0
947536,16
947537,0
947538,0
947539,0
947540,0
947541,0
947542,0
947543,0
947544,21
947545,16
947546,0
947547,0
947548,0
947549,0
947550,0
947551,0
947552,0
947553,0
947554,0
947555,0
947556,0
947557,0
947558,0
947559,0
947560,0
947561,0
947562,0
947563,0
947564,0
947565,0
947566,0
947567,0
947568,12
947569,14
947570,0
947571,0
947572,15
947573,0
947574,0
947575,8
947576,0
947577,0
947578,0
947579,24
947580,23
947581,0
947582,19
947583,0
947584,23
947585,0
947586,0
947587,0
947588,0
947589,0
947590,22
947591,0
947592,0
947593,0
947594,19
947595,0
947596,0
947597,0
947598,0
947599,0
947600,0
947601,0
947602,0
947603,11
947604,0
947605,0
947606,0
947607,0
947608,0
947609,0
947610,0
947611,0
947612,16
947613,0
947614,0
947615,0
947616,0
947617,0
947618,0
947619,22
947620,0
947621,0
947622,0
947623,0
947624,0
947625,0
947626,0
947627,13
947628,12
947629,0
947630,0
947631,0
947632,0
947633,19
947634,0
947635,0
947636,14
947637,0
947638,0
947639,0
947640,0
947641,0
947642,0
947643,0
947644,16
947645,0
947646,18
947647,0
947648,0
947649,0
947650,0
947651,0
947652,0
947653,0
947654,0
947655,0
947656,0
947657,0
947658,16
947659,0
947660,0
947661,0
947662,0
947663,0
947664,10
947665,18
947666,12
947667,0
947668,0
947669,0
947670,0
947671,0
947672,0
947673,0
947674,0
947675,13
947676,0
947677,0
947678,0
947679,0
947680,0
947681,0
947682,0
947683,0
947684,0
947685,0
947686,0
947687,0
947688,0
947689,0
947690,0
947691,0
947692,0
947693,0
947694,0
947695,0
947696,0
947697,0
947698,0
947699,0
947700,0
947701,0
947702,0
947703,0
947704,0
947705,0
947706,0
947707,0
947708,0
947709,0
947710,0
947711,0
947712,0
947713,0
947714,0
947715,0
947716,0
947717,0
947718,0
947719,0
947720,0
947721,0
947722,0
947723,0
947724,0
947725,0
947726,0
947727,0
947728,0
947729,0
947730,0
947731,0
947732,0
947733,0
947734,0
947735,0
947736,0
947737,0
947738,0
947739,0
947740,0
947741,0
947742,0
947743,0
947744,0
947745,0
947746,0
947747,0
947748,0
947749,0
947750,0
947751,0
947752,0
947753,0
947754,0
947755,0
947756,0
947757,0
947758,0
947759,0
947760,0
947761,0
947762,0
947763,0
947764,0
947765,0
947766,0
947767,0
947768,0
947769,0
947770,0
947771,0
947772,0
947773,0
947774,0
947775,0
947776,0
947777,0
947778,0
947779,0
947780,0
947781,0
947782,0
947783,0
947784,0
947785,0
947786,0
947787,0
947788,0
947789,0
947790,0
947791,0
947792,0
947793,0
947794,0
947795,0
947796,0
947797,0
947798,0
947799,0
947800,1
947801,0
947802,0
947803,0
947804,0
947805,0
947806,0
947807,0
947808,0
947809,0
947810,0
947811,0
947812,0
947813,0
947814,0
947815,0
947816,0
947817,0
947818,0
947819,0
947820,0
947821,0
947822,0
947823,0
947824,0
947825,0
947826,0
947827,0
947828,0
947829,0
947830,0
947831,0
947832,0
947833,0
947834,0
947835,0
947836,0
947837,0
947838,0
947839,0
947840,0
947841,0
947842,0
947843,0
947844,0
947845,0
947846,0
947847,0
947848,0
947849,0
947850,0
947851,0
947852,1
947853,0
947854,0
947855,0
947856,0
947857,0
947858,0
947859,0
947860,0
947861,0
947862,0
947863,0
947864,0
947865,0
947866,0
947867,0
947868,0
947869,1
947870,0
947871,0
947872,0
947873,0
947874,0
947875,0
947876,0
947877,0
947878,0
947879,0
947880,0
947881,0
947882,0
947883,0
947884,0
947885,0
947886,0
947887,0
947888,0
947889,0
947890,0
947891,0
947892,0
947893,0
947894,0
947895,0
947896,0
947897,0
947898,0
947899,0
947900,0
947901,0
947902,0
947903,0
947904,0
947905,0
947906,0
947907,0
947908,0
947909,0
947910,0
947911,0
947912,0
947913,0
947914,0
947915,0
947916,0
947917,0
947918,0
947919,0
947920,0
947921,0
947922,0
947923,0
947924,0
947925,0
947926,0
947927,0
947928,0
947929,0
947930,0
947931,0
947932,0
947933,0
947934,0
947935,0
947936,0
947937,0
947938,0
947939,0
947940,0
947941,0
947942,0
947943,0
947944,0
947945,0
947946,0
947947,0
947948,0
947949,0
947950,0
947951,0
947952,0
947953,0
947954,0
947955,0
947956,0
947957,0
947958,0
947959,0
947960,0
947961,0
947962,0
947963,0
947964,0
947965,0
947966,0
947967,0
947968,0
947969,0
947970,0
947971,0
947972,0
947973,0
947974,0
947975,0
947976,0
947977,0
947978,0
947979,0
947980,0
947981,0
947982,0
947983,0
947984,0
947985,0
947986,0
947987,0
947988,0
947989,0
947990,0
947991,0
947992,0
947993,0
947994,0
947995,0
947996,0
947997,0
947998,0
947999,0
948000,0
948001,0
948002,0
948003,0
948004,0
948005,0
948006,0
948007,0
948008,0
948009,0
948010,0
948011,0
948012,0
948013,0
948014,0
948015,0
948016,0
948017,0
948018,0
948019,0
948020,0
948021,0
948022,0
948023,0
948024,0
948025,0
948026,0
948027,0
948028,0
948029,0
948030,0
948031,0
948032,0
948033,0
948034,0
948035,0
948036,0
948037,0
948038,0
948039,0
948040,0
948041,0
948042,0
948043,0
948044,0
948045,0
948046,0
948047,0
948048,0
948049,0
948050,0
948051,0
948052,0
948053,0
948054,0
948055,0
948056,0
948057,0
948058,0
948059,0
948060,0
948061,0
948062,0
948063,0
948064,0
948065,0
948066,0
948067,0
948068,0
948069,0
948070,0
948071,0
948072,0
948073,0
948074,0
948075,0
948076,0
948077,0
948078,0
948079,0
948080,0
948081,0
948082,0
948083,0
948084,0
948085,0
948086,0
948087,0
948088,0
948089,0
948090,0
948091,0
948092,1
948093,0
948094,0
948095,0
948096,0
948097,0
948098,0
948099,0
948100,0
948101,0
948102,0
948103,0
948104,0
948105,0
948106,0
948107,0
948108,0
948109,0
948110,1
948111,0
948112,0
948113,0
948114,0
948115,0
948116,0
948117,0
948118,0
948119,0
948120,0
948121,0
948122,0
948123,0
948124,0
948125,0
948126,0
948127,0
948128,0
948129,0
948130,0
948131,0
948132,0
948133,0
948134,0
948135,0
948136,0
948137,0
948138,0
948139,0
948140,0
948141,0
948142,0
948143,0
948144,0
948145,0
948146,0
948147,0
948148,0
948149,0
948150,0
948151,0
948152,0
948153,0
948154,0
948155,0
948156,0
948157,0
948158,0
948159,0
948160,0
948161,0
948162,0
948163,0
948164,0
948165,0
948166,0
948167,0
948168,0
948169,0
948170,0
948171,0
948172,0
948173,0
948174,0
948175,0
948176,0
948177,0
948178,0
948179,0
948180,0
948181,0
948182,0
948183,0
948184,0
948185,0
948186,0
948187,0
948188,0
948189,0
948190,0
948191,0
948192,0
948193,0
948194,0
948195,0
948196,0
948197,0
948198,0
948199,0
948200,0
948201,0
948202,0
948203,0
948204,0
948205,0
948206,0
948207,0
948208,0
948209,0
948210,0
948211,0
948212,0
948213,0
948214,0
948215,0
948216,0
948217,0
948218,0
948219,0
948220,0
948221,0
948222,0
948223,0
948224,0
948225,0
948226,0
948227,0
948228,0
948229,1
948230,0
948231,0
948232,0
948233,0
948234,0
948235,0
948236,0
948237,0
948238,0
948239,0
948240,0
948241,0
948242,0
948243,0
948244,0
948245,0
948246,0
948247,0
948248,0
948249,0
948250,0
948251,0
948252,0
948253,0
948254,0
948255,0
948256,0
948257,0
948258,0
948259,0
948260,0
948261,0
948262,0
948263,0
948264,0
948265,0
948266,1
948267,0
948268,0
948269,0
948270,0
948271,0
948272,0
948273,0
948274,0
948275,0
948276,0
948277,0
948278,0
948279,0
948280,0
948281,0
948282,0
948283,0
948284,0
948285,0
948286,0
948287,0
948288,0
948289,0
948290,0
948291,0
948292,0
948293,0
948294,0
948295,0
948296,0
948297,0
948298,0
948299,0
948300,0
948301,0
948302,0
948303,0
948304,0
948305,0
948306,0
948307,0
948308,0
948309,0
948310,0
948311,0
948312,0
948313,0
948314,0
948315,0
948316,0
948317,0
948318,0
948319,0
948320,0
948321,0
948322,0
948323,0
948324,0
948325,0
948326,0
948327,0
948328,0
948329,0
948330,0
948331,0
948332,0
948333,0
948334,0
948335,0
948336,0
948337,0
948338,0
948339,0
948340,0
948341,0
948342,0
948343,0
948344,0
948345,0
948346,0
948347,0
948348,0
948349,0
948350,0
948351,0
948352,0
948353,0
948354,0
948355,0
948356,0
948357,0
948358,0
948359,0
948360,0
948361,0
948362,0
948363,0
948364,0
948365,0
948366,0
948367,0
948368,0
948369,0
948370,0
948371,0
948372,0
948373,0
948374,0
948375,0
948376,0
948377,0
948378,0
948379,0
948380,0
948381,0
948382,0
948383,0
948384,0
948385,0
948386,0
948387,0
948388,0
948389,0
948390,0
948391,0
948392,0
948393,0
948394,0
948395,0
948396,0
948397,0
948398,0
948399,0
948400,0
948401,0
948402,0
948403,0
948404,1
948405,0
948406,0
948407,0
948408,0
948409,0
948410,0
948411,1
948412,0
948413,0
948414,0
948415,0
948416,0
948417,0
948418,0
948419,0
948420,0
948421,0
948422,0
948423,0
948424,0
948425,0
948426,0
948427,0
948428,0
948429,0
948430,0
948431,0
948432,0
948433,0
948434,0
948435,0
948436,0
948437,0
948438,0
948439,0
948440,0
948441,0
948442,0
948443,0
948444,0
948445,0
948446,1
948447,0
948448,1
948449,0
948450,0
948451,0
948452,0
948453,0
948454,0
948455,0
948456,0
948457,0
948458,0
948459,0
948460,0
948461,0
948462,0
948463,0
948464,0
948465,0
948466,0
948467,0
948468,0
948469,0
948470,0
948471,0
948472,0
948473,0
948474,0
948475,0
948476,0
948477,0
948478,0
948479,0
948480,0
948481,0
948482,0
948483,0
948484,0
948485,0
948486,0
948487,0
948488,0
948489,0
948490,0
948491,0
948492,0
948493,0
948494,0
948495,0
948496,0
948497,0
948498,0
948499,0
948500,0
948501,0
948502,0
948503,0
948504,0
948505,0
948506,0
948507,0
948508,0
948509,0
948510,0
948511,0
948512,0
948513,0
948514,0
948515,0
948516,0
948517,0
948518,0
948519,0
948520,0
948521,0
948522,0
948523,0
948524,0
948525,0
948526,0
948527,0
948528,0
948529,0
948530,0
948531,0
948532,0
948533,0
948534,0
948535,0
948536,0
948537,0
948538,0
948539,0
948540,0
948541,0
948542,0
948543,0
948544,0
948545,0
948546,0
948547,0
948548,0
948549,0
948550,0
948551,0
948552,0
948553,0
948554,0
948555,0
948556,0
948557,0
948558,0
948559,0
948560,0
948561,0
948562,0
948563,0
948564,0
948565,0
948566,0
948567,0
948568,0
948569,0
948570,0
948571,0
948572,0
948573,0
948574,0
948575,0
948576,0
948577,0
948578,0
948579,0
948580,0
948581,0
948582,0
948583,0
948584,0
948585,0
948586,30
948587,0
948588,0
948589,0
948590,0
948591,42
948592,0
948593,0
948594,0
948595,0
948596,0
948597,0
948598,0
948599,0
948600,0
948601,0
948602,0
948603,57
948604,0
948605,0
948606,0
948607,21
948608,0
948609,25
948610,0
948611,0
948612,0
948613,0
948614,0
948615,0
948616,0
948617,0
948618,34
948619,17
948620,0
948621,0
948622,24
948623,0
948624,0
948625,8
948626,0
948627,39
948628,0
948629,0
948630,0
948631,0
948632,0
948633,0
948634,0
948635,0
948636,15
948637,0
948638,0
948639,0
948640,0
948641,0
948642,0
948643,0
948644,0
948645,0
948646,0
948647,0
948648,0
948649,0
948650,0
948651,0
948652,0
948653,0
948654,0
948655,0
948656,0
948657,0
948658,0
948659,0
948660,0
948661,35
948662,0
948663,0
948664,0
948665,0
948666,0
948667,0
948668,0
948669,0
948670,0
948671,0
948672,0
948673,0
948674,0
948675,0
948676,0
948677,0
948678,0
948679,0
948680,0
948681,0
948682,0
948683,0
948684,0
948685,0
948686,0
948687,0
948688,0
948689,0
948690,0
948691,0
948692,0
948693,0
948694,0
948695,0
948696,0
948697,0
948698,0
948699,0
948700,0
948701,27
948702,0
948703,0
948704,0
948705,0
948706,0
948707,0
948708,37
948709,0
948710,33
948711,0
948712,0
948713,0
948714,0
948715,0
948716,0
948717,0
948718,0
948719,34
948720,0
948721,0
948722,0
948723,0
948724,13
948725,0
948726,0
948727,0
948728,0
948729,0
948730,0
948731,0
948732,0
948733,0
948734,0
948735,32
948736,0
948737,0
948738,16
948739,0
948740,16
948741,0
948742,37
948743,0
948744,19
948745,0
948746,7
948747,0
948748,0
948749,0
948750,0
948751,0
948752,0
948753,0
948754,0
948755,0
948756,20
948757,0
948758,0
948759,0
948760,0
948761,0
948762,0
948763,22
948764,0
948765,0
948766,0
948767,0
948768,0
948769,0
948770,0
948771,15
948772,0
948773,16
948774,0
948775,0
948776,0
948777,0
948778,0
948779,0
948780,0
948781,34
948782,0
948783,0
948784,0
948785,0
948786,0
948787,0
948788,0
948789,0
948790,0
948791,0
948792,0
948793,0
948794,0
948795,0
948796,0
948797,0
948798,0
948799,0
948800,33
948801,23
948802,19
948803,0
948804,0
948805,0
948806,0
948807,30
948808,0
948809,0
948810,0
948811,0
948812,0
948813,0
948814,0
948815,28
948816,23
948817,20
948818,0
948819,0
948820,0
948821,0
948822,0
948823,0
948824,0
948825,0
948826,0
948827,12
948828,24
948829,0
948830,0
948831,0
948832,0
948833,31
948834,0
948835,23
948836,0
948837,0
948838,0
948839,0
948840,35
948841,0
948842,0
948843,0
948844,0
948845,0
948846,0
948847,0
948848,0
948849,0
948850,0
948851,23
948852,0
948853,0
948854,38
948855,0
948856,0
948857,0
948858,15
948859,0
948860,0
948861,0
948862,0
948863,0
948864,0
948865,19
948866,0
948867,0
948868,0
948869,0
948870,31
948871,0
948872,0
948873,0
948874,0
948875,0
948876,0
948877,0
948878,0
948879,0
948880,0
948881,0
948882,0
948883,0
948884,0
948885,0
948886,0
948887,0
948888,0
948889,0
948890,28
948891,0
948892,0
948893,0
948894,16
948895,0
948896,0
948897,0
948898,0
948899,0
948900,17
948901,0
948902,0
948903,0
948904,0
948905,25
948906,0
948907,0
948908,49
948909,0
948910,0
948911,0
948912,0
948913,0
948914,22
948915,0
948916,0
948917,0
948918,30
948919,0
948920,0
948921,19
948922,0
948923,7
948924,18
948925,18
948926,0
948927,0
948928,0
948929,0
948930,0
948931,0
948932,0
948933,17
948934,30
948935,0
948936,0
948937,0
948938,0
948939,0
948940,0
948941,0
948942,0
948943,0
948944,0
948945,0
948946,0
948947,0
948948,0
948949,0
948950,25
948951,26
948952,0
948953,0
948954,0
948955,0
948956,0
948957,0
948958,11
948959,0
948960,17
948961,0
948962,0
948963,13
948964,0
948965,0
948966,0
948967,0
948968,45
948969,0
948970,0
948971,0
948972,0
948973,0
948974,0
948975,0
948976,0
948977,0
948978,0
948979,0
948980,0
948981,0
948982,0
948983,0
948984,0
948985,0
948986,0
948987,0
948988,0
948989,0
948990,0
948991,0
948992,0
948993,42
948994,0
948995,0
948996,0
948997,0
948998,0
948999,0
949000,0
949001,0
949002,0
949003,36
949004,0
949005,0
949006,43
949007,0
949008,0
949009,0
949010,0
949011,0
949012,0
949013,0
949014,37
949015,0
949016,0
949017,0
949018,0
949019,0
949020,0
949021,17
949022,0
949023,0
949024,0
949025,0
949026,0
949027,0
949028,0
949029,0
949030,0
949031,0
949032,0
949033,0
949034,18
949035,0
949036,0
949037,0
949038,0
949039,0
949040,0
949041,0
949042,0
949043,0
949044,25
949045,0
949046,35
949047,0
949048,0
949049,0
949050,0
949051,0
949052,0
949053,0
949054,29
949055,0
949056,0
949057,0
949058,0
949059,0
949060,0
949061,0
949062,0
949063,0
949064,0
949065,0
949066,0
949067,45
949068,0
949069,0
949070,0
949071,0
949072,0
949073,0
949074,0
949075,0
949076,16
949077,0
949078,0
949079,0
949080,0
949081,0
949082,14
949083,0
949084,32
949085,0
949086,0
949087,0
949088,0
949089,0
949090,0
949091,32
949092,34
949093,0
949094,0
949095,0
949096,0
949097,20
949098,0
949099,0
949100,16
949101,0
949102,0
949103,0
949104,0
949105,0
949106,0
949107,0
949108,0
949109,26
949110,0
949111,18
949112,14
949113,0
949114,0
949115,0
949116,33
949117,0
949118,0
949119,0
949120,0
949121,0
949122,0
949123,0
949124,40
949125,0
949126,0
949127,0
949128,0
949129,0
949130,0
949131,0
949132,0
949133,0
949134,18
949135,0
949136,0
949137,14
949138,44
949139,0
949140,0
949141,36
949142,0
949143,0
949144,0
949145,0
949146,0
949147,0
949148,0
949149,0
949150,14
949151,0
949152,0
949153,22
949154,0
949155,0
949156,0
949157,0
949158,0
949159,0
949160,0
949161,0
949162,0
949163,0
949164,0
949165,0
949166,0
949167,0
949168,0
949169,0
949170,21
949171,0
949172,0
949173,0
949174,0
949175,0
949176,0
949177,0
949178,0
949179,0
949180,0
949181,0
949182,0
949183,0
949184,1
949185,0
949186,0
949187,0
949188,0
949189,0
949190,0
949191,1
949192,0
949193,0
949194,0
949195,0
949196,0
949197,0
949198,0
949199,0
949200,0
949201,0
949202,0
949203,0
949204,0
949205,3
949206,0
949207,0
949208,0
949209,0
949210,0
949211,0
949212,0
949213,0
949214,0
949215,0
949216,0
949217,0
949218,0
949219,0
949220,1
949221,0
949222,3
949223,0
949224,0
949225,0
949226,3
949227,0
949228,0
949229,0
949230,0
949231,2
949232,1
949233,0
949234,0
949235,0
949236,1
949237,0
949238,4
949239,0
949240,0
949241,0
949242,0
949243,0
949244,0
949245,0
949246,0
949247,1
949248,0
949249,0
949250,0
949251,3
949252,0
949253,2
949254,0
949255,0
949256,0
949257,0
949258,0
949259,0
949260,0
949261,0
949262,0
949263,0
949264,0
949265,0
949266,0
949267,0
949268,0
949269,0
949270,0
949271,0
949272,1
949273,0
949274,0
949275,0
949276,0
949277,0
949278,0
949279,0
949280,0
949281,0
949282,0
949283,0
949284,0
949285,0
949286,4
949287,0
949288,0
949289,0
949290,0
949291,0
949292,0
949293,0
949294,0
949295,0
949296,0
949297,0
949298,0
949299,0
949300,0
949301,0
949302,0
949303,1
949304,0
949305,1
949306,0
949307,0
949308,0
949309,0
949310,0
949311,0
949312,0
949313,0
949314,0
949315,0
949316,0
949317,2
949318,1
949319,0
949320,0
949321,0
949322,0
949323,0
949324,3
949325,6
949326,0
949327,0
949328,0
949329,3
949330,3
949331,0
949332,0
949333,0
949334,2
949335,0
949336,0
949337,0
949338,0
949339,0
949340,0
949341,0
949342,3
949343,0
949344,1
949345,0
949346,1
949347,0
949348,0
949349,0
949350,0
949351,1
949352,0
949353,0
949354,0
949355,0
949356,0
949357,0
949358,0
949359,0
949360,1
949361,1
949362,0
949363,0
949364,0
949365,0
949366,0
949367,3
949368,0
949369,0
949370,0
949371,3
949372,0
949373,0
949374,0
949375,0
949376,0
949377,0
949378,0
949379,0
949380,1
949381,0
949382,0
949383,0
949384,0
949385,0
949386,0
949387,0
949388,0
949389,4
949390,0
949391,2
949392,0
949393,0
949394,1
949395,0
949396,0
949397,0
949398,0
949399,0
949400,0
949401,0
949402,1
949403,0
949404,0
949405,0
949406,0
949407,0
949408,0
949409,0
949410,2
949411,1
949412,0
949413,0
949414,0
949415,0
949416,1
949417,0
949418,0
949419,0
949420,0
949421,0
949422,0
949423,0
949424,0
949425,0
949426,0
949427,0
949428,0
949429,0
949430,1
949431,0
949432,0
949433,0
949434,0
949435,0
949436,0
949437,0
949438,0
949439,0
949440,0
949441,2
949442,0
949443,0
949444,0
949445,0
949446,0
949447,0
949448,0
949449,0
949450,0
949451,0
949452,0
949453,0
949454,0
949455,0
949456,0
949457,0
949458,0
949459,0
949460,0
949461,0
949462,1
949463,0
949464,0
949465,0
949466,0
949467,0
949468,0
949469,0
949470,0
949471,0
949472,0
949473,0
949474,0
949475,1
949476,0
949477,0
949478,2
949479,0
949480,0
949481,0
949482,0
949483,0
949484,0
949485,0
949486,0
949487,0
949488,0
949489,0
949490,3
949491,0
949492,0
949493,0
949494,0
949495,4
949496,0
949497,0
949498,0
949499,1
949500,0
949501,0
949502,0
949503,0
949504,0
949505,2
949506,0
949507,0
949508,0
949509,0
949510,0
949511,0
949512,0
949513,0
949514,0
949515,0
949516,0
949517,0
949518,0
949519,0
949520,1
949521,0
949522,0
949523,0
949524,0
949525,0
949526,1
949527,0
949528,0
949529,1
949530,0
949531,0
949532,1
949533,0
949534,0
949535,0
949536,0
949537,0
949538,0
949539,0
949540,3
949541,0
949542,0
949543,0
949544,1
949545,0
949546,0
949547,0
949548,2
949549,0
949550,2
949551,0
949552,0
949553,0
949554,1
949555,0
949556,1
949557,0
949558,0
949559,0
949560,0
949561,3
949562,1
949563,1
949564,0
949565,0
949566,0
949567,0
949568,2
949569,0
949570,0
949571,0
949572,0
949573,0
949574,0
949575,0
949576,0
949577,5
949578,0
949579,0
949580,0
949581,0
949582,0
949583,0
949584,0
949585,0
949586,0
949587,0
949588,0
949589,0
949590,0
949591,0
949592,0
949593,0
949594,0
949595,0
949596,0
949597,1
949598,0
949599,0
949600,0
949601,0
949602,6
949603,0
949604,1
949605,1
949606,0
949607,0
949608,0
949609,0
949610,0
949611,0
949612,0
949613,0
949614,0
949615,0
949616,1
949617,1
949618,0
949619,0
949620,0
949621,0
949622,0
949623,0
949624,0
949625,0
949626,0
949627,0
949628,0
949629,0
949630,0
949631,0
949632,0
949633,0
949634,0
949635,0
949636,0
949637,0
949638,0
949639,0
949640,0
949641,0
949642,0
949643,0
949644,5
949645,0
949646,0
949647,2
949648,0
949649,0
949650,0
949651,3
949652,6
949653,0
949654,0
949655,0
949656,0
949657,3
949658,3
949659,0
949660,0
949661,3
949662,0
949663,0
949664,0
949665,2
949666,0
949667,0
949668,0
949669,0
949670,0
949671,3
949672,3
949673,0
949674,0
949675,0
949676,1
949677,0
949678,0
949679,0
949680,0
949681,0
949682,0
949683,0
949684,0
949685,0
949686,0
949687,0
949688,0
949689,1
949690,2
949691,1
949692,0
949693,0
949694,1
949695,0
949696,0
949697,1
949698,0
949699,0
949700,0
949701,0
949702,0
949703,0
949704,0
949705,0
949706,0
949707,0
949708,1
949709,0
949710,0
949711,0
949712,0
949713,0
949714,0
949715,0
949716,3
949717,0
949718,1
949719,0
949720,0
949721,0
949722,1
949723,0
949724,0
949725,0
949726,3
949727,0
949728,2
949729,0
949730,0
949731,0
949732,0
949733,3
949734,0
949735,0
949736,0
949737,0
949738,0
949739,0
949740,0
949741,0
949742,0
949743,2
949744,0
949745,0
949746,1
949747,0
949748,1
949749,0
949750,1
949751,0
949752,0
949753,0
949754,0
949755,0
949756,0
949757,1
949758,1
949759,0
949760,0
949761,1
949762,0
949763,1
949764,0
949765,0
949766,0
949767,0
949768,0
949769,1
949770,0
949771,0
949772,0
949773,2
949774,0
949775,1
949776,0
949777,0
949778,1
949779,0
949780,0
949781,0
949782,0
949783,0
949784,0
949785,0
949786,0
949787,0
949788,0
949789,0
949790,0
949791,0
949792,0
949793,0
949794,3
949795,0
949796,0
949797,0
949798,2
949799,0
949800,0
949801,0
949802,0
949803,1
949804,0
949805,0
949806,0
949807,2
949808,0
949809,0
949810,0
949811,2
949812,3
949813,0
949814,1
949815,0
949816,1
949817,0
949818,0
949819,0
949820,0
949821,2
949822,0
949823,0
949824,0
949825,0
949826,0
949827,0
949828,0
949829,0
949830,0
949831,0
949832,0
949833,0
949834,0
949835,0
949836,0
949837,0
949838,0
949839,0
949840,0
949841,0
949842,0
949843,1
949844,0
949845,0
949846,0
949847,0
949848,0
949849,0
949850,0
949851,0
949852,0
949853,0
949854,0
949855,0
949856,0
949857,0
949858,0
949859,0
949860,0
949861,0
949862,0
949863,0
949864,0
949865,0
949866,0
949867,0
949868,0
949869,0
949870,0
949871,0
949872,0
949873,0
949874,0
949875,0
949876,0
949877,0
949878,0
949879,0
949880,0
949881,0
949882,0
949883,0
949884,0
949885,0
949886,0
949887,0
949888,0
949889,0
949890,0
949891,0
949892,0
949893,0
949894,0
949895,0
949896,0
949897,0
949898,0
949899,0
949900,0
949901,0
949902,0
949903,0
949904,0
949905,0
949906,0
949907,0
949908,0
949909,0
949910,0
949911,0
949912,0
949913,0
949914,0
949915,0
949916,0
949917,0
949918,0
949919,0
949920,0
949921,0
949922,0
949923,0
949924,0
949925,0
949926,0
949927,0
949928,0
949929,0
949930,0
949931,0
949932,0
949933,0
949934,0
949935,0
949936,0
949937,0
949938,0
949939,0
949940,0
949941,0
949942,0
949943,0
949944,0
949945,0
949946,0
949947,0
949948,0
949949,0
949950,0
949951,0
949952,0
949953,0
949954,0
949955,0
949956,0
949957,0
949958,0
949959,0
949960,0
949961,0
949962,0
949963,0
949964,0
949965,0
949966,0
949967,0
949968,0
949969,0
949970,0
949971,0
949972,0
949973,0
949974,0
949975,0
949976,0
949977,0
949978,0
949979,0
949980,0
949981,0
949982,0
949983,0
949984,0
949985,0
949986,0
949987,0
949988,0
949989,0
949990,0
949991,0
949992,0
949993,0
949994,0
949995,0
949996,0
949997,0
949998,0
949999,0
950000,0
950001,0
950002,0
950003,0
950004,0
950005,0
950006,0
950007,0
950008,0
950009,0
950010,0
950011,0
950012,0
950013,0
950014,0
950015,0
950016,0
950017,0
950018,0
950019,0
950020,0
950021,1
950022,0
950023,0
950024,0
950025,0
950026,0
950027,0
950028,0
950029,0
950030,0
950031,0
950032,0
950033,0
950034,0
950035,0
950036,0
950037,0
950038,0
950039,0
950040,0
950041,0
950042,0
950043,0
950044,0
950045,0
950046,0
950047,0
950048,0
950049,0
950050,0
950051,0
950052,0
950053,0
950054,0
950055,0
950056,0
950057,0
950058,0
950059,0
950060,0
950061,0
950062,0
950063,0
950064,0
950065,0
950066,1
950067,0
950068,0
950069,0
950070,0
950071,0
950072,0
950073,0
950074,0
950075,0
950076,0
950077,0
950078,0
950079,0
950080,0
950081,0
950082,0
950083,0
950084,0
950085,0
950086,0
950087,0
950088,0
950089,0
950090,0
950091,0
950092,0
950093,0
950094,0
950095,0
950096,0
950097,0
950098,0
950099,0
950100,0
950101,0
950102,0
950103,0
950104,0
950105,0
950106,0
950107,0
950108,0
950109,0
950110,0
950111,0
950112,0
950113,0
950114,0
950115,0
950116,0
950117,0
950118,0
950119,0
950120,0
950121,0
950122,0
950123,0
950124,0
950125,0
950126,0
950127,0
950128,0
950129,0
950130,0
950131,0
950132,0
950133,0
950134,0
950135,0
950136,0
950137,0
950138,0
950139,0
950140,0
950141,0
950142,0
950143,0
950144,0
950145,0
950146,0
950147,0
950148,0
950149,0
950150,0
950151,0
950152,0
950153,0
950154,0
950155,0
950156,0
950157,0
950158,0
950159,0
950160,0
950161,0
950162,0
950163,0
950164,0
950165,0
950166,0
950167,0
950168,0
950169,0
950170,0
950171,0
950172,0
950173,0
950174,0
950175,0
950176,0
950177,0
950178,0
950179,0
950180,0
950181,0
950182,0
950183,0
950184,0
950185,0
950186,0
950187,0
950188,0
950189,1
950190,0
950191,0
950192,0
950193,0
950194,0
950195,0
950196,0
950197,0
950198,0
950199,0
950200,0
950201,0
950202,0
950203,0
950204,0
950205,0
950206,0
950207,0
950208,0
950209,0
950210,0
950211,0
950212,0
950213,0
950214,0
950215,0
950216,0
950217,0
950218,0
950219,0
950220,0
950221,0
950222,0
950223,0
950224,0
950225,0
950226,0
950227,0
950228,0
950229,0
950230,0
950231,0
950232,0
950233,0
950234,0
950235,0
950236,0
950237,0
950238,0
950239,0
950240,0
950241,0
950242,0
950243,0
950244,0
950245,0
950246,0
950247,0
950248,0
950249,0
950250,0
950251,0
950252,0
950253,0
950254,0
950255,0
950256,0
950257,0
950258,0
950259,0
950260,0
950261,0
950262,0
950263,0
950264,0
950265,0
950266,0
950267,0
950268,0
950269,0
950270,0
950271,0
950272,0
950273,0
950274,0
950275,0
950276,0
950277,1
950278,0
950279,0
950280,0
950281,0
950282,0
950283,0
950284,0
950285,0
950286,0
950287,0
950288,0
950289,0
950290,0
950291,0
950292,0
950293,0
950294,0
950295,0
950296,0
950297,0
950298,0
950299,0
950300,0
950301,0
950302,0
950303,0
950304,0
950305,0
950306,0
950307,0
950308,0
950309,0
950310,0
950311,0
950312,0
950313,0
950314,0
950315,0
950316,0
950317,0
950318,0
950319,0
950320,0
950321,0
950322,0
950323,0
950324,0
950325,0
950326,0
950327,0
950328,0
950329,0
950330,0
950331,0
950332,0
950333,1
950334,0
950335,0
950336,0
950337,0
950338,0
950339,0
950340,0
950341,0
950342,0
950343,0
950344,0
950345,0
950346,0
950347,0
950348,0
950349,0
950350,0
950351,0
950352,0
950353,0
950354,0
950355,0
950356,0
950357,0
950358,0
950359,0
950360,0
950361,0
950362,0
950363,0
950364,0
950365,0
950366,0
950367,0
950368,0
950369,0
950370,0
950371,0
950372,0
950373,0
950374,0
950375,0
950376,31
950377,0
950378,21
950379,0
950380,0
950381,0
950382,27
950383,18
950384,32
950385,0
950386,0
950387,0
950388,0
950389,46
950390,0
950391,0
950392,0
950393,0
950394,0
950395,0
950396,0
950397,0
950398,0
950399,0
950400,0
950401,0
950402,0
950403,0
950404,0
950405,0
950406,0
950407,0
950408,0
950409,44
950410,0
950411,40
950412,0
950413,0
950414,0
950415,0
950416,0
950417,0
950418,0
950419,0
950420,0
950421,0
950422,0
950423,32
950424,0
950425,0
950426,0
950427,0
950428,0
950429,0
950430,0
950431,0
950432,0
950433,0
950434,0
950435,0
950436,27
950437,33
950438,0
950439,48
950440,0
950441,0
950442,52
950443,48
950444,0
950445,0
950446,0
950447,0
950448,0
950449,0
950450,0
950451,31
950452,0
950453,0
950454,0
950455,0
950456,0
950457,0
950458,0
950459,0
950460,24
950461,0
950462,0
950463,0
950464,0
950465,0
950466,0
950467,0
950468,0
950469,39
950470,41
950471,0
950472,0
950473,0
950474,0
950475,35
950476,0
950477,0
950478,0
950479,0
950480,0
950481,0
950482,0
950483,0
950484,0
950485,34
950486,0
950487,31
950488,0
950489,40
950490,0
950491,0
950492,0
950493,0
950494,0
950495,48
950496,0
950497,0
950498,0
950499,0
950500,0
950501,48
950502,42
950503,0
950504,0
950505,0
950506,0
950507,0
950508,0
950509,24
950510,0
950511,0
950512,0
950513,38
950514,32
950515,34
950516,0
950517,0
950518,0
950519,0
950520,0
950521,0
950522,29
950523,0
950524,0
950525,0
950526,0
950527,32
950528,0
950529,0
950530,0
950531,0
950532,0
950533,0
950534,38
950535,0
950536,0
950537,0
950538,0
950539,0
950540,0
950541,0
950542,0
950543,41
950544,34
950545,0
950546,0
950547,0
950548,0
950549,0
950550,0
950551,0
950552,0
950553,36
950554,38
950555,0
950556,0
950557,0
950558,0
950559,0
950560,0
950561,0
950562,0
950563,0
950564,0
950565,0
950566,0
950567,0
950568,0
950569,0
950570,0
950571,0
950572,0
950573,0
950574,0
950575,0
950576,0
950577,0
950578,0
950579,0
950580,0
950581,40
950582,0
950583,0
950584,0
950585,0
950586,0
950587,0
950588,58
950589,25
950590,0
950591,0
950592,0
950593,0
950594,26
950595,0
950596,36
950597,0
950598,38
950599,0
950600,0
950601,0
950602,0
950603,0
950604,0
950605,0
950606,0
950607,0
950608,0
950609,0
950610,0
950611,0
950612,26
950613,0
950614,43
950615,0
950616,0
950617,0
950618,0
950619,0
950620,48
950621,29
950622,0
950623,31
950624,0
950625,0
950626,0
950627,0
950628,0
950629,0
950630,0
950631,0
950632,0
950633,0
950634,35
950635,0
950636,0
950637,0
950638,0
950639,22
950640,0
950641,53
950642,0
950643,0
950644,0
950645,0
950646,0
950647,38
950648,0
950649,0
950650,0
950651,0
950652,0
950653,0
950654,0
950655,0
950656,0
950657,37
950658,0
950659,0
950660,26
950661,0
950662,0
950663,0
950664,0
950665,0
950666,0
950667,0
950668,0
950669,0
950670,0
950671,40
950672,0
950673,0
950674,38
950675,0
950676,42
950677,34
950678,0
950679,0
950680,0
950681,0
950682,0
950683,0
950684,41
950685,0
950686,0
950687,0
950688,60
950689,45
950690,0
950691,0
950692,0
950693,0
950694,41
950695,0
950696,0
950697,0
950698,0
950699,0
950700,0
950701,0
950702,0
950703,0
950704,0
950705,0
950706,0
950707,0
950708,0
950709,0
950710,0
950711,0
950712,27
950713,0
950714,0
950715,0
950716,0
950717,0
950718,0
950719,0
950720,0
950721,0
950722,0
950723,0
950724,0
950725,0
950726,0
950727,0
950728,0
950729,0
950730,0
950731,24
950732,0
950733,0
950734,0
950735,0
950736,0
950737,0
950738,0
950739,0
950740,44
950741,0
950742,0
950743,0
950744,37
950745,0
950746,31
950747,0
950748,0
950749,52
950750,42
950751,18
950752,0
950753,0
950754,0
950755,0
950756,0
950757,0
950758,25
950759,33
950760,0
950761,21
950762,0
950763,0
950764,0
950765,0
950766,0
950767,0
950768,28
950769,44
950770,0
950771,0
950772,0
950773,0
950774,27
950775,0
950776,28
950777,0
950778,0
950779,28
950780,39
950781,0
950782,0
950783,0
950784,0
950785,0
950786,0
950787,0
950788,31
950789,49
950790,0
950791,0
950792,0
950793,48
950794,0
950795,48
950796,0
950797,0
950798,0
950799,0
950800,0
950801,0
950802,36
950803,0
950804,0
950805,0
950806,0
950807,0
950808,42
950809,29
950810,0
950811,0
950812,0
950813,0
950814,0
950815,0
950816,0
950817,0
950818,54
950819,0
950820,0
950821,48
950822,0
950823,0
950824,0
950825,0
950826,0
950827,0
950828,0
950829,0
950830,0
950831,0
950832,0
950833,0
950834,0
950835,0
950836,0
950837,0
950838,0
950839,0
950840,0
950841,0
950842,29
950843,0
950844,0
950845,25
950846,38
950847,67
950848,0
950849,0
950850,0
950851,0
950852,62
950853,0
950854,0
950855,0
950856,0
950857,0
950858,0
950859,0
950860,0
950861,0
950862,0
950863,0
950864,47
950865,0
950866,0
950867,0
950868,0
950869,0
950870,0
950871,0
950872,0
950873,0
950874,0
950875,0
950876,0
950877,0
950878,0
950879,51
950880,0
950881,0
950882,0
950883,0
950884,0
950885,0
950886,46
950887,0
950888,0
950889,0
950890,0
950891,0
950892,0
950893,0
950894,0
950895,14
950896,0
950897,0
950898,0
950899,0
950900,0
950901,54
950902,0
950903,0
950904,0
950905,0
950906,0
950907,0
950908,24
950909,0
950910,0
950911,0
950912,45
950913,0
950914,0
950915,32
950916,48
950917,0
950918,0
950919,0
950920,0
950921,86
950922,0
950923,0
950924,0
950925,0
950926,35
950927,0
950928,0
950929,33
950930,0
950931,0
950932,0
950933,0
950934,0
950935,0
950936,0
950937,0
950938,0
950939,31
950940,0
950941,62
950942,0
950943,0
950944,0
950945,0
950946,0
950947,0
950948,0
950949,0
950950,25
950951,51
950952,0
950953,0
950954,0
950955,0
950956,0
950957,0
950958,0
950959,0
950960,0
950961,0
950962,41
950963,55
950964,0
950965,0
950966,36
950967,0
950968,0
950969,0
950970,0
950971,0
950972,0
950973,0
950974,0
950975,0
950976,0
950977,0
950978,29
950979,61
950980,0
950981,0
950982,24
950983,45
950984,0
950985,0
950986,35
950987,0
950988,44
950989,0
950990,0
950991,0
950992,0
950993,48
950994,0
950995,0
950996,0
950997,42
950998,0
950999,38
951000,0
951001,0
951002,0
951003,0
951004,0
951005,0
951006,0
951007,0
951008,0
951009,0
951010,55
951011,0
951012,25
951013,0
951014,0
951015,0
951016,0
951017,0
951018,0
951019,0
951020,0
951021,76
951022,0
951023,17
951024,0
951025,0
951026,0
951027,0
951028,32
951029,34
951030,0
951031,0
951032,0
951033,0
951034,0
951035,0
951036,0
951037,0
951038,0
951039,20
951040,56
951041,64
951042,10
951043,29
951044,0
951045,0
951046,0
951047,0
951048,0
951049,0
951050,0
951051,27
951052,32
951053,0
951054,0
951055,0
951056,0
951057,0
951058,41
951059,0
951060,0
951061,0
951062,0
951063,0
951064,0
951065,0
951066,0
951067,0
951068,0
951069,0
951070,0
951071,0
951072,0
951073,0
951074,0
951075,0
951076,0
951077,0
951078,21
951079,0
951080,0
951081,0
951082,0
951083,0
951084,0
951085,0
951086,33
951087,0
951088,0
951089,0
951090,0
951091,13
951092,0
951093,0
951094,29
951095,0
951096,0
951097,0
951098,0
951099,0
951100,29
951101,21
951102,0
951103,0
951104,0
951105,0
951106,0
951107,71
951108,0
951109,0
951110,0
951111,0
951112,0
951113,0
951114,0
951115,0
951116,0
951117,0
951118,0
951119,0
951120,0
951121,0
951122,0
951123,73
951124,43
951125,0
951126,0
951127,0
951128,0
951129,0
951130,0
951131,24
951132,0
951133,0
951134,0
951135,0
951136,0
951137,0
951138,0
951139,0
951140,24
951141,46
951142,27
951143,0
951144,0
951145,0
951146,0
951147,24
951148,0
951149,0
951150,0
951151,36
951152,0
951153,51
951154,0
951155,0
951156,0
951157,0
951158,0
951159,0
951160,0
951161,0
951162,0
951163,0
951164,0
951165,0
951166,0
951167,0
951168,0
951169,0
951170,24
951171,0
951172,68
951173,58
951174,0
951175,0
951176,0
951177,76
951178,25
951179,0
951180,0
951181,0
951182,0
951183,0
951184,0
951185,0
951186,0
951187,0
951188,0
951189,0
951190,0
951191,0
951192,0
951193,0
951194,0
951195,0
951196,0
951197,0
951198,39
951199,36
951200,0
951201,0
951202,0
951203,0
951204,0
951205,0
951206,0
951207,0
951208,40
951209,0
951210,0
951211,0
951212,0
951213,0
951214,0
951215,0
951216,44
951217,25
951218,0
951219,0
951220,0
951221,0
951222,0
951223,0
951224,0
951225,0
951226,0
951227,0
951228,18
951229,0
951230,29
951231,0
951232,52
951233,0
951234,49
951235,0
951236,0
951237,81
951238,0
951239,0
951240,0
951241,0
951242,49
951243,0
951244,0
951245,41
951246,0
951247,0
951248,0
951249,0
951250,0
951251,0
951252,34
951253,0
951254,0
951255,0
951256,0
951257,0
951258,0
951259,0
951260,0
951261,18
951262,28
951263,48
951264,0
951265,34
951266,29
951267,0
951268,0
951269,0
951270,34
951271,35
951272,0
951273,0
951274,0
951275,0
951276,56
951277,37
951278,53
951279,0
951280,0
951281,0
951282,0
951283,71
951284,0
951285,0
951286,0
951287,0
951288,0
951289,0
951290,0
951291,0
951292,0
951293,0
951294,33
951295,0
951296,0
951297,0
951298,0
951299,59
951300,0
951301,0
951302,17
951303,0
951304,0
951305,0
951306,0
951307,0
951308,0
951309,0
951310,0
951311,69
951312,0
951313,0
951314,0
951315,0
951316,0
951317,41
951318,22
951319,0
951320,6
951321,0
951322,0
951323,0
951324,0
951325,0
951326,25
951327,0
951328,0
951329,0
951330,56
951331,0
951332,0
951333,0
951334,0
951335,60
951336,47
951337,0
951338,31
951339,0
951340,0
951341,0
951342,0
951343,32
951344,82
951345,0
951346,0
951347,0
951348,0
951349,0
951350,0
951351,0
951352,30
951353,0
951354,32
951355,0
951356,53
951357,0
951358,0
951359,0
951360,0
951361,0
951362,0
951363,0
951364,40
951365,51
951366,38
951367,0
951368,0
951369,0
951370,0
951371,0
951372,0
951373,0
951374,0
951375,0
951376,0
951377,0
951378,0
951379,0
951380,0
951381,35
951382,0
951383,0
951384,0
951385,53
951386,0
951387,0
951388,0
951389,0
951390,0
951391,0
951392,0
951393,64
951394,42
951395,0
951396,0
951397,29
951398,0
951399,0
951400,0
951401,0
951402,0
951403,41
951404,0
951405,0
951406,0
951407,0
951408,42
951409,0
951410,33
951411,33
951412,21
951413,0
951414,0
951415,0
951416,0
951417,0
951418,0
951419,0
951420,0
951421,0
951422,0
951423,0
951424,0
951425,0
951426,0
951427,0
951428,0
951429,0
951430,0
951431,0
951432,0
951433,0
951434,44
951435,32
951436,0
951437,0
951438,0
951439,0
951440,0
951441,0
951442,0
951443,39
951444,0
951445,65
951446,0
951447,0
951448,0
951449,27
951450,0
951451,0
951452,0
951453,60
951454,0
951455,0
951456,0
951457,0
951458,0
951459,0
951460,0
951461,0
951462,0
951463,0
951464,0
951465,54
951466,0
951467,39
951468,25
951469,28
951470,0
951471,0
951472,39
951473,19
951474,0
951475,46
951476,0
951477,0
951478,28
951479,0
951480,62
951481,0
951482,30
951483,0
951484,0
951485,0
951486,0
951487,0
951488,83
951489,0
951490,30
951491,0
951492,57
951493,0
951494,0
951495,0
951496,0
951497,0
951498,69
951499,0
951500,0
951501,0
951502,54
951503,0
951504,43
951505,0
951506,0
951507,36
951508,43
951509,0
951510,48
951511,0
951512,0
951513,22
951514,38
951515,0
951516,0
951517,0
951518,0
951519,0
951520,0
951521,0
951522,0
951523,0
951524,0
951525,0
951526,0
951527,0
951528,0
951529,0
951530,0
951531,0
951532,0
951533,0
951534,0
951535,0
951536,0
951537,0
951538,31
951539,0
951540,0
951541,19
951542,0
951543,0
951544,15
951545,0
951546,0
951547,0
951548,0
951549,0
951550,0
951551,0
951552,0
951553,0
951554,0
951555,0
951556,0
951557,7
951558,0
951559,0
951560,0
951561,0
951562,0
951563,0
951564,0
951565,6
951566,0
951567,0
951568,0
951569,0
951570,0
951571,0
951572,0
951573,0
951574,0
951575,0
951576,0
951577,0
951578,0
951579,0
951580,15
951581,0
951582,0
951583,0
951584,0
951585,0
951586,0
951587,0
951588,0
951589,0
951590,0
951591,0
951592,0
951593,0
951594,0
951595,0
951596,0
951597,0
951598,0
951599,0
951600,0
951601,0
951602,0
951603,0
951604,0
951605,0
951606,0
951607,0
951608,0
951609,5
951610,0
951611,0
951612,0
951613,0
951614,0
951615,9
951616,0
951617,0
951618,0
951619,0
951620,0
951621,0
951622,13
951623,0
951624,11
951625,0
951626,0
951627,0
951628,0
951629,0
951630,0
951631,24
951632,0
951633,0
951634,0
951635,0
951636,0
951637,0
951638,0
951639,0
951640,0
951641,12
951642,0
951643,9
951644,12
951645,0
951646,0
951647,0
951648,0
951649,0
951650,0
951651,10
951652,11
951653,0
951654,0
951655,0
951656,0
951657,0
951658,0
951659,0
951660,0
951661,0
951662,0
951663,0
951664,0
951665,10
951666,0
951667,0
951668,0
951669,0
951670,8
951671,4
951672,0
951673,0
951674,0
951675,0
951676,0
951677,0
951678,0
951679,6
951680,6
951681,0
951682,0
951683,7
951684,0
951685,0
951686,16
951687,0
951688,0
951689,0
951690,0
951691,0
951692,0
951693,5
951694,8
951695,0
951696,5
951697,0
951698,0
951699,0
951700,5
951701,0
951702,5
951703,0
951704,0
951705,0
951706,5
951707,2
951708,0
951709,0
951710,0
951711,0
951712,0
951713,0
951714,0
951715,0
951716,0
951717,0
951718,0
951719,0
951720,0
951721,0
951722,0
951723,0
951724,0
951725,0
951726,0
951727,0
951728,0
951729,0
951730,0
951731,0
951732,0
951733,2
951734,0
951735,0
951736,0
951737,0
951738,0
951739,0
951740,0
951741,0
951742,9
951743,0
951744,0
951745,0
951746,0
951747,7
951748,0
951749,7
951750,0
951751,0
951752,0
951753,0
951754,0
951755,7
951756,0
951757,6
951758,0
951759,0
951760,0
951761,0
951762,0
951763,0
951764,0
951765,7
951766,0
951767,0
951768,0
951769,0
951770,0
951771,5
951772,0
951773,0
951774,0
951775,0
951776,0
951777,0
951778,0
951779,0
951780,4
951781,0
951782,0
951783,0
951784,0
951785,0
951786,0
951787,0
951788,0
951789,0
951790,0
951791,0
951792,0
951793,0
951794,0
951795,0
951796,0
951797,0
951798,8
951799,0
951800,0
951801,0
951802,0
951803,0
951804,0
951805,0
951806,0
951807,3
951808,0
951809,0
951810,11
951811,0
951812,0
951813,0
951814,0
951815,4
951816,0
951817,0
951818,0
951819,0
951820,0
951821,0
951822,0
951823,0
951824,0
951825,6
951826,0
951827,0
951828,0
951829,0
951830,2
951831,0
951832,0
951833,0
951834,0
951835,0
951836,0
951837,0
951838,0
951839,0
951840,0
951841,0
951842,0
951843,11
951844,0
951845,0
951846,0
951847,4
951848,0
951849,0
951850,8
951851,0
951852,8
951853,0
951854,4
951855,0
951856,0
951857,0
951858,0
951859,4
951860,0
951861,0
951862,0
951863,0
951864,9
951865,0
951866,0
951867,9
951868,0
951869,0
951870,0
951871,0
951872,0
951873,0
951874,4
951875,0
951876,0
951877,6
951878,0
951879,0
951880,0
951881,0
951882,0
951883,0
951884,0
951885,0
951886,0
951887,2
951888,7
951889,0
951890,0
951891,0
951892,0
951893,0
951894,8
951895,8
951896,0
951897,3
951898,0
951899,0
951900,0
951901,0
951902,0
951903,0
951904,3
951905,0
951906,2
951907,0
951908,0
951909,0
951910,0
951911,0
951912,5
951913,4
951914,9
951915,0
951916,0
951917,0
951918,0
951919,0
951920,0
951921,0
951922,11
951923,5
951924,0
951925,9
951926,0
951927,0
951928,0
951929,0
951930,0
951931,5
951932,0
951933,5
951934,7
951935,0
951936,0
951937,3
951938,0
951939,0
951940,0
951941,0
951942,0
951943,0
951944,6
951945,0
951946,2
951947,0
951948,0
951949,0
951950,0
951951,5
951952,0
951953,0
951954,0
951955,0
951956,0
951957,0
951958,0
951959,0
951960,0
951961,0
951962,0
951963,0
951964,0
951965,0
951966,0
951967,0
951968,0
951969,0
951970,5
951971,0
951972,0
951973,12
951974,0
951975,7
951976,0
951977,13
951978,4
951979,7
951980,0
951981,0
951982,0
951983,7
951984,0
951985,0
951986,0
951987,0
951988,0
951989,0
951990,0
951991,0
951992,0
951993,0
951994,0
951995,7
951996,0
951997,0
951998,11
951999,1
952000,0
952001,13
952002,0
952003,6
952004,0
952005,0
952006,0
952007,0
952008,0
952009,0
952010,4
952011,0
952012,0
952013,0
952014,10
952015,4
952016,0
952017,0
952018,0
952019,0
952020,0
952021,0
952022,7
952023,0
952024,0
952025,0
952026,0
952027,0
952028,0
952029,10
952030,0
952031,0
952032,0
952033,0
952034,4
952035,0
952036,8
952037,0
952038,5
952039,0
952040,0
952041,0
952042,0
952043,0
952044,5
952045,3
952046,0
952047,0
952048,0
952049,0
952050,0
952051,0
952052,0
952053,0
952054,0
952055,0
952056,3
952057,0
952058,0
952059,0
952060,7
952061,0
952062,7
952063,0
952064,0
952065,4
952066,0
952067,5
952068,0
952069,0
952070,0
952071,0
952072,7
952073,0
952074,0
952075,9
952076,0
952077,0
952078,0
952079,0
952080,0
952081,0
952082,0
952083,0
952084,0
952085,0
952086,0
952087,7
952088,17
952089,0
952090,0
952091,0
952092,6
952093,4
952094,0
952095,0
952096,0
952097,0
952098,0
952099,3
952100,0
952101,6
952102,0
952103,0
952104,7
952105,3
952106,0
952107,0
952108,6
952109,0
952110,0
952111,0
952112,0
952113,0
952114,0
952115,6
952116,2
952117,0
952118,0
952119,0
952120,0
952121,0
952122,0
952123,0
952124,0
952125,7
952126,0
952127,0
952128,0
952129,0
952130,0
952131,0
952132,0
952133,0
952134,0
952135,0
952136,3
952137,0
952138,6
952139,0
952140,0
952141,0
952142,0
952143,10
952144,0
952145,0
952146,0
952147,0
952148,0
952149,0
952150,10
952151,0
952152,0
952153,3
952154,10
952155,5
952156,7
952157,4
952158,0
952159,0
952160,10
952161,6
952162,0
952163,0
952164,0
952165,0
952166,0
952167,3
952168,0
952169,0
952170,0
952171,0
952172,0
952173,0
952174,0
952175,6
952176,0
952177,0
952178,6
952179,0
952180,0
952181,5
952182,0
952183,3
952184,0
952185,0
952186,0
952187,0
952188,0
952189,0
952190,0
952191,9
952192,0
952193,0
952194,0
952195,0
952196,3
952197,0
952198,0
952199,7
952200,4
952201,0
952202,0
952203,0
952204,3
952205,0
952206,0
952207,8
952208,0
952209,5
952210,0
952211,0
952212,5
952213,0
952214,0
952215,7
952216,0
952217,6
952218,6
952219,0
952220,5
952221,0
952222,0
952223,12
952224,4
952225,5
952226,0
952227,0
952228,0
952229,0
952230,7
952231,4
952232,0
952233,0
952234,0
952235,0
952236,0
952237,6
952238,0
952239,0
952240,0
952241,0
952242,4
952243,4
952244,0
952245,0
952246,6
952247,11
952248,0
952249,0
952250,4
952251,0
952252,0
952253,0
952254,0
952255,0
952256,10
952257,5
952258,0
952259,0
952260,0
952261,0
952262,7
952263,1
952264,0
952265,5
952266,0
952267,8
952268,0
952269,0
952270,0
952271,4
952272,0
952273,0
952274,4
952275,6
952276,0
952277,0
952278,6
952279,0
952280,0
952281,0
952282,0
952283,0
952284,0
952285,0
952286,9
952287,0
952288,0
952289,0
952290,0
952291,0
952292,0
952293,0
952294,0
952295,3
952296,0
952297,0
952298,0
952299,0
952300,8
952301,8
952302,0
952303,0
952304,0
952305,0
952306,0
952307,0
952308,0
952309,0
952310,0
952311,4
952312,0
952313,0
952314,0
952315,0
952316,0
952317,0
952318,0
952319,0
952320,4
952321,4
952322,0
952323,10
952324,5
952325,0
952326,0
952327,0
952328,3
952329,2
952330,0
952331,0
952332,0
952333,0
952334,5
952335,0
952336,0
952337,0
952338,0
952339,0
952340,0
952341,0
952342,0
952343,5
952344,7
952345,0
952346,0
952347,4
952348,0
952349,0
952350,0
952351,0
952352,0
952353,0
952354,0
952355,2
952356,0
952357,9
952358,0
952359,0
952360,4
952361,8
952362,0
952363,0
952364,12
952365,0
952366,9
952367,0
952368,0
952369,0
952370,0
952371,0
952372,0
952373,0
952374,8
952375,0
952376,6
952377,0
952378,0
952379,0
952380,0
952381,4
952382,0
952383,9
952384,1
952385,9
952386,0
952387,10
952388,0
952389,5
952390,0
952391,0
952392,0
952393,0
952394,0
952395,0
952396,8
952397,0
952398,4
952399,0
952400,0
952401,9
952402,0
952403,5
952404,0
952405,0
952406,2
952407,0
952408,4
952409,0
952410,0
952411,8
952412,0
952413,0
952414,0
952415,0
952416,4
952417,0
952418,0
952419,0
952420,0
952421,0
952422,0
952423,0
952424,0
952425,0
952426,0
952427,8
952428,0
952429,8
952430,0
952431,0
952432,11
952433,0
952434,0
952435,0
952436,4
952437,8
952438,0
952439,0
952440,0
952441,4
952442,0
952443,4
952444,0
952445,7
952446,5
952447,0
952448,0
952449,0
952450,0
952451,4
952452,0
952453,8
952454,0
952455,0
952456,8
952457,0
952458,0
952459,4
952460,0
952461,0
952462,2
952463,4
952464,0
952465,2
952466,3
952467,0
952468,0
952469,0
952470,0
952471,0
952472,0
952473,0
952474,7
952475,0
952476,0
952477,5
952478,0
952479,0
952480,9
952481,0
952482,0
952483,0
952484,0
952485,0
952486,0
952487,0
952488,0
952489,0
952490,0
952491,0
952492,4
952493,0
952494,0
952495,0
952496,0
952497,0
952498,0
952499,0
952500,0
952501,0
952502,0
952503,10
952504,0
952505,0
952506,0
952507,0
952508,0
952509,0
952510,0
952511,0
952512,0
952513,0
952514,0
952515,0
952516,0
952517,0
952518,0
952519,0
952520,43
952521,0
952522,44
952523,0
952524,0
952525,0
952526,0
952527,0
952528,0
952529,0
952530,0
952531,0
952532,47
952533,0
952534,0
952535,0
952536,0
952537,0
952538,0
952539,0
952540,38
952541,0
952542,40
952543,0
952544,0
952545,0
952546,0
952547,0
952548,0
952549,0
952550,0
952551,0
952552,49
952553,0
952554,0
952555,53
952556,0
952557,0
952558,0
952559,0
952560,0
952561,0
952562,46
952563,0
952564,0
952565,41
952566,0
952567,0
952568,39
952569,0
952570,27
952571,0
952572,0
952573,0
952574,29
952575,0
952576,0
952577,0
952578,0
952579,41
952580,0
952581,0
952582,0
952583,0
952584,0
952585,0
952586,0
952587,0
952588,26
952589,29
952590,0
952591,0
952592,0
952593,24
952594,0
952595,0
952596,0
952597,0
952598,0
952599,0
952600,0
952601,0
952602,0
952603,0
952604,0
952605,0
952606,0
952607,0
952608,0
952609,20
952610,21
952611,0
952612,0
952613,31
952614,0
952615,0
952616,0
952617,0
952618,19
952619,0
952620,25
952621,0
952622,0
952623,0
952624,0
952625,0
952626,0
952627,0
952628,0
952629,0
952630,14
952631,16
952632,0
952633,0
952634,0
952635,18
952636,18
952637,28
952638,0
952639,0
952640,0
952641,0
952642,0
952643,21
952644,0
952645,0
952646,0
952647,0
952648,0
952649,0
952650,0
952651,0
952652,0
952653,18
952654,0
952655,0
952656,16
952657,0
952658,0
952659,0
952660,30
952661,0
952662,0
952663,0
952664,0
952665,0
952666,0
952667,0
952668,0
952669,0
952670,20
952671,0
952672,0
952673,29
952674,0
952675,0
952676,0
952677,0
952678,0
952679,27
952680,0
952681,0
952682,0
952683,0
952684,0
952685,0
952686,0
952687,0
952688,0
952689,0
952690,0
952691,0
952692,0
952693,21
952694,0
952695,0
952696,0
952697,0
952698,0
952699,0
952700,0
952701,0
952702,0
952703,0
952704,24
952705,0
952706,0
952707,24
952708,15
952709,0
952710,0
952711,0
952712,23
952713,0
952714,0
952715,0
952716,0
952717,30
952718,0
952719,24
952720,12
952721,0
952722,25
952723,0
952724,0
952725,0
952726,27
952727,0
952728,0
952729,0
952730,0
952731,0
952732,0
952733,0
952734,0
952735,0
952736,32
952737,0
952738,0
952739,0
952740,0
952741,0
952742,0
952743,0
952744,0
952745,13
952746,0
952747,0
952748,0
952749,0
952750,25
952751,13
952752,0
952753,0
952754,15
952755,19
952756,28
952757,19
952758,0
952759,0
952760,0
952761,0
952762,0
952763,0
952764,0
952765,0
952766,0
952767,0
952768,0
952769,0
952770,0
952771,0
952772,0
952773,0
952774,0
952775,0
952776,0
952777,18
952778,0
952779,0
952780,7
952781,0
952782,0
952783,0
952784,0
952785,16
952786,32
952787,0
952788,25
952789,0
952790,0
952791,0
952792,0
952793,19
952794,0
952795,0
952796,0
952797,0
952798,0
952799,0
952800,0
952801,17
952802,0
952803,0
952804,0
952805,0
952806,24
952807,0
952808,0
952809,0
952810,0
952811,0
952812,0
952813,0
952814,0
952815,0
952816,0
952817,0
952818,0
952819,0
952820,0
952821,0
952822,24
952823,16
952824,0
952825,0
952826,25
952827,10
952828,0
952829,0
952830,0
952831,0
952832,22
952833,0
952834,25
952835,0
952836,26
952837,0
952838,0
952839,15
952840,0
952841,21
952842,0
952843,0
952844,0
952845,0
952846,0
952847,0
952848,0
952849,0
952850,0
952851,0
952852,0
952853,0
952854,0
952855,0
952856,0
952857,0
952858,0
952859,19
952860,16
952861,13
952862,0
952863,31
952864,0
952865,0
952866,0
952867,0
952868,0
952869,0
952870,0
952871,0
952872,28
952873,20
952874,0
952875,0
952876,0
952877,0
952878,28
952879,0
952880,0
952881,0
952882,33
952883,0
952884,0
952885,22
952886,0
952887,22
952888,0
952889,26
952890,0
952891,0
952892,0
952893,0
952894,0
952895,0
952896,0
952897,0
952898,0
952899,0
952900,16
952901,0
952902,34
952903,0
952904,30
952905,0
952906,0
952907,0
952908,16
952909,0
952910,0
952911,0
952912,0
952913,0
952914,0
952915,0
952916,0
952917,0
952918,30
952919,0
952920,26
952921,22
952922,0
952923,0
952924,0
952925,20
952926,0
952927,22
952928,22
952929,0
952930,0
952931,0
952932,0
952933,0
952934,0
952935,0
952936,0
952937,0
952938,31
952939,0
952940,0
952941,0
952942,0
952943,0
952944,0
952945,0
952946,0
952947,0
952948,0
952949,0
952950,17
952951,0
952952,0
952953,0
952954,0
952955,0
952956,0
952957,0
952958,23
952959,0
952960,0
952961,0
952962,0
952963,0
952964,0
952965,0
952966,0
952967,0
952968,18
952969,32
952970,0
952971,22
952972,0
952973,23
952974,0
952975,25
952976,0
952977,0
952978,0
952979,17
952980,0
952981,0
952982,0
952983,0
952984,20
952985,17
952986,0
952987,0
952988,26
952989,0
952990,0
952991,0
952992,12
952993,0
952994,24
952995,0
952996,0
952997,24
952998,0
952999,0
953000,0
953001,0
953002,0
953003,0
953004,0
953005,0
953006,0
953007,0
953008,18
953009,18
953010,22
953011,21
953012,0
953013,23
953014,16
953015,17
953016,0
953017,0
953018,0
953019,30
953020,0
953021,0
953022,0
953023,0
953024,0
953025,0
953026,0
953027,0
953028,0
953029,0
953030,38
953031,0
953032,0
953033,0
953034,0
953035,0
953036,0
953037,0
953038,0
953039,18
953040,0
953041,17
953042,0
953043,0
953044,0
953045,32
953046,0
953047,0
953048,0
953049,0
953050,0
953051,21
953052,10
953053,0
953054,0
953055,0
953056,18
953057,21
953058,0
953059,0
953060,0
953061,0
953062,0
953063,0
953064,0
953065,17
953066,0
953067,12
953068,0
953069,0
953070,0
953071,16
953072,0
953073,0
953074,0
953075,0
953076,0
953077,0
953078,0
953079,0
953080,25
953081,26
953082,19
953083,0
953084,0
953085,0
953086,0
953087,0
953088,0
953089,27
953090,0
953091,0
953092,0
953093,0
953094,0
953095,0
953096,0
953097,0
953098,18
953099,0
953100,0
953101,0
953102,23
953103,26
953104,0
953105,0
953106,0
953107,0
953108,26
953109,0
953110,27
953111,0
953112,0
953113,0
953114,0
953115,0
953116,0
953117,21
953118,0
953119,0
953120,0
953121,0
953122,18
953123,0
953124,0
953125,0
953126,0
953127,0
953128,23
953129,0
953130,0
953131,0
953132,0
953133,0
953134,0
953135,0
953136,19
953137,27
953138,0
953139,0
953140,0
953141,0
953142,29
953143,0
953144,18
953145,0
953146,14
953147,0
953148,0
953149,0
953150,25
953151,0
953152,0
953153,0
953154,0
953155,23
953156,0
953157,20
953158,26
953159,0
953160,0
953161,0
953162,0
953163,0
953164,0
953165,0
953166,0
953167,0
953168,0
953169,0
953170,0
953171,0
953172,0
953173,14
953174,0
953175,15
953176,0
953177,0
953178,0
953179,0
953180,0
953181,0
953182,0
953183,0
953184,0
953185,0
953186,0
953187,22
953188,15
953189,0
953190,0
953191,0
953192,0
953193,26
953194,0
953195,0
953196,0
953197,0
953198,0
953199,0
953200,0
953201,25
953202,0
953203,19
953204,0
953205,0
953206,0
953207,20
953208,0
953209,0
953210,0
953211,0
953212,0
953213,0
953214,0
953215,0
953216,0
953217,26
953218,19
953219,0
953220,0
953221,0
953222,0
953223,0
953224,0
953225,0
953226,0
953227,0
953228,0
953229,0
953230,20
953231,0
953232,25
953233,0
953234,0
953235,26
953236,0
953237,0
953238,21
953239,0
953240,18
953241,0
953242,0
953243,0
953244,20
953245,0
953246,0
953247,29
953248,0
953249,18
953250,0
953251,0
953252,0
953253,0
953254,25
953255,0
953256,0
953257,14
953258,0
953259,0
953260,0
953261,0
953262,0
953263,0
953264,0
953265,0
953266,0
953267,26
953268,0
953269,0
953270,33
953271,0
953272,0
953273,0
953274,0
953275,0
953276,0
953277,0
953278,0
953279,0
953280,0
953281,0
953282,0
953283,0
953284,0
953285,0
953286,0
953287,0
953288,0
953289,0
953290,0
953291,0
953292,0
953293,0
953294,18
953295,0
953296,0
953297,0
953298,0
953299,0
953300,0
953301,0
953302,0
953303,0
953304,0
953305,0
953306,0
953307,0
953308,0
953309,0
953310,0
953311,0
953312,0
953313,0
953314,0
953315,0
953316,0
953317,0
953318,0
953319,0
953320,0
953321,0
953322,0
953323,0
953324,0
953325,0
953326,0
953327,0
953328,0
953329,0
953330,0
953331,0
953332,0
953333,0
953334,0
953335,19
953336,25
953337,0
953338,0
953339,0
953340,0
953341,0
953342,0
953343,0
953344,0
953345,0
953346,0
953347,0
953348,0
953349,0
953350,0
953351,0
953352,0
953353,0
953354,0
953355,0
953356,0
953357,0
953358,0
953359,0
953360,28
953361,0
953362,0
953363,0
953364,0
953365,0
953366,0
953367,0
953368,0
953369,0
953370,0
953371,0
953372,0
953373,0
953374,0
953375,0
953376,0
953377,0
953378,0
953379,0
953380,0
953381,0
953382,0
953383,0
953384,0
953385,0
953386,0
953387,0
953388,0
953389,0
953390,0
953391,0
953392,0
953393,17
953394,0
953395,0
953396,0
953397,0
953398,0
953399,0
953400,0
953401,0
953402,0
953403,0
953404,24
953405,0
953406,0
953407,0
953408,0
953409,0
953410,0
953411,0
953412,0
953413,0
953414,0
953415,0
953416,0
953417,0
953418,0
953419,0
953420,0
953421,0
953422,0
953423,0
953424,0
953425,32
953426,0
953427,0
953428,0
953429,0
953430,0
953431,0
953432,0
953433,0
953434,0
953435,0
953436,0
953437,0
953438,22
953439,0
953440,0
953441,0
953442,0
953443,0
953444,0
953445,0
953446,23
953447,0
953448,0
953449,0
953450,0
953451,0
953452,0
953453,0
953454,0
953455,0
953456,0
953457,0
953458,0
953459,0
953460,0
953461,0
953462,0
953463,0
953464,0
953465,0
953466,0
953467,0
953468,0
953469,0
953470,0
953471,26
953472,0
953473,0
953474,0
953475,0
953476,0
953477,0
953478,0
953479,0
953480,0
953481,0
953482,0
953483,0
953484,0
953485,0
953486,0
953487,0
953488,0
953489,0
953490,0
953491,0
953492,0
953493,0
953494,0
953495,0
953496,0
953497,0
953498,0
953499,0
953500,0
953501,0
953502,0
953503,0
953504,0
953505,0
953506,0
953507,0
953508,0
953509,0
953510,0
953511,0
953512,0
953513,0
953514,0
953515,0
953516,0
953517,0
953518,0
953519,0
953520,0
953521,0
953522,0
953523,0
953524,0
953525,0
953526,0
953527,0
953528,0
953529,0
953530,0
953531,0
953532,0
953533,32
953534,0
953535,0
953536,0
953537,0
953538,0
953539,0
953540,0
953541,0
953542,0
953543,0
953544,0
953545,0
953546,0
953547,25
953548,0
953549,0
953550,0
953551,0
953552,0
953553,0
953554,0
953555,0
953556,0
953557,0
953558,0
953559,12
953560,0
953561,23
953562,0
953563,0
953564,0
953565,0
953566,0
953567,34
953568,0
953569,0
953570,0
953571,0
953572,0
953573,0
953574,0
953575,0
953576,0
953577,0
953578,0
953579,0
953580,0
953581,0
953582,0
953583,0
953584,0
953585,20
953586,0
953587,0
953588,32
953589,0
953590,0
953591,0
953592,0
953593,0
953594,0
953595,0
953596,0
953597,0
953598,0
953599,0
953600,0
953601,0
953602,0
953603,0
953604,0
953605,31
953606,0
953607,0
953608,22
953609,0
953610,0
953611,0
953612,0
953613,0
953614,33
953615,0
953616,0
953617,0
953618,0
953619,0
953620,0
953621,0
953622,0
953623,12
953624,34
953625,0
953626,29
953627,0
953628,0
953629,0
953630,0
953631,11
953632,0
953633,0
953634,0
953635,0
953636,0
953637,0
953638,0
953639,17
953640,34
953641,0
953642,0
953643,0
953644,0
953645,30
953646,27
953647,0
953648,0
953649,0
953650,0
953651,0
953652,0
953653,0
953654,0
953655,0
953656,0
953657,0
953658,0
953659,25
953660,0
953661,21
953662,0
953663,0
953664,0
953665,0
953666,0
953667,0
953668,0
953669,0
953670,0
953671,0
953672,0
953673,0
953674,27
953675,0
953676,0
953677,0
953678,0
953679,0
953680,16
953681,0
953682,0
953683,0
953684,19
953685,0
953686,0
953687,0
953688,0
953689,0
953690,0
953691,0
953692,0
953693,0
953694,0
953695,0
953696,24
953697,0
953698,17
953699,0
953700,0
953701,0
953702,0
953703,0
953704,0
953705,0
953706,0
953707,0
953708,0
953709,0
953710,0
953711,0
953712,0
953713,0
953714,27
953715,0
953716,0
953717,0
953718,0
953719,0
953720,0
953721,0
953722,0
953723,16
953724,0
953725,0
953726,0
953727,0
953728,0
953729,0
953730,0
953731,0
953732,0
953733,0
953734,0
953735,15
953736,0
953737,0
953738,0
953739,0
953740,0
953741,22
953742,0
953743,0
953744,0
953745,0
953746,0
953747,0
953748,0
953749,0
953750,0
953751,0
953752,0
953753,0
953754,0
953755,0
953756,33
953757,33
953758,0
953759,0
953760,0
953761,0
953762,0
953763,0
953764,31
953765,0
953766,0
953767,20
953768,0
953769,0
953770,36
953771,0
953772,0
953773,0
953774,0
953775,0
953776,0
953777,0
953778,0
953779,25
953780,0
953781,0
953782,0
953783,0
953784,0
953785,0
953786,0
953787,0
953788,0
953789,0
953790,0
953791,0
953792,0
953793,50
953794,0
953795,0
953796,0
953797,0
953798,0
953799,0
953800,0
953801,0
953802,0
953803,62
953804,0
953805,0
953806,0
953807,0
953808,0
953809,0
953810,0
953811,0
953812,0
953813,0
953814,0
953815,27
953816,0
953817,0
953818,0
953819,0
953820,0
953821,0
953822,0
953823,21
953824,0
953825,0
953826,0
953827,0
953828,0
953829,15
953830,0
953831,26
953832,45
953833,0
953834,0
953835,0
953836,36
953837,0
953838,0
953839,0
953840,0
953841,0
953842,0
953843,33
953844,0
953845,0
953846,0
953847,0
953848,0
953849,0
953850,0
953851,0
953852,0
953853,0
953854,36
953855,0
953856,0
953857,0
953858,0
953859,0
953860,0
953861,0
953862,0
953863,0
953864,0
953865,0
953866,0
953867,0
953868,0
953869,0
953870,0
953871,0
953872,0
953873,0
953874,0
953875,0
953876,0
953877,26
953878,0
953879,0
953880,0
953881,0
953882,0
953883,0
953884,0
953885,0
953886,0
953887,0
953888,0
953889,0
953890,0
953891,0
953892,0
953893,0
953894,0
953895,0
953896,0
953897,0
953898,0
953899,0
953900,0
953901,0
953902,0
953903,0
953904,0
953905,0
953906,30
953907,0
953908,23
953909,0
953910,0
953911,0
953912,0
953913,0
953914,0
953915,0
953916,0
953917,0
953918,0
953919,0
953920,0
953921,0
953922,0
953923,28
953924,0
953925,20
953926,0
953927,0
953928,0
953929,0
953930,0
953931,31
953932,0
953933,0
953934,23
953935,0
953936,0
953937,0
953938,0
953939,0
953940,0
953941,0
953942,0
953943,0
953944,0
953945,0
953946,0
953947,0
953948,0
953949,23
953950,0
953951,0
953952,0
953953,0
953954,0
953955,0
953956,0
953957,0
953958,0
953959,0
953960,0
953961,39
953962,0
953963,0
953964,0
953965,22
953966,0
953967,0
953968,0
953969,0
953970,47
953971,0
953972,0
953973,0
953974,15
953975,0
953976,0
953977,0
953978,0
953979,0
953980,0
953981,0
953982,0
953983,0
953984,0
953985,0
953986,0
953987,0
953988,27
953989,0
953990,0
953991,0
953992,21
953993,0
953994,0
953995,0
953996,0
953997,0
953998,0
953999,0
954000,34
954001,0
954002,0
954003,0
954004,0
954005,0
954006,0
954007,0
954008,0
954009,0
954010,0
954011,0
954012,0
954013,0
954014,0
954015,0
954016,0
954017,29
954018,33
954019,0
954020,0
954021,0
954022,0
954023,0
954024,0
954025,0
954026,0
954027,0
954028,0
954029,0
954030,17
954031,0
954032,0
954033,0
954034,0
954035,0
954036,0
954037,0
954038,0
954039,0
954040,0
954041,0
954042,9
954043,0
954044,0
954045,26
954046,0
954047,0
954048,0
954049,0
954050,0
954051,0
954052,0
954053,0
954054,20
954055,0
954056,0
954057,0
954058,0
954059,0
954060,0
954061,0
954062,0
954063,0
954064,0
954065,0
954066,0
954067,0
954068,0
954069,0
954070,0
954071,0
954072,0
954073,0
954074,0
954075,0
954076,0
954077,0
954078,0
954079,0
954080,0
954081,0
954082,0
954083,0
954084,17
954085,0
954086,0
954087,0
954088,0
954089,0
954090,0
954091,0
954092,0
954093,0
954094,0
954095,0
954096,0
954097,0
954098,0
954099,0
954100,0
954101,0
954102,0
954103,0
954104,0
954105,0
954106,0
954107,0
954108,0
954109,28
954110,20
954111,0
954112,21
954113,0
954114,0
954115,0
954116,0
954117,0
954118,0
954119,0
954120,0
954121,0
954122,0
954123,0
954124,0
954125,0
954126,0
954127,0
954128,0
954129,19
954130,0
954131,0
954132,0
954133,0
954134,0
954135,0
954136,14
954137,0
954138,0
954139,0
954140,0
954141,36
954142,0
954143,35
954144,33
954145,28
954146,0
954147,0
954148,0
954149,0
954150,0
954151,23
954152,19
954153,0
954154,0
954155,0
954156,17
954157,0
954158,0
954159,31
954160,0
954161,0
954162,0
954163,0
954164,0
954165,0
954166,0
954167,26
954168,25
954169,0
954170,0
954171,28
954172,0
954173,0
954174,0
954175,0
954176,28
954177,0
954178,26
954179,0
954180,0
954181,0
954182,0
954183,39
954184,0
954185,41
954186,0
954187,0
954188,0
954189,0
954190,0
954191,27
954192,35
954193,0
954194,0
954195,0
954196,0
954197,27
954198,0
954199,0
954200,0
954201,0
954202,0
954203,0
954204,0
954205,26
954206,23
954207,0
954208,0
954209,0
954210,22
954211,0
954212,0
954213,0
954214,0
954215,25
954216,20
954217,0
954218,25
954219,0
954220,0
954221,0
954222,0
954223,0
954224,0
954225,0
954226,0
954227,0
954228,0
954229,0
954230,0
954231,0
954232,0
954233,0
954234,0
954235,0
954236,0
954237,22
954238,0
954239,0
954240,0
954241,0
954242,0
954243,0
954244,0
954245,0
954246,0
954247,0
954248,0
954249,0
954250,0
954251,0
954252,32
954253,0
954254,0
954255,0
954256,0
954257,32
954258,0
954259,20
954260,0
954261,0
954262,20
954263,0
954264,0
954265,0
954266,0
954267,0
954268,0
954269,0
954270,0
954271,26
954272,0
954273,29
954274,0
954275,22
954276,33
954277,0
954278,0
954279,0
954280,0
954281,0
954282,0
954283,23
954284,0
954285,0
954286,23
954287,39
954288,0
954289,0
954290,24
954291,23
954292,0
954293,0
954294,0
954295,26
954296,0
954297,0
954298,0
954299,0
954300,0
954301,0
954302,0
954303,0
954304,0
954305,22
954306,0
954307,0
954308,0
954309,30
954310,0
954311,0
954312,0
954313,0
954314,0
954315,21
954316,0
954317,0
954318,35
954319,0
954320,28
954321,22
954322,0
954323,0
954324,35
954325,0
954326,0
954327,0
954328,27
954329,0
954330,0
954331,0
954332,19
954333,31
954334,0
954335,0
954336,0
954337,0
954338,0
954339,27
954340,0
954341,0
954342,0
954343,0
954344,0
954345,0
954346,0
954347,0
954348,35
954349,0
954350,23
954351,29
954352,0
954353,0
954354,0
954355,0
954356,0
954357,0
954358,0
954359,0
954360,0
954361,0
954362,0
954363,0
954364,24
954365,0
954366,21
954367,0
954368,0
954369,0
954370,0
954371,0
954372,0
954373,0
954374,0
954375,0
954376,34
954377,0
954378,31
954379,29
954380,0
954381,0
954382,0
954383,0
954384,0
954385,0
954386,0
954387,31
954388,0
954389,0
954390,0
954391,0
954392,0
954393,0
954394,24
954395,0
954396,0
954397,0
954398,0
954399,0
954400,0
954401,0
954402,0
954403,0
954404,0
954405,0
954406,0
954407,0
954408,0
954409,0
954410,35
954411,0
954412,0
954413,0
954414,0
954415,0
954416,0
954417,16
954418,0
954419,0
954420,0
954421,34
954422,0
954423,0
954424,0
954425,26
954426,23
954427,0
954428,0
954429,0
954430,35
954431,0
954432,0
954433,29
954434,25
954435,0
954436,0
954437,0
954438,0
954439,0
954440,26
954441,0
954442,0
954443,24
954444,0
954445,0
954446,20
954447,0
954448,0
954449,0
954450,0
954451,0
954452,0
954453,0
954454,0
954455,0
954456,0
954457,0
954458,24
954459,0
954460,0
954461,0
954462,0
954463,0
954464,0
954465,0
954466,0
954467,0
954468,17
954469,0
954470,24
954471,0
954472,0
954473,0
954474,0
954475,22
954476,0
954477,35
954478,0
954479,0
954480,0
954481,0
954482,24
954483,0
954484,24
954485,0
954486,0
954487,0
954488,0
954489,0
954490,0
954491,0
954492,0
954493,20
954494,29
954495,0
954496,0
954497,0
954498,0
954499,18
954500,0
954501,0
954502,25
954503,0
954504,0
954505,35
954506,0
954507,0
954508,0
954509,0
954510,19
954511,0
954512,26
954513,0
954514,0
954515,0
954516,0
954517,21
954518,0
954519,0
954520,0
954521,0
954522,0
954523,0
954524,0
954525,0
954526,0
954527,0
954528,39
954529,24
954530,0
954531,0
954532,0
954533,0
954534,0
954535,0
954536,0
954537,4
954538,0
954539,0
954540,0
954541,0
954542,0
954543,0
954544,0
954545,0
954546,0
954547,0
954548,0
954549,0
954550,0
954551,0
954552,0
954553,0
954554,0
954555,3
954556,0
954557,0
954558,0
954559,0
954560,0
954561,0
954562,0
954563,0
954564,0
954565,0
954566,0
954567,4
954568,0
954569,0
954570,0
954571,0
954572,0
954573,4
954574,0
954575,0
954576,0
954577,0
954578,0
954579,0
954580,0
954581,0
954582,0
954583,0
954584,0
954585,0
954586,0
954587,0
954588,0
954589,0
954590,0
954591,0
954592,0
954593,0
954594,0
954595,0
954596,7
954597,0
954598,0
954599,0
954600,0
954601,0
954602,0
954603,0
954604,5
954605,0
954606,0
954607,0
954608,0
954609,0
954610,0
954611,0
954612,0
954613,0
954614,0
954615,0
954616,0
954617,0
954618,0
954619,0
954620,0
954621,0
954622,0
954623,0
954624,0
954625,0
954626,0
954627,0
954628,0
954629,0
954630,0
954631,0
954632,0
954633,0
954634,0
954635,0
954636,0
954637,0
954638,0
954639,0
954640,0
954641,7
954642,3
954643,0
954644,0
954645,0
954646,0
954647,0
954648,0
954649,0
954650,0
954651,0
954652,0
954653,0
954654,0
954655,0
954656,0
954657,0
954658,0
954659,0
954660,0
954661,0
954662,0
954663,0
954664,7
954665,0
954666,8
954667,0
954668,0
954669,0
954670,0
954671,0
954672,0
954673,0
954674,0
954675,0
954676,0
954677,0
954678,0
954679,0
954680,0
954681,0
954682,0
954683,0
954684,0
954685,0
954686,0
954687,0
954688,0
954689,0
954690,0
954691,0
954692,0
954693,0
954694,0
954695,0
954696,0
954697,0
954698,0
954699,0
954700,0
954701,0
954702,0
954703,0
954704,0
954705,0
954706,0
954707,0
954708,0
954709,0
954710,0
954711,0
954712,0
954713,0
954714,0
954715,0
954716,0
954717,0
954718,0
954719,0
954720,0
954721,0
954722,0
954723,0
954724,0
954725,0
954726,9
954727,0
954728,0
954729,0
954730,0
954731,6
954732,0
954733,0
954734,0
954735,8
954736,0
954737,0
954738,0
954739,0
954740,0
954741,0
954742,0
954743,0
954744,0
954745,0
954746,0
954747,0
954748,0
954749,0
954750,0
954751,0
954752,0
954753,0
954754,0
954755,0
954756,0
954757,0
954758,0
954759,0
954760,0
954761,0
954762,0
954763,0
954764,0
954765,0
954766,0
954767,0
954768,0
954769,0
954770,0
954771,0
954772,0
954773,0
954774,0
954775,0
954776,0
954777,0
954778,0
954779,0
954780,9
954781,0
954782,0
954783,0
954784,0
954785,0
954786,0
954787,0
954788,4
954789,0
954790,0
954791,0
954792,0
954793,0
954794,0
954795,0
954796,0
954797,0
954798,0
954799,6
954800,0
954801,0
954802,0
954803,0
954804,0
954805,0
954806,0
954807,0
954808,0
954809,0
954810,0
954811,0
954812,0
954813,0
954814,0
954815,0
954816,0
954817,0
954818,0
954819,0
954820,0
954821,0
954822,0
954823,0
954824,0
954825,0
954826,0
954827,0
954828,0
954829,0
954830,0
954831,0
954832,0
954833,0
954834,0
954835,0
954836,0
954837,0
954838,0
954839,0
954840,0
954841,0
954842,0
954843,0
954844,0
954845,0
954846,0
954847,0
954848,0
954849,0
954850,0
954851,0
954852,0
954853,0
954854,0
954855,0
954856,0
954857,0
954858,0
954859,0
954860,0
954861,0
954862,0
954863,0
954864,0
954865,0
954866,0
954867,0
954868,0
954869,0
954870,0
954871,0
954872,0
954873,0
954874,4
954875,0
954876,2
954877,0
954878,0
954879,0
954880,0
954881,0
954882,0
954883,0
954884,0
954885,0
954886,0
954887,0
954888,0
954889,0
954890,0
954891,0
954892,0
954893,0
954894,0
954895,0
954896,0
954897,0
954898,0
954899,0
954900,0
954901,0
954902,0
954903,0
954904,0
954905,0
954906,0
954907,4
954908,0
954909,0
954910,0
954911,0
954912,0
954913,0
954914,0
954915,0
954916,0
954917,0
954918,0
954919,0
954920,0
954921,0
954922,0
954923,0
954924,0
954925,0
954926,0
954927,0
954928,0
954929,0
954930,0
954931,0
954932,0
954933,0
954934,0
954935,0
954936,0
954937,0
954938,0
954939,0
954940,0
954941,0
954942,0
954943,0
954944,0
954945,0
954946,0
954947,0
954948,0
954949,0
954950,0
954951,2
954952,0
954953,30
954954,0
954955,0
954956,0
954957,0
954958,0
954959,0
954960,0
954961,25
954962,0
954963,17
954964,0
954965,0
954966,0
954967,0
954968,0
954969,25
954970,18
954971,0
954972,30
954973,0
954974,23
954975,33
954976,0
954977,0
954978,32
954979,0
954980,0
954981,32
954982,0
954983,27
954984,0
954985,0
954986,33
954987,0
954988,0
954989,28
954990,0
954991,32
954992,0
954993,34
954994,0
954995,0
954996,28
954997,0
954998,0
954999,0
955000,0
955001,42
955002,0
955003,0
955004,0
955005,0
955006,0
955007,0
955008,0
955009,31
955010,0
955011,0
955012,0
955013,32
955014,0
955015,0
955016,0
955017,0
955018,17
955019,0
955020,0
955021,30
955022,0
955023,0
955024,0
955025,0
955026,0
955027,0
955028,0
955029,0
955030,0
955031,0
955032,24
955033,0
955034,0
955035,0
955036,0
955037,33
955038,0
955039,0
955040,20
955041,0
955042,0
955043,0
955044,0
955045,0
955046,0
955047,22
955048,0
955049,0
955050,0
955051,0
955052,0
955053,0
955054,20
955055,0
955056,23
955057,22
955058,0
955059,37
955060,24
955061,0
955062,0
955063,0
955064,26
955065,0
955066,0
955067,0
955068,25
955069,37
955070,17
955071,36
955072,0
955073,42
955074,0
955075,22
955076,0
955077,0
955078,0
955079,0
955080,25
955081,38
955082,0
955083,34
955084,0
955085,0
955086,0
955087,0
955088,0
955089,0
955090,0
955091,23
955092,25
955093,0
955094,0
955095,0
955096,0
955097,0
955098,0
955099,0
955100,0
955101,0
955102,0
955103,0
955104,0
955105,0
955106,0
955107,0
955108,0
955109,0
955110,0
955111,0
955112,0
955113,0
955114,45
955115,0
955116,0
955117,21
955118,27
955119,20
955120,13
955121,0
955122,0
955123,0
955124,0
955125,0
955126,0
955127,32
955128,35
955129,32
955130,0
955131,34
955132,22
955133,0
955134,0
955135,0
955136,0
955137,0
955138,35
955139,0
955140,24
955141,0
955142,0
955143,0
955144,37
955145,0
955146,0
955147,0
955148,0
955149,0
955150,26
955151,0
955152,34
955153,0
955154,0
955155,0
955156,0
955157,26
955158,0
955159,0
955160,30
955161,0
955162,0
955163,0
955164,0
955165,0
955166,30
955167,15
955168,0
955169,19
955170,26
955171,0
955172,0
955173,31
955174,0
955175,0
955176,0
955177,21
955178,39
955179,0
955180,0
955181,21
955182,0
955183,18
955184,0
955185,0
955186,26
955187,0
955188,0
955189,12
955190,0
955191,30
955192,0
955193,0
955194,0
955195,0
955196,0
955197,25
955198,36
955199,0
955200,26
955201,25
955202,0
955203,0
955204,0
955205,0
955206,0
955207,0
955208,0
955209,0
955210,0
955211,0
955212,0
955213,0
955214,0
955215,0
955216,0
955217,0
955218,36
955219,0
955220,0
955221,12
955222,23
955223,32
955224,40
955225,17
955226,0
955227,0
955228,0
955229,0
955230,0
955231,0
955232,0
955233,29
955234,26
955235,0
955236,0
955237,0
955238,18
955239,0
955240,0
955241,0
955242,0
955243,0
955244,0
955245,0
955246,25
955247,30
955248,54
955249,0
955250,34
955251,0
955252,0
955253,0
955254,0
955255,0
955256,0
955257,21
955258,0
955259,19
955260,0
955261,0
955262,0
955263,0
955264,0
955265,0
955266,0
955267,0
955268,0
955269,0
955270,28
955271,43
955272,0
955273,0
955274,29
955275,0
955276,19
955277,19
955278,25
955279,0
955280,16
955281,27
955282,0
955283,0
955284,0
955285,0
955286,0
955287,0
955288,0
955289,18
955290,27
955291,0
955292,0
955293,0
955294,0
955295,0
955296,0
955297,0
955298,0
955299,0
955300,0
955301,0
955302,18
955303,0
955304,0
955305,0
955306,25
955307,0
955308,25
955309,0
955310,0
955311,23
955312,26
955313,0
955314,0
955315,0
955316,31
955317,0
955318,0
955319,23
955320,0
955321,0
955322,31
955323,0
955324,0
955325,31
955326,0
955327,0
955328,0
955329,28
955330,0
955331,0
955332,0
955333,0
955334,0
955335,0
955336,0
955337,0
955338,0
955339,31
955340,0
955341,0
955342,20
955343,0
955344,0
955345,0
955346,0
955347,0
955348,0
955349,0
955350,0
955351,20
955352,0
955353,0
955354,18
955355,0
955356,0
955357,0
955358,32
955359,21
955360,0
955361,0
955362,0
955363,0
955364,0
955365,0
955366,0
955367,20
955368,24
955369,30
955370,0
955371,0
955372,0
955373,18
955374,0
955375,0
955376,24
955377,0
955378,0
955379,0
955380,0
955381,35
955382,0
955383,0
955384,0
955385,0
955386,36
955387,0
955388,0
955389,0
955390,23
955391,0
955392,0
955393,29
955394,0
955395,0
955396,57
955397,41
955398,0
955399,0
955400,0
955401,0
955402,12
955403,0
955404,0
955405,32
955406,20
955407,23
955408,36
955409,24
955410,0
955411,29
955412,0
955413,0
955414,0
955415,0
955416,0
955417,0
955418,0
955419,35
955420,0
955421,0
955422,0
955423,0
955424,32
955425,0
955426,27
955427,0
955428,34
955429,30
955430,0
955431,0
955432,0
955433,0
955434,0
955435,19
955436,0
955437,0
955438,0
955439,0
955440,26
955441,45
955442,21
955443,0
955444,0
955445,0
955446,0
955447,0
955448,0
955449,16
955450,0
955451,0
955452,0
955453,0
955454,0
955455,0
955456,0
955457,0
955458,0
955459,0
955460,0
955461,0
955462,0
955463,29
955464,0
955465,28
955466,0
955467,35
955468,0
955469,0
955470,0
955471,0
955472,28
955473,0
955474,0
955475,26
955476,0
955477,0
955478,0
955479,35
955480,31
955481,0
955482,0
955483,0
955484,0
955485,0
955486,0
955487,0
955488,0
955489,36
955490,31
955491,0
955492,19
955493,0
955494,0
955495,0
955496,0
955497,0
955498,0
955499,0
955500,0
955501,0
955502,21
955503,19
955504,20
955505,0
955506,0
955507,0
955508,0
955509,0
955510,0
955511,31
955512,38
955513,0
955514,0
955515,0
955516,0
955517,23
955518,0
955519,30
955520,0
955521,0
955522,0
955523,19
955524,47
955525,0
955526,28
955527,0
955528,29
955529,0
955530,0
955531,0
955532,0
955533,0
955534,0
955535,0
955536,0
955537,34
955538,15
955539,0
955540,24
955541,22
955542,29
955543,0
955544,0
955545,0
955546,0
955547,0
955548,0
955549,29
955550,0
955551,0
955552,0
955553,0
955554,0
955555,18
955556,0
955557,46
955558,0
955559,0
955560,20
955561,28
955562,0
955563,0
955564,33
955565,0
955566,0
955567,0
955568,0
955569,0
955570,0
955571,22
955572,0
955573,0
955574,0
955575,0
955576,0
955577,0
955578,39
955579,16
955580,18
955581,0
955582,0
955583,0
955584,29
955585,0
955586,0
955587,22
955588,15
955589,23
955590,39
955591,31
955592,14
955593,20
955594,0
955595,0
955596,0
955597,0
955598,0
955599,0
955600,21
955601,0
955602,0
955603,40
955604,0
955605,0
955606,0
955607,0
955608,0
955609,0
955610,0
955611,0
955612,0
955613,0
955614,0
955615,0
955616,0
955617,0
955618,0
955619,0
955620,0
955621,33
955622,0
955623,29
955624,0
955625,30
955626,48
955627,38
955628,0
955629,0
955630,0
955631,0
955632,0
955633,0
955634,0
955635,32
955636,0
955637,0
955638,26
955639,0
955640,32
955641,30
955642,0
955643,0
955644,56
955645,0
955646,0
955647,0
955648,0
955649,0
955650,26
955651,0
955652,0
955653,0
955654,0
955655,0
955656,47
955657,0
955658,0
955659,0
955660,32
955661,26
955662,0
955663,0
955664,0
955665,0
955666,0
955667,0
955668,0
955669,0
955670,0
955671,0
955672,41
955673,36
955674,0
955675,0
955676,0
955677,29
955678,0
955679,0
955680,0
955681,32
955682,0
955683,0
955684,31
955685,0
955686,0
955687,0
955688,0
955689,0
955690,0
955691,0
955692,47
955693,0
955694,0
955695,0
955696,25
955697,0
955698,0
955699,0
955700,0
955701,0
955702,0
955703,0
955704,0
955705,0
955706,0
955707,35
955708,0
955709,0
955710,0
955711,0
955712,0
955713,31
955714,0
955715,0
955716,0
955717,0
955718,38
955719,0
955720,0
955721,0
955722,0
955723,0
955724,0
955725,0
955726,0
955727,0
955728,34
955729,0
955730,0
955731,0
955732,32
955733,0
955734,0
955735,0
955736,0
955737,0
955738,37
955739,46
955740,0
955741,0
955742,0
955743,0
955744,0
955745,0
955746,36
955747,0
955748,0
955749,23
955750,25
955751,30
955752,0
955753,0
955754,0
955755,0
955756,0
955757,0
955758,0
955759,0
955760,0
955761,0
955762,0
955763,0
955764,0
955765,0
955766,0
955767,0
955768,0
955769,23
955770,0
955771,0
955772,0
955773,0
955774,25
955775,0
955776,23
955777,0
955778,0
955779,0
955780,43
955781,0
955782,26
955783,42
955784,0
955785,0
955786,0
955787,0
955788,20
955789,0
955790,0
955791,0
955792,0
955793,0
955794,0
955795,28
955796,28
955797,0
955798,0
955799,0
955800,0
955801,0
955802,0
955803,0
955804,0
955805,0
955806,0
955807,0
955808,0
955809,0
955810,19
955811,0
955812,0
955813,0
955814,0
955815,0
955816,0
955817,0
955818,24
955819,0
955820,0
955821,32
955822,0
955823,0
955824,0
955825,0
955826,0
955827,0
955828,0
955829,0
955830,0
955831,0
955832,0
955833,0
955834,0
955835,0
955836,0
955837,0
955838,0
955839,0
955840,0
955841,0
955842,0
955843,0
955844,0
955845,0
955846,25
955847,0
955848,0
955849,0
955850,0
955851,0
955852,0
955853,0
955854,37
955855,40
955856,31
955857,0
955858,0
955859,0
955860,0
955861,0
955862,0
955863,0
955864,0
955865,0
955866,0
955867,0
955868,36
955869,0
955870,0
955871,0
955872,0
955873,0
955874,41
955875,0
955876,0
955877,0
955878,0
955879,21
955880,0
955881,0
955882,0
955883,0
955884,0
955885,0
955886,0
955887,0
955888,0
955889,0
955890,0
955891,0
955892,0
955893,0
955894,0
955895,0
955896,35
955897,0
955898,0
955899,20
955900,0
955901,50
955902,0
955903,0
955904,24
955905,0
955906,0
955907,0
955908,0
955909,0
955910,26
955911,0
955912,0
955913,0
955914,0
955915,0
955916,0
955917,0
955918,0
955919,0
955920,0
955921,0
955922,0
955923,0
955924,0
955925,0
955926,0
955927,36
955928,0
955929,0
955930,0
955931,38
955932,0
955933,0
955934,0
955935,0
955936,0
955937,40
955938,0
955939,0
955940,0
955941,0
955942,0
955943,0
955944,0
955945,0
955946,36
955947,0
955948,0
955949,0
955950,0
955951,0
955952,0
955953,0
955954,42
955955,33
955956,0
955957,41
955958,0
955959,0
955960,0
955961,0
955962,0
955963,0
955964,0
955965,40
955966,0
955967,0
955968,0
955969,0
955970,0
955971,0
955972,0
955973,0
955974,0
955975,0
955976,0
955977,0
955978,0
955979,0
955980,0
955981,0
955982,0
955983,0
955984,0
955985,0
955986,0
955987,53
955988,0
955989,40
955990,0
955991,0
955992,0
955993,27
955994,0
955995,0
955996,0
955997,0
955998,0
955999,0
956000,0
956001,0
956002,0
956003,0
956004,0
956005,0
956006,0
956007,0
956008,0
956009,0
956010,0
956011,38
956012,0
956013,0
956014,30
956015,0
956016,0
956017,0
956018,0
956019,0
956020,0
956021,26
956022,0
956023,0
956024,0
956025,0
956026,0
956027,60
956028,0
956029,0
956030,0
956031,0
956032,0
956033,0
956034,0
956035,0
956036,0
956037,0
956038,0
956039,0
956040,0
956041,0
956042,0
956043,0
956044,41
956045,0
956046,38
956047,0
956048,0
956049,0
956050,0
956051,0
956052,39
956053,0
956054,0
956055,0
956056,20
956057,0
956058,40
956059,0
956060,0
956061,0
956062,0
956063,0
956064,0
956065,0
956066,32
956067,0
956068,0
956069,0
956070,39
956071,0
956072,41
956073,0
956074,0
956075,0
956076,0
956077,0
956078,0
956079,0
956080,0
956081,0
956082,14
956083,0
956084,0
956085,0
956086,0
956087,25
956088,38
956089,0
956090,0
956091,0
956092,0
956093,0
956094,0
956095,20
956096,0
956097,0
956098,0
956099,0
956100,0
956101,0
956102,0
956103,0
956104,0
956105,0
956106,0
956107,0
956108,0
956109,0
956110,0
956111,0
956112,0
956113,0
956114,46
956115,0
956116,0
956117,0
956118,0
956119,0
956120,0
956121,0
956122,0
956123,0
956124,0
956125,0
956126,0
956127,0
956128,0
956129,0
956130,0
956131,0
956132,35
956133,0
956134,0
956135,0
956136,0
956137,0
956138,0
956139,0
956140,0
956141,0
956142,0
956143,0
956144,0
956145,0
956146,0
956147,0
956148,0
956149,0
956150,36
956151,0
956152,0
956153,0
956154,0
956155,0
956156,0
956157,0
956158,0
956159,0
956160,0
956161,0
956162,0
956163,0
956164,0
956165,0
956166,0
956167,0
956168,42
956169,0
956170,0
956171,21
956172,0
956173,0
956174,0
956175,0
956176,0
956177,43
956178,27
956179,0
956180,0
956181,0
956182,0
956183,38
956184,0
956185,0
956186,0
956187,30
956188,0
956189,0
956190,0
956191,0
956192,0
956193,0
956194,0
956195,0
956196,0
956197,20
956198,0
956199,29
956200,0
956201,0
956202,0
956203,0
956204,0
956205,0
956206,0
956207,23
956208,0
956209,0
956210,0
956211,0
956212,0
956213,0
956214,0
956215,39
956216,0
956217,0
956218,0
956219,32
956220,0
956221,0
956222,0
956223,24
956224,0
956225,36
956226,33
956227,39
956228,0
956229,0
956230,32
956231,0
956232,20
956233,0
956234,0
956235,0
956236,0
956237,0
956238,0
956239,0
956240,0
956241,0
956242,35
956243,0
956244,0
956245,0
956246,0
956247,0
956248,0
956249,0
956250,0
956251,0
956252,49
956253,0
956254,0
956255,0
956256,0
956257,0
956258,0
956259,0
956260,0
956261,28
956262,0
956263,40
956264,0
956265,0
956266,0
956267,0
956268,0
956269,0
956270,0
956271,0
956272,0
956273,26
956274,0
956275,0
956276,0
956277,0
956278,0
956279,0
956280,29
956281,0
956282,0
956283,0
956284,0
956285,0
956286,0
956287,0
956288,0
956289,0
956290,0
956291,0
956292,0
956293,0
956294,0
956295,0
956296,0
956297,0
956298,0
956299,0
956300,0
956301,0
956302,0
956303,0
956304,0
956305,31
956306,0
956307,0
956308,0
956309,0
956310,0
956311,0
956312,0
956313,0
956314,0
956315,0
956316,0
956317,0
956318,0
956319,0
956320,0
956321,0
956322,0
956323,0
956324,0
956325,0
956326,0
956327,0
956328,0
956329,0
956330,0
956331,0
956332,0
956333,0
956334,0
956335,0
956336,0
956337,37
956338,25
956339,0
956340,27
956341,0
956342,0
956343,0
956344,0
956345,29
956346,0
956347,28
956348,0
956349,38
956350,0
956351,24
956352,0
956353,0
956354,0
956355,0
956356,0
956357,0
956358,0
956359,35
956360,0
956361,0
956362,0
956363,0
956364,0
956365,0
956366,0
956367,0
956368,0
956369,0
956370,0
956371,39
956372,0
956373,0
956374,0
956375,0
956376,0
956377,0
956378,0
956379,0
956380,0
956381,0
956382,0
956383,0
956384,0
956385,0
956386,0
956387,0
956388,0
956389,0
956390,34
956391,0
956392,0
956393,0
956394,39
956395,0
956396,0
956397,0
956398,0
956399,0
956400,0
956401,0
956402,0
956403,0
956404,0
956405,0
956406,51
956407,0
956408,0
956409,0
956410,0
956411,0
956412,0
956413,0
956414,0
956415,0
956416,0
956417,0
956418,0
956419,0
956420,0
956421,0
956422,27
956423,0
956424,0
956425,0
956426,0
956427,0
956428,0
956429,0
956430,0
956431,0
956432,14
956433,0
956434,0
956435,0
956436,0
956437,0
956438,15
956439,16
956440,0
956441,0
956442,0
956443,0
956444,0
956445,0
956446,0
956447,0
956448,0
956449,0
956450,0
956451,0
956452,12
956453,0
956454,0
956455,0
956456,0
956457,0
956458,0
956459,25
956460,29
956461,0
956462,0
956463,0
956464,0
956465,0
956466,0
956467,0
956468,0
956469,0
956470,18
956471,0
956472,0
956473,0
956474,0
956475,0
956476,0
956477,0
956478,0
956479,0
956480,14
956481,0
956482,0
956483,0
956484,0
956485,15
956486,0
956487,12
956488,0
956489,22
956490,0
956491,27
956492,23
956493,0
956494,0
956495,0
956496,0
956497,25
956498,0
956499,0
956500,0
956501,0
956502,0
956503,20
956504,0
956505,0
956506,0
956507,6
956508,19
956509,0
956510,0
956511,0
956512,0
956513,0
956514,0
956515,0
956516,13
956517,15
956518,0
956519,17
956520,25
956521,0
956522,0
956523,19
956524,20
956525,0
956526,0
956527,22
956528,22
956529,0
956530,18
956531,0
956532,0
956533,0
956534,25
956535,0
956536,0
956537,0
956538,0
956539,0
956540,0
956541,26
956542,21
956543,0
956544,0
956545,24
956546,0
956547,0
956548,0
956549,0
956550,0
956551,23
956552,22
956553,0
956554,0
956555,0
956556,0
956557,0
956558,13
956559,0
956560,26
956561,0
956562,0
956563,0
956564,0
956565,0
956566,0
956567,23
956568,30
956569,0
956570,0
956571,0
956572,0
956573,0
956574,0
956575,19
956576,0
956577,0
956578,18
956579,15
956580,21
956581,0
956582,0
956583,0
956584,0
956585,0
956586,0
956587,0
956588,0
956589,0
956590,23
956591,24
956592,0
956593,0
956594,16
956595,16
956596,12
956597,0
956598,0
956599,0
956600,26
956601,18
956602,0
956603,29
956604,0
956605,0
956606,0
956607,0
956608,24
956609,0
956610,0
956611,16
956612,0
956613,0
956614,0
956615,0
956616,0
956617,25
956618,0
956619,0
956620,20
956621,0
956622,21
956623,0
956624,0
956625,0
956626,16
956627,16
956628,0
956629,0
956630,0
956631,24
956632,0
956633,0
956634,0
956635,0
956636,0
956637,17
956638,0
956639,16
956640,0
956641,0
956642,16
956643,0
956644,0
956645,22
956646,0
956647,0
956648,0
956649,0
956650,0
956651,0
956652,24
956653,0
956654,0
956655,17
956656,0
956657,0
956658,0
956659,0
956660,0
956661,22
956662,31
956663,37
956664,0
956665,0
956666,34
956667,0
956668,48
956669,41
956670,0
956671,23
956672,0
956673,0
956674,0
956675,0
956676,0
956677,0
956678,0
956679,29
956680,38
956681,0
956682,0
956683,0
956684,0
956685,0
956686,0
956687,0
956688,0
956689,0
956690,0
956691,0
956692,0
956693,0
956694,0
956695,0
956696,60
956697,0
956698,0
956699,24
956700,0
956701,42
956702,0
956703,0
956704,0
956705,0
956706,0
956707,0
956708,0
956709,0
956710,0
956711,0
956712,0
956713,32
956714,0
956715,0
956716,0
956717,37
956718,0
956719,0
956720,33
956721,34
956722,0
956723,0
956724,0
956725,0
956726,0
956727,0
956728,0
956729,0
956730,0
956731,0
956732,0
956733,0
956734,0
956735,0
956736,0
956737,0
956738,0
956739,48
956740,0
956741,0
956742,0
956743,28
956744,0
956745,0
956746,0
956747,18
956748,0
956749,0
956750,0
956751,26
956752,0
956753,0
956754,0
956755,0
956756,0
956757,0
956758,0
956759,0
956760,0
956761,0
956762,0
956763,31
956764,22
956765,0
956766,0
956767,32
956768,0
956769,0
956770,25
956771,0
956772,0
956773,0
956774,0
956775,0
956776,0
956777,0
956778,0
956779,0
956780,0
956781,0
956782,0
956783,0
956784,0
956785,0
956786,0
956787,0
956788,0
956789,0
956790,0
956791,0
956792,0
956793,0
956794,0
956795,0
956796,0
956797,0
956798,0
956799,0
956800,0
956801,0
956802,0
956803,0
956804,0
956805,0
956806,35
956807,49
956808,46
956809,0
956810,19
956811,36
956812,28
956813,0
956814,34
956815,26
956816,0
956817,0
956818,0
956819,0
956820,0
956821,0
956822,32
956823,0
956824,0
956825,0
956826,0
956827,0
956828,0
956829,30
956830,31
956831,47
956832,0
956833,44
956834,0
956835,33
956836,0
956837,0
956838,50
956839,65
956840,0
956841,0
956842,0
956843,0
956844,0
956845,33
956846,0
956847,0
956848,0
956849,0
956850,0
956851,0
956852,0
956853,0
956854,0
956855,0
956856,0
956857,0
956858,0
956859,35
956860,0
956861,0
956862,0
956863,0
956864,0
956865,0
956866,0
956867,0
956868,0
956869,0
956870,40
956871,0
956872,0
956873,45
956874,0
956875,0
956876,0
956877,0
956878,0
956879,0
956880,43
956881,0
956882,0
956883,0
956884,0
956885,0
956886,0
956887,29
956888,0
956889,37
956890,0
956891,0
956892,0
956893,0
956894,0
956895,0
956896,0
956897,0
956898,0
956899,33
956900,0
956901,0
956902,35
956903,0
956904,0
956905,0
956906,0
956907,0
956908,0
956909,0
956910,0
956911,0
956912,0
956913,0
956914,0
956915,0
956916,29
956917,0
956918,0
956919,0
956920,0
956921,0
956922,41
956923,0
956924,0
956925,0
956926,31
956927,0
956928,0
956929,0
956930,0
956931,0
956932,0
956933,0
956934,0
956935,36
956936,0
956937,0
956938,0
956939,0
956940,0
956941,33
956942,0
956943,0
956944,0
956945,0
956946,0
956947,0
956948,0
956949,0
956950,0
956951,0
956952,0
956953,0
956954,0
956955,0
956956,33
956957,0
956958,0
956959,27
956960,0
956961,0
956962,0
956963,0
956964,0
956965,22
956966,0
956967,0
956968,0
956969,0
956970,0
956971,0
956972,0
956973,0
956974,0
956975,0
956976,0
956977,0
956978,36
956979,0
956980,0
956981,0
956982,29
956983,31
956984,0
956985,0
956986,0
956987,0
956988,0
956989,0
956990,0
956991,0
956992,40
956993,33
956994,0
956995,0
956996,0
956997,0
956998,0
956999,0
957000,0
957001,0
957002,0
957003,0
957004,0
957005,0
957006,0
957007,0
957008,43
957009,0
957010,0
957011,0
957012,0
957013,45
957014,0
957015,0
957016,30
957017,30
957018,0
957019,0
957020,0
957021,0
957022,0
957023,33
957024,44
957025,0
957026,0
957027,31
957028,0
957029,0
957030,0
957031,0
957032,0
957033,0
957034,0
957035,0
957036,38
957037,0
957038,0
957039,0
957040,32
957041,0
957042,0
957043,0
957044,39
957045,0
957046,0
957047,0
957048,25
957049,0
957050,0
957051,0
957052,0
957053,27
957054,0
957055,0
957056,32
957057,0
957058,0
957059,0
957060,0
957061,0
957062,0
957063,35
957064,0
957065,0
957066,0
957067,0
957068,30
957069,0
957070,0
957071,0
957072,0
957073,0
957074,0
957075,0
957076,23
957077,0
957078,0
957079,0
957080,23
957081,0
957082,0
957083,0
957084,0
957085,0
957086,0
957087,0
957088,33
957089,0
957090,0
957091,0
957092,0
957093,0
957094,0
957095,0
957096,37
957097,0
957098,0
957099,0
957100,0
957101,0
957102,0
957103,0
957104,0
957105,0
957106,0
957107,32
957108,0
957109,0
957110,0
957111,39
957112,0
957113,22
957114,0
957115,0
957116,0
957117,0
957118,33
957119,24
957120,72
957121,0
957122,0
957123,0
957124,0
957125,0
957126,0
957127,0
957128,0
957129,33
957130,0
957131,0
957132,28
957133,0
957134,0
957135,0
957136,0
957137,0
957138,0
957139,0
957140,0
957141,0
957142,0
957143,0
957144,29
957145,0
957146,0
957147,0
957148,34
957149,0
957150,0
957151,0
957152,0
957153,22
957154,0
957155,0
957156,0
957157,0
957158,0
957159,0
957160,0
957161,0
957162,0
957163,28
957164,0
957165,0
957166,0
957167,0
957168,0
957169,0
957170,0
957171,0
957172,0
957173,0
957174,0
957175,0
957176,0
957177,0
957178,33
957179,29
957180,0
957181,0
957182,39
957183,32
957184,0
957185,0
957186,0
957187,0
957188,0
957189,0
957190,0
957191,0
957192,0
957193,0
957194,0
957195,0
957196,0
957197,0
957198,0
957199,0
957200,0
957201,0
957202,0
957203,0
957204,0
957205,0
957206,0
957207,0
957208,22
957209,0
957210,0
957211,0
957212,0
957213,0
957214,0
957215,0
957216,0
957217,0
957218,52
957219,0
957220,0
957221,0
957222,0
957223,0
957224,0
957225,44
957226,36
957227,0
957228,0
957229,0
957230,0
957231,0
957232,0
957233,0
957234,0
957235,0
957236,33
957237,38
957238,0
957239,0
957240,0
957241,0
957242,0
957243,0
957244,0
957245,36
957246,0
957247,37
957248,34
957249,0
957250,0
957251,0
957252,0
957253,0
957254,0
957255,0
957256,0
957257,0
957258,0
957259,0
957260,0
957261,0
957262,0
957263,0
957264,0
957265,22
957266,0
957267,0
957268,24
957269,0
957270,0
957271,0
957272,40
957273,0
957274,0
957275,0
957276,0
957277,0
957278,27
957279,0
957280,0
957281,0
957282,0
957283,0
957284,0
957285,0
957286,0
957287,0
957288,38
957289,0
957290,49
957291,0
957292,0
957293,31
957294,0
957295,19
957296,0
957297,0
957298,0
957299,0
957300,0
957301,0
957302,0
957303,0
957304,33
957305,23
957306,0
957307,0
957308,0
957309,0
957310,0
957311,0
957312,0
957313,0
957314,0
957315,0
957316,32
957317,0
957318,0
957319,0
957320,0
957321,0
957322,0
957323,0
957324,0
957325,23
957326,0
957327,0
957328,0
957329,0
957330,28
957331,0
957332,35
957333,0
957334,0
957335,0
957336,0
957337,0
957338,0
957339,0
957340,33
957341,0
957342,0
957343,0
957344,0
957345,0
957346,0
957347,29
957348,0
957349,0
957350,0
957351,0
957352,0
957353,26
957354,0
957355,0
957356,0
957357,0
957358,0
957359,0
957360,34
957361,0
957362,0
957363,31
957364,24
957365,0
957366,0
957367,20
957368,0
957369,30
957370,0
957371,0
957372,25
957373,0
957374,0
957375,0
957376,0
957377,38
957378,0
957379,0
957380,0
957381,0
957382,27
957383,0
957384,0
957385,0
957386,0
957387,0
957388,32
957389,0
957390,26
957391,0
957392,0
957393,0
957394,0
957395,0
957396,39
957397,0
957398,0
957399,0
957400,0
957401,0
957402,0
957403,0
957404,0
957405,0
957406,0
957407,0
957408,0
957409,0
957410,29
957411,0
957412,0
957413,0
957414,0
957415,41
957416,32
957417,25
957418,0
957419,0
957420,0
957421,0
957422,0
957423,0
957424,28
957425,0
957426,0
957427,0
957428,0
957429,0
957430,0
957431,0
957432,0
957433,0
957434,0
957435,0
957436,0
957437,40
957438,0
957439,0
957440,0
957441,0
957442,60
957443,0
957444,0
957445,0
957446,37
957447,41
957448,0
957449,0
957450,0
957451,28
957452,0
957453,0
957454,0
957455,0
957456,0
957457,0
957458,0
957459,0
957460,0
957461,0
957462,0
957463,0
957464,41
957465,0
957466,0
957467,0
957468,25
957469,0
957470,36
957471,0
957472,0
957473,0
957474,0
957475,0
957476,27
957477,51
957478,0
957479,31
957480,0
957481,0
957482,0
957483,0
957484,0
957485,0
957486,0
957487,0
957488,32
957489,0
957490,0
957491,0
957492,0
957493,0
957494,0
957495,0
957496,0
957497,0
957498,0
957499,0
957500,0
957501,0
957502,0
957503,13
957504,0
957505,0
957506,0
957507,0
957508,0
957509,0
957510,4
957511,0
957512,0
957513,0
957514,0
957515,0
957516,0
957517,0
957518,0
957519,0
957520,0
957521,0
957522,0
957523,0
957524,0
957525,0
957526,0
957527,0
957528,0
957529,5
957530,0
957531,0
957532,0
957533,0
957534,0
957535,0
957536,0
957537,0
957538,0
957539,0
957540,10
957541,0
957542,9
957543,8
957544,8
957545,0
957546,0
957547,12
957548,0
957549,0
957550,9
957551,0
957552,0
957553,0
957554,0
957555,0
957556,0
957557,12
957558,0
957559,6
957560,0
957561,0
957562,0
957563,0
957564,4
957565,3
957566,0
957567,0
957568,12
957569,7
957570,0
957571,8
957572,0
957573,17
957574,0
957575,0
957576,0
957577,0
957578,0
957579,9
957580,9
957581,0
957582,0
957583,0
957584,0
957585,8
957586,0
957587,10
957588,0
957589,0
957590,0
957591,4
957592,0
957593,28
957594,13
957595,0
957596,0
957597,0
957598,0
957599,0
957600,0
957601,4
957602,0
957603,9
957604,10
957605,0
957606,0
957607,15
957608,0
957609,8
957610,0
957611,10
957612,0
957613,0
957614,5
957615,17
957616,0
957617,6
957618,0
957619,0
957620,0
957621,11
957622,0
957623,0
957624,0
957625,0
957626,0
957627,11
957628,5
957629,0
957630,0
957631,16
957632,0
957633,0
957634,0
957635,0
957636,9
957637,0
957638,0
957639,0
957640,0
957641,0
957642,0
957643,0
957644,0
957645,0
957646,0
957647,0
957648,0
957649,0
957650,0
957651,0
957652,0
957653,0
957654,12
957655,14
957656,12
957657,0
957658,0
957659,0
957660,0
957661,0
957662,0
957663,0
957664,13
957665,6
957666,13
957667,0
957668,0
957669,8
957670,10
957671,0
957672,0
957673,0
957674,12
957675,0
957676,0
957677,0
957678,0
957679,0
957680,0
957681,0
957682,0
957683,11
957684,0
957685,0
957686,0
957687,7
957688,0
957689,0
957690,6
957691,0
957692,0
957693,7
957694,0
957695,0
957696,0
957697,0
957698,0
957699,0
957700,0
957701,0
957702,0
957703,0
957704,0
957705,0
957706,0
957707,8
957708,0
957709,0
957710,0
957711,0
957712,0
957713,0
957714,0
957715,0
957716,0
957717,0
957718,0
957719,0
957720,0
957721,0
957722,11
957723,0
957724,0
957725,0
957726,0
957727,0
957728,0
957729,4
957730,0
957731,0
957732,0
957733,10
957734,12
957735,12
957736,0
957737,7
957738,0
957739,13
957740,8
957741,0
957742,13
957743,0
957744,0
957745,0
957746,11
957747,0
957748,0
957749,7
957750,0
957751,11
957752,0
957753,0
957754,9
957755,8
957756,12
957757,0
957758,0
957759,11
957760,13
957761,0
957762,0
957763,0
957764,23
957765,0
957766,9
957767,0
957768,17
957769,14
957770,0
957771,0
957772,15
957773,0
957774,0
957775,0
957776,13
957777,0
957778,9
957779,13
957780,0
957781,0
957782,14
957783,0
957784,0
957785,0
957786,0
957787,0
957788,0
957789,0
957790,18
957791,0
957792,23
957793,0
957794,20
957795,0
957796,19
957797,25
957798,20
957799,0
957800,20
957801,0
957802,0
957803,0
957804,0
957805,14
957806,0
957807,0
957808,0
957809,0
957810,0
957811,0
957812,0
957813,0
957814,0
957815,0
957816,26
957817,0
957818,0
957819,0
957820,0
957821,0
957822,0
957823,29
957824,0
957825,0
957826,15
957827,0
957828,0
957829,0
957830,0
957831,0
957832,0
957833,24
957834,22
957835,0
957836,0
957837,0
957838,0
957839,0
957840,13
957841,0
957842,16
957843,0
957844,21
957845,12
957846,0
957847,0
957848,0
957849,0
957850,0
957851,0
957852,19
957853,0
957854,0
957855,0
957856,0
957857,0
957858,0
957859,0
957860,0
957861,17
957862,14
957863,19
957864,23
957865,0
957866,0
957867,0
957868,0
957869,0
957870,0
957871,0
957872,0
957873,19
957874,0
957875,22
957876,25
957877,20
957878,0
957879,0
957880,17
957881,0
957882,15
957883,0
957884,17
957885,0
957886,0
957887,0
957888,29
957889,0
957890,13
957891,9
957892,0
957893,0
957894,0
957895,0
957896,0
957897,0
957898,0
957899,0
957900,0
957901,0
957902,21
957903,0
957904,19
957905,0
957906,0
957907,0
957908,16
957909,0
957910,17
957911,14
957912,0
957913,16
957914,0
957915,0
957916,0
957917,13
957918,0
957919,0
957920,0
957921,0
957922,19
957923,19
957924,0
957925,0
957926,19
957927,0
957928,0
957929,0
957930,0
957931,0
957932,0
957933,20
957934,0
957935,25
957936,0
957937,23
957938,17
957939,0
957940,0
957941,0
957942,0
957943,0
957944,14
957945,0
957946,0
957947,0
957948,0
957949,19
957950,0
957951,0
957952,21
957953,0
957954,0
957955,0
957956,0
957957,16
957958,0
957959,0
957960,0
957961,0
957962,0
957963,0
957964,0
957965,13
957966,0
957967,0
957968,0
957969,0
957970,0
957971,23
957972,17
957973,0
957974,0
957975,14
957976,0
957977,0
957978,17
957979,0
957980,0
957981,0
957982,0
957983,0
957984,0
957985,2
957986,0
957987,0
957988,0
957989,0
957990,0
957991,0
957992,0
957993,0
957994,0
957995,0
957996,0
957997,0
957998,0
957999,0
958000,0
958001,0
958002,0
958003,0
958004,1
958005,0
958006,0
958007,0
958008,0
958009,0
958010,0
958011,0
958012,0
958013,0
958014,0
958015,0
958016,0
958017,0
958018,0
958019,0
958020,0
958021,0
958022,0
958023,0
958024,0
958025,0
958026,0
958027,0
958028,0
958029,0
958030,0
958031,0
958032,0
958033,0
958034,0
958035,0
958036,0
958037,0
958038,0
958039,0
958040,0
958041,0
958042,0
958043,0
958044,0
958045,0
958046,0
958047,0
958048,0
958049,0
958050,5
958051,0
958052,0
958053,0
958054,0
958055,0
958056,0
958057,0
958058,0
958059,0
958060,0
958061,0
958062,0
958063,0
958064,0
958065,0
958066,0
958067,0
958068,0
958069,0
958070,0
958071,0
958072,0
958073,0
958074,0
958075,0
958076,0
958077,0
958078,0
958079,0
958080,0
958081,0
958082,0
958083,0
958084,0
958085,0
958086,0
958087,0
958088,0
958089,0
958090,0
958091,0
958092,0
958093,0
958094,0
958095,0
958096,0
958097,0
958098,0
958099,0
958100,0
958101,0
958102,1
958103,0
958104,0
958105,0
958106,0
958107,0
958108,0
958109,0
958110,0
958111,0
958112,0
958113,0
958114,0
958115,0
958116,0
958117,0
958118,0
958119,1
958120,0
958121,0
958122,0
958123,0
958124,1
958125,0
958126,0
958127,0
958128,0
958129,0
958130,0
958131,0
958132,0
958133,0
958134,0
958135,0
958136,2
958137,0
958138,0
958139,0
958140,0
958141,0
958142,0
958143,0
958144,0
958145,0
958146,0
958147,0
958148,4
958149,0
958150,0
958151,0
958152,0
958153,0
958154,0
958155,0
958156,0
958157,0
958158,0
958159,0
958160,1
958161,0
958162,0
958163,0
958164,0
958165,0
958166,0
958167,0
958168,1
958169,0
958170,0
958171,0
958172,0
958173,0
958174,0
958175,0
958176,0
958177,0
958178,0
958179,0
958180,0
958181,0
958182,0
958183,0
958184,1
958185,0
958186,0
958187,0
958188,0
958189,0
958190,0
958191,0
958192,0
958193,0
958194,0
958195,0
958196,0
958197,0
958198,0
958199,0
958200,0
958201,0
958202,0
958203,0
958204,0
958205,0
958206,0
958207,0
958208,0
958209,0
958210,0
958211,0
958212,0
958213,0
958214,0
958215,0
958216,0
958217,0
958218,0
958219,1
958220,0
958221,1
958222,0
958223,0
958224,0
958225,0
958226,0
958227,0
958228,0
958229,0
958230,0
958231,0
958232,0
958233,0
958234,0
958235,3
958236,0
958237,1
958238,0
958239,0
958240,0
958241,0
958242,0
958243,0
958244,0
958245,0
958246,1
958247,0
958248,1
958249,0
958250,3
958251,0
958252,0
958253,0
958254,0
958255,0
958256,0
958257,0
958258,0
958259,0
958260,0
958261,0
958262,0
958263,0
958264,0
958265,0
958266,0
958267,0
958268,0
958269,0
958270,0
958271,0
958272,0
958273,0
958274,0
958275,0
958276,1
958277,0
958278,0
958279,0
958280,0
958281,0
958282,0
958283,0
958284,0
958285,0
958286,0
958287,0
958288,0
958289,0
958290,0
958291,0
958292,0
958293,0
958294,0
958295,0
958296,0
958297,0
958298,0
958299,0
958300,0
958301,0
958302,0
958303,0
958304,0
958305,0
958306,0
958307,0
958308,0
958309,0
958310,0
958311,0
958312,0
958313,0
958314,0
958315,0
958316,0
958317,0
958318,0
958319,0
958320,0
958321,0
958322,0
958323,0
958324,0
958325,0
958326,0
958327,0
958328,0
958329,0
958330,0
958331,0
958332,0
958333,0
958334,0
958335,0
958336,0
958337,0
958338,0
958339,0
958340,1
958341,0
958342,0
958343,0
958344,0
958345,0
958346,0
958347,0
958348,0
958349,0
958350,0
958351,0
958352,0
958353,4
958354,1
958355,0
958356,1
958357,0
958358,0
958359,0
958360,0
958361,0
958362,0
958363,0
958364,0
958365,0
958366,0
958367,0
958368,0
958369,0
958370,0
958371,0
958372,0
958373,0
958374,0
958375,0
958376,0
958377,0
958378,0
958379,0
958380,0
958381,0
958382,0
958383,0
958384,0
958385,0
958386,0
958387,0
958388,0
958389,0
958390,2
958391,0
958392,0
958393,0
958394,0
958395,0
958396,0
958397,0
958398,0
958399,0
958400,0
958401,0
958402,1
958403,0
958404,0
958405,0
958406,0
958407,0
958408,0
958409,0
958410,0
958411,0
958412,0
958413,0
958414,0
958415,0
958416,0
958417,0
958418,0
958419,0
958420,0
958421,0
958422,0
958423,0
958424,0
958425,0
958426,0
958427,0
958428,0
958429,0
958430,0
958431,0
958432,0
958433,0
958434,0
958435,1
958436,0
958437,0
958438,0
958439,6
958440,2
958441,0
958442,0
958443,0
958444,0
958445,0
958446,0
958447,0
958448,0
958449,0
958450,0
958451,0
958452,2
958453,0
958454,0
958455,0
958456,0
958457,0
958458,0
958459,0
958460,0
958461,0
958462,0
958463,0
958464,0
958465,0
958466,0
958467,0
958468,0
958469,0
958470,0
958471,0
958472,0
958473,2
958474,0
958475,0
958476,0
958477,0
958478,0
958479,0
958480,0
958481,0
958482,2
958483,0
958484,0
958485,0
958486,1
958487,0
958488,0
958489,0
958490,0
958491,0
958492,0
958493,0
958494,0
958495,0
958496,0
958497,0
958498,0
958499,0
958500,0
958501,3
958502,0
958503,0
958504,0
958505,0
958506,0
958507,0
958508,0
958509,0
958510,0
958511,0
958512,0
958513,0
958514,0
958515,0
958516,0
958517,0
958518,0
958519,0
958520,0
958521,0
958522,0
958523,0
958524,0
958525,0
958526,0
958527,0
958528,0
958529,0
958530,0
958531,0
958532,0
958533,0
958534,0
958535,0
958536,0
958537,0
958538,0
958539,0
958540,0
958541,0
958542,0
958543,0
958544,0
958545,0
958546,0
958547,0
958548,0
958549,0
958550,0
958551,0
958552,1
958553,0
958554,0
958555,0
958556,0
958557,0
958558,0
958559,0
958560,0
958561,0
958562,0
958563,0
958564,0
958565,0
958566,0
958567,0
958568,0
958569,0
958570,0
958571,0
958572,0
958573,0
958574,0
958575,0
958576,0
958577,0
958578,0
958579,0
958580,0
958581,0
958582,0
958583,0
958584,0
958585,0
958586,0
958587,0
958588,0
958589,0
958590,0
958591,0
958592,0
958593,0
958594,0
958595,0
958596,0
958597,0
958598,0
958599,0
958600,0
958601,0
958602,0
958603,0
958604,0
958605,0
958606,0
958607,0
958608,0
958609,0
958610,0
958611,0
958612,0
958613,0
958614,0
958615,0
958616,0
958617,0
958618,0
958619,0
958620,0
958621,0
958622,0
958623,0
958624,0
958625,0
958626,0
958627,0
958628,0
958629,0
958630,0
958631,0
958632,0
958633,0
958634,0
958635,0
958636,0
958637,2
958638,0
958639,0
958640,0
958641,0
958642,0
958643,0
958644,0
958645,0
958646,0
958647,0
958648,0
958649,0
958650,0
958651,0
958652,0
958653,0
958654,0
958655,0
958656,0
958657,0
958658,0
958659,0
958660,0
958661,0
958662,0
958663,0
958664,0
958665,0
958666,0
958667,0
958668,0
958669,0
958670,0
958671,0
958672,0
958673,0
958674,0
958675,1
958676,0
958677,0
958678,0
958679,0
958680,2
958681,0
958682,0
958683,0
958684,0
958685,1
958686,0
958687,0
958688,0
958689,0
958690,0
958691,0
958692,0
958693,0
958694,0
958695,0
958696,0
958697,0
958698,0
958699,0
958700,0
958701,0
958702,0
958703,0
958704,0
958705,0
958706,0
958707,0
958708,0
958709,0
958710,0
958711,0
958712,0
958713,0
958714,0
958715,0
958716,0
958717,0
958718,1
958719,0
958720,0
958721,0
958722,0
958723,0
958724,0
958725,0
958726,0
958727,0
958728,0
958729,0
958730,0
958731,0
958732,0
958733,0
958734,0
958735,0
958736,0
958737,0
958738,0
958739,0
958740,0
958741,0
958742,0
958743,0
958744,0
958745,1
958746,2
958747,0
958748,0
958749,0
958750,0
958751,0
958752,0
958753,0
958754,0
958755,0
958756,0
958757,0
958758,0
958759,0
958760,0
958761,0
958762,0
958763,0
958764,0
958765,0
958766,0
958767,0
958768,0
958769,0
958770,0
958771,0
958772,0
958773,0
958774,0
958775,0
958776,0
958777,0
958778,0
958779,0
958780,0
958781,0
958782,0
958783,0
958784,0
958785,0
958786,0
958787,27
958788,0
958789,0
958790,0
958791,0
958792,0
958793,0
958794,0
958795,0
958796,0
958797,0
958798,0
958799,0
958800,0
958801,0
958802,0
958803,0
958804,0
958805,0
958806,0
958807,0
958808,34
958809,0
958810,0
958811,0
958812,0
958813,0
958814,0
958815,0
958816,0
958817,0
958818,0
958819,0
958820,0
958821,0
958822,0
958823,0
958824,0
958825,0
958826,0
958827,0
958828,0
958829,0
958830,0
958831,0
958832,0
958833,0
958834,0
958835,0
958836,0
958837,19
958838,0
958839,0
958840,0
958841,0
958842,0
958843,0
958844,0
958845,0
958846,0
958847,0
958848,0
958849,0
958850,0
958851,0
958852,0
958853,0
958854,0
958855,0
958856,0
958857,0
958858,0
958859,0
958860,40
958861,0
958862,0
958863,0
958864,0
958865,0
958866,0
958867,0
958868,0
958869,0
958870,0
958871,0
958872,36
958873,0
958874,0
958875,0
958876,45
958877,0
958878,0
958879,0
958880,0
958881,0
958882,0
958883,0
958884,0
958885,0
958886,0
958887,0
958888,0
958889,0
958890,0
958891,0
958892,0
958893,0
958894,0
958895,0
958896,0
958897,0
958898,0
958899,0
958900,0
958901,0
958902,0
958903,0
958904,0
958905,0
958906,0
958907,0
958908,0
958909,0
958910,0
958911,0
958912,25
958913,0
958914,0
958915,0
958916,54
958917,0
958918,0
958919,0
958920,0
958921,0
958922,0
958923,0
958924,0
958925,0
958926,0
958927,0
958928,0
958929,32
958930,0
958931,0
958932,0
958933,0
958934,0
958935,0
958936,0
958937,0
958938,0
958939,0
958940,0
958941,0
958942,0
958943,0
958944,0
958945,0
958946,0
958947,0
958948,0
958949,0
958950,0
958951,0
958952,0
958953,0
958954,0
958955,0
958956,53
958957,0
958958,0
958959,0
958960,0
958961,0
958962,0
958963,0
958964,0
958965,0
958966,0
958967,0
958968,0
958969,51
958970,0
958971,0
958972,0
958973,39
958974,0
958975,0
958976,0
958977,0
958978,0
958979,0
958980,0
958981,0
958982,70
958983,0
958984,0
958985,36
958986,0
958987,0
958988,0
958989,0
958990,0
958991,0
958992,0
958993,53
958994,0
958995,0
958996,0
958997,0
958998,0
958999,0
959000,0
959001,0
959002,0
959003,0
959004,0
959005,23
959006,0
959007,0
959008,0
959009,0
959010,0
959011,50
959012,0
959013,0
959014,0
959015,0
959016,0
959017,0
959018,0
959019,0
959020,0
959021,0
959022,0
959023,0
959024,44
959025,0
959026,0
959027,0
959028,32
959029,0
959030,0
959031,0
959032,0
959033,0
959034,0
959035,0
959036,0
959037,0
959038,0
959039,32
959040,0
959041,0
959042,0
959043,0
959044,0
959045,0
959046,0
959047,0
959048,0
959049,0
959050,0
959051,0
959052,0
959053,0
959054,30
959055,0
959056,0
959057,0
959058,0
959059,0
959060,0
959061,0
959062,39
959063,0
959064,0
959065,0
959066,0
959067,0
959068,0
959069,0
959070,0
959071,0
959072,0
959073,0
959074,0
959075,0
959076,0
959077,0
959078,0
959079,0
959080,0
959081,0
959082,0
959083,0
959084,0
959085,43
959086,0
959087,37
959088,0
959089,0
959090,0
959091,0
959092,0
959093,0
959094,0
959095,0
959096,0
959097,0
959098,0
959099,0
959100,0
959101,0
959102,0
959103,0
959104,0
959105,0
959106,0
959107,0
959108,0
959109,0
959110,0
959111,0
959112,0
959113,0
959114,39
959115,0
959116,0
959117,0
959118,0
959119,0
959120,0
959121,0
959122,0
959123,0
959124,0
959125,0
959126,0
959127,31
959128,0
959129,0
959130,0
959131,0
959132,0
959133,0
959134,0
959135,0
959136,0
959137,0
959138,0
959139,0
959140,0
959141,41
959142,0
959143,0
959144,0
959145,0
959146,0
959147,0
959148,0
959149,0
959150,0
959151,0
959152,0
959153,0
959154,0
959155,0
959156,0
959157,0
959158,0
959159,0
959160,0
959161,0
959162,0
959163,0
959164,0
959165,0
959166,0
959167,0
959168,0
959169,0
959170,42
959171,0
959172,0
959173,0
959174,0
959175,0
959176,0
959177,0
959178,0
959179,0
959180,0
959181,0
959182,0
959183,0
959184,0
959185,0
959186,0
959187,0
959188,0
959189,0
959190,0
959191,37
959192,0
959193,0
959194,0
959195,38
959196,0
959197,0
959198,0
959199,0
959200,0
959201,0
959202,0
959203,0
959204,0
959205,0
959206,0
959207,0
959208,0
959209,0
959210,0
959211,0
959212,0
959213,0
959214,0
959215,0
959216,0
959217,0
959218,0
959219,0
959220,0
959221,44
959222,0
959223,0
959224,0
959225,0
959226,29
959227,0
959228,0
959229,0
959230,0
959231,0
959232,0
959233,0
959234,0
959235,0
959236,32
959237,0
959238,0
959239,0
959240,32
959241,0
959242,0
959243,0
959244,0
959245,0
959246,0
959247,0
959248,0
959249,0
959250,0
959251,0
959252,0
959253,0
959254,0
959255,0
959256,0
959257,0
959258,0
959259,0
959260,0
959261,0
959262,0
959263,0
959264,0
959265,0
959266,0
959267,0
959268,0
959269,0
959270,0
959271,0
959272,0
959273,0
959274,0
959275,0
959276,0
959277,0
959278,0
959279,0
959280,38
959281,0
959282,0
959283,0
959284,0
959285,0
959286,0
959287,0
959288,0
959289,0
959290,35
959291,0
959292,0
959293,0
959294,0
959295,0
959296,0
959297,0
959298,0
959299,0
959300,0
959301,0
959302,0
959303,0
959304,0
959305,0
959306,0
959307,0
959308,0
959309,0
959310,0
959311,0
959312,41
959313,0
959314,0
959315,0
959316,0
959317,0
959318,0
959319,0
959320,0
959321,0
959322,0
959323,0
959324,0
959325,0
959326,0
959327,0
959328,0
959329,41
959330,0
959331,0
959332,0
959333,0
959334,0
959335,0
959336,0
959337,0
959338,0
959339,0
959340,0
959341,0
959342,0
959343,0
959344,0
959345,0
959346,0
959347,0
959348,47
959349,0
959350,43
959351,0
959352,0
959353,0
959354,0
959355,0
959356,0
959357,0
959358,0
959359,0
959360,0
959361,0
959362,0
959363,0
959364,0
959365,0
959366,0
959367,0
959368,0
959369,0
959370,0
959371,0
959372,0
959373,0
959374,0
959375,0
959376,0
959377,0
959378,0
959379,0
959380,0
959381,0
959382,0
959383,0
959384,0
959385,0
959386,0
959387,0
959388,0
959389,0
959390,0
959391,0
959392,0
959393,0
959394,0
959395,0
959396,0
959397,0
959398,0
959399,0
959400,0
959401,0
959402,47
959403,0
959404,0
959405,0
959406,0
959407,0
959408,0
959409,0
959410,0
959411,0
959412,0
959413,0
959414,0
959415,0
959416,0
959417,0
959418,0
959419,0
959420,0
959421,0
959422,0
959423,0
959424,38
959425,0
959426,0
959427,0
959428,0
959429,0
959430,0
959431,0
959432,0
959433,0
959434,0
959435,34
959436,32
959437,0
959438,0
959439,0
959440,0
959441,0
959442,0
959443,0
959444,0
959445,0
959446,0
959447,0
959448,0
959449,0
959450,0
959451,0
959452,0
959453,0
959454,0
959455,0
959456,0
959457,0
959458,0
959459,0
959460,0
959461,0
959462,0
959463,0
959464,0
959465,0
959466,0
959467,0
959468,0
959469,0
959470,0
959471,0
959472,0
959473,0
959474,0
959475,0
959476,0
959477,0
959478,0
959479,0
959480,0
959481,0
959482,0
959483,0
959484,0
959485,0
959486,0
959487,0
959488,0
959489,0
959490,0
959491,0
959492,0
959493,0
959494,0
959495,0
959496,0
959497,0
959498,0
959499,0
959500,0
959501,0
959502,0
959503,0
959504,0
959505,0
959506,0
959507,0
959508,0
959509,0
959510,0
959511,0
959512,0
959513,0
959514,0
959515,0
959516,0
959517,0
959518,0
959519,0
959520,0
959521,0
959522,0
959523,0
959524,0
959525,0
959526,0
959527,0
959528,0
959529,0
959530,29
959531,0
959532,0
959533,0
959534,41
959535,0
959536,0
959537,0
959538,0
959539,0
959540,42
959541,0
959542,0
959543,0
959544,0
959545,0
959546,0
959547,0
959548,0
959549,0
959550,0
959551,0
959552,43
959553,0
959554,0
959555,0
959556,0
959557,0
959558,0
959559,0
959560,0
959561,0
959562,0
959563,0
959564,0
959565,0
959566,0
959567,0
959568,32
959569,0
959570,0
959571,0
959572,0
959573,0
959574,35
959575,0
959576,0
959577,0
959578,0
959579,0
959580,0
959581,0
959582,0
959583,0
959584,0
959585,0
959586,0
959587,31
959588,0
959589,0
959590,0
959591,0
959592,0
959593,0
959594,0
959595,23
959596,0
959597,0
959598,0
959599,0
959600,39
959601,0
959602,0
959603,0
959604,0
959605,0
959606,0
959607,0
959608,0
959609,0
959610,0
959611,0
959612,0
959613,0
959614,0
959615,0
959616,0
959617,0
959618,0
959619,30
959620,0
959621,0
959622,0
959623,27
959624,0
959625,0
959626,0
959627,0
959628,0
959629,0
959630,0
959631,49
959632,0
959633,0
959634,19
959635,51
959636,0
959637,46
959638,0
959639,0
959640,0
959641,0
959642,0
959643,0
959644,0
959645,0
959646,0
959647,0
959648,0
959649,0
959650,0
959651,44
959652,0
959653,0
959654,0
959655,0
959656,0
959657,0
959658,0
959659,0
959660,0
959661,0
959662,0
959663,0
959664,0
959665,0
959666,0
959667,0
959668,0
959669,0
959670,0
959671,0
959672,0
959673,0
959674,33
959675,0
959676,0
959677,0
959678,0
959679,0
959680,26
959681,32
959682,29
959683,0
959684,32
959685,0
959686,0
959687,0
959688,0
959689,0
959690,0
959691,0
959692,0
959693,0
959694,0
959695,0
959696,0
959697,0
959698,0
959699,0
959700,0
959701,43
959702,0
959703,0
959704,0
959705,0
959706,0
959707,0
959708,0
959709,0
959710,0
959711,0
959712,0
959713,0
959714,0
959715,23
959716,0
959717,0
959718,23
959719,0
959720,0
959721,0
959722,30
959723,0
959724,0
959725,0
959726,0
959727,0
959728,0
959729,0
959730,0
959731,59
959732,0
959733,0
959734,0
959735,0
959736,0
959737,0
959738,28
959739,58
959740,0
959741,0
959742,0
959743,0
959744,0
959745,0
959746,0
959747,0
959748,0
959749,0
959750,0
959751,0
959752,0
959753,0
959754,0
959755,29
959756,0
959757,0
959758,33
959759,0
959760,0
959761,0
959762,0
959763,0
959764,0
959765,0
959766,0
959767,0
959768,0
959769,0
959770,0
959771,32
959772,0
959773,0
959774,0
959775,0
959776,0
959777,0
959778,0
959779,0
959780,0
959781,0
959782,0
959783,0
959784,0
959785,0
959786,0
959787,0
959788,0
959789,0
959790,0
959791,0
959792,0
959793,0
959794,0
959795,0
959796,0
959797,0
959798,0
959799,0
959800,0
959801,0
959802,0
959803,0
959804,0
959805,0
959806,0
959807,0
959808,0
959809,0
959810,34
959811,0
959812,0
959813,0
959814,0
959815,0
959816,0
959817,0
959818,0
959819,0
959820,0
959821,0
959822,0
959823,0
959824,0
959825,0
959826,0
959827,0
959828,0
959829,0
959830,0
959831,0
959832,0
959833,0
959834,0
959835,0
959836,0
959837,0
959838,0
959839,0
959840,0
959841,0
959842,44
959843,0
959844,47
959845,0
959846,0
959847,0
959848,0
959849,47
959850,0
959851,0
959852,0
959853,0
959854,0
959855,0
959856,0
959857,0
959858,0
959859,0
959860,0
959861,0
959862,0
959863,0
959864,0
959865,22
959866,0
959867,0
959868,0
959869,0
959870,0
959871,0
959872,0
959873,0
959874,0
959875,0
959876,0
959877,24
959878,0
959879,0
959880,0
959881,32
959882,0
959883,0
959884,0
959885,0
959886,28
959887,32
959888,24
959889,0
959890,0
959891,0
959892,0
959893,0
959894,0
959895,0
959896,0
959897,0
959898,0
959899,0
959900,0
959901,0
959902,0
959903,29
959904,0
959905,0
959906,0
959907,0
959908,0
959909,0
959910,0
959911,0
959912,0
959913,0
959914,0
959915,0
959916,0
959917,0
959918,0
959919,48
959920,0
959921,0
959922,0
959923,0
959924,0
959925,0
959926,0
959927,0
959928,0
959929,0
959930,0
959931,29
959932,0
959933,0
959934,0
959935,0
959936,0
959937,0
959938,26
959939,0
959940,0
959941,0
959942,0
959943,0
959944,0
959945,19
959946,0
959947,0
959948,0
959949,0
959950,0
959951,0
959952,0
959953,0
959954,0
959955,0
959956,0
959957,0
959958,0
959959,0
959960,0
959961,0
959962,0
959963,0
959964,0
959965,0
959966,0
959967,0
959968,0
959969,0
959970,0
959971,36
959972,0
959973,0
959974,0
959975,0
959976,0
959977,0
959978,0
959979,0
959980,0
959981,0
959982,0
959983,0
959984,0
959985,0
959986,0
959987,41
959988,0
959989,0
959990,0
959991,0
959992,0
959993,0
959994,0
959995,0
959996,0
959997,0
959998,0
959999,0
960000,0
960001,0
960002,0
960003,0
960004,0
960005,0
960006,0
960007,0
960008,0
960009,0
960010,0
960011,0
960012,29
960013,0
960014,0
960015,0
960016,0
960017,0
960018,0
960019,0
960020,30
960021,0
960022,0
960023,0
960024,0
960025,0
960026,0
960027,0
960028,0
960029,0
960030,0
960031,0
960032,0
960033,0
960034,0
960035,0
960036,0
960037,0
960038,31
960039,0
960040,0
960041,0
960042,0
960043,23
960044,0
960045,0
960046,0
960047,0
960048,0
960049,0
960050,0
960051,0
960052,0
960053,0
960054,0
960055,53
960056,0
960057,0
960058,0
960059,0
960060,0
960061,0
960062,0
960063,0
960064,0
960065,0
960066,0
960067,0
960068,0
960069,0
960070,0
960071,22
960072,0
960073,0
960074,29
960075,0
960076,0
960077,0
960078,0
960079,0
960080,0
960081,0
960082,0
960083,0
960084,0
960085,33
960086,0
960087,0
960088,0
960089,48
960090,36
960091,0
960092,43
960093,0
960094,0
960095,0
960096,0
960097,0
960098,0
960099,0
960100,44
960101,33
960102,0
960103,0
960104,0
960105,0
960106,0
960107,0
960108,0
960109,0
960110,0
960111,33
960112,0
960113,0
960114,29
960115,0
960116,0
960117,0
960118,0
960119,0
960120,0
960121,45
960122,0
960123,30
960124,0
960125,0
960126,0
960127,0
960128,0
960129,17
960130,0
960131,46
960132,0
960133,0
960134,0
960135,0
960136,0
960137,0
960138,0
960139,0
960140,19
960141,0
960142,0
960143,0
960144,43
960145,0
960146,0
960147,0
960148,0
960149,0
960150,0
960151,0
960152,0
960153,0
960154,0
960155,0
960156,0
960157,0
960158,0
960159,32
960160,14
960161,0
960162,0
960163,0
960164,0
960165,0
960166,0
960167,0
960168,0
960169,0
960170,0
960171,0
960172,0
960173,0
960174,0
960175,0
960176,0
960177,0
960178,0
960179,52
960180,0
960181,0
960182,0
960183,0
960184,0
960185,0
960186,0
960187,0
960188,0
960189,0
960190,0
960191,0
960192,0
960193,0
960194,0
960195,0
960196,0
960197,0
960198,34
960199,0
960200,0
960201,0
960202,0
960203,0
960204,0
960205,0
960206,0
960207,0
960208,0
960209,0
960210,0
960211,0
960212,0
960213,0
960214,0
960215,0
960216,0
960217,0
960218,0
960219,0
960220,0
960221,0
960222,0
960223,0
960224,0
960225,0
960226,0
960227,0
960228,0
960229,31
960230,0
960231,0
960232,0
960233,0
960234,0
960235,0
960236,0
960237,0
960238,0
960239,0
960240,0
960241,0
960242,0
960243,0
960244,0
960245,0
960246,0
960247,0
960248,0
960249,0
960250,0
960251,0
960252,40
960253,33
960254,0
960255,0
960256,39
960257,0
960258,0
960259,0
960260,0
960261,0
960262,23
960263,0
960264,0
960265,0
960266,0
960267,0
960268,0
960269,11
960270,0
960271,24
960272,0
960273,0
960274,0
960275,0
960276,0
960277,0
960278,0
960279,0
960280,0
960281,0
960282,16
960283,0
960284,0
960285,0
960286,27
960287,0
960288,0
960289,0
960290,0
960291,21
960292,0
960293,0
960294,0
960295,0
960296,0
960297,0
960298,0
960299,0
960300,0
960301,0
960302,0
960303,0
960304,11
960305,0
960306,0
960307,0
960308,0
960309,0
960310,0
960311,0
960312,0
960313,0
960314,0
960315,0
960316,0
960317,0
960318,0
960319,0
960320,0
960321,0
960322,0
960323,0
960324,0
960325,19
960326,0
960327,0
960328,18
960329,0
960330,0
960331,0
960332,0
960333,0
960334,0
960335,0
960336,0
960337,0
960338,0
960339,16
960340,0
960341,23
960342,0
960343,0
960344,0
960345,20
960346,19
960347,0
960348,0
960349,0
960350,0
960351,0
960352,0
960353,0
960354,0
960355,0
960356,0
960357,0
960358,0
960359,0
960360,0
960361,0
960362,0
960363,0
960364,0
960365,0
960366,0
960367,0
960368,0
960369,0
960370,23
960371,0
960372,0
960373,0
960374,0
960375,0
960376,0
960377,0
960378,0
960379,0
960380,0
960381,0
960382,0
960383,0
960384,0
960385,0
960386,0
960387,0
960388,0
960389,0
960390,16
960391,20
960392,0
960393,0
960394,0
960395,0
960396,0
960397,0
960398,0
960399,0
960400,0
960401,0
960402,0
960403,0
960404,0
960405,0
960406,0
960407,0
960408,0
960409,0
960410,0
960411,0
960412,0
960413,0
960414,0
960415,0
960416,0
960417,0
960418,0
960419,0
960420,0
960421,0
960422,15
960423,0
960424,0
960425,0
960426,0
960427,0
960428,0
960429,0
960430,0
960431,0
960432,0
960433,0
960434,0
960435,0
960436,0
960437,0
960438,0
960439,0
960440,0
960441,18
960442,0
960443,0
960444,0
960445,0
960446,0
960447,0
960448,0
960449,0
960450,0
960451,0
960452,0
960453,0
960454,13
960455,0
960456,0
960457,0
960458,0
960459,20
960460,0
960461,0
960462,0
960463,0
960464,0
960465,0
960466,0
960467,0
960468,0
960469,0
960470,0
960471,0
960472,0
960473,0
960474,0
960475,18
960476,0
960477,0
960478,17
960479,0
960480,0
960481,0
960482,0
960483,0
960484,0
960485,0
960486,0
960487,0
960488,0
960489,0
960490,0
960491,0
960492,20
960493,0
960494,0
960495,21
960496,0
960497,0
960498,0
960499,0
960500,0
960501,0
960502,21
960503,0
960504,0
960505,0
960506,0
960507,0
960508,14
960509,0
960510,0
960511,0
960512,0
960513,0
960514,20
960515,0
960516,0
960517,0
960518,0
960519,0
960520,0
960521,0
960522,0
960523,0
960524,0
960525,0
960526,15
960527,0
960528,15
960529,0
960530,0
960531,0
960532,19
960533,0
960534,26
960535,0
960536,0
960537,0
960538,7
960539,0
960540,0
960541,0
960542,0
960543,0
960544,0
960545,0
960546,0
960547,0
960548,0
960549,0
960550,0
960551,0
960552,0
960553,0
960554,0
960555,0
960556,0
960557,0
960558,0
960559,0
960560,0
960561,0
960562,15
960563,0
960564,0
960565,25
960566,0
960567,0
960568,0
960569,0
960570,0
960571,0
960572,29
960573,0
960574,32
960575,18
960576,0
960577,14
960578,0
960579,0
960580,0
960581,0
960582,0
960583,0
960584,0
960585,0
960586,14
960587,0
960588,0
960589,0
960590,0
960591,0
960592,0
960593,0
960594,0
960595,20
960596,0
960597,0
960598,0
960599,0
960600,0
960601,31
960602,0
960603,0
960604,0
960605,0
960606,0
960607,0
960608,0
960609,27
960610,17
960611,0
960612,0
960613,0
960614,15
960615,0
960616,0
960617,0
960618,18
960619,0
960620,0
960621,0
960622,0
960623,0
960624,0
960625,0
960626,0
960627,0
960628,0
960629,0
960630,0
960631,0
960632,0
960633,0
960634,22
960635,0
960636,0
960637,0
960638,0
960639,18
960640,0
960641,25
960642,0
960643,0
960644,0
960645,0
960646,0
960647,0
960648,0
960649,0
960650,0
960651,0
960652,0
960653,0
960654,0
960655,0
960656,0
960657,0
960658,0
960659,0
960660,0
960661,0
960662,0
960663,0
960664,0
960665,0
960666,0
960667,0
960668,0
960669,0
960670,0
960671,0
960672,22
960673,0
960674,0
960675,0
960676,0
960677,0
960678,0
960679,0
960680,0
960681,0
960682,0
960683,0
960684,15
960685,0
960686,0
960687,13
960688,0
960689,0
960690,0
960691,0
960692,20
960693,0
960694,0
960695,0
960696,0
960697,0
960698,0
960699,0
960700,0
960701,0
960702,0
960703,23
960704,0
960705,0
960706,0
960707,0
960708,0
960709,0
960710,0
960711,0
960712,24
960713,0
960714,0
960715,0
960716,0
960717,0
960718,0
960719,0
960720,0
960721,0
960722,16
960723,0
960724,19
960725,0
960726,0
960727,0
960728,0
960729,0
960730,0
960731,0
960732,0
960733,0
960734,0
960735,0
960736,0
960737,19
960738,0
960739,0
960740,0
960741,0
960742,0
960743,0
960744,0
960745,0
960746,0
960747,0
960748,0
960749,0
960750,0
960751,0
960752,0
960753,0
960754,0
960755,0
960756,0
960757,0
960758,0
960759,0
960760,0
960761,15
960762,0
960763,0
960764,0
960765,0
960766,0
960767,0
960768,0
960769,0
960770,0
960771,0
960772,0
960773,0
960774,0
960775,0
960776,0
960777,26
960778,0
960779,0
960780,19
960781,0
960782,0
960783,0
960784,0
960785,0
960786,0
960787,0
960788,0
960789,0
960790,24
960791,0
960792,0
960793,0
960794,0
960795,0
960796,15
960797,0
960798,23
960799,0
960800,0
960801,0
960802,0
960803,0
960804,21
960805,0
960806,0
960807,22
960808,0
960809,0
960810,0
960811,0
960812,31
960813,18
960814,0
960815,0
960816,0
960817,0
960818,0
960819,0
960820,0
960821,0
960822,0
960823,0
960824,28
960825,0
960826,0
960827,0
960828,0
960829,0
960830,0
960831,0
960832,27
960833,0
960834,19
960835,0
960836,0
960837,0
960838,0
960839,0
960840,0
960841,0
960842,0
960843,25
960844,20
960845,0
960846,0
960847,0
960848,0
960849,0
960850,0
960851,0
960852,0
960853,0
960854,0
960855,0
960856,0
960857,12
960858,0
960859,0
960860,0
960861,0
960862,0
960863,0
960864,0
960865,0
960866,0
960867,0
960868,18
960869,0
960870,0
960871,0
960872,0
960873,0
960874,23
960875,0
960876,0
960877,0
960878,0
960879,0
960880,0
960881,20
960882,13
960883,0
960884,25
960885,0
960886,0
960887,0
960888,0
960889,0
960890,0
960891,0
960892,0
960893,0
960894,0
960895,0
960896,0
960897,0
960898,0
960899,0
960900,0
960901,0
960902,0
960903,0
960904,0
960905,0
960906,0
960907,0
960908,0
960909,0
960910,0
960911,0
960912,0
960913,0
960914,0
960915,0
960916,0
960917,0
960918,0
960919,0
960920,0
960921,0
960922,12
960923,0
960924,0
960925,0
960926,0
960927,32
960928,0
960929,16
960930,0
960931,0
960932,0
960933,0
960934,36
960935,0
960936,0
960937,0
960938,0
960939,0
960940,19
960941,0
960942,0
960943,0
960944,0
960945,0
960946,0
960947,0
960948,0
960949,0
960950,23
960951,0
960952,0
960953,0
960954,0
960955,22
960956,0
960957,0
960958,0
960959,0
960960,0
960961,0
960962,0
960963,0
960964,17
960965,0
960966,0
960967,35
960968,17
960969,0
960970,23
960971,20
960972,25
960973,0
960974,32
960975,0
960976,0
960977,0
960978,0
960979,0
960980,21
960981,0
960982,0
960983,0
960984,0
960985,0
960986,45
960987,0
960988,0
960989,0
960990,0
960991,0
960992,0
960993,27
960994,17
960995,26
960996,0
960997,39
960998,0
960999,0
961000,21
961001,0
961002,0
961003,0
961004,0
961005,0
961006,0
961007,0
961008,0
961009,0
961010,0
961011,33
961012,0
961013,0
961014,36
961015,0
961016,0
961017,0
961018,0
961019,0
961020,0
961021,0
961022,30
961023,0
961024,0
961025,52
961026,0
961027,0
961028,0
961029,0
961030,0
961031,25
961032,0
961033,0
961034,54
961035,0
961036,0
961037,0
961038,45
961039,0
961040,28
961041,0
961042,0
961043,0
961044,0
961045,0
961046,0
961047,27
961048,0
961049,0
961050,0
961051,0
961052,46
961053,0
961054,0
961055,0
961056,0
961057,0
961058,0
961059,0
961060,0
961061,0
961062,0
961063,0
961064,0
961065,0
961066,0
961067,0
961068,65
961069,24
961070,0
961071,0
961072,0
961073,0
961074,0
961075,0
961076,59
961077,0
961078,0
961079,0
961080,0
961081,0
961082,0
961083,0
961084,0
961085,0
961086,0
961087,41
961088,0
961089,0
961090,31
961091,0
961092,0
961093,0
961094,0
961095,0
961096,0
961097,0
961098,0
961099,64
961100,0
961101,0
961102,0
961103,0
961104,41
961105,0
961106,0
961107,0
961108,0
961109,0
961110,0
961111,0
961112,0
961113,0
961114,46
961115,0
961116,0
961117,0
961118,33
961119,0
961120,68
961121,0
961122,0
961123,0
961124,0
961125,0
961126,39
961127,0
961128,56
961129,0
961130,32
961131,0
961132,0
961133,0
961134,0
961135,61
961136,0
961137,0
961138,36
961139,44
961140,0
961141,0
961142,0
961143,0
961144,0
961145,22
961146,20
961147,0
961148,0
961149,0
961150,0
961151,0
961152,24
961153,0
961154,0
961155,28
961156,21
961157,0
961158,0
961159,0
961160,16
961161,19
961162,22
961163,18
961164,30
961165,20
961166,0
961167,24
961168,27
961169,12
961170,14
961171,0
961172,0
961173,0
961174,22
961175,0
961176,0
961177,14
961178,0
961179,0
961180,31
961181,0
961182,0
961183,24
961184,0
961185,11
961186,0
961187,0
961188,0
961189,0
961190,0
961191,0
961192,0
961193,22
961194,0
961195,0
961196,0
961197,0
961198,0
961199,0
961200,0
961201,10
961202,0
961203,0
961204,0
961205,0
961206,0
961207,0
961208,16
961209,0
961210,19
961211,0
961212,0
961213,0
961214,0
961215,0
961216,0
961217,14
961218,23
961219,0
961220,0
961221,0
961222,0
961223,0
961224,0
961225,0
961226,0
961227,0
961228,0
961229,17
961230,0
961231,0
961232,27
961233,0
961234,19
961235,0
961236,0
961237,12
961238,0
961239,0
961240,27
961241,0
961242,24
961243,30
961244,0
961245,0
961246,0
961247,0
961248,0
961249,0
961250,0
961251,0
961252,26
961253,0
961254,0
961255,0
961256,0
961257,0
961258,0
961259,0
961260,20
961261,0
961262,0
961263,26
961264,0
961265,0
961266,31
961267,0
961268,29
961269,21
961270,0
961271,0
961272,0
961273,21
961274,0
961275,0
961276,23
961277,0
961278,0
961279,0
961280,0
961281,20
961282,0
961283,0
961284,0
961285,0
961286,0
961287,18
961288,0
961289,0
961290,25
961291,0
961292,0
961293,0
961294,20
961295,26
961296,16
961297,0
961298,16
961299,0
961300,27
961301,0
961302,0
961303,0
961304,0
961305,0
961306,0
961307,0
961308,0
961309,0
961310,28
961311,0
961312,0
961313,0
961314,0
961315,0
961316,0
961317,0
961318,0
961319,0
961320,0
961321,0
961322,0
961323,0
961324,0
961325,0
961326,0
961327,0
961328,0
961329,0
961330,0
961331,0
961332,0
961333,0
961334,0
961335,0
961336,0
961337,0
961338,24
961339,0
961340,0
961341,0
961342,20
961343,0
961344,0
961345,0
961346,16
961347,0
961348,0
961349,23
961350,0
961351,0
961352,0
961353,0
961354,0
961355,0
961356,0
961357,27
961358,0
961359,0
961360,0
961361,20
961362,0
961363,0
961364,0
961365,0
961366,0
961367,0
961368,0
961369,0
961370,0
961371,0
961372,20
961373,0
961374,24
961375,0
961376,0
961377,0
961378,0
961379,0
961380,24
961381,0
961382,16
961383,0
961384,0
961385,0
961386,0
961387,0
961388,18
961389,0
961390,0
961391,0
961392,0
961393,0
961394,0
961395,0
961396,0
961397,0
961398,0
961399,0
961400,0
961401,0
961402,0
961403,0
961404,9
961405,0
961406,0
961407,0
961408,0
961409,20
961410,0
961411,0
961412,0
961413,0
961414,0
961415,0
961416,24
961417,0
961418,0
961419,0
961420,0
961421,0
961422,0
961423,0
961424,0
961425,0
961426,16
961427,23
961428,0
961429,0
961430,0
961431,0
961432,0
961433,0
961434,0
961435,0
961436,0
961437,0
961438,0
961439,0
961440,0
961441,0
961442,0
961443,0
961444,0
961445,0
961446,0
961447,0
961448,0
961449,0
961450,0
961451,0
961452,0
961453,0
961454,0
961455,0
961456,0
961457,0
961458,0
961459,0
961460,0
961461,0
961462,23
961463,0
961464,0
961465,24
961466,0
961467,0
961468,0
961469,0
961470,0
961471,16
961472,0
961473,0
961474,0
961475,0
961476,0
961477,0
961478,0
961479,0
961480,0
961481,0
961482,0
961483,0
961484,0
961485,0
961486,0
961487,0
961488,0
961489,0
961490,0
961491,0
961492,0
961493,0
961494,0
961495,0
961496,28
961497,0
961498,0
961499,0
961500,0
961501,0
961502,0
961503,0
961504,0
961505,0
961506,0
961507,0
961508,0
961509,0
961510,0
961511,0
961512,0
961513,0
961514,0
961515,0
961516,0
961517,0
961518,0
961519,0
961520,0
961521,22
961522,0
961523,0
961524,0
961525,0
961526,16
961527,0
961528,19
961529,0
961530,19
961531,0
961532,27
961533,0
961534,18
961535,0
961536,0
961537,0
961538,0
961539,0
961540,0
961541,0
961542,13
961543,0
961544,0
961545,14
961546,0
961547,0
961548,0
961549,0
961550,0
961551,0
961552,0
961553,0
961554,0
961555,0
961556,0
961557,0
961558,0
961559,0
961560,0
961561,0
961562,0
961563,0
961564,0
961565,0
961566,0
961567,0
961568,0
961569,0
961570,29
961571,0
961572,0
961573,0
961574,0
961575,0
961576,0
961577,0
961578,0
961579,0
961580,0
961581,0
961582,0
961583,0
961584,0
961585,0
961586,16
961587,0
961588,0
961589,0
961590,0
961591,0
961592,0
961593,14
961594,0
961595,0
961596,0
961597,0
961598,0
961599,0
961600,0
961601,0
961602,0
961603,0
961604,0
961605,0
961606,0
961607,0
961608,0
961609,0
961610,0
961611,0
961612,0
961613,0
961614,17
961615,0
961616,34
961617,0
961618,0
961619,0
961620,32
961621,15
961622,0
961623,0
961624,0
961625,0
961626,0
961627,0
961628,0
961629,0
961630,0
961631,0
961632,26
961633,0
961634,0
961635,19
961636,0
961637,0
961638,0
961639,0
961640,15
961641,0
961642,0
961643,0
961644,0
961645,0
961646,28
961647,0
961648,0
961649,0
961650,0
961651,0
961652,0
961653,0
961654,0
961655,13
961656,0
961657,0
961658,0
961659,0
961660,0
961661,14
961662,0
961663,22
961664,0
961665,0
961666,0
961667,0
961668,13
961669,0
961670,0
961671,0
961672,0
961673,0
961674,0
961675,0
961676,0
961677,0
961678,0
961679,0
961680,0
961681,0
961682,0
961683,0
961684,0
961685,0
961686,0
961687,25
961688,0
961689,0
961690,0
961691,0
961692,0
961693,0
961694,0
961695,0
961696,0
961697,0
961698,0
961699,0
961700,18
961701,0
961702,0
961703,0
961704,0
961705,0
961706,0
961707,0
961708,0
961709,0
961710,0
961711,0
961712,0
961713,18
961714,31
961715,0
961716,0
961717,0
961718,0
961719,0
961720,0
961721,0
961722,24
961723,0
961724,0
961725,0
961726,0
961727,0
961728,0
961729,0
961730,0
961731,0
961732,0
961733,0
961734,0
961735,24
961736,0
961737,0
961738,0
961739,0
961740,0
961741,0
961742,0
961743,0
961744,0
961745,0
961746,0
961747,0
961748,0
961749,0
961750,22
961751,24
961752,0
961753,0
961754,0
961755,0
961756,0
961757,0
961758,0
961759,22
961760,0
961761,0
961762,0
961763,0
961764,24
961765,0
961766,0
961767,24
961768,0
961769,0
961770,0
961771,0
961772,0
961773,0
961774,0
961775,0
961776,0
961777,0
961778,0
961779,0
961780,0
961781,0
961782,0
961783,0
961784,0
961785,30
961786,0
961787,0
961788,0
961789,0
961790,0
961791,0
961792,0
961793,0
961794,0
961795,0
961796,25
961797,0
961798,0
961799,0
961800,0
961801,0
961802,0
961803,0
961804,0
961805,0
961806,0
961807,0
961808,0
961809,0
961810,0
961811,0
961812,0
961813,0
961814,0
961815,0
961816,0
961817,0
961818,0
961819,23
961820,0
961821,0
961822,0
961823,0
961824,0
961825,0
961826,0
961827,0
961828,0
961829,0
961830,0
961831,0
961832,0
961833,0
961834,0
961835,0
961836,0
961837,0
961838,0
961839,0
961840,0
961841,0
961842,0
961843,0
961844,0
961845,0
961846,0
961847,0
961848,0
961849,0
961850,0
961851,0
961852,0
961853,0
961854,0
961855,0
961856,0
961857,0
961858,0
961859,0
961860,0
961861,0
961862,0
961863,0
961864,0
961865,0
961866,0
961867,0
961868,0
961869,0
961870,0
961871,0
961872,0
961873,0
961874,0
961875,0
961876,0
961877,16
961878,0
961879,0
961880,0
961881,0
961882,0
961883,0
961884,0
961885,0
961886,0
961887,0
961888,29
961889,0
961890,0
961891,0
961892,0
961893,18
961894,0
961895,0
961896,0
961897,0
961898,0
961899,26
961900,0
961901,17
961902,0
961903,0
961904,0
961905,0
961906,0
961907,0
961908,0
961909,0
961910,0
961911,0
961912,0
961913,0
961914,0
961915,0
961916,0
961917,0
961918,0
961919,0
961920,0
961921,0
961922,0
961923,0
961924,0
961925,0
961926,0
961927,0
961928,0
961929,0
961930,25
961931,0
961932,19
961933,0
961934,0
961935,0
961936,0
961937,0
961938,0
961939,0
961940,0
961941,0
961942,0
961943,0
961944,0
961945,0
961946,0
961947,0
961948,0
961949,0
961950,0
961951,0
961952,0
961953,0
961954,0
961955,0
961956,0
961957,0
961958,0
961959,0
961960,0
961961,0
961962,0
961963,0
961964,0
961965,0
961966,0
961967,0
961968,0
961969,0
961970,24
961971,0
961972,0
961973,0
961974,0
961975,0
961976,0
961977,23
961978,20
961979,25
961980,20
961981,0
961982,0
961983,0
961984,0
961985,0
961986,0
961987,0
961988,0
961989,0
961990,26
961991,0
961992,0
961993,0
961994,0
961995,0
961996,0
961997,0
961998,23
961999,0
962000,0
962001,0
962002,0
962003,0
962004,19
962005,0
962006,0
962007,0
962008,0
962009,0
962010,0
962011,0
962012,0
962013,0
962014,0
962015,0
962016,0
962017,0
962018,0
962019,0
962020,0
962021,0
962022,0
962023,0
962024,0
962025,0
962026,0
962027,0
962028,0
962029,0
962030,0
962031,24
962032,0
962033,0
962034,0
962035,0
962036,0
962037,0
962038,0
962039,0
962040,32
962041,0
962042,0
962043,19
962044,0
962045,0
962046,0
962047,0
962048,0
962049,0
962050,0
962051,0
962052,20
962053,0
962054,0
962055,0
962056,0
962057,0
962058,0
962059,0
962060,0
962061,0
962062,0
962063,0
962064,0
962065,0
962066,0
962067,0
962068,0
962069,0
962070,0
962071,0
962072,0
962073,0
962074,0
962075,0
962076,0
962077,0
962078,36
962079,0
962080,0
962081,19
962082,0
962083,0
962084,0
962085,0
962086,0
962087,0
962088,0
962089,0
962090,0
962091,22
962092,0
962093,17
962094,0
962095,0
962096,0
962097,0
962098,0
962099,0
962100,0
962101,14
962102,0
962103,0
962104,0
962105,19
962106,0
962107,0
962108,0
962109,0
962110,0
962111,0
962112,0
962113,0
962114,0
962115,0
962116,0
962117,0
962118,0
962119,0
962120,0
962121,0
962122,25
962123,0
962124,0
962125,0
962126,0
962127,0
962128,0
962129,0
962130,0
962131,0
962132,0
962133,8
962134,0
962135,0
962136,0
962137,0
962138,0
962139,0
962140,0
962141,0
962142,0
962143,0
962144,0
962145,0
962146,8
962147,7
962148,0
962149,0
962150,0
962151,12
962152,6
962153,0
962154,7
962155,0
962156,0
962157,5
962158,12
962159,0
962160,9
962161,0
962162,10
962163,10
962164,0
962165,0
962166,0
962167,0
962168,0
962169,0
962170,0
962171,0
962172,0
962173,8
962174,0
962175,8
962176,0
962177,0
962178,0
962179,0
962180,0
962181,0
962182,0
962183,0
962184,0
962185,12
962186,0
962187,0
962188,0
962189,14
962190,0
962191,0
962192,0
962193,0
962194,0
962195,3
962196,20
962197,6
962198,0
962199,12
962200,0
962201,0
962202,0
962203,0
962204,0
962205,0
962206,4
962207,7
962208,0
962209,0
962210,0
962211,0
962212,0
962213,9
962214,6
962215,0
962216,0
962217,0
962218,0
962219,0
962220,0
962221,0
962222,0
962223,12
962224,0
962225,0
962226,0
962227,0
962228,0
962229,0
962230,10
962231,8
962232,0
962233,0
962234,0
962235,0
962236,0
962237,0
962238,13
962239,5
962240,0
962241,0
962242,0
962243,0
962244,10
962245,0
962246,0
962247,0
962248,21
962249,0
962250,0
962251,0
962252,0
962253,11
962254,0
962255,0
962256,8
962257,0
962258,0
962259,0
962260,0
962261,0
962262,0
962263,0
962264,10
962265,0
962266,0
962267,0
962268,0
962269,9
962270,0
962271,10
962272,0
962273,0
962274,20
962275,12
962276,0
962277,4
962278,0
962279,14
962280,0
962281,0
962282,0
962283,0
962284,0
962285,18
962286,0
962287,11
962288,12
962289,0
962290,0
962291,7
962292,14
962293,0
962294,0
962295,0
962296,0
962297,0
962298,0
962299,0
962300,0
962301,7
962302,8
962303,3
962304,0
962305,7
962306,0
962307,0
962308,0
962309,7
962310,0
962311,0
962312,0
962313,9
962314,2
962315,4
962316,0
962317,10
962318,8
962319,0
962320,0
962321,0
962322,0
962323,0
962324,0
962325,0
962326,22
962327,0
962328,0
962329,7
962330,0
962331,0
962332,0
962333,0
962334,9
962335,9
962336,0
962337,0
962338,0
962339,0
962340,0
962341,0
962342,0
962343,0
962344,4
962345,4
962346,6
962347,0
962348,0
962349,0
962350,7
962351,6
962352,3
962353,0
962354,0
962355,0
962356,0
962357,0
962358,4
962359,0
962360,7
962361,0
962362,0
962363,0
962364,0
962365,6
962366,0
962367,13
962368,0
962369,13
962370,0
962371,16
962372,7
962373,0
962374,0
962375,0
962376,13
962377,0
962378,11
962379,0
962380,0
962381,0
962382,0
962383,0
962384,0
962385,0
962386,0
962387,0
962388,0
962389,0
962390,0
962391,7
962392,0
962393,0
962394,1
962395,9
962396,0
962397,0
962398,0
962399,10
962400,6
962401,1
962402,0
962403,0
962404,0
962405,0
962406,12
962407,0
962408,0
962409,0
962410,13
962411,0
962412,15
962413,11
962414,0
962415,0
962416,0
962417,5
962418,0
962419,0
962420,0
962421,0
962422,9
962423,4
962424,6
962425,0
962426,0
962427,14
962428,0
962429,0
962430,6
962431,0
962432,6
962433,0
962434,0
962435,0
962436,0
962437,0
962438,9
962439,12
962440,6
962441,17
962442,0
962443,0
962444,0
962445,0
962446,0
962447,0
962448,0
962449,0
962450,0
962451,13
962452,27
962453,9
962454,0
962455,0
962456,0
962457,13
962458,10
962459,0
962460,0
962461,0
962462,0
962463,23
962464,2
962465,0
962466,14
962467,0
962468,0
962469,0
962470,0
962471,19
962472,0
962473,0
962474,0
962475,0
962476,20
962477,0
962478,0
962479,0
962480,11
962481,20
962482,11
962483,0
962484,0
962485,0
962486,0
962487,22
962488,0
962489,0
962490,0
962491,11
962492,0
962493,0
962494,0
962495,0
962496,0
962497,0
962498,0
962499,0
962500,14
962501,9
962502,10
962503,0
962504,0
962505,0
962506,0
962507,5
962508,5
962509,10
962510,0
962511,0
962512,0
962513,0
962514,13
962515,0
962516,0
962517,11
962518,0
962519,0
962520,0
962521,0
962522,0
962523,0
962524,0
962525,12
962526,0
962527,10
962528,0
962529,0
962530,0
962531,0
962532,5
962533,0
962534,0
962535,0
962536,9
962537,9
962538,0
962539,0
962540,0
962541,0
962542,0
962543,0
962544,0
962545,0
962546,0
962547,0
962548,0
962549,0
962550,0
962551,0
962552,0
962553,0
962554,0
962555,0
962556,13
962557,0
962558,0
962559,21
962560,0
962561,5
962562,0
962563,0
962564,0
962565,0
962566,0
962567,0
962568,0
962569,0
962570,0
962571,4
962572,0
962573,0
962574,7
962575,0
962576,0
962577,16
962578,10
962579,0
962580,0
962581,0
962582,0
962583,0
962584,7
962585,12
962586,0
962587,0
962588,6
962589,0
962590,5
962591,0
962592,5
962593,0
962594,0
962595,6
962596,13
962597,0
962598,10
962599,7
962600,0
962601,0
962602,0
962603,0
962604,0
962605,0
962606,0
962607,0
962608,17
962609,0
962610,12
962611,0
962612,11
962613,0
962614,0
962615,21
962616,4
962617,7
962618,0
962619,0
962620,0
962621,0
962622,0
962623,0
962624,0
962625,0
962626,11
962627,9
962628,5
962629,0
962630,0
962631,0
962632,0
962633,0
962634,0
962635,14
962636,0
962637,0
962638,0
962639,0
962640,0
962641,10
962642,13
962643,0
962644,0
962645,0
962646,0
962647,7
962648,0
962649,0
962650,11
962651,0
962652,9
962653,18
962654,7
962655,0
962656,0
962657,0
962658,0
962659,0
962660,7
962661,0
962662,0
962663,19
962664,13
962665,13
962666,0
962667,0
962668,0
962669,7
962670,0
962671,18
962672,0
962673,0
962674,0
962675,18
962676,9
962677,0
962678,0
962679,11
962680,0
962681,5
962682,0
962683,0
962684,0
962685,21
962686,0
962687,11
962688,0
962689,0
962690,0
962691,0
962692,0
962693,0
962694,0
962695,0
962696,0
962697,0
962698,0
962699,0
962700,0
962701,0
962702,0
962703,0
962704,0
962705,0
962706,12
962707,0
962708,0
962709,0
962710,0
962711,0
962712,0
962713,0
962714,0
962715,0
962716,0
962717,3
962718,0
962719,0
962720,0
962721,0
962722,0
962723,6
962724,12
962725,0
962726,6
962727,2
962728,0
962729,0
962730,0
962731,0
962732,0
962733,0
962734,0
962735,0
962736,6
962737,0
962738,0
962739,0
962740,8
962741,13
962742,0
962743,0
962744,0
962745,0
962746,0
962747,0
962748,0
962749,0
962750,0
962751,13
962752,8
962753,10
962754,0
962755,14
962756,0
962757,0
962758,0
962759,0
962760,7
962761,14
962762,20
962763,0
962764,0
962765,9
962766,0
962767,0
962768,0
962769,0
962770,0
962771,0
962772,0
962773,0
962774,0
962775,8
962776,0
962777,0
962778,0
962779,0
962780,0
962781,0
962782,0
962783,0
962784,9
962785,0
962786,0
962787,12
962788,0
962789,0
962790,0
962791,7
962792,0
962793,0
962794,1
962795,0
962796,0
962797,17
962798,0
962799,0
962800,0
962801,0
962802,0
962803,0
962804,0
962805,13
962806,0
962807,13
962808,0
962809,9
962810,0
962811,0
962812,0
962813,0
962814,0
962815,0
962816,0
962817,10
962818,8
962819,0
962820,0
962821,0
962822,0
962823,0
962824,0
962825,7
962826,0
962827,9
962828,12
962829,0
962830,0
962831,15
962832,0
962833,0
962834,9
962835,0
962836,0
962837,0
962838,0
962839,0
962840,0
962841,0
962842,0
962843,6
962844,0
962845,0
962846,11
962847,7
962848,2
962849,4
962850,0
962851,11
962852,6
962853,0
962854,0
962855,0
962856,9
962857,11
962858,0
962859,0
962860,0
962861,0
962862,9
962863,0
962864,0
962865,9
962866,0
962867,13
962868,0
962869,0
962870,0
962871,5
962872,10
962873,0
962874,12
962875,0
962876,0
962877,9
962878,0
962879,10
962880,0
962881,10
962882,0
962883,0
962884,0
962885,6
962886,0
962887,0
962888,0
962889,11
962890,12
962891,0
962892,5
962893,0
962894,0
962895,0
962896,0
962897,0
962898,0
962899,0
962900,0
962901,0
962902,9
962903,0
962904,0
962905,0
962906,15
962907,0
962908,0
962909,0
962910,0
962911,0
962912,0
962913,0
962914,0
962915,0
962916,9
962917,0
962918,17
962919,16
962920,0
962921,0
962922,0
962923,0
962924,2
962925,0
962926,0
962927,0
962928,0
962929,0
962930,14
962931,9
962932,0
962933,0
962934,0
962935,0
962936,15
962937,0
962938,17
962939,0
962940,5
962941,0
962942,13
962943,14
962944,0
962945,0
962946,12
962947,0
962948,16
962949,7
962950,0
962951,13
962952,0
962953,23
962954,0
962955,0
962956,9
962957,0
962958,7
962959,0
962960,0
962961,0
962962,6
962963,0
962964,0
962965,0
962966,0
962967,0
962968,0
962969,0
962970,15
962971,1
962972,0
962973,0
962974,0
962975,0
962976,0
962977,0
962978,13
962979,0
962980,0
962981,0
962982,0
962983,0
962984,0
962985,0
962986,0
962987,5
962988,0
962989,0
962990,7
962991,0
962992,0
962993,0
962994,0
962995,0
962996,0
962997,0
962998,8
962999,0
963000,0
963001,2
963002,0
963003,0
963004,0
963005,0
963006,0
963007,11
963008,0
963009,7
963010,7
963011,0
963012,0
963013,0
963014,0
963015,9
963016,0
963017,8
963018,0
963019,0
963020,0
963021,0
963022,4
963023,0
963024,0
963025,0
963026,5
963027,0
963028,0
963029,0
963030,0
963031,7
963032,0
963033,0
963034,0
963035,0
963036,0
963037,11
963038,0
963039,14
963040,0
963041,0
963042,7
963043,0
963044,0
963045,0
963046,5
963047,0
963048,0
963049,0
963050,0
963051,0
963052,0
963053,8
963054,0
963055,0
963056,0
963057,0
963058,0
963059,0
963060,4
963061,19
963062,0
963063,0
963064,0
963065,0
963066,11
963067,0
963068,28
963069,0
963070,7
963071,8
963072,0
963073,14
963074,9
963075,12
963076,0
963077,14
963078,0
963079,15
963080,0
963081,15
963082,0
963083,8
963084,0
963085,0
963086,0
963087,0
963088,20
963089,0
963090,0
963091,11
963092,0
963093,0
963094,0
963095,8
963096,0
963097,12
963098,0
963099,0
963100,0
963101,10
963102,0
963103,3
963104,0
963105,0
963106,13
963107,0
963108,0
963109,13
963110,0
963111,0
963112,0
963113,0
963114,13
963115,0
963116,10
963117,0
963118,0
963119,0
963120,16
963121,0
963122,0
963123,0
963124,13
963125,0
963126,0
963127,12
963128,36
963129,0
963130,0
963131,40
963132,0
963133,0
963134,20
963135,0
963136,0
963137,0
963138,0
963139,28
963140,0
963141,0
963142,0
963143,0
963144,0
963145,0
963146,26
963147,21
963148,40
963149,0
963150,0
963151,0
963152,0
963153,0
963154,0
963155,0
963156,0
963157,0
963158,23
963159,0
963160,0
963161,0
963162,0
963163,26
963164,0
963165,0
963166,0
963167,0
963168,18
963169,49
963170,25
963171,0
963172,0
963173,25
963174,0
963175,0
963176,0
963177,0
963178,0
963179,0
963180,19
963181,17
963182,0
963183,0
963184,0
963185,0
963186,0
963187,0
963188,0
963189,18
963190,0
963191,0
963192,0
963193,0
963194,0
963195,0
963196,0
963197,0
963198,0
963199,16
963200,30
963201,0
963202,0
963203,0
963204,12
963205,0
963206,25
963207,34
963208,31
963209,0
963210,0
963211,0
963212,0
963213,0
963214,0
963215,33
963216,30
963217,0
963218,0
963219,0
963220,0
963221,9
963222,27
963223,0
963224,44
963225,0
963226,0
963227,0
963228,0
963229,0
963230,0
963231,0
963232,0
963233,22
963234,0
963235,0
963236,0
963237,0
963238,23
963239,0
963240,33
963241,0
963242,0
963243,0
963244,0
963245,0
963246,0
963247,0
963248,15
963249,0
963250,0
963251,68
963252,17
963253,0
963254,30
963255,0
963256,0
963257,0
963258,0
963259,0
963260,0
963261,28
963262,50
963263,0
963264,0
963265,0
963266,0
963267,0
963268,0
963269,0
963270,0
963271,53
963272,0
963273,28
963274,0
963275,27
963276,0
963277,0
963278,0
963279,0
963280,0
963281,0
963282,0
963283,0
963284,0
963285,0
963286,24
963287,0
963288,30
963289,0
963290,0
963291,0
963292,0
963293,36
963294,0
963295,55
963296,0
963297,0
963298,47
963299,41
963300,21
963301,0
963302,0
963303,0
963304,18
963305,18
963306,48
963307,0
963308,0
963309,21
963310,81
963311,0
963312,0
963313,0
963314,34
963315,0
963316,24
963317,0
963318,0
963319,0
963320,0
963321,0
963322,0
963323,50
963324,35
963325,0
963326,0
963327,0
963328,0
963329,24
963330,0
963331,0
963332,23
963333,30
963334,0
963335,23
963336,26
963337,21
963338,0
963339,21
963340,28
963341,0
963342,0
963343,24
963344,0
963345,0
963346,0
963347,47
963348,11
963349,0
963350,34
963351,43
963352,0
963353,18
963354,0
963355,0
963356,0
963357,24
963358,0
963359,0
963360,28
963361,0
963362,0
963363,39
963364,22
963365,0
963366,0
963367,26
963368,0
963369,0
963370,0
963371,0
963372,0
963373,0
963374,0
963375,0
963376,25
963377,0
963378,0
963379,22
963380,0
963381,14
963382,0
963383,0
963384,0
963385,20
963386,0
963387,59
963388,0
963389,0
963390,0
963391,24
963392,38
963393,0
963394,0
963395,23
963396,0
963397,42
963398,0
963399,0
963400,0
963401,0
963402,0
963403,27
963404,0
963405,0
963406,0
963407,0
963408,0
963409,0
963410,42
963411,28
963412,26
963413,0
963414,43
963415,32
963416,0
963417,47
963418,0
963419,19
963420,0
963421,0
963422,0
963423,22
963424,0
963425,27
963426,0
963427,0
963428,0
963429,0
963430,0
963431,0
963432,0
963433,29
963434,0
963435,0
963436,0
963437,0
963438,0
963439,0
963440,0
963441,28
963442,0
963443,0
963444,23
963445,0
963446,0
963447,13
963448,0
963449,24
963450,23
963451,0
963452,0
963453,0
963454,0
963455,0
963456,0
963457,0
963458,0
963459,0
963460,0
963461,0
963462,0
963463,0
963464,0
963465,0
963466,45
963467,37
963468,0
963469,0
963470,0
963471,0
963472,0
963473,0
963474,0
963475,36
963476,0
963477,0
963478,36
963479,0
963480,29
963481,0
963482,0
963483,26
963484,19
963485,0
963486,26
963487,40
963488,22
963489,0
963490,0
963491,0
963492,0
963493,0
963494,24
963495,13
963496,0
963497,34
963498,0
963499,23
963500,0
963501,43
963502,0
963503,35
963504,0
963505,0
963506,0
963507,0
963508,0
963509,35
963510,0
963511,0
963512,0
963513,0
963514,0
963515,23
963516,34
963517,34
963518,0
963519,0
963520,22
963521,0
963522,0
963523,0
963524,14
963525,0
963526,22
963527,0
963528,0
963529,13
963530,0
963531,0
963532,31
963533,0
963534,0
963535,28
963536,0
963537,0
963538,0
963539,14
963540,0
963541,26
963542,44
963543,0
963544,0
963545,0
963546,0
963547,28
963548,21
963549,0
963550,0
963551,21
963552,0
963553,0
963554,0
963555,0
963556,32
963557,0
963558,15
963559,25
963560,0
963561,0
963562,0
963563,0
963564,0
963565,0
963566,0
963567,0
963568,0
963569,0
963570,20
963571,0
963572,0
963573,0
963574,0
963575,18
963576,0
963577,0
963578,0
963579,22
963580,0
963581,0
963582,0
963583,0
963584,0
963585,0
963586,0
963587,24
963588,0
963589,0
963590,0
963591,0
963592,0
963593,21
963594,0
963595,0
963596,31
963597,35
963598,0
963599,0
963600,0
963601,0
963602,0
963603,0
963604,0
963605,0
963606,0
963607,31
963608,0
963609,0
963610,0
963611,0
963612,31
963613,0
963614,20
963615,0
963616,28
963617,30
963618,43
963619,0
963620,0
963621,0
963622,0
963623,0
963624,0
963625,27
963626,0
963627,0
963628,0
963629,0
963630,13
963631,0
963632,0
963633,0
963634,16
963635,0
963636,0
963637,0
963638,26
963639,0
963640,0
963641,33
963642,0
963643,0
963644,0
963645,17
963646,25
963647,0
963648,0
963649,0
963650,0
963651,0
963652,0
963653,0
963654,0
963655,0
963656,0
963657,0
963658,0
963659,0
963660,0
963661,23
963662,0
963663,0
963664,26
963665,0
963666,22
963667,0
963668,37
963669,0
963670,31
963671,0
963672,25
963673,36
963674,0
963675,27
963676,0
963677,0
963678,19
963679,0
963680,0
963681,20
963682,0
963683,15
963684,0
963685,0
963686,32
963687,23
963688,0
963689,0
963690,40
963691,31
963692,0
963693,0
963694,0
963695,35
963696,32
963697,0
963698,0
963699,0
963700,0
963701,0
963702,0
963703,0
963704,56
963705,0
963706,22
963707,0
963708,26
963709,24
963710,0
963711,26
963712,36
963713,0
963714,0
963715,19
963716,0
963717,0
963718,0
963719,0
963720,21
963721,0
963722,0
963723,11
963724,0
963725,0
963726,0
963727,0
963728,0
963729,0
963730,0
963731,0
963732,0
963733,0
963734,0
963735,0
963736,0
963737,14
963738,0
963739,0
963740,32
963741,0
963742,0
963743,0
963744,0
963745,27
963746,0
963747,0
963748,0
963749,0
963750,37
963751,0
963752,29
963753,31
963754,0
963755,0
963756,36
963757,0
963758,29
963759,0
963760,0
963761,29
963762,0
963763,0
963764,0
963765,0
963766,0
963767,0
963768,46
963769,0
963770,38
963771,0
963772,30
963773,0
963774,0
963775,0
963776,37
963777,0
963778,0
963779,0
963780,0
963781,0
963782,0
963783,0
963784,0
963785,0
963786,21
963787,30
963788,0
963789,14
963790,0
963791,0
963792,0
963793,33
963794,0
963795,26
963796,0
963797,0
963798,0
963799,0
963800,0
963801,0
963802,0
963803,0
963804,0
963805,0
963806,32
963807,32
963808,0
963809,0
963810,26
963811,0
963812,45
963813,0
963814,0
963815,0
963816,0
963817,30
963818,0
963819,33
963820,0
963821,38
963822,36
963823,0
963824,40
963825,0
963826,0
963827,0
963828,0
963829,0
963830,0
963831,0
963832,0
963833,37
963834,0
963835,0
963836,0
963837,0
963838,0
963839,34
963840,0
963841,20
963842,0
963843,0
963844,0
963845,0
963846,21
963847,0
963848,28
963849,26
963850,0
963851,0
963852,0
963853,0
963854,52
963855,0
963856,0
963857,0
963858,0
963859,0
963860,0
963861,37
963862,0
963863,0
963864,0
963865,40
963866,0
963867,0
963868,0
963869,0
963870,0
963871,38
963872,0
963873,42
963874,0
963875,0
963876,0
963877,0
963878,0
963879,0
963880,0
963881,0
963882,0
963883,0
963884,0
963885,0
963886,0
963887,0
963888,0
963889,32
963890,0
963891,0
963892,38
963893,35
963894,0
963895,0
963896,0
963897,0
963898,0
963899,0
963900,0
963901,0
963902,17
963903,0
963904,0
963905,0
963906,0
963907,31
963908,0
963909,0
963910,0
963911,0
963912,0
963913,0
963914,0
963915,30
963916,0
963917,24
963918,0
963919,0
963920,0
963921,10
963922,46
963923,0
963924,0
963925,0
963926,0
963927,0
963928,27
963929,35
963930,0
963931,21
963932,0
963933,33
963934,23
963935,0
963936,29
963937,27
963938,0
963939,0
963940,30
963941,0
963942,25
963943,0
963944,0
963945,0
963946,32
963947,0
963948,34
963949,25
963950,0
963951,0
963952,0
963953,0
963954,0
963955,0
963956,0
963957,0
963958,0
963959,0
963960,38
963961,36
963962,31
963963,0
963964,0
963965,0
963966,0
963967,16
963968,0
963969,0
963970,13
963971,0
963972,0
963973,0
963974,0
963975,0
963976,33
963977,0
963978,0
963979,0
963980,19
963981,27
963982,0
963983,0
963984,0
963985,0
963986,0
963987,33
963988,0
963989,27
963990,0
963991,0
963992,0
963993,0
963994,0
963995,0
963996,0
963997,0
963998,0
963999,16
964000,0
964001,0
964002,0
964003,21
964004,18
964005,0
964006,0
964007,0
964008,26
964009,21
964010,0
964011,39
964012,21
964013,32
964014,0
964015,0
964016,0
964017,0
964018,22
964019,0
964020,0
964021,0
964022,0
964023,23
964024,30
964025,33
964026,0
964027,29
964028,0
964029,0
964030,39
964031,20
964032,20
964033,0
964034,0
964035,0
964036,30
964037,0
964038,0
964039,0
964040,0
964041,0
964042,0
964043,0
964044,0
964045,0
964046,16
964047,0
964048,0
964049,0
964050,0
964051,14
964052,42
964053,27
964054,0
964055,0
964056,0
964057,0
964058,0
964059,9
964060,0
964061,0
964062,18
964063,0
964064,0
964065,0
964066,0
964067,0
964068,0
964069,34
964070,0
964071,26
964072,0
964073,0
964074,0
964075,20
964076,48
964077,0
964078,0
964079,0
964080,0
964081,0
964082,26
964083,21
964084,0
964085,0
964086,19
964087,0
964088,0
964089,0
964090,0
964091,14
964092,0
964093,35
964094,11
964095,0
964096,0
964097,0
964098,0
964099,0
964100,0
964101,40
964102,0
964103,0
964104,0
964105,0
964106,0
964107,0
964108,0
964109,19
964110,0
964111,0
964112,0
964113,42
964114,15
964115,0
964116,35
964117,0
964118,40
964119,40
964120,0
964121,0
964122,0
964123,0
964124,0
964125,42
964126,0
964127,0
964128,13
964129,0
964130,0
964131,0
964132,0
964133,0
964134,0
964135,0
964136,0
964137,0
964138,50
964139,41
964140,0
964141,44
964142,32
964143,0
964144,0
964145,0
964146,0
964147,0
964148,0
964149,27
964150,0
964151,0
964152,33
964153,0
964154,0
964155,0
964156,0
964157,0
964158,0
964159,0
964160,0
964161,0
964162,0
964163,0
964164,0
964165,25
964166,40
964167,0
964168,0
964169,0
964170,17
964171,0
964172,0
964173,0
964174,0
964175,0
964176,0
964177,0
964178,31
964179,0
964180,36
964181,0
964182,53
964183,0
964184,21
964185,23
964186,28
964187,0
964188,0
964189,0
964190,0
964191,0
964192,0
964193,0
964194,0
964195,0
964196,0
964197,0
964198,0
964199,0
964200,37
964201,0
964202,0
964203,0
964204,0
964205,0
964206,0
964207,0
964208,0
964209,0
964210,0
964211,22
964212,0
964213,0
964214,0
964215,0
964216,0
964217,0
964218,0
964219,0
964220,0
964221,0
964222,0
964223,0
964224,0
964225,0
964226,0
964227,0
964228,43
964229,0
964230,0
964231,0
964232,26
964233,14
964234,0
964235,0
964236,59
964237,0
964238,52
964239,0
964240,0
964241,0
964242,0
964243,0
964244,0
964245,0
964246,0
964247,0
964248,0
964249,0
964250,0
964251,0
964252,0
964253,14
964254,0
964255,0
964256,0
964257,23
964258,0
964259,0
964260,0
964261,0
964262,0
964263,0
964264,0
964265,0
964266,0
964267,0
964268,0
964269,0
964270,0
964271,0
964272,0
964273,0
964274,0
964275,0
964276,0
964277,65
964278,0
964279,0
964280,0
964281,0
964282,0
964283,0
964284,0
964285,0
964286,0
964287,0
964288,0
964289,0
964290,0
964291,0
964292,0
964293,16
964294,0
964295,0
964296,0
964297,0
964298,0
964299,0
964300,0
964301,24
964302,0
964303,0
964304,0
964305,0
964306,0
964307,0
964308,0
964309,0
964310,0
964311,0
964312,0
964313,27
964314,0
964315,0
964316,0
964317,0
964318,0
964319,42
964320,0
964321,0
964322,0
964323,0
964324,0
964325,0
964326,23
964327,75
964328,30
964329,0
964330,0
964331,0
964332,0
964333,0
964334,0
964335,0
964336,0
964337,36
964338,0
964339,0
964340,0
964341,0
964342,25
964343,0
964344,0
964345,46
964346,0
964347,22
964348,0
964349,0
964350,0
964351,0
964352,0
964353,0
964354,0
964355,23
964356,0
964357,0
964358,0
964359,0
964360,0
964361,0
964362,0
964363,0
964364,0
964365,0
964366,0
964367,0
964368,0
964369,22
964370,28
964371,0
964372,0
964373,0
964374,0
964375,0
964376,0
964377,0
964378,0
964379,0
964380,0
964381,0
964382,0
964383,0
964384,0
964385,0
964386,0
964387,0
964388,66
964389,0
964390,28
964391,36
964392,0
964393,0
964394,0
964395,0
964396,0
964397,0
964398,0
964399,0
964400,0
964401,24
964402,0
964403,0
964404,0
964405,0
964406,43
964407,0
964408,0
964409,0
964410,0
964411,34
964412,0
964413,0
964414,28
964415,0
964416,63
964417,0
964418,42
964419,43
964420,27
964421,57
964422,0
964423,0
964424,0
964425,33
964426,0
964427,0
964428,0
964429,17
964430,0
964431,0
964432,0
964433,0
964434,0
964435,0
964436,0
964437,0
964438,0
964439,0
964440,0
964441,0
964442,0
964443,0
964444,0
964445,0
964446,0
964447,41
964448,53
964449,0
964450,0
964451,58
964452,0
964453,0
964454,0
964455,0
964456,0
964457,0
964458,0
964459,13
964460,0
964461,0
964462,0
964463,0
964464,0
964465,0
964466,16
964467,68
964468,0
964469,0
964470,0
964471,26
964472,0
964473,0
964474,16
964475,0
964476,0
964477,0
964478,0
964479,0
964480,0
964481,29
964482,0
964483,28
964484,49
964485,0
964486,0
964487,0
964488,0
964489,0
964490,0
964491,0
964492,0
964493,36
964494,0
964495,0
964496,0
964497,0
964498,0
964499,0
964500,30
964501,0
964502,0
964503,0
964504,0
964505,0
964506,0
964507,30
964508,0
964509,0
964510,0
964511,0
964512,0
964513,0
964514,23
964515,26
964516,0
964517,0
964518,33
964519,0
964520,0
964521,0
964522,8
964523,0
964524,0
964525,0
964526,0
964527,0
964528,0
964529,0
964530,0
964531,41
964532,0
964533,0
964534,0
964535,0
964536,0
964537,19
964538,0
964539,0
964540,0
964541,0
964542,0
964543,0
964544,0
964545,0
964546,38
964547,0
964548,0
964549,0
964550,0
964551,0
964552,0
964553,26
964554,0
964555,0
964556,0
964557,28
964558,0
964559,0
964560,0
964561,0
964562,0
964563,0
964564,0
964565,0
964566,0
964567,0
964568,23
964569,0
964570,0
964571,0
964572,0
964573,0
964574,0
964575,0
964576,0
964577,0
964578,0
964579,0
964580,61
964581,0
964582,0
964583,38
964584,0
964585,0
964586,0
964587,0
964588,0
964589,0
964590,0
964591,0
964592,0
964593,0
964594,0
964595,0
964596,19
964597,0
964598,41
964599,0
964600,0
964601,0
964602,0
964603,29
964604,0
964605,0
964606,0
964607,0
964608,0
964609,0
964610,0
964611,53
964612,28
964613,0
964614,0
964615,0
964616,0
964617,0
964618,0
964619,0
964620,0
964621,0
964622,0
964623,0
964624,0
964625,0
964626,0
964627,0
964628,0
964629,0
964630,0
964631,22
964632,0
964633,0
964634,39
964635,0
964636,0
964637,0
964638,0
964639,20
964640,0
964641,0
964642,0
964643,0
964644,0
964645,0
964646,21
964647,0
964648,0
964649,13
964650,0
964651,61
964652,0
964653,0
964654,0
964655,0
964656,0
964657,0
964658,0
964659,0
964660,0
964661,0
964662,0
964663,0
964664,0
964665,0
964666,0
964667,0
964668,0
964669,0
964670,21
964671,0
964672,0
964673,0
964674,0
964675,0
964676,0
964677,0
964678,0
964679,0
964680,0
964681,0
964682,0
964683,0
964684,0
964685,0
964686,0
964687,0
964688,0
964689,0
964690,0
964691,46
964692,0
964693,0
964694,0
964695,26
964696,0
964697,0
964698,0
964699,0
964700,0
964701,0
964702,0
964703,0
964704,0
964705,0
964706,0
964707,0
964708,0
964709,0
964710,0
964711,0
964712,0
964713,0
964714,0
964715,0
964716,0
964717,0
964718,0
964719,0
964720,0
964721,0
964722,14
964723,0
964724,19
964725,0
964726,58
964727,24
964728,0
964729,17
964730,50
964731,0
964732,0
964733,0
964734,0
964735,0
964736,0
964737,0
964738,0
964739,0
964740,0
964741,0
964742,0
964743,0
964744,0
964745,0
964746,0
964747,0
964748,0
964749,0
964750,35
964751,32
964752,0
964753,0
964754,0
964755,0
964756,0
964757,0
964758,0
964759,0
964760,27
964761,30
964762,0
964763,0
964764,0
964765,0
964766,0
964767,0
964768,0
964769,0
964770,0
964771,0
964772,0
964773,0
964774,0
964775,25
964776,0
964777,37
964778,0
964779,0
964780,31
964781,0
964782,0
964783,0
964784,24
964785,0
964786,0
964787,0
964788,0
964789,0
964790,0
964791,0
964792,0
964793,17
964794,0
964795,0
964796,0
964797,0
964798,0
964799,0
964800,0
964801,0
964802,53
964803,0
964804,0
964805,19
964806,0
964807,0
964808,15
964809,0
964810,0
964811,0
964812,0
964813,25
964814,14
964815,0
964816,0
964817,0
964818,0
964819,0
964820,0
964821,0
964822,0
964823,21
964824,0
964825,17
964826,0
964827,0
964828,11
964829,0
964830,35
964831,34
964832,0
964833,0
964834,30
964835,0
964836,0
964837,0
964838,0
964839,0
964840,9
964841,0
964842,0
964843,0
964844,0
964845,0
964846,0
964847,0
964848,0
964849,0
964850,0
964851,0
964852,0
964853,0
964854,0
964855,0
964856,0
964857,0
964858,0
964859,0
964860,0
964861,0
964862,0
964863,0
964864,17
964865,22
964866,0
964867,0
964868,0
964869,0
964870,36
964871,0
964872,0
964873,0
964874,0
964875,49
964876,0
964877,46
964878,0
964879,0
964880,0
964881,0
964882,0
964883,0
964884,0
964885,0
964886,0
964887,0
964888,0
964889,0
964890,0
964891,47
964892,0
964893,0
964894,0
964895,0
964896,0
964897,0
964898,0
964899,31
964900,30
964901,0
964902,0
964903,0
964904,0
964905,0
964906,0
964907,0
964908,46
964909,34
964910,0
964911,0
964912,0
964913,45
964914,0
964915,33
964916,0
964917,0
964918,0
964919,0
964920,37
964921,0
964922,0
964923,0
964924,0
964925,0
964926,0
964927,0
964928,0
964929,0
964930,0
964931,0
964932,0
964933,0
964934,0
964935,0
964936,0
964937,0
964938,0
964939,0
964940,47
964941,40
964942,23
964943,66
964944,0
964945,57
964946,0
964947,0
964948,36
964949,0
964950,0
964951,0
964952,0
964953,0
964954,24
964955,0
964956,46
964957,0
964958,26
964959,0
964960,0
964961,34
964962,0
964963,0
964964,41
964965,32
964966,0
964967,0
964968,0
964969,35
964970,0
964971,0
964972,0
964973,0
964974,0
964975,0
964976,0
964977,0
964978,33
964979,0
964980,0
964981,0
964982,42
964983,0
964984,0
964985,0
964986,50
964987,34
964988,0
964989,42
964990,42
964991,0
964992,0
964993,0
964994,43
964995,0
964996,0
964997,0
964998,0
964999,0
965000,30
965001,0
965002,0
965003,0
965004,0
965005,0
965006,28
965007,0
965008,36
965009,0
965010,0
965011,35
965012,0
965013,0
965014,41
965015,0
965016,0
965017,61
965018,49
965019,0
965020,0
965021,45
965022,0
965023,36
965024,0
965025,0
965026,0
965027,35
965028,0
965029,0
965030,48
965031,0
965032,0
965033,31
965034,0
965035,32
965036,0
965037,0
965038,0
965039,47
965040,0
965041,0
965042,40
965043,24
965044,0
965045,0
965046,0
965047,0
965048,0
965049,0
965050,70
965051,0
965052,0
965053,0
965054,0
965055,56
965056,0
965057,27
965058,44
965059,0
965060,44
965061,0
965062,0
965063,0
965064,27
965065,40
965066,29
965067,0
965068,0
965069,0
965070,0
965071,42
965072,23
965073,0
965074,0
965075,45
965076,0
965077,0
965078,0
965079,0
965080,0
965081,28
965082,0
965083,42
965084,0
965085,54
965086,0
965087,0
965088,43
965089,0
965090,57
965091,0
965092,0
965093,0
965094,0
965095,0
965096,0
965097,0
965098,0
965099,0
965100,0
965101,0
965102,0
965103,26
965104,0
965105,25
965106,0
965107,0
965108,0
965109,0
965110,49
965111,0
965112,0
965113,0
965114,0
965115,0
965116,0
965117,0
965118,0
965119,0
965120,29
965121,0
965122,0
965123,0
965124,0
965125,0
965126,0
965127,0
965128,0
965129,45
965130,34
965131,0
965132,0
965133,0
965134,0
965135,63
965136,29
965137,0
965138,0
965139,0
965140,0
965141,38
965142,0
965143,51
965144,0
965145,0
965146,0
965147,0
965148,0
965149,0
965150,0
965151,0
965152,38
965153,0
965154,0
965155,0
965156,0
965157,0
965158,0
965159,41
965160,0
965161,0
965162,0
965163,0
965164,0
965165,30
965166,0
965167,0
965168,0
965169,61
965170,57
965171,0
965172,0
965173,0
965174,0
965175,0
965176,0
965177,35
965178,0
965179,29
965180,35
965181,0
965182,0
965183,0
965184,0
965185,0
965186,45
965187,0
965188,0
965189,0
965190,0
965191,0
965192,0
965193,0
965194,0
965195,0
965196,58
965197,28
965198,0
965199,0
965200,0
965201,36
965202,0
965203,33
965204,37
965205,0
965206,0
965207,0
965208,0
965209,0
965210,0
965211,0
965212,0
965213,46
965214,0
965215,0
965216,0
965217,0
965218,0
965219,0
965220,0
965221,0
965222,0
965223,46
965224,0
965225,0
965226,46
965227,0
965228,0
965229,0
965230,0
965231,0
965232,0
965233,0
965234,0
965235,37
965236,21
965237,27
965238,58
965239,0
965240,0
965241,0
965242,0
965243,0
965244,0
965245,0
965246,38
965247,50
965248,0
965249,0
965250,0
965251,0
965252,0
965253,0
965254,0
965255,0
965256,0
965257,0
965258,0
965259,0
965260,0
965261,0
965262,35
965263,0
965264,0
965265,0
965266,36
965267,0
965268,0
965269,47
965270,0
965271,0
965272,0
965273,49
965274,38
965275,0
965276,0
965277,0
965278,0
965279,0
965280,41
965281,0
965282,34
965283,0
965284,0
965285,34
965286,0
965287,0
965288,0
965289,30
965290,0
965291,0
965292,0
965293,0
965294,0
965295,0
965296,40
965297,43
965298,0
965299,0
965300,45
965301,0
965302,0
965303,48
965304,0
965305,0
965306,0
965307,0
965308,0
965309,0
965310,0
965311,0
965312,0
965313,0
965314,0
965315,0
965316,0
965317,0
965318,51
965319,47
965320,32
965321,27
965322,0
965323,0
965324,0
965325,0
965326,27
965327,36
965328,0
965329,0
965330,0
965331,0
965332,0
965333,0
965334,0
965335,28
965336,0
965337,0
965338,29
965339,0
965340,0
965341,0
965342,0
965343,0
965344,0
965345,0
965346,42
965347,0
965348,0
965349,0
965350,35
965351,0
965352,0
965353,33
965354,0
965355,0
965356,0
965357,0
965358,0
965359,30
965360,42
965361,38
965362,0
965363,0
965364,0
965365,0
965366,0
965367,0
965368,31
965369,33
965370,0
965371,0
965372,43
965373,0
965374,39
965375,0
965376,37
965377,0
965378,43
965379,0
965380,0
965381,0
965382,0
965383,44
965384,0
965385,0
965386,32
965387,37
965388,0
965389,41
965390,0
965391,50
965392,0
965393,0
965394,0
965395,42
965396,0
965397,48
965398,36
965399,41
965400,42
965401,0
965402,40
965403,0
965404,0
965405,37
965406,0
965407,0
965408,0
965409,0
965410,0
965411,0
965412,0
965413,0
965414,38
965415,0
965416,0
965417,0
965418,0
965419,0
965420,35
965421,0
965422,0
965423,0
965424,66
965425,0
965426,0
965427,0
965428,33
965429,26
965430,0
965431,0
965432,51
965433,38
965434,0
965435,0
965436,0
965437,0
965438,0
965439,30
965440,31
965441,0
965442,0
965443,0
965444,0
965445,0
965446,33
965447,0
965448,0
965449,0
965450,0
965451,0
965452,0
965453,0
965454,0
965455,0
965456,0
965457,41
965458,50
965459,36
965460,35
965461,0
965462,0
965463,53
965464,0
965465,0
965466,0
965467,0
965468,0
965469,0
965470,40
965471,0
965472,0
965473,0
965474,35
965475,0
965476,0
965477,0
965478,0
965479,0
965480,0
965481,0
965482,0
965483,0
965484,0
965485,0
965486,40
965487,0
965488,0
965489,0
965490,0
965491,50
965492,0
965493,0
965494,0
965495,56
965496,0
965497,0
965498,0
965499,0
965500,0
965501,0
965502,0
965503,0
965504,36
965505,0
965506,0
965507,31
965508,0
965509,0
965510,0
965511,0
965512,32
965513,29
965514,41
965515,0
965516,0
965517,0
965518,0
965519,0
965520,45
965521,0
965522,0
965523,0
965524,0
965525,0
965526,45
965527,0
965528,0
965529,0
965530,0
965531,34
965532,0
965533,0
965534,0
965535,0
965536,34
965537,0
965538,0
965539,0
965540,42
965541,0
965542,0
965543,0
965544,0
965545,28
965546,0
965547,0
965548,0
965549,0
965550,0
965551,0
965552,0
965553,0
965554,35
965555,0
965556,24
965557,0
965558,39
965559,0
965560,0
965561,0
965562,0
965563,0
965564,0
965565,0
965566,0
965567,0
965568,0
965569,0
965570,0
965571,0
965572,38
965573,0
965574,0
965575,0
965576,0
965577,0
965578,0
965579,0
965580,44
965581,0
965582,47
965583,0
965584,0
965585,29
965586,0
965587,0
965588,37
965589,0
965590,0
965591,0
965592,51
965593,0
965594,0
965595,0
965596,0
965597,0
965598,33
965599,50
965600,0
965601,36
965602,0
965603,31
965604,0
965605,0
965606,53
965607,0
965608,0
965609,0
965610,0
965611,0
965612,0
965613,0
965614,0
965615,0
965616,0
965617,43
965618,0
965619,0
965620,44
965621,0
965622,0
965623,58
965624,35
965625,0
965626,41
965627,0
965628,0
965629,0
965630,45
965631,52
965632,35
965633,35
965634,58
965635,0
965636,0
965637,0
965638,0
965639,40
965640,43
965641,0
965642,0
965643,0
965644,0
965645,0
965646,0
965647,0
965648,0
965649,0
965650,0
965651,0
965652,0
965653,0
965654,41
965655,0
965656,0
965657,0
965658,46
965659,0
965660,0
965661,0
965662,43
965663,0
965664,0
965665,0
965666,0
965667,0
965668,0
965669,38
965670,31
965671,33
965672,59
965673,38
965674,0
965675,0
965676,0
965677,0
965678,0
965679,0
965680,35
965681,25
965682,0
965683,63
965684,0
965685,35
965686,0
965687,0
965688,0
965689,0
965690,0
965691,0
965692,0
965693,0
965694,0
965695,0
965696,38
965697,0
965698,0
965699,0
965700,0
965701,0
965702,0
965703,0
965704,0
965705,0
965706,0
965707,0
965708,39
965709,32
965710,42
965711,0
965712,0
965713,0
965714,35
965715,0
965716,0
965717,51
965718,0
965719,0
965720,0
965721,49
965722,0
965723,0
965724,0
965725,0
965726,0
965727,0
965728,0
965729,0
965730,37
965731,0
965732,50
965733,37
965734,0
965735,0
965736,0
965737,60
965738,0
965739,0
965740,33
965741,36
965742,0
965743,38
965744,0
965745,0
965746,0
965747,0
965748,0
965749,34
965750,25
965751,0
965752,24
965753,0
965754,0
965755,26
965756,0
965757,0
965758,20
965759,0
965760,0
965761,0
965762,0
965763,15
965764,0
965765,0
965766,0
965767,0
965768,0
965769,0
965770,0
965771,0
965772,0
965773,18
965774,0
965775,27
965776,0
965777,0
965778,24
965779,0
965780,0
965781,0
965782,0
965783,0
965784,0
965785,0
965786,0
965787,0
965788,0
965789,16
965790,27
965791,0
965792,0
965793,0
965794,0
965795,0
965796,29
965797,0
965798,26
965799,0
965800,0
965801,0
965802,0
965803,0
965804,0
965805,0
965806,0
965807,0
965808,0
965809,0
965810,0
965811,20
965812,0
965813,0
965814,0
965815,22
965816,0
965817,0
965818,15
965819,0
965820,0
965821,24
965822,0
965823,0
965824,0
965825,16
965826,0
965827,35
965828,0
965829,0
965830,0
965831,28
965832,0
965833,11
965834,0
965835,0
965836,32
965837,17
965838,8
965839,0
965840,0
965841,0
965842,0
965843,0
965844,0
965845,25
965846,0
965847,0
965848,15
965849,0
965850,16
965851,0
965852,0
965853,0
965854,0
965855,0
965856,0
965857,0
965858,0
965859,18
965860,0
965861,0
965862,0
965863,33
965864,0
965865,0
965866,0
965867,0
965868,0
965869,0
965870,0
965871,16
965872,0
965873,0
965874,33
965875,0
965876,0
965877,24
965878,30
965879,0
965880,0
965881,0
965882,0
965883,0
965884,0
965885,55
965886,0
965887,0
965888,0
965889,0
965890,0
965891,0
965892,0
965893,27
965894,0
965895,17
965896,0
965897,0
965898,0
965899,0
965900,8
965901,0
965902,0
965903,0
965904,0
965905,22
965906,0
965907,36
965908,0
965909,0
965910,0
965911,0
965912,0
965913,0
965914,0
965915,10
965916,0
965917,0
965918,0
965919,0
965920,0
965921,0
965922,0
965923,0
965924,0
965925,0
965926,0
965927,0
965928,0
965929,0
965930,0
965931,0
965932,0
965933,0
965934,28
965935,0
965936,0
965937,0
965938,0
965939,0
965940,0
965941,0
965942,27
965943,25
965944,0
965945,0
965946,0
965947,0
965948,0
965949,0
965950,0
965951,0
965952,0
965953,0
965954,0
965955,0
965956,0
965957,0
965958,0
965959,0
965960,0
965961,0
965962,28
965963,0
965964,0
965965,26
965966,0
965967,0
965968,0
965969,0
965970,0
965971,0
965972,0
965973,0
965974,0
965975,0
965976,0
965977,0
965978,22
965979,0
965980,13
965981,0
965982,0
965983,0
965984,33
965985,0
965986,0
965987,0
965988,0
965989,0
965990,0
965991,0
965992,0
965993,0
965994,0
965995,35
965996,0
965997,0
965998,0
965999,0
966000,0
966001,0
966002,0
966003,0
966004,0
966005,0
966006,0
966007,0
966008,0
966009,0
966010,0
966011,0
966012,0
966013,0
966014,0
966015,0
966016,0
966017,0
966018,0
966019,0
966020,0
966021,0
966022,35
966023,0
966024,0
966025,0
966026,0
966027,0
966028,0
966029,0
966030,0
966031,0
966032,0
966033,0
966034,0
966035,0
966036,19
966037,55
966038,0
966039,0
966040,0
966041,0
966042,0
966043,0
966044,0
966045,0
966046,0
966047,0
966048,0
966049,0
966050,0
966051,0
966052,0
966053,0
966054,0
966055,0
966056,0
966057,0
966058,0
966059,0
966060,16
966061,0
966062,0
966063,0
966064,0
966065,0
966066,0
966067,23
966068,0
966069,0
966070,0
966071,45
966072,0
966073,15
966074,0
966075,0
966076,0
966077,0
966078,0
966079,0
966080,0
966081,0
966082,0
966083,0
966084,0
966085,0
966086,0
966087,0
966088,0
966089,16
966090,28
966091,41
966092,0
966093,0
966094,0
966095,0
966096,0
966097,0
966098,0
966099,0
966100,0
966101,0
966102,0
966103,19
966104,0
966105,33
966106,0
966107,0
966108,0
966109,0
966110,0
966111,0
966112,0
966113,0
966114,0
966115,0
966116,0
966117,0
966118,32
966119,0
966120,0
966121,7
966122,14
966123,0
966124,10
966125,0
966126,18
966127,0
966128,0
966129,0
966130,12
966131,41
966132,0
966133,0
966134,0
966135,18
966136,0
966137,0
966138,0
966139,0
966140,0
966141,0
966142,0
966143,0
966144,0
966145,0
966146,0
966147,0
966148,0
966149,5
966150,0
966151,0
966152,0
966153,0
966154,0
966155,18
966156,0
966157,0
966158,18
966159,24
966160,0
966161,0
966162,0
966163,0
966164,0
966165,19
966166,0
966167,24
966168,0
966169,0
966170,29
966171,0
966172,0
966173,0
966174,0
966175,0
966176,0
966177,0
966178,0
966179,0
966180,0
966181,0
966182,0
966183,16
966184,0
966185,26
966186,0
966187,0
966188,0
966189,0
966190,0
966191,0
966192,0
966193,0
966194,0
966195,0
966196,0
966197,22
966198,0
966199,0
966200,24
966201,0
966202,0
966203,0
966204,0
966205,0
966206,0
966207,0
966208,0
966209,0
966210,0
966211,19
966212,0
966213,0
966214,0
966215,0
966216,0
966217,0
966218,0
966219,0
966220,0
966221,0
966222,23
966223,0
966224,0
966225,0
966226,0
966227,0
966228,0
966229,0
966230,0
966231,24
966232,0
966233,38
966234,0
966235,0
966236,0
966237,13
966238,0
966239,0
966240,35
966241,0
966242,0
966243,0
966244,0
966245,0
966246,25
966247,0
966248,0
966249,0
966250,0
966251,22
966252,0
966253,0
966254,0
966255,0
966256,0
966257,0
966258,0
966259,0
966260,0
966261,0
966262,0
966263,0
966264,0
966265,0
966266,9
966267,0
966268,0
966269,29
966270,0
966271,0
966272,0
966273,0
966274,0
966275,0
966276,24
966277,0
966278,0
966279,0
966280,0
966281,0
966282,0
966283,0
966284,0
966285,16
966286,0
966287,0
966288,0
966289,0
966290,0
966291,0
966292,0
966293,0
966294,14
966295,0
966296,28
966297,0
966298,0
966299,0
966300,0
966301,0
966302,0
966303,0
966304,0
966305,0
966306,0
966307,0
966308,0
966309,0
966310,0
966311,0
966312,0
966313,0
966314,0
966315,0
966316,0
966317,0
966318,0
966319,0
966320,0
966321,0
966322,0
966323,0
966324,21
966325,0
966326,0
966327,0
966328,0
966329,26
966330,0
966331,27
966332,0
966333,0
966334,0
966335,0
966336,0
966337,0
966338,0
966339,0
966340,28
966341,0
966342,0
966343,0
966344,0
966345,0
966346,0
966347,0
966348,0
966349,0
966350,0
966351,0
966352,0
966353,0
966354,0
966355,31
966356,0
966357,0
966358,0
966359,0
966360,22
966361,0
966362,0
966363,0
966364,23
966365,0
966366,0
966367,0
966368,0
966369,0
966370,0
966371,0
966372,0
966373,0
966374,0
966375,0
966376,0
966377,0
966378,19
966379,0
966380,41
966381,0
966382,0
966383,36
966384,0
966385,0
966386,0
966387,0
966388,0
966389,0
966390,0
966391,0
966392,0
966393,0
966394,0
966395,0
966396,0
966397,0
966398,19
966399,0
966400,0
966401,0
966402,0
966403,0
966404,0
966405,0
966406,0
966407,0
966408,0
966409,0
966410,26
966411,0
966412,18
966413,0
966414,0
966415,24
966416,0
966417,13
966418,0
966419,0
966420,24
966421,0
966422,8
966423,0
966424,31
966425,0
966426,0
966427,0
966428,0
966429,0
966430,17
966431,0
966432,0
966433,0
966434,0
966435,0
966436,0
966437,0
966438,0
966439,0
966440,31
966441,0
966442,0
966443,0
966444,0
966445,0
966446,0
966447,0
966448,0
966449,0
966450,0
966451,0
966452,0
966453,0
966454,0
966455,0
966456,0
966457,15
966458,0
966459,0
966460,0
966461,0
966462,0
966463,0
966464,0
966465,0
966466,0
966467,0
966468,0
966469,53
966470,0
966471,0
966472,0
966473,0
966474,0
966475,0
966476,0
966477,0
966478,0
966479,0
966480,0
966481,0
966482,0
966483,0
966484,0
966485,0
966486,0
966487,0
966488,22
966489,0
966490,0
966491,0
966492,0
966493,0
966494,38
966495,0
966496,0
966497,0
966498,0
966499,0
966500,0
966501,0
966502,0
966503,0
966504,0
966505,0
966506,0
966507,0
966508,0
966509,0
966510,0
966511,0
966512,0
966513,0
966514,0
966515,20
966516,0
966517,0
966518,0
966519,0
966520,0
966521,0
966522,0
966523,21
966524,0
966525,0
966526,0
966527,0
966528,0
966529,0
966530,0
966531,0
966532,0
966533,0
966534,0
966535,0
966536,0
966537,58
966538,0
966539,0
966540,0
966541,8
966542,0
966543,0
966544,0
966545,21
966546,0
966547,0
966548,0
966549,0
966550,0
966551,50
966552,0
966553,19
966554,0
966555,0
966556,27
966557,14
966558,0
966559,0
966560,0
966561,0
966562,0
966563,0
966564,28
966565,0
966566,0
966567,13
966568,14
966569,0
966570,0
966571,0
966572,0
966573,0
966574,0
966575,0
966576,0
966577,0
966578,0
966579,0
966580,0
966581,0
966582,13
966583,7
966584,6
966585,17
966586,0
966587,0
966588,0
966589,8
966590,0
966591,0
966592,0
966593,0
966594,0
966595,20
966596,13
966597,0
966598,0
966599,0
966600,0
966601,0
966602,0
966603,0
966604,0
966605,0
966606,0
966607,11
966608,0
966609,0
966610,0
966611,0
966612,10
966613,11
966614,0
966615,0
966616,0
966617,10
966618,0
966619,0
966620,0
966621,0
966622,0
966623,0
966624,0
966625,0
966626,16
966627,0
966628,0
966629,0
966630,0
966631,0
966632,0
966633,11
966634,11
966635,0
966636,0
966637,0
966638,0
966639,0
966640,11
966641,0
966642,10
966643,0
966644,0
966645,0
966646,0
966647,0
966648,0
966649,0
966650,0
966651,0
966652,0
966653,0
966654,0
966655,0
966656,10
966657,0
966658,0
966659,0
966660,0
966661,0
966662,0
966663,0
966664,0
966665,0
966666,0
966667,0
966668,0
966669,0
966670,11
966671,0
966672,0
966673,0
966674,0
966675,12
966676,17
966677,0
966678,17
966679,0
966680,14
966681,0
966682,0
966683,0
966684,0
966685,0
966686,8
966687,15
966688,0
966689,0
966690,0
966691,15
966692,0
966693,0
966694,0
966695,0
966696,17
966697,0
966698,7
966699,0
966700,0
966701,0
966702,0
966703,8
966704,0
966705,0
966706,0
966707,0
966708,0
966709,0
966710,13
966711,0
966712,0
966713,0
966714,24
966715,9
966716,0
966717,0
966718,0
966719,0
966720,0
966721,0
966722,0
966723,0
966724,0
966725,0
966726,17
966727,0
966728,24
966729,0
966730,0
966731,0
966732,0
966733,10
966734,0
966735,0
966736,0
966737,7
966738,0
966739,0
966740,0
966741,0
966742,10
966743,0
966744,0
966745,0
966746,8
966747,0
966748,0
966749,0
966750,0
966751,17
966752,0
966753,0
966754,0
966755,0
966756,0
966757,0
966758,0
966759,10
966760,0
966761,0
966762,8
966763,0
966764,0
966765,15
966766,0
966767,0
966768,0
966769,0
966770,0
966771,0
966772,0
966773,0
966774,0
966775,0
966776,0
966777,11
966778,0
966779,0
966780,0
966781,0
966782,0
966783,0
966784,0
966785,0
966786,0
966787,0
966788,0
966789,0
966790,0
966791,0
966792,0
966793,0
966794,0
966795,0
966796,0
966797,0
966798,0
966799,0
966800,0
966801,0
966802,0
966803,13
966804,0
966805,0
966806,0
966807,0
966808,23
966809,0
966810,0
966811,0
966812,0
966813,0
966814,0
966815,0
966816,0
966817,0
966818,0
966819,0
966820,0
966821,0
966822,0
966823,11
966824,0
966825,0
966826,0
966827,0
966828,21
966829,0
966830,0
966831,0
966832,8
966833,0
966834,0
966835,0
966836,12
966837,0
966838,0
966839,16
966840,0
966841,0
966842,0
966843,0
966844,0
966845,0
966846,0
966847,0
966848,0
966849,0
966850,0
966851,0
966852,0
966853,0
966854,0
966855,0
966856,0
966857,0
966858,0
966859,11
966860,8
966861,0
966862,0
966863,0
966864,14
966865,0
966866,16
966867,0
966868,0
966869,9
966870,0
966871,13
966872,0
966873,0
966874,14
966875,0
966876,0
966877,20
966878,10
966879,0
966880,0
966881,0
966882,0
966883,0
966884,0
966885,0
966886,0
966887,0
966888,0
966889,0
966890,0
966891,0
966892,0
966893,0
966894,0
966895,0
966896,0
966897,0
966898,0
966899,0
966900,0
966901,0
966902,0
966903,0
966904,41
966905,0
966906,0
966907,0
966908,0
966909,0
966910,0
966911,0
966912,0
966913,0
966914,0
966915,0
966916,0
966917,0
966918,0
966919,0
966920,0
966921,0
966922,0
966923,0
966924,0
966925,0
966926,0
966927,0
966928,0
966929,0
966930,0
966931,0
966932,27
966933,0
966934,0
966935,0
966936,0
966937,0
966938,0
966939,0
966940,0
966941,0
966942,0
966943,0
966944,0
966945,0
966946,0
966947,0
966948,0
966949,0
966950,0
966951,27
966952,0
966953,0
966954,0
966955,0
966956,0
966957,0
966958,0
966959,0
966960,47
966961,0
966962,0
966963,0
966964,0
966965,0
966966,0
966967,0
966968,0
966969,0
966970,0
966971,0
966972,0
966973,0
966974,0
966975,0
966976,0
966977,0
966978,0
966979,0
966980,0
966981,0
966982,0
966983,0
966984,39
966985,0
966986,0
966987,0
966988,0
966989,0
966990,0
966991,0
966992,0
966993,0
966994,0
966995,0
966996,0
966997,0
966998,0
966999,0
967000,0
967001,0
967002,0
967003,0
967004,0
967005,0
967006,0
967007,0
967008,0
967009,32
967010,0
967011,0
967012,0
967013,42
967014,0
967015,0
967016,0
967017,0
967018,0
967019,0
967020,0
967021,0
967022,0
967023,0
967024,0
967025,0
967026,0
967027,0
967028,0
967029,0
967030,0
967031,0
967032,0
967033,0
967034,0
967035,0
967036,31
967037,21
967038,0
967039,0
967040,0
967041,0
967042,0
967043,0
967044,32
967045,0
967046,35
967047,0
967048,0
967049,0
967050,0
967051,29
967052,0
967053,29
967054,0
967055,0
967056,0
967057,0
967058,0
967059,0
967060,0
967061,16
967062,0
967063,0
967064,0
967065,0
967066,0
967067,0
967068,40
967069,39
967070,0
967071,27
967072,0
967073,0
967074,0
967075,0
967076,0
967077,0
967078,0
967079,0
967080,27
967081,0
967082,0
967083,0
967084,0
967085,0
967086,0
967087,0
967088,0
967089,0
967090,0
967091,0
967092,0
967093,0
967094,40
967095,23
967096,0
967097,0
967098,0
967099,0
967100,0
967101,0
967102,0
967103,0
967104,0
967105,33
967106,0
967107,0
967108,0
967109,0
967110,0
967111,0
967112,0
967113,0
967114,0
967115,0
967116,0
967117,0
967118,0
967119,0
967120,0
967121,0
967122,0
967123,0
967124,0
967125,0
967126,0
967127,0
967128,0
967129,0
967130,0
967131,0
967132,0
967133,0
967134,0
967135,24
967136,0
967137,0
967138,0
967139,0
967140,0
967141,0
967142,32
967143,23
967144,34
967145,0
967146,0
967147,28
967148,0
967149,0
967150,0
967151,0
967152,0
967153,0
967154,0
967155,0
967156,0
967157,0
967158,0
967159,0
967160,0
967161,0
967162,25
967163,0
967164,29
967165,0
967166,0
967167,0
967168,0
967169,0
967170,0
967171,0
967172,0
967173,30
967174,0
967175,0
967176,0
967177,0
967178,0
967179,0
967180,0
967181,0
967182,0
967183,0
967184,42
967185,0
967186,0
967187,0
967188,0
967189,0
967190,0
967191,0
967192,28
967193,0
967194,0
967195,0
967196,0
967197,0
967198,0
967199,0
967200,0
967201,0
967202,0
967203,0
967204,0
967205,0
967206,0
967207,0
967208,0
967209,0
967210,0
967211,0
967212,0
967213,0
967214,0
967215,0
967216,0
967217,0
967218,0
967219,0
967220,0
967221,0
967222,0
967223,0
967224,0
967225,0
967226,0
967227,0
967228,0
967229,0
967230,0
967231,0
967232,36
967233,31
967234,30
967235,27
967236,0
967237,0
967238,0
967239,0
967240,0
967241,0
967242,0
967243,0
967244,0
967245,0
967246,0
967247,0
967248,0
967249,0
967250,0
967251,0
967252,0
967253,53
967254,0
967255,0
967256,0
967257,0
967258,0
967259,0
967260,0
967261,0
967262,0
967263,0
967264,0
967265,0
967266,0
967267,0
967268,0
967269,0
967270,0
967271,0
967272,0
967273,0
967274,0
967275,0
967276,0
967277,0
967278,0
967279,0
967280,0
967281,0
967282,33
967283,0
967284,0
967285,0
967286,0
967287,0
967288,0
967289,0
967290,0
967291,0
967292,35
967293,0
967294,0
967295,33
967296,0
967297,0
967298,0
967299,0
967300,0
967301,0
967302,0
967303,0
967304,0
967305,0
967306,0
967307,0
967308,0
967309,0
967310,0
967311,23
967312,0
967313,0
967314,0
967315,0
967316,0
967317,0
967318,0
967319,0
967320,0
967321,0
967322,24
967323,0
967324,0
967325,0
967326,0
967327,33
967328,0
967329,0
967330,26
967331,0
967332,0
967333,0
967334,0
967335,0
967336,0
967337,0
967338,0
967339,0
967340,0
967341,0
967342,0
967343,0
967344,0
967345,0
967346,0
967347,0
967348,0
967349,0
967350,0
967351,0
967352,0
967353,0
967354,0
967355,0
967356,0
967357,0
967358,0
967359,0
967360,0
967361,0
967362,0
967363,0
967364,0
967365,0
967366,0
967367,0
967368,0
967369,0
967370,25
967371,35
967372,0
967373,0
967374,0
967375,0
967376,0
967377,0
967378,0
967379,0
967380,0
967381,0
967382,0
967383,0
967384,0
967385,0
967386,0
967387,0
967388,0
967389,0
967390,0
967391,0
967392,0
967393,0
967394,0
967395,0
967396,28
967397,0
967398,0
967399,0
967400,0
967401,0
967402,48
967403,0
967404,0
967405,0
967406,0
967407,0
967408,0
967409,0
967410,0
967411,0
967412,0
967413,0
967414,0
967415,0
967416,0
967417,0
967418,0
967419,0
967420,0
967421,0
967422,0
967423,0
967424,0
967425,0
967426,38
967427,0
967428,0
967429,0
967430,0
967431,0
967432,33
967433,34
967434,0
967435,0
967436,0
967437,0
967438,0
967439,0
967440,0
967441,0
967442,0
967443,0
967444,0
967445,0
967446,0
967447,0
967448,30
967449,0
967450,0
967451,0
967452,23
967453,0
967454,0
967455,0
967456,0
967457,0
967458,0
967459,0
967460,0
967461,0
967462,0
967463,0
967464,0
967465,42
967466,0
967467,0
967468,0
967469,0
967470,0
967471,0
967472,0
967473,0
967474,0
967475,0
967476,32
967477,0
967478,0
967479,0
967480,0
967481,0
967482,0
967483,0
967484,0
967485,0
967486,0
967487,0
967488,0
967489,0
967490,0
967491,0
967492,0
967493,0
967494,0
967495,0
967496,0
967497,0
967498,0
967499,0
967500,0
967501,0
967502,0
967503,0
967504,0
967505,0
967506,0
967507,0
967508,40
967509,0
967510,0
967511,0
967512,0
967513,0
967514,0
967515,36
967516,0
967517,0
967518,0
967519,0
967520,0
967521,0
967522,0
967523,0
967524,0
967525,0
967526,0
967527,18
967528,0
967529,0
967530,0
967531,44
967532,0
967533,0
967534,0
967535,0
967536,0
967537,0
967538,0
967539,0
967540,0
967541,0
967542,0
967543,0
967544,26
967545,0
967546,0
967547,0
967548,28
967549,0
967550,0
967551,0
967552,0
967553,0
967554,0
967555,0
967556,0
967557,0
967558,0
967559,0
967560,0
967561,0
967562,0
967563,0
967564,0
967565,0
967566,0
967567,0
967568,0
967569,0
967570,0
967571,0
967572,0
967573,0
967574,0
967575,0
967576,0
967577,0
967578,0
967579,0
967580,0
967581,0
967582,0
967583,0
967584,35
967585,19
967586,0
967587,0
967588,0
967589,0
967590,0
967591,0
967592,0
967593,0
967594,0
967595,0
967596,0
967597,0
967598,0
967599,0
967600,0
967601,0
967602,0
967603,0
967604,0
967605,0
967606,0
967607,0
967608,0
967609,0
967610,0
967611,0
967612,0
967613,0
967614,0
967615,29
967616,0
967617,0
967618,0
967619,0
967620,0
967621,0
967622,0
967623,0
967624,0
967625,0
967626,0
967627,0
967628,32
967629,0
967630,0
967631,0
967632,0
967633,0
967634,0
967635,0
967636,43
967637,0
967638,0
967639,0
967640,0
967641,0
967642,0
967643,0
967644,0
967645,0
967646,0
967647,0
967648,34
967649,0
967650,0
967651,0
967652,0
967653,30
967654,0
967655,0
967656,0
967657,0
967658,0
967659,0
967660,0
967661,0
967662,0
967663,0
967664,0
967665,0
967666,0
967667,0
967668,0
967669,0
967670,0
967671,0
967672,0
967673,0
967674,0
967675,0
967676,0
967677,0
967678,0
967679,0
967680,0
967681,0
967682,0
967683,0
967684,0
967685,0
967686,0
967687,31
967688,0
967689,0
967690,0
967691,0
967692,0
967693,0
967694,25
967695,0
967696,0
967697,0
967698,0
967699,0
967700,28
967701,8
967702,0
967703,0
967704,0
967705,0
967706,0
967707,0
967708,0
967709,0
967710,0
967711,0
967712,0
967713,0
967714,17
967715,29
967716,0
967717,0
967718,0
967719,0
967720,0
967721,19
967722,0
967723,0
967724,0
967725,0
967726,0
967727,0
967728,0
967729,0
967730,0
967731,0
967732,0
967733,0
967734,0
967735,0
967736,0
967737,0
967738,0
967739,20
967740,0
967741,0
967742,0
967743,0
967744,0
967745,0
967746,0
967747,30
967748,34
967749,30
967750,0
967751,0
967752,0
967753,0
967754,0
967755,0
967756,0
967757,0
967758,0
967759,0
967760,0
967761,0
967762,0
967763,31
967764,0
967765,0
967766,0
967767,0
967768,14
967769,26
967770,0
967771,35
967772,0
967773,0
967774,0
967775,0
967776,0
967777,0
967778,0
967779,0
967780,0
967781,0
967782,0
967783,20
967784,0
967785,0
967786,0
967787,0
967788,0
967789,0
967790,0
967791,0
967792,0
967793,43
967794,0
967795,0
967796,0
967797,0
967798,0
967799,14
967800,0
967801,0
967802,0
967803,0
967804,0
967805,14
967806,0
967807,0
967808,0
967809,0
967810,0
967811,0
967812,0
967813,27
967814,0
967815,0
967816,40
967817,0
967818,0
967819,0
967820,0
967821,0
967822,0
967823,0
967824,0
967825,0
967826,0
967827,0
967828,0
967829,26
967830,0
967831,36
967832,0
967833,0
967834,0
967835,0
967836,0
967837,0
967838,0
967839,0
967840,0
967841,8
967842,0
967843,22
967844,0
967845,0
967846,0
967847,0
967848,0
967849,0
967850,0
967851,19
967852,0
967853,0
967854,0
967855,0
967856,0
967857,0
967858,0
967859,0
967860,0
967861,0
967862,0
967863,0
967864,0
967865,0
967866,0
967867,0
967868,0
967869,0
967870,0
967871,0
967872,0
967873,23
967874,0
967875,0
967876,0
967877,0
967878,18
967879,0
967880,30
967881,0
967882,0
967883,0
967884,0
967885,0
967886,0
967887,0
967888,0
967889,0
967890,0
967891,0
967892,0
967893,0
967894,0
967895,0
967896,0
967897,0
967898,0
967899,28
967900,0
967901,0
967902,0
967903,0
967904,0
967905,0
967906,0
967907,31
967908,0
967909,0
967910,0
967911,38
967912,0
967913,0
967914,0
967915,0
967916,0
967917,0
967918,0
967919,0
967920,0
967921,0
967922,37
967923,0
967924,29
967925,0
967926,0
967927,0
967928,0
967929,0
967930,0
967931,0
967932,0
967933,0
967934,37
967935,0
967936,0
967937,0
967938,0
967939,0
967940,0
967941,0
967942,0
967943,0
967944,0
967945,0
967946,21
967947,0
967948,0
967949,0
967950,0
967951,0
967952,0
967953,0
967954,0
967955,0
967956,0
967957,21
967958,29
967959,0
967960,0
967961,0
967962,20
967963,0
967964,22
967965,0
967966,0
967967,0
967968,0
967969,0
967970,0
967971,0
967972,13
967973,0
967974,29
967975,0
967976,0
967977,0
967978,0
967979,0
967980,0
967981,0
967982,29
967983,0
967984,0
967985,0
967986,32
967987,0
967988,0
967989,0
967990,0
967991,0
967992,12
967993,37
967994,0
967995,0
967996,0
967997,0
967998,0
967999,0
968000,41
968001,0
968002,0
968003,0
968004,0
968005,0
968006,0
968007,0
968008,40
968009,0
968010,0
968011,0
968012,0
968013,0
968014,0
968015,25
968016,0
968017,0
968018,0
968019,0
968020,0
968021,0
968022,0
968023,0
968024,0
968025,0
968026,0
968027,0
968028,0
968029,0
968030,0
968031,0
968032,0
968033,0
968034,0
968035,0
968036,0
968037,0
968038,0
968039,0
968040,0
968041,0
968042,0
968043,0
968044,0
968045,0
968046,0
968047,0
968048,0
968049,0
968050,0
968051,0
968052,0
968053,0
968054,18
968055,0
968056,20
968057,0
968058,0
968059,0
968060,0
968061,0
968062,0
968063,0
968064,0
968065,0
968066,0
968067,0
968068,0
968069,23
968070,23
968071,0
968072,0
968073,0
968074,0
968075,0
968076,0
968077,0
968078,0
968079,0
968080,0
968081,16
968082,0
968083,27
968084,13
968085,0
968086,0
968087,0
968088,32
968089,0
968090,0
968091,0
968092,33
968093,0
968094,0
968095,0
968096,0
968097,0
968098,0
968099,0
968100,0
968101,0
968102,0
968103,0
968104,0
968105,0
968106,0
968107,0
968108,0
968109,0
968110,0
968111,0
968112,0
968113,0
968114,0
968115,0
968116,0
968117,0
968118,0
968119,0
968120,0
968121,0
968122,0
968123,0
968124,0
968125,0
968126,0
968127,44
968128,0
968129,0
968130,0
968131,0
968132,0
968133,0
968134,23
968135,0
968136,0
968137,0
968138,0
968139,0
968140,0
968141,0
968142,0
968143,0
968144,0
968145,0
968146,0
968147,0
968148,0
968149,0
968150,0
968151,0
968152,0
968153,0
968154,0
968155,15
968156,0
968157,0
968158,0
968159,0
968160,0
968161,0
968162,0
968163,0
968164,0
968165,0
968166,0
968167,0
968168,0
968169,0
968170,0
968171,0
968172,0
968173,34
968174,0
968175,0
968176,0
968177,0
968178,0
968179,0
968180,0
968181,22
968182,0
968183,0
968184,0
968185,23
968186,31
968187,0
968188,0
968189,0
968190,0
968191,0
968192,0
968193,0
968194,0
968195,0
968196,0
968197,34
968198,0
968199,0
968200,35
968201,0
968202,15
968203,0
968204,0
968205,0
968206,0
968207,0
968208,0
968209,0
968210,0
968211,0
968212,27
968213,0
968214,0
968215,0
968216,0
968217,0
968218,21
968219,0
968220,0
968221,0
968222,0
968223,0
968224,0
968225,0
968226,0
968227,0
968228,0
968229,0
968230,0
968231,0
968232,0
968233,0
968234,0
968235,0
968236,0
968237,0
968238,0
968239,18
968240,0
968241,0
968242,0
968243,0
968244,0
968245,0
968246,0
968247,0
968248,0
968249,0
968250,19
968251,0
968252,0
968253,0
968254,0
968255,0
968256,0
968257,0
968258,0
968259,0
968260,39
968261,0
968262,0
968263,0
968264,0
968265,0
968266,0
968267,0
968268,25
968269,27
968270,0
968271,0
968272,0
968273,0
968274,0
968275,0
968276,0
968277,0
968278,0
968279,0
968280,0
968281,0
968282,0
968283,0
968284,0
968285,0
968286,0
968287,0
968288,26
968289,0
968290,0
968291,0
968292,0
968293,0
968294,0
968295,0
968296,0
968297,0
968298,0
968299,0
968300,0
968301,0
968302,0
968303,21
968304,0
968305,0
968306,23
968307,0
968308,0
968309,0
968310,0
968311,0
968312,0
968313,19
968314,0
968315,0
968316,0
968317,0
968318,0
968319,0
968320,0
968321,0
968322,0
968323,0
968324,0
968325,27
968326,0
968327,0
968328,0
968329,0
968330,0
968331,0
968332,0
968333,46
968334,0
968335,0
968336,0
968337,0
968338,0
968339,0
968340,0
968341,0
968342,0
968343,0
968344,0
968345,0
968346,0
968347,0
968348,34
968349,0
968350,0
968351,0
968352,0
968353,0
968354,0
968355,0
968356,22
968357,10
968358,0
968359,0
968360,0
968361,0
968362,0
968363,0
968364,34
968365,0
968366,0
968367,0
968368,0
968369,0
968370,23
968371,0
968372,0
968373,26
968374,0
968375,0
968376,0
968377,24
968378,0
968379,0
968380,0
968381,0
968382,0
968383,0
968384,0
968385,0
968386,18
968387,27
968388,0
968389,0
968390,0
968391,15
968392,0
968393,0
968394,0
968395,0
968396,0
968397,0
968398,0
968399,0
968400,0
968401,9
968402,0
968403,0
968404,0
968405,0
968406,0
968407,0
968408,29
968409,0
968410,0
968411,0
968412,0
968413,0
968414,0
968415,0
968416,0
968417,0
968418,29
968419,23
968420,0
968421,0
968422,0
968423,0
968424,0
968425,23
968426,20
968427,0
968428,0
968429,0
968430,0
968431,27
968432,0
968433,0
968434,0
968435,0
968436,0
968437,0
968438,0
968439,0
968440,0
968441,0
968442,27
968443,0
968444,0
968445,0
968446,0
968447,0
968448,0
968449,0
968450,0
968451,0
968452,0
968453,0
968454,0
968455,0
968456,0
968457,0
968458,0
968459,0
968460,0
968461,0
968462,49
968463,0
968464,0
968465,0
968466,0
968467,0
968468,19
968469,0
968470,0
968471,0
968472,0
968473,0
968474,0
968475,0
968476,0
968477,0
968478,0
968479,0
968480,0
968481,0
968482,0
968483,20
968484,0
968485,0
968486,0
968487,15
968488,0
968489,0
968490,0
968491,0
968492,0
968493,0
968494,0
968495,0
968496,0
968497,0
968498,0
968499,0
968500,0
968501,0
968502,0
968503,34
968504,0
968505,0
968506,0
968507,0
968508,0
968509,0
968510,0
968511,0
968512,37
968513,0
968514,0
968515,27
968516,0
968517,0
968518,0
968519,0
968520,0
968521,0
968522,0
968523,0
968524,0
968525,0
968526,0
968527,0
968528,0
968529,0
968530,40
968531,36
968532,0
968533,0
968534,0
968535,48
968536,0
968537,0
968538,0
968539,0
968540,0
968541,0
968542,0
968543,0
968544,0
968545,0
968546,0
968547,0
968548,0
968549,0
968550,0
968551,0
968552,0
968553,0
968554,0
968555,33
968556,0
968557,0
968558,0
968559,0
968560,28
968561,0
968562,0
968563,0
968564,0
968565,15
968566,0
968567,0
968568,0
968569,0
968570,0
968571,0
968572,0
968573,0
968574,0
968575,0
968576,0
968577,0
968578,0
968579,0
968580,0
968581,0
968582,0
968583,0
968584,0
968585,17
968586,0
968587,0
968588,15
968589,0
968590,0
968591,0
968592,0
968593,8
968594,5
968595,0
968596,0
968597,0
968598,0
968599,0
968600,0
968601,0
968602,0
968603,0
968604,0
968605,0
968606,0
968607,0
968608,0
968609,0
968610,8
968611,0
968612,0
968613,0
968614,9
968615,9
968616,0
968617,0
968618,10
968619,0
968620,0
968621,0
968622,0
968623,0
968624,0
968625,17
968626,0
968627,11
968628,0
968629,0
968630,0
968631,0
968632,0
968633,0
968634,0
968635,0
968636,0
968637,0
968638,0
968639,14
968640,0
968641,0
968642,0
968643,9
968644,0
968645,9
968646,0
968647,8
968648,0
968649,0
968650,0
968651,17
968652,0
968653,1
968654,0
968655,8
968656,0
968657,0
968658,0
968659,0
968660,0
968661,0
968662,0
968663,0
968664,10
968665,0
968666,0
968667,0
968668,15
968669,0
968670,0
968671,0
968672,0
968673,0
968674,0
968675,0
968676,0
968677,0
968678,0
968679,0
968680,0
968681,0
968682,0
968683,0
968684,0
968685,0
968686,0
968687,0
968688,0
968689,0
968690,0
968691,11
968692,0
968693,0
968694,5
968695,0
968696,0
968697,0
968698,0
968699,0
968700,3
968701,0
968702,0
968703,12
968704,2
968705,0
968706,9
968707,0
968708,0
968709,0
968710,9
968711,0
968712,0
968713,0
968714,0
968715,6
968716,8
968717,0
968718,0
968719,14
968720,0
968721,0
968722,0
968723,0
968724,0
968725,0
968726,14
968727,0
968728,0
968729,1
968730,15
968731,0
968732,0
968733,0
968734,0
968735,0
968736,12
968737,0
968738,0
968739,6
968740,5
968741,0
968742,0
968743,0
968744,9
968745,0
968746,0
968747,0
968748,0
968749,0
968750,8
968751,0
968752,0
968753,13
968754,0
968755,0
968756,0
968757,0
968758,0
968759,0
968760,0
968761,0
968762,0
968763,0
968764,10
968765,0
968766,0
968767,0
968768,0
968769,0
968770,0
968771,0
968772,0
968773,0
968774,0
968775,0
968776,0
968777,0
968778,0
968779,0
968780,0
968781,0
968782,0
968783,0
968784,0
968785,0
968786,13
968787,0
968788,12
968789,0
968790,7
968791,0
968792,0
968793,0
968794,0
968795,0
968796,0
968797,0
968798,19
968799,0
968800,0
968801,0
968802,0
968803,0
968804,11
968805,0
968806,0
968807,0
968808,0
968809,0
968810,0
968811,0
968812,0
968813,9
968814,0
968815,0
968816,0
968817,0
968818,0
968819,0
968820,0
968821,0
968822,0
968823,0
968824,0
968825,0
968826,0
968827,0
968828,0
968829,0
968830,0
968831,0
968832,12
968833,0
968834,0
968835,0
968836,0
968837,0
968838,0
968839,6
968840,11
968841,0
968842,0
968843,0
968844,0
968845,0
968846,13
968847,0
968848,8
968849,0
968850,0
968851,0
968852,0
968853,0
968854,0
968855,0
968856,0
968857,0
968858,0
968859,0
968860,0
968861,0
968862,0
968863,8
968864,9
968865,0
968866,10
968867,0
968868,0
968869,0
968870,0
968871,0
968872,0
968873,0
968874,0
968875,0
968876,0
968877,0
968878,0
968879,0
968880,0
968881,0
968882,8
968883,0
968884,0
968885,18
968886,0
968887,0
968888,0
968889,0
968890,0
968891,0
968892,0
968893,0
968894,0
968895,0
968896,0
968897,0
968898,0
968899,0
968900,11
968901,15
968902,11
968903,0
968904,0
968905,0
968906,0
968907,0
968908,7
968909,0
968910,0
968911,5
968912,0
968913,0
968914,0
968915,0
968916,0
968917,0
968918,0
968919,0
968920,0
968921,0
968922,0
968923,0
968924,17
968925,0
968926,0
968927,0
968928,0
968929,0
968930,0
968931,0
968932,0
968933,0
968934,0
968935,0
968936,0
968937,0
968938,14
968939,8
968940,0
968941,0
968942,0
968943,17
968944,8
968945,0
968946,17
968947,0
968948,0
968949,0
968950,0
968951,0
968952,9
968953,0
968954,0
968955,0
968956,0
968957,0
968958,0
968959,0
968960,0
968961,0
968962,0
968963,15
968964,0
968965,0
968966,0
968967,0
968968,0
968969,0
968970,0
968971,5
968972,0
968973,15
968974,0
968975,8
968976,0
968977,0
968978,0
968979,9
968980,12
968981,0
968982,10
968983,0
968984,0
968985,0
968986,8
968987,0
968988,0
968989,8
968990,0
968991,0
968992,0
968993,0
968994,0
968995,0
968996,8
968997,0
968998,0
968999,9
969000,0
969001,0
969002,0
969003,3
969004,0
969005,0
969006,0
969007,0
969008,0
969009,14
969010,0
969011,12
969012,6
969013,8
969014,0
969015,0
969016,0
969017,0
969018,0
969019,9
969020,0
969021,0
969022,0
969023,0
969024,0
969025,0
969026,0
969027,12
969028,0
969029,0
969030,0
969031,0
969032,0
969033,9
969034,0
969035,10
969036,10
969037,10
969038,0
969039,0
969040,0
969041,0
969042,0
969043,16
969044,0
969045,0
969046,0
969047,0
969048,3
969049,0
969050,0
969051,13
969052,0
969053,0
969054,0
969055,0
969056,5
969057,0
969058,0
969059,0
969060,0
969061,8
969062,0
969063,0
969064,0
969065,0
969066,0
969067,0
969068,0
969069,0
969070,0
969071,9
969072,0
969073,0
969074,0
969075,8
969076,0
969077,0
969078,0
969079,0
969080,0
969081,9
969082,10
969083,0
969084,7
969085,10
969086,0
969087,0
969088,0
969089,0
969090,0
969091,0
969092,0
969093,0
969094,0
969095,6
969096,0
969097,16
969098,0
969099,0
969100,9
969101,0
969102,0
969103,0
969104,0
969105,22
969106,0
969107,0
969108,0
969109,9
969110,0
969111,0
969112,0
969113,0
969114,0
969115,0
969116,7
969117,0
969118,0
969119,0
969120,0
969121,0
969122,0
969123,12
969124,0
969125,0
969126,0
969127,0
969128,0
969129,0
969130,0
969131,8
969132,0
969133,0
969134,0
969135,10
969136,0
969137,11
969138,8
969139,7
969140,0
969141,0
969142,0
969143,0
969144,0
969145,0
969146,0
969147,11
969148,5
969149,0
969150,0
969151,0
969152,0
969153,3
969154,0
969155,16
969156,0
969157,0
969158,0
969159,0
969160,0
969161,0
969162,0
969163,0
969164,13
969165,0
969166,0
969167,0
969168,0
969169,14
969170,0
969171,0
969172,7
969173,0
969174,0
969175,0
969176,0
969177,0
969178,0
969179,15
969180,0
969181,0
969182,0
969183,7
969184,0
969185,0
969186,0
969187,0
969188,0
969189,14
969190,0
969191,0
969192,0
969193,4
969194,13
969195,0
969196,0
969197,0
969198,0
969199,0
969200,0
969201,0
969202,0
969203,0
969204,7
969205,13
969206,11
969207,0
969208,0
969209,8
969210,0
969211,0
969212,12
969213,0
969214,0
969215,0
969216,0
969217,0
969218,7
969219,0
969220,0
969221,0
969222,0
969223,0
969224,0
969225,0
969226,0
969227,0
969228,0
969229,0
969230,0
969231,0
969232,0
969233,0
969234,0
969235,0
969236,0
969237,0
969238,0
969239,0
969240,0
969241,0
969242,0
969243,0
969244,0
969245,0
969246,0
969247,0
969248,0
969249,0
969250,0
969251,0
969252,0
969253,0
969254,0
969255,0
969256,0
969257,0
969258,0
969259,0
969260,0
969261,0
969262,0
969263,0
969264,0
969265,0
969266,0
969267,0
969268,0
969269,0
969270,0
969271,0
969272,0
969273,0
969274,0
969275,0
969276,0
969277,0
969278,0
969279,0
969280,0
969281,0
969282,0
969283,0
969284,0
969285,0
969286,0
969287,0
969288,0
969289,0
969290,0
969291,0
969292,0
969293,0
969294,0
969295,0
969296,0
969297,0
969298,0
969299,0
969300,0
969301,0
969302,0
969303,0
969304,0
969305,0
969306,0
969307,0
969308,0
969309,0
969310,0
969311,0
969312,0
969313,0
969314,0
969315,0
969316,0
969317,0
969318,0
969319,0
969320,0
969321,0
969322,0
969323,0
969324,0
969325,0
969326,0
969327,0
969328,0
969329,0
969330,0
969331,0
969332,0
969333,0
969334,0
969335,0
969336,0
969337,0
969338,0
969339,0
969340,1
969341,0
969342,0
969343,0
969344,0
969345,0
969346,0
969347,1
969348,0
969349,0
969350,0
969351,0
969352,0
969353,0
969354,0
969355,0
969356,0
969357,0
969358,0
969359,0
969360,0
969361,0
969362,0
969363,0
969364,17
969365,32
969366,0
969367,24
969368,0
969369,0
969370,0
969371,0
969372,0
969373,0
969374,0
969375,0
969376,0
969377,0
969378,26
969379,0
969380,0
969381,0
969382,0
969383,0
969384,0
969385,0
969386,0
969387,0
969388,19
969389,0
969390,0
969391,0
969392,0
969393,0
969394,32
969395,0
969396,0
969397,17
969398,0
969399,0
969400,0
969401,21
969402,0
969403,30
969404,0
969405,0
969406,0
969407,0
969408,0
969409,0
969410,27
969411,0
969412,25
969413,39
969414,0
969415,0
969416,0
969417,0
969418,0
969419,0
969420,0
969421,0
969422,21
969423,0
969424,23
969425,0
969426,0
969427,0
969428,0
969429,0
969430,30
969431,23
969432,0
969433,0
969434,0
969435,28
969436,0
969437,23
969438,0
969439,0
969440,0
969441,36
969442,0
969443,38
969444,27
969445,0
969446,0
969447,29
969448,0
969449,0
969450,0
969451,0
969452,0
969453,0
969454,0
969455,0
969456,0
969457,0
969458,0
969459,0
969460,0
969461,0
969462,0
969463,0
969464,0
969465,16
969466,0
969467,24
969468,0
969469,0
969470,0
969471,0
969472,0
969473,0
969474,0
969475,0
969476,0
969477,0
969478,0
969479,0
969480,37
969481,0
969482,35
969483,0
969484,0
969485,0
969486,0
969487,0
969488,0
969489,0
969490,0
969491,0
969492,0
969493,0
969494,0
969495,0
969496,0
969497,0
969498,0
969499,0
969500,0
969501,35
969502,0
969503,0
969504,0
969505,0
969506,43
969507,0
969508,0
969509,41
969510,0
969511,27
969512,0
969513,0
969514,0
969515,0
969516,0
969517,0
969518,0
969519,16
969520,0
969521,0
969522,0
969523,0
969524,0
969525,0
969526,31
969527,0
969528,0
969529,0
969530,0
969531,0
969532,0
969533,0
969534,24
969535,0
969536,28
969537,23
969538,0
969539,0
969540,0
969541,0
969542,23
969543,0
969544,0
969545,27
969546,0
969547,0
969548,0
969549,0
969550,0
969551,0
969552,0
969553,0
969554,0
969555,0
969556,0
969557,0
969558,0
969559,0
969560,0
969561,0
969562,0
969563,0
969564,0
969565,0
969566,0
969567,0
969568,0
969569,0
969570,0
969571,0
969572,0
969573,0
969574,0
969575,29
969576,0
969577,0
969578,0
969579,35
969580,0
969581,26
969582,0
969583,0
969584,0
969585,0
969586,0
969587,0
969588,0
969589,0
969590,0
969591,0
969592,0
969593,0
969594,21
969595,0
969596,29
969597,0
969598,0
969599,0
969600,0
969601,19
969602,24
969603,24
969604,0
969605,0
969606,0
969607,0
969608,0
969609,25
969610,27
969611,0
969612,0
969613,27
969614,0
969615,25
969616,0
969617,0
969618,0
969619,20
969620,0
969621,26
969622,14
969623,0
969624,0
969625,0
969626,0
969627,26
969628,0
969629,0
969630,0
969631,0
969632,0
969633,0
969634,0
969635,30
969636,0
969637,0
969638,21
969639,25
969640,0
969641,0
969642,0
969643,20
969644,0
969645,0
969646,0
969647,0
969648,0
969649,0
969650,0
969651,0
969652,0
969653,0
969654,0
969655,0
969656,0
969657,0
969658,0
969659,0
969660,0
969661,0
969662,0
969663,0
969664,0
969665,0
969666,0
969667,0
969668,0
969669,0
969670,0
969671,0
969672,0
969673,49
969674,0
969675,0
969676,0
969677,0
969678,0
969679,0
969680,22
969681,0
969682,26
969683,0
969684,0
969685,31
969686,0
969687,0
969688,0
969689,34
969690,24
969691,0
969692,0
969693,0
969694,0
969695,0
969696,20
969697,0
969698,14
969699,0
969700,28
969701,0
969702,0
969703,0
969704,0
969705,0
969706,0
969707,0
969708,0
969709,18
969710,0
969711,0
969712,0
969713,0
969714,0
969715,0
969716,0
969717,0
969718,21
969719,18
969720,0
969721,0
969722,0
969723,0
969724,41
969725,0
969726,0
969727,0
969728,0
969729,0
969730,0
969731,0
969732,21
969733,0
969734,0
969735,0
969736,0
969737,0
969738,0
969739,0
969740,0
969741,0
969742,0
969743,27
969744,0
969745,0
969746,0
969747,0
969748,0
969749,0
969750,0
969751,18
969752,0
969753,0
969754,23
969755,0
969756,24
969757,0
969758,0
969759,27
969760,0
969761,0
969762,0
969763,0
969764,0
969765,0
969766,16
969767,0
969768,0
969769,0
969770,28
969771,0
969772,24
969773,0
969774,0
969775,0
969776,0
969777,0
969778,32
969779,0
969780,39
969781,0
969782,0
969783,0
969784,0
969785,19
969786,0
969787,0
969788,0
969789,28
969790,0
969791,16
969792,0
969793,0
969794,0
969795,0
969796,0
969797,0
969798,0
969799,0
969800,0
969801,0
969802,0
969803,20
969804,32
969805,0
969806,0
969807,0
969808,0
969809,0
969810,0
969811,0
969812,0
969813,0
969814,0
969815,0
969816,0
969817,29
969818,0
969819,27
969820,25
969821,0
969822,0
969823,0
969824,0
969825,0
969826,0
969827,0
969828,0
969829,28
969830,35
969831,0
969832,0
969833,0
969834,29
969835,0
969836,28
969837,0
969838,26
969839,0
969840,0
969841,0
969842,0
969843,0
969844,0
969845,44
969846,0
969847,22
969848,0
969849,0
969850,0
969851,0
969852,0
969853,0
969854,0
969855,30
969856,0
969857,0
969858,0
969859,0
969860,34
969861,34
969862,0
969863,0
969864,0
969865,0
969866,0
969867,0
969868,0
969869,0
969870,0
969871,0
969872,0
969873,0
969874,0
969875,0
969876,33
969877,0
969878,0
969879,34
969880,0
969881,0
969882,0
969883,32
969884,26
969885,0
969886,0
969887,34
969888,0
969889,28
969890,0
969891,0
969892,35
969893,0
969894,0
969895,0
969896,0
969897,0
969898,0
969899,0
969900,25
969901,33
969902,31
969903,0
969904,0
969905,0
969906,0
969907,14
969908,0
969909,0
969910,0
969911,0
969912,0
969913,0
969914,0
969915,0
969916,19
969917,0
969918,0
969919,28
969920,0
969921,0
969922,0
969923,0
969924,0
969925,0
969926,0
969927,0
969928,0
969929,0
969930,0
969931,0
969932,0
969933,0
969934,0
969935,0
969936,0
969937,0
969938,0
969939,0
969940,29
969941,0
969942,0
969943,0
969944,36
969945,34
969946,0
969947,0
969948,0
969949,0
969950,0
969951,0
969952,0
969953,27
969954,0
969955,0
969956,0
969957,0
969958,38
969959,23
969960,0
969961,0
969962,0
969963,0
969964,0
969965,0
969966,0
969967,0
969968,0
969969,0
969970,0
969971,0
969972,0
969973,0
969974,0
969975,0
969976,0
969977,0
969978,18
969979,36
969980,0
969981,0
969982,0
969983,42
969984,0
969985,0
969986,36
969987,0
969988,0
969989,0
969990,0
969991,0
969992,0
969993,32
969994,0
969995,0
969996,0
969997,0
969998,0
969999,0
970000,0
970001,0
970002,0
970003,0
970004,0
970005,0
970006,18
970007,0
970008,0
970009,23
970010,22
970011,0
970012,0
970013,0
970014,0
970015,0
970016,0
970017,32
970018,30
970019,0
970020,0
970021,0
970022,41
970023,0
970024,0
970025,0
970026,29
970027,0
970028,0
970029,22
970030,26
970031,0
970032,0
970033,0
970034,0
970035,0
970036,0
970037,0
970038,0
970039,0
970040,0
970041,0
970042,27
970043,19
970044,26
970045,0
970046,0
970047,0
970048,23
970049,0
970050,0
970051,0
970052,28
970053,0
970054,0
970055,34
970056,0
970057,0
970058,0
970059,0
970060,0
970061,0
970062,0
970063,0
970064,0
970065,0
970066,32
970067,0
970068,31
970069,0
970070,0
970071,0
970072,16
970073,0
970074,0
970075,0
970076,0
970077,0
970078,0
970079,26
970080,26
970081,0
970082,27
970083,0
970084,0
970085,20
970086,0
970087,0
970088,26
970089,0
970090,0
970091,0
970092,39
970093,0
970094,28
970095,0
970096,0
970097,0
970098,0
970099,0
970100,0
970101,0
970102,0
970103,0
970104,0
970105,0
970106,0
970107,0
970108,0
970109,0
970110,0
970111,20
970112,19
970113,0
970114,0
970115,21
970116,0
970117,31
970118,0
970119,34
970120,0
970121,29
970122,0
970123,0
970124,0
970125,0
970126,0
970127,0
970128,0
970129,18
970130,0
970131,23
970132,0
970133,0
970134,20
970135,0
970136,25
970137,0
970138,0
970139,0
970140,0
970141,0
970142,0
970143,0
970144,0
970145,0
970146,0
970147,0
970148,27
970149,0
970150,0
970151,0
970152,0
970153,0
970154,0
970155,25
970156,0
970157,0
970158,0
970159,0
970160,0
970161,0
970162,0
970163,23
970164,37
970165,0
970166,0
970167,30
970168,0
970169,0
970170,0
970171,0
970172,0
970173,27
970174,0
970175,0
970176,0
970177,26
970178,0
970179,20
970180,15
970181,39
970182,0
970183,0
970184,0
970185,0
970186,0
970187,0
970188,0
970189,0
970190,36
970191,0
970192,0
970193,0
970194,18
970195,0
970196,0
970197,0
970198,0
970199,0
970200,0
970201,36
970202,0
970203,0
970204,0
970205,0
970206,0
970207,27
970208,0
970209,20
970210,0
970211,0
970212,24
970213,0
970214,0
970215,16
970216,0
970217,0
970218,0
970219,0
970220,0
970221,0
970222,0
970223,33
970224,0
970225,26
970226,0
970227,0
970228,0
970229,0
970230,0
970231,38
970232,0
970233,0
970234,0
970235,26
970236,0
970237,0
970238,0
970239,0
970240,0
970241,0
970242,23
970243,0
970244,0
970245,0
970246,0
970247,0
970248,40
970249,0
970250,25
970251,0
970252,0
970253,0
970254,0
970255,0
970256,0
970257,0
970258,0
970259,29
970260,0
970261,0
970262,19
970263,0
970264,0
970265,0
970266,0
970267,0
970268,0
970269,18
970270,0
970271,0
970272,0
970273,0
970274,0
970275,0
970276,24
970277,0
970278,0
970279,0
970280,0
970281,0
970282,36
970283,0
970284,0
970285,28
970286,0
970287,0
970288,0
970289,0
970290,0
970291,0
970292,0
970293,0
970294,0
970295,0
970296,0
970297,22
970298,0
970299,25
970300,12
970301,33
970302,0
970303,0
970304,0
970305,0
970306,0
970307,0
970308,28
970309,0
970310,0
970311,0
970312,0
970313,0
970314,0
970315,0
970316,27
970317,23
970318,22
970319,0
970320,0
970321,0
970322,0
970323,0
970324,0
970325,0
970326,0
970327,29
970328,0
970329,27
970330,0
970331,34
970332,24
970333,0
970334,0
970335,0
970336,0
970337,19
970338,0
970339,0
970340,0
970341,4
970342,0
970343,0
970344,0
970345,4
970346,3
970347,0
970348,0
970349,0
970350,0
970351,0
970352,0
970353,0
970354,0
970355,0
970356,0
970357,0
970358,0
970359,0
970360,0
970361,0
970362,3
970363,0
970364,0
970365,0
970366,0
970367,0
970368,0
970369,0
970370,10
970371,0
970372,0
970373,0
970374,0
970375,2
970376,0
970377,0
970378,0
970379,0
970380,0
970381,0
970382,0
970383,5
970384,0
970385,0
970386,0
970387,0
970388,0
970389,0
970390,0
970391,0
970392,0
970393,0
970394,0
970395,0
970396,0
970397,0
970398,0
970399,0
970400,0
970401,0
970402,0
970403,0
970404,0
970405,7
970406,0
970407,0
970408,0
970409,7
970410,0
970411,6
970412,0
970413,0
970414,0
970415,6
970416,0
970417,0
970418,4
970419,8
970420,0
970421,4
970422,2
970423,0
970424,3
970425,0
970426,2
970427,7
970428,0
970429,5
970430,0
970431,0
970432,0
970433,0
970434,0
970435,0
970436,0
970437,3
970438,0
970439,0
970440,0
970441,0
970442,0
970443,0
970444,0
970445,0
970446,0
970447,0
970448,3
970449,0
970450,0
970451,0
970452,0
970453,0
970454,0
970455,0
970456,7
970457,0
970458,0
970459,0
970460,0
970461,0
970462,0
970463,0
970464,0
970465,6
970466,0
970467,0
970468,0
970469,0
970470,0
970471,3
970472,0
970473,6
970474,0
970475,0
970476,0
970477,0
970478,8
970479,0
970480,2
970481,0
970482,2
970483,6
970484,5
970485,0
970486,0
970487,0
970488,0
970489,0
970490,0
970491,0
970492,0
970493,0
970494,0
970495,5
970496,0
970497,0
970498,0
970499,5
970500,0
970501,0
970502,3
970503,0
970504,5
970505,0
970506,0
970507,0
970508,0
970509,5
970510,4
970511,0
970512,0
970513,0
970514,0
970515,0
970516,9
970517,12
970518,0
970519,0
970520,0
970521,0
970522,8
970523,0
970524,0
970525,0
970526,0
970527,0
970528,3
970529,0
970530,0
970531,0
970532,0
970533,28
970534,43
970535,0
970536,0
970537,0
970538,0
970539,34
970540,28
970541,0
970542,0
970543,0
970544,23
970545,0
970546,0
970547,0
970548,38
970549,0
970550,0
970551,0
970552,0
970553,0
970554,0
970555,0
970556,28
970557,0
970558,0
970559,0
970560,0
970561,0
970562,27
970563,27
970564,0
970565,35
970566,0
970567,0
970568,24
970569,0
970570,0
970571,0
970572,0
970573,0
970574,37
970575,0
970576,0
970577,0
970578,0
970579,0
970580,0
970581,0
970582,0
970583,33
970584,0
970585,0
970586,0
970587,0
970588,0
970589,0
970590,0
970591,0
970592,32
970593,23
970594,36
970595,0
970596,0
970597,40
970598,0
970599,0
970600,0
970601,0
970602,36
970603,0
970604,0
970605,0
970606,0
970607,0
970608,0
970609,0
970610,0
970611,30
970612,0
970613,0
970614,0
970615,0
970616,0
970617,33
970618,0
970619,0
970620,0
970621,0
970622,0
970623,32
970624,0
970625,28
970626,0
970627,37
970628,34
970629,33
970630,0
970631,26
970632,0
970633,31
970634,27
970635,0
970636,39
970637,0
970638,0
970639,0
970640,0
970641,0
970642,0
970643,0
970644,0
970645,33
970646,0
970647,0
970648,26
970649,0
970650,0
970651,0
970652,22
970653,0
970654,0
970655,0
970656,0
970657,22
970658,29
970659,29
970660,0
970661,0
970662,35
970663,24
970664,0
970665,36
970666,0
970667,0
970668,0
970669,28
970670,25
970671,0
970672,0
970673,0
970674,24
970675,0
970676,0
970677,31
970678,0
970679,0
970680,26
970681,0
970682,0
970683,0
970684,50
970685,37
970686,0
970687,31
970688,0
970689,0
970690,36
970691,29
970692,0
970693,0
970694,40
970695,24
970696,0
970697,0
970698,0
970699,0
970700,0
970701,0
970702,0
970703,0
970704,47
970705,0
970706,0
970707,0
970708,0
970709,0
970710,21
970711,0
970712,0
970713,0
970714,0
970715,40
970716,0
970717,0
970718,0
970719,0
970720,32
970721,0
970722,0
970723,0
970724,0
970725,0
970726,0
970727,0
970728,32
970729,0
970730,0
970731,0
970732,0
970733,0
970734,37
970735,0
970736,0
970737,30
970738,35
970739,0
970740,23
970741,0
970742,0
970743,0
970744,23
970745,0
970746,25
970747,0
970748,0
970749,0
970750,0
970751,0
970752,0
970753,0
970754,0
970755,27
970756,0
970757,0
970758,0
970759,0
970760,0
970761,0
970762,0
970763,0
970764,0
970765,0
970766,0
970767,36
970768,0
970769,0
970770,0
970771,0
970772,0
970773,0
970774,0
970775,31
970776,0
970777,0
970778,0
970779,0
970780,31
970781,0
970782,29
970783,0
970784,42
970785,24
970786,0
970787,35
970788,0
970789,0
970790,0
970791,0
970792,0
970793,0
970794,0
970795,0
970796,0
970797,0
970798,0
970799,0
970800,29
970801,0
970802,0
970803,0
970804,0
970805,26
970806,31
970807,40
970808,0
970809,38
970810,27
970811,0
970812,0
970813,0
970814,0
970815,38
970816,0
970817,0
970818,0
970819,0
970820,30
970821,34
970822,0
970823,0
970824,0
970825,25
970826,0
970827,0
970828,0
970829,29
970830,0
970831,35
970832,0
970833,42
970834,0
970835,33
970836,0
970837,0
970838,0
970839,0
970840,35
970841,0
970842,27
970843,0
970844,0
970845,0
970846,0
970847,30
970848,0
970849,0
970850,0
970851,0
970852,0
970853,0
970854,0
970855,0
970856,0
970857,0
970858,0
970859,0
970860,0
970861,0
970862,0
970863,0
970864,26
970865,19
970866,0
970867,0
970868,0
970869,0
970870,0
970871,0
970872,0
970873,21
970874,30
970875,0
970876,36
970877,27
970878,27
970879,0
970880,0
970881,0
970882,0
970883,0
970884,0
970885,0
970886,0
970887,0
970888,20
970889,27
970890,30
970891,0
970892,0
970893,0
970894,0
970895,29
970896,0
970897,0
970898,0
970899,0
970900,0
970901,0
970902,0
970903,0
970904,0
970905,0
970906,0
970907,0
970908,20
970909,0
970910,0
970911,0
970912,0
970913,33
970914,0
970915,0
970916,0
970917,0
970918,32
970919,0
970920,15
970921,0
970922,0
970923,25
970924,34
970925,0
970926,0
970927,0
970928,0
970929,0
970930,0
970931,35
970932,0
970933,0
970934,34
970935,0
970936,0
970937,0
970938,0
970939,0
970940,0
970941,32
970942,0
970943,31
970944,0
970945,0
970946,0
970947,41
970948,27
970949,36
970950,0
970951,0
970952,0
970953,0
970954,0
970955,0
970956,0
970957,31
970958,0
970959,0
970960,0
970961,0
970962,0
970963,0
970964,39
970965,0
970966,0
970967,0
970968,43
970969,0
970970,15
970971,36
970972,0
970973,0
970974,0
970975,0
970976,31
970977,0
970978,30
970979,0
970980,0
970981,0
970982,0
970983,0
970984,29
970985,0
970986,0
970987,0
970988,0
970989,47
970990,0
970991,0
970992,29
970993,0
970994,0
970995,0
970996,0
970997,0
970998,0
970999,0
971000,0
971001,0
971002,0
971003,20
971004,0
971005,29
971006,0
971007,0
971008,0
971009,0
971010,29
971011,0
971012,29
971013,0
971014,0
971015,0
971016,0
971017,27
971018,41
971019,0
971020,0
971021,0
971022,0
971023,34
971024,0
971025,0
971026,0
971027,0
971028,0
971029,0
971030,29
971031,36
971032,0
971033,30
971034,22
971035,0
971036,0
971037,0
971038,25
971039,44
971040,29
971041,0
971042,0
971043,0
971044,0
971045,27
971046,18
971047,20
971048,0
971049,23
971050,0
971051,0
971052,0
971053,0
971054,0
971055,0
971056,47
971057,0
971058,0
971059,0
971060,0
971061,28
971062,0
971063,0
971064,0
971065,0
971066,0
971067,0
971068,0
971069,0
971070,0
971071,0
971072,0
971073,23
971074,0
971075,0
971076,0
971077,0
971078,0
971079,0
971080,19
971081,0
971082,0
971083,0
971084,0
971085,0
971086,29
971087,0
971088,0
971089,0
971090,0
971091,28
971092,0
971093,0
971094,0
971095,0
971096,28
971097,44
971098,30
971099,0
971100,0
971101,37
971102,0
971103,34
971104,0
971105,0
971106,0
971107,0
971108,0
971109,42
971110,0
971111,25
971112,0
971113,0
971114,0
971115,27
971116,19
971117,0
971118,0
971119,33
971120,0
971121,0
971122,0
971123,37
971124,0
971125,0
971126,0
971127,34
971128,0
971129,19
971130,0
971131,0
971132,29
971133,0
971134,19
971135,35
971136,0
971137,0
971138,0
971139,25
971140,31
971141,0
971142,0
971143,25
971144,0
971145,44
971146,0
971147,0
971148,0
971149,31
971150,34
971151,0
971152,40
971153,0
971154,0
971155,0
971156,44
971157,0
971158,0
971159,0
971160,0
971161,0
971162,0
971163,0
971164,26
971165,0
971166,0
971167,0
971168,0
971169,24
971170,0
971171,0
971172,0
971173,0
971174,0
971175,0
971176,34
971177,27
971178,0
971179,0
971180,0
971181,0
971182,0
971183,37
971184,42
971185,0
971186,35
971187,0
971188,0
971189,0
971190,0
971191,0
971192,0
971193,0
971194,32
971195,0
971196,0
971197,0
971198,25
971199,0
971200,29
971201,0
971202,0
971203,0
971204,0
971205,0
971206,0
971207,0
971208,29
971209,0
971210,0
971211,0
971212,0
971213,0
971214,33
971215,0
971216,0
971217,0
971218,0
971219,0
971220,0
971221,0
971222,0
971223,0
971224,0
971225,0
971226,0
971227,34
971228,23
971229,33
971230,0
971231,0
971232,0
971233,36
971234,0
971235,0
971236,0
971237,0
971238,0
971239,0
971240,28
971241,26
971242,0
971243,27
971244,26
971245,0
971246,0
971247,0
971248,43
971249,0
971250,29
971251,30
971252,0
971253,48
971254,0
971255,0
971256,0
971257,39
971258,0
971259,0
971260,43
971261,0
971262,30
971263,0
971264,0
971265,0
971266,0
971267,0
971268,0
971269,29
971270,0
971271,0
971272,0
971273,32
971274,0
971275,0
971276,45
971277,0
971278,0
971279,44
971280,0
971281,0
971282,0
971283,37
971284,0
971285,53
971286,0
971287,0
971288,0
971289,0
971290,0
971291,28
971292,0
971293,0
971294,0
971295,28
971296,0
971297,0
971298,0
971299,24
971300,0
971301,0
971302,0
971303,0
971304,0
971305,0
971306,0
971307,0
971308,0
971309,0
971310,0
971311,0
971312,0
971313,0
971314,0
971315,31
971316,25
971317,0
971318,0
971319,28
971320,0
971321,0
971322,39
971323,0
971324,0
971325,0
971326,34
971327,0
971328,0
971329,0
971330,0
971331,49
971332,0
971333,0
971334,0
971335,0
971336,0
971337,0
971338,0
971339,33
971340,0
971341,0
971342,0
971343,0
971344,0
971345,0
971346,0
971347,0
971348,30
971349,0
971350,24
971351,0
971352,0
971353,31
971354,0
971355,0
971356,37
971357,0
971358,0
971359,0
971360,0
971361,35
971362,25
971363,0
971364,30
971365,0
971366,0
971367,33
971368,0
971369,39
971370,0
971371,0
971372,0
971373,47
971374,30
971375,0
971376,40
971377,0
971378,0
971379,0
971380,0
971381,0
971382,0
971383,33
971384,0
971385,21
971386,0
971387,20
971388,0
971389,0
971390,0
971391,40
971392,0
971393,0
971394,23
971395,0
971396,0
971397,0
971398,0
971399,0
971400,0
971401,0
971402,0
971403,0
971404,31
971405,22
971406,0
971407,0
971408,0
971409,0
971410,31
971411,0
971412,0
971413,0
971414,0
971415,0
971416,0
971417,42
971418,35
971419,0
971420,29
971421,39
971422,33
971423,0
971424,0
971425,0
971426,25
971427,38
971428,0
971429,35
971430,0
971431,0
971432,0
971433,0
971434,0
971435,0
971436,0
971437,0
971438,0
971439,0
971440,38
971441,0
971442,0
971443,0
971444,0
971445,0
971446,0
971447,0
971448,0
971449,0
971450,0
971451,43
971452,0
971453,0
971454,0
971455,0
971456,0
971457,0
971458,0
971459,29
971460,0
971461,0
971462,0
971463,0
971464,0
971465,0
971466,53
971467,0
971468,0
971469,0
971470,0
971471,0
971472,0
971473,0
971474,0
971475,0
971476,0
971477,0
971478,0
971479,0
971480,0
971481,48
971482,0
971483,26
971484,0
971485,0
971486,0
971487,0
971488,0
971489,0
971490,0
971491,0
971492,0
971493,0
971494,0
971495,0
971496,0
971497,0
971498,0
971499,0
971500,0
971501,0
971502,44
971503,45
971504,0
971505,0
971506,0
971507,0
971508,0
971509,0
971510,22
971511,0
971512,0
971513,0
971514,0
971515,38
971516,0
971517,35
971518,0
971519,0
971520,26
971521,0
971522,0
971523,0
971524,0
971525,0
971526,0
971527,0
971528,0
971529,0
971530,0
971531,0
971532,0
971533,0
971534,0
971535,0
971536,0
971537,0
971538,18
971539,0
971540,41
971541,0
971542,0
971543,0
971544,0
971545,30
971546,0
971547,0
971548,0
971549,0
971550,39
971551,0
971552,0
971553,0
971554,0
971555,0
971556,0
971557,0
971558,0
971559,0
971560,0
971561,0
971562,0
971563,0
971564,0
971565,0
971566,0
971567,0
971568,0
971569,0
971570,0
971571,0
971572,0
971573,0
971574,35
971575,29
971576,0
971577,0
971578,0
971579,0
971580,0
971581,0
971582,0
971583,0
971584,0
971585,0
971586,0
971587,0
971588,0
971589,0
971590,0
971591,0
971592,27
971593,0
971594,0
971595,0
971596,0
971597,0
971598,0
971599,0
971600,0
971601,0
971602,0
971603,37
971604,0
971605,21
971606,0
971607,0
971608,0
971609,0
971610,0
971611,0
971612,0
971613,0
971614,0
971615,0
971616,0
971617,0
971618,0
971619,0
971620,0
971621,0
971622,0
971623,41
971624,0
971625,0
971626,0
971627,44
971628,0
971629,0
971630,0
971631,39
971632,0
971633,0
971634,0
971635,0
971636,0
971637,0
971638,0
971639,0
971640,0
971641,0
971642,0
971643,0
971644,0
971645,0
971646,0
971647,0
971648,0
971649,0
971650,0
971651,0
971652,0
971653,0
971654,0
971655,0
971656,0
971657,0
971658,0
971659,0
971660,0
971661,0
971662,48
971663,39
971664,0
971665,0
971666,0
971667,48
971668,0
971669,0
971670,0
971671,0
971672,0
971673,0
971674,0
971675,0
971676,0
971677,0
971678,0
971679,0
971680,0
971681,0
971682,0
971683,43
971684,0
971685,0
971686,0
971687,0
971688,0
971689,0
971690,0
971691,0
971692,0
971693,43
971694,0
971695,0
971696,0
971697,0
971698,0
971699,0
971700,0
971701,0
971702,0
971703,0
971704,0
971705,0
971706,0
971707,0
971708,0
971709,0
971710,0
971711,0
971712,43
971713,0
971714,0
971715,37
971716,0
971717,0
971718,0
971719,0
971720,0
971721,0
971722,0
971723,0
971724,0
971725,0
971726,0
971727,0
971728,0
971729,38
971730,0
971731,0
971732,0
971733,0
971734,0
971735,0
971736,0
971737,0
971738,0
971739,0
971740,0
971741,0
971742,0
971743,0
971744,0
971745,0
971746,0
971747,0
971748,0
971749,35
971750,0
971751,0
971752,0
971753,0
971754,0
971755,0
971756,0
971757,0
971758,0
971759,0
971760,0
971761,0
971762,0
971763,40
971764,0
971765,0
971766,0
971767,0
971768,0
971769,33
971770,0
971771,0
971772,0
971773,0
971774,0
971775,0
971776,0
971777,0
971778,0
971779,50
971780,0
971781,0
971782,0
971783,0
971784,0
971785,0
971786,0
971787,0
971788,0
971789,0
971790,0
971791,0
971792,38
971793,0
971794,0
971795,0
971796,0
971797,0
971798,0
971799,44
971800,0
971801,0
971802,0
971803,48
971804,0
971805,0
971806,0
971807,0
971808,0
971809,0
971810,0
971811,0
971812,48
971813,0
971814,46
971815,0
971816,0
971817,25
971818,0
971819,0
971820,0
971821,0
971822,0
971823,0
971824,0
971825,0
971826,0
971827,0
971828,0
971829,0
971830,0
971831,0
971832,0
971833,0
971834,0
971835,0
971836,0
971837,0
971838,0
971839,0
971840,0
971841,0
971842,0
971843,0
971844,40
971845,0
971846,0
971847,36
971848,0
971849,0
971850,0
971851,0
971852,0
971853,0
971854,0
971855,0
971856,0
971857,0
971858,25
971859,24
971860,0
971861,0
971862,0
971863,0
971864,0
971865,0
971866,0
971867,0
971868,0
971869,0
971870,0
971871,0
971872,0
971873,0
971874,0
971875,0
971876,0
971877,0
971878,0
971879,0
971880,0
971881,0
971882,0
971883,0
971884,0
971885,0
971886,0
971887,0
971888,41
971889,0
971890,0
971891,0
971892,0
971893,0
971894,0
971895,0
971896,0
971897,0
971898,0
971899,0
971900,0
971901,0
971902,0
971903,0
971904,0
971905,0
971906,0
971907,0
971908,37
971909,0
971910,0
971911,0
971912,0
971913,0
971914,0
971915,0
971916,0
971917,0
971918,0
971919,0
971920,0
971921,0
971922,0
971923,0
971924,0
971925,0
971926,0
971927,0
971928,0
971929,0
971930,0
971931,0
971932,0
971933,0
971934,0
971935,0
971936,0
971937,0
971938,0
971939,0
971940,51
971941,0
971942,0
971943,0
971944,0
971945,0
971946,0
971947,20
971948,0
971949,0
971950,0
971951,0
971952,0
971953,0
971954,0
971955,0
971956,0
971957,0
971958,0
971959,0
971960,0
971961,0
971962,0
971963,0
971964,0
971965,0
971966,0
971967,0
971968,0
971969,0
971970,0
971971,0
971972,0
971973,0
971974,0
971975,0
971976,0
971977,0
971978,33
971979,0
971980,0
971981,0
971982,0
971983,0
971984,0
971985,0
971986,0
971987,0
971988,0
971989,0
971990,47
971991,32
971992,0
971993,0
971994,0
971995,0
971996,0
971997,0
971998,0
971999,0
972000,0
972001,0
972002,34
972003,0
972004,0
972005,0
972006,0
972007,0
972008,0
972009,0
972010,0
972011,0
972012,0
972013,0
972014,0
972015,0
972016,0
972017,0
972018,0
972019,0
972020,0
972021,0
972022,0
972023,0
972024,0
972025,0
972026,0
972027,0
972028,0
972029,0
972030,0
972031,0
972032,0
972033,0
972034,0
972035,0
972036,0
972037,0
972038,0
972039,0
972040,0
972041,0
972042,0
972043,0
972044,0
972045,0
972046,0
972047,0
972048,0
972049,0
972050,0
972051,0
972052,46
972053,0
972054,0
972055,0
972056,0
972057,0
972058,0
972059,46
972060,0
972061,0
972062,0
972063,0
972064,0
972065,0
972066,0
972067,42
972068,0
972069,0
972070,0
972071,0
972072,0
972073,0
972074,0
972075,0
972076,0
972077,0
972078,0
972079,0
972080,0
972081,0
972082,0
972083,26
972084,0
972085,0
972086,0
972087,0
972088,0
972089,0
972090,0
972091,0
972092,0
972093,0
972094,0
972095,28
972096,0
972097,0
972098,0
972099,0
972100,0
972101,0
972102,0
972103,0
972104,0
972105,0
972106,0
972107,0
972108,0
972109,0
972110,0
972111,0
972112,0
972113,0
972114,0
972115,0
972116,0
972117,0
972118,0
972119,0
972120,0
972121,0
972122,0
972123,0
972124,0
972125,0
972126,0
972127,0
972128,0
972129,49
972130,0
972131,0
972132,32
972133,0
972134,0
972135,0
972136,0
972137,0
972138,0
972139,63
972140,0
972141,0
972142,0
972143,0
972144,0
972145,0
972146,0
972147,0
972148,0
972149,0
972150,0
972151,0
972152,0
972153,0
972154,50
972155,0
972156,0
972157,0
972158,0
972159,0
972160,39
972161,0
972162,0
972163,50
972164,0
972165,0
972166,0
972167,0
972168,0
972169,0
972170,0
972171,0
972172,0
972173,0
972174,0
972175,0
972176,0
972177,0
972178,0
972179,0
972180,0
972181,0
972182,0
972183,48
972184,32
972185,0
972186,0
972187,0
972188,0
972189,0
972190,0
972191,0
972192,0
972193,0
972194,0
972195,0
972196,0
972197,0
972198,0
972199,23
972200,0
972201,0
972202,0
972203,0
972204,0
972205,0
972206,0
972207,0
972208,0
972209,0
972210,0
972211,0
972212,0
972213,0
972214,0
972215,0
972216,0
972217,0
972218,0
972219,0
972220,0
972221,0
972222,0
972223,0
972224,0
972225,0
972226,0
972227,0
972228,0
972229,0
972230,0
972231,0
972232,0
972233,40
972234,0
972235,0
972236,37
972237,0
972238,36
972239,0
972240,0
972241,0
972242,0
972243,0
972244,0
972245,0
972246,0
972247,43
972248,0
972249,0
972250,0
972251,0
972252,0
972253,0
972254,0
972255,0
972256,0
972257,0
972258,0
972259,0
972260,31
972261,0
972262,0
972263,0
972264,55
972265,37
972266,0
972267,0
972268,0
972269,0
972270,0
972271,0
972272,45
972273,0
972274,0
972275,0
972276,0
972277,0
972278,0
972279,0
972280,44
972281,0
972282,0
972283,0
972284,0
972285,0
972286,0
972287,0
972288,0
972289,0
972290,0
972291,0
972292,0
972293,0
972294,55
972295,0
972296,0
972297,34
972298,0
972299,0
972300,0
972301,0
972302,0
972303,31
972304,0
972305,24
972306,0
972307,0
972308,0
972309,0
972310,0
972311,0
972312,0
972313,0
972314,39
972315,0
972316,0
972317,0
972318,0
972319,0
972320,0
972321,0
972322,0
972323,0
972324,0
972325,0
972326,0
972327,0
972328,0
972329,0
972330,0
972331,0
972332,0
972333,33
972334,0
972335,0
972336,0
972337,0
972338,0
972339,0
972340,0
972341,0
972342,0
972343,43
972344,0
972345,0
972346,0
972347,0
972348,0
972349,0
972350,0
972351,0
972352,0
972353,0
972354,0
972355,0
972356,0
972357,0
972358,0
972359,0
972360,0
972361,0
972362,0
972363,0
972364,0
972365,0
972366,0
972367,0
972368,0
972369,0
972370,0
972371,0
972372,0
972373,0
972374,48
972375,0
972376,0
972377,0
972378,0
972379,0
972380,0
972381,0
972382,0
972383,0
972384,0
972385,0
972386,0
972387,0
972388,0
972389,0
972390,0
972391,0
972392,0
972393,0
972394,0
972395,0
972396,0
972397,0
972398,0
972399,0
972400,0
972401,0
972402,0
972403,0
972404,0
972405,0
972406,0
972407,0
972408,0
972409,0
972410,0
972411,0
972412,0
972413,0
972414,0
972415,0
972416,0
972417,0
972418,0
972419,0
972420,0
972421,0
972422,0
972423,0
972424,0
972425,32
972426,0
972427,33
972428,0
972429,0
972430,0
972431,0
972432,0
972433,0
972434,0
972435,0
972436,0
972437,0
972438,0
972439,0
972440,0
972441,0
972442,0
972443,0
972444,0
972445,0
972446,0
972447,0
972448,0
972449,0
972450,0
972451,0
972452,0
972453,0
972454,0
972455,0
972456,0
972457,0
972458,0
972459,0
972460,0
972461,0
972462,0
972463,0
972464,0
972465,40
972466,0
972467,0
972468,0
972469,0
972470,0
972471,0
972472,0
972473,0
972474,0
972475,0
972476,46
972477,0
972478,0
972479,0
972480,0
972481,0
972482,0
972483,0
972484,0
972485,0
972486,0
972487,0
972488,43
972489,0
972490,0
972491,33
972492,0
972493,0
972494,0
972495,0
972496,0
972497,0
972498,0
972499,27
972500,0
972501,0
972502,0
972503,0
972504,0
972505,40
972506,0
972507,0
972508,0
972509,0
972510,0
972511,0
972512,0
972513,0
972514,0
972515,0
972516,0
972517,0
972518,0
972519,0
972520,0
972521,0
972522,0
972523,0
972524,0
972525,0
972526,0
972527,0
972528,0
972529,0
972530,0
972531,0
972532,0
972533,0
972534,0
972535,0
972536,0
972537,0
972538,0
972539,0
972540,0
972541,0
972542,0
972543,0
972544,0
972545,0
972546,0
972547,0
972548,0
972549,0
972550,0
972551,0
972552,0
972553,0
972554,0
972555,0
972556,0
972557,0
972558,0
972559,0
972560,0
972561,0
972562,0
972563,0
972564,0
972565,0
972566,0
972567,0
972568,37
972569,0
972570,0
972571,0
972572,0
972573,0
972574,0
972575,0
972576,0
972577,0
972578,0
972579,0
972580,0
972581,0
972582,0
972583,23
972584,0
972585,0
972586,41
972587,0
972588,0
972589,0
972590,41
972591,0
972592,0
972593,0
972594,0
972595,0
972596,0
972597,0
972598,0
972599,0
972600,0
972601,0
972602,0
972603,0
972604,0
972605,0
972606,0
972607,0
972608,0
972609,0
972610,0
972611,0
972612,0
972613,0
972614,0
972615,0
972616,0
972617,0
972618,0
972619,1
972620,0
972621,0
972622,0
972623,0
972624,0
972625,0
972626,0
972627,0
972628,0
972629,0
972630,0
972631,0
972632,0
972633,0
972634,0
972635,0
972636,0
972637,0
972638,0
972639,0
972640,0
972641,0
972642,0
972643,0
972644,0
972645,0
972646,0
972647,0
972648,0
972649,0
972650,0
972651,0
972652,0
972653,0
972654,0
972655,0
972656,0
972657,0
972658,0
972659,0
972660,0
972661,0
972662,0
972663,0
972664,0
972665,0
972666,0
972667,0
972668,0
972669,0
972670,0
972671,0
972672,0
972673,0
972674,0
972675,0
972676,0
972677,0
972678,0
972679,0
972680,0
972681,0
972682,0
972683,0
972684,0
972685,0
972686,0
972687,0
972688,0
972689,0
972690,0
972691,0
972692,0
972693,0
972694,0
972695,0
972696,0
972697,0
972698,0
972699,0
972700,0
972701,0
972702,0
972703,0
972704,0
972705,0
972706,0
972707,0
972708,0
972709,0
972710,0
972711,0
972712,0
972713,0
972714,0
972715,0
972716,0
972717,0
972718,0
972719,0
972720,0
972721,0
972722,0
972723,0
972724,0
972725,0
972726,0
972727,0
972728,0
972729,0
972730,0
972731,0
972732,0
972733,0
972734,0
972735,0
972736,0
972737,0
972738,0
972739,0
972740,0
972741,0
972742,0
972743,0
972744,0
972745,0
972746,0
972747,0
972748,0
972749,0
972750,0
972751,0
972752,0
972753,0
972754,0
972755,0
972756,0
972757,0
972758,0
972759,0
972760,0
972761,0
972762,0
972763,0
972764,0
972765,0
972766,0
972767,0
972768,0
972769,0
972770,0
972771,0
972772,0
972773,0
972774,0
972775,0
972776,0
972777,0
972778,0
972779,0
972780,0
972781,0
972782,0
972783,0
972784,0
972785,0
972786,0
972787,0
972788,0
972789,0
972790,0
972791,0
972792,0
972793,0
972794,0
972795,0
972796,0
972797,0
972798,0
972799,0
972800,0
972801,0
972802,0
972803,0
972804,0
972805,0
972806,0
972807,0
972808,0
972809,0
972810,0
972811,0
972812,0
972813,0
972814,0
972815,0
972816,0
972817,0
972818,0
972819,0
972820,0
972821,0
972822,0
972823,0
972824,0
972825,0
972826,0
972827,0
972828,0
972829,0
972830,0
972831,0
972832,0
972833,0
972834,0
972835,0
972836,0
972837,0
972838,0
972839,0
972840,0
972841,0
972842,1
972843,0
972844,0
972845,0
972846,0
972847,0
972848,0
972849,0
972850,0
972851,0
972852,0
972853,0
972854,0
972855,0
972856,0
972857,0
972858,0
972859,0
972860,0
972861,0
972862,0
972863,0
972864,0
972865,0
972866,0
972867,0
972868,0
972869,0
972870,0
972871,0
972872,0
972873,0
972874,0
972875,0
972876,0
972877,0
972878,0
972879,0
972880,0
972881,0
972882,0
972883,0
972884,0
972885,0
972886,0
972887,0
972888,0
972889,0
972890,0
972891,0
972892,0
972893,0
972894,0
972895,0
972896,0
972897,0
972898,0
972899,0
972900,0
972901,0
972902,0
972903,0
972904,0
972905,0
972906,0
972907,0
972908,0
972909,0
972910,0
972911,0
972912,0
972913,0
972914,0
972915,0
972916,0
972917,0
972918,0
972919,0
972920,0
972921,0
972922,0
972923,0
972924,0
972925,0
972926,0
972927,0
972928,0
972929,0
972930,0
972931,0
972932,0
972933,0
972934,0
972935,0
972936,0
972937,0
972938,0
972939,0
972940,0
972941,0
972942,0
972943,0
972944,0
972945,0
972946,0
972947,1
972948,0
972949,0
972950,0
972951,0
972952,0
972953,0
972954,0
972955,0
972956,0
972957,0
972958,0
972959,0
972960,0
972961,0
972962,0
972963,0
972964,0
972965,0
972966,0
972967,0
972968,0
972969,0
972970,0
972971,0
972972,0
972973,0
972974,0
972975,0
972976,0
972977,0
972978,0
972979,0
972980,0
972981,0
972982,0
972983,0
972984,0
972985,0
972986,0
972987,0
972988,0
972989,0
972990,0
972991,0
972992,0
972993,0
972994,0
972995,0
972996,0
972997,0
972998,0
972999,0
973000,0
973001,0
973002,0
973003,0
973004,0
973005,0
973006,0
973007,0
973008,0
973009,0
973010,19
973011,0
973012,25
973013,0
973014,0
973015,0
973016,0
973017,0
973018,0
973019,0
973020,0
973021,0
973022,0
973023,0
973024,0
973025,9
973026,0
973027,0
973028,0
973029,0
973030,0
973031,0
973032,0
973033,0
973034,0
973035,0
973036,0
973037,25
973038,0
973039,0
973040,0
973041,0
973042,0
973043,0
973044,0
973045,0
973046,0
973047,0
973048,0
973049,0
973050,0
973051,0
973052,0
973053,0
973054,13
973055,0
973056,0
973057,0
973058,0
973059,0
973060,0
973061,0
973062,0
973063,0
973064,0
973065,0
973066,0
973067,0
973068,0
973069,0
973070,0
973071,0
973072,0
973073,0
973074,0
973075,0
973076,0
973077,0
973078,0
973079,0
973080,0
973081,0
973082,0
973083,0
973084,0
973085,0
973086,0
973087,0
973088,0
973089,0
973090,0
973091,0
973092,0
973093,0
973094,0
973095,0
973096,0
973097,0
973098,0
973099,0
973100,0
973101,0
973102,0
973103,0
973104,0
973105,0
973106,0
973107,0
973108,0
973109,0
973110,0
973111,0
973112,0
973113,0
973114,0
973115,0
973116,0
973117,0
973118,18
973119,0
973120,0
973121,0
973122,0
973123,0
973124,0
973125,0
973126,0
973127,0
973128,0
973129,0
973130,0
973131,0
973132,0
973133,0
973134,11
973135,0
973136,21
973137,0
973138,0
973139,0
973140,0
973141,0
973142,0
973143,0
973144,0
973145,0
973146,0
973147,0
973148,18
973149,0
973150,30
973151,0
973152,0
973153,0
973154,0
973155,0
973156,0
973157,0
973158,0
973159,0
973160,14
973161,0
973162,0
973163,0
973164,0
973165,0
973166,0
973167,0
973168,0
973169,0
973170,0
973171,15
973172,0
973173,10
973174,0
973175,0
973176,0
973177,0
973178,0
973179,0
973180,0
973181,0
973182,0
973183,0
973184,0
973185,0
973186,0
973187,28
973188,0
973189,0
973190,0
973191,0
973192,0
973193,0
973194,0
973195,0
973196,0
973197,29
973198,0
973199,0
973200,16
973201,0
973202,0
973203,0
973204,0
973205,0
973206,0
973207,0
973208,0
973209,0
973210,0
973211,21
973212,0
973213,0
973214,0
973215,0
973216,0
973217,0
973218,16
973219,0
973220,0
973221,0
973222,0
973223,0
973224,0
973225,0
973226,0
973227,0
973228,0
973229,0
973230,15
973231,0
973232,0
973233,0
973234,0
973235,0
973236,0
973237,0
973238,0
973239,0
973240,0
973241,0
973242,0
973243,0
973244,0
973245,0
973246,0
973247,0
973248,0
973249,0
973250,0
973251,0
973252,0
973253,0
973254,0
973255,0
973256,0
973257,0
973258,0
973259,0
973260,0
973261,0
973262,0
973263,0
973264,0
973265,0
973266,0
973267,0
973268,0
973269,0
973270,0
973271,19
973272,0
973273,0
973274,0
973275,0
973276,0
973277,0
973278,0
973279,0
973280,0
973281,17
973282,0
973283,0
973284,0
973285,24
973286,0
973287,0
973288,0
973289,0
973290,0
973291,0
973292,0
973293,0
973294,0
973295,0
973296,0
973297,27
973298,0
973299,0
973300,0
973301,0
973302,13
973303,0
973304,0
973305,0
973306,0
973307,0
973308,0
973309,0
973310,0
973311,0
973312,0
973313,0
973314,0
973315,29
973316,0
973317,0
973318,0
973319,0
973320,0
973321,0
973322,0
973323,0
973324,0
973325,0
973326,19
973327,0
973328,0
973329,0
973330,0
973331,22
973332,0
973333,0
973334,0
973335,0
973336,0
973337,0
973338,0
973339,0
973340,13
973341,0
973342,0
973343,0
973344,0
973345,14
973346,0
973347,0
973348,0
973349,0
973350,0
973351,0
973352,0
973353,22
973354,0
973355,0
973356,0
973357,0
973358,0
973359,0
973360,0
973361,0
973362,0
973363,0
973364,0
973365,0
973366,0
973367,20
973368,0
973369,0
973370,0
973371,0
973372,0
973373,0
973374,0
973375,0
973376,0
973377,0
973378,0
973379,0
973380,0
973381,0
973382,0
973383,0
973384,22
973385,0
973386,0
973387,0
973388,0
973389,0
973390,0
973391,0
973392,0
973393,0
973394,0
973395,0
973396,0
973397,24
973398,0
973399,0
973400,0
973401,0
973402,0
973403,25
973404,0
973405,23
973406,0
973407,0
973408,0
973409,0
973410,0
973411,0
973412,0
973413,0
973414,0
973415,0
973416,0
973417,0
973418,14
973419,0
973420,0
973421,0
973422,0
973423,0
973424,0
973425,0
973426,0
973427,0
973428,0
973429,0
973430,0
973431,0
973432,0
973433,0
973434,15
973435,0
973436,0
973437,7
973438,26
973439,0
973440,0
973441,0
973442,0
973443,0
973444,0
973445,0
973446,0
973447,0
973448,0
973449,28
973450,0
973451,0
973452,0
973453,22
973454,0
973455,0
973456,0
973457,0
973458,0
973459,0
973460,0
973461,0
973462,0
973463,0
973464,0
973465,0
973466,0
973467,0
973468,0
973469,0
973470,0
973471,22
973472,17
973473,0
973474,0
973475,0
973476,0
973477,0
973478,0
973479,0
973480,0
973481,17
973482,0
973483,16
973484,0
973485,0
973486,0
973487,0
973488,0
973489,0
973490,0
973491,0
973492,0
973493,0
973494,0
973495,0
973496,0
973497,0
973498,0
973499,0
973500,0
973501,0
973502,0
973503,0
973504,0
973505,0
973506,0
973507,0
973508,0
973509,0
973510,0
973511,0
973512,13
973513,22
973514,0
973515,0
973516,22
973517,0
973518,0
973519,12
973520,0
973521,29
973522,25
973523,0
973524,0
973525,0
973526,0
973527,0
973528,0
973529,0
973530,0
973531,0
973532,0
973533,0
973534,16
973535,0
973536,0
973537,0
973538,0
973539,0
973540,0
973541,0
973542,0
973543,0
973544,0
973545,0
973546,0
973547,0
973548,0
973549,0
973550,0
973551,0
973552,0
973553,26
973554,0
973555,0
973556,22
973557,0
973558,0
973559,0
973560,0
973561,0
973562,0
973563,0
973564,0
973565,18
973566,0
973567,0
973568,0
973569,0
973570,0
973571,18
973572,0
973573,0
973574,17
973575,23
973576,15
973577,0
973578,0
973579,0
973580,0
973581,0
973582,0
973583,0
973584,0
973585,0
973586,0
973587,0
973588,0
973589,0
973590,0
973591,22
973592,0
973593,0
973594,0
973595,0
973596,0
973597,0
973598,0
973599,0
973600,0
973601,0
973602,11
973603,0
973604,0
973605,0
973606,0
973607,0
973608,0
973609,0
973610,12
973611,0
973612,0
973613,0
973614,16
973615,0
973616,0
973617,0
973618,0
973619,0
973620,0
973621,0
973622,0
973623,0
973624,0
973625,0
973626,0
973627,0
973628,0
973629,0
973630,0
973631,0
973632,0
973633,0
973634,0
973635,0
973636,0
973637,0
973638,0
973639,0
973640,0
973641,0
973642,0
973643,0
973644,0
973645,0
973646,0
973647,0
973648,0
973649,0
973650,0
973651,0
973652,8
973653,10
973654,0
973655,0
973656,0
973657,0
973658,0
973659,0
973660,0
973661,20
973662,0
973663,0
973664,0
973665,24
973666,0
973667,0
973668,0
973669,0
973670,0
973671,0
973672,0
973673,0
973674,0
973675,0
973676,0
973677,0
973678,0
973679,0
973680,0
973681,0
973682,0
973683,0
973684,0
973685,15
973686,0
973687,0
973688,0
973689,0
973690,0
973691,0
973692,0
973693,0
973694,0
973695,14
973696,0
973697,0
973698,0
973699,0
973700,0
973701,0
973702,0
973703,0
973704,15
973705,0
973706,0
973707,0
973708,12
973709,0
973710,0
973711,0
973712,0
973713,0
973714,0
973715,16
973716,0
973717,0
973718,0
973719,27
973720,0
973721,0
973722,0
973723,0
973724,0
973725,0
973726,0
973727,0
973728,0
973729,0
973730,0
973731,0
973732,0
973733,0
973734,18
973735,0
973736,29
973737,16
973738,0
973739,0
973740,0
973741,0
973742,0
973743,0
973744,0
973745,0
973746,0
973747,0
973748,14
973749,0
973750,0
973751,0
973752,0
973753,0
973754,0
973755,0
973756,0
973757,0
973758,0
973759,0
973760,0
973761,0
973762,0
973763,0
973764,0
973765,0
973766,0
973767,0
973768,0
973769,0
973770,0
973771,0
973772,0
973773,0
973774,0
973775,0
973776,0
973777,0
973778,0
973779,0
973780,0
973781,0
973782,0
973783,19
973784,0
973785,0
973786,0
973787,0
973788,0
973789,0
973790,0
973791,0
973792,0
973793,0
973794,0
973795,0
973796,0
973797,0
973798,0
973799,0
973800,18
973801,0
973802,0
973803,0
973804,0
973805,0
973806,0
973807,0
973808,26
973809,0
973810,0
973811,0
973812,0
973813,0
973814,0
973815,0
973816,0
973817,14
973818,0
973819,0
973820,0
973821,0
973822,0
973823,0
973824,0
973825,0
973826,15
973827,0
973828,0
973829,0
973830,0
973831,0
973832,0
973833,0
973834,0
973835,0
973836,0
973837,0
973838,0
973839,0
973840,0
973841,0
973842,0
973843,0
973844,0
973845,0
973846,0
973847,0
973848,0
973849,0
973850,0
973851,0
973852,0
973853,0
973854,0
973855,19
973856,0
973857,0
973858,0
973859,0
973860,18
973861,0
973862,0
973863,0
973864,0
973865,0
973866,0
973867,0
973868,0
973869,0
973870,0
973871,0
973872,0
973873,0
973874,0
973875,20
973876,0
973877,0
973878,0
973879,0
973880,0
973881,0
973882,0
973883,0
973884,0
973885,0
973886,0
973887,0
973888,0
973889,0
973890,0
973891,0
973892,0
973893,0
973894,0
973895,0
973896,10
973897,0
973898,0
973899,0
973900,0
973901,0
973902,28
973903,0
973904,0
973905,0
973906,0
973907,0
973908,0
973909,15
973910,0
973911,0
973912,11
973913,0
973914,0
973915,0
973916,0
973917,0
973918,0
973919,0
973920,0
973921,0
973922,0
973923,25
973924,0
973925,0
973926,0
973927,0
973928,0
973929,33
973930,38
973931,0
973932,0
973933,0
973934,0
973935,0
973936,0
973937,0
973938,36
973939,54
973940,0
973941,0
973942,0
973943,0
973944,50
973945,0
973946,0
973947,24
973948,0
973949,0
973950,0
973951,0
973952,0
973953,0
973954,0
973955,0
973956,0
973957,0
973958,0
973959,0
973960,0
973961,0
973962,0
973963,0
973964,0
973965,0
973966,0
973967,38
973968,41
973969,0
973970,0
973971,39
973972,0
973973,35
973974,0
973975,0
973976,26
973977,0
973978,0
973979,0
973980,0
973981,0
973982,0
973983,0
973984,0
973985,0
973986,0
973987,0
973988,0
973989,28
973990,0
973991,0
973992,0
973993,0
973994,0
973995,0
973996,0
973997,0
973998,0
973999,0
974000,0
974001,0
974002,0
974003,0
974004,0
974005,0
974006,0
974007,0
974008,0
974009,0
974010,0
974011,0
974012,0
974013,31
974014,0
974015,0
974016,0
974017,0
974018,0
974019,40
974020,0
974021,0
974022,0
974023,0
974024,0
974025,0
974026,26
974027,0
974028,0
974029,0
974030,0
974031,0
974032,0
974033,0
974034,0
974035,0
974036,0
974037,0
974038,0
974039,0
974040,0
974041,0
974042,0
974043,0
974044,0
974045,0
974046,0
974047,0
974048,0
974049,0
974050,0
974051,0
974052,0
974053,25
974054,0
974055,0
974056,0
974057,0
974058,0
974059,0
974060,0
974061,0
974062,0
974063,0
974064,0
974065,0
974066,0
974067,0
974068,0
974069,0
974070,0
974071,45
974072,0
974073,0
974074,0
974075,0
974076,0
974077,0
974078,0
974079,0
974080,50
974081,0
974082,39
974083,0
974084,0
974085,0
974086,0
974087,0
974088,0
974089,0
974090,0
974091,54
974092,0
974093,0
974094,0
974095,0
974096,0
974097,0
974098,0
974099,0
974100,0
974101,0
974102,0
974103,0
974104,0
974105,0
974106,0
974107,0
974108,0
974109,0
974110,0
974111,0
974112,0
974113,0
974114,49
974115,0
974116,0
974117,0
974118,0
974119,0
974120,0
974121,0
974122,0
974123,0
974124,28
974125,0
974126,0
974127,0
974128,0
974129,42
974130,0
974131,0
974132,0
974133,0
974134,0
974135,0
974136,0
974137,0
974138,0
974139,0
974140,0
974141,0
974142,0
974143,0
974144,0
974145,0
974146,0
974147,0
974148,0
974149,0
974150,0
974151,0
974152,0
974153,0
974154,0
974155,0
974156,0
974157,0
974158,0
974159,0
974160,0
974161,0
974162,0
974163,0
974164,0
974165,0
974166,33
974167,0
974168,0
974169,0
974170,0
974171,0
974172,0
974173,0
974174,0
974175,0
974176,30
974177,0
974178,0
974179,0
974180,0
974181,0
974182,0
974183,30
974184,0
974185,0
974186,0
974187,0
974188,0
974189,0
974190,0
974191,0
974192,0
974193,0
974194,0
974195,0
974196,0
974197,0
974198,0
974199,0
974200,0
974201,0
974202,0
974203,0
974204,0
974205,0
974206,0
974207,0
974208,0
974209,0
974210,0
974211,0
974212,0
974213,0
974214,0
974215,0
974216,0
974217,0
974218,0
974219,0
974220,0
974221,0
974222,0
974223,0
974224,0
974225,0
974226,0
974227,0
974228,0
974229,0
974230,0
974231,0
974232,42
974233,0
974234,0
974235,0
974236,0
974237,0
974238,0
974239,0
974240,0
974241,0
974242,0
974243,0
974244,0
974245,0
974246,0
974247,0
974248,0
974249,0
974250,0
974251,0
974252,0
974253,0
974254,0
974255,29
974256,39
974257,0
974258,0
974259,0
974260,0
974261,0
974262,0
974263,0
974264,0
974265,0
974266,0
974267,0
974268,0
974269,0
974270,0
974271,0
974272,0
974273,0
974274,0
974275,0
974276,0
974277,0
974278,0
974279,0
974280,0
974281,0
974282,0
974283,0
974284,41
974285,0
974286,0
974287,0
974288,0
974289,0
974290,0
974291,0
974292,0
974293,0
974294,0
974295,0
974296,0
974297,0
974298,0
974299,0
974300,0
974301,0
974302,0
974303,0
974304,0
974305,39
974306,0
974307,0
974308,0
974309,0
974310,42
974311,0
974312,0
974313,0
974314,0
974315,0
974316,0
974317,0
974318,0
974319,0
974320,0
974321,0
974322,0
974323,0
974324,0
974325,0
974326,0
974327,0
974328,0
974329,0
974330,0
974331,0
974332,0
974333,0
974334,0
974335,0
974336,0
974337,0
974338,0
974339,0
974340,33
974341,0
974342,0
974343,0
974344,0
974345,0
974346,0
974347,0
974348,0
974349,0
974350,0
974351,0
974352,0
974353,0
974354,0
974355,0
974356,0
974357,0
974358,0
974359,0
974360,0
974361,46
974362,0
974363,0
974364,0
974365,0
974366,0
974367,0
974368,0
974369,0
974370,0
974371,0
974372,0
974373,0
974374,24
974375,0
974376,0
974377,44
974378,0
974379,0
974380,0
974381,0
974382,0
974383,0
974384,0
974385,0
974386,36
974387,0
974388,0
974389,0
974390,0
974391,0
974392,0
974393,0
974394,0
974395,0
974396,0
974397,0
974398,11
974399,0
974400,0
974401,0
974402,0
974403,0
974404,0
974405,0
974406,0
974407,0
974408,0
974409,0
974410,0
974411,8
974412,0
974413,0
974414,0
974415,0
974416,0
974417,7
974418,0
974419,10
974420,9
974421,0
974422,0
974423,0
974424,0
974425,0
974426,0
974427,0
974428,0
974429,0
974430,0
974431,0
974432,7
974433,0
974434,0
974435,0
974436,0
974437,0
974438,0
974439,0
974440,0
974441,0
974442,0
974443,0
974444,6
974445,0
974446,0
974447,0
974448,0
974449,12
974450,0
974451,6
974452,8
974453,0
974454,9
974455,0
974456,0
974457,0
974458,7
974459,4
974460,0
974461,0
974462,0
974463,0
974464,17
974465,15
974466,0
974467,0
974468,0
974469,0
974470,0
974471,0
974472,0
974473,8
974474,0
974475,0
974476,0
974477,0
974478,0
974479,0
974480,15
974481,0
974482,7
974483,0
974484,0
974485,0
974486,0
974487,0
974488,5
974489,0
974490,0
974491,0
974492,0
974493,0
974494,0
974495,0
974496,0
974497,0
974498,0
974499,0
974500,5
974501,0
974502,0
974503,10
974504,0
974505,0
974506,0
974507,0
974508,0
974509,11
974510,0
974511,0
974512,7
974513,0
974514,0
974515,0
974516,0
974517,7
974518,0
974519,15
974520,9
974521,0
974522,0
974523,0
974524,0
974525,0
974526,0
974527,0
974528,0
974529,0
974530,0
974531,0
974532,0
974533,0
974534,0
974535,0
974536,8
974537,0
974538,0
974539,7
974540,7
974541,0
974542,0
974543,0
974544,10
974545,0
974546,0
974547,0
974548,0
974549,0
974550,7
974551,0
974552,0
974553,0
974554,0
974555,0
974556,0
974557,9
974558,0
974559,0
974560,0
974561,0
974562,10
974563,11
974564,0
974565,0
974566,0
974567,0
974568,0
974569,0
974570,0
974571,0
974572,0
974573,0
974574,0
974575,0
974576,0
974577,0
974578,0
974579,0
974580,0
974581,0
974582,0
974583,0
974584,0
974585,9
974586,4
974587,0
974588,0
974589,10
974590,0
974591,0
974592,0
974593,0
974594,0
974595,0
974596,10
974597,0
974598,0
974599,5
974600,0
974601,0
974602,0
974603,0
974604,0
974605,0
974606,0
974607,0
974608,0
974609,0
974610,3
974611,0
974612,0
974613,8
974614,7
974615,0
974616,0
974617,0
974618,0
974619,5
974620,0
974621,0
974622,0
974623,0
974624,0
974625,0
974626,0
974627,0
974628,0
974629,0
974630,12
974631,0
974632,0
974633,0
974634,0
974635,7
974636,0
974637,0
974638,0
974639,0
974640,0
974641,0
974642,0
974643,0
974644,0
974645,0
974646,0
974647,0
974648,0
974649,0
974650,7
974651,0
974652,0
974653,0
974654,0
974655,0
974656,10
974657,0
974658,0
974659,0
974660,0
974661,9
974662,0
974663,0
974664,0
974665,0
974666,0
974667,12
974668,0
974669,0
974670,0
974671,9
974672,0
974673,0
974674,10
974675,0
974676,0
974677,7
974678,0
974679,0
974680,13
974681,0
974682,0
974683,5
974684,17
974685,0
974686,0
974687,0
974688,0
974689,0
974690,0
974691,0
974692,0
974693,0
974694,0
974695,0
974696,7
974697,10
974698,5
974699,0
974700,0
974701,4
974702,10
974703,0
974704,0
974705,7
974706,0
974707,0
974708,4
974709,0
974710,8
974711,0
974712,0
974713,0
974714,0
974715,0
974716,0
974717,0
974718,0
974719,0
974720,0
974721,0
974722,0
974723,0
974724,9
974725,0
974726,6
974727,0
974728,0
974729,0
974730,0
974731,0
974732,0
974733,0
974734,0
974735,0
974736,0
974737,0
974738,0
974739,0
974740,0
974741,4
974742,0
974743,0
974744,0
974745,0
974746,0
974747,0
974748,7
974749,0
974750,0
974751,0
974752,0
974753,0
974754,0
974755,0
974756,5
974757,0
974758,0
974759,9
974760,0
974761,0
974762,0
974763,0
974764,0
974765,0
974766,0
974767,0
974768,0
974769,5
974770,0
974771,0
974772,11
974773,0
974774,0
974775,0
974776,0
974777,0
974778,7
974779,0
974780,0
974781,0
974782,0
974783,0
974784,8
974785,0
974786,0
974787,0
974788,5
974789,10
974790,0
974791,0
974792,0
974793,0
974794,0
974795,0
974796,0
974797,0
974798,10
974799,0
974800,0
974801,0
974802,0
974803,0
974804,7
974805,0
974806,0
974807,0
974808,0
974809,0
974810,0
974811,0
974812,0
974813,0
974814,0
974815,7
974816,0
974817,0
974818,0
974819,6
974820,3
974821,0
974822,8
974823,0
974824,0
974825,0
974826,0
974827,0
974828,0
974829,8
974830,0
974831,0
974832,0
974833,6
974834,0
974835,0
974836,0
974837,0
974838,8
974839,0
974840,0
974841,0
974842,0
974843,0
974844,0
974845,0
974846,9
974847,0
974848,0
974849,0
974850,0
974851,5
974852,0
974853,0
974854,0
974855,0
974856,6
974857,7
974858,0
974859,0
974860,0
974861,0
974862,0
974863,0
974864,17
974865,0
974866,8
974867,3
974868,0
974869,0
974870,0
974871,0
974872,3
974873,10
974874,0
974875,0
974876,4
974877,0
974878,0
974879,11
974880,0
974881,7
974882,0
974883,0
974884,0
974885,0
974886,0
974887,6
974888,0
974889,0
974890,0
974891,0
974892,0
974893,0
974894,0
974895,0
974896,0
974897,0
974898,0
974899,0
974900,7
974901,0
974902,5
974903,0
974904,0
974905,10
974906,0
974907,0
974908,0
974909,7
974910,7
974911,0
974912,6
974913,0
974914,0
974915,0
974916,0
974917,0
974918,0
974919,0
974920,9
974921,0
974922,0
974923,0
974924,0
974925,12
974926,0
974927,12
974928,0
974929,0
974930,0
974931,5
974932,0
974933,0
974934,0
974935,0
974936,0
974937,4
974938,0
974939,14
974940,0
974941,0
974942,0
974943,6
974944,0
974945,0
974946,0
974947,0
974948,0
974949,0
974950,0
974951,5
974952,0
974953,0
974954,0
974955,0
974956,12
974957,0
974958,0
974959,0
974960,4
974961,0
974962,0
974963,4
974964,7
974965,14
974966,0
974967,0
974968,0
974969,0
974970,0
974971,0
974972,0
974973,0
974974,0
974975,8
974976,0
974977,0
974978,0
974979,0
974980,11
974981,0
974982,9
974983,0
974984,0
974985,12
974986,0
974987,0
974988,0
974989,4
974990,0
974991,0
974992,0
974993,1
974994,0
974995,8
974996,0
974997,0
974998,0
974999,9
975000,0
975001,0
975002,0
975003,0
975004,0
975005,6
975006,0
975007,0
975008,0
975009,0
975010,0
975011,0
975012,4
975013,5
975014,7
975015,0
975016,0
975017,0
975018,0
975019,4
975020,0
975021,8
975022,0
975023,8
975024,0
975025,0
975026,0
975027,0
975028,0
975029,0
975030,0
975031,0
975032,0
975033,7
975034,0
975035,0
975036,0
975037,0
975038,0
975039,0
975040,0
975041,0
975042,0
975043,0
975044,0
975045,0
975046,0
975047,0
975048,0
975049,0
975050,0
975051,0
975052,0
975053,0
975054,0
975055,0
975056,0
975057,0
975058,0
975059,0
975060,0
975061,0
975062,0
975063,0
975064,8
975065,0
975066,0
975067,0
975068,0
975069,0
975070,0
975071,0
975072,11
975073,0
975074,0
975075,0
975076,0
975077,0
975078,0
975079,0
975080,0
975081,0
975082,0
975083,5
975084,0
975085,0
975086,9
975087,0
975088,0
975089,8
975090,0
975091,4
975092,0
975093,0
975094,13
975095,0
975096,0
975097,0
975098,0
975099,0
975100,7
975101,0
975102,0
975103,6
975104,0
975105,0
975106,0
975107,0
975108,0
975109,0
975110,0
975111,8
975112,17
975113,0
975114,9
975115,0
975116,0
975117,12
975118,0
975119,0
975120,0
975121,0
975122,0
975123,0
975124,0
975125,0
975126,0
975127,0
975128,0
975129,0
975130,0
975131,0
975132,0
975133,0
975134,0
975135,0
975136,0
975137,8
975138,0
975139,0
975140,5
975141,0
975142,0
975143,0
975144,0
975145,0
975146,0
975147,0
975148,0
975149,0
975150,8
975151,5
975152,11
975153,0
975154,0
975155,0
975156,0
975157,0
975158,0
975159,0
975160,0
975161,0
975162,0
975163,0
975164,0
975165,0
975166,0
975167,14
975168,0
975169,0
975170,0
975171,0
975172,0
975173,0
975174,0
975175,0
975176,0
975177,0
975178,0
975179,12
975180,8
975181,0
975182,0
975183,0
975184,12
975185,0
975186,0
975187,0
975188,8
975189,0
975190,0
975191,0
975192,7
975193,0
975194,0
975195,0
975196,0
975197,0
975198,0
975199,12
975200,0
975201,0
975202,0
975203,0
975204,0
975205,0
975206,0
975207,0
975208,0
975209,0
975210,0
975211,0
975212,12
975213,0
975214,0
975215,0
975216,12
975217,0
975218,0
975219,0
975220,0
975221,0
975222,0
975223,0
975224,0
975225,0
975226,0
975227,0
975228,0
975229,0
975230,0
975231,0
975232,0
975233,0
975234,0
975235,0
975236,0
975237,0
975238,0
975239,0
975240,0
975241,0
975242,0
975243,0
975244,0
975245,0
975246,0
975247,0
975248,0
975249,0
975250,0
975251,0
975252,0
975253,0
975254,0
975255,0
975256,0
975257,0
975258,0
975259,0
975260,9
975261,0
975262,9
975263,10
975264,3
975265,0
975266,0
975267,0
975268,0
975269,6
975270,0
975271,7
975272,10
975273,0
975274,0
975275,0
975276,7
975277,3
975278,0
975279,0
975280,0
975281,0
975282,8
975283,0
975284,0
975285,7
975286,0
975287,0
975288,0
975289,0
975290,0
975291,0
975292,0
975293,6
975294,0
975295,0
975296,0
975297,0
975298,0
975299,0
975300,0
975301,0
975302,0
975303,0
975304,10
975305,0
975306,0
975307,9
975308,0
975309,0
975310,0
975311,0
975312,0
975313,3
975314,13
975315,0
975316,8
975317,0
975318,0
975319,0
975320,0
975321,0
975322,0
975323,0
975324,6
975325,0
975326,11
975327,0
975328,29
975329,0
975330,0
975331,0
975332,0
975333,32
975334,0
975335,0
975336,0
975337,0
975338,0
975339,0
975340,0
975341,0
975342,0
975343,0
975344,0
975345,30
975346,0
975347,0
975348,0
975349,0
975350,0
975351,0
975352,0
975353,0
975354,0
975355,0
975356,0
975357,0
975358,17
975359,0
975360,0
975361,0
975362,0
975363,0
975364,0
975365,0
975366,0
975367,0
975368,0
975369,0
975370,0
975371,0
975372,27
975373,0
975374,0
975375,0
975376,24
975377,0
975378,0
975379,0
975380,0
975381,0
975382,0
975383,0
975384,0
975385,0
975386,0
975387,0
975388,0
975389,0
975390,0
975391,0
975392,0
975393,0
975394,0
975395,0
975396,34
975397,0
975398,0
975399,0
975400,0
975401,0
975402,0
975403,0
975404,0
975405,0
975406,0
975407,0
975408,0
975409,0
975410,0
975411,0
975412,0
975413,0
975414,0
975415,0
975416,0
975417,0
975418,0
975419,0
975420,0
975421,26
975422,0
975423,0
975424,0
975425,0
975426,0
975427,0
975428,0
975429,0
975430,24
975431,0
975432,0
975433,0
975434,37
975435,0
975436,0
975437,0
975438,0
975439,0
975440,0
975441,0
975442,0
975443,0
975444,0
975445,0
975446,0
975447,17
975448,0
975449,0
975450,0
975451,0
975452,0
975453,0
975454,0
975455,0
975456,0
975457,0
975458,0
975459,0
975460,0
975461,0
975462,0
975463,0
975464,0
975465,0
975466,0
975467,43
975468,0
975469,0
975470,0
975471,0
975472,0
975473,0
975474,0
975475,0
975476,0
975477,0
975478,0
975479,0
975480,0
975481,0
975482,0
975483,0
975484,0
975485,0
975486,0
975487,0
975488,0
975489,0
975490,0
975491,24
975492,0
975493,0
975494,0
975495,0
975496,0
975497,0
975498,0
975499,0
975500,0
975501,0
975502,0
975503,0
975504,0
975505,0
975506,0
975507,0
975508,22
975509,0
975510,0
975511,0
975512,0
975513,0
975514,0
975515,0
975516,20
975517,30
975518,0
975519,0
975520,0
975521,0
975522,0
975523,0
975524,0
975525,0
975526,0
975527,0
975528,0
975529,0
975530,0
975531,0
975532,0
975533,0
975534,38
975535,0
975536,0
975537,0
975538,0
975539,0
975540,0
975541,0
975542,0
975543,0
975544,0
975545,0
975546,0
975547,26
975548,0
975549,0
975550,0
975551,0
975552,0
975553,0
975554,0
975555,0
975556,0
975557,0
975558,0
975559,0
975560,0
975561,0
975562,0
975563,0
975564,0
975565,0
975566,0
975567,25
975568,0
975569,32
975570,0
975571,0
975572,0
975573,0
975574,0
975575,0
975576,0
975577,0
975578,0
975579,0
975580,0
975581,0
975582,0
975583,0
975584,0
975585,0
975586,0
975587,0
975588,0
975589,15
975590,0
975591,0
975592,0
975593,0
975594,0
975595,0
975596,0
975597,0
975598,0
975599,0
975600,0
975601,0
975602,0
975603,0
975604,0
975605,0
975606,0
975607,0
975608,0
975609,0
975610,0
975611,0
975612,0
975613,0
975614,0
975615,0
975616,0
975617,0
975618,0
975619,0
975620,30
975621,32
975622,0
975623,0
975624,0
975625,0
975626,0
975627,0
975628,0
975629,0
975630,0
975631,0
975632,0
975633,0
975634,0
975635,0
975636,0
975637,0
975638,0
975639,0
975640,0
975641,0
975642,0
975643,0
975644,24
975645,0
975646,0
975647,0
975648,0
975649,0
975650,0
975651,34
975652,0
975653,0
975654,0
975655,0
975656,0
975657,0
975658,0
975659,0
975660,0
975661,0
975662,0
975663,0
975664,0
975665,0
975666,0
975667,0
975668,0
975669,0
975670,0
975671,0
975672,0
975673,0
975674,0
975675,0
975676,0
975677,0
975678,0
975679,35
975680,0
975681,0
975682,0
975683,0
975684,0
975685,0
975686,0
975687,0
975688,0
975689,0
975690,0
975691,0
975692,0
975693,0
975694,0
975695,33
975696,0
975697,0
975698,0
975699,0
975700,23
975701,0
975702,0
975703,0
975704,0
975705,0
975706,0
975707,0
975708,0
975709,0
975710,0
975711,0
975712,0
975713,0
975714,0
975715,0
975716,0
975717,0
975718,0
975719,0
975720,0
975721,0
975722,0
975723,0
975724,0
975725,0
975726,0
975727,0
975728,0
975729,0
975730,0
975731,0
975732,0
975733,25
975734,0
975735,0
975736,0
975737,0
975738,0
975739,32
975740,0
975741,0
975742,27
975743,0
975744,0
975745,0
975746,35
975747,0
975748,0
975749,0
975750,0
975751,0
975752,0
975753,0
975754,0
975755,0
975756,0
975757,0
975758,0
975759,0
975760,0
975761,0
975762,0
975763,29
975764,0
975765,0
975766,0
975767,0
975768,0
975769,0
975770,0
975771,0
975772,0
975773,0
975774,0
975775,0
975776,0
975777,0
975778,0
975779,0
975780,0
975781,0
975782,0
975783,0
975784,0
975785,0
975786,0
975787,31
975788,0
975789,0
975790,0
975791,0
975792,0
975793,0
975794,0
975795,0
975796,46
975797,0
975798,0
975799,0
975800,0
975801,0
975802,0
975803,0
975804,24
975805,0
975806,0
975807,0
975808,0
975809,0
975810,0
975811,0
975812,38
975813,0
975814,0
975815,0
975816,33
975817,0
975818,0
975819,30
975820,0
975821,0
975822,0
975823,0
975824,0
975825,0
975826,0
975827,0
975828,0
975829,0
975830,0
975831,0
975832,0
975833,0
975834,0
975835,0
975836,0
975837,0
975838,41
975839,0
975840,0
975841,0
975842,0
975843,0
975844,0
975845,0
975846,0
975847,0
975848,0
975849,0
975850,0
975851,0
975852,0
975853,0
975854,0
975855,0
975856,0
975857,0
975858,33
975859,0
975860,0
975861,0
975862,0
975863,0
975864,0
975865,0
975866,0
975867,0
975868,0
975869,0
975870,33
975871,0
975872,0
975873,0
975874,0
975875,0
975876,0
975877,0
975878,0
975879,0
975880,0
975881,0
975882,0
975883,0
975884,0
975885,0
975886,0
975887,0
975888,0
975889,0
975890,0
975891,0
975892,0
975893,0
975894,0
975895,0
975896,0
975897,0
975898,0
975899,0
975900,0
975901,0
975902,0
975903,0
975904,0
975905,0
975906,52
975907,0
975908,0
975909,0
975910,0
975911,0
975912,0
975913,0
975914,0
975915,0
975916,0
975917,39
975918,0
975919,0
975920,21
975921,0
975922,0
975923,0
975924,0
975925,0
975926,0
975927,28
975928,0
975929,0
975930,0
975931,0
975932,0
975933,44
975934,0
975935,47
975936,0
975937,0
975938,0
975939,0
975940,0
975941,0
975942,0
975943,0
975944,0
975945,0
975946,0
975947,0
975948,0
975949,0
975950,0
975951,0
975952,14
975953,10
975954,9
975955,15
975956,0
975957,0
975958,0
975959,0
975960,0
975961,0
975962,0
975963,0
975964,0
975965,0
975966,0
975967,0
975968,0
975969,0
975970,0
975971,0
975972,0
975973,0
975974,0
975975,0
975976,0
975977,0
975978,0
975979,0
975980,0
975981,0
975982,0
975983,16
975984,0
975985,0
975986,0
975987,0
975988,0
975989,0
975990,0
975991,0
975992,19
975993,0
975994,0
975995,0
975996,0
975997,0
975998,0
975999,0
976000,0
976001,0
976002,0
976003,47
976004,0
976005,0
976006,0
976007,0
976008,0
976009,0
976010,0
976011,0
976012,31
976013,0
976014,0
976015,0
976016,0
976017,31
976018,33
976019,0
976020,37
976021,36
976022,32
976023,0
976024,36
976025,0
976026,36
976027,0
976028,0
976029,0
976030,0
976031,0
976032,0
976033,0
976034,0
976035,0
976036,0
976037,0
976038,0
976039,0
976040,0
976041,0
976042,0
976043,0
976044,0
976045,0
976046,0
976047,0
976048,30
976049,0
976050,0
976051,0
976052,0
976053,0
976054,35
976055,0
976056,0
976057,30
976058,0
976059,0
976060,34
976061,0
976062,0
976063,0
976064,0
976065,0
976066,0
976067,0
976068,34
976069,0
976070,0
976071,0
976072,0
976073,0
976074,0
976075,28
976076,0
976077,34
976078,0
976079,0
976080,0
976081,0
976082,0
976083,0
976084,39
976085,0
976086,0
976087,36
976088,53
976089,0
976090,0
976091,35
976092,0
976093,0
976094,0
976095,0
976096,30
976097,0
976098,0
976099,0
976100,39
976101,0
976102,0
976103,0
976104,21
976105,39
976106,0
976107,0
976108,0
976109,0
976110,0
976111,36
976112,0
976113,30
976114,0
976115,0
976116,35
976117,46
976118,0
976119,0
976120,0
976121,0
976122,0
976123,27
976124,39
976125,0
976126,34
976127,0
976128,0
976129,34
976130,0
976131,0
976132,0
976133,0
976134,0
976135,41
976136,0
976137,0
976138,0
976139,42
976140,0
976141,0
976142,0
976143,0
976144,0
976145,0
976146,0
976147,0
976148,0
976149,0
976150,0
976151,39
976152,0
976153,25
976154,0
976155,0
976156,0
976157,28
976158,0
976159,0
976160,0
976161,0
976162,0
976163,45
976164,0
976165,0
976166,0
976167,0
976168,0
976169,0
976170,0
976171,0
976172,0
976173,0
976174,0
976175,0
976176,0
976177,32
976178,0
976179,0
976180,0
976181,0
976182,0
976183,0
976184,0
976185,0
976186,0
976187,0
976188,0
976189,0
976190,0
976191,0
976192,0
976193,32
976194,34
976195,0
976196,0
976197,0
976198,0
976199,0
976200,0
976201,0
976202,41
976203,0
976204,0
976205,0
976206,0
976207,0
976208,0
976209,0
976210,39
976211,0
976212,0
976213,0
976214,0
976215,0
976216,0
976217,42
976218,0
976219,37
976220,24
976221,0
976222,0
976223,0
976224,0
976225,0
976226,0
976227,0
976228,0
976229,33
976230,0
976231,0
976232,41
976233,39
976234,0
976235,0
976236,49
976237,0
976238,0
976239,0
976240,0
976241,0
976242,0
976243,0
976244,32
976245,31
976246,29
976247,0
976248,0
976249,0
976250,0
976251,0
976252,0
976253,0
976254,0
976255,0
976256,0
976257,0
976258,0
976259,0
976260,0
976261,0
976262,33
976263,0
976264,38
976265,0
976266,0
976267,0
976268,0
976269,0
976270,0
976271,0
976272,0
976273,0
976274,37
976275,24
976276,0
976277,0
976278,0
976279,0
976280,0
976281,0
976282,0
976283,30
976284,0
976285,0
976286,42
976287,0
976288,38
976289,40
976290,0
976291,0
976292,0
976293,0
976294,0
976295,0
976296,0
976297,46
976298,0
976299,0
976300,45
976301,0
976302,0
976303,0
976304,0
976305,0
976306,0
976307,33
976308,0
976309,0
976310,0
976311,0
976312,0
976313,0
976314,0
976315,36
976316,0
976317,0
976318,0
976319,0
976320,32
976321,0
976322,0
976323,36
976324,0
976325,0
976326,0
976327,30
976328,0
976329,0
976330,18
976331,29
976332,0
976333,0
976334,0
976335,0
976336,0
976337,34
976338,0
976339,0
976340,0
976341,0
976342,0
976343,43
976344,0
976345,0
976346,0
976347,40
976348,0
976349,0
976350,40
976351,0
976352,0
976353,0
976354,0
976355,0
976356,0
976357,0
976358,0
976359,0
976360,40
976361,29
976362,0
976363,0
976364,0
976365,29
976366,0
976367,30
976368,0
976369,0
976370,40
976371,0
976372,0
976373,0
976374,0
976375,0
976376,0
976377,0
976378,0
976379,0
976380,0
976381,0
976382,0
976383,0
976384,0
976385,31
976386,0
976387,0
976388,0
976389,0
976390,29
976391,43
976392,0
976393,0
976394,0
976395,42
976396,0
976397,0
976398,0
976399,0
976400,0
976401,33
976402,0
976403,0
976404,0
976405,0
976406,0
976407,33
976408,0
976409,37
976410,34
976411,0
976412,0
976413,0
976414,0
976415,0
976416,26
976417,28
976418,0
976419,0
976420,0
976421,0
976422,0
976423,0
976424,0
976425,29
976426,0
976427,0
976428,0
976429,44
976430,0
976431,0
976432,0
976433,24
976434,0
976435,0
976436,0
976437,0
976438,0
976439,0
976440,34
976441,0
976442,0
976443,32
976444,0
976445,0
976446,0
976447,0
976448,46
976449,0
976450,0
976451,0
976452,0
976453,0
976454,0
976455,33
976456,0
976457,0
976458,0
976459,0
976460,0
976461,0
976462,0
976463,0
976464,0
976465,0
976466,0
976467,0
976468,0
976469,0
976470,31
976471,0
976472,0
976473,0
976474,34
976475,0
976476,0
976477,19
976478,0
976479,45
976480,0
976481,0
976482,33
976483,0
976484,0
976485,0
976486,0
976487,0
976488,0
976489,0
976490,43
976491,0
976492,0
976493,29
976494,0
976495,0
976496,0
976497,0
976498,0
976499,0
976500,0
976501,0
976502,0
976503,34
976504,0
976505,0
976506,24
976507,0
976508,0
976509,0
976510,0
976511,0
976512,0
976513,0
976514,0
976515,0
976516,0
976517,0
976518,0
976519,0
976520,31
976521,0
976522,0
976523,0
976524,0
976525,0
976526,0
976527,0
976528,0
976529,0
976530,0
976531,0
976532,0
976533,0
976534,0
976535,0
976536,0
976537,0
976538,35
976539,0
976540,0
976541,0
976542,0
976543,0
976544,0
976545,44
976546,0
976547,0
976548,0
976549,0
976550,0
976551,0
976552,0
976553,0
976554,54
976555,0
976556,0
976557,0
976558,0
976559,38
976560,0
976561,0
976562,0
976563,0
976564,47
976565,0
976566,0
976567,0
976568,44
976569,32
976570,0
976571,0
976572,0
976573,41
976574,0
976575,46
976576,0
976577,0
976578,0
976579,0
976580,0
976581,0
976582,0
976583,0
976584,0
976585,0
976586,0
976587,14
976588,0
976589,0
976590,0
976591,0
976592,33
976593,0
976594,0
976595,0
976596,0
976597,0
976598,0
976599,31
976600,0
976601,0
976602,0
976603,34
976604,0
976605,0
976606,0
976607,35
976608,0
976609,0
976610,0
976611,29
976612,40
976613,0
976614,0
976615,0
976616,0
976617,0
976618,0
976619,0
976620,0
976621,0
976622,26
976623,0
976624,42
976625,0
976626,0
976627,21
976628,23
976629,0
976630,39
976631,0
976632,0
976633,0
976634,0
976635,0
976636,0
976637,29
976638,0
976639,0
976640,0
976641,0
976642,0
976643,0
976644,0
976645,0
976646,0
976647,36
976648,0
976649,40
976650,0
976651,0
976652,0
976653,0
976654,0
976655,0
976656,0
976657,0
976658,0
976659,0
976660,0
976661,0
976662,0
976663,0
976664,0
976665,0
976666,0
976667,0
976668,0
976669,0
976670,46
976671,0
976672,0
976673,0
976674,0
976675,0
976676,0
976677,31
976678,34
976679,0
976680,0
976681,0
976682,0
976683,0
976684,25
976685,39
976686,0
976687,0
976688,0
976689,0
976690,0
976691,0
976692,0
976693,41
976694,0
976695,0
976696,0
976697,0
976698,0
976699,0
976700,0
976701,0
976702,0
976703,0
976704,0
976705,0
976706,0
976707,0
976708,0
976709,0
976710,0
976711,0
976712,0
976713,0
976714,23
976715,0
976716,0
976717,30
976718,0
976719,0
976720,0
976721,0
976722,0
976723,0
976724,0
976725,0
976726,0
976727,0
976728,0
976729,0
976730,0
976731,0
976732,0
976733,0
976734,31
976735,0
976736,44
976737,0
976738,0
976739,33
976740,34
976741,0
976742,42
976743,0
976744,0
976745,0
976746,0
976747,0
976748,0
976749,0
976750,0
976751,27
976752,0
976753,0
976754,0
976755,38
976756,0
976757,0
976758,0
976759,0
976760,0
976761,0
976762,0
976763,0
976764,0
976765,32
976766,0
976767,0
976768,0
976769,0
976770,0
976771,0
976772,0
976773,55
976774,0
976775,0
976776,0
976777,0
976778,0
976779,36
976780,0
976781,29
976782,0
976783,0
976784,0
976785,35
976786,0
976787,0
976788,34
976789,22
976790,0
976791,0
976792,41
976793,0
976794,0
976795,32
976796,0
976797,0
976798,47
976799,0
976800,31
976801,0
976802,39
976803,38
976804,0
976805,0
976806,0
976807,0
976808,24
976809,0
976810,0
976811,0
976812,0
976813,0
976814,27
976815,34
976816,0
976817,37
976818,0
976819,0
976820,0
976821,0
976822,0
976823,0
976824,0
976825,0
976826,0
976827,36
976828,46
976829,0
976830,0
976831,0
976832,0
976833,0
976834,33
976835,40
976836,0
976837,0
976838,0
976839,0
976840,0
976841,0
976842,0
976843,43
976844,0
976845,0
976846,0
976847,0
976848,0
976849,37
976850,0
976851,0
976852,0
976853,0
976854,0
976855,0
976856,0
976857,24
976858,0
976859,0
976860,0
976861,0
976862,0
976863,0
976864,0
976865,41
976866,31
976867,0
976868,0
976869,42
976870,0
976871,0
976872,0
976873,0
976874,0
976875,0
976876,0
976877,36
976878,0
976879,0
976880,0
976881,0
976882,0
976883,35
976884,0
976885,0
976886,0
976887,40
976888,0
976889,0
976890,32
976891,0
976892,0
976893,0
976894,0
976895,0
976896,30
976897,0
976898,0
976899,0
976900,40
976901,0
976902,0
976903,39
976904,0
976905,0
976906,0
976907,0
976908,0
976909,0
976910,0
976911,34
976912,0
976913,0
976914,30
976915,0
976916,0
976917,0
976918,0
976919,0
976920,41
976921,0
976922,32
976923,0
976924,43
976925,0
976926,40
976927,0
976928,0
976929,0
976930,0
976931,0
976932,0
976933,0
976934,0
976935,31
976936,0
976937,28
976938,0
976939,0
976940,0
976941,37
976942,33
976943,0
976944,31
976945,0
976946,0
976947,35
976948,0
976949,0
976950,0
976951,35
976952,0
976953,0
976954,33
976955,0
976956,47
976957,0
976958,0
976959,0
976960,0
976961,0
976962,0
976963,0
976964,28
976965,34
976966,0
976967,0
976968,0
976969,0
976970,26
976971,47
976972,0
976973,0
976974,21
976975,0
976976,0
976977,0
976978,43
976979,28
976980,31
976981,0
976982,0
976983,0
976984,0
976985,36
976986,0
976987,0
976988,29
976989,35
976990,0
976991,0
976992,35
976993,0
976994,0
976995,0
976996,0
976997,0
976998,0
976999,44
977000,0
977001,0
977002,0
977003,0
977004,45
977005,0
977006,0
977007,0
977008,0
977009,0
977010,0
977011,0
977012,41
977013,0
977014,45
977015,0
977016,0
977017,0
977018,0
977019,42
977020,35
977021,0
977022,0
977023,0
977024,0
977025,0
977026,29
977027,43
977028,0
977029,0
977030,0
977031,0
977032,0
977033,28
977034,0
977035,44
977036,0
977037,64
977038,0
977039,0
977040,0
977041,0
977042,0
977043,0
977044,0
977045,0
977046,31
977047,0
977048,0
977049,41
977050,0
977051,0
977052,30
977053,0
977054,0
977055,0
977056,53
977057,40
977058,0
977059,0
977060,44
977061,26
977062,0
977063,0
977064,0
977065,25
977066,0
977067,30
977068,10
977069,0
977070,0
977071,0
977072,0
977073,0
977074,0
977075,31
977076,0
977077,0
977078,0
977079,0
977080,0
977081,0
977082,0
977083,0
977084,0
977085,0
977086,0
977087,0
977088,0
977089,0
977090,0
977091,0
977092,0
977093,0
977094,0
977095,0
977096,0
977097,0
977098,0
977099,0
977100,0
977101,0
977102,0
977103,34
977104,0
977105,0
977106,0
977107,0
977108,0
977109,0
977110,0
977111,47
977112,0
977113,0
977114,0
977115,0
977116,0
977117,0
977118,29
977119,36
977120,44
977121,0
977122,0
977123,29
977124,0
977125,41
977126,0
977127,0
977128,0
977129,0
977130,0
977131,0
977132,0
977133,0
977134,24
977135,0
977136,0
977137,0
977138,0
977139,38
977140,0
977141,0
977142,0
977143,0
977144,0
977145,0
977146,0
977147,41
977148,0
977149,27
977150,0
977151,0
977152,0
977153,0
977154,0
977155,29
977156,0
977157,0
977158,0
977159,0
977160,22
977161,0
977162,0
977163,0
977164,0
977165,0
977166,0
977167,0
977168,24
977169,0
977170,0
977171,0
977172,0
977173,36
977174,0
977175,0
977176,31
977177,0
977178,26
977179,0
977180,0
977181,35
977182,0
977183,0
977184,0
977185,0
977186,0
977187,0
977188,0
977189,0
977190,0
977191,0
977192,0
977193,65
977194,0
977195,60
977196,29
977197,0
977198,46
977199,0
977200,0
977201,0
977202,0
977203,0
977204,0
977205,52
977206,0
977207,0
977208,0
977209,0
977210,43
977211,0
977212,0
977213,0
977214,0
977215,0
977216,0
977217,27
977218,0
977219,0
977220,0
977221,0
977222,0
977223,0
977224,0
977225,40
977226,0
977227,0
977228,0
977229,0
977230,0
977231,0
977232,0
977233,34
977234,0
977235,34
977236,44
977237,44
977238,28
977239,0
977240,0
977241,0
977242,0
977243,0
977244,0
977245,35
977246,0
977247,0
977248,0
977249,0
977250,32
977251,0
977252,0
977253,0
977254,33
977255,0
977256,31
977257,0
977258,0
977259,0
977260,0
977261,27
977262,25
977263,42
977264,0
977265,0
977266,0
977267,0
977268,39
977269,0
977270,0
977271,0
977272,0
977273,0
977274,47
977275,0
977276,0
977277,0
977278,0
977279,37
977280,0
977281,32
977282,0
977283,42
977284,19
977285,0
977286,0
977287,0
977288,0
977289,0
977290,0
977291,42
977292,0
977293,0
977294,42
977295,0
977296,27
977297,0
977298,0
977299,0
977300,45
977301,0
977302,0
977303,0
977304,0
977305,39
977306,0
977307,0
977308,0
977309,0
977310,0
977311,0
977312,0
977313,0
977314,0
977315,0
977316,25
977317,0
977318,0
977319,0
977320,0
977321,0
977322,0
977323,0
977324,51
977325,0
977326,0
977327,36
977328,31
977329,0
977330,0
977331,56
977332,0
977333,0
977334,0
977335,0
977336,0
977337,0
977338,0
977339,0
977340,0
977341,0
977342,0
977343,34
977344,0
977345,0
977346,38
977347,0
977348,0
977349,0
977350,0
977351,39
977352,0
977353,31
977354,43
977355,0
977356,0
977357,0
977358,0
977359,34
977360,0
977361,0
977362,0
977363,0
977364,32
977365,0
977366,0
977367,0
977368,0
977369,0
977370,0
977371,27
977372,36
977373,0
977374,0
977375,0
977376,0
977377,0
977378,38
977379,0
977380,26
977381,0
977382,0
977383,0
977384,0
977385,0
977386,24
977387,0
977388,0
977389,0
977390,0
977391,0
977392,0
977393,0
977394,0
977395,40
977396,0
977397,0
977398,0
977399,0
977400,42
977401,0
977402,0
977403,24
977404,0
977405,0
977406,0
977407,0
977408,0
977409,0
977410,44
977411,0
977412,0
977413,35
977414,0
977415,0
977416,0
977417,0
977418,0
977419,0
977420,0
977421,0
977422,0
977423,0
977424,0
977425,0
977426,0
977427,0
977428,0
977429,0
977430,0
977431,0
977432,0
977433,0
977434,0
977435,30
977436,0
977437,0
977438,0
977439,0
977440,0
977441,0
977442,0
977443,34
977444,0
977445,0
977446,0
977447,0
977448,0
977449,41
977450,0
977451,0
977452,0
977453,0
977454,0
977455,35
977456,0
977457,0
977458,0
977459,0
977460,0
977461,0
977462,47
977463,0
977464,0
977465,0
977466,0
977467,0
977468,0
977469,0
977470,44
977471,0
977472,43
977473,0
977474,0
977475,0
977476,0
977477,0
977478,0
977479,0
977480,0
977481,0
977482,0
977483,0
977484,0
977485,0
977486,0
977487,0
977488,0
977489,0
977490,47
977491,53
977492,0
977493,0
977494,0
977495,0
977496,0
977497,0
977498,35
977499,36
977500,0
977501,0
977502,42
977503,0
977504,0
977505,31
977506,0
977507,0
977508,0
977509,0
977510,0
977511,0
977512,0
977513,0
977514,0
977515,50
977516,0
977517,0
977518,0
977519,0
977520,0
977521,29
977522,0
977523,29
977524,0
977525,0
977526,0
977527,0
977528,0
977529,43
977530,27
977531,0
977532,0
977533,34
977534,0
977535,0
977536,0
977537,0
977538,0
977539,25
977540,0
977541,0
977542,0
977543,0
977544,45
977545,0
977546,0
977547,0
977548,0
977549,28
977550,0
977551,0
977552,0
977553,0
977554,0
977555,0
977556,0
977557,0
977558,38
977559,0
977560,0
977561,0
977562,0
977563,0
977564,0
977565,0
977566,0
977567,0
977568,0
977569,0
977570,0
977571,0
977572,0
977573,0
977574,0
977575,0
977576,1
977577,0
977578,0
977579,0
977580,0
977581,0
977582,0
977583,0
977584,0
977585,0
977586,0
977587,0
977588,0
977589,0
977590,0
977591,0
977592,0
977593,0
977594,0
977595,0
977596,0
977597,0
977598,0
977599,0
977600,0
977601,0
977602,0
977603,0
977604,0
977605,0
977606,0
977607,0
977608,0
977609,0
977610,0
977611,0
977612,0
977613,0
977614,0
977615,0
977616,2
977617,0
977618,0
977619,0
977620,0
977621,0
977622,0
977623,0
977624,1
977625,0
977626,0
977627,0
977628,0
977629,0
977630,0
977631,0
977632,0
977633,0
977634,0
977635,0
977636,0
977637,0
977638,0
977639,0
977640,0
977641,0
977642,0
977643,0
977644,0
977645,0
977646,0
977647,0
977648,0
977649,0
977650,0
977651,0
977652,0
977653,0
977654,0
977655,0
977656,0
977657,0
977658,0
977659,0
977660,0
977661,0
977662,0
977663,0
977664,0
977665,0
977666,0
977667,0
977668,0
977669,0
977670,0
977671,0
977672,0
977673,0
977674,0
977675,0
977676,0
977677,0
977678,0
977679,0
977680,0
977681,0
977682,0
977683,0
977684,0
977685,0
977686,0
977687,0
977688,0
977689,0
977690,0
977691,3
977692,0
977693,0
977694,0
977695,0
977696,0
977697,0
977698,0
977699,0
977700,0
977701,0
977702,0
977703,0
977704,0
977705,0
977706,0
977707,0
977708,0
977709,0
977710,0
977711,0
977712,0
977713,0
977714,0
977715,0
977716,0
977717,0
977718,0
977719,0
977720,0
977721,0
977722,0
977723,0
977724,0
977725,0
977726,0
977727,0
977728,0
977729,0
977730,0
977731,0
977732,0
977733,0
977734,0
977735,0
977736,0
977737,0
977738,0
977739,0
977740,0
977741,0
977742,0
977743,0
977744,0
977745,0
977746,0
977747,0
977748,0
977749,0
977750,0
977751,0
977752,0
977753,0
977754,0
977755,0
977756,0
977757,0
977758,0
977759,0
977760,0
977761,0
977762,0
977763,0
977764,0
977765,0
977766,0
977767,0
977768,0
977769,0
977770,0
977771,0
977772,0
977773,0
977774,0
977775,0
977776,0
977777,0
977778,0
977779,0
977780,0
977781,0
977782,0
977783,1
977784,0
977785,0
977786,0
977787,0
977788,0
977789,0
977790,0
977791,0
977792,0
977793,0
977794,0
977795,0
977796,0
977797,0
977798,0
977799,0
977800,0
977801,0
977802,0
977803,0
977804,0
977805,0
977806,0
977807,0
977808,0
977809,0
977810,0
977811,0
977812,0
977813,0
977814,0
977815,0
977816,0
977817,0
977818,0
977819,0
977820,0
977821,0
977822,0
977823,0
977824,0
977825,0
977826,0
977827,0
977828,0
977829,0
977830,0
977831,0
977832,0
977833,0
977834,0
977835,0
977836,0
977837,0
977838,0
977839,0
977840,0
977841,0
977842,0
977843,0
977844,0
977845,0
977846,0
977847,0
977848,0
977849,0
977850,0
977851,0
977852,0
977853,0
977854,0
977855,0
977856,0
977857,0
977858,0
977859,0
977860,0
977861,0
977862,0
977863,0
977864,0
977865,0
977866,0
977867,0
977868,0
977869,0
977870,0
977871,0
977872,0
977873,0
977874,0
977875,0
977876,0
977877,0
977878,0
977879,0
977880,0
977881,0
977882,0
977883,0
977884,0
977885,0
977886,0
977887,0
977888,0
977889,0
977890,0
977891,0
977892,0
977893,0
977894,0
977895,0
977896,0
977897,0
977898,0
977899,0
977900,0
977901,0
977902,0
977903,0
977904,0
977905,0
977906,0
977907,0
977908,0
977909,1
977910,0
977911,0
977912,0
977913,0
977914,0
977915,0
977916,0
977917,0
977918,0
977919,0
977920,0
977921,0
977922,0
977923,0
977924,0
977925,0
977926,0
977927,0
977928,0
977929,1
977930,0
977931,0
977932,0
977933,0
977934,0
977935,0
977936,0
977937,0
977938,0
977939,0
977940,1
977941,0
977942,0
977943,0
977944,0
977945,0
977946,0
977947,0
977948,0
977949,0
977950,0
977951,0
977952,0
977953,0
977954,0
977955,0
977956,0
977957,0
977958,0
977959,0
977960,0
977961,0
977962,0
977963,0
977964,0
977965,0
977966,0
977967,0
977968,0
977969,0
977970,0
977971,0
977972,0
977973,0
977974,0
977975,0
977976,0
977977,0
977978,0
977979,0
977980,0
977981,0
977982,0
977983,0
977984,0
977985,0
977986,1
977987,0
977988,0
977989,0
977990,0
977991,0
977992,0
977993,0
977994,0
977995,0
977996,0
977997,0
977998,0
977999,0
978000,0
978001,0
978002,0
978003,0
978004,0
978005,0
978006,0
978007,0
978008,0
978009,0
978010,0
978011,1
978012,0
978013,0
978014,0
978015,0
978016,0
978017,0
978018,0
978019,0
978020,0
978021,1
978022,0
978023,0
978024,0
978025,0
978026,0
978027,0
978028,2
978029,0
978030,0
978031,0
978032,0
978033,0
978034,0
978035,0
978036,0
978037,0
978038,0
978039,0
978040,0
978041,0
978042,0
978043,0
978044,0
978045,0
978046,0
978047,0
978048,0
978049,0
978050,0
978051,0
978052,0
978053,0
978054,0
978055,0
978056,0
978057,0
978058,0
978059,0
978060,0
978061,0
978062,0
978063,0
978064,0
978065,0
978066,0
978067,0
978068,0
978069,0
978070,0
978071,0
978072,0
978073,0
978074,0
978075,0
978076,0
978077,0
978078,0
978079,0
978080,0
978081,0
978082,0
978083,0
978084,0
978085,0
978086,0
978087,0
978088,0
978089,0
978090,0
978091,0
978092,0
978093,0
978094,0
978095,0
978096,0
978097,0
978098,0
978099,0
978100,0
978101,0
978102,0
978103,0
978104,0
978105,0
978106,0
978107,0
978108,0
978109,0
978110,0
978111,0
978112,0
978113,0
978114,0
978115,0
978116,0
978117,0
978118,0
978119,0
978120,0
978121,0
978122,0
978123,0
978124,0
978125,0
978126,0
978127,0
978128,0
978129,0
978130,0
978131,0
978132,0
978133,0
978134,0
978135,0
978136,0
978137,0
978138,0
978139,0
978140,0
978141,0
978142,0
978143,0
978144,0
978145,0
978146,0
978147,0
978148,0
978149,0
978150,0
978151,0
978152,0
978153,0
978154,0
978155,0
978156,0
978157,0
978158,0
978159,0
978160,0
978161,0
978162,0
978163,0
978164,0
978165,0
978166,0
978167,0
978168,0
978169,0
978170,0
978171,0
978172,0
978173,0
978174,0
978175,0
978176,0
978177,0
978178,0
978179,0
978180,0
978181,0
978182,0
978183,0
978184,0
978185,0
978186,0
978187,0
978188,0
978189,0
978190,0
978191,0
978192,0
978193,0
978194,0
978195,0
978196,0
978197,0
978198,0
978199,0
978200,0
978201,0
978202,0
978203,0
978204,0
978205,0
978206,0
978207,0
978208,0
978209,0
978210,0
978211,0
978212,0
978213,0
978214,0
978215,0
978216,0
978217,0
978218,0
978219,0
978220,0
978221,0
978222,0
978223,0
978224,0
978225,0
978226,0
978227,0
978228,1
978229,0
978230,0
978231,0
978232,0
978233,0
978234,0
978235,0
978236,0
978237,0
978238,0
978239,1
978240,0
978241,0
978242,0
978243,0
978244,0
978245,0
978246,0
978247,0
978248,0
978249,0
978250,0
978251,0
978252,0
978253,0
978254,0
978255,0
978256,0
978257,0
978258,0
978259,0
978260,0
978261,0
978262,0
978263,0
978264,0
978265,0
978266,0
978267,0
978268,0
978269,0
978270,0
978271,0
978272,0
978273,0
978274,0
978275,0
978276,0
978277,0
978278,0
978279,0
978280,0
978281,0
978282,0
978283,0
978284,0
978285,0
978286,0
978287,0
978288,0
978289,0
978290,0
978291,0
978292,0
978293,0
978294,0
978295,0
978296,0
978297,0
978298,0
978299,0
978300,0
978301,0
978302,0
978303,0
978304,0
978305,0
978306,0
978307,0
978308,0
978309,0
978310,0
978311,1
978312,0
978313,0
978314,0
978315,0
978316,0
978317,0
978318,0
978319,0
978320,1
978321,0
978322,0
978323,0
978324,0
978325,0
978326,0
978327,0
978328,0
978329,0
978330,0
978331,0
978332,0
978333,0
978334,0
978335,0
978336,0
978337,0
978338,0
978339,0
978340,0
978341,0
978342,0
978343,0
978344,0
978345,0
978346,0
978347,0
978348,0
978349,0
978350,0
978351,0
978352,0
978353,0
978354,0
978355,0
978356,0
978357,0
978358,0
978359,0
978360,0
978361,0
978362,0
978363,0
978364,0
978365,0
978366,0
978367,0
978368,0
978369,0
978370,0
978371,0
978372,0
978373,0
978374,0
978375,0
978376,0
978377,0
978378,0
978379,0
978380,0
978381,0
978382,0
978383,0
978384,0
978385,0
978386,0
978387,0
978388,0
978389,0
978390,0
978391,0
978392,0
978393,0
978394,0
978395,0
978396,0
978397,0
978398,0
978399,0
978400,0
978401,0
978402,0
978403,0
978404,0
978405,0
978406,0
978407,0
978408,0
978409,0
978410,0
978411,0
978412,0
978413,0
978414,0
978415,0
978416,0
978417,0
978418,0
978419,0
978420,0
978421,0
978422,1
978423,1
978424,0
978425,0
978426,0
978427,0
978428,0
978429,0
978430,0
978431,2
978432,0
978433,0
978434,0
978435,0
978436,0
978437,0
978438,0
978439,0
978440,0
978441,0
978442,0
978443,0
978444,0
978445,0
978446,0
978447,0
978448,0
978449,0
978450,0
978451,0
978452,0
978453,0
978454,0
978455,0
978456,0
978457,0
978458,0
978459,0
978460,0
978461,0
978462,0
978463,0
978464,0
978465,0
978466,0
978467,0
978468,0
978469,0
978470,0
978471,0
978472,0
978473,0
978474,0
978475,0
978476,0
978477,1
978478,0
978479,0
978480,0
978481,0
978482,0
978483,0
978484,0
978485,0
978486,0
978487,0
978488,0
978489,9
978490,3
978491,0
978492,4
978493,0
978494,0
978495,4
978496,0
978497,4
978498,0
978499,0
978500,0
978501,0
978502,0
978503,0
978504,0
978505,0
978506,0
978507,7
978508,0
978509,0
978510,0
978511,3
978512,0
978513,0
978514,0
978515,0
978516,0
978517,9
978518,0
978519,0
978520,0
978521,4
978522,0
978523,0
978524,0
978525,0
978526,0
978527,0
978528,0
978529,5
978530,6
978531,0
978532,0
978533,0
978534,0
978535,7
978536,0
978537,8
978538,5
978539,0
978540,0
978541,0
978542,7
978543,7
978544,0
978545,4
978546,1
978547,11
978548,10
978549,0
978550,0
978551,0
978552,0
978553,8
978554,0
978555,6
978556,4
978557,3
978558,0
978559,0
978560,0
978561,7
978562,0
978563,0
978564,0
978565,5
978566,5
978567,0
978568,11
978569,10
978570,0
978571,10
978572,0
978573,0
978574,0
978575,0
978576,5
978577,17
978578,7
978579,7
978580,0
978581,0
978582,0
978583,0
978584,0
978585,0
978586,0
978587,0
978588,0
978589,7
978590,0
978591,0
978592,0
978593,0
978594,0
978595,0
978596,0
978597,0
978598,5
978599,0
978600,0
978601,9
978602,0
978603,0
978604,0
978605,5
978606,4
978607,0
978608,10
978609,8
978610,14
978611,0
978612,7
978613,0
978614,0
978615,5
978616,4
978617,0
978618,0
978619,0
978620,0
978621,0
978622,3
978623,4
978624,0
978625,0
978626,0
978627,0
978628,0
978629,0
978630,7
978631,10
978632,0
978633,0
978634,6
978635,0
978636,0
978637,0
978638,0
978639,7
978640,0
978641,13
978642,6
978643,0
978644,4
978645,5
978646,0
978647,0
978648,0
978649,4
978650,7
978651,0
978652,9
978653,0
978654,0
978655,0
978656,12
978657,6
978658,0
978659,0
978660,9
978661,0
978662,5
978663,0
978664,0
978665,0
978666,0
978667,0
978668,0
978669,0
978670,0
978671,0
978672,0
978673,0
978674,0
978675,0
978676,5
978677,0
978678,7
978679,0
978680,0
978681,0
978682,0
978683,6
978684,0
978685,0
978686,8
978687,0
978688,7
978689,9
978690,0
978691,0
978692,0
978693,0
978694,0
978695,4
978696,0
978697,0
978698,0
978699,0
978700,0
978701,0
978702,0
978703,0
978704,0
978705,5
978706,0
978707,0
978708,0
978709,0
978710,0
978711,0
978712,0
978713,0
978714,0
978715,0
978716,0
978717,15
978718,0
978719,4
978720,6
978721,0
978722,0
978723,0
978724,0
978725,0
978726,6
978727,0
978728,6
978729,0
978730,0
978731,0
978732,9
978733,0
978734,0
978735,0
978736,5
978737,0
978738,0
978739,0
978740,0
978741,0
978742,0
978743,4
978744,7
978745,0
978746,0
978747,5
978748,0
978749,0
978750,0
978751,0
978752,0
978753,0
978754,0
978755,0
978756,0
978757,8
978758,0
978759,14
978760,0
978761,10
978762,12
978763,0
978764,0
978765,0
978766,7
978767,0
978768,0
978769,0
978770,0
978771,0
978772,0
978773,7
978774,0
978775,6
978776,0
978777,0
978778,6
978779,0
978780,0
978781,0
978782,4
978783,0
978784,0
978785,0
978786,6
978787,5
978788,18
978789,0
978790,0
978791,0
978792,0
978793,6
978794,2
978795,0
978796,0
978797,0
978798,0
978799,10
978800,10
978801,0
978802,0
978803,14
978804,0
978805,7
978806,9
978807,7
978808,0
978809,4
978810,0
978811,0
978812,0
978813,0
978814,0
978815,10
978816,0
978817,0
978818,10
978819,8
978820,0
978821,3
978822,5
978823,0
978824,0
978825,5
978826,0
978827,0
978828,5
978829,5
978830,0
978831,6
978832,6
978833,0
978834,10
978835,0
978836,0
978837,0
978838,4
978839,0
978840,0
978841,11
978842,0
978843,0
978844,5
978845,0
978846,10
978847,0
978848,5
978849,8
978850,0
978851,0
978852,0
978853,0
978854,0
978855,9
978856,0
978857,5
978858,0
978859,0
978860,0
978861,0
978862,0
978863,0
978864,7
978865,10
978866,0
978867,6
978868,0
978869,0
978870,0
978871,0
978872,0
978873,0
978874,0
978875,0
978876,0
978877,0
978878,4
978879,0
978880,0
978881,0
978882,0
978883,6
978884,5
978885,0
978886,1
978887,6
978888,7
978889,0
978890,0
978891,12
978892,0
978893,0
978894,0
978895,0
978896,0
978897,0
978898,1
978899,0
978900,0
978901,0
978902,8
978903,0
978904,0
978905,6
978906,3
978907,0
978908,0
978909,0
978910,0
978911,0
978912,0
978913,0
978914,11
978915,0
978916,6
978917,5
978918,0
978919,0
978920,7
978921,0
978922,0
978923,0
978924,0
978925,5
978926,0
978927,7
978928,0
978929,8
978930,0
978931,0
978932,6
978933,7
978934,0
978935,0
978936,11
978937,0
978938,0
978939,0
978940,0
978941,0
978942,0
978943,0
978944,0
978945,0
978946,5
978947,0
978948,0
978949,6
978950,0
978951,0
978952,0
978953,0
978954,0
978955,3
978956,11
978957,0
978958,0
978959,0
978960,0
978961,0
978962,0
978963,0
978964,0
978965,0
978966,7
978967,0
978968,0
978969,0
978970,4
978971,0
978972,5
978973,0
978974,0
978975,0
978976,0
978977,0
978978,8
978979,0
978980,0
978981,8
978982,0
978983,5
978984,0
978985,0
978986,0
978987,0
978988,0
978989,10
978990,0
978991,0
978992,0
978993,0
978994,0
978995,0
978996,0
978997,0
978998,0
978999,0
979000,7
979001,8
979002,0
979003,8
979004,0
979005,5
979006,0
979007,3
979008,0
979009,0
979010,0
979011,0
979012,0
979013,9
979014,0
979015,0
979016,0
979017,0
979018,0
979019,0
979020,0
979021,0
979022,0
979023,0
979024,9
979025,0
979026,0
979027,0
979028,0
979029,0
979030,7
979031,9
979032,0
979033,8
979034,0
979035,0
979036,9
979037,0
979038,5
979039,0
979040,9
979041,0
979042,12
979043,0
979044,0
979045,0
979046,0
979047,7
979048,4
979049,0
979050,0
979051,0
979052,7
979053,1
979054,0
979055,0
979056,0
979057,4
979058,0
979059,0
979060,0
979061,0
979062,0
979063,0
979064,0
979065,0
979066,5
979067,0
979068,0
979069,0
979070,9
979071,0
979072,0
979073,9
979074,0
979075,0
979076,6
979077,0
979078,9
979079,0
979080,0
979081,0
979082,0
979083,0
979084,0
979085,0
979086,7
979087,0
979088,0
979089,0
979090,0
979091,0
979092,5
979093,0
979094,7
979095,0
979096,14
979097,0
979098,0
979099,5
979100,0
979101,9
979102,0
979103,0
979104,8
979105,0
979106,0
979107,0
979108,0
979109,0
979110,0
979111,0
979112,0
979113,0
979114,0
979115,0
979116,0
979117,4
979118,0
979119,0
979120,0
979121,8
979122,0
979123,0
979124,0
979125,11
979126,0
979127,0
979128,0
979129,0
979130,0
979131,0
979132,0
979133,0
979134,8
979135,0
979136,6
979137,5
979138,0
979139,8
979140,0
979141,8
979142,0
979143,6
979144,0
979145,0
979146,10
979147,0
979148,0
979149,0
979150,0
979151,0
979152,0
979153,0
979154,9
979155,0
979156,0
979157,0
979158,0
979159,0
979160,0
979161,10
979162,6
979163,0
979164,4
979165,8
979166,0
979167,0
979168,0
979169,12
979170,0
979171,0
979172,9
979173,0
979174,0
979175,4
979176,10
979177,0
979178,0
979179,0
979180,12
979181,0
979182,6
979183,6
979184,0
979185,0
979186,0
979187,0
979188,0
979189,15
979190,0
979191,10
979192,0
979193,0
979194,0
979195,0
979196,8
979197,0
979198,0
979199,0
979200,8
979201,0
979202,0
979203,0
979204,2
979205,0
979206,9
979207,0
979208,0
979209,0
979210,0
979211,9
979212,0
979213,0
979214,4
979215,0
979216,3
979217,0
979218,5
979219,13
979220,0
979221,7
979222,7
979223,0
979224,0
979225,0
979226,0
979227,9
979228,0
979229,0
979230,0
979231,0
979232,0
979233,0
979234,0
979235,5
979236,0
979237,7
979238,0
979239,0
979240,9
979241,6
979242,0
979243,8
979244,6
979245,9
979246,3
979247,0
979248,0
979249,10
979250,0
979251,0
979252,0
979253,0
979254,5
979255,0
979256,0
979257,0
979258,5
979259,4
979260,5
979261,5
979262,0
979263,0
979264,0
979265,0
979266,0
979267,5
979268,6
979269,0
979270,0
979271,9
979272,2
979273,5
979274,0
979275,0
979276,0
979277,0
979278,0
979279,10
979280,12
979281,5
979282,0
979283,9
979284,0
979285,0
979286,0
979287,0
979288,0
979289,0
979290,15
979291,6
979292,9
979293,0
979294,8
979295,0
979296,0
979297,0
979298,6
979299,11
979300,0
979301,0
979302,7
979303,9
979304,0
979305,0
979306,0
979307,0
979308,7
979309,4
979310,0
979311,0
979312,7
979313,0
979314,0
979315,0
979316,6
979317,0
979318,0
979319,0
979320,0
979321,0
979322,0
979323,0
979324,0
979325,3
979326,10
979327,0
979328,0
979329,0
979330,0
979331,0
979332,8
979333,8
979334,0
979335,0
979336,0
979337,0
979338,0
979339,3
979340,0
979341,0
979342,0
979343,0
979344,0
979345,0
979346,6
979347,0
979348,5
979349,8
979350,4
979351,0
979352,0
979353,0
979354,0
979355,0
979356,0
979357,0
979358,0
979359,11
979360,0
979361,0
979362,0
979363,11
979364,0
979365,0
979366,0
979367,1
979368,6
979369,0
979370,8
979371,0
979372,3
979373,0
979374,0
979375,0
979376,0
979377,0
979378,4
979379,0
979380,0
979381,0
979382,15
979383,0
979384,0
979385,0
979386,0
979387,0
979388,0
979389,11
979390,0
979391,0
979392,0
979393,0
979394,0
979395,0
979396,13
979397,0
979398,11
979399,0
979400,0
979401,0
979402,0
979403,0
979404,0
979405,6
979406,0
979407,0
979408,15
979409,0
979410,11
979411,0
979412,0
979413,0
979414,0
979415,17
979416,0
979417,0
979418,0
979419,0
979420,12
979421,0
979422,0
979423,0
979424,0
979425,18
979426,0
979427,0
979428,0
979429,0
979430,0
979431,0
979432,9
979433,0
979434,0
979435,0
979436,0
979437,0
979438,0
979439,0
979440,0
979441,17
979442,0
979443,0
979444,0
979445,0
979446,0
979447,0
979448,17
979449,0
979450,0
979451,0
979452,0
979453,0
979454,14
979455,0
979456,0
979457,0
979458,0
979459,0
979460,0
979461,0
979462,0
979463,0
979464,0
979465,13
979466,0
979467,0
979468,0
979469,0
979470,0
979471,0
979472,0
979473,11
979474,0
979475,24
979476,0
979477,0
979478,0
979479,0
979480,0
979481,0
979482,0
979483,0
979484,0
979485,0
979486,0
979487,0
979488,0
979489,0
979490,0
979491,20
979492,16
979493,0
979494,0
979495,0
979496,15
979497,0
979498,0
979499,0
979500,0
979501,0
979502,0
979503,0
979504,15
979505,0
979506,0
979507,0
979508,0
979509,26
979510,0
979511,0
979512,0
979513,0
979514,0
979515,0
979516,11
979517,0
979518,0
979519,0
979520,0
979521,0
979522,0
979523,0
979524,11
979525,0
979526,0
979527,0
979528,0
979529,0
979530,0
979531,0
979532,0
979533,0
979534,16
979535,0
979536,0
979537,15
979538,0
979539,0
979540,0
979541,0
979542,0
979543,21
979544,12
979545,20
979546,11
979547,0
979548,0
979549,0
979550,0
979551,0
979552,0
979553,0
979554,0
979555,0
979556,0
979557,0
979558,0
979559,0
979560,0
979561,0
979562,0
979563,0
979564,0
979565,0
979566,0
979567,0
979568,0
979569,0
979570,0
979571,0
979572,0
979573,0
979574,0
979575,0
979576,0
979577,0
979578,19
979579,13
979580,0
979581,0
979582,0
979583,0
979584,0
979585,0
979586,0
979587,0
979588,0
979589,0
979590,0
979591,0
979592,0
979593,0
979594,0
979595,0
979596,15
979597,0
979598,0
979599,0
979600,10
979601,0
979602,9
979603,0
979604,0
979605,0
979606,14
979607,0
979608,0
979609,0
979610,0
979611,0
979612,0
979613,0
979614,0
979615,0
979616,0
979617,0
979618,0
979619,0
979620,0
979621,0
979622,0
979623,0
979624,20
979625,0
979626,12
979627,0
979628,0
979629,0
979630,0
979631,0
979632,0
979633,0
979634,0
979635,0
979636,25
979637,0
979638,0
979639,0
979640,0
979641,0
979642,12
979643,15
979644,8
979645,0
979646,0
979647,0
979648,0
979649,0
979650,0
979651,0
979652,12
979653,0
979654,0
979655,22
979656,0
979657,0
979658,0
979659,0
979660,0
979661,0
979662,0
979663,0
979664,0
979665,0
979666,0
979667,0
979668,22
979669,0
979670,0
979671,14
979672,16
979673,12
979674,0
979675,15
979676,11
979677,0
979678,0
979679,0
979680,0
979681,0
979682,15
979683,0
979684,0
979685,0
979686,0
979687,0
979688,0
979689,0
979690,0
979691,0
979692,0
979693,14
979694,0
979695,0
979696,0
979697,20
979698,10
979699,0
979700,0
979701,10
979702,0
979703,0
979704,15
979705,0
979706,10
979707,0
979708,0
979709,0
979710,0
979711,0
979712,0
979713,0
979714,0
979715,0
979716,0
979717,0
979718,0
979719,0
979720,0
979721,0
979722,0
979723,0
979724,0
979725,0
979726,0
979727,0
979728,0
979729,0
979730,0
979731,0
979732,0
979733,0
979734,0
979735,0
979736,0
979737,0
979738,0
979739,0
979740,0
979741,13
979742,0
979743,0
979744,0
979745,0
979746,0
979747,0
979748,0
979749,0
979750,0
979751,12
979752,14
979753,0
979754,0
979755,0
979756,12
979757,15
979758,0
979759,0
979760,0
979761,18
979762,0
979763,0
979764,0
979765,20
979766,0
979767,0
979768,0
979769,0
979770,0
979771,0
979772,0
979773,0
979774,0
979775,0
979776,12
979777,0
979778,0
979779,0
979780,0
979781,0
979782,0
979783,0
979784,0
979785,0
979786,0
979787,15
979788,0
979789,0
979790,0
979791,0
979792,9
979793,12
979794,15
979795,0
979796,0
979797,0
979798,0
979799,0
979800,0
979801,0
979802,0
979803,0
979804,0
979805,0
979806,0
979807,0
979808,0
979809,0
979810,0
979811,0
979812,14
979813,10
979814,0
979815,0
979816,0
979817,0
979818,9
979819,0
979820,0
979821,0
979822,0
979823,0
979824,0
979825,0
979826,0
979827,0
979828,16
979829,18
979830,18
979831,0
979832,0
979833,0
979834,0
979835,13
979836,0
979837,0
979838,0
979839,21
979840,0
979841,0
979842,0
979843,0
979844,0
979845,0
979846,0
979847,0
979848,0
979849,0
979850,17
979851,0
979852,0
979853,0
979854,0
979855,0
979856,0
979857,0
979858,0
979859,0
979860,0
979861,0
979862,0
979863,15
979864,0
979865,0
979866,0
979867,0
979868,0
979869,0
979870,0
979871,0
979872,0
979873,0
979874,0
979875,10
979876,0
979877,0
979878,0
979879,12
979880,0
979881,0
979882,0
979883,0
979884,0
979885,0
979886,0
979887,13
979888,0
979889,0
979890,0
979891,0
979892,0
979893,0
979894,16
979895,0
979896,0
979897,0
979898,0
979899,0
979900,0
979901,0
979902,0
979903,18
979904,0
979905,9
979906,0
979907,0
979908,14
979909,0
979910,0
979911,0
979912,12
979913,0
979914,0
979915,0
979916,0
979917,0
979918,0
979919,12
979920,0
979921,0
979922,0
979923,0
979924,0
979925,0
979926,0
979927,28
979928,19
979929,0
979930,0
979931,0
979932,0
979933,0
979934,0
979935,0
979936,0
979937,0
979938,0
979939,45
979940,0
979941,0
979942,0
979943,0
979944,31
979945,0
979946,0
979947,0
979948,24
979949,40
979950,0
979951,0
979952,0
979953,31
979954,0
979955,0
979956,32
979957,54
979958,0
979959,0
979960,0
979961,32
979962,46
979963,0
979964,28
979965,0
979966,0
979967,27
979968,31
979969,0
979970,0
979971,0
979972,0
979973,0
979974,0
979975,0
979976,28
979977,0
979978,34
979979,0
979980,0
979981,0
979982,0
979983,0
979984,0
979985,0
979986,0
979987,34
979988,25
979989,0
979990,0
979991,0
979992,0
979993,0
979994,0
979995,0
979996,0
979997,42
979998,0
979999,0
980000,0
980001,0
980002,41
980003,30
980004,0
980005,29
980006,0
980007,0
980008,0
980009,0
980010,36
980011,0
980012,0
980013,32
980014,0
980015,0
980016,0
980017,60
980018,59
980019,0
980020,0
980021,0
980022,0
980023,0
980024,0
980025,0
980026,46
980027,0
980028,0
980029,0
980030,0
980031,22
980032,59
980033,0
980034,0
980035,0
980036,47
980037,0
980038,46
980039,0
980040,0
980041,44
980042,0
980043,0
980044,0
980045,0
980046,39
980047,0
980048,21
980049,0
980050,0
980051,22
980052,0
980053,0
980054,0
980055,0
980056,0
980057,0
980058,0
980059,0
980060,0
980061,43
980062,0
980063,0
980064,0
980065,30
980066,0
980067,0
980068,0
980069,0
980070,0
980071,0
980072,31
980073,0
980074,38
980075,27
980076,0
980077,0
980078,0
980079,40
980080,0
980081,31
980082,66
980083,0
980084,0
980085,0
980086,0
980087,0
980088,0
980089,45
980090,35
980091,0
980092,0
980093,0
980094,0
980095,0
980096,0
980097,0
980098,0
980099,0
980100,0
980101,62
980102,0
980103,0
980104,0
980105,26
980106,0
980107,54
980108,0
980109,23
980110,0
980111,27
980112,0
980113,0
980114,0
980115,0
980116,0
980117,0
980118,0
980119,56
980120,0
980121,37
980122,0
980123,46
980124,0
980125,32
980126,0
980127,0
980128,0
980129,0
980130,0
980131,37
980132,0
980133,0
980134,0
980135,42
980136,52
980137,0
980138,0
980139,0
980140,0
980141,0
980142,49
980143,0
980144,56
980145,0
980146,0
980147,36
980148,0
980149,0
980150,45
980151,52
980152,47
980153,45
980154,41
980155,0
980156,0
980157,26
980158,35
980159,0
980160,48
980161,18
980162,45
980163,0
980164,35
980165,0
980166,0
980167,0
980168,0
980169,63
980170,0
980171,0
980172,37
980173,0
980174,0
980175,0
980176,22
980177,0
980178,48
980179,0
980180,0
980181,0
980182,42
980183,0
980184,0
980185,29
980186,0
980187,0
980188,0
980189,0
980190,34
980191,0
980192,0
980193,30
980194,0
980195,0
980196,60
980197,0
980198,0
980199,0
980200,0
980201,26
980202,0
980203,0
980204,0
980205,22
980206,0
980207,0
980208,0
980209,33
980210,0
980211,0
980212,0
980213,0
980214,0
980215,31
980216,21
980217,45
980218,0
980219,43
980220,0
980221,0
980222,0
980223,29
980224,0
980225,35
980226,0
980227,0
980228,0
980229,34
980230,0
980231,0
980232,35
980233,54
980234,0
980235,0
980236,0
980237,0
980238,0
980239,0
980240,0
980241,30
980242,0
980243,0
980244,0
980245,0
980246,0
980247,0
980248,0
980249,31
980250,0
980251,46
980252,49
980253,0
980254,0
980255,0
980256,0
980257,0
980258,0
980259,22
980260,0
980261,0
980262,0
980263,0
980264,0
980265,37
980266,60
980267,0
980268,0
980269,0
980270,0
980271,0
980272,0
980273,0
980274,0
980275,0
980276,34
980277,26
980278,0
980279,0
980280,37
980281,0
980282,0
980283,0
980284,0
980285,0
980286,0
980287,0
980288,0
980289,0
980290,34
980291,49
980292,0
980293,46
980294,34
980295,0
980296,0
980297,0
980298,0
980299,0
980300,39
980301,0
980302,0
980303,0
980304,0
980305,0
980306,0
980307,0
980308,0
980309,0
980310,0
980311,55
980312,0
980313,54
980314,0
980315,0
980316,0
980317,0
980318,0
980319,0
980320,0
980321,28
980322,0
980323,0
980324,0
980325,41
980326,42
980327,0
980328,0
980329,26
980330,0
980331,0
980332,54
980333,0
980334,0
980335,50
980336,0
980337,12
980338,0
980339,0
980340,0
980341,0
980342,0
980343,0
980344,0
980345,0
980346,44
980347,37
980348,0
980349,35
980350,0
980351,0
980352,56
980353,32
980354,0
980355,0
980356,0
980357,35
980358,0
980359,0
980360,0
980361,0
980362,0
980363,0
980364,23
980365,38
980366,48
980367,0
980368,0
980369,52
980370,43
980371,0
980372,0
980373,0
980374,51
980375,0
980376,39
980377,0
980378,36
980379,57
980380,0
980381,0
980382,0
980383,0
980384,34
980385,38
980386,42
980387,0
980388,0
980389,0
980390,0
980391,0
980392,0
980393,0
980394,34
980395,0
980396,0
980397,30
980398,56
980399,0
980400,0
980401,44
980402,0
980403,0
980404,0
980405,0
980406,26
980407,0
980408,56
980409,0
980410,47
980411,42
980412,0
980413,0
980414,0
980415,41
980416,0
980417,0
980418,58
980419,0
980420,0
980421,0
980422,0
980423,0
980424,41
980425,0
980426,45
980427,0
980428,0
980429,0
980430,0
980431,0
980432,33
980433,0
980434,0
980435,54
980436,41
980437,0
980438,0
980439,0
980440,26
980441,34
980442,0
980443,0
980444,0
980445,41
980446,24
980447,0
980448,33
980449,0
980450,0
980451,0
980452,0
980453,0
980454,28
980455,0
980456,36
980457,0
980458,0
980459,0
980460,0
980461,0
980462,0
980463,0
980464,0
980465,0
980466,0
980467,42
980468,0
980469,0
980470,36
980471,0
980472,0
980473,45
980474,38
980475,28
980476,0
980477,44
980478,0
980479,46
980480,0
980481,0
980482,0
980483,0
980484,29
980485,0
980486,54
980487,0
980488,0
980489,0
980490,0
980491,56
980492,0
980493,39
980494,39
980495,0
980496,35
980497,0
980498,0
980499,0
980500,0
980501,0
980502,33
980503,0
980504,0
980505,0
980506,0
980507,0
980508,0
980509,42
980510,48
980511,0
980512,0
980513,0
980514,0
980515,0
980516,35
980517,0
980518,0
980519,44
980520,0
980521,0
980522,0
980523,24
980524,0
980525,0
980526,0
980527,0
980528,0
980529,0
980530,0
980531,0
980532,0
980533,0
980534,0
980535,0
980536,0
980537,0
980538,0
980539,0
980540,0
980541,0
980542,64
980543,74
980544,0
980545,0
980546,0
980547,0
980548,0
980549,0
980550,50
980551,34
980552,0
980553,0
980554,0
980555,0
980556,0
980557,32
980558,0
980559,0
980560,0
980561,0
980562,22
980563,34
980564,44
980565,0
980566,0
980567,0
980568,0
980569,0
980570,0
980571,0
980572,0
980573,0
980574,0
980575,0
980576,0
980577,0
980578,57
980579,20
980580,0
980581,0
980582,0
980583,0
980584,0
980585,36
980586,0
980587,34
980588,51
980589,0
980590,0
980591,0
980592,0
980593,0
980594,0
980595,37
980596,0
980597,0
980598,0
980599,0
980600,0
980601,45
980602,0
980603,33
980604,31
980605,0
980606,0
980607,0
980608,0
980609,25
980610,0
980611,0
980612,0
980613,0
980614,0
980615,0
980616,0
980617,0
980618,0
980619,0
980620,0
980621,0
980622,47
980623,0
980624,64
980625,0
980626,19
980627,0
980628,73
980629,69
980630,0
980631,51
980632,34
980633,29
980634,0
980635,28
980636,0
980637,0
980638,0
980639,0
980640,0
980641,0
980642,0
980643,0
980644,38
980645,0
980646,0
980647,0
980648,0
980649,53
980650,0
980651,25
980652,0
980653,0
980654,0
980655,0
980656,44
980657,0
980658,0
980659,39
980660,41
980661,0
980662,0
980663,0
980664,0
980665,30
980666,0
980667,23
980668,0
980669,0
980670,51
980671,47
980672,0
980673,0
980674,36
980675,0
980676,0
980677,41
980678,0
980679,0
980680,53
980681,0
980682,40
980683,30
980684,43
980685,42
980686,0
980687,0
980688,0
980689,0
980690,69
980691,43
980692,0
980693,46
980694,29
980695,0
980696,73
980697,0
980698,0
980699,30
980700,49
980701,48
980702,32
980703,0
980704,58
980705,0
980706,0
980707,0
980708,0
980709,0
980710,28
980711,0
980712,0
980713,0
980714,0
980715,21
980716,0
980717,0
980718,0
980719,0
980720,0
980721,0
980722,9
980723,0
980724,9
980725,9
980726,0
980727,0
980728,0
980729,7
980730,0
980731,0
980732,14
980733,0
980734,0
980735,15
980736,0
980737,0
980738,13
980739,17
980740,9
980741,0
980742,0
980743,0
980744,0
980745,12
980746,0
980747,8
980748,0
980749,0
980750,20
980751,0
980752,0
980753,13
980754,0
980755,7
980756,11
980757,0
980758,5
980759,0
980760,0
980761,0
980762,17
980763,0
980764,0
980765,0
980766,0
980767,8
980768,13
980769,0
980770,0
980771,10
980772,16
980773,0
980774,0
980775,19
980776,0
980777,0
980778,15
980779,0
980780,0
980781,8
980782,0
980783,0
980784,11
980785,12
980786,0
980787,0
980788,0
980789,8
980790,0
980791,0
980792,0
980793,12
980794,0
980795,0
980796,0
980797,0
980798,0
980799,0
980800,0
980801,0
980802,0
980803,18
980804,0
980805,0
980806,0
980807,8
980808,0
980809,0
980810,11
980811,0
980812,10
980813,0
980814,0
980815,0
980816,9
980817,0
980818,0
980819,0
980820,0
980821,13
980822,0
980823,0
980824,0
980825,0
980826,21
980827,0
980828,0
980829,7
980830,0
980831,0
980832,11
980833,0
980834,0
980835,0
980836,0
980837,0
980838,0
980839,13
980840,0
980841,14
980842,0
980843,0
980844,0
980845,0
980846,0
980847,11
980848,7
980849,16
980850,0
980851,15
980852,0
980853,0
980854,0
980855,0
980856,0
980857,7
980858,8
980859,0
980860,0
980861,3
980862,6
980863,0
980864,0
980865,0
980866,0
980867,13
980868,0
980869,0
980870,0
980871,10
980872,0
980873,6
980874,0
980875,0
980876,0
980877,0
980878,0
980879,0
980880,0
980881,0
980882,0
980883,0
980884,0
980885,0
980886,0
980887,10
980888,7
980889,0
980890,0
980891,0
980892,0
980893,0
980894,0
980895,0
980896,0
980897,0
980898,0
980899,0
980900,0
980901,8
980902,0
980903,0
980904,12
980905,10
980906,4
980907,0
980908,0
980909,9
980910,0
980911,4
980912,6
980913,0
980914,0
980915,0
980916,0
980917,15
980918,12
980919,0
980920,0
980921,0
980922,0
980923,0
980924,4
980925,0
980926,0
980927,0
980928,14
980929,0
980930,0
980931,6
980932,0
980933,0
980934,7
980935,0
980936,0
980937,5
980938,0
980939,0
980940,6
980941,7
980942,0
980943,0
980944,0
980945,0
980946,6
980947,0
980948,0
980949,9
980950,0
980951,4
980952,0
980953,0
980954,0
980955,0
980956,0
980957,0
980958,0
980959,0
980960,0
980961,0
980962,0
980963,0
980964,0
980965,0
980966,0
980967,0
980968,0
980969,8
980970,0
980971,0
980972,0
980973,11
980974,10
980975,0
980976,6
980977,0
980978,0
980979,0
980980,0
980981,7
980982,0
980983,0
980984,0
980985,0
980986,0
980987,3
980988,0
980989,0
980990,0
980991,0
980992,0
980993,4
980994,0
980995,0
980996,0
980997,8
980998,0
980999,0
981000,10
981001,0
981002,0
981003,7
981004,0
981005,0
981006,0
981007,0
981008,0
981009,0
981010,7
981011,0
981012,0
981013,0
981014,0
981015,0
981016,6
981017,0
981018,4
981019,0
981020,0
981021,0
981022,0
981023,0
981024,0
981025,0
981026,0
981027,11
981028,0
981029,0
981030,0
981031,0
981032,9
981033,0
981034,0
981035,0
981036,0
981037,0
981038,10
981039,0
981040,10
981041,7
981042,0
981043,10
981044,0
981045,0
981046,0
981047,5
981048,0
981049,6
981050,0
981051,6
981052,0
981053,0
981054,9
981055,0
981056,12
981057,0
981058,0
981059,0
981060,0
981061,9
981062,0
981063,0
981064,7
981065,0
981066,13
981067,0
981068,4
981069,0
981070,0
981071,0
981072,0
981073,0
981074,0
981075,0
981076,6
981077,0
981078,4
981079,0
981080,0
981081,4
981082,3
981083,0
981084,0
981085,0
981086,0
981087,0
981088,4
981089,0
981090,2
981091,0
981092,11
981093,0
981094,0
981095,4
981096,0
981097,13
981098,6
981099,0
981100,11
981101,11
981102,13
981103,0
981104,0
981105,0
981106,0
981107,0
981108,3
981109,0
981110,0
981111,0
981112,0
981113,0
981114,8
981115,0
981116,0
981117,0
981118,0
981119,6
981120,0
981121,0
981122,0
981123,0
981124,0
981125,0
981126,5
981127,0
981128,0
981129,0
981130,0
981131,7
981132,0
981133,0
981134,0
981135,10
981136,0
981137,0
981138,0
981139,0
981140,7
981141,0
981142,0
981143,0
981144,10
981145,0
981146,10
981147,0
981148,0
981149,0
981150,9
981151,0
981152,0
981153,0
981154,4
981155,0
981156,0
981157,9
981158,2
981159,16
981160,11
981161,0
981162,0
981163,0
981164,5
981165,0
981166,6
981167,0
981168,0
981169,10
981170,0
981171,0
981172,0
981173,6
981174,9
981175,0
981176,0
981177,0
981178,0
981179,0
981180,0
981181,4
981182,0
981183,0
981184,0
981185,0
981186,8
981187,7
981188,0
981189,0
981190,11
981191,0
981192,0
981193,0
981194,0
981195,0
981196,13
981197,0
981198,0
981199,0
981200,5
981201,0
981202,0
981203,0
981204,11
981205,9
981206,0
981207,0
981208,0
981209,0
981210,0
981211,5
981212,0
981213,0
981214,0
981215,0
981216,4
981217,0
981218,8
981219,0
981220,0
981221,0
981222,0
981223,8
981224,0
981225,0
981226,0
981227,0
981228,0
981229,0
981230,0
981231,0
981232,9
981233,8
981234,0
981235,0
981236,8
981237,0
981238,11
981239,0
981240,0
981241,8
981242,0
981243,0
981244,7
981245,0
981246,0
981247,0
981248,0
981249,13
981250,0
981251,0
981252,11
981253,0
981254,0
981255,0
981256,0
981257,0
981258,0
981259,5
981260,0
981261,0
981262,0
981263,0
981264,0
981265,0
981266,0
981267,8
981268,0
981269,0
981270,0
981271,2
981272,7
981273,0
981274,0
981275,5
981276,0
981277,0
981278,0
981279,0
981280,0
981281,0
981282,0
981283,0
981284,5
981285,0
981286,0
981287,0
981288,0
981289,0
981290,0
981291,0
981292,7
981293,0
981294,0
981295,0
981296,0
981297,0
981298,0
981299,0
981300,0
981301,2
981302,0
981303,0
981304,14
981305,7
981306,0
981307,9
981308,5
981309,0
981310,0
981311,0
981312,0
981313,5
981314,0
981315,0
981316,0
981317,4
981318,0
981319,0
981320,0
981321,0
981322,0
981323,0
981324,7
981325,0
981326,4
981327,0
981328,0
981329,0
981330,0
981331,0
981332,5
981333,0
981334,6
981335,0
981336,0
981337,0
981338,0
981339,0
981340,0
981341,0
981342,0
981343,14
981344,0
981345,0
981346,0
981347,0
981348,0
981349,0
981350,0
981351,7
981352,0
981353,0
981354,0
981355,6
981356,15
981357,13
981358,0
981359,11
981360,0
981361,13
981362,0
981363,7
981364,0
981365,0
981366,0
981367,0
981368,0
981369,0
981370,0
981371,0
981372,0
981373,11
981374,8
981375,0
981376,0
981377,0
981378,0
981379,0
981380,0
981381,0
981382,0
981383,0
981384,0
981385,16
981386,11
981387,0
981388,11
981389,0
981390,0
981391,0
981392,0
981393,0
981394,13
981395,19
981396,0
981397,13
981398,6
981399,0
981400,0
981401,0
981402,0
981403,0
981404,0
981405,0
981406,0
981407,14
981408,0
981409,0
981410,0
981411,2
981412,12
981413,0
981414,0
981415,19
981416,0
981417,0
981418,0
981419,14
981420,9
981421,0
981422,5
981423,0
981424,14
981425,18
981426,0
981427,0
981428,0
981429,7
981430,0
981431,0
981432,0
981433,0
981434,11
981435,0
981436,0
981437,0
981438,0
981439,8
981440,0
981441,0
981442,0
981443,0
981444,0
981445,0
981446,16
981447,0
981448,16
981449,0
981450,0
981451,0
981452,0
981453,0
981454,14
981455,0
981456,0
981457,0
981458,0
981459,6
981460,11
981461,9
981462,0
981463,0
981464,0
981465,15
981466,0
981467,0
981468,12
981469,12
981470,0
981471,0
981472,0
981473,17
981474,0
981475,0
981476,0
981477,0
981478,0
981479,13
981480,0
981481,0
981482,0
981483,10
981484,0
981485,0
981486,0
981487,0
981488,0
981489,0
981490,18
981491,0
981492,0
981493,0
981494,0
981495,0
981496,0
981497,0
981498,12
981499,0
981500,0
981501,0
981502,0
981503,0
981504,0
981505,0
981506,0
981507,0
981508,0
981509,0
981510,0
981511,0
981512,0
981513,0
981514,0
981515,0
981516,0
981517,0
981518,0
981519,0
981520,0
981521,0
981522,0
981523,0
981524,0
981525,0
981526,0
981527,0
981528,0
981529,0
981530,0
981531,0
981532,0
981533,0
981534,0
981535,0
981536,0
981537,0
981538,0
981539,0
981540,0
981541,0
981542,0
981543,0
981544,0
981545,0
981546,0
981547,0
981548,0
981549,0
981550,0
981551,0
981552,0
981553,0
981554,0
981555,0
981556,0
981557,0
981558,0
981559,0
981560,0
981561,0
981562,0
981563,0
981564,0
981565,0
981566,0
981567,0
981568,0
981569,0
981570,0
981571,0
981572,0
981573,0
981574,0
981575,0
981576,0
981577,0
981578,0
981579,0
981580,0
981581,0
981582,0
981583,0
981584,0
981585,0
981586,0
981587,0
981588,0
981589,0
981590,0
981591,0
981592,0
981593,0
981594,0
981595,0
981596,0
981597,0
981598,0
981599,0
981600,0
981601,0
981602,0
981603,0
981604,0
981605,0
981606,0
981607,0
981608,0
981609,0
981610,0
981611,0
981612,0
981613,0
981614,0
981615,0
981616,0
981617,0
981618,0
981619,0
981620,0
981621,0
981622,0
981623,0
981624,0
981625,0
981626,0
981627,0
981628,0
981629,0
981630,0
981631,0
981632,0
981633,0
981634,0
981635,0
981636,0
981637,0
981638,0
981639,0
981640,0
981641,0
981642,0
981643,0
981644,0
981645,0
981646,0
981647,0
981648,0
981649,0
981650,0
981651,0
981652,0
981653,0
981654,0
981655,0
981656,0
981657,0
981658,0
981659,0
981660,0
981661,0
981662,0
981663,0
981664,0
981665,0
981666,0
981667,0
981668,0
981669,0
981670,0
981671,0
981672,0
981673,0
981674,0
981675,0
981676,0
981677,0
981678,0
981679,0
981680,0
981681,0
981682,0
981683,0
981684,0
981685,0
981686,0
981687,0
981688,0
981689,0
981690,0
981691,0
981692,0
981693,0
981694,0
981695,0
981696,0
981697,0
981698,0
981699,0
981700,0
981701,0
981702,0
981703,0
981704,0
981705,0
981706,0
981707,0
981708,0
981709,0
981710,0
981711,0
981712,0
981713,0
981714,0
981715,0
981716,0
981717,0
981718,0
981719,0
981720,0
981721,0
981722,0
981723,0
981724,0
981725,0
981726,0
981727,0
981728,0
981729,0
981730,0
981731,0
981732,0
981733,0
981734,0
981735,0
981736,0
981737,0
981738,0
981739,0
981740,0
981741,0
981742,0
981743,0
981744,0
981745,0
981746,0
981747,0
981748,0
981749,0
981750,0
981751,0
981752,0
981753,0
981754,0
981755,0
981756,0
981757,0
981758,0
981759,0
981760,0
981761,0
981762,0
981763,0
981764,0
981765,0
981766,0
981767,0
981768,0
981769,0
981770,0
981771,0
981772,0
981773,0
981774,0
981775,0
981776,0
981777,0
981778,0
981779,0
981780,0
981781,0
981782,0
981783,0
981784,0
981785,0
981786,0
981787,0
981788,0
981789,0
981790,0
981791,0
981792,0
981793,0
981794,0
981795,0
981796,0
981797,0
981798,0
981799,0
981800,0
981801,0
981802,0
981803,0
981804,0
981805,0
981806,0
981807,0
981808,0
981809,0
981810,0
981811,0
981812,0
981813,0
981814,0
981815,0
981816,0
981817,0
981818,0
981819,0
981820,0
981821,0
981822,0
981823,0
981824,0
981825,0
981826,0
981827,0
981828,0
981829,0
981830,0
981831,0
981832,0
981833,0
981834,0
981835,0
981836,0
981837,0
981838,0
981839,0
981840,0
981841,0
981842,0
981843,0
981844,0
981845,0
981846,0
981847,0
981848,0
981849,1
981850,0
981851,0
981852,0
981853,0
981854,0
981855,0
981856,0
981857,0
981858,0
981859,0
981860,0
981861,0
981862,0
981863,0
981864,0
981865,0
981866,0
981867,0
981868,0
981869,0
981870,0
981871,0
981872,0
981873,0
981874,0
981875,0
981876,0
981877,0
981878,0
981879,0
981880,0
981881,0
981882,0
981883,0
981884,0
981885,0
981886,0
981887,0
981888,0
981889,0
981890,0
981891,0
981892,0
981893,0
981894,0
981895,0
981896,0
981897,0
981898,0
981899,0
981900,0
981901,0
981902,0
981903,0
981904,0
981905,0
981906,0
981907,0
981908,0
981909,0
981910,0
981911,0
981912,0
981913,0
981914,0
981915,0
981916,0
981917,0
981918,0
981919,0
981920,0
981921,0
981922,0
981923,0
981924,0
981925,0
981926,0
981927,0
981928,0
981929,0
981930,0
981931,0
981932,0
981933,0
981934,0
981935,0
981936,0
981937,0
981938,0
981939,0
981940,0
981941,0
981942,0
981943,0
981944,0
981945,0
981946,0
981947,0
981948,0
981949,0
981950,0
981951,0
981952,0
981953,0
981954,0
981955,0
981956,0
981957,1
981958,0
981959,0
981960,0
981961,0
981962,0
981963,0
981964,0
981965,0
981966,0
981967,0
981968,0
981969,0
981970,0
981971,0
981972,0
981973,0
981974,0
981975,0
981976,0
981977,0
981978,0
981979,0
981980,0
981981,0
981982,0
981983,0
981984,0
981985,0
981986,0
981987,0
981988,0
981989,0
981990,0
981991,0
981992,0
981993,0
981994,0
981995,0
981996,0
981997,0
981998,0
981999,0
982000,0
982001,0
982002,0
982003,0
982004,0
982005,0
982006,0
982007,0
982008,0
982009,0
982010,0
982011,0
982012,0
982013,0
982014,0
982015,0
982016,0
982017,0
982018,0
982019,0
982020,0
982021,0
982022,0
982023,0
982024,0
982025,0
982026,0
982027,0
982028,0
982029,0
982030,0
982031,0
982032,0
982033,0
982034,0
982035,0
982036,0
982037,0
982038,0
982039,0
982040,0
982041,0
982042,0
982043,0
982044,0
982045,0
982046,0
982047,0
982048,0
982049,0
982050,0
982051,0
982052,0
982053,0
982054,0
982055,0
982056,0
982057,0
982058,0
982059,0
982060,0
982061,0
982062,0
982063,0
982064,0
982065,0
982066,0
982067,0
982068,0
982069,0
982070,0
982071,0
982072,0
982073,0
982074,0
982075,0
982076,0
982077,0
982078,0
982079,0
982080,0
982081,0
982082,0
982083,0
982084,0
982085,0
982086,0
982087,0
982088,0
982089,0
982090,0
982091,0
982092,0
982093,0
982094,0
982095,0
982096,0
982097,0
982098,0
982099,0
982100,0
982101,0
982102,0
982103,0
982104,0
982105,0
982106,0
982107,0
982108,0
982109,0
982110,0
982111,0
982112,0
982113,0
982114,0
982115,0
982116,0
982117,0
982118,0
982119,0
982120,0
982121,0
982122,0
982123,0
982124,0
982125,0
982126,0
982127,0
982128,0
982129,0
982130,0
982131,0
982132,0
982133,0
982134,0
982135,0
982136,0
982137,0
982138,0
982139,0
982140,0
982141,0
982142,0
982143,0
982144,0
982145,0
982146,0
982147,0
982148,0
982149,0
982150,0
982151,0
982152,0
982153,0
982154,0
982155,0
982156,0
982157,0
982158,0
982159,0
982160,0
982161,0
982162,0
982163,0
982164,0
982165,0
982166,0
982167,0
982168,0
982169,0
982170,0
982171,0
982172,0
982173,0
982174,0
982175,0
982176,0
982177,0
982178,0
982179,0
982180,0
982181,0
982182,0
982183,0
982184,0
982185,0
982186,0
982187,0
982188,0
982189,0
982190,0
982191,0
982192,0
982193,0
982194,0
982195,0
982196,0
982197,0
982198,0
982199,0
982200,0
982201,0
982202,0
982203,0
982204,0
982205,0
982206,0
982207,0
982208,0
982209,0
982210,0
982211,0
982212,0
982213,0
982214,0
982215,0
982216,0
982217,0
982218,0
982219,0
982220,0
982221,0
982222,0
982223,0
982224,0
982225,0
982226,0
982227,0
982228,0
982229,0
982230,0
982231,0
982232,0
982233,0
982234,0
982235,0
982236,0
982237,0
982238,0
982239,0
982240,0
982241,0
982242,0
982243,0
982244,0
982245,0
982246,0
982247,0
982248,0
982249,0
982250,0
982251,0
982252,0
982253,0
982254,0
982255,0
982256,0
982257,0
982258,0
982259,0
982260,0
982261,0
982262,0
982263,0
982264,0
982265,0
982266,0
982267,0
982268,0
982269,0
982270,0
982271,0
982272,0
982273,0
982274,0
982275,0
982276,0
982277,0
982278,0
982279,0
982280,0
982281,0
982282,0
982283,0
982284,0
982285,0
982286,0
982287,0
982288,0
982289,0
982290,0
982291,0
982292,0
982293,0
982294,0
982295,0
982296,0
982297,0
982298,0
982299,0
982300,0
982301,0
982302,0
982303,0
982304,0
982305,0
982306,0
982307,0
982308,0
982309,0
982310,0
982311,0
982312,0
982313,0
982314,0
982315,0
982316,0
982317,0
982318,0
982319,0
982320,0
982321,0
982322,0
982323,0
982324,0
982325,0
982326,0
982327,0
982328,0
982329,0
982330,0
982331,0
982332,0
982333,0
982334,0
982335,0
982336,0
982337,0
982338,0
982339,0
982340,0
982341,1
982342,0
982343,2
982344,5
982345,3
982346,7
982347,2
982348,0
982349,0
982350,6
982351,5
982352,4
982353,3
982354,3
982355,0
982356,0
982357,0
982358,0
982359,0
982360,0
982361,0
982362,3
982363,6
982364,1
982365,0
982366,0
982367,0
982368,0
982369,0
982370,0
982371,0
982372,0
982373,0
982374,0
982375,0
982376,0
982377,0
982378,0
982379,0
982380,6
982381,0
982382,0
982383,0
982384,0
982385,2
982386,0
982387,0
982388,0
982389,2
982390,0
982391,0
982392,2
982393,0
982394,0
982395,5
982396,0
982397,0
982398,0
982399,5
982400,0
982401,0
982402,0
982403,0
982404,0
982405,0
982406,0
982407,7
982408,0
982409,3
982410,0
982411,0
982412,0
982413,1
982414,4
982415,0
982416,1
982417,0
982418,0
982419,0
982420,0
982421,0
982422,0
982423,12
982424,0
982425,0
982426,0
982427,2
982428,0
982429,0
982430,0
982431,0
982432,1
982433,0
982434,4
982435,0
982436,0
982437,0
982438,0
982439,3
982440,0
982441,0
982442,0
982443,0
982444,0
982445,3
982446,0
982447,2
982448,2
982449,0
982450,0
982451,0
982452,0
982453,1
982454,0
982455,0
982456,0
982457,0
982458,0
982459,0
982460,0
982461,0
982462,4
982463,0
982464,0
982465,3
982466,2
982467,0
982468,2
982469,0
982470,7
982471,2
982472,5
982473,0
982474,0
982475,0
982476,0
982477,3
982478,0
982479,0
982480,0
982481,0
982482,0
982483,5
982484,0
982485,0
982486,0
982487,0
982488,4
982489,0
982490,0
982491,0
982492,0
982493,0
982494,0
982495,7
982496,4
982497,0
982498,0
982499,4
982500,0
982501,0
982502,0
982503,0
982504,0
982505,0
982506,3
982507,0
982508,0
982509,0
982510,1
982511,0
982512,0
982513,0
982514,2
982515,3
982516,0
982517,0
982518,3
982519,0
982520,1
982521,3
982522,0
982523,4
982524,0
982525,0
982526,0
982527,2
982528,1
982529,0
982530,0
982531,0
982532,0
982533,0
982534,4
982535,4
982536,0
982537,5
982538,0
982539,0
982540,5
982541,0
982542,0
982543,3
982544,0
982545,5
982546,3
982547,0
982548,0
982549,5
982550,0
982551,0
982552,0
982553,0
982554,2
982555,0
982556,0
982557,0
982558,1
982559,3
982560,0
982561,4
982562,0
982563,7
982564,0
982565,0
982566,0
982567,0
982568,0
982569,0
982570,0
982571,0
982572,0
982573,0
982574,0
982575,0
982576,4
982577,4
982578,0
982579,2
982580,0
982581,0
982582,0
982583,2
982584,0
982585,0
982586,0
982587,5
982588,6
982589,0
982590,0
982591,0
982592,4
982593,0
982594,0
982595,0
982596,6
982597,0
982598,0
982599,0
982600,0
982601,2
982602,0
982603,0
982604,0
982605,0
982606,0
982607,0
982608,0
982609,0
982610,0
982611,0
982612,0
982613,0
982614,0
982615,0
982616,2
982617,4
982618,0
982619,0
982620,0
982621,0
982622,0
982623,0
982624,1
982625,2
982626,0
982627,0
982628,0
982629,0
982630,0
982631,4
982632,0
982633,0
982634,0
982635,0
982636,0
982637,2
982638,0
982639,0
982640,3
982641,0
982642,4
982643,0
982644,0
982645,0
982646,0
982647,0
982648,0
982649,0
982650,0
982651,0
982652,0
982653,22
982654,0
982655,0
982656,0
982657,0
982658,0
982659,0
982660,0
982661,0
982662,0
982663,27
982664,0
982665,0
982666,0
982667,0
982668,0
982669,34
982670,0
982671,0
982672,0
982673,0
982674,0
982675,0
982676,0
982677,0
982678,0
982679,0
982680,0
982681,0
982682,0
982683,0
982684,0
982685,0
982686,0
982687,25
982688,0
982689,0
982690,0
982691,0
982692,0
982693,0
982694,30
982695,0
982696,0
982697,0
982698,0
982699,0
982700,37
982701,0
982702,0
982703,0
982704,0
982705,0
982706,0
982707,19
982708,0
982709,0
982710,0
982711,28
982712,34
982713,0
982714,0
982715,0
982716,0
982717,0
982718,0
982719,0
982720,35
982721,0
982722,24
982723,0
982724,0
982725,0
982726,0
982727,0
982728,0
982729,23
982730,0
982731,0
982732,0
982733,0
982734,0
982735,0
982736,0
982737,0
982738,0
982739,18
982740,0
982741,0
982742,0
982743,13
982744,0
982745,0
982746,29
982747,0
982748,28
982749,0
982750,0
982751,0
982752,44
982753,29
982754,0
982755,0
982756,0
982757,0
982758,0
982759,0
982760,0
982761,0
982762,0
982763,0
982764,0
982765,0
982766,32
982767,0
982768,0
982769,15
982770,0
982771,0
982772,34
982773,23
982774,0
982775,0
982776,0
982777,0
982778,0
982779,0
982780,0
982781,0
982782,27
982783,41
982784,0
982785,0
982786,18
982787,0
982788,0
982789,27
982790,0
982791,0
982792,0
982793,0
982794,0
982795,0
982796,0
982797,0
982798,0
982799,32
982800,0
982801,0
982802,0
982803,0
982804,0
982805,0
982806,20
982807,0
982808,21
982809,27
982810,0
982811,37
982812,28
982813,0
982814,0
982815,0
982816,0
982817,24
982818,27
982819,0
982820,0
982821,0
982822,0
982823,0
982824,0
982825,0
982826,0
982827,0
982828,0
982829,29
982830,0
982831,33
982832,0
982833,0
982834,0
982835,0
982836,0
982837,0
982838,0
982839,0
982840,0
982841,25
982842,0
982843,0
982844,0
982845,0
982846,0
982847,0
982848,0
982849,0
982850,0
982851,0
982852,0
982853,0
982854,0
982855,0
982856,0
982857,24
982858,0
982859,26
982860,0
982861,0
982862,0
982863,0
982864,0
982865,0
982866,0
982867,0
982868,20
982869,0
982870,0
982871,0
982872,0
982873,0
982874,0
982875,0
982876,0
982877,0
982878,0
982879,0
982880,0
982881,29
982882,0
982883,36
982884,20
982885,25
982886,0
982887,0
982888,0
982889,0
982890,19
982891,0
982892,0
982893,0
982894,0
982895,0
982896,0
982897,0
982898,0
982899,0
982900,23
982901,0
982902,0
982903,0
982904,0
982905,0
982906,0
982907,0
982908,0
982909,28
982910,0
982911,0
982912,22
982913,0
982914,21
982915,0
982916,0
982917,0
982918,0
982919,0
982920,0
982921,24
982922,0
982923,0
982924,0
982925,0
982926,0
982927,0
982928,19
982929,0
982930,0
982931,34
982932,0
982933,0
982934,0
982935,0
982936,0
982937,0
982938,0
982939,0
982940,0
982941,20
982942,0
982943,32
982944,0
982945,0
982946,0
982947,0
982948,0
982949,0
982950,0
982951,26
982952,0
982953,0
982954,0
982955,0
982956,26
982957,0
982958,0
982959,0
982960,0
982961,21
982962,0
982963,0
982964,0
982965,0
982966,0
982967,0
982968,0
982969,0
982970,0
982971,0
982972,26
982973,0
982974,0
982975,0
982976,0
982977,0
982978,0
982979,0
982980,0
982981,0
982982,0
982983,0
982984,0
982985,0
982986,0
982987,0
982988,0
982989,0
982990,0
982991,0
982992,0
982993,21
982994,0
982995,0
982996,0
982997,0
982998,0
982999,0
983000,0
983001,0
983002,20
983003,0
983004,0
983005,0
983006,0
983007,0
983008,0
983009,0
983010,15
983011,30
983012,0
983013,0
983014,0
983015,0
983016,0
983017,0
983018,0
983019,0
983020,0
983021,0
983022,0
983023,0
983024,0
983025,0
983026,0
983027,0
983028,0
983029,0
983030,0
983031,0
983032,30
983033,0
983034,0
983035,0
983036,0
983037,0
983038,0
983039,0
983040,0
983041,30
983042,36
983043,14
983044,0
983045,0
983046,0
983047,32
983048,0
983049,35
983050,18
983051,0
983052,0
983053,0
983054,0
983055,0
983056,0
983057,0
983058,0
983059,0
983060,0
983061,0
983062,0
983063,0
983064,0
983065,0
983066,0
983067,0
983068,0
983069,0
983070,0
983071,0
983072,0
983073,0
983074,0
983075,0
983076,0
983077,45
983078,0
983079,0
983080,0
983081,0
983082,0
983083,0
983084,0
983085,29
983086,0
983087,28
983088,0
983089,24
983090,37
983091,0
983092,0
983093,0
983094,0
983095,0
983096,0
983097,0
983098,0
983099,0
983100,0
983101,0
983102,0
983103,0
983104,0
983105,0
983106,0
983107,0
983108,0
983109,40
983110,0
983111,0
983112,0
983113,0
983114,0
983115,0
983116,0
983117,0
983118,0
983119,0
983120,0
983121,0
983122,0
983123,0
983124,0
983125,0
983126,32
983127,0
983128,0
983129,0
983130,0
983131,0
983132,0
983133,0
983134,25
983135,0
983136,0
983137,0
983138,0
983139,0
983140,0
983141,0
983142,22
983143,30
983144,0
983145,0
983146,0
983147,0
983148,0
983149,0
983150,24
983151,0
983152,0
983153,0
983154,19
983155,0
983156,0
983157,0
983158,0
983159,40
983160,0
983161,0
983162,0
983163,0
983164,0
983165,0
983166,0
983167,0
983168,0
983169,0
983170,0
983171,0
983172,0
983173,0
983174,0
983175,0
983176,0
983177,0
983178,0
983179,0
983180,0
983181,0
983182,0
983183,0
983184,33
983185,16
983186,43
983187,0
983188,0
983189,0
983190,0
983191,0
983192,0
983193,0
983194,0
983195,9
983196,0
983197,0
983198,0
983199,0
983200,0
983201,0
983202,0
983203,31
983204,0
983205,0
983206,0
983207,0
983208,0
983209,0
983210,0
983211,0
983212,0
983213,0
983214,0
983215,0
983216,0
983217,0
983218,0
983219,0
983220,0
983221,0
983222,0
983223,0
983224,0
983225,0
983226,0
983227,0
983228,0
983229,0
983230,0
983231,0
983232,0
983233,0
983234,0
983235,0
983236,0
983237,0
983238,0
983239,0
983240,0
983241,0
983242,0
983243,0
983244,0
983245,0
983246,0
983247,0
983248,0
983249,0
983250,0
983251,0
983252,0
983253,0
983254,0
983255,0
983256,0
983257,0
983258,0
983259,0
983260,0
983261,0
983262,0
983263,0
983264,0
983265,0
983266,0
983267,0
983268,0
983269,0
983270,0
983271,0
983272,0
983273,0
983274,0
983275,0
983276,0
983277,0
983278,0
983279,0
983280,0
983281,0
983282,0
983283,0
983284,0
983285,0
983286,0
983287,0
983288,0
983289,0
983290,0
983291,0
983292,0
983293,0
983294,0
983295,0
983296,0
983297,0
983298,0
983299,0
983300,0
983301,0
983302,0
983303,0
983304,0
983305,0
983306,0
983307,0
983308,0
983309,0
983310,0
983311,0
983312,0
983313,0
983314,0
983315,0
983316,0
983317,0
983318,0
983319,0
983320,0
983321,0
983322,0
983323,0
983324,0
983325,0
983326,0
983327,0
983328,0
983329,0
983330,0
983331,0
983332,0
983333,0
983334,0
983335,0
983336,0
983337,0
983338,0
983339,0
983340,0
983341,0
983342,0
983343,0
983344,0
983345,0
983346,0
983347,0
983348,0
983349,0
983350,0
983351,0
983352,0
983353,0
983354,0
983355,0
983356,0
983357,0
983358,0
983359,0
983360,0
983361,0
983362,0
983363,0
983364,0
983365,0
983366,0
983367,0
983368,0
983369,0
983370,0
983371,0
983372,0
983373,0
983374,0
983375,0
983376,0
983377,0
983378,0
983379,0
983380,0
983381,0
983382,0
983383,0
983384,0
983385,0
983386,0
983387,0
983388,0
983389,0
983390,0
983391,0
983392,0
983393,0
983394,0
983395,0
983396,0
983397,0
983398,0
983399,0
983400,0
983401,0
983402,0
983403,0
983404,0
983405,0
983406,0
983407,0
983408,0
983409,0
983410,0
983411,0
983412,0
983413,0
983414,0
983415,0
983416,0
983417,0
983418,0
983419,0
983420,0
983421,0
983422,0
983423,0
983424,0
983425,0
983426,0
983427,0
983428,0
983429,0
983430,0
983431,0
983432,0
983433,0
983434,0
983435,0
983436,0
983437,0
983438,0
983439,0
983440,0
983441,0
983442,0
983443,0
983444,0
983445,0
983446,0
983447,0
983448,0
983449,0
983450,0
983451,0
983452,0
983453,0
983454,0
983455,0
983456,0
983457,0
983458,0
983459,0
983460,0
983461,0
983462,0
983463,0
983464,0
983465,0
983466,0
983467,0
983468,0
983469,0
983470,0
983471,0
983472,0
983473,0
983474,0
983475,0
983476,0
983477,0
983478,0
983479,0
983480,0
983481,0
983482,0
983483,0
983484,0
983485,0
983486,0
983487,0
983488,0
983489,0
983490,0
983491,0
983492,0
983493,0
983494,0
983495,0
983496,0
983497,0
983498,0
983499,0
983500,0
983501,0
983502,0
983503,0
983504,0
983505,0
983506,0
983507,0
983508,0
983509,0
983510,0
983511,0
983512,0
983513,0
983514,0
983515,0
983516,0
983517,0
983518,0
983519,0
983520,0
983521,0
983522,0
983523,0
983524,0
983525,0
983526,0
983527,0
983528,0
983529,0
983530,0
983531,0
983532,0
983533,0
983534,0
983535,0
983536,0
983537,0
983538,0
983539,0
983540,0
983541,0
983542,0
983543,0
983544,0
983545,0
983546,0
983547,0
983548,0
983549,0
983550,0
983551,0
983552,0
983553,0
983554,0
983555,0
983556,0
983557,0
983558,0
983559,0
983560,0
983561,0
983562,0
983563,0
983564,0
983565,0
983566,0
983567,0
983568,0
983569,0
983570,0
983571,0
983572,0
983573,0
983574,0
983575,0
983576,0
983577,0
983578,0
983579,0
983580,0
983581,0
983582,0
983583,0
983584,0
983585,0
983586,0
983587,0
983588,0
983589,0
983590,0
983591,0
983592,0
983593,0
983594,0
983595,0
983596,0
983597,0
983598,0
983599,0
983600,0
983601,0
983602,0
983603,0
983604,0
983605,0
983606,0
983607,0
983608,0
983609,0
983610,0
983611,0
983612,0
983613,0
983614,0
983615,0
983616,0
983617,0
983618,0
983619,0
983620,0
983621,0
983622,0
983623,0
983624,0
983625,0
983626,0
983627,0
983628,0
983629,0
983630,0
983631,0
983632,0
983633,0
983634,0
983635,0
983636,0
983637,0
983638,0
983639,0
983640,0
983641,0
983642,0
983643,0
983644,0
983645,0
983646,0
983647,0
983648,0
983649,0
983650,0
983651,0
983652,0
983653,0
983654,0
983655,0
983656,0
983657,0
983658,0
983659,0
983660,0
983661,0
983662,0
983663,0
983664,0
983665,0
983666,0
983667,0
983668,0
983669,0
983670,0
983671,0
983672,0
983673,0
983674,0
983675,0
983676,0
983677,0
983678,0
983679,0
983680,0
983681,0
983682,0
983683,0
983684,0
983685,0
983686,0
983687,0
983688,0
983689,0
983690,0
983691,0
983692,0
983693,0
983694,0
983695,0
983696,0
983697,0
983698,0
983699,0
983700,0
983701,0
983702,0
983703,0
983704,0
983705,0
983706,0
983707,0
983708,0
983709,0
983710,0
983711,0
983712,0
983713,0
983714,0
983715,0
983716,0
983717,0
983718,0
983719,0
983720,0
983721,0
983722,0
983723,0
983724,0
983725,0
983726,0
983727,0
983728,0
983729,0
983730,0
983731,0
983732,0
983733,0
983734,0
983735,0
983736,0
983737,0
983738,0
983739,0
983740,0
983741,0
983742,0
983743,0
983744,0
983745,0
983746,0
983747,0
983748,0
983749,0
983750,0
983751,0
983752,0
983753,0
983754,0
983755,0
983756,0
983757,0
983758,0
983759,0
983760,0
983761,0
983762,0
983763,0
983764,0
983765,0
983766,0
983767,0
983768,0
983769,0
983770,0
983771,0
983772,0
983773,0
983774,0
983775,0
983776,0
983777,0
983778,0
983779,0
983780,0
983781,0
983782,0
983783,0
983784,0
983785,0
983786,0
983787,0
983788,0
983789,0
983790,0
983791,0
983792,0
983793,0
983794,0
983795,0
983796,0
983797,0
983798,0
983799,0
983800,0
983801,0
983802,0
983803,0
983804,0
983805,0
983806,0
983807,0
983808,0
983809,0
983810,0
983811,0
983812,0
983813,0
983814,0
983815,0
983816,0
983817,0
983818,0
983819,0
983820,0
983821,0
983822,0
983823,0
983824,0
983825,0
983826,0
983827,0
983828,0
983829,0
983830,0
983831,0
983832,0
983833,0
983834,0
983835,0
983836,0
983837,0
983838,0
983839,0
983840,0
983841,0
983842,0
983843,0
983844,0
983845,0
983846,0
983847,0
983848,0
983849,0
983850,0
983851,0
983852,0
983853,0
983854,0
983855,0
983856,0
983857,0
983858,0
983859,0
983860,0
983861,0
983862,0
983863,0
983864,0
983865,0
983866,0
983867,0
983868,0
983869,0
983870,0
983871,0
983872,0
983873,0
983874,0
983875,0
983876,0
983877,0
983878,0
983879,0
983880,0
983881,0
983882,0
983883,0
983884,0
983885,0
983886,0
983887,0
983888,0
983889,0
983890,0
983891,0
983892,0
983893,0
983894,0
983895,0
983896,0
983897,0
983898,0
983899,0
983900,0
983901,0
983902,0
983903,0
983904,0
983905,0
983906,0
983907,0
983908,0
983909,0
983910,0
983911,0
983912,0
983913,0
983914,0
983915,0
983916,0
983917,0
983918,0
983919,0
983920,0
983921,0
983922,0
983923,0
983924,0
983925,0
983926,0
983927,0
983928,0
983929,0
983930,0
983931,0
983932,0
983933,0
983934,0
983935,0
983936,0
983937,0
983938,0
983939,0
983940,0
983941,0
983942,0
983943,0
983944,0
983945,0
983946,0
983947,0
983948,0
983949,0
983950,0
983951,0
983952,0
983953,0
983954,0
983955,0
983956,0
983957,0
983958,10
983959,0
983960,0
983961,11
983962,0
983963,10
983964,0
983965,0
983966,0
983967,0
983968,0
983969,0
983970,9
983971,0
983972,0
983973,0
983974,0
983975,0
983976,0
983977,0
983978,0
983979,0
983980,0
983981,0
983982,0
983983,0
983984,0
983985,0
983986,0
983987,0
983988,0
983989,0
983990,0
983991,0
983992,0
983993,10
983994,0
983995,0
983996,0
983997,0
983998,0
983999,15
984000,0
984001,0
984002,0
984003,0
984004,0
984005,0
984006,0
984007,0
984008,0
984009,0
984010,0
984011,18
984012,0
984013,0
984014,0
984015,0
984016,11
984017,0
984018,0
984019,0
984020,0
984021,0
984022,0
984023,0
984024,0
984025,0
984026,0
984027,0
984028,7
984029,0
984030,0
984031,0
984032,0
984033,0
984034,13
984035,0
984036,0
984037,0
984038,0
984039,0
984040,10
984041,0
984042,0
984043,0
984044,0
984045,0
984046,0
984047,0
984048,0
984049,0
984050,0
984051,0
984052,0
984053,10
984054,0
984055,0
984056,0
984057,6
984058,11
984059,0
984060,0
984061,0
984062,0
984063,0
984064,0
984065,0
984066,14
984067,8
984068,13
984069,0
984070,0
984071,0
984072,0
984073,12
984074,0
984075,0
984076,0
984077,0
984078,0
984079,9
984080,0
984081,0
984082,12
984083,0
984084,0
984085,0
984086,0
984087,0
984088,0
984089,0
984090,0
984091,0
984092,0
984093,0
984094,0
984095,5
984096,0
984097,0
984098,0
984099,10
984100,0
984101,0
984102,0
984103,0
984104,8
984105,0
984106,0
984107,0
984108,0
984109,0
984110,0
984111,0
984112,0
984113,0
984114,0
984115,0
984116,0
984117,14
984118,0
984119,0
984120,0
984121,0
984122,0
984123,0
984124,0
984125,0
984126,0
984127,9
984128,0
984129,10
984130,0
984131,0
984132,0
984133,0
984134,7
984135,0
984136,0
984137,0
984138,9
984139,0
984140,0
984141,0
984142,0
984143,0
984144,0
984145,0
984146,0
984147,0
984148,0
984149,0
984150,0
984151,0
984152,0
984153,0
984154,14
984155,13
984156,0
984157,0
984158,0
984159,0
984160,0
984161,0
984162,0
984163,0
984164,0
984165,0
984166,0
984167,0
984168,0
984169,0
984170,0
984171,0
984172,0
984173,0
984174,0
984175,0
984176,0
984177,0
984178,10
984179,4
984180,0
984181,0
984182,0
984183,0
984184,0
984185,0
984186,0
984187,0
984188,9
984189,0
984190,0
984191,0
984192,10
984193,0
984194,0
984195,0
984196,0
984197,0
984198,0
984199,0
984200,0
984201,5
984202,0
984203,0
984204,7
984205,0
984206,0
984207,0
984208,0
984209,0
984210,0
984211,0
984212,0
984213,0
984214,0
984215,0
984216,0
984217,9
984218,6
984219,0
984220,0
984221,0
984222,0
984223,7
984224,0
984225,0
984226,0
984227,0
984228,0
984229,0
984230,0
984231,0
984232,0
984233,0
984234,0
984235,0
984236,0
984237,13
984238,0
984239,0
984240,0
984241,17
984242,0
984243,12
984244,0
984245,6
984246,0
984247,0
984248,0
984249,0
984250,0
984251,0
984252,0
984253,0
984254,0
984255,0
984256,0
984257,0
984258,0
984259,12
984260,0
984261,0
984262,0
984263,0
984264,0
984265,0
984266,0
984267,0
984268,10
984269,0
984270,0
984271,9
984272,0
984273,0
984274,0
984275,0
984276,0
984277,0
984278,0
984279,16
984280,0
984281,0
984282,0
984283,9
984284,0
984285,0
984286,0
984287,0
984288,0
984289,0
984290,0
984291,0
984292,9
984293,0
984294,0
984295,8
984296,0
984297,0
984298,13
984299,0
984300,7
984301,0
984302,0
984303,0
984304,0
984305,0
984306,0
984307,4
984308,0
984309,0
984310,0
984311,0
984312,0
984313,0
984314,0
984315,0
984316,20
984317,0
984318,0
984319,0
984320,0
984321,14
984322,0
984323,0
984324,0
984325,0
984326,0
984327,0
984328,0
984329,0
984330,0
984331,0
984332,0
984333,11
984334,0
984335,0
984336,0
984337,0
984338,0
984339,0
984340,0
984341,0
984342,0
984343,0
984344,0
984345,0
984346,0
984347,0
984348,10
984349,17
984350,0
984351,0
984352,0
984353,13
984354,0
984355,0
984356,0
984357,0
984358,0
984359,0
984360,0
984361,0
984362,0
984363,0
984364,0
984365,9
984366,0
984367,0
984368,8
984369,0
984370,0
984371,0
984372,0
984373,0
984374,13
984375,0
984376,11
984377,12
984378,0
984379,12
984380,0
984381,0
984382,11
984383,0
984384,5
984385,0
984386,0
984387,0
984388,5
984389,0
984390,0
984391,0
984392,0
984393,0
984394,0
984395,0
984396,0
984397,4
984398,0
984399,0
984400,8
984401,0
984402,0
984403,0
984404,0
984405,0
984406,0
984407,0
984408,0
984409,0
984410,0
984411,0
984412,0
984413,0
984414,0
984415,5
984416,0
984417,0
984418,0
984419,0
984420,0
984421,0
984422,0
984423,10
984424,0
984425,0
984426,0
984427,0
984428,12
984429,0
984430,0
984431,0
984432,0
984433,0
984434,0
984435,0
984436,0
984437,0
984438,0
984439,0
984440,12
984441,0
984442,0
984443,7
984444,0
984445,0
984446,0
984447,0
984448,0
984449,0
984450,0
984451,0
984452,0
984453,0
984454,0
984455,0
984456,0
984457,0
984458,0
984459,0
984460,0
984461,0
984462,15
984463,0
984464,7
984465,0
984466,0
984467,0
984468,7
984469,0
984470,0
984471,10
984472,0
984473,0
984474,22
984475,9
984476,7
984477,0
984478,0
984479,0
984480,0
984481,0
984482,0
984483,13
984484,0
984485,0
984486,0
984487,0
984488,19
984489,17
984490,0
984491,0
984492,0
984493,0
984494,7
984495,9
984496,0
984497,0
984498,12
984499,0
984500,0
984501,17
984502,0
984503,7
984504,0
984505,0
984506,0
984507,0
984508,0
984509,0
984510,0
984511,0
984512,0
984513,0
984514,0
984515,0
984516,0
984517,0
984518,0
984519,0
984520,0
984521,12
984522,0
984523,0
984524,0
984525,0
984526,13
984527,0
984528,0
984529,0
984530,0
984531,0
984532,0
984533,13
984534,0
984535,0
984536,0
984537,13
984538,0
984539,0
984540,0
984541,0
984542,0
984543,9
984544,0
984545,11
984546,0
984547,0
984548,0
984549,0
984550,0
984551,0
984552,0
984553,5
984554,0
984555,0
984556,0
984557,0
984558,0
984559,0
984560,0
984561,0
984562,0
984563,0
984564,0
984565,0
984566,0
984567,0
984568,0
984569,5
984570,0
984571,9
984572,0
984573,0
984574,0
984575,0
984576,0
984577,0
984578,0
984579,0
984580,0
984581,5
984582,0
984583,15
984584,0
984585,0
984586,0
984587,0
984588,0
984589,0
984590,0
984591,0
984592,0
984593,0
984594,0
984595,0
984596,0
984597,0
984598,0
984599,0
984600,0
984601,9
984602,0
984603,0
984604,0
984605,0
984606,11
984607,0
984608,0
984609,0
984610,0
984611,0
984612,0
984613,0
984614,0
984615,0
984616,0
984617,0
984618,14
984619,0
984620,0
984621,0
984622,0
984623,6
984624,11
984625,12
984626,0
984627,0
984628,0
984629,0
984630,0
984631,0
984632,0
984633,0
984634,0
984635,11
984636,3
984637,0
984638,0
984639,0
984640,0
984641,0
984642,0
984643,0
984644,0
984645,7
984646,0
984647,0
984648,0
984649,0
984650,0
984651,0
984652,0
984653,0
984654,6
984655,0
984656,0
984657,0
984658,0
984659,0
984660,0
984661,0
984662,0
984663,0
984664,0
984665,0
984666,0
984667,0
984668,0
984669,0
984670,14
984671,0
984672,0
984673,0
984674,0
984675,0
984676,0
984677,0
984678,0
984679,12
984680,0
984681,0
984682,0
984683,0
984684,10
984685,0
984686,0
984687,0
984688,0
984689,0
984690,0
984691,0
984692,0
984693,0
984694,0
984695,0
984696,0
984697,0
984698,0
984699,12
984700,0
984701,0
984702,0
984703,0
984704,0
984705,0
984706,0
984707,0
984708,0
984709,0
984710,5
984711,0
984712,0
984713,0
984714,0
984715,0
984716,0
984717,0
984718,11
984719,0
984720,0
984721,0
984722,0
984723,0
984724,0
984725,0
984726,0
984727,0
984728,0
984729,0
984730,0
984731,0
984732,0
984733,0
984734,11
984735,0
984736,0
984737,0
984738,11
984739,0
984740,8
984741,0
984742,0
984743,10
984744,0
984745,0
984746,0
984747,0
984748,0
984749,0
984750,0
984751,6
984752,0
984753,0
984754,0
984755,5
984756,0
984757,0
984758,0
984759,0
984760,0
984761,0
984762,0
984763,0
984764,0
984765,0
984766,0
984767,0
984768,13
984769,0
984770,15
984771,0
984772,0
984773,0
984774,0
984775,0
984776,0
984777,0
984778,0
984779,16
984780,0
984781,0
984782,0
984783,0
984784,11
984785,0
984786,0
984787,0
984788,0
984789,0
984790,0
984791,0
984792,0
984793,0
984794,0
984795,0
984796,0
984797,0
984798,0
984799,12
984800,11
984801,0
984802,0
984803,0
984804,0
984805,0
984806,0
984807,0
984808,0
984809,0
984810,0
984811,0
984812,0
984813,0
984814,0
984815,0
984816,0
984817,0
984818,0
984819,0
984820,0
984821,0
984822,0
984823,15
984824,0
984825,0
984826,0
984827,0
984828,0
984829,0
984830,0
984831,0
984832,0
984833,9
984834,0
984835,0
984836,0
984837,0
984838,0
984839,6
984840,0
984841,6
984842,0
984843,0
984844,0
984845,0
984846,0
984847,0
984848,0
984849,0
984850,7
984851,0
984852,0
984853,0
984854,0
984855,20
984856,0
984857,0
984858,0
984859,0
984860,0
984861,0
984862,12
984863,0
984864,10
984865,15
984866,0
984867,0
984868,7
984869,0
984870,0
984871,0
984872,0
984873,0
984874,0
984875,5
984876,0
984877,0
984878,0
984879,12
984880,0
984881,0
984882,0
984883,7
984884,0
984885,0
984886,0
984887,18
984888,0
984889,0
984890,0
984891,0
984892,0
984893,0
984894,0
984895,0
984896,0
984897,0
984898,0
984899,0
984900,0
984901,0
984902,0
984903,0
984904,0
984905,0
984906,0
984907,0
984908,11
984909,0
984910,0
984911,9
984912,0
984913,0
984914,0
984915,0
984916,0
984917,0
984918,0
984919,6
984920,0
984921,0
984922,0
984923,0
984924,0
984925,6
984926,0
984927,8
984928,0
984929,0
984930,0
984931,0
984932,0
984933,0
984934,7
984935,0
984936,0
984937,0
984938,0
984939,0
984940,0
984941,0
984942,0
984943,6
984944,0
984945,0
984946,0
984947,0
984948,0
984949,0
984950,0
984951,0
984952,0
984953,0
984954,0
984955,0
984956,0
984957,0
984958,0
984959,0
984960,0
984961,0
984962,0
984963,0
984964,0
984965,0
984966,0
984967,0
984968,0
984969,0
984970,0
984971,0
984972,0
984973,0
984974,0
984975,0
984976,0
984977,0
984978,0
984979,0
984980,0
984981,0
984982,0
984983,0
984984,0
984985,0
984986,0
984987,0
984988,0
984989,0
984990,0
984991,0
984992,0
984993,0
984994,0
984995,0
984996,0
984997,0
984998,0
984999,0
985000,0
985001,0
985002,0
985003,0
985004,0
985005,0
985006,0
985007,0
985008,0
985009,0
985010,0
985011,0
985012,0
985013,0
985014,0
985015,0
985016,0
985017,0
985018,0
985019,0
985020,0
985021,0
985022,0
985023,0
985024,0
985025,0
985026,0
985027,0
985028,0
985029,0
985030,0
985031,0
985032,0
985033,0
985034,0
985035,0
985036,0
985037,0
985038,0
985039,0
985040,0
985041,0
985042,0
985043,0
985044,0
985045,0
985046,0
985047,0
985048,0
985049,0
985050,0
985051,0
985052,0
985053,0
985054,0
985055,0
985056,0
985057,0
985058,0
985059,0
985060,0
985061,0
985062,0
985063,0
985064,1
985065,0
985066,0
985067,0
985068,0
985069,0
985070,0
985071,0
985072,0
985073,0
985074,0
985075,1
985076,0
985077,0
985078,0
985079,0
985080,0
985081,0
985082,0
985083,0
985084,0
985085,0
985086,0
985087,0
985088,0
985089,0
985090,0
985091,0
985092,0
985093,0
985094,0
985095,0
985096,0
985097,0
985098,0
985099,0
985100,0
985101,0
985102,0
985103,0
985104,0
985105,0
985106,0
985107,0
985108,0
985109,0
985110,0
985111,0
985112,0
985113,0
985114,0
985115,0
985116,0
985117,0
985118,0
985119,0
985120,0
985121,0
985122,0
985123,0
985124,0
985125,0
985126,0
985127,0
985128,1
985129,0
985130,0
985131,0
985132,0
985133,0
985134,0
985135,0
985136,0
985137,0
985138,0
985139,0
985140,0
985141,0
985142,0
985143,0
985144,0
985145,0
985146,0
985147,1
985148,0
985149,0
985150,21
985151,0
985152,0
985153,0
985154,0
985155,0
985156,0
985157,0
985158,0
985159,0
985160,0
985161,0
985162,25
985163,0
985164,0
985165,0
985166,24
985167,0
985168,0
985169,0
985170,22
985171,20
985172,0
985173,0
985174,18
985175,0
985176,0
985177,0
985178,0
985179,0
985180,12
985181,0
985182,0
985183,0
985184,0
985185,0
985186,0
985187,22
985188,28
985189,15
985190,0
985191,0
985192,0
985193,0
985194,0
985195,0
985196,21
985197,0
985198,0
985199,0
985200,16
985201,25
985202,0
985203,0
985204,0
985205,0
985206,22
985207,0
985208,0
985209,0
985210,0
985211,0
985212,0
985213,0
985214,0
985215,0
985216,0
985217,0
985218,0
985219,0
985220,0
985221,0
985222,0
985223,0
985224,0
985225,0
985226,0
985227,0
985228,24
985229,0
985230,23
985231,0
985232,0
985233,0
985234,0
985235,0
985236,0
985237,0
985238,13
985239,0
985240,21
985241,0
985242,30
985243,0
985244,22
985245,0
985246,0
985247,0
985248,0
985249,0
985250,0
985251,0
985252,29
985253,0
985254,0
985255,0
985256,0
985257,0
985258,0
985259,31
985260,0
985261,0
985262,0
985263,0
985264,0
985265,0
985266,0
985267,0
985268,0
985269,0
985270,0
985271,0
985272,0
985273,0
985274,0
985275,19
985276,0
985277,0
985278,27
985279,0
985280,0
985281,26
985282,0
985283,0
985284,28
985285,0
985286,0
985287,16
985288,0
985289,0
985290,0
985291,0
985292,0
985293,0
985294,0
985295,0
985296,0
985297,0
985298,0
985299,0
985300,0
985301,0
985302,0
985303,0
985304,24
985305,16
985306,18
985307,0
985308,0
985309,0
985310,0
985311,0
985312,0
985313,16
985314,0
985315,23
985316,0
985317,0
985318,0
985319,28
985320,0
985321,0
985322,0
985323,0
985324,17
985325,0
985326,14
985327,0
985328,0
985329,0
985330,16
985331,0
985332,0
985333,0
985334,0
985335,0
985336,0
985337,0
985338,0
985339,0
985340,0
985341,16
985342,0
985343,0
985344,0
985345,0
985346,0
985347,0
985348,0
985349,0
985350,0
985351,0
985352,8
985353,0
985354,0
985355,0
985356,0
985357,20
985358,0
985359,0
985360,0
985361,11
985362,0
985363,0
985364,0
985365,0
985366,0
985367,0
985368,0
985369,0
985370,0
985371,0
985372,0
985373,0
985374,0
985375,0
985376,0
985377,0
985378,0
985379,15
985380,18
985381,19
985382,13
985383,0
985384,0
985385,0
985386,0
985387,0
985388,21
985389,0
985390,0
985391,0
985392,26
985393,0
985394,0
985395,0
985396,0
985397,17
985398,0
985399,10
985400,0
985401,0
985402,0
985403,0
985404,0
985405,11
985406,0
985407,0
985408,20
985409,22
985410,0
985411,0
985412,0
985413,0
985414,0
985415,22
985416,0
985417,0
985418,32
985419,0
985420,0
985421,0
985422,21
985423,0
985424,0
985425,0
985426,0
985427,0
985428,17
985429,0
985430,0
985431,0
985432,13
985433,0
985434,0
985435,14
985436,0
985437,16
985438,0
985439,0
985440,0
985441,0
985442,0
985443,0
985444,0
985445,0
985446,0
985447,0
985448,0
985449,25
985450,0
985451,0
985452,0
985453,19
985454,0
985455,0
985456,0
985457,0
985458,0
985459,15
985460,20
985461,0
985462,0
985463,0
985464,0
985465,0
985466,0
985467,0
985468,27
985469,0
985470,0
985471,0
985472,19
985473,0
985474,0
985475,0
985476,0
985477,0
985478,20
985479,0
985480,0
985481,0
985482,0
985483,0
985484,0
985485,0
985486,0
985487,0
985488,0
985489,0
985490,0
985491,0
985492,0
985493,0
985494,0
985495,0
985496,14
985497,20
985498,0
985499,0
985500,0
985501,20
985502,0
985503,0
985504,21
985505,0
985506,0
985507,0
985508,0
985509,0
985510,17
985511,0
985512,0
985513,0
985514,0
985515,0
985516,0
985517,0
985518,15
985519,13
985520,0
985521,0
985522,13
985523,0
985524,0
985525,0
985526,0
985527,0
985528,0
985529,0
985530,15
985531,0
985532,0
985533,0
985534,0
985535,0
985536,0
985537,0
985538,0
985539,25
985540,0
985541,0
985542,0
985543,0
985544,0
985545,0
985546,0
985547,0
985548,28
985549,0
985550,0
985551,0
985552,0
985553,0
985554,15
985555,0
985556,0
985557,0
985558,0
985559,0
985560,0
985561,26
985562,0
985563,0
985564,0
985565,0
985566,0
985567,0
985568,0
985569,0
985570,0
985571,0
985572,0
985573,13
985574,0
985575,13
985576,0
985577,0
985578,0
985579,0
985580,0
985581,0
985582,0
985583,0
985584,0
985585,0
985586,0
985587,8
985588,0
985589,0
985590,0
985591,0
985592,0
985593,0
985594,0
985595,0
985596,0
985597,0
985598,0
985599,0
985600,0
985601,0
985602,0
985603,0
985604,0
985605,0
985606,0
985607,0
985608,0
985609,0
985610,0
985611,0
985612,0
985613,0
985614,0
985615,0
985616,0
985617,0
985618,0
985619,0
985620,0
985621,0
985622,0
985623,0
985624,0
985625,0
985626,0
985627,0
985628,0
985629,0
985630,0
985631,0
985632,0
985633,0
985634,0
985635,0
985636,0
985637,0
985638,0
985639,0
985640,21
985641,31
985642,15
985643,0
985644,0
985645,0
985646,0
985647,0
985648,0
985649,0
985650,24
985651,0
985652,0
985653,0
985654,0
985655,16
985656,0
985657,0
985658,0
985659,13
985660,0
985661,0
985662,0
985663,0
985664,0
985665,0
985666,0
985667,0
985668,0
985669,0
985670,0
985671,0
985672,0
985673,0
985674,0
985675,0
985676,0
985677,27
985678,0
985679,0
985680,0
985681,0
985682,0
985683,0
985684,15
985685,0
985686,0
985687,11
985688,0
985689,0
985690,0
985691,0
985692,0
985693,12
985694,18
985695,0
985696,0
985697,0
985698,0
985699,15
985700,25
985701,0
985702,0
985703,0
985704,0
985705,0
985706,0
985707,16
985708,21
985709,27
985710,0
985711,0
985712,0
985713,0
985714,0
985715,35
985716,0
985717,23
985718,0
985719,25
985720,0
985721,0
985722,0
985723,0
985724,0
985725,0
985726,0
985727,0
985728,0
985729,0
985730,19
985731,22
985732,0
985733,0
985734,0
985735,0
985736,0
985737,0
985738,0
985739,0
985740,0
985741,0
985742,31
985743,0
985744,0
985745,0
985746,0
985747,0
985748,0
985749,0
985750,0
985751,0
985752,17
985753,0
985754,0
985755,0
985756,0
985757,0
985758,0
985759,22
985760,0
985761,0
985762,0
985763,0
985764,0
985765,0
985766,0
985767,0
985768,0
985769,0
985770,0
985771,0
985772,0
985773,14
985774,0
985775,0
985776,0
985777,0
985778,0
985779,0
985780,0
985781,0
985782,0
985783,0
985784,24
985785,0
985786,17
985787,0
985788,0
985789,0
985790,0
985791,0
985792,0
985793,0
985794,14
985795,0
985796,0
985797,0
985798,0
985799,33
985800,0
985801,0
985802,0
985803,0
985804,27
985805,10
985806,0
985807,0
985808,0
985809,0
985810,0
985811,0
985812,22
985813,0
985814,0
985815,0
985816,0
985817,0
985818,0
985819,0
985820,0
985821,0
985822,29
985823,0
985824,0
985825,0
985826,0
985827,0
985828,0
985829,0
985830,0
985831,0
985832,0
985833,17
985834,0
985835,0
985836,0
985837,0
985838,0
985839,0
985840,0
985841,0
985842,0
985843,0
985844,0
985845,0
985846,0
985847,0
985848,0
985849,0
985850,0
985851,0
985852,0
985853,0
985854,0
985855,0
985856,29
985857,0
985858,14
985859,20
985860,0
985861,0
985862,0
985863,0
985864,0
985865,0
985866,24
985867,0
985868,21
985869,15
985870,0
985871,21
985872,0
985873,18
985874,0
985875,0
985876,16
985877,0
985878,0
985879,17
985880,19
985881,0
985882,0
985883,0
985884,0
985885,0
985886,0
985887,15
985888,0
985889,0
985890,0
985891,0
985892,0
985893,0
985894,0
985895,0
985896,0
985897,0
985898,0
985899,0
985900,27
985901,0
985902,0
985903,0
985904,18
985905,0
985906,0
985907,0
985908,0
985909,0
985910,0
985911,30
985912,0
985913,0
985914,0
985915,24
985916,0
985917,0
985918,0
985919,0
985920,0
985921,0
985922,0
985923,0
985924,0
985925,0
985926,0
985927,0
985928,0
985929,0
985930,0
985931,0
985932,0
985933,0
985934,0
985935,0
985936,14
985937,0
985938,0
985939,0
985940,0
985941,0
985942,0
985943,0
985944,0
985945,0
985946,0
985947,0
985948,31
985949,0
985950,0
985951,0
985952,0
985953,0
985954,0
985955,0
985956,14
985957,0
985958,0
985959,0
985960,0
985961,0
985962,0
985963,0
985964,0
985965,16
985966,0
985967,14
985968,0
985969,23
985970,0
985971,0
985972,24
985973,0
985974,0
985975,0
985976,0
985977,0
985978,0
985979,0
985980,0
985981,0
985982,0
985983,19
985984,0
985985,0
985986,22
985987,0
985988,0
985989,0
985990,0
985991,16
985992,0
985993,0
985994,0
985995,0
985996,0
985997,0
985998,0
985999,22
986000,0
986001,15
986002,0
986003,0
986004,0
986005,0
986006,0
986007,0
986008,0
986009,0
986010,0
986011,0
986012,0
986013,15
986014,0
986015,0
986016,0
986017,15
986018,0
986019,0
986020,0
986021,0
986022,11
986023,0
986024,0
986025,0
986026,0
986027,0
986028,0
986029,0
986030,0
986031,0
986032,0
986033,18
986034,0
986035,0
986036,0
986037,0
986038,18
986039,0
986040,0
986041,0
986042,0
986043,27
986044,0
986045,0
986046,15
986047,0
986048,23
986049,26
986050,0
986051,0
986052,0
986053,0
986054,0
986055,0
986056,0
986057,0
986058,0
986059,0
986060,0
986061,23
986062,0
986063,0
986064,0
986065,0
986066,0
986067,0
986068,0
986069,0
986070,0
986071,0
986072,16
986073,24
986074,0
986075,0
986076,0
986077,0
986078,0
986079,0
986080,0
986081,17
986082,0
986083,0
986084,0
986085,9
986086,0
986087,25
986088,0
986089,0
986090,20
986091,0
986092,0
986093,15
986094,0
986095,0
986096,0
986097,0
986098,0
986099,0
986100,0
986101,0
986102,12
986103,0
986104,0
986105,14
986106,0
986107,0
986108,0
986109,16
986110,0
986111,0
986112,0
986113,0
986114,0
986115,0
986116,0
986117,0
986118,19
986119,0
986120,0
986121,0
986122,0
986123,0
986124,0
986125,0
986126,0
986127,0
986128,0
986129,0
986130,0
986131,0
986132,0
986133,0
986134,0
986135,0
986136,0
986137,0
986138,0
986139,0
986140,0
986141,0
986142,0
986143,0
986144,0
986145,0
986146,0
986147,0
986148,0
986149,0
986150,0
986151,0
986152,0
986153,0
986154,0
986155,0
986156,0
986157,0
986158,0
986159,0
986160,0
986161,0
986162,0
986163,0
986164,0
986165,0
986166,0
986167,0
986168,0
986169,0
986170,0
986171,0
986172,0
986173,0
986174,0
986175,0
986176,0
986177,0
986178,0
986179,0
986180,0
986181,0
986182,0
986183,0
986184,0
986185,0
986186,0
986187,0
986188,0
986189,0
986190,0
986191,0
986192,0
986193,0
986194,0
986195,0
986196,0
986197,0
986198,0
986199,0
986200,0
986201,0
986202,0
986203,0
986204,0
986205,0
986206,0
986207,0
986208,0
986209,0
986210,0
986211,0
986212,0
986213,0
986214,0
986215,0
986216,0
986217,0
986218,0
986219,0
986220,0
986221,0
986222,0
986223,0
986224,0
986225,0
986226,0
986227,0
986228,0
986229,0
986230,0
986231,0
986232,0
986233,0
986234,0
986235,0
986236,0
986237,0
986238,0
986239,0
986240,0
986241,0
986242,0
986243,0
986244,0
986245,1
986246,0
986247,0
986248,0
986249,0
986250,0
986251,0
986252,0
986253,0
986254,0
986255,0
986256,0
986257,0
986258,0
986259,0
986260,0
986261,0
986262,0
986263,0
986264,0
986265,0
986266,0
986267,0
986268,0
986269,0
986270,1
986271,0
986272,0
986273,0
986274,0
986275,0
986276,0
986277,0
986278,0
986279,0
986280,0
986281,0
986282,0
986283,0
986284,0
986285,0
986286,0
986287,0
986288,1
986289,0
986290,0
986291,0
986292,0
986293,0
986294,0
986295,0
986296,0
986297,0
986298,0
986299,0
986300,0
986301,0
986302,0
986303,0
986304,0
986305,0
986306,0
986307,0
986308,0
986309,0
986310,0
986311,0
986312,0
986313,0
986314,0
986315,0
986316,1
986317,0
986318,0
986319,0
986320,0
986321,0
986322,0
986323,0
986324,0
986325,0
986326,0
986327,0
986328,0
986329,0
986330,0
986331,0
986332,0
986333,0
986334,0
986335,0
986336,0
986337,0
986338,0
986339,0
986340,0
986341,0
986342,0
986343,0
986344,0
986345,0
986346,0
986347,0
986348,0
986349,0
986350,0
986351,0
986352,0
986353,0
986354,0
986355,0
986356,0
986357,0
986358,0
986359,0
986360,0
986361,0
986362,0
986363,0
986364,0
986365,0
986366,0
986367,0
986368,0
986369,0
986370,0
986371,0
986372,0
986373,0
986374,0
986375,0
986376,0
986377,0
986378,0
986379,0
986380,0
986381,0
986382,0
986383,0
986384,0
986385,0
986386,0
986387,0
986388,0
986389,0
986390,0
986391,0
986392,0
986393,0
986394,0
986395,0
986396,0
986397,0
986398,0
986399,0
986400,0
986401,0
986402,0
986403,0
986404,0
986405,0
986406,0
986407,0
986408,0
986409,0
986410,0
986411,0
986412,0
986413,0
986414,0
986415,0
986416,0
986417,0
986418,0
986419,0
986420,0
986421,0
986422,0
986423,0
986424,0
986425,0
986426,0
986427,0
986428,0
986429,0
986430,0
986431,0
986432,0
986433,0
986434,0
986435,0
986436,0
986437,0
986438,0
986439,0
986440,0
986441,0
986442,0
986443,0
986444,0
986445,0
986446,0
986447,0
986448,0
986449,0
986450,0
986451,0
986452,0
986453,0
986454,0
986455,0
986456,0
986457,0
986458,0
986459,0
986460,0
986461,0
986462,0
986463,0
986464,0
986465,0
986466,0
986467,0
986468,0
986469,0
986470,0
986471,0
986472,0
986473,0
986474,0
986475,0
986476,0
986477,0
986478,0
986479,0
986480,0
986481,0
986482,0
986483,0
986484,0
986485,0
986486,0
986487,0
986488,0
986489,0
986490,0
986491,0
986492,0
986493,0
986494,0
986495,0
986496,0
986497,0
986498,0
986499,0
986500,0
986501,0
986502,0
986503,0
986504,0
986505,0
986506,0
986507,0
986508,0
986509,0
986510,0
986511,0
986512,0
986513,0
986514,0
986515,0
986516,0
986517,0
986518,0
986519,0
986520,1
986521,0
986522,0
986523,0
986524,0
986525,0
986526,0
986527,0
986528,0
986529,0
986530,0
986531,0
986532,0
986533,0
986534,0
986535,0
986536,0
986537,0
986538,0
986539,0
986540,0
986541,0
986542,0
986543,0
986544,0
986545,0
986546,0
986547,0
986548,0
986549,0
986550,0
986551,0
986552,0
986553,0
986554,0
986555,0
986556,0
986557,0
986558,0
986559,0
986560,0
986561,0
986562,0
986563,0
986564,0
986565,0
986566,0
986567,0
986568,0
986569,0
986570,0
986571,0
986572,0
986573,0
986574,0
986575,0
986576,0
986577,0
986578,0
986579,0
986580,0
986581,0
986582,0
986583,0
986584,0
986585,0
986586,0
986587,0
986588,0
986589,0
986590,0
986591,0
986592,0
986593,0
986594,0
986595,0
986596,0
986597,0
986598,0
986599,0
986600,0
986601,0
986602,0
986603,0
986604,0
986605,0
986606,0
986607,0
986608,0
986609,0
986610,0
986611,0
986612,0
986613,0
986614,0
986615,0
986616,0
986617,0
986618,0
986619,0
986620,0
986621,0
986622,0
986623,0
986624,0
986625,0
986626,0
986627,0
986628,0
986629,0
986630,0
986631,0
986632,0
986633,0
986634,0
986635,0
986636,0
986637,0
986638,0
986639,0
986640,0
986641,0
986642,0
986643,0
986644,0
986645,0
986646,0
986647,0
986648,0
986649,0
986650,0
986651,0
986652,0
986653,0
986654,0
986655,0
986656,0
986657,0
986658,0
986659,0
986660,0
986661,0
986662,0
986663,0
986664,0
986665,0
986666,0
986667,0
986668,0
986669,0
986670,0
986671,0
986672,0
986673,0
986674,0
986675,0
986676,0
986677,0
986678,0
986679,0
986680,0
986681,0
986682,0
986683,0
986684,0
986685,0
986686,0
986687,0
986688,0
986689,0
986690,0
986691,0
986692,0
986693,0
986694,0
986695,0
986696,0
986697,0
986698,0
986699,1
986700,0
986701,1
986702,0
986703,0
986704,0
986705,0
986706,0
986707,0
986708,0
986709,0
986710,0
986711,0
986712,0
986713,1
986714,0
986715,0
986716,0
986717,0
986718,0
986719,0
986720,0
986721,0
986722,0
986723,0
986724,0
986725,0
986726,0
986727,0
986728,0
986729,0
986730,0
986731,0
986732,0
986733,0
986734,0
986735,0
986736,0
986737,0
986738,0
986739,0
986740,0
986741,0
986742,0
986743,0
986744,0
986745,0
986746,0
986747,0
986748,0
986749,0
986750,0
986751,0
986752,0
986753,0
986754,0
986755,0
986756,0
986757,0
986758,0
986759,0
986760,0
986761,0
986762,0
986763,0
986764,0
986765,0
986766,0
986767,0
986768,0
986769,0
986770,0
986771,0
986772,0
986773,0
986774,0
986775,0
986776,0
986777,0
986778,0
986779,0
986780,0
986781,0
986782,0
986783,0
986784,0
986785,0
986786,0
986787,0
986788,0
986789,0
986790,0
986791,0
986792,0
986793,0
986794,0
986795,0
986796,0
986797,0
986798,0
986799,0
986800,0
986801,0
986802,0
986803,0
986804,0
986805,0
986806,0
986807,0
986808,0
986809,0
986810,0
986811,0
986812,0
986813,0
986814,0
986815,0
986816,0
986817,0
986818,0
986819,0
986820,0
986821,0
986822,0
986823,0
986824,0
986825,0
986826,0
986827,0
986828,0
986829,0
986830,0
986831,0
986832,0
986833,0
986834,0
986835,0
986836,0
986837,0
986838,0
986839,0
986840,0
986841,0
986842,0
986843,0
986844,0
986845,0
986846,0
986847,0
986848,0
986849,0
986850,0
986851,0
986852,0
986853,0
986854,0
986855,0
986856,0
986857,0
986858,0
986859,0
986860,0
986861,0
986862,0
986863,0
986864,0
986865,0
986866,0
986867,0
986868,0
986869,0
986870,0
986871,0
986872,0
986873,0
986874,0
986875,0
986876,0
986877,0
986878,0
986879,0
986880,0
986881,0
986882,0
986883,0
986884,0
986885,0
986886,0
986887,0
986888,0
986889,0
986890,0
986891,0
986892,0
986893,0
986894,0
986895,0
986896,0
986897,0
986898,0
986899,0
986900,0
986901,0
986902,0
986903,0
986904,0
986905,0
986906,0
986907,0
986908,0
986909,0
986910,0
986911,0
986912,0
986913,0
986914,0
986915,0
986916,0
986917,0
986918,0
986919,0
986920,0
986921,0
986922,0
986923,0
986924,0
986925,0
986926,0
986927,0
986928,0
986929,0
986930,0
986931,0
986932,0
986933,0
986934,0
986935,0
986936,0
986937,0
986938,0
986939,0
986940,0
986941,0
986942,0
986943,0
986944,0
986945,0
986946,0
986947,0
986948,0
986949,0
986950,0
986951,0
986952,0
986953,0
986954,0
986955,0
986956,0
986957,0
986958,0
986959,0
986960,0
986961,0
986962,0
986963,0
986964,0
986965,0
986966,0
986967,0
986968,0
986969,0
986970,0
986971,0
986972,0
986973,0
986974,0
986975,0
986976,1
986977,0
986978,0
986979,0
986980,0
986981,0
986982,0
986983,0
986984,0
986985,0
986986,0
986987,0
986988,0
986989,0
986990,0
986991,0
986992,0
986993,0
986994,15
986995,0
986996,24
986997,34
986998,0
986999,0
987000,44
987001,0
987002,0
987003,0
987004,36
987005,0
987006,29
987007,0
987008,0
987009,0
987010,27
987011,0
987012,0
987013,19
987014,0
987015,0
987016,0
987017,25
987018,46
987019,0
987020,0
987021,0
987022,0
987023,0
987024,0
987025,0
987026,0
987027,34
987028,0
987029,35
987030,39
987031,0
987032,0
987033,36
987034,0
987035,29
987036,0
987037,0
987038,0
987039,0
987040,43
987041,0
987042,36
987043,41
987044,0
987045,0
987046,0
987047,0
987048,0
987049,0
987050,0
987051,0
987052,0
987053,0
987054,27
987055,29
987056,0
987057,0
987058,0
987059,0
987060,0
987061,0
987062,0
987063,23
987064,0
987065,0
987066,0
987067,0
987068,0
987069,0
987070,0
987071,0
987072,0
987073,0
987074,0
987075,0
987076,23
987077,0
987078,0
987079,0
987080,33
987081,35
987082,21
987083,0
987084,0
987085,0
987086,0
987087,0
987088,38
987089,36
987090,0
987091,28
987092,0
987093,0
987094,0
987095,40
987096,0
987097,0
987098,30
987099,0
987100,0
987101,0
987102,39
987103,41
987104,0
987105,0
987106,0
987107,38
987108,0
987109,31
987110,23
987111,31
987112,32
987113,52
987114,0
987115,0
987116,24
987117,50
987118,0
987119,0
987120,0
987121,0
987122,0
987123,0
987124,29
987125,0
987126,0
987127,35
987128,0
987129,16
987130,0
987131,0
987132,0
987133,0
987134,36
987135,41
987136,39
987137,23
987138,32
987139,33
987140,0
987141,0
987142,0
987143,0
987144,0
987145,30
987146,0
987147,0
987148,0
987149,0
987150,0
987151,0
987152,0
987153,21
987154,40
987155,30
987156,37
987157,36
987158,0
987159,39
987160,0
987161,0
987162,0
987163,0
987164,0
987165,0
987166,0
987167,0
987168,29
987169,0
987170,0
987171,31
987172,43
987173,0
987174,0
987175,0
987176,0
987177,0
987178,50
987179,0
987180,0
987181,25
987182,39
987183,0
987184,0
987185,0
987186,0
987187,0
987188,0
987189,34
987190,0
987191,0
987192,0
987193,0
987194,0
987195,0
987196,0
987197,28
987198,0
987199,0
987200,0
987201,33
987202,0
987203,0
987204,0
987205,0
987206,0
987207,0
987208,0
987209,0
987210,0
987211,40
987212,0
987213,0
987214,0
987215,35
987216,0
987217,0
987218,0
987219,0
987220,0
987221,0
987222,0
987223,0
987224,0
987225,0
987226,1
987227,0
987228,0
987229,0
987230,0
987231,0
987232,0
987233,0
987234,6
987235,0
987236,0
987237,0
987238,0
987239,0
987240,2
987241,0
987242,0
987243,0
987244,3
987245,0
987246,0
987247,0
987248,0
987249,0
987250,0
987251,0
987252,0
987253,0
987254,0
987255,0
987256,0
987257,0
987258,0
987259,0
987260,4
987261,0
987262,0
987263,0
987264,2
987265,0
987266,1
987267,0
987268,0
987269,0
987270,0
987271,0
987272,0
987273,0
987274,0
987275,0
987276,0
987277,0
987278,1
987279,0
987280,0
987281,0
987282,0
987283,0
987284,0
987285,0
987286,0
987287,0
987288,0
987289,0
987290,0
987291,0
987292,0
987293,4
987294,0
987295,0
987296,0
987297,0
987298,0
987299,0
987300,3
987301,0
987302,0
987303,0
987304,0
987305,1
987306,0
987307,0
987308,0
987309,0
987310,0
987311,1
987312,0
987313,0
987314,0
987315,0
987316,0
987317,0
987318,0
987319,0
987320,0
987321,0
987322,1
987323,0
987324,0
987325,0
987326,0
987327,0
987328,0
987329,1
987330,0
987331,0
987332,0
987333,0
987334,0
987335,0
987336,0
987337,1
987338,0
987339,0
987340,0
987341,0
987342,0
987343,0
987344,0
987345,0
987346,0
987347,0
987348,0
987349,0
987350,0
987351,0
987352,0
987353,0
987354,0
987355,1
987356,0
987357,0
987358,1
987359,0
987360,0
987361,0
987362,0
987363,4
987364,0
987365,0
987366,0
987367,0
987368,0
987369,0
987370,3
987371,0
987372,0
987373,0
987374,0
987375,0
987376,0
987377,0
987378,0
987379,0
987380,0
987381,0
987382,0
987383,0
987384,0
987385,4
987386,0
987387,0
987388,0
987389,0
987390,0
987391,0
987392,0
987393,0
987394,5
987395,0
987396,3
987397,0
987398,0
987399,0
987400,0
987401,1
987402,0
987403,0
987404,0
987405,0
987406,0
987407,0
987408,0
987409,0
987410,2
987411,0
987412,0
987413,0
987414,4
987415,0
987416,0
987417,0
987418,0
987419,0
987420,0
987421,0
987422,0
987423,0
987424,0
987425,0
987426,1
987427,0
987428,0
987429,0
987430,0
987431,0
987432,0
987433,0
987434,2
987435,0
987436,0
987437,4
987438,0
987439,0
987440,0
987441,0
987442,0
987443,0
987444,0
987445,0
987446,0
987447,4
987448,0
987449,0
987450,4
987451,0
987452,1
987453,0
987454,0
987455,0
987456,0
987457,0
987458,0
987459,2
987460,0
987461,0
987462,0
987463,0
987464,0
987465,0
987466,0
987467,0
987468,0
987469,0
987470,0
987471,0
987472,0
987473,0
987474,0
987475,0
987476,0
987477,0
987478,0
987479,0
987480,0
987481,0
987482,0
987483,0
987484,0
987485,0
987486,0
987487,0
987488,0
987489,4
987490,0
987491,5
987492,5
987493,0
987494,0
987495,0
987496,0
987497,0
987498,0
987499,0
987500,0
987501,0
987502,0
987503,0
987504,0
987505,0
987506,0
987507,0
987508,0
987509,0
987510,0
987511,0
987512,0
987513,0
987514,0
987515,0
987516,0
987517,0
987518,0
987519,0
987520,0
987521,0
987522,0
987523,0
987524,0
987525,0
987526,0
987527,0
987528,0
987529,2
987530,0
987531,0
987532,0
987533,0
987534,0
987535,0
987536,0
987537,0
987538,0
987539,0
987540,0
987541,4
987542,0
987543,0
987544,0
987545,0
987546,0
987547,0
987548,0
987549,0
987550,0
987551,0
987552,5
987553,0
987554,0
987555,0
987556,0
987557,0
987558,0
987559,0
987560,0
987561,0
987562,0
987563,0
987564,0
987565,0
987566,0
987567,0
987568,0
987569,0
987570,0
987571,0
987572,0
987573,2
987574,0
987575,0
987576,0
987577,6
987578,6
987579,0
987580,6
987581,5
987582,0
987583,0
987584,0
987585,0
987586,0
987587,0
987588,0
987589,0
987590,0
987591,0
987592,0
987593,0
987594,2
987595,4
987596,2
987597,0
987598,0
987599,0
987600,0
987601,0
987602,0
987603,0
987604,0
987605,0
987606,0
987607,0
987608,0
987609,0
987610,0
987611,0
987612,0
987613,0
987614,0
987615,0
987616,0
987617,8
987618,0
987619,0
987620,0
987621,6
987622,0
987623,0
987624,0
987625,0
987626,0
987627,0
987628,0
987629,0
987630,0
987631,0
987632,0
987633,0
987634,4
987635,0
987636,0
987637,0
987638,0
987639,7
987640,3
987641,0
987642,0
987643,0
987644,0
987645,0
987646,0
987647,0
987648,0
987649,8
987650,0
987651,0
987652,0
987653,0
987654,0
987655,1
987656,0
987657,0
987658,0
987659,1
987660,0
987661,0
987662,2
987663,2
987664,6
987665,0
987666,3
987667,5
987668,0
987669,0
987670,0
987671,0
987672,0
987673,0
987674,0
987675,0
987676,0
987677,0
987678,0
987679,6
987680,0
987681,0
987682,0
987683,0
987684,2
987685,0
987686,0
987687,0
987688,0
987689,0
987690,0
987691,0
987692,0
987693,0
987694,0
987695,0
987696,0
987697,0
987698,0
987699,0
987700,0
987701,0
987702,0
987703,0
987704,0
987705,5
987706,0
987707,0
987708,0
987709,0
987710,0
987711,0
987712,0
987713,0
987714,0
987715,0
987716,0
987717,0
987718,0
987719,0
987720,0
987721,0
987722,0
987723,0
987724,0
987725,0
987726,0
987727,0
987728,0
987729,0
987730,3
987731,0
987732,0
987733,0
987734,0
987735,0
987736,4
987737,0
987738,0
987739,1
987740,0
987741,0
987742,0
987743,0
987744,0
987745,0
987746,0
987747,0
987748,0
987749,0
987750,0
987751,0
987752,0
987753,0
987754,0
987755,1
987756,0
987757,0
987758,0
987759,0
987760,0
987761,0
987762,5
987763,0
987764,0
987765,0
987766,0
987767,0
987768,0
987769,0
987770,4
987771,0
987772,0
987773,0
987774,0
987775,3
987776,0
987777,0
987778,0
987779,0
987780,0
987781,6
987782,0
987783,0
987784,0
987785,0
987786,3
987787,0
987788,3
987789,0
987790,0
987791,0
987792,0
987793,8
987794,0
987795,8
987796,0
987797,0
987798,0
987799,0
987800,0
987801,3
987802,0
987803,0
987804,7
987805,0
987806,0
987807,0
987808,0
987809,9
987810,2
987811,0
987812,3
987813,0
987814,6
987815,0
987816,0
987817,0
987818,0
987819,0
987820,2
987821,0
987822,0
987823,4
987824,0
987825,0
987826,0
987827,2
987828,0
987829,7
987830,0
987831,0
987832,0
987833,0
987834,0
987835,7
987836,0
987837,0
987838,0
987839,0
987840,0
987841,0
987842,0
987843,0
987844,0
987845,0
987846,0
987847,6
987848,0
987849,2
987850,0
987851,2
987852,0
987853,0
987854,0
987855,0
987856,4
987857,0
987858,0
987859,0
987860,0
987861,0
987862,0
987863,0
987864,0
987865,1
987866,0
987867,2
987868,0
987869,0
987870,0
987871,7
987872,0
987873,0
987874,1
987875,3
987876,0
987877,0
987878,0
987879,0
987880,0
987881,1
987882,0
987883,0
987884,0
987885,0
987886,0
987887,0
987888,0
987889,0
987890,0
987891,0
987892,0
987893,0
987894,0
987895,0
987896,0
987897,0
987898,0
987899,4
987900,0
987901,0
987902,4
987903,0
987904,0
987905,7
987906,0
987907,0
987908,0
987909,0
987910,0
987911,0
987912,0
987913,0
987914,0
987915,0
987916,0
987917,3
987918,0
987919,0
987920,0
987921,0
987922,0
987923,0
987924,0
987925,0
987926,0
987927,0
987928,0
987929,0
987930,0
987931,0
987932,7
987933,0
987934,0
987935,0
987936,0
987937,0
987938,3
987939,2
987940,0
987941,0
987942,0
987943,0
987944,0
987945,0
987946,0
987947,0
987948,0
987949,0
987950,0
987951,0
987952,0
987953,0
987954,0
987955,0
987956,0
987957,5
987958,0
987959,0
987960,0
987961,0
987962,0
987963,0
987964,0
987965,5
987966,0
987967,0
987968,0
987969,0
987970,0
987971,0
987972,2
987973,0
987974,0
987975,0
987976,0
987977,0
987978,0
987979,0
987980,0
987981,0
987982,0
987983,0
987984,0
987985,0
987986,5
987987,0
987988,0
987989,0
987990,0
987991,0
987992,0
987993,0
987994,0
987995,0
987996,0
987997,0
987998,0
987999,0
988000,0
988001,0
988002,0
988003,0
988004,0
988005,9
988006,0
988007,0
988008,0
988009,0
988010,0
988011,0
988012,0
988013,0
988014,0
988015,0
988016,7
988017,0
988018,0
988019,0
988020,0
988021,0
988022,0
988023,0
988024,0
988025,0
988026,0
988027,1
988028,0
988029,0
988030,0
988031,0
988032,0
988033,0
988034,0
988035,0
988036,0
988037,0
988038,0
988039,0
988040,4
988041,1
988042,0
988043,0
988044,0
988045,0
988046,0
988047,0
988048,0
988049,0
988050,0
988051,6
988052,5
988053,0
988054,0
988055,0
988056,0
988057,0
988058,0
988059,0
988060,0
988061,4
988062,0
988063,0
988064,0
988065,0
988066,0
988067,0
988068,0
988069,0
988070,8
988071,0
988072,3
988073,0
988074,4
988075,0
988076,0
988077,0
988078,0
988079,0
988080,3
988081,0
988082,0
988083,2
988084,0
988085,3
988086,4
988087,0
988088,0
988089,0
988090,0
988091,3
988092,6
988093,0
988094,0
988095,0
988096,0
988097,0
988098,0
988099,0
988100,0
988101,0
988102,0
988103,0
988104,2
988105,0
988106,0
988107,0
988108,0
988109,0
988110,0
988111,0
988112,0
988113,0
988114,0
988115,0
988116,0
988117,0
988118,0
988119,0
988120,0
988121,4
988122,0
988123,0
988124,6
988125,0
988126,0
988127,0
988128,0
988129,0
988130,3
988131,0
988132,0
988133,0
988134,0
988135,0
988136,0
988137,0
988138,5
988139,0
988140,0
988141,0
988142,0
988143,0
988144,2
988145,0
988146,0
988147,0
988148,0
988149,0
988150,0
988151,0
988152,0
988153,4
988154,6
988155,0
988156,0
988157,0
988158,0
988159,0
988160,2
988161,0
988162,0
988163,0
988164,0
988165,0
988166,0
988167,0
988168,0
988169,0
988170,0
988171,0
988172,0
988173,0
988174,0
988175,6
988176,0
988177,0
988178,0
988179,0
988180,0
988181,0
988182,4
988183,0
988184,0
988185,0
988186,6
988187,5
988188,0
988189,0
988190,0
988191,0
988192,0
988193,0
988194,0
988195,0
988196,5
988197,0
988198,0
988199,0
988200,0
988201,5
988202,0
988203,0
988204,6
988205,0
988206,5
988207,1
988208,0
988209,2
988210,0
988211,0
988212,3
988213,0
988214,7
988215,2
988216,1
988217,4
988218,0
988219,0
988220,5
988221,0
988222,0
988223,0
988224,0
988225,5
988226,0
988227,0
988228,6
988229,0
988230,0
988231,0
988232,0
988233,0
988234,0
988235,0
988236,0
988237,7
988238,0
988239,3
988240,2
988241,0
988242,0
988243,0
988244,0
988245,0
988246,0
988247,2
988248,0
988249,0
988250,0
988251,0
988252,0
988253,3
988254,0
988255,0
988256,0
988257,0
988258,4
988259,0
988260,0
988261,0
988262,0
988263,0
988264,0
988265,0
988266,4
988267,0
988268,0
988269,3
988270,0
988271,0
988272,0
988273,0
988274,3
988275,0
988276,0
988277,0
988278,0
988279,3
988280,0
988281,4
988282,0
988283,4
988284,0
988285,0
988286,0
988287,0
988288,0
988289,0
988290,0
988291,0
988292,0
988293,0
988294,0
988295,0
988296,0
988297,0
988298,28
988299,0
988300,0
988301,0
988302,0
988303,0
988304,28
988305,0
988306,0
988307,0
988308,0
988309,0
988310,0
988311,0
988312,0
988313,43
988314,0
988315,0
988316,0
988317,31
988318,0
988319,0
988320,0
988321,0
988322,19
988323,0
988324,0
988325,28
988326,0
988327,0
988328,25
988329,0
988330,0
988331,0
988332,0
988333,0
988334,0
988335,0
988336,20
988337,0
988338,0
988339,0
988340,0
988341,0
988342,26
988343,26
988344,0
988345,26
988346,0
988347,0
988348,0
988349,0
988350,0
988351,33
988352,0
988353,0
988354,0
988355,20
988356,0
988357,0
988358,0
988359,20
988360,0
988361,0
988362,0
988363,0
988364,0
988365,0
988366,0
988367,0
988368,0
988369,0
988370,0
988371,0
988372,0
988373,0
988374,0
988375,0
988376,0
988377,38
988378,41
988379,38
988380,0
988381,0
988382,0
988383,0
988384,0
988385,0
988386,0
988387,0
988388,30
988389,34
988390,0
988391,0
988392,0
988393,0
988394,0
988395,0
988396,0
988397,0
988398,0
988399,40
988400,0
988401,0
988402,0
988403,0
988404,36
988405,0
988406,0
988407,0
988408,0
988409,0
988410,0
988411,0
988412,0
988413,0
988414,0
988415,0
988416,0
988417,0
988418,0
988419,0
988420,0
988421,0
988422,0
988423,0
988424,0
988425,0
988426,0
988427,0
988428,0
988429,0
988430,25
988431,0
988432,0
988433,23
988434,0
988435,0
988436,0
988437,0
988438,0
988439,0
988440,39
988441,0
988442,0
988443,0
988444,0
988445,0
988446,27
988447,0
988448,0
988449,0
988450,43
988451,19
988452,43
988453,31
988454,40
988455,0
988456,0
988457,0
988458,0
988459,0
988460,0
988461,0
988462,31
988463,31
988464,0
988465,0
988466,0
988467,0
988468,0
988469,0
988470,0
988471,14
988472,0
988473,0
988474,0
988475,0
988476,0
988477,16
988478,0
988479,0
988480,0
988481,0
988482,0
988483,0
988484,0
988485,0
988486,0
988487,0
988488,0
988489,21
988490,0
988491,0
988492,0
988493,0
988494,0
988495,0
988496,0
988497,0
988498,0
988499,0
988500,0
988501,0
988502,0
988503,0
988504,0
988505,26
988506,0
988507,47
988508,37
988509,0
988510,0
988511,0
988512,0
988513,20
988514,34
988515,25
988516,0
988517,0
988518,0
988519,0
988520,0
988521,0
988522,0
988523,0
988524,0
988525,0
988526,0
988527,31
988528,0
988529,0
988530,0
988531,29
988532,0
988533,0
988534,0
988535,0
988536,24
988537,0
988538,0
988539,0
988540,0
988541,0
988542,0
988543,26
988544,0
988545,0
988546,0
988547,0
988548,0
988549,0
988550,33
988551,0
988552,0
988553,26
988554,0
988555,0
988556,0
988557,0
988558,30
988559,0
988560,0
988561,0
988562,0
988563,0
988564,0
988565,25
988566,0
988567,32
988568,0
988569,0
988570,29
988571,28
988572,0
988573,0
988574,19
988575,0
988576,0
988577,44
988578,0
988579,43
988580,0
988581,29
988582,0
988583,25
988584,0
988585,34
988586,0
988587,0
988588,0
988589,0
988590,0
988591,0
988592,0
988593,0
988594,26
988595,0
988596,0
988597,28
988598,0
988599,0
988600,0
988601,36
988602,0
988603,0
988604,0
988605,27
988606,0
988607,0
988608,0
988609,0
988610,0
988611,0
988612,0
988613,0
988614,0
988615,0
988616,0
988617,37
988618,0
988619,0
988620,27
988621,0
988622,0
988623,0
988624,34
988625,31
988626,22
988627,0
988628,0
988629,0
988630,0
988631,16
988632,28
988633,32
988634,0
988635,0
988636,22
988637,0
988638,0
988639,0
988640,0
988641,0
988642,0
988643,0
988644,0
988645,0
988646,26
988647,0
988648,0
988649,0
988650,0
988651,0
988652,0
988653,30
988654,0
988655,0
988656,0
988657,0
988658,0
988659,0
988660,0
988661,0
988662,22
988663,0
988664,0
988665,44
988666,0
988667,0
988668,0
988669,0
988670,0
988671,24
988672,0
988673,0
988674,25
988675,0
988676,0
988677,0
988678,0
988679,0
988680,53
988681,0
988682,0
988683,0
988684,0
988685,0
988686,0
988687,0
988688,0
988689,0
988690,0
988691,0
988692,0
988693,0
988694,36
988695,0
988696,0
988697,41
988698,25
988699,0
988700,0
988701,0
988702,0
988703,32
988704,0
988705,0
988706,0
988707,0
988708,39
988709,0
988710,0
988711,0
988712,0
988713,0
988714,0
988715,0
988716,0
988717,45
988718,0
988719,0
988720,0
988721,0
988722,0
988723,0
988724,0
988725,33
988726,0
988727,0
988728,44
988729,0
988730,0
988731,0
988732,31
988733,0
988734,0
988735,0
988736,40
988737,0
988738,0
988739,0
988740,0
988741,0
988742,0
988743,0
988744,0
988745,23
988746,0
988747,31
988748,0
988749,0
988750,0
988751,0
988752,0
988753,0
988754,36
988755,0
988756,0
988757,0
988758,0
988759,43
988760,0
988761,35
988762,0
988763,28
988764,0
988765,0
988766,29
988767,0
988768,0
988769,26
988770,0
988771,0
988772,0
988773,0
988774,17
988775,0
988776,0
988777,31
988778,24
988779,0
988780,0
988781,18
988782,0
988783,0
988784,0
988785,0
988786,0
988787,0
988788,0
988789,0
988790,0
988791,0
988792,29
988793,0
988794,0
988795,0
988796,27
988797,25
988798,39
988799,33
988800,22
988801,24
988802,0
988803,0
988804,0
988805,0
988806,31
988807,0
988808,0
988809,0
988810,0
988811,0
988812,0
988813,0
988814,0
988815,0
988816,35
988817,33
988818,0
988819,0
988820,0
988821,0
988822,0
988823,24
988824,14
988825,0
988826,0
988827,20
988828,0
988829,0
988830,0
988831,0
988832,0
988833,0
988834,0
988835,0
988836,0
988837,0
988838,0
988839,24
988840,0
988841,0
988842,0
988843,0
988844,33
988845,0
988846,0
988847,0
988848,0
988849,0
988850,0
988851,0
988852,0
988853,0
988854,0
988855,0
988856,26
988857,0
988858,21
988859,0
988860,0
988861,0
988862,0
988863,30
988864,0
988865,0
988866,0
988867,0
988868,0
988869,0
988870,0
988871,28
988872,0
988873,0
988874,20
988875,0
988876,25
988877,0
988878,0
988879,40
988880,0
988881,0
988882,0
988883,40
988884,0
988885,0
988886,20
988887,0
988888,25
988889,0
988890,0
988891,0
988892,0
988893,23
988894,38
988895,0
988896,0
988897,0
988898,35
988899,0
988900,0
988901,0
988902,0
988903,0
988904,0
988905,0
988906,0
988907,0
988908,0
988909,0
988910,0
988911,0
988912,0
988913,31
988914,22
988915,0
988916,0
988917,0
988918,0
988919,0
988920,0
988921,0
988922,0
988923,0
988924,0
988925,23
988926,0
988927,30
988928,25
988929,0
988930,0
988931,0
988932,24
988933,0
988934,34
988935,0
988936,26
988937,0
988938,34
988939,0
988940,0
988941,0
988942,0
988943,28
988944,0
988945,0
988946,0
988947,0
988948,14
988949,17
988950,0
988951,0
988952,19
988953,0
988954,0
988955,0
988956,0
988957,0
988958,0
988959,0
988960,0
988961,0
988962,20
988963,0
988964,0
988965,0
988966,0
988967,0
988968,0
988969,0
988970,0
988971,0
988972,17
988973,0
988974,24
988975,0
988976,0
988977,0
988978,0
988979,16
988980,0
988981,0
988982,0
988983,0
988984,0
988985,0
988986,0
988987,0
988988,0
988989,0
988990,22
988991,0
988992,0
988993,14
988994,0
988995,17
988996,24
988997,0
988998,16
988999,27
989000,0
989001,0
989002,14
989003,0
989004,0
989005,0
989006,0
989007,18
989008,0
989009,0
989010,0
989011,0
989012,0
989013,0
989014,0
989015,17
989016,20
989017,19
989018,0
989019,18
989020,0
989021,0
989022,16
989023,16
989024,10
989025,16
989026,21
989027,0
989028,0
989029,0
989030,28
989031,0
989032,25
989033,18
989034,19
989035,0
989036,0
989037,0
989038,0
989039,0
989040,0
989041,0
989042,0
989043,0
989044,0
989045,15
989046,0
989047,0
989048,0
989049,0
989050,0
989051,15
989052,0
989053,21
989054,0
989055,0
989056,0
989057,0
989058,0
989059,0
989060,0
989061,23
989062,14
989063,0
989064,0
989065,0
989066,17
989067,0
989068,0
989069,0
989070,0
989071,0
989072,0
989073,0
989074,0
989075,0
989076,0
989077,0
989078,0
989079,17
989080,0
989081,0
989082,15
989083,0
989084,18
989085,0
989086,0
989087,0
989088,17
989089,0
989090,0
989091,23
989092,0
989093,0
989094,0
989095,0
989096,0
989097,0
989098,0
989099,0
989100,14
989101,0
989102,0
989103,0
989104,23
989105,18
989106,17
989107,0
989108,0
989109,0
989110,0
989111,0
989112,0
989113,13
989114,17
989115,28
989116,20
989117,0
989118,0
989119,0
989120,0
989121,20
989122,0
989123,22
989124,0
989125,21
989126,0
989127,20
989128,0
989129,0
989130,0
989131,18
989132,27
989133,0
989134,0
989135,0
989136,13
989137,0
989138,0
989139,0
989140,0
989141,0
989142,19
989143,15
989144,20
989145,18
989146,0
989147,0
989148,30
989149,0
989150,0
989151,20
989152,0
989153,0
989154,21
989155,0
989156,0
989157,14
989158,0
989159,16
989160,0
989161,0
989162,0
989163,0
989164,0
989165,0
989166,0
989167,0
989168,13
989169,18
989170,26
989171,0
989172,0
989173,0
989174,20
989175,0
989176,0
989177,0
989178,15
989179,0
989180,0
989181,12
989182,0
989183,0
989184,0
989185,0
989186,0
989187,16
989188,17
989189,0
989190,0
989191,17
989192,0
989193,0
989194,0
989195,0
989196,0
989197,0
989198,0
989199,0
989200,0
989201,0
989202,0
989203,18
989204,0
989205,0
989206,15
989207,14
989208,22
989209,0
989210,0
989211,0
989212,0
989213,0
989214,17
989215,0
989216,21
989217,0
989218,0
989219,26
989220,16
989221,0
989222,0
989223,0
989224,0
989225,15
989226,20
989227,0
989228,0
989229,0
989230,0
989231,19
989232,17
989233,0
989234,16
989235,25
989236,0
989237,22
989238,0
989239,0
989240,0
989241,0
989242,0
989243,0
989244,0
989245,25
989246,0
989247,0
989248,0
989249,15
989250,0
989251,0
989252,0
989253,0
989254,29
989255,0
989256,16
989257,15
989258,0
989259,0
989260,0
989261,0
989262,15
989263,10
989264,0
989265,6
989266,0
989267,0
989268,0
989269,7
989270,5
989271,0
989272,0
989273,0
989274,0
989275,0
989276,10
989277,0
989278,0
989279,0
989280,0
989281,0
989282,9
989283,0
989284,0
989285,11
989286,6
989287,0
989288,0
989289,0
989290,0
989291,0
989292,0
989293,0
989294,0
989295,0
989296,8
989297,0
989298,0
989299,0
989300,0
989301,0
989302,0
989303,0
989304,8
989305,0
989306,0
989307,0
989308,0
989309,0
989310,13
989311,0
989312,0
989313,0
989314,0
989315,0
989316,0
989317,0
989318,0
989319,0
989320,0
989321,0
989322,0
989323,0
989324,0
989325,0
989326,0
989327,0
989328,9
989329,0
989330,0
989331,0
989332,0
989333,0
989334,0
989335,0
989336,12
989337,0
989338,0
989339,0
989340,0
989341,0
989342,0
989343,0
989344,0
989345,0
989346,0
989347,0
989348,0
989349,3
989350,0
989351,0
989352,0
989353,0
989354,0
989355,7
989356,0
989357,0
989358,12
989359,0
989360,0
989361,0
989362,0
989363,0
989364,8
989365,0
989366,8
989367,0
989368,0
989369,0
989370,9
989371,0
989372,0
989373,0
989374,0
989375,0
989376,6
989377,0
989378,0
989379,0
989380,0
989381,0
989382,0
989383,0
989384,0
989385,0
989386,0
989387,0
989388,0
989389,0
989390,0
989391,0
989392,0
989393,0
989394,0
989395,8
989396,0
989397,5
989398,0
989399,0
989400,0
989401,0
989402,0
989403,12
989404,14
989405,0
989406,0
989407,0
989408,6
989409,0
989410,0
989411,0
989412,0
989413,2
989414,0
989415,0
989416,0
989417,0
989418,0
989419,0
989420,0
989421,0
989422,0
989423,0
989424,0
989425,0
989426,0
989427,0
989428,0
989429,0
989430,0
989431,0
989432,0
989433,0
989434,0
989435,0
989436,0
989437,0
989438,0
989439,0
989440,0
989441,0
989442,0
989443,0
989444,0
989445,0
989446,0
989447,0
989448,0
989449,0
989450,0
989451,0
989452,0
989453,0
989454,0
989455,0
989456,0
989457,0
989458,0
989459,0
989460,0
989461,0
989462,1
989463,0
989464,0
989465,0
989466,0
989467,0
989468,0
989469,0
989470,0
989471,0
989472,0
989473,0
989474,0
989475,0
989476,0
989477,0
989478,0
989479,0
989480,0
989481,4
989482,0
989483,13
989484,0
989485,0
989486,0
989487,0
989488,0
989489,0
989490,0
989491,0
989492,0
989493,8
989494,0
989495,0
989496,0
989497,4
989498,0
989499,0
989500,0
989501,7
989502,0
989503,0
989504,0
989505,0
989506,0
989507,0
989508,0
989509,0
989510,13
989511,0
989512,11
989513,0
989514,0
989515,5
989516,0
989517,0
989518,0
989519,4
989520,0
989521,0
989522,0
989523,0
989524,0
989525,0
989526,0
989527,0
989528,13
989529,0
989530,0
989531,0
989532,0
989533,0
989534,0
989535,8
989536,0
989537,0
989538,0
989539,0
989540,0
989541,0
989542,0
989543,7
989544,0
989545,0
989546,13
989547,0
989548,0
989549,3
989550,0
989551,6
989552,0
989553,0
989554,10
989555,0
989556,0
989557,0
989558,0
989559,16
989560,0
989561,0
989562,0
989563,0
989564,4
989565,0
989566,0
989567,0
989568,0
989569,0
989570,0
989571,0
989572,0
989573,0
989574,0
989575,7
989576,0
989577,0
989578,0
989579,0
989580,6
989581,0
989582,0
989583,10
989584,0
989585,0
989586,0
989587,5
989588,0
989589,0
989590,0
989591,0
989592,0
989593,0
989594,0
989595,0
989596,0
989597,0
989598,0
989599,0
989600,0
989601,0
989602,0
989603,0
989604,0
989605,0
989606,0
989607,5
989608,0
989609,0
989610,0
989611,0
989612,0
989613,0
989614,0
989615,0
989616,0
989617,0
989618,0
989619,0
989620,10
989621,0
989622,0
989623,0
989624,0
989625,0
989626,0
989627,0
989628,12
989629,0
989630,0
989631,0
989632,0
989633,0
989634,0
989635,0
989636,7
989637,0
989638,8
989639,10
989640,7
989641,0
989642,0
989643,0
989644,7
989645,7
989646,0
989647,0
989648,5
989649,0
989650,0
989651,0
989652,0
989653,0
989654,0
989655,0
989656,7
989657,0
989658,10
989659,0
989660,10
989661,0
989662,0
989663,0
989664,0
989665,0
989666,0
989667,0
989668,5
989669,0
989670,0
989671,0
989672,0
989673,0
989674,0
989675,7
989676,0
989677,0
989678,0
989679,6
989680,0
989681,0
989682,0
989683,6
989684,0
989685,0
989686,6
989687,0
989688,13
989689,0
989690,0
989691,0
989692,0
989693,0
989694,0
989695,0
989696,0
989697,0
989698,0
989699,0
989700,0
989701,0
989702,0
989703,0
989704,11
989705,0
989706,1
989707,0
989708,0
989709,0
989710,0
989711,0
989712,0
989713,0
989714,0
989715,0
989716,0
989717,6
989718,0
989719,0
989720,0
989721,0
989722,0
989723,0
989724,0
989725,0
989726,8
989727,0
989728,0
989729,0
989730,0
989731,0
989732,10
989733,0
989734,0
989735,0
989736,0
989737,0
989738,0
989739,8
989740,0
989741,0
989742,12
989743,0
989744,0
989745,11
989746,0
989747,0
989748,0
989749,0
989750,0
989751,9
989752,0
989753,0
989754,0
989755,0
989756,0
989757,0
989758,0
989759,0
989760,0
989761,0
989762,0
989763,0
989764,0
989765,0
989766,0
989767,0
989768,0
989769,4
989770,0
989771,0
989772,0
989773,0
989774,0
989775,0
989776,0
989777,0
989778,0
989779,0
989780,0
989781,0
989782,0
989783,0
989784,0
989785,0
989786,0
989787,0
989788,0
989789,9
989790,0
989791,0
989792,0
989793,0
989794,0
989795,0
989796,0
989797,0
989798,0
989799,0
989800,0
989801,0
989802,0
989803,0
989804,0
989805,0
989806,0
989807,0
989808,0
989809,0
989810,0
989811,0
989812,9
989813,0
989814,0
989815,0
989816,0
989817,0
989818,3
989819,5
989820,0
989821,0
989822,0
989823,0
989824,0
989825,10
989826,0
989827,0
989828,0
989829,0
989830,0
989831,0
989832,5
989833,0
989834,0
989835,0
989836,0
989837,0
989838,0
989839,0
989840,0
989841,0
989842,0
989843,0
989844,0
989845,0
989846,8
989847,0
989848,0
989849,0
989850,0
989851,0
989852,0
989853,0
989854,0
989855,0
989856,0
989857,10
989858,7
989859,0
989860,6
989861,9
989862,0
989863,0
989864,9
989865,0
989866,0
989867,0
989868,0
989869,6
989870,0
989871,0
989872,0
989873,0
989874,0
989875,0
989876,0
989877,0
989878,0
989879,0
989880,0
989881,0
989882,0
989883,0
989884,0
989885,0
989886,0
989887,0
989888,0
989889,0
989890,6
989891,0
989892,0
989893,9
989894,0
989895,4
989896,0
989897,0
989898,0
989899,0
989900,7
989901,0
989902,0
989903,0
989904,7
989905,0
989906,0
989907,5
989908,0
989909,0
989910,0
989911,0
989912,0
989913,0
989914,0
989915,0
989916,0
989917,0
989918,8
989919,0
989920,0
989921,0
989922,0
989923,9
989924,0
989925,0
989926,0
989927,0
989928,0
989929,4
989930,8
989931,7
989932,0
989933,0
989934,6
989935,0
989936,0
989937,0
989938,0
989939,9
989940,0
989941,0
989942,0
989943,0
989944,0
989945,12
989946,0
989947,0
989948,0
989949,0
989950,5
989951,0
989952,0
989953,0
989954,0
989955,0
989956,0
989957,6
989958,0
989959,0
989960,0
989961,0
989962,0
989963,4
989964,0
989965,0
989966,11
989967,0
989968,0
989969,0
989970,0
989971,9
989972,0
989973,0
989974,0
989975,5
989976,0
989977,0
989978,0
989979,0
989980,5
989981,0
989982,0
989983,0
989984,0
989985,0
989986,0
989987,0
989988,0
989989,5
989990,0
989991,9
989992,0
989993,0
989994,0
989995,0
989996,0
989997,0
989998,0
989999,0
990000,9
990001,0
990002,0
990003,10
990004,0
990005,0
990006,1
990007,0
990008,0
990009,0
990010,0
990011,0
990012,0
990013,0
990014,0
990015,0
990016,9
990017,0
990018,0
990019,0
990020,0
990021,0
990022,0
990023,0
990024,0
990025,0
990026,0
990027,0
990028,0
990029,0
990030,0
990031,0
990032,0
990033,12
990034,0
990035,0
990036,0
990037,0
990038,0
990039,0
990040,0
990041,0
990042,0
990043,0
990044,0
990045,0
990046,0
990047,0
990048,8
990049,0
990050,10
990051,0
990052,0
990053,0
990054,0
990055,0
990056,0
990057,0
990058,0
990059,0
990060,0
990061,0
990062,9
990063,0
990064,0
990065,0
990066,0
990067,0
990068,0
990069,0
990070,0
990071,0
990072,0
990073,0
990074,0
990075,0
990076,0
990077,0
990078,0
990079,0
990080,0
990081,0
990082,0
990083,0
990084,0
990085,0
990086,0
990087,0
990088,0
990089,0
990090,0
990091,0
990092,0
990093,0
990094,0
990095,0
990096,0
990097,0
990098,0
990099,0
990100,1
990101,0
990102,0
990103,0
990104,3
990105,0
990106,0
990107,0
990108,2
990109,0
990110,0
990111,0
990112,0
990113,0
990114,0
990115,0
990116,0
990117,0
990118,0
990119,0
990120,0
990121,0
990122,0
990123,0
990124,5
990125,0
990126,0
990127,0
990128,0
990129,0
990130,0
990131,0
990132,0
990133,0
990134,0
990135,0
990136,3
990137,0
990138,3
990139,0
990140,1
990141,0
990142,0
990143,0
990144,0
990145,0
990146,0
990147,0
990148,0
990149,0
990150,0
990151,1
990152,0
990153,0
990154,2
990155,0
990156,0
990157,0
990158,0
990159,0
990160,0
990161,0
990162,0
990163,0
990164,0
990165,0
990166,0
990167,0
990168,0
990169,0
990170,9
990171,0
990172,9
990173,0
990174,0
990175,0
990176,0
990177,7
990178,0
990179,0
990180,9
990181,0
990182,0
990183,0
990184,0
990185,0
990186,11
990187,0
990188,0
990189,0
990190,0
990191,0
990192,0
990193,0
990194,7
990195,4
990196,0
990197,0
990198,0
990199,0
990200,8
990201,0
990202,0
990203,0
990204,0
990205,0
990206,0
990207,22
990208,0
990209,0
990210,0
990211,0
990212,0
990213,3
990214,9
990215,0
990216,0
990217,0
990218,0
990219,0
990220,0
990221,0
990222,0
990223,0
990224,0
990225,0
990226,8
990227,9
990228,0
990229,0
990230,0
990231,0
990232,0
990233,0
990234,0
990235,0
990236,0
990237,0
990238,5
990239,0
990240,0
990241,0
990242,16
990243,17
990244,16
990245,0
990246,0
990247,12
990248,0
990249,0
990250,7
990251,0
990252,13
990253,6
990254,4
990255,0
990256,0
990257,0
990258,0
990259,0
990260,7
990261,0
990262,7
990263,12
990264,0
990265,0
990266,11
990267,3
990268,0
990269,15
990270,0
990271,11
990272,0
990273,0
990274,9
990275,0
990276,0
990277,0
990278,0
990279,0
990280,0
990281,0
990282,0
990283,0
990284,12
990285,12
990286,0
990287,13
990288,0
990289,0
990290,0
990291,0
990292,0
990293,0
990294,0
990295,0
990296,0
990297,0
990298,0
990299,0
990300,0
990301,0
990302,9
990303,15
990304,0
990305,0
990306,0
990307,0
990308,0
990309,15
990310,0
990311,0
990312,0
990313,0
990314,0
990315,0
990316,0
990317,0
990318,0
990319,0
990320,0
990321,9
990322,0
990323,0
990324,0
990325,9
990326,0
990327,0
990328,0
990329,11
990330,0
990331,0
990332,0
990333,0
990334,12
990335,7
990336,0
990337,10
990338,8
990339,19
990340,0
990341,0
990342,4
990343,8
990344,0
990345,0
990346,0
990347,0
990348,0
990349,16
990350,9
990351,0
990352,0
990353,0
990354,0
990355,0
990356,0
990357,0
990358,0
990359,0
990360,12
990361,0
990362,0
990363,9
990364,0
990365,0
990366,8
990367,25
990368,0
990369,0
990370,14
990371,0
990372,3
990373,0
990374,0
990375,0
990376,0
990377,9
990378,0
990379,0
990380,0
990381,0
990382,0
990383,0
990384,0
990385,0
990386,0
990387,0
990388,0
990389,0
990390,6
990391,10
990392,0
990393,0
990394,0
990395,11
990396,0
990397,0
990398,0
990399,17
990400,13
990401,0
990402,0
990403,7
990404,13
990405,0
990406,0
990407,13
990408,0
990409,14
990410,12
990411,0
990412,15
990413,0
990414,0
990415,10
990416,0
990417,0
990418,0
990419,0
990420,0
990421,0
990422,0
990423,5
990424,5
990425,12
990426,0
990427,0
990428,0
990429,17
990430,0
990431,0
990432,0
990433,0
990434,0
990435,0
990436,9
990437,0
990438,8
990439,0
990440,0
990441,0
990442,0
990443,0
990444,0
990445,0
990446,0
990447,0
990448,0
990449,14
990450,0
990451,12
990452,0
990453,0
990454,6
990455,0
990456,8
990457,0
990458,0
990459,10
990460,12
990461,0
990462,0
990463,0
990464,0
990465,0
990466,0
990467,6
990468,6
990469,0
990470,0
990471,0
990472,6
990473,0
990474,7
990475,0
990476,0
990477,0
990478,7
990479,0
990480,0
990481,0
990482,0
990483,0
990484,9
990485,0
990486,0
990487,0
990488,18
990489,0
990490,0
990491,10
990492,0
990493,24
990494,0
990495,8
990496,0
990497,0
990498,0
990499,0
990500,0
990501,0
990502,0
990503,0
990504,7
990505,13
990506,0
990507,0
990508,0
990509,0
990510,0
990511,0
990512,11
990513,0
990514,0
990515,0
990516,0
990517,0
990518,7
990519,15
990520,0
990521,0
990522,0
990523,0
990524,0
990525,0
990526,0
990527,0
990528,0
990529,13
990530,14
990531,0
990532,0
990533,0
990534,0
990535,10
990536,0
990537,0
990538,19
990539,0
990540,14
990541,0
990542,0
990543,0
990544,0
990545,0
990546,0
990547,0
990548,4
990549,0
990550,6
990551,0
990552,0
990553,7
990554,0
990555,9
990556,0
990557,5
990558,0
990559,0
990560,0
990561,0
990562,12
990563,0
990564,0
990565,8
990566,0
990567,11
990568,0
990569,0
990570,0
990571,0
990572,0
990573,7
990574,0
990575,0
990576,0
990577,0
990578,4
990579,0
990580,9
990581,7
990582,0
990583,0
990584,0
990585,17
990586,0
990587,0
990588,14
990589,0
990590,10
990591,13
990592,3
990593,0
990594,9
990595,11
990596,0
990597,0
990598,0
990599,0
990600,0
990601,0
990602,0
990603,0
990604,0
990605,21
990606,0
990607,0
990608,0
990609,7
990610,9
990611,0
990612,0
990613,0
990614,0
990615,0
990616,0
990617,0
990618,6
990619,0
990620,0
990621,0
990622,12
990623,0
990624,0
990625,11
990626,0
990627,9
990628,0
990629,0
990630,0
990631,0
990632,0
990633,11
990634,0
990635,0
990636,0
990637,0
990638,0
990639,0
990640,6
990641,0
990642,0
990643,0
990644,0
990645,0
990646,0
990647,7
990648,0
990649,0
990650,0
990651,14
990652,0
990653,0
990654,0
990655,0
990656,0
990657,10
990658,0
990659,0
990660,9
990661,0
990662,8
990663,0
990664,0
990665,0
990666,9
990667,0
990668,0
990669,0
990670,0
990671,0
990672,0
990673,0
990674,0
990675,0
990676,7
990677,0
990678,0
990679,0
990680,0
990681,0
990682,0
990683,0
990684,14
990685,0
990686,0
990687,0
990688,0
990689,0
990690,16
990691,0
990692,0
990693,10
990694,0
990695,0
990696,7
990697,0
990698,0
990699,0
990700,0
990701,0
990702,11
990703,0
990704,0
990705,12
990706,0
990707,0
990708,0
990709,8
990710,0
990711,0
990712,0
990713,0
990714,0
990715,9
990716,2
990717,0
990718,0
990719,5
990720,0
990721,0
990722,0
990723,0
990724,0
990725,7
990726,6
990727,0
990728,0
990729,0
990730,0
990731,13
990732,4
990733,0
990734,0
990735,0
990736,0
990737,6
990738,0
990739,0
990740,0
990741,7
990742,10
990743,11
990744,0
990745,0
990746,0
990747,11
990748,0
990749,0
990750,13
990751,0
990752,0
990753,8
990754,0
990755,0
990756,14
990757,0
990758,13
990759,11
990760,0
990761,16
990762,0
990763,0
990764,0
990765,0
990766,0
990767,0
990768,0
990769,0
990770,0
990771,0
990772,0
990773,5
990774,0
990775,0
990776,0
990777,0
990778,0
990779,0
990780,6
990781,0
990782,0
990783,0
990784,0
990785,0
990786,0
990787,0
990788,14
990789,0
990790,0
990791,0
990792,0
990793,11
990794,0
990795,0
990796,8
990797,12
990798,0
990799,5
990800,0
990801,10
990802,0
990803,8
990804,10
990805,0
990806,0
990807,0
990808,0
990809,7
990810,0
990811,0
990812,0
990813,11
990814,0
990815,0
990816,0
990817,0
990818,0
990819,0
990820,0
990821,0
990822,0
990823,0
990824,0
990825,8
990826,0
990827,0
990828,8
990829,0
990830,0
990831,0
990832,0
990833,0
990834,0
990835,0
990836,0
990837,0
990838,0
990839,0
990840,0
990841,0
990842,0
990843,11
990844,0
990845,8
990846,0
990847,0
990848,8
990849,4
990850,0
990851,0
990852,0
990853,3
990854,0
990855,0
990856,0
990857,11
990858,0
990859,0
990860,14
990861,0
990862,0
990863,15
990864,0
990865,0
990866,0
990867,0
990868,8
990869,0
990870,0
990871,0
990872,14
990873,0
990874,0
990875,0
990876,3
990877,7
990878,6
990879,0
990880,0
990881,0
990882,7
990883,0
990884,0
990885,0
990886,0
990887,7
990888,0
990889,0
990890,0
990891,0
990892,0
990893,0
990894,0
990895,0
990896,8
990897,0
990898,18
990899,0
990900,0
990901,0
990902,0
990903,0
990904,5
990905,0
990906,0
990907,8
990908,0
990909,10
990910,0
990911,13
990912,0
990913,0
990914,5
990915,7
990916,0
990917,0
990918,0
990919,0
990920,0
990921,0
990922,0
990923,0
990924,6
990925,9
990926,0
990927,8
990928,0
990929,0
990930,0
990931,0
990932,0
990933,0
990934,0
990935,0
990936,0
990937,0
990938,11
990939,0
990940,0
990941,0
990942,0
990943,0
990944,0
990945,0
990946,0
990947,0
990948,5
990949,0
990950,0
990951,0
990952,0
990953,13
990954,0
990955,0
990956,7
990957,0
990958,0
990959,0
990960,14
990961,10
990962,5
990963,0
990964,6
990965,12
990966,0
990967,0
990968,0
990969,0
990970,0
990971,7
990972,0
990973,0
990974,0
990975,0
990976,0
990977,0
990978,0
990979,0
990980,9
990981,0
990982,7
990983,8
990984,0
990985,8
990986,5
990987,0
990988,0
990989,0
990990,0
990991,0
990992,0
990993,0
990994,10
990995,0
990996,0
990997,6
990998,12
990999,14
991000,0
991001,0
991002,0
991003,0
991004,0
991005,0
991006,0
991007,0
991008,0
991009,0
991010,0
991011,7
991012,0
991013,0
991014,12
991015,14
991016,0
991017,0
991018,0
991019,0
991020,0
991021,0
991022,7
991023,0
991024,0
991025,0
991026,0
991027,0
991028,0
991029,0
991030,13
991031,0
991032,0
991033,0
991034,0
991035,0
991036,0
991037,0
991038,0
991039,0
991040,0
991041,0
991042,0
991043,0
991044,0
991045,0
991046,0
991047,0
991048,7
991049,0
991050,0
991051,0
991052,0
991053,0
991054,0
991055,0
991056,0
991057,0
991058,12
991059,0
991060,0
991061,0
991062,0
991063,0
991064,0
991065,15
991066,0
991067,14
991068,0
991069,0
991070,0
991071,6
991072,0
991073,0
991074,0
991075,0
991076,0
991077,0
991078,0
991079,9
991080,0
991081,8
991082,0
991083,0
991084,0
991085,0
991086,0
991087,0
991088,0
991089,0
991090,0
991091,0
991092,0
991093,0
991094,0
991095,0
991096,12
991097,0
991098,0
991099,0
991100,0
991101,8
991102,0
991103,0
991104,0
991105,6
991106,0
991107,9
991108,0
991109,11
991110,18
991111,6
991112,0
991113,9
991114,0
991115,0
991116,0
991117,0
991118,0
991119,0
991120,0
991121,0
991122,0
991123,0
991124,0
991125,10
991126,19
991127,0
991128,0
991129,0
991130,0
991131,0
991132,0
991133,0
991134,6
991135,0
991136,0
991137,0
991138,0
991139,0
991140,0
991141,0
991142,0
991143,0
991144,0
991145,0
991146,6
991147,0
991148,0
991149,11
991150,0
991151,0
991152,8
991153,9
991154,0
991155,0
991156,0
991157,5
991158,0
991159,0
991160,0
991161,0
991162,6
991163,0
991164,10
991165,0
991166,0
991167,0
991168,0
991169,0
991170,0
991171,0
991172,0
991173,0
991174,0
991175,0
991176,0
991177,0
991178,0
991179,0
991180,0
991181,0
991182,0
991183,13
991184,0
991185,0
991186,0
991187,3
991188,0
991189,0
991190,0
991191,13
991192,0
991193,0
991194,16
991195,15
991196,0
991197,0
991198,0
991199,0
991200,0
991201,0
991202,0
991203,0
991204,0
991205,6
991206,0
991207,0
991208,0
991209,0
991210,0
991211,0
991212,10
991213,0
991214,0
991215,0
991216,0
991217,0
991218,0
991219,0
991220,0
991221,0
991222,0
991223,7
991224,10
991225,11
991226,0
991227,0
991228,0
991229,0
991230,0
991231,0
991232,13
991233,0
991234,0
991235,0
991236,15
991237,0
991238,9
991239,0
991240,0
991241,0
991242,0
991243,0
991244,0
991245,0
991246,0
991247,0
991248,0
991249,11
991250,0
991251,0
991252,0
991253,0
991254,0
991255,0
991256,15
991257,0
991258,12
991259,0
991260,0
991261,0
991262,0
991263,14
991264,9
991265,0
991266,0
991267,0
991268,10
991269,0
991270,0
991271,0
991272,0
991273,4
991274,0
991275,0
991276,0
991277,0
991278,8
991279,0
991280,10
991281,0
991282,0
991283,13
991284,0
991285,16
991286,0
991287,0
991288,0
991289,0
991290,0
991291,0
991292,0
991293,0
991294,0
991295,8
991296,0
991297,8
991298,0
991299,0
991300,0
991301,6
991302,0
991303,0
991304,0
991305,0
991306,0
991307,0
991308,0
991309,0
991310,0
991311,15
991312,0
991313,8
991314,0
991315,0
991316,0
991317,0
991318,0
991319,0
991320,0
991321,6
991322,14
991323,0
991324,0
991325,0
991326,0
991327,0
991328,0
991329,4
991330,0
991331,0
991332,8
991333,0
991334,0
991335,0
991336,0
991337,9
991338,0
991339,0
991340,0
991341,0
991342,0
991343,0
991344,12
991345,0
991346,0
991347,4
991348,7
991349,0
991350,0
991351,0
991352,4
991353,0
991354,0
991355,4
991356,0
991357,0
991358,0
991359,0
991360,0
991361,0
991362,0
991363,0
991364,0
991365,0
991366,0
991367,16
991368,0
991369,9
991370,0
991371,0
991372,0
991373,0
991374,0
991375,0
991376,0
991377,0
991378,0
991379,0
991380,15
991381,0
991382,0
991383,0
991384,0
991385,6
991386,0
991387,0
991388,0
991389,0
991390,0
991391,0
991392,0
991393,0
991394,12
991395,0
991396,11
991397,4
991398,0
991399,9
991400,0
991401,0
991402,0
991403,0
991404,0
991405,0
991406,0
991407,0
991408,0
991409,4
991410,6
991411,0
991412,0
991413,0
991414,8
991415,0
991416,0
991417,0
991418,0
991419,8
991420,0
991421,8
991422,0
991423,0
991424,0
991425,0
991426,0
991427,0
991428,8
991429,0
991430,0
991431,0
991432,7
991433,0
991434,0
991435,0
991436,0
991437,0
991438,11
991439,0
991440,0
991441,0
991442,9
991443,0
991444,0
991445,0
991446,0
991447,0
991448,0
991449,0
991450,0
991451,8
991452,0
991453,0
991454,9
991455,0
991456,13
991457,13
991458,11
991459,0
991460,12
991461,0
991462,0
991463,5
991464,0
991465,0
991466,0
991467,11
991468,0
991469,0
991470,0
991471,0
991472,0
991473,0
991474,0
991475,0
991476,0
991477,0
991478,0
991479,0
991480,0
991481,0
991482,15
991483,0
991484,0
991485,9
991486,12
991487,0
991488,0
991489,0
991490,0
991491,6
991492,0
991493,0
991494,0
991495,6
991496,0
991497,12
991498,0
991499,0
991500,0
991501,0
991502,0
991503,14
991504,0
991505,5
991506,0
991507,0
991508,10
991509,0
991510,0
991511,17
991512,0
991513,0
991514,0
991515,0
991516,0
991517,0
991518,10
991519,0
991520,12
991521,0
991522,0
991523,0
991524,0
991525,0
991526,0
991527,12
991528,0
991529,0
991530,0
991531,9
991532,0
991533,11
991534,0
991535,0
991536,9
991537,0
991538,0
991539,0
991540,0
991541,0
991542,0
991543,10
991544,0
991545,0
991546,0
991547,0
991548,0
991549,0
991550,0
991551,13
991552,0
991553,0
991554,0
991555,0
991556,0
991557,0
991558,0
991559,5
991560,0
991561,0
991562,6
991563,0
991564,7
991565,0
991566,6
991567,0
991568,15
991569,0
991570,0
991571,5
991572,7
991573,0
991574,0
991575,0
991576,5
991577,9
991578,0
991579,0
991580,0
991581,0
991582,0
991583,0
991584,0
991585,0
991586,0
991587,0
991588,0
991589,0
991590,0
991591,0
991592,0
991593,0
991594,0
991595,0
991596,0
991597,0
991598,0
991599,13
991600,0
991601,0
991602,0
991603,0
991604,0
991605,0
991606,0
991607,0
991608,0
991609,0
991610,0
991611,0
991612,0
991613,12
991614,0
991615,0
991616,9
991617,5
991618,0
991619,6
991620,0
991621,12
991622,0
991623,0
991624,0
991625,0
991626,0
991627,0
991628,8
991629,0
991630,0
991631,12
991632,0
991633,0
991634,0
991635,9
991636,0
991637,0
991638,0
991639,0
991640,0
991641,0
991642,0
991643,0
991644,0
991645,0
991646,3
991647,0
991648,0
991649,0
991650,0
991651,18
991652,10
991653,0
991654,0
991655,0
991656,0
991657,0
991658,0
991659,0
991660,0
991661,8
991662,0
991663,0
991664,0
991665,0
991666,0
991667,0
991668,0
991669,0
991670,0
991671,0
991672,0
991673,11
991674,0
991675,0
991676,0
991677,0
991678,0
991679,0
991680,0
991681,0
991682,8
991683,0
991684,0
991685,0
991686,0
991687,0
991688,0
991689,0
991690,0
991691,0
991692,0
991693,0
991694,0
991695,0
991696,0
991697,0
991698,1
991699,0
991700,0
991701,0
991702,0
991703,0
991704,0
991705,0
991706,0
991707,0
991708,0
991709,0
991710,0
991711,0
991712,0
991713,0
991714,0
991715,0
991716,0
991717,2
991718,0
991719,0
991720,2
991721,0
991722,0
991723,0
991724,0
991725,0
991726,0
991727,0
991728,1
991729,0
991730,0
991731,0
991732,0
991733,0
991734,0
991735,0
991736,0
991737,0
991738,0
991739,0
991740,1
991741,0
991742,0
991743,0
991744,2
991745,0
991746,0
991747,0
991748,0
991749,0
991750,0
991751,0
991752,2
991753,1
991754,0
991755,0
991756,0
991757,0
991758,0
991759,0
991760,0
991761,0
991762,0
991763,0
991764,0
991765,0
991766,0
991767,4
991768,0
991769,0
991770,0
991771,0
991772,0
991773,0
991774,0
991775,0
991776,0
991777,0
991778,0
991779,0
991780,0
991781,0
991782,0
991783,0
991784,0
991785,0
991786,0
991787,0
991788,0
991789,0
991790,0
991791,0
991792,0
991793,0
991794,0
991795,0
991796,0
991797,0
991798,0
991799,0
991800,0
991801,0
991802,0
991803,0
991804,0
991805,0
991806,0
991807,0
991808,0
991809,0
991810,0
991811,0
991812,0
991813,5
991814,0
991815,0
991816,0
991817,0
991818,0
991819,0
991820,0
991821,0
991822,0
991823,0
991824,0
991825,2
991826,0
991827,0
991828,0
991829,0
991830,0
991831,0
991832,0
991833,0
991834,0
991835,0
991836,0
991837,0
991838,0
991839,0
991840,0
991841,0
991842,0
991843,0
991844,1
991845,1
991846,0
991847,1
991848,0
991849,0
991850,0
991851,0
991852,0
991853,0
991854,0
991855,0
991856,0
991857,0
991858,0
991859,0
991860,0
991861,0
991862,0
991863,0
991864,0
991865,0
991866,0
991867,0
991868,3
991869,0
991870,0
991871,0
991872,0
991873,0
991874,0
991875,0
991876,1
991877,0
991878,0
991879,0
991880,1
991881,0
991882,0
991883,0
991884,0
991885,0
991886,0
991887,2
991888,0
991889,0
991890,0
991891,0
991892,0
991893,0
991894,0
991895,0
991896,0
991897,1
991898,0
991899,0
991900,0
991901,0
991902,0
991903,0
991904,0
991905,0
991906,0
991907,0
991908,0
991909,0
991910,0
991911,0
991912,0
991913,0
991914,1
991915,0
991916,0
991917,0
991918,4
991919,0
991920,1
991921,0
991922,0
991923,0
991924,0
991925,0
991926,1
991927,1
991928,1
991929,0
991930,0
991931,3
991932,0
991933,0
991934,0
991935,0
991936,0
991937,0
991938,0
991939,0
991940,0
991941,0
991942,0
991943,0
991944,0
991945,0
991946,0
991947,0
991948,0
991949,3
991950,0
991951,0
991952,0
991953,0
991954,0
991955,0
991956,0
991957,0
991958,0
991959,0
991960,0
991961,0
991962,0
991963,0
991964,1
991965,0
991966,0
991967,0
991968,0
991969,1
991970,0
991971,0
991972,0
991973,0
991974,0
991975,0
991976,0
991977,0
991978,0
991979,0
991980,0
991981,0
991982,0
991983,0
991984,0
991985,0
991986,1
991987,0
991988,0
991989,0
991990,0
991991,0
991992,0
991993,0
991994,0
991995,0
991996,0
991997,0
991998,3
991999,0
992000,2
992001,0
992002,0
992003,0
992004,2
992005,0
992006,1
992007,1
992008,0
992009,0
992010,0
992011,0
992012,0
992013,0
992014,0
992015,0
992016,0
992017,0
992018,0
992019,0
992020,0
992021,0
992022,2
992023,1
992024,0
992025,1
992026,0
992027,0
992028,0
992029,0
992030,0
992031,0
992032,0
992033,0
992034,0
992035,0
992036,0
992037,0
992038,0
992039,0
992040,0
992041,0
992042,0
992043,0
992044,0
992045,0
992046,0
992047,0
992048,8
992049,0
992050,11
992051,0
992052,0
992053,0
992054,0
992055,0
992056,0
992057,0
992058,0
992059,0
992060,0
992061,0
992062,0
992063,0
992064,0
992065,0
992066,0
992067,0
992068,0
992069,0
992070,0
992071,0
992072,0
992073,0
992074,0
992075,0
992076,0
992077,0
992078,0
992079,20
992080,0
992081,0
992082,0
992083,0
992084,0
992085,0
992086,0
992087,0
992088,0
992089,0
992090,0
992091,0
992092,0
992093,0
992094,0
992095,0
992096,16
992097,7
992098,0
992099,0
992100,0
992101,0
992102,0
992103,0
992104,0
992105,0
992106,0
992107,25
992108,0
992109,0
992110,0
992111,0
992112,0
992113,23
992114,0
992115,0
992116,0
992117,13
992118,0
992119,0
992120,0
992121,0
992122,0
992123,0
992124,0
992125,0
992126,0
992127,0
992128,13
992129,0
992130,0
992131,0
992132,0
992133,0
992134,0
992135,0
992136,0
992137,0
992138,0
992139,20
992140,0
992141,0
992142,0
992143,0
992144,0
992145,0
992146,0
992147,0
992148,0
992149,0
992150,0
992151,0
992152,0
992153,0
992154,0
992155,0
992156,0
992157,0
992158,0
992159,0
992160,0
992161,0
992162,0
992163,0
992164,0
992165,0
992166,0
992167,6
992168,14
992169,0
992170,0
992171,0
992172,0
992173,0
992174,0
992175,0
992176,0
992177,0
992178,0
992179,0
992180,0
992181,0
992182,0
992183,0
992184,0
992185,0
992186,0
992187,0
992188,0
992189,0
992190,0
992191,0
992192,0
992193,0
992194,0
992195,0
992196,0
992197,0
992198,0
992199,0
992200,0
992201,0
992202,0
992203,0
992204,0
992205,0
992206,0
992207,23
992208,0
992209,0
992210,0
992211,0
992212,0
992213,0
992214,0
992215,0
992216,0
992217,0
992218,0
992219,0
992220,0
992221,0
992222,0
992223,0
992224,0
992225,0
992226,0
992227,0
992228,0
992229,0
992230,0
992231,0
992232,0
992233,0
992234,0
992235,14
992236,0
992237,0
992238,0
992239,0
992240,0
992241,0
992242,0
992243,0
992244,0
992245,0
992246,0
992247,0
992248,24
992249,23
992250,0
992251,0
992252,0
992253,0
992254,0
992255,17
992256,0
992257,0
992258,0
992259,0
992260,14
992261,0
992262,0
992263,0
992264,0
992265,0
992266,0
992267,0
992268,0
992269,0
992270,0
992271,0
992272,0
992273,0
992274,0
992275,10
992276,0
992277,0
992278,0
992279,0
992280,0
992281,0
992282,0
992283,0
992284,0
992285,0
992286,0
992287,0
992288,0
992289,0
992290,0
992291,0
992292,0
992293,0
992294,0
992295,0
992296,0
992297,0
992298,0
992299,0
992300,0
992301,0
992302,0
992303,0
992304,13
992305,0
992306,0
992307,0
992308,0
992309,0
992310,0
992311,0
992312,0
992313,29
992314,0
992315,0
992316,0
992317,0
992318,0
992319,0
992320,0
992321,0
992322,0
992323,0
992324,0
992325,0
992326,0
992327,19
992328,0
992329,0
992330,0
992331,0
992332,0
992333,0
992334,0
992335,0
992336,0
992337,0
992338,0
992339,0
992340,0
992341,0
992342,0
992343,0
992344,0
992345,0
992346,0
992347,0
992348,0
992349,0
992350,0
992351,0
992352,0
992353,0
992354,0
992355,0
992356,0
992357,0
992358,0
992359,0
992360,0
992361,12
992362,0
992363,0
992364,25
992365,0
992366,0
992367,0
992368,0
992369,0
992370,0
992371,0
992372,0
992373,0
992374,0
992375,0
992376,0
992377,0
992378,6
992379,0
992380,0
992381,0
992382,0
992383,0
992384,0
992385,0
992386,0
992387,0
992388,0
992389,13
992390,0
992391,15
992392,0
992393,0
992394,0
992395,0
992396,5
992397,0
992398,0
992399,0
992400,0
992401,0
992402,0
992403,0
992404,17
992405,0
992406,0
992407,0
992408,0
992409,0
992410,0
992411,0
992412,0
992413,0
992414,0
992415,0
992416,0
992417,0
992418,0
992419,0
992420,0
992421,0
992422,0
992423,0
992424,0
992425,0
992426,15
992427,0
992428,0
992429,0
992430,11
992431,0
992432,0
992433,15
992434,0
992435,0
992436,20
992437,0
992438,0
992439,0
992440,0
992441,0
992442,0
992443,0
992444,0
992445,0
992446,0
992447,0
992448,0
992449,0
992450,0
992451,0
992452,15
992453,17
992454,0
992455,0
992456,0
992457,0
992458,0
992459,9
992460,0
992461,0
992462,0
992463,0
992464,0
992465,0
992466,0
992467,0
992468,0
992469,0
992470,0
992471,0
992472,0
992473,21
992474,0
992475,0
992476,0
992477,0
992478,0
992479,0
992480,0
992481,0
992482,0
992483,0
992484,0
992485,0
992486,0
992487,0
992488,0
992489,0
992490,0
992491,0
992492,0
992493,0
992494,0
992495,0
992496,0
992497,0
992498,0
992499,0
992500,16
992501,0
992502,0
992503,0
992504,11
992505,0
992506,0
992507,0
992508,0
992509,0
992510,0
992511,0
992512,6
992513,0
992514,0
992515,0
992516,0
992517,0
992518,0
992519,0
992520,20
992521,0
992522,0
992523,0
992524,0
992525,0
992526,0
992527,0
992528,0
992529,13
992530,0
992531,0
992532,0
992533,19
992534,0
992535,0
992536,0
992537,0
992538,0
992539,0
992540,0
992541,0
992542,0
992543,0
992544,0
992545,0
992546,0
992547,0
992548,0
992549,0
992550,0
992551,0
992552,0
992553,0
992554,0
992555,0
992556,0
992557,0
992558,0
992559,0
992560,0
992561,0
992562,0
992563,0
992564,0
992565,0
992566,0
992567,21
992568,0
992569,0
992570,0
992571,13
992572,0
992573,0
992574,0
992575,0
992576,0
992577,0
992578,0
992579,0
992580,0
992581,0
992582,11
992583,0
992584,0
992585,0
992586,0
992587,0
992588,0
992589,0
992590,0
992591,0
992592,0
992593,0
992594,0
992595,0
992596,0
992597,0
992598,0
992599,0
992600,0
992601,0
992602,0
992603,0
992604,0
992605,0
992606,0
992607,0
992608,0
992609,0
992610,0
992611,0
992612,0
992613,0
992614,0
992615,0
992616,0
992617,0
992618,0
992619,0
992620,0
992621,0
992622,0
992623,0
992624,0
992625,0
992626,0
992627,0
992628,0
992629,0
992630,0
992631,0
992632,0
992633,0
992634,0
992635,0
992636,14
992637,0
992638,0
992639,0
992640,0
992641,0
992642,0
992643,0
992644,0
992645,0
992646,0
992647,0
992648,0
992649,0
992650,0
992651,0
992652,0
992653,0
992654,0
992655,0
992656,19
992657,0
992658,0
992659,0
992660,0
992661,0
992662,0
992663,0
992664,0
992665,20
992666,0
992667,0
992668,0
992669,0
992670,0
992671,0
992672,0
992673,0
992674,0
992675,0
992676,0
992677,7
992678,0
992679,0
992680,0
992681,0
992682,0
992683,0
992684,0
992685,0
992686,0
992687,0
992688,0
992689,0
992690,0
992691,0
992692,0
992693,0
992694,21
992695,0
992696,0
992697,0
992698,0
992699,0
992700,0
992701,0
992702,0
992703,0
992704,0
992705,0
992706,0
992707,0
992708,0
992709,0
992710,0
992711,0
992712,0
992713,0
992714,0
992715,0
992716,6
992717,0
992718,0
992719,0
992720,0
992721,10
992722,0
992723,0
992724,0
992725,0
992726,8
992727,0
992728,0
992729,0
992730,0
992731,0
992732,0
992733,0
992734,0
992735,0
992736,0
992737,0
992738,0
992739,0
992740,0
992741,0
992742,0
992743,0
992744,4
992745,0
992746,0
992747,0
992748,5
992749,11
992750,0
992751,4
992752,0
992753,0
992754,0
992755,0
992756,0
992757,9
992758,0
992759,0
992760,0
992761,0
992762,0
992763,0
992764,0
992765,0
992766,0
992767,13
992768,0
992769,0
992770,13
992771,10
992772,0
992773,0
992774,0
992775,0
992776,0
992777,0
992778,0
992779,0
992780,0
992781,0
992782,0
992783,0
992784,0
992785,9
992786,0
992787,0
992788,0
992789,0
992790,0
992791,4
992792,0
992793,0
992794,12
992795,0
992796,0
992797,0
992798,0
992799,0
992800,6
992801,0
992802,0
992803,0
992804,0
992805,0
992806,0
992807,0
992808,0
992809,0
992810,0
992811,0
992812,0
992813,0
992814,9
992815,0
992816,0
992817,0
992818,0
992819,0
992820,0
992821,0
992822,7
992823,0
992824,0
992825,10
992826,0
992827,8
992828,0
992829,9
992830,0
992831,0
992832,9
992833,0
992834,0
992835,0
992836,0
992837,0
992838,0
992839,0
992840,0
992841,0
992842,0
992843,0
992844,0
992845,0
992846,0
992847,0
992848,0
992849,0
992850,0
992851,0
992852,0
992853,0
992854,10
992855,0
992856,7
992857,0
992858,0
992859,0
992860,0
992861,0
992862,0
992863,0
992864,0
992865,0
992866,0
992867,0
992868,5
992869,0
992870,0
992871,0
992872,0
992873,0
992874,0
992875,0
992876,0
992877,0
992878,0
992879,0
992880,9
992881,0
992882,0
992883,0
992884,0
992885,0
992886,0
992887,0
992888,0
992889,0
992890,0
992891,0
992892,0
992893,0
992894,0
992895,0
992896,0
992897,0
992898,8
992899,0
992900,0
992901,0
992902,0
992903,7
992904,0
992905,6
992906,0
992907,0
992908,0
992909,0
992910,0
992911,0
992912,0
992913,0
992914,0
992915,0
992916,0
992917,0
992918,0
992919,0
992920,0
992921,0
992922,0
992923,0
992924,0
992925,0
992926,0
992927,0
992928,0
992929,0
992930,0
992931,0
992932,0
992933,0
992934,0
992935,0
992936,0
992937,7
992938,0
992939,0
992940,0
992941,0
992942,0
992943,0
992944,0
992945,0
992946,0
992947,0
992948,0
992949,9
992950,0
992951,0
992952,10
992953,0
992954,0
992955,0
992956,0
992957,0
992958,0
992959,0
992960,0
992961,0
992962,0
992963,12
992964,0
992965,0
992966,0
992967,4
992968,0
992969,0
992970,0
992971,0
992972,0
992973,0
992974,0
992975,0
992976,0
992977,0
992978,0
992979,0
992980,0
992981,4
992982,0
992983,0
992984,0
992985,0
992986,0
992987,0
992988,11
992989,0
992990,0
992991,0
992992,0
992993,0
992994,8
992995,0
992996,0
992997,13
992998,0
992999,0
993000,12
993001,0
993002,0
993003,0
993004,0
993005,0
993006,0
993007,13
993008,0
993009,0
993010,0
993011,0
993012,0
993013,0
993014,0
993015,0
993016,0
993017,0
993018,4
993019,0
993020,0
993021,0
993022,0
993023,13
993024,0
993025,0
993026,0
993027,0
993028,0
993029,0
993030,0
993031,13
993032,0
993033,0
993034,0
993035,0
993036,0
993037,5
993038,0
993039,0
993040,4
993041,0
993042,0
993043,0
993044,0
993045,0
993046,0
993047,7
993048,0
993049,0
993050,0
993051,0
993052,0
993053,0
993054,0
993055,0
993056,0
993057,0
993058,16
993059,3
993060,0
993061,13
993062,0
993063,0
993064,0
993065,0
993066,0
993067,0
993068,6
993069,0
993070,0
993071,0
993072,0
993073,0
993074,0
993075,0
993076,0
993077,10
993078,0
993079,0
993080,0
993081,0
993082,0
993083,0
993084,0
993085,0
993086,0
993087,10
993088,0
993089,0
993090,0
993091,0
993092,0
993093,0
993094,0
993095,0
993096,0
993097,0
993098,0
993099,0
993100,0
993101,0
993102,0
993103,0
993104,0
993105,0
993106,5
993107,0
993108,0
993109,0
993110,0
993111,0
993112,0
993113,0
993114,0
993115,0
993116,3
993117,0
993118,0
993119,0
993120,0
993121,0
993122,0
993123,0
993124,4
993125,0
993126,0
993127,0
993128,0
993129,4
993130,0
993131,0
993132,0
993133,0
993134,0
993135,0
993136,0
993137,0
993138,0
993139,0
993140,0
993141,0
993142,0
993143,0
993144,0
993145,0
993146,0
993147,0
993148,14
993149,0
993150,8
993151,0
993152,0
993153,0
993154,0
993155,0
993156,0
993157,0
993158,14
993159,5
993160,0
993161,0
993162,0
993163,0
993164,0
993165,0
993166,0
993167,0
993168,0
993169,0
993170,5
993171,0
993172,0
993173,0
993174,0
993175,0
993176,0
993177,0
993178,0
993179,0
993180,5
993181,0
993182,0
993183,0
993184,0
993185,0
993186,0
993187,0
993188,0
993189,0
993190,0
993191,0
993192,0
993193,0
993194,0
993195,0
993196,0
993197,0
993198,0
993199,0
993200,0
993201,0
993202,0
993203,0
993204,0
993205,0
993206,0
993207,0
993208,0
993209,3
993210,0
993211,0
993212,0
993213,0
993214,0
993215,0
993216,0
993217,0
993218,0
993219,0
993220,0
993221,0
993222,0
993223,0
993224,0
993225,9
993226,0
993227,0
993228,0
993229,6
993230,0
993231,0
993232,13
993233,0
993234,8
993235,0
993236,0
993237,0
993238,9
993239,0
993240,0
993241,0
993242,0
993243,0
993244,0
993245,17
993246,0
993247,0
993248,0
993249,0
993250,0
993251,0
993252,0
993253,0
993254,3
993255,0
993256,0
993257,0
993258,0
993259,0
993260,0
993261,0
993262,0
993263,0
993264,0
993265,0
993266,0
993267,0
993268,0
993269,6
993270,0
993271,0
993272,0
993273,0
993274,0
993275,0
993276,5
993277,7
993278,0
993279,0
993280,0
993281,0
993282,0
993283,0
993284,0
993285,0
993286,0
993287,0
993288,0
993289,9
993290,0
993291,0
993292,0
993293,0
993294,0
993295,0
993296,0
993297,7
993298,0
993299,0
993300,6
993301,0
993302,0
993303,0
993304,0
993305,0
993306,0
993307,0
993308,0
993309,0
993310,0
993311,0
993312,0
993313,0
993314,0
993315,0
993316,0
993317,0
993318,0
993319,9
993320,5
993321,0
993322,0
993323,8
993324,0
993325,0
993326,0
993327,0
993328,0
993329,9
993330,0
993331,0
993332,0
993333,0
993334,0
993335,0
993336,0
993337,0
993338,0
993339,0
993340,7
993341,0
993342,0
993343,0
993344,0
993345,0
993346,0
993347,0
993348,0
993349,0
993350,0
993351,0
993352,0
993353,0
993354,0
993355,0
993356,13
993357,0
993358,0
993359,4
993360,9
993361,0
993362,0
993363,0
993364,0
993365,0
993366,0
993367,0
993368,0
993369,0
993370,0
993371,0
993372,0
993373,0
993374,0
993375,0
993376,0
993377,0
993378,0
993379,0
993380,6
993381,0
993382,0
993383,0
993384,0
993385,0
993386,0
993387,0
993388,0
993389,0
993390,8
993391,0
993392,16
993393,0
993394,0
993395,0
993396,0
993397,0
993398,0
993399,0
993400,0
993401,0
993402,0
993403,0
993404,0
993405,0
993406,7
993407,0
993408,0
993409,8
993410,0
993411,0
993412,0
993413,0
993414,6
993415,0
993416,0
993417,0
993418,0
993419,0
993420,0
993421,0
993422,10
993423,12
993424,0
993425,0
993426,0
993427,0
993428,0
993429,0
993430,0
993431,0
993432,0
993433,0
993434,0
993435,0
993436,8
993437,0
993438,0
993439,0
993440,0
993441,0
993442,0
993443,0
993444,5
993445,0
993446,0
993447,0
993448,0
993449,0
993450,0
993451,0
993452,0
993453,0
993454,0
993455,0
993456,9
993457,0
993458,0
993459,0
993460,0
993461,12
993462,0
993463,0
993464,0
993465,0
993466,0
993467,0
993468,0
993469,0
993470,0
993471,0
993472,0
993473,5
993474,0
993475,0
993476,0
993477,0
993478,0
993479,0
993480,0
993481,0
993482,0
993483,0
993484,0
993485,0
993486,0
993487,0
993488,0
993489,0
993490,0
993491,0
993492,0
993493,0
993494,0
993495,0
993496,0
993497,0
993498,0
993499,0
993500,0
993501,5
993502,0
993503,0
993504,0
993505,8
993506,0
993507,0
993508,0
993509,0
993510,0
993511,0
993512,0
993513,0
993514,0
993515,6
993516,0
993517,0
993518,0
993519,0
993520,0
993521,0
993522,0
993523,0
993524,0
993525,0
993526,0
993527,0
993528,0
993529,0
993530,0
993531,0
993532,0
993533,0
993534,0
993535,0
993536,0
993537,0
993538,0
993539,0
993540,0
993541,0
993542,0
993543,0
993544,0
993545,0
993546,0
993547,0
993548,0
993549,0
993550,0
993551,0
993552,0
993553,0
993554,0
993555,4
993556,0
993557,0
993558,0
993559,0
993560,0
993561,0
993562,0
993563,3
993564,0
993565,0
993566,0
993567,0
993568,0
993569,0
993570,0
993571,0
993572,0
993573,0
993574,4
993575,0
993576,0
993577,0
993578,0
993579,4
993580,0
993581,0
993582,0
993583,0
993584,0
993585,0
993586,0
993587,7
993588,0
993589,0
993590,0
993591,0
993592,0
993593,0
993594,0
993595,0
993596,0
993597,0
993598,0
993599,0
993600,0
993601,0
993602,0
993603,0
993604,0
993605,0
993606,0
993607,5
993608,0
993609,0
993610,0
993611,0
993612,0
993613,0
993614,0
993615,0
993616,0
993617,0
993618,0
993619,0
993620,0
993621,0
993622,0
993623,0
993624,0
993625,0
993626,0
993627,0
993628,0
993629,0
993630,0
993631,0
993632,0
993633,0
993634,0
993635,0
993636,0
993637,0
993638,0
993639,0
993640,0
993641,0
993642,0
993643,0
993644,0
993645,0
993646,0
993647,0
993648,0
993649,0
993650,0
993651,0
993652,0
993653,0
993654,0
993655,0
993656,0
993657,0
993658,0
993659,0
993660,0
993661,0
993662,0
993663,0
993664,0
993665,0
993666,0
993667,0
993668,3
993669,0
993670,0
993671,0
993672,0
993673,0
993674,0
993675,0
993676,0
993677,0
993678,0
993679,0
993680,0
993681,0
993682,0
993683,0
993684,0
993685,0
993686,0
993687,0
993688,0
993689,8
993690,0
993691,7
993692,0
993693,0
993694,0
993695,0
993696,0
993697,2
993698,0
993699,0
993700,0
993701,0
993702,0
993703,0
993704,0
993705,0
993706,0
993707,0
993708,0
993709,0
993710,0
993711,0
993712,0
993713,0
993714,0
993715,0
993716,0
993717,0
993718,0
993719,0
993720,0
993721,0
993722,5
993723,0
993724,0
993725,0
993726,0
993727,0
993728,3
993729,0
993730,0
993731,0
993732,0
993733,0
993734,0
993735,0
993736,4
993737,0
993738,0
993739,0
993740,0
993741,0
993742,0
993743,6
993744,0
993745,0
993746,0
993747,0
993748,0
993749,0
993750,0
993751,0
993752,0
993753,0
993754,0
993755,0
993756,0
993757,0
993758,0
993759,0
993760,0
993761,0
993762,0
993763,0
993764,0
993765,0
993766,0
993767,0
993768,0
993769,0
993770,0
993771,0
993772,0
993773,0
993774,0
993775,0
993776,0
993777,0
993778,0
993779,0
993780,0
993781,0
993782,0
993783,0
993784,3
993785,0
993786,0
993787,0
993788,0
993789,5
993790,0
993791,0
993792,0
993793,0
993794,0
993795,0
993796,0
993797,7
993798,0
993799,0
993800,0
993801,0
993802,0
993803,0
993804,0
993805,0
993806,0
993807,0
993808,0
993809,0
993810,0
993811,0
993812,0
993813,0
993814,0
993815,0
993816,0
993817,0
993818,0
993819,0
993820,0
993821,0
993822,0
993823,0
993824,0
993825,0
993826,0
993827,0
993828,1
993829,0
993830,0
993831,0
993832,0
993833,0
993834,0
993835,0
993836,5
993837,20
993838,0
993839,3
993840,10
993841,15
993842,0
993843,11
993844,0
993845,0
993846,0
993847,0
993848,11
993849,20
993850,0
993851,22
993852,0
993853,0
993854,0
993855,0
993856,0
993857,12
993858,0
993859,0
993860,0
993861,0
993862,0
993863,0
993864,0
993865,20
993866,12
993867,24
993868,0
993869,0
993870,11
993871,0
993872,0
993873,0
993874,0
993875,0
993876,12
993877,9
993878,0
993879,0
993880,0
993881,0
993882,0
993883,0
993884,0
993885,0
993886,0
993887,0
993888,0
993889,0
993890,6
993891,17
993892,0
993893,0
993894,6
993895,0
993896,5
993897,9
993898,0
993899,0
993900,0
993901,0
993902,26
993903,0
993904,0
993905,44
993906,0
993907,34
993908,0
993909,0
993910,0
993911,0
993912,0
993913,0
993914,0
993915,0
993916,0
993917,0
993918,0
993919,0
993920,0
993921,0
993922,0
993923,0
993924,30
993925,0
993926,0
993927,0
993928,0
993929,22
993930,0
993931,0
993932,0
993933,0
993934,0
993935,0
993936,0
993937,0
993938,45
993939,0
993940,0
993941,0
993942,23
993943,0
993944,0
993945,0
993946,27
993947,0
993948,0
993949,0
993950,0
993951,36
993952,0
993953,0
993954,32
993955,29
993956,0
993957,0
993958,30
993959,0
993960,0
993961,0
993962,0
993963,30
993964,0
993965,0
993966,0
993967,37
993968,38
993969,0
993970,41
993971,29
993972,24
993973,24
993974,0
993975,0
993976,0
993977,36
993978,0
993979,0
993980,0
993981,0
993982,0
993983,0
993984,0
993985,16
993986,30
993987,35
993988,0
993989,0
993990,0
993991,0
993992,33
993993,0
993994,0
993995,13
993996,19
993997,0
993998,0
993999,21
994000,0
994001,0
994002,0
994003,0
994004,0
994005,0
994006,0
994007,0
994008,0
994009,0
994010,0
994011,0
994012,0
994013,0
994014,0
994015,0
994016,0
994017,0
994018,0
994019,0
994020,0
994021,0
994022,0
994023,0
994024,0
994025,0
994026,0
994027,0
994028,0
994029,0
994030,0
994031,0
994032,0
994033,0
994034,0
994035,0
994036,26
994037,0
994038,0
994039,0
994040,0
994041,0
994042,0
994043,0
994044,0
994045,0
994046,0
994047,0
994048,32
994049,0
994050,0
994051,30
994052,0
994053,0
994054,34
994055,0
994056,0
994057,16
994058,12
994059,35
994060,0
994061,0
994062,0
994063,0
994064,0
994065,0
994066,0
994067,0
994068,0
994069,25
994070,0
994071,0
994072,0
994073,39
994074,26
994075,0
994076,0
994077,0
994078,0
994079,0
994080,0
994081,29
994082,0
994083,22
994084,0
994085,0
994086,0
994087,0
994088,0
994089,0
994090,0
994091,31
994092,0
994093,0
994094,22
994095,37
994096,0
994097,0
994098,27
994099,24
994100,25
994101,0
994102,0
994103,41
994104,0
994105,0
994106,0
994107,0
994108,0
994109,25
994110,0
994111,0
994112,0
994113,0
994114,0
994115,0
994116,0
994117,0
994118,0
994119,0
994120,0
994121,0
994122,0
994123,28
994124,0
994125,0
994126,0
994127,25
994128,0
994129,0
994130,0
994131,30
994132,0
994133,37
994134,21
994135,0
994136,0
994137,27
994138,0
994139,33
994140,0
994141,21
994142,0
994143,0
994144,0
994145,0
994146,45
994147,35
994148,26
994149,16
994150,31
994151,0
994152,0
994153,0
994154,0
994155,0
994156,0
994157,0
994158,35
994159,0
994160,0
994161,0
994162,0
994163,0
994164,0
994165,33
994166,0
994167,0
994168,0
994169,0
994170,0
994171,0
994172,16
994173,45
994174,0
994175,32
994176,0
994177,0
994178,0
994179,0
994180,0
994181,0
994182,0
994183,35
994184,0
994185,0
994186,0
994187,0
994188,0
994189,0
994190,0
994191,0
994192,0
994193,26
994194,0
994195,25
994196,0
994197,0
994198,0
994199,0
994200,29
994201,0
994202,0
994203,0
994204,0
994205,0
994206,0
994207,19
994208,0
994209,28
994210,0
994211,37
994212,20
994213,0
994214,0
994215,0
994216,32
994217,0
994218,33
994219,0
994220,0
994221,0
994222,0
994223,0
994224,0
994225,0
994226,0
994227,0
994228,0
994229,0
994230,0
994231,0
994232,0
994233,0
994234,0
994235,0
994236,34
994237,23
994238,0
994239,0
994240,0
994241,20
994242,31
994243,0
994244,0
994245,0
994246,0
994247,0
994248,0
994249,0
994250,0
994251,0
994252,0
994253,0
994254,0
994255,0
994256,0
994257,0
994258,0
994259,0
994260,0
994261,0
994262,0
994263,0
994264,0
994265,0
994266,26
994267,0
994268,0
994269,0
994270,24
994271,0
994272,30
994273,23
994274,0
994275,0
994276,0
994277,0
994278,0
994279,34
994280,0
994281,0
994282,0
994283,32
994284,0
994285,0
994286,0
994287,0
994288,0
994289,0
994290,0
994291,0
994292,24
994293,0
994294,31
994295,0
994296,29
994297,0
994298,34
994299,0
994300,0
994301,0
994302,0
994303,38
994304,0
994305,0
994306,0
994307,0
994308,0
994309,0
994310,0
994311,25
994312,0
994313,36
994314,31
994315,0
994316,0
994317,0
994318,0
994319,0
994320,0
994321,0
994322,15
994323,0
994324,0
994325,0
994326,0
994327,0
994328,0
994329,0
994330,0
994331,0
994332,0
994333,0
994334,0
994335,31
994336,0
994337,0
994338,0
994339,0
994340,0
994341,0
994342,0
994343,25
994344,0
994345,29
994346,0
994347,0
994348,35
994349,0
994350,0
994351,0
994352,0
994353,0
994354,31
994355,0
994356,0
994357,0
994358,0
994359,25
994360,27
994361,0
994362,0
994363,28
994364,26
994365,0
994366,0
994367,0
994368,0
994369,0
994370,0
994371,0
994372,0
994373,0
994374,0
994375,0
994376,0
994377,0
994378,0
994379,0
994380,0
994381,26
994382,0
994383,22
994384,40
994385,32
994386,0
994387,0
994388,0
994389,0
994390,0
994391,0
994392,28
994393,0
994394,0
994395,0
994396,30
994397,0
994398,0
994399,0
994400,31
994401,0
994402,0
994403,29
994404,0
994405,0
994406,0
994407,0
994408,0
994409,0
994410,0
994411,0
994412,28
994413,31
994414,26
994415,0
994416,0
994417,0
994418,0
994419,0
994420,0
994421,0
994422,0
994423,0
994424,0
994425,0
994426,0
994427,0
994428,0
994429,28
994430,0
994431,0
994432,0
994433,0
994434,0
994435,29
994436,22
994437,0
994438,0
994439,33
994440,0
994441,0
994442,0
994443,0
994444,34
994445,0
994446,0
994447,0
994448,0
994449,37
994450,21
994451,0
994452,0
994453,0
994454,0
994455,0
994456,0
994457,0
994458,0
994459,0
994460,0
994461,0
994462,25
994463,0
994464,0
994465,0
994466,0
994467,0
994468,0
994469,42
994470,0
994471,0
994472,0
994473,0
994474,0
994475,19
994476,0
994477,0
994478,20
994479,0
994480,0
994481,0
994482,0
994483,43
994484,0
994485,0
994486,0
994487,0
994488,0
994489,0
994490,0
994491,0
994492,28
994493,0
994494,33
994495,0
994496,0
994497,34
994498,0
994499,0
994500,0
994501,0
994502,0
994503,0
994504,0
994505,0
994506,0
994507,0
994508,0
994509,0
994510,0
994511,0
994512,0
994513,21
994514,23
994515,0
994516,0
994517,28
994518,0
994519,0
994520,0
994521,0
994522,0
994523,0
994524,29
994525,0
994526,0
994527,0
994528,0
994529,0
994530,0
994531,0
994532,0
994533,0
994534,0
994535,0
994536,0
994537,0
994538,0
994539,0
994540,0
994541,0
994542,0
994543,0
994544,0
994545,28
994546,0
994547,0
994548,0
994549,20
994550,0
994551,0
994552,0
994553,21
994554,33
994555,0
994556,0
994557,0
994558,0
994559,35
994560,0
994561,20
994562,35
994563,0
994564,0
994565,0
994566,0
994567,0
994568,0
994569,0
994570,0
994571,30
994572,44
994573,0
994574,23
994575,0
994576,0
994577,0
994578,0
994579,0
994580,34
994581,0
994582,0
994583,0
994584,0
994585,35
994586,0
994587,0
994588,0
994589,0
994590,30
994591,0
994592,30
994593,0
994594,22
994595,0
994596,0
994597,0
994598,0
994599,29
994600,0
994601,0
994602,0
994603,0
994604,33
994605,0
994606,0
994607,0
994608,30
994609,30
994610,0
994611,0
994612,0
994613,0
994614,0
994615,0
994616,25
994617,0
994618,25
994619,0
994620,0
994621,0
994622,0
994623,0
994624,0
994625,0
994626,21
994627,25
994628,0
994629,0
994630,0
994631,0
994632,0
994633,0
994634,0
994635,0
994636,0
994637,0
994638,0
994639,0
994640,0
994641,0
994642,0
994643,36
994644,0
994645,0
994646,0
994647,15
994648,0
994649,0
994650,0
994651,0
994652,0
994653,28
994654,0
994655,0
994656,0
994657,0
994658,0
994659,0
994660,0
994661,0
994662,0
994663,0
994664,0
994665,0
994666,0
994667,0
994668,0
994669,0
994670,0
994671,0
994672,0
994673,0
994674,0
994675,0
994676,0
994677,0
994678,0
994679,0
994680,0
994681,0
994682,0
994683,0
994684,0
994685,0
994686,0
994687,0
994688,0
994689,0
994690,0
994691,0
994692,0
994693,0
994694,0
994695,0
994696,0
994697,0
994698,0
994699,0
994700,0
994701,0
994702,0
994703,0
994704,0
994705,0
994706,0
994707,0
994708,0
994709,0
994710,0
994711,0
994712,0
994713,0
994714,0
994715,0
994716,0
994717,0
994718,0
994719,0
994720,0
994721,0
994722,0
994723,0
994724,0
994725,0
994726,43
994727,33
994728,0
994729,0
994730,0
994731,0
994732,0
994733,0
994734,0
994735,0
994736,30
994737,0
994738,0
994739,0
994740,0
994741,0
994742,0
994743,0
994744,0
994745,45
994746,0
994747,0
994748,0
994749,0
994750,0
994751,0
994752,0
994753,0
994754,0
994755,0
994756,0
994757,0
994758,0
994759,0
994760,0
994761,0
994762,0
994763,0
994764,0
994765,0
994766,0
994767,0
994768,0
994769,0
994770,0
994771,34
994772,0
994773,0
994774,0
994775,0
994776,0
994777,0
994778,0
994779,0
994780,0
994781,0
994782,0
994783,0
994784,0
994785,31
994786,0
994787,0
994788,0
994789,0
994790,0
994791,0
994792,0
994793,0
994794,0
994795,0
994796,0
994797,0
994798,0
994799,0
994800,0
994801,0
994802,0
994803,0
994804,0
994805,0
994806,0
994807,0
994808,0
994809,0
994810,0
994811,0
994812,0
994813,26
994814,0
994815,0
994816,21
994817,0
994818,0
994819,29
994820,0
994821,0
994822,0
994823,36
994824,0
994825,0
994826,0
994827,0
994828,0
994829,0
994830,0
994831,0
994832,0
994833,0
994834,0
994835,0
994836,0
994837,0
994838,0
994839,0
994840,0
994841,0
994842,0
994843,0
994844,0
994845,0
994846,0
994847,0
994848,0
994849,0
994850,0
994851,0
994852,0
994853,0
994854,0
994855,0
994856,0
994857,0
994858,0
994859,0
994860,0
994861,0
994862,0
994863,0
994864,0
994865,0
994866,0
994867,25
994868,0
994869,0
994870,0
994871,0
994872,0
994873,0
994874,0
994875,0
994876,0
994877,0
994878,0
994879,0
994880,0
994881,0
994882,0
994883,0
994884,0
994885,0
994886,0
994887,0
994888,0
994889,0
994890,0
994891,0
994892,0
994893,0
994894,0
994895,0
994896,0
994897,0
994898,0
994899,0
994900,0
994901,28
994902,0
994903,0
994904,0
994905,0
994906,0
994907,0
994908,0
994909,0
994910,0
994911,0
994912,0
994913,0
994914,0
994915,0
994916,0
994917,0
994918,0
994919,0
994920,0
994921,0
994922,0
994923,0
994924,0
994925,0
994926,0
994927,0
994928,0
994929,0
994930,0
994931,0
994932,0
994933,0
994934,43
994935,0
994936,0
994937,0
994938,0
994939,0
994940,0
994941,0
994942,0
994943,0
994944,0
994945,0
994946,0
994947,38
994948,0
994949,0
994950,0
994951,0
994952,0
994953,0
994954,0
994955,0
994956,0
994957,0
994958,0
994959,0
994960,0
994961,31
994962,0
994963,0
994964,0
994965,0
994966,0
994967,0
994968,0
994969,0
994970,0
994971,0
994972,0
994973,0
994974,0
994975,0
994976,0
994977,0
994978,0
994979,0
994980,0
994981,0
994982,0
994983,0
994984,0
994985,32
994986,0
994987,0
994988,0
994989,0
994990,0
994991,0
994992,0
994993,0
994994,0
994995,34
994996,0
994997,0
994998,0
994999,0
995000,0
995001,0
995002,0
995003,0
995004,0
995005,0
995006,0
995007,0
995008,0
995009,0
995010,0
995011,0
995012,29
995013,0
995014,0
995015,0
995016,0
995017,0
995018,0
995019,0
995020,0
995021,0
995022,0
995023,0
995024,0
995025,0
995026,0
995027,0
995028,0
995029,34
995030,0
995031,0
995032,0
995033,0
995034,0
995035,0
995036,0
995037,0
995038,0
995039,0
995040,0
995041,0
995042,0
995043,0
995044,0
995045,0
995046,32
995047,0
995048,0
995049,0
995050,0
995051,24
995052,0
995053,0
995054,0
995055,0
995056,0
995057,0
995058,0
995059,0
995060,0
995061,0
995062,0
995063,0
995064,0
995065,0
995066,0
995067,0
995068,0
995069,0
995070,0
995071,0
995072,0
995073,0
995074,0
995075,0
995076,0
995077,0
995078,0
995079,0
995080,0
995081,0
995082,0
995083,0
995084,33
995085,0
995086,0
995087,0
995088,0
995089,0
995090,0
995091,25
995092,0
995093,36
995094,0
995095,0
995096,0
995097,0
995098,0
995099,0
995100,0
995101,0
995102,36
995103,0
995104,0
995105,0
995106,0
995107,0
995108,0
995109,0
995110,0
995111,0
995112,0
995113,0
995114,0
995115,0
995116,0
995117,0
995118,0
995119,0
995120,0
995121,0
995122,0
995123,30
995124,0
995125,0
995126,0
995127,0
995128,0
995129,35
995130,0
995131,0
995132,0
995133,0
995134,0
995135,0
995136,0
995137,0
995138,0
995139,0
995140,0
995141,0
995142,0
995143,0
995144,0
995145,0
995146,0
995147,27
995148,0
995149,0
995150,0
995151,0
995152,0
995153,0
995154,38
995155,0
995156,0
995157,0
995158,23
995159,0
995160,0
995161,0
995162,0
995163,29
995164,0
995165,0
995166,0
995167,0
995168,0
995169,0
995170,0
995171,0
995172,0
995173,0
995174,0
995175,0
995176,0
995177,0
995178,0
995179,0
995180,0
995181,0
995182,0
995183,0
995184,39
995185,0
995186,0
995187,0
995188,0
995189,0
995190,44
995191,0
995192,31
995193,0
995194,0
995195,0
995196,0
995197,25
995198,0
995199,0
995200,0
995201,0
995202,0
995203,0
995204,0
995205,0
995206,0
995207,0
995208,0
995209,0
995210,0
995211,0
995212,0
995213,0
995214,0
995215,0
995216,0
995217,0
995218,0
995219,0
995220,0
995221,0
995222,0
995223,0
995224,0
995225,0
995226,0
995227,0
995228,0
995229,0
995230,0
995231,0
995232,0
995233,0
995234,0
995235,0
995236,0
995237,0
995238,0
995239,0
995240,0
995241,0
995242,0
995243,0
995244,0
995245,0
995246,0
995247,0
995248,0
995249,0
995250,0
995251,0
995252,0
995253,0
995254,0
995255,0
995256,0
995257,0
995258,0
995259,0
995260,0
995261,0
995262,0
995263,0
995264,0
995265,0
995266,0
995267,0
995268,0
995269,0
995270,0
995271,0
995272,0
995273,0
995274,0
995275,0
995276,0
995277,0
995278,0
995279,0
995280,0
995281,0
995282,0
995283,0
995284,0
995285,0
995286,0
995287,0
995288,0
995289,0
995290,0
995291,0
995292,0
995293,0
995294,0
995295,0
995296,35
995297,0
995298,0
995299,0
995300,0
995301,0
995302,0
995303,0
995304,27
995305,0
995306,0
995307,0
995308,0
995309,0
995310,0
995311,0
995312,0
995313,0
995314,0
995315,0
995316,0
995317,0
995318,0
995319,0
995320,0
995321,0
995322,0
995323,0
995324,0
995325,0
995326,0
995327,0
995328,0
995329,0
995330,0
995331,29
995332,0
995333,0
995334,0
995335,0
995336,31
995337,0
995338,89
995339,0
995340,0
995341,0
995342,0
995343,40
995344,0
995345,0
995346,0
995347,0
995348,0
995349,0
995350,0
995351,0
995352,0
995353,0
995354,0
995355,27
995356,45
995357,0
995358,0
995359,0
995360,0
995361,0
995362,0
995363,0
995364,0
995365,43
995366,0
995367,0
995368,0
995369,0
995370,0
995371,0
995372,47
995373,0
995374,0
995375,0
995376,0
995377,0
995378,0
995379,0
995380,0
995381,0
995382,20
995383,0
995384,0
995385,0
995386,0
995387,38
995388,0
995389,29
995390,0
995391,0
995392,0
995393,0
995394,0
995395,0
995396,0
995397,0
995398,0
995399,0
995400,50
995401,0
995402,0
995403,0
995404,0
995405,0
995406,18
995407,0
995408,45
995409,0
995410,0
995411,0
995412,0
995413,0
995414,0
995415,0
995416,0
995417,0
995418,0
995419,0
995420,0
995421,0
995422,0
995423,0
995424,0
995425,0
995426,0
995427,0
995428,49
995429,0
995430,0
995431,0
995432,0
995433,0
995434,0
995435,0
995436,0
995437,0
995438,0
995439,0
995440,0
995441,0
995442,0
995443,28
995444,0
995445,0
995446,0
995447,0
995448,0
995449,0
995450,0
995451,0
995452,0
995453,18
995454,0
995455,0
995456,0
995457,0
995458,0
995459,0
995460,21
995461,33
995462,0
995463,0
995464,0
995465,0
995466,0
995467,0
995468,0
995469,0
995470,0
995471,0
995472,0
995473,0
995474,0
995475,0
995476,0
995477,0
995478,0
995479,0
995480,0
995481,0
995482,0
995483,0
995484,0
995485,0
995486,0
995487,0
995488,0
995489,16
995490,0
995491,0
995492,0
995493,23
995494,0
995495,0
995496,0
995497,0
995498,0
995499,0
995500,0
995501,0
995502,34
995503,0
995504,19
995505,0
995506,0
995507,0
995508,0
995509,0
995510,31
995511,0
995512,0
995513,0
995514,41
995515,0
995516,0
995517,0
995518,0
995519,0
995520,0
995521,0
995522,0
995523,49
995524,0
995525,33
995526,43
995527,0
995528,20
995529,0
995530,0
995531,0
995532,0
995533,32
995534,0
995535,0
995536,0
995537,28
995538,37
995539,0
995540,0
995541,0
995542,0
995543,0
995544,0
995545,0
995546,0
995547,0
995548,0
995549,0
995550,0
995551,0
995552,0
995553,0
995554,0
995555,0
995556,0
995557,0
995558,0
995559,55
995560,0
995561,0
995562,0
995563,0
995564,43
995565,0
995566,0
995567,0
995568,0
995569,0
995570,0
995571,0
995572,0
995573,0
995574,46
995575,0
995576,42
995577,0
995578,0
995579,0
995580,0
995581,0
995582,0
995583,0
995584,0
995585,0
995586,0
995587,0
995588,24
995589,0
995590,0
995591,0
995592,0
995593,0
995594,0
995595,36
995596,0
995597,0
995598,0
995599,0
995600,0
995601,0
995602,0
995603,0
995604,0
995605,0
995606,0
995607,40
995608,0
995609,40
995610,0
995611,0
995612,57
995613,0
995614,0
995615,0
995616,0
995617,0
995618,0
995619,0
995620,0
995621,0
995622,0
995623,0
995624,0
995625,0
995626,0
995627,54
995628,0
995629,67
995630,0
995631,0
995632,0
995633,0
995634,0
995635,26
995636,0
995637,0
995638,0
995639,0
995640,0
995641,0
995642,0
995643,0
995644,0
995645,23
995646,0
995647,0
995648,0
995649,0
995650,0
995651,0
995652,0
995653,0
995654,0
995655,0
995656,34
995657,0
995658,49
995659,0
995660,42
995661,0
995662,0
995663,0
995664,0
995665,0
995666,0
995667,0
995668,0
995669,0
995670,0
995671,0
995672,0
995673,0
995674,0
995675,0
995676,0
995677,51
995678,0
995679,0
995680,0
995681,0
995682,0
995683,0
995684,38
995685,0
995686,0
995687,0
995688,0
995689,0
995690,23
995691,0
995692,0
995693,0
995694,0
995695,0
995696,0
995697,0
995698,30
995699,0
995700,61
995701,40
995702,0
995703,0
995704,0
995705,0
995706,0
995707,0
995708,0
995709,0
995710,0
995711,0
995712,0
995713,0
995714,0
995715,0
995716,33
995717,0
995718,0
995719,33
995720,0
995721,0
995722,0
995723,0
995724,0
995725,0
995726,32
995727,0
995728,0
995729,0
995730,40
995731,0
995732,0
995733,36
995734,0
995735,0
995736,0
995737,0
995738,0
995739,0
995740,0
995741,0
995742,0
995743,0
995744,0
995745,0
995746,0
995747,0
995748,0
995749,0
995750,0
995751,0
995752,0
995753,0
995754,41
995755,0
995756,0
995757,0
995758,0
995759,0
995760,0
995761,0
995762,0
995763,0
995764,53
995765,0
995766,0
995767,0
995768,41
995769,0
995770,0
995771,0
995772,0
995773,0
995774,0
995775,47
995776,0
995777,41
995778,0
995779,0
995780,0
995781,0
995782,0
995783,0
995784,0
995785,0
995786,0
995787,17
995788,0
995789,0
995790,0
995791,0
995792,0
995793,0
995794,0
995795,0
995796,0
995797,15
995798,0
995799,0
995800,0
995801,0
995802,0
995803,0
995804,0
995805,0
995806,33
995807,0
995808,0
995809,0
995810,0
995811,0
995812,0
995813,0
995814,0
995815,0
995816,0
995817,0
995818,0
995819,0
995820,0
995821,0
995822,25
995823,0
995824,0
995825,0
995826,0
995827,0
995828,21
995829,0
995830,0
995831,0
995832,0
995833,0
995834,36
995835,0
995836,0
995837,0
995838,0
995839,0
995840,0
995841,43
995842,0
995843,0
995844,0
995845,0
995846,0
995847,0
995848,0
995849,16
995850,0
995851,0
995852,0
995853,0
995854,0
995855,0
995856,0
995857,0
995858,0
995859,0
995860,0
995861,0
995862,0
995863,0
995864,0
995865,0
995866,0
995867,0
995868,0
995869,0
995870,0
995871,0
995872,0
995873,0
995874,0
995875,0
995876,0
995877,0
995878,0
995879,0
995880,48
995881,0
995882,0
995883,0
995884,0
995885,38
995886,0
995887,59
995888,0
995889,0
995890,0
995891,0
995892,0
995893,0
995894,0
995895,0
995896,0
995897,0
995898,0
995899,20
995900,0
995901,0
995902,0
995903,0
995904,0
995905,0
995906,0
995907,0
995908,0
995909,0
995910,0
995911,0
995912,0
995913,0
995914,0
995915,0
995916,0
995917,0
995918,0
995919,30
995920,0
995921,0
995922,0
995923,0
995924,0
995925,0
995926,30
995927,0
995928,0
995929,29
995930,0
995931,0
995932,0
995933,0
995934,0
995935,0
995936,0
995937,53
995938,42
995939,0
995940,0
995941,0
995942,0
995943,42
995944,0
995945,0
995946,0
995947,0
995948,0
995949,0
995950,41
995951,43
995952,0
995953,0
995954,0
995955,0
995956,0
995957,0
995958,0
995959,0
995960,28
995961,0
995962,0
995963,0
995964,0
995965,0
995966,44
995967,0
995968,0
995969,0
995970,0
995971,26
995972,0
995973,0
995974,52
995975,0
995976,0
995977,0
995978,0
995979,0
995980,0
995981,62
995982,0
995983,0
995984,0
995985,0
995986,0
995987,0
995988,0
995989,0
995990,0
995991,0
995992,0
995993,0
995994,0
995995,0
995996,0
995997,0
995998,0
995999,0
996000,0
996001,0
996002,0
996003,0
996004,0
996005,0
996006,0
996007,0
996008,0
996009,0
996010,0
996011,0
996012,0
996013,0
996014,0
996015,0
996016,0
996017,65
996018,0
996019,62
996020,0
996021,0
996022,0
996023,0
996024,0
996025,0
996026,0
996027,0
996028,0
996029,0
996030,0
996031,0
996032,0
996033,0
996034,0
996035,22
996036,0
996037,0
996038,21
996039,0
996040,0
996041,0
996042,0
996043,0
996044,0
996045,22
996046,0
996047,72
996048,0
996049,0
996050,0
996051,0
996052,0
996053,0
996054,34
996055,0
996056,45
996057,0
996058,53
996059,0
996060,0
996061,0
996062,38
996063,0
996064,0
996065,20
996066,0
996067,0
996068,60
996069,22
996070,35
996071,68
996072,0
996073,0
996074,0
996075,0
996076,0
996077,0
996078,0
996079,0
996080,0
996081,0
996082,0
996083,22
996084,0
996085,0
996086,0
996087,0
996088,0
996089,0
996090,0
996091,0
996092,22
996093,0
996094,0
996095,60
996096,0
996097,0
996098,0
996099,0
996100,0
996101,0
996102,0
996103,39
996104,0
996105,0
996106,0
996107,0
996108,0
996109,0
996110,0
996111,0
996112,0
996113,0
996114,0
996115,0
996116,0
996117,0
996118,0
996119,0
996120,0
996121,0
996122,49
996123,0
996124,43
996125,0
996126,0
996127,0
996128,0
996129,0
996130,22
996131,30
996132,0
996133,0
996134,0
996135,0
996136,0
996137,0
996138,0
996139,0
996140,42
996141,0
996142,0
996143,0
996144,0
996145,0
996146,0
996147,0
996148,0
996149,0
996150,0
996151,0
996152,0
996153,0
996154,0
996155,0
996156,0
996157,73
996158,0
996159,0
996160,0
996161,0
996162,0
996163,0
996164,0
996165,0
996166,0
996167,0
996168,0
996169,15
996170,0
996171,18
996172,18
996173,0
996174,0
996175,0
996176,0
996177,0
996178,27
996179,0
996180,0
996181,0
996182,0
996183,0
996184,0
996185,27
996186,0
996187,0
996188,0
996189,34
996190,0
996191,41
996192,0
996193,32
996194,0
996195,0
996196,0
996197,0
996198,0
996199,0
996200,0
996201,0
996202,0
996203,33
996204,49
996205,0
996206,0
996207,0
996208,0
996209,0
996210,43
996211,0
996212,0
996213,0
996214,0
996215,0
996216,0
996217,0
996218,0
996219,0
996220,0
996221,0
996222,0
996223,0
996224,0
996225,0
996226,0
996227,0
996228,0
996229,0
996230,0
996231,0
996232,0
996233,0
996234,21
996235,0
996236,0
996237,0
996238,0
996239,0
996240,0
996241,41
996242,27
996243,0
996244,0
996245,0
996246,0
996247,0
996248,0
996249,0
996250,0
996251,0
996252,0
996253,0
996254,32
996255,14
996256,0
996257,0
996258,0
996259,0
996260,0
996261,0
996262,0
996263,0
996264,0
996265,0
996266,0
996267,42
996268,0
996269,0
996270,0
996271,0
996272,19
996273,0
996274,0
996275,43
996276,0
996277,0
996278,0
996279,0
996280,0
996281,0
996282,46
996283,0
996284,0
996285,4
996286,0
996287,0
996288,0
996289,0
996290,0
996291,0
996292,0
996293,0
996294,2
996295,0
996296,0
996297,0
996298,5
996299,0
996300,0
996301,0
996302,5
996303,0
996304,0
996305,0
996306,0
996307,0
996308,0
996309,1
996310,6
996311,4
996312,0
996313,0
996314,0
996315,0
996316,0
996317,0
996318,0
996319,0
996320,0
996321,0
996322,0
996323,0
996324,0
996325,0
996326,0
996327,0
996328,4
996329,0
996330,0
996331,0
996332,3
996333,0
996334,0
996335,1
996336,0
996337,0
996338,0
996339,3
996340,0
996341,0
996342,0
996343,3
996344,0
996345,2
996346,2
996347,4
996348,0
996349,0
996350,0
996351,0
996352,0
996353,1
996354,0
996355,0
996356,0
996357,6
996358,0
996359,0
996360,0
996361,4
996362,0
996363,0
996364,4
996365,0
996366,0
996367,0
996368,0
996369,0
996370,0
996371,0
996372,0
996373,1
996374,0
996375,5
996376,0
996377,6
996378,0
996379,0
996380,0
996381,0
996382,0
996383,0
996384,4
996385,0
996386,0
996387,0
996388,0
996389,0
996390,0
996391,0
996392,0
996393,0
996394,0
996395,0
996396,3
996397,3
996398,2
996399,0
996400,0
996401,0
996402,5
996403,6
996404,7
996405,0
996406,0
996407,0
996408,3
996409,0
996410,0
996411,4
996412,0
996413,1
996414,3
996415,0
996416,0
996417,0
996418,4
996419,0
996420,0
996421,0
996422,0
996423,0
996424,0
996425,0
996426,0
996427,2
996428,0
996429,0
996430,1
996431,0
996432,3
996433,0
996434,0
996435,0
996436,4
996437,3
996438,0
996439,2
996440,0
996441,0
996442,0
996443,0
996444,5
996445,0
996446,2
996447,0
996448,0
996449,0
996450,0
996451,0
996452,0
996453,0
996454,3
996455,1
996456,0
996457,0
996458,3
996459,0
996460,0
996461,5
996462,0
996463,0
996464,0
996465,3
996466,0
996467,0
996468,0
996469,0
996470,0
996471,0
996472,0
996473,0
996474,0
996475,0
996476,0
996477,9
996478,0
996479,2
996480,0
996481,0
996482,0
996483,0
996484,0
996485,0
996486,0
996487,0
996488,0
996489,0
996490,0
996491,0
996492,0
996493,0
996494,0
996495,0
996496,0
996497,0
996498,0
996499,0
996500,0
996501,0
996502,0
996503,0
996504,0
996505,0
996506,0
996507,0
996508,0
996509,0
996510,4
996511,0
996512,0
996513,0
996514,0
996515,0
996516,2
996517,1
996518,0
996519,0
996520,0
996521,0
996522,0
996523,0
996524,0
996525,6
996526,0
996527,0
996528,0
996529,0
996530,0
996531,0
996532,0
996533,5
996534,0
996535,0
996536,0
996537,0
996538,0
996539,0
996540,3
996541,0
996542,0
996543,0
996544,0
996545,0
996546,0
996547,0
996548,0
996549,0
996550,4
996551,6
996552,0
996553,5
996554,0
996555,0
996556,5
996557,0
996558,0
996559,0
996560,0
996561,0
996562,0
996563,4
996564,0
996565,5
996566,0
996567,3
996568,0
996569,0
996570,7
996571,5
996572,0
996573,0
996574,0
996575,0
996576,0
996577,0
996578,0
996579,0
996580,4
996581,0
996582,0
996583,0
996584,0
996585,0
996586,0
996587,0
996588,4
996589,5
996590,0
996591,3
996592,0
996593,0
996594,0
996595,0
996596,0
996597,0
996598,0
996599,0
996600,0
996601,0
996602,1
996603,6
996604,2
996605,0
996606,0
996607,0
996608,0
996609,0
996610,0
996611,0
996612,0
996613,0
996614,0
996615,0
996616,0
996617,0
996618,3
996619,0
996620,0
996621,0
996622,0
996623,0
996624,0
996625,0
996626,0
996627,0
996628,0
996629,5
996630,0
996631,0
996632,0
996633,0
996634,0
996635,0
996636,0
996637,0
996638,0
996639,0
996640,4
996641,0
996642,0
996643,0
996644,0
996645,0
996646,2
996647,0
996648,0
996649,0
996650,0
996651,3
996652,0
996653,4
996654,3
996655,5
996656,0
996657,2
996658,0
996659,0
996660,0
996661,0
996662,2
996663,0
996664,0
996665,0
996666,1
996667,2
996668,0
996669,0
996670,0
996671,4
996672,0
996673,0
996674,0
996675,0
996676,0
996677,1
996678,0
996679,0
996680,1
996681,0
996682,2
996683,0
996684,0
996685,0
996686,0
996687,0
996688,0
996689,0
996690,0
996691,0
996692,0
996693,4
996694,0
996695,0
996696,0
996697,0
996698,0
996699,5
996700,0
996701,0
996702,0
996703,6
996704,0
996705,5
996706,3
996707,0
996708,0
996709,2
996710,3
996711,0
996712,0
996713,0
996714,0
996715,0
996716,0
996717,0
996718,2
996719,0
996720,0
996721,0
996722,0
996723,4
996724,0
996725,0
996726,0
996727,0
996728,0
996729,0
996730,7
996731,6
996732,0
996733,0
996734,0
996735,0
996736,0
996737,0
996738,0
996739,0
996740,0
996741,0
996742,0
996743,0
996744,0
996745,0
996746,3
996747,0
996748,6
996749,1
996750,0
996751,0
996752,0
996753,2
996754,0
996755,0
996756,0
996757,0
996758,0
996759,0
996760,0
996761,0
996762,3
996763,0
996764,0
996765,5
996766,0
996767,3
996768,1
996769,0
996770,0
996771,0
996772,0
996773,0
996774,0
996775,0
996776,0
996777,0
996778,0
996779,0
996780,0
996781,0
996782,0
996783,4
996784,3
996785,0
996786,0
996787,0
996788,0
996789,0
996790,0
996791,7
996792,0
996793,0
996794,0
996795,0
996796,0
996797,0
996798,0
996799,0
996800,0
996801,0
996802,0
996803,0
996804,0
996805,0
996806,0
996807,0
996808,5
996809,4
996810,0
996811,0
996812,0
996813,0
996814,0
996815,0
996816,0
996817,4
996818,0
996819,0
996820,0
996821,2
996822,0
996823,0
996824,0
996825,0
996826,3
996827,3
996828,0
996829,0
996830,0
996831,0
996832,4
996833,0
996834,0
996835,3
996836,0
996837,0
996838,0
996839,4
996840,0
996841,0
996842,0
996843,0
996844,4
996845,0
996846,6
996847,0
996848,0
996849,0
996850,7
996851,0
996852,0
996853,3
996854,2
996855,0
996856,0
996857,3
996858,0
996859,0
996860,0
996861,0
996862,0
996863,0
996864,0
996865,1
996866,0
996867,0
996868,0
996869,0
996870,4
996871,0
996872,0
996873,0
996874,0
996875,0
996876,0
996877,0
996878,3
996879,2
996880,0
996881,3
996882,0
996883,0
996884,0
996885,3
996886,0
996887,0
996888,0
996889,0
996890,0
996891,0
996892,0
996893,0
996894,0
996895,0
996896,0
996897,5
996898,0
996899,2
996900,0
996901,0
996902,0
996903,0
996904,0
996905,1
996906,6
996907,0
996908,0
996909,1
996910,0
996911,4
996912,8
996913,5
996914,2
996915,0
996916,0
996917,0
996918,0
996919,0
996920,0
996921,0
996922,1
996923,0
996924,0
996925,0
996926,2
996927,0
996928,0
996929,3
996930,0
996931,3
996932,0
996933,0
996934,0
996935,0
996936,0
996937,0
996938,0
996939,0
996940,0
996941,4
996942,4
996943,0
996944,0
996945,0
996946,0
996947,0
996948,0
996949,0
996950,0
996951,0
996952,0
996953,4
996954,0
996955,0
996956,0
996957,0
996958,0
996959,4
996960,0
996961,0
996962,0
996963,0
996964,0
996965,0
996966,0
996967,0
996968,0
996969,3
996970,0
996971,0
996972,0
996973,0
996974,0
996975,4
996976,1
996977,0
996978,0
996979,0
996980,0
996981,0
996982,0
996983,0
996984,0
996985,0
996986,0
996987,0
996988,0
996989,0
996990,0
996991,0
996992,5
996993,1
996994,4
996995,0
996996,0
996997,0
996998,0
996999,0
997000,0
997001,1
997002,0
997003,0
997004,0
997005,0
997006,0
997007,0
997008,0
997009,3
997010,0
997011,0
997012,1
997013,0
997014,2
997015,0
997016,0
997017,0
997018,4
997019,22
997020,0
997021,0
997022,32
997023,43
997024,0
997025,34
997026,0
997027,71
997028,0
997029,0
997030,0
997031,25
997032,26
997033,0
997034,34
997035,0
997036,0
997037,32
997038,0
997039,0
997040,17
997041,0
997042,0
997043,0
997044,0
997045,0
997046,0
997047,31
997048,42
997049,0
997050,0
997051,0
997052,40
997053,0
997054,0
997055,0
997056,0
997057,42
997058,0
997059,0
997060,0
997061,0
997062,0
997063,47
997064,0
997065,0
997066,0
997067,0
997068,0
997069,0
997070,0
997071,16
997072,21
997073,0
997074,0
997075,33
997076,36
997077,0
997078,0
997079,0
997080,0
997081,0
997082,30
997083,0
997084,0
997085,0
997086,0
997087,0
997088,0
997089,0
997090,0
997091,0
997092,0
997093,0
997094,0
997095,0
997096,0
997097,33
997098,0
997099,0
997100,0
997101,0
997102,0
997103,0
997104,31
997105,0
997106,0
997107,0
997108,0
997109,0
997110,33
997111,40
997112,44
997113,0
997114,0
997115,25
997116,28
997117,0
997118,0
997119,23
997120,0
997121,0
997122,48
997123,31
997124,0
997125,33
997126,23
997127,40
997128,0
997129,31
997130,0
997131,0
997132,0
997133,0
997134,0
997135,24
997136,0
997137,0
997138,0
997139,46
997140,35
997141,38
997142,0
997143,0
997144,29
997145,0
997146,0
997147,18
997148,0
997149,0
997150,44
997151,0
997152,0
997153,0
997154,26
997155,31
997156,38
997157,0
997158,0
997159,24
997160,0
997161,0
997162,0
997163,0
997164,28
997165,0
997166,0
997167,0
997168,0
997169,41
997170,0
997171,0
997172,0
997173,0
997174,0
997175,0
997176,0
997177,36
997178,0
997179,0
997180,0
997181,0
997182,35
997183,0
997184,0
997185,0
997186,0
997187,0
997188,0
997189,0
997190,49
997191,0
997192,0
997193,0
997194,0
997195,0
997196,0
997197,0
997198,0
997199,23
997200,0
997201,45
997202,32
997203,0
997204,0
997205,0
997206,31
997207,0
997208,0
997209,30
997210,46
997211,33
997212,0
997213,0
997214,0
997215,32
997216,0
997217,0
997218,0
997219,0
997220,33
997221,0
997222,0
997223,0
997224,42
997225,34
997226,0
997227,0
997228,34
997229,0
997230,0
997231,0
997232,0
997233,0
997234,0
997235,33
997236,56
997237,38
997238,0
997239,0
997240,0
997241,0
997242,38
997243,0
997244,0
997245,34
997246,42
997247,0
997248,23
997249,0
997250,0
997251,49
997252,0
997253,0
997254,0
997255,0
997256,36
997257,0
997258,0
997259,56
997260,31
997261,0
997262,0
997263,0
997264,0
997265,0
997266,0
997267,0
997268,0
997269,0
997270,0
997271,0
997272,0
997273,0
997274,22
997275,0
997276,0
997277,0
997278,0
997279,39
997280,0
997281,0
997282,0
997283,0
997284,57
997285,0
997286,0
997287,0
997288,0
997289,0
997290,0
997291,28
997292,45
997293,29
997294,0
997295,0
997296,0
997297,0
997298,0
997299,36
997300,0
997301,0
997302,0
997303,0
997304,0
997305,0
997306,33
997307,0
997308,21
997309,0
997310,0
997311,0
997312,0
997313,0
997314,26
997315,45
997316,55
997317,0
997318,24
997319,0
997320,0
997321,23
997322,0
997323,0
997324,0
997325,33
997326,0
997327,0
997328,0
997329,0
997330,29
997331,0
997332,0
997333,0
997334,0
997335,0
997336,0
997337,14
997338,34
997339,0
997340,0
997341,0
997342,0
997343,40
997344,21
997345,0
997346,0
997347,34
997348,0
997349,0
997350,22
997351,0
997352,0
997353,0
997354,0
997355,46
997356,19
997357,17
997358,0
997359,0
997360,0
997361,0
997362,0
997363,0
997364,0
997365,0
997366,0
997367,0
997368,0
997369,0
997370,0
997371,0
997372,0
997373,0
997374,0
997375,0
997376,51
997377,0
997378,0
997379,0
997380,0
997381,0
997382,28
997383,31
997384,47
997385,0
997386,0
997387,0
997388,28
997389,0
997390,0
997391,33
997392,0
997393,0
997394,34
997395,22
997396,0
997397,41
997398,0
997399,54
997400,0
997401,0
997402,0
997403,0
997404,38
997405,0
997406,25
997407,0
997408,0
997409,0
997410,0
997411,34
997412,0
997413,37
997414,45
997415,40
997416,0
997417,32
997418,0
997419,36
997420,0
997421,39
997422,0
997423,0
997424,57
997425,0
997426,0
997427,35
997428,0
997429,0
997430,31
997431,0
997432,39
997433,0
997434,31
997435,0
997436,36
997437,0
997438,0
997439,0
997440,0
997441,0
997442,51
997443,0
997444,0
997445,0
997446,0
997447,0
997448,54
997449,0
997450,32
997451,0
997452,25
997453,0
997454,0
997455,0
997456,37
997457,0
997458,0
997459,0
997460,37
997461,0
997462,0
997463,0
997464,0
997465,33
997466,27
997467,0
997468,0
997469,0
997470,0
997471,0
997472,0
997473,0
997474,0
997475,0
997476,0
997477,0
997478,0
997479,0
997480,38
997481,0
997482,20
997483,0
997484,27
997485,0
997486,0
997487,0
997488,0
997489,0
997490,38
997491,45
997492,0
997493,0
997494,0
997495,38
997496,0
997497,0
997498,0
997499,0
997500,35
997501,38
997502,0
997503,34
997504,0
997505,0
997506,0
997507,0
997508,28
997509,0
997510,0
997511,0
997512,0
997513,0
997514,0
997515,42
997516,0
997517,0
997518,0
997519,0
997520,0
997521,0
997522,0
997523,0
997524,0
997525,0
997526,27
997527,47
997528,0
997529,0
997530,0
997531,0
997532,0
997533,35
997534,0
997535,0
997536,0
997537,34
997538,0
997539,0
997540,47
997541,0
997542,0
997543,0
997544,0
997545,0
997546,0
997547,35
997548,0
997549,0
997550,45
997551,38
997552,32
997553,25
997554,0
997555,42
997556,0
997557,43
997558,33
997559,45
997560,0
997561,39
997562,0
997563,0
997564,0
997565,0
997566,38
997567,0
997568,0
997569,0
997570,0
997571,0
997572,0
997573,0
997574,28
997575,28
997576,0
997577,0
997578,33
997579,26
997580,0
997581,0
997582,0
997583,0
997584,0
997585,42
997586,0
997587,26
997588,0
997589,0
997590,0
997591,0
997592,0
997593,0
997594,0
997595,0
997596,0
997597,0
997598,0
997599,61
997600,36
997601,0
997602,0
997603,0
997604,0
997605,0
997606,0
997607,0
997608,0
997609,0
997610,0
997611,0
997612,0
997613,0
997614,38
997615,0
997616,0
997617,0
997618,0
997619,0
997620,0
997621,0
997622,0
997623,0
997624,0
997625,0
997626,46
997627,0
997628,0
997629,0
997630,0
997631,0
997632,0
997633,0
997634,0
997635,29
997636,0
997637,0
997638,0
997639,0
997640,31
997641,0
997642,0
997643,0
997644,0
997645,22
997646,0
997647,0
997648,0
997649,0
997650,0
997651,0
997652,0
997653,0
997654,0
997655,22
997656,0
997657,0
997658,0
997659,0
997660,0
997661,0
997662,33
997663,0
997664,0
997665,0
997666,0
997667,0
997668,34
997669,0
997670,0
997671,0
997672,0
997673,0
997674,0
997675,0
997676,0
997677,0
997678,0
997679,0
997680,0
997681,0
997682,21
997683,0
997684,0
997685,0
997686,0
997687,0
997688,0
997689,0
997690,0
997691,25
997692,0
997693,0
997694,0
997695,43
997696,0
997697,0
997698,0
997699,0
997700,0
997701,0
997702,0
997703,0
997704,0
997705,0
997706,0
997707,0
997708,0
997709,0
997710,0
997711,0
997712,47
997713,0
997714,0
997715,0
997716,0
997717,0
997718,0
997719,0
997720,0
997721,37
997722,0
997723,0
997724,0
997725,0
997726,0
997727,0
997728,0
997729,0
997730,0
997731,0
997732,0
997733,0
997734,0
997735,0
997736,0
997737,0
997738,0
997739,0
997740,0
997741,0
997742,0
997743,0
997744,0
997745,0
997746,0
997747,0
997748,0
997749,0
997750,0
997751,0
997752,0
997753,27
997754,0
997755,0
997756,0
997757,0
997758,0
997759,0
997760,0
997761,0
997762,0
997763,0
997764,0
997765,0
997766,0
997767,0
997768,0
997769,0
997770,0
997771,0
997772,0
997773,0
997774,0
997775,0
997776,0
997777,0
997778,0
997779,0
997780,0
997781,0
997782,0
997783,0
997784,0
997785,0
997786,0
997787,0
997788,0
997789,0
997790,37
997791,0
997792,39
997793,0
997794,0
997795,0
997796,0
997797,0
997798,0
997799,0
997800,0
997801,0
997802,0
997803,0
997804,0
997805,0
997806,0
997807,0
997808,0
997809,0
997810,0
997811,0
997812,0
997813,0
997814,0
997815,0
997816,0
997817,0
997818,0
997819,0
997820,0
997821,0
997822,0
997823,0
997824,39
997825,0
997826,0
997827,0
997828,0
997829,0
997830,0
997831,0
997832,0
997833,0
997834,0
997835,0
997836,0
997837,30
997838,0
997839,0
997840,0
997841,0
997842,0
997843,0
997844,0
997845,0
997846,0
997847,0
997848,19
997849,0
997850,0
997851,0
997852,0
997853,0
997854,0
997855,0
997856,0
997857,0
997858,0
997859,0
997860,41
997861,0
997862,0
997863,0
997864,0
997865,0
997866,0
997867,0
997868,0
997869,0
997870,0
997871,0
997872,30
997873,0
997874,53
997875,0
997876,0
997877,0
997878,31
997879,0
997880,0
997881,45
997882,0
997883,0
997884,0
997885,0
997886,0
997887,26
997888,0
997889,0
997890,0
997891,0
997892,0
997893,0
997894,0
997895,0
997896,0
997897,0
997898,0
997899,0
997900,0
997901,0
997902,0
997903,35
997904,0
997905,0
997906,0
997907,0
997908,0
997909,0
997910,0
997911,0
997912,0
997913,0
997914,0
997915,0
997916,0
997917,0
997918,0
997919,0
997920,0
997921,0
997922,0
997923,0
997924,0
997925,0
997926,0
997927,0
997928,0
997929,0
997930,0
997931,42
997932,0
997933,0
997934,0
997935,0
997936,0
997937,0
997938,0
997939,0
997940,0
997941,26
997942,0
997943,0
997944,21
997945,0
997946,0
997947,0
997948,0
997949,0
997950,0
997951,0
997952,0
997953,0
997954,0
997955,0
997956,0
997957,0
997958,29
997959,0
997960,0
997961,0
997962,0
997963,0
997964,0
997965,0
997966,0
997967,0
997968,0
997969,0
997970,0
997971,0
997972,39
997973,0
997974,0
997975,0
997976,0
997977,0
997978,0
997979,0
997980,0
997981,31
997982,0
997983,0
997984,28
997985,0
997986,0
997987,0
997988,0
997989,0
997990,0
997991,0
997992,0
997993,28
997994,0
997995,0
997996,0
997997,0
997998,0
997999,0
998000,0
998001,0
998002,0
998003,0
998004,0
998005,46
998006,0
998007,0
998008,0
998009,0
998010,0
998011,22
998012,0
998013,0
998014,0
998015,0
998016,27
998017,0
998018,0
998019,0
998020,0
998021,0
998022,0
998023,0
998024,41
998025,0
998026,0
998027,0
998028,0
998029,0
998030,0
998031,0
998032,0
998033,0
998034,0
998035,0
998036,0
998037,0
998038,0
998039,0
998040,0
998041,0
998042,0
998043,0
998044,0
998045,0
998046,0
998047,0
998048,0
998049,0
998050,0
998051,0
998052,0
998053,0
998054,0
998055,0
998056,0
998057,0
998058,0
998059,0
998060,0
998061,0
998062,0
998063,0
998064,0
998065,0
998066,0
998067,0
998068,0
998069,38
998070,0
998071,0
998072,0
998073,0
998074,0
998075,0
998076,0
998077,0
998078,0
998079,0
998080,0
998081,0
998082,0
998083,53
998084,0
998085,0
998086,0
998087,30
998088,0
998089,0
998090,0
998091,0
998092,32
998093,0
998094,0
998095,0
998096,20
998097,0
998098,0
998099,0
998100,0
998101,0
998102,0
998103,0
998104,45
998105,0
998106,0
998107,38
998108,0
998109,0
998110,0
998111,0
998112,0
998113,0
998114,0
998115,0
998116,0
998117,38
998118,0
998119,24
998120,0
998121,0
998122,0
998123,0
998124,0
998125,0
998126,0
998127,0
998128,0
998129,0
998130,0
998131,0
998132,0
998133,0
998134,0
998135,46
998136,0
998137,0
998138,0
998139,0
998140,0
998141,0
998142,0
998143,0
998144,0
998145,0
998146,0
998147,0
998148,0
998149,0
998150,0
998151,0
998152,0
998153,0
998154,0
998155,0
998156,0
998157,0
998158,14
998159,12
998160,0
998161,16
998162,0
998163,0
998164,0
998165,0
998166,0
998167,0
998168,0
998169,0
998170,0
998171,0
998172,0
998173,0
998174,12
998175,0
998176,0
998177,0
998178,0
998179,0
998180,0
998181,0
998182,0
998183,0
998184,0
998185,0
998186,0
998187,0
998188,0
998189,0
998190,0
998191,0
998192,0
998193,0
998194,0
998195,0
998196,8
998197,10
998198,0
998199,19
998200,0
998201,0
998202,0
998203,0
998204,0
998205,18
998206,0
998207,0
998208,0
998209,0
998210,0
998211,0
998212,0
998213,0
998214,0
998215,0
998216,0
998217,11
998218,0
998219,0
998220,12
998221,9
998222,0
998223,0
998224,0
998225,0
998226,0
998227,0
998228,0
998229,0
998230,0
998231,0
998232,19
998233,0
998234,0
998235,0
998236,0
998237,0
998238,0
998239,0
998240,0
998241,0
998242,7
998243,14
998244,0
998245,0
998246,0
998247,0
998248,0
998249,0
998250,0
998251,12
998252,0
998253,0
998254,0
998255,0
998256,0
998257,0
998258,0
998259,0
998260,0
998261,0
998262,0
998263,0
998264,0
998265,5
998266,0
998267,0
998268,0
998269,0
998270,0
998271,0
998272,12
998273,14
998274,0
998275,8
998276,0
998277,9
998278,0
998279,18
998280,0
998281,13
998282,0
998283,14
998284,0
998285,0
998286,8
998287,0
998288,0
998289,0
998290,13
998291,0
998292,0
998293,17
998294,0
998295,0
998296,5
998297,0
998298,0
998299,0
998300,0
998301,0
998302,0
998303,18
998304,12
998305,0
998306,0
998307,22
998308,0
998309,0
998310,0
998311,0
998312,0
998313,0
998314,0
998315,0
998316,0
998317,0
998318,0
998319,0
998320,0
998321,12
998322,0
998323,0
998324,0
998325,22
998326,0
998327,0
998328,15
998329,0
998330,0
998331,0
998332,0
998333,0
998334,12
998335,0
998336,0
998337,0
998338,0
998339,15
998340,0
998341,0
998342,0
998343,0
998344,0
998345,0
998346,0
998347,0
998348,0
998349,0
998350,0
998351,0
998352,0
998353,0
998354,0
998355,0
998356,10
998357,0
998358,0
998359,13
998360,12
998361,9
998362,0
998363,0
998364,0
998365,7
998366,0
998367,7
998368,0
998369,0
998370,6
998371,0
998372,0
998373,8
998374,0
998375,0
998376,15
998377,0
998378,0
998379,14
998380,0
998381,13
998382,0
998383,0
998384,0
998385,21
998386,0
998387,10
998388,0
998389,0
998390,0
998391,0
998392,7
998393,0
998394,0
998395,12
998396,0
998397,0
998398,0
998399,0
998400,12
998401,7
998402,0
998403,0
998404,12
998405,11
998406,0
998407,0
998408,0
998409,0
998410,0
998411,9
998412,0
998413,10
998414,8
998415,0
998416,0
998417,0
998418,13
998419,0
998420,20
998421,0
998422,0
998423,0
998424,8
998425,0
998426,0
998427,0
998428,0
998429,0
998430,8
998431,0
998432,30
998433,0
998434,0
998435,0
998436,0
998437,38
998438,0
998439,0
998440,0
998441,0
998442,0
998443,0
998444,0
998445,0
998446,33
998447,0
998448,0
998449,0
998450,0
998451,19
998452,0
998453,0
998454,0
998455,0
998456,25
998457,0
998458,0
998459,38
998460,0
998461,0
998462,0
998463,18
998464,0
998465,0
998466,0
998467,0
998468,0
998469,0
998470,29
998471,0
998472,0
998473,0
998474,0
998475,42
998476,0
998477,0
998478,0
998479,0
998480,0
998481,0
998482,0
998483,0
998484,0
998485,0
998486,0
998487,0
998488,40
998489,0
998490,0
998491,0
998492,0
998493,0
998494,0
998495,0
998496,0
998497,0
998498,0
998499,0
998500,0
998501,0
998502,0
998503,0
998504,0
998505,0
998506,0
998507,0
998508,0
998509,0
998510,0
998511,0
998512,0
998513,24
998514,0
998515,0
998516,0
998517,0
998518,0
998519,0
998520,0
998521,27
998522,0
998523,0
998524,0
998525,0
998526,29
998527,0
998528,0
998529,0
998530,0
998531,0
998532,0
998533,0
998534,0
998535,0
998536,0
998537,0
998538,0
998539,0
998540,0
998541,0
998542,0
998543,0
998544,0
998545,0
998546,19
998547,0
998548,0
998549,0
998550,33
998551,0
998552,0
998553,0
998554,0
998555,0
998556,0
998557,30
998558,17
998559,0
998560,0
998561,0
998562,0
998563,0
998564,0
998565,0
998566,0
998567,0
998568,0
998569,0
998570,0
998571,0
998572,0
998573,0
998574,0
998575,22
998576,0
998577,0
998578,0
998579,0
998580,0
998581,0
998582,0
998583,0
998584,0
998585,0
998586,0
998587,0
998588,0
998589,0
998590,0
998591,0
998592,0
998593,0
998594,0
998595,0
998596,0
998597,0
998598,0
998599,0
998600,0
998601,0
998602,0
998603,0
998604,0
998605,0
998606,0
998607,0
998608,34
998609,0
998610,0
998611,0
998612,0
998613,0
998614,0
998615,0
998616,0
998617,0
998618,0
998619,0
998620,17
998621,0
998622,46
998623,0
998624,0
998625,0
998626,18
998627,0
998628,0
998629,0
998630,0
998631,0
998632,0
998633,25
998634,0
998635,0
998636,0
998637,0
998638,0
998639,0
998640,0
998641,0
998642,0
998643,0
998644,23
998645,0
998646,0
998647,38
998648,0
998649,25
998650,0
998651,0
998652,0
998653,0
998654,0
998655,0
998656,0
998657,0
998658,0
998659,0
998660,24
998661,0
998662,0
998663,0
998664,0
998665,0
998666,0
998667,0
998668,0
998669,0
998670,21
998671,0
998672,0
998673,0
998674,0
998675,0
998676,0
998677,0
998678,19
998679,0
998680,0
998681,0
998682,0
998683,0
998684,0
998685,32
998686,0
998687,0
998688,0
998689,0
998690,0
998691,41
998692,0
998693,0
998694,0
998695,0
998696,30
998697,0
998698,0
998699,0
998700,0
998701,0
998702,0
998703,0
998704,31
998705,35
998706,35
998707,0
998708,0
998709,0
998710,0
998711,37
998712,0
998713,23
998714,0
998715,0
998716,0
998717,0
998718,25
998719,0
998720,0
998721,0
998722,0
998723,0
998724,0
998725,0
998726,41
998727,0
998728,0
998729,0
998730,0
998731,0
998732,0
998733,0
998734,0
998735,35
998736,0
998737,26
998738,0
998739,0
998740,0
998741,0
998742,34
998743,0
998744,35
998745,0
998746,0
998747,0
998748,0
998749,0
998750,0
998751,0
998752,0
998753,0
998754,0
998755,0
998756,0
998757,0
998758,0
998759,0
998760,30
998761,0
998762,0
998763,0
998764,0
998765,0
998766,0
998767,25
998768,0
998769,0
998770,0
998771,0
998772,30
998773,0
998774,0
998775,0
998776,0
998777,0
998778,0
998779,0
998780,0
998781,27
998782,33
998783,0
998784,0
998785,0
998786,0
998787,0
998788,0
998789,0
998790,0
998791,0
998792,0
998793,37
998794,0
998795,0
998796,0
998797,0
998798,0
998799,0
998800,0
998801,0
998802,0
998803,0
998804,35
998805,0
998806,0
998807,0
998808,0
998809,34
998810,0
998811,0
998812,0
998813,0
998814,0
998815,0
998816,35
998817,0
998818,0
998819,0
998820,11
998821,50
998822,0
998823,0
998824,0
998825,0
998826,0
998827,0
998828,0
998829,0
998830,30
998831,0
998832,0
998833,0
998834,0
998835,0
998836,0
998837,0
998838,0
998839,0
998840,26
998841,0
998842,0
998843,0
998844,0
998845,0
998846,0
998847,25
998848,0
998849,0
998850,0
998851,0
998852,0
998853,0
998854,0
998855,0
998856,0
998857,0
998858,0
998859,0
998860,0
998861,0
998862,0
998863,0
998864,0
998865,0
998866,0
998867,29
998868,24
998869,0
998870,0
998871,0
998872,0
998873,0
998874,0
998875,0
998876,0
998877,36
998878,0
998879,0
998880,0
998881,0
998882,0
998883,0
998884,0
998885,0
998886,0
998887,0
998888,0
998889,0
998890,0
998891,0
998892,0
998893,33
998894,0
998895,0
998896,0
998897,0
998898,0
998899,0
998900,0
998901,29
998902,0
998903,0
998904,0
998905,0
998906,0
998907,0
998908,0
998909,0
998910,0
998911,0
998912,0
998913,0
998914,0
998915,0
998916,0
998917,0
998918,0
998919,28
998920,0
998921,0
998922,0
998923,0
998924,0
998925,26
998926,0
998927,0
998928,0
998929,0
998930,0
998931,0
998932,0
998933,0
998934,0
998935,38
998936,0
998937,0
998938,0
998939,0
998940,0
998941,0
998942,0
998943,0
998944,0
998945,0
998946,0
998947,0
998948,0
998949,0
998950,0
998951,0
998952,0
998953,0
998954,0
998955,0
998956,0
998957,0
998958,31
998959,0
998960,0
998961,0
998962,0
998963,0
998964,0
998965,0
998966,23
998967,0
998968,0
998969,0
998970,0
998971,0
998972,24
998973,0
998974,0
998975,0
998976,0
998977,0
998978,28
998979,0
998980,0
998981,30
998982,43
998983,0
998984,0
998985,0
998986,0
998987,0
998988,0
998989,0
998990,0
998991,0
998992,0
998993,0
998994,38
998995,0
998996,0
998997,0
998998,0
998999,31
999000,0
999001,38
999002,0
999003,0
999004,0
999005,0
999006,0
999007,0
999008,0
999009,0
999010,0
999011,0
999012,0
999013,0
999014,0
999015,0
999016,0
999017,0
999018,0
999019,0
999020,25
999021,0
999022,22
999023,0
999024,0
999025,0
999026,0
999027,0
999028,0
999029,0
999030,0
999031,0
999032,0
999033,0
999034,0
999035,0
999036,0
999037,0
999038,20
999039,0
999040,0
999041,22
999042,38
999043,0
999044,0
999045,0
999046,0
999047,0
999048,0
999049,0
999050,0
999051,30
999052,0
999053,0
999054,0
999055,0
999056,0
999057,0
999058,0
999059,0
999060,0
999061,0
999062,0
999063,0
999064,0
999065,0
999066,0
999067,0
999068,0
999069,0
999070,35
999071,0
999072,0
999073,0
999074,0
999075,0
999076,0
999077,0
999078,0
999079,0
999080,0
999081,0
999082,0
999083,0
999084,0
999085,0
999086,0
999087,0
999088,0
999089,0
999090,0
999091,0
999092,23
999093,0
999094,0
999095,0
999096,0
999097,0
999098,0
999099,0
999100,0
999101,0
999102,0
999103,0
999104,0
999105,0
999106,0
999107,0
999108,0
999109,0
999110,0
999111,0
999112,0
999113,0
999114,0
999115,0
999116,0
999117,18
999118,0
999119,0
999120,0
999121,0
999122,0
999123,0
999124,0
999125,0
999126,0
999127,0
999128,33
999129,0
999130,0
999131,0
999132,31
999133,0
999134,27
999135,0
999136,0
999137,0
999138,0
999139,0
999140,27
999141,0
999142,0
999143,0
999144,0
999145,0
999146,0
999147,0
999148,0
999149,0
999150,0
999151,0
999152,0
999153,0
999154,0
999155,36
999156,0
999157,38
999158,0
999159,0
999160,0
999161,0
999162,0
999163,0
999164,0
999165,0
999166,0
999167,0
999168,27
999169,0
999170,0
999171,0
999172,26
999173,0
999174,0
999175,0
999176,0
999177,0
999178,0
999179,0
999180,0
999181,25
999182,0
999183,0
999184,0
999185,0
999186,0
999187,0
999188,24
999189,0
999190,0
999191,0
999192,0
999193,0
999194,0
999195,0
999196,0
999197,0
999198,26
999199,0
999200,0
999201,0
999202,35
999203,25
999204,25
999205,0
999206,0
999207,0
999208,0
999209,0
999210,0
999211,0
999212,0
999213,0
999214,0
999215,0
999216,0
999217,0
999218,0
999219,20
999220,27
999221,27
999222,21
999223,0
999224,0
999225,0
999226,0
999227,36
999228,0
999229,0
999230,0
999231,23
999232,0
999233,0
999234,0
999235,25
999236,0
999237,0
999238,0
999239,0
999240,0
999241,0
999242,0
999243,37
999244,0
999245,0
999246,0
999247,28
999248,26
999249,0
999250,0
999251,0
999252,0
999253,0
999254,0
999255,0
999256,0
999257,25
999258,24
999259,0
999260,0
999261,0
999262,0
999263,0
999264,0
999265,0
999266,28
999267,19
999268,0
999269,0
999270,28
999271,0
999272,0
999273,0
999274,0
999275,0
999276,0
999277,0
999278,0
999279,0
999280,0
999281,13
999282,0
999283,0
999284,0
999285,0
999286,0
999287,0
999288,0
999289,41
999290,19
999291,0
999292,0
999293,0
999294,0
999295,0
999296,21
999297,0
999298,24
999299,0
999300,37
999301,0
999302,0
999303,0
999304,0
999305,30
999306,0
999307,0
999308,0
999309,0
999310,0
999311,0
999312,0
999313,0
999314,0
999315,24
999316,0
999317,0
999318,0
999319,0
999320,0
999321,0
999322,0
999323,0
999324,0
999325,0
999326,0
999327,0
999328,0
999329,0
999330,0
999331,0
999332,0
999333,0
999334,0
999335,0
999336,21
999337,22
999338,0
999339,0
999340,0
999341,30
999342,0
999343,0
999344,0
999345,0
999346,0
999347,0
999348,0
999349,0
999350,0
999351,0
999352,35
999353,0
999354,0
999355,36
999356,0
999357,0
999358,0
999359,0
999360,0
999361,13
999362,0
999363,0
999364,0
999365,0
999366,0
999367,0
999368,0
999369,17
999370,8
999371,13
999372,21
999373,14
999374,0
999375,0
999376,20
999377,0
999378,0
999379,0
999380,0
999381,0
999382,0
999383,0
999384,0
999385,12
999386,0
999387,0
999388,21
999389,0
999390,11
999391,0
999392,12
999393,0
999394,0
999395,13
999396,9
999397,0
999398,0
999399,0
999400,0
999401,0
999402,0
999403,0
999404,0
999405,19
999406,0
999407,0
999408,0
999409,0
999410,0
999411,10
999412,18
999413,12
999414,0
999415,0
999416,0
999417,12
999418,0
999419,17
999420,0
999421,0
999422,0
999423,0
999424,0
999425,7
999426,0
999427,14
999428,0
999429,0
999430,0
999431,0
999432,16
999433,14
999434,16
999435,0
999436,0
999437,0
999438,0
999439,0
999440,0
999441,0
999442,0
999443,0
999444,0
999445,0
999446,0
999447,0
999448,0
999449,21
999450,0
999451,0
999452,0
999453,12
999454,0
999455,15
999456,0
999457,12
999458,0
999459,0
999460,9
999461,0
999462,9
999463,0
999464,0
999465,0
999466,0
999467,0
999468,13
999469,0
999470,0
999471,0
999472,18
999473,0
999474,0
999475,13
999476,18
999477,18
999478,0
999479,0
999480,0
999481,0
999482,19
999483,0
999484,0
999485,0
999486,11
999487,12
999488,0
999489,0
999490,0
999491,12
999492,0
999493,13
999494,0
999495,0
999496,0
999497,0
999498,0
999499,0
999500,0
999501,0
999502,0
999503,12
999504,10
999505,0
999506,0
999507,0
999508,0
999509,0
999510,0
999511,0
999512,0
999513,0
999514,0
999515,0
999516,11
999517,0
999518,23
999519,0
999520,0
999521,0
999522,17
999523,0
999524,0
999525,0
999526,0
999527,0
999528,0
999529,0
999530,0
999531,0
999532,0
999533,0
999534,0
999535,0
999536,20
999537,0
999538,13
999539,0
999540,16
999541,10
999542,0
999543,0
999544,24
999545,0
999546,19
999547,15
999548,0
999549,26
999550,25
999551,0
999552,0
999553,0
999554,0
999555,18
999556,0
999557,0
999558,0
999559,16
999560,0
999561,0
999562,0
999563,0
999564,0
999565,0
999566,0
999567,14
999568,0
999569,0
999570,0
999571,0
999572,0
999573,0
999574,0
999575,19
999576,0
999577,21
999578,0
999579,21
999580,20
999581,0
999582,0
999583,0
999584,0
999585,0
999586,0
999587,0
999588,0
999589,0
999590,0
999591,11
999592,19
999593,0
999594,0
999595,0
999596,0
999597,14
999598,0
999599,0
999600,0
999601,25
999602,0
999603,0
999604,19
999605,0
999606,0
999607,0
999608,0
999609,0
999610,0
999611,0
999612,0
999613,0
999614,6
999615,0
999616,0
999617,0
999618,0
999619,0
999620,16
999621,16
999622,0
999623,0
999624,0
999625,9
999626,0
999627,0
999628,14
999629,14
999630,0
999631,0
999632,20
999633,0
999634,0
999635,13
999636,0
999637,0
999638,13
999639,0
999640,13
999641,0
999642,0
999643,0
999644,0
999645,0
999646,0
999647,0
999648,0
999649,0
999650,0
999651,0
999652,0
999653,15
999654,0
999655,18
999656,0
999657,0
999658,0
999659,5
999660,0
999661,0
999662,13
999663,0
999664,0
999665,0
999666,14
999667,0
999668,0
999669,0
999670,0
999671,0
999672,0
999673,0
999674,0
999675,0
999676,0
999677,0
999678,0
999679,0
999680,11
999681,0
999682,0
999683,12
999684,0
999685,0
999686,20
999687,0
999688,0
999689,0
999690,17
999691,0
999692,0
999693,0
999694,0
999695,0
999696,0
999697,0
999698,11
999699,0
999700,0
999701,0
999702,0
999703,19
999704,0
999705,0
999706,0
999707,15
999708,0
999709,0
999710,14
999711,13
999712,17
999713,0
999714,0
999715,0
999716,17
999717,7
999718,0
999719,0
999720,0
999721,0
999722,0
999723,19
999724,15
999725,0
999726,0
999727,10
999728,0
999729,0
999730,14
999731,4
999732,0
999733,14
999734,0
999735,0
999736,0
999737,0
999738,0
999739,0
999740,0
999741,11
999742,0
999743,0
999744,0
999745,0
999746,0
999747,18
999748,0
999749,14
999750,0
999751,0
999752,0
999753,0
999754,0
999755,0
999756,0
999757,0
999758,0
999759,0
999760,14
999761,0
999762,0
999763,0
999764,0
999765,0
999766,9
999767,0
999768,0
999769,0
999770,0
999771,23
999772,21
999773,0
999774,3
999775,0
999776,17
999777,0
999778,17
999779,0
999780,0
999781,0
999782,0
999783,0
999784,11
999785,0
999786,0
999787,0
999788,0
999789,0
999790,0
999791,0
999792,0
999793,0
999794,0
999795,0
999796,0
999797,0
999798,0
999799,0
999800,0
999801,0
999802,0
999803,0
999804,0
999805,0
999806,0
999807,0
999808,11
999809,17
999810,0
999811,0
999812,8
999813,0
999814,0
999815,31
999816,0
999817,0
999818,0
999819,0
999820,13
999821,0
999822,0
999823,8
999824,15
999825,0
999826,10
999827,0
999828,0
999829,0
999830,24
999831,0
999832,0
999833,16
999834,0
999835,10
999836,6
999837,0
999838,0
999839,0
999840,0
999841,0
999842,0
999843,13
999844,20
999845,0
999846,0
999847,18
999848,0
999849,0
999850,0
999851,0
999852,9
999853,0
999854,0
999855,0
999856,9
999857,0
999858,17
999859,0
999860,0
999861,0
999862,0
999863,0
999864,0
999865,0
999866,0
999867,0
999868,0
999869,0
999870,0
999871,0
999872,0
999873,1
999874,0
999875,0
999876,0
999877,0
999878,0
999879,0
999880,0
999881,0
999882,0
999883,0
999884,0
999885,0
999886,0
999887,0
999888,0
999889,0
999890,0
999891,0
999892,0
999893,0
999894,0
999895,0
999896,0
999897,0
999898,0
999899,0
999900,0
999901,0
999902,0
999903,0
999904,0
999905,0
999906,0
999907,0
999908,0
999909,0
999910,0
999911,0
999912,0
999913,0
999914,0
999915,0
999916,1
999917,0
999918,0
999919,0
999920,0
999921,0
999922,0
999923,0
999924,0
999925,0
999926,0
999927,0
999928,0
999929,0
999930,0
999931,0
999932,0
999933,0
999934,0
999935,0
999936,0
999937,0
999938,0
999939,0
999940,0
999941,0
999942,0
999943,0
999944,0
999945,0
999946,0
999947,0
999948,0
999949,0
999950,0
999951,0
999952,0
999953,0
999954,0
999955,0
999956,0
999957,0
999958,0
999959,0
999960,0
999961,0
999962,0
999963,0
999964,0
999965,0
999966,0
999967,0
999968,0
999969,0
999970,0
999971,0
999972,0
999973,0
999974,0
999975,0
999976,0
999977,0
999978,0
999979,0
999980,0
999981,0
999982,0
999983,0
999984,0
999985,0
999986,0
999987,0
999988,0
999989,0
999990,0
999991,0
999992,0
999993,0
999994,0
999995,0
999996,0
999997,0
999998,0
999999,0
1000000,0
1000001,0
1000002,0
1000003,0
1000004,0
1000005,0
1000006,0
1000007,0
1000008,1
1000009,0
1000010,0
1000011,0
1000012,0
1000013,0
1000014,0
1000015,0
1000016,0
1000017,0
1000018,0
1000019,0
1000020,0
1000021,0
1000022,0
1000023,0
1000024,0
1000025,0
1000026,0
1000027,0
1000028,2
1000029,0
1000030,0
1000031,0
1000032,0
1000033,0
1000034,0
1000035,0
1000036,0
1000037,0
1000038,0
1000039,0
1000040,0
1000041,0
1000042,0
1000043,0
1000044,0
1000045,0
1000046,0
1000047,0
1000048,0
1000049,0
1000050,0
1000051,0
1000052,0
1000053,0
1000054,0
1000055,0
1000056,0
1000057,0
1000058,0
1000059,0
1000060,0
1000061,0
1000062,0
1000063,0
1000064,0
1000065,0
1000066,0
1000067,0
1000068,0
1000069,0
1000070,0
1000071,0
1000072,0
1000073,0
1000074,0
1000075,0
1000076,0
1000077,0
1000078,0
1000079,0
1000080,0
1000081,0
1000082,0
1000083,0
1000084,0
1000085,0
1000086,0
1000087,0
1000088,0
1000089,0
1000090,2
1000091,0
1000092,0
1000093,0
1000094,0
1000095,0
1000096,0
1000097,0
1000098,0
1000099,0
1000100,0
1000101,0
1000102,0
1000103,0
1000104,0
1000105,0
1000106,0
1000107,0
1000108,0
1000109,0
1000110,0
1000111,0
1000112,0
1000113,0
1000114,0
1000115,0
1000116,0
1000117,0
1000118,0
1000119,0
1000120,0
1000121,0
1000122,0
1000123,0
1000124,0
1000125,0
1000126,0
1000127,0
1000128,0
1000129,0
1000130,0
1000131,0
1000132,0
1000133,2
1000134,0
1000135,0
1000136,0
1000137,0
1000138,0
1000139,0
1000140,0
1000141,0
1000142,0
1000143,0
1000144,0
1000145,0
1000146,0
1000147,0
1000148,0
1000149,0
1000150,0
1000151,0
1000152,0
1000153,0
1000154,0
1000155,0
1000156,0
1000157,0
1000158,0
1000159,0
1000160,0
1000161,0
1000162,0
1000163,0
1000164,0
1000165,0
1000166,0
1000167,0
1000168,0
1000169,0
1000170,0
1000171,0
1000172,1
1000173,0
1000174,0
1000175,0
1000176,0
1000177,0
1000178,0
1000179,0
1000180,0
1000181,0
1000182,0
1000183,0
1000184,0
1000185,0
1000186,0
1000187,0
1000188,0
1000189,0
1000190,0
1000191,0
1000192,0
1000193,0
1000194,0
1000195,0
1000196,0
1000197,0
1000198,0
1000199,0
1000200,0
1000201,0
1000202,0
1000203,1
1000204,0
1000205,0
1000206,0
1000207,0
1000208,0
1000209,0
1000210,0
1000211,0
1000212,0
1000213,0
1000214,0
1000215,0
1000216,0
1000217,0
1000218,0
1000219,0
1000220,0
1000221,0
1000222,0
1000223,0
1000224,0
1000225,0
1000226,0
1000227,0
1000228,0
1000229,0
1000230,0
1000231,0
1000232,0
1000233,0
1000234,0
1000235,0
1000236,0
1000237,0
1000238,0
1000239,0
1000240,0
1000241,0
1000242,1
1000243,0
1000244,0
1000245,2
1000246,0
1000247,0
1000248,0
1000249,0
1000250,0
1000251,0
1000252,0
1000253,0
1000254,1
1000255,0
1000256,0
1000257,0
1000258,0
1000259,0
1000260,0
1000261,0
1000262,0
1000263,0
1000264,0
1000265,0
1000266,0
1000267,0
1000268,0
1000269,0
1000270,0
1000271,0
1000272,0
1000273,0
1000274,0
1000275,1
1000276,0
1000277,0
1000278,0
1000279,0
1000280,0
1000281,0
1000282,0
1000283,0
1000284,0
1000285,0
1000286,0
1000287,0
1000288,0
1000289,0
1000290,0
1000291,0
1000292,0
1000293,0
1000294,0
1000295,0
1000296,0
1000297,0
1000298,0
1000299,0
1000300,0
1000301,0
1000302,0
1000303,0
1000304,0
1000305,0
1000306,0
1000307,0
1000308,0
1000309,0
1000310,0
1000311,0
1000312,0
1000313,0
1000314,0
1000315,0
1000316,0
1000317,0
1000318,0
1000319,0
1000320,0
1000321,0
1000322,0
1000323,0
1000324,0
1000325,0
1000326,0
1000327,0
1000328,0
1000329,0
1000330,0
1000331,0
1000332,0
1000333,0
1000334,0
1000335,0
1000336,0
1000337,0
1000338,0
1000339,0
1000340,0
1000341,0
1000342,1
1000343,0
1000344,0
1000345,0
1000346,0
1000347,0
1000348,0
1000349,0
1000350,0
1000351,0
1000352,0
1000353,0
1000354,0
1000355,0
1000356,0
1000357,0
1000358,0
1000359,0
1000360,0
1000361,0
1000362,0
1000363,0
1000364,0
1000365,0
1000366,0
1000367,0
1000368,0
1000369,0
1000370,0
1000371,0
1000372,0
1000373,0
1000374,0
1000375,0
1000376,0
1000377,0
1000378,0
1000379,0
1000380,0
1000381,0
1000382,0
1000383,0
1000384,0
1000385,0
1000386,0
1000387,0
1000388,0
1000389,0
1000390,0
1000391,0
1000392,0
1000393,0
1000394,0
1000395,0
1000396,0
1000397,0
1000398,0
1000399,0
1000400,0
1000401,0
1000402,0
1000403,1
1000404,0
1000405,0
1000406,0
1000407,0
1000408,0
1000409,0
1000410,0
1000411,0
1000412,0
1000413,0
1000414,0
1000415,0
1000416,0
1000417,0
1000418,0
1000419,0
1000420,0
1000421,0
1000422,0
1000423,0
1000424,0
1000425,0
1000426,0
1000427,0
1000428,0
1000429,0
1000430,0
1000431,0
1000432,0
1000433,0
1000434,1
1000435,1
1000436,0
1000437,0
1000438,0
1000439,0
1000440,0
1000441,0
1000442,0
1000443,0
1000444,0
1000445,0
1000446,0
1000447,0
1000448,0
1000449,0
1000450,0
1000451,0
1000452,0
1000453,0
1000454,0
1000455,0
1000456,0
1000457,0
1000458,0
1000459,0
1000460,0
1000461,0
1000462,0
1000463,0
1000464,0
1000465,0
1000466,0
1000467,0
1000468,0
1000469,0
1000470,0
1000471,0
1000472,0
1000473,0
1000474,0
1000475,0
1000476,0
1000477,0
1000478,0
1000479,0
1000480,0
1000481,0
1000482,0
1000483,0
1000484,0
1000485,0
1000486,0
1000487,0
1000488,1
1000489,0
1000490,0
1000491,0
1000492,0
1000493,0
1000494,0
1000495,0
1000496,0
1000497,0
1000498,0
1000499,0
1000500,0
1000501,0
1000502,0
1000503,0
1000504,0
1000505,0
1000506,0
1000507,0
1000508,0
1000509,0
1000510,0
1000511,0
1000512,0
1000513,0
1000514,0
1000515,0
1000516,0
1000517,0
1000518,0
1000519,0
1000520,0
1000521,0
1000522,0
1000523,0
1000524,0
1000525,0
1000526,0
1000527,0
1000528,0
1000529,0
1000530,0
1000531,0
1000532,0
1000533,0
1000534,0
1000535,0
1000536,0
1000537,0
1000538,1
1000539,0
1000540,0
1000541,0
1000542,0
1000543,0
1000544,0
1000545,0
1000546,0
1000547,0
1000548,0
1000549,0
1000550,0
1000551,0
1000552,0
1000553,0
1000554,0
1000555,0
1000556,0
1000557,0
1000558,0
1000559,0
1000560,0
1000561,0
1000562,0
1000563,0
1000564,0
1000565,0
1000566,0
1000567,0
1000568,1
1000569,0
1000570,0
1000571,0
1000572,1
1000573,0
1000574,0
1000575,0
1000576,0
1000577,0
1000578,0
1000579,0
1000580,0
1000581,0
1000582,0
1000583,0
1000584,0
1000585,0
1000586,0
1000587,0
1000588,0
1000589,0
1000590,0
1000591,0
1000592,0
1000593,0
1000594,0
1000595,0
1000596,0
1000597,0
1000598,0
1000599,0
1000600,0
1000601,0
1000602,0
1000603,0
1000604,0
1000605,1
1000606,0
1000607,0
1000608,0
1000609,0
1000610,0
1000611,0
1000612,0
1000613,0
1000614,0
1000615,0
1000616,0
1000617,0
1000618,0
1000619,0
1000620,0
1000621,0
1000622,0
1000623,0
1000624,0
1000625,0
1000626,0
1000627,0
1000628,0
1000629,0
1000630,0
1000631,1
1000632,0
1000633,0
1000634,0
1000635,0
1000636,0
1000637,0
1000638,0
1000639,0
1000640,0
1000641,0
1000642,0
1000643,0
1000644,0
1000645,0
1000646,0
1000647,0
1000648,0
1000649,0
1000650,0
1000651,0
1000652,0
1000653,0
1000654,0
1000655,8
1000656,0
1000657,0
1000658,9
1000659,10
1000660,0
1000661,0
1000662,0
1000663,0
1000664,0
1000665,0
1000666,11
1000667,10
1000668,0
1000669,0
1000670,0
1000671,0
1000672,0
1000673,0
1000674,0
1000675,0
1000676,0
1000677,0
1000678,0
1000679,0
1000680,0
1000681,11
1000682,0
1000683,10
1000684,0
1000685,0
1000686,0
1000687,0
1000688,0
1000689,0
1000690,12
1000691,0
1000692,0
1000693,12
1000694,0
1000695,0
1000696,0
1000697,0
1000698,0
1000699,0
1000700,11
1000701,0
1000702,0
1000703,0
1000704,0
1000705,0
1000706,0
1000707,0
1000708,0
1000709,0
1000710,0
1000711,7
1000712,0
1000713,0
1000714,0
1000715,0
1000716,0
1000717,0
1000718,0
1000719,0
1000720,0
1000721,0
1000722,0
1000723,0
1000724,0
1000725,0
1000726,0
1000727,0
1000728,0
1000729,0
1000730,0
1000731,0
1000732,0
1000733,0
1000734,0
1000735,0
1000736,0
1000737,0
1000738,0
1000739,15
1000740,0
1000741,0
1000742,0
1000743,0
1000744,0
1000745,0
1000746,7
1000747,0
1000748,0
1000749,0
1000750,0
1000751,0
1000752,0
1000753,10
1000754,0
1000755,0
1000756,0
1000757,0
1000758,0
1000759,4
1000760,0
1000761,15
1000762,0
1000763,0
1000764,12
1000765,0
1000766,0
1000767,0
1000768,0
1000769,0
1000770,0
1000771,0
1000772,0
1000773,0
1000774,0
1000775,0
1000776,0
1000777,0
1000778,0
1000779,6
1000780,0
1000781,0
1000782,0
1000783,0
1000784,0
1000785,0
1000786,0
1000787,11
1000788,0
1000789,0
1000790,0
1000791,15
1000792,0
1000793,0
1000794,0
1000795,9
1000796,0
1000797,0
1000798,0
1000799,0
1000800,0
1000801,0
1000802,0
1000803,0
1000804,0
1000805,0
1000806,10
1000807,7
1000808,0
1000809,0
1000810,10
1000811,0
1000812,0
1000813,0
1000814,0
1000815,0
1000816,0
1000817,0
1000818,0
1000819,0
1000820,0
1000821,0
1000822,0
1000823,0
1000824,13
1000825,0
1000826,12
1000827,0
1000828,0
1000829,0
1000830,0
1000831,0
1000832,0
1000833,0
1000834,0
1000835,0
1000836,0
1000837,0
1000838,0
1000839,0
1000840,0
1000841,7
1000842,8
1000843,0
1000844,0
1000845,0
1000846,0
1000847,0
1000848,0
1000849,0
1000850,7
1000851,0
1000852,9
1000853,0
1000854,0
1000855,0
1000856,0
1000857,0
1000858,0
1000859,0
1000860,0
1000861,0
1000862,0
1000863,0
1000864,11
1000865,0
1000866,0
1000867,0
1000868,0
1000869,0
1000870,7
1000871,0
1000872,0
1000873,0
1000874,0
1000875,11
1000876,0
1000877,0
1000878,0
1000879,0
1000880,0
1000881,0
1000882,7
1000883,0
1000884,8
1000885,0
1000886,12
1000887,0
1000888,0
1000889,0
1000890,0
1000891,0
1000892,0
1000893,6
1000894,0
1000895,0
1000896,0
1000897,0
1000898,0
1000899,0
1000900,0
1000901,0
1000902,0
1000903,0
1000904,0
1000905,0
1000906,0
1000907,0
1000908,0
1000909,0
1000910,0
1000911,0
1000912,0
1000913,12
1000914,0
1000915,0
1000916,0
1000917,0
1000918,0
1000919,7
1000920,0
1000921,0
1000922,0
1000923,0
1000924,0
1000925,0
1000926,0
1000927,0
1000928,0
1000929,12
1000930,0
1000931,0
1000932,0
1000933,0
1000934,0
1000935,6
1000936,0
1000937,0
1000938,0
1000939,0
1000940,7
1000941,0
1000942,0
1000943,0
1000944,0
1000945,0
1000946,0
1000947,0
1000948,0
1000949,0
1000950,15
1000951,0
1000952,0
1000953,0
1000954,0
1000955,13
1000956,11
1000957,0
1000958,0
1000959,6
1000960,0
1000961,0
1000962,0
1000963,0
1000964,0
1000965,0
1000966,12
1000967,0
1000968,0
1000969,10
1000970,0
1000971,0
1000972,0
1000973,0
1000974,2
1000975,0
1000976,0
1000977,0
1000978,0
1000979,0
1000980,0
1000981,0
1000982,0
1000983,0
1000984,0
1000985,0
1000986,0
1000987,12
1000988,0
1000989,0
1000990,0
1000991,9
1000992,0
1000993,0
1000994,0
1000995,10
1000996,8
1000997,0
1000998,0
1000999,0
1001000,0
1001001,0
1001002,9
1001003,5
1001004,0
1001005,0
1001006,0
1001007,0
1001008,0
1001009,8
1001010,0
1001011,0
1001012,0
1001013,0
1001014,0
1001015,0
1001016,7
1001017,0
1001018,0
1001019,0
1001020,0
1001021,0
1001022,0
1001023,0
1001024,0
1001025,0
1001026,7
1001027,0
1001028,0
1001029,0
1001030,0
1001031,0
1001032,0
1001033,0
1001034,0
1001035,0
1001036,0
1001037,0
1001038,0
1001039,0
1001040,0
1001041,0
1001042,0
1001043,8
1001044,7
1001045,0
1001046,0
1001047,0
1001048,3
1001049,0
1001050,0
1001051,0
1001052,0
1001053,0
1001054,0
1001055,10
1001056,0
1001057,0
1001058,4
1001059,0
1001060,0
1001061,0
1001062,0
1001063,0
1001064,9
1001065,0
1001066,0
1001067,6
1001068,0
1001069,15
1001070,0
1001071,0
1001072,0
1001073,0
1001074,0
1001075,0
1001076,0
1001077,0
1001078,0
1001079,0
1001080,0
1001081,0
1001082,0
1001083,0
1001084,0
1001085,11
1001086,0
1001087,0
1001088,0
1001089,0
1001090,0
1001091,0
1001092,0
1001093,0
1001094,0
1001095,0
1001096,0
1001097,0
1001098,0
1001099,7
1001100,0
1001101,0
1001102,0
1001103,0
1001104,8
1001105,10
1001106,13
1001107,0
1001108,0
1001109,0
1001110,8
1001111,0
1001112,0
1001113,0
1001114,0
1001115,0
1001116,0
1001117,12
1001118,0
1001119,0
1001120,0
1001121,0
1001122,0
1001123,9
1001124,0
1001125,0
1001126,0
1001127,0
1001128,0
1001129,0
1001130,0
1001131,0
1001132,0
1001133,0
1001134,0
1001135,0
1001136,0
1001137,10
1001138,0
1001139,7
1001140,0
1001141,0
1001142,0
1001143,0
1001144,9
1001145,0
1001146,0
1001147,0
1001148,10
1001149,0
1001150,0
1001151,0
1001152,0
1001153,0
1001154,0
1001155,0
1001156,0
1001157,0
1001158,0
1001159,0
1001160,0
1001161,0
1001162,0
1001163,5
1001164,0
1001165,11
1001166,0
1001167,0
1001168,0
1001169,0
1001170,0
1001171,17
1001172,0
1001173,0
1001174,0
1001175,0
1001176,0
1001177,0
1001178,0
1001179,0
1001180,0
1001181,0
1001182,13
1001183,0
1001184,0
1001185,0
1001186,0
1001187,0
1001188,0
1001189,11
1001190,0
1001191,0
1001192,0
1001193,0
1001194,0
1001195,0
1001196,6
1001197,0
1001198,0
1001199,0
1001200,0
1001201,0
1001202,0
1001203,0
1001204,0
1001205,0
1001206,0
1001207,0
1001208,0
1001209,0
1001210,0
1001211,0
1001212,6
1001213,0
1001214,7
1001215,12
1001216,0
1001217,5
1001218,0
1001219,0
1001220,0
1001221,0
1001222,4
1001223,0
1001224,0
1001225,11
1001226,5
1001227,0
1001228,0
1001229,0
1001230,0
1001231,0
1001232,0
1001233,4
1001234,0
1001235,10
1001236,10
1001237,0
1001238,0
1001239,0
1001240,0
1001241,0
1001242,11
1001243,0
1001244,0
1001245,0
1001246,0
1001247,15
1001248,0
1001249,0
1001250,0
1001251,0
1001252,0
1001253,4
1001254,0
1001255,0
1001256,0
1001257,0
1001258,0
1001259,0
1001260,0
1001261,0
1001262,0
1001263,0
1001264,0
1001265,0
1001266,0
1001267,0
1001268,0
1001269,0
1001270,0
1001271,0
1001272,0
1001273,0
1001274,0
1001275,0
1001276,0
1001277,7
1001278,0
1001279,9
1001280,0
1001281,0
1001282,0
1001283,0
1001284,0
1001285,0
1001286,5
1001287,0
1001288,7
1001289,0
1001290,0
1001291,0
1001292,0
1001293,12
1001294,9
1001295,0
1001296,0
1001297,0
1001298,9
1001299,6
1001300,11
1001301,0
1001302,0
1001303,0
1001304,0
1001305,0
1001306,0
1001307,6
1001308,0
1001309,0
1001310,0
1001311,0
1001312,0
1001313,0
1001314,0
1001315,0
1001316,0
1001317,0
1001318,0
1001319,7
1001320,7
1001321,0
1001322,0
1001323,0
1001324,10
1001325,0
1001326,0
1001327,0
1001328,0
1001329,0
1001330,12
1001331,0
1001332,0
1001333,0
1001334,0
1001335,0
1001336,0
1001337,0
1001338,0
1001339,0
1001340,0
1001341,0
1001342,0
1001343,0
1001344,0
1001345,0
1001346,6
1001347,0
1001348,0
1001349,0
1001350,0
1001351,0
1001352,11
1001353,0
1001354,0
1001355,0
1001356,0
1001357,0
1001358,8
1001359,0
1001360,0
1001361,12
1001362,0
1001363,0
1001364,10
1001365,0
1001366,13
1001367,0
1001368,0
1001369,0
1001370,0
1001371,0
1001372,0
1001373,0
1001374,0
1001375,10
1001376,0
1001377,7
1001378,0
1001379,0
1001380,0
1001381,0
1001382,0
1001383,0
1001384,0
1001385,6
1001386,0
1001387,0
1001388,10
1001389,0
1001390,0
1001391,0
1001392,0
1001393,0
1001394,0
1001395,0
1001396,0
1001397,0
1001398,0
1001399,0
1001400,0
1001401,0
1001402,0
1001403,14
1001404,9
1001405,0
1001406,0
1001407,0
1001408,0
1001409,0
1001410,0
1001411,0
1001412,5
1001413,0
1001414,0
1001415,0
1001416,0
1001417,0
1001418,8
1001419,9
1001420,16
1001421,0
1001422,0
1001423,0
1001424,0
1001425,0
1001426,0
1001427,10
1001428,8
1001429,12
1001430,0
1001431,13
1001432,0
1001433,0
1001434,0
1001435,0
1001436,0
1001437,0
1001438,0
1001439,0
1001440,9
1001441,7
1001442,0
1001443,5
1001444,0
1001445,0
1001446,0
1001447,0
1001448,0
1001449,0
1001450,0
1001451,6
1001452,5
1001453,0
1001454,0
1001455,0
1001456,0
1001457,0
1001458,0
1001459,0
1001460,0
1001461,0
1001462,13
1001463,0
1001464,0
1001465,0
1001466,0
1001467,0
1001468,0
1001469,0
1001470,0
1001471,0
1001472,9
1001473,16
1001474,0
1001475,0
1001476,12
1001477,0
1001478,0
1001479,8
1001480,0
1001481,0
1001482,14
1001483,6
1001484,0
1001485,0
1001486,0
1001487,0
1001488,0
1001489,8
1001490,0
1001491,0
1001492,0
1001493,0
1001494,0
1001495,0
1001496,0
1001497,0
1001498,0
1001499,0
1001500,0
1001501,0
1001502,0
1001503,0
1001504,0
1001505,0
1001506,1
1001507,0
1001508,0
1001509,0
1001510,0
1001511,0
1001512,0
1001513,0
1001514,0
1001515,0
1001516,0
1001517,0
1001518,0
1001519,0
1001520,0
1001521,0
1001522,0
1001523,0
1001524,0
1001525,0
1001526,0
1001527,0
1001528,0
1001529,0
1001530,0
1001531,0
1001532,0
1001533,0
1001534,0
1001535,0
1001536,0
1001537,0
1001538,0
1001539,0
1001540,0
1001541,0
1001542,1
1001543,0
1001544,0
1001545,0
1001546,0
1001547,2
1001548,0
1001549,0
1001550,0
1001551,0
1001552,0
1001553,0
1001554,0
1001555,0
1001556,0
1001557,0
1001558,0
1001559,0
1001560,0
1001561,0
1001562,0
1001563,0
1001564,0
1001565,0
1001566,0
1001567,0
1001568,0
1001569,0
1001570,0
1001571,0
1001572,0
1001573,0
1001574,0
1001575,0
1001576,0
1001577,0
1001578,0
1001579,0
1001580,0
1001581,0
1001582,0
1001583,0
1001584,0
1001585,0
1001586,0
1001587,0
1001588,0
1001589,0
1001590,0
1001591,0
1001592,0
1001593,0
1001594,0
1001595,0
1001596,0
1001597,0
1001598,0
1001599,0
1001600,0
1001601,0
1001602,0
1001603,0
1001604,0
1001605,0
1001606,0
1001607,0
1001608,0
1001609,0
1001610,1
1001611,0
1001612,0
1001613,0
1001614,2
1001615,0
1001616,0
1001617,0
1001618,0
1001619,0
1001620,0
1001621,0
1001622,0
1001623,0
1001624,0
1001625,0
1001626,0
1001627,0
1001628,0
1001629,0
1001630,0
1001631,0
1001632,0
1001633,0
1001634,0
1001635,0
1001636,0
1001637,0
1001638,0
1001639,0
1001640,0
1001641,0
1001642,0
1001643,0
1001644,0
1001645,0
1001646,0
1001647,0
1001648,0
1001649,0
1001650,0
1001651,0
1001652,0
1001653,0
1001654,0
1001655,0
1001656,0
1001657,0
1001658,0
1001659,0
1001660,0
1001661,0
1001662,1
1001663,0
1001664,0
1001665,0
1001666,0
1001667,0
1001668,0
1001669,0
1001670,0
1001671,0
1001672,0
1001673,0
1001674,0
1001675,0
1001676,0
1001677,0
1001678,0
1001679,0
1001680,0
1001681,0
1001682,0
1001683,0
1001684,0
1001685,0
1001686,0
1001687,0
1001688,0
1001689,0
1001690,0
1001691,0
1001692,0
1001693,0
1001694,1
1001695,0
1001696,0
1001697,0
1001698,0
1001699,0
1001700,0
1001701,0
1001702,0
1001703,0
1001704,0
1001705,0
1001706,0
1001707,0
1001708,0
1001709,0
1001710,0
1001711,0
1001712,0
1001713,0
1001714,0
1001715,0
1001716,0
1001717,0
1001718,0
1001719,0
1001720,0
1001721,0
1001722,0
1001723,0
1001724,0
1001725,0
1001726,1
1001727,0
1001728,0
1001729,0
1001730,0
1001731,0
1001732,0
1001733,0
1001734,1
1001735,0
1001736,0
1001737,0
1001738,0
1001739,0
1001740,0
1001741,0
1001742,0
1001743,0
1001744,0
1001745,0
1001746,0
1001747,0
1001748,0
1001749,0
1001750,0
1001751,0
1001752,0
1001753,0
1001754,0
1001755,0
1001756,0
1001757,0
1001758,0
1001759,0
1001760,0
1001761,0
1001762,0
1001763,0
1001764,0
1001765,0
1001766,0
1001767,0
1001768,0
1001769,0
1001770,0
1001771,0
1001772,0
1001773,0
1001774,0
1001775,0
1001776,0
1001777,0
1001778,0
1001779,0
1001780,0
1001781,0
1001782,0
1001783,0
1001784,0
1001785,0
1001786,0
1001787,0
1001788,0
1001789,0
1001790,0
1001791,0
1001792,0
1001793,0
1001794,0
1001795,0
1001796,0
1001797,0
1001798,0
1001799,0
1001800,0
1001801,0
1001802,0
1001803,0
1001804,0
1001805,0
1001806,0
1001807,0
1001808,0
1001809,0
1001810,0
1001811,0
1001812,0
1001813,0
1001814,0
1001815,0
1001816,0
1001817,0
1001818,0
1001819,0
1001820,0
1001821,0
1001822,0
1001823,0
1001824,0
1001825,0
1001826,0
1001827,0
1001828,0
1001829,0
1001830,0
1001831,0
1001832,0
1001833,0
1001834,0
1001835,0
1001836,0
1001837,0
1001838,0
1001839,0
1001840,0
1001841,0
1001842,1
1001843,0
1001844,0
1001845,0
1001846,0
1001847,0
1001848,0
1001849,0
1001850,0
1001851,0
1001852,0
1001853,0
1001854,0
1001855,0
1001856,0
1001857,0
1001858,0
1001859,0
1001860,0
1001861,0
1001862,0
1001863,0
1001864,0
1001865,0
1001866,0
1001867,0
1001868,0
1001869,0
1001870,0
1001871,0
1001872,0
1001873,0
1001874,0
1001875,0
1001876,0
1001877,0
1001878,0
1001879,0
1001880,0
1001881,0
1001882,0
1001883,0
1001884,0
1001885,0
1001886,0
1001887,0
1001888,0
1001889,0
1001890,0
1001891,0
1001892,0
1001893,0
1001894,0
1001895,0
1001896,0
1001897,0
1001898,0
1001899,0
1001900,0
1001901,0
1001902,0
1001903,0
1001904,0
1001905,0
1001906,0
1001907,0
1001908,0
1001909,0
1001910,0
1001911,0
1001912,0
1001913,0
1001914,0
1001915,0
1001916,0
1001917,0
1001918,0
1001919,0
1001920,0
1001921,0
1001922,0
1001923,0
1001924,0
1001925,0
1001926,0
1001927,0
1001928,0
1001929,0
1001930,0
1001931,0
1001932,0
1001933,0
1001934,0
1001935,0
1001936,0
1001937,0
1001938,0
1001939,0
1001940,0
1001941,0
1001942,0
1001943,0
1001944,0
1001945,0
1001946,0
1001947,0
1001948,0
1001949,0
1001950,0
1001951,0
1001952,0
1001953,0
1001954,0
1001955,0
1001956,0
1001957,0
1001958,0
1001959,1
1001960,0
1001961,0
1001962,0
1001963,0
1001964,0
1001965,0
1001966,0
1001967,0
1001968,0
1001969,0
1001970,0
1001971,0
1001972,0
1001973,0
1001974,0
1001975,0
1001976,0
1001977,0
1001978,0
1001979,0
1001980,0
1001981,0
1001982,0
1001983,0
1001984,0
1001985,0
1001986,0
1001987,0
1001988,0
1001989,0
1001990,1
1001991,0
1001992,0
1001993,0
1001994,0
1001995,0
1001996,0
1001997,0
1001998,0
1001999,0
1002000,0
1002001,0
1002002,0
1002003,0
1002004,0
1002005,0
1002006,0
1002007,0
1002008,0
1002009,0
1002010,0
1002011,0
1002012,0
1002013,0
1002014,0
1002015,0
1002016,0
1002017,0
1002018,1
1002019,0
1002020,0
1002021,0
1002022,0
1002023,0
1002024,0
1002025,0
1002026,0
1002027,0
1002028,0
1002029,0
1002030,0
1002031,0
1002032,0
1002033,0
1002034,0
1002035,0
1002036,0
1002037,0
1002038,0
1002039,0
1002040,0
1002041,0
1002042,0
1002043,0
1002044,0
1002045,0
1002046,0
1002047,0
1002048,0
1002049,0
1002050,0
1002051,0
1002052,0
1002053,2
1002054,0
1002055,0
1002056,0
1002057,0
1002058,0
1002059,0
1002060,0
1002061,0
1002062,0
1002063,1
1002064,0
1002065,0
1002066,0
1002067,0
1002068,0
1002069,0
1002070,0
1002071,0
1002072,0
1002073,0
1002074,1
1002075,0
1002076,0
1002077,0
1002078,0
1002079,0
1002080,0
1002081,0
1002082,0
1002083,0
1002084,0
1002085,0
1002086,0
1002087,0
1002088,0
1002089,0
1002090,0
1002091,0
1002092,0
1002093,0
1002094,0
1002095,0
1002096,0
1002097,0
1002098,0
1002099,1
1002100,0
1002101,0
1002102,0
1002103,0
1002104,0
1002105,0
1002106,0
1002107,0
1002108,0
1002109,0
1002110,0
1002111,0
1002112,0
1002113,0
1002114,0
1002115,0
1002116,0
1002117,0
1002118,0
1002119,0
1002120,0
1002121,0
1002122,0
1002123,0
1002124,0
1002125,0
1002126,0
1002127,0
1002128,0
1002129,0
1002130,0
1002131,0
1002132,0
1002133,0
1002134,0
1002135,0
1002136,0
1002137,0
1002138,0
1002139,0
1002140,0
1002141,0
1002142,0
1002143,0
1002144,0
1002145,0
1002146,0
1002147,1
1002148,0
1002149,0
1002150,0
1002151,0
1002152,0
1002153,0
1002154,2
1002155,0
1002156,0
1002157,0
1002158,0
1002159,0
1002160,0
1002161,0
1002162,0
1002163,0
1002164,0
1002165,0
1002166,0
1002167,0
1002168,0
1002169,0
1002170,0
1002171,0
1002172,0
1002173,0
1002174,0
1002175,0
1002176,0
1002177,0
1002178,0
1002179,1
1002180,0
1002181,0
1002182,0
1002183,0
1002184,0
1002185,0
1002186,0
1002187,0
1002188,0
1002189,0
1002190,0
1002191,0
1002192,0
1002193,0
1002194,0
1002195,0
1002196,0
1002197,0
1002198,0
1002199,0
1002200,0
1002201,0
1002202,0
1002203,0
1002204,0
1002205,0
1002206,0
1002207,0
1002208,0
1002209,0
1002210,0
1002211,0
1002212,1
1002213,0
1002214,0
1002215,0
1002216,1
1002217,0
1002218,0
1002219,0
1002220,0
1002221,0
1002222,1
1002223,0
1002224,0
1002225,0
1002226,0
1002227,0
1002228,0
1002229,1
1002230,0
1002231,0
1002232,0
1002233,0
1002234,0
1002235,0
1002236,0
1002237,1
1002238,0
1002239,0
1002240,0
1002241,0
1002242,0
1002243,0
1002244,0
1002245,0
1002246,0
1002247,0
1002248,0
1002249,0
1002250,0
1002251,0
1002252,0
1002253,0
1002254,0
1002255,0
1002256,0
1002257,1
1002258,0
1002259,0
1002260,0
1002261,0
1002262,0
1002263,0
1002264,0
1002265,0
1002266,0
1002267,0
1002268,0
1002269,0
1002270,1
1002271,0
1002272,0
1002273,0
1002274,0
1002275,0
1002276,0
1002277,0
1002278,0
1002279,0
1002280,0
1002281,0
1002282,0
1002283,0
1002284,0
1002285,0
1002286,0
1002287,0
1002288,0
1002289,0
1002290,0
1002291,0
1002292,0
1002293,0
1002294,0
1002295,0
1002296,0
1002297,0
1002298,0
1002299,0
1002300,0
1002301,1
1002302,0
1002303,0
1002304,0
1002305,0
1002306,0
1002307,0
1002308,0
1002309,0
1002310,0
1002311,0
1002312,0
1002313,0
1002314,0
1002315,0
1002316,0
1002317,0
1002318,0
1002319,0
1002320,0
1002321,0
1002322,0
1002323,0
1002324,0
1002325,0
1002326,0
1002327,0
1002328,0
1002329,0
1002330,0
1002331,0
1002332,0
1002333,0
1002334,0
1002335,0
1002336,0
1002337,0
1002338,0
1002339,0
1002340,0
1002341,0
1002342,0
1002343,0
1002344,0
1002345,0
1002346,0
1002347,0
1002348,0
1002349,0
1002350,0
1002351,0
1002352,0
1002353,0
1002354,0
1002355,0
1002356,0
1002357,0
1002358,0
1002359,0
1002360,0
1002361,0
1002362,0
1002363,0
1002364,0
1002365,0
1002366,0
1002367,0
1002368,0
1002369,0
1002370,0
1002371,0
1002372,0
1002373,0
1002374,0
1002375,0
1002376,0
1002377,24
1002378,0
1002379,0
1002380,0
1002381,0
1002382,0
1002383,0
1002384,0
1002385,0
1002386,21
1002387,0
1002388,0
1002389,0
1002390,0
1002391,0
1002392,0
1002393,28
1002394,0
1002395,16
1002396,0
1002397,18
1002398,0
1002399,0
1002400,0
1002401,0
1002402,15
1002403,0
1002404,0
1002405,0
1002406,0
1002407,0
1002408,0
1002409,0
1002410,0
1002411,0
1002412,0
1002413,0
1002414,0
1002415,0
1002416,0
1002417,0
1002418,19
1002419,0
1002420,0
1002421,0
1002422,23
1002423,0
1002424,0
1002425,0
1002426,0
1002427,0
1002428,0
1002429,0
1002430,0
1002431,0
1002432,0
1002433,0
1002434,0
1002435,16
1002436,0
1002437,23
1002438,0
1002439,0
1002440,22
1002441,0
1002442,0
1002443,0
1002444,0
1002445,32
1002446,0
1002447,0
1002448,0
1002449,0
1002450,0
1002451,0
1002452,0
1002453,0
1002454,0
1002455,0
1002456,0
1002457,14
1002458,0
1002459,0
1002460,0
1002461,38
1002462,0
1002463,0
1002464,0
1002465,34
1002466,19
1002467,0
1002468,0
1002469,0
1002470,0
1002471,0
1002472,19
1002473,0
1002474,0
1002475,0
1002476,18
1002477,0
1002478,0
1002479,18
1002480,0
1002481,0
1002482,0
1002483,0
1002484,0
1002485,0
1002486,18
1002487,0
1002488,0
1002489,0
1002490,21
1002491,0
1002492,0
1002493,15
1002494,0
1002495,0
1002496,0
1002497,0
1002498,27
1002499,17
1002500,33
1002501,0
1002502,0
1002503,0
1002504,16
1002505,0
1002506,0
1002507,0
1002508,0
1002509,0
1002510,0
1002511,0
1002512,14
1002513,0
1002514,0
1002515,0
1002516,0
1002517,0
1002518,0
1002519,0
1002520,0
1002521,25
1002522,30
1002523,0
1002524,0
1002525,0
1002526,0
1002527,22
1002528,0
1002529,0
1002530,0
1002531,23
1002532,0
1002533,0
1002534,0
1002535,20
1002536,0
1002537,0
1002538,0
1002539,0
1002540,0
1002541,0
1002542,19
1002543,0
1002544,0
1002545,16
1002546,0
1002547,32
1002548,0
1002549,0
1002550,24
1002551,0
1002552,0
1002553,20
1002554,0
1002555,17
1002556,0
1002557,0
1002558,0
1002559,0
1002560,0
1002561,0
1002562,0
1002563,24
1002564,0
1002565,0
1002566,0
1002567,0
1002568,0
1002569,0
1002570,0
1002571,0
1002572,20
1002573,0
1002574,18
1002575,0
1002576,0
1002577,0
1002578,20
1002579,16
1002580,0
1002581,0
1002582,0
1002583,0
1002584,0
1002585,0
1002586,0
1002587,29
1002588,0
1002589,0
1002590,0
1002591,0
1002592,0
1002593,0
1002594,0
1002595,0
1002596,0
1002597,0
1002598,0
1002599,0
1002600,0
1002601,0
1002602,26
1002603,0
1002604,0
1002605,0
1002606,23
1002607,0
1002608,0
1002609,0
1002610,0
1002611,0
1002612,0
1002613,22
1002614,0
1002615,0
1002616,0
1002617,0
1002618,0
1002619,0
1002620,0
1002621,0
1002622,0
1002623,0
1002624,22
1002625,18
1002626,0
1002627,0
1002628,0
1002629,0
1002630,0
1002631,0
1002632,0
1002633,0
1002634,0
1002635,18
1002636,0
1002637,0
1002638,0
1002639,0
1002640,0
1002641,0
1002642,0
1002643,0
1002644,16
1002645,12
1002646,0
1002647,24
1002648,22
1002649,0
1002650,0
1002651,0
1002652,0
1002653,0
1002654,0
1002655,0
1002656,0
1002657,27
1002658,0
1002659,0
1002660,37
1002661,0
1002662,0
1002663,0
1002664,0
1002665,0
1002666,0
1002667,0
1002668,0
1002669,0
1002670,17
1002671,24
1002672,0
1002673,17
1002674,0
1002675,38
1002676,0
1002677,0
1002678,0
1002679,0
1002680,0
1002681,0
1002682,0
1002683,0
1002684,33
1002685,0
1002686,0
1002687,0
1002688,0
1002689,0
1002690,16
1002691,0
1002692,0
1002693,0
1002694,20
1002695,0
1002696,0
1002697,0
1002698,0
1002699,0
1002700,0
1002701,0
1002702,0
1002703,0
1002704,24
1002705,0
1002706,0
1002707,0
1002708,0
1002709,0
1002710,0
1002711,0
1002712,0
1002713,0
1002714,0
1002715,0
1002716,0
1002717,0
1002718,0
1002719,0
1002720,0
1002721,28
1002722,21
1002723,0
1002724,0
1002725,0
1002726,14
1002727,0
1002728,0
1002729,0
1002730,0
1002731,0
1002732,0
1002733,0
1002734,14
1002735,0
1002736,0
1002737,0
1002738,28
1002739,0
1002740,21
1002741,0
1002742,0
1002743,0
1002744,0
1002745,0
1002746,0
1002747,0
1002748,0
1002749,0
1002750,0
1002751,0
1002752,0
1002753,0
1002754,0
1002755,0
1002756,0
1002757,0
1002758,0
1002759,0
1002760,0
1002761,0
1002762,0
1002763,0
1002764,27
1002765,0
1002766,0
1002767,0
1002768,0
1002769,0
1002770,0
1002771,0
1002772,0
1002773,0
1002774,0
1002775,0
1002776,0
1002777,0
1002778,0
1002779,0
1002780,0
1002781,0
1002782,0
1002783,0
1002784,31
1002785,42
1002786,0
1002787,0
1002788,26
1002789,0
1002790,0
1002791,0
1002792,0
1002793,0
1002794,0
1002795,0
1002796,0
1002797,34
1002798,0
1002799,0
1002800,0
1002801,0
1002802,0
1002803,0
1002804,0
1002805,26
1002806,0
1002807,39
1002808,0
1002809,0
1002810,0
1002811,0
1002812,0
1002813,0
1002814,24
1002815,0
1002816,0
1002817,0
1002818,0
1002819,0
1002820,0
1002821,0
1002822,0
1002823,0
1002824,0
1002825,0
1002826,0
1002827,0
1002828,0
1002829,0
1002830,0
1002831,0
1002832,32
1002833,0
1002834,0
1002835,0
1002836,0
1002837,0
1002838,0
1002839,0
1002840,0
1002841,52
1002842,0
1002843,0
1002844,0
1002845,0
1002846,0
1002847,0
1002848,0
1002849,0
1002850,0
1002851,38
1002852,0
1002853,0
1002854,0
1002855,0
1002856,0
1002857,0
1002858,40
1002859,0
1002860,0
1002861,0
1002862,0
1002863,20
1002864,30
1002865,0
1002866,0
1002867,0
1002868,0
1002869,0
1002870,0
1002871,0
1002872,29
1002873,0
1002874,0
1002875,0
1002876,0
1002877,0
1002878,0
1002879,0
1002880,0
1002881,0
1002882,0
1002883,23
1002884,0
1002885,0
1002886,0
1002887,0
1002888,0
1002889,0
1002890,0
1002891,0
1002892,0
1002893,0
1002894,0
1002895,0
1002896,0
1002897,0
1002898,32
1002899,0
1002900,0
1002901,0
1002902,0
1002903,0
1002904,0
1002905,0
1002906,0
1002907,0
1002908,0
1002909,0
1002910,0
1002911,39
1002912,0
1002913,0
1002914,0
1002915,0
1002916,0
1002917,0
1002918,0
1002919,0
1002920,0
1002921,0
1002922,0
1002923,36
1002924,0
1002925,41
1002926,0
1002927,0
1002928,0
1002929,0
1002930,0
1002931,0
1002932,0
1002933,0
1002934,0
1002935,0
1002936,0
1002937,0
1002938,0
1002939,0
1002940,0
1002941,0
1002942,0
1002943,0
1002944,0
1002945,33
1002946,0
1002947,0
1002948,0
1002949,0
1002950,0
1002951,0
1002952,0
1002953,0
1002954,0
1002955,0
1002956,32
1002957,0
1002958,0
1002959,0
1002960,0
1002961,0
1002962,0
1002963,0
1002964,0
1002965,0
1002966,0
1002967,0
1002968,0
1002969,0
1002970,0
1002971,31
1002972,0
1002973,0
1002974,0
1002975,34
1002976,0
1002977,0
1002978,0
1002979,0
1002980,0
1002981,0
1002982,27
1002983,0
1002984,0
1002985,0
1002986,0
1002987,0
1002988,0
1002989,0
1002990,0
1002991,0
1002992,0
1002993,0
1002994,0
1002995,31
1002996,0
1002997,20
1002998,0
1002999,0
1003000,0
1003001,0
1003002,0
1003003,0
1003004,0
1003005,0
1003006,0
1003007,0
1003008,0
1003009,0
1003010,34
1003011,33
1003012,0
1003013,0
1003014,0
1003015,0
1003016,0
1003017,0
1003018,31
1003019,0
1003020,44
1003021,0
1003022,0
1003023,0
1003024,0
1003025,0
1003026,0
1003027,0
1003028,0
1003029,0
1003030,0
1003031,38
1003032,0
1003033,0
1003034,0
1003035,0
1003036,0
1003037,0
1003038,0
1003039,0
1003040,0
1003041,0
1003042,0
1003043,0
1003044,0
1003045,0
1003046,0
1003047,0
1003048,0
1003049,31
1003050,0
1003051,0
1003052,0
1003053,0
1003054,0
1003055,0
1003056,0
1003057,0
1003058,0
1003059,0
1003060,0
1003061,0
1003062,0
1003063,0
1003064,0
1003065,0
1003066,0
1003067,0
1003068,0
1003069,0
1003070,0
1003071,0
1003072,0
1003073,0
1003074,0
1003075,0
1003076,0
1003077,0
1003078,0
1003079,0
1003080,0
1003081,0
1003082,0
1003083,0
1003084,0
1003085,47
1003086,0
1003087,0
1003088,0
1003089,0
1003090,0
1003091,0
1003092,0
1003093,0
1003094,0
1003095,0
1003096,0
1003097,0
1003098,0
1003099,35
1003100,0
1003101,33
1003102,0
1003103,0
1003104,29
1003105,0
1003106,0
1003107,0
1003108,0
1003109,0
1003110,0
1003111,0
1003112,0
1003113,0
1003114,0
1003115,0
1003116,0
1003117,0
1003118,0
1003119,0
1003120,0
1003121,0
1003122,24
1003123,0
1003124,0
1003125,0
1003126,0
1003127,0
1003128,0
1003129,42
1003130,0
1003131,0
1003132,0
1003133,0
1003134,0
1003135,0
1003136,0
1003137,0
1003138,0
1003139,0
1003140,0
1003141,0
1003142,24
1003143,0
1003144,0
1003145,0
1003146,0
1003147,0
1003148,0
1003149,0
1003150,33
1003151,35
1003152,0
1003153,0
1003154,0
1003155,0
1003156,0
1003157,0
1003158,0
1003159,0
1003160,0
1003161,0
1003162,0
1003163,0
1003164,29
1003165,0
1003166,0
1003167,0
1003168,0
1003169,0
1003170,0
1003171,40
1003172,0
1003173,45
1003174,0
1003175,0
1003176,0
1003177,0
1003178,0
1003179,0
1003180,0
1003181,0
1003182,0
1003183,48
1003184,0
1003185,41
1003186,0
1003187,41
1003188,0
1003189,0
1003190,0
1003191,0
1003192,0
1003193,0
1003194,0
1003195,0
1003196,0
1003197,31
1003198,0
1003199,0
1003200,0
1003201,29
1003202,0
1003203,0
1003204,0
1003205,0
1003206,0
1003207,0
1003208,0
1003209,0
1003210,0
1003211,0
1003212,0
1003213,0
1003214,0
1003215,0
1003216,0
1003217,42
1003218,0
1003219,0
1003220,0
1003221,0
1003222,0
1003223,0
1003224,0
1003225,29
1003226,0
1003227,0
1003228,0
1003229,0
1003230,0
1003231,0
1003232,0
1003233,0
1003234,0
1003235,0
1003236,0
1003237,36
1003238,0
1003239,0
1003240,0
1003241,0
1003242,0
1003243,39
1003244,30
1003245,0
1003246,0
1003247,0
1003248,0
1003249,0
1003250,0
1003251,0
1003252,0
1003253,0
1003254,0
1003255,37
1003256,0
1003257,20
1003258,0
1003259,0
1003260,0
1003261,0
1003262,0
1003263,0
1003264,0
1003265,0
1003266,0
1003267,38
1003268,0
1003269,0
1003270,0
1003271,0
1003272,31
1003273,39
1003274,20
1003275,0
1003276,0
1003277,0
1003278,0
1003279,0
1003280,0
1003281,32
1003282,0
1003283,45
1003284,0
1003285,0
1003286,0
1003287,0
1003288,0
1003289,0
1003290,0
1003291,0
1003292,0
1003293,0
1003294,0
1003295,0
1003296,0
1003297,0
1003298,24
1003299,0
1003300,45
1003301,0
1003302,46
1003303,0
1003304,0
1003305,0
1003306,0
1003307,0
1003308,0
1003309,0
1003310,0
1003311,0
1003312,0
1003313,0
1003314,0
1003315,39
1003316,0
1003317,0
1003318,0
1003319,0
1003320,0
1003321,0
1003322,0
1003323,35
1003324,0
1003325,0
1003326,0
1003327,0
1003328,0
1003329,0
1003330,0
1003331,0
1003332,0
1003333,0
1003334,0
1003335,29
1003336,0
1003337,0
1003338,0
1003339,0
1003340,0
1003341,0
1003342,0
1003343,0
1003344,0
1003345,0
1003346,0
1003347,0
1003348,0
1003349,0
1003350,0
1003351,23
1003352,0
1003353,0
1003354,0
1003355,45
1003356,0
1003357,0
1003358,0
1003359,0
1003360,0
1003361,0
1003362,0
1003363,0
1003364,0
1003365,0
1003366,0
1003367,46
1003368,0
1003369,0
1003370,0
1003371,0
1003372,47
1003373,0
1003374,0
1003375,0
1003376,0
1003377,0
1003378,0
1003379,0
1003380,0
1003381,0
1003382,0
1003383,0
1003384,0
1003385,0
1003386,0
1003387,38
1003388,0
1003389,0
1003390,0
1003391,0
1003392,31
1003393,0
1003394,0
1003395,0
1003396,0
1003397,0
1003398,0
1003399,0
1003400,33
1003401,0
1003402,0
1003403,0
1003404,0
1003405,0
1003406,0
1003407,0
1003408,0
1003409,0
1003410,0
1003411,0
1003412,0
1003413,0
1003414,0
1003415,0
1003416,0
1003417,0
1003418,0
1003419,0
1003420,0
1003421,0
1003422,0
1003423,0
1003424,0
1003425,0
1003426,0
1003427,0
1003428,0
1003429,0
1003430,45
1003431,0
1003432,0
1003433,0
1003434,0
1003435,0
1003436,0
1003437,0
1003438,0
1003439,0
1003440,0
1003441,0
1003442,0
1003443,0
1003444,0
1003445,40
1003446,0
1003447,0
1003448,0
1003449,0
1003450,0
1003451,36
1003452,0
1003453,0
1003454,0
1003455,0
1003456,0
1003457,0
1003458,0
1003459,0
1003460,0
1003461,0
1003462,0
1003463,0
1003464,0
1003465,0
1003466,0
1003467,0
1003468,0
1003469,0
1003470,0
1003471,0
1003472,0
1003473,0
1003474,0
1003475,0
1003476,0
1003477,0
1003478,0
1003479,0
1003480,36
1003481,0
1003482,0
1003483,0
1003484,0
1003485,0
1003486,0
1003487,0
1003488,0
1003489,0
1003490,0
1003491,0
1003492,0
1003493,0
1003494,0
1003495,0
1003496,29
1003497,0
1003498,0
1003499,0
1003500,0
1003501,0
1003502,0
1003503,0
1003504,0
1003505,38
1003506,0
1003507,0
1003508,0
1003509,0
1003510,0
1003511,0
1003512,0
1003513,38
1003514,0
1003515,0
1003516,0
1003517,0
1003518,0
1003519,0
1003520,34
1003521,0
1003522,0
1003523,0
1003524,0
1003525,0
1003526,0
1003527,30
1003528,0
1003529,27
1003530,0
1003531,0
1003532,0
1003533,55
1003534,0
1003535,0
1003536,0
1003537,0
1003538,0
1003539,0
1003540,0
1003541,0
1003542,0
1003543,0
1003544,0
1003545,0
1003546,0
1003547,0
1003548,0
1003549,0
1003550,0
1003551,0
1003552,0
1003553,26
1003554,0
1003555,0
1003556,0
1003557,0
1003558,0
1003559,0
1003560,0
1003561,0
1003562,0
1003563,0
1003564,0
1003565,0
1003566,0
1003567,0
1003568,0
1003569,0
1003570,25
1003571,0
1003572,0
1003573,0
1003574,0
1003575,0
1003576,0
1003577,0
1003578,0
1003579,0
1003580,23
1003581,0
1003582,0
1003583,0
1003584,0
1003585,0
1003586,0
1003587,0
1003588,0
1003589,0
1003590,0
1003591,0
1003592,0
1003593,0
1003594,28
1003595,43
1003596,0
1003597,0
1003598,0
1003599,0
1003600,0
1003601,0
1003602,0
1003603,0
1003604,28
1003605,0
1003606,32
1003607,0
1003608,0
1003609,0
1003610,0
1003611,0
1003612,0
1003613,0
1003614,0
1003615,0
1003616,29
1003617,0
1003618,0
1003619,0
1003620,0
1003621,0
1003622,0
1003623,0
1003624,0
1003625,25
1003626,0
1003627,0
1003628,0
1003629,0
1003630,0
1003631,0
1003632,49
1003633,0
1003634,34
1003635,0
1003636,0
1003637,0
1003638,0
1003639,0
1003640,0
1003641,0
1003642,43
1003643,0
1003644,0
1003645,0
1003646,0
1003647,0
1003648,0
1003649,35
1003650,0
1003651,0
1003652,0
1003653,47
1003654,0
1003655,0
1003656,0
1003657,0
1003658,0
1003659,0
1003660,0
1003661,36
1003662,0
1003663,0
1003664,0
1003665,0
1003666,0
1003667,0
1003668,0
1003669,0
1003670,0
1003671,25
1003672,0
1003673,0
1003674,0
1003675,0
1003676,0
1003677,0
1003678,0
1003679,0
1003680,0
1003681,0
1003682,0
1003683,0
1003684,0
1003685,25
1003686,0
1003687,0
1003688,0
1003689,0
1003690,0
1003691,0
1003692,0
1003693,0
1003694,0
1003695,0
1003696,0
1003697,0
1003698,0
1003699,25
1003700,0
1003701,0
1003702,0
1003703,0
1003704,0
1003705,0
1003706,0
1003707,0
1003708,0
1003709,33
1003710,0
1003711,37
1003712,0
1003713,0
1003714,0
1003715,0
1003716,0
1003717,0
1003718,0
1003719,0
1003720,21
1003721,0
1003722,0
1003723,27
1003724,0
1003725,0
1003726,0
1003727,0
1003728,0
1003729,0
1003730,0
1003731,0
1003732,26
1003733,0
1003734,0
1003735,0
1003736,0
1003737,0
1003738,30
1003739,0
1003740,0
1003741,25
1003742,0
1003743,25
1003744,28
1003745,17
1003746,0
1003747,17
1003748,0
1003749,19
1003750,20
1003751,17
1003752,0
1003753,0
1003754,0
1003755,0
1003756,0
1003757,27
1003758,0
1003759,17
1003760,0
1003761,0
1003762,0
1003763,0
1003764,0
1003765,0
1003766,21
1003767,0
1003768,0
1003769,0
1003770,0
1003771,14
1003772,0
1003773,22
1003774,0
1003775,0
1003776,0
1003777,0
1003778,0
1003779,0
1003780,0
1003781,0
1003782,0
1003783,0
1003784,0
1003785,0
1003786,15
1003787,0
1003788,0
1003789,0
1003790,27
1003791,0
1003792,0
1003793,0
1003794,0
1003795,0
1003796,20
1003797,0
1003798,25
1003799,33
1003800,21
1003801,0
1003802,0
1003803,0
1003804,0
1003805,0
1003806,0
1003807,0
1003808,0
1003809,0
1003810,0
1003811,0
1003812,0
1003813,0
1003814,0
1003815,0
1003816,0
1003817,0
1003818,0
1003819,0
1003820,0
1003821,0
1003822,0
1003823,0
1003824,0
1003825,0
1003826,23
1003827,0
1003828,0
1003829,0
1003830,27
1003831,0
1003832,0
1003833,29
1003834,0
1003835,0
1003836,0
1003837,0
1003838,22
1003839,0
1003840,0
1003841,37
1003842,0
1003843,32
1003844,0
1003845,0
1003846,0
1003847,0
1003848,0
1003849,22
1003850,0
1003851,0
1003852,0
1003853,0
1003854,0
1003855,0
1003856,0
1003857,26
1003858,0
1003859,0
1003860,19
1003861,0
1003862,0
1003863,25
1003864,0
1003865,0
1003866,33
1003867,0
1003868,0
1003869,17
1003870,0
1003871,0
1003872,0
1003873,0
1003874,30
1003875,0
1003876,0
1003877,0
1003878,0
1003879,0
1003880,0
1003881,25
1003882,0
1003883,0
1003884,0
1003885,0
1003886,0
1003887,0
1003888,0
1003889,0
1003890,15
1003891,0
1003892,0
1003893,0
1003894,0
1003895,0
1003896,0
1003897,0
1003898,0
1003899,0
1003900,0
1003901,0
1003902,0
1003903,0
1003904,0
1003905,0
1003906,18
1003907,0
1003908,0
1003909,0
1003910,0
1003911,0
1003912,21
1003913,0
1003914,0
1003915,0
1003916,0
1003917,0
1003918,0
1003919,26
1003920,0
1003921,0
1003922,0
1003923,0
1003924,0
1003925,0
1003926,0
1003927,0
1003928,0
1003929,0
1003930,0
1003931,25
1003932,0
1003933,0
1003934,0
1003935,0
1003936,0
1003937,0
1003938,0
1003939,0
1003940,0
1003941,0
1003942,27
1003943,0
1003944,0
1003945,0
1003946,21
1003947,40
1003948,0
1003949,12
1003950,0
1003951,0
1003952,0
1003953,21
1003954,0
1003955,0
1003956,28
1003957,0
1003958,37
1003959,24
1003960,0
1003961,0
1003962,0
1003963,0
1003964,31
1003965,28
1003966,30
1003967,0
1003968,0
1003969,0
1003970,18
1003971,0
1003972,0
1003973,0
1003974,0
1003975,31
1003976,0
1003977,0
1003978,0
1003979,0
1003980,0
1003981,35
1003982,0
1003983,25
1003984,0
1003985,0
1003986,0
1003987,0
1003988,0
1003989,0
1003990,29
1003991,0
1003992,36
1003993,11
1003994,0
1003995,0
1003996,0
1003997,0
1003998,0
1003999,0
1004000,0
1004001,0
1004002,0
1004003,0
1004004,0
1004005,0
1004006,0
1004007,37
1004008,0
1004009,0
1004010,0
1004011,9
1004012,0
1004013,0
1004014,0
1004015,0
1004016,13
1004017,0
1004018,0
1004019,0
1004020,0
1004021,0
1004022,10
1004023,0
1004024,8
1004025,0
1004026,0
1004027,0
1004028,0
1004029,0
1004030,0
1004031,0
1004032,0
1004033,0
1004034,0
1004035,0
1004036,0
1004037,0
1004038,0
1004039,0
1004040,5
1004041,19
1004042,22
1004043,0
1004044,0
1004045,0
1004046,0
1004047,0
1004048,0
1004049,0
1004050,0
1004051,0
1004052,0
1004053,0
1004054,29
1004055,0
1004056,0
1004057,26
1004058,0
1004059,0
1004060,13
1004061,8
1004062,0
1004063,0
1004064,0
1004065,15
1004066,0
1004067,0
1004068,22
1004069,0
1004070,16
1004071,0
1004072,0
1004073,40
1004074,0
1004075,12
1004076,16
1004077,24
1004078,0
1004079,20
1004080,32
1004081,29
1004082,14
1004083,0
1004084,29
1004085,0
1004086,0
1004087,0
1004088,16
1004089,0
1004090,0
1004091,0
1004092,0
1004093,0
1004094,20
1004095,24
1004096,0
1004097,0
1004098,0
1004099,0
1004100,11
1004101,0
1004102,0
1004103,21
1004104,0
1004105,14
1004106,0
1004107,0
1004108,0
1004109,0
1004110,18
1004111,0
1004112,0
1004113,6
1004114,0
1004115,0
1004116,0
1004117,0
1004118,6
1004119,0
1004120,0
1004121,9
1004122,25
1004123,18
1004124,0
1004125,26
1004126,0
1004127,0
1004128,29
1004129,0
1004130,0
1004131,0
1004132,0
1004133,0
1004134,9
1004135,0
1004136,0
1004137,0
1004138,0
1004139,0
1004140,0
1004141,4
1004142,0
1004143,0
1004144,0
1004145,0
1004146,0
1004147,0
1004148,0
1004149,0
1004150,16
1004151,0
1004152,0
1004153,0
1004154,0
1004155,22
1004156,0
1004157,0
1004158,0
1004159,0
1004160,0
1004161,14
1004162,0
1004163,19
1004164,0
1004165,0
1004166,0
1004167,10
1004168,0
1004169,0
1004170,0
1004171,0
1004172,0
1004173,0
1004174,19
1004175,0
1004176,0
1004177,0
1004178,0
1004179,0
1004180,17
1004181,16
1004182,0
1004183,0
1004184,26
1004185,11
1004186,19
1004187,0
1004188,0
1004189,0
1004190,15
1004191,0
1004192,20
1004193,0
1004194,0
1004195,19
1004196,8
1004197,0
1004198,19
1004199,0
1004200,17
1004201,0
1004202,51
1004203,0
1004204,0
1004205,0
1004206,0
1004207,0
1004208,0
1004209,0
1004210,30
1004211,12
1004212,0
1004213,0
1004214,0
1004215,0
1004216,17
1004217,0
1004218,0
1004219,0
1004220,0
1004221,0
1004222,22
1004223,0
1004224,0
1004225,4
1004226,0
1004227,0
1004228,0
1004229,14
1004230,0
1004231,0
1004232,11
1004233,15
1004234,0
1004235,0
1004236,0
1004237,0
1004238,0
1004239,0
1004240,0
1004241,0
1004242,0
1004243,0
1004244,17
1004245,0
1004246,0
1004247,0
1004248,0
1004249,40
1004250,0
1004251,0
1004252,0
1004253,0
1004254,0
1004255,0
1004256,0
1004257,0
1004258,0
1004259,0
1004260,0
1004261,25
1004262,54
1004263,0
1004264,0
1004265,0
1004266,0
1004267,30
1004268,13
1004269,0
1004270,39
1004271,22
1004272,21
1004273,13
1004274,0
1004275,0
1004276,18
1004277,0
1004278,0
1004279,0
1004280,18
1004281,0
1004282,0
1004283,24
1004284,21
1004285,17
1004286,0
1004287,0
1004288,15
1004289,0
1004290,33
1004291,0
1004292,0
1004293,0
1004294,3
1004295,0
1004296,0
1004297,0
1004298,0
1004299,12
1004300,0
1004301,0
1004302,0
1004303,0
1004304,0
1004305,0
1004306,0
1004307,0
1004308,0
1004309,0
1004310,0
1004311,0
1004312,0
1004313,17
1004314,0
1004315,29
1004316,0
1004317,0
1004318,0
1004319,0
1004320,0
1004321,0
1004322,0
1004323,0
1004324,0
1004325,0
1004326,0
1004327,0
1004328,4
1004329,20
1004330,24
1004331,22
1004332,20
1004333,0
1004334,0
1004335,0
1004336,26
1004337,0
1004338,10
1004339,6
1004340,28
1004341,0
1004342,0
1004343,0
1004344,0
1004345,0
1004346,19
1004347,0
1004348,0
1004349,0
1004350,0
1004351,0
1004352,0
1004353,9
1004354,14
1004355,24
1004356,0
1004357,0
1004358,0
1004359,23
1004360,0
1004361,21
1004362,18
1004363,0
1004364,0
1004365,13
1004366,0
1004367,13
1004368,0
1004369,18
1004370,30
1004371,26
1004372,13
1004373,12
1004374,0
1004375,0
1004376,26
1004377,0
1004378,0
1004379,0
1004380,8
1004381,0
1004382,0
1004383,0
1004384,21
1004385,0
1004386,0
1004387,0
1004388,0
1004389,0
1004390,0
1004391,0
1004392,19
1004393,0
1004394,0
1004395,0
1004396,19
1004397,29
1004398,0
1004399,0
1004400,15
1004401,0
1004402,0
1004403,0
1004404,0
1004405,0
1004406,0
1004407,12
1004408,0
1004409,0
1004410,35
1004411,0
1004412,0
1004413,23
1004414,0
1004415,0
1004416,0
1004417,0
1004418,0
1004419,0
1004420,0
1004421,0
1004422,0
1004423,0
1004424,0
1004425,3
1004426,21
1004427,0
1004428,0
1004429,0
1004430,0
1004431,25
1004432,32
1004433,19
1004434,0
1004435,0
1004436,0
1004437,0
1004438,0
1004439,0
1004440,0
1004441,0
1004442,0
1004443,0
1004444,0
1004445,0
1004446,0
1004447,17
1004448,0
1004449,0
1004450,0
1004451,0
1004452,0
1004453,13
1004454,0
1004455,0
1004456,0
1004457,0
1004458,0
1004459,0
1004460,0
1004461,26
1004462,16
1004463,14
1004464,0
1004465,0
1004466,22
1004467,0
1004468,0
1004469,12
1004470,0
1004471,0
1004472,0
1004473,0
1004474,0
1004475,0
1004476,0
1004477,0
1004478,0
1004479,0
1004480,0
1004481,0
1004482,0
1004483,0
1004484,0
1004485,16
1004486,0
1004487,0
1004488,0
1004489,0
1004490,0
1004491,0
1004492,0
1004493,0
1004494,0
1004495,0
1004496,31
1004497,0
1004498,12
1004499,0
1004500,0
1004501,0
1004502,0
1004503,0
1004504,0
1004505,14
1004506,11
1004507,0
1004508,15
1004509,15
1004510,0
1004511,10
1004512,0
1004513,12
1004514,18
1004515,24
1004516,23
1004517,26
1004518,0
1004519,0
1004520,0
1004521,0
1004522,0
1004523,0
1004524,0
1004525,0
1004526,0
1004527,0
1004528,11
1004529,15
1004530,0
1004531,0
1004532,0
1004533,0
1004534,0
1004535,14
1004536,0
1004537,0
1004538,0
1004539,0
1004540,16
1004541,18
1004542,10
1004543,14
1004544,0
1004545,0
1004546,23
1004547,0
1004548,0
1004549,0
1004550,0
1004551,0
1004552,0
1004553,0
1004554,0
1004555,0
1004556,0
1004557,0
1004558,0
1004559,0
1004560,6
1004561,0
1004562,0
1004563,0
1004564,0
1004565,14
1004566,0
1004567,0
1004568,5
1004569,0
1004570,0
1004571,0
1004572,0
1004573,8
1004574,7
1004575,0
1004576,0
1004577,15
1004578,0
1004579,0
1004580,0
1004581,0
1004582,0
1004583,0
1004584,0
1004585,0
1004586,0
1004587,0
1004588,0
1004589,0
1004590,0
1004591,0
1004592,0
1004593,0
1004594,0
1004595,8
1004596,0
1004597,13
1004598,10
1004599,0
1004600,0
1004601,0
1004602,0
1004603,0
1004604,6
1004605,0
1004606,14
1004607,0
1004608,0
1004609,0
1004610,0
1004611,0
1004612,0
1004613,9
1004614,0
1004615,0
1004616,0
1004617,0
1004618,0
1004619,0
1004620,0
1004621,0
1004622,0
1004623,9
1004624,0
1004625,0
1004626,0
1004627,0
1004628,9
1004629,7
1004630,9
1004631,0
1004632,0
1004633,0
1004634,4
1004635,0
1004636,9
1004637,0
1004638,7
1004639,0
1004640,9
1004641,7
1004642,0
1004643,0
1004644,0
1004645,10
1004646,7
1004647,0
1004648,13
1004649,0
1004650,0
1004651,0
1004652,0
1004653,6
1004654,0
1004655,0
1004656,6
1004657,0
1004658,9
1004659,4
1004660,0
1004661,11
1004662,0
1004663,16
1004664,0
1004665,9
1004666,0
1004667,0
1004668,9
1004669,0
1004670,0
1004671,0
1004672,0
1004673,0
1004674,0
1004675,0
1004676,0
1004677,0
1004678,0
1004679,0
1004680,0
1004681,6
1004682,0
1004683,0
1004684,9
1004685,11
1004686,12
1004687,1
1004688,0
1004689,10
1004690,0
1004691,10
1004692,0
1004693,0
1004694,0
1004695,0
1004696,8
1004697,6
1004698,4
1004699,0
1004700,0
1004701,0
1004702,7
1004703,0
1004704,8
1004705,12
1004706,0
1004707,0
1004708,13
1004709,0
1004710,0
1004711,10
1004712,13
1004713,0
1004714,3
1004715,0
1004716,0
1004717,5
1004718,0
1004719,0
1004720,9
1004721,0
1004722,0
1004723,0
1004724,0
1004725,0
1004726,0
1004727,8
1004728,0
1004729,0
1004730,0
1004731,0
1004732,0
1004733,0
1004734,0
1004735,6
1004736,0
1004737,0
1004738,0
1004739,4
1004740,0
1004741,0
1004742,0
1004743,2
1004744,0
1004745,0
1004746,5
1004747,0
1004748,0
1004749,0
1004750,0
1004751,0
1004752,8
1004753,0
1004754,0
1004755,0
1004756,8
1004757,0
1004758,0
1004759,0
1004760,0
1004761,0
1004762,0
1004763,0
1004764,0
1004765,15
1004766,0
1004767,0
1004768,3
1004769,0
1004770,0
1004771,0
1004772,4
1004773,5
1004774,5
1004775,0
1004776,0
1004777,0
1004778,0
1004779,3
1004780,0
1004781,0
1004782,0
1004783,0
1004784,7
1004785,0
1004786,8
1004787,0
1004788,0
1004789,0
1004790,0
1004791,0
1004792,0
1004793,0
1004794,0
1004795,0
1004796,0
1004797,0
1004798,0
1004799,0
1004800,6
1004801,8
1004802,0
1004803,0
1004804,0
1004805,0
1004806,0
1004807,17
1004808,0
1004809,0
1004810,8
1004811,0
1004812,0
1004813,0
1004814,0
1004815,0
1004816,0
1004817,7
1004818,0
1004819,7
1004820,0
1004821,13
1004822,0
1004823,0
1004824,0
1004825,0
1004826,0
1004827,0
1004828,6
1004829,0
1004830,6
1004831,0
1004832,0
1004833,0
1004834,0
1004835,0
1004836,0
1004837,0
1004838,0
1004839,6
1004840,12
1004841,11
1004842,10
1004843,6
1004844,5
1004845,0
1004846,0
1004847,6
1004848,0
1004849,11
1004850,0
1004851,7
1004852,6
1004853,9
1004854,6
1004855,0
1004856,0
1004857,0
1004858,13
1004859,6
1004860,8
1004861,0
1004862,0
1004863,8
1004864,0
1004865,0
1004866,11
1004867,0
1004868,0
1004869,0
1004870,0
1004871,0
1004872,0
1004873,6
1004874,0
1004875,0
1004876,6
1004877,0
1004878,0
1004879,0
1004880,3
1004881,0
1004882,0
1004883,3
1004884,0
1004885,0
1004886,13
1004887,0
1004888,0
1004889,0
1004890,8
1004891,2
1004892,0
1004893,10
1004894,0
1004895,0
1004896,0
1004897,9
1004898,0
1004899,5
1004900,6
1004901,0
1004902,0
1004903,9
1004904,3
1004905,0
1004906,0
1004907,5
1004908,6
1004909,0
1004910,0
1004911,0
1004912,0
1004913,8
1004914,0
1004915,0
1004916,8
1004917,0
1004918,0
1004919,0
1004920,0
1004921,0
1004922,9
1004923,0
1004924,0
1004925,0
1004926,0
1004927,0
1004928,6
1004929,0
1004930,0
1004931,0
1004932,0
1004933,0
1004934,4
1004935,0
1004936,0
1004937,9
1004938,0
1004939,0
1004940,0
1004941,0
1004942,0
1004943,0
1004944,0
1004945,0
1004946,0
1004947,0
1004948,0
1004949,0
1004950,0
1004951,8
1004952,0
1004953,3
1004954,12
1004955,0
1004956,0
1004957,0
1004958,9
1004959,8
1004960,0
1004961,5
1004962,6
1004963,0
1004964,0
1004965,0
1004966,0
1004967,0
1004968,0
1004969,0
1004970,11
1004971,0
1004972,0
1004973,0
1004974,0
1004975,0
1004976,0
1004977,0
1004978,0
1004979,0
1004980,0
1004981,0
1004982,0
1004983,0
1004984,0
1004985,0
1004986,6
1004987,0
1004988,0
1004989,0
1004990,0
1004991,0
1004992,0
1004993,0
1004994,0
1004995,0
1004996,5
1004997,0
1004998,0
1004999,0
1005000,0
1005001,0
1005002,0
1005003,9
1005004,0
1005005,8
1005006,3
1005007,11
1005008,0
1005009,18
1005010,15
1005011,0
1005012,11
1005013,0
1005014,0
1005015,0
1005016,0
1005017,0
1005018,4
1005019,0
1005020,0
1005021,0
1005022,0
1005023,0
1005024,0
1005025,0
1005026,8
1005027,6
1005028,7
1005029,9
1005030,0
1005031,0
1005032,5
1005033,8
1005034,11
1005035,0
1005036,0
1005037,0
1005038,0
1005039,0
1005040,0
1005041,0
1005042,0
1005043,0
1005044,0
1005045,0
1005046,0
1005047,8
1005048,8
1005049,0
1005050,0
1005051,0
1005052,9
1005053,0
1005054,6
1005055,0
1005056,0
1005057,0
1005058,0
1005059,11
1005060,0
1005061,10
1005062,7
1005063,0
1005064,0
1005065,7
1005066,8
1005067,0
1005068,7
1005069,14
1005070,0
1005071,0
1005072,0
1005073,0
1005074,6
1005075,0
1005076,8
1005077,0
1005078,0
1005079,0
1005080,0
1005081,0
1005082,0
1005083,0
1005084,9
1005085,8
1005086,0
1005087,11
1005088,6
1005089,0
1005090,0
1005091,0
1005092,0
1005093,0
1005094,0
1005095,0
1005096,7
1005097,0
1005098,0
1005099,7
1005100,0
1005101,6
1005102,6
1005103,0
1005104,8
1005105,10
1005106,0
1005107,18
1005108,0
1005109,0
1005110,0
1005111,2
1005112,6
1005113,12
1005114,0
1005115,4
1005116,0
1005117,12
1005118,0
1005119,12
1005120,0
1005121,0
1005122,9
1005123,0
1005124,9
1005125,0
1005126,0
1005127,10
1005128,0
1005129,0
1005130,0
1005131,0
1005132,9
1005133,7
1005134,0
1005135,16
1005136,0
1005137,6
1005138,0
1005139,8
1005140,0
1005141,0
1005142,0
1005143,0
1005144,7
1005145,0
1005146,5
1005147,0
1005148,6
1005149,0
1005150,0
1005151,0
1005152,0
1005153,9
1005154,8
1005155,0
1005156,0
1005157,0
1005158,10
1005159,0
1005160,0
1005161,15
1005162,11
1005163,0
1005164,0
1005165,0
1005166,0
1005167,0
1005168,0
1005169,0
1005170,0
1005171,0
1005172,0
1005173,0
1005174,11
1005175,6
1005176,5
1005177,8
1005178,9
1005179,7
1005180,0
1005181,15
1005182,5
1005183,7
1005184,0
1005185,0
1005186,0
1005187,0
1005188,0
1005189,0
1005190,0
1005191,0
1005192,0
1005193,0
1005194,0
1005195,0
1005196,13
1005197,7
1005198,0
1005199,8
1005200,0
1005201,0
1005202,13
1005203,8
1005204,10
1005205,0
1005206,12
1005207,9
1005208,0
1005209,8
1005210,5
1005211,5
1005212,0
1005213,0
1005214,4
1005215,0
1005216,0
1005217,0
1005218,0
1005219,0
1005220,0
1005221,0
1005222,11
1005223,0
1005224,0
1005225,8
1005226,0
1005227,3
1005228,9
1005229,0
1005230,0
1005231,0
1005232,0
1005233,7
1005234,10
1005235,0
1005236,0
1005237,0
1005238,6
1005239,3
1005240,0
1005241,0
1005242,8
1005243,7
1005244,0
1005245,0
1005246,0
1005247,6
1005248,0
1005249,0
1005250,0
1005251,5
1005252,0
1005253,0
1005254,10
1005255,0
1005256,0
1005257,0
1005258,0
1005259,0
1005260,0
1005261,9
1005262,0
1005263,0
1005264,0
1005265,0
1005266,0
1005267,0
1005268,0
1005269,0
1005270,0
1005271,10
1005272,0
1005273,0
1005274,0
1005275,2
1005276,9
1005277,0
1005278,0
1005279,10
1005280,5
1005281,4
1005282,0
1005283,10
1005284,3
1005285,0
1005286,0
1005287,0
1005288,0
1005289,0
1005290,6
1005291,0
1005292,5
1005293,0
1005294,0
1005295,0
1005296,0
1005297,0
1005298,0
1005299,0
1005300,0
1005301,0
1005302,6
1005303,0
1005304,0
1005305,0
1005306,0
1005307,0
1005308,0
1005309,0
1005310,0
1005311,0
1005312,0
1005313,0
1005314,12
1005315,0
1005316,0
1005317,10
1005318,0
1005319,12
1005320,0
1005321,0
1005322,0
1005323,11
1005324,0
1005325,4
1005326,5
1005327,9
1005328,4
1005329,0
1005330,0
1005331,0
1005332,0
1005333,0
1005334,13
1005335,0
1005336,0
1005337,7
1005338,6
1005339,0
1005340,0
1005341,5
1005342,0
1005343,0
1005344,0
1005345,11
1005346,5
1005347,0
1005348,0
1005349,0
1005350,7
1005351,0
1005352,8
1005353,0
1005354,0
1005355,0
1005356,6
1005357,0
1005358,0
1005359,0
1005360,0
1005361,0
1005362,0
1005363,6
1005364,6
1005365,0
1005366,0
1005367,0
1005368,0
1005369,9
1005370,0
1005371,0
1005372,0
1005373,0
1005374,0
1005375,7
1005376,0
1005377,2
1005378,0
1005379,0
1005380,0
1005381,0
1005382,0
1005383,6
1005384,0
1005385,0
1005386,0
1005387,19
1005388,0
1005389,0
1005390,0
1005391,0
1005392,8
1005393,8
1005394,0
1005395,3
1005396,10
1005397,7
1005398,6
1005399,0
1005400,0
1005401,0
1005402,0
1005403,0
1005404,0
1005405,0
1005406,0
1005407,6
1005408,0
1005409,7
1005410,0
1005411,0
1005412,0
1005413,0
1005414,0
1005415,0
1005416,0
1005417,0
1005418,0
1005419,0
1005420,0
1005421,12
1005422,0
1005423,0
1005424,0
1005425,0
1005426,4
1005427,0
1005428,0
1005429,0
1005430,0
1005431,0
1005432,0
1005433,0
1005434,0
1005435,0
1005436,0
1005437,0
1005438,6
1005439,0
1005440,0
1005441,0
1005442,0
1005443,9
1005444,5
1005445,6
1005446,5
1005447,11
1005448,3
1005449,11
1005450,0
1005451,0
1005452,9
1005453,0
1005454,10
1005455,10
1005456,0
1005457,8
1005458,0
1005459,0
1005460,7
1005461,0
1005462,0
1005463,0
1005464,6
1005465,0
1005466,0
1005467,10
1005468,10
1005469,0
1005470,0
1005471,0
1005472,0
1005473,9
1005474,0
1005475,9
1005476,0
1005477,0
1005478,0
1005479,0
1005480,0
1005481,15
1005482,0
1005483,0
1005484,0
1005485,0
1005486,0
1005487,0
1005488,9
1005489,0
1005490,0
1005491,4
1005492,0
1005493,9
1005494,0
1005495,4
1005496,0
1005497,0
1005498,0
1005499,0
1005500,5
1005501,0
1005502,0
1005503,0
1005504,0
1005505,0
1005506,0
1005507,12
1005508,0
1005509,0
1005510,13
1005511,0
1005512,6
1005513,0
1005514,0
1005515,0
1005516,11
1005517,9
1005518,0
1005519,0
1005520,0
1005521,0
1005522,0
1005523,0
1005524,6
1005525,0
1005526,6
1005527,2
1005528,10
1005529,9
1005530,0
1005531,9
1005532,0
1005533,0
1005534,0
1005535,13
1005536,0
1005537,0
1005538,0
1005539,0
1005540,0
1005541,0
1005542,0
1005543,0
1005544,0
1005545,0
1005546,0
1005547,0
1005548,0
1005549,0
1005550,0
1005551,0
1005552,0
1005553,0
1005554,0
1005555,0
1005556,0
1005557,0
1005558,0
1005559,0
1005560,0
1005561,0
1005562,0
1005563,0
1005564,20
1005565,0
1005566,0
1005567,0
1005568,0
1005569,0
1005570,0
1005571,0
1005572,0
1005573,0
1005574,0
1005575,0
1005576,0
1005577,0
1005578,0
1005579,0
1005580,0
1005581,0
1005582,0
1005583,0
1005584,0
1005585,0
1005586,0
1005587,0
1005588,25
1005589,0
1005590,22
1005591,0
1005592,0
1005593,22
1005594,0
1005595,0
1005596,0
1005597,0
1005598,0
1005599,0
1005600,0
1005601,0
1005602,0
1005603,0
1005604,0
1005605,0
1005606,0
1005607,0
1005608,0
1005609,0
1005610,0
1005611,0
1005612,0
1005613,0
1005614,0
1005615,0
1005616,0
1005617,0
1005618,29
1005619,0
1005620,0
1005621,0
1005622,0
1005623,0
1005624,0
1005625,0
1005626,0
1005627,0
1005628,0
1005629,0
1005630,0
1005631,0
1005632,0
1005633,0
1005634,0
1005635,0
1005636,0
1005637,0
1005638,0
1005639,0
1005640,0
1005641,0
1005642,0
1005643,0
1005644,0
1005645,0
1005646,0
1005647,0
1005648,0
1005649,0
1005650,0
1005651,0
1005652,0
1005653,20
1005654,0
1005655,0
1005656,0
1005657,0
1005658,0
1005659,0
1005660,0
1005661,0
1005662,0
1005663,0
1005664,0
1005665,0
1005666,0
1005667,0
1005668,0
1005669,0
1005670,0
1005671,0
1005672,0
1005673,0
1005674,0
1005675,0
1005676,0
1005677,0
1005678,0
1005679,0
1005680,0
1005681,0
1005682,0
1005683,0
1005684,0
1005685,0
1005686,0
1005687,0
1005688,0
1005689,0
1005690,0
1005691,0
1005692,0
1005693,0
1005694,0
1005695,0
1005696,0
1005697,0
1005698,0
1005699,0
1005700,0
1005701,0
1005702,0
1005703,0
1005704,0
1005705,0
1005706,0
1005707,0
1005708,0
1005709,0
1005710,0
1005711,0
1005712,0
1005713,0
1005714,0
1005715,0
1005716,0
1005717,0
1005718,0
1005719,0
1005720,0
1005721,0
1005722,0
1005723,0
1005724,0
1005725,0
1005726,0
1005727,0
1005728,0
1005729,16
1005730,0
1005731,0
1005732,0
1005733,0
1005734,12
1005735,0
1005736,0
1005737,0
1005738,0
1005739,0
1005740,0
1005741,0
1005742,0
1005743,0
1005744,0
1005745,0
1005746,0
1005747,0
1005748,0
1005749,0
1005750,0
1005751,0
1005752,0
1005753,19
1005754,0
1005755,0
1005756,0
1005757,0
1005758,0
1005759,0
1005760,0
1005761,16
1005762,22
1005763,0
1005764,0
1005765,0
1005766,0
1005767,0
1005768,0
1005769,0
1005770,0
1005771,0
1005772,0
1005773,0
1005774,0
1005775,0
1005776,0
1005777,0
1005778,0
1005779,0
1005780,0
1005781,20
1005782,0
1005783,0
1005784,0
1005785,0
1005786,0
1005787,0
1005788,0
1005789,0
1005790,0
1005791,0
1005792,0
1005793,0
1005794,0
1005795,0
1005796,0
1005797,0
1005798,0
1005799,0
1005800,0
1005801,0
1005802,0
1005803,0
1005804,0
1005805,0
1005806,0
1005807,0
1005808,0
1005809,0
1005810,0
1005811,0
1005812,0
1005813,0
1005814,0
1005815,0
1005816,0
1005817,0
1005818,0
1005819,0
1005820,0
1005821,0
1005822,19
1005823,0
1005824,0
1005825,0
1005826,0
1005827,0
1005828,0
1005829,0
1005830,0
1005831,0
1005832,0
1005833,0
1005834,0
1005835,0
1005836,0
1005837,0
1005838,0
1005839,0
1005840,0
1005841,0
1005842,0
1005843,0
1005844,0
1005845,0
1005846,0
1005847,0
1005848,0
1005849,0
1005850,0
1005851,0
1005852,0
1005853,0
1005854,0
1005855,0
1005856,0
1005857,0
1005858,0
1005859,0
1005860,0
1005861,0
1005862,0
1005863,0
1005864,0
1005865,0
1005866,0
1005867,0
1005868,0
1005869,0
1005870,0
1005871,0
1005872,0
1005873,0
1005874,0
1005875,0
1005876,0
1005877,13
1005878,0
1005879,0
1005880,0
1005881,0
1005882,0
1005883,0
1005884,0
1005885,14
1005886,0
1005887,0
1005888,0
1005889,0
1005890,0
1005891,0
1005892,0
1005893,0
1005894,0
1005895,0
1005896,0
1005897,0
1005898,0
1005899,0
1005900,0
1005901,0
1005902,0
1005903,0
1005904,0
1005905,17
1005906,0
1005907,0
1005908,0
1005909,0
1005910,0
1005911,0
1005912,0
1005913,0
1005914,0
1005915,0
1005916,0
1005917,0
1005918,0
1005919,0
1005920,0
1005921,17
1005922,0
1005923,0
1005924,11
1005925,0
1005926,0
1005927,0
1005928,0
1005929,0
1005930,0
1005931,0
1005932,0
1005933,25
1005934,0
1005935,0
1005936,0
1005937,0
1005938,0
1005939,0
1005940,0
1005941,0
1005942,16
1005943,0
1005944,0
1005945,0
1005946,0
1005947,0
1005948,0
1005949,0
1005950,0
1005951,0
1005952,0
1005953,0
1005954,0
1005955,0
1005956,0
1005957,0
1005958,0
1005959,0
1005960,0
1005961,0
1005962,0
1005963,0
1005964,0
1005965,0
1005966,0
1005967,0
1005968,0
1005969,0
1005970,0
1005971,0
1005972,0
1005973,0
1005974,0
1005975,0
1005976,0
1005977,0
1005978,0
1005979,0
1005980,15
1005981,0
1005982,0
1005983,0
1005984,0
1005985,0
1005986,0
1005987,0
1005988,0
1005989,0
1005990,0
1005991,0
1005992,0
1005993,0
1005994,0
1005995,0
1005996,0
1005997,0
1005998,0
1005999,0
1006000,0
1006001,20
1006002,0
1006003,16
1006004,0
1006005,0
1006006,0
1006007,0
1006008,0
1006009,0
1006010,0
1006011,0
1006012,0
1006013,0
1006014,0
1006015,0
1006016,0
1006017,0
1006018,0
1006019,0
1006020,0
1006021,0
1006022,0
1006023,0
1006024,0
1006025,0
1006026,0
1006027,0
1006028,0
1006029,0
1006030,0
1006031,13
1006032,0
1006033,0
1006034,0
1006035,0
1006036,0
1006037,0
1006038,0
1006039,0
1006040,0
1006041,0
1006042,0
1006043,0
1006044,0
1006045,0
1006046,0
1006047,0
1006048,0
1006049,0
1006050,0
1006051,0
1006052,0
1006053,0
1006054,0
1006055,0
1006056,0
1006057,0
1006058,0
1006059,0
1006060,0
1006061,0
1006062,0
1006063,0
1006064,0
1006065,0
1006066,0
1006067,0
1006068,0
1006069,0
1006070,0
1006071,0
1006072,0
1006073,0
1006074,0
1006075,0
1006076,7
1006077,0
1006078,0
1006079,4
1006080,0
1006081,0
1006082,0
1006083,4
1006084,0
1006085,0
1006086,0
1006087,0
1006088,0
1006089,0
1006090,0
1006091,0
1006092,0
1006093,0
1006094,0
1006095,6
1006096,0
1006097,0
1006098,0
1006099,0
1006100,0
1006101,0
1006102,0
1006103,0
1006104,6
1006105,0
1006106,6
1006107,0
1006108,7
1006109,0
1006110,0
1006111,0
1006112,0
1006113,4
1006114,0
1006115,0
1006116,0
1006117,0
1006118,5
1006119,0
1006120,0
1006121,0
1006122,0
1006123,0
1006124,0
1006125,0
1006126,0
1006127,0
1006128,0
1006129,0
1006130,8
1006131,0
1006132,0
1006133,0
1006134,0
1006135,0
1006136,0
1006137,0
1006138,0
1006139,0
1006140,0
1006141,0
1006142,4
1006143,0
1006144,0
1006145,0
1006146,0
1006147,0
1006148,0
1006149,0
1006150,0
1006151,0
1006152,0
1006153,0
1006154,5
1006155,0
1006156,0
1006157,0
1006158,4
1006159,0
1006160,0
1006161,0
1006162,0
1006163,0
1006164,0
1006165,0
1006166,8
1006167,0
1006168,0
1006169,0
1006170,0
1006171,0
1006172,9
1006173,0
1006174,0
1006175,0
1006176,0
1006177,0
1006178,0
1006179,0
1006180,0
1006181,4
1006182,0
1006183,9
1006184,0
1006185,0
1006186,0
1006187,0
1006188,0
1006189,4
1006190,0
1006191,0
1006192,0
1006193,0
1006194,8
1006195,0
1006196,0
1006197,0
1006198,0
1006199,0
1006200,0
1006201,0
1006202,0
1006203,1
1006204,0
1006205,0
1006206,0
1006207,0
1006208,0
1006209,0
1006210,0
1006211,0
1006212,0
1006213,5
1006214,0
1006215,0
1006216,0
1006217,0
1006218,0
1006219,0
1006220,0
1006221,0
1006222,9
1006223,0
1006224,5
1006225,0
1006226,0
1006227,5
1006228,0
1006229,0
1006230,3
1006231,7
1006232,0
1006233,9
1006234,0
1006235,4
1006236,0
1006237,0
1006238,0
1006239,0
1006240,0
1006241,9
1006242,0
1006243,6
1006244,6
1006245,0
1006246,0
1006247,4
1006248,5
1006249,0
1006250,4
1006251,0
1006252,0
1006253,0
1006254,4
1006255,0
1006256,0
1006257,0
1006258,6
1006259,0
1006260,0
1006261,0
1006262,0
1006263,0
1006264,0
1006265,0
1006266,12
1006267,0
1006268,0
1006269,0
1006270,0
1006271,0
1006272,0
1006273,0
1006274,0
1006275,0
1006276,0
1006277,4
1006278,5
1006279,0
1006280,0
1006281,0
1006282,0
1006283,0
1006284,11
1006285,0
1006286,0
1006287,0
1006288,3
1006289,0
1006290,0
1006291,0
1006292,2
1006293,7
1006294,0
1006295,0
1006296,0
1006297,0
1006298,5
1006299,0
1006300,0
1006301,0
1006302,0
1006303,0
1006304,3
1006305,0
1006306,0
1006307,0
1006308,3
1006309,0
1006310,0
1006311,0
1006312,0
1006313,0
1006314,0
1006315,8
1006316,0
1006317,0
1006318,0
1006319,4
1006320,0
1006321,0
1006322,0
1006323,7
1006324,0
1006325,4
1006326,0
1006327,3
1006328,2
1006329,0
1006330,0
1006331,0
1006332,0
1006333,5
1006334,0
1006335,0
1006336,0
1006337,0
1006338,7
1006339,0
1006340,6
1006341,0
1006342,0
1006343,0
1006344,0
1006345,0
1006346,0
1006347,0
1006348,0
1006349,0
1006350,0
1006351,0
1006352,0
1006353,0
1006354,0
1006355,0
1006356,0
1006357,0
1006358,0
1006359,0
1006360,0
1006361,0
1006362,8
1006363,0
1006364,0
1006365,0
1006366,0
1006367,7
1006368,0
1006369,0
1006370,0
1006371,0
1006372,0
1006373,0
1006374,4
1006375,0
1006376,0
1006377,0
1006378,5
1006379,7
1006380,0
1006381,4
1006382,0
1006383,0
1006384,8
1006385,3
1006386,0
1006387,6
1006388,6
1006389,7
1006390,0
1006391,0
1006392,5
1006393,0
1006394,0
1006395,0
1006396,0
1006397,0
1006398,0
1006399,0
1006400,0
1006401,0
1006402,0
1006403,0
1006404,4
1006405,0
1006406,6
1006407,4
1006408,0
1006409,4
1006410,0
1006411,0
1006412,0
1006413,0
1006414,0
1006415,0
1006416,0
1006417,0
1006418,0
1006419,0
1006420,0
1006421,6
1006422,3
1006423,0
1006424,0
1006425,0
1006426,0
1006427,2
1006428,0
1006429,0
1006430,0
1006431,0
1006432,4
1006433,0
1006434,6
1006435,0
1006436,0
1006437,5
1006438,0
1006439,4
1006440,0
1006441,0
1006442,0
1006443,6
1006444,5
1006445,0
1006446,0
1006447,0
1006448,0
1006449,0
1006450,0
1006451,0
1006452,0
1006453,7
1006454,0
1006455,0
1006456,0
1006457,0
1006458,2
1006459,0
1006460,0
1006461,6
1006462,11
1006463,0
1006464,0
1006465,6
1006466,0
1006467,2
1006468,0
1006469,0
1006470,2
1006471,0
1006472,0
1006473,0
1006474,0
1006475,0
1006476,0
1006477,0
1006478,0
1006479,4
1006480,0
1006481,0
1006482,8
1006483,0
1006484,0
1006485,5
1006486,0
1006487,0
1006488,0
1006489,0
1006490,0
1006491,0
1006492,0
1006493,0
1006494,0
1006495,8
1006496,0
1006497,0
1006498,0
1006499,0
1006500,0
1006501,0
1006502,0
1006503,0
1006504,0
1006505,0
1006506,0
1006507,0
1006508,0
1006509,0
1006510,0
1006511,0
1006512,0
1006513,0
1006514,0
1006515,0
1006516,0
1006517,0
1006518,5
1006519,0
1006520,0
1006521,0
1006522,0
1006523,3
1006524,0
1006525,0
1006526,7
1006527,0
1006528,0
1006529,0
1006530,0
1006531,0
1006532,8
1006533,0
1006534,8
1006535,0
1006536,2
1006537,0
1006538,0
1006539,0
1006540,0
1006541,0
1006542,0
1006543,0
1006544,7
1006545,0
1006546,0
1006547,6
1006548,0
1006549,0
1006550,0
1006551,0
1006552,0
1006553,0
1006554,0
1006555,0
1006556,0
1006557,0
1006558,9
1006559,0
1006560,0
1006561,0
1006562,0
1006563,0
1006564,0
1006565,3
1006566,0
1006567,0
1006568,0
1006569,0
1006570,4
1006571,0
1006572,1
1006573,0
1006574,0
1006575,0
1006576,0
1006577,6
1006578,0
1006579,0
1006580,0
1006581,0
1006582,0
1006583,0
1006584,0
1006585,0
1006586,0
1006587,0
1006588,0
1006589,0
1006590,0
1006591,10
1006592,3
1006593,0
1006594,0
1006595,7
1006596,5
1006597,5
1006598,9
1006599,0
1006600,0
1006601,0
1006602,0
1006603,0
1006604,0
1006605,0
1006606,0
1006607,0
1006608,0
1006609,0
1006610,0
1006611,3
1006612,0
1006613,0
1006614,0
1006615,0
1006616,0
1006617,0
1006618,0
1006619,0
1006620,0
1006621,0
1006622,0
1006623,0
1006624,0
1006625,0
1006626,0
1006627,0
1006628,0
1006629,0
1006630,0
1006631,0
1006632,4
1006633,0
1006634,0
1006635,7
1006636,0
1006637,0
1006638,0
1006639,0
1006640,0
1006641,0
1006642,0
1006643,0
1006644,0
1006645,0
1006646,0
1006647,0
1006648,0
1006649,0
1006650,5
1006651,0
1006652,0
1006653,0
1006654,6
1006655,0
1006656,0
1006657,0
1006658,0
1006659,0
1006660,0
1006661,0
1006662,2
1006663,0
1006664,0
1006665,0
1006666,0
1006667,0
1006668,0
1006669,0
1006670,0
1006671,0
1006672,0
1006673,0
1006674,0
1006675,0
1006676,0
1006677,0
1006678,0
1006679,0
1006680,0
1006681,0
1006682,0
1006683,0
1006684,0
1006685,0
1006686,0
1006687,0
1006688,0
1006689,0
1006690,0
1006691,0
1006692,0
1006693,1
1006694,3
1006695,0
1006696,0
1006697,0
1006698,0
1006699,0
1006700,0
1006701,0
1006702,0
1006703,0
1006704,0
1006705,0
1006706,0
1006707,0
1006708,0
1006709,0
1006710,0
1006711,0
1006712,0
1006713,0
1006714,0
1006715,0
1006716,0
1006717,2
1006718,0
1006719,0
1006720,3
1006721,0
1006722,0
1006723,6
1006724,8
1006725,5
1006726,0
1006727,5
1006728,4
1006729,0
1006730,5
1006731,0
1006732,0
1006733,0
1006734,0
1006735,0
1006736,0
1006737,0
1006738,0
1006739,0
1006740,0
1006741,0
1006742,0
1006743,0
1006744,0
1006745,6
1006746,2
1006747,0
1006748,0
1006749,6
1006750,0
1006751,0
1006752,2
1006753,0
1006754,0
1006755,6
1006756,0
1006757,5
1006758,5
1006759,0
1006760,0
1006761,0
1006762,0
1006763,0
1006764,0
1006765,0
1006766,0
1006767,0
1006768,6
1006769,0
1006770,0
1006771,0
1006772,5
1006773,0
1006774,0
1006775,0
1006776,0
1006777,2
1006778,0
1006779,0
1006780,0
1006781,0
1006782,0
1006783,0
1006784,5
1006785,0
1006786,0
1006787,0
1006788,0
1006789,5
1006790,0
1006791,2
1006792,0
1006793,0
1006794,2
1006795,0
1006796,0
1006797,0
1006798,2
1006799,0
1006800,0
1006801,0
1006802,0
1006803,0
1006804,0
1006805,0
1006806,0
1006807,0
1006808,0
1006809,0
1006810,0
1006811,0
1006812,0
1006813,0
1006814,0
1006815,0
1006816,0
1006817,2
1006818,0
1006819,3
1006820,0
1006821,0
1006822,0
1006823,0
1006824,0
1006825,0
1006826,3
1006827,0
1006828,2
1006829,0
1006830,2
1006831,0
1006832,0
1006833,0
1006834,0
1006835,0
1006836,0
1006837,0
1006838,0
1006839,0
1006840,0
1006841,2
1006842,0
1006843,0
1006844,0
1006845,0
1006846,0
1006847,0
1006848,0
1006849,0
1006850,0
1006851,0
1006852,0
1006853,0
1006854,0
1006855,0
1006856,0
1006857,0
1006858,0
1006859,0
1006860,0
1006861,0
1006862,0
1006863,0
1006864,0
1006865,0
1006866,0
1006867,0
1006868,0
1006869,0
1006870,0
1006871,0
1006872,0
1006873,0
1006874,0
1006875,0
1006876,0
1006877,0
1006878,0
1006879,0
1006880,0
1006881,0
1006882,0
1006883,0
1006884,0
1006885,0
1006886,0
1006887,0
1006888,0
1006889,0
1006890,0
1006891,0
1006892,0
1006893,0
1006894,0
1006895,0
1006896,0
1006897,0
1006898,0
1006899,0
1006900,0
1006901,0
1006902,0
1006903,0
1006904,0
1006905,0
1006906,0
1006907,0
1006908,4
1006909,0
1006910,0
1006911,0
1006912,6
1006913,0
1006914,0
1006915,0
1006916,0
1006917,0
1006918,0
1006919,0
1006920,0
1006921,0
1006922,0
1006923,1
1006924,0
1006925,2
1006926,0
1006927,0
1006928,0
1006929,0
1006930,0
1006931,0
1006932,3
1006933,0
1006934,0
1006935,0
1006936,3
1006937,0
1006938,0
1006939,0
1006940,0
1006941,0
1006942,0
1006943,0
1006944,0
1006945,0
1006946,0
1006947,0
1006948,0
1006949,0
1006950,0
1006951,0
1006952,0
1006953,0
1006954,0
1006955,0
1006956,0
1006957,0
1006958,0
1006959,0
1006960,0
1006961,0
1006962,0
1006963,0
1006964,0
1006965,0
1006966,0
1006967,0
1006968,0
1006969,0
1006970,0
1006971,0
1006972,0
1006973,0
1006974,0
1006975,0
1006976,0
1006977,0
1006978,0
1006979,0
1006980,0
1006981,0
1006982,0
1006983,3
1006984,1
1006985,0
1006986,0
1006987,0
1006988,0
1006989,2
1006990,3
1006991,0
1006992,0
1006993,0
1006994,0
1006995,0
1006996,0
1006997,0
1006998,0
1006999,0
1007000,0
1007001,0
1007002,0
1007003,0
1007004,0
1007005,0
1007006,0
1007007,0
1007008,0
1007009,0
1007010,0
1007011,0
1007012,0
1007013,0
1007014,0
1007015,0
1007016,0
1007017,0
1007018,0
1007019,0
1007020,0
1007021,0
1007022,0
1007023,0
1007024,0
1007025,0
1007026,0
1007027,0
1007028,0
1007029,0
1007030,0
1007031,0
1007032,0
1007033,0
1007034,2
1007035,0
1007036,0
1007037,0
1007038,0
1007039,0
1007040,0
1007041,0
1007042,0
1007043,0
1007044,0
1007045,0
1007046,0
1007047,0
1007048,0
1007049,0
1007050,0
1007051,0
1007052,0
1007053,0
1007054,0
1007055,0
1007056,0
1007057,0
1007058,0
1007059,0
1007060,0
1007061,0
1007062,0
1007063,0
1007064,0
1007065,0
1007066,0
1007067,0
1007068,1
1007069,0
1007070,0
1007071,0
1007072,0
1007073,0
1007074,0
1007075,0
1007076,0
1007077,0
1007078,0
1007079,0
1007080,0
1007081,0
1007082,0
1007083,0
1007084,0
1007085,0
1007086,0
1007087,0
1007088,0
1007089,0
1007090,0
1007091,0
1007092,2
1007093,0
1007094,0
1007095,0
1007096,1
1007097,0
1007098,0
1007099,0
1007100,0
1007101,0
1007102,0
1007103,2
1007104,1
1007105,0
1007106,0
1007107,0
1007108,0
1007109,0
1007110,0
1007111,0
1007112,0
1007113,0
1007114,0
1007115,0
1007116,0
1007117,0
1007118,0
1007119,0
1007120,0
1007121,0
1007122,0
1007123,0
1007124,0
1007125,0
1007126,1
1007127,0
1007128,0
1007129,0
1007130,0
1007131,0
1007132,0
1007133,0
1007134,0
1007135,0
1007136,0
1007137,0
1007138,0
1007139,0
1007140,0
1007141,0
1007142,0
1007143,0
1007144,0
1007145,0
1007146,0
1007147,0
1007148,0
1007149,0
1007150,0
1007151,0
1007152,0
1007153,0
1007154,0
1007155,0
1007156,0
1007157,0
1007158,0
1007159,0
1007160,0
1007161,0
1007162,0
1007163,0
1007164,0
1007165,2
1007166,0
1007167,0
1007168,0
1007169,0
1007170,0
1007171,0
1007172,2
1007173,0
1007174,3
1007175,0
1007176,0
1007177,0
1007178,0
1007179,0
1007180,0
1007181,0
1007182,0
1007183,0
1007184,0
1007185,7
1007186,0
1007187,0
1007188,0
1007189,0
1007190,0
1007191,0
1007192,0
1007193,0
1007194,0
1007195,0
1007196,0
1007197,0
1007198,0
1007199,0
1007200,0
1007201,0
1007202,0
1007203,0
1007204,0
1007205,0
1007206,0
1007207,0
1007208,0
1007209,0
1007210,0
1007211,0
1007212,0
1007213,0
1007214,0
1007215,0
1007216,0
1007217,0
1007218,0
1007219,0
1007220,0
1007221,0
1007222,0
1007223,0
1007224,0
1007225,0
1007226,0
1007227,0
1007228,0
1007229,0
1007230,0
1007231,0
1007232,1
1007233,0
1007234,0
1007235,0
1007236,0
1007237,0
1007238,0
1007239,0
1007240,0
1007241,0
1007242,0
1007243,0
1007244,0
1007245,0
1007246,0
1007247,0
1007248,0
1007249,0
1007250,0
1007251,0
1007252,0
1007253,0
1007254,0
1007255,0
1007256,3
1007257,0
1007258,0
1007259,0
1007260,2
1007261,0
1007262,2
1007263,0
1007264,0
1007265,0
1007266,0
1007267,0
1007268,0
1007269,0
1007270,3
1007271,0
1007272,0
1007273,0
1007274,0
1007275,0
1007276,0
1007277,0
1007278,0
1007279,0
1007280,0
1007281,0
1007282,0
1007283,1
1007284,0
1007285,0
1007286,0
1007287,2
1007288,0
1007289,0
1007290,0
1007291,0
1007292,0
1007293,0
1007294,0
1007295,0
1007296,0
1007297,0
1007298,0
1007299,0
1007300,0
1007301,1
1007302,0
1007303,0
1007304,0
1007305,2
1007306,0
1007307,0
1007308,0
1007309,0
1007310,0
1007311,0
1007312,0
1007313,0
1007314,0
1007315,0
1007316,0
1007317,0
1007318,0
1007319,0
1007320,0
1007321,0
1007322,0
1007323,0
1007324,0
1007325,0
1007326,0
1007327,0
1007328,0
1007329,0
1007330,0
1007331,0
1007332,0
1007333,0
1007334,0
1007335,0
1007336,0
1007337,0
1007338,1
1007339,0
1007340,0
1007341,0
1007342,0
1007343,0
1007344,0
1007345,0
1007346,0
1007347,0
1007348,0
1007349,0
1007350,0
1007351,0
1007352,0
1007353,2
1007354,0
1007355,0
1007356,0
1007357,0
1007358,2
1007359,0
1007360,0
1007361,0
1007362,0
1007363,0
1007364,0
1007365,0
1007366,0
1007367,0
1007368,0
1007369,0
1007370,0
1007371,0
1007372,0
1007373,0
1007374,3
1007375,0
1007376,0
1007377,3
1007378,0
1007379,0
1007380,0
1007381,0
1007382,0
1007383,0
1007384,0
1007385,0
1007386,5
1007387,0
1007388,0
1007389,0
1007390,0
1007391,0
1007392,0
1007393,0
1007394,0
1007395,0
1007396,0
1007397,0
1007398,0
1007399,0
1007400,0
1007401,0
1007402,0
1007403,0
1007404,0
1007405,0
1007406,0
1007407,0
1007408,0
1007409,0
1007410,0
1007411,3
1007412,0
1007413,0
1007414,0
1007415,0
1007416,0
1007417,0
1007418,0
1007419,0
1007420,0
1007421,0
1007422,0
1007423,0
1007424,0
1007425,0
1007426,0
1007427,0
1007428,0
1007429,2
1007430,0
1007431,0
1007432,0
1007433,0
1007434,0
1007435,0
1007436,0
1007437,0
1007438,0
1007439,0
1007440,0
1007441,0
1007442,0
1007443,0
1007444,0
1007445,0
1007446,2
1007447,0
1007448,0
1007449,0
1007450,0
1007451,0
1007452,0
1007453,0
1007454,0
1007455,0
1007456,0
1007457,0
1007458,0
1007459,0
1007460,0
1007461,0
1007462,0
1007463,0
1007464,0
1007465,0
1007466,0
1007467,0
1007468,0
1007469,0
1007470,0
1007471,0
1007472,0
1007473,0
1007474,0
1007475,0
1007476,0
1007477,0
1007478,0
1007479,0
1007480,1
1007481,0
1007482,0
1007483,0
1007484,0
1007485,0
1007486,0
1007487,0
1007488,0
1007489,0
1007490,2
1007491,0
1007492,0
1007493,0
1007494,0
1007495,0
1007496,0
1007497,0
1007498,0
1007499,0
1007500,0
1007501,0
1007502,1
1007503,0
1007504,0
1007505,0
1007506,0
1007507,0
1007508,0
1007509,0
1007510,0
1007511,0
1007512,0
1007513,0
1007514,0
1007515,0
1007516,0
1007517,0
1007518,0
1007519,0
1007520,0
1007521,0
1007522,0
1007523,0
1007524,0
1007525,0
1007526,1
1007527,0
1007528,0
1007529,0
1007530,0
1007531,0
1007532,0
1007533,1
1007534,0
1007535,0
1007536,0
1007537,1
1007538,0
1007539,0
1007540,0
1007541,0
1007542,0
1007543,0
1007544,0
1007545,0
1007546,0
1007547,0
1007548,0
1007549,0
1007550,0
1007551,0
1007552,0
1007553,0
1007554,0
1007555,0
1007556,0
1007557,0
1007558,0
1007559,0
1007560,0
1007561,0
1007562,0
1007563,0
1007564,0
1007565,0
1007566,0
1007567,0
1007568,0
1007569,0
1007570,0
1007571,0
1007572,0
1007573,0
1007574,0
1007575,0
1007576,0
1007577,0
1007578,0
1007579,0
1007580,0
1007581,0
1007582,10
1007583,0
1007584,0
1007585,0
1007586,0
1007587,0
1007588,0
1007589,0
1007590,0
1007591,0
1007592,8
1007593,0
1007594,0
1007595,0
1007596,0
1007597,0
1007598,0
1007599,0
1007600,0
1007601,0
1007602,0
1007603,0
1007604,0
1007605,0
1007606,0
1007607,0
1007608,0
1007609,0
1007610,0
1007611,0
1007612,0
1007613,0
1007614,0
1007615,0
1007616,0
1007617,0
1007618,0
1007619,16
1007620,0
1007621,0
1007622,0
1007623,0
1007624,0
1007625,0
1007626,0
1007627,0
1007628,0
1007629,0
1007630,0
1007631,0
1007632,0
1007633,0
1007634,9
1007635,0
1007636,0
1007637,0
1007638,0
1007639,0
1007640,0
1007641,0
1007642,11
1007643,0
1007644,0
1007645,10
1007646,0
1007647,0
1007648,0
1007649,0
1007650,0
1007651,0
1007652,0
1007653,19
1007654,0
1007655,0
1007656,0
1007657,0
1007658,0
1007659,19
1007660,0
1007661,0
1007662,17
1007663,0
1007664,0
1007665,0
1007666,0
1007667,0
1007668,0
1007669,0
1007670,22
1007671,0
1007672,9
1007673,0
1007674,0
1007675,0
1007676,0
1007677,10
1007678,0
1007679,10
1007680,0
1007681,0
1007682,0
1007683,0
1007684,0
1007685,0
1007686,0
1007687,0
1007688,0
1007689,0
1007690,0
1007691,0
1007692,0
1007693,0
1007694,0
1007695,0
1007696,0
1007697,0
1007698,0
1007699,0
1007700,0
1007701,0
1007702,11
1007703,0
1007704,0
1007705,0
1007706,16
1007707,0
1007708,8
1007709,0
1007710,12
1007711,0
1007712,0
1007713,0
1007714,0
1007715,0
1007716,0
1007717,0
1007718,0
1007719,15
1007720,0
1007721,0
1007722,0
1007723,0
1007724,16
1007725,0
1007726,0
1007727,0
1007728,0
1007729,0
1007730,0
1007731,0
1007732,0
1007733,0
1007734,0
1007735,0
1007736,0
1007737,15
1007738,0
1007739,0
1007740,0
1007741,0
1007742,13
1007743,0
1007744,0
1007745,14
1007746,0
1007747,7
1007748,9
1007749,0
1007750,0
1007751,10
1007752,0
1007753,0
1007754,28
1007755,11
1007756,0
1007757,0
1007758,0
1007759,0
1007760,0
1007761,0
1007762,0
1007763,0
1007764,0
1007765,0
1007766,0
1007767,0
1007768,0
1007769,0
1007770,0
1007771,0
1007772,0
1007773,0
1007774,0
1007775,0
1007776,0
1007777,0
1007778,0
1007779,0
1007780,0
1007781,20
1007782,0
1007783,0
1007784,0
1007785,0
1007786,0
1007787,0
1007788,0
1007789,0
1007790,0
1007791,0
1007792,0
1007793,11
1007794,0
1007795,0
1007796,0
1007797,0
1007798,0
1007799,0
1007800,0
1007801,0
1007802,0
1007803,14
1007804,0
1007805,0
1007806,0
1007807,0
1007808,0
1007809,0
1007810,0
1007811,0
1007812,0
1007813,0
1007814,0
1007815,0
1007816,7
1007817,0
1007818,0
1007819,0
1007820,0
1007821,10
1007822,0
1007823,0
1007824,0
1007825,10
1007826,8
1007827,17
1007828,8
1007829,0
1007830,0
1007831,0
1007832,0
1007833,0
1007834,0
1007835,13
1007836,0
1007837,0
1007838,0
1007839,0
1007840,0
1007841,17
1007842,0
1007843,0
1007844,0
1007845,0
1007846,0
1007847,0
1007848,7
1007849,0
1007850,0
1007851,0
1007852,0
1007853,11
1007854,0
1007855,0
1007856,0
1007857,0
1007858,0
1007859,0
1007860,0
1007861,0
1007862,0
1007863,0
1007864,0
1007865,0
1007866,0
1007867,15
1007868,0
1007869,0
1007870,12
1007871,0
1007872,0
1007873,0
1007874,10
1007875,0
1007876,0
1007877,0
1007878,11
1007879,0
1007880,0
1007881,0
1007882,0
1007883,0
1007884,0
1007885,0
1007886,0
1007887,0
1007888,0
1007889,13
1007890,0
1007891,0
1007892,0
1007893,0
1007894,0
1007895,0
1007896,0
1007897,0
1007898,0
1007899,0
1007900,10
1007901,0
1007902,0
1007903,0
1007904,0
1007905,13
1007906,0
1007907,0
1007908,0
1007909,0
1007910,0
1007911,0
1007912,0
1007913,0
1007914,0
1007915,0
1007916,0
1007917,0
1007918,0
1007919,0
1007920,0
1007921,0
1007922,0
1007923,0
1007924,0
1007925,0
1007926,0
1007927,0
1007928,13
1007929,0
1007930,0
1007931,0
1007932,0
1007933,0
1007934,0
1007935,0
1007936,8
1007937,0
1007938,0
1007939,0
1007940,14
1007941,0
1007942,0
1007943,0
1007944,0
1007945,0
1007946,0
1007947,0
1007948,0
1007949,10
1007950,0
1007951,11
1007952,14
1007953,0
1007954,0
1007955,0
1007956,0
1007957,0
1007958,0
1007959,0
1007960,0
1007961,0
1007962,0
1007963,0
1007964,0
1007965,0
1007966,0
1007967,0
1007968,13
1007969,9
1007970,0
1007971,0
1007972,0
1007973,0
1007974,0
1007975,0
1007976,0
1007977,0
1007978,0
1007979,0
1007980,13
1007981,0
1007982,0
1007983,0
1007984,0
1007985,0
1007986,10
1007987,0
1007988,11
1007989,0
1007990,8
1007991,0
1007992,13
1007993,0
1007994,0
1007995,0
1007996,0
1007997,0
1007998,0
1007999,0
1008000,0
1008001,0
1008002,0
1008003,0
1008004,0
1008005,0
1008006,0
1008007,0
1008008,0
1008009,0
1008010,0
1008011,0
1008012,0
1008013,0
1008014,0
1008015,0
1008016,0
1008017,0
1008018,0
1008019,0
1008020,0
1008021,0
1008022,0
1008023,0
1008024,0
1008025,0
1008026,0
1008027,0
1008028,0
1008029,0
1008030,0
1008031,0
1008032,0
1008033,0
1008034,0
1008035,0
1008036,0
1008037,0
1008038,0
1008039,0
1008040,0
1008041,0
1008042,0
1008043,0
1008044,0
1008045,0
1008046,0
1008047,0
1008048,0
1008049,0
1008050,0
1008051,0
1008052,0
1008053,0
1008054,0
1008055,0
1008056,0
1008057,0
1008058,0
1008059,0
1008060,0
1008061,0
1008062,0
1008063,0
1008064,0
1008065,0
1008066,0
1008067,0
1008068,0
1008069,0
1008070,0
1008071,0
1008072,0
1008073,0
1008074,0
1008075,0
1008076,0
1008077,0
1008078,0
1008079,0
1008080,0
1008081,0
1008082,0
1008083,0
1008084,0
1008085,0
1008086,0
1008087,0
1008088,0
1008089,0
1008090,0
1008091,0
1008092,0
1008093,0
1008094,0
1008095,0
1008096,0
1008097,0
1008098,0
1008099,0
1008100,0
1008101,0
1008102,0
1008103,0
1008104,0
1008105,0
1008106,0
1008107,0
1008108,0
1008109,0
1008110,0
1008111,0
1008112,0
1008113,0
1008114,0
1008115,0
1008116,0
1008117,0
1008118,0
1008119,0
1008120,0
1008121,0
1008122,0
1008123,0
1008124,0
1008125,0
1008126,0
1008127,0
1008128,0
1008129,0
1008130,0
1008131,0
1008132,0
1008133,0
1008134,0
1008135,0
1008136,0
1008137,0
1008138,0
1008139,0
1008140,0
1008141,0
1008142,0
1008143,0
1008144,0
1008145,0
1008146,0
1008147,0
1008148,0
1008149,0
1008150,0
1008151,0
1008152,0
1008153,0
1008154,0
1008155,0
1008156,1
1008157,0
1008158,0
1008159,0
1008160,0
1008161,0
1008162,0
1008163,0
1008164,0
1008165,0
1008166,0
1008167,0
1008168,0
1008169,0
1008170,0
1008171,0
1008172,0
1008173,0
1008174,0
1008175,0
1008176,0
1008177,0
1008178,0
1008179,0
1008180,0
1008181,0
1008182,0
1008183,0
1008184,0
1008185,0
1008186,0
1008187,0
1008188,0
1008189,0
1008190,0
1008191,0
1008192,0
1008193,0
1008194,0
1008195,0
1008196,0
1008197,0
1008198,0
1008199,0
1008200,0
1008201,0
1008202,0
1008203,0
1008204,0
1008205,0
1008206,0
1008207,0
1008208,0
1008209,0
1008210,0
1008211,0
1008212,0
1008213,0
1008214,0
1008215,0
1008216,0
1008217,0
1008218,1
1008219,0
1008220,0
1008221,0
1008222,0
1008223,0
1008224,0
1008225,0
1008226,0
1008227,0
1008228,0
1008229,0
1008230,0
1008231,0
1008232,0
1008233,0
1008234,0
1008235,0
1008236,0
1008237,0
1008238,0
1008239,0
1008240,0
1008241,0
1008242,0
1008243,0
1008244,0
1008245,0
1008246,0
1008247,0
1008248,0
1008249,0
1008250,0
1008251,0
1008252,0
1008253,0
1008254,0
1008255,0
1008256,0
1008257,0
1008258,0
1008259,0
1008260,0
1008261,0
1008262,0
1008263,0
1008264,0
1008265,0
1008266,0
1008267,0
1008268,0
1008269,0
1008270,0
1008271,0
1008272,0
1008273,0
1008274,0
1008275,0
1008276,0
1008277,0
1008278,0
1008279,0
1008280,0
1008281,0
1008282,0
1008283,0
1008284,0
1008285,0
1008286,0
1008287,0
1008288,0
1008289,0
1008290,0
1008291,0
1008292,0
1008293,0
1008294,0
1008295,0
1008296,0
1008297,0
1008298,0
1008299,0
1008300,0
1008301,0
1008302,0
1008303,0
1008304,0
1008305,0
1008306,0
1008307,0
1008308,0
1008309,0
1008310,0
1008311,0
1008312,0
1008313,0
1008314,0
1008315,0
1008316,0
1008317,0
1008318,0
1008319,0
1008320,0
1008321,0
1008322,0
1008323,0
1008324,0
1008325,0
1008326,0
1008327,0
1008328,0
1008329,0
1008330,0
1008331,0
1008332,0
1008333,0
1008334,0
1008335,0
1008336,0
1008337,0
1008338,0
1008339,0
1008340,0
1008341,0
1008342,0
1008343,0
1008344,0
1008345,0
1008346,0
1008347,0
1008348,0
1008349,0
1008350,0
1008351,0
1008352,0
1008353,0
1008354,0
1008355,0
1008356,0
1008357,0
1008358,0
1008359,0
1008360,0
1008361,0
1008362,0
1008363,0
1008364,0
1008365,0
1008366,0
1008367,0
1008368,0
1008369,0
1008370,0
1008371,0
1008372,0
1008373,0
1008374,0
1008375,0
1008376,0
1008377,0
1008378,0
1008379,0
1008380,0
1008381,0
1008382,0
1008383,0
1008384,0
1008385,0
1008386,0
1008387,0
1008388,0
1008389,0
1008390,0
1008391,0
1008392,0
1008393,0
1008394,0
1008395,0
1008396,0
1008397,0
1008398,0
1008399,0
1008400,0
1008401,0
1008402,0
1008403,0
1008404,0
1008405,0
1008406,0
1008407,0
1008408,0
1008409,0
1008410,0
1008411,0
1008412,0
1008413,0
1008414,0
1008415,0
1008416,0
1008417,0
1008418,0
1008419,0
1008420,0
1008421,0
1008422,0
1008423,0
1008424,0
1008425,0
1008426,0
1008427,0
1008428,0
1008429,0
1008430,0
1008431,0
1008432,0
1008433,0
1008434,0
1008435,0
1008436,0
1008437,0
1008438,0
1008439,0
1008440,0
1008441,0
1008442,0
1008443,0
1008444,0
1008445,0
1008446,0
1008447,0
1008448,0
1008449,0
1008450,0
1008451,0
1008452,0
1008453,0
1008454,0
1008455,0
1008456,0
1008457,0
1008458,0
1008459,0
1008460,0
1008461,0
1008462,0
1008463,0
1008464,0
1008465,0
1008466,0
1008467,0
1008468,0
1008469,0
1008470,0
1008471,0
1008472,0
1008473,0
1008474,0
1008475,0
1008476,0
1008477,0
1008478,0
1008479,0
1008480,0
1008481,0
1008482,0
1008483,0
1008484,0
1008485,0
1008486,0
1008487,0
1008488,0
1008489,0
1008490,0
1008491,0
1008492,0
1008493,0
1008494,0
1008495,0
1008496,0
1008497,0
1008498,0
1008499,0
1008500,0
1008501,0
1008502,0
1008503,0
1008504,0
1008505,0
1008506,0
1008507,0
1008508,0
1008509,0
1008510,0
1008511,0
1008512,0
1008513,0
1008514,0
1008515,0
1008516,0
1008517,0
1008518,0
1008519,0
1008520,0
1008521,0
1008522,0
1008523,0
1008524,0
1008525,0
1008526,1
1008527,0
1008528,0
1008529,0
1008530,0
1008531,0
1008532,0
1008533,0
1008534,0
1008535,0
1008536,0
1008537,0
1008538,0
1008539,0
1008540,0
1008541,1
1008542,0
1008543,0
1008544,0
1008545,0
1008546,0
1008547,0
1008548,0
1008549,0
1008550,0
1008551,0
1008552,0
1008553,0
1008554,0
1008555,0
1008556,0
1008557,0
1008558,0
1008559,0
1008560,0
1008561,0
1008562,0
1008563,0
1008564,0
1008565,0
1008566,0
1008567,0
1008568,0
1008569,0
1008570,0
1008571,0
1008572,0
1008573,0
1008574,0
1008575,0
1008576,0
1008577,0
1008578,0
1008579,0
1008580,0
1008581,0
1008582,0
1008583,0
1008584,0
1008585,0
1008586,0
1008587,0
1008588,0
1008589,0
1008590,0
1008591,0
1008592,2
1008593,0
1008594,0
1008595,0
1008596,0
1008597,0
1008598,0
1008599,0
1008600,0
1008601,0
1008602,0
1008603,0
1008604,0
1008605,0
1008606,0
1008607,0
1008608,0
1008609,0
1008610,0
1008611,0
1008612,0
1008613,0
1008614,0
1008615,0
1008616,0
1008617,0
1008618,0
1008619,0
1008620,0
1008621,0
1008622,0
1008623,0
1008624,0
1008625,0
1008626,0
1008627,0
1008628,0
1008629,0
1008630,0
1008631,0
1008632,0
1008633,0
1008634,0
1008635,0
1008636,0
1008637,0
1008638,0
1008639,0
1008640,0
1008641,0
1008642,0
1008643,0
1008644,0
1008645,0
1008646,0
1008647,0
1008648,0
1008649,0
1008650,0
1008651,0
1008652,0
1008653,0
1008654,0
1008655,0
1008656,0
1008657,0
1008658,0
1008659,0
1008660,0
1008661,0
1008662,0
1008663,0
1008664,0
1008665,0
1008666,0
1008667,0
1008668,0
1008669,0
1008670,0
1008671,0
1008672,0
1008673,0
1008674,0
1008675,0
1008676,0
1008677,0
1008678,0
1008679,0
1008680,0
1008681,0
1008682,0
1008683,0
1008684,0
1008685,0
1008686,0
1008687,0
1008688,0
1008689,0
1008690,0
1008691,0
1008692,0
1008693,0
1008694,0
1008695,0
1008696,0
1008697,0
1008698,0
1008699,0
1008700,0
1008701,0
1008702,0
1008703,0
1008704,0
1008705,0
1008706,0
1008707,0
1008708,0
1008709,0
1008710,0
1008711,0
1008712,0
1008713,0
1008714,0
1008715,0
1008716,0
1008717,0
1008718,0
1008719,0
1008720,0
1008721,0
1008722,0
1008723,0
1008724,0
1008725,0
1008726,0
1008727,0
1008728,0
1008729,0
1008730,0
1008731,0
1008732,0
1008733,0
1008734,0
1008735,0
1008736,0
1008737,0
1008738,0
1008739,0
1008740,0
1008741,0
1008742,0
1008743,0
1008744,0
1008745,0
1008746,0
1008747,0
1008748,1
1008749,0
1008750,0
1008751,0
1008752,0
1008753,0
1008754,0
1008755,0
1008756,0
1008757,0
1008758,0
1008759,0
1008760,0
1008761,0
1008762,0
1008763,0
1008764,0
1008765,0
1008766,0
1008767,1
1008768,0
1008769,0
1008770,0
1008771,0
1008772,0
1008773,0
1008774,0
1008775,0
1008776,0
1008777,0
1008778,0
1008779,0
1008780,0
1008781,0
1008782,0
1008783,0
1008784,0
1008785,0
1008786,0
1008787,0
1008788,0
1008789,0
1008790,0
1008791,0
1008792,0
1008793,0
1008794,1
1008795,0
1008796,0
1008797,0
1008798,0
1008799,0
1008800,0
1008801,0
1008802,0
1008803,0
1008804,0
1008805,0
1008806,0
1008807,0
1008808,0
1008809,0
1008810,0
1008811,0
1008812,0
1008813,0
1008814,0
1008815,0
1008816,0
1008817,0
1008818,0
1008819,0
1008820,0
1008821,0
1008822,0
1008823,0
1008824,0
1008825,0
1008826,0
1008827,0
1008828,0
1008829,0
1008830,0
1008831,0
1008832,0
1008833,0
1008834,0
1008835,0
1008836,0
1008837,0
1008838,0
1008839,0
1008840,0
1008841,0
1008842,0
1008843,0
1008844,0
1008845,0
1008846,0
1008847,0
1008848,0
1008849,0
1008850,0
1008851,0
1008852,0
1008853,0
1008854,0
1008855,0
1008856,0
1008857,0
1008858,0
1008859,0
1008860,0
1008861,0
1008862,0
1008863,0
1008864,0
1008865,0
1008866,0
1008867,0
1008868,0
1008869,0
1008870,0
1008871,0
1008872,0
1008873,0
1008874,0
1008875,0
1008876,0
1008877,0
1008878,0
1008879,0
1008880,0
1008881,0
1008882,0
1008883,0
1008884,0
1008885,0
1008886,0
1008887,0
1008888,0
1008889,1
1008890,0
1008891,0
1008892,0
1008893,0
1008894,0
1008895,2
1008896,0
1008897,0
1008898,0
1008899,2
1008900,0
1008901,0
1008902,0
1008903,1
1008904,0
1008905,0
1008906,0
1008907,0
1008908,0
1008909,0
1008910,0
1008911,0
1008912,3
1008913,0
1008914,0
1008915,0
1008916,0
1008917,0
1008918,0
1008919,0
1008920,0
1008921,3
1008922,0
1008923,0
1008924,0
1008925,0
1008926,0
1008927,0
1008928,0
1008929,0
1008930,0
1008931,0
1008932,0
1008933,0
1008934,0
1008935,0
1008936,0
1008937,0
1008938,0
1008939,0
1008940,0
1008941,0
1008942,0
1008943,0
1008944,0
1008945,0
1008946,0
1008947,0
1008948,0
1008949,0
1008950,2
1008951,0
1008952,0
1008953,0
1008954,0
1008955,0
1008956,0
1008957,0
1008958,0
1008959,0
1008960,0
1008961,0
1008962,0
1008963,0
1008964,0
1008965,0
1008966,0
1008967,0
1008968,0
1008969,0
1008970,0
1008971,1
1008972,2
1008973,0
1008974,0
1008975,2
1008976,2
1008977,0
1008978,0
1008979,0
1008980,2
1008981,0
1008982,0
1008983,0
1008984,0
1008985,0
1008986,3
1008987,0
1008988,0
1008989,2
1008990,0
1008991,1
1008992,0
1008993,2
1008994,2
1008995,0
1008996,0
1008997,0
1008998,1
1008999,0
1009000,0
1009001,0
1009002,0
1009003,0
1009004,0
1009005,0
1009006,0
1009007,5
1009008,0
1009009,0
1009010,0
1009011,0
1009012,0
1009013,0
1009014,0
1009015,0
1009016,0
1009017,0
1009018,0
1009019,0
1009020,2
1009021,0
1009022,0
1009023,0
1009024,0
1009025,3
1009026,0
1009027,0
1009028,0
1009029,1
1009030,0
1009031,0
1009032,0
1009033,0
1009034,0
1009035,0
1009036,0
1009037,0
1009038,0
1009039,0
1009040,4
1009041,0
1009042,0
1009043,0
1009044,0
1009045,0
1009046,0
1009047,2
1009048,0
1009049,1
1009050,1
1009051,0
1009052,0
1009053,1
1009054,0
1009055,0
1009056,0
1009057,4
1009058,0
1009059,0
1009060,0
1009061,0
1009062,0
1009063,0
1009064,0
1009065,0
1009066,0
1009067,0
1009068,0
1009069,1
1009070,0
1009071,1
1009072,0
1009073,0
1009074,2
1009075,0
1009076,3
1009077,0
1009078,0
1009079,0
1009080,4
1009081,0
1009082,0
1009083,1
1009084,0
1009085,4
1009086,0
1009087,0
1009088,0
1009089,0
1009090,0
1009091,0
1009092,0
1009093,0
1009094,0
1009095,0
1009096,0
1009097,0
1009098,0
1009099,1
1009100,0
1009101,0
1009102,0
1009103,0
1009104,0
1009105,0
1009106,2
1009107,0
1009108,0
1009109,3
1009110,1
1009111,0
1009112,0
1009113,0
1009114,0
1009115,2
1009116,3
1009117,0
1009118,0
1009119,0
1009120,0
1009121,0
1009122,0
1009123,0
1009124,1
1009125,0
1009126,0
1009127,0
1009128,0
1009129,0
1009130,0
1009131,0
1009132,0
1009133,0
1009134,0
1009135,0
1009136,0
1009137,0
1009138,1
1009139,0
1009140,0
1009141,0
1009142,0
1009143,0
1009144,0
1009145,0
1009146,0
1009147,0
1009148,0
1009149,0
1009150,0
1009151,0
1009152,0
1009153,0
1009154,0
1009155,2
1009156,0
1009157,0
1009158,0
1009159,0
1009160,0
1009161,0
1009162,0
1009163,0
1009164,0
1009165,1
1009166,0
1009167,0
1009168,0
1009169,0
1009170,0
1009171,0
1009172,0
1009173,0
1009174,0
1009175,0
1009176,0
1009177,0
1009178,0
1009179,0
1009180,2
1009181,0
1009182,0
1009183,0
1009184,0
1009185,0
1009186,0
1009187,0
1009188,2
1009189,0
1009190,0
1009191,3
1009192,0
1009193,0
1009194,0
1009195,0
1009196,0
1009197,3
1009198,2
1009199,1
1009200,1
1009201,0
1009202,0
1009203,0
1009204,0
1009205,0
1009206,0
1009207,0
1009208,0
1009209,0
1009210,2
1009211,0
1009212,0
1009213,0
1009214,0
1009215,0
1009216,0
1009217,0
1009218,0
1009219,0
1009220,0
1009221,0
1009222,0
1009223,0
1009224,0
1009225,0
1009226,0
1009227,0
1009228,0
1009229,0
1009230,0
1009231,0
1009232,0
1009233,2
1009234,1
1009235,0
1009236,0
1009237,0
1009238,0
1009239,0
1009240,0
1009241,0
1009242,0
1009243,2
1009244,1
1009245,2
1009246,0
1009247,0
1009248,0
1009249,0
1009250,0
1009251,0
1009252,0
1009253,0
1009254,0
1009255,0
1009256,1
1009257,0
1009258,0
1009259,0
1009260,0
1009261,3
1009262,0
1009263,0
1009264,0
1009265,2
1009266,0
1009267,0
1009268,0
1009269,0
1009270,0
1009271,0
1009272,0
1009273,0
1009274,0
1009275,0
1009276,0
1009277,0
1009278,0
1009279,0
1009280,0
1009281,0
1009282,0
1009283,0
1009284,0
1009285,0
1009286,0
1009287,0
1009288,0
1009289,0
1009290,0
1009291,0
1009292,0
1009293,0
1009294,0
1009295,0
1009296,0
1009297,0
1009298,0
1009299,0
1009300,1
1009301,0
1009302,0
1009303,0
1009304,0
1009305,2
1009306,0
1009307,0
1009308,0
1009309,0
1009310,0
1009311,0
1009312,0
1009313,0
1009314,0
1009315,0
1009316,0
1009317,0
1009318,0
1009319,0
1009320,0
1009321,0
1009322,0
1009323,0
1009324,0
1009325,4
1009326,0
1009327,0
1009328,0
1009329,1
1009330,1
1009331,0
1009332,0
1009333,0
1009334,2
1009335,2
1009336,0
1009337,2
1009338,0
1009339,0
1009340,0
1009341,0
1009342,0
1009343,0
1009344,0
1009345,0
1009346,0
1009347,0
1009348,0
1009349,0
1009350,0
1009351,0
1009352,0
1009353,0
1009354,0
1009355,1
1009356,0
1009357,0
1009358,0
1009359,0
1009360,0
1009361,3
1009362,1
1009363,0
1009364,0
1009365,0
1009366,0
1009367,0
1009368,0
1009369,1
1009370,0
1009371,0
1009372,1
1009373,0
1009374,1
1009375,0
1009376,0
1009377,0
1009378,0
1009379,4
1009380,0
1009381,0
1009382,0
1009383,0
1009384,0
1009385,0
1009386,0
1009387,3
1009388,0
1009389,0
1009390,0
1009391,0
1009392,0
1009393,0
1009394,0
1009395,1
1009396,2
1009397,0
1009398,2
1009399,2
1009400,3
1009401,0
1009402,0
1009403,0
1009404,0
1009405,0
1009406,2
1009407,0
1009408,4
1009409,0
1009410,0
1009411,0
1009412,8
1009413,0
1009414,19
1009415,0
1009416,0
1009417,0
1009418,0
1009419,0
1009420,0
1009421,0
1009422,0
1009423,0
1009424,0
1009425,18
1009426,0
1009427,0
1009428,0
1009429,0
1009430,0
1009431,0
1009432,0
1009433,0
1009434,0
1009435,0
1009436,0
1009437,0
1009438,0
1009439,0
1009440,9
1009441,0
1009442,0
1009443,0
1009444,0
1009445,0
1009446,0
1009447,14
1009448,0
1009449,0
1009450,14
1009451,0
1009452,0
1009453,0
1009454,19
1009455,0
1009456,0
1009457,0
1009458,0
1009459,0
1009460,0
1009461,0
1009462,0
1009463,0
1009464,0
1009465,0
1009466,0
1009467,0
1009468,0
1009469,0
1009470,0
1009471,0
1009472,0
1009473,0
1009474,0
1009475,0
1009476,0
1009477,0
1009478,0
1009479,0
1009480,0
1009481,0
1009482,0
1009483,0
1009484,0
1009485,0
1009486,0
1009487,0
1009488,0
1009489,13
1009490,0
1009491,0
1009492,0
1009493,10
1009494,0
1009495,0
1009496,0
1009497,0
1009498,0
1009499,0
1009500,18
1009501,17
1009502,0
1009503,0
1009504,0
1009505,0
1009506,0
1009507,0
1009508,0
1009509,0
1009510,13
1009511,0
1009512,0
1009513,0
1009514,0
1009515,0
1009516,0
1009517,10
1009518,0
1009519,0
1009520,0
1009521,0
1009522,0
1009523,0
1009524,0
1009525,0
1009526,0
1009527,0
1009528,0
1009529,8
1009530,0
1009531,0
1009532,0
1009533,0
1009534,0
1009535,0
1009536,0
1009537,0
1009538,0
1009539,0
1009540,0
1009541,0
1009542,15
1009543,0
1009544,0
1009545,14
1009546,0
1009547,0
1009548,0
1009549,0
1009550,0
1009551,0
1009552,0
1009553,0
1009554,0
1009555,0
1009556,0
1009557,0
1009558,0
1009559,0
1009560,0
1009561,16
1009562,0
1009563,0
1009564,0
1009565,10
1009566,0
1009567,0
1009568,0
1009569,0
1009570,0
1009571,0
1009572,0
1009573,0
1009574,0
1009575,0
1009576,0
1009577,0
1009578,0
1009579,0
1009580,0
1009581,0
1009582,0
1009583,0
1009584,0
1009585,0
1009586,0
1009587,0
1009588,19
1009589,12
1009590,0
1009591,0
1009592,0
1009593,8
1009594,0
1009595,0
1009596,0
1009597,8
1009598,0
1009599,0
1009600,0
1009601,0
1009602,19
1009603,0
1009604,0
1009605,0
1009606,0
1009607,0
1009608,0
1009609,0
1009610,0
1009611,0
1009612,0
1009613,0
1009614,0
1009615,0
1009616,0
1009617,0
1009618,0
1009619,0
1009620,0
1009621,0
1009622,0
1009623,0
1009624,0
1009625,11
1009626,0
1009627,0
1009628,0
1009629,0
1009630,0
1009631,0
1009632,0
1009633,11
1009634,0
1009635,0
1009636,0
1009637,0
1009638,0
1009639,0
1009640,0
1009641,0
1009642,0
1009643,0
1009644,0
1009645,13
1009646,0
1009647,0
1009648,0
1009649,0
1009650,0
1009651,0
1009652,5
1009653,17
1009654,0
1009655,0
1009656,0
1009657,0
1009658,0
1009659,0
1009660,0
1009661,0
1009662,0
1009663,0
1009664,0
1009665,0
1009666,15
1009667,0
1009668,0
1009669,0
1009670,0
1009671,11
1009672,0
1009673,0
1009674,0
1009675,0
1009676,0
1009677,17
1009678,0
1009679,0
1009680,0
1009681,0
1009682,0
1009683,0
1009684,0
1009685,0
1009686,0
1009687,0
1009688,0
1009689,0
1009690,0
1009691,0
1009692,0
1009693,0
1009694,0
1009695,0
1009696,18
1009697,0
1009698,0
1009699,0
1009700,0
1009701,0
1009702,0
1009703,13
1009704,0
1009705,0
1009706,0
1009707,0
1009708,0
1009709,0
1009710,0
1009711,0
1009712,0
1009713,0
1009714,0
1009715,16
1009716,0
1009717,0
1009718,0
1009719,0
1009720,0
1009721,0
1009722,0
1009723,0
1009724,0
1009725,0
1009726,0
1009727,0
1009728,0
1009729,0
1009730,0
1009731,0
1009732,0
1009733,0
1009734,0
1009735,0
1009736,0
1009737,0
1009738,0
1009739,19
1009740,0
1009741,0
1009742,0
1009743,0
1009744,0
1009745,0
1009746,0
1009747,0
1009748,0
1009749,0
1009750,0
1009751,0
1009752,0
1009753,0
1009754,0
1009755,0
1009756,0
1009757,0
1009758,0
1009759,0
1009760,0
1009761,0
1009762,0
1009763,0
1009764,0
1009765,0
1009766,0
1009767,0
1009768,0
1009769,0
1009770,0
1009771,0
1009772,0
1009773,0
1009774,0
1009775,0
1009776,0
1009777,26
1009778,0
1009779,0
1009780,0
1009781,0
1009782,17
1009783,0
1009784,0
1009785,0
1009786,0
1009787,0
1009788,0
1009789,0
1009790,0
1009791,0
1009792,0
1009793,0
1009794,0
1009795,0
1009796,0
1009797,0
1009798,11
1009799,0
1009800,0
1009801,0
1009802,0
1009803,0
1009804,25
1009805,0
1009806,0
1009807,0
1009808,10
1009809,7
1009810,0
1009811,0
1009812,0
1009813,0
1009814,0
1009815,26
1009816,0
1009817,0
1009818,0
1009819,0
1009820,0
1009821,11
1009822,0
1009823,0
1009824,0
1009825,0
1009826,23
1009827,0
1009828,0
1009829,0
1009830,0
1009831,0
1009832,0
1009833,0
1009834,0
1009835,0
1009836,0
1009837,0
1009838,0
1009839,0
1009840,0
1009841,0
1009842,0
1009843,0
1009844,12
1009845,0
1009846,0
1009847,0
1009848,0
1009849,0
1009850,0
1009851,0
1009852,22
1009853,0
1009854,0
1009855,0
1009856,0
1009857,0
1009858,0
1009859,0
1009860,0
1009861,16
1009862,18
1009863,0
1009864,0
1009865,0
1009866,0
1009867,0
1009868,0
1009869,0
1009870,0
1009871,0
1009872,0
1009873,8
1009874,30
1009875,0
1009876,0
1009877,0
1009878,0
1009879,0
1009880,0
1009881,0
1009882,17
1009883,0
1009884,0
1009885,0
1009886,0
1009887,0
1009888,0
1009889,18
1009890,0
1009891,0
1009892,0
1009893,19
1009894,0
1009895,0
1009896,11
1009897,8
1009898,0
1009899,0
1009900,0
1009901,0
1009902,12
1009903,0
1009904,0
1009905,0
1009906,0
1009907,0
1009908,0
1009909,0
1009910,0
1009911,0
1009912,0
1009913,0
1009914,0
1009915,0
1009916,14
1009917,0
1009918,0
1009919,12
1009920,0
1009921,0
1009922,14
1009923,0
1009924,0
1009925,0
1009926,0
1009927,0
1009928,0
1009929,0
1009930,7
1009931,0
1009932,0
1009933,0
1009934,0
1009935,15
1009936,16
1009937,0
1009938,0
1009939,0
1009940,0
1009941,0
1009942,0
1009943,0
1009944,0
1009945,0
1009946,13
1009947,0
1009948,0
1009949,0
1009950,0
1009951,0
1009952,22
1009953,0
1009954,0
1009955,0
1009956,0
1009957,0
1009958,0
1009959,0
1009960,0
1009961,0
1009962,0
1009963,0
1009964,0
1009965,0
1009966,0
1009967,0
1009968,0
1009969,0
1009970,0
1009971,0
1009972,11
1009973,0
1009974,17
1009975,10
1009976,0
1009977,0
1009978,0
1009979,0
1009980,0
1009981,0
1009982,10
1009983,0
1009984,0
1009985,0
1009986,0
1009987,10
1009988,0
1009989,0
1009990,0
1009991,0
1009992,0
1009993,0
1009994,0
1009995,0
1009996,0
1009997,0
1009998,0
1009999,0
1010000,0
1010001,0
1010002,12
1010003,0
1010004,0
1010005,0
1010006,0
1010007,0
1010008,0
1010009,0
1010010,0
1010011,0
1010012,0
1010013,0
1010014,0
1010015,0
1010016,0
1010017,0
1010018,0
1010019,0
1010020,0
1010021,0
1010022,0
1010023,0
1010024,0
1010025,0
1010026,0
1010027,0
1010028,0
1010029,17
1010030,0
1010031,0
1010032,0
1010033,0
1010034,0
1010035,0
1010036,0
1010037,0
1010038,0
1010039,0
1010040,0
1010041,0
1010042,0
1010043,0
1010044,0
1010045,0
1010046,0
1010047,0
1010048,0
1010049,0
1010050,0
1010051,0
1010052,0
1010053,0
1010054,15
1010055,13
1010056,0
1010057,13
1010058,0
1010059,0
1010060,0
1010061,0
1010062,0
1010063,8
1010064,0
1010065,0
1010066,0
1010067,0
1010068,0
1010069,0
1010070,0
1010071,0
1010072,0
1010073,0
1010074,0
1010075,0
1010076,17
1010077,0
1010078,0
1010079,0
1010080,0
1010081,0
1010082,9
1010083,19
1010084,0
1010085,0
1010086,0
1010087,0
1010088,0
1010089,0
1010090,0
1010091,0
1010092,0
1010093,0
1010094,0
1010095,14
1010096,0
1010097,0
1010098,0
1010099,0
1010100,0
1010101,0
1010102,0
1010103,0
1010104,0
1010105,0
1010106,0
1010107,0
1010108,0
1010109,0
1010110,0
1010111,0
1010112,0
1010113,0
1010114,25
1010115,0
1010116,0
1010117,0
1010118,0
1010119,0
1010120,0
1010121,0
1010122,0
1010123,0
1010124,0
1010125,9
1010126,0
1010127,19
1010128,0
1010129,0
1010130,0
1010131,0
1010132,0
1010133,0
1010134,0
1010135,0
1010136,0
1010137,11
1010138,0
1010139,0
1010140,0
1010141,0
1010142,0
1010143,0
1010144,0
1010145,0
1010146,0
1010147,0
1010148,0
1010149,0
1010150,0
1010151,8
1010152,0
1010153,0
1010154,0
1010155,0
1010156,0
1010157,0
1010158,0
1010159,0
1010160,0
1010161,0
1010162,0
1010163,0
1010164,0
1010165,16
1010166,0
1010167,0
1010168,0
1010169,0
1010170,0
1010171,0
1010172,0
1010173,22
1010174,17
1010175,0
1010176,0
1010177,0
1010178,0
1010179,0
1010180,0
1010181,0
1010182,0
1010183,0
1010184,0
1010185,0
1010186,0
1010187,0
1010188,0
1010189,0
1010190,27
1010191,0
1010192,0
1010193,0
1010194,0
1010195,29
1010196,0
1010197,0
1010198,0
1010199,0
1010200,0
1010201,0
1010202,27
1010203,28
1010204,0
1010205,0
1010206,0
1010207,0
1010208,25
1010209,0
1010210,0
1010211,0
1010212,29
1010213,31
1010214,16
1010215,0
1010216,0
1010217,0
1010218,23
1010219,0
1010220,35
1010221,35
1010222,34
1010223,33
1010224,0
1010225,33
1010226,0
1010227,0
1010228,0
1010229,28
1010230,0
1010231,0
1010232,0
1010233,39
1010234,28
1010235,17
1010236,0
1010237,0
1010238,31
1010239,0
1010240,0
1010241,0
1010242,0
1010243,27
1010244,27
1010245,19
1010246,0
1010247,0
1010248,0
1010249,33
1010250,0
1010251,0
1010252,0
1010253,0
1010254,25
1010255,0
1010256,33
1010257,0
1010258,0
1010259,0
1010260,0
1010261,24
1010262,0
1010263,19
1010264,0
1010265,0
1010266,30
1010267,0
1010268,0
1010269,0
1010270,34
1010271,0
1010272,0
1010273,35
1010274,0
1010275,0
1010276,36
1010277,0
1010278,0
1010279,0
1010280,0
1010281,34
1010282,0
1010283,0
1010284,0
1010285,0
1010286,35
1010287,22
1010288,0
1010289,26
1010290,28
1010291,37
1010292,0
1010293,0
1010294,0
1010295,0
1010296,25
1010297,0
1010298,0
1010299,0
1010300,21
1010301,0
1010302,0
1010303,0
1010304,0
1010305,0
1010306,0
1010307,0
1010308,0
1010309,0
1010310,26
1010311,0
1010312,29
1010313,0
1010314,0
1010315,0
1010316,0
1010317,29
1010318,42
1010319,0
1010320,0
1010321,0
1010322,0
1010323,0
1010324,31
1010325,0
1010326,0
1010327,0
1010328,0
1010329,42
1010330,0
1010331,0
1010332,0
1010333,44
1010334,0
1010335,0
1010336,0
1010337,31
1010338,0
1010339,40
1010340,0
1010341,0
1010342,0
1010343,0
1010344,32
1010345,0
1010346,0
1010347,0
1010348,23
1010349,0
1010350,38
1010351,38
1010352,29
1010353,0
1010354,0
1010355,0
1010356,0
1010357,36
1010358,0
1010359,0
1010360,0
1010361,0
1010362,34
1010363,42
1010364,23
1010365,0
1010366,0
1010367,0
1010368,0
1010369,31
1010370,0
1010371,0
1010372,0
1010373,0
1010374,0
1010375,0
1010376,31
1010377,0
1010378,0
1010379,0
1010380,0
1010381,0
1010382,0
1010383,0
1010384,28
1010385,0
1010386,0
1010387,0
1010388,0
1010389,0
1010390,0
1010391,0
1010392,0
1010393,0
1010394,0
1010395,35
1010396,29
1010397,34
1010398,0
1010399,24
1010400,0
1010401,30
1010402,0
1010403,0
1010404,0
1010405,0
1010406,0
1010407,0
1010408,0
1010409,0
1010410,24
1010411,0
1010412,0
1010413,0
1010414,0
1010415,0
1010416,0
1010417,39
1010418,0
1010419,0
1010420,0
1010421,0
1010422,0
1010423,0
1010424,0
1010425,0
1010426,0
1010427,0
1010428,36
1010429,0
1010430,0
1010431,0
1010432,31
1010433,0
1010434,0
1010435,0
1010436,27
1010437,0
1010438,0
1010439,38
1010440,0
1010441,0
1010442,34
1010443,0
1010444,27
1010445,0
1010446,0
1010447,0
1010448,0
1010449,20
1010450,0
1010451,0
1010452,19
1010453,0
1010454,0
1010455,0
1010456,0
1010457,0
1010458,0
1010459,30
1010460,0
1010461,0
1010462,0
1010463,46
1010464,0
1010465,18
1010466,0
1010467,0
1010468,0
1010469,0
1010470,0
1010471,0
1010472,0
1010473,0
1010474,0
1010475,0
1010476,0
1010477,0
1010478,0
1010479,0
1010480,0
1010481,0
1010482,25
1010483,0
1010484,0
1010485,40
1010486,0
1010487,24
1010488,34
1010489,0
1010490,0
1010491,0
1010492,21
1010493,0
1010494,30
1010495,0
1010496,0
1010497,26
1010498,47
1010499,26
1010500,0
1010501,30
1010502,30
1010503,44
1010504,0
1010505,20
1010506,32
1010507,0
1010508,30
1010509,30
1010510,0
1010511,0
1010512,0
1010513,23
1010514,0
1010515,0
1010516,0
1010517,0
1010518,0
1010519,42
1010520,0
1010521,42
1010522,39
1010523,0
1010524,0
1010525,0
1010526,0
1010527,23
1010528,0
1010529,42
1010530,0
1010531,0
1010532,0
1010533,0
1010534,0
1010535,19
1010536,0
1010537,0
1010538,0
1010539,0
1010540,21
1010541,0
1010542,0
1010543,0
1010544,0
1010545,0
1010546,0
1010547,0
1010548,0
1010549,0
1010550,0
1010551,0
1010552,20
1010553,0
1010554,25
1010555,0
1010556,0
1010557,34
1010558,0
1010559,37
1010560,39
1010561,0
1010562,0
1010563,36
1010564,0
1010565,0
1010566,0
1010567,0
1010568,21
1010569,0
1010570,35
1010571,0
1010572,0
1010573,0
1010574,0
1010575,0
1010576,0
1010577,42
1010578,0
1010579,0
1010580,0
1010581,0
1010582,0
1010583,0
1010584,0
1010585,0
1010586,0
1010587,0
1010588,0
1010589,0
1010590,27
1010591,0
1010592,0
1010593,30
1010594,0
1010595,26
1010596,0
1010597,0
1010598,32
1010599,0
1010600,0
1010601,0
1010602,0
1010603,0
1010604,0
1010605,0
1010606,0
1010607,0
1010608,0
1010609,31
1010610,0
1010611,0
1010612,25
1010613,0
1010614,0
1010615,0
1010616,0
1010617,38
1010618,0
1010619,0
1010620,0
1010621,0
1010622,28
1010623,0
1010624,0
1010625,0
1010626,0
1010627,0
1010628,21
1010629,0
1010630,11
1010631,50
1010632,0
1010633,0
1010634,0
1010635,0
1010636,0
1010637,24
1010638,24
1010639,26
1010640,0
1010641,0
1010642,27
1010643,0
1010644,33
1010645,0
1010646,0
1010647,41
1010648,0
1010649,0
1010650,0
1010651,0
1010652,0
1010653,0
1010654,0
1010655,0
1010656,0
1010657,0
1010658,32
1010659,0
1010660,0
1010661,0
1010662,0
1010663,35
1010664,22
1010665,0
1010666,0
1010667,40
1010668,0
1010669,0
1010670,0
1010671,0
1010672,0
1010673,0
1010674,0
1010675,0
1010676,0
1010677,19
1010678,0
1010679,0
1010680,27
1010681,0
1010682,0
1010683,0
1010684,0
1010685,0
1010686,0
1010687,0
1010688,0
1010689,0
1010690,0
1010691,44
1010692,0
1010693,0
1010694,0
1010695,0
1010696,0
1010697,0
1010698,0
1010699,24
1010700,32
1010701,0
1010702,19
1010703,0
1010704,0
1010705,0
1010706,40
1010707,31
1010708,0
1010709,0
1010710,22
1010711,0
1010712,37
1010713,0
1010714,0
1010715,0
1010716,0
1010717,0
1010718,0
1010719,0
1010720,0
1010721,32
1010722,0
1010723,0
1010724,0
1010725,0
1010726,17
1010727,0
1010728,0
1010729,0
1010730,22
1010731,0
1010732,0
1010733,0
1010734,0
1010735,46
1010736,0
1010737,0
1010738,0
1010739,0
1010740,28
1010741,0
1010742,0
1010743,27
1010744,30
1010745,24
1010746,0
1010747,0
1010748,45
1010749,0
1010750,0
1010751,0
1010752,27
1010753,0
1010754,0
1010755,0
1010756,49
1010757,0
1010758,34
1010759,0
1010760,29
1010761,31
1010762,0
1010763,0
1010764,25
1010765,0
1010766,0
1010767,0
1010768,0
1010769,0
1010770,45
1010771,29
1010772,0
1010773,0
1010774,29
1010775,0
1010776,0
1010777,0
1010778,30
1010779,30
1010780,0
1010781,0
1010782,0
1010783,0
1010784,0
1010785,24
1010786,0
1010787,0
1010788,38
1010789,0
1010790,28
1010791,0
1010792,0
1010793,0
1010794,0
1010795,0
1010796,31
1010797,0
1010798,0
1010799,0
1010800,0
1010801,25
1010802,0
1010803,0
1010804,0
1010805,0
1010806,0
1010807,37
1010808,0
1010809,0
1010810,0
1010811,0
1010812,0
1010813,0
1010814,0
1010815,0
1010816,0
1010817,0
1010818,0
1010819,0
1010820,0
1010821,0
1010822,0
1010823,30
1010824,0
1010825,0
1010826,0
1010827,0
1010828,20
1010829,0
1010830,46
1010831,0
1010832,0
1010833,0
1010834,0
1010835,26
1010836,0
1010837,0
1010838,24
1010839,0
1010840,0
1010841,36
1010842,37
1010843,0
1010844,29
1010845,12
1010846,23
1010847,0
1010848,0
1010849,0
1010850,0
1010851,0
1010852,0
1010853,0
1010854,0
1010855,0
1010856,29
1010857,30
1010858,0
1010859,0
1010860,0
1010861,0
1010862,0
1010863,42
1010864,0
1010865,0
1010866,19
1010867,22
1010868,0
1010869,0
1010870,0
1010871,24
1010872,0
1010873,0
1010874,0
1010875,26
1010876,24
1010877,0
1010878,0
1010879,0
1010880,33
1010881,0
1010882,0
1010883,0
1010884,20
1010885,0
1010886,0
1010887,0
1010888,28
1010889,0
1010890,0
1010891,0
1010892,20
1010893,0
1010894,0
1010895,21
1010896,0
1010897,0
1010898,0
1010899,0
1010900,25
1010901,0
1010902,0
1010903,0
1010904,0
1010905,0
1010906,0
1010907,0
1010908,0
1010909,0
1010910,33
1010911,0
1010912,0
1010913,0
1010914,35
1010915,28
1010916,0
1010917,34
1010918,34
1010919,0
1010920,0
1010921,0
1010922,37
1010923,33
1010924,17
1010925,0
1010926,35
1010927,32
1010928,0
1010929,0
1010930,0
1010931,0
1010932,33
1010933,31
1010934,50
1010935,0
1010936,0
1010937,21
1010938,0
1010939,0
1010940,0
1010941,0
1010942,0
1010943,0
1010944,0
1010945,0
1010946,22
1010947,0
1010948,0
1010949,0
1010950,0
1010951,0
1010952,0
1010953,0
1010954,0
1010955,0
1010956,0
1010957,29
1010958,0
1010959,0
1010960,0
1010961,0
1010962,0
1010963,0
1010964,0
1010965,0
1010966,0
1010967,0
1010968,0
1010969,0
1010970,0
1010971,0
1010972,0
1010973,0
1010974,0
1010975,0
1010976,0
1010977,0
1010978,0
1010979,0
1010980,0
1010981,0
1010982,0
1010983,0
1010984,0
1010985,0
1010986,0
1010987,0
1010988,0
1010989,0
1010990,0
1010991,0
1010992,0
1010993,0
1010994,0
1010995,0
1010996,0
1010997,0
1010998,0
1010999,0
1011000,0
1011001,0
1011002,0
1011003,0
1011004,0
1011005,37
1011006,0
1011007,0
1011008,0
1011009,0
1011010,0
1011011,0
1011012,0
1011013,0
1011014,20
1011015,0
1011016,0
1011017,33
1011018,0
1011019,0
1011020,0
1011021,0
1011022,0
1011023,0
1011024,0
1011025,0
1011026,0
1011027,0
1011028,0
1011029,0
1011030,0
1011031,0
1011032,0
1011033,0
1011034,0
1011035,0
1011036,0
1011037,0
1011038,0
1011039,0
1011040,0
1011041,0
1011042,0
1011043,0
1011044,0
1011045,0
1011046,0
1011047,0
1011048,0
1011049,28
1011050,0
1011051,26
1011052,0
1011053,0
1011054,0
1011055,0
1011056,0
1011057,0
1011058,0
1011059,0
1011060,0
1011061,0
1011062,0
1011063,0
1011064,0
1011065,0
1011066,0
1011067,0
1011068,0
1011069,0
1011070,0
1011071,0
1011072,0
1011073,0
1011074,0
1011075,0
1011076,0
1011077,0
1011078,0
1011079,0
1011080,0
1011081,0
1011082,0
1011083,0
1011084,0
1011085,0
1011086,0
1011087,0
1011088,0
1011089,0
1011090,0
1011091,0
1011092,0
1011093,0
1011094,0
1011095,35
1011096,0
1011097,0
1011098,0
1011099,41
1011100,0
1011101,0
1011102,0
1011103,0
1011104,0
1011105,0
1011106,0
1011107,0
1011108,0
1011109,0
1011110,0
1011111,0
1011112,0
1011113,0
1011114,0
1011115,0
1011116,0
1011117,0
1011118,0
1011119,0
1011120,0
1011121,0
1011122,0
1011123,0
1011124,0
1011125,0
1011126,0
1011127,0
1011128,0
1011129,0
1011130,0
1011131,0
1011132,0
1011133,0
1011134,0
1011135,0
1011136,0
1011137,0
1011138,0
1011139,0
1011140,0
1011141,0
1011142,0
1011143,28
1011144,0
1011145,0
1011146,0
1011147,0
1011148,0
1011149,0
1011150,30
1011151,0
1011152,0
1011153,0
1011154,0
1011155,35
1011156,0
1011157,0
1011158,0
1011159,0
1011160,0
1011161,0
1011162,0
1011163,0
1011164,0
1011165,0
1011166,0
1011167,0
1011168,0
1011169,0
1011170,0
1011171,0
1011172,0
1011173,0
1011174,0
1011175,0
1011176,0
1011177,0
1011178,0
1011179,31
1011180,34
1011181,0
1011182,32
1011183,0
1011184,0
1011185,0
1011186,0
1011187,0
1011188,0
1011189,32
1011190,0
1011191,0
1011192,0
1011193,0
1011194,0
1011195,0
1011196,0
1011197,0
1011198,0
1011199,0
1011200,0
1011201,0
1011202,0
1011203,0
1011204,0
1011205,0
1011206,0
1011207,25
1011208,0
1011209,0
1011210,0
1011211,0
1011212,0
1011213,0
1011214,0
1011215,0
1011216,0
1011217,0
1011218,0
1011219,35
1011220,0
1011221,32
1011222,0
1011223,0
1011224,0
1011225,0
1011226,33
1011227,0
1011228,0
1011229,0
1011230,0
1011231,0
1011232,0
1011233,0
1011234,0
1011235,0
1011236,0
1011237,0
1011238,0
1011239,0
1011240,0
1011241,0
1011242,0
1011243,0
1011244,32
1011245,0
1011246,0
1011247,0
1011248,0
1011249,29
1011250,31
1011251,0
1011252,0
1011253,0
1011254,0
1011255,0
1011256,0
1011257,0
1011258,30
1011259,0
1011260,0
1011261,0
1011262,0
1011263,0
1011264,0
1011265,0
1011266,0
1011267,0
1011268,28
1011269,0
1011270,0
1011271,0
1011272,0
1011273,0
1011274,0
1011275,0
1011276,0
1011277,0
1011278,0
1011279,31
1011280,0
1011281,0
1011282,0
1011283,0
1011284,0
1011285,0
1011286,0
1011287,0
1011288,0
1011289,0
1011290,0
1011291,0
1011292,0
1011293,29
1011294,0
1011295,0
1011296,0
1011297,0
1011298,0
1011299,0
1011300,0
1011301,0
1011302,0
1011303,0
1011304,0
1011305,0
1011306,0
1011307,0
1011308,0
1011309,0
1011310,0
1011311,0
1011312,0
1011313,0
1011314,0
1011315,33
1011316,0
1011317,0
1011318,0
1011319,0
1011320,0
1011321,0
1011322,0
1011323,0
1011324,0
1011325,0
1011326,0
1011327,0
1011328,0
1011329,0
1011330,0
1011331,0
1011332,0
1011333,0
1011334,0
1011335,0
1011336,0
1011337,0
1011338,0
1011339,58
1011340,0
1011341,0
1011342,0
1011343,0
1011344,0
1011345,0
1011346,0
1011347,0
1011348,0
1011349,0
1011350,0
1011351,0
1011352,0
1011353,0
1011354,0
1011355,0
1011356,0
1011357,0
1011358,44
1011359,0
1011360,0
1011361,0
1011362,0
1011363,0
1011364,26
1011365,0
1011366,0
1011367,0
1011368,30
1011369,0
1011370,0
1011371,0
1011372,0
1011373,0
1011374,16
1011375,0
1011376,0
1011377,0
1011378,0
1011379,0
1011380,0
1011381,0
1011382,0
1011383,0
1011384,0
1011385,0
1011386,0
1011387,0
1011388,35
1011389,0
1011390,0
1011391,0
1011392,0
1011393,0
1011394,0
1011395,0
1011396,0
1011397,0
1011398,0
1011399,0
1011400,0
1011401,0
1011402,0
1011403,0
1011404,41
1011405,0
1011406,0
1011407,0
1011408,0
1011409,0
1011410,0
1011411,0
1011412,30
1011413,0
1011414,0
1011415,0
1011416,0
1011417,0
1011418,0
1011419,0
1011420,0
1011421,0
1011422,0
1011423,0
1011424,0
1011425,0
1011426,0
1011427,0
1011428,0
1011429,0
1011430,0
1011431,0
1011432,0
1011433,0
1011434,24
1011435,37
1011436,0
1011437,0
1011438,0
1011439,23
1011440,0
1011441,32
1011442,0
1011443,0
1011444,0
1011445,0
1011446,0
1011447,0
1011448,0
1011449,0
1011450,0
1011451,0
1011452,0
1011453,0
1011454,0
1011455,0
1011456,0
1011457,0
1011458,0
1011459,0
1011460,0
1011461,0
1011462,0
1011463,35
1011464,0
1011465,0
1011466,0
1011467,0
1011468,0
1011469,0
1011470,0
1011471,0
1011472,0
1011473,0
1011474,0
1011475,32
1011476,0
1011477,0
1011478,0
1011479,0
1011480,0
1011481,0
1011482,0
1011483,0
1011484,0
1011485,0
1011486,0
1011487,0
1011488,0
1011489,0
1011490,0
1011491,0
1011492,0
1011493,0
1011494,0
1011495,0
1011496,0
1011497,0
1011498,0
1011499,0
1011500,30
1011501,35
1011502,0
1011503,0
1011504,0
1011505,0
1011506,23
1011507,0
1011508,0
1011509,0
1011510,0
1011511,0
1011512,0
1011513,0
1011514,0
1011515,0
1011516,0
1011517,0
1011518,0
1011519,31
1011520,0
1011521,0
1011522,0
1011523,0
1011524,0
1011525,0
1011526,0
1011527,0
1011528,0
1011529,0
1011530,0
1011531,0
1011532,0
1011533,0
1011534,0
1011535,0
1011536,0
1011537,26
1011538,0
1011539,0
1011540,0
1011541,0
1011542,0
1011543,0
1011544,0
1011545,0
1011546,0
1011547,0
1011548,0
1011549,0
1011550,0
1011551,0
1011552,0
1011553,0
1011554,0
1011555,0
1011556,0
1011557,0
1011558,0
1011559,0
1011560,0
1011561,31
1011562,0
1011563,0
1011564,0
1011565,23
1011566,0
1011567,0
1011568,0
1011569,0
1011570,0
1011571,0
1011572,0
1011573,0
1011574,0
1011575,30
1011576,0
1011577,0
1011578,0
1011579,0
1011580,0
1011581,0
1011582,31
1011583,0
1011584,0
1011585,0
1011586,0
1011587,0
1011588,0
1011589,0
1011590,0
1011591,0
1011592,0
1011593,0
1011594,0
1011595,0
1011596,0
1011597,0
1011598,0
1011599,0
1011600,0
1011601,0
1011602,0
1011603,28
1011604,0
1011605,0
1011606,0
1011607,18
1011608,0
1011609,0
1011610,0
1011611,28
1011612,0
1011613,0
1011614,0
1011615,0
1011616,0
1011617,0
1011618,0
1011619,30
1011620,0
1011621,0
1011622,0
1011623,0
1011624,0
1011625,0
1011626,0
1011627,0
1011628,0
1011629,0
1011630,25
1011631,0
1011632,0
1011633,0
1011634,0
1011635,0
1011636,0
1011637,0
1011638,0
1011639,0
1011640,0
1011641,0
1011642,0
1011643,0
1011644,0
1011645,0
1011646,0
1011647,0
1011648,0
1011649,0
1011650,0
1011651,34
1011652,0
1011653,0
1011654,31
1011655,0
1011656,0
1011657,0
1011658,0
1011659,0
1011660,0
1011661,0
1011662,0
1011663,0
1011664,0
1011665,0
1011666,0
1011667,0
1011668,0
1011669,0
1011670,0
1011671,0
1011672,0
1011673,0
1011674,0
1011675,23
1011676,0
1011677,0
1011678,0
1011679,0
1011680,0
1011681,0
1011682,0
1011683,0
1011684,0
1011685,0
1011686,0
1011687,0
1011688,24
1011689,0
1011690,0
1011691,0
1011692,0
1011693,0
1011694,0
1011695,0
1011696,0
1011697,23
1011698,0
1011699,0
1011700,0
1011701,0
1011702,0
1011703,0
1011704,0
1011705,0
1011706,0
1011707,0
1011708,0
1011709,13
1011710,0
1011711,0
1011712,0
1011713,0
1011714,0
1011715,0
1011716,0
1011717,0
1011718,0
1011719,0
1011720,0
1011721,0
1011722,0
1011723,0
1011724,0
1011725,0
1011726,0
1011727,31
1011728,0
1011729,0
1011730,0
1011731,0
1011732,25
1011733,0
1011734,0
1011735,0
1011736,0
1011737,27
1011738,0
1011739,0
1011740,0
1011741,0
1011742,0
1011743,0
1011744,0
1011745,0
1011746,28
1011747,0
1011748,0
1011749,0
1011750,0
1011751,0
1011752,0
1011753,0
1011754,24
1011755,0
1011756,0
1011757,0
1011758,0
1011759,0
1011760,0
1011761,0
1011762,0
1011763,0
1011764,0
1011765,0
1011766,0
1011767,0
1011768,0
1011769,0
1011770,0
1011771,0
1011772,0
1011773,28
1011774,0
1011775,0
1011776,0
1011777,0
1011778,0
1011779,0
1011780,27
1011781,0
1011782,0
1011783,0
1011784,0
1011785,0
1011786,0
1011787,0
1011788,0
1011789,14
1011790,34
1011791,0
1011792,0
1011793,0
1011794,0
1011795,20
1011796,0
1011797,0
1011798,0
1011799,0
1011800,0
1011801,0
1011802,0
1011803,0
1011804,23
1011805,0
1011806,0
1011807,35
1011808,0
1011809,0
1011810,34
1011811,0
1011812,0
1011813,0
1011814,0
1011815,0
1011816,0
1011817,36
1011818,0
1011819,0
1011820,0
1011821,0
1011822,0
1011823,0
1011824,0
1011825,0
1011826,0
1011827,0
1011828,17
1011829,0
1011830,0
1011831,26
1011832,31
1011833,23
1011834,0
1011835,0
1011836,0
1011837,0
1011838,23
1011839,0
1011840,0
1011841,14
1011842,11
1011843,0
1011844,0
1011845,3
1011846,0
1011847,5
1011848,0
1011849,0
1011850,0
1011851,12
1011852,7
1011853,0
1011854,0
1011855,0
1011856,0
1011857,0
1011858,0
1011859,0
1011860,0
1011861,0
1011862,0
1011863,0
1011864,0
1011865,13
1011866,20
1011867,0
1011868,0
1011869,0
1011870,0
1011871,0
1011872,0
1011873,0
1011874,0
1011875,0
1011876,0
1011877,0
1011878,0
1011879,0
1011880,0
1011881,0
1011882,0
1011883,0
1011884,0
1011885,27
1011886,0
1011887,0
1011888,18
1011889,0
1011890,0
1011891,11
1011892,23
1011893,6
1011894,0
1011895,0
1011896,0
1011897,0
1011898,0
1011899,0
1011900,14
1011901,0
1011902,0
1011903,0
1011904,0
1011905,0
1011906,24
1011907,0
1011908,9
1011909,14
1011910,0
1011911,0
1011912,0
1011913,0
1011914,0
1011915,0
1011916,0
1011917,0
1011918,0
1011919,0
1011920,0
1011921,0
1011922,0
1011923,16
1011924,0
1011925,0
1011926,0
1011927,0
1011928,0
1011929,0
1011930,0
1011931,3
1011932,0
1011933,17
1011934,0
1011935,13
1011936,0
1011937,20
1011938,14
1011939,0
1011940,0
1011941,0
1011942,0
1011943,0
1011944,0
1011945,0
1011946,0
1011947,7
1011948,0
1011949,0
1011950,14
1011951,0
1011952,0
1011953,0
1011954,0
1011955,0
1011956,0
1011957,18
1011958,0
1011959,0
1011960,0
1011961,0
1011962,0
1011963,17
1011964,0
1011965,0
1011966,0
1011967,0
1011968,0
1011969,0
1011970,0
1011971,0
1011972,0
1011973,0
1011974,0
1011975,0
1011976,1
1011977,0
1011978,0
1011979,0
1011980,0
1011981,0
1011982,2
1011983,1
1011984,0
1011985,0
1011986,1
1011987,1
1011988,0
1011989,1
1011990,0
1011991,0
1011992,0
1011993,0
1011994,2
1011995,0
1011996,0
1011997,3
1011998,0
1011999,0
1012000,0
1012001,0
1012002,0
1012003,0
1012004,0
1012005,0
1012006,0
1012007,0
1012008,0
1012009,0
1012010,0
1012011,0
1012012,0
1012013,1
1012014,0
1012015,0
1012016,0
1012017,0
1012018,0
1012019,0
1012020,0
1012021,0
1012022,0
1012023,0
1012024,0
1012025,0
1012026,1
1012027,0
1012028,1
1012029,3
1012030,0
1012031,0
1012032,0
1012033,0
1012034,0
1012035,0
1012036,0
1012037,0
1012038,2
1012039,3
1012040,0
1012041,0
1012042,0
1012043,0
1012044,4
1012045,0
1012046,0
1012047,3
1012048,0
1012049,0
1012050,0
1012051,0
1012052,0
1012053,0
1012054,0
1012055,0
1012056,0
1012057,0
1012058,0
1012059,0
1012060,0
1012061,5
1012062,0
1012063,0
1012064,0
1012065,0
1012066,0
1012067,0
1012068,0
1012069,0
1012070,0
1012071,0
1012072,0
1012073,0
1012074,0
1012075,2
1012076,0
1012077,0
1012078,0
1012079,0
1012080,0
1012081,0
1012082,0
1012083,0
1012084,0
1012085,3
1012086,0
1012087,0
1012088,0
1012089,2
1012090,0
1012091,0
1012092,0
1012093,0
1012094,2
1012095,0
1012096,0
1012097,0
1012098,0
1012099,0
1012100,0
1012101,0
1012102,0
1012103,0
1012104,2
1012105,0
1012106,0
1012107,0
1012108,1
1012109,0
1012110,0
1012111,0
1012112,0
1012113,0
1012114,0
1012115,0
1012116,0
1012117,0
1012118,0
1012119,0
1012120,0
1012121,0
1012122,0
1012123,0
1012124,0
1012125,0
1012126,0
1012127,0
1012128,0
1012129,0
1012130,0
1012131,0
1012132,3
1012133,0
1012134,0
1012135,0
1012136,0
1012137,0
1012138,2
1012139,0
1012140,0
1012141,0
1012142,0
1012143,0
1012144,0
1012145,2
1012146,0
1012147,0
1012148,0
1012149,0
1012150,0
1012151,0
1012152,0
1012153,0
1012154,0
1012155,0
1012156,0
1012157,0
1012158,0
1012159,0
1012160,0
1012161,0
1012162,0
1012163,0
1012164,0
1012165,0
1012166,0
1012167,1
1012168,0
1012169,0
1012170,0
1012171,0
1012172,0
1012173,0
1012174,0
1012175,0
1012176,0
1012177,0
1012178,0
1012179,0
1012180,0
1012181,0
1012182,0
1012183,0
1012184,0
1012185,0
1012186,0
1012187,0
1012188,0
1012189,0
1012190,0
1012191,0
1012192,0
1012193,0
1012194,0
1012195,0
1012196,0
1012197,0
1012198,0
1012199,0
1012200,0
1012201,0
1012202,0
1012203,0
1012204,0
1012205,0
1012206,2
1012207,0
1012208,0
1012209,0
1012210,0
1012211,0
1012212,0
1012213,0
1012214,0
1012215,0
1012216,0
1012217,0
1012218,0
1012219,0
1012220,0
1012221,0
1012222,0
1012223,0
1012224,0
1012225,0
1012226,0
1012227,0
1012228,0
1012229,0
1012230,0
1012231,0
1012232,0
1012233,0
1012234,0
1012235,0
1012236,0
1012237,0
1012238,0
1012239,0
1012240,0
1012241,0
1012242,0
1012243,0
1012244,0
1012245,0
1012246,0
1012247,0
1012248,0
1012249,0
1012250,0
1012251,4
1012252,0
1012253,0
1012254,0
1012255,0
1012256,0
1012257,0
1012258,0
1012259,1
1012260,0
1012261,0
1012262,0
1012263,0
1012264,0
1012265,0
1012266,0
1012267,0
1012268,0
1012269,0
1012270,0
1012271,0
1012272,0
1012273,1
1012274,0
1012275,0
1012276,0
1012277,0
1012278,0
1012279,0
1012280,0
1012281,0
1012282,0
1012283,0
1012284,0
1012285,0
1012286,0
1012287,0
1012288,0
1012289,0
1012290,0
1012291,1
1012292,0
1012293,0
1012294,3
1012295,0
1012296,2
1012297,0
1012298,1
1012299,2
1012300,0
1012301,0
1012302,0
1012303,0
1012304,0
1012305,0
1012306,0
1012307,0
1012308,4
1012309,0
1012310,0
1012311,0
1012312,1
1012313,0
1012314,0
1012315,0
1012316,1
1012317,0
1012318,0
1012319,0
1012320,0
1012321,2
1012322,0
1012323,2
1012324,1
1012325,0
1012326,1
1012327,0
1012328,4
1012329,0
1012330,0
1012331,0
1012332,0
1012333,0
1012334,0
1012335,0
1012336,0
1012337,0
1012338,2
1012339,0
1012340,0
1012341,0
1012342,0
1012343,0
1012344,0
1012345,0
1012346,0
1012347,0
1012348,0
1012349,2
1012350,0
1012351,0
1012352,0
1012353,0
1012354,0
1012355,0
1012356,0
1012357,0
1012358,0
1012359,0
1012360,0
1012361,0
1012362,0
1012363,0
1012364,0
1012365,0
1012366,0
1012367,0
1012368,0
1012369,0
1012370,0
1012371,0
1012372,0
1012373,0
1012374,0
1012375,2
1012376,0
1012377,2
1012378,0
1012379,0
1012380,0
1012381,0
1012382,0
1012383,0
1012384,1
1012385,0
1012386,0
1012387,1
1012388,0
1012389,0
1012390,0
1012391,0
1012392,0
1012393,0
1012394,0
1012395,6
1012396,0
1012397,0
1012398,1
1012399,0
1012400,0
1012401,0
1012402,0
1012403,0
1012404,0
1012405,0
1012406,1
1012407,3
1012408,5
1012409,2
1012410,0
1012411,0
1012412,0
1012413,0
1012414,0
1012415,0
1012416,3
1012417,0
1012418,0
1012419,0
1012420,0
1012421,0
1012422,0
1012423,0
1012424,0
1012425,0
1012426,0
1012427,0
1012428,0
1012429,1
1012430,0
1012431,0
1012432,0
1012433,0
1012434,0
1012435,1
1012436,0
1012437,0
1012438,0
1012439,2
1012440,0
1012441,0
1012442,0
1012443,0
1012444,0
1012445,0
1012446,0
1012447,0
1012448,0
1012449,0
1012450,1
1012451,0
1012452,0
1012453,1
1012454,0
1012455,0
1012456,0
1012457,0
1012458,0
1012459,0
1012460,0
1012461,0
1012462,0
1012463,0
1012464,0
1012465,0
1012466,2
1012467,0
1012468,0
1012469,0
1012470,0
1012471,0
1012472,0
1012473,1
1012474,0
1012475,0
1012476,0
1012477,0
1012478,0
1012479,0
1012480,1
1012481,0
1012482,0
1012483,0
1012484,0
1012485,0
1012486,0
1012487,0
1012488,0
1012489,0
1012490,0
1012491,0
1012492,1
1012493,0
1012494,0
1012495,0
1012496,1
1012497,0
1012498,0
1012499,0
1012500,0
1012501,0
1012502,0
1012503,1
1012504,0
1012505,1
1012506,0
1012507,0
1012508,0
1012509,0
1012510,0
1012511,0
1012512,0
1012513,0
1012514,1
1012515,0
1012516,0
1012517,3
1012518,0
1012519,0
1012520,0
1012521,0
1012522,0
1012523,0
1012524,0
1012525,0
1012526,0
1012527,0
1012528,0
1012529,0
1012530,0
1012531,0
1012532,0
1012533,0
1012534,0
1012535,5
1012536,0
1012537,0
1012538,0
1012539,0
1012540,0
1012541,0
1012542,0
1012543,0
1012544,0
1012545,0
1012546,0
1012547,0
1012548,2
1012549,0
1012550,0
1012551,0
1012552,0
1012553,0
1012554,0
1012555,0
1012556,0
1012557,0
1012558,0
1012559,1
1012560,0
1012561,0
1012562,0
1012563,0
1012564,0
1012565,0
1012566,0
1012567,0
1012568,0
1012569,0
1012570,0
1012571,2
1012572,0
1012573,0
1012574,1
1012575,0
1012576,0
1012577,0
1012578,0
1012579,0
1012580,0
1012581,0
1012582,0
1012583,0
1012584,2
1012585,0
1012586,0
1012587,0
1012588,0
1012589,0
1012590,2
1012591,0
1012592,0
1012593,0
1012594,0
1012595,0
1012596,0
1012597,0
1012598,3
1012599,0
1012600,0
1012601,0
1012602,0
1012603,0
1012604,0
1012605,0
1012606,0
1012607,0
1012608,0
1012609,0
1012610,0
1012611,0
1012612,0
1012613,0
1012614,0
1012615,3
1012616,0
1012617,0
1012618,0
1012619,0
1012620,0
1012621,0
1012622,0
1012623,0
1012624,3
1012625,0
1012626,0
1012627,0
1012628,0
1012629,0
1012630,3
1012631,0
1012632,0
1012633,0
1012634,0
1012635,0
1012636,0
1012637,0
1012638,0
1012639,0
1012640,0
1012641,0
1012642,1
1012643,0
1012644,0
1012645,0
1012646,0
1012647,0
1012648,0
1012649,0
1012650,1
1012651,0
1012652,0
1012653,0
1012654,0
1012655,0
1012656,0
1012657,0
1012658,0
1012659,3
1012660,0
1012661,0
1012662,0
1012663,0
1012664,0
1012665,0
1012666,0
1012667,2
1012668,0
1012669,0
1012670,0
1012671,0
1012672,0
1012673,0
1012674,0
1012675,0
1012676,2
1012677,0
1012678,0
1012679,0
1012680,0
1012681,0
1012682,0
1012683,0
1012684,1
1012685,0
1012686,0
1012687,0
1012688,0
1012689,0
1012690,0
1012691,0
1012692,0
1012693,1
1012694,0
1012695,0
1012696,0
1012697,1
1012698,0
1012699,0
1012700,0
1012701,0
1012702,0
1012703,0
1012704,0
1012705,0
1012706,0
1012707,0
1012708,0
1012709,0
1012710,0
1012711,0
1012712,0
1012713,0
1012714,0
1012715,7
1012716,0
1012717,14
1012718,0
1012719,0
1012720,0
1012721,0
1012722,0
1012723,0
1012724,0
1012725,0
1012726,0
1012727,0
1012728,17
1012729,0
1012730,10
1012731,0
1012732,0
1012733,0
1012734,0
1012735,0
1012736,0
1012737,0
1012738,0
1012739,0
1012740,0
1012741,12
1012742,0
1012743,0
1012744,0
1012745,0
1012746,11
1012747,0
1012748,0
1012749,0
1012750,0
1012751,0
1012752,0
1012753,0
1012754,0
1012755,0
1012756,0
1012757,0
1012758,0
1012759,0
1012760,12
1012761,15
1012762,8
1012763,0
1012764,0
1012765,22
1012766,0
1012767,0
1012768,0
1012769,0
1012770,0
1012771,0
1012772,0
1012773,0
1012774,0
1012775,0
1012776,0
1012777,0
1012778,0
1012779,0
1012780,0
1012781,17
1012782,0
1012783,0
1012784,0
1012785,0
1012786,0
1012787,0
1012788,0
1012789,0
1012790,0
1012791,0
1012792,0
1012793,0
1012794,0
1012795,0
1012796,0
1012797,0
1012798,0
1012799,0
1012800,0
1012801,0
1012802,0
1012803,0
1012804,0
1012805,0
1012806,0
1012807,0
1012808,0
1012809,0
1012810,0
1012811,0
1012812,0
1012813,0
1012814,0
1012815,17
1012816,0
1012817,0
1012818,0
1012819,0
1012820,18
1012821,0
1012822,0
1012823,0
1012824,0
1012825,14
1012826,0
1012827,0
1012828,0
1012829,0
1012830,13
1012831,0
1012832,0
1012833,10
1012834,0
1012835,0
1012836,13
1012837,0
1012838,0
1012839,0
1012840,0
1012841,0
1012842,0
1012843,0
1012844,0
1012845,0
1012846,0
1012847,0
1012848,0
1012849,0
1012850,13
1012851,0
1012852,19
1012853,0
1012854,0
1012855,13
1012856,0
1012857,0
1012858,0
1012859,13
1012860,0
1012861,0
1012862,0
1012863,0
1012864,11
1012865,0
1012866,0
1012867,23
1012868,0
1012869,0
1012870,0
1012871,0
1012872,29
1012873,0
1012874,0
1012875,21
1012876,0
1012877,0
1012878,0
1012879,13
1012880,0
1012881,0
1012882,0
1012883,0
1012884,0
1012885,0
1012886,13
1012887,13
1012888,0
1012889,0
1012890,14
1012891,13
1012892,19
1012893,0
1012894,0
1012895,0
1012896,0
1012897,0
1012898,0
1012899,16
1012900,0
1012901,0
1012902,0
1012903,0
1012904,0
1012905,0
1012906,12
1012907,0
1012908,0
1012909,0
1012910,0
1012911,0
1012912,0
1012913,14
1012914,0
1012915,0
1012916,28
1012917,0
1012918,19
1012919,0
1012920,0
1012921,0
1012922,0
1012923,0
1012924,0
1012925,0
1012926,14
1012927,0
1012928,0
1012929,24
1012930,0
1012931,0
1012932,0
1012933,0
1012934,0
1012935,7
1012936,0
1012937,0
1012938,0
1012939,0
1012940,0
1012941,0
1012942,0
1012943,14
1012944,0
1012945,0
1012946,0
1012947,10
1012948,0
1012949,0
1012950,0
1012951,0
1012952,0
1012953,0
1012954,0
1012955,0
1012956,12
1012957,16
1012958,0
1012959,8
1012960,13
1012961,0
1012962,0
1012963,0
1012964,11
1012965,0
1012966,0
1012967,0
1012968,0
1012969,0
1012970,0
1012971,0
1012972,0
1012973,0
1012974,0
1012975,0
1012976,0
1012977,0
1012978,12
1012979,0
1012980,0
1012981,0
1012982,15
1012983,0
1012984,0
1012985,0
1012986,0
1012987,0
1012988,6
1012989,0
1012990,0
1012991,0
1012992,6
1012993,0
1012994,0
1012995,0
1012996,0
1012997,0
1012998,0
1012999,0
1013000,0
1013001,0
1013002,4
1013003,0
1013004,13
1013005,11
1013006,0
1013007,19
1013008,17
1013009,0
1013010,9
1013011,0
1013012,0
1013013,0
1013014,21
1013015,0
1013016,0
1013017,24
1013018,0
1013019,0
1013020,20
1013021,10
1013022,0
1013023,0
1013024,0
1013025,0
1013026,0
1013027,29
1013028,0
1013029,0
1013030,0
1013031,0
1013032,23
1013033,0
1013034,0
1013035,0
1013036,0
1013037,0
1013038,0
1013039,0
1013040,0
1013041,0
1013042,0
1013043,0
1013044,0
1013045,0
1013046,0
1013047,0
1013048,12
1013049,0
1013050,13
1013051,0
1013052,0
1013053,0
1013054,15
1013055,0
1013056,0
1013057,0
1013058,0
1013059,7
1013060,0
1013061,0
1013062,0
1013063,0
1013064,0
1013065,0
1013066,0
1013067,0
1013068,0
1013069,0
1013070,0
1013071,0
1013072,0
1013073,0
1013074,0
1013075,0
1013076,0
1013077,0
1013078,0
1013079,0
1013080,0
1013081,0
1013082,0
1013083,20
1013084,0
1013085,0
1013086,0
1013087,0
1013088,0
1013089,23
1013090,0
1013091,0
1013092,0
1013093,0
1013094,0
1013095,0
1013096,0
1013097,0
1013098,9
1013099,0
1013100,0
1013101,0
1013102,0
1013103,0
1013104,0
1013105,0
1013106,0
1013107,0
1013108,0
1013109,11
1013110,0
1013111,0
1013112,0
1013113,0
1013114,0
1013115,0
1013116,0
1013117,0
1013118,0
1013119,15
1013120,18
1013121,0
1013122,0
1013123,0
1013124,0
1013125,0
1013126,0
1013127,0
1013128,0
1013129,0
1013130,0
1013131,0
1013132,0
1013133,0
1013134,17
1013135,0
1013136,0
1013137,0
1013138,0
1013139,0
1013140,0
1013141,0
1013142,0
1013143,14
1013144,0
1013145,0
1013146,0
1013147,15
1013148,0
1013149,5
1013150,0
1013151,0
1013152,0
1013153,21
1013154,0
1013155,0
1013156,0
1013157,17
1013158,0
1013159,0
1013160,0
1013161,0
1013162,0
1013163,0
1013164,13
1013165,0
1013166,0
1013167,8
1013168,0
1013169,0
1013170,0
1013171,0
1013172,0
1013173,0
1013174,0
1013175,0
1013176,0
1013177,0
1013178,0
1013179,0
1013180,9
1013181,0
1013182,0
1013183,0
1013184,0
1013185,0
1013186,9
1013187,0
1013188,0
1013189,0
1013190,0
1013191,15
1013192,0
1013193,20
1013194,0
1013195,23
1013196,0
1013197,11
1013198,0
1013199,0
1013200,0
1013201,0
1013202,0
1013203,0
1013204,0
1013205,0
1013206,8
1013207,0
1013208,0
1013209,0
1013210,16
1013211,0
1013212,0
1013213,0
1013214,0
1013215,0
1013216,0
1013217,28
1013218,0
1013219,0
1013220,0
1013221,0
1013222,0
1013223,0
1013224,0
1013225,15
1013226,0
1013227,0
1013228,0
1013229,0
1013230,0
1013231,0
1013232,0
1013233,0
1013234,0
1013235,0
1013236,0
1013237,0
1013238,0
1013239,0
1013240,0
1013241,0
1013242,0
1013243,0
1013244,0
1013245,35
1013246,0
1013247,0
1013248,0
1013249,0
1013250,0
1013251,21
1013252,0
1013253,0
1013254,0
1013255,0
1013256,32
1013257,0
1013258,0
1013259,0
1013260,0
1013261,0
1013262,0
1013263,0
1013264,0
1013265,0
1013266,0
1013267,0
1013268,0
1013269,0
1013270,0
1013271,0
1013272,0
1013273,25
1013274,0
1013275,0
1013276,0
1013277,0
1013278,0
1013279,0
1013280,24
1013281,0
1013282,0
1013283,0
1013284,0
1013285,20
1013286,0
1013287,0
1013288,0
1013289,0
1013290,0
1013291,0
1013292,0
1013293,0
1013294,0
1013295,0
1013296,0
1013297,0
1013298,0
1013299,0
1013300,0
1013301,0
1013302,0
1013303,0
1013304,0
1013305,0
1013306,0
1013307,33
1013308,0
1013309,0
1013310,0
1013311,0
1013312,0
1013313,0
1013314,0
1013315,0
1013316,35
1013317,0
1013318,0
1013319,0
1013320,0
1013321,0
1013322,0
1013323,0
1013324,0
1013325,0
1013326,0
1013327,0
1013328,0
1013329,0
1013330,0
1013331,0
1013332,26
1013333,0
1013334,0
1013335,0
1013336,0
1013337,0
1013338,0
1013339,0
1013340,54
1013341,0
1013342,0
1013343,0
1013344,0
1013345,0
1013346,42
1013347,0
1013348,0
1013349,0
1013350,0
1013351,30
1013352,0
1013353,0
1013354,33
1013355,0
1013356,22
1013357,0
1013358,0
1013359,0
1013360,22
1013361,0
1013362,0
1013363,0
1013364,0
1013365,0
1013366,0
1013367,0
1013368,0
1013369,0
1013370,26
1013371,0
1013372,0
1013373,0
1013374,0
1013375,0
1013376,0
1013377,0
1013378,0
1013379,0
1013380,27
1013381,0
1013382,0
1013383,0
1013384,0
1013385,0
1013386,0
1013387,0
1013388,13
1013389,0
1013390,22
1013391,0
1013392,0
1013393,0
1013394,0
1013395,0
1013396,0
1013397,0
1013398,0
1013399,0
1013400,0
1013401,0
1013402,0
1013403,30
1013404,0
1013405,0
1013406,22
1013407,0
1013408,0
1013409,37
1013410,0
1013411,0
1013412,0
1013413,0
1013414,0
1013415,0
1013416,0
1013417,25
1013418,0
1013419,0
1013420,0
1013421,0
1013422,0
1013423,0
1013424,0
1013425,0
1013426,0
1013427,0
1013428,0
1013429,0
1013430,30
1013431,29
1013432,15
1013433,0
1013434,0
1013435,0
1013436,0
1013437,0
1013438,0
1013439,35
1013440,0
1013441,0
1013442,0
1013443,0
1013444,0
1013445,30
1013446,28
1013447,0
1013448,30
1013449,34
1013450,0
1013451,0
1013452,0
1013453,0
1013454,0
1013455,24
1013456,0
1013457,30
1013458,0
1013459,0
1013460,0
1013461,0
1013462,0
1013463,0
1013464,22
1013465,0
1013466,0
1013467,0
1013468,0
1013469,34
1013470,0
1013471,0
1013472,0
1013473,0
1013474,0
1013475,0
1013476,0
1013477,0
1013478,0
1013479,0
1013480,19
1013481,0
1013482,31
1013483,0
1013484,0
1013485,0
1013486,37
1013487,0
1013488,0
1013489,0
1013490,0
1013491,23
1013492,0
1013493,0
1013494,0
1013495,0
1013496,0
1013497,0
1013498,0
1013499,0
1013500,0
1013501,0
1013502,23
1013503,0
1013504,0
1013505,26
1013506,19
1013507,0
1013508,0
1013509,0
1013510,0
1013511,0
1013512,0
1013513,0
1013514,25
1013515,0
1013516,0
1013517,0
1013518,0
1013519,0
1013520,0
1013521,0
1013522,0
1013523,0
1013524,29
1013525,0
1013526,37
1013527,0
1013528,0
1013529,0
1013530,0
1013531,0
1013532,0
1013533,0
1013534,0
1013535,0
1013536,0
1013537,0
1013538,21
1013539,0
1013540,0
1013541,0
1013542,0
1013543,0
1013544,31
1013545,33
1013546,0
1013547,0
1013548,0
1013549,0
1013550,0
1013551,0
1013552,0
1013553,0
1013554,0
1013555,0
1013556,0
1013557,0
1013558,0
1013559,0
1013560,0
1013561,0
1013562,34
1013563,0
1013564,0
1013565,0
1013566,37
1013567,0
1013568,0
1013569,0
1013570,0
1013571,0
1013572,26
1013573,0
1013574,25
1013575,0
1013576,0
1013577,0
1013578,0
1013579,0
1013580,33
1013581,0
1013582,0
1013583,0
1013584,0
1013585,0
1013586,0
1013587,0
1013588,0
1013589,27
1013590,0
1013591,0
1013592,32
1013593,0
1013594,0
1013595,0
1013596,32
1013597,0
1013598,0
1013599,0
1013600,0
1013601,0
1013602,0
1013603,34
1013604,0
1013605,40
1013606,0
1013607,20
1013608,0
1013609,25
1013610,0
1013611,37
1013612,33
1013613,0
1013614,0
1013615,0
1013616,0
1013617,0
1013618,0
1013619,0
1013620,0
1013621,0
1013622,0
1013623,0
1013624,0
1013625,30
1013626,0
1013627,0
1013628,23
1013629,26
1013630,0
1013631,0
1013632,0
1013633,0
1013634,0
1013635,0
1013636,0
1013637,0
1013638,39
1013639,0
1013640,0
1013641,0
1013642,0
1013643,0
1013644,0
1013645,0
1013646,0
1013647,0
1013648,24
1013649,0
1013650,0
1013651,28
1013652,0
1013653,41
1013654,0
1013655,46
1013656,0
1013657,0
1013658,23
1013659,0
1013660,0
1013661,0
1013662,0
1013663,0
1013664,0
1013665,20
1013666,28
1013667,0
1013668,0
1013669,0
1013670,0
1013671,28
1013672,27
1013673,0
1013674,0
1013675,31
1013676,0
1013677,0
1013678,0
1013679,0
1013680,0
1013681,0
1013682,29
1013683,15
1013684,0
1013685,0
1013686,0
1013687,32
1013688,0
1013689,0
1013690,0
1013691,18
1013692,0
1013693,0
1013694,39
1013695,0
1013696,0
1013697,29
1013698,29
1013699,0
1013700,0
1013701,47
1013702,0
1013703,0
1013704,0
1013705,28
1013706,0
1013707,0
1013708,34
1013709,0
1013710,0
1013711,0
1013712,0
1013713,0
1013714,0
1013715,0
1013716,38
1013717,33
1013718,0
1013719,29
1013720,0
1013721,0
1013722,0
1013723,0
1013724,24
1013725,28
1013726,0
1013727,35
1013728,0
1013729,0
1013730,0
1013731,23
1013732,0
1013733,0
1013734,0
1013735,0
1013736,0
1013737,0
1013738,0
1013739,0
1013740,0
1013741,22
1013742,0
1013743,37
1013744,0
1013745,33
1013746,0
1013747,0
1013748,18
1013749,33
1013750,0
1013751,0
1013752,19
1013753,31
1013754,0
1013755,23
1013756,30
1013757,0
1013758,0
1013759,30
1013760,34
1013761,29
1013762,0
1013763,19
1013764,31
1013765,0
1013766,0
1013767,0
1013768,0
1013769,30
1013770,0
1013771,0
1013772,33
1013773,25
1013774,0
1013775,0
1013776,23
1013777,0
1013778,31
1013779,0
1013780,0
1013781,0
1013782,0
1013783,0
1013784,0
1013785,0
1013786,0
1013787,0
1013788,0
1013789,0
1013790,0
1013791,0
1013792,0
1013793,29
1013794,18
1013795,38
1013796,0
1013797,0
1013798,0
1013799,0
1013800,0
1013801,0
1013802,0
1013803,0
1013804,0
1013805,0
1013806,0
1013807,0
1013808,0
1013809,20
1013810,0
1013811,0
1013812,28
1013813,0
1013814,0
1013815,27
1013816,20
1013817,32
1013818,36
1013819,0
1013820,0
1013821,0
1013822,24
1013823,0
1013824,0
1013825,0
1013826,0
1013827,37
1013828,31
1013829,0
1013830,0
1013831,0
1013832,0
1013833,0
1013834,27
1013835,21
1013836,0
1013837,0
1013838,0
1013839,0
1013840,0
1013841,42
1013842,0
1013843,39
1013844,0
1013845,24
1013846,30
1013847,28
1013848,29
1013849,40
1013850,30
1013851,0
1013852,32
1013853,0
1013854,0
1013855,26
1013856,0
1013857,0
1013858,29
1013859,0
1013860,0
1013861,30
1013862,0
1013863,0
1013864,0
1013865,0
1013866,0
1013867,0
1013868,38
1013869,0
1013870,0
1013871,0
1013872,28
1013873,0
1013874,0
1013875,0
1013876,0
1013877,0
1013878,0
1013879,0
1013880,0
1013881,0
1013882,0
1013883,27
1013884,0
1013885,0
1013886,0
1013887,42
1013888,0
1013889,0
1013890,0
1013891,0
1013892,0
1013893,0
1013894,33
1013895,0
1013896,37
1013897,0
1013898,0
1013899,37
1013900,0
1013901,0
1013902,0
1013903,0
1013904,24
1013905,0
1013906,0
1013907,0
1013908,0
1013909,0
1013910,25
1013911,0
1013912,0
1013913,0
1013914,0
1013915,14
1013916,0
1013917,0
1013918,0
1013919,0
1013920,0
1013921,0
1013922,0
1013923,0
1013924,0
1013925,0
1013926,31
1013927,52
1013928,0
1013929,0
1013930,16
1013931,0
1013932,27
1013933,0
1013934,0
1013935,31
1013936,0
1013937,0
1013938,0
1013939,0
1013940,0
1013941,31
1013942,0
1013943,0
1013944,0
1013945,23
1013946,26
1013947,0
1013948,0
1013949,25
1013950,0
1013951,0
1013952,12
1013953,0
1013954,0
1013955,0
1013956,0
1013957,0
1013958,0
1013959,0
1013960,0
1013961,0
1013962,0
1013963,0
1013964,0
1013965,0
1013966,20
1013967,0
1013968,0
1013969,0
1013970,0
1013971,27
1013972,25
1013973,20
1013974,27
1013975,0
1013976,28
1013977,0
1013978,42
1013979,0
1013980,0
1013981,0
1013982,25
1013983,0
1013984,27
1013985,0
1013986,0
1013987,0
1013988,0
1013989,26
1013990,0
1013991,0
1013992,32
1013993,0
1013994,0
1013995,23
1013996,23
1013997,0
1013998,0
1013999,0
1014000,18
1014001,0
1014002,39
1014003,0
1014004,0
1014005,0
1014006,29
1014007,0
1014008,0
1014009,32
1014010,0
1014011,0
1014012,0
1014013,0
1014014,34
1014015,0
1014016,42
1014017,0
1014018,0
1014019,0
1014020,0
1014021,0
1014022,0
1014023,0
1014024,0
1014025,0
1014026,0
1014027,30
1014028,0
1014029,0
1014030,0
1014031,0
1014032,0
1014033,0
1014034,0
1014035,0
1014036,0
1014037,0
1014038,0
1014039,24
1014040,0
1014041,0
1014042,0
1014043,40
1014044,0
1014045,31
1014046,0
1014047,16
1014048,0
1014049,0
1014050,29
1014051,42
1014052,27
1014053,0
1014054,0
1014055,28
1014056,0
1014057,0
1014058,0
1014059,0
1014060,31
1014061,0
1014062,33
1014063,0
1014064,0
1014065,0
1014066,0
1014067,0
1014068,0
1014069,0
1014070,0
1014071,29
1014072,0
1014073,0
1014074,0
1014075,0
1014076,0
1014077,0
1014078,30
1014079,0
1014080,28
1014081,20
1014082,39
1014083,29
1014084,31
1014085,0
1014086,0
1014087,0
1014088,0
1014089,0
1014090,28
1014091,0
1014092,0
1014093,0
1014094,30
1014095,35
1014096,42
1014097,0
1014098,0
1014099,0
1014100,30
1014101,0
1014102,47
1014103,0
1014104,34
1014105,0
1014106,0
1014107,0
1014108,34
1014109,0
1014110,0
1014111,22
1014112,0
1014113,0
1014114,29
1014115,44
1014116,0
1014117,0
1014118,43
1014119,35
1014120,0
1014121,0
1014122,23
1014123,0
1014124,0
1014125,0
1014126,0
1014127,0
1014128,0
1014129,0
1014130,31
1014131,0
1014132,0
1014133,24
1014134,28
1014135,0
1014136,0
1014137,0
1014138,30
1014139,0
1014140,33
1014141,0
1014142,0
1014143,0
1014144,0
1014145,0
1014146,34
1014147,0
1014148,0
1014149,35
1014150,27
1014151,0
1014152,0
1014153,0
1014154,26
1014155,0
1014156,0
1014157,0
1014158,0
1014159,0
1014160,0
1014161,0
1014162,0
1014163,0
1014164,0
1014165,0
1014166,30
1014167,40
1014168,0
1014169,27
1014170,0
1014171,0
1014172,0
1014173,0
1014174,26
1014175,0
1014176,0
1014177,0
1014178,0
1014179,26
1014180,0
1014181,0
1014182,0
1014183,0
1014184,0
1014185,0
1014186,0
1014187,0
1014188,0
1014189,0
1014190,0
1014191,0
1014192,0
1014193,0
1014194,0
1014195,0
1014196,0
1014197,0
1014198,0
1014199,0
1014200,0
1014201,24
1014202,0
1014203,25
1014204,0
1014205,23
1014206,0
1014207,0
1014208,26
1014209,0
1014210,0
1014211,0
1014212,28
1014213,29
1014214,0
1014215,0
1014216,0
1014217,45
1014218,0
1014219,0
1014220,11
1014221,0
1014222,0
1014223,0
1014224,24
1014225,28
1014226,0
1014227,27
1014228,0
1014229,0
1014230,0
1014231,0
1014232,0
1014233,0
1014234,28
1014235,0
1014236,0
1014237,0
1014238,33
1014239,0
1014240,33
1014241,0
1014242,0
1014243,0
1014244,30
1014245,0
1014246,0
1014247,0
1014248,40
1014249,0
1014250,0
1014251,22
1014252,44
1014253,0
1014254,37
1014255,24
1014256,0
1014257,0
1014258,0
1014259,0
1014260,0
1014261,0
1014262,0
1014263,0
1014264,22
1014265,0
1014266,32
1014267,0
1014268,0
1014269,46
1014270,0
1014271,0
1014272,0
1014273,0
1014274,0
1014275,0
1014276,0
1014277,0
1014278,0
1014279,0
1014280,0
1014281,0
1014282,37
1014283,0
1014284,27
1014285,0
1014286,20
1014287,0
1014288,37
1014289,0
1014290,0
1014291,0
1014292,0
1014293,0
1014294,0
1014295,26
1014296,21
1014297,0
1014298,0
1014299,21
1014300,0
1014301,0
1014302,0
1014303,29
1014304,24
1014305,0
1014306,41
1014307,0
1014308,32
1014309,0
1014310,40
1014311,23
1014312,0
1014313,0
1014314,0
1014315,0
1014316,23
1014317,0
1014318,0
1014319,0
1014320,0
1014321,0
1014322,0
1014323,3
1014324,0
1014325,0
1014326,0
1014327,0
1014328,0
1014329,0
1014330,0
1014331,0
1014332,3
1014333,0
1014334,0
1014335,0
1014336,10
1014337,0
1014338,0
1014339,0
1014340,0
1014341,0
1014342,0
1014343,0
1014344,0
1014345,9
1014346,0
1014347,3
1014348,0
1014349,0
1014350,0
1014351,0
1014352,0
1014353,0
1014354,0
1014355,0
1014356,0
1014357,6
1014358,0
1014359,0
1014360,0
1014361,0
1014362,3
1014363,0
1014364,0
1014365,0
1014366,0
1014367,0
1014368,8
1014369,0
1014370,0
1014371,0
1014372,0
1014373,0
1014374,5
1014375,0
1014376,0
1014377,6
1014378,0
1014379,3
1014380,0
1014381,0
1014382,0
1014383,0
1014384,0
1014385,0
1014386,0
1014387,0
1014388,7
1014389,0
1014390,0
1014391,0
1014392,8
1014393,0
1014394,0
1014395,0
1014396,0
1014397,0
1014398,0
1014399,0
1014400,0
1014401,0
1014402,0
1014403,0
1014404,0
1014405,0
1014406,8
1014407,0
1014408,0
1014409,0
1014410,0
1014411,7
1014412,6
1014413,0
1014414,0
1014415,0
1014416,0
1014417,0
1014418,0
1014419,0
1014420,0
1014421,0
1014422,0
1014423,0
1014424,0
1014425,0
1014426,0
1014427,0
1014428,0
1014429,0
1014430,0
1014431,0
1014432,4
1014433,0
1014434,0
1014435,0
1014436,0
1014437,0
1014438,0
1014439,0
1014440,0
1014441,0
1014442,0
1014443,0
1014444,0
1014445,0
1014446,0
1014447,0
1014448,0
1014449,0
1014450,0
1014451,0
1014452,0
1014453,0
1014454,0
1014455,0
1014456,0
1014457,0
1014458,0
1014459,0
1014460,0
1014461,0
1014462,0
1014463,0
1014464,0
1014465,0
1014466,0
1014467,0
1014468,0
1014469,0
1014470,0
1014471,0
1014472,0
1014473,0
1014474,0
1014475,0
1014476,0
1014477,0
1014478,0
1014479,0
1014480,0
1014481,0
1014482,0
1014483,0
1014484,8
1014485,0
1014486,0
1014487,0
1014488,0
1014489,0
1014490,0
1014491,0
1014492,0
1014493,0
1014494,0
1014495,0
1014496,0
1014497,0
1014498,0
1014499,0
1014500,0
1014501,0
1014502,0
1014503,0
1014504,0
1014505,0
1014506,6
1014507,0
1014508,0
1014509,0
1014510,0
1014511,0
1014512,0
1014513,0
1014514,0
1014515,0
1014516,0
1014517,0
1014518,0
1014519,0
1014520,0
1014521,6
1014522,0
1014523,0
1014524,0
1014525,0
1014526,0
1014527,0
1014528,0
1014529,0
1014530,5
1014531,0
1014532,0
1014533,0
1014534,0
1014535,0
1014536,0
1014537,0
1014538,0
1014539,0
1014540,0
1014541,0
1014542,0
1014543,0
1014544,0
1014545,0
1014546,0
1014547,0
1014548,0
1014549,0
1014550,0
1014551,0
1014552,0
1014553,5
1014554,6
1014555,0
1014556,0
1014557,0
1014558,0
1014559,0
1014560,0
1014561,0
1014562,0
1014563,0
1014564,0
1014565,0
1014566,0
1014567,0
1014568,0
1014569,0
1014570,7
1014571,0
1014572,3
1014573,0
1014574,0
1014575,7
1014576,0
1014577,4
1014578,0
1014579,0
1014580,0
1014581,0
1014582,0
1014583,3
1014584,5
1014585,0
1014586,0
1014587,7
1014588,0
1014589,0
1014590,0
1014591,0
1014592,0
1014593,0
1014594,0
1014595,0
1014596,0
1014597,0
1014598,0
1014599,0
1014600,0
1014601,0
1014602,0
1014603,0
1014604,0
1014605,0
1014606,0
1014607,0
1014608,0
1014609,0
1014610,9
1014611,0
1014612,0
1014613,0
1014614,0
1014615,0
1014616,0
1014617,0
1014618,0
1014619,0
1014620,0
1014621,0
1014622,0
1014623,0
1014624,3
1014625,0
1014626,0
1014627,0
1014628,0
1014629,2
1014630,0
1014631,0
1014632,0
1014633,0
1014634,0
1014635,0
1014636,0
1014637,0
1014638,0
1014639,0
1014640,0
1014641,0
1014642,0
1014643,0
1014644,0
1014645,0
1014646,0
1014647,0
1014648,0
1014649,0
1014650,0
1014651,0
1014652,0
1014653,0
1014654,0
1014655,0
1014656,0
1014657,0
1014658,0
1014659,0
1014660,0
1014661,0
1014662,0
1014663,0
1014664,0
1014665,0
1014666,0
1014667,0
1014668,0
1014669,0
1014670,6
1014671,0
1014672,0
1014673,0
1014674,7
1014675,0
1014676,0
1014677,0
1014678,3
1014679,0
1014680,0
1014681,0
1014682,0
1014683,1
1014684,0
1014685,0
1014686,0
1014687,0
1014688,0
1014689,0
1014690,0
1014691,0
1014692,0
1014693,0
1014694,0
1014695,0
1014696,0
1014697,0
1014698,0
1014699,0
1014700,7
1014701,0
1014702,0
1014703,0
1014704,0
1014705,0
1014706,0
1014707,0
1014708,0
1014709,0
1014710,0
1014711,0
1014712,0
1014713,0
1014714,0
1014715,0
1014716,0
1014717,0
1014718,0
1014719,0
1014720,0
1014721,0
1014722,0
1014723,0
1014724,0
1014725,0
1014726,0
1014727,0
1014728,0
1014729,0
1014730,0
1014731,0
1014732,5
1014733,0
1014734,0
1014735,0
1014736,6
1014737,0
1014738,0
1014739,0
1014740,0
1014741,0
1014742,0
1014743,0
1014744,0
1014745,0
1014746,0
1014747,0
1014748,0
1014749,0
1014750,0
1014751,0
1014752,8
1014753,0
1014754,0
1014755,0
1014756,0
1014757,8
1014758,0
1014759,0
1014760,0
1014761,0
1014762,0
1014763,0
1014764,0
1014765,0
1014766,5
1014767,0
1014768,0
1014769,0
1014770,0
1014771,3
1014772,0
1014773,0
1014774,0
1014775,0
1014776,0
1014777,7
1014778,0
1014779,0
1014780,7
1014781,0
1014782,0
1014783,5
1014784,0
1014785,0
1014786,0
1014787,0
1014788,0
1014789,7
1014790,0
1014791,0
1014792,0
1014793,0
1014794,0
1014795,0
1014796,0
1014797,0
1014798,0
1014799,0
1014800,6
1014801,0
1014802,0
1014803,6
1014804,0
1014805,0
1014806,5
1014807,0
1014808,2
1014809,0
1014810,0
1014811,0
1014812,0
1014813,0
1014814,0
1014815,0
1014816,5
1014817,0
1014818,0
1014819,0
1014820,0
1014821,6
1014822,0
1014823,0
1014824,0
1014825,0
1014826,0
1014827,0
1014828,0
1014829,0
1014830,0
1014831,0
1014832,0
1014833,0
1014834,2
1014835,0
1014836,0
1014837,0
1014838,0
1014839,0
1014840,0
1014841,0
1014842,0
1014843,0
1014844,0
1014845,0
1014846,0
1014847,0
1014848,0
1014849,0
1014850,0
1014851,0
1014852,0
1014853,0
1014854,0
1014855,0
1014856,0
1014857,0
1014858,0
1014859,0
1014860,0
1014861,0
1014862,0
1014863,4
1014864,0
1014865,4
1014866,0
1014867,0
1014868,0
1014869,0
1014870,0
1014871,0
1014872,6
1014873,0
1014874,0
1014875,0
1014876,0
1014877,0
1014878,0
1014879,0
1014880,0
1014881,0
1014882,0
1014883,0
1014884,0
1014885,0
1014886,0
1014887,0
1014888,0
1014889,0
1014890,0
1014891,0
1014892,0
1014893,0
1014894,0
1014895,0
1014896,0
1014897,0
1014898,11
1014899,0
1014900,0
1014901,0
1014902,0
1014903,8
1014904,0
1014905,7
1014906,0
1014907,0
1014908,0
1014909,0
1014910,0
1014911,0
1014912,0
1014913,0
1014914,0
1014915,0
1014916,0
1014917,0
1014918,0
1014919,5
1014920,0
1014921,0
1014922,0
1014923,0
1014924,0
1014925,9
1014926,0
1014927,0
1014928,0
1014929,0
1014930,3
1014931,0
1014932,0
1014933,0
1014934,0
1014935,0
1014936,0
1014937,0
1014938,0
1014939,1
1014940,0
1014941,0
1014942,0
1014943,0
1014944,0
1014945,0
1014946,0
1014947,0
1014948,0
1014949,0
1014950,2
1014951,0
1014952,0
1014953,0
1014954,0
1014955,0
1014956,0
1014957,0
1014958,1
1014959,0
1014960,0
1014961,1
1014962,1
1014963,0
1014964,2
1014965,0
1014966,0
1014967,0
1014968,0
1014969,0
1014970,0
1014971,0
1014972,0
1014973,1
1014974,0
1014975,0
1014976,0
1014977,0
1014978,0
1014979,0
1014980,0
1014981,0
1014982,0
1014983,0
1014984,0
1014985,1
1014986,0
1014987,0
1014988,0
1014989,0
1014990,0
1014991,0
1014992,2
1014993,0
1014994,1
1014995,0
1014996,0
1014997,0
1014998,0
1014999,0
1015000,0
1015001,1
1015002,0
1015003,0
1015004,0
1015005,0
1015006,1
1015007,0
1015008,0
1015009,0
1015010,0
1015011,0
1015012,0
1015013,0
1015014,0
1015015,0
1015016,1
1015017,0
1015018,0
1015019,0
1015020,0
1015021,0
1015022,0
1015023,1
1015024,0
1015025,0
1015026,0
1015027,0
1015028,0
1015029,0
1015030,0
1015031,0
1015032,0
1015033,1
1015034,0
1015035,0
1015036,0
1015037,0
1015038,0
1015039,0
1015040,0
1015041,0
1015042,0
1015043,0
1015044,0
1015045,1
1015046,1
1015047,0
1015048,0
1015049,0
1015050,0
1015051,0
1015052,0
1015053,1
1015054,0
1015055,0
1015056,0
1015057,0
1015058,0
1015059,0
1015060,0
1015061,0
1015062,0
1015063,0
1015064,0
1015065,2
1015066,0
1015067,0
1015068,0
1015069,0
1015070,0
1015071,0
1015072,0
1015073,0
1015074,0
1015075,0
1015076,1
1015077,0
1015078,1
1015079,0
1015080,0
1015081,0
1015082,0
1015083,0
1015084,0
1015085,0
1015086,2
1015087,0
1015088,0
1015089,0
1015090,0
1015091,0
1015092,0
1015093,0
1015094,2
1015095,0
1015096,1
1015097,0
1015098,0
1015099,0
1015100,0
1015101,1
1015102,0
1015103,2
1015104,0
1015105,0
1015106,0
1015107,1
1015108,1
1015109,3
1015110,0
1015111,0
1015112,0
1015113,0
1015114,0
1015115,0
1015116,0
1015117,1
1015118,0
1015119,0
1015120,0
1015121,0
1015122,0
1015123,0
1015124,0
1015125,0
1015126,1
1015127,0
1015128,0
1015129,0
1015130,0
1015131,0
1015132,0
1015133,0
1015134,0
1015135,0
1015136,0
1015137,0
1015138,0
1015139,0
1015140,0
1015141,0
1015142,0
1015143,1
1015144,0
1015145,0
1015146,0
1015147,0
1015148,1
1015149,0
1015150,1
1015151,2
1015152,0
1015153,0
1015154,2
1015155,2
1015156,0
1015157,2
1015158,0
1015159,0
1015160,0
1015161,0
1015162,0
1015163,1
1015164,0
1015165,0
1015166,0
1015167,0
1015168,0
1015169,0
1015170,0
1015171,0
1015172,1
1015173,0
1015174,0
1015175,0
1015176,0
1015177,0
1015178,0
1015179,0
1015180,0
1015181,1
1015182,0
1015183,0
1015184,1
1015185,0
1015186,0
1015187,0
1015188,0
1015189,0
1015190,0
1015191,0
1015192,0
1015193,1
1015194,0
1015195,0
1015196,0
1015197,0
1015198,0
1015199,0
1015200,0
1015201,1
1015202,0
1015203,0
1015204,0
1015205,0
1015206,0
1015207,0
1015208,0
1015209,0
1015210,0
1015211,0
1015212,0
1015213,0
1015214,0
1015215,0
1015216,0
1015217,0
1015218,0
1015219,0
1015220,0
1015221,0
1015222,0
1015223,1
1015224,0
1015225,0
1015226,0
1015227,0
1015228,0
1015229,0
1015230,0
1015231,0
1015232,0
1015233,0
1015234,0
1015235,0
1015236,0
1015237,0
1015238,0
1015239,0
1015240,1
1015241,0
1015242,0
1015243,0
1015244,0
1015245,0
1015246,0
1015247,0
1015248,0
1015249,0
1015250,0
1015251,0
1015252,0
1015253,0
1015254,0
1015255,0
1015256,0
1015257,0
1015258,0
1015259,1
1015260,0
1015261,0
1015262,0
1015263,0
1015264,0
1015265,1
1015266,0
1015267,0
1015268,0
1015269,0
1015270,0
1015271,0
1015272,0
1015273,0
1015274,0
1015275,1
1015276,0
1015277,0
1015278,0
1015279,0
1015280,0
1015281,1
1015282,0
1015283,0
1015284,0
1015285,0
1015286,0
1015287,0
1015288,0
1015289,0
1015290,0
1015291,0
1015292,0
1015293,0
1015294,0
1015295,0
1015296,2
1015297,0
1015298,0
1015299,0
1015300,0
1015301,0
1015302,0
1015303,0
1015304,0
1015305,0
1015306,0
1015307,0
1015308,0
1015309,2
1015310,0
1015311,1
1015312,0
1015313,1
1015314,0
1015315,0
1015316,0
1015317,0
1015318,0
1015319,0
1015320,0
1015321,0
1015322,0
1015323,0
1015324,0
1015325,0
1015326,0
1015327,0
1015328,0
1015329,0
1015330,0
1015331,0
1015332,0
1015333,0
1015334,0
1015335,0
1015336,0
1015337,0
1015338,0
1015339,0
1015340,0
1015341,0
1015342,0
1015343,0
1015344,0
1015345,0
1015346,0
1015347,0
1015348,1
1015349,0
1015350,1
1015351,0
1015352,0
1015353,0
1015354,0
1015355,0
1015356,0
1015357,1
1015358,0
1015359,0
1015360,0
1015361,1
1015362,0
1015363,0
1015364,0
1015365,0
1015366,0
1015367,2
1015368,1
1015369,0
1015370,0
1015371,0
1015372,0
1015373,0
1015374,0
1015375,0
1015376,0
1015377,0
1015378,0
1015379,0
1015380,0
1015381,0
1015382,0
1015383,0
1015384,0
1015385,0
1015386,0
1015387,0
1015388,0
1015389,0
1015390,0
1015391,0
1015392,2
1015393,0
1015394,0
1015395,0
1015396,0
1015397,2
1015398,0
1015399,1
1015400,1
1015401,0
1015402,1
1015403,2
1015404,0
1015405,1
1015406,0
1015407,0
1015408,0
1015409,0
1015410,0
1015411,1
1015412,1
1015413,0
1015414,1
1015415,0
1015416,0
1015417,0
1015418,0
1015419,0
1015420,0
1015421,0
1015422,0
1015423,0
1015424,0
1015425,0
1015426,0
1015427,0
1015428,0
1015429,0
1015430,0
1015431,0
1015432,0
1015433,1
1015434,0
1015435,0
1015436,0
1015437,0
1015438,0
1015439,0
1015440,0
1015441,0
1015442,0
1015443,0
1015444,0
1015445,0
1015446,0
1015447,0
1015448,0
1015449,0
1015450,0
1015451,0
1015452,0
1015453,0
1015454,0
1015455,0
1015456,0
1015457,0
1015458,1
1015459,0
1015460,0
1015461,0
1015462,0
1015463,0
1015464,1
1015465,0
1015466,0
1015467,0
1015468,0
1015469,0
1015470,1
1015471,0
1015472,0
1015473,0
1015474,0
1015475,0
1015476,0
1015477,0
1015478,0
1015479,0
1015480,0
1015481,0
1015482,0
1015483,0
1015484,0
1015485,1
1015486,0
1015487,0
1015488,0
1015489,0
1015490,0
1015491,0
1015492,0
1015493,0
1015494,0
1015495,0
1015496,0
1015497,3
1015498,0
1015499,0
1015500,1
1015501,0
1015502,0
1015503,0
1015504,0
1015505,0
1015506,0
1015507,0
1015508,0
1015509,0
1015510,0
1015511,0
1015512,0
1015513,0
1015514,0
1015515,0
1015516,0
1015517,0
1015518,2
1015519,3
1015520,0
1015521,0
1015522,0
1015523,0
1015524,0
1015525,0
1015526,0
1015527,0
1015528,0
1015529,1
1015530,0
1015531,3
1015532,0
1015533,0
1015534,0
1015535,0
1015536,1
1015537,0
1015538,0
1015539,0
1015540,0
1015541,4
1015542,0
1015543,1
1015544,0
1015545,0
1015546,0
1015547,0
1015548,0
1015549,0
1015550,0
1015551,0
1015552,0
1015553,0
1015554,0
1015555,0
1015556,2
1015557,1
1015558,0
1015559,0
1015560,0
1015561,1
1015562,1
1015563,1
1015564,0
1015565,0
1015566,0
1015567,0
1015568,0
1015569,0
1015570,0
1015571,2
1015572,0
1015573,0
1015574,0
1015575,0
1015576,1
1015577,0
1015578,0
1015579,0
1015580,0
1015581,0
1015582,0
1015583,0
1015584,0
1015585,0
1015586,2
1015587,0
1015588,0
1015589,0
1015590,0
1015591,0
1015592,0
1015593,0
1015594,0
1015595,0
1015596,0
1015597,0
1015598,0
1015599,0
1015600,0
1015601,0
1015602,0
1015603,0
1015604,0
1015605,0
1015606,1
1015607,0
1015608,0
1015609,0
1015610,1
1015611,0
1015612,0
1015613,2
1015614,0
1015615,1
1015616,0
1015617,0
1015618,1
1015619,0
1015620,0
1015621,0
1015622,0
1015623,0
1015624,0
1015625,0
1015626,0
1015627,1
1015628,0
1015629,0
1015630,0
1015631,0
1015632,0
1015633,3
1015634,0
1015635,0
1015636,0
1015637,0
1015638,0
1015639,1
1015640,0
1015641,0
1015642,0
1015643,0
1015644,0
1015645,0
1015646,0
1015647,0
1015648,0
1015649,0
1015650,1
1015651,0
1015652,0
1015653,0
1015654,0
1015655,0
1015656,0
1015657,0
1015658,0
1015659,2
1015660,0
1015661,0
1015662,1
1015663,1
1015664,0
1015665,0
1015666,0
1015667,1
1015668,0
1015669,0
1015670,0
1015671,0
1015672,0
1015673,0
1015674,0
1015675,0
1015676,0
1015677,0
1015678,0
1015679,0
1015680,0
1015681,0
1015682,0
1015683,2
1015684,1
1015685,0
1015686,0
1015687,0
1015688,1
1015689,0
1015690,0
1015691,0
1015692,0
1015693,2
1015694,0
1015695,0
1015696,0
1015697,0
1015698,0
1015699,1
1015700,0
1015701,0
1015702,2
1015703,0
1015704,0
1015705,0
1015706,0
1015707,0
1015708,0
1015709,1
1015710,1
1015711,1
1015712,0
1015713,3
1015714,0
1015715,0
1015716,1
1015717,0
1015718,0
1015719,3
1015720,0
1015721,0
1015722,0
1015723,1
1015724,0
1015725,0
1015726,0
1015727,1
1015728,0
1015729,0
1015730,0
1015731,0
1015732,0
1015733,0
1015734,0
1015735,0
1015736,0
1015737,0
1015738,0
1015739,0
1015740,0
1015741,0
1015742,0
1015743,0
1015744,0
1015745,0
1015746,1
1015747,0
1015748,0
1015749,0
1015750,0
1015751,0
1015752,0
1015753,1
1015754,0
1015755,0
1015756,0
1015757,0
1015758,0
1015759,0
1015760,0
1015761,0
1015762,0
1015763,0
1015764,0
1015765,0
1015766,0
1015767,0
1015768,0
1015769,0
1015770,0
1015771,0
1015772,0
1015773,1
1015774,0
1015775,0
1015776,0
1015777,0
1015778,0
1015779,0
1015780,0
1015781,0
1015782,0
1015783,0
1015784,0
1015785,0
1015786,0
1015787,0
1015788,2
1015789,0
1015790,0
1015791,0
1015792,0
1015793,0
1015794,0
1015795,0
1015796,0
1015797,0
1015798,0
1015799,0
1015800,0
1015801,0
1015802,0
1015803,0
1015804,0
1015805,1
1015806,0
1015807,0
1015808,0
1015809,0
1015810,0
1015811,0
1015812,0
1015813,0
1015814,0
1015815,0
1015816,0
1015817,0
1015818,0
1015819,0
1015820,0
1015821,0
1015822,0
1015823,0
1015824,0
1015825,0
1015826,0
1015827,0
1015828,0
1015829,0
1015830,0
1015831,0
1015832,0
1015833,0
1015834,2
1015835,0
1015836,0
1015837,0
1015838,0
1015839,0
1015840,0
1015841,0
1015842,0
1015843,0
1015844,0
1015845,0
1015846,3
1015847,0
1015848,1
1015849,5
1015850,3
1015851,0
1015852,0
1015853,0
1015854,3
1015855,0
1015856,3
1015857,4
1015858,0
1015859,0
1015860,0
1015861,0
1015862,0
1015863,0
1015864,3
1015865,4
1015866,0
1015867,0
1015868,6
1015869,0
1015870,1
1015871,2
1015872,0
1015873,0
1015874,3
1015875,0
1015876,0
1015877,0
1015878,0
1015879,3
1015880,0
1015881,0
1015882,3
1015883,3
1015884,0
1015885,4
1015886,0
1015887,0
1015888,0
1015889,0
1015890,0
1015891,0
1015892,0
1015893,0
1015894,0
1015895,0
1015896,0
1015897,0
1015898,0
1015899,0
1015900,0
1015901,0
1015902,0
1015903,0
1015904,0
1015905,0
1015906,6
1015907,3
1015908,5
1015909,0
1015910,0
1015911,0
1015912,0
1015913,0
1015914,0
1015915,0
1015916,6
1015917,0
1015918,0
1015919,5
1015920,0
1015921,2
1015922,0
1015923,2
1015924,4
1015925,0
1015926,0
1015927,0
1015928,0
1015929,5
1015930,0
1015931,0
1015932,2
1015933,0
1015934,0
1015935,0
1015936,0
1015937,0
1015938,0
1015939,0
1015940,0
1015941,0
1015942,0
1015943,0
1015944,0
1015945,0
1015946,5
1015947,5
1015948,0
1015949,0
1015950,4
1015951,0
1015952,0
1015953,0
1015954,0
1015955,0
1015956,0
1015957,2
1015958,0
1015959,5
1015960,0
1015961,0
1015962,0
1015963,0
1015964,0
1015965,0
1015966,0
1015967,0
1015968,0
1015969,4
1015970,0
1015971,0
1015972,0
1015973,0
1015974,0
1015975,0
1015976,0
1015977,7
1015978,0
1015979,0
1015980,7
1015981,5
1015982,0
1015983,0
1015984,0
1015985,0
1015986,0
1015987,0
1015988,0
1015989,0
1015990,0
1015991,0
1015992,5
1015993,0
1015994,0
1015995,0
1015996,0
1015997,5
1015998,0
1015999,0
1016000,0
1016001,0
1016002,0
1016003,0
1016004,0
1016005,0
1016006,0
1016007,0
1016008,0
1016009,0
1016010,4
1016011,0
1016012,0
1016013,0
1016014,3
1016015,0
1016016,6
1016017,0
1016018,0
1016019,4
1016020,0
1016021,0
1016022,2
1016023,6
1016024,0
1016025,0
1016026,0
1016027,0
1016028,4
1016029,0
1016030,0
1016031,0
1016032,0
1016033,0
1016034,0
1016035,0
1016036,0
1016037,0
1016038,3
1016039,0
1016040,0
1016041,3
1016042,1
1016043,0
1016044,0
1016045,2
1016046,0
1016047,0
1016048,0
1016049,0
1016050,0
1016051,0
1016052,1
1016053,2
1016054,0
1016055,0
1016056,0
1016057,0
1016058,3
1016059,3
1016060,0
1016061,0
1016062,0
1016063,5
1016064,0
1016065,0
1016066,5
1016067,0
1016068,0
1016069,0
1016070,0
1016071,5
1016072,0
1016073,0
1016074,6
1016075,1
1016076,0
1016077,0
1016078,1
1016079,0
1016080,1
1016081,0
1016082,0
1016083,0
1016084,0
1016085,0
1016086,0
1016087,0
1016088,0
1016089,0
1016090,0
1016091,1
1016092,0
1016093,0
1016094,3
1016095,0
1016096,0
1016097,0
1016098,0
1016099,0
1016100,0
1016101,0
1016102,0
1016103,0
1016104,0
1016105,0
1016106,0
1016107,3
1016108,0
1016109,4
1016110,0
1016111,0
1016112,0
1016113,0
1016114,0
1016115,0
1016116,0
1016117,0
1016118,0
1016119,0
1016120,0
1016121,2
1016122,0
1016123,0
1016124,0
1016125,0
1016126,3
1016127,5
1016128,0
1016129,0
1016130,0
1016131,0
1016132,3
1016133,1
1016134,0
1016135,0
1016136,0
1016137,0
1016138,0
1016139,3
1016140,0
1016141,0
1016142,1
1016143,0
1016144,4
1016145,0
1016146,0
1016147,0
1016148,0
1016149,0
1016150,6
1016151,0
1016152,0
1016153,0
1016154,4
1016155,0
1016156,0
1016157,0
1016158,3
1016159,0
1016160,0
1016161,5
1016162,0
1016163,0
1016164,0
1016165,2
1016166,0
1016167,0
1016168,0
1016169,5
1016170,0
1016171,0
1016172,0
1016173,0
1016174,4
1016175,0
1016176,0
1016177,7
1016178,0
1016179,0
1016180,3
1016181,0
1016182,2
1016183,0
1016184,0
1016185,0
1016186,0
1016187,0
1016188,0
1016189,0
1016190,0
1016191,4
1016192,0
1016193,0
1016194,0
1016195,3
1016196,0
1016197,0
1016198,0
1016199,5
1016200,0
1016201,0
1016202,0
1016203,0
1016204,0
1016205,5
1016206,0
1016207,0
1016208,1
1016209,4
1016210,0
1016211,0
1016212,1
1016213,0
1016214,0
1016215,4
1016216,0
1016217,0
1016218,0
1016219,0
1016220,2
1016221,0
1016222,4
1016223,0
1016224,0
1016225,4
1016226,3
1016227,4
1016228,0
1016229,0
1016230,0
1016231,0
1016232,0
1016233,0
1016234,2
1016235,0
1016236,0
1016237,0
1016238,0
1016239,0
1016240,3
1016241,6
1016242,0
1016243,0
1016244,0
1016245,0
1016246,0
1016247,0
1016248,0
1016249,0
1016250,0
1016251,0
1016252,0
1016253,0
1016254,0
1016255,0
1016256,0
1016257,0
1016258,0
1016259,0
1016260,0
1016261,0
1016262,0
1016263,1
1016264,0
1016265,0
1016266,0
1016267,4
1016268,0
1016269,0
1016270,0
1016271,0
1016272,0
1016273,1
1016274,4
1016275,0
1016276,6
1016277,8
1016278,0
1016279,0
1016280,5
1016281,0
1016282,0
1016283,5
1016284,0
1016285,0
1016286,0
1016287,0
1016288,0
1016289,0
1016290,0
1016291,0
1016292,0
1016293,0
1016294,0
1016295,0
1016296,0
1016297,1
1016298,0
1016299,0
1016300,0
1016301,0
1016302,7
1016303,0
1016304,0
1016305,0
1016306,7
1016307,0
1016308,5
1016309,0
1016310,0
1016311,1
1016312,3
1016313,0
1016314,7
1016315,0
1016316,0
1016317,0
1016318,0
1016319,0
1016320,0
1016321,0
1016322,1
1016323,0
1016324,0
1016325,7
1016326,0
1016327,3
1016328,0
1016329,0
1016330,0
1016331,1
1016332,1
1016333,0
1016334,0
1016335,3
1016336,3
1016337,1
1016338,0
1016339,0
1016340,0
1016341,0
1016342,0
1016343,0
1016344,0
1016345,0
1016346,0
1016347,0
1016348,0
1016349,0
1016350,1
1016351,0
1016352,0
1016353,0
1016354,0
1016355,5
1016356,0
1016357,0
1016358,4
1016359,0
1016360,5
1016361,0
1016362,0
1016363,0
1016364,3
1016365,4
1016366,0
1016367,0
1016368,0
1016369,1
1016370,0
1016371,0
1016372,0
1016373,0
1016374,0
1016375,0
1016376,0
1016377,0
1016378,0
1016379,0
1016380,0
1016381,1
1016382,0
1016383,0
1016384,0
1016385,8
1016386,0
1016387,0
1016388,0
1016389,0
1016390,0
1016391,0
1016392,0
1016393,2
1016394,0
1016395,6
1016396,0
1016397,0
1016398,6
1016399,0
1016400,8
1016401,2
1016402,4
1016403,0
1016404,0
1016405,5
1016406,5
1016407,3
1016408,2
1016409,0
1016410,2
1016411,0
1016412,0
1016413,0
1016414,5
1016415,2
1016416,0
1016417,0
1016418,0
1016419,0
1016420,0
1016421,3
1016422,0
1016423,5
1016424,4
1016425,0
1016426,0
1016427,3
1016428,0
1016429,0
1016430,9
1016431,0
1016432,0
1016433,0
1016434,0
1016435,4
1016436,0
1016437,0
1016438,0
1016439,0
1016440,0
1016441,0
1016442,0
1016443,0
1016444,5
1016445,0
1016446,0
1016447,0
1016448,0
1016449,4
1016450,0
1016451,3
1016452,0
1016453,1
1016454,0
1016455,0
1016456,1
1016457,0
1016458,0
1016459,0
1016460,0
1016461,0
1016462,5
1016463,0
1016464,0
1016465,0
1016466,0
1016467,0
1016468,0
1016469,2
1016470,0
1016471,0
1016472,0
1016473,2
1016474,0
1016475,0
1016476,0
1016477,5
1016478,0
1016479,0
1016480,0
1016481,7
1016482,2
1016483,0
1016484,0
1016485,0
1016486,0
1016487,0
1016488,2
1016489,0
1016490,0
1016491,1
1016492,1
1016493,2
1016494,0
1016495,5
1016496,2
1016497,1
1016498,0
1016499,0
1016500,0
1016501,0
1016502,0
1016503,0
1016504,0
1016505,0
1016506,0
1016507,0
1016508,0
1016509,0
1016510,0
1016511,2
1016512,0
1016513,0
1016514,0
1016515,0
1016516,0
1016517,7
1016518,0
1016519,0
1016520,0
1016521,2
1016522,4
1016523,0
1016524,5
1016525,3
1016526,1
1016527,0
1016528,0
1016529,6
1016530,4
1016531,0
1016532,6
1016533,0
1016534,0
1016535,0
1016536,0
1016537,5
1016538,0
1016539,0
1016540,0
1016541,0
1016542,0
1016543,0
1016544,0
1016545,0
1016546,0
1016547,0
1016548,0
1016549,0
1016550,0
1016551,0
1016552,0
1016553,0
1016554,8
1016555,3
1016556,0
1016557,8
1016558,5
1016559,1
1016560,0
1016561,0
1016562,0
1016563,4
1016564,0
1016565,0
1016566,0
1016567,2
1016568,0
1016569,0
1016570,0
1016571,3
1016572,0
1016573,0
1016574,0
1016575,1
1016576,2
1016577,4
1016578,0
1016579,0
1016580,0
1016581,1
1016582,0
1016583,0
1016584,0
1016585,0
1016586,0
1016587,0
1016588,0
1016589,0
1016590,0
1016591,2
1016592,0
1016593,0
1016594,0
1016595,2
1016596,0
1016597,0
1016598,0
1016599,0
1016600,0
1016601,0
1016602,4
1016603,0
1016604,0
1016605,1
1016606,0
1016607,0
1016608,0
1016609,0
1016610,0
1016611,3
1016612,0
1016613,4
1016614,3
1016615,0
1016616,4
1016617,0
1016618,0
1016619,0
1016620,0
1016621,3
1016622,4
1016623,0
1016624,5
1016625,0
1016626,0
1016627,0
1016628,0
1016629,0
1016630,0
1016631,5
1016632,0
1016633,1
1016634,5
1016635,3
1016636,0
1016637,0
1016638,0
1016639,4
1016640,0
1016641,4
1016642,0
1016643,0
1016644,0
1016645,0
1016646,3
1016647,3
1016648,9
1016649,0
1016650,0
1016651,3
1016652,2
1016653,0
1016654,0
1016655,0
1016656,0
1016657,8
1016658,0
1016659,2
1016660,0
1016661,0
1016662,0
1016663,0
1016664,0
1016665,0
1016666,0
1016667,0
1016668,0
1016669,0
1016670,0
1016671,0
1016672,0
1016673,0
1016674,0
1016675,0
1016676,4
1016677,2
1016678,0
1016679,0
1016680,0
1016681,3
1016682,0
1016683,0
1016684,0
1016685,0
1016686,0
1016687,0
1016688,0
1016689,0
1016690,0
1016691,0
1016692,0
1016693,0
1016694,4
1016695,1
1016696,4
1016697,0
1016698,0
1016699,0
1016700,4
1016701,0
1016702,0
1016703,0
1016704,0
1016705,0
1016706,0
1016707,0
1016708,0
1016709,0
1016710,2
1016711,3
1016712,0
1016713,0
1016714,0
1016715,0
1016716,0
1016717,0
1016718,0
1016719,5
1016720,0
1016721,3
1016722,0
1016723,0
1016724,0
1016725,0
1016726,0
1016727,0
1016728,0
1016729,0
1016730,0
1016731,0
1016732,5
1016733,0
1016734,0
1016735,1
1016736,0
1016737,0
1016738,0
1016739,0
1016740,0
1016741,4
1016742,0
1016743,0
1016744,0
1016745,0
1016746,0
1016747,5
1016748,0
1016749,0
1016750,0
1016751,0
1016752,0
1016753,0
1016754,0
1016755,0
1016756,0
1016757,2
1016758,0
1016759,4
1016760,0
1016761,0
1016762,0
1016763,0
1016764,3
1016765,0
1016766,0
1016767,0
1016768,5
1016769,0
1016770,5
1016771,0
1016772,0
1016773,0
1016774,0
1016775,0
1016776,0
1016777,6
1016778,0
1016779,0
1016780,0
1016781,0
1016782,3
1016783,0
1016784,0
1016785,0
1016786,0
1016787,0
1016788,0
1016789,0
1016790,0
1016791,0
1016792,0
1016793,0
1016794,0
1016795,0
1016796,0
1016797,0
1016798,0
1016799,0
1016800,0
1016801,0
1016802,0
1016803,0
1016804,0
1016805,0
1016806,0
1016807,0
1016808,0
1016809,0
1016810,0
1016811,0
1016812,0
1016813,0
1016814,0
1016815,7
1016816,0
1016817,0
1016818,0
1016819,0
1016820,0
1016821,0
1016822,0
1016823,0
1016824,0
1016825,0
1016826,0
1016827,0
1016828,0
1016829,0
1016830,0
1016831,0
1016832,0
1016833,0
1016834,0
1016835,0
1016836,0
1016837,0
1016838,0
1016839,0
1016840,0
1016841,0
1016842,0
1016843,0
1016844,0
1016845,0
1016846,0
1016847,0
1016848,0
1016849,0
1016850,0
1016851,0
1016852,0
1016853,0
1016854,0
1016855,0
1016856,0
1016857,0
1016858,0
1016859,0
1016860,0
1016861,0
1016862,0
1016863,12
1016864,0
1016865,0
1016866,0
1016867,0
1016868,0
1016869,0
1016870,0
1016871,0
1016872,0
1016873,0
1016874,0
1016875,0
1016876,7
1016877,0
1016878,0
1016879,0
1016880,0
1016881,0
1016882,0
1016883,0
1016884,0
1016885,0
1016886,0
1016887,0
1016888,0
1016889,0
1016890,0
1016891,0
1016892,0
1016893,0
1016894,0
1016895,0
1016896,0
1016897,0
1016898,0
1016899,0
1016900,0
1016901,0
1016902,0
1016903,0
1016904,0
1016905,0
1016906,0
1016907,0
1016908,0
1016909,0
1016910,0
1016911,0
1016912,0
1016913,0
1016914,0
1016915,9
1016916,0
1016917,15
1016918,0
1016919,0
1016920,0
1016921,0
1016922,0
1016923,0
1016924,0
1016925,0
1016926,0
1016927,0
1016928,0
1016929,0
1016930,0
1016931,0
1016932,9
1016933,0
1016934,0
1016935,0
1016936,0
1016937,0
1016938,0
1016939,0
1016940,0
1016941,0
1016942,0
1016943,0
1016944,0
1016945,0
1016946,0
1016947,0
1016948,0
1016949,0
1016950,0
1016951,0
1016952,8
1016953,0
1016954,0
1016955,0
1016956,9
1016957,0
1016958,0
1016959,0
1016960,0
1016961,0
1016962,0
1016963,0
1016964,0
1016965,0
1016966,0
1016967,0
1016968,0
1016969,0
1016970,0
1016971,6
1016972,0
1016973,0
1016974,0
1016975,0
1016976,0
1016977,0
1016978,0
1016979,0
1016980,0
1016981,0
1016982,0
1016983,0
1016984,0
1016985,0
1016986,0
1016987,0
1016988,0
1016989,0
1016990,0
1016991,0
1016992,0
1016993,0
1016994,0
1016995,0
1016996,0
1016997,0
1016998,0
1016999,0
1017000,0
1017001,9
1017002,0
1017003,0
1017004,0
1017005,0
1017006,0
1017007,0
1017008,0
1017009,0
1017010,0
1017011,0
1017012,0
1017013,0
1017014,10
1017015,0
1017016,0
1017017,0
1017018,0
1017019,0
1017020,0
1017021,0
1017022,0
1017023,6
1017024,0
1017025,0
1017026,0
1017027,14
1017028,0
1017029,0
1017030,5
1017031,0
1017032,0
1017033,0
1017034,0
1017035,0
1017036,0
1017037,0
1017038,0
1017039,0
1017040,0
1017041,0
1017042,0
1017043,0
1017044,0
1017045,0
1017046,0
1017047,0
1017048,0
1017049,9
1017050,8
1017051,0
1017052,0
1017053,0
1017054,12
1017055,0
1017056,0
1017057,0
1017058,0
1017059,0
1017060,0
1017061,0
1017062,0
1017063,0
1017064,0
1017065,0
1017066,0
1017067,0
1017068,0
1017069,0
1017070,0
1017071,0
1017072,0
1017073,0
1017074,0
1017075,0
1017076,0
1017077,0
1017078,0
1017079,0
1017080,0
1017081,0
1017082,0
1017083,0
1017084,0
1017085,4
1017086,0
1017087,0
1017088,0
1017089,10
1017090,0
1017091,0
1017092,0
1017093,0
1017094,0
1017095,0
1017096,0
1017097,0
1017098,0
1017099,0
1017100,0
1017101,11
1017102,0
1017103,0
1017104,0
1017105,0
1017106,0
1017107,0
1017108,0
1017109,0
1017110,0
1017111,0
1017112,0
1017113,0
1017114,0
1017115,0
1017116,0
1017117,0
1017118,0
1017119,0
1017120,0
1017121,0
1017122,0
1017123,0
1017124,0
1017125,0
1017126,0
1017127,0
1017128,8
1017129,0
1017130,0
1017131,0
1017132,0
1017133,0
1017134,0
1017135,0
1017136,0
1017137,0
1017138,8
1017139,0
1017140,0
1017141,0
1017142,0
1017143,0
1017144,0
1017145,0
1017146,0
1017147,0
1017148,0
1017149,0
1017150,0
1017151,0
1017152,0
1017153,0
1017154,0
1017155,0
1017156,0
1017157,0
1017158,0
1017159,0
1017160,0
1017161,0
1017162,0
1017163,0
1017164,0
1017165,0
1017166,0
1017167,0
1017168,0
1017169,0
1017170,0
1017171,0
1017172,0
1017173,0
1017174,0
1017175,0
1017176,0
1017177,0
1017178,0
1017179,0
1017180,0
1017181,0
1017182,0
1017183,0
1017184,0
1017185,0
1017186,0
1017187,0
1017188,0
1017189,0
1017190,0
1017191,0
1017192,0
1017193,0
1017194,0
1017195,0
1017196,0
1017197,0
1017198,7
1017199,0
1017200,0
1017201,0
1017202,0
1017203,0
1017204,0
1017205,0
1017206,0
1017207,0
1017208,0
1017209,0
1017210,0
1017211,0
1017212,12
1017213,0
1017214,0
1017215,5
1017216,0
1017217,0
1017218,0
1017219,0
1017220,0
1017221,0
1017222,0
1017223,0
1017224,0
1017225,0
1017226,0
1017227,0
1017228,0
1017229,9
1017230,0
1017231,0
1017232,0
1017233,0
1017234,0
1017235,0
1017236,0
1017237,0
1017238,0
1017239,0
1017240,0
1017241,0
1017242,0
1017243,0
1017244,0
1017245,0
1017246,0
1017247,0
1017248,0
1017249,0
1017250,0
1017251,0
1017252,0
1017253,0
1017254,0
1017255,12
1017256,0
1017257,0
1017258,0
1017259,0
1017260,0
1017261,0
1017262,0
1017263,0
1017264,0
1017265,0
1017266,0
1017267,0
1017268,0
1017269,0
1017270,0
1017271,0
1017272,0
1017273,0
1017274,0
1017275,0
1017276,0
1017277,0
1017278,0
1017279,0
1017280,0
1017281,0
1017282,0
1017283,0
1017284,0
1017285,0
1017286,0
1017287,0
1017288,9
1017289,0
1017290,0
1017291,0
1017292,0
1017293,0
1017294,0
1017295,0
1017296,0
1017297,0
1017298,0
1017299,0
1017300,0
1017301,0
1017302,0
1017303,0
1017304,0
1017305,0
1017306,0
1017307,0
1017308,0
1017309,7
1017310,0
1017311,0
1017312,0
1017313,0
1017314,0
1017315,0
1017316,0
1017317,0
1017318,0
1017319,0
1017320,0
1017321,0
1017322,0
1017323,0
1017324,0
1017325,0
1017326,0
1017327,0
1017328,0
1017329,0
1017330,0
1017331,0
1017332,0
1017333,0
1017334,0
1017335,0
1017336,0
1017337,0
1017338,0
1017339,0
1017340,0
1017341,0
1017342,0
1017343,0
1017344,0
1017345,0
1017346,7
1017347,0
1017348,0
1017349,12
1017350,0
1017351,0
1017352,0
1017353,0
1017354,0
1017355,0
1017356,0
1017357,0
1017358,0
1017359,0
1017360,0
1017361,4
1017362,0
1017363,0
1017364,0
1017365,0
1017366,0
1017367,7
1017368,0
1017369,0
1017370,0
1017371,0
1017372,0
1017373,0
1017374,0
1017375,0
1017376,0
1017377,0
1017378,0
1017379,0
1017380,0
1017381,0
1017382,0
1017383,0
1017384,0
1017385,0
1017386,0
1017387,0
1017388,6
1017389,0
1017390,0
1017391,0
1017392,0
1017393,0
1017394,0
1017395,0
1017396,8
1017397,0
1017398,0
1017399,0
1017400,0
1017401,0
1017402,0
1017403,0
1017404,0
1017405,0
1017406,0
1017407,0
1017408,0
1017409,0
1017410,0
1017411,0
1017412,0
1017413,0
1017414,0
1017415,0
1017416,0
1017417,0
1017418,0
1017419,0
1017420,0
1017421,0
1017422,0
1017423,0
1017424,0
1017425,0
1017426,0
1017427,0
1017428,0
1017429,0
1017430,0
1017431,0
1017432,0
1017433,0
1017434,0
1017435,0
1017436,0
1017437,0
1017438,9
1017439,0
1017440,0
1017441,0
1017442,0
1017443,0
1017444,0
1017445,0
1017446,0
1017447,0
1017448,0
1017449,0
1017450,0
1017451,8
1017452,0
1017453,0
1017454,0
1017455,0
1017456,0
1017457,0
1017458,0
1017459,0
1017460,0
1017461,13
1017462,0
1017463,5
1017464,0
1017465,0
1017466,0
1017467,0
1017468,7
1017469,0
1017470,0
1017471,0
1017472,0
1017473,0
1017474,0
1017475,0
1017476,0
1017477,0
1017478,0
1017479,0
1017480,0
1017481,0
1017482,0
1017483,0
1017484,0
1017485,0
1017486,0
1017487,0
1017488,0
1017489,0
1017490,0
1017491,0
1017492,0
1017493,0
1017494,0
1017495,11
1017496,0
1017497,0
1017498,0
1017499,0
1017500,0
1017501,0
1017502,0
1017503,0
1017504,0
1017505,0
1017506,0
1017507,0
1017508,0
1017509,0
1017510,0
1017511,11
1017512,0
1017513,0
1017514,0
1017515,0
1017516,0
1017517,0
1017518,0
1017519,0
1017520,10
1017521,0
1017522,0
1017523,0
1017524,0
1017525,0
1017526,0
1017527,0
1017528,0
1017529,0
1017530,0
1017531,0
1017532,0
1017533,0
1017534,0
1017535,0
1017536,0
1017537,0
1017538,0
1017539,4
1017540,0
1017541,0
1017542,6
1017543,0
1017544,0
1017545,0
1017546,0
1017547,0
1017548,0
1017549,0
1017550,0
1017551,0
1017552,0
1017553,0
1017554,0
1017555,9
1017556,0
1017557,3
1017558,0
1017559,0
1017560,0
1017561,0
1017562,0
1017563,0
1017564,0
1017565,0
1017566,0
1017567,0
1017568,0
1017569,0
1017570,0
1017571,0
1017572,0
1017573,0
1017574,0
1017575,0
1017576,0
1017577,0
1017578,0
1017579,5
1017580,0
1017581,0
1017582,0
1017583,0
1017584,0
1017585,0
1017586,0
1017587,0
1017588,0
1017589,6
1017590,0
1017591,0
1017592,0
1017593,0
1017594,0
1017595,0
1017596,0
1017597,0
1017598,9
1017599,0
1017600,0
1017601,0
1017602,0
1017603,0
1017604,0
1017605,0
1017606,0
1017607,0
1017608,0
1017609,0
1017610,0
1017611,0
1017612,3
1017613,0
1017614,0
1017615,0
1017616,0
1017617,0
1017618,0
1017619,0
1017620,0
1017621,0
1017622,0
1017623,0
1017624,0
1017625,0
1017626,0
1017627,0
1017628,0
1017629,0
1017630,0
1017631,0
1017632,0
1017633,0
1017634,0
1017635,0
1017636,0
1017637,0
1017638,0
1017639,0
1017640,0
1017641,0
1017642,0
1017643,0
1017644,0
1017645,0
1017646,14
1017647,0
1017648,0
1017649,0
1017650,0
1017651,0
1017652,0
1017653,0
1017654,0
1017655,0
1017656,0
1017657,0
1017658,0
1017659,0
1017660,0
1017661,0
1017662,0
1017663,0
1017664,0
1017665,0
1017666,0
1017667,0
1017668,0
1017669,0
1017670,19
1017671,0
1017672,0
1017673,0
1017674,0
1017675,0
1017676,0
1017677,20
1017678,28
1017679,0
1017680,0
1017681,0
1017682,0
1017683,0
1017684,0
1017685,0
1017686,0
1017687,0
1017688,0
1017689,0
1017690,0
1017691,0
1017692,39
1017693,0
1017694,17
1017695,0
1017696,17
1017697,0
1017698,0
1017699,0
1017700,0
1017701,0
1017702,0
1017703,0
1017704,0
1017705,0
1017706,0
1017707,31
1017708,0
1017709,0
1017710,0
1017711,0
1017712,0
1017713,0
1017714,32
1017715,0
1017716,0
1017717,0
1017718,0
1017719,36
1017720,0
1017721,0
1017722,0
1017723,0
1017724,0
1017725,0
1017726,0
1017727,0
1017728,0
1017729,0
1017730,20
1017731,0
1017732,0
1017733,0
1017734,0
1017735,0
1017736,0
1017737,0
1017738,0
1017739,0
1017740,25
1017741,0
1017742,0
1017743,26
1017744,0
1017745,0
1017746,0
1017747,0
1017748,0
1017749,0
1017750,0
1017751,0
1017752,0
1017753,0
1017754,0
1017755,0
1017756,0
1017757,0
1017758,0
1017759,0
1017760,0
1017761,0
1017762,0
1017763,0
1017764,0
1017765,0
1017766,0
1017767,0
1017768,38
1017769,0
1017770,0
1017771,22
1017772,0
1017773,0
1017774,35
1017775,0
1017776,40
1017777,12
1017778,0
1017779,0
1017780,0
1017781,0
1017782,0
1017783,0
1017784,0
1017785,0
1017786,16
1017787,0
1017788,0
1017789,0
1017790,0
1017791,0
1017792,0
1017793,32
1017794,0
1017795,0
1017796,0
1017797,0
1017798,0
1017799,0
1017800,0
1017801,0
1017802,0
1017803,0
1017804,0
1017805,0
1017806,0
1017807,0
1017808,0
1017809,0
1017810,0
1017811,28
1017812,0
1017813,21
1017814,0
1017815,32
1017816,0
1017817,0
1017818,0
1017819,0
1017820,0
1017821,0
1017822,0
1017823,0
1017824,0
1017825,0
1017826,0
1017827,0
1017828,34
1017829,22
1017830,0
1017831,0
1017832,0
1017833,0
1017834,0
1017835,46
1017836,41
1017837,0
1017838,0
1017839,0
1017840,0
1017841,0
1017842,0
1017843,0
1017844,0
1017845,0
1017846,0
1017847,0
1017848,0
1017849,0
1017850,0
1017851,0
1017852,0
1017853,0
1017854,0
1017855,0
1017856,0
1017857,0
1017858,0
1017859,0
1017860,0
1017861,0
1017862,56
1017863,0
1017864,0
1017865,0
1017866,0
1017867,0
1017868,0
1017869,0
1017870,0
1017871,0
1017872,0
1017873,0
1017874,0
1017875,0
1017876,0
1017877,32
1017878,0
1017879,0
1017880,0
1017881,0
1017882,40
1017883,14
1017884,0
1017885,0
1017886,0
1017887,0
1017888,0
1017889,0
1017890,0
1017891,0
1017892,0
1017893,0
1017894,0
1017895,0
1017896,0
1017897,31
1017898,0
1017899,12
1017900,0
1017901,31
1017902,0
1017903,0
1017904,0
1017905,0
1017906,0
1017907,0
1017908,0
1017909,0
1017910,0
1017911,0
1017912,20
1017913,0
1017914,0
1017915,0
1017916,0
1017917,29
1017918,0
1017919,0
1017920,0
1017921,0
1017922,0
1017923,24
1017924,0
1017925,40
1017926,0
1017927,0
1017928,0
1017929,0
1017930,0
1017931,29
1017932,34
1017933,0
1017934,0
1017935,0
1017936,0
1017937,0
1017938,0
1017939,0
1017940,0
1017941,0
1017942,35
1017943,0
1017944,0
1017945,0
1017946,0
1017947,0
1017948,0
1017949,0
1017950,0
1017951,0
1017952,0
1017953,0
1017954,31
1017955,0
1017956,0
1017957,0
1017958,0
1017959,0
1017960,0
1017961,0
1017962,0
1017963,0
1017964,0
1017965,0
1017966,34
1017967,0
1017968,0
1017969,0
1017970,0
1017971,0
1017972,0
1017973,0
1017974,0
1017975,0
1017976,33
1017977,0
1017978,0
1017979,0
1017980,0
1017981,0
1017982,0
1017983,0
1017984,31
1017985,0
1017986,0
1017987,0
1017988,0
1017989,0
1017990,24
1017991,0
1017992,0
1017993,0
1017994,0
1017995,33
1017996,34
1017997,0
1017998,53
1017999,26
1018000,0
1018001,0
1018002,0
1018003,29
1018004,0
1018005,34
1018006,0
1018007,0
1018008,0
1018009,0
1018010,0
1018011,0
1018012,0
1018013,0
1018014,0
1018015,0
1018016,0
1018017,0
1018018,37
1018019,0
1018020,0
1018021,0
1018022,27
1018023,0
1018024,0
1018025,0
1018026,0
1018027,38
1018028,0
1018029,0
1018030,0
1018031,0
1018032,0
1018033,0
1018034,0
1018035,0
1018036,0
1018037,0
1018038,0
1018039,15
1018040,0
1018041,0
1018042,0
1018043,29
1018044,0
1018045,0
1018046,0
1018047,24
1018048,0
1018049,0
1018050,22
1018051,0
1018052,29
1018053,0
1018054,0
1018055,0
1018056,0
1018057,15
1018058,0
1018059,37
1018060,0
1018061,0
1018062,0
1018063,0
1018064,0
1018065,0
1018066,0
1018067,0
1018068,0
1018069,0
1018070,0
1018071,0
1018072,0
1018073,0
1018074,0
1018075,0
1018076,0
1018077,0
1018078,0
1018079,0
1018080,0
1018081,0
1018082,16
1018083,0
1018084,0
1018085,0
1018086,0
1018087,0
1018088,51
1018089,0
1018090,0
1018091,0
1018092,0
1018093,0
1018094,0
1018095,0
1018096,0
1018097,14
1018098,0
1018099,0
1018100,0
1018101,0
1018102,26
1018103,0
1018104,0
1018105,0
1018106,32
1018107,0
1018108,0
1018109,0
1018110,0
1018111,0
1018112,0
1018113,0
1018114,0
1018115,0
1018116,0
1018117,38
1018118,0
1018119,29
1018120,29
1018121,0
1018122,0
1018123,0
1018124,0
1018125,0
1018126,0
1018127,0
1018128,0
1018129,0
1018130,33
1018131,28
1018132,0
1018133,0
1018134,0
1018135,0
1018136,0
1018137,0
1018138,0
1018139,0
1018140,0
1018141,0
1018142,0
1018143,0
1018144,0
1018145,0
1018146,34
1018147,0
1018148,0
1018149,0
1018150,0
1018151,0
1018152,0
1018153,41
1018154,0
1018155,0
1018156,0
1018157,44
1018158,0
1018159,0
1018160,0
1018161,19
1018162,0
1018163,0
1018164,0
1018165,0
1018166,0
1018167,0
1018168,16
1018169,0
1018170,0
1018171,45
1018172,0
1018173,22
1018174,0
1018175,0
1018176,0
1018177,33
1018178,0
1018179,26
1018180,43
1018181,0
1018182,0
1018183,0
1018184,0
1018185,0
1018186,0
1018187,0
1018188,0
1018189,0
1018190,0
1018191,0
1018192,48
1018193,0
1018194,0
1018195,0
1018196,0
1018197,0
1018198,20
1018199,29
1018200,0
1018201,0
1018202,0
1018203,0
1018204,0
1018205,0
1018206,0
1018207,38
1018208,0
1018209,38
1018210,0
1018211,40
1018212,0
1018213,29
1018214,0
1018215,0
1018216,0
1018217,17
1018218,0
1018219,0
1018220,0
1018221,0
1018222,26
1018223,29
1018224,0
1018225,0
1018226,53
1018227,0
1018228,0
1018229,0
1018230,0
1018231,0
1018232,25
1018233,0
1018234,0
1018235,26
1018236,0
1018237,28
1018238,0
1018239,0
1018240,14
1018241,0
1018242,0
1018243,0
1018244,0
1018245,0
1018246,0
1018247,0
1018248,0
1018249,0
1018250,0
1018251,0
1018252,0
1018253,35
1018254,33
1018255,0
1018256,0
1018257,0
1018258,0
1018259,0
1018260,32
1018261,0
1018262,0
1018263,24
1018264,31
1018265,0
1018266,0
1018267,0
1018268,0
1018269,0
1018270,0
1018271,0
1018272,28
1018273,0
1018274,0
1018275,0
1018276,0
1018277,33
1018278,0
1018279,36
1018280,0
1018281,20
1018282,0
1018283,0
1018284,0
1018285,0
1018286,45
1018287,0
1018288,0
1018289,0
1018290,0
1018291,0
1018292,0
1018293,0
1018294,18
1018295,0
1018296,0
1018297,0
1018298,0
1018299,0
1018300,0
1018301,28
1018302,18
1018303,0
1018304,0
1018305,0
1018306,0
1018307,0
1018308,0
1018309,0
1018310,0
1018311,0
1018312,0
1018313,0
1018314,0
1018315,31
1018316,0
1018317,0
1018318,0
1018319,0
1018320,0
1018321,33
1018322,0
1018323,0
1018324,39
1018325,0
1018326,0
1018327,0
1018328,0
1018329,0
1018330,0
1018331,0
1018332,0
1018333,0
1018334,0
1018335,0
1018336,0
1018337,0
1018338,0
1018339,0
1018340,39
1018341,0
1018342,0
1018343,0
1018344,0
1018345,0
1018346,0
1018347,0
1018348,0
1018349,0
1018350,0
1018351,0
1018352,0
1018353,0
1018354,0
1018355,0
1018356,0
1018357,0
1018358,0
1018359,0
1018360,0
1018361,0
1018362,0
1018363,0
1018364,0
1018365,0
1018366,0
1018367,0
1018368,0
1018369,0
1018370,22
1018371,0
1018372,0
1018373,0
1018374,0
1018375,0
1018376,0
1018377,0
1018378,0
1018379,25
1018380,0
1018381,0
1018382,0
1018383,0
1018384,0
1018385,34
1018386,0
1018387,0
1018388,0
1018389,0
1018390,0
1018391,0
1018392,0
1018393,0
1018394,0
1018395,28
1018396,0
1018397,46
1018398,0
1018399,0
1018400,0
1018401,0
1018402,0
1018403,0
1018404,0
1018405,0
1018406,0
1018407,0
1018408,29
1018409,0
1018410,0
1018411,0
1018412,0
1018413,0
1018414,0
1018415,0
1018416,27
1018417,0
1018418,0
1018419,0
1018420,0
1018421,0
1018422,0
1018423,0
1018424,0
1018425,0
1018426,0
1018427,0
1018428,0
1018429,0
1018430,13
1018431,0
1018432,0
1018433,0
1018434,0
1018435,0
1018436,0
1018437,0
1018438,0
1018439,0
1018440,0
1018441,45
1018442,0
1018443,0
1018444,0
1018445,0
1018446,0
1018447,0
1018448,0
1018449,0
1018450,0
1018451,0
1018452,0
1018453,21
1018454,0
1018455,0
1018456,0
1018457,0
1018458,0
1018459,0
1018460,0
1018461,19
1018462,0
1018463,46
1018464,0
1018465,0
1018466,29
1018467,0
1018468,0
1018469,0
1018470,0
1018471,0
1018472,0
1018473,0
1018474,34
1018475,0
1018476,0
1018477,0
1018478,0
1018479,26
1018480,0
1018481,0
1018482,68
1018483,0
1018484,0
1018485,0
1018486,0
1018487,0
1018488,19
1018489,0
1018490,0
1018491,0
1018492,0
1018493,0
1018494,0
1018495,0
1018496,0
1018497,0
1018498,11
1018499,35
1018500,0
1018501,0
1018502,0
1018503,0
1018504,31
1018505,0
1018506,0
1018507,0
1018508,0
1018509,0
1018510,23
1018511,0
1018512,0
1018513,0
1018514,0
1018515,0
1018516,34
1018517,0
1018518,0
1018519,0
1018520,0
1018521,0
1018522,0
1018523,0
1018524,0
1018525,0
1018526,0
1018527,0
1018528,42
1018529,0
1018530,46
1018531,0
1018532,0
1018533,0
1018534,22
1018535,44
1018536,0
1018537,0
1018538,0
1018539,0
1018540,0
1018541,0
1018542,0
1018543,0
1018544,0
1018545,0
1018546,0
1018547,0
1018548,0
1018549,0
1018550,0
1018551,0
1018552,0
1018553,0
1018554,0
1018555,0
1018556,0
1018557,0
1018558,0
1018559,0
1018560,0
1018561,0
1018562,0
1018563,0
1018564,0
1018565,0
1018566,0
1018567,0
1018568,0
1018569,0
1018570,0
1018571,0
1018572,0
1018573,0
1018574,0
1018575,0
1018576,0
1018577,0
1018578,0
1018579,0
1018580,0
1018581,0
1018582,0
1018583,0
1018584,0
1018585,0
1018586,0
1018587,0
1018588,0
1018589,0
1018590,0
1018591,0
1018592,0
1018593,0
1018594,0
1018595,0
1018596,0
1018597,0
1018598,0
1018599,0
1018600,0
1018601,0
1018602,0
1018603,0
1018604,0
1018605,0
1018606,0
1018607,0
1018608,0
1018609,0
1018610,0
1018611,0
1018612,0
1018613,0
1018614,0
1018615,0
1018616,0
1018617,0
1018618,0
1018619,0
1018620,0
1018621,0
1018622,0
1018623,0
1018624,0
1018625,0
1018626,0
1018627,0
1018628,0
1018629,0
1018630,0
1018631,0
1018632,0
1018633,0
1018634,0
1018635,0
1018636,0
1018637,0
1018638,0
1018639,0
1018640,0
1018641,0
1018642,0
1018643,0
1018644,0
1018645,0
1018646,0
1018647,0
1018648,0
1018649,0
1018650,0
1018651,0
1018652,0
1018653,0
1018654,0
1018655,0
1018656,0
1018657,0
1018658,0
1018659,0
1018660,0
1018661,0
1018662,0
1018663,0
1018664,0
1018665,0
1018666,0
1018667,0
1018668,0
1018669,0
1018670,0
1018671,0
1018672,0
1018673,0
1018674,0
1018675,0
1018676,0
1018677,0
1018678,0
1018679,0
1018680,0
1018681,0
1018682,0
1018683,0
1018684,0
1018685,0
1018686,0
1018687,0
1018688,0
1018689,0
1018690,0
1018691,0
1018692,0
1018693,0
1018694,0
1018695,0
1018696,0
1018697,0
1018698,0
1018699,0
1018700,0
1018701,0
1018702,0
1018703,0
1018704,0
1018705,0
1018706,0
1018707,0
1018708,0
1018709,0
1018710,0
1018711,0
1018712,0
1018713,0
1018714,0
1018715,0
1018716,0
1018717,0
1018718,0
1018719,0
1018720,0
1018721,0
1018722,0
1018723,0
1018724,0
1018725,0
1018726,0
1018727,0
1018728,0
1018729,0
1018730,0
1018731,0
1018732,0
1018733,0
1018734,0
1018735,0
1018736,0
1018737,0
1018738,0
1018739,0
1018740,0
1018741,0
1018742,0
1018743,0
1018744,0
1018745,0
1018746,0
1018747,0
1018748,0
1018749,0
1018750,0
1018751,0
1018752,0
1018753,0
1018754,0
1018755,0
1018756,0
1018757,0
1018758,0
1018759,0
1018760,0
1018761,0
1018762,0
1018763,0
1018764,0
1018765,0
1018766,0
1018767,0
1018768,0
1018769,0
1018770,0
1018771,0
1018772,0
1018773,0
1018774,0
1018775,0
1018776,0
1018777,0
1018778,0
1018779,0
1018780,0
1018781,0
1018782,0
1018783,0
1018784,0
1018785,0
1018786,0
1018787,0
1018788,0
1018789,0
1018790,0
1018791,0
1018792,0
1018793,0
1018794,0
1018795,0
1018796,0
1018797,0
1018798,0
1018799,0
1018800,0
1018801,0
1018802,0
1018803,31
1018804,0
1018805,0
1018806,0
1018807,0
1018808,0
1018809,0
1018810,22
1018811,33
1018812,16
1018813,0
1018814,0
1018815,0
1018816,18
1018817,25
1018818,0
1018819,0
1018820,0
1018821,0
1018822,0
1018823,0
1018824,0
1018825,0
1018826,0
1018827,0
1018828,0
1018829,0
1018830,0
1018831,0
1018832,0
1018833,0
1018834,29
1018835,0
1018836,0
1018837,0
1018838,0
1018839,19
1018840,0
1018841,0
1018842,0
1018843,0
1018844,29
1018845,23
1018846,0
1018847,23
1018848,0
1018849,27
1018850,0
1018851,29
1018852,0
1018853,0
1018854,22
1018855,0
1018856,0
1018857,0
1018858,0
1018859,0
1018860,0
1018861,29
1018862,25
1018863,0
1018864,0
1018865,0
1018866,26
1018867,0
1018868,0
1018869,0
1018870,23
1018871,27
1018872,0
1018873,0
1018874,30
1018875,19
1018876,0
1018877,0
1018878,0
1018879,12
1018880,0
1018881,0
1018882,0
1018883,38
1018884,0
1018885,21
1018886,0
1018887,21
1018888,0
1018889,37
1018890,0
1018891,0
1018892,0
1018893,0
1018894,0
1018895,27
1018896,24
1018897,0
1018898,0
1018899,13
1018900,0
1018901,17
1018902,33
1018903,22
1018904,0
1018905,0
1018906,27
1018907,30
1018908,27
1018909,18
1018910,0
1018911,0
1018912,0
1018913,0
1018914,0
1018915,22
1018916,0
1018917,0
1018918,0
1018919,31
1018920,0
1018921,0
1018922,0
1018923,0
1018924,25
1018925,0
1018926,0
1018927,0
1018928,34
1018929,0
1018930,27
1018931,20
1018932,0
1018933,0
1018934,0
1018935,0
1018936,0
1018937,0
1018938,0
1018939,0
1018940,0
1018941,32
1018942,0
1018943,15
1018944,0
1018945,0
1018946,20
1018947,0
1018948,0
1018949,0
1018950,31
1018951,0
1018952,0
1018953,0
1018954,26
1018955,0
1018956,0
1018957,0
1018958,0
1018959,19
1018960,0
1018961,0
1018962,0
1018963,19
1018964,22
1018965,19
1018966,0
1018967,25
1018968,0
1018969,0
1018970,0
1018971,0
1018972,31
1018973,0
1018974,0
1018975,0
1018976,0
1018977,0
1018978,18
1018979,0
1018980,21
1018981,0
1018982,0
1018983,27
1018984,0
1018985,0
1018986,0
1018987,0
1018988,24
1018989,0
1018990,0
1018991,0
1018992,27
1018993,0
1018994,0
1018995,20
1018996,0
1018997,0
1018998,0
1018999,0
1019000,21
1019001,26
1019002,0
1019003,28
1019004,15
1019005,0
1019006,0
1019007,0
1019008,28
1019009,17
1019010,17
1019011,0
1019012,0
1019013,24
1019014,0
1019015,0
1019016,0
1019017,22
1019018,0
1019019,0
1019020,0
1019021,0
1019022,25
1019023,0
1019024,0
1019025,0
1019026,0
1019027,0
1019028,0
1019029,0
1019030,0
1019031,0
1019032,0
1019033,0
1019034,0
1019035,0
1019036,22
1019037,0
1019038,0
1019039,0
1019040,16
1019041,0
1019042,34
1019043,0
1019044,0
1019045,0
1019046,16
1019047,0
1019048,0
1019049,25
1019050,20
1019051,0
1019052,0
1019053,0
1019054,0
1019055,21
1019056,0
1019057,0
1019058,0
1019059,0
1019060,0
1019061,0
1019062,17
1019063,0
1019064,0
1019065,23
1019066,19
1019067,0
1019068,0
1019069,0
1019070,0
1019071,0
1019072,0
1019073,27
1019074,0
1019075,0
1019076,0
1019077,0
1019078,0
1019079,23
1019080,0
1019081,0
1019082,17
1019083,0
1019084,24
1019085,0
1019086,0
1019087,38
1019088,0
1019089,0
1019090,0
1019091,0
1019092,0
1019093,20
1019094,0
1019095,0
1019096,0
1019097,0
1019098,0
1019099,0
1019100,0
1019101,23
1019102,0
1019103,0
1019104,0
1019105,0
1019106,0
1019107,0
1019108,0
1019109,0
1019110,0
1019111,0
1019112,14
1019113,0
1019114,0
1019115,27
1019116,18
1019117,19
1019118,0
1019119,0
1019120,0
1019121,0
1019122,26
1019123,0
1019124,0
1019125,21
1019126,22
1019127,36
1019128,0
1019129,0
1019130,0
1019131,0
1019132,0
1019133,0
1019134,0
1019135,0
1019136,0
1019137,17
1019138,0
1019139,0
1019140,34
1019141,0
1019142,20
1019143,31
1019144,0
1019145,0
1019146,0
1019147,20
1019148,25
1019149,0
1019150,0
1019151,0
1019152,0
1019153,0
1019154,18
1019155,0
1019156,0
1019157,0
1019158,25
1019159,0
1019160,0
1019161,0
1019162,0
1019163,0
1019164,0
1019165,26
1019166,0
1019167,0
1019168,0
1019169,0
1019170,27
1019171,21
1019172,0
1019173,0
1019174,19
1019175,0
1019176,0
1019177,0
1019178,0
1019179,0
1019180,0
1019181,0
1019182,0
1019183,18
1019184,0
1019185,0
1019186,0
1019187,0
1019188,0
1019189,0
1019190,0
1019191,0
1019192,0
1019193,0
1019194,0
1019195,0
1019196,26
1019197,20
1019198,27
1019199,0
1019200,0
1019201,0
1019202,32
1019203,0
1019204,15
1019205,0
1019206,0
1019207,0
1019208,0
1019209,0
1019210,20
1019211,0
1019212,16
1019213,0
1019214,0
1019215,0
1019216,0
1019217,0
1019218,0
1019219,18
1019220,0
1019221,26
1019222,0
1019223,37
1019224,0
1019225,26
1019226,0
1019227,0
1019228,16
1019229,0
1019230,0
1019231,0
1019232,0
1019233,0
1019234,0
1019235,0
1019236,0
1019237,0
1019238,0
1019239,0
1019240,26
1019241,0
1019242,0
1019243,0
1019244,31
1019245,0
1019246,0
1019247,20
1019248,24
1019249,0
1019250,24
1019251,23
1019252,0
1019253,0
1019254,0
1019255,0
1019256,0
1019257,18
1019258,0
1019259,0
1019260,0
1019261,21
1019262,0
1019263,22
1019264,28
1019265,0
1019266,0
1019267,0
1019268,0
1019269,0
1019270,0
1019271,22
1019272,0
1019273,0
1019274,0
1019275,14
1019276,19
1019277,0
1019278,0
1019279,18
1019280,0
1019281,0
1019282,0
1019283,0
1019284,0
1019285,0
1019286,0
1019287,0
1019288,0
1019289,0
1019290,13
1019291,0
1019292,0
1019293,16
1019294,15
1019295,0
1019296,0
1019297,0
1019298,19
1019299,0
1019300,0
1019301,0
1019302,0
1019303,0
1019304,0
1019305,0
1019306,0
1019307,0
1019308,0
1019309,0
1019310,0
1019311,0
1019312,0
1019313,0
1019314,0
1019315,0
1019316,0
1019317,0
1019318,0
1019319,0
1019320,0
1019321,0
1019322,0
1019323,0
1019324,0
1019325,0
1019326,0
1019327,0
1019328,0
1019329,0
1019330,0
1019331,0
1019332,0
1019333,15
1019334,0
1019335,0
1019336,0
1019337,0
1019338,0
1019339,0
1019340,0
1019341,0
1019342,0
1019343,0
1019344,0
1019345,0
1019346,0
1019347,0
1019348,0
1019349,0
1019350,0
1019351,0
1019352,16
1019353,0
1019354,0
1019355,0
1019356,0
1019357,0
1019358,0
1019359,0
1019360,0
1019361,0
1019362,0
1019363,0
1019364,0
1019365,19
1019366,0
1019367,0
1019368,0
1019369,0
1019370,0
1019371,0
1019372,0
1019373,0
1019374,0
1019375,0
1019376,0
1019377,0
1019378,0
1019379,0
1019380,0
1019381,0
1019382,0
1019383,0
1019384,0
1019385,0
1019386,0
1019387,0
1019388,0
1019389,0
1019390,0
1019391,0
1019392,0
1019393,14
1019394,0
1019395,0
1019396,0
1019397,0
1019398,0
1019399,0
1019400,0
1019401,0
1019402,0
1019403,0
1019404,0
1019405,0
1019406,0
1019407,0
1019408,0
1019409,0
1019410,0
1019411,0
1019412,0
1019413,0
1019414,12
1019415,0
1019416,0
1019417,0
1019418,23
1019419,0
1019420,0
1019421,0
1019422,0
1019423,0
1019424,0
1019425,0
1019426,0
1019427,0
1019428,0
1019429,0
1019430,0
1019431,0
1019432,0
1019433,0
1019434,0
1019435,0
1019436,0
1019437,0
1019438,0
1019439,0
1019440,0
1019441,7
1019442,0
1019443,0
1019444,0
1019445,0
1019446,0
1019447,9
1019448,0
1019449,0
1019450,0
1019451,0
1019452,0
1019453,0
1019454,24
1019455,0
1019456,0
1019457,24
1019458,0
1019459,0
1019460,0
1019461,0
1019462,0
1019463,0
1019464,0
1019465,0
1019466,0
1019467,0
1019468,15
1019469,0
1019470,0
1019471,10
1019472,0
1019473,20
1019474,0
1019475,0
1019476,0
1019477,0
1019478,0
1019479,0
1019480,0
1019481,0
1019482,0
1019483,0
1019484,0
1019485,0
1019486,0
1019487,16
1019488,0
1019489,0
1019490,0
1019491,0
1019492,0
1019493,0
1019494,0
1019495,0
1019496,0
1019497,3
1019498,0
1019499,0
1019500,0
1019501,0
1019502,0
1019503,8
1019504,0
1019505,0
1019506,24
1019507,0
1019508,0
1019509,0
1019510,0
1019511,0
1019512,8
1019513,0
1019514,0
1019515,0
1019516,0
1019517,0
1019518,0
1019519,0
1019520,0
1019521,0
1019522,0
1019523,0
1019524,0
1019525,0
1019526,0
1019527,0
1019528,0
1019529,0
1019530,0
1019531,0
1019532,0
1019533,0
1019534,18
1019535,0
1019536,0
1019537,20
1019538,0
1019539,0
1019540,0
1019541,0
1019542,0
1019543,0
1019544,0
1019545,0
1019546,0
1019547,0
1019548,0
1019549,0
1019550,0
1019551,0
1019552,0
1019553,0
1019554,0
1019555,0
1019556,0
1019557,0
1019558,17
1019559,0
1019560,0
1019561,0
1019562,0
1019563,0
1019564,0
1019565,0
1019566,0
1019567,0
1019568,0
1019569,0
1019570,0
1019571,0
1019572,16
1019573,0
1019574,0
1019575,0
1019576,0
1019577,0
1019578,0
1019579,0
1019580,0
1019581,0
1019582,0
1019583,0
1019584,0
1019585,0
1019586,0
1019587,0
1019588,0
1019589,0
1019590,0
1019591,0
1019592,0
1019593,0
1019594,0
1019595,0
1019596,0
1019597,0
1019598,0
1019599,0
1019600,0
1019601,0
1019602,0
1019603,0
1019604,0
1019605,0
1019606,0
1019607,0
1019608,0
1019609,0
1019610,8
1019611,0
1019612,0
1019613,0
1019614,10
1019615,0
1019616,0
1019617,0
1019618,0
1019619,0
1019620,0
1019621,0
1019622,0
1019623,0
1019624,0
1019625,0
1019626,0
1019627,10
1019628,0
1019629,0
1019630,0
1019631,0
1019632,0
1019633,0
1019634,0
1019635,0
1019636,0
1019637,0
1019638,0
1019639,0
1019640,0
1019641,0
1019642,0
1019643,0
1019644,0
1019645,8
1019646,11
1019647,0
1019648,0
1019649,21
1019650,0
1019651,0
1019652,0
1019653,0
1019654,0
1019655,17
1019656,0
1019657,0
1019658,0
1019659,0
1019660,0
1019661,0
1019662,0
1019663,0
1019664,0
1019665,0
1019666,0
1019667,0
1019668,0
1019669,0
1019670,0
1019671,0
1019672,0
1019673,0
1019674,0
1019675,0
1019676,0
1019677,0
1019678,0
1019679,0
1019680,0
1019681,0
1019682,0
1019683,9
1019684,20
1019685,21
1019686,0
1019687,0
1019688,0
1019689,0
1019690,0
1019691,0
1019692,0
1019693,0
1019694,0
1019695,0
1019696,0
1019697,14
1019698,0
1019699,0
1019700,0
1019701,0
1019702,0
1019703,0
1019704,0
1019705,0
1019706,0
1019707,8
1019708,0
1019709,0
1019710,0
1019711,0
1019712,0
1019713,0
1019714,0
1019715,0
1019716,0
1019717,0
1019718,0
1019719,0
1019720,0
1019721,0
1019722,0
1019723,0
1019724,0
1019725,0
1019726,0
1019727,0
1019728,0
1019729,0
1019730,0
1019731,0
1019732,0
1019733,0
1019734,0
1019735,20
1019736,0
1019737,0
1019738,0
1019739,0
1019740,0
1019741,0
1019742,9
1019743,0
1019744,0
1019745,0
1019746,15
1019747,0
1019748,0
1019749,14
1019750,0
1019751,0
1019752,0
1019753,0
1019754,0
1019755,0
1019756,0
1019757,0
1019758,0
1019759,0
1019760,0
1019761,0
1019762,0
1019763,0
1019764,0
1019765,0
1019766,0
1019767,0
1019768,0
1019769,0
1019770,13
1019771,0
1019772,0
1019773,0
1019774,0
1019775,0
1019776,0
1019777,7
1019778,0
1019779,0
1019780,0
1019781,0
1019782,0
1019783,0
1019784,0
1019785,0
1019786,0
1019787,0
1019788,0
1019789,0
1019790,0
1019791,0
1019792,15
1019793,0
1019794,0
1019795,0
1019796,0
1019797,0
1019798,0
1019799,0
1019800,0
1019801,0
1019802,0
1019803,22
1019804,18
1019805,0
1019806,20
1019807,0
1019808,0
1019809,0
1019810,0
1019811,0
1019812,14
1019813,0
1019814,0
1019815,0
1019816,0
1019817,0
1019818,0
1019819,0
1019820,0
1019821,0
1019822,0
1019823,0
1019824,0
1019825,0
1019826,0
1019827,0
1019828,0
1019829,0
1019830,0
1019831,0
1019832,0
1019833,0
1019834,0
1019835,0
1019836,0
1019837,0
1019838,20
1019839,0
1019840,0
1019841,0
1019842,0
1019843,0
1019844,12
1019845,0
1019846,0
1019847,0
1019848,0
1019849,0
1019850,0
1019851,0
1019852,0
1019853,0
1019854,0
1019855,0
1019856,0
1019857,0
1019858,0
1019859,0
1019860,0
1019861,0
1019862,0
1019863,0
1019864,0
1019865,0
1019866,0
1019867,0
1019868,0
1019869,17
1019870,0
1019871,0
1019872,0
1019873,0
1019874,0
1019875,0
1019876,0
1019877,0
1019878,0
1019879,24
1019880,18
1019881,0
1019882,0
1019883,0
1019884,0
1019885,0
1019886,0
1019887,0
1019888,14
1019889,0
1019890,0
1019891,0
1019892,0
1019893,0
1019894,18
1019895,0
1019896,0
1019897,0
1019898,0
1019899,0
1019900,0
1019901,0
1019902,0
1019903,0
1019904,0
1019905,0
1019906,0
1019907,0
1019908,0
1019909,0
1019910,0
1019911,0
1019912,0
1019913,0
1019914,0
1019915,0
1019916,0
1019917,0
1019918,0
1019919,0
1019920,0
1019921,0
1019922,0
1019923,0
1019924,0
1019925,0
1019926,0
1019927,0
1019928,0
1019929,0
1019930,0
1019931,0
1019932,0
1019933,0
1019934,0
1019935,0
1019936,0
1019937,0
1019938,0
1019939,0
1019940,0
1019941,0
1019942,0
1019943,0
1019944,0
1019945,0
1019946,20
1019947,0
1019948,0
1019949,0
1019950,0
1019951,0
1019952,24
1019953,0
1019954,0
1019955,0
1019956,0
1019957,0
1019958,0
1019959,0
1019960,0
1019961,0
1019962,0
1019963,0
1019964,0
1019965,0
1019966,0
1019967,0
1019968,0
1019969,13
1019970,0
1019971,0
1019972,0
1019973,0
1019974,0
1019975,0
1019976,0
1019977,0
1019978,0
1019979,0
1019980,0
1019981,0
1019982,0
1019983,0
1019984,0
1019985,0
1019986,0
1019987,0
1019988,0
1019989,0
1019990,0
1019991,0
1019992,0
1019993,0
1019994,0
1019995,0
1019996,0
1019997,0
1019998,0
1019999,0
1020000,0
1020001,0
1020002,0
1020003,0
1020004,0
1020005,0
1020006,0
1020007,0
1020008,0
1020009,0
1020010,0
1020011,0
1020012,0
1020013,0
1020014,0
1020015,0
1020016,0
1020017,0
1020018,0
1020019,0
1020020,0
1020021,19
1020022,0
1020023,0
1020024,0
1020025,0
1020026,0
1020027,0
1020028,0
1020029,0
1020030,0
1020031,0
1020032,18
1020033,0
1020034,0
1020035,0
1020036,0
1020037,0
1020038,0
1020039,0
1020040,0
1020041,0
1020042,0
1020043,15
1020044,0
1020045,0
1020046,0
1020047,0
1020048,0
1020049,0
1020050,0
1020051,0
1020052,0
1020053,0
1020054,0
1020055,0
1020056,0
1020057,0
1020058,0
1020059,0
1020060,0
1020061,0
1020062,0
1020063,0
1020064,22
1020065,10
1020066,0
1020067,0
1020068,0
1020069,0
1020070,0
1020071,0
1020072,0
1020073,0
1020074,0
1020075,0
1020076,0
1020077,0
1020078,0
1020079,0
1020080,0
1020081,0
1020082,0
1020083,0
1020084,0
1020085,0
1020086,0
1020087,0
1020088,0
1020089,0
1020090,26
1020091,0
1020092,0
1020093,0
1020094,13
1020095,0
1020096,0
1020097,0
1020098,0
1020099,0
1020100,0
1020101,0
1020102,0
1020103,0
1020104,0
1020105,0
1020106,0
1020107,0
1020108,9
1020109,0
1020110,0
1020111,0
1020112,0
1020113,0
1020114,0
1020115,0
1020116,0
1020117,0
1020118,0
1020119,0
1020120,19
1020121,0
1020122,0
1020123,0
1020124,0
1020125,0
1020126,0
1020127,0
1020128,13
1020129,25
1020130,0
1020131,0
1020132,0
1020133,0
1020134,0
1020135,0
1020136,0
1020137,18
1020138,0
1020139,14
1020140,0
1020141,0
1020142,0
1020143,0
1020144,0
1020145,16
1020146,0
1020147,0
1020148,0
1020149,0
1020150,0
1020151,0
1020152,0
1020153,0
1020154,0
1020155,0
1020156,0
1020157,0
1020158,0
1020159,0
1020160,0
1020161,0
1020162,16
1020163,0
1020164,0
1020165,5
1020166,0
1020167,0
1020168,0
1020169,0
1020170,0
1020171,0
1020172,0
1020173,0
1020174,0
1020175,0
1020176,0
1020177,0
1020178,0
1020179,0
1020180,0
1020181,5
1020182,0
1020183,4
1020184,0
1020185,0
1020186,0
1020187,0
1020188,3
1020189,0
1020190,0
1020191,0
1020192,0
1020193,0
1020194,0
1020195,0
1020196,0
1020197,0
1020198,0
1020199,0
1020200,0
1020201,1
1020202,0
1020203,0
1020204,0
1020205,1
1020206,0
1020207,0
1020208,0
1020209,0
1020210,0
1020211,0
1020212,0
1020213,0
1020214,0
1020215,0
1020216,0
1020217,0
1020218,0
1020219,0
1020220,0
1020221,0
1020222,0
1020223,0
1020224,0
1020225,0
1020226,0
1020227,0
1020228,0
1020229,0
1020230,0
1020231,0
1020232,0
1020233,0
1020234,0
1020235,0
1020236,0
1020237,0
1020238,0
1020239,0
1020240,0
1020241,0
1020242,0
1020243,0
1020244,0
1020245,0
1020246,0
1020247,0
1020248,0
1020249,0
1020250,0
1020251,0
1020252,0
1020253,0
1020254,0
1020255,0
1020256,0
1020257,0
1020258,0
1020259,0
1020260,0
1020261,0
1020262,2
1020263,3
1020264,0
1020265,0
1020266,0
1020267,0
1020268,0
1020269,0
1020270,0
1020271,0
1020272,2
1020273,0
1020274,0
1020275,0
1020276,0
1020277,0
1020278,0
1020279,0
1020280,0
1020281,0
1020282,5
1020283,3
1020284,0
1020285,0
1020286,0
1020287,0
1020288,0
1020289,0
1020290,0
1020291,3
1020292,0
1020293,0
1020294,1
1020295,0
1020296,0
1020297,2
1020298,0
1020299,0
1020300,0
1020301,0
1020302,0
1020303,0
1020304,0
1020305,0
1020306,0
1020307,0
1020308,0
1020309,0
1020310,0
1020311,0
1020312,0
1020313,0
1020314,0
1020315,0
1020316,0
1020317,0
1020318,0
1020319,0
1020320,0
1020321,0
1020322,0
1020323,0
1020324,0
1020325,0
1020326,6
1020327,0
1020328,2
1020329,0
1020330,0
1020331,0
1020332,0
1020333,0
1020334,2
1020335,0
1020336,0
1020337,0
1020338,0
1020339,0
1020340,0
1020341,0
1020342,0
1020343,0
1020344,0
1020345,0
1020346,0
1020347,0
1020348,0
1020349,0
1020350,0
1020351,0
1020352,0
1020353,0
1020354,0
1020355,0
1020356,0
1020357,0
1020358,0
1020359,0
1020360,0
1020361,0
1020362,0
1020363,0
1020364,0
1020365,0
1020366,0
1020367,0
1020368,0
1020369,0
1020370,0
1020371,0
1020372,0
1020373,0
1020374,0
1020375,0
1020376,0
1020377,0
1020378,0
1020379,0
1020380,0
1020381,0
1020382,0
1020383,0
1020384,0
1020385,1
1020386,0
1020387,0
1020388,0
1020389,0
1020390,0
1020391,0
1020392,0
1020393,0
1020394,4
1020395,0
1020396,0
1020397,0
1020398,0
1020399,0
1020400,0
1020401,0
1020402,0
1020403,0
1020404,0
1020405,0
1020406,0
1020407,0
1020408,0
1020409,0
1020410,0
1020411,0
1020412,0
1020413,0
1020414,0
1020415,0
1020416,0
1020417,0
1020418,0
1020419,0
1020420,0
1020421,0
1020422,0
1020423,0
1020424,0
1020425,0
1020426,0
1020427,0
1020428,0
1020429,0
1020430,0
1020431,0
1020432,0
1020433,0
1020434,0
1020435,0
1020436,0
1020437,0
1020438,0
1020439,0
1020440,0
1020441,0
1020442,0
1020443,3
1020444,0
1020445,0
1020446,0
1020447,0
1020448,0
1020449,0
1020450,0
1020451,0
1020452,0
1020453,0
1020454,0
1020455,0
1020456,0
1020457,3
1020458,0
1020459,0
1020460,0
1020461,0
1020462,0
1020463,0
1020464,0
1020465,0
1020466,0
1020467,0
1020468,0
1020469,0
1020470,0
1020471,0
1020472,0
1020473,0
1020474,0
1020475,0
1020476,0
1020477,0
1020478,0
1020479,0
1020480,0
1020481,0
1020482,0
1020483,0
1020484,0
1020485,0
1020486,0
1020487,0
1020488,0
1020489,0
1020490,0
1020491,0
1020492,0
1020493,0
1020494,0
1020495,0
1020496,0
1020497,0
1020498,4
1020499,0
1020500,0
1020501,0
1020502,0
1020503,0
1020504,0
1020505,1
1020506,2
1020507,3
1020508,0
1020509,0
1020510,0
1020511,0
1020512,0
1020513,0
1020514,0
1020515,0
1020516,0
1020517,0
1020518,0
1020519,0
1020520,0
1020521,0
1020522,0
1020523,0
1020524,0
1020525,0
1020526,0
1020527,0
1020528,0
1020529,0
1020530,0
1020531,3
1020532,0
1020533,0
1020534,0
1020535,0
1020536,0
1020537,0
1020538,0
1020539,0
1020540,1
1020541,0
1020542,3
1020543,0
1020544,0
1020545,0
1020546,0
1020547,0
1020548,0
1020549,0
1020550,0
1020551,0
1020552,2
1020553,0
1020554,0
1020555,0
1020556,0
1020557,0
1020558,0
1020559,0
1020560,0
1020561,0
1020562,0
1020563,0
1020564,0
1020565,0
1020566,0
1020567,0
1020568,0
1020569,0
1020570,0
1020571,0
1020572,0
1020573,0
1020574,0
1020575,0
1020576,0
1020577,0
1020578,0
1020579,0
1020580,0
1020581,0
1020582,0
1020583,0
1020584,2
1020585,0
1020586,0
1020587,0
1020588,0
1020589,4
1020590,0
1020591,0
1020592,0
1020593,0
1020594,0
1020595,0
1020596,0
1020597,0
1020598,0
1020599,0
1020600,0
1020601,0
1020602,0
1020603,0
1020604,0
1020605,0
1020606,0
1020607,0
1020608,0
1020609,0
1020610,4
1020611,0
1020612,0
1020613,0
1020614,3
1020615,0
1020616,0
1020617,0
1020618,0
1020619,0
1020620,0
1020621,0
1020622,0
1020623,0
1020624,0
1020625,0
1020626,0
1020627,0
1020628,0
1020629,0
1020630,0
1020631,0
1020632,0
1020633,0
1020634,0
1020635,0
1020636,4
1020637,0
1020638,0
1020639,0
1020640,0
1020641,0
1020642,0
1020643,0
1020644,0
1020645,0
1020646,0
1020647,0
1020648,1
1020649,0
1020650,0
1020651,0
1020652,0
1020653,0
1020654,0
1020655,0
1020656,0
1020657,0
1020658,0
1020659,0
1020660,0
1020661,1
1020662,0
1020663,0
1020664,0
1020665,0
1020666,0
1020667,0
1020668,0
1020669,0
1020670,0
1020671,0
1020672,0
1020673,0
1020674,0
1020675,0
1020676,0
1020677,0
1020678,0
1020679,0
1020680,0
1020681,0
1020682,0
1020683,0
1020684,0
1020685,0
1020686,0
1020687,0
1020688,0
1020689,0
1020690,0
1020691,0
1020692,0
1020693,0
1020694,0
1020695,0
1020696,0
1020697,4
1020698,0
1020699,0
1020700,5
1020701,0
1020702,0
1020703,0
1020704,0
1020705,0
1020706,0
1020707,0
1020708,0
1020709,0
1020710,0
1020711,0
1020712,2
1020713,0
1020714,0
1020715,0
1020716,0
1020717,0
1020718,0
1020719,0
1020720,0
1020721,0
1020722,0
1020723,0
1020724,0
1020725,0
1020726,6
1020727,0
1020728,0
1020729,0
1020730,4
1020731,0
1020732,0
1020733,0
1020734,0
1020735,0
1020736,0
1020737,0
1020738,0
1020739,0
1020740,0
1020741,0
1020742,0
1020743,0
1020744,0
1020745,0
1020746,0
1020747,0
1020748,0
1020749,0
1020750,0
1020751,0
1020752,0
1020753,0
1020754,2
1020755,0
1020756,0
1020757,0
1020758,0
1020759,0
1020760,0
1020761,0
1020762,0
1020763,0
1020764,0
1020765,0
1020766,4
1020767,0
1020768,0
1020769,0
1020770,0
1020771,0
1020772,0
1020773,0
1020774,0
1020775,0
1020776,0
1020777,0
1020778,0
1020779,0
1020780,0
1020781,0
1020782,0
1020783,0
1020784,0
1020785,0
1020786,0
1020787,0
1020788,0
1020789,5
1020790,0
1020791,0
1020792,0
1020793,0
1020794,0
1020795,3
1020796,0
1020797,0
1020798,0
1020799,0
1020800,0
1020801,0
1020802,0
1020803,0
1020804,0
1020805,0
1020806,6
1020807,0
1020808,0
1020809,0
1020810,0
1020811,0
1020812,2
1020813,0
1020814,0
1020815,0
1020816,0
1020817,0
1020818,7
1020819,0
1020820,0
1020821,0
1020822,0
1020823,0
1020824,0
1020825,0
1020826,2
1020827,1
1020828,0
1020829,4
1020830,0
1020831,0
1020832,0
1020833,0
1020834,0
1020835,0
1020836,0
1020837,0
1020838,0
1020839,0
1020840,0
1020841,0
1020842,0
1020843,0
1020844,0
1020845,0
1020846,0
1020847,0
1020848,0
1020849,0
1020850,0
1020851,0
1020852,0
1020853,0
1020854,0
1020855,7
1020856,0
1020857,0
1020858,1
1020859,0
1020860,0
1020861,3
1020862,0
1020863,0
1020864,2
1020865,0
1020866,0
1020867,1
1020868,0
1020869,0
1020870,0
1020871,0
1020872,0
1020873,0
1020874,0
1020875,0
1020876,0
1020877,0
1020878,0
1020879,0
1020880,0
1020881,3
1020882,0
1020883,0
1020884,0
1020885,0
1020886,3
1020887,0
1020888,0
1020889,0
1020890,0
1020891,0
1020892,0
1020893,0
1020894,0
1020895,0
1020896,0
1020897,0
1020898,0
1020899,0
1020900,0
1020901,0
1020902,0
1020903,0
1020904,2
1020905,0
1020906,0
1020907,2
1020908,0
1020909,0
1020910,0
1020911,0
1020912,0
1020913,0
1020914,0
1020915,2
1020916,0
1020917,0
1020918,0
1020919,0
1020920,0
1020921,0
1020922,0
1020923,0
1020924,0
1020925,0
1020926,0
1020927,0
1020928,0
1020929,0
1020930,0
1020931,0
1020932,0
1020933,0
1020934,0
1020935,0
1020936,0
1020937,0
1020938,0
1020939,0
1020940,0
1020941,0
1020942,0
1020943,0
1020944,0
1020945,0
1020946,0
1020947,0
1020948,0
1020949,0
1020950,0
1020951,4
1020952,0
1020953,0
1020954,0
1020955,0
1020956,0
1020957,0
1020958,0
1020959,0
1020960,0
1020961,0
1020962,0
1020963,2
1020964,0
1020965,0
1020966,0
1020967,0
1020968,0
1020969,0
1020970,0
1020971,0
1020972,0
1020973,0
1020974,0
1020975,0
1020976,0
1020977,0
1020978,0
1020979,0
1020980,0
1020981,0
1020982,0
1020983,0
1020984,0
1020985,0
1020986,0
1020987,0
1020988,0
1020989,0
1020990,0
1020991,0
1020992,0
1020993,0
1020994,0
1020995,0
1020996,0
1020997,0
1020998,0
1020999,1
1021000,2
1021001,0
1021002,0
1021003,0
1021004,3
1021005,0
1021006,0
1021007,0
1021008,1
1021009,0
1021010,0
1021011,0
1021012,0
1021013,2
1021014,0
1021015,0
1021016,3
1021017,0
1021018,0
1021019,0
1021020,0
1021021,0
1021022,0
1021023,0
1021024,0
1021025,0
1021026,0
1021027,0
1021028,0
1021029,0
1021030,0
1021031,0
1021032,0
1021033,0
1021034,1
1021035,0
1021036,0
1021037,0
1021038,26
1021039,0
1021040,0
1021041,0
1021042,0
1021043,0
1021044,0
1021045,0
1021046,0
1021047,0
1021048,0
1021049,0
1021050,0
1021051,0
1021052,0
1021053,0
1021054,0
1021055,0
1021056,0
1021057,0
1021058,0
1021059,0
1021060,0
1021061,0
1021062,32
1021063,0
1021064,0
1021065,0
1021066,0
1021067,0
1021068,0
1021069,0
1021070,0
1021071,0
1021072,0
1021073,0
1021074,0
1021075,0
1021076,0
1021077,0
1021078,24
1021079,20
1021080,0
1021081,0
1021082,0
1021083,0
1021084,0
1021085,0
1021086,0
1021087,0
1021088,0
1021089,0
1021090,0
1021091,21
1021092,0
1021093,0
1021094,0
1021095,0
1021096,0
1021097,0
1021098,0
1021099,0
1021100,0
1021101,0
1021102,0
1021103,0
1021104,0
1021105,22
1021106,17
1021107,0
1021108,0
1021109,0
1021110,0
1021111,0
1021112,26
1021113,0
1021114,0
1021115,0
1021116,0
1021117,23
1021118,0
1021119,0
1021120,0
1021121,0
1021122,0
1021123,0
1021124,0
1021125,0
1021126,0
1021127,0
1021128,0
1021129,0
1021130,0
1021131,0
1021132,0
1021133,0
1021134,0
1021135,0
1021136,0
1021137,0
1021138,0
1021139,17
1021140,0
1021141,0
1021142,19
1021143,0
1021144,19
1021145,0
1021146,0
1021147,0
1021148,20
1021149,0
1021150,0
1021151,0
1021152,0
1021153,0
1021154,0
1021155,0
1021156,0
1021157,0
1021158,0
1021159,0
1021160,0
1021161,0
1021162,19
1021163,0
1021164,0
1021165,0
1021166,0
1021167,0
1021168,0
1021169,0
1021170,0
1021171,0
1021172,0
1021173,0
1021174,0
1021175,0
1021176,0
1021177,0
1021178,0
1021179,0
1021180,22
1021181,0
1021182,0
1021183,0
1021184,0
1021185,0
1021186,0
1021187,13
1021188,0
1021189,15
1021190,0
1021191,0
1021192,0
1021193,0
1021194,0
1021195,0
1021196,0
1021197,0
1021198,0
1021199,0
1021200,0
1021201,0
1021202,0
1021203,0
1021204,0
1021205,0
1021206,0
1021207,0
1021208,0
1021209,0
1021210,0
1021211,0
1021212,0
1021213,0
1021214,0
1021215,15
1021216,0
1021217,0
1021218,28
1021219,0
1021220,13
1021221,19
1021222,0
1021223,0
1021224,23
1021225,16
1021226,0
1021227,0
1021228,0
1021229,0
1021230,0
1021231,0
1021232,0
1021233,0
1021234,0
1021235,0
1021236,0
1021237,0
1021238,0
1021239,0
1021240,0
1021241,0
1021242,0
1021243,0
1021244,0
1021245,0
1021246,0
1021247,0
1021248,0
1021249,0
1021250,0
1021251,0
1021252,0
1021253,0
1021254,0
1021255,0
1021256,0
1021257,0
1021258,0
1021259,0
1021260,0
1021261,0
1021262,0
1021263,0
1021264,0
1021265,0
1021266,0
1021267,0
1021268,0
1021269,0
1021270,0
1021271,0
1021272,0
1021273,0
1021274,26
1021275,0
1021276,0
1021277,0
1021278,0
1021279,0
1021280,0
1021281,0
1021282,0
1021283,0
1021284,0
1021285,0
1021286,0
1021287,0
1021288,0
1021289,0
1021290,0
1021291,0
1021292,0
1021293,0
1021294,0
1021295,0
1021296,24
1021297,0
1021298,0
1021299,0
1021300,0
1021301,0
1021302,0
1021303,0
1021304,0
1021305,0
1021306,0
1021307,0
1021308,0
1021309,0
1021310,0
1021311,0
1021312,0
1021313,0
1021314,0
1021315,0
1021316,0
1021317,21
1021318,0
1021319,0
1021320,0
1021321,0
1021322,0
1021323,0
1021324,0
1021325,0
1021326,0
1021327,0
1021328,0
1021329,0
1021330,0
1021331,0
1021332,0
1021333,0
1021334,0
1021335,0
1021336,0
1021337,0
1021338,0
1021339,13
1021340,0
1021341,0
1021342,19
1021343,0
1021344,0
1021345,0
1021346,0
1021347,0
1021348,0
1021349,0
1021350,0
1021351,0
1021352,24
1021353,0
1021354,0
1021355,0
1021356,0
1021357,0
1021358,0
1021359,0
1021360,27
1021361,0
1021362,0
1021363,0
1021364,0
1021365,0
1021366,0
1021367,0
1021368,0
1021369,0
1021370,31
1021371,0
1021372,0
1021373,0
1021374,0
1021375,0
1021376,0
1021377,0
1021378,0
1021379,0
1021380,0
1021381,0
1021382,0
1021383,0
1021384,0
1021385,0
1021386,0
1021387,0
1021388,0
1021389,0
1021390,0
1021391,0
1021392,17
1021393,0
1021394,0
1021395,0
1021396,0
1021397,0
1021398,0
1021399,0
1021400,0
1021401,0
1021402,0
1021403,0
1021404,0
1021405,0
1021406,0
1021407,0
1021408,0
1021409,0
1021410,0
1021411,17
1021412,0
1021413,0
1021414,16
1021415,20
1021416,0
1021417,0
1021418,0
1021419,0
1021420,0
1021421,0
1021422,0
1021423,0
1021424,0
1021425,0
1021426,0
1021427,27
1021428,0
1021429,0
1021430,0
1021431,0
1021432,0
1021433,11
1021434,0
1021435,0
1021436,26
1021437,0
1021438,27
1021439,0
1021440,0
1021441,0
1021442,0
1021443,0
1021444,19
1021445,0
1021446,0
1021447,0
1021448,0
1021449,0
1021450,0
1021451,0
1021452,0
1021453,0
1021454,0
1021455,0
1021456,0
1021457,0
1021458,0
1021459,0
1021460,0
1021461,0
1021462,21
1021463,0
1021464,0
1021465,0
1021466,0
1021467,0
1021468,0
1021469,0
1021470,0
1021471,0
1021472,0
1021473,0
1021474,24
1021475,0
1021476,0
1021477,0
1021478,0
1021479,0
1021480,0
1021481,0
1021482,0
1021483,0
1021484,0
1021485,0
1021486,0
1021487,0
1021488,0
1021489,0
1021490,0
1021491,0
1021492,0
1021493,0
1021494,0
1021495,27
1021496,0
1021497,0
1021498,0
1021499,0
1021500,0
1021501,0
1021502,0
1021503,0
1021504,0
1021505,0
1021506,0
1021507,0
1021508,0
1021509,0
1021510,0
1021511,0
1021512,0
1021513,14
1021514,0
1021515,0
1021516,0
1021517,0
1021518,0
1021519,0
1021520,0
1021521,0
1021522,0
1021523,0
1021524,0
1021525,0
1021526,0
1021527,0
1021528,0
1021529,0
1021530,0
1021531,0
1021532,0
1021533,0
1021534,0
1021535,18
1021536,0
1021537,0
1021538,0
1021539,0
1021540,26
1021541,0
1021542,0
1021543,0
1021544,0
1021545,25
1021546,0
1021547,0
1021548,0
1021549,0
1021550,0
1021551,0
1021552,0
1021553,0
1021554,0
1021555,0
1021556,0
1021557,27
1021558,0
1021559,0
1021560,0
1021561,0
1021562,0
1021563,0
1021564,0
1021565,0
1021566,0
1021567,0
1021568,0
1021569,0
1021570,0
1021571,0
1021572,0
1021573,0
1021574,0
1021575,0
1021576,0
1021577,0
1021578,15
1021579,0
1021580,26
1021581,0
1021582,0
1021583,0
1021584,0
1021585,0
1021586,0
1021587,0
1021588,0
1021589,0
1021590,0
1021591,0
1021592,0
1021593,0
1021594,0
1021595,0
1021596,0
1021597,0
1021598,0
1021599,0
1021600,0
1021601,0
1021602,0
1021603,0
1021604,0
1021605,0
1021606,27
1021607,0
1021608,0
1021609,0
1021610,0
1021611,29
1021612,0
1021613,0
1021614,0
1021615,0
1021616,0
1021617,0
1021618,0
1021619,0
1021620,0
1021621,15
1021622,0
1021623,0
1021624,0
1021625,0
1021626,0
1021627,0
1021628,0
1021629,0
1021630,0
1021631,0
1021632,0
1021633,0
1021634,0
1021635,24
1021636,0
1021637,0
1021638,32
1021639,0
1021640,0
1021641,0
1021642,0
1021643,0
1021644,0
1021645,0
1021646,27
1021647,0
1021648,0
1021649,24
1021650,0
1021651,0
1021652,0
1021653,0
1021654,0
1021655,0
1021656,0
1021657,0
1021658,0
1021659,0
1021660,0
1021661,0
1021662,0
1021663,0
1021664,0
1021665,0
1021666,0
1021667,0
1021668,0
1021669,0
1021670,0
1021671,0
1021672,0
1021673,21
1021674,0
1021675,0
1021676,0
1021677,0
1021678,0
1021679,0
1021680,0
1021681,0
1021682,13
1021683,0
1021684,0
1021685,0
1021686,0
1021687,0
1021688,0
1021689,0
1021690,0
1021691,0
1021692,0
1021693,0
1021694,0
1021695,0
1021696,0
1021697,0
1021698,0
1021699,0
1021700,0
1021701,0
1021702,0
1021703,0
1021704,0
1021705,43
1021706,0
1021707,0
1021708,0
1021709,0
1021710,0
1021711,38
1021712,0
1021713,0
1021714,0
1021715,0
1021716,28
1021717,0
1021718,0
1021719,0
1021720,0
1021721,0
1021722,43
1021723,29
1021724,0
1021725,46
1021726,21
1021727,0
1021728,35
1021729,52
1021730,0
1021731,0
1021732,0
1021733,0
1021734,0
1021735,0
1021736,0
1021737,16
1021738,0
1021739,28
1021740,51
1021741,0
1021742,16
1021743,0
1021744,46
1021745,0
1021746,0
1021747,30
1021748,0
1021749,0
1021750,0
1021751,0
1021752,0
1021753,0
1021754,0
1021755,0
1021756,0
1021757,0
1021758,0
1021759,0
1021760,0
1021761,0
1021762,0
1021763,34
1021764,47
1021765,0
1021766,0
1021767,0
1021768,0
1021769,0
1021770,0
1021771,0
1021772,25
1021773,0
1021774,0
1021775,0
1021776,0
1021777,0
1021778,0
1021779,0
1021780,37
1021781,0
1021782,0
1021783,0
1021784,0
1021785,0
1021786,0
1021787,0
1021788,50
1021789,0
1021790,34
1021791,35
1021792,0
1021793,33
1021794,59
1021795,0
1021796,44
1021797,0
1021798,0
1021799,0
1021800,0
1021801,0
1021802,61
1021803,47
1021804,0
1021805,37
1021806,26
1021807,0
1021808,28
1021809,0
1021810,27
1021811,0
1021812,0
1021813,0
1021814,0
1021815,0
1021816,0
1021817,0
1021818,0
1021819,38
1021820,0
1021821,0
1021822,0
1021823,0
1021824,0
1021825,0
1021826,0
1021827,0
1021828,0
1021829,30
1021830,17
1021831,0
1021832,0
1021833,0
1021834,0
1021835,23
1021836,0
1021837,0
1021838,0
1021839,0
1021840,0
1021841,0
1021842,0
1021843,0
1021844,0
1021845,0
1021846,23
1021847,0
1021848,0
1021849,0
1021850,0
1021851,0
1021852,0
1021853,0
1021854,0
1021855,28
1021856,0
1021857,0
1021858,0
1021859,0
1021860,0
1021861,0
1021862,0
1021863,0
1021864,15
1021865,26
1021866,0
1021867,0
1021868,0
1021869,0
1021870,0
1021871,0
1021872,51
1021873,0
1021874,0
1021875,0
1021876,0
1021877,0
1021878,34
1021879,0
1021880,0
1021881,0
1021882,38
1021883,0
1021884,0
1021885,0
1021886,0
1021887,0
1021888,0
1021889,0
1021890,0
1021891,0
1021892,0
1021893,0
1021894,0
1021895,0
1021896,0
1021897,0
1021898,24
1021899,20
1021900,0
1021901,0
1021902,0
1021903,22
1021904,0
1021905,0
1021906,0
1021907,0
1021908,0
1021909,18
1021910,23
1021911,0
1021912,0
1021913,0
1021914,0
1021915,0
1021916,0
1021917,0
1021918,0
1021919,0
1021920,0
1021921,0
1021922,22
1021923,0
1021924,0
1021925,0
1021926,0
1021927,0
1021928,21
1021929,0
1021930,0
1021931,0
1021932,14
1021933,0
1021934,0
1021935,0
1021936,0
1021937,0
1021938,0
1021939,0
1021940,0
1021941,0
1021942,0
1021943,0
1021944,22
1021945,0
1021946,0
1021947,0
1021948,0
1021949,0
1021950,0
1021951,0
1021952,0
1021953,0
1021954,0
1021955,0
1021956,20
1021957,0
1021958,0
1021959,0
1021960,0
1021961,0
1021962,0
1021963,0
1021964,0
1021965,0
1021966,0
1021967,0
1021968,0
1021969,0
1021970,0
1021971,0
1021972,0
1021973,0
1021974,0
1021975,0
1021976,0
1021977,0
1021978,0
1021979,0
1021980,0
1021981,12
1021982,0
1021983,0
1021984,0
1021985,0
1021986,0
1021987,0
1021988,0
1021989,0
1021990,17
1021991,0
1021992,10
1021993,0
1021994,0
1021995,0
1021996,0
1021997,26
1021998,0
1021999,0
1022000,0
1022001,0
1022002,27
1022003,0
1022004,0
1022005,0
1022006,0
1022007,0
1022008,0
1022009,0
1022010,0
1022011,0
1022012,0
1022013,0
1022014,0
1022015,0
1022016,0
1022017,24
1022018,0
1022019,0
1022020,0
1022021,0
1022022,0
1022023,0
1022024,0
1022025,0
1022026,16
1022027,0
1022028,0
1022029,0
1022030,0
1022031,0
1022032,20
1022033,0
1022034,0
1022035,0
1022036,0
1022037,0
1022038,0
1022039,0
1022040,33
1022041,0
1022042,0
1022043,0
1022044,0
1022045,25
1022046,0
1022047,0
1022048,0
1022049,0
1022050,11
1022051,0
1022052,0
1022053,24
1022054,0
1022055,0
1022056,0
1022057,0
1022058,0
1022059,0
1022060,0
1022061,0
1022062,0
1022063,0
1022064,0
1022065,20
1022066,0
1022067,0
1022068,0
1022069,0
1022070,0
1022071,0
1022072,0
1022073,27
1022074,0
1022075,0
1022076,0
1022077,0
1022078,23
1022079,0
1022080,0
1022081,0
1022082,0
1022083,0
1022084,0
1022085,0
1022086,10
1022087,0
1022088,0
1022089,0
1022090,0
1022091,0
1022092,0
1022093,0
1022094,0
1022095,0
1022096,0
1022097,0
1022098,0
1022099,0
1022100,0
1022101,0
1022102,0
1022103,0
1022104,0
1022105,0
1022106,0
1022107,0
1022108,0
1022109,0
1022110,19
1022111,0
1022112,0
1022113,0
1022114,12
1022115,0
1022116,0
1022117,0
1022118,0
1022119,27
1022120,0
1022121,0
1022122,0
1022123,0
1022124,0
1022125,0
1022126,0
1022127,0
1022128,0
1022129,0
1022130,0
1022131,29
1022132,0
1022133,0
1022134,0
1022135,0
1022136,0
1022137,19
1022138,0
1022139,0
1022140,0
1022141,0
1022142,0
1022143,0
1022144,0
1022145,0
1022146,0
1022147,0
1022148,0
1022149,18
1022150,0
1022151,0
1022152,0
1022153,0
1022154,0
1022155,0
1022156,0
1022157,31
1022158,0
1022159,0
1022160,0
1022161,0
1022162,0
1022163,0
1022164,0
1022165,0
1022166,0
1022167,24
1022168,0
1022169,16
1022170,0
1022171,0
1022172,0
1022173,0
1022174,0
1022175,8
1022176,0
1022177,0
1022178,0
1022179,0
1022180,0
1022181,0
1022182,0
1022183,0
1022184,0
1022185,0
1022186,0
1022187,0
1022188,0
1022189,0
1022190,0
1022191,0
1022192,0
1022193,0
1022194,0
1022195,0
1022196,0
1022197,0
1022198,0
1022199,0
1022200,0
1022201,0
1022202,0
1022203,0
1022204,24
1022205,0
1022206,0
1022207,0
1022208,0
1022209,0
1022210,0
1022211,0
1022212,0
1022213,0
1022214,0
1022215,24
1022216,0
1022217,0
1022218,0
1022219,0
1022220,0
1022221,0
1022222,0
1022223,25
1022224,0
1022225,0
1022226,0
1022227,26
1022228,0
1022229,0
1022230,0
1022231,0
1022232,0
1022233,0
1022234,0
1022235,0
1022236,0
1022237,0
1022238,0
1022239,18
1022240,0
1022241,0
1022242,0
1022243,0
1022244,0
1022245,0
1022246,0
1022247,0
1022248,0
1022249,0
1022250,0
1022251,0
1022252,0
1022253,0
1022254,0
1022255,0
1022256,0
1022257,0
1022258,24
1022259,0
1022260,0
1022261,0
1022262,0
1022263,0
1022264,0
1022265,0
1022266,0
1022267,0
1022268,0
1022269,0
1022270,0
1022271,0
1022272,0
1022273,0
1022274,18
1022275,0
1022276,0
1022277,0
1022278,0
1022279,0
1022280,0
1022281,0
1022282,0
1022283,0
1022284,0
1022285,0
1022286,0
1022287,0
1022288,0
1022289,0
1022290,0
1022291,0
1022292,0
1022293,0
1022294,0
1022295,0
1022296,0
1022297,19
1022298,18
1022299,20
1022300,0
1022301,0
1022302,0
1022303,0
1022304,0
1022305,16
1022306,0
1022307,0
1022308,0
1022309,0
1022310,0
1022311,0
1022312,0
1022313,0
1022314,0
1022315,0
1022316,0
1022317,0
1022318,0
1022319,0
1022320,0
1022321,0
1022322,0
1022323,0
1022324,38
1022325,0
1022326,0
1022327,24
1022328,0
1022329,0
1022330,0
1022331,0
1022332,0
1022333,0
1022334,0
1022335,0
1022336,0
1022337,0
1022338,0
1022339,0
1022340,0
1022341,0
1022342,0
1022343,0
1022344,0
1022345,25
1022346,0
1022347,0
1022348,0
1022349,0
1022350,0
1022351,0
1022352,0
1022353,0
1022354,0
1022355,0
1022356,0
1022357,0
1022358,17
1022359,0
1022360,0
1022361,0
1022362,0
1022363,0
1022364,0
1022365,0
1022366,0
1022367,0
1022368,0
1022369,0
1022370,0
1022371,0
1022372,0
1022373,0
1022374,0
1022375,0
1022376,0
1022377,17
1022378,0
1022379,0
1022380,0
1022381,0
1022382,0
1022383,0
1022384,0
1022385,0
1022386,0
1022387,11
1022388,0
1022389,0
1022390,0
1022391,17
1022392,11
1022393,0
1022394,0
1022395,0
1022396,0
1022397,22
1022398,0
1022399,0
1022400,0
1022401,0
1022402,22
1022403,0
1022404,0
1022405,0
1022406,0
1022407,0
1022408,22
1022409,0
1022410,0
1022411,0
1022412,25
1022413,0
1022414,23
1022415,0
1022416,0
1022417,0
1022418,0
1022419,0
1022420,0
1022421,0
1022422,0
1022423,0
1022424,0
1022425,0
1022426,0
1022427,0
1022428,0
1022429,0
1022430,0
1022431,0
1022432,0
1022433,0
1022434,22
1022435,0
1022436,0
1022437,0
1022438,0
1022439,0
1022440,0
1022441,0
1022442,24
1022443,0
1022444,0
1022445,0
1022446,0
1022447,0
1022448,32
1022449,30
1022450,0
1022451,0
1022452,0
1022453,0
1022454,0
1022455,0
1022456,0
1022457,0
1022458,21
1022459,0
1022460,0
1022461,0
1022462,0
1022463,0
1022464,0
1022465,15
1022466,0
1022467,0
1022468,0
1022469,0
1022470,19
1022471,0
1022472,0
1022473,0
1022474,0
1022475,0
1022476,0
1022477,0
1022478,0
1022479,23
1022480,22
1022481,0
1022482,19
1022483,0
1022484,0
1022485,0
1022486,0
1022487,0
1022488,0
1022489,0
1022490,0
1022491,0
1022492,0
1022493,0
1022494,0
1022495,0
1022496,0
1022497,0
1022498,0
1022499,0
1022500,0
1022501,0
1022502,21
1022503,0
1022504,12
1022505,0
1022506,17
1022507,0
1022508,0
1022509,0
1022510,0
1022511,13
1022512,0
1022513,0
1022514,0
1022515,0
1022516,17
1022517,0
1022518,0
1022519,0
1022520,0
1022521,0
1022522,11
1022523,0
1022524,0
1022525,0
1022526,0
1022527,0
1022528,0
1022529,0
1022530,0
1022531,0
1022532,0
1022533,0
1022534,0
1022535,14
1022536,0
1022537,0
1022538,0
1022539,0
1022540,0
1022541,0
1022542,0
1022543,0
1022544,0
1022545,0
1022546,0
1022547,0
1022548,0
1022549,0
1022550,0
1022551,0
1022552,0
1022553,0
1022554,19
1022555,0
1022556,0
1022557,0
1022558,0
1022559,0
1022560,0
1022561,0
1022562,0
1022563,0
1022564,0
1022565,0
1022566,0
1022567,0
1022568,0
1022569,0
1022570,0
1022571,0
1022572,0
1022573,25
1022574,0
1022575,0
1022576,0
1022577,0
1022578,0
1022579,0
1022580,0
1022581,17
1022582,0
1022583,0
1022584,0
1022585,0
1022586,0
1022587,0
1022588,0
1022589,0
1022590,0
1022591,0
1022592,0
1022593,0
1022594,0
1022595,0
1022596,0
1022597,0
1022598,0
1022599,0
1022600,24
1022601,0
1022602,0
1022603,0
1022604,0
1022605,0
1022606,0
1022607,0
1022608,0
1022609,0
1022610,0
1022611,0
1022612,0
1022613,0
1022614,0
1022615,0
1022616,0
1022617,0
1022618,0
1022619,0
1022620,0
1022621,0
1022622,0
1022623,0
1022624,0
1022625,0
1022626,0
1022627,24
1022628,21
1022629,0
1022630,0
1022631,34
1022632,0
1022633,0
1022634,0
1022635,0
1022636,0
1022637,0
1022638,0
1022639,0
1022640,0
1022641,0
1022642,0
1022643,0
1022644,15
1022645,20
1022646,0
1022647,0
1022648,0
1022649,0
1022650,0
1022651,21
1022652,0
1022653,23
1022654,0
1022655,0
1022656,0
1022657,0
1022658,0
1022659,0
1022660,0
1022661,0
1022662,0
1022663,0
1022664,0
1022665,0
1022666,0
1022667,0
1022668,0
1022669,0
1022670,0
1022671,0
1022672,0
1022673,0
1022674,0
1022675,0
1022676,21
1022677,0
1022678,0
1022679,17
1022680,0
1022681,0
1022682,0
1022683,0
1022684,0
1022685,0
1022686,0
1022687,0
1022688,20
1022689,24
1022690,0
1022691,0
1022692,15
1022693,0
1022694,0
1022695,0
1022696,28
1022697,0
1022698,0
1022699,0
1022700,0
1022701,0
1022702,0
1022703,0
1022704,0
1022705,0
1022706,0
1022707,0
1022708,0
1022709,0
1022710,22
1022711,0
1022712,25
1022713,0
1022714,0
1022715,0
1022716,0
1022717,19
1022718,16
1022719,13
1022720,0
1022721,0
1022722,0
1022723,0
1022724,0
1022725,14
1022726,0
1022727,0
1022728,0
1022729,27
1022730,0
1022731,0
1022732,0
1022733,0
1022734,0
1022735,0
1022736,0
1022737,0
1022738,28
1022739,0
1022740,0
1022741,15
1022742,0
1022743,0
1022744,0
1022745,0
1022746,0
1022747,0
1022748,0
1022749,0
1022750,0
1022751,0
1022752,0
1022753,0
1022754,0
1022755,0
1022756,0
1022757,0
1022758,0
1022759,0
1022760,0
1022761,0
1022762,0
1022763,0
1022764,0
1022765,23
1022766,0
1022767,0
1022768,0
1022769,0
1022770,0
1022771,0
1022772,0
1022773,0
1022774,0
1022775,0
1022776,23
1022777,0
1022778,0
1022779,0
1022780,0
1022781,0
1022782,0
1022783,11
1022784,0
1022785,0
1022786,0
1022787,0
1022788,0
1022789,0
1022790,0
1022791,0
1022792,0
1022793,2
1022794,0
1022795,0
1022796,5
1022797,0
1022798,0
1022799,0
1022800,0
1022801,0
1022802,0
1022803,0
1022804,0
1022805,0
1022806,0
1022807,0
1022808,0
1022809,0
1022810,0
1022811,0
1022812,0
1022813,0
1022814,0
1022815,1
1022816,0
1022817,0
1022818,0
1022819,0
1022820,0
1022821,0
1022822,0
1022823,2
1022824,0
1022825,0
1022826,0
1022827,0
1022828,0
1022829,1
1022830,0
1022831,0
1022832,0
1022833,0
1022834,0
1022835,0
1022836,0
1022837,0
1022838,0
1022839,3
1022840,2
1022841,0
1022842,0
1022843,0
1022844,0
1022845,0
1022846,0
1022847,0
1022848,0
1022849,0
1022850,0
1022851,0
1022852,0
1022853,0
1022854,0
1022855,0
1022856,1
1022857,0
1022858,0
1022859,0
1022860,0
1022861,0
1022862,0
1022863,0
1022864,0
1022865,0
1022866,3
1022867,0
1022868,0
1022869,0
1022870,0
1022871,0
1022872,0
1022873,0
1022874,1
1022875,0
1022876,0
1022877,0
1022878,0
1022879,0
1022880,0
1022881,0
1022882,1
1022883,0
1022884,0
1022885,0
1022886,0
1022887,0
1022888,0
1022889,0
1022890,0
1022891,0
1022892,0
1022893,0
1022894,0
1022895,0
1022896,0
1022897,0
1022898,0
1022899,0
1022900,0
1022901,0
1022902,0
1022903,0
1022904,0
1022905,0
1022906,0
1022907,0
1022908,0
1022909,0
1022910,0
1022911,0
1022912,0
1022913,0
1022914,0
1022915,0
1022916,0
1022917,0
1022918,0
1022919,0
1022920,0
1022921,0
1022922,0
1022923,0
1022924,0
1022925,0
1022926,3
1022927,0
1022928,0
1022929,0
1022930,0
1022931,0
1022932,0
1022933,0
1022934,0
1022935,0
1022936,0
1022937,0
1022938,0
1022939,0
1022940,0
1022941,0
1022942,0
1022943,0
1022944,0
1022945,0
1022946,0
1022947,0
1022948,0
1022949,1
1022950,0
1022951,0
1022952,0
1022953,0
1022954,0
1022955,0
1022956,0
1022957,1
1022958,0
1022959,0
1022960,0
1022961,2
1022962,0
1022963,0
1022964,0
1022965,0
1022966,0
1022967,0
1022968,0
1022969,0
1022970,0
1022971,0
1022972,2
1022973,0
1022974,0
1022975,3
1022976,0
1022977,0
1022978,0
1022979,0
1022980,0
1022981,0
1022982,0
1022983,1
1022984,0
1022985,0
1022986,0
1022987,0
1022988,0
1022989,0
1022990,0
1022991,0
1022992,0
1022993,0
1022994,0
1022995,0
1022996,0
1022997,0
1022998,0
1022999,0
1023000,0
1023001,0
1023002,0
1023003,0
1023004,0
1023005,0
1023006,0
1023007,0
1023008,0
1023009,0
1023010,0
1023011,0
1023012,0
1023013,0
1023014,0
1023015,0
1023016,0
1023017,0
1023018,0
1023019,0
1023020,0
1023021,0
1023022,0
1023023,0
1023024,0
1023025,0
1023026,0
1023027,0
1023028,0
1023029,0
1023030,0
1023031,0
1023032,0
1023033,0
1023034,0
1023035,0
1023036,0
1023037,0
1023038,0
1023039,0
1023040,0
1023041,0
1023042,0
1023043,0
1023044,0
1023045,0
1023046,0
1023047,0
1023048,0
1023049,0
1023050,0
1023051,0
1023052,0
1023053,0
1023054,0
1023055,0
1023056,0
1023057,0
1023058,0
1023059,0
1023060,0
1023061,0
1023062,0
1023063,0
1023064,0
1023065,0
1023066,0
1023067,0
1023068,0
1023069,0
1023070,0
1023071,0
1023072,2
1023073,0
1023074,0
1023075,0
1023076,0
1023077,1
1023078,0
1023079,0
1023080,0
1023081,3
1023082,0
1023083,0
1023084,0
1023085,2
1023086,0
1023087,0
1023088,0
1023089,0
1023090,0
1023091,2
1023092,0
1023093,0
1023094,0
1023095,4
1023096,0
1023097,0
1023098,0
1023099,0
1023100,0
1023101,0
1023102,0
1023103,0
1023104,0
1023105,0
1023106,0
1023107,0
1023108,0
1023109,0
1023110,1
1023111,0
1023112,0
1023113,0
1023114,0
1023115,0
1023116,0
1023117,0
1023118,1
1023119,0
1023120,0
1023121,0
1023122,0
1023123,0
1023124,0
1023125,3
1023126,0
1023127,0
1023128,0
1023129,0
1023130,1
1023131,1
1023132,1
1023133,0
1023134,0
1023135,0
1023136,0
1023137,0
1023138,0
1023139,4
1023140,0
1023141,0
1023142,0
1023143,0
1023144,0
1023145,3
1023146,0
1023147,0
1023148,0
1023149,0
1023150,0
1023151,0
1023152,0
1023153,0
1023154,0
1023155,0
1023156,1
1023157,0
1023158,0
1023159,0
1023160,0
1023161,0
1023162,0
1023163,0
1023164,2
1023165,0
1023166,0
1023167,0
1023168,0
1023169,0
1023170,0
1023171,2
1023172,3
1023173,0
1023174,0
1023175,0
1023176,0
1023177,1
1023178,0
1023179,0
1023180,0
1023181,0
1023182,0
1023183,0
1023184,0
1023185,0
1023186,0
1023187,0
1023188,0
1023189,0
1023190,0
1023191,0
1023192,0
1023193,0
1023194,0
1023195,0
1023196,0
1023197,0
1023198,0
1023199,0
1023200,0
1023201,0
1023202,0
1023203,0
1023204,0
1023205,2
1023206,0
1023207,0
1023208,0
1023209,0
1023210,0
1023211,0
1023212,0
1023213,1
1023214,0
1023215,1
1023216,0
1023217,0
1023218,0
1023219,0
1023220,0
1023221,0
1023222,0
1023223,0
1023224,0
1023225,2
1023226,0
1023227,1
1023228,0
1023229,0
1023230,0
1023231,0
1023232,0
1023233,0
1023234,0
1023235,0
1023236,0
1023237,0
1023238,0
1023239,0
1023240,0
1023241,2
1023242,0
1023243,0
1023244,0
1023245,0
1023246,0
1023247,0
1023248,0
1023249,0
1023250,0
1023251,0
1023252,0
1023253,0
1023254,0
1023255,1
1023256,2
1023257,0
1023258,0
1023259,0
1023260,0
1023261,0
1023262,0
1023263,1
1023264,0
1023265,0
1023266,0
1023267,0
1023268,0
1023269,0
1023270,0
1023271,1
1023272,0
1023273,0
1023274,0
1023275,0
1023276,0
1023277,0
1023278,0
1023279,4
1023280,1
1023281,0
1023282,0
1023283,0
1023284,0
1023285,0
1023286,0
1023287,3
1023288,0
1023289,1
1023290,0
1023291,0
1023292,0
1023293,0
1023294,0
1023295,0
1023296,0
1023297,0
1023298,0
1023299,0
1023300,0
1023301,0
1023302,0
1023303,0
1023304,0
1023305,0
1023306,0
1023307,0
1023308,0
1023309,0
1023310,0
1023311,0
1023312,0
1023313,0
1023314,0
1023315,0
1023316,0
1023317,0
1023318,0
1023319,0
1023320,0
1023321,0
1023322,0
1023323,0
1023324,0
1023325,0
1023326,0
1023327,0
1023328,0
1023329,0
1023330,0
1023331,0
1023332,0
1023333,0
1023334,0
1023335,0
1023336,0
1023337,0
1023338,0
1023339,0
1023340,0
1023341,0
1023342,0
1023343,0
1023344,0
1023345,0
1023346,0
1023347,0
1023348,1
1023349,0
1023350,0
1023351,0
1023352,0
1023353,0
1023354,0
1023355,0
1023356,0
1023357,0
1023358,0
1023359,0
1023360,0
1023361,0
1023362,0
1023363,0
1023364,0
1023365,0
1023366,0
1023367,0
1023368,0
1023369,0
1023370,0
1023371,0
1023372,0
1023373,0
1023374,0
1023375,0
1023376,0
1023377,0
1023378,0
1023379,0
1023380,0
1023381,0
1023382,0
1023383,0
1023384,0
1023385,0
1023386,0
1023387,0
1023388,1
1023389,1
1023390,0
1023391,0
1023392,0
1023393,0
1023394,3
1023395,2
1023396,2
1023397,0
1023398,0
1023399,0
1023400,0
1023401,0
1023402,0
1023403,0
1023404,3
1023405,2
1023406,0
1023407,0
1023408,0
1023409,0
1023410,0
1023411,2
1023412,0
1023413,0
1023414,0
1023415,0
1023416,0
1023417,0
1023418,0
1023419,2
1023420,0
1023421,0
1023422,0
1023423,0
1023424,0
1023425,0
1023426,0
1023427,0
1023428,0
1023429,0
1023430,0
1023431,0
1023432,0
1023433,0
1023434,0
1023435,0
1023436,0
1023437,0
1023438,0
1023439,0
1023440,0
1023441,0
1023442,0
1023443,0
1023444,0
1023445,0
1023446,0
1023447,0
1023448,1
1023449,0
1023450,0
1023451,0
1023452,0
1023453,0
1023454,0
1023455,0
1023456,0
1023457,0
1023458,0
1023459,0
1023460,0
1023461,0
1023462,0
1023463,2
1023464,0
1023465,0
1023466,0
1023467,0
1023468,0
1023469,0
1023470,2
1023471,0
1023472,0
1023473,0
1023474,0
1023475,0
1023476,0
1023477,0
1023478,0
1023479,0
1023480,0
1023481,0
1023482,0
1023483,0
1023484,0
1023485,0
1023486,0
1023487,0
1023488,0
1023489,0
1023490,0
1023491,0
1023492,0
1023493,0
1023494,0
1023495,1
1023496,0
1023497,0
1023498,0
1023499,0
1023500,0
1023501,2
1023502,3
1023503,0
1023504,0
1023505,0
1023506,0
1023507,0
1023508,0
1023509,0
1023510,1
1023511,0
1023512,0
1023513,0
1023514,0
1023515,0
1023516,0
1023517,0
1023518,0
1023519,0
1023520,0
1023521,2
1023522,0
1023523,0
1023524,0
1023525,0
1023526,0
1023527,0
1023528,0
1023529,0
1023530,0
1023531,2
1023532,0
1023533,0
1023534,0
1023535,0
1023536,0
1023537,0
1023538,0
1023539,0
1023540,0
1023541,0
1023542,0
1023543,0
1023544,2
1023545,0
1023546,0
1023547,0
1023548,0
1023549,0
1023550,0
1023551,0
1023552,0
1023553,0
1023554,0
1023555,0
1023556,0
1023557,0
1023558,0
1023559,0
1023560,0
1023561,0
1023562,2
1023563,0
1023564,0
1023565,0
1023566,0
1023567,0
1023568,0
1023569,0
1023570,0
1023571,1
1023572,0
1023573,0
1023574,0
1023575,0
1023576,0
1023577,0
1023578,0
1023579,0
1023580,0
1023581,0
1023582,0
1023583,2
1023584,0
1023585,0
1023586,0
1023587,0
1023588,1
1023589,0
1023590,0
1023591,0
1023592,0
1023593,0
1023594,0
1023595,0
1023596,0
1023597,0
1023598,0
1023599,0
1023600,0
1023601,0
1023602,0
1023603,0
1023604,0
1023605,0
1023606,0
1023607,0
1023608,0
1023609,0
1023610,0
1023611,0
1023612,0
1023613,0
1023614,0
1023615,0
1023616,0
1023617,0
1023618,0
1023619,2
1023620,0
1023621,2
1023622,2
1023623,0
1023624,0
1023625,2
1023626,1
1023627,0
1023628,0
1023629,0
1023630,0
1023631,0
1023632,0
1023633,0
1023634,0
1023635,0
1023636,0
1023637,0
1023638,0
1023639,0
1023640,0
1023641,0
1023642,0
1023643,0
1023644,0
1023645,0
1023646,0
1023647,0
1023648,0
1023649,42
1023650,25
1023651,0
1023652,0
1023653,0
1023654,0
1023655,0
1023656,0
1023657,0
1023658,0
1023659,0
1023660,0
1023661,0
1023662,47
1023663,0
1023664,0
1023665,0
1023666,33
1023667,0
1023668,0
1023669,37
1023670,0
1023671,0
1023672,24
1023673,0
1023674,0
1023675,0
1023676,0
1023677,0
1023678,0
1023679,0
1023680,0
1023681,0
1023682,32
1023683,0
1023684,19
1023685,0
1023686,38
1023687,0
1023688,22
1023689,0
1023690,45
1023691,0
1023692,0
1023693,0
1023694,0
1023695,33
1023696,0
1023697,0
1023698,0
1023699,37
1023700,0
1023701,0
1023702,0
1023703,0
1023704,36
1023705,0
1023706,0
1023707,0
1023708,0
1023709,0
1023710,0
1023711,0
1023712,0
1023713,0
1023714,0
1023715,0
1023716,0
1023717,0
1023718,0
1023719,0
1023720,0
1023721,0
1023722,36
1023723,0
1023724,0
1023725,21
1023726,0
1023727,0
1023728,0
1023729,0
1023730,0
1023731,30
1023732,0
1023733,43
1023734,0
1023735,0
1023736,0
1023737,29
1023738,0
1023739,0
1023740,0
1023741,0
1023742,0
1023743,0
1023744,0
1023745,0
1023746,0
1023747,0
1023748,0
1023749,0
1023750,0
1023751,0
1023752,30
1023753,0
1023754,0
1023755,0
1023756,0
1023757,0
1023758,0
1023759,23
1023760,0
1023761,0
1023762,0
1023763,33
1023764,0
1023765,0
1023766,0
1023767,0
1023768,0
1023769,0
1023770,0
1023771,0
1023772,0
1023773,0
1023774,0
1023775,19
1023776,0
1023777,32
1023778,0
1023779,0
1023780,0
1023781,0
1023782,0
1023783,0
1023784,0
1023785,0
1023786,0
1023787,0
1023788,0
1023789,0
1023790,22
1023791,0
1023792,0
1023793,0
1023794,0
1023795,0
1023796,0
1023797,0
1023798,0
1023799,0
1023800,0
1023801,0
1023802,0
1023803,28
1023804,0
1023805,34
1023806,0
1023807,0
1023808,0
1023809,31
1023810,0
1023811,0
1023812,0
1023813,0
1023814,0
1023815,23
1023816,0
1023817,0
1023818,0
1023819,0
1023820,0
1023821,0
1023822,0
1023823,0
1023824,37
1023825,0
1023826,0
1023827,0
1023828,0
1023829,0
1023830,0
1023831,0
1023832,0
1023833,0
1023834,0
1023835,0
1023836,0
1023837,0
1023838,0
1023839,35
1023840,31
1023841,0
1023842,34
1023843,0
1023844,0
1023845,0
1023846,0
1023847,0
1023848,0
1023849,0
1023850,0
1023851,0
1023852,0
1023853,27
1023854,0
1023855,0
1023856,0
1023857,0
1023858,30
1023859,0
1023860,0
1023861,0
1023862,0
1023863,0
1023864,37
1023865,0
1023866,20
1023867,0
1023868,38
1023869,0
1023870,0
1023871,0
1023872,0
1023873,0
1023874,0
1023875,0
1023876,0
1023877,0
1023878,0
1023879,35
1023880,0
1023881,0
1023882,0
1023883,0
1023884,0
1023885,0
1023886,0
1023887,0
1023888,0
1023889,0
1023890,0
1023891,30
1023892,0
1023893,0
1023894,0
1023895,0
1023896,0
1023897,0
1023898,0
1023899,0
1023900,0
1023901,0
1023902,0
1023903,0
1023904,0
1023905,0
1023906,0
1023907,0
1023908,30
1023909,0
1023910,31
1023911,0
1023912,0
1023913,0
1023914,0
1023915,33
1023916,29
1023917,0
1023918,0
1023919,0
1023920,0
1023921,0
1023922,0
1023923,0
1023924,0
1023925,0
1023926,0
1023927,0
1023928,0
1023929,0
1023930,0
1023931,0
1023932,0
1023933,0
1023934,0
1023935,35
1023936,0
1023937,0
1023938,0
1023939,0
1023940,0
1023941,22
1023942,0
1023943,0
1023944,0
1023945,0
1023946,0
1023947,0
1023948,0
1023949,0
1023950,0
1023951,42
1023952,0
1023953,0
1023954,20
1023955,0
1023956,0
1023957,0
1023958,0
1023959,0
1023960,0
1023961,0
1023962,0
1023963,40
1023964,0
1023965,0
1023966,0
1023967,0
1023968,0
1023969,0
1023970,0
1023971,49
1023972,0
1023973,0
1023974,0
1023975,0
1023976,0
1023977,0
1023978,0
1023979,0
1023980,31
1023981,0
1023982,0
1023983,0
1023984,35
1023985,0
1023986,0
1023987,0
1023988,0
1023989,0
1023990,0
1023991,0
1023992,0
1023993,0
1023994,0
1023995,0
1023996,0
1023997,0
1023998,0
1023999,0
1024000,19
1024001,0
1024002,0
1024003,0
1024004,40
1024005,21
1024006,0
1024007,0
1024008,0
1024009,0
1024010,0
1024011,0
1024012,0
1024013,0
1024014,0
1024015,0
1024016,0
1024017,0
1024018,0
1024019,0
1024020,38
1024021,0
1024022,24
1024023,0
1024024,0
1024025,0
1024026,0
1024027,0
1024028,0
1024029,0
1024030,0
1024031,0
1024032,0
1024033,0
1024034,0
1024035,0
1024036,27
1024037,0
1024038,0
1024039,26
1024040,0
1024041,0
1024042,0
1024043,0
1024044,0
1024045,0
1024046,26
1024047,0
1024048,0
1024049,0
1024050,0
1024051,20
1024052,0
1024053,0
1024054,0
1024055,0
1024056,0
1024057,0
1024058,0
1024059,0
1024060,30
1024061,0
1024062,0
1024063,0
1024064,0
1024065,0
1024066,0
1024067,0
1024068,0
1024069,0
1024070,0
1024071,0
1024072,35
1024073,0
1024074,0
1024075,21
1024076,0
1024077,0
1024078,0
1024079,0
1024080,0
1024081,31
1024082,0
1024083,0
1024084,0
1024085,0
1024086,0
1024087,0
1024088,26
1024089,0
1024090,0
1024091,0
1024092,0
1024093,0
1024094,0
1024095,0
1024096,0
1024097,0
1024098,0
1024099,0
1024100,0
1024101,0
1024102,0
1024103,0
1024104,22
1024105,21
1024106,0
1024107,28
1024108,0
1024109,0
1024110,0
1024111,0
1024112,0
1024113,24
1024114,0
1024115,0
1024116,0
1024117,0
1024118,33
1024119,0
1024120,0
1024121,0
1024122,0
1024123,33
1024124,0
1024125,27
1024126,0
1024127,34
1024128,0
1024129,0
1024130,0
1024131,0
1024132,0
1024133,27
1024134,0
1024135,0
1024136,0
1024137,0
1024138,0
1024139,38
1024140,0
1024141,0
1024142,0
1024143,0
1024144,0
1024145,0
1024146,0
1024147,27
1024148,0
1024149,0
1024150,0
1024151,0
1024152,0
1024153,0
1024154,0
1024155,0
1024156,0
1024157,0
1024158,0
1024159,0
1024160,0
1024161,0
1024162,0
1024163,28
1024164,0
1024165,30
1024166,0
1024167,0
1024168,0
1024169,0
1024170,21
1024171,0
1024172,0
1024173,0
1024174,17
1024175,0
1024176,0
1024177,0
1024178,0
1024179,24
1024180,0
1024181,0
1024182,0
1024183,0
1024184,0
1024185,0
1024186,0
1024187,31
1024188,0
1024189,0
1024190,24
1024191,0
1024192,27
1024193,0
1024194,29
1024195,0
1024196,0
1024197,0
1024198,0
1024199,29
1024200,0
1024201,0
1024202,0
1024203,0
1024204,0
1024205,0
1024206,33
1024207,0
1024208,0
1024209,36
1024210,0
1024211,0
1024212,0
1024213,0
1024214,0
1024215,0
1024216,0
1024217,0
1024218,0
1024219,0
1024220,0
1024221,31
1024222,46
1024223,0
1024224,34
1024225,0
1024226,0
1024227,0
1024228,35
1024229,42
1024230,0
1024231,0
1024232,0
1024233,0
1024234,0
1024235,0
1024236,0
1024237,0
1024238,0
1024239,33
1024240,0
1024241,0
1024242,0
1024243,0
1024244,0
1024245,0
1024246,35
1024247,0
1024248,0
1024249,0
1024250,0
1024251,0
1024252,34
1024253,0
1024254,17
1024255,0
1024256,0
1024257,0
1024258,0
1024259,0
1024260,0
1024261,0
1024262,0
1024263,28
1024264,17
1024265,0
1024266,0
1024267,0
1024268,0
1024269,0
1024270,0
1024271,0
1024272,0
1024273,0
1024274,0
1024275,0
1024276,0
1024277,0
1024278,0
1024279,0
1024280,0
1024281,0
1024282,0
1024283,0
1024284,0
1024285,0
1024286,0
1024287,0
1024288,0
1024289,0
1024290,0
1024291,0
1024292,0
1024293,0
1024294,0
1024295,0
1024296,0
1024297,0
1024298,0
1024299,0
1024300,0
1024301,0
1024302,0
1024303,0
1024304,0
1024305,0
1024306,0
1024307,0
1024308,0
1024309,0
1024310,0
1024311,23
1024312,0
1024313,0
1024314,0
1024315,0
1024316,0
1024317,0
1024318,0
1024319,0
1024320,0
1024321,0
1024322,0
1024323,0
1024324,0
1024325,0
1024326,0
1024327,0
1024328,0
1024329,0
1024330,0
1024331,0
1024332,0
1024333,0
1024334,0
1024335,0
1024336,0
1024337,0
1024338,0
1024339,0
1024340,0
1024341,25
1024342,0
1024343,0
1024344,29
1024345,22
1024346,0
1024347,32
1024348,0
1024349,0
1024350,0
1024351,0
1024352,0
1024353,29
1024354,0
1024355,0
1024356,0
1024357,0
1024358,0
1024359,0
1024360,0
1024361,0
1024362,0
1024363,0
1024364,13
1024365,0
1024366,0
1024367,0
1024368,0
1024369,0
1024370,0
1024371,0
1024372,0
1024373,0
1024374,0
1024375,0
1024376,0
1024377,0
1024378,0
1024379,0
1024380,0
1024381,0
1024382,0
1024383,0
1024384,0
1024385,0
1024386,0
1024387,0
1024388,23
1024389,0
1024390,0
1024391,0
1024392,23
1024393,0
1024394,0
1024395,0
1024396,0
1024397,33
1024398,0
1024399,0
1024400,0
1024401,0
1024402,0
1024403,0
1024404,0
1024405,0
1024406,0
1024407,0
1024408,0
1024409,26
1024410,0
1024411,0
1024412,0
1024413,0
1024414,0
1024415,0
1024416,0
1024417,0
1024418,0
1024419,0
1024420,0
1024421,0
1024422,0
1024423,18
1024424,0
1024425,0
1024426,0
1024427,0
1024428,0
1024429,0
1024430,19
1024431,0
1024432,0
1024433,0
1024434,0
1024435,0
1024436,0
1024437,0
1024438,0
1024439,31
1024440,0
1024441,0
1024442,0
1024443,27
1024444,0
1024445,0
1024446,0
1024447,0
1024448,0
1024449,0
1024450,0
1024451,0
1024452,0
1024453,0
1024454,0
1024455,0
1024456,27
1024457,0
1024458,0
1024459,0
1024460,0
1024461,0
1024462,0
1024463,0
1024464,0
1024465,0
1024466,25
1024467,34
1024468,0
1024469,0
1024470,0
1024471,0
1024472,0
1024473,0
1024474,0
1024475,0
1024476,0
1024477,0
1024478,0
1024479,0
1024480,0
1024481,0
1024482,0
1024483,0
1024484,0
1024485,0
1024486,0
1024487,0
1024488,0
1024489,0
1024490,0
1024491,0
1024492,24
1024493,0
1024494,20
1024495,0
1024496,36
1024497,0
1024498,0
1024499,0
1024500,0
1024501,0
1024502,0
1024503,0
1024504,0
1024505,0
1024506,0
1024507,0
1024508,0
1024509,0
1024510,0
1024511,0
1024512,39
1024513,28
1024514,0
1024515,0
1024516,0
1024517,0
1024518,0
1024519,0
1024520,0
1024521,0
1024522,0
1024523,0
1024524,0
1024525,0
1024526,0
1024527,0
1024528,0
1024529,16
1024530,0
1024531,0
1024532,21
1024533,0
1024534,0
1024535,0
1024536,0
1024537,0
1024538,0
1024539,0
1024540,0
1024541,0
1024542,27
1024543,0
1024544,0
1024545,0
1024546,0
1024547,0
1024548,0
1024549,0
1024550,0
1024551,0
1024552,0
1024553,0
1024554,0
1024555,0
1024556,0
1024557,0
1024558,18
1024559,0
1024560,0
1024561,0
1024562,0
1024563,0
1024564,22
1024565,0
1024566,0
1024567,0
1024568,0
1024569,27
1024570,0
1024571,0
1024572,0
1024573,17
1024574,0
1024575,0
1024576,0
1024577,0
1024578,0
1024579,32
1024580,0
1024581,0
1024582,0
1024583,0
1024584,0
1024585,0
1024586,0
1024587,0
1024588,0
1024589,0
1024590,0
1024591,0
1024592,0
1024593,0
1024594,0
1024595,0
1024596,0
1024597,0
1024598,0
1024599,0
1024600,0
1024601,0
1024602,0
1024603,0
1024604,0
1024605,0
1024606,0
1024607,0
1024608,0
1024609,0
1024610,0
1024611,0
1024612,0
1024613,0
1024614,0
1024615,0
1024616,0
1024617,0
1024618,0
1024619,0
1024620,0
1024621,0
1024622,0
1024623,0
1024624,0
1024625,0
1024626,0
1024627,0
1024628,0
1024629,0
1024630,0
1024631,0
1024632,0
1024633,0
1024634,26
1024635,0
1024636,0
1024637,0
1024638,0
1024639,0
1024640,0
1024641,0
1024642,0
1024643,0
1024644,35
1024645,0
1024646,0
1024647,0
1024648,0
1024649,0
1024650,0
1024651,0
1024652,0
1024653,0
1024654,26
1024655,0
1024656,0
1024657,0
1024658,0
1024659,0
1024660,0
1024661,0
1024662,0
1024663,0
1024664,0
1024665,0
1024666,0
1024667,21
1024668,0
1024669,0
1024670,0
1024671,0
1024672,0
1024673,0
1024674,0
1024675,0
1024676,0
1024677,0
1024678,0
1024679,0
1024680,0
1024681,0
1024682,0
1024683,0
1024684,0
1024685,0
1024686,0
1024687,0
1024688,0
1024689,0
1024690,0
1024691,0
1024692,0
1024693,0
1024694,0
1024695,0
1024696,0
1024697,0
1024698,0
1024699,0
1024700,0
1024701,0
1024702,0
1024703,0
1024704,0
1024705,0
1024706,0
1024707,0
1024708,0
1024709,0
1024710,0
1024711,0
1024712,0
1024713,0
1024714,0
1024715,0
1024716,0
1024717,0
1024718,0
1024719,0
1024720,0
1024721,0
1024722,0
1024723,0
1024724,0
1024725,0
1024726,0
1024727,0
1024728,0
1024729,0
1024730,0
1024731,0
1024732,0
1024733,0
1024734,0
1024735,0
1024736,0
1024737,0
1024738,0
1024739,0
1024740,0
1024741,0
1024742,0
1024743,0
1024744,0
1024745,0
1024746,0
1024747,0
1024748,0
1024749,0
1024750,0
1024751,0
1024752,0
1024753,0
1024754,0
1024755,0
1024756,0
1024757,0
1024758,0
1024759,0
1024760,0
1024761,0
1024762,0
1024763,0
1024764,0
1024765,0
1024766,0
1024767,0
1024768,0
1024769,0
1024770,0
1024771,0
1024772,0
1024773,0
1024774,0
1024775,0
1024776,0
1024777,0
1024778,0
1024779,0
1024780,0
1024781,0
1024782,0
1024783,0
1024784,0
1024785,0
1024786,0
1024787,0
1024788,0
1024789,0
1024790,0
1024791,0
1024792,0
1024793,0
1024794,0
1024795,0
1024796,0
1024797,0
1024798,0
1024799,0
1024800,0
1024801,0
1024802,0
1024803,0
1024804,0
1024805,0
1024806,0
1024807,0
1024808,0
1024809,0
1024810,0
1024811,0
1024812,0
1024813,0
1024814,0
1024815,0
1024816,0
1024817,0
1024818,0
1024819,0
1024820,0
1024821,0
1024822,0
1024823,0
1024824,0
1024825,0
1024826,0
1024827,0
1024828,0
1024829,0
1024830,0
1024831,0
1024832,0
1024833,0
1024834,0
1024835,0
1024836,0
1024837,0
1024838,0
1024839,0
1024840,0
1024841,0
1024842,0
1024843,0
1024844,0
1024845,0
1024846,0
1024847,0
1024848,0
1024849,0
1024850,0
1024851,0
1024852,0
1024853,0
1024854,0
1024855,0
1024856,0
1024857,0
1024858,0
1024859,0
1024860,0
1024861,0
1024862,0
1024863,0
1024864,0
1024865,0
1024866,0
1024867,0
1024868,0
1024869,0
1024870,0
1024871,0
1024872,0
1024873,0
1024874,0
1024875,0
1024876,0
1024877,0
1024878,0
1024879,0
1024880,0
1024881,0
1024882,0
1024883,0
1024884,0
1024885,0
1024886,0
1024887,0
1024888,0
1024889,0
1024890,0
1024891,0
1024892,0
1024893,0
1024894,0
1024895,0
1024896,0
1024897,0
1024898,0
1024899,0
1024900,0
1024901,0
1024902,0
1024903,0
1024904,0
1024905,0
1024906,0
1024907,0
1024908,0
1024909,0
1024910,0
1024911,0
1024912,0
1024913,0
1024914,0
1024915,0
1024916,0
1024917,0
1024918,0
1024919,0
1024920,0
1024921,0
1024922,0
1024923,0
1024924,0
1024925,0
1024926,0
1024927,0
1024928,0
1024929,0
1024930,0
1024931,0
1024932,0
1024933,0
1024934,0
1024935,0
1024936,0
1024937,0
1024938,0
1024939,0
1024940,0
1024941,0
1024942,0
1024943,0
1024944,0
1024945,0
1024946,0
1024947,0
1024948,0
1024949,0
1024950,0
1024951,0
1024952,0
1024953,0
1024954,0
1024955,0
1024956,0
1024957,0
1024958,0
1024959,0
1024960,0
1024961,0
1024962,0
1024963,0
1024964,0
1024965,0
1024966,1
1024967,0
1024968,0
1024969,0
1024970,0
1024971,0
1024972,0
1024973,0
1024974,0
1024975,0
1024976,0
1024977,0
1024978,0
1024979,0
1024980,0
1024981,0
1024982,0
1024983,0
1024984,0
1024985,0
1024986,0
1024987,0
1024988,0
1024989,0
1024990,0
1024991,0
1024992,0
1024993,0
1024994,0
1024995,0
1024996,0
1024997,0
1024998,0
1024999,0
1025000,0
1025001,0
1025002,0
1025003,0
1025004,0
1025005,0
1025006,0
1025007,0
1025008,0
1025009,0
1025010,0
1025011,0
1025012,0
1025013,0
1025014,0
1025015,0
1025016,0
1025017,0
1025018,0
1025019,0
1025020,0
1025021,0
1025022,0
1025023,0
1025024,0
1025025,0
1025026,0
1025027,0
1025028,0
1025029,0
1025030,0
1025031,0
1025032,0
1025033,0
1025034,0
1025035,0
1025036,0
1025037,0
1025038,0
1025039,0
1025040,0
1025041,0
1025042,0
1025043,0
1025044,0
1025045,0
1025046,0
1025047,0
1025048,0
1025049,0
1025050,0
1025051,0
1025052,0
1025053,0
1025054,0
1025055,0
1025056,0
1025057,0
1025058,0
1025059,0
1025060,0
1025061,0
1025062,0
1025063,0
1025064,0
1025065,0
1025066,0
1025067,0
1025068,0
1025069,0
1025070,0
1025071,0
1025072,0
1025073,0
1025074,0
1025075,0
1025076,0
1025077,0
1025078,0
1025079,0
1025080,0
1025081,0
1025082,0
1025083,0
1025084,0
1025085,0
1025086,0
1025087,0
1025088,0
1025089,0
1025090,0
1025091,0
1025092,0
1025093,0
1025094,0
1025095,0
1025096,0
1025097,0
1025098,0
1025099,0
1025100,0
1025101,0
1025102,1
1025103,0
1025104,0
1025105,0
1025106,0
1025107,0
1025108,0
1025109,0
1025110,0
1025111,0
1025112,0
1025113,0
1025114,0
1025115,0
1025116,0
1025117,0
1025118,0
1025119,0
1025120,0
1025121,0
1025122,0
1025123,0
1025124,0
1025125,0
1025126,0
1025127,0
1025128,0
1025129,0
1025130,0
1025131,0
1025132,0
1025133,0
1025134,0
1025135,0
1025136,0
1025137,0
1025138,0
1025139,0
1025140,0
1025141,0
1025142,0
1025143,0
1025144,0
1025145,0
1025146,0
1025147,0
1025148,0
1025149,0
1025150,0
1025151,0
1025152,0
1025153,0
1025154,0
1025155,1
1025156,0
1025157,0
1025158,0
1025159,0
1025160,0
1025161,0
1025162,0
1025163,0
1025164,0
1025165,0
1025166,0
1025167,0
1025168,0
1025169,0
1025170,0
1025171,0
1025172,0
1025173,0
1025174,0
1025175,0
1025176,0
1025177,0
1025178,0
1025179,0
1025180,0
1025181,0
1025182,0
1025183,0
1025184,0
1025185,0
1025186,0
1025187,0
1025188,0
1025189,0
1025190,0
1025191,0
1025192,0
1025193,0
1025194,0
1025195,0
1025196,0
1025197,0
1025198,0
1025199,0
1025200,0
1025201,0
1025202,0
1025203,0
1025204,0
1025205,0
1025206,0
1025207,0
1025208,0
1025209,0
1025210,0
1025211,0
1025212,0
1025213,0
1025214,0
1025215,0
1025216,0
1025217,0
1025218,0
1025219,0
1025220,0
1025221,0
1025222,0
1025223,0
1025224,0
1025225,0
1025226,0
1025227,0
1025228,0
1025229,0
1025230,0
1025231,0
1025232,0
1025233,0
1025234,0
1025235,0
1025236,0
1025237,0
1025238,0
1025239,0
1025240,0
1025241,0
1025242,0
1025243,0
1025244,0
1025245,0
1025246,0
1025247,0
1025248,0
1025249,0
1025250,0
1025251,0
1025252,0
1025253,0
1025254,0
1025255,0
1025256,0
1025257,0
1025258,0
1025259,0
1025260,0
1025261,0
1025262,0
1025263,0
1025264,0
1025265,0
1025266,0
1025267,0
1025268,0
1025269,0
1025270,0
1025271,0
1025272,0
1025273,0
1025274,0
1025275,0
1025276,0
1025277,0
1025278,0
1025279,0
1025280,0
1025281,0
1025282,0
1025283,0
1025284,0
1025285,0
1025286,0
1025287,0
1025288,0
1025289,0
1025290,0
1025291,0
1025292,0
1025293,0
1025294,0
1025295,0
1025296,0
1025297,0
1025298,0
1025299,0
1025300,0
1025301,0
1025302,0
1025303,0
1025304,0
1025305,0
1025306,0
1025307,0
1025308,0
1025309,0
1025310,0
1025311,0
1025312,0
1025313,0
1025314,0
1025315,0
1025316,0
1025317,0
1025318,0
1025319,0
1025320,0
1025321,0
1025322,0
1025323,0
1025324,0
1025325,0
1025326,0
1025327,0
1025328,0
1025329,0
1025330,0
1025331,0
1025332,0
1025333,0
1025334,0
1025335,0
1025336,0
1025337,0
1025338,0
1025339,0
1025340,0
1025341,0
1025342,0
1025343,0
1025344,0
1025345,0
1025346,0
1025347,0
1025348,0
1025349,0
1025350,0
1025351,0
1025352,0
1025353,0
1025354,1
1025355,0
1025356,0
1025357,0
1025358,0
1025359,0
1025360,0
1025361,0
1025362,0
1025363,0
1025364,0
1025365,0
1025366,0
1025367,0
1025368,0
1025369,0
1025370,0
1025371,0
1025372,0
1025373,0
1025374,0
1025375,0
1025376,0
1025377,0
1025378,0
1025379,0
1025380,0
1025381,0
1025382,0
1025383,0
1025384,0
1025385,0
1025386,0
1025387,0
1025388,0
1025389,0
1025390,0
1025391,0
1025392,0
1025393,0
1025394,0
1025395,0
1025396,0
1025397,0
1025398,0
1025399,0
1025400,0
1025401,0
1025402,0
1025403,0
1025404,0
1025405,0
1025406,0
1025407,0
1025408,0
1025409,0
1025410,0
1025411,0
1025412,0
1025413,0
1025414,0
1025415,0
1025416,0
1025417,0
1025418,0
1025419,0
1025420,0
1025421,1
1025422,0
1025423,0
1025424,0
1025425,0
1025426,0
1025427,0
1025428,0
1025429,0
1025430,0
1025431,0
1025432,0
1025433,0
1025434,0
1025435,0
1025436,0
1025437,0
1025438,0
1025439,0
1025440,0
1025441,0
1025442,0
1025443,0
1025444,0
1025445,0
1025446,0
1025447,0
1025448,0
1025449,0
1025450,0
1025451,0
1025452,0
1025453,0
1025454,0
1025455,0
1025456,0
1025457,0
1025458,0
1025459,0
1025460,0
1025461,0
1025462,0
1025463,0
1025464,0
1025465,0
1025466,0
1025467,0
1025468,0
1025469,0
1025470,0
1025471,0
1025472,0
1025473,0
1025474,0
1025475,0
1025476,1
1025477,0
1025478,0
1025479,0
1025480,0
1025481,0
1025482,0
1025483,0
1025484,0
1025485,0
1025486,0
1025487,0
1025488,0
1025489,0
1025490,0
1025491,0
1025492,0
1025493,0
1025494,0
1025495,0
1025496,0
1025497,0
1025498,0
1025499,0
1025500,0
1025501,0
1025502,0
1025503,0
1025504,0
1025505,0
1025506,0
1025507,0
1025508,0
1025509,0
1025510,0
1025511,0
1025512,0
1025513,0
1025514,0
1025515,1
1025516,0
1025517,0
1025518,0
1025519,0
1025520,0
1025521,0
1025522,0
1025523,0
1025524,0
1025525,0
1025526,0
1025527,0
1025528,0
1025529,0
1025530,0
1025531,0
1025532,0
1025533,0
1025534,0
1025535,0
1025536,0
1025537,0
1025538,0
1025539,0
1025540,0
1025541,0
1025542,0
1025543,0
1025544,0
1025545,0
1025546,0
1025547,0
1025548,0
1025549,0
1025550,0
1025551,0
1025552,0
1025553,1
1025554,0
1025555,0
1025556,0
1025557,0
1025558,0
1025559,0
1025560,0
1025561,0
1025562,0
1025563,0
1025564,0
1025565,0
1025566,0
1025567,1
1025568,0
1025569,0
1025570,0
1025571,0
1025572,0
1025573,0
1025574,0
1025575,0
1025576,0
1025577,0
1025578,0
1025579,0
1025580,0
1025581,0
1025582,0
1025583,0
1025584,0
1025585,0
1025586,0
1025587,0
1025588,0
1025589,0
1025590,0
1025591,0
1025592,0
1025593,0
1025594,0
1025595,0
1025596,0
1025597,1
1025598,0
1025599,1
1025600,0
1025601,0
1025602,0
1025603,0
1025604,0
1025605,0
1025606,1
1025607,0
1025608,0
1025609,0
1025610,1
1025611,0
1025612,0
1025613,0
1025614,0
1025615,0
1025616,0
1025617,0
1025618,0
1025619,0
1025620,0
1025621,0
1025622,0
1025623,1
1025624,0
1025625,0
1025626,0
1025627,0
1025628,0
1025629,0
1025630,0
1025631,0
1025632,0
1025633,40
1025634,0
1025635,0
1025636,0
1025637,0
1025638,0
1025639,0
1025640,0
1025641,0
1025642,0
1025643,9
1025644,30
1025645,0
1025646,0
1025647,0
1025648,0
1025649,26
1025650,0
1025651,0
1025652,0
1025653,0
1025654,0
1025655,0
1025656,0
1025657,0
1025658,0
1025659,0
1025660,0
1025661,0
1025662,0
1025663,13
1025664,0
1025665,0
1025666,26
1025667,0
1025668,0
1025669,0
1025670,0
1025671,37
1025672,0
1025673,0
1025674,0
1025675,0
1025676,25
1025677,0
1025678,0
1025679,0
1025680,0
1025681,0
1025682,0
1025683,0
1025684,0
1025685,0
1025686,27
1025687,21
1025688,0
1025689,0
1025690,0
1025691,0
1025692,0
1025693,0
1025694,44
1025695,0
1025696,30
1025697,22
1025698,0
1025699,0
1025700,0
1025701,23
1025702,0
1025703,0
1025704,30
1025705,0
1025706,24
1025707,0
1025708,0
1025709,12
1025710,0
1025711,34
1025712,0
1025713,0
1025714,0
1025715,0
1025716,0
1025717,27
1025718,43
1025719,0
1025720,37
1025721,28
1025722,28
1025723,23
1025724,0
1025725,0
1025726,34
1025727,0
1025728,0
1025729,48
1025730,0
1025731,0
1025732,19
1025733,0
1025734,0
1025735,0
1025736,21
1025737,0
1025738,0
1025739,0
1025740,0
1025741,0
1025742,25
1025743,0
1025744,25
1025745,0
1025746,0
1025747,20
1025748,0
1025749,0
1025750,10
1025751,0
1025752,28
1025753,0
1025754,39
1025755,0
1025756,0
1025757,26
1025758,27
1025759,42
1025760,0
1025761,0
1025762,0
1025763,0
1025764,36
1025765,0
1025766,0
1025767,0
1025768,0
1025769,0
1025770,0
1025771,0
1025772,21
1025773,33
1025774,0
1025775,0
1025776,18
1025777,28
1025778,23
1025779,0
1025780,47
1025781,0
1025782,0
1025783,33
1025784,0
1025785,0
1025786,0
1025787,23
1025788,29
1025789,0
1025790,0
1025791,0
1025792,0
1025793,0
1025794,0
1025795,0
1025796,0
1025797,10
1025798,0
1025799,0
1025800,0
1025801,0
1025802,0
1025803,0
1025804,0
1025805,0
1025806,36
1025807,18
1025808,0
1025809,0
1025810,0
1025811,0
1025812,0
1025813,0
1025814,0
1025815,16
1025816,0
1025817,0
1025818,0
1025819,0
1025820,26
1025821,17
1025822,0
1025823,0
1025824,0
1025825,0
1025826,0
1025827,0
1025828,24
1025829,0
1025830,0
1025831,0
1025832,0
1025833,0
1025834,0
1025835,0
1025836,0
1025837,17
1025838,0
1025839,0
1025840,0
1025841,0
1025842,0
1025843,0
1025844,0
1025845,0
1025846,0
1025847,0
1025848,0
1025849,0
1025850,0
1025851,23
1025852,0
1025853,0
1025854,0
1025855,0
1025856,0
1025857,0
1025858,0
1025859,0
1025860,0
1025861,0
1025862,43
1025863,0
1025864,0
1025865,34
1025866,0
1025867,0
1025868,0
1025869,32
1025870,0
1025871,0
1025872,0
1025873,0
1025874,0
1025875,0
1025876,30
1025877,0
1025878,0
1025879,0
1025880,0
1025881,0
1025882,24
1025883,0
1025884,0
1025885,0
1025886,0
1025887,0
1025888,0
1025889,0
1025890,0
1025891,0
1025892,0
1025893,0
1025894,0
1025895,0
1025896,0
1025897,0
1025898,0
1025899,0
1025900,0
1025901,0
1025902,0
1025903,0
1025904,0
1025905,0
1025906,0
1025907,0
1025908,35
1025909,0
1025910,24
1025911,27
1025912,37
1025913,0
1025914,0
1025915,0
1025916,0
1025917,0
1025918,0
1025919,0
1025920,0
1025921,0
1025922,0
1025923,0
1025924,0
1025925,29
1025926,0
1025927,0
1025928,0
1025929,0
1025930,0
1025931,0
1025932,0
1025933,0
1025934,0
1025935,0
1025936,26
1025937,39
1025938,0
1025939,0
1025940,0
1025941,0
1025942,0
1025943,0
1025944,0
1025945,0
1025946,0
1025947,0
1025948,47
1025949,0
1025950,0
1025951,0
1025952,0
1025953,0
1025954,0
1025955,0
1025956,0
1025957,30
1025958,0
1025959,0
1025960,0
1025961,0
1025962,0
1025963,0
1025964,0
1025965,0
1025966,32
1025967,0
1025968,25
1025969,0
1025970,0
1025971,0
1025972,0
1025973,0
1025974,22
1025975,0
1025976,0
1025977,0
1025978,0
1025979,0
1025980,0
1025981,0
1025982,0
1025983,0
1025984,0
1025985,0
1025986,0
1025987,0
1025988,0
1025989,0
1025990,0
1025991,0
1025992,0
1025993,0
1025994,0
1025995,0
1025996,0
1025997,38
1025998,0
1025999,0
1026000,0
1026001,0
1026002,0
1026003,0
1026004,0
1026005,0
1026006,0
1026007,0
1026008,0
1026009,0
1026010,0
1026011,0
1026012,0
1026013,0
1026014,0
1026015,0
1026016,36
1026017,0
1026018,37
1026019,0
1026020,0
1026021,0
1026022,18
1026023,0
1026024,0
1026025,0
1026026,0
1026027,0
1026028,0
1026029,0
1026030,0
1026031,0
1026032,0
1026033,31
1026034,0
1026035,0
1026036,0
1026037,0
1026038,0
1026039,0
1026040,38
1026041,0
1026042,0
1026043,0
1026044,0
1026045,0
1026046,0
1026047,0
1026048,0
1026049,0
1026050,0
1026051,0
1026052,0
1026053,0
1026054,0
1026055,0
1026056,0
1026057,0
1026058,0
1026059,0
1026060,0
1026061,0
1026062,0
1026063,32
1026064,0
1026065,0
1026066,0
1026067,31
1026068,0
1026069,0
1026070,34
1026071,0
1026072,0
1026073,0
1026074,0
1026075,0
1026076,0
1026077,0
1026078,41
1026079,0
1026080,0
1026081,0
1026082,0
1026083,0
1026084,0
1026085,0
1026086,0
1026087,42
1026088,0
1026089,0
1026090,0
1026091,0
1026092,0
1026093,0
1026094,0
1026095,0
1026096,0
1026097,0
1026098,0
1026099,0
1026100,29
1026101,0
1026102,0
1026103,0
1026104,0
1026105,0
1026106,0
1026107,0
1026108,0
1026109,20
1026110,0
1026111,0
1026112,0
1026113,25
1026114,0
1026115,0
1026116,0
1026117,0
1026118,28
1026119,0
1026120,0
1026121,0
1026122,0
1026123,0
1026124,0
1026125,0
1026126,0
1026127,0
1026128,26
1026129,0
1026130,0
1026131,0
1026132,0
1026133,0
1026134,0
1026135,0
1026136,0
1026137,0
1026138,0
1026139,0
1026140,45
1026141,0
1026142,0
1026143,0
1026144,0
1026145,0
1026146,0
1026147,0
1026148,0
1026149,0
1026150,0
1026151,0
1026152,0
1026153,0
1026154,21
1026155,0
1026156,0
1026157,0
1026158,29
1026159,0
1026160,0
1026161,0
1026162,0
1026163,0
1026164,39
1026165,0
1026166,0
1026167,26
1026168,0
1026169,38
1026170,0
1026171,0
1026172,0
1026173,56
1026174,0
1026175,0
1026176,0
1026177,0
1026178,0
1026179,0
1026180,0
1026181,0
1026182,0
1026183,0
1026184,0
1026185,0
1026186,0
1026187,0
1026188,0
1026189,24
1026190,0
1026191,0
1026192,0
1026193,0
1026194,0
1026195,0
1026196,0
1026197,0
1026198,0
1026199,0
1026200,0
1026201,0
1026202,0
1026203,0
1026204,0
1026205,0
1026206,0
1026207,0
1026208,0
1026209,0
1026210,0
1026211,0
1026212,0
1026213,0
1026214,0
1026215,0
1026216,0
1026217,0
1026218,0
1026219,41
1026220,0
1026221,0
1026222,0
1026223,39
1026224,0
1026225,0
1026226,0
1026227,0
1026228,0
1026229,0
1026230,0
1026231,0
1026232,0
1026233,0
1026234,0
1026235,50
1026236,30
1026237,0
1026238,40
1026239,0
1026240,0
1026241,0
1026242,0
1026243,0
1026244,0
1026245,0
1026246,0
1026247,0
1026248,0
1026249,0
1026250,0
1026251,0
1026252,30
1026253,0
1026254,0
1026255,0
1026256,0
1026257,0
1026258,34
1026259,0
1026260,0
1026261,0
1026262,0
1026263,0
1026264,0
1026265,0
1026266,0
1026267,35
1026268,0
1026269,0
1026270,0
1026271,0
1026272,0
1026273,0
1026274,0
1026275,0
1026276,0
1026277,0
1026278,0
1026279,41
1026280,0
1026281,32
1026282,0
1026283,35
1026284,0
1026285,47
1026286,0
1026287,0
1026288,0
1026289,34
1026290,0
1026291,0
1026292,0
1026293,0
1026294,0
1026295,0
1026296,26
1026297,0
1026298,0
1026299,0
1026300,0
1026301,0
1026302,0
1026303,0
1026304,0
1026305,0
1026306,0
1026307,0
1026308,0
1026309,0
1026310,0
1026311,0
1026312,0
1026313,35
1026314,0
1026315,0
1026316,0
1026317,0
1026318,0
1026319,0
1026320,0
1026321,0
1026322,0
1026323,0
1026324,18
1026325,0
1026326,0
1026327,0
1026328,0
1026329,0
1026330,0
1026331,0
1026332,0
1026333,0
1026334,0
1026335,0
1026336,0
1026337,42
1026338,0
1026339,0
1026340,0
1026341,0
1026342,0
1026343,0
1026344,0
1026345,0
1026346,30
1026347,0
1026348,0
1026349,0
1026350,0
1026351,0
1026352,0
1026353,0
1026354,37
1026355,17
1026356,40
1026357,0
1026358,0
1026359,0
1026360,0
1026361,0
1026362,27
1026363,0
1026364,0
1026365,0
1026366,0
1026367,0
1026368,0
1026369,0
1026370,0
1026371,32
1026372,0
1026373,0
1026374,0
1026375,57
1026376,0
1026377,29
1026378,0
1026379,0
1026380,0
1026381,0
1026382,0
1026383,0
1026384,0
1026385,0
1026386,0
1026387,25
1026388,0
1026389,27
1026390,25
1026391,0
1026392,0
1026393,0
1026394,0
1026395,0
1026396,0
1026397,0
1026398,0
1026399,0
1026400,0
1026401,0
1026402,0
1026403,36
1026404,0
1026405,0
1026406,0
1026407,0
1026408,0
1026409,0
1026410,0
1026411,0
1026412,0
1026413,0
1026414,0
1026415,35
1026416,0
1026417,0
1026418,0
1026419,0
1026420,44
1026421,0
1026422,0
1026423,0
1026424,0
1026425,25
1026426,0
1026427,0
1026428,0
1026429,0
1026430,0
1026431,0
1026432,39
1026433,29
1026434,0
1026435,0
1026436,0
1026437,0
1026438,0
1026439,0
1026440,0
1026441,0
1026442,23
1026443,30
1026444,29
1026445,19
1026446,0
1026447,0
1026448,0
1026449,0
1026450,0
1026451,24
1026452,0
1026453,0
1026454,0
1026455,0
1026456,0
1026457,0
1026458,27
1026459,0
1026460,0
1026461,31
1026462,0
1026463,0
1026464,0
1026465,35
1026466,0
1026467,0
1026468,0
1026469,23
1026470,38
1026471,35
1026472,40
1026473,0
1026474,0
1026475,0
1026476,0
1026477,0
1026478,0
1026479,0
1026480,0
1026481,0
1026482,0
1026483,0
1026484,0
1026485,0
1026486,0
1026487,0
1026488,0
1026489,0
1026490,32
1026491,0
1026492,0
1026493,0
1026494,0
1026495,0
1026496,0
1026497,0
1026498,0
1026499,0
1026500,0
1026501,0
1026502,0
1026503,0
1026504,0
1026505,0
1026506,42
1026507,19
1026508,0
1026509,0
1026510,0
1026511,24
1026512,0
1026513,0
1026514,29
1026515,0
1026516,0
1026517,0
1026518,0
1026519,35
1026520,0
1026521,35
1026522,0
1026523,46
1026524,38
1026525,0
1026526,0
1026527,0
1026528,0
1026529,0
1026530,0
1026531,0
1026532,31
1026533,37
1026534,0
1026535,0
1026536,0
1026537,0
1026538,0
1026539,0
1026540,0
1026541,0
1026542,0
1026543,0
1026544,0
1026545,29
1026546,0
1026547,0
1026548,0
1026549,0
1026550,0
1026551,0
1026552,36
1026553,28
1026554,28
1026555,0
1026556,0
1026557,31
1026558,0
1026559,0
1026560,0
1026561,0
1026562,0
1026563,0
1026564,0
1026565,0
1026566,31
1026567,0
1026568,0
1026569,0
1026570,0
1026571,0
1026572,0
1026573,0
1026574,0
1026575,28
1026576,0
1026577,0
1026578,39
1026579,0
1026580,0
1026581,0
1026582,0
1026583,0
1026584,0
1026585,0
1026586,0
1026587,0
1026588,0
1026589,0
1026590,0
1026591,0
1026592,0
1026593,29
1026594,0
1026595,0
1026596,0
1026597,0
1026598,28
1026599,41
1026600,32
1026601,0
1026602,0
1026603,0
1026604,13
1026605,0
1026606,0
1026607,0
1026608,0
1026609,0
1026610,0
1026611,32
1026612,0
1026613,0
1026614,47
1026615,0
1026616,0
1026617,0
1026618,0
1026619,0
1026620,0
1026621,0
1026622,0
1026623,0
1026624,0
1026625,39
1026626,0
1026627,0
1026628,0
1026629,0
1026630,0
1026631,0
1026632,44
1026633,28
1026634,24
1026635,0
1026636,0
1026637,0
1026638,0
1026639,0
1026640,0
1026641,26
1026642,0
1026643,0
1026644,0
1026645,0
1026646,0
1026647,0
1026648,0
1026649,0
1026650,0
1026651,24
1026652,0
1026653,0
1026654,0
1026655,0
1026656,0
1026657,0
1026658,0
1026659,0
1026660,0
1026661,0
1026662,23
1026663,0
1026664,0
1026665,0
1026666,0
1026667,0
1026668,26
1026669,0
1026670,0
1026671,0
1026672,0
1026673,0
1026674,0
1026675,0
1026676,0
1026677,0
1026678,28
1026679,0
1026680,0
1026681,0
1026682,0
1026683,0
1026684,0
1026685,27
1026686,0
1026687,0
1026688,30
1026689,0
1026690,0
1026691,0
1026692,0
1026693,0
1026694,0
1026695,30
1026696,0
1026697,0
1026698,0
1026699,0
1026700,0
1026701,0
1026702,0
1026703,0
1026704,35
1026705,0
1026706,0
1026707,0
1026708,0
1026709,0
1026710,0
1026711,29
1026712,0
1026713,0
1026714,0
1026715,0
1026716,0
1026717,0
1026718,0
1026719,0
1026720,0
1026721,0
1026722,0
1026723,0
1026724,12
1026725,0
1026726,0
1026727,0
1026728,36
1026729,0
1026730,0
1026731,0
1026732,0
1026733,0
1026734,0
1026735,0
1026736,0
1026737,0
1026738,0
1026739,0
1026740,0
1026741,0
1026742,0
1026743,0
1026744,0
1026745,0
1026746,30
1026747,0
1026748,0
1026749,0
1026750,0
1026751,0
1026752,0
1026753,0
1026754,0
1026755,0
1026756,31
1026757,0
1026758,0
1026759,0
1026760,0
1026761,0
1026762,0
1026763,0
1026764,0
1026765,0
1026766,0
1026767,0
1026768,0
1026769,0
1026770,0
1026771,0
1026772,0
1026773,0
1026774,34
1026775,0
1026776,0
1026777,0
1026778,0
1026779,0
1026780,0
1026781,0
1026782,0
1026783,0
1026784,0
1026785,0
1026786,0
1026787,0
1026788,0
1026789,0
1026790,0
1026791,0
1026792,0
1026793,0
1026794,32
1026795,0
1026796,0
1026797,0
1026798,0
1026799,0
1026800,0
1026801,0
1026802,0
1026803,0
1026804,0
1026805,0
1026806,27
1026807,0
1026808,0
1026809,0
1026810,0
1026811,0
1026812,0
1026813,0
1026814,0
1026815,0
1026816,0
1026817,0
1026818,0
1026819,0
1026820,0
1026821,0
1026822,0
1026823,0
1026824,0
1026825,0
1026826,0
1026827,0
1026828,0
1026829,0
1026830,0
1026831,0
1026832,0
1026833,0
1026834,0
1026835,0
1026836,0
1026837,36
1026838,0
1026839,0
1026840,0
1026841,0
1026842,0
1026843,0
1026844,0
1026845,0
1026846,0
1026847,0
1026848,0
1026849,0
1026850,0
1026851,0
1026852,25
1026853,0
1026854,0
1026855,0
1026856,32
1026857,0
1026858,0
1026859,0
1026860,0
1026861,0
1026862,26
1026863,0
1026864,0
1026865,0
1026866,0
1026867,0
1026868,0
1026869,0
1026870,0
1026871,0
1026872,35
1026873,0
1026874,0
1026875,0
1026876,0
1026877,0
1026878,28
1026879,0
1026880,0
1026881,0
1026882,0
1026883,0
1026884,0
1026885,0
1026886,0
1026887,0
1026888,0
1026889,0
1026890,0
1026891,0
1026892,36
1026893,27
1026894,25
1026895,0
1026896,31
1026897,32
1026898,0
1026899,46
1026900,0
1026901,0
1026902,0
1026903,0
1026904,19
1026905,0
1026906,0
1026907,0
1026908,0
1026909,0
1026910,30
1026911,0
1026912,0
1026913,0
1026914,0
1026915,43
1026916,36
1026917,0
1026918,0
1026919,0
1026920,0
1026921,0
1026922,0
1026923,0
1026924,0
1026925,0
1026926,0
1026927,0
1026928,0
1026929,0
1026930,0
1026931,0
1026932,0
1026933,0
1026934,0
1026935,26
1026936,0
1026937,38
1026938,0
1026939,0
1026940,29
1026941,0
1026942,0
1026943,0
1026944,0
1026945,0
1026946,0
1026947,0
1026948,0
1026949,0
1026950,0
1026951,0
1026952,0
1026953,26
1026954,0
1026955,0
1026956,0
1026957,0
1026958,29
1026959,0
1026960,0
1026961,0
1026962,0
1026963,24
1026964,0
1026965,0
1026966,0
1026967,0
1026968,0
1026969,0
1026970,0
1026971,0
1026972,0
1026973,24
1026974,29
1026975,38
1026976,25
1026977,28
1026978,31
1026979,0
1026980,0
1026981,0
1026982,0
1026983,0
1026984,23
1026985,0
1026986,0
1026987,0
1026988,27
1026989,0
1026990,0
1026991,0
1026992,33
1026993,0
1026994,0
1026995,0
1026996,0
1026997,0
1026998,0
1026999,0
1027000,0
1027001,0
1027002,0
1027003,0
1027004,0
1027005,40
1027006,22
1027007,0
1027008,0
1027009,21
1027010,28
1027011,0
1027012,0
1027013,0
1027014,0
1027015,0
1027016,0
1027017,0
1027018,0
1027019,0
1027020,0
1027021,0
1027022,0
1027023,43
1027024,43
1027025,0
1027026,27
1027027,0
1027028,0
1027029,0
1027030,0
1027031,0
1027032,0
1027033,0
1027034,0
1027035,0
1027036,0
1027037,0
1027038,0
1027039,0
1027040,36
1027041,0
1027042,0
1027043,0
1027044,0
1027045,30
1027046,0
1027047,0
1027048,27
1027049,0
1027050,0
1027051,0
1027052,0
1027053,0
1027054,33
1027055,0
1027056,0
1027057,0
1027058,0
1027059,0
1027060,0
1027061,0
1027062,0
1027063,0
1027064,0
1027065,0
1027066,0
1027067,0
1027068,0
1027069,22
1027070,0
1027071,0
1027072,0
1027073,0
1027074,35
1027075,0
1027076,0
1027077,0
1027078,0
1027079,40
1027080,0
1027081,0
1027082,0
1027083,25
1027084,0
1027085,0
1027086,33
1027087,0
1027088,0
1027089,0
1027090,0
1027091,27
1027092,0
1027093,0
1027094,0
1027095,0
1027096,0
1027097,0
1027098,0
1027099,0
1027100,0
1027101,0
1027102,0
1027103,0
1027104,0
1027105,23
1027106,0
1027107,0
1027108,0
1027109,0
1027110,35
1027111,27
1027112,22
1027113,0
1027114,0
1027115,24
1027116,0
1027117,0
1027118,0
1027119,0
1027120,0
1027121,0
1027122,33
1027123,0
1027124,0
1027125,23
1027126,0
1027127,0
1027128,0
1027129,0
1027130,0
1027131,28
1027132,31
1027133,0
1027134,0
1027135,0
1027136,0
1027137,0
1027138,0
1027139,23
1027140,0
1027141,0
1027142,0
1027143,0
1027144,0
1027145,0
1027146,0
1027147,0
1027148,25
1027149,0
1027150,20
1027151,0
1027152,0
1027153,0
1027154,0
1027155,0
1027156,0
1027157,0
1027158,0
1027159,0
1027160,0
1027161,0
1027162,0
1027163,34
1027164,0
1027165,0
1027166,0
1027167,0
1027168,40
1027169,0
1027170,0
1027171,0
1027172,0
1027173,0
1027174,24
1027175,0
1027176,0
1027177,0
1027178,0
1027179,0
1027180,0
1027181,23
1027182,0
1027183,0
1027184,0
1027185,0
1027186,36
1027187,0
1027188,0
1027189,0
1027190,0
1027191,0
1027192,0
1027193,0
1027194,0
1027195,0
1027196,0
1027197,0
1027198,0
1027199,0
1027200,0
1027201,29
1027202,0
1027203,0
1027204,0
1027205,0
1027206,0
1027207,0
1027208,0
1027209,27
1027210,0
1027211,0
1027212,0
1027213,0
1027214,0
1027215,0
1027216,0
1027217,0
1027218,38
1027219,0
1027220,0
1027221,0
1027222,0
1027223,0
1027224,0
1027225,0
1027226,0
1027227,0
1027228,24
1027229,0
1027230,0
1027231,0
1027232,0
1027233,0
1027234,0
1027235,0
1027236,0
1027237,23
1027238,29
1027239,0
1027240,0
1027241,0
1027242,0
1027243,0
1027244,0
1027245,0
1027246,0
1027247,34
1027248,0
1027249,0
1027250,0
1027251,0
1027252,0
1027253,0
1027254,0
1027255,0
1027256,36
1027257,0
1027258,0
1027259,0
1027260,0
1027261,23
1027262,0
1027263,0
1027264,0
1027265,0
1027266,0
1027267,35
1027268,0
1027269,26
1027270,0
1027271,0
1027272,0
1027273,36
1027274,0
1027275,0
1027276,0
1027277,19
1027278,0
1027279,0
1027280,0
1027281,0
1027282,31
1027283,0
1027284,0
1027285,0
1027286,0
1027287,0
1027288,24
1027289,0
1027290,0
1027291,0
1027292,0
1027293,25
1027294,0
1027295,0
1027296,0
1027297,0
1027298,0
1027299,0
1027300,0
1027301,0
1027302,0
1027303,0
1027304,0
1027305,0
1027306,0
1027307,0
1027308,22
1027309,0
1027310,0
1027311,0
1027312,0
1027313,31
1027314,0
1027315,0
1027316,0
1027317,0
1027318,0
1027319,0
1027320,0
1027321,0
1027322,34
1027323,0
1027324,0
1027325,24
1027326,0
1027327,0
1027328,0
1027329,0
1027330,0
1027331,0
1027332,27
1027333,0
1027334,35
1027335,50
1027336,0
1027337,30
1027338,0
1027339,41
1027340,0
1027341,43
1027342,21
1027343,24
1027344,0
1027345,0
1027346,0
1027347,0
1027348,0
1027349,0
1027350,0
1027351,0
1027352,28
1027353,0
1027354,0
1027355,0
1027356,39
1027357,0
1027358,0
1027359,0
1027360,43
1027361,0
1027362,31
1027363,0
1027364,0
1027365,0
1027366,0
1027367,0
1027368,0
1027369,0
1027370,0
1027371,0
1027372,40
1027373,0
1027374,0
1027375,0
1027376,0
1027377,0
1027378,35
1027379,43
1027380,24
1027381,0
1027382,33
1027383,43
1027384,0
1027385,0
1027386,0
1027387,34
1027388,0
1027389,39
1027390,32
1027391,0
1027392,0
1027393,23
1027394,0
1027395,0
1027396,0
1027397,0
1027398,0
1027399,0
1027400,0
1027401,45
1027402,0
1027403,0
1027404,32
1027405,0
1027406,35
1027407,37
1027408,0
1027409,0
1027410,0
1027411,0
1027412,32
1027413,33
1027414,0
1027415,0
1027416,29
1027417,0
1027418,17
1027419,30
1027420,0
1027421,0
1027422,0
1027423,0
1027424,33
1027425,42
1027426,0
1027427,0
1027428,0
1027429,0
1027430,0
1027431,0
1027432,0
1027433,0
1027434,0
1027435,0
1027436,0
1027437,0
1027438,0
1027439,0
1027440,17
1027441,0
1027442,0
1027443,0
1027444,0
1027445,0
1027446,0
1027447,32
1027448,42
1027449,0
1027450,0
1027451,0
1027452,0
1027453,0
1027454,0
1027455,0
1027456,39
1027457,0
1027458,0
1027459,0
1027460,0
1027461,0
1027462,0
1027463,0
1027464,25
1027465,0
1027466,0
1027467,0
1027468,38
1027469,0
1027470,23
1027471,0
1027472,0
1027473,0
1027474,22
1027475,22
1027476,0
1027477,0
1027478,0
1027479,0
1027480,30
1027481,40
1027482,25
1027483,0
1027484,0
1027485,0
1027486,0
1027487,0
1027488,0
1027489,53
1027490,0
1027491,0
1027492,0
1027493,0
1027494,0
1027495,23
1027496,0
1027497,0
1027498,29
1027499,0
1027500,0
1027501,0
1027502,0
1027503,0
1027504,0
1027505,0
1027506,0
1027507,0
1027508,0
1027509,32
1027510,0
1027511,0
1027512,0
1027513,0
1027514,0
1027515,0
1027516,0
1027517,0
1027518,22
1027519,0
1027520,0
1027521,0
1027522,31
1027523,0
1027524,0
1027525,19
1027526,0
1027527,0
1027528,0
1027529,29
1027530,20
1027531,0
1027532,0
1027533,0
1027534,0
1027535,26
1027536,0
1027537,0
1027538,0
1027539,0
1027540,40
1027541,0
1027542,0
1027543,0
1027544,0
1027545,0
1027546,0
1027547,0
1027548,0
1027549,0
1027550,0
1027551,0
1027552,0
1027553,0
1027554,0
1027555,25
1027556,0
1027557,0
1027558,0
1027559,0
1027560,0
1027561,0
1027562,0
1027563,36
1027564,26
1027565,0
1027566,0
1027567,0
1027568,0
1027569,33
1027570,0
1027571,37
1027572,0
1027573,41
1027574,18
1027575,0
1027576,0
1027577,0
1027578,0
1027579,0
1027580,0
1027581,34
1027582,45
1027583,33
1027584,0
1027585,37
1027586,0
1027587,24
1027588,25
1027589,0
1027590,48
1027591,34
1027592,0
1027593,0
1027594,0
1027595,0
1027596,0
1027597,32
1027598,28
1027599,0
1027600,0
1027601,31
1027602,0
1027603,0
1027604,0
1027605,23
1027606,0
1027607,0
1027608,0
1027609,0
1027610,0
1027611,15
1027612,0
1027613,0
1027614,24
1027615,0
1027616,0
1027617,0
1027618,39
1027619,0
1027620,34
1027621,0
1027622,0
1027623,0
1027624,0
1027625,0
1027626,0
1027627,0
1027628,24
1027629,0
1027630,0
1027631,33
1027632,37
1027633,0
1027634,33
1027635,0
1027636,0
1027637,23
1027638,0
1027639,25
1027640,0
1027641,0
1027642,0
1027643,34
1027644,0
1027645,0
1027646,0
1027647,0
1027648,0
1027649,0
1027650,0
1027651,0
1027652,0
1027653,0
1027654,0
1027655,0
1027656,32
1027657,0
1027658,0
1027659,29
1027660,0
1027661,37
1027662,0
1027663,0
1027664,24
1027665,31
1027666,0
1027667,0
1027668,0
1027669,0
1027670,0
1027671,0
1027672,0
1027673,0
1027674,0
1027675,35
1027676,0
1027677,0
1027678,0
1027679,25
1027680,0
1027681,0
1027682,0
1027683,0
1027684,0
1027685,0
1027686,0
1027687,34
1027688,0
1027689,33
1027690,0
1027691,0
1027692,0
1027693,29
1027694,0
1027695,0
1027696,0
1027697,0
1027698,0
1027699,0
1027700,0
1027701,0
1027702,33
1027703,0
1027704,0
1027705,45
1027706,0
1027707,0
1027708,0
1027709,0
1027710,0
1027711,0
1027712,0
1027713,0
1027714,0
1027715,0
1027716,0
1027717,0
1027718,0
1027719,40
1027720,0
1027721,0
1027722,0
1027723,0
1027724,0
1027725,32
1027726,42
1027727,0
1027728,0
1027729,0
1027730,0
1027731,0
1027732,32
1027733,0
1027734,0
1027735,0
1027736,0
1027737,0
1027738,0
1027739,0
1027740,33
1027741,30
1027742,0
1027743,0
1027744,0
1027745,35
1027746,0
1027747,0
1027748,0
1027749,0
1027750,0
1027751,0
1027752,33
1027753,0
1027754,0
1027755,0
1027756,0
1027757,32
1027758,0
1027759,0
1027760,0
1027761,0
1027762,0
1027763,0
1027764,0
1027765,0
1027766,0
1027767,0
1027768,0
1027769,0
1027770,0
1027771,0
1027772,0
1027773,0
1027774,0
1027775,0
1027776,0
1027777,0
1027778,0
1027779,0
1027780,0
1027781,0
1027782,0
1027783,0
1027784,0
1027785,0
1027786,0
1027787,0
1027788,0
1027789,0
1027790,0
1027791,0
1027792,0
1027793,0
1027794,0
1027795,0
1027796,0
1027797,0
1027798,0
1027799,0
1027800,0
1027801,0
1027802,0
1027803,0
1027804,0
1027805,0
1027806,0
1027807,0
1027808,0
1027809,0
1027810,3
1027811,0
1027812,0
1027813,0
1027814,0
1027815,0
1027816,0
1027817,0
1027818,0
1027819,0
1027820,0
1027821,0
1027822,0
1027823,0
1027824,0
1027825,0
1027826,2
1027827,0
1027828,2
1027829,2
1027830,0
1027831,4
1027832,0
1027833,3
1027834,0
1027835,0
1027836,0
1027837,0
1027838,0
1027839,0
1027840,0
1027841,4
1027842,3
1027843,0
1027844,0
1027845,0
1027846,0
1027847,0
1027848,7
1027849,0
1027850,0
1027851,1
1027852,3
1027853,0
1027854,0
1027855,0
1027856,0
1027857,0
1027858,0
1027859,1
1027860,0
1027861,3
1027862,3
1027863,0
1027864,4
1027865,0
1027866,0
1027867,0
1027868,0
1027869,0
1027870,0
1027871,0
1027872,0
1027873,0
1027874,2
1027875,0
1027876,1
1027877,0
1027878,2
1027879,0
1027880,3
1027881,0
1027882,0
1027883,3
1027884,0
1027885,0
1027886,2
1027887,0
1027888,0
1027889,3
1027890,6
1027891,0
1027892,4
1027893,5
1027894,0
1027895,0
1027896,0
1027897,0
1027898,0
1027899,0
1027900,0
1027901,0
1027902,0
1027903,3
1027904,6
1027905,2
1027906,0
1027907,3
1027908,0
1027909,3
1027910,0
1027911,0
1027912,0
1027913,1
1027914,0
1027915,0
1027916,0
1027917,0
1027918,0
1027919,0
1027920,2
1027921,6
1027922,0
1027923,0
1027924,0
1027925,5
1027926,0
1027927,0
1027928,6
1027929,0
1027930,2
1027931,0
1027932,0
1027933,0
1027934,0
1027935,0
1027936,0
1027937,0
1027938,0
1027939,0
1027940,0
1027941,0
1027942,0
1027943,0
1027944,0
1027945,0
1027946,0
1027947,0
1027948,0
1027949,3
1027950,0
1027951,0
1027952,0
1027953,4
1027954,0
1027955,0
1027956,0
1027957,0
1027958,0
1027959,0
1027960,4
1027961,0
1027962,0
1027963,0
1027964,0
1027965,0
1027966,2
1027967,5
1027968,0
1027969,2
1027970,2
1027971,0
1027972,1
1027973,0
1027974,0
1027975,0
1027976,0
1027977,0
1027978,0
1027979,5
1027980,0
1027981,0
1027982,0
1027983,0
1027984,0
1027985,0
1027986,5
1027987,0
1027988,0
1027989,0
1027990,3
1027991,0
1027992,0
1027993,2
1027994,2
1027995,0
1027996,0
1027997,1
1027998,5
1027999,0
1028000,0
1028001,0
1028002,0
1028003,0
1028004,0
1028005,0
1028006,0
1028007,0
1028008,0
1028009,0
1028010,0
1028011,0
1028012,0
1028013,0
1028014,0
1028015,0
1028016,0
1028017,0
1028018,0
1028019,0
1028020,3
1028021,0
1028022,0
1028023,0
1028024,0
1028025,0
1028026,5
1028027,0
1028028,0
1028029,0
1028030,3
1028031,3
1028032,0
1028033,5
1028034,0
1028035,2
1028036,0
1028037,0
1028038,0
1028039,0
1028040,0
1028041,0
1028042,0
1028043,2
1028044,0
1028045,0
1028046,0
1028047,0
1028048,1
1028049,0
1028050,3
1028051,0
1028052,0
1028053,5
1028054,0
1028055,0
1028056,0
1028057,0
1028058,0
1028059,0
1028060,0
1028061,0
1028062,0
1028063,4
1028064,0
1028065,3
1028066,0
1028067,0
1028068,0
1028069,0
1028070,0
1028071,2
1028072,3
1028073,0
1028074,0
1028075,0
1028076,0
1028077,0
1028078,0
1028079,0
1028080,0
1028081,0
1028082,0
1028083,1
1028084,4
1028085,0
1028086,0
1028087,0
1028088,20
1028089,0
1028090,0
1028091,0
1028092,0
1028093,0
1028094,0
1028095,0
1028096,18
1028097,0
1028098,0
1028099,0
1028100,0
1028101,0
1028102,0
1028103,0
1028104,0
1028105,0
1028106,0
1028107,0
1028108,0
1028109,0
1028110,14
1028111,0
1028112,13
1028113,0
1028114,0
1028115,0
1028116,0
1028117,0
1028118,0
1028119,0
1028120,0
1028121,0
1028122,0
1028123,0
1028124,0
1028125,0
1028126,0
1028127,0
1028128,0
1028129,0
1028130,0
1028131,0
1028132,0
1028133,0
1028134,0
1028135,0
1028136,12
1028137,0
1028138,0
1028139,0
1028140,0
1028141,0
1028142,0
1028143,0
1028144,21
1028145,12
1028146,0
1028147,0
1028148,0
1028149,0
1028150,0
1028151,0
1028152,0
1028153,25
1028154,0
1028155,0
1028156,0
1028157,0
1028158,0
1028159,13
1028160,0
1028161,0
1028162,0
1028163,0
1028164,0
1028165,0
1028166,0
1028167,0
1028168,0
1028169,0
1028170,0
1028171,0
1028172,0
1028173,0
1028174,0
1028175,0
1028176,0
1028177,0
1028178,0
1028179,0
1028180,0
1028181,0
1028182,0
1028183,0
1028184,0
1028185,0
1028186,0
1028187,0
1028188,0
1028189,0
1028190,0
1028191,0
1028192,0
1028193,0
1028194,0
1028195,0
1028196,0
1028197,0
1028198,0
1028199,0
1028200,0
1028201,0
1028202,0
1028203,21
1028204,0
1028205,0
1028206,0
1028207,0
1028208,0
1028209,0
1028210,0
1028211,0
1028212,0
1028213,0
1028214,0
1028215,0
1028216,0
1028217,0
1028218,0
1028219,0
1028220,0
1028221,0
1028222,0
1028223,0
1028224,0
1028225,0
1028226,0
1028227,0
1028228,0
1028229,13
1028230,0
1028231,0
1028232,0
1028233,0
1028234,0
1028235,0
1028236,19
1028237,0
1028238,0
1028239,25
1028240,0
1028241,0
1028242,0
1028243,0
1028244,0
1028245,0
1028246,0
1028247,0
1028248,0
1028249,0
1028250,0
1028251,0
1028252,0
1028253,0
1028254,0
1028255,0
1028256,0
1028257,0
1028258,0
1028259,0
1028260,0
1028261,0
1028262,0
1028263,0
1028264,0
1028265,0
1028266,0
1028267,0
1028268,0
1028269,0
1028270,0
1028271,0
1028272,0
1028273,0
1028274,0
1028275,0
1028276,0
1028277,0
1028278,0
1028279,0
1028280,25
1028281,0
1028282,0
1028283,0
1028284,0
1028285,23
1028286,0
1028287,0
1028288,0
1028289,0
1028290,0
1028291,0
1028292,0
1028293,0
1028294,0
1028295,0
1028296,0
1028297,0
1028298,0
1028299,0
1028300,0
1028301,0
1028302,0
1028303,0
1028304,0
1028305,0
1028306,0
1028307,0
1028308,0
1028309,0
1028310,0
1028311,0
1028312,0
1028313,0
1028314,0
1028315,0
1028316,0
1028317,0
1028318,0
1028319,0
1028320,0
1028321,0
1028322,0
1028323,0
1028324,20
1028325,0
1028326,0
1028327,0
1028328,0
1028329,0
1028330,0
1028331,0
1028332,0
1028333,0
1028334,0
1028335,0
1028336,0
1028337,0
1028338,0
1028339,15
1028340,0
1028341,0
1028342,0
1028343,0
1028344,0
1028345,0
1028346,0
1028347,0
1028348,0
1028349,0
1028350,0
1028351,29
1028352,0
1028353,0
1028354,0
1028355,0
1028356,0
1028357,0
1028358,0
1028359,0
1028360,0
1028361,0
1028362,0
1028363,0
1028364,0
1028365,0
1028366,0
1028367,0
1028368,0
1028369,0
1028370,0
1028371,0
1028372,0
1028373,0
1028374,0
1028375,0
1028376,0
1028377,0
1028378,0
1028379,0
1028380,0
1028381,0
1028382,0
1028383,0
1028384,0
1028385,0
1028386,0
1028387,0
1028388,0
1028389,0
1028390,0
1028391,0
1028392,0
1028393,0
1028394,0
1028395,0
1028396,0
1028397,0
1028398,0
1028399,0
1028400,0
1028401,0
1028402,0
1028403,0
1028404,0
1028405,0
1028406,0
1028407,0
1028408,0
1028409,0
1028410,0
1028411,0
1028412,0
1028413,14
1028414,0
1028415,0
1028416,12
1028417,0
1028418,0
1028419,0
1028420,0
1028421,0
1028422,0
1028423,0
1028424,0
1028425,27
1028426,0
1028427,0
1028428,0
1028429,0
1028430,0
1028431,0
1028432,0
1028433,0
1028434,0
1028435,0
1028436,0
1028437,0
1028438,0
1028439,0
1028440,0
1028441,0
1028442,0
1028443,0
1028444,0
1028445,0
1028446,0
1028447,0
1028448,0
1028449,0
1028450,0
1028451,0
1028452,0
1028453,0
1028454,0
1028455,0
1028456,0
1028457,0
1028458,0
1028459,0
1028460,0
1028461,0
1028462,0
1028463,0
1028464,0
1028465,0
1028466,0
1028467,0
1028468,0
1028469,0
1028470,0
1028471,0
1028472,0
1028473,0
1028474,0
1028475,0
1028476,0
1028477,0
1028478,0
1028479,12
1028480,20
1028481,0
1028482,0
1028483,0
1028484,0
1028485,0
1028486,0
1028487,0
1028488,0
1028489,0
1028490,0
1028491,0
1028492,0
1028493,0
1028494,0
1028495,0
1028496,0
1028497,15
1028498,0
1028499,0
1028500,18
1028501,0
1028502,0
1028503,0
1028504,13
1028505,0
1028506,0
1028507,0
1028508,0
1028509,0
1028510,0
1028511,0
1028512,0
1028513,0
1028514,0
1028515,0
1028516,0
1028517,0
1028518,21
1028519,0
1028520,0
1028521,0
1028522,12
1028523,0
1028524,0
1028525,0
1028526,0
1028527,0
1028528,12
1028529,0
1028530,0
1028531,0
1028532,0
1028533,0
1028534,0
1028535,0
1028536,0
1028537,0
1028538,0
1028539,0
1028540,0
1028541,0
1028542,0
1028543,0
1028544,0
1028545,0
1028546,0
1028547,0
1028548,0
1028549,20
1028550,0
1028551,0
1028552,0
1028553,0
1028554,0
1028555,0
1028556,0
1028557,0
1028558,0
1028559,0
1028560,0
1028561,0
1028562,0
1028563,15
1028564,0
1028565,0
1028566,0
1028567,0
1028568,0
1028569,0
1028570,0
1028571,0
1028572,0
1028573,0
1028574,0
1028575,0
1028576,0
1028577,0
1028578,0
1028579,0
1028580,0
1028581,0
1028582,0
1028583,0
1028584,0
1028585,0
1028586,0
1028587,0
1028588,0
1028589,0
1028590,0
1028591,0
1028592,0
1028593,0
1028594,0
1028595,0
1028596,0
1028597,0
1028598,0
1028599,0
1028600,0
1028601,0
1028602,22
1028603,0
1028604,0
1028605,0
1028606,0
1028607,0
1028608,0
1028609,0
1028610,0
1028611,0
1028612,0
1028613,0
1028614,0
1028615,0
1028616,0
1028617,0
1028618,0
1028619,0
1028620,0
1028621,0
1028622,0
1028623,0
1028624,0
1028625,0
1028626,0
1028627,0
1028628,0
1028629,0
1028630,0
1028631,0
1028632,0
1028633,0
1028634,0
1028635,0
1028636,0
1028637,0
1028638,0
1028639,0
1028640,0
1028641,0
1028642,0
1028643,0
1028644,0
1028645,0
1028646,0
1028647,0
1028648,0
1028649,0
1028650,0
1028651,0
1028652,0
1028653,0
1028654,0
1028655,0
1028656,0
1028657,0
1028658,0
1028659,0
1028660,0
1028661,0
1028662,0
1028663,0
1028664,0
1028665,0
1028666,0
1028667,0
1028668,0
1028669,0
1028670,0
1028671,0
1028672,0
1028673,0
1028674,0
1028675,0
1028676,0
1028677,0
1028678,0
1028679,15
1028680,0
1028681,0
1028682,14
1028683,0
1028684,0
1028685,0
1028686,0
1028687,0
1028688,0
1028689,0
1028690,0
1028691,0
1028692,0
1028693,0
1028694,0
1028695,0
1028696,0
1028697,17
1028698,0
1028699,0
1028700,0
1028701,0
1028702,22
1028703,0
1028704,0
1028705,24
1028706,0
1028707,0
1028708,0
1028709,0
1028710,0
1028711,0
1028712,0
1028713,0
1028714,10
1028715,0
1028716,0
1028717,0
1028718,0
1028719,0
1028720,0
1028721,0
1028722,0
1028723,0
1028724,0
1028725,0
1028726,0
1028727,0
1028728,0
1028729,0
1028730,0
1028731,0
1028732,0
1028733,0
1028734,0
1028735,0
1028736,0
1028737,0
1028738,0
1028739,0
1028740,0
1028741,0
1028742,0
1028743,0
1028744,0
1028745,0
1028746,0
1028747,0
1028748,0
1028749,0
1028750,0
1028751,0
1028752,0
1028753,0
1028754,0
1028755,0
1028756,0
1028757,0
1028758,0
1028759,0
1028760,0
1028761,0
1028762,0
1028763,0
1028764,0
1028765,0
1028766,0
1028767,0
1028768,0
1028769,0
1028770,0
1028771,0
1028772,9
1028773,0
1028774,16
1028775,23
1028776,0
1028777,0
1028778,0
1028779,0
1028780,0
1028781,0
1028782,0
1028783,0
1028784,0
1028785,0
1028786,0
1028787,0
1028788,0
1028789,0
1028790,0
1028791,0
1028792,0
1028793,0
1028794,0
1028795,0
1028796,0
1028797,0
1028798,0
1028799,0
1028800,0
1028801,0
1028802,0
1028803,33
1028804,0
1028805,0
1028806,0
1028807,0
1028808,0
1028809,0
1028810,37
1028811,0
1028812,0
1028813,0
1028814,0
1028815,0
1028816,0
1028817,0
1028818,0
1028819,0
1028820,0
1028821,0
1028822,0
1028823,0
1028824,26
1028825,25
1028826,0
1028827,0
1028828,0
1028829,0
1028830,0
1028831,0
1028832,0
1028833,0
1028834,0
1028835,0
1028836,0
1028837,0
1028838,0
1028839,0
1028840,0
1028841,0
1028842,0
1028843,0
1028844,0
1028845,0
1028846,0
1028847,0
1028848,0
1028849,0
1028850,0
1028851,0
1028852,0
1028853,0
1028854,0
1028855,0
1028856,0
1028857,0
1028858,0
1028859,0
1028860,0
1028861,0
1028862,0
1028863,0
1028864,0
1028865,0
1028866,0
1028867,0
1028868,0
1028869,0
1028870,0
1028871,0
1028872,45
1028873,25
1028874,0
1028875,0
1028876,0
1028877,0
1028878,0
1028879,0
1028880,0
1028881,0
1028882,0
1028883,34
1028884,0
1028885,0
1028886,34
1028887,0
1028888,0
1028889,0
1028890,0
1028891,0
1028892,0
1028893,0
1028894,0
1028895,0
1028896,0
1028897,0
1028898,0
1028899,0
1028900,0
1028901,0
1028902,0
1028903,0
1028904,0
1028905,0
1028906,0
1028907,43
1028908,0
1028909,0
1028910,0
1028911,0
1028912,0
1028913,0
1028914,0
1028915,0
1028916,0
1028917,0
1028918,0
1028919,0
1028920,0
1028921,0
1028922,0
1028923,38
1028924,0
1028925,0
1028926,0
1028927,0
1028928,0
1028929,35
1028930,0
1028931,0
1028932,0
1028933,0
1028934,0
1028935,0
1028936,0
1028937,0
1028938,0
1028939,0
1028940,0
1028941,0
1028942,0
1028943,0
1028944,0
1028945,0
1028946,0
1028947,0
1028948,0
1028949,0
1028950,0
1028951,0
1028952,0
1028953,0
1028954,0
1028955,0
1028956,0
1028957,0
1028958,0
1028959,0
1028960,0
1028961,0
1028962,0
1028963,0
1028964,0
1028965,0
1028966,0
1028967,0
1028968,0
1028969,45
1028970,0
1028971,0
1028972,0
1028973,0
1028974,0
1028975,0
1028976,0
1028977,43
1028978,0
1028979,41
1028980,0
1028981,0
1028982,0
1028983,0
1028984,0
1028985,0
1028986,0
1028987,0
1028988,0
1028989,0
1028990,0
1028991,0
1028992,0
1028993,0
1028994,0
1028995,0
1028996,0
1028997,0
1028998,0
1028999,0
1029000,40
1029001,0
1029002,41
1029003,0
1029004,0
1029005,0
1029006,0
1029007,0
1029008,0
1029009,0
1029010,0
1029011,0
1029012,0
1029013,0
1029014,0
1029015,0
1029016,0
1029017,0
1029018,0
1029019,0
1029020,0
1029021,0
1029022,0
1029023,0
1029024,0
1029025,0
1029026,0
1029027,0
1029028,0
1029029,0
1029030,0
1029031,0
1029032,0
1029033,29
1029034,0
1029035,0
1029036,0
1029037,0
1029038,0
1029039,0
1029040,0
1029041,0
1029042,0
1029043,0
1029044,0
1029045,0
1029046,0
1029047,0
1029048,38
1029049,0
1029050,0
1029051,0
1029052,0
1029053,0
1029054,0
1029055,0
1029056,0
1029057,0
1029058,0
1029059,0
1029060,0
1029061,0
1029062,0
1029063,0
1029064,0
1029065,0
1029066,0
1029067,0
1029068,0
1029069,0
1029070,0
1029071,0
1029072,0
1029073,0
1029074,0
1029075,0
1029076,0
1029077,0
1029078,0
1029079,0
1029080,27
1029081,37
1029082,0
1029083,0
1029084,0
1029085,0
1029086,0
1029087,0
1029088,0
1029089,0
1029090,0
1029091,0
1029092,0
1029093,0
1029094,0
1029095,0
1029096,0
1029097,0
1029098,0
1029099,0
1029100,0
1029101,0
1029102,66
1029103,0
1029104,0
1029105,0
1029106,0
1029107,0
1029108,0
1029109,0
1029110,0
1029111,43
1029112,0
1029113,0
1029114,0
1029115,0
1029116,0
1029117,0
1029118,0
1029119,0
1029120,0
1029121,0
1029122,0
1029123,0
1029124,0
1029125,0
1029126,0
1029127,0
1029128,0
1029129,0
1029130,0
1029131,0
1029132,0
1029133,0
1029134,0
1029135,0
1029136,32
1029137,0
1029138,0
1029139,0
1029140,45
1029141,0
1029142,0
1029143,0
1029144,0
1029145,46
1029146,0
1029147,0
1029148,0
1029149,0
1029150,0
1029151,0
1029152,0
1029153,0
1029154,0
1029155,0
1029156,0
1029157,0
1029158,0
1029159,0
1029160,0
1029161,0
1029162,0
1029163,0
1029164,0
1029165,0
1029166,0
1029167,0
1029168,0
1029169,0
1029170,0
1029171,0
1029172,0
1029173,0
1029174,0
1029175,0
1029176,0
1029177,0
1029178,0
1029179,0
1029180,0
1029181,48
1029182,0
1029183,0
1029184,0
1029185,0
1029186,0
1029187,0
1029188,0
1029189,0
1029190,0
1029191,0
1029192,0
1029193,0
1029194,0
1029195,0
1029196,0
1029197,0
1029198,0
1029199,31
1029200,0
1029201,0
1029202,39
1029203,0
1029204,0
1029205,0
1029206,0
1029207,0
1029208,0
1029209,0
1029210,0
1029211,0
1029212,0
1029213,0
1029214,0
1029215,0
1029216,0
1029217,0
1029218,0
1029219,0
1029220,0
1029221,0
1029222,0
1029223,0
1029224,0
1029225,0
1029226,0
1029227,0
1029228,0
1029229,0
1029230,0
1029231,0
1029232,0
1029233,0
1029234,49
1029235,0
1029236,0
1029237,0
1029238,0
1029239,27
1029240,0
1029241,0
1029242,0
1029243,0
1029244,0
1029245,0
1029246,0
1029247,0
1029248,0
1029249,0
1029250,0
1029251,0
1029252,0
1029253,36
1029254,0
1029255,0
1029256,0
1029257,0
1029258,0
1029259,0
1029260,0
1029261,0
1029262,0
1029263,0
1029264,0
1029265,0
1029266,0
1029267,0
1029268,0
1029269,0
1029270,0
1029271,0
1029272,0
1029273,0
1029274,0
1029275,0
1029276,0
1029277,0
1029278,0
1029279,0
1029280,0
1029281,0
1029282,0
1029283,0
1029284,0
1029285,0
1029286,0
1029287,0
1029288,0
1029289,0
1029290,0
1029291,0
1029292,0
1029293,0
1029294,0
1029295,0
1029296,47
1029297,0
1029298,0
1029299,0
1029300,0
1029301,0
1029302,0
1029303,0
1029304,0
1029305,0
1029306,0
1029307,0
1029308,0
1029309,0
1029310,0
1029311,0
1029312,0
1029313,0
1029314,0
1029315,0
1029316,0
1029317,0
1029318,0
1029319,0
1029320,0
1029321,0
1029322,0
1029323,0
1029324,0
1029325,24
1029326,0
1029327,0
1029328,0
1029329,0
1029330,30
1029331,0
1029332,0
1029333,28
1029334,0
1029335,0
1029336,0
1029337,0
1029338,0
1029339,0
1029340,0
1029341,0
1029342,0
1029343,16
1029344,0
1029345,0
1029346,0
1029347,0
1029348,0
1029349,0
1029350,0
1029351,0
1029352,0
1029353,0
1029354,0
1029355,0
1029356,0
1029357,30
1029358,0
1029359,0
1029360,0
1029361,0
1029362,0
1029363,0
1029364,0
1029365,0
1029366,0
1029367,0
1029368,0
1029369,0
1029370,0
1029371,0
1029372,0
1029373,0
1029374,0
1029375,37
1029376,0
1029377,0
1029378,0
1029379,0
1029380,0
1029381,0
1029382,0
1029383,0
1029384,0
1029385,0
1029386,0
1029387,0
1029388,0
1029389,0
1029390,29
1029391,0
1029392,0
1029393,0
1029394,0
1029395,0
1029396,0
1029397,0
1029398,0
1029399,0
1029400,0
1029401,0
1029402,0
1029403,0
1029404,0
1029405,0
1029406,0
1029407,0
1029408,0
1029409,0
1029410,0
1029411,0
1029412,0
1029413,0
1029414,0
1029415,0
1029416,0
1029417,0
1029418,0
1029419,0
1029420,0
1029421,0
1029422,0
1029423,0
1029424,0
1029425,0
1029426,0
1029427,0
1029428,0
1029429,0
1029430,0
1029431,0
1029432,0
1029433,0
1029434,0
1029435,0
1029436,0
1029437,0
1029438,24
1029439,0
1029440,0
1029441,0
1029442,0
1029443,0
1029444,0
1029445,0
1029446,0
1029447,0
1029448,0
1029449,0
1029450,0
1029451,0
1029452,0
1029453,0
1029454,0
1029455,0
1029456,0
1029457,0
1029458,0
1029459,0
1029460,0
1029461,0
1029462,0
1029463,0
1029464,0
1029465,0
1029466,0
1029467,0
1029468,0
1029469,0
1029470,0
1029471,0
1029472,0
1029473,0
1029474,0
1029475,0
1029476,0
1029477,35
1029478,0
1029479,0
1029480,0
1029481,0
1029482,0
1029483,0
1029484,0
1029485,0
1029486,0
1029487,0
1029488,0
1029489,0
1029490,0
1029491,0
1029492,0
1029493,23
1029494,0
1029495,0
1029496,0
1029497,0
1029498,0
1029499,0
1029500,0
1029501,0
1029502,0
1029503,0
1029504,0
1029505,0
1029506,0
1029507,0
1029508,0
1029509,0
1029510,0
1029511,0
1029512,0
1029513,0
1029514,0
1029515,0
1029516,0
1029517,0
1029518,0
1029519,0
1029520,0
1029521,0
1029522,47
1029523,0
1029524,20
1029525,0
1029526,0
1029527,0
1029528,0
1029529,0
1029530,0
1029531,0
1029532,0
1029533,0
1029534,0
1029535,0
1029536,0
1029537,0
1029538,0
1029539,0
1029540,0
1029541,0
1029542,0
1029543,0
1029544,0
1029545,0
1029546,0
1029547,0
1029548,0
1029549,0
1029550,0
1029551,0
1029552,0
1029553,0
1029554,0
1029555,0
1029556,0
1029557,0
1029558,0
1029559,0
1029560,0
1029561,0
1029562,0
1029563,0
1029564,0
1029565,0
1029566,0
1029567,0
1029568,0
1029569,0
1029570,0
1029571,0
1029572,0
1029573,0
1029574,0
1029575,0
1029576,0
1029577,0
1029578,0
1029579,0
1029580,0
1029581,0
1029582,0
1029583,0
1029584,0
1029585,0
1029586,0
1029587,0
1029588,0
1029589,0
1029590,0
1029591,0
1029592,0
1029593,0
1029594,0
1029595,0
1029596,0
1029597,0
1029598,0
1029599,0
1029600,0
1029601,0
1029602,0
1029603,0
1029604,0
1029605,0
1029606,0
1029607,0
1029608,0
1029609,0
1029610,0
1029611,0
1029612,0
1029613,0
1029614,0
1029615,0
1029616,0
1029617,0
1029618,0
1029619,0
1029620,0
1029621,0
1029622,0
1029623,0
1029624,0
1029625,0
1029626,0
1029627,0
1029628,0
1029629,0
1029630,0
1029631,0
1029632,0
1029633,1
1029634,0
1029635,0
1029636,0
1029637,0
1029638,0
1029639,0
1029640,0
1029641,0
1029642,0
1029643,0
1029644,0
1029645,0
1029646,0
1029647,0
1029648,0
1029649,0
1029650,0
1029651,0
1029652,0
1029653,0
1029654,0
1029655,0
1029656,0
1029657,0
1029658,0
1029659,0
1029660,0
1029661,0
1029662,0
1029663,0
1029664,0
1029665,0
1029666,0
1029667,0
1029668,0
1029669,0
1029670,0
1029671,0
1029672,0
1029673,0
1029674,0
1029675,0
1029676,0
1029677,0
1029678,0
1029679,0
1029680,0
1029681,0
1029682,0
1029683,0
1029684,0
1029685,0
1029686,0
1029687,0
1029688,0
1029689,0
1029690,0
1029691,0
1029692,0
1029693,0
1029694,0
1029695,0
1029696,0
1029697,0
1029698,0
1029699,0
1029700,0
1029701,0
1029702,0
1029703,0
1029704,0
1029705,0
1029706,0
1029707,0
1029708,0
1029709,0
1029710,0
1029711,0
1029712,0
1029713,0
1029714,0
1029715,0
1029716,0
1029717,0
1029718,0
1029719,0
1029720,0
1029721,0
1029722,0
1029723,0
1029724,0
1029725,0
1029726,0
1029727,0
1029728,0
1029729,0
1029730,0
1029731,0
1029732,0
1029733,0
1029734,0
1029735,0
1029736,0
1029737,0
1029738,0
1029739,0
1029740,0
1029741,0
1029742,0
1029743,0
1029744,0
1029745,0
1029746,0
1029747,0
1029748,0
1029749,0
1029750,0
1029751,0
1029752,0
1029753,0
1029754,0
1029755,0
1029756,0
1029757,0
1029758,0
1029759,0
1029760,36
1029761,0
1029762,0
1029763,0
1029764,0
1029765,0
1029766,0
1029767,0
1029768,30
1029769,36
1029770,32
1029771,0
1029772,0
1029773,33
1029774,0
1029775,0
1029776,0
1029777,0
1029778,0
1029779,0
1029780,0
1029781,0
1029782,0
1029783,0
1029784,0
1029785,0
1029786,0
1029787,12
1029788,0
1029789,0
1029790,0
1029791,0
1029792,0
1029793,24
1029794,0
1029795,18
1029796,0
1029797,0
1029798,0
1029799,0
1029800,0
1029801,0
1029802,0
1029803,0
1029804,0
1029805,0
1029806,0
1029807,0
1029808,0
1029809,0
1029810,0
1029811,0
1029812,27
1029813,29
1029814,0
1029815,0
1029816,0
1029817,0
1029818,0
1029819,0
1029820,0
1029821,0
1029822,0
1029823,0
1029824,0
1029825,0
1029826,0
1029827,50
1029828,0
1029829,24
1029830,0
1029831,0
1029832,0
1029833,27
1029834,0
1029835,0
1029836,0
1029837,28
1029838,0
1029839,21
1029840,0
1029841,0
1029842,0
1029843,0
1029844,0
1029845,46
1029846,0
1029847,0
1029848,36
1029849,0
1029850,0
1029851,0
1029852,0
1029853,0
1029854,0
1029855,0
1029856,14
1029857,0
1029858,0
1029859,0
1029860,0
1029861,0
1029862,0
1029863,0
1029864,0
1029865,0
1029866,0
1029867,0
1029868,0
1029869,0
1029870,0
1029871,31
1029872,0
1029873,0
1029874,0
1029875,0
1029876,0
1029877,0
1029878,0
1029879,0
1029880,34
1029881,0
1029882,0
1029883,0
1029884,0
1029885,0
1029886,0
1029887,0
1029888,0
1029889,0
1029890,0
1029891,0
1029892,0
1029893,0
1029894,0
1029895,0
1029896,10
1029897,0
1029898,0
1029899,0
1029900,0
1029901,0
1029902,0
1029903,0
1029904,0
1029905,0
1029906,0
1029907,0
1029908,0
1029909,0
1029910,0
1029911,0
1029912,0
1029913,0
1029914,0
1029915,0
1029916,0
1029917,0
1029918,0
1029919,0
1029920,0
1029921,0
1029922,0
1029923,0
1029924,0
1029925,0
1029926,0
1029927,0
1029928,0
1029929,0
1029930,0
1029931,24
1029932,0
1029933,37
1029934,0
1029935,0
1029936,0
1029937,0
1029938,0
1029939,0
1029940,0
1029941,0
1029942,0
1029943,0
1029944,0
1029945,0
1029946,28
1029947,0
1029948,0
1029949,0
1029950,0
1029951,0
1029952,0
1029953,19
1029954,0
1029955,0
1029956,22
1029957,24
1029958,0
1029959,0
1029960,0
1029961,0
1029962,0
1029963,0
1029964,0
1029965,0
1029966,0
1029967,0
1029968,0
1029969,0
1029970,0
1029971,0
1029972,23
1029973,0
1029974,0
1029975,0
1029976,0
1029977,0
1029978,0
1029979,36
1029980,0
1029981,0
1029982,0
1029983,0
1029984,0
1029985,0
1029986,16
1029987,0
1029988,0
1029989,0
1029990,0
1029991,27
1029992,0
1029993,0
1029994,0
1029995,0
1029996,0
1029997,0
1029998,0
1029999,31
1030000,0
1030001,0
1030002,0
1030003,0
1030004,0
1030005,0
1030006,0
1030007,0
1030008,0
1030009,0
1030010,0
1030011,0
1030012,0
1030013,0
1030014,0
1030015,0
1030016,36
1030017,0
1030018,0
1030019,0
1030020,0
1030021,0
1030022,0
1030023,0
1030024,0
1030025,0
1030026,0
1030027,0
1030028,0
1030029,0
1030030,0
1030031,25
1030032,0
1030033,0
1030034,0
1030035,38
1030036,0
1030037,0
1030038,0
1030039,0
1030040,0
1030041,0
1030042,0
1030043,0
1030044,0
1030045,0
1030046,23
1030047,0
1030048,0
1030049,0
1030050,31
1030051,0
1030052,0
1030053,0
1030054,0
1030055,0
1030056,0
1030057,0
1030058,0
1030059,0
1030060,0
1030061,0
1030062,40
1030063,0
1030064,0
1030065,0
1030066,0
1030067,24
1030068,0
1030069,0
1030070,31
1030071,25
1030072,0
1030073,0
1030074,21
1030075,0
1030076,0
1030077,0
1030078,0
1030079,0
1030080,0
1030081,0
1030082,30
1030083,0
1030084,0
1030085,0
1030086,0
1030087,34
1030088,0
1030089,0
1030090,0
1030091,0
1030092,0
1030093,0
1030094,0
1030095,0
1030096,0
1030097,0
1030098,0
1030099,0
1030100,0
1030101,0
1030102,0
1030103,0
1030104,0
1030105,0
1030106,0
1030107,0
1030108,0
1030109,0
1030110,25
1030111,0
1030112,0
1030113,0
1030114,0
1030115,0
1030116,0
1030117,0
1030118,0
1030119,18
1030120,19
1030121,0
1030122,0
1030123,0
1030124,0
1030125,0
1030126,0
1030127,0
1030128,34
1030129,27
1030130,0
1030131,0
1030132,0
1030133,0
1030134,0
1030135,0
1030136,0
1030137,35
1030138,0
1030139,0
1030140,0
1030141,0
1030142,0
1030143,23
1030144,0
1030145,0
1030146,36
1030147,0
1030148,0
1030149,0
1030150,0
1030151,0
1030152,0
1030153,0
1030154,32
1030155,0
1030156,0
1030157,0
1030158,10
1030159,0
1030160,0
1030161,15
1030162,21
1030163,27
1030164,0
1030165,0
1030166,0
1030167,33
1030168,0
1030169,0
1030170,0
1030171,0
1030172,0
1030173,25
1030174,0
1030175,20
1030176,20
1030177,0
1030178,0
1030179,0
1030180,25
1030181,0
1030182,0
1030183,0
1030184,0
1030185,23
1030186,0
1030187,0
1030188,0
1030189,23
1030190,0
1030191,0
1030192,0
1030193,0
1030194,0
1030195,0
1030196,0
1030197,13
1030198,0
1030199,21
1030200,0
1030201,0
1030202,0
1030203,0
1030204,0
1030205,0
1030206,0
1030207,0
1030208,0
1030209,0
1030210,36
1030211,0
1030212,0
1030213,0
1030214,0
1030215,0
1030216,0
1030217,0
1030218,0
1030219,0
1030220,25
1030221,0
1030222,0
1030223,0
1030224,24
1030225,24
1030226,0
1030227,0
1030228,30
1030229,0
1030230,18
1030231,0
1030232,32
1030233,0
1030234,0
1030235,0
1030236,26
1030237,0
1030238,0
1030239,0
1030240,0
1030241,0
1030242,0
1030243,0
1030244,26
1030245,40
1030246,30
1030247,0
1030248,0
1030249,0
1030250,32
1030251,0
1030252,0
1030253,0
1030254,0
1030255,0
1030256,27
1030257,0
1030258,26
1030259,0
1030260,0
1030261,0
1030262,0
1030263,28
1030264,0
1030265,22
1030266,0
1030267,0
1030268,0
1030269,0
1030270,33
1030271,0
1030272,0
1030273,0
1030274,0
1030275,0
1030276,0
1030277,0
1030278,0
1030279,0
1030280,0
1030281,0
1030282,0
1030283,0
1030284,0
1030285,0
1030286,41
1030287,0
1030288,0
1030289,0
1030290,0
1030291,0
1030292,0
1030293,0
1030294,0
1030295,0
1030296,0
1030297,0
1030298,0
1030299,0
1030300,0
1030301,0
1030302,45
1030303,0
1030304,0
1030305,0
1030306,0
1030307,0
1030308,0
1030309,0
1030310,19
1030311,0
1030312,0
1030313,0
1030314,0
1030315,0
1030316,0
1030317,0
1030318,0
1030319,0
1030320,0
1030321,0
1030322,0
1030323,0
1030324,0
1030325,0
1030326,0
1030327,0
1030328,0
1030329,0
1030330,0
1030331,0
1030332,0
1030333,0
1030334,0
1030335,0
1030336,0
1030337,0
1030338,0
1030339,0
1030340,0
1030341,0
1030342,0
1030343,0
1030344,0
1030345,0
1030346,0
1030347,41
1030348,0
1030349,0
1030350,0
1030351,0
1030352,0
1030353,0
1030354,0
1030355,0
1030356,0
1030357,0
1030358,36
1030359,0
1030360,0
1030361,20
1030362,0
1030363,0
1030364,0
1030365,0
1030366,0
1030367,0
1030368,0
1030369,0
1030370,28
1030371,0
1030372,0
1030373,0
1030374,0
1030375,28
1030376,0
1030377,0
1030378,0
1030379,0
1030380,0
1030381,0
1030382,0
1030383,0
1030384,0
1030385,0
1030386,0
1030387,0
1030388,0
1030389,0
1030390,23
1030391,33
1030392,0
1030393,0
1030394,0
1030395,0
1030396,0
1030397,0
1030398,0
1030399,0
1030400,0
1030401,0
1030402,0
1030403,0
1030404,0
1030405,0
1030406,0
1030407,0
1030408,0
1030409,0
1030410,0
1030411,0
1030412,0
1030413,0
1030414,0
1030415,0
1030416,0
1030417,0
1030418,0
1030419,0
1030420,0
1030421,0
1030422,0
1030423,16
1030424,0
1030425,0
1030426,0
1030427,0
1030428,0
1030429,0
1030430,0
1030431,32
1030432,0
1030433,0
1030434,0
1030435,0
1030436,22
1030437,0
1030438,0
1030439,0
1030440,0
1030441,0
1030442,0
1030443,0
1030444,15
1030445,0
1030446,0
1030447,0
1030448,0
1030449,0
1030450,0
1030451,0
1030452,0
1030453,0
1030454,0
1030455,0
1030456,0
1030457,0
1030458,0
1030459,0
1030460,0
1030461,0
1030462,40
1030463,0
1030464,0
1030465,0
1030466,0
1030467,0
1030468,0
1030469,0
1030470,0
1030471,21
1030472,0
1030473,0
1030474,0
1030475,0
1030476,0
1030477,0
1030478,25
1030479,0
1030480,0
1030481,0
1030482,0
1030483,0
1030484,20
1030485,0
1030486,0
1030487,0
1030488,0
1030489,26
1030490,20
1030491,0
1030492,0
1030493,0
1030494,0
1030495,0
1030496,0
1030497,0
1030498,0
1030499,0
1030500,0
1030501,0
1030502,0
1030503,0
1030504,24
1030505,0
1030506,0
1030507,0
1030508,0
1030509,0
1030510,0
1030511,0
1030512,0
1030513,0
1030514,0
1030515,0
1030516,0
1030517,0
1030518,0
1030519,0
1030520,29
1030521,0
1030522,30
1030523,35
1030524,0
1030525,0
1030526,0
1030527,0
1030528,31
1030529,0
1030530,0
1030531,0
1030532,0
1030533,18
1030534,0
1030535,0
1030536,0
1030537,0
1030538,0
1030539,0
1030540,0
1030541,0
1030542,0
1030543,0
1030544,0
1030545,0
1030546,0
1030547,0
1030548,0
1030549,0
1030550,0
1030551,0
1030552,0
1030553,18
1030554,0
1030555,0
1030556,0
1030557,0
1030558,0
1030559,4
1030560,0
1030561,15
1030562,19
1030563,0
1030564,10
1030565,0
1030566,0
1030567,0
1030568,25
1030569,30
1030570,10
1030571,23
1030572,0
1030573,15
1030574,21
1030575,0
1030576,0
1030577,23
1030578,0
1030579,22
1030580,0
1030581,0
1030582,12
1030583,26
1030584,0
1030585,29
1030586,0
1030587,0
1030588,0
1030589,0
1030590,0
1030591,0
1030592,0
1030593,25
1030594,0
1030595,0
1030596,0
1030597,22
1030598,30
1030599,0
1030600,0
1030601,25
1030602,23
1030603,18
1030604,22
1030605,0
1030606,0
1030607,24
1030608,10
1030609,0
1030610,13
1030611,0
1030612,18
1030613,0
1030614,0
1030615,8
1030616,0
1030617,0
1030618,0
1030619,0
1030620,0
1030621,0
1030622,9
1030623,0
1030624,19
1030625,10
1030626,24
1030627,0
1030628,17
1030629,0
1030630,0
1030631,0
1030632,0
1030633,0
1030634,0
1030635,0
1030636,0
1030637,0
1030638,0
1030639,0
1030640,0
1030641,0
1030642,12
1030643,0
1030644,0
1030645,0
1030646,0
1030647,26
1030648,0
1030649,0
1030650,10
1030651,19
1030652,0
1030653,24
1030654,0
1030655,0
1030656,0
1030657,19
1030658,29
1030659,0
1030660,0
1030661,10
1030662,0
1030663,0
1030664,0
1030665,30
1030666,0
1030667,0
1030668,0
1030669,0
1030670,0
1030671,0
1030672,0
1030673,19
1030674,0
1030675,0
1030676,28
1030677,28
1030678,0
1030679,0
1030680,0
1030681,8
1030682,0
1030683,18
1030684,0
1030685,0
1030686,10
1030687,11
1030688,16
1030689,0
1030690,0
1030691,0
1030692,0
1030693,0
1030694,36
1030695,0
1030696,0
1030697,0
1030698,0
1030699,28
1030700,0
1030701,0
1030702,0
1030703,26
1030704,0
1030705,24
1030706,0
1030707,0
1030708,0
1030709,21
1030710,0
1030711,0
1030712,0
1030713,0
1030714,0
1030715,28
1030716,0
1030717,0
1030718,0
1030719,0
1030720,0
1030721,0
1030722,17
1030723,0
1030724,35
1030725,0
1030726,17
1030727,0
1030728,0
1030729,0
1030730,0
1030731,0
1030732,30
1030733,12
1030734,0
1030735,0
1030736,0
1030737,0
1030738,0
1030739,0
1030740,18
1030741,0
1030742,9
1030743,0
1030744,22
1030745,0
1030746,33
1030747,26
1030748,8
1030749,21
1030750,0
1030751,22
1030752,0
1030753,0
1030754,37
1030755,0
1030756,0
1030757,25
1030758,0
1030759,0
1030760,10
1030761,0
1030762,0
1030763,13
1030764,0
1030765,13
1030766,0
1030767,0
1030768,19
1030769,0
1030770,0
1030771,0
1030772,24
1030773,0
1030774,0
1030775,0
1030776,0
1030777,35
1030778,26
1030779,0
1030780,21
1030781,0
1030782,14
1030783,0
1030784,14
1030785,0
1030786,0
1030787,0
1030788,0
1030789,24
1030790,0
1030791,0
1030792,0
1030793,32
1030794,0
1030795,0
1030796,0
1030797,0
1030798,0
1030799,15
1030800,0
1030801,0
1030802,11
1030803,27
1030804,0
1030805,14
1030806,0
1030807,0
1030808,0
1030809,0
1030810,0
1030811,0
1030812,0
1030813,0
1030814,0
1030815,0
1030816,0
1030817,0
1030818,0
1030819,0
1030820,0
1030821,13
1030822,0
1030823,22
1030824,0
1030825,0
1030826,0
1030827,19
1030828,0
1030829,0
1030830,10
1030831,0
1030832,0
1030833,0
1030834,0
1030835,0
1030836,0
1030837,0
1030838,0
1030839,0
1030840,20
1030841,14
1030842,0
1030843,0
1030844,21
1030845,0
1030846,0
1030847,0
1030848,22
1030849,0
1030850,0
1030851,0
1030852,0
1030853,16
1030854,0
1030855,24
1030856,23
1030857,28
1030858,14
1030859,15
1030860,0
1030861,20
1030862,0
1030863,0
1030864,18
1030865,26
1030866,0
1030867,0
1030868,0
1030869,0
1030870,16
1030871,23
1030872,21
1030873,23
1030874,0
1030875,18
1030876,0
1030877,0
1030878,13
1030879,21
1030880,0
1030881,0
1030882,0
1030883,0
1030884,25
1030885,0
1030886,0
1030887,13
1030888,0
1030889,17
1030890,0
1030891,0
1030892,0
1030893,0
1030894,0
1030895,9
1030896,0
1030897,0
1030898,0
1030899,0
1030900,19
1030901,30
1030902,15
1030903,0
1030904,0
1030905,0
1030906,18
1030907,17
1030908,0
1030909,0
1030910,12
1030911,13
1030912,0
1030913,21
1030914,22
1030915,0
1030916,0
1030917,0
1030918,0
1030919,0
1030920,0
1030921,0
1030922,27
1030923,0
1030924,26
1030925,0
1030926,29
1030927,0
1030928,0
1030929,0
1030930,16
1030931,24
1030932,0
1030933,14
1030934,0
1030935,0
1030936,5
1030937,0
1030938,0
1030939,0
1030940,0
1030941,0
1030942,0
1030943,14
1030944,0
1030945,0
1030946,0
1030947,0
1030948,0
1030949,0
1030950,0
1030951,0
1030952,23
1030953,0
1030954,0
1030955,0
1030956,0
1030957,20
1030958,0
1030959,0
1030960,0
1030961,0
1030962,0
1030963,0
1030964,11
1030965,16
1030966,23
1030967,0
1030968,0
1030969,0
1030970,0
1030971,0
1030972,0
1030973,0
1030974,0
1030975,0
1030976,18
1030977,0
1030978,0
1030979,16
1030980,0
1030981,0
1030982,0
1030983,0
1030984,16
1030985,0
1030986,21
1030987,14
1030988,0
1030989,0
1030990,15
1030991,8
1030992,0
1030993,0
1030994,33
1030995,0
1030996,0
1030997,23
1030998,22
1030999,0
1031000,0
1031001,27
1031002,0
1031003,0
1031004,0
1031005,0
1031006,0
1031007,0
1031008,15
1031009,0
1031010,23
1031011,30
1031012,0
1031013,0
1031014,0
1031015,0
1031016,13
1031017,0
1031018,0
1031019,0
1031020,24
1031021,0
1031022,0
1031023,32
1031024,0
1031025,0
1031026,14
1031027,0
1031028,0
1031029,0
1031030,0
1031031,0
1031032,0
1031033,23
1031034,0
1031035,0
1031036,0
1031037,0
1031038,9
1031039,0
1031040,0
1031041,0
1031042,0
1031043,28
1031044,0
1031045,0
1031046,0
1031047,0
1031048,0
1031049,0
1031050,0
1031051,19
1031052,0
1031053,13
1031054,0
1031055,0
1031056,0
1031057,0
1031058,0
1031059,36
1031060,22
1031061,0
1031062,0
1031063,0
1031064,0
1031065,0
1031066,0
1031067,0
1031068,0
1031069,0
1031070,0
1031071,0
1031072,26
1031073,0
1031074,0
1031075,12
1031076,0
1031077,0
1031078,4
1031079,0
1031080,0
1031081,0
1031082,0
1031083,11
1031084,0
1031085,16
1031086,0
1031087,0
1031088,14
1031089,0
1031090,38
1031091,0
1031092,11
1031093,0
1031094,0
1031095,0
1031096,0
1031097,0
1031098,0
1031099,0
1031100,0
1031101,0
1031102,0
1031103,18
1031104,0
1031105,0
1031106,0
1031107,0
1031108,0
1031109,0
1031110,0
1031111,0
1031112,0
1031113,0
1031114,0
1031115,0
1031116,0
1031117,0
1031118,0
1031119,0
1031120,0
1031121,29
1031122,0
1031123,31
1031124,0
1031125,0
1031126,0
1031127,27
1031128,0
1031129,0
1031130,0
1031131,0
1031132,14
1031133,11
1031134,0
1031135,14
1031136,0
1031137,11
1031138,0
1031139,8
1031140,0
1031141,0
1031142,24
1031143,0
1031144,18
1031145,0
1031146,0
1031147,0
1031148,15
1031149,0
1031150,0
1031151,0
1031152,0
1031153,0
1031154,22
1031155,0
1031156,0
1031157,0
1031158,35
1031159,12
1031160,0
1031161,12
1031162,0
1031163,0
1031164,0
1031165,0
1031166,27
1031167,0
1031168,0
1031169,0
1031170,0
1031171,0
1031172,0
1031173,23
1031174,17
1031175,0
1031176,0
1031177,0
1031178,0
1031179,11
1031180,0
1031181,35
1031182,14
1031183,0
1031184,0
1031185,0
1031186,0
1031187,20
1031188,9
1031189,0
1031190,9
1031191,0
1031192,0
1031193,0
1031194,0
1031195,0
1031196,0
1031197,0
1031198,0
1031199,24
1031200,23
1031201,11
1031202,0
1031203,0
1031204,23
1031205,0
1031206,0
1031207,18
1031208,21
1031209,0
1031210,0
1031211,19
1031212,0
1031213,0
1031214,0
1031215,0
1031216,21
1031217,0
1031218,0
1031219,0
1031220,19
1031221,0
1031222,0
1031223,8
1031224,16
1031225,0
1031226,0
1031227,0
1031228,0
1031229,10
1031230,15
1031231,0
1031232,0
1031233,0
1031234,0
1031235,0
1031236,0
1031237,26
1031238,33
1031239,0
1031240,0
1031241,0
1031242,0
1031243,0
1031244,47
1031245,16
1031246,26
1031247,0
1031248,0
1031249,0
1031250,0
1031251,0
1031252,0
1031253,9
1031254,0
1031255,19
1031256,0
1031257,0
1031258,0
1031259,18
1031260,0
1031261,14
1031262,0
1031263,0
1031264,0
1031265,0
1031266,0
1031267,13
1031268,0
1031269,18
1031270,0
1031271,0
1031272,0
1031273,37
1031274,0
1031275,0
1031276,0
1031277,0
1031278,17
1031279,0
1031280,0
1031281,0
1031282,24
1031283,12
1031284,0
1031285,18
1031286,7
1031287,0
1031288,0
1031289,0
1031290,0
1031291,0
1031292,0
1031293,0
1031294,0
1031295,19
1031296,22
1031297,0
1031298,0
1031299,0
1031300,0
1031301,0
1031302,11
1031303,0
1031304,0
1031305,22
1031306,18
1031307,0
1031308,0
1031309,0
1031310,0
1031311,0
1031312,0
1031313,0
1031314,0
1031315,0
1031316,0
1031317,0
1031318,0
1031319,19
1031320,0
1031321,10
1031322,13
1031323,0
1031324,0
1031325,0
1031326,30
1031327,0
1031328,0
1031329,11
1031330,26
1031331,0
1031332,14
1031333,0
1031334,19
1031335,14
1031336,9
1031337,0
1031338,0
1031339,0
1031340,0
1031341,0
1031342,0
1031343,13
1031344,19
1031345,0
1031346,0
1031347,0
1031348,28
1031349,0
1031350,0
1031351,0
1031352,0
1031353,0
1031354,0
1031355,16
1031356,0
1031357,0
1031358,26
1031359,15
1031360,0
1031361,16
1031362,0
1031363,0
1031364,32
1031365,0
1031366,0
1031367,12
1031368,0
1031369,15
1031370,0
1031371,0
1031372,0
1031373,0
1031374,0
1031375,8
1031376,13
1031377,0
1031378,0
1031379,0
1031380,0
1031381,0
1031382,0
1031383,14
1031384,0
1031385,20
1031386,0
1031387,0
1031388,0
1031389,0
1031390,10
1031391,0
1031392,0
1031393,7
1031394,36
1031395,28
1031396,37
1031397,15
1031398,0
1031399,0
1031400,18
1031401,0
1031402,44
1031403,17
1031404,40
1031405,32
1031406,0
1031407,8
1031408,0
1031409,0
1031410,0
1031411,0
1031412,0
1031413,0
1031414,0
1031415,0
1031416,0
1031417,20
1031418,0
1031419,0
1031420,0
1031421,0
1031422,35
1031423,19
1031424,21
1031425,0
1031426,0
1031427,0
1031428,0
1031429,0
1031430,0
1031431,0
1031432,0
1031433,0
1031434,0
1031435,0
1031436,0
1031437,0
1031438,0
1031439,0
1031440,0
1031441,0
1031442,0
1031443,0
1031444,0
1031445,0
1031446,0
1031447,0
1031448,0
1031449,0
1031450,0
1031451,12
1031452,0
1031453,0
1031454,0
1031455,0
1031456,0
1031457,0
1031458,0
1031459,0
1031460,0
1031461,0
1031462,0
1031463,0
1031464,0
1031465,0
1031466,0
1031467,0
1031468,0
1031469,0
1031470,0
1031471,0
1031472,0
1031473,0
1031474,0
1031475,0
1031476,0
1031477,0
1031478,0
1031479,0
1031480,0
1031481,0
1031482,0
1031483,0
1031484,0
1031485,0
1031486,0
1031487,0
1031488,0
1031489,0
1031490,0
1031491,0
1031492,0
1031493,0
1031494,0
1031495,0
1031496,0
1031497,0
1031498,0
1031499,0
1031500,0
1031501,0
1031502,0
1031503,0
1031504,0
1031505,14
1031506,0
1031507,0
1031508,0
1031509,0
1031510,0
1031511,0
1031512,0
1031513,0
1031514,0
1031515,0
1031516,34
1031517,0
1031518,0
1031519,0
1031520,0
1031521,15
1031522,0
1031523,0
1031524,0
1031525,0
1031526,0
1031527,0
1031528,0
1031529,0
1031530,0
1031531,0
1031532,0
1031533,0
1031534,0
1031535,0
1031536,0
1031537,0
1031538,0
1031539,0
1031540,0
1031541,14
1031542,0
1031543,0
1031544,0
1031545,0
1031546,0
1031547,0
1031548,0
1031549,0
1031550,0
1031551,0
1031552,0
1031553,0
1031554,0
1031555,0
1031556,0
1031557,0
1031558,25
1031559,0
1031560,0
1031561,0
1031562,0
1031563,0
1031564,0
1031565,0
1031566,0
1031567,0
1031568,0
1031569,0
1031570,0
1031571,0
1031572,0
1031573,0
1031574,0
1031575,0
1031576,0
1031577,0
1031578,0
1031579,0
1031580,0
1031581,0
1031582,0
1031583,0
1031584,0
1031585,0
1031586,19
1031587,0
1031588,0
1031589,0
1031590,0
1031591,0
1031592,0
1031593,17
1031594,0
1031595,0
1031596,0
1031597,0
1031598,8
1031599,0
1031600,0
1031601,0
1031602,25
1031603,0
1031604,0
1031605,0
1031606,36
1031607,0
1031608,0
1031609,0
1031610,0
1031611,0
1031612,0
1031613,0
1031614,0
1031615,0
1031616,0
1031617,0
1031618,0
1031619,0
1031620,0
1031621,0
1031622,0
1031623,0
1031624,0
1031625,0
1031626,0
1031627,0
1031628,0
1031629,18
1031630,0
1031631,0
1031632,0
1031633,0
1031634,0
1031635,0
1031636,26
1031637,0
1031638,0
1031639,0
1031640,0
1031641,0
1031642,12
1031643,0
1031644,0
1031645,0
1031646,0
1031647,0
1031648,0
1031649,0
1031650,0
1031651,0
1031652,0
1031653,0
1031654,0
1031655,0
1031656,0
1031657,0
1031658,0
1031659,0
1031660,0
1031661,0
1031662,0
1031663,0
1031664,0
1031665,0
1031666,0
1031667,0
1031668,0
1031669,0
1031670,0
1031671,0
1031672,0
1031673,0
1031674,0
1031675,0
1031676,0
1031677,0
1031678,0
1031679,0
1031680,0
1031681,17
1031682,0
1031683,0
1031684,0
1031685,0
1031686,0
1031687,0
1031688,0
1031689,0
1031690,0
1031691,0
1031692,0
1031693,0
1031694,0
1031695,0
1031696,0
1031697,0
1031698,0
1031699,0
1031700,0
1031701,0
1031702,0
1031703,0
1031704,0
1031705,0
1031706,0
1031707,0
1031708,0
1031709,0
1031710,0
1031711,0
1031712,0
1031713,0
1031714,0
1031715,0
1031716,0
1031717,0
1031718,0
1031719,0
1031720,0
1031721,11
1031722,0
1031723,0
1031724,4
1031725,11
1031726,0
1031727,0
1031728,0
1031729,0
1031730,0
1031731,0
1031732,0
1031733,0
1031734,0
1031735,11
1031736,0
1031737,0
1031738,0
1031739,0
1031740,0
1031741,0
1031742,0
1031743,0
1031744,0
1031745,0
1031746,0
1031747,0
1031748,0
1031749,0
1031750,0
1031751,0
1031752,0
1031753,0
1031754,0
1031755,12
1031756,14
1031757,0
1031758,0
1031759,0
1031760,10
1031761,11
1031762,0
1031763,8
1031764,0
1031765,0
1031766,0
1031767,0
1031768,0
1031769,0
1031770,0
1031771,0
1031772,10
1031773,0
1031774,0
1031775,8
1031776,0
1031777,0
1031778,0
1031779,0
1031780,0
1031781,0
1031782,0
1031783,0
1031784,0
1031785,6
1031786,1
1031787,0
1031788,7
1031789,0
1031790,9
1031791,0
1031792,0
1031793,13
1031794,0
1031795,8
1031796,0
1031797,9
1031798,0
1031799,0
1031800,8
1031801,0
1031802,0
1031803,6
1031804,11
1031805,0
1031806,0
1031807,10
1031808,0
1031809,0
1031810,0
1031811,0
1031812,0
1031813,11
1031814,0
1031815,0
1031816,0
1031817,0
1031818,0
1031819,0
1031820,8
1031821,0
1031822,0
1031823,0
1031824,0
1031825,0
1031826,9
1031827,0
1031828,9
1031829,0
1031830,0
1031831,0
1031832,9
1031833,15
1031834,0
1031835,0
1031836,0
1031837,0
1031838,7
1031839,11
1031840,0
1031841,0
1031842,0
1031843,16
1031844,0
1031845,11
1031846,0
1031847,0
1031848,0
1031849,0
1031850,0
1031851,0
1031852,0
1031853,0
1031854,5
1031855,0
1031856,0
1031857,0
1031858,0
1031859,7
1031860,0
1031861,0
1031862,0
1031863,10
1031864,0
1031865,13
1031866,0
1031867,0
1031868,4
1031869,0
1031870,0
1031871,0
1031872,0
1031873,0
1031874,0
1031875,0
1031876,0
1031877,13
1031878,0
1031879,0
1031880,0
1031881,0
1031882,0
1031883,0
1031884,0
1031885,12
1031886,10
1031887,0
1031888,0
1031889,0
1031890,10
1031891,9
1031892,0
1031893,0
1031894,0
1031895,9
1031896,10
1031897,0
1031898,4
1031899,0
1031900,3
1031901,0
1031902,0
1031903,0
1031904,0
1031905,0
1031906,3
1031907,0
1031908,0
1031909,5
1031910,0
1031911,0
1031912,6
1031913,0
1031914,0
1031915,0
1031916,0
1031917,0
1031918,0
1031919,0
1031920,0
1031921,0
1031922,0
1031923,9
1031924,0
1031925,0
1031926,0
1031927,0
1031928,0
1031929,0
1031930,10
1031931,0
1031932,0
1031933,0
1031934,0
1031935,6
1031936,0
1031937,0
1031938,0
1031939,0
1031940,0
1031941,0
1031942,0
1031943,0
1031944,13
1031945,0
1031946,0
1031947,0
1031948,0
1031949,0
1031950,0
1031951,0
1031952,9
1031953,3
1031954,0
1031955,15
1031956,0
1031957,0
1031958,0
1031959,0
1031960,0
1031961,0
1031962,0
1031963,9
1031964,0
1031965,0
1031966,0
1031967,0
1031968,14
1031969,0
1031970,9
1031971,0
1031972,0
1031973,0
1031974,5
1031975,0
1031976,0
1031977,19
1031978,0
1031979,12
1031980,0
1031981,0
1031982,6
1031983,0
1031984,6
1031985,0
1031986,0
1031987,0
1031988,7
1031989,0
1031990,0
1031991,3
1031992,4
1031993,0
1031994,0
1031995,0
1031996,0
1031997,0
1031998,0
1031999,5
1032000,0
1032001,11
1032002,11
1032003,5
1032004,0
1032005,0
1032006,7
1032007,0
1032008,0
1032009,0
1032010,0
1032011,0
1032012,0
1032013,0
1032014,9
1032015,0
1032016,0
1032017,0
1032018,8
1032019,13
1032020,6
1032021,0
1032022,0
1032023,12
1032024,0
1032025,0
1032026,8
1032027,3
1032028,4
1032029,0
1032030,0
1032031,0
1032032,0
1032033,0
1032034,0
1032035,9
1032036,0
1032037,0
1032038,0
1032039,0
1032040,9
1032041,9
1032042,0
1032043,0
1032044,0
1032045,0
1032046,0
1032047,7
1032048,12
1032049,0
1032050,0
1032051,0
1032052,0
1032053,0
1032054,0
1032055,0
1032056,0
1032057,19
1032058,0
1032059,0
1032060,8
1032061,0
1032062,6
1032063,13
1032064,0
1032065,0
1032066,0
1032067,0
1032068,0
1032069,0
1032070,0
1032071,0
1032072,0
1032073,0
1032074,0
1032075,0
1032076,12
1032077,0
1032078,10
1032079,10
1032080,4
1032081,9
1032082,0
1032083,0
1032084,6
1032085,0
1032086,16
1032087,0
1032088,0
1032089,0
1032090,7
1032091,0
1032092,0
1032093,5
1032094,0
1032095,0
1032096,6
1032097,0
1032098,0
1032099,0
1032100,6
1032101,13
1032102,0
1032103,0
1032104,7
1032105,0
1032106,12
1032107,0
1032108,0
1032109,0
1032110,0
1032111,0
1032112,0
1032113,6
1032114,0
1032115,0
1032116,4
1032117,0
1032118,0
1032119,0
1032120,15
1032121,0
1032122,0
1032123,7
1032124,0
1032125,2
1032126,0
1032127,0
1032128,0
1032129,0
1032130,0
1032131,12
1032132,0
1032133,0
1032134,0
1032135,12
1032136,13
1032137,9
1032138,17
1032139,0
1032140,5
1032141,0
1032142,0
1032143,0
1032144,0
1032145,0
1032146,0
1032147,0
1032148,0
1032149,0
1032150,11
1032151,9
1032152,10
1032153,14
1032154,10
1032155,0
1032156,0
1032157,3
1032158,0
1032159,0
1032160,10
1032161,3
1032162,0
1032163,0
1032164,6
1032165,0
1032166,0
1032167,4
1032168,0
1032169,0
1032170,0
1032171,0
1032172,0
1032173,0
1032174,0
1032175,0
1032176,8
1032177,12
1032178,0
1032179,0
1032180,4
1032181,0
1032182,0
1032183,0
1032184,0
1032185,0
1032186,0
1032187,9
1032188,0
1032189,11
1032190,0
1032191,9
1032192,0
1032193,3
1032194,7
1032195,0
1032196,14
1032197,3
1032198,0
1032199,0
1032200,0
1032201,12
1032202,0
1032203,0
1032204,0
1032205,0
1032206,0
1032207,0
1032208,5
1032209,7
1032210,0
1032211,0
1032212,0
1032213,13
1032214,0
1032215,9
1032216,0
1032217,0
1032218,0
1032219,0
1032220,0
1032221,0
1032222,7
1032223,0
1032224,0
1032225,0
1032226,0
1032227,10
1032228,0
1032229,6
1032230,9
1032231,10
1032232,0
1032233,9
1032234,10
1032235,6
1032236,13
1032237,0
1032238,0
1032239,0
1032240,0
1032241,0
1032242,7
1032243,0
1032244,14
1032245,0
1032246,3
1032247,0
1032248,0
1032249,0
1032250,0
1032251,8
1032252,0
1032253,4
1032254,0
1032255,0
1032256,0
1032257,0
1032258,0
1032259,0
1032260,0
1032261,0
1032262,14
1032263,0
1032264,0
1032265,0
1032266,0
1032267,0
1032268,0
1032269,0
1032270,0
1032271,0
1032272,0
1032273,12
1032274,9
1032275,0
1032276,0
1032277,0
1032278,0
1032279,0
1032280,3
1032281,0
1032282,2
1032283,0
1032284,0
1032285,12
1032286,0
1032287,0
1032288,16
1032289,0
1032290,0
1032291,3
1032292,0
1032293,0
1032294,3
1032295,0
1032296,0
1032297,0
1032298,9
1032299,8
1032300,0
1032301,13
1032302,15
1032303,0
1032304,0
1032305,0
1032306,0
1032307,0
1032308,0
1032309,0
1032310,0
1032311,0
1032312,0
1032313,0
1032314,14
1032315,0
1032316,6
1032317,0
1032318,0
1032319,0
1032320,6
1032321,0
1032322,0
1032323,10
1032324,0
1032325,0
1032326,0
1032327,0
1032328,0
1032329,3
1032330,0
1032331,8
1032332,0
1032333,0
1032334,0
1032335,15
1032336,8
1032337,12
1032338,0
1032339,7
1032340,0
1032341,7
1032342,0
1032343,0
1032344,0
1032345,2
1032346,0
1032347,8
1032348,0
1032349,0
1032350,5
1032351,0
1032352,11
1032353,0
1032354,5
1032355,0
1032356,0
1032357,0
1032358,0
1032359,0
1032360,0
1032361,0
1032362,0
1032363,0
1032364,0
1032365,0
1032366,0
1032367,8
1032368,0
1032369,8
1032370,7
1032371,11
1032372,13
1032373,0
1032374,0
1032375,0
1032376,0
1032377,0
1032378,0
1032379,6
1032380,7
1032381,0
1032382,0
1032383,15
1032384,0
1032385,0
1032386,0
1032387,0
1032388,0
1032389,5
1032390,0
1032391,0
1032392,17
1032393,0
1032394,8
1032395,9
1032396,11
1032397,9
1032398,0
1032399,8
1032400,0
1032401,10
1032402,0
1032403,0
1032404,9
1032405,0
1032406,0
1032407,0
1032408,0
1032409,0
1032410,0
1032411,0
1032412,11
1032413,0
1032414,0
1032415,8
1032416,0
1032417,0
1032418,0
1032419,0
1032420,16
1032421,0
1032422,18
1032423,0
1032424,0
1032425,0
1032426,0
1032427,0
1032428,0
1032429,0
1032430,0
1032431,16
1032432,0
1032433,0
1032434,0
1032435,0
1032436,0
1032437,0
1032438,0
1032439,19
1032440,19
1032441,0
1032442,19
1032443,0
1032444,0
1032445,14
1032446,14
1032447,0
1032448,14
1032449,0
1032450,0
1032451,15
1032452,0
1032453,0
1032454,0
1032455,17
1032456,0
1032457,0
1032458,0
1032459,14
1032460,0
1032461,19
1032462,0
1032463,0
1032464,0
1032465,0
1032466,0
1032467,0
1032468,12
1032469,0
1032470,0
1032471,17
1032472,16
1032473,0
1032474,0
1032475,0
1032476,0
1032477,18
1032478,0
1032479,0
1032480,0
1032481,14
1032482,0
1032483,13
1032484,0
1032485,19
1032486,0
1032487,0
1032488,0
1032489,0
1032490,0
1032491,0
1032492,12
1032493,0
1032494,0
1032495,0
1032496,0
1032497,0
1032498,0
1032499,0
1032500,0
1032501,20
1032502,0
1032503,0
1032504,23
1032505,11
1032506,0
1032507,0
1032508,0
1032509,0
1032510,16
1032511,0
1032512,0
1032513,0
1032514,0
1032515,0
1032516,19
1032517,0
1032518,0
1032519,0
1032520,11
1032521,13
1032522,18
1032523,0
1032524,20
1032525,0
1032526,0
1032527,0
1032528,14
1032529,0
1032530,9
1032531,11
1032532,0
1032533,0
1032534,15
1032535,0
1032536,0
1032537,0
1032538,0
1032539,0
1032540,14
1032541,0
1032542,0
1032543,0
1032544,0
1032545,8
1032546,0
1032547,0
1032548,13
1032549,0
1032550,0
1032551,24
1032552,0
1032553,16
1032554,0
1032555,0
1032556,0
1032557,0
1032558,17
1032559,0
1032560,0
1032561,0
1032562,0
1032563,0
1032564,0
1032565,0
1032566,0
1032567,0
1032568,0
1032569,0
1032570,0
1032571,0
1032572,0
1032573,0
1032574,0
1032575,0
1032576,0
1032577,0
1032578,0
1032579,0
1032580,0
1032581,0
1032582,0
1032583,0
1032584,14
1032585,0
1032586,0
1032587,0
1032588,17
1032589,0
1032590,16
1032591,0
1032592,0
1032593,13
1032594,0
1032595,0
1032596,0
1032597,0
1032598,0
1032599,20
1032600,15
1032601,0
1032602,0
1032603,0
1032604,13
1032605,0
1032606,0
1032607,0
1032608,0
1032609,0
1032610,0
1032611,10
1032612,0
1032613,11
1032614,12
1032615,0
1032616,0
1032617,0
1032618,0
1032619,8
1032620,0
1032621,0
1032622,0
1032623,0
1032624,0
1032625,0
1032626,13
1032627,0
1032628,0
1032629,0
1032630,13
1032631,0
1032632,0
1032633,0
1032634,23
1032635,0
1032636,0
1032637,0
1032638,21
1032639,0
1032640,0
1032641,18
1032642,9
1032643,0
1032644,0
1032645,0
1032646,0
1032647,0
1032648,0
1032649,13
1032650,28
1032651,17
1032652,0
1032653,0
1032654,0
1032655,0
1032656,0
1032657,0
1032658,0
1032659,0
1032660,0
1032661,0
1032662,0
1032663,0
1032664,13
1032665,8
1032666,0
1032667,0
1032668,14
1032669,0
1032670,0
1032671,0
1032672,0
1032673,0
1032674,11
1032675,0
1032676,0
1032677,13
1032678,9
1032679,14
1032680,0
1032681,12
1032682,0
1032683,19
1032684,0
1032685,0
1032686,0
1032687,0
1032688,0
1032689,19
1032690,0
1032691,0
1032692,0
1032693,15
1032694,11
1032695,0
1032696,0
1032697,10
1032698,0
1032699,10
1032700,0
1032701,11
1032702,7
1032703,0
1032704,0
1032705,19
1032706,0
1032707,0
1032708,0
1032709,0
1032710,0
1032711,0
1032712,12
1032713,0
1032714,0
1032715,16
1032716,0
1032717,0
1032718,0
1032719,0
1032720,0
1032721,0
1032722,0
1032723,0
1032724,0
1032725,0
1032726,25
1032727,14
1032728,0
1032729,0
1032730,0
1032731,0
1032732,0
1032733,0
1032734,13
1032735,21
1032736,0
1032737,0
1032738,0
1032739,11
1032740,0
1032741,0
1032742,18
1032743,15
1032744,0
1032745,0
1032746,0
1032747,25
1032748,0
1032749,0
1032750,0
1032751,0
1032752,0
1032753,0
1032754,0
1032755,16
1032756,17
1032757,20
1032758,0
1032759,0
1032760,0
1032761,19
1032762,0
1032763,0
1032764,0
1032765,15
1032766,0
1032767,15
1032768,9
1032769,0
1032770,0
1032771,0
1032772,0
1032773,0
1032774,0
1032775,0
1032776,0
1032777,0
1032778,0
1032779,0
1032780,0
1032781,17
1032782,0
1032783,0
1032784,0
1032785,0
1032786,0
1032787,14
1032788,0
1032789,0
1032790,0
1032791,16
1032792,0
1032793,0
1032794,0
1032795,0
1032796,0
1032797,17
1032798,0
1032799,0
1032800,15
1032801,0
1032802,0
1032803,0
1032804,12
1032805,0
1032806,13
1032807,0
1032808,0
1032809,0
1032810,0
1032811,0
1032812,0
1032813,0
1032814,0
1032815,0
1032816,0
1032817,23
1032818,0
1032819,0
1032820,0
1032821,0
1032822,14
1032823,0
1032824,0
1032825,0
1032826,0
1032827,0
1032828,0
1032829,0
1032830,0
1032831,0
1032832,0
1032833,0
1032834,0
1032835,13
1032836,0
1032837,0
1032838,0
1032839,17
1032840,0
1032841,10
1032842,0
1032843,0
1032844,16
1032845,18
1032846,0
1032847,0
1032848,0
1032849,0
1032850,0
1032851,0
1032852,0
1032853,0
1032854,23
1032855,0
1032856,0
1032857,0
1032858,0
1032859,22
1032860,21
1032861,0
1032862,14
1032863,0
1032864,0
1032865,9
1032866,0
1032867,16
1032868,0
1032869,14
1032870,0
1032871,0
1032872,23
1032873,0
1032874,0
1032875,0
1032876,0
1032877,23
1032878,20
1032879,10
1032880,15
1032881,24
1032882,0
1032883,0
1032884,19
1032885,17
1032886,0
1032887,8
1032888,0
1032889,0
1032890,17
1032891,20
1032892,0
1032893,0
1032894,0
1032895,9
1032896,0
1032897,11
1032898,0
1032899,11
1032900,24
1032901,11
1032902,20
1032903,0
1032904,0
1032905,0
1032906,0
1032907,21
1032908,0
1032909,0
1032910,22
1032911,0
1032912,0
1032913,0
1032914,0
1032915,15
1032916,0
1032917,0
1032918,0
1032919,0
1032920,0
1032921,0
1032922,15
1032923,0
1032924,0
1032925,0
1032926,19
1032927,0
1032928,0
1032929,0
1032930,0
1032931,0
1032932,32
1032933,0
1032934,12
1032935,19
1032936,0
1032937,18
1032938,0
1032939,14
1032940,12
1032941,26
1032942,0
1032943,0
1032944,0
1032945,0
1032946,16
1032947,0
1032948,18
1032949,0
1032950,0
1032951,8
1032952,0
1032953,21
1032954,0
1032955,0
1032956,0
1032957,0
1032958,0
1032959,0
1032960,18
1032961,0
1032962,0
1032963,23
1032964,0
1032965,0
1032966,0
1032967,0
1032968,12
1032969,0
1032970,0
1032971,0
1032972,0
1032973,0
1032974,0
1032975,0
1032976,0
1032977,0
1032978,10
1032979,15
1032980,23
1032981,18
1032982,0
1032983,0
1032984,0
1032985,0
1032986,15
1032987,8
1032988,0
1032989,10
1032990,0
1032991,0
1032992,0
1032993,14
1032994,14
1032995,0
1032996,0
1032997,0
1032998,16
1032999,17
1033000,0
1033001,0
1033002,0
1033003,21
1033004,13
1033005,0
1033006,17
1033007,0
1033008,11
1033009,0
1033010,0
1033011,0
1033012,0
1033013,0
1033014,17
1033015,0
1033016,0
1033017,9
1033018,0
1033019,0
1033020,0
1033021,0
1033022,0
1033023,21
1033024,0
1033025,0
1033026,0
1033027,0
1033028,0
1033029,0
1033030,0
1033031,12
1033032,24
1033033,0
1033034,0
1033035,0
1033036,0
1033037,0
1033038,0
1033039,20
1033040,14
1033041,0
1033042,0
1033043,0
1033044,26
1033045,0
1033046,0
1033047,18
1033048,18
1033049,18
1033050,0
1033051,0
1033052,0
1033053,0
1033054,19
1033055,19
1033056,0
1033057,16
1033058,17
1033059,0
1033060,0
1033061,13
1033062,11
1033063,0
1033064,0
1033065,23
1033066,12
1033067,20
1033068,0
1033069,0
1033070,0
1033071,0
1033072,0
1033073,15
1033074,0
1033075,0
1033076,13
1033077,16
1033078,0
1033079,12
1033080,0
1033081,0
1033082,0
1033083,0
1033084,0
1033085,20
1033086,0
1033087,0
1033088,0
1033089,7
1033090,13
1033091,15
1033092,0
1033093,0
1033094,0
1033095,16
1033096,0
1033097,0
1033098,15
1033099,0
1033100,18
1033101,17
1033102,0
1033103,23
1033104,9
1033105,0
1033106,0
1033107,12
1033108,0
1033109,0
1033110,0
1033111,20
1033112,21
1033113,0
1033114,0
1033115,0
1033116,0
1033117,0
1033118,0
1033119,0
1033120,21
1033121,0
1033122,0
1033123,0
1033124,0
1033125,0
1033126,17
1033127,0
1033128,10
1033129,0
1033130,17
1033131,0
1033132,0
1033133,0
1033134,17
1033135,0
1033136,12
1033137,0
1033138,13
1033139,0
1033140,0
1033141,0
1033142,18
1033143,0
1033144,0
1033145,14
1033146,0
1033147,0
1033148,0
1033149,0
1033150,0
1033151,15
1033152,19
1033153,0
1033154,0
1033155,0
1033156,15
1033157,0
1033158,0
1033159,19
1033160,0
1033161,0
1033162,0
1033163,0
1033164,0
1033165,0
1033166,0
1033167,17
1033168,0
1033169,13
1033170,0
1033171,0
1033172,0
1033173,0
1033174,0
1033175,0
1033176,11
1033177,15
1033178,7
1033179,0
1033180,0
1033181,0
1033182,0
1033183,0
1033184,0
1033185,0
1033186,15
1033187,0
1033188,0
1033189,0
1033190,0
1033191,0
1033192,0
1033193,0
1033194,0
1033195,0
1033196,12
1033197,0
1033198,17
1033199,0
1033200,15
1033201,7
1033202,0
1033203,0
1033204,0
1033205,0
1033206,0
1033207,0
1033208,0
1033209,0
1033210,0
1033211,0
1033212,0
1033213,0
1033214,0
1033215,0
1033216,0
1033217,0
1033218,0
1033219,0
1033220,0
1033221,0
1033222,4
1033223,0
1033224,8
1033225,0
1033226,9
1033227,0
1033228,0
1033229,0
1033230,0
1033231,8
1033232,0
1033233,0
1033234,0
1033235,0
1033236,0
1033237,0
1033238,0
1033239,0
1033240,0
1033241,0
1033242,0
1033243,0
1033244,0
1033245,12
1033246,0
1033247,0
1033248,10
1033249,0
1033250,7
1033251,6
1033252,7
1033253,6
1033254,4
1033255,7
1033256,5
1033257,0
1033258,0
1033259,0
1033260,0
1033261,0
1033262,0
1033263,0
1033264,0
1033265,0
1033266,0
1033267,0
1033268,7
1033269,0
1033270,5
1033271,0
1033272,0
1033273,0
1033274,7
1033275,0
1033276,0
1033277,0
1033278,0
1033279,4
1033280,4
1033281,4
1033282,0
1033283,0
1033284,0
1033285,0
1033286,0
1033287,0
1033288,0
1033289,0
1033290,0
1033291,5
1033292,0
1033293,0
1033294,0
1033295,0
1033296,0
1033297,3
1033298,0
1033299,0
1033300,0
1033301,0
1033302,0
1033303,6
1033304,0
1033305,0
1033306,4
1033307,0
1033308,0
1033309,5
1033310,0
1033311,0
1033312,0
1033313,0
1033314,0
1033315,4
1033316,0
1033317,8
1033318,0
1033319,0
1033320,0
1033321,0
1033322,0
1033323,0
1033324,0
1033325,0
1033326,7
1033327,0
1033328,0
1033329,6
1033330,0
1033331,0
1033332,0
1033333,0
1033334,0
1033335,10
1033336,0
1033337,0
1033338,7
1033339,0
1033340,0
1033341,0
1033342,0
1033343,0
1033344,0
1033345,8
1033346,0
1033347,0
1033348,0
1033349,0
1033350,0
1033351,0
1033352,5
1033353,0
1033354,0
1033355,0
1033356,0
1033357,0
1033358,0
1033359,0
1033360,0
1033361,3
1033362,28
1033363,0
1033364,0
1033365,0
1033366,0
1033367,40
1033368,0
1033369,0
1033370,0
1033371,0
1033372,0
1033373,0
1033374,0
1033375,0
1033376,0
1033377,0
1033378,63
1033379,0
1033380,0
1033381,0
1033382,25
1033383,49
1033384,0
1033385,0
1033386,24
1033387,0
1033388,0
1033389,0
1033390,31
1033391,0
1033392,39
1033393,59
1033394,0
1033395,0
1033396,40
1033397,0
1033398,0
1033399,47
1033400,0
1033401,0
1033402,0
1033403,0
1033404,0
1033405,0
1033406,28
1033407,42
1033408,48
1033409,0
1033410,45
1033411,0
1033412,31
1033413,26
1033414,0
1033415,33
1033416,29
1033417,0
1033418,0
1033419,0
1033420,0
1033421,0
1033422,0
1033423,37
1033424,0
1033425,41
1033426,0
1033427,0
1033428,0
1033429,0
1033430,0
1033431,0
1033432,0
1033433,0
1033434,46
1033435,0
1033436,0
1033437,49
1033438,0
1033439,32
1033440,51
1033441,52
1033442,0
1033443,34
1033444,52
1033445,0
1033446,0
1033447,0
1033448,0
1033449,0
1033450,33
1033451,49
1033452,0
1033453,0
1033454,0
1033455,0
1033456,0
1033457,0
1033458,0
1033459,51
1033460,0
1033461,28
1033462,0
1033463,0
1033464,0
1033465,0
1033466,0
1033467,0
1033468,0
1033469,0
1033470,30
1033471,0
1033472,0
1033473,0
1033474,0
1033475,0
1033476,0
1033477,0
1033478,0
1033479,55
1033480,0
1033481,0
1033482,0
1033483,0
1033484,0
1033485,0
1033486,38
1033487,28
1033488,0
1033489,0
1033490,0
1033491,42
1033492,0
1033493,0
1033494,0
1033495,0
1033496,0
1033497,0
1033498,0
1033499,0
1033500,0
1033501,0
1033502,0
1033503,0
1033504,0
1033505,32
1033506,0
1033507,0
1033508,0
1033509,25
1033510,0
1033511,52
1033512,0
1033513,39
1033514,0
1033515,0
1033516,0
1033517,62
1033518,0
1033519,0
1033520,0
1033521,0
1033522,75
1033523,36
1033524,0
1033525,0
1033526,0
1033527,0
1033528,35
1033529,30
1033530,0
1033531,34
1033532,66
1033533,0
1033534,0
1033535,0
1033536,0
1033537,0
1033538,0
1033539,0
1033540,0
1033541,0
1033542,0
1033543,0
1033544,0
1033545,0
1033546,0
1033547,58
1033548,0
1033549,64
1033550,0
1033551,37
1033552,0
1033553,0
1033554,0
1033555,0
1033556,0
1033557,0
1033558,53
1033559,0
1033560,0
1033561,0
1033562,0
1033563,31
1033564,0
1033565,40
1033566,0
1033567,0
1033568,0
1033569,0
1033570,0
1033571,0
1033572,0
1033573,0
1033574,0
1033575,0
1033576,0
1033577,0
1033578,35
1033579,0
1033580,0
1033581,46
1033582,0
1033583,0
1033584,0
1033585,38
1033586,0
1033587,29
1033588,0
1033589,0
1033590,0
1033591,50
1033592,0
1033593,0
1033594,0
1033595,31
1033596,35
1033597,0
1033598,0
1033599,0
1033600,0
1033601,0
1033602,0
1033603,41
1033604,0
1033605,0
1033606,37
1033607,0
1033608,0
1033609,0
1033610,0
1033611,0
1033612,43
1033613,0
1033614,0
1033615,43
1033616,36
1033617,39
1033618,49
1033619,0
1033620,45
1033621,46
1033622,51
1033623,0
1033624,0
1033625,0
1033626,0
1033627,45
1033628,22
1033629,0
1033630,0
1033631,0
1033632,0
1033633,0
1033634,44
1033635,25
1033636,38
1033637,0
1033638,0
1033639,0
1033640,28
1033641,0
1033642,0
1033643,0
1033644,0
1033645,0
1033646,0
1033647,0
1033648,0
1033649,0
1033650,0
1033651,0
1033652,0
1033653,0
1033654,0
1033655,0
1033656,0
1033657,0
1033658,0
1033659,0
1033660,0
1033661,24
1033662,0
1033663,30
1033664,0
1033665,34
1033666,0
1033667,0
1033668,0
1033669,0
1033670,20
1033671,0
1033672,0
1033673,0
1033674,31
1033675,27
1033676,0
1033677,0
1033678,0
1033679,0
1033680,0
1033681,0
1033682,0
1033683,0
1033684,48
1033685,0
1033686,39
1033687,0
1033688,21
1033689,48
1033690,0
1033691,0
1033692,0
1033693,0
1033694,0
1033695,0
1033696,0
1033697,52
1033698,0
1033699,25
1033700,0
1033701,0
1033702,0
1033703,0
1033704,0
1033705,52
1033706,0
1033707,0
1033708,42
1033709,0
1033710,42
1033711,0
1033712,45
1033713,0
1033714,0
1033715,42
1033716,0
1033717,23
1033718,39
1033719,0
1033720,0
1033721,0
1033722,42
1033723,0
1033724,0
1033725,0
1033726,0
1033727,0
1033728,20
1033729,52
1033730,0
1033731,0
1033732,0
1033733,0
1033734,0
1033735,44
1033736,0
1033737,0
1033738,33
1033739,0
1033740,30
1033741,0
1033742,48
1033743,0
1033744,0
1033745,0
1033746,0
1033747,29
1033748,0
1033749,50
1033750,0
1033751,27
1033752,35
1033753,39
1033754,0
1033755,38
1033756,0
1033757,0
1033758,0
1033759,0
1033760,0
1033761,0
1033762,0
1033763,46
1033764,0
1033765,0
1033766,0
1033767,0
1033768,40
1033769,37
1033770,0
1033771,0
1033772,0
1033773,0
1033774,0
1033775,0
1033776,0
1033777,36
1033778,0
1033779,38
1033780,0
1033781,33
1033782,34
1033783,39
1033784,0
1033785,0
1033786,50
1033787,0
1033788,58
1033789,37
1033790,0
1033791,0
1033792,0
1033793,35
1033794,0
1033795,33
1033796,0
1033797,0
1033798,0
1033799,45
1033800,0
1033801,0
1033802,37
1033803,47
1033804,0
1033805,0
1033806,0
1033807,0
1033808,32
1033809,0
1033810,0
1033811,3
1033812,1
1033813,0
1033814,0
1033815,0
1033816,0
1033817,4
1033818,1
1033819,0
1033820,0
1033821,0
1033822,2
1033823,0
1033824,0
1033825,0
1033826,0
1033827,2
1033828,6
1033829,0
1033830,0
1033831,0
1033832,0
1033833,0
1033834,0
1033835,0
1033836,0
1033837,7
1033838,0
1033839,0
1033840,0
1033841,0
1033842,0
1033843,0
1033844,0
1033845,0
1033846,0
1033847,0
1033848,0
1033849,0
1033850,0
1033851,0
1033852,0
1033853,0
1033854,0
1033855,0
1033856,0
1033857,2
1033858,0
1033859,0
1033860,0
1033861,0
1033862,0
1033863,8
1033864,0
1033865,0
1033866,0
1033867,0
1033868,0
1033869,0
1033870,0
1033871,0
1033872,0
1033873,0
1033874,0
1033875,0
1033876,0
1033877,0
1033878,0
1033879,0
1033880,0
1033881,11
1033882,5
1033883,0
1033884,0
1033885,0
1033886,0
1033887,0
1033888,0
1033889,0
1033890,0
1033891,7
1033892,4
1033893,0
1033894,0
1033895,0
1033896,1
1033897,5
1033898,0
1033899,0
1033900,1
1033901,0
1033902,0
1033903,0
1033904,0
1033905,0
1033906,0
1033907,2
1033908,3
1033909,4
1033910,0
1033911,0
1033912,0
1033913,0
1033914,0
1033915,0
1033916,6
1033917,0
1033918,3
1033919,0
1033920,0
1033921,0
1033922,0
1033923,3
1033924,0
1033925,4
1033926,0
1033927,8
1033928,0
1033929,0
1033930,0
1033931,0
1033932,0
1033933,0
1033934,3
1033935,0
1033936,3
1033937,0
1033938,3
1033939,2
1033940,0
1033941,0
1033942,0
1033943,0
1033944,0
1033945,4
1033946,5
1033947,0
1033948,0
1033949,0
1033950,0
1033951,0
1033952,0
1033953,0
1033954,0
1033955,0
1033956,7
1033957,0
1033958,0
1033959,0
1033960,0
1033961,0
1033962,0
1033963,0
1033964,0
1033965,2
1033966,0
1033967,0
1033968,0
1033969,0
1033970,0
1033971,4
1033972,0
1033973,0
1033974,0
1033975,0
1033976,0
1033977,0
1033978,0
1033979,0
1033980,0
1033981,0
1033982,0
1033983,0
1033984,3
1033985,0
1033986,0
1033987,0
1033988,1
1033989,0
1033990,0
1033991,0
1033992,0
1033993,0
1033994,0
1033995,0
1033996,0
1033997,0
1033998,0
1033999,0
1034000,0
1034001,0
1034002,2
1034003,0
1034004,1
1034005,6
1034006,0
1034007,0
1034008,0
1034009,0
1034010,0
1034011,2
1034012,0
1034013,8
1034014,0
1034015,0
1034016,0
1034017,0
1034018,2
1034019,0
1034020,0
1034021,0
1034022,0
1034023,0
1034024,0
1034025,5
1034026,5
1034027,0
1034028,6
1034029,0
1034030,0
1034031,0
1034032,0
1034033,0
1034034,0
1034035,0
1034036,0
1034037,0
1034038,0
1034039,0
1034040,0
1034041,0
1034042,0
1034043,0
1034044,0
1034045,0
1034046,0
1034047,0
1034048,0
1034049,1
1034050,0
1034051,1
1034052,4
1034053,0
1034054,0
1034055,0
1034056,0
1034057,0
1034058,6
1034059,0
1034060,0
1034061,0
1034062,0
1034063,0
1034064,0
1034065,4
1034066,0
1034067,0
1034068,0
1034069,0
1034070,0
1034071,5
1034072,0
1034073,6
1034074,0
1034075,0
1034076,0
1034077,0
1034078,0
1034079,2
1034080,0
1034081,6
1034082,0
1034083,1
1034084,0
1034085,0
1034086,2
1034087,0
1034088,0
1034089,0
1034090,0
1034091,0
1034092,0
1034093,0
1034094,0
1034095,0
1034096,0
1034097,0
1034098,0
1034099,0
1034100,0
1034101,0
1034102,0
1034103,2
1034104,0
1034105,4
1034106,0
1034107,0
1034108,0
1034109,0
1034110,5
1034111,0
1034112,0
1034113,0
1034114,0
1034115,0
1034116,4
1034117,0
1034118,0
1034119,2
1034120,0
1034121,0
1034122,0
1034123,2
1034124,2
1034125,0
1034126,0
1034127,5
1034128,0
1034129,0
1034130,0
1034131,0
1034132,0
1034133,0
1034134,0
1034135,0
1034136,4
1034137,0
1034138,0
1034139,4
1034140,3
1034141,0
1034142,4
1034143,0
1034144,5
1034145,0
1034146,3
1034147,0
1034148,0
1034149,7
1034150,0
1034151,0
1034152,0
1034153,0
1034154,3
1034155,0
1034156,0
1034157,0
1034158,0
1034159,5
1034160,0
1034161,0
1034162,0
1034163,0
1034164,0
1034165,0
1034166,7
1034167,1
1034168,0
1034169,0
1034170,0
1034171,5
1034172,3
1034173,0
1034174,0
1034175,5
1034176,0
1034177,0
1034178,0
1034179,6
1034180,0
1034181,0
1034182,0
1034183,0
1034184,0
1034185,0
1034186,0
1034187,0
1034188,0
1034189,3
1034190,0
1034191,0
1034192,0
1034193,5
1034194,0
1034195,0
1034196,0
1034197,0
1034198,2
1034199,0
1034200,0
1034201,0
1034202,3
1034203,0
1034204,0
1034205,0
1034206,8
1034207,0
1034208,7
1034209,0
1034210,0
1034211,0
1034212,0
1034213,5
1034214,0
1034215,2
1034216,0
1034217,0
1034218,0
1034219,0
1034220,0
1034221,0
1034222,3
1034223,0
1034224,0
1034225,0
1034226,0
1034227,0
1034228,0
1034229,0
1034230,0
1034231,0
1034232,8
1034233,0
1034234,5
1034235,0
1034236,0
1034237,1
1034238,9
1034239,0
1034240,0
1034241,0
1034242,0
1034243,0
1034244,4
1034245,0
1034246,1
1034247,0
1034248,0
1034249,0
1034250,0
1034251,0
1034252,0
1034253,8
1034254,0
1034255,0
1034256,2
1034257,0
1034258,0
1034259,0
1034260,0
1034261,2
1034262,0
1034263,0
1034264,3
1034265,5
1034266,0
1034267,0
1034268,0
1034269,0
1034270,0
1034271,0
1034272,2
1034273,0
1034274,0
1034275,0
1034276,0
1034277,0
1034278,2
1034279,0
1034280,0
1034281,0
1034282,0
1034283,5
1034284,0
1034285,0
1034286,0
1034287,0
1034288,0
1034289,0
1034290,0
1034291,0
1034292,0
1034293,0
1034294,0
1034295,0
1034296,3
1034297,0
1034298,8
1034299,0
1034300,0
1034301,0
1034302,0
1034303,0
1034304,0
1034305,0
1034306,4
1034307,0
1034308,2
1034309,3
1034310,0
1034311,0
1034312,0
1034313,3
1034314,4
1034315,0
1034316,0
1034317,2
1034318,0
1034319,0
1034320,3
1034321,0
1034322,0
1034323,5
1034324,0
1034325,1
1034326,0
1034327,0
1034328,0
1034329,0
1034330,5
1034331,0
1034332,0
1034333,0
1034334,0
1034335,0
1034336,2
1034337,0
1034338,7
1034339,0
1034340,0
1034341,4
1034342,0
1034343,0
1034344,0
1034345,0
1034346,0
1034347,0
1034348,6
1034349,0
1034350,0
1034351,0
1034352,1
1034353,0
1034354,0
1034355,3
1034356,0
1034357,8
1034358,0
1034359,3
1034360,0
1034361,0
1034362,1
1034363,0
1034364,3
1034365,0
1034366,0
1034367,0
1034368,0
1034369,0
1034370,0
1034371,0
1034372,0
1034373,0
1034374,0
1034375,0
1034376,0
1034377,0
1034378,0
1034379,0
1034380,0
1034381,0
1034382,0
1034383,0
1034384,2
1034385,7
1034386,0
1034387,0
1034388,7
1034389,0
1034390,0
1034391,0
1034392,0
1034393,1
1034394,0
1034395,0
1034396,0
1034397,0
1034398,0
1034399,4
1034400,0
1034401,0
1034402,0
1034403,0
1034404,0
1034405,0
1034406,2
1034407,0
1034408,0
1034409,0
1034410,0
1034411,0
1034412,0
1034413,5
1034414,0
1034415,0
1034416,6
1034417,0
1034418,0
1034419,3
1034420,2
1034421,2
1034422,0
1034423,0
1034424,0
1034425,4
1034426,9
1034427,0
1034428,0
1034429,0
1034430,0
1034431,0
1034432,2
1034433,9
1034434,6
1034435,0
1034436,0
1034437,0
1034438,6
1034439,0
1034440,4
1034441,0
1034442,0
1034443,0
1034444,0
1034445,0
1034446,0
1034447,5
1034448,4
1034449,2
1034450,3
1034451,0
1034452,0
1034453,0
1034454,3
1034455,4
1034456,4
1034457,0
1034458,0
1034459,0
1034460,0
1034461,0
1034462,0
1034463,0
1034464,0
1034465,6
1034466,0
1034467,0
1034468,0
1034469,0
1034470,0
1034471,0
1034472,5
1034473,0
1034474,4
1034475,0
1034476,0
1034477,0
1034478,0
1034479,0
1034480,0
1034481,0
1034482,0
1034483,0
1034484,0
1034485,0
1034486,11
1034487,14
1034488,15
1034489,18
1034490,14
1034491,0
1034492,0
1034493,0
1034494,0
1034495,0
1034496,0
1034497,19
1034498,0
1034499,0
1034500,0
1034501,21
1034502,0
1034503,0
1034504,0
1034505,0
1034506,0
1034507,0
1034508,0
1034509,16
1034510,0
1034511,0
1034512,13
1034513,0
1034514,15
1034515,0
1034516,0
1034517,0
1034518,0
1034519,0
1034520,11
1034521,0
1034522,0
1034523,18
1034524,0
1034525,0
1034526,0
1034527,0
1034528,0
1034529,0
1034530,0
1034531,0
1034532,0
1034533,19
1034534,17
1034535,0
1034536,0
1034537,0
1034538,0
1034539,0
1034540,0
1034541,0
1034542,0
1034543,0
1034544,0
1034545,0
1034546,0
1034547,0
1034548,15
1034549,0
1034550,0
1034551,16
1034552,0
1034553,17
1034554,0
1034555,0
1034556,0
1034557,0
1034558,0
1034559,0
1034560,0
1034561,0
1034562,0
1034563,0
1034564,0
1034565,0
1034566,0
1034567,0
1034568,0
1034569,0
1034570,0
1034571,0
1034572,0
1034573,14
1034574,0
1034575,0
1034576,0
1034577,0
1034578,12
1034579,0
1034580,0
1034581,0
1034582,0
1034583,0
1034584,19
1034585,0
1034586,0
1034587,0
1034588,0
1034589,0
1034590,0
1034591,0
1034592,0
1034593,0
1034594,6
1034595,0
1034596,0
1034597,10
1034598,0
1034599,0
1034600,0
1034601,17
1034602,0
1034603,0
1034604,12
1034605,9
1034606,0
1034607,0
1034608,13
1034609,0
1034610,19
1034611,0
1034612,13
1034613,17
1034614,0
1034615,0
1034616,0
1034617,0
1034618,9
1034619,21
1034620,0
1034621,0
1034622,11
1034623,0
1034624,0
1034625,16
1034626,0
1034627,0
1034628,0
1034629,0
1034630,0
1034631,0
1034632,12
1034633,0
1034634,0
1034635,12
1034636,0
1034637,17
1034638,0
1034639,23
1034640,17
1034641,18
1034642,0
1034643,12
1034644,0
1034645,18
1034646,0
1034647,0
1034648,14
1034649,30
1034650,0
1034651,0
1034652,0
1034653,0
1034654,0
1034655,0
1034656,0
1034657,0
1034658,0
1034659,0
1034660,0
1034661,0
1034662,0
1034663,14
1034664,0
1034665,18
1034666,0
1034667,14
1034668,0
1034669,0
1034670,0
1034671,15
1034672,0
1034673,12
1034674,0
1034675,15
1034676,18
1034677,0
1034678,29
1034679,0
1034680,0
1034681,0
1034682,13
1034683,0
1034684,0
1034685,0
1034686,0
1034687,0
1034688,0
1034689,9
1034690,0
1034691,0
1034692,0
1034693,0
1034694,0
1034695,0
1034696,0
1034697,0
1034698,0
1034699,0
1034700,0
1034701,0
1034702,14
1034703,13
1034704,0
1034705,0
1034706,21
1034707,0
1034708,22
1034709,9
1034710,0
1034711,0
1034712,12
1034713,0
1034714,0
1034715,0
1034716,0
1034717,0
1034718,0
1034719,0
1034720,0
1034721,0
1034722,0
1034723,0
1034724,14
1034725,0
1034726,19
1034727,0
1034728,0
1034729,0
1034730,15
1034731,0
1034732,0
1034733,0
1034734,0
1034735,0
1034736,13
1034737,11
1034738,20
1034739,0
1034740,12
1034741,0
1034742,0
1034743,0
1034744,0
1034745,0
1034746,0
1034747,0
1034748,26
1034749,0
1034750,0
1034751,0
1034752,0
1034753,0
1034754,0
1034755,0
1034756,0
1034757,0
1034758,0
1034759,0
1034760,0
1034761,0
1034762,0
1034763,0
1034764,0
1034765,0
1034766,0
1034767,0
1034768,13
1034769,0
1034770,0
1034771,20
1034772,0
1034773,0
1034774,0
1034775,0
1034776,0
1034777,19
1034778,0
1034779,13
1034780,0
1034781,0
1034782,0
1034783,16
1034784,0
1034785,0
1034786,0
1034787,0
1034788,22
1034789,0
1034790,0
1034791,0
1034792,12
1034793,0
1034794,0
1034795,0
1034796,0
1034797,0
1034798,0
1034799,0
1034800,0
1034801,0
1034802,0
1034803,0
1034804,17
1034805,8
1034806,0
1034807,0
1034808,0
1034809,0
1034810,0
1034811,0
1034812,17
1034813,0
1034814,0
1034815,0
1034816,17
1034817,0
1034818,0
1034819,17
1034820,0
1034821,0
1034822,0
1034823,0
1034824,0
1034825,0
1034826,0
1034827,22
1034828,18
1034829,0
1034830,0
1034831,0
1034832,0
1034833,15
1034834,0
1034835,7
1034836,0
1034837,0
1034838,0
1034839,0
1034840,0
1034841,0
1034842,0
1034843,0
1034844,0
1034845,0
1034846,0
1034847,0
1034848,0
1034849,0
1034850,12
1034851,0
1034852,0
1034853,0
1034854,0
1034855,0
1034856,0
1034857,15
1034858,0
1034859,23
1034860,0
1034861,0
1034862,0
1034863,0
1034864,0
1034865,0
1034866,18
1034867,0
1034868,37
1034869,0
1034870,0
1034871,0
1034872,0
1034873,0
1034874,0
1034875,0
1034876,0
1034877,0
1034878,0
1034879,0
1034880,13
1034881,12
1034882,0
1034883,0
1034884,0
1034885,18
1034886,0
1034887,0
1034888,0
1034889,0
1034890,14
1034891,0
1034892,0
1034893,12
1034894,0
1034895,0
1034896,0
1034897,20
1034898,0
1034899,0
1034900,0
1034901,15
1034902,16
1034903,8
1034904,0
1034905,16
1034906,19
1034907,0
1034908,0
1034909,0
1034910,0
1034911,0
1034912,0
1034913,0
1034914,19
1034915,0
1034916,0
1034917,13
1034918,0
1034919,24
1034920,0
1034921,0
1034922,0
1034923,0
1034924,0
1034925,0
1034926,0
1034927,0
1034928,12
1034929,0
1034930,0
1034931,8
1034932,14
1034933,13
1034934,11
1034935,0
1034936,0
1034937,0
1034938,16
1034939,0
1034940,0
1034941,0
1034942,0
1034943,20
1034944,0
1034945,0
1034946,0
1034947,0
1034948,0
1034949,13
1034950,0
1034951,0
1034952,0
1034953,0
1034954,17
1034955,0
1034956,0
1034957,17
1034958,0
1034959,0
1034960,0
1034961,0
1034962,0
1034963,0
1034964,17
1034965,0
1034966,13
1034967,0
1034968,18
1034969,0
1034970,0
1034971,0
1034972,0
1034973,0
1034974,0
1034975,0
1034976,10
1034977,0
1034978,0
1034979,0
1034980,0
1034981,19
1034982,16
1034983,0
1034984,0
1034985,0
1034986,0
1034987,14
1034988,16
1034989,15
1034990,0
1034991,0
1034992,0
1034993,0
1034994,9
1034995,7
1034996,0
1034997,0
1034998,0
1034999,0
1035000,15
1035001,12
1035002,0
1035003,14
1035004,0
1035005,22
1035006,0
1035007,0
1035008,0
1035009,0
1035010,0
1035011,26
1035012,0
1035013,14
1035014,14
1035015,12
1035016,0
1035017,19
1035018,12
1035019,0
1035020,16
1035021,16
1035022,0
1035023,0
1035024,16
1035025,0
1035026,0
1035027,0
1035028,0
1035029,0
1035030,0
1035031,16
1035032,0
1035033,0
1035034,0
1035035,0
1035036,0
1035037,9
1035038,0
1035039,0
1035040,0
1035041,0
1035042,22
1035043,0
1035044,0
1035045,0
1035046,0
1035047,0
1035048,0
1035049,12
1035050,0
1035051,0
1035052,0
1035053,0
1035054,0
1035055,0
1035056,0
1035057,0
1035058,0
1035059,0
1035060,0
1035061,11
1035062,20
1035063,8
1035064,0
1035065,19
1035066,0
1035067,0
1035068,0
1035069,0
1035070,15
1035071,0
1035072,0
1035073,0
1035074,0
1035075,0
1035076,0
1035077,0
1035078,0
1035079,0
1035080,0
1035081,0
1035082,0
1035083,0
1035084,0
1035085,0
1035086,0
1035087,0
1035088,0
1035089,0
1035090,0
1035091,0
1035092,0
1035093,0
1035094,0
1035095,0
1035096,0
1035097,21
1035098,17
1035099,0
1035100,10
1035101,12
1035102,0
1035103,27
1035104,0
1035105,0
1035106,10
1035107,0
1035108,0
1035109,0
1035110,15
1035111,24
1035112,0
1035113,0
1035114,0
1035115,0
1035116,0
1035117,0
1035118,19
1035119,0
1035120,0
1035121,0
1035122,0
1035123,0
1035124,0
1035125,0
1035126,0
1035127,0
1035128,0
1035129,13
1035130,13
1035131,0
1035132,0
1035133,0
1035134,0
1035135,0
1035136,0
1035137,11
1035138,21
1035139,12
1035140,0
1035141,0
1035142,0
1035143,0
1035144,0
1035145,0
1035146,0
1035147,13
1035148,19
1035149,20
1035150,0
1035151,0
1035152,0
1035153,15
1035154,0
1035155,0
1035156,0
1035157,0
1035158,6
1035159,0
1035160,18
1035161,0
1035162,0
1035163,0
1035164,16
1035165,0
1035166,17
1035167,0
1035168,0
1035169,16
1035170,0
1035171,0
1035172,0
1035173,0
1035174,0
1035175,0
1035176,11
1035177,16
1035178,0
1035179,0
1035180,0
1035181,0
1035182,9
1035183,17
1035184,0
1035185,0
1035186,0
1035187,0
1035188,0
1035189,0
1035190,0
1035191,0
1035192,0
1035193,0
1035194,0
1035195,0
1035196,0
1035197,0
1035198,20
1035199,0
1035200,0
1035201,0
1035202,0
1035203,15
1035204,22
1035205,13
1035206,14
1035207,0
1035208,13
1035209,26
1035210,0
1035211,0
1035212,12
1035213,0
1035214,0
1035215,0
1035216,0
1035217,0
1035218,0
1035219,0
1035220,15
1035221,0
1035222,0
1035223,0
1035224,0
1035225,0
1035226,0
1035227,14
1035228,0
1035229,0
1035230,0
1035231,0
1035232,14
1035233,0
1035234,0
1035235,0
1035236,0
1035237,0
1035238,0
1035239,0
1035240,13
1035241,0
1035242,0
1035243,0
1035244,0
1035245,0
1035246,18
1035247,0
1035248,0
1035249,0
1035250,0
1035251,0
1035252,0
1035253,0
1035254,0
1035255,0
1035256,0
1035257,0
1035258,0
1035259,0
1035260,0
1035261,15
1035262,0
1035263,0
1035264,0
1035265,13
1035266,0
1035267,12
1035268,0
1035269,0
1035270,0
1035271,0
1035272,0
1035273,0
1035274,0
1035275,0
1035276,0
1035277,21
1035278,0
1035279,0
1035280,20
1035281,0
1035282,0
1035283,20
1035284,0
1035285,0
1035286,0
1035287,0
1035288,0
1035289,0
1035290,0
1035291,0
1035292,0
1035293,0
1035294,18
1035295,21
1035296,0
1035297,0
1035298,0
1035299,0
1035300,16
1035301,0
1035302,13
1035303,0
1035304,0
1035305,0
1035306,0
1035307,0
1035308,17
1035309,0
1035310,0
1035311,0
1035312,7
1035313,13
1035314,0
1035315,0
1035316,0
1035317,8
1035318,0
1035319,0
1035320,0
1035321,11
1035322,0
1035323,0
1035324,0
1035325,0
1035326,0
1035327,0
1035328,16
1035329,0
1035330,0
1035331,0
1035332,0
1035333,12
1035334,0
1035335,0
1035336,0
1035337,0
1035338,0
1035339,14
1035340,0
1035341,0
1035342,0
1035343,0
1035344,11
1035345,0
1035346,0
1035347,0
1035348,0
1035349,0
1035350,0
1035351,0
1035352,0
1035353,11
1035354,25
1035355,9
1035356,0
1035357,17
1035358,0
1035359,0
1035360,0
1035361,20
1035362,0
1035363,17
1035364,0
1035365,0
1035366,20
1035367,14
1035368,0
1035369,0
1035370,0
1035371,0
1035372,0
1035373,0
1035374,0
1035375,21
1035376,0
1035377,0
1035378,0
1035379,0
1035380,0
1035381,0
1035382,0
1035383,0
1035384,0
1035385,0
1035386,0
1035387,0
1035388,0
1035389,0
1035390,0
1035391,0
1035392,0
1035393,0
1035394,0
1035395,0
1035396,0
1035397,0
1035398,0
1035399,0
1035400,0
1035401,0
1035402,0
1035403,0
1035404,0
1035405,0
1035406,0
1035407,0
1035408,0
1035409,0
1035410,0
1035411,0
1035412,0
1035413,0
1035414,0
1035415,0
1035416,0
1035417,0
1035418,0
1035419,0
1035420,0
1035421,0
1035422,0
1035423,0
1035424,0
1035425,0
1035426,0
1035427,0
1035428,0
1035429,0
1035430,0
1035431,0
1035432,0
1035433,0
1035434,0
1035435,0
1035436,10
1035437,0
1035438,0
1035439,0
1035440,0
1035441,0
1035442,32
1035443,0
1035444,0
1035445,0
1035446,0
1035447,0
1035448,0
1035449,52
1035450,0
1035451,0
1035452,0
1035453,0
1035454,0
1035455,0
1035456,0
1035457,0
1035458,0
1035459,0
1035460,16
1035461,0
1035462,0
1035463,0
1035464,0
1035465,0
1035466,0
1035467,0
1035468,0
1035469,57
1035470,0
1035471,0
1035472,0
1035473,0
1035474,0
1035475,0
1035476,0
1035477,0
1035478,0
1035479,0
1035480,0
1035481,0
1035482,0
1035483,0
1035484,36
1035485,0
1035486,0
1035487,47
1035488,20
1035489,0
1035490,0
1035491,0
1035492,0
1035493,0
1035494,0
1035495,0
1035496,0
1035497,0
1035498,0
1035499,0
1035500,0
1035501,0
1035502,0
1035503,0
1035504,0
1035505,0
1035506,0
1035507,0
1035508,0
1035509,0
1035510,0
1035511,0
1035512,32
1035513,37
1035514,29
1035515,0
1035516,0
1035517,0
1035518,0
1035519,0
1035520,26
1035521,0
1035522,34
1035523,0
1035524,0
1035525,0
1035526,0
1035527,0
1035528,0
1035529,0
1035530,0
1035531,0
1035532,19
1035533,0
1035534,0
1035535,0
1035536,44
1035537,0
1035538,0
1035539,0
1035540,34
1035541,0
1035542,0
1035543,0
1035544,0
1035545,39
1035546,0
1035547,0
1035548,0
1035549,0
1035550,0
1035551,0
1035552,0
1035553,0
1035554,0
1035555,0
1035556,0
1035557,0
1035558,0
1035559,0
1035560,0
1035561,0
1035562,29
1035563,0
1035564,0
1035565,68
1035566,0
1035567,0
1035568,29
1035569,0
1035570,0
1035571,0
1035572,0
1035573,0
1035574,0
1035575,0
1035576,0
1035577,24
1035578,0
1035579,0
1035580,0
1035581,0
1035582,29
1035583,0
1035584,0
1035585,0
1035586,0
1035587,0
1035588,0
1035589,0
1035590,0
1035591,0
1035592,64
1035593,0
1035594,0
1035595,0
1035596,0
1035597,0
1035598,18
1035599,0
1035600,0
1035601,0
1035602,0
1035603,0
1035604,0
1035605,0
1035606,0
1035607,29
1035608,0
1035609,0
1035610,0
1035611,0
1035612,0
1035613,0
1035614,0
1035615,0
1035616,63
1035617,0
1035618,30
1035619,0
1035620,0
1035621,0
1035622,0
1035623,0
1035624,0
1035625,18
1035626,0
1035627,0
1035628,0
1035629,0
1035630,0
1035631,0
1035632,0
1035633,0
1035634,0
1035635,0
1035636,0
1035637,0
1035638,0
1035639,0
1035640,0
1035641,0
1035642,56
1035643,40
1035644,23
1035645,0
1035646,8
1035647,0
1035648,0
1035649,0
1035650,0
1035651,0
1035652,0
1035653,39
1035654,0
1035655,0
1035656,0
1035657,0
1035658,0
1035659,0
1035660,0
1035661,0
1035662,0
1035663,39
1035664,0
1035665,0
1035666,0
1035667,0
1035668,0
1035669,0
1035670,31
1035671,0
1035672,0
1035673,0
1035674,0
1035675,0
1035676,0
1035677,0
1035678,0
1035679,0
1035680,0
1035681,0
1035682,0
1035683,0
1035684,0
1035685,0
1035686,0
1035687,0
1035688,0
1035689,0
1035690,0
1035691,0
1035692,0
1035693,0
1035694,0
1035695,0
1035696,0
1035697,53
1035698,0
1035699,0
1035700,33
1035701,0
1035702,0
1035703,25
1035704,0
1035705,0
1035706,0
1035707,0
1035708,0
1035709,0
1035710,0
1035711,0
1035712,0
1035713,0
1035714,0
1035715,24
1035716,0
1035717,0
1035718,0
1035719,0
1035720,26
1035721,0
1035722,0
1035723,0
1035724,0
1035725,0
1035726,0
1035727,0
1035728,0
1035729,0
1035730,0
1035731,0
1035732,0
1035733,0
1035734,0
1035735,0
1035736,0
1035737,0
1035738,0
1035739,0
1035740,0
1035741,39
1035742,0
1035743,0
1035744,0
1035745,0
1035746,0
1035747,34
1035748,42
1035749,0
1035750,0
1035751,0
1035752,0
1035753,0
1035754,84
1035755,0
1035756,0
1035757,0
1035758,0
1035759,22
1035760,0
1035761,15
1035762,0
1035763,0
1035764,0
1035765,0
1035766,0
1035767,0
1035768,18
1035769,42
1035770,0
1035771,0
1035772,25
1035773,0
1035774,0
1035775,0
1035776,0
1035777,0
1035778,9
1035779,0
1035780,0
1035781,0
1035782,0
1035783,0
1035784,0
1035785,0
1035786,0
1035787,0
1035788,0
1035789,0
1035790,0
1035791,31
1035792,35
1035793,0
1035794,0
1035795,0
1035796,0
1035797,0
1035798,24
1035799,0
1035800,0
1035801,0
1035802,0
1035803,0
1035804,0
1035805,37
1035806,0
1035807,0
1035808,0
1035809,0
1035810,0
1035811,0
1035812,0
1035813,50
1035814,0
1035815,0
1035816,0
1035817,0
1035818,0
1035819,0
1035820,0
1035821,0
1035822,34
1035823,0
1035824,0
1035825,0
1035826,0
1035827,0
1035828,0
1035829,0
1035830,0
1035831,0
1035832,23
1035833,0
1035834,0
1035835,0
1035836,0
1035837,0
1035838,0
1035839,0
1035840,0
1035841,0
1035842,0
1035843,0
1035844,0
1035845,0
1035846,49
1035847,0
1035848,0
1035849,0
1035850,0
1035851,0
1035852,0
1035853,0
1035854,39
1035855,0
1035856,32
1035857,0
1035858,0
1035859,42
1035860,0
1035861,0
1035862,0
1035863,0
1035864,0
1035865,0
1035866,0
1035867,36
1035868,0
1035869,0
1035870,0
1035871,11
1035872,43
1035873,0
1035874,0
1035875,23
1035876,0
1035877,0
1035878,0
1035879,0
1035880,0
1035881,0
1035882,0
1035883,0
1035884,0
1035885,0
1035886,0
1035887,0
1035888,0
1035889,22
1035890,0
1035891,0
1035892,0
1035893,0
1035894,0
1035895,0
1035896,0
1035897,0
1035898,0
1035899,0
1035900,0
1035901,53
1035902,0
1035903,19
1035904,0
1035905,0
1035906,0
1035907,0
1035908,0
1035909,0
1035910,0
1035911,42
1035912,65
1035913,0
1035914,0
1035915,0
1035916,0
1035917,0
1035918,0
1035919,5
1035920,31
1035921,0
1035922,0
1035923,0
1035924,0
1035925,0
1035926,24
1035927,0
1035928,0
1035929,0
1035930,0
1035931,0
1035932,0
1035933,0
1035934,0
1035935,0
1035936,0
1035937,0
1035938,0
1035939,0
1035940,0
1035941,25
1035942,0
1035943,0
1035944,0
1035945,0
1035946,0
1035947,0
1035948,0
1035949,0
1035950,63
1035951,0
1035952,0
1035953,0
1035954,0
1035955,0
1035956,0
1035957,0
1035958,0
1035959,0
1035960,34
1035961,0
1035962,0
1035963,0
1035964,0
1035965,0
1035966,0
1035967,0
1035968,0
1035969,0
1035970,0
1035971,0
1035972,0
1035973,0
1035974,0
1035975,0
1035976,0
1035977,13
1035978,34
1035979,0
1035980,0
1035981,0
1035982,0
1035983,21
1035984,22
1035985,0
1035986,21
1035987,0
1035988,0
1035989,0
1035990,0
1035991,18
1035992,0
1035993,43
1035994,0
1035995,21
1035996,0
1035997,0
1035998,0
1035999,0
1036000,0
1036001,0
1036002,0
1036003,0
1036004,0
1036005,0
1036006,0
1036007,22
1036008,0
1036009,0
1036010,0
1036011,0
1036012,0
1036013,43
1036014,0
1036015,16
1036016,0
1036017,0
1036018,0
1036019,11
1036020,0
1036021,0
1036022,0
1036023,0
1036024,0
1036025,51
1036026,0
1036027,0
1036028,0
1036029,0
1036030,24
1036031,0
1036032,0
1036033,0
1036034,0
1036035,33
1036036,0
1036037,0
1036038,0
1036039,0
1036040,0
1036041,0
1036042,0
1036043,22
1036044,0
1036045,0
1036046,0
1036047,0
1036048,0
1036049,0
1036050,0
1036051,0
1036052,0
1036053,0
1036054,0
1036055,0
1036056,0
1036057,0
1036058,0
1036059,0
1036060,0
1036061,0
1036062,0
1036063,0
1036064,0
1036065,33
1036066,0
1036067,0
1036068,0
1036069,0
1036070,0
1036071,0
1036072,0
1036073,0
1036074,16
1036075,0
1036076,0
1036077,28
1036078,0
1036079,19
1036080,0
1036081,0
1036082,0
1036083,0
1036084,0
1036085,0
1036086,0
1036087,0
1036088,0
1036089,0
1036090,0
1036091,0
1036092,0
1036093,0
1036094,0
1036095,0
1036096,0
1036097,0
1036098,0
1036099,0
1036100,7
1036101,0
1036102,0
1036103,0
1036104,6
1036105,0
1036106,8
1036107,0
1036108,0
1036109,0
1036110,0
1036111,0
1036112,0
1036113,0
1036114,0
1036115,0
1036116,0
1036117,0
1036118,0
1036119,0
1036120,0
1036121,0
1036122,0
1036123,8
1036124,0
1036125,0
1036126,0
1036127,0
1036128,0
1036129,0
1036130,0
1036131,0
1036132,0
1036133,0
1036134,0
1036135,0
1036136,9
1036137,0
1036138,0
1036139,0
1036140,6
1036141,0
1036142,0
1036143,0
1036144,10
1036145,0
1036146,0
1036147,7
1036148,8
1036149,0
1036150,9
1036151,0
1036152,0
1036153,0
1036154,0
1036155,0
1036156,8
1036157,8
1036158,0
1036159,9
1036160,0
1036161,0
1036162,0
1036163,0
1036164,0
1036165,0
1036166,0
1036167,0
1036168,0
1036169,0
1036170,0
1036171,8
1036172,0
1036173,10
1036174,0
1036175,0
1036176,0
1036177,11
1036178,0
1036179,0
1036180,0
1036181,0
1036182,5
1036183,3
1036184,0
1036185,0
1036186,0
1036187,0
1036188,0
1036189,0
1036190,0
1036191,0
1036192,0
1036193,0
1036194,0
1036195,12
1036196,0
1036197,0
1036198,0
1036199,0
1036200,0
1036201,0
1036202,0
1036203,0
1036204,0
1036205,0
1036206,0
1036207,0
1036208,0
1036209,0
1036210,0
1036211,0
1036212,0
1036213,0
1036214,0
1036215,0
1036216,0
1036217,0
1036218,0
1036219,0
1036220,0
1036221,0
1036222,0
1036223,0
1036224,0
1036225,0
1036226,0
1036227,0
1036228,0
1036229,0
1036230,0
1036231,0
1036232,0
1036233,0
1036234,0
1036235,0
1036236,0
1036237,0
1036238,0
1036239,0
1036240,0
1036241,0
1036242,0
1036243,0
1036244,0
1036245,0
1036246,0
1036247,0
1036248,0
1036249,0
1036250,0
1036251,0
1036252,0
1036253,0
1036254,0
1036255,0
1036256,0
1036257,0
1036258,0
1036259,0
1036260,0
1036261,0
1036262,0
1036263,10
1036264,0
1036265,7
1036266,0
1036267,0
1036268,0
1036269,9
1036270,0
1036271,8
1036272,0
1036273,0
1036274,0
1036275,0
1036276,0
1036277,0
1036278,10
1036279,0
1036280,0
1036281,0
1036282,0
1036283,0
1036284,0
1036285,8
1036286,0
1036287,0
1036288,0
1036289,0
1036290,7
1036291,0
1036292,5
1036293,0
1036294,11
1036295,0
1036296,0
1036297,0
1036298,0
1036299,0
1036300,0
1036301,12
1036302,3
1036303,0
1036304,9
1036305,0
1036306,0
1036307,0
1036308,9
1036309,0
1036310,0
1036311,0
1036312,0
1036313,0
1036314,0
1036315,0
1036316,0
1036317,13
1036318,0
1036319,0
1036320,0
1036321,0
1036322,0
1036323,0
1036324,0
1036325,0
1036326,0
1036327,0
1036328,13
1036329,0
1036330,0
1036331,8
1036332,0
1036333,0
1036334,0
1036335,0
1036336,8
1036337,0
1036338,0
1036339,0
1036340,0
1036341,0
1036342,0
1036343,0
1036344,0
1036345,10
1036346,0
1036347,0
1036348,0
1036349,0
1036350,0
1036351,0
1036352,0
1036353,0
1036354,0
1036355,0
1036356,0
1036357,0
1036358,0
1036359,0
1036360,0
1036361,0
1036362,0
1036363,0
1036364,0
1036365,0
1036366,0
1036367,0
1036368,0
1036369,15
1036370,0
1036371,0
1036372,0
1036373,0
1036374,0
1036375,0
1036376,0
1036377,0
1036378,0
1036379,0
1036380,0
1036381,0
1036382,0
1036383,9
1036384,15
1036385,0
1036386,0
1036387,0
1036388,0
1036389,0
1036390,0
1036391,15
1036392,0
1036393,0
1036394,0
1036395,0
1036396,13
1036397,0
1036398,0
1036399,0
1036400,0
1036401,0
1036402,0
1036403,0
1036404,0
1036405,0
1036406,0
1036407,0
1036408,0
1036409,0
1036410,0
1036411,0
1036412,0
1036413,0
1036414,0
1036415,0
1036416,0
1036417,0
1036418,0
1036419,0
1036420,0
1036421,0
1036422,0
1036423,0
1036424,0
1036425,0
1036426,0
1036427,0
1036428,13
1036429,0
1036430,0
1036431,0
1036432,0
1036433,12
1036434,0
1036435,0
1036436,0
1036437,0
1036438,0
1036439,0
1036440,0
1036441,0
1036442,0
1036443,0
1036444,0
1036445,0
1036446,0
1036447,0
1036448,7
1036449,0
1036450,0
1036451,0
1036452,0
1036453,0
1036454,0
1036455,0
1036456,0
1036457,16
1036458,0
1036459,0
1036460,0
1036461,0
1036462,0
1036463,0
1036464,0
1036465,0
1036466,0
1036467,0
1036468,7
1036469,0
1036470,0
1036471,0
1036472,0
1036473,0
1036474,0
1036475,0
1036476,0
1036477,0
1036478,0
1036479,9
1036480,0
1036481,0
1036482,0
1036483,0
1036484,0
1036485,0
1036486,0
1036487,0
1036488,0
1036489,0
1036490,0
1036491,0
1036492,0
1036493,0
1036494,0
1036495,0
1036496,0
1036497,0
1036498,18
1036499,0
1036500,0
1036501,0
1036502,0
1036503,13
1036504,0
1036505,0
1036506,0
1036507,0
1036508,0
1036509,0
1036510,0
1036511,0
1036512,0
1036513,13
1036514,0
1036515,0
1036516,0
1036517,0
1036518,0
1036519,0
1036520,0
1036521,0
1036522,0
1036523,0
1036524,0
1036525,0
1036526,0
1036527,0
1036528,0
1036529,0
1036530,0
1036531,0
1036532,7
1036533,0
1036534,0
1036535,0
1036536,0
1036537,0
1036538,0
1036539,0
1036540,0
1036541,0
1036542,5
1036543,0
1036544,0
1036545,0
1036546,0
1036547,0
1036548,0
1036549,0
1036550,0
1036551,0
1036552,0
1036553,0
1036554,0
1036555,0
1036556,7
1036557,0
1036558,0
1036559,0
1036560,0
1036561,0
1036562,8
1036563,0
1036564,0
1036565,0
1036566,0
1036567,10
1036568,0
1036569,0
1036570,13
1036571,0
1036572,0
1036573,0
1036574,0
1036575,0
1036576,0
1036577,0
1036578,0
1036579,9
1036580,0
1036581,0
1036582,0
1036583,0
1036584,0
1036585,0
1036586,0
1036587,9
1036588,0
1036589,0
1036590,0
1036591,0
1036592,0
1036593,0
1036594,4
1036595,9
1036596,0
1036597,0
1036598,0
1036599,0
1036600,9
1036601,0
1036602,0
1036603,0
1036604,0
1036605,0
1036606,0
1036607,7
1036608,0
1036609,0
1036610,7
1036611,0
1036612,0
1036613,0
1036614,0
1036615,4
1036616,0
1036617,10
1036618,8
1036619,0
1036620,0
1036621,0
1036622,0
1036623,0
1036624,0
1036625,0
1036626,0
1036627,0
1036628,0
1036629,7
1036630,0
1036631,0
1036632,9
1036633,0
1036634,0
1036635,0
1036636,0
1036637,0
1036638,0
1036639,0
1036640,0
1036641,0
1036642,7
1036643,0
1036644,0
1036645,0
1036646,0
1036647,0
1036648,0
1036649,0
1036650,10
1036651,8
1036652,0
1036653,0
1036654,0
1036655,0
1036656,0
1036657,0
1036658,0
1036659,0
1036660,0
1036661,0
1036662,0
1036663,0
1036664,6
1036665,0
1036666,0
1036667,0
1036668,0
1036669,0
1036670,0
1036671,7
1036672,6
1036673,0
1036674,0
1036675,0
1036676,0
1036677,0
1036678,5
1036679,0
1036680,0
1036681,0
1036682,0
1036683,0
1036684,0
1036685,0
1036686,0
1036687,0
1036688,0
1036689,16
1036690,0
1036691,0
1036692,0
1036693,0
1036694,0
1036695,0
1036696,0
1036697,0
1036698,0
1036699,0
1036700,0
1036701,0
1036702,0
1036703,0
1036704,0
1036705,0
1036706,0
1036707,0
1036708,0
1036709,0
1036710,0
1036711,0
1036712,0
1036713,12
1036714,0
1036715,0
1036716,0
1036717,0
1036718,7
1036719,10
1036720,0
1036721,0
1036722,0
1036723,0
1036724,11
1036725,0
1036726,0
1036727,12
1036728,0
1036729,0
1036730,0
1036731,0
1036732,0
1036733,7
1036734,0
1036735,0
1036736,0
1036737,0
1036738,0
1036739,0
1036740,0
1036741,0
1036742,0
1036743,0
1036744,0
1036745,0
1036746,0
1036747,0
1036748,0
1036749,0
1036750,0
1036751,0
1036752,0
1036753,0
1036754,0
1036755,0
1036756,10
1036757,0
1036758,0
1036759,0
1036760,0
1036761,0
1036762,8
1036763,0
1036764,9
1036765,0
1036766,0
1036767,0
1036768,5
1036769,0
1036770,7
1036771,0
1036772,0
1036773,0
1036774,0
1036775,0
1036776,7
1036777,0
1036778,0
1036779,0
1036780,10
1036781,0
1036782,11
1036783,0
1036784,0
1036785,10
1036786,0
1036787,0
1036788,7
1036789,0
1036790,0
1036791,0
1036792,0
1036793,0
1036794,0
1036795,0
1036796,0
1036797,0
1036798,0
1036799,0
1036800,0
1036801,0
1036802,0
1036803,0
1036804,0
1036805,0
1036806,0
1036807,0
1036808,0
1036809,0
1036810,0
1036811,0
1036812,0
1036813,0
1036814,0
1036815,0
1036816,0
1036817,0
1036818,0
1036819,0
1036820,0
1036821,0
1036822,0
1036823,0
1036824,0
1036825,0
1036826,0
1036827,0
1036828,0
1036829,0
1036830,0
1036831,0
1036832,0
1036833,0
1036834,0
1036835,0
1036836,0
1036837,0
1036838,0
1036839,0
1036840,0
1036841,0
1036842,0
1036843,0
1036844,0
1036845,0
1036846,0
1036847,0
1036848,0
1036849,0
1036850,0
1036851,0
1036852,0
1036853,0
1036854,0
1036855,0
1036856,0
1036857,0
1036858,0
1036859,0
1036860,0
1036861,0
1036862,0
1036863,0
1036864,0
1036865,0
1036866,0
1036867,0
1036868,0
1036869,0
1036870,0
1036871,0
1036872,0
1036873,0
1036874,0
1036875,0
1036876,0
1036877,0
1036878,0
1036879,0
1036880,0
1036881,0
1036882,0
1036883,0
1036884,0
1036885,0
1036886,0
1036887,0
1036888,0
1036889,0
1036890,0
1036891,0
1036892,0
1036893,0
1036894,0
1036895,0
1036896,0
1036897,0
1036898,0
1036899,0
1036900,0
1036901,0
1036902,0
1036903,0
1036904,0
1036905,0
1036906,0
1036907,0
1036908,0
1036909,0
1036910,0
1036911,0
1036912,0
1036913,0
1036914,0
1036915,0
1036916,0
1036917,0
1036918,0
1036919,0
1036920,0
1036921,0
1036922,0
1036923,0
1036924,0
1036925,0
1036926,0
1036927,0
1036928,0
1036929,0
1036930,0
1036931,0
1036932,0
1036933,0
1036934,0
1036935,0
1036936,0
1036937,0
1036938,0
1036939,0
1036940,0
1036941,0
1036942,0
1036943,0
1036944,0
1036945,0
1036946,0
1036947,0
1036948,0
1036949,1
1036950,0
1036951,0
1036952,0
1036953,0
1036954,0
1036955,0
1036956,0
1036957,0
1036958,0
1036959,0
1036960,0
1036961,0
1036962,1
1036963,0
1036964,0
1036965,0
1036966,0
1036967,0
1036968,0
1036969,0
1036970,0
1036971,0
1036972,0
1036973,0
1036974,0
1036975,0
1036976,0
1036977,0
1036978,0
1036979,0
1036980,0
1036981,0
1036982,0
1036983,0
1036984,0
1036985,0
1036986,0
1036987,0
1036988,0
1036989,0
1036990,0
1036991,0
1036992,0
1036993,0
1036994,0
1036995,0
1036996,0
1036997,0
1036998,0
1036999,0
1037000,0
1037001,0
1037002,0
1037003,0
1037004,0
1037005,0
1037006,0
1037007,0
1037008,0
1037009,0
1037010,0
1037011,0
1037012,0
1037013,0
1037014,0
1037015,0
1037016,0
1037017,0
1037018,0
1037019,0
1037020,0
1037021,0
1037022,0
1037023,0
1037024,0
1037025,0
1037026,0
1037027,0
1037028,0
1037029,0
1037030,0
1037031,0
1037032,0
1037033,0
1037034,0
1037035,0
1037036,0
1037037,0
1037038,0
1037039,0
1037040,0
1037041,0
1037042,0
1037043,0
1037044,0
1037045,0
1037046,0
1037047,0
1037048,0
1037049,0
1037050,0
1037051,0
1037052,0
1037053,0
1037054,0
1037055,0
1037056,0
1037057,0
1037058,0
1037059,0
1037060,0
1037061,0
1037062,0
1037063,1
1037064,0
1037065,0
1037066,0
1037067,0
1037068,0
1037069,0
1037070,0
1037071,0
1037072,0
1037073,0
1037074,0
1037075,0
1037076,0
1037077,0
1037078,0
1037079,0
1037080,0
1037081,0
1037082,0
1037083,0
1037084,0
1037085,0
1037086,0
1037087,0
1037088,0
1037089,0
1037090,0
1037091,0
1037092,0
1037093,0
1037094,0
1037095,0
1037096,0
1037097,0
1037098,0
1037099,0
1037100,0
1037101,0
1037102,0
1037103,0
1037104,0
1037105,0
1037106,0
1037107,0
1037108,0
1037109,0
1037110,0
1037111,0
1037112,0
1037113,0
1037114,0
1037115,0
1037116,0
1037117,0
1037118,0
1037119,0
1037120,0
1037121,0
1037122,0
1037123,0
1037124,0
1037125,0
1037126,0
1037127,0
1037128,0
1037129,0
1037130,0
1037131,0
1037132,0
1037133,0
1037134,0
1037135,0
1037136,0
1037137,0
1037138,0
1037139,0
1037140,0
1037141,0
1037142,0
1037143,0
1037144,0
1037145,0
1037146,0
1037147,0
1037148,0
1037149,0
1037150,0
1037151,0
1037152,0
1037153,0
1037154,0
1037155,0
1037156,0
1037157,0
1037158,0
1037159,0
1037160,1
1037161,0
1037162,0
1037163,0
1037164,0
1037165,0
1037166,0
1037167,0
1037168,0
1037169,0
1037170,0
1037171,0
1037172,0
1037173,0
1037174,0
1037175,0
1037176,0
1037177,0
1037178,0
1037179,0
1037180,0
1037181,0
1037182,0
1037183,1
1037184,0
1037185,0
1037186,0
1037187,0
1037188,0
1037189,0
1037190,0
1037191,0
1037192,0
1037193,0
1037194,0
1037195,0
1037196,0
1037197,0
1037198,0
1037199,0
1037200,0
1037201,0
1037202,0
1037203,0
1037204,0
1037205,0
1037206,0
1037207,0
1037208,0
1037209,0
1037210,0
1037211,0
1037212,2
1037213,0
1037214,0
1037215,0
1037216,0
1037217,0
1037218,0
1037219,0
1037220,0
1037221,0
1037222,0
1037223,0
1037224,0
1037225,0
1037226,0
1037227,0
1037228,0
1037229,0
1037230,0
1037231,0
1037232,0
1037233,0
1037234,0
1037235,0
1037236,0
1037237,0
1037238,0
1037239,0
1037240,0
1037241,0
1037242,0
1037243,0
1037244,0
1037245,0
1037246,0
1037247,0
1037248,0
1037249,0
1037250,0
1037251,0
1037252,0
1037253,0
1037254,0
1037255,0
1037256,0
1037257,0
1037258,0
1037259,0
1037260,0
1037261,0
1037262,0
1037263,0
1037264,0
1037265,0
1037266,0
1037267,0
1037268,0
1037269,0
1037270,0
1037271,0
1037272,0
1037273,0
1037274,0
1037275,0
1037276,0
1037277,0
1037278,0
1037279,0
1037280,0
1037281,0
1037282,0
1037283,0
1037284,0
1037285,0
1037286,1
1037287,0
1037288,0
1037289,0
1037290,0
1037291,0
1037292,0
1037293,0
1037294,0
1037295,0
1037296,0
1037297,0
1037298,0
1037299,0
1037300,0
1037301,0
1037302,0
1037303,0
1037304,0
1037305,0
1037306,0
1037307,0
1037308,0
1037309,0
1037310,0
1037311,0
1037312,0
1037313,0
1037314,0
1037315,0
1037316,0
1037317,0
1037318,0
1037319,0
1037320,1
1037321,0
1037322,0
1037323,0
1037324,0
1037325,0
1037326,0
1037327,0
1037328,0
1037329,0
1037330,0
1037331,0
1037332,0
1037333,0
1037334,0
1037335,0
1037336,0
1037337,0
1037338,0
1037339,0
1037340,0
1037341,0
1037342,0
1037343,0
1037344,0
1037345,0
1037346,0
1037347,0
1037348,0
1037349,0
1037350,0
1037351,0
1037352,0
1037353,0
1037354,0
1037355,1
1037356,0
1037357,0
1037358,0
1037359,0
1037360,0
1037361,0
1037362,0
1037363,0
1037364,0
1037365,0
1037366,0
1037367,0
1037368,0
1037369,0
1037370,0
1037371,0
1037372,0
1037373,0
1037374,0
1037375,0
1037376,0
1037377,0
1037378,0
1037379,0
1037380,0
1037381,0
1037382,0
1037383,0
1037384,0
1037385,0
1037386,0
1037387,0
1037388,0
1037389,0
1037390,0
1037391,0
1037392,0
1037393,0
1037394,0
1037395,0
1037396,0
1037397,0
1037398,0
1037399,0
1037400,0
1037401,0
1037402,0
1037403,0
1037404,0
1037405,0
1037406,1
1037407,0
1037408,0
1037409,0
1037410,0
1037411,0
1037412,0
1037413,0
1037414,0
1037415,0
1037416,0
1037417,0
1037418,0
1037419,0
1037420,0
1037421,0
1037422,0
1037423,0
1037424,0
1037425,0
1037426,0
1037427,0
1037428,0
1037429,0
1037430,0
1037431,0
1037432,0
1037433,0
1037434,0
1037435,0
1037436,0
1037437,0
1037438,0
1037439,0
1037440,0
1037441,0
1037442,0
1037443,0
1037444,0
1037445,0
1037446,0
1037447,0
1037448,0
1037449,0
1037450,0
1037451,0
1037452,1
1037453,0
1037454,0
1037455,0
1037456,1
1037457,0
1037458,0
1037459,0
1037460,0
1037461,0
1037462,0
1037463,0
1037464,0
1037465,0
1037466,0
1037467,0
1037468,0
1037469,0
1037470,0
1037471,0
1037472,0
1037473,0
1037474,0
1037475,0
1037476,0
1037477,0
1037478,0
1037479,0
1037480,0
1037481,0
1037482,0
1037483,0
1037484,0
1037485,0
1037486,0
1037487,0
1037488,0
1037489,0
1037490,0
1037491,0
1037492,0
1037493,0
1037494,0
1037495,0
1037496,0
1037497,0
1037498,0
1037499,0
1037500,0
1037501,0
1037502,0
1037503,0
1037504,0
1037505,0
1037506,0
1037507,0
1037508,0
1037509,0
1037510,0
1037511,0
1037512,0
1037513,0
1037514,0
1037515,0
1037516,0
1037517,0
1037518,0
1037519,0
1037520,0
1037521,0
1037522,0
1037523,0
1037524,0
1037525,0
1037526,0
1037527,0
1037528,0
1037529,0
1037530,0
1037531,0
1037532,0
1037533,0
1037534,0
1037535,0
1037536,0
1037537,0
1037538,0
1037539,0
1037540,0
1037541,0
1037542,0
1037543,0
1037544,0
1037545,0
1037546,0
1037547,1
1037548,0
1037549,0
1037550,0
1037551,0
1037552,0
1037553,0
1037554,0
1037555,0
1037556,0
1037557,0
1037558,0
1037559,0
1037560,0
1037561,0
1037562,0
1037563,0
1037564,0
1037565,0
1037566,0
1037567,0
1037568,0
1037569,0
1037570,0
1037571,0
1037572,0
1037573,0
1037574,0
1037575,0
1037576,0
1037577,0
1037578,0
1037579,0
1037580,0
1037581,0
1037582,0
1037583,0
1037584,0
1037585,0
1037586,0
1037587,0
1037588,0
1037589,0
1037590,0
1037591,0
1037592,0
1037593,0
1037594,0
1037595,0
1037596,0
1037597,0
1037598,0
1037599,0
1037600,0
1037601,0
1037602,0
1037603,0
1037604,0
1037605,0
1037606,0
1037607,0
1037608,0
1037609,0
1037610,0
1037611,0
1037612,0
1037613,0
1037614,0
1037615,0
1037616,0
1037617,0
1037618,0
1037619,0
1037620,0
1037621,0
1037622,0
1037623,0
1037624,0
1037625,0
1037626,0
1037627,0
1037628,0
1037629,0
1037630,0
1037631,0
1037632,0
1037633,0
1037634,0
1037635,0
1037636,0
1037637,0
1037638,0
1037639,0
1037640,0
1037641,0
1037642,0
1037643,0
1037644,0
1037645,0
1037646,0
1037647,0
1037648,0
1037649,0
1037650,0
1037651,0
1037652,0
1037653,0
1037654,0
1037655,0
1037656,0
1037657,0
1037658,0
1037659,0
1037660,0
1037661,0
1037662,0
1037663,0
1037664,0
1037665,0
1037666,0
1037667,0
1037668,0
1037669,0
1037670,0
1037671,1
1037672,0
1037673,0
1037674,0
1037675,0
1037676,0
1037677,0
1037678,1
1037679,0
1037680,0
1037681,0
1037682,0
1037683,0
1037684,0
1037685,0
1037686,0
1037687,0
1037688,0
1037689,0
1037690,0
1037691,0
1037692,0
1037693,0
1037694,0
1037695,0
1037696,0
1037697,0
1037698,0
1037699,0
1037700,0
1037701,0
1037702,0
1037703,0
1037704,0
1037705,0
1037706,0
1037707,0
1037708,0
1037709,0
1037710,0
1037711,0
1037712,0
1037713,0
1037714,0
1037715,0
1037716,0
1037717,0
1037718,0
1037719,0
1037720,0
1037721,0
1037722,0
1037723,0
1037724,0
1037725,0
1037726,0
1037727,0
1037728,0
1037729,0
1037730,0
1037731,1
1037732,0
1037733,0
1037734,0
1037735,0
1037736,0
1037737,0
1037738,0
1037739,0
1037740,0
1037741,0
1037742,0
1037743,0
1037744,0
1037745,0
1037746,1
1037747,0
1037748,0
1037749,0
1037750,0
1037751,0
1037752,0
1037753,0
1037754,0
1037755,0
1037756,0
1037757,0
1037758,0
1037759,0
1037760,0
1037761,0
1037762,0
1037763,0
1037764,0
1037765,0
1037766,0
1037767,0
1037768,0
1037769,0
1037770,0
1037771,0
1037772,0
1037773,0
1037774,0
1037775,0
1037776,0
1037777,0
1037778,32
1037779,0
1037780,0
1037781,0
1037782,0
1037783,31
1037784,0
1037785,0
1037786,28
1037787,0
1037788,45
1037789,36
1037790,32
1037791,24
1037792,0
1037793,0
1037794,44
1037795,0
1037796,0
1037797,0
1037798,0
1037799,0
1037800,0
1037801,0
1037802,0
1037803,0
1037804,25
1037805,0
1037806,0
1037807,40
1037808,0
1037809,0
1037810,0
1037811,0
1037812,28
1037813,32
1037814,0
1037815,41
1037816,0
1037817,0
1037818,0
1037819,0
1037820,48
1037821,0
1037822,0
1037823,30
1037824,32
1037825,44
1037826,0
1037827,48
1037828,0
1037829,0
1037830,30
1037831,51
1037832,47
1037833,0
1037834,0
1037835,0
1037836,0
1037837,24
1037838,0
1037839,0
1037840,0
1037841,0
1037842,0
1037843,0
1037844,0
1037845,0
1037846,47
1037847,23
1037848,0
1037849,35
1037850,46
1037851,0
1037852,0
1037853,40
1037854,55
1037855,0
1037856,0
1037857,45
1037858,0
1037859,0
1037860,0
1037861,0
1037862,0
1037863,0
1037864,0
1037865,49
1037866,0
1037867,0
1037868,0
1037869,0
1037870,36
1037871,0
1037872,0
1037873,0
1037874,0
1037875,0
1037876,0
1037877,0
1037878,0
1037879,0
1037880,0
1037881,0
1037882,40
1037883,45
1037884,0
1037885,0
1037886,0
1037887,0
1037888,0
1037889,0
1037890,0
1037891,0
1037892,37
1037893,0
1037894,0
1037895,0
1037896,0
1037897,0
1037898,0
1037899,0
1037900,29
1037901,44
1037902,0
1037903,46
1037904,0
1037905,0
1037906,37
1037907,0
1037908,0
1037909,0
1037910,0
1037911,29
1037912,0
1037913,0
1037914,0
1037915,0
1037916,0
1037917,0
1037918,0
1037919,0
1037920,0
1037921,0
1037922,0
1037923,43
1037924,0
1037925,0
1037926,0
1037927,0
1037928,0
1037929,0
1037930,0
1037931,0
1037932,55
1037933,0
1037934,0
1037935,39
1037936,27
1037937,0
1037938,0
1037939,0
1037940,0
1037941,0
1037942,27
1037943,0
1037944,0
1037945,51
1037946,0
1037947,25
1037948,0
1037949,0
1037950,0
1037951,45
1037952,0
1037953,0
1037954,0
1037955,0
1037956,0
1037957,46
1037958,0
1037959,0
1037960,0
1037961,0
1037962,0
1037963,0
1037964,0
1037965,0
1037966,26
1037967,36
1037968,28
1037969,0
1037970,37
1037971,0
1037972,0
1037973,0
1037974,40
1037975,25
1037976,25
1037977,34
1037978,31
1037979,0
1037980,21
1037981,40
1037982,0
1037983,44
1037984,0
1037985,0
1037986,0
1037987,0
1037988,0
1037989,0
1037990,23
1037991,37
1037992,0
1037993,30
1037994,0
1037995,0
1037996,29
1037997,0
1037998,0
1037999,0
1038000,51
1038001,0
1038002,0
1038003,0
1038004,37
1038005,0
1038006,0
1038007,0
1038008,17
1038009,0
1038010,0
1038011,0
1038012,0
1038013,0
1038014,48
1038015,0
1038016,0
1038017,0
1038018,0
1038019,0
1038020,0
1038021,0
1038022,0
1038023,29
1038024,0
1038025,0
1038026,0
1038027,0
1038028,0
1038029,0
1038030,0
1038031,0
1038032,34
1038033,0
1038034,0
1038035,59
1038036,0
1038037,38
1038038,45
1038039,44
1038040,0
1038041,0
1038042,0
1038043,0
1038044,0
1038045,33
1038046,0
1038047,0
1038048,0
1038049,0
1038050,0
1038051,0
1038052,0
1038053,0
1038054,0
1038055,0
1038056,0
1038057,0
1038058,0
1038059,0
1038060,44
1038061,0
1038062,29
1038063,0
1038064,33
1038065,58
1038066,0
1038067,0
1038068,0
1038069,35
1038070,0
1038071,0
1038072,0
1038073,0
1038074,0
1038075,0
1038076,0
1038077,0
1038078,0
1038079,0
1038080,0
1038081,0
1038082,0
1038083,0
1038084,45
1038085,0
1038086,0
1038087,35
1038088,0
1038089,0
1038090,0
1038091,0
1038092,41
1038093,36
1038094,0
1038095,0
1038096,0
1038097,0
1038098,0
1038099,24
1038100,42
1038101,0
1038102,27
1038103,0
1038104,0
1038105,41
1038106,0
1038107,36
1038108,0
1038109,27
1038110,0
1038111,0
1038112,0
1038113,0
1038114,0
1038115,0
1038116,0
1038117,0
1038118,43
1038119,0
1038120,24
1038121,0
1038122,21
1038123,0
1038124,0
1038125,0
1038126,0
1038127,0
1038128,0
1038129,33
1038130,0
1038131,26
1038132,0
1038133,0
1038134,34
1038135,0
1038136,0
1038137,0
1038138,0
1038139,0
1038140,0
1038141,0
1038142,0
1038143,0
1038144,0
1038145,0
1038146,0
1038147,25
1038148,43
1038149,41
1038150,26
1038151,37
1038152,37
1038153,0
1038154,0
1038155,39
1038156,0
1038157,36
1038158,0
1038159,0
1038160,24
1038161,37
1038162,49
1038163,0
1038164,0
1038165,0
1038166,0
1038167,37
1038168,0
1038169,0
1038170,0
1038171,0
1038172,0
1038173,45
1038174,0
1038175,0
1038176,31
1038177,0
1038178,0
1038179,0
1038180,0
1038181,0
1038182,0
1038183,0
1038184,0
1038185,0
1038186,0
1038187,0
1038188,27
1038189,35
1038190,38
1038191,49
1038192,40
1038193,39
1038194,0
1038195,0
1038196,44
1038197,0
1038198,0
1038199,0
1038200,37
1038201,32
1038202,0
1038203,0
1038204,39
1038205,0
1038206,51
1038207,0
1038208,0
1038209,0
1038210,36
1038211,0
1038212,0
1038213,0
1038214,0
1038215,0
1038216,34
1038217,0
1038218,0
1038219,0
1038220,0
1038221,0
1038222,0
1038223,38
1038224,0
1038225,26
1038226,0
1038227,0
1038228,0
1038229,0
1038230,0
1038231,51
1038232,0
1038233,0
1038234,42
1038235,0
1038236,0
1038237,25
1038238,0
1038239,0
1038240,0
1038241,0
1038242,0
1038243,0
1038244,0
1038245,0
1038246,0
1038247,0
1038248,26
1038249,0
1038250,0
1038251,0
1038252,40
1038253,0
1038254,0
1038255,0
1038256,37
1038257,0
1038258,0
1038259,0
1038260,0
1038261,0
1038262,29
1038263,0
1038264,0
1038265,0
1038266,0
1038267,0
1038268,0
1038269,0
1038270,0
1038271,0
1038272,0
1038273,0
1038274,0
1038275,42
1038276,0
1038277,0
1038278,0
1038279,0
1038280,0
1038281,0
1038282,0
1038283,0
1038284,0
1038285,0
1038286,34
1038287,33
1038288,0
1038289,0
1038290,0
1038291,0
1038292,0
1038293,0
1038294,0
1038295,0
1038296,0
1038297,0
1038298,0
1038299,0
1038300,0
1038301,0
1038302,42
1038303,30
1038304,45
1038305,0
1038306,0
1038307,0
1038308,57
1038309,0
1038310,43
1038311,0
1038312,0
1038313,41
1038314,0
1038315,0
1038316,0
1038317,0
1038318,33
1038319,0
1038320,0
1038321,0
1038322,37
1038323,0
1038324,0
1038325,45
1038326,0
1038327,0
1038328,0
1038329,0
1038330,0
1038331,0
1038332,0
1038333,0
1038334,45
1038335,39
1038336,0
1038337,46
1038338,0
1038339,56
1038340,47
1038341,43
1038342,0
1038343,0
1038344,0
1038345,0
1038346,0
1038347,43
1038348,0
1038349,0
1038350,0
1038351,33
1038352,0
1038353,0
1038354,0
1038355,0
1038356,43
1038357,0
1038358,0
1038359,0
1038360,0
1038361,48
1038362,0
1038363,0
1038364,0
1038365,0
1038366,0
1038367,0
1038368,0
1038369,0
1038370,0
1038371,0
1038372,0
1038373,0
1038374,0
1038375,0
1038376,0
1038377,0
1038378,0
1038379,0
1038380,0
1038381,0
1038382,0
1038383,0
1038384,0
1038385,0
1038386,0
1038387,32
1038388,0
1038389,0
1038390,0
1038391,57
1038392,0
1038393,0
1038394,0
1038395,63
1038396,0
1038397,0
1038398,0
1038399,0
1038400,54
1038401,0
1038402,0
1038403,22
1038404,34
1038405,0
1038406,0
1038407,0
1038408,0
1038409,0
1038410,0
1038411,0
1038412,0
1038413,0
1038414,0
1038415,0
1038416,41
1038417,0
1038418,0
1038419,0
1038420,0
1038421,0
1038422,0
1038423,44
1038424,0
1038425,0
1038426,0
1038427,42
1038428,0
1038429,0
1038430,0
1038431,41
1038432,0
1038433,0
1038434,24
1038435,0
1038436,56
1038437,38
1038438,40
1038439,0
1038440,0
1038441,0
1038442,0
1038443,0
1038444,0
1038445,0
1038446,0
1038447,0
1038448,0
1038449,33
1038450,0
1038451,44
1038452,0
1038453,0
1038454,0
1038455,0
1038456,0
1038457,0
1038458,45
1038459,0
1038460,0
1038461,0
1038462,30
1038463,50
1038464,0
1038465,0
1038466,18
1038467,52
1038468,51
1038469,0
1038470,0
1038471,0
1038472,0
1038473,33
1038474,49
1038475,0
1038476,52
1038477,0
1038478,0
1038479,0
1038480,0
1038481,37
1038482,0
1038483,0
1038484,0
1038485,0
1038486,52
1038487,36
1038488,0
1038489,53
1038490,0
1038491,24
1038492,35
1038493,0
1038494,0
1038495,0
1038496,0
1038497,0
1038498,32
1038499,35
1038500,30
1038501,36
1038502,0
1038503,47
1038504,0
1038505,36
1038506,0
1038507,0
1038508,0
1038509,34
1038510,40
1038511,0
1038512,28
1038513,22
1038514,0
1038515,46
1038516,0
1038517,32
1038518,0
1038519,48
1038520,0
1038521,0
1038522,0
1038523,0
1038524,0
1038525,0
1038526,0
1038527,0
1038528,0
1038529,0
1038530,0
1038531,0
1038532,0
1038533,0
1038534,0
1038535,0
1038536,46
1038537,38
1038538,37
1038539,44
1038540,0
1038541,0
1038542,0
1038543,38
1038544,0
1038545,0
1038546,30
1038547,0
1038548,0
1038549,0
1038550,0
1038551,55
1038552,37
1038553,34
1038554,0
1038555,0
1038556,39
1038557,0
1038558,0
1038559,0
1038560,32
1038561,0
1038562,0
1038563,0
1038564,0
1038565,0
1038566,0
1038567,0
1038568,0
1038569,0
1038570,0
1038571,0
1038572,0
1038573,24
1038574,0
1038575,0
1038576,0
1038577,18
1038578,0
1038579,0
1038580,0
1038581,22
1038582,0
1038583,0
1038584,15
1038585,0
1038586,0
1038587,0
1038588,16
1038589,0
1038590,0
1038591,0
1038592,17
1038593,0
1038594,0
1038595,0
1038596,0
1038597,21
1038598,0
1038599,0
1038600,0
1038601,0
1038602,0
1038603,15
1038604,0
1038605,0
1038606,0
1038607,0
1038608,0
1038609,0
1038610,0
1038611,0
1038612,0
1038613,0
1038614,0
1038615,0
1038616,0
1038617,0
1038618,0
1038619,0
1038620,0
1038621,0
1038622,0
1038623,0
1038624,0
1038625,0
1038626,27
1038627,0
1038628,0
1038629,0
1038630,0
1038631,0
1038632,0
1038633,0
1038634,0
1038635,0
1038636,0
1038637,0
1038638,0
1038639,0
1038640,0
1038641,0
1038642,21
1038643,0
1038644,0
1038645,0
1038646,0
1038647,0
1038648,0
1038649,0
1038650,0
1038651,0
1038652,0
1038653,0
1038654,0
1038655,0
1038656,0
1038657,0
1038658,0
1038659,0
1038660,0
1038661,0
1038662,0
1038663,0
1038664,0
1038665,0
1038666,0
1038667,0
1038668,22
1038669,25
1038670,0
1038671,0
1038672,0
1038673,0
1038674,0
1038675,0
1038676,0
1038677,26
1038678,0
1038679,0
1038680,0
1038681,0
1038682,0
1038683,0
1038684,0
1038685,0
1038686,0
1038687,0
1038688,0
1038689,0
1038690,0
1038691,0
1038692,17
1038693,0
1038694,0
1038695,0
1038696,0
1038697,19
1038698,0
1038699,0
1038700,21
1038701,0
1038702,0
1038703,0
1038704,0
1038705,0
1038706,0
1038707,0
1038708,0
1038709,0
1038710,0
1038711,0
1038712,0
1038713,0
1038714,0
1038715,0
1038716,0
1038717,0
1038718,0
1038719,0
1038720,0
1038721,0
1038722,21
1038723,0
1038724,0
1038725,0
1038726,0
1038727,0
1038728,0
1038729,0
1038730,0
1038731,0
1038732,0
1038733,21
1038734,0
1038735,0
1038736,0
1038737,0
1038738,0
1038739,0
1038740,0
1038741,0
1038742,0
1038743,0
1038744,0
1038745,0
1038746,0
1038747,22
1038748,0
1038749,0
1038750,0
1038751,0
1038752,0
1038753,0
1038754,0
1038755,0
1038756,0
1038757,0
1038758,0
1038759,33
1038760,0
1038761,0
1038762,0
1038763,0
1038764,0
1038765,27
1038766,0
1038767,0
1038768,0
1038769,0
1038770,22
1038771,0
1038772,0
1038773,0
1038774,0
1038775,0
1038776,0
1038777,0
1038778,0
1038779,0
1038780,0
1038781,0
1038782,0
1038783,0
1038784,15
1038785,0
1038786,17
1038787,0
1038788,0
1038789,0
1038790,0
1038791,0
1038792,0
1038793,0
1038794,0
1038795,0
1038796,0
1038797,0
1038798,0
1038799,0
1038800,0
1038801,0
1038802,0
1038803,0
1038804,0
1038805,0
1038806,0
1038807,0
1038808,0
1038809,0
1038810,0
1038811,0
1038812,0
1038813,0
1038814,0
1038815,0
1038816,0
1038817,0
1038818,0
1038819,0
1038820,15
1038821,0
1038822,0
1038823,0
1038824,14
1038825,0
1038826,0
1038827,0
1038828,0
1038829,26
1038830,0
1038831,12
1038832,0
1038833,0
1038834,0
1038835,0
1038836,0
1038837,19
1038838,0
1038839,0
1038840,0
1038841,0
1038842,30
1038843,0
1038844,0
1038845,0
1038846,0
1038847,23
1038848,0
1038849,0
1038850,0
1038851,0
1038852,0
1038853,0
1038854,0
1038855,0
1038856,0
1038857,0
1038858,0
1038859,0
1038860,0
1038861,0
1038862,0
1038863,0
1038864,0
1038865,0
1038866,0
1038867,0
1038868,0
1038869,0
1038870,0
1038871,0
1038872,0
1038873,0
1038874,0
1038875,0
1038876,0
1038877,0
1038878,0
1038879,0
1038880,0
1038881,0
1038882,0
1038883,27
1038884,0
1038885,0
1038886,0
1038887,0
1038888,0
1038889,0
1038890,10
1038891,0
1038892,0
1038893,0
1038894,0
1038895,0
1038896,0
1038897,0
1038898,0
1038899,0
1038900,0
1038901,0
1038902,0
1038903,0
1038904,0
1038905,0
1038906,0
1038907,0
1038908,0
1038909,0
1038910,0
1038911,0
1038912,0
1038913,0
1038914,0
1038915,0
1038916,0
1038917,0
1038918,0
1038919,0
1038920,0
1038921,0
1038922,0
1038923,0
1038924,0
1038925,0
1038926,0
1038927,0
1038928,0
1038929,0
1038930,0
1038931,0
1038932,0
1038933,0
1038934,0
1038935,0
1038936,16
1038937,0
1038938,0
1038939,21
1038940,0
1038941,0
1038942,0
1038943,0
1038944,0
1038945,0
1038946,22
1038947,0
1038948,0
1038949,0
1038950,0
1038951,0
1038952,0
1038953,0
1038954,0
1038955,0
1038956,0
1038957,21
1038958,0
1038959,0
1038960,0
1038961,22
1038962,0
1038963,0
1038964,0
1038965,0
1038966,0
1038967,0
1038968,0
1038969,0
1038970,0
1038971,0
1038972,0
1038973,0
1038974,0
1038975,0
1038976,0
1038977,0
1038978,0
1038979,0
1038980,0
1038981,0
1038982,0
1038983,14
1038984,0
1038985,0
1038986,0
1038987,0
1038988,0
1038989,0
1038990,0
1038991,0
1038992,30
1038993,21
1038994,23
1038995,0
1038996,0
1038997,0
1038998,0
1038999,0
1039000,0
1039001,13
1039002,0
1039003,0
1039004,0
1039005,0
1039006,0
1039007,0
1039008,24
1039009,0
1039010,0
1039011,0
1039012,0
1039013,26
1039014,0
1039015,0
1039016,0
1039017,0
1039018,0
1039019,0
1039020,0
1039021,0
1039022,0
1039023,0
1039024,0
1039025,16
1039026,0
1039027,15
1039028,0
1039029,0
1039030,21
1039031,0
1039032,0
1039033,0
1039034,20
1039035,0
1039036,0
1039037,0
1039038,0
1039039,0
1039040,31
1039041,0
1039042,0
1039043,0
1039044,0
1039045,0
1039046,0
1039047,0
1039048,0
1039049,0
1039050,0
1039051,0
1039052,0
1039053,0
1039054,0
1039055,9
1039056,20
1039057,0
1039058,18
1039059,0
1039060,0
1039061,0
1039062,0
1039063,0
1039064,0
1039065,0
1039066,0
1039067,0
1039068,0
1039069,0
1039070,0
1039071,0
1039072,0
1039073,17
1039074,0
1039075,0
1039076,0
1039077,22
1039078,0
1039079,0
1039080,0
1039081,0
1039082,0
1039083,0
1039084,0
1039085,0
1039086,0
1039087,0
1039088,0
1039089,0
1039090,0
1039091,0
1039092,0
1039093,0
1039094,16
1039095,0
1039096,0
1039097,0
1039098,0
1039099,0
1039100,0
1039101,0
1039102,0
1039103,0
1039104,13
1039105,0
1039106,0
1039107,0
1039108,17
1039109,0
1039110,0
1039111,0
1039112,0
1039113,0
1039114,0
1039115,0
1039116,0
1039117,0
1039118,0
1039119,0
1039120,0
1039121,14
1039122,0
1039123,0
1039124,0
1039125,0
1039126,37
1039127,0
1039128,23
1039129,0
1039130,0
1039131,0
1039132,0
1039133,0
1039134,0
1039135,0
1039136,0
1039137,0
1039138,0
1039139,0
1039140,0
1039141,0
1039142,0
1039143,0
1039144,0
1039145,0
1039146,23
1039147,0
1039148,0
1039149,0
1039150,0
1039151,0
1039152,19
1039153,0
1039154,0
1039155,0
1039156,0
1039157,0
1039158,0
1039159,0
1039160,0
1039161,0
1039162,0
1039163,0
1039164,15
1039165,0
1039166,0
1039167,0
1039168,0
1039169,0
1039170,0
1039171,16
1039172,0
1039173,0
1039174,0
1039175,0
1039176,0
1039177,0
1039178,0
1039179,0
1039180,0
1039181,18
1039182,0
1039183,0
1039184,0
1039185,0
1039186,0
1039187,0
1039188,0
1039189,0
1039190,23
1039191,0
1039192,21
1039193,0
1039194,0
1039195,0
1039196,0
1039197,0
1039198,0
1039199,0
1039200,0
1039201,0
1039202,0
1039203,0
1039204,25
1039205,0
1039206,0
1039207,0
1039208,0
1039209,19
1039210,0
1039211,0
1039212,0
1039213,0
1039214,0
1039215,0
1039216,0
1039217,0
1039218,0
1039219,0
1039220,0
1039221,0
1039222,0
1039223,20
1039224,0
1039225,0
1039226,0
1039227,0
1039228,0
1039229,0
1039230,0
1039231,0
1039232,0
1039233,0
1039234,0
1039235,0
1039236,0
1039237,0
1039238,0
1039239,0
1039240,0
1039241,0
1039242,13
1039243,0
1039244,0
1039245,0
1039246,0
1039247,0
1039248,19
1039249,0
1039250,0
1039251,0
1039252,0
1039253,0
1039254,0
1039255,0
1039256,0
1039257,0
1039258,0
1039259,0
1039260,0
1039261,0
1039262,26
1039263,0
1039264,0
1039265,0
1039266,0
1039267,34
1039268,0
1039269,0
1039270,0
1039271,0
1039272,0
1039273,0
1039274,20
1039275,0
1039276,0
1039277,0
1039278,0
1039279,0
1039280,0
1039281,0
1039282,0
1039283,0
1039284,0
1039285,0
1039286,0
1039287,0
1039288,0
1039289,0
1039290,0
1039291,0
1039292,0
1039293,0
1039294,0
1039295,0
1039296,0
1039297,0
1039298,0
1039299,0
1039300,0
1039301,27
1039302,15
1039303,0
1039304,0
1039305,0
1039306,0
1039307,0
1039308,0
1039309,0
1039310,0
1039311,0
1039312,0
1039313,0
1039314,32
1039315,0
1039316,0
1039317,0
1039318,0
1039319,0
1039320,22
1039321,0
1039322,0
1039323,0
1039324,0
1039325,0
1039326,0
1039327,0
1039328,0
1039329,22
1039330,0
1039331,0
1039332,0
1039333,0
1039334,0
1039335,0
1039336,0
1039337,0
1039338,0
1039339,0
1039340,0
1039341,0
1039342,0
1039343,23
1039344,21
1039345,0
1039346,0
1039347,0
1039348,0
1039349,0
1039350,0
1039351,0
1039352,27
1039353,19
1039354,0
1039355,9
1039356,0
1039357,0
1039358,0
1039359,0
1039360,0
1039361,0
1039362,0
1039363,0
1039364,0
1039365,0
1039366,0
1039367,0
1039368,0
1039369,4
1039370,0
1039371,0
1039372,0
1039373,1
1039374,0
1039375,0
1039376,0
1039377,0
1039378,0
1039379,0
1039380,0
1039381,0
1039382,0
1039383,0
1039384,0
1039385,4
1039386,0
1039387,0
1039388,0
1039389,0
1039390,0
1039391,0
1039392,0
1039393,0
1039394,0
1039395,0
1039396,0
1039397,0
1039398,0
1039399,0
1039400,0
1039401,0
1039402,0
1039403,0
1039404,0
1039405,0
1039406,2
1039407,0
1039408,0
1039409,0
1039410,0
1039411,0
1039412,0
1039413,0
1039414,0
1039415,0
1039416,0
1039417,0
1039418,0
1039419,0
1039420,0
1039421,0
1039422,0
1039423,2
1039424,0
1039425,0
1039426,0
1039427,0
1039428,7
1039429,0
1039430,6
1039431,0
1039432,10
1039433,0
1039434,4
1039435,0
1039436,0
1039437,0
1039438,0
1039439,0
1039440,0
1039441,0
1039442,0
1039443,0
1039444,2
1039445,0
1039446,0
1039447,0
1039448,0
1039449,0
1039450,0
1039451,0
1039452,0
1039453,0
1039454,0
1039455,3
1039456,0
1039457,4
1039458,0
1039459,0
1039460,0
1039461,0
1039462,0
1039463,0
1039464,0
1039465,0
1039466,6
1039467,0
1039468,0
1039469,0
1039470,0
1039471,0
1039472,0
1039473,0
1039474,0
1039475,2
1039476,0
1039477,0
1039478,0
1039479,0
1039480,0
1039481,0
1039482,0
1039483,0
1039484,3
1039485,0
1039486,0
1039487,0
1039488,0
1039489,0
1039490,0
1039491,0
1039492,6
1039493,0
1039494,4
1039495,0
1039496,0
1039497,0
1039498,0
1039499,0
1039500,0
1039501,0
1039502,0
1039503,0
1039504,2
1039505,0
1039506,0
1039507,0
1039508,0
1039509,0
1039510,0
1039511,7
1039512,0
1039513,0
1039514,0
1039515,0
1039516,0
1039517,0
1039518,0
1039519,0
1039520,0
1039521,0
1039522,0
1039523,0
1039524,0
1039525,0
1039526,0
1039527,0
1039528,0
1039529,0
1039530,0
1039531,0
1039532,0
1039533,9
1039534,0
1039535,0
1039536,5
1039537,0
1039538,0
1039539,0
1039540,0
1039541,0
1039542,3
1039543,0
1039544,0
1039545,0
1039546,0
1039547,0
1039548,3
1039549,5
1039550,0
1039551,0
1039552,0
1039553,0
1039554,0
1039555,0
1039556,0
1039557,0
1039558,0
1039559,0
1039560,0
1039561,0
1039562,0
1039563,0
1039564,0
1039565,0
1039566,3
1039567,0
1039568,0
1039569,0
1039570,0
1039571,0
1039572,0
1039573,0
1039574,0
1039575,0
1039576,0
1039577,0
1039578,1
1039579,0
1039580,0
1039581,0
1039582,0
1039583,0
1039584,0
1039585,0
1039586,0
1039587,0
1039588,0
1039589,0
1039590,0
1039591,0
1039592,2
1039593,0
1039594,0
1039595,0
1039596,0
1039597,0
1039598,0
1039599,4
1039600,0
1039601,0
1039602,6
1039603,0
1039604,0
1039605,0
1039606,0
1039607,0
1039608,0
1039609,0
1039610,0
1039611,0
1039612,0
1039613,6
1039614,2
1039615,0
1039616,0
1039617,2
1039618,0
1039619,1
1039620,0
1039621,0
1039622,0
1039623,0
1039624,5
1039625,0
1039626,0
1039627,0
1039628,0
1039629,0
1039630,0
1039631,3
1039632,0
1039633,0
1039634,7
1039635,0
1039636,0
1039637,0
1039638,0
1039639,0
1039640,0
1039641,2
1039642,0
1039643,4
1039644,0
1039645,0
1039646,0
1039647,0
1039648,0
1039649,0
1039650,0
1039651,0
1039652,0
1039653,0
1039654,0
1039655,0
1039656,0
1039657,0
1039658,0
1039659,0
1039660,0
1039661,1
1039662,0
1039663,1
1039664,0
1039665,3
1039666,0
1039667,0
1039668,0
1039669,0
1039670,5
1039671,0
1039672,0
1039673,0
1039674,0
1039675,0
1039676,0
1039677,0
1039678,0
1039679,0
1039680,8
1039681,3
1039682,0
1039683,0
1039684,0
1039685,0
1039686,0
1039687,0
1039688,4
1039689,0
1039690,3
1039691,0
1039692,4
1039693,0
1039694,0
1039695,2
1039696,0
1039697,0
1039698,0
1039699,0
1039700,0
1039701,0
1039702,0
1039703,0
1039704,0
1039705,0
1039706,0
1039707,0
1039708,0
1039709,0
1039710,0
1039711,0
1039712,0
1039713,0
1039714,1
1039715,0
1039716,3
1039717,0
1039718,0
1039719,0
1039720,0
1039721,0
1039722,0
1039723,0
1039724,0
1039725,0
1039726,0
1039727,0
1039728,2
1039729,0
1039730,0
1039731,0
1039732,1
1039733,0
1039734,0
1039735,0
1039736,0
1039737,0
1039738,0
1039739,0
1039740,1
1039741,0
1039742,0
1039743,0
1039744,0
1039745,0
1039746,0
1039747,0
1039748,0
1039749,0
1039750,7
1039751,0
1039752,5
1039753,0
1039754,0
1039755,0
1039756,4
1039757,0
1039758,0
1039759,0
1039760,0
1039761,0
1039762,0
1039763,0
1039764,0
1039765,0
1039766,0
1039767,0
1039768,0
1039769,0
1039770,0
1039771,0
1039772,8
1039773,0
1039774,4
1039775,0
1039776,0
1039777,0
1039778,0
1039779,0
1039780,0
1039781,0
1039782,0
1039783,0
1039784,0
1039785,0
1039786,8
1039787,1
1039788,0
1039789,0
1039790,0
1039791,0
1039792,0
1039793,5
1039794,3
1039795,0
1039796,0
1039797,0
1039798,0
1039799,0
1039800,0
1039801,0
1039802,0
1039803,0
1039804,0
1039805,0
1039806,0
1039807,0
1039808,7
1039809,0
1039810,0
1039811,6
1039812,0
1039813,0
1039814,0
1039815,3
1039816,0
1039817,0
1039818,0
1039819,0
1039820,0
1039821,0
1039822,2
1039823,0
1039824,2
1039825,0
1039826,3
1039827,0
1039828,3
1039829,0
1039830,0
1039831,0
1039832,2
1039833,0
1039834,0
1039835,0
1039836,0
1039837,0
1039838,0
1039839,0
1039840,0
1039841,0
1039842,0
1039843,3
1039844,0
1039845,1
1039846,0
1039847,0
1039848,0
1039849,2
1039850,0
1039851,0
1039852,0
1039853,0
1039854,0
1039855,0
1039856,0
1039857,0
1039858,0
1039859,0
1039860,0
1039861,0
1039862,0
1039863,0
1039864,0
1039865,0
1039866,0
1039867,0
1039868,0
1039869,0
1039870,0
1039871,0
1039872,0
1039873,0
1039874,0
1039875,0
1039876,3
1039877,4
1039878,0
1039879,2
1039880,0
1039881,0
1039882,0
1039883,0
1039884,2
1039885,0
1039886,2
1039887,4
1039888,0
1039889,0
1039890,0
1039891,0
1039892,0
1039893,0
1039894,0
1039895,0
1039896,0
1039897,0
1039898,0
1039899,5
1039900,0
1039901,0
1039902,0
1039903,0
1039904,0
1039905,0
1039906,1
1039907,0
1039908,0
1039909,2
1039910,0
1039911,0
1039912,0
1039913,0
1039914,0
1039915,0
1039916,0
1039917,0
1039918,0
1039919,0
1039920,0
1039921,0
1039922,3
1039923,0
1039924,0
1039925,0
1039926,0
1039927,0
1039928,6
1039929,0
1039930,0
1039931,0
1039932,2
1039933,0
1039934,0
1039935,5
1039936,0
1039937,0
1039938,0
1039939,0
1039940,4
1039941,0
1039942,0
1039943,0
1039944,0
1039945,0
1039946,0
1039947,5
1039948,0
1039949,0
1039950,0
1039951,0
1039952,5
1039953,4
1039954,2
1039955,0
1039956,0
1039957,0
1039958,0
1039959,0
1039960,4
1039961,0
1039962,0
1039963,0
1039964,0
1039965,0
1039966,0
1039967,0
1039968,0
1039969,4
1039970,1
1039971,0
1039972,2
1039973,7
1039974,0
1039975,0
1039976,0
1039977,0
1039978,1
1039979,2
1039980,0
1039981,0
1039982,0
1039983,0
1039984,0
1039985,0
1039986,6
1039987,0
1039988,0
1039989,0
1039990,0
1039991,4
1039992,0
1039993,0
1039994,0
1039995,0
1039996,4
1039997,0
1039998,0
1039999,0
1040000,0
1040001,0
1040002,0
1040003,3
1040004,0
1040005,0
1040006,0
1040007,0
1040008,0
1040009,0
1040010,0
1040011,0
1040012,0
1040013,0
1040014,0
1040015,0
1040016,0
1040017,0
1040018,4
1040019,4
1040020,0
1040021,0
1040022,0
1040023,0
1040024,0
1040025,4
1040026,0
1040027,0
1040028,0
1040029,0
1040030,0
1040031,0
1040032,0
1040033,0
1040034,0
1040035,0
1040036,0
1040037,0
1040038,0
1040039,0
1040040,0
1040041,0
1040042,0
1040043,0
1040044,0
1040045,1
1040046,0
1040047,0
1040048,0
1040049,0
1040050,0
1040051,7
1040052,0
1040053,0
1040054,0
1040055,0
1040056,2
1040057,0
1040058,0
1040059,0
1040060,0
1040061,0
1040062,0
1040063,0
1040064,0
1040065,0
1040066,0
1040067,0
1040068,0
1040069,0
1040070,0
1040071,0
1040072,0
1040073,0
1040074,0
1040075,0
1040076,0
1040077,1
1040078,0
1040079,0
1040080,0
1040081,0
1040082,0
1040083,0
1040084,0
1040085,0
1040086,0
1040087,2
1040088,0
1040089,0
1040090,0
1040091,0
1040092,1
1040093,0
1040094,0
1040095,0
1040096,0
1040097,3
1040098,0
1040099,0
1040100,1
1040101,0
1040102,0
1040103,0
1040104,0
1040105,0
1040106,0
1040107,0
1040108,0
1040109,0
1040110,0
1040111,0
1040112,0
1040113,5
1040114,0
1040115,0
1040116,0
1040117,0
1040118,0
1040119,0
1040120,3
1040121,0
1040122,0
1040123,0
1040124,0
1040125,0
1040126,0
1040127,0
1040128,0
1040129,0
1040130,0
1040131,0
1040132,0
1040133,2
1040134,0
1040135,0
1040136,0
1040137,0
1040138,3
1040139,0
1040140,4
1040141,0
1040142,0
1040143,0
1040144,0
1040145,3
1040146,0
1040147,0
1040148,4
1040149,0
1040150,0
1040151,0
1040152,0
1040153,0
1040154,0
1040155,0
1040156,0
1040157,0
1040158,5
1040159,0
1040160,3
1040161,0
1040162,0
1040163,0
1040164,0
1040165,0
1040166,0
1040167,0
1040168,0
1040169,0
1040170,0
1040171,3
1040172,3
1040173,0
1040174,0
1040175,0
1040176,0
1040177,0
1040178,5
1040179,0
1040180,1
1040181,0
1040182,0
1040183,0
1040184,0
1040185,1
1040186,0
1040187,0
1040188,0
1040189,7
1040190,0
1040191,0
1040192,0
1040193,0
1040194,0
1040195,0
1040196,0
1040197,0
1040198,2
1040199,2
1040200,0
1040201,0
1040202,2
1040203,0
1040204,0
1040205,0
1040206,0
1040207,0
1040208,4
1040209,0
1040210,0
1040211,0
1040212,0
1040213,0
1040214,0
1040215,0
1040216,0
1040217,0
1040218,3
1040219,5
1040220,0
1040221,0
1040222,0
1040223,0
1040224,0
1040225,0
1040226,3
1040227,3
1040228,3
1040229,0
1040230,4
1040231,0
1040232,0
1040233,0
1040234,0
1040235,0
1040236,0
1040237,0
1040238,0
1040239,0
1040240,0
1040241,0
1040242,0
1040243,0
1040244,0
1040245,0
1040246,0
1040247,0
1040248,1
1040249,0
1040250,0
1040251,0
1040252,0
1040253,0
1040254,0
1040255,0
1040256,0
1040257,0
1040258,0
1040259,0
1040260,1
1040261,2
1040262,0
1040263,0
1040264,0
1040265,0
1040266,1
1040267,0
1040268,4
1040269,0
1040270,0
1040271,4
1040272,0
1040273,9
1040274,0
1040275,0
1040276,0
1040277,0
1040278,0
1040279,2
1040280,0
1040281,0
1040282,2
1040283,0
1040284,0
1040285,0
1040286,0
1040287,4
1040288,3
1040289,2
1040290,5
1040291,2
1040292,0
1040293,0
1040294,0
1040295,0
1040296,0
1040297,0
1040298,0
1040299,0
1040300,0
1040301,0
1040302,0
1040303,0
1040304,0
1040305,0
1040306,2
1040307,0
1040308,0
1040309,0
1040310,0
1040311,0
1040312,0
1040313,0
1040314,6
1040315,2
1040316,0
1040317,0
1040318,0
1040319,0
1040320,0
1040321,0
1040322,5
1040323,0
1040324,0
1040325,0
1040326,0
1040327,1
1040328,0
1040329,0
1040330,0
1040331,0
1040332,2
1040333,0
1040334,0
1040335,0
1040336,0
1040337,0
1040338,0
1040339,1
1040340,0
1040341,0
1040342,4
1040343,0
1040344,5
1040345,0
1040346,0
1040347,0
1040348,2
1040349,0
1040350,0
1040351,0
1040352,3
1040353,0
1040354,2
1040355,0
1040356,0
1040357,0
1040358,0
1040359,0
1040360,0
1040361,0
1040362,0
1040363,1
1040364,2
1040365,0
1040366,0
1040367,0
1040368,0
1040369,0
1040370,0
1040371,0
1040372,0
1040373,0
1040374,0
1040375,3
1040376,0
1040377,0
1040378,0
1040379,0
1040380,0
1040381,0
1040382,2
1040383,0
1040384,0
1040385,0
1040386,3
1040387,0
1040388,0
1040389,0
1040390,1
1040391,0
1040392,2
1040393,5
1040394,0
1040395,0
1040396,0
1040397,0
1040398,0
1040399,5
1040400,0
1040401,0
1040402,0
1040403,0
1040404,0
1040405,3
1040406,0
1040407,2
1040408,0
1040409,2
1040410,0
1040411,0
1040412,0
1040413,0
1040414,0
1040415,0
1040416,4
1040417,0
1040418,0
1040419,8
1040420,0
1040421,7
1040422,0
1040423,0
1040424,0
1040425,4
1040426,0
1040427,0
1040428,0
1040429,0
1040430,3
1040431,0
1040432,0
1040433,3
1040434,2
1040435,6
1040436,0
1040437,0
1040438,0
1040439,9
1040440,4
1040441,0
1040442,0
1040443,0
1040444,3
1040445,1
1040446,0
1040447,0
1040448,0
1040449,0
1040450,2
1040451,0
1040452,7
1040453,0
1040454,0
1040455,0
1040456,0
1040457,4
1040458,0
1040459,3
1040460,0
1040461,7
1040462,0
1040463,0
1040464,0
1040465,0
1040466,0
1040467,0
1040468,0
1040469,0
1040470,0
1040471,0
1040472,0
1040473,0
1040474,0
1040475,0
1040476,0
1040477,1
1040478,6
1040479,0
1040480,0
1040481,0
1040482,0
1040483,5
1040484,0
1040485,0
1040486,7
1040487,0
1040488,5
1040489,4
1040490,0
1040491,0
1040492,0
1040493,0
1040494,3
1040495,0
1040496,0
1040497,0
1040498,0
1040499,0
1040500,3
1040501,7
1040502,8
1040503,0
1040504,0
1040505,0
1040506,0
1040507,2
1040508,0
1040509,0
1040510,0
1040511,0
1040512,0
1040513,0
1040514,5
1040515,0
1040516,0
1040517,0
1040518,0
1040519,0
1040520,0
1040521,0
1040522,0
1040523,2
1040524,0
1040525,0
1040526,0
1040527,0
1040528,0
1040529,4
1040530,0
1040531,0
1040532,0
1040533,7
1040534,0
1040535,0
1040536,0
1040537,0
1040538,0
1040539,0
1040540,4
1040541,1
1040542,3
1040543,0
1040544,0
1040545,0
1040546,0
1040547,0
1040548,4
1040549,3
1040550,3
1040551,1
1040552,0
1040553,0
1040554,0
1040555,0
1040556,0
1040557,0
1040558,0
1040559,0
1040560,5
1040561,0
1040562,3
1040563,3
1040564,0
1040565,0
1040566,4
1040567,0
1040568,0
1040569,0
1040570,0
1040571,0
1040572,0
1040573,0
1040574,1
1040575,0
1040576,0
1040577,0
1040578,0
1040579,0
1040580,3
1040581,0
1040582,0
1040583,4
1040584,0
1040585,0
1040586,0
1040587,1
1040588,0
1040589,0
1040590,5
1040591,0
1040592,0
1040593,4
1040594,0
1040595,0
1040596,0
1040597,2
1040598,0
1040599,0
1040600,0
1040601,0
1040602,0
1040603,0
1040604,0
1040605,2
1040606,0
1040607,0
1040608,0
1040609,4
1040610,0
1040611,0
1040612,0
1040613,0
1040614,0
1040615,0
1040616,0
1040617,2
1040618,0
1040619,0
1040620,4
1040621,2
1040622,0
1040623,0
1040624,0
1040625,0
1040626,0
1040627,9
1040628,0
1040629,0
1040630,0
1040631,0
1040632,2
1040633,0
1040634,0
1040635,0
1040636,0
1040637,0
1040638,0
1040639,0
1040640,0
1040641,0
1040642,0
1040643,0
1040644,3
1040645,0
1040646,8
1040647,0
1040648,0
1040649,0
1040650,9
1040651,0
1040652,0
1040653,0
1040654,0
1040655,0
1040656,0
1040657,0
1040658,0
1040659,0
1040660,0
1040661,0
1040662,5
1040663,0
1040664,0
1040665,0
1040666,0
1040667,0
1040668,0
1040669,0
1040670,0
1040671,46
1040672,0
1040673,0
1040674,0
1040675,0
1040676,0
1040677,0
1040678,43
1040679,0
1040680,0
1040681,0
1040682,0
1040683,0
1040684,42
1040685,0
1040686,0
1040687,0
1040688,0
1040689,0
1040690,0
1040691,0
1040692,0
1040693,0
1040694,0
1040695,0
1040696,0
1040697,0
1040698,26
1040699,0
1040700,0
1040701,37
1040702,43
1040703,0
1040704,0
1040705,23
1040706,0
1040707,0
1040708,0
1040709,0
1040710,0
1040711,0
1040712,0
1040713,0
1040714,0
1040715,27
1040716,0
1040717,0
1040718,0
1040719,0
1040720,0
1040721,0
1040722,20
1040723,0
1040724,0
1040725,17
1040726,37
1040727,0
1040728,0
1040729,0
1040730,0
1040731,0
1040732,0
1040733,0
1040734,0
1040735,0
1040736,93
1040737,0
1040738,0
1040739,0
1040740,47
1040741,24
1040742,0
1040743,28
1040744,30
1040745,0
1040746,0
1040747,0
1040748,0
1040749,0
1040750,60
1040751,32
1040752,0
1040753,0
1040754,0
1040755,39
1040756,0
1040757,0
1040758,0
1040759,0
1040760,0
1040761,0
1040762,0
1040763,21
1040764,0
1040765,0
1040766,0
1040767,0
1040768,0
1040769,0
1040770,0
1040771,16
1040772,34
1040773,29
1040774,0
1040775,0
1040776,38
1040777,0
1040778,0
1040779,0
1040780,40
1040781,0
1040782,0
1040783,0
1040784,0
1040785,38
1040786,0
1040787,0
1040788,0
1040789,0
1040790,0
1040791,0
1040792,0
1040793,0
1040794,0
1040795,48
1040796,0
1040797,0
1040798,38
1040799,0
1040800,0
1040801,0
1040802,0
1040803,0
1040804,33
1040805,0
1040806,37
1040807,16
1040808,0
1040809,12
1040810,0
1040811,72
1040812,0
1040813,0
1040814,0
1040815,0
1040816,0
1040817,0
1040818,0
1040819,0
1040820,0
1040821,0
1040822,23
1040823,0
1040824,0
1040825,0
1040826,0
1040827,0
1040828,21
1040829,0
1040830,35
1040831,57
1040832,0
1040833,0
1040834,0
1040835,0
1040836,0
1040837,0
1040838,0
1040839,0
1040840,0
1040841,0
1040842,38
1040843,0
1040844,0
1040845,0
1040846,0
1040847,0
1040848,0
1040849,0
1040850,0
1040851,43
1040852,77
1040853,71
1040854,0
1040855,0
1040856,27
1040857,0
1040858,49
1040859,0
1040860,0
1040861,0
1040862,31
1040863,0
1040864,0
1040865,0
1040866,38
1040867,36
1040868,0
1040869,0
1040870,0
1040871,42
1040872,0
1040873,0
1040874,0
1040875,0
1040876,30
1040877,30
1040878,0
1040879,0
1040880,0
1040881,0
1040882,0
1040883,0
1040884,38
1040885,0
1040886,0
1040887,0
1040888,0
1040889,32
1040890,0
1040891,0
1040892,0
1040893,0
1040894,73
1040895,0
1040896,0
1040897,0
1040898,0
1040899,0
1040900,22
1040901,0
1040902,0
1040903,0
1040904,26
1040905,54
1040906,0
1040907,0
1040908,33
1040909,39
1040910,0
1040911,0
1040912,0
1040913,0
1040914,28
1040915,0
1040916,53
1040917,0
1040918,0
1040919,0
1040920,0
1040921,21
1040922,0
1040923,0
1040924,0
1040925,25
1040926,30
1040927,36
1040928,34
1040929,0
1040930,0
1040931,0
1040932,0
1040933,0
1040934,0
1040935,0
1040936,23
1040937,0
1040938,0
1040939,0
1040940,0
1040941,25
1040942,0
1040943,0
1040944,40
1040945,0
1040946,0
1040947,0
1040948,45
1040949,0
1040950,0
1040951,0
1040952,0
1040953,0
1040954,0
1040955,0
1040956,0
1040957,32
1040958,21
1040959,0
1040960,30
1040961,27
1040962,0
1040963,0
1040964,0
1040965,46
1040966,0
1040967,0
1040968,0
1040969,0
1040970,0
1040971,0
1040972,0
1040973,0
1040974,0
1040975,0
1040976,0
1040977,0
1040978,0
1040979,0
1040980,0
1040981,31
1040982,0
1040983,0
1040984,0
1040985,0
1040986,0
1040987,0
1040988,25
1040989,0
1040990,0
1040991,0
1040992,0
1040993,0
1040994,0
1040995,0
1040996,39
1040997,0
1040998,27
1040999,0
1041000,29
1041001,0
1041002,0
1041003,0
1041004,0
1041005,0
1041006,0
1041007,0
1041008,0
1041009,0
1041010,0
1041011,0
1041012,0
1041013,0
1041014,0
1041015,0
1041016,0
1041017,0
1041018,0
1041019,0
1041020,0
1041021,0
1041022,0
1041023,0
1041024,0
1041025,0
1041026,0
1041027,0
1041028,0
1041029,0
1041030,34
1041031,0
1041032,0
1041033,33
1041034,0
1041035,0
1041036,0
1041037,0
1041038,0
1041039,37
1041040,0
1041041,0
1041042,0
1041043,0
1041044,0
1041045,0
1041046,0
1041047,0
1041048,0
1041049,36
1041050,0
1041051,0
1041052,52
1041053,0
1041054,0
1041055,0
1041056,34
1041057,0
1041058,0
1041059,0
1041060,0
1041061,0
1041062,0
1041063,0
1041064,25
1041065,0
1041066,48
1041067,38
1041068,0
1041069,0
1041070,0
1041071,0
1041072,0
1041073,0
1041074,0
1041075,44
1041076,0
1041077,0
1041078,0
1041079,29
1041080,0
1041081,0
1041082,0
1041083,0
1041084,36
1041085,0
1041086,0
1041087,0
1041088,40
1041089,0
1041090,0
1041091,0
1041092,0
1041093,0
1041094,0
1041095,0
1041096,0
1041097,0
1041098,0
1041099,51
1041100,0
1041101,0
1041102,0
1041103,44
1041104,0
1041105,0
1041106,0
1041107,0
1041108,0
1041109,0
1041110,0
1041111,0
1041112,0
1041113,0
1041114,0
1041115,0
1041116,0
1041117,0
1041118,0
1041119,0
1041120,0
1041121,0
1041122,41
1041123,40
1041124,48
1041125,0
1041126,0
1041127,27
1041128,33
1041129,32
1041130,0
1041131,34
1041132,0
1041133,0
1041134,0
1041135,0
1041136,0
1041137,0
1041138,0
1041139,0
1041140,0
1041141,0
1041142,0
1041143,0
1041144,0
1041145,0
1041146,27
1041147,0
1041148,50
1041149,0
1041150,0
1041151,0
1041152,0
1041153,0
1041154,0
1041155,0
1041156,0
1041157,27
1041158,0
1041159,0
1041160,45
1041161,40
1041162,0
1041163,31
1041164,0
1041165,0
1041166,0
1041167,0
1041168,0
1041169,0
1041170,0
1041171,0
1041172,0
1041173,0
1041174,0
1041175,0
1041176,0
1041177,0
1041178,0
1041179,0
1041180,30
1041181,0
1041182,0
1041183,0
1041184,0
1041185,28
1041186,0
1041187,0
1041188,0
1041189,26
1041190,0
1041191,0
1041192,0
1041193,0
1041194,0
1041195,32
1041196,29
1041197,0
1041198,0
1041199,38
1041200,0
1041201,0
1041202,43
1041203,0
1041204,30
1041205,33
1041206,0
1041207,33
1041208,0
1041209,18
1041210,0
1041211,0
1041212,23
1041213,0
1041214,0
1041215,46
1041216,0
1041217,0
1041218,0
1041219,0
1041220,0
1041221,0
1041222,36
1041223,0
1041224,0
1041225,25
1041226,0
1041227,0
1041228,0
1041229,0
1041230,0
1041231,0
1041232,0
1041233,27
1041234,22
1041235,0
1041236,0
1041237,0
1041238,0
1041239,0
1041240,25
1041241,0
1041242,50
1041243,22
1041244,0
1041245,28
1041246,26
1041247,0
1041248,0
1041249,0
1041250,0
1041251,0
1041252,0
1041253,0
1041254,19
1041255,0
1041256,0
1041257,0
1041258,0
1041259,0
1041260,0
1041261,0
1041262,0
1041263,0
1041264,0
1041265,0
1041266,0
1041267,0
1041268,0
1041269,34
1041270,0
1041271,0
1041272,0
1041273,0
1041274,0
1041275,0
1041276,0
1041277,0
1041278,0
1041279,0
1041280,0
1041281,0
1041282,25
1041283,0
1041284,25
1041285,0
1041286,0
1041287,0
1041288,39
1041289,0
1041290,0
1041291,0
1041292,0
1041293,0
1041294,0
1041295,43
1041296,0
1041297,38
1041298,37
1041299,0
1041300,38
1041301,0
1041302,0
1041303,0
1041304,0
1041305,42
1041306,0
1041307,36
1041308,0
1041309,19
1041310,0
1041311,0
1041312,0
1041313,0
1041314,31
1041315,0
1041316,0
1041317,0
1041318,41
1041319,44
1041320,0
1041321,26
1041322,47
1041323,0
1041324,33
1041325,26
1041326,0
1041327,0
1041328,0
1041329,0
1041330,0
1041331,0
1041332,0
1041333,26
1041334,35
1041335,0
1041336,0
1041337,0
1041338,0
1041339,0
1041340,0
1041341,0
1041342,25
1041343,0
1041344,0
1041345,37
1041346,0
1041347,0
1041348,0
1041349,0
1041350,0
1041351,0
1041352,0
1041353,0
1041354,0
1041355,0
1041356,0
1041357,0
1041358,0
1041359,38
1041360,0
1041361,0
1041362,0
1041363,0
1041364,0
1041365,0
1041366,0
1041367,0
1041368,0
1041369,0
1041370,0
1041371,0
1041372,0
1041373,0
1041374,31
1041375,0
1041376,0
1041377,0
1041378,0
1041379,0
1041380,0
1041381,0
1041382,0
1041383,0
1041384,19
1041385,0
1041386,0
1041387,0
1041388,0
1041389,0
1041390,0
1041391,0
1041392,46
1041393,0
1041394,32
1041395,36
1041396,0
1041397,0
1041398,36
1041399,0
1041400,24
1041401,0
1041402,0
1041403,0
1041404,0
1041405,0
1041406,0
1041407,0
1041408,31
1041409,0
1041410,0
1041411,51
1041412,0
1041413,32
1041414,30
1041415,0
1041416,0
1041417,0
1041418,0
1041419,0
1041420,0
1041421,0
1041422,0
1041423,29
1041424,37
1041425,0
1041426,0
1041427,0
1041428,0
1041429,33
1041430,0
1041431,45
1041432,0
1041433,0
1041434,0
1041435,0
1041436,0
1041437,0
1041438,0
1041439,21
1041440,28
1041441,0
1041442,0
1041443,0
1041444,0
1041445,0
1041446,0
1041447,0
1041448,0
1041449,0
1041450,0
1041451,0
1041452,0
1041453,0
1041454,27
1041455,0
1041456,0
1041457,0
1041458,0
1041459,0
1041460,0
1041461,0
1041462,0
1041463,39
1041464,0
1041465,0
1041466,0
1041467,0
1041468,0
1041469,37
1041470,0
1041471,43
1041472,31
1041473,0
1041474,0
1041475,0
1041476,0
1041477,0
1041478,0
1041479,0
1041480,0
1041481,0
1041482,0
1041483,0
1041484,0
1041485,0
1041486,0
1041487,0
1041488,0
1041489,0
1041490,0
1041491,0
1041492,0
1041493,0
1041494,0
1041495,0
1041496,0
1041497,0
1041498,0
1041499,0
1041500,49
1041501,0
1041502,0
1041503,0
1041504,24
1041505,0
1041506,0
1041507,0
1041508,42
1041509,0
1041510,0
1041511,23
1041512,0
1041513,0
1041514,0
1041515,0
1041516,0
1041517,0
1041518,0
1041519,0
1041520,0
1041521,0
1041522,0
1041523,56
1041524,0
1041525,0
1041526,0
1041527,0
1041528,42
1041529,0
1041530,0
1041531,43
1041532,0
1041533,0
1041534,0
1041535,0
1041536,0
1041537,0
1041538,0
1041539,0
1041540,39
1041541,37
1041542,0
1041543,41
1041544,42
1041545,0
1041546,0
1041547,32
1041548,0
1041549,0
1041550,32
1041551,0
1041552,0
1041553,0
1041554,0
1041555,0
1041556,43
1041557,0
1041558,0
1041559,36
1041560,0
1041561,0
1041562,0
1041563,0
1041564,0
1041565,39
1041566,53
1041567,0
1041568,0
1041569,0
1041570,0
1041571,0
1041572,0
1041573,0
1041574,0
1041575,0
1041576,36
1041577,0
1041578,0
1041579,0
1041580,0
1041581,0
1041582,0
1041583,0
1041584,0
1041585,0
1041586,50
1041587,0
1041588,0
1041589,0
1041590,0
1041591,0
1041592,0
1041593,0
1041594,0
1041595,0
1041596,0
1041597,0
1041598,0
1041599,0
1041600,0
1041601,0
1041602,34
1041603,0
1041604,0
1041605,0
1041606,22
1041607,0
1041608,0
1041609,0
1041610,0
1041611,0
1041612,0
1041613,0
1041614,36
1041615,0
1041616,0
1041617,0
1041618,42
1041619,0
1041620,0
1041621,0
1041622,36
1041623,0
1041624,0
1041625,0
1041626,0
1041627,0
1041628,0
1041629,0
1041630,0
1041631,48
1041632,0
1041633,0
1041634,0
1041635,0
1041636,0
1041637,51
1041638,0
1041639,0
1041640,0
1041641,0
1041642,0
1041643,0
1041644,0
1041645,33
1041646,0
1041647,0
1041648,0
1041649,0
1041650,0
1041651,0
1041652,0
1041653,45
1041654,0
1041655,0
1041656,0
1041657,0
1041658,0
1041659,46
1041660,33
1041661,0
1041662,0
1041663,0
1041664,0
1041665,0
1041666,0
1041667,0
1041668,0
1041669,0
1041670,0
1041671,0
1041672,0
1041673,0
1041674,26
1041675,0
1041676,0
1041677,0
1041678,42
1041679,0
1041680,0
1041681,0
1041682,0
1041683,0
1041684,0
1041685,0
1041686,0
1041687,40
1041688,0
1041689,0
1041690,0
1041691,0
1041692,47
1041693,0
1041694,0
1041695,0
1041696,0
1041697,0
1041698,0
1041699,0
1041700,0
1041701,0
1041702,0
1041703,0
1041704,0
1041705,0
1041706,0
1041707,0
1041708,0
1041709,0
1041710,0
1041711,0
1041712,0
1041713,0
1041714,0
1041715,0
1041716,0
1041717,0
1041718,27
1041719,0
1041720,0
1041721,0
1041722,0
1041723,0
1041724,40
1041725,0
1041726,46
1041727,0
1041728,0
1041729,0
1041730,0
1041731,0
1041732,0
1041733,0
1041734,0
1041735,35
1041736,0
1041737,0
1041738,33
1041739,28
1041740,0
1041741,42
1041742,40
1041743,0
1041744,0
1041745,0
1041746,0
1041747,0
1041748,0
1041749,0
1041750,0
1041751,0
1041752,0
1041753,0
1041754,0
1041755,0
1041756,0
1041757,42
1041758,0
1041759,33
1041760,0
1041761,41
1041762,0
1041763,0
1041764,0
1041765,25
1041766,0
1041767,0
1041768,0
1041769,27
1041770,13
1041771,0
1041772,0
1041773,0
1041774,0
1041775,0
1041776,0
1041777,24
1041778,0
1041779,0
1041780,0
1041781,0
1041782,0
1041783,0
1041784,0
1041785,0
1041786,0
1041787,0
1041788,0
1041789,0
1041790,0
1041791,26
1041792,0
1041793,0
1041794,34
1041795,0
1041796,0
1041797,0
1041798,0
1041799,0
1041800,0
1041801,0
1041802,0
1041803,0
1041804,0
1041805,0
1041806,0
1041807,0
1041808,0
1041809,0
1041810,0
1041811,0
1041812,0
1041813,0
1041814,0
1041815,0
1041816,0
1041817,0
1041818,0
1041819,0
1041820,0
1041821,25
1041822,24
1041823,37
1041824,0
1041825,0
1041826,0
1041827,0
1041828,0
1041829,0
1041830,0
1041831,0
1041832,0
1041833,0
1041834,0
1041835,0
1041836,0
1041837,0
1041838,0
1041839,0
1041840,0
1041841,0
1041842,0
1041843,0
1041844,34
1041845,0
1041846,31
1041847,0
1041848,35
1041849,36
1041850,0
1041851,0
1041852,24
1041853,0
1041854,0
1041855,0
1041856,0
1041857,0
1041858,0
1041859,0
1041860,0
1041861,62
1041862,0
1041863,0
1041864,32
1041865,0
1041866,0
1041867,32
1041868,33
1041869,0
1041870,34
1041871,0
1041872,0
1041873,0
1041874,0
1041875,0
1041876,0
1041877,0
1041878,0
1041879,0
1041880,0
1041881,0
1041882,0
1041883,0
1041884,0
1041885,14
1041886,0
1041887,0
1041888,0
1041889,0
1041890,0
1041891,0
1041892,30
1041893,0
1041894,0
1041895,0
1041896,11
1041897,0
1041898,0
1041899,0
1041900,0
1041901,30
1041902,0
1041903,0
1041904,0
1041905,0
1041906,0
1041907,21
1041908,0
1041909,0
1041910,0
1041911,0
1041912,0
1041913,0
1041914,0
1041915,20
1041916,0
1041917,28
1041918,17
1041919,21
1041920,0
1041921,0
1041922,25
1041923,0
1041924,0
1041925,0
1041926,17
1041927,0
1041928,0
1041929,0
1041930,26
1041931,0
1041932,23
1041933,0
1041934,0
1041935,0
1041936,0
1041937,0
1041938,0
1041939,0
1041940,0
1041941,0
1041942,0
1041943,0
1041944,23
1041945,0
1041946,0
1041947,0
1041948,0
1041949,0
1041950,0
1041951,0
1041952,0
1041953,0
1041954,10
1041955,0
1041956,0
1041957,0
1041958,0
1041959,0
1041960,0
1041961,0
1041962,0
1041963,0
1041964,0
1041965,0
1041966,0
1041967,0
1041968,0
1041969,0
1041970,0
1041971,0
1041972,0
1041973,0
1041974,0
1041975,0
1041976,0
1041977,11
1041978,0
1041979,0
1041980,0
1041981,0
1041982,5
1041983,0
1041984,0
1041985,0
1041986,9
1041987,0
1041988,0
1041989,0
1041990,5
1041991,0
1041992,0
1041993,0
1041994,0
1041995,0
1041996,0
1041997,0
1041998,0
1041999,0
1042000,0
1042001,11
1042002,0
1042003,0
1042004,0
1042005,11
1042006,0
1042007,0
1042008,0
1042009,7
1042010,0
1042011,0
1042012,0
1042013,0
1042014,0
1042015,0
1042016,0
1042017,0
1042018,0
1042019,0
1042020,0
1042021,0
1042022,0
1042023,0
1042024,0
1042025,0
1042026,0
1042027,0
1042028,0
1042029,0
1042030,0
1042031,0
1042032,0
1042033,0
1042034,0
1042035,0
1042036,0
1042037,0
1042038,0
1042039,0
1042040,0
1042041,0
1042042,0
1042043,0
1042044,0
1042045,0
1042046,0
1042047,0
1042048,0
1042049,0
1042050,14
1042051,0
1042052,0
1042053,0
1042054,0
1042055,0
1042056,0
1042057,10
1042058,0
1042059,0
1042060,0
1042061,0
1042062,0
1042063,0
1042064,10
1042065,0
1042066,0
1042067,0
1042068,0
1042069,0
1042070,0
1042071,8
1042072,9
1042073,0
1042074,0
1042075,0
1042076,0
1042077,0
1042078,0
1042079,0
1042080,0
1042081,0
1042082,0
1042083,0
1042084,0
1042085,0
1042086,0
1042087,0
1042088,0
1042089,0
1042090,0
1042091,0
1042092,0
1042093,0
1042094,0
1042095,0
1042096,0
1042097,0
1042098,0
1042099,0
1042100,0
1042101,9
1042102,10
1042103,13
1042104,0
1042105,12
1042106,0
1042107,0
1042108,0
1042109,0
1042110,0
1042111,0
1042112,0
1042113,0
1042114,0
1042115,0
1042116,0
1042117,0
1042118,0
1042119,0
1042120,0
1042121,0
1042122,0
1042123,0
1042124,7
1042125,0
1042126,0
1042127,0
1042128,0
1042129,0
1042130,0
1042131,0
1042132,11
1042133,0
1042134,0
1042135,0
1042136,0
1042137,0
1042138,0
1042139,0
1042140,0
1042141,0
1042142,0
1042143,13
1042144,0
1042145,0
1042146,0
1042147,0
1042148,0
1042149,0
1042150,0
1042151,0
1042152,0
1042153,0
1042154,0
1042155,0
1042156,0
1042157,0
1042158,0
1042159,0
1042160,0
1042161,0
1042162,0
1042163,0
1042164,0
1042165,0
1042166,0
1042167,0
1042168,0
1042169,0
1042170,0
1042171,0
1042172,6
1042173,0
1042174,0
1042175,8
1042176,0
1042177,0
1042178,0
1042179,13
1042180,0
1042181,0
1042182,0
1042183,0
1042184,0
1042185,0
1042186,0
1042187,11
1042188,0
1042189,0
1042190,0
1042191,0
1042192,0
1042193,0
1042194,0
1042195,0
1042196,0
1042197,0
1042198,0
1042199,0
1042200,0
1042201,0
1042202,0
1042203,0
1042204,0
1042205,0
1042206,0
1042207,0
1042208,0
1042209,0
1042210,0
1042211,0
1042212,0
1042213,0
1042214,0
1042215,14
1042216,0
1042217,0
1042218,0
1042219,0
1042220,0
1042221,0
1042222,0
1042223,4
1042224,0
1042225,0
1042226,0
1042227,0
1042228,0
1042229,0
1042230,0
1042231,0
1042232,0
1042233,0
1042234,0
1042235,0
1042236,0
1042237,0
1042238,0
1042239,12
1042240,0
1042241,0
1042242,0
1042243,0
1042244,0
1042245,0
1042246,0
1042247,0
1042248,0
1042249,0
1042250,0
1042251,0
1042252,0
1042253,0
1042254,0
1042255,0
1042256,0
1042257,0
1042258,0
1042259,11
1042260,0
1042261,0
1042262,0
1042263,0
1042264,0
1042265,0
1042266,0
1042267,0
1042268,0
1042269,0
1042270,0
1042271,0
1042272,0
1042273,0
1042274,0
1042275,0
1042276,0
1042277,0
1042278,0
1042279,0
1042280,0
1042281,0
1042282,0
1042283,0
1042284,0
1042285,0
1042286,0
1042287,0
1042288,0
1042289,0
1042290,0
1042291,0
1042292,0
1042293,0
1042294,0
1042295,0
1042296,0
1042297,0
1042298,0
1042299,0
1042300,0
1042301,0
1042302,0
1042303,0
1042304,0
1042305,0
1042306,0
1042307,0
1042308,0
1042309,0
1042310,0
1042311,0
1042312,0
1042313,0
1042314,0
1042315,0
1042316,0
1042317,0
1042318,0
1042319,0
1042320,0
1042321,9
1042322,0
1042323,0
1042324,0
1042325,0
1042326,0
1042327,0
1042328,0
1042329,0
1042330,0
1042331,0
1042332,0
1042333,12
1042334,9
1042335,0
1042336,0
1042337,0
1042338,0
1042339,0
1042340,0
1042341,0
1042342,0
1042343,0
1042344,0
1042345,0
1042346,0
1042347,0
1042348,0
1042349,0
1042350,0
1042351,12
1042352,0
1042353,0
1042354,0
1042355,36
1042356,0
1042357,22
1042358,17
1042359,0
1042360,0
1042361,35
1042362,0
1042363,0
1042364,0
1042365,0
1042366,26
1042367,0
1042368,0
1042369,0
1042370,0
1042371,25
1042372,0
1042373,26
1042374,0
1042375,29
1042376,0
1042377,24
1042378,27
1042379,0
1042380,0
1042381,30
1042382,0
1042383,0
1042384,0
1042385,0
1042386,0
1042387,0
1042388,0
1042389,0
1042390,0
1042391,0
1042392,28
1042393,0
1042394,0
1042395,0
1042396,29
1042397,0
1042398,0
1042399,0
1042400,0
1042401,23
1042402,0
1042403,0
1042404,0
1042405,0
1042406,0
1042407,0
1042408,0
1042409,0
1042410,0
1042411,0
1042412,25
1042413,0
1042414,0
1042415,0
1042416,0
1042417,0
1042418,29
1042419,0
1042420,33
1042421,0
1042422,0
1042423,0
1042424,0
1042425,0
1042426,0
1042427,0
1042428,0
1042429,0
1042430,0
1042431,0
1042432,0
1042433,33
1042434,27
1042435,0
1042436,0
1042437,0
1042438,0
1042439,28
1042440,0
1042441,0
1042442,0
1042443,0
1042444,0
1042445,30
1042446,0
1042447,0
1042448,0
1042449,35
1042450,0
1042451,0
1042452,0
1042453,0
1042454,0
1042455,0
1042456,0
1042457,0
1042458,0
1042459,0
1042460,0
1042461,0
1042462,38
1042463,0
1042464,0
1042465,0
1042466,32
1042467,0
1042468,0
1042469,0
1042470,0
1042471,33
1042472,0
1042473,0
1042474,0
1042475,0
1042476,0
1042477,22
1042478,0
1042479,0
1042480,0
1042481,27
1042482,30
1042483,0
1042484,0
1042485,0
1042486,0
1042487,25
1042488,10
1042489,0
1042490,30
1042491,0
1042492,0
1042493,0
1042494,22
1042495,0
1042496,0
1042497,0
1042498,0
1042499,0
1042500,0
1042501,0
1042502,0
1042503,0
1042504,0
1042505,26
1042506,0
1042507,20
1042508,0
1042509,0
1042510,0
1042511,0
1042512,0
1042513,0
1042514,0
1042515,0
1042516,0
1042517,0
1042518,0
1042519,0
1042520,0
1042521,31
1042522,0
1042523,0
1042524,0
1042525,0
1042526,0
1042527,0
1042528,26
1042529,0
1042530,0
1042531,16
1042532,0
1042533,0
1042534,24
1042535,0
1042536,0
1042537,27
1042538,0
1042539,0
1042540,0
1042541,21
1042542,0
1042543,0
1042544,27
1042545,22
1042546,0
1042547,21
1042548,0
1042549,0
1042550,0
1042551,0
1042552,0
1042553,24
1042554,0
1042555,0
1042556,0
1042557,24
1042558,0
1042559,0
1042560,24
1042561,37
1042562,0
1042563,0
1042564,0
1042565,0
1042566,0
1042567,0
1042568,0
1042569,0
1042570,32
1042571,0
1042572,0
1042573,0
1042574,0
1042575,0
1042576,30
1042577,0
1042578,0
1042579,0
1042580,0
1042581,30
1042582,0
1042583,0
1042584,0
1042585,0
1042586,0
1042587,0
1042588,37
1042589,0
1042590,0
1042591,0
1042592,0
1042593,0
1042594,23
1042595,0
1042596,0
1042597,24
1042598,31
1042599,0
1042600,0
1042601,13
1042602,0
1042603,0
1042604,0
1042605,0
1042606,0
1042607,0
1042608,0
1042609,0
1042610,0
1042611,0
1042612,0
1042613,0
1042614,0
1042615,0
1042616,0
1042617,0
1042618,0
1042619,21
1042620,0
1042621,0
1042622,0
1042623,32
1042624,0
1042625,0
1042626,0
1042627,0
1042628,0
1042629,0
1042630,0
1042631,0
1042632,0
1042633,0
1042634,0
1042635,0
1042636,0
1042637,0
1042638,0
1042639,0
1042640,0
1042641,0
1042642,0
1042643,0
1042644,32
1042645,0
1042646,23
1042647,0
1042648,0
1042649,0
1042650,0
1042651,0
1042652,0
1042653,29
1042654,0
1042655,0
1042656,27
1042657,0
1042658,0
1042659,0
1042660,0
1042661,0
1042662,0
1042663,29
1042664,0
1042665,0
1042666,31
1042667,0
1042668,0
1042669,31
1042670,0
1042671,0
1042672,0
1042673,29
1042674,0
1042675,0
1042676,24
1042677,0
1042678,0
1042679,0
1042680,32
1042681,0
1042682,0
1042683,20
1042684,0
1042685,0
1042686,0
1042687,0
1042688,0
1042689,0
1042690,0
1042691,0
1042692,0
1042693,27
1042694,0
1042695,0
1042696,0
1042697,0
1042698,0
1042699,0
1042700,0
1042701,0
1042702,0
1042703,0
1042704,0
1042705,0
1042706,0
1042707,0
1042708,26
1042709,28
1042710,34
1042711,0
1042712,0
1042713,0
1042714,42
1042715,0
1042716,0
1042717,0
1042718,0
1042719,0
1042720,35
1042721,0
1042722,0
1042723,0
1042724,0
1042725,0
1042726,43
1042727,56
1042728,0
1042729,0
1042730,0
1042731,0
1042732,0
1042733,0
1042734,39
1042735,0
1042736,0
1042737,0
1042738,0
1042739,0
1042740,0
1042741,0
1042742,0
1042743,0
1042744,0
1042745,0
1042746,0
1042747,0
1042748,0
1042749,0
1042750,0
1042751,0
1042752,0
1042753,0
1042754,0
1042755,0
1042756,0
1042757,0
1042758,0
1042759,37
1042760,0
1042761,0
1042762,45
1042763,32
1042764,0
1042765,0
1042766,0
1042767,40
1042768,0
1042769,0
1042770,0
1042771,0
1042772,0
1042773,31
1042774,47
1042775,0
1042776,48
1042777,0
1042778,0
1042779,0
1042780,0
1042781,0
1042782,0
1042783,32
1042784,42
1042785,0
1042786,0
1042787,0
1042788,0
1042789,0
1042790,0
1042791,0
1042792,0
1042793,0
1042794,0
1042795,33
1042796,0
1042797,0
1042798,0
1042799,0
1042800,0
1042801,0
1042802,48
1042803,0
1042804,0
1042805,0
1042806,0
1042807,0
1042808,0
1042809,0
1042810,0
1042811,0
1042812,37
1042813,0
1042814,0
1042815,0
1042816,0
1042817,39
1042818,0
1042819,0
1042820,38
1042821,0
1042822,0
1042823,0
1042824,0
1042825,0
1042826,43
1042827,0
1042828,0
1042829,0
1042830,0
1042831,0
1042832,0
1042833,0
1042834,0
1042835,35
1042836,0
1042837,0
1042838,0
1042839,0
1042840,36
1042841,0
1042842,0
1042843,0
1042844,0
1042845,0
1042846,0
1042847,0
1042848,0
1042849,0
1042850,0
1042851,0
1042852,0
1042853,0
1042854,0
1042855,36
1042856,35
1042857,0
1042858,0
1042859,0
1042860,0
1042861,0
1042862,0
1042863,0
1042864,0
1042865,0
1042866,0
1042867,0
1042868,0
1042869,0
1042870,0
1042871,0
1042872,0
1042873,0
1042874,0
1042875,0
1042876,0
1042877,0
1042878,0
1042879,40
1042880,0
1042881,0
1042882,0
1042883,0
1042884,26
1042885,35
1042886,0
1042887,0
1042888,0
1042889,0
1042890,36
1042891,35
1042892,0
1042893,0
1042894,0
1042895,0
1042896,21
1042897,0
1042898,0
1042899,44
1042900,0
1042901,0
1042902,0
1042903,0
1042904,0
1042905,0
1042906,58
1042907,40
1042908,0
1042909,0
1042910,0
1042911,0
1042912,0
1042913,51
1042914,38
1042915,0
1042916,0
1042917,0
1042918,0
1042919,0
1042920,0
1042921,27
1042922,0
1042923,31
1042924,0
1042925,0
1042926,38
1042927,0
1042928,0
1042929,0
1042930,0
1042931,0
1042932,0
1042933,0
1042934,0
1042935,0
1042936,0
1042937,0
1042938,0
1042939,0
1042940,0
1042941,0
1042942,36
1042943,35
1042944,0
1042945,0
1042946,0
1042947,0
1042948,0
1042949,0
1042950,0
1042951,0
1042952,0
1042953,0
1042954,0
1042955,0
1042956,38
1042957,0
1042958,0
1042959,0
1042960,13
1042961,0
1042962,9
1042963,0
1042964,0
1042965,0
1042966,27
1042967,0
1042968,0
1042969,0
1042970,0
1042971,0
1042972,0
1042973,0
1042974,0
1042975,0
1042976,15
1042977,0
1042978,0
1042979,0
1042980,0
1042981,11
1042982,0
1042983,18
1042984,0
1042985,0
1042986,0
1042987,0
1042988,0
1042989,0
1042990,24
1042991,0
1042992,0
1042993,8
1042994,0
1042995,0
1042996,17
1042997,17
1042998,0
1042999,0
1043000,0
1043001,16
1043002,0
1043003,0
1043004,17
1043005,0
1043006,0
1043007,0
1043008,0
1043009,0
1043010,0
1043011,0
1043012,0
1043013,0
1043014,0
1043015,0
1043016,0
1043017,0
1043018,0
1043019,0
1043020,12
1043021,0
1043022,0
1043023,14
1043024,0
1043025,0
1043026,14
1043027,0
1043028,0
1043029,0
1043030,9
1043031,0
1043032,13
1043033,0
1043034,0
1043035,0
1043036,0
1043037,0
1043038,0
1043039,0
1043040,0
1043041,0
1043042,0
1043043,0
1043044,0
1043045,0
1043046,0
1043047,9
1043048,10
1043049,0
1043050,0
1043051,10
1043052,18
1043053,0
1043054,0
1043055,0
1043056,0
1043057,18
1043058,0
1043059,13
1043060,0
1043061,0
1043062,0
1043063,0
1043064,0
1043065,0
1043066,23
1043067,0
1043068,25
1043069,0
1043070,0
1043071,0
1043072,0
1043073,0
1043074,0
1043075,0
1043076,0
1043077,0
1043078,0
1043079,0
1043080,11
1043081,0
1043082,0
1043083,0
1043084,0
1043085,12
1043086,0
1043087,0
1043088,0
1043089,0
1043090,0
1043091,0
1043092,0
1043093,0
1043094,15
1043095,10
1043096,0
1043097,0
1043098,0
1043099,14
1043100,21
1043101,0
1043102,0
1043103,8
1043104,0
1043105,0
1043106,18
1043107,0
1043108,0
1043109,17
1043110,0
1043111,0
1043112,10
1043113,0
1043114,11
1043115,0
1043116,16
1043117,0
1043118,0
1043119,0
1043120,12
1043121,0
1043122,0
1043123,0
1043124,0
1043125,0
1043126,0
1043127,0
1043128,0
1043129,0
1043130,0
1043131,0
1043132,11
1043133,0
1043134,0
1043135,0
1043136,0
1043137,0
1043138,0
1043139,0
1043140,7
1043141,0
1043142,0
1043143,6
1043144,16
1043145,0
1043146,0
1043147,0
1043148,0
1043149,0
1043150,0
1043151,5
1043152,12
1043153,0
1043154,3
1043155,9
1043156,0
1043157,9
1043158,13
1043159,0
1043160,0
1043161,0
1043162,0
1043163,0
1043164,0
1043165,0
1043166,15
1043167,0
1043168,0
1043169,0
1043170,0
1043171,0
1043172,0
1043173,0
1043174,0
1043175,15
1043176,0
1043177,16
1043178,0
1043179,0
1043180,0
1043181,0
1043182,0
1043183,16
1043184,21
1043185,0
1043186,15
1043187,0
1043188,0
1043189,0
1043190,0
1043191,0
1043192,0
1043193,0
1043194,5
1043195,8
1043196,0
1043197,0
1043198,0
1043199,0
1043200,17
1043201,0
1043202,0
1043203,0
1043204,0
1043205,16
1043206,0
1043207,0
1043208,17
1043209,0
1043210,0
1043211,0
1043212,0
1043213,0
1043214,5
1043215,0
1043216,0
1043217,0
1043218,0
1043219,0
1043220,0
1043221,0
1043222,0
1043223,0
1043224,0
1043225,0
1043226,0
1043227,0
1043228,0
1043229,0
1043230,0
1043231,0
1043232,0
1043233,15
1043234,0
1043235,0
1043236,0
1043237,16
1043238,0
1043239,0
1043240,0
1043241,0
1043242,0
1043243,0
1043244,0
1043245,0
1043246,0
1043247,13
1043248,0
1043249,0
1043250,11
1043251,0
1043252,0
1043253,0
1043254,0
1043255,0
1043256,0
1043257,0
1043258,0
1043259,0
1043260,0
1043261,0
1043262,7
1043263,24
1043264,0
1043265,0
1043266,18
1043267,0
1043268,0
1043269,0
1043270,15
1043271,0
1043272,0
1043273,0
1043274,0
1043275,0
1043276,0
1043277,0
1043278,12
1043279,0
1043280,13
1043281,0
1043282,0
1043283,0
1043284,0
1043285,0
1043286,13
1043287,0
1043288,0
1043289,20
1043290,0
1043291,0
1043292,0
1043293,0
1043294,0
1043295,13
1043296,0
1043297,0
1043298,0
1043299,0
1043300,0
1043301,0
1043302,0
1043303,0
1043304,9
1043305,23
1043306,0
1043307,0
1043308,0
1043309,0
1043310,0
1043311,0
1043312,0
1043313,13
1043314,0
1043315,11
1043316,0
1043317,0
1043318,18
1043319,0
1043320,0
1043321,0
1043322,0
1043323,0
1043324,0
1043325,0
1043326,0
1043327,0
1043328,0
1043329,8
1043330,0
1043331,11
1043332,0
1043333,0
1043334,15
1043335,0
1043336,0
1043337,7
1043338,0
1043339,11
1043340,0
1043341,0
1043342,0
1043343,0
1043344,0
1043345,0
1043346,0
1043347,0
1043348,0
1043349,0
1043350,0
1043351,0
1043352,0
1043353,19
1043354,0
1043355,0
1043356,0
1043357,0
1043358,0
1043359,11
1043360,0
1043361,0
1043362,15
1043363,0
1043364,0
1043365,0
1043366,0
1043367,10
1043368,0
1043369,12
1043370,0
1043371,0
1043372,0
1043373,0
1043374,0
1043375,0
1043376,0
1043377,0
1043378,10
1043379,0
1043380,12
1043381,14
1043382,0
1043383,0
1043384,75
1043385,26
1043386,0
1043387,51
1043388,0
1043389,0
1043390,40
1043391,0
1043392,0
1043393,40
1043394,0
1043395,0
1043396,0
1043397,0
1043398,0
1043399,0
1043400,0
1043401,0
1043402,0
1043403,0
1043404,54
1043405,0
1043406,0
1043407,0
1043408,0
1043409,0
1043410,0
1043411,0
1043412,30
1043413,0
1043414,0
1043415,33
1043416,44
1043417,56
1043418,58
1043419,0
1043420,0
1043421,0
1043422,0
1043423,75
1043424,0
1043425,0
1043426,37
1043427,0
1043428,47
1043429,0
1043430,24
1043431,0
1043432,0
1043433,47
1043434,0
1043435,26
1043436,0
1043437,0
1043438,0
1043439,0
1043440,0
1043441,0
1043442,48
1043443,0
1043444,0
1043445,0
1043446,33
1043447,0
1043448,56
1043449,0
1043450,46
1043451,0
1043452,0
1043453,0
1043454,0
1043455,0
1043456,22
1043457,0
1043458,47
1043459,39
1043460,39
1043461,0
1043462,0
1043463,42
1043464,0
1043465,40
1043466,0
1043467,0
1043468,59
1043469,0
1043470,0
1043471,0
1043472,0
1043473,0
1043474,40
1043475,37
1043476,28
1043477,0
1043478,0
1043479,0
1043480,44
1043481,0
1043482,0
1043483,0
1043484,0
1043485,0
1043486,0
1043487,34
1043488,0
1043489,45
1043490,47
1043491,51
1043492,0
1043493,0
1043494,35
1043495,38
1043496,0
1043497,34
1043498,35
1043499,0
1043500,37
1043501,31
1043502,13
1043503,0
1043504,26
1043505,0
1043506,0
1043507,0
1043508,0
1043509,0
1043510,34
1043511,0
1043512,39
1043513,0
1043514,0
1043515,33
1043516,51
1043517,0
1043518,0
1043519,0
1043520,0
1043521,23
1043522,0
1043523,0
1043524,21
1043525,74
1043526,16
1043527,0
1043528,0
1043529,0
1043530,43
1043531,0
1043532,0
1043533,0
1043534,0
1043535,0
1043536,0
1043537,27
1043538,0
1043539,39
1043540,0
1043541,0
1043542,34
1043543,54
1043544,27
1043545,0
1043546,62
1043547,34
1043548,0
1043549,22
1043550,0
1043551,22
1043552,0
1043553,0
1043554,0
1043555,0
1043556,0
1043557,0
1043558,0
1043559,37
1043560,0
1043561,58
1043562,0
1043563,25
1043564,0
1043565,0
1043566,0
1043567,46
1043568,49
1043569,0
1043570,0
1043571,0
1043572,0
1043573,0
1043574,27
1043575,0
1043576,0
1043577,35
1043578,34
1043579,25
1043580,0
1043581,35
1043582,0
1043583,0
1043584,0
1043585,0
1043586,0
1043587,30
1043588,42
1043589,0
1043590,42
1043591,0
1043592,0
1043593,0
1043594,0
1043595,30
1043596,0
1043597,35
1043598,28
1043599,0
1043600,0
1043601,0
1043602,0
1043603,33
1043604,0
1043605,0
1043606,54
1043607,0
1043608,0
1043609,0
1043610,0
1043611,0
1043612,0
1043613,0
1043614,0
1043615,32
1043616,47
1043617,0
1043618,31
1043619,53
1043620,0
1043621,0
1043622,0
1043623,61
1043624,16
1043625,38
1043626,0
1043627,49
1043628,0
1043629,0
1043630,0
1043631,51
1043632,0
1043633,30
1043634,0
1043635,0
1043636,0
1043637,0
1043638,33
1043639,18
1043640,43
1043641,0
1043642,0
1043643,0
1043644,0
1043645,0
1043646,50
1043647,0
1043648,0
1043649,0
1043650,21
1043651,0
1043652,0
1043653,0
1043654,0
1043655,0
1043656,54
1043657,41
1043658,34
1043659,43
1043660,50
1043661,0
1043662,49
1043663,0
1043664,0
1043665,0
1043666,35
1043667,0
1043668,0
1043669,0
1043670,0
1043671,28
1043672,40
1043673,0
1043674,0
1043675,0
1043676,31
1043677,0
1043678,0
1043679,0
1043680,0
1043681,41
1043682,23
1043683,61
1043684,0
1043685,26
1043686,48
1043687,0
1043688,0
1043689,0
1043690,0
1043691,0
1043692,37
1043693,34
1043694,0
1043695,0
1043696,0
1043697,51
1043698,78
1043699,46
1043700,0
1043701,0
1043702,0
1043703,0
1043704,0
1043705,0
1043706,0
1043707,0
1043708,0
1043709,0
1043710,0
1043711,42
1043712,0
1043713,37
1043714,51
1043715,43
1043716,0
1043717,0
1043718,0
1043719,0
1043720,0
1043721,0
1043722,0
1043723,0
1043724,0
1043725,0
1043726,29
1043727,21
1043728,0
1043729,38
1043730,0
1043731,38
1043732,28
1043733,0
1043734,0
1043735,0
1043736,0
1043737,0
1043738,29
1043739,0
1043740,0
1043741,0
1043742,29
1043743,0
1043744,0
1043745,0
1043746,0
1043747,0
1043748,0
1043749,0
1043750,0
1043751,0
1043752,0
1043753,0
1043754,0
1043755,15
1043756,33
1043757,24
1043758,0
1043759,47
1043760,0
1043761,0
1043762,0
1043763,41
1043764,0
1043765,0
1043766,30
1043767,28
1043768,35
1043769,21
1043770,0
1043771,0
1043772,0
1043773,0
1043774,0
1043775,0
1043776,0
1043777,0
1043778,0
1043779,61
1043780,0
1043781,0
1043782,45
1043783,0
1043784,0
1043785,18
1043786,0
1043787,0
1043788,0
1043789,0
1043790,18
1043791,0
1043792,0
1043793,0
1043794,40
1043795,0
1043796,0
1043797,0
1043798,0
1043799,0
1043800,0
1043801,0
1043802,0
1043803,0
1043804,0
1043805,0
1043806,0
1043807,0
1043808,0
1043809,0
1043810,0
1043811,0
1043812,0
1043813,0
1043814,67
1043815,0
1043816,0
1043817,55
1043818,0
1043819,42
1043820,0
1043821,41
1043822,0
1043823,55
1043824,28
1043825,51
1043826,0
1043827,0
1043828,0
1043829,0
1043830,0
1043831,0
1043832,30
1043833,0
1043834,0
1043835,37
1043836,0
1043837,50
1043838,0
1043839,0
1043840,0
1043841,0
1043842,0
1043843,29
1043844,0
1043845,0
1043846,0
1043847,0
1043848,0
1043849,0
1043850,0
1043851,0
1043852,0
1043853,35
1043854,0
1043855,0
1043856,0
1043857,0
1043858,68
1043859,51
1043860,0
1043861,0
1043862,0
1043863,0
1043864,0
1043865,34
1043866,0
1043867,0
1043868,0
1043869,0
1043870,0
1043871,0
1043872,0
1043873,46
1043874,0
1043875,0
1043876,0
1043877,0
1043878,39
1043879,0
1043880,0
1043881,0
1043882,0
1043883,0
1043884,0
1043885,39
1043886,0
1043887,0
1043888,21
1043889,0
1043890,0
1043891,37
1043892,0
1043893,0
1043894,0
1043895,0
1043896,34
1043897,0
1043898,0
1043899,0
1043900,0
1043901,69
1043902,0
1043903,0
1043904,0
1043905,0
1043906,0
1043907,32
1043908,0
1043909,0
1043910,0
1043911,27
1043912,0
1043913,47
1043914,30
1043915,0
1043916,37
1043917,40
1043918,0
1043919,0
1043920,0
1043921,51
1043922,34
1043923,0
1043924,0
1043925,33
1043926,0
1043927,0
1043928,0
1043929,0
1043930,0
1043931,0
1043932,0
1043933,0
1043934,21
1043935,30
1043936,38
1043937,0
1043938,0
1043939,0
1043940,0
1043941,0
1043942,0
1043943,33
1043944,0
1043945,0
1043946,65
1043947,0
1043948,49
1043949,0
1043950,0
1043951,0
1043952,0
1043953,0
1043954,60
1043955,0
1043956,0
1043957,0
1043958,0
1043959,0
1043960,0
1043961,38
1043962,0
1043963,30
1043964,41
1043965,0
1043966,0
1043967,15
1043968,0
1043969,0
1043970,21
1043971,0
1043972,0
1043973,0
1043974,0
1043975,0
1043976,0
1043977,0
1043978,0
1043979,0
1043980,29
1043981,0
1043982,0
1043983,0
1043984,0
1043985,29
1043986,0
1043987,0
1043988,0
1043989,55
1043990,19
1043991,0
1043992,30
1043993,41
1043994,0
1043995,0
1043996,53
1043997,71
1043998,0
1043999,0
1044000,54
1044001,0
1044002,0
1044003,0
1044004,0
1044005,30
1044006,0
1044007,0
1044008,56
1044009,0
1044010,0
1044011,0
1044012,0
1044013,0
1044014,0
1044015,0
1044016,45
1044017,0
1044018,0
1044019,0
1044020,0
1044021,0
1044022,0
1044023,0
1044024,0
1044025,0
1044026,0
1044027,0
1044028,30
1044029,0
1044030,51
1044031,34
1044032,0
1044033,0
1044034,0
1044035,68
1044036,22
1044037,39
1044038,0
1044039,0
1044040,0
1044041,0
1044042,33
1044043,0
1044044,0
1044045,0
1044046,26
1044047,75
1044048,0
1044049,0
1044050,0
1044051,33
1044052,57
1044053,0
1044054,0
1044055,0
1044056,0
1044057,0
1044058,52
1044059,0
1044060,0
1044061,0
1044062,0
1044063,0
1044064,0
1044065,50
1044066,28
1044067,39
1044068,0
1044069,66
1044070,0
1044071,0
1044072,0
1044073,0
1044074,0
1044075,24
1044076,28
1044077,31
1044078,0
1044079,0
1044080,0
1044081,0
1044082,0
1044083,0
1044084,0
1044085,0
1044086,55
1044087,0
1044088,0
1044089,0
1044090,0
1044091,0
1044092,0
1044093,0
1044094,23
1044095,69
1044096,48
1044097,0
1044098,47
1044099,29
1044100,29
1044101,0
1044102,0
1044103,0
1044104,0
1044105,0
1044106,0
1044107,59
1044108,0
1044109,20
1044110,40
1044111,38
1044112,0
1044113,0
1044114,0
1044115,32
1044116,0
1044117,0
1044118,0
1044119,0
1044120,50
1044121,0
1044122,0
1044123,0
1044124,0
1044125,0
1044126,48
1044127,0
1044128,22
1044129,0
1044130,0
1044131,0
1044132,0
1044133,0
1044134,0
1044135,0
1044136,0
1044137,0
1044138,0
1044139,0
1044140,0
1044141,0
1044142,0
1044143,0
1044144,0
1044145,0
1044146,0
1044147,0
1044148,0
1044149,0
1044150,0
1044151,0
1044152,3
1044153,0
1044154,6
1044155,0
1044156,0
1044157,0
1044158,0
1044159,7
1044160,4
1044161,0
1044162,0
1044163,0
1044164,0
1044165,0
1044166,6
1044167,0
1044168,0
1044169,0
1044170,4
1044171,0
1044172,2
1044173,0
1044174,0
1044175,0
1044176,0
1044177,0
1044178,0
1044179,0
1044180,0
1044181,0
1044182,0
1044183,0
1044184,0
1044185,4
1044186,0
1044187,5
1044188,0
1044189,0
1044190,0
1044191,0
1044192,0
1044193,0
1044194,0
1044195,0
1044196,0
1044197,5
1044198,0
1044199,0
1044200,0
1044201,0
1044202,0
1044203,4
1044204,0
1044205,0
1044206,0
1044207,0
1044208,0
1044209,0
1044210,0
1044211,0
1044212,4
1044213,0
1044214,8
1044215,0
1044216,0
1044217,0
1044218,0
1044219,0
1044220,7
1044221,0
1044222,0
1044223,0
1044224,0
1044225,0
1044226,0
1044227,0
1044228,0
1044229,0
1044230,0
1044231,0
1044232,0
1044233,0
1044234,0
1044235,5
1044236,0
1044237,0
1044238,0
1044239,0
1044240,0
1044241,0
1044242,0
1044243,0
1044244,0
1044245,0
1044246,5
1044247,0
1044248,0
1044249,0
1044250,11
1044251,0
1044252,0
1044253,4
1044254,0
1044255,5
1044256,3
1044257,0
1044258,0
1044259,0
1044260,0
1044261,0
1044262,0
1044263,0
1044264,0
1044265,0
1044266,0
1044267,5
1044268,0
1044269,5
1044270,0
1044271,0
1044272,0
1044273,3
1044274,0
1044275,0
1044276,0
1044277,0
1044278,0
1044279,0
1044280,0
1044281,0
1044282,0
1044283,0
1044284,0
1044285,0
1044286,0
1044287,6
1044288,0
1044289,0
1044290,2
1044291,0
1044292,0
1044293,0
1044294,0
1044295,5
1044296,0
1044297,6
1044298,0
1044299,0
1044300,0
1044301,0
1044302,0
1044303,5
1044304,0
1044305,0
1044306,0
1044307,0
1044308,0
1044309,0
1044310,0
1044311,0
1044312,0
1044313,0
1044314,0
1044315,8
1044316,0
1044317,0
1044318,0
1044319,0
1044320,0
1044321,0
1044322,0
1044323,0
1044324,0
1044325,0
1044326,0
1044327,0
1044328,0
1044329,0
1044330,0
1044331,0
1044332,0
1044333,7
1044334,0
1044335,0
1044336,0
1044337,0
1044338,0
1044339,7
1044340,0
1044341,0
1044342,0
1044343,0
1044344,0
1044345,0
1044346,0
1044347,3
1044348,0
1044349,0
1044350,0
1044351,0
1044352,0
1044353,0
1044354,0
1044355,0
1044356,1
1044357,6
1044358,37
1044359,0
1044360,0
1044361,28
1044362,0
1044363,0
1044364,0
1044365,38
1044366,41
1044367,0
1044368,26
1044369,0
1044370,0
1044371,0
1044372,43
1044373,0
1044374,0
1044375,0
1044376,22
1044377,0
1044378,0
1044379,0
1044380,0
1044381,0
1044382,0
1044383,0
1044384,28
1044385,0
1044386,0
1044387,0
1044388,0
1044389,0
1044390,0
1044391,0
1044392,0
1044393,24
1044394,0
1044395,0
1044396,0
1044397,0
1044398,0
1044399,21
1044400,0
1044401,0
1044402,0
1044403,0
1044404,0
1044405,0
1044406,0
1044407,0
1044408,0
1044409,0
1044410,25
1044411,0
1044412,0
1044413,0
1044414,0
1044415,0
1044416,0
1044417,27
1044418,0
1044419,0
1044420,0
1044421,0
1044422,0
1044423,0
1044424,19
1044425,0
1044426,0
1044427,0
1044428,0
1044429,0
1044430,0
1044431,0
1044432,0
1044433,0
1044434,0
1044435,0
1044436,23
1044437,0
1044438,0
1044439,0
1044440,33
1044441,0
1044442,35
1044443,0
1044444,0
1044445,0
1044446,0
1044447,0
1044448,0
1044449,0
1044450,0
1044451,0
1044452,0
1044453,31
1044454,0
1044455,0
1044456,0
1044457,0
1044458,0
1044459,0
1044460,34
1044461,0
1044462,0
1044463,0
1044464,0
1044465,0
1044466,0
1044467,36
1044468,0
1044469,0
1044470,0
1044471,0
1044472,0
1044473,0
1044474,0
1044475,0
1044476,0
1044477,0
1044478,33
1044479,0
1044480,0
1044481,0
1044482,0
1044483,0
1044484,23
1044485,0
1044486,0
1044487,36
1044488,0
1044489,0
1044490,27
1044491,0
1044492,0
1044493,0
1044494,0
1044495,0
1044496,0
1044497,0
1044498,0
1044499,0
1044500,0
1044501,0
1044502,0
1044503,0
1044504,0
1044505,0
1044506,34
1044507,0
1044508,0
1044509,0
1044510,0
1044511,0
1044512,0
1044513,0
1044514,31
1044515,25
1044516,0
1044517,0
1044518,50
1044519,24
1044520,0
1044521,13
1044522,0
1044523,0
1044524,0
1044525,0
1044526,0
1044527,0
1044528,0
1044529,0
1044530,0
1044531,0
1044532,0
1044533,0
1044534,0
1044535,0
1044536,0
1044537,0
1044538,0
1044539,31
1044540,0
1044541,0
1044542,0
1044543,0
1044544,0
1044545,0
1044546,0
1044547,0
1044548,0
1044549,0
1044550,30
1044551,0
1044552,0
1044553,32
1044554,0
1044555,0
1044556,0
1044557,0
1044558,0
1044559,0
1044560,0
1044561,0
1044562,0
1044563,0
1044564,0
1044565,20
1044566,27
1044567,32
1044568,35
1044569,0
1044570,0
1044571,0
1044572,0
1044573,0
1044574,0
1044575,0
1044576,0
1044577,0
1044578,0
1044579,30
1044580,0
1044581,0
1044582,0
1044583,0
1044584,35
1044585,0
1044586,0
1044587,0
1044588,0
1044589,0
1044590,0
1044591,0
1044592,0
1044593,0
1044594,0
1044595,0
1044596,18
1044597,0
1044598,0
1044599,15
1044600,16
1044601,0
1044602,0
1044603,0
1044604,0
1044605,0
1044606,0
1044607,0
1044608,0
1044609,16
1044610,0
1044611,0
1044612,0
1044613,0
1044614,14
1044615,0
1044616,0
1044617,0
1044618,0
1044619,0
1044620,0
1044621,0
1044622,0
1044623,0
1044624,0
1044625,0
1044626,0
1044627,0
1044628,0
1044629,0
1044630,0
1044631,0
1044632,0
1044633,0
1044634,0
1044635,0
1044636,0
1044637,0
1044638,0
1044639,0
1044640,0
1044641,0
1044642,0
1044643,0
1044644,0
1044645,16
1044646,0
1044647,19
1044648,0
1044649,0
1044650,0
1044651,0
1044652,0
1044653,12
1044654,0
1044655,0
1044656,0
1044657,0
1044658,15
1044659,0
1044660,0
1044661,12
1044662,0
1044663,0
1044664,0
1044665,0
1044666,11
1044667,0
1044668,0
1044669,0
1044670,0
1044671,0
1044672,0
1044673,0
1044674,0
1044675,0
1044676,0
1044677,0
1044678,0
1044679,0
1044680,0
1044681,0
1044682,0
1044683,0
1044684,0
1044685,0
1044686,0
1044687,0
1044688,0
1044689,0
1044690,0
1044691,0
1044692,0
1044693,0
1044694,0
1044695,0
1044696,0
1044697,0
1044698,0
1044699,0
1044700,0
1044701,0
1044702,0
1044703,0
1044704,0
1044705,0
1044706,0
1044707,0
1044708,12
1044709,0
1044710,0
1044711,0
1044712,0
1044713,0
1044714,0
1044715,0
1044716,0
1044717,0
1044718,0
1044719,0
1044720,0
1044721,0
1044722,0
1044723,0
1044724,0
1044725,0
1044726,24
1044727,0
1044728,8
1044729,0
1044730,0
1044731,0
1044732,0
1044733,0
1044734,0
1044735,0
1044736,19
1044737,0
1044738,0
1044739,0
1044740,0
1044741,0
1044742,0
1044743,12
1044744,0
1044745,0
1044746,0
1044747,0
1044748,0
1044749,0
1044750,0
1044751,0
1044752,0
1044753,0
1044754,0
1044755,0
1044756,0
1044757,0
1044758,24
1044759,17
1044760,0
1044761,0
1044762,0
1044763,0
1044764,0
1044765,0
1044766,0
1044767,0
1044768,0
1044769,0
1044770,0
1044771,0
1044772,0
1044773,0
1044774,0
1044775,0
1044776,0
1044777,0
1044778,0
1044779,0
1044780,0
1044781,0
1044782,0
1044783,11
1044784,0
1044785,0
1044786,0
1044787,0
1044788,0
1044789,17
1044790,0
1044791,0
1044792,18
1044793,0
1044794,0
1044795,0
1044796,0
1044797,0
1044798,0
1044799,22
1044800,0
1044801,0
1044802,0
1044803,17
1044804,0
1044805,0
1044806,11
1044807,0
1044808,0
1044809,14
1044810,0
1044811,0
1044812,0
1044813,0
1044814,0
1044815,0
1044816,0
1044817,0
1044818,0
1044819,0
1044820,0
1044821,0
1044822,0
1044823,0
1044824,0
1044825,0
1044826,11
1044827,0
1044828,0
1044829,0
1044830,0
1044831,16
1044832,0
1044833,0
1044834,0
1044835,0
1044836,0
1044837,0
1044838,0
1044839,0
1044840,22
1044841,0
1044842,0
1044843,0
1044844,19
1044845,0
1044846,0
1044847,0
1044848,0
1044849,0
1044850,0
1044851,0
1044852,0
1044853,0
1044854,0
1044855,7
1044856,0
1044857,0
1044858,0
1044859,0
1044860,0
1044861,0
1044862,0
1044863,10
1044864,0
1044865,0
1044866,0
1044867,0
1044868,15
1044869,0
1044870,0
1044871,0
1044872,0
1044873,0
1044874,0
1044875,0
1044876,0
1044877,0
1044878,0
1044879,11
1044880,0
1044881,0
1044882,0
1044883,0
1044884,0
1044885,0
1044886,0
1044887,0
1044888,0
1044889,0
1044890,0
1044891,12
1044892,0
1044893,0
1044894,0
1044895,0
1044896,0
1044897,0
1044898,17
1044899,0
1044900,0
1044901,0
1044902,0
1044903,0
1044904,0
1044905,0
1044906,0
1044907,0
1044908,0
1044909,0
1044910,0
1044911,0
1044912,0
1044913,0
1044914,0
1044915,0
1044916,0
1044917,0
1044918,0
1044919,0
1044920,0
1044921,0
1044922,0
1044923,0
1044924,0
1044925,0
1044926,0
1044927,0
1044928,0
1044929,0
1044930,0
1044931,0
1044932,15
1044933,17
1044934,0
1044935,0
1044936,0
1044937,0
1044938,0
1044939,0
1044940,0
1044941,0
1044942,0
1044943,0
1044944,16
1044945,0
1044946,0
1044947,0
1044948,0
1044949,0
1044950,0
1044951,0
1044952,0
1044953,0
1044954,0
1044955,0
1044956,10
1044957,0
1044958,0
1044959,0
1044960,0
1044961,0
1044962,0
1044963,0
1044964,0
1044965,0
1044966,0
1044967,0
1044968,0
1044969,13
1044970,0
1044971,0
1044972,0
1044973,0
1044974,0
1044975,12
1044976,0
1044977,0
1044978,0
1044979,0
1044980,20
1044981,14
1044982,0
1044983,0
1044984,0
1044985,0
1044986,21
1044987,0
1044988,0
1044989,0
1044990,22
1044991,0
1044992,0
1044993,0
1044994,0
1044995,0
1044996,0
1044997,0
1044998,0
1044999,0
1045000,0
1045001,0
1045002,0
1045003,0
1045004,0
1045005,0
1045006,0
1045007,0
1045008,0
1045009,0
1045010,0
1045011,0
1045012,0
1045013,15
1045014,0
1045015,0
1045016,0
1045017,0
1045018,0
1045019,0
1045020,0
1045021,0
1045022,0
1045023,0
1045024,13
1045025,0
1045026,0
1045027,0
1045028,0
1045029,0
1045030,0
1045031,12
1045032,0
1045033,0
1045034,0
1045035,0
1045036,0
1045037,0
1045038,0
1045039,0
1045040,0
1045041,0
1045042,0
1045043,0
1045044,13
1045045,0
1045046,0
1045047,0
1045048,0
1045049,0
1045050,0
1045051,0
1045052,0
1045053,0
1045054,0
1045055,0
1045056,0
1045057,0
1045058,0
1045059,12
1045060,0
1045061,0
1045062,0
1045063,0
1045064,0
1045065,16
1045066,0
1045067,0
1045068,0
1045069,0
1045070,9
1045071,0
1045072,0
1045073,0
1045074,0
1045075,0
1045076,0
1045077,0
1045078,0
1045079,0
1045080,0
1045081,0
1045082,0
1045083,0
1045084,0
1045085,0
1045086,0
1045087,0
1045088,0
1045089,0
1045090,0
1045091,0
1045092,0
1045093,0
1045094,0
1045095,0
1045096,0
1045097,0
1045098,0
1045099,0
1045100,0
1045101,0
1045102,9
1045103,0
1045104,0
1045105,0
1045106,0
1045107,21
1045108,0
1045109,19
1045110,20
1045111,0
1045112,0
1045113,0
1045114,0
1045115,0
1045116,0
1045117,0
1045118,0
1045119,0
1045120,0
1045121,0
1045122,0
1045123,9
1045124,0
1045125,0
1045126,0
1045127,0
1045128,0
1045129,0
1045130,17
1045131,5
1045132,19
1045133,0
1045134,0
1045135,0
1045136,0
1045137,0
1045138,12
1045139,0
1045140,0
1045141,0
1045142,0
1045143,0
1045144,0
1045145,0
1045146,0
1045147,0
1045148,0
1045149,15
1045150,26
1045151,0
1045152,0
1045153,15
1045154,0
1045155,0
1045156,0
1045157,0
1045158,0
1045159,0
1045160,0
1045161,0
1045162,0
1045163,0
1045164,0
1045165,12
1045166,0
1045167,0
1045168,0
1045169,0
1045170,0
1045171,0
1045172,31
1045173,0
1045174,18
1045175,0
1045176,23
1045177,0
1045178,0
1045179,21
1045180,0
1045181,0
1045182,0
1045183,0
1045184,30
1045185,0
1045186,0
1045187,28
1045188,0
1045189,0
1045190,0
1045191,0
1045192,25
1045193,0
1045194,0
1045195,0
1045196,0
1045197,0
1045198,0
1045199,0
1045200,0
1045201,0
1045202,0
1045203,0
1045204,0
1045205,40
1045206,32
1045207,0
1045208,0
1045209,0
1045210,0
1045211,0
1045212,24
1045213,0
1045214,0
1045215,27
1045216,0
1045217,29
1045218,0
1045219,0
1045220,0
1045221,0
1045222,15
1045223,0
1045224,0
1045225,25
1045226,20
1045227,13
1045228,0
1045229,0
1045230,0
1045231,31
1045232,20
1045233,28
1045234,0
1045235,0
1045236,0
1045237,0
1045238,0
1045239,0
1045240,0
1045241,22
1045242,0
1045243,22
1045244,20
1045245,0
1045246,21
1045247,0
1045248,0
1045249,0
1045250,25
1045251,0
1045252,0
1045253,0
1045254,0
1045255,0
1045256,0
1045257,0
1045258,0
1045259,0
1045260,26
1045261,0
1045262,0
1045263,0
1045264,27
1045265,0
1045266,21
1045267,28
1045268,0
1045269,0
1045270,0
1045271,0
1045272,0
1045273,24
1045274,28
1045275,28
1045276,0
1045277,27
1045278,0
1045279,0
1045280,0
1045281,0
1045282,26
1045283,0
1045284,26
1045285,0
1045286,0
1045287,19
1045288,35
1045289,0
1045290,0
1045291,29
1045292,0
1045293,0
1045294,16
1045295,8
1045296,25
1045297,0
1045298,0
1045299,0
1045300,0
1045301,18
1045302,0
1045303,0
1045304,28
1045305,0
1045306,0
1045307,23
1045308,23
1045309,0
1045310,21
1045311,0
1045312,30
1045313,22
1045314,26
1045315,0
1045316,0
1045317,0
1045318,34
1045319,29
1045320,0
1045321,0
1045322,0
1045323,0
1045324,0
1045325,0
1045326,21
1045327,19
1045328,19
1045329,0
1045330,0
1045331,0
1045332,0
1045333,0
1045334,22
1045335,0
1045336,28
1045337,0
1045338,26
1045339,0
1045340,0
1045341,0
1045342,0
1045343,0
1045344,0
1045345,24
1045346,0
1045347,0
1045348,0
1045349,0
1045350,24
1045351,0
1045352,0
1045353,23
1045354,0
1045355,0
1045356,0
1045357,0
1045358,0
1045359,0
1045360,0
1045361,37
1045362,31
1045363,0
1045364,30
1045365,0
1045366,0
1045367,0
1045368,29
1045369,30
1045370,25
1045371,0
1045372,24
1045373,0
1045374,0
1045375,31
1045376,25
1045377,0
1045378,25
1045379,23
1045380,21
1045381,0
1045382,0
1045383,0
1045384,0
1045385,0
1045386,23
1045387,0
1045388,0
1045389,0
1045390,0
1045391,0
1045392,15
1045393,0
1045394,0
1045395,0
1045396,0
1045397,0
1045398,13
1045399,0
1045400,0
1045401,19
1045402,0
1045403,13
1045404,0
1045405,0
1045406,0
1045407,14
1045408,0
1045409,0
1045410,0
1045411,0
1045412,13
1045413,0
1045414,0
1045415,0
1045416,0
1045417,0
1045418,0
1045419,0
1045420,10
1045421,0
1045422,0
1045423,0
1045424,0
1045425,0
1045426,0
1045427,19
1045428,0
1045429,0
1045430,0
1045431,0
1045432,0
1045433,0
1045434,0
1045435,21
1045436,0
1045437,0
1045438,22
1045439,0
1045440,0
1045441,0
1045442,0
1045443,0
1045444,0
1045445,0
1045446,0
1045447,14
1045448,0
1045449,25
1045450,0
1045451,0
1045452,0
1045453,0
1045454,0
1045455,0
1045456,0
1045457,0
1045458,0
1045459,0
1045460,0
1045461,30
1045462,0
1045463,0
1045464,0
1045465,0
1045466,0
1045467,14
1045468,0
1045469,0
1045470,0
1045471,0
1045472,0
1045473,0
1045474,0
1045475,0
1045476,0
1045477,0
1045478,0
1045479,0
1045480,0
1045481,0
1045482,15
1045483,0
1045484,0
1045485,0
1045486,0
1045487,0
1045488,0
1045489,19
1045490,0
1045491,0
1045492,0
1045493,0
1045494,21
1045495,0
1045496,0
1045497,0
1045498,0
1045499,0
1045500,20
1045501,0
1045502,0
1045503,0
1045504,27
1045505,0
1045506,0
1045507,0
1045508,24
1045509,22
1045510,0
1045511,0
1045512,0
1045513,0
1045514,0
1045515,0
1045516,14
1045517,0
1045518,0
1045519,0
1045520,0
1045521,11
1045522,31
1045523,0
1045524,0
1045525,0
1045526,0
1045527,0
1045528,0
1045529,0
1045530,22
1045531,0
1045532,13
1045533,0
1045534,0
1045535,0
1045536,17
1045537,0
1045538,0
1045539,0
1045540,0
1045541,13
1045542,0
1045543,0
1045544,0
1045545,0
1045546,0
1045547,0
1045548,0
1045549,0
1045550,0
1045551,0
1045552,0
1045553,0
1045554,0
1045555,17
1045556,0
1045557,0
1045558,0
1045559,0
1045560,0
1045561,0
1045562,19
1045563,0
1045564,0
1045565,0
1045566,0
1045567,0
1045568,0
1045569,0
1045570,0
1045571,15
1045572,0
1045573,0
1045574,0
1045575,0
1045576,0
1045577,18
1045578,0
1045579,0
1045580,0
1045581,15
1045582,0
1045583,0
1045584,0
1045585,20
1045586,0
1045587,11
1045588,0
1045589,0
1045590,0
1045591,0
1045592,0
1045593,0
1045594,19
1045595,0
1045596,0
1045597,0
1045598,15
1045599,0
1045600,0
1045601,0
1045602,0
1045603,16
1045604,0
1045605,11
1045606,0
1045607,0
1045608,0
1045609,0
1045610,16
1045611,0
1045612,0
1045613,20
1045614,0
1045615,0
1045616,0
1045617,0
1045618,0
1045619,0
1045620,0
1045621,0
1045622,0
1045623,0
1045624,0
1045625,15
1045626,0
1045627,0
1045628,0
1045629,0
1045630,0
1045631,0
1045632,0
1045633,0
1045634,0
1045635,0
1045636,0
1045637,0
1045638,10
1045639,0
1045640,0
1045641,0
1045642,0
1045643,20
1045644,0
1045645,0
1045646,0
1045647,7
1045648,0
1045649,17
1045650,0
1045651,0
1045652,0
1045653,0
1045654,0
1045655,0
1045656,0
1045657,0
1045658,0
1045659,0
1045660,0
1045661,0
1045662,0
1045663,0
1045664,0
1045665,0
1045666,0
1045667,0
1045668,0
1045669,0
1045670,0
1045671,13
1045672,0
1045673,0
1045674,23
1045675,0
1045676,21
1045677,0
1045678,0
1045679,14
1045680,0
1045681,0
1045682,0
1045683,0
1045684,0
1045685,0
1045686,8
1045687,0
1045688,0
1045689,0
1045690,0
1045691,25
1045692,18
1045693,0
1045694,0
1045695,0
1045696,16
1045697,0
1045698,0
1045699,0
1045700,0
1045701,0
1045702,0
1045703,16
1045704,0
1045705,11
1045706,0
1045707,0
1045708,0
1045709,0
1045710,0
1045711,0
1045712,0
1045713,24
1045714,0
1045715,0
1045716,26
1045717,0
1045718,0
1045719,0
1045720,0
1045721,0
1045722,0
1045723,0
1045724,0
1045725,0
1045726,0
1045727,0
1045728,0
1045729,0
1045730,19
1045731,0
1045732,0
1045733,0
1045734,0
1045735,0
1045736,0
1045737,0
1045738,18
1045739,0
1045740,0
1045741,0
1045742,12
1045743,0
1045744,0
1045745,0
1045746,0
1045747,0
1045748,0
1045749,0
1045750,0
1045751,0
1045752,0
1045753,0
1045754,0
1045755,0
1045756,16
1045757,0
1045758,0
1045759,27
1045760,0
1045761,0
1045762,0
1045763,0
1045764,25
1045765,0
1045766,0
1045767,0
1045768,0
1045769,14
1045770,0
1045771,0
1045772,11
1045773,0
1045774,0
1045775,0
1045776,16
1045777,19
1045778,10
1045779,0
1045780,22
1045781,0
1045782,0
1045783,0
1045784,0
1045785,16
1045786,0
1045787,0
1045788,0
1045789,0
1045790,0
1045791,0
1045792,0
1045793,0
1045794,0
1045795,0
1045796,0
1045797,0
1045798,0
1045799,0
1045800,0
1045801,0
1045802,0
1045803,13
1045804,0
1045805,0
1045806,0
1045807,0
1045808,0
1045809,0
1045810,0
1045811,0
1045812,0
1045813,20
1045814,0
1045815,0
1045816,0
1045817,0
1045818,0
1045819,0
1045820,0
1045821,0
1045822,0
1045823,0
1045824,0
1045825,0
1045826,0
1045827,0
1045828,0
1045829,0
1045830,0
1045831,19
1045832,0
1045833,28
1045834,0
1045835,0
1045836,0
1045837,24
1045838,0
1045839,0
1045840,0
1045841,0
1045842,0
1045843,0
1045844,0
1045845,0
1045846,0
1045847,0
1045848,0
1045849,0
1045850,0
1045851,0
1045852,0
1045853,0
1045854,0
1045855,0
1045856,0
1045857,0
1045858,0
1045859,29
1045860,0
1045861,0
1045862,0
1045863,0
1045864,0
1045865,0
1045866,0
1045867,0
1045868,0
1045869,0
1045870,0
1045871,0
1045872,0
1045873,0
1045874,0
1045875,0
1045876,0
1045877,0
1045878,17
1045879,0
1045880,0
1045881,0
1045882,0
1045883,0
1045884,0
1045885,0
1045886,0
1045887,0
1045888,12
1045889,0
1045890,0
1045891,13
1045892,0
1045893,0
1045894,0
1045895,0
1045896,0
1045897,0
1045898,0
1045899,0
1045900,0
1045901,0
1045902,0
1045903,0
1045904,0
1045905,20
1045906,0
1045907,0
1045908,0
1045909,0
1045910,0
1045911,0
1045912,0
1045913,20
1045914,0
1045915,0
1045916,0
1045917,29
1045918,0
1045919,0
1045920,11
1045921,0
1045922,0
1045923,0
1045924,0
1045925,0
1045926,0
1045927,0
1045928,0
1045929,16
1045930,0
1045931,0
1045932,0
1045933,0
1045934,0
1045935,6
1045936,0
1045937,0
1045938,0
1045939,0
1045940,24
1045941,0
1045942,0
1045943,0
1045944,0
1045945,24
1045946,0
1045947,0
1045948,0
1045949,0
1045950,0
1045951,0
1045952,0
1045953,0
1045954,0
1045955,0
1045956,15
1045957,22
1045958,0
1045959,0
1045960,0
1045961,0
1045962,0
1045963,0
1045964,18
1045965,0
1045966,0
1045967,0
1045968,0
1045969,0
1045970,0
1045971,0
1045972,0
1045973,0
1045974,0
1045975,17
1045976,0
1045977,0
1045978,0
1045979,0
1045980,0
1045981,0
1045982,18
1045983,0
1045984,0
1045985,0
1045986,14
1045987,0
1045988,0
1045989,0
1045990,27
1045991,0
1045992,0
1045993,0
1045994,0
1045995,0
1045996,0
1045997,0
1045998,0
1045999,0
1046000,0
1046001,0
1046002,0
1046003,0
1046004,0
1046005,0
1046006,20
1046007,0
1046008,0
1046009,15
1046010,23
1046011,20
1046012,0
1046013,0
1046014,0
1046015,0
1046016,0
1046017,0
1046018,0
1046019,0
1046020,0
1046021,19
1046022,0
1046023,0
1046024,0
1046025,0
1046026,0
1046027,0
1046028,23
1046029,0
1046030,0
1046031,0
1046032,0
1046033,12
1046034,0
1046035,0
1046036,0
1046037,18
1046038,0
1046039,0
1046040,0
1046041,0
1046042,0
1046043,9
1046044,0
1046045,0
1046046,0
1046047,0
1046048,0
1046049,0
1046050,0
1046051,0
1046052,11
1046053,0
1046054,0
1046055,0
1046056,0
1046057,0
1046058,0
1046059,0
1046060,0
1046061,0
1046062,0
1046063,0
1046064,0
1046065,0
1046066,0
1046067,0
1046068,16
1046069,21
1046070,0
1046071,0
1046072,24
1046073,0
1046074,0
1046075,21
1046076,0
1046077,0
1046078,0
1046079,0
1046080,0
1046081,0
1046082,0
1046083,6
1046084,0
1046085,0
1046086,0
1046087,0
1046088,0
1046089,0
1046090,0
1046091,0
1046092,25
1046093,0
1046094,0
1046095,0
1046096,0
1046097,0
1046098,17
1046099,0
1046100,0
1046101,0
1046102,23
1046103,12
1046104,0
1046105,0
1046106,0
1046107,0
1046108,0
1046109,0
1046110,0
1046111,0
1046112,0
1046113,0
1046114,18
1046115,0
1046116,19
1046117,0
1046118,0
1046119,19
1046120,0
1046121,0
1046122,0
1046123,0
1046124,0
1046125,0
1046126,0
1046127,0
1046128,0
1046129,0
1046130,0
1046131,0
1046132,0
1046133,17
1046134,0
1046135,0
1046136,0
1046137,0
1046138,0
1046139,0
1046140,0
1046141,0
1046142,0
1046143,0
1046144,0
1046145,0
1046146,0
1046147,0
1046148,0
1046149,24
1046150,0
1046151,0
1046152,0
1046153,0
1046154,0
1046155,0
1046156,0
1046157,0
1046158,0
1046159,0
1046160,0
1046161,0
1046162,29
1046163,0
1046164,0
1046165,0
1046166,0
1046167,0
1046168,0
1046169,0
1046170,0
1046171,0
1046172,0
1046173,0
1046174,0
1046175,0
1046176,0
1046177,0
1046178,14
1046179,0
1046180,0
1046181,0
1046182,0
1046183,19
1046184,0
1046185,0
1046186,0
1046187,0
1046188,0
1046189,0
1046190,14
1046191,0
1046192,0
1046193,0
1046194,0
1046195,0
1046196,0
1046197,0
1046198,0
1046199,0
1046200,0
1046201,0
1046202,0
1046203,0
1046204,0
1046205,0
1046206,7
1046207,0
1046208,0
1046209,0
1046210,20
1046211,0
1046212,0
1046213,22
1046214,0
1046215,0
1046216,0
1046217,20
1046218,0
1046219,0
1046220,0
1046221,0
1046222,0
1046223,0
1046224,0
1046225,0
1046226,0
1046227,0
1046228,0
1046229,0
1046230,0
1046231,0
1046232,0
1046233,0
1046234,0
1046235,0
1046236,0
1046237,0
1046238,0
1046239,0
1046240,0
1046241,0
1046242,0
1046243,0
1046244,0
1046245,0
1046246,0
1046247,21
1046248,0
1046249,0
1046250,0
1046251,0
1046252,0
1046253,0
1046254,0
1046255,0
1046256,0
1046257,0
1046258,0
1046259,0
1046260,0
1046261,0
1046262,48
1046263,0
1046264,0
1046265,0
1046266,0
1046267,29
1046268,0
1046269,0
1046270,0
1046271,0
1046272,0
1046273,0
1046274,0
1046275,0
1046276,0
1046277,0
1046278,0
1046279,0
1046280,0
1046281,0
1046282,0
1046283,40
1046284,33
1046285,0
1046286,0
1046287,0
1046288,47
1046289,0
1046290,0
1046291,27
1046292,0
1046293,0
1046294,27
1046295,0
1046296,0
1046297,25
1046298,0
1046299,25
1046300,0
1046301,0
1046302,0
1046303,0
1046304,0
1046305,0
1046306,0
1046307,0
1046308,0
1046309,0
1046310,0
1046311,40
1046312,0
1046313,0
1046314,0
1046315,0
1046316,0
1046317,57
1046318,40
1046319,0
1046320,31
1046321,0
1046322,0
1046323,0
1046324,0
1046325,29
1046326,0
1046327,0
1046328,0
1046329,0
1046330,0
1046331,29
1046332,42
1046333,0
1046334,29
1046335,0
1046336,0
1046337,0
1046338,42
1046339,0
1046340,0
1046341,0
1046342,0
1046343,0
1046344,0
1046345,0
1046346,0
1046347,0
1046348,0
1046349,35
1046350,0
1046351,35
1046352,0
1046353,0
1046354,20
1046355,0
1046356,0
1046357,0
1046358,0
1046359,0
1046360,0
1046361,33
1046362,0
1046363,0
1046364,0
1046365,72
1046366,0
1046367,0
1046368,44
1046369,33
1046370,0
1046371,62
1046372,0
1046373,0
1046374,0
1046375,0
1046376,38
1046377,0
1046378,0
1046379,0
1046380,31
1046381,0
1046382,43
1046383,35
1046384,0
1046385,0
1046386,0
1046387,0
1046388,0
1046389,0
1046390,0
1046391,0
1046392,0
1046393,0
1046394,0
1046395,34
1046396,0
1046397,0
1046398,0
1046399,0
1046400,0
1046401,0
1046402,0
1046403,0
1046404,0
1046405,27
1046406,0
1046407,0
1046408,0
1046409,0
1046410,0
1046411,0
1046412,0
1046413,0
1046414,0
1046415,0
1046416,0
1046417,0
1046418,0
1046419,0
1046420,0
1046421,0
1046422,0
1046423,0
1046424,0
1046425,0
1046426,0
1046427,0
1046428,25
1046429,30
1046430,0
1046431,0
1046432,0
1046433,0
1046434,0
1046435,0
1046436,0
1046437,0
1046438,0
1046439,35
1046440,0
1046441,0
1046442,0
1046443,0
1046444,0
1046445,0
1046446,0
1046447,0
1046448,0
1046449,0
1046450,0
1046451,0
1046452,0
1046453,0
1046454,0
1046455,0
1046456,29
1046457,0
1046458,0
1046459,0
1046460,35
1046461,16
1046462,0
1046463,14
1046464,23
1046465,0
1046466,21
1046467,0
1046468,0
1046469,26
1046470,0
1046471,0
1046472,17
1046473,22
1046474,0
1046475,0
1046476,0
1046477,0
1046478,0
1046479,25
1046480,0
1046481,0
1046482,0
1046483,0
1046484,0
1046485,0
1046486,0
1046487,0
1046488,0
1046489,14
1046490,0
1046491,0
1046492,0
1046493,0
1046494,0
1046495,0
1046496,0
1046497,0
1046498,0
1046499,0
1046500,0
1046501,0
1046502,0
1046503,0
1046504,26
1046505,0
1046506,0
1046507,0
1046508,0
1046509,19
1046510,0
1046511,0
1046512,0
1046513,0
1046514,0
1046515,0
1046516,0
1046517,0
1046518,0
1046519,0
1046520,0
1046521,17
1046522,0
1046523,0
1046524,0
1046525,0
1046526,0
1046527,29
1046528,39
1046529,0
1046530,0
1046531,0
1046532,0
1046533,39
1046534,27
1046535,31
1046536,34
1046537,0
1046538,0
1046539,0
1046540,0
1046541,21
1046542,0
1046543,0
1046544,27
1046545,0
1046546,0
1046547,26
1046548,28
1046549,0
1046550,0
1046551,0
1046552,0
1046553,0
1046554,0
1046555,0
1046556,23
1046557,0
1046558,0
1046559,0
1046560,0
1046561,29
1046562,0
1046563,0
1046564,0
1046565,0
1046566,0
1046567,0
1046568,0
1046569,0
1046570,0
1046571,0
1046572,0
1046573,0
1046574,0
1046575,0
1046576,23
1046577,0
1046578,0
1046579,0
1046580,0
1046581,0
1046582,0
1046583,22
1046584,0
1046585,0
1046586,0
1046587,0
1046588,0
1046589,0
1046590,0
1046591,0
1046592,0
1046593,0
1046594,0
1046595,11
1046596,0
1046597,0
1046598,34
1046599,0
1046600,27
1046601,0
1046602,40
1046603,0
1046604,19
1046605,0
1046606,0
1046607,0
1046608,0
1046609,24
1046610,0
1046611,0
1046612,0
1046613,0
1046614,0
1046615,0
1046616,0
1046617,0
1046618,0
1046619,0
1046620,0
1046621,0
1046622,10
1046623,0
1046624,0
1046625,0
1046626,0
1046627,0
1046628,0
1046629,0
1046630,0
1046631,0
1046632,23
1046633,0
1046634,0
1046635,0
1046636,0
1046637,0
1046638,0
1046639,0
1046640,0
1046641,0
1046642,0
1046643,0
1046644,0
1046645,0
1046646,0
1046647,0
1046648,0
1046649,0
1046650,17
1046651,19
1046652,0
1046653,34
1046654,12
1046655,0
1046656,0
1046657,35
1046658,0
1046659,0
1046660,0
1046661,0
1046662,0
1046663,0
1046664,0
1046665,0
1046666,0
1046667,0
1046668,31
1046669,0
1046670,0
1046671,21
1046672,0
1046673,0
1046674,0
1046675,0
1046676,0
1046677,0
1046678,0
1046679,0
1046680,0
1046681,31
1046682,26
1046683,0
1046684,0
1046685,0
1046686,0
1046687,0
1046688,0
1046689,0
1046690,0
1046691,0
1046692,0
1046693,0
1046694,0
1046695,0
1046696,0
1046697,15
1046698,0
1046699,0
1046700,28
1046701,28
1046702,0
1046703,0
1046704,0
1046705,18
1046706,0
1046707,0
1046708,35
1046709,0
1046710,0
1046711,0
1046712,18
1046713,0
1046714,0
1046715,0
1046716,28
1046717,0
1046718,0
1046719,19
1046720,0
1046721,20
1046722,0
1046723,32
1046724,36
1046725,0
1046726,0
1046727,0
1046728,0
1046729,27
1046730,0
1046731,0
1046732,0
1046733,0
1046734,0
1046735,0
1046736,22
1046737,37
1046738,0
1046739,0
1046740,0
1046741,27
1046742,28
1046743,0
1046744,0
1046745,26
1046746,0
1046747,0
1046748,0
1046749,0
1046750,0
1046751,0
1046752,27
1046753,0
1046754,0
1046755,0
1046756,0
1046757,29
1046758,32
1046759,0
1046760,22
1046761,0
1046762,19
1046763,0
1046764,0
1046765,0
1046766,0
1046767,0
1046768,0
1046769,0
1046770,9
1046771,0
1046772,0
1046773,0
1046774,9
1046775,0
1046776,11
1046777,0
1046778,11
1046779,0
1046780,0
1046781,0
1046782,7
1046783,7
1046784,0
1046785,0
1046786,0
1046787,6
1046788,12
1046789,0
1046790,0
1046791,0
1046792,7
1046793,8
1046794,15
1046795,0
1046796,0
1046797,0
1046798,6
1046799,0
1046800,0
1046801,0
1046802,0
1046803,13
1046804,9
1046805,14
1046806,0
1046807,0
1046808,8
1046809,0
1046810,0
1046811,0
1046812,0
1046813,0
1046814,9
1046815,0
1046816,0
1046817,0
1046818,0
1046819,0
1046820,0
1046821,0
1046822,0
1046823,9
1046824,15
1046825,10
1046826,0
1046827,0
1046828,0
1046829,11
1046830,0
1046831,0
1046832,0
1046833,0
1046834,0
1046835,0
1046836,0
1046837,0
1046838,0
1046839,0
1046840,0
1046841,0
1046842,0
1046843,0
1046844,0
1046845,0
1046846,6
1046847,0
1046848,0
1046849,13
1046850,0
1046851,0
1046852,0
1046853,6
1046854,0
1046855,11
1046856,0
1046857,0
1046858,0
1046859,10
1046860,0
1046861,4
1046862,0
1046863,0
1046864,10
1046865,0
1046866,0
1046867,0
1046868,0
1046869,0
1046870,21
1046871,0
1046872,13
1046873,14
1046874,0
1046875,0
1046876,0
1046877,0
1046878,0
1046879,8
1046880,0
1046881,9
1046882,0
1046883,8
1046884,0
1046885,0
1046886,14
1046887,0
1046888,0
1046889,0
1046890,0
1046891,0
1046892,13
1046893,0
1046894,0
1046895,0
1046896,0
1046897,5
1046898,0
1046899,0
1046900,0
1046901,0
1046902,0
1046903,0
1046904,0
1046905,8
1046906,8
1046907,12
1046908,14
1046909,0
1046910,0
1046911,0
1046912,11
1046913,0
1046914,0
1046915,0
1046916,8
1046917,0
1046918,0
1046919,0
1046920,0
1046921,0
1046922,0
1046923,0
1046924,21
1046925,0
1046926,0
1046927,4
1046928,0
1046929,0
1046930,0
1046931,0
1046932,0
1046933,0
1046934,9
1046935,0
1046936,0
1046937,0
1046938,0
1046939,0
1046940,10
1046941,12
1046942,9
1046943,0
1046944,0
1046945,0
1046946,12
1046947,0
1046948,0
1046949,0
1046950,0
1046951,0
1046952,9
1046953,0
1046954,0
1046955,0
1046956,18
1046957,0
1046958,0
1046959,0
1046960,9
1046961,0
1046962,0
1046963,0
1046964,11
1046965,7
1046966,0
1046967,13
1046968,0
1046969,0
1046970,0
1046971,11
1046972,0
1046973,0
1046974,0
1046975,0
1046976,0
1046977,9
1046978,0
1046979,0
1046980,0
1046981,0
1046982,0
1046983,11
1046984,0
1046985,11
1046986,0
1046987,0
1046988,15
1046989,0
1046990,0
1046991,10
1046992,11
1046993,0
1046994,0
1046995,0
1046996,10
1046997,0
1046998,0
1046999,6
1047000,13
1047001,0
1047002,0
1047003,0
1047004,7
1047005,11
1047006,0
1047007,8
1047008,0
1047009,0
1047010,0
1047011,0
1047012,0
1047013,0
1047014,0
1047015,0
1047016,0
1047017,0
1047018,0
1047019,0
1047020,0
1047021,5
1047022,0
1047023,0
1047024,0
1047025,0
1047026,1
1047027,0
1047028,0
1047029,0
1047030,0
1047031,0
1047032,4
1047033,3
1047034,0
1047035,0
1047036,0
1047037,0
1047038,0
1047039,6
1047040,0
1047041,0
1047042,0
1047043,0
1047044,0
1047045,6
1047046,5
1047047,1
1047048,0
1047049,0
1047050,0
1047051,0
1047052,0
1047053,0
1047054,0
1047055,0
1047056,0
1047057,0
1047058,0
1047059,5
1047060,0
1047061,0
1047062,0
1047063,0
1047064,0
1047065,4
1047066,0
1047067,0
1047068,0
1047069,0
1047070,0
1047071,0
1047072,0
1047073,0
1047074,0
1047075,0
1047076,0
1047077,0
1047078,0
1047079,0
1047080,0
1047081,0
1047082,3
1047083,0
1047084,0
1047085,0
1047086,0
1047087,0
1047088,6
1047089,0
1047090,0
1047091,0
1047092,0
1047093,0
1047094,0
1047095,0
1047096,0
1047097,0
1047098,0
1047099,0
1047100,0
1047101,9
1047102,0
1047103,0
1047104,0
1047105,0
1047106,0
1047107,0
1047108,0
1047109,0
1047110,0
1047111,0
1047112,0
1047113,0
1047114,3
1047115,0
1047116,6
1047117,0
1047118,0
1047119,0
1047120,0
1047121,0
1047122,5
1047123,2
1047124,0
1047125,0
1047126,0
1047127,0
1047128,0
1047129,0
1047130,0
1047131,0
1047132,0
1047133,0
1047134,0
1047135,5
1047136,0
1047137,0
1047138,0
1047139,0
1047140,0
1047141,0
1047142,0
1047143,0
1047144,0
1047145,0
1047146,0
1047147,0
1047148,0
1047149,0
1047150,0
1047151,0
1047152,0
1047153,0
1047154,0
1047155,0
1047156,7
1047157,0
1047158,4
1047159,0
1047160,0
1047161,0
1047162,0
1047163,0
1047164,0
1047165,0
1047166,0
1047167,0
1047168,0
1047169,5
1047170,0
1047171,10
1047172,0
1047173,0
1047174,0
1047175,0
1047176,0
1047177,0
1047178,0
1047179,0
1047180,0
1047181,0
1047182,0
1047183,0
1047184,0
1047185,0
1047186,0
1047187,0
1047188,0
1047189,0
1047190,0
1047191,0
1047192,7
1047193,0
1047194,0
1047195,0
1047196,0
1047197,2
1047198,0
1047199,0
1047200,0
1047201,0
1047202,0
1047203,0
1047204,0
1047205,0
1047206,0
1047207,0
1047208,0
1047209,0
1047210,0
1047211,0
1047212,0
1047213,0
1047214,0
1047215,0
1047216,0
1047217,0
1047218,0
1047219,0
1047220,0
1047221,0
1047222,0
1047223,0
1047224,0
1047225,0
1047226,0
1047227,0
1047228,0
1047229,0
1047230,0
1047231,0
1047232,4
1047233,0
1047234,0
1047235,0
1047236,5
1047237,0
1047238,0
1047239,0
1047240,0
1047241,0
1047242,0
1047243,0
1047244,0
1047245,0
1047246,0
1047247,0
1047248,0
1047249,0
1047250,0
1047251,0
1047252,0
1047253,0
1047254,0
1047255,0
1047256,7
1047257,0
1047258,0
1047259,0
1047260,0
1047261,0
1047262,8
1047263,0
1047264,0
1047265,0
1047266,0
1047267,0
1047268,0
1047269,0
1047270,0
1047271,0
1047272,0
1047273,0
1047274,0
1047275,0
1047276,0
1047277,5
1047278,0
1047279,0
1047280,0
1047281,0
1047282,0
1047283,0
1047284,0
1047285,0
1047286,0
1047287,0
1047288,7
1047289,0
1047290,4
1047291,0
1047292,0
1047293,0
1047294,0
1047295,0
1047296,0
1047297,0
1047298,0
1047299,0
1047300,4
1047301,0
1047302,0
1047303,0
1047304,0
1047305,9
1047306,0
1047307,0
1047308,0
1047309,0
1047310,0
1047311,0
1047312,0
1047313,0
1047314,0
1047315,0
1047316,0
1047317,0
1047318,0
1047319,0
1047320,0
1047321,0
1047322,8
1047323,0
1047324,0
1047325,0
1047326,4
1047327,0
1047328,0
1047329,0
1047330,0
1047331,0
1047332,0
1047333,0
1047334,0
1047335,0
1047336,0
1047337,0
1047338,0
1047339,0
1047340,0
1047341,6
1047342,0
1047343,0
1047344,3
1047345,0
1047346,0
1047347,7
1047348,0
1047349,0
1047350,0
1047351,0
1047352,5
1047353,0
1047354,0
1047355,0
1047356,0
1047357,0
1047358,0
1047359,0
1047360,8
1047361,0
1047362,0
1047363,2
1047364,0
1047365,0
1047366,0
1047367,0
1047368,0
1047369,0
1047370,0
1047371,0
1047372,6
1047373,0
1047374,0
1047375,0
1047376,0
1047377,0
1047378,0
1047379,0
1047380,0
1047381,0
1047382,0
1047383,4
1047384,0
1047385,0
1047386,0
1047387,0
1047388,0
1047389,0
1047390,0
1047391,0
1047392,0
1047393,0
1047394,3
1047395,6
1047396,0
1047397,0
1047398,0
1047399,0
1047400,0
1047401,0
1047402,0
1047403,0
1047404,0
1047405,0
1047406,8
1047407,0
1047408,0
1047409,0
1047410,4
1047411,0
1047412,0
1047413,0
1047414,0
1047415,0
1047416,0
1047417,0
1047418,0
1047419,0
1047420,0
1047421,0
1047422,0
1047423,10
1047424,0
1047425,0
1047426,0
1047427,0
1047428,0
1047429,0
1047430,0
1047431,0
1047432,0
1047433,0
1047434,0
1047435,0
1047436,0
1047437,0
1047438,0
1047439,0
1047440,0
1047441,8
1047442,0
1047443,0
1047444,0
1047445,6
1047446,0
1047447,0
1047448,0
1047449,0
1047450,0
1047451,0
1047452,0
1047453,0
1047454,0
1047455,0
1047456,0
1047457,0
1047458,0
1047459,0
1047460,0
1047461,0
1047462,0
1047463,0
1047464,0
1047465,0
1047466,2
1047467,0
1047468,0
1047469,0
1047470,0
1047471,0
1047472,0
1047473,0
1047474,0
1047475,0
1047476,9
1047477,0
1047478,0
1047479,0
1047480,0
1047481,0
1047482,0
1047483,0
1047484,0
1047485,0
1047486,0
1047487,0
1047488,0
1047489,0
1047490,0
1047491,0
1047492,4
1047493,0
1047494,0
1047495,3
1047496,0
1047497,0
1047498,0
1047499,0
1047500,0
1047501,0
1047502,0
1047503,2
1047504,0
1047505,0
1047506,0
1047507,0
1047508,0
1047509,0
1047510,0
1047511,0
1047512,0
1047513,0
1047514,0
1047515,0
1047516,0
1047517,0
1047518,0
1047519,0
1047520,0
1047521,0
1047522,5
1047523,0
1047524,0
1047525,0
1047526,0
1047527,0
1047528,0
1047529,0
1047530,3
1047531,0
1047532,0
1047533,8
1047534,0
1047535,0
1047536,0
1047537,0
1047538,0
1047539,0
1047540,0
1047541,0
1047542,2
1047543,0
1047544,0
1047545,0
1047546,5
1047547,0
1047548,7
1047549,0
1047550,0
1047551,0
1047552,0
1047553,0
1047554,0
1047555,0
1047556,0
1047557,0
1047558,0
1047559,4
1047560,2
1047561,7
1047562,0
1047563,0
1047564,1
1047565,0
1047566,4
1047567,0
1047568,0
1047569,3
1047570,0
1047571,0
1047572,0
1047573,0
1047574,0
1047575,0
1047576,0
1047577,0
1047578,0
1047579,0
1047580,0
1047581,0
1047582,6
1047583,0
1047584,0
1047585,0
1047586,0
1047587,0
1047588,0
1047589,0
1047590,0
1047591,0
1047592,0
1047593,0
1047594,0
1047595,0
1047596,0
1047597,0
1047598,0
1047599,0
1047600,0
1047601,0
1047602,0
1047603,0
1047604,0
1047605,0
1047606,0
1047607,0
1047608,0
1047609,0
1047610,0
1047611,0
1047612,0
1047613,3
1047614,0
1047615,0
1047616,0
1047617,0
1047618,0
1047619,0
1047620,0
1047621,0
1047622,0
1047623,0
1047624,0
1047625,0
1047626,4
1047627,0
1047628,0
1047629,0
1047630,3
1047631,0
1047632,4
1047633,0
1047634,0
1047635,0
1047636,0
1047637,4
1047638,3
1047639,0
1047640,0
1047641,0
1047642,0
1047643,0
1047644,0
1047645,0
1047646,0
1047647,0
1047648,0
1047649,0
1047650,0
1047651,0
1047652,0
1047653,0
1047654,0
1047655,0
1047656,5
1047657,0
1047658,0
1047659,0
1047660,0
1047661,0
1047662,0
1047663,0
1047664,0
1047665,0
1047666,0
1047667,0
1047668,0
1047669,0
1047670,0
1047671,0
1047672,0
1047673,0
1047674,0
1047675,5
1047676,0
1047677,0
1047678,0
1047679,0
1047680,0
1047681,0
1047682,0
1047683,10
1047684,0
1047685,0
1047686,0
1047687,0
1047688,0
1047689,0
1047690,0
1047691,0
1047692,0
1047693,0
1047694,0
1047695,0
1047696,0
1047697,0
1047698,0
1047699,5
1047700,0
1047701,7
1047702,0
1047703,0
1047704,0
1047705,0
1047706,0
1047707,0
1047708,0
1047709,0
1047710,0
1047711,0
1047712,0
1047713,0
1047714,0
1047715,0
1047716,0
1047717,0
1047718,0
1047719,0
1047720,0
1047721,0
1047722,0
1047723,0
1047724,0
1047725,0
1047726,0
1047727,0
1047728,0
1047729,0
1047730,0
1047731,0
1047732,0
1047733,0
1047734,0
1047735,8
1047736,0
1047737,0
1047738,7
1047739,0
1047740,0
1047741,0
1047742,0
1047743,0
1047744,0
1047745,0
1047746,0
1047747,0
1047748,0
1047749,0
1047750,0
1047751,0
1047752,0
1047753,5
1047754,0
1047755,0
1047756,0
1047757,8
1047758,2
1047759,0
1047760,0
1047761,0
1047762,0
1047763,0
1047764,0
1047765,6
1047766,0
1047767,0
1047768,0
1047769,0
1047770,0
1047771,0
1047772,0
1047773,0
1047774,0
1047775,0
1047776,0
1047777,0
1047778,0
1047779,6
1047780,0
1047781,0
1047782,0
1047783,0
1047784,0
1047785,0
1047786,0
1047787,0
1047788,0
1047789,0
1047790,0
1047791,0
1047792,0
1047793,0
1047794,0
1047795,0
1047796,0
1047797,0
1047798,0
1047799,0
1047800,0
1047801,0
1047802,4
1047803,0
1047804,0
1047805,8
1047806,0
1047807,0
1047808,3
1047809,0
1047810,0
1047811,0
1047812,0
1047813,0
1047814,0
1047815,0
1047816,0
1047817,0
1047818,0
1047819,0
1047820,0
1047821,0
1047822,0
1047823,0
1047824,0
1047825,0
1047826,0
1047827,0
1047828,6
1047829,0
1047830,0
1047831,0
1047832,11
1047833,9
1047834,0
1047835,0
1047836,0
1047837,0
1047838,0
1047839,0
1047840,0
1047841,0
1047842,0
1047843,0
1047844,0
1047845,0
1047846,0
1047847,0
1047848,0
1047849,0
1047850,0
1047851,11
1047852,0
1047853,0
1047854,0
1047855,0
1047856,0
1047857,0
1047858,0
1047859,0
1047860,0
1047861,0
1047862,0
1047863,5
1047864,0
1047865,0
1047866,0
1047867,8
1047868,0
1047869,0
1047870,0
1047871,0
1047872,0
1047873,0
1047874,0
1047875,0
1047876,0
1047877,0
1047878,0
1047879,0
1047880,0
1047881,0
1047882,10
1047883,0
1047884,0
1047885,0
1047886,0
1047887,0
1047888,0
1047889,0
1047890,0
1047891,0
1047892,0
1047893,0
1047894,0
1047895,0
1047896,0
1047897,0
1047898,0
1047899,0
1047900,0
1047901,2
1047902,0
1047903,0
1047904,0
1047905,0
1047906,9
1047907,0
1047908,3
1047909,0
1047910,0
1047911,0
1047912,6
1047913,4
1047914,0
1047915,5
1047916,0
1047917,0
1047918,0
1047919,5
1047920,8
1047921,0
1047922,0
1047923,0
1047924,0
1047925,0
1047926,0
1047927,0
1047928,0
1047929,0
1047930,0
1047931,0
1047932,0
1047933,0
1047934,0
1047935,0
1047936,6
1047937,4
1047938,0
1047939,0
1047940,3
1047941,0
1047942,5
1047943,0
1047944,0
1047945,0
1047946,0
1047947,0
1047948,0
1047949,0
1047950,0
1047951,0
1047952,9
1047953,0
1047954,0
1047955,0
1047956,0
1047957,0
1047958,0
1047959,0
1047960,0
1047961,0
1047962,8
1047963,0
1047964,0
1047965,0
1047966,0
1047967,0
1047968,0
1047969,0
1047970,0
1047971,0
1047972,0
1047973,0
1047974,0
1047975,0
1047976,0
1047977,0
1047978,0
1047979,7
1047980,0
1047981,0
1047982,5
1047983,0
1047984,0
1047985,0
1047986,0
1047987,0
1047988,0
1047989,0
1047990,0
1047991,0
1047992,0
1047993,0
1047994,0
1047995,0
1047996,0
1047997,0
1047998,0
1047999,0
1048000,0
1048001,0
1048002,0
1048003,0
1048004,0
1048005,0
1048006,0
1048007,0
1048008,0
1048009,11
1048010,0
1048011,3
1048012,0
1048013,0
1048014,0
1048015,0
1048016,3
1048017,0
1048018,0
1048019,0
1048020,6
1048021,0
1048022,0
1048023,0
1048024,0
1048025,0
1048026,0
1048027,0
1048028,0
1048029,9
1048030,0
1048031,0
1048032,0
1048033,7
1048034,0
1048035,0
1048036,0
1048037,0
1048038,0
1048039,0
1048040,0
1048041,0
1048042,0
1048043,10
1048044,0
1048045,0
1048046,0
1048047,0
1048048,0
1048049,0
1048050,0
1048051,0
1048052,0
1048053,0
1048054,7
1048055,0
1048056,0
1048057,0
1048058,0
1048059,0
1048060,0
1048061,5
1048062,0
1048063,0
1048064,0
1048065,0
1048066,0
1048067,0
1048068,0
1048069,0
1048070,0
1048071,0
1048072,0
1048073,0
1048074,0
1048075,0
1048076,0
1048077,5
1048078,0
1048079,5
1048080,0
1048081,0
1048082,0
1048083,5
1048084,0
1048085,0
1048086,0
1048087,0
1048088,0
1048089,0
1048090,0
1048091,0
1048092,0
1048093,0
1048094,0
1048095,0
1048096,0
1048097,0
1048098,0
1048099,5
1048100,0
1048101,0
1048102,0
1048103,0
1048104,0
1048105,0
1048106,3
1048107,0
1048108,0
1048109,0
1048110,0
1048111,0
1048112,0
1048113,0
1048114,5
1048115,0
1048116,0
1048117,0
1048118,0
1048119,0
1048120,0
1048121,0
1048122,0
1048123,0
1048124,0
1048125,0
1048126,0
1048127,0
1048128,0
1048129,0
1048130,4
1048131,0
1048132,0
1048133,0
1048134,0
1048135,3
1048136,0
1048137,0
1048138,0
1048139,0
1048140,0
1048141,0
1048142,0
1048143,0
1048144,0
1048145,0
1048146,0
1048147,0
1048148,0
1048149,4
1048150,0
1048151,0
1048152,0
1048153,0
1048154,0
1048155,0
1048156,0
1048157,0
1048158,0
1048159,0
1048160,0
1048161,0
1048162,0
1048163,0
1048164,0
1048165,0
1048166,0
1048167,0
1048168,0
1048169,0
1048170,5
1048171,4
1048172,0
1048173,0
1048174,0
1048175,0
1048176,0
1048177,0
1048178,0
1048179,0
1048180,0
1048181,0
1048182,0
1048183,3
1048184,6
1048185,1
1048186,0
1048187,0
1048188,0
1048189,0
1048190,0
1048191,0
1048192,0
1048193,2
1048194,0
1048195,2
1048196,0
1048197,0
1048198,0
1048199,0
1048200,10
1048201,4
1048202,0
1048203,0
1048204,0
1048205,0
1048206,0
1048207,0
1048208,0
1048209,0
1048210,0
1048211,0
1048212,0
1048213,7
1048214,0
1048215,0
1048216,0
1048217,0
1048218,0
1048219,3
1048220,0
1048221,5
1048222,18
1048223,25
1048224,0
1048225,0
1048226,0
1048227,37
1048228,13
1048229,0
1048230,0
1048231,0
1048232,0
1048233,0
1048234,0
1048235,0
1048236,0
1048237,0
1048238,0
1048239,32
1048240,0
1048241,0
1048242,0
1048243,11
1048244,0
1048245,0
1048246,0
1048247,0
1048248,0
1048249,25
1048250,0
1048251,0
1048252,0
1048253,11
1048254,0
1048255,32
1048256,7
1048257,0
1048258,16
1048259,0
1048260,0
1048261,0
1048262,0
1048263,0
1048264,0
1048265,0
1048266,0
1048267,38
1048268,0
1048269,0
1048270,29
1048271,14
1048272,0
1048273,0
1048274,0
1048275,0
1048276,26
1048277,0
1048278,0
1048279,0
1048280,0
1048281,0
1048282,0
1048283,0
1048284,0
1048285,27
1048286,0
1048287,0
1048288,0
1048289,0
1048290,28
1048291,0
1048292,0
1048293,0
1048294,13
1048295,0
1048296,7
1048297,0
1048298,0
1048299,0
1048300,0
1048301,0
1048302,0
1048303,0
1048304,19
1048305,0
1048306,0
1048307,0
1048308,26
1048309,0
1048310,0
1048311,0
1048312,0
1048313,23
1048314,0
1048315,0
1048316,0
1048317,0
1048318,0
1048319,0
1048320,0
1048321,0
1048322,0
1048323,23
1048324,0
1048325,20
1048326,0
1048327,0
1048328,18
1048329,17
1048330,0
1048331,0
1048332,0
1048333,0
1048334,0
1048335,0
1048336,24
1048337,0
1048338,0
1048339,0
1048340,0
1048341,34
1048342,0
1048343,0
1048344,0
1048345,11
1048346,0
1048347,27
1048348,34
1048349,0
1048350,0
1048351,11
1048352,14
1048353,0
1048354,0
1048355,0
1048356,24
1048357,0
1048358,16
1048359,0
1048360,0
1048361,0
1048362,0
1048363,0
1048364,0
1048365,0
1048366,0
1048367,0
1048368,0
1048369,0
1048370,0
1048371,0
1048372,35
1048373,0
1048374,0
1048375,0
1048376,0
1048377,0
1048378,0
1048379,0
1048380,0
1048381,0
1048382,0
1048383,36
1048384,0
1048385,0
1048386,0
1048387,13
1048388,0
1048389,0
1048390,0
1048391,0
1048392,0
1048393,18
1048394,0
1048395,0
1048396,0
1048397,0
1048398,0
1048399,0
1048400,0
1048401,0
1048402,0
1048403,0
1048404,0
1048405,0
1048406,0
1048407,0
1048408,13
1048409,0
1048410,0
1048411,18
1048412,0
1048413,0
1048414,0
1048415,0
1048416,0
1048417,0
1048418,0
1048419,0
1048420,0
1048421,0
1048422,20
1048423,0
1048424,0
1048425,0
1048426,0
1048427,0
1048428,0
1048429,0
1048430,16
1048431,0
1048432,0
1048433,0
1048434,19
1048435,0
1048436,0
1048437,8
1048438,0
1048439,0
1048440,0
1048441,0
1048442,0
1048443,0
1048444,0
1048445,0
1048446,22
1048447,0
1048448,39
1048449,0
1048450,0
1048451,0
1048452,0
1048453,0
1048454,0
1048455,0
1048456,0
1048457,0
1048458,0
1048459,0
1048460,0
1048461,16
1048462,0
1048463,0
1048464,0
1048465,0
1048466,0
1048467,0
1048468,0
1048469,0
1048470,0
1048471,0
1048472,0
1048473,0
1048474,0
1048475,0
1048476,0
1048477,6
1048478,0
1048479,0
1048480,0
1048481,0
1048482,0
1048483,0
1048484,1
1048485,0
1048486,0
1048487,0
1048488,0
1048489,0
1048490,1
1048491,0
1048492,0
1048493,0
1048494,0
1048495,0
1048496,1
1048497,0
1048498,0
1048499,0
1048500,0
1048501,0
1048502,0
1048503,0
1048504,0
1048505,0
1048506,5
1048507,3
1048508,5
1048509,0
1048510,0
1048511,0
1048512,0
1048513,0
1048514,0
1048515,2
1048516,0
1048517,3
1048518,0
1048519,0
1048520,0
1048521,0
1048522,0
1048523,0
1048524,0
1048525,0
1048526,2
1048527,0
1048528,4
1048529,4
1048530,0
1048531,0
1048532,0
1048533,2
1048534,0
1048535,3
1048536,3
1048537,4
1048538,0
1048539,0
1048540,0
1048541,0
1048542,0
1048543,0
1048544,1
1048545,0
1048546,0
1048547,0
1048548,0
1048549,1
1048550,0
1048551,4
1048552,0
1048553,4
1048554,0
1048555,0
1048556,0
1048557,0
1048558,0
1048559,0
1048560,0
1048561,5
1048562,0
1048563,0
1048564,0
1048565,0
1048566,0
1048567,0
1048568,5
1048569,0
1048570,3
1048571,0
1048572,0
1048573,0
1048574,0
1048575,0
1048576,3
1048577,0
1048578,2
1048579,0
1048580,0
1048581,4
1048582,6
1048583,8
1048584,0
1048585,0
1048586,0
1048587,0
1048588,0
1048589,0
1048590,0
1048591,0
1048592,2
1048593,0
1048594,0
1048595,0
1048596,0
1048597,0
1048598,0
1048599,0
1048600,0
1048601,0
1048602,0
1048603,0
1048604,0
1048605,0
1048606,0
1048607,10
1048608,0
1048609,0
1048610,24
1048611,0
1048612,0
1048613,0
1048614,0
1048615,0
1048616,0
1048617,0
1048618,0
1048619,0
1048620,0
1048621,0
1048622,0
1048623,28
1048624,0
1048625,0
1048626,0
1048627,39
1048628,0
1048629,21
1048630,0
1048631,0
1048632,0
1048633,0
1048634,0
1048635,0
1048636,0
1048637,0
1048638,0
1048639,0
1048640,0
1048641,0
1048642,0
1048643,0
1048644,0
1048645,0
1048646,31
1048647,0
1048648,10
1048649,0
1048650,0
1048651,37
1048652,0
1048653,0
1048654,20
1048655,0
1048656,0
1048657,0
1048658,31
1048659,0
1048660,0
1048661,47
1048662,0
1048663,0
1048664,0
1048665,0
1048666,27
1048667,0
1048668,0
1048669,0
1048670,0
1048671,0
1048672,0
1048673,0
1048674,0
1048675,0
1048676,0
1048677,23
1048678,0
1048679,0
1048680,0
1048681,0
1048682,22
1048683,0
1048684,0
1048685,0
1048686,0
1048687,22
1048688,22
1048689,0
1048690,0
1048691,0
1048692,0
1048693,0
1048694,0
1048695,0
1048696,0
1048697,0
1048698,21
1048699,0
1048700,0
1048701,0
1048702,0
1048703,0
1048704,0
1048705,0
1048706,0
1048707,0
1048708,23
1048709,0
1048710,0
1048711,0
1048712,0
1048713,0
1048714,0
1048715,27
1048716,0
1048717,0
1048718,0
1048719,0
1048720,0
1048721,10
1048722,37
1048723,0
1048724,20
1048725,0
1048726,18
1048727,0
1048728,0
1048729,0
1048730,0
1048731,0
1048732,0
1048733,0
1048734,14
1048735,29
1048736,0
1048737,30
1048738,24
1048739,24
1048740,0
1048741,0
1048742,19
1048743,0
1048744,0
1048745,0
1048746,0
1048747,0
1048748,0
1048749,0
1048750,0
1048751,0
1048752,0
1048753,0
1048754,0
1048755,13
1048756,0
1048757,0
1048758,0
1048759,0
1048760,0
1048761,0
1048762,0
1048763,33
1048764,37
1048765,0
1048766,0
1048767,36
1048768,0
1048769,0
1048770,0
1048771,0
1048772,31
1048773,0
1048774,0
1048775,0
1048776,0
1048777,0
1048778,0
1048779,56
1048780,0
1048781,0
1048782,0
1048783,0
1048784,0
1048785,0
1048786,0
1048787,22
1048788,0
1048789,0
1048790,0
1048791,0
1048792,0
1048793,0
1048794,0
1048795,0
1048796,0
1048797,0
1048798,0
1048799,0
1048800,0
1048801,0
1048802,0
1048803,0
1048804,50
1048805,0
1048806,0
1048807,0
1048808,0
1048809,0
1048810,0
1048811,0
1048812,0
1048813,0
1048814,0
1048815,0
1048816,0
1048817,0
1048818,31
1048819,0
1048820,0
1048821,0
1048822,0
1048823,0
1048824,0
1048825,0
1048826,0
1048827,0
1048828,0
1048829,0
1048830,0
1048831,0
1048832,0
1048833,0
1048834,0
1048835,0
1048836,0
1048837,0
1048838,55
1048839,38
1048840,0
1048841,0
1048842,0
1048843,0
1048844,0
1048845,41
1048846,0
1048847,0
1048848,0
1048849,0
1048850,0
1048851,0
1048852,0
1048853,0
1048854,0
1048855,0
1048856,0
1048857,0
1048858,27
1048859,0
1048860,0
1048861,0
1048862,0
1048863,0
1048864,0
1048865,0
1048866,0
1048867,0
1048868,0
1048869,54
1048870,0
1048871,0
1048872,0
1048873,0
1048874,0
1048875,0
1048876,0
1048877,0
1048878,0
1048879,0
1048880,0
1048881,0
1048882,0
1048883,0
1048884,0
1048885,0
1048886,0
1048887,0
1048888,0
1048889,0
1048890,0
1048891,0
1048892,0
1048893,0
1048894,0
1048895,0
1048896,0
1048897,0
1048898,33
1048899,0
1048900,0
1048901,33
1048902,0
1048903,0
1048904,0
1048905,30
1048906,0
1048907,0
1048908,0
1048909,0
1048910,0
1048911,0
1048912,0
1048913,0
1048914,27
1048915,0
1048916,0
1048917,0
1048918,0
1048919,0
1048920,0
1048921,0
1048922,0
1048923,0
1048924,0
1048925,24
1048926,0
1048927,36
1048928,0
1048929,0
1048930,0
1048931,37
1048932,0
1048933,0
1048934,0
1048935,0
1048936,61
1048937,0
1048938,0
1048939,33
1048940,35
1048941,0
1048942,0
1048943,0
1048944,0
1048945,0
1048946,0
1048947,0
1048948,50
1048949,0
1048950,0
1048951,56
1048952,0
1048953,38
1048954,0
1048955,0
1048956,0
1048957,54
1048958,0
1048959,0
1048960,0
1048961,0
1048962,0
1048963,0
1048964,34
1048965,0
1048966,0
1048967,0
1048968,0
1048969,0
1048970,0
1048971,0
1048972,0
1048973,0
1048974,0
1048975,0
1048976,0
1048977,0
1048978,0
1048979,0
1048980,0
1048981,0
1048982,39
1048983,0
1048984,34
1048985,0
1048986,0
1048987,0
1048988,0
1048989,0
1048990,0
1048991,0
1048992,0
1048993,38
1048994,40
1048995,35
1048996,0
1048997,0
1048998,0
1048999,0
1049000,0
1049001,0
1049002,0
1049003,0
1049004,0
1049005,0
1049006,0
1049007,0
1049008,0
1049009,0
1049010,0
1049011,0
1049012,0
1049013,0
1049014,0
1049015,0
1049016,55
1049017,0
1049018,0
1049019,0
1049020,42
1049021,0
1049022,54
1049023,0
1049024,42
1049025,0
1049026,0
1049027,0
1049028,44
1049029,0
1049030,0
1049031,0
1049032,0
1049033,0
1049034,0
1049035,0
1049036,0
1049037,0
1049038,0
1049039,0
1049040,0
1049041,0
1049042,0
1049043,0
1049044,34
1049045,19
1049046,0
1049047,0
1049048,0
1049049,0
1049050,0
1049051,0
1049052,0
1049053,0
1049054,42
1049055,0
1049056,0
1049057,0
1049058,47
1049059,27
1049060,0
1049061,0
1049062,31
1049063,0
1049064,0
1049065,0
1049066,0
1049067,0
1049068,0
1049069,0
1049070,0
1049071,0
1049072,0
1049073,0
1049074,0
1049075,53
1049076,0
1049077,0
1049078,0
1049079,0
1049080,0
1049081,0
1049082,0
1049083,0
1049084,44
1049085,0
1049086,0
1049087,0
1049088,0
1049089,40
1049090,0
1049091,0
1049092,0
1049093,0
1049094,0
1049095,0
1049096,0
1049097,0
1049098,0
1049099,38
1049100,0
1049101,0
1049102,0
1049103,0
1049104,0
1049105,0
1049106,34
1049107,0
1049108,0
1049109,0
1049110,0
1049111,0
1049112,0
1049113,0
1049114,0
1049115,0
1049116,0
1049117,0
1049118,0
1049119,0
1049120,0
1049121,0
1049122,0
1049123,0
1049124,0
1049125,0
1049126,0
1049127,0
1049128,47
1049129,0
1049130,0
1049131,0
1049132,0
1049133,0
1049134,0
1049135,0
1049136,0
1049137,0
1049138,0
1049139,0
1049140,0
1049141,0
1049142,0
1049143,0
1049144,32
1049145,0
1049146,0
1049147,0
1049148,0
1049149,0
1049150,0
1049151,0
1049152,0
1049153,0
1049154,0
1049155,0
1049156,0
1049157,0
1049158,33
1049159,0
1049160,0
1049161,0
1049162,0
1049163,0
1049164,0
1049165,0
1049166,0
1049167,0
1049168,0
1049169,0
1049170,0
1049171,0
1049172,0
1049173,0
1049174,0
1049175,0
1049176,0
1049177,36
1049178,0
1049179,48
1049180,0
1049181,36
1049182,28
1049183,0
1049184,25
1049185,0
1049186,0
1049187,0
1049188,52
1049189,0
1049190,0
1049191,0
1049192,0
1049193,0
1049194,0
1049195,50
1049196,0
1049197,0
1049198,0
1049199,0
1049200,0
1049201,0
1049202,0
1049203,0
1049204,25
1049205,0
1049206,0
1049207,0
1049208,0
1049209,0
1049210,0
1049211,0
1049212,0
1049213,0
1049214,43
1049215,0
1049216,0
1049217,30
1049218,0
1049219,0
1049220,0
1049221,0
1049222,0
1049223,38
1049224,31
1049225,0
1049226,0
1049227,24
1049228,0
1049229,0
1049230,0
1049231,0
1049232,0
1049233,29
1049234,0
1049235,0
1049236,0
1049237,0
1049238,0
1049239,0
1049240,49
1049241,0
1049242,47
1049243,0
1049244,0
1049245,37
1049246,0
1049247,0
1049248,0
1049249,0
1049250,0
1049251,0
1049252,0
1049253,0
1049254,0
1049255,0
1049256,0
1049257,0
1049258,0
1049259,0
1049260,0
1049261,0
1049262,0
1049263,33
1049264,53
1049265,0
1049266,0
1049267,0
1049268,0
1049269,0
1049270,0
1049271,52
1049272,0
1049273,0
1049274,0
1049275,0
1049276,0
1049277,0
1049278,0
1049279,0
1049280,0
1049281,0
1049282,0
1049283,0
1049284,0
1049285,0
1049286,0
1049287,0
1049288,30
1049289,0
1049290,0
1049291,0
1049292,31
1049293,70
1049294,0
1049295,0
1049296,0
1049297,0
1049298,0
1049299,0
1049300,43
1049301,0
1049302,0
1049303,51
1049304,29
1049305,0
1049306,0
1049307,0
1049308,0
1049309,0
1049310,0
1049311,44
1049312,0
1049313,32
1049314,0
1049315,0
1049316,0
1049317,0
1049318,0
1049319,23
1049320,0
1049321,0
1049322,0
1049323,0
1049324,0
1049325,0
1049326,0
1049327,0
1049328,0
1049329,21
1049330,0
1049331,53
1049332,0
1049333,0
1049334,29
1049335,0
1049336,0
1049337,29
1049338,26
1049339,0
1049340,27
1049341,0
1049342,0
1049343,0
1049344,0
1049345,0
1049346,0
1049347,0
1049348,0
1049349,0
1049350,0
1049351,0
1049352,0
1049353,0
1049354,44
1049355,35
1049356,0
1049357,0
1049358,0
1049359,44
1049360,0
1049361,0
1049362,0
1049363,0
1049364,0
1049365,0
1049366,0
1049367,0
1049368,0
1049369,0
1049370,0
1049371,0
1049372,0
1049373,0
1049374,38
1049375,0
1049376,0
1049377,0
1049378,0
1049379,39
1049380,0
1049381,0
1049382,0
1049383,29
1049384,0
1049385,0
1049386,0
1049387,0
1049388,0
1049389,0
1049390,0
1049391,56
1049392,0
1049393,0
1049394,28
1049395,0
1049396,0
1049397,0
1049398,0
1049399,0
1049400,0
1049401,37
1049402,0
1049403,0
1049404,0
1049405,35
1049406,0
1049407,0
1049408,0
1049409,0
1049410,54
1049411,0
1049412,0
1049413,0
1049414,0
1049415,0
1049416,0
1049417,0
1049418,0
1049419,51
1049420,0
1049421,0
1049422,45
1049423,0
1049424,0
1049425,23
1049426,0
1049427,0
1049428,0
1049429,0
1049430,0
1049431,0
1049432,0
1049433,0
1049434,0
1049435,0
1049436,0
1049437,0
1049438,0
1049439,53
1049440,0
1049441,0
1049442,0
1049443,0
1049444,53
1049445,0
1049446,0
1049447,0
1049448,0
1049449,0
1049450,0
1049451,0
1049452,0
1049453,54
1049454,0
1049455,21
1049456,0
1049457,0
1049458,0
1049459,0
1049460,54
1049461,0
1049462,0
1049463,44
1049464,32
1049465,0
1049466,0
1049467,0
1049468,0
1049469,0
1049470,0
1049471,0
1049472,0
1049473,0
1049474,36
1049475,0
1049476,0
1049477,0
1049478,0
1049479,32
1049480,0
1049481,0
1049482,0
1049483,46
1049484,0
1049485,0
1049486,0
1049487,0
1049488,0
1049489,0
1049490,0
1049491,0
1049492,36
1049493,0
1049494,0
1049495,41
1049496,0
1049497,32
1049498,0
1049499,0
1049500,0
1049501,0
1049502,0
1049503,0
1049504,0
1049505,0
1049506,0
1049507,0
1049508,0
1049509,0
1049510,0
1049511,29
1049512,0
1049513,0
1049514,0
1049515,33
1049516,0
1049517,0
1049518,0
1049519,33
1049520,0
1049521,25
1049522,42
1049523,31
1049524,0
1049525,0
1049526,0
1049527,0
1049528,0
1049529,0
1049530,0
1049531,0
1049532,0
1049533,0
1049534,0
1049535,0
1049536,0
1049537,0
1049538,0
1049539,0
1049540,0
1049541,0
1049542,38
1049543,0
1049544,0
1049545,0
1049546,0
1049547,0
1049548,0
1049549,0
1049550,0
1049551,0
1049552,0
1049553,0
1049554,0
1049555,0
1049556,0
1049557,0
1049558,0
1049559,0
1049560,40
1049561,0
1049562,0
1049563,44
1049564,22
1049565,0
1049566,0
1049567,54
1049568,0
1049569,0
1049570,0
1049571,45
1049572,0
1049573,0
1049574,0
1049575,49
1049576,0
1049577,0
1049578,0
1049579,0
1049580,0
1049581,0
1049582,0
1049583,0
1049584,0
1049585,0
1049586,0
1049587,0
1049588,0
1049589,21
1049590,0
1049591,0
1049592,0
1049593,25
1049594,0
1049595,0
1049596,0
1049597,26
1049598,0
1049599,0
1049600,0
1049601,0
1049602,0
1049603,17
1049604,0
1049605,0
1049606,0
1049607,0
1049608,23
1049609,0
1049610,38
1049611,0
1049612,46
1049613,0
1049614,0
1049615,0
1049616,0
1049617,0
1049618,0
1049619,0
1049620,29
1049621,0
1049622,0
1049623,0
1049624,0
1049625,15
1049626,28
1049627,0
1049628,34
1049629,0
1049630,0
1049631,0
1049632,0
1049633,0
1049634,0
1049635,35
1049636,0
1049637,0
1049638,17
1049639,0
1049640,16
1049641,22
1049642,0
1049643,0
1049644,26
1049645,30
1049646,23
1049647,24
1049648,0
1049649,0
1049650,0
1049651,0
1049652,0
1049653,0
1049654,28
1049655,23
1049656,20
1049657,0
1049658,0
1049659,0
1049660,0
1049661,0
1049662,0
1049663,0
1049664,0
1049665,0
1049666,0
1049667,0
1049668,0
1049669,0
1049670,22
1049671,0
1049672,34
1049673,37
1049674,0
1049675,30
1049676,0
1049677,0
1049678,0
1049679,0
1049680,0
1049681,0
1049682,28
1049683,0
1049684,0
1049685,38
1049686,0
1049687,0
1049688,0
1049689,0
1049690,0
1049691,0
1049692,24
1049693,0
1049694,0
1049695,0
1049696,0
1049697,0
1049698,0
1049699,0
1049700,0
1049701,0
1049702,0
1049703,0
1049704,0
1049705,0
1049706,0
1049707,0
1049708,0
1049709,0
1049710,0
1049711,9
1049712,0
1049713,0
1049714,0
1049715,0
1049716,0
1049717,0
1049718,0
1049719,0
1049720,0
1049721,0
1049722,15
1049723,0
1049724,0
1049725,0
1049726,0
1049727,0
1049728,0
1049729,0
1049730,0
1049731,0
1049732,0
1049733,0
1049734,0
1049735,0
1049736,0
1049737,0
1049738,0
1049739,0
1049740,0
1049741,0
1049742,8
1049743,0
1049744,0
1049745,0
1049746,0
1049747,0
1049748,0
1049749,0
1049750,0
1049751,0
1049752,0
1049753,0
1049754,0
1049755,0
1049756,0
1049757,0
1049758,0
1049759,0
1049760,0
1049761,0
1049762,11
1049763,0
1049764,0
1049765,0
1049766,0
1049767,0
1049768,0
1049769,0
1049770,0
1049771,0
1049772,0
1049773,0
1049774,0
1049775,0
1049776,0
1049777,0
1049778,21
1049779,0
1049780,0
1049781,0
1049782,0
1049783,0
1049784,0
1049785,0
1049786,0
1049787,0
1049788,0
1049789,0
1049790,0
1049791,0
1049792,0
1049793,0
1049794,0
1049795,0
1049796,0
1049797,0
1049798,0
1049799,18
1049800,19
1049801,0
1049802,17
1049803,0
1049804,0
1049805,23
1049806,0
1049807,0
1049808,0
1049809,0
1049810,0
1049811,18
1049812,0
1049813,0
1049814,0
1049815,0
1049816,0
1049817,0
1049818,0
1049819,0
1049820,0
1049821,0
1049822,0
1049823,0
1049824,0
1049825,0
1049826,0
1049827,0
1049828,0
1049829,11
1049830,0
1049831,0
1049832,21
1049833,10
1049834,0
1049835,0
1049836,15
1049837,0
1049838,0
1049839,0
1049840,0
1049841,0
1049842,0
1049843,0
1049844,0
1049845,0
1049846,19
1049847,27
1049848,0
1049849,18
1049850,0
1049851,0
1049852,0
1049853,0
1049854,0
1049855,0
1049856,0
1049857,0
1049858,18
1049859,0
1049860,0
1049861,0
1049862,0
1049863,0
1049864,20
1049865,0
1049866,17
1049867,0
1049868,0
1049869,0
1049870,0
1049871,0
1049872,0
1049873,0
1049874,0
1049875,0
1049876,0
1049877,0
1049878,0
1049879,0
1049880,0
1049881,0
1049882,0
1049883,0
1049884,0
1049885,0
1049886,0
1049887,0
1049888,27
1049889,0
1049890,0
1049891,0
1049892,0
1049893,0
1049894,0
1049895,0
1049896,0
1049897,0
1049898,0
1049899,0
1049900,0
1049901,0
1049902,0
1049903,0
1049904,10
1049905,0
1049906,0
1049907,0
1049908,0
1049909,0
1049910,0
1049911,0
1049912,0
1049913,0
1049914,0
1049915,0
1049916,0
1049917,0
1049918,0
1049919,0
1049920,0
1049921,0
1049922,0
1049923,0
1049924,17
1049925,0
1049926,0
1049927,0
1049928,0
1049929,0
1049930,0
1049931,0
1049932,0
1049933,0
1049934,0
1049935,0
1049936,17
1049937,0
1049938,0
1049939,0
1049940,0
1049941,0
1049942,0
1049943,0
1049944,0
1049945,0
1049946,19
1049947,0
1049948,0
1049949,0
1049950,10
1049951,0
1049952,0
1049953,0
1049954,0
1049955,0
1049956,0
1049957,0
1049958,17
1049959,0
1049960,0
1049961,0
1049962,0
1049963,0
1049964,0
1049965,0
1049966,0
1049967,0
1049968,0
1049969,0
1049970,0
1049971,0
1049972,18
1049973,13
1049974,0
1049975,0
1049976,0
1049977,0
1049978,0
1049979,0
1049980,0
1049981,0
1049982,0
1049983,27
1049984,0
1049985,0
1049986,0
1049987,0
1049988,0
1049989,0
1049990,0
1049991,0
1049992,19
1049993,0
1049994,0
1049995,0
1049996,0
1049997,0
1049998,0
1049999,22
1050000,18
1050001,0
1050002,0
1050003,0
1050004,0
1050005,0
1050006,0
1050007,0
1050008,0
1050009,0
1050010,0
1050011,0
1050012,0
1050013,22
1050014,0
1050015,0
1050016,0
1050017,0
1050018,12
1050019,0
1050020,0
1050021,0
1050022,0
1050023,0
1050024,0
1050025,0
1050026,0
1050027,0
1050028,31
1050029,0
1050030,20
1050031,0
1050032,18
1050033,0
1050034,0
1050035,0
1050036,0
1050037,0
1050038,0
1050039,0
1050040,0
1050041,0
1050042,0
1050043,0
1050044,0
1050045,0
1050046,0
1050047,0
1050048,0
1050049,25
1050050,0
1050051,0
1050052,0
1050053,0
1050054,0
1050055,0
1050056,0
1050057,0
1050058,14
1050059,0
1050060,0
1050061,0
1050062,0
1050063,0
1050064,0
1050065,0
1050066,0
1050067,0
1050068,15
1050069,0
1050070,14
1050071,0
1050072,0
1050073,0
1050074,26
1050075,16
1050076,18
1050077,0
1050078,0
1050079,0
1050080,0
1050081,0
1050082,0
1050083,0
1050084,13
1050085,0
1050086,16
1050087,0
1050088,0
1050089,0
1050090,0
1050091,0
1050092,0
1050093,0
1050094,0
1050095,0
1050096,22
1050097,0
1050098,0
1050099,0
1050100,0
1050101,0
1050102,0
1050103,0
1050104,22
1050105,0
1050106,0
1050107,0
1050108,0
1050109,0
1050110,0
1050111,0
1050112,0
1050113,0
1050114,0
1050115,0
1050116,0
1050117,0
1050118,0
1050119,0
1050120,0
1050121,0
1050122,0
1050123,0
1050124,0
1050125,0
1050126,18
1050127,0
1050128,0
1050129,0
1050130,0
1050131,0
1050132,0
1050133,0
1050134,0
1050135,0
1050136,0
1050137,0
1050138,0
1050139,0
1050140,15
1050141,0
1050142,0
1050143,0
1050144,0
1050145,0
1050146,0
1050147,0
1050148,25
1050149,0
1050150,14
1050151,0
1050152,0
1050153,21
1050154,0
1050155,0
1050156,13
1050157,0
1050158,0
1050159,0
1050160,0
1050161,0
1050162,0
1050163,0
1050164,0
1050165,0
1050166,0
1050167,21
1050168,0
1050169,0
1050170,0
1050171,0
1050172,0
1050173,0
1050174,0
1050175,0
1050176,0
1050177,0
1050178,0
1050179,0
1050180,0
1050181,0
1050182,0
1050183,18
1050184,0
1050185,18
1050186,0
1050187,0
1050188,0
1050189,0
1050190,23
1050191,0
1050192,0
1050193,0
1050194,0
1050195,15
1050196,0
1050197,0
1050198,0
1050199,0
1050200,0
1050201,0
1050202,0
1050203,0
1050204,0
1050205,0
1050206,20
1050207,0
1050208,0
1050209,0
1050210,0
1050211,0
1050212,0
1050213,0
1050214,0
1050215,0
1050216,0
1050217,0
1050218,23
1050219,0
1050220,0
1050221,0
1050222,0
1050223,22
1050224,0
1050225,18
1050226,0
1050227,0
1050228,0
1050229,0
1050230,0
1050231,0
1050232,0
1050233,0
1050234,0
1050235,0
1050236,0
1050237,0
1050238,0
1050239,0
1050240,0
1050241,0
1050242,0
1050243,0
1050244,0
1050245,0
1050246,0
1050247,0
1050248,0
1050249,16
1050250,0
1050251,17
1050252,0
1050253,0
1050254,0
1050255,0
1050256,0
1050257,0
1050258,0
1050259,0
1050260,0
1050261,16
1050262,0
1050263,22
1050264,0
1050265,0
1050266,0
1050267,0
1050268,21
1050269,0
1050270,12
1050271,0
1050272,0
1050273,0
1050274,0
1050275,0
1050276,0
1050277,0
1050278,0
1050279,0
1050280,0
1050281,0
1050282,0
1050283,0
1050284,0
1050285,0
1050286,0
1050287,0
1050288,0
1050289,0
1050290,0
1050291,0
1050292,0
1050293,0
1050294,0
1050295,0
1050296,0
1050297,0
1050298,0
1050299,0
1050300,0
1050301,0
1050302,0
1050303,0
1050304,24
1050305,0
1050306,0
1050307,0
1050308,0
1050309,0
1050310,0
1050311,0
1050312,0
1050313,0
1050314,0
1050315,0
1050316,0
1050317,0
1050318,19
1050319,0
1050320,0
1050321,0
1050322,0
1050323,0
1050324,0
1050325,0
1050326,0
1050327,0
1050328,16
1050329,0
1050330,0
1050331,0
1050332,0
1050333,0
1050334,0
1050335,0
1050336,0
1050337,0
1050338,0
1050339,0
1050340,0
1050341,0
1050342,23
1050343,0
1050344,0
1050345,0
1050346,0
1050347,0
1050348,0
1050349,0
1050350,0
1050351,0
1050352,0
1050353,0
1050354,0
1050355,0
1050356,0
1050357,0
1050358,31
1050359,0
1050360,0
1050361,0
1050362,0
1050363,0
1050364,0
1050365,0
1050366,0
1050367,0
1050368,0
1050369,0
1050370,0
1050371,0
1050372,0
1050373,0
1050374,0
1050375,0
1050376,0
1050377,0
1050378,0
1050379,0
1050380,25
1050381,0
1050382,0
1050383,0
1050384,0
1050385,0
1050386,0
1050387,0
1050388,0
1050389,25
1050390,0
1050391,0
1050392,0
1050393,0
1050394,0
1050395,0
1050396,0
1050397,0
1050398,0
1050399,0
1050400,0
1050401,0
1050402,0
1050403,21
1050404,0
1050405,0
1050406,0
1050407,0
1050408,36
1050409,0
1050410,0
1050411,0
1050412,0
1050413,0
1050414,0
1050415,0
1050416,24
1050417,0
1050418,0
1050419,0
1050420,0
1050421,0
1050422,17
1050423,24
1050424,0
1050425,0
1050426,0
1050427,0
1050428,14
1050429,0
1050430,0
1050431,32
1050432,19
1050433,0
1050434,0
1050435,19
1050436,0
1050437,0
1050438,0
1050439,0
1050440,0
1050441,0
1050442,0
1050443,0
1050444,0
1050445,23
1050446,0
1050447,21
1050448,0
1050449,0
1050450,0
1050451,0
1050452,0
1050453,26
1050454,0
1050455,24
1050456,12
1050457,0
1050458,0
1050459,0
1050460,33
1050461,0
1050462,0
1050463,0
1050464,0
1050465,0
1050466,0
1050467,0
1050468,0
1050469,0
1050470,0
1050471,11
1050472,24
1050473,18
1050474,0
1050475,0
1050476,0
1050477,0
1050478,25
1050479,0
1050480,0
1050481,0
1050482,0
1050483,21
1050484,0
1050485,0
1050486,23
1050487,0
1050488,0
1050489,20
1050490,0
1050491,11
1050492,27
1050493,0
1050494,0
1050495,0
1050496,0
1050497,0
1050498,0
1050499,0
1050500,0
1050501,0
1050502,0
1050503,0
1050504,0
1050505,0
1050506,0
1050507,0
1050508,0
1050509,0
1050510,0
1050511,0
1050512,0
1050513,0
1050514,0
1050515,0
1050516,0
1050517,0
1050518,0
1050519,0
1050520,0
1050521,0
1050522,17
1050523,12
1050524,0
1050525,0
1050526,0
1050527,0
1050528,0
1050529,0
1050530,0
1050531,0
1050532,0
1050533,0
1050534,0
1050535,0
1050536,0
1050537,0
1050538,0
1050539,0
1050540,0
1050541,0
1050542,13
1050543,0
1050544,0
1050545,0
1050546,0
1050547,11
1050548,0
1050549,0
1050550,0
1050551,0
1050552,0
1050553,31
1050554,0
1050555,0
1050556,0
1050557,0
1050558,0
1050559,23
1050560,0
1050561,0
1050562,0
1050563,10
1050564,15
1050565,0
1050566,0
1050567,0
1050568,0
1050569,0
1050570,0
1050571,0
1050572,0
1050573,0
1050574,0
1050575,18
1050576,0
1050577,0
1050578,0
1050579,0
1050580,0
1050581,0
1050582,0
1050583,0
1050584,31
1050585,17
1050586,0
1050587,0
1050588,0
1050589,0
1050590,0
1050591,0
1050592,22
1050593,23
1050594,0
1050595,0
1050596,0
1050597,0
1050598,0
1050599,16
1050600,0
1050601,0
1050602,0
1050603,23
1050604,0
1050605,23
1050606,30
1050607,0
1050608,0
1050609,0
1050610,18
1050611,0
1050612,0
1050613,0
1050614,0
1050615,0
1050616,0
1050617,0
1050618,0
1050619,0
1050620,27
1050621,0
1050622,0
1050623,0
1050624,22
1050625,0
1050626,0
1050627,23
1050628,0
1050629,0
1050630,0
1050631,0
1050632,0
1050633,0
1050634,0
1050635,0
1050636,0
1050637,0
1050638,0
1050639,0
1050640,0
1050641,0
1050642,17
1050643,0
1050644,0
1050645,0
1050646,20
1050647,0
1050648,18
1050649,0
1050650,0
1050651,0
1050652,0
1050653,0
1050654,0
1050655,18
1050656,11
1050657,0
1050658,10
1050659,0
1050660,0
1050661,0
1050662,0
1050663,0
1050664,0
1050665,0
1050666,19
1050667,0
1050668,23
1050669,0
1050670,0
1050671,0
1050672,18
1050673,23
1050674,0
1050675,0
1050676,19
1050677,0
1050678,0
1050679,14
1050680,0
1050681,0
1050682,13
1050683,0
1050684,0
1050685,0
1050686,0
1050687,0
1050688,26
1050689,0
1050690,0
1050691,0
1050692,0
1050693,0
1050694,0
1050695,0
1050696,0
1050697,0
1050698,0
1050699,0
1050700,0
1050701,0
1050702,0
1050703,0
1050704,0
1050705,0
1050706,0
1050707,0
1050708,0
1050709,0
1050710,20
1050711,0
1050712,0
1050713,0
1050714,0
1050715,0
1050716,0
1050717,0
1050718,0
1050719,0
1050720,0
1050721,0
1050722,0
1050723,0
1050724,18
1050725,0
1050726,16
1050727,0
1050728,0
1050729,0
1050730,0
1050731,13
1050732,21
1050733,25
1050734,0
1050735,0
1050736,0
1050737,0
1050738,0
1050739,0
1050740,0
1050741,0
1050742,16
1050743,0
1050744,0
1050745,0
1050746,0
1050747,0
1050748,0
1050749,0
1050750,0
1050751,0
1050752,0
1050753,0
1050754,0
1050755,0
1050756,0
1050757,0
1050758,15
1050759,0
1050760,0
1050761,10
1050762,15
1050763,0
1050764,0
1050765,0
1050766,0
1050767,32
1050768,0
1050769,10
1050770,17
1050771,0
1050772,23
1050773,0
1050774,0
1050775,0
1050776,0
1050777,0
1050778,0
1050779,0
1050780,0
1050781,0
1050782,0
1050783,0
1050784,0
1050785,0
1050786,0
1050787,36
1050788,0
1050789,0
1050790,21
1050791,0
1050792,0
1050793,0
1050794,0
1050795,0
1050796,0
1050797,0
1050798,0
1050799,23
1050800,0
1050801,34
1050802,0
1050803,0
1050804,0
1050805,0
1050806,0
1050807,0
1050808,0
1050809,0
1050810,0
1050811,30
1050812,0
1050813,0
1050814,0
1050815,25
1050816,15
1050817,0
1050818,0
1050819,0
1050820,0
1050821,0
1050822,0
1050823,0
1050824,0
1050825,13
1050826,0
1050827,20
1050828,28
1050829,0
1050830,0
1050831,0
1050832,0
1050833,14
1050834,0
1050835,21
1050836,0
1050837,0
1050838,0
1050839,14
1050840,22
1050841,20
1050842,0
1050843,0
1050844,0
1050845,0
1050846,0
1050847,0
1050848,0
1050849,0
1050850,0
1050851,21
1050852,0
1050853,0
1050854,0
1050855,26
1050856,0
1050857,0
1050858,0
1050859,0
1050860,0
1050861,0
1050862,0
1050863,0
1050864,0
1050865,0
1050866,0
1050867,0
1050868,0
1050869,0
1050870,0
1050871,0
1050872,0
1050873,0
1050874,0
1050875,0
1050876,31
1050877,0
1050878,0
1050879,0
1050880,0
1050881,0
1050882,0
1050883,0
1050884,0
1050885,0
1050886,0
1050887,0
1050888,0
1050889,37
1050890,0
1050891,0
1050892,0
1050893,0
1050894,38
1050895,0
1050896,0
1050897,0
1050898,0
1050899,0
1050900,0
1050901,0
1050902,0
1050903,0
1050904,0
1050905,0
1050906,0
1050907,0
1050908,0
1050909,0
1050910,0
1050911,0
1050912,0
1050913,0
1050914,0
1050915,0
1050916,0
1050917,0
1050918,0
1050919,0
1050920,0
1050921,0
1050922,0
1050923,0
1050924,0
1050925,34
1050926,0
1050927,21
1050928,0
1050929,0
1050930,0
1050931,0
1050932,0
1050933,0
1050934,0
1050935,0
1050936,0
1050937,23
1050938,0
1050939,0
1050940,0
1050941,0
1050942,0
1050943,0
1050944,24
1050945,0
1050946,0
1050947,0
1050948,0
1050949,49
1050950,0
1050951,0
1050952,0
1050953,0
1050954,0
1050955,0
1050956,0
1050957,0
1050958,0
1050959,0
1050960,0
1050961,29
1050962,0
1050963,0
1050964,0
1050965,0
1050966,0
1050967,0
1050968,0
1050969,0
1050970,39
1050971,31
1050972,0
1050973,0
1050974,0
1050975,32
1050976,36
1050977,26
1050978,0
1050979,0
1050980,0
1050981,0
1050982,0
1050983,0
1050984,35
1050985,0
1050986,36
1050987,0
1050988,0
1050989,0
1050990,0
1050991,0
1050992,0
1050993,0
1050994,0
1050995,0
1050996,0
1050997,0
1050998,0
1050999,0
1051000,0
1051001,0
1051002,0
1051003,0
1051004,0
1051005,0
1051006,0
1051007,0
1051008,38
1051009,0
1051010,0
1051011,0
1051012,0
1051013,0
1051014,37
1051015,0
1051016,0
1051017,0
1051018,0
1051019,0
1051020,0
1051021,0
1051022,0
1051023,0
1051024,0
1051025,0
1051026,0
1051027,0
1051028,0
1051029,0
1051030,0
1051031,0
1051032,0
1051033,0
1051034,0
1051035,0
1051036,0
1051037,0
1051038,0
1051039,0
1051040,0
1051041,0
1051042,0
1051043,0
1051044,0
1051045,0
1051046,0
1051047,0
1051048,0
1051049,0
1051050,0
1051051,0
1051052,0
1051053,0
1051054,0
1051055,0
1051056,35
1051057,0
1051058,0
1051059,0
1051060,0
1051061,53
1051062,0
1051063,0
1051064,0
1051065,0
1051066,0
1051067,0
1051068,42
1051069,0
1051070,0
1051071,0
1051072,0
1051073,0
1051074,0
1051075,40
1051076,44
1051077,0
1051078,0
1051079,0
1051080,0
1051081,0
1051082,0
1051083,0
1051084,31
1051085,0
1051086,0
1051087,0
1051088,0
1051089,0
1051090,29
1051091,0
1051092,0
1051093,0
1051094,0
1051095,0
1051096,0
1051097,0
1051098,0
1051099,5
1051100,0
1051101,0
1051102,4
1051103,0
1051104,0
1051105,0
1051106,4
1051107,0
1051108,0
1051109,0
1051110,6
1051111,0
1051112,8
1051113,0
1051114,6
1051115,0
1051116,0
1051117,0
1051118,0
1051119,0
1051120,0
1051121,3
1051122,0
1051123,0
1051124,0
1051125,7
1051126,0
1051127,0
1051128,0
1051129,0
1051130,5
1051131,0
1051132,5
1051133,0
1051134,0
1051135,0
1051136,0
1051137,0
1051138,0
1051139,0
1051140,0
1051141,0
1051142,0
1051143,3
1051144,0
1051145,0
1051146,4
1051147,0
1051148,11
1051149,0
1051150,0
1051151,0
1051152,5
1051153,0
1051154,0
1051155,6
1051156,5
1051157,0
1051158,0
1051159,0
1051160,0
1051161,0
1051162,0
1051163,0
1051164,0
1051165,0
1051166,5
1051167,0
1051168,7
1051169,6
1051170,3
1051171,0
1051172,0
1051173,0
1051174,0
1051175,0
1051176,2
1051177,7
1051178,6
1051179,0
1051180,7
1051181,6
1051182,0
1051183,0
1051184,5
1051185,0
1051186,0
1051187,0
1051188,2
1051189,0
1051190,0
1051191,0
1051192,0
1051193,0
1051194,0
1051195,0
1051196,4
1051197,0
1051198,0
1051199,0
1051200,3
1051201,3
1051202,0
1051203,0
1051204,0
1051205,6
1051206,3
1051207,10
1051208,0
1051209,0
1051210,0
1051211,0
1051212,12
1051213,0
1051214,4
1051215,0
1051216,0
1051217,0
1051218,0
1051219,8
1051220,0
1051221,0
1051222,0
1051223,3
1051224,0
1051225,6
1051226,5
1051227,0
1051228,2
1051229,0
1051230,0
1051231,0
1051232,0
1051233,0
1051234,0
1051235,0
1051236,0
1051237,4
1051238,11
1051239,0
1051240,9
1051241,0
1051242,0
1051243,0
1051244,8
1051245,0
1051246,7
1051247,0
1051248,0
1051249,0
1051250,0
1051251,0
1051252,0
1051253,0
1051254,0
1051255,0
1051256,0
1051257,5
1051258,0
1051259,1
1051260,0
1051261,5
1051262,0
1051263,0
1051264,0
1051265,0
1051266,0
1051267,0
1051268,0
1051269,3
1051270,0
1051271,4
1051272,1
1051273,3
1051274,0
1051275,0
1051276,0
1051277,0
1051278,0
1051279,0
1051280,0
1051281,0
1051282,7
1051283,3
1051284,4
1051285,3
1051286,0
1051287,0
1051288,4
1051289,0
1051290,0
1051291,0
1051292,0
1051293,3
1051294,5
1051295,0
1051296,3
1051297,0
1051298,0
1051299,0
1051300,5
1051301,0
1051302,7
1051303,5
1051304,0
1051305,0
1051306,0
1051307,0
1051308,0
1051309,0
1051310,0
1051311,0
1051312,0
1051313,5
1051314,10
1051315,0
1051316,0
1051317,0
1051318,0
1051319,0
1051320,0
1051321,0
1051322,0
1051323,3
1051324,0
1051325,0
1051326,0
1051327,0
1051328,0
1051329,0
1051330,0
1051331,0
1051332,0
1051333,4
1051334,0
1051335,2
1051336,0
1051337,9
1051338,6
1051339,0
1051340,3
1051341,10
1051342,7
1051343,0
1051344,0
1051345,0
1051346,4
1051347,7
1051348,0
1051349,8
1051350,0
1051351,0
1051352,0
1051353,0
1051354,0
1051355,0
1051356,0
1051357,7
1051358,7
1051359,0
1051360,0
1051361,0
1051362,5
1051363,0
1051364,0
1051365,4
1051366,0
1051367,0
1051368,0
1051369,0
1051370,0
1051371,0
1051372,3
1051373,0
1051374,0
1051375,0
1051376,0
1051377,0
1051378,0
1051379,0
1051380,0
1051381,0
1051382,0
1051383,0
1051384,8
1051385,8
1051386,4
1051387,4
1051388,6
1051389,8
1051390,0
1051391,5
1051392,0
1051393,0
1051394,0
1051395,0
1051396,0
1051397,5
1051398,0
1051399,5
1051400,4
1051401,8
1051402,0
1051403,7
1051404,5
1051405,0
1051406,3
1051407,0
1051408,0
1051409,0
1051410,0
1051411,4
1051412,11
1051413,2
1051414,7
1051415,6
1051416,0
1051417,5
1051418,5
1051419,0
1051420,0
1051421,10
1051422,0
1051423,6
1051424,0
1051425,0
1051426,8
1051427,0
1051428,0
1051429,0
1051430,0
1051431,7
1051432,0
1051433,0
1051434,0
1051435,0
1051436,5
1051437,6
1051438,8
1051439,3
1051440,0
1051441,0
1051442,0
1051443,0
1051444,0
1051445,0
1051446,4
1051447,0
1051448,0
1051449,0
1051450,6
1051451,2
1051452,0
1051453,4
1051454,0
1051455,6
1051456,7
1051457,6
1051458,0
1051459,0
1051460,0
1051461,0
1051462,0
1051463,0
1051464,3
1051465,0
1051466,7
1051467,0
1051468,0
1051469,0
1051470,0
1051471,0
1051472,0
1051473,0
1051474,0
1051475,2
1051476,0
1051477,0
1051478,0
1051479,0
1051480,0
1051481,0
1051482,0
1051483,7
1051484,4
1051485,0
1051486,0
1051487,0
1051488,0
1051489,0
1051490,0
1051491,4
1051492,6
1051493,0
1051494,0
1051495,0
1051496,0
1051497,4
1051498,0
1051499,0
1051500,0
1051501,0
1051502,0
1051503,0
1051504,0
1051505,7
1051506,6
1051507,0
1051508,0
1051509,0
1051510,3
1051511,0
1051512,0
1051513,0
1051514,0
1051515,0
1051516,0
1051517,0
1051518,0
1051519,0
1051520,0
1051521,0
1051522,0
1051523,0
1051524,7
1051525,0
1051526,6
1051527,0
1051528,0
1051529,5
1051530,0
1051531,0
1051532,0
1051533,0
1051534,4
1051535,0
1051536,0
1051537,8
1051538,4
1051539,0
1051540,0
1051541,0
1051542,9
1051543,5
1051544,8
1051545,0
1051546,8
1051547,0
1051548,0
1051549,0
1051550,0
1051551,6
1051552,0
1051553,0
1051554,0
1051555,0
1051556,0
1051557,0
1051558,0
1051559,0
1051560,3
1051561,0
1051562,0
1051563,0
1051564,0
1051565,0
1051566,0
1051567,0
1051568,3
1051569,0
1051570,0
1051571,3
1051572,0
1051573,3
1051574,0
1051575,0
1051576,0
1051577,0
1051578,0
1051579,5
1051580,0
1051581,0
1051582,0
1051583,0
1051584,7
1051585,0
1051586,6
1051587,0
1051588,8
1051589,3
1051590,0
1051591,0
1051592,5
1051593,0
1051594,0
1051595,0
1051596,4
1051597,0
1051598,0
1051599,0
1051600,2
1051601,6
1051602,6
1051603,0
1051604,0
1051605,0
1051606,0
1051607,0
1051608,0
1051609,0
1051610,0
1051611,0
1051612,0
1051613,0
1051614,0
1051615,0
1051616,0
1051617,0
1051618,8
1051619,8
1051620,0
1051621,0
1051622,6
1051623,0
1051624,0
1051625,5
1051626,8
1051627,0
1051628,7
1051629,0
1051630,0
1051631,5
1051632,0
1051633,0
1051634,0
1051635,0
1051636,0
1051637,6
1051638,5
1051639,0
1051640,0
1051641,0
1051642,0
1051643,0
1051644,0
1051645,0
1051646,0
1051647,7
1051648,0
1051649,0
1051650,0
1051651,0
1051652,7
1051653,0
1051654,0
1051655,0
1051656,7
1051657,0
1051658,0
1051659,0
1051660,0
1051661,0
1051662,8
1051663,0
1051664,0
1051665,0
1051666,0
1051667,0
1051668,0
1051669,0
1051670,3
1051671,0
1051672,0
1051673,0
1051674,0
1051675,2
1051676,0
1051677,0
1051678,4
1051679,0
1051680,0
1051681,0
1051682,0
1051683,5
1051684,0
1051685,5
1051686,0
1051687,0
1051688,0
1051689,6
1051690,0
1051691,0
1051692,0
1051693,0
1051694,0
1051695,0
1051696,0
1051697,5
1051698,2
1051699,0
1051700,0
1051701,0
1051702,1
1051703,0
1051704,2
1051705,3
1051706,0
1051707,0
1051708,0
1051709,0
1051710,0
1051711,0
1051712,0
1051713,4
1051714,0
1051715,0
1051716,6
1051717,0
1051718,0
1051719,0
1051720,0
1051721,0
1051722,0
1051723,4
1051724,1
1051725,8
1051726,0
1051727,0
1051728,0
1051729,0
1051730,0
1051731,2
1051732,4
1051733,0
1051734,7
1051735,0
1051736,0
1051737,2
1051738,3
1051739,2
1051740,0
1051741,7
1051742,4
1051743,0
1051744,0
1051745,0
1051746,0
1051747,10
1051748,1
1051749,0
1051750,0
1051751,0
1051752,0
1051753,0
1051754,4
1051755,0
1051756,8
1051757,0
1051758,0
1051759,7
1051760,0
1051761,6
1051762,0
1051763,0
1051764,5
1051765,0
1051766,0
1051767,0
1051768,7
1051769,0
1051770,0
1051771,0
1051772,6
1051773,4
1051774,2
1051775,0
1051776,0
1051777,0
1051778,0
1051779,0
1051780,5
1051781,2
1051782,0
1051783,0
1051784,0
1051785,6
1051786,1
1051787,0
1051788,0
1051789,2
1051790,0
1051791,0
1051792,0
1051793,0
1051794,0
1051795,4
1051796,0
1051797,0
1051798,0
1051799,0
1051800,0
1051801,3
1051802,10
1051803,0
1051804,0
1051805,0
1051806,0
1051807,0
1051808,0
1051809,0
1051810,0
1051811,0
1051812,0
1051813,0
1051814,0
1051815,0
1051816,0
1051817,6
1051818,7
1051819,6
1051820,5
1051821,7
1051822,0
1051823,0
1051824,5
1051825,4
1051826,4
1051827,7
1051828,0
1051829,7
1051830,0
1051831,0
1051832,0
1051833,5
1051834,0
1051835,0
1051836,0
1051837,8
1051838,5
1051839,7
1051840,0
1051841,0
1051842,9
1051843,0
1051844,4
1051845,0
1051846,0
1051847,0
1051848,0
1051849,0
1051850,0
1051851,0
1051852,0
1051853,0
1051854,6
1051855,0
1051856,5
1051857,0
1051858,2
1051859,0
1051860,0
1051861,0
1051862,0
1051863,0
1051864,0
1051865,0
1051866,0
1051867,0
1051868,4
1051869,0
1051870,0
1051871,1
1051872,5
1051873,0
1051874,5
1051875,0
1051876,5
1051877,0
1051878,7
1051879,0
1051880,0
1051881,0
1051882,5
1051883,0
1051884,0
1051885,6
1051886,0
1051887,0
1051888,8
1051889,0
1051890,9
1051891,0
1051892,0
1051893,0
1051894,0
1051895,6
1051896,0
1051897,3
1051898,0
1051899,6
1051900,0
1051901,0
1051902,0
1051903,8
1051904,0
1051905,3
1051906,7
1051907,0
1051908,0
1051909,8
1051910,0
1051911,0
1051912,0
1051913,0
1051914,6
1051915,0
1051916,0
1051917,0
1051918,0
1051919,0
1051920,0
1051921,9
1051922,0
1051923,0
1051924,2
1051925,0
1051926,2
1051927,0
1051928,7
1051929,0
1051930,0
1051931,0
1051932,0
1051933,0
1051934,0
1051935,0
1051936,0
1051937,0
1051938,8
1051939,0
1051940,0
1051941,0
1051942,0
1051943,0
1051944,0
1051945,4
1051946,4
1051947,0
1051948,0
1051949,0
1051950,0
1051951,0
1051952,0
1051953,0
1051954,0
1051955,0
1051956,0
1051957,0
1051958,5
1051959,0
1051960,6
1051961,0
1051962,0
1051963,0
1051964,3
1051965,5
1051966,6
1051967,0
1051968,0
1051969,4
1051970,0
1051971,0
1051972,0
1051973,0
1051974,0
1051975,0
1051976,8
1051977,8
1051978,4
1051979,0
1051980,0
1051981,0
1051982,0
1051983,3
1051984,0
1051985,2
1051986,0
1051987,8
1051988,7
1051989,0
1051990,0
1051991,0
1051992,8
1051993,0
1051994,0
1051995,0
1051996,0
1051997,0
1051998,5
1051999,0
1052000,0
1052001,0
1052002,4
1052003,6
1052004,2
1052005,0
1052006,8
1052007,0
1052008,0
1052009,11
1052010,0
1052011,6
1052012,0
1052013,6
1052014,0
1052015,2
1052016,0
1052017,0
1052018,3
1052019,0
1052020,0
1052021,0
1052022,10
1052023,0
1052024,0
1052025,0
1052026,0
1052027,3
1052028,5
1052029,0
1052030,6
1052031,0
1052032,0
1052033,3
1052034,6
1052035,0
1052036,0
1052037,7
1052038,0
1052039,0
1052040,4
1052041,0
1052042,0
1052043,0
1052044,0
1052045,3
1052046,9
1052047,0
1052048,1
1052049,0
1052050,0
1052051,0
1052052,0
1052053,2
1052054,0
1052055,0
1052056,0
1052057,0
1052058,6
1052059,0
1052060,4
1052061,0
1052062,0
1052063,0
1052064,0
1052065,0
1052066,0
1052067,0
1052068,0
1052069,0
1052070,0
1052071,0
1052072,0
1052073,5
1052074,0
1052075,0
1052076,3
1052077,0
1052078,0
1052079,0
1052080,8
1052081,0
1052082,2
1052083,0
1052084,12
1052085,0
1052086,6
1052087,0
1052088,8
1052089,0
1052090,2
1052091,0
1052092,0
1052093,6
1052094,0
1052095,0
1052096,0
1052097,0
