50 
125 
250 
400 
600 
675 
725 
800 
850 
925 
975 
1075 
1200 
1300 
1375 
1475 
1575 
1625 
1700 
1800 
1925 
scores: [29.851182446601115, 3.5759437229155537, 0.47060105142293196, 8.79874121944215, 3.1358033482384826, 5.457565692148478, 1.4065543844045578, 9.872557837900786, 18.767042442775505, 7.1091768500618855, 4.367348182058095, 0.8350736723308501, 5.85602596122385, 0.30003590801061364, 20.555600106130328, 14.442660751291783, 3.1834638985576476, 4.019271934773315, 0.044763488582816535, 4.404555124611079, 4.678192252632016, 0.4623058221785641, 38.970237799658776, 37.23040681909163, 33.93377825918253, 46.99824370732972, 0.20476919320219622, 18.006126799040885, 10.079689302054021, 17.455028509430463, 20.74507967686702, 0.45077891609901144, 42.40111177425672, 31.63292820373374, 27.545529299809118, 92.31378829047298, 49.997683463738724, 7.194751330029632, 0.0, 2.8134078825290914, 19.97164954456636, 31.81366544179366, 18.9065796476047, 2.6930462636929633, 14.539999594645792, 19.283527038374245, 27.153291428051716, 25.037714541094942, 2.221023990400113, 31.12010181940218, 44.050491051534095, 5.298523985455063, 13.523302474406364, 45.08861428793762, 36.32540789750709, 0.7840774968477717, 18.306840365550443, 23.26104642701972, 13.001735856695973, 1.0491182138749764, 15.691845612069756, 20.857197403120836, 1.358204342637066, 20.995438421302026, 11.431512983218909, 3.5546547495737286, 11.225052793622694, 6.2965079894702285, 1.2698670654826287, 0.6557251567306821, 19.857031141883567, 9.49408815233005, 3.9928027244824307, 2.553304927308659, 6.491987920504016, 26.53966630318405, 4.565440234950415]
theta_global: 0.6020100502512563
window_size: 50, overlap: 0.5, threshold: 7.0
