50 
225 
275 
350 
425 
525 
625 
675 
775 
850 
925 
975 
1075 
1225 
1275 
1425 
1475 
1575 
1650 
scores: [4.803464308217428, 0.5324410587024317, 0.19819261025830315, 0.16001369407507582, 2.366745737129918, 1.054677894120175, 2.182059801449782, 10.321796951670137, 0.18603157690435523, 6.144064994518573, 0.08686583881183196, 5.399198561634705, 7.900517981728399, 4.277607719574604, 9.181861335566708, 10.814538468899713, 0.9542244814292644, 1.6435871923752643, 4.571969139882015, 4.719357405760093, 0.35001635030027956, 1.5717972488523628, 10.396390030025657, 10.462463893220217, 2.6071082098956992, 17.768077989758694, 8.092397832547817, 0.11371884333129856, 2.209663882122072, 5.505206831420423, 5.08034367755252, 5.0146204379557275, 14.962809904733888, 2.3845576905705457, 2.0822873537729265, 24.260956062782043, 20.58782350440606, 4.449224344120097, 1.3738720759030212, 0.4186545240806794, 11.78580390401902, 31.346256469358934, 15.993747391582133, 0.30043574718524724, 0.0019038940357631873, 1.1183298587544641, 0.0040543042973695265, 7.958738511379806, 1.2609758789694752, 12.120947001658521, 6.625407343596407, 3.1216452302197695, 3.3967926382049427, 0.6391984042287504, 3.3986146963488864, 12.923923631799653, 1.5328441726439905, 9.418803662604489, 3.6758094789975075, 0.08826351946925115, 0.9092372544138243, 19.872558522823283, 9.394332872781376, 8.53203446631096, 10.627931707142466, 2.916028979500311, 0.7904464139402307, 0.7182892477444511, 2.588825818349619, 1.3476548107354915, 3.9931727401068997, -0.16345308703773753, -0.042650997654845924, 0.7318830323001748, -0.37230474951365977, 0.9364508538639029, 0.8132303827022724]
theta_global: 0.1
window_size: 50, overlap: 0.5, threshold: 4.0
