75 
350 
525 
575 
650 
750 
850 
925 
1050 
1175 
1300 
1375 
1450 
1550 
1600 
1700 
1800 
1850 
scores: [4.032232126073421, 8.078817271221105, 3.1371451057755877, 0.22014649066208847, 1.1703136256345914, 0.561238337513899, 0.2523582808510554, 0.2523582808510554, 0.055223920227675194, 0.08437904755581371, 0.37722334334284824, 0.6621724483219111, 4.238139434266941, 1.9022801049877103, 0.4801713201358382, 1.7035426598099264, 1.7328732341361075, 0.7538220082671927, 10.127474080955835, 19.63999232723529, 1.378658678139118, 7.178873423923164, 1.6963638313337128, 3.179513649931039, 6.760838043853028, 6.4851128724172895, 2.859415493973188, 1.1142187448400591, 8.305503059233615, 3.8932855687898495, 1.2192537012354592, 4.639748902852091, 14.900453411369881, 11.831648903815676, 21.904371575991888, 27.051458726354724, 16.001106937445897, 1.3738720759030105, 0.0, 2.8132278003094413, 14.737908889987409, 11.633110150811007, 3.0519948309218705, 4.27112947500234, 4.655581938112391, 12.336748868887554, 11.776965983333696, 2.9173305189352163, 1.2061157214786817, 0.30476370860367297, 3.28507998799671, 0.040599374427984, 8.404940228550004, 9.677323406992855, 6.341930415452282, -0.05271869821990549, 10.683127538852148, 10.565760774300088, 1.580284040807669, 6.703771129816573, 12.920961520412106, -0.03966195187229005, 4.944196375840249, 3.830591400469075, 2.1306233626864923, 0.9838419459111947, 3.4189057532748848, 1.3702115583614614, 4.717317414929653, 4.884479754147151, 14.023827573256426, 1.483425516100624, 3.012621263724668, 0.5423351126215721, -0.2621132611183157, 2.1202756874420743, -0.20223088982345416]
theta_global: 0.1
window_size: 50, overlap: 0.5, threshold: 3.0
