75 
525 
575 
675 
750 
850 
900 
950 
1050 
1200 
1300 
1375 
1475 
1550 
1600 
1700 
1800 
1850 
scores: [0.38097500203301493, 5.829893807823005, 2.736563439695857, 0.1462697545219953, 0.8654625690484323, 0.5688459015080838, -0.4790832915171137, -0.08132658690347228, -0.19652225111651944, -0.14043428097889432, -0.35952804190240784, 0.3466183076388063, 1.8067447119098574, -0.5518264821662342, 0.4287369037417932, 0.8821776159318802, 0.06138848375582029, -0.04299049365815222, 8.023014676054089, 14.15034692876526, 0.5582817415667591, 5.171364365018405, 0.7098732275326256, 2.086710034596024, 4.858286778557272, 5.951836960819264, 2.75571826824239, 1.0389639289871866, 6.539142071271385, 2.453871445373636, 0.6735260738796569, 3.444831369829103, 13.987460637714548, 8.983271980664426, 18.856800699817825, 14.585427096510728, 8.307350733482707, 0.4363890247719411, -8.764197690906125e-10, -83.76977996652455, 4.925099794269059, 0.6246799831519922, -1.4952800580234396, -1.4207568969554814, 2.3276068094560287, 7.094598680756121, 9.914401029889518, 1.7921570486925589, 0.7591563278193689, 0.2931728872969188, 3.1845932327993296, 0.14026453726796717, 8.184549873365768, 9.502481317085085, 6.134987812015368, 0.0027491148697436074, 10.348602641025025, 10.559852196993575, 1.6331809910799393, 6.888135702162799, 12.8797993739405, 0.020277321448929797, 4.758996138479802, 3.8576656262359847, 2.408735648486754, 0.9981905703193661, 3.4506320329182927, 1.3933921626080519, 4.692251267481311, 4.870557335114427, 13.994071904302245, 1.4858652448925795, 3.0137611533961035, 0.8946210378502428, 0.03411561212135439, 2.06436910273419, -0.001999284096655174]
theta_global: 0.1
window_size: 50, overlap: 0.5, threshold: 3.0
