500 
925 
1075 
1375 
1700 
1775 
1875 
1925 
scores: [5.301111211635543, 0.9224186854724508, 3.8845538945662383, 6.0393852862868584, 3.1207652328993163, 3.3664871839886814, 0.44504193026864414, 0.12009180512666262, 0.3284977694792701, 0.11639651036063015, 1.576081586388284, 0.30338386994617395, 0.08111183083616424, 0.3659240373006014, 1.8297715881974455, 0.0519273109081837, 0.11354808146427331, 0.9175857023689105, 9.500285387059193, 7.8356889791681965, 0.12269694461861036, 0.7287818050889427, 0.29538699609008745, 0.8801593727558839, 0.13017755774671969, 1.3043866521030623, 0.2596544934299345, 0.012477858512170314, 0.11908944357264772, 0.002101029319533154, 5.632761499284584, 5.879790285479203, 0.7075836930640662, -0.05157551534045979, 21.485516227284847, 41.77525062107253, 13.597652616901428, 1.7787808893404105, 4.032232126073417, 2.1808428155103243, 26.07092549148132, 31.710935169561424, 2.4784823175656356, 4.182444018385809, 1.3974569166597917, 5.0355664054043245, 5.870796286589098, 0.913848323875186, 0.07289547172456423, 0.23711649458937245, 1.108919242169918, 2.4844270494194234, 6.504079689962964, 13.555777319053504, 0.9846016074844783, 6.643139619250576, 5.3331221577132055, 1.7063960210082314, 0.0744952605916751, 6.033260859981681, 0.0787001800838425, 6.209649784136616, 3.8153262642844084, 1.6811841815160733, 0.7217408519779269, 7.312498171295033, 18.045526210585365, 5.264016381534589, 13.738431677671542, 15.628381409008625, 1.3404528800037951, 0.0773319317329424, 8.1267840626914, 12.626152230640116, 2.1508388003916252, 9.676223411502463, 1.4383864158755841]
theta_global: 0.1
window_size: 50, overlap: 0.5, threshold: 7.0
