250 
625 
725 
800 
850 
900 
1075 
1175 
1250 
1525 
1575 
1650 
scores: [1.4752287401537671, 7.754397151300509, 7.76389203907047, 0.04654413227660825, 0.7214357581319746, 2.679124948605647, 7.132895067026766, 4.304843899639366, 16.004192009717087, 14.344037572944728, 0.5880280088020982, 0.21563747073662398, 0.5599470677068439, 5.597459485093907, 0.6855146951730262, 7.397616349939767, 4.2812414478704, 1.0928763646719517, 2.7070942372675972, 0.7259125639279205, 0.45691825563682187, 8.694107231902194, 1.4749109255867552, 22.754465833307563, 1.1858439490014234, -0.05443350719360751, 0.021326572043449232, 21.6203055727608, 11.334348072840271, 8.000057925183967, 13.468812753256657, 4.646220462434428, 23.17998661529822, 15.703537521117653, 12.88233445382616, 5.280220591780562, 8.228357277843116, 7.106635793991636, 4.098523431031669, 4.251474930622443, 30.648217194468145, 32.844488982597284, 1.4633210230011855, 2.2879208287948813, 8.473719752687884, 16.24790440985271, 2.792630831394206, 9.062985954908584, 12.884365616041805, 1.890961406268957, 4.156037737547422, 10.522493405642706, 9.948757575891591, 0.012601519265331262, 7.530210969892323, 2.1628335535676797, 0.16656776876209278, 0.8834925371451163, 4.737069546529881, 12.101631782118204, 0.11737239481735173, 11.334075661823022, 7.977632291112741, 1.1623323455374361, 11.578421321985275, 9.870185697192312, 0.5669886456683457, 5.1872630637008115, 2.976570829692207, 0.44464352260558826, 0.0017769932947544476, 0.1502521808021413, 8.927655282526302, 3.535365812131346, 4.000983302976778, 2.561811164681558, 1.0546928938774727]
theta_global: 0.1
window_size: 50, overlap: 0.5, threshold: 11.0
