region_means,region_thetas,region_zero_probs,region_lengths
24.970756958715796,8.394809141389572,0.7468597903526738,970.149971315351
29.24085769570066,4.607197997893258,0.737225019798401,626.6752602267651
30.240957095423266,6.162980578343746,0.8060780459913642,152.2924223676937
36.90524030985683,7.8783670842859825,0.9497685317644317,483.2472746443349
33.31681156834751,6.365566313064287,0.816764770627559,128.88897222006568
9.207099981571517,8.910640561441875,0.9348375206691787,944.5772101147298
24.148186731721655,2.926173318332341,0.8893785079758645,278.1498656569322
28.465635293028477,5.943742650328139,0.8058626271590748,916.8167753213073
11.876109213764531,6.786227752072391,0.7480780344659146,477.8313498866228
13.65265894069112,0.49151302478442577,0.9312603452892991,513.3696857699771
27.390119353666872,3.2687403939169006,0.8142301839022648,778.9947421040129
19.740962853666982,0.2645344872964634,0.8197951048278144,739.3128551461747
16.767900656788647,8.230398721338533,0.8685548842690811,412.0998829424718
0.0,8.102899386298343,0.7084952028365123,406.74553427057265
3.964858219705206,3.433020423464385,0.7796394105879709,237.8435015776957
4.583292924971237,1.990888946881203,0.7825160546621494,397.2991611189411
28.41501325353526,1.3451346718625776,0.9307826892985227,355.74378027245365
32.140488398084,5.591185618483695,0.8500304064977794,864.1460740961783
28.926985226037896,7.363056590635476,0.7782530519165011,567.172217543822
5.000587756046744,3.1293356561218113,0.8735448791076501,550.7835301803382
5.771826799885219,3.0985316368622624,0.7226363658547728,732.7061360062398
14.54640945959777,5.111087407275701,0.746978426920105,542.2359652065071
9.939375494874886,7.159932485476905,0.8267224253914084,751.3525065371525
9.01039714285661,0.713048586031208,0.8699323829361919,66.78407203082848
6.160494924669372,1.9191702132224828,0.7946959057325961,190.3194332093692
0.0,5.343727313783316,0.7877630979606782,249.18828303059567
37.0830074618785,1.1194431525770814,0.8458116635171138,524.4838493783337
7.805187005277798,5.582510147915637,0.9115136051687326,621.706478770342
17.583830992482028,2.863302789521375,0.8768244753805209,212.67407372142824
29.55530903366369,3.678143082958282,0.8170677539256066,828.0673305855279
4.2645944683452255,7.176845127794189,0.9373243147984229,789.0045610130566
1.005181908085795,0.9437149473913046,0.8970691619022177,234.73398865914226
12.426894086246085,6.962396368129682,0.7184180614492842,944.0131050315567
33.91023320932403,1.4212909054376937,0.788353484570753,270.1398769282747
39.29107398453121,9.510486004580251,0.8990451486063,107.0680395039027
0.0,1.3498316002889141,0.7682608106608992,653.8353270511786
8.698821347599564,4.39550166904188,0.8995467491497418,526.9450988858885
20.86729728447906,3.002555574824597,0.8215894049427855,986.5782053921702
0.0,9.29544797806921,0.7370619540893854,218.25870520508147
25.966218535667117,0.46884873652963394,0.7039747717446904,963.1082698511589
15.752313735486801,2.992138705871626,0.765629426165834,189.2302471229508
0.0,9.673460964846436,0.8859329620643607,902.9627932425725
19.312951648832698,6.867817445875554,0.9310190828904241,796.3546151517338
18.455333906358106,1.9985713262885916,0.8786397529515864,170.3544321814956
35.18116165947638,9.280291211329175,0.7781537529722472,492.6721840206025
37.43862297915019,8.337843229204559,0.7063553738016496,346.72084981221974
8.875407145171973,8.289639242146409,0.7297167165874305,549.7317199775252
13.095831834104182,1.7623864911071132,0.7519836325481983,340.0423756804927
15.0679581783922,3.1952393767490084,0.8056473296449994,690.146669035652
16.098941409321966,3.241584726765575,0.8261957860622182,382.30669273423996
30.14537869566496,8.481760110887057,0.9002527593687971,702.2301566804406
7.365382300162157,2.6306897711713164,0.915178232496311,801.9333191719855
32.43087325747326,2.2614510380590644,0.8255549529766766,822.1321891921465
0.0,3.8901377395485186,0.8769662488431214,531.7348891181248
18.949562435028103,8.654117674992532,0.8333264517821936,638.9850146246863
39.79424688548509,9.95168854363069,0.7660026498907251,609.858778702274
36.35786414394614,8.806018076441134,0.8553735486802345,471.167624030231
38.42456990177981,3.2835598752221618,0.9266076422359623,637.3390156711697
21.110425369106427,6.848773808723048,0.8691759776390764,573.7323292561066
32.507707057498905,8.408755536364996,0.7871275773178303,494.48764590431824
29.20553791678179,2.3341364927094634,0.8643782188491776,746.83640307515
26.242463683781992,4.079923860572789,0.8995903962755336,804.1405602853855
4.892787322041942,3.7410521618789865,0.9433634447356867,841.7821543173645
0.0,4.270380370704704,0.730894087345827,458.49382586319047
10.84374031624948,3.7043158066530766,0.8975778557296226,923.4583346080909
0.0,3.100396274358005,0.7107484689397418,56.935823098832365
4.877840745087407,9.663336753377061,0.8922754569991826,175.17878966495684
19.00525461587058,0.06493405858933157,0.7561923604370024,204.57522912862814
26.07907348880589,4.999243828295857,0.9499653685788958,906.7063724561416
5.391713051867548,2.9408367709263574,0.7016570157919817,717.1839524497767
0.0,8.9050888074478,0.8868742229251559,293.76681473553725
39.98017542376454,6.801387580025616,0.7729253223738562,952.3442467396197
0.0,3.8531191978324264,0.7438784068625056,512.3429171824257
12.641501230857102,8.504344590484134,0.7268230984835138,236.96085242631688
27.84639910967253,4.27930879090335,0.7558057048314266,957.9125376875456
30.315265320145244,5.323135629920821,0.7633451053655196,670.899334633915
20.602229119759198,8.729499913312363,0.7586243334863705,164.57621706561298
19.157657408597768,3.8767755273675704,0.7516181134638721,572.0708086048637
18.86913572011509,2.6273961514224125,0.7655169415873664,707.1125054452705
12.329463280382418,2.4887602438617042,0.823039942962386,846.0289608992668
38.92671691897277,0.7175229691002925,0.8692190568489977,669.7720931599852
0.0,9.75083326403136,0.7318036869609165,873.5119205621006
27.442558760916473,7.533278351817988,0.8590375217822138,110.25487680558321
32.13594566335401,5.396762973066214,0.7167814195811751,815.8613574087301
1.8878512105584746,4.3801157860327224,0.8881634509717327,749.1154544506841
4.737617156405038,6.276352187163685,0.809629197554393,981.6138079981502
1.7705115344202842,9.54783502161326,0.9468338568255585,945.0821725841636
23.0224565754995,6.017873502758091,0.8637589838293274,430.60760521647643
4.999758352633479,4.8057709220627,0.8992592939199855,134.62903596615175
7.672012702669272,0.755396543777834,0.7076234490034783,428.5412330673295
16.88118383689454,4.635974867867889,0.9237079502887293,483.65980024994377
35.21415173850803,3.1624557165571168,0.9346030862853516,739.8880668134921
29.57827252254317,5.966549379206233,0.8102036085114964,974.2413150922714
9.853864796491932,3.463213485861391,0.8562419942470727,139.28930363601876
27.30616835133831,1.0963297440488569,0.883851269922384,106.86272280560047
14.218402899687458,4.830473369264737,0.7363360636586411,396.77292768079616
36.279208727678174,4.758682009912024,0.8618305657170388,465.79899191700025
29.79650926636402,3.598433278662296,0.8011818777485116,710.4618232366411
0.0,0.8386241852293014,0.7385149904153985,480.4297323954972
13.620319849693999,2.227791826772903,0.9081782195870575,306.58544387996665
33.29497406758496,5.142892479707463,0.8749425881316781,691.0956042517569
23.5581816813807,5.348542439832749,0.7334027774612386,650.8429729234545
39.462853135966256,5.643828084243201,0.8389144212293553,433.78592624553085
8.72833205559284,4.777249919606359,0.7384268995480432,255.12484807495287
3.1254329878870397,3.0283150029878794,0.7221561265656281,428.090977918299
4.608119475232442,5.891385460648518,0.8535487360186454,443.1809072396236
31.019479984006686,4.193686387578936,0.8544545327792629,928.6767805513274
17.021193450483747,2.4895823964233914,0.8069369309093404,166.35644478346018
6.472306705279154,7.71520070579711,0.848572307391312,978.4398618876179
7.434903547085419,5.576783800172102,0.8938444110513353,423.36214082092727
33.575955478165916,2.421933366699928,0.7450569804690206,692.2001323545743
23.178598271351103,9.821015490550284,0.7030332913209979,854.1755597517181
14.3627635447768,8.012165768734262,0.8706324216782861,798.9585748472188
29.358479265012015,4.735272998486045,0.825662277552667,140.78161638216162
5.395357589086732,2.674327309834211,0.7217166566086312,628.9241609104878
37.17326564671026,8.978427820802375,0.7570949123954949,99.08346233983728
0.0,1.820936640801391,0.7992650566332595,658.6043964857536
11.661849409251714,6.876667814348472,0.8604716974607537,678.8082982311043
33.09810029043129,7.394927832093117,0.932016800700768,973.6750592640333
31.309325893442736,4.773438261018927,0.8912281405261556,602.3833943448465
0.0,0.6073990152421953,0.8387561935230754,317.8340346568564
0.0,6.764401499771259,0.7033763267378533,527.5482112515742
3.9483063481413465,6.632550925310808,0.7534836461819381,199.28411782083498
20.256895942741217,0.19772748800161177,0.8180443296080068,279.5567484776586
31.500564871170333,9.381693465179712,0.7078482773391106,468.9785993985297
23.46066304123617,7.142385159372595,0.8877179728227373,205.99594125289696
20.248296845774508,1.27783014933463,0.8558379782692227,486.6124371231283
16.50967116781885,1.4895819920047506,0.8432723787801797,471.02560537678477
0.0,0.8651344477886322,0.8420211599712563,336.4577496857432
20.77948065256924,9.306612874182594,0.8524733113847478,218.98704823594608
4.927966304361157,5.084330759330672,0.7857148905813823,289.71753807249297
0.0,6.361315178599879,0.8654120262698982,932.6996556504648
33.27044529660375,3.5414608969401042,0.7091451744438998,229.68593451690307
35.87983051152368,3.122435800817895,0.8543079966146326,577.5039429056152
31.298363204945744,5.980872304703802,0.8872462890140689,71.06374617086686
6.451589024457251,0.45662611368992284,0.9376223652501063,436.4737093047355
37.33811237729787,4.813477774001776,0.8136809310431764,458.1485037282199
14.08713116638652,5.356048193091744,0.9301750841859586,714.493728226869
32.392740626702825,7.6023761350126815,0.8784886647005924,461.8913365691224
32.38164588396581,0.7980849715880153,0.9379090260939055,565.3239046730808
23.643365377630765,9.064863315751765,0.8024945174894517,574.9103933947421
25.36053340649809,1.81949100998678,0.8875878728115674,694.5158483013322
0.0,1.314195760197398,0.9246275750720353,216.81216935547002
16.381034367255854,1.563282857475029,0.7169507222359461,357.94191022936013
13.29466604558731,7.057180790045858,0.8776387877792495,767.3641578565338
24.953137063367148,6.23214918428742,0.7428106220957075,957.3227890261719
19.79890154577159,5.718420472752648,0.8873595411751088,967.6022638283924
4.961897431927546,7.149635101279091,0.7767662418280049,775.7863428020275
25.80301326195796,9.10990306836286,0.7425970571748889,561.103945094226
32.30570113791545,2.2235364473221297,0.8100718995375978,117.67764777601158
18.73444585851043,7.2714964641095206,0.7872587301892299,347.299758524464
6.922702843505652,7.934915876354931,0.8163656276047895,328.2147009498815
10.384709020442726,8.122111357943197,0.9244044742542699,705.1648582798797
11.272933962157895,7.100783474724397,0.829020500359912,984.8924661193383
0.0,9.908488306297656,0.7965515082957717,957.3530441001335
3.3825281126723503,4.276899597405297,0.8912685284022603,688.6790688588582
8.94502878682622,6.064530803437899,0.7916548452690066,58.22594484016882
27.105510127970508,3.2513934033108947,0.8376128209135406,710.1297823669968
0.0,3.010902792019845,0.9322766265803388,510.1663682455454
27.165454755312144,5.800251992677052,0.875145051436055,80.17637071282465
0.0,5.448266506692872,0.8188911532521682,874.7440029168331
20.715541146727638,1.8949280304751488,0.8821048452718641,389.5473100246919
18.844739049043817,9.695825955877943,0.8103940056838526,425.6482344479299
38.059412890657285,0.45536237864911056,0.8391006171837312,121.63413428190114
0.17179923040202652,7.118578329082084,0.8668933569739306,663.8073828977164
18.574284003653847,6.0908185080079,0.8970514144888905,253.6713986484828
33.728695356319,1.5159250479263662,0.7795528839784269,526.2784901614406
3.4398028873673794,6.843851070630161,0.7878169829212918,492.8414866176088
35.222570075353566,8.055809411517135,0.886545241037047,212.6850071658214
0.3874129281814916,3.057371694912244,0.7540969259990735,154.1508799247364
1.7127062339191061,5.278820488214408,0.941895044576745,187.85969274735038
10.101354800992656,8.84667289870967,0.7934055620904061,807.2986905553013
9.742932531662792,9.109964260999668,0.7701077432214904,893.1074752692401
38.152228746114545,6.731936671198697,0.8735807333108812,750.7888767429852
13.174575885915708,8.616998292998874,0.7903778275522453,751.2796605962503
11.721875002823783,2.8851911700872974,0.7780262410087241,762.5225296265954
5.400670757544555,9.26060770166218,0.925783348366655,417.8888104885751
6.342235069223395,9.451285471094703,0.792345884238201,908.8636712075016
0.7194594923584549,7.611065664559786,0.7344652447632309,461.5860470042727
0.0,6.442002683674601,0.9363095736261152,680.9127235159909
9.940924463607214,5.366555166025351,0.7590166384255091,515.0247696068695
9.618505892522176,0.9801417598223285,0.752230583144869,98.09151860170381
4.120830988932834,2.7690781221008347,0.9499065214532538,904.5828812331295
19.632153785128107,8.674262981166606,0.7049015402997607,310.7776208264342
12.722587557492782,6.602509859166293,0.8178124997746243,779.9687308871647
0.31220731279246644,5.41019577111125,0.7163661536341761,474.44055105733975
0.0,9.19397669314231,0.7579711792928046,717.1681047955133
18.536431964814852,6.700808466880725,0.8151570082787791,281.7084326012569
12.093649092813745,1.6499357299894886,0.7813678917942448,566.1406137893435
0.0,2.0022925048653524,0.9474665675213564,413.399885298642
0.0,0.801116681181026,0.9122067007336081,561.1632543119092
23.77118659494615,6.972589992067698,0.8269498823780541,54.89544264965083
1.807534665309911,6.320349535241545,0.8876783868586134,924.4372855369328
29.301960039792217,2.6215182486323743,0.9258058901608476,614.6855952261915
0.0,7.866581665238275,0.7920206341015685,826.7474271911603
0.0,7.4297358128031705,0.9023249006138568,970.8977864324966
20.12377759930568,3.268308449460166,0.8494219310823014,443.9218719993972
16.982506602960047,0.8874064300923732,0.7888736294172403,395.2886556560459
27.24322839905615,7.662194261747079,0.9022550399147035,528.0093357662829
0.0,1.963294529074319,0.7146119715696919,452.3886857269513
34.53934325812893,1.3208941644778311,0.8328471647144821,915.0627554429061
38.751225257172315,8.57639431108339,0.807469064444449,379.6867504345182
6.308897740250983,4.924286860499977,0.940417271823215,554.2680999898662
35.54259235843412,6.301985951812276,0.9283415912953318,651.9911258513099
14.963017532958924,5.775671046883081,0.7245552244326582,607.3290666349221
3.794495195656784,5.014581058767061,0.7132481285142772,172.36899752491985
15.571334386266349,6.001305707055531,0.8098639450553914,454.46695648878455
29.335387846557396,4.387366040710604,0.8823398701331048,847.9679601894812
25.529550149965154,5.072409791673278,0.8543535520082586,560.1651962225004
12.693069879747819,2.5806281532949065,0.8591682004469048,398.4428138994935
17.56165340229104,2.390354387912899,0.8018975649885609,801.3617571338767
35.56961954915658,3.406081945772547,0.900555504979507,250.6604193280907
3.901290471844631,4.084916760096139,0.8934420448584136,927.9995917151831
16.61376587530058,2.9403515990781983,0.9258224597025957,122.79749300370767
9.072922271437033,7.143216512044777,0.8748697209094366,500.69512164207714
16.491255871452804,2.3602803352369874,0.8005716778529393,641.4185948596096
6.107581799490266,5.255710372339788,0.7217921401576534,657.3582609355531
35.20750344741141,3.404472310971025,0.8770541398823232,245.95663788865554
39.91335676892588,9.948386948077093,0.701879455830709,84.76059702768791
39.297977452740405,2.889068353859595,0.9403674356027114,617.351469082283
15.945158445152611,7.047738281820285,0.7959710535950909,388.46335889679824
31.377071452278997,4.195903780950236,0.8442299097930517,653.645574871798
0.0,8.181228927205122,0.7762262767974096,747.9132593083073
25.484636585195368,9.271561856754284,0.8714170178332056,347.61610210089873
22.751564995810856,8.519118350502092,0.7561023888050278,297.2610487789789
24.560555561812,7.35024068538504,0.7477001202689217,195.45203963213078
14.062656904025062,0.4048757847172791,0.9146704702310516,531.6055299613564
10.20984824820756,9.603883803050167,0.868491052420639,496.65701049438036
15.970784460124861,1.1330818766377875,0.8117784438562898,545.5102961194331
0.0,6.924652205639209,0.715318791539825,482.91304627402275
33.58005649188772,1.9066297743151623,0.8534157145731031,961.5995678796628
10.663926024620109,0.9754676062314126,0.7614222971635783,580.1379559205982
9.384948418665621,3.64229627888532,0.9116360924473772,324.00538079601125
29.9319976169405,9.889217135363713,0.8488331131408741,473.013905777922
8.13178029818231,9.675401799526657,0.8569290854329381,325.71668689749697
22.48982496522908,1.2559557427676216,0.823976495833778,487.99071498122686
10.117479772849903,0.14119057988306508,0.9023504213687852,404.3747653675624
24.190521764784677,5.297469336754655,0.7830995067424491,473.025513801307
33.84629811679471,6.78429181715851,0.8625299506471493,999.1278237356706
23.176751097091138,2.7198786713437246,0.7695728439576527,431.95900635804935
22.25869962430085,3.798688651285998,0.9254870291937508,159.9678733106336
11.110575292972836,8.96957738900781,0.8248003247365404,697.8598705727868
25.13961921931399,7.168655387942887,0.8914521827616384,284.059984179389
34.599108293541484,4.8351753842953,0.8669802348252214,769.4969497358966
25.21142336625585,9.403807915234072,0.7623308617896616,773.9270206185462
0.36301334676971286,6.091358488974182,0.7287488468908982,881.9270516664764
13.248442965548385,3.708229850277454,0.8959681531328717,58.597486607647866
35.85353694681592,5.788892514744036,0.8624773717744578,637.2999109912944
0.0,0.8254784544695735,0.7283449168914733,273.2684532714669
25.698782457350937,2.714566086393038,0.8295897526927156,176.55470619042933
29.573773979577865,7.855008683371767,0.7995595824999745,324.6782475474268
22.853249741319747,2.9566567091407805,0.7498686905273892,74.12173024179104
0.0,9.084477588336112,0.8717178409049513,969.869592702512
37.023410563504605,9.30327841232949,0.7383385442326234,520.820472402164
13.500330874160564,7.769824763268676,0.8345800339758528,281.352966514385
5.617790465221967,0.8414173377223584,0.8599690782625773,333.48391848533413
22.954090268409303,1.9127931208205016,0.7385012059372991,697.04886064679
15.775566547002716,1.0197232615033316,0.8452598002733296,339.5220588188304
38.05588118742722,9.602116810637616,0.9467596095128642,95.20878082190808
36.99371545773731,9.677387236113194,0.8191419818007297,460.36895209448767
28.678396141639148,2.916324461916862,0.7658475664507187,514.3469081372881
25.069383313578328,4.777094934469346,0.8674515316271609,504.9386280452453
0.0,5.06543984690029,0.9441632781719649,871.6780543718827
12.455103011242752,2.493067027367649,0.9264846227223706,215.3474456542193
0.0,9.860264230244146,0.8088505727868387,97.64202828142888
27.20898108804517,3.638734162997246,0.9134138294130282,389.658979335885
0.0,7.275686934070376,0.7822709143275006,150.01085374060094
10.470819996928178,8.838450805730183,0.7820514255311646,800.7711031298542
33.47247257345373,2.198611062651444,0.7646679675523013,109.28300257057941
0.0,3.700304542509431,0.7979039667160093,392.8987728450109
24.050272867526967,1.4544940374877764,0.7634082172609624,802.4697032338956
0.0,3.898241664559726,0.7828093550674807,810.5338756699377
32.11863531003271,6.72015924534582,0.8845182671363996,551.3859001136722
4.723862872557132,2.052526760611765,0.8597089154387925,169.80448368567323
27.487275056997518,7.346347891080595,0.7518953603833226,991.7403399953705
0.0,6.806481883434789,0.7665698303844773,886.6142968507645
22.84359769097651,8.650534159304108,0.9422989174509241,661.1227332557272
0.0,8.601981517814366,0.8339473305076904,356.3792316023134
26.198331868375327,7.384448606961177,0.9344362941557344,785.303709900379
0.46549930690522945,3.1184249393394867,0.8715710731099806,407.8121023464649
7.211806717991929,6.31731826637733,0.9192400437207937,105.09835528753794
4.73382004929465,8.568004907985275,0.9495589979018668,407.84815327021704
37.19466804725883,3.020692249385818,0.785301423856792,402.346785961253
2.4038073541452714,7.161126145088547,0.8933497147199968,417.870388483834
0.0,8.022447453589994,0.8073879850129287,915.7945474777576
14.386138897760627,1.093861245046326,0.891050802649908,803.1634722443966
0.43111160092778694,1.449169946638658,0.719844606935669,665.2913377215701
30.451363402681025,4.109759526758572,0.7024681143551079,605.99066508401
3.211979141225449,2.5442904969762288,0.7122645850974474,74.43832742780565
4.536348211265737,3.910189395457611,0.7805306348191604,52.568346582714156
11.90580260419662,1.3675231046436889,0.8960543767011228,316.54621274765543
5.681657602634918,2.7970658086231674,0.9045268445659738,825.8396377729033
4.847850296808914,7.781197302238402,0.7543048836123809,711.3929638612487
0.0,8.98861019847193,0.8735727260394062,696.8947778354759
30.39634323198593,2.0295968375056264,0.9344134979637908,676.9585508052696
5.118958092303814,4.572752950064529,0.7601541853249233,63.16056430405219
37.48177322008585,1.68132697798152,0.8637118731435519,808.3877929718027
16.388760829520237,5.431810598067462,0.7324040970820764,499.62030872925
0.0,3.429149269433597,0.7801609723326984,639.7691072181972
13.514165689680343,0.17689500238137734,0.9168760156546085,343.25622136285415
3.8501635416837536,6.109677520135988,0.8713327980107162,412.03904435464545
15.564376212268039,6.502464721937328,0.7722359745843538,502.0335482888786
18.537372252425403,1.0702980323894646,0.9094359116451616,256.4722467002925
6.325505249864351,6.360274551023583,0.8872168775470086,448.014808719359
34.57507691196764,1.0929522983301647,0.9093910022907312,914.621587964207
2.7475351992680066,6.712111031410907,0.7718896507484183,766.3903219430355
31.868207233172196,3.4596478967813447,0.7822033441268373,225.40433262481667
7.649461216979754,3.3430350480490305,0.9103671044706344,495.659168961652
34.588154591204685,8.112028428047562,0.842659913113358,590.7460408673109
12.738754231225066,7.4705630368814715,0.8164572421814915,46.38875822365524
0.0,6.253629964033014,0.9316383854233847,811.6861117820802
0.0,7.990001631926808,0.8469669903127567,731.032020285502
25.072538118907506,2.6550167343569093,0.8254916403504239,195.68157221969503
37.84727841619209,1.8856760234433851,0.7213262130320963,641.0668665385747
27.196047772042476,8.155970102051281,0.7464053681848873,929.6331362708494
15.738122750185726,2.655833715094006,0.787904046990062,664.0339973247477
0.0,8.476269916457495,0.9115076810401999,414.88167769711174
0.0,2.530316684914695,0.9086092054121868,973.1503354700446
25.89057560461124,9.782685387613538,0.7326536657453323,465.74164795770054
16.804565025876208,4.35424910830642,0.7703117712493891,447.381727220515
9.01425178474985,4.3900831729056815,0.8703370443315928,636.7283947621115
0.0,1.7103642662094085,0.9315321625640759,769.0059039647849
13.143243158923006,1.1643697870670335,0.8100504475560745,930.3741783811178
1.8530377519438848,2.3617427663025157,0.8095586805426951,159.38718863102474
17.16397396869119,3.133766972031292,0.8157230781936289,439.13130764566415
37.109644515614185,8.737259931287173,0.8433071125282137,50.86106191863543
39.70732177304483,8.706005415187587,0.8364369585023494,884.8016904999608
24.067002063665612,2.4918619518268716,0.7437537316716641,584.4177791456741
12.417398955395678,9.97362126860445,0.7028983798531024,401.6104650109707
18.037818472973242,5.445863384368404,0.9416711690306949,104.12665061675068
27.703021728010494,1.770542642350679,0.8600488686659133,626.3506926977866
11.90763419678343,1.515210909062878,0.9496527995760159,373.49452467183517
5.307002606268593,5.187575673343175,0.7173970348372019,308.1710837280625
18.214184994783594,7.921239826255114,0.8100919517618904,959.5719242451393
24.30280681848689,5.188904336505436,0.8759547641481914,557.7216850128698
19.76252786710717,4.191408153215698,0.9211873901735151,850.6347845065651
8.618122554395198,1.0901565903475305,0.88327849614951,876.0196670088851
32.890893793334264,3.7874903875406156,0.7540320345544732,455.7450786221269
4.2223697310425825,5.4508997810084665,0.8216785524608958,795.7807096689788
5.288048784282328,6.7501757667073,0.9268898691227677,983.7432797807452
0.0,1.0758199695024409,0.8631753058485888,844.0676016752591
36.67382000956715,8.354091309323481,0.7311343184785887,415.67099040150276
30.832854413783295,4.495409899433484,0.7241275673211804,978.6292487326999
13.74914558915675,3.0857709919319793,0.8021284121023987,115.0418180741297
6.123898240448749,9.971886744773197,0.7258942782047435,876.9146268681033
8.813354080854854,9.324162223404134,0.9237178904306713,894.752637955841
39.63048993133259,0.3184249225833508,0.8027273956829436,359.9050211571516
35.13333267335418,2.212715030534593,0.7495819215067622,60.88239857535907
10.572688165782093,0.49472385433050603,0.8980982034212676,648.6212574268062
0.0,4.0947302569202915,0.798384721530291,479.8633301431725
0.0,4.6733010099944465,0.8006472666678772,999.924204508911
2.9662253903567994,5.64573323126782,0.9333917809728347,589.6536380140192
23.38057773784847,1.7951960018518525,0.7027818368199492,754.0799256168702
9.191616095554776,6.121276572928125,0.7262767576017413,963.6119380886653
24.98086892856236,1.3597947677179014,0.9371050934264503,762.029643282625
22.169557071730058,6.8774894005461045,0.7315814453395129,768.0048104212061
19.69074141557833,9.473293941975955,0.880933154404505,592.761315315046
27.272176965606953,5.091978475212312,0.8355609880957973,377.1003472182783
17.359847213336884,6.394301950141993,0.7445259242101319,557.6546311966523
15.235617750561389,3.782428569983356,0.7447176042839899,78.02103782615302
14.881542438499038,6.242506455349873,0.7887052803409886,367.369486731306
1.173123759613209,0.39444596761929246,0.7621614977158893,838.3127803682759
0.0,1.80677167271663,0.9329598524780858,345.211473884834
4.424436621872581,3.63723513997469,0.9121985806679636,768.389132422648
13.68621865648246,3.744375787744745,0.9337346872688089,369.6917741035224
9.990636169246097,6.554274323018478,0.7045556137396362,309.9302554002161
37.039997150019474,3.6421016705592795,0.8476490138431625,927.3594409816898
8.605352500087847,4.582322769899932,0.9022437300272149,146.02659894874122
24.26384090437472,5.464499639330659,0.7836508746210332,752.2735782786071
17.572127555429596,1.1401051656889238,0.7748152248259256,655.1887141020665
36.19398380540739,1.8706205220877425,0.8728958133857333,172.67199632938227
0.7191505589064671,9.374680382953215,0.7889028949904278,101.97116841821921
11.131304562414778,2.193196529370762,0.9045064263750922,162.7838129538187
11.724657842916498,6.261361057044687,0.9075008450045954,872.5594032548028
26.073446848494726,7.821260001885768,0.7857684387674524,869.9085912256589
0.7423674736930022,8.220607767447756,0.9255661815066991,113.0613225494617
15.67712779815461,9.537317130901432,0.7974993295949921,148.38616996087862
20.742238661916396,9.924421756582724,0.7923676281869714,868.6208273249882
15.112626356330114,8.584069312363985,0.7065475949384833,813.2622563525517
20.42694719434207,9.148127815817984,0.7388483389936171,793.2252086165021
6.319845306553463,7.702626838109952,0.8490307705810979,342.3444039561092
9.476019982268948,2.135337927824905,0.8069050728941318,400.0225514573844
0.6899019774102414,7.939580511550219,0.7604550465391713,771.7123895520068
30.819403059041193,2.8193301221380715,0.855402342343609,287.82958288224853
23.598996238242016,4.499229713839568,0.864766901384113,219.62729923464218
15.778774189479773,9.877437878108323,0.8659650789331015,750.5243056551644
4.090699512165855,7.080040823721353,0.8524678290464214,593.1030239846295
31.18509719458069,7.456188826148109,0.7031602470696057,816.0802454810752
0.0,1.6466477241252626,0.9232483908154879,775.513758963786
18.967896127691596,5.985060847025465,0.7869764381022037,196.76912252984232
12.550737878644313,6.906611623358647,0.8226722549372643,919.3054168763964
28.454291593276274,0.15439822075217582,0.8165256511259438,321.4590385937554
3.4982384826711876,3.5933391950713913,0.766263084064716,236.93680492516472
0.5363424926752945,0.5634525317434299,0.7339538881377089,900.7396470013722
12.527080575004428,1.1820328331014813,0.8652085179511843,444.5208665587429
22.211244435199255,4.233677238760698,0.8229894935344453,726.7642894158138
19.319488990808825,0.543331859808572,0.9450602138295353,54.06145299699741
26.460794099782714,1.3506352958282521,0.8963752524586601,541.1188087491923
22.304222870375717,4.116184911554719,0.707683388754345,920.3696825904641
16.776610523411197,7.76817663422287,0.9080984121174135,363.97298759745803
39.85890148306758,1.2514419135635557,0.8922789902131736,313.91887886054405
13.95262487405782,6.670044064222826,0.7611032566356967,388.91603939295055
0.31348025895038945,3.5237652829423665,0.7824310419191745,911.2650248704763
36.681742520575625,9.129181040446879,0.7318950764579438,508.2999556775552
20.25069455819823,0.2799902217108979,0.7340684833260223,293.8601424188487
10.66349179845105,9.102760433264972,0.9341288571531821,390.8852361496917
0.0,8.364877212447814,0.769355617506815,580.0880663824236
9.231914350073708,4.742343398144666,0.8280652041487104,604.2304259617861
2.0819544097521465,1.4277763978313753,0.7710666070252254,565.6513202776113
10.716956916337637,4.823148955325624,0.728466692788776,647.4666881556388
14.001846734570293,2.23987448405111,0.7664356325043742,954.3627229465244
23.732172350678805,4.3119660067525,0.9228127347550672,211.92852563343564
5.590994133956041,9.439441198355707,0.7805675535949129,829.1121285445427
28.400479851847837,5.75080919707689,0.8353674227349022,735.1412473458427
6.438690715879224,3.858875329933634,0.7909102859243244,310.8749369424497
31.430228015824518,3.376365229027041,0.7353388658557235,457.6087676040063
4.925028702973084,3.653530159153979,0.719295375940257,97.05481443244227
39.64243742549817,3.4607926939588194,0.9076255596077077,136.74599414530206
2.165703597273985,1.8296706208569735,0.8010745940916368,67.9959813523444
35.03222433396329,6.427362135199353,0.7100036471141988,532.9812039151902
22.253378178061034,7.079888773939656,0.8708287925752772,429.30594478579184
16.345819910516663,8.129614067561032,0.8769893827027806,466.7957099302373
18.306657164749428,3.0067870754138486,0.8478827808774445,302.6981344073533
36.47113909946962,4.885738906484791,0.9208941726412835,229.9208503265297
32.28934955266675,6.694256986200978,0.8564666176051761,770.0441075140334
16.675396090811113,0.7569280179046693,0.8369853972338135,762.257322661679
3.9703231707676623,7.5368316636289965,0.8416930824337296,875.3095166663999
21.213828682080262,6.637148196494234,0.8621626063311858,941.0475318794693
10.539296745414376,0.7842865189589538,0.8822553294408073,301.36551614520374
20.185524426968875,7.2489213177205025,0.7849764717443843,402.5405995610696
20.61878884578077,9.067309763356027,0.7817701132767311,535.2859807050932
33.31493872578863,1.4079114233976617,0.8625935369479639,301.90440404375295
24.376809089266605,7.35741525992984,0.8337981859774456,61.9344083024912
8.345600132377815,9.030430691272217,0.8548954921038235,93.21096371363531
0.0,1.9233430351954617,0.9008918535644957,552.6927647619431
38.62133188902319,3.417032545029251,0.865506944155349,258.1576953303051
37.74201762435545,9.017829678026809,0.931835675568142,840.3476474646552
22.697706039497067,2.734190629251913,0.7091629622467871,820.3897633984351
8.271060873707992,6.832141570651665,0.9040575110332838,369.96999486827525
21.242833811040708,0.42569109219890844,0.9297879119674562,301.06939103997826
39.17547265533913,5.62830047087219,0.9076381384449732,986.0562431510199
9.05014626996924,1.3813224623102793,0.8829258960999498,748.2341576690272
10.143530454889559,1.5440017232179872,0.7425149836152682,175.67822296073695
25.435071617813893,9.681915586702218,0.9292397122132782,598.1747064085902
7.216881738076976,0.1319552631290324,0.8104617665633824,965.2924977618779
26.117404984464926,6.959287163696378,0.8608251513595427,523.6188588736607
22.814210699570424,9.71763758157537,0.8398778231400313,188.76146415113982
30.216111230917654,8.791554191246659,0.7598184106522512,985.3766902411963
39.34672377373788,8.45402304124243,0.8970921661091648,688.114229995522
19.573643308632533,3.0329539292382344,0.9303393659385204,103.0037135029063
26.024467097746882,7.477490879554232,0.9211187915904452,928.0328923489577
39.58446336670478,6.2492166900151425,0.7052291525069776,852.6907069276792
35.4561105634722,6.578614115706495,0.7671075417689086,754.1279266833179
0.0,7.804630273416913,0.9152107387597407,366.48242983939963
2.6662320407080493,0.23773267717131455,0.7055541432855124,725.6621822862568
30.62770928450372,5.63259013503718,0.7304499910649677,838.5232369472366
10.46028320171087,9.143812269504828,0.9424698295739597,922.1263584396106
17.552942274323883,0.4076062308920424,0.7733675841819537,753.5440964222788
3.8773360974907116,0.5476427809815417,0.7789836995526394,339.0218275413235
39.26921802094627,7.077423377799351,0.7078791852893168,420.16759264757235
23.187127699292567,2.840083591032499,0.948596336257203,509.1430283168518
16.34716077198162,1.591533533332765,0.8507527393016936,498.95069721598037
5.120384443787424,7.6092914518596,0.789995056908596,82.0151706493235
0.0,7.790907983631229,0.7071049568286913,982.798968341118
39.45850056394425,6.900262823206377,0.9451677532102245,644.8556605512808
5.882489357434516,1.9734694788927687,0.7262962718065029,415.7105641572597
3.7994873595646674,5.922262890330425,0.9263378632698283,733.9809854109787
5.223646766823735,7.324381922965201,0.7321069660068493,980.3353368281216
5.191198244327726,1.986396236899163,0.7308592505545393,233.8993332706157
32.762717925058894,2.5399561690818926,0.8505601821420677,300.8015982375816
6.1298141974434825,9.104582022066202,0.8458201115805009,96.53420774283482
1.16010935773454,9.83252994678776,0.7480120906513728,477.2301349096532
28.011074546996472,1.1095915308214725,0.727760998576746,406.4586353377695
26.013402950164043,9.482895563292118,0.8200771037094386,396.8084426401079
22.672722338227913,7.291038048958939,0.9253014426259155,280.2477823442334
33.09013487759617,2.940996237107676,0.8352668241902534,912.5839398961117
6.329512109118033,7.989516189022922,0.8227381744572079,507.41421315092816
16.081403385303602,7.897626705137035,0.7172917917011639,655.8118243264747
14.577339073766076,8.572259620999528,0.9023403211242914,576.7958052641213
2.520516965962728,1.186574570959553,0.7108561056180618,231.7780705503381
23.40295737981237,9.72265402953024,0.7005877733806455,894.105137271807
37.79972551260622,6.14070505306012,0.9012430997252496,635.0042853316995
0.0,0.8813364112956986,0.9495564128112934,840.4942001149587
6.861246654405561,6.876410944766328,0.7532558992530687,293.9994738085787
29.327869647573408,4.027374643627979,0.8635246285396119,872.8436402928112
0.0,6.7608890725694994,0.8260099356198606,411.3150414752538
32.15593986123371,8.10384471872022,0.9225387993743362,593.4672404925032
0.0,4.663560292243395,0.7309489359865113,838.7172635142595
30.17723825250522,6.0660209462492585,0.7754758511336364,139.1669343863182
17.179246544069237,3.0792550656198996,0.8717866556609006,478.0506523057547
11.773427183110803,4.68880175235205,0.8332073087955422,167.79199725021752
3.269105239291118,0.42429385517772567,0.7285537625551916,132.34674761849294
27.31899217763801,4.948046469801545,0.8006077667378533,813.1433388571835
19.800981551312034,4.399068414979671,0.9417056471981472,749.4484725530816
0.0,4.624608718087056,0.9484256569656667,477.0435605820606
23.771762266027814,2.864818094160575,0.8384959331794658,505.31659006381227
27.73271851679899,6.601135783367589,0.9438718875271971,922.085429467164
29.866735352216857,1.797627075428583,0.8987427670336117,470.3140883911568
30.80710491739719,3.37660208562785,0.8415456065493291,270.92930646040935
5.4036300290443515,7.7628408935018545,0.9406975219657757,875.8971897506351
33.67698048627791,4.347553802121218,0.7885861000802445,205.41845351890288
1.535585162323802,7.878541106842389,0.7375652262474766,746.583357781891
34.40190758312692,4.133043508307319,0.7105162100680898,866.4652163686619
20.995061370277703,6.346810964253614,0.9347999372028626,458.86428388685397
10.960261027870631,1.579085367901907,0.9255133354951193,523.6986662937769
16.196563608368844,1.459521980842761,0.9191160999543257,523.8290665112573
7.860478734468437,6.321674563006426,0.9292395926189011,671.0260770727689
39.77099796919809,5.160066203011935,0.778252207729073,879.9484885999559
26.27529066150776,9.034491631358355,0.7419747271695384,947.9840731129549
8.829680713673831,9.256723254618505,0.7798595613797741,488.6097619905454
12.604823455304206,3.1911421831899713,0.8713646397596717,910.5143992321613
6.7234628485993335,0.9883597579932589,0.761290124937833,426.22909333665024
39.408372096762825,7.032049283171024,0.8656041231256502,255.62100908372085
9.017068501960175,1.3565202439586364,0.900562167647913,945.9544258470137
32.26027492351166,7.739150088653489,0.7900481857719013,86.61303143522098
33.442572496357776,0.45911839029876966,0.8134006512019696,884.5211050205994
24.38273525354388,5.683400792223221,0.7618591225386973,181.93574012341696
12.26655262339728,5.369561776533666,0.7759357028132048,411.08617630605113
21.595773486112343,9.836887621531826,0.8145372573096368,588.4976115011884
28.34475871262219,2.4127351219557074,0.8089523433415325,860.3641976137408
31.487663182556908,1.2945618469126479,0.905056353239932,597.4858673540551
4.044964249557951,7.9825817548319185,0.7614732732043121,826.3158166680897
18.063054806664777,7.346883851975039,0.8763889897856099,959.5440379944931
31.20442127961079,4.574356086340314,0.9104434707796557,831.6562570974626
30.1138526575113,0.41119310196456593,0.9149910457274762,578.053194741894
12.800763828256676,8.76735904616301,0.8556087118835247,510.25412950903075
24.387269993868767,9.351468636503641,0.9328228486376025,336.5863798625238
0.0,5.637811049453426,0.9272131112028497,678.8835950917468
32.15554904042431,7.022142974227238,0.8923157097916228,523.7062204165029
34.60761269998585,4.8350858544229105,0.849885780161943,692.8330282066163
27.396017000595197,9.714014260676691,0.8437292671555956,156.99984851684678
14.443546254664957,8.336421221523572,0.9075075417001476,470.2416847776474
19.185427469146582,9.668170244254663,0.8249691424856866,237.21053158016414
0.0,9.722591459355062,0.8066147346281288,457.0604991042448
16.40265144997476,9.560933515682928,0.7068290743964856,562.872793319039
19.402787763427206,8.859264593716349,0.7373865524416674,534.5305972221871
38.811789102615684,3.4983241482668843,0.7971111932394143,78.1966510928968
37.13946182000936,8.30459232572396,0.9214845235012561,445.47788494305394
32.28848662218959,8.019582913268097,0.8777468513751703,465.31512397349053
17.79411233947437,2.6853006623640403,0.7843532520762848,188.19800175711828
3.7894462536852833,3.9057127581182742,0.8582633838998326,815.5174538097092
24.064733959644595,3.615542277362171,0.7078952589584014,671.1838433259434
13.82647786170103,6.549669452366871,0.9459320214582869,892.5078477072976
21.777181022250982,9.537592330922669,0.7519490245624938,729.3520820305539
25.09487339394009,2.5207379348570895,0.7494042716618294,916.4655245528326
0.0,9.575734007183193,0.8787915536852614,226.19130552872173
30.376775820988968,7.091107104670358,0.8472321622299841,688.4637200469269
13.089653128043755,1.8988530580067646,0.9272137699589875,496.81541505729143
5.143786597395947,2.2045295565456775,0.7040720249046288,437.87418292204984
16.587604882165262,7.26735684327113,0.8266968441988782,401.63648264542917
31.44825662376144,6.5683530788984035,0.7226613036187661,916.3298851632687
9.875800117014139,1.115754577220338,0.9029962241260762,660.4485014674848
5.0616205925787465,5.132589924944146,0.9191094270707806,848.5095752570267
12.634403293019016,8.219439052107603,0.8346082285238217,627.9165390556909
18.54252997491323,4.681999951196774,0.7630507488916627,574.9719502291273
0.0,1.8495693611772577,0.8631942429030185,408.3963885430206
39.80243119932716,7.019452121952126,0.8314431154314873,780.4856674244854
14.32371504904982,0.5032492086968319,0.7674271844468448,788.2742732319439
33.64489025372092,0.5795845719925926,0.9333872895379004,49.02259854686008
3.4013173291227528,7.9384191240232855,0.7187752429804692,98.4081383476282
8.864117014389697,5.564831579420461,0.9226359094477036,792.4691657663963
10.453224503651677,0.846599315817502,0.9236090012111,457.474393614399
37.647148382692414,2.47449458930342,0.853409112427545,752.859764977678
26.248082483168712,4.525150501094246,0.736237384891328,254.02738570608236
0.6617279628766961,2.1848736280004077,0.7870194578696588,311.92982462539896
8.490351582538679,4.747796016124093,0.8139956104453234,302.16559464034407
31.723137443102743,2.7752967550438,0.7557088307962452,286.2551616929756
37.92054917679786,5.092344540005213,0.9425179302888966,344.15537433993615
29.683386373293548,3.826924591400516,0.875676069892504,481.6232441176757
18.59335527168554,8.792266735190811,0.8498499769654799,711.9554787959379
39.2544418735035,8.794878875595074,0.8911666785770384,641.4834638938514
0.9372145132934263,0.7690356655122407,0.92453625253443,233.41408640395258
12.2451963812357,7.238026535691315,0.9254329417174973,890.5713981814765
29.756360746039103,9.54445634678144,0.8755575598334049,703.463898986372
29.829872102723975,7.580544738297715,0.939589431266867,586.705600994866
5.710160879702229,0.8812956572129825,0.9338939151674868,834.9560711001519
30.348996141593773,2.334024317672833,0.7848484859527416,326.84319055996406
36.87150279208159,1.1176981114496947,0.9148660376536277,691.7176124747014
12.741380317742268,5.778635156053058,0.7214825463503444,816.1816318903726
28.102932344675825,1.7925103656889456,0.7912918840042387,721.0597182637266
29.074082407935332,9.666200861707777,0.8676344462088624,153.93177534575705
9.597542404434757,0.4787354938387039,0.8370104318191368,382.8031421930037
0.0,0.8050497554540079,0.7787638610388402,905.4800420028064
19.87131344313821,1.9294155783902616,0.7335403121147859,727.5256594345586
0.15347009509409168,9.324725329709182,0.8076145195295883,385.2617863413382
6.545570201701571,8.9976356145885,0.9373126744759588,857.5921813419932
30.581838457551882,6.560747585006776,0.7631783079766177,641.809195395572
3.414405323097517,1.2813960938700069,0.8648398861811489,382.4410921985189
0.0,7.633136397339817,0.8062449825773436,130.532643974817
14.825437956092774,6.300599114433477,0.7695977805149076,989.8226918566215
6.288859189291798,3.6534081591853176,0.9274717183438546,489.6411821742907
0.0,2.600874038143699,0.9207220292564331,316.8911968164145
14.349587068647496,6.272361924875579,0.9082977435170996,705.5505827577558
5.327982616616785,9.757202104645227,0.8643280995082154,383.1912882606524
2.3913224506986754,0.7563305234220653,0.718019010207356,331.43824430897905
10.196107748768522,2.4944530180268947,0.766952464196337,289.59133094925596
0.0,7.891086016304843,0.8457958065514648,698.5187408780483
7.783591728340262,9.24858951817097,0.9348019344992505,338.8749281310662
33.70896046576573,7.961748240483695,0.9032772593348435,683.7510001931821
37.715503852212976,4.958643076011687,0.7726677971552753,558.3623861655609
25.024176756698473,4.054551752880096,0.7093264740372993,432.2765391626597
14.839722754757805,4.988001601572347,0.9483026934321424,709.2876728443789
9.679645421596494,9.001031740698416,0.9438176920698707,459.1102947489285
38.46269515933554,8.516205604418644,0.7882267923731863,580.5898264123314
16.310706309540873,0.979138019999232,0.8466195288916585,759.9815263138177
29.407847487256326,6.169509616654701,0.8564227238248974,639.6349576772857
13.174985545604942,6.357195541820095,0.9264789023812393,373.92265162956966
21.07317182141555,3.6215919013725237,0.9373752889629232,355.7176161462929
15.269381736575545,3.730927104404634,0.7432142460440805,945.3379015186904
14.64016376992662,0.2904205114679967,0.9450859150164348,126.70631838781169
16.326775006755902,7.0913017332493675,0.891385460612556,105.88747955246063
0.0,5.6812596918781555,0.8185020037884659,667.1581455539045
0.0,0.5402320040234635,0.7211584838147996,365.38759444260984
3.0960704494426374,5.463282317562393,0.7276697432600236,348.12924453903327
14.817808363446902,6.965003390882156,0.7850304265223814,487.944972674185
31.401973030420663,0.9741825700485984,0.8457908786320857,396.95890847172086
21.097802557471265,9.539842239392113,0.9078799295454973,798.3049247673524
21.398985684117417,8.966899147438214,0.902410493411082,48.819364918585784
23.581555247614176,5.092087222105854,0.7288484843721599,282.99840749173705
9.012381650081418,0.5221161957590317,0.8227160169577077,107.02029249918759
22.431609060382765,1.893207160476013,0.833375572231838,899.3122291967206
15.889005080750708,6.173798945126268,0.7919479585382023,168.69777596880834
14.02565589306272,5.443053817010174,0.8381903258954033,994.7910111618696
38.248450741716574,7.2491747036923995,0.8836465218766808,462.4309519175161
30.476503030706123,1.333532507523161,0.7755919247122928,728.2152070493048
20.775407461927244,0.3185396549814271,0.7879844661467237,192.56653596003423
37.33698236664626,9.503175858197517,0.7173583917644191,316.79402063560394
22.903912311609197,9.402572699943306,0.7071579984175981,433.3995778610703
0.0,0.26055522630894956,0.769073815963691,117.87850735726472
16.30201116817116,4.864740880661822,0.9014139702392654,124.80443346291682
19.856648342457333,3.7981151327215374,0.8730756418596646,41.44432324315872
35.81805249324279,9.309484340257995,0.8743083751537077,136.33879096905963
28.642897247121812,3.1397557737345974,0.9250909891024526,460.9302352729652
9.181743544204014,0.5340006833752964,0.8895244638808173,726.3806782581017
1.0137928457458867,1.9499046940498026,0.9239732320891225,194.1928848474548
18.870603448587175,3.3451016295110043,0.7589582296685466,311.2091841338195
28.463889765521852,2.591170812768404,0.906368865835989,806.3948089518686
14.417155198947029,7.070920510058245,0.8759308197657049,836.1095925447405
7.018785742248321,3.184875485792436,0.8936448541350099,361.2562312114153
29.88464169710362,0.6260178643664575,0.8477812638541115,332.3428731767841
31.49397047061253,3.561372848253396,0.7087426564623214,630.9621459822937
20.952175243108353,8.635560739177532,0.7221268414057109,550.7554719692228
26.37194881511546,2.9556215835074156,0.9378656435091063,622.6109782792939
9.58909541091141,9.759318064686006,0.7130396687416998,244.14575976289893
4.731036878149898,0.13063450638347507,0.8384088913121599,256.1323744770443
0.0,5.68426896861097,0.8396181743527951,984.9261614741731
22.35038159558116,4.088902329480876,0.8946644796575706,887.740979873305
2.8475721211756673,8.724389299793364,0.8141736974819359,399.4099572209258
35.67019386012744,4.399454091953983,0.7160970502973858,471.1585183331653
19.05470552789691,0.6773826517004131,0.7793526479966243,713.2698055089919
27.875533760150184,5.070085176956249,0.8557932537150822,168.19973421444516
0.5374843230075477,5.251502252639713,0.8949963092518162,658.2677850318411
4.683131978336121,9.532271907455346,0.7653138485410873,538.1042236150623
26.767885764764824,6.500288915442957,0.8043370231348576,122.2500313213288
0.0,9.33464798209622,0.8074972350338315,127.43305656610929
27.319913510503984,4.524156508126716,0.8899314632836466,237.8631869030107
38.26067511753385,6.833686949300929,0.7357992940599496,612.4860937802034
38.723944615908955,2.3233839739745292,0.8762407878191054,655.8118583707119
23.955789054729948,5.597759099206282,0.8725814154370876,94.34268783364729
15.959613545163862,1.0824943436237362,0.7715589164848715,421.0201402550572
0.0,5.496002737141956,0.8896870243305012,925.5060066340761
19.258678248399164,7.889074441512599,0.8538158292421376,892.5502451808687
30.270511756541705,6.856874584115671,0.7149875956357404,97.54440885247635
0.0,2.7164796175065917,0.7717143363295424,55.812712273682905
20.40987797414387,6.2507348702489285,0.7772699104006613,154.33109563958865
34.68460866155978,6.2017759983858,0.8782816982734947,356.7520398842941
26.147144352608283,7.267098777897592,0.7207525863124895,624.0296377045626
6.919459591389432,7.327100039917493,0.869460962048389,845.5263636993636
3.8561847042050084,8.697219837328426,0.8350783184763937,242.04992126503785
0.0,9.243629400816852,0.8995999579595296,896.9741445431778
8.901553692227612,9.911426065063242,0.8311685284824958,527.8785121619909
12.447845972691846,0.8118062906008308,0.8050474232633335,804.5262194734863
39.94598145495486,2.110130208140401,0.8578497285049294,782.9550710409922
0.445783279914427,6.787415246299408,0.733465651888353,957.6857301124111
0.4208596642501638,6.985582847800289,0.771440354588111,823.7769594951075
15.392598083531551,3.7166849337106025,0.8823161674355624,925.3617910321532
15.081331559743642,3.5383189359458385,0.9470824738182124,666.4643147800064
27.17762259362557,8.730003633091794,0.8371567630777367,713.0543063726453
39.59572129246924,2.238258264727984,0.8934458164346732,371.1905530887445
36.683008778744195,3.7521759364574927,0.755301983132804,223.8908656782111
15.208914196751707,8.532367605533768,0.8536324029216309,529.0561673081361
37.22336879198164,4.50397120576361,0.9197029928114703,466.8720952431764
23.630389532295947,9.83938220970521,0.8698592276269714,650.8181173748366
14.047776670804176,4.050658980030398,0.8388757420918824,600.9330291394598
0.0,3.4588113470865887,0.9370002836756992,390.8066025146069
23.09488267256134,7.658316349874556,0.9407091872191395,827.0895145378674
4.217421013629212,2.5056914621790423,0.8816098392347865,450.37659088082637
38.036523286458554,3.113827709499342,0.8357067632450513,668.1149447301326
38.06453076515435,7.864457562103422,0.9428685075025074,484.2028833290788
0.8765112768944546,6.547155242954798,0.7272286566195238,416.85150585610353
0.0,6.946612321313624,0.718016153126213,671.2516793524621
12.153078661459253,7.2278425206000865,0.8674695506532957,283.09497204244917
24.407061449225708,3.8141008352109815,0.8073139755645213,755.592699870191
33.90139348419831,4.477998035668894,0.7283222622710008,190.9496035531318
29.005318325050933,4.292267786615319,0.7558873618936924,894.2556956144302
7.510633104863325,6.743376911876017,0.7287335529657043,360.6912580659263
1.1464698943560356,6.895330256204004,0.9417672142781972,63.389875308868575
13.686796456552157,2.6643346860916854,0.7142705441862348,798.1072346865584
16.520999961827037,2.8573352228307156,0.7726269383035238,809.0576683452963
0.0,0.6309775180232264,0.8896154830670779,180.79657376660973
34.60944363784499,3.4910805385045647,0.7836131356567675,459.1156135017364
29.00403315974102,5.373844662275141,0.7159812805274914,404.8857199752482
23.97945407222389,1.979770730845241,0.936494697333444,285.3204384770452
14.840946452470503,1.6433065156634927,0.8386633432918384,625.727778158541
22.9071068209652,6.991580952121747,0.7606258497158368,578.6290944763633
2.3928726334469266,2.8497640006658354,0.8097178009453222,629.7095975067438
5.104089548519818,1.0459649833472004,0.7160303857687681,511.37642839400877
38.52263780879938,9.725044286783088,0.8611129524337724,170.3114754591098
27.197684175254974,0.09720628220498503,0.8280425351011602,499.22797787987446
35.521712580292274,4.9978692863236285,0.8075108151296855,409.45280114320406
32.20738571496857,3.1974400413607897,0.7042293082633095,334.77414813045067
30.602538784615163,7.148122274059959,0.863921173100255,779.3980676738292
18.414116764482543,2.963725145436731,0.9044714181043041,693.1200241937499
39.87917199567845,4.236778796951195,0.9428219650057968,190.92205451585903
9.977623780500737,2.5580908516388847,0.8905309559778156,147.75290879588752
21.859435675300364,6.663095110693522,0.8489037719880557,118.14051582099829
17.305395501399527,9.849700583290854,0.8795516344070216,840.0409097376992
34.017263094378016,9.465154951200953,0.7715042570189001,103.6142826957244
9.207958428185522,4.585047298370253,0.7933863422578035,200.47794853252284
31.141519547275188,7.7968220371069705,0.7493089245293361,516.1910148062125
0.0,7.691706743416894,0.9412746154043499,136.5149365222465
3.522279487430389,8.200973328704666,0.8450313178048545,88.87675899088254
0.0,2.5809055803395764,0.9183581270718515,973.725647154595
9.606923044351946,1.587629079724562,0.7373303635022428,878.19878538147
17.575857559420292,8.718595438701323,0.9272805711937184,870.7894001441604
37.02207013884713,7.548641356856119,0.8780582464656105,900.427202564928
11.832638986063182,9.780740240754614,0.8736407672993491,621.0201033072193
4.792990909777251,2.4010975038148152,0.8708545340078111,785.6877110333332
9.541848277900831,6.291335171627599,0.87503146442817,521.1205799402824
12.502829877932102,3.8358125520202697,0.8402958016895087,449.48229356033016
0.0,3.3555000560614676,0.9437776761372856,842.8981709144908
10.20309309403023,5.210877296874371,0.7184492358395735,457.1377882273015
9.784753750383418,3.5841765917748494,0.766348258826551,266.06105786374496
16.678573838676133,1.1117370253050984,0.8352549552793562,940.2032873035514
30.589060216463476,6.542523198464529,0.7445265153586148,743.4503514479678
4.212017996101547,3.3522013475893413,0.833319998422122,360.8158894487615
32.95612545479826,8.523969039701914,0.8173755525197938,860.1469141372452
2.221419701454053,6.260757223903335,0.7306204150066212,591.1973933098233
24.906703758139116,2.386874506621549,0.7366805924413398,273.1051808274137
22.862459158528527,2.5340430478299245,0.7107744706505746,934.9480552597614
16.709998579473893,2.628484672831897,0.7884969241286115,292.7054222600793
26.614261432012192,4.571557528571734,0.7396774460092733,425.3512506151947
0.0,7.417333965468521,0.7250487045408422,215.8817969904537
38.77933234674539,9.198793896920083,0.810400855789713,955.933568438415
5.981499187415289,2.8886369335637854,0.8816460528157726,251.4511909393551
12.950177151591223,8.779003601451452,0.8386840830334494,205.16572459706154
8.200685502176594,3.4477844162830493,0.7146819340338435,617.0089365803622
26.043451651662814,2.391658120611544,0.8522296845422105,511.62339283813543
25.14816482777914,9.710955253718236,0.8411149368601305,288.74057986931143
27.75480310972751,6.837838334170385,0.8141017241883425,49.099943747948274
36.46776432955804,6.2275068544028,0.9348223062191351,565.8608067053977
3.054907193142261,2.062127978679252,0.8121495472463129,570.4316053423981
30.232877616156898,3.0300245147377076,0.8714879995250522,904.8465761457229
35.8557666809893,5.155733540176423,0.7914490508101635,41.00312573209688
23.70112294512007,9.075925173933244,0.8093276413674411,249.0387836347956
4.723853199620776,5.194780470031621,0.772221850811674,696.4920577715789
0.0,0.6380029951265721,0.8651601842648287,92.92808532346449
37.3791804739195,1.1614949647908082,0.9292959829202279,258.7644178568589
34.8873020438402,9.807180997819442,0.7970542875178834,943.801194471747
0.9718824583976913,1.4938294818012285,0.8985461979822045,56.52881313678488
0.0,3.886070951906919,0.7803781643453962,95.33565081200462
7.861439552307813,1.1145495825262322,0.9126014869154404,759.4948663277605
21.20703854682469,4.52732198128255,0.8894494137420746,897.6654957739675
19.390753117764202,4.214201068710552,0.9394386505020815,731.0594608819987
24.098506937068134,1.6103827465932936,0.8294326961816408,888.0503881749354
35.11195676984834,4.817948475021734,0.8153422802877968,561.8600918596809
34.70391637192698,4.427553389226439,0.8088439528787699,366.4778010702485
4.034510935549109,4.755401781425028,0.7552018399544682,432.95109194774
0.0,7.06822469943974,0.8192007130716605,740.340217548991
20.086115106816568,8.384834267475048,0.777640356840504,994.2115324789711
4.734915598697011,6.0317007852854205,0.8789431703179938,46.43555087111643
0.10537193275916626,5.378902688359702,0.9282564592913718,403.01121871090055
13.090677284536428,3.517273605727239,0.9057362654065734,714.0987705553088
7.88912802045145,3.593436500029445,0.7212531485402434,444.59801586203287
0.47677543039035847,3.7054288007886256,0.8793732550347245,328.09502117525983
6.393463267234291,8.666453732484662,0.7363224937968932,261.28225061828977
38.20419988441194,5.6816654826931146,0.8683831545817321,361.4089512833661
0.0,9.523474366557947,0.7562231899106053,743.3576713359322
3.5486856536018663,2.63280835386356,0.7328491046246541,621.6259598664284
37.67278248511264,8.43420726675703,0.7897652837031491,89.24045270872082
31.508864846884535,3.4740551470000063,0.7074466159790037,676.5214920937159
18.258669841199797,8.89681071246816,0.8789775590317668,802.9230310427115
22.47775621088168,0.4608484150747752,0.8179067641518526,730.0292879210527
0.0,4.066325926877476,0.7325155304666777,334.8447962381454
0.2945481078628083,4.684406598221339,0.9405690774958784,767.6459966386531
18.916103797040858,8.817115500669493,0.8028181659704869,145.99297138547138
37.123286048159066,4.7582735236675235,0.7282203960402585,918.8959600137332
11.131295498391522,0.1011166478979052,0.7295364336118646,676.534610638775
15.934622320337292,9.657261623150031,0.9281777503474833,961.8163802323944
0.5360893472739703,8.82954338690417,0.7932288330110718,125.06778306608564
0.0,3.869410506599185,0.7649347652442011,411.061094753793
19.109189404731755,8.368841758029234,0.8420827440978315,756.0808486389058
23.746185146041217,8.926517229570425,0.801500556177388,836.4814710061752
18.391375166318777,9.806544950920117,0.8782770980208588,168.70042164588023
24.76379819479087,8.510708787641015,0.7644859637032263,306.22911395700294
0.0,6.767577174264184,0.8153872830326547,630.7558336641425
5.201803455843878,7.8733720075860205,0.8881085484560106,155.6868823812543
0.0,4.427690747014763,0.8926466872819303,819.2817809984921
4.176954875609868,9.084078484627977,0.9376033286118653,317.07107415758423
25.79894203726764,8.154317649045675,0.7477732064978626,478.4468224453831
13.31690285905855,6.590030052304222,0.7123006939344589,327.39665545568914
1.1920181859310834,6.6881834007205025,0.9113010270409845,662.3209324198743
13.468667522566088,2.7435810553863327,0.8583542974664435,758.0039083599494
16.060303665214022,5.198999292952058,0.8024550964201946,511.189247670852
15.141999467083917,0.4702724019100709,0.7838788770722442,58.66629974138316
35.81005275164942,4.328107626431458,0.7251354083308715,846.163159711373
26.405082458744424,1.9494611270044027,0.7733164411226362,509.79551382286525
15.2494511262376,9.619806724793701,0.700784039357403,783.811458853975
28.641004714063506,9.20040068727491,0.8367259790285896,484.47338585709025
25.77029226086003,4.596166469778188,0.783806188147868,205.18736051019795
36.178716069447184,0.3439874149674432,0.9426468955186065,565.5120920755743
35.06234066723947,1.7000871030011706,0.9336071230371462,814.3314041890075
2.91429125696759,9.126686237390878,0.730789559429198,466.669896598866
1.0151607253588184,2.9438283299078094,0.7865512203714842,357.5951002825393
4.064811440817689,8.14650881465317,0.8473246760613009,696.7156204930596
22.537814345377345,1.518382411934791,0.7062925702871191,390.9127071967978
14.791622686345478,0.41171026733149574,0.8630504478843891,640.8359817845775
0.6890900645789596,5.588276829836296,0.7741379743774519,555.8791698971213
12.068246462780786,7.769148024216604,0.7230922970614373,326.98754750655166
0.0,7.835353293529505,0.8646567181321684,466.31151424532106
20.882370222759857,8.07379067868524,0.8598798243205003,449.2782404032569
7.0624578085103655,1.995543030563341,0.9283088179157207,526.7098552071473
19.87592319647161,2.3547254592644022,0.7537146862392677,416.85101669515603
27.81444565968279,6.645702004492079,0.8466138536319654,817.7377942210721
38.204753636597765,3.5198877497138135,0.8614960783273597,265.2593911595994
11.952620599970077,9.263099238239365,0.8286364151806308,227.83062954860787
36.06973859766096,0.3854409567831774,0.8589718001620062,782.967652580408
9.90184382446122,5.437135224383686,0.7572870936938036,687.2810742061686
0.0,3.234734672183961,0.9473225787301942,542.6665699251082
19.19477138536805,7.822139281926001,0.8172808296678684,604.5566551676848
22.616284245950098,7.169098903216572,0.8749906282849383,692.9186134652234
13.000834539613367,9.214092638099208,0.8257841478431923,477.5335875848952
23.182581374939552,8.235368613282295,0.8884631855965788,675.2477491412093
19.997819022606965,5.430021220910189,0.8876187543347083,750.3187627557141
8.116694743595438,0.6307498048313253,0.7311801136323116,145.88244685648618
21.317292662428347,9.878934893706107,0.7102956020808806,345.99341219761976
9.870972117141202,2.5386184037854598,0.7512663627610574,428.59000184710015
34.59234432711143,6.7099084347912195,0.8819717435560289,560.6166442645332
2.0034243012311297,6.106123286203057,0.928311239199933,681.491827124662
0.0,0.1040924133145187,0.9015193238553283,229.17080789051153
33.48185272049126,3.8546888781103696,0.921548037055518,377.9948969515797
19.633830081429142,1.7306700393489973,0.9444359655678979,462.3367356771764
35.65454548234578,3.0192872054292033,0.9254316157263351,849.2255480913823
0.0,3.751299508743104,0.7536442513863965,288.0287763183426
22.776836187395176,4.495830608505781,0.7265468845575622,619.3145072255339
10.985885460992078,5.578141114378635,0.8932004955704057,144.60153004069173
18.282829614274867,9.292839113113203,0.7922745798287999,676.6843778110847
34.311922065571785,2.8911684860351565,0.7930608817103767,757.5389538068175
24.841341812934125,6.123318760438037,0.7629903902526687,108.4832581383278
13.181536787180635,3.158099040667523,0.7093242332540345,897.4568498216494
12.790792299593283,6.898017273295267,0.785240459488777,695.4557199396845
11.576256673093813,3.387689899609479,0.7803599521058528,837.3811500797187
6.472176293596323,5.691288010209583,0.9006438248356223,387.70887858887113
29.467604178676037,8.326455636299622,0.8303084381762282,437.81339403802815
35.877208788802136,8.5925486896329,0.8888666648295466,780.6022215242866
18.076623810843444,1.3514527993735337,0.792699338690237,297.9456173192021
14.511011387425675,2.4185137016884584,0.948860641209686,809.5355454105277
8.636927335129828,4.197894622875731,0.8535546794009604,645.6885390903948
0.0,6.626055146952869,0.8910489043499166,847.0736194884345
1.056293989007777,8.688733534018745,0.7448572594917466,819.51750935285
4.467529955502544,3.529418369781868,0.7153152293226244,69.89747425669162
3.4231744944814224,4.044430100636659,0.9221019520717847,683.166315495112
6.534005999083209,9.126925753086361,0.7049363952348084,364.16967999871844
35.33667019809045,5.189038407980715,0.7196730457111473,235.65136088480457
18.62926654762603,6.023050416106071,0.7042443848620759,833.0127228801439
21.78240748231511,1.696675606711787,0.7693516925096404,474.66768683839194
16.600762178733106,8.61325715592978,0.7587071300035576,678.3670873824294
8.465268970469578,5.235645352517175,0.7000911635770349,972.1560570096512
0.0,1.4270864274082014,0.7781764049115607,368.0924852449287
39.401699664580114,8.716942008145814,0.8890848438081966,246.36224672897356
0.0,4.479803405375583,0.8965870972985577,626.5794514436901
37.764753946772544,4.6039195042590695,0.7167670561853757,197.7996538556489
38.20032565465986,5.573404293823792,0.8903222723307176,466.43903348084706
0.0,7.6967904823533235,0.7990053648501183,328.8491593409948
18.973423498030787,2.5450430199416174,0.7122424742349301,516.1535584370439
0.0,3.3822660017572335,0.8630916580903633,876.0402159116983
38.0641938217332,9.045499431605055,0.9106682294914654,170.42374499226634
5.0363959621574415,6.736492877792137,0.7427502699614328,920.5858433226065
25.289210778948636,3.154581489917313,0.9234560766965478,113.09886927971365
0.0,0.282841332838091,0.7796557488133286,958.792043920065
0.995015895700918,0.4312565390707338,0.9218334013710919,601.2969634921843
2.2810502025581325,0.09726269720666401,0.9385055017857238,46.847427045028844
0.0,0.9005905747105359,0.9234248574744149,363.2173946857994
26.939308170385896,4.566591928192924,0.8106299388093654,514.3692126416638
0.0,9.863302341441106,0.8585901969390171,849.7626119777465
32.64226774608844,4.228933453021053,0.7086523049362374,324.32088357628834
34.94668567956308,2.821502283401072,0.8189702859478286,970.7182971087828
31.882204164832615,9.27412183744319,0.9491415999097093,927.8349324469443
22.26181680037048,0.7659294014772592,0.8449802802338624,398.64777680542124
13.960701375824287,9.134025772646375,0.8856303374127236,256.36631296961764
6.748737128688615,7.654914144576739,0.8036888621775619,930.7571549426743
39.877024187122,4.989291291098181,0.8430721183244424,111.76466602811182
23.268961285631594,8.503988740507701,0.7613018214519316,197.21562107018207
9.282401949535707,0.32273226263818094,0.8432419481459942,593.1583601393165
0.0,5.325878261944627,0.7247038839831891,397.55909470607594
31.34450151831766,5.930035501658213,0.760558608316266,468.09231215094076
20.775649895483333,1.7187510776892732,0.8990643265861367,573.4385116507601
1.2089083453781324,1.9745061381020002,0.8972095450069675,794.9453868515699
32.11477324192619,3.6588717752986737,0.7378995296189736,945.5462402554652
3.722393654781987,6.345184040159617,0.8999811167116036,434.06141784063055
33.71561632942555,6.239653862977392,0.773077343227184,187.943827583239
36.93030964560513,7.643861423073005,0.9422803709701943,217.00796906823885
9.052136266284634,3.431344538651939,0.8176022276656343,139.45941268049214
12.25284734092574,9.386520846305512,0.710950243066956,243.1267168465385
7.149488048435063,3.4720450159852496,0.7094545079955378,577.0753585372202
31.17732909720649,2.8632568147245956,0.8276587653339423,154.85932421449746
35.26733187296624,5.384080669872877,0.8512763258613976,952.0753669950088
33.645294287900214,4.73348702196503,0.7174234155447072,554.772718186336
27.034043532426892,7.370120244466685,0.8803537028517532,601.3708261895224
38.55338679610766,9.547198830297836,0.8908751018803269,920.4324972960864
13.255821448908804,8.872350697337799,0.8059317084329118,607.0379412919781
16.337840510883694,1.9248347896755336,0.7164405722058113,978.4545163306346
32.065049478562635,8.756135348657741,0.9146550401726072,754.1422300442923
15.718307944953049,1.6900667504147142,0.8507252443978236,711.1523968026654
20.902838414817367,0.4552125960673098,0.8965302648910682,50.24469062190853
35.80184043923924,7.829570039519301,0.7005821370513003,151.93552441526492
2.1419111668169752,7.149540821329731,0.700521677189573,209.04168593232424
2.1592395901219277,9.157405570342828,0.864410168754965,330.2405420249184
0.0,0.5771115032754075,0.8968267765972535,493.4328979844954
0.0,0.9989743229253322,0.9359953524636971,970.4641643033731
22.017797872819468,5.580795047173406,0.8878959956338561,556.8088757218444
2.359456169836902,3.927971403117883,0.9352429282642143,345.1574942069654
17.919840055701144,2.7589071162963137,0.9344735517596292,332.27295964380323
33.79336723386579,2.8800205452659386,0.9049567757342994,871.4339884213427
30.503705512404757,9.108910215017143,0.9157634914262034,960.7154437488236
4.741397218494913,7.060511606271252,0.8652348685484397,708.2053286264197
5.1716369138833835,5.153076414046371,0.8767205960374926,179.05877408890743
32.448292302413,2.4721201617833257,0.920575124774777,970.3427438816873
11.919168070282304,4.438722681079054,0.7241918298125212,823.9757932210517
23.410526971955296,0.33196219310817454,0.8639419482193422,441.764456714258
10.845086443799492,2.5562909022940183,0.7658443802530793,649.2095014763133
17.78242074671422,8.041732235849663,0.7030984719657896,643.187392667942
19.26494892593252,2.9539467761327414,0.733853125460897,834.9598034795978
0.0,1.0269764075879546,0.9499355430200978,976.4331601094995
33.15311750500147,2.2465730392049448,0.8298684750576376,546.2540887505878
20.9379221748231,2.9328274904218454,0.8651883466149326,306.0244061222917
38.43727957125308,2.5312569098148554,0.9371009889001255,524.4791515199032
27.078607631720445,7.229080197664383,0.8462436282840899,396.9238078061639
11.250093472471537,5.810732727380466,0.7357100547837367,881.8388504727722
37.64729405257953,2.5878153577215928,0.7138884591049445,476.52853219336737
28.09596400477094,6.464231533857279,0.8681372726775025,362.9419465876662
39.18047038324001,4.865701231853857,0.8170878356232107,87.955894374752
38.7759859586568,4.6488463777040225,0.9357759837519535,423.15694207261333
0.0,0.9589404464100436,0.8821234721506712,448.39074535016374
20.044409868370693,7.211307206103591,0.7483019843562531,325.1183462874719
15.09178328589259,7.250455724046627,0.768644055931537,918.8771266947132
2.4371743067072273,9.568941762870363,0.7926010754459647,640.1910194979696
28.228978192837427,7.299716129610909,0.7551674116830253,212.0684124628831
18.518583904114944,6.248193243058005,0.7496862090916666,702.6925264247899
7.562320936225094,1.8478752207894111,0.9051258740762531,153.93591470541605
33.835750591050065,7.233315214847156,0.7630068506693457,599.0354014602267
9.564473864088697,5.005599993607006,0.8278136654415263,323.50466296579674
6.160520278950381,5.084302021558172,0.8458904854201811,691.728486496844
0.0,5.709189377372732,0.8917280022587876,796.8492686421738
32.2401518103915,1.7735098813692427,0.8074663814592147,126.12197228629338
24.18778477279986,1.7523496168902484,0.9054425113152862,847.2965646098439
17.115932604656575,5.816196438670228,0.7405167638811722,532.9431413719931
24.23558497668193,0.9477189216872577,0.7297341660351924,528.4072195814904
23.946309995028276,0.9444818717381512,0.8282530160666998,415.56781213769807
11.248217279273222,0.04433599302748897,0.8129229307739142,407.0076902139206
29.43828839023191,5.963028442080285,0.8105029723059174,503.204711472219
0.0,5.39294071942433,0.7012020875780687,135.02764930203932
38.17804687618445,5.402204474890494,0.8228935154854133,974.8773314269002
37.01057035969476,2.765168020866378,0.8518655130595529,269.66255034619996
28.131491869774653,7.326819061392128,0.8932417621269484,339.93283099507244
1.3471586789405665,3.157597106484173,0.8899492694897353,836.6242383478104
28.29722846290001,2.8674545737807335,0.9199822727515132,769.6991046705615
33.429659330975966,4.451283669688156,0.8845562624868869,907.3961972110881
9.032106779284792,8.37514522958088,0.7447803377213515,43.061140301025986
30.432364299526583,2.8860349306870106,0.8955476059530169,652.0050995148187
14.297660793304706,5.711861599104403,0.9461430116516014,172.9485041527087
18.783135280858495,7.269961207836896,0.8677692955848313,77.75453512584167
8.035418337249563,9.345758305308188,0.8115765868122127,879.427285801818
36.77884110856733,5.371760189265365,0.7742153514545964,139.53140185440463
25.63864227327717,8.155405592039097,0.9068141494595914,535.4441235029301
38.47085147094547,7.009694697169497,0.7885928245913649,173.6011719332072
0.0,8.482475108077088,0.8656627591444266,568.3687725752626
28.293014390247347,4.304645753968408,0.884164842996323,239.79005819058278
25.15045448345181,9.955571088984007,0.9416258134373985,918.8080022666176
37.02940525791488,3.260293668940111,0.8007942450035646,667.1893941863264
0.0,8.699419490675858,0.752681411249758,533.2486774074558
0.0,2.057906717496884,0.8638065895070991,691.6607473188553
8.48178575369658,1.0032167327290848,0.9376411845224367,332.4159993930457
36.90116940866295,9.927883048735328,0.7839042762446817,804.3453772984409
22.12212110494427,2.16973841907179,0.7067518699268455,842.6898144753151
7.2971111348569755,8.229893697746641,0.9204537299080103,604.4375085879193
13.59961545249796,2.7177359040219407,0.8937097004112554,426.2902528988164
23.514548157215376,3.9598137104284916,0.8728194949708239,756.9202144678127
0.0,4.2439069835637255,0.9165268908627339,533.7850192503281
25.424964961887863,7.3692586944252785,0.7902260278326243,56.99692259589959
26.153523154593223,1.5923466027880646,0.8517166106316458,951.0760319885848
39.795835721811734,1.078700301744705,0.7197125604544526,646.4269155291931
24.20586082769538,8.943881080875181,0.7778171454739001,63.5432180390346
6.219851649657261,6.414800683144749,0.7768048200230393,960.0604683182071
22.438550060536567,0.7637031638000323,0.9113310410154947,877.7135685501903
16.609347928840144,3.5597133073079705,0.7995953934384225,367.41186313870884
37.81732138474194,9.674502164539522,0.755674438371098,583.4950927103583
4.3924473236415995,4.162132897681037,0.8666785012164306,488.0532541541071
2.8300497147690584,1.2745041764670508,0.7913489905242235,135.59077041282038
38.254385297302186,7.606359214821033,0.8640481422514406,645.3821638802768
3.597494434399941,8.6455162437304,0.7476238924615528,57.14639918313235
35.04730097969016,8.558798605448603,0.8925497390159771,202.03115652207555
30.42757255776278,9.177386452942867,0.7323832031266487,994.5965365271188
12.804578352982642,9.545272909520497,0.8463385754546773,886.0163678403605
1.6835077227321986,3.1407367054624435,0.8672516773871431,488.6810518897423
0.14434595612609744,8.19491996022188,0.8282700421251661,904.8810247407516
19.95411046309808,5.50043165086041,0.7597460105952176,467.45891876430056
6.669196214070523,7.291290954401047,0.744447683050897,782.3772268059738
0.0,0.8999482204052018,0.90371364631922,635.9406650608352
23.09546896597958,1.4544118732521536,0.8470131399776651,973.0096078405281
23.49417136719606,5.309566191683167,0.7912840347271387,77.59291917732025
32.562158690644615,8.079943525945808,0.7829117288637655,935.1210592966177
1.1859753118726148,3.2919310610873795,0.7260455916018126,508.71338624081505
6.015408320566216,0.4927759156523714,0.8070289343007249,94.05528084178357
35.45290486888341,6.830843580901627,0.8865790901793307,854.0872097822747
37.51881593428182,5.292282011235453,0.7513728798439112,307.38721723001436
24.799499293450598,1.0482390633207106,0.8196855880615875,493.8437613307561
18.009985515058226,2.2567013462339136,0.9042281191694229,186.4003863592346
0.0,3.231612962420878,0.7664498249325769,469.68343814415124
22.052807063515253,5.473622486915547,0.9120473900153756,733.5348135361322
6.2623934520675295,4.79772171989563,0.7124360948544675,934.3846044132624
38.3668493534452,2.0780766998891615,0.7782483513900306,205.46136869825386
20.35687305924841,4.61462273588289,0.7639752906327355,111.63295079067413
0.0,7.470132886402039,0.9184188811099504,91.03042402752948
0.0,4.998477637534114,0.8075607332607518,121.33706538080688
22.04358256662122,7.904101817594932,0.7704998400512338,858.2693798286704
1.6015070517624923,4.7019951490189715,0.8372443406984751,697.7948353980046
22.055525093225885,9.435694799079316,0.8409840412920218,258.1197447891921
0.0,2.016684132960749,0.7737873877409417,615.7407746049015
15.063387098791319,8.619336095321673,0.8812196391697273,942.863236709719
27.735989779683244,1.3662400378769395,0.7762301877855016,900.1221703656347
21.833833809983407,4.701428882114586,0.7941532340683167,998.6813773879637
7.196490095988545,2.383858333226906,0.8877554118819886,194.19373427198326
15.917750500961574,5.585068624433065,0.7648607890012284,282.00042039990666
1.301812567748705,1.3742689233163792,0.835394990860189,162.91254720862443
29.399403714377733,5.0208791895277916,0.774747487621914,516.6986376069544
17.300284939015583,7.238884069318663,0.9450391998280857,380.12157057111347
11.665667341579557,5.093891624950633,0.8167254855556215,58.079627810533374
14.329158683939692,1.8441932620212793,0.9273515090747231,828.6858576232106
32.79823934171681,6.0617894144145446,0.8848559825515604,243.90922969032465
27.610091913681785,9.244857349471888,0.7111094752947605,913.4960573664291
2.064569038680068,3.9462948029675218,0.7527885606083453,594.7379311322976
28.30314118788362,1.482688499301708,0.8871572042446967,969.1877053897318
11.122214110105068,1.361866234451032,0.7663314299766888,183.03573732827957
22.408605352486322,9.375903683691801,0.8510707824023649,780.118708946493
28.354468470703885,9.651573956863794,0.9209722007690816,651.578016767445
24.642831495784666,8.687221668865487,0.8335585583115867,222.7761540889323
2.399114216506206,1.7800558072141668,0.908782989230311,471.22257525298244
9.839373375836061,0.3307029281678144,0.790503108264264,980.5666504409159
24.849628545323128,9.053932860820076,0.7549957191925295,235.7574268876127
10.74783310965707,5.617721841976521,0.7537756511693667,976.3683881762561
25.423128491253404,6.6187325241406025,0.7506754606107744,319.1523894468911
35.28025790533893,5.62488126695058,0.8775812006358593,161.09639010213314
0.0,1.4516116658051825,0.8429557716835108,767.753332221466
0.0,4.713466246511917,0.8781251735997461,870.8722551350929
29.12156350905524,5.503229291956892,0.7571785306189827,202.5056848773222
6.701346452565151,9.638106195689275,0.7757752766499806,926.8024840813274
9.916648265973635,3.3327981000031253,0.9409487480401967,753.8944826797537
37.934231135952714,7.621735544536324,0.7318092966177243,735.675483753623
15.060629922522496,1.3938745313322012,0.8992072851507852,208.3777265316584
13.675411282793611,0.33687330580318237,0.9419383522851742,270.19461630209656
28.387138076803428,0.33464757831577235,0.9061519664588247,304.48538699550073
0.0,6.141942015865358,0.7647355244817303,255.68702353211623
9.380793008529428,8.9242612634369,0.8620543445853589,438.7982980783338
0.0,0.6713438295384607,0.8156742282358834,441.72261486213455
4.868324039743774,3.8331759801568057,0.7630172412908356,393.0263273009714
34.3482297093177,7.0521578841630115,0.8971955331087864,244.3420382722179
0.0,1.5738120867357686,0.9391654167179093,496.8187474930669
29.83791719476227,2.1753886804066753,0.8895093313274894,475.4153100340681
32.67298759107789,8.746485301708432,0.8588878770817463,253.03687599731273
25.396311140175847,7.927250914055458,0.853093068483403,458.1900782197979
10.033455220340594,3.5430735867209697,0.8970703307479257,660.4519789859891
31.47672994438641,9.81661954687185,0.9110074667159554,895.4050504054998
8.60725195050315,7.805201202237989,0.8234140495680551,853.6884333306195
20.678974296134705,7.601825649238695,0.7213389503281497,430.3461918632455
10.908095614054666,4.071103141444719,0.9082923302647584,567.976910615122
36.126509626846584,3.216609234919283,0.70740173488662,788.1624303641645
12.669590951093463,9.30589912960161,0.8590596064113698,400.9455073483675
0.0,6.613234252628635,0.740156198820552,95.6689374310097
0.0,0.7489760618921119,0.8119362277459352,606.047704301552
14.808286893685793,5.987195201368087,0.705425756783904,255.25802730516267
39.31372824648911,9.07024505652496,0.7537383668134592,230.75259478306876
25.016639637802772,1.0983069712968767,0.9082251395152918,333.1109063401936
29.063768976049992,5.205857975560281,0.8475510116386771,616.1979760906115
26.831754740048698,7.763984965376205,0.8844083165308168,108.73990961214912
33.73985388765429,9.347210299647763,0.7210040178251036,661.8101103646907
39.463366356016664,0.7656408145768677,0.7775237151647177,539.6214255927188
31.09801019340102,4.824469513588437,0.8785933576273328,960.1876449432825
15.82731517157184,4.338322967651895,0.7021267705925389,78.23664509432369
33.90675399854662,8.57643865764257,0.7486949155886654,766.6856103822176
32.59683671475106,1.04730218795373,0.8771886903431441,981.7692314461959
34.920149178020075,2.0236310936488526,0.7130657666483959,559.6625872500991
30.463208801197798,4.0054811093877065,0.704037831743796,534.263021799586
13.165885668374996,7.1645618824755,0.8647946497743408,298.78476119449067
2.777682223812252,1.746730304122644,0.7255000753379037,852.0760312782793
20.241325181047934,2.4011797794246696,0.795267786411796,43.346538407618134
15.693405831067622,0.8914437512647106,0.7760261891145914,348.06753175722616
34.26605650049168,7.449095472162924,0.9476470349321653,404.5193485876156
4.323337681783552,3.4881906010670356,0.947180067658027,878.6855662324139
32.457435628219784,1.1443223775750724,0.8032920980248982,837.3731945590564
9.418408640625833,1.1925492909333713,0.7383844989496533,944.8333533678348
18.3576939594829,1.9942043716809466,0.9391105911530964,128.68151446376152
31.331097200310747,8.090981927670043,0.7227136094574502,432.42186258092477
35.82430874365736,1.3978506794306327,0.8428173104302004,481.3349359313829
1.907522618557028,3.9969702962265643,0.9038523924121497,675.4573121798942
39.11583999654009,7.889052183339229,0.9055951333810914,168.4030918761252
7.642065395399478,8.307988702061975,0.8379328498917399,665.8541163203316
5.795796375531225,9.620632691093869,0.9209103830403499,982.4879104600423
1.2946808636930927,4.435971459761305,0.9124115055417139,975.9815028423684
18.911500546871526,2.0189840133040615,0.8432568840739937,423.89516799285104
35.037349247361455,1.2392714467807238,0.9491275119619791,351.3215066777299
14.668986363097448,5.888171281940821,0.783660800081643,420.71060582855154
23.198762917437396,2.766453649743835,0.9214055191171212,626.8750895755662
3.995407888021665,2.2819762381359263,0.7286579670830121,984.761166780049
1.9373391758603846,9.748471982517584,0.831008913918418,302.31280433597783
36.04150204810289,8.941869956617138,0.8684458351158618,120.13191502103143
24.54471110254538,2.0055102195500063,0.7483261765402772,737.529475196374
27.10862047601735,9.289558287327283,0.7334947363843667,172.23180525056483
2.94531069977277,2.828398583385766,0.7064084751968086,976.1513872520961
20.41684487526793,6.243778451187838,0.7189362045866784,496.50151820853876
5.231635141009246,1.1055318009396475,0.7215433236496538,855.7385937881874
26.03475659130672,1.218836566405034,0.8077183845395423,530.6728799281175
4.370145872716151,4.259462514284237,0.8509699965111039,475.48359539273207
26.49806786354493,4.470700983689565,0.9083827058001672,88.24468164458338
1.306556096203168,8.513554531133332,0.8722368451705627,718.1694857271355
33.768502179503514,5.88972273698394,0.8371849922145267,248.06604586065677
5.859037967280898,8.506071361110141,0.7233744176486847,523.0539061680611
5.891551468276348,0.6737746070290963,0.8297494163189942,816.7994235891686
0.0,5.933641727659733,0.8476495497454972,196.3571810107049
22.627735543248463,9.192149361955844,0.9176482573863749,883.895537850655
3.9633616280555795,6.009848274757062,0.8123191042992934,282.55670103113493
13.903035320654082,9.588373519315068,0.8978438903160841,388.4345608170687
9.515436863798161,5.88609079998754,0.78941422170683,243.03985497221473
21.488701920021324,9.266363509931198,0.7375361116769356,222.1018029449819
29.784885339820338,7.2354619686619435,0.9430111289061839,226.60713044769784
26.905894656533114,8.592055348442697,0.7394201816397842,501.2419446110157
26.846584996457015,8.1986130023485,0.7070538820194507,83.55800333474804
31.360425786785783,5.778220227462103,0.7722329196026873,572.5479539257063
38.200102092071475,3.21256468612424,0.8657285031935739,240.68717890577759
35.76028122490008,4.978738070254376,0.8177525448649676,83.79339317443382
3.9820807449093936,3.514052831708155,0.7084935574091865,55.139727086919024
0.0,1.2437756806572695,0.7964166475284107,823.0822064109586
22.704145410803804,3.84478288283728,0.8748501072330597,263.4002429700029
14.18250619433025,7.822291718367573,0.7065197825364781,862.4790879349318
25.21367744718123,4.874493914547886,0.8790642345942581,753.1617389767896
32.183443508921364,7.108285550113648,0.7423404044718609,159.86222890522993
20.608861696743872,9.811900975781102,0.8755743817204364,835.9825011406588
37.16300808195214,2.2105720272620792,0.8817520959377632,108.67120330295577
7.918960137971791,1.1484226631006913,0.9380662116614539,218.597222936432
32.963756078619674,1.0572562771174507,0.8651234528463825,907.7091423971725
35.12587511268537,4.648660079375672,0.8439935567157387,201.80323564736415
19.682256520609165,0.4914691873650278,0.7710055159073538,145.42166024872557
5.515947120424792,0.7881850589634117,0.716120354480364,929.5204207117044
0.0,3.394742441084541,0.8397929044485769,704.5248886113953
25.63431081155398,6.263809754791584,0.7139587444033987,164.95171167662676
1.5267448788924014,6.741241131837668,0.7615063393911092,75.23595110142125
9.757173661535942,9.222916219370816,0.8407257965600307,598.5105094492073
18.930892375832933,7.283918978609054,0.8973364080468984,600.9893268255795
34.696321677786415,9.511232133002276,0.7262558563523094,338.61959052671
34.64607971994304,4.193152826480695,0.8269113777658952,279.6020421454841
25.08446115030352,2.8497023628421956,0.8354862198253665,165.39314052500345
14.892896909720818,0.4423137665747183,0.8883637332352905,698.7057122019369
17.69774311126745,1.7682648913232282,0.9086908707132886,564.3568275252651
27.873167443954827,6.6187448641717115,0.7325737055960095,281.32623052027
1.8138368052746316,4.26120137845104,0.9469400066559442,860.3122018765193
12.156878502321893,3.674278463561187,0.7794983310944266,800.6418169034364
17.2936388987005,4.796240921882388,0.8770844910374102,854.8686196960941
2.755638823096413,6.794921769137548,0.7131762528987596,681.2208897942761
28.843952719148135,7.901684472845995,0.8304883072957585,468.01876683130985
16.609117529102004,3.9285084374165016,0.75684454031044,567.9177462560237
23.80787085678865,6.1972054567453245,0.8815478865680069,432.6137232209935
11.462422593159639,3.914598755534307,0.8027918429531347,152.48533320015807
9.195985637025316,7.019710748638812,0.9029596850945315,77.05863734858269
0.0,2.408560062325837,0.8077879012904216,743.1585979198719
20.93507633935838,6.370750123659446,0.7820344351556359,59.25509967676639
23.564160351913902,9.228721369354618,0.8165168113182989,909.9198215773597
0.0,4.711574932665989,0.8404560768884166,681.7541102413552
32.595925115329734,0.05698428236528788,0.8316162712770958,841.0025065937963
6.7958788744636704,9.14270589893869,0.7420283184093085,516.4472986160284
17.74506298869941,3.645518725796137,0.8511930617729864,715.4475437055787
5.496658919454626,6.71123246195872,0.815555158668858,745.8436200780696
4.182471213420314,2.3595673732463855,0.7115632072019719,691.229671568643
20.920847450912902,9.118438511229579,0.7291875744948738,44.230027934599754
39.449859954938255,5.870179028655134,0.8514908234765055,552.4533444220397
23.44671279290219,7.279441602655114,0.8288536661787684,253.11220007884577
7.924487175335715,9.519320775883308,0.7868338584310324,945.058674489203
3.6980674174539354,2.250569174549203,0.8094962423903541,523.0285425108833
22.19091743516098,5.944570794149476,0.8536785138142905,446.96826583292983
8.010850250083495,5.218495692606145,0.8308677359483883,169.11803968896572
0.0,5.382096167668244,0.8633989637012268,318.1786232307281
35.630027254969605,9.53508002384294,0.837155552040699,384.3626441162635
34.680890923115626,2.5937519042757042,0.7812484418790164,906.6059728934846
10.217857810920336,4.33678825786989,0.874986961015578,266.90513905620554
27.859937785186425,2.8890188055865242,0.8067921334902037,468.99136608066715
9.420828590899784,5.156551681637699,0.8724479589368855,640.8107122199128
27.781175834335222,8.018519078574759,0.867137882049167,833.699175064973
0.0,4.719614082443261,0.8666448325478151,210.9097061351344
12.375924573468017,9.627071538786831,0.7971068560380994,385.5750764259202
21.346026328700308,0.5964275062478032,0.8246089212486479,847.8844869326051
31.463815005184646,8.81278992738699,0.8988141908499105,767.7060230849233
39.24483938477257,4.627464174655438,0.7354212682463834,899.341729600615
20.514080895627515,2.45133895392851,0.7685028955022527,878.6900669888306
26.691469115400643,3.1816863708514798,0.7413759861365903,207.83789094195654
3.0513242667912954,7.768736521346141,0.807526905135499,360.8875897711055
20.770247894847707,8.575844572300255,0.9217404728879106,964.4216409573153
11.162269141601863,2.451954710113776,0.8323281457269788,828.8337217374282
15.683690896865944,1.6838200555065521,0.9052554242583167,519.2725373455944
30.14019843190158,1.4345610260461177,0.7006205865339981,136.99338450028142
33.43967133111325,6.263573476770751,0.9304178938886541,401.26062090888684
6.912338541719172,2.6370771159241886,0.8250709770381428,610.6781485567495
15.164111011652302,0.3503473931418697,0.8042993906370706,306.25336543772096
38.8797745310919,8.87238433573142,0.9341738001445588,868.6507791150594
9.591735456224264,3.449428972716464,0.8073334775924291,533.0598243177951
10.349871061450742,0.9785216140616629,0.7217302567449881,153.51847491515468
7.120336051827956,7.726793214822486,0.7341122897686934,126.48726103744966
20.53007461286416,3.6642247680257776,0.8488780590571723,874.5104017129589
11.075273636255135,2.032440843019582,0.7454932609958972,41.02507566881215
28.6236080628938,2.69087226103126,0.7034324970904926,565.6872955347006
5.387479633687333,0.4231428074684536,0.8593292012424463,240.55860256466943
25.94404105731752,7.969211545506699,0.8818004629358003,428.0057786692876
22.639360758633224,8.417518407794958,0.7295011531998881,573.0665313712822
5.854919496668442,2.4022818956942698,0.7678452288183174,375.01232368560187
29.100633536259625,9.36124787211622,0.70622191026332,515.2084752321967
31.58720793746367,4.643492248534632,0.8772362895573373,834.4435589486284
6.1943885362249205,0.7807839628708738,0.8912941669488443,527.224836229782
21.09719442374985,7.5394340350727385,0.8465043808755301,954.5037056722217
0.0,9.340386268463737,0.7449290029667918,970.2619377930248
8.291856535886382,5.22431452862111,0.8957527141957551,687.1690780023107
17.970879635170224,6.294785890400418,0.7351522748749111,232.76747393048967
24.784300330071936,4.69534229930386,0.7305542370191946,311.5690509841986
14.632653771483744,4.727756256042139,0.7456524667422632,662.8898708085052
8.226646130122045,9.619084094595513,0.934197822005768,680.0684204478013
0.7472155448447062,5.271398200740924,0.7487470152064516,116.88083128887214
17.0857424326711,2.0819266395672176,0.8172348246528565,271.2489013891609
8.61281641214599,6.218303101206148,0.7948528108849732,77.80404606015
29.76806489171332,6.6125126747935585,0.7999509285488768,219.27500464549553
0.0,6.485257610432754,0.7331410465657635,253.83782493527968
28.752741349812947,9.463181741621625,0.7693773488798306,209.49278973104464
32.45201399299584,4.387965772993465,0.7194658018845324,328.5346805255352
28.400818852713428,7.1220364343885265,0.9222711304634277,742.8950950652476
0.0,1.8062901310772776,0.7666784291420868,481.0454560093151
0.0,3.931051963383086,0.7855178665714919,795.5211480007817
10.687476853560813,8.460439093056465,0.7481473879341984,585.3338185686722
2.754682966755797,4.850676710492577,0.7158471212824281,589.8624470731394
8.86905814245275,2.693599391801611,0.9449408287182093,216.28992304261345
2.817137414096293,9.411840490355084,0.7198129123860566,869.1880583153949
0.0,7.787429683700482,0.8314005142861073,771.9552304140459
15.764115815922281,9.870340757485064,0.7745540899963183,955.5520451288404
12.345458537689357,4.114263671346147,0.8884137982483954,974.9114733870531
8.363137679333503,1.9626825179045757,0.8822349724495072,567.4562875229007
19.74898167694324,1.5341242786994376,0.8639355626036157,672.8793366951304
19.90277128142507,6.612301444974317,0.8604951754481631,679.5108747527233
0.0,4.223507842829759,0.9103700633761861,612.2816133339679
26.274520605319932,0.9308350783609952,0.7797710804824326,626.1247900888025
20.104071755567862,9.323800813722018,0.9497059808047411,738.9808780729804
29.27057326442075,9.034877043799186,0.9380517285746082,735.5153963933255
29.908540147255618,1.4120625873238453,0.7019758033973917,365.26307215027236
19.198313277074405,1.2004790934218021,0.831008805802347,201.07081718887602
13.856990119356757,2.0367629099440445,0.8836257078486374,450.80753249464203
28.945575261709354,8.468097157619761,0.9374533483116755,754.292622178214
35.921718328931256,8.140818749534308,0.8728035490931635,738.4084675329764
12.636011971945129,3.601792854446987,0.8559051345239747,209.6261177811221
18.13344100383497,5.336121240824435,0.7914798585736093,905.8225982322017
31.755919697315456,5.147382231122058,0.8986338662529849,382.9038555123079
28.702129511837605,0.6392982451990813,0.7772702245814711,889.7030101604383
29.724969914510886,7.13925437885319,0.914084016622299,78.20181260463545
28.864725072023965,1.6024942918734928,0.8709141966326339,703.6622533607169
26.013954583972925,0.19879730644505275,0.8202444653631007,210.93992436606047
17.095351181873337,5.237171442784677,0.7338382690793341,968.0073517210826
3.6007032533673815,0.15752740419493566,0.8843429654561473,225.0348582245487
29.38713103156518,3.1371462159451804,0.8750055297950207,422.99001586326375
4.928257989660334,2.9277819644061265,0.744253542132679,100.13752811633995
27.379042114258915,2.517047984351052,0.8416251023664096,225.73347883938783
12.973250004876904,7.461853276430869,0.9164318880240716,929.2115697483061
37.81219227068654,1.0779008428156016,0.7994139999449492,429.1356781571095
11.189769680365867,1.522029165271194,0.8752885848910842,287.0315692689859
1.7892392461842157,4.825742988539946,0.7046160410457072,507.08553380515565
10.878665609840137,2.3712471533509976,0.875080234950164,120.76756886956855
0.0,3.344349267147267,0.7430367630891583,432.9345902918542
38.29058626078586,4.330383304797725,0.9356174810876964,56.52903599865326
13.496592900552113,7.5082221877787845,0.842282129082857,869.9894996683172
1.2874384213183638,6.660286573805844,0.8570937623073676,950.9211846280383
16.286431482091224,2.411531731647537,0.8473066718461201,51.11631017352263
23.137667765835868,4.632768911534317,0.9172687993482971,414.3570450461049
33.47131434884807,5.890315388863613,0.7334027740605151,380.8747437508152
24.730585309909078,2.9242169335817247,0.7753220975725019,495.73982900270056
12.97052714722628,1.8460626734954182,0.9053439047688151,956.39399415247
37.02513628980302,5.682342916359361,0.7133168541972309,760.9138012738466
32.13034671597868,8.190681220706567,0.8375219810518284,726.8361428026736
14.960269359468962,4.571870470504701,0.8571059771400451,677.2385697672341
27.57674367362484,8.634979716313884,0.7968617240768028,331.0725823800124
17.47655644181607,1.2204730817603124,0.7459124720092738,453.8375863144798
33.264879027409386,2.7963934914999338,0.7666950697056295,499.64981368016436
25.71680524424624,8.117018291132737,0.7708533246469669,175.7927433074206
35.43579159568213,5.148039018505637,0.7140822161198519,571.007959848029
27.018425858318402,4.754865648779226,0.9114550626581956,349.83424551417227
17.057948302835506,7.232511493550248,0.8588399182446502,199.18912928170855
0.0,6.893641962079006,0.9361681175114807,898.7337964349355
23.537308077749163,6.931277645044363,0.9352479204899313,360.6385885368713
39.007625093884556,9.66725338650279,0.8752828298647194,454.1759248071145
34.87282230386611,1.2578519880806043,0.851915620193552,994.9113522699407
12.00548265619453,2.073223191584674,0.8276259732142268,333.33746700255693
37.78161613834237,3.8212248827862347,0.8199979135294322,927.1572731506773
9.868240185425204,0.35467178948422406,0.7213574949014596,40.66554886175041
33.390008872162184,8.871217816816692,0.7469360889268122,237.62377767503412
32.73000360076654,9.036618211962685,0.943530771151813,735.3872840305025
0.0,4.393059245994538,0.7936650005521596,999.2593313140151
37.67744500506224,1.1679770355534407,0.9168393630869778,806.8790084611302
36.95183456423048,9.574057111889505,0.8843437346185202,84.73524828255574
36.69915222616334,1.2328207885994418,0.8054389826705945,632.9511079906792
6.926867989868442,5.173178940282914,0.7678247239930951,510.9539427361509
37.36636801408294,3.5273463361556505,0.8934268138605794,171.45435807891528
7.600165841546714,3.0919799609541827,0.7543278327381927,451.9486248751119
5.016571651809284,1.237031247616613,0.7881405999021087,483.4815496025745
36.33014277833598,4.506448673532062,0.9338170317999945,114.67830886196957
9.915499739603053,1.0468376690536618,0.8158357262616095,960.6026481389993
38.300810766419005,9.213944636554924,0.7930736703247414,584.4577416200623
19.568514411506563,3.0885460286341475,0.7590378638312835,707.5691606327975
17.489854668354564,3.6959969912629713,0.80278426803487,843.075973667188
23.036117606227883,1.3757096660414592,0.712625002417739,924.3858333080055
31.030428604081497,0.27620308262632914,0.9030930217633315,384.80277937859955
32.614677518669886,1.7955902281828873,0.7729514993746921,962.4546304432085
19.838179241070836,3.312129237577463,0.8348361131910335,773.8815865711196
30.248790523314376,0.277898202861607,0.8006199187147105,625.0311299515724
30.329689118301992,6.560230210362942,0.835475892882804,59.86284945008492
13.356431508909408,7.664319173724946,0.8809202700486336,362.8216545058216
29.381375146921012,5.419827670988609,0.7619173689846878,546.845168489429
0.0,8.990888332186646,0.7924641571932766,136.9225244489068
7.495488301340199,9.200747074252382,0.7674304209801877,497.40554264667526
0.0,5.954863380388127,0.8026168983050235,558.8905848286605
22.58754434836167,2.8433585499772063,0.814026806596633,555.495331527705
13.027514275540256,3.0223345495391345,0.9235721862266004,722.9380783601936
18.384635815198525,3.4858249141020923,0.9193453148576262,514.7066689658079
35.30559837229398,8.239784988579745,0.9154489985934645,627.1195746357124
29.160118034576172,6.341057826550341,0.9179570436683452,890.07627120601
33.22004340954986,8.735790766987842,0.831538610836418,550.5507817122232
7.982581824569258,7.542016401244666,0.9256183599288363,862.5013675902665
22.61261348853374,5.759431467139902,0.746927805107412,701.4643478138985
35.17779802093368,3.2681957164419195,0.8037509872624848,955.6322034849353
13.451091058317884,8.906537019113392,0.8746212471564598,366.2237054431819
13.76554619255543,5.601090786482541,0.947191379081594,97.75041863558104
4.145440574182733,8.633297855450905,0.7904270558428571,581.022402957917
19.0607402622496,7.729105035667351,0.8544714795927083,474.600438787645
30.766206744438637,0.5745469953180318,0.8696232636294374,449.3259278009207
0.0,7.850645072444009,0.8714612061101792,79.24914516348227
11.000244132247724,3.705800496256473,0.9476454739640676,52.75554918768794
21.14777800240395,2.6919446262873823,0.7766768466644864,447.32270633403925
33.3557800160391,8.720963536747066,0.8658975302237009,383.77283919853824
27.777759806105202,0.26930607016039665,0.7080416522122721,336.56388548702944
8.295751830902809,4.379418408699146,0.8333145260441173,298.94170134549375
23.23332927494388,6.761966044610137,0.8876852295168595,743.0169545552548
0.0,9.658817263626787,0.7309739913693142,757.7421188747962
31.374948513290192,2.6238665776697374,0.8052184853663689,72.69916626635307
24.102379524188613,1.7205792116761347,0.8299530598948401,852.8855907791475
36.04727493518669,0.6552222545923458,0.757067662496934,706.741140291615
0.6832621266064454,9.735492222313338,0.8205289524467985,839.0183829225524
11.217511175303908,9.367008681520339,0.7933774784317925,514.4071120957967
10.733162402719023,0.24776950588582622,0.7343895777879069,590.7697767199127
16.085641743278106,4.802224099541115,0.7956171231300567,471.6005612028926
29.424709777598107,9.270378215135779,0.7301127545814632,452.8065151577923
8.3478961796641,1.6295323199601495,0.7430543033079318,480.35306084138676
36.41282028036751,5.050555032024899,0.9369318248603525,629.788292122135
28.534316479291693,9.812116745912672,0.8842707122030229,622.6974240564074
0.6814352064077915,1.1771281623629197,0.8580739981360812,217.0747444069416
18.173862792959586,3.0179238222873015,0.8030584426024108,482.72417772691585
25.856333089481527,7.187029636492705,0.8557530281435362,60.95513467963542
4.566504505959965,1.6696887865341585,0.8981640251420051,635.2012785393925
8.114447098383353,9.39796224834447,0.9019325632646115,797.1733776264198
19.706077136042143,0.018357338161983268,0.8746222507341556,77.77523792190007
14.231975776489318,6.280374461686963,0.8508345572751189,772.797356580174
4.210957217400935,0.2667462356374858,0.7301422237817652,310.008178659498
16.306228410062065,9.046260273069203,0.9370463013812136,586.0400020240894
3.4853346067254845,8.80366133294603,0.7504011376899076,357.9778818138563
28.35571768507643,3.3553941449557354,0.7307912284006852,325.315764966494
39.14925155433919,0.4240931534848925,0.7661377215606967,377.9471349884485
15.902486296449846,0.13100666580184925,0.8405031237499021,214.7888052120914
12.05934844894521,1.4953034697955172,0.8121915751011484,266.68653620170386
30.042362977127148,5.699000744884497,0.9154348181380753,80.65327059194288
34.17682529615507,1.9428744267043223,0.8421298224593409,251.09415017871146
36.49230607141598,7.9908665029112225,0.9367565331566381,863.9464926625222
0.0,8.664851598581437,0.7062517117243788,796.485028190148
0.42947158955653625,5.621637023684694,0.8620039422247803,361.64833385540055
8.876628615674218,0.4696977643693769,0.7980689937976774,916.2931552852539
38.697410572712165,9.63352490433281,0.881658844795856,333.3375960597325
34.89739897600018,8.881359277075875,0.7477834531119566,111.4054075051083
21.10989580612418,8.288202558359886,0.9469917020434994,570.5422660602549
35.781261874352715,7.470314322115939,0.8736129344687089,964.5497743036116
0.9804875283550847,9.517942620136283,0.8881492640237759,566.3060591927386
6.734927048716212,6.094811067024786,0.9370556397729853,944.9778428277662
10.971578571284931,8.93720864097597,0.9057322029881318,973.9936816997496
6.288852310702378,8.876940051828194,0.8486780459269161,972.7639848720512
5.114680379497677,3.0511401301914054,0.8555247872804647,200.03607253471475
36.33351168589964,0.4999823871414948,0.7255791042459476,977.0862605279708
18.73422873745843,6.534709747799857,0.7675372357101283,753.1639786277332
0.0,1.3237545835636746,0.8537474696463975,847.4972295563585
11.241468102406309,5.3310129641054935,0.771811271624942,607.0230027374671
10.101026226483944,0.10902689521160093,0.9483944664479725,879.968741293224
0.517406393360789,6.302061297225343,0.9114191739958302,43.39663535567482
11.608231213348168,3.6472963159441476,0.7130022952610194,375.77815178406206
0.0,8.314182233640969,0.9410355869314474,532.5296423028192
0.0,4.821406297023541,0.9152659366858902,65.45166635178506
32.36288690422403,6.901114693566581,0.8116610564345749,62.55950584366257
0.19241940100193605,5.293980733457428,0.9034410545528668,643.5349047480562
15.6257262975751,1.1851046989639151,0.7926365594731943,787.2490999585808
17.338184658873715,7.527414375888232,0.9118272956308522,997.8761758101008
34.75060189987455,5.6809262045633355,0.9478990034345341,625.3107358528641
0.0,2.6696244812872156,0.7173096075779655,825.9509310077943
23.585033268494538,2.003204136431447,0.7798545998729784,646.6097763671817
29.818717773503415,5.022740187460792,0.7387942014787909,247.91308959662314
29.71126111964282,9.459436755876,0.8672821643415275,492.0144340758373
37.38756682588252,6.818486215301813,0.91984699614325,774.248543655116
4.837670724077372,7.496181534018634,0.7154775039279189,412.96340947936847
24.848859165045603,1.8212689816014906,0.7817648537091144,488.01753997817315
31.497843353585964,1.7943953668771184,0.942722194459378,870.2500824716053
26.027335861295217,7.762240882012033,0.7516504453566565,789.2554857329199
24.78341850262054,0.684733567470964,0.7679564948152572,626.8389209098449
37.79840354457336,2.702711654364639,0.9450953058010204,414.75330384806193
27.68626935045609,7.057203842048732,0.88490190737602,839.3051477258277
0.0,4.150704099572122,0.8222613507451004,203.62320599193743
10.421443639103602,4.3487376592654625,0.8755901732675965,143.77962605122127
26.1634661556166,8.839556047849616,0.758202496789389,437.8875996640459
34.59296200093056,7.839639457380923,0.7349455730754583,173.84018003705788
15.104559341310866,5.211736604835075,0.9476613497508786,40.919642463697734
0.0,3.2903366969276004,0.8897670608229318,666.8825065569422
24.29933158233077,3.9963360139803163,0.8222990500310972,612.1844262744978
16.197708705620347,2.2789091890233775,0.7681108722045809,788.1130600559437
1.9129397700570248,3.2770909024616035,0.832937794744967,526.9895702546532
9.620897482545939,0.31057992858318045,0.9128784345858734,996.5019778517169
30.967879744222508,8.260811097798504,0.8546248058925219,710.2733977506281
36.49616776567038,2.793778759537154,0.7591611841050647,449.53270003875224
26.6041256810718,8.125001764521738,0.8610243094253052,368.0225797499382
23.01619333919168,4.650376721188123,0.7419577584405043,410.67473093930755
5.345139040876466,4.787926967970119,0.9161840826581481,292.22537531880755
29.028990376028528,7.914067315672606,0.7945476188973859,347.814776331225
1.5372342397384928,5.532908329718658,0.7351067988080905,774.5550045038631
30.871643319339128,7.682391491992391,0.7619984171270693,109.86645466140921
30.728646888623796,3.4738749251445196,0.8683835004319094,865.084436025764
2.9095656875226816,3.3927337171130567,0.8399406462499203,950.5939645975981
26.034311956243226,0.4291778114570257,0.7661215554343468,169.51764682302044
8.294436517725497,6.577722442031925,0.739376884359859,600.2555275569925
20.583625316384843,1.2095031722179441,0.7774651426230739,966.6157684550647
13.032701480864965,1.1856319563684155,0.7866126695513045,391.22630898745376
0.0,1.9020892466255142,0.9168427002833006,878.4845883793455
30.634900308982495,0.3004547783719764,0.7349785773659907,726.0636962715834
3.945490213877357,6.8126689376634495,0.7897414731273379,995.465432248515
25.521569622778788,8.444474060265009,0.8202649064069073,159.87495026155455
10.954926374244788,6.43749732080141,0.7973891648366727,383.2155021214612
32.81666351676809,6.81187777334196,0.7186406198356227,553.0846714097092
17.756537551915308,8.908532367404993,0.7646380781987843,457.2904708447475
38.91083872080703,1.6360217267895982,0.7860266914359969,445.44758350681843
19.983144721372227,6.821713091903676,0.9142149643107548,528.1987118575412
34.22721902592603,1.5677839075727071,0.7168406669397376,194.0796262768834
19.400463096264616,5.877524266858315,0.7610555128213492,205.05022766082848
14.716300499251263,8.606117165621793,0.9429164444586297,755.9800132958592
5.446890816635776,9.497982280983301,0.8450447394304736,68.89907021864872
11.591198557936343,4.353829401597248,0.7394363189977508,662.2866746813047
0.785345076552822,8.705703293922879,0.7342884537000431,264.8615962920109
24.014400460779296,6.565117385509813,0.8212821012332205,464.0751433784221
36.40920730360595,7.335065565872191,0.8306751480358417,792.1072982729138
7.88625304448536,0.6482808086268121,0.9066156853044859,447.90935740396105
32.127412785337135,6.798606768656084,0.9093972011037815,329.3022473287789
7.3173955540452695,6.346974959786275,0.7609716446972896,153.945988534454
21.69059344714399,2.315800168656283,0.7522397897494544,204.9316438591913
34.10794991584516,0.4412273161376858,0.8866544318196035,776.7267698852677
31.458093717716476,5.869201391465,0.8819025042816373,152.11661597070116
0.0,4.094185903302332,0.7923114527749961,555.4744721256094
5.951031924126402,0.7176186202977299,0.816700400924228,589.1276307611374
15.178806396307808,5.417523316635183,0.8889940787269196,362.8669773474359
16.450487900419205,6.53032665933874,0.9399799586707318,817.0375112832489
26.61700623970335,7.089020057330508,0.8397285329698494,861.2652564659792
28.84933667581399,7.965942564853457,0.8692144093270963,295.85426510275073
32.409563426730024,5.041193544612027,0.7130044376814437,474.8160688529619
15.455259913546778,0.9846621865391332,0.8077700173918032,64.27093698740215
10.002712038426697,6.849639802111033,0.8525860870447968,718.3963596010963
14.161171351257181,2.362623731331096,0.8005137278039246,86.79285013097865
27.620174827213216,0.9170507301623991,0.9002635244763469,928.9062292759454
27.205215314068926,8.41590746075285,0.822168960461658,961.2835807494148
18.84945370454971,4.0205469428626355,0.907585197700779,639.1365393897889
2.162611689338232,9.14314891417367,0.802717873743119,594.0520380102469
11.245296351781008,5.24862966617373,0.925446354802229,829.5344220331236
11.949880012143872,0.845241639277409,0.7331288777003623,514.8017900879743
3.4562691124860234,4.257979993412496,0.7005182721670901,71.02066004825325
6.9628534282038235,2.8538164092261424,0.7533225706522532,323.56769927607667
0.0,6.450102149314822,0.9145600613991712,79.00105766960098
0.46804510929830795,8.76716872459715,0.8034392424892979,849.938398065828
5.933678059296764,7.599220350264616,0.773157566441375,428.9205917770365
28.677517455490275,6.247036773433223,0.9457273450653456,795.170412057078
0.39239620055977037,0.07779293380362082,0.7998038017763015,341.88818206095095
38.5067441065945,3.5257474345804565,0.7550858047078102,638.1687961126797
3.3584264027178383,8.61794604451618,0.800231441090725,88.83612312707012
0.9165424285649564,5.820610142593966,0.9494327586421387,838.1800723036337
3.0052490053405245,7.652296049540877,0.7282857113527209,128.3612642570032
12.992956825426196,9.77129697676736,0.9058260925121187,242.54463669743063
12.651232298342174,7.787382418786733,0.7277378894199971,686.8818357305574
30.79634829778725,7.292262661756602,0.7327912424460765,274.01493893719993
13.431586529739063,4.574535740888205,0.7966799896243253,331.79883326250194
26.214767976273173,2.9705178360017808,0.8038492011460965,582.3020748669898
33.913225359633635,5.245080669912526,0.8950241267922171,711.5737834099381
31.712733449125576,8.375384316399213,0.7677007681852664,487.3528382304486
31.176588176472336,2.7566452548703997,0.8647767934256685,991.2278867290356
19.36901410135188,4.0704229245467545,0.7744069508881645,44.02262022320247
0.0,1.3523644723376524,0.8377096365049477,704.3034177142024
15.167583528827398,0.6816749339767643,0.7252958380196224,96.27893364252934
13.271102522929095,4.434197654740621,0.8793334447028421,492.00151380900985
15.498728635351997,7.229885763527205,0.7059452004416623,621.1588301917188
29.243399994049337,1.0364312439698775,0.8005573399871049,408.75142539183406
13.616917971870542,8.717940693276855,0.7539146928989541,799.5395982217522
7.024669347808537,7.614062738854734,0.7941639200715065,805.408731309494
31.924499534084436,6.110773618719526,0.7066776695538508,275.66520649595674
2.74073489007425,9.757088884523396,0.8822198294531326,934.1978705757062
0.0,0.085083567312029,0.8016978784220365,393.9019309778442
39.84457522910607,4.886356475288848,0.8678862111908461,223.2493035375924
36.38490598642615,4.071505677785487,0.8905847006681763,660.7607576844864
26.420264428308716,8.580562128178407,0.8586880744741021,489.6135534352258
5.1915381583555416,1.1396953875214249,0.9206663456641639,727.9159753657699
38.00400437581107,7.025640889561845,0.8075681237545751,338.3163419486142
0.0,5.850831390304322,0.8811426595764286,382.7454590228856
27.79182206338745,2.865272258278283,0.7254767881639422,486.3930875766239
0.0,7.027406804186691,0.9104725131544453,216.7608382706081
34.32253648067775,6.62060681612089,0.8493929181260202,812.8875803208313
29.468406264101557,8.59669307804209,0.718379620290619,57.76699883095912
23.97482461493828,0.28440489128706736,0.926462258948381,246.04678708301876
0.39618190871284414,8.597564510022053,0.8730432727196493,815.1353909127048
35.14783750761035,5.413822307452154,0.8181477829265715,49.36225330725357
11.462035332316157,7.117839705360515,0.9417154658629607,501.6072839598417
7.1270051005187955,4.520131136728959,0.9335486974512355,562.9114264416737
21.35733155408533,7.596422890923442,0.9071099725537476,852.9133371193167
3.118432042618107,2.8830219469047793,0.8844579342101395,151.74091528630873
27.20555968498406,5.789291504735463,0.7643116159952648,43.305422249890455
37.87302512517649,5.200266798671884,0.8778168510442486,902.2775702286971
10.807197030318477,4.15310156837978,0.7744742254001633,358.7798339334795
31.7530553254475,8.297934740567124,0.8263736953848051,973.8572204967683
22.81836426795771,7.768072780713118,0.8413565932687677,411.47207595109865
0.0,5.560116616781014,0.906223578305729,481.4185545881906
23.17179292015661,6.623157580769523,0.9043267685400912,376.473249304187
16.4987244638579,5.331735112299938,0.8470374676784307,965.5267049942396
21.9066678607594,8.065099616620712,0.8272257493223036,264.55618410325434
23.514019786293325,7.187413156313157,0.7898890248403329,943.0188942129909
32.26968907461069,7.855845648953779,0.7443275536839387,898.4580743541695
22.25762031939781,7.04269673691511,0.8278587608871363,412.01082589717817
1.6864077223080116,7.6824085894026855,0.8326129683098537,132.62469295225804
35.74143466110358,9.785913706046234,0.9054235099793346,800.8528259414143
2.554879378104716,6.135814672720039,0.8135753112525758,526.3062168930328
0.7542892351042649,8.791280937211612,0.8578358557257241,619.4244467344604
22.711693988736034,6.6811197897556145,0.872918870032466,729.2659421228944
13.88028803704215,1.6427272646063595,0.7619867040589959,166.7165550284409
20.874963671367567,3.551449603450623,0.8302430906484276,61.6269183725171
36.73240515601554,0.61444665932956,0.8513237093863761,936.3192916006886
1.8763066845645429,7.472887332282048,0.7383112783162031,758.0915316141752
15.549727878847836,8.478480372901329,0.7537854074205286,991.4625198675537
34.40313273960283,8.00803943836728,0.8238000704100741,649.575277132914
0.0,7.281745278239147,0.7297829975455408,698.0307615914683
35.44255832919391,4.253674159820656,0.7136292861385267,349.60531159763406
30.203066521699157,8.609875695397562,0.760357955960308,900.4093822856621
0.863293668613038,3.33901655904157,0.7011926077927788,506.9030898082874
33.52659173162406,1.0900116538954463,0.7651625168725636,66.40837941285912
35.10544892784485,0.8987373992077039,0.8428091801762113,859.5310693646677
0.0,1.0197774254140681,0.8324826873326971,902.0846555990948
0.48086907314167343,8.81078222548168,0.8111303916768275,900.4061975045337
17.636263946658513,3.9814767700636398,0.7917503095698025,753.8642206629245
18.01860536440171,4.3985064038862545,0.764823759236846,500.6006139958798
33.54048809436837,5.479399309840874,0.855890224625609,382.21007969513005
30.832462472334665,8.062160425733044,0.737339389345718,68.65955611519072
18.12816189129051,5.351533363669406,0.8753806492464316,844.8902385388956
18.64915283661267,9.659909105347324,0.8858256438110497,569.079992784218
4.5426716000254075,8.2456627270769,0.8883395099766995,725.7536788618586
13.537943509023806,0.34239295947693643,0.7948485982790319,853.0919976015695
21.843889028114706,6.789335040343041,0.8139547576217749,445.47867370319796
18.641731734895817,0.014571802072842923,0.856671430735936,69.49004632249391
9.848391680472298,1.6314154541530852,0.837995662900527,884.0503144142374
7.454328805166457,0.352366249319573,0.7557248079909981,117.34576834380152
0.0,0.23285708515161316,0.9374991102141865,958.1228038821431
31.9377380791722,4.408276226864449,0.7731984556649557,918.8389600223417
2.928742605662684,7.470884443288706,0.8561542444036561,304.88855840768423
28.116949561930625,9.246965225373323,0.7831283420017298,790.226421567898
7.149973097538018,2.142115491470808,0.7380976318088002,176.84802463522428
39.93461213127796,9.08722457402832,0.916105845379636,382.4761349476133
32.378086706362716,3.525759539864363,0.736921831970728,121.59039639826382
18.51637653523908,7.488863659456642,0.7018894630948747,639.7404166364239
0.0,2.7268709427503377,0.7816421246622096,507.71582193830466
12.26191330191707,6.115590388264645,0.8196620648323635,226.3851163525518
23.84049351697096,6.879031444038606,0.9004973534619665,889.8149009391706
10.242430278563484,1.5486417598045608,0.7373811715668918,795.608407110469
3.101979923517743,4.166941313257125,0.7008122308608689,691.4433137117837
2.4003241638865918,8.31049881245239,0.7230535670479321,913.3317276755204
5.59769780329792,1.529854152272598,0.7608101317263976,484.10099172132556
14.996010499751002,9.20569913690007,0.8359842257873644,465.49636127457643
13.189639866794238,7.688046939413489,0.725487663362467,420.38965465923684
29.160072244452078,5.768164625124276,0.7898730979783501,986.4624264958366
37.35362966164811,0.807667348676991,0.9271956027029975,460.7349177538243
28.211578756408123,1.6192054160850895,0.8050873545960733,192.51000181887645
0.0,9.396611259443715,0.7304568768914135,89.04933766470774
15.883821631359917,0.6146794752530698,0.7075831848899755,710.5152672414621
15.26717064519766,4.977681285717323,0.7761445589633501,292.1174450966892
5.336235773437201,7.605045053705477,0.7080419718133752,857.6424735562058
29.394569172738596,7.801080445926339,0.8118185928057479,741.6790731753279
14.937139856302876,9.803957782446794,0.9262119233145739,130.45621189262494
0.0,3.813651061352125,0.7709193059595008,51.62720514196202
0.0,2.9922756883349457,0.9257929172315811,606.299622077024
34.86740409296581,8.103697153060931,0.7487224882977166,432.68411641258973
31.275322535848918,2.635078117165103,0.9407593824736533,534.0470719255176
4.832396415524956,9.736821485159977,0.8501332159859479,104.17882019101083
26.202903757474914,2.1839369795341614,0.8119795976613591,131.99442126519864
26.14568630154389,4.582398776794668,0.8682735938898096,814.3182265965579
26.751076010671444,9.927668270476047,0.8045281418141357,579.5756807234243
0.0,0.13793432243856632,0.7396045516701514,170.30085242740344
22.05764527074615,4.134333190450957,0.7961416863707074,135.12598915085812
0.8619747981587944,6.665972298432631,0.8064164866973158,159.8043539769916
35.621507799056154,3.3160383172223193,0.8464745569024296,733.193246791315
39.96381901799722,6.368731871829214,0.8394889851922236,473.8064141382569
12.364765439729169,2.1907616557460208,0.7359157193258142,647.429391068852
7.462844869333043,6.232802422653157,0.8309071451317511,169.52687095094805
22.6365568864898,9.463372297672127,0.8741771156580974,384.4977178792636
29.735897494170832,3.9176268633330853,0.8133376717458399,980.8678287823793
6.5160148100109065,7.527094516596533,0.7389829812104789,184.71917757444902
0.28504885356744103,2.1191888596614685,0.9366875280811966,309.4761821952095
0.0,4.820769549033904,0.7286473393797823,742.387256018973
29.526097562982788,7.61245260819801,0.9111495178313458,89.62474620182067
31.129669311416716,3.876280611642467,0.9391897920995576,539.9337499290458
26.025309303639112,4.979229216716361,0.7943098556639557,660.0226869130148
15.572280917234606,3.2443934130494974,0.8764551799604255,798.3217117532338
29.995880467339248,6.540029214582773,0.7405282065044836,570.1757183530867
32.9882746604618,3.2890768672243333,0.8903251952001063,688.0476569197331
21.088653398666374,0.18566368082738038,0.8884175839416149,134.9336926365532
22.06350185523743,0.4602571779432479,0.8381260919715685,305.2018475333826
15.590975739025142,7.549447291724806,0.8223626817666648,485.3229291918069
0.0,1.9493742669232537,0.9012173182242716,516.5221347570139
15.471598672282736,0.9247663725215396,0.781576814211345,758.6603905747257
0.0,0.058321019789789305,0.7916006641634705,949.3437242876784
34.89202050964335,5.134050573699005,0.8593152068856832,528.1492724503236
27.540409412672986,0.2392060688357441,0.8638021946762272,843.5852766377893
34.321552222527984,4.754903588427494,0.7200032255296144,322.78175315372243
4.969834848594336,9.213776941247032,0.8064269305837626,351.05312776015205
14.374044381314866,5.8737873916415655,0.8074826822018673,534.3935218823225
34.03400807854065,9.20510135236896,0.9202373477993677,284.6570935070862
34.222453226403516,8.025294180220373,0.8330918059051313,85.40591202222352
34.91535723047464,0.6187809604761302,0.8836583130125937,254.22304920759666
20.33847916871421,5.497893689359986,0.7830483401736724,546.3223082410483
0.0,1.029238974207702,0.9463500337203662,843.2173543368276
0.0,6.915108167041264,0.8496101853078383,998.4378002915059
31.667704307333462,0.185085341767682,0.8272607920065784,929.0463844717368
33.133483726678016,4.5663858747823065,0.9019899608635147,60.45295317214283
39.235993064093165,5.540382676505606,0.9371612264467832,52.06626526533782
33.435179713104525,8.011280182829841,0.9482900969964174,730.2193535571175
4.749811839867211,6.401186544747571,0.9037931196770919,628.9098122962132
0.4772692537122574,5.115683158149458,0.73483006163446,551.4996415610395
21.006165441936314,2.670183496846252,0.7682385988050314,860.8093777321866
14.481615574331464,6.03528760487126,0.8722404236163859,889.3808797487912
24.88842250336827,5.804043894588262,0.8372971871485237,249.30388289360067
8.071992821130657,3.035361749632101,0.8750994688693597,137.4319985168428
4.946649009838605,9.686501107092688,0.7314593941021305,967.0518068234448
22.519627277365096,7.4707778560541005,0.8251397154656691,699.7674587172411
26.702268953431116,2.2559577876421844,0.8646551116601972,798.8497883842098
19.73683277133527,3.849448910430695,0.9008288230875781,911.6564180515397
0.0,3.1670872748727326,0.752335230655838,688.2821414983929
28.248548573249227,6.564680270199914,0.784118574459084,594.2432715987305
12.287111540551727,2.273442562050583,0.8252726686795911,999.0620786485746
28.285628435495536,6.990022855977194,0.7784189807631838,122.7000007018188
2.3493432306800357,5.26390799450682,0.8299291967696697,296.5899537218345
13.752166113698713,8.405815362595252,0.8309457700593448,104.2730900334611
22.422373273867485,2.4162062244607094,0.8777641076552773,292.4238355285331
12.647840824268197,2.070724847480658,0.8744499306622759,396.1382545895241
22.941350531006485,3.2668627295678263,0.7526977835655386,439.023861139004
24.98113332607964,9.405717076585672,0.8704166320628248,677.8352985635161
2.121070023111948,0.02884551039368847,0.8618664644279634,787.4794537266788
16.68473348037742,2.8196939873418603,0.9286115210161228,105.46489058427031
17.59076421769063,2.507191976253339,0.825761132590069,508.9455183803219
24.078576454991794,5.8678932587221215,0.7266926699582934,661.4631932150273
0.0,0.5698712132512671,0.8893175381964364,485.99126433530535
23.25929168886601,2.893813108593373,0.7938657735602535,391.6805443391506
11.838246451516131,4.4658923874358045,0.8100691251151018,841.2185537756264
10.727104544464312,9.615896799135527,0.7116329478249206,815.7408240996283
20.5730430990111,3.2652658571317383,0.7417475539850729,302.8077366953685
23.739131038252676,1.2725407559193012,0.7175801951787641,521.6400248165058
38.9740479901514,8.052094116437974,0.7974152262883591,819.9435701758824
0.3668477495446305,0.11382644809317445,0.9159409719545504,367.2972302386027
21.503301612488496,6.866808797305403,0.915070595431954,889.9890098548339
0.8272964357921084,1.1259408923732277,0.8631726170382441,793.2521039891138
0.0,7.311528987542368,0.7349139025342712,632.0825877246136
7.752990659034597,0.03956534488138355,0.7997000599285267,378.68903644704795
5.8150366238974796,2.391119582073323,0.7963876924421902,663.0174304042839
13.282892770425786,2.0496323875199116,0.7902462043035201,289.57447949659456
12.269337697505422,6.306737907827989,0.8453442969102098,445.27044761447104
2.007038032777173,2.566891241934798,0.8312650983450558,149.41983114649875
37.55311854977213,4.35722758503705,0.8750878966952114,795.7161163136266
20.634341436914255,3.5833534637186157,0.7438108721354234,801.1996253169184
14.377288930946001,6.8031554607987905,0.7502235630736382,703.7993716556335
34.21945553206664,0.7677700952809623,0.7996820654095201,427.4172301472215
17.570783452211597,4.112728053340834,0.7302101513652615,157.72017151038327
29.914688080249945,7.900047791900547,0.8768715659539789,986.1176413273696
37.446625974187135,8.091352222507528,0.7101958085304381,165.84260399404758
29.467720863339856,0.7983806761311464,0.8051118818523663,728.3068873441232
9.363240621567643,5.647231289730536,0.7110771316722495,945.4124275710415
19.45048408322765,3.702267955583728,0.887626618594299,237.80083854854558
0.32169806709994436,3.6974845304369897,0.8522134788312354,497.81217529996485
27.013133228982046,8.962541659044405,0.783615276891371,752.1408029419506
0.0,0.9545746918743251,0.7405878232621098,909.8226043902687
32.96712330413754,4.6098608455199654,0.7884307404119119,671.8583899937449
37.450382394928056,6.650720598172031,0.8740850606828336,113.9485893858222
4.861471572307418,0.28027316668067687,0.8261118157662193,481.05505855192905
7.948792492041773,7.728389912253583,0.826665724431916,193.87240331981926
37.020099998013734,4.165018118434194,0.708565599994936,632.0031868723237
29.627836641329015,5.090845034028118,0.9146391949986226,773.8683715273846
7.930142664175881,8.219718238411845,0.7387261118342999,103.52143994247004
1.0436413857684332,9.951565050931535,0.8016610342479131,840.3654177744997
31.692880193907552,7.72631252529847,0.7179365051849173,206.93496121418264
21.478475317982557,1.98951186311105,0.8256791052356462,78.37247406695376
17.36037527638835,9.212400626861504,0.7874614218820926,897.0387098918819
32.678684652549464,8.228307440704437,0.9261263947101395,479.21999538757245
3.0429873319575673,4.271693409052041,0.9336448157482774,449.5834245389063
31.20665263368249,3.737043907749684,0.7068286595179838,68.33355975933839
14.761195257732828,2.357969180749007,0.7671132066122329,850.5066231812577
39.37341119987647,5.6371186961465005,0.786365976948196,567.5226562367768
7.098708763517733,0.7666702811325514,0.8239477655386778,523.8691921637034
34.56013240585037,2.6463871793333347,0.8355296031013565,898.4191830842441
31.63928755827306,4.41933931507074,0.8442415752104001,775.4336135957498
36.778835707018594,0.27194263005247665,0.7125816599434702,665.7380554649187
0.9941605851766951,9.66279277238608,0.7750980928289755,233.58769754502163
24.48870425289811,8.496845757797832,0.7442238667540634,746.5528232174549
5.20735909138871,3.4034506829013353,0.7466041991258159,397.61230269160706
33.85675999150891,5.804053850198895,0.9043647267378334,247.79483444212158
19.858213698469804,0.211553703945323,0.735815734211087,447.9439226930806
21.314241155088425,1.4232792561612273,0.7486947209280242,946.1905209817237
6.194134281079801,7.123393277101545,0.7703454714706537,288.6122261183696
21.88405135789236,0.23253834206140253,0.7477317410253678,725.121842237025
33.49641769875417,1.4584057044970014,0.7653915752657214,725.2610963925067
5.846578320750302,6.526210100156347,0.7279536684655022,195.4460795107206
7.9840631187920605,3.352451962926245,0.7308471416247948,299.4112701324933
8.688565347969382,4.700174763956941,0.8332147086777688,824.6651006376679
0.0,8.273047132319045,0.8296091330646391,534.1278113149399
15.074396605005994,9.702302995958098,0.7498727602489128,680.1068451627344
25.68054595936015,1.3183757715090019,0.7404057870152099,468.8059803063212
23.39788684362842,1.7355364840356762,0.7572993790666239,796.0761963511303
23.487309960778465,5.4939580700585156,0.8785929869702389,763.128348725205
25.418343646989154,5.475208312866602,0.7666851603143803,754.9259604185236
3.996765492442908,3.785572487501427,0.8157487090939426,275.64700794387534
0.0,1.3683396213330685,0.7166122211305457,361.877345064959
6.207324026440593,6.349522858700701,0.8254638635437783,195.45488603123738
3.6530304659829396,1.4137993605714787,0.7711322932887847,427.6457429859965
30.179211937615154,2.682399796381511,0.8022969976378355,435.85482249553934
2.3870502810404406,3.8653885213994226,0.9283858440662351,56.765975817613885
3.6725844082136034,7.644698192701495,0.8995980245504042,377.44393255431464
9.745054950445006,0.7531061493122473,0.7259162530306679,948.4824607334854
38.211582084628304,0.030959962852873477,0.79175219309878,423.69315198195284
21.36209580651745,7.768380045276077,0.8876098473608559,212.89842289877413
31.180732175017557,7.251572196366024,0.8166376347969946,929.2077022262981
7.1735795360519194,3.6146189132152498,0.8797538222070809,763.4607721759238
18.470015015919298,9.92435081345591,0.8979714163262945,226.69393264592492
25.636053785960403,1.468509606523546,0.7092584343132471,416.15420040831964
5.962495670339474,7.5697964657958625,0.7252045046304278,888.5492075107295
15.285034883515925,9.120407247068735,0.8772720228109694,513.6282679068554
22.803606757802807,9.597384695544125,0.8728844219047316,96.31748649240603
26.547792092917383,4.985293695611557,0.9354619033896325,352.53823398975396
24.61551135567503,2.980033753874034,0.8297973678336895,598.5860614234591
39.77094379940461,2.5305225122136656,0.7502751886029918,844.6220324458093
37.053384031158295,6.747276704819912,0.7656495404754833,793.3945132825961
37.27330844892557,0.5535103911100329,0.7860485871246775,302.11895949161226
33.533142891813576,6.429891471882079,0.7484773016389396,187.95655967959232
5.88020376125189,6.348349787644063,0.7859281049347306,139.20500508749598
17.92470729832464,8.110538813696463,0.9081131391805182,397.04859528939073
0.0,1.8097747548573562,0.9345061079641913,558.5338105303182
16.243947489587544,9.48919098398097,0.7919879754909201,669.9751180656266
5.687413623929331,0.36261968846871023,0.9262486610607935,969.106073935161
23.043333512060013,0.2567671365390907,0.78293804317216,852.4996571920465
21.11974272739217,1.672295257610314,0.7604240505963741,120.7046137791693
25.675037240739577,6.449848324609722,0.7384571086052061,57.18778035497191
24.613868868301246,3.4885030397923167,0.8857743658570145,153.05803060683525
0.0,0.37987730466667197,0.7564172428152945,148.75926701896384
0.0,8.411123149865116,0.7626265268324961,982.6567821552848
27.32663579256463,0.5955620004612443,0.8169003693518353,793.6929282846083
28.886832760299647,9.574295597511295,0.878842255055311,355.247319178454
13.000142856744835,0.970340762781111,0.853643852513472,889.3451462547475
20.48924213625298,4.484872191099171,0.7908544178556636,507.86350489409193
2.6066323158229507,1.2090872971711077,0.8491821285425004,450.16128790363763
36.56610545852386,8.932197739896354,0.780813501790191,165.08189775180875
13.504926563920918,2.5326528189236797,0.9082473810358789,424.8131193996239
26.70871516203724,3.925860558867521,0.8337045030122605,866.979013391873
39.84934739012262,2.4155775090236964,0.9126695981364821,719.5141513161828
38.003596133488614,2.3180814328943145,0.9037130612391575,348.56411171481886
0.0,1.6106071231831993,0.8737575014507313,376.80553241358984
16.353744460663957,7.305378186795822,0.7823557155007694,547.4349172867753
0.0,1.9653704690868774,0.9342613530812964,214.52568315476879
0.0,8.531201090724856,0.9427264861470893,686.9927792380437
0.8997394002014916,2.3123256972707797,0.8505164221903052,861.9819785733794
29.45609626030697,2.0969569859610218,0.9297348725623136,159.65410011471835
28.48963615602543,5.300884649945451,0.7853689834706563,205.13857622121944
29.368041217685764,0.7793455540808378,0.8514128707099545,724.0024632484683
14.147909469599318,0.5151984627754765,0.9008147903360778,319.7021310173938
15.999244876068921,2.4315110339908768,0.7417999742584914,683.6155616237459
31.82041267584044,0.24249753948666622,0.7723433909984536,211.8874160270073
11.962454208280173,3.424691202037333,0.9185273332924969,999.0766127371511
10.224683250203817,5.7628820186124825,0.7844240286372909,546.5917530949239
30.65099787177403,8.925536704573474,0.8739807838463574,488.3919428531617
7.545424841952423,2.00336421820441,0.8288336862235867,560.4562718359829
13.030359439756879,7.524593593851042,0.7636238440444539,487.451279286544
12.002780446184047,7.055930775095151,0.7700022482199936,744.1267986825957
37.73613342562338,5.719485167675834,0.7183188372126266,533.1250949854561
35.80733327380911,3.521047284808923,0.9042913034374928,320.1841064562274
5.56043721076343,1.928498834944155,0.8106246710506452,193.62507200910184
8.63882167267328,2.2173277338350097,0.8319909010107501,320.07106731964285
2.5994550024425753,5.7816680430883896,0.9142825734896936,198.7729623308013
6.964018542705665,0.7932296977298003,0.7578474792488309,580.0795092654498
17.019603966197604,4.881711348122415,0.7640888543344351,502.9395673491307
32.15184041104042,9.540952038094215,0.9471829061552944,544.2420898140111
5.485395299824279,1.6939240960907027,0.749950734245366,945.4461898110678
4.165170415224228,8.06291141047296,0.7385821448528629,142.3572194548777
24.91085432140382,8.683767444450938,0.7713203361346785,281.4385073425102
0.0,1.273304892767031,0.7868221005088402,169.98197676090348
1.345046404853756,5.895272170772788,0.9328043800559629,375.56919130237594
25.243741909001294,3.7653886054259282,0.7190308376848966,304.98733967669506
22.942956086174668,3.596742872435836,0.7087242468349226,457.2057622789853
26.574043487420372,3.4079875028328326,0.8549392368591818,819.8632567450745
27.382223290361896,4.743851597433618,0.7743343445597788,204.33865873197337
26.185377716372354,5.888913266427862,0.7843798671375501,55.88551512031884
32.48369775562587,7.024935523099634,0.760387796843252,70.94699109497694
16.367550391756268,8.818531618405677,0.8383991073836129,378.69979129539354
12.212806479653667,1.1867443652228131,0.8974517781032083,41.953426156381894
3.5915472358607268,2.8102650527977384,0.859907894060617,66.26908458047147
36.25113771434606,9.724504091563078,0.9106416099879283,766.2331522876872
17.506254638449374,5.1022617124694225,0.9076354594768197,389.7589233317897
37.870344226196316,2.412597745464797,0.722663910308748,176.2690902258326
13.165388529492306,1.6966365120450084,0.7709559425143515,167.78453310359725
20.029432955925525,0.1447882979941752,0.7825309524242529,356.04267302812394
0.0,8.39767581048198,0.8835957567492909,875.8039616021141
23.662446609676355,6.405058078978936,0.9240518753434062,975.6257080560047
11.484733327246921,6.673316449765693,0.7004021261422386,626.139705257153
14.6496512521857,7.067222720262468,0.9194361583858727,767.1592207994937
5.433831215103063,1.9328504298269769,0.8274054285341028,868.5405936113483
2.8342879603463773,4.866377155537596,0.8168351299582851,611.9174466406354
21.069166682415666,0.487646676044642,0.9352443030420615,802.9213214486776
12.913042504135998,9.530619508913171,0.8233004786125431,964.9799282212533
4.034298967391269,6.517729483590764,0.8486529553294687,361.19601796818
11.400924007730351,3.038895205619578,0.8081991021945756,308.91566322006065
21.530009835932194,8.34319136138899,0.776527398195037,631.0772245563461
0.6568018141635419,1.4138814085174471,0.7105540204670722,181.29513746947373
0.34711482986296627,2.2004924617148056,0.8109653951315408,492.15935737596845
6.5358415872629685,2.9423397275377816,0.7231983910022073,895.142897993922
29.27308997851874,7.466300178476678,0.8028111165062087,392.60781632245585
36.07204855311635,4.82279514963698,0.8504738934763499,410.002766055961
32.19105118238279,9.085886651788622,0.7817143538378425,773.6732559404184
7.3660441232090035,6.097232213650232,0.7211533669404941,949.2329944676706
17.358499057246483,0.9983516759513077,0.8917699367229276,314.97149948961567
13.502763993658297,3.786340320034637,0.8331635009430316,271.80885795524813
6.0576889875767925,9.928008194277862,0.9427802371125541,668.9096342957956
4.440446345865687,7.973904962628814,0.7715214912636946,69.5961479198881
30.10949113959412,4.581316670298709,0.8660144762602621,984.4612178827751
2.42368643233114,4.5749286608640425,0.771391292765369,326.63473033622944
36.65570244493131,4.502642964313578,0.8865599991098184,788.7477992929763
17.949163759059186,8.441164767834854,0.8188257017124563,717.0290801813542
28.1940302635718,3.979560249719118,0.8816816236028308,905.6638649085485
5.705016881315908,1.377587465699768,0.8806993825847779,58.62953895989978
22.091960575332983,2.4958103751888485,0.8338009809481047,491.82825377538165
37.44368720940914,1.2533968674426124,0.8875628288610503,64.4920625220941
32.61369414854871,1.2134788983000804,0.7468336895699275,844.1932760721678
0.0,0.06550311935869225,0.9208872939367936,107.56176649742713
21.91778562431516,6.491949430064974,0.8084956609254786,800.9946571019992
12.81997317483338,8.55209611044055,0.8245211737441105,353.00124197027947
10.768711824308538,8.906088389236,0.7992889140184949,831.7867336145599
31.882334611703207,8.778669035441268,0.85612792213047,196.9493906486274
29.333018950290427,2.4552196254425596,0.8677785750667484,884.314265784705
6.249589564050368,5.739681416049407,0.7555890833857132,763.9029703471083
1.4413449735326687,5.680420056457956,0.9121210876677751,708.8262726113675
17.889832649545955,7.452744532711239,0.9484092483557937,398.7689932770358
0.0,4.703945793535693,0.7215391486049805,126.4688712302167
2.0223482578144374,5.512162532327451,0.9368281645762966,862.4488626540372
6.976493621203232,1.436081809593492,0.8253683839114012,715.7747296515631
27.783231334875335,0.049597559650268304,0.7046961286910062,943.4286086451923
18.22094766669348,1.714322368798997,0.8696390782567088,436.7511138867922
18.254385226522555,3.5284662761402563,0.915901635777211,688.0009979378291
12.593611774100145,1.5420946481723807,0.8613159584424888,961.8824858332528
1.0128160119323992,7.010156090769874,0.7913066865226694,666.9100024824976
34.82844290776638,4.831486880165936,0.8416334125954692,918.7261095886786
31.585915248298488,3.821387453001622,0.8260642104005118,448.45639524414423
29.442342216474444,8.370631307723464,0.7784421525899291,663.1275194292703
0.0,4.165003287960259,0.8604213382864698,507.4061617858431
37.20573890750276,1.6479907783275582,0.7100948646198171,326.99653475828234
17.710091390435718,8.861897249974332,0.8099991430435116,151.08542688169769
9.386586778841092,0.2393135293260309,0.8642730526019631,50.063692650350866
3.5451658807185518,3.9330702688699217,0.785767653662324,913.8795296402305
16.459243030494093,1.2890804770540742,0.8755798554980342,636.0972572986669
0.0,7.571777234696594,0.7735187441842581,446.9756783139491
0.0,2.431632296870087,0.9430284137878155,681.9978145131762
24.37153824577069,0.8529552436472212,0.9376677900167473,600.0946119405593
0.0,5.577886030774315,0.9330653924187106,312.82081328590107
3.1778791485821087,3.2517363697209807,0.8105227813715249,938.6876564516292
26.31404504091842,6.45477036368944,0.8692879471035113,656.3011043855645
26.44685830594859,9.86825018510118,0.907611313416065,180.73148481961582
10.24295589600303,4.874835315416644,0.9475058275394208,42.41193363626291
0.0,7.30896262622247,0.8732472114902881,318.7989793659455
38.18437659796685,0.7338533014253884,0.8931585125725735,586.1327085777943
33.91724291214232,5.422643659515981,0.8164980296962562,623.3073974399188
10.227193492719998,7.8080355614061165,0.937015068658626,862.0160986805156
0.0,0.8482691150496634,0.7318222122634146,823.4864179307376
0.0,3.76335375140796,0.9272203358455855,515.6063370344859
35.75872151612228,0.39139796966456897,0.7805204122378264,93.0399335337642
32.265819041389065,2.5079806888828733,0.9164857397932433,317.15284276771337
32.0379852847692,1.3812078363826055,0.8369883641093623,606.918148971246
13.812734996497124,5.205654527271022,0.9252462264112935,477.6379630504501
26.34126544831997,1.1864374682862835,0.8034602640652978,642.3977044039896
39.57742778874196,2.1105277671912095,0.7699731732186116,953.3000900094297
5.081011319230659,3.875245548490379,0.7898954872296404,484.57144164664874
31.40724955418337,7.438866258741497,0.8661617218311237,121.55520797229246
0.8290946461913797,1.9805006749978453,0.772176917819323,692.4536338219581
8.328486560334404,1.9631251583478377,0.8734979391277065,991.4976999213559
16.79357382709509,7.318551493067387,0.7122786933029122,593.4943331130075
22.502760313700307,2.795222851899314,0.8932962179279029,303.3973345032984
20.687315959264254,6.545642214713485,0.7445994562439457,328.50048306641685
20.557235988398126,5.995724611166604,0.7585408529613996,617.3610039044087
34.84580405371518,4.040263983489455,0.9499213565216647,562.8037057213932
16.52176542543095,3.2803569719769143,0.934927258459558,471.5895085477224
26.10691211196546,6.65795728086166,0.728807730602683,809.8457822988781
5.250086721683561,4.9730978594085435,0.7186986449461694,501.11563158146913
24.336181925924755,4.033978606666961,0.8615712004401813,605.0790255231807
15.796871399228731,1.8720395109038594,0.7816612003245279,564.9520221984443
0.0,3.540311302373095,0.828575483307021,820.4067577151951
0.3078744520239513,1.7875570046443672,0.7278827863089955,733.6847859411279
2.23719443027597,2.57374033582865,0.8315763432183623,532.3788434789101
1.5654051152248976,4.1854478631411105,0.8978322252800925,114.06260977218696
6.58532403676999,2.395186380192702,0.9058798676426989,638.0137424869862
2.060646470384456,2.4234636669448615,0.8076726872191122,420.73947407944394
36.95786322835252,1.4926942395916953,0.8588964148591639,778.4191043468658
38.15113358174092,3.753094763939918,0.7064673304007999,344.81880905341825
3.264696691256833,7.279112457946497,0.8836969380716848,736.9784019906982
0.45607012504356376,1.470424994128669,0.9350687222746774,439.75204348883597
1.3821325728853098,5.969593757259701,0.7986253108793369,428.32574181143247
37.341397545384794,0.6130792353307333,0.7824664020229374,634.801432118378
21.43285903192828,7.55778263883967,0.7838723344723222,877.25340766203
0.0,5.386363671333955,0.8434763093426404,623.050407718682
15.637338731278971,3.4590152308304494,0.90426102426471,812.2394651746121
39.67210326956638,3.5498056223894485,0.9234946263824874,900.2423554185393
33.47596041978144,0.31781089174750826,0.7662035049451553,254.26864603711505
37.56324510144246,8.31858759330138,0.844505973951842,265.7292405449949
4.763378169259922,7.731169793759559,0.9483572321907026,747.3887254894107
27.92568111016528,8.020718827700051,0.9488077282151813,152.51532072361286
31.743673172487846,0.9594177038752059,0.8249001183658424,275.53132389863146
10.619318028606868,1.3887029205800252,0.759134011842635,655.2440855432619
0.0,0.8051037301902149,0.7766860900413161,508.39108837374516
0.0,5.718531597010462,0.774653607642568,310.401185112626
36.07592240825815,6.703407198173435,0.8269724195820386,343.9209220851
23.198094770014606,4.9757142114674755,0.8736195727717628,63.69121515473701
9.169673255425016,5.219806424487289,0.8968586564222426,628.8671906429162
14.835818242160075,7.267485453495109,0.9321444933893779,715.5710885387249
23.446806413129572,2.0497701246641062,0.9297607106781898,282.9541255836926
6.449161882286051,2.3517463391627094,0.8666398290846443,272.10830417429014
8.313075422131975,1.317857351893826,0.903683075351881,623.3816430145505
24.734971398875814,9.988200911571095,0.9454059650091409,187.03013410919723
26.82918376089004,0.3199496585100087,0.8558858205483483,208.5433057347336
8.655585280695144,7.680392070534105,0.8634880523420563,743.4940878487631
18.644396074710034,8.805929089416546,0.8291489250833258,769.7000991333856
15.385081882931503,6.191387355272271,0.713858848213866,233.67597059405912
31.888367510413026,8.748344086103252,0.9360543255432678,482.7310520249695
0.3029254851582169,6.933824380430692,0.7592902423863687,487.68109840437444
39.9517153885527,9.417797795570744,0.9085530555380152,131.5555580237643
0.0,1.7812382662363813,0.9214137607988726,371.31923766442594
15.624068412792157,0.3317284342078251,0.7908256543226534,402.22353095774076
2.10592077516657,6.274115938798154,0.8454149773645779,923.865582302109
0.0,6.792243699724899,0.9159544340055932,915.4750867142925
0.6522527151686239,8.626848509999823,0.9210337004554965,972.5060346513212
13.683655757918514,6.822391021470958,0.8716740711326563,626.9768458402616
2.8566642107608873,6.255609891722301,0.7371265004046197,434.01663904428267
35.009833150661656,0.9975208003496109,0.8958367908742623,524.774158859746
9.622847239155645,2.9375723938639364,0.8645577783771131,421.32053883942433
32.06003244717793,0.6667235382410795,0.7701768924298517,554.0640516398066
19.019587386528638,5.030729775061938,0.8297247393055304,264.6615146001934
0.0,9.319505613501313,0.8470706095941641,723.0333722114809
21.177835827273583,6.157247972727646,0.913255414083739,197.9312911507378
24.262480746103723,4.520331643376531,0.7998912257980587,832.6681173702583
10.419995034602216,3.285392346960989,0.8390413685316834,352.15176531753696
34.22802005012277,8.283897997833984,0.9497360026756014,785.8172177645325
0.0,8.356507429407015,0.892243130300592,878.7787416392891
33.59144799445629,8.56587114070676,0.7967839687912821,718.2490103220433
2.55138232044101,2.37095779317711,0.7358683811047864,44.726525994663184
1.6624296949825654,3.635466678745861,0.8458923462415818,847.6964267010668
12.304260132263396,0.03866582803991326,0.8442938529731328,43.12904430870503
23.37373665009014,5.540323736901262,0.9261199930817925,228.22676870623755
36.90942570200134,1.3682038515339412,0.801543829510823,755.2777924838747
20.201663970680052,6.784503373388481,0.908228159435311,128.72015187458229
34.42962033181704,2.5088926502982094,0.7775529994260195,234.74428340086217
29.588830692320567,5.497708495019833,0.8709523266945922,246.24047658378777
16.984825106420182,1.1391177422206555,0.726645942527468,77.93401504132468
22.575220228981877,4.910689229767324,0.937539372151571,795.7500903232221
0.0,1.1755810862438667,0.9135971286355967,293.1658821654581
5.51446667997812,6.329263159579608,0.761652634165263,559.1750483648167
39.643060929657246,5.531771710924981,0.7517331150791368,496.5943953703079
5.980960516127713,1.4743326983431073,0.9388454677238487,414.9812074631475
16.212217890975573,8.837733701656841,0.9190290586233346,462.95566303343514
35.2012716985217,6.943549795233145,0.8013676477649357,762.7084942888494
30.048576439179367,7.955913734170366,0.9331697729606289,807.7466294739562
4.557778792074118,5.716576449777051,0.877983754308836,726.5720645251741
33.64766090570094,3.7245620482600406,0.9479173065980416,40.49587591628267
28.000320853816305,4.252157687847377,0.8768859475274962,157.8567459203447
15.670800767969103,2.8525145711201367,0.8460902071615407,685.2957782970489
6.230650562346493,4.718175304199739,0.7317965333598634,878.6577826526213
33.774837839701114,1.6836436991543495,0.7149618487875946,684.155690167176
36.5805097404738,9.42212430568598,0.8234950548330096,906.5591442337717
2.3168732049899434,8.379691128923081,0.8005343112222881,772.1551886788525
6.8590825145721785,7.789319506125233,0.8968201484511987,533.6887024793255
0.0,5.145048859749983,0.9216180055389163,889.8364185050173
6.884076517570275,2.9264090034538457,0.9362197415746664,753.3417456834925
8.104285927660621,9.068491259184745,0.919732518724099,796.3686759846779
