region_means,region_thetas,region_zero_probs,region_lengths
39.557714232199054,1.8205476427855873,0.8087861390822784,897.2488541350808
0.7060150001079368,8.51753515962372,0.8418251229568436,762.186047882174
0.0,4.756786920173014,0.8976719396771308,147.0175609290519
6.565793796624137,7.9309091767270665,0.9416626691639303,947.8120996036565
28.59371812983533,4.21488029945883,0.9214832236198824,299.226668086764
6.199292497560089,6.799237996770907,0.8643854410692434,602.3950746557807
7.065477850570575,2.2043436425565246,0.9271891715703209,67.74507954398096
33.10798833969108,5.4860819489821315,0.7594981211039449,308.7156255335362
24.084345939504527,8.925282623192055,0.7520671698977364,261.5533408694011
14.030083659884419,9.113411421859697,0.9366661295588942,189.57615957153092
34.45163235588544,0.3875761116019574,0.7661490665990356,491.264589618313
25.41156588348094,0.763337962821256,0.8511191924659918,565.6564262277964
3.22035490057983,5.170712263248102,0.7863099750380724,940.3816832238571
27.43176739160094,8.574996941370502,0.7307254489431987,557.3810201984518
0.0,9.930892114581019,0.7829774282281429,153.07627286394182
4.95215748484456,0.7339420129234002,0.740751885412314,575.6120668912654
5.637635518300906,0.8106453283532177,0.871596564123839,424.44071730882166
33.87675209647904,8.791361166417651,0.7820370296679758,45.03171908754247
4.205610777204477,5.705543256810794,0.7186136750844883,108.6711181184868
4.993121093534242,2.3621805003562244,0.896965187779248,642.801727874262
0.0,2.216649443516521,0.8865691408997014,370.7860044872789
12.746794425821498,5.9517848624476235,0.7774867735996303,359.1421190714108
5.961747266016011,5.760277428374859,0.8898524868102607,420.8249951178316
12.327343973379516,7.782820611293482,0.894994863317,670.9740212095787
32.74820130080786,6.569423806594562,0.8247135190686186,164.78384072522263
7.892598459672807,1.284361076874607,0.9488600858281226,307.9521329369175
10.316017823353857,8.530250179719776,0.9408430564966241,825.7231263951472
38.64221844904393,3.225839492123276,0.8882734196458982,382.0806131553431
21.278285193894625,2.6068849967406966,0.7467725544621404,132.22927405630685
0.7862302775192084,0.9341525963956046,0.9288036093050017,539.0293230381794
15.16564834984273,6.260410929561079,0.8441791219171958,225.49395106582747
34.16796061213029,5.643998952604115,0.9479727534675301,999.7239638598884
22.825627123854336,3.5443496203871074,0.8201498101503227,315.7310086527793
26.441196422782347,1.4217396495673051,0.7864850915236477,770.5767691009694
21.52666994179081,7.02819530310136,0.8828122354657971,172.4345169473732
17.135513394410353,6.830681563448525,0.7247918835314997,52.65140419415722
0.0,1.3534210253136636,0.9136948021905371,225.07078823197452
31.88225596506734,6.646577665058567,0.7527832849996103,731.1709710429064
19.42270092853424,1.9069071873668262,0.9131485736017568,288.37096851782303
32.32478689525856,1.2659859151495303,0.9206722621252833,49.541065865231424
18.106549593842978,9.325247282845398,0.7153273175982036,715.922991335061
5.49254779391867,8.288958205615987,0.9366070660808625,862.2316129020616
0.0,1.8645608091520733,0.8809955262075261,468.22598020556586
6.81437029001841,7.1778082914372074,0.9056534867641963,817.6762386175438
13.876194491447462,4.566069723347426,0.9357637566177353,256.8231757369074
9.485053235272803,5.939619451748802,0.7117995257774837,88.72446119731148
20.79129996831024,8.943829644413173,0.7079588767073933,277.7142231208355
16.232864295221344,0.9530063799083103,0.754226692475871,957.6285219891002
4.608077111155049,4.35251698640452,0.8798425567024655,533.1258261087883
0.0,9.515885540632448,0.8578954609502266,126.64491005768656
32.56735163004273,9.716585983447178,0.7028678793543148,896.1073534347007
31.449795669309974,2.302043013123054,0.7830709156453594,483.0944258041061
26.599889378007674,5.1861653016555245,0.8644424901517799,110.74974201479968
19.027044393917546,6.29283895199738,0.8805260407660948,191.34855192673916
0.0,0.36158798187281604,0.9144106207556401,741.182588008804
0.0,3.052774410765865,0.7286121406556944,597.5545635623121
0.0,9.215873880333787,0.7840790406919221,746.320011969503
13.549649071996658,9.384524327590894,0.8302795736115582,188.56901222103542
0.0,0.7563926117784894,0.7690945950576328,514.9439885870665
2.3802621020234493,3.9223631431840147,0.8706517034138301,704.4076468758224
18.498081348288714,1.6808101523638155,0.7274495834818472,528.6344779857279
31.249127306973662,4.573902500538034,0.7125902528354896,825.265435770105
4.034338945058386,0.7031532271061856,0.8818584222127023,712.7500793731857
2.144742413868587,1.3744591374056738,0.913291573211288,381.8547215694649
1.9244443392729789,5.1092462538882195,0.8435849181759465,431.63807541660674
3.7506884755759566,2.138606130942533,0.9475011869443055,930.490100711744
33.87188108546841,2.649153108354222,0.8719154366169712,191.89021681554948
0.4520086718826651,5.134309304296514,0.8184856077145679,838.7893495762628
0.0,8.707112385895275,0.7045771743846314,718.6851409189226
11.218883763188973,8.421668090905866,0.754091276067081,587.1635001559586
22.43322946595776,7.8888878001854765,0.7041839464411481,824.3157115085539
30.122381753816857,3.2233124521765615,0.930041657658779,789.8780132993463
3.8474236861446585,3.3777177534691623,0.9011677997871093,420.34106809146743
5.421384864713896,7.047533237681529,0.775292321917903,381.983963775946
28.6009281746188,8.585909620917818,0.9105998215755042,233.19346734298682
30.214160889244745,1.7803530441504385,0.8599595477474061,687.5653053003402
0.0,3.0314276235852,0.7348024287308215,668.2637579747434
36.731395204596936,5.933707487104152,0.8277942764340734,52.10176001591453
23.584613107047183,4.552123475760763,0.7881895393358429,914.7140825773931
17.17339837534336,1.6419864151576093,0.8802611943132631,729.9119988057566
18.00708810961998,1.8403607490324032,0.8050794371413502,218.9386709581745
7.681171266463401,6.6160894882536025,0.9026353975647133,786.2031978262314
5.213295133836901,2.556878450124997,0.9491446763212218,673.1029128899345
1.8740679263511062,9.386163395365294,0.7278663779889152,541.6576647337414
28.398492945513215,2.9894319550546995,0.8923821922453151,922.118051703153
1.9552224611493891,5.217029148088182,0.7698140097355518,255.2657837886879
39.49995719326816,6.622581649310086,0.8923724465780613,438.8871320353247
27.818596174172182,2.6270015801168203,0.8213632045059147,696.9136683977954
0.3719270775025237,3.2803957845489813,0.7902391270172877,486.8531845089313
8.813101842826995,3.9148775358994805,0.8896999725901454,750.1669230290407
33.812183912859815,5.3937866497205755,0.841203986077033,106.77106848863173
17.556771100693247,1.0500982540228154,0.7327212376765779,440.5294883996547
13.28665814843916,4.060610861394795,0.9124676268035788,637.3588847199757
0.0,1.5029770371282074,0.9271143089873997,600.4482099944581
27.518076028288807,3.937603780414215,0.8179360084010012,330.6862738094664
38.40042679094962,6.834688682605899,0.7851231943489343,314.00611272135967
14.553085539558648,4.108347881425002,0.7417992447619943,705.9611203272885
13.255999599390153,7.179098824752331,0.8831118235160478,123.57653987253838
19.843377771548454,4.510411924631032,0.8739519354926727,784.1014088372572
19.22752698003085,1.7351198870239044,0.8560881700422707,620.2373843807775
0.0,3.982321512293496,0.8249003059588709,350.2091148365571
33.694601487271,6.295867627738983,0.7879299150168343,869.3338691108278
6.595948638741139,7.69465029741433,0.914460630435451,376.3638472220851
0.0,1.120994560806303,0.9362683992340989,64.7310269250643
7.87491561840462,2.186019243908552,0.7279991918113613,829.7982566795017
32.397624639509736,3.560652642312181,0.767918472558045,364.25307715972116
15.538033994272737,2.6290138695463994,0.7690034772313973,121.7551022749841
3.553814737296684,0.5404270861097369,0.7735358491999559,544.9873567712438
25.859945266286772,6.495115474148767,0.7452783279089613,380.3114618221105
30.286830908111224,9.84572034944795,0.9334750368459132,844.8920175218351
15.814218666070966,1.4648078992637108,0.7214149618179109,743.6012864803567
21.437117106564337,1.8772492905571156,0.848100312319395,983.3070043234483
5.561681884991943,7.792635824947131,0.8593778532098065,682.836504952782
22.953149295765822,6.973279536951874,0.8459524309052529,567.1651105710089
29.18758616762747,4.093757247010694,0.7856174003940873,122.45977512450892
10.791300483947689,4.742571786755673,0.7776826780217612,407.78276913019886
12.796649902726248,6.099298123058311,0.7620315347860498,816.0200769496593
0.0,7.577503732961494,0.7601590032827747,300.33315358443775
0.0,6.377609580339079,0.8246989439543206,241.09797589391266
34.33326149632288,8.848308318366966,0.8537426319854202,303.07766050283067
21.895284774625715,0.6675799851709796,0.8450828812679306,241.60227070231062
34.97387434489625,1.7476683282007377,0.8188753855575057,767.1166765003478
3.367747905777686,6.293657944569576,0.8153378401971614,498.6387386822899
11.28197413028293,3.460101342080893,0.7484272515956776,351.71701738677143
36.11541507483283,7.1036972624675165,0.8741243850588096,665.6074931996562
0.0,7.754983970855338,0.8001560039710205,646.4575182123419
3.4280344895278763,2.8797390817452593,0.8644177384080185,478.35646200181026
10.966678097567208,4.705520280948164,0.8524089804620766,274.227525275944
0.0,1.6222885790212043,0.9417485418729209,912.7601280600358
22.525933859155828,7.318268556385521,0.7160925830652204,784.9773881051589
21.336771194716935,4.461695480359925,0.7727792031556138,854.0197637415687
24.63493285234317,0.3782470377189084,0.7022894331534628,290.74566903556877
1.4655546856816533,3.9933583776731196,0.8458195081225919,967.5761135958862
8.630461841639177,2.2264554084716166,0.9055777055774286,901.4224748897805
8.273188065419022,6.118628493027884,0.8134026151603883,708.8713725266406
15.098912912173414,8.70119017167594,0.84986476695618,520.710763065179
5.126975137826325,4.958559058070609,0.9466087373568748,523.4682405605593
36.47252664128388,0.05854040069092183,0.724826676230974,506.4271025225276
4.29587849578628,8.697639028356843,0.8076274866411332,722.6785985667344
34.6155063641916,5.082505167361997,0.8159466859338242,471.40324945914153
32.6800599663741,5.4420364591972605,0.7749551128106985,86.25508394310579
33.89716431938222,8.045077083981278,0.7298141992297743,948.5851959512972
5.07290079879546,3.2438978499558297,0.7087895854565047,982.8239996953378
4.519264675491247,2.9838006368951033,0.9439816140181451,701.6739347733246
22.12911688461321,8.781554675865674,0.77405550551048,708.1888749935794
19.639847127221444,5.593861768475537,0.7877921289909049,612.8571472839895
24.875767982283506,8.004041861356242,0.8388369303916576,550.0833252581775
5.020620472028516,1.754129652058184,0.9013939914134337,156.56057217180182
20.326083549163293,0.6032519260010945,0.810957837478858,228.81189448867923
11.687664547278606,8.463610201235163,0.7535079407840216,299.6894989248566
28.01364649191974,1.6183346983060105,0.8127159320742335,732.627910035947
20.906344257004754,7.096205314462194,0.8716946884408815,147.6400550721573
23.80026986284437,1.9360128333159556,0.9106304059937632,762.4455311521374
25.485769124763177,8.485899107748981,0.7581635304055423,238.38015490015368
6.924969632983025,6.548172656310053,0.839525262087793,823.4748987236912
34.644973077010015,5.095510410198857,0.9047125154851176,676.4668075165828
28.684938930468828,9.159331717602273,0.9422408488465488,496.1228808396751
26.12582803633032,8.758814141997597,0.7857848624139672,916.7759928391316
35.85135542073419,0.9044117125252562,0.8421707817301292,160.9065719669681
15.850874494768497,8.286892275254818,0.7816149365734378,446.33844438680006
22.6143338695085,8.984232564285655,0.7855449219552529,343.0289739552837
11.920679239219533,1.2697165127061802,0.819035096168054,159.7342708168041
39.934794161255056,5.978415912256443,0.7230134161881416,415.04041875832036
6.402516636585711,6.855273607513665,0.7034212983201434,996.9341948901072
34.14956266425953,2.7065935752458556,0.76217660159377,132.0853627599708
1.7812793143582508,9.078293863086524,0.8009327526275526,808.4013898491208
19.2728734336205,9.182573328969008,0.9376714472148397,676.8640683610612
19.67620089651577,1.814765190384699,0.7079319749785411,319.96570858592537
9.729818305962393,0.18595101988412757,0.8788047594624091,993.7684127887112
6.001930823902384,9.604527143926239,0.7099180434157877,521.4052199053698
36.11250116962599,0.014391372964382199,0.7317486567039146,403.0617251962774
23.996742745201466,0.8470926296556357,0.8905765346866537,372.17616273529467
0.0,2.2308413285291273,0.7553235700736523,165.50523593892254
6.34832670711586,2.944805030979202,0.8948291159098407,538.0286598526357
0.5027751952313255,8.543074399690775,0.8873748436903601,711.1271863926167
0.7132618987373964,9.261693207790863,0.9186617425719235,600.839882081325
38.150312180992955,6.224775167807332,0.8752071553446574,955.9674121746225
9.849615174119169,8.409298167483952,0.8384522293765561,964.1239228919685
0.0,9.410027271003473,0.7479834624186489,231.70120950505517
11.733235478248709,1.9584630689171028,0.734046488090263,920.5641752093675
3.151207020572264,5.616415405828885,0.9158355577077348,300.1203667720845
36.4214599278704,9.857802071595488,0.9007588751186133,276.31578379056316
32.94846379549925,1.1384467105210763,0.7645740169346299,366.69150016675616
1.2142252748033915,5.961115234071146,0.8686987360698541,924.166154029113
22.580900061566894,2.8449966792613988,0.7965678066109418,259.1115669462981
0.0,2.1580723608558983,0.878505246428182,53.75273060673557
27.347990372274804,4.265574601870848,0.895106129784558,846.017256061783
10.106646123295743,0.5732115957070587,0.8642886802699538,56.12395593659002
39.83263995839747,4.295036861848428,0.7418205841157892,994.145873532089
2.0229654358555007,8.716068941097104,0.9370978744095497,333.447612867952
32.868453095588286,7.71447216816281,0.8979728644834464,301.8059496765639
5.813898221578891,4.6263083774002265,0.869528123191043,472.49121096438523
0.0,4.12723224348211,0.9402910168075992,191.8023478150862
9.799214754631725,0.05267088173257995,0.7554521948220292,334.0729714400367
23.39008642593631,4.841469419789541,0.7949880518296826,157.30710692432606
33.27865090870059,6.716223784044837,0.7018956560192566,885.4618158280153
6.251102286303633,0.5247864635355055,0.8788886032044714,905.5131312316919
18.91857918171975,7.002477479097912,0.9439140586850798,527.9592040350087
7.672318678351384,7.284436222295379,0.7748958822085514,184.48260004121664
17.5073454218532,1.928903704744724,0.7816178102559276,551.6287815404429
15.813102908301069,7.195302115503486,0.7397537458908974,498.0845314928576
34.583843441078585,2.7473860514284465,0.720690892499666,491.8834503137894
0.0,5.1066834898963736,0.8140508275904582,741.6360981240509
12.098837254783822,1.0670594069280552,0.7394245208254775,78.80882520334708
7.6867917120399305,0.30668594389802434,0.8250200528412494,938.0780378792418
31.707205541572783,6.092638037572022,0.7977921013010807,564.1286434183601
34.59244076324041,3.394109961925754,0.8905436795852958,586.4617575749752
30.612242257277295,3.6234729115453974,0.9422857853044511,81.4163600738134
17.48013936430046,2.4986869781064383,0.8867881684429733,994.8161053321583
38.75507364904124,7.910186697768121,0.7816728070665035,448.8750481893986
20.840559800231933,9.752550843504283,0.9263752749502225,673.595013617705
18.461194286297378,2.064819410594783,0.7979204849431079,453.6620311768929
11.979405850982037,9.98599007758484,0.9184044394941875,653.3808734910078
25.934208507507908,3.5153752200852555,0.9080484305468906,688.9184863789432
19.27563256788188,7.60666409326062,0.8225511965377511,643.4846665038809
0.0,6.271031521915916,0.763642608419588,208.45705677007447
28.307711598172432,5.804747007208679,0.7336914946230544,377.1063647716952
14.04298553094007,4.419916335798698,0.8980755329343435,271.30672730504426
39.0363654670743,5.24675691818328,0.7170740390344696,593.9309772904381
16.40884682231095,3.944580285693976,0.7096463065397036,442.0101916823084
35.19644605449405,8.310499566845671,0.7794902690624991,386.0469855077633
31.914096744741936,9.001303072700972,0.7408216378368638,269.6066335595313
6.301499690817743,4.010976152229441,0.8559415306883081,611.1846164756932
16.92232882492611,6.261369652036296,0.7809932441649337,655.5401923436921
11.712504538568965,5.843020566626575,0.7270096847718867,552.2495685384763
0.0,4.536864338314505,0.8673568518434405,467.01432801100725
35.338766520453916,4.658773216963794,0.931405967786486,57.29753345256505
6.722497133580981,6.16195252984347,0.7615835643628122,932.9053844597922
23.491964671543883,3.8850093328229374,0.8717807954149723,961.2455589619069
23.11415185387661,1.2256649909605641,0.8681305802643752,398.492396843983
6.172889390514064,6.880209932839609,0.8316088811405764,503.0462593398122
2.9304313162699187,4.416781427971768,0.7932532835730649,80.68378804128699
33.725894504509334,1.3010707698286277,0.7669675232251296,946.9788955207345
18.33765738425539,4.8334534616302625,0.7040020188991467,329.9834205418246
0.0,2.258024508478225,0.8016297379435,510.43929454897574
37.32376376638106,1.7944855339059362,0.8564532989406841,452.23524963788014
15.671458465834016,3.493611956627513,0.922928915515194,822.5722339751035
11.626623408370454,0.4077712706724232,0.9428528962870976,309.90960386999507
23.913281674148752,9.065037175032773,0.8634007008405241,644.7572620033105
0.0,1.2762355543759956,0.7299006359638818,488.6234150003587
9.269318692542372,2.030792309941109,0.7851841250885611,504.1071479091471
29.37286958713029,0.928187312757351,0.8934492034570656,841.7175632464127
0.0,3.9100906702284743,0.8528037015976654,169.1540599175358
32.12975070942225,3.755269384505763,0.9152493250446635,572.3402309720527
29.230000357371495,2.672160569826551,0.7641016102040199,492.9401186101669
28.62070534785551,2.9925453947592224,0.8017951700120919,703.093873685382
8.032891390177673,1.3711493235976249,0.7542767473515012,756.3155970361107
26.72310977499265,7.042292096658531,0.7727589735793956,837.2162092275845
21.78520434574077,4.063537051579471,0.9258556730587229,444.87445664769905
8.118421191139657,5.2953403468472455,0.7088758882665676,882.7243265436208
28.04861896067368,7.838203743420437,0.7773350484681555,781.2676314815732
5.916442358581423,9.179545270736115,0.7838704299372271,744.7804113584655
29.482557040613365,4.538835089313244,0.7044066191973307,59.2816209609078
39.966471149283024,6.119791716120016,0.7716176603117091,596.1532105311287
3.0003699011859113,2.0058128975026035,0.8076289118879875,326.2602191919617
0.0,8.435956587919907,0.9128808193183664,976.8505126145512
18.54812359312444,2.4732512590630638,0.7864103620302871,309.3867013748788
27.644904241707504,3.7152183620054586,0.7965091500898854,745.5984517837513
24.67159017213385,4.28267025059925,0.7565124241875747,970.7536662754012
25.85269836224,2.7455612192860417,0.7048221131543664,343.6735768148005
14.294303432509539,3.4310255910168226,0.8694393614403346,729.4703783232686
2.421027695522302,2.3660502663680667,0.8682684412540023,944.6477649919706
33.37027679172158,8.112033578111438,0.8241781405727506,398.2783460405549
3.380363932560926,4.627089240234934,0.7886568726415402,430.09475070164933
18.642812795001767,7.472163799676511,0.8836689240180041,674.5070792979548
22.049970233485624,9.513514944387829,0.94408730460577,270.58112043113476
6.531764760984122,3.21488835935559,0.7513924529160105,900.3159537049542
33.75736160280403,5.891681703745104,0.8568176242781433,268.94106482296263
22.730558848763955,7.684765371774342,0.7705229371400093,201.4560188064975
37.43007315398054,9.138253661294325,0.828645152370289,543.5492395619262
39.164055355523644,4.272912081965388,0.8936828382230342,332.0913950595156
22.0159801983061,2.627333589785845,0.9104743416159546,452.763067201357
13.408411784239483,4.191008777870389,0.7119665169678968,722.586671675611
5.926228930231046,9.47407913594461,0.889125765928023,636.0012441256235
2.245492287396724,1.4327293787325188,0.7901149875956586,698.894925131141
24.100364655386535,6.1538910239720925,0.8579427556255934,141.65600654603918
28.573386088404003,4.759818015990347,0.8271868057230863,581.6516896041561
38.13388329541532,9.502274738128015,0.7987058378819556,965.5495834015733
15.710056477026207,7.412074571849341,0.708321717096753,900.2034086894446
4.2027851755451895,4.073311328343182,0.8294933012269952,747.1370868077867
0.0,2.8940966791838063,0.9333865197899328,663.2592873789541
4.050409969471037,6.7396186549581,0.7221089548636646,652.8028869247784
32.56060875799225,1.8207575327242753,0.7987030560142205,658.6663795199028
2.3105090202574647,6.759558041273968,0.82582347457632,726.0464866612527
24.51987785236256,8.161223675252087,0.7077646828756643,730.0963228324489
0.8309586099750359,1.429859735288273,0.8209804992466307,506.3269576649032
17.65380812125778,4.196019435328146,0.8852628884878162,218.11554610579864
0.3610029215935749,6.981790029744049,0.9393034282034148,765.8200026598108
0.0,4.646495481971084,0.8039584321297116,479.5455829146558
29.767172254837806,1.108994196620769,0.8612363911630839,842.2564828689303
39.1143042048776,2.8721756084155374,0.7044561552110908,50.67342516728434
21.431391106703455,4.483041232252686,0.8701728379224635,841.2730585558188
28.888638103136117,6.928516530888411,0.8878874059304921,449.58280137401664
13.139119355611516,4.7665451100390035,0.9196980244894727,478.2855199456673
18.717711143473924,5.382967225760829,0.875715542917822,478.7371042528831
21.491094215989488,2.9795169953870766,0.7780711855398681,210.83468296535648
0.0,3.209101867227295,0.8871122048086777,957.256242811767
16.10499555560097,2.3940542875752957,0.842960828054762,503.4468533664614
32.106908325937034,1.7476865179945689,0.8987087409844186,946.7023562807407
23.251164646516003,9.507095803007985,0.756362196728424,137.74465611171163
4.47422849897228,6.239696901055589,0.815661624771203,759.3257725519478
31.688315242143716,0.23054469551634954,0.8706298984083135,189.6198106480169
35.22204569624659,4.611640934502432,0.913181026740315,826.3049861956652
0.0,5.0567349464465385,0.7599329287343077,495.4687359049941
9.355528340884366,4.471672264598936,0.8894430281552652,306.96437902143157
14.02389553360943,4.693221785070497,0.8401855959442519,961.9013431936669
16.475782067712498,7.752621241657751,0.9234309287049396,895.5497042161093
27.318803846209278,6.8664878376550655,0.9116317563792438,982.776378235552
31.622113367427026,5.0277167843408685,0.8396991258415011,228.61541447569624
19.444035908741416,0.22831828456619066,0.7432490870274087,608.6516519271424
2.558026461457626,6.919601322085659,0.9325993763306696,509.1913541615255
38.67189123152631,9.098868929581492,0.9030999113380798,55.820686608424985
32.71620743844211,0.26451245089298275,0.7879219081388382,290.1350838480048
18.085460803105665,1.6994018726509454,0.7541584786304788,700.9890363223122
2.426991145294672,3.8355291840299226,0.9021644943193321,113.81920399967157
13.621783724375346,7.994600888406842,0.761562483938554,738.8155876744681
11.937486457276279,6.113052418700262,0.7302955073934096,600.2077310431873
20.3713139977616,3.581101741685305,0.9036830127059389,66.86287551147939
0.0,4.141974410876625,0.7729887315835402,355.0830697259953
39.08467801970443,6.4448948056067685,0.7128330654191297,935.1668904621214
21.749294547941403,5.4914850720527975,0.7984293265619892,576.7483233994113
37.466908722689766,9.411919330946994,0.900146179482369,934.3752952773142
1.5258484266861834,6.309441463010009,0.8916775274092456,285.74436844641974
18.351575472921102,7.59012726066914,0.7415789086855776,482.50531018566113
11.693854582843702,8.170358787333205,0.8339465451576327,667.7282229087317
21.82216323286307,4.733799058725129,0.8794046026023508,833.5415565228543
19.74139145018441,6.861149886161919,0.8719075088552395,869.3560937855325
10.56054412151738,0.09329284232062816,0.7778159525494016,201.4314517224648
28.80944974480122,5.92948588708045,0.8766747780431576,139.10508114067602
26.46283246688893,3.6707611387506844,0.8683466625370235,448.4642655000503
5.36866763728836,9.631085381683404,0.7361358134685041,223.9558702102163
8.215492182708973,9.938162022481574,0.8829467332091213,905.1869314240834
26.35174747632193,7.944762494385479,0.7599576652098745,739.6523699840893
0.0,6.9613081842220685,0.8149904818515599,98.45846178538302
7.84106664243988,3.714546832098946,0.7828233124367537,572.3137233942832
32.4588803400344,8.370210417269876,0.9355990681615518,487.8231486607312
36.797994068304355,7.831665437573241,0.8773025169956497,171.81172447993458
6.227056469134161,8.744745851236063,0.7614085703075395,847.169406212315
16.092659832512084,0.9022234002420707,0.9167154863227103,430.8288403608719
0.0,8.600122824424565,0.7159509336173279,989.8378401705448
16.30824829816489,7.798644350147133,0.7957891700584061,884.193526379168
34.37452649560771,9.441214328476672,0.9336571689552359,719.7175285769018
4.766955398682972,5.564752666077969,0.8922686377463898,641.646010433655
12.682450231368804,1.6088815628688764,0.9182344259657689,923.5322198123844
3.2411486200672335,1.3313659521802714,0.9465061949878906,794.5662010671745
36.56385823914145,0.3202214431799,0.8793794237472097,935.276164075492
23.687563447571257,9.597852078462617,0.8892668319861714,449.7134234941771
31.650042746928023,6.765887621937666,0.8058457930822256,584.4286991427937
25.845014157664142,5.43945771222878,0.86681167220285,316.139531297364
29.636509661338398,9.22319819906143,0.9004040648939055,773.1600809331844
0.0,1.6275673844622298,0.8876700201543812,935.4720985478526
24.48477136210647,0.8006949844859179,0.7977475537928017,972.3130537047209
35.233630470059474,8.288350996531111,0.8629891293324177,931.1780681141901
0.5241066154393232,2.2351766741982906,0.7368475415756099,309.751679156603
38.26107418007302,8.282360417755877,0.9138216590601752,676.8037318512752
8.464558484701529,3.506778289862761,0.7611291877920321,279.95778192092297
19.688399774605994,2.889523093768647,0.8644250686718274,636.7357810055055
7.157418986859206,1.8746596253568848,0.859963958976657,331.58879961495836
0.0,9.871224608532431,0.770152567629789,860.6503323953661
37.399807435773035,2.2792152255167895,0.8974237796919642,854.9472549753588
15.396489268483327,9.736582185465897,0.763868645887955,86.31752291422148
36.89661636534604,7.46132921749747,0.8593710192386044,172.0949972659385
27.1539571636114,6.3064297086085235,0.8455755381194344,307.7121643345075
22.013667934525134,4.782734770040852,0.8217684185257544,501.46975182974256
30.276858692707794,2.7683643196290335,0.7523264644679296,725.5358603950955
0.0,8.207452499815355,0.7923636393033662,485.0937405004207
39.25476959029861,9.330227251185823,0.7576243492869306,685.5515307660434
10.826519461883521,2.49239619626797,0.7190413357253336,504.9834932607848
4.652672514054037,8.030717571648337,0.8669952088604634,918.5120818114513
7.01923097636653,5.097664362144176,0.8709228266827107,366.1389324047988
11.479232400623491,2.4398617302494774,0.8379732753140055,558.7908371883445
31.710078573915116,7.851820190382927,0.8249327297783191,723.8434677070951
8.046286781356283,4.645648055976001,0.7628908092542989,57.75108953286345
23.168221004769663,4.392390668194249,0.8564761373898558,142.77647758742287
16.88945996944647,1.891035441393738,0.7208083342902619,146.3939018579381
19.774173697177638,0.8191329753615814,0.9418771038102154,500.4862660104266
29.48018656609016,2.2791018102863183,0.863770243300138,417.22502497547345
0.0,5.871057384513517,0.8414393375003881,957.4766123186506
16.616077510551975,9.599765976177023,0.8892772915177871,309.0640839746894
15.02334996231595,2.7410742275560556,0.7619929629766518,295.58249943456906
29.405996562717547,8.1161137352143,0.8628331455570583,762.8524238614224
2.5080509693119613,1.2687597336254783,0.8282595071319403,578.2717449265222
21.7486435739576,5.1805054203875605,0.8946556718675456,500.177823001487
20.096117037156226,9.949242962067185,0.7041795472879149,721.4541119070152
12.229755118926589,8.184087139808696,0.858644747414729,759.9462449850629
17.670828889048522,5.233442410598942,0.8804294565999936,236.02244431285715
10.025541948535205,9.003192945031968,0.8863252478508581,651.0479356185964
32.89924734186467,7.963145224478318,0.8806668391526216,864.9710556443137
26.593514292768184,2.5342283811860127,0.8028210949253625,823.3075233139707
0.0,9.11539928475718,0.7273773278823867,973.8276842135348
18.88657079840183,0.26532937128132583,0.7955758138151874,224.82191749855357
24.242871069042625,8.323591537272502,0.9293792319460432,310.69436276371437
35.57399190213646,2.6411713582550695,0.8732526852846988,595.6135814005869
37.14814135204522,9.669058448491391,0.7838020098576459,204.925585977322
24.286193451565016,8.132251286528076,0.8130088225803335,285.0338657023543
24.507644036975467,8.503373479395359,0.8661408364093142,458.16193511598925
9.507687333116085,8.010196270511665,0.7851453850291388,746.460236854059
4.377401442090905,8.379468323487902,0.7787360799140394,773.4531988181748
38.79833775900509,3.5846380776613755,0.8169680037477465,237.0199628906684
0.0,4.047137356189702,0.8115531875271765,884.5028374961284
27.58367485404715,3.2751911492718797,0.9423634610430555,686.887173237534
8.875394761319699,1.3547625848357894,0.7208928694850525,479.0632055338201
22.93425475734209,1.201014417649996,0.7059443592378626,418.60095170088954
0.0,8.568293146337961,0.9450136771387536,705.0702834313049
0.0,9.926076866091645,0.7813719002252695,609.5648457694944
36.79449069273803,1.0581335574472202,0.7461892128473049,687.9644046455857
17.138705827293993,9.188914111864511,0.8792912016231489,664.6442918305884
13.061616083471948,3.1773402737419483,0.8934870365276161,184.07884446637826
34.021727456643006,8.048256246806666,0.7678859092747986,858.4210893081951
12.598769455435827,6.54701646476602,0.7870772478922526,413.3142352219972
0.0,0.5783740957244212,0.8905342726710261,896.0844730686528
16.941862373792603,8.131677749649969,0.8153828990328702,526.7904606032855
35.07380191065045,4.985826495552962,0.8294791432519508,267.4206578882909
33.68110504788391,1.7846220831083226,0.8901200038553057,167.79114440281393
2.0732435900402706,9.119491452967486,0.9152466395433493,281.92522362356516
14.64874554809651,4.148730142309694,0.8193306490623065,373.823836766553
28.176836730961675,0.5561252668745279,0.8883137815420028,429.4431510154748
6.573441269719667,5.41410841697842,0.7907499624882327,299.11104123551456
9.37489982728555,1.6925034735277407,0.8971979617553045,61.424187957793315
20.426762095665172,0.9034197465313445,0.7866076418430652,431.41168790940577
13.995908503969181,2.258420079894895,0.8103718684717992,418.0797788802971
0.0,5.625941596539167,0.8775110081137454,358.49433048590885
35.074917214583515,2.5892142591962557,0.8594231247827766,492.53907369849816
13.732840817201485,5.264311013587165,0.7201848160476098,290.7325375926901
7.295953676178464,4.104533375744363,0.7753742689921966,988.2576914411206
5.825135484530876,3.733495863411417,0.8353522031620945,168.5289545902003
22.02544073533555,3.6696068749884514,0.7932999078381416,860.5249814432398
1.8769100442441613,6.59756763937056,0.914228412780973,514.70119990347
30.703169193777327,2.5775420910867815,0.8909101620913211,312.42864967075155
28.563726366555724,7.621168456551089,0.7331823939170075,135.44664426410705
27.872117991369908,1.0781933671495603,0.7261480623073875,402.9675755425706
35.12159249492676,4.071869662272458,0.8193215325113553,91.7577046982678
16.283215228218,6.964498947372547,0.785334368265983,687.5596923221556
22.616389813764847,5.176247599368906,0.804699192615475,525.2403487833051
21.583095420577035,2.181207102264013,0.9138821054696764,498.5435137097762
16.270871943534278,2.2030142474277645,0.7702738400183115,956.7815525230029
11.17374976948646,5.893973441824662,0.9303044019303144,736.4137741013587
19.574757526025188,7.9522935039509015,0.7898855141527583,470.14790655332257
25.808688540630214,7.860130258478358,0.8389689126464337,342.3952100182865
8.579986223429366,7.1569886514696055,0.8746851520079346,888.6751163674636
0.49998955234098996,2.553873711926067,0.7030383117375941,617.1647282993843
1.406358476900757,0.9404931251057033,0.8066616499194571,296.0149185947012
27.07926158022343,1.5309973407558792,0.7216265156696956,795.9056355430616
1.4606672927412145,6.093646642167938,0.7669812971626357,49.67516351838832
30.947996313846733,9.28106948178245,0.8805167126222154,805.9434279623939
21.494313675080054,2.3024637207383836,0.7365483325507838,406.1501186307337
27.735832308969485,9.915381048763335,0.7419158578399084,386.43863366234126
4.516453554874523,4.554577093043436,0.9065557255107699,354.035726156137
0.0,7.727290219747962,0.9423254947022497,209.3265760971971
1.752846386370321,0.7695208987067239,0.707557431523861,577.8079794579304
31.07843469708581,6.7697786570362055,0.8060377465724051,816.7836599503833
33.405729146993515,3.3088193337220435,0.9069214777824208,205.10929408628652
1.8476863121269045,3.2799264592345,0.9309036286409107,987.2013128273701
3.6360346526499416,2.9013664080195185,0.7753244590367452,825.6703404239065
18.143380689862763,6.604827496831961,0.9402011602358722,250.49885582469133
6.533750991057152,6.659579721738272,0.9269769180353656,629.4279820075216
31.700288937684284,9.220702276954201,0.8390031583578645,596.3164267861855
15.423447111729148,3.75639649519367,0.8757344011722108,794.6133748380896
35.31200757131801,2.023224042052366,0.9360055491421847,902.1254858783001
11.238700993743121,7.79150219632202,0.7510070806028963,69.55622432705769
34.8766658706453,2.856562337466645,0.8061517589534926,817.0367411676028
32.549409070845044,1.6819641161384251,0.824929140723326,266.5494551073741
0.6436135781794493,9.496746211496367,0.9262161371511362,276.31895913432186
31.82731430104443,3.1100950283747135,0.8919516098050713,365.4762740695548
1.9943605100922848,4.962246456585266,0.8765552058531466,674.5093461787459
0.0,5.247549044778382,0.9401258340322152,406.7110488411045
17.546636712228057,8.167973765577019,0.8374542304416894,838.4895163523387
39.97218153817007,3.166336502051384,0.8084490725155496,519.4513713134057
11.852319490019573,3.405453459244949,0.7737665156849196,532.759293205273
1.2444293853081354,6.702970103212717,0.912994300971157,890.322966024367
22.972391689451143,5.26946523842165,0.8837782143712862,878.4740750419201
0.0,6.966410978596257,0.9335374108212137,921.6325496713653
14.171782972596944,5.083325079557586,0.8244707540993944,748.2696991017798
16.069424086761188,4.115365818005993,0.7890676679205476,148.2629537080512
29.101650304784506,1.3966277945302465,0.8610999861474021,282.1992487960372
4.398194765827934,0.8011569663549473,0.9044924876984299,717.0344631564815
0.0,7.929948687872463,0.9003980186442269,313.1586720704722
16.199066061122053,7.64794884612183,0.9353202916939154,438.75753740816816
35.570156407538484,8.152024442429552,0.8059882658531492,503.6895457817205
38.145529068823095,1.769216895124557,0.8433385487164828,547.7932706349671
27.89582522535555,1.319115139407122,0.7578218988072273,480.63285725217145
32.21608657311942,7.726999538402049,0.8812240690480184,649.7415864617399
18.263773779763433,5.965098136240226,0.8853307474584007,956.8847407992938
10.086263756716344,3.646096612487498,0.9274047306079017,346.30806526073036
12.562372027839258,7.443289246843126,0.7565720979476028,968.4169644442359
14.069900292895335,1.935262890465438,0.7210758770537127,861.4663549964787
10.240436516910949,0.8067594366086209,0.8084375732668895,652.4480741713985
0.0,0.06729135584938166,0.826451708687121,358.4628821478236
0.0,2.743148619815426,0.8854366159876617,360.2712845097168
38.60121517030015,9.288775318710561,0.8898079873624687,305.6096790719728
0.0,6.140135776762005,0.8570591463793283,108.75425127487117
18.241267634155907,4.813010271530122,0.7739261400137258,608.1489843738691
15.626770130365577,3.098571395062468,0.7981929409956418,514.3774304369183
32.47587159409693,9.185232286536328,0.8591356290087813,668.6173256467063
38.594430606051446,3.4889119682152607,0.9126309275187625,272.1070570092531
29.839820031679434,2.5823411059563446,0.8236645383202461,180.64275720538205
36.337361524851595,1.7144664424101081,0.7542149976918724,672.2005249812903
0.0,0.8933260413442381,0.8825965625989888,304.0264439289721
32.223720631029195,4.923843017100351,0.7894183756146328,662.9235413157359
0.0,5.261597891062631,0.8589232540366901,99.16017947407329
9.595752355518652,6.953912253837045,0.9270634631050492,246.96542907865813
22.92234141620613,8.396557659072643,0.8997982572023732,193.97776879046944
38.47513517943039,3.7646638001697217,0.7953713152741665,815.7162525771989
34.18707297225266,7.461912367668802,0.9365854155797806,119.60858761277873
3.6555820185386723,3.2792101540422363,0.8075452351669758,214.26399500782173
23.688950665548724,2.3955373255648986,0.8815345852082668,951.9849882222472
23.830756875197828,3.3517522511040356,0.7648654726983012,344.3893287335011
29.374401017466134,6.28577327631673,0.8522196484537041,94.55201431142268
0.0,0.6266414609652184,0.9088426206008409,268.9472405336386
13.923322803341044,7.109217676637647,0.8377660388201802,250.7119282287352
33.77153435668028,8.91636291010518,0.8600524921856212,253.53621399944018
35.32530627008459,1.0658935743520614,0.8916855452974466,825.4044121017512
26.371999480937664,2.0732509808026576,0.786126267488319,786.6773175444835
12.593233107004368,2.747511532438082,0.8090233352277062,876.1974213305459
35.11515183845406,2.64496380075728,0.9291641083400195,642.9063359578639
39.94261946889929,2.8770911790295868,0.916373854017842,270.1189568455339
22.375756267569177,7.69338075162374,0.8267206453717452,575.5680318530293
29.26395201420868,6.385654286361575,0.8386282811592791,750.3382150176476
8.919948613894485,8.453660807692325,0.7041870629121763,159.3808106419673
0.0,8.511488805381036,0.7435192721756283,275.0174052038083
31.390046938660333,4.835321027692425,0.7065216033438231,990.9534656850182
2.3892509089603013,3.5126024853415587,0.8994320111898997,562.4237266824911
0.0,2.4757731737241837,0.8495283449184212,520.8852550931535
20.875567237644255,4.783156972801241,0.772365609043488,861.3789154875351
12.225449471206979,2.881534260913695,0.8903344281612,462.66867188841337
16.61046454845284,8.838685156240802,0.8303629140171237,376.67224668292965
39.48955698921362,6.136352495834703,0.8994491204901731,57.54422585668614
31.097454028224885,8.549049837654373,0.7769734008244962,385.31351930602
13.969712278728151,2.8380689091777676,0.7283235693749465,479.38678033484985
14.02064422959546,2.3116012805310224,0.8055273159226195,230.57082770439806
21.73998393485578,1.3651517999527976,0.8759171232685401,834.6409979256471
35.72259973349057,6.702913477860547,0.8661609165611471,699.6585470050079
0.0,2.383296599219868,0.9392883671957195,878.5988075929224
23.07273960931187,2.604103652885246,0.8723901450447267,387.7087275526194
3.6301721235887023,8.265481673974367,0.9120125436527,895.4902051007632
33.2723511114189,4.2970635233118655,0.9259421861347312,106.6013398055209
19.60060037861412,0.9181519677441167,0.9457587714021489,53.090025576528426
16.214443609766935,9.736529846019094,0.7192572041141887,258.70944025089267
23.26936985982549,9.06937933007704,0.8116178578311859,738.9949670912862
10.766976533418186,8.61722775503652,0.9495236070813221,941.4599331787972
35.7823626431222,9.47233201456327,0.7291037811411235,522.9928516043623
2.378230141564132,6.359840612876252,0.8221912533131457,484.838160329871
35.98546434943964,8.970451481510933,0.7258698751112141,988.0522279285541
19.730103011407692,2.630541063195197,0.8756254082869838,486.39762297718397
18.770092487432837,8.264174090522603,0.8414614519807846,712.4549442447551
0.7042280798454809,7.659045554847221,0.8058391804953655,558.7030105972281
23.671823983866467,0.3405653050354334,0.9053971043257973,664.8339774468128
24.18684268766241,2.2684600705916442,0.9288475660183988,186.61370226623887
24.130328992944573,1.1844763343074716,0.8422631543652346,366.04944535809454
32.88211550240469,3.9419899051445344,0.8286734569944917,145.20304713844197
24.237030088206385,5.75181040074671,0.9311051278728926,335.27627961942176
34.82119888216273,8.404238478485048,0.7925452455501463,631.1260335773734
1.433109927086195,8.099182074527581,0.918424376746037,105.41945701960944
38.196304754737,9.246982979357803,0.9454226643926765,205.93695429561058
4.29505070199483,1.0341250843234475,0.8042452707890954,353.9739151933268
39.67810531506168,5.908676335165545,0.8329043417741675,433.1450645210953
3.355101415559928,0.9059209360793059,0.928414605226072,636.3116184566279
22.517716478788955,2.465043352461532,0.8296313017218944,460.6172660140623
27.38760554106899,8.264923169337548,0.7756996841563092,943.1899595892389
37.69134506848182,1.7644932145428025,0.8580496844956013,188.00064545930948
14.9486003835966,4.120188979382975,0.8395154974222834,969.6527564113395
32.15906574091051,1.4387213199180042,0.9450616437214621,571.0269227548695
22.857075086530703,7.985489223733938,0.9337085055995593,664.7434202519961
21.085095927997795,2.6087040286552843,0.7822522176571693,699.5049185968131
0.0,2.835605475338351,0.7622606019349674,870.1632065092382
15.966202049030224,5.749431550285329,0.8787371560535094,417.45784631757476
29.01173155198989,7.96810417987096,0.8243361391417405,408.8391185787166
25.632243707693444,4.7345821035054305,0.9285572621961243,868.1157004514397
34.340596787876216,7.212285948475511,0.7860541111516194,221.22287331127052
29.084608446204165,2.735154209487334,0.7686210635816482,431.4405004822077
19.174427596916612,6.436262285955241,0.8202591044180948,632.6545743712217
6.379515410486513,2.125631180959452,0.9246747764061847,969.1567954896734
30.195070571316283,5.501453035501544,0.8627490825197445,477.2595383671761
25.859340903364888,0.913583943550332,0.9266941449145818,524.2583698566152
5.62550552021205,8.979679330052544,0.8176293268298943,405.4468123622798
35.3037337263818,3.7504717244785333,0.8013356167857949,270.7196284623395
0.0,2.2917982013098173,0.851650369391676,549.2180478304041
24.635113685614723,0.8193525545503852,0.7594805201641335,413.84840909372946
37.0671626929051,7.753269814001097,0.8818123526281315,716.2712261116345
22.778318373976955,8.965652335432361,0.7829763325948453,288.1317366189102
35.44995686262115,5.775232727904867,0.9316864882778113,812.070773243912
12.205236061893219,6.81962019658717,0.813133857086578,51.94642122708764
5.8338614844248164,8.10029677646415,0.7304018901092981,999.3210457482905
18.834992770479236,5.331283272924748,0.8268413569847497,56.14302016949935
16.35407885052511,2.4084282909595256,0.7732986208708488,627.7398221449901
15.506425110053163,5.46157022332492,0.845118031984127,321.6426107479634
36.030450583480444,7.1611965678285365,0.7645395566801467,807.1257162137573
0.41735180929923027,4.626429124116135,0.9171374067356218,310.2211933756648
27.54222918312784,4.121535014803703,0.7149835856871256,49.78383820589233
30.78341863175915,2.3034063748377216,0.8535748005253305,387.2429813271173
4.204641307981802,4.0648238190356265,0.9299810760655218,821.3361457168348
29.961734699899328,2.1278580738424924,0.8567919488456601,527.6511625551268
11.132424842867781,8.665145048808652,0.9424718690608872,793.8681495073536
33.21597222173796,3.3366344082934707,0.8595416520562882,53.22928873784605
32.36867583956007,6.602580404657267,0.8935839010206474,755.2784268179688
26.425480106889392,1.5415787544005906,0.7314235637511075,951.1514345591731
28.302877531540904,2.487905399700571,0.7857888037091445,765.383041987543
34.362115325174905,6.148719880984834,0.7573128061568875,423.0675445419844
1.3321898328009378,0.21596630627949703,0.8504388205826767,125.7032089671145
10.323402416530554,0.18456692167391614,0.8534480697943277,735.8714031071281
17.95285570559109,9.84559112805232,0.7683071243177231,617.3372198379857
11.248997231944612,3.8037920266149774,0.7701308216052646,554.1183061478429
0.0,9.33014044728835,0.9128778461526256,411.2672981928818
12.553900705174943,3.539475675690789,0.7475755611845217,261.3263754814833
11.445780142082837,6.552688950302779,0.9121006194959965,578.8450203218116
0.0,9.934555989890692,0.7642293638041783,816.3632028287896
0.0,6.026026346075426,0.7839002744300534,953.904614285624
0.0,1.7942558915342148,0.8418629648541638,221.06293616794346
22.007285370613854,2.5075251225434627,0.8871950071205204,976.6983573145874
2.204472259988152,9.413148194861092,0.8523360484798299,839.2109181461268
4.041118769404888,1.7380587279070105,0.9219667142130955,741.9472394022428
0.0,3.009183564904153,0.8662989245364263,91.91486816070179
17.600522906108388,9.410546797867028,0.7181984293560725,693.2979589889137
3.95280472429772,1.3271773533812505,0.8417317207121506,929.2847773468478
8.049778466392516,3.544717832527507,0.872628569304156,172.68649276267442
10.730123445442954,2.62852642291819,0.7184510239272888,857.6102357864055
21.556697110528376,6.340645629025363,0.7897830162711088,560.0509014158987
31.855652499564005,4.51267407620261,0.8091298672521027,412.8930099153319
31.943837447431108,3.027043055219692,0.8292405969452153,941.2436807499037
16.599268309097855,6.969974019974831,0.854453175743742,282.8528863610977
33.21614415502394,6.230718460671872,0.7148927974019013,725.1923060631622
10.618686304833442,9.910978398962495,0.7396953837333813,476.3421683071118
9.406905542219812,7.832974411578676,0.7000638730822517,368.8662234675903
12.599701759713199,5.683764623859121,0.744748085061816,342.54769452793704
2.5338872594930035,9.457548474950118,0.9389417003861782,309.35602860165676
38.12396925459671,1.7384639831270263,0.9146825528831832,450.5051073095656
15.668899134343722,9.608199978835298,0.8161470036663454,829.4110877729854
25.819912521055127,1.7724198472883748,0.7848743703020249,391.28864890096105
22.975129939230193,8.038534807629578,0.7012028969316675,919.8823419220154
19.240868046143852,8.976132279912635,0.8628852669464634,224.46570640509717
34.3952595222566,2.111933753502594,0.7409648158870978,240.6224671875534
12.469560702002624,2.445358233838018,0.8126905256449407,436.1463268922861
3.54172251065623,2.798170123048095,0.7468818752780043,953.6611776217522
24.680957270035993,3.1051969137364654,0.945367578196467,689.9716058185078
24.070523396264548,5.0941318238842594,0.9203659770563507,789.5329865139415
32.24644185951646,5.457257823729487,0.8719302697678579,513.6504292129194
21.431006734163798,0.12784363905418633,0.8448963017412614,908.7862037219153
17.338784113495432,5.1993093013468155,0.8453541691389236,83.3849359615431
23.263744368113134,2.470329032918355,0.8658143168471566,682.5115371453651
15.488205185945093,4.089921397104301,0.8289091055709972,486.29063664415963
38.17998790503714,8.650822174724386,0.7197976530499921,241.86606382159457
12.29908600394591,4.083216882987944,0.7066791044337,150.99656535356348
17.829169577827805,2.124441183643889,0.9225940078504654,56.040515898147234
25.47222425775884,5.768425185660371,0.8020101686863488,531.1900747838878
38.75572335851621,5.579956924810554,0.7023952667119878,660.5114553331864
28.589097424442752,0.18271909030898206,0.7057336211529718,184.38805571190443
23.597953429132332,7.373300850613293,0.8431690910574468,945.3170534622901
7.139322230394294,7.173613824971342,0.8011867393164364,247.4110967916472
5.650283079638358,4.85760500515794,0.8076834799600959,516.166886519556
21.50459623940612,7.308022871011399,0.8532686303051179,262.80150186824085
17.021488123863588,9.068100482671563,0.9258416070624247,227.02848229924916
34.19976861807789,6.0897832384369135,0.9382883031844584,532.7880483349833
23.606075481675,5.430205803022546,0.8363602077541885,932.2912992504744
4.675533839209013,0.039982898148251275,0.8587734525421546,978.739422654465
4.348787487781294,2.8089678423395896,0.7935352643206423,549.44209091766
37.156791481077924,7.654428457187006,0.7820721107427309,148.87976940564172
29.29531055146819,5.509014086622844,0.9419357886149552,994.6994659705742
3.0265424154299545,5.164892840550988,0.8410355878376741,728.913043403716
32.538863184910454,8.48827597731409,0.8254742389593501,213.93065589714016
27.550650919884497,4.615462223460271,0.8480805124031043,355.08461995106353
5.878829981617296,6.694844338062377,0.8138797960863242,470.73672049354633
37.814137538745946,4.201393826707863,0.7797763107729442,221.6470179277478
22.251446139071685,4.402962417177888,0.7693488882841689,845.5953032625725
14.250178899866478,9.417343136826913,0.8865130034330898,307.051063226088
24.726697438966173,9.712264688332448,0.7103616073860752,964.6676765971449
25.68135178839717,6.051663220016338,0.9227063413175316,628.2886799531125
21.05791331163257,1.5355639730984043,0.7153300132062943,955.9103624560286
14.114830656191323,0.24045258603751932,0.9333690772148238,741.2084907883929
32.5612848212775,7.77461099565705,0.9077829154959351,462.36700965989326
0.0,4.078189564604801,0.7621969918790544,831.1814033657395
22.598413796747767,6.261709226408021,0.817794953120782,599.4280727357949
7.556966915860688,2.7794020835150564,0.8821618698196589,225.43184737735342
35.798539765450414,7.573924651695538,0.7840730044320754,727.7964815557939
30.37276701839864,1.0557702694830362,0.8705786959831614,724.0079499806737
2.8951261608784558,6.677303474717012,0.7755129236608919,533.333361990955
4.065978200978272,2.0992932172711734,0.7251234752753131,417.66182488791145
0.0,7.295481449216717,0.8889981137324011,834.0961991856535
33.505872185998975,7.325747507222884,0.8343959342770002,357.97432289949694
0.5134750849837,4.522783165837576,0.7552688012406925,708.2698603782954
6.865414259268447,8.571088545846633,0.7614943209869984,516.8908658608148
7.066415658843257,4.472814639573584,0.9394682136368716,938.2950954418543
20.55419910204527,2.301551669607503,0.7546478987484706,668.7110618201864
8.868249845477958,7.9999587790988995,0.8393773899344392,235.18417802167454
28.632334325290067,3.8111639045512176,0.8143106966372016,943.6156305584828
16.727132303063023,5.15547915426969,0.7313224833182955,200.60633352557466
18.481225916945863,1.811596208900776,0.7202336065125055,574.6048958077191
37.19721449475973,8.483329796972322,0.749799826713217,612.3368266362443
31.06748723501048,8.299264284532184,0.8803610923170724,870.8133389926431
13.502180487015028,4.317886169626942,0.8208052146607873,108.14812414993523
1.2802751696937724,1.0647362445490942,0.893421688922803,613.2083959961487
35.285475902755245,9.257439315190016,0.8843337619555649,498.39867554709724
22.24222715711512,1.451627454801059,0.722117224903777,330.7618252787015
35.06640565079895,1.791379277147256,0.8281449539482938,969.6208134405165
9.01894758853318,4.1510704766869635,0.8270319691945255,53.222467763748824
20.49929218466622,5.388794391744673,0.9288596870176093,507.60253324173266
39.77074675327937,1.8342873033872464,0.8047365585263994,321.0134794412431
31.15837307770382,5.944747075848348,0.8249886059824516,431.31487739758643
18.291423404449937,4.375063201129483,0.8022668815199707,448.00835597925163
13.417446640164778,0.19827699244668287,0.8664817022279316,510.6866934217845
35.067086926683324,3.5448159973227145,0.892257755141257,826.3642986984803
11.585469522478071,4.072756104626047,0.8407806607293759,338.5905157781443
29.12762917233029,2.9187125341358264,0.7418712657653551,718.9612502837056
8.853741771489187,8.465615710602682,0.7783416574024896,595.3013012618917
24.33751157670041,1.3893547272581326,0.793385467855725,299.95498800171055
2.404130829975122,0.5839220278447211,0.9024267307360565,367.19464146863834
2.4559701376459233,0.2850925930180448,0.7279410310770138,825.2268771612297
13.30132777802893,5.256292918771203,0.7062738137688271,981.5914978204872
0.39979760550593935,4.507525538697347,0.8410003164894708,295.278366970417
6.674497473632635,0.6931409452915746,0.8118705014421985,539.450451191446
21.094760368125993,7.190134431689429,0.8488145220040488,778.2384583735927
5.205237289918264,6.024981545421824,0.9268339516166723,786.1161601550829
23.718815612649543,6.3968518539040815,0.7754420753377022,625.7569593467329
25.154753871830223,2.2862277683740686,0.7848372743517024,940.5883784901108
2.6997902314816153,3.1206604407652017,0.9126486292546964,362.9083973704652
2.9277412496299045,2.54919565967266,0.9469376873852332,321.7302441760324
6.558309496846099,4.63780060552568,0.7806312529224577,376.05221344487086
38.197628764881955,7.315929937035893,0.8713500255011868,232.9260242164247
32.74556708128201,6.6069092677502415,0.7569732350829119,796.2255235435784
31.45086316636829,3.697724890478039,0.7584304805934705,180.69466685167697
9.400161576829687,2.644534949260457,0.8005407763500803,106.16356061518772
22.424400766420288,9.328885817169896,0.8198423067484302,922.0782615640193
15.122187738418528,6.518698020289497,0.9028166805189433,706.962468355906
17.318127630091237,4.742150415249701,0.7090411889919909,305.3605454727792
28.828725003812426,5.864048301715348,0.8521184151267633,371.20356681417945
1.626107250074654,5.286229155668584,0.8028592359511877,111.75671160772801
23.68454581536886,7.478420489396973,0.7088893988773147,611.9585000610642
4.717602081341226,7.048716571876974,0.72438240196676,139.4469191791829
34.209263526949066,1.8480444469564157,0.8593873013629726,44.056674211009614
3.4596063417523863,0.2200130668065184,0.7572424937604835,700.8835744548048
8.113416759456392,6.747679101287278,0.8861021153330465,775.4882086766141
0.0,9.120842790288334,0.8893902840609602,959.1970683997015
18.86043431024886,8.031136690355455,0.8223958967584115,821.4887555845311
20.53155546486686,4.455272909479759,0.7655776423580223,930.3084358991568
9.742214607678969,2.840815490017786,0.9262010918399037,561.8282640848497
11.844601009239913,7.153044610436586,0.8255447206762843,624.8051658966617
8.484219870161047,7.96162539409912,0.8101180084352543,468.0845195129007
8.559628375314333,9.643462725068506,0.7046437895902422,71.77552032474189
3.1016386326210372,3.3098549358414235,0.8617521489818458,50.82487381480412
7.4394364257449395,5.574595763021186,0.9133214118086193,642.0026224651846
17.764024669777307,8.99435998406516,0.7036225728026189,917.5169306782252
36.84364565208381,6.317412860782429,0.7878767450838905,955.6878062187172
1.4859555778375084,4.377258681646676,0.8889949368119815,942.6715638558775
20.66980517695212,8.804459014095634,0.756236512760226,165.2175899931953
0.0,9.321483184775087,0.7252486567161955,478.69826921778554
32.26250833755603,6.816520635739513,0.7326737175837389,86.16653362706309
32.437863126001886,1.6750585647065759,0.9281644753388273,730.1483398647839
3.7971281741476868,3.726192770244,0.7614298133589179,247.48655709193406
37.801793756504146,1.8847438742560771,0.8001652603567388,547.9044997432999
32.53481180515671,2.5939522887621718,0.7639469838360395,321.4548148549436
16.286929761089745,0.18837895072216435,0.7672504344768891,818.3836140558878
0.0,8.557365528118076,0.8502313913078682,644.8448175700403
0.0,0.529311990720418,0.7374405595978748,574.7494642496731
13.737317014500894,5.6449012665078016,0.743966668957223,212.5366144398348
24.23716330891668,0.2669050671186988,0.8045846373545492,358.29479212560364
17.694502299375536,6.071726829709942,0.729153245345161,704.3351567570185
20.19175724961587,0.4498934693569355,0.7764730526001551,446.02337403699033
0.0,8.449570951761903,0.7732609866603063,775.5653133967287
16.165393918656655,1.3595060152957659,0.769063463294942,587.9151572622973
25.364694274625506,1.5906085996045445,0.9163162991942692,452.1915075233188
2.6697215571465613,0.37823028696725,0.8734612304945598,119.58172485723705
29.584993831340316,9.63848036078178,0.8258678477664818,642.6385422100423
21.488259644749586,7.936425689695133,0.9278304190742108,760.29491979925
35.35658049453638,4.533099595595621,0.761624227258381,897.7664917794503
24.269082029801073,9.21395376050497,0.7257734924870325,106.01671610391224
11.585047496710407,7.422222367320517,0.7381652870388068,951.490916711962
0.0,1.7035874933931963,0.7011211222754127,613.0988510880566
23.83664045310381,8.20072173059714,0.8464863854783473,111.63198292512558
28.60154353058144,7.468295078627608,0.9388355934779057,242.76946989735717
0.0,9.535826322213845,0.8379158869089454,363.2516733327952
17.705082212796476,1.261583247456776,0.8343889997835812,679.2640905050376
2.8358168116202993,5.615832526235019,0.895256722582909,312.7725181715468
32.475903121959355,3.9904219046727345,0.9013680858712183,493.7211709327197
35.01016526107329,0.36506346154782715,0.7577179569998662,684.4724540826792
0.0,6.0117256219703625,0.9454318176193178,380.5574037464396
4.919501545798242,3.4898174262436257,0.7560684440482676,975.7016553822573
39.532747838375656,0.8680574746305808,0.7034345091830813,346.05575908012054
0.0,8.53130308193283,0.7821438430874186,194.06691812743225
0.7768773270825983,1.6834415630301063,0.7928157320395416,789.2894106251398
6.811161676470612,8.08541115084512,0.7585325080930432,774.2621140069135
23.62267405756662,3.7463010826052634,0.7173773887218657,384.5035845101453
27.126702665539426,2.183734194471753,0.7781454511553567,933.9600778340771
35.247329927003214,5.314722552762529,0.8262492022036978,545.5132280318393
33.673961890303865,8.077901698465977,0.7470352704914246,865.6342835629273
39.17994751768389,9.400981217490743,0.8266634610871055,89.73424553300731
14.37707524533298,7.561218720729049,0.786179625812431,135.50069475512757
17.805886823796232,2.2088144164317565,0.7187551965990351,927.1743001685937
15.668131360981343,9.027599435336796,0.7287324155607054,178.38933937401268
7.214014886992627,9.49776565158937,0.9151097900623953,623.4226914064853
34.714979238944004,0.4781524906846636,0.7355982798783065,715.6543167046984
4.67890211875664,9.040687163416973,0.8875899259017285,512.4693903676124
34.33484925003015,7.640860465184958,0.9269452689169483,81.51543998650328
27.821352133472175,4.658133282619815,0.9218091842599664,717.4139019508409
0.0,9.306378748203297,0.7643896951426218,612.5937989765602
31.35197782174148,8.286264407380603,0.899831704695539,549.2948136145876
18.171985875504586,0.1480317801167719,0.8921033811430439,987.3197556654654
3.5531572237421267,9.957575903252485,0.9089417058222881,121.77182088561217
4.310321192360011,1.3007255200526453,0.9050808700016405,489.98018932668657
0.0,9.296712675338972,0.7018382823236223,430.4213888265966
7.911073979471628,4.04626286999126,0.8036965230800486,829.4059474308475
14.532228367987296,5.374074634405631,0.9045672385825295,626.8120919406149
32.508136268563575,2.9054371167308055,0.7977207093939984,308.5523171754368
21.676846406860253,1.2173281098946351,0.7333107601377202,908.635736744803
14.052054170925961,4.018299455623964,0.7534429922258089,224.84793586639876
22.308818564318685,7.218357846119096,0.7034150848412596,956.0714401895171
35.698805864460475,6.110540872291965,0.7964338457755995,315.423031920585
7.84776912808465,2.9118779986775465,0.7064195260430315,906.0931427448946
0.5523012256634989,8.755945093079763,0.8665832316974746,182.79516823413542
18.01240989545358,8.054510429022374,0.8015641449159686,632.4039533111321
17.828795136310692,9.010822223927832,0.7920047806908496,696.6504561963527
33.41141852766223,8.823882350802782,0.7187759471225937,264.92788361808084
18.06518471410149,3.3565187577694195,0.8205181082000157,744.8473274457285
3.732945562034606,5.848201020609148,0.8388739829359934,312.49245929155285
24.513320743426082,0.6394232488643247,0.7967220853633674,583.8055011965401
9.860279881486635,9.218313249620563,0.7100447870936655,681.1362473105594
15.69798644803658,0.2876558557228955,0.7014280680456982,381.1980988516093
17.25612634774904,7.961110007724716,0.9021687248100437,385.7348358157457
4.324369799240412,1.8073598489602825,0.865735855880252,909.6876673216818
0.0,7.559306315473884,0.8765434212765937,893.541147549175
31.125184402784754,5.930051442415099,0.8259783124111016,757.8013731159693
3.0582026749694977,3.973476579693004,0.8973615627239525,999.4790778234673
17.94603884704946,9.876381461207274,0.9183685307034435,255.58972622830967
3.2005139557532445,4.084567127922345,0.9196955942843761,620.392310516944
15.397812477386008,1.024101537301528,0.7392953510115428,794.7949402731384
4.903272011198197,9.86025166996305,0.8322418225861632,723.8477749907477
3.5741879902359837,7.139982315736088,0.7299778088763688,661.04933513288
38.576326920416385,1.8290049736272695,0.7799625525230399,716.8945346180346
21.11920117533282,3.965230709227382,0.8246983313994624,472.79883347708596
26.761269887480097,8.983955293838735,0.7593693311808093,581.7155484101385
34.18734011641658,8.112937519414766,0.8164987337402516,591.8003826591608
0.0,1.579850636258925,0.779606961431231,56.031039229836566
37.07858769184729,7.482062934564608,0.7897161951742265,264.2815893990615
26.017261553308874,8.882435518261843,0.7991109118210451,588.8577925643748
34.2149224372129,2.452789680764163,0.9441011387777534,883.9124643336003
15.328059658359805,6.3909773401969465,0.8514058899615445,951.4464941288401
4.022810901837681,8.212670305223,0.9167266733987229,869.9103148533343
1.032728092449239,1.873427637991604,0.8228921661078424,242.56188402676347
28.624567370581357,3.9152999517394087,0.9268003003628431,591.932498526317
24.44367063336939,8.13021488526069,0.8505517615329634,92.36194516950178
16.288303781893497,2.2356040442424847,0.7264981037751204,559.531385919482
1.8164121090207201,0.3555247383921276,0.9243287865800495,233.77346889044838
13.778861580001461,5.449952492290954,0.7205093395574764,707.6381730926362
25.60017505170819,7.806965338904126,0.8203139544953633,325.2343786761741
27.466993326559187,9.21931592914289,0.7509449950857771,820.2333849152649
36.350923263812106,5.416838682797711,0.8989643032063116,346.9219271037822
0.0,4.603944014861737,0.8292211898633077,843.5048864039218
27.12160749233958,3.2372505436381784,0.7903629854052278,621.8586954732656
36.82629124563937,0.35443242715956685,0.8941806524753837,518.7242230008403
33.77359048544382,7.3911508487128454,0.7017913577494133,670.680554682807
39.2724894850197,9.260724660757747,0.7151138720788324,54.72258606859434
37.95064808301452,2.2461316049192503,0.8938943514933266,538.5208547615412
39.39155849592868,4.635168089441456,0.8302038387541752,114.33840211053206
24.46664483267745,3.441386143548851,0.9205578596894579,947.2131031656219
3.4429279795070564,9.647351503954152,0.7015678813672013,372.13666969082175
23.819124661638636,0.27831497192206756,0.9134431966694536,508.3677733177551
28.02108788697739,0.2507046799390712,0.8555140416469923,180.11044111622363
19.581834175819104,0.8628234790612996,0.9270926080342392,390.4872681162863
20.561420485660925,6.171084355149657,0.733359712426273,56.668007216026446
37.579622314231685,6.307656418432962,0.819507232565332,169.51104756117763
38.22552471407995,9.420109311355127,0.8124131747686055,275.2318567540754
20.425785974243915,4.295148736150627,0.9040681746356399,234.70844775270223
18.285013945158862,4.100181990011377,0.7395006038398952,476.4387195923944
12.780657986249523,0.9827798541655589,0.8576707751438112,48.69515999197105
30.380521165543854,9.457957700617245,0.8554668402011445,362.0866793029324
6.294352566393471,2.613584215748631,0.8131255444264289,245.6767220293982
32.09260377125782,1.2714428367208708,0.745086431503391,760.5997377488364
0.0,5.678957933873775,0.7185315247225199,788.8309270056068
34.688166885869656,9.714250184563843,0.8372736003930978,853.5181643269216
4.420361567617436,9.559535084117943,0.9457019106215145,664.0044839679011
4.015869732848482,9.161480631590925,0.8714675770222702,757.7397029147063
36.65588152489445,9.496384767981922,0.7447094697183313,914.8840425344472
26.37155888987711,9.921132882245667,0.9127682101982343,898.0755586979692
22.617736791020825,4.826049982413103,0.8940144241613699,598.4857544731976
31.80384868740391,2.3315880277538326,0.7345359471936814,844.1990787272694
0.0,3.024453616564219,0.886895484022236,649.9038141784304
10.070964862488465,6.599678149971026,0.9401031407433674,944.5367599773547
0.34049900532905836,2.3381324485393606,0.8615882207773173,653.7172931186751
24.904996803655468,5.185477299899874,0.8903510963871026,318.5222429232267
15.67377626321139,3.901301716137124,0.7565555562129704,379.4411539318804
13.32079546684354,4.76754784268261,0.7637654220426607,490.21161463045786
23.228046921801496,1.9772635087180428,0.8441427109770487,305.91666528821713
12.321244689384912,5.841091589915554,0.7333753014533622,974.848188770104
6.924852484012954,1.8899813296692056,0.7332523945580444,96.6762652457854
5.773214323793695,2.75313654374437,0.8167296472404693,788.4876925029264
12.20884247905527,1.6269588683133882,0.8274537008753458,179.0239790788483
35.773342414664185,2.635142229525264,0.9324688348416761,222.43819579751
9.780663216550213,6.310208373107389,0.8136898918874278,87.36766159253054
1.4450121382389816,5.386092176097034,0.948244479545728,728.5497828796489
2.9678063461128454,6.302647838824628,0.901533209025917,650.3487245929755
24.949402355616957,0.7828106225968522,0.8754217687316403,684.9857114709451
0.4108572323782784,3.078700315286693,0.7928314596311231,690.4077720508284
29.521626481488955,3.345695379668328,0.9438237795475682,591.8590567994214
31.78414392195559,6.86483520197951,0.8267255661493172,456.22566743731875
21.45741328200384,6.767640693752201,0.8708831985391683,467.45033195665815
39.679126426915325,7.408998923890543,0.7803549240918891,744.2559782277116
23.220156062520882,2.983597414174068,0.9178846863737531,42.331445802306966
16.143134162868414,4.350428763812986,0.8422478486902604,132.07867246011108
11.156575422991196,0.023887343805802697,0.7453818133486055,254.22944520423852
16.799194482208105,3.4808096024305635,0.9058251902009784,333.50345474568115
6.003450178392521,7.2445366650728715,0.7238864688676958,654.0339328726227
15.997537450248538,1.9825688542322035,0.9259416812292742,304.97336820614635
14.922100323124512,6.227569036022943,0.7751613888503672,745.6032035255671
3.466124013161947,2.4589539596645302,0.803011514183771,145.1032047529461
27.274881310968542,9.510699919685322,0.8675859716391073,170.9402158504903
37.02487838866811,7.404443534322395,0.8120583741091976,806.0719648159852
0.6368726365265619,9.372917655099615,0.7287804416483992,318.15257793943465
30.379163908293368,4.71887620036184,0.7150505797452078,731.7041515496298
0.0,6.7947136743335514,0.7175024316960859,273.8581487520643
33.41869132800182,9.554880649967789,0.7249292666169581,756.102701964356
39.4054039582455,9.864207622177734,0.8265134713220184,243.70878611998523
25.76097615044529,2.1545296804883898,0.7771501418207627,283.7463509695166
0.0,1.3008212190956219,0.9247258364046919,670.1736862624298
0.7383745177329133,7.010552090436341,0.7558934103458659,548.9121965460222
35.5179958263808,3.0587352251584754,0.7370096597563017,112.47837491119547
25.41003337793315,9.280145034209399,0.7125083590379117,666.4533663505292
37.1237436667068,2.672548372405832,0.7147889937058406,118.73415378695917
27.831538872731226,1.121416879554178,0.7439077821480127,703.221821921971
5.612694418223008,3.9469961198643597,0.9166172100693563,881.7591741783281
23.437955674676225,2.8165524614368325,0.814053443848633,504.1364697621902
21.368402342193495,6.592734579871355,0.9240425547173419,615.5221457497877
9.54913805285774,3.732511101382938,0.7002470900481716,896.7297822893237
6.747910968438836,6.727518990616952,0.7761976915338835,517.8004538794863
19.966835081025366,0.8721916107062293,0.9466951382294235,473.9134513923728
36.16188547619272,8.10464021448999,0.8828170062236342,116.30669524675699
12.826010262215023,7.822693106573387,0.8771171784116413,522.2237398540966
22.612488523511693,1.8044585134000335,0.8416967522478322,171.81544254332806
9.682742031547024,2.5236330704297303,0.7416146209925498,618.0176566716734
38.790895431580964,5.733161349095124,0.8013719351157605,81.17003116974146
21.345128599575094,6.020584601385647,0.8547349577518365,888.0537292130255
0.0,1.8094078143187842,0.8361276793457005,41.681599146375135
16.80816382504223,7.942467134930042,0.8002363526824471,886.729245881741
14.061059622746216,3.5590696141641995,0.8496791793021184,705.1622939947652
25.694993195086553,4.363949671870347,0.7755731282073933,595.9274892601651
15.3873143658217,2.6105357968997485,0.9205466884094339,800.6776024255811
19.354639811225102,8.487770026206036,0.7189104449958502,412.93654027814375
0.0,2.150753599449812,0.792874799486199,743.6010729186038
34.53171795331584,2.1575734055546296,0.7248756403196293,704.426349601057
8.324434440341621,3.884081823713601,0.9446922089933008,413.7403275747115
0.0,1.633859796142246,0.7667241381102059,157.8494591826746
4.754079126505003,1.2234879324192547,0.7978221327624627,376.32674177986485
3.4580859901569947,0.1666554700884776,0.7703505692434052,895.6572225107956
20.248298856211417,8.24508772237832,0.8587612628523164,208.87995067121858
0.0,6.185034623448477,0.9006265400016723,893.9393407097584
33.59918501303368,7.044901493041346,0.8545754302467035,612.0077273608285
24.462769904046137,2.468129854725043,0.7839458122437093,416.81540397319156
30.57313801912483,0.19721943576943915,0.7836227671324301,360.65801652375507
11.891359547707614,1.232839740875766,0.7563399642635573,157.03505868592208
38.67701679545168,3.6090779627646814,0.7809443633886924,425.7206459681761
0.2582723615474692,6.939129869062336,0.7253321041361911,878.3472550583735
21.77527832309458,5.204603141396355,0.7086459328728494,649.1921355655306
33.3297604809525,5.612641776875569,0.8685507021396633,501.5507658217584
32.89371834208477,6.047999762797822,0.7791660142873643,936.8229727973184
0.0,3.2970229091581373,0.8082773125792481,430.7721525320702
39.543870472094994,4.0634446193762646,0.779306657946854,937.6483978892958
35.07909820833794,8.348513283484289,0.8199105427776947,580.5364574808937
6.013368323731705,6.712418500623822,0.760863906709558,803.1004437289175
32.344399956432305,3.1857116506785945,0.7213190929422154,419.85677745981315
6.872943434039206,7.311296162490681,0.7912064708153574,523.4926790895087
14.58509534320929,9.87111678687724,0.7530129001877901,677.7273664735176
37.97500948896697,1.4535046430584093,0.94431838573939,319.3762943221202
34.771871448286525,1.1598866458200894,0.8292392691882017,619.692104025326
19.583703844730724,1.8171327295107298,0.7813917515281925,314.36110794501747
2.009641533786853,1.1068858685915262,0.8708526091302488,904.1784645231535
1.8722392510050805,9.578713954881472,0.8449210445169358,138.15485804988316
18.01815708494869,4.520845976733499,0.9462539872705026,172.50806754760697
36.9723157404186,5.596551831612724,0.7427484583852593,392.64134499326127
35.683151585222355,0.6543629461991627,0.7331310013200938,54.4141276564347
17.366556501960535,8.372368794959675,0.8377293549374788,953.8249131227573
22.360583819041672,2.7552965062392154,0.9092015718460272,572.9483875882906
0.0,3.2271367274069593,0.8076740050669056,667.1920015076214
21.434445597575497,9.375428887027072,0.8360919329377355,389.32912348055413
22.41708237691665,8.649607634574872,0.911947519782846,178.10545166097626
4.85929904600053,3.22358492371243,0.8136791663800498,475.72496788742933
33.869762432727335,0.1372520101926273,0.8468287019466505,875.9699082831896
39.65587833993129,5.61567469027661,0.725271817514682,556.0338753538551
12.589162104835388,4.567368592969072,0.8659782901957389,974.109788750252
27.347784284124423,0.8584134357148802,0.8691507863589498,889.882385100752
15.619613809011298,6.3423876292507995,0.8212038054940973,885.7846344200975
18.81081022950433,7.759669900324293,0.7832648466170083,76.31123898004468
0.0,8.940328647933427,0.9274905328088778,648.7673613423667
8.388020176032004,6.528057468404718,0.933968566076947,316.235065452752
18.44401141153808,7.207749737360437,0.855333371909845,412.3641731960817
2.9237135376036405,8.866793033076553,0.8917857486884349,461.4543564931488
30.238154473885565,5.889880023273738,0.7755757151151157,423.7108596035073
39.25548610171224,8.275164803301966,0.8184092065162563,649.096516596695
24.274497665205953,9.697026081365907,0.8192266968281733,702.0026022186361
5.773353796123326,3.700859074187222,0.7854149497635188,472.9570426568249
8.36040921866378,7.561287448846061,0.9151736097430351,151.5157769987542
22.040227079822085,0.32750473512525785,0.8967977387086029,803.4297083680186
39.36740714558119,3.671653279277813,0.8686164361214558,182.13815905183455
1.2760569221054288,7.397582083032173,0.7571713243399847,610.7535308482032
25.91837438178501,9.482491013773423,0.8963045558312387,682.0363766324588
6.104389997659459,5.058698517431486,0.817744937380116,973.7005691684428
28.30491323728025,5.591300647492667,0.7615548246420139,407.67847861767973
37.17780589450704,9.201990592393404,0.7295012741455543,413.4084178456302
13.63626720843458,1.9436419920361396,0.9091161501691847,475.64875528184257
7.404067560217486,0.021351102584906682,0.943008813950681,566.5902044663408
9.549283645232185,6.4606770647259975,0.7631967068458512,547.705952443244
22.38887780634723,3.486005032026334,0.8783145359114104,219.0004223341209
34.87915458516604,9.665270330055078,0.9106612904227489,457.36549677638743
0.0,0.13522022807135542,0.8095692466095055,99.55172618217136
3.425506907344361,7.725683975847984,0.7766404591924939,895.4511124593827
19.48222634929198,0.5788427333894771,0.7899043286183606,718.1816112048695
32.42528475689929,9.018058107448786,0.8713227289268123,54.476748642549744
25.558668415648956,0.16710913160817994,0.723210399368087,552.6322811447882
0.0,6.254524200941919,0.8516570854755511,393.8077390420944
13.900512560415512,5.5284485402455115,0.7651716113505489,912.4284968495743
5.751662892253575,5.08724050916706,0.9352300910775354,188.90095841046102
0.0,8.278052474314338,0.8838495863798475,106.25636045217004
0.0,7.2387816801564835,0.7144044774119165,819.1331022588522
15.390643852299517,8.965162548089454,0.8327733788282099,933.2232514222337
18.87792670644283,5.984885233696617,0.7624469881229663,71.02397983459944
37.59479712831807,3.49272910396182,0.9375171921014158,818.0959464976833
26.137099503110473,3.350161081270889,0.8881048884262155,345.8783390170688
31.192197812241993,0.4413181170621485,0.7139796589550116,82.65923674937272
39.81020704559307,2.902101706268874,0.7164033860071523,384.05768292095536
37.89317779257599,9.619621103121911,0.8020447063370659,764.7795008126442
18.673029578542018,3.6511556038410546,0.9263119672986828,434.24188429322453
3.4664466810307997,7.345096671806332,0.7594064875509345,242.06632121775115
3.275298153723309,6.167533859365983,0.893448238311821,174.03796740829472
9.641962189602143,5.065374158752085,0.9383154276613503,340.91629877804854
7.5686663677746076,5.145028869775293,0.9147710008120467,204.47176651807058
36.879571768896504,2.3602201521744672,0.8606569099047319,442.33525080682864
34.04858422977899,6.134873051191546,0.7152478197316566,668.8492700471608
25.037505663063975,6.1029761530632145,0.8298568680752699,753.8827199363607
10.198800301539638,4.550713920782188,0.7615028459821186,180.60098949861938
33.42635796215464,5.054076495944038,0.7980977236992147,300.501603002705
26.508852852101345,6.685602748938021,0.7840408968446758,610.5343993950578
9.789371814256748,5.01931861316737,0.8667884978000456,947.8591607378946
35.665439980259364,4.654969980580093,0.7014713269552296,929.8793471109146
33.95921328088893,7.059589803236142,0.7694647731279453,450.3682321938234
8.738374359624299,2.0211573953639275,0.9493060217043325,530.603597180768
38.05746580566123,3.5059398124266576,0.9165567059051558,917.9135920207498
33.34917079510319,8.601119286607895,0.873807330952587,785.4538738650149
6.87391543254001,9.012244247258051,0.822920792863617,357.42626091834563
29.038087753457976,1.674217149614243,0.8372887167447687,194.19257323940343
38.271794730766686,5.387691900518934,0.7333491996570496,538.6409616249329
5.841074319835007,1.0381951838831045,0.7682339682216351,965.1854913118877
10.506299782717084,7.196929106308388,0.835773086337149,290.4398120441722
0.0,0.821192895341083,0.719878318348277,744.1265333026932
33.242670858391044,4.749094181676591,0.7777035070345555,178.71027111393605
0.0,6.8078034482405565,0.9419371925321011,161.43467073286996
15.766610160162253,6.165047177327142,0.8299654987942662,138.892155991937
0.0,8.52823103335392,0.9225117939754823,780.9149010693839
7.765737842428215,8.058456692106278,0.7557150772316764,980.3486140496674
29.76358491171898,7.510795293294109,0.9362786975324408,949.3682665635864
26.488460130424173,1.5216398545300778,0.7005956398495077,122.52602409738384
4.120292209763555,8.644836495576605,0.8389836191378284,762.9742155200835
10.039779536335455,0.2319930630957253,0.7773366096888672,76.09824043104001
27.006018884749047,3.213536720076274,0.9188692351635871,843.0706909718472
36.58087008214486,8.443819469193762,0.8210455294791843,821.3426977708895
33.36544241026853,4.276186539758358,0.7182389206685028,582.8827095158091
1.6758633325305696,1.974234592084572,0.7031041124193658,939.6238977492485
7.4354471061845,0.6093324527277884,0.7605689719730448,745.8053731158291
0.31974774432060327,0.048270889660856464,0.748104688522001,903.2639383761555
3.285313011528351,5.82558707343934,0.8666171780839063,324.5568074351961
0.20853090925521778,8.87322515552645,0.7468273188826169,104.58201015730637
27.803066064160372,8.786425812924117,0.9219945780535947,516.0938932531894
33.35365691986389,5.700557205833658,0.8863511519914584,446.2296876351811
37.757668381450145,5.162611362075466,0.826554742758135,471.4068864847401
20.47472435359869,4.046141335544719,0.7853994491706435,160.30536182204347
24.23019724024714,2.47627950308534,0.8203696068008778,252.09741369412538
13.871184840717566,2.1595913001587284,0.8934409398213647,251.88893863422464
38.9834112260213,8.643113473985327,0.7777970815299265,661.3321626081483
29.631231234109173,1.6109395951515881,0.9245054855957018,298.40850239831275
4.245923778355643,4.762630480911394,0.7900703781175075,125.43416667976513
10.999847166350763,0.9598863514566229,0.777570295545427,933.5100297016784
17.130840747095476,5.644882948232225,0.8662819810609231,333.7018217325884
30.365747105641617,4.252309753990262,0.7691962303840795,501.1039265233737
35.977600311307214,8.703601429885063,0.710641821359107,399.64683380375425
4.679630012922342,0.9921852114383297,0.8913536711830394,870.4442333981528
25.856710032621656,4.049079472435033,0.9154354490298259,766.0562005247785
19.19788650018818,6.655854733480319,0.8017674991484718,566.1000620235278
32.5597122645156,2.7018784779015355,0.7006038552458195,924.5620220295515
1.1621312103987895,1.236320942338159,0.7854987463521792,344.60596973467295
14.779296108425024,7.618916372421853,0.9084899175905924,912.7784885677883
14.395233766047564,9.366742797538699,0.9294996828986053,950.2492096182328
13.518656095712203,9.229501301408353,0.8851332342233864,744.1366593863322
22.136425159401938,2.54916838147724,0.7989038623002461,289.03896567508315
39.61205953595808,9.388635777727595,0.7757586317441019,240.72151201301577
32.000231443973114,2.698288312627098,0.7631720606190451,248.80808669252662
12.628267421439771,4.569012896287344,0.7798007149761335,442.4010414619717
33.74044848024485,4.210091059583875,0.9266018952577666,508.0778883285187
33.4995050560765,3.3999854593553347,0.8277130844655424,110.87897930418688
0.0,7.24619890769332,0.9164493023017755,723.2230993124083
24.79266170403246,3.4831296197092496,0.8778897641174689,446.05351217871936
29.758549126357718,7.192444247235387,0.7359142331639866,70.00768978869338
7.880185632865797,7.455417647083251,0.7154064429594574,767.6415869016274
10.17995210185612,2.3083194183005142,0.8059731405948432,275.05743431451634
12.251120994658425,7.027625035417031,0.8321195544684348,253.12903254617947
4.025313267599815,9.884512654379304,0.902351853787911,560.1176260004235
13.01868023762391,6.112380241293237,0.8146617512768314,257.86581036099835
6.017307662586174,0.2051160963002253,0.815072005615723,485.991537766594
34.506338218756866,6.0640356415185,0.8442538533229709,708.1311315400782
36.73443998490849,7.58814825248482,0.8206647156770034,411.9233565652562
0.0,8.92426351731418,0.9261470079473249,463.20233870457395
35.94874285271208,2.8026487831887987,0.8100544671562075,402.0301030100511
0.26399908287358653,9.178274277917241,0.8255698169855903,453.5060863157885
13.698773006900641,8.988351756556147,0.8770638163170437,336.3860636940989
20.120111641088993,3.9839502337984363,0.7232459837611723,278.33930730939846
0.18804749199443446,7.806893799550944,0.9096905166222535,107.76919362181647
19.39746457620196,5.787819482872939,0.9160576977825113,382.29810219500405
22.101896821870554,1.4442690819618487,0.7212716715597225,182.69263170324587
25.304728844371727,6.0856838128007675,0.7618126207126823,415.6933100205789
12.54440646246809,8.014095983423383,0.8041465858953059,914.9736386170796
10.31240179377883,1.5543561728554705,0.949261604324568,418.80140505629674
35.07219104444086,4.211158939517112,0.9199287499444282,801.2127956653094
32.87908469505319,9.363953973651277,0.8690083086054885,788.2151954633592
27.496484047029163,0.7592037478844609,0.8610985362256982,887.1573990033496
25.36643187931924,0.8825277098418256,0.7482513394328768,924.4517128087089
3.283503605183564,7.397767290246285,0.9285338417093882,738.2751112633682
6.981496597333597,2.656804296801713,0.7199286936119673,64.70032685196355
28.723418158270565,9.480130489288745,0.757463543742355,447.7660582592552
31.35204671338255,7.427826278521754,0.8270062680014615,63.26072198850213
26.361471449655735,0.502978878327125,0.7261685303623714,288.6857509031335
19.04125777885708,1.4568406750382046,0.7442918616596903,96.57890049737918
13.846095404867574,2.9170777373556707,0.7544044222578827,388.34304085150256
21.5984082346937,7.099681928951847,0.9027342832961155,414.7836363761996
35.06040546302827,4.8950035028810985,0.7782248804612425,534.52115421841
29.8665752513323,9.104394897207783,0.9387578000990606,63.263198291542615
34.752197920920445,5.944316748748626,0.8273899611168434,621.5530743866547
28.53113635497546,9.135002267213578,0.8189469897579432,847.0394745302564
39.69742059749534,1.3852174511128381,0.9074279699793922,277.5220693461774
19.32247603119178,0.48082345865491066,0.8600208897335128,982.244964526625
10.074152930216487,2.394675720552946,0.8151763149162792,955.0102770446829
8.781840658532653,1.3875229692336126,0.9407739466048872,669.2175540801612
4.492203866082508,2.2234537089081803,0.7908307501902435,386.466120394427
35.475350201404986,6.329674043485279,0.8301785416155202,437.3817453626305
36.68296797554338,2.258532712477331,0.7075664835658007,56.122051653485805
38.185384387291094,7.148326276026102,0.7281164205497617,530.5088864288199
29.086562634362952,0.1407357908294652,0.7052558795389141,690.0332871897482
24.976314934061378,4.1083455137729175,0.8602339110847403,140.37144205247932
25.813599402133345,9.472787210984787,0.8177956189345699,767.2313343839721
15.25940928342645,4.2477344476082015,0.897559125713618,303.26549478687485
13.383599503148762,9.302609717532725,0.8101010432684699,330.8410356352096
0.11378401936196128,1.1379355603540469,0.8551713194991017,614.5818719971398
13.175002764145383,2.6251918338155558,0.8023754550217328,740.3261759961528
0.0,8.370416558433815,0.717985382640837,181.38799039145016
12.042109970839695,5.8143165218567505,0.8279496029853499,44.41977365774665
28.43662783111326,9.045075226420874,0.9047602732946968,709.5685787067086
10.612244748398773,7.362146845876553,0.7453625035895941,696.4571268386613
14.73799380182872,6.023371831342076,0.7831175865235239,962.0017550558201
24.84086509420181,5.77024454020692,0.842934215053354,369.8219351865362
8.325010994683177,8.844462334061182,0.7856912889680294,941.4210306090554
4.688105625071986,5.193144335722639,0.717470971953007,730.8069844855527
0.3875873731150523,4.769000166050431,0.8584582796978525,744.5443419608611
5.47348236772779,8.386507327415305,0.8606639511086037,690.9166192104241
11.541334155586616,7.490734104805416,0.704302206149287,493.38904960531363
37.720020490762295,8.557677079245488,0.763683955385765,199.23300371329302
20.316299274046212,8.475764511941504,0.9262472837001047,767.3533237127278
0.0,8.747441101708317,0.7961132623221063,534.4570440726607
0.9268981247211038,0.4195262458143524,0.8390416137407634,442.3910238650319
27.798172582717758,5.142144897554741,0.767096283017681,255.16084344586324
5.601859365109455,7.391278073108099,0.8569535279973974,971.2010243802506
7.9980236334034105,4.417229463060572,0.7116506726240457,369.6057328536516
3.1662977117278475,3.7212543368242175,0.800080301866033,360.861200874504
4.642375528391541,1.3547321785803195,0.7077437752632206,392.57110576220964
19.905481789919627,9.107474434852344,0.8965426083759643,406.56978970387445
11.769603170962322,3.2354042746428955,0.9299167952496654,719.0118724478643
19.29621557440833,7.813087662951746,0.9284754954900635,104.56683196235588
11.227493116454495,5.477843029193682,0.82916169690081,841.7249330409556
10.603333844296444,6.629722244878054,0.8494347240636304,89.67349308649179
10.814046598704532,0.6993587120366351,0.933439513644344,462.9388324882593
23.14307540563696,8.745254218670247,0.7125007562834249,917.5371458117401
0.0,5.022981617003809,0.9375806378208396,288.4636403725811
24.758378940113506,6.35870877038602,0.7864167687044492,787.8014077003721
26.008970600440776,4.806229522755893,0.8972379187436412,801.5473467082181
0.0,0.8904575752968251,0.8087595746995764,865.0921648245748
6.510147121952785,1.8713313429020637,0.7805415955630837,780.7122020668443
2.8589350050009004,6.019349732956314,0.7330606614597076,509.80452627204477
9.578865118114555,5.438444745529372,0.8843728784839775,106.71125285227056
6.442296133795772,5.179685455121379,0.8478389313589922,892.2640474918322
21.540534127343452,3.5841660706620764,0.7222615157628888,555.4999687072307
0.3848249968581405,4.114180737423299,0.9447248531733196,81.6772974043792
11.99804089635735,5.6347730418657695,0.7207242785461557,525.0145966436526
16.54110348867116,1.3940188685066375,0.7206325587324787,293.0152098060778
27.07518204386921,0.9812459961732181,0.793203698292556,398.3306016745309
29.887290336874905,6.98458662620737,0.8453658887450709,72.0140779918659
0.0,1.07095329820623,0.9107348232777595,915.7406433631656
8.177980757590573,1.1871627525238702,0.9136463845095242,899.4969184006443
15.32281337585512,8.251888918341955,0.8355609899398205,854.6177253614617
17.532531229160526,8.57278554703009,0.7095705586158042,955.7297011150913
27.789124934194305,8.280889523042429,0.8348598022622886,579.7496435597515
35.22999895282813,2.7851357488158923,0.855636611644095,736.1132142320624
17.10689444156505,6.083349696908936,0.808333507798434,86.0667283094858
18.869085477400194,7.26057972140942,0.86859619577481,84.7212358683867
15.792564905445158,2.3674526424655,0.9065432968685644,655.6324439215039
29.904672546728804,9.696977915716614,0.7932989878148082,225.58273792262077
11.626967020736632,0.16514990170102178,0.8492795448814784,539.5813703304146
0.0,0.4913923055630833,0.9441885307934438,604.9974724694869
32.24857889837794,2.8654520089667557,0.8309653044050982,847.6794253144029
32.322368731632466,2.0317217999484085,0.9200211966084183,613.8523091843268
3.5119783535518323,2.152341360157992,0.7186728142641421,245.32649915446126
26.083468498036225,8.643497934925744,0.8017986487726644,429.5865644898115
20.523934102998158,4.45266957584783,0.7685007559144967,594.1172009630676
10.108801942491562,9.585468023649751,0.919503034558801,705.4832097672474
35.91528419589791,7.450131617483911,0.8886339228493682,184.67053815576315
29.12537519771879,5.0451022539406845,0.8154506490441176,310.54443556546767
0.0,5.074510748624911,0.9261064872030722,860.1464833027304
20.423684572375155,6.192176592477634,0.7277478912998567,972.5789666143377
4.241439311711629,9.995362523983887,0.8674942501991831,694.8850514947928
5.1210808601437945,5.116629565096917,0.9145966029933243,560.0697215174486
37.929424886352734,9.924767162195181,0.8462306920972417,622.8785025123561
0.0,9.645690343362281,0.7184492088565507,646.2870114737758
22.961406290126536,0.4082967017743874,0.8820354309892079,53.132276888041794
33.44926139253855,5.879415768676687,0.9271033575059207,906.0311332428133
26.577032306162025,7.402316959164615,0.7238887029200876,721.2578164457116
12.699590667830114,5.787457677170314,0.8955493560960441,369.42756926135064
12.904327859092065,9.792343519511324,0.7313356717342782,765.3596774017044
33.8549954961969,1.0945939719276097,0.8691859025904387,790.2829125358435
0.0,4.1084774593469415,0.8189397416414983,586.072365400029
5.970172965984198,2.865227920201645,0.8407151953383344,351.2616742058234
35.37688837485774,0.7394107416987326,0.8719354709327853,246.45049307718594
24.354594793299846,9.08825681890203,0.7916009235118233,79.13406469906337
20.2979833285949,7.145555064383093,0.7490685493219844,822.8515735959556
21.50827728473489,8.880026849842254,0.7539864919060031,279.8451306983835
39.54372569817293,5.756961976781244,0.719428492275943,537.8914125810227
9.605675654205834,1.8215849010465062,0.9036611767792889,831.461202453198
37.02968369226605,8.665887102410714,0.9044377968181356,807.9079204361153
4.251445637724786,0.06810285112333152,0.8739305681114085,614.4188792455733
20.428011855327018,4.783565973205749,0.8493379814264869,835.033201092747
3.2138926817002496,6.1962105191748895,0.9494473649606361,180.19236696399787
28.126470201103206,4.634743309327095,0.8337489777948633,783.1452212379975
34.75165301728973,3.643318247092314,0.7535009432228805,517.9457091213894
33.06757107977621,4.623569842705965,0.7997940196262256,295.21850711861725
33.623990714159646,9.667607326908305,0.7290916621118769,375.06895428621215
0.0,5.652451939563129,0.7456716953391658,902.2087372745978
27.32564823567227,2.9673367327284184,0.7902056477383965,999.9466369781746
1.6044757544349197,2.3414036451214324,0.7216471803650721,906.1917434482684
25.916012316788237,2.400728038952297,0.8779360537900411,940.4371465051686
22.649146787732068,0.1700158811326649,0.9124273064246442,76.92533980452062
38.12465787880834,7.653458104937314,0.8362252353425718,990.20448727117
38.748276694469745,9.149833488909737,0.8578720712132116,868.8705490630617
28.615230900631275,5.555662933392585,0.8161707976520775,657.2355332397258
32.16198502926695,0.5298746997573086,0.774626437210884,160.01552015598747
31.825634141825727,4.078693045377154,0.8677859506736605,265.286168060887
17.974465204956022,8.82753617724358,0.8247566450178416,105.32456366426324
28.306786006619326,4.483650133614949,0.7728931646583846,72.0884544977308
0.0,4.759482474439486,0.8716426549908396,729.6887881557227
9.558436033236386,3.0924689889333794,0.8484959911865935,571.0054518868922
15.733450394027763,6.1792878153103485,0.8264525004439874,684.2957674847936
10.573312713445786,3.995465989047003,0.8205378042849788,211.03801022351342
34.61214544435912,2.026484866088458,0.7344637871211759,81.8375478413989
29.78698189281788,8.644830296897153,0.8466174632950576,144.02276197997762
0.0,1.9979424033246425,0.8188008341432128,836.6383255739198
33.82439922026773,4.4723651360672125,0.8171435777019354,852.8416501636541
0.0,1.2821802229463957,0.8672903479375834,947.4760921222132
7.108554481294862,6.470014556950783,0.7679564438731776,659.1687257005192
39.36244767610334,9.546404865850763,0.7339768574967914,401.16439531031796
0.0,0.6681903275895921,0.7158822772842588,844.0940709924953
16.412845628528757,0.3223342067154418,0.7660287134916444,543.9014105613786
15.427741885461185,9.36561237794343,0.7917331378826352,931.0570488277622
6.677399205088925,0.5917816953949201,0.7194189906067647,329.1338990215849
5.525168029342145,0.8731434784094808,0.7280397825084771,769.503418787458
7.2684755390203,6.8306532253705985,0.7437285014917151,973.2192016676223
1.5865121248905671,8.181656684227898,0.737530633342809,984.5085226826611
2.6675818015922825,1.4119594845526504,0.7394604792913516,667.8241670476734
30.572718825976196,7.175721420920162,0.7975118569700256,674.0590016000536
29.529594576492773,6.17505690003009,0.7023417314316877,809.7252200289735
21.83634125727162,5.5641557123338155,0.8915726026670159,140.01461228536215
17.839229960248275,8.99907235875846,0.9227275453077224,146.6384069267205
8.196226106850608,9.507194835927084,0.7804959372133939,704.2804174838038
37.79045612406099,3.0136752785042664,0.8255625892415426,445.1855082394555
6.235345375449875,7.829226889544055,0.7573278727708741,442.94640932406503
8.153044424838406,9.940708493593979,0.7499926786244966,599.3062599393506
26.865210735276353,8.206502879658888,0.8653011359249162,263.4138493532863
34.9974321819761,2.1402584191525342,0.9432823067960283,665.2065181231648
1.9583728688361433,9.267511814649776,0.7753442021882044,242.43640893103262
0.0,1.3384636048904845,0.703395835248133,579.1507449590556
22.0372507092923,2.163397542227765,0.73489023485615,355.281416314216
25.9727804788861,7.714146673352972,0.920929588690309,404.9047018922746
16.524174721931633,5.774264411800393,0.9175250972356818,621.6366446268195
0.0,6.2132641642447615,0.8080114838827606,879.3089015817558
33.64614023346651,0.5403309443527332,0.9286667296928746,364.72486651808435
11.921374572074507,5.0450980509621,0.8924711697997763,739.3785213606709
3.661426347658967,2.8734679659584783,0.7036407246465777,808.3152530683162
5.995911613463453,8.131236578600209,0.838226945807196,398.18589350826574
18.383455403736534,8.781103237260304,0.8324387019949269,973.6997627942361
32.380411610156386,4.669060312117934,0.7994999004194668,882.9398922953901
8.66544465041775,0.6426513368695738,0.7131830824848586,239.662880499866
13.735010817606632,2.262600606700497,0.7732309543055812,212.1535287837774
28.37612336639754,3.488798474926693,0.9053701299673422,595.6569398622748
16.672370641430703,4.430415092819806,0.7068780193825339,473.25078822346325
34.576959323746806,9.356469910547567,0.9012441513495867,554.7061192155438
0.6323833630213016,0.18854764632853213,0.7425855210680512,132.99084256995272
0.0,1.5579097787271623,0.720560304087956,234.86440811007242
35.78327456120309,4.433021635239583,0.8592628245346867,153.32243177528346
23.490760002182938,4.738824194816165,0.8524117191461453,666.1994903531707
30.04873757967687,3.7747996270305886,0.8860383533090657,708.9318601846785
8.179107757434926,6.781940284704774,0.7439302083511761,621.4245286465368
7.300415360760142,7.764418664943152,0.9398084719621944,433.51789947165446
18.0331318893779,2.9619237213641973,0.8832342257387424,697.2073947928558
0.0,8.707575368368698,0.9071963454204003,797.9799146880944
8.078435969351649,7.82537992312497,0.7419366573847544,653.1130341104448
9.121354885867964,5.499334475685264,0.7193097401848787,636.2193012950777
5.196859008920429,3.8748557065831437,0.8826799243549391,805.6205321168327
14.414277111869847,5.891527529361515,0.7686692943839754,984.3481382549631
10.787503402511849,0.7753841883750276,0.8427048148046845,738.0687288949057
21.490948442062002,9.443285629115579,0.8182284388759155,325.5209935880999
35.90261526734438,7.824341433455438,0.7830346982939336,97.15567729935589
36.67314260080668,5.918081113333607,0.706943245148396,62.96135061000733
38.63433880378411,4.58079129407007,0.9155517931467199,968.4266429401267
27.459396355731982,8.762155688066604,0.8067860823510726,393.6197686856301
12.821919685828274,2.0526743578170787,0.8222621270619832,505.37195276361837
1.1412240631500137,1.759907738911593,0.8984177995195632,342.02307633247955
25.577215498376617,2.497542380185393,0.79204767979573,376.62194087982647
21.405946763090693,8.280654288117443,0.8144248555861707,345.03097782732544
3.6128129857815714,0.4303484860213108,0.9395178198803827,976.3085290386695
24.57475553897192,4.4377636557464495,0.8239961005481287,493.12379078079675
6.484454038624904,9.276016355538287,0.8357919869150925,901.687612500256
2.3828341693087753,5.740753833474296,0.8081990486473135,183.17510688302363
27.61323871395637,3.433981776358412,0.8085898318545602,542.2977859023291
24.397377335090923,4.271299670939868,0.7925820075049386,567.5637158358998
24.518453066645097,9.022582784852887,0.7718904199692725,371.46504888703066
24.227449983077697,7.021660778299834,0.7491079463181022,376.57045620060114
20.401431297774206,2.958907380432155,0.774859914110541,772.6482684046085
17.866135570841937,9.92111278914078,0.7097568167184265,943.2736518790878
30.125284283606913,6.8789110202480375,0.856224851046868,316.79903653700046
25.61013878804117,8.86328811100549,0.8424058694605561,407.49394147141624
39.0054016218046,9.63109331313631,0.7638559389041564,951.812031558889
5.389589693114865,3.089188000470199,0.8519263967580114,546.0989234979136
11.97576125444693,6.759562633859525,0.7975892364261589,631.207490432565
8.678203397104722,5.988306333867583,0.813047255832335,102.90913339344146
21.962434606842784,0.9526370017063215,0.753441232478814,256.8461123421107
1.0996550383163504,8.948847977332006,0.7208273398254534,88.01147303376574
17.882476209394454,0.5926794383344208,0.7933632375557846,203.4986641261784
25.937158656064994,9.221963606820866,0.7119532582980181,999.559846316324
0.0,1.2151238247911087,0.7615814099586165,98.61427098841254
4.189489164450707,9.641227251297199,0.7543706738297878,687.3510191032167
4.351143350912474,1.31777619849409,0.7215150909096255,940.9776713397331
31.11137464085909,8.580028748308596,0.9010500022643906,221.67369940995823
9.543237476524753,6.14334047683837,0.8478063241944945,610.9355076741567
5.665042340194708,2.2834613019869074,0.9241962169981306,683.4145038762276
3.975752438419431,7.756666249976116,0.787057589093263,719.4492102046501
20.648989160137074,7.344453238181736,0.8120336614875525,211.34571015582677
7.0639627643232545,2.3642273215586904,0.733874740625538,588.4730914357424
3.614156622938484,0.6342171534467059,0.9112821700168513,264.19252778706004
30.476158213764982,8.82658894552033,0.8019423235307165,941.4556470154042
14.32629753310862,0.31087665539055864,0.8523507702393489,277.71130730768044
14.830228896191977,4.5367175779656534,0.9465540717899421,554.9507612965793
14.743616406044312,4.967937089930707,0.7346090239452867,658.4258791490277
21.13082989387944,0.5400476045306482,0.8540405272509703,146.91243537825693
18.429930946693702,4.24511375144886,0.8506727427555132,584.0453630443066
7.133232816952192,7.697986339073622,0.8327424684296969,147.4507564559168
0.0,1.95999712815139,0.8986509818895813,561.5350264140277
7.001957041293216,3.254994424660764,0.8884489485878506,727.3938575766799
24.162458007277678,7.950132421668215,0.8838481356562369,836.8081457279646
25.184811138763457,7.881917498762754,0.8244268469154341,864.8012388082494
35.38274448844737,9.145306373087397,0.9159288167177954,164.55113368373688
4.3756860790186485,2.901795016814512,0.8615006189684433,914.559774197608
13.387995956083763,2.7788642615198467,0.8857239771960618,531.6128590287404
31.304653343341055,4.807317008914601,0.8610363381135613,516.6959472834767
25.28459340768028,3.091046503602671,0.7307778325764667,959.5611053275157
36.74296620731908,2.205802921105021,0.7104448291813656,613.9390344814925
14.150132183276305,0.3937619643030335,0.8054596389497766,170.5912999302728
31.01739761434996,1.9966595940174154,0.7584435259275021,960.3262913705519
30.255794372179814,8.578027984402322,0.8882087795779181,412.5548061131855
4.980275078415097,3.135881785427095,0.7479731100571998,900.2232792994595
36.31746754710463,0.5503812561703874,0.8490524815267275,560.3348384191871
10.743527288004538,2.2311315168172894,0.9407949378297981,81.8936525864859
18.097808849873985,7.685540768112672,0.9404191654857543,519.611896095462
38.0872537778769,1.6215649265804883,0.7153589951566802,350.25856408897545
7.459415577267395,1.5507894908732212,0.7597311750108129,818.7139447090995
38.21850585517213,8.586786650050518,0.9014017785156586,817.500802480981
24.477026792014495,3.091322389945505,0.9006794260914321,784.5000148664324
25.179695258250277,2.143627881936311,0.8423941322146982,630.7438123835127
21.87484612551688,7.435318152676988,0.9369335355690849,333.07865759655203
0.0,7.751989836946317,0.8660940724720576,744.3730311387492
6.519122531135553,7.155455343598568,0.7401529145291468,445.17439877263405
7.900245521554373,0.42913077910908315,0.7946266445397624,772.8491900035184
2.614615586113916,5.313769682802929,0.9070504897781313,200.79537256159867
12.288785833620409,6.932879600144565,0.9485369981229129,633.2169000390425
28.45967392741608,9.876407545449888,0.8652552225812872,55.74268171037435
0.6160790279428816,0.3547344326662106,0.945354989209122,371.40167894067014
28.74287493475397,3.7919082620496547,0.7860462490485,170.44778541439302
24.54402962113408,6.442168461933199,0.8298964681578641,70.80776368633681
22.690880204550236,0.4959012694734819,0.7069020659580003,213.28153590593044
17.603176686135388,1.3548821371459423,0.8993568626955465,168.6860717361359
3.1970904058901395,0.1661176634853057,0.7530818584927518,228.10832023701337
11.139365577788203,0.34001861197596456,0.9038284709201715,63.16915915747934
17.946577445165648,8.109110432251473,0.878200950985254,80.68232066376115
3.113341435297671,1.9133841656361212,0.7221761115460787,845.5431254308812
15.274971623479065,1.3851040542376216,0.7057168935595513,983.0126382197975
18.43007877733271,7.224953286853508,0.8481454978767882,326.9252127828212
6.114521533675505,7.41365017331759,0.7890282104534205,733.4210621837069
36.54193853147211,8.062151567725744,0.934238949760423,907.4576111825857
11.73063393605166,3.4006858314990045,0.7315610223729135,546.405424465745
0.33577232248708566,4.540395766418733,0.7579827578899468,938.5712253316135
18.631475538641713,0.6854553533844929,0.9036680823261322,641.2889075867091
32.198672712379434,0.7219495331642339,0.7457098293579197,549.2253946845034
39.243245358736004,1.7298188060282291,0.7121177052333745,667.0927937327624
12.862784824582196,9.963573833257957,0.9435658693714286,642.1446422388013
29.86557481582877,7.268230249297617,0.8221601956929953,74.51223868496399
12.752311126713181,4.808660512464219,0.9268769459212314,44.97150909495119
37.85024944493048,0.6560451784783603,0.8406052337737326,354.947574143202
9.595156536366718,6.3790245060910395,0.7479713137411834,884.1258052734885
0.0,1.425504412337393,0.9269060325064258,122.07584961900179
10.855844411810313,5.427342824650347,0.7307542121526849,655.0582821509599
18.122492983481497,2.290026545202607,0.7089432474642279,453.15262818693736
0.0,2.8386233819406246,0.7201462700284453,356.94184068269516
13.715057061179852,3.109216157817631,0.8390049574858879,618.0223035315441
30.343442563121243,3.572794721178583,0.9140247530964163,311.522405177047
23.22076231217792,7.3468148186756554,0.8203682393594672,877.2805775069356
1.9027334655132062,0.7159616739662322,0.8075077799129879,724.1435931617856
38.64930383186282,8.721592178903354,0.7326985119944911,638.0906271993679
0.5424466858178812,3.102105256233611,0.7488421191265573,383.34807203355774
16.05549424342122,7.134590140983974,0.7523879583190233,700.3989064306969
26.738332949377803,0.8123776972893934,0.8355962979037885,476.0230232299403
11.977436951232457,4.772848221270059,0.904297808282583,119.95956167665031
0.0,7.11327615161582,0.7391669662866714,177.86163471823488
0.0,4.115532673431289,0.7287878416856373,224.72682994266637
3.215279784465776,8.92440924263918,0.8154692263842827,668.3800957452751
36.96190647115305,8.315665010500823,0.7104958251752294,210.1286997865935
22.340389058180417,1.6529008630810422,0.8848945318859556,601.8741109868405
0.7519572225095553,0.3314454589811782,0.7692436445566213,825.0680484561198
16.58233206564348,2.639289898951069,0.8640265969773706,46.710478770299346
20.04141720743588,9.777112028183291,0.7333868745390288,752.755924527747
24.364949751812933,2.0333633347650473,0.9365129172249077,259.20023867983593
26.099709119909967,9.228111348501423,0.8888952476282093,555.9603123006126
28.631533217110782,2.903437203411504,0.9014281323168255,763.494876107832
0.0,7.076197889847906,0.7940222480366997,200.05200068619007
0.0,1.5747213268922537,0.7923564691461715,756.3968555499031
24.760803837073638,2.116703027680829,0.8094905641463739,960.0981268568097
34.07650058045825,1.778022934112169,0.7190463901396974,857.1224803757921
2.17630545695233,6.904568312139315,0.9301654357448509,204.25871786678317
18.090948082065275,0.07492449298528552,0.8355187785592537,767.7357230767069
10.336636398655362,0.5100573165717962,0.8398906500688944,100.71156868369346
31.966169924001047,7.251993636558496,0.7710551936420764,135.99440491860915
3.6859612408720825,7.8995508346542715,0.778809430922295,917.0886195224275
29.00472959315358,6.736209310764454,0.7003489708526982,686.7196899182444
16.09605798513685,8.159878008595307,0.7026574760398554,195.31871310727354
23.634024662122684,9.252626851219805,0.7888082770187537,897.3748090548031
11.941403771670254,9.583846892863672,0.9075871275672922,369.7654664599758
2.1304870231065602,0.48609115690500443,0.7815594126675498,94.89252168970019
29.821279750141294,8.343436378248999,0.770138676470442,975.4307206799697
8.404337128695612,8.784263267270719,0.8934802191075015,959.8554652542908
9.951241313640057,9.986111434450521,0.878179762208446,503.0192812019704
1.9586545951251453,2.351009535794671,0.795334403048872,434.98642068804895
30.876480836568252,9.38427563472342,0.9452981917471127,163.39283208227843
20.152607115092543,3.5758807949233167,0.813787592275201,244.92991425086814
5.753442088973877,3.221218678482786,0.8209320572380282,640.1184275179754
25.71969909254749,4.314681960546374,0.7029838487491371,778.1196231226048
0.0,1.9671771584143916,0.7032993027776311,122.36204526134081
0.5353738527668137,6.24916566605655,0.9350163950445788,370.9634736263774
0.0,3.387485897202892,0.8997681852716146,381.4687707176736
24.523669960676685,1.0540829377886636,0.819591636197018,807.4111680897754
26.316205789711343,0.09716691399565455,0.8515639218074632,287.3985540596982
14.819919020724438,5.431347678473689,0.7840643996292717,481.0155870364023
4.569695483920369,7.261880435674563,0.8671327144281207,543.2682198600801
25.178639564173356,0.6673386872187315,0.8137979479137476,259.37819270537324
0.0,3.351277134987697,0.8623035764498967,220.82304935426225
18.644562066966717,5.531786491548678,0.7040796365045564,144.03193121254668
14.813344123128664,2.164771532674035,0.7184639984722301,446.3577488356811
21.747206910943536,8.299578273117142,0.9156177268717841,199.62601145068692
39.97739997877378,6.062713505965366,0.813674790510071,65.5952211888378
26.342172088467308,3.538247308136696,0.9475714209341692,155.96539183004683
19.61864269184997,1.7366857154078628,0.7559847976917266,668.2366300781862
18.50580955615391,9.262979669203096,0.8010308911786663,393.5485047747878
16.491918984979847,6.487503850519944,0.7232228555795883,482.31546543388254
26.38972037785799,7.470316953687529,0.7118580865869562,839.4009084792984
0.0,9.244256120632784,0.8322025961002807,164.1461184724207
12.312470324008862,3.735564168812079,0.9195859992444013,916.0022912200434
28.471029898635596,1.0534276554184108,0.7252140313636859,731.2541877522535
20.912861893757025,2.456038462041735,0.883344257914056,916.3139747327389
11.524210223790856,7.590922629512953,0.9168321539321205,382.1618806883986
8.383011858666526,3.6765728639820905,0.8280917824061798,950.3796034595197
32.14759631599444,7.874880413324221,0.8325698861509324,642.019582555776
18.662543480675645,0.6902205795759887,0.7128326130160683,879.0736435711218
16.260987945891173,3.6595319160270576,0.7299087260533275,997.9255216999596
10.882946660211042,6.434746319042246,0.7300930859523795,806.0893493403212
20.34194356277821,7.893448707013209,0.8132155851176931,854.3326718979715
6.952655026315706,4.876649614574623,0.8399267365052348,287.9562561685537
0.0,7.349568087762446,0.8725826457856741,574.5274208763133
27.202514608921945,3.7621876920017825,0.9032145307319797,919.9847237868886
8.685483565599721,2.2166046155282686,0.7284892119183779,858.1649439771655
34.95528345422759,9.444192149694302,0.8827662219701863,998.2642521953559
34.23633274871172,9.697502928070259,0.929933084208821,797.3595759876407
11.163036389756245,6.728363147266426,0.7606923351883332,165.78840231879406
33.424006745860886,1.9233599388252056,0.9414273471664352,418.5250620139251
21.442556916728506,7.648700106048378,0.8304665331570042,424.482154878305
17.563762843621344,6.5099951352332885,0.9437947904225057,983.493585805572
26.365417329065707,0.23122995477224165,0.9186901158849077,813.1084875807861
23.247697835399187,1.8070516115478412,0.8414289682071168,194.37013747696656
9.997085288094953,0.1842018462977913,0.803293746854857,445.4952932016991
13.55467785297291,0.6120634607072575,0.8246293527989035,782.9228143383547
13.097184549671383,1.1299094602071085,0.8998395140050566,126.52973986019293
27.254197496971234,6.442692115982558,0.7599235317561744,301.0149456289871
18.988238962829065,8.82777108326274,0.8525599765335923,728.2279961904086
21.59563997662312,4.596428690859618,0.7422641014246807,57.869924365539056
4.85151185706977,1.363168731238682,0.7329132069729378,879.1287210197474
10.004743773262048,3.031078454358094,0.839135633268863,735.5399402009044
9.137362501350175,8.42311330871188,0.7188066149398115,715.3895173647272
0.0,6.722849212052475,0.9408684305202449,355.86960639168944
15.92928156416914,8.923459778154024,0.8212524867601753,989.1346385257477
29.96312030167162,5.473307115268696,0.7551794759094675,272.32513345615615
17.65459053364387,5.773360435056366,0.7755904905473858,698.2087736772794
15.290417946167793,5.066887072256451,0.910099930079664,280.8179243047997
39.80476884949074,8.593808563615761,0.7835374936561722,353.41472807777495
36.78537512991142,4.044143103958454,0.8017012842331264,76.23629128965388
37.4341439212392,8.77336627932244,0.8860843667051568,741.7299086015355
0.0,2.592473426572785,0.8161545505455716,667.6511676796135
4.721695265177212,5.426055049398904,0.9005187475984642,420.0384471422486
15.509632777427592,7.782963513480477,0.7675899126969515,489.0696012401519
0.0,6.793294450519842,0.8388150191283603,784.2251747350734
19.26214221048619,7.781667867300104,0.7836330906003628,658.1490240968449
23.724226390175676,9.004210009309933,0.814851609951814,56.9898554445253
14.70667061944294,9.161551452897333,0.8782927327998415,964.1569174421055
2.6269161647603507,7.0370373440551965,0.7276900773077875,150.04163290063303
32.31024046540265,8.219345293830271,0.7297992891532926,643.7107761074901
15.54637061414543,3.0511892370990212,0.7224401626979922,616.487403595889
19.559260997478095,0.9524510506697464,0.7520934566170274,174.71946240768085
20.193549652371566,7.321344721029772,0.8163396552969273,337.54976570443995
33.61532488053952,0.41424420938526135,0.8431525827036781,585.28131745131
3.8173444448180223,5.596949214334541,0.7779045688918004,353.03983532304693
14.457992781180987,3.8661499556449352,0.866782252784516,166.82386875609737
13.426439677509736,1.4018152166896933,0.7116230215570082,871.7306547134684
22.292149772077956,7.481632296174292,0.7160601752933102,703.9295288196878
39.51806583163957,3.550264152718641,0.8017040253547285,266.58900317659266
3.5537675173472807,6.825265521463371,0.8761438948858795,94.41062880171842
33.9257855042265,3.3575067920643513,0.8808503292098335,410.19702736178357
13.631566247747116,7.420285207190582,0.7880614785469424,941.4330972236684
0.10138100826791724,6.6463023829913155,0.8355693828913028,166.1699903564014
24.954382359120107,8.300399321992016,0.761465806304729,208.13441699459364
13.980858595625792,7.199773940209138,0.8974814536336416,173.76545871840398
25.671088949186903,3.724469656281044,0.7582133330045745,168.65560137149114
2.5470374019670383,7.8878563668198645,0.7664915669473258,970.1964596484239
3.277332358913352,8.929653066303821,0.7518215568612945,546.962147379793
21.0477535134332,8.286978060491416,0.9243862957467281,945.875629695591
13.319365172866796,5.0631810460565925,0.8316165542634423,324.2645151793246
0.4103398443330708,1.6952266593369618,0.7513946500106264,658.8713062536144
23.846594371700256,8.407018588894772,0.7320027926958047,45.9374884616771
0.0,1.3549173543405268,0.8674147763229467,97.36602151937686
18.995383451868264,6.04511231165112,0.9026557876929837,267.2613959233254
10.001694861453691,1.6336184847179809,0.789826617144796,241.93666310895605
21.1782969255407,6.700813615887389,0.8579451240289102,88.06009708317596
12.918753012310782,8.425238499652533,0.8591243735120282,969.598775536893
18.831148216425653,6.672078821786757,0.7879624646509936,735.4441304117621
19.075369027845067,5.6049116100599035,0.7753185342320857,788.4841732761902
36.59363663701822,6.472463126865493,0.7430814536992013,575.4596307679268
13.804341575162763,5.098426213989226,0.9289732667620685,154.19275431987228
8.291279303665254,1.1250446097134388,0.8653620485013293,910.8959493863895
21.15856008472455,9.470564689856147,0.874669215665242,878.9301420419131
3.5519295772033717,9.594522149175152,0.915660600576258,512.535634572753
3.705745017064674,2.163492364450946,0.9272839858923277,810.6054806662753
0.0,1.9215896597976343,0.8972239428843727,570.1623491248006
25.398438447681997,8.412712579770558,0.8213045748687262,377.27886709190653
26.911153743108777,6.1256211395196996,0.768567978994358,606.7899906667736
5.371708907665938,6.375581147629337,0.7015809084886777,211.258363400882
6.045907018290063,3.0150235929160565,0.8406449817514117,584.2808574829849
5.119555288841821,8.254394140957327,0.766591988245689,931.9610408002624
31.40181098137269,5.2927351119570165,0.824239973010973,784.0943832727366
36.659905768680694,5.725490315227655,0.9233699950617033,988.2202010963101
28.01177445888004,3.1521836337881197,0.7664456478211559,346.62382618965705
8.102762531725281,8.17922334134401,0.8870606200936626,996.5428363070986
13.299994878745276,4.59872307035232,0.8467247298042886,849.1688052404922
1.367680130160502,3.4608645406973175,0.929821410434176,460.35902391090053
39.01756831783073,2.8158873925536607,0.8898026083905028,449.10820118707545
23.069800945329046,5.820749662614374,0.8714173172625331,917.825642434697
24.637731397043527,3.80140112462997,0.746948649113779,488.8748526567831
0.0,3.997293974049472,0.829993675138821,890.643186562827
0.0,5.2865031085345775,0.7847240060162783,349.18568557814154
7.907194884683846,8.290714251618555,0.8017293717552798,449.456373801054
22.07860193566471,4.71617067171446,0.8104109047868922,651.7997911285562
33.478580333606025,7.3018475743610525,0.7431634347466025,861.245931499711
21.894083836215213,1.691747269476803,0.7973254539076615,105.52648415689752
14.621998905195916,9.5941239101512,0.9135224328583302,119.72242295255519
22.812666305633307,9.218891511911476,0.9379235211673828,745.7128339369858
2.9663081895395824,3.825437075887643,0.9058977044791756,912.0507223949008
16.3606197707124,9.095567625170833,0.7005355450077766,770.2975622872193
6.174439030439125,0.947287026637243,0.7202886230223164,874.4200729606019
8.38965108006878,5.016717691131742,0.8951252923335464,981.70814251324
24.258979725071523,3.2492958612551273,0.9083294677293434,942.9803260408535
28.522293276975006,5.964436211769301,0.8415627165492416,432.3991802660779
11.695426819839009,5.297907306182119,0.9197430367200066,198.78135045326033
2.421753585675546,0.9944473693430844,0.7856341516366379,555.715661193699
24.98781059058871,4.425312636860145,0.9062510278924047,831.8425278806594
9.234657620633213,7.812723481809296,0.9146944051888706,364.65646125379766
26.640772466881526,7.469153401792519,0.7254706472149756,132.51004075062718
27.00565556524574,1.661233984707196,0.7920652221891223,507.5986174086615
28.095615050406398,6.169470876910598,0.7919697262626562,766.2249459398689
0.0,4.463734914692629,0.7538763693919225,451.26633678138717
7.328773577116551,6.892122390047216,0.9030407910853926,74.62814439911106
0.0,9.546124384768238,0.93137095023502,114.08647655866818
3.3706225082630796,6.644157244095732,0.7753254903375285,832.0098288128553
4.929766625066562,5.9935668771026025,0.7359574227119875,301.7913018036741
18.649043562440287,2.6210770523202074,0.7498342207485282,886.6498557349443
22.588502114038924,3.1436049692766086,0.7907318099132041,324.6864470169393
28.967690860899598,7.6547716094386615,0.9417257167700154,503.5122502017219
17.278769738214432,3.3350262293411324,0.8671607882175391,811.6724894937471
0.0,5.809809661233952,0.842263881616774,433.84547503822864
20.026878427933447,5.872485888952557,0.7621958899065424,545.6871811285445
4.251651435773403,2.69386602381379,0.8089827648040993,575.1617919527914
10.006944885906385,3.878396802949724,0.9199165660018596,110.34058490368523
20.537615659831236,3.544535730057357,0.9408002484851179,559.884111343494
1.5529936397966018,9.605824901290024,0.830884808829353,456.40272961246444
35.21768557062436,4.26105175040822,0.8727082093292902,513.3162702968075
31.480306887364794,0.6223670937592107,0.9220534066696511,576.7092620853591
0.0,3.1421160033352726,0.7488838612857198,192.09935840632517
26.05376233704736,1.8367623585901194,0.8524177885737741,118.21047008620428
1.5961226061333238,4.2233097183987525,0.7453233060395736,758.4356397040718
29.187280665371606,0.17006484518600395,0.9142407452834369,850.1890246088985
3.0416159430672813,5.845198274982688,0.7918991735731581,243.93706753576106
33.01045071503023,6.479590579404395,0.7098895838673355,260.51545066974484
37.07214897910419,4.477072330017019,0.8199684235179219,262.5045320468165
5.239169092178205,6.557523393612025,0.8217161808928914,254.63511426338388
32.55614154483923,5.40600226850777,0.7344104897571955,597.7863581690177
35.20068923948814,8.323270239778036,0.8392892369678615,230.18210495707902
35.78674412690452,7.671020684449832,0.7207660635606465,49.17040006454194
23.120440569172032,8.887403947232185,0.8066579629283306,139.5573048394653
16.61477271866315,8.31122843337787,0.7873259739110203,733.9290563811185
33.7805834601086,9.427269250824773,0.8484298122183529,247.63872633050542
0.0,5.895194535371894,0.7739030512995874,801.4756717383063
22.81053401314413,9.645538861109387,0.9449216297703157,288.46413271039387
7.2214457547061475,5.261195675301887,0.7923512559505792,444.40549457669795
12.10784920345764,7.457055829537346,0.8398358820395554,828.3767420457925
28.437773883724333,2.828389024047461,0.7770697857411107,701.9632417981401
16.74363899185973,1.831086813183361,0.7591959611794641,429.8449332125183
33.66923319922533,3.773433589260905,0.7759657624385206,101.95506832128953
27.055763197589695,6.3977662529141615,0.8735407601538789,340.5289260671542
24.516361902539195,0.04945568146965734,0.7391182544078618,599.314586887297
13.614547526791458,8.207593239678488,0.8732706293644801,505.0354922835225
0.0,7.447967987999185,0.813384742980902,606.9445904446034
31.779074857787894,5.258702195919182,0.9250800410259076,267.6593663552287
7.042499704196107,2.596743310578077,0.9190884985191463,575.6153585768559
29.72311374150513,7.176775692457327,0.8675895221965042,750.1643646901599
27.684786167551955,3.2273589131373215,0.715700409355052,396.1443068734746
20.373203240820963,2.961450518018064,0.8329730347930003,57.49900677234592
20.026631552474576,0.07164916668545074,0.8686966807874598,382.8824852835332
5.570850447808913,7.823374340233963,0.7630516553149265,832.0489178966868
28.228045253856948,0.5130735831088062,0.7287047245412461,93.84569211452089
26.720775825185303,3.566709294200071,0.8388119738508343,89.99108835725596
0.0,1.7110607393550346,0.7943679377704167,348.9067478526926
0.0,5.105823713451238,0.90338087431847,144.72931953990522
35.7949280910517,9.750118901306527,0.7207587760501813,849.2853232156463
15.578158557538844,4.57097659247706,0.7241955393080536,765.3327804885095
31.113854322334127,7.407288926275221,0.8881603002853974,338.3450910852721
10.507497774714233,1.6136937571856793,0.9301764627993541,247.3607303293902
25.612763854215864,0.5546933179380416,0.7529050194774678,432.7902476409275
23.42074802439093,3.7014863738207255,0.8498027855681212,291.0229060256976
5.634638632005853,1.562239904018461,0.882429366348533,811.3314633434426
0.40281424699957646,2.975379632579601,0.8619746520935768,518.0900822983023
7.7466089242167255,4.0380879722926,0.7945979501681096,255.4199850234518
21.40249992257197,6.066161424493362,0.8678973097217504,385.0117778659618
12.43893035890013,9.21573631650179,0.8502093585929653,686.2819491863993
19.561255661838445,9.417325670921757,0.8810420475808114,114.93632458355897
11.644975166470884,2.285137387350701,0.913276146923559,451.6254004786067
10.875883241624107,8.738648094736824,0.7946695525854363,859.4426959255491
27.889559229086494,7.18799752117379,0.7868626214506607,383.90692864003074
18.75947065080613,3.465587179541378,0.7650398843682791,70.43802853309688
17.353397635564203,6.118393616182339,0.8147841176983195,415.90228192058447
10.164819383864659,4.396786145117905,0.758442555460937,583.6429399533433
34.02258291781521,1.3577471575451703,0.9381020122972469,381.5761209078843
27.88012972315781,2.49526936869507,0.7304046562642937,812.357427725137
5.369745325697682,2.7152983643076194,0.906952548828479,662.1215773357857
33.86928483628393,9.795450213787973,0.9197609607299304,212.88258754628671
22.002240467087905,6.590863574503889,0.9224961664007298,989.1047657136787
27.74743096617822,3.1155556328921894,0.7109294044868962,656.4369703369675
20.477448055410267,2.639923805514595,0.7201904288155544,117.7202781291223
30.833471242349585,0.33797575905025823,0.7969382897827422,275.3259461088122
0.0,9.549800336709191,0.9246263061608235,233.3117918838354
15.08543356403409,3.215205495710852,0.9410198331903542,492.6079598140723
0.5915133093293263,2.627102004939629,0.803683428910904,899.7691304952843
5.712162892462954,9.022494067760395,0.9126591928665918,754.0510758192327
30.206657828790917,9.131075969329709,0.7994664075300836,536.811342878687
14.802087595251354,6.15651733925493,0.8685653703678718,958.2581178693099
35.34671309746038,5.460283550041629,0.7480952414858593,626.2842091217378
14.2119276714709,1.2975508053094527,0.9157377725985061,336.1043596190087
27.723440417222154,8.821811496052,0.7176583160484631,178.99455445199982
8.254360960446627,5.926319693555594,0.7749948007198604,479.70541288998135
38.02280034263241,9.29935078137934,0.8940100572603795,482.40837983838276
37.40343818088987,3.3504541833772565,0.8309188564621574,344.19375722367056
10.389399649198769,9.979948590410551,0.7012212585689814,688.4681674404621
23.224005249724804,6.1438170603341336,0.8627020700404233,124.78985802873243
0.0,1.0743515144830813,0.7762194059230746,57.63965397148901
17.548474331579346,2.5973522728258294,0.7675712620061168,966.5889821916054
18.641484771983716,6.216533002886492,0.7647805990724165,691.3386956231323
2.1714391388424277,8.378120489361955,0.8928344314290807,380.18573332947506
1.6368330736064949,3.1183149848394214,0.9337520807028565,261.9999393487717
0.0,4.183775992532464,0.8800799806958146,299.28223341395744
38.91286646641423,3.284291698894799,0.8053499839188378,164.82708182813514
31.95038114007767,7.49782985320737,0.8445630770915289,362.3262733489442
24.87354916122798,7.537215815182561,0.8433978445863319,108.5171842243048
30.118326534042538,0.7555806396004067,0.877191614635932,970.4260375363316
29.98124455362794,0.7654166928832962,0.8667338706244376,946.4585123466718
13.858792141197137,2.755316452954418,0.7618664385239786,808.6021173018476
23.04750414268613,0.23037975064497046,0.7978019768905489,986.8116713741824
38.6059581163108,7.493800512803813,0.8357512596236416,126.1624202782271
21.88627553142048,7.477575261883699,0.8003001951858332,241.40703519511175
36.60431821435137,2.6275582533467174,0.864084079637402,931.5593339678949
19.34190365011444,6.5939808088054725,0.8097520934261098,497.99843480612446
6.362480243340358,0.27779987371021536,0.7858900742916429,870.1929599877539
19.688903730061604,5.55312983700974,0.8788128187369941,425.10807700351984
5.742108444612238,0.1521960501129037,0.806405903570024,367.8584331636649
3.6520669824204983,0.27142831301868114,0.7211529108090458,814.8247978023892
19.18998475643867,4.785500104523376,0.859148506953439,780.8965692919923
20.459261096480816,8.411641018368014,0.8541486120283781,208.63435553865418
30.73377047826631,8.32328802263862,0.7841671909374175,633.3950117078633
30.780636434249047,8.984906287236495,0.7564793219240313,295.3648988368323
28.105692881394283,5.384803590227365,0.8526237383095341,856.0008307060771
2.546707485437839,9.757185415691211,0.9218404535328107,155.62260313848384
14.10966095230939,0.04333312856880626,0.8211891017599323,479.26943834399646
37.06754729665744,7.174172027823648,0.9179841479277953,280.93112921463825
3.2182982488733654,5.291818606655179,0.7036461743686464,838.9657558416412
22.221046923006618,1.7269601909340564,0.9126058171011568,535.3232783425938
8.157012261848065,7.596624261518797,0.8378240941447826,369.8000387353002
8.366141194555107,7.774269873275527,0.7100852318132178,568.2608950479412
0.0,4.2701489443929965,0.7459136400321039,761.5398794470888
24.213182911862177,6.799534424125598,0.8057273716065385,426.07831149994865
23.221665504103942,7.222154300408464,0.7077557212810546,369.2898408477222
18.25536754487669,4.450485613973361,0.9326580154073464,982.3757534486991
8.8785527513562,9.092650375069189,0.7845640469836939,635.4993612426917
8.645155963535341,3.4351008863985166,0.9343050921499049,684.9843016569572
3.9098166662810985,3.944721341803529,0.7546343228713052,682.045744588435
13.063476670849743,7.929768708675447,0.7582172577390243,729.9681340839624
7.19146161267476,8.71803642318436,0.8134917884492451,587.357145193391
19.943650138819898,4.611696324604039,0.7577336727551549,126.61182130390344
27.57658605306747,1.838134346946802,0.8820592914978277,508.1121436480198
11.572776832732892,7.666908796111242,0.8924539493296268,400.4013474415858
9.863677407285406,3.2448056179861413,0.8654622027853855,341.03293925582017
22.00435890402821,9.89326629655252,0.8906345765676988,258.3922273372544
0.0,6.487845095582632,0.7751295671082026,437.64754187050266
29.572213013024058,3.86087681065574,0.7084989514210216,479.9088949906553
36.5043996947717,1.93732853226405,0.7632005794814337,911.8385093633769
5.588995733358413,5.673139021929919,0.7503303213363461,479.9335834503068
4.211091983387069,9.658918346637734,0.9461973959947927,772.0347045625838
37.368282425225146,5.4118100017214505,0.8808081000976609,186.32626375163488
2.9657651688658757,5.745346738333787,0.7963427950778069,129.1706200745312
12.024974094840507,4.538614000379553,0.9236463788504253,577.9346580619545
14.502600624690553,9.709936955490313,0.8182048806336188,412.7275336018892
0.9635625852517958,9.268614266307068,0.7531092203148252,801.9752566541877
7.962861347149407,6.220505623216548,0.8203015052361898,759.5512539514377
14.053547501133606,3.795722461725879,0.8451382484472997,288.46159733627144
3.8062439580485354,3.6755318661884564,0.7392687992054668,274.95727038486183
23.978671177432883,7.822434702123857,0.7964784872828548,304.9134191704491
7.206119735912128,9.147230733141619,0.7903942599956945,872.0293230511633
6.2466984149453095,7.0841386762122545,0.8493832655614397,109.03594453283478
36.02165539112363,8.138548609139955,0.7461833777082311,514.1899223761484
7.811861741495512,0.5906641022649652,0.9404219528091686,156.12514126983444
32.28831558463161,7.8656311521620665,0.7952934040562983,461.92241557015393
15.60864288011577,5.197088816110454,0.7504478804339744,687.6478438984115
33.98200943260815,6.894872470625124,0.7394670283440106,438.75106033808373
6.4144161275437455,9.356079799574028,0.7824608549521093,103.5828592216362
34.573391554173725,5.648098762023825,0.9303361592508601,898.6766580589654
2.973989197614902,5.797632372069564,0.8816705382252344,542.2573901835622
31.082350885079475,7.798723810188679,0.9143188487453769,431.08487313766517
24.064827160401315,3.5496195116125593,0.832408652723445,569.0747891382027
4.053191822679937,8.530020733057807,0.8027874722273081,606.7496342945628
18.630828591440057,1.008594127375165,0.8559935010458315,321.75606374833274
18.7173701009953,4.064354493087118,0.7361303752152653,658.0978675076028
9.83622783172106,7.219236844162482,0.7194302852987993,611.1916862161884
2.7971788958876127,3.887218042564106,0.7345593637213241,616.1032566157911
5.192797608632111,5.923477310307506,0.9145692292287118,875.575809366199
7.388279846947241,3.291812924682153,0.7115011367016442,929.789880622002
22.233305225984996,4.395069599239992,0.817938353180927,191.3081764794778
23.482402794180576,7.349373215755274,0.9253275053668566,376.58416982722446
24.76061702029544,2.301873650068048,0.9045401788803797,276.8493031027303
0.0,2.2532542870483883,0.8072726986162897,126.8087964075512
18.257841636080315,5.666925830394843,0.9306069621088228,362.7739248107953
15.673639283028992,5.89261279318571,0.7571391590467222,140.96500773812738
8.089095120532782,1.4179249161747132,0.9326304411819725,543.7413438297984
0.0,7.080237743242239,0.765964420338584,138.8774099716643
25.04958647768078,9.96414598205854,0.7008285146065235,591.3595064046227
39.37404569087426,3.266681285972777,0.943712437427592,113.87545475822262
6.98582314674864,2.908881315083805,0.8382182677783973,474.8693972770105
18.87975961995942,6.057561442439617,0.847308565037665,589.9016804426287
0.0,2.7407494278466302,0.9470243589491,331.2115017706754
5.740211480447266,2.8393253250684953,0.9203785949520389,584.5838634534476
20.00285177657899,0.6999699221701848,0.8395066839607183,576.7759788965965
21.320843491666757,7.328678673500447,0.857106871301204,904.794165140791
28.777848355518625,5.03789174998913,0.857416014556186,425.33097970790163
15.16946941205398,9.047099083861168,0.8918062187867254,472.5328945696625
0.0,9.933940712497295,0.7345874401142715,981.1904940444632
6.362162691812161,4.977174015567107,0.838565901952466,93.31313213617574
2.5228779169604407,8.534245758371291,0.9053316267325623,757.5450324771103
26.48481689223294,6.206736352810922,0.7150751858445363,324.04064726641883
24.09143647581844,0.6677627174167565,0.8904298878316148,844.7394866068323
2.712178060539803,0.7940739279514125,0.8641704874738936,496.7548136730122
0.0,3.6616533925603023,0.8623771611562054,564.3132036122065
28.454453178955806,1.4326725834634582,0.7640096077916403,555.0064651912144
15.177925034535292,1.0072024115409808,0.8956226440554755,543.0113986269614
32.579984789408584,8.446767449616875,0.8357794020665067,681.3004261585174
5.823594337857634,1.7776409740379195,0.8835807584974281,584.9493449845188
8.599064362637094,5.5866375936287715,0.7060634227469702,229.3124542799431
0.0,1.6222970454433825,0.9257895739396935,631.058623631585
29.184488417738702,8.06006294671742,0.732205456340438,334.6319695812723
27.40009251048791,7.118860353841531,0.8354851387911832,896.0287124810482
0.6589602466714244,0.802356428561565,0.9215373804085791,813.7923436601684
34.14062509678558,1.1244001980187388,0.8531204957502644,998.8110633808865
16.940704462712723,9.587467223978287,0.7775176949670373,221.4113322211057
12.17299835596985,8.693333668033643,0.7046984295014178,329.1107709787315
11.587356118552728,9.091156379347543,0.9415232571346527,924.7861312907235
14.639024562732303,0.9476122646727856,0.915804683478924,193.95708150905972
8.510190762328401,6.860629984422942,0.8644132180692844,806.5706442951739
18.398913053258358,6.03384268271268,0.9361970855767299,302.6292185561288
0.0,6.333343128931696,0.7473285138942329,366.46281481738595
19.71495978539277,3.831170111977683,0.7296454007311539,305.2442383494485
0.0,7.11229509729072,0.9263876177529655,584.1800967182996
39.53142466231557,6.9384909449368815,0.9365904401268258,213.29658835122137
18.895250609928137,1.6795523207389902,0.7757335621830505,508.5215048952345
10.546547662742086,3.651880495077487,0.7019201464288128,374.30016793219477
38.07276247114692,0.7787691450852975,0.7555269855247121,237.88761388806245
30.800079721621497,0.6601184270347926,0.7884279598513948,771.3643209178526
5.834540690240486,5.597719050242613,0.7143109976779892,187.96257333886655
6.68603946733267,6.109790717611547,0.7002824138953156,823.0885469719735
4.26865052801334,1.1822660048042868,0.7606100666521125,169.93426505305845
11.092926057934493,0.7761197205498687,0.8501497531530858,850.3983899897363
16.122822724371186,6.6820171536758295,0.7735295806829302,536.2664900657678
1.850655761949592,4.385955194185307,0.8075588242397292,975.3407216625119
26.34129453536342,7.473216333663999,0.8973492651993852,100.03828875521194
30.330300808749982,9.741358436952133,0.9205392337153439,188.90437304521387
27.075977235138836,5.717737392522994,0.8682419822707929,640.979476656346
3.457205826320482,6.774623805961693,0.9135478333780498,710.4202638225983
10.313199072148498,4.659239038252472,0.7067933058524957,590.9487964158222
36.52453773514885,0.6931381135762485,0.7619160689912153,701.765315502028
2.495842029430393,0.9443416487293714,0.7724272595154882,118.97863458041019
38.938970969209166,9.016764280191763,0.7573958821054186,629.4853688065372
5.544462621726074,1.3159940905259389,0.949808162647904,451.4334350470225
15.129531917395134,7.3691442519246175,0.8736353176764682,180.54886218247262
2.2643743714697138,3.887608638432048,0.7001094226238813,692.2310304158996
0.0,2.5641773974120365,0.7465352212359462,666.2097206636521
8.988455203863428,0.12342961505001314,0.7872405762772141,584.9407866671063
2.7861041859039166,9.233541405200747,0.9226319391020176,780.0269333121026
0.0,5.971350936961792,0.8728229576051093,637.4117479056121
25.33844639298681,8.902451197985917,0.9059993806841726,407.2746190404296
13.179987762161963,3.1099919591769996,0.9142129716481894,666.2043109592073
17.518655365437613,3.0334573719886184,0.7556139005830402,847.090192754498
29.779197434405525,7.770320919185346,0.8447299577849237,832.4246940207763
13.211471593070454,2.5794113163561665,0.9432296377145094,937.2224101444783
15.19041817876406,8.042885428813761,0.7668542822889883,987.819730146571
39.85190147084492,1.8250173958251645,0.8268238345032521,257.33612933844864
6.348008233292819,2.788011052523793,0.9145791583489891,630.0601391314573
36.152794064334536,2.3048017446120963,0.7917404000529081,393.78624458930034
22.02220204901465,5.120495170758238,0.7249780377765932,984.0974144541451
37.6699953330561,0.44565627929424895,0.7885959441969559,438.15049592907553
5.243916684915303,9.408651788305606,0.9021318530836779,815.8662390882303
23.169174481992428,4.466156529101619,0.8037781937592259,388.26325662189606
36.16359240418732,0.3993916628386876,0.9089690400129243,164.12592011626464
21.816572094181478,5.015376129670236,0.8178593584010169,751.223624274982
35.64895977995755,1.5640945641113466,0.8795819468598004,348.95029982921994
31.019123875571875,6.470718010145629,0.8144917765684672,633.803068135296
16.645931608823236,4.688324702384268,0.9340968118098679,667.7083515706013
33.14373294841652,8.39046266572209,0.8984830243618307,514.4817957965016
1.9793911388957186,2.3069115087339718,0.8365771817293775,257.818974780609
7.336601498608758,3.9098084084626317,0.9427498572928934,627.0377812750471
15.456682625578884,4.801163418273148,0.7127759006935224,461.22245421691855
8.672032802673407,7.5666894429582605,0.9085672247639982,626.8711683077022
10.75659135742709,7.541549471057626,0.8025359661175671,873.615327902191
2.407441817266888,7.631723284135009,0.7695246791711575,636.2925702203949
37.95063711021388,7.444936586961116,0.8544553780198878,597.0711309578944
13.205961042777982,8.913457716603576,0.7357005932301771,696.4799903065551
22.306735736843027,0.7043228102350051,0.9301401143373119,427.5842858514145
37.073334074557955,6.277283972800625,0.8863716844345689,299.82548878374826
18.572776741646766,8.534514679490684,0.7757756611787237,912.4041482428054
0.0,5.237027730378691,0.7212146356495861,185.78425299272618
27.376618362847378,8.218681896641979,0.8730316768332652,691.01055918632
7.149084278780833,9.358264624495446,0.9370652267313838,733.0259653145072
30.1080880125339,6.7572476688031795,0.94401551398722,856.2163053249933
38.49030946595059,8.665771118197926,0.7981262077472724,360.90969752555543
15.749115601257136,5.876179926489488,0.8668970081336129,119.63196108788952
38.68142147605561,3.06798544302335,0.8632052283000137,52.064640589415276
10.207416542762163,8.968858202164524,0.9481587673405025,345.66770716616406
27.60838680822043,5.057486596581603,0.7163676354761718,468.33257533773525
0.0,8.287755912392276,0.7194499797225169,351.50894107355276
4.757302964099894,8.92794589029414,0.8342290708785307,937.2974552138006
0.0,3.1838978107503695,0.7870492098171856,907.9141283991095
10.233933682775124,8.611328529371288,0.7529026971731925,193.499322852775
8.851544944371044,5.699250458954319,0.8934440012622231,729.7031213277089
31.36617996777456,8.331742721649986,0.8456683066105634,742.5513301278446
31.870549977549747,5.722803050890513,0.9456759105426447,950.9622936478863
33.763479627598635,0.15929496682682856,0.9387974498737282,296.01617132525826
15.203078677594318,2.69367605875868,0.8688936018187592,407.45350504511373
7.689331187025669,9.621483623635003,0.7117139828657183,588.0180249926223
28.793534243145977,7.473326878909248,0.8725773425054715,292.1462597838271
2.8805417001978957,1.770983215805756,0.7222065258231293,87.10313015495072
0.0,9.572012812218084,0.7788974884564073,338.80882652225785
34.516421733071546,9.912872182327227,0.9473729408086269,48.1978385555464
2.1734766718342464,0.11662414737459692,0.9104885010185366,852.1026600090369
9.386794421828665,7.860157193099916,0.7061677397508638,131.77185222932238
3.504284889563716,2.2821612543613705,0.9327738531423957,416.39990592467626
11.71316646405337,7.365223962539635,0.7631341724791965,665.6094658005925
39.11464338022951,4.891777903089512,0.7679757069343949,914.7307689390009
7.20508954221448,1.661108609412561,0.755510019099141,296.43871212928076
16.6417574582431,5.651864413233898,0.7796928593532476,729.6131719026156
10.831204576516566,1.0555292814710495,0.8494382473173498,41.47640042087829
13.869289883919954,9.143626222997645,0.8812315032916191,879.375078085458
39.015409583056865,3.1557161240485323,0.7594464669701606,145.414610881933
8.795773028636015,6.38382529689365,0.8033223540450131,468.29325799221704
9.908926895705804,1.3510090784742188,0.7759700537069529,228.58007381152908
24.86849340652055,4.334142950422714,0.8338849328278293,658.0934205831151
18.577749660503,9.573150388625876,0.881838678609355,218.87117088157635
27.72658602160129,7.241198121646757,0.8619644026894672,658.974471679828
11.644453684452728,7.424121823133627,0.8529138605730863,910.1164811564341
0.0,9.493355896922235,0.7865277946913595,299.35929760230147
8.446081695792854,8.345882326702393,0.8426041108624729,247.50799702915168
10.388790714885529,9.430307767384845,0.9239660229164642,909.7696170541619
17.169481065440614,4.662392736258201,0.8768176157891543,81.55444881597134
19.158817291119384,6.678539731530021,0.9494115076629814,404.11349156593474
31.287423385774968,6.14743338968188,0.8176287545666091,778.8378739362812
0.0,4.016716393794361,0.9056895896363524,353.4214543252046
6.645161366950298,0.3922417118485667,0.8460601743789387,88.00432369626986
13.74501470581193,2.8521093994225803,0.8328680515082177,939.7718680082064
9.058271960406818,5.307134140047701,0.7055489646055124,892.8688658685677
12.635498619445782,8.426875536385252,0.8171355769732216,599.6869833536739
32.46519255152434,6.753951744964306,0.7299149165991878,800.3660519898698
11.734431700331799,8.557729254093397,0.7477757892956579,445.3779325761803
13.017255809966942,4.686720769264895,0.7255436785660071,932.9735296150632
0.0,9.470825372221407,0.8055941812724994,538.8289619025277
19.05052118921939,2.8698629487515452,0.9403007031022461,627.520715441844
21.52389009073262,8.723782137400589,0.9457716485957617,292.9107211039824
10.784251084676809,2.5861677434863894,0.9067949665813775,100.94688956758478
0.0,4.861419046063983,0.8242183530661225,895.1628858503929
8.573644472471303,5.044094431177591,0.7366193095626014,247.64812596632788
1.062642322570128,7.57030785277258,0.7886705339320077,293.7536421312847
23.49560092369363,5.180412418825821,0.7449982287755399,958.3970042792673
19.95116559777946,3.235198292841636,0.7119513455820632,473.2264915902617
35.628750764213876,7.739560082146867,0.7343742688151659,209.55985613736644
26.792727094364505,7.577039889856775,0.8852242372288404,146.20666067425745
28.059404918876808,0.9261629632761953,0.7982595916820255,100.90842987154794
0.0,5.364992717964597,0.7118355094617629,349.63568435527344
39.09286659192727,9.483376201932547,0.8458827658432804,970.4756308267029
16.358234714647377,4.5951203572043005,0.7688738340542165,246.24822462033654
0.0,5.810668514220385,0.9027317988684065,892.9071166321959
8.568469289668576,2.9694136354433844,0.9436395838200015,251.34272495765242
13.262471886510854,7.47664321694612,0.7656869008105869,963.1232361151276
0.9809335424539455,8.500169439462969,0.7631651211130525,378.2804394725048
0.0,0.28671849089605067,0.9401502851974608,84.45836219230976
2.0672917602650895,8.58033220424183,0.9046782213189841,86.14111798157111
23.49343864043291,0.08934998656183746,0.8334171401011723,108.64443553024284
4.560436183122162,9.527778762941677,0.8843893290629736,267.3550249348488
13.547643853121835,2.735444764609677,0.7928351082834942,866.658434605867
9.944546577001697,5.555532161997032,0.8699575636213717,629.6507436280041
21.632945725569208,5.882005356227106,0.935268448488823,364.5922903410576
0.0,6.532391233048126,0.8287982236915606,847.0910755406006
7.485785099848249,8.393115230279314,0.7204363337686058,236.32057246999835
39.225705037116384,2.7819434622842114,0.7408680242483969,605.6082705503475
0.0,2.1503407694103935,0.9392313754911864,920.7582489157593
0.0,2.007917249048284,0.7043264071259336,429.94408913571
33.97333548740927,0.7561671572837242,0.8576453917135388,359.0845739137665
38.53141420662877,8.734368969007882,0.917096174549972,360.6361036342023
0.7799612786932834,5.240909048303304,0.8997511789059438,625.103254873495
19.380894805903406,0.165767402951273,0.7006228442255035,150.3119499031487
2.268320701848553,9.488603852870456,0.7331490653686565,614.0696496592042
12.773522029755876,0.9069519438691055,0.8509904073845224,272.400032297589
23.509612357806887,2.2081004807263236,0.8400313712569445,85.23971321945953
30.575785713944512,2.277700851962101,0.8241411315095362,334.54481504723884
26.940477852965042,8.554044469701157,0.8799159030072365,918.2158417571001
21.885497430517596,7.1692692369219655,0.918457895443851,360.9752482599653
20.30334871631519,8.057315885420598,0.8166654288017829,402.31756649497015
4.393460643731735,8.927653283868692,0.7758781475719958,802.8482823161924
30.076809681525635,1.1471648733892579,0.9091906461196166,281.2829845960221
19.47455047601481,2.6096353015516343,0.7331749260324454,949.740173974871
34.94175490602905,9.047719570192628,0.7393386241127691,737.4121577157933
5.328997308253582,4.941295019796598,0.9291412453410905,184.36859117279477
37.994644609571125,1.0109439948333785,0.7119376389507915,933.6075143516581
7.131936047499248,4.271481584747157,0.9302184708279755,802.4983027277743
0.0,6.394217419441009,0.9112633800416117,436.62025091411965
20.0932062939695,8.592436003448746,0.7121648253145946,873.6262154668136
7.215910116468638,1.537593393819258,0.8101042384870454,902.5199744676664
36.27179760467591,4.66285729377114,0.7216260893883689,787.7118795350542
0.0,9.830945840591554,0.929463255835419,338.50307807646664
9.948642679861305,9.283554213970186,0.8012818473372619,527.7627857215645
17.395912645569815,6.108154938107082,0.8053417922323393,930.2248425060275
5.503144376807062,7.042077483664919,0.8421559435668351,651.8594882797872
23.457316564177706,3.079705068606567,0.7796453431280266,606.0500193623136
34.295424701643185,8.305921757613445,0.8420730842497365,687.7679289160922
19.618441325007517,8.362032453093853,0.7639293315674744,115.12327999942303
8.702159980473752,6.347675433636382,0.9213300172627013,357.49581720700354
8.962977774821809,8.001401676613002,0.7658820339918976,110.39925794620135
13.096952417331591,1.9085918291398487,0.8216354000359553,194.46493809090825
5.607596936454226,6.718355006400771,0.782981762497154,325.0671560430349
0.0,9.538238009940502,0.9143457598038396,396.58353126817735
28.49880578422131,8.731554021945099,0.7909179742489805,176.5563501578048
25.17285987380446,7.63613423344546,0.7553896529972067,565.0431000977745
10.471868841677212,1.347779348606012,0.8673249825007372,307.7383302665587
5.168151198902922,1.210599500751492,0.8778094583581566,166.2491199571882
5.600287459388098,6.312289465583966,0.767200132371258,295.98631455884373
0.0,5.7783046486587475,0.9433661937486674,831.3692185340518
27.39353036989786,9.383534081687179,0.9419074065429316,746.2433419369884
38.190428487156595,8.52802976693756,0.8865728527836851,723.8193275125905
38.87835029523387,1.5691593767715326,0.8369969901371139,385.9135378459921
16.664229082363285,3.359353320730003,0.8111132677185868,470.11821627689363
18.256720114290832,5.4828267453070865,0.848710304312451,400.78108324860193
1.2951798328746777,3.9067726276509527,0.7671896938146654,953.9588016762323
37.47321253989257,6.612938143721132,0.7048461119714667,467.84194912820476
33.869976013342416,5.565136172467608,0.7844414728663642,848.0781162147317
1.8228038484993323,6.961327267908472,0.7419481178965439,110.21179016334673
1.0933484076144442,2.383102963970785,0.7460914670006089,592.5752051225732
39.15344230913883,2.128232163823207,0.8556375977840631,139.66680783535995
10.097874562857829,3.518843854239687,0.8070719965702662,198.85940032343245
9.09320317367191,8.735119952360249,0.7825348970148783,182.3178911054255
0.0,6.9071550801275885,0.9393922756895721,495.4384865398584
0.26744928912339305,7.332112924535502,0.9301679796319531,478.5802271174232
0.0,9.933482679787666,0.7985059513096672,899.9876187856943
24.53197082541431,8.853664342065672,0.8706408971977493,950.0717729757179
27.003475353629483,4.708870073290829,0.918986982584122,463.5439808933447
17.2833700754039,4.0017242245342866,0.890749792016285,356.3676994294143
24.86240722344035,6.1583604071801785,0.7999080630766254,121.24217169606294
0.0,7.3267634919418025,0.8577548946483138,221.46892715681247
13.510487697001365,7.782624792241443,0.7556559143489139,728.1602948122123
10.165734151688696,0.9571975316119712,0.7141880009225223,284.6151902427431
14.708803941651091,3.523546394030682,0.8897268066921771,641.3083313779432
