700 
850 
950 
1075 
1175 
1250 
1425 
1475 
1575 
1750 
scores: [1.078955571444368, 1.6654832248765956, 0.9106790727076941, 0.11078692804574075, 1.7044811401472089, 2.0834045046286462, 1.6961176441950556, 1.7155779165394733, 0.852065413520819, 0.7787535579852829, 2.940608324510322, 2.0723940615557126, 3.5363054855351663, 1.782145085999332, 2.9447355743614096, 1.4072578447504043, 4.181457766357738, 3.8734345533930394, 0.16715740512881894, 1.2164965030443398, 2.095445750544286, 4.235657975544505, 1.3925898379465185, 0.0, 0.0, 15.912223501834532, 27.18931680531537, 1.217566692959167, 2.675684500349746, 5.194260382907032, 0.4889304263089116, 10.283158366264047, 15.805111392819299, 3.4085021641102458, 0.32769829691869745, 17.58883126072817, 41.72776864018243, 8.852782247743221, 0.2107717930213795, 1.260338196574665, 10.992765114438669, 23.560117730191905, 13.108694458178434, 2.4803754439848262, 18.651902272307893, 27.55723432683834, 1.2099117020006815, 5.384412409745778, 26.617603008615106, 18.196002160267426, 0.3278963729773068, 2.9909805675139296, 1.7783028905670335, 1.1382397272466278, 4.636782393085468, 7.186657241332114, 2.047393165584083, 10.652336621782581, 9.562733783229078, 3.1108570595092715, 7.17018197187565, 12.827425701392713, 0.2585031198635761, 2.19413236327307, 2.6095602760410657, 0.9655788441258437, 0.3919940058010525, 4.229364197918471, 10.837334825926916, 0.17944237532549323, 3.0495549532064956, 1.0929659377890175, 1.2796928617584626, 0.7411183296370609, 3.0785019910078972, 0.5910366357388739, 3.2287159773828193]
theta_global: 0.1
window_size: 50, overlap: 0.5, threshold: 6.0
